"","stake","date","name","buy","sell","total"
"1","2834臺企銀","110/08/31","新加坡商瑞銀",58095,14804,43291
"2","2834臺企銀","110/08/31","台灣摩根士丹利",138752,224200,-85448
"3","2834臺企銀","110/08/31","瑞士信貸",40098,11880,28218
"4","2834臺企銀","110/08/31","美林",16181,38669,-22488
"5","2834臺企銀","110/08/31","凱基-台北",24998,6606,18392
"6","2834臺企銀","110/08/31","港商法國興業",11216,33391,-22175
"7","2834臺企銀","110/08/31","摩根大通",37495,20369,17126
"8","2834臺企銀","110/08/31","永豐金證券",227,4552,-4325
"9","2834臺企銀","110/08/31","美商高盛",58399,41472,16927
"10","2834臺企銀","110/08/31","法銀巴黎",2076,6320,-4244
"11","2834臺企銀","110/08/31","港商野村",10074,4570,5504
"12","2834臺企銀","110/08/31","元大證券",1048,5233,-4185
"13","2834臺企銀","110/08/31","國票-長城",5000,0,5000
"14","2834臺企銀","110/08/31","花旗環球",3376,5995,-2619
"15","2834臺企銀","110/08/31","兆豐-寶成",1000,0,1000
"16","2834臺企銀","110/08/31","華南永昌-高雄",24,1662,-1638
"17","2834臺企銀","110/08/31","國泰-台南",609,2,607
"18","2834臺企銀","110/08/31","豐農",1,760,-759
"19","2834臺企銀","110/08/31","彰銀-台中",621,83,538
"20","2834臺企銀","110/08/31","香港上海匯豐",549,1100,-551
"21","2834臺企銀","110/08/31","元大-蘆洲",529,5,524
"22","2834臺企銀","110/08/31","群益金鼎-彰化",59,499,-440
"23","2834臺企銀","110/08/31","富邦-新竹",481,26,455
"24","2834臺企銀","110/08/31","元大-苗栗",7,400,-393
"25","2834臺企銀","110/08/31","群益金鼎-土城",418,0,418
"26","2834臺企銀","110/08/31","凱基-興隆",0,320,-320
"27","2834臺企銀","110/08/31","群益金鼎-萬華",400,0,400
"28","2834臺企銀","110/08/31","日盛證券",442,747,-305
"29","2834臺企銀","110/08/31","元大-復北",404,8,396
"30","2834臺企銀","110/08/31","群益金鼎-板橋",30,325,-295
"31","5511德昌","110/08/31","永豐金-市政",107,0,107
"32","5511德昌","110/08/31","兆豐-台中港",0,80,-80
"33","5511德昌","110/08/31","日盛-新竹",10,0,10
"34","5511德昌","110/08/31","統一",0,10,-10
"35","5511德昌","110/08/31","元大-彰化",10,0,10
"36","5511德昌","110/08/31","致和-崇德",0,10,-10
"37","5511德昌","110/08/31","第一金-台中",8,0,8
"38","5511德昌","110/08/31","凱基-台北",1,10,-9
"39","5511德昌","110/08/31","瑞士信貸",2,0,2
"40","5511德昌","110/08/31","兆豐-台中",0,8,-8
"41","5511德昌","110/08/31","元大-中壢",2,0,2
"42","5511德昌","110/08/31","第一金",0,5,-5
"43","5511德昌","110/08/31","元大-北屯",2,0,2
"44","5511德昌","110/08/31","第一金-大稻埕",0,2,-2
"45","5511德昌","110/08/31","兆豐-南京",1,0,1
"46","5511德昌","110/08/31","元大-員林",0,2,-2
"47","5511德昌","110/08/31","元大-東蘆",1,0,1
"48","5511德昌","110/08/31","華南永昌-麻豆",0,2,-2
"49","5511德昌","110/08/31","永豐金-苓雅",1,0,1
"50","5511德昌","110/08/31","國泰-敦南",0,2,-2
"51","5511德昌","110/08/31","永豐金-新店",1,0,1
"52","5511德昌","110/08/31","康和-仁愛",0,2,-2
"53","5511德昌","110/08/31","台中銀-員林",0,0,0
"54","5511德昌","110/08/31","國票-中和",0,2,-2
"55","5511德昌","110/08/31","中國信託",0,0,0
"56","5511德昌","110/08/31","台新證券",0,1,-1
"57","5511德昌","110/08/31","國泰-台中",0,0,0
"58","5511德昌","110/08/31","國票-天祥",0,1,-1
"59","5511德昌","110/08/31","群益金鼎-鳳山",0,0,0
"60","5511德昌","110/08/31","中國信託-忠孝",0,1,-1
"61","2489瑞軒","110/08/31","瑞士信貸",348,4,344
"62","2489瑞軒","110/08/31","台灣摩根士丹利",17,427,-410
"63","2489瑞軒","110/08/31","美林",278,81,197
"64","2489瑞軒","110/08/31","摩根大通",116,283,-167
"65","2489瑞軒","110/08/31","凱基-台北",133,0,133
"66","2489瑞軒","110/08/31","日盛-嘉義",10,128,-118
"67","2489瑞軒","110/08/31","國泰-敦南",134,46,88
"68","2489瑞軒","110/08/31","第一金-新興",0,84,-84
"69","2489瑞軒","110/08/31","新加坡商瑞銀",89,2,87
"70","2489瑞軒","110/08/31","美商高盛",0,79,-79
"71","2489瑞軒","110/08/31","合庫-桃園",61,3,58
"72","2489瑞軒","110/08/31","元大-樹林",2,80,-78
"73","2489瑞軒","110/08/31","台新-台中",50,0,50
"74","2489瑞軒","110/08/31","元富-四維",3,67,-64
"75","2489瑞軒","110/08/31","元富-潮州",41,0,41
"76","2489瑞軒","110/08/31","永豐金-竹科",0,36,-36
"77","2489瑞軒","110/08/31","新光",42,2,40
"78","2489瑞軒","110/08/31","凱基-城中",0,35,-35
"79","2489瑞軒","110/08/31","合庫-嘉義",30,0,30
"80","2489瑞軒","110/08/31","元富-文心",0,30,-30
"81","2489瑞軒","110/08/31","華南永昌-虎尾",91,61,30
"82","2489瑞軒","110/08/31","富邦-永和",0,30,-30
"83","2489瑞軒","110/08/31","元大-南屯",30,0,30
"84","2489瑞軒","110/08/31","富邦-桃園",0,30,-30
"85","2489瑞軒","110/08/31","元大-龍潭",30,2,28
"86","2489瑞軒","110/08/31","永豐金-大園",1,30,-29
"87","2489瑞軒","110/08/31","元大-楊梅",25,0,25
"88","2489瑞軒","110/08/31","元大-彰化",0,26,-26
"89","2489瑞軒","110/08/31","富邦-羅東",21,0,21
"90","2489瑞軒","110/08/31","(牛牛牛)亞-鑫豐",36,59,-23
"91","2428興勤","110/08/31","元大-南京",18,0,18
"92","2428興勤","110/08/31","瑞士信貸",0,68,-68
"93","2428興勤","110/08/31","凱基-信義",15,0,15
"94","2428興勤","110/08/31","港商麥格理",0,29,-29
"95","2428興勤","110/08/31","兆豐-景美",10,0,10
"96","2428興勤","110/08/31","美林",2,28,-26
"97","2428興勤","110/08/31","凱基-鳳山",10,0,10
"98","2428興勤","110/08/31","摩根大通",9,33,-24
"99","2428興勤","110/08/31","臺銀-金山",8,0,8
"100","2428興勤","110/08/31","元大-西門",0,21,-21
"101","2428興勤","110/08/31","元富-緯城",10,2,8
"102","2428興勤","110/08/31","美商高盛",2,17,-15
"103","2428興勤","110/08/31","港商野村",6,0,6
"104","2428興勤","110/08/31","康和",0,14,-14
"105","2428興勤","110/08/31","凱基-三重",8,2,6
"106","2428興勤","110/08/31","康和-板橋",0,13,-13
"107","2428興勤","110/08/31","凱基-台北",19,13,6
"108","2428興勤","110/08/31","國票-安和",0,12,-12
"109","2428興勤","110/08/31","元大-萬華",6,0,6
"110","2428興勤","110/08/31","富邦證券",0,10,-10
"111","2428興勤","110/08/31","元大-敦南",6,0,6
"112","2428興勤","110/08/31","日盛-景美",1,10,-9
"113","2428興勤","110/08/31","永豐金-板橋",6,0,6
"114","2428興勤","110/08/31","台灣摩根士丹利",7,16,-9
"115","2428興勤","110/08/31","永豐金-中正",6,0,6
"116","2428興勤","110/08/31","永豐金-信義",0,8,-8
"117","2428興勤","110/08/31","第一金-大稻埕",5,0,5
"118","2428興勤","110/08/31","富邦-敦南",1,7,-6
"119","2428興勤","110/08/31","凱基-天母",5,0,5
"120","2428興勤","110/08/31","元大-屏東",0,6,-6
"121","3176基亞","110/08/31","日盛-桃園",27,0,27
"122","3176基亞","110/08/31","富邦-台北",0,126,-126
"123","3176基亞","110/08/31","統一-土城",20,0,20
"124","3176基亞","110/08/31","元大-大益",0,32,-32
"125","3176基亞","110/08/31","富邦-羅東",21,1,20
"126","3176基亞","110/08/31","台灣摩根士丹利",0,9,-9
"127","3176基亞","110/08/31","摩根大通",16,0,16
"128","3176基亞","110/08/31","統一-汐止",0,9,-9
"129","3176基亞","110/08/31","永豐金-北高雄",15,0,15
"130","3176基亞","110/08/31","凱基-湖口",0,9,-9
"131","3176基亞","110/08/31","大慶-苗栗",10,0,10
"132","3176基亞","110/08/31","華南永昌-公誠",1,10,-9
"133","3176基亞","110/08/31","大慶-富順",10,0,10
"134","3176基亞","110/08/31","元富-同大",1,8,-7
"135","3176基亞","110/08/31","台新-左楠",10,0,10
"136","3176基亞","110/08/31","凱基-台北",0,7,-7
"137","3176基亞","110/08/31","華南永昌",11,1,10
"138","3176基亞","110/08/31","元大-士林",1,8,-7
"139","3176基亞","110/08/31","群益金鼎-高雄",8,1,7
"140","3176基亞","110/08/31","元大-新營",0,7,-7
"141","3176基亞","110/08/31","富邦-仁愛",6,0,6
"142","3176基亞","110/08/31","新加坡商瑞銀",2,8,-6
"143","3176基亞","110/08/31","宏遠-中和",5,0,5
"144","3176基亞","110/08/31","中國信託-永康",0,6,-6
"145","3176基亞","110/08/31","元富-草屯",5,0,5
"146","3176基亞","110/08/31","元大-彰化民生",0,6,-6
"147","3176基亞","110/08/31","台新-台中",5,0,5
"148","3176基亞","110/08/31","永豐金-羅東",0,6,-6
"149","3176基亞","110/08/31","群益金鼎-嘉義",5,0,5
"150","3176基亞","110/08/31","國泰-館前",0,5,-5
"151","2409友達","110/08/31","摩根大通",12388,3383,9005
"152","2409友達","110/08/31","香港上海匯豐",651,24651,-24000
"153","2409友達","110/08/31","美林",8491,2090,6401
"154","2409友達","110/08/31","台灣摩根士丹利",4000,24791,-20791
"155","2409友達","110/08/31","合庫證券",5242,27,5215
"156","2409友達","110/08/31","永豐金證券",1612,6074,-4462
"157","2409友達","110/08/31","台灣匯立證券",3859,0,3859
"158","2409友達","110/08/31","花旗環球",81,3901,-3820
"159","2409友達","110/08/31","瑞士信貸",4073,283,3790
"160","2409友達","110/08/31","港商野村",3031,6453,-3422
"161","2409友達","110/08/31","(牛牛牛)亞證券",3233,0,3233
"162","2409友達","110/08/31","元大證券",1580,4157,-2577
"163","2409友達","110/08/31","富邦證券",3021,57,2964
"164","2409友達","110/08/31","凱基-員林",33,2035,-2002
"165","2409友達","110/08/31","新加坡商瑞銀",3845,1353,2492
"166","2409友達","110/08/31","法銀巴黎",348,1702,-1354
"167","2409友達","110/08/31","寶盛",2013,0,2013
"168","2409友達","110/08/31","凱基-東港",507,1794,-1287
"169","2409友達","110/08/31","宏遠-館前",2233,286,1947
"170","2409友達","110/08/31","元大-博愛",54,1174,-1120
"171","2409友達","110/08/31","凱基-台北",4372,2949,1423
"172","2409友達","110/08/31","日盛-中壢",92,1079,-987
"173","2409友達","110/08/31","港商麥格理",1513,297,1216
"174","2409友達","110/08/31","第一金-中壢",129,1071,-942
"175","2409友達","110/08/31","日盛證券",1200,109,1091
"176","2409友達","110/08/31","元大-豐原",85,933,-848
"177","2409友達","110/08/31","美商高盛",2007,1058,949
"178","2409友達","110/08/31","元大-北屯",107,871,-764
"179","2409友達","110/08/31","元富-台南",857,3,854
"180","2409友達","110/08/31","群益金鼎",53,722,-669
"181","1315達新","110/08/31","元大-文心興安",6,0,6
"182","1315達新","110/08/31","花旗環球",0,10,-10
"183","1315達新","110/08/31","美林",8,3,5
"184","1315達新","110/08/31","高橋-龍潭",0,7,-7
"185","1315達新","110/08/31","致和-東門",5,0,5
"186","1315達新","110/08/31","凱基-岡山",0,6,-6
"187","1315達新","110/08/31","豐農",4,0,4
"188","1315達新","110/08/31","華南永昌-彰化",0,5,-5
"189","1315達新","110/08/31","美商高盛",3,0,3
"190","1315達新","110/08/31","台新證券",2,5,-3
"191","1315達新","110/08/31","富邦-永和",3,0,3
"192","1315達新","110/08/31","元大-八德",0,3,-3
"193","1315達新","110/08/31","元大-虎尾",3,0,3
"194","1315達新","110/08/31","新百王",0,2,-2
"195","1315達新","110/08/31","元大-花蓮",3,0,3
"196","1315達新","110/08/31","兆豐-公益",0,2,-2
"197","1315達新","110/08/31","第一金-豐原",2,0,2
"198","1315達新","110/08/31","國泰-敦南",2,4,-2
"199","1315達新","110/08/31","玉山證券",2,0,2
"200","1315達新","110/08/31","元大-萬華",0,2,-2
"201","1315達新","110/08/31","群益金鼎-新莊",2,0,2
"202","1315達新","110/08/31","永豐金-中正",0,2,-2
"203","1315達新","110/08/31","永豐金-敦南",2,0,2
"204","1315達新","110/08/31","元富-虎尾",0,1,-1
"205","1315達新","110/08/31","港商法國興業",1,0,1
"206","1315達新","110/08/31","元富-文心",0,1,-1
"207","1315達新","110/08/31","亞東-板橋",1,0,1
"208","1315達新","110/08/31","凱基-桃園",0,1,-1
"209","1315達新","110/08/31","兆豐-台南",1,0,1
"210","1315達新","110/08/31","華南永昌-長虹",0,1,-1
"211","2609陽明","110/08/31","港商麥格理",2365,7,2358
"212","2609陽明","110/08/31","康和",70,7383,-7313
"213","2609陽明","110/08/31","台灣摩根士丹利",4559,2270,2289
"214","2609陽明","110/08/31","永豐金-信義",20,3830,-3810
"215","2609陽明","110/08/31","美林",2036,829,1207
"216","2609陽明","110/08/31","兆豐-大安",19,3214,-3195
"217","2609陽明","110/08/31","花旗環球",810,24,786
"218","2609陽明","110/08/31","瑞士信貸",1526,3530,-2004
"219","2609陽明","110/08/31","新光-新竹",962,211,751
"220","2609陽明","110/08/31","新加坡商瑞銀",576,2446,-1870
"221","2609陽明","110/08/31","統一-新台中",578,32,546
"222","2609陽明","110/08/31","凱基-台北",2645,4077,-1432
"223","2609陽明","110/08/31","港商法國興業",519,8,511
"224","2609陽明","110/08/31","富邦證券",1404,2833,-1429
"225","2609陽明","110/08/31","元富",539,140,399
"226","2609陽明","110/08/31","兆豐-三民",57,1026,-969
"227","2609陽明","110/08/31","國泰-敦南",1724,1347,377
"228","2609陽明","110/08/31","統一-仁愛",926,1805,-879
"229","2609陽明","110/08/31","新光",1890,1520,370
"230","2609陽明","110/08/31","華南永昌-南京",240,691,-451
"231","2609陽明","110/08/31","第一金-桃園",429,100,329
"232","2609陽明","110/08/31","日盛-文化",21,458,-437
"233","2609陽明","110/08/31","陽信-石牌",350,48,302
"234","2609陽明","110/08/31","群益金鼎-大安",58,418,-360
"235","2609陽明","110/08/31","凱基-民權",278,21,257
"236","2609陽明","110/08/31","台新-三民",90,446,-356
"237","2609陽明","110/08/31","華南永昌-台中",339,92,247
"238","2609陽明","110/08/31","日盛證券",155,503,-348
"239","2609陽明","110/08/31","摩根大通",2595,2358,237
"240","2609陽明","110/08/31","元大證券",1007,1299,-292
"241","2636台驊投控","110/08/31","群益金鼎-敦南",149,2,147
"242","2636台驊投控","110/08/31","日盛-台中",3,200,-197
"243","2636台驊投控","110/08/31","亞東",137,3,134
"244","2636台驊投控","110/08/31","統一-新台中",0,165,-165
"245","2636台驊投控","110/08/31","臺銀-高雄",94,4,90
"246","2636台驊投控","110/08/31","美商高盛",8,140,-132
"247","2636台驊投控","110/08/31","宏遠-館前",52,0,52
"248","2636台驊投控","110/08/31","瑞士信貸",89,213,-124
"249","2636台驊投控","110/08/31","群益金鼎-古亭",44,4,40
"250","2636台驊投控","110/08/31","富邦-虎尾",5,105,-100
"251","2636台驊投控","110/08/31","永豐金-敦南",41,3,38
"252","2636台驊投控","110/08/31","新加坡商瑞銀",11,71,-60
"253","2636台驊投控","110/08/31","永豐金-大園",35,0,35
"254","2636台驊投控","110/08/31","台灣摩根士丹利",43,101,-58
"255","2636台驊投控","110/08/31","港商野村",372,343,29
"256","2636台驊投控","110/08/31","凱基-台北",166,200,-34
"257","2636台驊投控","110/08/31","凱基-桃園",28,3,25
"258","2636台驊投控","110/08/31","凱基-中山",0,30,-30
"259","2636台驊投控","110/08/31","凱基-南崁",25,1,24
"260","2636台驊投控","110/08/31","台新-台南",5,33,-28
"261","2636台驊投控","110/08/31","新光",67,46,21
"262","2636台驊投控","110/08/31","日盛-復興",3,26,-23
"263","2636台驊投控","110/08/31","台灣企銀-岡山",20,0,20
"264","2636台驊投控","110/08/31","凱基-高美館",9,31,-22
"265","2636台驊投控","110/08/31","合庫-自強",24,5,19
"266","2636台驊投控","110/08/31","第一金-桃園",8,28,-20
"267","2636台驊投控","110/08/31","元大-東門",20,1,19
"268","2636台驊投控","110/08/31","摩根大通",67,87,-20
"269","2636台驊投控","110/08/31","康和-石牌",16,0,16
"270","2636台驊投控","110/08/31","永豐金-台南",3,23,-20
"271","2867三商壽","110/08/31","美商高盛",202,34,168
"272","2867三商壽","110/08/31","摩根大通",159,436,-277
"273","2867三商壽","110/08/31","統一-平鎮",160,1,159
"274","2867三商壽","110/08/31","凱基-台北",66,209,-143
"275","2867三商壽","110/08/31","兆豐-岡山",110,0,110
"276","2867三商壽","110/08/31","新光-新竹",0,101,-101
"277","2867三商壽","110/08/31","元富-佳里",106,0,106
"278","2867三商壽","110/08/31","富邦-三重",0,91,-91
"279","2867三商壽","110/08/31","玉山-城中",100,0,100
"280","2867三商壽","110/08/31","元大-太平",0,85,-85
"281","2867三商壽","110/08/31","凱基-南崁",100,0,100
"282","2867三商壽","110/08/31","元大-永春",0,75,-75
"283","2867三商壽","110/08/31","瑞士信貸",98,1,97
"284","2867三商壽","110/08/31","美林",65,116,-51
"285","2867三商壽","110/08/31","華南永昌-朴子",80,0,80
"286","2867三商壽","110/08/31","玉山-台大",0,50,-50
"287","2867三商壽","110/08/31","凱基",73,0,73
"288","2867三商壽","110/08/31","永豐金-新莊",0,50,-50
"289","2867三商壽","110/08/31","元大-沙鹿",70,0,70
"290","2867三商壽","110/08/31","永豐金-市政",0,50,-50
"291","2867三商壽","110/08/31","元富-大昌",57,0,57
"292","2867三商壽","110/08/31","港商野村",27,72,-45
"293","2867三商壽","110/08/31","國泰-台中",64,10,54
"294","2867三商壽","110/08/31","宏遠-台中",0,39,-39
"295","2867三商壽","110/08/31","凱基-高雄",50,0,50
"296","2867三商壽","110/08/31","宏遠證券",0,38,-38
"297","2867三商壽","110/08/31","元大-桃園",50,0,50
"298","2867三商壽","110/08/31","新光",22,55,-33
"299","2867三商壽","110/08/31","華南永昌",46,2,44
"300","2867三商壽","110/08/31","元大-開元",0,33,-33
"301","5521工信","110/08/31","國票-敦北法人",411,0,411
"302","5521工信","110/08/31","凱基-台北",144,477,-333
"303","5521工信","110/08/31","光和-溪湖",150,0,150
"304","5521工信","110/08/31","永豐金證券",0,200,-200
"305","5521工信","110/08/31","元富",124,0,124
"306","5521工信","110/08/31","港商野村",0,166,-166
"307","5521工信","110/08/31","摩根大通",151,57,94
"308","5521工信","110/08/31","統一-員林",0,70,-70
"309","5521工信","110/08/31","富邦-員林",68,0,68
"310","5521工信","110/08/31","台新-台中",0,62,-62
"311","5521工信","110/08/31","元富-板橋",66,0,66
"312","5521工信","110/08/31","永豐金-中正",0,50,-50
"313","5521工信","110/08/31","第一金-新竹",40,4,36
"314","5521工信","110/08/31","群益金鼎-基隆",0,34,-34
"315","5521工信","110/08/31","新百王",32,0,32
"316","5521工信","110/08/31","美商高盛",0,33,-33
"317","5521工信","110/08/31","(牛牛牛)亞-鑫豐",32,6,26
"318","5521工信","110/08/31","元大-台中",0,30,-30
"319","5521工信","110/08/31","群益金鼎-大甲",21,0,21
"320","5521工信","110/08/31","元大-南屯",10,35,-25
"321","5521工信","110/08/31","華南永昌",36,15,21
"322","5521工信","110/08/31","國泰-新莊",0,21,-21
"323","5521工信","110/08/31","康和-澎湖",20,0,20
"324","5521工信","110/08/31","元大-六合",0,20,-20
"325","5521工信","110/08/31","元大-佳里",20,0,20
"326","5521工信","110/08/31","國泰-台中",1,20,-19
"327","5521工信","110/08/31","元大-沙鹿",19,0,19
"328","5521工信","110/08/31","富邦-高雄",0,19,-19
"329","5521工信","110/08/31","元富-基隆",15,0,15
"330","5521工信","110/08/31","元大-斗六",1,20,-19
"331","1471首利","110/08/31","永豐金-員林",25,0,25
"332","1471首利","110/08/31","群益金鼎-東大",0,51,-51
"333","1471首利","110/08/31","大昌-桃園",20,0,20
"334","1471首利","110/08/31","元大-清水",5,40,-35
"335","1471首利","110/08/31","華南永昌-中正",20,0,20
"336","1471首利","110/08/31","臺銀",0,32,-32
"337","1471首利","110/08/31","臺銀-臺中",15,0,15
"338","1471首利","110/08/31","凱基-科園",0,32,-32
"339","1471首利","110/08/31","大慶-富順",15,0,15
"340","1471首利","110/08/31","元大-台南",0,30,-30
"341","1471首利","110/08/31","台新-松江",15,0,15
"342","1471首利","110/08/31","富邦-陽明",0,16,-16
"343","1471首利","110/08/31","港商法國興業",13,0,13
"344","1471首利","110/08/31","凱基-台北",0,13,-13
"345","1471首利","110/08/31","瑞士信貸",11,0,11
"346","1471首利","110/08/31","元大-竹科",0,11,-11
"347","1471首利","110/08/31","日盛-鳳山",10,0,10
"348","1471首利","110/08/31","美林",3,10,-7
"349","1471首利","110/08/31","富邦-中壢",10,0,10
"350","1471首利","110/08/31","玉山-大里",0,7,-7
"351","1471首利","110/08/31","元大-中壢",10,0,10
"352","1471首利","110/08/31","元富-安南",0,6,-6
"353","1471首利","110/08/31","元大-板橋",10,0,10
"354","1471首利","110/08/31","大昌-新店",0,6,-6
"355","1471首利","110/08/31","台新-左楠",9,0,9
"356","1471首利","110/08/31","元大-斗信",0,6,-6
"357","1471首利","110/08/31","永豐金-三重",9,0,9
"358","1471首利","110/08/31","元大-花蓮",0,5,-5
"359","1471首利","110/08/31","國泰-台南",10,2,8
"360","1471首利","110/08/31","永豐金-高雄",5,10,-5
"361","2883開發金","110/08/31","新加坡商瑞銀",5199,2017,3182
"362","2883開發金","110/08/31","香港上海匯豐",0,10048,-10048
"363","2883開發金","110/08/31","亞東-新竹",2900,216,2684
"364","2883開發金","110/08/31","元大證券",555,10482,-9927
"365","2883開發金","110/08/31","瑞士信貸",2653,204,2449
"366","2883開發金","110/08/31","第一金-忠孝",133,1540,-1407
"367","2883開發金","110/08/31","台灣摩根士丹利",4184,2771,1413
"368","2883開發金","110/08/31","摩根大通",1383,2786,-1403
"369","2883開發金","110/08/31","富邦-永和",1249,146,1103
"370","2883開發金","110/08/31","永豐金-板橋",5,1306,-1301
"371","2883開發金","110/08/31","花旗環球",1908,911,997
"372","2883開發金","110/08/31","國票-南京",5,1035,-1030
"373","2883開發金","110/08/31","華南永昌-竹北",859,18,841
"374","2883開發金","110/08/31","兆豐-三民",41,997,-956
"375","2883開發金","110/08/31","元大-大灣",824,39,785
"376","2883開發金","110/08/31","福勝",4,402,-398
"377","2883開發金","110/08/31","日盛-台中",640,8,632
"378","2883開發金","110/08/31","第一金-豐原",12,403,-391
"379","2883開發金","110/08/31","港商法國興業",564,0,564
"380","2883開發金","110/08/31","國泰-館前",102,484,-382
"381","2883開發金","110/08/31","元富",795,258,537
"382","2883開發金","110/08/31","兆豐-內湖",5,375,-370
"383","2883開發金","110/08/31","國票-長城",507,4,503
"384","2883開發金","110/08/31","法銀巴黎",154,513,-359
"385","2883開發金","110/08/31","台灣企銀-竹北",500,0,500
"386","2883開發金","110/08/31","統一",112,468,-356
"387","2883開發金","110/08/31","華南永昌-中正",628,130,498
"388","2883開發金","110/08/31","兆豐-桃園",87,435,-348
"389","2883開發金","110/08/31","富邦-台中",456,40,416
"390","2883開發金","110/08/31","富邦-仁愛",106,418,-312
"391","6205詮欣","110/08/31","港商法國興業",13,0,13
"392","6205詮欣","110/08/31","元大-中和",0,35,-35
"393","6205詮欣","110/08/31","華南永昌-長虹",10,0,10
"394","6205詮欣","110/08/31","台新證券",0,6,-6
"395","6205詮欣","110/08/31","瑞士信貸",4,0,4
"396","6205詮欣","110/08/31","玉山-左營",0,3,-3
"397","6205詮欣","110/08/31","統一-屏東",3,0,3
"398","6205詮欣","110/08/31","群益金鼎-三重",0,2,-2
"399","6205詮欣","110/08/31","台中銀",3,0,3
"400","6205詮欣","110/08/31","元大-汐止",0,2,-2
"401","6205詮欣","110/08/31","元大-民雄",3,0,3
"402","6205詮欣","110/08/31","日盛-台中",0,1,-1
"403","6205詮欣","110/08/31","臺銀-民權",2,0,2
"404","6205詮欣","110/08/31","美商高盛",0,1,-1
"405","6205詮欣","110/08/31","國票-中和",2,0,2
"406","6205詮欣","110/08/31","花旗環球",0,1,-1
"407","6205詮欣","110/08/31","摩根大通",4,2,2
"408","6205詮欣","110/08/31","國票-博愛",0,1,-1
"409","6205詮欣","110/08/31","康和-板橋",2,0,2
"410","6205詮欣","110/08/31","凱基-和平",0,1,-1
"411","6205詮欣","110/08/31","富邦-苗栗",2,0,2
"412","6205詮欣","110/08/31","富邦-陽明",0,1,-1
"413","6205詮欣","110/08/31","美林",1,0,1
"414","6205詮欣","110/08/31","臺銀-高雄",0,0,0
"415","6205詮欣","110/08/31","第一金-大稻埕",1,0,1
"416","6205詮欣","110/08/31","元大-大里",1,1,0
"417","6205詮欣","110/08/31","第一金-路竹",1,0,1
"418","6205詮欣","110/08/31","",NA,NA,NA
"419","6205詮欣","110/08/31","元富-桃園",1,0,1
"420","6205詮欣","110/08/31","",NA,NA,NA
"421","1540喬福","110/08/31","日盛-樹林",5,0,5
"422","1540喬福","110/08/31","富邦-中壢",0,19,-19
"423","1540喬福","110/08/31","安泰",5,0,5
"424","1540喬福","110/08/31","日盛-南京",0,6,-6
"425","1540喬福","110/08/31","凱基-中壢",4,0,4
"426","1540喬福","110/08/31","富邦-虎尾",0,4,-4
"427","1540喬福","110/08/31","新光-台南",4,0,4
"428","1540喬福","110/08/31","元富-中原",0,2,-2
"429","1540喬福","110/08/31","土銀-新竹",2,0,2
"430","1540喬福","110/08/31","美林",0,1,-1
"431","1540喬福","110/08/31","元大-東蘆",2,0,2
"432","1540喬福","110/08/31","美商高盛",0,1,-1
"433","1540喬福","110/08/31","富邦-高雄",2,0,2
"434","1540喬福","110/08/31","花旗環球",0,1,-1
"435","1540喬福","110/08/31","凱基-斗六",2,0,2
"436","1540喬福","110/08/31","元富",0,1,-1
"437","1540喬福","110/08/31","合庫證券",2,0,2
"438","1540喬福","110/08/31","康和-板橋",0,1,-1
"439","1540喬福","110/08/31","群益金鼎-永和",2,0,2
"440","1540喬福","110/08/31","元富-中港",0,0,0
"441","1540喬福","110/08/31","國泰-忠孝",1,0,1
"442","1540喬福","110/08/31","致和-南京",2,2,0
"443","1540喬福","110/08/31","凱基",1,0,1
"444","1540喬福","110/08/31","凱基-竹北",0,0,0
"445","1540喬福","110/08/31","台新證券",1,0,1
"446","1540喬福","110/08/31","凱基-竹科",0,0,0
"447","1540喬福","110/08/31","國票-台南",1,0,1
"448","1540喬福","110/08/31","元大-內湖",0,0,0
"449","1540喬福","110/08/31","大昌",1,0,1
"450","1540喬福","110/08/31","永豐金-中盛",0,0,0
"451","2888新光金","110/08/31","元大證券",14689,281,14408
"452","2888新光金","110/08/31","美商高盛",230,8929,-8699
"453","2888新光金","110/08/31","元大-館前",3112,34,3078
"454","2888新光金","110/08/31","美林",3678,9122,-5444
"455","2888新光金","110/08/31","日盛-台中",2979,11,2968
"456","2888新光金","110/08/31","亞東-新竹",30,4195,-4165
"457","2888新光金","110/08/31","國泰-台南",1886,83,1803
"458","2888新光金","110/08/31","凱基-台北",1467,5223,-3756
"459","2888新光金","110/08/31","台灣摩根士丹利",5981,4550,1431
"460","2888新光金","110/08/31","群益金鼎-崇德",14,2881,-2867
"461","2888新光金","110/08/31","元大-大益",1444,45,1399
"462","2888新光金","110/08/31","國票-南京",2,2505,-2503
"463","2888新光金","110/08/31","兆豐-寶成",1436,61,1375
"464","2888新光金","110/08/31","元富-城東",28,2075,-2047
"465","2888新光金","110/08/31","瑞士信貸",2357,1139,1218
"466","2888新光金","110/08/31","永豐金證券",197,2020,-1823
"467","2888新光金","110/08/31","群益金鼎-彰化",1186,35,1151
"468","2888新光金","110/08/31","摩根大通",2340,4119,-1779
"469","2888新光金","110/08/31","兆豐-台中港",1205,99,1106
"470","2888新光金","110/08/31","合庫證券",149,1703,-1554
"471","2888新光金","110/08/31","(牛牛牛)亞-網路",1107,27,1080
"472","2888新光金","110/08/31","元富-文心",22,1493,-1471
"473","2888新光金","110/08/31","元大-豐原",1491,544,947
"474","2888新光金","110/08/31","港商野村",288,1540,-1252
"475","2888新光金","110/08/31","臺銀-金山",865,125,740
"476","2888新光金","110/08/31","新加坡商瑞銀",1936,3101,-1165
"477","2888新光金","110/08/31","元大-中壢",913,195,718
"478","2888新光金","110/08/31","統一-新台中",54,1199,-1145
"479","2888新光金","110/08/31","合庫-嘉義",740,74,666
"480","2888新光金","110/08/31","華南永昌-台中",66,1192,-1126
"481","1340勝悅","110/08/31","美林",11,1,10
"482","1340勝悅","110/08/31","台中銀",0,15,-15
"483","1340勝悅","110/08/31","日盛-忠孝",7,0,7
"484","1340勝悅","110/08/31","安泰",0,8,-8
"485","1340勝悅","110/08/31","臺灣企銀-埔墘",5,0,5
"486","1340勝悅","110/08/31","摩根大通",0,6,-6
"487","1340勝悅","110/08/31","瑞士信貸",5,0,5
"488","1340勝悅","110/08/31","第一金-豐原",0,5,-5
"489","1340勝悅","110/08/31","永豐金-三重",5,0,5
"490","1340勝悅","110/08/31","元富-世貿",0,5,-5
"491","1340勝悅","110/08/31","美商高盛",3,0,3
"492","1340勝悅","110/08/31","國票-台東",0,5,-5
"493","1340勝悅","110/08/31","玉山-左營",3,0,3
"494","1340勝悅","110/08/31","永豐金-南投",0,5,-5
"495","1340勝悅","110/08/31","國泰-敦南",3,0,3
"496","1340勝悅","110/08/31","富邦-台中",0,4,-4
"497","1340勝悅","110/08/31","元大-松江",3,0,3
"498","1340勝悅","110/08/31","玉山-板橋",0,3,-3
"499","1340勝悅","110/08/31","新光",2,0,2
"500","1340勝悅","110/08/31","元大-彰化民生",0,3,-3
"501","1340勝悅","110/08/31","群益金鼎-崇德",2,0,2
"502","1340勝悅","110/08/31","(牛牛牛)亞-鑫豐",8,10,-2
"503","1340勝悅","110/08/31","元大-東泰",2,0,2
"504","1340勝悅","110/08/31","元大-竹山",0,2,-2
"505","1340勝悅","110/08/31","國泰-新莊",1,0,1
"506","1340勝悅","110/08/31","第一金-新竹",0,1,-1
"507","1340勝悅","110/08/31","群益金鼎-高盛",1,0,1
"508","1340勝悅","110/08/31","凱基-竹北",0,1,-1
"509","1340勝悅","110/08/31","群益金鼎-館前",1,0,1
"510","1340勝悅","110/08/31","統一-城中",0,0,0
"511","6246臺龍","110/08/31","元富-宜蘭",13,0,13
"512","6246臺龍","110/08/31","華南永昌-頭份",0,20,-20
"513","6246臺龍","110/08/31","國票-桃園",6,0,6
"514","6246臺龍","110/08/31","致和-台北",0,14,-14
"515","6246臺龍","110/08/31","凱基-台北",5,0,5
"516","6246臺龍","110/08/31","元大-博愛",0,7,-7
"517","6246臺龍","110/08/31","國票-敦北法人",4,0,4
"518","6246臺龍","110/08/31","群益金鼎-古亭",0,5,-5
"519","6246臺龍","110/08/31","台新-屏東",3,0,3
"520","6246臺龍","110/08/31","合庫-西台中",0,3,-3
"521","6246臺龍","110/08/31","日盛-內湖",2,0,2
"522","6246臺龍","110/08/31","群益金鼎-土城",0,3,-3
"523","6246臺龍","110/08/31","日盛-大墩",2,0,2
"524","6246臺龍","110/08/31","第一金-自由",0,2,-2
"525","6246臺龍","110/08/31","元富-屏東",2,0,2
"526","6246臺龍","110/08/31","台新證券",1,3,-2
"527","6246臺龍","110/08/31","凱基-桃園",2,0,2
"528","6246臺龍","110/08/31","台新-三民",0,2,-2
"529","6246臺龍","110/08/31","華南永昌",2,0,2
"530","6246臺龍","110/08/31","凱基-東門",0,2,-2
"531","6246臺龍","110/08/31","元大-豐原站前",2,0,2
"532","6246臺龍","110/08/31","元大-府城",0,2,-2
"533","6246臺龍","110/08/31","元大-小港",2,0,2
"534","6246臺龍","110/08/31","永豐金-新竹",0,2,-2
"535","6246臺龍","110/08/31","元大-北屯",2,0,2
"536","6246臺龍","110/08/31","日盛證券",0,1,-1
"537","6246臺龍","110/08/31","日盛-新莊",1,0,1
"538","6246臺龍","110/08/31","港商野村",0,1,-1
"539","6246臺龍","110/08/31","元富-安南",1,0,1
"540","6246臺龍","110/08/31","元大-沙鹿",0,1,-1
"541","00715L期街口布蘭特正2","110/08/31","永豐金證券",4504,25,4479
"542","00715L期街口布蘭特正2","110/08/31","元大-斗六",0,1401,-1401
"543","00715L期街口布蘭特正2","110/08/31","元大證券",4224,444,3780
"544","00715L期街口布蘭特正2","110/08/31","永豐金-台中",20,970,-950
"545","00715L期街口布蘭特正2","110/08/31","國票",2499,0,2499
"546","00715L期街口布蘭特正2","110/08/31","凱基-高美館",0,746,-746
"547","00715L期街口布蘭特正2","110/08/31","群益金鼎",1981,0,1981
"548","00715L期街口布蘭特正2","110/08/31","兆豐-中壢",0,737,-737
"549","00715L期街口布蘭特正2","110/08/31","元富",1195,0,1195
"550","00715L期街口布蘭特正2","110/08/31","群益金鼎-中壢",0,573,-573
"551","00715L期街口布蘭特正2","110/08/31","國票-中港",1000,0,1000
"552","00715L期街口布蘭特正2","110/08/31","富邦-彰化",100,606,-506
"553","00715L期街口布蘭特正2","110/08/31","凱基-城中",1001,35,966
"554","00715L期街口布蘭特正2","110/08/31","元大-金門",0,475,-475
"555","00715L期街口布蘭特正2","110/08/31","康和",959,0,959
"556","00715L期街口布蘭特正2","110/08/31","凱基-高雄",0,431,-431
"557","00715L期街口布蘭特正2","110/08/31","統一",886,0,886
"558","00715L期街口布蘭特正2","110/08/31","新光",43,382,-339
"559","00715L期街口布蘭特正2","110/08/31","凱基-台北",684,0,684
"560","00715L期街口布蘭特正2","110/08/31","元富-文心",21,341,-320
"561","00715L期街口布蘭特正2","110/08/31","群益金鼎-宜蘭",653,7,646
"562","00715L期街口布蘭特正2","110/08/31","富邦-嘉義",5,316,-311
"563","00715L期街口布蘭特正2","110/08/31","永豐金-三重",625,0,625
"564","00715L期街口布蘭特正2","110/08/31","新光-桃園",42,339,-297
"565","00715L期街口布蘭特正2","110/08/31","合庫證券",605,10,595
"566","00715L期街口布蘭特正2","110/08/31","台新-台南",0,290,-290
"567","00715L期街口布蘭特正2","110/08/31","兆豐-台中",502,0,502
"568","00715L期街口布蘭特正2","110/08/31","富邦-中壢",0,284,-284
"569","00715L期街口布蘭特正2","110/08/31","台新-松江",500,0,500
"570","00715L期街口布蘭特正2","110/08/31","台中銀-豐原",5,265,-260
"571","8941關中","110/08/31","元大-金華",3,0,3
"572","8941關中","110/08/31","臺銀-新竹",0,3,-3
"573","8941關中","110/08/31","永豐金-三重",3,0,3
"574","8941關中","110/08/31","富邦-仁愛",0,2,-2
"575","8941關中","110/08/31","國泰-新莊",2,0,2
"576","8941關中","110/08/31","統一-彰化",0,1,-1
"577","8941關中","110/08/31","富邦-左營",0,0,0
"578","8941關中","110/08/31","凱基-台北",0,1,-1
"579","8941關中","110/08/31","元大-桃興",1,1,0
"580","8941關中","110/08/31","元大-路竹",0,1,-1
"581","8941關中","110/08/31","永豐金-南投",0,0,0
"582","8941關中","110/08/31","富邦-左營",0,0,0
"583","8941關中","110/08/31","",NA,NA,NA
"584","8941關中","110/08/31","元大-桃興",1,1,0
"585","8941關中","110/08/31","",NA,NA,NA
"586","8941關中","110/08/31","永豐金-南投",0,0,0
"587","8941關中","110/08/31","",NA,NA,NA
"588","8941關中","110/08/31","",NA,NA,NA
"589","8941關中","110/08/31","",NA,NA,NA
"590","8941關中","110/08/31","",NA,NA,NA
"591","8941關中","110/08/31","",NA,NA,NA
"592","8941關中","110/08/31","",NA,NA,NA
"593","8941關中","110/08/31","",NA,NA,NA
"594","8941關中","110/08/31","",NA,NA,NA
"595","8941關中","110/08/31","",NA,NA,NA
"596","8941關中","110/08/31","",NA,NA,NA
"597","8941關中","110/08/31","",NA,NA,NA
"598","8941關中","110/08/31","",NA,NA,NA
"599","8941關中","110/08/31","",NA,NA,NA
"600","8941關中","110/08/31","",NA,NA,NA
"601","8936國統","110/08/31","摩根大通",222,7,215
"602","8936國統","110/08/31","永豐金-高雄",0,100,-100
"603","8936國統","110/08/31","台灣摩根士丹利",152,0,152
"604","8936國統","110/08/31","台新-高雄",75,147,-72
"605","8936國統","110/08/31","美商高盛",153,3,150
"606","8936國統","110/08/31","統一-金門",0,45,-45
"607","8936國統","110/08/31","華南永昌-高雄",142,12,130
"608","8936國統","110/08/31","凱基-信義",1,30,-29
"609","8936國統","110/08/31","新加坡商瑞銀",83,9,74
"610","8936國統","110/08/31","新光-高雄",6,33,-27
"611","8936國統","110/08/31","港商野村",62,4,58
"612","8936國統","110/08/31","元大-天母",2,26,-24
"613","8936國統","110/08/31","永豐金-彰化",50,20,30
"614","8936國統","110/08/31","元大-博愛",1,23,-22
"615","8936國統","110/08/31","元富-敦南",19,0,19
"616","8936國統","110/08/31","元大-員林",0,20,-20
"617","8936國統","110/08/31","凱基-台北",90,71,19
"618","8936國統","110/08/31","元大-佳里",0,19,-19
"619","8936國統","110/08/31","富邦-員林",20,4,16
"620","8936國統","110/08/31","國泰-高雄",0,18,-18
"621","8936國統","110/08/31","日盛-豐原",15,0,15
"622","8936國統","110/08/31","國泰-敦南",6,23,-17
"623","8936國統","110/08/31","瑞士信貸",15,0,15
"624","8936國統","110/08/31","富邦-羅東",0,16,-16
"625","8936國統","110/08/31","第一金-華江",15,0,15
"626","8936國統","110/08/31","凱基-員林",0,15,-15
"627","8936國統","110/08/31","美林",15,1,14
"628","8936國統","110/08/31","新光-桃園",0,12,-12
"629","8936國統","110/08/31","玉山-高雄",16,3,13
"630","8936國統","110/08/31","台新-左楠",0,11,-11
"631","6226光鼎","110/08/31","美商高盛",617,39,578
"632","6226光鼎","110/08/31","國泰-敦南",37,130,-93
"633","6226光鼎","110/08/31","港商野村",256,59,197
"634","6226光鼎","110/08/31","元大-員林中山",5,81,-76
"635","6226光鼎","110/08/31","美林",201,59,142
"636","6226光鼎","110/08/31","宏遠-光隆",0,65,-65
"637","6226光鼎","110/08/31","摩根大通",166,78,88
"638","6226光鼎","110/08/31","新光",21,75,-54
"639","6226光鼎","110/08/31","群益金鼎-鳳山",91,3,88
"640","6226光鼎","110/08/31","永全-南崁",0,40,-40
"641","6226光鼎","110/08/31","亞東-高雄",60,0,60
"642","6226光鼎","110/08/31","群益金鼎-忠孝",3,40,-37
"643","6226光鼎","110/08/31","新加坡商瑞銀",44,4,40
"644","6226光鼎","110/08/31","台新證券",11,47,-36
"645","6226光鼎","110/08/31","凱基-台北",45,15,30
"646","6226光鼎","110/08/31","凱基-中山",0,36,-36
"647","6226光鼎","110/08/31","元大-新竹經國",31,1,30
"648","6226光鼎","110/08/31","元大-大灣",0,34,-34
"649","6226光鼎","110/08/31","兆豐-松德",27,0,27
"650","6226光鼎","110/08/31","元大-東泰",0,33,-33
"651","6226光鼎","110/08/31","日盛-員林",29,3,26
"652","6226光鼎","110/08/31","日盛-八德",11,42,-31
"653","6226光鼎","110/08/31","元大-小港",29,3,26
"654","6226光鼎","110/08/31","元富-城中",0,30,-30
"655","6226光鼎","110/08/31","新光-台中",25,4,21
"656","6226光鼎","110/08/31","永豐金-台中",3,33,-30
"657","6226光鼎","110/08/31","群益金鼎-土城",20,0,20
"658","6226光鼎","110/08/31","群益金鼎-中壢",1,27,-26
"659","6226光鼎","110/08/31","華南永昌-台中",30,10,20
"660","6226光鼎","110/08/31","元大-北港",0,26,-26
"661","2363矽統","110/08/31","康和-台中",674,11,663
"662","2363矽統","110/08/31","瑞士信貸",0,1792,-1792
"663","2363矽統","110/08/31","台灣摩根士丹利",210,10,200
"664","2363矽統","110/08/31","凱基-台北",886,1639,-753
"665","2363矽統","110/08/31","國泰-敦南",360,168,192
"666","2363矽統","110/08/31","第一金-桃園",22,620,-598
"667","2363矽統","110/08/31","元大-前金",267,89,178
"668","2363矽統","110/08/31","港商野村",242,834,-592
"669","2363矽統","110/08/31","元大-大統",166,14,152
"670","2363矽統","110/08/31","凱基-站前",85,565,-480
"671","2363矽統","110/08/31","日盛-中和",139,8,131
"672","2363矽統","110/08/31","國票-南港",2,409,-407
"673","2363矽統","110/08/31","陽信-石牌",141,18,123
"674","2363矽統","110/08/31","元大-承德",5,402,-397
"675","2363矽統","110/08/31","第一金-新竹",399,286,113
"676","2363矽統","110/08/31","台新-新莊",15,308,-293
"677","2363矽統","110/08/31","國票-博愛",111,3,108
"678","2363矽統","110/08/31","兆豐-公益",9,223,-214
"679","2363矽統","110/08/31","元大-士林",119,12,107
"680","2363矽統","110/08/31","第一金-豐原",40,211,-171
"681","2363矽統","110/08/31","永豐金-敦南",125,22,103
"682","2363矽統","110/08/31","永豐金-台中",8,171,-163
"683","2363矽統","110/08/31","永豐金-中壢",103,0,103
"684","2363矽統","110/08/31","元大-南勢角",8,135,-127
"685","2363矽統","110/08/31","彰銀-台中",101,1,100
"686","2363矽統","110/08/31","群益金鼎",8,126,-118
"687","2363矽統","110/08/31","台新-台中",113,28,85
"688","2363矽統","110/08/31","富邦-嘉義",91,209,-118
"689","2363矽統","110/08/31","臺銀-臺南",94,11,83
"690","2363矽統","110/08/31","美商高盛",90,206,-116
"691","8112至上","110/08/31","香港上海匯豐",442,37,405
"692","8112至上","110/08/31","第一金-頭份",2,99,-97
"693","8112至上","110/08/31","美林",91,8,83
"694","8112至上","110/08/31","富邦-仁愛",1,73,-72
"695","8112至上","110/08/31","凱基-內埔",45,0,45
"696","8112至上","110/08/31","臺灣企銀-桃園",0,70,-70
"697","8112至上","110/08/31","國票-南京",40,0,40
"698","8112至上","110/08/31","法銀巴黎",0,49,-49
"699","8112至上","110/08/31","元大-士林",42,2,40
"700","8112至上","110/08/31","元大-仁愛",1,50,-49
"701","8112至上","110/08/31","瑞士信貸",38,0,38
"702","8112至上","110/08/31","大昌-桃園",0,40,-40
"703","8112至上","110/08/31","元大-楊梅",30,0,30
"704","8112至上","110/08/31","花旗環球",0,30,-30
"705","8112至上","110/08/31","(牛牛牛)亞-鑫豐",23,0,23
"706","8112至上","110/08/31","群益金鼎-瑞豐",0,30,-30
"707","8112至上","110/08/31","富邦-虎尾",24,1,23
"708","8112至上","110/08/31","日盛-雙和",9,37,-28
"709","8112至上","110/08/31","群益金鼎-東門",21,0,21
"710","8112至上","110/08/31","國泰-板橋",0,28,-28
"711","8112至上","110/08/31","元大-永和",21,0,21
"712","8112至上","110/08/31","台灣摩根士丹利",24,47,-23
"713","8112至上","110/08/31","元大-新盛",20,0,20
"714","8112至上","110/08/31","富邦-南屯",0,20,-20
"715","8112至上","110/08/31","凱基-士林",19,0,19
"716","8112至上","110/08/31","元大-小港",0,20,-20
"717","8112至上","110/08/31","永豐金-竹科",18,0,18
"718","8112至上","110/08/31","玉山-士林",1,20,-19
"719","8112至上","110/08/31","凱基-松山",20,4,16
"720","8112至上","110/08/31","群益金鼎-基隆",2,21,-19
"721","1570力肯","110/08/31","香港上海匯豐",53,0,53
"722","1570力肯","110/08/31","元大-板橋",11,60,-49
"723","1570力肯","110/08/31","凱基-市政",30,1,29
"724","1570力肯","110/08/31","群益金鼎-北高雄",0,27,-27
"725","1570力肯","110/08/31","第一金-嘉義",20,0,20
"726","1570力肯","110/08/31","元富-世貿",0,20,-20
"727","1570力肯","110/08/31","台新-台南",20,0,20
"728","1570力肯","110/08/31","永豐金-中壢",0,19,-19
"729","1570力肯","110/08/31","宏遠-光隆",20,1,19
"730","1570力肯","110/08/31","兆豐-員林",0,17,-17
"731","1570力肯","110/08/31","康和-高雄",18,0,18
"732","1570力肯","110/08/31","摩根大通",0,16,-16
"733","1570力肯","110/08/31","日茂-南投",17,0,17
"734","1570力肯","110/08/31","凱基-台北",20,35,-15
"735","1570力肯","110/08/31","台新-台中",17,1,16
"736","1570力肯","110/08/31","元大-竹南",1,16,-15
"737","1570力肯","110/08/31","兆豐-天母",15,0,15
"738","1570力肯","110/08/31","新光",8,22,-14
"739","1570力肯","110/08/31","元大-鳳中",18,4,14
"740","1570力肯","110/08/31","(牛牛牛)亞-鑫豐",11,23,-12
"741","1570力肯","110/08/31","合庫-嘉義",10,0,10
"742","1570力肯","110/08/31","臺銀-臺南",0,11,-11
"743","1570力肯","110/08/31","日盛-員林",10,0,10
"744","1570力肯","110/08/31","日盛-八德",0,11,-11
"745","1570力肯","110/08/31","元富-草屯",10,0,10
"746","1570力肯","110/08/31","富邦-北港",0,11,-11
"747","1570力肯","110/08/31","國票-九鼎",10,0,10
"748","1570力肯","110/08/31","日茂",0,10,-10
"749","1570力肯","110/08/31","國泰-台中",10,0,10
"750","1570力肯","110/08/31","凱基-東勢",0,10,-10
"751","2929淘帝","110/08/31","美林",47,2,45
"752","2929淘帝","110/08/31","元富-敦南",0,121,-121
"753","2929淘帝","110/08/31","兆豐-大同",37,0,37
"754","2929淘帝","110/08/31","元富-彰化",0,20,-20
"755","2929淘帝","110/08/31","摩根大通",27,0,27
"756","2929淘帝","110/08/31","新加坡商瑞銀",0,15,-15
"757","2929淘帝","110/08/31","港商野村",52,31,21
"758","2929淘帝","110/08/31","元大-豐原站前",0,10,-10
"759","2929淘帝","110/08/31","大昌",10,0,10
"760","2929淘帝","110/08/31","台新證券",0,5,-5
"761","2929淘帝","110/08/31","港商法國興業",8,0,8
"762","2929淘帝","110/08/31","華南永昌-台中",0,5,-5
"763","2929淘帝","110/08/31","瑞士信貸",6,0,6
"764","2929淘帝","110/08/31","元大-士林",0,4,-4
"765","2929淘帝","110/08/31","元大-大雅",6,0,6
"766","2929淘帝","110/08/31","光和-嘉義",0,3,-3
"767","2929淘帝","110/08/31","第一金-忠孝",5,0,5
"768","2929淘帝","110/08/31","臺銀-金山",0,2,-2
"769","2929淘帝","110/08/31","凱基-東門",5,0,5
"770","2929淘帝","110/08/31","日盛-雙和",0,2,-2
"771","2929淘帝","110/08/31","凱基-台北",7,2,5
"772","2929淘帝","110/08/31","元富-三重",0,2,-2
"773","2929淘帝","110/08/31","永豐金-板橋",5,0,5
"774","2929淘帝","110/08/31","元富-中原",0,2,-2
"775","2929淘帝","110/08/31","元富-新竹",4,0,4
"776","2929淘帝","110/08/31","(牛牛牛)亞-鑫豐",0,2,-2
"777","2929淘帝","110/08/31","玉山-士林",4,0,4
"778","2929淘帝","110/08/31","中國信託",0,2,-2
"779","2929淘帝","110/08/31","兆豐-桃鶯",3,0,3
"780","2929淘帝","110/08/31","大昌-新竹",0,2,-2
"781","5410國眾","110/08/31","永豐金-內湖",20,0,20
"782","5410國眾","110/08/31","群益金鼎-民權",0,28,-28
"783","5410國眾","110/08/31","臺銀-臺南",4,0,4
"784","5410國眾","110/08/31","元大-板橋",0,4,-4
"785","5410國眾","110/08/31","國泰-台中",4,0,4
"786","5410國眾","110/08/31","寶盛",0,3,-3
"787","5410國眾","110/08/31","中國信託-高雄",3,0,3
"788","5410國眾","110/08/31","兆豐-北高雄",0,3,-3
"789","5410國眾","110/08/31","台新證券",3,0,3
"790","5410國眾","110/08/31","國票-和平",0,3,-3
"791","5410國眾","110/08/31","元大-中壢",3,0,3
"792","5410國眾","110/08/31","新光",0,3,-3
"793","5410國眾","110/08/31","新光-台中",2,0,2
"794","5410國眾","110/08/31","凱基-桃園",0,3,-3
"795","5410國眾","110/08/31","凱基-科園",2,0,2
"796","5410國眾","110/08/31","凱基-台南",0,3,-3
"797","5410國眾","110/08/31","凱基-永康",2,0,2
"798","5410國眾","110/08/31","富邦-嘉義",0,2,-2
"799","5410國眾","110/08/31","凱基-興隆",2,0,2
"800","5410國眾","110/08/31","元大-斗六",0,2,-2
"801","5410國眾","110/08/31","元大-長庚",2,0,2
"802","5410國眾","110/08/31","元大-土城學府",0,2,-2
"803","5410國眾","110/08/31","臺銀-臺中",1,0,1
"804","5410國眾","110/08/31","永豐金-埔里",0,2,-2
"805","5410國眾","110/08/31","元富-埔里",1,0,1
"806","5410國眾","110/08/31","國泰-敦南",0,1,-1
"807","5410國眾","110/08/31","元富-西松",1,0,1
"808","5410國眾","110/08/31","群益金鼎-中壢",0,1,-1
"809","5410國眾","110/08/31","中國信託-永康",1,0,1
"810","5410國眾","110/08/31","富邦-新店",0,1,-1
"811","2841台開","110/08/31","宏遠-館前",150,0,150
"812","2841台開","110/08/31","港商野村",0,171,-171
"813","2841台開","110/08/31","永豐金-敦南",62,28,34
"814","2841台開","110/08/31","元大-台中中港",0,39,-39
"815","2841台開","110/08/31","日盛證券",21,8,13
"816","2841台開","110/08/31","統一-士林",5,25,-20
"817","2841台開","110/08/31","大慶-蘆洲",10,0,10
"818","2841台開","110/08/31","永豐金-復興",0,11,-11
"819","2841台開","110/08/31","元大-善化",10,0,10
"820","2841台開","110/08/31","元富-嘉義",0,10,-10
"821","2841台開","110/08/31","元大-新莊",10,0,10
"822","2841台開","110/08/31","全泰證券",0,10,-10
"823","2841台開","110/08/31","大昌-安康",15,6,9
"824","2841台開","110/08/31","群益金鼎-彰化",0,10,-10
"825","2841台開","110/08/31","元大-南屯",8,0,8
"826","2841台開","110/08/31","元大-豐原",0,10,-10
"827","2841台開","110/08/31","元大-台南",8,0,8
"828","2841台開","110/08/31","台新證券",0,8,-8
"829","2841台開","110/08/31","第一金-台南",6,0,6
"830","2841台開","110/08/31","群益金鼎-丹鳳",0,6,-6
"831","2841台開","110/08/31","第一金-自由",6,0,6
"832","2841台開","110/08/31","凱基-鳳山",0,6,-6
"833","2841台開","110/08/31","台新-台中",6,0,6
"834","2841台開","110/08/31","元大-大里德芳",0,6,-6
"835","2841台開","110/08/31","凱基-興隆",6,0,6
"836","2841台開","110/08/31","日盛-屏東",0,5,-5
"837","2841台開","110/08/31","元大-屏南",6,0,6
"838","2841台開","110/08/31","台中銀",0,5,-5
"839","2841台開","110/08/31","凱基-東港",5,0,5
"840","2841台開","110/08/31","元大-景美",0,5,-5
"841","6207雷科","110/08/31","元大-高雄",51,0,51
"842","6207雷科","110/08/31","(牛牛牛)亞-鑫豐",0,67,-67
"843","6207雷科","110/08/31","元大-大統",18,0,18
"844","6207雷科","110/08/31","華南永昌-林口",0,13,-13
"845","6207雷科","110/08/31","日盛-桃園",15,0,15
"846","6207雷科","110/08/31","國票-台中",0,12,-12
"847","6207雷科","110/08/31","群益金鼎-瑞豐",15,1,14
"848","6207雷科","110/08/31","中國信託-新竹",0,10,-10
"849","6207雷科","110/08/31","摩根大通",18,5,13
"850","6207雷科","110/08/31","元大-府城",0,10,-10
"851","6207雷科","110/08/31","永豐金-高雄",11,0,11
"852","6207雷科","110/08/31","元大-敦南",0,10,-10
"853","6207雷科","110/08/31","群益金鼎-新竹",8,0,8
"854","6207雷科","110/08/31","日盛-台南",0,7,-7
"855","6207雷科","110/08/31","凱基-中山",6,1,5
"856","6207雷科","110/08/31","統一-屏東",0,7,-7
"857","6207雷科","110/08/31","華南永昌-古亭",5,0,5
"858","6207雷科","110/08/31","元富-中港",0,7,-7
"859","6207雷科","110/08/31","元大-鳳山",7,2,5
"860","6207雷科","110/08/31","兆豐-嘉義",0,6,-6
"861","6207雷科","110/08/31","永豐金-北高雄",5,0,5
"862","6207雷科","110/08/31","元富-三重",0,5,-5
"863","6207雷科","110/08/31","富邦-桃園",4,0,4
"864","6207雷科","110/08/31","元富-新興",0,5,-5
"865","6207雷科","110/08/31","日盛證券",3,0,3
"866","6207雷科","110/08/31","日盛-高雄",0,4,-4
"867","6207雷科","110/08/31","日盛-龍潭",3,0,3
"868","6207雷科","110/08/31","兆豐-三民",1,5,-4
"869","6207雷科","110/08/31","富邦-中壢",3,0,3
"870","6207雷科","110/08/31","合庫-自強",0,3,-3
"871","3679新至陞","110/08/31","凱基-中山",6,0,6
"872","3679新至陞","110/08/31","土銀-建國",0,17,-17
"873","3679新至陞","110/08/31","(牛牛牛)亞-網路",5,0,5
"874","3679新至陞","110/08/31","凱基-竹科",0,11,-11
"875","3679新至陞","110/08/31","台中銀-員林",4,0,4
"876","3679新至陞","110/08/31","摩根大通",1,6,-5
"877","3679新至陞","110/08/31","國泰-松江",3,0,3
"878","3679新至陞","110/08/31","玉山-台大",0,4,-4
"879","3679新至陞","110/08/31","永豐金-南投",3,0,3
"880","3679新至陞","110/08/31","瑞士信貸",0,2,-2
"881","3679新至陞","110/08/31","康和-台中",2,0,2
"882","3679新至陞","110/08/31","國泰-敦南",0,2,-2
"883","3679新至陞","110/08/31","玉山-高雄",2,0,2
"884","3679新至陞","110/08/31","永豐金-內湖",0,2,-2
"885","3679新至陞","110/08/31","元大-新莊",2,0,2
"886","3679新至陞","110/08/31","台灣摩根士丹利",0,1,-1
"887","3679新至陞","110/08/31","土銀-台中",1,0,1
"888","3679新至陞","110/08/31","中國信託",0,1,-1
"889","3679新至陞","110/08/31","臺銀",1,0,1
"890","3679新至陞","110/08/31","凱基-新店",0,1,-1
"891","3679新至陞","110/08/31","臺銀-高雄",1,0,1
"892","3679新至陞","110/08/31","元大-南海",0,1,-1
"893","3679新至陞","110/08/31","亞東",1,0,1
"894","3679新至陞","110/08/31","元大-木柵",0,1,-1
"895","3679新至陞","110/08/31","統一-敦南",1,0,1
"896","3679新至陞","110/08/31","元大-東港",0,1,-1
"897","3679新至陞","110/08/31","大昌-桃園",1,0,1
"898","3679新至陞","110/08/31","永豐金-敦南",0,1,-1
"899","3679新至陞","110/08/31","元大-大里",1,0,1
"900","3679新至陞","110/08/31","元大證券",1,1,0
"901","2727王品","110/08/31","台灣摩根士丹利",84,8,76
"902","2727王品","110/08/31","花旗環球",0,30,-30
"903","2727王品","110/08/31","瑞士信貸",50,6,44
"904","2727王品","110/08/31","凱基-信義",0,18,-18
"905","2727王品","110/08/31","華南永昌-鳳山",15,0,15
"906","2727王品","110/08/31","港商野村",6,22,-16
"907","2727王品","110/08/31","合庫-新竹",10,1,9
"908","2727王品","110/08/31","永豐金-苓雅",0,15,-15
"909","2727王品","110/08/31","合庫-台中",7,0,7
"910","2727王品","110/08/31","富邦-羅東",0,11,-11
"911","2727王品","110/08/31","台新證券",14,7,7
"912","2727王品","110/08/31","中國信託",1,10,-9
"913","2727王品","110/08/31","安泰",5,0,5
"914","2727王品","110/08/31","國泰證券",0,9,-9
"915","2727王品","110/08/31","新光",5,0,5
"916","2727王品","110/08/31","日盛-中壢",0,7,-7
"917","2727王品","110/08/31","日盛-屏東",4,0,4
"918","2727王品","110/08/31","(牛牛牛)亞-鑫豐",1,8,-7
"919","2727王品","110/08/31","摩根大通",16,12,4
"920","2727王品","110/08/31","新光-台南",0,7,-7
"921","2727王品","110/08/31","兆豐-岡山",3,0,3
"922","2727王品","110/08/31","凱基-市政",5,12,-7
"923","2727王品","110/08/31","國泰-板橋",5,2,3
"924","2727王品","110/08/31","統一",1,7,-6
"925","2727王品","110/08/31","元大-彰化民生",3,0,3
"926","2727王品","110/08/31","彰銀-七賢",1,6,-5
"927","2727王品","110/08/31","元大-內湖",5,2,3
"928","2727王品","110/08/31","彰銀-台中",0,5,-5
"929","2727王品","110/08/31","永豐金-台中",4,1,3
"930","2727王品","110/08/31","元大-中壢",0,5,-5
"931","1570力肯","110/08/31","香港上海匯豐",53,0,53
"932","1570力肯","110/08/31","元大-板橋",11,60,-49
"933","1570力肯","110/08/31","凱基-市政",30,1,29
"934","1570力肯","110/08/31","群益金鼎-北高雄",0,27,-27
"935","1570力肯","110/08/31","第一金-嘉義",20,0,20
"936","1570力肯","110/08/31","元富-世貿",0,20,-20
"937","1570力肯","110/08/31","台新-台南",20,0,20
"938","1570力肯","110/08/31","永豐金-中壢",0,19,-19
"939","1570力肯","110/08/31","宏遠-光隆",20,1,19
"940","1570力肯","110/08/31","兆豐-員林",0,17,-17
"941","1570力肯","110/08/31","康和-高雄",18,0,18
"942","1570力肯","110/08/31","摩根大通",0,16,-16
"943","1570力肯","110/08/31","日茂-南投",17,0,17
"944","1570力肯","110/08/31","凱基-台北",20,35,-15
"945","1570力肯","110/08/31","台新-台中",17,1,16
"946","1570力肯","110/08/31","元大-竹南",1,16,-15
"947","1570力肯","110/08/31","兆豐-天母",15,0,15
"948","1570力肯","110/08/31","新光",8,22,-14
"949","1570力肯","110/08/31","元大-鳳中",18,4,14
"950","1570力肯","110/08/31","(牛牛牛)亞-鑫豐",11,23,-12
"951","1570力肯","110/08/31","合庫-嘉義",10,0,10
"952","1570力肯","110/08/31","臺銀-臺南",0,11,-11
"953","1570力肯","110/08/31","日盛-員林",10,0,10
"954","1570力肯","110/08/31","日盛-八德",0,11,-11
"955","1570力肯","110/08/31","元富-草屯",10,0,10
"956","1570力肯","110/08/31","富邦-北港",0,11,-11
"957","1570力肯","110/08/31","國票-九鼎",10,0,10
"958","1570力肯","110/08/31","日茂",0,10,-10
"959","1570力肯","110/08/31","國泰-台中",10,0,10
"960","1570力肯","110/08/31","凱基-東勢",0,10,-10
"961","6180橘子","110/08/31","美林",80,0,80
"962","6180橘子","110/08/31","凱基-嘉義",0,75,-75
"963","6180橘子","110/08/31","凱基-台北",71,6,65
"964","6180橘子","110/08/31","兆豐證券",0,42,-42
"965","6180橘子","110/08/31","高橋",17,1,16
"966","6180橘子","110/08/31","玉山-新莊",0,40,-40
"967","6180橘子","110/08/31","台灣摩根士丹利",28,13,15
"968","6180橘子","110/08/31","兆豐-三民",0,20,-20
"969","6180橘子","110/08/31","美商高盛",24,10,14
"970","6180橘子","110/08/31","富邦-南屯",2,13,-11
"971","6180橘子","110/08/31","合庫-自強",10,0,10
"972","6180橘子","110/08/31","元富-埔里",0,10,-10
"973","6180橘子","110/08/31","新光-桃園",8,0,8
"974","6180橘子","110/08/31","玉山-高雄",0,10,-10
"975","6180橘子","110/08/31","摩根大通",24,17,7
"976","6180橘子","110/08/31","富邦-竹東",0,10,-10
"977","6180橘子","110/08/31","華南永昌-朴子",6,0,6
"978","6180橘子","110/08/31","富邦-陽明",0,9,-9
"979","6180橘子","110/08/31","國泰-台中",5,0,5
"980","6180橘子","110/08/31","華南永昌-古亭",3,11,-8
"981","6180橘子","110/08/31","凱基-東門",5,0,5
"982","6180橘子","110/08/31","元大-發財",0,8,-8
"983","6180橘子","110/08/31","凱基-永華",5,0,5
"984","6180橘子","110/08/31","新光-台中",0,7,-7
"985","6180橘子","110/08/31","元大證券",5,0,5
"986","6180橘子","110/08/31","群益金鼎-新店",0,7,-7
"987","6180橘子","110/08/31","聯邦-嘉義",4,0,4
"988","6180橘子","110/08/31","永豐金-桃園",0,6,-6
"989","6180橘子","110/08/31","元大-南屯",4,0,4
"990","6180橘子","110/08/31","凱基-和平",0,5,-5
"991","2390云辰","110/08/31","新光-台中",98,11,87
"992","2390云辰","110/08/31","群益金鼎-敦南",2,56,-54
"993","2390云辰","110/08/31","兆豐-公益",70,0,70
"994","2390云辰","110/08/31","日盛-新莊",0,50,-50
"995","2390云辰","110/08/31","凱基-竹北",67,0,67
"996","2390云辰","110/08/31","永豐金-竹科",0,50,-50
"997","2390云辰","110/08/31","華南永昌-麻豆",50,6,44
"998","2390云辰","110/08/31","港商野村",50,99,-49
"999","2390云辰","110/08/31","凱基-台北",61,23,38
"1000","2390云辰","110/08/31","兆豐-三民",0,35,-35
"1001","2390云辰","110/08/31","統一",41,5,36
"1002","2390云辰","110/08/31","高橋",1,33,-32
"1003","2390云辰","110/08/31","統一-新營",39,7,32
"1004","2390云辰","110/08/31","統一-屏東",0,30,-30
"1005","2390云辰","110/08/31","富邦-苗栗",22,0,22
"1006","2390云辰","110/08/31","台新-台南",0,25,-25
"1007","2390云辰","110/08/31","第一金-安和",20,0,20
"1008","2390云辰","110/08/31","元大-彰化",0,21,-21
"1009","2390云辰","110/08/31","富邦-羅東",26,6,20
"1010","2390云辰","110/08/31","臺銀-高雄",0,20,-20
"1011","2390云辰","110/08/31","統一-彰化",20,2,18
"1012","2390云辰","110/08/31","凱基-台中",0,20,-20
"1013","2390云辰","110/08/31","華南永昌-內壢",16,0,16
"1014","2390云辰","110/08/31","元大-南屯",6,25,-19
"1015","2390云辰","110/08/31","兆豐-台中",15,0,15
"1016","2390云辰","110/08/31","國泰-敦南",19,37,-18
"1017","2390云辰","110/08/31","元大-中壢",18,3,15
"1018","2390云辰","110/08/31","元大-土城學府",61,78,-17
"1019","2390云辰","110/08/31","台新-中壢",20,7,13
"1020","2390云辰","110/08/31","元大-雙和",4,20,-16
