"","stake","date","name","buy","sell","total"
"1","1315達新","110/08/20","日盛-和美",16,0,16
"2","1315達新","110/08/20","香港上海匯豐",0,41,-41
"3","1315達新","110/08/20","元富-成功",10,0,10
"4","1315達新","110/08/20","元大-文心興安",2,36,-34
"5","1315達新","110/08/20","兆豐-台中",10,0,10
"6","1315達新","110/08/20","港商麥格理",0,26,-26
"7","1315達新","110/08/20","凱基-中港",10,0,10
"8","1315達新","110/08/20","元富",0,14,-14
"9","1315達新","110/08/20","元大-桃園",8,0,8
"10","1315達新","110/08/20","元富-敦南",0,8,-8
"11","1315達新","110/08/20","凱基-高美館",7,0,7
"12","1315達新","110/08/20","凱基-台北",7,15,-8
"13","1315達新","110/08/20","統一",5,0,5
"14","1315達新","110/08/20","元大-花蓮",2,10,-8
"15","1315達新","110/08/20","中國信託-高雄",5,0,5
"16","1315達新","110/08/20","摩根大通",0,7,-7
"17","1315達新","110/08/20","致和-東門",5,0,5
"18","1315達新","110/08/20","(牛牛牛)亞證券",0,6,-6
"19","1315達新","110/08/20","國票-北高雄",5,0,5
"20","1315達新","110/08/20","群益金鼎-鳳山",0,6,-6
"21","1315達新","110/08/20","國票-桃園",5,0,5
"22","1315達新","110/08/20","美林",3,8,-5
"23","1315達新","110/08/20","凱基-高雄",5,0,5
"24","1315達新","110/08/20","玉山-大里",0,4,-4
"25","1315達新","110/08/20","凱基-大安",5,0,5
"26","1315達新","110/08/20","國票-安和",1,4,-3
"27","1315達新","110/08/20","新光",5,1,4
"28","1315達新","110/08/20","永興-台中",0,1,-1
"29","1315達新","110/08/20","國泰-敦南",4,0,4
"30","1315達新","110/08/20","光和-花壇",0,1,-1
"31","2609陽明","110/08/20","摩根大通",7094,4108,2986
"32","2609陽明","110/08/20","富邦證券",916,4167,-3251
"33","2609陽明","110/08/20","凱基-台北",3009,829,2180
"34","2609陽明","110/08/20","瑞士信貸",1961,3747,-1786
"35","2609陽明","110/08/20","永豐金-信義",2022,49,1973
"36","2609陽明","110/08/20","美林",3367,4938,-1571
"37","2609陽明","110/08/20","富邦-虎尾",14038,12509,1529
"38","2609陽明","110/08/20","元大證券",1688,3204,-1516
"39","2609陽明","110/08/20","華南永昌-竹北",2009,531,1478
"40","2609陽明","110/08/20","凱基-高美館",303,786,-483
"41","2609陽明","110/08/20","群益金鼎-大安",1208,64,1144
"42","2609陽明","110/08/20","日盛-板橋",125,587,-462
"43","2609陽明","110/08/20","康和",5625,4754,871
"44","2609陽明","110/08/20","富邦-北港",163,571,-408
"45","2609陽明","110/08/20","兆豐-虎尾",919,77,842
"46","2609陽明","110/08/20","凱基-台南",165,557,-392
"47","2609陽明","110/08/20","新加坡商瑞銀",1133,390,743
"48","2609陽明","110/08/20","元大-樹林",215,599,-384
"49","2609陽明","110/08/20","統一-仁愛",1379,702,677
"50","2609陽明","110/08/20","富邦-台中",246,596,-350
"51","2609陽明","110/08/20","美商高盛",1051,452,599
"52","2609陽明","110/08/20","凱基-復興",141,467,-326
"53","2609陽明","110/08/20","凱基-市府",658,82,576
"54","2609陽明","110/08/20","台新-高雄",483,807,-324
"55","2609陽明","110/08/20","元大-新莊",665,169,496
"56","2609陽明","110/08/20","日盛證券",323,619,-296
"57","2609陽明","110/08/20","台灣摩根士丹利",773,365,408
"58","2609陽明","110/08/20","法銀巴黎",0,292,-292
"59","2609陽明","110/08/20","日盛-雙和",550,197,353
"60","2609陽明","110/08/20","元大-北投",454,729,-275
"61","2636台驊投控","110/08/20","摩根大通",709,415,294
"62","2636台驊投控","110/08/20","台灣摩根士丹利",146,252,-106
"63","2636台驊投控","110/08/20","台新-台中",176,64,112
"64","2636台驊投控","110/08/20","港商野村",1266,1357,-91
"65","2636台驊投控","110/08/20","統一",191,91,100
"66","2636台驊投控","110/08/20","美林",246,335,-89
"67","2636台驊投控","110/08/20","永豐金-萬盛",136,39,97
"68","2636台驊投控","110/08/20","宏遠-新化",1,75,-74
"69","2636台驊投控","110/08/20","永豐金-南京",105,33,72
"70","2636台驊投控","110/08/20","群益金鼎-竹南",5,69,-64
"71","2636台驊投控","110/08/20","日盛-景美",102,32,70
"72","2636台驊投控","110/08/20","日盛-大墩",4,56,-52
"73","2636台驊投控","110/08/20","日盛證券",154,103,51
"74","2636台驊投控","110/08/20","第一金-台中",5,56,-51
"75","2636台驊投控","110/08/20","第一金-桃園",54,7,47
"76","2636台驊投控","110/08/20","日盛-宜蘭",2,52,-50
"77","2636台驊投控","110/08/20","統一-基隆",47,5,42
"78","2636台驊投控","110/08/20","兆豐-南京",0,49,-49
"79","2636台驊投控","110/08/20","元富-城東",63,22,41
"80","2636台驊投控","110/08/20","合庫-新竹",4,47,-43
"81","2636台驊投控","110/08/20","富邦-建國",67,35,32
"82","2636台驊投控","110/08/20","統一-城中",6,33,-27
"83","2636台驊投控","110/08/20","元大-桃興",40,10,30
"84","2636台驊投控","110/08/20","凱基-科園",7,34,-27
"85","2636台驊投控","110/08/20","土銀-南港",34,6,28
"86","2636台驊投控","110/08/20","新光",167,193,-26
"87","2636台驊投控","110/08/20","永豐金-台南",54,27,27
"88","2636台驊投控","110/08/20","群益金鼎-古亭",51,75,-24
"89","2636台驊投控","110/08/20","富邦-台北",45,19,26
"90","2636台驊投控","110/08/20","富邦-仁愛",51,74,-23
"91","2867三商壽","110/08/20","凱基-台北",225,43,182
"92","2867三商壽","110/08/20","宏遠證券",0,1023,-1023
"93","2867三商壽","110/08/20","元大-土城永寧",150,2,148
"94","2867三商壽","110/08/20","摩根大通",123,551,-428
"95","2867三商壽","110/08/20","新光",213,72,141
"96","2867三商壽","110/08/20","美商高盛",62,194,-132
"97","2867三商壽","110/08/20","臺銀-鳳山",131,26,105
"98","2867三商壽","110/08/20","國票-中正",0,130,-130
"99","2867三商壽","110/08/20","元大-屏東民生",100,0,100
"100","2867三商壽","110/08/20","美林",1,114,-113
"101","2867三商壽","110/08/20","元大-桃園",100,1,99
"102","2867三商壽","110/08/20","台灣摩根士丹利",31,107,-76
"103","2867三商壽","110/08/20","永豐金-埔里",94,20,74
"104","2867三商壽","110/08/20","富邦-中壢",1,75,-74
"105","2867三商壽","110/08/20","土銀-台中",60,0,60
"106","2867三商壽","110/08/20","華南永昌-南京",10,70,-60
"107","2867三商壽","110/08/20","臺銀-高雄",56,1,55
"108","2867三商壽","110/08/20","富邦-彰化",10,67,-57
"109","2867三商壽","110/08/20","統一-台南",55,0,55
"110","2867三商壽","110/08/20","凱基-高美館",0,50,-50
"111","2867三商壽","110/08/20","富邦-仁愛",53,0,53
"112","2867三商壽","110/08/20","港商野村",35,68,-33
"113","2867三商壽","110/08/20","富邦-台北",44,1,43
"114","2867三商壽","110/08/20","台新-高雄",1,31,-30
"115","2867三商壽","110/08/20","合庫-高雄",40,0,40
"116","2867三商壽","110/08/20","元大-北屯",9,36,-27
"117","2867三商壽","110/08/20","華南永昌-虎尾",50,10,40
"118","2867三商壽","110/08/20","法銀巴黎",1,27,-26
"119","2867三商壽","110/08/20","富邦-宜蘭",40,0,40
"120","2867三商壽","110/08/20","日盛-中壢",0,20,-20
"121","5521工信","110/08/20","元大-內湖",55,0,55
"122","5521工信","110/08/20","美商高盛",0,182,-182
"123","5521工信","110/08/20","日進",36,0,36
"124","5521工信","110/08/20","摩根大通",39,180,-141
"125","5521工信","110/08/20","兆豐-來福",30,0,30
"126","5521工信","110/08/20","凱基-台北",0,101,-101
"127","5521工信","110/08/20","元大-屏南",30,0,30
"128","5521工信","110/08/20","富邦-岡山",0,50,-50
"129","5521工信","110/08/20","台新證券",26,4,22
"130","5521工信","110/08/20","港商野村",0,41,-41
"131","5521工信","110/08/20","玉山-台大",25,5,20
"132","5521工信","110/08/20","台灣摩根士丹利",1,30,-29
"133","5521工信","110/08/20","群益金鼎-忠孝",20,0,20
"134","5521工信","110/08/20","群益金鼎-高雄",0,20,-20
"135","5521工信","110/08/20","富邦-台北",20,0,20
"136","5521工信","110/08/20","華南永昌-中正",0,20,-20
"137","5521工信","110/08/20","永豐金-中正",19,0,19
"138","5521工信","110/08/20","台新-新營",0,19,-19
"139","5521工信","110/08/20","統一-員林",15,0,15
"140","5521工信","110/08/20","華南永昌-彰化",2,20,-18
"141","5521工信","110/08/20","合庫-桃園",12,0,12
"142","5521工信","110/08/20","群益金鼎-潭子",0,15,-15
"143","5521工信","110/08/20","陽信-石牌",11,0,11
"144","5521工信","110/08/20","元大-板橋",0,15,-15
"145","5521工信","110/08/20","元大-基隆孝二",11,0,11
"146","5521工信","110/08/20","元大-南屯",1,15,-14
"147","5521工信","110/08/20","土銀-白河",10,0,10
"148","5521工信","110/08/20","永豐金-桃盛",0,10,-10
"149","5521工信","110/08/20","華南永昌-大安",10,0,10
"150","5521工信","110/08/20","聯邦-雙和",0,8,-8
"151","1471首利","110/08/20","富邦-員林",41,0,41
"152","1471首利","110/08/20","元大-草屯",1,100,-99
"153","1471首利","110/08/20","摩根大通",88,63,25
"154","1471首利","110/08/20","元富-民權",0,41,-41
"155","1471首利","110/08/20","永豐金-板盛",23,0,23
"156","1471首利","110/08/20","致和-府前",0,20,-20
"157","1471首利","110/08/20","台新證券",30,11,19
"158","1471首利","110/08/20","大慶-蘆洲",0,14,-14
"159","1471首利","110/08/20","日盛-高雄",15,0,15
"160","1471首利","110/08/20","凱基-台北",3,16,-13
"161","1471首利","110/08/20","瑞士信貸",36,21,15
"162","1471首利","110/08/20","玉山-新莊",1,12,-11
"163","1471首利","110/08/20","元大-成功",15,0,15
"164","1471首利","110/08/20","日盛-樹林",0,10,-10
"165","1471首利","110/08/20","元大-鳳山",13,0,13
"166","1471首利","110/08/20","台中銀-豐原",0,10,-10
"167","1471首利","110/08/20","美林",11,0,11
"168","1471首利","110/08/20","國票-新莊",0,10,-10
"169","1471首利","110/08/20","兆豐-西螺",10,0,10
"170","1471首利","110/08/20","元大-開元",0,10,-10
"171","1471首利","110/08/20","台新-台南",10,0,10
"172","1471首利","110/08/20","新光",9,18,-9
"173","1471首利","110/08/20","新光-台中",7,0,7
"174","1471首利","110/08/20","元大-台中",0,8,-8
"175","1471首利","110/08/20","凱基-長庚",7,0,7
"176","1471首利","110/08/20","富邦-竹東",0,7,-7
"177","1471首利","110/08/20","日盛-大墩",6,0,6
"178","1471首利","110/08/20","元大-善化",0,7,-7
"179","1471首利","110/08/20","國泰-敦南",6,0,6
"180","1471首利","110/08/20","永豐金-忠孝",0,7,-7
"181","2883開發金","110/08/20","美商高盛",5045,274,4771
"182","2883開發金","110/08/20","元大-草屯",110,5813,-5703
"183","2883開發金","110/08/20","摩根大通",6375,3996,2379
"184","2883開發金","110/08/20","元大-雙和",35,5050,-5015
"185","2883開發金","110/08/20","瑞士信貸",2180,184,1996
"186","2883開發金","110/08/20","元富",228,2528,-2300
"187","2883開發金","110/08/20","港商野村",4455,2645,1810
"188","2883開發金","110/08/20","新光",2896,4495,-1599
"189","2883開發金","110/08/20","美林",1695,187,1508
"190","2883開發金","110/08/20","法銀巴黎",12,1549,-1537
"191","2883開發金","110/08/20","凱基-台北",3659,2336,1323
"192","2883開發金","110/08/20","統一",61,1390,-1329
"193","2883開發金","110/08/20","富邦證券",1343,39,1304
"194","2883開發金","110/08/20","台灣匯立證券",0,995,-995
"195","2883開發金","110/08/20","臺銀",1447,177,1270
"196","2883開發金","110/08/20","台灣摩根士丹利",1050,1929,-879
"197","2883開發金","110/08/20","國泰證券",1228,72,1156
"198","2883開發金","110/08/20","元大-前金",15,785,-770
"199","2883開發金","110/08/20","華南永昌",1230,198,1032
"200","2883開發金","110/08/20","元大-桃興",64,796,-732
"201","2883開發金","110/08/20","元大證券",1137,317,820
"202","2883開發金","110/08/20","宏遠-台南",80,759,-679
"203","2883開發金","110/08/20","致和證券",819,0,819
"204","2883開發金","110/08/20","合庫證券",245,861,-616
"205","2883開發金","110/08/20","元大-善化",756,83,673
"206","2883開發金","110/08/20","元大-大灣",46,660,-614
"207","2883開發金","110/08/20","元大-新莊",731,108,623
"208","2883開發金","110/08/20","國票-南港",32,641,-609
"209","2883開發金","110/08/20","凱基",520,10,510
"210","2883開發金","110/08/20","群益金鼎-開元",30,551,-521
"211","6205詮欣","110/08/20","聯邦商銀",27,0,27
"212","6205詮欣","110/08/20","凱基-新店",0,24,-24
"213","6205詮欣","110/08/20","凱基-汐止",25,0,25
"214","6205詮欣","110/08/20","元大-忠孝",0,18,-18
"215","6205詮欣","110/08/20","元大-汐止",10,0,10
"216","6205詮欣","110/08/20","瑞士信貸",0,17,-17
"217","6205詮欣","110/08/20","臺銀-臺中",7,0,7
"218","6205詮欣","110/08/20","摩根大通",2,11,-9
"219","6205詮欣","110/08/20","統一-基隆",7,0,7
"220","6205詮欣","110/08/20","日盛-永康",0,5,-5
"221","6205詮欣","110/08/20","臺銀-高雄",6,0,6
"222","6205詮欣","110/08/20","聯邦-興中",0,5,-5
"223","6205詮欣","110/08/20","臺銀-民權",5,0,5
"224","6205詮欣","110/08/20","華南永昌-公誠",0,5,-5
"225","6205詮欣","110/08/20","亞東",4,0,4
"226","6205詮欣","110/08/20","元大-西螺",0,5,-5
"227","6205詮欣","110/08/20","玉山證券",4,0,4
"228","6205詮欣","110/08/20","群益金鼎-永和",0,4,-4
"229","6205詮欣","110/08/20","華南永昌-古亭",4,0,4
"230","6205詮欣","110/08/20","元大-新竹經國",0,4,-4
"231","6205詮欣","110/08/20","元大-博愛",4,0,4
"232","6205詮欣","110/08/20","永興-大墩",0,3,-3
"233","6205詮欣","110/08/20","元富-草屯",3,0,3
"234","6205詮欣","110/08/20","國票-和平",0,3,-3
"235","6205詮欣","110/08/20","合庫-鳳山",2,0,2
"236","6205詮欣","110/08/20","國泰-敦南",0,3,-3
"237","6205詮欣","110/08/20","日進",2,0,2
"238","6205詮欣","110/08/20","華南永昌",0,3,-3
"239","6205詮欣","110/08/20","凱基-苗栗",2,0,2
"240","6205詮欣","110/08/20","永豐金-新竹",0,3,-3
"241","1540喬福","110/08/20","富邦-員林",11,0,11
"242","1540喬福","110/08/20","元大-北三重",0,12,-12
"243","1540喬福","110/08/20","永豐金-鳳山",5,0,5
"244","1540喬福","110/08/20","元大-土城永寧",0,10,-10
"245","1540喬福","110/08/20","亞東",4,0,4
"246","1540喬福","110/08/20","新光-新竹",1,6,-5
"247","1540喬福","110/08/20","新光",3,0,3
"248","1540喬福","110/08/20","富邦-台南",0,5,-5
"249","1540喬福","110/08/20","日盛-頭份",2,0,2
"250","1540喬福","110/08/20","元大-龍潭",0,5,-5
"251","1540喬福","110/08/20","第一金-嘉義",2,0,2
"252","1540喬福","110/08/20","日盛-台中",0,2,-2
"253","1540喬福","110/08/20","兆豐-鹿港",2,0,2
"254","1540喬福","110/08/20","元大-東港",0,1,-1
"255","1540喬福","110/08/20","摩根大通",2,0,2
"256","1540喬福","110/08/20","日盛-板橋",0,0,0
"257","1540喬福","110/08/20","玉山-桃園",1,0,1
"258","1540喬福","110/08/20","元富",1,1,0
"259","1540喬福","110/08/20","凱基-台北",1,0,1
"260","1540喬福","110/08/20","康和-板橋",0,0,0
"261","1540喬福","110/08/20","凱基-嘉義",1,0,1
"262","1540喬福","110/08/20","國泰-敦南",0,0,0
"263","1540喬福","110/08/20","凱基-市府",1,0,1
"264","1540喬福","110/08/20","群益金鼎-板橋",0,0,0
"265","1540喬福","110/08/20","群益金鼎-潭子",1,0,1
"266","1540喬福","110/08/20","富邦-桃園",0,0,0
"267","1540喬福","110/08/20","台灣企銀-建成",1,0,1
"268","1540喬福","110/08/20","元大-西門",0,0,0
"269","1540喬福","110/08/20","國票-天祥",1,0,1
"270","1540喬福","110/08/20","元大-草屯",0,0,0
"271","2888新光金","110/08/20","元富",2479,10,2469
"272","2888新光金","110/08/20","摩根大通",2428,8920,-6492
"273","2888新光金","110/08/20","華南永昌",1300,1,1299
"274","2888新光金","110/08/20","台灣摩根士丹利",272,5505,-5233
"275","2888新光金","110/08/20","凱基-頭份",1104,10,1094
"276","2888新光金","110/08/20","美商高盛",23,4545,-4522
"277","2888新光金","110/08/20","新光",1484,401,1083
"278","2888新光金","110/08/20","瑞士信貸",62,1483,-1421
"279","2888新光金","110/08/20","元大證券",1044,239,805
"280","2888新光金","110/08/20","港商法國興業",66,1075,-1009
"281","2888新光金","110/08/20","國票-北高雄",711,0,711
"282","2888新光金","110/08/20","元大-大雅",47,998,-951
"283","2888新光金","110/08/20","兆豐-台中港",629,0,629
"284","2888新光金","110/08/20","法銀巴黎",449,1363,-914
"285","2888新光金","110/08/20","臺銀",509,9,500
"286","2888新光金","110/08/20","國票-九鼎",27,911,-884
"287","2888新光金","110/08/20","國泰-忠孝",491,53,438
"288","2888新光金","110/08/20","港商野村",79,637,-558
"289","2888新光金","110/08/20","國泰-敦南",466,37,429
"290","2888新光金","110/08/20","群益金鼎-瑞豐",11,560,-549
"291","2888新光金","110/08/20","台中銀",442,30,412
"292","2888新光金","110/08/20","德信-和平",8,500,-492
"293","2888新光金","110/08/20","富邦-南屯",429,30,399
"294","2888新光金","110/08/20","元大-大天母",54,452,-398
"295","2888新光金","110/08/20","元大-三重",338,11,327
"296","2888新光金","110/08/20","合庫證券",34,393,-359
"297","2888新光金","110/08/20","永豐金-大園",326,10,316
"298","2888新光金","110/08/20","群益金鼎",16,358,-342
"299","2888新光金","110/08/20","北城證券",306,6,300
"300","2888新光金","110/08/20","群益金鼎-板橋",6,304,-298
"301","1340勝悅","110/08/20","元富-成功",23,0,23
"302","1340勝悅","110/08/20","摩根大通",0,13,-13
"303","1340勝悅","110/08/20","華南永昌-高雄",11,0,11
"304","1340勝悅","110/08/20","港商法國興業",0,10,-10
"305","1340勝悅","110/08/20","統一-城中",8,2,6
"306","1340勝悅","110/08/20","凱基-東勢",0,10,-10
"307","1340勝悅","110/08/20","元大-北成功",6,0,6
"308","1340勝悅","110/08/20","元大-楊梅",0,10,-10
"309","1340勝悅","110/08/20","臺銀-臺中",5,0,5
"310","1340勝悅","110/08/20","華南永昌-東昇",0,9,-9
"311","1340勝悅","110/08/20","臺灣企銀-埔墘",5,0,5
"312","1340勝悅","110/08/20","合庫-自強",0,5,-5
"313","1340勝悅","110/08/20","日盛-板橋",5,0,5
"314","1340勝悅","110/08/20","兆豐-新竹",0,5,-5
"315","1340勝悅","110/08/20","美商高盛",4,0,4
"316","1340勝悅","110/08/20","玉山-桃園",0,5,-5
"317","1340勝悅","110/08/20","大昌",3,0,3
"318","1340勝悅","110/08/20","元大-復北",0,5,-5
"319","1340勝悅","110/08/20","台中銀",2,0,2
"320","1340勝悅","110/08/20","兆豐-來福",0,4,-4
"321","1340勝悅","110/08/20","新光-台中",2,0,2
"322","1340勝悅","110/08/20","新光",0,4,-4
"323","1340勝悅","110/08/20","群益金鼎-崇德",2,0,2
"324","1340勝悅","110/08/20","瑞士信貸",0,3,-3
"325","1340勝悅","110/08/20","群益金鼎-館前",2,0,2
"326","1340勝悅","110/08/20","台新證券",0,3,-3
"327","1340勝悅","110/08/20","華南永昌-忠孝",2,0,2
"328","1340勝悅","110/08/20","臺銀-鳳山",0,2,-2
"329","1340勝悅","110/08/20","富邦-北港",2,0,2
"330","1340勝悅","110/08/20","美林",0,2,-2
"331","6246臺龍","110/08/20","新光-台中",18,0,18
"332","6246臺龍","110/08/20","元大-林園",0,20,-20
"333","6246臺龍","110/08/20","凱基-台北",15,0,15
"334","6246臺龍","110/08/20","凱基-永和",1,15,-14
"335","6246臺龍","110/08/20","元大-台北",8,0,8
"336","6246臺龍","110/08/20","凱基-竹北",0,12,-12
"337","6246臺龍","110/08/20","元大-北屯",6,0,6
"338","6246臺龍","110/08/20","富邦-桃園",0,6,-6
"339","6246臺龍","110/08/20","臺銀-臺中",4,0,4
"340","6246臺龍","110/08/20","國泰-敦南",0,5,-5
"341","6246臺龍","110/08/20","元富-吉利",4,0,4
"342","6246臺龍","110/08/20","日盛證券",0,3,-3
"343","6246臺龍","110/08/20","凱基-內湖",4,0,4
"344","6246臺龍","110/08/20","第一金-台南",0,3,-3
"345","6246臺龍","110/08/20","富邦-建國",4,0,4
"346","6246臺龍","110/08/20","第一金-桃園",0,3,-3
"347","6246臺龍","110/08/20","宏遠-新化",3,0,3
"348","6246臺龍","110/08/20","群益金鼎-北高雄",0,3,-3
"349","6246臺龍","110/08/20","第一金-大稻埕",2,0,2
"350","6246臺龍","110/08/20","凱基-虎尾",0,3,-3
"351","6246臺龍","110/08/20","國票-敦北法人",2,0,2
"352","6246臺龍","110/08/20","元大-博愛",0,3,-3
"353","6246臺龍","110/08/20","群益金鼎-開元",2,0,2
"354","6246臺龍","110/08/20","統一-新竹",0,2,-2
"355","6246臺龍","110/08/20","元大-竹山",2,0,2
"356","6246臺龍","110/08/20","元富-新店",0,2,-2
"357","6246臺龍","110/08/20","元大-上新莊",2,0,2
"358","6246臺龍","110/08/20","元富-烏日",0,2,-2
"359","6246臺龍","110/08/20","元大-土城",2,0,2
"360","6246臺龍","110/08/20","台新-中壢",0,2,-2
"361","00715L期街口布蘭特正2","110/08/20","新光",1501,206,1295
"362","00715L期街口布蘭特正2","110/08/20","元大證券",460,5183,-4723
"363","00715L期街口布蘭特正2","110/08/20","富邦-南屯",671,15,656
"364","00715L期街口布蘭特正2","110/08/20","合庫證券",9,3350,-3341
"365","00715L期街口布蘭特正2","110/08/20","元大-復北",756,120,636
"366","00715L期街口布蘭特正2","110/08/20","康和",603,2255,-1652
"367","00715L期街口布蘭特正2","110/08/20","華南永昌",555,0,555
"368","00715L期街口布蘭特正2","110/08/20","群益金鼎",0,1488,-1488
"369","00715L期街口布蘭特正2","110/08/20","玉山證券",525,32,493
"370","00715L期街口布蘭特正2","110/08/20","凱基-台北",57,1280,-1223
"371","00715L期街口布蘭特正2","110/08/20","第一金-華江",472,1,471
"372","00715L期街口布蘭特正2","110/08/20","統一-台中",34,1238,-1204
"373","00715L期街口布蘭特正2","110/08/20","元大-西屯",412,0,412
"374","00715L期街口布蘭特正2","110/08/20","國票",306,1276,-970
"375","00715L期街口布蘭特正2","110/08/20","第一金-豐原",390,0,390
"376","00715L期街口布蘭特正2","110/08/20","富邦證券",2234,2995,-761
"377","00715L期街口布蘭特正2","110/08/20","元大-北港",374,0,374
"378","00715L期街口布蘭特正2","110/08/20","日盛-新莊",221,825,-604
"379","00715L期街口布蘭特正2","110/08/20","華南永昌-台中",379,10,369
"380","00715L期街口布蘭特正2","110/08/20","台新-台中",169,711,-542
"381","00715L期街口布蘭特正2","110/08/20","玉山-新竹",345,10,335
"382","00715L期街口布蘭特正2","110/08/20","元富",0,507,-507
"383","00715L期街口布蘭特正2","110/08/20","元大-草屯",413,88,325
"384","00715L期街口布蘭特正2","110/08/20","台中銀",90,452,-362
"385","00715L期街口布蘭特正2","110/08/20","日盛-二林",307,1,306
"386","00715L期街口布蘭特正2","110/08/20","凱基-中壢",98,442,-344
"387","00715L期街口布蘭特正2","110/08/20","凱基-站前",306,0,306
"388","00715L期街口布蘭特正2","110/08/20","台新證券",312,644,-332
"389","00715L期街口布蘭特正2","110/08/20","新光-台中",308,23,285
"390","00715L期街口布蘭特正2","110/08/20","元大-林森",1,252,-251
"391","8941關中","110/08/20","合庫-彰化",1,0,1
"392","8941關中","110/08/20","大慶-富順",0,1,-1
"393","8941關中","110/08/20","凱基-市府",1,0,1
"394","8941關中","110/08/20","國泰-忠孝",0,1,-1
"395","8941關中","110/08/20","玉山-台大",0,0,0
"396","8941關中","110/08/20","玉山-台大",0,0,0
"397","8941關中","110/08/20","國泰-高雄",0,0,0
"398","8941關中","110/08/20","國泰-高雄",0,0,0
"399","8941關中","110/08/20","元大-南投",0,0,0
"400","8941關中","110/08/20","元大-南投",0,0,0
"401","8941關中","110/08/20","永豐金-萬盛",0,0,0
"402","8941關中","110/08/20","永豐金-萬盛",0,0,0
"403","8941關中","110/08/20","永豐金-南投",0,0,0
"404","8941關中","110/08/20","永豐金-南投",0,0,0
"405","8941關中","110/08/20","",NA,NA,NA
"406","8941關中","110/08/20","",NA,NA,NA
"407","8941關中","110/08/20","",NA,NA,NA
"408","8941關中","110/08/20","",NA,NA,NA
"409","8941關中","110/08/20","",NA,NA,NA
"410","8941關中","110/08/20","",NA,NA,NA
"411","8941關中","110/08/20","",NA,NA,NA
"412","8941關中","110/08/20","",NA,NA,NA
"413","8941關中","110/08/20","",NA,NA,NA
"414","8941關中","110/08/20","",NA,NA,NA
"415","8941關中","110/08/20","",NA,NA,NA
"416","8941關中","110/08/20","",NA,NA,NA
"417","8941關中","110/08/20","",NA,NA,NA
"418","8941關中","110/08/20","",NA,NA,NA
"419","8941關中","110/08/20","",NA,NA,NA
"420","8941關中","110/08/20","",NA,NA,NA
"421","8936國統","110/08/20","美林",81,0,81
"422","8936國統","110/08/20","國票-和平",0,75,-75
"423","8936國統","110/08/20","宏遠-台南",82,29,53
"424","8936國統","110/08/20","台灣摩根士丹利",9,55,-46
"425","8936國統","110/08/20","台中銀-高雄",51,0,51
"426","8936國統","110/08/20","美商高盛",6,33,-27
"427","8936國統","110/08/20","富邦-岡山",35,0,35
"428","8936國統","110/08/20","凱基-高美館",6,33,-27
"429","8936國統","110/08/20","港商野村",73,43,30
"430","8936國統","110/08/20","新光-台中",18,43,-25
"431","8936國統","110/08/20","康和-高雄",30,0,30
"432","8936國統","110/08/20","凱基-中山",0,17,-17
"433","8936國統","110/08/20","瑞士信貸",15,0,15
"434","8936國統","110/08/20","玉山-城中",3,17,-14
"435","8936國統","110/08/20","兆豐-北高雄",14,0,14
"436","8936國統","110/08/20","日盛-頭份",0,12,-12
"437","8936國統","110/08/20","元大-汐止",11,0,11
"438","8936國統","110/08/20","日盛-大墩",0,10,-10
"439","8936國統","110/08/20","玉山-左營",10,0,10
"440","8936國統","110/08/20","凱基-台北",34,44,-10
"441","8936國統","110/08/20","元大-路竹",10,0,10
"442","8936國統","110/08/20","元大-高雄",0,10,-10
"443","8936國統","110/08/20","永豐金-南投",10,0,10
"444","8936國統","110/08/20","元富-同大",0,8,-8
"445","8936國統","110/08/20","臺銀",8,2,6
"446","8936國統","110/08/20","元大-鑫永和",0,8,-8
"447","8936國統","110/08/20","大昌-新店",5,0,5
"448","8936國統","110/08/20","日盛-豐原",0,7,-7
"449","8936國統","110/08/20","國票-內壢",5,0,5
"450","8936國統","110/08/20","第一金-路竹",0,7,-7
"451","6226光鼎","110/08/20","美商高盛",388,14,374
"452","6226光鼎","110/08/20","國泰-台中",62,142,-80
"453","6226光鼎","110/08/20","台灣摩根士丹利",347,26,321
"454","6226光鼎","110/08/20","元大-北屯",27,101,-74
"455","6226光鼎","110/08/20","元大-文心興安",238,8,230
"456","6226光鼎","110/08/20","永豐金-竹科",0,69,-69
"457","6226光鼎","110/08/20","美林",265,60,205
"458","6226光鼎","110/08/20","臺銀-高雄",0,61,-61
"459","6226光鼎","110/08/20","凱基-台北",211,59,152
"460","6226光鼎","110/08/20","日盛-信義",0,60,-60
"461","6226光鼎","110/08/20","摩根大通",172,72,100
"462","6226光鼎","110/08/20","元大證券",18,76,-58
"463","6226光鼎","110/08/20","新加坡商瑞銀",162,78,84
"464","6226光鼎","110/08/20","中國信託",31,81,-50
"465","6226光鼎","110/08/20","港商野村",168,89,79
"466","6226光鼎","110/08/20","華南永昌-長虹",1,51,-50
"467","6226光鼎","110/08/20","中國信託-永康",70,28,42
"468","6226光鼎","110/08/20","富邦-板橋",6,55,-49
"469","6226光鼎","110/08/20","致和-佳里",39,5,34
"470","6226光鼎","110/08/20","土銀-彰化",8,53,-45
"471","6226光鼎","110/08/20","兆豐-桃鶯",30,0,30
"472","6226光鼎","110/08/20","新光",49,94,-45
"473","6226光鼎","110/08/20","永豐金-中盛",38,10,28
"474","6226光鼎","110/08/20","台新證券",86,129,-43
"475","6226光鼎","110/08/20","凱基-站前",27,0,27
"476","6226光鼎","110/08/20","元大-竹科",14,57,-43
"477","6226光鼎","110/08/20","群益金鼎-永和",25,0,25
"478","6226光鼎","110/08/20","兆豐-寶成",1,43,-42
"479","6226光鼎","110/08/20","國票-台南",23,0,23
"480","6226光鼎","110/08/20","國泰-館前",13,55,-42
"481","2363矽統","110/08/20","凱基-台北",909,319,590
"482","2363矽統","110/08/20","群益金鼎",10,183,-173
"483","2363矽統","110/08/20","港商野村",1346,1106,240
"484","2363矽統","110/08/20","國票-台東",2,153,-151
"485","2363矽統","110/08/20","美林",332,137,195
"486","2363矽統","110/08/20","元大-前金",44,169,-125
"487","2363矽統","110/08/20","摩根大通",268,88,180
"488","2363矽統","110/08/20","元大-汐止",32,121,-89
"489","2363矽統","110/08/20","美商高盛",270,113,157
"490","2363矽統","110/08/20","統一-屏東",14,90,-76
"491","2363矽統","110/08/20","統一-三重",108,0,108
"492","2363矽統","110/08/20","國泰-敦南",202,271,-69
"493","2363矽統","110/08/20","日盛-中和",110,13,97
"494","2363矽統","110/08/20","凱基-長庚",12,76,-64
"495","2363矽統","110/08/20","台新-新營",84,14,70
"496","2363矽統","110/08/20","凱基-鳳山",4,61,-57
"497","2363矽統","110/08/20","富邦-台北",183,117,66
"498","2363矽統","110/08/20","群益金鼎-中壢",25,81,-56
"499","2363矽統","110/08/20","新光",238,178,60
"500","2363矽統","110/08/20","合庫-高雄",23,78,-55
"501","2363矽統","110/08/20","元大-士林",56,1,55
"502","2363矽統","110/08/20","永豐金-市政",23,75,-52
"503","2363矽統","110/08/20","凱基-台南",54,6,48
"504","2363矽統","110/08/20","國泰-館前",98,148,-50
"505","2363矽統","110/08/20","光和",45,4,41
"506","2363矽統","110/08/20","國票-九鼎",14,62,-48
"507","2363矽統","110/08/20","凱基-敦北",40,0,40
"508","2363矽統","110/08/20","台新-左楠",2,47,-45
"509","2363矽統","110/08/20","永豐金-台中",45,7,38
"510","2363矽統","110/08/20","永豐金-潮州",3,46,-43
"511","8112至上","110/08/20","港商法國興業",188,0,188
"512","8112至上","110/08/20","台灣摩根士丹利",0,152,-152
"513","8112至上","110/08/20","港商野村",229,78,151
"514","8112至上","110/08/20","合庫-西台中",0,130,-130
"515","8112至上","110/08/20","凱基-台北",95,12,83
"516","8112至上","110/08/20","富邦-仁愛",7,102,-95
"517","8112至上","110/08/20","美商高盛",100,23,77
"518","8112至上","110/08/20","元大-永春",0,88,-88
"519","8112至上","110/08/20","瑞士信貸",54,1,53
"520","8112至上","110/08/20","元大-佳里",5,60,-55
"521","8112至上","110/08/20","元大-路竹",38,7,31
"522","8112至上","110/08/20","群益金鼎-基隆",1,49,-48
"523","8112至上","110/08/20","富邦-新竹",37,7,30
"524","8112至上","110/08/20","新加坡商瑞銀",34,73,-39
"525","8112至上","110/08/20","元大-竹東",23,0,23
"526","8112至上","110/08/20","摩根大通",183,214,-31
"527","8112至上","110/08/20","凱基-桃園",22,1,21
"528","8112至上","110/08/20","亞東-新竹",0,30,-30
"529","8112至上","110/08/20","群益金鼎-大興",20,0,20
"530","8112至上","110/08/20","亞東-台中",0,30,-30
"531","8112至上","110/08/20","富邦-北港",20,0,20
"532","8112至上","110/08/20","美林",32,61,-29
"533","8112至上","110/08/20","元大-東港",20,0,20
"534","8112至上","110/08/20","合庫-基隆",0,21,-21
"535","8112至上","110/08/20","第一金-頭份",23,5,18
"536","8112至上","110/08/20","(牛牛牛)亞-鑫豐",14,35,-21
"537","8112至上","110/08/20","元大-仁愛",17,0,17
"538","8112至上","110/08/20","國票-南港",5,26,-21
"539","8112至上","110/08/20","國票-天祥",16,0,16
"540","8112至上","110/08/20","國泰-台中",5,26,-21
"541","1570力肯","110/08/20","國票-北高雄",27,0,27
"542","1570力肯","110/08/20","元大-大雅",8,58,-50
"543","1570力肯","110/08/20","元大-鹿港",29,4,25
"544","1570力肯","110/08/20","凱基-三峽",0,30,-30
"545","1570力肯","110/08/20","摩根大通",27,5,22
"546","1570力肯","110/08/20","元大-樹林",0,30,-30
"547","1570力肯","110/08/20","富邦-花蓮",20,0,20
"548","1570力肯","110/08/20","統一",0,28,-28
"549","1570力肯","110/08/20","群益金鼎-高雄",18,0,18
"550","1570力肯","110/08/20","國票-南科",0,13,-13
"551","1570力肯","110/08/20","元大-草屯",13,0,13
"552","1570力肯","110/08/20","元大-鑫永和",0,12,-12
"553","1570力肯","110/08/20","元富-緯城",12,0,12
"554","1570力肯","110/08/20","台新證券",0,11,-11
"555","1570力肯","110/08/20","元富-世貿",10,0,10
"556","1570力肯","110/08/20","群益金鼎-民權",0,10,-10
"557","1570力肯","110/08/20","大慶-蘆洲",7,0,7
"558","1570力肯","110/08/20","國票-台中",3,11,-8
"559","1570力肯","110/08/20","(牛牛牛)亞-鑫豐",25,18,7
"560","1570力肯","110/08/20","土銀-新竹",1,7,-6
"561","1570力肯","110/08/20","國票-天祥",6,0,6
"562","1570力肯","110/08/20","台灣摩根士丹利",0,6,-6
"563","1570力肯","110/08/20","凱基-台北",7,1,6
"564","1570力肯","110/08/20","國泰-敦南",1,7,-6
"565","1570力肯","110/08/20","元富-城東",5,0,5
"566","1570力肯","110/08/20","高橋-龍潭",0,5,-5
"567","1570力肯","110/08/20","國票",5,0,5
"568","1570力肯","110/08/20","玉山-高雄",0,5,-5
"569","1570力肯","110/08/20","萬泰",5,0,5
"570","1570力肯","110/08/20","永豐金-苓雅",0,5,-5
"571","2929淘帝","110/08/20","元大-太平",35,0,35
"572","2929淘帝","110/08/20","元大-莒光",0,25,-25
"573","2929淘帝","110/08/20","港商野村",17,5,12
"574","2929淘帝","110/08/20","富邦-新營",0,20,-20
"575","2929淘帝","110/08/20","摩根大通",16,6,10
"576","2929淘帝","110/08/20","華南永昌-古亭",0,16,-16
"577","2929淘帝","110/08/20","永豐金-板新",10,0,10
"578","2929淘帝","110/08/20","兆豐-桃鶯",0,12,-12
"579","2929淘帝","110/08/20","美林",10,1,9
"580","2929淘帝","110/08/20","中國信託",0,10,-10
"581","2929淘帝","110/08/20","兆豐-忠孝",8,0,8
"582","2929淘帝","110/08/20","元大-竹科",0,10,-10
"583","2929淘帝","110/08/20","凱基-東門",8,0,8
"584","2929淘帝","110/08/20","永豐金-新莊",0,10,-10
"585","2929淘帝","110/08/20","高橋-龍潭",5,0,5
"586","2929淘帝","110/08/20","兆豐-東門",0,8,-8
"587","2929淘帝","110/08/20","玉山-台南",5,0,5
"588","2929淘帝","110/08/20","凱基-三峽",0,7,-7
"589","2929淘帝","110/08/20","凱基-中山",5,0,5
"590","2929淘帝","110/08/20","宏遠-館前",0,5,-5
"591","2929淘帝","110/08/20","華南永昌-小港",5,0,5
"592","2929淘帝","110/08/20","瑞士信貸",0,5,-5
"593","2929淘帝","110/08/20","元大-員林",5,0,5
"594","2929淘帝","110/08/20","富邦-陽明",0,5,-5
"595","2929淘帝","110/08/20","元大-永和",5,0,5
"596","2929淘帝","110/08/20","中國信託-松江",0,4,-4
"597","2929淘帝","110/08/20","永豐金-永康",5,0,5
"598","2929淘帝","110/08/20","玉山-新竹",11,15,-4
"599","2929淘帝","110/08/20","群益金鼎-潭子",4,0,4
"600","2929淘帝","110/08/20","元富-成功",0,3,-3
"601","5410國眾","110/08/20","大昌",5,0,5
"602","5410國眾","110/08/20","元大-發財",0,9,-9
"603","5410國眾","110/08/20","華南永昌-高雄",5,0,5
"604","5410國眾","110/08/20","元大-士林",2,8,-6
"605","5410國眾","110/08/20","元大-東泰",5,0,5
"606","5410國眾","110/08/20","日盛-屏東",0,5,-5
"607","5410國眾","110/08/20","元大-中壢",5,0,5
"608","5410國眾","110/08/20","新加坡商瑞銀",3,8,-5
"609","5410國眾","110/08/20","中國信託-新竹",4,0,4
"610","5410國眾","110/08/20","凱基-台北",0,4,-4
"611","5410國眾","110/08/20","新光",3,0,3
"612","5410國眾","110/08/20","元大-南勢角",0,4,-4
"613","5410國眾","110/08/20","凱基-竹北",3,0,3
"614","5410國眾","110/08/20","寶盛",0,3,-3
"615","5410國眾","110/08/20","國泰-松江",2,0,2
"616","5410國眾","110/08/20","元富-台南",0,2,-2
"617","5410國眾","110/08/20","群益金鼎-海山",2,0,2
"618","5410國眾","110/08/20","華南永昌-小港",0,2,-2
"619","5410國眾","110/08/20","凱基-彰化",2,0,2
"620","5410國眾","110/08/20","富邦-竹北",1,3,-2
"621","5410國眾","110/08/20","日盛-二林",1,0,1
"622","5410國眾","110/08/20","富邦-永和",0,2,-2
"623","5410國眾","110/08/20","美林",1,0,1
"624","5410國眾","110/08/20","元大-華山",0,2,-2
"625","5410國眾","110/08/20","大慶-蘆洲",1,0,1
"626","5410國眾","110/08/20","中國信託-文心",0,1,-1
"627","5410國眾","110/08/20","中國信託-嘉義",1,0,1
"628","5410國眾","110/08/20","國泰-敦南",4,5,-1
"629","5410國眾","110/08/20","國泰-台南",1,0,1
"630","5410國眾","110/08/20","華南永昌-楠梓",0,1,-1
"631","2841台開","110/08/20","宏遠-館前",465,0,465
"632","2841台開","110/08/20","台中銀",0,113,-113
"633","2841台開","110/08/20","第一金",102,0,102
"634","2841台開","110/08/20","國票-敦北法人",0,51,-51
"635","2841台開","110/08/20","富邦-岡山",18,0,18
"636","2841台開","110/08/20","高橋",0,50,-50
"637","2841台開","110/08/20","台新證券",15,2,13
"638","2841台開","110/08/20","日盛證券",0,43,-43
"639","2841台開","110/08/20","元大-新竹經國",10,0,10
"640","2841台開","110/08/20","永豐金-三重",0,39,-39
"641","2841台開","110/08/20","日盛-新竹",6,0,6
"642","2841台開","110/08/20","玉山-高雄",0,30,-30
"643","2841台開","110/08/20","元富-文心",5,0,5
"644","2841台開","110/08/20","元大-竹山",0,30,-30
"645","2841台開","110/08/20","第一金-路竹",3,0,3
"646","2841台開","110/08/20","光和-高雄",0,28,-28
"647","2841台開","110/08/20","永豐金-中盛",3,0,3
"648","2841台開","110/08/20","永豐金-敦南",15,37,-22
"649","2841台開","110/08/20","新光-台中",2,0,2
"650","2841台開","110/08/20","新光-台南",0,21,-21
"651","2841台開","110/08/20","群益金鼎-館前",2,0,2
"652","2841台開","110/08/20","玉山-嘉義",0,20,-20
"653","2841台開","110/08/20","群益金鼎-東湖",2,0,2
"654","2841台開","110/08/20","富邦-員林",0,20,-20
"655","2841台開","110/08/20","元大-屏東民生",2,0,2
"656","2841台開","110/08/20","元大-竹科",0,20,-20
"657","2841台開","110/08/20","國泰-板橋",1,0,1
"658","2841台開","110/08/20","元大-善化",0,15,-15
"659","2841台開","110/08/20","群益金鼎-崇德",1,0,1
"660","2841台開","110/08/20","永豐金-忠孝",0,15,-15
"661","6207雷科","110/08/20","日盛-員林",20,0,20
"662","6207雷科","110/08/20","凱基-敦北",0,26,-26
"663","6207雷科","110/08/20","美林",16,0,16
"664","6207雷科","110/08/20","新加坡商瑞銀",12,27,-15
"665","6207雷科","110/08/20","凱基-台北",20,8,12
"666","6207雷科","110/08/20","國票-南科",1,13,-12
"667","6207雷科","110/08/20","瑞士信貸",11,0,11
"668","6207雷科","110/08/20","台新證券",0,10,-10
"669","6207雷科","110/08/20","港商野村",23,12,11
"670","6207雷科","110/08/20","國票-九鼎",2,10,-8
"671","6207雷科","110/08/20","摩根大通",33,22,11
"672","6207雷科","110/08/20","台新-台中",0,5,-5
"673","6207雷科","110/08/20","凱基-羅東",6,0,6
"674","6207雷科","110/08/20","玉山-嘉義",0,5,-5
"675","6207雷科","110/08/20","富邦-中壢",6,0,6
"676","6207雷科","110/08/20","群益金鼎-三民",0,5,-5
"677","6207雷科","110/08/20","元大-大灣",6,0,6
"678","6207雷科","110/08/20","元大-博愛",0,5,-5
"679","6207雷科","110/08/20","日盛-台南",5,0,5
"680","6207雷科","110/08/20","中國信託-中壢",0,4,-4
"681","6207雷科","110/08/20","富邦-台北",5,0,5
"682","6207雷科","110/08/20","兆豐-彰化",0,4,-4
"683","6207雷科","110/08/20","富邦-新店",5,0,5
"684","6207雷科","110/08/20","群益金鼎-東門",0,4,-4
"685","6207雷科","110/08/20","元大-府城",5,0,5
"686","6207雷科","110/08/20","致和-高雄",0,3,-3
"687","6207雷科","110/08/20","中農",3,0,3
"688","6207雷科","110/08/20","新光-高雄",0,3,-3
"689","6207雷科","110/08/20","華南永昌-古亭",3,0,3
"690","6207雷科","110/08/20","凱基-高雄",0,3,-3
"691","3679新至陞","110/08/20","元大-大天母",10,0,10
"692","3679新至陞","110/08/20","台灣企銀-建成",0,6,-6
"693","3679新至陞","110/08/20","港商野村",3,0,3
"694","3679新至陞","110/08/20","美林",0,6,-6
"695","3679新至陞","110/08/20","(牛牛牛)亞-網路",3,0,3
"696","3679新至陞","110/08/20","花旗環球",0,5,-5
"697","3679新至陞","110/08/20","富邦-花蓮",3,0,3
"698","3679新至陞","110/08/20","新加坡商瑞銀",0,5,-5
"699","3679新至陞","110/08/20","凱基-中山",2,0,2
"700","3679新至陞","110/08/20","日盛-忠孝",0,4,-4
"701","3679新至陞","110/08/20","日盛-木柵",1,0,1
"702","3679新至陞","110/08/20","元大證券",1,4,-3
"703","3679新至陞","110/08/20","日盛-員林",1,0,1
"704","3679新至陞","110/08/20","摩根大通",4,6,-2
"705","3679新至陞","110/08/20","日盛-文化",1,0,1
"706","3679新至陞","110/08/20","凱基-埔墘",0,2,-2
"707","3679新至陞","110/08/20","台灣摩根士丹利",1,0,1
"708","3679新至陞","110/08/20","日盛-板橋",0,1,-1
"709","3679新至陞","110/08/20","瑞士信貸",1,0,1
"710","3679新至陞","110/08/20","美商高盛",0,1,-1
"711","3679新至陞","110/08/20","第一金-澎湖",1,0,1
"712","3679新至陞","110/08/20","第一金-台南",0,1,-1
"713","3679新至陞","110/08/20","統一-松江",1,0,1
"714","3679新至陞","110/08/20","台中銀-員林",0,1,-1
"715","3679新至陞","110/08/20","元富-草屯",1,0,1
"716","3679新至陞","110/08/20","北城證券",0,1,-1
"717","3679新至陞","110/08/20","光和-溪湖",1,0,1
"718","3679新至陞","110/08/20","國票-九鼎",0,1,-1
"719","3679新至陞","110/08/20","兆豐-三重",1,0,1
"720","3679新至陞","110/08/20","富邦-陽明",0,1,-1
"721","2727王品","110/08/20","元大-台中中港",339,0,339
"722","2727王品","110/08/20","兆豐-南京",0,980,-980
"723","2727王品","110/08/20","台灣摩根士丹利",93,12,81
"724","2727王品","110/08/20","港商麥格理",0,65,-65
"725","2727王品","110/08/20","摩根大通",63,4,59
"726","2727王品","110/08/20","玉山證券",2,25,-23
"727","2727王品","110/08/20","瑞士信貸",62,7,55
"728","2727王品","110/08/20","元大證券",2,22,-20
"729","2727王品","110/08/20","國票-南港",50,0,50
"730","2727王品","110/08/20","永豐金-桃盛",0,20,-20
"731","2727王品","110/08/20","玉山-板橋",40,10,30
"732","2727王品","110/08/20","元富-西松",0,18,-18
"733","2727王品","110/08/20","美林",38,9,29
"734","2727王品","110/08/20","美商高盛",5,17,-12
"735","2727王品","110/08/20","國泰-敦南",23,2,21
"736","2727王品","110/08/20","台新-中壢",0,11,-11
"737","2727王品","110/08/20","富邦-台北",16,2,14
"738","2727王品","110/08/20","富邦-桃園",0,11,-11
"739","2727王品","110/08/20","凱基-科園",15,2,13
"740","2727王品","110/08/20","永豐金-新竹",0,11,-11
"741","2727王品","110/08/20","凱基-台北",68,56,12
"742","2727王品","110/08/20","彰銀-台中",0,10,-10
"743","2727王品","110/08/20","宏遠-高雄",11,0,11
"744","2727王品","110/08/20","兆豐-新莊",0,10,-10
"745","2727王品","110/08/20","日茂-埔里",11,0,11
"746","2727王品","110/08/20","元大-學甲",0,10,-10
"747","2727王品","110/08/20","港商野村",58,48,10
"748","2727王品","110/08/20","群益金鼎-延平",0,9,-9
"749","2727王品","110/08/20","群益金鼎-潭子",10,0,10
"750","2727王品","110/08/20","永豐金-松山",2,10,-8
"751","1570力肯","110/08/20","國票-北高雄",27,0,27
"752","1570力肯","110/08/20","元大-大雅",8,58,-50
"753","1570力肯","110/08/20","元大-鹿港",29,4,25
"754","1570力肯","110/08/20","凱基-三峽",0,30,-30
"755","1570力肯","110/08/20","摩根大通",27,5,22
"756","1570力肯","110/08/20","元大-樹林",0,30,-30
"757","1570力肯","110/08/20","富邦-花蓮",20,0,20
"758","1570力肯","110/08/20","統一",0,28,-28
"759","1570力肯","110/08/20","群益金鼎-高雄",18,0,18
"760","1570力肯","110/08/20","國票-南科",0,13,-13
"761","1570力肯","110/08/20","元大-草屯",13,0,13
"762","1570力肯","110/08/20","元大-鑫永和",0,12,-12
"763","1570力肯","110/08/20","元富-緯城",12,0,12
"764","1570力肯","110/08/20","台新證券",0,11,-11
"765","1570力肯","110/08/20","元富-世貿",10,0,10
"766","1570力肯","110/08/20","群益金鼎-民權",0,10,-10
"767","1570力肯","110/08/20","大慶-蘆洲",7,0,7
"768","1570力肯","110/08/20","國票-台中",3,11,-8
"769","1570力肯","110/08/20","(牛牛牛)亞-鑫豐",25,18,7
"770","1570力肯","110/08/20","土銀-新竹",1,7,-6
"771","1570力肯","110/08/20","國票-天祥",6,0,6
"772","1570力肯","110/08/20","台灣摩根士丹利",0,6,-6
"773","1570力肯","110/08/20","凱基-台北",7,1,6
"774","1570力肯","110/08/20","國泰-敦南",1,7,-6
"775","1570力肯","110/08/20","元富-城東",5,0,5
"776","1570力肯","110/08/20","高橋-龍潭",0,5,-5
"777","1570力肯","110/08/20","國票",5,0,5
"778","1570力肯","110/08/20","玉山-高雄",0,5,-5
"779","1570力肯","110/08/20","萬泰",5,0,5
"780","1570力肯","110/08/20","永豐金-苓雅",0,5,-5
"781","6180橘子","110/08/20","港商野村",272,0,272
"782","6180橘子","110/08/20","元大-博愛",0,42,-42
"783","6180橘子","110/08/20","美林",47,0,47
"784","6180橘子","110/08/20","群益金鼎-永和",1,40,-39
"785","6180橘子","110/08/20","兆豐-埔墘",10,0,10
"786","6180橘子","110/08/20","台灣摩根士丹利",4,39,-35
"787","6180橘子","110/08/20","元大-天母",9,0,9
"788","6180橘子","110/08/20","摩根大通",11,46,-35
"789","6180橘子","110/08/20","永豐金-桃園",10,1,9
"790","6180橘子","110/08/20","新光-桃園",0,35,-35
"791","6180橘子","110/08/20","凱基-大里",8,0,8
"792","6180橘子","110/08/20","臺銀",2,34,-32
"793","6180橘子","110/08/20","元大-草屯",7,0,7
"794","6180橘子","110/08/20","國泰-館前",1,33,-32
"795","6180橘子","110/08/20","日盛-雙和",5,0,5
"796","6180橘子","110/08/20","新光",7,38,-31
"797","6180橘子","110/08/20","第一金-高雄",5,0,5
"798","6180橘子","110/08/20","宏遠-館前",0,21,-21
"799","6180橘子","110/08/20","第一金-新竹",5,0,5
"800","6180橘子","110/08/20","富邦-竹東",0,21,-21
"801","6180橘子","110/08/20","群益金鼎-大興",5,0,5
"802","6180橘子","110/08/20","日盛-景美",0,20,-20
"803","6180橘子","110/08/20","群益金鼎-開元",5,0,5
"804","6180橘子","110/08/20","第一金-新興",0,20,-20
"805","6180橘子","110/08/20","元大-東泰",5,0,5
"806","6180橘子","110/08/20","凱基-彰化",0,16,-16
"807","6180橘子","110/08/20","元大-士林",5,0,5
"808","6180橘子","110/08/20","新加坡商瑞銀",5,15,-10
"809","6180橘子","110/08/20","元大-土城",5,0,5
"810","6180橘子","110/08/20","國票-長城",0,10,-10
"811","2390云辰","110/08/20","國票-安和",130,0,130
"812","2390云辰","110/08/20","統一-新台中",0,200,-200
"813","2390云辰","110/08/20","凱基-屏東",100,0,100
"814","2390云辰","110/08/20","聯邦-敦化",0,68,-68
"815","2390云辰","110/08/20","摩根大通",233,161,72
"816","2390云辰","110/08/20","美林",62,127,-65
"817","2390云辰","110/08/20","美商高盛",101,30,71
"818","2390云辰","110/08/20","新加坡商瑞銀",0,61,-61
"819","2390云辰","110/08/20","兆豐-高雄",78,11,67
"820","2390云辰","110/08/20","統一-新營",26,71,-45
"821","2390云辰","110/08/20","凱基-台北",257,199,58
"822","2390云辰","110/08/20","國泰-敦南",114,153,-39
"823","2390云辰","110/08/20","第一金-安和",62,8,54
"824","2390云辰","110/08/20","華南永昌-朴子",2,41,-39
"825","2390云辰","110/08/20","統一-城中",60,10,50
"826","2390云辰","110/08/20","元大-土城學府",156,192,-36
"827","2390云辰","110/08/20","富邦-宜蘭",52,4,48
"828","2390云辰","110/08/20","元大-六合",17,53,-36
"829","2390云辰","110/08/20","元大-鳳山",60,12,48
"830","2390云辰","110/08/20","土銀-嘉義",0,35,-35
"831","2390云辰","110/08/20","元大-板橋三民",50,2,48
"832","2390云辰","110/08/20","大昌",5,36,-31
"833","2390云辰","110/08/20","國票-博愛",178,141,37
"834","2390云辰","110/08/20","宏遠-台南",0,27,-27
"835","2390云辰","110/08/20","華南永昌-岡山",33,1,32
"836","2390云辰","110/08/20","群益金鼎-民權",6,31,-25
"837","2390云辰","110/08/20","元大-北三重",32,1,31
"838","2390云辰","110/08/20","國泰-館前",28,52,-24
"839","2390云辰","110/08/20","第一金-豐原",30,0,30
"840","2390云辰","110/08/20","富邦-建國",13,36,-23
"841","2609陽明","110/08/19","美商高盛",2352,641,1711
"842","2609陽明","110/08/19","凱基-台北",2247,12187,-9940
"843","2609陽明","110/08/19","華南永昌-竹北",1335,536,799
"844","2609陽明","110/08/19","康和",1685,8746,-7061
"845","2609陽明","110/08/19","國泰-敦南",5999,5202,797
"846","2609陽明","110/08/19","富邦證券",159,6808,-6649
"847","2609陽明","110/08/19","日盛-雙和",967,217,750
"848","2609陽明","110/08/19","台灣摩根士丹利",66,2608,-2542
"849","2609陽明","110/08/19","國泰-館前",1665,1071,594
"850","2609陽明","110/08/19","兆豐-南京",144,2129,-1985
"851","2609陽明","110/08/19","台新證券",3672,3095,577
"852","2609陽明","110/08/19","兆豐-虎尾",7267,9058,-1791
"853","2609陽明","110/08/19","統一-三重",826,296,530
"854","2609陽明","110/08/19","美林",2631,4379,-1748
"855","2609陽明","110/08/19","玉山證券",1424,939,485
"856","2609陽明","110/08/19","永豐金-信義",140,1816,-1676
"857","2609陽明","110/08/19","富邦-建國",1115,663,452
"858","2609陽明","110/08/19","富邦-仁愛",873,2277,-1404
"859","2609陽明","110/08/19","統一-士林",809,391,418
"860","2609陽明","110/08/19","摩根大通",4652,6019,-1367
"861","2609陽明","110/08/19","凱基-城中",614,199,415
"862","2609陽明","110/08/19","凱基-斗六",3347,4638,-1291
"863","2609陽明","110/08/19","華南永昌-台中",863,449,414
"864","2609陽明","110/08/19","富邦-虎尾",11651,12857,-1206
"865","2609陽明","110/08/19","新光-新竹",1263,857,406
"866","2609陽明","110/08/19","元大證券",2875,3808,-933
"867","2609陽明","110/08/19","國泰-台中",1878,1503,375
"868","2609陽明","110/08/19","統一-仁愛",1484,2392,-908
"869","2609陽明","110/08/19","玉山-左營",623,251,372
"870","2609陽明","110/08/19","元大-頭份",315,1194,-879
"871","2636台驊投控","110/08/19","華南永昌-竹北",257,10,247
"872","2636台驊投控","110/08/19","富邦證券",8,1056,-1048
"873","2636台驊投控","110/08/19","國泰-敦南",483,306,177
"874","2636台驊投控","110/08/19","摩根大通",329,1288,-959
"875","2636台驊投控","110/08/19","新光-新竹",174,42,132
"876","2636台驊投控","110/08/19","台灣摩根士丹利",168,753,-585
"877","2636台驊投控","110/08/19","港商野村",2255,2136,119
"878","2636台驊投控","110/08/19","凱基-台北",574,996,-422
"879","2636台驊投控","110/08/19","台新證券",257,150,107
"880","2636台驊投控","110/08/19","瑞士信貸",75,421,-346
"881","2636台驊投控","110/08/19","新光",389,312,77
"882","2636台驊投控","110/08/19","統一",98,420,-322
"883","2636台驊投控","110/08/19","華南永昌-楠梓",98,27,71
"884","2636台驊投控","110/08/19","凱基",21,323,-302
"885","2636台驊投控","110/08/19","華南永昌-南京",104,40,64
"886","2636台驊投控","110/08/19","富邦-員林",377,670,-293
"887","2636台驊投控","110/08/19","富邦-苗栗",99,35,64
"888","2636台驊投控","110/08/19","日盛-台中",26,244,-218
"889","2636台驊投控","110/08/19","元大-竹北",79,16,63
"890","2636台驊投控","110/08/19","美商高盛",87,244,-157
"891","2636台驊投控","110/08/19","凱基-市政",265,203,62
"892","2636台驊投控","110/08/19","日盛-板橋",40,163,-123
"893","2636台驊投控","110/08/19","中國信託-文心",80,21,59
"894","2636台驊投控","110/08/19","大慶",2,120,-118
"895","2636台驊投控","110/08/19","大昌-安康",60,4,56
"896","2636台驊投控","110/08/19","日盛-大墩",73,184,-111
"897","2636台驊投控","110/08/19","日盛-宜蘭",53,0,53
"898","2636台驊投控","110/08/19","宏遠證券",60,152,-92
"899","2636台驊投控","110/08/19","元富-大昌",81,28,53
"900","2636台驊投控","110/08/19","新加坡商瑞銀",88,173,-85
"901","2867三商壽","110/08/19","美林",389,60,329
"902","2867三商壽","110/08/19","宏遠證券",0,969,-969
"903","2867三商壽","110/08/19","元大-土城永寧",252,2,250
"904","2867三商壽","110/08/19","摩根大通",111,691,-580
"905","2867三商壽","110/08/19","玉山-板橋",127,0,127
"906","2867三商壽","110/08/19","土銀-建國",0,240,-240
"907","2867三商壽","110/08/19","元大-大里德芳",110,0,110
"908","2867三商壽","110/08/19","日盛-中壢",0,122,-122
"909","2867三商壽","110/08/19","國泰-台中",103,1,102
"910","2867三商壽","110/08/19","台新-高雄",4,121,-117
"911","2867三商壽","110/08/19","新加坡商瑞銀",114,19,95
"912","2867三商壽","110/08/19","德信-中正",0,100,-100
"913","2867三商壽","110/08/19","玉山-城中",86,0,86
"914","2867三商壽","110/08/19","華南永昌-南京",0,100,-100
"915","2867三商壽","110/08/19","合庫-西台中",80,0,80
"916","2867三商壽","110/08/19","台新證券",15,101,-86
"917","2867三商壽","110/08/19","永豐金-竹科",80,1,79
"918","2867三商壽","110/08/19","凱基-台北",42,118,-76
"919","2867三商壽","110/08/19","玉山-台中",61,0,61
"920","2867三商壽","110/08/19","富邦-建國",1,71,-70
"921","2867三商壽","110/08/19","土銀-台中",60,0,60
"922","2867三商壽","110/08/19","元大-八德",0,70,-70
"923","2867三商壽","110/08/19","富邦-台南",60,0,60
"924","2867三商壽","110/08/19","凱基",0,68,-68
"925","2867三商壽","110/08/19","元大-中壢",56,0,56
"926","2867三商壽","110/08/19","富邦-三重",0,55,-55
"927","2867三商壽","110/08/19","群益金鼎-彰化",62,8,54
"928","2867三商壽","110/08/19","元大-彰化民生",0,50,-50
"929","2867三商壽","110/08/19","永豐金-埔里",67,13,54
"930","2867三商壽","110/08/19","亞東",0,45,-45
"931","5521工信","110/08/19","元大證券",232,28,204
"932","5521工信","110/08/19","凱基-台北",0,178,-178
"933","5521工信","110/08/19","中國信託-三重",70,0,70
"934","5521工信","110/08/19","福勝",0,80,-80
"935","5521工信","110/08/19","台新證券",37,0,37
"936","5521工信","110/08/19","新光-新竹",1,80,-79
"937","5521工信","110/08/19","日盛-高雄",27,0,27
"938","5521工信","110/08/19","港商法國興業",0,67,-67
"939","5521工信","110/08/19","元富-埔里",20,0,20
"940","5521工信","110/08/19","摩根大通",194,256,-62
"941","5521工信","110/08/19","玉山-雙和",20,0,20
"942","5521工信","110/08/19","群益金鼎-敦南",0,50,-50
"943","5521工信","110/08/19","富邦-台北",20,0,20
"944","5521工信","110/08/19","第一金-桃園",0,36,-36
"945","5521工信","110/08/19","永豐金-竹科",19,0,19
"946","5521工信","110/08/19","德信-中正",0,29,-29
"947","5521工信","110/08/19","臺銀-鳳山",18,0,18
"948","5521工信","110/08/19","元大-基隆孝二",0,28,-28
"949","5521工信","110/08/19","華南永昌-高雄",20,2,18
"950","5521工信","110/08/19","美林",1,27,-26
"951","5521工信","110/08/19","華南永昌-彰化",23,8,15
"952","5521工信","110/08/19","兆豐-員林",0,25,-25
"953","5521工信","110/08/19","元大-大天母",15,0,15
"954","5521工信","110/08/19","群益金鼎-土城",0,20,-20
"955","5521工信","110/08/19","富邦-宜蘭",14,0,14
"956","5521工信","110/08/19","元富-宜蘭",0,18,-18
"957","5521工信","110/08/19","台新-台中",12,0,12
"958","5521工信","110/08/19","富邦-高雄",1,15,-14
"959","5521工信","110/08/19","臺銀-高雄",11,0,11
"960","5521工信","110/08/19","元大-歸仁",2,16,-14
"961","1471首利","110/08/19","新光",35,0,35
"962","1471首利","110/08/19","摩根大通",42,206,-164
"963","1471首利","110/08/19","新光-台南",24,0,24
"964","1471首利","110/08/19","瑞士信貸",1,39,-38
"965","1471首利","110/08/19","元大-太平",20,2,18
"966","1471首利","110/08/19","凱基-五股",0,23,-23
"967","1471首利","110/08/19","土銀-花蓮",15,0,15
"968","1471首利","110/08/19","凱基-台北",6,29,-23
"969","1471首利","110/08/19","玉山-桃園",15,0,15
"970","1471首利","110/08/19","元大-虎尾",7,27,-20
"971","1471首利","110/08/19","元富-三重",13,0,13
"972","1471首利","110/08/19","光和",9,24,-15
"973","1471首利","110/08/19","台新證券",12,0,12
"974","1471首利","110/08/19","致和-府前",0,15,-15
"975","1471首利","110/08/19","元大-員林中山",11,0,11
"976","1471首利","110/08/19","兆豐-員林",0,12,-12
"977","1471首利","110/08/19","台灣企銀-屏東",10,0,10
"978","1471首利","110/08/19","凱基-新店",0,12,-12
"979","1471首利","110/08/19","兆豐-台中港",10,0,10
"980","1471首利","110/08/19","美林",0,11,-11
"981","1471首利","110/08/19","致和-崇德",10,0,10
"982","1471首利","110/08/19","凱基-頭份",0,10,-10
"983","1471首利","110/08/19","凱基-高美館",10,0,10
"984","1471首利","110/08/19","華南永昌-台中",0,10,-10
"985","1471首利","110/08/19","華南永昌-公誠",10,0,10
"986","1471首利","110/08/19","元大-大甲",0,9,-9
"987","1471首利","110/08/19","華南永昌-楠梓",10,0,10
"988","1471首利","110/08/19","凱基-三重",3,10,-7
"989","1471首利","110/08/19","富邦-南屯",10,0,10
"990","1471首利","110/08/19","永豐金-新店",0,7,-7
"991","2883開發金","110/08/19","香港上海匯豐",6827,846,5981
"992","2883開發金","110/08/19","凱基-台北",1722,11079,-9357
"993","2883開發金","110/08/19","中國信託-文心",4667,49,4618
"994","2883開發金","110/08/19","花旗環球",1244,7162,-5918
"995","2883開發金","110/08/19","新光",3917,1918,1999
"996","2883開發金","110/08/19","國泰證券",51,3659,-3608
"997","2883開發金","110/08/19","凱基",1952,0,1952
"998","2883開發金","110/08/19","台新證券",1038,4320,-3282
"999","2883開發金","110/08/19","玉山證券",2183,465,1718
"1000","2883開發金","110/08/19","兆豐證券",7,1979,-1972
"1001","2883開發金","110/08/19","元大-忠孝",1666,40,1626
"1002","2883開發金","110/08/19","統一",51,1553,-1502
"1003","2883開發金","110/08/19","國泰-敦南",2025,483,1542
"1004","2883開發金","110/08/19","日盛證券",70,1356,-1286
"1005","2883開發金","110/08/19","新加坡商瑞銀",5707,4366,1341
"1006","2883開發金","110/08/19","合庫-彰化",31,1273,-1242
"1007","2883開發金","110/08/19","瑞士信貸",1645,478,1167
"1008","2883開發金","110/08/19","元大證券",2109,3261,-1152
"1009","2883開發金","110/08/19","康和-仁愛",1143,1,1142
"1010","2883開發金","110/08/19","宏遠證券",11,1083,-1072
"1011","2883開發金","110/08/19","凱基-竹科",753,16,737
"1012","2883開發金","110/08/19","富邦-北港",134,1188,-1054
"1013","2883開發金","110/08/19","國泰-板橋",919,284,635
"1014","2883開發金","110/08/19","元大-福營",55,1070,-1015
"1015","2883開發金","110/08/19","新光-台南",757,132,625
"1016","2883開發金","110/08/19","台灣企銀-民雄",23,1022,-999
"1017","2883開發金","110/08/19","元大-萬華",559,62,497
"1018","2883開發金","110/08/19","永豐金-南京",131,1128,-997
"1019","2883開發金","110/08/19","元大-中壢",533,53,480
"1020","2883開發金","110/08/19","群益金鼎-大安",38,965,-927
"1021","6205詮欣","110/08/19","日盛-三重",23,0,23
"1022","6205詮欣","110/08/19","高橋-內壢",0,20,-20
"1023","6205詮欣","110/08/19","凱基-汐止",21,0,21
"1024","6205詮欣","110/08/19","摩根大通",1,12,-11
"1025","6205詮欣","110/08/19","日茂-埔里",10,0,10
"1026","6205詮欣","110/08/19","福邦證券",0,10,-10
"1027","6205詮欣","110/08/19","凱基-台北",3,0,3
"1028","6205詮欣","110/08/19","元富-安南",0,6,-6
"1029","6205詮欣","110/08/19","永豐金證券",3,0,3
"1030","6205詮欣","110/08/19","永興-大墩",0,4,-4
"1031","6205詮欣","110/08/19","元富-草屯",2,0,2
"1032","6205詮欣","110/08/19","元大-豐原",0,2,-2
"1033","6205詮欣","110/08/19","臺銀-臺中",1,0,1
"1034","6205詮欣","110/08/19","統一-中壢",0,2,-2
"1035","6205詮欣","110/08/19","兆豐-景美",1,0,1
"1036","6205詮欣","110/08/19","中國信託-文心",0,2,-2
"1037","6205詮欣","110/08/19","凱基-桃園",1,0,1
"1038","6205詮欣","110/08/19","大慶-台南",0,1,-1
"1039","6205詮欣","110/08/19","凱基-復興",1,0,1
"1040","6205詮欣","110/08/19","元大-南投",0,1,-1
"1041","6205詮欣","110/08/19","華南永昌-台南",1,0,1
"1042","6205詮欣","110/08/19","華南永昌-虎尾",0,1,-1
"1043","6205詮欣","110/08/19","華南永昌-新莊",0,0,0
"1044","6205詮欣","110/08/19","凱基-和平",0,1,-1
"1045","6205詮欣","110/08/19","元大-大里",0,0,0
"1046","6205詮欣","110/08/19","豐農",0,1,-1
"1047","6205詮欣","110/08/19","永豐金-中和",1,1,0
"1048","6205詮欣","110/08/19","元富-文心",0,1,-1
"1049","6205詮欣","110/08/19","",NA,NA,NA
"1050","6205詮欣","110/08/19","美商高盛",0,1,-1
"1051","1540喬福","110/08/19","日盛-台南",20,0,20
"1052","1540喬福","110/08/19","兆豐-小港",0,30,-30
"1053","1540喬福","110/08/19","元大-板橋三民",11,0,11
"1054","1540喬福","110/08/19","富邦-台南",0,10,-10
"1055","1540喬福","110/08/19","富邦-陽明",10,0,10
"1056","1540喬福","110/08/19","元富-桃園",0,9,-9
"1057","1540喬福","110/08/19","富邦-南屯",10,0,10
"1058","1540喬福","110/08/19","元大-龍潭",0,9,-9
"1059","1540喬福","110/08/19","元大-桃興",10,0,10
"1060","1540喬福","110/08/19","元大-雙和",0,6,-6
"1061","1540喬福","110/08/19","元大-成功",10,0,10
"1062","1540喬福","110/08/19","元大-台南",0,5,-5
"1063","1540喬福","110/08/19","(牛牛牛)亞-網路",7,0,7
"1064","1540喬福","110/08/19","台中銀",0,4,-4
"1065","1540喬福","110/08/19","凱基-中壢",3,0,3
"1066","1540喬福","110/08/19","港商法國興業",0,3,-3
"1067","1540喬福","110/08/19","臺銀-新竹",2,0,2
"1068","1540喬福","110/08/19","富邦-員林",0,3,-3
"1069","1540喬福","110/08/19","國票-南崁",2,0,2
"1070","1540喬福","110/08/19","元富",0,2,-2
"1071","1540喬福","110/08/19","摩根大通",5,3,2
"1072","1540喬福","110/08/19","康和-板橋",0,2,-2
"1073","1540喬福","110/08/19","華南永昌-高雄",2,0,2
"1074","1540喬福","110/08/19","玉山-城中",0,2,-2
"1075","1540喬福","110/08/19","台中銀-豐原",1,0,1
"1076","1540喬福","110/08/19","元大-南崁",0,2,-2
"1077","1540喬福","110/08/19","國票-桃園",1,0,1
"1078","1540喬福","110/08/19","元大-敦南",0,2,-2
"1079","1540喬福","110/08/19","玉山-新竹",1,0,1
"1080","1540喬福","110/08/19","國票-台中",0,1,-1
"1081","2888新光金","110/08/19","兆豐-公益",5003,799,4204
"1082","2888新光金","110/08/19","摩根大通",1356,4583,-3227
"1083","2888新光金","110/08/19","凱基-台北",4068,1621,2447
"1084","2888新光金","110/08/19","凱基",0,3218,-3218
"1085","2888新光金","110/08/19","福邦-新竹",982,0,982
"1086","2888新光金","110/08/19","瑞士信貸",1,3126,-3125
"1087","2888新光金","110/08/19","美商高盛",1215,342,873
"1088","2888新光金","110/08/19","大昌-新竹",2,1424,-1422
"1089","2888新光金","110/08/19","統一-板橋",650,15,635
"1090","2888新光金","110/08/19","元富-虎尾",4,1276,-1272
"1091","2888新光金","110/08/19","凱基-中山",634,3,631
"1092","2888新光金","110/08/19","玉山-台南",134,1204,-1070
"1093","2888新光金","110/08/19","永豐金-鳳山",569,12,557
"1094","2888新光金","110/08/19","宏遠-光隆",25,1050,-1025
"1095","2888新光金","110/08/19","新光",855,323,532
"1096","2888新光金","110/08/19","玉山-板橋",106,841,-735
"1097","2888新光金","110/08/19","統一-台中",558,30,528
"1098","2888新光金","110/08/19","香港上海匯豐",0,728,-728
"1099","2888新光金","110/08/19","凱基-鳳山",525,0,525
"1100","2888新光金","110/08/19","台灣摩根士丹利",940,1609,-669
"1101","2888新光金","110/08/19","統一",577,100,477
"1102","2888新光金","110/08/19","中國信託",15,637,-622
"1103","2888新光金","110/08/19","元大證券",1048,635,413
"1104","2888新光金","110/08/19","元大-永和",20,600,-580
"1105","2888新光金","110/08/19","美林",1075,740,335
"1106","2888新光金","110/08/19","福勝",67,600,-533
"1107","2888新光金","110/08/19","元大-嘉義",315,10,305
"1108","2888新光金","110/08/19","凱基-中港",71,580,-509
"1109","2888新光金","110/08/19","元大-大統",304,13,291
"1110","2888新光金","110/08/19","群益金鼎",50,520,-470
"1111","1340勝悅","110/08/19","國泰-台南",99,3,96
"1112","1340勝悅","110/08/19","元大-成功",0,204,-204
"1113","1340勝悅","110/08/19","台中銀",38,0,38
"1114","1340勝悅","110/08/19","摩根大通",0,20,-20
"1115","1340勝悅","110/08/19","國泰-板橋",13,0,13
"1116","1340勝悅","110/08/19","瑞士信貸",0,12,-12
"1117","1340勝悅","110/08/19","臺銀-金山",10,0,10
"1118","1340勝悅","110/08/19","國票-敦北法人",0,12,-12
"1119","1340勝悅","110/08/19","元富-中港",10,0,10
"1120","1340勝悅","110/08/19","華南永昌-東昇",0,12,-12
"1121","1340勝悅","110/08/19","國泰-敦南",13,3,10
"1122","1340勝悅","110/08/19","永豐金-台南",0,12,-12
"1123","1340勝悅","110/08/19","元富-新店",10,2,8
"1124","1340勝悅","110/08/19","合庫-自強",0,11,-11
"1125","1340勝悅","110/08/19","合庫-新竹",7,0,7
"1126","1340勝悅","110/08/19","富邦-台中",0,5,-5
"1127","1340勝悅","110/08/19","群益金鼎-館前",10,3,7
"1128","1340勝悅","110/08/19","港商法國興業",0,4,-4
"1129","1340勝悅","110/08/19","致和-東門",6,0,6
"1130","1340勝悅","110/08/19","致和-金華",0,4,-4
"1131","1340勝悅","110/08/19","元大-屏南",6,0,6
"1132","1340勝悅","110/08/19","新光-台南",0,4,-4
"1133","1340勝悅","110/08/19","臺灣企銀-埔墘",5,0,5
"1134","1340勝悅","110/08/19","凱基-台北",1,5,-4
"1135","1340勝悅","110/08/19","日盛-和美",5,0,5
"1136","1340勝悅","110/08/19","土銀-南港",0,2,-2
"1137","1340勝悅","110/08/19","第一金-新竹",5,0,5
"1138","1340勝悅","110/08/19","元富-世貿",0,2,-2
"1139","1340勝悅","110/08/19","新光-桃園",5,0,5
"1140","1340勝悅","110/08/19","元大-信義",0,2,-2
"1141","6246臺龍","110/08/19","新光-台中",18,1,17
"1142","6246臺龍","110/08/19","日盛-和美",0,10,-10
"1143","6246臺龍","110/08/19","台灣企銀-台南",10,0,10
"1144","6246臺龍","110/08/19","元大-基隆孝二",0,9,-9
"1145","6246臺龍","110/08/19","凱基-台北",8,2,6
"1146","6246臺龍","110/08/19","港商野村",0,6,-6
"1147","6246臺龍","110/08/19","華南永昌-彰化",5,0,5
"1148","6246臺龍","110/08/19","臺銀-高雄",0,5,-5
"1149","6246臺龍","110/08/19","元大-南投",5,0,5
"1150","6246臺龍","110/08/19","兆豐-公益",0,5,-5
"1151","6246臺龍","110/08/19","元大-林園",5,0,5
"1152","6246臺龍","110/08/19","永豐金-三重",0,5,-5
"1153","6246臺龍","110/08/19","日盛-斗六",4,0,4
"1154","6246臺龍","110/08/19","中國信託",0,4,-4
"1155","6246臺龍","110/08/19","兆豐-新營",4,0,4
"1156","6246臺龍","110/08/19","元大-北成功",0,4,-4
"1157","6246臺龍","110/08/19","(牛牛牛)亞-鑫豐",3,0,3
"1158","6246臺龍","110/08/19","元大-台南",0,4,-4
"1159","6246臺龍","110/08/19","台新-台中",3,0,3
"1160","6246臺龍","110/08/19","元富-烏日",0,3,-3
"1161","6246臺龍","110/08/19","元大-大統",3,0,3
"1162","6246臺龍","110/08/19","玉山-城中",0,3,-3
"1163","6246臺龍","110/08/19","臺銀-民權",2,0,2
"1164","6246臺龍","110/08/19","元大-長庚",0,3,-3
"1165","6246臺龍","110/08/19","第一金-大稻埕",2,0,2
"1166","6246臺龍","110/08/19","元大-苑裡",0,3,-3
"1167","6246臺龍","110/08/19","元富-大昌",2,0,2
"1168","6246臺龍","110/08/19","永豐金-屏東",0,3,-3
"1169","6246臺龍","110/08/19","國票-敦北法人",2,0,2
"1170","6246臺龍","110/08/19","統一-永和",0,2,-2
"1171","00715L期街口布蘭特正2","110/08/19","台新證券",1458,205,1253
"1172","00715L期街口布蘭特正2","110/08/19","元大證券",4224,11178,-6954
"1173","00715L期街口布蘭特正2","110/08/19","富邦-南屯",1119,14,1105
"1174","00715L期街口布蘭特正2","110/08/19","合庫證券",266,2599,-2333
"1175","00715L期街口布蘭特正2","110/08/19","元大-永康",1118,19,1099
"1176","00715L期街口布蘭特正2","110/08/19","永豐金證券",8,2207,-2199
"1177","00715L期街口布蘭特正2","110/08/19","豐農",1023,30,993
"1178","00715L期街口布蘭特正2","110/08/19","元大-屏東民生",14,2200,-2186
"1179","00715L期街口布蘭特正2","110/08/19","元大-復北",954,74,880
"1180","00715L期街口布蘭特正2","110/08/19","凱基-台北",245,1890,-1645
"1181","00715L期街口布蘭特正2","110/08/19","中國信託-新竹",840,0,840
"1182","00715L期街口布蘭特正2","110/08/19","國票-博愛",10,1405,-1395
"1183","00715L期街口布蘭特正2","110/08/19","富邦證券",2317,1629,688
"1184","00715L期街口布蘭特正2","110/08/19","元富",10,1165,-1155
"1185","00715L期街口布蘭特正2","110/08/19","第一金-台南",540,0,540
"1186","00715L期街口布蘭特正2","110/08/19","新光",791,1810,-1019
"1187","00715L期街口布蘭特正2","110/08/19","兆豐-台中港",523,30,493
"1188","00715L期街口布蘭特正2","110/08/19","統一",3,978,-975
"1189","00715L期街口布蘭特正2","110/08/19","兆豐-嘉義",465,110,355
"1190","00715L期街口布蘭特正2","110/08/19","華南永昌-長虹",82,830,-748
"1191","00715L期街口布蘭特正2","110/08/19","元大-大里德芳",323,0,323
"1192","00715L期街口布蘭特正2","110/08/19","群益金鼎-宜蘭",20,737,-717
"1193","00715L期街口布蘭特正2","110/08/19","富邦-基隆",336,20,316
"1194","00715L期街口布蘭特正2","110/08/19","亞東",21,512,-491
"1195","00715L期街口布蘭特正2","110/08/19","元大-草屯",434,124,310
"1196","00715L期街口布蘭特正2","110/08/19","永豐金-板盛",6,420,-414
"1197","00715L期街口布蘭特正2","110/08/19","國泰-敦南",552,280,272
"1198","00715L期街口布蘭特正2","110/08/19","第一金-自由",28,419,-391
"1199","00715L期街口布蘭特正2","110/08/19","永豐金-羅東",270,2,268
"1200","00715L期街口布蘭特正2","110/08/19","元大-高雄",128,502,-374
"1201","8941關中","110/08/19","宏遠-館前",2,0,2
"1202","8941關中","110/08/19","富邦-台中",0,6,-6
"1203","8941關中","110/08/19","元大-西門",2,0,2
"1204","8941關中","110/08/19","兆豐-台中",0,2,-2
"1205","8941關中","110/08/19","新光-台中",1,0,1
"1206","8941關中","110/08/19","元大-金華",1,2,-1
"1207","8941關中","110/08/19","玉山-桃園",1,0,1
"1208","8941關中","110/08/19","兆豐-南京",0,0,0
"1209","8941關中","110/08/19","國泰-忠孝",1,0,1
"1210","8941關中","110/08/19","富邦-仁愛",0,0,0
"1211","8941關中","110/08/19","元大-華山",1,0,1
"1212","8941關中","110/08/19","元大-大雅",0,0,0
"1213","8941關中","110/08/19","元大-桃興",1,0,1
"1214","8941關中","110/08/19","永豐金-敦北",0,0,0
"1215","8941關中","110/08/19","兆豐-南京",0,0,0
"1216","8941關中","110/08/19","永豐金-南投",0,0,0
"1217","8941關中","110/08/19","富邦-仁愛",0,0,0
"1218","8941關中","110/08/19","",NA,NA,NA
"1219","8941關中","110/08/19","元大-大雅",0,0,0
"1220","8941關中","110/08/19","",NA,NA,NA
"1221","8941關中","110/08/19","永豐金-敦北",0,0,0
"1222","8941關中","110/08/19","",NA,NA,NA
"1223","8941關中","110/08/19","永豐金-南投",0,0,0
"1224","8941關中","110/08/19","",NA,NA,NA
"1225","8941關中","110/08/19","",NA,NA,NA
"1226","8941關中","110/08/19","",NA,NA,NA
"1227","8941關中","110/08/19","",NA,NA,NA
"1228","8941關中","110/08/19","",NA,NA,NA
"1229","8941關中","110/08/19","",NA,NA,NA
"1230","8941關中","110/08/19","",NA,NA,NA
"1231","8936國統","110/08/19","宏遠-台南",211,0,211
"1232","8936國統","110/08/19","元大-高雄",0,40,-40
"1233","8936國統","110/08/19","康和-高雄",126,1,125
"1234","8936國統","110/08/19","永豐金-苓雅",0,38,-38
"1235","8936國統","110/08/19","凱基-台北",122,66,56
"1236","8936國統","110/08/19","美商高盛",6,38,-32
"1237","8936國統","110/08/19","美林",54,0,54
"1238","8936國統","110/08/19","港商野村",17,38,-21
"1239","8936國統","110/08/19","新加坡商瑞銀",46,20,26
"1240","8936國統","110/08/19","日盛-頭份",0,20,-20
"1241","8936國統","110/08/19","元富-緯城",25,0,25
"1242","8936國統","110/08/19","兆豐-三重",0,20,-20
"1243","8936國統","110/08/19","富邦-高雄",14,0,14
"1244","8936國統","110/08/19","玉山-桃園",0,20,-20
"1245","8936國統","110/08/19","日盛-復興",10,0,10
"1246","8936國統","110/08/19","國泰-高雄",4,22,-18
"1247","8936國統","110/08/19","宏遠-高雄",18,8,10
"1248","8936國統","110/08/19","台灣摩根士丹利",0,17,-17
"1249","8936國統","110/08/19","中國信託-高雄",20,12,8
"1250","8936國統","110/08/19","凱基-竹科",0,16,-16
"1251","8936國統","110/08/19","日盛-豐原",7,0,7
"1252","8936國統","110/08/19","元大-大里德芳",0,16,-16
"1253","8936國統","110/08/19","元富-三重",7,0,7
"1254","8936國統","110/08/19","大昌-樹林",0,15,-15
"1255","8936國統","110/08/19","台新-高雄",10,3,7
"1256","8936國統","110/08/19","台新-屏東",0,12,-12
"1257","8936國統","110/08/19","臺銀-高雄",6,0,6
"1258","8936國統","110/08/19","中農",0,11,-11
"1259","8936國統","110/08/19","第一金-路竹",6,0,6
"1260","8936國統","110/08/19","臺銀-新竹",0,10,-10
"1261","6226光鼎","110/08/19","富邦-左營",110,2,108
"1262","6226光鼎","110/08/19","凱基-台北",177,732,-555
"1263","6226光鼎","110/08/19","元大-北屯",151,50,101
"1264","6226光鼎","110/08/19","摩根大通",28,396,-368
"1265","6226光鼎","110/08/19","國泰-敦南",201,125,76
"1266","6226光鼎","110/08/19","台灣摩根士丹利",0,254,-254
"1267","6226光鼎","110/08/19","元大-敦化",56,4,52
"1268","6226光鼎","110/08/19","元大-文心興安",1,230,-229
"1269","6226光鼎","110/08/19","兆豐-中壢",50,1,49
"1270","6226光鼎","110/08/19","美商高盛",33,233,-200
"1271","6226光鼎","110/08/19","凱基-台中",44,2,42
"1272","6226光鼎","110/08/19","富邦-台北",22,202,-180
"1273","6226光鼎","110/08/19","新光",121,81,40
"1274","6226光鼎","110/08/19","美林",72,160,-88
"1275","6226光鼎","110/08/19","合庫-西台中",47,10,37
"1276","6226光鼎","110/08/19","新加坡商瑞銀",138,225,-87
"1277","6226光鼎","110/08/19","元大-龍潭",42,5,37
"1278","6226光鼎","110/08/19","元大-南勢角",0,70,-70
"1279","6226光鼎","110/08/19","兆豐-東門",36,0,36
"1280","6226光鼎","110/08/19","臺銀-高雄",0,67,-67
"1281","6226光鼎","110/08/19","新光-台中",83,48,35
"1282","6226光鼎","110/08/19","港商野村",178,231,-53
"1283","6226光鼎","110/08/19","玉山-桃園",39,4,35
"1284","6226光鼎","110/08/19","永豐金-內湖",6,56,-50
"1285","6226光鼎","110/08/19","元大-竹科",59,24,35
"1286","6226光鼎","110/08/19","高橋-內壢",5,54,-49
"1287","6226光鼎","110/08/19","第一金-台南",33,0,33
"1288","6226光鼎","110/08/19","凱基-員林",7,53,-46
"1289","6226光鼎","110/08/19","台新證券",66,33,33
"1290","6226光鼎","110/08/19","台新-台中",28,65,-37
"1291","2363矽統","110/08/19","日盛-樹林",300,12,288
"1292","2363矽統","110/08/19","凱基-台北",560,1671,-1111
"1293","2363矽統","110/08/19","永豐金-板盛",200,2,198
"1294","2363矽統","110/08/19","摩根大通",3,713,-710
"1295","2363矽統","110/08/19","凱基-三峽",134,18,116
"1296","2363矽統","110/08/19","台新-三民",50,291,-241
"1297","2363矽統","110/08/19","富邦-新竹",94,7,87
"1298","2363矽統","110/08/19","台灣摩根士丹利",0,206,-206
"1299","2363矽統","110/08/19","元大-汐止",75,8,67
"1300","2363矽統","110/08/19","凱基-和平",1,132,-131
"1301","2363矽統","110/08/19","元大-斗六",67,2,65
"1302","2363矽統","110/08/19","永豐金證券",12,125,-113
"1303","2363矽統","110/08/19","大慶-蘆洲",69,13,56
"1304","2363矽統","110/08/19","石橋證券",50,155,-105
"1305","2363矽統","110/08/19","永豐金-豐原",55,2,53
"1306","2363矽統","110/08/19","港商野村",838,925,-87
"1307","2363矽統","110/08/19","日盛-豐原",59,10,49
"1308","2363矽統","110/08/19","新光-桃園",4,87,-83
"1309","2363矽統","110/08/19","群益金鼎-中壢",54,7,47
"1310","2363矽統","110/08/19","新光",212,282,-70
"1311","2363矽統","110/08/19","元大-南投",58,12,46
"1312","2363矽統","110/08/19","陽信-石牌",18,83,-65
"1313","2363矽統","110/08/19","富邦-板橋",51,7,44
"1314","2363矽統","110/08/19","美林",31,91,-60
"1315","2363矽統","110/08/19","台新證券",117,74,43
"1316","2363矽統","110/08/19","永豐金-新店",1,59,-58
"1317","2363矽統","110/08/19","元大-東港",45,2,43
"1318","2363矽統","110/08/19","台新-左楠",19,76,-57
"1319","2363矽統","110/08/19","元大-旗山",47,5,42
"1320","2363矽統","110/08/19","永全-南崁",7,53,-46
"1321","8112至上","110/08/19","元大-敦化",60,0,60
"1322","8112至上","110/08/19","港商野村",22,279,-257
"1323","8112至上","110/08/19","玉山-城中",60,2,58
"1324","8112至上","110/08/19","瑞士信貸",0,239,-239
"1325","8112至上","110/08/19","永豐金-敦南",52,4,48
"1326","8112至上","110/08/19","凱基-台北",101,275,-174
"1327","8112至上","110/08/19","統一",41,0,41
"1328","8112至上","110/08/19","摩根大通",161,332,-171
"1329","8112至上","110/08/19","元大-竹東",36,0,36
"1330","8112至上","110/08/19","凱基-市政",0,80,-80
"1331","8112至上","110/08/19","凱基-嘉義",35,0,35
"1332","8112至上","110/08/19","台灣摩根士丹利",6,75,-69
"1333","8112至上","110/08/19","新光-台南",32,0,32
"1334","8112至上","110/08/19","美商高盛",18,76,-58
"1335","8112至上","110/08/19","永興-水湳",30,0,30
"1336","8112至上","110/08/19","新加坡商瑞銀",22,76,-54
"1337","8112至上","110/08/19","元大-永和",29,0,29
"1338","8112至上","110/08/19","美林",9,61,-52
"1339","8112至上","110/08/19","凱基-東勢",26,1,25
"1340","8112至上","110/08/19","富邦-花蓮",1,51,-50
"1341","8112至上","110/08/19","臺銀-臺南",28,4,24
"1342","8112至上","110/08/19","元大-路竹",8,52,-44
"1343","8112至上","110/08/19","富邦-中壢",29,5,24
"1344","8112至上","110/08/19","(牛牛牛)亞-鑫豐",34,77,-43
"1345","8112至上","110/08/19","第一金-桃園",24,1,23
"1346","8112至上","110/08/19","台新-中壢",2,42,-40
"1347","8112至上","110/08/19","國泰-敦南",27,4,23
"1348","8112至上","110/08/19","國泰證券",0,40,-40
"1349","8112至上","110/08/19","凱基-文心",23,0,23
"1350","8112至上","110/08/19","永豐金-苓雅",0,40,-40
"1351","1570力肯","110/08/19","國票-北高雄",37,0,37
"1352","1570力肯","110/08/19","新光-台南",3,44,-41
"1353","1570力肯","110/08/19","康和-台南",30,0,30
"1354","1570力肯","110/08/19","元大-大統",0,20,-20
"1355","1570力肯","110/08/19","國票-內壢",25,0,25
"1356","1570力肯","110/08/19","元富-新店",0,18,-18
"1357","1570力肯","110/08/19","元富-虎尾",20,0,20
"1358","1570力肯","110/08/19","元大-民生",2,19,-17
"1359","1570力肯","110/08/19","國票-博愛",17,0,17
"1360","1570力肯","110/08/19","國泰-敦南",1,16,-15
"1361","1570力肯","110/08/19","日盛-高雄",15,0,15
"1362","1570力肯","110/08/19","富邦-敦南",0,15,-15
"1363","1570力肯","110/08/19","元大-南投",15,0,15
"1364","1570力肯","110/08/19","元大-大雅",10,25,-15
"1365","1570力肯","110/08/19","富邦-嘉義",15,1,14
"1366","1570力肯","110/08/19","日盛-板橋",2,16,-14
"1367","1570力肯","110/08/19","元大-北投",13,0,13
"1368","1570力肯","110/08/19","華南永昌-嘉義",0,12,-12
"1369","1570力肯","110/08/19","元富-緯城",12,0,12
"1370","1570力肯","110/08/19","凱基-台北",3,14,-11
"1371","1570力肯","110/08/19","土銀-新竹",11,0,11
"1372","1570力肯","110/08/19","元富-草屯",0,10,-10
"1373","1570力肯","110/08/19","日盛-嘉義",11,0,11
"1374","1570力肯","110/08/19","新光",7,17,-10
"1375","1570力肯","110/08/19","富邦-羅東",11,0,11
"1376","1570力肯","110/08/19","富邦-內湖",3,13,-10
"1377","1570力肯","110/08/19","富邦-仁愛",10,0,10
"1378","1570力肯","110/08/19","元大-福營",0,10,-10
"1379","1570力肯","110/08/19","元大-羅東",10,0,10
"1380","1570力肯","110/08/19","元大-松山",0,10,-10
"1381","2929淘帝","110/08/19","元大-太平",54,0,54
"1382","2929淘帝","110/08/19","摩根大通",0,58,-58
"1383","2929淘帝","110/08/19","凱基-東門",32,0,32
"1384","2929淘帝","110/08/19","宏遠-館前",0,35,-35
"1385","2929淘帝","110/08/19","日盛-桃園",20,0,20
"1386","2929淘帝","110/08/19","元富-台南",0,32,-32
"1387","2929淘帝","110/08/19","富邦-高雄",16,0,16
"1388","2929淘帝","110/08/19","日茂",0,20,-20
"1389","2929淘帝","110/08/19","元大-員林",11,0,11
"1390","2929淘帝","110/08/19","美商高盛",0,11,-11
"1391","2929淘帝","110/08/19","凱基-中山",10,0,10
"1392","2929淘帝","110/08/19","凱基-站前",0,10,-10
"1393","2929淘帝","110/08/19","富邦-南屯",7,0,7
"1394","2929淘帝","110/08/19","統一-三重",0,8,-8
"1395","2929淘帝","110/08/19","日盛-雙和",6,0,6
"1396","2929淘帝","110/08/19","群益金鼎",0,7,-7
"1397","2929淘帝","110/08/19","亞東-新竹",6,0,6
"1398","2929淘帝","110/08/19","凱基-八德",0,7,-7
"1399","2929淘帝","110/08/19","兆豐-桃鶯",6,0,6
"1400","2929淘帝","110/08/19","港商野村",3,9,-6
"1401","2929淘帝","110/08/19","新光",6,0,6
"1402","2929淘帝","110/08/19","安泰",0,5,-5
"1403","2929淘帝","110/08/19","群益金鼎-三重",5,0,5
"1404","2929淘帝","110/08/19","元大-金門",0,5,-5
"1405","2929淘帝","110/08/19","元大-左營",5,0,5
"1406","2929淘帝","110/08/19","永豐金-竹科",0,5,-5
"1407","2929淘帝","110/08/19","台新-新莊",9,5,4
"1408","2929淘帝","110/08/19","致和證券",0,4,-4
"1409","2929淘帝","110/08/19","群益金鼎-新店",4,0,4
"1410","2929淘帝","110/08/19","元大-苑裡",0,4,-4
"1411","5410國眾","110/08/19","土銀-嘉義",14,0,14
"1412","5410國眾","110/08/19","致和-台北",0,60,-60
"1413","5410國眾","110/08/19","國票-北高雄",10,0,10
"1414","5410國眾","110/08/19","凱基-台北",1,20,-19
"1415","5410國眾","110/08/19","玉山-城中",10,0,10
"1416","5410國眾","110/08/19","新加坡商瑞銀",0,14,-14
"1417","5410國眾","110/08/19","元大-中壢",9,0,9
"1418","5410國眾","110/08/19","亞東-新竹",0,14,-14
"1419","5410國眾","110/08/19","台新證券",8,0,8
"1420","5410國眾","110/08/19","富邦-永和",0,7,-7
"1421","5410國眾","110/08/19","新光",7,1,6
"1422","5410國眾","110/08/19","摩根大通",0,5,-5
"1423","5410國眾","110/08/19","日盛-八德",5,0,5
"1424","5410國眾","110/08/19","元大-南勢角",0,3,-3
"1425","5410國眾","110/08/19","元大-旗山",5,0,5
"1426","5410國眾","110/08/19","元大-板橋三民",0,3,-3
"1427","5410國眾","110/08/19","元大-博愛",5,0,5
"1428","5410國眾","110/08/19","元富-大昌",0,2,-2
"1429","5410國眾","110/08/19","元大-左營",5,0,5
"1430","5410國眾","110/08/19","台中銀-員林",0,2,-2
"1431","5410國眾","110/08/19","臺銀-金山",6,2,4
"1432","5410國眾","110/08/19","台新-左楠",0,2,-2
"1433","5410國眾","110/08/19","統一-台中",4,0,4
"1434","5410國眾","110/08/19","群益金鼎-東門",0,2,-2
"1435","5410國眾","110/08/19","元大-開元",4,0,4
"1436","5410國眾","110/08/19","凱基-汐止",0,2,-2
"1437","5410國眾","110/08/19","日盛-園區",3,0,3
"1438","5410國眾","110/08/19","華南永昌-小港",0,2,-2
"1439","5410國眾","110/08/19","國泰-敦南",3,0,3
"1440","5410國眾","110/08/19","富邦-新店",0,2,-2
"1441","2841台開","110/08/19","宏遠-館前",360,0,360
"1442","2841台開","110/08/19","元大證券",0,108,-108
"1443","2841台開","110/08/19","第一金",104,0,104
"1444","2841台開","110/08/19","國票-敦北法人",0,98,-98
"1445","2841台開","110/08/19","日盛-台中",35,1,34
"1446","2841台開","110/08/19","台中銀",0,93,-93
"1447","2841台開","110/08/19","合庫證券",20,0,20
"1448","2841台開","110/08/19","元大-府城",0,51,-51
"1449","2841台開","110/08/19","第一金-台中",20,0,20
"1450","2841台開","110/08/19","日盛-信義",0,50,-50
"1451","2841台開","110/08/19","富邦-基隆",20,0,20
"1452","2841台開","110/08/19","新光-台南",0,46,-46
"1453","2841台開","110/08/19","富邦-三重",20,0,20
"1454","2841台開","110/08/19","永豐金-桃園",0,41,-41
"1455","2841台開","110/08/19","元大-六合",17,0,17
"1456","2841台開","110/08/19","凱基-高美館",0,30,-30
"1457","2841台開","110/08/19","國泰-館前",11,0,11
"1458","2841台開","110/08/19","凱基-新豐",0,30,-30
"1459","2841台開","110/08/19","統一-新台中",10,0,10
"1460","2841台開","110/08/19","第一金-忠孝",0,20,-20
"1461","2841台開","110/08/19","玉山證券",10,0,10
"1462","2841台開","110/08/19","富邦-員林",0,20,-20
"1463","2841台開","110/08/19","國泰-台中",10,0,10
"1464","2841台開","110/08/19","日盛證券",22,38,-16
"1465","2841台開","110/08/19","國泰-忠孝",10,0,10
"1466","2841台開","110/08/19","國泰-敦南",3,19,-16
"1467","2841台開","110/08/19","元大-東泰",10,0,10
"1468","2841台開","110/08/19","中國信託-嘉義",0,15,-15
"1469","2841台開","110/08/19","元大-高雄",10,0,10
"1470","2841台開","110/08/19","永豐金-敦南",17,29,-12
"1471","6207雷科","110/08/19","元大-高雄",76,0,76
"1472","6207雷科","110/08/19","凱基-大安",0,50,-50
"1473","6207雷科","110/08/19","光和-和美",53,0,53
"1474","6207雷科","110/08/19","凱基-復興",2,30,-28
"1475","6207雷科","110/08/19","日盛-桃園",10,0,10
"1476","6207雷科","110/08/19","日盛-三重",0,23,-23
"1477","6207雷科","110/08/19","元大-六合",10,0,10
"1478","6207雷科","110/08/19","港商野村",8,30,-22
"1479","6207雷科","110/08/19","凱基-台北",21,13,8
"1480","6207雷科","110/08/19","新加坡商瑞銀",12,29,-17
"1481","6207雷科","110/08/19","永豐金-高雄",8,0,8
"1482","6207雷科","110/08/19","日茂-埔里",0,17,-17
"1483","6207雷科","110/08/19","凱基-高雄",7,0,7
"1484","6207雷科","110/08/19","摩根大通",7,21,-14
"1485","6207雷科","110/08/19","元大-沙鹿",6,0,6
"1486","6207雷科","110/08/19","群益金鼎-東門",0,12,-12
"1487","6207雷科","110/08/19","元大-東門",6,0,6
"1488","6207雷科","110/08/19","富邦-虎尾",0,10,-10
"1489","6207雷科","110/08/19","元富-吉利",5,0,5
"1490","6207雷科","110/08/19","凱基-高美館",5,14,-9
"1491","6207雷科","110/08/19","大昌-桃園",5,0,5
"1492","6207雷科","110/08/19","富邦-板橋",0,8,-8
"1493","6207雷科","110/08/19","玉山-大里",5,0,5
"1494","6207雷科","110/08/19","元富-潮州",0,7,-7
"1495","6207雷科","110/08/19","元大-大益",5,0,5
"1496","6207雷科","110/08/19","凱基-員林",0,7,-7
"1497","6207雷科","110/08/19","元大-福營",4,0,4
"1498","6207雷科","110/08/19","華南永昌-林口",0,7,-7
"1499","6207雷科","110/08/19","臺銀-臺中",3,0,3
"1500","6207雷科","110/08/19","日盛-八德",0,6,-6
"1501","3679新至陞","110/08/19","台灣摩根士丹利",7,0,7
"1502","3679新至陞","110/08/19","摩根大通",3,11,-8
"1503","3679新至陞","110/08/19","元大-板橋",6,0,6
"1504","3679新至陞","110/08/19","瑞士信貸",1,6,-5
"1505","3679新至陞","110/08/19","美林",10,5,5
"1506","3679新至陞","110/08/19","美商高盛",0,3,-3
"1507","3679新至陞","110/08/19","日盛-土城",2,0,2
"1508","3679新至陞","110/08/19","宏遠-館前",0,2,-2
"1509","3679新至陞","110/08/19","富邦-新店",2,0,2
"1510","3679新至陞","110/08/19","港商野村",0,2,-2
"1511","3679新至陞","110/08/19","土銀-新竹",1,0,1
"1512","3679新至陞","110/08/19","花旗環球",0,2,-2
"1513","3679新至陞","110/08/19","臺銀-高雄",1,0,1
"1514","3679新至陞","110/08/19","國泰-高雄",0,2,-2
"1515","3679新至陞","110/08/19","(牛牛牛)亞-網路",1,0,1
"1516","3679新至陞","110/08/19","元大證券",1,3,-2
"1517","3679新至陞","110/08/19","中國信託-永康",1,0,1
"1518","3679新至陞","110/08/19","元大-新店中正",0,2,-2
"1519","3679新至陞","110/08/19","光和-溪湖",1,0,1
"1520","3679新至陞","110/08/19","元大-成功",0,2,-2
"1521","3679新至陞","110/08/19","兆豐證券",1,0,1
"1522","3679新至陞","110/08/19","永豐金-板新",0,2,-2
"1523","3679新至陞","110/08/19","國票-台東",1,0,1
"1524","3679新至陞","110/08/19","土銀-和平",0,1,-1
"1525","3679新至陞","110/08/19","玉山-新莊",1,0,1
"1526","3679新至陞","110/08/19","新加坡商瑞銀",0,1,-1
"1527","3679新至陞","110/08/19","玉山-嘉義",1,0,1
"1528","3679新至陞","110/08/19","第一金-忠孝",0,1,-1
"1529","3679新至陞","110/08/19","群益金鼎-高盛",1,0,1
"1530","3679新至陞","110/08/19","凱基",0,1,-1
"1531","2727王品","110/08/19","日盛-忠孝",36,0,36
"1532","2727王品","110/08/19","宏遠證券",0,75,-75
"1533","2727王品","110/08/19","中國信託-高雄",12,0,12
"1534","2727王品","110/08/19","美林",0,49,-49
"1535","2727王品","110/08/19","國泰-敦南",17,6,11
"1536","2727王品","110/08/19","摩根大通",1,47,-46
"1537","2727王品","110/08/19","群益金鼎-新店",10,0,10
"1538","2727王品","110/08/19","永豐金證券",2,45,-43
"1539","2727王品","110/08/19","富邦-羅東",10,0,10
"1540","2727王品","110/08/19","美商高盛",2,39,-37
"1541","2727王品","110/08/19","富邦-仁愛",9,0,9
"1542","2727王品","110/08/19","凱基-台北",27,56,-29
"1543","2727王品","110/08/19","國泰-台中",14,6,8
"1544","2727王品","110/08/19","新光-台中",5,28,-23
"1545","2727王品","110/08/19","元大-北屯",10,2,8
"1546","2727王品","110/08/19","台灣摩根士丹利",1,21,-20
"1547","2727王品","110/08/19","元富-大昌",7,0,7
"1548","2727王品","110/08/19","凱基-東門",0,18,-18
"1549","2727王品","110/08/19","台新-台中",9,2,7
"1550","2727王品","110/08/19","統一",0,17,-17
"1551","2727王品","110/08/19","新光-新竹",7,0,7
"1552","2727王品","110/08/19","瑞士信貸",2,13,-11
"1553","2727王品","110/08/19","凱基-基隆",7,0,7
"1554","2727王品","110/08/19","新加坡商瑞銀",0,11,-11
"1555","2727王品","110/08/19","宏遠-高雄",6,0,6
"1556","2727王品","110/08/19","港商野村",18,28,-10
"1557","2727王品","110/08/19","台新證券",6,0,6
"1558","2727王品","110/08/19","富邦-新店",1,11,-10
"1559","2727王品","110/08/19","玉山證券",6,0,6
"1560","2727王品","110/08/19","元大-善化",0,10,-10
"1561","1570力肯","110/08/19","國票-北高雄",37,0,37
"1562","1570力肯","110/08/19","新光-台南",3,44,-41
"1563","1570力肯","110/08/19","康和-台南",30,0,30
"1564","1570力肯","110/08/19","元大-大統",0,20,-20
"1565","1570力肯","110/08/19","國票-內壢",25,0,25
"1566","1570力肯","110/08/19","元富-新店",0,18,-18
"1567","1570力肯","110/08/19","元富-虎尾",20,0,20
"1568","1570力肯","110/08/19","元大-民生",2,19,-17
"1569","1570力肯","110/08/19","國票-博愛",17,0,17
"1570","1570力肯","110/08/19","國泰-敦南",1,16,-15
"1571","1570力肯","110/08/19","日盛-高雄",15,0,15
"1572","1570力肯","110/08/19","富邦-敦南",0,15,-15
"1573","1570力肯","110/08/19","元大-南投",15,0,15
"1574","1570力肯","110/08/19","元大-大雅",10,25,-15
"1575","1570力肯","110/08/19","富邦-嘉義",15,1,14
"1576","1570力肯","110/08/19","日盛-板橋",2,16,-14
"1577","1570力肯","110/08/19","元大-北投",13,0,13
"1578","1570力肯","110/08/19","華南永昌-嘉義",0,12,-12
"1579","1570力肯","110/08/19","元富-緯城",12,0,12
"1580","1570力肯","110/08/19","凱基-台北",3,14,-11
"1581","1570力肯","110/08/19","土銀-新竹",11,0,11
"1582","1570力肯","110/08/19","元富-草屯",0,10,-10
"1583","1570力肯","110/08/19","日盛-嘉義",11,0,11
"1584","1570力肯","110/08/19","新光",7,17,-10
"1585","1570力肯","110/08/19","富邦-羅東",11,0,11
"1586","1570力肯","110/08/19","富邦-內湖",3,13,-10
"1587","1570力肯","110/08/19","富邦-仁愛",10,0,10
"1588","1570力肯","110/08/19","元大-福營",0,10,-10
"1589","1570力肯","110/08/19","元大-羅東",10,0,10
"1590","1570力肯","110/08/19","元大-松山",0,10,-10
"1591","6180橘子","110/08/19","美林",29,0,29
"1592","6180橘子","110/08/19","新光-台中",4,23,-19
"1593","6180橘子","110/08/19","美商高盛",24,0,24
"1594","6180橘子","110/08/19","元大-大甲",0,16,-16
"1595","6180橘子","110/08/19","富邦-竹東",21,0,21
"1596","6180橘子","110/08/19","元富-城東",1,13,-12
"1597","6180橘子","110/08/19","第一金-新竹",20,0,20
"1598","6180橘子","110/08/19","凱基-台北",2,13,-11
"1599","6180橘子","110/08/19","富邦-永和",11,0,11
"1600","6180橘子","110/08/19","凱基-竹科",1,12,-11
"1601","6180橘子","110/08/19","合庫-自強",10,0,10
"1602","6180橘子","110/08/19","元富-草屯",0,10,-10
"1603","6180橘子","110/08/19","富邦-新竹",12,2,10
"1604","6180橘子","110/08/19","新光",8,18,-10
"1605","6180橘子","110/08/19","元大-中壢",10,1,9
"1606","6180橘子","110/08/19","凱基-站前",0,10,-10
"1607","6180橘子","110/08/19","國泰-板橋",7,1,6
"1608","6180橘子","110/08/19","元大-文心興安",0,10,-10
"1609","6180橘子","110/08/19","富隆-長安",5,0,5
"1610","6180橘子","110/08/19","永豐金-新店",0,10,-10
"1611","6180橘子","110/08/19","大慶-苗栗",5,0,5
"1612","6180橘子","110/08/19","兆豐-新營",1,10,-9
"1613","6180橘子","110/08/19","台新-屏東",5,0,5
"1614","6180橘子","110/08/19","元大-北屯",1,10,-9
"1615","6180橘子","110/08/19","元大-向上",5,0,5
"1616","6180橘子","110/08/19","摩根大通",28,36,-8
"1617","6180橘子","110/08/19","永豐金-竹科",5,0,5
"1618","6180橘子","110/08/19","凱基-市政",0,7,-7
"1619","6180橘子","110/08/19","土銀-新竹",4,0,4
"1620","6180橘子","110/08/19","台灣摩根士丹利",11,17,-6
"1621","2390云辰","110/08/19","富邦-花蓮",100,0,100
"1622","2390云辰","110/08/19","摩根大通",96,805,-709
"1623","2390云辰","110/08/19","統一-新台中",86,0,86
"1624","2390云辰","110/08/19","美林",195,271,-76
"1625","2390云辰","110/08/19","凱基-台北",335,254,81
"1626","2390云辰","110/08/19","兆豐-桃園",15,90,-75
"1627","2390云辰","110/08/19","國票-博愛",132,54,78
"1628","2390云辰","110/08/19","大昌-新店",27,92,-65
"1629","2390云辰","110/08/19","凱基-台中",77,1,76
"1630","2390云辰","110/08/19","宏遠-桃園",1,63,-62
"1631","2390云辰","110/08/19","凱基-和平",60,2,58
"1632","2390云辰","110/08/19","華南永昌-公誠",53,110,-57
"1633","2390云辰","110/08/19","國票-安和",53,10,43
"1634","2390云辰","110/08/19","大慶-富順",11,67,-56
"1635","2390云辰","110/08/19","元大-四維",46,10,36
"1636","2390云辰","110/08/19","元大-歸仁",2,55,-53
"1637","2390云辰","110/08/19","中農",55,20,35
"1638","2390云辰","110/08/19","日茂",7,58,-51
"1639","2390云辰","110/08/19","第一金-安和",55,22,33
"1640","2390云辰","110/08/19","元大-大灣",10,60,-50
"1641","2390云辰","110/08/19","元大-雙和",42,12,30
"1642","2390云辰","110/08/19","凱基-三重",1,48,-47
"1643","2390云辰","110/08/19","國泰-館前",77,48,29
"1644","2390云辰","110/08/19","國票-台東",2,41,-39
"1645","2390云辰","110/08/19","元大-文心興安",42,13,29
"1646","2390云辰","110/08/19","豐農",7,41,-34
"1647","2390云辰","110/08/19","(牛牛牛)亞-鑫豐",59,31,28
"1648","2390云辰","110/08/19","凱基-中港",5,36,-31
"1649","2390云辰","110/08/19","國泰-高雄",44,18,26
"1650","2390云辰","110/08/19","永豐金-嘉義",3,32,-29
"1651","2609陽明","110/08/18","凱基-台北",15132,4630,10502
"1652","2609陽明","110/08/18","兆豐-復興",1580,3572,-1992
"1653","2609陽明","110/08/18","康和",4145,283,3862
"1654","2609陽明","110/08/18","日盛-板橋",943,2532,-1589
"1655","2609陽明","110/08/18","美林",6982,3580,3402
"1656","2609陽明","110/08/18","國泰-敦南",4957,6082,-1125
"1657","2609陽明","110/08/18","富邦證券",5335,3049,2286
"1658","2609陽明","110/08/18","新光",3470,4443,-973
"1659","2609陽明","110/08/18","兆豐-南京",2352,209,2143
"1660","2609陽明","110/08/18","玉山證券",1002,1913,-911
"1661","2609陽明","110/08/18","兆豐-虎尾",4490,2388,2102
"1662","2609陽明","110/08/18","台新證券",2873,3601,-728
"1663","2609陽明","110/08/18","永豐金-信義",1719,99,1620
"1664","2609陽明","110/08/18","國泰-館前",1002,1633,-631
"1665","2609陽明","110/08/18","摩根大通",9173,7611,1562
"1666","2609陽明","110/08/18","日盛-中壢",255,825,-570
"1667","2609陽明","110/08/18","台灣摩根士丹利",2544,1230,1314
"1668","2609陽明","110/08/18","兆豐-板橋",646,1122,-476
"1669","2609陽明","110/08/18","凱基-斗六",4335,3037,1298
"1670","2609陽明","110/08/18","第一金-嘉義",153,589,-436
"1671","2609陽明","110/08/18","統一",1895,653,1242
"1672","2609陽明","110/08/18","第一金-桃園",168,595,-427
"1673","2609陽明","110/08/18","元大證券",3293,2063,1230
"1674","2609陽明","110/08/18","(牛牛牛)亞-鑫豐",283,690,-407
"1675","2609陽明","110/08/18","富邦-仁愛",2205,1064,1141
"1676","2609陽明","110/08/18","國泰-板橋",1508,1913,-405
"1677","2609陽明","110/08/18","富邦-虎尾",10781,9680,1101
"1678","2609陽明","110/08/18","凱基-市政",9806,10201,-395
"1679","2609陽明","110/08/18","元大-頭份",1219,381,838
"1680","2609陽明","110/08/18","凱基-高美館",607,1000,-393
"1681","2636台驊投控","110/08/18","富邦證券",1190,0,1190
"1682","2636台驊投控","110/08/18","凱基",21,470,-449
"1683","2636台驊投控","110/08/18","摩根大通",1639,646,993
"1684","2636台驊投控","110/08/18","玉山-南京東路",3,355,-352
"1685","2636台驊投控","110/08/18","台灣摩根士丹利",825,36,789
"1686","2636台驊投控","110/08/18","統一-新台中",15,291,-276
"1687","2636台驊投控","110/08/18","凱基-台北",881,309,572
"1688","2636台驊投控","110/08/18","永豐金-新竹",38,292,-254
"1689","2636台驊投控","110/08/18","統一",503,143,360
"1690","2636台驊投控","110/08/18","國票-彰化",518,760,-242
"1691","2636台驊投控","110/08/18","富邦-員林",373,78,295
"1692","2636台驊投控","110/08/18","國泰-敦南",456,601,-145
"1693","2636台驊投控","110/08/18","新加坡商瑞銀",307,50,257
"1694","2636台驊投控","110/08/18","日盛-宜蘭",12,143,-131
"1695","2636台驊投控","110/08/18","美林",863,611,252
"1696","2636台驊投控","110/08/18","日盛-景美",26,156,-130
"1697","2636台驊投控","110/08/18","日盛-台中",273,57,216
"1698","2636台驊投控","110/08/18","日盛證券",180,298,-118
"1699","2636台驊投控","110/08/18","日盛-板橋",166,13,153
"1700","2636台驊投控","110/08/18","第一金-桃園",36,154,-118
"1701","2636台驊投控","110/08/18","兆豐-虎尾",169,20,149
"1702","2636台驊投控","110/08/18","新光",402,503,-101
"1703","2636台驊投控","110/08/18","華南永昌-竹北",221,84,137
"1704","2636台驊投控","110/08/18","凱基-市政",93,185,-92
"1705","2636台驊投控","110/08/18","大慶",123,6,117
"1706","2636台驊投控","110/08/18","台新證券",371,450,-79
"1707","2636台驊投控","110/08/18","美商高盛",432,323,109
"1708","2636台驊投控","110/08/18","凱基-天母",2,81,-79
"1709","2636台驊投控","110/08/18","統一-南京",102,33,69
"1710","2636台驊投控","110/08/18","華南永昌-南京",30,101,-71
"1711","2867三商壽","110/08/18","摩根大通",776,115,661
"1712","2867三商壽","110/08/18","華南永昌",2,804,-802
"1713","2867三商壽","110/08/18","美林",510,38,472
"1714","2867三商壽","110/08/18","富邦-陽明",0,253,-253
"1715","2867三商壽","110/08/18","元富-世貿",164,15,149
"1716","2867三商壽","110/08/18","宏遠證券",0,220,-220
"1717","2867三商壽","110/08/18","元大-桃園",110,1,109
"1718","2867三商壽","110/08/18","元大-崇德",0,178,-178
"1719","2867三商壽","110/08/18","新加坡商瑞銀",168,73,95
"1720","2867三商壽","110/08/18","元大證券",7,143,-136
"1721","2867三商壽","110/08/18","台新證券",97,2,95
"1722","2867三商壽","110/08/18","土銀-新竹",0,86,-86
"1723","2867三商壽","110/08/18","康和-台中",90,1,89
"1724","2867三商壽","110/08/18","統一-台中",0,82,-82
"1725","2867三商壽","110/08/18","富邦-三重",90,6,84
"1726","2867三商壽","110/08/18","富邦-嘉義",0,70,-70
"1727","2867三商壽","110/08/18","元富",70,0,70
"1728","2867三商壽","110/08/18","宏遠-台中",7,71,-64
"1729","2867三商壽","110/08/18","兆豐-寶成",70,1,69
"1730","2867三商壽","110/08/18","富邦-南屯",0,63,-63
"1731","2867三商壽","110/08/18","台新-台中",68,13,55
"1732","2867三商壽","110/08/18","元大-大甲",1,61,-60
"1733","2867三商壽","110/08/18","凱基",51,0,51
"1734","2867三商壽","110/08/18","美商高盛",32,87,-55
"1735","2867三商壽","110/08/18","元大-開元",51,0,51
"1736","2867三商壽","110/08/18","元富-大裕",0,50,-50
"1737","2867三商壽","110/08/18","日盛-頭份",50,0,50
"1738","2867三商壽","110/08/18","富邦-高雄",1,48,-47
"1739","2867三商壽","110/08/18","兆豐-台中",50,0,50
"1740","2867三商壽","110/08/18","元大-台北",0,40,-40
"1741","5521工信","110/08/18","台新證券",144,10,134
"1742","5521工信","110/08/18","台新-台中",0,200,-200
"1743","5521工信","110/08/18","群益金鼎-台中",43,0,43
"1744","5521工信","110/08/18","香港上海匯豐",0,143,-143
"1745","5521工信","110/08/18","富邦-嘉義",31,0,31
"1746","5521工信","110/08/18","日盛-雙和",0,100,-100
"1747","5521工信","110/08/18","華南永昌-林口",30,1,29
"1748","5521工信","110/08/18","元大-沙鹿",0,61,-61
"1749","5521工信","110/08/18","日進",25,0,25
"1750","5521工信","110/08/18","凱基-台北",57,116,-59
"1751","5521工信","110/08/18","國泰-敦南",26,3,23
"1752","5521工信","110/08/18","美林",3,61,-58
"1753","5521工信","110/08/18","群益金鼎-高雄",20,0,20
"1754","5521工信","110/08/18","永豐金-桃盛",0,50,-50
"1755","5521工信","110/08/18","元大-屏南",20,0,20
"1756","5521工信","110/08/18","摩根大通",106,150,-44
"1757","5521工信","110/08/18","元大-基隆孝二",20,0,20
"1758","5521工信","110/08/18","大慶-富順",0,42,-42
"1759","5521工信","110/08/18","永豐金-新店",20,0,20
"1760","5521工信","110/08/18","元大-鳳山",0,30,-30
"1761","5521工信","110/08/18","元大-龍潭",17,0,17
"1762","5521工信","110/08/18","凱基-三重",25,50,-25
"1763","5521工信","110/08/18","兆豐-北高雄",16,0,16
"1764","5521工信","110/08/18","光和-田中",2,24,-22
"1765","5521工信","110/08/18","元富-文心",15,0,15
"1766","5521工信","110/08/18","元大-和平",0,20,-20
"1767","5521工信","110/08/18","元大-前金",15,0,15
"1768","5521工信","110/08/18","華南永昌",0,15,-15
"1769","5521工信","110/08/18","元大-北投",15,0,15
"1770","5521工信","110/08/18","凱基-南崁",0,12,-12
"1771","1471首利","110/08/18","摩根大通",195,17,178
"1772","1471首利","110/08/18","元大-西門",16,81,-65
"1773","1471首利","110/08/18","永豐金-板盛",42,0,42
"1774","1471首利","110/08/18","高橋-龍潭",0,35,-35
"1775","1471首利","110/08/18","台新證券",35,13,22
"1776","1471首利","110/08/18","新光",14,41,-27
"1777","1471首利","110/08/18","台灣企銀-九如",20,0,20
"1778","1471首利","110/08/18","台新-高雄",2,25,-23
"1779","1471首利","110/08/18","凱基-五股",20,0,20
"1780","1471首利","110/08/18","元富-世貿",0,20,-20
"1781","1471首利","110/08/18","瑞士信貸",25,13,12
"1782","1471首利","110/08/18","台新-中壢",0,20,-20
"1783","1471首利","110/08/18","群益金鼎-三重",10,0,10
"1784","1471首利","110/08/18","玉山-高雄",1,21,-20
"1785","1471首利","110/08/18","凱基-台南",10,0,10
"1786","1471首利","110/08/18","富邦-基隆",13,30,-17
"1787","1471首利","110/08/18","華南永昌-鳳山",10,0,10
"1788","1471首利","110/08/18","凱基-彰化",0,14,-14
"1789","1471首利","110/08/18","富邦-嘉義",10,0,10
"1790","1471首利","110/08/18","元富-民權",0,12,-12
"1791","1471首利","110/08/18","元大-開元",10,0,10
"1792","1471首利","110/08/18","凱基-羅東",0,11,-11
"1793","1471首利","110/08/18","元大-內湖",10,0,10
"1794","1471首利","110/08/18","合庫證券",0,10,-10
"1795","1471首利","110/08/18","元大-東港",10,0,10
"1796","1471首利","110/08/18","日盛-斗六",0,10,-10
"1797","1471首利","110/08/18","永豐金-台南",10,0,10
"1798","1471首利","110/08/18","群益金鼎-潭子",0,10,-10
"1799","1471首利","110/08/18","凱基-台北",25,16,9
"1800","1471首利","110/08/18","元大-汐止",0,10,-10
"1801","2883開發金","110/08/18","合庫-台中",6579,11,6568
"1802","2883開發金","110/08/18","新加坡商瑞銀",902,7117,-6215
"1803","2883開發金","110/08/18","香港上海匯豐",4579,0,4579
"1804","2883開發金","110/08/18","台灣摩根士丹利",375,5303,-4928
"1805","2883開發金","110/08/18","富邦-台中",3720,12,3708
"1806","2883開發金","110/08/18","凱基",0,4582,-4582
"1807","2883開發金","110/08/18","中國信託-文心",3128,2,3126
"1808","2883開發金","110/08/18","台新證券",425,4594,-4169
"1809","2883開發金","110/08/18","元大-福營",1063,19,1044
"1810","2883開發金","110/08/18","國泰證券",11,3677,-3666
"1811","2883開發金","110/08/18","華南永昌-南京",1046,43,1003
"1812","2883開發金","110/08/18","富邦證券",47,3305,-3258
"1813","2883開發金","110/08/18","合庫證券",999,7,992
"1814","2883開發金","110/08/18","元大證券",1065,3675,-2610
"1815","2883開發金","110/08/18","瑞士信貸",1041,53,988
"1816","2883開發金","110/08/18","凱基-台北",1972,4074,-2102
"1817","2883開發金","110/08/18","摩根大通",2088,1332,756
"1818","2883開發金","110/08/18","國票-長城",711,2005,-1294
"1819","2883開發金","110/08/18","新光",2279,1577,702
"1820","2883開發金","110/08/18","日盛證券",88,1002,-914
"1821","2883開發金","110/08/18","元大-金華",559,0,559
"1822","2883開發金","110/08/18","群益金鼎-西松",38,786,-748
"1823","2883開發金","110/08/18","花旗環球",652,184,468
"1824","2883開發金","110/08/18","兆豐-高雄",12,668,-656
"1825","2883開發金","110/08/18","港商野村",1145,723,422
"1826","2883開發金","110/08/18","元富-四維",2,606,-604
"1827","2883開發金","110/08/18","國泰-敦南",609,244,365
"1828","2883開發金","110/08/18","宏遠-光隆",14,615,-601
"1829","2883開發金","110/08/18","元富",353,0,353
"1830","2883開發金","110/08/18","永豐金-苓雅",30,595,-565
"1831","6205詮欣","110/08/18","摩根大通",14,1,13
"1832","6205詮欣","110/08/18","合庫證券",0,15,-15
"1833","6205詮欣","110/08/18","凱基-汐止",10,0,10
"1834","6205詮欣","110/08/18","國票-南港",0,14,-14
"1835","6205詮欣","110/08/18","臺銀-臺中",9,0,9
"1836","6205詮欣","110/08/18","元大-大天母",0,8,-8
"1837","6205詮欣","110/08/18","德信-新營",7,0,7
"1838","6205詮欣","110/08/18","富邦-仁愛",0,6,-6
"1839","6205詮欣","110/08/18","元富-安南",6,0,6
"1840","6205詮欣","110/08/18","兆豐-竹北",0,5,-5
"1841","6205詮欣","110/08/18","凱基-台北",5,0,5
"1842","6205詮欣","110/08/18","兆豐-台中",0,4,-4
"1843","6205詮欣","110/08/18","美林",4,0,4
"1844","6205詮欣","110/08/18","元大-土城學府",0,3,-3
"1845","6205詮欣","110/08/18","華南永昌-古亭",6,2,4
"1846","6205詮欣","110/08/18","永豐金-台南",0,3,-3
"1847","6205詮欣","110/08/18","永豐金證券",4,0,4
"1848","6205詮欣","110/08/18","日盛-板橋中山",0,2,-2
"1849","6205詮欣","110/08/18","玉山證券",3,0,3
"1850","6205詮欣","110/08/18","亞東-高雄",0,2,-2
"1851","6205詮欣","110/08/18","永豐金-中正",3,0,3
"1852","6205詮欣","110/08/18","大昌-安康",0,2,-2
"1853","6205詮欣","110/08/18","大慶-台南",2,0,2
"1854","6205詮欣","110/08/18","大昌-新店",0,2,-2
"1855","6205詮欣","110/08/18","元富-草屯",2,0,2
"1856","6205詮欣","110/08/18","玉山-高雄",0,2,-2
"1857","6205詮欣","110/08/18","元大-豐原",2,0,2
"1858","6205詮欣","110/08/18","日盛-板橋",0,1,-1
"1859","6205詮欣","110/08/18","日盛-三重",1,0,1
"1860","6205詮欣","110/08/18","宏遠-民生",0,1,-1
"1861","1540喬福","110/08/18","凱基-台北",26,5,21
"1862","1540喬福","110/08/18","兆豐-小港",0,45,-45
"1863","1540喬福","110/08/18","元大-土城永寧",15,0,15
"1864","1540喬福","110/08/18","群益金鼎-館前",1,40,-39
"1865","1540喬福","110/08/18","凱基-中壢",12,0,12
"1866","1540喬福","110/08/18","新光-台南",0,10,-10
"1867","1540喬福","110/08/18","日盛-二林",10,0,10
"1868","1540喬福","110/08/18","元大-北屯",0,6,-6
"1869","1540喬福","110/08/18","日盛-鳳山",6,0,6
"1870","1540喬福","110/08/18","新光-桃園",0,5,-5
"1871","1540喬福","110/08/18","兆豐-北高雄",6,0,6
"1872","1540喬福","110/08/18","元富",0,4,-4
"1873","1540喬福","110/08/18","元大-龍潭",6,0,6
"1874","1540喬福","110/08/18","元大-館前",0,4,-4
"1875","1540喬福","110/08/18","日盛-樹林",5,0,5
"1876","1540喬福","110/08/18","國票-台東",0,3,-3
"1877","1540喬福","110/08/18","瑞士信貸",3,0,3
"1878","1540喬福","110/08/18","富邦-台南",0,3,-3
"1879","1540喬福","110/08/18","兆豐-三民",3,0,3
"1880","1540喬福","110/08/18","第一金-大稻埕",0,2,-2
"1881","1540喬福","110/08/18","國票-彰化",3,0,3
"1882","1540喬福","110/08/18","致和-南京",0,2,-2
"1883","1540喬福","110/08/18","富邦-員林",3,0,3
"1884","1540喬福","110/08/18","玉山-城中",0,2,-2
"1885","1540喬福","110/08/18","永豐金-敦南",3,0,3
"1886","1540喬福","110/08/18","元大-南崁",0,2,-2
"1887","1540喬福","110/08/18","日盛-板橋",2,0,2
"1888","1540喬福","110/08/18","元大-府城",1,3,-2
"1889","1540喬福","110/08/18","兆豐-台中港",2,0,2
"1890","1540喬福","110/08/18","元大-松山",0,2,-2
"1891","2888新光金","110/08/18","兆豐-公益",6495,300,6195
"1892","2888新光金","110/08/18","美商高盛",222,4409,-4187
"1893","2888新光金","110/08/18","元大-忠孝鼎富",4187,0,4187
"1894","2888新光金","110/08/18","元富-城東",12,2101,-2089
"1895","2888新光金","110/08/18","瑞士信貸",2917,33,2884
"1896","2888新光金","110/08/18","華南永昌",26,1674,-1648
"1897","2888新光金","110/08/18","華南永昌-大安",1071,5,1066
"1898","2888新光金","110/08/18","華南永昌-忠孝",0,1211,-1211
"1899","2888新光金","110/08/18","宏遠-光隆",1044,6,1038
"1900","2888新光金","110/08/18","群益金鼎-彰化",14,1211,-1197
"1901","2888新光金","110/08/18","元富",805,90,715
"1902","2888新光金","110/08/18","元大-大同",5,711,-706
"1903","2888新光金","110/08/18","凱基-台北",2712,2138,574
"1904","2888新光金","110/08/18","凱基-桃園",93,755,-662
"1905","2888新光金","110/08/18","台灣摩根士丹利",742,305,437
"1906","2888新光金","110/08/18","新光-台南",2,610,-608
"1907","2888新光金","110/08/18","富邦證券",385,20,365
"1908","2888新光金","110/08/18","第一金-新竹",100,706,-606
"1909","2888新光金","110/08/18","摩根大通",2204,1868,336
"1910","2888新光金","110/08/18","福勝",2,600,-598
"1911","2888新光金","110/08/18","永興-台中",303,29,274
"1912","2888新光金","110/08/18","華南永昌-岡山",12,457,-445
"1913","2888新光金","110/08/18","元大-六合",302,28,274
"1914","2888新光金","110/08/18","花旗環球",38,466,-428
"1915","2888新光金","110/08/18","華南永昌-敦南",262,10,252
"1916","2888新光金","110/08/18","元富-民權",0,300,-300
"1917","2888新光金","110/08/18","新加坡商瑞銀",287,70,217
"1918","2888新光金","110/08/18","華南永昌-合泰",4,303,-299
"1919","2888新光金","110/08/18","統一-板橋",170,5,165
"1920","2888新光金","110/08/18","元富-中港",3,300,-297
"1921","1340勝悅","110/08/18","摩根大通",139,18,121
"1922","1340勝悅","110/08/18","聯邦-三重",0,100,-100
"1923","1340勝悅","110/08/18","華南永昌-敦南",8,0,8
"1924","1340勝悅","110/08/18","華南永昌",1,20,-19
"1925","1340勝悅","110/08/18","永豐金-板盛",7,0,7
"1926","1340勝悅","110/08/18","合庫證券",0,10,-10
"1927","1340勝悅","110/08/18","美商高盛",6,0,6
"1928","1340勝悅","110/08/18","新光-新竹",0,10,-10
"1929","1340勝悅","110/08/18","臺灣企銀-埔墘",5,0,5
"1930","1340勝悅","110/08/18","富邦-嘉義",0,8,-8
"1931","1340勝悅","110/08/18","國泰-台中",5,0,5
"1932","1340勝悅","110/08/18","元大-新竹經國",0,7,-7
"1933","1340勝悅","110/08/18","凱基-松山",5,0,5
"1934","1340勝悅","110/08/18","臺銀-鳳山",5,10,-5
"1935","1340勝悅","110/08/18","新光",4,0,4
"1936","1340勝悅","110/08/18","瑞士信貸",0,5,-5
"1937","1340勝悅","110/08/18","中國信託-文心",3,0,3
"1938","1340勝悅","110/08/18","統一-城中",9,13,-4
"1939","1340勝悅","110/08/18","康和-延平",3,0,3
"1940","1340勝悅","110/08/18","元大-歸仁",0,4,-4
"1941","1340勝悅","110/08/18","新光-桃園",3,0,3
"1942","1340勝悅","110/08/18","元大-桃興",1,5,-4
"1943","1340勝悅","110/08/18","凱基-基隆",3,0,3
"1944","1340勝悅","110/08/18","(牛牛牛)亞-鑫豐",1,4,-3
"1945","1340勝悅","110/08/18","合庫-鳳山",2,0,2
"1946","1340勝悅","110/08/18","台新證券",0,3,-3
"1947","1340勝悅","110/08/18","元富-板橋",2,0,2
"1948","1340勝悅","110/08/18","合庫-高雄",0,2,-2
"1949","1340勝悅","110/08/18","大昌-安康",2,0,2
"1950","1340勝悅","110/08/18","日盛-文化",0,2,-2
"1951","6246臺龍","110/08/18","港商野村",62,7,55
"1952","6246臺龍","110/08/18","元富-高雄",0,20,-20
"1953","6246臺龍","110/08/18","台新-三民",20,0,20
"1954","6246臺龍","110/08/18","新光",1,16,-15
"1955","6246臺龍","110/08/18","台新證券",19,0,19
"1956","6246臺龍","110/08/18","日盛-板橋",0,10,-10
"1957","6246臺龍","110/08/18","元富-林園",10,0,10
"1958","6246臺龍","110/08/18","致和-台北",0,10,-10
"1959","6246臺龍","110/08/18","光和-和美",10,0,10
"1960","6246臺龍","110/08/18","凱基-永和",0,10,-10
"1961","6246臺龍","110/08/18","凱基-屏東",10,0,10
"1962","6246臺龍","110/08/18","華南永昌-公誠",0,10,-10
"1963","6246臺龍","110/08/18","元大-永康",10,0,10
"1964","6246臺龍","110/08/18","凱基-台北",1,10,-9
"1965","6246臺龍","110/08/18","元大-竹科",5,0,5
"1966","6246臺龍","110/08/18","元大-北港",0,9,-9
"1967","6246臺龍","110/08/18","元大-北成功",4,0,4
"1968","6246臺龍","110/08/18","日盛-和美",0,6,-6
"1969","6246臺龍","110/08/18","大慶-苗栗",3,0,3
"1970","6246臺龍","110/08/18","群益金鼎-北高雄",0,6,-6
"1971","6246臺龍","110/08/18","統一-彰化",3,0,3
"1972","6246臺龍","110/08/18","日進",0,5,-5
"1973","6246臺龍","110/08/18","日茂-南投",3,0,3
"1974","6246臺龍","110/08/18","凱基-松山",0,5,-5
"1975","6246臺龍","110/08/18","兆豐-新營",3,0,3
"1976","6246臺龍","110/08/18","凱基-三多",2,7,-5
"1977","6246臺龍","110/08/18","元大-南投",3,0,3
"1978","6246臺龍","110/08/18","元富-烏日",0,4,-4
"1979","6246臺龍","110/08/18","元富-大裕",2,0,2
"1980","6246臺龍","110/08/18","兆豐-景美",0,4,-4
"1981","00715L期街口布蘭特正2","110/08/18","兆豐-鹿港",751,0,751
"1982","00715L期街口布蘭特正2","110/08/18","元大證券",368,4666,-4298
"1983","00715L期街口布蘭特正2","110/08/18","合庫-新竹",597,1,596
"1984","00715L期街口布蘭特正2","110/08/18","凱基-台北",310,4173,-3863
"1985","00715L期街口布蘭特正2","110/08/18","(牛牛牛)亞-鑫豐",606,24,582
"1986","00715L期街口布蘭特正2","110/08/18","統一",5,1703,-1698
"1987","00715L期街口布蘭特正2","110/08/18","元富-古亭",499,0,499
"1988","00715L期街口布蘭特正2","110/08/18","元大-台中",8,1176,-1168
"1989","00715L期街口布蘭特正2","110/08/18","統一-新竹",411,0,411
"1990","00715L期街口布蘭特正2","110/08/18","兆豐-來福",0,590,-590
"1991","00715L期街口布蘭特正2","110/08/18","永豐金-北高雄",331,0,331
"1992","00715L期街口布蘭特正2","110/08/18","元富",5,588,-583
"1993","00715L期街口布蘭特正2","110/08/18","中國信託-新竹",327,0,327
"1994","00715L期街口布蘭特正2","110/08/18","康和",686,1184,-498
"1995","00715L期街口布蘭特正2","110/08/18","新光",396,124,272
"1996","00715L期街口布蘭特正2","110/08/18","新光-台中",143,525,-382
"1997","00715L期街口布蘭特正2","110/08/18","元大-沙鹿",216,0,216
"1998","00715L期街口布蘭特正2","110/08/18","元大-雙和",25,380,-355
"1999","00715L期街口布蘭特正2","110/08/18","國泰-敦南",244,30,214
"2000","00715L期街口布蘭特正2","110/08/18","玉山-新竹",8,324,-316
"2001","00715L期街口布蘭特正2","110/08/18","元大-花蓮",229,20,209
"2002","00715L期街口布蘭特正2","110/08/18","玉山-台南",19,285,-266
"2003","00715L期街口布蘭特正2","110/08/18","兆豐-台中",226,36,190
"2004","00715L期街口布蘭特正2","110/08/18","永豐金證券",4,240,-236
"2005","00715L期街口布蘭特正2","110/08/18","元大-復北",200,10,190
"2006","00715L期街口布蘭特正2","110/08/18","永豐金-台南",13,230,-217
"2007","00715L期街口布蘭特正2","110/08/18","台新-新營",221,32,189
"2008","00715L期街口布蘭特正2","110/08/18","中國信託-永康",15,210,-195
"2009","00715L期街口布蘭特正2","110/08/18","新光-新竹",204,17,187
"2010","00715L期街口布蘭特正2","110/08/18","凱基-大里",2,189,-187
"2011","8941關中","110/08/18","元大-華山",1,0,1
"2012","8941關中","110/08/18","群益金鼎-開元",0,2,-2
"2013","8941關中","110/08/18","元大-南京",1,0,1
"2014","8941關中","110/08/18","元大-桃興",0,1,-1
"2015","8941關中","110/08/18","元大-西門",1,0,1
"2016","8941關中","110/08/18","華南永昌-淡水",0,0,0
"2017","8941關中","110/08/18","華南永昌-淡水",0,0,0
"2018","8941關中","110/08/18","富邦-台北",0,0,0
"2019","8941關中","110/08/18","富邦-台北",0,0,0
"2020","8941關中","110/08/18","元大-金華",1,1,0
"2021","8941關中","110/08/18","元大-金華",1,1,0
"2022","8941關中","110/08/18","永豐金-敦北",0,0,0
"2023","8941關中","110/08/18","永豐金-敦北",0,0,0
"2024","8941關中","110/08/18","",NA,NA,NA
"2025","8941關中","110/08/18","",NA,NA,NA
"2026","8941關中","110/08/18","",NA,NA,NA
"2027","8941關中","110/08/18","",NA,NA,NA
"2028","8941關中","110/08/18","",NA,NA,NA
"2029","8941關中","110/08/18","",NA,NA,NA
"2030","8941關中","110/08/18","",NA,NA,NA
"2031","8941關中","110/08/18","",NA,NA,NA
"2032","8941關中","110/08/18","",NA,NA,NA
"2033","8941關中","110/08/18","",NA,NA,NA
"2034","8941關中","110/08/18","",NA,NA,NA
"2035","8941關中","110/08/18","",NA,NA,NA
"2036","8941關中","110/08/18","",NA,NA,NA
"2037","8941關中","110/08/18","",NA,NA,NA
"2038","8941關中","110/08/18","",NA,NA,NA
"2039","8941關中","110/08/18","",NA,NA,NA
"2040","8941關中","110/08/18","",NA,NA,NA
"2041","8936國統","110/08/18","凱基-台北",120,29,91
"2042","8936國統","110/08/18","新光-高雄",0,70,-70
"2043","8936國統","110/08/18","美林",66,1,65
"2044","8936國統","110/08/18","華南永昌-林口",1,70,-69
"2045","8936國統","110/08/18","元大-萬華",50,0,50
"2046","8936國統","110/08/18","台新-高雄",36,97,-61
"2047","8936國統","110/08/18","摩根大通",95,54,41
"2048","8936國統","110/08/18","永豐金-忠孝",12,44,-32
"2049","8936國統","110/08/18","港商野村",92,58,34
"2050","8936國統","110/08/18","台灣摩根士丹利",26,53,-27
"2051","8936國統","110/08/18","中國信託-高雄",12,0,12
"2052","8936國統","110/08/18","台新-中壢",0,25,-25
"2053","8936國統","110/08/18","玉山-台南",12,0,12
"2054","8936國統","110/08/18","元大-高雄",5,30,-25
"2055","8936國統","110/08/18","國泰-敦南",18,6,12
"2056","8936國統","110/08/18","玉山-嘉義",5,25,-20
"2057","8936國統","110/08/18","元大-成功",11,0,11
"2058","8936國統","110/08/18","新加坡商瑞銀",120,137,-17
"2059","8936國統","110/08/18","臺銀-新竹",10,0,10
"2060","8936國統","110/08/18","美商高盛",7,23,-16
"2061","8936國統","110/08/18","大慶-楊梅",10,0,10
"2062","8936國統","110/08/18","國泰-板橋",0,13,-13
"2063","8936國統","110/08/18","兆豐-三重",10,0,10
"2064","8936國統","110/08/18","群益金鼎-潭子",0,12,-12
"2065","8936國統","110/08/18","兆豐-北高雄",10,0,10
"2066","8936國統","110/08/18","群益金鼎-鳳山",0,12,-12
"2067","8936國統","110/08/18","元大-大里德芳",10,0,10
"2068","8936國統","110/08/18","合庫-高雄",0,10,-10
"2069","8936國統","110/08/18","永豐金-新莊",10,0,10
"2070","8936國統","110/08/18","第一金-新興",0,10,-10
"2071","6226光鼎","110/08/18","凱基-台北",625,134,491
"2072","6226光鼎","110/08/18","國泰-台中",21,655,-634
"2073","6226光鼎","110/08/18","元大-文心興安",224,4,220
"2074","6226光鼎","110/08/18","群益金鼎-士林",0,100,-100
"2075","6226光鼎","110/08/18","美商高盛",231,46,185
"2076","6226光鼎","110/08/18","元大-竹科",24,122,-98
"2077","6226光鼎","110/08/18","美林",213,118,95
"2078","6226光鼎","110/08/18","新光-桃園",22,96,-74
"2079","6226光鼎","110/08/18","新加坡商瑞銀",165,83,82
"2080","6226光鼎","110/08/18","永豐金-南投",15,83,-68
"2081","6226光鼎","110/08/18","凱基-竹科",67,4,63
"2082","6226光鼎","110/08/18","富邦-建國",21,80,-59
"2083","6226光鼎","110/08/18","元大證券",92,29,63
"2084","6226光鼎","110/08/18","元富-信義",2,58,-56
"2085","6226光鼎","110/08/18","元大-敦化",63,11,52
"2086","6226光鼎","110/08/18","凱基-新豐",15,69,-54
"2087","6226光鼎","110/08/18","兆豐-鹿港",54,4,50
"2088","6226光鼎","110/08/18","群益金鼎-台中",2,54,-52
"2089","6226光鼎","110/08/18","群益金鼎-萬華",54,9,45
"2090","6226光鼎","110/08/18","宏遠-光隆",0,50,-50
"2091","6226光鼎","110/08/18","大昌",48,12,36
"2092","6226光鼎","110/08/18","元大-福營",5,53,-48
"2093","6226光鼎","110/08/18","凱基-站前",35,1,34
"2094","6226光鼎","110/08/18","永豐金-竹北",2,43,-41
"2095","6226光鼎","110/08/18","日盛-和美",47,16,31
"2096","6226光鼎","110/08/18","兆豐-民生",0,40,-40
"2097","6226光鼎","110/08/18","群益金鼎-永和",30,0,30
"2098","6226光鼎","110/08/18","玉山證券",10,50,-40
"2099","6226光鼎","110/08/18","凱基-中港",30,0,30
"2100","6226光鼎","110/08/18","凱基-民權",11,51,-40
"2101","2363矽統","110/08/18","凱基-南崁",1528,19,1509
"2102","2363矽統","110/08/18","台灣摩根士丹利",64,1051,-987
"2103","2363矽統","110/08/18","凱基-台北",1850,671,1179
"2104","2363矽統","110/08/18","美商高盛",386,711,-325
"2105","2363矽統","110/08/18","摩根大通",1073,563,510
"2106","2363矽統","110/08/18","台新-三民",47,361,-314
"2107","2363矽統","110/08/18","富邦-板橋",403,71,332
"2108","2363矽統","110/08/18","新加坡商瑞銀",699,987,-288
"2109","2363矽統","110/08/18","玉山-高雄",391,228,163
"2110","2363矽統","110/08/18","富邦-台北",82,251,-169
"2111","2363矽統","110/08/18","群益金鼎",154,21,133
"2112","2363矽統","110/08/18","富邦-新店",28,140,-112
"2113","2363矽統","110/08/18","永豐金證券",155,31,124
"2114","2363矽統","110/08/18","中國信託-忠孝",89,200,-111
"2115","2363矽統","110/08/18","日盛-樹林",159,39,120
"2116","2363矽統","110/08/18","玉山-台中",14,122,-108
"2117","2363矽統","110/08/18","石橋證券",112,1,111
"2118","2363矽統","110/08/18","元大-汐止",112,215,-103
"2119","2363矽統","110/08/18","合庫-高雄",123,15,108
"2120","2363矽統","110/08/18","永豐金-板盛",2,105,-103
"2121","2363矽統","110/08/18","凱基-汐止",103,1,102
"2122","2363矽統","110/08/18","群益金鼎-南京",59,160,-101
"2123","2363矽統","110/08/18","永興",94,4,90
"2124","2363矽統","110/08/18","永豐金-天母",14,112,-98
"2125","2363矽統","110/08/18","元大-前金",207,139,68
"2126","2363矽統","110/08/18","凱基-竹科",22,110,-88
"2127","2363矽統","110/08/18","新光-桃園",84,17,67
"2128","2363矽統","110/08/18","華南永昌-台中",35,122,-87
"2129","2363矽統","110/08/18","富邦-台南",95,30,65
"2130","2363矽統","110/08/18","國泰-敦南",437,521,-84
"2131","8112至上","110/08/18","港商野村",371,52,319
"2132","8112至上","110/08/18","新加坡商瑞銀",70,220,-150
"2133","8112至上","110/08/18","凱基-台北",202,29,173
"2134","8112至上","110/08/18","元大證券",3,102,-99
"2135","8112至上","110/08/18","美林",135,39,96
"2136","8112至上","110/08/18","凱基-新店",0,91,-91
"2137","8112至上","110/08/18","凱基-市政",81,0,81
"2138","8112至上","110/08/18","台灣摩根士丹利",0,87,-87
"2139","8112至上","110/08/18","摩根大通",287,209,78
"2140","8112至上","110/08/18","元大-佳里",3,82,-79
"2141","8112至上","110/08/18","美商高盛",97,25,72
"2142","8112至上","110/08/18","合庫-台中",5,67,-62
"2143","8112至上","110/08/18","台新證券",71,13,58
"2144","8112至上","110/08/18","宏遠證券",0,59,-59
"2145","8112至上","110/08/18","大慶",60,10,50
"2146","8112至上","110/08/18","凱基-文心",0,53,-53
"2147","8112至上","110/08/18","凱基-站前",52,13,39
"2148","8112至上","110/08/18","元大-樹林",8,60,-52
"2149","8112至上","110/08/18","元大-大灣",38,0,38
"2150","8112至上","110/08/18","元大-永春",2,43,-41
"2151","8112至上","110/08/18","永豐金-中盛",31,3,28
"2152","8112至上","110/08/18","富邦-新營",2,40,-38
"2153","8112至上","110/08/18","國票-北高雄",25,0,25
"2154","8112至上","110/08/18","永豐金-員林",1,38,-37
"2155","8112至上","110/08/18","富邦-竹東",21,0,21
"2156","8112至上","110/08/18","玉山-高雄",23,55,-32
"2157","8112至上","110/08/18","彰銀-七賢",20,0,20
"2158","8112至上","110/08/18","大昌-桃園",1,30,-29
"2159","8112至上","110/08/18","元富-新莊",20,0,20
"2160","8112至上","110/08/18","新光-台南",1,30,-29
"2161","1570力肯","110/08/18","凱基-台北",129,5,124
"2162","1570力肯","110/08/18","華南永昌-桃園",0,102,-102
"2163","1570力肯","110/08/18","香港上海匯豐",36,0,36
"2164","1570力肯","110/08/18","中國信託-高雄",0,49,-49
"2165","1570力肯","110/08/18","統一",30,0,30
"2166","1570力肯","110/08/18","元富-世貿",0,20,-20
"2167","1570力肯","110/08/18","群益金鼎-北高雄",27,0,27
"2168","1570力肯","110/08/18","國泰證券",0,20,-20
"2169","1570力肯","110/08/18","國票-北高雄",21,3,18
"2170","1570力肯","110/08/18","元大-屏南",0,15,-15
"2171","1570力肯","110/08/18","元大-南投",20,4,16
"2172","1570力肯","110/08/18","元大-和平",5,20,-15
"2173","1570力肯","110/08/18","新光-台南",15,0,15
"2174","1570力肯","110/08/18","元大-基隆",0,12,-12
"2175","1570力肯","110/08/18","富邦-高雄",15,0,15
"2176","1570力肯","110/08/18","玉山-台中",0,10,-10
"2177","1570力肯","110/08/18","華南永昌-嘉義",12,0,12
"2178","1570力肯","110/08/18","元大-苗栗",0,10,-10
"2179","1570力肯","110/08/18","富邦-花蓮",10,0,10
"2180","1570力肯","110/08/18","元大-草屯",0,10,-10
"2181","1570力肯","110/08/18","元富-新店",10,2,8
"2182","1570力肯","110/08/18","富邦-彰化",0,8,-8
"2183","1570力肯","110/08/18","富邦-台東",12,4,8
"2184","1570力肯","110/08/18","日盛-嘉義",0,7,-7
"2185","1570力肯","110/08/18","日盛-高雄",7,0,7
"2186","1570力肯","110/08/18","永豐金-桃園",3,10,-7
"2187","1570力肯","110/08/18","元大-羅東",7,0,7
"2188","1570力肯","110/08/18","大昌-安康",0,6,-6
"2189","1570力肯","110/08/18","大慶-蘆洲",9,3,6
"2190","1570力肯","110/08/18","國票-和平",0,6,-6
"2191","2929淘帝","110/08/18","摩根大通",42,2,40
"2192","2929淘帝","110/08/18","日盛-嘉義",0,30,-30
"2193","2929淘帝","110/08/18","元富-板橋",23,0,23
"2194","2929淘帝","110/08/18","兆豐-復興",0,16,-16
"2195","2929淘帝","110/08/18","元大-太平",19,0,19
"2196","2929淘帝","110/08/18","兆豐-桃鶯",0,13,-13
"2197","2929淘帝","110/08/18","永豐金-中盛",10,0,10
"2198","2929淘帝","110/08/18","中國信託",4,14,-10
"2199","2929淘帝","110/08/18","新光",18,9,9
"2200","2929淘帝","110/08/18","宏遠-高雄",0,6,-6
"2201","2929淘帝","110/08/18","永豐金證券",8,0,8
"2202","2929淘帝","110/08/18","元大-東泰",0,5,-5
"2203","2929淘帝","110/08/18","元富-新竹",5,0,5
"2204","2929淘帝","110/08/18","港商野村",5,9,-4
"2205","2929淘帝","110/08/18","富邦-新店",5,0,5
"2206","2929淘帝","110/08/18","(牛牛牛)亞-鑫豐",0,4,-4
"2207","2929淘帝","110/08/18","凱基-豐中",4,0,4
"2208","2929淘帝","110/08/18","群益金鼎-潭子",0,4,-4
"2209","2929淘帝","110/08/18","永豐金-竹北",4,0,4
"2210","2929淘帝","110/08/18","亞東",0,3,-3
"2211","2929淘帝","110/08/18","亞東-板橋",4,1,3
"2212","2929淘帝","110/08/18","台新-高雄",0,3,-3
"2213","2929淘帝","110/08/18","中國信託-中壢",3,0,3
"2214","2929淘帝","110/08/18","國泰-板橋",0,3,-3
"2215","2929淘帝","110/08/18","凱基-中山",7,4,3
"2216","2929淘帝","110/08/18","元大-土城學府",0,3,-3
"2217","2929淘帝","110/08/18","富邦-陽明",5,2,3
"2218","2929淘帝","110/08/18","元大-楊梅",0,3,-3
"2219","2929淘帝","110/08/18","臺銀-鳳山",2,0,2
"2220","2929淘帝","110/08/18","日盛-高雄",0,2,-2
"2221","5410國眾","110/08/18","元大-中壢",31,0,31
"2222","5410國眾","110/08/18","凱基-台北",3,57,-54
"2223","5410國眾","110/08/18","康和-台北",10,0,10
"2224","5410國眾","110/08/18","台灣企銀-北高雄",0,20,-20
"2225","5410國眾","110/08/18","土銀-嘉義",9,0,9
"2226","5410國眾","110/08/18","摩根大通",5,22,-17
"2227","5410國眾","110/08/18","凱基-中山",8,0,8
"2228","5410國眾","110/08/18","臺銀-臺南",1,16,-15
"2229","5410國眾","110/08/18","凱基-彰化",7,0,7
"2230","5410國眾","110/08/18","大昌-樹林",5,20,-15
"2231","5410國眾","110/08/18","永豐金-員林",8,1,7
"2232","5410國眾","110/08/18","宏遠-民生",0,10,-10
"2233","5410國眾","110/08/18","玉山-城中",6,0,6
"2234","5410國眾","110/08/18","兆豐-高雄",0,10,-10
"2235","5410國眾","110/08/18","富邦-員林",6,0,6
"2236","5410國眾","110/08/18","富邦-仁愛",1,10,-9
"2237","5410國眾","110/08/18","元大-崇德",6,0,6
"2238","5410國眾","110/08/18","元大-土城學府",2,11,-9
"2239","5410國眾","110/08/18","永豐金-敦南",6,0,6
"2240","5410國眾","110/08/18","元大-豐原",0,7,-7
"2241","5410國眾","110/08/18","國泰-敦南",5,0,5
"2242","5410國眾","110/08/18","台新-高雄",0,6,-6
"2243","5410國眾","110/08/18","凱基-科園",5,0,5
"2244","5410國眾","110/08/18","元大-大里",0,6,-6
"2245","5410國眾","110/08/18","元大-博愛",5,0,5
"2246","5410國眾","110/08/18","永豐金-復興",0,6,-6
"2247","5410國眾","110/08/18","元大-新盛",5,0,5
"2248","5410國眾","110/08/18","元大-大天母",0,5,-5
"2249","5410國眾","110/08/18","國泰-松江",4,0,4
"2250","5410國眾","110/08/18","永豐金-板新",0,5,-5
"2251","2841台開","110/08/18","宏遠-館前",479,0,479
"2252","2841台開","110/08/18","兆豐-鹿港",0,200,-200
"2253","2841台開","110/08/18","第一金",46,0,46
"2254","2841台開","110/08/18","兆豐-台南",0,120,-120
"2255","2841台開","110/08/18","凱基-竹科",25,0,25
"2256","2841台開","110/08/18","摩根大通",0,100,-100
"2257","2841台開","110/08/18","合庫證券",24,0,24
"2258","2841台開","110/08/18","日盛-信義",0,69,-69
"2259","2841台開","110/08/18","第一金-台中",20,0,20
"2260","2841台開","110/08/18","玉山-高雄",0,51,-51
"2261","2841台開","110/08/18","富邦-板橋",24,5,19
"2262","2841台開","110/08/18","台新證券",5,40,-35
"2263","2841台開","110/08/18","永豐金-中盛",16,0,16
"2264","2841台開","110/08/18","華南永昌-鳳山",0,30,-30
"2265","2841台開","110/08/18","統一-新台中",15,0,15
"2266","2841台開","110/08/18","中國信託-嘉義",0,24,-24
"2267","2841台開","110/08/18","統一-士林",20,5,15
"2268","2841台開","110/08/18","元大-竹山",0,21,-21
"2269","2841台開","110/08/18","華南永昌-台中",14,0,14
"2270","2841台開","110/08/18","凱基-高美館",0,20,-20
"2271","2841台開","110/08/18","元大-彰化",20,7,13
"2272","2841台開","110/08/18","華南永昌-高雄",5,25,-20
"2273","2841台開","110/08/18","元大-六合",13,0,13
"2274","2841台開","110/08/18","元大-嘉義",0,20,-20
"2275","2841台開","110/08/18","兆豐-台中",10,0,10
"2276","2841台開","110/08/18","兆豐-天母",0,10,-10
"2277","2841台開","110/08/18","玉山-桃園",10,0,10
"2278","2841台開","110/08/18","群益金鼎-敦南",0,10,-10
"2279","2841台開","110/08/18","元大-台南",10,0,10
"2280","2841台開","110/08/18","元大-北三重",0,10,-10
"2281","6207雷科","110/08/18","凱基-台北",77,2,75
"2282","6207雷科","110/08/18","元大-高雄",0,106,-106
"2283","6207雷科","110/08/18","摩根大通",94,60,34
"2284","6207雷科","110/08/18","凱基-高雄",4,34,-30
"2285","6207雷科","110/08/18","港商野村",48,17,31
"2286","6207雷科","110/08/18","凱基-復興",0,30,-30
"2287","6207雷科","110/08/18","兆豐-南京",30,0,30
"2288","6207雷科","110/08/18","日盛證券",0,29,-29
"2289","6207雷科","110/08/18","元大-六合",30,0,30
"2290","6207雷科","110/08/18","凱基-敦北",1,28,-27
"2291","6207雷科","110/08/18","新加坡商瑞銀",66,40,26
"2292","6207雷科","110/08/18","群益金鼎-東門",0,16,-16
"2293","6207雷科","110/08/18","台新-高雄",21,0,21
"2294","6207雷科","110/08/18","元大-天母",0,11,-11
"2295","6207雷科","110/08/18","光和-和美",17,0,17
"2296","6207雷科","110/08/18","美商高盛",4,13,-9
"2297","6207雷科","110/08/18","凱基-三重",13,0,13
"2298","6207雷科","110/08/18","新光",0,8,-8
"2299","6207雷科","110/08/18","元富-安南",10,0,10
"2300","6207雷科","110/08/18","永豐金-忠孝",0,8,-8
"2301","6207雷科","110/08/18","元大-東門",9,0,9
"2302","6207雷科","110/08/18","合庫證券",0,7,-7
"2303","6207雷科","110/08/18","第一金-華江",8,2,6
"2304","6207雷科","110/08/18","康和-台中",0,6,-6
"2305","6207雷科","110/08/18","永豐金-高雄",6,0,6
"2306","6207雷科","110/08/18","元大-大天母",0,6,-6
"2307","6207雷科","110/08/18","玉山-台大",5,0,5
"2308","6207雷科","110/08/18","統一-三多",0,5,-5
"2309","6207雷科","110/08/18","凱基-岡山",5,0,5
"2310","6207雷科","110/08/18","中國信託-忠孝",0,5,-5
"2311","3679新至陞","110/08/18","摩根大通",52,6,46
"2312","3679新至陞","110/08/18","統一-三重",0,21,-21
"2313","3679新至陞","110/08/18","凱基-台北",46,13,33
"2314","3679新至陞","110/08/18","元大-北成功",0,19,-19
"2315","3679新至陞","110/08/18","台灣摩根士丹利",31,0,31
"2316","3679新至陞","110/08/18","華南永昌-大安",0,18,-18
"2317","3679新至陞","110/08/18","瑞士信貸",26,1,25
"2318","3679新至陞","110/08/18","台新證券",0,14,-14
"2319","3679新至陞","110/08/18","美林",23,5,18
"2320","3679新至陞","110/08/18","萬泰",0,12,-12
"2321","3679新至陞","110/08/18","元大-文心興安",15,0,15
"2322","3679新至陞","110/08/18","大慶-苗栗",0,10,-10
"2323","3679新至陞","110/08/18","(牛牛牛)亞-網路",8,0,8
"2324","3679新至陞","110/08/18","元大-成功",0,10,-10
"2325","3679新至陞","110/08/18","永豐金-板橋",5,0,5
"2326","3679新至陞","110/08/18","富邦-嘉義",0,8,-8
"2327","3679新至陞","110/08/18","美商高盛",3,0,3
"2328","3679新至陞","110/08/18","凱基-長庚",0,7,-7
"2329","3679新至陞","110/08/18","兆豐-公益",3,0,3
"2330","3679新至陞","110/08/18","凱基-文心",0,6,-6
"2331","3679新至陞","110/08/18","聯邦-三重",3,0,3
"2332","3679新至陞","110/08/18","統一",0,5,-5
"2333","3679新至陞","110/08/18","土銀-台中",2,0,2
"2334","3679新至陞","110/08/18","元大-敦化",0,4,-4
"2335","3679新至陞","110/08/18","土銀-新竹",2,0,2
"2336","3679新至陞","110/08/18","日盛-文化",1,4,-3
"2337","3679新至陞","110/08/18","國泰-高雄",2,0,2
"2338","3679新至陞","110/08/18","彰銀",0,3,-3
"2339","3679新至陞","110/08/18","土銀-士林",1,0,1
"2340","3679新至陞","110/08/18","元富-大昌",0,3,-3
"2341","2727王品","110/08/18","凱基-台北",94,29,65
"2342","2727王品","110/08/18","港商麥格理",0,65,-65
"2343","2727王品","110/08/18","摩根大通",42,13,29
"2344","2727王品","110/08/18","華南永昌",1,39,-38
"2345","2727王品","110/08/18","彰銀-台中",27,0,27
"2346","2727王品","110/08/18","元富-板橋",1,16,-15
"2347","2727王品","110/08/18","瑞士信貸",18,3,15
"2348","2727王品","110/08/18","港商野村",66,79,-13
"2349","2727王品","110/08/18","凱基-埔墘",10,0,10
"2350","2727王品","110/08/18","第一金-桃園",0,11,-11
"2351","2727王品","110/08/18","富邦-建國",13,3,10
"2352","2727王品","110/08/18","元大-汐止",0,11,-11
"2353","2727王品","110/08/18","元大-學甲",10,0,10
"2354","2727王品","110/08/18","凱基-三峽",0,10,-10
"2355","2727王品","110/08/18","國泰-台中",28,19,9
"2356","2727王品","110/08/18","凱基-板橋",3,12,-9
"2357","2727王品","110/08/18","凱基-高美館",7,0,7
"2358","2727王品","110/08/18","凱基-林口",5,14,-9
"2359","2727王品","110/08/18","凱基-竹北",9,2,7
"2360","2727王品","110/08/18","富邦-中壢",2,11,-9
"2361","2727王品","110/08/18","元大-四維",7,0,7
"2362","2727王品","110/08/18","福勝",0,8,-8
"2363","2727王品","110/08/18","元大-敦南",8,1,7
"2364","2727王品","110/08/18","國泰-敦南",4,12,-8
"2365","2727王品","110/08/18","統一",19,13,6
"2366","2727王品","110/08/18","台新-三民",1,8,-7
"2367","2727王品","110/08/18","日盛-屏東",5,0,5
"2368","2727王品","110/08/18","華南永昌-林口",0,7,-7
"2369","2727王品","110/08/18","國泰-館前",6,1,5
"2370","2727王品","110/08/18","永豐金-內湖",0,7,-7
"2371","1570力肯","110/08/18","凱基-台北",129,5,124
"2372","1570力肯","110/08/18","華南永昌-桃園",0,102,-102
"2373","1570力肯","110/08/18","香港上海匯豐",36,0,36
"2374","1570力肯","110/08/18","中國信託-高雄",0,49,-49
"2375","1570力肯","110/08/18","統一",30,0,30
"2376","1570力肯","110/08/18","元富-世貿",0,20,-20
"2377","1570力肯","110/08/18","群益金鼎-北高雄",27,0,27
"2378","1570力肯","110/08/18","國泰證券",0,20,-20
"2379","1570力肯","110/08/18","國票-北高雄",21,3,18
"2380","1570力肯","110/08/18","元大-屏南",0,15,-15
"2381","1570力肯","110/08/18","元大-南投",20,4,16
"2382","1570力肯","110/08/18","元大-和平",5,20,-15
"2383","1570力肯","110/08/18","新光-台南",15,0,15
"2384","1570力肯","110/08/18","元大-基隆",0,12,-12
"2385","1570力肯","110/08/18","富邦-高雄",15,0,15
"2386","1570力肯","110/08/18","玉山-台中",0,10,-10
"2387","1570力肯","110/08/18","華南永昌-嘉義",12,0,12
"2388","1570力肯","110/08/18","元大-苗栗",0,10,-10
"2389","1570力肯","110/08/18","富邦-花蓮",10,0,10
"2390","1570力肯","110/08/18","元大-草屯",0,10,-10
"2391","1570力肯","110/08/18","元富-新店",10,2,8
"2392","1570力肯","110/08/18","富邦-彰化",0,8,-8
"2393","1570力肯","110/08/18","富邦-台東",12,4,8
"2394","1570力肯","110/08/18","日盛-嘉義",0,7,-7
"2395","1570力肯","110/08/18","日盛-高雄",7,0,7
"2396","1570力肯","110/08/18","永豐金-桃園",3,10,-7
"2397","1570力肯","110/08/18","元大-羅東",7,0,7
"2398","1570力肯","110/08/18","大昌-安康",0,6,-6
"2399","1570力肯","110/08/18","大慶-蘆洲",9,3,6
"2400","1570力肯","110/08/18","國票-和平",0,6,-6
"2401","6180橘子","110/08/18","美林",40,0,40
"2402","6180橘子","110/08/18","香港上海匯豐",0,102,-102
"2403","6180橘子","110/08/18","新加坡商瑞銀",23,1,22
"2404","6180橘子","110/08/18","台灣摩根士丹利",2,73,-71
"2405","6180橘子","110/08/18","凱基-基隆",18,2,16
"2406","6180橘子","110/08/18","美商高盛",1,31,-30
"2407","6180橘子","110/08/18","華南永昌-虎尾",15,0,15
"2408","6180橘子","110/08/18","凱基-市政",1,25,-24
"2409","6180橘子","110/08/18","元富-城東",14,1,13
"2410","6180橘子","110/08/18","日盛-板橋",1,20,-19
"2411","6180橘子","110/08/18","富邦-台北",16,3,13
"2412","6180橘子","110/08/18","新光-高雄",1,14,-13
"2413","6180橘子","110/08/18","富邦-中壢",11,2,9
"2414","6180橘子","110/08/18","凱基-東門",2,15,-13
"2415","6180橘子","110/08/18","富邦-宜蘭",9,0,9
"2416","6180橘子","110/08/18","元大-基隆孝二",0,12,-12
"2417","6180橘子","110/08/18","元大-前金",10,1,9
"2418","6180橘子","110/08/18","兆豐-三重",0,11,-11
"2419","6180橘子","110/08/18","中國信託",8,0,8
"2420","6180橘子","110/08/18","日盛證券",0,10,-10
"2421","6180橘子","110/08/18","元大-中壢",12,4,8
"2422","6180橘子","110/08/18","摩根大通",80,89,-9
"2423","6180橘子","110/08/18","凱基-大直",7,0,7
"2424","6180橘子","110/08/18","新光",9,18,-9
"2425","6180橘子","110/08/18","元大證券",9,2,7
"2426","6180橘子","110/08/18","富邦-南屯",0,9,-9
"2427","6180橘子","110/08/18","大慶-楊梅",6,0,6
"2428","6180橘子","110/08/18","元大-板橋三民",0,9,-9
"2429","6180橘子","110/08/18","華南永昌",7,1,6
"2430","6180橘子","110/08/18","元大-桃園",2,11,-9
"2431","2390云辰","110/08/18","兆豐-公益",192,31,161
"2432","2390云辰","110/08/18","摩根大通",1314,1582,-268
"2433","2390云辰","110/08/18","元大-土城學府",406,260,146
"2434","2390云辰","110/08/18","凱基-台北",727,962,-235
"2435","2390云辰","110/08/18","群益金鼎-敦南",106,4,102
"2436","2390云辰","110/08/18","國泰-桃園",53,264,-211
"2437","2390云辰","110/08/18","元大-竹科",136,36,100
"2438","2390云辰","110/08/18","富邦-內湖",0,201,-201
"2439","2390云辰","110/08/18","元大-館前",151,52,99
"2440","2390云辰","110/08/18","元大-復北",5,193,-188
"2441","2390云辰","110/08/18","日盛-園區",128,46,82
"2442","2390云辰","110/08/18","凱基-民權",2,160,-158
"2443","2390云辰","110/08/18","元大-東泰",84,9,75
"2444","2390云辰","110/08/18","國票-安和",98,231,-133
"2445","2390云辰","110/08/18","福勝",68,8,60
"2446","2390云辰","110/08/18","新加坡商瑞銀",102,225,-123
"2447","2390云辰","110/08/18","宏遠-光隆",73,14,59
"2448","2390云辰","110/08/18","港商野村",1128,1238,-110
"2449","2390云辰","110/08/18","元富",66,10,56
"2450","2390云辰","110/08/18","台灣摩根士丹利",3,100,-97
"2451","2390云辰","110/08/18","華南永昌-合泰",54,1,53
"2452","2390云辰","110/08/18","永豐金-嘉義",4,97,-93
"2453","2390云辰","110/08/18","凱基-中港",60,9,51
"2454","2390云辰","110/08/18","統一-城中",57,147,-90
"2455","2390云辰","110/08/18","第一金-忠孝",54,5,49
"2456","2390云辰","110/08/18","富邦-彰化",47,128,-81
"2457","2390云辰","110/08/18","統一-新台中",140,91,49
"2458","2390云辰","110/08/18","美林",341,412,-71
"2459","2390云辰","110/08/18","群益金鼎-台中",53,6,47
"2460","2390云辰","110/08/18","新光",312,382,-70
"2461","2609陽明","110/08/17","兆豐-中壢",5227,708,4519
"2462","2609陽明","110/08/17","康和",48,4865,-4817
"2463","2609陽明","110/08/17","凱基-台北",5969,1780,4189
"2464","2609陽明","110/08/17","永豐金-信義",84,2643,-2559
"2465","2609陽明","110/08/17","兆豐-三民",2114,136,1978
"2466","2609陽明","110/08/17","凱基-虎尾",487,2286,-1799
"2467","2609陽明","110/08/17","兆豐-復興",3638,1682,1956
"2468","2609陽明","110/08/17","港商野村",1127,2155,-1028
"2469","2609陽明","110/08/17","台灣摩根士丹利",2505,858,1647
"2470","2609陽明","110/08/17","兆豐-虎尾",1846,2756,-910
"2471","2609陽明","110/08/17","日盛-板橋",1734,262,1472
"2472","2609陽明","110/08/17","富邦-嘉義",7219,8100,-881
"2473","2609陽明","110/08/17","美林",3468,2882,586
"2474","2609陽明","110/08/17","元大-頭份",78,810,-732
"2475","2609陽明","110/08/17","香港上海匯豐",593,100,493
"2476","2609陽明","110/08/17","摩根大通",1422,2133,-711
"2477","2609陽明","110/08/17","統一-土城",366,14,352
"2478","2609陽明","110/08/17","元大-永春",281,971,-690
"2479","2609陽明","110/08/17","統一-敦南",899,577,322
"2480","2609陽明","110/08/17","宏遠證券",948,1614,-666
"2481","2609陽明","110/08/17","富邦-桃園",413,123,290
"2482","2609陽明","110/08/17","凱基-竹東",20,668,-648
"2483","2609陽明","110/08/17","日盛-中壢",537,256,281
"2484","2609陽明","110/08/17","元大證券",1377,2001,-624
"2485","2609陽明","110/08/17","兆豐-板橋",545,318,227
"2486","2609陽明","110/08/17","元富-新店",74,549,-475
"2487","2609陽明","110/08/17","凱基-桃園",367,142,225
"2488","2609陽明","110/08/17","華南永昌-楠梓",73,486,-413
"2489","2609陽明","110/08/17","統一-城中",390,169,221
"2490","2609陽明","110/08/17","臺銀",286,681,-395
"2491","2636台驊投控","110/08/17","元富-文心",272,9,263
"2492","2636台驊投控","110/08/17","凱基-彰化",0,689,-689
"2493","2636台驊投控","110/08/17","日盛-大墩",185,19,166
"2494","2636台驊投控","110/08/17","摩根大通",347,761,-414
"2495","2636台驊投控","110/08/17","第一金-桃園",147,26,121
"2496","2636台驊投控","110/08/17","富邦-花蓮",106,366,-260
"2497","2636台驊投控","110/08/17","元富-大昌",84,15,69
"2498","2636台驊投控","110/08/17","凱基-台北",395,566,-171
"2499","2636台驊投控","110/08/17","新光",258,192,66
"2500","2636台驊投控","110/08/17","大慶",15,175,-160
"2501","2636台驊投控","110/08/17","統一-新台中",64,4,60
"2502","2636台驊投控","110/08/17","統一",111,247,-136
"2503","2636台驊投控","110/08/17","華南永昌-竹北",308,252,56
"2504","2636台驊投控","110/08/17","富邦證券",0,134,-134
"2505","2636台驊投控","110/08/17","日盛-木柵",60,8,52
"2506","2636台驊投控","110/08/17","富邦-虎尾",294,414,-120
"2507","2636台驊投控","110/08/17","國泰-敦南",335,283,52
"2508","2636台驊投控","110/08/17","元大-士林",4,114,-110
"2509","2636台驊投控","110/08/17","美商高盛",96,54,42
"2510","2636台驊投控","110/08/17","美林",320,401,-81
"2511","2636台驊投控","110/08/17","凱基-市政",60,22,38
"2512","2636台驊投控","110/08/17","瑞士信貸",62,134,-72
"2513","2636台驊投控","110/08/17","元大-龍潭",50,13,37
"2514","2636台驊投控","110/08/17","兆豐-東門",70,140,-70
"2515","2636台驊投控","110/08/17","國票-九鼎",50,16,34
"2516","2636台驊投控","110/08/17","凱基-高美館",89,158,-69
"2517","2636台驊投控","110/08/17","元大-東門",37,3,34
"2518","2636台驊投控","110/08/17","日盛證券",103,170,-67
"2519","2636台驊投控","110/08/17","富邦-三重",33,1,32
"2520","2636台驊投控","110/08/17","宏遠-桃園",4,44,-40
"2521","2867三商壽","110/08/17","摩根大通",670,119,551
"2522","2867三商壽","110/08/17","玉山-左營",10,1173,-1163
"2523","2867三商壽","110/08/17","元富-世貿",288,0,288
"2524","2867三商壽","110/08/17","華南永昌",50,736,-686
"2525","2867三商壽","110/08/17","日盛-中和",276,10,266
"2526","2867三商壽","110/08/17","台灣摩根士丹利",37,195,-158
"2527","2867三商壽","110/08/17","新光-台中",243,7,236
"2528","2867三商壽","110/08/17","兆豐-北高雄",0,135,-135
"2529","2867三商壽","110/08/17","台新-台中",198,1,197
"2530","2867三商壽","110/08/17","宏遠證券",9,141,-132
"2531","2867三商壽","110/08/17","華南永昌-長虹",136,0,136
"2532","2867三商壽","110/08/17","永豐金-市政",0,115,-115
"2533","2867三商壽","110/08/17","美林",137,2,135
"2534","2867三商壽","110/08/17","兆豐-新竹",0,113,-113
"2535","2867三商壽","110/08/17","元大-土城永寧",100,1,99
"2536","2867三商壽","110/08/17","永豐金證券",0,82,-82
"2537","2867三商壽","110/08/17","國泰-台中",99,2,97
"2538","2867三商壽","110/08/17","元大-彰化民生",0,80,-80
"2539","2867三商壽","110/08/17","元富-古亭",100,4,96
"2540","2867三商壽","110/08/17","永豐金-中盛",4,77,-73
"2541","2867三商壽","110/08/17","合庫-西台中",80,0,80
"2542","2867三商壽","110/08/17","元富",0,70,-70
"2543","2867三商壽","110/08/17","新加坡商瑞銀",83,4,79
"2544","2867三商壽","110/08/17","宏遠-中和",10,57,-47
"2545","2867三商壽","110/08/17","永豐金-埔里",64,5,59
"2546","2867三商壽","110/08/17","富邦-嘉義",4,50,-46
"2547","2867三商壽","110/08/17","元富-緯城",50,0,50
"2548","2867三商壽","110/08/17","第一金-華江",0,30,-30
"2549","2867三商壽","110/08/17","台新-建北",49,0,49
"2550","2867三商壽","110/08/17","台新證券",2,32,-30
"2551","5521工信","110/08/17","元大-沙鹿",60,0,60
"2552","5521工信","110/08/17","摩根大通",75,227,-152
"2553","5521工信","110/08/17","群益金鼎-萬華",46,0,46
"2554","5521工信","110/08/17","凱基-台北",5,68,-63
"2555","5521工信","110/08/17","台新證券",37,1,36
"2556","5521工信","110/08/17","群益金鼎-敦南",0,60,-60
"2557","5521工信","110/08/17","華南永昌-竹北",31,0,31
"2558","5521工信","110/08/17","台灣摩根士丹利",5,64,-59
"2559","5521工信","110/08/17","元大-北投",30,0,30
"2560","5521工信","110/08/17","元富-古亭",0,40,-40
"2561","5521工信","110/08/17","元富-屏東",24,0,24
"2562","5521工信","110/08/17","台灣企銀-嘉義",0,35,-35
"2563","5521工信","110/08/17","富邦-台北",23,0,23
"2564","5521工信","110/08/17","美林",5,37,-32
"2565","5521工信","110/08/17","元大-屏南",23,0,23
"2566","5521工信","110/08/17","華南永昌",0,27,-27
"2567","5521工信","110/08/17","國泰-敦南",40,18,22
"2568","5521工信","110/08/17","華南永昌-潮州",0,25,-25
"2569","5521工信","110/08/17","兆豐-中壢",20,0,20
"2570","5521工信","110/08/17","台新-高雄",0,24,-24
"2571","5521工信","110/08/17","新光-台南",20,0,20
"2572","5521工信","110/08/17","大慶-楊梅",0,22,-22
"2573","5521工信","110/08/17","臺銀-鳳山",19,0,19
"2574","5521工信","110/08/17","凱基-桃園",0,20,-20
"2575","5521工信","110/08/17","日進",18,0,18
"2576","5521工信","110/08/17","元大-東蘆",0,20,-20
"2577","5521工信","110/08/17","永豐金-鳳山",17,0,17
"2578","5521工信","110/08/17","第一金-桃園",0,18,-18
"2579","5521工信","110/08/17","玉山證券",14,0,14
"2580","5521工信","110/08/17","新光-新竹",3,20,-17
"2581","1471首利","110/08/17","摩根大通",110,14,96
"2582","1471首利","110/08/17","元大-台南",0,54,-54
"2583","1471首利","110/08/17","臺銀-臺中",40,0,40
"2584","1471首利","110/08/17","高橋-龍潭",0,50,-50
"2585","1471首利","110/08/17","瑞士信貸",33,0,33
"2586","1471首利","110/08/17","元大-竹南",0,35,-35
"2587","1471首利","110/08/17","凱基-台北",30,6,24
"2588","1471首利","110/08/17","台新證券",1,31,-30
"2589","1471首利","110/08/17","元大-竹山",23,0,23
"2590","1471首利","110/08/17","國泰-敦南",7,33,-26
"2591","1471首利","110/08/17","大慶-蘆洲",14,0,14
"2592","1471首利","110/08/17","元大-西門",0,23,-23
"2593","1471首利","110/08/17","兆豐-員林",13,1,12
"2594","1471首利","110/08/17","元富-埔里",0,20,-20
"2595","1471首利","110/08/17","致和-府前",11,0,11
"2596","1471首利","110/08/17","富邦-台中",0,20,-20
"2597","1471首利","110/08/17","國票-彰化",11,0,11
"2598","1471首利","110/08/17","日茂",0,11,-11
"2599","1471首利","110/08/17","元富-新莊",10,0,10
"2600","1471首利","110/08/17","高橋",0,10,-10
"2601","1471首利","110/08/17","國票",10,0,10
"2602","1471首利","110/08/17","大昌-新店",0,10,-10
"2603","1471首利","110/08/17","富邦-永和",10,0,10
"2604","1471首利","110/08/17","元富-文心",1,10,-9
"2605","1471首利","110/08/17","元大-新莊",10,0,10
"2606","1471首利","110/08/17","凱基-雙和",0,8,-8
"2607","1471首利","110/08/17","元大-鹿港",10,0,10
"2608","1471首利","110/08/17","凱基-屏東",0,8,-8
"2609","1471首利","110/08/17","元大-清水",11,2,9
"2610","1471首利","110/08/17","日盛-永康",0,7,-7
"2611","2883開發金","110/08/17","中國信託-文心",3524,26,3498
"2612","2883開發金","110/08/17","新加坡商瑞銀",513,7792,-7279
"2613","2883開發金","110/08/17","元大證券",1912,297,1615
"2614","2883開發金","110/08/17","亞東-新竹",206,2692,-2486
"2615","2883開發金","110/08/17","摩根大通",4110,2504,1606
"2616","2883開發金","110/08/17","凱基-台北",2263,4277,-2014
"2617","2883開發金","110/08/17","美林",2099,733,1366
"2618","2883開發金","110/08/17","永豐金證券",103,1899,-1796
"2619","2883開發金","110/08/17","日盛證券",2406,1218,1188
"2620","2883開發金","110/08/17","華南永昌-苑裡",13,1229,-1216
"2621","2883開發金","110/08/17","國泰-館前",942,128,814
"2622","2883開發金","110/08/17","統一-新營",39,1202,-1163
"2623","2883開發金","110/08/17","元富-城中",808,6,802
"2624","2883開發金","110/08/17","兆豐-高雄",68,1153,-1085
"2625","2883開發金","110/08/17","港商法國興業",764,0,764
"2626","2883開發金","110/08/17","凱基-斗六",3,812,-809
"2627","2883開發金","110/08/17","元大-南屯",759,75,684
"2628","2883開發金","110/08/17","元大-四維",736,1467,-731
"2629","2883開發金","110/08/17","康和-仁愛",514,10,504
"2630","2883開發金","110/08/17","台新證券",682,1391,-709
"2631","2883開發金","110/08/17","新光",1403,910,493
"2632","2883開發金","110/08/17","凱基-豐中",7,617,-610
"2633","2883開發金","110/08/17","統一-汐止",489,5,484
"2634","2883開發金","110/08/17","土銀-嘉義",10,580,-570
"2635","2883開發金","110/08/17","永豐金-忠孝",650,206,444
"2636","2883開發金","110/08/17","港商麥格理",1131,1682,-551
"2637","2883開發金","110/08/17","港商野村",2803,2361,442
"2638","2883開發金","110/08/17","富邦-陽明",158,680,-522
"2639","2883開發金","110/08/17","元富-大裕",454,22,432
"2640","2883開發金","110/08/17","台灣摩根士丹利",2238,2750,-512
"2641","6205詮欣","110/08/17","日盛-三重",15,0,15
"2642","6205詮欣","110/08/17","元富-松德",0,10,-10
"2643","6205詮欣","110/08/17","臺銀-民權",5,0,5
"2644","6205詮欣","110/08/17","元富-安南",0,8,-8
"2645","6205詮欣","110/08/17","華南永昌-長虹",5,0,5
"2646","6205詮欣","110/08/17","元大-大雅",0,3,-3
"2647","6205詮欣","110/08/17","德信-新營",4,0,4
"2648","6205詮欣","110/08/17","兆豐-南門",0,3,-3
"2649","6205詮欣","110/08/17","凱基-汐止",4,0,4
"2650","6205詮欣","110/08/17","兆豐-南京",0,3,-3
"2651","6205詮欣","110/08/17","富邦-陽明",4,0,4
"2652","6205詮欣","110/08/17","元大-豐原",0,2,-2
"2653","6205詮欣","110/08/17","元大-汐止",4,0,4
"2654","6205詮欣","110/08/17","大昌",0,1,-1
"2655","6205詮欣","110/08/17","華南永昌-古亭",3,0,3
"2656","6205詮欣","110/08/17","永豐金-中正",0,1,-1
"2657","6205詮欣","110/08/17","凱基-台北",1,0,1
"2658","6205詮欣","110/08/17","大昌-安康",0,1,-1
"2659","6205詮欣","110/08/17","元大-鑫永和",1,0,1
"2660","6205詮欣","110/08/17","日盛-台中",0,1,-1
"2661","6205詮欣","110/08/17","統一-士林",0,0,0
"2662","6205詮欣","110/08/17","新百王",0,1,-1
"2663","6205詮欣","110/08/17","統一-南京",0,0,0
"2664","6205詮欣","110/08/17","元富-文心",0,1,-1
"2665","6205詮欣","110/08/17","國泰證券",0,0,0
"2666","6205詮欣","110/08/17","統一",0,1,-1
"2667","6205詮欣","110/08/17","華南永昌-高雄",0,0,0
"2668","6205詮欣","110/08/17","第一金-中壢",0,1,-1
"2669","6205詮欣","110/08/17","永豐金-中和",1,1,0
"2670","6205詮欣","110/08/17","大慶-基隆",0,1,-1
"2671","1540喬福","110/08/17","元大-松山",20,0,20
"2672","1540喬福","110/08/17","群益金鼎-館前",0,31,-31
"2673","1540喬福","110/08/17","凱基-中壢",17,0,17
"2674","1540喬福","110/08/17","日盛-文化",0,30,-30
"2675","1540喬福","110/08/17","元大-左營",11,0,11
"2676","1540喬福","110/08/17","兆豐-民生",0,17,-17
"2677","1540喬福","110/08/17","元富-文心",10,0,10
"2678","1540喬福","110/08/17","凱基-台北",0,5,-5
"2679","1540喬福","110/08/17","元大-土城永寧",10,0,10
"2680","1540喬福","110/08/17","國票-台中",0,3,-3
"2681","1540喬福","110/08/17","元大-成功",10,0,10
"2682","1540喬福","110/08/17","元大-大益",0,3,-3
"2683","1540喬福","110/08/17","富邦-板橋",6,0,6
"2684","1540喬福","110/08/17","致和-南京",0,2,-2
"2685","1540喬福","110/08/17","新光",4,0,4
"2686","1540喬福","110/08/17","國泰-館前",0,2,-2
"2687","1540喬福","110/08/17","亞東",2,0,2
"2688","1540喬福","110/08/17","富邦-陽明",0,2,-2
"2689","1540喬福","110/08/17","群益金鼎-新店",2,0,2
"2690","1540喬福","110/08/17","元大-龍潭",0,2,-2
"2691","1540喬福","110/08/17","日盛-員林",1,0,1
"2692","1540喬福","110/08/17","日盛-台中",0,1,-1
"2693","1540喬福","110/08/17","日盛-鳳山",1,0,1
"2694","1540喬福","110/08/17","美林",0,1,-1
"2695","1540喬福","110/08/17","統一-屏東",1,0,1
"2696","1540喬福","110/08/17","第一金-高雄",0,1,-1
"2697","1540喬福","110/08/17","元富-大昌",1,0,1
"2698","1540喬福","110/08/17","元富",1,2,-1
"2699","1540喬福","110/08/17","台新-高雄",1,0,1
"2700","1540喬福","110/08/17","新光-新竹",0,1,-1
"2701","2888新光金","110/08/17","華南永昌-岡山",6623,36,6587
"2702","2888新光金","110/08/17","元富-城東",11,13997,-13986
"2703","2888新光金","110/08/17","元大-忠孝鼎富",4976,0,4976
"2704","2888新光金","110/08/17","永豐金證券",19,2260,-2241
"2705","2888新光金","110/08/17","永豐金-萬盛",3955,15,3940
"2706","2888新光金","110/08/17","國票-博愛",0,2051,-2051
"2707","2888新光金","110/08/17","摩根大通",3699,247,3452
"2708","2888新光金","110/08/17","群益金鼎",0,1836,-1836
"2709","2888新光金","110/08/17","瑞士信貸",3064,605,2459
"2710","2888新光金","110/08/17","華南永昌",10,1624,-1614
"2711","2888新光金","110/08/17","凱基-大安",2179,2,2177
"2712","2888新光金","110/08/17","元大-大同",0,714,-714
"2713","2888新光金","110/08/17","國票-台東",1935,23,1912
"2714","2888新光金","110/08/17","安泰",0,598,-598
"2715","2888新光金","110/08/17","永豐金-信義",1497,5,1492
"2716","2888新光金","110/08/17","大昌",3,555,-552
"2717","2888新光金","110/08/17","國票-北投",1304,0,1304
"2718","2888新光金","110/08/17","福勝",3,510,-507
"2719","2888新光金","110/08/17","兆豐-松德",1251,0,1251
"2720","2888新光金","110/08/17","元大-太平",20,525,-505
"2721","2888新光金","110/08/17","花旗環球",1101,147,954
"2722","2888新光金","110/08/17","中國信託-三重",0,503,-503
"2723","2888新光金","110/08/17","港商法國興業",1031,180,851
"2724","2888新光金","110/08/17","台灣摩根士丹利",1136,1627,-491
"2725","2888新光金","110/08/17","凱基-站前",788,13,775
"2726","2888新光金","110/08/17","美林",141,604,-463
"2727","2888新光金","110/08/17","台灣匯立證券",763,0,763
"2728","2888新光金","110/08/17","群益金鼎-土城",0,415,-415
"2729","2888新光金","110/08/17","群益金鼎-崇德",735,3,732
"2730","2888新光金","110/08/17","凱基-台北",632,1033,-401
"2731","1340勝悅","110/08/17","國泰-台中",12,0,12
"2732","1340勝悅","110/08/17","永豐金-潮州",0,20,-20
"2733","1340勝悅","110/08/17","新光-新竹",10,0,10
"2734","1340勝悅","110/08/17","臺灣企銀-桃園",0,10,-10
"2735","1340勝悅","110/08/17","元富-成功",8,0,8
"2736","1340勝悅","110/08/17","瑞士信貸",0,6,-6
"2737","1340勝悅","110/08/17","臺灣企銀-埔墘",5,0,5
"2738","1340勝悅","110/08/17","玉山-桃園",0,5,-5
"2739","1340勝悅","110/08/17","華南永昌-敦南",5,0,5
"2740","1340勝悅","110/08/17","華南永昌-虎尾",0,5,-5
"2741","1340勝悅","110/08/17","富邦-新店",11,6,5
"2742","1340勝悅","110/08/17","永豐金-博愛",0,5,-5
"2743","1340勝悅","110/08/17","美商高盛",4,0,4
"2744","1340勝悅","110/08/17","日盛-永康",0,4,-4
"2745","1340勝悅","110/08/17","新光-桃園",3,0,3
"2746","1340勝悅","110/08/17","元富-世貿",0,4,-4
"2747","1340勝悅","110/08/17","日盛-八德",2,0,2
"2748","1340勝悅","110/08/17","摩根大通",2,6,-4
"2749","1340勝悅","110/08/17","凱基-基隆",2,0,2
"2750","1340勝悅","110/08/17","玉山-新莊",0,3,-3
"2751","1340勝悅","110/08/17","元大-松江",2,0,2
"2752","1340勝悅","110/08/17","國泰-敦南",5,8,-3
"2753","1340勝悅","110/08/17","元大-崇德",2,0,2
"2754","1340勝悅","110/08/17","富邦-桃園",0,3,-3
"2755","1340勝悅","110/08/17","國泰-館前",1,0,1
"2756","1340勝悅","110/08/17","元大-和平",0,3,-3
"2757","1340勝悅","110/08/17","群益金鼎-民權",1,0,1
"2758","1340勝悅","110/08/17","永豐金-南投",0,3,-3
"2759","1340勝悅","110/08/17","華南永昌-大安",1,0,1
"2760","1340勝悅","110/08/17","富邦-羅東",2,4,-2
"2761","6246臺龍","110/08/17","台新-三民",90,0,90
"2762","6246臺龍","110/08/17","日盛證券",0,52,-52
"2763","6246臺龍","110/08/17","港商野村",63,28,35
"2764","6246臺龍","110/08/17","凱基-幸福",0,10,-10
"2765","6246臺龍","110/08/17","台新證券",20,0,20
"2766","6246臺龍","110/08/17","元富-新店",0,9,-9
"2767","6246臺龍","110/08/17","凱基-信義",7,0,7
"2768","6246臺龍","110/08/17","凱基-科園",0,8,-8
"2769","6246臺龍","110/08/17","凱基-站前",5,0,5
"2770","6246臺龍","110/08/17","元富-世貿",0,7,-7
"2771","6246臺龍","110/08/17","合庫-嘉義",5,1,4
"2772","6246臺龍","110/08/17","兆豐-公益",0,7,-7
"2773","6246臺龍","110/08/17","元大-林園",10,6,4
"2774","6246臺龍","110/08/17","元大-東蘆",0,7,-7
"2775","6246臺龍","110/08/17","元大-永康",4,0,4
"2776","6246臺龍","110/08/17","群益金鼎-嘉義",0,6,-6
"2777","6246臺龍","110/08/17","元大-基隆孝二",4,0,4
"2778","6246臺龍","110/08/17","華南永昌-頭份",0,6,-6
"2779","6246臺龍","110/08/17","日盛-斗六",3,0,3
"2780","6246臺龍","110/08/17","元大-北港",0,5,-5
"2781","6246臺龍","110/08/17","永全",3,0,3
"2782","6246臺龍","110/08/17","日盛-和美",0,4,-4
"2783","6246臺龍","110/08/17","兆豐-景美",3,0,3
"2784","6246臺龍","110/08/17","國泰-敦南",1,5,-4
"2785","6246臺龍","110/08/17","台新-台中",3,0,3
"2786","6246臺龍","110/08/17","群益金鼎-新竹",0,4,-4
"2787","6246臺龍","110/08/17","元大-雙和",3,0,3
"2788","6246臺龍","110/08/17","凱基-台北",0,4,-4
"2789","6246臺龍","110/08/17","土銀",2,0,2
"2790","6246臺龍","110/08/17","元大-府城",0,4,-4
"2791","00715L期街口布蘭特正2","110/08/17","華南永昌-長虹",860,0,860
"2792","00715L期街口布蘭特正2","110/08/17","元大證券",78,4339,-4261
"2793","00715L期街口布蘭特正2","110/08/17","永豐金-台中",823,20,803
"2794","00715L期街口布蘭特正2","110/08/17","元富",2,3940,-3938
"2795","00715L期街口布蘭特正2","110/08/17","日盛-和美",595,0,595
"2796","00715L期街口布蘭特正2","110/08/17","永豐金證券",41,1048,-1007
"2797","00715L期街口布蘭特正2","110/08/17","第一金-豐原",420,0,420
"2798","00715L期街口布蘭特正2","110/08/17","統一-桃園",5,850,-845
"2799","00715L期街口布蘭特正2","110/08/17","元大-前金",419,0,419
"2800","00715L期街口布蘭特正2","110/08/17","富邦證券",258,1081,-823
"2801","00715L期街口布蘭特正2","110/08/17","華南永昌-台中",419,5,414
"2802","00715L期街口布蘭特正2","110/08/17","元大-台中",9,534,-525
"2803","00715L期街口布蘭特正2","110/08/17","元大-北三重",403,0,403
"2804","00715L期街口布蘭特正2","110/08/17","合庫-高雄",10,310,-300
"2805","00715L期街口布蘭特正2","110/08/17","日盛-新莊",375,0,375
"2806","00715L期街口布蘭特正2","110/08/17","港商野村",1,240,-239
"2807","00715L期街口布蘭特正2","110/08/17","富邦-基隆",310,0,310
"2808","00715L期街口布蘭特正2","110/08/17","群益金鼎-民權",2,208,-206
"2809","00715L期街口布蘭特正2","110/08/17","臺銀-新竹",311,10,301
"2810","00715L期街口布蘭特正2","110/08/17","元大-大里德芳",1,200,-199
"2811","00715L期街口布蘭特正2","110/08/17","元富-中港",300,0,300
"2812","00715L期街口布蘭特正2","110/08/17","元大-中和",1,187,-186
"2813","00715L期街口布蘭特正2","110/08/17","新光",368,82,286
"2814","00715L期街口布蘭特正2","110/08/17","康和",0,133,-133
"2815","00715L期街口布蘭特正2","110/08/17","中國信託-新竹",263,0,263
"2816","00715L期街口布蘭特正2","110/08/17","永豐金-板新",25,150,-125
"2817","00715L期街口布蘭特正2","110/08/17","台中銀",253,0,253
"2818","00715L期街口布蘭特正2","110/08/17","兆豐-桃鶯",6,110,-104
"2819","00715L期街口布蘭特正2","110/08/17","統一-台中",230,0,230
"2820","00715L期街口布蘭特正2","110/08/17","凱基-大直",2,100,-98
"2821","8941關中","110/08/17","宏遠-館前",4,0,4
"2822","8941關中","110/08/17","凱基-高美館",0,1,-1
"2823","8941關中","110/08/17","",NA,NA,NA
"2824","8941關中","110/08/17","凱基-台北",0,1,-1
"2825","8941關中","110/08/17","",NA,NA,NA
"2826","8941關中","110/08/17","元大-南投",0,1,-1
"2827","8941關中","110/08/17","",NA,NA,NA
"2828","8941關中","110/08/17","元大-華山",0,1,-1
"2829","8941關中","110/08/17","",NA,NA,NA
"2830","8941關中","110/08/17","",NA,NA,NA
"2831","8941關中","110/08/17","",NA,NA,NA
"2832","8941關中","110/08/17","",NA,NA,NA
"2833","8941關中","110/08/17","",NA,NA,NA
"2834","8941關中","110/08/17","",NA,NA,NA
"2835","8941關中","110/08/17","",NA,NA,NA
"2836","8941關中","110/08/17","",NA,NA,NA
"2837","8941關中","110/08/17","",NA,NA,NA
"2838","8941關中","110/08/17","",NA,NA,NA
"2839","8941關中","110/08/17","",NA,NA,NA
"2840","8941關中","110/08/17","",NA,NA,NA
"2841","8941關中","110/08/17","",NA,NA,NA
"2842","8941關中","110/08/17","",NA,NA,NA
"2843","8941關中","110/08/17","",NA,NA,NA
"2844","8941關中","110/08/17","",NA,NA,NA
"2845","8941關中","110/08/17","",NA,NA,NA
"2846","8941關中","110/08/17","",NA,NA,NA
"2847","8941關中","110/08/17","",NA,NA,NA
"2848","8941關中","110/08/17","",NA,NA,NA
"2849","8941關中","110/08/17","",NA,NA,NA
"2850","8941關中","110/08/17","",NA,NA,NA
"2851","8936國統","110/08/17","台新-高雄",511,7,504
"2852","8936國統","110/08/17","凱基-高美館",20,157,-137
"2853","8936國統","110/08/17","美林",60,0,60
"2854","8936國統","110/08/17","台灣摩根士丹利",7,56,-49
"2855","8936國統","110/08/17","台中銀-高雄",33,0,33
"2856","8936國統","110/08/17","永豐金-大園",5,52,-47
"2857","8936國統","110/08/17","摩根大通",71,39,32
"2858","8936國統","110/08/17","新光-台中",16,60,-44
"2859","8936國統","110/08/17","元大-豐原站前",30,0,30
"2860","8936國統","110/08/17","國泰-敦南",14,44,-30
"2861","8936國統","110/08/17","第一金-新興",25,0,25
"2862","8936國統","110/08/17","港商野村",41,64,-23
"2863","8936國統","110/08/17","凱基-台北",45,24,21
"2864","8936國統","110/08/17","凱基-站前",0,20,-20
"2865","8936國統","110/08/17","日盛-忠孝",20,0,20
"2866","8936國統","110/08/17","國泰-高雄",3,20,-17
"2867","8936國統","110/08/17","日盛-高雄",15,0,15
"2868","8936國統","110/08/17","富邦-嘉義",0,17,-17
"2869","8936國統","110/08/17","新加坡商瑞銀",66,53,13
"2870","8936國統","110/08/17","元大-敦化",0,17,-17
"2871","8936國統","110/08/17","玉山-台南",14,3,11
"2872","8936國統","110/08/17","統一-台中",0,15,-15
"2873","8936國統","110/08/17","日盛-斗六",10,0,10
"2874","8936國統","110/08/17","兆豐-高雄",0,15,-15
"2875","8936國統","110/08/17","統一-新營",10,0,10
"2876","8936國統","110/08/17","陽信-石牌",0,15,-15
"2877","8936國統","110/08/17","元富-三重",15,5,10
"2878","8936國統","110/08/17","元大-文心",0,15,-15
"2879","8936國統","110/08/17","群益金鼎-台中",10,0,10
"2880","8936國統","110/08/17","美商高盛",8,22,-14
"2881","6226光鼎","110/08/17","國泰-台中",693,66,627
"2882","6226光鼎","110/08/17","美商高盛",21,669,-648
"2883","6226光鼎","110/08/17","摩根大通",453,306,147
"2884","6226光鼎","110/08/17","凱基-台北",116,705,-589
"2885","6226光鼎","110/08/17","日盛-員林",105,1,104
"2886","6226光鼎","110/08/17","第一金-大稻埕",101,627,-526
"2887","6226光鼎","110/08/17","永豐金-南投",80,0,80
"2888","6226光鼎","110/08/17","瑞士信貸",0,356,-356
"2889","6226光鼎","110/08/17","宏遠-光隆",60,0,60
"2890","6226光鼎","110/08/17","美林",48,202,-154
"2891","6226光鼎","110/08/17","元大-員林中山",52,0,52
"2892","6226光鼎","110/08/17","新光",74,175,-101
"2893","6226光鼎","110/08/17","合庫-鳳山",54,4,50
"2894","6226光鼎","110/08/17","元大-北屯",1,101,-100
"2895","6226光鼎","110/08/17","元大-福營",51,5,46
"2896","6226光鼎","110/08/17","台新-屏東",0,70,-70
"2897","6226光鼎","110/08/17","凱基-市府",46,4,42
"2898","6226光鼎","110/08/17","永豐金-南京",6,74,-68
"2899","6226光鼎","110/08/17","兆豐-永和",41,1,40
"2900","6226光鼎","110/08/17","元大-西螺",2,55,-53
"2901","6226光鼎","110/08/17","凱基-永和",40,1,39
"2902","6226光鼎","110/08/17","統一-基隆",0,50,-50
"2903","6226光鼎","110/08/17","元大-敦化",38,0,38
"2904","6226光鼎","110/08/17","永豐金-板橋",2,46,-44
"2905","6226光鼎","110/08/17","凱基-中山",42,5,37
"2906","6226光鼎","110/08/17","元大-草屯",2,33,-31
"2907","6226光鼎","110/08/17","國泰-桃園",131,97,34
"2908","6226光鼎","110/08/17","元大-西門",0,28,-28
"2909","6226光鼎","110/08/17","富邦-台北",55,21,34
"2910","6226光鼎","110/08/17","凱基-屏東",1,27,-26
"2911","2363矽統","110/08/17","第一金-高雄",356,4,352
"2912","2363矽統","110/08/17","瑞士信貸",86,1495,-1409
"2913","2363矽統","110/08/17","元富-永和",241,5,236
"2914","2363矽統","110/08/17","凱基-台北",737,1867,-1130
"2915","2363矽統","110/08/17","凱基-高美館",254,23,231
"2916","2363矽統","110/08/17","台灣摩根士丹利",0,438,-438
"2917","2363矽統","110/08/17","台新證券",511,295,216
"2918","2363矽統","110/08/17","元富-城東",13,409,-396
"2919","2363矽統","110/08/17","土銀-士林",189,0,189
"2920","2363矽統","110/08/17","(牛牛牛)亞-鑫豐",24,247,-223
"2921","2363矽統","110/08/17","永豐金-天母",155,0,155
"2922","2363矽統","110/08/17","美林",97,274,-177
"2923","2363矽統","110/08/17","玉山-台中",301,164,137
"2924","2363矽統","110/08/17","凱基-長庚",11,134,-123
"2925","2363矽統","110/08/17","凱基-竹北",122,5,117
"2926","2363矽統","110/08/17","元富-新店",4,115,-111
"2927","2363矽統","110/08/17","群益金鼎-三民",115,8,107
"2928","2363矽統","110/08/17","元大-北成功",142,237,-95
"2929","2363矽統","110/08/17","港商野村",1447,1350,97
"2930","2363矽統","110/08/17","日盛-木柵",70,160,-90
"2931","2363矽統","110/08/17","永豐金-新竹",105,20,85
"2932","2363矽統","110/08/17","摩根大通",240,322,-82
"2933","2363矽統","110/08/17","永豐金-松山",77,0,77
"2934","2363矽統","110/08/17","第一金-新竹",266,342,-76
"2935","2363矽統","110/08/17","富邦-宜蘭",84,11,73
"2936","2363矽統","110/08/17","華南永昌-岡山",42,110,-68
"2937","2363矽統","110/08/17","永豐金-南投",72,1,71
"2938","2363矽統","110/08/17","康和",48,112,-64
"2939","2363矽統","110/08/17","富邦-仁愛",90,22,68
"2940","2363矽統","110/08/17","華南永昌-楠梓",30,90,-60
"2941","8112至上","110/08/17","港商麥格理",158,0,158
"2942","8112至上","110/08/17","瑞士信貸",0,249,-249
"2943","8112至上","110/08/17","凱基-台北",177,49,128
"2944","8112至上","110/08/17","摩根大通",56,233,-177
"2945","8112至上","110/08/17","德信",120,0,120
"2946","8112至上","110/08/17","新加坡商瑞銀",19,179,-160
"2947","8112至上","110/08/17","台新證券",116,19,97
"2948","8112至上","110/08/17","富邦-仁愛",13,141,-128
"2949","8112至上","110/08/17","合庫-台中",75,2,73
"2950","8112至上","110/08/17","凱基-復興",1,108,-107
"2951","8112至上","110/08/17","美林",79,10,69
"2952","8112至上","110/08/17","台灣摩根士丹利",0,101,-101
"2953","8112至上","110/08/17","統一",46,0,46
"2954","8112至上","110/08/17","香港上海匯豐",0,96,-96
"2955","8112至上","110/08/17","群益金鼎-瑞豐",40,0,40
"2956","8112至上","110/08/17","群益金鼎-基隆",1,70,-69
"2957","8112至上","110/08/17","臺銀-金山",37,0,37
"2958","8112至上","110/08/17","日盛-花蓮",0,52,-52
"2959","8112至上","110/08/17","新光-高雄",37,4,33
"2960","8112至上","110/08/17","國票-北高雄",0,50,-50
"2961","8112至上","110/08/17","臺銀",41,15,26
"2962","8112至上","110/08/17","永豐金-新竹",0,48,-48
"2963","8112至上","110/08/17","元大證券",27,2,25
"2964","8112至上","110/08/17","日進",0,45,-45
"2965","8112至上","110/08/17","元大-內湖",24,0,24
"2966","8112至上","110/08/17","大展",0,30,-30
"2967","8112至上","110/08/17","國票-天祥",23,0,23
"2968","8112至上","110/08/17","港商野村",30,52,-22
"2969","8112至上","110/08/17","元大-土城永寧",23,0,23
"2970","8112至上","110/08/17","凱基-市府",1,21,-20
"2971","1570力肯","110/08/17","元大-南投",88,1,87
"2972","1570力肯","110/08/17","富邦-仁愛",0,42,-42
"2973","1570力肯","110/08/17","群益金鼎-高雄",51,10,41
"2974","1570力肯","110/08/17","元富-新竹",0,30,-30
"2975","1570力肯","110/08/17","凱基-台北",47,7,40
"2976","1570力肯","110/08/17","元大-新盛",2,28,-26
"2977","1570力肯","110/08/17","統一",29,4,25
"2978","1570力肯","110/08/17","凱基-台南",0,20,-20
"2979","1570力肯","110/08/17","元大-大雅",25,0,25
"2980","1570力肯","110/08/17","日盛-復興",0,15,-15
"2981","1570力肯","110/08/17","台新證券",24,10,14
"2982","1570力肯","110/08/17","元大-前金",1,15,-14
"2983","1570力肯","110/08/17","元大證券",14,0,14
"2984","1570力肯","110/08/17","元大-北成功",0,14,-14
"2985","1570力肯","110/08/17","日盛-板橋",12,0,12
"2986","1570力肯","110/08/17","臺銀-臺南",0,11,-11
"2987","1570力肯","110/08/17","元大-鑫永和",11,0,11
"2988","1570力肯","110/08/17","凱基-彰化",0,11,-11
"2989","1570力肯","110/08/17","富邦-內湖",10,0,10
"2990","1570力肯","110/08/17","合庫-桃園",0,10,-10
"2991","1570力肯","110/08/17","元富-緯城",10,1,9
"2992","1570力肯","110/08/17","凱基-南崁",0,10,-10
"2993","1570力肯","110/08/17","元大-開元",10,2,8
"2994","1570力肯","110/08/17","凱基-台中",0,9,-9
"2995","1570力肯","110/08/17","元大-桃興",8,1,7
"2996","1570力肯","110/08/17","華南永昌-嘉義",0,8,-8
"2997","1570力肯","110/08/17","日盛-員林",6,0,6
"2998","1570力肯","110/08/17","元大-鹿港",1,9,-8
"2999","1570力肯","110/08/17","陽信",5,0,5
"3000","1570力肯","110/08/17","國票-中正",0,7,-7
"3001","2929淘帝","110/08/17","元大-太平",48,0,48
"3002","2929淘帝","110/08/17","華南永昌-苗栗",0,30,-30
"3003","2929淘帝","110/08/17","永豐金-敦南",22,0,22
"3004","2929淘帝","110/08/17","兆豐-復興",0,15,-15
"3005","2929淘帝","110/08/17","永興",12,0,12
"3006","2929淘帝","110/08/17","凱基-長庚",0,13,-13
"3007","2929淘帝","110/08/17","日盛-復興",10,0,10
"3008","2929淘帝","110/08/17","美林",1,13,-12
"3009","2929淘帝","110/08/17","第一金-大稻埕",10,0,10
"3010","2929淘帝","110/08/17","永豐金-豐原",0,10,-10
"3011","2929淘帝","110/08/17","華南永昌-長虹",10,0,10
"3012","2929淘帝","110/08/17","華南永昌-高雄",1,10,-9
"3013","2929淘帝","110/08/17","元大-高雄",8,0,8
"3014","2929淘帝","110/08/17","日盛-南京",0,8,-8
"3015","2929淘帝","110/08/17","港商野村",12,5,7
"3016","2929淘帝","110/08/17","兆豐-大同",0,7,-7
"3017","2929淘帝","110/08/17","亞東-板橋",7,0,7
"3018","2929淘帝","110/08/17","摩根大通",0,6,-6
"3019","2929淘帝","110/08/17","國票-北高雄",6,0,6
"3020","2929淘帝","110/08/17","凱基-台中",0,5,-5
"3021","2929淘帝","110/08/17","國票-九鼎",6,0,6
"3022","2929淘帝","110/08/17","元大-鶯歌",0,5,-5
"3023","2929淘帝","110/08/17","亞東-新竹",5,0,5
"3024","2929淘帝","110/08/17","元大-上新莊",0,5,-5
"3025","2929淘帝","110/08/17","新加坡商瑞銀",4,0,4
"3026","2929淘帝","110/08/17","元大-北三重",0,5,-5
"3027","2929淘帝","110/08/17","凱基-中山",6,2,4
"3028","2929淘帝","110/08/17","第一金-澎湖",4,8,-4
"3029","2929淘帝","110/08/17","富邦-南屯",4,0,4
"3030","2929淘帝","110/08/17","日進",1,5,-4
"3031","5410國眾","110/08/17","元大-博愛",50,3,47
"3032","5410國眾","110/08/17","瑞士信貸",0,61,-61
"3033","5410國眾","110/08/17","土銀-嘉義",38,0,38
"3034","5410國眾","110/08/17","新光",3,41,-38
"3035","5410國眾","110/08/17","國票-北高雄",20,0,20
"3036","5410國眾","110/08/17","凱基-台南",2,30,-28
"3037","5410國眾","110/08/17","凱基-台北",37,22,15
"3038","5410國眾","110/08/17","元富-基隆",0,21,-21
"3039","5410國眾","110/08/17","兆豐-永和",14,0,14
"3040","5410國眾","110/08/17","富邦-新竹",1,16,-15
"3041","5410國眾","110/08/17","富邦-台北",22,10,12
"3042","5410國眾","110/08/17","亞東-新竹",0,14,-14
"3043","5410國眾","110/08/17","元大-中壢",12,0,12
"3044","5410國眾","110/08/17","群益金鼎-新竹",1,15,-14
"3045","5410國眾","110/08/17","摩根大通",25,14,11
"3046","5410國眾","110/08/17","富邦-永和",1,14,-13
"3047","5410國眾","110/08/17","日盛-花蓮",10,0,10
"3048","5410國眾","110/08/17","元大-新竹經國",0,12,-12
"3049","5410國眾","110/08/17","元富-同大",11,1,10
"3050","5410國眾","110/08/17","群益金鼎-三民",0,11,-11
"3051","5410國眾","110/08/17","凱基-科園",10,0,10
"3052","5410國眾","110/08/17","寶盛",0,10,-10
"3053","5410國眾","110/08/17","元大-潮州",10,0,10
"3054","5410國眾","110/08/17","永豐金-板橋",0,10,-10
"3055","5410國眾","110/08/17","台新-左楠",10,1,9
"3056","5410國眾","110/08/17","永豐金-竹科",1,11,-10
"3057","5410國眾","110/08/17","群益金鼎-古亭",14,5,9
"3058","5410國眾","110/08/17","臺銀",1,9,-8
"3059","5410國眾","110/08/17","永豐金-萬盛",9,0,9
"3060","5410國眾","110/08/17","群益金鼎-南京",0,8,-8
"3061","2841台開","110/08/17","宏遠-館前",169,2,167
"3062","2841台開","110/08/17","光和-溪湖",0,120,-120
"3063","2841台開","110/08/17","第一金",54,0,54
"3064","2841台開","110/08/17","兆豐-台南",0,109,-109
"3065","2841台開","110/08/17","台新-三民",50,0,50
"3066","2841台開","110/08/17","永豐金-台南",0,50,-50
"3067","2841台開","110/08/17","日盛證券",52,24,28
"3068","2841台開","110/08/17","兆豐-高雄",0,38,-38
"3069","2841台開","110/08/17","華南永昌-台中",20,0,20
"3070","2841台開","110/08/17","元大-林園",0,30,-30
"3071","2841台開","110/08/17","永豐金-中盛",17,0,17
"3072","2841台開","110/08/17","兆豐-台中",0,20,-20
"3073","2841台開","110/08/17","日盛-台中",15,0,15
"3074","2841台開","110/08/17","元大-敦化",0,20,-20
"3075","2841台開","110/08/17","日盛-園區",15,0,15
"3076","2841台開","110/08/17","元大-彰化民生",2,21,-19
"3077","2841台開","110/08/17","國泰-館前",15,0,15
"3078","2841台開","110/08/17","凱基-彰化",1,14,-13
"3079","2841台開","110/08/17","日盛-大墩",10,0,10
"3080","2841台開","110/08/17","元大-大灣",0,13,-13
"3081","2841台開","110/08/17","大慶-蘆洲",10,0,10
"3082","2841台開","110/08/17","元大-鹿港",0,11,-11
"3083","2841台開","110/08/17","凱基-員林",10,0,10
"3084","2841台開","110/08/17","兆豐-公益",0,10,-10
"3085","2841台開","110/08/17","富邦-基隆",10,0,10
"3086","2841台開","110/08/17","元大-北三重",0,10,-10
"3087","2841台開","110/08/17","元大-新竹經國",10,0,10
"3088","2841台開","110/08/17","華南永昌-鳳山",0,7,-7
"3089","2841台開","110/08/17","元富-成功",8,0,8
"3090","2841台開","110/08/17","元大-南海",0,7,-7
"3091","6207雷科","110/08/17","台新-高雄",82,2,80
"3092","6207雷科","110/08/17","第一金-員林",0,60,-60
"3093","6207雷科","110/08/17","凱基-台北",42,16,26
"3094","6207雷科","110/08/17","元大-高雄",0,47,-47
"3095","6207雷科","110/08/17","摩根大通",26,5,21
"3096","6207雷科","110/08/17","凱基-復興",0,20,-20
"3097","6207雷科","110/08/17","安泰",20,0,20
"3098","6207雷科","110/08/17","元大-新盛",1,20,-19
"3099","6207雷科","110/08/17","富邦-中壢",20,0,20
"3100","6207雷科","110/08/17","元富-大昌",0,12,-12
"3101","6207雷科","110/08/17","新加坡商瑞銀",23,6,17
"3102","6207雷科","110/08/17","華南永昌-岡山",1,12,-11
"3103","6207雷科","110/08/17","日盛-桃園",10,0,10
"3104","6207雷科","110/08/17","日盛-板橋",0,10,-10
"3105","6207雷科","110/08/17","兆豐-西螺",10,0,10
"3106","6207雷科","110/08/17","凱基-中壢",0,10,-10
"3107","6207雷科","110/08/17","中國信託-高雄",8,0,8
"3108","6207雷科","110/08/17","港商野村",7,16,-9
"3109","6207雷科","110/08/17","大昌-桃園",8,0,8
"3110","6207雷科","110/08/17","凱基-三重",1,10,-9
"3111","6207雷科","110/08/17","群益金鼎-士林",6,0,6
"3112","6207雷科","110/08/17","台新-台中",0,8,-8
"3113","6207雷科","110/08/17","美林",5,0,5
"3114","6207雷科","110/08/17","富邦-板橋",0,8,-8
"3115","6207雷科","110/08/17","中國信託-三重",5,0,5
"3116","6207雷科","110/08/17","兆豐-公益",0,6,-6
"3117","6207雷科","110/08/17","康和-內湖",5,0,5
"3118","6207雷科","110/08/17","新光-桃園",0,6,-6
"3119","6207雷科","110/08/17","新光",9,4,5
"3120","6207雷科","110/08/17","凱基-大里",0,6,-6
"3121","3679新至陞","110/08/17","台灣摩根士丹利",20,0,20
"3122","3679新至陞","110/08/17","台新證券",1,31,-30
"3123","3679新至陞","110/08/17","凱基-長庚",12,0,12
"3124","3679新至陞","110/08/17","統一",0,27,-27
"3125","3679新至陞","110/08/17","元大-大天母",12,0,12
"3126","3679新至陞","110/08/17","國票-南科",0,20,-20
"3127","3679新至陞","110/08/17","瑞士信貸",24,15,9
"3128","3679新至陞","110/08/17","國泰-忠孝",0,7,-7
"3129","3679新至陞","110/08/17","康和-板橋",6,0,6
"3130","3679新至陞","110/08/17","美林",10,15,-5
"3131","3679新至陞","110/08/17","元大-四維",6,0,6
"3132","3679新至陞","110/08/17","國泰-桃園",0,5,-5
"3133","3679新至陞","110/08/17","日盛-台中",5,0,5
"3134","3679新至陞","110/08/17","凱基-頭份",0,4,-4
"3135","3679新至陞","110/08/17","第一金-彰化",5,0,5
"3136","3679新至陞","110/08/17","港商野村",1,4,-3
"3137","3679新至陞","110/08/17","凱基-文心",5,1,4
"3138","3679新至陞","110/08/17","凱基-台北",8,11,-3
"3139","3679新至陞","110/08/17","元大-雙和",4,0,4
"3140","3679新至陞","110/08/17","元大證券",1,4,-3
"3141","3679新至陞","110/08/17","元大-草屯",4,0,4
"3142","3679新至陞","110/08/17","元大-新莊",0,3,-3
"3143","3679新至陞","110/08/17","合庫-彰化",2,0,2
"3144","3679新至陞","110/08/17","港商法國興業",0,2,-2
"3145","3679新至陞","110/08/17","臺銀-臺中",2,0,2
"3146","3679新至陞","110/08/17","元富-板橋",0,2,-2
"3147","3679新至陞","110/08/17","日盛-文化",3,1,2
"3148","3679新至陞","110/08/17","康和-高雄",0,2,-2
"3149","3679新至陞","110/08/17","永豐金-敦南",2,0,2
"3150","3679新至陞","110/08/17","群益金鼎-三重",0,2,-2
"3151","2727王品","110/08/17","凱基-台北",63,1,62
"3152","2727王品","110/08/17","第一金-高雄",1,111,-110
"3153","2727王品","110/08/17","台灣摩根士丹利",86,37,49
"3154","2727王品","110/08/17","摩根大通",29,118,-89
"3155","2727王品","110/08/17","瑞士信貸",32,0,32
"3156","2727王品","110/08/17","永豐金證券",0,83,-83
"3157","2727王品","110/08/17","元大-北屯",32,1,31
"3158","2727王品","110/08/17","華南永昌",1,38,-37
"3159","2727王品","110/08/17","美林",37,8,29
"3160","2727王品","110/08/17","合庫-新竹",1,31,-30
"3161","2727王品","110/08/17","凱基-市政",23,0,23
"3162","2727王品","110/08/17","中國信託-新竹",1,23,-22
"3163","2727王品","110/08/17","港商野村",74,54,20
"3164","2727王品","110/08/17","玉山證券",16,33,-17
"3165","2727王品","110/08/17","元大-板橋",20,0,20
"3166","2727王品","110/08/17","富邦-台北",5,19,-14
"3167","2727王品","110/08/17","元大-汐止",12,0,12
"3168","2727王品","110/08/17","群益金鼎-中壢",1,14,-13
"3169","2727王品","110/08/17","元大-龍潭",19,8,11
"3170","2727王品","110/08/17","富邦證券",0,13,-13
"3171","2727王品","110/08/17","元富",10,0,10
"3172","2727王品","110/08/17","元大證券",9,22,-13
"3173","2727王品","110/08/17","彰銀-台中",9,0,9
"3174","2727王品","110/08/17","聯邦商銀",0,12,-12
"3175","2727王品","110/08/17","中國信託",11,2,9
"3176","2727王品","110/08/17","日盛-屏東",7,17,-10
"3177","2727王品","110/08/17","群益金鼎-西松",10,1,9
"3178","2727王品","110/08/17","康和-高雄",0,10,-10
"3179","2727王品","110/08/17","第一金-自由",8,0,8
"3180","2727王品","110/08/17","新光-高雄",1,11,-10
"3181","1570力肯","110/08/17","元大-南投",88,1,87
"3182","1570力肯","110/08/17","富邦-仁愛",0,42,-42
"3183","1570力肯","110/08/17","群益金鼎-高雄",51,10,41
"3184","1570力肯","110/08/17","元富-新竹",0,30,-30
"3185","1570力肯","110/08/17","凱基-台北",47,7,40
"3186","1570力肯","110/08/17","元大-新盛",2,28,-26
"3187","1570力肯","110/08/17","統一",29,4,25
"3188","1570力肯","110/08/17","凱基-台南",0,20,-20
"3189","1570力肯","110/08/17","元大-大雅",25,0,25
"3190","1570力肯","110/08/17","日盛-復興",0,15,-15
"3191","1570力肯","110/08/17","台新證券",24,10,14
"3192","1570力肯","110/08/17","元大-前金",1,15,-14
"3193","1570力肯","110/08/17","元大證券",14,0,14
"3194","1570力肯","110/08/17","元大-北成功",0,14,-14
"3195","1570力肯","110/08/17","日盛-板橋",12,0,12
"3196","1570力肯","110/08/17","臺銀-臺南",0,11,-11
"3197","1570力肯","110/08/17","元大-鑫永和",11,0,11
"3198","1570力肯","110/08/17","凱基-彰化",0,11,-11
"3199","1570力肯","110/08/17","富邦-內湖",10,0,10
"3200","1570力肯","110/08/17","合庫-桃園",0,10,-10
"3201","1570力肯","110/08/17","元富-緯城",10,1,9
"3202","1570力肯","110/08/17","凱基-南崁",0,10,-10
"3203","1570力肯","110/08/17","元大-開元",10,2,8
"3204","1570力肯","110/08/17","凱基-台中",0,9,-9
"3205","1570力肯","110/08/17","元大-桃興",8,1,7
"3206","1570力肯","110/08/17","華南永昌-嘉義",0,8,-8
"3207","1570力肯","110/08/17","日盛-員林",6,0,6
"3208","1570力肯","110/08/17","元大-鹿港",1,9,-8
"3209","1570力肯","110/08/17","陽信",5,0,5
"3210","1570力肯","110/08/17","國票-中正",0,7,-7
"3211","6180橘子","110/08/17","摩根大通",107,25,82
"3212","6180橘子","110/08/17","元大-高雄",0,50,-50
"3213","6180橘子","110/08/17","美林",59,0,59
"3214","6180橘子","110/08/17","第一金-新竹",1,30,-29
"3215","6180橘子","110/08/17","美商高盛",31,0,31
"3216","6180橘子","110/08/17","台新-建北",1,25,-24
"3217","6180橘子","110/08/17","凱基-台北",32,6,26
"3218","6180橘子","110/08/17","群益金鼎-大安",0,20,-20
"3219","6180橘子","110/08/17","合庫-自強",10,0,10
"3220","6180橘子","110/08/17","台灣摩根士丹利",37,54,-17
"3221","6180橘子","110/08/17","元富-世貿",10,0,10
"3222","6180橘子","110/08/17","玉山-台南",1,13,-12
"3223","6180橘子","110/08/17","元大-台中中港",10,0,10
"3224","6180橘子","110/08/17","富邦-基隆",0,11,-11
"3225","6180橘子","110/08/17","臺銀-金山",11,2,9
"3226","6180橘子","110/08/17","日盛-雙和",0,10,-10
"3227","6180橘子","110/08/17","華南永昌-虎尾",8,0,8
"3228","6180橘子","110/08/17","統一-台南",0,10,-10
"3229","6180橘子","110/08/17","元大-彰化民生",7,0,7
"3230","6180橘子","110/08/17","新光-桃園",0,10,-10
"3231","6180橘子","110/08/17","群益金鼎-嘉義",6,0,6
"3232","6180橘子","110/08/17","凱基-竹北",0,10,-10
"3233","6180橘子","110/08/17","元大-太平",6,0,6
"3234","6180橘子","110/08/17","元大-基隆孝二",0,10,-10
"3235","6180橘子","110/08/17","永豐金-敦北",6,0,6
"3236","6180橘子","110/08/17","永豐金-大園",0,10,-10
"3237","6180橘子","110/08/17","華南永昌-台中",5,0,5
"3238","6180橘子","110/08/17","第一金-中山",0,8,-8
"3239","6180橘子","110/08/17","元大-永春",5,0,5
"3240","6180橘子","110/08/17","台新證券",4,12,-8
"3241","2390云辰","110/08/17","美林",601,355,246
"3242","2390云辰","110/08/17","富邦-虎尾",786,1240,-454
"3243","2390云辰","110/08/17","凱基-台北",999,859,140
"3244","2390云辰","110/08/17","富隆-長安",2,262,-260
"3245","2390云辰","110/08/17","新光",1508,1370,138
"3246","2390云辰","110/08/17","摩根大通",2924,3174,-250
"3247","2390云辰","110/08/17","國泰-敦南",1264,1133,131
"3248","2390云辰","110/08/17","元大-木柵",204,419,-215
"3249","2390云辰","110/08/17","富邦-內湖",143,18,125
"3250","2390云辰","110/08/17","兆豐-埔墘",10,165,-155
"3251","2390云辰","110/08/17","統一-新營",142,28,114
"3252","2390云辰","110/08/17","美商高盛",332,483,-151
"3253","2390云辰","110/08/17","兆豐-虎尾",107,5,102
"3254","2390云辰","110/08/17","元大-大同",829,966,-137
"3255","2390云辰","110/08/17","新加坡商瑞銀",274,177,97
"3256","2390云辰","110/08/17","元大-土城學府",236,367,-131
"3257","2390云辰","110/08/17","元大-上新莊",82,9,73
"3258","2390云辰","110/08/17","富邦-花蓮",5,107,-102
"3259","2390云辰","110/08/17","凱基-民權",145,78,67
"3260","2390云辰","110/08/17","元大-台中",20,118,-98
"3261","2390云辰","110/08/17","富邦-彰化",200,133,67
"3262","2390云辰","110/08/17","群益金鼎-開元",70,150,-80
"3263","2390云辰","110/08/17","宏遠-桃園",67,5,62
"3264","2390云辰","110/08/17","永豐金-古亭",27,106,-79
"3265","2390云辰","110/08/17","港商野村",2090,2030,60
"3266","2390云辰","110/08/17","土銀-士林",0,78,-78
"3267","2390云辰","110/08/17","永豐金-萬盛",76,17,59
"3268","2390云辰","110/08/17","元富-高雄",94,166,-72
"3269","2390云辰","110/08/17","元大-歸仁",85,34,51
"3270","2390云辰","110/08/17","富邦-敦南",40,108,-68
"3271","2609陽明","110/08/16","康和",4181,128,4053
"3272","2609陽明","110/08/16","凱基-台北",1053,19933,-18880
"3273","2609陽明","110/08/16","宏遠證券",2579,659,1920
"3274","2609陽明","110/08/16","群益金鼎-三重",162,5149,-4987
"3275","2609陽明","110/08/16","華南永昌-竹北",2072,225,1847
"3276","2609陽明","110/08/16","兆豐-南京",3041,5871,-2830
"3277","2609陽明","110/08/16","凱基-虎尾",4140,2400,1740
"3278","2609陽明","110/08/16","中國信託-松江",116,2823,-2707
"3279","2609陽明","110/08/16","元大證券",8157,7010,1147
"3280","2609陽明","110/08/16","兆豐-復興",107,2607,-2500
"3281","2609陽明","110/08/16","摩根大通",5939,5074,865
"3282","2609陽明","110/08/16","美林",2802,5073,-2271
"3283","2609陽明","110/08/16","永豐金-信義",865,85,780
"3284","2609陽明","110/08/16","兆豐-三民",182,2181,-1999
"3285","2609陽明","110/08/16","元大-頭份",1005,248,757
"3286","2609陽明","110/08/16","新加坡商瑞銀",561,2511,-1950
"3287","2609陽明","110/08/16","港商野村",2920,2184,736
"3288","2609陽明","110/08/16","凱基-城中",585,1560,-975
"3289","2609陽明","110/08/16","元大-信義",944,209,735
"3290","2609陽明","110/08/16","元大-竹科",394,1326,-932
"3291","2609陽明","110/08/16","凱基-市政",14533,13859,674
"3292","2609陽明","110/08/16","群益金鼎-大安",89,951,-862
"3293","2609陽明","110/08/16","富邦-嘉義",7027,6481,546
"3294","2609陽明","110/08/16","瑞士信貸",910,1607,-697
"3295","2609陽明","110/08/16","新光-新竹",1792,1331,461
"3296","2609陽明","110/08/16","兆豐-新竹",305,932,-627
"3297","2609陽明","110/08/16","凱基-台南",808,378,430
"3298","2609陽明","110/08/16","元大-永春",376,856,-480
"3299","2609陽明","110/08/16","凱基-信義",434,31,403
"3300","2609陽明","110/08/16","元富",483,956,-473
"3301","2636台驊投控","110/08/16","凱基",893,138,755
"3302","2636台驊投控","110/08/16","日盛-台中",36,221,-185
"3303","2636台驊投控","110/08/16","瑞士信貸",524,17,507
"3304","2636台驊投控","110/08/16","統一-新竹",4,188,-184
"3305","2636台驊投控","110/08/16","台灣摩根士丹利",534,35,499
"3306","2636台驊投控","110/08/16","國泰-敦南",291,403,-112
"3307","2636台驊投控","110/08/16","富邦-花蓮",283,25,258
"3308","2636台驊投控","110/08/16","新光",259,366,-107
"3309","2636台驊投控","110/08/16","新光-新竹",349,144,205
"3310","2636台驊投控","110/08/16","群益金鼎",89,185,-96
"3311","2636台驊投控","110/08/16","國票-彰化",442,282,160
"3312","2636台驊投控","110/08/16","新光-桃園",22,98,-76
"3313","2636台驊投控","110/08/16","大慶",160,1,159
"3314","2636台驊投控","110/08/16","群益金鼎-南京",57,126,-69
"3315","2636台驊投控","110/08/16","富邦-虎尾",144,13,131
"3316","2636台驊投控","110/08/16","玉山-台南",61,127,-66
"3317","2636台驊投控","110/08/16","元大-士林",118,2,116
"3318","2636台驊投控","110/08/16","元富-大昌",5,66,-61
"3319","2636台驊投控","110/08/16","摩根大通",799,698,101
"3320","2636台驊投控","110/08/16","日盛證券",78,137,-59
"3321","2636台驊投控","110/08/16","日盛-宜蘭",100,3,97
"3322","2636台驊投控","110/08/16","凱基-市政",13,68,-55
"3323","2636台驊投控","110/08/16","凱基-台北",786,690,96
"3324","2636台驊投控","110/08/16","兆豐-城中",7,58,-51
"3325","2636台驊投控","110/08/16","兆豐-東門",101,31,70
"3326","2636台驊投控","110/08/16","永豐金-新竹",33,83,-50
"3327","2636台驊投控","110/08/16","凱基-長庚",66,6,60
"3328","2636台驊投控","110/08/16","國泰-台中",69,115,-46
"3329","2636台驊投控","110/08/16","元富-中壢",76,18,58
"3330","2636台驊投控","110/08/16","國票-九鼎",18,61,-43
"3331","2867三商壽","110/08/16","兆豐-大同",800,0,800
"3332","2867三商壽","110/08/16","台新證券",7,983,-976
"3333","2867三商壽","110/08/16","元富-世貿",646,5,641
"3334","2867三商壽","110/08/16","美林",0,406,-406
"3335","2867三商壽","110/08/16","元大-土城永寧",320,0,320
"3336","2867三商壽","110/08/16","(牛牛牛)亞-鑫豐",15,120,-105
"3337","2867三商壽","110/08/16","新加坡商瑞銀",241,18,223
"3338","2867三商壽","110/08/16","土銀",0,100,-100
"3339","2867三商壽","110/08/16","玉山-城中",156,0,156
"3340","2867三商壽","110/08/16","兆豐-來福",0,100,-100
"3341","2867三商壽","110/08/16","元大-桃園",100,0,100
"3342","2867三商壽","110/08/16","凱基-虎尾",0,90,-90
"3343","2867三商壽","110/08/16","高橋-龍潭",87,1,86
"3344","2867三商壽","110/08/16","瑞士信貸",53,140,-87
"3345","2867三商壽","110/08/16","富邦-員林",79,0,79
"3346","2867三商壽","110/08/16","花旗環球",7,83,-76
"3347","2867三商壽","110/08/16","華南永昌-高雄",50,0,50
"3348","2867三商壽","110/08/16","元大-大同",0,67,-67
"3349","2867三商壽","110/08/16","元大-崇德",50,0,50
"3350","2867三商壽","110/08/16","日盛-板橋",0,60,-60
"3351","2867三商壽","110/08/16","華南永昌-虎尾",40,0,40
"3352","2867三商壽","110/08/16","元大-博愛",2,62,-60
"3353","2867三商壽","110/08/16","元大-大統",40,0,40
"3354","2867三商壽","110/08/16","(牛牛牛)亞-網路",0,55,-55
"3355","2867三商壽","110/08/16","新光",87,48,39
"3356","2867三商壽","110/08/16","美商高盛",105,158,-53
"3357","2867三商壽","110/08/16","元大-大安",36,0,36
"3358","2867三商壽","110/08/16","永豐金-屏東",1,52,-51
"3359","2867三商壽","110/08/16","群益金鼎-西松",35,0,35
"3360","2867三商壽","110/08/16","兆豐-台中港",0,50,-50
"3361","5521工信","110/08/16","第一金-新竹",84,0,84
"3362","5521工信","110/08/16","摩根大通",83,306,-223
"3363","5521工信","110/08/16","日進",60,0,60
"3364","5521工信","110/08/16","日盛證券",0,70,-70
"3365","5521工信","110/08/16","凱基-中壢",40,0,40
"3366","5521工信","110/08/16","群益金鼎-海山",0,40,-40
"3367","5521工信","110/08/16","台新證券",37,0,37
"3368","5521工信","110/08/16","華南永昌",0,39,-39
"3369","5521工信","110/08/16","群益金鼎-台中",35,0,35
"3370","5521工信","110/08/16","美林",5,43,-38
"3371","5521工信","110/08/16","富邦-台北",30,0,30
"3372","5521工信","110/08/16","康和-澎湖",0,30,-30
"3373","5521工信","110/08/16","元大-永和",30,0,30
"3374","5521工信","110/08/16","華南永昌-彰化",5,34,-29
"3375","5521工信","110/08/16","華南永昌-潮州",28,0,28
"3376","5521工信","110/08/16","元大-龍潭",0,25,-25
"3377","5521工信","110/08/16","玉山-嘉義",23,0,23
"3378","5521工信","110/08/16","兆豐-桃園",0,24,-24
"3379","5521工信","110/08/16","元大-新莊",40,17,23
"3380","5521工信","110/08/16","華南永昌-林口",1,25,-24
"3381","5521工信","110/08/16","第一金-桃園",22,0,22
"3382","5521工信","110/08/16","台灣企銀-台中",0,20,-20
"3383","5521工信","110/08/16","凱基-鳳山",20,0,20
"3384","5521工信","110/08/16","第一金-台南",0,20,-20
"3385","5521工信","110/08/16","元大-路竹",20,0,20
"3386","5521工信","110/08/16","元富-古亭",0,20,-20
"3387","5521工信","110/08/16","合庫-桃園",20,1,19
"3388","5521工信","110/08/16","兆豐-中壢",0,20,-20
"3389","5521工信","110/08/16","臺銀-鳳山",21,2,19
"3390","5521工信","110/08/16","元大-仁愛",0,20,-20
"3391","1471首利","110/08/16","摩根大通",196,88,108
"3392","1471首利","110/08/16","元大-草屯",1,200,-199
"3393","1471首利","110/08/16","瑞士信貸",95,17,78
"3394","1471首利","110/08/16","元富-埔里",0,51,-51
"3395","1471首利","110/08/16","新加坡商瑞銀",38,0,38
"3396","1471首利","110/08/16","凱基-雙和",0,40,-40
"3397","1471首利","110/08/16","國泰-敦南",37,2,35
"3398","1471首利","110/08/16","華南永昌-公誠",0,40,-40
"3399","1471首利","110/08/16","凱基-彰化",31,0,31
"3400","1471首利","110/08/16","元大-大灣",0,36,-36
"3401","1471首利","110/08/16","光和-溪湖",20,0,20
"3402","1471首利","110/08/16","新光-台中",17,42,-25
"3403","1471首利","110/08/16","國票-中港",20,0,20
"3404","1471首利","110/08/16","富邦-仁愛",0,25,-25
"3405","1471首利","110/08/16","美林",15,0,15
"3406","1471首利","110/08/16","群益金鼎-台北",0,24,-24
"3407","1471首利","110/08/16","元大-板橋",15,0,15
"3408","1471首利","110/08/16","永豐金-竹北",0,22,-22
"3409","1471首利","110/08/16","凱基-長庚",16,2,14
"3410","1471首利","110/08/16","合庫-台中",0,20,-20
"3411","1471首利","110/08/16","元大-斗信",14,0,14
"3412","1471首利","110/08/16","高橋-龍潭",2,22,-20
"3413","1471首利","110/08/16","第一金-高雄",12,0,12
"3414","1471首利","110/08/16","國票-台中",0,20,-20
"3415","1471首利","110/08/16","玉山-大里",12,0,12
"3416","1471首利","110/08/16","群益金鼎-潭子",0,20,-20
"3417","1471首利","110/08/16","永豐金-大園",12,0,12
"3418","1471首利","110/08/16","台新證券",2,19,-17
"3419","1471首利","110/08/16","永豐金-中正",12,0,12
"3420","1471首利","110/08/16","聯邦-高雄",0,15,-15
"3421","2883開發金","110/08/16","中國信託-文心",4881,27,4854
"3422","2883開發金","110/08/16","摩根大通",1712,30864,-29152
"3423","2883開發金","110/08/16","國泰-敦南",3101,627,2474
"3424","2883開發金","110/08/16","台灣摩根士丹利",453,18916,-18463
"3425","2883開發金","110/08/16","亞東-新竹",3614,1222,2392
"3426","2883開發金","110/08/16","凱基-台北",8208,20874,-12666
"3427","2883開發金","110/08/16","花旗環球",3115,841,2274
"3428","2883開發金","110/08/16","新加坡商瑞銀",363,11873,-11510
"3429","2883開發金","110/08/16","元大證券",3308,1099,2209
"3430","2883開發金","110/08/16","美林",130,9722,-9592
"3431","2883開發金","110/08/16","康和-仁愛",2103,0,2103
"3432","2883開發金","110/08/16","統一",766,7210,-6444
"3433","2883開發金","110/08/16","玉山-大里",1874,31,1843
"3434","2883開發金","110/08/16","元富",48,5683,-5635
"3435","2883開發金","110/08/16","第一金-忠孝",1836,3,1833
"3436","2883開發金","110/08/16","富邦證券",147,4117,-3970
"3437","2883開發金","110/08/16","宏遠證券",1825,5,1820
"3438","2883開發金","110/08/16","國票-長城",22,2713,-2691
"3439","2883開發金","110/08/16","統一-新竹",1630,2,1628
"3440","2883開發金","110/08/16","台新證券",1753,4439,-2686
"3441","2883開發金","110/08/16","國泰-板橋",1493,346,1147
"3442","2883開發金","110/08/16","元大-士林",417,2698,-2281
"3443","2883開發金","110/08/16","國泰-館前",1856,775,1081
"3444","2883開發金","110/08/16","港商野村",3026,5159,-2133
"3445","2883開發金","110/08/16","群益金鼎-高盛",1005,12,993
"3446","2883開發金","110/08/16","瑞士信貸",1295,3237,-1942
"3447","2883開發金","110/08/16","元大-新莊",860,16,844
"3448","2883開發金","110/08/16","美商高盛",162,1917,-1755
"3449","2883開發金","110/08/16","臺銀",807,32,775
"3450","2883開發金","110/08/16","國泰證券",290,1593,-1303
"3451","6205詮欣","110/08/16","凱基-汐止",22,0,22
"3452","6205詮欣","110/08/16","凱基-台北",0,10,-10
"3453","6205詮欣","110/08/16","臺銀-民權",10,0,10
"3454","6205詮欣","110/08/16","永興-水湳",0,6,-6
"3455","6205詮欣","110/08/16","德信-新營",6,0,6
"3456","6205詮欣","110/08/16","國票-博愛",0,6,-6
"3457","6205詮欣","110/08/16","玉山證券",5,0,5
"3458","6205詮欣","110/08/16","日盛-三重",5,10,-5
"3459","6205詮欣","110/08/16","亞東-板橋",4,0,4
"3460","6205詮欣","110/08/16","日盛-永康",0,5,-5
"3461","6205詮欣","110/08/16","元大-羅東",4,0,4
"3462","6205詮欣","110/08/16","摩根大通",0,5,-5
"3463","6205詮欣","110/08/16","元大-汐止",4,0,4
"3464","6205詮欣","110/08/16","玉山-台南",0,5,-5
"3465","6205詮欣","110/08/16","臺銀-高雄",3,0,3
"3466","6205詮欣","110/08/16","元大-大天母",0,4,-4
"3467","6205詮欣","110/08/16","美林",2,0,2
"3468","6205詮欣","110/08/16","永豐金-中盛",0,3,-3
"3469","6205詮欣","110/08/16","群益金鼎-基隆",2,0,2
"3470","6205詮欣","110/08/16","華南永昌-彰化",0,2,-2
"3471","6205詮欣","110/08/16","合庫-三重",1,0,1
"3472","6205詮欣","110/08/16","富邦-中壢",0,2,-2
"3473","6205詮欣","110/08/16","(牛牛牛)亞-網路",1,0,1
"3474","6205詮欣","110/08/16","元大-成功",0,2,-2
"3475","6205詮欣","110/08/16","豐農",1,0,1
"3476","6205詮欣","110/08/16","統一-士林",0,1,-1
"3477","6205詮欣","110/08/16","凱基-站前",1,0,1
"3478","6205詮欣","110/08/16","統一-金門",0,1,-1
"3479","6205詮欣","110/08/16","富邦-建國",1,0,1
"3480","6205詮欣","110/08/16","元富-文心",0,1,-1
"3481","1540喬福","110/08/16","元大-成功",25,0,25
"3482","1540喬福","110/08/16","凱基-台北",0,51,-51
"3483","1540喬福","110/08/16","新光",16,0,16
"3484","1540喬福","110/08/16","新光-新竹",10,29,-19
"3485","1540喬福","110/08/16","日盛-鳳山",10,0,10
"3486","1540喬福","110/08/16","元大-北屯",0,18,-18
"3487","1540喬福","110/08/16","台新-左楠",10,0,10
"3488","1540喬福","110/08/16","北城證券",0,16,-16
"3489","1540喬福","110/08/16","玉山-左營",10,0,10
"3490","1540喬福","110/08/16","國泰-敦南",2,18,-16
"3491","1540喬福","110/08/16","富邦-南屯",10,0,10
"3492","1540喬福","110/08/16","新光-桃園",0,15,-15
"3493","1540喬福","110/08/16","富邦-板橋",8,0,8
"3494","1540喬福","110/08/16","新光-台南",0,12,-12
"3495","1540喬福","110/08/16","凱基-中壢",7,0,7
"3496","1540喬福","110/08/16","凱基-台中",0,12,-12
"3497","1540喬福","110/08/16","元富-新竹",5,0,5
"3498","1540喬福","110/08/16","元大-汐止",0,10,-10
"3499","1540喬福","110/08/16","兆豐-北高雄",5,0,5
"3500","1540喬福","110/08/16","凱基-竹北",0,7,-7
"3501","1540喬福","110/08/16","台新-台中",5,0,5
"3502","1540喬福","110/08/16","日盛-文化",0,4,-4
"3503","1540喬福","110/08/16","凱基-台南",5,0,5
"3504","1540喬福","110/08/16","富邦-桃園",0,3,-3
"3505","1540喬福","110/08/16","元大-龍潭",5,0,5
"3506","1540喬福","110/08/16","摩根大通",1,3,-2
"3507","1540喬福","110/08/16","元富-緯城",4,0,4
"3508","1540喬福","110/08/16","玉山-城中",0,2,-2
"3509","1540喬福","110/08/16","元大-大安",4,0,4
"3510","1540喬福","110/08/16","永豐金-桃園",0,2,-2
"3511","2888新光金","110/08/16","兆豐-公益",12939,12,12927
"3512","2888新光金","110/08/16","摩根大通",2056,10998,-8942
"3513","2888新光金","110/08/16","元大-忠孝鼎富",11100,189,10911
"3514","2888新光金","110/08/16","元富-城東",25,8381,-8356
"3515","2888新光金","110/08/16","港商麥格理",9753,0,9753
"3516","2888新光金","110/08/16","元富",6,7491,-7485
"3517","2888新光金","110/08/16","群益金鼎-大安",3294,0,3294
"3518","2888新光金","110/08/16","美林",136,3975,-3839
"3519","2888新光金","110/08/16","凱基-復興",3020,0,3020
"3520","2888新光金","110/08/16","臺銀-高雄",19,3007,-2988
"3521","2888新光金","110/08/16","美商高盛",5603,3216,2387
"3522","2888新光金","110/08/16","台灣摩根士丹利",419,2562,-2143
"3523","2888新光金","110/08/16","國票-台東",2067,0,2067
"3524","2888新光金","110/08/16","瑞士信貸",58,1618,-1560
"3525","2888新光金","110/08/16","群益金鼎-台北",1872,0,1872
"3526","2888新光金","110/08/16","玉山-新竹",0,1497,-1497
"3527","2888新光金","110/08/16","新加坡商瑞銀",2005,179,1826
"3528","2888新光金","110/08/16","國票-博愛",3,1208,-1205
"3529","2888新光金","110/08/16","華南永昌-忠孝",1827,90,1737
"3530","2888新光金","110/08/16","元大-士林",85,1185,-1100
"3531","2888新光金","110/08/16","富邦-新營",1400,0,1400
"3532","2888新光金","110/08/16","臺銀-民權",19,1095,-1076
"3533","2888新光金","110/08/16","華南永昌-鳳山",1174,11,1163
"3534","2888新光金","110/08/16","法銀巴黎",0,868,-868
"3535","2888新光金","110/08/16","元大-員林",1051,12,1039
"3536","2888新光金","110/08/16","群益金鼎",10,847,-837
"3537","2888新光金","110/08/16","富邦-高雄",1015,11,1004
"3538","2888新光金","110/08/16","元富-世貿",7,794,-787
"3539","2888新光金","110/08/16","日盛-南京",1000,5,995
"3540","2888新光金","110/08/16","國票-安和",0,724,-724
"3541","1340勝悅","110/08/16","元富-成功",30,0,30
"3542","1340勝悅","110/08/16","元富-城東",0,107,-107
"3543","1340勝悅","110/08/16","華南永昌-公誠",30,0,30
"3544","1340勝悅","110/08/16","永豐金-竹科",0,38,-38
"3545","1340勝悅","110/08/16","華南永昌-敦南",25,0,25
"3546","1340勝悅","110/08/16","德信-新營",0,30,-30
"3547","1340勝悅","110/08/16","合庫-自強",15,0,15
"3548","1340勝悅","110/08/16","國泰-松江",0,15,-15
"3549","1340勝悅","110/08/16","臺銀-鳳山",15,0,15
"3550","1340勝悅","110/08/16","摩根大通",5,17,-12
"3551","1340勝悅","110/08/16","元富-中港",10,0,10
"3552","1340勝悅","110/08/16","港商法國興業",0,11,-11
"3553","1340勝悅","110/08/16","永豐金-南京",10,0,10
"3554","1340勝悅","110/08/16","玉山-高雄",0,10,-10
"3555","1340勝悅","110/08/16","新光",9,0,9
"3556","1340勝悅","110/08/16","凱基-台北",0,10,-10
"3557","1340勝悅","110/08/16","國泰-台中",14,7,7
"3558","1340勝悅","110/08/16","華南永昌-嘉義",0,10,-10
"3559","1340勝悅","110/08/16","元大-苗栗",6,0,6
"3560","1340勝悅","110/08/16","合庫-台南",0,6,-6
"3561","1340勝悅","110/08/16","元大-屏南",6,0,6
"3562","1340勝悅","110/08/16","玉山-桃園",0,5,-5
"3563","1340勝悅","110/08/16","臺灣企銀-埔墘",5,0,5
"3564","1340勝悅","110/08/16","永豐金-博愛",0,5,-5
"3565","1340勝悅","110/08/16","日盛-板橋",5,0,5
"3566","1340勝悅","110/08/16","美林",0,2,-2
"3567","1340勝悅","110/08/16","致和-東門",5,0,5
"3568","1340勝悅","110/08/16","兆豐-城中",0,2,-2
"3569","1340勝悅","110/08/16","群益金鼎-館前",7,2,5
"3570","1340勝悅","110/08/16","元大-大雅",0,2,-2
"3571","6246臺龍","110/08/16","元大-南投",25,5,20
"3572","6246臺龍","110/08/16","元大-中壢",9,26,-17
"3573","6246臺龍","110/08/16","港商野村",65,46,19
"3574","6246臺龍","110/08/16","台新-台中",1,15,-14
"3575","6246臺龍","110/08/16","華南永昌",23,5,18
"3576","6246臺龍","110/08/16","群益金鼎-開元",0,12,-12
"3577","6246臺龍","110/08/16","華南永昌-彰化",15,4,11
"3578","6246臺龍","110/08/16","凱基-苗栗",0,7,-7
"3579","6246臺龍","110/08/16","統一-台中",10,0,10
"3580","6246臺龍","110/08/16","日盛-鳳山",0,6,-6
"3581","6246臺龍","110/08/16","兆豐-新營",11,1,10
"3582","6246臺龍","110/08/16","台新證券",4,10,-6
"3583","6246臺龍","110/08/16","玉山-桃園",10,0,10
"3584","6246臺龍","110/08/16","新光",4,10,-6
"3585","6246臺龍","110/08/16","凱基-台北",12,2,10
"3586","6246臺龍","110/08/16","華南永昌-嘉義",0,6,-6
"3587","6246臺龍","110/08/16","群益金鼎-東大",9,0,9
"3588","6246臺龍","110/08/16","元大-竹北",0,6,-6
"3589","6246臺龍","110/08/16","元富-中港",6,0,6
"3590","6246臺龍","110/08/16","元大-永康",0,6,-6
"3591","6246臺龍","110/08/16","德信-新營",6,0,6
"3592","6246臺龍","110/08/16","元富-新店",0,5,-5
"3593","6246臺龍","110/08/16","兆豐-西螺",5,0,5
"3594","6246臺龍","110/08/16","台中銀",0,5,-5
"3595","6246臺龍","110/08/16","群益金鼎-土城",5,0,5
"3596","6246臺龍","110/08/16","群益金鼎-永和",0,5,-5
"3597","6246臺龍","110/08/16","富邦-仁愛",5,0,5
"3598","6246臺龍","110/08/16","元大-台南",0,5,-5
"3599","6246臺龍","110/08/16","元大-基隆孝二",7,2,5
"3600","6246臺龍","110/08/16","元大-土城",0,5,-5
"3601","00715L期街口布蘭特正2","110/08/16","元富",1720,5,1715
"3602","00715L期街口布蘭特正2","110/08/16","元大證券",365,4674,-4309
"3603","00715L期街口布蘭特正2","110/08/16","港商野村",1350,660,690
"3604","00715L期街口布蘭特正2","110/08/16","華南永昌-長虹",50,820,-770
"3605","00715L期街口布蘭特正2","110/08/16","(牛牛牛)亞-鑫豐",587,51,536
"3606","00715L期街口布蘭特正2","110/08/16","凱基-台北",42,470,-428
"3607","00715L期街口布蘭特正2","110/08/16","富邦-嘉義",405,0,405
"3608","00715L期街口布蘭特正2","110/08/16","永豐金證券",5,360,-355
"3609","00715L期街口布蘭特正2","110/08/16","兆豐-嘉義",303,0,303
"3610","00715L期街口布蘭特正2","110/08/16","元大-復北",1,333,-332
"3611","00715L期街口布蘭特正2","110/08/16","元大-學甲",272,0,272
"3612","00715L期街口布蘭特正2","110/08/16","兆豐-新莊",0,306,-306
"3613","00715L期街口布蘭特正2","110/08/16","元大-中和",308,52,256
"3614","00715L期街口布蘭特正2","110/08/16","凱基-松山",0,302,-302
"3615","00715L期街口布蘭特正2","110/08/16","新光",318,84,234
"3616","00715L期街口布蘭特正2","110/08/16","統一-桃園",7,280,-273
"3617","00715L期街口布蘭特正2","110/08/16","元大-北港",165,0,165
"3618","00715L期街口布蘭特正2","110/08/16","日盛-板橋",31,300,-269
"3619","00715L期街口布蘭特正2","110/08/16","台中銀",202,45,157
"3620","00715L期街口布蘭特正2","110/08/16","凱基",0,250,-250
"3621","00715L期街口布蘭特正2","110/08/16","元大-台中中港",157,0,157
"3622","00715L期街口布蘭特正2","110/08/16","富邦-仁愛",11,250,-239
"3623","00715L期街口布蘭特正2","110/08/16","元大-花蓮",150,4,146
"3624","00715L期街口布蘭特正2","110/08/16","台新-台中",34,262,-228
"3625","00715L期街口布蘭特正2","110/08/16","統一-台中",165,32,133
"3626","00715L期街口布蘭特正2","110/08/16","元富-吉利",5,210,-205
"3627","00715L期街口布蘭特正2","110/08/16","永全-南崁",130,0,130
"3628","00715L期街口布蘭特正2","110/08/16","康和",0,150,-150
"3629","00715L期街口布蘭特正2","110/08/16","元富-中壢",223,100,123
"3630","00715L期街口布蘭特正2","110/08/16","兆豐-台中港",53,190,-137
"3631","8941關中","110/08/16","凱基-市府",4,0,4
"3632","8941關中","110/08/16","統一-台中",0,3,-3
"3633","8941關中","110/08/16","(牛牛牛)亞-鑫豐",2,1,1
"3634","8941關中","110/08/16","宏遠-中和",0,1,-1
"3635","8941關中","110/08/16","富邦-左營",1,0,1
"3636","8941關中","110/08/16","富邦-竹北",0,1,-1
"3637","8941關中","110/08/16","元大-路竹",1,0,1
"3638","8941關中","110/08/16","元大-華山",0,1,-1
"3639","8941關中","110/08/16","統一-新台中",0,0,0
"3640","8941關中","110/08/16","永豐金-中正",0,1,-1
"3641","8941關中","110/08/16","元富-中港",0,0,0
"3642","8941關中","110/08/16","統一-新台中",0,0,0
"3643","8941關中","110/08/16","元大證券",0,0,0
"3644","8941關中","110/08/16","元富-中港",0,0,0
"3645","8941關中","110/08/16","元大-龍潭",0,0,0
"3646","8941關中","110/08/16","元大證券",0,0,0
"3647","8941關中","110/08/16","永豐金-南投",0,0,0
"3648","8941關中","110/08/16","元大-龍潭",0,0,0
"3649","8941關中","110/08/16","",NA,NA,NA
"3650","8941關中","110/08/16","永豐金-南投",0,0,0
"3651","8941關中","110/08/16","",NA,NA,NA
"3652","8941關中","110/08/16","",NA,NA,NA
"3653","8941關中","110/08/16","",NA,NA,NA
"3654","8941關中","110/08/16","",NA,NA,NA
"3655","8941關中","110/08/16","",NA,NA,NA
"3656","8941關中","110/08/16","",NA,NA,NA
"3657","8941關中","110/08/16","",NA,NA,NA
"3658","8941關中","110/08/16","",NA,NA,NA
"3659","8941關中","110/08/16","",NA,NA,NA
"3660","8941關中","110/08/16","",NA,NA,NA
"3661","8936國統","110/08/16","台中銀-高雄",200,0,200
"3662","8936國統","110/08/16","摩根大通",39,181,-142
"3663","8936國統","110/08/16","美林",139,31,108
"3664","8936國統","110/08/16","新加坡商瑞銀",48,178,-130
"3665","8936國統","110/08/16","元大-天母",50,0,50
"3666","8936國統","110/08/16","凱基-台北",66,161,-95
"3667","8936國統","110/08/16","中國信託",50,2,48
"3668","8936國統","110/08/16","新光-桃園",2,90,-88
"3669","8936國統","110/08/16","元大-豐原站前",40,0,40
"3670","8936國統","110/08/16","台灣摩根士丹利",1,79,-78
"3671","8936國統","110/08/16","元大-北港",32,0,32
"3672","8936國統","110/08/16","永豐金-苓雅",10,80,-70
"3673","8936國統","110/08/16","永豐金-竹科",28,0,28
"3674","8936國統","110/08/16","富邦-南屯",15,64,-49
"3675","8936國統","110/08/16","凱基-岡山",27,0,27
"3676","8936國統","110/08/16","台新-高雄",10,56,-46
"3677","8936國統","110/08/16","第一金-自由",20,0,20
"3678","8936國統","110/08/16","國票-北高雄",5,30,-25
"3679","8936國統","110/08/16","港商野村",68,50,18
"3680","8936國統","110/08/16","台新-屏東",0,25,-25
"3681","8936國統","110/08/16","華南永昌-岡山",16,0,16
"3682","8936國統","110/08/16","元大-高雄",0,23,-23
"3683","8936國統","110/08/16","新光-台中",59,44,15
"3684","8936國統","110/08/16","台灣企銀-豐原",0,22,-22
"3685","8936國統","110/08/16","日盛證券",14,0,14
"3686","8936國統","110/08/16","玉山證券",0,19,-19
"3687","8936國統","110/08/16","元富-林園",12,0,12
"3688","8936國統","110/08/16","日盛-中壢",0,16,-16
"3689","8936國統","110/08/16","兆豐-景美",12,0,12
"3690","8936國統","110/08/16","美商高盛",6,21,-15
"3691","6226光鼎","110/08/16","凱基-台北",1070,545,525
"3692","6226光鼎","110/08/16","台新證券",86,218,-132
"3693","6226光鼎","110/08/16","美林",291,133,158
"3694","6226光鼎","110/08/16","元富-新竹",10,139,-129
"3695","6226光鼎","110/08/16","瑞士信貸",144,6,138
"3696","6226光鼎","110/08/16","元大-台南",0,101,-101
"3697","6226光鼎","110/08/16","摩根大通",340,206,134
"3698","6226光鼎","110/08/16","永豐金-南投",1,100,-99
"3699","6226光鼎","110/08/16","美商高盛",222,102,120
"3700","6226光鼎","110/08/16","華南永昌-高雄",1,63,-62
"3701","6226光鼎","110/08/16","新光",195,77,118
"3702","6226光鼎","110/08/16","元大-仁愛",1,61,-60
"3703","6226光鼎","110/08/16","第一金-大稻埕",103,1,102
"3704","6226光鼎","110/08/16","群益金鼎-士林",39,98,-59
"3705","6226光鼎","110/08/16","元大-北投",101,4,97
"3706","6226光鼎","110/08/16","元大-府城",20,72,-52
"3707","6226光鼎","110/08/16","元大-竹科",101,10,91
"3708","6226光鼎","110/08/16","合庫-鳳山",4,53,-49
"3709","6226光鼎","110/08/16","元大-北屯",104,15,89
"3710","6226光鼎","110/08/16","國票-九鼎",2,44,-42
"3711","6226光鼎","110/08/16","國泰-桃園",98,29,69
"3712","6226光鼎","110/08/16","元大-金華",13,55,-42
"3713","6226光鼎","110/08/16","群益金鼎-東門",67,0,67
"3714","6226光鼎","110/08/16","富邦-竹東",5,43,-38
"3715","6226光鼎","110/08/16","港商野村",277,215,62
"3716","6226光鼎","110/08/16","元大-雙和",6,43,-37
"3717","6226光鼎","110/08/16","群益金鼎-西松",51,1,50
"3718","6226光鼎","110/08/16","中國信託-忠孝",2,36,-34
"3719","6226光鼎","110/08/16","元富-古亭",50,3,47
"3720","6226光鼎","110/08/16","華南永昌-三重",3,37,-34
"3721","2363矽統","110/08/16","凱基-台北",2187,1127,1060
"3722","2363矽統","110/08/16","元大-東泰",32,339,-307
"3723","2363矽統","110/08/16","美商高盛",1277,381,896
"3724","2363矽統","110/08/16","國泰-敦南",408,608,-200
"3725","2363矽統","110/08/16","美林",777,172,605
"3726","2363矽統","110/08/16","台灣摩根士丹利",6,185,-179
"3727","2363矽統","110/08/16","新加坡商瑞銀",764,476,288
"3728","2363矽統","110/08/16","群益金鼎",14,154,-140
"3729","2363矽統","110/08/16","永豐金-嘉義",250,2,248
"3730","2363矽統","110/08/16","富邦-新竹",103,229,-126
"3731","2363矽統","110/08/16","瑞士信貸",247,11,236
"3732","2363矽統","110/08/16","凱基",0,120,-120
"3733","2363矽統","110/08/16","群益金鼎-士林",173,17,156
"3734","2363矽統","110/08/16","元大-大統",25,138,-113
"3735","2363矽統","110/08/16","統一-新竹",151,2,149
"3736","2363矽統","110/08/16","富邦-中壢",17,125,-108
"3737","2363矽統","110/08/16","港商野村",1539,1409,130
"3738","2363矽統","110/08/16","兆豐-天母",1,102,-101
"3739","2363矽統","110/08/16","凱基-長庚",136,12,124
"3740","2363矽統","110/08/16","陽信-石牌",13,105,-92
"3741","2363矽統","110/08/16","台新-三民",156,49,107
"3742","2363矽統","110/08/16","永豐金-新店",8,100,-92
"3743","2363矽統","110/08/16","凱基-南崁",98,26,72
"3744","2363矽統","110/08/16","日盛-北高雄",25,105,-80
"3745","2363矽統","110/08/16","元富-城東",78,9,69
"3746","2363矽統","110/08/16","元大-萬華",36,116,-80
"3747","2363矽統","110/08/16","元大-汐止",144,79,65
"3748","2363矽統","110/08/16","玉山證券",37,116,-79
"3749","2363矽統","110/08/16","永豐金-中壢",91,28,63
"3750","2363矽統","110/08/16","元大-敦南",3,81,-78
"3751","8112至上","110/08/16","合庫證券",140,7,133
"3752","8112至上","110/08/16","摩根大通",19,588,-569
"3753","8112至上","110/08/16","新光-桃園",102,4,98
"3754","8112至上","110/08/16","新加坡商瑞銀",17,338,-321
"3755","8112至上","110/08/16","元大-敦化",80,2,78
"3756","8112至上","110/08/16","瑞士信貸",3,181,-178
"3757","8112至上","110/08/16","元大-台北",71,0,71
"3758","8112至上","110/08/16","美林",84,183,-99
"3759","8112至上","110/08/16","凱基-嘉義",97,37,60
"3760","8112至上","110/08/16","台灣摩根士丹利",9,101,-92
"3761","8112至上","110/08/16","元大-開元",44,1,43
"3762","8112至上","110/08/16","凱基-台北",133,201,-68
"3763","8112至上","110/08/16","永豐金-台中",43,0,43
"3764","8112至上","110/08/16","新光-高雄",3,57,-54
"3765","8112至上","110/08/16","元大-仁愛",40,0,40
"3766","8112至上","110/08/16","新百王",1,51,-50
"3767","8112至上","110/08/16","富邦-仁愛",65,27,38
"3768","8112至上","110/08/16","華南永昌-新莊",2,47,-45
"3769","8112至上","110/08/16","元大-前金",40,3,37
"3770","8112至上","110/08/16","華南永昌-潮州",0,30,-30
"3771","8112至上","110/08/16","富邦-中壢",33,1,32
"3772","8112至上","110/08/16","國票-長城",18,45,-27
"3773","8112至上","110/08/16","統一-中壢",31,0,31
"3774","8112至上","110/08/16","群益金鼎-海山",3,30,-27
"3775","8112至上","110/08/16","台新-台中",32,1,31
"3776","8112至上","110/08/16","元大-發財",1,28,-27
"3777","8112至上","110/08/16","新光",38,11,27
"3778","8112至上","110/08/16","兆豐-斗南",4,30,-26
"3779","8112至上","110/08/16","合庫-嘉義",25,0,25
"3780","8112至上","110/08/16","國泰-板橋",9,32,-23
"3781","1570力肯","110/08/16","兆豐-民生",80,0,80
"3782","1570力肯","110/08/16","台新證券",17,184,-167
"3783","1570力肯","110/08/16","國票-北高雄",145,85,60
"3784","1570力肯","110/08/16","凱基-台北",61,183,-122
"3785","1570力肯","110/08/16","新光",83,31,52
"3786","1570力肯","110/08/16","摩根大通",18,89,-71
"3787","1570力肯","110/08/16","凱基-三峽",40,0,40
"3788","1570力肯","110/08/16","新光-台南",1,50,-49
"3789","1570力肯","110/08/16","元大-大雅",40,0,40
"3790","1570力肯","110/08/16","國泰-松江",0,30,-30
"3791","1570力肯","110/08/16","元富-新竹",30,0,30
"3792","1570力肯","110/08/16","永豐金-桃園",0,30,-30
"3793","1570力肯","110/08/16","富邦-花蓮",29,0,29
"3794","1570力肯","110/08/16","元富-文心",1,23,-22
"3795","1570力肯","110/08/16","統一-高雄",26,1,25
"3796","1570力肯","110/08/16","永豐金-屏東",3,25,-22
"3797","1570力肯","110/08/16","元大-雙和",24,0,24
"3798","1570力肯","110/08/16","台灣摩根士丹利",0,18,-18
"3799","1570力肯","110/08/16","日盛-高雄",21,0,21
"3800","1570力肯","110/08/16","元富-新店",2,20,-18
"3801","1570力肯","110/08/16","國票-和平",27,6,21
"3802","1570力肯","110/08/16","康和-屏東",0,16,-16
"3803","1570力肯","110/08/16","國泰證券",20,0,20
"3804","1570力肯","110/08/16","聯邦-三重",0,15,-15
"3805","1570力肯","110/08/16","群益金鼎-東門",20,0,20
"3806","1570力肯","110/08/16","富邦-內湖",8,21,-13
"3807","1570力肯","110/08/16","元大-民生",19,0,19
"3808","1570力肯","110/08/16","新光-台中",8,20,-12
"3809","1570力肯","110/08/16","元富-民權",15,0,15
"3810","1570力肯","110/08/16","國泰-館前",0,12,-12
"3811","2929淘帝","110/08/16","日盛-中壢",55,1,54
"3812","2929淘帝","110/08/16","摩根大通",10,80,-70
"3813","2929淘帝","110/08/16","元大-太平",31,0,31
"3814","2929淘帝","110/08/16","港商野村",13,57,-44
"3815","2929淘帝","110/08/16","宏遠-館前",30,0,30
"3816","2929淘帝","110/08/16","元大-西門",0,37,-37
"3817","2929淘帝","110/08/16","凱基-東門",24,0,24
"3818","2929淘帝","110/08/16","新加坡商瑞銀",4,26,-22
"3819","2929淘帝","110/08/16","台新-台中",21,0,21
"3820","2929淘帝","110/08/16","元大-大里",0,22,-22
"3821","2929淘帝","110/08/16","日盛-八德",16,0,16
"3822","2929淘帝","110/08/16","兆豐-三重",0,20,-20
"3823","2929淘帝","110/08/16","元富-文心",10,0,10
"3824","2929淘帝","110/08/16","永豐金-鳳山",0,14,-14
"3825","2929淘帝","110/08/16","兆豐-桃園",10,0,10
"3826","2929淘帝","110/08/16","美林",6,17,-11
"3827","2929淘帝","110/08/16","群益金鼎-基隆",10,0,10
"3828","2929淘帝","110/08/16","臺銀-金山",0,10,-10
"3829","2929淘帝","110/08/16","永豐金證券",10,0,10
"3830","2929淘帝","110/08/16","國票-博愛",0,10,-10
"3831","2929淘帝","110/08/16","新光",10,2,8
"3832","2929淘帝","110/08/16","元大-上新莊",2,12,-10
"3833","2929淘帝","110/08/16","元大-承德",8,0,8
"3834","2929淘帝","110/08/16","兆豐-大同",0,9,-9
"3835","2929淘帝","110/08/16","亞東-新竹",7,0,7
"3836","2929淘帝","110/08/16","台新-建北",0,9,-9
"3837","2929淘帝","110/08/16","凱基-林口",7,0,7
"3838","2929淘帝","110/08/16","國泰-館前",0,7,-7
"3839","2929淘帝","110/08/16","凱基-新豐",6,0,6
"3840","2929淘帝","110/08/16","兆豐-台南",0,6,-6
"3841","5410國眾","110/08/16","兆豐-城中",85,0,85
"3842","5410國眾","110/08/16","國泰-敦南",15,99,-84
"3843","5410國眾","110/08/16","元大-六合",42,0,42
"3844","5410國眾","110/08/16","凱基-高雄",0,50,-50
"3845","5410國眾","110/08/16","兆豐-小港",36,0,36
"3846","5410國眾","110/08/16","瑞士信貸",0,44,-44
"3847","5410國眾","110/08/16","凱基-台南",30,0,30
"3848","5410國眾","110/08/16","摩根大通",46,87,-41
"3849","5410國眾","110/08/16","富邦-建國",31,1,30
"3850","5410國眾","110/08/16","元大-士林",0,38,-38
"3851","5410國眾","110/08/16","國票-安和",31,4,27
"3852","5410國眾","110/08/16","兆豐-台中港",0,30,-30
"3853","5410國眾","110/08/16","凱基-竹北",24,0,24
"3854","5410國眾","110/08/16","凱基-台北",27,55,-28
"3855","5410國眾","110/08/16","玉山-新莊",15,0,15
"3856","5410國眾","110/08/16","元大-古亭",0,26,-26
"3857","5410國眾","110/08/16","元大-木柵",12,0,12
"3858","5410國眾","110/08/16","臺銀",1,24,-23
"3859","5410國眾","110/08/16","元大-新盛",12,0,12
"3860","5410國眾","110/08/16","元大-中壢",3,26,-23
"3861","5410國眾","110/08/16","永豐金-台南",12,1,11
"3862","5410國眾","110/08/16","元大-北港",0,21,-21
"3863","5410國眾","110/08/16","合庫-桃園",10,0,10
"3864","5410國眾","110/08/16","元大-北投",0,20,-20
"3865","5410國眾","110/08/16","日盛-屏東",10,0,10
"3866","5410國眾","110/08/16","元富-潮州",0,15,-15
"3867","5410國眾","110/08/16","元富-城東",10,0,10
"3868","5410國眾","110/08/16","臺銀-鳳山",1,15,-14
"3869","5410國眾","110/08/16","富邦-陽明",10,0,10
"3870","5410國眾","110/08/16","元大-屏東",0,14,-14
"3871","2841台開","110/08/16","宏遠-館前",190,0,190
"3872","2841台開","110/08/16","港商野村",0,44,-44
"3873","2841台開","110/08/16","合庫證券",30,0,30
"3874","2841台開","110/08/16","新光-台南",0,33,-33
"3875","2841台開","110/08/16","凱基-竹科",20,0,20
"3876","2841台開","110/08/16","台新證券",10,42,-32
"3877","2841台開","110/08/16","永豐金-中盛",13,0,13
"3878","2841台開","110/08/16","元大-大里德芳",0,30,-30
"3879","2841台開","110/08/16","大慶-蘆洲",10,0,10
"3880","2841台開","110/08/16","合庫-台中",0,28,-28
"3881","2841台開","110/08/16","新光",13,3,10
"3882","2841台開","110/08/16","元大-善化",0,20,-20
"3883","2841台開","110/08/16","元大-新店中正",10,0,10
"3884","2841台開","110/08/16","永豐金-敦南",30,50,-20
"3885","2841台開","110/08/16","群益金鼎-崇德",8,0,8
"3886","2841台開","110/08/16","新加坡商瑞銀",0,16,-16
"3887","2841台開","110/08/16","元富-成功",7,0,7
"3888","2841台開","110/08/16","玉山-新莊",0,16,-16
"3889","2841台開","110/08/16","元大-彰化",7,0,7
"3890","2841台開","110/08/16","日盛-內湖",0,15,-15
"3891","2841台開","110/08/16","台中銀",5,0,5
"3892","2841台開","110/08/16","兆豐-民生",0,15,-15
"3893","2841台開","110/08/16","中國信託-文心",5,0,5
"3894","2841台開","110/08/16","華南永昌-高雄",0,15,-15
"3895","2841台開","110/08/16","兆豐-台中",5,0,5
"3896","2841台開","110/08/16","元大-永康",0,10,-10
"3897","2841台開","110/08/16","台新-新營",5,0,5
"3898","2841台開","110/08/16","元大-北三重",0,10,-10
"3899","2841台開","110/08/16","凱基-東港",10,5,5
"3900","2841台開","110/08/16","永豐金證券",0,10,-10
"3901","6207雷科","110/08/16","台新-高雄",131,3,128
"3902","6207雷科","110/08/16","元大-高雄",0,52,-52
"3903","6207雷科","110/08/16","凱基-台北",70,20,50
"3904","6207雷科","110/08/16","摩根大通",62,112,-50
"3905","6207雷科","110/08/16","元大-東門",42,0,42
"3906","6207雷科","110/08/16","華南永昌-三重",0,50,-50
"3907","6207雷科","110/08/16","永豐金證券",30,0,30
"3908","6207雷科","110/08/16","凱基-復興",0,40,-40
"3909","6207雷科","110/08/16","元大-六合",21,0,21
"3910","6207雷科","110/08/16","元大-潮州",0,40,-40
"3911","6207雷科","110/08/16","群益金鼎-東門",20,0,20
"3912","6207雷科","110/08/16","日盛證券",2,37,-35
"3913","6207雷科","110/08/16","元大-松江",20,0,20
"3914","6207雷科","110/08/16","新加坡商瑞銀",45,80,-35
"3915","6207雷科","110/08/16","大昌-桃園",28,10,18
"3916","6207雷科","110/08/16","玉山-士林",0,27,-27
"3917","6207雷科","110/08/16","統一-新竹",16,0,16
"3918","6207雷科","110/08/16","元大-大統",0,22,-22
"3919","6207雷科","110/08/16","台中銀",15,0,15
"3920","6207雷科","110/08/16","元大-民生",2,24,-22
"3921","6207雷科","110/08/16","中國信託-三重",13,0,13
"3922","6207雷科","110/08/16","凱基-高雄",6,27,-21
"3923","6207雷科","110/08/16","凱基-岡山",11,0,11
"3924","6207雷科","110/08/16","國票-北高雄",0,15,-15
"3925","6207雷科","110/08/16","富邦-中壢",11,0,11
"3926","6207雷科","110/08/16","新光",0,12,-12
"3927","6207雷科","110/08/16","港商野村",27,17,10
"3928","6207雷科","110/08/16","台新-左楠",1,12,-11
"3929","6207雷科","110/08/16","第一金-安和",10,0,10
"3930","6207雷科","110/08/16","新光-台南",0,10,-10
"3931","3679新至陞","110/08/16","凱基-台北",15,2,13
"3932","3679新至陞","110/08/16","摩根大通",7,19,-12
"3933","3679新至陞","110/08/16","台灣摩根士丹利",8,3,5
"3934","3679新至陞","110/08/16","瑞士信貸",0,11,-11
"3935","3679新至陞","110/08/16","國泰-桃園",5,0,5
"3936","3679新至陞","110/08/16","永豐金-苓雅",1,5,-4
"3937","3679新至陞","110/08/16","美商高盛",3,0,3
"3938","3679新至陞","110/08/16","國泰-松江",0,3,-3
"3939","3679新至陞","110/08/16","華南永昌",3,0,3
"3940","3679新至陞","110/08/16","凱基-台南",0,3,-3
"3941","3679新至陞","110/08/16","日盛-竹北",2,0,2
"3942","3679新至陞","110/08/16","彰銀",0,2,-2
"3943","3679新至陞","110/08/16","日盛-文化",3,1,2
"3944","3679新至陞","110/08/16","新加坡商瑞銀",0,2,-2
"3945","3679新至陞","110/08/16","大慶-蘆洲",3,1,2
"3946","3679新至陞","110/08/16","第一金-頭份",0,2,-2
"3947","3679新至陞","110/08/16","國票-九鼎",2,0,2
"3948","3679新至陞","110/08/16","康和-嘉義",0,2,-2
"3949","3679新至陞","110/08/16","華南永昌-高雄",2,0,2
"3950","3679新至陞","110/08/16","凱基-站前",0,2,-2
"3951","3679新至陞","110/08/16","元大-新店中正",2,0,2
"3952","3679新至陞","110/08/16","元大證券",0,2,-2
"3953","3679新至陞","110/08/16","土銀-士林",1,0,1
"3954","3679新至陞","110/08/16","元大-頭份",0,2,-2
"3955","3679新至陞","110/08/16","日盛證券",1,0,1
"3956","3679新至陞","110/08/16","元大-斗信",0,2,-2
"3957","3679新至陞","110/08/16","美林",10,9,1
"3958","3679新至陞","110/08/16","元大-嘉義",0,2,-2
"3959","3679新至陞","110/08/16","第一金-忠孝",1,0,1
"3960","3679新至陞","110/08/16","日盛-龍潭",0,1,-1
"3961","2727王品","110/08/16","瑞士信貸",49,0,49
"3962","2727王品","110/08/16","台新證券",4,162,-158
"3963","2727王品","110/08/16","台灣摩根士丹利",33,3,30
"3964","2727王品","110/08/16","臺銀-鳳山",5,81,-76
"3965","2727王品","110/08/16","新光",37,12,25
"3966","2727王品","110/08/16","玉山-台南",2,33,-31
"3967","2727王品","110/08/16","日盛-忠孝",20,0,20
"3968","2727王品","110/08/16","美商高盛",0,23,-23
"3969","2727王品","110/08/16","元大-東蘆",16,1,15
"3970","2727王品","110/08/16","兆豐-南京",0,20,-20
"3971","2727王品","110/08/16","第一金-台中",15,1,14
"3972","2727王品","110/08/16","凱基-虎尾",0,20,-20
"3973","2727王品","110/08/16","國泰-敦南",29,15,14
"3974","2727王品","110/08/16","中國信託",2,20,-18
"3975","2727王品","110/08/16","第一金-桃園",13,0,13
"3976","2727王品","110/08/16","新光-桃園",2,20,-18
"3977","2727王品","110/08/16","第一金-忠孝",13,1,12
"3978","2727王品","110/08/16","永豐金證券",2,20,-18
"3979","2727王品","110/08/16","摩根大通",24,12,12
"3980","2727王品","110/08/16","統一",6,22,-16
"3981","2727王品","110/08/16","富邦-陽明",15,3,12
"3982","2727王品","110/08/16","合庫證券",2,14,-12
"3983","2727王品","110/08/16","元富-西松",13,2,11
"3984","2727王品","110/08/16","富邦-仁愛",7,19,-12
"3985","2727王品","110/08/16","聯邦-興中",11,0,11
"3986","2727王品","110/08/16","元大-竹科",4,16,-12
"3987","2727王品","110/08/16","中國信託-松江",10,0,10
"3988","2727王品","110/08/16","元大-和平",0,12,-12
"3989","2727王品","110/08/16","凱基-市府",10,0,10
"3990","2727王品","110/08/16","凱基-興隆",1,12,-11
"3991","1570力肯","110/08/16","兆豐-民生",80,0,80
"3992","1570力肯","110/08/16","台新證券",17,184,-167
"3993","1570力肯","110/08/16","國票-北高雄",145,85,60
"3994","1570力肯","110/08/16","凱基-台北",61,183,-122
"3995","1570力肯","110/08/16","新光",83,31,52
"3996","1570力肯","110/08/16","摩根大通",18,89,-71
"3997","1570力肯","110/08/16","凱基-三峽",40,0,40
"3998","1570力肯","110/08/16","新光-台南",1,50,-49
"3999","1570力肯","110/08/16","元大-大雅",40,0,40
"4000","1570力肯","110/08/16","國泰-松江",0,30,-30
"4001","1570力肯","110/08/16","元富-新竹",30,0,30
"4002","1570力肯","110/08/16","永豐金-桃園",0,30,-30
"4003","1570力肯","110/08/16","富邦-花蓮",29,0,29
"4004","1570力肯","110/08/16","元富-文心",1,23,-22
"4005","1570力肯","110/08/16","統一-高雄",26,1,25
"4006","1570力肯","110/08/16","永豐金-屏東",3,25,-22
"4007","1570力肯","110/08/16","元大-雙和",24,0,24
"4008","1570力肯","110/08/16","台灣摩根士丹利",0,18,-18
"4009","1570力肯","110/08/16","日盛-高雄",21,0,21
"4010","1570力肯","110/08/16","元富-新店",2,20,-18
"4011","1570力肯","110/08/16","國票-和平",27,6,21
"4012","1570力肯","110/08/16","康和-屏東",0,16,-16
"4013","1570力肯","110/08/16","國泰證券",20,0,20
"4014","1570力肯","110/08/16","聯邦-三重",0,15,-15
"4015","1570力肯","110/08/16","群益金鼎-東門",20,0,20
"4016","1570力肯","110/08/16","富邦-內湖",8,21,-13
"4017","1570力肯","110/08/16","元大-民生",19,0,19
"4018","1570力肯","110/08/16","新光-台中",8,20,-12
"4019","1570力肯","110/08/16","元富-民權",15,0,15
"4020","1570力肯","110/08/16","國泰-館前",0,12,-12
"4021","6180橘子","110/08/16","美林",85,0,85
"4022","6180橘子","110/08/16","合庫-高雄",2,121,-119
"4023","6180橘子","110/08/16","新加坡商瑞銀",42,8,34
"4024","6180橘子","110/08/16","群益金鼎-三民",0,100,-100
"4025","6180橘子","110/08/16","合庫-自強",30,0,30
"4026","6180橘子","110/08/16","台灣摩根士丹利",0,50,-50
"4027","6180橘子","110/08/16","元大-中壢",23,0,23
"4028","6180橘子","110/08/16","統一",0,30,-30
"4029","6180橘子","110/08/16","新光-桃園",24,2,22
"4030","6180橘子","110/08/16","凱基-台北",0,27,-27
"4031","6180橘子","110/08/16","日盛-板橋",20,0,20
"4032","6180橘子","110/08/16","群益金鼎-大安",0,20,-20
"4033","6180橘子","110/08/16","康和-嘉義",19,0,19
"4034","6180橘子","110/08/16","元大-博愛",1,20,-19
"4035","6180橘子","110/08/16","永豐金-敦北",19,1,18
"4036","6180橘子","110/08/16","元大-文心興安",2,20,-18
"4037","6180橘子","110/08/16","元大-四維",16,0,16
"4038","6180橘子","110/08/16","統一-中壢",0,15,-15
"4039","6180橘子","110/08/16","元大-和平",16,0,16
"4040","6180橘子","110/08/16","元富-宜蘭",2,15,-13
"4041","6180橘子","110/08/16","港商野村",27,12,15
"4042","6180橘子","110/08/16","元大-沙鹿",0,12,-12
"4043","6180橘子","110/08/16","富隆-長安",15,0,15
"4044","6180橘子","110/08/16","元大-清水",0,12,-12
"4045","6180橘子","110/08/16","摩根大通",51,36,15
"4046","6180橘子","110/08/16","臺銀-鳳山",3,14,-11
"4047","6180橘子","110/08/16","美商高盛",15,1,14
"4048","6180橘子","110/08/16","盈溢",0,10,-10
"4049","6180橘子","110/08/16","元大-永和",13,0,13
"4050","6180橘子","110/08/16","元富-世貿",0,10,-10
"4051","2390云辰","110/08/16","富邦-虎尾",514,48,466
"4052","2390云辰","110/08/16","凱基-台北",495,1222,-727
"4053","2390云辰","110/08/16","摩根大通",2747,2369,378
"4054","2390云辰","110/08/16","元富-西松",194,423,-229
"4055","2390云辰","110/08/16","國泰-桃園",291,66,225
"4056","2390云辰","110/08/16","國票-安和",121,349,-228
"4057","2390云辰","110/08/16","元大-木柵",237,23,214
"4058","2390云辰","110/08/16","元大-信義",10,155,-145
"4059","2390云辰","110/08/16","新光",859,695,164
"4060","2390云辰","110/08/16","統一-新台中",6,137,-131
"4061","2390云辰","110/08/16","元大證券",229,67,162
"4062","2390云辰","110/08/16","美林",355,470,-115
"4063","2390云辰","110/08/16","兆豐-埔墘",719,573,146
"4064","2390云辰","110/08/16","台新-高雄",113,208,-95
"4065","2390云辰","110/08/16","永豐金-嘉義",144,20,124
"4066","2390云辰","110/08/16","豐農",37,114,-77
"4067","2390云辰","110/08/16","元大-台中",126,26,100
"4068","2390云辰","110/08/16","國泰-忠孝",15,85,-70
"4069","2390云辰","110/08/16","瑞士信貸",124,28,96
"4070","2390云辰","110/08/16","富邦-北港",154,223,-69
"4071","2390云辰","110/08/16","永豐金-古亭",120,24,96
"4072","2390云辰","110/08/16","凱基-科園",11,79,-68
"4073","2390云辰","110/08/16","富邦-嘉義",2108,2013,95
"4074","2390云辰","110/08/16","華南永昌-台中",82,149,-67
"4075","2390云辰","110/08/16","富邦-內湖",120,26,94
"4076","2390云辰","110/08/16","台新-左楠",61,126,-65
"4077","2390云辰","110/08/16","群益金鼎-三重",142,56,86
"4078","2390云辰","110/08/16","元大-林園",3,67,-64
"4079","2390云辰","110/08/16","元大-前金",200,123,77
"4080","2390云辰","110/08/16","永豐金-萬盛",23,84,-61
"4081","2867三商壽","110/08/13","美商高盛",295,16,279
"4082","2867三商壽","110/08/13","摩根大通",109,286,-177
"4083","2867三商壽","110/08/13","大慶-中壢",183,1,182
"4084","2867三商壽","110/08/13","元大-佳里",0,113,-113
"4085","2867三商壽","110/08/13","新加坡商瑞銀",121,0,121
"4086","2867三商壽","110/08/13","元大-崇德",0,103,-103
"4087","2867三商壽","110/08/13","凱基-五股",100,0,100
"4088","2867三商壽","110/08/13","台灣摩根士丹利",9,83,-74
"4089","2867三商壽","110/08/13","元大-桃園",100,1,99
"4090","2867三商壽","110/08/13","國泰-台南",1,73,-72
"4091","2867三商壽","110/08/13","凱基-虎尾",90,0,90
"4092","2867三商壽","110/08/13","元大證券",1,62,-61
"4093","2867三商壽","110/08/13","華南永昌-高雄",100,10,90
"4094","2867三商壽","110/08/13","元大-台中",0,60,-60
"4095","2867三商壽","110/08/13","兆豐-北高雄",81,2,79
"4096","2867三商壽","110/08/13","元大-大同",0,53,-53
"4097","2867三商壽","110/08/13","新光",105,39,66
"4098","2867三商壽","110/08/13","兆豐-鹿港",0,50,-50
"4099","2867三商壽","110/08/13","富邦-彰化",60,0,60
"4100","2867三商壽","110/08/13","合庫-西台中",2,50,-48
"4101","2867三商壽","110/08/13","富邦-台南",60,0,60
"4102","2867三商壽","110/08/13","新光-台中",7,53,-46
"4103","2867三商壽","110/08/13","玉山-板橋",60,1,59
"4104","2867三商壽","110/08/13","元大-大益",0,44,-44
"4105","2867三商壽","110/08/13","群益金鼎-新竹",56,0,56
"4106","2867三商壽","110/08/13","亞東-板橋",0,36,-36
"4107","2867三商壽","110/08/13","元大-大統",53,0,53
"4108","2867三商壽","110/08/13","福邦證券",0,34,-34
"4109","2867三商壽","110/08/13","瑞士信貸",55,3,52
"4110","2867三商壽","110/08/13","元大-博愛",16,50,-34
"4111","5521工信","110/08/13","日進",100,0,100
"4112","5521工信","110/08/13","美林",1,87,-86
"4113","5521工信","110/08/13","摩根大通",180,102,78
"4114","5521工信","110/08/13","日盛-復興",1,70,-69
"4115","5521工信","110/08/13","元大-鳳山",30,0,30
"4116","5521工信","110/08/13","永豐金-鳳山",1,60,-59
"4117","5521工信","110/08/13","(牛牛牛)亞-鑫豐",28,2,26
"4118","5521工信","110/08/13","中國信託-三重",0,52,-52
"4119","5521工信","110/08/13","新光",24,0,24
"4120","5521工信","110/08/13","華南永昌-民權",0,50,-50
"4121","5521工信","110/08/13","華南永昌-彰化",21,0,21
"4122","5521工信","110/08/13","第一金-新竹",0,34,-34
"4123","5521工信","110/08/13","台灣企銀-建成",20,0,20
"4124","5521工信","110/08/13","凱基-台北",18,49,-31
"4125","5521工信","110/08/13","大昌",20,0,20
"4126","5521工信","110/08/13","元大-新莊",10,38,-28
"4127","5521工信","110/08/13","兆豐-中壢",20,0,20
"4128","5521工信","110/08/13","台灣摩根士丹利",2,28,-26
"4129","5521工信","110/08/13","國票-和平",20,0,20
"4130","5521工信","110/08/13","華南永昌",0,23,-23
"4131","5521工信","110/08/13","元大-基隆孝二",20,0,20
"4132","5521工信","110/08/13","統一-板橋",0,20,-20
"4133","5521工信","110/08/13","日盛-中和",19,0,19
"4134","5521工信","110/08/13","港商法國興業",0,17,-17
"4135","5521工信","110/08/13","兆豐-小港",19,0,19
"4136","5521工信","110/08/13","元大-府城",0,16,-16
"4137","5521工信","110/08/13","富邦-高雄",17,0,17
"4138","5521工信","110/08/13","元大-敦化",0,16,-16
"4139","5521工信","110/08/13","統一-員林",15,0,15
"4140","5521工信","110/08/13","新光-新竹",5,20,-15
"4141","1471首利","110/08/13","聯邦-高雄",42,0,42
"4142","1471首利","110/08/13","摩根大通",41,220,-179
"4143","1471首利","110/08/13","元大-西門",40,0,40
"4144","1471首利","110/08/13","元大-敦化",0,100,-100
"4145","1471首利","110/08/13","元大-大灣",37,0,37
"4146","1471首利","110/08/13","美林",0,69,-69
"4147","1471首利","110/08/13","第一金-台南",30,0,30
"4148","1471首利","110/08/13","瑞士信貸",5,65,-60
"4149","1471首利","110/08/13","元富-大昌",25,0,25
"4150","1471首利","110/08/13","美商高盛",0,51,-51
"4151","1471首利","110/08/13","大慶-中壢",20,0,20
"4152","1471首利","110/08/13","華南永昌-苗栗",5,30,-25
"4153","1471首利","110/08/13","凱基-台南",20,0,20
"4154","1471首利","110/08/13","玉山-台南",0,22,-22
"4155","1471首利","110/08/13","新光",19,0,19
"4156","1471首利","110/08/13","元富-民權",0,20,-20
"4157","1471首利","110/08/13","凱基-羅東",17,0,17
"4158","1471首利","110/08/13","中國信託",0,20,-20
"4159","1471首利","110/08/13","永豐金-台南",20,4,16
"4160","1471首利","110/08/13","凱基-五股",0,20,-20
"4161","1471首利","110/08/13","元大-屏東",14,0,14
"4162","1471首利","110/08/13","台灣摩根士丹利",0,17,-17
"4163","1471首利","110/08/13","新光-台中",16,4,12
"4164","1471首利","110/08/13","兆豐-員林",2,15,-13
"4165","1471首利","110/08/13","元大-頭份",12,0,12
"4166","1471首利","110/08/13","日盛-宜蘭",0,10,-10
"4167","1471首利","110/08/13","凱基-三重",11,0,11
"4168","1471首利","110/08/13","元富-緯城",1,10,-9
"4169","1471首利","110/08/13","日盛-鳳山",10,0,10
"4170","1471首利","110/08/13","國泰-台中",2,8,-6
"4171","2883開發金","110/08/13","凱基-台北",23196,4416,18780
"4172","2883開發金","110/08/13","永豐金-彰化",79,4793,-4714
"4173","2883開發金","110/08/13","摩根大通",24818,6057,18761
"4174","2883開發金","110/08/13","第一金-忠孝",55,4613,-4558
"4175","2883開發金","110/08/13","新加坡商瑞銀",6645,205,6440
"4176","2883開發金","110/08/13","台新證券",1316,5539,-4223
"4177","2883開發金","110/08/13","中國信託-文心",4723,123,4600
"4178","2883開發金","110/08/13","日盛證券",587,3754,-3167
"4179","2883開發金","110/08/13","美林",6276,1780,4496
"4180","2883開發金","110/08/13","群益金鼎-大甲",48,2429,-2381
"4181","2883開發金","110/08/13","國泰證券",3682,17,3665
"4182","2883開發金","110/08/13","永豐金證券",169,1849,-1680
"4183","2883開發金","110/08/13","台灣摩根士丹利",3927,582,3345
"4184","2883開發金","110/08/13","華南永昌-南京",169,1407,-1238
"4185","2883開發金","110/08/13","群益金鼎",2401,367,2034
"4186","2883開發金","110/08/13","凱基-台東",270,1494,-1224
"4187","2883開發金","110/08/13","香港上海匯豐",2006,0,2006
"4188","2883開發金","110/08/13","日盛-板橋",207,1398,-1191
"4189","2883開發金","110/08/13","兆豐證券",1776,128,1648
"4190","2883開發金","110/08/13","元大-萬華",78,1243,-1165
"4191","2883開發金","110/08/13","瑞士信貸",3551,2174,1377
"4192","2883開發金","110/08/13","富邦-台北",295,1428,-1133
"4193","2883開發金","110/08/13","港商野村",7299,6088,1211
"4194","2883開發金","110/08/13","元大-成功",216,1287,-1071
"4195","2883開發金","110/08/13","美商高盛",1016,0,1016
"4196","2883開發金","110/08/13","新光-台中",485,1519,-1034
"4197","2883開發金","110/08/13","元大-大灣",1183,214,969
"4198","2883開發金","110/08/13","國票",232,1261,-1029
"4199","2883開發金","110/08/13","花旗環球",1104,284,820
"4200","2883開發金","110/08/13","永豐金-桃園",141,1157,-1016
"4201","6205詮欣","110/08/13","合庫-三重",15,0,15
"4202","6205詮欣","110/08/13","摩根大通",3,17,-14
"4203","6205詮欣","110/08/13","港商法國興業",11,0,11
"4204","6205詮欣","110/08/13","元大-善化",0,10,-10
"4205","6205詮欣","110/08/13","臺銀-民權",7,0,7
"4206","6205詮欣","110/08/13","元大-台中中港",0,3,-3
"4207","6205詮欣","110/08/13","日盛-三重",5,0,5
"4208","6205詮欣","110/08/13","合庫-鳳山",0,2,-2
"4209","6205詮欣","110/08/13","群益金鼎-屏東",5,0,5
"4210","6205詮欣","110/08/13","元富-潮州",0,2,-2
"4211","6205詮欣","110/08/13","德信-新營",3,0,3
"4212","6205詮欣","110/08/13","兆豐-桃鶯",0,2,-2
"4213","6205詮欣","110/08/13","美林",2,0,2
"4214","6205詮欣","110/08/13","致和-台北",0,2,-2
"4215","6205詮欣","110/08/13","兆豐-西螺",1,0,1
"4216","6205詮欣","110/08/13","華南永昌-三重",0,2,-2
"4217","6205詮欣","110/08/13","新光-台中",1,0,1
"4218","6205詮欣","110/08/13","土銀-台中",0,1,-1
"4219","6205詮欣","110/08/13","聯邦-嘉義",1,0,1
"4220","6205詮欣","110/08/13","日盛-中壢",0,1,-1
"4221","6205詮欣","110/08/13","玉山-南京東路",1,0,1
"4222","6205詮欣","110/08/13","美商高盛",0,1,-1
"4223","6205詮欣","110/08/13","群益金鼎-中港",1,0,1
"4224","6205詮欣","110/08/13","大展-台南",0,1,-1
"4225","6205詮欣","110/08/13","凱基-大安",1,0,1
"4226","6205詮欣","110/08/13","第一金-彰化",0,1,-1
"4227","6205詮欣","110/08/13","元大-仁愛",1,0,1
"4228","6205詮欣","110/08/13","統一-三重",1,2,-1
"4229","6205詮欣","110/08/13","元大-台南",1,0,1
"4230","6205詮欣","110/08/13","元富-桃園",0,1,-1
"4231","1540喬福","110/08/13","元富-中原",100,0,100
"4232","1540喬福","110/08/13","日盛-文化",0,48,-48
"4233","1540喬福","110/08/13","台新-台中",31,0,31
"4234","1540喬福","110/08/13","凱基-台北",0,33,-33
"4235","1540喬福","110/08/13","兆豐-北高雄",18,0,18
"4236","1540喬福","110/08/13","元大-大安",0,32,-32
"4237","1540喬福","110/08/13","元大-土城永寧",11,0,11
"4238","1540喬福","110/08/13","合庫-台中",2,23,-21
"4239","1540喬福","110/08/13","(牛牛牛)亞-鑫豐",10,0,10
"4240","1540喬福","110/08/13","華南永昌-楠梓",0,20,-20
"4241","1540喬福","110/08/13","凱基-中壢",7,0,7
"4242","1540喬福","110/08/13","群益金鼎-館前",1,20,-19
"4243","1540喬福","110/08/13","安泰",5,0,5
"4244","1540喬福","110/08/13","富邦-花蓮",0,15,-15
"4245","1540喬福","110/08/13","群益金鼎-古亭",5,0,5
"4246","1540喬福","110/08/13","日盛-景美",0,10,-10
"4247","1540喬福","110/08/13","元富-緯城",4,0,4
"4248","1540喬福","110/08/13","台新-高雄",0,9,-9
"4249","1540喬福","110/08/13","兆豐-南京",4,0,4
"4250","1540喬福","110/08/13","玉山-大里",0,8,-8
"4251","1540喬福","110/08/13","凱基-台中",4,0,4
"4252","1540喬福","110/08/13","元大-斗信",0,8,-8
"4253","1540喬福","110/08/13","凱基-台南",5,1,4
"4254","1540喬福","110/08/13","新光-台南",0,6,-6
"4255","1540喬福","110/08/13","元大-龍潭",4,0,4
"4256","1540喬福","110/08/13","兆豐-板橋",0,5,-5
"4257","1540喬福","110/08/13","兆豐-高雄",3,0,3
"4258","1540喬福","110/08/13","富邦-彰化",0,5,-5
"4259","1540喬福","110/08/13","兆豐-鹿港",3,0,3
"4260","1540喬福","110/08/13","美林",0,4,-4
"4261","2888新光金","110/08/13","永豐金-天母",2112,0,2112
"4262","2888新光金","110/08/13","摩根大通",308,3587,-3279
"4263","2888新光金","110/08/13","合庫-西台中",2116,5,2111
"4264","2888新光金","110/08/13","玉山-嘉義",7,1514,-1507
"4265","2888新光金","110/08/13","統一-新竹",1706,0,1706
"4266","2888新光金","110/08/13","國票-台東",0,1500,-1500
"4267","2888新光金","110/08/13","凱基-台北",3076,1640,1436
"4268","2888新光金","110/08/13","台灣摩根士丹利",127,1148,-1021
"4269","2888新光金","110/08/13","元大證券",1418,10,1408
"4270","2888新光金","110/08/13","華南永昌-岡山",62,930,-868
"4271","2888新光金","110/08/13","康和",761,2,759
"4272","2888新光金","110/08/13","港商野村",47,827,-780
"4273","2888新光金","110/08/13","富邦-仁愛",739,52,687
"4274","2888新光金","110/08/13","美商高盛",697,1236,-539
"4275","2888新光金","110/08/13","新加坡商瑞銀",716,121,595
"4276","2888新光金","110/08/13","日盛-八德",88,572,-484
"4277","2888新光金","110/08/13","富邦-彰化",588,12,576
"4278","2888新光金","110/08/13","群益金鼎-三重",1,437,-436
"4279","2888新光金","110/08/13","玉山證券",558,12,546
"4280","2888新光金","110/08/13","永豐金-嘉義",52,472,-420
"4281","2888新光金","110/08/13","群益金鼎-瑞豐",550,10,540
"4282","2888新光金","110/08/13","元富-城東",7,390,-383
"4283","2888新光金","110/08/13","元大-三重",523,0,523
"4284","2888新光金","110/08/13","群益金鼎-高雄",6,387,-381
"4285","2888新光金","110/08/13","永豐金-博愛",420,27,393
"4286","2888新光金","110/08/13","凱基-宜蘭",9,379,-370
"4287","2888新光金","110/08/13","第一金-豐原",364,20,344
"4288","2888新光金","110/08/13","美林",938,1287,-349
"4289","2888新光金","110/08/13","國票-九鼎",317,3,314
"4290","2888新光金","110/08/13","華南永昌-台中",0,329,-329
"4291","1340勝悅","110/08/13","元富-成功",72,0,72
"4292","1340勝悅","110/08/13","元大-忠孝",0,36,-36
"4293","1340勝悅","110/08/13","元大-博愛",10,0,10
"4294","1340勝悅","110/08/13","新光",4,21,-17
"4295","1340勝悅","110/08/13","臺灣企銀-埔墘",5,0,5
"4296","1340勝悅","110/08/13","摩根大通",3,19,-16
"4297","1340勝悅","110/08/13","元大-新莊",5,0,5
"4298","1340勝悅","110/08/13","群益金鼎-三重",0,15,-15
"4299","1340勝悅","110/08/13","美商高盛",4,0,4
"4300","1340勝悅","110/08/13","日盛-永康",0,10,-10
"4301","1340勝悅","110/08/13","國泰-敦南",6,2,4
"4302","1340勝悅","110/08/13","華南永昌-合泰",0,10,-10
"4303","1340勝悅","110/08/13","統一-城中",6,3,3
"4304","1340勝悅","110/08/13","日盛-木柵",0,8,-8
"4305","1340勝悅","110/08/13","元富-新店",3,0,3
"4306","1340勝悅","110/08/13","港商法國興業",0,6,-6
"4307","1340勝悅","110/08/13","玉山-士林",3,0,3
"4308","1340勝悅","110/08/13","群益金鼎-中港",0,5,-5
"4309","1340勝悅","110/08/13","群益金鼎-館前",4,1,3
"4310","1340勝悅","110/08/13","第一金-自由",0,4,-4
"4311","1340勝悅","110/08/13","元富-安南",2,0,2
"4312","1340勝悅","110/08/13","兆豐-新營",0,4,-4
"4313","1340勝悅","110/08/13","大昌-樹林",2,0,2
"4314","1340勝悅","110/08/13","國泰-台中",1,5,-4
"4315","1340勝悅","110/08/13","群益金鼎",2,0,2
"4316","1340勝悅","110/08/13","元大-林園",0,4,-4
"4317","1340勝悅","110/08/13","群益金鼎-北高雄",2,0,2
"4318","1340勝悅","110/08/13","元大-四維",0,4,-4
"4319","1340勝悅","110/08/13","華南永昌",2,0,2
"4320","1340勝悅","110/08/13","美林",0,2,-2
"4321","6246臺龍","110/08/13","華南永昌-彰化",31,0,31
"4322","6246臺龍","110/08/13","永豐金-內湖",0,95,-95
"4323","6246臺龍","110/08/13","合庫-台中",23,0,23
"4324","6246臺龍","110/08/13","玉山-大里",0,21,-21
"4325","6246臺龍","110/08/13","兆豐-忠孝",24,3,21
"4326","6246臺龍","110/08/13","新光-新竹",0,20,-20
"4327","6246臺龍","110/08/13","元大-台北",16,0,16
"4328","6246臺龍","110/08/13","台新-台中",1,19,-18
"4329","6246臺龍","110/08/13","元大-新莊",11,1,10
"4330","6246臺龍","110/08/13","光和",2,17,-15
"4331","6246臺龍","110/08/13","德信-新營",9,0,9
"4332","6246臺龍","110/08/13","日盛-高雄",0,10,-10
"4333","6246臺龍","110/08/13","凱基-永和",9,0,9
"4334","6246臺龍","110/08/13","元富-世貿",0,10,-10
"4335","6246臺龍","110/08/13","港商野村",20,12,8
"4336","6246臺龍","110/08/13","(牛牛牛)亞-鑫豐",1,11,-10
"4337","6246臺龍","110/08/13","富邦-建國",8,0,8
"4338","6246臺龍","110/08/13","國泰-敦南",6,16,-10
"4339","6246臺龍","110/08/13","群益金鼎-開元",12,5,7
"4340","6246臺龍","110/08/13","永豐金-市政",1,10,-9
"4341","6246臺龍","110/08/13","群益金鼎-古亭",7,0,7
"4342","6246臺龍","110/08/13","華南永昌-嘉義",0,8,-8
"4343","6246臺龍","110/08/13","凱基-高美館",7,0,7
"4344","6246臺龍","110/08/13","富邦-敦南",4,11,-7
"4345","6246臺龍","110/08/13","元大-東蘆",10,3,7
"4346","6246臺龍","110/08/13","第一金-彰化",6,12,-6
"4347","6246臺龍","110/08/13","元大-金華",8,1,7
"4348","6246臺龍","110/08/13","新光-桃園",2,8,-6
"4349","6246臺龍","110/08/13","永豐金-松山",7,0,7
"4350","6246臺龍","110/08/13","凱基-竹科",0,6,-6
"4351","00715L期街口布蘭特正2","110/08/13","元大證券",6162,789,5373
"4352","00715L期街口布蘭特正2","110/08/13","元大-四維",2,1000,-998
"4353","00715L期街口布蘭特正2","110/08/13","元富",1528,0,1528
"4354","00715L期街口布蘭特正2","110/08/13","玉山-嘉義",20,1016,-996
"4355","00715L期街口布蘭特正2","110/08/13","合庫證券",1153,0,1153
"4356","00715L期街口布蘭特正2","110/08/13","群益金鼎-古亭",0,666,-666
"4357","00715L期街口布蘭特正2","110/08/13","富邦證券",1029,290,739
"4358","00715L期街口布蘭特正2","110/08/13","富邦-員林",9,489,-480
"4359","00715L期街口布蘭特正2","110/08/13","台新-台中",284,9,275
"4360","00715L期街口布蘭特正2","110/08/13","元大-嘉義",1,400,-399
"4361","00715L期街口布蘭特正2","110/08/13","兆豐-台中",238,0,238
"4362","00715L期街口布蘭特正2","110/08/13","臺銀-新竹",2,360,-358
"4363","00715L期街口布蘭特正2","110/08/13","統一-桃園",283,80,203
"4364","00715L期街口布蘭特正2","110/08/13","日盛-二林",0,300,-300
"4365","00715L期街口布蘭特正2","110/08/13","群益金鼎-屏東",200,0,200
"4366","00715L期街口布蘭特正2","110/08/13","群益金鼎-延平",100,400,-300
"4367","00715L期街口布蘭特正2","110/08/13","元富-虎尾",172,0,172
"4368","00715L期街口布蘭特正2","110/08/13","元大-中和",175,450,-275
"4369","00715L期街口布蘭特正2","110/08/13","凱基-五股",163,0,163
"4370","00715L期街口布蘭特正2","110/08/13","第一金-彰化",5,230,-225
"4371","00715L期街口布蘭特正2","110/08/13","國泰-台南",155,19,136
"4372","00715L期街口布蘭特正2","110/08/13","元大-大里",16,225,-209
"4373","00715L期街口布蘭特正2","110/08/13","永豐金證券",482,350,132
"4374","00715L期街口布蘭特正2","110/08/13","港商野村",7,212,-205
"4375","00715L期街口布蘭特正2","110/08/13","元大-內湖",110,0,110
"4376","00715L期街口布蘭特正2","110/08/13","合庫-新竹",1,199,-198
"4377","00715L期街口布蘭特正2","110/08/13","兆豐-嘉義",103,0,103
"4378","00715L期街口布蘭特正2","110/08/13","高橋",9,205,-196
"4379","00715L期街口布蘭特正2","110/08/13","群益金鼎-土城",100,0,100
"4380","00715L期街口布蘭特正2","110/08/13","國泰-敦南",78,271,-193
"4381","8941關中","110/08/13","宏遠-館前",3,0,3
"4382","8941關中","110/08/13","日盛-信義",0,2,-2
"4383","8941關中","110/08/13","國泰-忠孝",1,0,1
"4384","8941關中","110/08/13","宏遠-中和",0,1,-1
"4385","8941關中","110/08/13","康和-板橋",0,0,0
"4386","8941關中","110/08/13","康和-嘉義",0,1,-1
"4387","8941關中","110/08/13","富邦-左營",0,0,0
"4388","8941關中","110/08/13","康和-板橋",0,0,0
"4389","8941關中","110/08/13","元大-松江",0,0,0
"4390","8941關中","110/08/13","富邦-左營",0,0,0
"4391","8941關中","110/08/13","元大-淡水",0,0,0
"4392","8941關中","110/08/13","元大-松江",0,0,0
"4393","8941關中","110/08/13","",NA,NA,NA
"4394","8941關中","110/08/13","元大-淡水",0,0,0
"4395","8941關中","110/08/13","",NA,NA,NA
"4396","8941關中","110/08/13","",NA,NA,NA
"4397","8941關中","110/08/13","",NA,NA,NA
"4398","8941關中","110/08/13","",NA,NA,NA
"4399","8941關中","110/08/13","",NA,NA,NA
"4400","8941關中","110/08/13","",NA,NA,NA
"4401","8941關中","110/08/13","",NA,NA,NA
"4402","8941關中","110/08/13","",NA,NA,NA
"4403","8941關中","110/08/13","",NA,NA,NA
"4404","8941關中","110/08/13","",NA,NA,NA
"4405","8941關中","110/08/13","",NA,NA,NA
"4406","8941關中","110/08/13","",NA,NA,NA
"4407","8941關中","110/08/13","",NA,NA,NA
"4408","8941關中","110/08/13","",NA,NA,NA
"4409","8941關中","110/08/13","",NA,NA,NA
"4410","8941關中","110/08/13","",NA,NA,NA
"4411","8936國統","110/08/13","台新-高雄",127,0,127
"4412","8936國統","110/08/13","第一金-豐原",0,60,-60
"4413","8936國統","110/08/13","美林",84,18,66
"4414","8936國統","110/08/13","凱基-台北",1,50,-49
"4415","8936國統","110/08/13","摩根大通",40,14,26
"4416","8936國統","110/08/13","凱基-高美館",8,51,-43
"4417","8936國統","110/08/13","凱基-台南",23,0,23
"4418","8936國統","110/08/13","港商野村",8,39,-31
"4419","8936國統","110/08/13","第一金-路竹",20,0,20
"4420","8936國統","110/08/13","日盛-忠孝",0,25,-25
"4421","8936國統","110/08/13","元大-敦化",17,0,17
"4422","8936國統","110/08/13","群益金鼎-台中",0,20,-20
"4423","8936國統","110/08/13","新光-台中",22,6,16
"4424","8936國統","110/08/13","台新-台南",0,15,-15
"4425","8936國統","110/08/13","元大-文心",15,0,15
"4426","8936國統","110/08/13","元大-博愛",0,14,-14
"4427","8936國統","110/08/13","元大-敦南",14,0,14
"4428","8936國統","110/08/13","合庫-台南",0,10,-10
"4429","8936國統","110/08/13","日盛-北高雄",12,0,12
"4430","8936國統","110/08/13","新光-桃園",0,10,-10
"4431","8936國統","110/08/13","元大-西螺",10,0,10
"4432","8936國統","110/08/13","永豐金-南投",0,10,-10
"4433","8936國統","110/08/13","彰銀",8,0,8
"4434","8936國統","110/08/13","永豐金-竹科",0,10,-10
"4435","8936國統","110/08/13","元富-大昌",8,0,8
"4436","8936國統","110/08/13","富邦-竹北",0,8,-8
"4437","8936國統","110/08/13","富邦-南屯",10,2,8
"4438","8936國統","110/08/13","元大-大里德芳",5,13,-8
"4439","8936國統","110/08/13","元大-天母",7,0,7
"4440","8936國統","110/08/13","台新證券",0,7,-7
"4441","6226光鼎","110/08/13","國泰-敦南",676,469,207
"4442","6226光鼎","110/08/13","摩根大通",267,1531,-1264
"4443","6226光鼎","110/08/13","元富-新竹",163,19,144
"4444","6226光鼎","110/08/13","美商高盛",149,1352,-1203
"4445","6226光鼎","110/08/13","合庫-台中",461,334,127
"4446","6226光鼎","110/08/13","瑞士信貸",52,752,-700
"4447","6226光鼎","110/08/13","國泰-台中",734,609,125
"4448","6226光鼎","110/08/13","凱基-台北",84,488,-404
"4449","6226光鼎","110/08/13","元大-小港",198,88,110
"4450","6226光鼎","110/08/13","台新-中壢",2,226,-224
"4451","6226光鼎","110/08/13","凱基-永和",91,0,91
"4452","6226光鼎","110/08/13","元大-文心興安",44,216,-172
"4453","6226光鼎","110/08/13","元大-西螺",82,5,77
"4454","6226光鼎","110/08/13","美林",234,376,-142
"4455","6226光鼎","110/08/13","永豐金-南京",78,1,77
"4456","6226光鼎","110/08/13","凱基-嘉義",12,126,-114
"4457","6226光鼎","110/08/13","群益金鼎-萬華",78,9,69
"4458","6226光鼎","110/08/13","富邦-陽明",23,117,-94
"4459","6226光鼎","110/08/13","日盛-八德",63,1,62
"4460","6226光鼎","110/08/13","兆豐-大安",4,85,-81
"4461","6226光鼎","110/08/13","凱基-桃園",88,27,61
"4462","6226光鼎","110/08/13","永豐金-中盛",27,107,-80
"4463","6226光鼎","110/08/13","凱基-岡山",62,1,61
"4464","6226光鼎","110/08/13","元大證券",232,304,-72
"4465","6226光鼎","110/08/13","臺銀-鳳山",110,52,58
"4466","6226光鼎","110/08/13","凱基-台中",19,84,-65
"4467","6226光鼎","110/08/13","元大-板橋三民",114,56,58
"4468","6226光鼎","110/08/13","元大-士林",107,171,-64
"4469","6226光鼎","110/08/13","凱基-板橋",195,140,55
"4470","6226光鼎","110/08/13","富邦-高雄",15,69,-54
"4471","2363矽統","110/08/13","美商高盛",416,10,406
"4472","2363矽統","110/08/13","元大-佳里",319,1216,-897
"4473","2363矽統","110/08/13","土銀",374,14,360
"4474","2363矽統","110/08/13","瑞士信貸",0,836,-836
"4475","2363矽統","110/08/13","玉山-台中",289,18,271
"4476","2363矽統","110/08/13","永豐金-中正",22,676,-654
"4477","2363矽統","110/08/13","大展",244,10,234
"4478","2363矽統","110/08/13","台灣摩根士丹利",116,566,-450
"4479","2363矽統","110/08/13","永豐金-板盛",172,22,150
"4480","2363矽統","110/08/13","宏遠-桃園",11,359,-348
"4481","2363矽統","110/08/13","富邦-仁愛",198,49,149
"4482","2363矽統","110/08/13","國泰-敦南",671,911,-240
"4483","2363矽統","110/08/13","日盛-北高雄",206,85,121
"4484","2363矽統","110/08/13","元大證券",126,352,-226
"4485","2363矽統","110/08/13","台新-三民",163,55,108
"4486","2363矽統","110/08/13","花旗環球",0,223,-223
"4487","2363矽統","110/08/13","元富-新店",130,23,107
"4488","2363矽統","110/08/13","臺銀",48,259,-211
"4489","2363矽統","110/08/13","永豐金-桃盛",108,5,103
"4490","2363矽統","110/08/13","摩根大通",268,460,-192
"4491","2363矽統","110/08/13","元大-復北",129,28,101
"4492","2363矽統","110/08/13","國票",63,248,-185
"4493","2363矽統","110/08/13","台新-屏東",116,18,98
"4494","2363矽統","110/08/13","台新-高雄",91,263,-172
"4495","2363矽統","110/08/13","華南永昌-虎尾",180,87,93
"4496","2363矽統","110/08/13","合庫證券",18,177,-159
"4497","2363矽統","110/08/13","元大-板橋",101,10,91
"4498","2363矽統","110/08/13","第一金-華江",65,206,-141
"4499","2363矽統","110/08/13","新光",343,260,83
"4500","2363矽統","110/08/13","中國信託-忠孝",65,201,-136
"4501","8112至上","110/08/13","合庫證券",160,5,155
"4502","8112至上","110/08/13","摩根大通",123,818,-695
"4503","8112至上","110/08/13","凱基-竹科",140,12,128
"4504","8112至上","110/08/13","美林",22,299,-277
"4505","8112至上","110/08/13","臺灣企銀-桃園",126,0,126
"4506","8112至上","110/08/13","第一金-華江",4,158,-154
"4507","8112至上","110/08/13","統一-中壢",79,1,78
"4508","8112至上","110/08/13","群益金鼎-基隆",1,117,-116
"4509","8112至上","110/08/13","港商麥格理",86,9,77
"4510","8112至上","110/08/13","新光-桃園",2,100,-98
"4511","8112至上","110/08/13","富邦-新竹",78,2,76
"4512","8112至上","110/08/13","永興-水湳",0,95,-95
"4513","8112至上","110/08/13","凱基-復興",67,0,67
"4514","8112至上","110/08/13","凱基-新店",50,141,-91
"4515","8112至上","110/08/13","合庫-西台中",62,2,60
"4516","8112至上","110/08/13","元富-新興",3,91,-88
"4517","8112至上","110/08/13","大慶",60,0,60
"4518","8112至上","110/08/13","凱基-台北",60,148,-88
"4519","8112至上","110/08/13","日盛-新竹",59,2,57
"4520","8112至上","110/08/13","國票-中和",4,90,-86
"4521","8112至上","110/08/13","元大-開元",53,0,53
"4522","8112至上","110/08/13","新加坡商瑞銀",5,88,-83
"4523","8112至上","110/08/13","富邦-中壢",51,4,47
"4524","8112至上","110/08/13","宏遠-民生",2,52,-50
"4525","8112至上","110/08/13","富邦-桃園",46,0,46
"4526","8112至上","110/08/13","群益金鼎-竹南",0,50,-50
"4527","8112至上","110/08/13","合庫-嘉義",44,0,44
"4528","8112至上","110/08/13","新百王",2,50,-48
"4529","8112至上","110/08/13","元大-府城",55,11,44
"4530","8112至上","110/08/13","港商野村",13,60,-47
"4531","1570力肯","110/08/13","新光",147,12,135
"4532","1570力肯","110/08/13","(牛牛牛)亞-鑫豐",15,136,-121
"4533","1570力肯","110/08/13","國票-北高雄",128,0,128
"4534","1570力肯","110/08/13","富邦-台中",0,51,-51
"4535","1570力肯","110/08/13","凱基-台北",80,24,56
"4536","1570力肯","110/08/13","日盛-頭份",0,50,-50
"4537","1570力肯","110/08/13","統一",54,0,54
"4538","1570力肯","110/08/13","元富-高雄",0,40,-40
"4539","1570力肯","110/08/13","國票-內壢",49,1,48
"4540","1570力肯","110/08/13","凱基-高美館",2,41,-39
"4541","1570力肯","110/08/13","美林",37,0,37
"4542","1570力肯","110/08/13","日盛-忠孝",0,38,-38
"4543","1570力肯","110/08/13","國票-天祥",45,8,37
"4544","1570力肯","110/08/13","元大-羅東",0,20,-20
"4545","1570力肯","110/08/13","摩根大通",67,45,22
"4546","1570力肯","110/08/13","元大-大天母",0,20,-20
"4547","1570力肯","110/08/13","永豐金-屏東",22,0,22
"4548","1570力肯","110/08/13","永豐金-嘉義",0,20,-20
"4549","1570力肯","110/08/13","元富-新店",20,0,20
"4550","1570力肯","110/08/13","國泰-敦南",2,20,-18
"4551","1570力肯","110/08/13","(牛牛牛)亞證券",20,0,20
"4552","1570力肯","110/08/13","元大-沙鹿",1,18,-17
"4553","1570力肯","110/08/13","凱基-台南",20,0,20
"4554","1570力肯","110/08/13","元大-林森",0,16,-16
"4555","1570力肯","110/08/13","元大-開元",20,0,20
"4556","1570力肯","110/08/13","永豐金-市政",1,16,-15
"4557","1570力肯","110/08/13","元大-花蓮",20,0,20
"4558","1570力肯","110/08/13","統一-三重",5,19,-14
"4559","1570力肯","110/08/13","元大-基隆",19,0,19
"4560","1570力肯","110/08/13","國泰-新莊",1,15,-14
"4561","2929淘帝","110/08/13","新光-新竹",488,287,201
"4562","2929淘帝","110/08/13","美林",17,84,-67
"4563","2929淘帝","110/08/13","元大-西門",38,1,37
"4564","2929淘帝","110/08/13","摩根大通",0,63,-63
"4565","2929淘帝","110/08/13","元富-文心",30,0,30
"4566","2929淘帝","110/08/13","港商野村",14,69,-55
"4567","2929淘帝","110/08/13","華南永昌-苗栗",30,0,30
"4568","2929淘帝","110/08/13","玉山-新竹",0,50,-50
"4569","2929淘帝","110/08/13","元大-豐原站前",31,1,30
"4570","2929淘帝","110/08/13","臺銀-新竹",0,30,-30
"4571","2929淘帝","110/08/13","元富-台南",22,0,22
"4572","2929淘帝","110/08/13","元富-三重",23,52,-29
"4573","2929淘帝","110/08/13","凱基-東門",20,0,20
"4574","2929淘帝","110/08/13","新加坡商瑞銀",18,41,-23
"4575","2929淘帝","110/08/13","永豐金-敦南",17,0,17
"4576","2929淘帝","110/08/13","兆豐-大同",0,21,-21
"4577","2929淘帝","110/08/13","新光",44,29,15
"4578","2929淘帝","110/08/13","美商高盛",0,20,-20
"4579","2929淘帝","110/08/13","元大-蘆洲",14,0,14
"4580","2929淘帝","110/08/13","台新-左楠",6,25,-19
"4581","2929淘帝","110/08/13","國票-博愛",12,0,12
"4582","2929淘帝","110/08/13","港商法國興業",0,14,-14
"4583","2929淘帝","110/08/13","合庫-自強",10,0,10
"4584","2929淘帝","110/08/13","台新證券",7,21,-14
"4585","2929淘帝","110/08/13","兆豐-桃園",10,0,10
"4586","2929淘帝","110/08/13","元大-館前",0,14,-14
"4587","2929淘帝","110/08/13","凱基-頭份",10,0,10
"4588","2929淘帝","110/08/13","亞東-新竹",0,13,-13
"4589","2929淘帝","110/08/13","華南永昌-大安",10,0,10
"4590","2929淘帝","110/08/13","元大-永和",7,20,-13
"4591","5410國眾","110/08/13","土銀-嘉義",21,0,21
"4592","5410國眾","110/08/13","國泰-敦南",20,102,-82
"4593","5410國眾","110/08/13","日盛-大墩",15,0,15
"4594","5410國眾","110/08/13","元大-大雅",0,64,-64
"4595","5410國眾","110/08/13","群益金鼎-民權",14,0,14
"4596","5410國眾","110/08/13","大昌-新店",0,37,-37
"4597","5410國眾","110/08/13","玉山-嘉義",12,0,12
"4598","5410國眾","110/08/13","陽信-石牌",0,33,-33
"4599","5410國眾","110/08/13","元大-新竹經國",12,0,12
"4600","5410國眾","110/08/13","摩根大通",0,26,-26
"4601","5410國眾","110/08/13","日盛-屏東",10,0,10
"4602","5410國眾","110/08/13","瑞士信貸",0,18,-18
"4603","5410國眾","110/08/13","富邦-竹北",10,0,10
"4604","5410國眾","110/08/13","元大-北投",8,22,-14
"4605","5410國眾","110/08/13","元富",10,1,9
"4606","5410國眾","110/08/13","合庫-台中",0,10,-10
"4607","5410國眾","110/08/13","凱基-八德",9,0,9
"4608","5410國眾","110/08/13","合庫-新竹",0,10,-10
"4609","5410國眾","110/08/13","富邦-台北",9,0,9
"4610","5410國眾","110/08/13","元大-善化",0,10,-10
"4611","5410國眾","110/08/13","富邦-新店",10,1,9
"4612","5410國眾","110/08/13","大昌",0,9,-9
"4613","5410國眾","110/08/13","元富-虎尾",8,0,8
"4614","5410國眾","110/08/13","兆豐-三重",0,9,-9
"4615","5410國眾","110/08/13","統一",7,0,7
"4616","5410國眾","110/08/13","新光",17,25,-8
"4617","5410國眾","110/08/13","日茂-南投",7,0,7
"4618","5410國眾","110/08/13","亞東-新竹",0,5,-5
"4619","5410國眾","110/08/13","元大-彰化",7,0,7
"4620","5410國眾","110/08/13","兆豐-桃鶯",0,5,-5
"4621","2841台開","110/08/13","宏遠-館前",181,0,181
"4622","2841台開","110/08/13","永豐金-內湖",0,77,-77
"4623","2841台開","110/08/13","日盛證券",70,1,69
"4624","2841台開","110/08/13","富邦-岡山",0,72,-72
"4625","2841台開","110/08/13","台新-三民",50,0,50
"4626","2841台開","110/08/13","永豐金-屏東",0,50,-50
"4627","2841台開","110/08/13","凱基-市政",18,0,18
"4628","2841台開","110/08/13","港商野村",0,38,-38
"4629","2841台開","110/08/13","新光",32,16,16
"4630","2841台開","110/08/13","元大-林園",0,30,-30
"4631","2841台開","110/08/13","兆豐-新營",15,0,15
"4632","2841台開","110/08/13","永豐金-敦南",13,42,-29
"4633","2841台開","110/08/13","日盛-內湖",12,0,12
"4634","2841台開","110/08/13","臺銀-民權",0,20,-20
"4635","2841台開","110/08/13","群益金鼎-基隆",11,0,11
"4636","2841台開","110/08/13","元大-崇德",0,19,-19
"4637","2841台開","110/08/13","富邦-台北",10,0,10
"4638","2841台開","110/08/13","日盛-中壢",0,18,-18
"4639","2841台開","110/08/13","元大-歸仁",10,0,10
"4640","2841台開","110/08/13","兆豐-板橋",0,10,-10
"4641","2841台開","110/08/13","凱基-台北",9,2,7
"4642","2841台開","110/08/13","豐農",0,10,-10
"4643","2841台開","110/08/13","元大-福營",10,3,7
"4644","2841台開","110/08/13","元大-北三重",0,10,-10
"4645","2841台開","110/08/13","元富-文心",5,0,5
"4646","2841台開","110/08/13","台新證券",6,13,-7
"4647","2841台開","110/08/13","凱基-東港",5,0,5
"4648","2841台開","110/08/13","光和-嘉義",0,6,-6
"4649","2841台開","110/08/13","元富-成功",3,0,3
"4650","2841台開","110/08/13","中國信託-高雄",0,5,-5
"4651","6207雷科","110/08/13","安泰",51,0,51
"4652","6207雷科","110/08/13","摩根大通",12,80,-68
"4653","6207雷科","110/08/13","永豐金證券",34,0,34
"4654","6207雷科","110/08/13","美林",1,34,-33
"4655","6207雷科","110/08/13","元大-潮州",32,0,32
"4656","6207雷科","110/08/13","新加坡商瑞銀",18,45,-27
"4657","6207雷科","110/08/13","元大-六合",30,0,30
"4658","6207雷科","110/08/13","凱基-復興",0,20,-20
"4659","6207雷科","110/08/13","富邦-中壢",20,0,20
"4660","6207雷科","110/08/13","凱基-台北",15,31,-16
"4661","6207雷科","110/08/13","統一-台中",10,0,10
"4662","6207雷科","110/08/13","港商野村",1,13,-12
"4663","6207雷科","110/08/13","凱基-岡山",10,0,10
"4664","6207雷科","110/08/13","群益金鼎-東門",0,12,-12
"4665","6207雷科","110/08/13","元大-東門",10,0,10
"4666","6207雷科","110/08/13","凱基-三峽",4,15,-11
"4667","6207雷科","110/08/13","元大-大天母",13,3,10
"4668","6207雷科","110/08/13","兆豐-公益",0,9,-9
"4669","6207雷科","110/08/13","元大-路竹",8,0,8
"4670","6207雷科","110/08/13","元大-鳳山",0,8,-8
"4671","6207雷科","110/08/13","富邦-敦南",7,0,7
"4672","6207雷科","110/08/13","合庫-鳳山",0,6,-6
"4673","6207雷科","110/08/13","兆豐-彰化",6,0,6
"4674","6207雷科","110/08/13","凱基-三重",0,6,-6
"4675","6207雷科","110/08/13","群益金鼎-土城",6,0,6
"4676","6207雷科","110/08/13","凱基-幸福",0,6,-6
"4677","6207雷科","110/08/13","玉山-台南",5,0,5
"4678","6207雷科","110/08/13","富邦-基隆",0,6,-6
"4679","6207雷科","110/08/13","凱基-湖口",5,0,5
"4680","6207雷科","110/08/13","元大-清水",0,6,-6
"4681","3679新至陞","110/08/13","元大-大天母",20,0,20
"4682","3679新至陞","110/08/13","摩根大通",2,27,-25
"4683","3679新至陞","110/08/13","台灣摩根士丹利",12,0,12
"4684","3679新至陞","110/08/13","瑞士信貸",1,16,-15
"4685","3679新至陞","110/08/13","元大-成功",10,0,10
"4686","3679新至陞","110/08/13","美林",0,10,-10
"4687","3679新至陞","110/08/13","兆豐-高雄",9,0,9
"4688","3679新至陞","110/08/13","凱基-台北",11,16,-5
"4689","3679新至陞","110/08/13","國泰-松江",4,0,4
"4690","3679新至陞","110/08/13","元大-東蘆",0,5,-5
"4691","3679新至陞","110/08/13","元大-大同",3,0,3
"4692","3679新至陞","110/08/13","元大-北成功",0,4,-4
"4693","3679新至陞","110/08/13","合庫-台中",2,0,2
"4694","3679新至陞","110/08/13","富邦-中壢",0,3,-3
"4695","3679新至陞","110/08/13","台中銀-員林",2,0,2
"4696","3679新至陞","110/08/13","彰銀",0,2,-2
"4697","3679新至陞","110/08/13","康和-板橋",2,0,2
"4698","3679新至陞","110/08/13","凱基-大安",0,2,-2
"4699","3679新至陞","110/08/13","新光-高雄",2,0,2
"4700","3679新至陞","110/08/13","華南永昌-鶯歌",0,2,-2
"4701","3679新至陞","110/08/13","凱基-文心",5,3,2
"4702","3679新至陞","110/08/13","富邦-仁愛",0,2,-2
"4703","3679新至陞","110/08/13","元大-景美",2,0,2
"4704","3679新至陞","110/08/13","元大證券",1,3,-2
"4705","3679新至陞","110/08/13","元大-土城永寧",2,0,2
"4706","3679新至陞","110/08/13","元大-土城",0,2,-2
"4707","3679新至陞","110/08/13","美商高盛",1,0,1
"4708","3679新至陞","110/08/13","台灣企銀-民雄",0,1,-1
"4709","3679新至陞","110/08/13","台新證券",1,0,1
"4710","3679新至陞","110/08/13","日盛證券",0,1,-1
"4711","2727王品","110/08/13","新光",27,6,21
"4712","2727王品","110/08/13","摩根大通",1,53,-52
"4713","2727王品","110/08/13","大慶-富順",20,0,20
"4714","2727王品","110/08/13","土銀-南港",0,40,-40
"4715","2727王品","110/08/13","兆豐-東門",17,0,17
"4716","2727王品","110/08/13","港商麥格理",0,24,-24
"4717","2727王品","110/08/13","新光-台中",19,2,17
"4718","2727王品","110/08/13","新加坡商瑞銀",0,21,-21
"4719","2727王品","110/08/13","元大-竹科",11,0,11
"4720","2727王品","110/08/13","康和-台南",1,22,-21
"4721","2727王品","110/08/13","日盛-屏東",10,0,10
"4722","2727王品","110/08/13","富邦-員林",0,17,-17
"4723","2727王品","110/08/13","彰銀-七賢",10,0,10
"4724","2727王品","110/08/13","港商野村",3,18,-15
"4725","2727王品","110/08/13","玉山-大里",10,0,10
"4726","2727王品","110/08/13","富邦-新營",0,15,-15
"4727","2727王品","110/08/13","富邦-台中",12,2,10
"4728","2727王品","110/08/13","台灣企銀-竹北",3,17,-14
"4729","2727王品","110/08/13","國泰-敦南",15,6,9
"4730","2727王品","110/08/13","國泰-板橋",3,17,-14
"4731","2727王品","110/08/13","臺銀",9,1,8
"4732","2727王品","110/08/13","凱基-板橋",0,13,-13
"4733","2727王品","110/08/13","元大-台中",8,0,8
"4734","2727王品","110/08/13","日盛-中和",1,13,-12
"4735","2727王品","110/08/13","國泰-台中",11,4,7
"4736","2727王品","110/08/13","第一金-新竹",1,12,-11
"4737","2727王品","110/08/13","永豐金-彰化",7,0,7
"4738","2727王品","110/08/13","統一",1,12,-11
"4739","2727王品","110/08/13","新光-桃園",6,0,6
"4740","2727王品","110/08/13","統一-竹南",0,10,-10
"4741","1570力肯","110/08/13","新光",147,12,135
"4742","1570力肯","110/08/13","(牛牛牛)亞-鑫豐",15,136,-121
"4743","1570力肯","110/08/13","國票-北高雄",128,0,128
"4744","1570力肯","110/08/13","富邦-台中",0,51,-51
"4745","1570力肯","110/08/13","凱基-台北",80,24,56
"4746","1570力肯","110/08/13","日盛-頭份",0,50,-50
"4747","1570力肯","110/08/13","統一",54,0,54
"4748","1570力肯","110/08/13","元富-高雄",0,40,-40
"4749","1570力肯","110/08/13","國票-內壢",49,1,48
"4750","1570力肯","110/08/13","凱基-高美館",2,41,-39
"4751","1570力肯","110/08/13","美林",37,0,37
"4752","1570力肯","110/08/13","日盛-忠孝",0,38,-38
"4753","1570力肯","110/08/13","國票-天祥",45,8,37
"4754","1570力肯","110/08/13","元大-羅東",0,20,-20
"4755","1570力肯","110/08/13","摩根大通",67,45,22
"4756","1570力肯","110/08/13","元大-大天母",0,20,-20
"4757","1570力肯","110/08/13","永豐金-屏東",22,0,22
"4758","1570力肯","110/08/13","永豐金-嘉義",0,20,-20
"4759","1570力肯","110/08/13","元富-新店",20,0,20
"4760","1570力肯","110/08/13","國泰-敦南",2,20,-18
"4761","1570力肯","110/08/13","(牛牛牛)亞證券",20,0,20
"4762","1570力肯","110/08/13","元大-沙鹿",1,18,-17
"4763","1570力肯","110/08/13","凱基-台南",20,0,20
"4764","1570力肯","110/08/13","元大-林森",0,16,-16
"4765","1570力肯","110/08/13","元大-開元",20,0,20
"4766","1570力肯","110/08/13","永豐金-市政",1,16,-15
"4767","1570力肯","110/08/13","元大-花蓮",20,0,20
"4768","1570力肯","110/08/13","統一-三重",5,19,-14
"4769","1570力肯","110/08/13","元大-基隆",19,0,19
"4770","1570力肯","110/08/13","國泰-新莊",1,15,-14
"4771","6180橘子","110/08/13","美商高盛",48,0,48
"4772","6180橘子","110/08/13","玉山-桃園",1,30,-29
"4773","6180橘子","110/08/13","美林",37,0,37
"4774","6180橘子","110/08/13","元大-成功",0,22,-22
"4775","6180橘子","110/08/13","凱基-台北",17,1,16
"4776","6180橘子","110/08/13","群益金鼎",0,11,-11
"4777","6180橘子","110/08/13","台新證券",15,1,14
"4778","6180橘子","110/08/13","亞東-高雄",0,10,-10
"4779","6180橘子","110/08/13","台灣摩根士丹利",13,0,13
"4780","6180橘子","110/08/13","元大-北港",0,10,-10
"4781","6180橘子","110/08/13","元大-北投",11,0,11
"4782","6180橘子","110/08/13","統一-彰化",3,10,-7
"4783","6180橘子","110/08/13","合庫-自強",10,0,10
"4784","6180橘子","110/08/13","摩根大通",6,13,-7
"4785","6180橘子","110/08/13","統一-台南",10,0,10
"4786","6180橘子","110/08/13","群益金鼎-中山",1,8,-7
"4787","6180橘子","110/08/13","兆豐-台中",10,0,10
"4788","6180橘子","110/08/13","元大-敦南",0,7,-7
"4789","6180橘子","110/08/13","群益金鼎-台中",10,0,10
"4790","6180橘子","110/08/13","國泰-板橋",0,6,-6
"4791","6180橘子","110/08/13","康和-台中",6,0,6
"4792","6180橘子","110/08/13","富邦-宜蘭",0,6,-6
"4793","6180橘子","110/08/13","凱基-汐止",5,0,5
"4794","6180橘子","110/08/13","元大-台北",0,6,-6
"4795","6180橘子","110/08/13","日盛-景美",6,2,4
"4796","6180橘子","110/08/13","永豐金-板橋",0,6,-6
"4797","6180橘子","110/08/13","新光-台中",4,0,4
"4798","6180橘子","110/08/13","亞東",0,5,-5
"4799","6180橘子","110/08/13","國泰-敦南",4,0,4
"4800","6180橘子","110/08/13","兆豐-竹北",0,5,-5
"4801","2390云辰","110/08/13","摩根大通",643,393,250
"4802","2390云辰","110/08/13","元大-信義",0,202,-202
"4803","2390云辰","110/08/13","美商高盛",269,138,131
"4804","2390云辰","110/08/13","美林",169,289,-120
"4805","2390云辰","110/08/13","凱基-台北",418,293,125
"4806","2390云辰","110/08/13","元大-東港",9,102,-93
"4807","2390云辰","110/08/13","元富-板橋",94,13,81
"4808","2390云辰","110/08/13","元富-高雄",17,94,-77
"4809","2390云辰","110/08/13","土銀-士林",78,0,78
"4810","2390云辰","110/08/13","凱基-竹科",5,76,-71
"4811","2390云辰","110/08/13","元大-前金",92,16,76
"4812","2390云辰","110/08/13","國票-博愛",40,107,-67
"4813","2390云辰","110/08/13","台新-台中",89,24,65
"4814","2390云辰","110/08/13","群益金鼎-開元",26,90,-64
"4815","2390云辰","110/08/13","光和-嘉義",73,10,63
"4816","2390云辰","110/08/13","新加坡商瑞銀",4,61,-57
"4817","2390云辰","110/08/13","富邦-敦南",59,0,59
"4818","2390云辰","110/08/13","港商野村",277,333,-56
"4819","2390云辰","110/08/13","富邦-彰化",69,11,58
"4820","2390云辰","110/08/13","新光",144,197,-53
"4821","2390云辰","110/08/13","元大-草屯",75,17,58
"4822","2390云辰","110/08/13","統一",23,75,-52
"4823","2390云辰","110/08/13","光和-溪湖",54,1,53
"4824","2390云辰","110/08/13","元大-林園",0,51,-51
"4825","2390云辰","110/08/13","元大-土城學府",263,210,53
"4826","2390云辰","110/08/13","富邦-新營",1,48,-47
"4827","2390云辰","110/08/13","元大-文心興安",64,11,53
"4828","2390云辰","110/08/13","元大-新莊",33,80,-47
"4829","2390云辰","110/08/13","國泰-忠孝",50,0,50
"4830","2390云辰","110/08/13","日盛-園區",10,55,-45
"4831","2867三商壽","110/08/12","新光",292,1,291
"4832","2867三商壽","110/08/12","摩根大通",53,266,-213
"4833","2867三商壽","110/08/12","元大-土城永寧",200,0,200
"4834","2867三商壽","110/08/12","元大-崇德",3,201,-198
"4835","2867三商壽","110/08/12","合庫證券",100,0,100
"4836","2867三商壽","110/08/12","美商高盛",31,159,-128
"4837","2867三商壽","110/08/12","土銀",100,0,100
"4838","2867三商壽","110/08/12","富邦證券",0,120,-120
"4839","2867三商壽","110/08/12","臺銀-臺南",100,0,100
"4840","2867三商壽","110/08/12","凱基-信義",0,117,-117
"4841","2867三商壽","110/08/12","元富-古亭",100,0,100
"4842","2867三商壽","110/08/12","凱基-台北",2,113,-111
"4843","2867三商壽","110/08/12","元大-新莊",100,0,100
"4844","2867三商壽","110/08/12","凱基-虎尾",0,100,-100
"4845","2867三商壽","110/08/12","凱基",97,0,97
"4846","2867三商壽","110/08/12","元大-南投",0,92,-92
"4847","2867三商壽","110/08/12","元大-桃園",60,0,60
"4848","2867三商壽","110/08/12","台灣摩根士丹利",0,70,-70
"4849","2867三商壽","110/08/12","合庫-西台中",51,0,51
"4850","2867三商壽","110/08/12","美林",8,72,-64
"4851","2867三商壽","110/08/12","華南永昌-鳳山",51,1,50
"4852","2867三商壽","110/08/12","新加坡商瑞銀",0,61,-61
"4853","2867三商壽","110/08/12","元大-沙鹿",39,0,39
"4854","2867三商壽","110/08/12","群益金鼎-台北",0,60,-60
"4855","2867三商壽","110/08/12","光和",30,0,30
"4856","2867三商壽","110/08/12","富邦-宜蘭",0,50,-50
"4857","2867三商壽","110/08/12","元大-龍潭",30,0,30
"4858","2867三商壽","110/08/12","元大-旗山",0,50,-50
"4859","2867三商壽","110/08/12","永豐金-員林",30,0,30
"4860","2867三商壽","110/08/12","元富-吉利",0,27,-27
"4861","5521工信","110/08/12","日進",900,0,900
"4862","5521工信","110/08/12","永豐金證券",14,200,-186
"4863","5521工信","110/08/12","摩根大通",678,57,621
"4864","5521工信","110/08/12","富邦-中壢",2,112,-110
"4865","5521工信","110/08/12","國票-安和",254,20,234
"4866","5521工信","110/08/12","中國信託-嘉義",0,100,-100
"4867","5521工信","110/08/12","凱基-台北",194,46,148
"4868","5521工信","110/08/12","元大-南屯",0,58,-58
"4869","5521工信","110/08/12","日盛-中和",103,10,93
"4870","5521工信","110/08/12","凱基-中壢",0,55,-55
"4871","5521工信","110/08/12","新光-新竹",80,5,75
"4872","5521工信","110/08/12","(牛牛牛)亞-鑫豐",1,52,-51
"4873","5521工信","110/08/12","美林",69,10,59
"4874","5521工信","110/08/12","台新證券",1,51,-50
"4875","5521工信","110/08/12","富邦-台北",69,20,49
"4876","5521工信","110/08/12","群益金鼎-崇德",0,48,-48
"4877","5521工信","110/08/12","新光-台南",37,0,37
"4878","5521工信","110/08/12","康和-內湖",0,46,-46
"4879","5521工信","110/08/12","永豐金-鳳山",32,0,32
"4880","5521工信","110/08/12","日盛-新莊",0,45,-45
"4881","5521工信","110/08/12","第一金-台南",67,42,25
"4882","5521工信","110/08/12","元大-旗山",1,46,-45
"4883","5521工信","110/08/12","台灣企銀-台中",20,0,20
"4884","5521工信","110/08/12","元大-內湖",0,45,-45
"4885","5521工信","110/08/12","康和-澎湖",20,0,20
"4886","5521工信","110/08/12","日盛-高雄",0,42,-42
"4887","5521工信","110/08/12","凱基-三多",20,0,20
"4888","5521工信","110/08/12","元大-大同",0,42,-42
"4889","5521工信","110/08/12","元大-仁愛",20,0,20
"4890","5521工信","110/08/12","第一金-新竹",0,40,-40
"4891","1471首利","110/08/12","摩根大通",190,21,169
"4892","1471首利","110/08/12","光和-溪湖",0,75,-75
"4893","1471首利","110/08/12","元大-敦化",100,0,100
"4894","1471首利","110/08/12","富邦-基隆",2,41,-39
"4895","1471首利","110/08/12","瑞士信貸",86,0,86
"4896","1471首利","110/08/12","凱基-台南",0,30,-30
"4897","1471首利","110/08/12","美商高盛",51,0,51
"4898","1471首利","110/08/12","元富-民權",0,29,-29
"4899","1471首利","110/08/12","美林",49,0,49
"4900","1471首利","110/08/12","凱基-東門",0,24,-24
"4901","1471首利","110/08/12","國票-北高雄",20,0,20
"4902","1471首利","110/08/12","永興-大墩",0,20,-20
"4903","1471首利","110/08/12","凱基-五股",20,0,20
"4904","1471首利","110/08/12","元大-土城",1,21,-20
"4905","1471首利","110/08/12","永豐金-中壢",20,0,20
"4906","1471首利","110/08/12","凱基-內埔",1,20,-19
"4907","1471首利","110/08/12","凱基-台北",16,0,16
"4908","1471首利","110/08/12","中國信託",0,17,-17
"4909","1471首利","110/08/12","台新證券",16,3,13
"4910","1471首利","110/08/12","華南永昌-中正",2,19,-17
"4911","1471首利","110/08/12","兆豐-員林",15,3,12
"4912","1471首利","110/08/12","中國信託-文心",0,16,-16
"4913","1471首利","110/08/12","中國信託-永康",10,0,10
"4914","1471首利","110/08/12","兆豐-台南",1,17,-16
"4915","1471首利","110/08/12","華南永昌-麻豆",11,1,10
"4916","1471首利","110/08/12","凱基-新豐",0,15,-15
"4917","1471首利","110/08/12","元大-新營",10,0,10
"4918","1471首利","110/08/12","永豐金-新莊",0,15,-15
"4919","1471首利","110/08/12","新加坡商瑞銀",6,0,6
"4920","1471首利","110/08/12","凱基-彰化",6,20,-14
"4921","2883開發金","110/08/12","美林",2636,759,1877
"4922","2883開發金","110/08/12","摩根大通",28,5087,-5059
"4923","2883開發金","110/08/12","華南永昌",889,3,886
"4924","2883開發金","110/08/12","新加坡商瑞銀",111,2619,-2508
"4925","2883開發金","110/08/12","美商高盛",1037,275,762
"4926","2883開發金","110/08/12","富邦-彰化",7,809,-802
"4927","2883開發金","110/08/12","凱基-員林",600,0,600
"4928","2883開發金","110/08/12","瑞士信貸",773,1528,-755
"4929","2883開發金","110/08/12","日盛-中壢",532,9,523
"4930","2883開發金","110/08/12","港商野村",2,600,-598
"4931","2883開發金","110/08/12","元大證券",631,169,462
"4932","2883開發金","110/08/12","宏遠-民生",0,500,-500
"4933","2883開發金","110/08/12","玉山-高雄",457,5,452
"4934","2883開發金","110/08/12","元大-桃園",19,504,-485
"4935","2883開發金","110/08/12","元大-員林",435,0,435
"4936","2883開發金","110/08/12","台灣摩根士丹利",1506,1983,-477
"4937","2883開發金","110/08/12","永豐金-高雄",343,20,323
"4938","2883開發金","110/08/12","永豐金-台南",29,495,-466
"4939","2883開發金","110/08/12","日盛-大墩",321,0,321
"4940","2883開發金","110/08/12","元大-斗六",4,457,-453
"4941","2883開發金","110/08/12","台新-三民",338,19,319
"4942","2883開發金","110/08/12","群益金鼎-桃園",36,314,-278
"4943","2883開發金","110/08/12","國泰-敦南",468,170,298
"4944","2883開發金","110/08/12","群益金鼎-開元",15,221,-206
"4945","2883開發金","110/08/12","兆豐-北高雄",258,6,252
"4946","2883開發金","110/08/12","土銀-台中",1,202,-201
"4947","2883開發金","110/08/12","安泰",272,53,219
"4948","2883開發金","110/08/12","凱基-台中",12,204,-192
"4949","2883開發金","110/08/12","群益金鼎-彰化",218,4,214
"4950","2883開發金","110/08/12","永豐金-中盛",55,246,-191
"4951","6205詮欣","110/08/12","元大-新竹經國",12,0,12
"4952","6205詮欣","110/08/12","元大-善化",0,20,-20
"4953","6205詮欣","110/08/12","臺銀-民權",8,0,8
"4954","6205詮欣","110/08/12","瑞士信貸",0,4,-4
"4955","6205詮欣","110/08/12","聯邦-嘉義",5,0,5
"4956","6205詮欣","110/08/12","群益金鼎-板橋",0,4,-4
"4957","6205詮欣","110/08/12","中國信託-三重",3,0,3
"4958","6205詮欣","110/08/12","元大-屏東民生",0,4,-4
"4959","6205詮欣","110/08/12","德信-新營",3,0,3
"4960","6205詮欣","110/08/12","臺銀-高雄",0,3,-3
"4961","6205詮欣","110/08/12","合庫-彰化",2,0,2
"4962","6205詮欣","110/08/12","凱基-南崁",0,3,-3
"4963","6205詮欣","110/08/12","新光-台南",2,0,2
"4964","6205詮欣","110/08/12","元大-華山",0,3,-3
"4965","6205詮欣","110/08/12","玉山-雙和",2,0,2
"4966","6205詮欣","110/08/12","摩根大通",0,2,-2
"4967","6205詮欣","110/08/12","元大-南投",2,0,2
"4968","6205詮欣","110/08/12","兆豐-新營",0,1,-1
"4969","6205詮欣","110/08/12","統一-三重",1,0,1
"4970","6205詮欣","110/08/12","兆豐-中壢",0,1,-1
"4971","6205詮欣","110/08/12","元富-安南",1,0,1
"4972","6205詮欣","110/08/12","凱基-台北",0,1,-1
"4973","6205詮欣","110/08/12","豐農",1,0,1
"4974","6205詮欣","110/08/12","凱基-竹科",0,1,-1
"4975","6205詮欣","110/08/12","北城證券",1,0,1
"4976","6205詮欣","110/08/12","富邦-高雄",0,1,-1
"4977","6205詮欣","110/08/12","玉山-嘉義",1,0,1
"4978","6205詮欣","110/08/12","元大-路竹",0,1,-1
"4979","6205詮欣","110/08/12","凱基-五股",1,0,1
"4980","6205詮欣","110/08/12","元大-屏南",0,1,-1
"4981","1540喬福","110/08/12","元富-中原",20,0,20
"4982","1540喬福","110/08/12","永豐金-豐原",0,64,-64
"4983","1540喬福","110/08/12","台中銀",17,0,17
"4984","1540喬福","110/08/12","統一-新台中",0,19,-19
"4985","1540喬福","110/08/12","凱基-中壢",11,0,11
"4986","1540喬福","110/08/12","凱基-興隆",0,7,-7
"4987","1540喬福","110/08/12","凱基-台中",8,0,8
"4988","1540喬福","110/08/12","玉山-城中",0,6,-6
"4989","1540喬福","110/08/12","亞東",5,0,5
"4990","1540喬福","110/08/12","富邦-台北",1,5,-4
"4991","1540喬福","110/08/12","群益金鼎-古亭",5,0,5
"4992","1540喬福","110/08/12","元大-左營",0,2,-2
"4993","1540喬福","110/08/12","美林",4,0,4
"4994","1540喬福","110/08/12","國泰-敦南",0,1,-1
"4995","1540喬福","110/08/12","兆豐-鹿港",4,0,4
"4996","1540喬福","110/08/12","凱基-基隆",0,1,-1
"4997","1540喬福","110/08/12","港商法國興業",3,0,3
"4998","1540喬福","110/08/12","凱基-大里",0,1,-1
"4999","1540喬福","110/08/12","凱基-苗栗",3,0,3
"5000","1540喬福","110/08/12","元富-中壢",0,0,0
"5001","1540喬福","110/08/12","國票-台中",2,0,2
"5002","1540喬福","110/08/12","凱基-竹北",0,0,0
"5003","1540喬福","110/08/12","兆豐-高雄",2,0,2
"5004","1540喬福","110/08/12","凱基-台北",1,1,0
"5005","1540喬福","110/08/12","元富-緯城",2,0,2
"5006","1540喬福","110/08/12","華南永昌-南京",0,0,0
"5007","1540喬福","110/08/12","華南永昌-台中",2,0,2
"5008","1540喬福","110/08/12","富邦-高雄",0,0,0
"5009","1540喬福","110/08/12","富邦-中壢",2,0,2
"5010","1540喬福","110/08/12","富邦-三重",0,0,0
"5011","2888新光金","110/08/12","群益金鼎-崇德",2118,3,2115
"5012","2888新光金","110/08/12","國票-台東",12,1903,-1891
"5013","2888新光金","110/08/12","國票-九鼎",2175,141,2034
"5014","2888新光金","110/08/12","永豐金-竹科",0,1186,-1186
"5015","2888新光金","110/08/12","元大-忠孝鼎富",986,4,982
"5016","2888新光金","110/08/12","群益金鼎-民權",1,1049,-1048
"5017","2888新光金","110/08/12","台灣摩根士丹利",992,319,673
"5018","2888新光金","110/08/12","凱基-台北",1172,2195,-1023
"5019","2888新光金","110/08/12","港商法國興業",670,0,670
"5020","2888新光金","110/08/12","摩根大通",829,1704,-875
"5021","2888新光金","110/08/12","富邦-內湖",605,0,605
"5022","2888新光金","110/08/12","美林",248,668,-420
"5023","2888新光金","110/08/12","華南永昌-台中",600,3,597
"5024","2888新光金","110/08/12","群益金鼎-鳳山",2,404,-402
"5025","2888新光金","110/08/12","元大-豐原站前",556,38,518
"5026","2888新光金","110/08/12","新加坡商瑞銀",470,857,-387
"5027","2888新光金","110/08/12","瑞士信貸",643,139,504
"5028","2888新光金","110/08/12","香港上海匯豐",22,270,-248
"5029","2888新光金","110/08/12","元大-永和",505,8,497
"5030","2888新光金","110/08/12","合庫證券",2,232,-230
"5031","2888新光金","110/08/12","法銀巴黎",498,9,489
"5032","2888新光金","110/08/12","元大-大同",0,214,-214
"5033","2888新光金","110/08/12","福邦-新竹",430,0,430
"5034","2888新光金","110/08/12","元富-文心",2,210,-208
"5035","2888新光金","110/08/12","凱基-鳳山",379,3,376
"5036","2888新光金","110/08/12","新光",154,346,-192
"5037","2888新光金","110/08/12","康和-內湖",306,7,299
"5038","2888新光金","110/08/12","元富-城東",28,215,-187
"5039","2888新光金","110/08/12","元大-樹林",300,10,290
"5040","2888新光金","110/08/12","富邦-彰化",23,201,-178
"5041","1340勝悅","110/08/12","國泰-台中",11,0,11
"5042","1340勝悅","110/08/12","中國信託",0,76,-76
"5043","1340勝悅","110/08/12","元大-博愛",10,0,10
"5044","1340勝悅","110/08/12","日盛-八德",0,14,-14
"5045","1340勝悅","110/08/12","凱基-台北",8,1,7
"5046","1340勝悅","110/08/12","摩根大通",3,13,-10
"5047","1340勝悅","110/08/12","臺灣企銀-埔墘",5,0,5
"5048","1340勝悅","110/08/12","日盛-木柵",0,7,-7
"5049","1340勝悅","110/08/12","第一金-新竹",5,0,5
"5050","1340勝悅","110/08/12","元大-路竹",0,7,-7
"5051","1340勝悅","110/08/12","元富-新興",5,0,5
"5052","1340勝悅","110/08/12","群益金鼎-內湖",0,4,-4
"5053","1340勝悅","110/08/12","兆豐-台南",5,0,5
"5054","1340勝悅","110/08/12","凱基-彰化",0,4,-4
"5055","1340勝悅","110/08/12","玉山-士林",5,0,5
"5056","1340勝悅","110/08/12","元大-大天母",0,3,-3
"5057","1340勝悅","110/08/12","華南永昌-新莊",5,0,5
"5058","1340勝悅","110/08/12","統一-城中",4,6,-2
"5059","1340勝悅","110/08/12","美商高盛",4,0,4
"5060","1340勝悅","110/08/12","兆豐-新竹",0,2,-2
"5061","1340勝悅","110/08/12","港商法國興業",3,0,3
"5062","1340勝悅","110/08/12","台新證券",0,2,-2
"5063","1340勝悅","110/08/12","台新-台中",3,0,3
"5064","1340勝悅","110/08/12","富邦-台南",0,2,-2
"5065","1340勝悅","110/08/12","玉山-台大",3,0,3
"5066","1340勝悅","110/08/12","元大-新營",0,2,-2
"5067","1340勝悅","110/08/12","國泰-高雄",3,0,3
"5068","1340勝悅","110/08/12","瑞士信貸",2,3,-1
"5069","1340勝悅","110/08/12","元大-竹南",3,0,3
"5070","1340勝悅","110/08/12","永豐金-中正",0,1,-1
"5071","6246臺龍","110/08/12","元大-南投",75,0,75
"5072","6246臺龍","110/08/12","統一-台中",0,58,-58
"5073","6246臺龍","110/08/12","元大-台北",32,0,32
"5074","6246臺龍","110/08/12","合庫-台中",1,41,-40
"5075","6246臺龍","110/08/12","元富-世貿",30,2,28
"5076","6246臺龍","110/08/12","凱基-市府",0,40,-40
"5077","6246臺龍","110/08/12","凱基-永和",25,0,25
"5078","6246臺龍","110/08/12","日盛-木柵",4,33,-29
"5079","6246臺龍","110/08/12","元富-新店",18,3,15
"5080","6246臺龍","110/08/12","凱基-台北",1,29,-28
"5081","6246臺龍","110/08/12","華南永昌-忠孝",12,0,12
"5082","6246臺龍","110/08/12","永豐金-內湖",2,30,-28
"5083","6246臺龍","110/08/12","永豐金-復興",12,0,12
"5084","6246臺龍","110/08/12","元大-中壢",23,44,-21
"5085","6246臺龍","110/08/12","富邦-敦南",11,0,11
"5086","6246臺龍","110/08/12","永全-南崁",0,20,-20
"5087","6246臺龍","110/08/12","元大證券",13,2,11
"5088","6246臺龍","110/08/12","國泰-敦南",7,27,-20
"5089","6246臺龍","110/08/12","大慶-蘆洲",10,0,10
"5090","6246臺龍","110/08/12","大昌",0,18,-18
"5091","6246臺龍","110/08/12","元大-新莊",10,0,10
"5092","6246臺龍","110/08/12","新光-台中",3,17,-14
"5093","6246臺龍","110/08/12","元大-林園",10,1,9
"5094","6246臺龍","110/08/12","元大-金門",3,16,-13
"5095","6246臺龍","110/08/12","元大-西屯",10,2,8
"5096","6246臺龍","110/08/12","永全",0,10,-10
"5097","6246臺龍","110/08/12","兆豐-公益",7,0,7
"5098","6246臺龍","110/08/12","元大-新店中正",0,10,-10
"5099","6246臺龍","110/08/12","群益金鼎-開元",7,0,7
"5100","6246臺龍","110/08/12","日盛-八德",0,8,-8
"5101","00715L期街口布蘭特正2","110/08/12","元大證券",13644,167,13477
"5102","00715L期街口布蘭特正2","110/08/12","元大-林森",0,780,-780
"5103","00715L期街口布蘭特正2","110/08/12","永豐金證券",2789,2,2787
"5104","00715L期街口布蘭特正2","110/08/12","台新-新營",12,600,-588
"5105","00715L期街口布蘭特正2","110/08/12","統一",2972,199,2773
"5106","00715L期街口布蘭特正2","110/08/12","台中銀",10,592,-582
"5107","00715L期街口布蘭特正2","110/08/12","元富",1524,5,1519
"5108","00715L期街口布蘭特正2","110/08/12","群益金鼎-屏東",0,575,-575
"5109","00715L期街口布蘭特正2","110/08/12","統一-嘉義",466,26,440
"5110","00715L期街口布蘭特正2","110/08/12","元大-北港",10,505,-495
"5111","00715L期街口布蘭特正2","110/08/12","群益金鼎-延平",300,4,296
"5112","00715L期街口布蘭特正2","110/08/12","兆豐-台中",0,476,-476
"5113","00715L期街口布蘭特正2","110/08/12","台新-三民",300,24,276
"5114","00715L期街口布蘭特正2","110/08/12","宏遠-桃園",0,438,-438
"5115","00715L期街口布蘭特正2","110/08/12","群益金鼎-瑞豐",210,14,196
"5116","00715L期街口布蘭特正2","110/08/12","台新-台中",65,474,-409
"5117","00715L期街口布蘭特正2","110/08/12","港商野村",320,140,180
"5118","00715L期街口布蘭特正2","110/08/12","元大-西螺",3,382,-379
"5119","00715L期街口布蘭特正2","110/08/12","台新-松江",200,35,165
"5120","00715L期街口布蘭特正2","110/08/12","凱基-城中",0,370,-370
"5121","00715L期街口布蘭特正2","110/08/12","合庫證券",121,0,121
"5122","00715L期街口布蘭特正2","110/08/12","元大-歸仁",20,384,-364
"5123","00715L期街口布蘭特正2","110/08/12","元大-旗山",120,1,119
"5124","00715L期街口布蘭特正2","110/08/12","群益金鼎-古亭",13,367,-354
"5125","00715L期街口布蘭特正2","110/08/12","富邦-員林",362,251,111
"5126","00715L期街口布蘭特正2","110/08/12","元大-竹科",6,327,-321
"5127","00715L期街口布蘭特正2","110/08/12","日盛-木柵",130,22,108
"5128","00715L期街口布蘭特正2","110/08/12","臺銀-新竹",0,320,-320
"5129","00715L期街口布蘭特正2","110/08/12","大慶-苗栗",107,2,105
"5130","00715L期街口布蘭特正2","110/08/12","統一-台中",7,325,-318
"5131","8941關中","110/08/12","元大-金華",1,0,1
"5132","8941關中","110/08/12","凱基-士林",0,2,-2
"5133","8941關中","110/08/12","元大-桃興",1,0,1
"5134","8941關中","110/08/12","(牛牛牛)亞-鑫豐",0,0,0
"5135","8941關中","110/08/12","(牛牛牛)亞-鑫豐",0,0,0
"5136","8941關中","110/08/12","台新-三民",0,0,0
"5137","8941關中","110/08/12","台新-三民",0,0,0
"5138","8941關中","110/08/12","國泰-忠孝",1,1,0
"5139","8941關中","110/08/12","國泰-忠孝",1,1,0
"5140","8941關中","110/08/12","凱基-市府",1,1,0
"5141","8941關中","110/08/12","凱基-市府",1,1,0
"5142","8941關中","110/08/12","",NA,NA,NA
"5143","8941關中","110/08/12","",NA,NA,NA
"5144","8941關中","110/08/12","",NA,NA,NA
"5145","8941關中","110/08/12","",NA,NA,NA
"5146","8941關中","110/08/12","",NA,NA,NA
"5147","8941關中","110/08/12","",NA,NA,NA
"5148","8941關中","110/08/12","",NA,NA,NA
"5149","8941關中","110/08/12","",NA,NA,NA
"5150","8941關中","110/08/12","",NA,NA,NA
"5151","8941關中","110/08/12","",NA,NA,NA
"5152","8941關中","110/08/12","",NA,NA,NA
"5153","8941關中","110/08/12","",NA,NA,NA
"5154","8941關中","110/08/12","",NA,NA,NA
"5155","8941關中","110/08/12","",NA,NA,NA
"5156","8941關中","110/08/12","",NA,NA,NA
"5157","8941關中","110/08/12","",NA,NA,NA
"5158","8941關中","110/08/12","",NA,NA,NA
"5159","8941關中","110/08/12","",NA,NA,NA
"5160","8941關中","110/08/12","",NA,NA,NA
"5161","8936國統","110/08/12","台新-高雄",410,32,378
"5162","8936國統","110/08/12","日盛-景美",0,70,-70
"5163","8936國統","110/08/12","元富-林園",65,0,65
"5164","8936國統","110/08/12","臺銀-金山",0,55,-55
"5165","8936國統","110/08/12","摩根大通",64,12,52
"5166","8936國統","110/08/12","元大-敦南",0,32,-32
"5167","8936國統","110/08/12","新加坡商瑞銀",53,31,22
"5168","8936國統","110/08/12","華南永昌-南京",0,30,-30
"5169","8936國統","110/08/12","元大-莒光",19,0,19
"5170","8936國統","110/08/12","玉山-台南",0,23,-23
"5171","8936國統","110/08/12","第一金-高雄",10,0,10
"5172","8936國統","110/08/12","兆豐-岡山",1,21,-20
"5173","8936國統","110/08/12","統一-高雄",10,0,10
"5174","8936國統","110/08/12","統一-新竹",0,14,-14
"5175","8936國統","110/08/12","元富-桃園",10,0,10
"5176","8936國統","110/08/12","國泰-敦南",1,14,-13
"5177","8936國統","110/08/12","台新-台南",10,0,10
"5178","8936國統","110/08/12","台灣摩根士丹利",2,14,-12
"5179","8936國統","110/08/12","元大-竹山",9,0,9
"5180","8936國統","110/08/12","凱基-台南",3,14,-11
"5181","8936國統","110/08/12","港商野村",15,8,7
"5182","8936國統","110/08/12","凱基-高美館",0,11,-11
"5183","8936國統","110/08/12","華南永昌-高雄",6,0,6
"5184","8936國統","110/08/12","元大-博愛",0,10,-10
"5185","8936國統","110/08/12","土銀-高雄",5,0,5
"5186","8936國統","110/08/12","第一金-新興",0,9,-9
"5187","8936國統","110/08/12","大昌-安康",5,0,5
"5188","8936國統","110/08/12","元大-沙鹿",0,9,-9
"5189","8936國統","110/08/12","兆豐-斗南",5,0,5
"5190","8936國統","110/08/12","元大-左營",3,12,-9
"5191","6226光鼎","110/08/12","摩根大通",1930,830,1100
"5192","6226光鼎","110/08/12","凱基-台北",224,675,-451
"5193","6226光鼎","110/08/12","第一金-大稻埕",418,0,418
"5194","6226光鼎","110/08/12","統一-高雄",1,353,-352
"5195","6226光鼎","110/08/12","台新-中壢",239,3,236
"5196","6226光鼎","110/08/12","美林",153,291,-138
"5197","6226光鼎","110/08/12","元大-文心興安",223,27,196
"5198","6226光鼎","110/08/12","大昌",88,225,-137
"5199","6226光鼎","110/08/12","富邦-陽明",112,9,103
"5200","6226光鼎","110/08/12","元大-土城永寧",3,126,-123
"5201","6226光鼎","110/08/12","華南永昌-高雄",96,13,83
"5202","6226光鼎","110/08/12","元大-北屯",16,107,-91
"5203","6226光鼎","110/08/12","永豐金-南投",95,13,82
"5204","6226光鼎","110/08/12","統一-板橋",0,88,-88
"5205","6226光鼎","110/08/12","永豐金-中盛",102,26,76
"5206","6226光鼎","110/08/12","群益金鼎-東大",5,91,-86
"5207","6226光鼎","110/08/12","元大證券",90,15,75
"5208","6226光鼎","110/08/12","富邦-南屯",40,111,-71
"5209","6226光鼎","110/08/12","元大-屏東民生",85,15,70
"5210","6226光鼎","110/08/12","新光",240,309,-69
"5211","6226光鼎","110/08/12","台灣摩根士丹利",93,32,61
"5212","6226光鼎","110/08/12","台新-高雄",75,143,-68
"5213","6226光鼎","110/08/12","富邦-高雄",121,66,55
"5214","6226光鼎","110/08/12","日盛證券",10,76,-66
"5215","6226光鼎","110/08/12","臺銀",106,54,52
"5216","6226光鼎","110/08/12","國泰-敦南",391,457,-66
"5217","6226光鼎","110/08/12","台灣企銀-三民",58,8,50
"5218","6226光鼎","110/08/12","富邦-台北",31,97,-66
"5219","6226光鼎","110/08/12","元大-新竹",250,200,50
"5220","6226光鼎","110/08/12","凱基-永和",30,91,-61
"5221","2363矽統","110/08/12","元大-佳里",810,33,777
"5222","2363矽統","110/08/12","凱基-台北",1783,3582,-1799
"5223","2363矽統","110/08/12","元大-大同",455,30,425
"5224","2363矽統","110/08/12","台灣摩根士丹利",0,959,-959
"5225","2363矽統","110/08/12","富邦-建國",503,100,403
"5226","2363矽統","110/08/12","華南永昌-斗六",90,1037,-947
"5227","2363矽統","110/08/12","北城證券",434,34,400
"5228","2363矽統","110/08/12","群益金鼎-敦南",27,331,-304
"5229","2363矽統","110/08/12","元大-開元",321,33,288
"5230","2363矽統","110/08/12","美商高盛",57,327,-270
"5231","2363矽統","110/08/12","台新-三民",287,84,203
"5232","2363矽統","110/08/12","大慶-蘆洲",26,233,-207
"5233","2363矽統","110/08/12","台中銀",157,23,134
"5234","2363矽統","110/08/12","新光-台南",130,324,-194
"5235","2363矽統","110/08/12","元大-新竹經國",152,21,131
"5236","2363矽統","110/08/12","美林",927,1076,-149
"5237","2363矽統","110/08/12","台新-高雄",449,322,127
"5238","2363矽統","110/08/12","華南永昌-頭份",187,328,-141
"5239","2363矽統","110/08/12","華南永昌",254,163,91
"5240","2363矽統","110/08/12","陽信-石牌",157,276,-119
"5241","2363矽統","110/08/12","凱基-城中",98,13,85
"5242","2363矽統","110/08/12","兆豐證券",0,104,-104
"5243","2363矽統","110/08/12","台中銀-台北",85,4,81
"5244","2363矽統","110/08/12","元大-忠孝鼎富",32,132,-100
"5245","2363矽統","110/08/12","元大-新莊",140,60,80
"5246","2363矽統","110/08/12","元大-鳳中",85,185,-100
"5247","2363矽統","110/08/12","玉山-台中",116,41,75
"5248","2363矽統","110/08/12","永豐金-桃盛",24,119,-95
"5249","2363矽統","110/08/12","元富-彰化",88,23,65
"5250","2363矽統","110/08/12","元大證券",51,145,-94
"5251","8112至上","110/08/12","摩根大通",1492,130,1362
"5252","8112至上","110/08/12","永豐金-台中",0,274,-274
"5253","8112至上","110/08/12","美林",712,13,699
"5254","8112至上","110/08/12","永豐金證券",8,272,-264
"5255","8112至上","110/08/12","台灣摩根士丹利",696,41,655
"5256","8112至上","110/08/12","群益金鼎-基隆",0,249,-249
"5257","8112至上","110/08/12","凱基-台北",582,82,500
"5258","8112至上","110/08/12","國票-長城",2,228,-226
"5259","8112至上","110/08/12","新加坡商瑞銀",359,18,341
"5260","8112至上","110/08/12","新光-新竹",19,208,-189
"5261","8112至上","110/08/12","花旗環球",266,0,266
"5262","8112至上","110/08/12","玉山-嘉義",20,168,-148
"5263","8112至上","110/08/12","富邦-仁愛",231,25,206
"5264","8112至上","110/08/12","元大-高雄",0,131,-131
"5265","8112至上","110/08/12","美商高盛",190,3,187
"5266","8112至上","110/08/12","臺灣企銀-桃園",128,251,-123
"5267","8112至上","110/08/12","凱基-三重",121,6,115
"5268","8112至上","110/08/12","元大-府城",0,115,-115
"5269","8112至上","110/08/12","港商野村",198,88,110
"5270","8112至上","110/08/12","台新證券",100,203,-103
"5271","8112至上","110/08/12","國票-中港",101,0,101
"5272","8112至上","110/08/12","康和-板橋",5,106,-101
"5273","8112至上","110/08/12","日盛-新竹",80,3,77
"5274","8112至上","110/08/12","元大-北成功",0,101,-101
"5275","8112至上","110/08/12","兆豐-斗南",71,8,63
"5276","8112至上","110/08/12","元大-永和",5,88,-83
"5277","8112至上","110/08/12","大慶",63,1,62
"5278","8112至上","110/08/12","群益金鼎-內湖",0,80,-80
"5279","8112至上","110/08/12","群益金鼎-竹南",57,1,56
"5280","8112至上","110/08/12","元大-南勢角",0,80,-80
"5281","1570力肯","110/08/12","台新證券",91,15,76
"5282","1570力肯","110/08/12","國票-北高雄",2,361,-359
"5283","1570力肯","110/08/12","元大-南投",81,5,76
"5284","1570力肯","110/08/12","新光",95,222,-127
"5285","1570力肯","110/08/12","永全-南崁",94,20,74
"5286","1570力肯","110/08/12","(牛牛牛)亞-鑫豐",28,120,-92
"5287","1570力肯","110/08/12","日盛-忠孝",57,0,57
"5288","1570力肯","110/08/12","華南永昌-高雄",0,52,-52
"5289","1570力肯","110/08/12","永豐金-北高雄",55,0,55
"5290","1570力肯","110/08/12","群益金鼎-三重",0,42,-42
"5291","1570力肯","110/08/12","中國信託-高雄",72,22,50
"5292","1570力肯","110/08/12","日盛-八德",2,39,-37
"5293","1570力肯","110/08/12","凱基-天母",49,0,49
"5294","1570力肯","110/08/12","新光-台中",130,167,-37
"5295","1570力肯","110/08/12","新光-台南",56,18,38
"5296","1570力肯","110/08/12","日盛-樹林",1,31,-30
"5297","1570力肯","110/08/12","兆豐-嘉義",35,0,35
"5298","1570力肯","110/08/12","元大-竹北",0,30,-30
"5299","1570力肯","110/08/12","國票-天祥",32,1,31
"5300","1570力肯","110/08/12","元大-楊梅",6,35,-29
"5301","1570力肯","110/08/12","國泰-松江",81,51,30
"5302","1570力肯","110/08/12","元大-桃興",4,32,-28
"5303","1570力肯","110/08/12","元大-新店中正",33,3,30
"5304","1570力肯","110/08/12","亞東-台中",0,26,-26
"5305","1570力肯","110/08/12","統一",48,21,27
"5306","1570力肯","110/08/12","永豐金-屏東",5,30,-25
"5307","1570力肯","110/08/12","國票-內壢",26,0,26
"5308","1570力肯","110/08/12","國泰-館前",0,24,-24
"5309","1570力肯","110/08/12","元大-大益",27,1,26
"5310","1570力肯","110/08/12","摩根大通",173,193,-20
"5311","2929淘帝","110/08/12","摩根大通",47,0,47
"5312","2929淘帝","110/08/12","華南永昌-彰化",0,30,-30
"5313","2929淘帝","110/08/12","宏遠-館前",40,0,40
"5314","2929淘帝","110/08/12","第一金-大稻埕",0,10,-10
"5315","2929淘帝","110/08/12","富邦-高雄",16,0,16
"5316","2929淘帝","110/08/12","統一-敦南",0,10,-10
"5317","2929淘帝","110/08/12","兆豐-內湖",15,0,15
"5318","2929淘帝","110/08/12","玉山-台南",0,10,-10
"5319","2929淘帝","110/08/12","港商野村",29,15,14
"5320","2929淘帝","110/08/12","元大-花蓮",0,10,-10
"5321","2929淘帝","110/08/12","元富-台南",10,0,10
"5322","2929淘帝","110/08/12","凱基-台中",0,9,-9
"5323","2929淘帝","110/08/12","豐農",10,0,10
"5324","2929淘帝","110/08/12","群益金鼎-潭子",0,8,-8
"5325","2929淘帝","110/08/12","群益金鼎-三重",10,0,10
"5326","2929淘帝","110/08/12","新加坡商瑞銀",10,17,-7
"5327","2929淘帝","110/08/12","永豐金證券",10,0,10
"5328","2929淘帝","110/08/12","新光-高雄",0,7,-7
"5329","2929淘帝","110/08/12","永豐金-敦南",10,0,10
"5330","2929淘帝","110/08/12","亞東-板橋",0,6,-6
"5331","2929淘帝","110/08/12","凱基-八德",6,0,6
"5332","2929淘帝","110/08/12","元富-中港",0,6,-6
"5333","2929淘帝","110/08/12","台新-新莊",5,0,5
"5334","2929淘帝","110/08/12","國泰-敦南",1,7,-6
"5335","2929淘帝","110/08/12","群益金鼎-中山",5,0,5
"5336","2929淘帝","110/08/12","永豐金-市政",0,6,-6
"5337","2929淘帝","110/08/12","凱基-幸福",5,0,5
"5338","2929淘帝","110/08/12","永豐金-中盛",10,16,-6
"5339","2929淘帝","110/08/12","元富-新竹",4,0,4
"5340","2929淘帝","110/08/12","台新-三民",0,5,-5
"5341","5410國眾","110/08/12","凱基-八德",23,0,23
"5342","5410國眾","110/08/12","國泰-敦南",1,101,-100
"5343","5410國眾","110/08/12","元大-大灣",11,0,11
"5344","5410國眾","110/08/12","第一金-華江",0,27,-27
"5345","5410國眾","110/08/12","合庫-新竹",10,0,10
"5346","5410國眾","110/08/12","元大-竹科",0,17,-17
"5347","5410國眾","110/08/12","凱基-虎尾",10,0,10
"5348","5410國眾","110/08/12","元大-歸仁",1,15,-14
"5349","5410國眾","110/08/12","富邦-竹北",10,0,10
"5350","5410國眾","110/08/12","日盛-八德",0,10,-10
"5351","5410國眾","110/08/12","玉山-新莊",9,0,9
"5352","5410國眾","110/08/12","華南永昌-潮州",0,10,-10
"5353","5410國眾","110/08/12","玉山-台大",8,0,8
"5354","5410國眾","110/08/12","富邦-板橋",0,7,-7
"5355","5410國眾","110/08/12","凱基-桃園",8,0,8
"5356","5410國眾","110/08/12","凱基-高雄",0,6,-6
"5357","5410國眾","110/08/12","日盛-永康",7,0,7
"5358","5410國眾","110/08/12","元大-忠孝",0,6,-6
"5359","5410國眾","110/08/12","玉山-雙和",7,0,7
"5360","5410國眾","110/08/12","凱基-汐止",0,5,-5
"5361","5410國眾","110/08/12","元大-彰化",7,0,7
"5362","5410國眾","110/08/12","凱基-台北",0,5,-5
"5363","5410國眾","110/08/12","元大-崇德",7,0,7
"5364","5410國眾","110/08/12","元富-花蓮",0,4,-4
"5365","5410國眾","110/08/12","國泰-館前",6,0,6
"5366","5410國眾","110/08/12","凱基-岡山",0,4,-4
"5367","5410國眾","110/08/12","國泰-板橋",8,2,6
"5368","5410國眾","110/08/12","瑞士信貸",0,3,-3
"5369","5410國眾","110/08/12","元富-桃園",5,0,5
"5370","5410國眾","110/08/12","富邦-台中",0,3,-3
"5371","2841台開","110/08/12","宏遠-館前",370,0,370
"5372","2841台開","110/08/12","永豐金-敦南",4,134,-130
"5373","2841台開","110/08/12","永豐金-豐原",94,0,94
"5374","2841台開","110/08/12","港商野村",0,85,-85
"5375","2841台開","110/08/12","富邦-北港",53,0,53
"5376","2841台開","110/08/12","國泰-忠孝",1,40,-39
"5377","2841台開","110/08/12","新光-台中",20,0,20
"5378","2841台開","110/08/12","富邦-仁愛",0,38,-38
"5379","2841台開","110/08/12","凱基-高美館",20,0,20
"5380","2841台開","110/08/12","新加坡商瑞銀",0,27,-27
"5381","2841台開","110/08/12","元大-左營",20,0,20
"5382","2841台開","110/08/12","統一-嘉義",0,21,-21
"5383","2841台開","110/08/12","元大-基隆孝二",11,0,11
"5384","2841台開","110/08/12","日盛-忠孝",0,20,-20
"5385","2841台開","110/08/12","元大-路竹",10,0,10
"5386","2841台開","110/08/12","日盛-中壢",0,20,-20
"5387","2841台開","110/08/12","華南永昌-虎尾",9,0,9
"5388","2841台開","110/08/12","宏遠-桃園",0,20,-20
"5389","2841台開","110/08/12","康和-台北",6,0,6
"5390","2841台開","110/08/12","群益金鼎-南京",0,20,-20
"5391","2841台開","110/08/12","致和-東門",5,0,5
"5392","2841台開","110/08/12","合庫-基隆",0,18,-18
"5393","2841台開","110/08/12","元大-虎尾",5,0,5
"5394","2841台開","110/08/12","日盛證券",0,17,-17
"5395","2841台開","110/08/12","元大-莒光",5,0,5
"5396","2841台開","110/08/12","元大-歸仁",0,15,-15
"5397","2841台開","110/08/12","永豐金-桃園",5,0,5
"5398","2841台開","110/08/12","新光",10,21,-11
"5399","2841台開","110/08/12","新光-台南",4,0,4
"5400","2841台開","110/08/12","群益金鼎-天母",0,11,-11
"5401","6207雷科","110/08/12","摩根大通",125,11,114
"5402","6207雷科","110/08/12","凱基-復興",0,120,-120
"5403","6207雷科","110/08/12","凱基-台北",96,1,95
"5404","6207雷科","110/08/12","元大-鳳山",0,62,-62
"5405","6207雷科","110/08/12","美林",38,3,35
"5406","6207雷科","110/08/12","日盛證券",0,56,-56
"5407","6207雷科","110/08/12","兆豐-南京",30,0,30
"5408","6207雷科","110/08/12","日盛-忠孝",0,48,-48
"5409","6207雷科","110/08/12","港商野村",27,1,26
"5410","6207雷科","110/08/12","日盛-桃園",0,11,-11
"5411","6207雷科","110/08/12","元大-南京",20,0,20
"5412","6207雷科","110/08/12","中國信託-高雄",0,10,-10
"5413","6207雷科","110/08/12","臺銀-臺南",12,0,12
"5414","6207雷科","110/08/12","元大-土城永寧",0,10,-10
"5415","6207雷科","110/08/12","瑞士信貸",11,0,11
"5416","6207雷科","110/08/12","凱基-湖口",0,8,-8
"5417","6207雷科","110/08/12","新加坡商瑞銀",20,11,9
"5418","6207雷科","110/08/12","富邦-敦南",0,7,-7
"5419","6207雷科","110/08/12","第一金-新興",6,0,6
"5420","6207雷科","110/08/12","凱基-三峽",0,6,-6
"5421","6207雷科","110/08/12","群益金鼎-士林",6,0,6
"5422","6207雷科","110/08/12","永豐金-高雄",0,6,-6
"5423","6207雷科","110/08/12","群益金鼎-瑞豐",6,0,6
"5424","6207雷科","110/08/12","宏遠證券",0,5,-5
"5425","6207雷科","110/08/12","兆豐-來福",5,0,5
"5426","6207雷科","110/08/12","元富-彰化",0,5,-5
"5427","6207雷科","110/08/12","華南永昌-彰化",5,0,5
"5428","6207雷科","110/08/12","凱基-岡山",0,5,-5
"5429","6207雷科","110/08/12","富邦-中壢",5,0,5
"5430","6207雷科","110/08/12","富邦-建國",0,5,-5
"5431","3679新至陞","110/08/12","台灣摩根士丹利",10,0,10
"5432","3679新至陞","110/08/12","元大-成功",0,10,-10
"5433","3679新至陞","110/08/12","國泰-松江",8,0,8
"5434","3679新至陞","110/08/12","新加坡商瑞銀",0,7,-7
"5435","3679新至陞","110/08/12","元大-大同",3,0,3
"5436","3679新至陞","110/08/12","摩根大通",2,6,-4
"5437","3679新至陞","110/08/12","聯邦-三重",2,0,2
"5438","3679新至陞","110/08/12","瑞士信貸",0,3,-3
"5439","3679新至陞","110/08/12","凱基-站前",2,0,2
"5440","3679新至陞","110/08/12","港商野村",0,3,-3
"5441","3679新至陞","110/08/12","日盛-板橋",1,0,1
"5442","3679新至陞","110/08/12","凱基-新豐",0,3,-3
"5443","3679新至陞","110/08/12","日盛-龍潭",1,0,1
"5444","3679新至陞","110/08/12","元大證券",0,3,-3
"5445","3679新至陞","110/08/12","美商高盛",1,0,1
"5446","3679新至陞","110/08/12","康和-板橋",0,2,-2
"5447","3679新至陞","110/08/12","大慶-蘆洲",1,0,1
"5448","3679新至陞","110/08/12","富邦-台北",0,2,-2
"5449","3679新至陞","110/08/12","元富-民權",1,0,1
"5450","3679新至陞","110/08/12","元大-土城永寧",0,2,-2
"5451","3679新至陞","110/08/12","元富-花蓮",1,0,1
"5452","3679新至陞","110/08/12","彰銀",0,1,-1
"5453","3679新至陞","110/08/12","(牛牛牛)亞-網路",1,0,1
"5454","3679新至陞","110/08/12","大慶-富順",0,1,-1
"5455","3679新至陞","110/08/12","光和-溪湖",1,0,1
"5456","3679新至陞","110/08/12","台中銀-豐原",0,1,-1
"5457","3679新至陞","110/08/12","兆豐-城中",1,0,1
"5458","3679新至陞","110/08/12","兆豐-東門",0,1,-1
"5459","3679新至陞","110/08/12","兆豐-岡山",1,0,1
"5460","3679新至陞","110/08/12","凱基-新店",0,1,-1
"5461","2727王品","110/08/12","新光",25,8,17
"5462","2727王品","110/08/12","美林",0,76,-76
"5463","2727王品","110/08/12","彰銀-台中",14,2,12
"5464","2727王品","110/08/12","新加坡商瑞銀",0,52,-52
"5465","2727王品","110/08/12","康和-澎湖",10,0,10
"5466","2727王品","110/08/12","凱基-台北",2,38,-36
"5467","2727王品","110/08/12","富邦-建國",10,1,9
"5468","2727王品","110/08/12","國泰證券",0,22,-22
"5469","2727王品","110/08/12","永豐金-中正",9,0,9
"5470","2727王品","110/08/12","統一",1,19,-18
"5471","2727王品","110/08/12","中國信託",12,4,8
"5472","2727王品","110/08/12","元大證券",5,21,-16
"5473","2727王品","110/08/12","國泰-敦南",9,1,8
"5474","2727王品","110/08/12","永豐金證券",0,16,-16
"5475","2727王品","110/08/12","日盛-景美",8,1,7
"5476","2727王品","110/08/12","港商野村",4,15,-11
"5477","2727王品","110/08/12","元富-永和",7,0,7
"5478","2727王品","110/08/12","元富-大昌",0,8,-8
"5479","2727王品","110/08/12","富邦-新店",7,0,7
"5480","2727王品","110/08/12","元大-沙鹿",0,8,-8
"5481","2727王品","110/08/12","日盛-木柵",6,0,6
"5482","2727王品","110/08/12","元大-板橋",5,10,-5
"5483","2727王品","110/08/12","日盛-屏東",7,1,6
"5484","2727王品","110/08/12","永豐金-彰化",0,5,-5
"5485","2727王品","110/08/12","台新-三民",7,1,6
"5486","2727王品","110/08/12","大慶-泰山",0,4,-4
"5487","2727王品","110/08/12","凱基-三重",6,0,6
"5488","2727王品","110/08/12","台中銀",0,4,-4
"5489","2727王品","110/08/12","第一金-台南",5,0,5
"5490","2727王品","110/08/12","康和",0,4,-4
"5491","1570力肯","110/08/12","台新證券",91,15,76
"5492","1570力肯","110/08/12","國票-北高雄",2,361,-359
"5493","1570力肯","110/08/12","元大-南投",81,5,76
"5494","1570力肯","110/08/12","新光",95,222,-127
"5495","1570力肯","110/08/12","永全-南崁",94,20,74
"5496","1570力肯","110/08/12","(牛牛牛)亞-鑫豐",28,120,-92
"5497","1570力肯","110/08/12","日盛-忠孝",57,0,57
"5498","1570力肯","110/08/12","華南永昌-高雄",0,52,-52
"5499","1570力肯","110/08/12","永豐金-北高雄",55,0,55
"5500","1570力肯","110/08/12","群益金鼎-三重",0,42,-42
"5501","1570力肯","110/08/12","中國信託-高雄",72,22,50
"5502","1570力肯","110/08/12","日盛-八德",2,39,-37
"5503","1570力肯","110/08/12","凱基-天母",49,0,49
"5504","1570力肯","110/08/12","新光-台中",130,167,-37
"5505","1570力肯","110/08/12","新光-台南",56,18,38
"5506","1570力肯","110/08/12","日盛-樹林",1,31,-30
"5507","1570力肯","110/08/12","兆豐-嘉義",35,0,35
"5508","1570力肯","110/08/12","元大-竹北",0,30,-30
"5509","1570力肯","110/08/12","國票-天祥",32,1,31
"5510","1570力肯","110/08/12","元大-楊梅",6,35,-29
"5511","1570力肯","110/08/12","國泰-松江",81,51,30
"5512","1570力肯","110/08/12","元大-桃興",4,32,-28
"5513","1570力肯","110/08/12","元大-新店中正",33,3,30
"5514","1570力肯","110/08/12","亞東-台中",0,26,-26
"5515","1570力肯","110/08/12","統一",48,21,27
"5516","1570力肯","110/08/12","永豐金-屏東",5,30,-25
"5517","1570力肯","110/08/12","國票-內壢",26,0,26
"5518","1570力肯","110/08/12","國泰-館前",0,24,-24
"5519","1570力肯","110/08/12","元大-大益",27,1,26
"5520","1570力肯","110/08/12","摩根大通",173,193,-20
"5521","6180橘子","110/08/12","第一金-忠孝",54,0,54
"5522","6180橘子","110/08/12","台灣企銀-屏東",0,30,-30
"5523","6180橘子","110/08/12","美林",35,0,35
"5524","6180橘子","110/08/12","元大-斗信",0,20,-20
"5525","6180橘子","110/08/12","凱基-台北",27,0,27
"5526","6180橘子","110/08/12","永豐金-信義",0,15,-15
"5527","6180橘子","110/08/12","美商高盛",23,2,21
"5528","6180橘子","110/08/12","玉山-桃園",0,14,-14
"5529","6180橘子","110/08/12","元大-前金",20,0,20
"5530","6180橘子","110/08/12","兆豐-埔墘",0,10,-10
"5531","6180橘子","110/08/12","摩根大通",21,5,16
"5532","6180橘子","110/08/12","富邦-高雄",0,10,-10
"5533","6180橘子","110/08/12","元大-敦南",11,0,11
"5534","6180橘子","110/08/12","台新-新營",1,10,-9
"5535","6180橘子","110/08/12","統一-基隆",10,0,10
"5536","6180橘子","110/08/12","富邦-員林",0,9,-9
"5537","6180橘子","110/08/12","元大證券",6,0,6
"5538","6180橘子","110/08/12","台灣摩根士丹利",4,11,-7
"5539","6180橘子","110/08/12","日盛-樹林",5,0,5
"5540","6180橘子","110/08/12","大慶-蘆洲",0,7,-7
"5541","6180橘子","110/08/12","新光-新竹",6,1,5
"5542","6180橘子","110/08/12","元大-北三重",0,7,-7
"5543","6180橘子","110/08/12","元大-上新莊",5,0,5
"5544","6180橘子","110/08/12","新光",1,6,-5
"5545","6180橘子","110/08/12","新加坡商瑞銀",3,0,3
"5546","6180橘子","110/08/12","華南永昌-虎尾",0,5,-5
"5547","6180橘子","110/08/12","統一-中壢",3,0,3
"5548","6180橘子","110/08/12","元大-屏南",0,5,-5
"5549","6180橘子","110/08/12","元富-新店",3,0,3
"5550","6180橘子","110/08/12","群益金鼎-東湖",1,5,-4
"5551","2390云辰","110/08/12","美林",245,9,236
"5552","2390云辰","110/08/12","臺銀-臺中",2,218,-216
"5553","2390云辰","110/08/12","新加坡商瑞銀",90,20,70
"5554","2390云辰","110/08/12","兆豐-寶成",0,185,-185
"5555","2390云辰","110/08/12","台灣摩根士丹利",59,2,57
"5556","2390云辰","110/08/12","元大-板橋三民",1,70,-69
"5557","2390云辰","110/08/12","凱基-台北",127,72,55
"5558","2390云辰","110/08/12","永豐金-松山",5,70,-65
"5559","2390云辰","110/08/12","元大-豐原站前",51,1,50
"5560","2390云辰","110/08/12","富邦-建國",11,62,-51
"5561","2390云辰","110/08/12","港商野村",198,154,44
"5562","2390云辰","110/08/12","元大-土城學府",36,70,-34
"5563","2390云辰","110/08/12","凱基-站前",54,10,44
"5564","2390云辰","110/08/12","元大-土城永寧",10,39,-29
"5565","2390云辰","110/08/12","元大-北三重",34,2,32
"5566","2390云辰","110/08/12","群益金鼎-中壢",3,30,-27
"5567","2390云辰","110/08/12","凱基-民權",30,0,30
"5568","2390云辰","110/08/12","元大-新竹",3,30,-27
"5569","2390云辰","110/08/12","華南永昌-岡山",28,0,28
"5570","2390云辰","110/08/12","元富-城東",2,28,-26
"5571","2390云辰","110/08/12","元富-同大",34,7,27
"5572","2390云辰","110/08/12","群益金鼎-三民",2,26,-24
"5573","2390云辰","110/08/12","元大-路竹",45,20,25
"5574","2390云辰","110/08/12","台新-左楠",28,50,-22
"5575","2390云辰","110/08/12","國票-博愛",34,11,23
"5576","2390云辰","110/08/12","中農",1,23,-22
"5577","2390云辰","110/08/12","元大-台南",25,2,23
"5578","2390云辰","110/08/12","聯邦商銀",0,22,-22
"5579","2390云辰","110/08/12","群益金鼎-開元",30,8,22
"5580","2390云辰","110/08/12","元富-新店",2,23,-21
"5581","2867三商壽","110/08/11","摩根大通",509,31,478
"5582","2867三商壽","110/08/11","港商野村",13,188,-175
"5583","2867三商壽","110/08/11","美商高盛",157,17,140
"5584","2867三商壽","110/08/11","宏遠-高雄",0,150,-150
"5585","2867三商壽","110/08/11","凱基-台北",123,14,109
"5586","2867三商壽","110/08/11","日盛-鳳山",0,73,-73
"5587","2867三商壽","110/08/11","凱基-八德",101,0,101
"5588","2867三商壽","110/08/11","德信-中正",0,71,-71
"5589","2867三商壽","110/08/11","統一-平鎮",100,0,100
"5590","2867三商壽","110/08/11","凱基-新豐",1,67,-66
"5591","2867三商壽","110/08/11","元大-土城永寧",94,5,89
"5592","2867三商壽","110/08/11","土銀-新竹",0,60,-60
"5593","2867三商壽","110/08/11","元大-沙鹿",63,0,63
"5594","2867三商壽","110/08/11","凱基-中港",0,55,-55
"5595","2867三商壽","110/08/11","新加坡商瑞銀",55,1,54
"5596","2867三商壽","110/08/11","中國信託-文心",11,61,-50
"5597","2867三商壽","110/08/11","台灣摩根士丹利",60,10,50
"5598","2867三商壽","110/08/11","國泰-新莊",2,50,-48
"5599","2867三商壽","110/08/11","元富-潮州",41,0,41
"5600","2867三商壽","110/08/11","群益金鼎",0,40,-40
"5601","2867三商壽","110/08/11","統一-汐止",40,0,40
"5602","2867三商壽","110/08/11","元大-大益",0,40,-40
"5603","2867三商壽","110/08/11","新光-高雄",40,4,36
"5604","2867三商壽","110/08/11","富邦-板橋",5,38,-33
"5605","2867三商壽","110/08/11","玉山-板橋",31,1,30
"5606","2867三商壽","110/08/11","元富-古亭",0,30,-30
"5607","2867三商壽","110/08/11","美林",194,168,26
"5608","2867三商壽","110/08/11","元大-金華",0,30,-30
"5609","2867三商壽","110/08/11","凱基",24,0,24
"5610","2867三商壽","110/08/11","元大-汐止",13,42,-29
"5611","5521工信","110/08/11","摩根大通",417,16,401
"5612","5521工信","110/08/11","元大-沙鹿",0,103,-103
"5613","5521工信","110/08/11","凱基-台北",86,5,81
"5614","5521工信","110/08/11","華南永昌",0,43,-43
"5615","5521工信","110/08/11","日進",73,0,73
"5616","5521工信","110/08/11","聯邦-雙和",0,42,-42
"5617","5521工信","110/08/11","日盛證券",70,0,70
"5618","5521工信","110/08/11","元富-基隆",0,38,-38
"5619","5521工信","110/08/11","富邦-台北",65,0,65
"5620","5521工信","110/08/11","第一金-路竹",0,37,-37
"5621","5521工信","110/08/11","富邦-苗栗",50,0,50
"5622","5521工信","110/08/11","土銀-台中",0,35,-35
"5623","5521工信","110/08/11","永豐金-鳳山",40,1,39
"5624","5521工信","110/08/11","玉山-高雄",0,30,-30
"5625","5521工信","110/08/11","台灣企銀-北高雄",30,0,30
"5626","5521工信","110/08/11","凱基-台南",0,30,-30
"5627","5521工信","110/08/11","美林",71,42,29
"5628","5521工信","110/08/11","凱基-復興",0,30,-30
"5629","5521工信","110/08/11","台新-台中",31,6,25
"5630","5521工信","110/08/11","元大-屏南",0,30,-30
"5631","5521工信","110/08/11","凱基-鳳山",20,0,20
"5632","5521工信","110/08/11","永豐金-天母",0,30,-30
"5633","5521工信","110/08/11","元大-東蘆",20,0,20
"5634","5521工信","110/08/11","華南永昌-潮州",4,32,-28
"5635","5521工信","110/08/11","群益金鼎-士林",21,3,18
"5636","5521工信","110/08/11","華南永昌-彰化",13,39,-26
"5637","5521工信","110/08/11","永豐金證券",14,0,14
"5638","5521工信","110/08/11","日盛-新莊",0,25,-25
"5639","5521工信","110/08/11","瑞士信貸",13,0,13
"5640","5521工信","110/08/11","群益金鼎-敦南",0,25,-25
"5641","1471首利","110/08/11","瑞士信貸",162,0,162
"5642","1471首利","110/08/11","日盛-和美",1,55,-54
"5643","1471首利","110/08/11","永全-八德",100,0,100
"5644","1471首利","110/08/11","臺銀-臺中",3,55,-52
"5645","1471首利","110/08/11","摩根大通",128,46,82
"5646","1471首利","110/08/11","永豐金-板盛",0,42,-42
"5647","1471首利","110/08/11","台新證券",48,7,41
"5648","1471首利","110/08/11","兆豐-桃園",0,40,-40
"5649","1471首利","110/08/11","凱基-台南",30,0,30
"5650","1471首利","110/08/11","凱基-東門",0,40,-40
"5651","1471首利","110/08/11","凱基-內埔",20,0,20
"5652","1471首利","110/08/11","元大-新竹經國",0,40,-40
"5653","1471首利","110/08/11","元大-蘆洲",20,0,20
"5654","1471首利","110/08/11","群益金鼎-中港",0,35,-35
"5655","1471首利","110/08/11","台新-高雄",16,0,16
"5656","1471首利","110/08/11","元大-竹山",0,30,-30
"5657","1471首利","110/08/11","大慶-富順",13,0,13
"5658","1471首利","110/08/11","富邦-新竹",1,30,-29
"5659","1471首利","110/08/11","群益金鼎-海山",13,0,13
"5660","1471首利","110/08/11","日盛-八德",0,27,-27
"5661","1471首利","110/08/11","日盛-大墩",12,0,12
"5662","1471首利","110/08/11","大慶-蘆洲",5,30,-25
"5663","1471首利","110/08/11","凱基-三重",12,0,12
"5664","1471首利","110/08/11","元富-林園",0,25,-25
"5665","1471首利","110/08/11","華南永昌-林口",12,0,12
"5666","1471首利","110/08/11","元富-大昌",0,25,-25
"5667","1471首利","110/08/11","富邦-中壢",13,2,11
"5668","1471首利","110/08/11","新光",9,34,-25
"5669","1471首利","110/08/11","合庫-台中",10,0,10
"5670","1471首利","110/08/11","兆豐-寶成",0,24,-24
"5671","2883開發金","110/08/11","瑞士信貸",5796,0,5796
"5672","2883開發金","110/08/11","元富",772,4335,-3563
"5673","2883開發金","110/08/11","元大-板橋三民",4182,53,4129
"5674","2883開發金","110/08/11","美林",2516,5260,-2744
"5675","2883開發金","110/08/11","合庫證券",3532,28,3504
"5676","2883開發金","110/08/11","永豐金-彰化",42,2447,-2405
"5677","2883開發金","110/08/11","兆豐證券",2123,44,2079
"5678","2883開發金","110/08/11","元大證券",1279,3467,-2188
"5679","2883開發金","110/08/11","台灣摩根士丹利",2946,1744,1202
"5680","2883開發金","110/08/11","國票-長城",0,2014,-2014
"5681","2883開發金","110/08/11","富邦-建國",1195,92,1103
"5682","2883開發金","110/08/11","港商野村",3121,4600,-1479
"5683","2883開發金","110/08/11","新光-新竹",1140,38,1102
"5684","2883開發金","110/08/11","元大-金華",31,1341,-1310
"5685","2883開發金","110/08/11","美商高盛",1600,535,1065
"5686","2883開發金","110/08/11","元大-彰化",67,1218,-1151
"5687","2883開發金","110/08/11","群益金鼎-南京",1083,202,881
"5688","2883開發金","110/08/11","玉山-高雄",99,986,-887
"5689","2883開發金","110/08/11","凱基-台北",5046,4258,788
"5690","2883開發金","110/08/11","元富-彰化",27,813,-786
"5691","2883開發金","110/08/11","港商法國興業",728,0,728
"5692","2883開發金","110/08/11","摩根大通",3362,4085,-723
"5693","2883開發金","110/08/11","玉山證券",716,98,618
"5694","2883開發金","110/08/11","國泰證券",21,658,-637
"5695","2883開發金","110/08/11","凱基-豐中",634,76,558
"5696","2883開發金","110/08/11","富邦-新店",61,662,-601
"5697","2883開發金","110/08/11","永豐金-忠孝",1406,858,548
"5698","2883開發金","110/08/11","元大-小港",71,667,-596
"5699","2883開發金","110/08/11","元大-民生",532,2,530
"5700","2883開發金","110/08/11","富邦-台北",213,798,-585
"5701","6205詮欣","110/08/11","臺銀-民權",25,0,25
"5702","6205詮欣","110/08/11","摩根大通",2,46,-44
"5703","6205詮欣","110/08/11","合庫-三重",20,0,20
"5704","6205詮欣","110/08/11","永豐金-敦南",0,14,-14
"5705","6205詮欣","110/08/11","元富-宜蘭",20,0,20
"5706","6205詮欣","110/08/11","瑞士信貸",0,11,-11
"5707","6205詮欣","110/08/11","德信-新營",10,0,10
"5708","6205詮欣","110/08/11","永豐金-忠孝",0,10,-10
"5709","6205詮欣","110/08/11","元大-西屯",10,0,10
"5710","6205詮欣","110/08/11","統一-汐止",0,6,-6
"5711","6205詮欣","110/08/11","永豐金-中正",9,0,9
"5712","6205詮欣","110/08/11","港商野村",0,5,-5
"5713","6205詮欣","110/08/11","日盛-三重",5,0,5
"5714","6205詮欣","110/08/11","新光",0,5,-5
"5715","6205詮欣","110/08/11","日盛-花蓮",5,0,5
"5716","6205詮欣","110/08/11","群益金鼎-開元",0,5,-5
"5717","6205詮欣","110/08/11","宏遠證券",5,0,5
"5718","6205詮欣","110/08/11","富邦-陽明",0,5,-5
"5719","6205詮欣","110/08/11","高橋",5,0,5
"5720","6205詮欣","110/08/11","元大-館前",0,5,-5
"5721","6205詮欣","110/08/11","亞東-板橋",4,0,4
"5722","6205詮欣","110/08/11","大慶-中壢",0,4,-4
"5723","6205詮欣","110/08/11","元富-基隆",3,0,3
"5724","6205詮欣","110/08/11","凱基-和平",0,4,-4
"5725","6205詮欣","110/08/11","元大-台中中港",3,0,3
"5726","6205詮欣","110/08/11","富邦-台北",0,4,-4
"5727","6205詮欣","110/08/11","合庫-彰化",2,0,2
"5728","6205詮欣","110/08/11","元大-南投",0,4,-4
"5729","6205詮欣","110/08/11","元大-西門",2,0,2
"5730","6205詮欣","110/08/11","元大-東蘆",0,4,-4
"5731","1540喬福","110/08/11","元富-中原",30,0,30
"5732","1540喬福","110/08/11","統一-新台中",0,18,-18
"5733","1540喬福","110/08/11","台中銀",17,0,17
"5734","1540喬福","110/08/11","凱基-台北",0,16,-16
"5735","1540喬福","110/08/11","富邦-竹北",11,0,11
"5736","1540喬福","110/08/11","永豐金-板新",0,15,-15
"5737","1540喬福","110/08/11","國泰-敦南",8,0,8
"5738","1540喬福","110/08/11","永豐金-中盛",0,11,-11
"5739","1540喬福","110/08/11","凱基-中壢",6,0,6
"5740","1540喬福","110/08/11","元大-中壢",0,10,-10
"5741","1540喬福","110/08/11","凱基-台南",5,0,5
"5742","1540喬福","110/08/11","玉山-台南",0,4,-4
"5743","1540喬福","110/08/11","元大-土城永寧",3,0,3
"5744","1540喬福","110/08/11","國票-南科",0,3,-3
"5745","1540喬福","110/08/11","臺銀-鳳山",2,0,2
"5746","1540喬福","110/08/11","元大-龍潭",0,3,-3
"5747","1540喬福","110/08/11","日盛-台中",2,0,2
"5748","1540喬福","110/08/11","臺銀-臺中",0,2,-2
"5749","1540喬福","110/08/11","兆豐-北高雄",2,0,2
"5750","1540喬福","110/08/11","(牛牛牛)亞-網路",0,2,-2
"5751","1540喬福","110/08/11","兆豐-三民",2,0,2
"5752","1540喬福","110/08/11","新光-台南",0,2,-2
"5753","1540喬福","110/08/11","合庫-桃園",1,0,1
"5754","1540喬福","110/08/11","凱基-永和",0,2,-2
"5755","1540喬福","110/08/11","臺銀-民權",1,0,1
"5756","1540喬福","110/08/11","元大-南崁",0,2,-2
"5757","1540喬福","110/08/11","臺銀-高雄",1,0,1
"5758","1540喬福","110/08/11","美林",0,1,-1
"5759","1540喬福","110/08/11","日盛-永康",1,0,1
"5760","1540喬福","110/08/11","美商高盛",0,1,-1
"5761","2888新光金","110/08/11","摩根大通",6950,1470,5480
"5762","2888新光金","110/08/11","第一金-高雄",5,5018,-5013
"5763","2888新光金","110/08/11","元大-忠孝鼎富",4314,11,4303
"5764","2888新光金","110/08/11","永豐金-天母",0,2241,-2241
"5765","2888新光金","110/08/11","美商高盛",4420,228,4192
"5766","2888新光金","110/08/11","統一-中壢",11,1720,-1709
"5767","2888新光金","110/08/11","瑞士信貸",2928,166,2762
"5768","2888新光金","110/08/11","美林",1510,3170,-1660
"5769","2888新光金","110/08/11","群益金鼎",1859,0,1859
"5770","2888新光金","110/08/11","國票-台東",21,1606,-1585
"5771","2888新光金","110/08/11","凱基-台北",5335,3700,1635
"5772","2888新光金","110/08/11","元富-城東",25,1082,-1057
"5773","2888新光金","110/08/11","新加坡商瑞銀",1506,65,1441
"5774","2888新光金","110/08/11","台灣摩根士丹利",916,1951,-1035
"5775","2888新光金","110/08/11","港商法國興業",1338,0,1338
"5776","2888新光金","110/08/11","中國信託",25,740,-715
"5777","2888新光金","110/08/11","元富-中港",1250,9,1241
"5778","2888新光金","110/08/11","新光",391,1047,-656
"5779","2888新光金","110/08/11","福邦-新竹",1176,0,1176
"5780","2888新光金","110/08/11","合庫-高雄",1,567,-566
"5781","2888新光金","110/08/11","凱基-林口",1005,35,970
"5782","2888新光金","110/08/11","康和-台中",1,463,-462
"5783","2888新光金","110/08/11","港商野村",1301,434,867
"5784","2888新光金","110/08/11","玉山證券",260,691,-431
"5785","2888新光金","110/08/11","國票-安和",1179,519,660
"5786","2888新光金","110/08/11","元大-和平",4,382,-378
"5787","2888新光金","110/08/11","富邦-敦南",569,19,550
"5788","2888新光金","110/08/11","日盛-新莊",0,350,-350
"5789","2888新光金","110/08/11","香港上海匯豐",441,0,441
"5790","2888新光金","110/08/11","群益金鼎-大興",1,341,-340
"5791","1340勝悅","110/08/11","華南永昌-高雄",24,4,20
"5792","1340勝悅","110/08/11","元大-大統",0,42,-42
"5793","1340勝悅","110/08/11","亞東-板橋",18,0,18
"5794","1340勝悅","110/08/11","(牛牛牛)亞-鑫豐",0,25,-25
"5795","1340勝悅","110/08/11","永豐金-台南",12,0,12
"5796","1340勝悅","110/08/11","美林",0,20,-20
"5797","1340勝悅","110/08/11","永豐金-板盛",10,0,10
"5798","1340勝悅","110/08/11","摩根大通",0,18,-18
"5799","1340勝悅","110/08/11","永豐金-天母",9,0,9
"5800","1340勝悅","110/08/11","元富-基隆",0,12,-12
"5801","1340勝悅","110/08/11","國泰-敦南",15,7,8
"5802","1340勝悅","110/08/11","玉山-高雄",0,12,-12
"5803","1340勝悅","110/08/11","群益金鼎-館前",8,0,8
"5804","1340勝悅","110/08/11","元大-桃興",0,10,-10
"5805","1340勝悅","110/08/11","凱基-台中",7,0,7
"5806","1340勝悅","110/08/11","永豐金-博愛",0,10,-10
"5807","1340勝悅","110/08/11","統一-城中",6,0,6
"5808","1340勝悅","110/08/11","瑞士信貸",0,8,-8
"5809","1340勝悅","110/08/11","群益金鼎-崇德",6,0,6
"5810","1340勝悅","110/08/11","日盛-台中",0,6,-6
"5811","1340勝悅","110/08/11","永豐金-松山",6,0,6
"5812","1340勝悅","110/08/11","元大-景美",0,6,-6
"5813","1340勝悅","110/08/11","臺銀-鳳山",5,0,5
"5814","1340勝悅","110/08/11","日盛-信義",0,5,-5
"5815","1340勝悅","110/08/11","永全-南崁",5,0,5
"5816","1340勝悅","110/08/11","台新證券",0,5,-5
"5817","1340勝悅","110/08/11","玉山-士林",5,0,5
"5818","1340勝悅","110/08/11","元大-忠孝鼎富",0,5,-5
"5819","1340勝悅","110/08/11","國泰-台中",15,10,5
"5820","1340勝悅","110/08/11","元大-中壢",0,5,-5
"5821","6246臺龍","110/08/11","永興",40,3,37
"5822","6246臺龍","110/08/11","港商野村",6,139,-133
"5823","6246臺龍","110/08/11","永豐金-內湖",42,9,33
"5824","6246臺龍","110/08/11","統一",0,97,-97
"5825","6246臺龍","110/08/11","元大-豐原站前",68,41,27
"5826","6246臺龍","110/08/11","兆豐-松德",0,82,-82
"5827","6246臺龍","110/08/11","日盛-員林",21,1,20
"5828","6246臺龍","110/08/11","元大-新盛",24,80,-56
"5829","6246臺龍","110/08/11","康和-澎湖",20,0,20
"5830","6246臺龍","110/08/11","元大-北港",0,35,-35
"5831","6246臺龍","110/08/11","元大-歸仁",18,0,18
"5832","6246臺龍","110/08/11","元大-西門",0,28,-28
"5833","6246臺龍","110/08/11","元大-中壢",35,17,18
"5834","6246臺龍","110/08/11","永興-台中",0,27,-27
"5835","6246臺龍","110/08/11","玉山-大里",17,0,17
"5836","6246臺龍","110/08/11","永興-水湳",0,25,-25
"5837","6246臺龍","110/08/11","大慶-泰山",15,0,15
"5838","6246臺龍","110/08/11","元大-西螺",6,30,-24
"5839","6246臺龍","110/08/11","永豐金-松山",15,1,14
"5840","6246臺龍","110/08/11","元大-西屯",2,25,-23
"5841","6246臺龍","110/08/11","凱基-永和",13,0,13
"5842","6246臺龍","110/08/11","新光",45,67,-22
"5843","6246臺龍","110/08/11","華南永昌-嘉義",13,0,13
"5844","6246臺龍","110/08/11","第一金-台中",0,20,-20
"5845","6246臺龍","110/08/11","富邦-三重",13,0,13
"5846","6246臺龍","110/08/11","兆豐-南京",0,20,-20
"5847","6246臺龍","110/08/11","日盛-高雄",12,0,12
"5848","6246臺龍","110/08/11","日盛-頭份",2,20,-18
"5849","6246臺龍","110/08/11","群益金鼎-北高雄",12,0,12
"5850","6246臺龍","110/08/11","宏遠-桃園",0,17,-17
"5851","00715L期街口布蘭特正2","110/08/11","元大證券",11593,2378,9215
"5852","00715L期街口布蘭特正2","110/08/11","凱基-台北",313,3001,-2688
"5853","00715L期街口布蘭特正2","110/08/11","永豐金-新店",1600,4,1596
"5854","00715L期街口布蘭特正2","110/08/11","富邦-南屯",403,1908,-1505
"5855","00715L期街口布蘭特正2","110/08/11","第一金-台中",1282,31,1251
"5856","00715L期街口布蘭特正2","110/08/11","新光",152,1165,-1013
"5857","00715L期街口布蘭特正2","110/08/11","元大-敦化",1200,20,1180
"5858","00715L期街口布蘭特正2","110/08/11","第一金-台南",0,519,-519
"5859","00715L期街口布蘭特正2","110/08/11","永豐金證券",1128,53,1075
"5860","00715L期街口布蘭特正2","110/08/11","統一-新竹",13,506,-493
"5861","00715L期街口布蘭特正2","110/08/11","元大-復北",556,21,535
"5862","00715L期街口布蘭特正2","110/08/11","台新-三民",0,438,-438
"5863","00715L期街口布蘭特正2","110/08/11","日盛-永康",340,0,340
"5864","00715L期街口布蘭特正2","110/08/11","富邦-彰化",30,391,-361
"5865","00715L期街口布蘭特正2","110/08/11","群益金鼎-板橋",350,17,333
"5866","00715L期街口布蘭特正2","110/08/11","元富-中壢",5,316,-311
"5867","00715L期街口布蘭特正2","110/08/11","元富",325,2,323
"5868","00715L期街口布蘭特正2","110/08/11","凱基-豐中",0,302,-302
"5869","00715L期街口布蘭特正2","110/08/11","凱基-科園",300,0,300
"5870","00715L期街口布蘭特正2","110/08/11","康和",359,645,-286
"5871","00715L期街口布蘭特正2","110/08/11","元大-蘆洲",311,59,252
"5872","00715L期街口布蘭特正2","110/08/11","元富-成功",5,290,-285
"5873","00715L期街口布蘭特正2","110/08/11","群益金鼎-崇德",251,20,231
"5874","00715L期街口布蘭特正2","110/08/11","台新-松江",0,268,-268
"5875","00715L期街口布蘭特正2","110/08/11","富邦-建國",265,42,223
"5876","00715L期街口布蘭特正2","110/08/11","元大-前金",21,279,-258
"5877","00715L期街口布蘭特正2","110/08/11","富邦-嘉義",300,99,201
"5878","00715L期街口布蘭特正2","110/08/11","國泰-高雄",13,236,-223
"5879","00715L期街口布蘭特正2","110/08/11","元大-竹科",314,115,199
"5880","00715L期街口布蘭特正2","110/08/11","中國信託-嘉義",4,223,-219
"5881","8941關中","110/08/11","凱基-市府",1,0,1
"5882","8941關中","110/08/11","元大-古亭",0,1,-1
"5883","8941關中","110/08/11","康和-板橋",0,0,0
"5884","8941關中","110/08/11","康和-板橋",0,0,0
"5885","8941關中","110/08/11","國泰-忠孝",0,0,0
"5886","8941關中","110/08/11","國泰-忠孝",0,0,0
"5887","8941關中","110/08/11","富邦-北港",0,0,0
"5888","8941關中","110/08/11","富邦-北港",0,0,0
"5889","8941關中","110/08/11","元大證券",0,0,0
"5890","8941關中","110/08/11","元大證券",0,0,0
"5891","8941關中","110/08/11","",NA,NA,NA
"5892","8941關中","110/08/11","",NA,NA,NA
"5893","8941關中","110/08/11","",NA,NA,NA
"5894","8941關中","110/08/11","",NA,NA,NA
"5895","8941關中","110/08/11","",NA,NA,NA
"5896","8941關中","110/08/11","",NA,NA,NA
"5897","8941關中","110/08/11","",NA,NA,NA
"5898","8941關中","110/08/11","",NA,NA,NA
"5899","8941關中","110/08/11","",NA,NA,NA
"5900","8941關中","110/08/11","",NA,NA,NA
"5901","8941關中","110/08/11","",NA,NA,NA
"5902","8941關中","110/08/11","",NA,NA,NA
"5903","8941關中","110/08/11","",NA,NA,NA
"5904","8941關中","110/08/11","",NA,NA,NA
"5905","8941關中","110/08/11","",NA,NA,NA
"5906","8941關中","110/08/11","",NA,NA,NA
"5907","8941關中","110/08/11","",NA,NA,NA
"5908","8941關中","110/08/11","",NA,NA,NA
"5909","8941關中","110/08/11","",NA,NA,NA
"5910","8941關中","110/08/11","",NA,NA,NA
"5911","8936國統","110/08/11","台新-高雄",218,1,217
"5912","8936國統","110/08/11","凱基-內埔",0,70,-70
"5913","8936國統","110/08/11","新光-桃園",105,3,102
"5914","8936國統","110/08/11","元大-太平",0,60,-60
"5915","8936國統","110/08/11","新加坡商瑞銀",124,59,65
"5916","8936國統","110/08/11","永豐金-板盛",0,48,-48
"5917","8936國統","110/08/11","美林",61,0,61
"5918","8936國統","110/08/11","兆豐-高雄",0,29,-29
"5919","8936國統","110/08/11","摩根大通",71,16,55
"5920","8936國統","110/08/11","群益金鼎-屏東",0,27,-27
"5921","8936國統","110/08/11","元富-同大",41,5,36
"5922","8936國統","110/08/11","新光",0,24,-24
"5923","8936國統","110/08/11","凱基-台北",38,6,32
"5924","8936國統","110/08/11","凱基-台南",0,22,-22
"5925","8936國統","110/08/11","華南永昌-高雄",22,0,22
"5926","8936國統","110/08/11","合庫-高雄",0,20,-20
"5927","8936國統","110/08/11","日盛-三峽",21,0,21
"5928","8936國統","110/08/11","永豐金-大園",0,20,-20
"5929","8936國統","110/08/11","兆豐-大同",30,9,21
"5930","8936國統","110/08/11","永豐金-台中",0,20,-20
"5931","8936國統","110/08/11","宏遠-台南",20,0,20
"5932","8936國統","110/08/11","永豐金-竹科",0,20,-20
"5933","8936國統","110/08/11","美商高盛",17,1,16
"5934","8936國統","110/08/11","港商野村",49,67,-18
"5935","8936國統","110/08/11","日盛-斗六",15,0,15
"5936","8936國統","110/08/11","第一金-新興",0,16,-16
"5937","8936國統","110/08/11","元富-大裕",15,0,15
"5938","8936國統","110/08/11","新光-台中",14,29,-15
"5939","8936國統","110/08/11","台新-台中",15,2,13
"5940","8936國統","110/08/11","凱基-永和",0,15,-15
"5941","6226光鼎","110/08/11","美商高盛",595,148,447
"5942","6226光鼎","110/08/11","瑞士信貸",297,751,-454
"5943","6226光鼎","110/08/11","凱基-台北",506,69,437
"5944","6226光鼎","110/08/11","摩根大通",911,1317,-406
"5945","6226光鼎","110/08/11","統一-高雄",503,150,353
"5946","6226光鼎","110/08/11","凱基-站前",29,313,-284
"5947","6226光鼎","110/08/11","美林",507,312,195
"5948","6226光鼎","110/08/11","台中銀-台北",0,280,-280
"5949","6226光鼎","110/08/11","合庫-台中",143,4,139
"5950","6226光鼎","110/08/11","國泰-台中",75,176,-101
"5951","6226光鼎","110/08/11","大昌",139,0,139
"5952","6226光鼎","110/08/11","元富-潮州",10,107,-97
"5953","6226光鼎","110/08/11","台灣摩根士丹利",229,101,128
"5954","6226光鼎","110/08/11","中國信託-永康",63,159,-96
"5955","6226光鼎","110/08/11","元大-北投",123,4,119
"5956","6226光鼎","110/08/11","國泰-高雄",15,96,-81
"5957","6226光鼎","110/08/11","富邦-南屯",170,63,107
"5958","6226光鼎","110/08/11","凱基-三多",23,100,-77
"5959","6226光鼎","110/08/11","群益金鼎-西松",176,93,83
"5960","6226光鼎","110/08/11","玉山-高雄",17,90,-73
"5961","6226光鼎","110/08/11","台新證券",167,99,68
"5962","6226光鼎","110/08/11","元大-新盛",8,81,-73
"5963","6226光鼎","110/08/11","永豐金-內湖",79,22,57
"5964","6226光鼎","110/08/11","元大-府城",7,72,-65
"5965","6226光鼎","110/08/11","日盛證券",51,6,45
"5966","6226光鼎","110/08/11","統一-仁愛",13,75,-62
"5967","6226光鼎","110/08/11","臺銀-高雄",70,26,44
"5968","6226光鼎","110/08/11","高橋",4,61,-57
"5969","6226光鼎","110/08/11","富邦-陽明",84,40,44
"5970","6226光鼎","110/08/11","台新-屏東",16,71,-55
"5971","2363矽統","110/08/11","瑞士信貸",547,0,547
"5972","2363矽統","110/08/11","凱基-台北",2934,4385,-1451
"5973","2363矽統","110/08/11","台灣摩根士丹利",677,160,517
"5974","2363矽統","110/08/11","陽信-石牌",34,626,-592
"5975","2363矽統","110/08/11","玉山-台中",331,139,192
"5976","2363矽統","110/08/11","永豐金證券",103,405,-302
"5977","2363矽統","110/08/11","台新-左楠",191,33,158
"5978","2363矽統","110/08/11","元大-成功",60,289,-229
"5979","2363矽統","110/08/11","華南永昌-頭份",197,45,152
"5980","2363矽統","110/08/11","美林",747,959,-212
"5981","2363矽統","110/08/11","元大-忠孝鼎富",196,51,145
"5982","2363矽統","110/08/11","元大-員林中山",83,286,-203
"5983","2363矽統","110/08/11","元大-汐止",279,150,129
"5984","2363矽統","110/08/11","凱基-市府",42,242,-200
"5985","2363矽統","110/08/11","大慶-蘆洲",135,26,109
"5986","2363矽統","110/08/11","永豐金-埔里",4,181,-177
"5987","2363矽統","110/08/11","合庫-高雄",135,30,105
"5988","2363矽統","110/08/11","群益金鼎-內湖",41,195,-154
"5989","2363矽統","110/08/11","兆豐證券",105,1,104
"5990","2363矽統","110/08/11","元大-旗山",157,307,-150
"5991","2363矽統","110/08/11","永豐金-竹科",112,15,97
"5992","2363矽統","110/08/11","兆豐-台中港",38,178,-140
"5993","2363矽統","110/08/11","國票-彰化",95,0,95
"5994","2363矽統","110/08/11","元大-新竹",55,194,-139
"5995","2363矽統","110/08/11","元大-斗信",152,65,87
"5996","2363矽統","110/08/11","凱基-永和",32,161,-129
"5997","2363矽統","110/08/11","亞東",95,10,85
"5998","2363矽統","110/08/11","第一金-桃園",59,183,-124
"5999","2363矽統","110/08/11","美商高盛",906,822,84
"6000","2363矽統","110/08/11","台新證券",525,640,-115
"6001","8112至上","110/08/11","港商野村",188,11,177
"6002","8112至上","110/08/11","新加坡商瑞銀",35,847,-812
"6003","8112至上","110/08/11","大昌-桃園",173,0,173
"6004","8112至上","110/08/11","宏遠證券",2,536,-534
"6005","8112至上","110/08/11","合庫證券",142,3,139
"6006","8112至上","110/08/11","富邦-仁愛",67,324,-257
"6007","8112至上","110/08/11","美商高盛",145,14,131
"6008","8112至上","110/08/11","凱基-市政",0,202,-202
"6009","8112至上","110/08/11","群益金鼎-內湖",132,10,122
"6010","8112至上","110/08/11","凱基-復興",16,190,-174
"6011","8112至上","110/08/11","國票-長城",130,30,100
"6012","8112至上","110/08/11","瑞士信貸",136,306,-170
"6013","8112至上","110/08/11","玉山-板橋",84,0,84
"6014","8112至上","110/08/11","兆豐-公益",1,120,-119
"6015","8112至上","110/08/11","臺灣企銀-桃園",60,0,60
"6016","8112至上","110/08/11","元大-萬華",12,131,-119
"6017","8112至上","110/08/11","新光",103,44,59
"6018","8112至上","110/08/11","凱基-台北",211,321,-110
"6019","8112至上","110/08/11","華南永昌-中正",52,0,52
"6020","8112至上","110/08/11","美林",21,116,-95
"6021","8112至上","110/08/11","元大-仁愛",50,0,50
"6022","8112至上","110/08/11","永豐金-豐原",7,102,-95
"6023","8112至上","110/08/11","元大-北成功",101,53,48
"6024","8112至上","110/08/11","兆豐-民生",0,70,-70
"6025","8112至上","110/08/11","合庫-嘉義",45,0,45
"6026","8112至上","110/08/11","元富",2,71,-69
"6027","8112至上","110/08/11","大慶-富順",46,1,45
"6028","8112至上","110/08/11","玉山-士林",6,67,-61
"6029","8112至上","110/08/11","臺銀-金山",45,1,44
"6030","8112至上","110/08/11","凱基-埔墘",0,60,-60
"6031","1570力肯","110/08/11","國票-內壢",386,0,386
"6032","1570力肯","110/08/11","群益金鼎-大興",0,100,-100
"6033","1570力肯","110/08/11","華南永昌-桃園",104,3,101
"6034","1570力肯","110/08/11","新光",177,255,-78
"6035","1570力肯","110/08/11","摩根大通",154,84,70
"6036","1570力肯","110/08/11","富邦-台中",0,61,-61
"6037","1570力肯","110/08/11","日盛-頭份",51,0,51
"6038","1570力肯","110/08/11","群益金鼎-忠孝",1,60,-59
"6039","1570力肯","110/08/11","永豐金-中壢",51,1,50
"6040","1570力肯","110/08/11","元大-新店中正",2,61,-59
"6041","1570力肯","110/08/11","永豐金-北高雄",50,0,50
"6042","1570力肯","110/08/11","富邦-陽明",1,51,-50
"6043","1570力肯","110/08/11","凱基-天母",51,2,49
"6044","1570力肯","110/08/11","元大-太平",5,54,-49
"6045","1570力肯","110/08/11","日盛-員林",52,5,47
"6046","1570力肯","110/08/11","統一-松江",0,43,-43
"6047","1570力肯","110/08/11","元富-高雄",40,0,40
"6048","1570力肯","110/08/11","台新證券",6,44,-38
"6049","1570力肯","110/08/11","中國信託-嘉義",34,0,34
"6050","1570力肯","110/08/11","永豐金證券",1,36,-35
"6051","1570力肯","110/08/11","元大-北成功",30,1,29
"6052","1570力肯","110/08/11","瑞士信貸",0,27,-27
"6053","1570力肯","110/08/11","亞東-台中",26,0,26
"6054","1570力肯","110/08/11","元大-中壢",9,35,-26
"6055","1570力肯","110/08/11","第一金-嘉義",26,0,26
"6056","1570力肯","110/08/11","美商高盛",0,25,-25
"6057","1570力肯","110/08/11","凱基-中壢",27,3,24
"6058","1570力肯","110/08/11","國票-北高雄",128,153,-25
"6059","1570力肯","110/08/11","元大-福營",25,1,24
"6060","1570力肯","110/08/11","元富-新店",10,34,-24
"6061","2929淘帝","110/08/11","美林",25,5,20
"6062","2929淘帝","110/08/11","華南永昌",0,25,-25
"6063","2929淘帝","110/08/11","永興",20,0,20
"6064","2929淘帝","110/08/11","台新-台中",0,22,-22
"6065","2929淘帝","110/08/11","新光",17,1,16
"6066","2929淘帝","110/08/11","富邦-永和",1,21,-20
"6067","2929淘帝","110/08/11","臺銀-臺南",12,0,12
"6068","2929淘帝","110/08/11","元富-古亭",0,18,-18
"6069","2929淘帝","110/08/11","第一金-大稻埕",10,0,10
"6070","2929淘帝","110/08/11","永豐金-大園",5,23,-18
"6071","2929淘帝","110/08/11","兆豐-桃園",10,0,10
"6072","2929淘帝","110/08/11","富邦-新店",3,19,-16
"6073","2929淘帝","110/08/11","國票-九鼎",10,0,10
"6074","2929淘帝","110/08/11","新光-台中",16,31,-15
"6075","2929淘帝","110/08/11","華南永昌-長虹",10,0,10
"6076","2929淘帝","110/08/11","國泰-新莊",0,10,-10
"6077","2929淘帝","110/08/11","凱基-長庚",7,0,7
"6078","2929淘帝","110/08/11","元大-東泰",0,10,-10
"6079","2929淘帝","110/08/11","凱基-林口",7,0,7
"6080","2929淘帝","110/08/11","凱基-斗六",0,8,-8
"6081","2929淘帝","110/08/11","日盛-中壢",5,0,5
"6082","2929淘帝","110/08/11","永豐金證券",0,7,-7
"6083","2929淘帝","110/08/11","港商法國興業",5,0,5
"6084","2929淘帝","110/08/11","第一金-員林",0,5,-5
"6085","2929淘帝","110/08/11","元富-中壢",5,0,5
"6086","2929淘帝","110/08/11","元富-新竹",0,5,-5
"6087","2929淘帝","110/08/11","元富-文心",5,0,5
"6088","2929淘帝","110/08/11","凱基-東門",0,5,-5
"6089","2929淘帝","110/08/11","凱基-台中",5,0,5
"6090","2929淘帝","110/08/11","元大-桃園",0,5,-5
"6091","5410國眾","110/08/11","群益金鼎",128,0,128
"6092","5410國眾","110/08/11","國泰-敦南",12,206,-194
"6093","5410國眾","110/08/11","富邦-建國",100,0,100
"6094","5410國眾","110/08/11","凱基-竹北",2,112,-110
"6095","5410國眾","110/08/11","玉山-新莊",35,0,35
"6096","5410國眾","110/08/11","大昌-樹林",0,100,-100
"6097","5410國眾","110/08/11","合庫-桃園",30,0,30
"6098","5410國眾","110/08/11","凱基-市政",0,100,-100
"6099","5410國眾","110/08/11","高橋",30,0,30
"6100","5410國眾","110/08/11","摩根大通",20,68,-48
"6101","5410國眾","110/08/11","元大-崇德",28,0,28
"6102","5410國眾","110/08/11","凱基-台北",7,39,-32
"6103","5410國眾","110/08/11","元大-新盛",28,0,28
"6104","5410國眾","110/08/11","元大-復北",0,30,-30
"6105","5410國眾","110/08/11","凱基-三峽",21,0,21
"6106","5410國眾","110/08/11","大昌",0,26,-26
"6107","5410國眾","110/08/11","臺銀-臺中",17,0,17
"6108","5410國眾","110/08/11","第一金-豐原",0,23,-23
"6109","5410國眾","110/08/11","新光",15,0,15
"6110","5410國眾","110/08/11","元富-三重",0,22,-22
"6111","5410國眾","110/08/11","國泰-台中",20,8,12
"6112","5410國眾","110/08/11","元大-樹林",2,21,-19
"6113","5410國眾","110/08/11","新光-桃園",11,0,11
"6114","5410國眾","110/08/11","元大-成功",0,17,-17
"6115","5410國眾","110/08/11","元大-旗山",11,0,11
"6116","5410國眾","110/08/11","新光-台中",0,16,-16
"6117","5410國眾","110/08/11","大昌-新店",10,0,10
"6118","5410國眾","110/08/11","臺銀-臺南",1,14,-13
"6119","5410國眾","110/08/11","豐農",10,0,10
"6120","5410國眾","110/08/11","瑞士信貸",0,12,-12
"6121","2841台開","110/08/11","宏遠-館前",402,0,402
"6122","2841台開","110/08/11","永豐金-敦南",11,270,-259
"6123","2841台開","110/08/11","日盛-信義",129,0,129
"6124","2841台開","110/08/11","國票-天祥",0,100,-100
"6125","2841台開","110/08/11","元大-南投",80,0,80
"6126","2841台開","110/08/11","日盛證券",27,117,-90
"6127","2841台開","110/08/11","日盛-園區",72,0,72
"6128","2841台開","110/08/11","永興-水湳",0,30,-30
"6129","2841台開","110/08/11","華南永昌-鶯歌",45,0,45
"6130","2841台開","110/08/11","兆豐-寶成",0,30,-30
"6131","2841台開","110/08/11","元大-福營",20,0,20
"6132","2841台開","110/08/11","元富-四維",0,26,-26
"6133","2841台開","110/08/11","元大-左營",20,0,20
"6134","2841台開","110/08/11","統一-士林",0,25,-25
"6135","2841台開","110/08/11","永豐金-員林",15,0,15
"6136","2841台開","110/08/11","日盛-忠孝",0,20,-20
"6137","2841台開","110/08/11","日盛-內湖",11,0,11
"6138","2841台開","110/08/11","大慶-蘆洲",0,20,-20
"6139","2841台開","110/08/11","國泰-館前",10,0,10
"6140","2841台開","110/08/11","國票-中和",0,20,-20
"6141","2841台開","110/08/11","華南永昌-潮州",10,0,10
"6142","2841台開","110/08/11","元大-大灣",0,20,-20
"6143","2841台開","110/08/11","元大-大里德芳",10,0,10
"6144","2841台開","110/08/11","元大-雙和",0,20,-20
"6145","2841台開","110/08/11","元大-小港",10,0,10
"6146","2841台開","110/08/11","新光",28,47,-19
"6147","2841台開","110/08/11","新光-台南",7,0,7
"6148","2841台開","110/08/11","玉山-台中",0,13,-13
"6149","2841台開","110/08/11","國泰-台中",6,0,6
"6150","2841台開","110/08/11","富邦-建國",0,12,-12
"6151","6207雷科","110/08/11","台新-高雄",136,8,128
"6152","6207雷科","110/08/11","群益金鼎-東門",1,90,-89
"6153","6207雷科","110/08/11","凱基-台北",108,21,87
"6154","6207雷科","110/08/11","摩根大通",89,156,-67
"6155","6207雷科","110/08/11","富邦-陽明",70,0,70
"6156","6207雷科","110/08/11","元大-鳳山",22,60,-38
"6157","6207雷科","110/08/11","永豐金證券",30,0,30
"6158","6207雷科","110/08/11","凱基-三重",5,40,-35
"6159","6207雷科","110/08/11","永豐金-高雄",29,5,24
"6160","6207雷科","110/08/11","美林",5,35,-30
"6161","6207雷科","110/08/11","元大-高雄",18,0,18
"6162","6207雷科","110/08/11","港商野村",28,58,-30
"6163","6207雷科","110/08/11","元大-竹山",17,0,17
"6164","6207雷科","110/08/11","元大-路竹",3,30,-27
"6165","6207雷科","110/08/11","國泰-台南",15,2,13
"6166","6207雷科","110/08/11","元大-小港",3,30,-27
"6167","6207雷科","110/08/11","元大-東門",12,0,12
"6168","6207雷科","110/08/11","(牛牛牛)亞-網路",0,23,-23
"6169","6207雷科","110/08/11","台灣企銀-太平",10,0,10
"6170","6207雷科","110/08/11","台新證券",4,26,-22
"6171","6207雷科","110/08/11","富邦-中壢",10,0,10
"6172","6207雷科","110/08/11","新光",2,23,-21
"6173","6207雷科","110/08/11","元大-博愛",10,0,10
"6174","6207雷科","110/08/11","元大-雙和",0,19,-19
"6175","6207雷科","110/08/11","富邦-內湖",9,0,9
"6176","6207雷科","110/08/11","新加坡商瑞銀",25,41,-16
"6177","6207雷科","110/08/11","中國信託-高雄",8,0,8
"6178","6207雷科","110/08/11","玉山證券",3,19,-16
"6179","6207雷科","110/08/11","國票-九鼎",8,0,8
"6180","6207雷科","110/08/11","玉山-雙和",0,16,-16
"6181","3679新至陞","110/08/11","摩根大通",62,3,59
"6182","3679新至陞","110/08/11","港商野村",7,25,-18
"6183","3679新至陞","110/08/11","台灣摩根士丹利",38,0,38
"6184","3679新至陞","110/08/11","凱基-文心",0,9,-9
"6185","3679新至陞","110/08/11","華南永昌-台中",16,0,16
"6186","3679新至陞","110/08/11","北城證券",0,8,-8
"6187","3679新至陞","110/08/11","凱基-台北",37,23,14
"6188","3679新至陞","110/08/11","華南永昌-大安",2,10,-8
"6189","3679新至陞","110/08/11","元大-成功",13,1,12
"6190","3679新至陞","110/08/11","元大-板橋",0,8,-8
"6191","3679新至陞","110/08/11","美林",22,16,6
"6192","3679新至陞","110/08/11","致和-東門",0,7,-7
"6193","3679新至陞","110/08/11","新加坡商瑞銀",12,6,6
"6194","3679新至陞","110/08/11","凱基-長庚",0,7,-7
"6195","3679新至陞","110/08/11","國泰-館前",5,0,5
"6196","3679新至陞","110/08/11","花旗環球",0,6,-6
"6197","3679新至陞","110/08/11","瑞士信貸",9,5,4
"6198","3679新至陞","110/08/11","群益金鼎-古亭",0,6,-6
"6199","3679新至陞","110/08/11","國泰-板橋",5,1,4
"6200","3679新至陞","110/08/11","元大-大同",0,6,-6
"6201","3679新至陞","110/08/11","日進",3,0,3
"6202","3679新至陞","110/08/11","華南永昌-鶯歌",0,5,-5
"6203","3679新至陞","110/08/11","(牛牛牛)亞-網路",4,1,3
"6204","3679新至陞","110/08/11","永豐金-新竹",0,5,-5
"6205","3679新至陞","110/08/11","康和-板橋",3,0,3
"6206","3679新至陞","110/08/11","凱基-新豐",0,4,-4
"6207","3679新至陞","110/08/11","高橋-內壢",2,0,2
"6208","3679新至陞","110/08/11","臺銀-高雄",1,4,-3
"6209","3679新至陞","110/08/11","富邦-台北",7,5,2
"6210","3679新至陞","110/08/11","日盛-文化",0,3,-3
"6211","2727王品","110/08/11","美林",113,23,90
"6212","2727王品","110/08/11","台灣摩根士丹利",8,65,-57
"6213","2727王品","110/08/11","富邦-左營",72,1,71
"6214","2727王品","110/08/11","合庫-新竹",1,23,-22
"6215","2727王品","110/08/11","凱基-台北",80,42,38
"6216","2727王品","110/08/11","永豐金-忠孝",0,20,-20
"6217","2727王品","110/08/11","港商野村",96,70,26
"6218","2727王品","110/08/11","彰銀-台中",1,15,-14
"6219","2727王品","110/08/11","國泰證券",23,1,22
"6220","2727王品","110/08/11","國泰-敦南",10,24,-14
"6221","2727王品","110/08/11","統一",28,8,20
"6222","2727王品","110/08/11","凱基-南崁",0,11,-11
"6223","2727王品","110/08/11","玉山-台南",20,1,19
"6224","2727王品","110/08/11","永豐金-三重",0,10,-10
"6225","2727王品","110/08/11","新光-台中",22,9,13
"6226","2727王品","110/08/11","富邦-中壢",3,12,-9
"6227","2727王品","110/08/11","凱基-興隆",11,0,11
"6228","2727王品","110/08/11","新光",16,24,-8
"6229","2727王品","110/08/11","元大證券",44,33,11
"6230","2727王品","110/08/11","國泰-板橋",12,20,-8
"6231","2727王品","110/08/11","日盛-樹林",12,2,10
"6232","2727王品","110/08/11","元大-彰化",0,8,-8
"6233","2727王品","110/08/11","第一金-新竹",10,0,10
"6234","2727王品","110/08/11","日盛-木柵",0,7,-7
"6235","2727王品","110/08/11","永全",10,0,10
"6236","2727王品","110/08/11","第一金-頭份",0,7,-7
"6237","2727王品","110/08/11","凱基-埔墘",10,0,10
"6238","2727王品","110/08/11","中國信託-高雄",2,9,-7
"6239","2727王品","110/08/11","摩根大通",42,33,9
"6240","2727王品","110/08/11","兆豐-公益",0,7,-7
"6241","1570力肯","110/08/11","國票-內壢",386,0,386
"6242","1570力肯","110/08/11","群益金鼎-大興",0,100,-100
"6243","1570力肯","110/08/11","華南永昌-桃園",104,3,101
"6244","1570力肯","110/08/11","新光",177,255,-78
"6245","1570力肯","110/08/11","摩根大通",154,84,70
"6246","1570力肯","110/08/11","富邦-台中",0,61,-61
"6247","1570力肯","110/08/11","日盛-頭份",51,0,51
"6248","1570力肯","110/08/11","群益金鼎-忠孝",1,60,-59
"6249","1570力肯","110/08/11","永豐金-中壢",51,1,50
"6250","1570力肯","110/08/11","元大-新店中正",2,61,-59
"6251","1570力肯","110/08/11","永豐金-北高雄",50,0,50
"6252","1570力肯","110/08/11","富邦-陽明",1,51,-50
"6253","1570力肯","110/08/11","凱基-天母",51,2,49
"6254","1570力肯","110/08/11","元大-太平",5,54,-49
"6255","1570力肯","110/08/11","日盛-員林",52,5,47
"6256","1570力肯","110/08/11","統一-松江",0,43,-43
"6257","1570力肯","110/08/11","元富-高雄",40,0,40
"6258","1570力肯","110/08/11","台新證券",6,44,-38
"6259","1570力肯","110/08/11","中國信託-嘉義",34,0,34
"6260","1570力肯","110/08/11","永豐金證券",1,36,-35
"6261","1570力肯","110/08/11","元大-北成功",30,1,29
"6262","1570力肯","110/08/11","瑞士信貸",0,27,-27
"6263","1570力肯","110/08/11","亞東-台中",26,0,26
"6264","1570力肯","110/08/11","元大-中壢",9,35,-26
"6265","1570力肯","110/08/11","第一金-嘉義",26,0,26
"6266","1570力肯","110/08/11","美商高盛",0,25,-25
"6267","1570力肯","110/08/11","凱基-中壢",27,3,24
"6268","1570力肯","110/08/11","國票-北高雄",128,153,-25
"6269","1570力肯","110/08/11","元大-福營",25,1,24
"6270","1570力肯","110/08/11","元富-新店",10,34,-24
"6271","6180橘子","110/08/11","台灣摩根士丹利",42,7,35
"6272","6180橘子","110/08/11","港商野村",5,128,-123
"6273","6180橘子","110/08/11","美商高盛",25,0,25
"6274","6180橘子","110/08/11","合庫-高雄",0,31,-31
"6275","6180橘子","110/08/11","元大-草屯",17,0,17
"6276","6180橘子","110/08/11","摩根大通",13,36,-23
"6277","6180橘子","110/08/11","日盛-文化",16,0,16
"6278","6180橘子","110/08/11","凱基-台北",37,60,-23
"6279","6180橘子","110/08/11","康和-嘉義",11,0,11
"6280","6180橘子","110/08/11","北城證券",0,19,-19
"6281","6180橘子","110/08/11","元大-左營",11,0,11
"6282","6180橘子","110/08/11","元富-潮州",24,41,-17
"6283","6180橘子","110/08/11","土銀-花蓮",10,0,10
"6284","6180橘子","110/08/11","群益金鼎-新店",0,15,-15
"6285","6180橘子","110/08/11","日盛證券",10,0,10
"6286","6180橘子","110/08/11","兆豐-竹北",0,14,-14
"6287","6180橘子","110/08/11","日盛-高雄",10,0,10
"6288","6180橘子","110/08/11","元富-成功",0,13,-13
"6289","6180橘子","110/08/11","國泰-新莊",10,0,10
"6290","6180橘子","110/08/11","新加坡商瑞銀",0,10,-10
"6291","6180橘子","110/08/11","群益金鼎-東門",10,0,10
"6292","6180橘子","110/08/11","康和-高雄",0,10,-10
"6293","6180橘子","110/08/11","凱基-中壢",10,0,10
"6294","6180橘子","110/08/11","國泰-館前",0,10,-10
"6295","6180橘子","110/08/11","元大-中壢",10,0,10
"6296","6180橘子","110/08/11","群益金鼎-嘉義",1,11,-10
"6297","6180橘子","110/08/11","元大-復北",10,0,10
"6298","6180橘子","110/08/11","華南永昌-虎尾",0,10,-10
"6299","6180橘子","110/08/11","美林",12,3,9
"6300","6180橘子","110/08/11","元富-民權",0,8,-8
"6301","2390云辰","110/08/11","臺銀-臺中",224,5,219
"6302","2390云辰","110/08/11","摩根大通",194,707,-513
"6303","2390云辰","110/08/11","兆豐-寶成",187,2,185
"6304","2390云辰","110/08/11","美商高盛",18,229,-211
"6305","2390云辰","110/08/11","元大-土城學府",143,69,74
"6306","2390云辰","110/08/11","兆豐-岡山",5,103,-98
"6307","2390云辰","110/08/11","凱基-民權",70,0,70
"6308","2390云辰","110/08/11","台新證券",13,108,-95
"6309","2390云辰","110/08/11","元大-草屯",67,2,65
"6310","2390云辰","110/08/11","美林",23,98,-75
"6311","2390云辰","110/08/11","兆豐-公益",60,0,60
"6312","2390云辰","110/08/11","永豐金-竹科",0,71,-71
"6313","2390云辰","110/08/11","國票-安和",56,0,56
"6314","2390云辰","110/08/11","元富-花蓮",0,70,-70
"6315","2390云辰","110/08/11","元富-中港",50,0,50
"6316","2390云辰","110/08/11","統一-城中",5,66,-61
"6317","2390云辰","110/08/11","元富-高雄",48,1,47
"6318","2390云辰","110/08/11","國泰-台中",50,109,-59
"6319","2390云辰","110/08/11","統一-新營",45,5,40
"6320","2390云辰","110/08/11","元大-豐原站前",10,69,-59
"6321","2390云辰","110/08/11","元大-板橋三民",39,1,38
"6322","2390云辰","110/08/11","新加坡商瑞銀",18,75,-57
"6323","2390云辰","110/08/11","元富-新店",52,17,35
"6324","2390云辰","110/08/11","台新-左楠",15,67,-52
"6325","2390云辰","110/08/11","永全-南崁",35,4,31
"6326","2390云辰","110/08/11","凱基-中壢",7,59,-52
"6327","2390云辰","110/08/11","群益金鼎-萬華",33,3,30
"6328","2390云辰","110/08/11","國票-北高雄",23,69,-46
"6329","2390云辰","110/08/11","日盛-宜蘭",25,0,25
"6330","2390云辰","110/08/11","新光-高雄",11,53,-42
"6331","2542興富發","110/08/06","瑞士信貸",747,10,737
"6332","2542興富發","110/08/06","凱基-士林",5,972,-967
"6333","2542興富發","110/08/06","摩根大通",837,107,730
"6334","2542興富發","110/08/06","統一-台中",1,376,-375
"6335","2542興富發","110/08/06","群益金鼎-敦南",681,1,680
"6336","2542興富發","110/08/06","永豐金-豐原",16,133,-117
"6337","2542興富發","110/08/06","凱基-台北",790,360,430
"6338","2542興富發","110/08/06","元富-敦南",0,111,-111
"6339","2542興富發","110/08/06","台灣摩根士丹利",259,20,239
"6340","2542興富發","110/08/06","兆豐-南京",0,108,-108
"6341","2542興富發","110/08/06","美商高盛",235,0,235
"6342","2542興富發","110/08/06","元大-金華",0,100,-100
"6343","2542興富發","110/08/06","新加坡商瑞銀",178,0,178
"6344","2542興富發","110/08/06","陽信",0,80,-80
"6345","2542興富發","110/08/06","凱基-中山",167,2,165
"6346","2542興富發","110/08/06","統一-金門",0,78,-78
"6347","2542興富發","110/08/06","凱基",121,14,107
"6348","2542興富發","110/08/06","新光-台中",7,68,-61
"6349","2542興富發","110/08/06","大慶-楊梅",101,4,97
"6350","2542興富發","110/08/06","富邦-新店",2,58,-56
"6351","2542興富發","110/08/06","美林",193,109,84
"6352","2542興富發","110/08/06","元大-新竹",0,52,-52
"6353","2542興富發","110/08/06","統一",64,5,59
"6354","2542興富發","110/08/06","凱基-永和",0,51,-51
"6355","2542興富發","110/08/06","富邦-南屯",60,1,59
"6356","2542興富發","110/08/06","統一-中壢",0,50,-50
"6357","2542興富發","110/08/06","群益金鼎",43,0,43
"6358","2542興富發","110/08/06","元富",0,50,-50
"6359","2542興富發","110/08/06","元大證券",128,85,43
"6360","2542興富發","110/08/06","法銀巴黎",0,48,-48
"6361","2867三商壽","110/08/06","摩根大通",410,157,253
"6362","2867三商壽","110/08/06","日盛-新莊",0,719,-719
"6363","2867三商壽","110/08/06","元大-北港",201,0,201
"6364","2867三商壽","110/08/06","群益金鼎-桃園",0,400,-400
"6365","2867三商壽","110/08/06","元大-斗信",200,0,200
"6366","2867三商壽","110/08/06","中國信託-文心",1,301,-300
"6367","2867三商壽","110/08/06","元大-沙鹿",199,0,199
"6368","2867三商壽","110/08/06","美林",10,169,-159
"6369","2867三商壽","110/08/06","永豐金-嘉義",130,0,130
"6370","2867三商壽","110/08/06","法銀巴黎",0,122,-122
"6371","2867三商壽","110/08/06","第一金-自由",100,0,100
"6372","2867三商壽","110/08/06","國票-中和",0,100,-100
"6373","2867三商壽","110/08/06","元大-大里德芳",100,0,100
"6374","2867三商壽","110/08/06","台灣摩根士丹利",65,164,-99
"6375","2867三商壽","110/08/06","元大-土城永寧",100,0,100
"6376","2867三商壽","110/08/06","凱基-高美館",2,64,-62
"6377","2867三商壽","110/08/06","瑞士信貸",94,0,94
"6378","2867三商壽","110/08/06","元大證券",1,62,-61
"6379","2867三商壽","110/08/06","元大-汐止",60,0,60
"6380","2867三商壽","110/08/06","華南永昌-南京",0,50,-50
"6381","2867三商壽","110/08/06","元富-大裕",52,0,52
"6382","2867三商壽","110/08/06","凱基-頭份",0,45,-45
"6383","2867三商壽","110/08/06","新光",53,1,52
"6384","2867三商壽","110/08/06","凱基",0,44,-44
"6385","2867三商壽","110/08/06","凱基-市府",51,0,51
"6386","2867三商壽","110/08/06","康和-屏東",0,43,-43
"6387","2867三商壽","110/08/06","安泰",49,0,49
"6388","2867三商壽","110/08/06","凱基-八德",0,40,-40
"6389","2867三商壽","110/08/06","富邦-桃園",50,2,48
"6390","2867三商壽","110/08/06","凱基-虎尾",0,40,-40
"6391","5521工信","110/08/06","日進",412,0,412
"6392","5521工信","110/08/06","中國信託-嘉義",0,100,-100
"6393","5521工信","110/08/06","瑞士信貸",48,0,48
"6394","5521工信","110/08/06","美林",0,69,-69
"6395","5521工信","110/08/06","日盛-雙和",34,0,34
"6396","5521工信","110/08/06","統一-新竹",0,60,-60
"6397","5521工信","110/08/06","聯邦-雙和",25,0,25
"6398","5521工信","110/08/06","第一金-桃園",0,55,-55
"6399","5521工信","110/08/06","台新證券",32,12,20
"6400","5521工信","110/08/06","凱基-台北",0,54,-54
"6401","5521工信","110/08/06","土銀-台中",17,0,17
"6402","5521工信","110/08/06","華南永昌-桃園",0,49,-49
"6403","5521工信","110/08/06","(牛牛牛)亞-鑫豐",15,0,15
"6404","5521工信","110/08/06","第一金-安和",0,40,-40
"6405","5521工信","110/08/06","元大-沙鹿",19,4,15
"6406","5521工信","110/08/06","合庫-台南",0,36,-36
"6407","5521工信","110/08/06","元富-安南",14,0,14
"6408","5521工信","110/08/06","台灣摩根士丹利",7,34,-27
"6409","5521工信","110/08/06","新加坡商瑞銀",10,0,10
"6410","5521工信","110/08/06","摩根大通",22,48,-26
"6411","5521工信","110/08/06","德信-中正",10,0,10
"6412","5521工信","110/08/06","台新-台中",0,20,-20
"6413","5521工信","110/08/06","國泰-敦南",22,12,10
"6414","5521工信","110/08/06","元大-豐原",0,20,-20
"6415","5521工信","110/08/06","群益金鼎-屏東",10,0,10
"6416","5521工信","110/08/06","元大-北成功",0,20,-20
"6417","5521工信","110/08/06","群益金鼎-東門",10,0,10
"6418","5521工信","110/08/06","永豐金-埔里",0,20,-20
"6419","5521工信","110/08/06","元大-西螺",10,0,10
"6420","5521工信","110/08/06","港商野村",0,16,-16
"6421","1471首利","110/08/06","國票-彰化",30,0,30
"6422","1471首利","110/08/06","兆豐-麻豆",0,50,-50
"6423","1471首利","110/08/06","凱基-宜蘭",27,0,27
"6424","1471首利","110/08/06","台新證券",3,30,-27
"6425","1471首利","110/08/06","玉山-桃園",22,0,22
"6426","1471首利","110/08/06","美林",15,41,-26
"6427","1471首利","110/08/06","新光-台中",17,0,17
"6428","1471首利","110/08/06","永豐金-台南",0,25,-25
"6429","1471首利","110/08/06","兆豐-埔墘",14,0,14
"6430","1471首利","110/08/06","元富-草屯",0,19,-19
"6431","1471首利","110/08/06","新光-高雄",11,0,11
"6432","1471首利","110/08/06","新光-桃園",0,17,-17
"6433","1471首利","110/08/06","合庫-鳳山",10,0,10
"6434","1471首利","110/08/06","摩根大通",13,28,-15
"6435","1471首利","110/08/06","統一-竹南",10,0,10
"6436","1471首利","110/08/06","華南永昌-淡水",1,15,-14
"6437","1471首利","110/08/06","(牛牛牛)亞-鑫豐",10,0,10
"6438","1471首利","110/08/06","台中銀",1,14,-13
"6439","1471首利","110/08/06","兆豐-岡山",10,0,10
"6440","1471首利","110/08/06","玉山-板橋",0,12,-12
"6441","1471首利","110/08/06","凱基-彰化",10,0,10
"6442","1471首利","110/08/06","富邦-基隆",10,22,-12
"6443","1471首利","110/08/06","富邦-永和",10,0,10
"6444","1471首利","110/08/06","台灣企銀",0,10,-10
"6445","1471首利","110/08/06","元大-竹山",10,0,10
"6446","1471首利","110/08/06","元富-民權",0,10,-10
"6447","1471首利","110/08/06","元大-民雄",10,0,10
"6448","1471首利","110/08/06","元大-左營",0,10,-10
"6449","1471首利","110/08/06","元大-南崁",10,1,9
"6450","1471首利","110/08/06","大昌-新店",2,11,-9
"6451","2883開發金","110/08/06","國泰證券",7766,49,7717
"6452","2883開發金","110/08/06","永豐金-板橋",2,2245,-2243
"6453","2883開發金","110/08/06","元富-城東",7094,124,6970
"6454","2883開發金","110/08/06","玉山-台南",63,2130,-2067
"6455","2883開發金","110/08/06","摩根大通",4922,1097,3825
"6456","2883開發金","110/08/06","國泰-板橋",236,1871,-1635
"6457","2883開發金","110/08/06","瑞士信貸",3230,108,3122
"6458","2883開發金","110/08/06","港商野村",1243,2562,-1319
"6459","2883開發金","110/08/06","凱基-台北",4810,2311,2499
"6460","2883開發金","110/08/06","美林",1480,2782,-1302
"6461","2883開發金","110/08/06","合庫證券",3551,2064,1487
"6462","2883開發金","110/08/06","群益金鼎-中山",7,1151,-1144
"6463","2883開發金","110/08/06","新加坡商瑞銀",3900,2689,1211
"6464","2883開發金","110/08/06","日盛-員林",17,1100,-1083
"6465","2883開發金","110/08/06","玉山證券",1332,183,1149
"6466","2883開發金","110/08/06","台灣摩根士丹利",509,1544,-1035
"6467","2883開發金","110/08/06","國票-長城",1003,0,1003
"6468","2883開發金","110/08/06","台灣企銀-民雄",0,1004,-1004
"6469","2883開發金","110/08/06","康和",720,0,720
"6470","2883開發金","110/08/06","港商法國興業",7,981,-974
"6471","2883開發金","110/08/06","福邦證券",590,15,575
"6472","2883開發金","110/08/06","新光",240,1199,-959
"6473","2883開發金","110/08/06","台灣企銀-九如",492,10,482
"6474","2883開發金","110/08/06","元大-新莊",58,1017,-959
"6475","2883開發金","110/08/06","宏遠-民生",502,54,448
"6476","2883開發金","110/08/06","富邦-彰化",5,766,-761
"6477","2883開發金","110/08/06","元大證券",803,358,445
"6478","2883開發金","110/08/06","中國信託",270,931,-661
"6479","2883開發金","110/08/06","玉山-高雄",476,80,396
"6480","2883開發金","110/08/06","永豐金-彰化",33,655,-622
"6481","6205詮欣","110/08/06","臺銀-民權",20,0,20
"6482","6205詮欣","110/08/06","元大-板橋",0,50,-50
"6483","6205詮欣","110/08/06","合庫-三重",15,0,15
"6484","6205詮欣","110/08/06","摩根大通",0,29,-29
"6485","6205詮欣","110/08/06","日盛-三重",15,4,11
"6486","6205詮欣","110/08/06","臺銀-新竹",0,3,-3
"6487","6205詮欣","110/08/06","凱基-長庚",10,0,10
"6488","6205詮欣","110/08/06","日盛-頭份",0,3,-3
"6489","6205詮欣","110/08/06","臺銀-臺中",5,0,5
"6490","6205詮欣","110/08/06","群益金鼎-潭子",0,3,-3
"6491","6205詮欣","110/08/06","兆豐-台中",4,0,4
"6492","6205詮欣","110/08/06","永豐金-敦南",0,3,-3
"6493","6205詮欣","110/08/06","凱基-台北",4,0,4
"6494","6205詮欣","110/08/06","美林",0,2,-2
"6495","6205詮欣","110/08/06","元大-龍潭",4,0,4
"6496","6205詮欣","110/08/06","新加坡商瑞銀",6,8,-2
"6497","6205詮欣","110/08/06","瑞士信貸",3,0,3
"6498","6205詮欣","110/08/06","華南永昌-淡水",0,2,-2
"6499","6205詮欣","110/08/06","國泰-板橋",3,0,3
"6500","6205詮欣","110/08/06","元大-發財",0,2,-2
"6501","6205詮欣","110/08/06","台中銀",2,0,2
"6502","6205詮欣","110/08/06","元大-屏東民生",0,2,-2
"6503","6205詮欣","110/08/06","德信-新營",2,0,2
"6504","6205詮欣","110/08/06","統一-南京",0,1,-1
"6505","6205詮欣","110/08/06","兆豐-竹北",2,0,2
"6506","6205詮欣","110/08/06","新光-台中",0,1,-1
"6507","6205詮欣","110/08/06","兆豐-景美",2,0,2
"6508","6205詮欣","110/08/06","玉山證券",0,1,-1
"6509","6205詮欣","110/08/06","台新-台中",2,0,2
"6510","6205詮欣","110/08/06","富邦-左營",0,1,-1
"6511","1540喬福","110/08/06","元富-中原",27,0,27
"6512","1540喬福","110/08/06","統一-新台中",0,25,-25
"6513","1540喬福","110/08/06","合庫-台中",24,0,24
"6514","1540喬福","110/08/06","大慶-中壢",0,24,-24
"6515","1540喬福","110/08/06","台新-台中",10,0,10
"6516","1540喬福","110/08/06","福勝",0,7,-7
"6517","1540喬福","110/08/06","富邦-竹北",7,0,7
"6518","1540喬福","110/08/06","群益金鼎-高雄",0,5,-5
"6519","1540喬福","110/08/06","華南永昌-中正",5,0,5
"6520","1540喬福","110/08/06","富邦-高雄",0,5,-5
"6521","1540喬福","110/08/06","玉山證券",4,0,4
"6522","1540喬福","110/08/06","美林",0,3,-3
"6523","1540喬福","110/08/06","兆豐-台中港",2,0,2
"6524","1540喬福","110/08/06","元大-景美",0,3,-3
"6525","1540喬福","110/08/06","國票-中正",2,0,2
"6526","1540喬福","110/08/06","元大-和平",0,3,-3
"6527","1540喬福","110/08/06","凱基-虎尾",2,0,2
"6528","1540喬福","110/08/06","日盛-台中",0,2,-2
"6529","1540喬福","110/08/06","凱基-台北",2,0,2
"6530","1540喬福","110/08/06","日盛-中和",0,2,-2
"6531","1540喬福","110/08/06","元大-府城",2,0,2
"6532","1540喬福","110/08/06","台新-台南",0,2,-2
"6533","1540喬福","110/08/06","土銀-玉里",1,0,1
"6534","1540喬福","110/08/06","玉山-高雄",0,2,-2
"6535","1540喬福","110/08/06","第一金-中壢",1,0,1
"6536","1540喬福","110/08/06","凱基-中壢",0,2,-2
"6537","1540喬福","110/08/06","國票-彰化",1,0,1
"6538","1540喬福","110/08/06","致和-南京",0,1,-1
"6539","1540喬福","110/08/06","國泰-敦南",1,0,1
"6540","1540喬福","110/08/06","摩根大通",0,1,-1
"6541","2888新光金","110/08/06","玉山-城中",3762,22,3740
"6542","2888新光金","110/08/06","美林",583,3191,-2608
"6543","2888新光金","110/08/06","瑞士信貸",1783,778,1005
"6544","2888新光金","110/08/06","元富-城東",39,1594,-1555
"6545","2888新光金","110/08/06","元大-土城永寧",1004,16,988
"6546","2888新光金","110/08/06","日盛-板橋",19,1000,-981
"6547","2888新光金","110/08/06","新加坡商瑞銀",1129,357,772
"6548","2888新光金","110/08/06","摩根大通",2207,3153,-946
"6549","2888新光金","110/08/06","中國信託",566,4,562
"6550","2888新光金","110/08/06","新光",505,1390,-885
"6551","2888新光金","110/08/06","富邦-員林",484,3,481
"6552","2888新光金","110/08/06","台灣摩根士丹利",181,1022,-841
"6553","2888新光金","110/08/06","臺銀-金山",432,3,429
"6554","2888新光金","110/08/06","元大-四維",35,750,-715
"6555","2888新光金","110/08/06","臺銀",418,2,416
"6556","2888新光金","110/08/06","美商高盛",114,811,-697
"6557","2888新光金","110/08/06","凱基-東勢",404,6,398
"6558","2888新光金","110/08/06","法銀巴黎",274,867,-593
"6559","2888新光金","110/08/06","玉山證券",416,73,343
"6560","2888新光金","110/08/06","元大-員林",18,503,-485
"6561","2888新光金","110/08/06","華南永昌-民權",305,0,305
"6562","2888新光金","110/08/06","富邦-建國",57,471,-414
"6563","2888新光金","110/08/06","永興",300,10,290
"6564","2888新光金","110/08/06","富邦-台中",15,418,-403
"6565","2888新光金","110/08/06","富邦-台北",319,48,271
"6566","2888新光金","110/08/06","華南永昌-嘉義",2,324,-322
"6567","2888新光金","110/08/06","兆豐-員林",274,28,246
"6568","2888新光金","110/08/06","凱基-台北",839,1120,-281
"6569","2888新光金","110/08/06","合庫-台中",240,10,230
"6570","2888新光金","110/08/06","國泰-館前",20,289,-269
"6571","1340勝悅","110/08/06","國泰-台中",30,0,30
"6572","1340勝悅","110/08/06","凱基-三峽",0,20,-20
"6573","1340勝悅","110/08/06","元富-彰化",10,0,10
"6574","1340勝悅","110/08/06","富邦-台東",1,14,-13
"6575","1340勝悅","110/08/06","華南永昌-忠孝",8,0,8
"6576","1340勝悅","110/08/06","華南永昌-三重",0,12,-12
"6577","1340勝悅","110/08/06","華南永昌-大安",7,0,7
"6578","1340勝悅","110/08/06","華南永昌-台中",0,10,-10
"6579","1340勝悅","110/08/06","永豐金-信義",6,0,6
"6580","1340勝悅","110/08/06","美林",0,8,-8
"6581","1340勝悅","110/08/06","臺灣企銀-埔墘",5,0,5
"6582","1340勝悅","110/08/06","第一金-豐原",0,8,-8
"6583","1340勝悅","110/08/06","元大-沙鹿",5,0,5
"6584","1340勝悅","110/08/06","凱基-城中",0,8,-8
"6585","1340勝悅","110/08/06","新光-高雄",4,0,4
"6586","1340勝悅","110/08/06","華南永昌-嘉義",0,6,-6
"6587","1340勝悅","110/08/06","群益金鼎-彰化",4,0,4
"6588","1340勝悅","110/08/06","元富",0,5,-5
"6589","1340勝悅","110/08/06","元大-仁愛",4,0,4
"6590","1340勝悅","110/08/06","光和-田中",0,5,-5
"6591","1340勝悅","110/08/06","美商高盛",3,0,3
"6592","1340勝悅","110/08/06","摩根大通",0,5,-5
"6593","1340勝悅","110/08/06","群益金鼎-館前",3,0,3
"6594","1340勝悅","110/08/06","元大-草屯",0,4,-4
"6595","1340勝悅","110/08/06","臺銀-臺中",2,0,2
"6596","1340勝悅","110/08/06","凱基-台北",1,4,-3
"6597","1340勝悅","110/08/06","永全-南崁",2,0,2
"6598","1340勝悅","110/08/06","元大-苑裡",0,3,-3
"6599","1340勝悅","110/08/06","群益金鼎-崇德",2,0,2
"6600","1340勝悅","110/08/06","日盛-員林",0,2,-2
"6601","6246臺龍","110/08/06","元大-西螺",120,1,119
"6602","6246臺龍","110/08/06","統一",0,247,-247
"6603","6246臺龍","110/08/06","富邦-敦南",111,0,111
"6604","6246臺龍","110/08/06","元大-林森",3,203,-200
"6605","6246臺龍","110/08/06","統一-台中",74,10,64
"6606","6246臺龍","110/08/06","凱基-大直",4,103,-99
"6607","6246臺龍","110/08/06","日盛證券",53,0,53
"6608","6246臺龍","110/08/06","大慶-富順",45,110,-65
"6609","6246臺龍","110/08/06","兆豐-高雄",81,38,43
"6610","6246臺龍","110/08/06","統一-南京",20,70,-50
"6611","6246臺龍","110/08/06","群益金鼎-東大",43,2,41
"6612","6246臺龍","110/08/06","港商野村",166,213,-47
"6613","6246臺龍","110/08/06","統一-永和",40,0,40
"6614","6246臺龍","110/08/06","台灣企銀",0,45,-45
"6615","6246臺龍","110/08/06","凱基-市府",48,8,40
"6616","6246臺龍","110/08/06","華南永昌-忠孝",1,45,-44
"6617","6246臺龍","110/08/06","凱基-員林",40,0,40
"6618","6246臺龍","110/08/06","永豐金-桃盛",0,35,-35
"6619","6246臺龍","110/08/06","新光-高雄",57,21,36
"6620","6246臺龍","110/08/06","康和-澎湖",0,30,-30
"6621","6246臺龍","110/08/06","國泰-敦南",104,69,35
"6622","6246臺龍","110/08/06","康和-石牌",0,30,-30
"6623","6246臺龍","110/08/06","元大-金門",39,5,34
"6624","6246臺龍","110/08/06","中國信託-永康",6,35,-29
"6625","6246臺龍","110/08/06","元大-西屯",29,2,27
"6626","6246臺龍","110/08/06","康和-內湖",2,30,-28
"6627","6246臺龍","110/08/06","永興-水湳",26,1,25
"6628","6246臺龍","110/08/06","大昌",16,43,-27
"6629","6246臺龍","110/08/06","元大-豐原站前",25,0,25
"6630","6246臺龍","110/08/06","台新證券",29,55,-26
"6631","00715L期街口布蘭特正2","110/08/06","華南永昌-長虹",810,50,760
"6632","00715L期街口布蘭特正2","110/08/06","永豐金證券",105,2122,-2017
"6633","00715L期街口布蘭特正2","110/08/06","富邦證券",557,0,557
"6634","00715L期街口布蘭特正2","110/08/06","(牛牛牛)亞-鑫豐",23,892,-869
"6635","00715L期街口布蘭特正2","110/08/06","新光",643,129,514
"6636","00715L期街口布蘭特正2","110/08/06","凱基-台北",1,789,-788
"6637","00715L期街口布蘭特正2","110/08/06","台新-新營",434,0,434
"6638","00715L期街口布蘭特正2","110/08/06","元大-永康",0,781,-781
"6639","00715L期街口布蘭特正2","110/08/06","群益金鼎-屏東",401,0,401
"6640","00715L期街口布蘭特正2","110/08/06","富邦-彰化",0,513,-513
"6641","00715L期街口布蘭特正2","110/08/06","永豐金-板盛",402,21,381
"6642","00715L期街口布蘭特正2","110/08/06","玉山-大里",0,488,-488
"6643","00715L期街口布蘭特正2","110/08/06","兆豐-員林",302,6,296
"6644","00715L期街口布蘭特正2","110/08/06","元大-中和",0,400,-400
"6645","00715L期街口布蘭特正2","110/08/06","兆豐-新莊",260,0,260
"6646","00715L期街口布蘭特正2","110/08/06","元富-安南",2,310,-308
"6647","00715L期街口布蘭特正2","110/08/06","宏遠-光隆",252,0,252
"6648","00715L期街口布蘭特正2","110/08/06","元大-羅東",5,304,-299
"6649","00715L期街口布蘭特正2","110/08/06","台中銀",207,0,207
"6650","00715L期街口布蘭特正2","110/08/06","第一金-路竹",13,273,-260
"6651","00715L期街口布蘭特正2","110/08/06","國票-北高雄",204,0,204
"6652","00715L期街口布蘭特正2","110/08/06","元大-新盛",5,247,-242
"6653","00715L期街口布蘭特正2","110/08/06","永豐金-新店",200,4,196
"6654","00715L期街口布蘭特正2","110/08/06","元大-忠孝",0,202,-202
"6655","00715L期街口布蘭特正2","110/08/06","元大-新莊",211,17,194
"6656","00715L期街口布蘭特正2","110/08/06","兆豐-嘉義",8,200,-192
"6657","00715L期街口布蘭特正2","110/08/06","聯邦-興中",185,0,185
"6658","00715L期街口布蘭特正2","110/08/06","元大-西屯",5,190,-185
"6659","00715L期街口布蘭特正2","110/08/06","元富-成功",244,62,182
"6660","00715L期街口布蘭特正2","110/08/06","元大-前金",1,181,-180
"6661","8941關中","110/08/06","第一金-台南",6,0,6
"6662","8941關中","110/08/06","富邦-員林",0,20,-20
"6663","8941關中","110/08/06","凱基-市府",6,0,6
"6664","8941關中","110/08/06","元大-金華",0,1,-1
"6665","8941關中","110/08/06","合庫-台中",5,0,5
"6666","8941關中","110/08/06","元大-淡水",0,1,-1
"6667","8941關中","110/08/06","永豐金-三重",2,0,2
"6668","8941關中","110/08/06","合庫證券",0,0,0
"6669","8941關中","110/08/06","(牛牛牛)亞-鑫豐",1,0,1
"6670","8941關中","110/08/06","元大證券",0,0,0
"6671","8941關中","110/08/06","群益金鼎-基隆",1,0,1
"6672","8941關中","110/08/06","元大-桃興",2,2,0
"6673","8941關中","110/08/06","元大-古亭",1,0,1
"6674","8941關中","110/08/06","元大-板橋",0,0,0
"6675","8941關中","110/08/06","合庫證券",0,0,0
"6676","8941關中","110/08/06","永豐金-萬盛",0,0,0
"6677","8941關中","110/08/06","元大證券",0,0,0
"6678","8941關中","110/08/06","",NA,NA,NA
"6679","8941關中","110/08/06","元大-桃興",2,2,0
"6680","8941關中","110/08/06","",NA,NA,NA
"6681","8941關中","110/08/06","元大-板橋",0,0,0
"6682","8941關中","110/08/06","",NA,NA,NA
"6683","8941關中","110/08/06","永豐金-萬盛",0,0,0
"6684","8941關中","110/08/06","",NA,NA,NA
"6685","8941關中","110/08/06","",NA,NA,NA
"6686","8941關中","110/08/06","",NA,NA,NA
"6687","8941關中","110/08/06","",NA,NA,NA
"6688","8941關中","110/08/06","",NA,NA,NA
"6689","8941關中","110/08/06","",NA,NA,NA
"6690","8941關中","110/08/06","",NA,NA,NA
"6691","8936國統","110/08/06","摩根大通",55,0,55
"6692","8936國統","110/08/06","大慶-蘆洲",1,63,-62
"6693","8936國統","110/08/06","凱基-台北",66,19,47
"6694","8936國統","110/08/06","宏遠-館前",0,50,-50
"6695","8936國統","110/08/06","國票-敦北法人",25,1,24
"6696","8936國統","110/08/06","凱基-長庚",0,46,-46
"6697","8936國統","110/08/06","元大-大里德芳",22,0,22
"6698","8936國統","110/08/06","台灣摩根士丹利",0,42,-42
"6699","8936國統","110/08/06","兆豐-新營",20,0,20
"6700","8936國統","110/08/06","永豐金-苓雅",15,48,-33
"6701","8936國統","110/08/06","新光-新竹",17,0,17
"6702","8936國統","110/08/06","元大-竹東",0,30,-30
"6703","8936國統","110/08/06","新光-台中",17,4,13
"6704","8936國統","110/08/06","新加坡商瑞銀",23,49,-26
"6705","8936國統","110/08/06","元富-新店",10,0,10
"6706","8936國統","110/08/06","國票-北高雄",0,25,-25
"6707","8936國統","110/08/06","中國信託-永康",10,0,10
"6708","8936國統","110/08/06","國泰-台南",0,20,-20
"6709","8936國統","110/08/06","台新-高雄",11,1,10
"6710","8936國統","110/08/06","國泰-敦南",7,24,-17
"6711","8936國統","110/08/06","國泰-板橋",10,0,10
"6712","8936國統","110/08/06","臺灣企銀-桃園",0,13,-13
"6713","8936國統","110/08/06","群益金鼎-東湖",10,0,10
"6714","8936國統","110/08/06","美商高盛",1,13,-12
"6715","8936國統","110/08/06","元大-北成功",10,0,10
"6716","8936國統","110/08/06","合庫-高雄",0,10,-10
"6717","8936國統","110/08/06","臺銀-高雄",9,0,9
"6718","8936國統","110/08/06","臺銀",0,10,-10
"6719","8936國統","110/08/06","日盛-和美",9,0,9
"6720","8936國統","110/08/06","元大-土城學府",0,10,-10
"6721","6226光鼎","110/08/06","國泰-敦南",183,87,96
"6722","6226光鼎","110/08/06","富邦-嘉義",286,537,-251
"6723","6226光鼎","110/08/06","台新-高雄",129,53,76
"6724","6226光鼎","110/08/06","統一-新竹",30,181,-151
"6725","6226光鼎","110/08/06","新光",81,25,56
"6726","6226光鼎","110/08/06","宏遠-台中",0,118,-118
"6727","6226光鼎","110/08/06","台新證券",112,57,55
"6728","6226光鼎","110/08/06","華南永昌-大安",2,82,-80
"6729","6226光鼎","110/08/06","台新-新營",56,4,52
"6730","6226光鼎","110/08/06","元富-西松",1,76,-75
"6731","6226光鼎","110/08/06","中國信託",48,7,41
"6732","6226光鼎","110/08/06","凱基-豐中",1,74,-73
"6733","6226光鼎","110/08/06","富邦-板橋",38,5,33
"6734","6226光鼎","110/08/06","凱基-長庚",3,64,-61
"6735","6226光鼎","110/08/06","台新-中壢",32,0,32
"6736","6226光鼎","110/08/06","元富-高雄",2,58,-56
"6737","6226光鼎","110/08/06","日盛-北高雄",32,1,31
"6738","6226光鼎","110/08/06","永豐金-萬盛",2,49,-47
"6739","6226光鼎","110/08/06","群益金鼎-桃園",31,0,31
"6740","6226光鼎","110/08/06","統一-仁愛",11,57,-46
"6741","6226光鼎","110/08/06","元大-屏東民生",31,0,31
"6742","6226光鼎","110/08/06","國票-台中",0,46,-46
"6743","6226光鼎","110/08/06","中國信託-永康",35,5,30
"6744","6226光鼎","110/08/06","群益金鼎-嘉義",11,55,-44
"6745","6226光鼎","110/08/06","國泰-台中",57,27,30
"6746","6226光鼎","110/08/06","元大-沙鹿",6,50,-44
"6747","6226光鼎","110/08/06","群益金鼎-板橋",30,0,30
"6748","6226光鼎","110/08/06","新光-高雄",17,58,-41
"6749","6226光鼎","110/08/06","寶盛",29,0,29
"6750","6226光鼎","110/08/06","元大-嘉義",3,36,-33
"6751","2363矽統","110/08/06","新加坡商瑞銀",1338,777,561
"6752","2363矽統","110/08/06","凱基-台北",4343,7347,-3004
"6753","2363矽統","110/08/06","日盛-三峽",475,86,389
"6754","2363矽統","110/08/06","摩根大通",1716,2908,-1192
"6755","2363矽統","110/08/06","中國信託-忠孝",433,44,389
"6756","2363矽統","110/08/06","美商高盛",315,1169,-854
"6757","2363矽統","110/08/06","陽信-石牌",448,73,375
"6758","2363矽統","110/08/06","永豐金證券",168,889,-721
"6759","2363矽統","110/08/06","國泰-台中",743,471,272
"6760","2363矽統","110/08/06","國票-敦北法人",29,513,-484
"6761","2363矽統","110/08/06","國泰-敦南",2177,1919,258
"6762","2363矽統","110/08/06","元富-嘉義",43,424,-381
"6763","2363矽統","110/08/06","台新-台中",565,347,218
"6764","2363矽統","110/08/06","元大-東泰",174,540,-366
"6765","2363矽統","110/08/06","元大-敦化",246,31,215
"6766","2363矽統","110/08/06","元大證券",187,522,-335
"6767","2363矽統","110/08/06","大昌-桃園",241,51,190
"6768","2363矽統","110/08/06","合庫證券",173,495,-322
"6769","2363矽統","110/08/06","華南永昌-淡水",230,48,182
"6770","2363矽統","110/08/06","元大-萬華",128,391,-263
"6771","2363矽統","110/08/06","港商野村",2381,2203,178
"6772","2363矽統","110/08/06","國票-博愛",93,350,-257
"6773","2363矽統","110/08/06","台新-高雄",529,361,168
"6774","2363矽統","110/08/06","台新-屏東",200,455,-255
"6775","2363矽統","110/08/06","元大-新竹",320,156,164
"6776","2363矽統","110/08/06","日盛-南京",74,327,-253
"6777","2363矽統","110/08/06","元大-中壢",454,292,162
"6778","2363矽統","110/08/06","兆豐-民生",16,227,-211
"6779","2363矽統","110/08/06","新光-台南",310,150,160
"6780","2363矽統","110/08/06","元大-旗山",168,364,-196
"6781","8112至上","110/08/06","新光-新竹",533,65,468
"6782","8112至上","110/08/06","摩根大通",12,2930,-2918
"6783","8112至上","110/08/06","國泰-新莊",192,0,192
"6784","8112至上","110/08/06","凱基-台北",388,1548,-1160
"6785","8112至上","110/08/06","合庫證券",195,11,184
"6786","8112至上","110/08/06","新加坡商瑞銀",17,1069,-1052
"6787","8112至上","110/08/06","元大-西門",178,2,176
"6788","8112至上","110/08/06","台灣摩根士丹利",48,955,-907
"6789","8112至上","110/08/06","(牛牛牛)亞-鑫豐",153,13,140
"6790","8112至上","110/08/06","元大-竹科",61,824,-763
"6791","8112至上","110/08/06","永豐金-中正",120,1,119
"6792","8112至上","110/08/06","美林",19,583,-564
"6793","8112至上","110/08/06","陽信",111,0,111
"6794","8112至上","110/08/06","瑞士信貸",0,547,-547
"6795","8112至上","110/08/06","康和-板橋",106,0,106
"6796","8112至上","110/08/06","康和",2,484,-482
"6797","8112至上","110/08/06","群益金鼎-延平",101,0,101
"6798","8112至上","110/08/06","永豐金-台中",17,430,-413
"6799","8112至上","110/08/06","元大-北成功",110,14,96
"6800","8112至上","110/08/06","元大-屏南",4,393,-389
"6801","8112至上","110/08/06","元富-古亭",141,46,95
"6802","8112至上","110/08/06","美商高盛",12,217,-205
"6803","8112至上","110/08/06","臺灣企銀-埔墘",92,1,91
"6804","8112至上","110/08/06","新光-桃園",42,204,-162
"6805","8112至上","110/08/06","第一金-桃園",89,0,89
"6806","8112至上","110/08/06","玉山證券",18,162,-144
"6807","8112至上","110/08/06","台新證券",105,16,89
"6808","8112至上","110/08/06","群益金鼎-基隆",7,151,-144
"6809","8112至上","110/08/06","玉山-板橋",96,10,86
"6810","8112至上","110/08/06","台新-新營",60,183,-123
"6811","1570力肯","110/08/06","國票-北高雄",246,40,206
"6812","1570力肯","110/08/06","富邦-高雄",0,47,-47
"6813","1570力肯","110/08/06","統一-松江",43,0,43
"6814","1570力肯","110/08/06","凱基-台北",55,101,-46
"6815","1570力肯","110/08/06","日茂-南投",42,2,40
"6816","1570力肯","110/08/06","台新證券",25,60,-35
"6817","1570力肯","110/08/06","群益金鼎-三重",34,2,32
"6818","1570力肯","110/08/06","元富-三重",0,32,-32
"6819","1570力肯","110/08/06","華南永昌-麻豆",32,4,28
"6820","1570力肯","110/08/06","台中銀-員林",0,32,-32
"6821","1570力肯","110/08/06","永豐金-中和",29,2,27
"6822","1570力肯","110/08/06","國泰-板橋",1,33,-32
"6823","1570力肯","110/08/06","永豐金-大園",21,0,21
"6824","1570力肯","110/08/06","摩根大通",83,112,-29
"6825","1570力肯","110/08/06","統一-三重",25,5,20
"6826","1570力肯","110/08/06","玉山-新莊",0,27,-27
"6827","1570力肯","110/08/06","元富-新店",20,0,20
"6828","1570力肯","110/08/06","永豐金-虎尾",0,27,-27
"6829","1570力肯","110/08/06","大昌-桃園",21,1,20
"6830","1570力肯","110/08/06","玉山-左營",0,25,-25
"6831","1570力肯","110/08/06","康和-高雄",18,1,17
"6832","1570力肯","110/08/06","富邦-仁愛",10,32,-22
"6833","1570力肯","110/08/06","元富-潮州",16,0,16
"6834","1570力肯","110/08/06","中國信託-忠孝",0,21,-21
"6835","1570力肯","110/08/06","元富-松德",15,0,15
"6836","1570力肯","110/08/06","臺銀-鳳山",4,24,-20
"6837","1570力肯","110/08/06","凱基-嘉義",15,0,15
"6838","1570力肯","110/08/06","台新-屏東",1,21,-20
"6839","1570力肯","110/08/06","凱基-埔墘",15,0,15
"6840","1570力肯","110/08/06","群益金鼎-西松",0,20,-20
"6841","2929淘帝","110/08/06","統一",155,0,155
"6842","2929淘帝","110/08/06","元富-敦南",0,100,-100
"6843","2929淘帝","110/08/06","港商野村",188,52,136
"6844","2929淘帝","110/08/06","兆豐-忠孝",0,60,-60
"6845","2929淘帝","110/08/06","摩根大通",72,3,69
"6846","2929淘帝","110/08/06","台新證券",9,68,-59
"6847","2929淘帝","110/08/06","新光-新竹",45,0,45
"6848","2929淘帝","110/08/06","凱基-台北",30,80,-50
"6849","2929淘帝","110/08/06","華南永昌",40,1,39
"6850","2929淘帝","110/08/06","台新-台中",0,45,-45
"6851","2929淘帝","110/08/06","美林",52,18,34
"6852","2929淘帝","110/08/06","國泰-台中",2,43,-41
"6853","2929淘帝","110/08/06","新加坡商瑞銀",48,14,34
"6854","2929淘帝","110/08/06","華南永昌-林口",0,37,-37
"6855","2929淘帝","110/08/06","日盛-頭份",32,0,32
"6856","2929淘帝","110/08/06","元大-屏南",0,30,-30
"6857","2929淘帝","110/08/06","日盛-板橋中山",30,0,30
"6858","2929淘帝","110/08/06","群益金鼎-潭子",0,26,-26
"6859","2929淘帝","110/08/06","元大-中壢",25,3,22
"6860","2929淘帝","110/08/06","元大-新莊",3,26,-23
"6861","2929淘帝","110/08/06","元大-莒光",21,0,21
"6862","2929淘帝","110/08/06","臺銀-臺南",0,22,-22
"6863","2929淘帝","110/08/06","福勝",20,0,20
"6864","2929淘帝","110/08/06","新光",2,24,-22
"6865","2929淘帝","110/08/06","元富-三重",17,0,17
"6866","2929淘帝","110/08/06","華南永昌-長虹",0,22,-22
"6867","2929淘帝","110/08/06","國票-南京",17,0,17
"6868","2929淘帝","110/08/06","富邦-高雄",0,20,-20
"6869","2929淘帝","110/08/06","合庫證券",16,0,16
"6870","2929淘帝","110/08/06","元大-竹科",0,20,-20
"6871","5410國眾","110/08/06","元大-中壢",15,1,14
"6872","5410國眾","110/08/06","凱基-台北",0,16,-16
"6873","5410國眾","110/08/06","玉山-嘉義",10,0,10
"6874","5410國眾","110/08/06","元大-松山",0,15,-15
"6875","5410國眾","110/08/06","元大-敦南",10,0,10
"6876","5410國眾","110/08/06","元大-斗信",0,10,-10
"6877","5410國眾","110/08/06","永豐金-板橋",10,0,10
"6878","5410國眾","110/08/06","臺銀-臺南",0,9,-9
"6879","5410國眾","110/08/06","華南永昌-新莊",9,0,9
"6880","5410國眾","110/08/06","新光-台中",0,9,-9
"6881","5410國眾","110/08/06","華南永昌-世貿",6,0,6
"6882","5410國眾","110/08/06","群益金鼎-中壢",0,7,-7
"6883","5410國眾","110/08/06","亞東",5,0,5
"6884","5410國眾","110/08/06","永豐金-中和",0,7,-7
"6885","5410國眾","110/08/06","大昌-新店",5,0,5
"6886","5410國眾","110/08/06","元大-北投",0,6,-6
"6887","5410國眾","110/08/06","凱基-民權",5,0,5
"6888","5410國眾","110/08/06","元大-豐原站前",0,6,-6
"6889","5410國眾","110/08/06","元大-士林",5,0,5
"6890","5410國眾","110/08/06","臺銀",0,5,-5
"6891","5410國眾","110/08/06","元大-北三重",5,0,5
"6892","5410國眾","110/08/06","台灣企銀-太平",0,5,-5
"6893","5410國眾","110/08/06","永豐金-桃園",5,0,5
"6894","5410國眾","110/08/06","元大-大益",0,5,-5
"6895","5410國眾","110/08/06","兆豐-員林",4,0,4
"6896","5410國眾","110/08/06","元大-和平",0,5,-5
"6897","5410國眾","110/08/06","台新-三民",4,0,4
"6898","5410國眾","110/08/06","元大-台南",0,5,-5
"6899","5410國眾","110/08/06","國泰-敦南",6,2,4
"6900","5410國眾","110/08/06","元大-古亭",0,5,-5
"6901","2841台開","110/08/06","宏遠-館前",520,0,520
"6902","2841台開","110/08/06","元富-台南",0,200,-200
"6903","2841台開","110/08/06","合庫證券",193,0,193
"6904","2841台開","110/08/06","元大-鹿港",0,182,-182
"6905","2841台開","110/08/06","永興-台中",100,0,100
"6906","2841台開","110/08/06","群益金鼎-桃園",0,132,-132
"6907","2841台開","110/08/06","永豐金-竹北",78,0,78
"6908","2841台開","110/08/06","中國信託-忠孝",0,130,-130
"6909","2841台開","110/08/06","元大證券",50,0,50
"6910","2841台開","110/08/06","元大-四維",3,116,-113
"6911","2841台開","110/08/06","元大-大天母",50,0,50
"6912","2841台開","110/08/06","元富-嘉義",0,50,-50
"6913","2841台開","110/08/06","永豐金-敦南",50,0,50
"6914","2841台開","110/08/06","元富-板橋",0,50,-50
"6915","2841台開","110/08/06","日盛-園區",49,0,49
"6916","2841台開","110/08/06","(牛牛牛)亞-鑫豐",0,50,-50
"6917","2841台開","110/08/06","元大-前金",38,0,38
"6918","2841台開","110/08/06","群益金鼎-新店",0,50,-50
"6919","2841台開","110/08/06","新光-台中",32,1,31
"6920","2841台開","110/08/06","統一-彰化",0,45,-45
"6921","2841台開","110/08/06","華南永昌-台中",30,0,30
"6922","2841台開","110/08/06","台中銀",12,50,-38
"6923","2841台開","110/08/06","第一金-忠孝",20,0,20
"6924","2841台開","110/08/06","國票-中和",0,30,-30
"6925","2841台開","110/08/06","富邦-台北",20,0,20
"6926","2841台開","110/08/06","富邦-竹北",0,29,-29
"6927","2841台開","110/08/06","元大-林園",20,0,20
"6928","2841台開","110/08/06","日盛-樹林",0,26,-26
"6929","2841台開","110/08/06","日盛-信義",18,0,18
"6930","2841台開","110/08/06","富邦-板橋",0,25,-25
"6931","6207雷科","110/08/06","凱基-台北",167,49,118
"6932","6207雷科","110/08/06","群益金鼎-古亭",0,80,-80
"6933","6207雷科","110/08/06","摩根大通",185,102,83
"6934","6207雷科","110/08/06","康和-台中",0,56,-56
"6935","6207雷科","110/08/06","新光-台中",65,1,64
"6936","6207雷科","110/08/06","統一-板橋",8,59,-51
"6937","6207雷科","110/08/06","元大-鳳山",77,40,37
"6938","6207雷科","110/08/06","臺銀",0,50,-50
"6939","6207雷科","110/08/06","德信",30,0,30
"6940","6207雷科","110/08/06","日盛-忠孝",0,50,-50
"6941","6207雷科","110/08/06","新加坡商瑞銀",47,19,28
"6942","6207雷科","110/08/06","永豐金-虎尾",0,29,-29
"6943","6207雷科","110/08/06","凱基-三重",30,2,28
"6944","6207雷科","110/08/06","凱基-敦北",0,23,-23
"6945","6207雷科","110/08/06","凱基-三峽",33,10,23
"6946","6207雷科","110/08/06","華南永昌-世貿",0,22,-22
"6947","6207雷科","110/08/06","玉山-台大",25,3,22
"6948","6207雷科","110/08/06","兆豐-來福",5,25,-20
"6949","6207雷科","110/08/06","元大-板橋",15,0,15
"6950","6207雷科","110/08/06","群益金鼎-中壢",1,21,-20
"6951","6207雷科","110/08/06","元大-南京",13,0,13
"6952","6207雷科","110/08/06","宏遠-台南",0,16,-16
"6953","6207雷科","110/08/06","元富-大昌",12,0,12
"6954","6207雷科","110/08/06","合庫-桃園",0,15,-15
"6955","6207雷科","110/08/06","德信-和平",11,0,11
"6956","6207雷科","110/08/06","玉山-新莊",1,16,-15
"6957","6207雷科","110/08/06","元大-承德",12,1,11
"6958","6207雷科","110/08/06","群益金鼎-敦南",0,15,-15
"6959","6207雷科","110/08/06","台新-高雄",18,8,10
"6960","6207雷科","110/08/06","台新-左楠",2,15,-13
"6961","3679新至陞","110/08/06","國票-安和",10,0,10
"6962","3679新至陞","110/08/06","摩根大通",1,32,-31
"6963","3679新至陞","110/08/06","元大-上新莊",10,0,10
"6964","3679新至陞","110/08/06","凱基-台北",2,17,-15
"6965","3679新至陞","110/08/06","富邦-台北",9,0,9
"6966","3679新至陞","110/08/06","台灣摩根士丹利",0,11,-11
"6967","3679新至陞","110/08/06","元大-板橋",9,3,6
"6968","3679新至陞","110/08/06","瑞士信貸",0,11,-11
"6969","3679新至陞","110/08/06","康和-板橋",5,0,5
"6970","3679新至陞","110/08/06","兆豐-員林",0,10,-10
"6971","3679新至陞","110/08/06","國泰-松江",5,0,5
"6972","3679新至陞","110/08/06","元大-蘆洲",0,10,-10
"6973","3679新至陞","110/08/06","凱基-三峽",5,0,5
"6974","3679新至陞","110/08/06","美林",1,8,-7
"6975","3679新至陞","110/08/06","華南永昌-大安",5,0,5
"6976","3679新至陞","110/08/06","群益金鼎-桃園",0,7,-7
"6977","3679新至陞","110/08/06","台新-屏東",4,0,4
"6978","3679新至陞","110/08/06","玉山-台大",0,5,-5
"6979","3679新至陞","110/08/06","群益金鼎-敦南",4,0,4
"6980","3679新至陞","110/08/06","日盛-新竹",0,4,-4
"6981","3679新至陞","110/08/06","元大-天母",4,0,4
"6982","3679新至陞","110/08/06","土銀-和平",2,5,-3
"6983","3679新至陞","110/08/06","臺銀-高雄",3,0,3
"6984","3679新至陞","110/08/06","元富-松德",0,3,-3
"6985","3679新至陞","110/08/06","台中銀-員林",3,0,3
"6986","3679新至陞","110/08/06","光和-田中",0,3,-3
"6987","3679新至陞","110/08/06","北城證券",3,0,3
"6988","3679新至陞","110/08/06","群益金鼎-台南",0,3,-3
"6989","3679新至陞","110/08/06","元大-景美",3,0,3
"6990","3679新至陞","110/08/06","元大證券",1,4,-3
"6991","2727王品","110/08/06","摩根大通",65,18,47
"6992","2727王品","110/08/06","美商高盛",12,258,-246
"6993","2727王品","110/08/06","華南永昌",18,0,18
"6994","2727王品","110/08/06","安泰",2,60,-58
"6995","2727王品","110/08/06","凱基-台北",41,25,16
"6996","2727王品","110/08/06","台灣摩根士丹利",10,59,-49
"6997","2727王品","110/08/06","元大-中壢",20,4,16
"6998","2727王品","110/08/06","台新證券",17,60,-43
"6999","2727王品","110/08/06","台新-高雄",27,13,14
"7000","2727王品","110/08/06","元大-桃園",0,32,-32
"7001","2727王品","110/08/06","永豐金-苓雅",14,1,13
"7002","2727王品","110/08/06","凱基-基隆",0,30,-30
"7003","2727王品","110/08/06","永豐金-中盛",14,1,13
"7004","2727王品","110/08/06","群益金鼎-台中",0,22,-22
"7005","2727王品","110/08/06","第一金-安和",12,0,12
"7006","2727王品","110/08/06","凱基-三重",1,20,-19
"7007","2727王品","110/08/06","台新-台南",12,0,12
"7008","2727王品","110/08/06","元大證券",23,42,-19
"7009","2727王品","110/08/06","元大-八德",12,0,12
"7010","2727王品","110/08/06","瑞士信貸",0,18,-18
"7011","2727王品","110/08/06","新加坡商瑞銀",14,3,11
"7012","2727王品","110/08/06","港商野村",32,50,-18
"7013","2727王品","110/08/06","美林",11,1,10
"7014","2727王品","110/08/06","元大-羅東",2,17,-15
"7015","2727王品","110/08/06","台新-中壢",10,0,10
"7016","2727王品","110/08/06","元大-彰化",3,15,-12
"7017","2727王品","110/08/06","大昌-新竹",9,0,9
"7018","2727王品","110/08/06","土銀-高雄",1,12,-11
"7019","2727王品","110/08/06","元大-文心興安",11,2,9
"7020","2727王品","110/08/06","台新-新莊",0,11,-11
"7021","1570力肯","110/08/06","國票-北高雄",246,40,206
"7022","1570力肯","110/08/06","富邦-高雄",0,47,-47
"7023","1570力肯","110/08/06","統一-松江",43,0,43
"7024","1570力肯","110/08/06","凱基-台北",55,101,-46
"7025","1570力肯","110/08/06","日茂-南投",42,2,40
"7026","1570力肯","110/08/06","台新證券",25,60,-35
"7027","1570力肯","110/08/06","群益金鼎-三重",34,2,32
"7028","1570力肯","110/08/06","元富-三重",0,32,-32
"7029","1570力肯","110/08/06","華南永昌-麻豆",32,4,28
"7030","1570力肯","110/08/06","台中銀-員林",0,32,-32
"7031","1570力肯","110/08/06","永豐金-中和",29,2,27
"7032","1570力肯","110/08/06","國泰-板橋",1,33,-32
"7033","1570力肯","110/08/06","永豐金-大園",21,0,21
"7034","1570力肯","110/08/06","摩根大通",83,112,-29
"7035","1570力肯","110/08/06","統一-三重",25,5,20
"7036","1570力肯","110/08/06","玉山-新莊",0,27,-27
"7037","1570力肯","110/08/06","元富-新店",20,0,20
"7038","1570力肯","110/08/06","永豐金-虎尾",0,27,-27
"7039","1570力肯","110/08/06","大昌-桃園",21,1,20
"7040","1570力肯","110/08/06","玉山-左營",0,25,-25
"7041","1570力肯","110/08/06","康和-高雄",18,1,17
"7042","1570力肯","110/08/06","富邦-仁愛",10,32,-22
"7043","1570力肯","110/08/06","元富-潮州",16,0,16
"7044","1570力肯","110/08/06","中國信託-忠孝",0,21,-21
"7045","1570力肯","110/08/06","元富-松德",15,0,15
"7046","1570力肯","110/08/06","臺銀-鳳山",4,24,-20
"7047","1570力肯","110/08/06","凱基-嘉義",15,0,15
"7048","1570力肯","110/08/06","台新-屏東",1,21,-20
"7049","1570力肯","110/08/06","凱基-埔墘",15,0,15
"7050","1570力肯","110/08/06","群益金鼎-西松",0,20,-20
"7051","6180橘子","110/08/06","凱基-中山",138,3,135
"7052","6180橘子","110/08/06","新光",6,37,-31
"7053","6180橘子","110/08/06","富邦-高雄",18,0,18
"7054","6180橘子","110/08/06","永豐金-板新",0,24,-24
"7055","6180橘子","110/08/06","美商高盛",14,0,14
"7056","6180橘子","110/08/06","國票-九鼎",0,20,-20
"7057","6180橘子","110/08/06","富邦-板橋",14,0,14
"7058","6180橘子","110/08/06","群益金鼎-古亭",0,20,-20
"7059","6180橘子","110/08/06","台灣摩根士丹利",18,6,12
"7060","6180橘子","110/08/06","凱基-台北",2,22,-20
"7061","6180橘子","110/08/06","聯邦-雙和",11,0,11
"7062","6180橘子","110/08/06","富邦-員林",1,20,-19
"7063","6180橘子","110/08/06","宏遠-光隆",10,0,10
"7064","6180橘子","110/08/06","富邦-基隆",0,14,-14
"7065","6180橘子","110/08/06","元富-四維",10,0,10
"7066","6180橘子","110/08/06","元富-永和",1,12,-11
"7067","6180橘子","110/08/06","摩根大通",11,1,10
"7068","6180橘子","110/08/06","玉山-台南",0,11,-11
"7069","6180橘子","110/08/06","日盛-中壢",9,0,9
"7070","6180橘子","110/08/06","元大-彰化民生",0,11,-11
"7071","6180橘子","110/08/06","中國信託",9,0,9
"7072","6180橘子","110/08/06","群益金鼎-忠孝",0,10,-10
"7073","6180橘子","110/08/06","凱基-板橋",10,1,9
"7074","6180橘子","110/08/06","元大-龍潭",0,10,-10
"7075","6180橘子","110/08/06","日盛-景美",9,2,7
"7076","6180橘子","110/08/06","元大-金華",1,11,-10
"7077","6180橘子","110/08/06","瑞士信貸",7,0,7
"7078","6180橘子","110/08/06","第一金-新興",0,8,-8
"7079","6180橘子","110/08/06","元大-高雄",5,0,5
"7080","6180橘子","110/08/06","美林",0,7,-7
"7081","2390云辰","110/08/06","元大證券",203,14,189
"7082","2390云辰","110/08/06","永豐金-豐原",0,174,-174
"7083","2390云辰","110/08/06","美商高盛",114,7,107
"7084","2390云辰","110/08/06","第一金-華江",0,83,-83
"7085","2390云辰","110/08/06","華南永昌-麻豆",103,0,103
"7086","2390云辰","110/08/06","凱基-台北",126,197,-71
"7087","2390云辰","110/08/06","國票-安和",76,11,65
"7088","2390云辰","110/08/06","摩根大通",129,187,-58
"7089","2390云辰","110/08/06","港商野村",188,138,50
"7090","2390云辰","110/08/06","臺銀-金山",0,50,-50
"7091","2390云辰","110/08/06","元大-土城學府",102,56,46
"7092","2390云辰","110/08/06","聯邦商銀",13,50,-37
"7093","2390云辰","110/08/06","元富-板橋",41,0,41
"7094","2390云辰","110/08/06","元大-上新莊",10,43,-33
"7095","2390云辰","110/08/06","新加坡商瑞銀",47,7,40
"7096","2390云辰","110/08/06","兆豐-三民",0,30,-30
"7097","2390云辰","110/08/06","元大-台南",35,0,35
"7098","2390云辰","110/08/06","富邦-桃園",0,30,-30
"7099","2390云辰","110/08/06","凱基-林口",31,0,31
"7100","2390云辰","110/08/06","國泰-敦南",33,60,-27
"7101","2390云辰","110/08/06","凱基-台中",23,0,23
"7102","2390云辰","110/08/06","元大-天母",1,28,-27
"7103","2390云辰","110/08/06","台新-左楠",22,0,22
"7104","2390云辰","110/08/06","統一-高雄",0,25,-25
"7105","2390云辰","110/08/06","元大-文心",24,2,22
"7106","2390云辰","110/08/06","元大-太平",0,22,-22
"7107","2390云辰","110/08/06","統一-三重",22,1,21
"7108","2390云辰","110/08/06","彰銀-台中",36,56,-20
"7109","2390云辰","110/08/06","台灣企銀-嘉義",20,0,20
"7110","2390云辰","110/08/06","統一-屏東",1,21,-20
"7111","2867三商壽","110/08/05","摩根大通",376,0,376
"7112","2867三商壽","110/08/05","日盛-新莊",0,253,-253
"7113","2867三商壽","110/08/05","玉山-大里",307,1,306
"7114","2867三商壽","110/08/05","宏遠-高雄",0,156,-156
"7115","2867三商壽","110/08/05","元大-土城永寧",250,0,250
"7116","2867三商壽","110/08/05","康和-台中",0,135,-135
"7117","2867三商壽","110/08/05","新加坡商瑞銀",137,0,137
"7118","2867三商壽","110/08/05","台灣摩根士丹利",17,133,-116
"7119","2867三商壽","110/08/05","大展",120,0,120
"7120","2867三商壽","110/08/05","台灣企銀-竹北",0,100,-100
"7121","2867三商壽","110/08/05","凱基-長庚",120,0,120
"7122","2867三商壽","110/08/05","群益金鼎-桃園",1,100,-99
"7123","2867三商壽","110/08/05","元大-大同",104,2,102
"7124","2867三商壽","110/08/05","永豐金-高雄",10,101,-91
"7125","2867三商壽","110/08/05","凱基-台北",98,30,68
"7126","2867三商壽","110/08/05","元富",0,70,-70
"7127","2867三商壽","110/08/05","華南永昌-朴子",60,0,60
"7128","2867三商壽","110/08/05","富邦-花蓮",0,53,-53
"7129","2867三商壽","110/08/05","永豐金-市政",50,0,50
"7130","2867三商壽","110/08/05","日盛-台南",0,43,-43
"7131","2867三商壽","110/08/05","富邦-台南",49,1,48
"7132","2867三商壽","110/08/05","宏遠-台中",6,45,-39
"7133","2867三商壽","110/08/05","永豐金-永康",30,0,30
"7134","2867三商壽","110/08/05","瑞士信貸",0,32,-32
"7135","2867三商壽","110/08/05","富邦-竹東",30,1,29
"7136","2867三商壽","110/08/05","致和-高雄",0,31,-31
"7137","2867三商壽","110/08/05","兆豐-高雄",30,10,20
"7138","2867三商壽","110/08/05","國泰-台南",1,32,-31
"7139","2867三商壽","110/08/05","群益金鼎-西松",20,0,20
"7140","2867三商壽","110/08/05","元大-松山",1,31,-30
"7141","5521工信","110/08/05","兆豐-桃園",72,0,72
"7142","5521工信","110/08/05","美林",5,100,-95
"7143","5521工信","110/08/05","(牛牛牛)亞-鑫豐",24,0,24
"7144","5521工信","110/08/05","華南永昌-桃園",0,76,-76
"7145","5521工信","110/08/05","富邦-建國",22,0,22
"7146","5521工信","110/08/05","第一金-桃園",0,43,-43
"7147","5521工信","110/08/05","日盛-雙和",16,0,16
"7148","5521工信","110/08/05","凱基-台北",0,26,-26
"7149","5521工信","110/08/05","元大-鳳山",16,0,16
"7150","5521工信","110/08/05","台灣摩根士丹利",0,22,-22
"7151","5521工信","110/08/05","元富-城東",12,0,12
"7152","5521工信","110/08/05","富邦-竹北",0,20,-20
"7153","5521工信","110/08/05","元大-東蘆",12,0,12
"7154","5521工信","110/08/05","富邦-員林",0,20,-20
"7155","5521工信","110/08/05","元大-路竹",11,0,11
"7156","5521工信","110/08/05","元大-豐原",0,20,-20
"7157","5521工信","110/08/05","元大-基隆孝二",11,0,11
"7158","5521工信","110/08/05","港商野村",0,17,-17
"7159","5521工信","110/08/05","日盛-園區",10,0,10
"7160","5521工信","110/08/05","元大-大同",0,14,-14
"7161","5521工信","110/08/05","玉山-台大",10,0,10
"7162","5521工信","110/08/05","永豐金證券",0,14,-14
"7163","5521工信","110/08/05","華南永昌-公誠",10,0,10
"7164","5521工信","110/08/05","兆豐-高雄",0,10,-10
"7165","5521工信","110/08/05","元大-斗六",10,0,10
"7166","5521工信","110/08/05","群益金鼎-永和",0,10,-10
"7167","5521工信","110/08/05","元大-屏東",10,0,10
"7168","5521工信","110/08/05","永豐金-中和",0,10,-10
"7169","5521工信","110/08/05","國泰-台中",9,0,9
"7170","5521工信","110/08/05","第一金-高雄",0,7,-7
"7171","1471首利","110/08/05","國票-北高雄",50,0,50
"7172","1471首利","110/08/05","永豐金-板盛",0,129,-129
"7173","1471首利","110/08/05","台灣摩根士丹利",49,0,49
"7174","1471首利","110/08/05","元大-三重",0,50,-50
"7175","1471首利","110/08/05","元大-太平",30,0,30
"7176","1471首利","110/08/05","瑞士信貸",0,42,-42
"7177","1471首利","110/08/05","國泰-敦南",24,0,24
"7178","1471首利","110/08/05","美林",0,37,-37
"7179","1471首利","110/08/05","玉山-桃園",21,0,21
"7180","1471首利","110/08/05","元富-草屯",0,30,-30
"7181","1471首利","110/08/05","宏遠-光隆",20,0,20
"7182","1471首利","110/08/05","元富-民權",0,25,-25
"7183","1471首利","110/08/05","富邦-嘉義",20,1,19
"7184","1471首利","110/08/05","台中銀",0,23,-23
"7185","1471首利","110/08/05","元大-博愛",30,13,17
"7186","1471首利","110/08/05","元富-新興",0,20,-20
"7187","1471首利","110/08/05","台新-高雄",16,0,16
"7188","1471首利","110/08/05","摩根大通",17,33,-16
"7189","1471首利","110/08/05","日盛-文化",15,0,15
"7190","1471首利","110/08/05","日盛-鳳山",0,15,-15
"7191","1471首利","110/08/05","群益金鼎-新莊",15,0,15
"7192","1471首利","110/08/05","高橋",0,14,-14
"7193","1471首利","110/08/05","凱基-科園",13,0,13
"7194","1471首利","110/08/05","富邦-羅東",0,13,-13
"7195","1471首利","110/08/05","元大-高雄",12,0,12
"7196","1471首利","110/08/05","德信-中正",0,12,-12
"7197","1471首利","110/08/05","第一金-桃園",11,0,11
"7198","1471首利","110/08/05","群益金鼎-中港",5,17,-12
"7199","1471首利","110/08/05","台灣企銀-太平",10,0,10
"7200","1471首利","110/08/05","第一金-台南",0,10,-10
"7201","2883開發金","110/08/05","元富",5268,0,5268
"7202","2883開發金","110/08/05","新光-高雄",309,4909,-4600
"7203","2883開發金","110/08/05","瑞士信貸",4963,0,4963
"7204","2883開發金","110/08/05","富邦-竹東",594,3509,-2915
"7205","2883開發金","110/08/05","富邦證券",3800,0,3800
"7206","2883開發金","110/08/05","永豐金-南京",2,1915,-1913
"7207","2883開發金","110/08/05","台灣摩根士丹利",3886,1250,2636
"7208","2883開發金","110/08/05","第一金-自由",2,1894,-1892
"7209","2883開發金","110/08/05","元富-城東",2119,68,2051
"7210","2883開發金","110/08/05","康和-仁愛",0,1820,-1820
"7211","2883開發金","110/08/05","港商野村",2397,395,2002
"7212","2883開發金","110/08/05","兆豐-台中港",22,1522,-1500
"7213","2883開發金","110/08/05","第一金-忠孝",2020,88,1932
"7214","2883開發金","110/08/05","元大-大同",43,1010,-967
"7215","2883開發金","110/08/05","國泰證券",1682,3,1679
"7216","2883開發金","110/08/05","國票",53,645,-592
"7217","2883開發金","110/08/05","大和國泰",1666,0,1666
"7218","2883開發金","110/08/05","富邦-新竹",86,674,-588
"7219","2883開發金","110/08/05","永豐金-板橋",1507,15,1492
"7220","2883開發金","110/08/05","富邦-建國",39,560,-521
"7221","2883開發金","110/08/05","台灣企銀-民雄",1002,0,1002
"7222","2883開發金","110/08/05","日盛-台南",7,525,-518
"7223","2883開發金","110/08/05","美林",1263,577,686
"7224","2883開發金","110/08/05","凱基-基隆",1,510,-509
"7225","2883開發金","110/08/05","康和",640,0,640
"7226","2883開發金","110/08/05","元富-民權",0,500,-500
"7227","2883開發金","110/08/05","凱基-台北",1262,679,583
"7228","2883開發金","110/08/05","永豐金-松山",9,509,-500
"7229","2883開發金","110/08/05","福邦證券",560,50,510
"7230","2883開發金","110/08/05","華南永昌-中正",25,511,-486
"7231","6205詮欣","110/08/05","富邦-高雄",27,0,27
"7232","6205詮欣","110/08/05","臺銀-鳳山",0,31,-31
"7233","6205詮欣","110/08/05","摩根大通",27,1,26
"7234","6205詮欣","110/08/05","合庫-三重",0,15,-15
"7235","6205詮欣","110/08/05","永豐金-敦南",14,0,14
"7236","6205詮欣","110/08/05","臺銀-民權",11,21,-10
"7237","6205詮欣","110/08/05","凱基-台北",14,1,13
"7238","6205詮欣","110/08/05","日盛-中壢",0,10,-10
"7239","6205詮欣","110/08/05","瑞士信貸",14,5,9
"7240","6205詮欣","110/08/05","統一-松江",0,10,-10
"7241","6205詮欣","110/08/05","凱基-湖口",9,0,9
"7242","6205詮欣","110/08/05","台新-三民",0,9,-9
"7243","6205詮欣","110/08/05","德信-新營",4,0,4
"7244","6205詮欣","110/08/05","臺銀-新竹",1,9,-8
"7245","6205詮欣","110/08/05","元大-東蘆",5,1,4
"7246","6205詮欣","110/08/05","康和",0,5,-5
"7247","6205詮欣","110/08/05","臺銀-高雄",3,0,3
"7248","6205詮欣","110/08/05","元大-館前",0,4,-4
"7249","6205詮欣","110/08/05","富邦-左營",3,0,3
"7250","6205詮欣","110/08/05","宏遠-新化",0,3,-3
"7251","6205詮欣","110/08/05","日盛-花蓮",2,0,2
"7252","6205詮欣","110/08/05","新加坡商瑞銀",4,7,-3
"7253","6205詮欣","110/08/05","元富-三重",2,0,2
"7254","6205詮欣","110/08/05","致和-高雄",0,3,-3
"7255","6205詮欣","110/08/05","北城證券",2,0,2
"7256","6205詮欣","110/08/05","國票",0,3,-3
"7257","6205詮欣","110/08/05","國票-南港",2,0,2
"7258","6205詮欣","110/08/05","富邦-嘉義",0,3,-3
"7259","6205詮欣","110/08/05","台新證券",2,0,2
"7260","6205詮欣","110/08/05","統一-士林",0,2,-2
"7261","1540喬福","110/08/05","元富-中原",24,0,24
"7262","1540喬福","110/08/05","統一-新台中",0,21,-21
"7263","1540喬福","110/08/05","台新-台南",10,0,10
"7264","1540喬福","110/08/05","國泰-敦南",0,15,-15
"7265","1540喬福","110/08/05","台新-台中",10,0,10
"7266","1540喬福","110/08/05","華南永昌-南京",0,10,-10
"7267","1540喬福","110/08/05","瑞士信貸",6,0,6
"7268","1540喬福","110/08/05","元大-台中中港",0,10,-10
"7269","1540喬福","110/08/05","台中銀-豐原",6,0,6
"7270","1540喬福","110/08/05","德信-新營",0,8,-8
"7271","1540喬福","110/08/05","凱基-台北",6,0,6
"7272","1540喬福","110/08/05","新光-台南",0,4,-4
"7273","1540喬福","110/08/05","凱基-台南",5,0,5
"7274","1540喬福","110/08/05","元大-大天母",6,10,-4
"7275","1540喬福","110/08/05","元大-士林",5,0,5
"7276","1540喬福","110/08/05","康和-新竹",0,3,-3
"7277","1540喬福","110/08/05","美林",2,0,2
"7278","1540喬福","110/08/05","元大-龍潭",0,3,-3
"7279","1540喬福","110/08/05","群益金鼎-崇德",2,0,2
"7280","1540喬福","110/08/05","第一金-員林",0,1,-1
"7281","1540喬福","110/08/05","凱基-苗栗",2,0,2
"7282","1540喬福","110/08/05","第一金-豐原",0,1,-1
"7283","1540喬福","110/08/05","凱基-中壢",2,0,2
"7284","1540喬福","110/08/05","台新-高雄",0,1,-1
"7285","1540喬福","110/08/05","土銀-士林",1,0,1
"7286","1540喬福","110/08/05","元大-崇德",0,1,-1
"7287","1540喬福","110/08/05","群益金鼎-丹鳳",1,0,1
"7288","1540喬福","110/08/05","元大-中壢",0,1,-1
"7289","1540喬福","110/08/05","元大-文心",1,0,1
"7290","1540喬福","110/08/05","元大-斗信",0,1,-1
"7291","2888新光金","110/08/05","華南永昌-南京",3753,8,3745
"7292","2888新光金","110/08/05","第一金-高雄",0,5007,-5007
"7293","2888新光金","110/08/05","玉山-城中",2004,28,1976
"7294","2888新光金","110/08/05","美商高盛",12,1719,-1707
"7295","2888新光金","110/08/05","元大-西門",906,18,888
"7296","2888新光金","110/08/05","香港上海匯豐",0,1437,-1437
"7297","2888新光金","110/08/05","日盛-和美",557,3,554
"7298","2888新光金","110/08/05","凱基-台南",46,802,-756
"7299","2888新光金","110/08/05","康和-台中",460,49,411
"7300","2888新光金","110/08/05","美林",538,1140,-602
"7301","2888新光金","110/08/05","元富-緯城",302,1,301
"7302","2888新光金","110/08/05","凱基-台北",686,1280,-594
"7303","2888新光金","110/08/05","彰銀",301,3,298
"7304","2888新光金","110/08/05","法銀巴黎",0,562,-562
"7305","2888新光金","110/08/05","花旗環球",356,84,272
"7306","2888新光金","110/08/05","瑞士信貸",1350,1798,-448
"7307","2888新光金","110/08/05","永全-南崁",240,0,240
"7308","2888新光金","110/08/05","群益金鼎-丹鳳",4,303,-299
"7309","2888新光金","110/08/05","永豐金-彰化",232,20,212
"7310","2888新光金","110/08/05","安泰-大發",10,300,-290
"7311","2888新光金","110/08/05","統一-新台中",214,7,207
"7312","2888新光金","110/08/05","摩根大通",1159,1428,-269
"7313","2888新光金","110/08/05","中國信託-永康",203,0,203
"7314","2888新光金","110/08/05","兆豐-員林",4,260,-256
"7315","2888新光金","110/08/05","日盛-景美",200,0,200
"7316","2888新光金","110/08/05","日盛-大墩",0,250,-250
"7317","2888新光金","110/08/05","元大-東泰",207,22,185
"7318","2888新光金","110/08/05","元大-大里",31,243,-212
"7319","2888新光金","110/08/05","合庫證券",181,2,179
"7320","2888新光金","110/08/05","北城證券",25,230,-205
"7321","1340勝悅","110/08/05","富邦-仁愛",20,0,20
"7322","1340勝悅","110/08/05","中國信託",0,36,-36
"7323","1340勝悅","110/08/05","華南永昌-忠孝",12,0,12
"7324","1340勝悅","110/08/05","新光-新竹",0,18,-18
"7325","1340勝悅","110/08/05","華南永昌-楠梓",10,0,10
"7326","1340勝悅","110/08/05","永豐金-嘉義",0,15,-15
"7327","1340勝悅","110/08/05","統一-城中",17,11,6
"7328","1340勝悅","110/08/05","日茂",0,10,-10
"7329","1340勝悅","110/08/05","臺灣企銀-埔墘",5,0,5
"7330","1340勝悅","110/08/05","富邦-宜蘭",0,10,-10
"7331","1340勝悅","110/08/05","國票-台東",5,0,5
"7332","1340勝悅","110/08/05","元富-花蓮",0,9,-9
"7333","1340勝悅","110/08/05","新光-高雄",5,0,5
"7334","1340勝悅","110/08/05","永豐金-南京",0,7,-7
"7335","1340勝悅","110/08/05","國泰-台中",6,1,5
"7336","1340勝悅","110/08/05","統一",0,6,-6
"7337","1340勝悅","110/08/05","富邦-陽明",5,0,5
"7338","1340勝悅","110/08/05","合庫-西台中",0,3,-3
"7339","1340勝悅","110/08/05","日盛-板橋",4,0,4
"7340","1340勝悅","110/08/05","港商野村",0,3,-3
"7341","1340勝悅","110/08/05","港商法國興業",4,0,4
"7342","1340勝悅","110/08/05","兆豐-新竹",0,3,-3
"7343","1340勝悅","110/08/05","臺銀-高雄",3,0,3
"7344","1340勝悅","110/08/05","亞東-台中",0,2,-2
"7345","1340勝悅","110/08/05","元富-新店",3,0,3
"7346","1340勝悅","110/08/05","元大-歸仁",0,2,-2
"7347","1340勝悅","110/08/05","康和-屏東",3,0,3
"7348","1340勝悅","110/08/05","日盛-斗六",0,1,-1
"7349","1340勝悅","110/08/05","群益金鼎-民權",3,0,3
"7350","1340勝悅","110/08/05","日盛-中和",0,1,-1
"7351","6246臺龍","110/08/05","元大-林森",200,0,200
"7352","6246臺龍","110/08/05","統一",0,180,-180
"7353","6246臺龍","110/08/05","元大證券",92,1,91
"7354","6246臺龍","110/08/05","大慶-富順",0,114,-114
"7355","6246臺龍","110/08/05","凱基-大直",99,19,80
"7356","6246臺龍","110/08/05","台新-三民",0,77,-77
"7357","6246臺龍","110/08/05","元大-北港",51,0,51
"7358","6246臺龍","110/08/05","永興",0,48,-48
"7359","6246臺龍","110/08/05","統一-南京",50,0,50
"7360","6246臺龍","110/08/05","華南永昌-嘉義",1,26,-25
"7361","6246臺龍","110/08/05","台灣企銀",40,0,40
"7362","6246臺龍","110/08/05","宏遠-民生",0,20,-20
"7363","6246臺龍","110/08/05","永豐金-虎尾",23,0,23
"7364","6246臺龍","110/08/05","兆豐-大同",0,20,-20
"7365","6246臺龍","110/08/05","凱基-台北",27,5,22
"7366","6246臺龍","110/08/05","華南永昌-林口",0,20,-20
"7367","6246臺龍","110/08/05","元富-新竹",20,0,20
"7368","6246臺龍","110/08/05","元大-永春",0,20,-20
"7369","6246臺龍","110/08/05","康和-石牌",20,0,20
"7370","6246臺龍","110/08/05","元大-東泰",0,19,-19
"7371","6246臺龍","110/08/05","聯邦-大業",20,0,20
"7372","6246臺龍","110/08/05","德信-新營",0,18,-18
"7373","6246臺龍","110/08/05","凱基-彰化",18,0,18
"7374","6246臺龍","110/08/05","永豐金-松山",10,28,-18
"7375","6246臺龍","110/08/05","永豐金-復興",17,1,16
"7376","6246臺龍","110/08/05","台新-台中",4,20,-16
"7377","6246臺龍","110/08/05","新光-台中",17,2,15
"7378","6246臺龍","110/08/05","兆豐-竹北",5,20,-15
"7379","6246臺龍","110/08/05","元大-路竹",15,1,14
"7380","6246臺龍","110/08/05","兆豐-南京",1,14,-13
"7381","00715L期街口布蘭特正2","110/08/05","(牛牛牛)亞-鑫豐",1195,20,1175
"7382","00715L期街口布蘭特正2","110/08/05","元大證券",1735,21716,-19981
"7383","00715L期街口布蘭特正2","110/08/05","元大-萬華",930,0,930
"7384","00715L期街口布蘭特正2","110/08/05","凱基-台北",182,11686,-11504
"7385","00715L期街口布蘭特正2","110/08/05","元大-永康",810,9,801
"7386","00715L期街口布蘭特正2","110/08/05","元富",8,6852,-6844
"7387","00715L期街口布蘭特正2","110/08/05","富邦-彰化",760,0,760
"7388","00715L期街口布蘭特正2","110/08/05","台新證券",598,4522,-3924
"7389","00715L期街口布蘭特正2","110/08/05","國泰-敦南",830,155,675
"7390","00715L期街口布蘭特正2","110/08/05","凱基",0,3168,-3168
"7391","00715L期街口布蘭特正2","110/08/05","新光-台中",698,33,665
"7392","00715L期街口布蘭特正2","110/08/05","群益金鼎",0,1742,-1742
"7393","00715L期街口布蘭特正2","110/08/05","富邦-南屯",621,5,616
"7394","00715L期街口布蘭特正2","110/08/05","國票",22,1607,-1585
"7395","00715L期街口布蘭特正2","110/08/05","群益金鼎-士林",620,40,580
"7396","00715L期街口布蘭特正2","110/08/05","永豐金證券",91,1254,-1163
"7397","00715L期街口布蘭特正2","110/08/05","兆豐-嘉義",510,0,510
"7398","00715L期街口布蘭特正2","110/08/05","富邦證券",140,1095,-955
"7399","00715L期街口布蘭特正2","110/08/05","統一-新竹",508,9,499
"7400","00715L期街口布蘭特正2","110/08/05","元大-雙和",22,850,-828
"7401","00715L期街口布蘭特正2","110/08/05","國泰-板橋",521,24,497
"7402","00715L期街口布蘭特正2","110/08/05","國票-台中",25,805,-780
"7403","00715L期街口布蘭特正2","110/08/05","元大-中和",481,3,478
"7404","00715L期街口布蘭特正2","110/08/05","華南永昌-長虹",145,820,-675
"7405","00715L期街口布蘭特正2","110/08/05","元大-羅東",470,0,470
"7406","00715L期街口布蘭特正2","110/08/05","日盛-大墩",121,455,-334
"7407","00715L期街口布蘭特正2","110/08/05","群益金鼎-嘉義",483,20,463
"7408","00715L期街口布蘭特正2","110/08/05","華南永昌-斗六",52,380,-328
"7409","00715L期街口布蘭特正2","110/08/05","群益金鼎-中壢",476,30,446
"7410","00715L期街口布蘭特正2","110/08/05","康和",0,250,-250
"7411","8941關中","110/08/05","第一金-台南",1,0,1
"7412","8941關中","110/08/05","元富-宜蘭",0,2,-2
"7413","8941關中","110/08/05","康和-嘉義",1,0,1
"7414","8941關中","110/08/05","統一-南京",0,1,-1
"7415","8941關中","110/08/05","群益金鼎-延平",1,0,1
"7416","8941關中","110/08/05","合庫證券",0,0,0
"7417","8941關中","110/08/05","合庫證券",0,0,0
"7418","8941關中","110/08/05","(牛牛牛)亞-鑫豐",0,0,0
"7419","8941關中","110/08/05","(牛牛牛)亞-鑫豐",0,0,0
"7420","8941關中","110/08/05","富邦-北港",0,0,0
"7421","8941關中","110/08/05","富邦-北港",0,0,0
"7422","8941關中","110/08/05","",NA,NA,NA
"7423","8941關中","110/08/05","",NA,NA,NA
"7424","8941關中","110/08/05","",NA,NA,NA
"7425","8941關中","110/08/05","",NA,NA,NA
"7426","8941關中","110/08/05","",NA,NA,NA
"7427","8941關中","110/08/05","",NA,NA,NA
"7428","8941關中","110/08/05","",NA,NA,NA
"7429","8941關中","110/08/05","",NA,NA,NA
"7430","8941關中","110/08/05","",NA,NA,NA
"7431","8941關中","110/08/05","",NA,NA,NA
"7432","8941關中","110/08/05","",NA,NA,NA
"7433","8941關中","110/08/05","",NA,NA,NA
"7434","8941關中","110/08/05","",NA,NA,NA
"7435","8941關中","110/08/05","",NA,NA,NA
"7436","8941關中","110/08/05","",NA,NA,NA
"7437","8941關中","110/08/05","",NA,NA,NA
"7438","8941關中","110/08/05","",NA,NA,NA
"7439","8941關中","110/08/05","",NA,NA,NA
"7440","8941關中","110/08/05","",NA,NA,NA
"7441","8936國統","110/08/05","國票-敦北法人",100,0,100
"7442","8936國統","110/08/05","摩根大通",16,240,-224
"7443","8936國統","110/08/05","第一金-光復",50,0,50
"7444","8936國統","110/08/05","台新-松江",0,205,-205
"7445","8936國統","110/08/05","元大-蘆洲",45,0,45
"7446","8936國統","110/08/05","凱基-台北",1,177,-176
"7447","8936國統","110/08/05","富邦-建國",34,0,34
"7448","8936國統","110/08/05","新加坡商瑞銀",14,119,-105
"7449","8936國統","110/08/05","富邦-高雄",33,1,32
"7450","8936國統","110/08/05","凱基-市政",0,35,-35
"7451","8936國統","110/08/05","元大-敦南",30,0,30
"7452","8936國統","110/08/05","瑞士信貸",0,31,-31
"7453","8936國統","110/08/05","元大-博愛",23,0,23
"7454","8936國統","110/08/05","合庫-高雄",22,49,-27
"7455","8936國統","110/08/05","國票-長城",20,0,20
"7456","8936國統","110/08/05","港商野村",15,41,-26
"7457","8936國統","110/08/05","凱基-岡山",20,0,20
"7458","8936國統","110/08/05","富邦-陽明",1,24,-23
"7459","8936國統","110/08/05","凱基-台南",20,0,20
"7460","8936國統","110/08/05","合庫-新竹",0,22,-22
"7461","8936國統","110/08/05","富邦-中壢",21,2,19
"7462","8936國統","110/08/05","美商高盛",0,20,-20
"7463","8936國統","110/08/05","永豐金-忠孝",17,0,17
"7464","8936國統","110/08/05","元大-雙和",0,20,-20
"7465","8936國統","110/08/05","玉山-台中",16,0,16
"7466","8936國統","110/08/05","彰銀-七賢",0,18,-18
"7467","8936國統","110/08/05","兆豐-景美",15,0,15
"7468","8936國統","110/08/05","台灣企銀-台中",0,15,-15
"7469","8936國統","110/08/05","富邦-南屯",15,0,15
"7470","8936國統","110/08/05","兆豐-大同",0,15,-15
"7471","6226光鼎","110/08/05","國泰-敦南",190,90,100
"7472","6226光鼎","110/08/05","富邦-嘉義",590,964,-374
"7473","6226光鼎","110/08/05","凱基-台中",98,2,96
"7474","6226光鼎","110/08/05","日盛-員林",9,200,-191
"7475","6226光鼎","110/08/05","華南永昌-大安",95,13,82
"7476","6226光鼎","110/08/05","華南永昌",5,157,-152
"7477","6226光鼎","110/08/05","凱基-豐中",68,2,66
"7478","6226光鼎","110/08/05","國票-敦北法人",0,106,-106
"7479","6226光鼎","110/08/05","元富-西松",76,15,61
"7480","6226光鼎","110/08/05","元大-雙和",27,118,-91
"7481","6226光鼎","110/08/05","群益金鼎-土城",61,0,61
"7482","6226光鼎","110/08/05","華南永昌-南京",48,137,-89
"7483","6226光鼎","110/08/05","新光-高雄",64,4,60
"7484","6226光鼎","110/08/05","統一-新竹",37,124,-87
"7485","6226光鼎","110/08/05","宏遠-台中",67,9,58
"7486","6226光鼎","110/08/05","大昌",3,78,-75
"7487","6226光鼎","110/08/05","元大-東港",53,0,53
"7488","6226光鼎","110/08/05","凱基-台北",1,74,-73
"7489","6226光鼎","110/08/05","群益金鼎-敦南",60,10,50
"7490","6226光鼎","110/08/05","中國信託-文心",10,65,-55
"7491","6226光鼎","110/08/05","日盛-高雄",53,7,46
"7492","6226光鼎","110/08/05","台新-新莊",1,54,-53
"7493","6226光鼎","110/08/05","台新-新營",49,4,45
"7494","6226光鼎","110/08/05","台新-台中",84,135,-51
"7495","6226光鼎","110/08/05","玉山-雙和",42,2,40
"7496","6226光鼎","110/08/05","元大-嘉義",77,128,-51
"7497","6226光鼎","110/08/05","永豐金-高雄",44,8,36
"7498","6226光鼎","110/08/05","日盛-大墩",1,43,-42
"7499","6226光鼎","110/08/05","元富-花蓮",42,7,35
"7500","6226光鼎","110/08/05","日茂-埔里",0,41,-41
"7501","2363矽統","110/08/05","瑞士信貸",3345,0,3345
"7502","2363矽統","110/08/05","新加坡商瑞銀",1909,2622,-713
"7503","2363矽統","110/08/05","台灣摩根士丹利",2917,53,2864
"7504","2363矽統","110/08/05","統一-板橋",37,650,-613
"7505","2363矽統","110/08/05","摩根大通",5124,3944,1180
"7506","2363矽統","110/08/05","美商高盛",702,1245,-543
"7507","2363矽統","110/08/05","康和-台中",911,292,619
"7508","2363矽統","110/08/05","元富-西松",367,902,-535
"7509","2363矽統","110/08/05","永豐金證券",951,339,612
"7510","2363矽統","110/08/05","華南永昌-斗六",55,584,-529
"7511","2363矽統","110/08/05","群益金鼎-三民",571,106,465
"7512","2363矽統","110/08/05","美林",2987,3501,-514
"7513","2363矽統","110/08/05","國票-敦北法人",484,51,433
"7514","2363矽統","110/08/05","群益金鼎-館前",331,802,-471
"7515","2363矽統","110/08/05","陽信-石牌",624,204,420
"7516","2363矽統","110/08/05","永豐金-三重",138,571,-433
"7517","2363矽統","110/08/05","合庫證券",520,118,402
"7518","2363矽統","110/08/05","富邦-中壢",348,774,-426
"7519","2363矽統","110/08/05","元大-承德",385,70,315
"7520","2363矽統","110/08/05","北城證券",53,459,-406
"7521","2363矽統","110/08/05","新光",2366,2079,287
"7522","2363矽統","110/08/05","凱基-興隆",370,717,-347
"7523","2363矽統","110/08/05","元大證券",601,329,272
"7524","2363矽統","110/08/05","元大-屏南",132,464,-332
"7525","2363矽統","110/08/05","國泰-敦南",4481,4216,265
"7526","2363矽統","110/08/05","日盛-中和",208,531,-323
"7527","2363矽統","110/08/05","元大-台中",562,349,213
"7528","2363矽統","110/08/05","土銀",28,340,-312
"7529","2363矽統","110/08/05","富邦-台北",584,380,204
"7530","2363矽統","110/08/05","永豐金-嘉義",97,401,-304
"7531","8112至上","110/08/05","元大-竹科",858,64,794
"7532","8112至上","110/08/05","摩根大通",461,775,-314
"7533","8112至上","110/08/05","港商野村",937,361,576
"7534","8112至上","110/08/05","台灣摩根士丹利",16,272,-256
"7535","8112至上","110/08/05","康和",484,0,484
"7536","8112至上","110/08/05","高橋",3,183,-180
"7537","8112至上","110/08/05","新加坡商瑞銀",514,58,456
"7538","8112至上","110/08/05","合庫證券",19,162,-143
"7539","8112至上","110/08/05","元大-屏南",391,4,387
"7540","8112至上","110/08/05","元大-北屯",3,145,-142
"7541","8112至上","110/08/05","國票-長城",427,142,285
"7542","8112至上","110/08/05","元大-府城",14,154,-140
"7543","8112至上","110/08/05","元大-萬華",246,12,234
"7544","8112至上","110/08/05","群益金鼎-三重",0,138,-138
"7545","8112至上","110/08/05","台灣匯立證券",210,0,210
"7546","8112至上","110/08/05","富邦-台北",25,129,-104
"7547","8112至上","110/08/05","凱基-敦北",200,4,196
"7548","8112至上","110/08/05","元富-佳里",7,100,-93
"7549","8112至上","110/08/05","元大-北成功",205,17,188
"7550","8112至上","110/08/05","元富-台南",0,86,-86
"7551","8112至上","110/08/05","元大-高雄",146,14,132
"7552","8112至上","110/08/05","臺灣企銀-桃園",0,82,-82
"7553","8112至上","110/08/05","美商高盛",161,47,114
"7554","8112至上","110/08/05","玉山-嘉義",10,88,-78
"7555","8112至上","110/08/05","花旗環球",102,0,102
"7556","8112至上","110/08/05","凱基-復興",1,67,-66
"7557","8112至上","110/08/05","統一-士林",108,8,100
"7558","8112至上","110/08/05","富邦-中壢",23,89,-66
"7559","8112至上","110/08/05","新光",244,159,85
"7560","8112至上","110/08/05","元大-上新莊",1,67,-66
"7561","1570力肯","110/08/05","國票",352,0,352
"7562","1570力肯","110/08/05","國票-和平",7,402,-395
"7563","1570力肯","110/08/05","台新證券",211,87,124
"7564","1570力肯","110/08/05","摩根大通",46,335,-289
"7565","1570力肯","110/08/05","國泰-敦南",206,125,81
"7566","1570力肯","110/08/05","國票-北高雄",79,306,-227
"7567","1570力肯","110/08/05","聯邦商銀",75,0,75
"7568","1570力肯","110/08/05","統一",3,226,-223
"7569","1570力肯","110/08/05","元大-東泰",61,4,57
"7570","1570力肯","110/08/05","凱基-台北",184,366,-182
"7571","1570力肯","110/08/05","元大-桃興",113,66,47
"7572","1570力肯","110/08/05","統一-土城",89,161,-72
"7573","1570力肯","110/08/05","國泰-板橋",96,50,46
"7574","1570力肯","110/08/05","統一-屏東",0,64,-64
"7575","1570力肯","110/08/05","合庫-桃園",92,48,44
"7576","1570力肯","110/08/05","大昌-新店",9,61,-52
"7577","1570力肯","110/08/05","華南永昌-高雄",53,12,41
"7578","1570力肯","110/08/05","群益金鼎-忠孝",11,60,-49
"7579","1570力肯","110/08/05","國泰-高雄",50,14,36
"7580","1570力肯","110/08/05","臺銀-臺南",12,52,-40
"7581","1570力肯","110/08/05","國泰-台中",60,25,35
"7582","1570力肯","110/08/05","凱基-岡山",28,68,-40
"7583","1570力肯","110/08/05","富邦-仁愛",52,17,35
"7584","1570力肯","110/08/05","元大-蘆洲",8,44,-36
"7585","1570力肯","110/08/05","中國信託-忠孝",37,3,34
"7586","1570力肯","110/08/05","統一-仁愛",25,60,-35
"7587","1570力肯","110/08/05","元大-中壢",44,10,34
"7588","1570力肯","110/08/05","富邦-高雄",8,43,-35
"7589","1570力肯","110/08/05","日盛-新竹",30,0,30
"7590","1570力肯","110/08/05","大慶-蘆洲",110,142,-32
"7591","2929淘帝","110/08/05","國泰-松江",60,0,60
"7592","2929淘帝","110/08/05","摩根大通",4,87,-83
"7593","2929淘帝","110/08/05","美林",79,30,49
"7594","2929淘帝","110/08/05","日盛-南京",0,80,-80
"7595","2929淘帝","110/08/05","港商野村",87,45,42
"7596","2929淘帝","110/08/05","華南永昌-頭份",0,80,-80
"7597","2929淘帝","110/08/05","兆豐-忠孝",40,0,40
"7598","2929淘帝","110/08/05","日盛-雙和",2,57,-55
"7599","2929淘帝","110/08/05","新光-新竹",41,2,39
"7600","2929淘帝","110/08/05","台新-台中",2,33,-31
"7601","2929淘帝","110/08/05","元大-民生",31,0,31
"7602","2929淘帝","110/08/05","群益金鼎-新竹",0,30,-30
"7603","2929淘帝","110/08/05","元富-中港",28,0,28
"7604","2929淘帝","110/08/05","元大-北成功",0,30,-30
"7605","2929淘帝","110/08/05","凱基-台北",66,41,25
"7606","2929淘帝","110/08/05","元大-天母",5,30,-25
"7607","2929淘帝","110/08/05","富邦-新店",20,0,20
"7608","2929淘帝","110/08/05","元大-北港",0,25,-25
"7609","2929淘帝","110/08/05","康和-台中",15,0,15
"7610","2929淘帝","110/08/05","兆豐-彰化",0,24,-24
"7611","2929淘帝","110/08/05","華南永昌-古亭",15,0,15
"7612","2929淘帝","110/08/05","國泰-台中",1,25,-24
"7613","2929淘帝","110/08/05","日盛-景美",11,0,11
"7614","2929淘帝","110/08/05","華南永昌-大安",0,22,-22
"7615","2929淘帝","110/08/05","台新證券",11,0,11
"7616","2929淘帝","110/08/05","國泰-館前",10,31,-21
"7617","2929淘帝","110/08/05","凱基-三重",11,0,11
"7618","2929淘帝","110/08/05","元富-安南",0,20,-20
"7619","2929淘帝","110/08/05","華南永昌-竹北",11,0,11
"7620","2929淘帝","110/08/05","元大-屏南",10,30,-20
"7621","5410國眾","110/08/05","凱基-市政",40,0,40
"7622","5410國眾","110/08/05","元富-台南",0,27,-27
"7623","5410國眾","110/08/05","安泰",16,0,16
"7624","5410國眾","110/08/05","群益金鼎-內湖",0,16,-16
"7625","5410國眾","110/08/05","元大-善化",12,0,12
"7626","5410國眾","110/08/05","中農",0,15,-15
"7627","5410國眾","110/08/05","元富-同大",10,0,10
"7628","5410國眾","110/08/05","新光-台南",0,15,-15
"7629","5410國眾","110/08/05","中國信託-新竹",10,0,10
"7630","5410國眾","110/08/05","統一-平鎮",0,13,-13
"7631","5410國眾","110/08/05","元大-敦南",10,0,10
"7632","5410國眾","110/08/05","臺銀",0,11,-11
"7633","5410國眾","110/08/05","台灣企銀-太平",8,0,8
"7634","5410國眾","110/08/05","凱基-城中",0,10,-10
"7635","5410國眾","110/08/05","瑞士信貸",7,0,7
"7636","5410國眾","110/08/05","元大-崇德",0,10,-10
"7637","5410國眾","110/08/05","元富-烏日",6,0,6
"7638","5410國眾","110/08/05","元大-和平",0,10,-10
"7639","5410國眾","110/08/05","摩根大通",7,1,6
"7640","5410國眾","110/08/05","新光-台中",1,9,-8
"7641","5410國眾","110/08/05","元富-三重",11,6,5
"7642","5410國眾","110/08/05","富邦-板橋",0,6,-6
"7643","5410國眾","110/08/05","中國信託-忠孝",5,0,5
"7644","5410國眾","110/08/05","新百王",0,5,-5
"7645","5410國眾","110/08/05","凱基-復興",5,0,5
"7646","5410國眾","110/08/05","元大-大益",0,5,-5
"7647","5410國眾","110/08/05","永豐金-台中",4,0,4
"7648","5410國眾","110/08/05","永豐金-板橋",0,5,-5
"7649","5410國眾","110/08/05","元富-板橋",3,0,3
"7650","5410國眾","110/08/05","台新-中壢",0,4,-4
"7651","2841台開","110/08/05","日盛證券",201,0,201
"7652","2841台開","110/08/05","第一金-自由",0,272,-272
"7653","2841台開","110/08/05","永豐金-敦南",202,1,201
"7654","2841台開","110/08/05","瑞士信貸",0,149,-149
"7655","2841台開","110/08/05","元大-大天母",200,0,200
"7656","2841台開","110/08/05","玉山-新竹",0,131,-131
"7657","2841台開","110/08/05","永豐金-鳳山",100,0,100
"7658","2841台開","110/08/05","元富-板橋",0,125,-125
"7659","2841台開","110/08/05","台新-三民",100,1,99
"7660","2841台開","110/08/05","元大-台中中港",0,109,-109
"7661","2841台開","110/08/05","凱基-竹科",67,0,67
"7662","2841台開","110/08/05","兆豐-東門",0,100,-100
"7663","2841台開","110/08/05","國泰-敦南",44,5,39
"7664","2841台開","110/08/05","(牛牛牛)亞-鑫豐",0,97,-97
"7665","2841台開","110/08/05","元大-中壢",35,0,35
"7666","2841台開","110/08/05","元富-嘉義",0,50,-50
"7667","2841台開","110/08/05","國泰-忠孝",33,0,33
"7668","2841台開","110/08/05","新光",20,67,-47
"7669","2841台開","110/08/05","元大-新竹經國",30,0,30
"7670","2841台開","110/08/05","永豐金-豐原",3,50,-47
"7671","2841台開","110/08/05","日盛-內湖",24,0,24
"7672","2841台開","110/08/05","統一-士林",0,31,-31
"7673","2841台開","110/08/05","新光-高雄",21,0,21
"7674","2841台開","110/08/05","元大-龍潭",0,30,-30
"7675","2841台開","110/08/05","元大-林園",20,0,20
"7676","2841台開","110/08/05","新光-台南",0,27,-27
"7677","2841台開","110/08/05","元大-仁愛",20,0,20
"7678","2841台開","110/08/05","台新-台中",0,22,-22
"7679","2841台開","110/08/05","群益金鼎-崇德",18,0,18
"7680","2841台開","110/08/05","大昌-安康",0,20,-20
"7681","6207雷科","110/08/05","摩根大通",313,64,249
"7682","6207雷科","110/08/05","日盛-忠孝",2,93,-91
"7683","6207雷科","110/08/05","新加坡商瑞銀",141,6,135
"7684","6207雷科","110/08/05","凱基-復興",0,90,-90
"7685","6207雷科","110/08/05","凱基-台北",142,20,122
"7686","6207雷科","110/08/05","群益金鼎-敦南",0,67,-67
"7687","6207雷科","110/08/05","台新-高雄",111,0,111
"7688","6207雷科","110/08/05","元大-鳳山",11,73,-62
"7689","6207雷科","110/08/05","瑞士信貸",58,0,58
"7690","6207雷科","110/08/05","群益金鼎-東門",0,56,-56
"7691","6207雷科","110/08/05","美林",45,0,45
"7692","6207雷科","110/08/05","元富-同大",1,41,-40
"7693","6207雷科","110/08/05","凱基-板橋",46,1,45
"7694","6207雷科","110/08/05","群益金鼎-屏東",1,41,-40
"7695","6207雷科","110/08/05","美商高盛",37,0,37
"7696","6207雷科","110/08/05","群益金鼎-延平",0,40,-40
"7697","6207雷科","110/08/05","凱基-三多",30,0,30
"7698","6207雷科","110/08/05","群益金鼎-瑞豐",1,33,-32
"7699","6207雷科","110/08/05","永豐金-虎尾",29,0,29
"7700","6207雷科","110/08/05","日盛證券",0,30,-30
"7701","6207雷科","110/08/05","第一金-中山",21,1,20
"7702","6207雷科","110/08/05","臺銀",1,30,-29
"7703","6207雷科","110/08/05","華南永昌-林口",20,0,20
"7704","6207雷科","110/08/05","群益金鼎-古亭",0,26,-26
"7705","6207雷科","110/08/05","兆豐-公益",18,0,18
"7706","6207雷科","110/08/05","凱基-高雄",4,30,-26
"7707","6207雷科","110/08/05","港商野村",62,46,16
"7708","6207雷科","110/08/05","富邦-竹東",0,25,-25
"7709","6207雷科","110/08/05","華南永昌-南京",16,0,16
"7710","6207雷科","110/08/05","元大-台中中港",2,25,-23
"7711","3679新至陞","110/08/05","新光",13,0,13
"7712","3679新至陞","110/08/05","凱基-台北",1,13,-12
"7713","3679新至陞","110/08/05","華南永昌-麻豆",3,0,3
"7714","3679新至陞","110/08/05","台灣摩根士丹利",0,5,-5
"7715","3679新至陞","110/08/05","臺灣企銀-埔墘",2,0,2
"7716","3679新至陞","110/08/05","元大-成功",0,5,-5
"7717","3679新至陞","110/08/05","彰銀",2,0,2
"7718","3679新至陞","110/08/05","元大證券",0,3,-3
"7719","3679新至陞","110/08/05","永全-南崁",2,0,2
"7720","3679新至陞","110/08/05","新加坡商瑞銀",0,2,-2
"7721","3679新至陞","110/08/05","群益金鼎",2,0,2
"7722","3679新至陞","110/08/05","摩根大通",0,2,-2
"7723","3679新至陞","110/08/05","富邦-三重",2,0,2
"7724","3679新至陞","110/08/05","國泰-館前",0,2,-2
"7725","3679新至陞","110/08/05","永豐金-敦北",2,0,2
"7726","3679新至陞","110/08/05","凱基-東港",0,2,-2
"7727","3679新至陞","110/08/05","臺銀-新竹",1,0,1
"7728","3679新至陞","110/08/05","元大-竹北",0,2,-2
"7729","3679新至陞","110/08/05","第一金-新興",1,0,1
"7730","3679新至陞","110/08/05","日盛-嘉義",0,1,-1
"7731","3679新至陞","110/08/05","統一-宜蘭",1,0,1
"7732","3679新至陞","110/08/05","美商高盛",1,2,-1
"7733","3679新至陞","110/08/05","元富-同大",1,0,1
"7734","3679新至陞","110/08/05","港商野村",0,1,-1
"7735","3679新至陞","110/08/05","中國信託-新竹",1,0,1
"7736","3679新至陞","110/08/05","第一金-員林",0,1,-1
"7737","3679新至陞","110/08/05","兆豐-民生",1,0,1
"7738","3679新至陞","110/08/05","統一-中壢",0,1,-1
"7739","3679新至陞","110/08/05","國泰-新莊",1,0,1
"7740","3679新至陞","110/08/05","統一-新竹",0,1,-1
"7741","2727王品","110/08/05","港商野村",68,43,25
"7742","2727王品","110/08/05","元富-宜蘭",6,96,-90
"7743","2727王品","110/08/05","花旗環球",24,0,24
"7744","2727王品","110/08/05","凱基-市政",1,89,-88
"7745","2727王品","110/08/05","新光",42,19,23
"7746","2727王品","110/08/05","群益金鼎-宜蘭",4,89,-85
"7747","2727王品","110/08/05","永豐金-忠孝",21,0,21
"7748","2727王品","110/08/05","永豐金-大園",4,66,-62
"7749","2727王品","110/08/05","凱基-埔墘",15,0,15
"7750","2727王品","110/08/05","康和-澎湖",1,60,-59
"7751","2727王品","110/08/05","新光-桃園",17,3,14
"7752","2727王品","110/08/05","日盛-八德",1,33,-32
"7753","2727王品","110/08/05","日盛-忠孝",16,3,13
"7754","2727王品","110/08/05","元大-桃園",0,29,-29
"7755","2727王品","110/08/05","統一",28,15,13
"7756","2727王品","110/08/05","凱基-竹科",4,31,-27
"7757","2727王品","110/08/05","富邦-員林",15,2,13
"7758","2727王品","110/08/05","富邦-新店",2,29,-27
"7759","2727王品","110/08/05","永豐金-桃盛",16,3,13
"7760","2727王品","110/08/05","兆豐-小港",2,26,-24
"7761","2727王品","110/08/05","元富-屏東",12,0,12
"7762","2727王品","110/08/05","華南永昌",6,25,-19
"7763","2727王品","110/08/05","凱基-台北",52,40,12
"7764","2727王品","110/08/05","台灣摩根士丹利",15,32,-17
"7765","2727王品","110/08/05","永豐金-彰化",12,0,12
"7766","2727王品","110/08/05","凱基-天母",0,15,-15
"7767","2727王品","110/08/05","美林",11,0,11
"7768","2727王品","110/08/05","富邦證券",0,15,-15
"7769","2727王品","110/08/05","群益金鼎-崇德",10,0,10
"7770","2727王品","110/08/05","永豐金證券",1,13,-12
"7771","1570力肯","110/08/05","國票",352,0,352
"7772","1570力肯","110/08/05","國票-和平",7,402,-395
"7773","1570力肯","110/08/05","台新證券",211,87,124
"7774","1570力肯","110/08/05","摩根大通",46,335,-289
"7775","1570力肯","110/08/05","國泰-敦南",206,125,81
"7776","1570力肯","110/08/05","國票-北高雄",79,306,-227
"7777","1570力肯","110/08/05","聯邦商銀",75,0,75
"7778","1570力肯","110/08/05","統一",3,226,-223
"7779","1570力肯","110/08/05","元大-東泰",61,4,57
"7780","1570力肯","110/08/05","凱基-台北",184,366,-182
"7781","1570力肯","110/08/05","元大-桃興",113,66,47
"7782","1570力肯","110/08/05","統一-土城",89,161,-72
"7783","1570力肯","110/08/05","國泰-板橋",96,50,46
"7784","1570力肯","110/08/05","統一-屏東",0,64,-64
"7785","1570力肯","110/08/05","合庫-桃園",92,48,44
"7786","1570力肯","110/08/05","大昌-新店",9,61,-52
"7787","1570力肯","110/08/05","華南永昌-高雄",53,12,41
"7788","1570力肯","110/08/05","群益金鼎-忠孝",11,60,-49
"7789","1570力肯","110/08/05","國泰-高雄",50,14,36
"7790","1570力肯","110/08/05","臺銀-臺南",12,52,-40
"7791","1570力肯","110/08/05","國泰-台中",60,25,35
"7792","1570力肯","110/08/05","凱基-岡山",28,68,-40
"7793","1570力肯","110/08/05","富邦-仁愛",52,17,35
"7794","1570力肯","110/08/05","元大-蘆洲",8,44,-36
"7795","1570力肯","110/08/05","中國信託-忠孝",37,3,34
"7796","1570力肯","110/08/05","統一-仁愛",25,60,-35
"7797","1570力肯","110/08/05","元大-中壢",44,10,34
"7798","1570力肯","110/08/05","富邦-高雄",8,43,-35
"7799","1570力肯","110/08/05","日盛-新竹",30,0,30
"7800","1570力肯","110/08/05","大慶-蘆洲",110,142,-32
"7801","6180橘子","110/08/05","永豐金-松山",51,0,51
"7802","6180橘子","110/08/05","凱基-板橋",0,80,-80
"7803","6180橘子","110/08/05","新光",40,2,38
"7804","6180橘子","110/08/05","康和-高雄",0,40,-40
"7805","6180橘子","110/08/05","兆豐證券",33,0,33
"7806","6180橘子","110/08/05","合庫-鳳山",0,32,-32
"7807","6180橘子","110/08/05","中國信託-文心",15,0,15
"7808","6180橘子","110/08/05","日盛-頭份",1,24,-23
"7809","6180橘子","110/08/05","富邦-陽明",15,0,15
"7810","6180橘子","110/08/05","兆豐-新營",0,22,-22
"7811","6180橘子","110/08/05","元大-龍潭",11,0,11
"7812","6180橘子","110/08/05","元大-福營",0,20,-20
"7813","6180橘子","110/08/05","日盛-新竹",10,0,10
"7814","6180橘子","110/08/05","新加坡商瑞銀",0,19,-19
"7815","6180橘子","110/08/05","凱基-汐止",10,0,10
"7816","6180橘子","110/08/05","永豐金-新竹",0,17,-17
"7817","6180橘子","110/08/05","元大-中壢",10,1,9
"7818","6180橘子","110/08/05","第一金-新興",1,16,-15
"7819","6180橘子","110/08/05","元富-潮州",8,0,8
"7820","6180橘子","110/08/05","凱基-中壢",0,12,-12
"7821","6180橘子","110/08/05","大慶",7,0,7
"7822","6180橘子","110/08/05","光和",0,10,-10
"7823","6180橘子","110/08/05","台新證券",7,0,7
"7824","6180橘子","110/08/05","統一-中壢",0,9,-9
"7825","6180橘子","110/08/05","聯邦-雙和",7,0,7
"7826","6180橘子","110/08/05","富邦-基隆",0,9,-9
"7827","6180橘子","110/08/05","元大證券",7,0,7
"7828","6180橘子","110/08/05","台灣摩根士丹利",0,8,-8
"7829","6180橘子","110/08/05","國泰-新莊",6,0,6
"7830","6180橘子","110/08/05","康和-仁愛",0,8,-8
"7831","2390云辰","110/08/05","日盛證券",100,0,100
"7832","2390云辰","110/08/05","摩根大通",45,525,-480
"7833","2390云辰","110/08/05","兆豐-岡山",63,0,63
"7834","2390云辰","110/08/05","統一-新台中",62,177,-115
"7835","2390云辰","110/08/05","凱基-基隆",65,10,55
"7836","2390云辰","110/08/05","富邦-中壢",0,81,-81
"7837","2390云辰","110/08/05","凱基-中壢",52,3,49
"7838","2390云辰","110/08/05","元大-大甲",3,73,-70
"7839","2390云辰","110/08/05","台新-左楠",30,0,30
"7840","2390云辰","110/08/05","元大-樹林",16,53,-37
"7841","2390云辰","110/08/05","富邦-台北",33,6,27
"7842","2390云辰","110/08/05","元富-大裕",17,46,-29
"7843","2390云辰","110/08/05","統一-中壢",27,1,26
"7844","2390云辰","110/08/05","凱基-台中",1,30,-29
"7845","2390云辰","110/08/05","元大-和平",47,22,25
"7846","2390云辰","110/08/05","大慶-蘆洲",2,30,-28
"7847","2390云辰","110/08/05","統一-士林",26,2,24
"7848","2390云辰","110/08/05","元大-大統",3,31,-28
"7849","2390云辰","110/08/05","富邦-新營",23,0,23
"7850","2390云辰","110/08/05","臺銀-金山",1,27,-26
"7851","2390云辰","110/08/05","元大-景美",22,1,21
"7852","2390云辰","110/08/05","國泰-台中",0,23,-23
"7853","2390云辰","110/08/05","合庫-嘉義",20,0,20
"7854","2390云辰","110/08/05","富邦-岡山",0,23,-23
"7855","2390云辰","110/08/05","台灣企銀-嘉義",20,0,20
"7856","2390云辰","110/08/05","元大-土城學府",24,47,-23
"7857","2390云辰","110/08/05","日盛-板橋",21,1,20
"7858","2390云辰","110/08/05","台新-台中",28,50,-22
"7859","2390云辰","110/08/05","凱基-竹科",28,8,20
"7860","2390云辰","110/08/05","群益金鼎-鳳山",0,21,-21
"7861","1471首利","110/08/04","玉山-桃園",51,0,51
"7862","1471首利","110/08/04","國票-九鼎",0,60,-60
"7863","1471首利","110/08/04","華南永昌-潮州",50,1,49
"7864","1471首利","110/08/04","日盛-士林",0,20,-20
"7865","1471首利","110/08/04","瑞士信貸",33,3,30
"7866","1471首利","110/08/04","元大-博愛",4,24,-20
"7867","1471首利","110/08/04","兆豐-板橋",20,0,20
"7868","1471首利","110/08/04","群益金鼎-台中",1,20,-19
"7869","1471首利","110/08/04","兆豐-台中港",30,13,17
"7870","1471首利","110/08/04","國泰-高雄",0,16,-16
"7871","1471首利","110/08/04","富邦-基隆",16,0,16
"7872","1471首利","110/08/04","元大-台南",1,17,-16
"7873","1471首利","110/08/04","美林",15,0,15
"7874","1471首利","110/08/04","國泰-敦南",18,32,-14
"7875","1471首利","110/08/04","永豐金-員林",12,0,12
"7876","1471首利","110/08/04","新光",21,33,-12
"7877","1471首利","110/08/04","第一金-台南",11,0,11
"7878","1471首利","110/08/04","凱基-土城",0,12,-12
"7879","1471首利","110/08/04","德信-中正",12,1,11
"7880","1471首利","110/08/04","合庫-高雄",0,10,-10
"7881","1471首利","110/08/04","合庫-台中",10,0,10
"7882","1471首利","110/08/04","元富-宜蘭",0,10,-10
"7883","1471首利","110/08/04","國泰-新莊",10,0,10
"7884","1471首利","110/08/04","國泰-板橋",0,10,-10
"7885","1471首利","110/08/04","富邦-桃園",10,0,10
"7886","1471首利","110/08/04","群益金鼎-鳳山",0,10,-10
"7887","1471首利","110/08/04","元大-苗栗",10,0,10
"7888","1471首利","110/08/04","元大-東泰",0,10,-10
"7889","1471首利","110/08/04","玉山-左營",10,1,9
"7890","1471首利","110/08/04","元大-林園",0,10,-10
"7891","2883開發金","110/08/04","國泰證券",3650,0,3650
"7892","2883開發金","110/08/04","康和-仁愛",3,1737,-1734
"7893","2883開發金","110/08/04","統一",2763,29,2734
"7894","2883開發金","110/08/04","新加坡商瑞銀",356,1472,-1116
"7895","2883開發金","110/08/04","凱基-台北",2041,429,1612
"7896","2883開發金","110/08/04","豐農",5,1025,-1020
"7897","2883開發金","110/08/04","元富-城東",1602,26,1576
"7898","2883開發金","110/08/04","富邦-建國",271,1004,-733
"7899","2883開發金","110/08/04","元富",1190,0,1190
"7900","2883開發金","110/08/04","元大-北成功",6,608,-602
"7901","2883開發金","110/08/04","美商高盛",1033,355,678
"7902","2883開發金","110/08/04","台灣摩根士丹利",573,1019,-446
"7903","2883開發金","110/08/04","康和",661,6,655
"7904","2883開發金","110/08/04","台新-中壢",2,431,-429
"7905","2883開發金","110/08/04","國票-長城",504,8,496
"7906","2883開發金","110/08/04","凱基-和平",1,400,-399
"7907","2883開發金","110/08/04","元大-大灣",734,304,430
"7908","2883開發金","110/08/04","元大-蘆洲",7,370,-363
"7909","2883開發金","110/08/04","永豐金-板橋",500,100,400
"7910","2883開發金","110/08/04","元大-民生",10,370,-360
"7911","2883開發金","110/08/04","永豐金-台南",389,11,378
"7912","2883開發金","110/08/04","中國信託-中壢",1,321,-320
"7913","2883開發金","110/08/04","日盛證券",608,255,353
"7914","2883開發金","110/08/04","港商法國興業",0,291,-291
"7915","2883開發金","110/08/04","花旗環球",343,0,343
"7916","2883開發金","110/08/04","日盛-北高雄",20,309,-289
"7917","2883開發金","110/08/04","瑞士信貸",462,121,341
"7918","2883開發金","110/08/04","日盛-花蓮",11,250,-239
"7919","2883開發金","110/08/04","凱基",320,0,320
"7920","2883開發金","110/08/04","群益金鼎-東湖",10,243,-233
"7921","6205詮欣","110/08/04","摩根大通",18,0,18
"7922","6205詮欣","110/08/04","永豐金-敦南",16,36,-20
"7923","6205詮欣","110/08/04","臺銀-民權",5,0,5
"7924","6205詮欣","110/08/04","瑞士信貸",6,10,-4
"7925","6205詮欣","110/08/04","凱基-台北",4,0,4
"7926","6205詮欣","110/08/04","致和-高雄",0,4,-4
"7927","6205詮欣","110/08/04","元富-潮州",3,0,3
"7928","6205詮欣","110/08/04","群益金鼎-台南",0,3,-3
"7929","6205詮欣","110/08/04","台中銀",3,0,3
"7930","6205詮欣","110/08/04","元大-路竹",0,3,-3
"7931","6205詮欣","110/08/04","華南永昌",3,0,3
"7932","6205詮欣","110/08/04","元大-北成功",0,3,-3
"7933","6205詮欣","110/08/04","美林",2,0,2
"7934","6205詮欣","110/08/04","凱基-東門",0,2,-2
"7935","6205詮欣","110/08/04","元富-新店",2,0,2
"7936","6205詮欣","110/08/04","凱基-基隆",0,2,-2
"7937","6205詮欣","110/08/04","元大-羅東",2,0,2
"7938","6205詮欣","110/08/04","凱基-大安",0,2,-2
"7939","6205詮欣","110/08/04","元大-館前",2,0,2
"7940","6205詮欣","110/08/04","元大-土城學府",0,2,-2
"7941","6205詮欣","110/08/04","元大-楊梅",2,0,2
"7942","6205詮欣","110/08/04","元大-民生",0,2,-2
"7943","6205詮欣","110/08/04","元大-信義",2,0,2
"7944","6205詮欣","110/08/04","日盛-八德",0,1,-1
"7945","6205詮欣","110/08/04","永豐金-埔里",2,0,2
"7946","6205詮欣","110/08/04","宏遠-高雄",0,1,-1
"7947","6205詮欣","110/08/04","日盛-板橋",1,0,1
"7948","6205詮欣","110/08/04","新加坡商瑞銀",0,1,-1
"7949","6205詮欣","110/08/04","日盛-木柵",1,0,1
"7950","6205詮欣","110/08/04","第一金-華江",0,1,-1
"7951","1540喬福","110/08/04","元富-中原",58,0,58
"7952","1540喬福","110/08/04","元大-大天母",0,60,-60
"7953","1540喬福","110/08/04","(牛牛牛)亞-鑫豐",26,0,26
"7954","1540喬福","110/08/04","統一-新台中",0,18,-18
"7955","1540喬福","110/08/04","國泰-敦南",10,0,10
"7956","1540喬福","110/08/04","群益金鼎-士林",0,7,-7
"7957","1540喬福","110/08/04","富邦-南屯",10,0,10
"7958","1540喬福","110/08/04","兆豐-北高雄",0,6,-6
"7959","1540喬福","110/08/04","兆豐-鹿港",3,0,3
"7960","1540喬福","110/08/04","凱基-市政",0,5,-5
"7961","1540喬福","110/08/04","元大-土城永寧",2,0,2
"7962","1540喬福","110/08/04","亞東-高雄",0,4,-4
"7963","1540喬福","110/08/04","第一金-桃園",1,0,1
"7964","1540喬福","110/08/04","永豐金-大園",0,4,-4
"7965","1540喬福","110/08/04","兆豐-高雄",1,0,1
"7966","1540喬福","110/08/04","永豐金-豐原",0,2,-2
"7967","1540喬福","110/08/04","元大-苑裡",1,0,1
"7968","1540喬福","110/08/04","兆豐-三重",0,1,-1
"7969","1540喬福","110/08/04","臺銀-鳳山",0,0,0
"7970","1540喬福","110/08/04","致和-南京",0,1,-1
"7971","1540喬福","110/08/04","大慶",0,0,0
"7972","1540喬福","110/08/04","國票-嘉義",0,1,-1
"7973","1540喬福","110/08/04","元富-信義",0,0,0
"7974","1540喬福","110/08/04","兆豐-嘉義",0,1,-1
"7975","1540喬福","110/08/04","德信-新營",1,1,0
"7976","1540喬福","110/08/04","華南永昌-林口",0,1,-1
"7977","1540喬福","110/08/04","國票-台中",1,1,0
"7978","1540喬福","110/08/04","華南永昌-潮州",0,1,-1
"7979","1540喬福","110/08/04","康和-板橋",0,0,0
"7980","1540喬福","110/08/04","國票-台中",1,1,0
"7981","2888新光金","110/08/04","港商麥格理",2490,0,2490
"7982","2888新光金","110/08/04","永豐金-苓雅",2,1543,-1541
"7983","2888新光金","110/08/04","凱基-八德",1000,1,999
"7984","2888新光金","110/08/04","美商高盛",196,1441,-1245
"7985","2888新光金","110/08/04","新光",1122,247,875
"7986","2888新光金","110/08/04","台灣摩根士丹利",724,1776,-1052
"7987","2888新光金","110/08/04","國票-桃園",1200,402,798
"7988","2888新光金","110/08/04","摩根大通",616,1665,-1049
"7989","2888新光金","110/08/04","華南永昌-南京",759,36,723
"7990","2888新光金","110/08/04","康和-台中",0,680,-680
"7991","2888新光金","110/08/04","港商法國興業",568,0,568
"7992","2888新光金","110/08/04","群益金鼎-高雄",0,533,-533
"7993","2888新光金","110/08/04","花旗環球",559,0,559
"7994","2888新光金","110/08/04","亞東",34,531,-497
"7995","2888新光金","110/08/04","法銀巴黎",801,242,559
"7996","2888新光金","110/08/04","群益金鼎-土城",25,464,-439
"7997","2888新光金","110/08/04","凱基-台北",889,355,534
"7998","2888新光金","110/08/04","國票-北高雄",2,425,-423
"7999","2888新光金","110/08/04","統一-松江",500,0,500
"8000","2888新光金","110/08/04","凱基-台南",0,400,-400
"8001","2888新光金","110/08/04","華南永昌-長虹",345,0,345
"8002","2888新光金","110/08/04","新加坡商瑞銀",128,486,-358
"8003","2888新光金","110/08/04","美林",884,551,333
"8004","2888新光金","110/08/04","統一-屏東",0,344,-344
"8005","2888新光金","110/08/04","群益金鼎-中壢",301,3,298
"8006","2888新光金","110/08/04","統一-宜蘭",8,326,-318
"8007","2888新光金","110/08/04","群益金鼎",278,0,278
"8008","2888新光金","110/08/04","群益金鼎-萬華",0,284,-284
"8009","2888新光金","110/08/04","元大-北投",249,5,244
"8010","2888新光金","110/08/04","富邦-仁愛",10,276,-266
"8011","1340勝悅","110/08/04","第一金-新竹",10,0,10
"8012","1340勝悅","110/08/04","中國信託",0,23,-23
"8013","1340勝悅","110/08/04","凱基-虎尾",8,0,8
"8014","1340勝悅","110/08/04","永豐金-潮州",0,19,-19
"8015","1340勝悅","110/08/04","凱基-台中",6,0,6
"8016","1340勝悅","110/08/04","元富-花蓮",0,10,-10
"8017","1340勝悅","110/08/04","臺灣企銀-埔墘",5,0,5
"8018","1340勝悅","110/08/04","中國信託-永康",0,10,-10
"8019","1340勝悅","110/08/04","第一金",5,0,5
"8020","1340勝悅","110/08/04","第一金-中壢",0,7,-7
"8021","1340勝悅","110/08/04","凱基-八德",5,0,5
"8022","1340勝悅","110/08/04","高橋-中壢",0,5,-5
"8023","1340勝悅","110/08/04","永豐金-博愛",5,0,5
"8024","1340勝悅","110/08/04","富邦-新店",0,5,-5
"8025","1340勝悅","110/08/04","摩根大通",6,2,4
"8026","1340勝悅","110/08/04","台新-高雄",0,4,-4
"8027","1340勝悅","110/08/04","凱基-三重",4,0,4
"8028","1340勝悅","110/08/04","新光",0,4,-4
"8029","1340勝悅","110/08/04","統一-城中",7,4,3
"8030","1340勝悅","110/08/04","兆豐-松德",0,2,-2
"8031","1340勝悅","110/08/04","群益金鼎-館前",3,0,3
"8032","1340勝悅","110/08/04","凱基-嘉義",0,2,-2
"8033","1340勝悅","110/08/04","元大-南京",3,0,3
"8034","1340勝悅","110/08/04","富邦-宜蘭",0,2,-2
"8035","1340勝悅","110/08/04","瑞士信貸",2,0,2
"8036","1340勝悅","110/08/04","永豐金-永康",0,2,-2
"8037","1340勝悅","110/08/04","大慶-富順",2,0,2
"8038","1340勝悅","110/08/04","永豐金-嘉義",0,2,-2
"8039","1340勝悅","110/08/04","國泰-高雄",2,0,2
"8040","1340勝悅","110/08/04","玉山證券",0,1,-1
"8041","6246臺龍","110/08/04","統一",347,0,347
"8042","6246臺龍","110/08/04","大慶-富順",0,168,-168
"8043","6246臺龍","110/08/04","元大-西螺",30,0,30
"8044","6246臺龍","110/08/04","元大-善化",1,91,-90
"8045","6246臺龍","110/08/04","華南永昌-嘉義",26,0,26
"8046","6246臺龍","110/08/04","新光-高雄",2,75,-73
"8047","6246臺龍","110/08/04","中國信託-永康",31,9,22
"8048","6246臺龍","110/08/04","元大-永春",1,40,-39
"8049","6246臺龍","110/08/04","元大-西屯",25,4,21
"8050","6246臺龍","110/08/04","元大-基隆孝二",1,35,-34
"8051","6246臺龍","110/08/04","凱基-竹科",23,3,20
"8052","6246臺龍","110/08/04","凱基-復興",10,43,-33
"8053","6246臺龍","110/08/04","凱基-大直",19,0,19
"8054","6246臺龍","110/08/04","國泰-台中",3,34,-31
"8055","6246臺龍","110/08/04","第一金-台南",18,0,18
"8056","6246臺龍","110/08/04","統一-屏東",0,26,-26
"8057","6246臺龍","110/08/04","萬泰",15,0,15
"8058","6246臺龍","110/08/04","台灣企銀-台南",1,25,-24
"8059","6246臺龍","110/08/04","華南永昌-台中",15,0,15
"8060","6246臺龍","110/08/04","宏遠-民生",0,22,-22
"8061","6246臺龍","110/08/04","凱基-板橋",13,0,13
"8062","6246臺龍","110/08/04","兆豐-來福",0,20,-20
"8063","6246臺龍","110/08/04","宏遠-高雄",12,0,12
"8064","6246臺龍","110/08/04","永豐金-市政",0,17,-17
"8065","6246臺龍","110/08/04","新光-台中",11,0,11
"8066","6246臺龍","110/08/04","台新-台中",5,21,-16
"8067","6246臺龍","110/08/04","玉山證券",13,2,11
"8068","6246臺龍","110/08/04","華南永昌-彰化",1,16,-15
"8069","6246臺龍","110/08/04","永豐金-高雄",12,1,11
"8070","6246臺龍","110/08/04","元大-博愛",13,28,-15
"8071","00715L期街口布蘭特正2","110/08/04","宏遠-高雄",1056,0,1056
"8072","00715L期街口布蘭特正2","110/08/04","元大證券",1348,7345,-5997
"8073","00715L期街口布蘭特正2","110/08/04","凱基-豐中",576,0,576
"8074","00715L期街口布蘭特正2","110/08/04","凱基-台北",37,5749,-5712
"8075","00715L期街口布蘭特正2","110/08/04","富邦-基隆",467,0,467
"8076","00715L期街口布蘭特正2","110/08/04","富邦證券",253,2075,-1822
"8077","00715L期街口布蘭特正2","110/08/04","國泰-板橋",470,30,440
"8078","00715L期街口布蘭特正2","110/08/04","第一金-頭份",11,400,-389
"8079","00715L期街口布蘭特正2","110/08/04","統一-高雄",358,3,355
"8080","00715L期街口布蘭特正2","110/08/04","富邦-永和",4,376,-372
"8081","00715L期街口布蘭特正2","110/08/04","中國信託-永康",219,1,218
"8082","00715L期街口布蘭特正2","110/08/04","永豐金-新店",0,370,-370
"8083","00715L期街口布蘭特正2","110/08/04","元大-中和",217,0,217
"8084","00715L期街口布蘭特正2","110/08/04","元富",53,412,-359
"8085","00715L期街口布蘭特正2","110/08/04","日盛-花蓮",201,1,200
"8086","00715L期街口布蘭特正2","110/08/04","臺銀-民權",15,366,-351
"8087","00715L期街口布蘭特正2","110/08/04","元大-中壢",201,12,189
"8088","00715L期街口布蘭特正2","110/08/04","兆豐-新莊",0,300,-300
"8089","00715L期街口布蘭特正2","110/08/04","宏遠-桃園",190,2,188
"8090","00715L期街口布蘭特正2","110/08/04","大昌-新店",17,300,-283
"8091","00715L期街口布蘭特正2","110/08/04","玉山-大里",182,0,182
"8092","00715L期街口布蘭特正2","110/08/04","元大-西螺",87,303,-216
"8093","00715L期街口布蘭特正2","110/08/04","新光",258,80,178
"8094","00715L期街口布蘭特正2","110/08/04","華南永昌-高雄",7,206,-199
"8095","00715L期街口布蘭特正2","110/08/04","元大-花蓮",178,0,178
"8096","00715L期街口布蘭特正2","110/08/04","國票-台中",8,200,-192
"8097","00715L期街口布蘭特正2","110/08/04","新光-台中",242,68,174
"8098","00715L期街口布蘭特正2","110/08/04","群益金鼎-鳳山",12,174,-162
"8099","00715L期街口布蘭特正2","110/08/04","(牛牛牛)亞-網路",166,0,166
"8100","00715L期街口布蘭特正2","110/08/04","國泰-台南",8,150,-142
"8101","8941關中","110/08/04","宏遠-館前",3,0,3
"8102","8941關中","110/08/04","元大-基隆",0,3,-3
"8103","8941關中","110/08/04","日盛-和美",1,0,1
"8104","8941關中","110/08/04","富邦-員林",0,2,-2
"8105","8941關中","110/08/04","元大-華山",1,0,1
"8106","8941關中","110/08/04","新光-高雄",0,0,0
"8107","8941關中","110/08/04","新光-高雄",0,0,0
"8108","8941關中","110/08/04","國泰-高雄",0,0,0
"8109","8941關中","110/08/04","國泰-高雄",0,0,0
"8110","8941關中","110/08/04","富邦-建國",0,0,0
"8111","8941關中","110/08/04","富邦-建國",0,0,0
"8112","8941關中","110/08/04","元大-西屯",0,0,0
"8113","8941關中","110/08/04","元大-西屯",0,0,0
"8114","8941關中","110/08/04","元大-花蓮",0,0,0
"8115","8941關中","110/08/04","元大-花蓮",0,0,0
"8116","8941關中","110/08/04","永豐金-萬盛",0,0,0
"8117","8941關中","110/08/04","永豐金-萬盛",0,0,0
"8118","8941關中","110/08/04","",NA,NA,NA
"8119","8941關中","110/08/04","",NA,NA,NA
"8120","8941關中","110/08/04","",NA,NA,NA
"8121","8941關中","110/08/04","",NA,NA,NA
"8122","8941關中","110/08/04","",NA,NA,NA
"8123","8941關中","110/08/04","",NA,NA,NA
"8124","8941關中","110/08/04","",NA,NA,NA
"8125","8941關中","110/08/04","",NA,NA,NA
"8126","8941關中","110/08/04","",NA,NA,NA
"8127","8941關中","110/08/04","",NA,NA,NA
"8128","8941關中","110/08/04","",NA,NA,NA
"8129","8941關中","110/08/04","",NA,NA,NA
"8130","8941關中","110/08/04","",NA,NA,NA
"8131","8936國統","110/08/04","第一金-光復",120,0,120
"8132","8936國統","110/08/04","兆豐-彰化",0,61,-61
"8133","8936國統","110/08/04","美林",99,3,96
"8134","8936國統","110/08/04","凱基-台北",4,56,-52
"8135","8936國統","110/08/04","華南永昌-楠梓",70,5,65
"8136","8936國統","110/08/04","凱基-內埔",0,50,-50
"8137","8936國統","110/08/04","永豐金-高雄",62,0,62
"8138","8936國統","110/08/04","台灣摩根士丹利",0,42,-42
"8139","8936國統","110/08/04","國票-台南",60,0,60
"8140","8936國統","110/08/04","永豐金-苓雅",1,40,-39
"8141","8936國統","110/08/04","永豐金-台中",30,0,30
"8142","8936國統","110/08/04","群益金鼎-內湖",0,30,-30
"8143","8936國統","110/08/04","第一金-豐原",20,0,20
"8144","8936國統","110/08/04","國票-北高雄",0,20,-20
"8145","8936國統","110/08/04","玉山-高雄",13,0,13
"8146","8936國統","110/08/04","宏遠-館前",0,19,-19
"8147","8936國統","110/08/04","元大-莒光",11,0,11
"8148","8936國統","110/08/04","美商高盛",3,22,-19
"8149","8936國統","110/08/04","亞東-高雄",10,0,10
"8150","8936國統","110/08/04","元大-大里德芳",4,21,-17
"8151","8936國統","110/08/04","第一金-路竹",10,0,10
"8152","8936國統","110/08/04","第一金-高雄",0,14,-14
"8153","8936國統","110/08/04","新光-台中",8,1,7
"8154","8936國統","110/08/04","日盛-竹北",0,12,-12
"8155","8936國統","110/08/04","統一-三多",5,0,5
"8156","8936國統","110/08/04","亞東",0,12,-12
"8157","8936國統","110/08/04","國票-內壢",5,0,5
"8158","8936國統","110/08/04","摩根大通",32,44,-12
"8159","8936國統","110/08/04","新光",10,5,5
"8160","8936國統","110/08/04","第一金-嘉義",0,10,-10
"8161","6226光鼎","110/08/04","富邦-嘉義",1247,573,674
"8162","6226光鼎","110/08/04","國泰-敦南",89,234,-145
"8163","6226光鼎","110/08/04","永豐金-桃盛",205,0,205
"8164","6226光鼎","110/08/04","日盛-嘉義",0,131,-131
"8165","6226光鼎","110/08/04","台新-左楠",120,1,119
"8166","6226光鼎","110/08/04","群益金鼎-東大",35,150,-115
"8167","6226光鼎","110/08/04","群益金鼎-敦南",127,8,119
"8168","6226光鼎","110/08/04","台中銀-員林",0,101,-101
"8169","6226光鼎","110/08/04","台灣摩根士丹利",135,55,80
"8170","6226光鼎","110/08/04","玉山-雙和",2,97,-95
"8171","6226光鼎","110/08/04","華南永昌-南京",89,14,75
"8172","6226光鼎","110/08/04","台新證券",76,167,-91
"8173","6226光鼎","110/08/04","台新-台中",101,32,69
"8174","6226光鼎","110/08/04","華南永昌-頭份",7,86,-79
"8175","6226光鼎","110/08/04","宏遠-台中",60,3,57
"8176","6226光鼎","110/08/04","高橋",0,70,-70
"8177","6226光鼎","110/08/04","大昌",79,26,53
"8178","6226光鼎","110/08/04","國泰-館前",18,62,-44
"8179","6226光鼎","110/08/04","台新-新莊",54,2,52
"8180","6226光鼎","110/08/04","凱基-永和",0,43,-43
"8181","6226光鼎","110/08/04","群益金鼎-三民",51,3,48
"8182","6226光鼎","110/08/04","日盛-景美",0,38,-38
"8183","6226光鼎","110/08/04","中國信託-永康",62,18,44
"8184","6226光鼎","110/08/04","華南永昌-高雄",9,47,-38
"8185","6226光鼎","110/08/04","國票-台中",45,2,43
"8186","6226光鼎","110/08/04","元大-太平",6,44,-38
"8187","6226光鼎","110/08/04","統一-士林",44,4,40
"8188","6226光鼎","110/08/04","元大-北投",0,37,-37
"8189","6226光鼎","110/08/04","統一-仁愛",51,14,37
"8190","6226光鼎","110/08/04","元大-板橋",0,37,-37
"8191","2363矽統","110/08/04","富邦-中壢",628,138,490
"8192","2363矽統","110/08/04","新加坡商瑞銀",986,2541,-1555
"8193","2363矽統","110/08/04","凱基-台北",7207,6730,477
"8194","2363矽統","110/08/04","台灣摩根士丹利",158,1373,-1215
"8195","2363矽統","110/08/04","元大-承德",449,81,368
"8196","2363矽統","110/08/04","摩根大通",2506,3701,-1195
"8197","2363矽統","110/08/04","群益金鼎-高雄",438,99,339
"8198","2363矽統","110/08/04","日盛-文化",121,1226,-1105
"8199","2363矽統","110/08/04","元富-嘉義",383,57,326
"8200","2363矽統","110/08/04","美林",2013,2637,-624
"8201","2363矽統","110/08/04","元大-旗山",446,147,299
"8202","2363矽統","110/08/04","凱基-新莊",44,445,-401
"8203","2363矽統","110/08/04","大慶-台中",304,14,290
"8204","2363矽統","110/08/04","台新-松江",60,449,-389
"8205","2363矽統","110/08/04","國票-博愛",425,150,275
"8206","2363矽統","110/08/04","統一-士林",649,1031,-382
"8207","2363矽統","110/08/04","台新-台南",494,230,264
"8208","2363矽統","110/08/04","新光",1494,1876,-382
"8209","2363矽統","110/08/04","群益金鼎-內湖",393,135,258
"8210","2363矽統","110/08/04","華南永昌",691,1068,-377
"8211","2363矽統","110/08/04","群益金鼎-桃園",295,68,227
"8212","2363矽統","110/08/04","富邦-彰化",122,486,-364
"8213","2363矽統","110/08/04","永豐金-羅東",397,182,215
"8214","2363矽統","110/08/04","凱基-永和",198,478,-280
"8215","2363矽統","110/08/04","元大-永春",347,142,205
"8216","2363矽統","110/08/04","富邦-嘉義",1358,1619,-261
"8217","2363矽統","110/08/04","台新-屏東",466,275,191
"8218","2363矽統","110/08/04","元大-前金",175,419,-244
"8219","2363矽統","110/08/04","元大-萬華",286,96,190
"8220","2363矽統","110/08/04","凱基-大直",681,912,-231
"8221","8112至上","110/08/04","台灣匯立證券",138,0,138
"8222","8112至上","110/08/04","日盛-高雄",1,355,-354
"8223","8112至上","110/08/04","元富-新興",94,8,86
"8224","8112至上","110/08/04","玉山-士林",0,150,-150
"8225","8112至上","110/08/04","合庫-西台中",55,7,48
"8226","8112至上","110/08/04","台灣摩根士丹利",20,143,-123
"8227","8112至上","110/08/04","摩根大通",145,97,48
"8228","8112至上","110/08/04","元富-大昌",0,120,-120
"8229","8112至上","110/08/04","台新證券",48,1,47
"8230","8112至上","110/08/04","華南永昌-林口",1,90,-89
"8231","8112至上","110/08/04","第一金-高雄",40,0,40
"8232","8112至上","110/08/04","元大-北屯",1,70,-69
"8233","8112至上","110/08/04","群益金鼎-大安",40,0,40
"8234","8112至上","110/08/04","凱基-台北",140,206,-66
"8235","8112至上","110/08/04","日盛-新竹",60,26,34
"8236","8112至上","110/08/04","新加坡商瑞銀",16,68,-52
"8237","8112至上","110/08/04","美林",69,38,31
"8238","8112至上","110/08/04","第一金-自由",0,50,-50
"8239","8112至上","110/08/04","凱基-虎尾",30,0,30
"8240","8112至上","110/08/04","康和-內湖",0,34,-34
"8241","8112至上","110/08/04","永豐金-台南",32,2,30
"8242","8112至上","110/08/04","聯邦商銀",0,34,-34
"8243","8112至上","110/08/04","港商野村",30,1,29
"8244","8112至上","110/08/04","臺銀-鳳山",0,28,-28
"8245","8112至上","110/08/04","國泰-館前",29,5,24
"8246","8112至上","110/08/04","兆豐-公益",0,28,-28
"8247","8112至上","110/08/04","元富-佳里",21,0,21
"8248","8112至上","110/08/04","元大-崇德",0,21,-21
"8249","8112至上","110/08/04","日進",20,0,20
"8250","8112至上","110/08/04","元大-土城永寧",0,20,-20
"8251","1570力肯","110/08/04","摩根大通",330,27,303
"8252","1570力肯","110/08/04","元大-板橋",0,86,-86
"8253","1570力肯","110/08/04","統一",224,0,224
"8254","1570力肯","110/08/04","群益金鼎-忠孝",0,80,-80
"8255","1570力肯","110/08/04","富邦-台中",84,1,83
"8256","1570力肯","110/08/04","元富-緯城",0,51,-51
"8257","1570力肯","110/08/04","統一-土城",287,222,65
"8258","1570力肯","110/08/04","國票-和平",0,51,-51
"8259","1570力肯","110/08/04","群益金鼎-中壢",60,0,60
"8260","1570力肯","110/08/04","日盛-二林",0,43,-43
"8261","1570力肯","110/08/04","富邦-高雄",69,10,59
"8262","1570力肯","110/08/04","國泰-板橋",0,43,-43
"8263","1570力肯","110/08/04","統一-屏東",61,4,57
"8264","1570力肯","110/08/04","元大-新莊",1,44,-43
"8265","1570力肯","110/08/04","凱基-岡山",53,1,52
"8266","1570力肯","110/08/04","凱基-嘉義",0,42,-42
"8267","1570力肯","110/08/04","新光-台中",43,12,31
"8268","1570力肯","110/08/04","華南永昌-鳳山",2,42,-40
"8269","1570力肯","110/08/04","台中銀-員林",30,1,29
"8270","1570力肯","110/08/04","凱基-三峽",0,37,-37
"8271","1570力肯","110/08/04","元富-三重",37,12,25
"8272","1570力肯","110/08/04","國票-中正",0,36,-36
"8273","1570力肯","110/08/04","統一-新台中",30,6,24
"8274","1570力肯","110/08/04","高橋",0,30,-30
"8275","1570力肯","110/08/04","致和-府前",25,1,24
"8276","1570力肯","110/08/04","日盛-高雄",0,29,-29
"8277","1570力肯","110/08/04","凱基-中港",22,0,22
"8278","1570力肯","110/08/04","(牛牛牛)亞-鑫豐",6,29,-23
"8279","1570力肯","110/08/04","宏遠證券",20,0,20
"8280","1570力肯","110/08/04","元富-松德",1,22,-21
"8281","2929淘帝","110/08/04","兆豐-忠孝",23,0,23
"8282","2929淘帝","110/08/04","美林",12,107,-95
"8283","2929淘帝","110/08/04","華南永昌-長虹",21,0,21
"8284","2929淘帝","110/08/04","兆豐-新莊",0,94,-94
"8285","2929淘帝","110/08/04","兆豐-桃園",20,0,20
"8286","2929淘帝","110/08/04","富邦-北港",0,30,-30
"8287","2929淘帝","110/08/04","新加坡商瑞銀",34,18,16
"8288","2929淘帝","110/08/04","永興-水湳",0,20,-20
"8289","2929淘帝","110/08/04","凱基-林口",15,0,15
"8290","2929淘帝","110/08/04","兆豐-復興",0,20,-20
"8291","2929淘帝","110/08/04","富邦-竹東",17,5,12
"8292","2929淘帝","110/08/04","國泰-高雄",1,15,-14
"8293","2929淘帝","110/08/04","台新-建北",11,0,11
"8294","2929淘帝","110/08/04","元大-上新莊",0,14,-14
"8295","2929淘帝","110/08/04","凱基-豐中",11,0,11
"8296","2929淘帝","110/08/04","凱基-敦北",0,11,-11
"8297","2929淘帝","110/08/04","統一-汐止",10,0,10
"8298","2929淘帝","110/08/04","臺銀-金山",0,10,-10
"8299","2929淘帝","110/08/04","新百王",10,0,10
"8300","2929淘帝","110/08/04","日盛-斗六",0,10,-10
"8301","2929淘帝","110/08/04","凱基-台北",16,6,10
"8302","2929淘帝","110/08/04","港商野村",16,26,-10
"8303","2929淘帝","110/08/04","華南永昌-苗栗",10,0,10
"8304","2929淘帝","110/08/04","第一金-自由",0,10,-10
"8305","2929淘帝","110/08/04","富邦-板橋",10,0,10
"8306","2929淘帝","110/08/04","玉山-台南",0,10,-10
"8307","2929淘帝","110/08/04","元大-路竹",10,0,10
"8308","2929淘帝","110/08/04","凱基-五股",0,10,-10
"8309","2929淘帝","110/08/04","元大-東蘆",10,0,10
"8310","2929淘帝","110/08/04","華南永昌-楠梓",0,10,-10
"8311","5410國眾","110/08/04","永豐金-內湖",100,1,99
"8312","5410國眾","110/08/04","群益金鼎-內湖",0,46,-46
"8313","5410國眾","110/08/04","永豐金-板新",36,0,36
"8314","5410國眾","110/08/04","新光",2,36,-34
"8315","5410國眾","110/08/04","兆豐-城中",27,0,27
"8316","5410國眾","110/08/04","元富-嘉義",0,20,-20
"8317","5410國眾","110/08/04","凱基-竹北",10,0,10
"8318","5410國眾","110/08/04","元大-博愛",0,20,-20
"8319","5410國眾","110/08/04","新光-高雄",9,0,9
"8320","5410國眾","110/08/04","永豐金-彰化",0,20,-20
"8321","5410國眾","110/08/04","兆豐-北高雄",8,0,8
"8322","5410國眾","110/08/04","元大-斗信",0,11,-11
"8323","5410國眾","110/08/04","元富-三重",9,3,6
"8324","5410國眾","110/08/04","統一-平鎮",0,10,-10
"8325","5410國眾","110/08/04","台新證券",7,1,6
"8326","5410國眾","110/08/04","元大-台北",0,10,-10
"8327","5410國眾","110/08/04","元大-中壢",10,4,6
"8328","5410國眾","110/08/04","元大-大灣",0,10,-10
"8329","5410國眾","110/08/04","北城證券",5,0,5
"8330","5410國眾","110/08/04","元大-前金",0,9,-9
"8331","5410國眾","110/08/04","國票-和平",5,0,5
"8332","5410國眾","110/08/04","致和證券",0,8,-8
"8333","5410國眾","110/08/04","元大-新盛",5,0,5
"8334","5410國眾","110/08/04","元大-崇德",0,7,-7
"8335","5410國眾","110/08/04","永豐金-中盛",5,0,5
"8336","5410國眾","110/08/04","臺銀-鳳山",0,6,-6
"8337","5410國眾","110/08/04","永豐金-桃園",5,0,5
"8338","5410國眾","110/08/04","玉山-左營",0,6,-6
"8339","5410國眾","110/08/04","凱基-台北",7,3,4
"8340","5410國眾","110/08/04","富邦-台中",0,6,-6
"8341","2841台開","110/08/04","永豐金-敦南",1166,0,1166
"8342","2841台開","110/08/04","統一-三重",0,943,-943
"8343","2841台開","110/08/04","永豐金-鳳山",206,50,156
"8344","2841台開","110/08/04","群益金鼎-東大",0,250,-250
"8345","2841台開","110/08/04","凱基-文心",136,0,136
"8346","2841台開","110/08/04","元富-城東",5,250,-245
"8347","2841台開","110/08/04","國泰-敦南",135,7,128
"8348","2841台開","110/08/04","元大-大灣",16,200,-184
"8349","2841台開","110/08/04","新光",109,4,105
"8350","2841台開","110/08/04","元大-新店中正",0,128,-128
"8351","2841台開","110/08/04","日盛-信義",102,0,102
"8352","2841台開","110/08/04","兆豐-麻豆",0,120,-120
"8353","2841台開","110/08/04","兆豐-東門",100,0,100
"8354","2841台開","110/08/04","土銀",0,100,-100
"8355","2841台開","110/08/04","台新-三民",100,0,100
"8356","2841台開","110/08/04","臺銀",0,100,-100
"8357","2841台開","110/08/04","群益金鼎-海山",100,0,100
"8358","2841台開","110/08/04","富邦-新店",4,90,-86
"8359","2841台開","110/08/04","國泰-板橋",106,13,93
"8360","2841台開","110/08/04","合庫-台中",23,104,-81
"8361","2841台開","110/08/04","永豐金-彰化",100,10,90
"8362","2841台開","110/08/04","統一-高雄",0,77,-77
"8363","2841台開","110/08/04","永豐金-萬盛",101,16,85
"8364","2841台開","110/08/04","群益金鼎-屏東",0,75,-75
"8365","2841台開","110/08/04","國票-天祥",80,0,80
"8366","2841台開","110/08/04","中國信託-高雄",2,70,-68
"8367","2841台開","110/08/04","群益金鼎-崇德",84,5,79
"8368","2841台開","110/08/04","凱基-三峽",0,61,-61
"8369","2841台開","110/08/04","群益金鼎-館前",82,3,79
"8370","2841台開","110/08/04","統一-彰化",0,60,-60
"8371","6207雷科","110/08/04","凱基-羅東",80,1,79
"8372","6207雷科","110/08/04","凱基-板橋",1,213,-212
"8373","6207雷科","110/08/04","元大-鳳山",76,2,74
"8374","6207雷科","110/08/04","摩根大通",105,209,-104
"8375","6207雷科","110/08/04","凱基-台南",37,1,36
"8376","6207雷科","110/08/04","凱基-台北",22,122,-100
"8377","6207雷科","110/08/04","富邦-竹東",35,0,35
"8378","6207雷科","110/08/04","華南永昌",12,100,-88
"8379","6207雷科","110/08/04","群益金鼎-東門",31,4,27
"8380","6207雷科","110/08/04","統一-高雄",3,74,-71
"8381","6207雷科","110/08/04","新光-高雄",30,4,26
"8382","6207雷科","110/08/04","群益金鼎-大興",0,70,-70
"8383","6207雷科","110/08/04","大慶-蘆洲",21,0,21
"8384","6207雷科","110/08/04","日盛-忠孝",0,62,-62
"8385","6207雷科","110/08/04","瑞士信貸",20,0,20
"8386","6207雷科","110/08/04","富邦-台中",0,50,-50
"8387","6207雷科","110/08/04","元大-羅東",20,0,20
"8388","6207雷科","110/08/04","永豐金-內湖",0,50,-50
"8389","6207雷科","110/08/04","群益金鼎-南京",20,2,18
"8390","6207雷科","110/08/04","美林",3,47,-44
"8391","6207雷科","110/08/04","元大-汐止",16,0,16
"8392","6207雷科","110/08/04","元富-大昌",0,40,-40
"8393","6207雷科","110/08/04","兆豐-來福",15,0,15
"8394","6207雷科","110/08/04","兆豐-景美",2,40,-38
"8395","6207雷科","110/08/04","國泰-敦南",21,6,15
"8396","6207雷科","110/08/04","新加坡商瑞銀",12,49,-37
"8397","6207雷科","110/08/04","永豐金-台中",15,0,15
"8398","6207雷科","110/08/04","群益金鼎-古亭",2,24,-22
"8399","6207雷科","110/08/04","元大-沙鹿",14,0,14
"8400","6207雷科","110/08/04","華南永昌-虎尾",0,21,-21
"8401","3679新至陞","110/08/04","凱基-台北",27,0,27
"8402","3679新至陞","110/08/04","香港上海匯豐",0,12,-12
"8403","3679新至陞","110/08/04","港商法國興業",20,0,20
"8404","3679新至陞","110/08/04","台灣摩根士丹利",0,10,-10
"8405","3679新至陞","110/08/04","新加坡商瑞銀",13,0,13
"8406","3679新至陞","110/08/04","港商野村",0,8,-8
"8407","3679新至陞","110/08/04","(牛牛牛)亞-網路",11,0,11
"8408","3679新至陞","110/08/04","玉山證券",2,9,-7
"8409","3679新至陞","110/08/04","摩根大通",9,4,5
"8410","3679新至陞","110/08/04","富邦-陽明",0,6,-6
"8411","3679新至陞","110/08/04","國泰-敦南",6,2,4
"8412","3679新至陞","110/08/04","統一",0,5,-5
"8413","3679新至陞","110/08/04","土銀-和平",3,0,3
"8414","3679新至陞","110/08/04","華南永昌-淡水",0,5,-5
"8415","3679新至陞","110/08/04","台中銀-員林",3,0,3
"8416","3679新至陞","110/08/04","元大-成功",0,5,-5
"8417","3679新至陞","110/08/04","元大-永春",3,0,3
"8418","3679新至陞","110/08/04","群益金鼎-內湖",0,4,-4
"8419","3679新至陞","110/08/04","國票-台東",2,0,2
"8420","3679新至陞","110/08/04","國泰-館前",0,3,-3
"8421","3679新至陞","110/08/04","富邦-新店",2,0,2
"8422","3679新至陞","110/08/04","凱基-板橋",0,3,-3
"8423","3679新至陞","110/08/04","富邦-三重",2,0,2
"8424","3679新至陞","110/08/04","凱基-三峽",0,3,-3
"8425","3679新至陞","110/08/04","元大-板橋三民",2,0,2
"8426","3679新至陞","110/08/04","凱基-中山",0,3,-3
"8427","3679新至陞","110/08/04","永豐金-敦南",2,0,2
"8428","3679新至陞","110/08/04","元大-承德",1,4,-3
"8429","3679新至陞","110/08/04","大昌-新店",1,0,1
"8430","3679新至陞","110/08/04","元大-大同",0,3,-3
"8431","2727王品","110/08/04","元富",46,0,46
"8432","2727王品","110/08/04","台灣摩根士丹利",20,277,-257
"8433","2727王品","110/08/04","台新證券",36,7,29
"8434","2727王品","110/08/04","群益金鼎-三民",2,104,-102
"8435","2727王品","110/08/04","國泰-敦南",42,13,29
"8436","2727王品","110/08/04","第一金",1,102,-101
"8437","2727王品","110/08/04","國泰-台中",19,2,17
"8438","2727王品","110/08/04","元大-東蘆",1,45,-44
"8439","2727王品","110/08/04","華南永昌-虎尾",13,0,13
"8440","2727王品","110/08/04","新光-台中",10,43,-33
"8441","2727王品","110/08/04","凱基-五股",11,0,11
"8442","2727王品","110/08/04","新光-桃園",9,42,-33
"8443","2727王品","110/08/04","國泰-館前",16,6,10
"8444","2727王品","110/08/04","凱基-興隆",1,21,-20
"8445","2727王品","110/08/04","凱基-基隆",10,0,10
"8446","2727王品","110/08/04","元大-龍潭",6,23,-17
"8447","2727王品","110/08/04","凱基-南崁",10,0,10
"8448","2727王品","110/08/04","日盛-士林",0,15,-15
"8449","2727王品","110/08/04","富邦-台北",12,2,10
"8450","2727王品","110/08/04","凱基-天母",0,15,-15
"8451","2727王品","110/08/04","新光",34,25,9
"8452","2727王品","110/08/04","日盛-台中",4,15,-11
"8453","2727王品","110/08/04","玉山證券",12,3,9
"8454","2727王品","110/08/04","永豐金-信義",1,12,-11
"8455","2727王品","110/08/04","國泰-高雄",10,2,8
"8456","2727王品","110/08/04","新加坡商瑞銀",2,12,-10
"8457","2727王品","110/08/04","群益金鼎-宜蘭",8,0,8
"8458","2727王品","110/08/04","元大-豐原",0,10,-10
"8459","2727王品","110/08/04","國泰-台南",7,0,7
"8460","2727王品","110/08/04","元大-樹林",1,11,-10
"8461","1570力肯","110/08/04","摩根大通",330,27,303
"8462","1570力肯","110/08/04","元大-板橋",0,86,-86
"8463","1570力肯","110/08/04","統一",224,0,224
"8464","1570力肯","110/08/04","群益金鼎-忠孝",0,80,-80
"8465","1570力肯","110/08/04","富邦-台中",84,1,83
"8466","1570力肯","110/08/04","元富-緯城",0,51,-51
"8467","1570力肯","110/08/04","統一-土城",287,222,65
"8468","1570力肯","110/08/04","國票-和平",0,51,-51
"8469","1570力肯","110/08/04","群益金鼎-中壢",60,0,60
"8470","1570力肯","110/08/04","日盛-二林",0,43,-43
"8471","1570力肯","110/08/04","富邦-高雄",69,10,59
"8472","1570力肯","110/08/04","國泰-板橋",0,43,-43
"8473","1570力肯","110/08/04","統一-屏東",61,4,57
"8474","1570力肯","110/08/04","元大-新莊",1,44,-43
"8475","1570力肯","110/08/04","凱基-岡山",53,1,52
"8476","1570力肯","110/08/04","凱基-嘉義",0,42,-42
"8477","1570力肯","110/08/04","新光-台中",43,12,31
"8478","1570力肯","110/08/04","華南永昌-鳳山",2,42,-40
"8479","1570力肯","110/08/04","台中銀-員林",30,1,29
"8480","1570力肯","110/08/04","凱基-三峽",0,37,-37
"8481","1570力肯","110/08/04","元富-三重",37,12,25
"8482","1570力肯","110/08/04","國票-中正",0,36,-36
"8483","1570力肯","110/08/04","統一-新台中",30,6,24
"8484","1570力肯","110/08/04","高橋",0,30,-30
"8485","1570力肯","110/08/04","致和-府前",25,1,24
"8486","1570力肯","110/08/04","日盛-高雄",0,29,-29
"8487","1570力肯","110/08/04","凱基-中港",22,0,22
"8488","1570力肯","110/08/04","(牛牛牛)亞-鑫豐",6,29,-23
"8489","1570力肯","110/08/04","宏遠證券",20,0,20
"8490","1570力肯","110/08/04","元富-松德",1,22,-21
"8491","6180橘子","110/08/04","新光",67,10,57
"8492","6180橘子","110/08/04","群益金鼎-桃園",0,30,-30
"8493","6180橘子","110/08/04","美林",15,0,15
"8494","6180橘子","110/08/04","華南永昌-苑裡",0,30,-30
"8495","6180橘子","110/08/04","第一金-中山",15,1,14
"8496","6180橘子","110/08/04","台灣摩根士丹利",0,19,-19
"8497","6180橘子","110/08/04","日盛-台中",10,0,10
"8498","6180橘子","110/08/04","台新-三民",0,16,-16
"8499","6180橘子","110/08/04","新光-桃園",10,0,10
"8500","6180橘子","110/08/04","群益金鼎-士林",0,13,-13
"8501","6180橘子","110/08/04","康和",9,0,9
"8502","6180橘子","110/08/04","群益金鼎-中港",0,11,-11
"8503","6180橘子","110/08/04","富邦-羅東",8,0,8
"8504","6180橘子","110/08/04","新加坡商瑞銀",0,10,-10
"8505","6180橘子","110/08/04","國票-九鼎",7,0,7
"8506","6180橘子","110/08/04","統一-彰化",0,10,-10
"8507","6180橘子","110/08/04","玉山-桃園",7,0,7
"8508","6180橘子","110/08/04","兆豐-埔墘",0,10,-10
"8509","6180橘子","110/08/04","元大-員林中山",7,0,7
"8510","6180橘子","110/08/04","摩根大通",3,13,-10
"8511","6180橘子","110/08/04","瑞士信貸",6,0,6
"8512","6180橘子","110/08/04","康和-延平",0,10,-10
"8513","6180橘子","110/08/04","富邦-新竹",7,1,6
"8514","6180橘子","110/08/04","大昌-安康",0,9,-9
"8515","6180橘子","110/08/04","富邦-宜蘭",6,0,6
"8516","6180橘子","110/08/04","富邦-仁愛",1,10,-9
"8517","6180橘子","110/08/04","統一-嘉義",5,0,5
"8518","6180橘子","110/08/04","花旗環球",0,8,-8
"8519","6180橘子","110/08/04","富邦-陽明",5,0,5
"8520","6180橘子","110/08/04","福勝",0,8,-8
"8521","2390云辰","110/08/04","元富-吉利",71,6,65
"8522","2390云辰","110/08/04","港商野村",180,422,-242
"8523","2390云辰","110/08/04","兆豐-新營",53,4,49
"8524","2390云辰","110/08/04","凱基-台北",75,264,-189
"8525","2390云辰","110/08/04","台新證券",83,37,46
"8526","2390云辰","110/08/04","美林",32,132,-100
"8527","2390云辰","110/08/04","日盛-新莊",53,12,41
"8528","2390云辰","110/08/04","華南永昌-鳳山",82,181,-99
"8529","2390云辰","110/08/04","兆豐-岡山",40,0,40
"8530","2390云辰","110/08/04","日盛-園區",1,91,-90
"8531","2390云辰","110/08/04","元大-新莊",42,6,36
"8532","2390云辰","110/08/04","統一-城中",3,82,-79
"8533","2390云辰","110/08/04","永豐金-鳳山",37,3,34
"8534","2390云辰","110/08/04","第一金-中壢",0,73,-73
"8535","2390云辰","110/08/04","德信-新營",37,4,33
"8536","2390云辰","110/08/04","元大-忠孝",8,74,-66
"8537","2390云辰","110/08/04","群益金鼎-三民",35,2,33
"8538","2390云辰","110/08/04","凱基-竹科",6,67,-61
"8539","2390云辰","110/08/04","玉山-雙和",39,7,32
"8540","2390云辰","110/08/04","統一-屏東",0,51,-51
"8541","2390云辰","110/08/04","凱基-三重",33,3,30
"8542","2390云辰","110/08/04","富邦-新店",2,50,-48
"8543","2390云辰","110/08/04","華南永昌-朴子",35,6,29
"8544","2390云辰","110/08/04","元富-大裕",21,56,-35
"8545","2390云辰","110/08/04","國票-和平",29,1,28
"8546","2390云辰","110/08/04","永豐金-三重",6,41,-35
"8547","2390云辰","110/08/04","元大-東蘆",31,3,28
"8548","2390云辰","110/08/04","臺銀",15,47,-32
"8549","2390云辰","110/08/04","日茂",59,33,26
"8550","2390云辰","110/08/04","凱基-台中",1,33,-32
"8551","1471首利","110/08/02","日盛-和美",31,0,31
"8552","1471首利","110/08/02","日盛-八德",0,63,-63
"8553","1471首利","110/08/02","宏遠-光隆",30,0,30
"8554","1471首利","110/08/02","凱基-幸福",0,49,-49
"8555","1471首利","110/08/02","元富-花蓮",25,0,25
"8556","1471首利","110/08/02","富邦-台北",0,30,-30
"8557","1471首利","110/08/02","凱基-台北",25,0,25
"8558","1471首利","110/08/02","元大-東蘆",0,30,-30
"8559","1471首利","110/08/02","日盛-木柵",20,0,20
"8560","1471首利","110/08/02","合庫-桃園",0,20,-20
"8561","1471首利","110/08/02","凱基-高美館",20,0,20
"8562","1471首利","110/08/02","康和-澎湖",0,15,-15
"8563","1471首利","110/08/02","新光-台中",24,5,19
"8564","1471首利","110/08/02","元大-斗信",0,15,-15
"8565","1471首利","110/08/02","富邦-羅東",15,0,15
"8566","1471首利","110/08/02","元富-民權",0,12,-12
"8567","1471首利","110/08/02","兆豐-鹿港",14,0,14
"8568","1471首利","110/08/02","玉山-新莊",0,12,-12
"8569","1471首利","110/08/02","美林",16,4,12
"8570","1471首利","110/08/02","宏遠-桃園",0,10,-10
"8571","1471首利","110/08/02","統一-桃園",12,0,12
"8572","1471首利","110/08/02","瑞士信貸",0,10,-10
"8573","1471首利","110/08/02","合庫-高雄",10,0,10
"8574","1471首利","110/08/02","大慶-苗栗",0,10,-10
"8575","1471首利","110/08/02","日盛-士林",10,0,10
"8576","1471首利","110/08/02","統一-新營",0,10,-10
"8577","1471首利","110/08/02","港商法國興業",10,0,10
"8578","1471首利","110/08/02","群益金鼎-三重",0,10,-10
"8579","1471首利","110/08/02","第一金-台南",10,0,10
"8580","1471首利","110/08/02","元大-基隆",0,10,-10
"8581","2883開發金","110/08/02","統一",3076,29,3047
"8582","2883開發金","110/08/02","中農",2,3126,-3124
"8583","2883開發金","110/08/02","凱基-台北",2789,192,2597
"8584","2883開發金","110/08/02","群益金鼎",11,2008,-1997
"8585","2883開發金","110/08/02","元富-城東",2139,5,2134
"8586","2883開發金","110/08/02","摩根大通",2081,3944,-1863
"8587","2883開發金","110/08/02","瑞士信貸",2184,316,1868
"8588","2883開發金","110/08/02","港商野村",949,2553,-1604
"8589","2883開發金","110/08/02","美林",1160,271,889
"8590","2883開發金","110/08/02","台灣匯立證券",198,1533,-1335
"8591","2883開發金","110/08/02","港商麥格理",855,0,855
"8592","2883開發金","110/08/02","中國信託",69,1041,-972
"8593","2883開發金","110/08/02","元大-金華",533,33,500
"8594","2883開發金","110/08/02","兆豐證券",1,863,-862
"8595","2883開發金","110/08/02","新加坡商瑞銀",1089,624,465
"8596","2883開發金","110/08/02","美商高盛",6,644,-638
"8597","2883開發金","110/08/02","法銀巴黎",441,0,441
"8598","2883開發金","110/08/02","華南永昌-中正",4,632,-628
"8599","2883開發金","110/08/02","富邦-嘉義",425,24,401
"8600","2883開發金","110/08/02","第一金-安和",156,757,-601
"8601","2883開發金","110/08/02","元富-烏日",367,3,364
"8602","2883開發金","110/08/02","國票",0,524,-524
"8603","2883開發金","110/08/02","台灣摩根士丹利",634,280,354
"8604","2883開發金","110/08/02","元富",266,770,-504
"8605","2883開發金","110/08/02","國泰-館前",516,180,336
"8606","2883開發金","110/08/02","新光",1651,1984,-333
"8607","2883開發金","110/08/02","聯邦-敦化",321,5,316
"8608","2883開發金","110/08/02","元富-安南",20,324,-304
"8609","2883開發金","110/08/02","玉山-士林",307,13,294
"8610","2883開發金","110/08/02","群益金鼎-東門",6,280,-274
"8611","6205詮欣","110/08/02","元大-館前",16,0,16
"8612","6205詮欣","110/08/02","永豐金-敦南",0,21,-21
"8613","6205詮欣","110/08/02","臺銀",11,0,11
"8614","6205詮欣","110/08/02","日盛-三重",0,17,-17
"8615","6205詮欣","110/08/02","臺銀-民權",10,0,10
"8616","6205詮欣","110/08/02","永豐金-博愛",0,10,-10
"8617","6205詮欣","110/08/02","摩根大通",11,1,10
"8618","6205詮欣","110/08/02","國票-台南",0,5,-5
"8619","6205詮欣","110/08/02","合庫-三重",5,0,5
"8620","6205詮欣","110/08/02","群益金鼎-三重",0,4,-4
"8621","6205詮欣","110/08/02","元大-東蘆",5,0,5
"8622","6205詮欣","110/08/02","元大-土城",0,4,-4
"8623","6205詮欣","110/08/02","凱基",3,0,3
"8624","6205詮欣","110/08/02","元大-草屯",0,4,-4
"8625","6205詮欣","110/08/02","日盛-雙和",2,0,2
"8626","6205詮欣","110/08/02","臺銀-新竹",1,4,-3
"8627","6205詮欣","110/08/02","兆豐-南京",2,0,2
"8628","6205詮欣","110/08/02","光和-嘉義",0,3,-3
"8629","6205詮欣","110/08/02","凱基-台北",3,1,2
"8630","6205詮欣","110/08/02","永豐金-內湖",0,3,-3
"8631","6205詮欣","110/08/02","元大-西螺",2,0,2
"8632","6205詮欣","110/08/02","第一金-華江",0,2,-2
"8633","6205詮欣","110/08/02","元大-新竹經國",2,0,2
"8634","6205詮欣","110/08/02","中國信託-高雄",0,2,-2
"8635","6205詮欣","110/08/02","元大-北成功",2,0,2
"8636","6205詮欣","110/08/02","兆豐-鹿港",0,2,-2
"8637","6205詮欣","110/08/02","臺銀-臺中",1,0,1
"8638","6205詮欣","110/08/02","統一-平鎮",0,1,-1
"8639","6205詮欣","110/08/02","德信-新營",1,0,1
"8640","6205詮欣","110/08/02","台新-台中",0,1,-1
"8641","1540喬福","110/08/02","富邦-南屯",10,0,10
"8642","1540喬福","110/08/02","永豐金-埔里",0,22,-22
"8643","1540喬福","110/08/02","元富-中原",10,2,8
"8644","1540喬福","110/08/02","統一-新台中",0,17,-17
"8645","1540喬福","110/08/02","德信-新營",6,0,6
"8646","1540喬福","110/08/02","統一-三多",0,3,-3
"8647","1540喬福","110/08/02","元大-龍潭",3,0,3
"8648","1540喬福","110/08/02","光和-高雄",0,2,-2
"8649","1540喬福","110/08/02","凱基-台北",3,0,3
"8650","1540喬福","110/08/02","兆豐-嘉義",0,2,-2
"8651","1540喬福","110/08/02","新光-桃園",3,0,3
"8652","1540喬福","110/08/02","台新-高雄",0,1,-1
"8653","1540喬福","110/08/02","永豐金-內湖",2,0,2
"8654","1540喬福","110/08/02","新光",0,1,-1
"8655","1540喬福","110/08/02","港商法國興業",2,0,2
"8656","1540喬福","110/08/02","國泰-館前",0,1,-1
"8657","1540喬福","110/08/02","統一-台南",2,0,2
"8658","1540喬福","110/08/02","群益金鼎-民權",0,1,-1
"8659","1540喬福","110/08/02","元富-桃園",2,0,2
"8660","1540喬福","110/08/02","富邦-嘉義",0,1,-1
"8661","1540喬福","110/08/02","台中銀-豐原",2,0,2
"8662","1540喬福","110/08/02","元大-新竹",0,1,-1
"8663","1540喬福","110/08/02","(牛牛牛)亞-網路",1,0,1
"8664","1540喬福","110/08/02","元大-豐原站前",0,1,-1
"8665","1540喬福","110/08/02","元富",1,0,1
"8666","1540喬福","110/08/02","臺銀-鳳山",0,0,0
"8667","1540喬福","110/08/02","第一金-桃園",1,0,1
"8668","1540喬福","110/08/02","第一金",0,0,0
"8669","1540喬福","110/08/02","瑞士信貸",1,0,1
"8670","1540喬福","110/08/02","華南永昌-南京",0,0,0
"8671","2888新光金","110/08/02","花旗環球",2291,0,2291
"8672","2888新光金","110/08/02","瑞士信貸",1405,3997,-2592
"8673","2888新光金","110/08/02","美林",2235,208,2027
"8674","2888新光金","110/08/02","新加坡商瑞銀",780,2173,-1393
"8675","2888新光金","110/08/02","群益金鼎-彰化",1014,2,1012
"8676","2888新光金","110/08/02","美商高盛",369,1356,-987
"8677","2888新光金","110/08/02","富邦-建國",823,9,814
"8678","2888新光金","110/08/02","元大-仁愛",69,795,-726
"8679","2888新光金","110/08/02","元大-華山",532,1,531
"8680","2888新光金","110/08/02","永興-台中",0,500,-500
"8681","2888新光金","110/08/02","法銀巴黎",666,166,500
"8682","2888新光金","110/08/02","凱基-站前",17,506,-489
"8683","2888新光金","110/08/02","台灣匯立證券",421,0,421
"8684","2888新光金","110/08/02","元富-城東",38,496,-458
"8685","2888新光金","110/08/02","凱基-台南",376,17,359
"8686","2888新光金","110/08/02","群益金鼎-中港",2,450,-448
"8687","2888新光金","110/08/02","永豐金-嘉義",352,0,352
"8688","2888新光金","110/08/02","華南永昌",25,461,-436
"8689","2888新光金","110/08/02","合庫-台中",339,1,338
"8690","2888新光金","110/08/02","港商野村",135,550,-415
"8691","2888新光金","110/08/02","港商麥格理",316,0,316
"8692","2888新光金","110/08/02","大慶-苗栗",1,406,-405
"8693","2888新光金","110/08/02","群益金鼎-建成",298,5,293
"8694","2888新光金","110/08/02","華南永昌-中正",34,419,-385
"8695","2888新光金","110/08/02","永豐金-板盛",221,0,221
"8696","2888新光金","110/08/02","玉山-台大",0,350,-350
"8697","2888新光金","110/08/02","台灣摩根士丹利",1700,1488,212
"8698","2888新光金","110/08/02","元大-汐止",66,363,-297
"8699","2888新光金","110/08/02","凱基-竹北",200,0,200
"8700","2888新光金","110/08/02","台新-新莊",14,265,-251
"8701","1340勝悅","110/08/02","國泰-台中",22,0,22
"8702","1340勝悅","110/08/02","中國信託",0,83,-83
"8703","1340勝悅","110/08/02","港商法國興業",14,0,14
"8704","1340勝悅","110/08/02","元大-開元",0,11,-11
"8705","1340勝悅","110/08/02","新光",18,5,13
"8706","1340勝悅","110/08/02","凱基-永康",0,10,-10
"8707","1340勝悅","110/08/02","元大-基隆孝二",11,0,11
"8708","1340勝悅","110/08/02","富邦-宜蘭",0,10,-10
"8709","1340勝悅","110/08/02","玉山-士林",10,0,10
"8710","1340勝悅","110/08/02","元大-大統",0,10,-10
"8711","1340勝悅","110/08/02","凱基",6,0,6
"8712","1340勝悅","110/08/02","富邦-板橋",0,5,-5
"8713","1340勝悅","110/08/02","摩根大通",4,0,4
"8714","1340勝悅","110/08/02","瑞士信貸",1,5,-4
"8715","1340勝悅","110/08/02","國泰-敦南",8,4,4
"8716","1340勝悅","110/08/02","華南永昌-忠孝",0,2,-2
"8717","1340勝悅","110/08/02","國泰-新莊",3,0,3
"8718","1340勝悅","110/08/02","元大-虎尾",0,2,-2
"8719","1340勝悅","110/08/02","凱基-嘉義",3,0,3
"8720","1340勝悅","110/08/02","元大-路竹",0,2,-2
"8721","1340勝悅","110/08/02","群益金鼎-館前",3,0,3
"8722","1340勝悅","110/08/02","元大-信義",0,2,-2
"8723","1340勝悅","110/08/02","國泰-館前",3,0,3
"8724","1340勝悅","110/08/02","華南永昌-高雄",0,1,-1
"8725","1340勝悅","110/08/02","臺銀-鳳山",3,0,3
"8726","1340勝悅","110/08/02","玉山-大里",0,0,0
"8727","1340勝悅","110/08/02","國泰-高雄",4,1,3
"8728","1340勝悅","110/08/02","群益金鼎-丹鳳",0,0,0
"8729","1340勝悅","110/08/02","美商高盛",3,0,3
"8730","1340勝悅","110/08/02","富邦-虎尾",0,0,0
"8731","6246臺龍","110/08/02","台新證券",19,1,18
"8732","6246臺龍","110/08/02","元大-新竹經國",0,6,-6
"8733","6246臺龍","110/08/02","凱基-台北",7,2,5
"8734","6246臺龍","110/08/02","台新-台南",0,5,-5
"8735","6246臺龍","110/08/02","國票-九鼎",3,0,3
"8736","6246臺龍","110/08/02","宏遠-新化",1,4,-3
"8737","6246臺龍","110/08/02","國票-南京",3,0,3
"8738","6246臺龍","110/08/02","元富-板橋",0,3,-3
"8739","6246臺龍","110/08/02","新光-台中",3,0,3
"8740","6246臺龍","110/08/02","國泰-敦南",0,3,-3
"8741","6246臺龍","110/08/02","元大-員林",3,0,3
"8742","6246臺龍","110/08/02","富邦-台中",0,3,-3
"8743","6246臺龍","110/08/02","元大-永和",3,0,3
"8744","6246臺龍","110/08/02","元大-大益",2,5,-3
"8745","6246臺龍","110/08/02","港商野村",2,0,2
"8746","6246臺龍","110/08/02","日盛-永康",0,2,-2
"8747","6246臺龍","110/08/02","台新-高雄",2,0,2
"8748","6246臺龍","110/08/02","日盛-宜蘭",0,2,-2
"8749","6246臺龍","110/08/02","新光-台南",2,0,2
"8750","6246臺龍","110/08/02","宏遠-台南",0,2,-2
"8751","6246臺龍","110/08/02","日盛-文化",1,0,1
"8752","6246臺龍","110/08/02","高橋-龍潭",0,2,-2
"8753","6246臺龍","110/08/02","國泰-忠孝",1,0,1
"8754","6246臺龍","110/08/02","群益金鼎-中壢",0,2,-2
"8755","6246臺龍","110/08/02","群益金鼎-崇德",3,2,1
"8756","6246臺龍","110/08/02","凱基-三多",0,2,-2
"8757","6246臺龍","110/08/02","富邦-員林",1,0,1
"8758","6246臺龍","110/08/02","統一-中壢",0,1,-1
"8759","6246臺龍","110/08/02","富邦-三重",1,0,1
"8760","6246臺龍","110/08/02","中國信託-嘉義",0,1,-1
"8761","00715L期街口布蘭特正2","110/08/02","元大證券",7296,1000,6296
"8762","00715L期街口布蘭特正2","110/08/02","富邦-基隆",0,850,-850
"8763","00715L期街口布蘭特正2","110/08/02","永豐金證券",2221,338,1883
"8764","00715L期街口布蘭特正2","110/08/02","(牛牛牛)亞-鑫豐",10,850,-840
"8765","00715L期街口布蘭特正2","110/08/02","統一",1460,100,1360
"8766","00715L期街口布蘭特正2","110/08/02","華南永昌-長虹",57,820,-763
"8767","00715L期街口布蘭特正2","110/08/02","國票-中港",1000,0,1000
"8768","00715L期街口布蘭特正2","110/08/02","富邦-彰化",0,700,-700
"8769","00715L期街口布蘭特正2","110/08/02","第一金-台中",900,13,887
"8770","00715L期街口布蘭特正2","110/08/02","第一金-路竹",0,682,-682
"8771","00715L期街口布蘭特正2","110/08/02","群益金鼎",728,0,728
"8772","00715L期街口布蘭特正2","110/08/02","台新證券",112,791,-679
"8773","00715L期街口布蘭特正2","110/08/02","群益金鼎-古亭",433,1,432
"8774","00715L期街口布蘭特正2","110/08/02","第一金-忠孝",45,483,-438
"8775","00715L期街口布蘭特正2","110/08/02","凱基-市政",525,125,400
"8776","00715L期街口布蘭特正2","110/08/02","玉山-台南",0,373,-373
"8777","00715L期街口布蘭特正2","110/08/02","元大-敦化",400,0,400
"8778","00715L期街口布蘭特正2","110/08/02","國泰-板橋",3,313,-310
"8779","00715L期街口布蘭特正2","110/08/02","元大-草屯",353,21,332
"8780","00715L期街口布蘭特正2","110/08/02","凱基",0,300,-300
"8781","00715L期街口布蘭特正2","110/08/02","元大-萬華",250,0,250
"8782","00715L期街口布蘭特正2","110/08/02","元大-嘉義",1,300,-299
"8783","00715L期街口布蘭特正2","110/08/02","統一-員林",180,0,180
"8784","00715L期街口布蘭特正2","110/08/02","元大-大灣",14,303,-289
"8785","00715L期街口布蘭特正2","110/08/02","富邦證券",282,152,130
"8786","00715L期街口布蘭特正2","110/08/02","新光-桃園",45,295,-250
"8787","00715L期街口布蘭特正2","110/08/02","元富-潮州",125,0,125
"8788","00715L期街口布蘭特正2","110/08/02","元大-新莊",76,306,-230
"8789","00715L期街口布蘭特正2","110/08/02","兆豐-台中港",106,0,106
"8790","00715L期街口布蘭特正2","110/08/02","富邦-台北",0,211,-211
"8791","8941關中","110/08/02","宏遠-館前",3,0,3
"8792","8941關中","110/08/02","富邦-台中",0,5,-5
"8793","8941關中","110/08/02","群益金鼎-彰化",2,0,2
"8794","8941關中","110/08/02","富邦-員林",0,4,-4
"8795","8941關中","110/08/02","第一金-台中",1,0,1
"8796","8941關中","110/08/02","元大-新竹經國",0,0,0
"8797","8941關中","110/08/02","台新-台中",1,0,1
"8798","8941關中","110/08/02","永豐金-萬盛",0,0,0
"8799","8941關中","110/08/02","華南永昌-南京",1,0,1
"8800","8941關中","110/08/02","",NA,NA,NA
"8801","8941關中","110/08/02","元大-桃興",2,1,1
"8802","8941關中","110/08/02","",NA,NA,NA
"8803","8941關中","110/08/02","元大-新竹經國",0,0,0
"8804","8941關中","110/08/02","",NA,NA,NA
"8805","8941關中","110/08/02","永豐金-萬盛",0,0,0
"8806","8941關中","110/08/02","",NA,NA,NA
"8807","8941關中","110/08/02","",NA,NA,NA
"8808","8941關中","110/08/02","",NA,NA,NA
"8809","8941關中","110/08/02","",NA,NA,NA
"8810","8941關中","110/08/02","",NA,NA,NA
"8811","8941關中","110/08/02","",NA,NA,NA
"8812","8941關中","110/08/02","",NA,NA,NA
"8813","8941關中","110/08/02","",NA,NA,NA
"8814","8941關中","110/08/02","",NA,NA,NA
"8815","8941關中","110/08/02","",NA,NA,NA
"8816","8941關中","110/08/02","",NA,NA,NA
"8817","8941關中","110/08/02","",NA,NA,NA
"8818","8941關中","110/08/02","",NA,NA,NA
"8819","8941關中","110/08/02","",NA,NA,NA
"8820","8941關中","110/08/02","",NA,NA,NA
"8821","8936國統","110/08/02","合庫-高雄",68,0,68
"8822","8936國統","110/08/02","凱基-台北",0,125,-125
"8823","8936國統","110/08/02","元大-蘆洲",33,0,33
"8824","8936國統","110/08/02","摩根大通",9,125,-116
"8825","8936國統","110/08/02","富邦-高雄",30,4,26
"8826","8936國統","110/08/02","永全-南崁",0,50,-50
"8827","8936國統","110/08/02","大慶-蘆洲",20,0,20
"8828","8936國統","110/08/02","新光-台中",16,55,-39
"8829","8936國統","110/08/02","兆豐-桃鶯",20,0,20
"8830","8936國統","110/08/02","凱基-市政",0,31,-31
"8831","8936國統","110/08/02","元大-東泰",20,0,20
"8832","8936國統","110/08/02","美商高盛",1,20,-19
"8833","8936國統","110/08/02","永豐金-忠孝",20,0,20
"8834","8936國統","110/08/02","元大-東港",3,20,-17
"8835","8936國統","110/08/02","元大-旗山",15,0,15
"8836","8936國統","110/08/02","台灣企銀-台中",0,15,-15
"8837","8936國統","110/08/02","中國信託-文心",12,0,12
"8838","8936國統","110/08/02","日盛-竹北",0,15,-15
"8839","8936國統","110/08/02","國泰-敦南",14,2,12
"8840","8936國統","110/08/02","瑞士信貸",0,11,-11
"8841","8936國統","110/08/02","元大-敦南",12,0,12
"8842","8936國統","110/08/02","港商野村",26,36,-10
"8843","8936國統","110/08/02","日盛-三峽",11,0,11
"8844","8936國統","110/08/02","統一-竹南",0,10,-10
"8845","8936國統","110/08/02","永豐金-苓雅",11,0,11
"8846","8936國統","110/08/02","國泰-高雄",1,11,-10
"8847","8936國統","110/08/02","宏遠-高雄",11,1,10
"8848","8936國統","110/08/02","元大-天母",0,9,-9
"8849","8936國統","110/08/02","第一金-嘉義",10,0,10
"8850","8936國統","110/08/02","元大-台中中港",0,9,-9
"8851","6226光鼎","110/08/02","新百王",283,0,283
"8852","6226光鼎","110/08/02","元富-安南",3,113,-110
"8853","6226光鼎","110/08/02","日盛-文化",219,3,216
"8854","6226光鼎","110/08/02","群益金鼎-東大",24,124,-100
"8855","6226光鼎","110/08/02","元大-嘉義",127,37,90
"8856","6226光鼎","110/08/02","富邦-南屯",3,100,-97
"8857","6226光鼎","110/08/02","統一-新竹",113,31,82
"8858","6226光鼎","110/08/02","元大-鳳中",2,99,-97
"8859","6226光鼎","110/08/02","台中銀-員林",111,47,64
"8860","6226光鼎","110/08/02","元大-忠孝鼎富",10,100,-90
"8861","6226光鼎","110/08/02","永豐金證券",66,5,61
"8862","6226光鼎","110/08/02","華南永昌-小港",0,84,-84
"8863","6226光鼎","110/08/02","日盛-員林",107,50,57
"8864","6226光鼎","110/08/02","國泰-敦南",247,324,-77
"8865","6226光鼎","110/08/02","國票-九鼎",72,24,48
"8866","6226光鼎","110/08/02","亞東",5,76,-71
"8867","6226光鼎","110/08/02","元大-士林",53,6,47
"8868","6226光鼎","110/08/02","中國信託-新竹",2,62,-60
"8869","6226光鼎","110/08/02","元大-鹿港",48,7,41
"8870","6226光鼎","110/08/02","元大-南屯",12,64,-52
"8871","6226光鼎","110/08/02","中國信託-文心",48,8,40
"8872","6226光鼎","110/08/02","元大-高雄",9,61,-52
"8873","6226光鼎","110/08/02","國泰-新莊",56,17,39
"8874","6226光鼎","110/08/02","元大-台北",2,53,-51
"8875","6226光鼎","110/08/02","元大-大同",39,0,39
"8876","6226光鼎","110/08/02","第一金-華江",8,52,-44
"8877","6226光鼎","110/08/02","富邦-建國",39,1,38
"8878","6226光鼎","110/08/02","元富-新莊",3,44,-41
"8879","6226光鼎","110/08/02","統一-三重",54,18,36
"8880","6226光鼎","110/08/02","玉山-桃園",3,40,-37
"8881","2363矽統","110/08/02","中國信託-忠孝",405,25,380
"8882","2363矽統","110/08/02","富邦證券",16,4082,-4066
"8883","2363矽統","110/08/02","群益金鼎-屏東",349,123,226
"8884","2363矽統","110/08/02","凱基-台北",2669,4466,-1797
"8885","2363矽統","110/08/02","群益金鼎-永和",233,20,213
"8886","2363矽統","110/08/02","台灣摩根士丹利",69,1749,-1680
"8887","2363矽統","110/08/02","富邦-中壢",299,91,208
"8888","2363矽統","110/08/02","新加坡商瑞銀",361,1486,-1125
"8889","2363矽統","110/08/02","永豐金-彰化",188,4,184
"8890","2363矽統","110/08/02","港商野村",619,1622,-1003
"8891","2363矽統","110/08/02","元大-承德",253,73,180
"8892","2363矽統","110/08/02","美商高盛",214,1077,-863
"8893","2363矽統","110/08/02","康和-台中",192,23,169
"8894","2363矽統","110/08/02","兆豐-復興",124,973,-849
"8895","2363矽統","110/08/02","新光",550,382,168
"8896","2363矽統","110/08/02","統一-仁愛",132,666,-534
"8897","2363矽統","110/08/02","元大-萬華",224,61,163
"8898","2363矽統","110/08/02","美林",520,1028,-508
"8899","2363矽統","110/08/02","元大-博愛",204,44,160
"8900","2363矽統","110/08/02","統一-土城",32,536,-504
"8901","2363矽統","110/08/02","兆豐-三民",171,17,154
"8902","2363矽統","110/08/02","華南永昌-斗六",33,526,-493
"8903","2363矽統","110/08/02","元大-新竹",196,44,152
"8904","2363矽統","110/08/02","統一-敦南",35,527,-492
"8905","2363矽統","110/08/02","凱基-三重",178,29,149
"8906","2363矽統","110/08/02","永豐金-員林",12,495,-483
"8907","2363矽統","110/08/02","元大-忠孝",181,38,143
"8908","2363矽統","110/08/02","統一-城中",117,589,-472
"8909","2363矽統","110/08/02","元富-世貿",142,4,138
"8910","2363矽統","110/08/02","摩根大通",1070,1471,-401
"8911","8112至上","110/08/02","合庫證券",213,0,213
"8912","8112至上","110/08/02","台灣摩根士丹利",9,287,-278
"8913","8112至上","110/08/02","凱基-台北",298,152,146
"8914","8112至上","110/08/02","凱基-三重",3,236,-233
"8915","8112至上","110/08/02","大慶",87,0,87
"8916","8112至上","110/08/02","臺銀-鳳山",11,124,-113
"8917","8112至上","110/08/02","凱基-新店",84,0,84
"8918","8112至上","110/08/02","合庫-台中",1,112,-111
"8919","8112至上","110/08/02","香港上海匯豐",76,0,76
"8920","8112至上","110/08/02","土銀-嘉義",0,105,-105
"8921","8112至上","110/08/02","群益金鼎-建成",65,1,64
"8922","8112至上","110/08/02","元大-新莊",2,106,-104
"8923","8112至上","110/08/02","玉山-板橋",63,0,63
"8924","8112至上","110/08/02","台新-建北",0,95,-95
"8925","8112至上","110/08/02","元大-前金",61,2,59
"8926","8112至上","110/08/02","華南永昌-彰化",2,64,-62
"8927","8112至上","110/08/02","台新-台中",58,5,53
"8928","8112至上","110/08/02","群益金鼎-北高雄",3,50,-47
"8929","8112至上","110/08/02","亞東",51,0,51
"8930","8112至上","110/08/02","元大-福營",1,45,-44
"8931","8112至上","110/08/02","美林",49,1,48
"8932","8112至上","110/08/02","永豐金-南京",2,38,-36
"8933","8112至上","110/08/02","摩根大通",114,67,47
"8934","8112至上","110/08/02","亞東-板橋",2,34,-32
"8935","8112至上","110/08/02","美商高盛",46,0,46
"8936","8112至上","110/08/02","元大-台南",2,33,-31
"8937","8112至上","110/08/02","凱基-松山",43,1,42
"8938","8112至上","110/08/02","統一-城中",0,30,-30
"8939","8112至上","110/08/02","群益金鼎-大安",40,0,40
"8940","8112至上","110/08/02","元富-板橋",5,35,-30
"8941","1570力肯","110/08/02","群益金鼎-高雄",11,0,11
"8942","1570力肯","110/08/02","大慶",0,5,-5
"8943","1570力肯","110/08/02","臺銀-臺南",4,0,4
"8944","1570力肯","110/08/02","元大-板橋",0,4,-4
"8945","1570力肯","110/08/02","新光-台中",4,0,4
"8946","1570力肯","110/08/02","玉山證券",0,4,-4
"8947","1570力肯","110/08/02","(牛牛牛)亞-鑫豐",3,0,3
"8948","1570力肯","110/08/02","國泰-台南",0,3,-3
"8949","1570力肯","110/08/02","土銀-白河",2,0,2
"8950","1570力肯","110/08/02","元富-新店",0,3,-3
"8951","1570力肯","110/08/02","統一-松江",2,0,2
"8952","1570力肯","110/08/02","元富-永和",0,2,-2
"8953","1570力肯","110/08/02","中國信託-永康",1,0,1
"8954","1570力肯","110/08/02","凱基-台北",0,2,-2
"8955","1570力肯","110/08/02","凱基-信義",1,0,1
"8956","1570力肯","110/08/02","統一-城中",0,2,-2
"8957","1570力肯","110/08/02","凱基-幸福",1,0,1
"8958","1570力肯","110/08/02","新光",0,1,-1
"8959","1570力肯","110/08/02","元大-歸仁",1,0,1
"8960","1570力肯","110/08/02","凱基-岡山",0,1,-1
"8961","1570力肯","110/08/02","合庫-台中",0,0,0
"8962","1570力肯","110/08/02","富邦-台南",0,1,-1
"8963","1570力肯","110/08/02","康和-板橋",0,0,0
"8964","1570力肯","110/08/02","元大-新盛",0,1,-1
"8965","1570力肯","110/08/02","群益金鼎-鳳山",0,0,0
"8966","1570力肯","110/08/02","永豐金-嘉義",0,1,-1
"8967","1570力肯","110/08/02","元大-樹林",0,0,0
"8968","1570力肯","110/08/02","康和-板橋",0,0,0
"8969","1570力肯","110/08/02","",NA,NA,NA
"8970","1570力肯","110/08/02","合庫-台中",0,0,0
"8971","2929淘帝","110/08/02","元大-民生",29,0,29
"8972","2929淘帝","110/08/02","新加坡商瑞銀",4,70,-66
"8973","2929淘帝","110/08/02","兆豐-桃園",20,0,20
"8974","2929淘帝","110/08/02","富邦-建國",0,26,-26
"8975","2929淘帝","110/08/02","新光",14,0,14
"8976","2929淘帝","110/08/02","美林",0,24,-24
"8977","2929淘帝","110/08/02","兆豐-忠孝",13,0,13
"8978","2929淘帝","110/08/02","元大-和平",0,13,-13
"8979","2929淘帝","110/08/02","兆豐-彰化",12,0,12
"8980","2929淘帝","110/08/02","元大-永和",0,10,-10
"8981","2929淘帝","110/08/02","合庫-高雄",10,0,10
"8982","2929淘帝","110/08/02","日盛-頭份",0,9,-9
"8983","2929淘帝","110/08/02","富邦-台北",10,0,10
"8984","2929淘帝","110/08/02","群益金鼎-中山",0,9,-9
"8985","2929淘帝","110/08/02","國泰-敦南",9,0,9
"8986","2929淘帝","110/08/02","華南永昌-頭份",0,7,-7
"8987","2929淘帝","110/08/02","元富-文心",10,2,8
"8988","2929淘帝","110/08/02","永豐金-敦南",0,7,-7
"8989","2929淘帝","110/08/02","台新-台中",7,0,7
"8990","2929淘帝","110/08/02","凱基-台北",5,11,-6
"8991","2929淘帝","110/08/02","元大-文心",6,0,6
"8992","2929淘帝","110/08/02","臺銀-鳳山",0,5,-5
"8993","2929淘帝","110/08/02","日盛-忠孝",5,0,5
"8994","2929淘帝","110/08/02","凱基-城中",0,5,-5
"8995","2929淘帝","110/08/02","第一金-高雄",5,0,5
"8996","2929淘帝","110/08/02","華南永昌-台中",0,5,-5
"8997","2929淘帝","110/08/02","富邦-基隆",6,1,5
"8998","2929淘帝","110/08/02","元大-博愛",0,5,-5
"8999","2929淘帝","110/08/02","富邦-新店",5,0,5
"9000","2929淘帝","110/08/02","元富-緯城",0,4,-4
"9001","5410國眾","110/08/02","新加坡商瑞銀",19,0,19
"9002","5410國眾","110/08/02","日盛-斗六",0,15,-15
"9003","5410國眾","110/08/02","兆豐-城中",18,0,18
"9004","5410國眾","110/08/02","元大-大同",0,15,-15
"9005","5410國眾","110/08/02","日盛-新莊",10,0,10
"9006","5410國眾","110/08/02","元大-博愛",0,10,-10
"9007","5410國眾","110/08/02","元富-佳里",10,0,10
"9008","5410國眾","110/08/02","凱基-台北",0,7,-7
"9009","5410國眾","110/08/02","摩根大通",9,0,9
"9010","5410國眾","110/08/02","臺銀-臺南",0,6,-6
"9011","5410國眾","110/08/02","國泰-桃園",6,0,6
"9012","5410國眾","110/08/02","元富-嘉義",0,6,-6
"9013","5410國眾","110/08/02","元富-新竹",5,0,5
"9014","5410國眾","110/08/02","第一金-中壢",0,5,-5
"9015","5410國眾","110/08/02","元大-復北",5,0,5
"9016","5410國眾","110/08/02","致和證券",0,5,-5
"9017","5410國眾","110/08/02","永豐金-桃園",5,0,5
"9018","5410國眾","110/08/02","群益金鼎-土城",0,5,-5
"9019","5410國眾","110/08/02","安泰-楠梓",4,0,4
"9020","5410國眾","110/08/02","華南永昌-中正",0,5,-5
"9021","5410國眾","110/08/02","台灣企銀-太平",3,0,3
"9022","5410國眾","110/08/02","元大-新莊",0,5,-5
"9023","5410國眾","110/08/02","新光",3,0,3
"9024","5410國眾","110/08/02","土銀-新竹",0,4,-4
"9025","5410國眾","110/08/02","富邦-內湖",3,0,3
"9026","5410國眾","110/08/02","日盛-員林",0,3,-3
"9027","5410國眾","110/08/02","中國信託-新竹",2,0,2
"9028","5410國眾","110/08/02","元大-新竹經國",0,3,-3
"9029","5410國眾","110/08/02","華南永昌-楠梓",2,0,2
"9030","5410國眾","110/08/02","元富-緯城",0,2,-2
"9031","2841台開","110/08/02","富邦-敦南",71,0,71
"9032","2841台開","110/08/02","永豐金-松山",0,91,-91
"9033","2841台開","110/08/02","國泰-館前",38,0,38
"9034","2841台開","110/08/02","元大-蘆洲",0,40,-40
"9035","2841台開","110/08/02","台中銀",19,0,19
"9036","2841台開","110/08/02","凱基-台北",2,33,-31
"9037","2841台開","110/08/02","元富-烏日",18,0,18
"9038","2841台開","110/08/02","兆豐-寶成",0,20,-20
"9039","2841台開","110/08/02","國泰-板橋",15,0,15
"9040","2841台開","110/08/02","華南永昌-民權",0,20,-20
"9041","2841台開","110/08/02","元大-台中",15,0,15
"9042","2841台開","110/08/02","國票-敦北法人",0,18,-18
"9043","2841台開","110/08/02","元大-福營",15,0,15
"9044","2841台開","110/08/02","第一金-路竹",0,17,-17
"9045","2841台開","110/08/02","日盛-花蓮",14,0,14
"9046","2841台開","110/08/02","中國信託-高雄",0,15,-15
"9047","2841台開","110/08/02","新光",12,0,12
"9048","2841台開","110/08/02","日進",0,10,-10
"9049","2841台開","110/08/02","永豐金-敦南",62,51,11
"9050","2841台開","110/08/02","統一-三多",0,10,-10
"9051","2841台開","110/08/02","日盛-台中",10,0,10
"9052","2841台開","110/08/02","元大-路竹",0,10,-10
"9053","2841台開","110/08/02","群益金鼎-崇德",10,0,10
"9054","2841台開","110/08/02","元大-中和",0,10,-10
"9055","2841台開","110/08/02","元大-南海",10,0,10
"9056","2841台開","110/08/02","宏遠-桃園",0,9,-9
"9057","2841台開","110/08/02","國泰-桃園",8,0,8
"9058","2841台開","110/08/02","大昌-新店",0,6,-6
"9059","2841台開","110/08/02","台新-台中",6,0,6
"9060","2841台開","110/08/02","國票-天祥",0,6,-6
"9061","6207雷科","110/08/02","摩根大通",173,19,154
"9062","6207雷科","110/08/02","凱基-高雄",0,50,-50
"9063","6207雷科","110/08/02","凱基-台北",150,10,140
"9064","6207雷科","110/08/02","群益金鼎-東門",0,26,-26
"9065","6207雷科","110/08/02","華南永昌-朴子",55,0,55
"9066","6207雷科","110/08/02","富邦-竹東",0,25,-25
"9067","6207雷科","110/08/02","新加坡商瑞銀",51,5,46
"9068","6207雷科","110/08/02","華南永昌-東勢",3,27,-24
"9069","6207雷科","110/08/02","元大-西門",54,12,42
"9070","6207雷科","110/08/02","富邦-岡山",1,25,-24
"9071","6207雷科","110/08/02","兆豐-景美",42,2,40
"9072","6207雷科","110/08/02","台灣摩根士丹利",0,22,-22
"9073","6207雷科","110/08/02","日盛-忠孝",35,0,35
"9074","6207雷科","110/08/02","國泰-高雄",1,23,-22
"9075","6207雷科","110/08/02","美林",25,0,25
"9076","6207雷科","110/08/02","富邦-建國",0,17,-17
"9077","6207雷科","110/08/02","日盛-北高雄",16,0,16
"9078","6207雷科","110/08/02","元大-上新莊",0,16,-16
"9079","6207雷科","110/08/02","統一-板橋",15,0,15
"9080","6207雷科","110/08/02","中國信託-高雄",0,15,-15
"9081","6207雷科","110/08/02","凱基-市政",15,0,15
"9082","6207雷科","110/08/02","宏遠證券",0,13,-13
"9083","6207雷科","110/08/02","新光-新竹",16,2,14
"9084","6207雷科","110/08/02","凱基-彰化",0,13,-13
"9085","6207雷科","110/08/02","港商野村",23,12,11
"9086","6207雷科","110/08/02","永豐金-內湖",0,13,-13
"9087","6207雷科","110/08/02","統一-南京",11,0,11
"9088","6207雷科","110/08/02","新百王",0,12,-12
"9089","6207雷科","110/08/02","元大-嘉義",11,0,11
"9090","6207雷科","110/08/02","玉山-大里",0,12,-12
"9091","3679新至陞","110/08/02","元大-成功",26,0,26
"9092","3679新至陞","110/08/02","富邦-陽明",1,34,-33
"9093","3679新至陞","110/08/02","元大-樹林",20,0,20
"9094","3679新至陞","110/08/02","富邦-中壢",0,20,-20
"9095","3679新至陞","110/08/02","(牛牛牛)亞-網路",18,0,18
"9096","3679新至陞","110/08/02","凱基-台北",34,48,-14
"9097","3679新至陞","110/08/02","凱基-中山",12,0,12
"9098","3679新至陞","110/08/02","永豐金證券",0,14,-14
"9099","3679新至陞","110/08/02","統一",21,11,10
"9100","3679新至陞","110/08/02","臺銀-臺南",2,14,-12
"9101","3679新至陞","110/08/02","玉山-台大",10,0,10
"9102","3679新至陞","110/08/02","摩根大通",20,32,-12
"9103","3679新至陞","110/08/02","台中銀",8,0,8
"9104","3679新至陞","110/08/02","富邦-嘉義",0,10,-10
"9105","3679新至陞","110/08/02","港商野村",8,2,6
"9106","3679新至陞","110/08/02","國票-北高雄",1,10,-9
"9107","3679新至陞","110/08/02","群益金鼎-丹鳳",6,0,6
"9108","3679新至陞","110/08/02","台新-台中",0,9,-9
"9109","3679新至陞","110/08/02","元大-高雄",6,0,6
"9110","3679新至陞","110/08/02","凱基-宜蘭",0,7,-7
"9111","3679新至陞","110/08/02","新加坡商瑞銀",5,0,5
"9112","3679新至陞","110/08/02","凱基-埔墘",0,7,-7
"9113","3679新至陞","110/08/02","台灣摩根士丹利",13,9,4
"9114","3679新至陞","110/08/02","永豐金-台中",0,7,-7
"9115","3679新至陞","110/08/02","第一金-華江",4,0,4
"9116","3679新至陞","110/08/02","永豐金-潮州",0,7,-7
"9117","3679新至陞","110/08/02","新光",11,7,4
"9118","3679新至陞","110/08/02","凱基-五股",0,6,-6
"9119","3679新至陞","110/08/02","國泰-館前",4,0,4
"9120","3679新至陞","110/08/02","富邦-建國",0,6,-6
"9121","2727王品","110/08/02","摩根大通",38,5,33
"9122","2727王品","110/08/02","台灣摩根士丹利",13,170,-157
"9123","2727王品","110/08/02","日盛-忠孝",33,3,30
"9124","2727王品","110/08/02","華南永昌",7,156,-149
"9125","2727王品","110/08/02","凱基-天母",30,0,30
"9126","2727王品","110/08/02","凱基-台北",37,57,-20
"9127","2727王品","110/08/02","花旗環球",17,0,17
"9128","2727王品","110/08/02","國票-北高雄",1,19,-18
"9129","2727王品","110/08/02","永豐金-竹科",20,5,15
"9130","2727王品","110/08/02","港商野村",39,54,-15
"9131","2727王品","110/08/02","彰銀-台中",16,2,14
"9132","2727王品","110/08/02","元大-四維",1,15,-14
"9133","2727王品","110/08/02","國票-內壢",14,0,14
"9134","2727王品","110/08/02","美林",12,25,-13
"9135","2727王品","110/08/02","新光-台中",17,3,14
"9136","2727王品","110/08/02","瑞士信貸",0,12,-12
"9137","2727王品","110/08/02","永豐金-南京",16,3,13
"9138","2727王品","110/08/02","元大-北成功",0,10,-10
"9139","2727王品","110/08/02","元大-樹林",13,1,12
"9140","2727王品","110/08/02","元大-崇德",0,8,-8
"9141","2727王品","110/08/02","國泰-板橋",17,7,10
"9142","2727王品","110/08/02","永豐金-內湖",3,10,-7
"9143","2727王品","110/08/02","凱基-埔墘",10,0,10
"9144","2727王品","110/08/02","大昌",5,11,-6
"9145","2727王品","110/08/02","元大-豐原",10,0,10
"9146","2727王品","110/08/02","華南永昌-斗六",2,8,-6
"9147","2727王品","110/08/02","元大-桃園",10,0,10
"9148","2727王品","110/08/02","國泰-台中",4,9,-5
"9149","2727王品","110/08/02","凱基-科園",9,0,9
"9150","2727王品","110/08/02","群益金鼎-土城",0,5,-5
"9151","1570力肯","110/08/02","群益金鼎-高雄",11,0,11
"9152","1570力肯","110/08/02","大慶",0,5,-5
"9153","1570力肯","110/08/02","臺銀-臺南",4,0,4
"9154","1570力肯","110/08/02","元大-板橋",0,4,-4
"9155","1570力肯","110/08/02","新光-台中",4,0,4
"9156","1570力肯","110/08/02","玉山證券",0,4,-4
"9157","1570力肯","110/08/02","(牛牛牛)亞-鑫豐",3,0,3
"9158","1570力肯","110/08/02","國泰-台南",0,3,-3
"9159","1570力肯","110/08/02","土銀-白河",2,0,2
"9160","1570力肯","110/08/02","元富-新店",0,3,-3
"9161","1570力肯","110/08/02","統一-松江",2,0,2
"9162","1570力肯","110/08/02","元富-永和",0,2,-2
"9163","1570力肯","110/08/02","中國信託-永康",1,0,1
"9164","1570力肯","110/08/02","凱基-台北",0,2,-2
"9165","1570力肯","110/08/02","凱基-信義",1,0,1
"9166","1570力肯","110/08/02","統一-城中",0,2,-2
"9167","1570力肯","110/08/02","凱基-幸福",1,0,1
"9168","1570力肯","110/08/02","新光",0,1,-1
"9169","1570力肯","110/08/02","元大-歸仁",1,0,1
"9170","1570力肯","110/08/02","凱基-岡山",0,1,-1
"9171","1570力肯","110/08/02","合庫-台中",0,0,0
"9172","1570力肯","110/08/02","富邦-台南",0,1,-1
"9173","1570力肯","110/08/02","康和-板橋",0,0,0
"9174","1570力肯","110/08/02","元大-新盛",0,1,-1
"9175","1570力肯","110/08/02","群益金鼎-鳳山",0,0,0
"9176","1570力肯","110/08/02","永豐金-嘉義",0,1,-1
"9177","1570力肯","110/08/02","元大-樹林",0,0,0
"9178","1570力肯","110/08/02","康和-板橋",0,0,0
"9179","1570力肯","110/08/02","",NA,NA,NA
"9180","1570力肯","110/08/02","合庫-台中",0,0,0
"9181","6180橘子","110/08/02","美商高盛",21,8,13
"9182","6180橘子","110/08/02","國票-嘉義",0,29,-29
"9183","6180橘子","110/08/02","統一-彰化",10,0,10
"9184","6180橘子","110/08/02","新加坡商瑞銀",0,21,-21
"9185","6180橘子","110/08/02","中國信託-高雄",10,0,10
"9186","6180橘子","110/08/02","凱基-台北",20,40,-20
"9187","6180橘子","110/08/02","兆豐-斗南",10,0,10
"9188","6180橘子","110/08/02","摩根大通",3,15,-12
"9189","6180橘子","110/08/02","兆豐-埔墘",10,0,10
"9190","6180橘子","110/08/02","第一金-桃園",0,10,-10
"9191","6180橘子","110/08/02","玉山證券",10,0,10
"9192","6180橘子","110/08/02","凱基-東港",0,10,-10
"9193","6180橘子","110/08/02","富邦-羅東",8,1,7
"9194","6180橘子","110/08/02","元大-桃園",0,10,-10
"9195","6180橘子","110/08/02","元大證券",7,0,7
"9196","6180橘子","110/08/02","元大-館前",0,9,-9
"9197","6180橘子","110/08/02","元大-復北",7,0,7
"9198","6180橘子","110/08/02","台灣摩根士丹利",3,10,-7
"9199","6180橘子","110/08/02","華南永昌-長虹",6,0,6
"9200","6180橘子","110/08/02","光和-花壇",0,5,-5
"9201","6180橘子","110/08/02","元富-文心",5,0,5
"9202","6180橘子","110/08/02","玉山-嘉義",0,5,-5
"9203","6180橘子","110/08/02","台新-新莊",5,0,5
"9204","6180橘子","110/08/02","凱基-松山",0,5,-5
"9205","6180橘子","110/08/02","康和-嘉義",5,0,5
"9206","6180橘子","110/08/02","永豐金-員林",0,4,-4
"9207","6180橘子","110/08/02","凱基-興隆",5,0,5
"9208","6180橘子","110/08/02","元富-大裕",0,3,-3
"9209","6180橘子","110/08/02","華南永昌-楠梓",5,0,5
"9210","6180橘子","110/08/02","富邦-板橋",0,3,-3
"9211","2390云辰","110/08/02","摩根大通",1945,913,1032
"9212","2390云辰","110/08/02","華南永昌-鳳山",154,448,-294
"9213","2390云辰","110/08/02","富邦-陽明",118,11,107
"9214","2390云辰","110/08/02","群益金鼎-三重",1,168,-167
"9215","2390云辰","110/08/02","兆豐-三民",153,62,91
"9216","2390云辰","110/08/02","統一-內湖",5,102,-97
"9217","2390云辰","110/08/02","光和-嘉義",83,4,79
"9218","2390云辰","110/08/02","台新證券",235,320,-85
"9219","2390云辰","110/08/02","華南永昌-新莊",78,4,74
"9220","2390云辰","110/08/02","統一-新台中",8,87,-79
"9221","2390云辰","110/08/02","統一-城中",182,111,71
"9222","2390云辰","110/08/02","美商高盛",10,88,-78
"9223","2390云辰","110/08/02","台灣摩根士丹利",153,85,68
"9224","2390云辰","110/08/02","元大-汐止",57,130,-73
"9225","2390云辰","110/08/02","凱基-和平",115,47,68
"9226","2390云辰","110/08/02","港商野村",580,638,-58
"9227","2390云辰","110/08/02","華南永昌-公誠",75,13,62
"9228","2390云辰","110/08/02","元富-板橋",5,61,-56
"9229","2390云辰","110/08/02","永豐金-竹科",71,9,62
"9230","2390云辰","110/08/02","新加坡商瑞銀",11,66,-55
"9231","2390云辰","110/08/02","新光",160,100,60
"9232","2390云辰","110/08/02","元大-豐原",6,56,-50
"9233","2390云辰","110/08/02","凱基-岡山",61,1,60
"9234","2390云辰","110/08/02","元大-土城",5,55,-50
"9235","2390云辰","110/08/02","美林",254,195,59
"9236","2390云辰","110/08/02","凱基-站前",1,49,-48
"9237","2390云辰","110/08/02","凱基-大里",76,22,54
"9238","2390云辰","110/08/02","元大-中壢",6,54,-48
"9239","2390云辰","110/08/02","元大-鳳中",60,8,52
"9240","2390云辰","110/08/02","日盛證券",48,95,-47
"9241","1471首利","110/07/29","宏遠-光隆",35,0,35
"9242","1471首利","110/07/29","摩根大通",24,132,-108
"9243","1471首利","110/07/29","玉山-桃園",33,3,30
"9244","1471首利","110/07/29","台灣企銀-太平",0,60,-60
"9245","1471首利","110/07/29","富邦-台南",30,0,30
"9246","1471首利","110/07/29","元大-斗六",0,40,-40
"9247","1471首利","110/07/29","臺灣企銀-桃園",25,0,25
"9248","1471首利","110/07/29","元大-歸仁",0,23,-23
"9249","1471首利","110/07/29","元富-草屯",15,0,15
"9250","1471首利","110/07/29","日盛-永康",0,20,-20
"9251","1471首利","110/07/29","新光-桃園",15,0,15
"9252","1471首利","110/07/29","台中銀-員林",0,20,-20
"9253","1471首利","110/07/29","元大-博愛",15,2,13
"9254","1471首利","110/07/29","凱基-東門",0,14,-14
"9255","1471首利","110/07/29","臺銀-鳳山",12,0,12
"9256","1471首利","110/07/29","元大-草屯",1,15,-14
"9257","1471首利","110/07/29","元富-新莊",11,0,11
"9258","1471首利","110/07/29","元大-新竹經國",0,13,-13
"9259","1471首利","110/07/29","兆豐-來福",11,0,11
"9260","1471首利","110/07/29","日盛-土城",0,10,-10
"9261","1471首利","110/07/29","統一-新營",10,0,10
"9262","1471首利","110/07/29","美林",0,10,-10
"9263","1471首利","110/07/29","光和-溪湖",10,0,10
"9264","1471首利","110/07/29","永興-水湳",0,10,-10
"9265","1471首利","110/07/29","台新-左楠",10,0,10
"9266","1471首利","110/07/29","玉山證券",0,10,-10
"9267","1471首利","110/07/29","群益金鼎-台中",10,0,10
"9268","1471首利","110/07/29","群益金鼎-海山",2,12,-10
"9269","1471首利","110/07/29","凱基-內埔",10,0,10
"9270","1471首利","110/07/29","凱基-羅東",0,10,-10
"9271","2883開發金","110/07/29","國泰證券",2782,3,2779
"9272","2883開發金","110/07/29","永豐金證券",223,3618,-3395
"9273","2883開發金","110/07/29","凱基-台北",2299,284,2015
"9274","2883開發金","110/07/29","摩根大通",411,2625,-2214
"9275","2883開發金","110/07/29","第一金",1539,7,1532
"9276","2883開發金","110/07/29","台灣企銀",5,1717,-1712
"9277","2883開發金","110/07/29","港商野村",1983,585,1398
"9278","2883開發金","110/07/29","新加坡商瑞銀",843,2324,-1481
"9279","2883開發金","110/07/29","元富",1805,427,1378
"9280","2883開發金","110/07/29","港商麥格理",0,1129,-1129
"9281","2883開發金","110/07/29","台灣摩根士丹利",1634,398,1236
"9282","2883開發金","110/07/29","元大-學甲",1,953,-952
"9283","2883開發金","110/07/29","花旗環球",932,0,932
"9284","2883開發金","110/07/29","國票-博愛",100,1025,-925
"9285","2883開發金","110/07/29","凱基-敦北",590,5,585
"9286","2883開發金","110/07/29","國泰-館前",220,944,-724
"9287","2883開發金","110/07/29","國票-長城",506,4,502
"9288","2883開發金","110/07/29","兆豐-高雄",33,650,-617
"9289","2883開發金","110/07/29","港商法國興業",506,18,488
"9290","2883開發金","110/07/29","元富-緯城",1,513,-512
"9291","2883開發金","110/07/29","台新證券",753,287,466
"9292","2883開發金","110/07/29","美林",232,698,-466
"9293","2883開發金","110/07/29","元大-鳳中",495,71,424
"9294","2883開發金","110/07/29","元富-城中",50,513,-463
"9295","2883開發金","110/07/29","日茂",374,3,371
"9296","2883開發金","110/07/29","致和-崇德",0,404,-404
"9297","2883開發金","110/07/29","大和國泰",368,0,368
"9298","2883開發金","110/07/29","永豐金-板橋",123,506,-383
"9299","2883開發金","110/07/29","新光",603,243,360
"9300","2883開發金","110/07/29","中國信託-忠孝",100,423,-323
"9301","6205詮欣","110/07/29","臺銀-鳳山",31,0,31
"9302","6205詮欣","110/07/29","永豐金-敦南",0,53,-53
"9303","6205詮欣","110/07/29","摩根大通",16,2,14
"9304","6205詮欣","110/07/29","元大-土城學府",2,16,-14
"9305","6205詮欣","110/07/29","臺銀",10,0,10
"9306","6205詮欣","110/07/29","元富-潮州",0,11,-11
"9307","6205詮欣","110/07/29","日盛證券",10,0,10
"9308","6205詮欣","110/07/29","元大-清水",0,10,-10
"9309","6205詮欣","110/07/29","兆豐-新莊",10,0,10
"9310","6205詮欣","110/07/29","日盛-三重",0,7,-7
"9311","6205詮欣","110/07/29","元大-南屯",10,0,10
"9312","6205詮欣","110/07/29","日盛-屏東",0,6,-6
"9313","6205詮欣","110/07/29","富邦-建國",4,0,4
"9314","6205詮欣","110/07/29","華南永昌-公誠",0,5,-5
"9315","6205詮欣","110/07/29","富邦-南屯",4,0,4
"9316","6205詮欣","110/07/29","元大-南京",0,5,-5
"9317","6205詮欣","110/07/29","臺銀-臺中",3,0,3
"9318","6205詮欣","110/07/29","瑞士信貸",0,4,-4
"9319","6205詮欣","110/07/29","日盛-和美",3,0,3
"9320","6205詮欣","110/07/29","凱基-大安",0,4,-4
"9321","6205詮欣","110/07/29","德信-新營",3,0,3
"9322","6205詮欣","110/07/29","元大-大里德芳",0,4,-4
"9323","6205詮欣","110/07/29","兆豐-景美",3,0,3
"9324","6205詮欣","110/07/29","合庫-基隆",0,2,-2
"9325","6205詮欣","110/07/29","國票",3,0,3
"9326","6205詮欣","110/07/29","中國信託-永康",0,2,-2
"9327","6205詮欣","110/07/29","國票-南崁",3,0,3
"9328","6205詮欣","110/07/29","兆豐-小港",0,2,-2
"9329","6205詮欣","110/07/29","元大-蘆洲",3,0,3
"9330","6205詮欣","110/07/29","康和-台中",0,2,-2
"9331","1540喬福","110/07/29","高橋-龍潭",10,0,10
"9332","1540喬福","110/07/29","統一-新台中",0,19,-19
"9333","1540喬福","110/07/29","富邦-南屯",10,0,10
"9334","1540喬福","110/07/29","元富-大昌",0,10,-10
"9335","1540喬福","110/07/29","元大-斗六",5,0,5
"9336","1540喬福","110/07/29","大昌-新店",0,6,-6
"9337","1540喬福","110/07/29","兆豐-北高雄",3,0,3
"9338","1540喬福","110/07/29","凱基-台北",0,3,-3
"9339","1540喬福","110/07/29","元大-大安",3,0,3
"9340","1540喬福","110/07/29","台新-台中",0,2,-2
"9341","1540喬福","110/07/29","永豐金-台中",3,0,3
"9342","1540喬福","110/07/29","群益金鼎-嘉義",0,2,-2
"9343","1540喬福","110/07/29","臺銀-金山",2,0,2
"9344","1540喬福","110/07/29","凱基-天母",0,2,-2
"9345","1540喬福","110/07/29","日盛-士林",2,0,2
"9346","1540喬福","110/07/29","花旗環球",0,1,-1
"9347","1540喬福","110/07/29","元大-土城學府",2,0,2
"9348","1540喬福","110/07/29","第一金-大稻埕",0,1,-1
"9349","1540喬福","110/07/29","元大-南京",2,0,2
"9350","1540喬福","110/07/29","統一-嘉義",0,1,-1
"9351","1540喬福","110/07/29","臺銀-臺南",1,0,1
"9352","1540喬福","110/07/29","元富-中港",0,1,-1
"9353","1540喬福","110/07/29","第一金-台南",1,0,1
"9354","1540喬福","110/07/29","(牛牛牛)亞-網路",0,1,-1
"9355","1540喬福","110/07/29","台中銀-豐原",1,0,1
"9356","1540喬福","110/07/29","玉山-高雄",0,1,-1
"9357","1540喬福","110/07/29","中國信託-高雄",1,0,1
"9358","1540喬福","110/07/29","群益金鼎-台南",0,1,-1
"9359","1540喬福","110/07/29","兆豐-台中港",1,0,1
"9360","1540喬福","110/07/29","凱基-鳳山",0,1,-1
"9361","2888新光金","110/07/29","美商高盛",6409,110,6299
"9362","2888新光金","110/07/29","元大-忠孝鼎富",0,6714,-6714
"9363","2888新光金","110/07/29","台灣摩根士丹利",4583,443,4140
"9364","2888新光金","110/07/29","凱基-台北",5855,11898,-6043
"9365","2888新光金","110/07/29","元富-草屯",2193,2,2191
"9366","2888新光金","110/07/29","瑞士信貸",161,6090,-5929
"9367","2888新光金","110/07/29","華南永昌-南京",2059,21,2038
"9368","2888新光金","110/07/29","永豐金-萬盛",124,3599,-3475
"9369","2888新光金","110/07/29","凱基-市政",1558,0,1558
"9370","2888新光金","110/07/29","群益金鼎-大安",2,3306,-3304
"9371","2888新光金","110/07/29","法銀巴黎",1234,0,1234
"9372","2888新光金","110/07/29","凱基-復興",15,3015,-3000
"9373","2888新光金","110/07/29","永豐金-台中",1166,49,1117
"9374","2888新光金","110/07/29","新加坡商瑞銀",1429,4265,-2836
"9375","2888新光金","110/07/29","群益金鼎-崇德",1083,10,1073
"9376","2888新光金","110/07/29","凱基-大安",10,2564,-2554
"9377","2888新光金","110/07/29","兆豐-竹北",1002,29,973
"9378","2888新光金","110/07/29","中國信託",46,2012,-1966
"9379","2888新光金","110/07/29","美林",1767,804,963
"9380","2888新光金","110/07/29","群益金鼎-台北",10,1875,-1865
"9381","2888新光金","110/07/29","元大-三重",882,0,882
"9382","2888新光金","110/07/29","元富-城東",142,1856,-1714
"9383","2888新光金","110/07/29","元大-豐原站前",983,114,869
"9384","2888新光金","110/07/29","華南永昌-忠孝",10,1600,-1590
"9385","2888新光金","110/07/29","元大-北港",868,5,863
"9386","2888新光金","110/07/29","永豐金-信義",10,1497,-1487
"9387","2888新光金","110/07/29","合庫-台中",891,54,837
"9388","2888新光金","110/07/29","富邦-建國",350,1736,-1386
"9389","2888新光金","110/07/29","統一-汐止",725,14,711
"9390","2888新光金","110/07/29","富邦-新營",60,1402,-1342
"9391","1340勝悅","110/07/29","新光-新竹",18,0,18
"9392","1340勝悅","110/07/29","瑞士信貸",0,8,-8
"9393","1340勝悅","110/07/29","華南永昌-彰化",5,0,5
"9394","1340勝悅","110/07/29","台新證券",0,7,-7
"9395","1340勝悅","110/07/29","元大-六合",5,0,5
"9396","1340勝悅","110/07/29","元富-緯城",0,5,-5
"9397","1340勝悅","110/07/29","第一金-自由",4,0,4
"9398","1340勝悅","110/07/29","兆豐-南京",0,5,-5
"9399","1340勝悅","110/07/29","新光",4,0,4
"9400","1340勝悅","110/07/29","富邦-南屯",0,5,-5
"9401","1340勝悅","110/07/29","美商高盛",3,0,3
"9402","1340勝悅","110/07/29","元富-安南",0,4,-4
"9403","1340勝悅","110/07/29","元富-彰化",3,0,3
"9404","1340勝悅","110/07/29","兆豐-三民",0,4,-4
"9405","1340勝悅","110/07/29","大昌",2,0,2
"9406","1340勝悅","110/07/29","兆豐-松德",0,4,-4
"9407","1340勝悅","110/07/29","兆豐-大安",2,0,2
"9408","1340勝悅","110/07/29","國票-台中",0,4,-4
"9409","1340勝悅","110/07/29","摩根大通",2,0,2
"9410","1340勝悅","110/07/29","第一金-路竹",0,3,-3
"9411","1340勝悅","110/07/29","新光-台中",2,0,2
"9412","1340勝悅","110/07/29","統一-城中",2,4,-2
"9413","1340勝悅","110/07/29","凱基-八德",2,0,2
"9414","1340勝悅","110/07/29","元富-同大",0,2,-2
"9415","1340勝悅","110/07/29","合庫-高雄",1,0,1
"9416","1340勝悅","110/07/29","台新-高雄",0,2,-2
"9417","1340勝悅","110/07/29","日進",1,0,1
"9418","1340勝悅","110/07/29","凱基-北門",0,2,-2
"9419","1340勝悅","110/07/29","新光-台南",1,0,1
"9420","1340勝悅","110/07/29","元大-汐止",0,2,-2
"9421","6246臺龍","110/07/29","港商野村",38,1,37
"9422","6246臺龍","110/07/29","玉山-台南",0,27,-27
"9423","6246臺龍","110/07/29","凱基-幸福",25,0,25
"9424","6246臺龍","110/07/29","國泰-忠孝",0,25,-25
"9425","6246臺龍","110/07/29","亞東-板橋",16,0,16
"9426","6246臺龍","110/07/29","光和",0,21,-21
"9427","6246臺龍","110/07/29","元大-台中",10,0,10
"9428","6246臺龍","110/07/29","第一金-安和",0,20,-20
"9429","6246臺龍","110/07/29","兆豐-松德",9,0,9
"9430","6246臺龍","110/07/29","兆豐-竹北",5,25,-20
"9431","6246臺龍","110/07/29","兆豐-公益",8,0,8
"9432","6246臺龍","110/07/29","元大-大里",0,20,-20
"9433","6246臺龍","110/07/29","華南永昌",7,0,7
"9434","6246臺龍","110/07/29","台新-台南",0,15,-15
"9435","6246臺龍","110/07/29","日盛-斗六",6,0,6
"9436","6246臺龍","110/07/29","永豐金-羅東",2,15,-13
"9437","6246臺龍","110/07/29","元富-中港",6,0,6
"9438","6246臺龍","110/07/29","元大-博愛",1,10,-9
"9439","6246臺龍","110/07/29","台新證券",8,2,6
"9440","6246臺龍","110/07/29","宏遠-台中",0,5,-5
"9441","6246臺龍","110/07/29","臺銀-臺中",5,0,5
"9442","6246臺龍","110/07/29","台新-左楠",0,5,-5
"9443","6246臺龍","110/07/29","元富-宜蘭",5,0,5
"9444","6246臺龍","110/07/29","中農",0,5,-5
"9445","6246臺龍","110/07/29","德信-新營",5,0,5
"9446","6246臺龍","110/07/29","群益金鼎-竹南",0,5,-5
"9447","6246臺龍","110/07/29","新光-新竹",5,0,5
"9448","6246臺龍","110/07/29","凱基-科園",0,5,-5
"9449","6246臺龍","110/07/29","國泰-敦南",10,5,5
"9450","6246臺龍","110/07/29","日盛-宜蘭",1,5,-4
"9451","00715L期街口布蘭特正2","110/07/29","永豐金證券",2129,2,2127
"9452","00715L期街口布蘭特正2","110/07/29","國票-博愛",55,702,-647
"9453","00715L期街口布蘭特正2","110/07/29","元大證券",1918,115,1803
"9454","00715L期街口布蘭特正2","110/07/29","富邦-彰化",0,605,-605
"9455","00715L期街口布蘭特正2","110/07/29","統一",1050,313,737
"9456","00715L期街口布蘭特正2","110/07/29","元大-前金",0,440,-440
"9457","00715L期街口布蘭特正2","110/07/29","港商野村",821,263,558
"9458","00715L期街口布蘭特正2","110/07/29","群益金鼎-崇德",0,340,-340
"9459","00715L期街口布蘭特正2","110/07/29","永豐金-內湖",500,0,500
"9460","00715L期街口布蘭特正2","110/07/29","元富-板橋",7,330,-323
"9461","00715L期街口布蘭特正2","110/07/29","元富-大裕",505,23,482
"9462","00715L期街口布蘭特正2","110/07/29","元大-三重",3,200,-197
"9463","00715L期街口布蘭特正2","110/07/29","國票-台中",276,0,276
"9464","00715L期街口布蘭特正2","110/07/29","凱基-東勢",5,194,-189
"9465","00715L期街口布蘭特正2","110/07/29","統一-高雄",300,118,182
"9466","00715L期街口布蘭特正2","110/07/29","富邦-台北",0,181,-181
"9467","00715L期街口布蘭特正2","110/07/29","群益金鼎-瑞豐",180,0,180
"9468","00715L期街口布蘭特正2","110/07/29","大慶-中和",0,174,-174
"9469","00715L期街口布蘭特正2","110/07/29","元大-南崁",128,0,128
"9470","00715L期街口布蘭特正2","110/07/29","永豐金-萬盛",0,153,-153
"9471","00715L期街口布蘭特正2","110/07/29","大慶-蘆洲",106,0,106
"9472","00715L期街口布蘭特正2","110/07/29","元大-開元",0,151,-151
"9473","00715L期街口布蘭特正2","110/07/29","統一-中壢",100,0,100
"9474","00715L期街口布蘭特正2","110/07/29","日盛-新竹",0,126,-126
"9475","00715L期街口布蘭特正2","110/07/29","第一金-自由",100,2,98
"9476","00715L期街口布蘭特正2","110/07/29","凱基-豐中",0,123,-123
"9477","00715L期街口布蘭特正2","110/07/29","華南永昌-內壢",100,2,98
"9478","00715L期街口布蘭特正2","110/07/29","元大-東泰",0,122,-122
"9479","00715L期街口布蘭特正2","110/07/29","永豐金-板橋",98,0,98
"9480","00715L期街口布蘭特正2","110/07/29","台新-高雄",0,121,-121
"9481","8941關中","110/07/29","富邦-仁愛",1,0,1
"9482","8941關中","110/07/29","富邦-員林",0,1,-1
"9483","8941關中","110/07/29","康和-板橋",0,0,0
"9484","8941關中","110/07/29","康和-板橋",0,0,0
"9485","8941關中","110/07/29","玉山證券",0,0,0
"9486","8941關中","110/07/29","玉山證券",0,0,0
"9487","8941關中","110/07/29","玉山-數位",0,0,0
"9488","8941關中","110/07/29","玉山-數位",0,0,0
"9489","8941關中","110/07/29","凱基-市府",0,0,0
"9490","8941關中","110/07/29","凱基-市府",0,0,0
"9491","8941關中","110/07/29","元大-鶯歌",0,0,0
"9492","8941關中","110/07/29","元大-鶯歌",0,0,0
"9493","8941關中","110/07/29","元大-花蓮",0,0,0
"9494","8941關中","110/07/29","元大-花蓮",0,0,0
"9495","8941關中","110/07/29","",NA,NA,NA
"9496","8941關中","110/07/29","",NA,NA,NA
"9497","8941關中","110/07/29","",NA,NA,NA
"9498","8941關中","110/07/29","",NA,NA,NA
"9499","8941關中","110/07/29","",NA,NA,NA
"9500","8941關中","110/07/29","",NA,NA,NA
"9501","8941關中","110/07/29","",NA,NA,NA
"9502","8941關中","110/07/29","",NA,NA,NA
"9503","8941關中","110/07/29","",NA,NA,NA
"9504","8941關中","110/07/29","",NA,NA,NA
"9505","8941關中","110/07/29","",NA,NA,NA
"9506","8941關中","110/07/29","",NA,NA,NA
"9507","8941關中","110/07/29","",NA,NA,NA
"9508","8941關中","110/07/29","",NA,NA,NA
"9509","8941關中","110/07/29","",NA,NA,NA
"9510","8941關中","110/07/29","",NA,NA,NA
"9511","8936國統","110/07/29","新加坡商瑞銀",89,19,70
"9512","8936國統","110/07/29","日盛-忠孝",11,135,-124
"9513","8936國統","110/07/29","瑞士信貸",55,3,52
"9514","8936國統","110/07/29","元富-敦南",0,80,-80
"9515","8936國統","110/07/29","凱基-台北",48,3,45
"9516","8936國統","110/07/29","康和",0,20,-20
"9517","8936國統","110/07/29","摩根大通",97,60,37
"9518","8936國統","110/07/29","元大-竹科",0,20,-20
"9519","8936國統","110/07/29","美林",27,2,25
"9520","8936國統","110/07/29","永豐金-桃園",0,19,-19
"9521","8936國統","110/07/29","凱基-三多",25,0,25
"9522","8936國統","110/07/29","群益金鼎-高盛",0,14,-14
"9523","8936國統","110/07/29","凱基-北門",27,2,25
"9524","8936國統","110/07/29","元富-安南",2,15,-13
"9525","8936國統","110/07/29","兆豐-桃鶯",30,10,20
"9526","8936國統","110/07/29","富邦-內湖",2,15,-13
"9527","8936國統","110/07/29","永豐金-台中",20,0,20
"9528","8936國統","110/07/29","元大-復北",0,11,-11
"9529","8936國統","110/07/29","台灣摩根士丹利",30,12,18
"9530","8936國統","110/07/29","合庫-鳳山",0,10,-10
"9531","8936國統","110/07/29","兆豐-大同",15,0,15
"9532","8936國統","110/07/29","元富-潮州",0,10,-10
"9533","8936國統","110/07/29","新光-台中",39,24,15
"9534","8936國統","110/07/29","群益金鼎-台北",0,10,-10
"9535","8936國統","110/07/29","兆豐-新營",10,0,10
"9536","8936國統","110/07/29","凱基-高雄",20,30,-10
"9537","8936國統","110/07/29","台新-高雄",10,0,10
"9538","8936國統","110/07/29","富邦-桃園",0,10,-10
"9539","8936國統","110/07/29","玉山-士林",10,0,10
"9540","8936國統","110/07/29","新光",1,10,-9
"9541","6226光鼎","110/07/29","台新-台中",396,46,350
"9542","6226光鼎","110/07/29","群益金鼎-東大",11,309,-298
"9543","6226光鼎","110/07/29","元富-永和",242,0,242
"9544","6226光鼎","110/07/29","日盛證券",2,176,-174
"9545","6226光鼎","110/07/29","永豐金-古亭",200,0,200
"9546","6226光鼎","110/07/29","國泰-敦南",90,197,-107
"9547","6226光鼎","110/07/29","華南永昌",216,46,170
"9548","6226光鼎","110/07/29","元大-雙和",16,111,-95
"9549","6226光鼎","110/07/29","國票-北高雄",188,36,152
"9550","6226光鼎","110/07/29","元大-大統",2,94,-92
"9551","6226光鼎","110/07/29","國票-台南",120,4,116
"9552","6226光鼎","110/07/29","元大-板橋",5,78,-73
"9553","6226光鼎","110/07/29","永豐金證券",101,3,98
"9554","6226光鼎","110/07/29","群益金鼎-萬華",46,111,-65
"9555","6226光鼎","110/07/29","富邦-建國",125,28,97
"9556","6226光鼎","110/07/29","華南永昌-竹北",1,60,-59
"9557","6226光鼎","110/07/29","群益金鼎-土城",94,9,85
"9558","6226光鼎","110/07/29","玉山證券",28,86,-58
"9559","6226光鼎","110/07/29","元富-四維",82,4,78
"9560","6226光鼎","110/07/29","元大-土城學府",13,68,-55
"9561","6226光鼎","110/07/29","元大-鳳中",69,15,54
"9562","6226光鼎","110/07/29","元大-豐原",5,59,-54
"9563","6226光鼎","110/07/29","台新-新莊",54,1,53
"9564","6226光鼎","110/07/29","統一",56,107,-51
"9565","6226光鼎","110/07/29","中國信託-新竹",63,13,50
"9566","6226光鼎","110/07/29","統一-內湖",0,48,-48
"9567","6226光鼎","110/07/29","群益金鼎-士林",50,0,50
"9568","6226光鼎","110/07/29","元大-東港",2,50,-48
"9569","6226光鼎","110/07/29","台新-高雄",125,80,45
"9570","6226光鼎","110/07/29","元大-太平",1,46,-45
"9571","2363矽統","110/07/29","凱基-台北",2235,1238,997
"9572","2363矽統","110/07/29","康和-台中",10,437,-427
"9573","2363矽統","110/07/29","摩根大通",1784,793,991
"9574","2363矽統","110/07/29","第一金-新興",11,310,-299
"9575","2363矽統","110/07/29","港商野村",1833,1300,533
"9576","2363矽統","110/07/29","瑞士信貸",9,190,-181
"9577","2363矽統","110/07/29","美林",652,288,364
"9578","2363矽統","110/07/29","台新證券",659,808,-149
"9579","2363矽統","110/07/29","元大-台中",376,38,338
"9580","2363矽統","110/07/29","元大-萬華",42,189,-147
"9581","2363矽統","110/07/29","新加坡商瑞銀",748,474,274
"9582","2363矽統","110/07/29","台新-左楠",26,171,-145
"9583","2363矽統","110/07/29","國泰-敦南",566,333,233
"9584","2363矽統","110/07/29","華南永昌-鳳山",116,241,-125
"9585","2363矽統","110/07/29","元大-旗山",299,66,233
"9586","2363矽統","110/07/29","永全-南崁",0,117,-117
"9587","2363矽統","110/07/29","美商高盛",600,433,167
"9588","2363矽統","110/07/29","群益金鼎-桃園",25,131,-106
"9589","2363矽統","110/07/29","元大-永和",146,12,134
"9590","2363矽統","110/07/29","宏遠-新化",3,103,-100
"9591","2363矽統","110/07/29","元大證券",137,9,128
"9592","2363矽統","110/07/29","新光",331,429,-98
"9593","2363矽統","110/07/29","永豐金-彰化",135,10,125
"9594","2363矽統","110/07/29","中國信託-忠孝",101,188,-87
"9595","2363矽統","110/07/29","北城證券",139,19,120
"9596","2363矽統","110/07/29","群益金鼎-建成",11,95,-84
"9597","2363矽統","110/07/29","富邦-高雄",153,34,119
"9598","2363矽統","110/07/29","群益金鼎-三民",23,105,-82
"9599","2363矽統","110/07/29","元大-蘆洲",120,19,101
"9600","2363矽統","110/07/29","元大-豐原",104,186,-82
"9601","8112至上","110/07/29","合庫證券",194,1,193
"9602","8112至上","110/07/29","摩根大通",4,424,-420
"9603","8112至上","110/07/29","美商高盛",154,5,149
"9604","8112至上","110/07/29","日盛-高雄",2,400,-398
"9605","8112至上","110/07/29","永豐金證券",144,0,144
"9606","8112至上","110/07/29","港商法國興業",0,374,-374
"9607","8112至上","110/07/29","新光-台中",123,12,111
"9608","8112至上","110/07/29","凱基-台北",50,312,-262
"9609","8112至上","110/07/29","新加坡商瑞銀",189,83,106
"9610","8112至上","110/07/29","美林",69,232,-163
"9611","8112至上","110/07/29","華南永昌-新莊",73,0,73
"9612","8112至上","110/07/29","兆豐-公益",0,120,-120
"9613","8112至上","110/07/29","新光",108,49,59
"9614","8112至上","110/07/29","瑞士信貸",1,109,-108
"9615","8112至上","110/07/29","元富-文心",45,3,42
"9616","8112至上","110/07/29","華南永昌-小港",4,30,-26
"9617","8112至上","110/07/29","華南永昌-林口",41,0,41
"9618","8112至上","110/07/29","富邦-中壢",1,24,-23
"9619","8112至上","110/07/29","港商野村",146,112,34
"9620","8112至上","110/07/29","元大-歸仁",2,24,-22
"9621","8112至上","110/07/29","臺銀-高雄",30,0,30
"9622","8112至上","110/07/29","華南永昌-麻豆",0,21,-21
"9623","8112至上","110/07/29","元富-佳里",30,0,30
"9624","8112至上","110/07/29","台新-松江",0,20,-20
"9625","8112至上","110/07/29","永豐金-內湖",30,1,29
"9626","8112至上","110/07/29","元大-新莊",1,20,-19
"9627","8112至上","110/07/29","台新-新營",31,3,28
"9628","8112至上","110/07/29","華南永昌-岡山",1,19,-18
"9629","8112至上","110/07/29","永豐金-彰化",27,0,27
"9630","8112至上","110/07/29","元大-崇德",3,20,-17
"9631","1570力肯","110/07/29","群益金鼎-高雄",20,0,20
"9632","1570力肯","110/07/29","聯邦-興中",0,17,-17
"9633","1570力肯","110/07/29","群益金鼎-板橋",16,0,16
"9634","1570力肯","110/07/29","富邦-建國",0,10,-10
"9635","1570力肯","110/07/29","統一-敦南",5,0,5
"9636","1570力肯","110/07/29","凱基-站前",0,5,-5
"9637","1570力肯","110/07/29","元富-松德",4,0,4
"9638","1570力肯","110/07/29","國泰-板橋",0,4,-4
"9639","1570力肯","110/07/29","元大-和平",4,0,4
"9640","1570力肯","110/07/29","統一-土城",0,3,-3
"9641","1570力肯","110/07/29","凱基-幸福",3,0,3
"9642","1570力肯","110/07/29","凱基-大里",0,3,-3
"9643","1570力肯","110/07/29","華南永昌-鳳山",3,0,3
"9644","1570力肯","110/07/29","凱基-台北",0,3,-3
"9645","1570力肯","110/07/29","元大-北港",4,2,2
"9646","1570力肯","110/07/29","元大-屏東民生",0,3,-3
"9647","1570力肯","110/07/29","美林",1,0,1
"9648","1570力肯","110/07/29","元富-緯城",0,2,-2
"9649","1570力肯","110/07/29","國泰-台南",1,0,1
"9650","1570力肯","110/07/29","台新-高雄",0,2,-2
"9651","1570力肯","110/07/29","元大-歸仁",1,0,1
"9652","1570力肯","110/07/29","華南永昌-楠梓",0,2,-2
"9653","1570力肯","110/07/29","元大-松山",1,0,1
"9654","1570力肯","110/07/29","元大-北成功",0,2,-2
"9655","1570力肯","110/07/29","元大-文心興安",1,0,1
"9656","1570力肯","110/07/29","元大-板橋",0,2,-2
"9657","1570力肯","110/07/29","元大-東蘆",1,0,1
"9658","1570力肯","110/07/29","統一-台南",0,1,-1
"9659","1570力肯","110/07/29","群益金鼎-鳳山",0,0,0
"9660","1570力肯","110/07/29","台新證券",0,1,-1
"9661","2929淘帝","110/07/29","新光-新竹",118,13,105
"9662","2929淘帝","110/07/29","元富-敦南",0,91,-91
"9663","2929淘帝","110/07/29","新加坡商瑞銀",56,0,56
"9664","2929淘帝","110/07/29","日盛-板橋中山",0,38,-38
"9665","2929淘帝","110/07/29","凱基-台北",39,4,35
"9666","2929淘帝","110/07/29","群益金鼎-士林",0,20,-20
"9667","2929淘帝","110/07/29","元大-民生",29,0,29
"9668","2929淘帝","110/07/29","華南永昌-敦南",0,20,-20
"9669","2929淘帝","110/07/29","美林",37,9,28
"9670","2929淘帝","110/07/29","高橋-龍潭",3,20,-17
"9671","2929淘帝","110/07/29","元大-承德",15,0,15
"9672","2929淘帝","110/07/29","凱基-中山",4,19,-15
"9673","2929淘帝","110/07/29","第一金-台南",10,0,10
"9674","2929淘帝","110/07/29","富邦-台北",0,15,-15
"9675","2929淘帝","110/07/29","富邦-桃園",9,0,9
"9676","2929淘帝","110/07/29","元富-台中",0,14,-14
"9677","2929淘帝","110/07/29","港商野村",17,10,7
"9678","2929淘帝","110/07/29","台新-建北",0,13,-13
"9679","2929淘帝","110/07/29","台中銀-豐原",6,0,6
"9680","2929淘帝","110/07/29","永豐金-敦南",0,12,-12
"9681","2929淘帝","110/07/29","元大-文心興安",6,0,6
"9682","2929淘帝","110/07/29","新光-台南",0,11,-11
"9683","2929淘帝","110/07/29","德信-新營",5,0,5
"9684","2929淘帝","110/07/29","宏遠-光隆",0,10,-10
"9685","2929淘帝","110/07/29","元大-博愛",5,0,5
"9686","2929淘帝","110/07/29","元大-嘉義",0,6,-6
"9687","2929淘帝","110/07/29","元大-員林",5,0,5
"9688","2929淘帝","110/07/29","日茂-南投",0,5,-5
"9689","2929淘帝","110/07/29","富邦-中壢",4,0,4
"9690","2929淘帝","110/07/29","新光",0,5,-5
"9691","5410國眾","110/07/29","兆豐-城中",32,0,32
"9692","5410國眾","110/07/29","第一金-台南",0,51,-51
"9693","5410國眾","110/07/29","新加坡商瑞銀",19,0,19
"9694","5410國眾","110/07/29","元富-大昌",0,13,-13
"9695","5410國眾","110/07/29","華南永昌-新莊",16,0,16
"9696","5410國眾","110/07/29","臺銀-臺南",0,12,-12
"9697","5410國眾","110/07/29","元大-小港",11,0,11
"9698","5410國眾","110/07/29","日盛-木柵",0,10,-10
"9699","5410國眾","110/07/29","臺銀",10,0,10
"9700","5410國眾","110/07/29","元富-安南",0,10,-10
"9701","5410國眾","110/07/29","臺銀-臺中",10,0,10
"9702","5410國眾","110/07/29","新光",4,13,-9
"9703","5410國眾","110/07/29","宏遠-館前",10,0,10
"9704","5410國眾","110/07/29","永豐金-屏東",0,5,-5
"9705","5410國眾","110/07/29","台新-中壢",10,0,10
"9706","5410國眾","110/07/29","永豐金-苓雅",0,5,-5
"9707","5410國眾","110/07/29","摩根大通",10,1,9
"9708","5410國眾","110/07/29","國票-台南",0,4,-4
"9709","5410國眾","110/07/29","元大-北投",9,0,9
"9710","5410國眾","110/07/29","永豐金-埔里",0,4,-4
"9711","5410國眾","110/07/29","台新證券",7,1,6
"9712","5410國眾","110/07/29","光和",0,3,-3
"9713","5410國眾","110/07/29","元富-新竹",5,0,5
"9714","5410國眾","110/07/29","凱基-汐止",0,3,-3
"9715","5410國眾","110/07/29","凱基-竹北",5,0,5
"9716","5410國眾","110/07/29","元大-善化",0,3,-3
"9717","5410國眾","110/07/29","永豐金-敦南",5,1,4
"9718","5410國眾","110/07/29","元大-員林",0,3,-3
"9719","5410國眾","110/07/29","美林",4,1,3
"9720","5410國眾","110/07/29","永豐金-台南",0,3,-3
"9721","2841台開","110/07/29","兆豐-台南",237,0,237
"9722","2841台開","110/07/29","元大-四維",0,184,-184
"9723","2841台開","110/07/29","永豐金-敦南",60,10,50
"9724","2841台開","110/07/29","玉山-新竹",0,145,-145
"9725","2841台開","110/07/29","永豐金-板新",50,0,50
"9726","2841台開","110/07/29","港商野村",0,124,-124
"9727","2841台開","110/07/29","華南永昌-南京",45,2,43
"9728","2841台開","110/07/29","永豐金-台南",0,32,-32
"9729","2841台開","110/07/29","群益金鼎-崇德",23,0,23
"9730","2841台開","110/07/29","華南永昌-公誠",0,23,-23
"9731","2841台開","110/07/29","日盛-園區",20,0,20
"9732","2841台開","110/07/29","元大-善化",0,22,-22
"9733","2841台開","110/07/29","台新-台中",20,0,20
"9734","2841台開","110/07/29","元大-豐原",0,20,-20
"9735","2841台開","110/07/29","華南永昌-新莊",20,0,20
"9736","2841台開","110/07/29","凱基-台北",0,15,-15
"9737","2841台開","110/07/29","富邦-仁愛",20,0,20
"9738","2841台開","110/07/29","富邦-台北",0,15,-15
"9739","2841台開","110/07/29","新光",15,0,15
"9740","2841台開","110/07/29","臺銀",0,10,-10
"9741","2841台開","110/07/29","華南永昌-台中",15,0,15
"9742","2841台開","110/07/29","元富-三重",0,10,-10
"9743","2841台開","110/07/29","凱基-彰化",13,0,13
"9744","2841台開","110/07/29","元大-林森",0,10,-10
"9745","2841台開","110/07/29","兆豐-台中",10,0,10
"9746","2841台開","110/07/29","光和-花壇",0,9,-9
"9747","2841台開","110/07/29","永豐金-松山",10,0,10
"9748","2841台開","110/07/29","國泰-桃園",1,10,-9
"9749","2841台開","110/07/29","國泰-館前",9,0,9
"9750","2841台開","110/07/29","玉山-嘉義",0,8,-8
"9751","6207雷科","110/07/29","永豐金-古亭",100,0,100
"9752","6207雷科","110/07/29","摩根大通",59,151,-92
"9753","6207雷科","110/07/29","國泰-館前",52,6,46
"9754","6207雷科","110/07/29","凱基-高雄",0,82,-82
"9755","6207雷科","110/07/29","新加坡商瑞銀",41,12,29
"9756","6207雷科","110/07/29","元大-松江",0,25,-25
"9757","6207雷科","110/07/29","大慶-蘆洲",29,6,23
"9758","6207雷科","110/07/29","元大-雙和",2,25,-23
"9759","6207雷科","110/07/29","永豐金-羅東",21,0,21
"9760","6207雷科","110/07/29","港商野村",16,36,-20
"9761","6207雷科","110/07/29","統一-南京",16,0,16
"9762","6207雷科","110/07/29","盈溢-楠梓",0,20,-20
"9763","6207雷科","110/07/29","凱基-台北",45,29,16
"9764","6207雷科","110/07/29","統一",2,20,-18
"9765","6207雷科","110/07/29","富邦-敦南",16,0,16
"9766","6207雷科","110/07/29","日盛-新竹",1,16,-15
"9767","6207雷科","110/07/29","統一-高雄",15,0,15
"9768","6207雷科","110/07/29","康和-台中",0,15,-15
"9769","6207雷科","110/07/29","台新-中壢",11,0,11
"9770","6207雷科","110/07/29","凱基-竹科",0,13,-13
"9771","6207雷科","110/07/29","台灣企銀-竹北",10,0,10
"9772","6207雷科","110/07/29","元大-鳳中",0,12,-12
"9773","6207雷科","110/07/29","宏遠證券",10,0,10
"9774","6207雷科","110/07/29","元大-土城",0,12,-12
"9775","6207雷科","110/07/29","中國信託-忠孝",10,0,10
"9776","6207雷科","110/07/29","華南永昌-高雄",0,11,-11
"9777","6207雷科","110/07/29","大昌-桃園",11,1,10
"9778","6207雷科","110/07/29","元大-木柵",0,10,-10
"9779","6207雷科","110/07/29","玉山-城中",11,1,10
"9780","6207雷科","110/07/29","日盛-板橋",1,10,-9
"9781","3679新至陞","110/07/29","華南永昌-淡水",5,0,5
"9782","3679新至陞","110/07/29","元富-板橋",0,16,-16
"9783","3679新至陞","110/07/29","富邦-新竹華信",5,0,5
"9784","3679新至陞","110/07/29","凱基-台北",0,8,-8
"9785","3679新至陞","110/07/29","永豐金-中和",5,0,5
"9786","3679新至陞","110/07/29","摩根大通",1,6,-5
"9787","3679新至陞","110/07/29","富邦-台北",4,0,4
"9788","3679新至陞","110/07/29","美林",0,4,-4
"9789","3679新至陞","110/07/29","元富-彰化",2,0,2
"9790","3679新至陞","110/07/29","瑞士信貸",0,4,-4
"9791","3679新至陞","110/07/29","兆豐-台中港",2,0,2
"9792","3679新至陞","110/07/29","元大-成功",0,3,-3
"9793","3679新至陞","110/07/29","富邦-三重",2,0,2
"9794","3679新至陞","110/07/29","統一-台南",0,2,-2
"9795","3679新至陞","110/07/29","元大-沙鹿",2,0,2
"9796","3679新至陞","110/07/29","元富-新興",0,2,-2
"9797","3679新至陞","110/07/29","元大-福營",2,0,2
"9798","3679新至陞","110/07/29","凱基-竹科",0,2,-2
"9799","3679新至陞","110/07/29","元大-花蓮",2,0,2
"9800","3679新至陞","110/07/29","元大證券",0,2,-2
"9801","3679新至陞","110/07/29","元大-板橋",2,0,2
"9802","3679新至陞","110/07/29","日盛-北高雄",0,1,-1
"9803","3679新至陞","110/07/29","永豐金-台南",2,0,2
"9804","3679新至陞","110/07/29","宏遠-高雄",0,1,-1
"9805","3679新至陞","110/07/29","合庫-彰化",1,0,1
"9806","3679新至陞","110/07/29","花旗環球",0,1,-1
"9807","3679新至陞","110/07/29","臺銀-臺南",1,0,1
"9808","3679新至陞","110/07/29","華南永昌-岡山",0,1,-1
"9809","3679新至陞","110/07/29","永興-水湳",1,0,1
"9810","3679新至陞","110/07/29","元大-佳里",0,1,-1
"9811","2727王品","110/07/29","第一金",30,0,30
"9812","2727王品","110/07/29","元大-高雄",1,93,-92
"9813","2727王品","110/07/29","港商麥格理",22,0,22
"9814","2727王品","110/07/29","新加坡商瑞銀",5,82,-77
"9815","2727王品","110/07/29","國票-北高雄",24,2,22
"9816","2727王品","110/07/29","美林",0,27,-27
"9817","2727王品","110/07/29","日盛-忠孝",21,0,21
"9818","2727王品","110/07/29","港商野村",21,48,-27
"9819","2727王品","110/07/29","新光",22,3,19
"9820","2727王品","110/07/29","凱基-台北",43,61,-18
"9821","2727王品","110/07/29","國泰-敦南",18,7,11
"9822","2727王品","110/07/29","華南永昌-麻豆",0,18,-18
"9823","2727王品","110/07/29","凱基-五股",11,0,11
"9824","2727王品","110/07/29","國泰-台中",2,17,-15
"9825","2727王品","110/07/29","兆豐-鹿港",12,2,10
"9826","2727王品","110/07/29","永豐金-桃盛",0,15,-15
"9827","2727王品","110/07/29","凱基-埔墘",10,0,10
"9828","2727王品","110/07/29","美商高盛",1,15,-14
"9829","2727王品","110/07/29","永豐金-潮州",10,0,10
"9830","2727王品","110/07/29","玉山證券",4,15,-11
"9831","2727王品","110/07/29","統一",12,4,8
"9832","2727王品","110/07/29","摩根大通",12,22,-10
"9833","2727王品","110/07/29","國泰-板橋",7,0,7
"9834","2727王品","110/07/29","元大-四維",2,12,-10
"9835","2727王品","110/07/29","彰銀-台中",7,1,6
"9836","2727王品","110/07/29","凱基-興隆",0,9,-9
"9837","2727王品","110/07/29","新光-高雄",12,6,6
"9838","2727王品","110/07/29","瑞士信貸",0,8,-8
"9839","2727王品","110/07/29","玉山-數位",6,0,6
"9840","2727王品","110/07/29","大昌-桃園",0,7,-7
"9841","1570力肯","110/07/29","群益金鼎-高雄",20,0,20
"9842","1570力肯","110/07/29","聯邦-興中",0,17,-17
"9843","1570力肯","110/07/29","群益金鼎-板橋",16,0,16
"9844","1570力肯","110/07/29","富邦-建國",0,10,-10
"9845","1570力肯","110/07/29","統一-敦南",5,0,5
"9846","1570力肯","110/07/29","凱基-站前",0,5,-5
"9847","1570力肯","110/07/29","元富-松德",4,0,4
"9848","1570力肯","110/07/29","國泰-板橋",0,4,-4
"9849","1570力肯","110/07/29","元大-和平",4,0,4
"9850","1570力肯","110/07/29","統一-土城",0,3,-3
"9851","1570力肯","110/07/29","凱基-幸福",3,0,3
"9852","1570力肯","110/07/29","凱基-大里",0,3,-3
"9853","1570力肯","110/07/29","華南永昌-鳳山",3,0,3
"9854","1570力肯","110/07/29","凱基-台北",0,3,-3
"9855","1570力肯","110/07/29","元大-北港",4,2,2
"9856","1570力肯","110/07/29","元大-屏東民生",0,3,-3
"9857","1570力肯","110/07/29","美林",1,0,1
"9858","1570力肯","110/07/29","元富-緯城",0,2,-2
"9859","1570力肯","110/07/29","國泰-台南",1,0,1
"9860","1570力肯","110/07/29","台新-高雄",0,2,-2
"9861","1570力肯","110/07/29","元大-歸仁",1,0,1
"9862","1570力肯","110/07/29","華南永昌-楠梓",0,2,-2
"9863","1570力肯","110/07/29","元大-松山",1,0,1
"9864","1570力肯","110/07/29","元大-北成功",0,2,-2
"9865","1570力肯","110/07/29","元大-文心興安",1,0,1
"9866","1570力肯","110/07/29","元大-板橋",0,2,-2
"9867","1570力肯","110/07/29","元大-東蘆",1,0,1
"9868","1570力肯","110/07/29","統一-台南",0,1,-1
"9869","1570力肯","110/07/29","群益金鼎-鳳山",0,0,0
"9870","1570力肯","110/07/29","台新證券",0,1,-1
"9871","6180橘子","110/07/29","凱基-台北",50,4,46
"9872","6180橘子","110/07/29","兆豐證券",0,95,-95
"9873","6180橘子","110/07/29","花旗環球",25,0,25
"9874","6180橘子","110/07/29","香港上海匯豐",0,74,-74
"9875","6180橘子","110/07/29","瑞士信貸",26,2,24
"9876","6180橘子","110/07/29","福勝",0,24,-24
"9877","6180橘子","110/07/29","兆豐-大同",20,0,20
"9878","6180橘子","110/07/29","第一金-安和",0,20,-20
"9879","6180橘子","110/07/29","新光-台中",17,0,17
"9880","6180橘子","110/07/29","永豐金-敦北",0,18,-18
"9881","6180橘子","110/07/29","元大-南屯",15,0,15
"9882","6180橘子","110/07/29","致和-崇德",0,10,-10
"9883","6180橘子","110/07/29","摩根大通",54,40,14
"9884","6180橘子","110/07/29","玉山-台大",0,10,-10
"9885","6180橘子","110/07/29","玉山-桃園",10,0,10
"9886","6180橘子","110/07/29","元大-四維",0,10,-10
"9887","6180橘子","110/07/29","永豐金-中正",10,0,10
"9888","6180橘子","110/07/29","元大-小港",0,8,-8
"9889","6180橘子","110/07/29","元富-三重",8,0,8
"9890","6180橘子","110/07/29","台灣摩根士丹利",7,13,-6
"9891","6180橘子","110/07/29","國泰-新莊",9,1,8
"9892","6180橘子","110/07/29","群益金鼎-丹鳳",0,6,-6
"9893","6180橘子","110/07/29","元大-木柵",8,0,8
"9894","6180橘子","110/07/29","永豐金-南京",2,8,-6
"9895","6180橘子","110/07/29","國票-敦北法人",7,0,7
"9896","6180橘子","110/07/29","日盛-頭份",5,10,-5
"9897","6180橘子","110/07/29","元大證券",7,0,7
"9898","6180橘子","110/07/29","宏遠-高雄",0,5,-5
"9899","6180橘子","110/07/29","高橋",6,0,6
"9900","6180橘子","110/07/29","第一金-中山",1,5,-4
"9901","2390云辰","110/07/29","元大-永和",561,61,500
"9902","2390云辰","110/07/29","摩根大通",152,377,-225
"9903","2390云辰","110/07/29","台灣摩根士丹利",163,1,162
"9904","2390云辰","110/07/29","元富-同大",3,139,-136
"9905","2390云辰","110/07/29","元大-善化",87,0,87
"9906","2390云辰","110/07/29","豐農",3,128,-125
"9907","2390云辰","110/07/29","元大-草屯",89,6,83
"9908","2390云辰","110/07/29","美商高盛",6,88,-82
"9909","2390云辰","110/07/29","富邦-羅東",74,10,64
"9910","2390云辰","110/07/29","美林",43,112,-69
"9911","2390云辰","110/07/29","元大-鑫永和",61,1,60
"9912","2390云辰","110/07/29","元大-發財",4,61,-57
"9913","2390云辰","110/07/29","元富-高雄",93,40,53
"9914","2390云辰","110/07/29","大慶-泰山",0,51,-51
"9915","2390云辰","110/07/29","台新-左楠",43,1,42
"9916","2390云辰","110/07/29","群益金鼎",5,49,-44
"9917","2390云辰","110/07/29","日盛-永康",35,2,33
"9918","2390云辰","110/07/29","元大-松江",0,40,-40
"9919","2390云辰","110/07/29","玉山-板橋",37,5,32
"9920","2390云辰","110/07/29","統一-新台中",123,161,-38
"9921","2390云辰","110/07/29","日盛-板橋中山",45,15,30
"9922","2390云辰","110/07/29","兆豐-員林",0,35,-35
"9923","2390云辰","110/07/29","元大-大統",30,0,30
"9924","2390云辰","110/07/29","第一金-新竹",1,35,-34
"9925","2390云辰","110/07/29","元大-竹北",30,1,29
"9926","2390云辰","110/07/29","日盛-員林",3,33,-30
"9927","2390云辰","110/07/29","元大-北屯",26,0,26
"9928","2390云辰","110/07/29","新光",40,70,-30
"9929","2390云辰","110/07/29","元大-林園",25,0,25
"9930","2390云辰","110/07/29","永豐金-松山",21,49,-28
"9931","1471首利","110/07/28","美林",138,26,112
"9932","1471首利","110/07/28","玉山-台大",0,234,-234
"9933","1471首利","110/07/28","摩根大通",164,80,84
"9934","1471首利","110/07/28","國票-九鼎",0,149,-149
"9935","1471首利","110/07/28","(牛牛牛)亞-鑫豐",65,0,65
"9936","1471首利","110/07/28","台中銀",0,69,-69
"9937","1471首利","110/07/28","大昌-新店",44,0,44
"9938","1471首利","110/07/28","元大-博愛",0,32,-32
"9939","1471首利","110/07/28","玉山-桃園",69,30,39
"9940","1471首利","110/07/28","凱基-竹北",0,30,-30
"9941","1471首利","110/07/28","兆豐-鹿港",28,0,28
"9942","1471首利","110/07/28","富邦-苗栗",0,30,-30
"9943","1471首利","110/07/28","聯邦-高雄",21,0,21
"9944","1471首利","110/07/28","港商法國興業",0,22,-22
"9945","1471首利","110/07/28","永豐金-中正",21,0,21
"9946","1471首利","110/07/28","國票-安和",0,20,-20
"9947","1471首利","110/07/28","第一金-高雄",16,0,16
"9948","1471首利","110/07/28","華南永昌-苑裡",0,15,-15
"9949","1471首利","110/07/28","統一-桃園",13,0,13
"9950","1471首利","110/07/28","日盛-中壢",0,13,-13
"9951","1471首利","110/07/28","新光-台中",19,6,13
"9952","1471首利","110/07/28","玉山-台南",0,13,-13
"9953","1471首利","110/07/28","彰銀-七賢",11,0,11
"9954","1471首利","110/07/28","凱基-桃園",0,12,-12
"9955","1471首利","110/07/28","第一金-台南",11,0,11
"9956","1471首利","110/07/28","聯邦-雙和",0,11,-11
"9957","1471首利","110/07/28","台新證券",11,0,11
"9958","1471首利","110/07/28","統一-新營",0,10,-10
"9959","1471首利","110/07/28","凱基-東勢",11,0,11
"9960","1471首利","110/07/28","凱基-城中",0,10,-10
"9961","2883開發金","110/07/28","摩根大通",5171,647,4524
"9962","2883開發金","110/07/28","台灣摩根士丹利",921,11451,-10530
"9963","2883開發金","110/07/28","瑞士信貸",4234,62,4172
"9964","2883開發金","110/07/28","美商高盛",522,3615,-3093
"9965","2883開發金","110/07/28","國泰證券",2247,28,2219
"9966","2883開發金","110/07/28","(牛牛牛)亞證券",0,3000,-3000
"9967","2883開發金","110/07/28","元大證券",2306,91,2215
"9968","2883開發金","110/07/28","康和-仁愛",17,3004,-2987
"9969","2883開發金","110/07/28","元富-城東",2203,113,2090
"9970","2883開發金","110/07/28","第一金",18,2301,-2283
"9971","2883開發金","110/07/28","新加坡商瑞銀",1840,81,1759
"9972","2883開發金","110/07/28","凱基-台北",3735,5169,-1434
"9973","2883開發金","110/07/28","永豐金-彰化",1682,27,1655
"9974","2883開發金","110/07/28","宏遠-高雄",4,1420,-1416
"9975","2883開發金","110/07/28","日盛證券",1637,9,1628
"9976","2883開發金","110/07/28","亞東-板橋",507,1722,-1215
"9977","2883開發金","110/07/28","元大-彰化",1183,11,1172
"9978","2883開發金","110/07/28","凱基-豐中",32,1127,-1095
"9979","2883開發金","110/07/28","美林",2507,1378,1129
"9980","2883開發金","110/07/28","群益金鼎-三重",65,993,-928
"9981","2883開發金","110/07/28","華南永昌",1204,239,965
"9982","2883開發金","110/07/28","元大-羅東",30,872,-842
"9983","2883開發金","110/07/28","日盛-台南",816,6,810
"9984","2883開發金","110/07/28","花旗環球",188,1004,-816
"9985","2883開發金","110/07/28","台新-松江",722,40,682
"9986","2883開發金","110/07/28","華南永昌-朴子",33,716,-683
"9987","2883開發金","110/07/28","新光-台中",858,231,627
"9988","2883開發金","110/07/28","元大-永和",31,700,-669
"9989","2883開發金","110/07/28","凱基-員林",634,25,609
"9990","2883開發金","110/07/28","玉山-台南",97,738,-641
"9991","6205詮欣","110/07/28","臺銀",30,0,30
"9992","6205詮欣","110/07/28","台灣摩根士丹利",0,59,-59
"9993","6205詮欣","110/07/28","元大-善化",30,0,30
"9994","6205詮欣","110/07/28","凱基-大安",0,50,-50
"9995","6205詮欣","110/07/28","日盛證券",16,0,16
"9996","6205詮欣","110/07/28","元大-板橋",0,20,-20
"9997","6205詮欣","110/07/28","元大-土城學府",15,3,12
"9998","6205詮欣","110/07/28","摩根大通",17,30,-13
"9999","6205詮欣","110/07/28","臺銀-民權",10,0,10
"10000","6205詮欣","110/07/28","凱基-台北",0,11,-11
"10001","6205詮欣","110/07/28","德信-新營",10,0,10
"10002","6205詮欣","110/07/28","新加坡商瑞銀",0,10,-10
"10003","6205詮欣","110/07/28","福勝",10,0,10
"10004","6205詮欣","110/07/28","第一金-新竹",0,10,-10
"10005","6205詮欣","110/07/28","元大-清水",10,0,10
"10006","6205詮欣","110/07/28","台新-高雄",0,6,-6
"10007","6205詮欣","110/07/28","新光",9,0,9
"10008","6205詮欣","110/07/28","凱基-三多",0,6,-6
"10009","6205詮欣","110/07/28","群益金鼎-屏東",7,0,7
"10010","6205詮欣","110/07/28","美林",2,7,-5
"10011","6205詮欣","110/07/28","元大-汐止",6,0,6
"10012","6205詮欣","110/07/28","瑞士信貸",0,5,-5
"10013","6205詮欣","110/07/28","統一-屏東",5,0,5
"10014","6205詮欣","110/07/28","中國信託-三重",0,5,-5
"10015","6205詮欣","110/07/28","日盛-三重",4,0,4
"10016","6205詮欣","110/07/28","日盛-雙和",0,4,-4
"10017","6205詮欣","110/07/28","亞東-板橋",4,0,4
"10018","6205詮欣","110/07/28","宏遠-光隆",0,4,-4
"10019","6205詮欣","110/07/28","台中銀",4,0,4
"10020","6205詮欣","110/07/28","兆豐-新莊",0,4,-4
"10021","1540喬福","110/07/28","兆豐-北高雄",48,0,48
"10022","1540喬福","110/07/28","合庫-台中",1,60,-59
"10023","1540喬福","110/07/28","兆豐-台中港",33,0,33
"10024","1540喬福","110/07/28","凱基-台北",0,44,-44
"10025","1540喬福","110/07/28","大慶-中壢",19,0,19
"10026","1540喬福","110/07/28","元大-學甲",0,35,-35
"10027","1540喬福","110/07/28","富邦-員林",18,0,18
"10028","1540喬福","110/07/28","統一-新台中",0,26,-26
"10029","1540喬福","110/07/28","(牛牛牛)亞-鑫豐",12,0,12
"10030","1540喬福","110/07/28","新光-新竹",0,21,-21
"10031","1540喬福","110/07/28","元富-文心",10,0,10
"10032","1540喬福","110/07/28","富邦-台北",0,20,-20
"10033","1540喬福","110/07/28","光和-和美",10,0,10
"10034","1540喬福","110/07/28","富邦-南屯",0,20,-20
"10035","1540喬福","110/07/28","永豐金-三重",9,0,9
"10036","1540喬福","110/07/28","元大-鶯歌",0,10,-10
"10037","1540喬福","110/07/28","臺銀-鳳山",8,0,8
"10038","1540喬福","110/07/28","元大-豐原",0,7,-7
"10039","1540喬福","110/07/28","元大-斗六",7,0,7
"10040","1540喬福","110/07/28","大昌-樹林",0,6,-6
"10041","1540喬福","110/07/28","台新-台中",6,0,6
"10042","1540喬福","110/07/28","新光-桃園",0,5,-5
"10043","1540喬福","110/07/28","華南永昌-中正",6,0,6
"10044","1540喬福","110/07/28","凱基-站前",0,5,-5
"10045","1540喬福","110/07/28","永豐金-台中",6,0,6
"10046","1540喬福","110/07/28","臺銀",0,4,-4
"10047","1540喬福","110/07/28","臺銀-民權",5,0,5
"10048","1540喬福","110/07/28","台新證券",0,3,-3
"10049","1540喬福","110/07/28","元富-中原",5,0,5
"10050","1540喬福","110/07/28","台新-高雄",0,3,-3
"10051","2888新光金","110/07/28","臺銀-高雄",3050,3,3047
"10052","2888新光金","110/07/28","摩根大通",2543,11316,-8773
"10053","2888新光金","110/07/28","元富-城東",2019,129,1890
"10054","2888新光金","110/07/28","香港上海匯豐",120,7576,-7456
"10055","2888新光金","110/07/28","元大證券",2106,407,1699
"10056","2888新光金","110/07/28","凱基-台北",1641,5238,-3597
"10057","2888新光金","110/07/28","凱基-台南",1068,33,1035
"10058","2888新光金","110/07/28","新加坡商瑞銀",0,3572,-3572
"10059","2888新光金","110/07/28","彰銀-台中",1098,75,1023
"10060","2888新光金","110/07/28","台灣摩根士丹利",4358,7129,-2771
"10061","2888新光金","110/07/28","元富-城中",1003,0,1003
"10062","2888新光金","110/07/28","元大-大統",103,2853,-2750
"10063","2888新光金","110/07/28","元大-大天母",1113,119,994
"10064","2888新光金","110/07/28","光和",204,2235,-2031
"10065","2888新光金","110/07/28","元大-仁愛",761,1,760
"10066","2888新光金","110/07/28","兆豐-鹿港",80,1755,-1675
"10067","2888新光金","110/07/28","日盛-雙和",927,179,748
"10068","2888新光金","110/07/28","凱基-市政",17,1447,-1430
"10069","2888新光金","110/07/28","元大-大里",648,0,648
"10070","2888新光金","110/07/28","華南永昌-敦南",66,1320,-1254
"10071","2888新光金","110/07/28","凱基-竹科",2665,2026,639
"10072","2888新光金","110/07/28","法銀巴黎",195,1423,-1228
"10073","2888新光金","110/07/28","日盛-高雄",619,11,608
"10074","2888新光金","110/07/28","臺銀",123,1343,-1220
"10075","2888新光金","110/07/28","群益金鼎-海山",710,151,559
"10076","2888新光金","110/07/28","花旗環球",0,865,-865
"10077","2888新光金","110/07/28","台新證券",855,305,550
"10078","2888新光金","110/07/28","元大-鹿港",46,848,-802
"10079","2888新光金","110/07/28","國泰-敦南",774,237,537
"10080","2888新光金","110/07/28","合庫-台中",121,800,-679
"10081","1340勝悅","110/07/28","新光-台南",50,0,50
"10082","1340勝悅","110/07/28","兆豐-南京",0,25,-25
"10083","1340勝悅","110/07/28","臺銀-臺中",6,0,6
"10084","1340勝悅","110/07/28","凱基-台北",0,22,-22
"10085","1340勝悅","110/07/28","新光",6,0,6
"10086","1340勝悅","110/07/28","美林",0,12,-12
"10087","1340勝悅","110/07/28","臺灣企銀-埔墘",5,0,5
"10088","1340勝悅","110/07/28","群益金鼎-台中",0,11,-11
"10089","1340勝悅","110/07/28","國票-敦北法人",5,0,5
"10090","1340勝悅","110/07/28","合庫-西台中",1,10,-9
"10091","1340勝悅","110/07/28","國泰-高雄",5,0,5
"10092","1340勝悅","110/07/28","元大-基隆孝二",0,8,-8
"10093","1340勝悅","110/07/28","國泰-台中",5,0,5
"10094","1340勝悅","110/07/28","統一-城中",0,7,-7
"10095","1340勝悅","110/07/28","群益金鼎-館前",5,0,5
"10096","1340勝悅","110/07/28","凱基-幸福",0,7,-7
"10097","1340勝悅","110/07/28","中國信託-文心",3,0,3
"10098","1340勝悅","110/07/28","臺銀-新竹",0,5,-5
"10099","1340勝悅","110/07/28","群益金鼎-崇德",3,0,3
"10100","1340勝悅","110/07/28","港商法國興業",0,5,-5
"10101","1340勝悅","110/07/28","元大-永春",3,0,3
"10102","1340勝悅","110/07/28","元大-新竹經國",0,5,-5
"10103","1340勝悅","110/07/28","永豐金-松山",3,0,3
"10104","1340勝悅","110/07/28","台新證券",0,4,-4
"10105","1340勝悅","110/07/28","永豐金-嘉義",3,0,3
"10106","1340勝悅","110/07/28","港商野村",0,3,-3
"10107","1340勝悅","110/07/28","日盛-木柵",2,0,2
"10108","1340勝悅","110/07/28","摩根大通",0,3,-3
"10109","1340勝悅","110/07/28","台新-台中",2,0,2
"10110","1340勝悅","110/07/28","富邦-台北",0,3,-3
"10111","6246臺龍","110/07/28","元大-基隆孝二",32,0,32
"10112","6246臺龍","110/07/28","永豐金-桃園",4,135,-131
"10113","6246臺龍","110/07/28","合庫-台中",30,0,30
"10114","6246臺龍","110/07/28","港商野村",5,93,-88
"10115","6246臺龍","110/07/28","元大-木柵",30,0,30
"10116","6246臺龍","110/07/28","凱基-台北",9,65,-56
"10117","6246臺龍","110/07/28","光和",21,0,21
"10118","6246臺龍","110/07/28","元大-西螺",0,31,-31
"10119","6246臺龍","110/07/28","宏遠-民生",20,0,20
"10120","6246臺龍","110/07/28","群益金鼎-鳳山",0,27,-27
"10121","6246臺龍","110/07/28","第一金-安和",20,0,20
"10122","6246臺龍","110/07/28","元大-西屯",0,25,-25
"10123","6246臺龍","110/07/28","兆豐-竹北",24,4,20
"10124","6246臺龍","110/07/28","永豐金-虎尾",6,27,-21
"10125","6246臺龍","110/07/28","凱基-幸福",20,0,20
"10126","6246臺龍","110/07/28","日盛-台中",1,20,-19
"10127","6246臺龍","110/07/28","德信-新營",19,0,19
"10128","6246臺龍","110/07/28","統一",0,16,-16
"10129","6246臺龍","110/07/28","台新證券",21,4,17
"10130","6246臺龍","110/07/28","群益金鼎-土城",0,16,-16
"10131","6246臺龍","110/07/28","華南永昌-公誠",17,0,17
"10132","6246臺龍","110/07/28","元大-員林",0,15,-15
"10133","6246臺龍","110/07/28","中國信託-文心",15,0,15
"10134","6246臺龍","110/07/28","華南永昌-長虹",0,11,-11
"10135","6246臺龍","110/07/28","群益金鼎-崇德",15,0,15
"10136","6246臺龍","110/07/28","日盛-中壢",0,10,-10
"10137","6246臺龍","110/07/28","兆豐-公益",12,0,12
"10138","6246臺龍","110/07/28","第一金-彰化",0,10,-10
"10139","6246臺龍","110/07/28","國票",12,0,12
"10140","6246臺龍","110/07/28","元富-中原",0,10,-10
"10141","00715L期街口布蘭特正2","110/07/28","永豐金證券",5725,30,5695
"10142","00715L期街口布蘭特正2","110/07/28","元大-四維",0,2013,-2013
"10143","00715L期街口布蘭特正2","110/07/28","元大證券",5235,705,4530
"10144","00715L期街口布蘭特正2","110/07/28","凱基-豐中",0,1536,-1536
"10145","00715L期街口布蘭特正2","110/07/28","國票",2733,11,2722
"10146","00715L期街口布蘭特正2","110/07/28","華南永昌-東昇",0,1010,-1010
"10147","00715L期街口布蘭特正2","110/07/28","富邦證券",2340,417,1923
"10148","00715L期街口布蘭特正2","110/07/28","兆豐-三民",0,1004,-1004
"10149","00715L期街口布蘭特正2","110/07/28","凱基-台北",2241,325,1916
"10150","00715L期街口布蘭特正2","110/07/28","元富-古亭",0,600,-600
"10151","00715L期街口布蘭特正2","110/07/28","統一",1635,132,1503
"10152","00715L期街口布蘭特正2","110/07/28","台新-新營",20,558,-538
"10153","00715L期街口布蘭特正2","110/07/28","國票-中港",1500,0,1500
"10154","00715L期街口布蘭特正2","110/07/28","富邦-台北",0,453,-453
"10155","00715L期街口布蘭特正2","110/07/28","兆豐-台中",525,6,519
"10156","00715L期街口布蘭特正2","110/07/28","港商野村",71,519,-448
"10157","00715L期街口布蘭特正2","110/07/28","合庫證券",1008,500,508
"10158","00715L期街口布蘭特正2","110/07/28","第一金-自由",10,405,-395
"10159","00715L期街口布蘭特正2","110/07/28","永豐金-三重",500,0,500
"10160","00715L期街口布蘭特正2","110/07/28","玉山-高雄",17,387,-370
"10161","00715L期街口布蘭特正2","110/07/28","凱基-市政",500,1,499
"10162","00715L期街口布蘭特正2","110/07/28","統一-桃園",0,331,-331
"10163","00715L期街口布蘭特正2","110/07/28","元富-大裕",500,8,492
"10164","00715L期街口布蘭特正2","110/07/28","元富-中壢",0,309,-309
"10165","00715L期街口布蘭特正2","110/07/28","永豐金-內湖",503,18,485
"10166","00715L期街口布蘭特正2","110/07/28","台新證券",21,329,-308
"10167","00715L期街口布蘭特正2","110/07/28","元富-吉利",280,0,280
"10168","00715L期街口布蘭特正2","110/07/28","國票-台中",0,275,-275
"10169","00715L期街口布蘭特正2","110/07/28","國票-博愛",200,0,200
"10170","00715L期街口布蘭特正2","110/07/28","日盛-木柵",0,268,-268
"10171","8941關中","110/07/28","第一金-台南",2,0,2
"10172","8941關中","110/07/28","聯邦-富強",0,3,-3
"10173","8941關中","110/07/28","元大-西屯",2,0,2
"10174","8941關中","110/07/28","富邦-員林",0,3,-3
"10175","8941關中","110/07/28","玉山證券",1,0,1
"10176","8941關中","110/07/28","第一金-安和",0,2,-2
"10177","8941關中","110/07/28","國泰-忠孝",1,0,1
"10178","8941關中","110/07/28","第一金-台中",0,1,-1
"10179","8941關中","110/07/28","凱基-岡山",1,0,1
"10180","8941關中","110/07/28","玉山-台中",0,0,0
"10181","8941關中","110/07/28","富邦-羅東",1,0,1
"10182","8941關中","110/07/28","元大-新竹經國",0,0,0
"10183","8941關中","110/07/28","永豐金-敦南",1,0,1
"10184","8941關中","110/07/28","元大-桃興",1,1,0
"10185","8941關中","110/07/28","玉山-台中",0,0,0
"10186","8941關中","110/07/28","",NA,NA,NA
"10187","8941關中","110/07/28","元大-新竹經國",0,0,0
"10188","8941關中","110/07/28","",NA,NA,NA
"10189","8941關中","110/07/28","元大-桃興",1,1,0
"10190","8941關中","110/07/28","",NA,NA,NA
"10191","8941關中","110/07/28","",NA,NA,NA
"10192","8941關中","110/07/28","",NA,NA,NA
"10193","8941關中","110/07/28","",NA,NA,NA
"10194","8941關中","110/07/28","",NA,NA,NA
"10195","8941關中","110/07/28","",NA,NA,NA
"10196","8941關中","110/07/28","",NA,NA,NA
"10197","8941關中","110/07/28","",NA,NA,NA
"10198","8941關中","110/07/28","",NA,NA,NA
"10199","8941關中","110/07/28","",NA,NA,NA
"10200","8941關中","110/07/28","",NA,NA,NA
"10201","8936國統","110/07/28","宏遠-高雄",141,1,140
"10202","8936國統","110/07/28","摩根大通",82,517,-435
"10203","8936國統","110/07/28","日盛-景美",100,0,100
"10204","8936國統","110/07/28","凱基-台北",5,290,-285
"10205","8936國統","110/07/28","永豐金-苓雅",67,0,67
"10206","8936國統","110/07/28","瑞士信貸",0,245,-245
"10207","8936國統","110/07/28","玉山-台南",64,0,64
"10208","8936國統","110/07/28","台灣摩根士丹利",16,176,-160
"10209","8936國統","110/07/28","國票-北高雄",61,1,60
"10210","8936國統","110/07/28","凱基-市政",11,110,-99
"10211","8936國統","110/07/28","玉山-高雄",49,0,49
"10212","8936國統","110/07/28","元大-東蘆",0,82,-82
"10213","8936國統","110/07/28","元大-小港",47,0,47
"10214","8936國統","110/07/28","新加坡商瑞銀",128,205,-77
"10215","8936國統","110/07/28","元大-台中",40,0,40
"10216","8936國統","110/07/28","元大-歸仁",30,75,-45
"10217","8936國統","110/07/28","新光-台中",41,7,34
"10218","8936國統","110/07/28","台新-台中",17,55,-38
"10219","8936國統","110/07/28","元大-豐原站前",32,0,32
"10220","8936國統","110/07/28","康和",20,58,-38
"10221","8936國統","110/07/28","玉山-台中",31,0,31
"10222","8936國統","110/07/28","第一金-新興",0,31,-31
"10223","8936國統","110/07/28","富邦-高雄",26,0,26
"10224","8936國統","110/07/28","元富-松德",0,30,-30
"10225","8936國統","110/07/28","元大-鳳中",30,5,25
"10226","8936國統","110/07/28","元大-中和",2,30,-28
"10227","8936國統","110/07/28","元富-林園",20,0,20
"10228","8936國統","110/07/28","兆豐-嘉義",0,22,-22
"10229","8936國統","110/07/28","兆豐-北高雄",20,0,20
"10230","8936國統","110/07/28","美林",11,32,-21
"10231","6226光鼎","110/07/28","群益金鼎-萬華",147,14,133
"10232","6226光鼎","110/07/28","群益金鼎-敦南",5,282,-277
"10233","6226光鼎","110/07/28","台新-台中",227,114,113
"10234","6226光鼎","110/07/28","華南永昌",19,142,-123
"10235","6226光鼎","110/07/28","摩根大通",109,0,109
"10236","6226光鼎","110/07/28","康和-台北",0,100,-100
"10237","6226光鼎","110/07/28","統一",107,0,107
"10238","6226光鼎","110/07/28","臺銀-民權",4,100,-96
"10239","6226光鼎","110/07/28","凱基-台北",103,1,102
"10240","6226光鼎","110/07/28","元大-潮州",11,102,-91
"10241","6226光鼎","110/07/28","台灣摩根士丹利",104,7,97
"10242","6226光鼎","110/07/28","華南永昌-嘉義",50,130,-80
"10243","6226光鼎","110/07/28","群益金鼎-館前",97,0,97
"10244","6226光鼎","110/07/28","台新證券",79,153,-74
"10245","6226光鼎","110/07/28","國泰-台中",97,20,77
"10246","6226光鼎","110/07/28","玉山-台南",4,74,-70
"10247","6226光鼎","110/07/28","元大-嘉義",83,16,67
"10248","6226光鼎","110/07/28","臺銀-臺中",6,65,-59
"10249","6226光鼎","110/07/28","新光-桃園",69,8,61
"10250","6226光鼎","110/07/28","富邦-仁愛",6,63,-57
"10251","6226光鼎","110/07/28","群益金鼎-三重",59,2,57
"10252","6226光鼎","110/07/28","凱基-大里",0,51,-51
"10253","6226光鼎","110/07/28","日盛-員林",63,12,51
"10254","6226光鼎","110/07/28","國泰-敦南",116,166,-50
"10255","6226光鼎","110/07/28","永豐金-松山",66,20,46
"10256","6226光鼎","110/07/28","元富-中港",2,51,-49
"10257","6226光鼎","110/07/28","統一-內湖",48,7,41
"10258","6226光鼎","110/07/28","群益金鼎-延平",0,49,-49
"10259","6226光鼎","110/07/28","凱基-高美館",51,10,41
"10260","6226光鼎","110/07/28","元大-新竹經國",5,53,-48
"10261","2363矽統","110/07/28","摩根大通",809,282,527
"10262","2363矽統","110/07/28","國泰-敦南",145,861,-716
"10263","2363矽統","110/07/28","美商高盛",532,264,268
"10264","2363矽統","110/07/28","元大-台中",18,384,-366
"10265","2363矽統","110/07/28","台新-三民",263,18,245
"10266","2363矽統","110/07/28","新光",197,525,-328
"10267","2363矽統","110/07/28","台新證券",929,703,226
"10268","2363矽統","110/07/28","群益金鼎-三民",24,266,-242
"10269","2363矽統","110/07/28","第一金-嘉義",154,0,154
"10270","2363矽統","110/07/28","凱基-斗六",0,187,-187
"10271","2363矽統","110/07/28","凱基-台北",1039,889,150
"10272","2363矽統","110/07/28","元大-上新莊",3,134,-131
"10273","2363矽統","110/07/28","永豐金-竹科",132,11,121
"10274","2363矽統","110/07/28","永豐金-彰化",5,134,-129
"10275","2363矽統","110/07/28","華南永昌-鳳山",146,34,112
"10276","2363矽統","110/07/28","日盛-二林",15,142,-127
"10277","2363矽統","110/07/28","第一金-新興",108,1,107
"10278","2363矽統","110/07/28","元大證券",18,125,-107
"10279","2363矽統","110/07/28","港商野村",673,568,105
"10280","2363矽統","110/07/28","新光-台南",25,129,-104
"10281","2363矽統","110/07/28","群益金鼎-桃園",111,11,100
"10282","2363矽統","110/07/28","統一",7,109,-102
"10283","2363矽統","110/07/28","台新-左楠",94,15,79
"10284","2363矽統","110/07/28","康和-南崁",11,108,-97
"10285","2363矽統","110/07/28","新加坡商瑞銀",789,711,78
"10286","2363矽統","110/07/28","國票",25,121,-96
"10287","2363矽統","110/07/28","國票-九鼎",99,26,73
"10288","2363矽統","110/07/28","群益金鼎-敦南",11,107,-96
"10289","2363矽統","110/07/28","兆豐-埔墘",62,0,62
"10290","2363矽統","110/07/28","兆豐-寶成",2,79,-77
"10291","8112至上","110/07/28","摩根大通",630,183,447
"10292","8112至上","110/07/28","永豐金-永康",0,242,-242
"10293","8112至上","110/07/28","合庫證券",317,21,296
"10294","8112至上","110/07/28","高橋",3,222,-219
"10295","8112至上","110/07/28","新加坡商瑞銀",417,132,285
"10296","8112至上","110/07/28","玉山證券",2,206,-204
"10297","8112至上","110/07/28","台灣摩根士丹利",253,58,195
"10298","8112至上","110/07/28","新光",50,206,-156
"10299","8112至上","110/07/28","港商野村",350,164,186
"10300","8112至上","110/07/28","永豐金-苓雅",2,102,-100
"10301","8112至上","110/07/28","美商高盛",184,7,177
"10302","8112至上","110/07/28","凱基-永和",0,80,-80
"10303","8112至上","110/07/28","美林",213,53,160
"10304","8112至上","110/07/28","華南永昌-新莊",60,134,-74
"10305","8112至上","110/07/28","花旗環球",86,16,70
"10306","8112至上","110/07/28","台新-松江",27,90,-63
"10307","8112至上","110/07/28","玉山-板橋",82,17,65
"10308","8112至上","110/07/28","宏遠證券",1,50,-49
"10309","8112至上","110/07/28","凱基-竹科",67,3,64
"10310","8112至上","110/07/28","元大-苑裡",23,72,-49
"10311","8112至上","110/07/28","元大-府城",56,0,56
"10312","8112至上","110/07/28","元大-基隆孝二",5,53,-48
"10313","8112至上","110/07/28","永豐金-內湖",37,0,37
"10314","8112至上","110/07/28","康和-仁愛",5,51,-46
"10315","8112至上","110/07/28","瑞士信貸",58,26,32
"10316","8112至上","110/07/28","台新證券",31,73,-42
"10317","8112至上","110/07/28","元大證券",60,29,31
"10318","8112至上","110/07/28","兆豐-公益",0,40,-40
"10319","8112至上","110/07/28","元富-新店",35,5,30
"10320","8112至上","110/07/28","中國信託-忠孝",1,37,-36
"10321","1570力肯","110/07/28","國泰-敦南",50,0,50
"10322","1570力肯","110/07/28","元大-高雄",0,42,-42
"10323","1570力肯","110/07/28","群益金鼎-高雄",31,0,31
"10324","1570力肯","110/07/28","國票-新莊",0,14,-14
"10325","1570力肯","110/07/28","元富-延平",15,0,15
"10326","1570力肯","110/07/28","凱基-站前",0,10,-10
"10327","1570力肯","110/07/28","(牛牛牛)亞-鑫豐",10,0,10
"10328","1570力肯","110/07/28","凱基-台北",0,10,-10
"10329","1570力肯","110/07/28","元富-緯城",6,0,6
"10330","1570力肯","110/07/28","元大-忠孝",0,10,-10
"10331","1570力肯","110/07/28","合庫-自強",5,0,5
"10332","1570力肯","110/07/28","台灣摩根士丹利",0,9,-9
"10333","1570力肯","110/07/28","臺銀-臺南",4,0,4
"10334","1570力肯","110/07/28","群益金鼎-板橋",0,8,-8
"10335","1570力肯","110/07/28","兆豐-台中港",3,0,3
"10336","1570力肯","110/07/28","永豐金-大園",0,7,-7
"10337","1570力肯","110/07/28","日盛-板橋",2,0,2
"10338","1570力肯","110/07/28","元大-台南",0,5,-5
"10339","1570力肯","110/07/28","統一-松江",2,0,2
"10340","1570力肯","110/07/28","合庫-台中",0,4,-4
"10341","1570力肯","110/07/28","台新-三民",2,0,2
"10342","1570力肯","110/07/28","富邦-板橋",0,3,-3
"10343","1570力肯","110/07/28","群益金鼎-土城",2,0,2
"10344","1570力肯","110/07/28","元大-板橋",0,3,-3
"10345","1570力肯","110/07/28","元大-和平",2,0,2
"10346","1570力肯","110/07/28","統一-桃園",0,2,-2
"10347","1570力肯","110/07/28","元大-土城永寧",2,0,2
"10348","1570力肯","110/07/28","凱基-三多",0,2,-2
"10349","1570力肯","110/07/28","大昌-樹林",1,0,1
"10350","1570力肯","110/07/28","華南永昌-高雄",0,2,-2
"10351","2929淘帝","110/07/28","日盛-八德",40,0,40
"10352","2929淘帝","110/07/28","凱基-林口",0,150,-150
"10353","2929淘帝","110/07/28","玉山-新竹",30,0,30
"10354","2929淘帝","110/07/28","日盛-台中",0,35,-35
"10355","2929淘帝","110/07/28","國泰-松江",33,3,30
"10356","2929淘帝","110/07/28","永豐金-永康",0,21,-21
"10357","2929淘帝","110/07/28","元大-民生",28,0,28
"10358","2929淘帝","110/07/28","新加坡商瑞銀",13,32,-19
"10359","2929淘帝","110/07/28","合庫-高雄",21,0,21
"10360","2929淘帝","110/07/28","國泰-敦南",2,20,-18
"10361","2929淘帝","110/07/28","華南永昌",20,0,20
"10362","2929淘帝","110/07/28","臺銀",2,17,-15
"10363","2929淘帝","110/07/28","台新證券",12,0,12
"10364","2929淘帝","110/07/28","群益金鼎-敦南",0,13,-13
"10365","2929淘帝","110/07/28","第一金-大稻埕",10,0,10
"10366","2929淘帝","110/07/28","富邦-建國",1,13,-12
"10367","2929淘帝","110/07/28","華南永昌-台中",10,0,10
"10368","2929淘帝","110/07/28","元富-城東",0,10,-10
"10369","2929淘帝","110/07/28","元大-士林",10,0,10
"10370","2929淘帝","110/07/28","兆豐-景美",0,8,-8
"10371","2929淘帝","110/07/28","元大-屏南",10,0,10
"10372","2929淘帝","110/07/28","美林",3,10,-7
"10373","2929淘帝","110/07/28","元大-員林",10,0,10
"10374","2929淘帝","110/07/28","元富-彰化",0,7,-7
"10375","2929淘帝","110/07/28","新光-桃園",9,0,9
"10376","2929淘帝","110/07/28","港商法國興業",0,6,-6
"10377","2929淘帝","110/07/28","日盛-景美",7,0,7
"10378","2929淘帝","110/07/28","新光-高雄",0,6,-6
"10379","2929淘帝","110/07/28","玉山證券",7,0,7
"10380","2929淘帝","110/07/28","港商野村",3,8,-5
"10381","5410國眾","110/07/28","兆豐-城中",38,0,38
"10382","5410國眾","110/07/28","兆豐-南門",3,80,-77
"10383","5410國眾","110/07/28","大展",20,0,20
"10384","5410國眾","110/07/28","摩根大通",12,56,-44
"10385","5410國眾","110/07/28","新光-桃園",20,0,20
"10386","5410國眾","110/07/28","凱基-台北",0,28,-28
"10387","5410國眾","110/07/28","凱基-竹北",20,0,20
"10388","5410國眾","110/07/28","亞東-板橋",0,20,-20
"10389","5410國眾","110/07/28","元大-新莊",17,0,17
"10390","5410國眾","110/07/28","統一-新台中",0,20,-20
"10391","5410國眾","110/07/28","新光",20,8,12
"10392","5410國眾","110/07/28","瑞士信貸",0,16,-16
"10393","5410國眾","110/07/28","國泰-敦南",11,0,11
"10394","5410國眾","110/07/28","新加坡商瑞銀",0,15,-15
"10395","5410國眾","110/07/28","日盛-內湖",10,0,10
"10396","5410國眾","110/07/28","統一-金門",0,15,-15
"10397","5410國眾","110/07/28","元富-新竹",10,0,10
"10398","5410國眾","110/07/28","元大-北投",0,12,-12
"10399","5410國眾","110/07/28","群益金鼎-永和",10,0,10
"10400","5410國眾","110/07/28","新百王",0,10,-10
"10401","5410國眾","110/07/28","華南永昌-中正",10,0,10
"10402","5410國眾","110/07/28","元大-館前",0,10,-10
"10403","5410國眾","110/07/28","元大-旗山",10,0,10
"10404","5410國眾","110/07/28","元富-安南",0,9,-9
"10405","5410國眾","110/07/28","元大-大天母",10,0,10
"10406","5410國眾","110/07/28","元大-龍潭",1,10,-9
"10407","5410國眾","110/07/28","大昌",9,0,9
"10408","5410國眾","110/07/28","港商野村",1,7,-6
"10409","5410國眾","110/07/28","臺銀-鳳山",8,0,8
"10410","5410國眾","110/07/28","元大-東泰",0,6,-6
"10411","2841台開","110/07/28","台新-台中",36,0,36
"10412","2841台開","110/07/28","元大-大雅",0,90,-90
"10413","2841台開","110/07/28","群益金鼎-大甲",24,0,24
"10414","2841台開","110/07/28","凱基-台北",0,73,-73
"10415","2841台開","110/07/28","永豐金-敦南",29,8,21
"10416","2841台開","110/07/28","港商野村",0,27,-27
"10417","2841台開","110/07/28","第一金-台中",20,0,20
"10418","2841台開","110/07/28","大慶-富順",0,20,-20
"10419","2841台開","110/07/28","元富-烏日",20,0,20
"10420","2841台開","110/07/28","豐農",0,17,-17
"10421","2841台開","110/07/28","元大-歸仁",20,0,20
"10422","2841台開","110/07/28","元大-大里德芳",0,15,-15
"10423","2841台開","110/07/28","永豐金-豐原",20,0,20
"10424","2841台開","110/07/28","日盛-大墩",0,10,-10
"10425","2841台開","110/07/28","日盛-花蓮",15,0,15
"10426","2841台開","110/07/28","元大-博愛",0,10,-10
"10427","2841台開","110/07/28","大昌-安康",18,3,15
"10428","2841台開","110/07/28","元大-豐原站前",0,10,-10
"10429","2841台開","110/07/28","陽信-石牌",13,0,13
"10430","2841台開","110/07/28","台新證券",6,13,-7
"10431","2841台開","110/07/28","台灣摩根士丹利",10,0,10
"10432","2841台開","110/07/28","台中銀",0,5,-5
"10433","2841台開","110/07/28","台新-高雄",10,0,10
"10434","2841台開","110/07/28","中國信託-中壢",0,5,-5
"10435","2841台開","110/07/28","國泰-忠孝",10,0,10
"10436","2841台開","110/07/28","元大-大同",0,5,-5
"10437","2841台開","110/07/28","元大-竹南",10,0,10
"10438","2841台開","110/07/28","元大-大益",0,4,-4
"10439","2841台開","110/07/28","元大-屏南",9,0,9
"10440","2841台開","110/07/28","元富-松德",0,3,-3
"10441","6207雷科","110/07/28","新加坡商瑞銀",153,44,109
"10442","6207雷科","110/07/28","康和-延平",0,48,-48
"10443","6207雷科","110/07/28","摩根大通",219,131,88
"10444","6207雷科","110/07/28","元富-大昌",0,33,-33
"10445","6207雷科","110/07/28","康和-台中",70,0,70
"10446","6207雷科","110/07/28","聯邦商銀",0,30,-30
"10447","6207雷科","110/07/28","凱基-台北",112,49,63
"10448","6207雷科","110/07/28","兆豐-三民",1,30,-29
"10449","6207雷科","110/07/28","凱基-復興",63,3,60
"10450","6207雷科","110/07/28","元大-龍潭",0,25,-25
"10451","6207雷科","110/07/28","群益金鼎-三民",59,8,51
"10452","6207雷科","110/07/28","宏遠證券",0,23,-23
"10453","6207雷科","110/07/28","永豐金-羅東",50,0,50
"10454","6207雷科","110/07/28","大昌-桃園",15,36,-21
"10455","6207雷科","110/07/28","美林",46,3,43
"10456","6207雷科","110/07/28","國泰-桃園",0,21,-21
"10457","6207雷科","110/07/28","群益金鼎-敦南",51,16,35
"10458","6207雷科","110/07/28","凱基-中壢",0,21,-21
"10459","6207雷科","110/07/28","日盛-忠孝",31,0,31
"10460","6207雷科","110/07/28","富邦-台北",4,24,-20
"10461","6207雷科","110/07/28","港商野村",32,8,24
"10462","6207雷科","110/07/28","臺銀-臺南",0,19,-19
"10463","6207雷科","110/07/28","群益金鼎-東門",22,0,22
"10464","6207雷科","110/07/28","新光",5,24,-19
"10465","6207雷科","110/07/28","統一-高雄",41,20,21
"10466","6207雷科","110/07/28","群益金鼎-大甲",1,20,-19
"10467","6207雷科","110/07/28","群益金鼎-延平",21,0,21
"10468","6207雷科","110/07/28","元大-中壢",10,28,-18
"10469","6207雷科","110/07/28","彰銀-台中",20,0,20
"10470","6207雷科","110/07/28","永豐金-北高雄",3,20,-17
"10471","3679新至陞","110/07/28","華南永昌-淡水",10,0,10
"10472","3679新至陞","110/07/28","瑞士信貸",0,25,-25
"10473","3679新至陞","110/07/28","富邦-嘉義",10,0,10
"10474","3679新至陞","110/07/28","凱基-台北",6,14,-8
"10475","3679新至陞","110/07/28","台中銀-員林",11,2,9
"10476","3679新至陞","110/07/28","美林",5,12,-7
"10477","3679新至陞","110/07/28","大昌-樹林",7,0,7
"10478","3679新至陞","110/07/28","摩根大通",5,11,-6
"10479","3679新至陞","110/07/28","康和-澎湖",5,0,5
"10480","3679新至陞","110/07/28","兆豐-新莊",0,5,-5
"10481","3679新至陞","110/07/28","富邦-台北",5,0,5
"10482","3679新至陞","110/07/28","群益金鼎-新莊",0,5,-5
"10483","3679新至陞","110/07/28","元大-成功",5,0,5
"10484","3679新至陞","110/07/28","台灣摩根士丹利",0,4,-4
"10485","3679新至陞","110/07/28","新加坡商瑞銀",3,0,3
"10486","3679新至陞","110/07/28","日盛-新竹",0,3,-3
"10487","3679新至陞","110/07/28","中國信託-新竹",3,0,3
"10488","3679新至陞","110/07/28","群益金鼎-東門",0,3,-3
"10489","3679新至陞","110/07/28","元大-新莊",3,0,3
"10490","3679新至陞","110/07/28","元大證券",0,3,-3
"10491","3679新至陞","110/07/28","宏遠-光隆",2,0,2
"10492","3679新至陞","110/07/28","元大-忠孝",0,3,-3
"10493","3679新至陞","110/07/28","大慶-蘆洲",2,0,2
"10494","3679新至陞","110/07/28","合庫-西台中",0,2,-2
"10495","3679新至陞","110/07/28","台新-左楠",2,0,2
"10496","3679新至陞","110/07/28","日盛-板橋",0,2,-2
"10497","3679新至陞","110/07/28","群益金鼎-三重",2,0,2
"10498","3679新至陞","110/07/28","國票-桃園",0,2,-2
"10499","3679新至陞","110/07/28","華南永昌-高雄",2,0,2
"10500","3679新至陞","110/07/28","台新-台南",0,2,-2
"10501","2727王品","110/07/28","凱基-台北",139,50,89
"10502","2727王品","110/07/28","新光-台中",9,68,-59
"10503","2727王品","110/07/28","美林",77,10,67
"10504","2727王品","110/07/28","瑞士信貸",16,54,-38
"10505","2727王品","110/07/28","港商野村",118,64,54
"10506","2727王品","110/07/28","華南永昌",4,41,-37
"10507","2727王品","110/07/28","國泰-敦南",51,30,21
"10508","2727王品","110/07/28","美商高盛",2,30,-28
"10509","2727王品","110/07/28","新加坡商瑞銀",58,38,20
"10510","2727王品","110/07/28","富邦-板橋",17,38,-21
"10511","2727王品","110/07/28","永豐金-中盛",24,4,20
"10512","2727王品","110/07/28","富邦-竹北",0,20,-20
"10513","2727王品","110/07/28","元大-南崁",20,2,18
"10514","2727王品","110/07/28","元大-小港",1,21,-20
"10515","2727王品","110/07/28","摩根大通",48,32,16
"10516","2727王品","110/07/28","凱基",0,18,-18
"10517","2727王品","110/07/28","臺銀-高雄",14,0,14
"10518","2727王品","110/07/28","統一",15,31,-16
"10519","2727王品","110/07/28","永豐金-桃盛",19,5,14
"10520","2727王品","110/07/28","國泰-台中",12,28,-16
"10521","2727王品","110/07/28","凱基-內湖",13,0,13
"10522","2727王品","110/07/28","元大-台中",7,22,-15
"10523","2727王品","110/07/28","永豐金-中正",15,2,13
"10524","2727王品","110/07/28","華南永昌-麻豆",0,14,-14
"10525","2727王品","110/07/28","富邦-建國",18,7,11
"10526","2727王品","110/07/28","永豐金-豐原",1,15,-14
"10527","2727王品","110/07/28","富邦-陽明",15,5,10
"10528","2727王品","110/07/28","國票-內壢",1,14,-13
"10529","2727王品","110/07/28","元大-南京",10,0,10
"10530","2727王品","110/07/28","永豐金證券",2,15,-13
"10531","1570力肯","110/07/28","國泰-敦南",50,0,50
"10532","1570力肯","110/07/28","元大-高雄",0,42,-42
"10533","1570力肯","110/07/28","群益金鼎-高雄",31,0,31
"10534","1570力肯","110/07/28","國票-新莊",0,14,-14
"10535","1570力肯","110/07/28","元富-延平",15,0,15
"10536","1570力肯","110/07/28","凱基-站前",0,10,-10
"10537","1570力肯","110/07/28","(牛牛牛)亞-鑫豐",10,0,10
"10538","1570力肯","110/07/28","凱基-台北",0,10,-10
"10539","1570力肯","110/07/28","元富-緯城",6,0,6
"10540","1570力肯","110/07/28","元大-忠孝",0,10,-10
"10541","1570力肯","110/07/28","合庫-自強",5,0,5
"10542","1570力肯","110/07/28","台灣摩根士丹利",0,9,-9
"10543","1570力肯","110/07/28","臺銀-臺南",4,0,4
"10544","1570力肯","110/07/28","群益金鼎-板橋",0,8,-8
"10545","1570力肯","110/07/28","兆豐-台中港",3,0,3
"10546","1570力肯","110/07/28","永豐金-大園",0,7,-7
"10547","1570力肯","110/07/28","日盛-板橋",2,0,2
"10548","1570力肯","110/07/28","元大-台南",0,5,-5
"10549","1570力肯","110/07/28","統一-松江",2,0,2
"10550","1570力肯","110/07/28","合庫-台中",0,4,-4
"10551","1570力肯","110/07/28","台新-三民",2,0,2
"10552","1570力肯","110/07/28","富邦-板橋",0,3,-3
"10553","1570力肯","110/07/28","群益金鼎-土城",2,0,2
"10554","1570力肯","110/07/28","元大-板橋",0,3,-3
"10555","1570力肯","110/07/28","元大-和平",2,0,2
"10556","1570力肯","110/07/28","統一-桃園",0,2,-2
"10557","1570力肯","110/07/28","元大-土城永寧",2,0,2
"10558","1570力肯","110/07/28","凱基-三多",0,2,-2
"10559","1570力肯","110/07/28","大昌-樹林",1,0,1
"10560","1570力肯","110/07/28","華南永昌-高雄",0,2,-2
"10561","6180橘子","110/07/28","凱基-台北",152,85,67
"10562","6180橘子","110/07/28","摩根大通",20,92,-72
"10563","6180橘子","110/07/28","新光",57,18,39
"10564","6180橘子","110/07/28","大慶-台中",0,33,-33
"10565","6180橘子","110/07/28","美商高盛",49,12,37
"10566","6180橘子","110/07/28","兆豐證券",0,25,-25
"10567","6180橘子","110/07/28","第一金-安和",20,0,20
"10568","6180橘子","110/07/28","元大-上新莊",0,22,-22
"10569","6180橘子","110/07/28","元富-桃園",20,0,20
"10570","6180橘子","110/07/28","新加坡商瑞銀",23,44,-21
"10571","6180橘子","110/07/28","第一金-員林",19,0,19
"10572","6180橘子","110/07/28","富邦-內湖",0,21,-21
"10573","6180橘子","110/07/28","富邦-嘉義",22,4,18
"10574","6180橘子","110/07/28","第一金-新興",0,20,-20
"10575","6180橘子","110/07/28","統一-嘉義",16,0,16
"10576","6180橘子","110/07/28","臺銀-臺南",5,22,-17
"10577","6180橘子","110/07/28","國票-九鼎",15,0,15
"10578","6180橘子","110/07/28","第一金-忠孝",0,10,-10
"10579","6180橘子","110/07/28","華南永昌-朴子",14,0,14
"10580","6180橘子","110/07/28","元富-屏東",0,10,-10
"10581","6180橘子","110/07/28","群益金鼎-台南",13,0,13
"10582","6180橘子","110/07/28","凱基-八德",1,11,-10
"10583","6180橘子","110/07/28","富邦-建國",13,1,12
"10584","6180橘子","110/07/28","元大-和平",1,11,-10
"10585","6180橘子","110/07/28","富邦-板橋",16,5,11
"10586","6180橘子","110/07/28","元大-台中中港",0,10,-10
"10587","6180橘子","110/07/28","元富-新店",10,0,10
"10588","6180橘子","110/07/28","元大-南屯",0,9,-9
"10589","6180橘子","110/07/28","元大-台南",10,0,10
"10590","6180橘子","110/07/28","永豐金-屏東",0,9,-9
"10591","2390云辰","110/07/28","摩根大通",1589,780,809
"10592","2390云辰","110/07/28","華南永昌-鳳山",34,290,-256
"10593","2390云辰","110/07/28","凱基-台北",457,300,157
"10594","2390云辰","110/07/28","凱基-基隆",0,224,-224
"10595","2390云辰","110/07/28","美林",330,206,124
"10596","2390云辰","110/07/28","元富-高雄",56,177,-121
"10597","2390云辰","110/07/28","元富-同大",159,35,124
"10598","2390云辰","110/07/28","元富-中港",1,100,-99
"10599","2390云辰","110/07/28","台灣摩根士丹利",193,71,122
"10600","2390云辰","110/07/28","兆豐-公益",4,100,-96
"10601","2390云辰","110/07/28","元大-前金",150,49,101
"10602","2390云辰","110/07/28","統一-新台中",180,274,-94
"10603","2390云辰","110/07/28","永豐金-鳳山",110,18,92
"10604","2390云辰","110/07/28","日盛-新莊",4,76,-72
"10605","2390云辰","110/07/28","元大-林園",99,11,88
"10606","2390云辰","110/07/28","永豐金-新店",0,57,-57
"10607","2390云辰","110/07/28","元大-信義",121,35,86
"10608","2390云辰","110/07/28","華南永昌-內壢",0,56,-56
"10609","2390云辰","110/07/28","美商高盛",206,123,83
"10610","2390云辰","110/07/28","第一金-豐原",9,63,-54
"10611","2390云辰","110/07/28","統一-城中",101,37,64
"10612","2390云辰","110/07/28","華南永昌-中正",13,67,-54
"10613","2390云辰","110/07/28","元大-竹山",75,20,55
"10614","2390云辰","110/07/28","元大-大益",7,59,-52
"10615","2390云辰","110/07/28","豐農",79,25,54
"10616","2390云辰","110/07/28","大慶",0,50,-50
"10617","2390云辰","110/07/28","新加坡商瑞銀",68,15,53
"10618","2390云辰","110/07/28","凱基-豐中",3,49,-46
"10619","2390云辰","110/07/28","統一-屏東",54,5,49
"10620","2390云辰","110/07/28","元大-彰化民生",7,51,-44
"10621","1471首利","110/07/27","永全-八德",50,0,50
"10622","1471首利","110/07/27","國票-九鼎",0,306,-306
"10623","1471首利","110/07/27","中國信託-松江",48,0,48
"10624","1471首利","110/07/27","兆豐-天母",1,115,-114
"10625","1471首利","110/07/27","富邦-嘉義",40,0,40
"10626","1471首利","110/07/27","美林",0,42,-42
"10627","1471首利","110/07/27","富邦-台南",33,0,33
"10628","1471首利","110/07/27","摩根大通",45,75,-30
"10629","1471首利","110/07/27","(牛牛牛)亞-鑫豐",32,0,32
"10630","1471首利","110/07/27","凱基-八德",0,30,-30
"10631","1471首利","110/07/27","台灣企銀-太平",25,0,25
"10632","1471首利","110/07/27","中國信託-高雄",0,25,-25
"10633","1471首利","110/07/27","群益金鼎-台中",23,0,23
"10634","1471首利","110/07/27","統一-新台中",0,24,-24
"10635","1471首利","110/07/27","元富-潮州",20,0,20
"10636","1471首利","110/07/27","聯邦-高雄",0,21,-21
"10637","1471首利","110/07/27","凱基-信義",20,0,20
"10638","1471首利","110/07/27","德信-中正",0,20,-20
"10639","1471首利","110/07/27","富邦-基隆",26,8,18
"10640","1471首利","110/07/27","元大-福營",3,20,-17
"10641","1471首利","110/07/27","日盛-高雄",17,0,17
"10642","1471首利","110/07/27","凱基-宜蘭",0,16,-16
"10643","1471首利","110/07/27","國泰-敦南",16,2,14
"10644","1471首利","110/07/27","凱基-天母",0,15,-15
"10645","1471首利","110/07/27","元大-大甲",13,0,13
"10646","1471首利","110/07/27","第一金-高雄",6,20,-14
"10647","1471首利","110/07/27","合庫-鳳山",12,0,12
"10648","1471首利","110/07/27","元大-中壢",0,13,-13
"10649","1471首利","110/07/27","日盛-大墩",12,0,12
"10650","1471首利","110/07/27","元富-安南",0,12,-12
"10651","2883開發金","110/07/27","元富",1762,67,1695
"10652","2883開發金","110/07/27","美林",0,11931,-11931
"10653","2883開發金","110/07/27","福邦證券",1450,0,1450
"10654","2883開發金","110/07/27","新加坡商瑞銀",1513,8370,-6857
"10655","2883開發金","110/07/27","凱基",1422,0,1422
"10656","2883開發金","110/07/27","凱基-台北",1081,5265,-4184
"10657","2883開發金","110/07/27","瑞士信貸",2044,731,1313
"10658","2883開發金","110/07/27","摩根大通",612,3392,-2780
"10659","2883開發金","110/07/27","台灣摩根士丹利",2112,921,1191
"10660","2883開發金","110/07/27","統一-仁愛",31,2002,-1971
"10661","2883開發金","110/07/27","新光",1474,461,1013
"10662","2883開發金","110/07/27","兆豐證券",192,1910,-1718
"10663","2883開發金","110/07/27","國票-長城",1003,20,983
"10664","2883開發金","110/07/27","(牛牛牛)亞-鑫豐",276,1815,-1539
"10665","2883開發金","110/07/27","台新證券",1207,362,845
"10666","2883開發金","110/07/27","永豐金-板橋",197,1610,-1413
"10667","2883開發金","110/07/27","港商野村",2209,1498,711
"10668","2883開發金","110/07/27","美商高盛",16,1337,-1321
"10669","2883開發金","110/07/27","永豐金-彰化",680,26,654
"10670","2883開發金","110/07/27","兆豐-北高雄",60,1360,-1300
"10671","2883開發金","110/07/27","台新-高雄",918,265,653
"10672","2883開發金","110/07/27","兆豐-景美",26,1070,-1044
"10673","2883開發金","110/07/27","國泰-敦南",1273,634,639
"10674","2883開發金","110/07/27","亞東-新竹",7,1001,-994
"10675","2883開發金","110/07/27","元大證券",876,246,630
"10676","2883開發金","110/07/27","富邦-羅東",201,1098,-897
"10677","2883開發金","110/07/27","致和證券",684,92,592
"10678","2883開發金","110/07/27","統一",159,811,-652
"10679","2883開發金","110/07/27","元大-民生",550,2,548
"10680","2883開發金","110/07/27","香港上海匯豐",0,584,-584
"10681","6205詮欣","110/07/27","土銀-和平",20,0,20
"10682","6205詮欣","110/07/27","摩根大通",3,22,-19
"10683","6205詮欣","110/07/27","臺銀-民權",20,6,14
"10684","6205詮欣","110/07/27","瑞士信貸",5,16,-11
"10685","6205詮欣","110/07/27","台新證券",5,0,5
"10686","6205詮欣","110/07/27","臺銀-鳳山",0,6,-6
"10687","6205詮欣","110/07/27","華南永昌-小港",5,0,5
"10688","6205詮欣","110/07/27","臺銀-新竹",0,5,-5
"10689","6205詮欣","110/07/27","日盛-新莊",4,0,4
"10690","6205詮欣","110/07/27","國票-和平",0,4,-4
"10691","6205詮欣","110/07/27","元富-三重",4,0,4
"10692","6205詮欣","110/07/27","凱基-東門",0,4,-4
"10693","6205詮欣","110/07/27","致和-佳里",4,1,3
"10694","6205詮欣","110/07/27","富邦-花蓮",0,3,-3
"10695","6205詮欣","110/07/27","華南永昌-岡山",3,0,3
"10696","6205詮欣","110/07/27","元大-北投",0,3,-3
"10697","6205詮欣","110/07/27","元大-成功",3,0,3
"10698","6205詮欣","110/07/27","元大-民生",2,5,-3
"10699","6205詮欣","110/07/27","土銀-嘉義",2,0,2
"10700","6205詮欣","110/07/27","日盛-三重",0,2,-2
"10701","6205詮欣","110/07/27","第一金-光復",2,0,2
"10702","6205詮欣","110/07/27","日盛-北高雄",0,2,-2
"10703","6205詮欣","110/07/27","統一-屏東",2,0,2
"10704","6205詮欣","110/07/27","港商野村",0,2,-2
"10705","6205詮欣","110/07/27","元富-新莊",2,0,2
"10706","6205詮欣","110/07/27","統一-彰化",0,2,-2
"10707","6205詮欣","110/07/27","兆豐-竹北",2,0,2
"10708","6205詮欣","110/07/27","永全",0,2,-2
"10709","6205詮欣","110/07/27","新光",2,0,2
"10710","6205詮欣","110/07/27","兆豐-西螺",0,2,-2
"10711","1540喬福","110/07/27","富邦-員林",10,0,10
"10712","1540喬福","110/07/27","合庫-台中",0,26,-26
"10713","1540喬福","110/07/27","元大-中壢",10,0,10
"10714","1540喬福","110/07/27","統一-新台中",0,25,-25
"10715","1540喬福","110/07/27","凱基-台中",8,0,8
"10716","1540喬福","110/07/27","元大-斗六",0,10,-10
"10717","1540喬福","110/07/27","大慶-中壢",5,0,5
"10718","1540喬福","110/07/27","凱基-中港",0,9,-9
"10719","1540喬福","110/07/27","兆豐-北高雄",5,0,5
"10720","1540喬福","110/07/27","國票-中正",0,8,-8
"10721","1540喬福","110/07/27","兆豐-三民",5,0,5
"10722","1540喬福","110/07/27","臺銀-臺中",0,5,-5
"10723","1540喬福","110/07/27","台新-台中",5,0,5
"10724","1540喬福","110/07/27","元富-中原",0,5,-5
"10725","1540喬福","110/07/27","國票-九鼎",4,0,4
"10726","1540喬福","110/07/27","新光-桃園",0,5,-5
"10727","1540喬福","110/07/27","富邦-高雄",5,1,4
"10728","1540喬福","110/07/27","大昌-新竹",0,4,-4
"10729","1540喬福","110/07/27","永豐金-羅東",4,0,4
"10730","1540喬福","110/07/27","元大-員林中山",0,4,-4
"10731","1540喬福","110/07/27","台新證券",3,0,3
"10732","1540喬福","110/07/27","群益金鼎-瑞豐",0,3,-3
"10733","1540喬福","110/07/27","華南永昌-台中",3,0,3
"10734","1540喬福","110/07/27","凱基-台北",0,3,-3
"10735","1540喬福","110/07/27","富邦-台東",3,0,3
"10736","1540喬福","110/07/27","富邦-建國",0,3,-3
"10737","1540喬福","110/07/27","元大-台中中港",3,0,3
"10738","1540喬福","110/07/27","國票-北投",0,2,-2
"10739","1540喬福","110/07/27","亞東",2,0,2
"10740","1540喬福","110/07/27","元大-鳳山",0,2,-2
"10741","2888新光金","110/07/27","台灣摩根士丹利",11737,746,10991
"10742","2888新光金","110/07/27","玉山-城中",112,6002,-5890
"10743","2888新光金","110/07/27","美林",3692,417,3275
"10744","2888新光金","110/07/27","新加坡商瑞銀",120,5935,-5815
"10745","2888新光金","110/07/27","凱基-台北",4378,2713,1665
"10746","2888新光金","110/07/27","摩根大通",1586,7187,-5601
"10747","2888新光金","110/07/27","凱基-台南",1551,3,1548
"10748","2888新光金","110/07/27","富邦-建國",298,5641,-5343
"10749","2888新光金","110/07/27","台新證券",1494,124,1370
"10750","2888新光金","110/07/27","第一金-高雄",81,5014,-4933
"10751","2888新光金","110/07/27","新光",2434,1212,1222
"10752","2888新光金","110/07/27","瑞士信貸",191,4524,-4333
"10753","2888新光金","110/07/27","元大-四維",1246,25,1221
"10754","2888新光金","110/07/27","兆豐-鹿港",45,2632,-2587
"10755","2888新光金","110/07/27","富隆-長安",1070,0,1070
"10756","2888新光金","110/07/27","國票-彰化",3,1803,-1800
"10757","2888新光金","110/07/27","永豐金-萬盛",1052,0,1052
"10758","2888新光金","110/07/27","港商野村",0,1434,-1434
"10759","2888新光金","110/07/27","法銀巴黎",1116,120,996
"10760","2888新光金","110/07/27","統一-高雄",173,1511,-1338
"10761","2888新光金","110/07/27","凱基-竹科",853,4,849
"10762","2888新光金","110/07/27","群益金鼎-古亭",40,1202,-1162
"10763","2888新光金","110/07/27","元大-斗信",874,50,824
"10764","2888新光金","110/07/27","日盛-樹林",34,1034,-1000
"10765","2888新光金","110/07/27","日盛-景美",811,119,692
"10766","2888新光金","110/07/27","統一-土城",18,1000,-982
"10767","2888新光金","110/07/27","元富-世貿",568,2,566
"10768","2888新光金","110/07/27","元大-鹿港",125,1057,-932
"10769","2888新光金","110/07/27","日盛-雙和",567,2,565
"10770","2888新光金","110/07/27","新光-桃園",91,993,-902
"10771","1340勝悅","110/07/27","亞東-台中",15,0,15
"10772","1340勝悅","110/07/27","凱基-岡山",0,25,-25
"10773","1340勝悅","110/07/27","元大-路竹",15,0,15
"10774","1340勝悅","110/07/27","合庫-嘉義",0,14,-14
"10775","1340勝悅","110/07/27","臺銀-臺中",7,0,7
"10776","1340勝悅","110/07/27","元大-北港",0,14,-14
"10777","1340勝悅","110/07/27","台新-台中",7,0,7
"10778","1340勝悅","110/07/27","凱基-台北",0,12,-12
"10779","1340勝悅","110/07/27","元大-屏南",6,0,6
"10780","1340勝悅","110/07/27","兆豐-三民",0,7,-7
"10781","1340勝悅","110/07/27","臺灣企銀-埔墘",5,0,5
"10782","1340勝悅","110/07/27","華南永昌-台中",1,7,-6
"10783","1340勝悅","110/07/27","日盛-板橋",5,0,5
"10784","1340勝悅","110/07/27","日盛-信義",0,5,-5
"10785","1340勝悅","110/07/27","日盛-新莊",5,0,5
"10786","1340勝悅","110/07/27","德信-和平",0,5,-5
"10787","1340勝悅","110/07/27","臺銀-鳳山",4,0,4
"10788","1340勝悅","110/07/27","台新證券",0,5,-5
"10789","1340勝悅","110/07/27","玉山-城中",4,0,4
"10790","1340勝悅","110/07/27","新光-高雄",0,4,-4
"10791","1340勝悅","110/07/27","美商高盛",3,0,3
"10792","1340勝悅","110/07/27","瑞士信貸",0,2,-2
"10793","1340勝悅","110/07/27","(牛牛牛)亞-鑫豐",3,0,3
"10794","1340勝悅","110/07/27","港商野村",0,2,-2
"10795","1340勝悅","110/07/27","國票-長城",2,0,2
"10796","1340勝悅","110/07/27","台新-高雄",1,3,-2
"10797","1340勝悅","110/07/27","新光",2,0,2
"10798","1340勝悅","110/07/27","玉山證券",0,2,-2
"10799","1340勝悅","110/07/27","群益金鼎-館前",2,0,2
"10800","1340勝悅","110/07/27","玉山-南京東路",0,2,-2
"10801","6246臺龍","110/07/27","永豐金-桃園",135,0,135
"10802","6246臺龍","110/07/27","元大-木柵",0,59,-59
"10803","6246臺龍","110/07/27","港商野村",111,30,81
"10804","6246臺龍","110/07/27","日盛-景美",0,52,-52
"10805","6246臺龍","110/07/27","元大-西螺",31,0,31
"10806","6246臺龍","110/07/27","華南永昌-彰化",0,46,-46
"10807","6246臺龍","110/07/27","群益金鼎-鳳山",27,0,27
"10808","6246臺龍","110/07/27","兆豐-松德",0,43,-43
"10809","6246臺龍","110/07/27","永豐金-虎尾",27,0,27
"10810","6246臺龍","110/07/27","華南永昌-公誠",5,35,-30
"10811","6246臺龍","110/07/27","玉山-台南",28,2,26
"10812","6246臺龍","110/07/27","凱基-幸福",0,28,-28
"10813","6246臺龍","110/07/27","元大-西屯",25,0,25
"10814","6246臺龍","110/07/27","元富-安南",0,22,-22
"10815","6246臺龍","110/07/27","國泰-忠孝",23,0,23
"10816","6246臺龍","110/07/27","日盛-文化",0,20,-20
"10817","6246臺龍","110/07/27","元大-大里",21,0,21
"10818","6246臺龍","110/07/27","兆豐-寶成",0,20,-20
"10819","6246臺龍","110/07/27","兆豐-竹北",20,0,20
"10820","6246臺龍","110/07/27","華南永昌-虎尾",0,20,-20
"10821","6246臺龍","110/07/27","元大-員林",20,0,20
"10822","6246臺龍","110/07/27","永豐金-埔里",0,19,-19
"10823","6246臺龍","110/07/27","永豐金-敦南",20,0,20
"10824","6246臺龍","110/07/27","兆豐-新營",2,20,-18
"10825","6246臺龍","110/07/27","永豐金-羅東",23,5,18
"10826","6246臺龍","110/07/27","新光-台中",3,20,-17
"10827","6246臺龍","110/07/27","永豐金-桃盛",18,0,18
"10828","6246臺龍","110/07/27","凱基-市政",0,17,-17
"10829","6246臺龍","110/07/27","統一",16,0,16
"10830","6246臺龍","110/07/27","元大-蘆洲",0,16,-16
"10831","00715L期街口布蘭特正2","110/07/27","元大證券",10436,28,10408
"10832","00715L期街口布蘭特正2","110/07/27","元大-萬華",0,751,-751
"10833","00715L期街口布蘭特正2","110/07/27","凱基-台北",4269,129,4140
"10834","00715L期街口布蘭特正2","110/07/27","元大-大里德芳",0,734,-734
"10835","00715L期街口布蘭特正2","110/07/27","群益金鼎",3798,0,3798
"10836","00715L期街口布蘭特正2","110/07/27","新光",380,1105,-725
"10837","00715L期街口布蘭特正2","110/07/27","永豐金證券",2610,22,2588
"10838","00715L期街口布蘭特正2","110/07/27","(牛牛牛)亞-網路",10,697,-687
"10839","00715L期街口布蘭特正2","110/07/27","國票",2605,21,2584
"10840","00715L期街口布蘭特正2","110/07/27","日盛-新莊",5,550,-545
"10841","00715L期街口布蘭特正2","110/07/27","富邦證券",1522,0,1522
"10842","00715L期街口布蘭特正2","110/07/27","玉山-高雄",7,494,-487
"10843","00715L期街口布蘭特正2","110/07/27","合庫證券",1507,239,1268
"10844","00715L期街口布蘭特正2","110/07/27","華南永昌",1,471,-470
"10845","00715L期街口布蘭特正2","110/07/27","元富",1102,0,1102
"10846","00715L期街口布蘭特正2","110/07/27","華南永昌-竹北",0,469,-469
"10847","00715L期街口布蘭特正2","110/07/27","凱基",980,0,980
"10848","00715L期街口布蘭特正2","110/07/27","兆豐-嘉義",0,420,-420
"10849","00715L期街口布蘭特正2","110/07/27","國票-博愛",702,0,702
"10850","00715L期街口布蘭特正2","110/07/27","國票-九鼎",0,409,-409
"10851","00715L期街口布蘭特正2","110/07/27","統一",796,117,679
"10852","00715L期街口布蘭特正2","110/07/27","統一-高雄",0,405,-405
"10853","00715L期街口布蘭特正2","110/07/27","華南永昌-長虹",810,185,625
"10854","00715L期街口布蘭特正2","110/07/27","富邦-彰化",0,402,-402
"10855","00715L期街口布蘭特正2","110/07/27","港商野村",1076,494,582
"10856","00715L期街口布蘭特正2","110/07/27","元大-羅東",0,400,-400
"10857","00715L期街口布蘭特正2","110/07/27","永豐金-三重",500,16,484
"10858","00715L期街口布蘭特正2","110/07/27","富邦-高雄",0,398,-398
"10859","00715L期街口布蘭特正2","110/07/27","元大-敦化",420,0,420
"10860","00715L期街口布蘭特正2","110/07/27","新光-台中",17,391,-374
"10861","8941關中","110/07/27","富邦-仁愛",4,0,4
"10862","8941關中","110/07/27","光和-溪湖",0,2,-2
"10863","8941關中","110/07/27","日盛-新莊",1,0,1
"10864","8941關中","110/07/27","富邦-園區",0,2,-2
"10865","8941關中","110/07/27","台新-高雄",1,0,1
"10866","8941關中","110/07/27","合庫-高雄",0,1,-1
"10867","8941關中","110/07/27","元大-金華",1,0,1
"10868","8941關中","110/07/27","凱基-台北",0,1,-1
"10869","8941關中","110/07/27","臺銀-鳳山",0,0,0
"10870","8941關中","110/07/27","富邦-台東",0,1,-1
"10871","8941關中","110/07/27","日盛-花蓮",0,0,0
"10872","8941關中","110/07/27","臺銀-鳳山",0,0,0
"10873","8941關中","110/07/27","康和-板橋",0,0,0
"10874","8941關中","110/07/27","日盛-花蓮",0,0,0
"10875","8941關中","110/07/27","富邦-宜蘭",0,0,0
"10876","8941關中","110/07/27","康和-板橋",0,0,0
"10877","8941關中","110/07/27","元大-新竹經國",0,0,0
"10878","8941關中","110/07/27","富邦-宜蘭",0,0,0
"10879","8941關中","110/07/27","永豐金-萬盛",0,0,0
"10880","8941關中","110/07/27","元大-新竹經國",0,0,0
"10881","8941關中","110/07/27","永豐金-桃盛",0,0,0
"10882","8941關中","110/07/27","永豐金-萬盛",0,0,0
"10883","8941關中","110/07/27","",NA,NA,NA
"10884","8941關中","110/07/27","永豐金-桃盛",0,0,0
"10885","8941關中","110/07/27","",NA,NA,NA
"10886","8941關中","110/07/27","",NA,NA,NA
"10887","8941關中","110/07/27","",NA,NA,NA
"10888","8941關中","110/07/27","",NA,NA,NA
"10889","8941關中","110/07/27","",NA,NA,NA
"10890","8941關中","110/07/27","",NA,NA,NA
"10891","8936國統","110/07/27","日盛-景美",100,0,100
"10892","8936國統","110/07/27","摩根大通",115,220,-105
"10893","8936國統","110/07/27","大慶-蘆洲",90,0,90
"10894","8936國統","110/07/27","玉山-桃園",0,75,-75
"10895","8936國統","110/07/27","台新-建北",60,0,60
"10896","8936國統","110/07/27","凱基-台北",13,77,-64
"10897","8936國統","110/07/27","日盛-忠孝",40,1,39
"10898","8936國統","110/07/27","元富-大昌",2,50,-48
"10899","8936國統","110/07/27","新加坡商瑞銀",109,71,38
"10900","8936國統","110/07/27","華南永昌-台中",4,45,-41
"10901","8936國統","110/07/27","華南永昌",30,0,30
"10902","8936國統","110/07/27","新光-台中",26,66,-40
"10903","8936國統","110/07/27","兆豐-來福",29,0,29
"10904","8936國統","110/07/27","台灣摩根士丹利",20,54,-34
"10905","8936國統","110/07/27","元大-旗山",28,0,28
"10906","8936國統","110/07/27","元大-東蘆",0,34,-34
"10907","8936國統","110/07/27","元大-松江",27,0,27
"10908","8936國統","110/07/27","富邦-仁愛",1,34,-33
"10909","8936國統","110/07/27","新光",41,19,22
"10910","8936國統","110/07/27","凱基-板橋",0,31,-31
"10911","8936國統","110/07/27","元富-林園",20,0,20
"10912","8936國統","110/07/27","凱基-信義",0,30,-30
"10913","8936國統","110/07/27","玉山-高雄",20,0,20
"10914","8936國統","110/07/27","瑞士信貸",1,30,-29
"10915","8936國統","110/07/27","凱基-桃園",23,3,20
"10916","8936國統","110/07/27","元大-花蓮",2,24,-22
"10917","8936國統","110/07/27","永豐金-永康",20,0,20
"10918","8936國統","110/07/27","元富-緯城",0,20,-20
"10919","8936國統","110/07/27","日盛-屏東",23,4,19
"10920","8936國統","110/07/27","群益金鼎-宜蘭",0,20,-20
"10921","6226光鼎","110/07/27","第一金-忠孝",405,4,401
"10922","6226光鼎","110/07/27","華南永昌-台南",5,240,-235
"10923","6226光鼎","110/07/27","台新-台中",272,75,197
"10924","6226光鼎","110/07/27","大慶-泰山",0,201,-201
"10925","6226光鼎","110/07/27","凱基-和平",155,7,148
"10926","6226光鼎","110/07/27","富邦-員林",2,151,-149
"10927","6226光鼎","110/07/27","新加坡商瑞銀",133,0,133
"10928","6226光鼎","110/07/27","群益金鼎-東大",23,165,-142
"10929","6226光鼎","110/07/27","統一-敦南",126,3,123
"10930","6226光鼎","110/07/27","元大-景美",3,132,-129
"10931","6226光鼎","110/07/27","台灣摩根士丹利",129,8,121
"10932","6226光鼎","110/07/27","台新-高雄",84,186,-102
"10933","6226光鼎","110/07/27","統一-新竹",117,1,116
"10934","6226光鼎","110/07/27","合庫證券",27,121,-94
"10935","6226光鼎","110/07/27","日盛證券",122,13,109
"10936","6226光鼎","110/07/27","致和-佳里",5,81,-76
"10937","6226光鼎","110/07/27","元大-潮州",101,1,100
"10938","6226光鼎","110/07/27","永豐金-南投",3,77,-74
"10939","6226光鼎","110/07/27","國泰-敦南",232,145,87
"10940","6226光鼎","110/07/27","台新-新莊",1,57,-56
"10941","6226光鼎","110/07/27","摩根大通",86,0,86
"10942","6226光鼎","110/07/27","日盛-中壢",11,64,-53
"10943","6226光鼎","110/07/27","元富",80,0,80
"10944","6226光鼎","110/07/27","日進",11,63,-52
"10945","6226光鼎","110/07/27","華南永昌-嘉義",80,1,79
"10946","6226光鼎","110/07/27","高橋",13,64,-51
"10947","6226光鼎","110/07/27","元大-高雄",70,3,67
"10948","6226光鼎","110/07/27","元大-土城",1,52,-51
"10949","6226光鼎","110/07/27","華南永昌",82,21,61
"10950","6226光鼎","110/07/27","華南永昌-林口",11,60,-49
"10951","2363矽統","110/07/27","國泰-敦南",541,118,423
"10952","2363矽統","110/07/27","摩根大通",317,1405,-1088
"10953","2363矽統","110/07/27","台新證券",564,333,231
"10954","2363矽統","110/07/27","美林",210,1095,-885
"10955","2363矽統","110/07/27","元大-沙鹿",196,9,187
"10956","2363矽統","110/07/27","港商野村",275,1065,-790
"10957","2363矽統","110/07/27","新光",300,151,149
"10958","2363矽統","110/07/27","凱基-台北",518,1192,-674
"10959","2363矽統","110/07/27","華南永昌-台南",108,3,105
"10960","2363矽統","110/07/27","新加坡商瑞銀",213,703,-490
"10961","2363矽統","110/07/27","華南永昌-朴子",140,43,97
"10962","2363矽統","110/07/27","富邦-南屯",6,272,-266
"10963","2363矽統","110/07/27","華南永昌-公誠",109,13,96
"10964","2363矽統","110/07/27","美商高盛",31,233,-202
"10965","2363矽統","110/07/27","元富-松德",95,1,94
"10966","2363矽統","110/07/27","元大證券",38,235,-197
"10967","2363矽統","110/07/27","中國信託-永康",102,8,94
"10968","2363矽統","110/07/27","永豐金證券",15,201,-186
"10969","2363矽統","110/07/27","台新-三民",111,21,90
"10970","2363矽統","110/07/27","亞東",46,206,-160
"10971","2363矽統","110/07/27","凱基-中港",85,3,82
"10972","2363矽統","110/07/27","群益金鼎",21,169,-148
"10973","2363矽統","110/07/27","元富-烏日",87,6,81
"10974","2363矽統","110/07/27","第一金-嘉義",0,100,-100
"10975","2363矽統","110/07/27","富邦-台北",135,56,79
"10976","2363矽統","110/07/27","凱基-彰化",9,100,-91
"10977","2363矽統","110/07/27","元大-復北",81,12,69
"10978","2363矽統","110/07/27","元富-佳里",27,97,-70
"10979","2363矽統","110/07/27","中國信託-忠孝",94,26,68
"10980","2363矽統","110/07/27","合庫-桃園",8,76,-68
"10981","8112至上","110/07/27","凱基-竹科",300,10,290
"10982","8112至上","110/07/27","凱基-三重",1,501,-500
"10983","8112至上","110/07/27","台灣摩根士丹利",271,49,222
"10984","8112至上","110/07/27","美林",21,339,-318
"10985","8112至上","110/07/27","摩根大通",488,427,61
"10986","8112至上","110/07/27","凱基-台北",423,615,-192
"10987","8112至上","110/07/27","香港上海匯豐",61,0,61
"10988","8112至上","110/07/27","港商野村",83,183,-100
"10989","8112至上","110/07/27","日盛證券",62,4,58
"10990","8112至上","110/07/27","永豐金-台南",2,79,-77
"10991","8112至上","110/07/27","元大-基隆孝二",52,0,52
"10992","8112至上","110/07/27","福邦證券",0,71,-71
"10993","8112至上","110/07/27","永豐金-中正",59,7,52
"10994","8112至上","110/07/27","兆豐-天母",0,50,-50
"10995","8112至上","110/07/27","群益金鼎-高盛",47,0,47
"10996","8112至上","110/07/27","元富-林園",3,52,-49
"10997","8112至上","110/07/27","永豐金-內湖",47,0,47
"10998","8112至上","110/07/27","永豐金-苓雅",1,50,-49
"10999","8112至上","110/07/27","富邦-台北",45,5,40
"11000","8112至上","110/07/27","元大-新莊",9,53,-44
"11001","8112至上","110/07/27","台新證券",78,39,39
"11002","8112至上","110/07/27","第一金-路竹",20,57,-37
"11003","8112至上","110/07/27","新光-台中",44,7,37
"11004","8112至上","110/07/27","新光-桃園",2,36,-34
"11005","8112至上","110/07/27","元大-羅東",38,1,37
"11006","8112至上","110/07/27","元大-東港",0,27,-27
"11007","8112至上","110/07/27","新光",101,65,36
"11008","8112至上","110/07/27","國泰-松江",2,28,-26
"11009","8112至上","110/07/27","元大-新竹",63,28,35
"11010","8112至上","110/07/27","群益金鼎-潭子",2,28,-26
"11011","1570力肯","110/07/27","國票-北高雄",7,0,7
"11012","1570力肯","110/07/27","元大-高雄",0,16,-16
"11013","1570力肯","110/07/27","富邦-陽明",5,0,5
"11014","1570力肯","110/07/27","國票-新莊",0,5,-5
"11015","1570力肯","110/07/27","元大-民雄",3,0,3
"11016","1570力肯","110/07/27","凱基-台北",0,5,-5
"11017","1570力肯","110/07/27","凱基-大里",3,0,3
"11018","1570力肯","110/07/27","美林",0,2,-2
"11019","1570力肯","110/07/27","凱基-長庚",3,0,3
"11020","1570力肯","110/07/27","富邦-南屯",0,2,-2
"11021","1570力肯","110/07/27","元大-新莊",2,0,2
"11022","1570力肯","110/07/27","元大-南崁",0,2,-2
"11023","1570力肯","110/07/27","大昌-樹林",2,0,2
"11024","1570力肯","110/07/27","元大-板橋",0,2,-2
"11025","1570力肯","110/07/27","台新-台中",2,0,2
"11026","1570力肯","110/07/27","新光",0,1,-1
"11027","1570力肯","110/07/27","新光-新竹",2,0,2
"11028","1570力肯","110/07/27","國泰-板橋",0,1,-1
"11029","1570力肯","110/07/27","富邦-左營",2,0,2
"11030","1570力肯","110/07/27","凱基-鳳山",0,1,-1
"11031","1570力肯","110/07/27","群益金鼎-土城",1,0,1
"11032","1570力肯","110/07/27","(牛牛牛)亞-鑫豐",2,2,0
"11033","1570力肯","110/07/27","凱基-竹東",1,0,1
"11034","1570力肯","110/07/27","元大-新盛",1,1,0
"11035","1570力肯","110/07/27","日盛-員林",1,0,1
"11036","1570力肯","110/07/27","",NA,NA,NA
"11037","1570力肯","110/07/27","玉山-板橋",1,0,1
"11038","1570力肯","110/07/27","",NA,NA,NA
"11039","1570力肯","110/07/27","元富-同大",1,0,1
"11040","1570力肯","110/07/27","",NA,NA,NA
"11041","2929淘帝","110/07/27","元大-民生",28,0,28
"11042","2929淘帝","110/07/27","元大-鳳山",0,20,-20
"11043","2929淘帝","110/07/27","臺銀-民權",18,0,18
"11044","2929淘帝","110/07/27","港商野村",1,18,-17
"11045","2929淘帝","110/07/27","合庫-高雄",13,0,13
"11046","2929淘帝","110/07/27","玉山-板橋",0,15,-15
"11047","2929淘帝","110/07/27","永興-水湳",10,0,10
"11048","2929淘帝","110/07/27","美林",0,10,-10
"11049","2929淘帝","110/07/27","富邦-陽明",10,0,10
"11050","2929淘帝","110/07/27","凱基-八德",0,10,-10
"11051","2929淘帝","110/07/27","元大-中和",10,0,10
"11052","2929淘帝","110/07/27","永豐金證券",0,9,-9
"11053","2929淘帝","110/07/27","國泰-館前",6,0,6
"11054","2929淘帝","110/07/27","新加坡商瑞銀",10,18,-8
"11055","2929淘帝","110/07/27","富邦-內湖",6,0,6
"11056","2929淘帝","110/07/27","富邦-台北",0,8,-8
"11057","2929淘帝","110/07/27","合庫-台南",5,0,5
"11058","2929淘帝","110/07/27","宏遠-台中",0,7,-7
"11059","2929淘帝","110/07/27","凱基-東門",5,0,5
"11060","2929淘帝","110/07/27","元富-潮州",0,7,-7
"11061","2929淘帝","110/07/27","元大-大益",5,0,5
"11062","2929淘帝","110/07/27","群益金鼎-延平",0,6,-6
"11063","2929淘帝","110/07/27","元大-屏南",5,0,5
"11064","2929淘帝","110/07/27","元大-文心",0,6,-6
"11065","2929淘帝","110/07/27","永豐金-板盛",5,0,5
"11066","2929淘帝","110/07/27","永豐金-中壢",0,6,-6
"11067","2929淘帝","110/07/27","臺銀",4,0,4
"11068","2929淘帝","110/07/27","美商高盛",0,5,-5
"11069","2929淘帝","110/07/27","永豐金-市政",4,0,4
"11070","2929淘帝","110/07/27","兆豐-南門",0,5,-5
"11071","5410國眾","110/07/27","摩根大通",47,0,47
"11072","5410國眾","110/07/27","元富-嘉義",0,48,-48
"11073","5410國眾","110/07/27","兆豐-城中",43,0,43
"11074","5410國眾","110/07/27","統一-平鎮",0,20,-20
"11075","5410國眾","110/07/27","香港上海匯豐",36,0,36
"11076","5410國眾","110/07/27","元大-大益",0,18,-18
"11077","5410國眾","110/07/27","港商麥格理",26,0,26
"11078","5410國眾","110/07/27","凱基-台北",0,16,-16
"11079","5410國眾","110/07/27","元富-大昌",21,0,21
"11080","5410國眾","110/07/27","凱基-站前",0,15,-15
"11081","5410國眾","110/07/27","元富-四維",20,0,20
"11082","5410國眾","110/07/27","元大-南勢角",0,13,-13
"11083","5410國眾","110/07/27","新光-台中",20,0,20
"11084","5410國眾","110/07/27","日盛-忠孝",0,11,-11
"11085","5410國眾","110/07/27","統一-金門",15,0,15
"11086","5410國眾","110/07/27","玉山-板橋",0,11,-11
"11087","5410國眾","110/07/27","玉山-高雄",15,0,15
"11088","5410國眾","110/07/27","元大-崇德",0,11,-11
"11089","5410國眾","110/07/27","凱基-竹北",15,0,15
"11090","5410國眾","110/07/27","元大-大天母",0,11,-11
"11091","5410國眾","110/07/27","元大-新莊",14,1,13
"11092","5410國眾","110/07/27","元富-松德",0,10,-10
"11093","5410國眾","110/07/27","華南永昌-中正",14,4,10
"11094","5410國眾","110/07/27","豐農",0,10,-10
"11095","5410國眾","110/07/27","元大-屏南",10,0,10
"11096","5410國眾","110/07/27","新光-新竹",0,10,-10
"11097","5410國眾","110/07/27","元大-中和",10,0,10
"11098","5410國眾","110/07/27","凱基-虎尾",0,10,-10
"11099","5410國眾","110/07/27","台新證券",10,1,9
"11100","5410國眾","110/07/27","元大-善化",0,10,-10
"11101","2841台開","110/07/27","日盛證券",620,0,620
"11102","2841台開","110/07/27","玉山-新竹",0,312,-312
"11103","2841台開","110/07/27","永豐金-豐原",65,0,65
"11104","2841台開","110/07/27","港商野村",0,216,-216
"11105","2841台開","110/07/27","元大-南投",50,0,50
"11106","2841台開","110/07/27","永興-水湳",0,90,-90
"11107","2841台開","110/07/27","台灣摩根士丹利",40,0,40
"11108","2841台開","110/07/27","凱基-興隆",0,64,-64
"11109","2841台開","110/07/27","玉山-高雄",29,0,29
"11110","2841台開","110/07/27","美林",0,30,-30
"11111","2841台開","110/07/27","第一金-台中",20,0,20
"11112","2841台開","110/07/27","國泰-松江",5,35,-30
"11113","2841台開","110/07/27","凱基-市政",20,0,20
"11114","2841台開","110/07/27","台新-左楠",0,25,-25
"11115","2841台開","110/07/27","群益金鼎-大甲",18,1,17
"11116","2841台開","110/07/27","大昌-樹林",0,20,-20
"11117","2841台開","110/07/27","台中銀",16,1,15
"11118","2841台開","110/07/27","富邦-仁愛",0,20,-20
"11119","2841台開","110/07/27","國泰-板橋",12,0,12
"11120","2841台開","110/07/27","致和-南京",0,16,-16
"11121","2841台開","110/07/27","群益金鼎-基隆",10,0,10
"11122","2841台開","110/07/27","凱基-台北",2,16,-14
"11123","2841台開","110/07/27","華南永昌-新莊",10,0,10
"11124","2841台開","110/07/27","日盛-台南",0,10,-10
"11125","2841台開","110/07/27","元大-福營",10,0,10
"11126","2841台開","110/07/27","國票-台東",0,10,-10
"11127","2841台開","110/07/27","元大-歸仁",10,0,10
"11128","2841台開","110/07/27","台新-台中",5,15,-10
"11129","2841台開","110/07/27","中國信託-文心",5,0,5
"11130","2841台開","110/07/27","凱基-台中",0,10,-10
"11131","6207雷科","110/07/27","摩根大通",249,119,130
"11132","6207雷科","110/07/27","永豐金-台南",2,82,-80
"11133","6207雷科","110/07/27","群益金鼎-丹鳳",70,0,70
"11134","6207雷科","110/07/27","永豐金-內湖",39,109,-70
"11135","6207雷科","110/07/27","群益金鼎-東門",42,0,42
"11136","6207雷科","110/07/27","新加坡商瑞銀",22,76,-54
"11137","6207雷科","110/07/27","永豐金-敦南",38,4,34
"11138","6207雷科","110/07/27","新光-高雄",4,57,-53
"11139","6207雷科","110/07/27","凱基-復興",30,0,30
"11140","6207雷科","110/07/27","瑞士信貸",0,40,-40
"11141","6207雷科","110/07/27","元大-東門",30,0,30
"11142","6207雷科","110/07/27","凱基-高雄",4,43,-39
"11143","6207雷科","110/07/27","大昌-桃園",33,8,25
"11144","6207雷科","110/07/27","華南永昌-高雄",4,40,-36
"11145","6207雷科","110/07/27","富邦-虎尾",24,0,24
"11146","6207雷科","110/07/27","新光",11,44,-33
"11147","6207雷科","110/07/27","凱基-羅東",24,2,22
"11148","6207雷科","110/07/27","日盛-板橋中山",0,29,-29
"11149","6207雷科","110/07/27","群益金鼎-延平",21,0,21
"11150","6207雷科","110/07/27","元大-六合",3,30,-27
"11151","6207雷科","110/07/27","群益金鼎-屏東",20,0,20
"11152","6207雷科","110/07/27","中國信託-新竹",7,33,-26
"11153","6207雷科","110/07/27","永豐金-埔里",20,0,20
"11154","6207雷科","110/07/27","元富-城中",0,23,-23
"11155","6207雷科","110/07/27","康和-延平",21,3,18
"11156","6207雷科","110/07/27","元大-大雅",2,20,-18
"11157","6207雷科","110/07/27","群益金鼎-中壢",20,2,18
"11158","6207雷科","110/07/27","永豐金-新莊",2,20,-18
"11159","6207雷科","110/07/27","宏遠證券",31,15,16
"11160","6207雷科","110/07/27","富邦-台中",5,21,-16
"11161","3679新至陞","110/07/27","凱基-市政",25,0,25
"11162","3679新至陞","110/07/27","瑞士信貸",0,13,-13
"11163","3679新至陞","110/07/27","兆豐-高雄",10,0,10
"11164","3679新至陞","110/07/27","元大-天母",0,9,-9
"11165","3679新至陞","110/07/27","光和-溪湖",8,0,8
"11166","3679新至陞","110/07/27","元大-彰化民生",0,6,-6
"11167","3679新至陞","110/07/27","臺銀-新竹",7,0,7
"11168","3679新至陞","110/07/27","康和-澎湖",2,7,-5
"11169","3679新至陞","110/07/27","新加坡商瑞銀",7,0,7
"11170","3679新至陞","110/07/27","聯邦-大業",0,5,-5
"11171","3679新至陞","110/07/27","永豐金-板橋",6,0,6
"11172","3679新至陞","110/07/27","元大-成功",0,5,-5
"11173","3679新至陞","110/07/27","宏遠-光隆",5,0,5
"11174","3679新至陞","110/07/27","康和-板橋",0,4,-4
"11175","3679新至陞","110/07/27","統一",5,0,5
"11176","3679新至陞","110/07/27","凱基-新豐",0,4,-4
"11177","3679新至陞","110/07/27","統一-新竹",5,0,5
"11178","3679新至陞","110/07/27","統一-高雄",0,3,-3
"11179","3679新至陞","110/07/27","元富-松德",5,0,5
"11180","3679新至陞","110/07/27","統一-新台中",0,3,-3
"11181","3679新至陞","110/07/27","元大-淡水",5,0,5
"11182","3679新至陞","110/07/27","元富-安南",0,3,-3
"11183","3679新至陞","110/07/27","日盛證券",4,0,4
"11184","3679新至陞","110/07/27","國票-北高雄",0,3,-3
"11185","3679新至陞","110/07/27","國泰-板橋",4,0,4
"11186","3679新至陞","110/07/27","玉山-新莊",0,3,-3
"11187","3679新至陞","110/07/27","(牛牛牛)亞-網路",3,0,3
"11188","3679新至陞","110/07/27","凱基-屏東",0,3,-3
"11189","3679新至陞","110/07/27","國票-九鼎",3,0,3
"11190","3679新至陞","110/07/27","台灣摩根士丹利",0,2,-2
"11191","2727王品","110/07/27","台灣摩根士丹利",103,12,91
"11192","2727王品","110/07/27","元大-彰化民生",11,420,-409
"11193","2727王品","110/07/27","華南永昌-麻豆",33,0,33
"11194","2727王品","110/07/27","美商高盛",0,247,-247
"11195","2727王品","110/07/27","元大-龍潭",31,1,30
"11196","2727王品","110/07/27","華南永昌",7,193,-186
"11197","2727王品","110/07/27","國泰-敦南",38,11,27
"11198","2727王品","110/07/27","花旗環球",0,86,-86
"11199","2727王品","110/07/27","群益金鼎-基隆",27,1,26
"11200","2727王品","110/07/27","凱基-台北",81,139,-58
"11201","2727王品","110/07/27","富邦-台中",26,0,26
"11202","2727王品","110/07/27","元大證券",23,64,-41
"11203","2727王品","110/07/27","元富",31,6,25
"11204","2727王品","110/07/27","瑞士信貸",0,37,-37
"11205","2727王品","110/07/27","元大-桃園",25,0,25
"11206","2727王品","110/07/27","富邦-建國",8,35,-27
"11207","2727王品","110/07/27","凱基-大直",21,1,20
"11208","2727王品","110/07/27","凱基-埔墘",6,29,-23
"11209","2727王品","110/07/27","日盛-士林",16,0,16
"11210","2727王品","110/07/27","美林",5,26,-21
"11211","2727王品","110/07/27","國票-敦北法人",17,1,16
"11212","2727王品","110/07/27","港商野村",12,30,-18
"11213","2727王品","110/07/27","群益金鼎-高雄",16,0,16
"11214","2727王品","110/07/27","華南永昌-林口",3,21,-18
"11215","2727王品","110/07/27","永豐金-忠孝",18,2,16
"11216","2727王品","110/07/27","彰銀-台中",4,20,-16
"11217","2727王品","110/07/27","臺銀-高雄",16,1,15
"11218","2727王品","110/07/27","統一",3,17,-14
"11219","2727王品","110/07/27","台新-台中",18,3,15
"11220","2727王品","110/07/27","富邦-新竹華信",2,15,-13
"11221","1570力肯","110/07/27","國票-北高雄",7,0,7
"11222","1570力肯","110/07/27","元大-高雄",0,16,-16
"11223","1570力肯","110/07/27","富邦-陽明",5,0,5
"11224","1570力肯","110/07/27","國票-新莊",0,5,-5
"11225","1570力肯","110/07/27","元大-民雄",3,0,3
"11226","1570力肯","110/07/27","凱基-台北",0,5,-5
"11227","1570力肯","110/07/27","凱基-大里",3,0,3
"11228","1570力肯","110/07/27","美林",0,2,-2
"11229","1570力肯","110/07/27","凱基-長庚",3,0,3
"11230","1570力肯","110/07/27","富邦-南屯",0,2,-2
"11231","1570力肯","110/07/27","元大-新莊",2,0,2
"11232","1570力肯","110/07/27","元大-南崁",0,2,-2
"11233","1570力肯","110/07/27","大昌-樹林",2,0,2
"11234","1570力肯","110/07/27","元大-板橋",0,2,-2
"11235","1570力肯","110/07/27","台新-台中",2,0,2
"11236","1570力肯","110/07/27","新光",0,1,-1
"11237","1570力肯","110/07/27","新光-新竹",2,0,2
"11238","1570力肯","110/07/27","國泰-板橋",0,1,-1
"11239","1570力肯","110/07/27","富邦-左營",2,0,2
"11240","1570力肯","110/07/27","凱基-鳳山",0,1,-1
"11241","1570力肯","110/07/27","群益金鼎-土城",1,0,1
"11242","1570力肯","110/07/27","(牛牛牛)亞-鑫豐",2,2,0
"11243","1570力肯","110/07/27","凱基-竹東",1,0,1
"11244","1570力肯","110/07/27","元大-新盛",1,1,0
"11245","1570力肯","110/07/27","日盛-員林",1,0,1
"11246","1570力肯","110/07/27","",NA,NA,NA
"11247","1570力肯","110/07/27","玉山-板橋",1,0,1
"11248","1570力肯","110/07/27","",NA,NA,NA
"11249","1570力肯","110/07/27","元富-同大",1,0,1
"11250","1570力肯","110/07/27","",NA,NA,NA
"11251","6180橘子","110/07/27","新加坡商瑞銀",166,24,142
"11252","6180橘子","110/07/27","花旗環球",31,87,-56
"11253","6180橘子","110/07/27","彰銀-台中",50,1,49
"11254","6180橘子","110/07/27","凱基-台北",53,108,-55
"11255","6180橘子","110/07/27","日盛-文化",48,8,40
"11256","6180橘子","110/07/27","新光",39,81,-42
"11257","6180橘子","110/07/27","美林",39,0,39
"11258","6180橘子","110/07/27","富邦-台北",1,25,-24
"11259","6180橘子","110/07/27","元大-草屯",54,17,37
"11260","6180橘子","110/07/27","第一金-員林",0,22,-22
"11261","6180橘子","110/07/27","美商高盛",35,1,34
"11262","6180橘子","110/07/27","富邦-新竹華信",7,28,-21
"11263","6180橘子","110/07/27","元大-上新莊",32,0,32
"11264","6180橘子","110/07/27","凱基-中山",5,24,-19
"11265","6180橘子","110/07/27","台灣摩根士丹利",30,0,30
"11266","6180橘子","110/07/27","國泰-敦南",22,37,-15
"11267","6180橘子","110/07/27","摩根大通",49,21,28
"11268","6180橘子","110/07/27","合庫-自強",2,16,-14
"11269","6180橘子","110/07/27","兆豐-大同",30,4,26
"11270","6180橘子","110/07/27","大昌-安康",1,14,-13
"11271","6180橘子","110/07/27","元大-羅東",21,0,21
"11272","6180橘子","110/07/27","高橋",0,11,-11
"11273","6180橘子","110/07/27","日盛-頭份",16,0,16
"11274","6180橘子","110/07/27","土銀-新竹",0,10,-10
"11275","6180橘子","110/07/27","瑞士信貸",24,8,16
"11276","6180橘子","110/07/27","兆豐-麻豆",0,10,-10
"11277","6180橘子","110/07/27","群益金鼎-士林",15,0,15
"11278","6180橘子","110/07/27","康和-永和",0,10,-10
"11279","6180橘子","110/07/27","永豐金-南京",15,1,14
"11280","6180橘子","110/07/27","永豐金-竹科",2,12,-10
"11281","2390云辰","110/07/27","凱基-基隆",207,3,204
"11282","2390云辰","110/07/27","凱基-台北",248,732,-484
"11283","2390云辰","110/07/27","摩根大通",730,560,170
"11284","2390云辰","110/07/27","美林",17,218,-201
"11285","2390云辰","110/07/27","華南永昌-中正",182,43,139
"11286","2390云辰","110/07/27","港商野村",85,277,-192
"11287","2390云辰","110/07/27","兆豐-北高雄",124,1,123
"11288","2390云辰","110/07/27","玉山-新莊",4,87,-83
"11289","2390云辰","110/07/27","元大-信義",108,5,103
"11290","2390云辰","110/07/27","新光",96,163,-67
"11291","2390云辰","110/07/27","富邦-陽明",94,22,72
"11292","2390云辰","110/07/27","新光-新竹",7,74,-67
"11293","2390云辰","110/07/27","日盛證券",140,71,69
"11294","2390云辰","110/07/27","富邦-左營",46,107,-61
"11295","2390云辰","110/07/27","第一金-豐原",56,0,56
"11296","2390云辰","110/07/27","大昌-新店",9,64,-55
"11297","2390云辰","110/07/27","統一-新台中",67,22,45
"11298","2390云辰","110/07/27","日盛-和美",28,81,-53
"11299","2390云辰","110/07/27","元大-復北",47,2,45
"11300","2390云辰","110/07/27","元大-台南",3,54,-51
"11301","2390云辰","110/07/27","富邦-建國",54,10,44
"11302","2390云辰","110/07/27","元富-世貿",10,60,-50
"11303","2390云辰","110/07/27","兆豐-桃鶯",46,5,41
"11304","2390云辰","110/07/27","華南永昌-鳳山",41,90,-49
"11305","2390云辰","110/07/27","富邦-中壢",45,4,41
"11306","2390云辰","110/07/27","聯邦商銀",6,52,-46
"11307","2390云辰","110/07/27","富邦-新竹華信",46,11,35
"11308","2390云辰","110/07/27","合庫-高雄",7,50,-43
"11309","2390云辰","110/07/27","第一金-華江",30,2,28
"11310","2390云辰","110/07/27","瑞士信貸",0,42,-42
"11311","2363矽統","110/07/26","凱基-台北",1994,468,1526
"11312","2363矽統","110/07/26","富邦-南屯",5,375,-370
"11313","2363矽統","110/07/26","新加坡商瑞銀",1537,208,1329
"11314","2363矽統","110/07/26","聯邦-興中",0,203,-203
"11315","2363矽統","110/07/26","摩根大通",2033,997,1036
"11316","2363矽統","110/07/26","台新證券",427,622,-195
"11317","2363矽統","110/07/26","瑞士信貸",930,0,930
"11318","2363矽統","110/07/26","元大-鳳中",10,203,-193
"11319","2363矽統","110/07/26","美林",985,76,909
"11320","2363矽統","110/07/26","國泰-板橋",69,209,-140
"11321","2363矽統","110/07/26","港商野村",1072,282,790
"11322","2363矽統","110/07/26","北城證券",6,132,-126
"11323","2363矽統","110/07/26","美商高盛",711,7,704
"11324","2363矽統","110/07/26","華南永昌-朴子",30,152,-122
"11325","2363矽統","110/07/26","新光",570,278,292
"11326","2363矽統","110/07/26","台新-台中",27,145,-118
"11327","2363矽統","110/07/26","台新-台南",244,39,205
"11328","2363矽統","110/07/26","群益金鼎-萬華",13,128,-115
"11329","2363矽統","110/07/26","元大證券",243,52,191
"11330","2363矽統","110/07/26","日盛-樹林",7,116,-109
"11331","2363矽統","110/07/26","永豐金證券",189,27,162
"11332","2363矽統","110/07/26","群益金鼎-屏東",200,303,-103
"11333","2363矽統","110/07/26","元大-楊梅",177,16,161
"11334","2363矽統","110/07/26","元大-潮州",6,102,-96
"11335","2363矽統","110/07/26","群益金鼎",158,21,137
"11336","2363矽統","110/07/26","新光-桃園",22,117,-95
"11337","2363矽統","110/07/26","元富-城東",107,8,99
"11338","2363矽統","110/07/26","凱基-和平",45,140,-95
"11339","2363矽統","110/07/26","日盛-雙和",109,14,95
"11340","2363矽統","110/07/26","合庫-台南",5,95,-90
"11341","8112至上","110/07/26","摩根大通",1728,41,1687
"11342","8112至上","110/07/26","玉山-左營",3,600,-597
"11343","8112至上","110/07/26","台灣摩根士丹利",408,10,398
"11344","8112至上","110/07/26","凱基-三重",1,527,-526
"11345","8112至上","110/07/26","凱基-台北",693,311,382
"11346","8112至上","110/07/26","中國信託-忠孝",0,103,-103
"11347","8112至上","110/07/26","港商法國興業",376,1,375
"11348","8112至上","110/07/26","凱基-站前",7,105,-98
"11349","8112至上","110/07/26","美商高盛",172,26,146
"11350","8112至上","110/07/26","國票-中港",0,96,-96
"11351","8112至上","110/07/26","新加坡商瑞銀",201,69,132
"11352","8112至上","110/07/26","兆豐-公益",3,84,-81
"11353","8112至上","110/07/26","美林",192,62,130
"11354","8112至上","110/07/26","玉山證券",2,65,-63
"11355","8112至上","110/07/26","港商野村",142,58,84
"11356","8112至上","110/07/26","統一-台中",1,62,-61
"11357","8112至上","110/07/26","凱基-永和",75,0,75
"11358","8112至上","110/07/26","富邦-陽明",3,60,-57
"11359","8112至上","110/07/26","凱基-竹科",65,2,63
"11360","8112至上","110/07/26","新光-新竹",86,141,-55
"11361","8112至上","110/07/26","華南永昌-敦南",63,1,62
"11362","8112至上","110/07/26","富邦-台北",2,57,-55
"11363","8112至上","110/07/26","兆豐-天母",50,0,50
"11364","8112至上","110/07/26","玉山-板橋",2,51,-49
"11365","8112至上","110/07/26","新光-桃園",57,11,46
"11366","8112至上","110/07/26","台新-新營",6,47,-41
"11367","8112至上","110/07/26","光和",35,1,34
"11368","8112至上","110/07/26","元大-虎尾",4,42,-38
"11369","8112至上","110/07/26","華南永昌-新莊",31,3,28
"11370","8112至上","110/07/26","日盛-新竹",1,38,-37
"11371","1570力肯","110/07/26","元大-民雄",10,0,10
"11372","1570力肯","110/07/26","元大-高雄",0,33,-33
"11373","1570力肯","110/07/26","新光-台中",10,1,9
"11374","1570力肯","110/07/26","日盛-宜蘭",0,8,-8
"11375","1570力肯","110/07/26","富邦-陽明",9,0,9
"11376","1570力肯","110/07/26","美林",0,5,-5
"11377","1570力肯","110/07/26","大慶-蘆洲",8,0,8
"11378","1570力肯","110/07/26","凱基-永康",0,5,-5
"11379","1570力肯","110/07/26","福勝",8,0,8
"11380","1570力肯","110/07/26","台新證券",0,4,-4
"11381","1570力肯","110/07/26","凱基-桃園",7,0,7
"11382","1570力肯","110/07/26","元大-汐止",0,4,-4
"11383","1570力肯","110/07/26","中國信託-永康",3,0,3
"11384","1570力肯","110/07/26","元大-桃興",0,3,-3
"11385","1570力肯","110/07/26","兆豐-台中港",3,0,3
"11386","1570力肯","110/07/26","元富-吉利",0,2,-2
"11387","1570力肯","110/07/26","國票-北高雄",3,0,3
"11388","1570力肯","110/07/26","國泰-板橋",0,2,-2
"11389","1570力肯","110/07/26","富邦-員林",3,0,3
"11390","1570力肯","110/07/26","元大-台中",0,2,-2
"11391","1570力肯","110/07/26","瑞士信貸",2,0,2
"11392","1570力肯","110/07/26","元大-西螺",0,2,-2
"11393","1570力肯","110/07/26","大昌-樹林",2,0,2
"11394","1570力肯","110/07/26","元大-苑裡",0,2,-2
"11395","1570力肯","110/07/26","兆豐-忠孝",2,0,2
"11396","1570力肯","110/07/26","合庫-三重",0,1,-1
"11397","1570力肯","110/07/26","新光",2,0,2
"11398","1570力肯","110/07/26","臺銀-臺南",0,1,-1
"11399","1570力肯","110/07/26","凱基-台北",2,0,2
"11400","1570力肯","110/07/26","元富-永和",0,1,-1
"11401","2929淘帝","110/07/26","合庫-高雄",47,0,47
"11402","2929淘帝","110/07/26","港商野村",11,42,-31
"11403","2929淘帝","110/07/26","元大-民生",28,0,28
"11404","2929淘帝","110/07/26","凱基-林口",0,30,-30
"11405","2929淘帝","110/07/26","臺銀-鳳山",10,0,10
"11406","2929淘帝","110/07/26","美林",1,28,-27
"11407","2929淘帝","110/07/26","華南永昌-鶯歌",10,0,10
"11408","2929淘帝","110/07/26","富邦-竹北",0,20,-20
"11409","2929淘帝","110/07/26","元大-永和",10,0,10
"11410","2929淘帝","110/07/26","凱基-台北",0,12,-12
"11411","2929淘帝","110/07/26","永豐金證券",8,0,8
"11412","2929淘帝","110/07/26","中國信託-永康",0,10,-10
"11413","2929淘帝","110/07/26","元大-太平",8,1,7
"11414","2929淘帝","110/07/26","摩根大通",0,10,-10
"11415","2929淘帝","110/07/26","德信-和平",6,0,6
"11416","2929淘帝","110/07/26","群益金鼎-高雄",0,10,-10
"11417","2929淘帝","110/07/26","兆豐-南門",6,0,6
"11418","2929淘帝","110/07/26","富邦-宜蘭",0,10,-10
"11419","2929淘帝","110/07/26","元大-新竹經國",6,0,6
"11420","2929淘帝","110/07/26","新加坡商瑞銀",4,13,-9
"11421","2929淘帝","110/07/26","合庫-台南",5,0,5
"11422","2929淘帝","110/07/26","元富-敦南",0,7,-7
"11423","2929淘帝","110/07/26","第一金-新興",5,0,5
"11424","2929淘帝","110/07/26","元大-基隆",0,6,-6
"11425","2929淘帝","110/07/26","玉山-新竹",5,0,5
"11426","2929淘帝","110/07/26","新光-台中",1,6,-5
"11427","2929淘帝","110/07/26","元大-金門",5,0,5
"11428","2929淘帝","110/07/26","華南永昌",0,5,-5
"11429","2929淘帝","110/07/26","台新-台中",4,0,4
"11430","2929淘帝","110/07/26","永豐金-中和",0,5,-5
"11431","5410國眾","110/07/26","摩根大通",71,0,71
"11432","5410國眾","110/07/26","日盛-忠孝",0,142,-142
"11433","5410國眾","110/07/26","凱基-台北",67,4,63
"11434","5410國眾","110/07/26","元富-嘉義",0,55,-55
"11435","5410國眾","110/07/26","兆豐-城中",47,0,47
"11436","5410國眾","110/07/26","國泰-敦南",2,30,-28
"11437","5410國眾","110/07/26","永豐金-內湖",45,0,45
"11438","5410國眾","110/07/26","群益金鼎-板橋",0,15,-15
"11439","5410國眾","110/07/26","元大-新莊",26,0,26
"11440","5410國眾","110/07/26","華南永昌-三重",0,11,-11
"11441","5410國眾","110/07/26","兆豐-麻豆",10,0,10
"11442","5410國眾","110/07/26","永全-南崁",0,10,-10
"11443","5410國眾","110/07/26","新光-台中",10,0,10
"11444","5410國眾","110/07/26","台新-建北",1,11,-10
"11445","5410國眾","110/07/26","元大-屏南",10,0,10
"11446","5410國眾","110/07/26","臺銀-臺南",0,8,-8
"11447","5410國眾","110/07/26","港商野村",9,0,9
"11448","5410國眾","110/07/26","群益金鼎-東大",0,7,-7
"11449","5410國眾","110/07/26","新光",13,4,9
"11450","5410國眾","110/07/26","永豐金-中正",0,7,-7
"11451","5410國眾","110/07/26","華南永昌-小港",7,0,7
"11452","5410國眾","110/07/26","永豐金-桃園",0,7,-7
"11453","5410國眾","110/07/26","玉山-左營",6,0,6
"11454","5410國眾","110/07/26","第一金-高雄",0,6,-6
"11455","5410國眾","110/07/26","土銀-台南",5,0,5
"11456","5410國眾","110/07/26","台中銀-豐原",0,6,-6
"11457","5410國眾","110/07/26","新加坡商瑞銀",5,0,5
"11458","5410國眾","110/07/26","亞東-高雄",0,5,-5
"11459","5410國眾","110/07/26","元富-三重",8,3,5
"11460","5410國眾","110/07/26","國票-北高雄",0,5,-5
"11461","2841台開","110/07/26","台新-台中",282,5,277
"11462","2841台開","110/07/26","港商野村",0,128,-128
"11463","2841台開","110/07/26","凱基-台北",41,0,41
"11464","2841台開","110/07/26","富邦-仁愛",0,70,-70
"11465","2841台開","110/07/26","台灣摩根士丹利",40,0,40
"11466","2841台開","110/07/26","元大-彰化",0,60,-60
"11467","2841台開","110/07/26","元富-緯城",40,0,40
"11468","2841台開","110/07/26","永興-水湳",0,30,-30
"11469","2841台開","110/07/26","玉山-高雄",38,0,38
"11470","2841台開","110/07/26","富邦-新竹華信",0,23,-23
"11471","2841台開","110/07/26","日盛-樹林",21,0,21
"11472","2841台開","110/07/26","宏遠-光隆",0,20,-20
"11473","2841台開","110/07/26","元大-松江",20,0,20
"11474","2841台開","110/07/26","玉山證券",0,20,-20
"11475","2841台開","110/07/26","元大-歸仁",20,0,20
"11476","2841台開","110/07/26","富邦-板橋",0,20,-20
"11477","2841台開","110/07/26","國泰-桃園",20,3,17
"11478","2841台開","110/07/26","元大-台中中港",0,19,-19
"11479","2841台開","110/07/26","新光-台中",15,0,15
"11480","2841台開","110/07/26","臺銀-臺南",0,18,-18
"11481","2841台開","110/07/26","群益金鼎-東門",11,0,11
"11482","2841台開","110/07/26","永豐金-敦南",3,19,-16
"11483","2841台開","110/07/26","華南永昌-內壢",11,0,11
"11484","2841台開","110/07/26","統一-桃園",0,13,-13
"11485","2841台開","110/07/26","元富-烏日",10,0,10
"11486","2841台開","110/07/26","國泰-台中",0,11,-11
"11487","2841台開","110/07/26","國泰-忠孝",10,2,8
"11488","2841台開","110/07/26","元大-福營",0,11,-11
"11489","2841台開","110/07/26","元大-潮州",6,0,6
"11490","2841台開","110/07/26","凱基-站前",0,10,-10
"11491","6207雷科","110/07/26","元大-向上",70,0,70
"11492","6207雷科","110/07/26","摩根大通",45,241,-196
"11493","6207雷科","110/07/26","國票-中和",67,5,62
"11494","6207雷科","110/07/26","華南永昌-台中",16,180,-164
"11495","6207雷科","110/07/26","永豐金-台南",63,2,61
"11496","6207雷科","110/07/26","瑞士信貸",4,69,-65
"11497","6207雷科","110/07/26","國泰-板橋",32,0,32
"11498","6207雷科","110/07/26","國票-天祥",11,76,-65
"11499","6207雷科","110/07/26","華南永昌-朴子",24,0,24
"11500","6207雷科","110/07/26","新加坡商瑞銀",15,78,-63
"11501","6207雷科","110/07/26","台新證券",35,12,23
"11502","6207雷科","110/07/26","凱基-台北",86,134,-48
"11503","6207雷科","110/07/26","永豐金-板盛",24,1,23
"11504","6207雷科","110/07/26","富邦-台中",58,100,-42
"11505","6207雷科","110/07/26","康和-台中",24,2,22
"11506","6207雷科","110/07/26","兆豐-大安",0,41,-41
"11507","6207雷科","110/07/26","台新-台南",22,2,20
"11508","6207雷科","110/07/26","群益金鼎-館前",0,40,-40
"11509","6207雷科","110/07/26","元大-大統",22,2,20
"11510","6207雷科","110/07/26","富邦-羅東",2,39,-37
"11511","6207雷科","110/07/26","元富-桃園",19,0,19
"11512","6207雷科","110/07/26","國票-台東",0,30,-30
"11513","6207雷科","110/07/26","高橋",17,0,17
"11514","6207雷科","110/07/26","凱基-士林",1,30,-29
"11515","6207雷科","110/07/26","元富-同大",30,13,17
"11516","6207雷科","110/07/26","元大-南京",3,31,-28
"11517","6207雷科","110/07/26","元大-內湖",17,0,17
"11518","6207雷科","110/07/26","宏遠-桃園",0,24,-24
"11519","6207雷科","110/07/26","永豐金-內湖",19,2,17
"11520","6207雷科","110/07/26","國票-和平",0,23,-23
"11521","3679新至陞","110/07/26","元富-板橋",16,0,16
"11522","3679新至陞","110/07/26","台新-台中",0,19,-19
"11523","3679新至陞","110/07/26","華南永昌-淡水",10,0,10
"11524","3679新至陞","110/07/26","元大-成功",0,10,-10
"11525","3679新至陞","110/07/26","光和-溪湖",8,0,8
"11526","3679新至陞","110/07/26","日進",0,9,-9
"11527","3679新至陞","110/07/26","宏遠-光隆",6,0,6
"11528","3679新至陞","110/07/26","臺銀-臺中",0,5,-5
"11529","3679新至陞","110/07/26","玉山-嘉義",5,0,5
"11530","3679新至陞","110/07/26","港商法國興業",0,4,-4
"11531","3679新至陞","110/07/26","元富-安南",3,0,3
"11532","3679新至陞","110/07/26","統一-新台中",0,3,-3
"11533","3679新至陞","110/07/26","摩根大通",4,1,3
"11534","3679新至陞","110/07/26","大慶-苗栗",1,3,-2
"11535","3679新至陞","110/07/26","凱基-台北",5,2,3
"11536","3679新至陞","110/07/26","元富-松德",0,2,-2
"11537","3679新至陞","110/07/26","凱基-站前",2,0,2
"11538","3679新至陞","110/07/26","富邦-仁愛",0,2,-2
"11539","3679新至陞","110/07/26","華南永昌",2,0,2
"11540","3679新至陞","110/07/26","元大-文心興安",0,2,-2
"11541","3679新至陞","110/07/26","元大-上新莊",2,0,2
"11542","3679新至陞","110/07/26","永豐金證券",0,2,-2
"11543","3679新至陞","110/07/26","美林",4,3,1
"11544","3679新至陞","110/07/26","臺銀-高雄",0,1,-1
"11545","3679新至陞","110/07/26","台灣摩根士丹利",2,1,1
"11546","3679新至陞","110/07/26","台灣企銀-屏東",0,1,-1
"11547","3679新至陞","110/07/26","美商高盛",1,0,1
"11548","3679新至陞","110/07/26","大慶-富順",0,1,-1
"11549","3679新至陞","110/07/26","富邦-台北",1,0,1
"11550","3679新至陞","110/07/26","統一-彰化",0,1,-1
"11551","2727王品","110/07/26","兆豐-南京",300,0,300
"11552","2727王品","110/07/26","元富-安南",0,62,-62
"11553","2727王品","110/07/26","凱基-台北",74,29,45
"11554","2727王品","110/07/26","瑞士信貸",0,44,-44
"11555","2727王品","110/07/26","富邦-建國",25,2,23
"11556","2727王品","110/07/26","新加坡商瑞銀",0,44,-44
"11557","2727王品","110/07/26","台灣摩根士丹利",22,0,22
"11558","2727王品","110/07/26","統一",11,54,-43
"11559","2727王品","110/07/26","永豐金-屏東",14,1,13
"11560","2727王品","110/07/26","美林",4,39,-35
"11561","2727王品","110/07/26","富邦-桃園",12,1,11
"11562","2727王品","110/07/26","第一金",0,30,-30
"11563","2727王品","110/07/26","日盛-鳳山",11,1,10
"11564","2727王品","110/07/26","康和-台中",0,30,-30
"11565","2727王品","110/07/26","元富-城中",10,0,10
"11566","2727王品","110/07/26","國泰證券",1,31,-30
"11567","2727王品","110/07/26","元大-龍潭",11,1,10
"11568","2727王品","110/07/26","元大證券",37,67,-30
"11569","2727王品","110/07/26","新光-台中",15,6,9
"11570","2727王品","110/07/26","康和",1,29,-28
"11571","2727王品","110/07/26","富邦-台中",10,1,9
"11572","2727王品","110/07/26","永豐金證券",0,27,-27
"11573","2727王品","110/07/26","元大-基隆孝二",10,1,9
"11574","2727王品","110/07/26","安泰",1,26,-25
"11575","2727王品","110/07/26","臺銀-臺中",10,2,8
"11576","2727王品","110/07/26","永豐金-古亭",2,20,-18
"11577","2727王品","110/07/26","元大-花蓮",8,0,8
"11578","2727王品","110/07/26","國票-天祥",0,16,-16
"11579","2727王品","110/07/26","元大-斗信",9,1,8
"11580","2727王品","110/07/26","摩根大通",17,33,-16
"11581","1570力肯","110/07/26","元大-民雄",10,0,10
"11582","1570力肯","110/07/26","元大-高雄",0,33,-33
"11583","1570力肯","110/07/26","新光-台中",10,1,9
"11584","1570力肯","110/07/26","日盛-宜蘭",0,8,-8
"11585","1570力肯","110/07/26","富邦-陽明",9,0,9
"11586","1570力肯","110/07/26","美林",0,5,-5
"11587","1570力肯","110/07/26","大慶-蘆洲",8,0,8
"11588","1570力肯","110/07/26","凱基-永康",0,5,-5
"11589","1570力肯","110/07/26","福勝",8,0,8
"11590","1570力肯","110/07/26","台新證券",0,4,-4
"11591","1570力肯","110/07/26","凱基-桃園",7,0,7
"11592","1570力肯","110/07/26","元大-汐止",0,4,-4
"11593","1570力肯","110/07/26","中國信託-永康",3,0,3
"11594","1570力肯","110/07/26","元大-桃興",0,3,-3
"11595","1570力肯","110/07/26","兆豐-台中港",3,0,3
"11596","1570力肯","110/07/26","元富-吉利",0,2,-2
"11597","1570力肯","110/07/26","國票-北高雄",3,0,3
"11598","1570力肯","110/07/26","國泰-板橋",0,2,-2
"11599","1570力肯","110/07/26","富邦-員林",3,0,3
"11600","1570力肯","110/07/26","元大-台中",0,2,-2
"11601","1570力肯","110/07/26","瑞士信貸",2,0,2
"11602","1570力肯","110/07/26","元大-西螺",0,2,-2
"11603","1570力肯","110/07/26","大昌-樹林",2,0,2
"11604","1570力肯","110/07/26","元大-苑裡",0,2,-2
"11605","1570力肯","110/07/26","兆豐-忠孝",2,0,2
"11606","1570力肯","110/07/26","合庫-三重",0,1,-1
"11607","1570力肯","110/07/26","新光",2,0,2
"11608","1570力肯","110/07/26","臺銀-臺南",0,1,-1
"11609","1570力肯","110/07/26","凱基-台北",2,0,2
"11610","1570力肯","110/07/26","元富-永和",0,1,-1
"11611","6180橘子","110/07/26","凱基-台北",121,1,120
"11612","6180橘子","110/07/26","元大-竹山",0,35,-35
"11613","6180橘子","110/07/26","新加坡商瑞銀",71,2,69
"11614","6180橘子","110/07/26","元大-和平",0,30,-30
"11615","6180橘子","110/07/26","摩根大通",70,4,66
"11616","6180橘子","110/07/26","元大-草屯",3,27,-24
"11617","6180橘子","110/07/26","美林",33,0,33
"11618","6180橘子","110/07/26","華南永昌-高雄",0,21,-21
"11619","6180橘子","110/07/26","台灣摩根士丹利",20,4,16
"11620","6180橘子","110/07/26","兆豐-埔墘",0,18,-18
"11621","6180橘子","110/07/26","合庫-高雄",11,0,11
"11622","6180橘子","110/07/26","元富-林園",0,17,-17
"11623","6180橘子","110/07/26","港商野村",10,0,10
"11624","6180橘子","110/07/26","元富-成功",0,16,-16
"11625","6180橘子","110/07/26","富邦-宜蘭",10,0,10
"11626","6180橘子","110/07/26","群益金鼎-台南",0,13,-13
"11627","6180橘子","110/07/26","統一-彰化",10,1,9
"11628","6180橘子","110/07/26","元大-開元",0,13,-13
"11629","6180橘子","110/07/26","兆豐-北高雄",9,1,8
"11630","6180橘子","110/07/26","富邦-台中",0,12,-12
"11631","6180橘子","110/07/26","元大-新店中正",10,2,8
"11632","6180橘子","110/07/26","(牛牛牛)亞-鑫豐",1,12,-11
"11633","6180橘子","110/07/26","國泰-敦南",10,3,7
"11634","6180橘子","110/07/26","台新-台南",0,11,-11
"11635","6180橘子","110/07/26","合庫-自強",5,0,5
"11636","6180橘子","110/07/26","聯邦-興中",0,11,-11
"11637","6180橘子","110/07/26","大慶-蘆洲",5,0,5
"11638","6180橘子","110/07/26","日盛-中和",0,10,-10
"11639","6180橘子","110/07/26","統一-中壢",5,0,5
"11640","6180橘子","110/07/26","康和-台北",0,10,-10
"11641","2390云辰","110/07/26","元大-大同",311,3,308
"11642","2390云辰","110/07/26","摩根大通",139,570,-431
"11643","2390云辰","110/07/26","華南永昌-鳳山",276,4,272
"11644","2390云辰","110/07/26","美林",103,243,-140
"11645","2390云辰","110/07/26","永豐金-竹北",201,6,195
"11646","2390云辰","110/07/26","元大-彰化民生",0,117,-117
"11647","2390云辰","110/07/26","富邦-左營",107,17,90
"11648","2390云辰","110/07/26","元富-中港",0,102,-102
"11649","2390云辰","110/07/26","元富-高雄",82,5,77
"11650","2390云辰","110/07/26","凱基-台北",161,249,-88
"11651","2390云辰","110/07/26","元大-太平",75,10,65
"11652","2390云辰","110/07/26","國票-新莊",15,78,-63
"11653","2390云辰","110/07/26","元大-大益",63,13,50
"11654","2390云辰","110/07/26","第一金-豐原",1,59,-58
"11655","2390云辰","110/07/26","元富-新竹",41,1,40
"11656","2390云辰","110/07/26","統一-竹南",5,48,-43
"11657","2390云辰","110/07/26","日盛-永康",42,4,38
"11658","2390云辰","110/07/26","第一金-台南",28,62,-34
"11659","2390云辰","110/07/26","群益金鼎-中壢",50,12,38
"11660","2390云辰","110/07/26","台灣摩根士丹利",38,70,-32
"11661","2390云辰","110/07/26","元大-鑫永和",54,18,36
"11662","2390云辰","110/07/26","群益金鼎-士林",20,52,-32
"11663","2390云辰","110/07/26","元富-同大",34,1,33
"11664","2390云辰","110/07/26","群益金鼎-延平",2,31,-29
"11665","2390云辰","110/07/26","致和-崇德",52,21,31
"11666","2390云辰","110/07/26","凱基-豐中",12,40,-28
"11667","2390云辰","110/07/26","永豐金-松山",32,2,30
"11668","2390云辰","110/07/26","富邦-中壢",19,47,-28
"11669","2390云辰","110/07/26","凱基-三重",36,8,28
"11670","2390云辰","110/07/26","統一-基隆",2,27,-25
"11671","2363矽統","110/07/20","第一金-忠孝",400,115,285
"11672","2363矽統","110/07/20","國票-長城",3,452,-449
"11673","2363矽統","110/07/20","第一金-高雄",188,0,188
"11674","2363矽統","110/07/20","美林",158,531,-373
"11675","2363矽統","110/07/20","凱基-高美館",199,14,185
"11676","2363矽統","110/07/20","台新-左楠",13,310,-297
"11677","2363矽統","110/07/20","凱基-台北",434,326,108
"11678","2363矽統","110/07/20","玉山-台大",4,228,-224
"11679","2363矽統","110/07/20","元富-松德",105,0,105
"11680","2363矽統","110/07/20","群益金鼎-大甲",11,227,-216
"11681","2363矽統","110/07/20","元大-竹科",109,7,102
"11682","2363矽統","110/07/20","群益金鼎-中港",2,111,-109
"11683","2363矽統","110/07/20","元大-成功",102,2,100
"11684","2363矽統","110/07/20","元大-大天母",0,109,-109
"11685","2363矽統","110/07/20","富邦-仁愛",116,17,99
"11686","2363矽統","110/07/20","國泰-敦南",114,218,-104
"11687","2363矽統","110/07/20","元大-上新莊",102,16,86
"11688","2363矽統","110/07/20","港商野村",250,350,-100
"11689","2363矽統","110/07/20","台新證券",286,208,78
"11690","2363矽統","110/07/20","康和-澎湖",0,90,-90
"11691","2363矽統","110/07/20","元大-新營",81,9,72
"11692","2363矽統","110/07/20","凱基-中壢",15,99,-84
"11693","2363矽統","110/07/20","華南永昌-鳳山",76,5,71
"11694","2363矽統","110/07/20","元大-學甲",0,81,-81
"11695","2363矽統","110/07/20","富邦-員林",65,2,63
"11696","2363矽統","110/07/20","凱基-三重",22,91,-69
"11697","2363矽統","110/07/20","元富-成功",67,6,61
"11698","2363矽統","110/07/20","永豐金-嘉義",24,92,-68
"11699","2363矽統","110/07/20","新光-新竹",62,1,61
"11700","2363矽統","110/07/20","大慶-蘆洲",23,89,-66
"11701","8112至上","110/07/20","摩根大通",1226,293,933
"11702","8112至上","110/07/20","凱基-三重",27,502,-475
"11703","8112至上","110/07/20","新加坡商瑞銀",358,83,275
"11704","8112至上","110/07/20","宏遠證券",0,418,-418
"11705","8112至上","110/07/20","台灣摩根士丹利",159,9,150
"11706","8112至上","110/07/20","台新-台中",11,291,-280
"11707","8112至上","110/07/20","統一-新竹",115,5,110
"11708","8112至上","110/07/20","美林",44,194,-150
"11709","8112至上","110/07/20","新光",233,126,107
"11710","8112至上","110/07/20","凱基-新莊",0,100,-100
"11711","8112至上","110/07/20","凱基-台北",367,260,107
"11712","8112至上","110/07/20","富邦-永和",14,104,-90
"11713","8112至上","110/07/20","兆豐-西螺",104,10,94
"11714","8112至上","110/07/20","國票-敦北法人",4,88,-84
"11715","8112至上","110/07/20","永豐金-中正",87,6,81
"11716","8112至上","110/07/20","凱基-市政",3,80,-77
"11717","8112至上","110/07/20","富邦-新店",102,24,78
"11718","8112至上","110/07/20","台新證券",68,142,-74
"11719","8112至上","110/07/20","元大-大同",83,5,78
"11720","8112至上","110/07/20","永豐金-中壢",11,80,-69
"11721","8112至上","110/07/20","富邦-園區",64,2,62
"11722","8112至上","110/07/20","永豐金-台南",22,91,-69
"11723","8112至上","110/07/20","新光-台南",73,14,59
"11724","8112至上","110/07/20","元大-大雅",22,87,-65
"11725","8112至上","110/07/20","統一-台中",60,2,58
"11726","8112至上","110/07/20","光和",10,67,-57
"11727","8112至上","110/07/20","元大-北成功",58,4,54
"11728","8112至上","110/07/20","元大-竹科",27,74,-47
"11729","8112至上","110/07/20","元富-林園",53,0,53
"11730","8112至上","110/07/20","兆豐-公益",1,47,-46
"11731","1570力肯","110/07/20","國票-北高雄",36,0,36
"11732","1570力肯","110/07/20","國泰-敦南",0,19,-19
"11733","1570力肯","110/07/20","群益金鼎-高雄",16,0,16
"11734","1570力肯","110/07/20","中國信託-永康",0,12,-12
"11735","1570力肯","110/07/20","臺銀-鳳山",10,0,10
"11736","1570力肯","110/07/20","第一金-路竹",0,10,-10
"11737","1570力肯","110/07/20","群益金鼎-新竹",6,0,6
"11738","1570力肯","110/07/20","福勝",0,10,-10
"11739","1570力肯","110/07/20","大昌-樹林",5,0,5
"11740","1570力肯","110/07/20","群益金鼎-板橋",0,10,-10
"11741","1570力肯","110/07/20","華南永昌-楠梓",5,0,5
"11742","1570力肯","110/07/20","日盛-鳳山",0,8,-8
"11743","1570力肯","110/07/20","元大-基隆孝二",5,0,5
"11744","1570力肯","110/07/20","永豐金-新竹",6,14,-8
"11745","1570力肯","110/07/20","元大-新竹經國",4,0,4
"11746","1570力肯","110/07/20","第一金-彰化",0,7,-7
"11747","1570力肯","110/07/20","土銀-高雄",2,0,2
"11748","1570力肯","110/07/20","元富-吉利",0,7,-7
"11749","1570力肯","110/07/20","台灣企銀-太平",2,0,2
"11750","1570力肯","110/07/20","台中銀-員林",0,7,-7
"11751","1570力肯","110/07/20","兆豐-忠孝",2,0,2
"11752","1570力肯","110/07/20","玉山證券",1,8,-7
"11753","1570力肯","110/07/20","玉山-城中",2,0,2
"11754","1570力肯","110/07/20","統一-三重",0,5,-5
"11755","1570力肯","110/07/20","國泰-板橋",2,0,2
"11756","1570力肯","110/07/20","光和-溪湖",0,3,-3
"11757","1570力肯","110/07/20","凱基-台北",2,0,2
"11758","1570力肯","110/07/20","康和-澎湖",0,3,-3
"11759","1570力肯","110/07/20","華南永昌-高雄",2,0,2
"11760","1570力肯","110/07/20","摩根大通",0,2,-2
"11761","2929淘帝","110/07/20","玉山-新竹",59,0,59
"11762","2929淘帝","110/07/20","臺銀",0,45,-45
"11763","2929淘帝","110/07/20","兆豐-新莊",50,0,50
"11764","2929淘帝","110/07/20","光和-嘉義",0,29,-29
"11765","2929淘帝","110/07/20","元大-大甲",30,0,30
"11766","2929淘帝","110/07/20","新加坡商瑞銀",27,55,-28
"11767","2929淘帝","110/07/20","元大-民生",29,0,29
"11768","2929淘帝","110/07/20","華南永昌-潮州",0,20,-20
"11769","2929淘帝","110/07/20","元大-員林",20,0,20
"11770","2929淘帝","110/07/20","玉山-高雄",0,14,-14
"11771","2929淘帝","110/07/20","元富-台南",18,0,18
"11772","2929淘帝","110/07/20","富邦-南屯",2,13,-11
"11773","2929淘帝","110/07/20","港商野村",63,50,13
"11774","2929淘帝","110/07/20","高橋-龍潭",0,10,-10
"11775","2929淘帝","110/07/20","高橋",10,0,10
"11776","2929淘帝","110/07/20","台新-建北",0,10,-10
"11777","2929淘帝","110/07/20","元富-林園",10,0,10
"11778","2929淘帝","110/07/20","群益金鼎-台中",0,10,-10
"11779","2929淘帝","110/07/20","玉山-台南",10,0,10
"11780","2929淘帝","110/07/20","華南永昌-苗栗",0,10,-10
"11781","2929淘帝","110/07/20","群益金鼎-士林",10,0,10
"11782","2929淘帝","110/07/20","群益金鼎-西松",0,9,-9
"11783","2929淘帝","110/07/20","凱基-台北",16,6,10
"11784","2929淘帝","110/07/20","台新-三民",0,8,-8
"11785","2929淘帝","110/07/20","合庫證券",9,0,9
"11786","2929淘帝","110/07/20","群益金鼎",0,8,-8
"11787","2929淘帝","110/07/20","永豐金證券",9,2,7
"11788","2929淘帝","110/07/20","富邦-永和",0,7,-7
"11789","2929淘帝","110/07/20","凱基-基隆",6,0,6
"11790","2929淘帝","110/07/20","國泰-台中",6,12,-6
"11791","5410國眾","110/07/20","日盛-內湖",27,0,27
"11792","5410國眾","110/07/20","永豐金-內湖",0,23,-23
"11793","5410國眾","110/07/20","富邦-新營",20,0,20
"11794","5410國眾","110/07/20","兆豐-台中港",0,20,-20
"11795","5410國眾","110/07/20","大昌",17,0,17
"11796","5410國眾","110/07/20","元富-嘉義",0,15,-15
"11797","5410國眾","110/07/20","永豐金-台南",17,0,17
"11798","5410國眾","110/07/20","元富-吉利",0,11,-11
"11799","5410國眾","110/07/20","凱基-站前",15,0,15
"11800","5410國眾","110/07/20","凱基-長庚",0,10,-10
"11801","5410國眾","110/07/20","凱基-竹北",11,0,11
"11802","5410國眾","110/07/20","元大-八德",0,10,-10
"11803","5410國眾","110/07/20","元富-民權",9,0,9
"11804","5410國眾","110/07/20","元大-天母",0,10,-10
"11805","5410國眾","110/07/20","群益金鼎-嘉義",6,0,6
"11806","5410國眾","110/07/20","國泰-桃園",0,9,-9
"11807","5410國眾","110/07/20","元大-土城學府",6,0,6
"11808","5410國眾","110/07/20","新光",5,12,-7
"11809","5410國眾","110/07/20","第一金-豐原",5,0,5
"11810","5410國眾","110/07/20","玉山-桃園",0,7,-7
"11811","5410國眾","110/07/20","華南永昌-林口",5,0,5
"11812","5410國眾","110/07/20","玉山-雙和",0,6,-6
"11813","5410國眾","110/07/20","元大-博愛",5,0,5
"11814","5410國眾","110/07/20","臺銀-臺南",0,5,-5
"11815","5410國眾","110/07/20","元大-竹南",5,0,5
"11816","5410國眾","110/07/20","彰銀-七賢",0,5,-5
"11817","5410國眾","110/07/20","元大-新店中正",5,0,5
"11818","5410國眾","110/07/20","宏遠證券",0,5,-5
"11819","5410國眾","110/07/20","元富-烏日",4,0,4
"11820","5410國眾","110/07/20","摩根大通",0,5,-5
"11821","2841台開","110/07/20","中國信託-忠孝",145,0,145
"11822","2841台開","110/07/20","凱基-松山",0,100,-100
"11823","2841台開","110/07/20","第一金-台中",68,0,68
"11824","2841台開","110/07/20","第一金-自由",0,33,-33
"11825","2841台開","110/07/20","美商高盛",37,0,37
"11826","2841台開","110/07/20","港商野村",0,29,-29
"11827","2841台開","110/07/20","台中銀",32,0,32
"11828","2841台開","110/07/20","國泰-敦南",11,31,-20
"11829","2841台開","110/07/20","台新-台中",20,0,20
"11830","2841台開","110/07/20","華南永昌-台中",0,20,-20
"11831","2841台開","110/07/20","凱基-東港",10,0,10
"11832","2841台開","110/07/20","元大-發財",0,15,-15
"11833","2841台開","110/07/20","大昌-安康",10,3,7
"11834","2841台開","110/07/20","元大-福營",9,23,-14
"11835","2841台開","110/07/20","豐農",7,0,7
"11836","2841台開","110/07/20","永豐金-敦南",5,18,-13
"11837","2841台開","110/07/20","元大-歸仁",7,0,7
"11838","2841台開","110/07/20","統一-城中",0,11,-11
"11839","2841台開","110/07/20","日盛-木柵",5,0,5
"11840","2841台開","110/07/20","日盛-台南",0,10,-10
"11841","2841台開","110/07/20","台新-台南",4,0,4
"11842","2841台開","110/07/20","兆豐-寶成",0,10,-10
"11843","2841台開","110/07/20","日盛證券",3,0,3
"11844","2841台開","110/07/20","國票-中港",0,10,-10
"11845","2841台開","110/07/20","台新證券",8,5,3
"11846","2841台開","110/07/20","群益金鼎",0,10,-10
"11847","2841台開","110/07/20","元大-沙鹿",3,0,3
"11848","2841台開","110/07/20","玉山證券",1,10,-9
"11849","2841台開","110/07/20","國泰-台中",2,0,2
"11850","2841台開","110/07/20","大昌-新店",0,6,-6
"11851","6207雷科","110/07/20","元大-西門",100,4,96
"11852","6207雷科","110/07/20","永豐金-內湖",0,109,-109
"11853","6207雷科","110/07/20","凱基-復興",50,0,50
"11854","6207雷科","110/07/20","國泰證券",0,90,-90
"11855","6207雷科","110/07/20","凱基-台北",47,1,46
"11856","6207雷科","110/07/20","元大-頭份",0,55,-55
"11857","6207雷科","110/07/20","玉山-城中",43,1,42
"11858","6207雷科","110/07/20","永豐金-虎尾",0,50,-50
"11859","6207雷科","110/07/20","華南永昌-長虹",44,5,39
"11860","6207雷科","110/07/20","元富-世貿",0,33,-33
"11861","6207雷科","110/07/20","凱基-板橋",38,1,37
"11862","6207雷科","110/07/20","元大-南崁",0,22,-22
"11863","6207雷科","110/07/20","元富-信義",39,3,36
"11864","6207雷科","110/07/20","永豐金-鳳山",0,21,-21
"11865","6207雷科","110/07/20","元富-彰化",35,0,35
"11866","6207雷科","110/07/20","永豐金-三重",6,27,-21
"11867","6207雷科","110/07/20","凱基-高美館",34,0,34
"11868","6207雷科","110/07/20","第一金-澎湖",0,20,-20
"11869","6207雷科","110/07/20","富邦-中壢",26,2,24
"11870","6207雷科","110/07/20","群益金鼎-東大",0,20,-20
"11871","6207雷科","110/07/20","大昌-桃園",23,0,23
"11872","6207雷科","110/07/20","兆豐-民生",0,19,-19
"11873","6207雷科","110/07/20","元大-四維",39,17,22
"11874","6207雷科","110/07/20","元大-北成功",1,20,-19
"11875","6207雷科","110/07/20","台灣摩根士丹利",18,0,18
"11876","6207雷科","110/07/20","元大-虎尾",1,18,-17
"11877","6207雷科","110/07/20","國票-中和",16,0,16
"11878","6207雷科","110/07/20","元大-文心興安",0,15,-15
"11879","6207雷科","110/07/20","永豐金-大園",16,0,16
"11880","6207雷科","110/07/20","瑞士信貸",0,14,-14
"11881","3679新至陞","110/07/20","國票-敦北法人",18,0,18
"11882","3679新至陞","110/07/20","華南永昌-台中",0,32,-32
"11883","3679新至陞","110/07/20","台中銀-員林",17,3,14
"11884","3679新至陞","110/07/20","凱基-台北",12,32,-20
"11885","3679新至陞","110/07/20","群益金鼎-高盛",13,0,13
"11886","3679新至陞","110/07/20","摩根大通",2,14,-12
"11887","3679新至陞","110/07/20","康和-澎湖",8,0,8
"11888","3679新至陞","110/07/20","國泰-桃園",0,11,-11
"11889","3679新至陞","110/07/20","台新證券",6,0,6
"11890","3679新至陞","110/07/20","群益金鼎-台南",0,10,-10
"11891","3679新至陞","110/07/20","宏遠-光隆",4,0,4
"11892","3679新至陞","110/07/20","群益金鼎-大安",0,10,-10
"11893","3679新至陞","110/07/20","玉山-大里",4,0,4
"11894","3679新至陞","110/07/20","永豐金證券",4,14,-10
"11895","3679新至陞","110/07/20","台中銀-豐原",3,0,3
"11896","3679新至陞","110/07/20","兆豐-大同",1,6,-5
"11897","3679新至陞","110/07/20","玉山-新莊",3,0,3
"11898","3679新至陞","110/07/20","群益金鼎-館前",0,4,-4
"11899","3679新至陞","110/07/20","凱基-中山",3,0,3
"11900","3679新至陞","110/07/20","富邦-南屯",0,4,-4
"11901","3679新至陞","110/07/20","富邦-台北",3,0,3
"11902","3679新至陞","110/07/20","瑞士信貸",3,6,-3
"11903","3679新至陞","110/07/20","元大-板橋",3,0,3
"11904","3679新至陞","110/07/20","國泰-板橋",0,3,-3
"11905","3679新至陞","110/07/20","日盛-八德",2,0,2
"11906","3679新至陞","110/07/20","富邦-中壢",1,4,-3
"11907","3679新至陞","110/07/20","日盛-復興",2,0,2
"11908","3679新至陞","110/07/20","台灣企銀",0,2,-2
"11909","3679新至陞","110/07/20","康和-板橋",2,0,2
"11910","3679新至陞","110/07/20","日盛-大墩",0,2,-2
"11911","2727王品","110/07/20","兆豐-南京",200,0,200
"11912","2727王品","110/07/20","凱基-市政",1,75,-74
"11913","2727王品","110/07/20","富邦證券",88,0,88
"11914","2727王品","110/07/20","美商高盛",6,38,-32
"11915","2727王品","110/07/20","台新證券",142,55,87
"11916","2727王品","110/07/20","富邦-陽明",7,38,-31
"11917","2727王品","110/07/20","瑞士信貸",50,0,50
"11918","2727王品","110/07/20","永豐金-中正",3,34,-31
"11919","2727王品","110/07/20","港商野村",106,57,49
"11920","2727王品","110/07/20","永豐金-潮州",0,31,-31
"11921","2727王品","110/07/20","凱基-台北",67,27,40
"11922","2727王品","110/07/20","兆豐-大安",0,30,-30
"11923","2727王品","110/07/20","永豐金-大園",29,2,27
"11924","2727王品","110/07/20","摩根大通",50,73,-23
"11925","2727王品","110/07/20","康和-高雄",20,0,20
"11926","2727王品","110/07/20","日盛證券",4,24,-20
"11927","2727王品","110/07/20","第一金-高雄",20,3,17
"11928","2727王品","110/07/20","凱基-大里",0,20,-20
"11929","2727王品","110/07/20","富邦-板橋",21,4,17
"11930","2727王品","110/07/20","群益金鼎-大甲",0,18,-18
"11931","2727王品","110/07/20","永豐金-桃盛",15,0,15
"11932","2727王品","110/07/20","統一",18,29,-11
"11933","2727王品","110/07/20","凱基",13,0,13
"11934","2727王品","110/07/20","國泰-台中",12,23,-11
"11935","2727王品","110/07/20","新加坡商瑞銀",23,11,12
"11936","2727王品","110/07/20","元大-彰化",0,11,-11
"11937","2727王品","110/07/20","亞東",10,0,10
"11938","2727王品","110/07/20","國泰-館前",4,14,-10
"11939","2727王品","110/07/20","康和-台中",13,4,9
"11940","2727王品","110/07/20","元大-學甲",0,10,-10
"11941","1570力肯","110/07/20","國票-北高雄",36,0,36
"11942","1570力肯","110/07/20","國泰-敦南",0,19,-19
"11943","1570力肯","110/07/20","群益金鼎-高雄",16,0,16
"11944","1570力肯","110/07/20","中國信託-永康",0,12,-12
"11945","1570力肯","110/07/20","臺銀-鳳山",10,0,10
"11946","1570力肯","110/07/20","第一金-路竹",0,10,-10
"11947","1570力肯","110/07/20","群益金鼎-新竹",6,0,6
"11948","1570力肯","110/07/20","福勝",0,10,-10
"11949","1570力肯","110/07/20","大昌-樹林",5,0,5
"11950","1570力肯","110/07/20","群益金鼎-板橋",0,10,-10
"11951","1570力肯","110/07/20","華南永昌-楠梓",5,0,5
"11952","1570力肯","110/07/20","日盛-鳳山",0,8,-8
"11953","1570力肯","110/07/20","元大-基隆孝二",5,0,5
"11954","1570力肯","110/07/20","永豐金-新竹",6,14,-8
"11955","1570力肯","110/07/20","元大-新竹經國",4,0,4
"11956","1570力肯","110/07/20","第一金-彰化",0,7,-7
"11957","1570力肯","110/07/20","土銀-高雄",2,0,2
"11958","1570力肯","110/07/20","元富-吉利",0,7,-7
"11959","1570力肯","110/07/20","台灣企銀-太平",2,0,2
"11960","1570力肯","110/07/20","台中銀-員林",0,7,-7
"11961","1570力肯","110/07/20","兆豐-忠孝",2,0,2
"11962","1570力肯","110/07/20","玉山證券",1,8,-7
"11963","1570力肯","110/07/20","玉山-城中",2,0,2
"11964","1570力肯","110/07/20","統一-三重",0,5,-5
"11965","1570力肯","110/07/20","國泰-板橋",2,0,2
"11966","1570力肯","110/07/20","光和-溪湖",0,3,-3
"11967","1570力肯","110/07/20","凱基-台北",2,0,2
"11968","1570力肯","110/07/20","康和-澎湖",0,3,-3
"11969","1570力肯","110/07/20","華南永昌-高雄",2,0,2
"11970","1570力肯","110/07/20","摩根大通",0,2,-2
"11971","6180橘子","110/07/20","摩根大通",89,31,58
"11972","6180橘子","110/07/20","群益金鼎-中山",0,80,-80
"11973","6180橘子","110/07/20","美商高盛",27,0,27
"11974","6180橘子","110/07/20","台中銀-台北",0,30,-30
"11975","6180橘子","110/07/20","新加坡商瑞銀",28,1,27
"11976","6180橘子","110/07/20","日盛-新莊",1,22,-21
"11977","6180橘子","110/07/20","新光",41,16,25
"11978","6180橘子","110/07/20","元富-緯城",2,20,-18
"11979","6180橘子","110/07/20","日盛-文化",21,0,21
"11980","6180橘子","110/07/20","日盛-新竹",2,15,-13
"11981","6180橘子","110/07/20","元富-潮州",20,0,20
"11982","6180橘子","110/07/20","元大-汐止",0,12,-12
"11983","6180橘子","110/07/20","凱基-台北",31,11,20
"11984","6180橘子","110/07/20","元大-豐原站前",0,12,-12
"11985","6180橘子","110/07/20","元大-草屯",18,0,18
"11986","6180橘子","110/07/20","德信-中正",0,10,-10
"11987","6180橘子","110/07/20","花旗環球",13,0,13
"11988","6180橘子","110/07/20","新光-台南",0,10,-10
"11989","6180橘子","110/07/20","元大-桃園",12,0,12
"11990","6180橘子","110/07/20","玉山-雙和",0,10,-10
"11991","6180橘子","110/07/20","群益金鼎",10,0,10
"11992","6180橘子","110/07/20","元大-四維",0,10,-10
"11993","6180橘子","110/07/20","元大-高雄",10,0,10
"11994","6180橘子","110/07/20","元大-永春",2,12,-10
"11995","6180橘子","110/07/20","群益金鼎-嘉義",9,0,9
"11996","6180橘子","110/07/20","凱基-高美館",0,8,-8
"11997","6180橘子","110/07/20","富邦-嘉義",9,0,9
"11998","6180橘子","110/07/20","華南永昌",2,10,-8
"11999","6180橘子","110/07/20","元富-草屯",10,2,8
"12000","6180橘子","110/07/20","富邦-台北",0,8,-8
"12001","2390云辰","110/07/20","元大證券",6043,11,6032
"12002","2390云辰","110/07/20","華南永昌-鳳山",2,312,-310
"12003","2390云辰","110/07/20","兆豐-復興",998,0,998
"12004","2390云辰","110/07/20","台灣摩根士丹利",0,247,-247
"12005","2390云辰","110/07/20","富邦-嘉義",775,7,768
"12006","2390云辰","110/07/20","元大-復北",4,239,-235
"12007","2390云辰","110/07/20","統一-台中",350,6,344
"12008","2390云辰","110/07/20","富邦-建國",25,236,-211
"12009","2390云辰","110/07/20","兆豐-城中",240,0,240
"12010","2390云辰","110/07/20","元富-中港",0,202,-202
"12011","2390云辰","110/07/20","群益金鼎-館前",204,2,202
"12012","2390云辰","110/07/20","國泰-敦南",20,194,-174
"12013","2390云辰","110/07/20","凱基-大直",187,0,187
"12014","2390云辰","110/07/20","元大-土城學府",10,156,-146
"12015","2390云辰","110/07/20","永豐金證券",160,10,150
"12016","2390云辰","110/07/20","中國信託-松江",0,130,-130
"12017","2390云辰","110/07/20","日盛-高雄",104,2,102
"12018","2390云辰","110/07/20","凱基-基隆",0,130,-130
"12019","2390云辰","110/07/20","凱基-中山",100,3,97
"12020","2390云辰","110/07/20","永豐金-中正",1,117,-116
"12021","2390云辰","110/07/20","元大-基隆",85,7,78
"12022","2390云辰","110/07/20","富邦-陽明",1,94,-93
"12023","2390云辰","110/07/20","群益金鼎-東大",64,2,62
"12024","2390云辰","110/07/20","元大-潮州",20,112,-92
"12025","2390云辰","110/07/20","元大-前金",60,1,59
"12026","2390云辰","110/07/20","宏遠證券",0,89,-89
"12027","2390云辰","110/07/20","國票-北高雄",63,14,49
"12028","2390云辰","110/07/20","兆豐-台中",0,75,-75
"12029","2390云辰","110/07/20","群益金鼎-三重",40,6,34
"12030","2390云辰","110/07/20","新光",8,82,-74
"12031","2363矽統","110/07/19","第一金-忠孝",210,0,210
"12032","2363矽統","110/07/19","富邦-仁愛",32,575,-543
"12033","2363矽統","110/07/19","中國信託-文心",191,9,182
"12034","2363矽統","110/07/19","新加坡商瑞銀",53,486,-433
"12035","2363矽統","110/07/19","華南永昌-鳳山",116,1,115
"12036","2363矽統","110/07/19","摩根大通",42,320,-278
"12037","2363矽統","110/07/19","元大-新竹",113,12,101
"12038","2363矽統","110/07/19","元大-竹科",3,201,-198
"12039","2363矽統","110/07/19","凱基-中山",89,1,88
"12040","2363矽統","110/07/19","元大-成功",7,183,-176
"12041","2363矽統","110/07/19","永豐金-嘉義",82,7,75
"12042","2363矽統","110/07/19","凱基-大里",0,150,-150
"12043","2363矽統","110/07/19","凱基-台南",72,4,68
"12044","2363矽統","110/07/19","瑞士信貸",80,215,-135
"12045","2363矽統","110/07/19","元富-城東",84,17,67
"12046","2363矽統","110/07/19","日盛-新莊",4,135,-131
"12047","2363矽統","110/07/19","群益金鼎-東湖",61,0,61
"12048","2363矽統","110/07/19","宏遠-桃園",20,150,-130
"12049","2363矽統","110/07/19","兆豐-中壢",55,0,55
"12050","2363矽統","110/07/19","凱基-三重",7,107,-100
"12051","2363矽統","110/07/19","康和-內湖",55,1,54
"12052","2363矽統","110/07/19","凱基-台北",384,476,-92
"12053","2363矽統","110/07/19","群益金鼎-桃園",55,2,53
"12054","2363矽統","110/07/19","合庫-台中",3,84,-81
"12055","2363矽統","110/07/19","群益金鼎-大興",50,0,50
"12056","2363矽統","110/07/19","致和-金華",1,80,-79
"12057","2363矽統","110/07/19","台新-台中",81,32,49
"12058","2363矽統","110/07/19","凱基-員林",5,77,-72
"12059","2363矽統","110/07/19","北城證券",58,10,48
"12060","2363矽統","110/07/19","華南永昌-合泰",2,70,-68
"12061","8112至上","110/07/19","摩根大通",1413,144,1269
"12062","8112至上","110/07/19","凱基-三重",3,600,-597
"12063","8112至上","110/07/19","凱基-台北",1053,266,787
"12064","8112至上","110/07/19","元大-府城",0,165,-165
"12065","8112至上","110/07/19","新加坡商瑞銀",523,2,521
"12066","8112至上","110/07/19","台灣企銀-台中",0,150,-150
"12067","8112至上","110/07/19","台灣摩根士丹利",487,8,479
"12068","8112至上","110/07/19","(牛牛牛)亞-鑫豐",26,119,-93
"12069","8112至上","110/07/19","美林",529,93,436
"12070","8112至上","110/07/19","永豐金-台南",15,95,-80
"12071","8112至上","110/07/19","港商野村",358,36,322
"12072","8112至上","110/07/19","亞東-板橋",2,81,-79
"12073","8112至上","110/07/19","美商高盛",276,3,273
"12074","8112至上","110/07/19","陽信",0,70,-70
"12075","8112至上","110/07/19","兆豐-公益",180,7,173
"12076","8112至上","110/07/19","元富-佳里",0,69,-69
"12077","8112至上","110/07/19","國泰-板橋",116,15,101
"12078","8112至上","110/07/19","臺銀-鳳山",7,72,-65
"12079","8112至上","110/07/19","凱基-新莊",100,1,99
"12080","8112至上","110/07/19","兆豐-竹北",4,65,-61
"12081","8112至上","110/07/19","凱基-市政",89,0,89
"12082","8112至上","110/07/19","國泰-新莊",2,62,-60
"12083","8112至上","110/07/19","玉山證券",73,7,66
"12084","8112至上","110/07/19","元富-大裕",2,60,-58
"12085","8112至上","110/07/19","花旗環球",64,0,64
"12086","8112至上","110/07/19","臺灣企銀-桃園",0,55,-55
"12087","8112至上","110/07/19","合庫-台中",55,3,52
"12088","8112至上","110/07/19","康和-台南",4,59,-55
"12089","8112至上","110/07/19","永豐金-中壢",50,1,49
"12090","8112至上","110/07/19","第一金-華江",3,55,-52
"12091","1570力肯","110/07/19","國票-北高雄",34,0,34
"12092","1570力肯","110/07/19","合庫-三重",0,8,-8
"12093","1570力肯","110/07/19","新光",30,3,27
"12094","1570力肯","110/07/19","元大-高雄",0,8,-8
"12095","1570力肯","110/07/19","凱基-台北",24,1,23
"12096","1570力肯","110/07/19","合庫-台中",0,7,-7
"12097","1570力肯","110/07/19","台灣摩根士丹利",7,0,7
"12098","1570力肯","110/07/19","臺銀-臺中",0,6,-6
"12099","1570力肯","110/07/19","元大-林森",5,0,5
"12100","1570力肯","110/07/19","摩根大通",6,11,-5
"12101","1570力肯","110/07/19","元大-士林",4,0,4
"12102","1570力肯","110/07/19","元富-緯城",0,4,-4
"12103","1570力肯","110/07/19","玉山證券",8,5,3
"12104","1570力肯","110/07/19","玉山-台大",0,4,-4
"12105","1570力肯","110/07/19","統一-城中",2,0,2
"12106","1570力肯","110/07/19","群益金鼎-三重",0,4,-4
"12107","1570力肯","110/07/19","元大-基隆孝二",2,0,2
"12108","1570力肯","110/07/19","凱基-鳳山",1,5,-4
"12109","1570力肯","110/07/19","土銀-建國",1,0,1
"12110","1570力肯","110/07/19","元大-板橋",0,4,-4
"12111","1570力肯","110/07/19","日盛-復興",1,0,1
"12112","1570力肯","110/07/19","日盛-和美",0,3,-3
"12113","1570力肯","110/07/19","瑞士信貸",1,0,1
"12114","1570力肯","110/07/19","元富-新店",2,5,-3
"12115","1570力肯","110/07/19","元富-四維",1,0,1
"12116","1570力肯","110/07/19","元大-新莊",0,3,-3
"12117","1570力肯","110/07/19","群益金鼎-北高雄",1,0,1
"12118","1570力肯","110/07/19","永豐金-敦南",0,3,-3
"12119","1570力肯","110/07/19","凱基-高美館",1,0,1
"12120","1570力肯","110/07/19","永豐金-台中",0,3,-3
"12121","2929淘帝","110/07/19","元大-民生",28,0,28
"12122","2929淘帝","110/07/19","元大-六合",0,40,-40
"12123","2929淘帝","110/07/19","宏遠-光隆",25,0,25
"12124","2929淘帝","110/07/19","新光-新竹",0,35,-35
"12125","2929淘帝","110/07/19","華南永昌-苗栗",20,0,20
"12126","2929淘帝","110/07/19","新加坡商瑞銀",1,30,-29
"12127","2929淘帝","110/07/19","元大-員林",20,0,20
"12128","2929淘帝","110/07/19","永豐金-永康",0,27,-27
"12129","2929淘帝","110/07/19","合庫-高雄",18,0,18
"12130","2929淘帝","110/07/19","凱基-復興",0,24,-24
"12131","2929淘帝","110/07/19","臺銀-鳳山",18,0,18
"12132","2929淘帝","110/07/19","日盛-豐原",0,22,-22
"12133","2929淘帝","110/07/19","日盛-雙和",17,0,17
"12134","2929淘帝","110/07/19","富邦-南屯",1,22,-21
"12135","2929淘帝","110/07/19","華南永昌-林口",15,0,15
"12136","2929淘帝","110/07/19","新光",1,21,-20
"12137","2929淘帝","110/07/19","元大-屏南",15,0,15
"12138","2929淘帝","110/07/19","華南永昌",0,20,-20
"12139","2929淘帝","110/07/19","台新-中壢",12,0,12
"12140","2929淘帝","110/07/19","富邦-竹東",2,22,-20
"12141","2929淘帝","110/07/19","新光-台中",11,0,11
"12142","2929淘帝","110/07/19","凱基-士林",0,16,-16
"12143","2929淘帝","110/07/19","凱基-台北",20,9,11
"12144","2929淘帝","110/07/19","福勝",0,15,-15
"12145","2929淘帝","110/07/19","富邦-台北",11,0,11
"12146","2929淘帝","110/07/19","港商野村",25,37,-12
"12147","2929淘帝","110/07/19","合庫-自強",10,0,10
"12148","2929淘帝","110/07/19","群益金鼎-建成",0,11,-11
"12149","2929淘帝","110/07/19","凱基-豐中",10,0,10
"12150","2929淘帝","110/07/19","華南永昌-朴子",0,11,-11
"12151","5410國眾","110/07/19","香港上海匯豐",28,0,28
"12152","5410國眾","110/07/19","群益金鼎-內湖",0,80,-80
"12153","5410國眾","110/07/19","大昌",26,0,26
"12154","5410國眾","110/07/19","永豐金-屏東",0,14,-14
"12155","5410國眾","110/07/19","兆豐-公益",20,0,20
"12156","5410國眾","110/07/19","永豐金-南京",0,10,-10
"12157","5410國眾","110/07/19","合庫-嘉義",10,0,10
"12158","5410國眾","110/07/19","元大-內湖",0,9,-9
"12159","5410國眾","110/07/19","台新-左楠",20,10,10
"12160","5410國眾","110/07/19","富邦-永和",0,8,-8
"12161","5410國眾","110/07/19","摩根大通",15,6,9
"12162","5410國眾","110/07/19","日盛-景美",0,6,-6
"12163","5410國眾","110/07/19","台灣企銀-民雄",8,0,8
"12164","5410國眾","110/07/19","光和",1,7,-6
"12165","5410國眾","110/07/19","元大-竹科",8,0,8
"12166","5410國眾","110/07/19","元大-士林",0,6,-6
"12167","5410國眾","110/07/19","凱基-台北",9,3,6
"12168","5410國眾","110/07/19","新光-台中",0,5,-5
"12169","5410國眾","110/07/19","元大-博愛",6,0,6
"12170","5410國眾","110/07/19","元大-景美",0,5,-5
"12171","5410國眾","110/07/19","台新-三民",5,0,5
"12172","5410國眾","110/07/19","大慶-蘆洲",0,4,-4
"12173","5410國眾","110/07/19","群益金鼎-中壢",5,0,5
"12174","5410國眾","110/07/19","中國信託-新竹",0,4,-4
"12175","5410國眾","110/07/19","群益金鼎-嘉義",5,0,5
"12176","5410國眾","110/07/19","新光",6,10,-4
"12177","5410國眾","110/07/19","日盛證券",4,0,4
"12178","5410國眾","110/07/19","元大-基隆孝二",0,4,-4
"12179","5410國眾","110/07/19","群益金鼎-新店",4,0,4
"12180","5410國眾","110/07/19","土銀-台中",0,3,-3
"12181","2841台開","110/07/19","元富-城東",150,0,150
"12182","2841台開","110/07/19","日進",0,80,-80
"12183","2841台開","110/07/19","中國信託-忠孝",80,0,80
"12184","2841台開","110/07/19","港商野村",0,77,-77
"12185","2841台開","110/07/19","凱基-台北",52,0,52
"12186","2841台開","110/07/19","摩根大通",0,41,-41
"12187","2841台開","110/07/19","美商高盛",48,0,48
"12188","2841台開","110/07/19","元大-三重",1,38,-37
"12189","2841台開","110/07/19","台中銀",43,0,43
"12190","2841台開","110/07/19","元大-福營",0,30,-30
"12191","2841台開","110/07/19","永豐金-豐原",32,0,32
"12192","2841台開","110/07/19","新光",4,28,-24
"12193","2841台開","110/07/19","豐農",20,0,20
"12194","2841台開","110/07/19","元大-竹科",0,22,-22
"12195","2841台開","110/07/19","台新-台中",30,10,20
"12196","2841台開","110/07/19","永豐金-敦南",33,55,-22
"12197","2841台開","110/07/19","華南永昌-新莊",20,0,20
"12198","2841台開","110/07/19","日盛-二林",0,15,-15
"12199","2841台開","110/07/19","第一金-台中",12,0,12
"12200","2841台開","110/07/19","元富-虎尾",0,15,-15
"12201","2841台開","110/07/19","國泰-台中",12,0,12
"12202","2841台開","110/07/19","華南永昌-世貿",0,15,-15
"12203","2841台開","110/07/19","日茂",10,0,10
"12204","2841台開","110/07/19","統一-三多",0,12,-12
"12205","2841台開","110/07/19","凱基-埔墘",10,0,10
"12206","2841台開","110/07/19","台中銀-豐原",0,10,-10
"12207","2841台開","110/07/19","永豐金-內湖",8,0,8
"12208","2841台開","110/07/19","元大-頭份",0,10,-10
"12209","2841台開","110/07/19","合庫-台中",7,0,7
"12210","2841台開","110/07/19","合庫-台南",0,8,-8
"12211","6207雷科","110/07/19","元富-信義",92,0,92
"12212","6207雷科","110/07/19","新加坡商瑞銀",5,104,-99
"12213","6207雷科","110/07/19","國泰證券",90,0,90
"12214","6207雷科","110/07/19","富邦-彰化",2,97,-95
"12215","6207雷科","110/07/19","元富-城中",80,4,76
"12216","6207雷科","110/07/19","永豐金-內湖",6,85,-79
"12217","6207雷科","110/07/19","元大-福營",71,5,66
"12218","6207雷科","110/07/19","摩根大通",102,164,-62
"12219","6207雷科","110/07/19","凱基-復興",60,0,60
"12220","6207雷科","110/07/19","瑞士信貸",0,51,-51
"12221","6207雷科","110/07/19","凱基-台北",91,46,45
"12222","6207雷科","110/07/19","凱基-板橋",10,55,-45
"12223","6207雷科","110/07/19","玉山-城中",42,0,42
"12224","6207雷科","110/07/19","華南永昌-大安",0,40,-40
"12225","6207雷科","110/07/19","華南永昌-長虹",40,0,40
"12226","6207雷科","110/07/19","群益金鼎-東大",1,40,-39
"12227","6207雷科","110/07/19","永豐金-羅東",38,0,38
"12228","6207雷科","110/07/19","台新-高雄",15,47,-32
"12229","6207雷科","110/07/19","日盛-忠孝",36,2,34
"12230","6207雷科","110/07/19","玉山-嘉義",1,32,-31
"12231","6207雷科","110/07/19","凱基-羅東",37,3,34
"12232","6207雷科","110/07/19","凱基-中港",0,30,-30
"12233","6207雷科","110/07/19","第一金-新竹",30,0,30
"12234","6207雷科","110/07/19","元大-六合",7,36,-29
"12235","6207雷科","110/07/19","玉山-數位",27,1,26
"12236","6207雷科","110/07/19","元富-花蓮",0,28,-28
"12237","6207雷科","110/07/19","凱基-長庚",22,0,22
"12238","6207雷科","110/07/19","群益金鼎-瑞豐",6,34,-28
"12239","6207雷科","110/07/19","台灣企銀-北高雄",20,0,20
"12240","6207雷科","110/07/19","新百王",0,26,-26
"12241","3679新至陞","110/07/19","元大-成功",7,0,7
"12242","3679新至陞","110/07/19","群益金鼎-大安",0,15,-15
"12243","3679新至陞","110/07/19","美商高盛",6,0,6
"12244","3679新至陞","110/07/19","凱基-民權",0,10,-10
"12245","3679新至陞","110/07/19","台新-高雄",5,0,5
"12246","3679新至陞","110/07/19","元大-西門",0,10,-10
"12247","3679新至陞","110/07/19","凱基-松山",5,0,5
"12248","3679新至陞","110/07/19","瑞士信貸",0,6,-6
"12249","3679新至陞","110/07/19","日盛-員林",4,0,4
"12250","3679新至陞","110/07/19","兆豐-高雄",0,6,-6
"12251","3679新至陞","110/07/19","台中銀-員林",4,0,4
"12252","3679新至陞","110/07/19","群益金鼎",0,5,-5
"12253","3679新至陞","110/07/19","(牛牛牛)亞-網路",3,0,3
"12254","3679新至陞","110/07/19","元大-永春",0,4,-4
"12255","3679新至陞","110/07/19","大昌-新店",3,0,3
"12256","3679新至陞","110/07/19","凱基-台北",2,5,-3
"12257","3679新至陞","110/07/19","凱基-埔墘",3,0,3
"12258","3679新至陞","110/07/19","港商法國興業",0,2,-2
"12259","3679新至陞","110/07/19","元大-板橋",3,0,3
"12260","3679新至陞","110/07/19","摩根大通",2,4,-2
"12261","3679新至陞","110/07/19","臺銀-金山",2,0,2
"12262","3679新至陞","110/07/19","元大-金門",0,2,-2
"12263","3679新至陞","110/07/19","日盛-樹林",2,0,2
"12264","3679新至陞","110/07/19","元大-土城",0,2,-2
"12265","3679新至陞","110/07/19","致和-東門",2,0,2
"12266","3679新至陞","110/07/19","日盛-鳳山",0,1,-1
"12267","3679新至陞","110/07/19","國票-敦北法人",2,0,2
"12268","3679新至陞","110/07/19","美林",1,2,-1
"12269","3679新至陞","110/07/19","台新證券",2,0,2
"12270","3679新至陞","110/07/19","第一金",0,1,-1
"12271","2727王品","110/07/19","台新證券",374,33,341
"12272","2727王品","110/07/19","台灣摩根士丹利",25,188,-163
"12273","2727王品","110/07/19","瑞士信貸",217,1,216
"12274","2727王品","110/07/19","港商野村",74,198,-124
"12275","2727王品","110/07/19","兆豐-南京",200,0,200
"12276","2727王品","110/07/19","統一",6,80,-74
"12277","2727王品","110/07/19","第一金",70,1,69
"12278","2727王品","110/07/19","合庫-台中",8,79,-71
"12279","2727王品","110/07/19","元大-小港",59,1,58
"12280","2727王品","110/07/19","凱基-台北",178,231,-53
"12281","2727王品","110/07/19","玉山-桃園",42,6,36
"12282","2727王品","110/07/19","富邦-中壢",3,52,-49
"12283","2727王品","110/07/19","永豐金-大園",31,0,31
"12284","2727王品","110/07/19","凱基-永華",0,43,-43
"12285","2727王品","110/07/19","兆豐-大安",30,0,30
"12286","2727王品","110/07/19","土銀-台中",0,36,-36
"12287","2727王品","110/07/19","美商高盛",38,15,23
"12288","2727王品","110/07/19","美林",8,41,-33
"12289","2727王品","110/07/19","康和-澎湖",23,1,22
"12290","2727王品","110/07/19","中國信託-忠孝",1,33,-32
"12291","2727王品","110/07/19","第一金-高雄",21,0,21
"12292","2727王品","110/07/19","新光",31,61,-30
"12293","2727王品","110/07/19","國票-內壢",21,0,21
"12294","2727王品","110/07/19","第一金-豐原",0,26,-26
"12295","2727王品","110/07/19","元大-桃興",19,3,16
"12296","2727王品","110/07/19","富邦-彰化",0,26,-26
"12297","2727王品","110/07/19","凱基-三重",16,1,15
"12298","2727王品","110/07/19","摩根大通",78,97,-19
"12299","2727王品","110/07/19","永豐金-南投",16,1,15
"12300","2727王品","110/07/19","國泰證券",2,21,-19
"12301","1570力肯","110/07/19","國票-北高雄",34,0,34
"12302","1570力肯","110/07/19","合庫-三重",0,8,-8
"12303","1570力肯","110/07/19","新光",30,3,27
"12304","1570力肯","110/07/19","元大-高雄",0,8,-8
"12305","1570力肯","110/07/19","凱基-台北",24,1,23
"12306","1570力肯","110/07/19","合庫-台中",0,7,-7
"12307","1570力肯","110/07/19","台灣摩根士丹利",7,0,7
"12308","1570力肯","110/07/19","臺銀-臺中",0,6,-6
"12309","1570力肯","110/07/19","元大-林森",5,0,5
"12310","1570力肯","110/07/19","摩根大通",6,11,-5
"12311","1570力肯","110/07/19","元大-士林",4,0,4
"12312","1570力肯","110/07/19","元富-緯城",0,4,-4
"12313","1570力肯","110/07/19","玉山證券",8,5,3
"12314","1570力肯","110/07/19","玉山-台大",0,4,-4
"12315","1570力肯","110/07/19","統一-城中",2,0,2
"12316","1570力肯","110/07/19","群益金鼎-三重",0,4,-4
"12317","1570力肯","110/07/19","元大-基隆孝二",2,0,2
"12318","1570力肯","110/07/19","凱基-鳳山",1,5,-4
"12319","1570力肯","110/07/19","土銀-建國",1,0,1
"12320","1570力肯","110/07/19","元大-板橋",0,4,-4
"12321","1570力肯","110/07/19","日盛-復興",1,0,1
"12322","1570力肯","110/07/19","日盛-和美",0,3,-3
"12323","1570力肯","110/07/19","瑞士信貸",1,0,1
"12324","1570力肯","110/07/19","元富-新店",2,5,-3
"12325","1570力肯","110/07/19","元富-四維",1,0,1
"12326","1570力肯","110/07/19","元大-新莊",0,3,-3
"12327","1570力肯","110/07/19","群益金鼎-北高雄",1,0,1
"12328","1570力肯","110/07/19","永豐金-敦南",0,3,-3
"12329","1570力肯","110/07/19","凱基-高美館",1,0,1
"12330","1570力肯","110/07/19","永豐金-台中",0,3,-3
"12331","6180橘子","110/07/19","兆豐證券",55,0,55
"12332","6180橘子","110/07/19","石橋證券",0,80,-80
"12333","6180橘子","110/07/19","凱基-台北",89,35,54
"12334","6180橘子","110/07/19","永豐金-大園",2,50,-48
"12335","6180橘子","110/07/19","合庫-自強",36,0,36
"12336","6180橘子","110/07/19","群益金鼎-屏東",0,40,-40
"12337","6180橘子","110/07/19","新光",50,25,25
"12338","6180橘子","110/07/19","國泰-敦南",0,19,-19
"12339","6180橘子","110/07/19","日盛-龍潭",20,0,20
"12340","6180橘子","110/07/19","日盛-新竹",2,20,-18
"12341","6180橘子","110/07/19","元大-斗信",16,1,15
"12342","6180橘子","110/07/19","摩根大通",17,35,-18
"12343","6180橘子","110/07/19","康和-台中",12,0,12
"12344","6180橘子","110/07/19","富邦-陽明",0,17,-17
"12345","6180橘子","110/07/19","國泰-台中",14,2,12
"12346","6180橘子","110/07/19","美商高盛",11,27,-16
"12347","6180橘子","110/07/19","富邦-嘉義",12,0,12
"12348","6180橘子","110/07/19","統一-宜蘭",0,14,-14
"12349","6180橘子","110/07/19","元大-草屯",12,0,12
"12350","6180橘子","110/07/19","凱基-興隆",0,12,-12
"12351","6180橘子","110/07/19","元富-桃園",11,0,11
"12352","6180橘子","110/07/19","台中銀-豐原",1,11,-10
"12353","6180橘子","110/07/19","兆豐-城中",10,0,10
"12354","6180橘子","110/07/19","永豐金-豐原",0,10,-10
"12355","6180橘子","110/07/19","元大-旗山",10,0,10
"12356","6180橘子","110/07/19","永豐金-竹科",0,10,-10
"12357","6180橘子","110/07/19","元大-大安",10,0,10
"12358","6180橘子","110/07/19","臺銀-鳳山",1,10,-9
"12359","6180橘子","110/07/19","大昌-新店",9,0,9
"12360","6180橘子","110/07/19","群益金鼎-台南",0,9,-9
"12361","2390云辰","110/07/19","摩根大通",1135,266,869
"12362","2390云辰","110/07/19","元富-成功",15,119,-104
"12363","2390云辰","110/07/19","台灣摩根士丹利",232,40,192
"12364","2390云辰","110/07/19","元富-中港",5,101,-96
"12365","2390云辰","110/07/19","凱基-台北",669,504,165
"12366","2390云辰","110/07/19","元富-嘉義",5,85,-80
"12367","2390云辰","110/07/19","美林",290,159,131
"12368","2390云辰","110/07/19","美商高盛",11,62,-51
"12369","2390云辰","110/07/19","統一",111,8,103
"12370","2390云辰","110/07/19","群益金鼎-西松",4,54,-50
"12371","2390云辰","110/07/19","元富-埔里",102,0,102
"12372","2390云辰","110/07/19","聯邦商銀",0,48,-48
"12373","2390云辰","110/07/19","華南永昌-台中",126,26,100
"12374","2390云辰","110/07/19","元大-萬華",15,57,-42
"12375","2390云辰","110/07/19","永豐金-豐原",100,32,68
"12376","2390云辰","110/07/19","群益金鼎-高雄",2,42,-40
"12377","2390云辰","110/07/19","台新-台南",87,25,62
"12378","2390云辰","110/07/19","國泰-敦南",117,154,-37
"12379","2390云辰","110/07/19","台新-左楠",67,11,56
"12380","2390云辰","110/07/19","中國信託-文心",5,40,-35
"12381","2390云辰","110/07/19","國泰-忠孝",52,0,52
"12382","2390云辰","110/07/19","凱基-城中",16,51,-35
"12383","2390云辰","110/07/19","台新證券",105,54,51
"12384","2390云辰","110/07/19","瑞士信貸",0,31,-31
"12385","2390云辰","110/07/19","華南永昌-頭份",53,3,50
"12386","2390云辰","110/07/19","中國信託-永康",1,32,-31
"12387","2390云辰","110/07/19","新光-台南",44,0,44
"12388","2390云辰","110/07/19","統一-彰化",2,32,-30
"12389","2390云辰","110/07/19","合庫-西台中",50,8,42
"12390","2390云辰","110/07/19","元大-館前",7,37,-30
"12391","2363矽統","110/07/16","國票-長城",461,21,440
"12392","2363矽統","110/07/16","新加坡商瑞銀",155,482,-327
"12393","2363矽統","110/07/16","凱基-豐中",201,3,198
"12394","2363矽統","110/07/16","港商野村",253,546,-293
"12395","2363矽統","110/07/16","凱基-土城",132,9,123
"12396","2363矽統","110/07/16","摩根大通",116,401,-285
"12397","2363矽統","110/07/16","台新證券",199,78,121
"12398","2363矽統","110/07/16","瑞士信貸",291,533,-242
"12399","2363矽統","110/07/16","日盛-中和",74,0,74
"12400","2363矽統","110/07/16","日盛-竹北",19,248,-229
"12401","2363矽統","110/07/16","日盛-員林",66,3,63
"12402","2363矽統","110/07/16","臺銀-金山",4,211,-207
"12403","2363矽統","110/07/16","國票-中和",60,3,57
"12404","2363矽統","110/07/16","元大-大統",13,138,-125
"12405","2363矽統","110/07/16","新光",240,184,56
"12406","2363矽統","110/07/16","永豐金證券",11,125,-114
"12407","2363矽統","110/07/16","富邦-竹東",65,9,56
"12408","2363矽統","110/07/16","兆豐-民生",2,101,-99
"12409","2363矽統","110/07/16","華南永昌-鳳山",56,1,55
"12410","2363矽統","110/07/16","群益金鼎-松山",2,100,-98
"12411","2363矽統","110/07/16","凱基-台北",520,466,54
"12412","2363矽統","110/07/16","元大-花蓮",8,99,-91
"12413","2363矽統","110/07/16","元富-城東",63,12,51
"12414","2363矽統","110/07/16","華南永昌-虎尾",68,154,-86
"12415","2363矽統","110/07/16","群益金鼎-桃園",56,5,51
"12416","2363矽統","110/07/16","富邦-新竹華信",7,89,-82
"12417","2363矽統","110/07/16","北城證券",60,10,50
"12418","2363矽統","110/07/16","元大-佳里",3,81,-78
"12419","2363矽統","110/07/16","國票-九鼎",57,7,50
"12420","2363矽統","110/07/16","玉山-南京東路",0,73,-73
"12421","8112至上","110/07/16","宏遠證券",551,6,545
"12422","8112至上","110/07/16","玉山-桃園",42,318,-276
"12423","8112至上","110/07/16","台灣摩根士丹利",317,11,306
"12424","8112至上","110/07/16","美林",64,305,-241
"12425","8112至上","110/07/16","新加坡商瑞銀",378,73,305
"12426","8112至上","110/07/16","宏遠-館前",16,212,-196
"12427","8112至上","110/07/16","凱基-台北",758,553,205
"12428","8112至上","110/07/16","玉山-嘉義",19,95,-76
"12429","8112至上","110/07/16","富邦證券",127,0,127
"12430","8112至上","110/07/16","群益金鼎-三民",7,82,-75
"12431","8112至上","110/07/16","台新證券",129,30,99
"12432","8112至上","110/07/16","日盛-二林",1,73,-72
"12433","8112至上","110/07/16","花旗環球",97,0,97
"12434","8112至上","110/07/16","玉山-台大",8,76,-68
"12435","8112至上","110/07/16","永豐金-台南",97,8,89
"12436","8112至上","110/07/16","元富-台南",1,68,-67
"12437","8112至上","110/07/16","元大-大天母",93,15,78
"12438","8112至上","110/07/16","玉山-板橋",4,71,-67
"12439","8112至上","110/07/16","亞東-板橋",72,2,70
"12440","8112至上","110/07/16","臺灣企銀-埔墘",0,60,-60
"12441","8112至上","110/07/16","永豐金-中正",64,9,55
"12442","8112至上","110/07/16","華南永昌-鶯歌",11,64,-53
"12443","8112至上","110/07/16","大昌-樹林",53,2,51
"12444","8112至上","110/07/16","元大-士林",7,59,-52
"12445","8112至上","110/07/16","凱基-永和",56,5,51
"12446","8112至上","110/07/16","元富-新店",8,57,-49
"12447","8112至上","110/07/16","兆豐-竹北",53,3,50
"12448","8112至上","110/07/16","富邦-陽明",9,58,-49
"12449","8112至上","110/07/16","日盛-豐原",48,0,48
"12450","8112至上","110/07/16","元大-發財",0,49,-49
"12451","1570力肯","110/07/16","新光",71,6,65
"12452","1570力肯","110/07/16","元大-高雄",0,23,-23
"12453","1570力肯","110/07/16","國票-北高雄",21,0,21
"12454","1570力肯","110/07/16","合庫-台南",0,20,-20
"12455","1570力肯","110/07/16","凱基-台北",17,1,16
"12456","1570力肯","110/07/16","元富-新店",0,15,-15
"12457","1570力肯","110/07/16","群益金鼎-高雄",15,0,15
"12458","1570力肯","110/07/16","元大-東港",0,10,-10
"12459","1570力肯","110/07/16","富邦-建國",10,0,10
"12460","1570力肯","110/07/16","中國信託",0,7,-7
"12461","1570力肯","110/07/16","元大-士林",5,0,5
"12462","1570力肯","110/07/16","台新證券",0,6,-6
"12463","1570力肯","110/07/16","瑞士信貸",3,0,3
"12464","1570力肯","110/07/16","日盛-信義",0,5,-5
"12465","1570力肯","110/07/16","臺銀-高雄",2,0,2
"12466","1570力肯","110/07/16","宏遠-館前",0,5,-5
"12467","1570力肯","110/07/16","華南永昌",2,0,2
"12468","1570力肯","110/07/16","國泰-館前",0,5,-5
"12469","1570力肯","110/07/16","元富-同大",1,0,1
"12470","1570力肯","110/07/16","富邦-園區",0,5,-5
"12471","1570力肯","110/07/16","兆豐-麻豆",1,0,1
"12472","1570力肯","110/07/16","永豐金-中正",0,5,-5
"12473","1570力肯","110/07/16","國泰-板橋",1,0,1
"12474","1570力肯","110/07/16","(牛牛牛)亞-鑫豐",0,4,-4
"12475","1570力肯","110/07/16","群益金鼎-東湖",1,0,1
"12476","1570力肯","110/07/16","台中銀-員林",0,3,-3
"12477","1570力肯","110/07/16","元大-東泰",1,0,1
"12478","1570力肯","110/07/16","玉山-新莊",0,3,-3
"12479","1570力肯","110/07/16","元大-南勢角",1,0,1
"12480","1570力肯","110/07/16","凱基-長庚",0,3,-3
"12481","2929淘帝","110/07/16","元大-民生",28,0,28
"12482","2929淘帝","110/07/16","玉山-新竹",0,30,-30
"12483","2929淘帝","110/07/16","元大-員林",20,0,20
"12484","2929淘帝","110/07/16","合庫證券",0,20,-20
"12485","2929淘帝","110/07/16","兆豐-桃鶯",12,0,12
"12486","2929淘帝","110/07/16","元大-六合",0,20,-20
"12487","2929淘帝","110/07/16","元大-大統",10,0,10
"12488","2929淘帝","110/07/16","摩根大通",0,12,-12
"12489","2929淘帝","110/07/16","新加坡商瑞銀",9,0,9
"12490","2929淘帝","110/07/16","永興",0,6,-6
"12491","2929淘帝","110/07/16","凱基-基隆",6,0,6
"12492","2929淘帝","110/07/16","凱基-長庚",0,5,-5
"12493","2929淘帝","110/07/16","合庫-高雄",5,0,5
"12494","2929淘帝","110/07/16","群益金鼎-潭子",0,4,-4
"12495","2929淘帝","110/07/16","台新-台中",6,1,5
"12496","2929淘帝","110/07/16","華南永昌-小港",2,6,-4
"12497","2929淘帝","110/07/16","元大-承德",5,0,5
"12498","2929淘帝","110/07/16","華南永昌-虎尾",0,4,-4
"12499","2929淘帝","110/07/16","元大-沙鹿",5,0,5
"12500","2929淘帝","110/07/16","日盛-和美",0,3,-3
"12501","2929淘帝","110/07/16","大慶-苗栗",5,1,4
"12502","2929淘帝","110/07/16","彰銀",0,3,-3
"12503","2929淘帝","110/07/16","台新-新營",4,0,4
"12504","2929淘帝","110/07/16","港商野村",7,10,-3
"12505","2929淘帝","110/07/16","凱基-台北",6,2,4
"12506","2929淘帝","110/07/16","群益金鼎-中山",1,4,-3
"12507","2929淘帝","110/07/16","兆豐-台中港",3,0,3
"12508","2929淘帝","110/07/16","凱基-嘉義",0,3,-3
"12509","2929淘帝","110/07/16","國票-北高雄",3,0,3
"12510","2929淘帝","110/07/16","元大-斗信",0,3,-3
"12511","5410國眾","110/07/16","盈溢-籬子內",49,0,49
"12512","5410國眾","110/07/16","元大-博愛",0,41,-41
"12513","5410國眾","110/07/16","香港上海匯豐",31,0,31
"12514","5410國眾","110/07/16","元富-嘉義",0,20,-20
"12515","5410國眾","110/07/16","元大-東泰",30,0,30
"12516","5410國眾","110/07/16","國泰-桃園",0,18,-18
"12517","5410國眾","110/07/16","兆豐-台中港",20,0,20
"12518","5410國眾","110/07/16","元富",0,17,-17
"12519","5410國眾","110/07/16","臺銀-臺南",11,0,11
"12520","5410國眾","110/07/16","元大-新竹",0,14,-14
"12521","5410國眾","110/07/16","富邦-新竹華信",11,0,11
"12522","5410國眾","110/07/16","安泰-大發",0,11,-11
"12523","5410國眾","110/07/16","臺銀",10,0,10
"12524","5410國眾","110/07/16","大昌-樹林",0,10,-10
"12525","5410國眾","110/07/16","凱基-台北",8,1,7
"12526","5410國眾","110/07/16","群益金鼎-內湖",0,10,-10
"12527","5410國眾","110/07/16","日盛-士林",5,0,5
"12528","5410國眾","110/07/16","元大-樹林",0,10,-10
"12529","5410國眾","110/07/16","新光-桃園",5,0,5
"12530","5410國眾","110/07/16","元大-內湖",0,9,-9
"12531","5410國眾","110/07/16","國泰-台南",5,0,5
"12532","5410國眾","110/07/16","群益金鼎-永和",0,5,-5
"12533","5410國眾","110/07/16","群益金鼎-嘉義",5,0,5
"12534","5410國眾","110/07/16","凱基-屏東",0,5,-5
"12535","5410國眾","110/07/16","元大-屏南",5,0,5
"12536","5410國眾","110/07/16","統一-員林",0,4,-4
"12537","5410國眾","110/07/16","日盛-員林",3,0,3
"12538","5410國眾","110/07/16","國泰-松江",0,4,-4
"12539","5410國眾","110/07/16","瑞士信貸",3,0,3
"12540","5410國眾","110/07/16","凱基-台南",0,4,-4
"12541","2841台開","110/07/16","日盛證券",250,0,250
"12542","2841台開","110/07/16","元大-歸仁",0,590,-590
"12543","2841台開","110/07/16","凱基-文心",204,0,204
"12544","2841台開","110/07/16","摩根大通",0,245,-245
"12545","2841台開","110/07/16","國泰-館前",114,0,114
"12546","2841台開","110/07/16","日盛-信義",0,145,-145
"12547","2841台開","110/07/16","永豐金-豐原",75,0,75
"12548","2841台開","110/07/16","港商野村",0,103,-103
"12549","2841台開","110/07/16","台新-台中",76,10,66
"12550","2841台開","110/07/16","玉山-嘉義",5,54,-49
"12551","2841台開","110/07/16","中國信託-文心",51,5,46
"12552","2841台開","110/07/16","台新證券",22,63,-41
"12553","2841台開","110/07/16","華南永昌-新莊",41,10,31
"12554","2841台開","110/07/16","美商高盛",0,39,-39
"12555","2841台開","110/07/16","富邦-嘉義",30,0,30
"12556","2841台開","110/07/16","亞東-板橋",0,30,-30
"12557","2841台開","110/07/16","新光",26,0,26
"12558","2841台開","110/07/16","永豐金-北高雄",0,30,-30
"12559","2841台開","110/07/16","富邦-板橋",25,0,25
"12560","2841台開","110/07/16","日盛-忠孝",0,20,-20
"12561","2841台開","110/07/16","新光-台中",22,0,22
"12562","2841台開","110/07/16","元富-草屯",0,15,-15
"12563","2841台開","110/07/16","元大-承德",22,0,22
"12564","2841台開","110/07/16","永豐金-板新",0,12,-12
"12565","2841台開","110/07/16","日盛-三重",20,0,20
"12566","2841台開","110/07/16","第一金-華江",0,10,-10
"12567","2841台開","110/07/16","日盛-新莊",20,0,20
"12568","2841台開","110/07/16","兆豐-南京",0,10,-10
"12569","2841台開","110/07/16","凱基-台南",20,0,20
"12570","2841台開","110/07/16","國票-中港",0,10,-10
"12571","6207雷科","110/07/16","統一-平鎮",215,4,211
"12572","6207雷科","110/07/16","凱基-台北",344,628,-284
"12573","6207雷科","110/07/16","凱基-復興",166,6,160
"12574","6207雷科","110/07/16","新加坡商瑞銀",104,370,-266
"12575","6207雷科","110/07/16","永豐金-南京",141,3,138
"12576","6207雷科","110/07/16","摩根大通",193,430,-237
"12577","6207雷科","110/07/16","永豐金-內湖",117,1,116
"12578","6207雷科","110/07/16","富邦證券",0,150,-150
"12579","6207雷科","110/07/16","日盛證券",104,2,102
"12580","6207雷科","110/07/16","華南永昌-中正",26,169,-143
"12581","6207雷科","110/07/16","群益金鼎-古亭",74,2,72
"12582","6207雷科","110/07/16","凱基-敦北",1,142,-141
"12583","6207雷科","110/07/16","群益金鼎-東門",76,12,64
"12584","6207雷科","110/07/16","凱基-板橋",0,120,-120
"12585","6207雷科","110/07/16","日盛-板橋",78,25,53
"12586","6207雷科","110/07/16","元富-大昌",30,136,-106
"12587","6207雷科","110/07/16","元大-斗六",57,6,51
"12588","6207雷科","110/07/16","元大-北成功",26,97,-71
"12589","6207雷科","110/07/16","元大-頭份",53,3,50
"12590","6207雷科","110/07/16","新光-桃園",29,93,-64
"12591","6207雷科","110/07/16","群益金鼎-東大",56,11,45
"12592","6207雷科","110/07/16","新百王",27,90,-63
"12593","6207雷科","110/07/16","永豐金-虎尾",50,8,42
"12594","6207雷科","110/07/16","玉山-左營",16,72,-56
"12595","6207雷科","110/07/16","元大-西門",39,1,38
"12596","6207雷科","110/07/16","群益金鼎-中壢",3,54,-51
"12597","6207雷科","110/07/16","凱基-竹科",38,1,37
"12598","6207雷科","110/07/16","元富-中原",21,67,-46
"12599","6207雷科","110/07/16","元富-世貿",50,15,35
"12600","6207雷科","110/07/16","大昌-桃園",26,70,-44
"12601","3679新至陞","110/07/16","元大-成功",17,1,16
"12602","3679新至陞","110/07/16","國票-桃園",0,11,-11
"12603","3679新至陞","110/07/16","玉山-台大",5,0,5
"12604","3679新至陞","110/07/16","富邦-台北",0,10,-10
"12605","3679新至陞","110/07/16","日盛-員林",4,0,4
"12606","3679新至陞","110/07/16","富邦-苗栗",0,10,-10
"12607","3679新至陞","110/07/16","凱基-台北",6,2,4
"12608","3679新至陞","110/07/16","元大-永春",0,6,-6
"12609","3679新至陞","110/07/16","台灣摩根士丹利",3,0,3
"12610","3679新至陞","110/07/16","美林",0,5,-5
"12611","3679新至陞","110/07/16","凱基-中山",3,0,3
"12612","3679新至陞","110/07/16","瑞士信貸",3,7,-4
"12613","3679新至陞","110/07/16","元大-承德",3,0,3
"12614","3679新至陞","110/07/16","宏遠-館前",0,3,-3
"12615","3679新至陞","110/07/16","元大-汐止",4,1,3
"12616","3679新至陞","110/07/16","元大-東港",0,3,-3
"12617","3679新至陞","110/07/16","日盛-大墩",2,0,2
"12618","3679新至陞","110/07/16","元大證券",0,2,-2
"12619","3679新至陞","110/07/16","玉山-城中",2,0,2
"12620","3679新至陞","110/07/16","永豐金-板新",0,2,-2
"12621","3679新至陞","110/07/16","華南永昌-內壢",2,0,2
"12622","3679新至陞","110/07/16","臺銀-民權",0,1,-1
"12623","3679新至陞","110/07/16","元大-台南",2,0,2
"12624","3679新至陞","110/07/16","日盛-台中",0,1,-1
"12625","3679新至陞","110/07/16","元大-大同",2,0,2
"12626","3679新至陞","110/07/16","日盛-鳳山",0,1,-1
"12627","3679新至陞","110/07/16","臺銀-高雄",1,0,1
"12628","3679新至陞","110/07/16","元富-古亭",0,1,-1
"12629","3679新至陞","110/07/16","日盛-樹林",1,0,1
"12630","3679新至陞","110/07/16","元富-新興",0,1,-1
"12631","2727王品","110/07/16","富邦證券",570,0,570
"12632","2727王品","110/07/16","台新證券",27,77,-50
"12633","2727王品","110/07/16","兆豐-南京",200,0,200
"12634","2727王品","110/07/16","台灣摩根士丹利",4,47,-43
"12635","2727王品","110/07/16","瑞士信貸",133,2,131
"12636","2727王品","110/07/16","永豐金-大園",0,33,-33
"12637","2727王品","110/07/16","美林",121,26,95
"12638","2727王品","110/07/16","元大-北屯",0,32,-32
"12639","2727王品","110/07/16","統一",103,43,60
"12640","2727王品","110/07/16","富邦-南屯",1,30,-29
"12641","2727王品","110/07/16","中國信託-忠孝",36,2,34
"12642","2727王品","110/07/16","元大-基隆孝二",0,29,-29
"12643","2727王品","110/07/16","元大證券",68,45,23
"12644","2727王品","110/07/16","日盛-忠孝",4,30,-26
"12645","2727王品","110/07/16","合庫-彰化",22,1,21
"12646","2727王品","110/07/16","新光-新竹",1,21,-20
"12647","2727王品","110/07/16","港商野村",126,105,21
"12648","2727王品","110/07/16","凱基-台北",94,113,-19
"12649","2727王品","110/07/16","元富-板橋",22,1,21
"12650","2727王品","110/07/16","富邦-虎尾",1,19,-18
"12651","2727王品","110/07/16","新加坡商瑞銀",36,18,18
"12652","2727王品","110/07/16","元大-南京",0,17,-17
"12653","2727王品","110/07/16","國泰證券",20,5,15
"12654","2727王品","110/07/16","日盛-鳳山",2,18,-16
"12655","2727王品","110/07/16","日盛-桃園",13,1,12
"12656","2727王品","110/07/16","新光",34,50,-16
"12657","2727王品","110/07/16","凱基-市政",12,1,11
"12658","2727王品","110/07/16","富邦-台北",2,18,-16
"12659","2727王品","110/07/16","元大-嘉義",14,3,11
"12660","2727王品","110/07/16","國票-內壢",1,15,-14
"12661","1570力肯","110/07/16","新光",71,6,65
"12662","1570力肯","110/07/16","元大-高雄",0,23,-23
"12663","1570力肯","110/07/16","國票-北高雄",21,0,21
"12664","1570力肯","110/07/16","合庫-台南",0,20,-20
"12665","1570力肯","110/07/16","凱基-台北",17,1,16
"12666","1570力肯","110/07/16","元富-新店",0,15,-15
"12667","1570力肯","110/07/16","群益金鼎-高雄",15,0,15
"12668","1570力肯","110/07/16","元大-東港",0,10,-10
"12669","1570力肯","110/07/16","富邦-建國",10,0,10
"12670","1570力肯","110/07/16","中國信託",0,7,-7
"12671","1570力肯","110/07/16","元大-士林",5,0,5
"12672","1570力肯","110/07/16","台新證券",0,6,-6
"12673","1570力肯","110/07/16","瑞士信貸",3,0,3
"12674","1570力肯","110/07/16","日盛-信義",0,5,-5
"12675","1570力肯","110/07/16","臺銀-高雄",2,0,2
"12676","1570力肯","110/07/16","宏遠-館前",0,5,-5
"12677","1570力肯","110/07/16","華南永昌",2,0,2
"12678","1570力肯","110/07/16","國泰-館前",0,5,-5
"12679","1570力肯","110/07/16","元富-同大",1,0,1
"12680","1570力肯","110/07/16","富邦-園區",0,5,-5
"12681","1570力肯","110/07/16","兆豐-麻豆",1,0,1
"12682","1570力肯","110/07/16","永豐金-中正",0,5,-5
"12683","1570力肯","110/07/16","國泰-板橋",1,0,1
"12684","1570力肯","110/07/16","(牛牛牛)亞-鑫豐",0,4,-4
"12685","1570力肯","110/07/16","群益金鼎-東湖",1,0,1
"12686","1570力肯","110/07/16","台中銀-員林",0,3,-3
"12687","1570力肯","110/07/16","元大-東泰",1,0,1
"12688","1570力肯","110/07/16","玉山-新莊",0,3,-3
"12689","1570力肯","110/07/16","元大-南勢角",1,0,1
"12690","1570力肯","110/07/16","凱基-長庚",0,3,-3
"12691","6180橘子","110/07/16","日盛-文化",71,5,66
"12692","6180橘子","110/07/16","凱基-台北",110,238,-128
"12693","6180橘子","110/07/16","新加坡商瑞銀",75,19,56
"12694","6180橘子","110/07/16","摩根大通",77,161,-84
"12695","6180橘子","110/07/16","瑞士信貸",51,0,51
"12696","6180橘子","110/07/16","元富-高雄",0,62,-62
"12697","6180橘子","110/07/16","台灣企銀-屏東",50,0,50
"12698","6180橘子","110/07/16","美商高盛",0,40,-40
"12699","6180橘子","110/07/16","元大-桃園",52,2,50
"12700","6180橘子","110/07/16","合庫-自強",0,37,-37
"12701","6180橘子","110/07/16","康和-台北",51,10,41
"12702","6180橘子","110/07/16","美林",15,48,-33
"12703","6180橘子","110/07/16","群益金鼎-屏東",61,20,41
"12704","6180橘子","110/07/16","元富-四維",0,32,-32
"12705","6180橘子","110/07/16","元大-彰化",33,2,31
"12706","6180橘子","110/07/16","新光",63,92,-29
"12707","6180橘子","110/07/16","台中銀-台北",30,0,30
"12708","6180橘子","110/07/16","新光-台南",6,28,-22
"12709","6180橘子","110/07/16","福勝",29,3,26
"12710","6180橘子","110/07/16","港商野村",28,49,-21
"12711","6180橘子","110/07/16","兆豐證券",21,0,21
"12712","6180橘子","110/07/16","統一",2,23,-21
"12713","6180橘子","110/07/16","華南永昌-頭份",20,0,20
"12714","6180橘子","110/07/16","元大-豐原站前",3,21,-18
"12715","6180橘子","110/07/16","富邦-台北",25,5,20
"12716","6180橘子","110/07/16","豐農",3,20,-17
"12717","6180橘子","110/07/16","富邦-員林",23,4,19
"12718","6180橘子","110/07/16","安泰-大發",0,17,-17
"12719","6180橘子","110/07/16","台新-新莊",20,2,18
"12720","6180橘子","110/07/16","群益金鼎",2,19,-17
"12721","2390云辰","110/07/16","兆豐-天母",642,7,635
"12722","2390云辰","110/07/16","凱基",0,5007,-5007
"12723","2390云辰","110/07/16","華南永昌-鳳山",339,35,304
"12724","2390云辰","110/07/16","凱基-台北",1224,2306,-1082
"12725","2390云辰","110/07/16","第一金-大稻埕",269,13,256
"12726","2390云辰","110/07/16","元大證券",206,1177,-971
"12727","2390云辰","110/07/16","國泰-敦南",665,427,238
"12728","2390云辰","110/07/16","摩根大通",1073,1967,-894
"12729","2390云辰","110/07/16","富邦-建國",272,50,222
"12730","2390云辰","110/07/16","台灣摩根士丹利",232,671,-439
"12731","2390云辰","110/07/16","元大-信義",180,15,165
"12732","2390云辰","110/07/16","美林",187,496,-309
"12733","2390云辰","110/07/16","瑞士信貸",155,0,155
"12734","2390云辰","110/07/16","港商野村",680,950,-270
"12735","2390云辰","110/07/16","台新證券",461,317,144
"12736","2390云辰","110/07/16","永豐金-中正",18,170,-152
"12737","2390云辰","110/07/16","兆豐-公益",148,11,137
"12738","2390云辰","110/07/16","元富-板橋",30,169,-139
"12739","2390云辰","110/07/16","元大-土城學府",197,61,136
"12740","2390云辰","110/07/16","新加坡商瑞銀",61,175,-114
"12741","2390云辰","110/07/16","元大-天母",232,122,110
"12742","2390云辰","110/07/16","聯邦商銀",54,167,-113
"12743","2390云辰","110/07/16","凱基-基隆",109,2,107
"12744","2390云辰","110/07/16","群益金鼎-大甲",13,111,-98
"12745","2390云辰","110/07/16","元富-成功",110,5,105
"12746","2390云辰","110/07/16","統一-屏東",4,92,-88
"12747","2390云辰","110/07/16","統一-新營",118,14,104
"12748","2390云辰","110/07/16","凱基-大直",3,80,-77
"12749","2390云辰","110/07/16","國泰-板橋",268,170,98
"12750","2390云辰","110/07/16","元大-桃興",46,117,-71
"12751","2363矽統","110/07/15","康和-台中",626,61,565
"12752","2363矽統","110/07/15","新加坡商瑞銀",202,838,-636
"12753","2363矽統","110/07/15","摩根大通",1271,932,339
"12754","2363矽統","110/07/15","美林",185,720,-535
"12755","2363矽統","110/07/15","瑞士信貸",530,230,300
"12756","2363矽統","110/07/15","富邦-仁愛",60,583,-523
"12757","2363矽統","110/07/15","宏遠-桃園",281,0,281
"12758","2363矽統","110/07/15","元大-板橋",35,368,-333
"12759","2363矽統","110/07/15","大展",252,19,233
"12760","2363矽統","110/07/15","花旗環球",0,308,-308
"12761","2363矽統","110/07/15","凱基-台北",683,498,185
"12762","2363矽統","110/07/15","元富-成功",2,113,-111
"12763","2363矽統","110/07/15","永豐金證券",166,11,155
"12764","2363矽統","110/07/15","富邦-新營",23,132,-109
"12765","2363矽統","110/07/15","群益金鼎",157,5,152
"12766","2363矽統","110/07/15","臺銀-金山",197,304,-107
"12767","2363矽統","110/07/15","新光",333,229,104
"12768","2363矽統","110/07/15","日盛-二林",13,116,-103
"12769","2363矽統","110/07/15","永豐金-台南",130,26,104
"12770","2363矽統","110/07/15","台新-左楠",40,126,-86
"12771","2363矽統","110/07/15","國票-南京",100,0,100
"12772","2363矽統","110/07/15","康和-南崁",15,100,-85
"12773","2363矽統","110/07/15","群益金鼎-松山",150,50,100
"12774","2363矽統","110/07/15","永豐金-員林",9,91,-82
"12775","2363矽統","110/07/15","中國信託-松江",103,5,98
"12776","2363矽統","110/07/15","光和-嘉義",5,78,-73
"12777","2363矽統","110/07/15","國票-新莊",187,92,95
"12778","2363矽統","110/07/15","日盛-板橋中山",3,73,-70
"12779","2363矽統","110/07/15","北城證券",216,126,90
"12780","2363矽統","110/07/15","元大證券",10,75,-65
"12781","8112至上","110/07/15","凱基-台北",535,32,503
"12782","8112至上","110/07/15","群益金鼎-台南",0,116,-116
"12783","8112至上","110/07/15","摩根大通",362,16,346
"12784","8112至上","110/07/15","華南永昌-高雄",2,112,-110
"12785","8112至上","110/07/15","台灣摩根士丹利",254,0,254
"12786","8112至上","110/07/15","永豐金-台南",27,128,-101
"12787","8112至上","110/07/15","花旗環球",159,0,159
"12788","8112至上","110/07/15","元大-東蘆",2,73,-71
"12789","8112至上","110/07/15","新加坡商瑞銀",95,2,93
"12790","8112至上","110/07/15","美林",3,66,-63
"12791","8112至上","110/07/15","玉山-嘉義",84,0,84
"12792","8112至上","110/07/15","元大-館前",0,62,-62
"12793","8112至上","110/07/15","新光",82,6,76
"12794","8112至上","110/07/15","元富-信義",0,50,-50
"12795","8112至上","110/07/15","瑞士信貸",80,7,73
"12796","8112至上","110/07/15","台新證券",35,82,-47
"12797","8112至上","110/07/15","美商高盛",64,0,64
"12798","8112至上","110/07/15","大慶-蘆洲",7,53,-46
"12799","8112至上","110/07/15","兆豐-小港",56,0,56
"12800","8112至上","110/07/15","國票-天祥",0,45,-45
"12801","8112至上","110/07/15","永豐金-內湖",60,11,49
"12802","8112至上","110/07/15","凱基-中山",1,45,-44
"12803","8112至上","110/07/15","永豐金-南投",46,1,45
"12804","8112至上","110/07/15","元大-士林",0,43,-43
"12805","8112至上","110/07/15","凱基-三重",40,0,40
"12806","8112至上","110/07/15","玉山-城中",4,44,-40
"12807","8112至上","110/07/15","台灣企銀",29,0,29
"12808","8112至上","110/07/15","凱基-彰化",0,39,-39
"12809","8112至上","110/07/15","元大-府城",42,14,28
"12810","8112至上","110/07/15","元富-花蓮",2,40,-38
"12811","1570力肯","110/07/15","群益金鼎-高雄",40,0,40
"12812","1570力肯","110/07/15","元大-高雄",0,12,-12
"12813","1570力肯","110/07/15","新光",40,8,32
"12814","1570力肯","110/07/15","永豐金-中正",0,10,-10
"12815","1570力肯","110/07/15","凱基-台北",20,2,18
"12816","1570力肯","110/07/15","國泰-松江",0,9,-9
"12817","1570力肯","110/07/15","凱基-天母",6,0,6
"12818","1570力肯","110/07/15","台新證券",0,8,-8
"12819","1570力肯","110/07/15","元富-新店",5,0,5
"12820","1570力肯","110/07/15","玉山證券",0,7,-7
"12821","1570力肯","110/07/15","凱基-中港",5,0,5
"12822","1570力肯","110/07/15","元大-府城",0,7,-7
"12823","1570力肯","110/07/15","富邦-園區",5,0,5
"12824","1570力肯","110/07/15","元大-板橋",0,6,-6
"12825","1570力肯","110/07/15","瑞士信貸",4,0,4
"12826","1570力肯","110/07/15","日盛-信義",0,5,-5
"12827","1570力肯","110/07/15","第一金-路竹",3,0,3
"12828","1570力肯","110/07/15","國票-和平",0,5,-5
"12829","1570力肯","110/07/15","摩根大通",3,0,3
"12830","1570力肯","110/07/15","元大-民雄",0,5,-5
"12831","1570力肯","110/07/15","凱基-桃園",3,0,3
"12832","1570力肯","110/07/15","統一-台中",0,4,-4
"12833","1570力肯","110/07/15","永豐金-苓雅",3,0,3
"12834","1570力肯","110/07/15","玉山-雙和",0,4,-4
"12835","1570力肯","110/07/15","統一-員林",2,0,2
"12836","1570力肯","110/07/15","凱基-敦北",0,4,-4
"12837","1570力肯","110/07/15","元大-永春",2,0,2
"12838","1570力肯","110/07/15","富邦-新店",0,4,-4
"12839","1570力肯","110/07/15","元大-土城永寧",2,0,2
"12840","1570力肯","110/07/15","日盛-板橋",0,3,-3
"12841","2929淘帝","110/07/15","港商野村",58,4,54
"12842","2929淘帝","110/07/15","日盛-園區",0,25,-25
"12843","2929淘帝","110/07/15","元大-民生",29,0,29
"12844","2929淘帝","110/07/15","兆豐-南京",0,20,-20
"12845","2929淘帝","110/07/15","新加坡商瑞銀",22,1,21
"12846","2929淘帝","110/07/15","玉山-高雄",0,18,-18
"12847","2929淘帝","110/07/15","凱基-台北",20,2,18
"12848","2929淘帝","110/07/15","富邦-南屯",1,15,-14
"12849","2929淘帝","110/07/15","大慶-中壢",15,1,14
"12850","2929淘帝","110/07/15","富邦-員林",0,13,-13
"12851","2929淘帝","110/07/15","日盛-和美",10,0,10
"12852","2929淘帝","110/07/15","凱基-站前",0,10,-10
"12853","2929淘帝","110/07/15","元大-員林",10,0,10
"12854","2929淘帝","110/07/15","元大-台中",0,10,-10
"12855","2929淘帝","110/07/15","凱基-基隆",6,0,6
"12856","2929淘帝","110/07/15","美林",10,19,-9
"12857","2929淘帝","110/07/15","臺銀-鳳山",5,0,5
"12858","2929淘帝","110/07/15","元大-新盛",0,8,-8
"12859","2929淘帝","110/07/15","第一金-路竹",5,0,5
"12860","2929淘帝","110/07/15","台新-台南",0,7,-7
"12861","2929淘帝","110/07/15","元富-大裕",5,0,5
"12862","2929淘帝","110/07/15","元大-大天母",0,7,-7
"12863","2929淘帝","110/07/15","玉山-大里",5,0,5
"12864","2929淘帝","110/07/15","華南永昌-虎尾",0,6,-6
"12865","2929淘帝","110/07/15","元大-博愛",5,0,5
"12866","2929淘帝","110/07/15","永豐金證券",0,6,-6
"12867","2929淘帝","110/07/15","永豐金-新莊",5,0,5
"12868","2929淘帝","110/07/15","兆豐-竹北",0,5,-5
"12869","2929淘帝","110/07/15","元大-南崁",4,0,4
"12870","2929淘帝","110/07/15","元大-文心興安",0,5,-5
"12871","5410國眾","110/07/15","香港上海匯豐",18,0,18
"12872","5410國眾","110/07/15","元大-南屯",0,18,-18
"12873","5410國眾","110/07/15","摩根大通",15,0,15
"12874","5410國眾","110/07/15","亞東-新竹",0,15,-15
"12875","5410國眾","110/07/15","日盛-士林",10,0,10
"12876","5410國眾","110/07/15","兆豐-台中港",0,15,-15
"12877","5410國眾","110/07/15","群益金鼎-嘉義",10,0,10
"12878","5410國眾","110/07/15","日盛-板橋",0,12,-12
"12879","5410國眾","110/07/15","元大-高雄",10,0,10
"12880","5410國眾","110/07/15","台中銀-豐原",0,9,-9
"12881","5410國眾","110/07/15","元大-東港",10,0,10
"12882","5410國眾","110/07/15","臺銀-臺南",3,10,-7
"12883","5410國眾","110/07/15","臺銀",10,5,5
"12884","5410國眾","110/07/15","瑞士信貸",0,5,-5
"12885","5410國眾","110/07/15","台新-新營",5,0,5
"12886","5410國眾","110/07/15","統一-員林",0,5,-5
"12887","5410國眾","110/07/15","富邦-台北",5,0,5
"12888","5410國眾","110/07/15","大昌-樹林",0,5,-5
"12889","5410國眾","110/07/15","日盛-屏東",4,0,4
"12890","5410國眾","110/07/15","兆豐-來福",0,5,-5
"12891","5410國眾","110/07/15","高橋",5,1,4
"12892","5410國眾","110/07/15","豐農",0,5,-5
"12893","5410國眾","110/07/15","中國信託-新竹",4,1,3
"12894","5410國眾","110/07/15","元大-大里",0,5,-5
"12895","5410國眾","110/07/15","富邦-建國",3,0,3
"12896","5410國眾","110/07/15","港商野村",0,3,-3
"12897","5410國眾","110/07/15","永豐金-桃園",3,0,3
"12898","5410國眾","110/07/15","中農",0,3,-3
"12899","5410國眾","110/07/15","大展",2,0,2
"12900","5410國眾","110/07/15","國泰-忠孝",0,3,-3
"12901","2841台開","110/07/15","日盛證券",310,0,310
"12902","2841台開","110/07/15","港商野村",0,97,-97
"12903","2841台開","110/07/15","元富-城東",100,0,100
"12904","2841台開","110/07/15","元大-員林",0,77,-77
"12905","2841台開","110/07/15","凱基-文心",30,0,30
"12906","2841台開","110/07/15","新光",3,73,-70
"12907","2841台開","110/07/15","日盛-雙和",24,0,24
"12908","2841台開","110/07/15","永豐金-北高雄",0,30,-30
"12909","2841台開","110/07/15","第一金-台中",20,0,20
"12910","2841台開","110/07/15","華南永昌",0,25,-25
"12911","2841台開","110/07/15","豐農",20,0,20
"12912","2841台開","110/07/15","日盛-台南",0,20,-20
"12913","2841台開","110/07/15","華南永昌-新莊",19,0,19
"12914","2841台開","110/07/15","致和-佳里",0,20,-20
"12915","2841台開","110/07/15","玉山-大里",12,0,12
"12916","2841台開","110/07/15","國票-中港",0,20,-20
"12917","2841台開","110/07/15","元富-安南",10,0,10
"12918","2841台開","110/07/15","元大-歸仁",0,20,-20
"12919","2841台開","110/07/15","凱基-市政",10,0,10
"12920","2841台開","110/07/15","統一-三多",0,19,-19
"12921","2841台開","110/07/15","凱基-竹科",10,0,10
"12922","2841台開","110/07/15","凱基-城中",0,18,-18
"12923","2841台開","110/07/15","國泰-板橋",10,1,9
"12924","2841台開","110/07/15","國票-中和",0,15,-15
"12925","2841台開","110/07/15","凱基-台北",9,0,9
"12926","2841台開","110/07/15","元大-彰化",0,15,-15
"12927","2841台開","110/07/15","合庫證券",6,0,6
"12928","2841台開","110/07/15","元大-復北",0,15,-15
"12929","2841台開","110/07/15","台中銀",6,0,6
"12930","2841台開","110/07/15","土銀-花蓮",0,14,-14
"12931","6207雷科","110/07/15","凱基-板橋",210,45,165
"12932","6207雷科","110/07/15","群益金鼎-台北",20,80,-60
"12933","6207雷科","110/07/15","富邦證券",150,0,150
"12934","6207雷科","110/07/15","元大-大天母",1,56,-55
"12935","6207雷科","110/07/15","凱基-復興",140,0,140
"12936","6207雷科","110/07/15","大慶-中壢",2,50,-48
"12937","6207雷科","110/07/15","華南永昌-中正",140,0,140
"12938","6207雷科","110/07/15","元富-林園",0,47,-47
"12939","6207雷科","110/07/15","永豐金-內湖",92,10,82
"12940","6207雷科","110/07/15","元大-東門",0,40,-40
"12941","6207雷科","110/07/15","富邦-彰化",81,11,70
"12942","6207雷科","110/07/15","第一金-安和",0,37,-37
"12943","6207雷科","110/07/15","(牛牛牛)亞-網路",67,0,67
"12944","6207雷科","110/07/15","凱基-台北",61,97,-36
"12945","6207雷科","110/07/15","台新證券",60,8,52
"12946","6207雷科","110/07/15","國票-南科",0,32,-32
"12947","6207雷科","110/07/15","華南永昌",50,3,47
"12948","6207雷科","110/07/15","元大-四維",0,32,-32
"12949","6207雷科","110/07/15","新加坡商瑞銀",68,26,42
"12950","6207雷科","110/07/15","元大-板橋",0,30,-30
"12951","6207雷科","110/07/15","日盛-景美",40,0,40
"12952","6207雷科","110/07/15","元大-南崁",1,30,-29
"12953","6207雷科","110/07/15","元富-大昌",40,0,40
"12954","6207雷科","110/07/15","凱基-岡山",0,27,-27
"12955","6207雷科","110/07/15","統一-高雄",38,5,33
"12956","6207雷科","110/07/15","統一-新竹",0,26,-26
"12957","6207雷科","110/07/15","日盛證券",32,0,32
"12958","6207雷科","110/07/15","群益金鼎-三民",1,27,-26
"12959","6207雷科","110/07/15","華南永昌-頭份",31,0,31
"12960","6207雷科","110/07/15","國票-台中",0,25,-25
"12961","3679新至陞","110/07/15","群益金鼎-大安",25,0,25
"12962","3679新至陞","110/07/15","元大-成功",0,10,-10
"12963","3679新至陞","110/07/15","元大-彰化",13,0,13
"12964","3679新至陞","110/07/15","群益金鼎-東大",0,8,-8
"12965","3679新至陞","110/07/15","國票-桃園",10,0,10
"12966","3679新至陞","110/07/15","凱基-台北",4,12,-8
"12967","3679新至陞","110/07/15","群益金鼎-台南",10,0,10
"12968","3679新至陞","110/07/15","第一金-華江",0,5,-5
"12969","3679新至陞","110/07/15","華南永昌-台中",10,0,10
"12970","3679新至陞","110/07/15","兆豐-來福",0,5,-5
"12971","3679新至陞","110/07/15","港商野村",9,0,9
"12972","3679新至陞","110/07/15","元大-北三重",0,5,-5
"12973","3679新至陞","110/07/15","元大-永春",6,0,6
"12974","3679新至陞","110/07/15","瑞士信貸",0,4,-4
"12975","3679新至陞","110/07/15","(牛牛牛)亞-網路",5,0,5
"12976","3679新至陞","110/07/15","新加坡商瑞銀",0,4,-4
"12977","3679新至陞","110/07/15","凱基-高雄",5,0,5
"12978","3679新至陞","110/07/15","元大-汐止",0,4,-4
"12979","3679新至陞","110/07/15","美商高盛",6,2,4
"12980","3679新至陞","110/07/15","台中銀-員林",0,3,-3
"12981","3679新至陞","110/07/15","台新證券",3,1,2
"12982","3679新至陞","110/07/15","兆豐-忠孝",0,3,-3
"12983","3679新至陞","110/07/15","群益金鼎-大興",2,0,2
"12984","3679新至陞","110/07/15","玉山-新莊",0,3,-3
"12985","3679新至陞","110/07/15","元大-六合",2,0,2
"12986","3679新至陞","110/07/15","永豐金-屏東",0,3,-3
"12987","3679新至陞","110/07/15","彰銀",1,0,1
"12988","3679新至陞","110/07/15","永豐金-敦南",0,3,-3
"12989","3679新至陞","110/07/15","美林",2,1,1
"12990","3679新至陞","110/07/15","永豐金-萬盛",0,3,-3
"12991","2727王品","110/07/15","兆豐-南京",101,0,101
"12992","2727王品","110/07/15","富邦-左營",0,102,-102
"12993","2727王品","110/07/15","港商野村",166,73,93
"12994","2727王品","110/07/15","日盛-忠孝",2,32,-30
"12995","2727王品","110/07/15","瑞士信貸",97,8,89
"12996","2727王品","110/07/15","群益金鼎-古亭",2,24,-22
"12997","2727王品","110/07/15","玉山證券",56,12,44
"12998","2727王品","110/07/15","日盛-八德",0,21,-21
"12999","2727王品","110/07/15","第一金-高雄",43,1,42
"13000","2727王品","110/07/15","元大-新盛",2,23,-21
"13001","2727王品","110/07/15","台新證券",74,45,29
"13002","2727王品","110/07/15","摩根大通",53,72,-19
"13003","2727王品","110/07/15","康和-澎湖",27,0,27
"13004","2727王品","110/07/15","富邦-彰化",8,26,-18
"13005","2727王品","110/07/15","富邦-陽明",31,4,27
"13006","2727王品","110/07/15","富邦-台中",7,24,-17
"13007","2727王品","110/07/15","國票-北高雄",27,1,26
"13008","2727王品","110/07/15","新加坡商瑞銀",13,29,-16
"13009","2727王品","110/07/15","國泰-板橋",38,12,26
"13010","2727王品","110/07/15","國泰-敦南",35,50,-15
"13011","2727王品","110/07/15","凱基-興隆",23,0,23
"13012","2727王品","110/07/15","元大-龍潭",0,14,-14
"13013","2727王品","110/07/15","凱基-板橋",29,7,22
"13014","2727王品","110/07/15","中國信託-文心",8,21,-13
"13015","2727王品","110/07/15","合庫-彰化",21,0,21
"13016","2727王品","110/07/15","永豐金-竹科",2,15,-13
"13017","2727王品","110/07/15","土銀-南港",20,0,20
"13018","2727王品","110/07/15","臺銀-臺南",2,14,-12
"13019","2727王品","110/07/15","美林",37,18,19
"13020","2727王品","110/07/15","凱基-台北",56,68,-12
"13021","1570力肯","110/07/15","群益金鼎-高雄",40,0,40
"13022","1570力肯","110/07/15","元大-高雄",0,12,-12
"13023","1570力肯","110/07/15","新光",40,8,32
"13024","1570力肯","110/07/15","永豐金-中正",0,10,-10
"13025","1570力肯","110/07/15","凱基-台北",20,2,18
"13026","1570力肯","110/07/15","國泰-松江",0,9,-9
"13027","1570力肯","110/07/15","凱基-天母",6,0,6
"13028","1570力肯","110/07/15","台新證券",0,8,-8
"13029","1570力肯","110/07/15","元富-新店",5,0,5
"13030","1570力肯","110/07/15","玉山證券",0,7,-7
"13031","1570力肯","110/07/15","凱基-中港",5,0,5
"13032","1570力肯","110/07/15","元大-府城",0,7,-7
"13033","1570力肯","110/07/15","富邦-園區",5,0,5
"13034","1570力肯","110/07/15","元大-板橋",0,6,-6
"13035","1570力肯","110/07/15","瑞士信貸",4,0,4
"13036","1570力肯","110/07/15","日盛-信義",0,5,-5
"13037","1570力肯","110/07/15","第一金-路竹",3,0,3
"13038","1570力肯","110/07/15","國票-和平",0,5,-5
"13039","1570力肯","110/07/15","摩根大通",3,0,3
"13040","1570力肯","110/07/15","元大-民雄",0,5,-5
"13041","1570力肯","110/07/15","凱基-桃園",3,0,3
"13042","1570力肯","110/07/15","統一-台中",0,4,-4
"13043","1570力肯","110/07/15","永豐金-苓雅",3,0,3
"13044","1570力肯","110/07/15","玉山-雙和",0,4,-4
"13045","1570力肯","110/07/15","統一-員林",2,0,2
"13046","1570力肯","110/07/15","凱基-敦北",0,4,-4
"13047","1570力肯","110/07/15","元大-永春",2,0,2
"13048","1570力肯","110/07/15","富邦-新店",0,4,-4
"13049","1570力肯","110/07/15","元大-土城永寧",2,0,2
"13050","1570力肯","110/07/15","日盛-板橋",0,3,-3
"13051","6180橘子","110/07/15","兆豐證券",130,0,130
"13052","6180橘子","110/07/15","港商野村",21,137,-116
"13053","6180橘子","110/07/15","摩根大通",111,0,111
"13054","6180橘子","110/07/15","高橋",0,40,-40
"13055","6180橘子","110/07/15","石橋證券",80,0,80
"13056","6180橘子","110/07/15","臺銀",1,40,-39
"13057","6180橘子","110/07/15","凱基-台北",78,26,52
"13058","6180橘子","110/07/15","玉山-桃園",0,35,-35
"13059","6180橘子","110/07/15","新加坡商瑞銀",38,1,37
"13060","6180橘子","110/07/15","玉山-台南",2,33,-31
"13061","6180橘子","110/07/15","富邦-員林",32,0,32
"13062","6180橘子","110/07/15","統一-南京",0,30,-30
"13063","6180橘子","110/07/15","日盛-文化",23,0,23
"13064","6180橘子","110/07/15","康和-台南",0,25,-25
"13065","6180橘子","110/07/15","元富-新店",20,0,20
"13066","6180橘子","110/07/15","大昌-樹林",0,22,-22
"13067","6180橘子","110/07/15","美林",15,0,15
"13068","6180橘子","110/07/15","康和-新竹",0,20,-20
"13069","6180橘子","110/07/15","新光-新竹",17,2,15
"13070","6180橘子","110/07/15","群益金鼎-台中",0,20,-20
"13071","6180橘子","110/07/15","富邦-嘉義",12,0,12
"13072","6180橘子","110/07/15","元大-彰化民生",0,18,-18
"13073","6180橘子","110/07/15","花旗環球",11,0,11
"13074","6180橘子","110/07/15","元大-草屯",0,16,-16
"13075","6180橘子","110/07/15","第一金-新興",11,0,11
"13076","6180橘子","110/07/15","元富-潮州",0,13,-13
"13077","6180橘子","110/07/15","第一金-桃園",10,0,10
"13078","6180橘子","110/07/15","宏遠-台南",0,11,-11
"13079","6180橘子","110/07/15","永興",10,0,10
"13080","6180橘子","110/07/15","大慶-泰山",0,10,-10
"13081","2390云辰","110/07/15","凱基",5007,0,5007
"13082","2390云辰","110/07/15","凱基-台北",382,616,-234
"13083","2390云辰","110/07/15","元大證券",1006,25,981
"13084","2390云辰","110/07/15","富邦-陽明",69,265,-196
"13085","2390云辰","110/07/15","元大-天母",456,20,436
"13086","2390云辰","110/07/15","永豐金-桃園",63,255,-192
"13087","2390云辰","110/07/15","港商野村",975,675,300
"13088","2390云辰","110/07/15","富邦-仁愛",17,187,-170
"13089","2390云辰","110/07/15","摩根大通",1318,1040,278
"13090","2390云辰","110/07/15","日盛-和美",2,165,-163
"13091","2390云辰","110/07/15","國票-博愛",184,7,177
"13092","2390云辰","110/07/15","國泰-敦南",142,290,-148
"13093","2390云辰","110/07/15","群益金鼎-大甲",113,13,100
"13094","2390云辰","110/07/15","台灣摩根士丹利",51,197,-146
"13095","2390云辰","110/07/15","凱基-大直",89,2,87
"13096","2390云辰","110/07/15","國票-嘉義",4,148,-144
"13097","2390云辰","110/07/15","玉山-台中",77,8,69
"13098","2390云辰","110/07/15","台中銀",8,139,-131
"13099","2390云辰","110/07/15","聯邦商銀",70,4,66
"13100","2390云辰","110/07/15","元大-彰化民生",7,138,-131
"13101","2390云辰","110/07/15","元大-大里",88,25,63
"13102","2390云辰","110/07/15","元富-成功",2,111,-109
"13103","2390云辰","110/07/15","富邦-嘉義",542,480,62
"13104","2390云辰","110/07/15","元大-東泰",3,106,-103
"13105","2390云辰","110/07/15","新加坡商瑞銀",158,97,61
"13106","2390云辰","110/07/15","合庫-三重",1,102,-101
"13107","2390云辰","110/07/15","華南永昌-台中",86,35,51
"13108","2390云辰","110/07/15","元富-大裕",4,87,-83
"13109","2390云辰","110/07/15","群益金鼎",51,6,45
"13110","2390云辰","110/07/15","凱基-和平",17,96,-79
"13111","2363矽統","110/07/14","台灣摩根士丹利",463,0,463
"13112","2363矽統","110/07/14","新加坡商瑞銀",568,1321,-753
"13113","2363矽統","110/07/14","台新證券",750,342,408
"13114","2363矽統","110/07/14","瑞士信貸",149,864,-715
"13115","2363矽統","110/07/14","玉山-台中",363,51,312
"13116","2363矽統","110/07/14","台新-屏東",115,380,-265
"13117","2363矽統","110/07/14","元大-斗六",223,25,198
"13118","2363矽統","110/07/14","永豐金證券",16,265,-249
"13119","2363矽統","110/07/14","華南永昌-朴子",208,38,170
"13120","2363矽統","110/07/14","美林",462,701,-239
"13121","2363矽統","110/07/14","元富-西松",169,12,157
"13122","2363矽統","110/07/14","宏遠-桃園",269,500,-231
"13123","2363矽統","110/07/14","永豐金-大園",146,6,140
"13124","2363矽統","110/07/14","凱基-竹北",36,254,-218
"13125","2363矽統","110/07/14","土銀-和平",134,0,134
"13126","2363矽統","110/07/14","港商法國興業",0,214,-214
"13127","2363矽統","110/07/14","富邦-新營",130,13,117
"13128","2363矽統","110/07/14","港商野村",835,1044,-209
"13129","2363矽統","110/07/14","元富-成功",118,11,107
"13130","2363矽統","110/07/14","北城證券",212,411,-199
"13131","2363矽統","110/07/14","元富-烏日",121,18,103
"13132","2363矽統","110/07/14","(牛牛牛)亞-鑫豐",51,241,-190
"13133","2363矽統","110/07/14","日盛-二林",120,18,102
"13134","2363矽統","110/07/14","國票-博愛",24,213,-189
"13135","2363矽統","110/07/14","兆豐-忠孝",98,2,96
"13136","2363矽統","110/07/14","大慶-蘆洲",134,316,-182
"13137","2363矽統","110/07/14","大慶-楊梅",92,3,89
"13138","2363矽統","110/07/14","彰銀-台中",15,193,-178
"13139","2363矽統","110/07/14","元富-三重",120,33,87
"13140","2363矽統","110/07/14","日盛-和美",18,185,-167
"13141","8112至上","110/07/14","新加坡商瑞銀",223,17,206
"13142","8112至上","110/07/14","瑞士信貸",8,170,-162
"13143","8112至上","110/07/14","摩根大通",285,129,156
"13144","8112至上","110/07/14","美林",55,202,-147
"13145","8112至上","110/07/14","花旗環球",124,0,124
"13146","8112至上","110/07/14","凱基-台北",325,436,-111
"13147","8112至上","110/07/14","兆豐-公益",117,4,113
"13148","8112至上","110/07/14","台中銀-台北",0,98,-98
"13149","8112至上","110/07/14","香港上海匯豐",111,0,111
"13150","8112至上","110/07/14","玉山-台大",17,107,-90
"13151","8112至上","110/07/14","永豐金-內湖",117,21,96
"13152","8112至上","110/07/14","康和-內湖",1,90,-89
"13153","8112至上","110/07/14","台灣摩根士丹利",108,16,92
"13154","8112至上","110/07/14","港商野村",21,84,-63
"13155","8112至上","110/07/14","元大-東蘆",77,0,77
"13156","8112至上","110/07/14","兆豐-北高雄",1,60,-59
"13157","8112至上","110/07/14","新光",108,48,60
"13158","8112至上","110/07/14","群益金鼎-海山",1,52,-51
"13159","8112至上","110/07/14","大慶-蘆洲",59,0,59
"13160","8112至上","110/07/14","群益金鼎-大安",0,50,-50
"13161","8112至上","110/07/14","華南永昌-台中",56,3,53
"13162","8112至上","110/07/14","富邦-仁愛",2,49,-47
"13163","8112至上","110/07/14","土銀-嘉義",52,2,50
"13164","8112至上","110/07/14","元大-金華",0,42,-42
"13165","8112至上","110/07/14","美商高盛",40,0,40
"13166","8112至上","110/07/14","元大-內湖",4,43,-39
"13167","8112至上","110/07/14","臺銀",63,29,34
"13168","8112至上","110/07/14","第一金-華江",2,37,-35
"13169","8112至上","110/07/14","元富-嘉義",31,0,31
"13170","8112至上","110/07/14","永豐金-苓雅",2,34,-32
"13171","1570力肯","110/07/14","國票-北高雄",68,0,68
"13172","1570力肯","110/07/14","摩根大通",0,21,-21
"13173","1570力肯","110/07/14","日盛-八德",30,1,29
"13174","1570力肯","110/07/14","新光",1,19,-18
"13175","1570力肯","110/07/14","玉山-高雄",7,0,7
"13176","1570力肯","110/07/14","(牛牛牛)亞-鑫豐",0,17,-17
"13177","1570力肯","110/07/14","臺銀-臺南",5,0,5
"13178","1570力肯","110/07/14","日盛-士林",0,10,-10
"13179","1570力肯","110/07/14","凱基-三峽",5,0,5
"13180","1570力肯","110/07/14","統一-員林",0,10,-10
"13181","1570力肯","110/07/14","元大-和平",5,0,5
"13182","1570力肯","110/07/14","國票-新莊",0,10,-10
"13183","1570力肯","110/07/14","合庫-三重",4,0,4
"13184","1570力肯","110/07/14","凱基-高美館",0,10,-10
"13185","1570力肯","110/07/14","瑞士信貸",4,0,4
"13186","1570力肯","110/07/14","元大-屏東民生",0,5,-5
"13187","1570力肯","110/07/14","統一-三多",4,0,4
"13188","1570力肯","110/07/14","元大-古亭",0,5,-5
"13189","1570力肯","110/07/14","華南永昌-古亭",4,0,4
"13190","1570力肯","110/07/14","日盛-木柵",0,4,-4
"13191","1570力肯","110/07/14","元大-高雄",3,0,3
"13192","1570力肯","110/07/14","大昌",0,4,-4
"13193","1570力肯","110/07/14","兆豐-忠孝",2,0,2
"13194","1570力肯","110/07/14","群益金鼎-東大",0,4,-4
"13195","1570力肯","110/07/14","富邦-陽明",2,0,2
"13196","1570力肯","110/07/14","凱基-台北",0,4,-4
"13197","1570力肯","110/07/14","元大-松山",2,0,2
"13198","1570力肯","110/07/14","元大-板橋",0,4,-4
"13199","1570力肯","110/07/14","元大-忠孝",2,0,2
"13200","1570力肯","110/07/14","第一金-中山",0,3,-3
"13201","2929淘帝","110/07/14","華南永昌-林口",60,0,60
"13202","2929淘帝","110/07/14","群益金鼎",25,540,-515
"13203","2929淘帝","110/07/14","美林",87,31,56
"13204","2929淘帝","110/07/14","國泰-台南",1,30,-29
"13205","2929淘帝","110/07/14","元富-台南",40,0,40
"13206","2929淘帝","110/07/14","宏遠-桃園",0,20,-20
"13207","2929淘帝","110/07/14","元大-民生",39,0,39
"13208","2929淘帝","110/07/14","摩根大通",11,31,-20
"13209","2929淘帝","110/07/14","臺銀-鳳山",34,0,34
"13210","2929淘帝","110/07/14","台新-建北",5,20,-15
"13211","2929淘帝","110/07/14","合庫-高雄",34,1,33
"13212","2929淘帝","110/07/14","新光",1,16,-15
"13213","2929淘帝","110/07/14","華南永昌-鶯歌",28,0,28
"13214","2929淘帝","110/07/14","玉山-板橋",0,15,-15
"13215","2929淘帝","110/07/14","永興",25,0,25
"13216","2929淘帝","110/07/14","凱基-羅東",0,15,-15
"13217","2929淘帝","110/07/14","元大-新盛",25,1,24
"13218","2929淘帝","110/07/14","元大-頭份",0,15,-15
"13219","2929淘帝","110/07/14","日盛-南京",23,0,23
"13220","2929淘帝","110/07/14","第一金-台南",0,13,-13
"13221","2929淘帝","110/07/14","日茂",20,0,20
"13222","2929淘帝","110/07/14","富邦-基隆",0,12,-12
"13223","2929淘帝","110/07/14","台新-台中",20,0,20
"13224","2929淘帝","110/07/14","日茂-南投",1,12,-11
"13225","2929淘帝","110/07/14","華南永昌",20,0,20
"13226","2929淘帝","110/07/14","元大-豐原站前",0,11,-11
"13227","2929淘帝","110/07/14","福勝",15,0,15
"13228","2929淘帝","110/07/14","玉山-士林",0,10,-10
"13229","2929淘帝","110/07/14","富邦-南屯",15,0,15
"13230","2929淘帝","110/07/14","富邦-台北",0,10,-10
"13231","5410國眾","110/07/14","兆豐-城中",35,0,35
"13232","5410國眾","110/07/14","瑞士信貸",0,29,-29
"13233","5410國眾","110/07/14","新光",21,1,20
"13234","5410國眾","110/07/14","國泰-板橋",1,30,-29
"13235","5410國眾","110/07/14","國泰-敦南",21,1,20
"13236","5410國眾","110/07/14","日盛-高雄",0,20,-20
"13237","5410國眾","110/07/14","國泰-台中",20,1,19
"13238","5410國眾","110/07/14","台新-左楠",1,20,-19
"13239","5410國眾","110/07/14","元大-崇德",19,0,19
"13240","5410國眾","110/07/14","元富-大昌",1,18,-17
"13241","5410國眾","110/07/14","土銀-士林",18,0,18
"13242","5410國眾","110/07/14","富邦-建國",0,15,-15
"13243","5410國眾","110/07/14","元大-新盛",20,2,18
"13244","5410國眾","110/07/14","元富-嘉義",0,12,-12
"13245","5410國眾","110/07/14","兆豐-高雄",15,0,15
"13246","5410國眾","110/07/14","永全-南崁",0,12,-12
"13247","5410國眾","110/07/14","宏遠-中和",10,0,10
"13248","5410國眾","110/07/14","元大-員林",0,11,-11
"13249","5410國眾","110/07/14","新光-桃園",10,0,10
"13250","5410國眾","110/07/14","高橋",0,10,-10
"13251","5410國眾","110/07/14","國泰-台南",10,0,10
"13252","5410國眾","110/07/14","永興",0,10,-10
"13253","5410國眾","110/07/14","元大-復北",10,0,10
"13254","5410國眾","110/07/14","華南永昌-三重",0,10,-10
"13255","5410國眾","110/07/14","元大-竹科",8,0,8
"13256","5410國眾","110/07/14","元大-苑裡",0,7,-7
"13257","5410國眾","110/07/14","台新-新營",6,0,6
"13258","5410國眾","110/07/14","港商野村",0,6,-6
"13259","5410國眾","110/07/14","日盛-士林",5,0,5
"13260","5410國眾","110/07/14","摩根大通",5,11,-6
"13261","2841台開","110/07/14","凱基-文心",73,0,73
"13262","2841台開","110/07/14","國泰-敦南",0,50,-50
"13263","2841台開","110/07/14","元富-潮州",30,0,30
"13264","2841台開","110/07/14","凱基-中壢",0,40,-40
"13265","2841台開","110/07/14","第一金-台中",20,0,20
"13266","2841台開","110/07/14","統一-新竹",0,24,-24
"13267","2841台開","110/07/14","華南永昌-新莊",20,0,20
"13268","2841台開","110/07/14","元富-草屯",0,20,-20
"13269","2841台開","110/07/14","永豐金-豐原",20,0,20
"13270","2841台開","110/07/14","台新-台南",0,20,-20
"13271","2841台開","110/07/14","國泰-館前",15,0,15
"13272","2841台開","110/07/14","永豐金-敦南",45,63,-18
"13273","2841台開","110/07/14","群益金鼎-基隆",12,0,12
"13274","2841台開","110/07/14","國票-北高雄",0,13,-13
"13275","2841台開","110/07/14","日盛-信義",10,0,10
"13276","2841台開","110/07/14","凱基-松山",0,10,-10
"13277","2841台開","110/07/14","台新-台中",10,0,10
"13278","2841台開","110/07/14","元大證券",0,10,-10
"13279","2841台開","110/07/14","新光",10,1,9
"13280","2841台開","110/07/14","元大-中壢",0,10,-10
"13281","2841台開","110/07/14","凱基-新店",8,0,8
"13282","2841台開","110/07/14","富邦-陽明",1,10,-9
"13283","2841台開","110/07/14","元大-斗信",7,0,7
"13284","2841台開","110/07/14","富邦-建國",0,9,-9
"13285","2841台開","110/07/14","元大-三重",6,0,6
"13286","2841台開","110/07/14","富邦-台南",0,8,-8
"13287","2841台開","110/07/14","永豐金-中和",6,0,6
"13288","2841台開","110/07/14","康和-澎湖",0,7,-7
"13289","2841台開","110/07/14","元富-成功",5,0,5
"13290","2841台開","110/07/14","日盛-斗六",0,6,-6
"13291","6207雷科","110/07/14","群益金鼎-台北",60,0,60
"13292","6207雷科","110/07/14","新加坡商瑞銀",10,56,-46
"13293","6207雷科","110/07/14","台新-高雄",43,3,40
"13294","6207雷科","110/07/14","國票-中和",0,41,-41
"13295","6207雷科","110/07/14","元大-高雄",19,0,19
"13296","6207雷科","110/07/14","元大-復北",0,33,-33
"13297","6207雷科","110/07/14","福勝",15,0,15
"13298","6207雷科","110/07/14","光和-和美",0,20,-20
"13299","6207雷科","110/07/14","群益金鼎-中山",15,0,15
"13300","6207雷科","110/07/14","群益金鼎-丹鳳",0,20,-20
"13301","6207雷科","110/07/14","元大-林園",15,0,15
"13302","6207雷科","110/07/14","第一金-路竹",0,10,-10
"13303","6207雷科","110/07/14","新光",12,0,12
"13304","6207雷科","110/07/14","元大-歸仁",0,10,-10
"13305","6207雷科","110/07/14","元大-大天母",10,0,10
"13306","6207雷科","110/07/14","宏遠-館前",0,9,-9
"13307","6207雷科","110/07/14","永豐金-忠孝",9,0,9
"13308","6207雷科","110/07/14","凱基-台北",12,20,-8
"13309","6207雷科","110/07/14","永豐金-新店",7,0,7
"13310","6207雷科","110/07/14","美林",0,7,-7
"13311","6207雷科","110/07/14","玉山-嘉義",6,0,6
"13312","6207雷科","110/07/14","摩根大通",16,23,-7
"13313","6207雷科","110/07/14","元大-屏東",6,0,6
"13314","6207雷科","110/07/14","凱基-高雄",1,7,-6
"13315","6207雷科","110/07/14","凱基-大安",5,0,5
"13316","6207雷科","110/07/14","台中銀-豐原",0,5,-5
"13317","6207雷科","110/07/14","富邦-台南",5,0,5
"13318","6207雷科","110/07/14","元大-新竹經國",0,5,-5
"13319","6207雷科","110/07/14","元大-成功",5,0,5
"13320","6207雷科","110/07/14","光和-田中",0,4,-4
"13321","3679新至陞","110/07/14","凱基-台北",31,6,25
"13322","3679新至陞","110/07/14","群益金鼎-東大",0,15,-15
"13323","3679新至陞","110/07/14","華南永昌-新莊",10,0,10
"13324","3679新至陞","110/07/14","瑞士信貸",0,12,-12
"13325","3679新至陞","110/07/14","新加坡商瑞銀",11,3,8
"13326","3679新至陞","110/07/14","群益金鼎-永和",0,10,-10
"13327","3679新至陞","110/07/14","美商高盛",6,0,6
"13328","3679新至陞","110/07/14","元大-成功",5,15,-10
"13329","3679新至陞","110/07/14","第一金-中壢",6,0,6
"13330","3679新至陞","110/07/14","統一-板橋",1,10,-9
"13331","3679新至陞","110/07/14","(牛牛牛)亞-網路",4,0,4
"13332","3679新至陞","110/07/14","玉山-左營",0,5,-5
"13333","3679新至陞","110/07/14","元大-六合",3,0,3
"13334","3679新至陞","110/07/14","群益金鼎-三民",0,4,-4
"13335","3679新至陞","110/07/14","合庫-自強",2,0,2
"13336","3679新至陞","110/07/14","富邦-宜蘭",0,4,-4
"13337","3679新至陞","110/07/14","高橋-內壢",2,0,2
"13338","3679新至陞","110/07/14","永豐金-苓雅",0,3,-3
"13339","3679新至陞","110/07/14","台中銀-員林",2,0,2
"13340","3679新至陞","110/07/14","摩根大通",5,7,-2
"13341","3679新至陞","110/07/14","凱基-高美館",2,0,2
"13342","3679新至陞","110/07/14","元大-板橋三民",0,2,-2
"13343","3679新至陞","110/07/14","元大-福營",2,0,2
"13344","3679新至陞","110/07/14","宏遠-中和",0,1,-1
"13345","3679新至陞","110/07/14","永豐金-松山",2,0,2
"13346","3679新至陞","110/07/14","元富-佳里",0,1,-1
"13347","3679新至陞","110/07/14","永豐金-萬盛",2,0,2
"13348","3679新至陞","110/07/14","(牛牛牛)亞-鑫豐",0,1,-1
"13349","3679新至陞","110/07/14","元富-松德",1,0,1
"13350","3679新至陞","110/07/14","中國信託-中壢",0,1,-1
"13351","2727王品","110/07/14","富邦-左營",102,1,101
"13352","2727王品","110/07/14","統一-城中",100,234,-134
"13353","2727王品","110/07/14","國泰-板橋",105,11,94
"13354","2727王品","110/07/14","富邦-台北",1,125,-124
"13355","2727王品","110/07/14","港商野村",149,72,77
"13356","2727王品","110/07/14","台灣摩根士丹利",1,48,-47
"13357","2727王品","110/07/14","合庫-台中",66,2,64
"13358","2727王品","110/07/14","國票-新莊",0,40,-40
"13359","2727王品","110/07/14","臺銀-金山",63,8,55
"13360","2727王品","110/07/14","永豐金-忠孝",2,39,-37
"13361","2727王品","110/07/14","摩根大通",83,39,44
"13362","2727王品","110/07/14","富邦-彰化",1,34,-33
"13363","2727王品","110/07/14","凱基-台北",84,42,42
"13364","2727王品","110/07/14","康和-高雄",0,30,-30
"13365","2727王品","110/07/14","土銀-台中",35,1,34
"13366","2727王品","110/07/14","安泰",0,26,-26
"13367","2727王品","110/07/14","華南永昌-麻豆",32,1,31
"13368","2727王品","110/07/14","富邦-新竹華信",0,21,-21
"13369","2727王品","110/07/14","元大證券",85,55,30
"13370","2727王品","110/07/14","元大-南崁",1,22,-21
"13371","2727王品","110/07/14","新加坡商瑞銀",40,15,25
"13372","2727王品","110/07/14","彰銀-台中",0,18,-18
"13373","2727王品","110/07/14","日盛-八德",19,0,19
"13374","2727王品","110/07/14","元富-同大",2,20,-18
"13375","2727王品","110/07/14","統一",35,17,18
"13376","2727王品","110/07/14","玉山-嘉義",1,17,-16
"13377","2727王品","110/07/14","元富-大昌",18,1,17
"13378","2727王品","110/07/14","國泰-館前",4,20,-16
"13379","2727王品","110/07/14","玉山-板橋",15,1,14
"13380","2727王品","110/07/14","第一金-嘉義",1,13,-12
"13381","1570力肯","110/07/14","國票-北高雄",68,0,68
"13382","1570力肯","110/07/14","摩根大通",0,21,-21
"13383","1570力肯","110/07/14","日盛-八德",30,1,29
"13384","1570力肯","110/07/14","新光",1,19,-18
"13385","1570力肯","110/07/14","玉山-高雄",7,0,7
"13386","1570力肯","110/07/14","(牛牛牛)亞-鑫豐",0,17,-17
"13387","1570力肯","110/07/14","臺銀-臺南",5,0,5
"13388","1570力肯","110/07/14","日盛-士林",0,10,-10
"13389","1570力肯","110/07/14","凱基-三峽",5,0,5
"13390","1570力肯","110/07/14","統一-員林",0,10,-10
"13391","1570力肯","110/07/14","元大-和平",5,0,5
"13392","1570力肯","110/07/14","國票-新莊",0,10,-10
"13393","1570力肯","110/07/14","合庫-三重",4,0,4
"13394","1570力肯","110/07/14","凱基-高美館",0,10,-10
"13395","1570力肯","110/07/14","瑞士信貸",4,0,4
"13396","1570力肯","110/07/14","元大-屏東民生",0,5,-5
"13397","1570力肯","110/07/14","統一-三多",4,0,4
"13398","1570力肯","110/07/14","元大-古亭",0,5,-5
"13399","1570力肯","110/07/14","華南永昌-古亭",4,0,4
"13400","1570力肯","110/07/14","日盛-木柵",0,4,-4
"13401","1570力肯","110/07/14","元大-高雄",3,0,3
"13402","1570力肯","110/07/14","大昌",0,4,-4
"13403","1570力肯","110/07/14","兆豐-忠孝",2,0,2
"13404","1570力肯","110/07/14","群益金鼎-東大",0,4,-4
"13405","1570力肯","110/07/14","富邦-陽明",2,0,2
"13406","1570力肯","110/07/14","凱基-台北",0,4,-4
"13407","1570力肯","110/07/14","元大-松山",2,0,2
"13408","1570力肯","110/07/14","元大-板橋",0,4,-4
"13409","1570力肯","110/07/14","元大-忠孝",2,0,2
"13410","1570力肯","110/07/14","第一金-中山",0,3,-3
"13411","6180橘子","110/07/14","新加坡商瑞銀",84,28,56
"13412","6180橘子","110/07/14","凱基-台北",4,37,-33
"13413","6180橘子","110/07/14","日盛-信義",29,1,28
"13414","6180橘子","110/07/14","玉山-台南",1,22,-21
"13415","6180橘子","110/07/14","豐農",28,4,24
"13416","6180橘子","110/07/14","日盛-新竹",1,21,-20
"13417","6180橘子","110/07/14","新光-新竹",24,1,23
"13418","6180橘子","110/07/14","元富-潮州",0,19,-19
"13419","6180橘子","110/07/14","華南永昌-高雄",20,0,20
"13420","6180橘子","110/07/14","元大-信義",0,17,-17
"13421","6180橘子","110/07/14","元大-羅東",20,0,20
"13422","6180橘子","110/07/14","台灣企銀-台中",1,16,-15
"13423","6180橘子","110/07/14","元大-台中中港",20,0,20
"13424","6180橘子","110/07/14","元大-北港",0,15,-15
"13425","6180橘子","110/07/14","富邦-嘉義",24,5,19
"13426","6180橘子","110/07/14","富邦-高雄",0,14,-14
"13427","6180橘子","110/07/14","富邦-仁愛",15,0,15
"13428","6180橘子","110/07/14","兆豐-埔墘",0,13,-13
"13429","6180橘子","110/07/14","國票-九鼎",13,0,13
"13430","6180橘子","110/07/14","第一金-中山",0,10,-10
"13431","6180橘子","110/07/14","日盛-木柵",12,0,12
"13432","6180橘子","110/07/14","元大-彰化民生",0,10,-10
"13433","6180橘子","110/07/14","元大-成功",10,0,10
"13434","6180橘子","110/07/14","福勝",1,10,-9
"13435","6180橘子","110/07/14","港商野村",10,2,8
"13436","6180橘子","110/07/14","群益金鼎-丹鳳",1,10,-9
"13437","6180橘子","110/07/14","玉山-左營",8,0,8
"13438","6180橘子","110/07/14","群益金鼎-板橋",0,8,-8
"13439","6180橘子","110/07/14","富邦-陽明",16,8,8
"13440","6180橘子","110/07/14","合庫-鳳山",0,7,-7
"13441","2390云辰","110/07/14","摩根大通",995,198,797
"13442","2390云辰","110/07/14","新加坡商瑞銀",28,399,-371
"13443","2390云辰","110/07/14","美林",383,22,361
"13444","2390云辰","110/07/14","凱基-新豐",3,198,-195
"13445","2390云辰","110/07/14","台灣摩根士丹利",684,358,326
"13446","2390云辰","110/07/14","元大-士林",1,152,-151
"13447","2390云辰","110/07/14","凱基-台北",656,402,254
"13448","2390云辰","110/07/14","元大-竹山",80,181,-101
"13449","2390云辰","110/07/14","日盛-和美",110,5,105
"13450","2390云辰","110/07/14","群益金鼎-開元",19,95,-76
"13451","2390云辰","110/07/14","元大-天母",72,0,72
"13452","2390云辰","110/07/14","新光",77,150,-73
"13453","2390云辰","110/07/14","永豐金-松山",57,0,57
"13454","2390云辰","110/07/14","元富-高雄",0,71,-71
"13455","2390云辰","110/07/14","統一-屏東",53,0,53
"13456","2390云辰","110/07/14","元大-土城學府",130,201,-71
"13457","2390云辰","110/07/14","港商野村",486,450,36
"13458","2390云辰","110/07/14","元大-善化",12,76,-64
"13459","2390云辰","110/07/14","致和-崇德",30,0,30
"13460","2390云辰","110/07/14","華南永昌-岡山",23,81,-58
"13461","2390云辰","110/07/14","富邦-台北",40,14,26
"13462","2390云辰","110/07/14","群益金鼎-大興",82,125,-43
"13463","2390云辰","110/07/14","台新-高雄",38,13,25
"13464","2390云辰","110/07/14","大慶-中壢",0,41,-41
"13465","2390云辰","110/07/14","富邦-板橋",32,7,25
"13466","2390云辰","110/07/14","玉山-板橋",6,47,-41
"13467","2390云辰","110/07/14","陽信-石牌",24,0,24
"13468","2390云辰","110/07/14","富邦-台東",2,42,-40
"13469","2390云辰","110/07/14","凱基-屏東",32,8,24
"13470","2390云辰","110/07/14","元大-新營",3,42,-39
"13471","2363矽統","110/07/14","台灣摩根士丹利",463,0,463
"13472","2363矽統","110/07/14","新加坡商瑞銀",568,1321,-753
"13473","2363矽統","110/07/14","台新證券",750,342,408
"13474","2363矽統","110/07/14","瑞士信貸",149,864,-715
"13475","2363矽統","110/07/14","玉山-台中",363,51,312
"13476","2363矽統","110/07/14","台新-屏東",115,380,-265
"13477","2363矽統","110/07/14","元大-斗六",223,25,198
"13478","2363矽統","110/07/14","永豐金證券",16,265,-249
"13479","2363矽統","110/07/14","華南永昌-朴子",208,38,170
"13480","2363矽統","110/07/14","美林",462,701,-239
"13481","2363矽統","110/07/14","元富-西松",169,12,157
"13482","2363矽統","110/07/14","宏遠-桃園",269,500,-231
"13483","2363矽統","110/07/14","永豐金-大園",146,6,140
"13484","2363矽統","110/07/14","凱基-竹北",36,254,-218
"13485","2363矽統","110/07/14","土銀-和平",134,0,134
"13486","2363矽統","110/07/14","港商法國興業",0,214,-214
"13487","2363矽統","110/07/14","富邦-新營",130,13,117
"13488","2363矽統","110/07/14","港商野村",835,1044,-209
"13489","2363矽統","110/07/14","元富-成功",118,11,107
"13490","2363矽統","110/07/14","北城證券",212,411,-199
"13491","2363矽統","110/07/14","元富-烏日",121,18,103
"13492","2363矽統","110/07/14","(牛牛牛)亞-鑫豐",51,241,-190
"13493","2363矽統","110/07/14","日盛-二林",120,18,102
"13494","2363矽統","110/07/14","國票-博愛",24,213,-189
"13495","2363矽統","110/07/14","兆豐-忠孝",98,2,96
"13496","2363矽統","110/07/14","大慶-蘆洲",134,316,-182
"13497","2363矽統","110/07/14","大慶-楊梅",92,3,89
"13498","2363矽統","110/07/14","彰銀-台中",15,193,-178
"13499","2363矽統","110/07/14","元富-三重",120,33,87
"13500","2363矽統","110/07/14","日盛-和美",18,185,-167
"13501","8112至上","110/07/14","新加坡商瑞銀",223,17,206
"13502","8112至上","110/07/14","瑞士信貸",8,170,-162
"13503","8112至上","110/07/14","摩根大通",285,129,156
"13504","8112至上","110/07/14","美林",55,202,-147
"13505","8112至上","110/07/14","花旗環球",124,0,124
"13506","8112至上","110/07/14","凱基-台北",325,436,-111
"13507","8112至上","110/07/14","兆豐-公益",117,4,113
"13508","8112至上","110/07/14","台中銀-台北",0,98,-98
"13509","8112至上","110/07/14","香港上海匯豐",111,0,111
"13510","8112至上","110/07/14","玉山-台大",17,107,-90
"13511","8112至上","110/07/14","永豐金-內湖",117,21,96
"13512","8112至上","110/07/14","康和-內湖",1,90,-89
"13513","8112至上","110/07/14","台灣摩根士丹利",108,16,92
"13514","8112至上","110/07/14","港商野村",21,84,-63
"13515","8112至上","110/07/14","元大-東蘆",77,0,77
"13516","8112至上","110/07/14","兆豐-北高雄",1,60,-59
"13517","8112至上","110/07/14","新光",108,48,60
"13518","8112至上","110/07/14","群益金鼎-海山",1,52,-51
"13519","8112至上","110/07/14","大慶-蘆洲",59,0,59
"13520","8112至上","110/07/14","群益金鼎-大安",0,50,-50
"13521","8112至上","110/07/14","華南永昌-台中",56,3,53
"13522","8112至上","110/07/14","富邦-仁愛",2,49,-47
"13523","8112至上","110/07/14","土銀-嘉義",52,2,50
"13524","8112至上","110/07/14","元大-金華",0,42,-42
"13525","8112至上","110/07/14","美商高盛",40,0,40
"13526","8112至上","110/07/14","元大-內湖",4,43,-39
"13527","8112至上","110/07/14","臺銀",63,29,34
"13528","8112至上","110/07/14","第一金-華江",2,37,-35
"13529","8112至上","110/07/14","元富-嘉義",31,0,31
"13530","8112至上","110/07/14","永豐金-苓雅",2,34,-32
"13531","1570力肯","110/07/14","國票-北高雄",68,0,68
"13532","1570力肯","110/07/14","摩根大通",0,21,-21
"13533","1570力肯","110/07/14","日盛-八德",30,1,29
"13534","1570力肯","110/07/14","新光",1,19,-18
"13535","1570力肯","110/07/14","玉山-高雄",7,0,7
"13536","1570力肯","110/07/14","(牛牛牛)亞-鑫豐",0,17,-17
"13537","1570力肯","110/07/14","臺銀-臺南",5,0,5
"13538","1570力肯","110/07/14","日盛-士林",0,10,-10
"13539","1570力肯","110/07/14","凱基-三峽",5,0,5
"13540","1570力肯","110/07/14","統一-員林",0,10,-10
"13541","1570力肯","110/07/14","元大-和平",5,0,5
"13542","1570力肯","110/07/14","國票-新莊",0,10,-10
"13543","1570力肯","110/07/14","合庫-三重",4,0,4
"13544","1570力肯","110/07/14","凱基-高美館",0,10,-10
"13545","1570力肯","110/07/14","瑞士信貸",4,0,4
"13546","1570力肯","110/07/14","元大-屏東民生",0,5,-5
"13547","1570力肯","110/07/14","統一-三多",4,0,4
"13548","1570力肯","110/07/14","元大-古亭",0,5,-5
"13549","1570力肯","110/07/14","華南永昌-古亭",4,0,4
"13550","1570力肯","110/07/14","日盛-木柵",0,4,-4
"13551","1570力肯","110/07/14","元大-高雄",3,0,3
"13552","1570力肯","110/07/14","大昌",0,4,-4
"13553","1570力肯","110/07/14","兆豐-忠孝",2,0,2
"13554","1570力肯","110/07/14","群益金鼎-東大",0,4,-4
"13555","1570力肯","110/07/14","富邦-陽明",2,0,2
"13556","1570力肯","110/07/14","凱基-台北",0,4,-4
"13557","1570力肯","110/07/14","元大-松山",2,0,2
"13558","1570力肯","110/07/14","元大-板橋",0,4,-4
"13559","1570力肯","110/07/14","元大-忠孝",2,0,2
"13560","1570力肯","110/07/14","第一金-中山",0,3,-3
"13561","2929淘帝","110/07/14","華南永昌-林口",60,0,60
"13562","2929淘帝","110/07/14","群益金鼎",25,540,-515
"13563","2929淘帝","110/07/14","美林",87,31,56
"13564","2929淘帝","110/07/14","國泰-台南",1,30,-29
"13565","2929淘帝","110/07/14","元富-台南",40,0,40
"13566","2929淘帝","110/07/14","宏遠-桃園",0,20,-20
"13567","2929淘帝","110/07/14","元大-民生",39,0,39
"13568","2929淘帝","110/07/14","摩根大通",11,31,-20
"13569","2929淘帝","110/07/14","臺銀-鳳山",34,0,34
"13570","2929淘帝","110/07/14","台新-建北",5,20,-15
"13571","2929淘帝","110/07/14","合庫-高雄",34,1,33
"13572","2929淘帝","110/07/14","新光",1,16,-15
"13573","2929淘帝","110/07/14","華南永昌-鶯歌",28,0,28
"13574","2929淘帝","110/07/14","玉山-板橋",0,15,-15
"13575","2929淘帝","110/07/14","永興",25,0,25
"13576","2929淘帝","110/07/14","凱基-羅東",0,15,-15
"13577","2929淘帝","110/07/14","元大-新盛",25,1,24
"13578","2929淘帝","110/07/14","元大-頭份",0,15,-15
"13579","2929淘帝","110/07/14","日盛-南京",23,0,23
"13580","2929淘帝","110/07/14","第一金-台南",0,13,-13
"13581","2929淘帝","110/07/14","日茂",20,0,20
"13582","2929淘帝","110/07/14","富邦-基隆",0,12,-12
"13583","2929淘帝","110/07/14","台新-台中",20,0,20
"13584","2929淘帝","110/07/14","日茂-南投",1,12,-11
"13585","2929淘帝","110/07/14","華南永昌",20,0,20
"13586","2929淘帝","110/07/14","元大-豐原站前",0,11,-11
"13587","2929淘帝","110/07/14","福勝",15,0,15
"13588","2929淘帝","110/07/14","玉山-士林",0,10,-10
"13589","2929淘帝","110/07/14","富邦-南屯",15,0,15
"13590","2929淘帝","110/07/14","富邦-台北",0,10,-10
"13591","5410國眾","110/07/14","兆豐-城中",35,0,35
"13592","5410國眾","110/07/14","瑞士信貸",0,29,-29
"13593","5410國眾","110/07/14","新光",21,1,20
"13594","5410國眾","110/07/14","國泰-板橋",1,30,-29
"13595","5410國眾","110/07/14","國泰-敦南",21,1,20
"13596","5410國眾","110/07/14","日盛-高雄",0,20,-20
"13597","5410國眾","110/07/14","國泰-台中",20,1,19
"13598","5410國眾","110/07/14","台新-左楠",1,20,-19
"13599","5410國眾","110/07/14","元大-崇德",19,0,19
"13600","5410國眾","110/07/14","元富-大昌",1,18,-17
"13601","5410國眾","110/07/14","土銀-士林",18,0,18
"13602","5410國眾","110/07/14","富邦-建國",0,15,-15
"13603","5410國眾","110/07/14","元大-新盛",20,2,18
"13604","5410國眾","110/07/14","元富-嘉義",0,12,-12
"13605","5410國眾","110/07/14","兆豐-高雄",15,0,15
"13606","5410國眾","110/07/14","永全-南崁",0,12,-12
"13607","5410國眾","110/07/14","宏遠-中和",10,0,10
"13608","5410國眾","110/07/14","元大-員林",0,11,-11
"13609","5410國眾","110/07/14","新光-桃園",10,0,10
"13610","5410國眾","110/07/14","高橋",0,10,-10
"13611","5410國眾","110/07/14","國泰-台南",10,0,10
"13612","5410國眾","110/07/14","永興",0,10,-10
"13613","5410國眾","110/07/14","元大-復北",10,0,10
"13614","5410國眾","110/07/14","華南永昌-三重",0,10,-10
"13615","5410國眾","110/07/14","元大-竹科",8,0,8
"13616","5410國眾","110/07/14","元大-苑裡",0,7,-7
"13617","5410國眾","110/07/14","台新-新營",6,0,6
"13618","5410國眾","110/07/14","港商野村",0,6,-6
"13619","5410國眾","110/07/14","日盛-士林",5,0,5
"13620","5410國眾","110/07/14","摩根大通",5,11,-6
"13621","2841台開","110/07/14","凱基-文心",73,0,73
"13622","2841台開","110/07/14","國泰-敦南",0,50,-50
"13623","2841台開","110/07/14","元富-潮州",30,0,30
"13624","2841台開","110/07/14","凱基-中壢",0,40,-40
"13625","2841台開","110/07/14","第一金-台中",20,0,20
"13626","2841台開","110/07/14","統一-新竹",0,24,-24
"13627","2841台開","110/07/14","華南永昌-新莊",20,0,20
"13628","2841台開","110/07/14","元富-草屯",0,20,-20
"13629","2841台開","110/07/14","永豐金-豐原",20,0,20
"13630","2841台開","110/07/14","台新-台南",0,20,-20
"13631","2841台開","110/07/14","國泰-館前",15,0,15
"13632","2841台開","110/07/14","永豐金-敦南",45,63,-18
"13633","2841台開","110/07/14","群益金鼎-基隆",12,0,12
"13634","2841台開","110/07/14","國票-北高雄",0,13,-13
"13635","2841台開","110/07/14","日盛-信義",10,0,10
"13636","2841台開","110/07/14","凱基-松山",0,10,-10
"13637","2841台開","110/07/14","台新-台中",10,0,10
"13638","2841台開","110/07/14","元大證券",0,10,-10
"13639","2841台開","110/07/14","新光",10,1,9
"13640","2841台開","110/07/14","元大-中壢",0,10,-10
"13641","2841台開","110/07/14","凱基-新店",8,0,8
"13642","2841台開","110/07/14","富邦-陽明",1,10,-9
"13643","2841台開","110/07/14","元大-斗信",7,0,7
"13644","2841台開","110/07/14","富邦-建國",0,9,-9
"13645","2841台開","110/07/14","元大-三重",6,0,6
"13646","2841台開","110/07/14","富邦-台南",0,8,-8
"13647","2841台開","110/07/14","永豐金-中和",6,0,6
"13648","2841台開","110/07/14","康和-澎湖",0,7,-7
"13649","2841台開","110/07/14","元富-成功",5,0,5
"13650","2841台開","110/07/14","日盛-斗六",0,6,-6
"13651","6207雷科","110/07/14","群益金鼎-台北",60,0,60
"13652","6207雷科","110/07/14","新加坡商瑞銀",10,56,-46
"13653","6207雷科","110/07/14","台新-高雄",43,3,40
"13654","6207雷科","110/07/14","國票-中和",0,41,-41
"13655","6207雷科","110/07/14","元大-高雄",19,0,19
"13656","6207雷科","110/07/14","元大-復北",0,33,-33
"13657","6207雷科","110/07/14","福勝",15,0,15
"13658","6207雷科","110/07/14","光和-和美",0,20,-20
"13659","6207雷科","110/07/14","群益金鼎-中山",15,0,15
"13660","6207雷科","110/07/14","群益金鼎-丹鳳",0,20,-20
"13661","6207雷科","110/07/14","元大-林園",15,0,15
"13662","6207雷科","110/07/14","第一金-路竹",0,10,-10
"13663","6207雷科","110/07/14","新光",12,0,12
"13664","6207雷科","110/07/14","元大-歸仁",0,10,-10
"13665","6207雷科","110/07/14","元大-大天母",10,0,10
"13666","6207雷科","110/07/14","宏遠-館前",0,9,-9
"13667","6207雷科","110/07/14","永豐金-忠孝",9,0,9
"13668","6207雷科","110/07/14","凱基-台北",12,20,-8
"13669","6207雷科","110/07/14","永豐金-新店",7,0,7
"13670","6207雷科","110/07/14","美林",0,7,-7
"13671","6207雷科","110/07/14","玉山-嘉義",6,0,6
"13672","6207雷科","110/07/14","摩根大通",16,23,-7
"13673","6207雷科","110/07/14","元大-屏東",6,0,6
"13674","6207雷科","110/07/14","凱基-高雄",1,7,-6
"13675","6207雷科","110/07/14","凱基-大安",5,0,5
"13676","6207雷科","110/07/14","台中銀-豐原",0,5,-5
"13677","6207雷科","110/07/14","富邦-台南",5,0,5
"13678","6207雷科","110/07/14","元大-新竹經國",0,5,-5
"13679","6207雷科","110/07/14","元大-成功",5,0,5
"13680","6207雷科","110/07/14","光和-田中",0,4,-4
"13681","3679新至陞","110/07/14","凱基-台北",31,6,25
"13682","3679新至陞","110/07/14","群益金鼎-東大",0,15,-15
"13683","3679新至陞","110/07/14","華南永昌-新莊",10,0,10
"13684","3679新至陞","110/07/14","瑞士信貸",0,12,-12
"13685","3679新至陞","110/07/14","新加坡商瑞銀",11,3,8
"13686","3679新至陞","110/07/14","群益金鼎-永和",0,10,-10
"13687","3679新至陞","110/07/14","美商高盛",6,0,6
"13688","3679新至陞","110/07/14","元大-成功",5,15,-10
"13689","3679新至陞","110/07/14","第一金-中壢",6,0,6
"13690","3679新至陞","110/07/14","統一-板橋",1,10,-9
"13691","3679新至陞","110/07/14","(牛牛牛)亞-網路",4,0,4
"13692","3679新至陞","110/07/14","玉山-左營",0,5,-5
"13693","3679新至陞","110/07/14","元大-六合",3,0,3
"13694","3679新至陞","110/07/14","群益金鼎-三民",0,4,-4
"13695","3679新至陞","110/07/14","合庫-自強",2,0,2
"13696","3679新至陞","110/07/14","富邦-宜蘭",0,4,-4
"13697","3679新至陞","110/07/14","高橋-內壢",2,0,2
"13698","3679新至陞","110/07/14","永豐金-苓雅",0,3,-3
"13699","3679新至陞","110/07/14","台中銀-員林",2,0,2
"13700","3679新至陞","110/07/14","摩根大通",5,7,-2
"13701","3679新至陞","110/07/14","凱基-高美館",2,0,2
"13702","3679新至陞","110/07/14","元大-板橋三民",0,2,-2
"13703","3679新至陞","110/07/14","元大-福營",2,0,2
"13704","3679新至陞","110/07/14","宏遠-中和",0,1,-1
"13705","3679新至陞","110/07/14","永豐金-松山",2,0,2
"13706","3679新至陞","110/07/14","元富-佳里",0,1,-1
"13707","3679新至陞","110/07/14","永豐金-萬盛",2,0,2
"13708","3679新至陞","110/07/14","(牛牛牛)亞-鑫豐",0,1,-1
"13709","3679新至陞","110/07/14","元富-松德",1,0,1
"13710","3679新至陞","110/07/14","中國信託-中壢",0,1,-1
"13711","2727王品","110/07/14","富邦-左營",102,1,101
"13712","2727王品","110/07/14","統一-城中",100,234,-134
"13713","2727王品","110/07/14","國泰-板橋",105,11,94
"13714","2727王品","110/07/14","富邦-台北",1,125,-124
"13715","2727王品","110/07/14","港商野村",149,72,77
"13716","2727王品","110/07/14","台灣摩根士丹利",1,48,-47
"13717","2727王品","110/07/14","合庫-台中",66,2,64
"13718","2727王品","110/07/14","國票-新莊",0,40,-40
"13719","2727王品","110/07/14","臺銀-金山",63,8,55
"13720","2727王品","110/07/14","永豐金-忠孝",2,39,-37
"13721","2727王品","110/07/14","摩根大通",83,39,44
"13722","2727王品","110/07/14","富邦-彰化",1,34,-33
"13723","2727王品","110/07/14","凱基-台北",84,42,42
"13724","2727王品","110/07/14","康和-高雄",0,30,-30
"13725","2727王品","110/07/14","土銀-台中",35,1,34
"13726","2727王品","110/07/14","安泰",0,26,-26
"13727","2727王品","110/07/14","華南永昌-麻豆",32,1,31
"13728","2727王品","110/07/14","富邦-新竹華信",0,21,-21
"13729","2727王品","110/07/14","元大證券",85,55,30
"13730","2727王品","110/07/14","元大-南崁",1,22,-21
"13731","2727王品","110/07/14","新加坡商瑞銀",40,15,25
"13732","2727王品","110/07/14","彰銀-台中",0,18,-18
"13733","2727王品","110/07/14","日盛-八德",19,0,19
"13734","2727王品","110/07/14","元富-同大",2,20,-18
"13735","2727王品","110/07/14","統一",35,17,18
"13736","2727王品","110/07/14","玉山-嘉義",1,17,-16
"13737","2727王品","110/07/14","元富-大昌",18,1,17
"13738","2727王品","110/07/14","國泰-館前",4,20,-16
"13739","2727王品","110/07/14","玉山-板橋",15,1,14
"13740","2727王品","110/07/14","第一金-嘉義",1,13,-12
"13741","1570力肯","110/07/14","國票-北高雄",68,0,68
"13742","1570力肯","110/07/14","摩根大通",0,21,-21
"13743","1570力肯","110/07/14","日盛-八德",30,1,29
"13744","1570力肯","110/07/14","新光",1,19,-18
"13745","1570力肯","110/07/14","玉山-高雄",7,0,7
"13746","1570力肯","110/07/14","(牛牛牛)亞-鑫豐",0,17,-17
"13747","1570力肯","110/07/14","臺銀-臺南",5,0,5
"13748","1570力肯","110/07/14","日盛-士林",0,10,-10
"13749","1570力肯","110/07/14","凱基-三峽",5,0,5
"13750","1570力肯","110/07/14","統一-員林",0,10,-10
"13751","1570力肯","110/07/14","元大-和平",5,0,5
"13752","1570力肯","110/07/14","國票-新莊",0,10,-10
"13753","1570力肯","110/07/14","合庫-三重",4,0,4
"13754","1570力肯","110/07/14","凱基-高美館",0,10,-10
"13755","1570力肯","110/07/14","瑞士信貸",4,0,4
"13756","1570力肯","110/07/14","元大-屏東民生",0,5,-5
"13757","1570力肯","110/07/14","統一-三多",4,0,4
"13758","1570力肯","110/07/14","元大-古亭",0,5,-5
"13759","1570力肯","110/07/14","華南永昌-古亭",4,0,4
"13760","1570力肯","110/07/14","日盛-木柵",0,4,-4
"13761","1570力肯","110/07/14","元大-高雄",3,0,3
"13762","1570力肯","110/07/14","大昌",0,4,-4
"13763","1570力肯","110/07/14","兆豐-忠孝",2,0,2
"13764","1570力肯","110/07/14","群益金鼎-東大",0,4,-4
"13765","1570力肯","110/07/14","富邦-陽明",2,0,2
"13766","1570力肯","110/07/14","凱基-台北",0,4,-4
"13767","1570力肯","110/07/14","元大-松山",2,0,2
"13768","1570力肯","110/07/14","元大-板橋",0,4,-4
"13769","1570力肯","110/07/14","元大-忠孝",2,0,2
"13770","1570力肯","110/07/14","第一金-中山",0,3,-3
"13771","6180橘子","110/07/14","新加坡商瑞銀",84,28,56
"13772","6180橘子","110/07/14","凱基-台北",4,37,-33
"13773","6180橘子","110/07/14","日盛-信義",29,1,28
"13774","6180橘子","110/07/14","玉山-台南",1,22,-21
"13775","6180橘子","110/07/14","豐農",28,4,24
"13776","6180橘子","110/07/14","日盛-新竹",1,21,-20
"13777","6180橘子","110/07/14","新光-新竹",24,1,23
"13778","6180橘子","110/07/14","元富-潮州",0,19,-19
"13779","6180橘子","110/07/14","華南永昌-高雄",20,0,20
"13780","6180橘子","110/07/14","元大-信義",0,17,-17
"13781","6180橘子","110/07/14","元大-羅東",20,0,20
"13782","6180橘子","110/07/14","台灣企銀-台中",1,16,-15
"13783","6180橘子","110/07/14","元大-台中中港",20,0,20
"13784","6180橘子","110/07/14","元大-北港",0,15,-15
"13785","6180橘子","110/07/14","富邦-嘉義",24,5,19
"13786","6180橘子","110/07/14","富邦-高雄",0,14,-14
"13787","6180橘子","110/07/14","富邦-仁愛",15,0,15
"13788","6180橘子","110/07/14","兆豐-埔墘",0,13,-13
"13789","6180橘子","110/07/14","國票-九鼎",13,0,13
"13790","6180橘子","110/07/14","第一金-中山",0,10,-10
"13791","6180橘子","110/07/14","日盛-木柵",12,0,12
"13792","6180橘子","110/07/14","元大-彰化民生",0,10,-10
"13793","6180橘子","110/07/14","元大-成功",10,0,10
"13794","6180橘子","110/07/14","福勝",1,10,-9
"13795","6180橘子","110/07/14","港商野村",10,2,8
"13796","6180橘子","110/07/14","群益金鼎-丹鳳",1,10,-9
"13797","6180橘子","110/07/14","玉山-左營",8,0,8
"13798","6180橘子","110/07/14","群益金鼎-板橋",0,8,-8
"13799","6180橘子","110/07/14","富邦-陽明",16,8,8
"13800","6180橘子","110/07/14","合庫-鳳山",0,7,-7
"13801","2390云辰","110/07/14","摩根大通",995,198,797
"13802","2390云辰","110/07/14","新加坡商瑞銀",28,399,-371
"13803","2390云辰","110/07/14","美林",383,22,361
"13804","2390云辰","110/07/14","凱基-新豐",3,198,-195
"13805","2390云辰","110/07/14","台灣摩根士丹利",684,358,326
"13806","2390云辰","110/07/14","元大-士林",1,152,-151
"13807","2390云辰","110/07/14","凱基-台北",656,402,254
"13808","2390云辰","110/07/14","元大-竹山",80,181,-101
"13809","2390云辰","110/07/14","日盛-和美",110,5,105
"13810","2390云辰","110/07/14","群益金鼎-開元",19,95,-76
"13811","2390云辰","110/07/14","元大-天母",72,0,72
"13812","2390云辰","110/07/14","新光",77,150,-73
"13813","2390云辰","110/07/14","永豐金-松山",57,0,57
"13814","2390云辰","110/07/14","元富-高雄",0,71,-71
"13815","2390云辰","110/07/14","統一-屏東",53,0,53
"13816","2390云辰","110/07/14","元大-土城學府",130,201,-71
"13817","2390云辰","110/07/14","港商野村",486,450,36
"13818","2390云辰","110/07/14","元大-善化",12,76,-64
"13819","2390云辰","110/07/14","致和-崇德",30,0,30
"13820","2390云辰","110/07/14","華南永昌-岡山",23,81,-58
"13821","2390云辰","110/07/14","富邦-台北",40,14,26
"13822","2390云辰","110/07/14","群益金鼎-大興",82,125,-43
"13823","2390云辰","110/07/14","台新-高雄",38,13,25
"13824","2390云辰","110/07/14","大慶-中壢",0,41,-41
"13825","2390云辰","110/07/14","富邦-板橋",32,7,25
"13826","2390云辰","110/07/14","玉山-板橋",6,47,-41
"13827","2390云辰","110/07/14","陽信-石牌",24,0,24
"13828","2390云辰","110/07/14","富邦-台東",2,42,-40
"13829","2390云辰","110/07/14","凱基-屏東",32,8,24
"13830","2390云辰","110/07/14","元大-新營",3,42,-39
"13831","2363矽統","110/07/14","台灣摩根士丹利",463,0,463
"13832","2363矽統","110/07/14","新加坡商瑞銀",568,1321,-753
"13833","2363矽統","110/07/14","台新證券",750,342,408
"13834","2363矽統","110/07/14","瑞士信貸",149,864,-715
"13835","2363矽統","110/07/14","玉山-台中",363,51,312
"13836","2363矽統","110/07/14","台新-屏東",115,380,-265
"13837","2363矽統","110/07/14","元大-斗六",223,25,198
"13838","2363矽統","110/07/14","永豐金證券",16,265,-249
"13839","2363矽統","110/07/14","華南永昌-朴子",208,38,170
"13840","2363矽統","110/07/14","美林",462,701,-239
"13841","2363矽統","110/07/14","元富-西松",169,12,157
"13842","2363矽統","110/07/14","宏遠-桃園",269,500,-231
"13843","2363矽統","110/07/14","永豐金-大園",146,6,140
"13844","2363矽統","110/07/14","凱基-竹北",36,254,-218
"13845","2363矽統","110/07/14","土銀-和平",134,0,134
"13846","2363矽統","110/07/14","港商法國興業",0,214,-214
"13847","2363矽統","110/07/14","富邦-新營",130,13,117
"13848","2363矽統","110/07/14","港商野村",835,1044,-209
"13849","2363矽統","110/07/14","元富-成功",118,11,107
"13850","2363矽統","110/07/14","北城證券",212,411,-199
"13851","2363矽統","110/07/14","元富-烏日",121,18,103
"13852","2363矽統","110/07/14","(牛牛牛)亞-鑫豐",51,241,-190
"13853","2363矽統","110/07/14","日盛-二林",120,18,102
"13854","2363矽統","110/07/14","國票-博愛",24,213,-189
"13855","2363矽統","110/07/14","兆豐-忠孝",98,2,96
"13856","2363矽統","110/07/14","大慶-蘆洲",134,316,-182
"13857","2363矽統","110/07/14","大慶-楊梅",92,3,89
"13858","2363矽統","110/07/14","彰銀-台中",15,193,-178
"13859","2363矽統","110/07/14","元富-三重",120,33,87
"13860","2363矽統","110/07/14","日盛-和美",18,185,-167
"13861","8112至上","110/07/14","新加坡商瑞銀",223,17,206
"13862","8112至上","110/07/14","瑞士信貸",8,170,-162
"13863","8112至上","110/07/14","摩根大通",285,129,156
"13864","8112至上","110/07/14","美林",55,202,-147
"13865","8112至上","110/07/14","花旗環球",124,0,124
"13866","8112至上","110/07/14","凱基-台北",325,436,-111
"13867","8112至上","110/07/14","兆豐-公益",117,4,113
"13868","8112至上","110/07/14","台中銀-台北",0,98,-98
"13869","8112至上","110/07/14","香港上海匯豐",111,0,111
"13870","8112至上","110/07/14","玉山-台大",17,107,-90
"13871","8112至上","110/07/14","永豐金-內湖",117,21,96
"13872","8112至上","110/07/14","康和-內湖",1,90,-89
"13873","8112至上","110/07/14","台灣摩根士丹利",108,16,92
"13874","8112至上","110/07/14","港商野村",21,84,-63
"13875","8112至上","110/07/14","元大-東蘆",77,0,77
"13876","8112至上","110/07/14","兆豐-北高雄",1,60,-59
"13877","8112至上","110/07/14","新光",108,48,60
"13878","8112至上","110/07/14","群益金鼎-海山",1,52,-51
"13879","8112至上","110/07/14","大慶-蘆洲",59,0,59
"13880","8112至上","110/07/14","群益金鼎-大安",0,50,-50
"13881","8112至上","110/07/14","華南永昌-台中",56,3,53
"13882","8112至上","110/07/14","富邦-仁愛",2,49,-47
"13883","8112至上","110/07/14","土銀-嘉義",52,2,50
"13884","8112至上","110/07/14","元大-金華",0,42,-42
"13885","8112至上","110/07/14","美商高盛",40,0,40
"13886","8112至上","110/07/14","元大-內湖",4,43,-39
"13887","8112至上","110/07/14","臺銀",63,29,34
"13888","8112至上","110/07/14","第一金-華江",2,37,-35
"13889","8112至上","110/07/14","元富-嘉義",31,0,31
"13890","8112至上","110/07/14","永豐金-苓雅",2,34,-32
"13891","1570力肯","110/07/14","國票-北高雄",68,0,68
"13892","1570力肯","110/07/14","摩根大通",0,21,-21
"13893","1570力肯","110/07/14","日盛-八德",30,1,29
"13894","1570力肯","110/07/14","新光",1,19,-18
"13895","1570力肯","110/07/14","玉山-高雄",7,0,7
"13896","1570力肯","110/07/14","(牛牛牛)亞-鑫豐",0,17,-17
"13897","1570力肯","110/07/14","臺銀-臺南",5,0,5
"13898","1570力肯","110/07/14","日盛-士林",0,10,-10
"13899","1570力肯","110/07/14","凱基-三峽",5,0,5
"13900","1570力肯","110/07/14","統一-員林",0,10,-10
"13901","1570力肯","110/07/14","元大-和平",5,0,5
"13902","1570力肯","110/07/14","國票-新莊",0,10,-10
"13903","1570力肯","110/07/14","合庫-三重",4,0,4
"13904","1570力肯","110/07/14","凱基-高美館",0,10,-10
"13905","1570力肯","110/07/14","瑞士信貸",4,0,4
"13906","1570力肯","110/07/14","元大-屏東民生",0,5,-5
"13907","1570力肯","110/07/14","統一-三多",4,0,4
"13908","1570力肯","110/07/14","元大-古亭",0,5,-5
"13909","1570力肯","110/07/14","華南永昌-古亭",4,0,4
"13910","1570力肯","110/07/14","日盛-木柵",0,4,-4
"13911","1570力肯","110/07/14","元大-高雄",3,0,3
"13912","1570力肯","110/07/14","大昌",0,4,-4
"13913","1570力肯","110/07/14","兆豐-忠孝",2,0,2
"13914","1570力肯","110/07/14","群益金鼎-東大",0,4,-4
"13915","1570力肯","110/07/14","富邦-陽明",2,0,2
"13916","1570力肯","110/07/14","凱基-台北",0,4,-4
"13917","1570力肯","110/07/14","元大-松山",2,0,2
"13918","1570力肯","110/07/14","元大-板橋",0,4,-4
"13919","1570力肯","110/07/14","元大-忠孝",2,0,2
"13920","1570力肯","110/07/14","第一金-中山",0,3,-3
"13921","2929淘帝","110/07/14","華南永昌-林口",60,0,60
"13922","2929淘帝","110/07/14","群益金鼎",25,540,-515
"13923","2929淘帝","110/07/14","美林",87,31,56
"13924","2929淘帝","110/07/14","國泰-台南",1,30,-29
"13925","2929淘帝","110/07/14","元富-台南",40,0,40
"13926","2929淘帝","110/07/14","宏遠-桃園",0,20,-20
"13927","2929淘帝","110/07/14","元大-民生",39,0,39
"13928","2929淘帝","110/07/14","摩根大通",11,31,-20
"13929","2929淘帝","110/07/14","臺銀-鳳山",34,0,34
"13930","2929淘帝","110/07/14","台新-建北",5,20,-15
"13931","2929淘帝","110/07/14","合庫-高雄",34,1,33
"13932","2929淘帝","110/07/14","新光",1,16,-15
"13933","2929淘帝","110/07/14","華南永昌-鶯歌",28,0,28
"13934","2929淘帝","110/07/14","玉山-板橋",0,15,-15
"13935","2929淘帝","110/07/14","永興",25,0,25
"13936","2929淘帝","110/07/14","凱基-羅東",0,15,-15
"13937","2929淘帝","110/07/14","元大-新盛",25,1,24
"13938","2929淘帝","110/07/14","元大-頭份",0,15,-15
"13939","2929淘帝","110/07/14","日盛-南京",23,0,23
"13940","2929淘帝","110/07/14","第一金-台南",0,13,-13
"13941","2929淘帝","110/07/14","日茂",20,0,20
"13942","2929淘帝","110/07/14","富邦-基隆",0,12,-12
"13943","2929淘帝","110/07/14","台新-台中",20,0,20
"13944","2929淘帝","110/07/14","日茂-南投",1,12,-11
"13945","2929淘帝","110/07/14","華南永昌",20,0,20
"13946","2929淘帝","110/07/14","元大-豐原站前",0,11,-11
"13947","2929淘帝","110/07/14","福勝",15,0,15
"13948","2929淘帝","110/07/14","玉山-士林",0,10,-10
"13949","2929淘帝","110/07/14","富邦-南屯",15,0,15
"13950","2929淘帝","110/07/14","富邦-台北",0,10,-10
"13951","5410國眾","110/07/14","兆豐-城中",35,0,35
"13952","5410國眾","110/07/14","瑞士信貸",0,29,-29
"13953","5410國眾","110/07/14","新光",21,1,20
"13954","5410國眾","110/07/14","國泰-板橋",1,30,-29
"13955","5410國眾","110/07/14","國泰-敦南",21,1,20
"13956","5410國眾","110/07/14","日盛-高雄",0,20,-20
"13957","5410國眾","110/07/14","國泰-台中",20,1,19
"13958","5410國眾","110/07/14","台新-左楠",1,20,-19
"13959","5410國眾","110/07/14","元大-崇德",19,0,19
"13960","5410國眾","110/07/14","元富-大昌",1,18,-17
"13961","5410國眾","110/07/14","土銀-士林",18,0,18
"13962","5410國眾","110/07/14","富邦-建國",0,15,-15
"13963","5410國眾","110/07/14","元大-新盛",20,2,18
"13964","5410國眾","110/07/14","元富-嘉義",0,12,-12
"13965","5410國眾","110/07/14","兆豐-高雄",15,0,15
"13966","5410國眾","110/07/14","永全-南崁",0,12,-12
"13967","5410國眾","110/07/14","宏遠-中和",10,0,10
"13968","5410國眾","110/07/14","元大-員林",0,11,-11
"13969","5410國眾","110/07/14","新光-桃園",10,0,10
"13970","5410國眾","110/07/14","高橋",0,10,-10
"13971","5410國眾","110/07/14","國泰-台南",10,0,10
"13972","5410國眾","110/07/14","永興",0,10,-10
"13973","5410國眾","110/07/14","元大-復北",10,0,10
"13974","5410國眾","110/07/14","華南永昌-三重",0,10,-10
"13975","5410國眾","110/07/14","元大-竹科",8,0,8
"13976","5410國眾","110/07/14","元大-苑裡",0,7,-7
"13977","5410國眾","110/07/14","台新-新營",6,0,6
"13978","5410國眾","110/07/14","港商野村",0,6,-6
"13979","5410國眾","110/07/14","日盛-士林",5,0,5
"13980","5410國眾","110/07/14","摩根大通",5,11,-6
"13981","2841台開","110/07/14","凱基-文心",73,0,73
"13982","2841台開","110/07/14","國泰-敦南",0,50,-50
"13983","2841台開","110/07/14","元富-潮州",30,0,30
"13984","2841台開","110/07/14","凱基-中壢",0,40,-40
"13985","2841台開","110/07/14","第一金-台中",20,0,20
"13986","2841台開","110/07/14","統一-新竹",0,24,-24
"13987","2841台開","110/07/14","華南永昌-新莊",20,0,20
"13988","2841台開","110/07/14","元富-草屯",0,20,-20
"13989","2841台開","110/07/14","永豐金-豐原",20,0,20
"13990","2841台開","110/07/14","台新-台南",0,20,-20
"13991","2841台開","110/07/14","國泰-館前",15,0,15
"13992","2841台開","110/07/14","永豐金-敦南",45,63,-18
"13993","2841台開","110/07/14","群益金鼎-基隆",12,0,12
"13994","2841台開","110/07/14","國票-北高雄",0,13,-13
"13995","2841台開","110/07/14","日盛-信義",10,0,10
"13996","2841台開","110/07/14","凱基-松山",0,10,-10
"13997","2841台開","110/07/14","台新-台中",10,0,10
"13998","2841台開","110/07/14","元大證券",0,10,-10
"13999","2841台開","110/07/14","新光",10,1,9
"14000","2841台開","110/07/14","元大-中壢",0,10,-10
"14001","2841台開","110/07/14","凱基-新店",8,0,8
"14002","2841台開","110/07/14","富邦-陽明",1,10,-9
"14003","2841台開","110/07/14","元大-斗信",7,0,7
"14004","2841台開","110/07/14","富邦-建國",0,9,-9
"14005","2841台開","110/07/14","元大-三重",6,0,6
"14006","2841台開","110/07/14","富邦-台南",0,8,-8
"14007","2841台開","110/07/14","永豐金-中和",6,0,6
"14008","2841台開","110/07/14","康和-澎湖",0,7,-7
"14009","2841台開","110/07/14","元富-成功",5,0,5
"14010","2841台開","110/07/14","日盛-斗六",0,6,-6
"14011","6207雷科","110/07/14","群益金鼎-台北",60,0,60
"14012","6207雷科","110/07/14","新加坡商瑞銀",10,56,-46
"14013","6207雷科","110/07/14","台新-高雄",43,3,40
"14014","6207雷科","110/07/14","國票-中和",0,41,-41
"14015","6207雷科","110/07/14","元大-高雄",19,0,19
"14016","6207雷科","110/07/14","元大-復北",0,33,-33
"14017","6207雷科","110/07/14","福勝",15,0,15
"14018","6207雷科","110/07/14","光和-和美",0,20,-20
"14019","6207雷科","110/07/14","群益金鼎-中山",15,0,15
"14020","6207雷科","110/07/14","群益金鼎-丹鳳",0,20,-20
"14021","6207雷科","110/07/14","元大-林園",15,0,15
"14022","6207雷科","110/07/14","第一金-路竹",0,10,-10
"14023","6207雷科","110/07/14","新光",12,0,12
"14024","6207雷科","110/07/14","元大-歸仁",0,10,-10
"14025","6207雷科","110/07/14","元大-大天母",10,0,10
"14026","6207雷科","110/07/14","宏遠-館前",0,9,-9
"14027","6207雷科","110/07/14","永豐金-忠孝",9,0,9
"14028","6207雷科","110/07/14","凱基-台北",12,20,-8
"14029","6207雷科","110/07/14","永豐金-新店",7,0,7
"14030","6207雷科","110/07/14","美林",0,7,-7
"14031","6207雷科","110/07/14","玉山-嘉義",6,0,6
"14032","6207雷科","110/07/14","摩根大通",16,23,-7
"14033","6207雷科","110/07/14","元大-屏東",6,0,6
"14034","6207雷科","110/07/14","凱基-高雄",1,7,-6
"14035","6207雷科","110/07/14","凱基-大安",5,0,5
"14036","6207雷科","110/07/14","台中銀-豐原",0,5,-5
"14037","6207雷科","110/07/14","富邦-台南",5,0,5
"14038","6207雷科","110/07/14","元大-新竹經國",0,5,-5
"14039","6207雷科","110/07/14","元大-成功",5,0,5
"14040","6207雷科","110/07/14","光和-田中",0,4,-4
"14041","3679新至陞","110/07/14","凱基-台北",31,6,25
"14042","3679新至陞","110/07/14","群益金鼎-東大",0,15,-15
"14043","3679新至陞","110/07/14","華南永昌-新莊",10,0,10
"14044","3679新至陞","110/07/14","瑞士信貸",0,12,-12
"14045","3679新至陞","110/07/14","新加坡商瑞銀",11,3,8
"14046","3679新至陞","110/07/14","群益金鼎-永和",0,10,-10
"14047","3679新至陞","110/07/14","美商高盛",6,0,6
"14048","3679新至陞","110/07/14","元大-成功",5,15,-10
"14049","3679新至陞","110/07/14","第一金-中壢",6,0,6
"14050","3679新至陞","110/07/14","統一-板橋",1,10,-9
"14051","3679新至陞","110/07/14","(牛牛牛)亞-網路",4,0,4
"14052","3679新至陞","110/07/14","玉山-左營",0,5,-5
"14053","3679新至陞","110/07/14","元大-六合",3,0,3
"14054","3679新至陞","110/07/14","群益金鼎-三民",0,4,-4
"14055","3679新至陞","110/07/14","合庫-自強",2,0,2
"14056","3679新至陞","110/07/14","富邦-宜蘭",0,4,-4
"14057","3679新至陞","110/07/14","高橋-內壢",2,0,2
"14058","3679新至陞","110/07/14","永豐金-苓雅",0,3,-3
"14059","3679新至陞","110/07/14","台中銀-員林",2,0,2
"14060","3679新至陞","110/07/14","摩根大通",5,7,-2
"14061","3679新至陞","110/07/14","凱基-高美館",2,0,2
"14062","3679新至陞","110/07/14","元大-板橋三民",0,2,-2
"14063","3679新至陞","110/07/14","元大-福營",2,0,2
"14064","3679新至陞","110/07/14","宏遠-中和",0,1,-1
"14065","3679新至陞","110/07/14","永豐金-松山",2,0,2
"14066","3679新至陞","110/07/14","元富-佳里",0,1,-1
"14067","3679新至陞","110/07/14","永豐金-萬盛",2,0,2
"14068","3679新至陞","110/07/14","(牛牛牛)亞-鑫豐",0,1,-1
"14069","3679新至陞","110/07/14","元富-松德",1,0,1
"14070","3679新至陞","110/07/14","中國信託-中壢",0,1,-1
"14071","2727王品","110/07/14","富邦-左營",102,1,101
"14072","2727王品","110/07/14","統一-城中",100,234,-134
"14073","2727王品","110/07/14","國泰-板橋",105,11,94
"14074","2727王品","110/07/14","富邦-台北",1,125,-124
"14075","2727王品","110/07/14","港商野村",149,72,77
"14076","2727王品","110/07/14","台灣摩根士丹利",1,48,-47
"14077","2727王品","110/07/14","合庫-台中",66,2,64
"14078","2727王品","110/07/14","國票-新莊",0,40,-40
"14079","2727王品","110/07/14","臺銀-金山",63,8,55
"14080","2727王品","110/07/14","永豐金-忠孝",2,39,-37
"14081","2727王品","110/07/14","摩根大通",83,39,44
"14082","2727王品","110/07/14","富邦-彰化",1,34,-33
"14083","2727王品","110/07/14","凱基-台北",84,42,42
"14084","2727王品","110/07/14","康和-高雄",0,30,-30
"14085","2727王品","110/07/14","土銀-台中",35,1,34
"14086","2727王品","110/07/14","安泰",0,26,-26
"14087","2727王品","110/07/14","華南永昌-麻豆",32,1,31
"14088","2727王品","110/07/14","富邦-新竹華信",0,21,-21
"14089","2727王品","110/07/14","元大證券",85,55,30
"14090","2727王品","110/07/14","元大-南崁",1,22,-21
"14091","2727王品","110/07/14","新加坡商瑞銀",40,15,25
"14092","2727王品","110/07/14","彰銀-台中",0,18,-18
"14093","2727王品","110/07/14","日盛-八德",19,0,19
"14094","2727王品","110/07/14","元富-同大",2,20,-18
"14095","2727王品","110/07/14","統一",35,17,18
"14096","2727王品","110/07/14","玉山-嘉義",1,17,-16
"14097","2727王品","110/07/14","元富-大昌",18,1,17
"14098","2727王品","110/07/14","國泰-館前",4,20,-16
"14099","2727王品","110/07/14","玉山-板橋",15,1,14
"14100","2727王品","110/07/14","第一金-嘉義",1,13,-12
"14101","1570力肯","110/07/14","國票-北高雄",68,0,68
"14102","1570力肯","110/07/14","摩根大通",0,21,-21
"14103","1570力肯","110/07/14","日盛-八德",30,1,29
"14104","1570力肯","110/07/14","新光",1,19,-18
"14105","1570力肯","110/07/14","玉山-高雄",7,0,7
"14106","1570力肯","110/07/14","(牛牛牛)亞-鑫豐",0,17,-17
"14107","1570力肯","110/07/14","臺銀-臺南",5,0,5
"14108","1570力肯","110/07/14","日盛-士林",0,10,-10
"14109","1570力肯","110/07/14","凱基-三峽",5,0,5
"14110","1570力肯","110/07/14","統一-員林",0,10,-10
"14111","1570力肯","110/07/14","元大-和平",5,0,5
"14112","1570力肯","110/07/14","國票-新莊",0,10,-10
"14113","1570力肯","110/07/14","合庫-三重",4,0,4
"14114","1570力肯","110/07/14","凱基-高美館",0,10,-10
"14115","1570力肯","110/07/14","瑞士信貸",4,0,4
"14116","1570力肯","110/07/14","元大-屏東民生",0,5,-5
"14117","1570力肯","110/07/14","統一-三多",4,0,4
"14118","1570力肯","110/07/14","元大-古亭",0,5,-5
"14119","1570力肯","110/07/14","華南永昌-古亭",4,0,4
"14120","1570力肯","110/07/14","日盛-木柵",0,4,-4
"14121","1570力肯","110/07/14","元大-高雄",3,0,3
"14122","1570力肯","110/07/14","大昌",0,4,-4
"14123","1570力肯","110/07/14","兆豐-忠孝",2,0,2
"14124","1570力肯","110/07/14","群益金鼎-東大",0,4,-4
"14125","1570力肯","110/07/14","富邦-陽明",2,0,2
"14126","1570力肯","110/07/14","凱基-台北",0,4,-4
"14127","1570力肯","110/07/14","元大-松山",2,0,2
"14128","1570力肯","110/07/14","元大-板橋",0,4,-4
"14129","1570力肯","110/07/14","元大-忠孝",2,0,2
"14130","1570力肯","110/07/14","第一金-中山",0,3,-3
"14131","6180橘子","110/07/14","新加坡商瑞銀",84,28,56
"14132","6180橘子","110/07/14","凱基-台北",4,37,-33
"14133","6180橘子","110/07/14","日盛-信義",29,1,28
"14134","6180橘子","110/07/14","玉山-台南",1,22,-21
"14135","6180橘子","110/07/14","豐農",28,4,24
"14136","6180橘子","110/07/14","日盛-新竹",1,21,-20
"14137","6180橘子","110/07/14","新光-新竹",24,1,23
"14138","6180橘子","110/07/14","元富-潮州",0,19,-19
"14139","6180橘子","110/07/14","華南永昌-高雄",20,0,20
"14140","6180橘子","110/07/14","元大-信義",0,17,-17
"14141","6180橘子","110/07/14","元大-羅東",20,0,20
"14142","6180橘子","110/07/14","台灣企銀-台中",1,16,-15
"14143","6180橘子","110/07/14","元大-台中中港",20,0,20
"14144","6180橘子","110/07/14","元大-北港",0,15,-15
"14145","6180橘子","110/07/14","富邦-嘉義",24,5,19
"14146","6180橘子","110/07/14","富邦-高雄",0,14,-14
"14147","6180橘子","110/07/14","富邦-仁愛",15,0,15
"14148","6180橘子","110/07/14","兆豐-埔墘",0,13,-13
"14149","6180橘子","110/07/14","國票-九鼎",13,0,13
"14150","6180橘子","110/07/14","第一金-中山",0,10,-10
"14151","6180橘子","110/07/14","日盛-木柵",12,0,12
"14152","6180橘子","110/07/14","元大-彰化民生",0,10,-10
"14153","6180橘子","110/07/14","元大-成功",10,0,10
"14154","6180橘子","110/07/14","福勝",1,10,-9
"14155","6180橘子","110/07/14","港商野村",10,2,8
"14156","6180橘子","110/07/14","群益金鼎-丹鳳",1,10,-9
"14157","6180橘子","110/07/14","玉山-左營",8,0,8
"14158","6180橘子","110/07/14","群益金鼎-板橋",0,8,-8
"14159","6180橘子","110/07/14","富邦-陽明",16,8,8
"14160","6180橘子","110/07/14","合庫-鳳山",0,7,-7
"14161","2390云辰","110/07/14","摩根大通",995,198,797
"14162","2390云辰","110/07/14","新加坡商瑞銀",28,399,-371
"14163","2390云辰","110/07/14","美林",383,22,361
"14164","2390云辰","110/07/14","凱基-新豐",3,198,-195
"14165","2390云辰","110/07/14","台灣摩根士丹利",684,358,326
"14166","2390云辰","110/07/14","元大-士林",1,152,-151
"14167","2390云辰","110/07/14","凱基-台北",656,402,254
"14168","2390云辰","110/07/14","元大-竹山",80,181,-101
"14169","2390云辰","110/07/14","日盛-和美",110,5,105
"14170","2390云辰","110/07/14","群益金鼎-開元",19,95,-76
"14171","2390云辰","110/07/14","元大-天母",72,0,72
"14172","2390云辰","110/07/14","新光",77,150,-73
"14173","2390云辰","110/07/14","永豐金-松山",57,0,57
"14174","2390云辰","110/07/14","元富-高雄",0,71,-71
"14175","2390云辰","110/07/14","統一-屏東",53,0,53
"14176","2390云辰","110/07/14","元大-土城學府",130,201,-71
"14177","2390云辰","110/07/14","港商野村",486,450,36
"14178","2390云辰","110/07/14","元大-善化",12,76,-64
"14179","2390云辰","110/07/14","致和-崇德",30,0,30
"14180","2390云辰","110/07/14","華南永昌-岡山",23,81,-58
"14181","2390云辰","110/07/14","富邦-台北",40,14,26
"14182","2390云辰","110/07/14","群益金鼎-大興",82,125,-43
"14183","2390云辰","110/07/14","台新-高雄",38,13,25
"14184","2390云辰","110/07/14","大慶-中壢",0,41,-41
"14185","2390云辰","110/07/14","富邦-板橋",32,7,25
"14186","2390云辰","110/07/14","玉山-板橋",6,47,-41
"14187","2390云辰","110/07/14","陽信-石牌",24,0,24
"14188","2390云辰","110/07/14","富邦-台東",2,42,-40
"14189","2390云辰","110/07/14","凱基-屏東",32,8,24
"14190","2390云辰","110/07/14","元大-新營",3,42,-39
"14191","2363矽統","110/07/14","台灣摩根士丹利",463,0,463
"14192","2363矽統","110/07/14","新加坡商瑞銀",568,1321,-753
"14193","2363矽統","110/07/14","台新證券",750,342,408
"14194","2363矽統","110/07/14","瑞士信貸",149,864,-715
"14195","2363矽統","110/07/14","玉山-台中",363,51,312
"14196","2363矽統","110/07/14","台新-屏東",115,380,-265
"14197","2363矽統","110/07/14","元大-斗六",223,25,198
"14198","2363矽統","110/07/14","永豐金證券",16,265,-249
"14199","2363矽統","110/07/14","華南永昌-朴子",208,38,170
"14200","2363矽統","110/07/14","美林",462,701,-239
"14201","2363矽統","110/07/14","元富-西松",169,12,157
"14202","2363矽統","110/07/14","宏遠-桃園",269,500,-231
"14203","2363矽統","110/07/14","永豐金-大園",146,6,140
"14204","2363矽統","110/07/14","凱基-竹北",36,254,-218
"14205","2363矽統","110/07/14","土銀-和平",134,0,134
"14206","2363矽統","110/07/14","港商法國興業",0,214,-214
"14207","2363矽統","110/07/14","富邦-新營",130,13,117
"14208","2363矽統","110/07/14","港商野村",835,1044,-209
"14209","2363矽統","110/07/14","元富-成功",118,11,107
"14210","2363矽統","110/07/14","北城證券",212,411,-199
"14211","2363矽統","110/07/14","元富-烏日",121,18,103
"14212","2363矽統","110/07/14","(牛牛牛)亞-鑫豐",51,241,-190
"14213","2363矽統","110/07/14","日盛-二林",120,18,102
"14214","2363矽統","110/07/14","國票-博愛",24,213,-189
"14215","2363矽統","110/07/14","兆豐-忠孝",98,2,96
"14216","2363矽統","110/07/14","大慶-蘆洲",134,316,-182
"14217","2363矽統","110/07/14","大慶-楊梅",92,3,89
"14218","2363矽統","110/07/14","彰銀-台中",15,193,-178
"14219","2363矽統","110/07/14","元富-三重",120,33,87
"14220","2363矽統","110/07/14","日盛-和美",18,185,-167
"14221","8112至上","110/07/14","新加坡商瑞銀",223,17,206
"14222","8112至上","110/07/14","瑞士信貸",8,170,-162
"14223","8112至上","110/07/14","摩根大通",285,129,156
"14224","8112至上","110/07/14","美林",55,202,-147
"14225","8112至上","110/07/14","花旗環球",124,0,124
"14226","8112至上","110/07/14","凱基-台北",325,436,-111
"14227","8112至上","110/07/14","兆豐-公益",117,4,113
"14228","8112至上","110/07/14","台中銀-台北",0,98,-98
"14229","8112至上","110/07/14","香港上海匯豐",111,0,111
"14230","8112至上","110/07/14","玉山-台大",17,107,-90
"14231","8112至上","110/07/14","永豐金-內湖",117,21,96
"14232","8112至上","110/07/14","康和-內湖",1,90,-89
"14233","8112至上","110/07/14","台灣摩根士丹利",108,16,92
"14234","8112至上","110/07/14","港商野村",21,84,-63
"14235","8112至上","110/07/14","元大-東蘆",77,0,77
"14236","8112至上","110/07/14","兆豐-北高雄",1,60,-59
"14237","8112至上","110/07/14","新光",108,48,60
"14238","8112至上","110/07/14","群益金鼎-海山",1,52,-51
"14239","8112至上","110/07/14","大慶-蘆洲",59,0,59
"14240","8112至上","110/07/14","群益金鼎-大安",0,50,-50
"14241","8112至上","110/07/14","華南永昌-台中",56,3,53
"14242","8112至上","110/07/14","富邦-仁愛",2,49,-47
"14243","8112至上","110/07/14","土銀-嘉義",52,2,50
"14244","8112至上","110/07/14","元大-金華",0,42,-42
"14245","8112至上","110/07/14","美商高盛",40,0,40
"14246","8112至上","110/07/14","元大-內湖",4,43,-39
"14247","8112至上","110/07/14","臺銀",63,29,34
"14248","8112至上","110/07/14","第一金-華江",2,37,-35
"14249","8112至上","110/07/14","元富-嘉義",31,0,31
"14250","8112至上","110/07/14","永豐金-苓雅",2,34,-32
"14251","1570力肯","110/07/14","國票-北高雄",68,0,68
"14252","1570力肯","110/07/14","摩根大通",0,21,-21
"14253","1570力肯","110/07/14","日盛-八德",30,1,29
"14254","1570力肯","110/07/14","新光",1,19,-18
"14255","1570力肯","110/07/14","玉山-高雄",7,0,7
"14256","1570力肯","110/07/14","(牛牛牛)亞-鑫豐",0,17,-17
"14257","1570力肯","110/07/14","臺銀-臺南",5,0,5
"14258","1570力肯","110/07/14","日盛-士林",0,10,-10
"14259","1570力肯","110/07/14","凱基-三峽",5,0,5
"14260","1570力肯","110/07/14","統一-員林",0,10,-10
"14261","1570力肯","110/07/14","元大-和平",5,0,5
"14262","1570力肯","110/07/14","國票-新莊",0,10,-10
"14263","1570力肯","110/07/14","合庫-三重",4,0,4
"14264","1570力肯","110/07/14","凱基-高美館",0,10,-10
"14265","1570力肯","110/07/14","瑞士信貸",4,0,4
"14266","1570力肯","110/07/14","元大-屏東民生",0,5,-5
"14267","1570力肯","110/07/14","統一-三多",4,0,4
"14268","1570力肯","110/07/14","元大-古亭",0,5,-5
"14269","1570力肯","110/07/14","華南永昌-古亭",4,0,4
"14270","1570力肯","110/07/14","日盛-木柵",0,4,-4
"14271","1570力肯","110/07/14","元大-高雄",3,0,3
"14272","1570力肯","110/07/14","大昌",0,4,-4
"14273","1570力肯","110/07/14","兆豐-忠孝",2,0,2
"14274","1570力肯","110/07/14","群益金鼎-東大",0,4,-4
"14275","1570力肯","110/07/14","富邦-陽明",2,0,2
"14276","1570力肯","110/07/14","凱基-台北",0,4,-4
"14277","1570力肯","110/07/14","元大-松山",2,0,2
"14278","1570力肯","110/07/14","元大-板橋",0,4,-4
"14279","1570力肯","110/07/14","元大-忠孝",2,0,2
"14280","1570力肯","110/07/14","第一金-中山",0,3,-3
"14281","2929淘帝","110/07/14","華南永昌-林口",60,0,60
"14282","2929淘帝","110/07/14","群益金鼎",25,540,-515
"14283","2929淘帝","110/07/14","美林",87,31,56
"14284","2929淘帝","110/07/14","國泰-台南",1,30,-29
"14285","2929淘帝","110/07/14","元富-台南",40,0,40
"14286","2929淘帝","110/07/14","宏遠-桃園",0,20,-20
"14287","2929淘帝","110/07/14","元大-民生",39,0,39
"14288","2929淘帝","110/07/14","摩根大通",11,31,-20
"14289","2929淘帝","110/07/14","臺銀-鳳山",34,0,34
"14290","2929淘帝","110/07/14","台新-建北",5,20,-15
"14291","2929淘帝","110/07/14","合庫-高雄",34,1,33
"14292","2929淘帝","110/07/14","新光",1,16,-15
"14293","2929淘帝","110/07/14","華南永昌-鶯歌",28,0,28
"14294","2929淘帝","110/07/14","玉山-板橋",0,15,-15
"14295","2929淘帝","110/07/14","永興",25,0,25
"14296","2929淘帝","110/07/14","凱基-羅東",0,15,-15
"14297","2929淘帝","110/07/14","元大-新盛",25,1,24
"14298","2929淘帝","110/07/14","元大-頭份",0,15,-15
"14299","2929淘帝","110/07/14","日盛-南京",23,0,23
"14300","2929淘帝","110/07/14","第一金-台南",0,13,-13
"14301","2929淘帝","110/07/14","日茂",20,0,20
"14302","2929淘帝","110/07/14","富邦-基隆",0,12,-12
"14303","2929淘帝","110/07/14","台新-台中",20,0,20
"14304","2929淘帝","110/07/14","日茂-南投",1,12,-11
"14305","2929淘帝","110/07/14","華南永昌",20,0,20
"14306","2929淘帝","110/07/14","元大-豐原站前",0,11,-11
"14307","2929淘帝","110/07/14","福勝",15,0,15
"14308","2929淘帝","110/07/14","玉山-士林",0,10,-10
"14309","2929淘帝","110/07/14","富邦-南屯",15,0,15
"14310","2929淘帝","110/07/14","富邦-台北",0,10,-10
"14311","5410國眾","110/07/14","兆豐-城中",35,0,35
"14312","5410國眾","110/07/14","瑞士信貸",0,29,-29
"14313","5410國眾","110/07/14","新光",21,1,20
"14314","5410國眾","110/07/14","國泰-板橋",1,30,-29
"14315","5410國眾","110/07/14","國泰-敦南",21,1,20
"14316","5410國眾","110/07/14","日盛-高雄",0,20,-20
"14317","5410國眾","110/07/14","國泰-台中",20,1,19
"14318","5410國眾","110/07/14","台新-左楠",1,20,-19
"14319","5410國眾","110/07/14","元大-崇德",19,0,19
"14320","5410國眾","110/07/14","元富-大昌",1,18,-17
"14321","5410國眾","110/07/14","土銀-士林",18,0,18
"14322","5410國眾","110/07/14","富邦-建國",0,15,-15
"14323","5410國眾","110/07/14","元大-新盛",20,2,18
"14324","5410國眾","110/07/14","元富-嘉義",0,12,-12
"14325","5410國眾","110/07/14","兆豐-高雄",15,0,15
"14326","5410國眾","110/07/14","永全-南崁",0,12,-12
"14327","5410國眾","110/07/14","宏遠-中和",10,0,10
"14328","5410國眾","110/07/14","元大-員林",0,11,-11
"14329","5410國眾","110/07/14","新光-桃園",10,0,10
"14330","5410國眾","110/07/14","高橋",0,10,-10
"14331","5410國眾","110/07/14","國泰-台南",10,0,10
"14332","5410國眾","110/07/14","永興",0,10,-10
"14333","5410國眾","110/07/14","元大-復北",10,0,10
"14334","5410國眾","110/07/14","華南永昌-三重",0,10,-10
"14335","5410國眾","110/07/14","元大-竹科",8,0,8
"14336","5410國眾","110/07/14","元大-苑裡",0,7,-7
"14337","5410國眾","110/07/14","台新-新營",6,0,6
"14338","5410國眾","110/07/14","港商野村",0,6,-6
"14339","5410國眾","110/07/14","日盛-士林",5,0,5
"14340","5410國眾","110/07/14","摩根大通",5,11,-6
"14341","2841台開","110/07/14","凱基-文心",73,0,73
"14342","2841台開","110/07/14","國泰-敦南",0,50,-50
"14343","2841台開","110/07/14","元富-潮州",30,0,30
"14344","2841台開","110/07/14","凱基-中壢",0,40,-40
"14345","2841台開","110/07/14","第一金-台中",20,0,20
"14346","2841台開","110/07/14","統一-新竹",0,24,-24
"14347","2841台開","110/07/14","華南永昌-新莊",20,0,20
"14348","2841台開","110/07/14","元富-草屯",0,20,-20
"14349","2841台開","110/07/14","永豐金-豐原",20,0,20
"14350","2841台開","110/07/14","台新-台南",0,20,-20
"14351","2841台開","110/07/14","國泰-館前",15,0,15
"14352","2841台開","110/07/14","永豐金-敦南",45,63,-18
"14353","2841台開","110/07/14","群益金鼎-基隆",12,0,12
"14354","2841台開","110/07/14","國票-北高雄",0,13,-13
"14355","2841台開","110/07/14","日盛-信義",10,0,10
"14356","2841台開","110/07/14","凱基-松山",0,10,-10
"14357","2841台開","110/07/14","台新-台中",10,0,10
"14358","2841台開","110/07/14","元大證券",0,10,-10
"14359","2841台開","110/07/14","新光",10,1,9
"14360","2841台開","110/07/14","元大-中壢",0,10,-10
"14361","2841台開","110/07/14","凱基-新店",8,0,8
"14362","2841台開","110/07/14","富邦-陽明",1,10,-9
"14363","2841台開","110/07/14","元大-斗信",7,0,7
"14364","2841台開","110/07/14","富邦-建國",0,9,-9
"14365","2841台開","110/07/14","元大-三重",6,0,6
"14366","2841台開","110/07/14","富邦-台南",0,8,-8
"14367","2841台開","110/07/14","永豐金-中和",6,0,6
"14368","2841台開","110/07/14","康和-澎湖",0,7,-7
"14369","2841台開","110/07/14","元富-成功",5,0,5
"14370","2841台開","110/07/14","日盛-斗六",0,6,-6
"14371","6207雷科","110/07/14","群益金鼎-台北",60,0,60
"14372","6207雷科","110/07/14","新加坡商瑞銀",10,56,-46
"14373","6207雷科","110/07/14","台新-高雄",43,3,40
"14374","6207雷科","110/07/14","國票-中和",0,41,-41
"14375","6207雷科","110/07/14","元大-高雄",19,0,19
"14376","6207雷科","110/07/14","元大-復北",0,33,-33
"14377","6207雷科","110/07/14","福勝",15,0,15
"14378","6207雷科","110/07/14","光和-和美",0,20,-20
"14379","6207雷科","110/07/14","群益金鼎-中山",15,0,15
"14380","6207雷科","110/07/14","群益金鼎-丹鳳",0,20,-20
"14381","6207雷科","110/07/14","元大-林園",15,0,15
"14382","6207雷科","110/07/14","第一金-路竹",0,10,-10
"14383","6207雷科","110/07/14","新光",12,0,12
"14384","6207雷科","110/07/14","元大-歸仁",0,10,-10
"14385","6207雷科","110/07/14","元大-大天母",10,0,10
"14386","6207雷科","110/07/14","宏遠-館前",0,9,-9
"14387","6207雷科","110/07/14","永豐金-忠孝",9,0,9
"14388","6207雷科","110/07/14","凱基-台北",12,20,-8
"14389","6207雷科","110/07/14","永豐金-新店",7,0,7
"14390","6207雷科","110/07/14","美林",0,7,-7
"14391","6207雷科","110/07/14","玉山-嘉義",6,0,6
"14392","6207雷科","110/07/14","摩根大通",16,23,-7
"14393","6207雷科","110/07/14","元大-屏東",6,0,6
"14394","6207雷科","110/07/14","凱基-高雄",1,7,-6
"14395","6207雷科","110/07/14","凱基-大安",5,0,5
"14396","6207雷科","110/07/14","台中銀-豐原",0,5,-5
"14397","6207雷科","110/07/14","富邦-台南",5,0,5
"14398","6207雷科","110/07/14","元大-新竹經國",0,5,-5
"14399","6207雷科","110/07/14","元大-成功",5,0,5
"14400","6207雷科","110/07/14","光和-田中",0,4,-4
"14401","3679新至陞","110/07/14","凱基-台北",31,6,25
"14402","3679新至陞","110/07/14","群益金鼎-東大",0,15,-15
"14403","3679新至陞","110/07/14","華南永昌-新莊",10,0,10
"14404","3679新至陞","110/07/14","瑞士信貸",0,12,-12
"14405","3679新至陞","110/07/14","新加坡商瑞銀",11,3,8
"14406","3679新至陞","110/07/14","群益金鼎-永和",0,10,-10
"14407","3679新至陞","110/07/14","美商高盛",6,0,6
"14408","3679新至陞","110/07/14","元大-成功",5,15,-10
"14409","3679新至陞","110/07/14","第一金-中壢",6,0,6
"14410","3679新至陞","110/07/14","統一-板橋",1,10,-9
"14411","3679新至陞","110/07/14","(牛牛牛)亞-網路",4,0,4
"14412","3679新至陞","110/07/14","玉山-左營",0,5,-5
"14413","3679新至陞","110/07/14","元大-六合",3,0,3
"14414","3679新至陞","110/07/14","群益金鼎-三民",0,4,-4
"14415","3679新至陞","110/07/14","合庫-自強",2,0,2
"14416","3679新至陞","110/07/14","富邦-宜蘭",0,4,-4
"14417","3679新至陞","110/07/14","高橋-內壢",2,0,2
"14418","3679新至陞","110/07/14","永豐金-苓雅",0,3,-3
"14419","3679新至陞","110/07/14","台中銀-員林",2,0,2
"14420","3679新至陞","110/07/14","摩根大通",5,7,-2
"14421","3679新至陞","110/07/14","凱基-高美館",2,0,2
"14422","3679新至陞","110/07/14","元大-板橋三民",0,2,-2
"14423","3679新至陞","110/07/14","元大-福營",2,0,2
"14424","3679新至陞","110/07/14","宏遠-中和",0,1,-1
"14425","3679新至陞","110/07/14","永豐金-松山",2,0,2
"14426","3679新至陞","110/07/14","元富-佳里",0,1,-1
"14427","3679新至陞","110/07/14","永豐金-萬盛",2,0,2
"14428","3679新至陞","110/07/14","(牛牛牛)亞-鑫豐",0,1,-1
"14429","3679新至陞","110/07/14","元富-松德",1,0,1
"14430","3679新至陞","110/07/14","中國信託-中壢",0,1,-1
"14431","2727王品","110/07/14","富邦-左營",102,1,101
"14432","2727王品","110/07/14","統一-城中",100,234,-134
"14433","2727王品","110/07/14","國泰-板橋",105,11,94
"14434","2727王品","110/07/14","富邦-台北",1,125,-124
"14435","2727王品","110/07/14","港商野村",149,72,77
"14436","2727王品","110/07/14","台灣摩根士丹利",1,48,-47
"14437","2727王品","110/07/14","合庫-台中",66,2,64
"14438","2727王品","110/07/14","國票-新莊",0,40,-40
"14439","2727王品","110/07/14","臺銀-金山",63,8,55
"14440","2727王品","110/07/14","永豐金-忠孝",2,39,-37
"14441","2727王品","110/07/14","摩根大通",83,39,44
"14442","2727王品","110/07/14","富邦-彰化",1,34,-33
"14443","2727王品","110/07/14","凱基-台北",84,42,42
"14444","2727王品","110/07/14","康和-高雄",0,30,-30
"14445","2727王品","110/07/14","土銀-台中",35,1,34
"14446","2727王品","110/07/14","安泰",0,26,-26
"14447","2727王品","110/07/14","華南永昌-麻豆",32,1,31
"14448","2727王品","110/07/14","富邦-新竹華信",0,21,-21
"14449","2727王品","110/07/14","元大證券",85,55,30
"14450","2727王品","110/07/14","元大-南崁",1,22,-21
"14451","2727王品","110/07/14","新加坡商瑞銀",40,15,25
"14452","2727王品","110/07/14","彰銀-台中",0,18,-18
"14453","2727王品","110/07/14","日盛-八德",19,0,19
"14454","2727王品","110/07/14","元富-同大",2,20,-18
"14455","2727王品","110/07/14","統一",35,17,18
"14456","2727王品","110/07/14","玉山-嘉義",1,17,-16
"14457","2727王品","110/07/14","元富-大昌",18,1,17
"14458","2727王品","110/07/14","國泰-館前",4,20,-16
"14459","2727王品","110/07/14","玉山-板橋",15,1,14
"14460","2727王品","110/07/14","第一金-嘉義",1,13,-12
"14461","1570力肯","110/07/14","國票-北高雄",68,0,68
"14462","1570力肯","110/07/14","摩根大通",0,21,-21
"14463","1570力肯","110/07/14","日盛-八德",30,1,29
"14464","1570力肯","110/07/14","新光",1,19,-18
"14465","1570力肯","110/07/14","玉山-高雄",7,0,7
"14466","1570力肯","110/07/14","(牛牛牛)亞-鑫豐",0,17,-17
"14467","1570力肯","110/07/14","臺銀-臺南",5,0,5
"14468","1570力肯","110/07/14","日盛-士林",0,10,-10
"14469","1570力肯","110/07/14","凱基-三峽",5,0,5
"14470","1570力肯","110/07/14","統一-員林",0,10,-10
"14471","1570力肯","110/07/14","元大-和平",5,0,5
"14472","1570力肯","110/07/14","國票-新莊",0,10,-10
"14473","1570力肯","110/07/14","合庫-三重",4,0,4
"14474","1570力肯","110/07/14","凱基-高美館",0,10,-10
"14475","1570力肯","110/07/14","瑞士信貸",4,0,4
"14476","1570力肯","110/07/14","元大-屏東民生",0,5,-5
"14477","1570力肯","110/07/14","統一-三多",4,0,4
"14478","1570力肯","110/07/14","元大-古亭",0,5,-5
"14479","1570力肯","110/07/14","華南永昌-古亭",4,0,4
"14480","1570力肯","110/07/14","日盛-木柵",0,4,-4
"14481","1570力肯","110/07/14","元大-高雄",3,0,3
"14482","1570力肯","110/07/14","大昌",0,4,-4
"14483","1570力肯","110/07/14","兆豐-忠孝",2,0,2
"14484","1570力肯","110/07/14","群益金鼎-東大",0,4,-4
"14485","1570力肯","110/07/14","富邦-陽明",2,0,2
"14486","1570力肯","110/07/14","凱基-台北",0,4,-4
"14487","1570力肯","110/07/14","元大-松山",2,0,2
"14488","1570力肯","110/07/14","元大-板橋",0,4,-4
"14489","1570力肯","110/07/14","元大-忠孝",2,0,2
"14490","1570力肯","110/07/14","第一金-中山",0,3,-3
"14491","6180橘子","110/07/14","新加坡商瑞銀",84,28,56
"14492","6180橘子","110/07/14","凱基-台北",4,37,-33
"14493","6180橘子","110/07/14","日盛-信義",29,1,28
"14494","6180橘子","110/07/14","玉山-台南",1,22,-21
"14495","6180橘子","110/07/14","豐農",28,4,24
"14496","6180橘子","110/07/14","日盛-新竹",1,21,-20
"14497","6180橘子","110/07/14","新光-新竹",24,1,23
"14498","6180橘子","110/07/14","元富-潮州",0,19,-19
"14499","6180橘子","110/07/14","華南永昌-高雄",20,0,20
"14500","6180橘子","110/07/14","元大-信義",0,17,-17
"14501","6180橘子","110/07/14","元大-羅東",20,0,20
"14502","6180橘子","110/07/14","台灣企銀-台中",1,16,-15
"14503","6180橘子","110/07/14","元大-台中中港",20,0,20
"14504","6180橘子","110/07/14","元大-北港",0,15,-15
"14505","6180橘子","110/07/14","富邦-嘉義",24,5,19
"14506","6180橘子","110/07/14","富邦-高雄",0,14,-14
"14507","6180橘子","110/07/14","富邦-仁愛",15,0,15
"14508","6180橘子","110/07/14","兆豐-埔墘",0,13,-13
"14509","6180橘子","110/07/14","國票-九鼎",13,0,13
"14510","6180橘子","110/07/14","第一金-中山",0,10,-10
"14511","6180橘子","110/07/14","日盛-木柵",12,0,12
"14512","6180橘子","110/07/14","元大-彰化民生",0,10,-10
"14513","6180橘子","110/07/14","元大-成功",10,0,10
"14514","6180橘子","110/07/14","福勝",1,10,-9
"14515","6180橘子","110/07/14","港商野村",10,2,8
"14516","6180橘子","110/07/14","群益金鼎-丹鳳",1,10,-9
"14517","6180橘子","110/07/14","玉山-左營",8,0,8
"14518","6180橘子","110/07/14","群益金鼎-板橋",0,8,-8
"14519","6180橘子","110/07/14","富邦-陽明",16,8,8
"14520","6180橘子","110/07/14","合庫-鳳山",0,7,-7
"14521","2390云辰","110/07/14","摩根大通",995,198,797
"14522","2390云辰","110/07/14","新加坡商瑞銀",28,399,-371
"14523","2390云辰","110/07/14","美林",383,22,361
"14524","2390云辰","110/07/14","凱基-新豐",3,198,-195
"14525","2390云辰","110/07/14","台灣摩根士丹利",684,358,326
"14526","2390云辰","110/07/14","元大-士林",1,152,-151
"14527","2390云辰","110/07/14","凱基-台北",656,402,254
"14528","2390云辰","110/07/14","元大-竹山",80,181,-101
"14529","2390云辰","110/07/14","日盛-和美",110,5,105
"14530","2390云辰","110/07/14","群益金鼎-開元",19,95,-76
"14531","2390云辰","110/07/14","元大-天母",72,0,72
"14532","2390云辰","110/07/14","新光",77,150,-73
"14533","2390云辰","110/07/14","永豐金-松山",57,0,57
"14534","2390云辰","110/07/14","元富-高雄",0,71,-71
"14535","2390云辰","110/07/14","統一-屏東",53,0,53
"14536","2390云辰","110/07/14","元大-土城學府",130,201,-71
"14537","2390云辰","110/07/14","港商野村",486,450,36
"14538","2390云辰","110/07/14","元大-善化",12,76,-64
"14539","2390云辰","110/07/14","致和-崇德",30,0,30
"14540","2390云辰","110/07/14","華南永昌-岡山",23,81,-58
"14541","2390云辰","110/07/14","富邦-台北",40,14,26
"14542","2390云辰","110/07/14","群益金鼎-大興",82,125,-43
"14543","2390云辰","110/07/14","台新-高雄",38,13,25
"14544","2390云辰","110/07/14","大慶-中壢",0,41,-41
"14545","2390云辰","110/07/14","富邦-板橋",32,7,25
"14546","2390云辰","110/07/14","玉山-板橋",6,47,-41
"14547","2390云辰","110/07/14","陽信-石牌",24,0,24
"14548","2390云辰","110/07/14","富邦-台東",2,42,-40
"14549","2390云辰","110/07/14","凱基-屏東",32,8,24
"14550","2390云辰","110/07/14","元大-新營",3,42,-39
"14551","2363矽統","110/07/14","台灣摩根士丹利",463,0,463
"14552","2363矽統","110/07/14","新加坡商瑞銀",568,1321,-753
"14553","2363矽統","110/07/14","台新證券",750,342,408
"14554","2363矽統","110/07/14","瑞士信貸",149,864,-715
"14555","2363矽統","110/07/14","玉山-台中",363,51,312
"14556","2363矽統","110/07/14","台新-屏東",115,380,-265
"14557","2363矽統","110/07/14","元大-斗六",223,25,198
"14558","2363矽統","110/07/14","永豐金證券",16,265,-249
"14559","2363矽統","110/07/14","華南永昌-朴子",208,38,170
"14560","2363矽統","110/07/14","美林",462,701,-239
"14561","2363矽統","110/07/14","元富-西松",169,12,157
"14562","2363矽統","110/07/14","宏遠-桃園",269,500,-231
"14563","2363矽統","110/07/14","永豐金-大園",146,6,140
"14564","2363矽統","110/07/14","凱基-竹北",36,254,-218
"14565","2363矽統","110/07/14","土銀-和平",134,0,134
"14566","2363矽統","110/07/14","港商法國興業",0,214,-214
"14567","2363矽統","110/07/14","富邦-新營",130,13,117
"14568","2363矽統","110/07/14","港商野村",835,1044,-209
"14569","2363矽統","110/07/14","元富-成功",118,11,107
"14570","2363矽統","110/07/14","北城證券",212,411,-199
"14571","2363矽統","110/07/14","元富-烏日",121,18,103
"14572","2363矽統","110/07/14","(牛牛牛)亞-鑫豐",51,241,-190
"14573","2363矽統","110/07/14","日盛-二林",120,18,102
"14574","2363矽統","110/07/14","國票-博愛",24,213,-189
"14575","2363矽統","110/07/14","兆豐-忠孝",98,2,96
"14576","2363矽統","110/07/14","大慶-蘆洲",134,316,-182
"14577","2363矽統","110/07/14","大慶-楊梅",92,3,89
"14578","2363矽統","110/07/14","彰銀-台中",15,193,-178
"14579","2363矽統","110/07/14","元富-三重",120,33,87
"14580","2363矽統","110/07/14","日盛-和美",18,185,-167
"14581","8112至上","110/07/14","新加坡商瑞銀",223,17,206
"14582","8112至上","110/07/14","瑞士信貸",8,170,-162
"14583","8112至上","110/07/14","摩根大通",285,129,156
"14584","8112至上","110/07/14","美林",55,202,-147
"14585","8112至上","110/07/14","花旗環球",124,0,124
"14586","8112至上","110/07/14","凱基-台北",325,436,-111
"14587","8112至上","110/07/14","兆豐-公益",117,4,113
"14588","8112至上","110/07/14","台中銀-台北",0,98,-98
"14589","8112至上","110/07/14","香港上海匯豐",111,0,111
"14590","8112至上","110/07/14","玉山-台大",17,107,-90
"14591","8112至上","110/07/14","永豐金-內湖",117,21,96
"14592","8112至上","110/07/14","康和-內湖",1,90,-89
"14593","8112至上","110/07/14","台灣摩根士丹利",108,16,92
"14594","8112至上","110/07/14","港商野村",21,84,-63
"14595","8112至上","110/07/14","元大-東蘆",77,0,77
"14596","8112至上","110/07/14","兆豐-北高雄",1,60,-59
"14597","8112至上","110/07/14","新光",108,48,60
"14598","8112至上","110/07/14","群益金鼎-海山",1,52,-51
"14599","8112至上","110/07/14","大慶-蘆洲",59,0,59
"14600","8112至上","110/07/14","群益金鼎-大安",0,50,-50
"14601","8112至上","110/07/14","華南永昌-台中",56,3,53
"14602","8112至上","110/07/14","富邦-仁愛",2,49,-47
"14603","8112至上","110/07/14","土銀-嘉義",52,2,50
"14604","8112至上","110/07/14","元大-金華",0,42,-42
"14605","8112至上","110/07/14","美商高盛",40,0,40
"14606","8112至上","110/07/14","元大-內湖",4,43,-39
"14607","8112至上","110/07/14","臺銀",63,29,34
"14608","8112至上","110/07/14","第一金-華江",2,37,-35
"14609","8112至上","110/07/14","元富-嘉義",31,0,31
"14610","8112至上","110/07/14","永豐金-苓雅",2,34,-32
"14611","1570力肯","110/07/14","國票-北高雄",68,0,68
"14612","1570力肯","110/07/14","摩根大通",0,21,-21
"14613","1570力肯","110/07/14","日盛-八德",30,1,29
"14614","1570力肯","110/07/14","新光",1,19,-18
"14615","1570力肯","110/07/14","玉山-高雄",7,0,7
"14616","1570力肯","110/07/14","(牛牛牛)亞-鑫豐",0,17,-17
"14617","1570力肯","110/07/14","臺銀-臺南",5,0,5
"14618","1570力肯","110/07/14","日盛-士林",0,10,-10
"14619","1570力肯","110/07/14","凱基-三峽",5,0,5
"14620","1570力肯","110/07/14","統一-員林",0,10,-10
"14621","1570力肯","110/07/14","元大-和平",5,0,5
"14622","1570力肯","110/07/14","國票-新莊",0,10,-10
"14623","1570力肯","110/07/14","合庫-三重",4,0,4
"14624","1570力肯","110/07/14","凱基-高美館",0,10,-10
"14625","1570力肯","110/07/14","瑞士信貸",4,0,4
"14626","1570力肯","110/07/14","元大-屏東民生",0,5,-5
"14627","1570力肯","110/07/14","統一-三多",4,0,4
"14628","1570力肯","110/07/14","元大-古亭",0,5,-5
"14629","1570力肯","110/07/14","華南永昌-古亭",4,0,4
"14630","1570力肯","110/07/14","日盛-木柵",0,4,-4
"14631","1570力肯","110/07/14","元大-高雄",3,0,3
"14632","1570力肯","110/07/14","大昌",0,4,-4
"14633","1570力肯","110/07/14","兆豐-忠孝",2,0,2
"14634","1570力肯","110/07/14","群益金鼎-東大",0,4,-4
"14635","1570力肯","110/07/14","富邦-陽明",2,0,2
"14636","1570力肯","110/07/14","凱基-台北",0,4,-4
"14637","1570力肯","110/07/14","元大-松山",2,0,2
"14638","1570力肯","110/07/14","元大-板橋",0,4,-4
"14639","1570力肯","110/07/14","元大-忠孝",2,0,2
"14640","1570力肯","110/07/14","第一金-中山",0,3,-3
"14641","2929淘帝","110/07/14","華南永昌-林口",60,0,60
"14642","2929淘帝","110/07/14","群益金鼎",25,540,-515
"14643","2929淘帝","110/07/14","美林",87,31,56
"14644","2929淘帝","110/07/14","國泰-台南",1,30,-29
"14645","2929淘帝","110/07/14","元富-台南",40,0,40
"14646","2929淘帝","110/07/14","宏遠-桃園",0,20,-20
"14647","2929淘帝","110/07/14","元大-民生",39,0,39
"14648","2929淘帝","110/07/14","摩根大通",11,31,-20
"14649","2929淘帝","110/07/14","臺銀-鳳山",34,0,34
"14650","2929淘帝","110/07/14","台新-建北",5,20,-15
"14651","2929淘帝","110/07/14","合庫-高雄",34,1,33
"14652","2929淘帝","110/07/14","新光",1,16,-15
"14653","2929淘帝","110/07/14","華南永昌-鶯歌",28,0,28
"14654","2929淘帝","110/07/14","玉山-板橋",0,15,-15
"14655","2929淘帝","110/07/14","永興",25,0,25
"14656","2929淘帝","110/07/14","凱基-羅東",0,15,-15
"14657","2929淘帝","110/07/14","元大-新盛",25,1,24
"14658","2929淘帝","110/07/14","元大-頭份",0,15,-15
"14659","2929淘帝","110/07/14","日盛-南京",23,0,23
"14660","2929淘帝","110/07/14","第一金-台南",0,13,-13
"14661","2929淘帝","110/07/14","日茂",20,0,20
"14662","2929淘帝","110/07/14","富邦-基隆",0,12,-12
"14663","2929淘帝","110/07/14","台新-台中",20,0,20
"14664","2929淘帝","110/07/14","日茂-南投",1,12,-11
"14665","2929淘帝","110/07/14","華南永昌",20,0,20
"14666","2929淘帝","110/07/14","元大-豐原站前",0,11,-11
"14667","2929淘帝","110/07/14","福勝",15,0,15
"14668","2929淘帝","110/07/14","玉山-士林",0,10,-10
"14669","2929淘帝","110/07/14","富邦-南屯",15,0,15
"14670","2929淘帝","110/07/14","富邦-台北",0,10,-10
"14671","5410國眾","110/07/14","兆豐-城中",35,0,35
"14672","5410國眾","110/07/14","瑞士信貸",0,29,-29
"14673","5410國眾","110/07/14","新光",21,1,20
"14674","5410國眾","110/07/14","國泰-板橋",1,30,-29
"14675","5410國眾","110/07/14","國泰-敦南",21,1,20
"14676","5410國眾","110/07/14","日盛-高雄",0,20,-20
"14677","5410國眾","110/07/14","國泰-台中",20,1,19
"14678","5410國眾","110/07/14","台新-左楠",1,20,-19
"14679","5410國眾","110/07/14","元大-崇德",19,0,19
"14680","5410國眾","110/07/14","元富-大昌",1,18,-17
"14681","5410國眾","110/07/14","土銀-士林",18,0,18
"14682","5410國眾","110/07/14","富邦-建國",0,15,-15
"14683","5410國眾","110/07/14","元大-新盛",20,2,18
"14684","5410國眾","110/07/14","元富-嘉義",0,12,-12
"14685","5410國眾","110/07/14","兆豐-高雄",15,0,15
"14686","5410國眾","110/07/14","永全-南崁",0,12,-12
"14687","5410國眾","110/07/14","宏遠-中和",10,0,10
"14688","5410國眾","110/07/14","元大-員林",0,11,-11
"14689","5410國眾","110/07/14","新光-桃園",10,0,10
"14690","5410國眾","110/07/14","高橋",0,10,-10
"14691","5410國眾","110/07/14","國泰-台南",10,0,10
"14692","5410國眾","110/07/14","永興",0,10,-10
"14693","5410國眾","110/07/14","元大-復北",10,0,10
"14694","5410國眾","110/07/14","華南永昌-三重",0,10,-10
"14695","5410國眾","110/07/14","元大-竹科",8,0,8
"14696","5410國眾","110/07/14","元大-苑裡",0,7,-7
"14697","5410國眾","110/07/14","台新-新營",6,0,6
"14698","5410國眾","110/07/14","港商野村",0,6,-6
"14699","5410國眾","110/07/14","日盛-士林",5,0,5
"14700","5410國眾","110/07/14","摩根大通",5,11,-6
"14701","2841台開","110/07/14","凱基-文心",73,0,73
"14702","2841台開","110/07/14","國泰-敦南",0,50,-50
"14703","2841台開","110/07/14","元富-潮州",30,0,30
"14704","2841台開","110/07/14","凱基-中壢",0,40,-40
"14705","2841台開","110/07/14","第一金-台中",20,0,20
"14706","2841台開","110/07/14","統一-新竹",0,24,-24
"14707","2841台開","110/07/14","華南永昌-新莊",20,0,20
"14708","2841台開","110/07/14","元富-草屯",0,20,-20
"14709","2841台開","110/07/14","永豐金-豐原",20,0,20
"14710","2841台開","110/07/14","台新-台南",0,20,-20
"14711","2841台開","110/07/14","國泰-館前",15,0,15
"14712","2841台開","110/07/14","永豐金-敦南",45,63,-18
"14713","2841台開","110/07/14","群益金鼎-基隆",12,0,12
"14714","2841台開","110/07/14","國票-北高雄",0,13,-13
"14715","2841台開","110/07/14","日盛-信義",10,0,10
"14716","2841台開","110/07/14","凱基-松山",0,10,-10
"14717","2841台開","110/07/14","台新-台中",10,0,10
"14718","2841台開","110/07/14","元大證券",0,10,-10
"14719","2841台開","110/07/14","新光",10,1,9
"14720","2841台開","110/07/14","元大-中壢",0,10,-10
"14721","2841台開","110/07/14","凱基-新店",8,0,8
"14722","2841台開","110/07/14","富邦-陽明",1,10,-9
"14723","2841台開","110/07/14","元大-斗信",7,0,7
"14724","2841台開","110/07/14","富邦-建國",0,9,-9
"14725","2841台開","110/07/14","元大-三重",6,0,6
"14726","2841台開","110/07/14","富邦-台南",0,8,-8
"14727","2841台開","110/07/14","永豐金-中和",6,0,6
"14728","2841台開","110/07/14","康和-澎湖",0,7,-7
"14729","2841台開","110/07/14","元富-成功",5,0,5
"14730","2841台開","110/07/14","日盛-斗六",0,6,-6
"14731","6207雷科","110/07/14","群益金鼎-台北",60,0,60
"14732","6207雷科","110/07/14","新加坡商瑞銀",10,56,-46
"14733","6207雷科","110/07/14","台新-高雄",43,3,40
"14734","6207雷科","110/07/14","國票-中和",0,41,-41
"14735","6207雷科","110/07/14","元大-高雄",19,0,19
"14736","6207雷科","110/07/14","元大-復北",0,33,-33
"14737","6207雷科","110/07/14","福勝",15,0,15
"14738","6207雷科","110/07/14","光和-和美",0,20,-20
"14739","6207雷科","110/07/14","群益金鼎-中山",15,0,15
"14740","6207雷科","110/07/14","群益金鼎-丹鳳",0,20,-20
"14741","6207雷科","110/07/14","元大-林園",15,0,15
"14742","6207雷科","110/07/14","第一金-路竹",0,10,-10
"14743","6207雷科","110/07/14","新光",12,0,12
"14744","6207雷科","110/07/14","元大-歸仁",0,10,-10
"14745","6207雷科","110/07/14","元大-大天母",10,0,10
"14746","6207雷科","110/07/14","宏遠-館前",0,9,-9
"14747","6207雷科","110/07/14","永豐金-忠孝",9,0,9
"14748","6207雷科","110/07/14","凱基-台北",12,20,-8
"14749","6207雷科","110/07/14","永豐金-新店",7,0,7
"14750","6207雷科","110/07/14","美林",0,7,-7
"14751","6207雷科","110/07/14","玉山-嘉義",6,0,6
"14752","6207雷科","110/07/14","摩根大通",16,23,-7
"14753","6207雷科","110/07/14","元大-屏東",6,0,6
"14754","6207雷科","110/07/14","凱基-高雄",1,7,-6
"14755","6207雷科","110/07/14","凱基-大安",5,0,5
"14756","6207雷科","110/07/14","台中銀-豐原",0,5,-5
"14757","6207雷科","110/07/14","富邦-台南",5,0,5
"14758","6207雷科","110/07/14","元大-新竹經國",0,5,-5
"14759","6207雷科","110/07/14","元大-成功",5,0,5
"14760","6207雷科","110/07/14","光和-田中",0,4,-4
"14761","3679新至陞","110/07/14","凱基-台北",31,6,25
"14762","3679新至陞","110/07/14","群益金鼎-東大",0,15,-15
"14763","3679新至陞","110/07/14","華南永昌-新莊",10,0,10
"14764","3679新至陞","110/07/14","瑞士信貸",0,12,-12
"14765","3679新至陞","110/07/14","新加坡商瑞銀",11,3,8
"14766","3679新至陞","110/07/14","群益金鼎-永和",0,10,-10
"14767","3679新至陞","110/07/14","美商高盛",6,0,6
"14768","3679新至陞","110/07/14","元大-成功",5,15,-10
"14769","3679新至陞","110/07/14","第一金-中壢",6,0,6
"14770","3679新至陞","110/07/14","統一-板橋",1,10,-9
"14771","3679新至陞","110/07/14","(牛牛牛)亞-網路",4,0,4
"14772","3679新至陞","110/07/14","玉山-左營",0,5,-5
"14773","3679新至陞","110/07/14","元大-六合",3,0,3
"14774","3679新至陞","110/07/14","群益金鼎-三民",0,4,-4
"14775","3679新至陞","110/07/14","合庫-自強",2,0,2
"14776","3679新至陞","110/07/14","富邦-宜蘭",0,4,-4
"14777","3679新至陞","110/07/14","高橋-內壢",2,0,2
"14778","3679新至陞","110/07/14","永豐金-苓雅",0,3,-3
"14779","3679新至陞","110/07/14","台中銀-員林",2,0,2
"14780","3679新至陞","110/07/14","摩根大通",5,7,-2
"14781","3679新至陞","110/07/14","凱基-高美館",2,0,2
"14782","3679新至陞","110/07/14","元大-板橋三民",0,2,-2
"14783","3679新至陞","110/07/14","元大-福營",2,0,2
"14784","3679新至陞","110/07/14","宏遠-中和",0,1,-1
"14785","3679新至陞","110/07/14","永豐金-松山",2,0,2
"14786","3679新至陞","110/07/14","元富-佳里",0,1,-1
"14787","3679新至陞","110/07/14","永豐金-萬盛",2,0,2
"14788","3679新至陞","110/07/14","(牛牛牛)亞-鑫豐",0,1,-1
"14789","3679新至陞","110/07/14","元富-松德",1,0,1
"14790","3679新至陞","110/07/14","中國信託-中壢",0,1,-1
"14791","2727王品","110/07/14","富邦-左營",102,1,101
"14792","2727王品","110/07/14","統一-城中",100,234,-134
"14793","2727王品","110/07/14","國泰-板橋",105,11,94
"14794","2727王品","110/07/14","富邦-台北",1,125,-124
"14795","2727王品","110/07/14","港商野村",149,72,77
"14796","2727王品","110/07/14","台灣摩根士丹利",1,48,-47
"14797","2727王品","110/07/14","合庫-台中",66,2,64
"14798","2727王品","110/07/14","國票-新莊",0,40,-40
"14799","2727王品","110/07/14","臺銀-金山",63,8,55
"14800","2727王品","110/07/14","永豐金-忠孝",2,39,-37
"14801","2727王品","110/07/14","摩根大通",83,39,44
"14802","2727王品","110/07/14","富邦-彰化",1,34,-33
"14803","2727王品","110/07/14","凱基-台北",84,42,42
"14804","2727王品","110/07/14","康和-高雄",0,30,-30
"14805","2727王品","110/07/14","土銀-台中",35,1,34
"14806","2727王品","110/07/14","安泰",0,26,-26
"14807","2727王品","110/07/14","華南永昌-麻豆",32,1,31
"14808","2727王品","110/07/14","富邦-新竹華信",0,21,-21
"14809","2727王品","110/07/14","元大證券",85,55,30
"14810","2727王品","110/07/14","元大-南崁",1,22,-21
"14811","2727王品","110/07/14","新加坡商瑞銀",40,15,25
"14812","2727王品","110/07/14","彰銀-台中",0,18,-18
"14813","2727王品","110/07/14","日盛-八德",19,0,19
"14814","2727王品","110/07/14","元富-同大",2,20,-18
"14815","2727王品","110/07/14","統一",35,17,18
"14816","2727王品","110/07/14","玉山-嘉義",1,17,-16
"14817","2727王品","110/07/14","元富-大昌",18,1,17
"14818","2727王品","110/07/14","國泰-館前",4,20,-16
"14819","2727王品","110/07/14","玉山-板橋",15,1,14
"14820","2727王品","110/07/14","第一金-嘉義",1,13,-12
"14821","1570力肯","110/07/14","國票-北高雄",68,0,68
"14822","1570力肯","110/07/14","摩根大通",0,21,-21
"14823","1570力肯","110/07/14","日盛-八德",30,1,29
"14824","1570力肯","110/07/14","新光",1,19,-18
"14825","1570力肯","110/07/14","玉山-高雄",7,0,7
"14826","1570力肯","110/07/14","(牛牛牛)亞-鑫豐",0,17,-17
"14827","1570力肯","110/07/14","臺銀-臺南",5,0,5
"14828","1570力肯","110/07/14","日盛-士林",0,10,-10
"14829","1570力肯","110/07/14","凱基-三峽",5,0,5
"14830","1570力肯","110/07/14","統一-員林",0,10,-10
"14831","1570力肯","110/07/14","元大-和平",5,0,5
"14832","1570力肯","110/07/14","國票-新莊",0,10,-10
"14833","1570力肯","110/07/14","合庫-三重",4,0,4
"14834","1570力肯","110/07/14","凱基-高美館",0,10,-10
"14835","1570力肯","110/07/14","瑞士信貸",4,0,4
"14836","1570力肯","110/07/14","元大-屏東民生",0,5,-5
"14837","1570力肯","110/07/14","統一-三多",4,0,4
"14838","1570力肯","110/07/14","元大-古亭",0,5,-5
"14839","1570力肯","110/07/14","華南永昌-古亭",4,0,4
"14840","1570力肯","110/07/14","日盛-木柵",0,4,-4
"14841","1570力肯","110/07/14","元大-高雄",3,0,3
"14842","1570力肯","110/07/14","大昌",0,4,-4
"14843","1570力肯","110/07/14","兆豐-忠孝",2,0,2
"14844","1570力肯","110/07/14","群益金鼎-東大",0,4,-4
"14845","1570力肯","110/07/14","富邦-陽明",2,0,2
"14846","1570力肯","110/07/14","凱基-台北",0,4,-4
"14847","1570力肯","110/07/14","元大-松山",2,0,2
"14848","1570力肯","110/07/14","元大-板橋",0,4,-4
"14849","1570力肯","110/07/14","元大-忠孝",2,0,2
"14850","1570力肯","110/07/14","第一金-中山",0,3,-3
"14851","6180橘子","110/07/14","新加坡商瑞銀",84,28,56
"14852","6180橘子","110/07/14","凱基-台北",4,37,-33
"14853","6180橘子","110/07/14","日盛-信義",29,1,28
"14854","6180橘子","110/07/14","玉山-台南",1,22,-21
"14855","6180橘子","110/07/14","豐農",28,4,24
"14856","6180橘子","110/07/14","日盛-新竹",1,21,-20
"14857","6180橘子","110/07/14","新光-新竹",24,1,23
"14858","6180橘子","110/07/14","元富-潮州",0,19,-19
"14859","6180橘子","110/07/14","華南永昌-高雄",20,0,20
"14860","6180橘子","110/07/14","元大-信義",0,17,-17
"14861","6180橘子","110/07/14","元大-羅東",20,0,20
"14862","6180橘子","110/07/14","台灣企銀-台中",1,16,-15
"14863","6180橘子","110/07/14","元大-台中中港",20,0,20
"14864","6180橘子","110/07/14","元大-北港",0,15,-15
"14865","6180橘子","110/07/14","富邦-嘉義",24,5,19
"14866","6180橘子","110/07/14","富邦-高雄",0,14,-14
"14867","6180橘子","110/07/14","富邦-仁愛",15,0,15
"14868","6180橘子","110/07/14","兆豐-埔墘",0,13,-13
"14869","6180橘子","110/07/14","國票-九鼎",13,0,13
"14870","6180橘子","110/07/14","第一金-中山",0,10,-10
"14871","6180橘子","110/07/14","日盛-木柵",12,0,12
"14872","6180橘子","110/07/14","元大-彰化民生",0,10,-10
"14873","6180橘子","110/07/14","元大-成功",10,0,10
"14874","6180橘子","110/07/14","福勝",1,10,-9
"14875","6180橘子","110/07/14","港商野村",10,2,8
"14876","6180橘子","110/07/14","群益金鼎-丹鳳",1,10,-9
"14877","6180橘子","110/07/14","玉山-左營",8,0,8
"14878","6180橘子","110/07/14","群益金鼎-板橋",0,8,-8
"14879","6180橘子","110/07/14","富邦-陽明",16,8,8
"14880","6180橘子","110/07/14","合庫-鳳山",0,7,-7
"14881","2390云辰","110/07/14","摩根大通",995,198,797
"14882","2390云辰","110/07/14","新加坡商瑞銀",28,399,-371
"14883","2390云辰","110/07/14","美林",383,22,361
"14884","2390云辰","110/07/14","凱基-新豐",3,198,-195
"14885","2390云辰","110/07/14","台灣摩根士丹利",684,358,326
"14886","2390云辰","110/07/14","元大-士林",1,152,-151
"14887","2390云辰","110/07/14","凱基-台北",656,402,254
"14888","2390云辰","110/07/14","元大-竹山",80,181,-101
"14889","2390云辰","110/07/14","日盛-和美",110,5,105
"14890","2390云辰","110/07/14","群益金鼎-開元",19,95,-76
"14891","2390云辰","110/07/14","元大-天母",72,0,72
"14892","2390云辰","110/07/14","新光",77,150,-73
"14893","2390云辰","110/07/14","永豐金-松山",57,0,57
"14894","2390云辰","110/07/14","元富-高雄",0,71,-71
"14895","2390云辰","110/07/14","統一-屏東",53,0,53
"14896","2390云辰","110/07/14","元大-土城學府",130,201,-71
"14897","2390云辰","110/07/14","港商野村",486,450,36
"14898","2390云辰","110/07/14","元大-善化",12,76,-64
"14899","2390云辰","110/07/14","致和-崇德",30,0,30
"14900","2390云辰","110/07/14","華南永昌-岡山",23,81,-58
"14901","2390云辰","110/07/14","富邦-台北",40,14,26
"14902","2390云辰","110/07/14","群益金鼎-大興",82,125,-43
"14903","2390云辰","110/07/14","台新-高雄",38,13,25
"14904","2390云辰","110/07/14","大慶-中壢",0,41,-41
"14905","2390云辰","110/07/14","富邦-板橋",32,7,25
"14906","2390云辰","110/07/14","玉山-板橋",6,47,-41
"14907","2390云辰","110/07/14","陽信-石牌",24,0,24
"14908","2390云辰","110/07/14","富邦-台東",2,42,-40
"14909","2390云辰","110/07/14","凱基-屏東",32,8,24
"14910","2390云辰","110/07/14","元大-新營",3,42,-39
"14911","2363矽統","110/07/14","台灣摩根士丹利",463,0,463
"14912","2363矽統","110/07/14","新加坡商瑞銀",568,1321,-753
"14913","2363矽統","110/07/14","台新證券",750,342,408
"14914","2363矽統","110/07/14","瑞士信貸",149,864,-715
"14915","2363矽統","110/07/14","玉山-台中",363,51,312
"14916","2363矽統","110/07/14","台新-屏東",115,380,-265
"14917","2363矽統","110/07/14","元大-斗六",223,25,198
"14918","2363矽統","110/07/14","永豐金證券",16,265,-249
"14919","2363矽統","110/07/14","華南永昌-朴子",208,38,170
"14920","2363矽統","110/07/14","美林",462,701,-239
"14921","2363矽統","110/07/14","元富-西松",169,12,157
"14922","2363矽統","110/07/14","宏遠-桃園",269,500,-231
"14923","2363矽統","110/07/14","永豐金-大園",146,6,140
"14924","2363矽統","110/07/14","凱基-竹北",36,254,-218
"14925","2363矽統","110/07/14","土銀-和平",134,0,134
"14926","2363矽統","110/07/14","港商法國興業",0,214,-214
"14927","2363矽統","110/07/14","富邦-新營",130,13,117
"14928","2363矽統","110/07/14","港商野村",835,1044,-209
"14929","2363矽統","110/07/14","元富-成功",118,11,107
"14930","2363矽統","110/07/14","北城證券",212,411,-199
"14931","2363矽統","110/07/14","元富-烏日",121,18,103
"14932","2363矽統","110/07/14","(牛牛牛)亞-鑫豐",51,241,-190
"14933","2363矽統","110/07/14","日盛-二林",120,18,102
"14934","2363矽統","110/07/14","國票-博愛",24,213,-189
"14935","2363矽統","110/07/14","兆豐-忠孝",98,2,96
"14936","2363矽統","110/07/14","大慶-蘆洲",134,316,-182
"14937","2363矽統","110/07/14","大慶-楊梅",92,3,89
"14938","2363矽統","110/07/14","彰銀-台中",15,193,-178
"14939","2363矽統","110/07/14","元富-三重",120,33,87
"14940","2363矽統","110/07/14","日盛-和美",18,185,-167
"14941","8112至上","110/07/14","新加坡商瑞銀",223,17,206
"14942","8112至上","110/07/14","瑞士信貸",8,170,-162
"14943","8112至上","110/07/14","摩根大通",285,129,156
"14944","8112至上","110/07/14","美林",55,202,-147
"14945","8112至上","110/07/14","花旗環球",124,0,124
"14946","8112至上","110/07/14","凱基-台北",325,436,-111
"14947","8112至上","110/07/14","兆豐-公益",117,4,113
"14948","8112至上","110/07/14","台中銀-台北",0,98,-98
"14949","8112至上","110/07/14","香港上海匯豐",111,0,111
"14950","8112至上","110/07/14","玉山-台大",17,107,-90
"14951","8112至上","110/07/14","永豐金-內湖",117,21,96
"14952","8112至上","110/07/14","康和-內湖",1,90,-89
"14953","8112至上","110/07/14","台灣摩根士丹利",108,16,92
"14954","8112至上","110/07/14","港商野村",21,84,-63
"14955","8112至上","110/07/14","元大-東蘆",77,0,77
"14956","8112至上","110/07/14","兆豐-北高雄",1,60,-59
"14957","8112至上","110/07/14","新光",108,48,60
"14958","8112至上","110/07/14","群益金鼎-海山",1,52,-51
"14959","8112至上","110/07/14","大慶-蘆洲",59,0,59
"14960","8112至上","110/07/14","群益金鼎-大安",0,50,-50
"14961","8112至上","110/07/14","華南永昌-台中",56,3,53
"14962","8112至上","110/07/14","富邦-仁愛",2,49,-47
"14963","8112至上","110/07/14","土銀-嘉義",52,2,50
"14964","8112至上","110/07/14","元大-金華",0,42,-42
"14965","8112至上","110/07/14","美商高盛",40,0,40
"14966","8112至上","110/07/14","元大-內湖",4,43,-39
"14967","8112至上","110/07/14","臺銀",63,29,34
"14968","8112至上","110/07/14","第一金-華江",2,37,-35
"14969","8112至上","110/07/14","元富-嘉義",31,0,31
"14970","8112至上","110/07/14","永豐金-苓雅",2,34,-32
"14971","1570力肯","110/07/14","國票-北高雄",68,0,68
"14972","1570力肯","110/07/14","摩根大通",0,21,-21
"14973","1570力肯","110/07/14","日盛-八德",30,1,29
"14974","1570力肯","110/07/14","新光",1,19,-18
"14975","1570力肯","110/07/14","玉山-高雄",7,0,7
"14976","1570力肯","110/07/14","(牛牛牛)亞-鑫豐",0,17,-17
"14977","1570力肯","110/07/14","臺銀-臺南",5,0,5
"14978","1570力肯","110/07/14","日盛-士林",0,10,-10
"14979","1570力肯","110/07/14","凱基-三峽",5,0,5
"14980","1570力肯","110/07/14","統一-員林",0,10,-10
"14981","1570力肯","110/07/14","元大-和平",5,0,5
"14982","1570力肯","110/07/14","國票-新莊",0,10,-10
"14983","1570力肯","110/07/14","合庫-三重",4,0,4
"14984","1570力肯","110/07/14","凱基-高美館",0,10,-10
"14985","1570力肯","110/07/14","瑞士信貸",4,0,4
"14986","1570力肯","110/07/14","元大-屏東民生",0,5,-5
"14987","1570力肯","110/07/14","統一-三多",4,0,4
"14988","1570力肯","110/07/14","元大-古亭",0,5,-5
"14989","1570力肯","110/07/14","華南永昌-古亭",4,0,4
"14990","1570力肯","110/07/14","日盛-木柵",0,4,-4
"14991","1570力肯","110/07/14","元大-高雄",3,0,3
"14992","1570力肯","110/07/14","大昌",0,4,-4
"14993","1570力肯","110/07/14","兆豐-忠孝",2,0,2
"14994","1570力肯","110/07/14","群益金鼎-東大",0,4,-4
"14995","1570力肯","110/07/14","富邦-陽明",2,0,2
"14996","1570力肯","110/07/14","凱基-台北",0,4,-4
"14997","1570力肯","110/07/14","元大-松山",2,0,2
"14998","1570力肯","110/07/14","元大-板橋",0,4,-4
"14999","1570力肯","110/07/14","元大-忠孝",2,0,2
"15000","1570力肯","110/07/14","第一金-中山",0,3,-3
"15001","2929淘帝","110/07/14","華南永昌-林口",60,0,60
"15002","2929淘帝","110/07/14","群益金鼎",25,540,-515
"15003","2929淘帝","110/07/14","美林",87,31,56
"15004","2929淘帝","110/07/14","國泰-台南",1,30,-29
"15005","2929淘帝","110/07/14","元富-台南",40,0,40
"15006","2929淘帝","110/07/14","宏遠-桃園",0,20,-20
"15007","2929淘帝","110/07/14","元大-民生",39,0,39
"15008","2929淘帝","110/07/14","摩根大通",11,31,-20
"15009","2929淘帝","110/07/14","臺銀-鳳山",34,0,34
"15010","2929淘帝","110/07/14","台新-建北",5,20,-15
"15011","2929淘帝","110/07/14","合庫-高雄",34,1,33
"15012","2929淘帝","110/07/14","新光",1,16,-15
"15013","2929淘帝","110/07/14","華南永昌-鶯歌",28,0,28
"15014","2929淘帝","110/07/14","玉山-板橋",0,15,-15
"15015","2929淘帝","110/07/14","永興",25,0,25
"15016","2929淘帝","110/07/14","凱基-羅東",0,15,-15
"15017","2929淘帝","110/07/14","元大-新盛",25,1,24
"15018","2929淘帝","110/07/14","元大-頭份",0,15,-15
"15019","2929淘帝","110/07/14","日盛-南京",23,0,23
"15020","2929淘帝","110/07/14","第一金-台南",0,13,-13
"15021","2929淘帝","110/07/14","日茂",20,0,20
"15022","2929淘帝","110/07/14","富邦-基隆",0,12,-12
"15023","2929淘帝","110/07/14","台新-台中",20,0,20
"15024","2929淘帝","110/07/14","日茂-南投",1,12,-11
"15025","2929淘帝","110/07/14","華南永昌",20,0,20
"15026","2929淘帝","110/07/14","元大-豐原站前",0,11,-11
"15027","2929淘帝","110/07/14","福勝",15,0,15
"15028","2929淘帝","110/07/14","玉山-士林",0,10,-10
"15029","2929淘帝","110/07/14","富邦-南屯",15,0,15
"15030","2929淘帝","110/07/14","富邦-台北",0,10,-10
"15031","5410國眾","110/07/14","兆豐-城中",35,0,35
"15032","5410國眾","110/07/14","瑞士信貸",0,29,-29
"15033","5410國眾","110/07/14","新光",21,1,20
"15034","5410國眾","110/07/14","國泰-板橋",1,30,-29
"15035","5410國眾","110/07/14","國泰-敦南",21,1,20
"15036","5410國眾","110/07/14","日盛-高雄",0,20,-20
"15037","5410國眾","110/07/14","國泰-台中",20,1,19
"15038","5410國眾","110/07/14","台新-左楠",1,20,-19
"15039","5410國眾","110/07/14","元大-崇德",19,0,19
"15040","5410國眾","110/07/14","元富-大昌",1,18,-17
"15041","5410國眾","110/07/14","土銀-士林",18,0,18
"15042","5410國眾","110/07/14","富邦-建國",0,15,-15
"15043","5410國眾","110/07/14","元大-新盛",20,2,18
"15044","5410國眾","110/07/14","元富-嘉義",0,12,-12
"15045","5410國眾","110/07/14","兆豐-高雄",15,0,15
"15046","5410國眾","110/07/14","永全-南崁",0,12,-12
"15047","5410國眾","110/07/14","宏遠-中和",10,0,10
"15048","5410國眾","110/07/14","元大-員林",0,11,-11
"15049","5410國眾","110/07/14","新光-桃園",10,0,10
"15050","5410國眾","110/07/14","高橋",0,10,-10
"15051","5410國眾","110/07/14","國泰-台南",10,0,10
"15052","5410國眾","110/07/14","永興",0,10,-10
"15053","5410國眾","110/07/14","元大-復北",10,0,10
"15054","5410國眾","110/07/14","華南永昌-三重",0,10,-10
"15055","5410國眾","110/07/14","元大-竹科",8,0,8
"15056","5410國眾","110/07/14","元大-苑裡",0,7,-7
"15057","5410國眾","110/07/14","台新-新營",6,0,6
"15058","5410國眾","110/07/14","港商野村",0,6,-6
"15059","5410國眾","110/07/14","日盛-士林",5,0,5
"15060","5410國眾","110/07/14","摩根大通",5,11,-6
"15061","2841台開","110/07/14","凱基-文心",73,0,73
"15062","2841台開","110/07/14","國泰-敦南",0,50,-50
"15063","2841台開","110/07/14","元富-潮州",30,0,30
"15064","2841台開","110/07/14","凱基-中壢",0,40,-40
"15065","2841台開","110/07/14","第一金-台中",20,0,20
"15066","2841台開","110/07/14","統一-新竹",0,24,-24
"15067","2841台開","110/07/14","華南永昌-新莊",20,0,20
"15068","2841台開","110/07/14","元富-草屯",0,20,-20
"15069","2841台開","110/07/14","永豐金-豐原",20,0,20
"15070","2841台開","110/07/14","台新-台南",0,20,-20
"15071","2841台開","110/07/14","國泰-館前",15,0,15
"15072","2841台開","110/07/14","永豐金-敦南",45,63,-18
"15073","2841台開","110/07/14","群益金鼎-基隆",12,0,12
"15074","2841台開","110/07/14","國票-北高雄",0,13,-13
"15075","2841台開","110/07/14","日盛-信義",10,0,10
"15076","2841台開","110/07/14","凱基-松山",0,10,-10
"15077","2841台開","110/07/14","台新-台中",10,0,10
"15078","2841台開","110/07/14","元大證券",0,10,-10
"15079","2841台開","110/07/14","新光",10,1,9
"15080","2841台開","110/07/14","元大-中壢",0,10,-10
"15081","2841台開","110/07/14","凱基-新店",8,0,8
"15082","2841台開","110/07/14","富邦-陽明",1,10,-9
"15083","2841台開","110/07/14","元大-斗信",7,0,7
"15084","2841台開","110/07/14","富邦-建國",0,9,-9
"15085","2841台開","110/07/14","元大-三重",6,0,6
"15086","2841台開","110/07/14","富邦-台南",0,8,-8
"15087","2841台開","110/07/14","永豐金-中和",6,0,6
"15088","2841台開","110/07/14","康和-澎湖",0,7,-7
"15089","2841台開","110/07/14","元富-成功",5,0,5
"15090","2841台開","110/07/14","日盛-斗六",0,6,-6
"15091","6207雷科","110/07/14","群益金鼎-台北",60,0,60
"15092","6207雷科","110/07/14","新加坡商瑞銀",10,56,-46
"15093","6207雷科","110/07/14","台新-高雄",43,3,40
"15094","6207雷科","110/07/14","國票-中和",0,41,-41
"15095","6207雷科","110/07/14","元大-高雄",19,0,19
"15096","6207雷科","110/07/14","元大-復北",0,33,-33
"15097","6207雷科","110/07/14","福勝",15,0,15
"15098","6207雷科","110/07/14","光和-和美",0,20,-20
"15099","6207雷科","110/07/14","群益金鼎-中山",15,0,15
"15100","6207雷科","110/07/14","群益金鼎-丹鳳",0,20,-20
"15101","6207雷科","110/07/14","元大-林園",15,0,15
"15102","6207雷科","110/07/14","第一金-路竹",0,10,-10
"15103","6207雷科","110/07/14","新光",12,0,12
"15104","6207雷科","110/07/14","元大-歸仁",0,10,-10
"15105","6207雷科","110/07/14","元大-大天母",10,0,10
"15106","6207雷科","110/07/14","宏遠-館前",0,9,-9
"15107","6207雷科","110/07/14","永豐金-忠孝",9,0,9
"15108","6207雷科","110/07/14","凱基-台北",12,20,-8
"15109","6207雷科","110/07/14","永豐金-新店",7,0,7
"15110","6207雷科","110/07/14","美林",0,7,-7
"15111","6207雷科","110/07/14","玉山-嘉義",6,0,6
"15112","6207雷科","110/07/14","摩根大通",16,23,-7
"15113","6207雷科","110/07/14","元大-屏東",6,0,6
"15114","6207雷科","110/07/14","凱基-高雄",1,7,-6
"15115","6207雷科","110/07/14","凱基-大安",5,0,5
"15116","6207雷科","110/07/14","台中銀-豐原",0,5,-5
"15117","6207雷科","110/07/14","富邦-台南",5,0,5
"15118","6207雷科","110/07/14","元大-新竹經國",0,5,-5
"15119","6207雷科","110/07/14","元大-成功",5,0,5
"15120","6207雷科","110/07/14","光和-田中",0,4,-4
"15121","3679新至陞","110/07/14","凱基-台北",31,6,25
"15122","3679新至陞","110/07/14","群益金鼎-東大",0,15,-15
"15123","3679新至陞","110/07/14","華南永昌-新莊",10,0,10
"15124","3679新至陞","110/07/14","瑞士信貸",0,12,-12
"15125","3679新至陞","110/07/14","新加坡商瑞銀",11,3,8
"15126","3679新至陞","110/07/14","群益金鼎-永和",0,10,-10
"15127","3679新至陞","110/07/14","美商高盛",6,0,6
"15128","3679新至陞","110/07/14","元大-成功",5,15,-10
"15129","3679新至陞","110/07/14","第一金-中壢",6,0,6
"15130","3679新至陞","110/07/14","統一-板橋",1,10,-9
"15131","3679新至陞","110/07/14","(牛牛牛)亞-網路",4,0,4
"15132","3679新至陞","110/07/14","玉山-左營",0,5,-5
"15133","3679新至陞","110/07/14","元大-六合",3,0,3
"15134","3679新至陞","110/07/14","群益金鼎-三民",0,4,-4
"15135","3679新至陞","110/07/14","合庫-自強",2,0,2
"15136","3679新至陞","110/07/14","富邦-宜蘭",0,4,-4
"15137","3679新至陞","110/07/14","高橋-內壢",2,0,2
"15138","3679新至陞","110/07/14","永豐金-苓雅",0,3,-3
"15139","3679新至陞","110/07/14","台中銀-員林",2,0,2
"15140","3679新至陞","110/07/14","摩根大通",5,7,-2
"15141","3679新至陞","110/07/14","凱基-高美館",2,0,2
"15142","3679新至陞","110/07/14","元大-板橋三民",0,2,-2
"15143","3679新至陞","110/07/14","元大-福營",2,0,2
"15144","3679新至陞","110/07/14","宏遠-中和",0,1,-1
"15145","3679新至陞","110/07/14","永豐金-松山",2,0,2
"15146","3679新至陞","110/07/14","元富-佳里",0,1,-1
"15147","3679新至陞","110/07/14","永豐金-萬盛",2,0,2
"15148","3679新至陞","110/07/14","(牛牛牛)亞-鑫豐",0,1,-1
"15149","3679新至陞","110/07/14","元富-松德",1,0,1
"15150","3679新至陞","110/07/14","中國信託-中壢",0,1,-1
"15151","2727王品","110/07/14","富邦-左營",102,1,101
"15152","2727王品","110/07/14","統一-城中",100,234,-134
"15153","2727王品","110/07/14","國泰-板橋",105,11,94
"15154","2727王品","110/07/14","富邦-台北",1,125,-124
"15155","2727王品","110/07/14","港商野村",149,72,77
"15156","2727王品","110/07/14","台灣摩根士丹利",1,48,-47
"15157","2727王品","110/07/14","合庫-台中",66,2,64
"15158","2727王品","110/07/14","國票-新莊",0,40,-40
"15159","2727王品","110/07/14","臺銀-金山",63,8,55
"15160","2727王品","110/07/14","永豐金-忠孝",2,39,-37
"15161","2727王品","110/07/14","摩根大通",83,39,44
"15162","2727王品","110/07/14","富邦-彰化",1,34,-33
"15163","2727王品","110/07/14","凱基-台北",84,42,42
"15164","2727王品","110/07/14","康和-高雄",0,30,-30
"15165","2727王品","110/07/14","土銀-台中",35,1,34
"15166","2727王品","110/07/14","安泰",0,26,-26
"15167","2727王品","110/07/14","華南永昌-麻豆",32,1,31
"15168","2727王品","110/07/14","富邦-新竹華信",0,21,-21
"15169","2727王品","110/07/14","元大證券",85,55,30
"15170","2727王品","110/07/14","元大-南崁",1,22,-21
"15171","2727王品","110/07/14","新加坡商瑞銀",40,15,25
"15172","2727王品","110/07/14","彰銀-台中",0,18,-18
"15173","2727王品","110/07/14","日盛-八德",19,0,19
"15174","2727王品","110/07/14","元富-同大",2,20,-18
"15175","2727王品","110/07/14","統一",35,17,18
"15176","2727王品","110/07/14","玉山-嘉義",1,17,-16
"15177","2727王品","110/07/14","元富-大昌",18,1,17
"15178","2727王品","110/07/14","國泰-館前",4,20,-16
"15179","2727王品","110/07/14","玉山-板橋",15,1,14
"15180","2727王品","110/07/14","第一金-嘉義",1,13,-12
"15181","1570力肯","110/07/14","國票-北高雄",68,0,68
"15182","1570力肯","110/07/14","摩根大通",0,21,-21
"15183","1570力肯","110/07/14","日盛-八德",30,1,29
"15184","1570力肯","110/07/14","新光",1,19,-18
"15185","1570力肯","110/07/14","玉山-高雄",7,0,7
"15186","1570力肯","110/07/14","(牛牛牛)亞-鑫豐",0,17,-17
"15187","1570力肯","110/07/14","臺銀-臺南",5,0,5
"15188","1570力肯","110/07/14","日盛-士林",0,10,-10
"15189","1570力肯","110/07/14","凱基-三峽",5,0,5
"15190","1570力肯","110/07/14","統一-員林",0,10,-10
"15191","1570力肯","110/07/14","元大-和平",5,0,5
"15192","1570力肯","110/07/14","國票-新莊",0,10,-10
"15193","1570力肯","110/07/14","合庫-三重",4,0,4
"15194","1570力肯","110/07/14","凱基-高美館",0,10,-10
"15195","1570力肯","110/07/14","瑞士信貸",4,0,4
"15196","1570力肯","110/07/14","元大-屏東民生",0,5,-5
"15197","1570力肯","110/07/14","統一-三多",4,0,4
"15198","1570力肯","110/07/14","元大-古亭",0,5,-5
"15199","1570力肯","110/07/14","華南永昌-古亭",4,0,4
"15200","1570力肯","110/07/14","日盛-木柵",0,4,-4
"15201","1570力肯","110/07/14","元大-高雄",3,0,3
"15202","1570力肯","110/07/14","大昌",0,4,-4
"15203","1570力肯","110/07/14","兆豐-忠孝",2,0,2
"15204","1570力肯","110/07/14","群益金鼎-東大",0,4,-4
"15205","1570力肯","110/07/14","富邦-陽明",2,0,2
"15206","1570力肯","110/07/14","凱基-台北",0,4,-4
"15207","1570力肯","110/07/14","元大-松山",2,0,2
"15208","1570力肯","110/07/14","元大-板橋",0,4,-4
"15209","1570力肯","110/07/14","元大-忠孝",2,0,2
"15210","1570力肯","110/07/14","第一金-中山",0,3,-3
"15211","6180橘子","110/07/14","新加坡商瑞銀",84,28,56
"15212","6180橘子","110/07/14","凱基-台北",4,37,-33
"15213","6180橘子","110/07/14","日盛-信義",29,1,28
"15214","6180橘子","110/07/14","玉山-台南",1,22,-21
"15215","6180橘子","110/07/14","豐農",28,4,24
"15216","6180橘子","110/07/14","日盛-新竹",1,21,-20
"15217","6180橘子","110/07/14","新光-新竹",24,1,23
"15218","6180橘子","110/07/14","元富-潮州",0,19,-19
"15219","6180橘子","110/07/14","華南永昌-高雄",20,0,20
"15220","6180橘子","110/07/14","元大-信義",0,17,-17
"15221","6180橘子","110/07/14","元大-羅東",20,0,20
"15222","6180橘子","110/07/14","台灣企銀-台中",1,16,-15
"15223","6180橘子","110/07/14","元大-台中中港",20,0,20
"15224","6180橘子","110/07/14","元大-北港",0,15,-15
"15225","6180橘子","110/07/14","富邦-嘉義",24,5,19
"15226","6180橘子","110/07/14","富邦-高雄",0,14,-14
"15227","6180橘子","110/07/14","富邦-仁愛",15,0,15
"15228","6180橘子","110/07/14","兆豐-埔墘",0,13,-13
"15229","6180橘子","110/07/14","國票-九鼎",13,0,13
"15230","6180橘子","110/07/14","第一金-中山",0,10,-10
"15231","6180橘子","110/07/14","日盛-木柵",12,0,12
"15232","6180橘子","110/07/14","元大-彰化民生",0,10,-10
"15233","6180橘子","110/07/14","元大-成功",10,0,10
"15234","6180橘子","110/07/14","福勝",1,10,-9
"15235","6180橘子","110/07/14","港商野村",10,2,8
"15236","6180橘子","110/07/14","群益金鼎-丹鳳",1,10,-9
"15237","6180橘子","110/07/14","玉山-左營",8,0,8
"15238","6180橘子","110/07/14","群益金鼎-板橋",0,8,-8
"15239","6180橘子","110/07/14","富邦-陽明",16,8,8
"15240","6180橘子","110/07/14","合庫-鳳山",0,7,-7
"15241","2390云辰","110/07/14","摩根大通",995,198,797
"15242","2390云辰","110/07/14","新加坡商瑞銀",28,399,-371
"15243","2390云辰","110/07/14","美林",383,22,361
"15244","2390云辰","110/07/14","凱基-新豐",3,198,-195
"15245","2390云辰","110/07/14","台灣摩根士丹利",684,358,326
"15246","2390云辰","110/07/14","元大-士林",1,152,-151
"15247","2390云辰","110/07/14","凱基-台北",656,402,254
"15248","2390云辰","110/07/14","元大-竹山",80,181,-101
"15249","2390云辰","110/07/14","日盛-和美",110,5,105
"15250","2390云辰","110/07/14","群益金鼎-開元",19,95,-76
"15251","2390云辰","110/07/14","元大-天母",72,0,72
"15252","2390云辰","110/07/14","新光",77,150,-73
"15253","2390云辰","110/07/14","永豐金-松山",57,0,57
"15254","2390云辰","110/07/14","元富-高雄",0,71,-71
"15255","2390云辰","110/07/14","統一-屏東",53,0,53
"15256","2390云辰","110/07/14","元大-土城學府",130,201,-71
"15257","2390云辰","110/07/14","港商野村",486,450,36
"15258","2390云辰","110/07/14","元大-善化",12,76,-64
"15259","2390云辰","110/07/14","致和-崇德",30,0,30
"15260","2390云辰","110/07/14","華南永昌-岡山",23,81,-58
"15261","2390云辰","110/07/14","富邦-台北",40,14,26
"15262","2390云辰","110/07/14","群益金鼎-大興",82,125,-43
"15263","2390云辰","110/07/14","台新-高雄",38,13,25
"15264","2390云辰","110/07/14","大慶-中壢",0,41,-41
"15265","2390云辰","110/07/14","富邦-板橋",32,7,25
"15266","2390云辰","110/07/14","玉山-板橋",6,47,-41
"15267","2390云辰","110/07/14","陽信-石牌",24,0,24
"15268","2390云辰","110/07/14","富邦-台東",2,42,-40
"15269","2390云辰","110/07/14","凱基-屏東",32,8,24
"15270","2390云辰","110/07/14","元大-新營",3,42,-39
"15271","2363矽統","110/07/13","凱基-南崁",2133,63,2070
"15272","2363矽統","110/07/13","凱基-幸福",36,4048,-4012
"15273","2363矽統","110/07/13","國泰-敦南",2195,1617,578
"15274","2363矽統","110/07/13","統一",192,3325,-3133
"15275","2363矽統","110/07/13","中農",670,139,531
"15276","2363矽統","110/07/13","新加坡商瑞銀",1000,2747,-1747
"15277","2363矽統","110/07/13","康和-台中",638,154,484
"15278","2363矽統","110/07/13","凱基-台北",5359,6609,-1250
"15279","2363矽統","110/07/13","群益金鼎-三民",577,137,440
"15280","2363矽統","110/07/13","摩根大通",1930,2858,-928
"15281","2363矽統","110/07/13","台新-屏東",510,88,422
"15282","2363矽統","110/07/13","港商野村",960,1679,-719
"15283","2363矽統","110/07/13","德信-中正",455,67,388
"15284","2363矽統","110/07/13","兆豐-復興",25,705,-680
"15285","2363矽統","110/07/13","日盛-竹北",365,70,295
"15286","2363矽統","110/07/13","統一-仁愛",114,755,-641
"15287","2363矽統","110/07/13","元大-佳里",452,189,263
"15288","2363矽統","110/07/13","統一-敦南",29,638,-609
"15289","2363矽統","110/07/13","國票-博愛",296,38,258
"15290","2363矽統","110/07/13","統一-土城",100,704,-604
"15291","2363矽統","110/07/13","元大-萬華",340,95,245
"15292","2363矽統","110/07/13","統一-城中",116,676,-560
"15293","2363矽統","110/07/13","新光",1259,1031,228
"15294","2363矽統","110/07/13","永豐金證券",306,859,-553
"15295","2363矽統","110/07/13","元富-成功",323,96,227
"15296","2363矽統","110/07/13","元富",54,567,-513
"15297","2363矽統","110/07/13","豐農",228,23,205
"15298","2363矽統","110/07/13","瑞士信貸",202,666,-464
"15299","2363矽統","110/07/13","台灣企銀-岡山",186,4,182
"15300","2363矽統","110/07/13","永豐金-嘉義",67,468,-401
"15301","8112至上","110/07/13","摩根大通",688,296,392
"15302","8112至上","110/07/13","國票-中和",0,401,-401
"15303","8112至上","110/07/13","港商野村",344,145,199
"15304","8112至上","110/07/13","永豐金-板盛",0,205,-205
"15305","8112至上","110/07/13","兆豐-公益",195,5,190
"15306","8112至上","110/07/13","凱基-五股",43,155,-112
"15307","8112至上","110/07/13","台灣摩根士丹利",183,0,183
"15308","8112至上","110/07/13","凱基-市政",0,100,-100
"15309","8112至上","110/07/13","群益金鼎-敦南",153,2,151
"15310","8112至上","110/07/13","元大-大里德芳",1,92,-91
"15311","8112至上","110/07/13","臺銀-金山",146,26,120
"15312","8112至上","110/07/13","玉山-桃園",26,110,-84
"15313","8112至上","110/07/13","臺銀",133,19,114
"15314","8112至上","110/07/13","兆豐-天母",0,81,-81
"15315","8112至上","110/07/13","合庫-台中",115,6,109
"15316","8112至上","110/07/13","凱基-城中",3,84,-81
"15317","8112至上","110/07/13","亞東-板橋",134,26,108
"15318","8112至上","110/07/13","日盛-新莊",9,85,-76
"15319","8112至上","110/07/13","凱基-台北",414,326,88
"15320","8112至上","110/07/13","日盛-台中",2,64,-62
"15321","8112至上","110/07/13","新加坡商瑞銀",181,100,81
"15322","8112至上","110/07/13","日盛-中壢",3,64,-61
"15323","8112至上","110/07/13","國泰-敦南",108,31,77
"15324","8112至上","110/07/13","元大-台中",2,59,-57
"15325","8112至上","110/07/13","第一金-華江",77,4,73
"15326","8112至上","110/07/13","元大-雙和",7,64,-57
"15327","8112至上","110/07/13","永豐金-內湖",73,1,72
"15328","8112至上","110/07/13","元大-高雄",8,62,-54
"15329","8112至上","110/07/13","元大-永和",68,1,67
"15330","8112至上","110/07/13","元大-館前",2,55,-53
"15331","1570力肯","110/07/13","新光",115,11,104
"15332","1570力肯","110/07/13","元大-北三重",0,162,-162
"15333","1570力肯","110/07/13","群益金鼎-高雄",54,0,54
"15334","1570力肯","110/07/13","元大-大灣",0,25,-25
"15335","1570力肯","110/07/13","國票-新莊",22,0,22
"15336","1570力肯","110/07/13","永豐金-苓雅",0,22,-22
"15337","1570力肯","110/07/13","日盛-桃園",12,0,12
"15338","1570力肯","110/07/13","永豐金-永康",0,19,-19
"15339","1570力肯","110/07/13","元大-高雄",12,0,12
"15340","1570力肯","110/07/13","富邦-員林",0,15,-15
"15341","1570力肯","110/07/13","合庫-自強",11,0,11
"15342","1570力肯","110/07/13","凱基-台南",0,11,-11
"15343","1570力肯","110/07/13","摩根大通",26,15,11
"15344","1570力肯","110/07/13","日盛-竹北",0,10,-10
"15345","1570力肯","110/07/13","永豐金-中盛",11,0,11
"15346","1570力肯","110/07/13","國票-九鼎",0,10,-10
"15347","1570力肯","110/07/13","兆豐-台中港",10,0,10
"15348","1570力肯","110/07/13","凱基-桃園",0,10,-10
"15349","1570力肯","110/07/13","國泰-松江",9,0,9
"15350","1570力肯","110/07/13","凱基-新豐",0,10,-10
"15351","1570力肯","110/07/13","元大-新盛",9,0,9
"15352","1570力肯","110/07/13","元大-學甲",0,10,-10
"15353","1570力肯","110/07/13","元富-緯城",6,0,6
"15354","1570力肯","110/07/13","群益金鼎-東湖",1,10,-9
"15355","1570力肯","110/07/13","統一-三重",5,0,5
"15356","1570力肯","110/07/13","大昌",0,6,-6
"15357","1570力肯","110/07/13","元大-前金",5,0,5
"15358","1570力肯","110/07/13","元大-土城學府",0,6,-6
"15359","1570力肯","110/07/13","永豐金證券",5,0,5
"15360","1570力肯","110/07/13","統一",0,5,-5
"15361","2929淘帝","110/07/13","玉山-新竹",130,0,130
"15362","2929淘帝","110/07/13","美商高盛",0,177,-177
"15363","2929淘帝","110/07/13","臺銀-民權",60,0,60
"15364","2929淘帝","110/07/13","凱基-台北",6,80,-74
"15365","2929淘帝","110/07/13","新百王",31,0,31
"15366","2929淘帝","110/07/13","元富-大裕",0,49,-49
"15367","2929淘帝","110/07/13","日盛-園區",30,0,30
"15368","2929淘帝","110/07/13","國泰-館前",3,51,-48
"15369","2929淘帝","110/07/13","元大-南投",31,1,30
"15370","2929淘帝","110/07/13","凱基-中壢",0,41,-41
"15371","2929淘帝","110/07/13","兆豐-忠孝",28,0,28
"15372","2929淘帝","110/07/13","港商野村",21,55,-34
"15373","2929淘帝","110/07/13","元大-民生",28,0,28
"15374","2929淘帝","110/07/13","華南永昌-南京",2,34,-32
"15375","2929淘帝","110/07/13","合庫-高雄",27,0,27
"15376","2929淘帝","110/07/13","群益金鼎-土城",0,30,-30
"15377","2929淘帝","110/07/13","凱基-豐中",27,0,27
"15378","2929淘帝","110/07/13","富邦-南屯",0,22,-22
"15379","2929淘帝","110/07/13","新光",21,4,17
"15380","2929淘帝","110/07/13","第一金-豐原",0,20,-20
"15381","2929淘帝","110/07/13","元大-天母",17,0,17
"15382","2929淘帝","110/07/13","元大-屏南",6,26,-20
"15383","2929淘帝","110/07/13","永興",14,0,14
"15384","2929淘帝","110/07/13","永豐金-敦南",1,21,-20
"15385","2929淘帝","110/07/13","富邦-台北",12,0,12
"15386","2929淘帝","110/07/13","凱基-三重",2,21,-19
"15387","2929淘帝","110/07/13","元大-永和",12,0,12
"15388","2929淘帝","110/07/13","富邦-仁愛",7,25,-18
"15389","2929淘帝","110/07/13","國票-天祥",11,0,11
"15390","2929淘帝","110/07/13","元大-北投",0,16,-16
"15391","5410國眾","110/07/13","兆豐-城中",274,0,274
"15392","5410國眾","110/07/13","元富-嘉義",0,103,-103
"15393","5410國眾","110/07/13","新光",50,4,46
"15394","5410國眾","110/07/13","凱基-台北",0,50,-50
"15395","5410國眾","110/07/13","國泰-台中",26,0,26
"15396","5410國眾","110/07/13","瑞士信貸",0,31,-31
"15397","5410國眾","110/07/13","新加坡商瑞銀",22,0,22
"15398","5410國眾","110/07/13","台新-新莊",0,27,-27
"15399","5410國眾","110/07/13","光和-嘉義",20,0,20
"15400","5410國眾","110/07/13","元大-汐止",0,20,-20
"15401","5410國眾","110/07/13","凱基-竹北",17,0,17
"15402","5410國眾","110/07/13","亞東-新竹",0,17,-17
"15403","5410國眾","110/07/13","新光-桃園",15,0,15
"15404","5410國眾","110/07/13","元大-南勢角",0,13,-13
"15405","5410國眾","110/07/13","凱基-台東",14,0,14
"15406","5410國眾","110/07/13","台新-台南",0,12,-12
"15407","5410國眾","110/07/13","富邦-竹北",11,0,11
"15408","5410國眾","110/07/13","中國信託",0,11,-11
"15409","5410國眾","110/07/13","元富-同大",10,0,10
"15410","5410國眾","110/07/13","華南永昌",0,11,-11
"15411","5410國眾","110/07/13","國泰-敦南",24,15,9
"15412","5410國眾","110/07/13","臺銀-臺南",0,10,-10
"15413","5410國眾","110/07/13","日盛-內湖",7,0,7
"15414","5410國眾","110/07/13","台灣企銀-民雄",0,10,-10
"15415","5410國眾","110/07/13","台新-左楠",7,0,7
"15416","5410國眾","110/07/13","高橋",0,10,-10
"15417","5410國眾","110/07/13","元大-新盛",18,12,6
"15418","5410國眾","110/07/13","康和-嘉義",0,10,-10
"15419","5410國眾","110/07/13","統一",5,0,5
"15420","5410國眾","110/07/13","凱基-基隆",0,10,-10
"15421","2841台開","110/07/13","中國信託-高雄",251,50,201
"15422","2841台開","110/07/13","兆豐-公益",0,177,-177
"15423","2841台開","110/07/13","日盛證券",210,13,197
"15424","2841台開","110/07/13","日進",0,152,-152
"15425","2841台開","110/07/13","第一金-台中",55,0,55
"15426","2841台開","110/07/13","港商野村",0,109,-109
"15427","2841台開","110/07/13","國泰-板橋",46,0,46
"15428","2841台開","110/07/13","日盛-信義",0,103,-103
"15429","2841台開","110/07/13","國泰-館前",48,3,45
"15430","2841台開","110/07/13","國泰-敦南",11,75,-64
"15431","2841台開","110/07/13","華南永昌-新莊",45,0,45
"15432","2841台開","110/07/13","永興",0,50,-50
"15433","2841台開","110/07/13","日盛-園區",42,0,42
"15434","2841台開","110/07/13","永豐金-敦南",61,104,-43
"15435","2841台開","110/07/13","台新證券",32,0,32
"15436","2841台開","110/07/13","富邦-台南",0,42,-42
"15437","2841台開","110/07/13","台新-高雄",32,2,30
"15438","2841台開","110/07/13","國票-安和",0,30,-30
"15439","2841台開","110/07/13","豐農",23,0,23
"15440","2841台開","110/07/13","元大-桃園",0,25,-25
"15441","2841台開","110/07/13","合庫-嘉義",20,0,20
"15442","2841台開","110/07/13","新光",8,32,-24
"15443","2841台開","110/07/13","華南永昌-高雄",20,0,20
"15444","2841台開","110/07/13","元大-仁愛",0,24,-24
"15445","2841台開","110/07/13","元大-樹林",16,0,16
"15446","2841台開","110/07/13","日盛-中和",0,20,-20
"15447","2841台開","110/07/13","第一金-華江",15,2,13
"15448","2841台開","110/07/13","元富",0,20,-20
"15449","2841台開","110/07/13","美商高盛",12,0,12
"15450","2841台開","110/07/13","富邦-宜蘭",0,20,-20
"15451","6207雷科","110/07/13","元大-高雄",121,0,121
"15452","6207雷科","110/07/13","華南永昌-朴子",1,60,-59
"15453","6207雷科","110/07/13","第一金-新興",20,0,20
"15454","6207雷科","110/07/13","元大-南海",0,36,-36
"15455","6207雷科","110/07/13","元富-三重",20,0,20
"15456","6207雷科","110/07/13","凱基-土城",0,35,-35
"15457","6207雷科","110/07/13","元大-林園",15,0,15
"15458","6207雷科","110/07/13","台灣企銀",0,20,-20
"15459","6207雷科","110/07/13","元大-金華",16,1,15
"15460","6207雷科","110/07/13","群益金鼎-丹鳳",0,20,-20
"15461","6207雷科","110/07/13","日盛證券",10,0,10
"15462","6207雷科","110/07/13","元大-博愛",0,17,-17
"15463","6207雷科","110/07/13","統一-台中",10,0,10
"15464","6207雷科","110/07/13","元大-北港",0,13,-13
"15465","6207雷科","110/07/13","群益金鼎-土城",10,0,10
"15466","6207雷科","110/07/13","新加坡商瑞銀",0,12,-12
"15467","6207雷科","110/07/13","群益金鼎-桃園",10,0,10
"15468","6207雷科","110/07/13","凱基-台北",4,16,-12
"15469","6207雷科","110/07/13","永豐金-新莊",10,0,10
"15470","6207雷科","110/07/13","日茂-埔里",0,11,-11
"15471","6207雷科","110/07/13","永豐金-新店",10,0,10
"15472","6207雷科","110/07/13","元大-莒光",0,11,-11
"15473","6207雷科","110/07/13","元大證券",9,0,9
"15474","6207雷科","110/07/13","統一-新竹",0,10,-10
"15475","6207雷科","110/07/13","日盛-木柵",9,1,8
"15476","6207雷科","110/07/13","元大-西螺",0,10,-10
"15477","6207雷科","110/07/13","兆豐-來福",8,0,8
"15478","6207雷科","110/07/13","康和-台中",0,8,-8
"15479","6207雷科","110/07/13","新光",7,0,7
"15480","6207雷科","110/07/13","兆豐-高雄",0,6,-6
"15481","3679新至陞","110/07/13","永豐金證券",50,0,50
"15482","3679新至陞","110/07/13","摩根大通",2,25,-23
"15483","3679新至陞","110/07/13","國泰-桃園",22,0,22
"15484","3679新至陞","110/07/13","元大-成功",0,22,-22
"15485","3679新至陞","110/07/13","台中銀-員林",11,0,11
"15486","3679新至陞","110/07/13","富邦-板橋",1,19,-18
"15487","3679新至陞","110/07/13","元大-文心興安",8,0,8
"15488","3679新至陞","110/07/13","日盛-新莊",0,10,-10
"15489","3679新至陞","110/07/13","美商高盛",6,0,6
"15490","3679新至陞","110/07/13","台新-台中",0,10,-10
"15491","3679新至陞","110/07/13","台新-高雄",6,0,6
"15492","3679新至陞","110/07/13","永豐金-新竹",0,8,-8
"15493","3679新至陞","110/07/13","凱基-台北",18,12,6
"15494","3679新至陞","110/07/13","瑞士信貸",12,19,-7
"15495","3679新至陞","110/07/13","日盛-復興",5,0,5
"15496","3679新至陞","110/07/13","統一-南京",0,7,-7
"15497","3679新至陞","110/07/13","(牛牛牛)亞-鑫豐",4,0,4
"15498","3679新至陞","110/07/13","凱基-新莊",0,7,-7
"15499","3679新至陞","110/07/13","元富-大昌",3,0,3
"15500","3679新至陞","110/07/13","新加坡商瑞銀",0,6,-6
"15501","3679新至陞","110/07/13","富邦-台北",3,0,3
"15502","3679新至陞","110/07/13","合庫-自強",0,5,-5
"15503","3679新至陞","110/07/13","日盛-樹林",2,0,2
"15504","3679新至陞","110/07/13","富邦-桃園",0,5,-5
"15505","3679新至陞","110/07/13","宏遠-光隆",2,0,2
"15506","3679新至陞","110/07/13","永豐金-潮州",0,4,-4
"15507","3679新至陞","110/07/13","美林",3,1,2
"15508","3679新至陞","110/07/13","臺銀-臺南",0,3,-3
"15509","3679新至陞","110/07/13","第一金-中壢",2,0,2
"15510","3679新至陞","110/07/13","元大-六合",0,3,-3
"15511","2727王品","110/07/13","富邦-台北",43,3,40
"15512","2727王品","110/07/13","台灣摩根士丹利",15,97,-82
"15513","2727王品","110/07/13","元大-基隆孝二",40,0,40
"15514","2727王品","110/07/13","玉山-台南",5,57,-52
"15515","2727王品","110/07/13","國票-新莊",40,1,39
"15516","2727王品","110/07/13","新加坡商瑞銀",0,48,-48
"15517","2727王品","110/07/13","第一金-豐原",66,42,24
"15518","2727王品","110/07/13","凱基-台北",41,77,-36
"15519","2727王品","110/07/13","永豐金-大園",34,10,24
"15520","2727王品","110/07/13","永豐金-永康",0,22,-22
"15521","2727王品","110/07/13","元大-北屯",22,0,22
"15522","2727王品","110/07/13","統一-台中",2,22,-20
"15523","2727王品","110/07/13","元大-東蘆",26,7,19
"15524","2727王品","110/07/13","國泰-台中",21,39,-18
"15525","2727王品","110/07/13","永豐金-萬盛",13,1,12
"15526","2727王品","110/07/13","合庫-彰化",3,20,-17
"15527","2727王品","110/07/13","日盛-嘉義",11,0,11
"15528","2727王品","110/07/13","港商野村",13,30,-17
"15529","2727王品","110/07/13","日盛-八德",11,0,11
"15530","2727王品","110/07/13","元大-楊梅",1,16,-15
"15531","2727王品","110/07/13","統一-竹南",11,0,11
"15532","2727王品","110/07/13","凱基-高美館",2,15,-13
"15533","2727王品","110/07/13","日盛-士林",12,2,10
"15534","2727王品","110/07/13","美商高盛",2,14,-12
"15535","2727王品","110/07/13","統一-敦南",10,0,10
"15536","2727王品","110/07/13","統一-平鎮",1,13,-12
"15537","2727王品","110/07/13","中國信託",15,5,10
"15538","2727王品","110/07/13","兆豐-台中港",4,16,-12
"15539","2727王品","110/07/13","兆豐-竹北",13,3,10
"15540","2727王品","110/07/13","凱基-八德",1,13,-12
"15541","1570力肯","110/07/13","新光",115,11,104
"15542","1570力肯","110/07/13","元大-北三重",0,162,-162
"15543","1570力肯","110/07/13","群益金鼎-高雄",54,0,54
"15544","1570力肯","110/07/13","元大-大灣",0,25,-25
"15545","1570力肯","110/07/13","國票-新莊",22,0,22
"15546","1570力肯","110/07/13","永豐金-苓雅",0,22,-22
"15547","1570力肯","110/07/13","日盛-桃園",12,0,12
"15548","1570力肯","110/07/13","永豐金-永康",0,19,-19
"15549","1570力肯","110/07/13","元大-高雄",12,0,12
"15550","1570力肯","110/07/13","富邦-員林",0,15,-15
"15551","1570力肯","110/07/13","合庫-自強",11,0,11
"15552","1570力肯","110/07/13","凱基-台南",0,11,-11
"15553","1570力肯","110/07/13","摩根大通",26,15,11
"15554","1570力肯","110/07/13","日盛-竹北",0,10,-10
"15555","1570力肯","110/07/13","永豐金-中盛",11,0,11
"15556","1570力肯","110/07/13","國票-九鼎",0,10,-10
"15557","1570力肯","110/07/13","兆豐-台中港",10,0,10
"15558","1570力肯","110/07/13","凱基-桃園",0,10,-10
"15559","1570力肯","110/07/13","國泰-松江",9,0,9
"15560","1570力肯","110/07/13","凱基-新豐",0,10,-10
"15561","1570力肯","110/07/13","元大-新盛",9,0,9
"15562","1570力肯","110/07/13","元大-學甲",0,10,-10
"15563","1570力肯","110/07/13","元富-緯城",6,0,6
"15564","1570力肯","110/07/13","群益金鼎-東湖",1,10,-9
"15565","1570力肯","110/07/13","統一-三重",5,0,5
"15566","1570力肯","110/07/13","大昌",0,6,-6
"15567","1570力肯","110/07/13","元大-前金",5,0,5
"15568","1570力肯","110/07/13","元大-土城學府",0,6,-6
"15569","1570力肯","110/07/13","永豐金證券",5,0,5
"15570","1570力肯","110/07/13","統一",0,5,-5
"15571","6180橘子","110/07/13","摩根大通",119,0,119
"15572","6180橘子","110/07/13","元大-崇德",2,61,-59
"15573","6180橘子","110/07/13","美商高盛",96,0,96
"15574","6180橘子","110/07/13","康和-台中",0,51,-51
"15575","6180橘子","110/07/13","新加坡商瑞銀",86,7,79
"15576","6180橘子","110/07/13","康和-台北",0,50,-50
"15577","6180橘子","110/07/13","元大-和平",40,0,40
"15578","6180橘子","110/07/13","元富-潮州",0,40,-40
"15579","6180橘子","110/07/13","凱基-台北",83,47,36
"15580","6180橘子","110/07/13","日盛-永康",0,26,-26
"15581","6180橘子","110/07/13","美林",39,5,34
"15582","6180橘子","110/07/13","永豐金-中正",0,24,-24
"15583","6180橘子","110/07/13","富邦-新竹華信",31,2,29
"15584","6180橘子","110/07/13","國泰-板橋",2,25,-23
"15585","6180橘子","110/07/13","統一-南京",21,0,21
"15586","6180橘子","110/07/13","日盛-大墩",0,20,-20
"15587","6180橘子","110/07/13","富邦-陽明",24,3,21
"15588","6180橘子","110/07/13","元大-草屯",13,32,-19
"15589","6180橘子","110/07/13","大昌-樹林",21,1,20
"15590","6180橘子","110/07/13","元富-林園",1,18,-17
"15591","6180橘子","110/07/13","花旗環球",19,0,19
"15592","6180橘子","110/07/13","新光-新竹",1,18,-17
"15593","6180橘子","110/07/13","華南永昌-台南",19,0,19
"15594","6180橘子","110/07/13","元大-土城永寧",0,17,-17
"15595","6180橘子","110/07/13","福勝",14,0,14
"15596","6180橘子","110/07/13","國泰-新莊",3,19,-16
"15597","6180橘子","110/07/13","富邦-嘉義",12,1,11
"15598","6180橘子","110/07/13","中國信託-永康",6,21,-15
"15599","6180橘子","110/07/13","元大-板橋三民",11,0,11
"15600","6180橘子","110/07/13","凱基-東港",1,15,-14
"15601","2390云辰","110/07/13","新加坡商瑞銀",562,75,487
"15602","2390云辰","110/07/13","大展-台南",0,532,-532
"15603","2390云辰","110/07/13","台灣摩根士丹利",330,155,175
"15604","2390云辰","110/07/13","凱基-台北",668,854,-186
"15605","2390云辰","110/07/13","兆豐-公益",126,25,101
"15606","2390云辰","110/07/13","凱基-三重",12,172,-160
"15607","2390云辰","110/07/13","元富-中港",100,2,98
"15608","2390云辰","110/07/13","兆豐-忠孝",4,161,-157
"15609","2390云辰","110/07/13","統一-新台中",106,9,97
"15610","2390云辰","110/07/13","元大-士林",19,170,-151
"15611","2390云辰","110/07/13","中國信託-松江",81,11,70
"15612","2390云辰","110/07/13","臺銀-新竹",14,117,-103
"15613","2390云辰","110/07/13","日盛-板橋",72,3,69
"15614","2390云辰","110/07/13","國票-台中",4,102,-98
"15615","2390云辰","110/07/13","日盛-和美",57,0,57
"15616","2390云辰","110/07/13","新光",147,232,-85
"15617","2390云辰","110/07/13","永豐金-桃園",88,36,52
"15618","2390云辰","110/07/13","致和-崇德",2,70,-68
"15619","2390云辰","110/07/13","玉山-士林",54,4,50
"15620","2390云辰","110/07/13","群益金鼎-屏東",2,70,-68
"15621","2390云辰","110/07/13","富邦-仁愛",56,6,50
"15622","2390云辰","110/07/13","元大-大里",35,98,-63
"15623","2390云辰","110/07/13","第一金-豐原",50,1,49
"15624","2390云辰","110/07/13","元大-萬華",35,94,-59
"15625","2390云辰","110/07/13","摩根大通",502,453,49
"15626","2390云辰","110/07/13","元富-吉利",2,60,-58
"15627","2390云辰","110/07/13","凱基-松山",61,13,48
"15628","2390云辰","110/07/13","兆豐-新竹",3,53,-50
"15629","2390云辰","110/07/13","大昌",64,22,42
"15630","2390云辰","110/07/13","富邦-嘉義",65,108,-43
"15631","2363矽統","110/07/13","凱基-南崁",2133,63,2070
"15632","2363矽統","110/07/13","凱基-幸福",36,4048,-4012
"15633","2363矽統","110/07/13","國泰-敦南",2195,1617,578
"15634","2363矽統","110/07/13","統一",192,3325,-3133
"15635","2363矽統","110/07/13","中農",670,139,531
"15636","2363矽統","110/07/13","新加坡商瑞銀",1000,2747,-1747
"15637","2363矽統","110/07/13","康和-台中",638,154,484
"15638","2363矽統","110/07/13","凱基-台北",5359,6609,-1250
"15639","2363矽統","110/07/13","群益金鼎-三民",577,137,440
"15640","2363矽統","110/07/13","摩根大通",1930,2858,-928
"15641","2363矽統","110/07/13","台新-屏東",510,88,422
"15642","2363矽統","110/07/13","港商野村",960,1679,-719
"15643","2363矽統","110/07/13","德信-中正",455,67,388
"15644","2363矽統","110/07/13","兆豐-復興",25,705,-680
"15645","2363矽統","110/07/13","日盛-竹北",365,70,295
"15646","2363矽統","110/07/13","統一-仁愛",114,755,-641
"15647","2363矽統","110/07/13","元大-佳里",452,189,263
"15648","2363矽統","110/07/13","統一-敦南",29,638,-609
"15649","2363矽統","110/07/13","國票-博愛",296,38,258
"15650","2363矽統","110/07/13","統一-土城",100,704,-604
"15651","2363矽統","110/07/13","元大-萬華",340,95,245
"15652","2363矽統","110/07/13","統一-城中",116,676,-560
"15653","2363矽統","110/07/13","新光",1259,1031,228
"15654","2363矽統","110/07/13","永豐金證券",306,859,-553
"15655","2363矽統","110/07/13","元富-成功",323,96,227
"15656","2363矽統","110/07/13","元富",54,567,-513
"15657","2363矽統","110/07/13","豐農",228,23,205
"15658","2363矽統","110/07/13","瑞士信貸",202,666,-464
"15659","2363矽統","110/07/13","台灣企銀-岡山",186,4,182
"15660","2363矽統","110/07/13","永豐金-嘉義",67,468,-401
"15661","8112至上","110/07/13","摩根大通",688,296,392
"15662","8112至上","110/07/13","國票-中和",0,401,-401
"15663","8112至上","110/07/13","港商野村",344,145,199
"15664","8112至上","110/07/13","永豐金-板盛",0,205,-205
"15665","8112至上","110/07/13","兆豐-公益",195,5,190
"15666","8112至上","110/07/13","凱基-五股",43,155,-112
"15667","8112至上","110/07/13","台灣摩根士丹利",183,0,183
"15668","8112至上","110/07/13","凱基-市政",0,100,-100
"15669","8112至上","110/07/13","群益金鼎-敦南",153,2,151
"15670","8112至上","110/07/13","元大-大里德芳",1,92,-91
"15671","8112至上","110/07/13","臺銀-金山",146,26,120
"15672","8112至上","110/07/13","玉山-桃園",26,110,-84
"15673","8112至上","110/07/13","臺銀",133,19,114
"15674","8112至上","110/07/13","兆豐-天母",0,81,-81
"15675","8112至上","110/07/13","合庫-台中",115,6,109
"15676","8112至上","110/07/13","凱基-城中",3,84,-81
"15677","8112至上","110/07/13","亞東-板橋",134,26,108
"15678","8112至上","110/07/13","日盛-新莊",9,85,-76
"15679","8112至上","110/07/13","凱基-台北",414,326,88
"15680","8112至上","110/07/13","日盛-台中",2,64,-62
"15681","8112至上","110/07/13","新加坡商瑞銀",181,100,81
"15682","8112至上","110/07/13","日盛-中壢",3,64,-61
"15683","8112至上","110/07/13","國泰-敦南",108,31,77
"15684","8112至上","110/07/13","元大-台中",2,59,-57
"15685","8112至上","110/07/13","第一金-華江",77,4,73
"15686","8112至上","110/07/13","元大-雙和",7,64,-57
"15687","8112至上","110/07/13","永豐金-內湖",73,1,72
"15688","8112至上","110/07/13","元大-高雄",8,62,-54
"15689","8112至上","110/07/13","元大-永和",68,1,67
"15690","8112至上","110/07/13","元大-館前",2,55,-53
"15691","1570力肯","110/07/13","新光",115,11,104
"15692","1570力肯","110/07/13","元大-北三重",0,162,-162
"15693","1570力肯","110/07/13","群益金鼎-高雄",54,0,54
"15694","1570力肯","110/07/13","元大-大灣",0,25,-25
"15695","1570力肯","110/07/13","國票-新莊",22,0,22
"15696","1570力肯","110/07/13","永豐金-苓雅",0,22,-22
"15697","1570力肯","110/07/13","日盛-桃園",12,0,12
"15698","1570力肯","110/07/13","永豐金-永康",0,19,-19
"15699","1570力肯","110/07/13","元大-高雄",12,0,12
"15700","1570力肯","110/07/13","富邦-員林",0,15,-15
"15701","1570力肯","110/07/13","合庫-自強",11,0,11
"15702","1570力肯","110/07/13","凱基-台南",0,11,-11
"15703","1570力肯","110/07/13","摩根大通",26,15,11
"15704","1570力肯","110/07/13","日盛-竹北",0,10,-10
"15705","1570力肯","110/07/13","永豐金-中盛",11,0,11
"15706","1570力肯","110/07/13","國票-九鼎",0,10,-10
"15707","1570力肯","110/07/13","兆豐-台中港",10,0,10
"15708","1570力肯","110/07/13","凱基-桃園",0,10,-10
"15709","1570力肯","110/07/13","國泰-松江",9,0,9
"15710","1570力肯","110/07/13","凱基-新豐",0,10,-10
"15711","1570力肯","110/07/13","元大-新盛",9,0,9
"15712","1570力肯","110/07/13","元大-學甲",0,10,-10
"15713","1570力肯","110/07/13","元富-緯城",6,0,6
"15714","1570力肯","110/07/13","群益金鼎-東湖",1,10,-9
"15715","1570力肯","110/07/13","統一-三重",5,0,5
"15716","1570力肯","110/07/13","大昌",0,6,-6
"15717","1570力肯","110/07/13","元大-前金",5,0,5
"15718","1570力肯","110/07/13","元大-土城學府",0,6,-6
"15719","1570力肯","110/07/13","永豐金證券",5,0,5
"15720","1570力肯","110/07/13","統一",0,5,-5
"15721","2929淘帝","110/07/13","玉山-新竹",130,0,130
"15722","2929淘帝","110/07/13","美商高盛",0,177,-177
"15723","2929淘帝","110/07/13","臺銀-民權",60,0,60
"15724","2929淘帝","110/07/13","凱基-台北",6,80,-74
"15725","2929淘帝","110/07/13","新百王",31,0,31
"15726","2929淘帝","110/07/13","元富-大裕",0,49,-49
"15727","2929淘帝","110/07/13","日盛-園區",30,0,30
"15728","2929淘帝","110/07/13","國泰-館前",3,51,-48
"15729","2929淘帝","110/07/13","元大-南投",31,1,30
"15730","2929淘帝","110/07/13","凱基-中壢",0,41,-41
"15731","2929淘帝","110/07/13","兆豐-忠孝",28,0,28
"15732","2929淘帝","110/07/13","港商野村",21,55,-34
"15733","2929淘帝","110/07/13","元大-民生",28,0,28
"15734","2929淘帝","110/07/13","華南永昌-南京",2,34,-32
"15735","2929淘帝","110/07/13","合庫-高雄",27,0,27
"15736","2929淘帝","110/07/13","群益金鼎-土城",0,30,-30
"15737","2929淘帝","110/07/13","凱基-豐中",27,0,27
"15738","2929淘帝","110/07/13","富邦-南屯",0,22,-22
"15739","2929淘帝","110/07/13","新光",21,4,17
"15740","2929淘帝","110/07/13","第一金-豐原",0,20,-20
"15741","2929淘帝","110/07/13","元大-天母",17,0,17
"15742","2929淘帝","110/07/13","元大-屏南",6,26,-20
"15743","2929淘帝","110/07/13","永興",14,0,14
"15744","2929淘帝","110/07/13","永豐金-敦南",1,21,-20
"15745","2929淘帝","110/07/13","富邦-台北",12,0,12
"15746","2929淘帝","110/07/13","凱基-三重",2,21,-19
"15747","2929淘帝","110/07/13","元大-永和",12,0,12
"15748","2929淘帝","110/07/13","富邦-仁愛",7,25,-18
"15749","2929淘帝","110/07/13","國票-天祥",11,0,11
"15750","2929淘帝","110/07/13","元大-北投",0,16,-16
"15751","5410國眾","110/07/13","兆豐-城中",274,0,274
"15752","5410國眾","110/07/13","元富-嘉義",0,103,-103
"15753","5410國眾","110/07/13","新光",50,4,46
"15754","5410國眾","110/07/13","凱基-台北",0,50,-50
"15755","5410國眾","110/07/13","國泰-台中",26,0,26
"15756","5410國眾","110/07/13","瑞士信貸",0,31,-31
"15757","5410國眾","110/07/13","新加坡商瑞銀",22,0,22
"15758","5410國眾","110/07/13","台新-新莊",0,27,-27
"15759","5410國眾","110/07/13","光和-嘉義",20,0,20
"15760","5410國眾","110/07/13","元大-汐止",0,20,-20
"15761","5410國眾","110/07/13","凱基-竹北",17,0,17
"15762","5410國眾","110/07/13","亞東-新竹",0,17,-17
"15763","5410國眾","110/07/13","新光-桃園",15,0,15
"15764","5410國眾","110/07/13","元大-南勢角",0,13,-13
"15765","5410國眾","110/07/13","凱基-台東",14,0,14
"15766","5410國眾","110/07/13","台新-台南",0,12,-12
"15767","5410國眾","110/07/13","富邦-竹北",11,0,11
"15768","5410國眾","110/07/13","中國信託",0,11,-11
"15769","5410國眾","110/07/13","元富-同大",10,0,10
"15770","5410國眾","110/07/13","華南永昌",0,11,-11
"15771","5410國眾","110/07/13","國泰-敦南",24,15,9
"15772","5410國眾","110/07/13","臺銀-臺南",0,10,-10
"15773","5410國眾","110/07/13","日盛-內湖",7,0,7
"15774","5410國眾","110/07/13","台灣企銀-民雄",0,10,-10
"15775","5410國眾","110/07/13","台新-左楠",7,0,7
"15776","5410國眾","110/07/13","高橋",0,10,-10
"15777","5410國眾","110/07/13","元大-新盛",18,12,6
"15778","5410國眾","110/07/13","康和-嘉義",0,10,-10
"15779","5410國眾","110/07/13","統一",5,0,5
"15780","5410國眾","110/07/13","凱基-基隆",0,10,-10
"15781","2841台開","110/07/13","中國信託-高雄",251,50,201
"15782","2841台開","110/07/13","兆豐-公益",0,177,-177
"15783","2841台開","110/07/13","日盛證券",210,13,197
"15784","2841台開","110/07/13","日進",0,152,-152
"15785","2841台開","110/07/13","第一金-台中",55,0,55
"15786","2841台開","110/07/13","港商野村",0,109,-109
"15787","2841台開","110/07/13","國泰-板橋",46,0,46
"15788","2841台開","110/07/13","日盛-信義",0,103,-103
"15789","2841台開","110/07/13","國泰-館前",48,3,45
"15790","2841台開","110/07/13","國泰-敦南",11,75,-64
"15791","2841台開","110/07/13","華南永昌-新莊",45,0,45
"15792","2841台開","110/07/13","永興",0,50,-50
"15793","2841台開","110/07/13","日盛-園區",42,0,42
"15794","2841台開","110/07/13","永豐金-敦南",61,104,-43
"15795","2841台開","110/07/13","台新證券",32,0,32
"15796","2841台開","110/07/13","富邦-台南",0,42,-42
"15797","2841台開","110/07/13","台新-高雄",32,2,30
"15798","2841台開","110/07/13","國票-安和",0,30,-30
"15799","2841台開","110/07/13","豐農",23,0,23
"15800","2841台開","110/07/13","元大-桃園",0,25,-25
"15801","2841台開","110/07/13","合庫-嘉義",20,0,20
"15802","2841台開","110/07/13","新光",8,32,-24
"15803","2841台開","110/07/13","華南永昌-高雄",20,0,20
"15804","2841台開","110/07/13","元大-仁愛",0,24,-24
"15805","2841台開","110/07/13","元大-樹林",16,0,16
"15806","2841台開","110/07/13","日盛-中和",0,20,-20
"15807","2841台開","110/07/13","第一金-華江",15,2,13
"15808","2841台開","110/07/13","元富",0,20,-20
"15809","2841台開","110/07/13","美商高盛",12,0,12
"15810","2841台開","110/07/13","富邦-宜蘭",0,20,-20
"15811","6207雷科","110/07/13","元大-高雄",121,0,121
"15812","6207雷科","110/07/13","華南永昌-朴子",1,60,-59
"15813","6207雷科","110/07/13","第一金-新興",20,0,20
"15814","6207雷科","110/07/13","元大-南海",0,36,-36
"15815","6207雷科","110/07/13","元富-三重",20,0,20
"15816","6207雷科","110/07/13","凱基-土城",0,35,-35
"15817","6207雷科","110/07/13","元大-林園",15,0,15
"15818","6207雷科","110/07/13","台灣企銀",0,20,-20
"15819","6207雷科","110/07/13","元大-金華",16,1,15
"15820","6207雷科","110/07/13","群益金鼎-丹鳳",0,20,-20
"15821","6207雷科","110/07/13","日盛證券",10,0,10
"15822","6207雷科","110/07/13","元大-博愛",0,17,-17
"15823","6207雷科","110/07/13","統一-台中",10,0,10
"15824","6207雷科","110/07/13","元大-北港",0,13,-13
"15825","6207雷科","110/07/13","群益金鼎-土城",10,0,10
"15826","6207雷科","110/07/13","新加坡商瑞銀",0,12,-12
"15827","6207雷科","110/07/13","群益金鼎-桃園",10,0,10
"15828","6207雷科","110/07/13","凱基-台北",4,16,-12
"15829","6207雷科","110/07/13","永豐金-新莊",10,0,10
"15830","6207雷科","110/07/13","日茂-埔里",0,11,-11
"15831","6207雷科","110/07/13","永豐金-新店",10,0,10
"15832","6207雷科","110/07/13","元大-莒光",0,11,-11
"15833","6207雷科","110/07/13","元大證券",9,0,9
"15834","6207雷科","110/07/13","統一-新竹",0,10,-10
"15835","6207雷科","110/07/13","日盛-木柵",9,1,8
"15836","6207雷科","110/07/13","元大-西螺",0,10,-10
"15837","6207雷科","110/07/13","兆豐-來福",8,0,8
"15838","6207雷科","110/07/13","康和-台中",0,8,-8
"15839","6207雷科","110/07/13","新光",7,0,7
"15840","6207雷科","110/07/13","兆豐-高雄",0,6,-6
"15841","3679新至陞","110/07/13","永豐金證券",50,0,50
"15842","3679新至陞","110/07/13","摩根大通",2,25,-23
"15843","3679新至陞","110/07/13","國泰-桃園",22,0,22
"15844","3679新至陞","110/07/13","元大-成功",0,22,-22
"15845","3679新至陞","110/07/13","台中銀-員林",11,0,11
"15846","3679新至陞","110/07/13","富邦-板橋",1,19,-18
"15847","3679新至陞","110/07/13","元大-文心興安",8,0,8
"15848","3679新至陞","110/07/13","日盛-新莊",0,10,-10
"15849","3679新至陞","110/07/13","美商高盛",6,0,6
"15850","3679新至陞","110/07/13","台新-台中",0,10,-10
"15851","3679新至陞","110/07/13","台新-高雄",6,0,6
"15852","3679新至陞","110/07/13","永豐金-新竹",0,8,-8
"15853","3679新至陞","110/07/13","凱基-台北",18,12,6
"15854","3679新至陞","110/07/13","瑞士信貸",12,19,-7
"15855","3679新至陞","110/07/13","日盛-復興",5,0,5
"15856","3679新至陞","110/07/13","統一-南京",0,7,-7
"15857","3679新至陞","110/07/13","(牛牛牛)亞-鑫豐",4,0,4
"15858","3679新至陞","110/07/13","凱基-新莊",0,7,-7
"15859","3679新至陞","110/07/13","元富-大昌",3,0,3
"15860","3679新至陞","110/07/13","新加坡商瑞銀",0,6,-6
"15861","3679新至陞","110/07/13","富邦-台北",3,0,3
"15862","3679新至陞","110/07/13","合庫-自強",0,5,-5
"15863","3679新至陞","110/07/13","日盛-樹林",2,0,2
"15864","3679新至陞","110/07/13","富邦-桃園",0,5,-5
"15865","3679新至陞","110/07/13","宏遠-光隆",2,0,2
"15866","3679新至陞","110/07/13","永豐金-潮州",0,4,-4
"15867","3679新至陞","110/07/13","美林",3,1,2
"15868","3679新至陞","110/07/13","臺銀-臺南",0,3,-3
"15869","3679新至陞","110/07/13","第一金-中壢",2,0,2
"15870","3679新至陞","110/07/13","元大-六合",0,3,-3
"15871","2727王品","110/07/13","富邦-台北",43,3,40
"15872","2727王品","110/07/13","台灣摩根士丹利",15,97,-82
"15873","2727王品","110/07/13","元大-基隆孝二",40,0,40
"15874","2727王品","110/07/13","玉山-台南",5,57,-52
"15875","2727王品","110/07/13","國票-新莊",40,1,39
"15876","2727王品","110/07/13","新加坡商瑞銀",0,48,-48
"15877","2727王品","110/07/13","第一金-豐原",66,42,24
"15878","2727王品","110/07/13","凱基-台北",41,77,-36
"15879","2727王品","110/07/13","永豐金-大園",34,10,24
"15880","2727王品","110/07/13","永豐金-永康",0,22,-22
"15881","2727王品","110/07/13","元大-北屯",22,0,22
"15882","2727王品","110/07/13","統一-台中",2,22,-20
"15883","2727王品","110/07/13","元大-東蘆",26,7,19
"15884","2727王品","110/07/13","國泰-台中",21,39,-18
"15885","2727王品","110/07/13","永豐金-萬盛",13,1,12
"15886","2727王品","110/07/13","合庫-彰化",3,20,-17
"15887","2727王品","110/07/13","日盛-嘉義",11,0,11
"15888","2727王品","110/07/13","港商野村",13,30,-17
"15889","2727王品","110/07/13","日盛-八德",11,0,11
"15890","2727王品","110/07/13","元大-楊梅",1,16,-15
"15891","2727王品","110/07/13","統一-竹南",11,0,11
"15892","2727王品","110/07/13","凱基-高美館",2,15,-13
"15893","2727王品","110/07/13","日盛-士林",12,2,10
"15894","2727王品","110/07/13","美商高盛",2,14,-12
"15895","2727王品","110/07/13","統一-敦南",10,0,10
"15896","2727王品","110/07/13","統一-平鎮",1,13,-12
"15897","2727王品","110/07/13","中國信託",15,5,10
"15898","2727王品","110/07/13","兆豐-台中港",4,16,-12
"15899","2727王品","110/07/13","兆豐-竹北",13,3,10
"15900","2727王品","110/07/13","凱基-八德",1,13,-12
"15901","1570力肯","110/07/13","新光",115,11,104
"15902","1570力肯","110/07/13","元大-北三重",0,162,-162
"15903","1570力肯","110/07/13","群益金鼎-高雄",54,0,54
"15904","1570力肯","110/07/13","元大-大灣",0,25,-25
"15905","1570力肯","110/07/13","國票-新莊",22,0,22
"15906","1570力肯","110/07/13","永豐金-苓雅",0,22,-22
"15907","1570力肯","110/07/13","日盛-桃園",12,0,12
"15908","1570力肯","110/07/13","永豐金-永康",0,19,-19
"15909","1570力肯","110/07/13","元大-高雄",12,0,12
"15910","1570力肯","110/07/13","富邦-員林",0,15,-15
"15911","1570力肯","110/07/13","合庫-自強",11,0,11
"15912","1570力肯","110/07/13","凱基-台南",0,11,-11
"15913","1570力肯","110/07/13","摩根大通",26,15,11
"15914","1570力肯","110/07/13","日盛-竹北",0,10,-10
"15915","1570力肯","110/07/13","永豐金-中盛",11,0,11
"15916","1570力肯","110/07/13","國票-九鼎",0,10,-10
"15917","1570力肯","110/07/13","兆豐-台中港",10,0,10
"15918","1570力肯","110/07/13","凱基-桃園",0,10,-10
"15919","1570力肯","110/07/13","國泰-松江",9,0,9
"15920","1570力肯","110/07/13","凱基-新豐",0,10,-10
"15921","1570力肯","110/07/13","元大-新盛",9,0,9
"15922","1570力肯","110/07/13","元大-學甲",0,10,-10
"15923","1570力肯","110/07/13","元富-緯城",6,0,6
"15924","1570力肯","110/07/13","群益金鼎-東湖",1,10,-9
"15925","1570力肯","110/07/13","統一-三重",5,0,5
"15926","1570力肯","110/07/13","大昌",0,6,-6
"15927","1570力肯","110/07/13","元大-前金",5,0,5
"15928","1570力肯","110/07/13","元大-土城學府",0,6,-6
"15929","1570力肯","110/07/13","永豐金證券",5,0,5
"15930","1570力肯","110/07/13","統一",0,5,-5
"15931","6180橘子","110/07/13","摩根大通",119,0,119
"15932","6180橘子","110/07/13","元大-崇德",2,61,-59
"15933","6180橘子","110/07/13","美商高盛",96,0,96
"15934","6180橘子","110/07/13","康和-台中",0,51,-51
"15935","6180橘子","110/07/13","新加坡商瑞銀",86,7,79
"15936","6180橘子","110/07/13","康和-台北",0,50,-50
"15937","6180橘子","110/07/13","元大-和平",40,0,40
"15938","6180橘子","110/07/13","元富-潮州",0,40,-40
"15939","6180橘子","110/07/13","凱基-台北",83,47,36
"15940","6180橘子","110/07/13","日盛-永康",0,26,-26
"15941","6180橘子","110/07/13","美林",39,5,34
"15942","6180橘子","110/07/13","永豐金-中正",0,24,-24
"15943","6180橘子","110/07/13","富邦-新竹華信",31,2,29
"15944","6180橘子","110/07/13","國泰-板橋",2,25,-23
"15945","6180橘子","110/07/13","統一-南京",21,0,21
"15946","6180橘子","110/07/13","日盛-大墩",0,20,-20
"15947","6180橘子","110/07/13","富邦-陽明",24,3,21
"15948","6180橘子","110/07/13","元大-草屯",13,32,-19
"15949","6180橘子","110/07/13","大昌-樹林",21,1,20
"15950","6180橘子","110/07/13","元富-林園",1,18,-17
"15951","6180橘子","110/07/13","花旗環球",19,0,19
"15952","6180橘子","110/07/13","新光-新竹",1,18,-17
"15953","6180橘子","110/07/13","華南永昌-台南",19,0,19
"15954","6180橘子","110/07/13","元大-土城永寧",0,17,-17
"15955","6180橘子","110/07/13","福勝",14,0,14
"15956","6180橘子","110/07/13","國泰-新莊",3,19,-16
"15957","6180橘子","110/07/13","富邦-嘉義",12,1,11
"15958","6180橘子","110/07/13","中國信託-永康",6,21,-15
"15959","6180橘子","110/07/13","元大-板橋三民",11,0,11
"15960","6180橘子","110/07/13","凱基-東港",1,15,-14
"15961","2390云辰","110/07/13","新加坡商瑞銀",562,75,487
"15962","2390云辰","110/07/13","大展-台南",0,532,-532
"15963","2390云辰","110/07/13","台灣摩根士丹利",330,155,175
"15964","2390云辰","110/07/13","凱基-台北",668,854,-186
"15965","2390云辰","110/07/13","兆豐-公益",126,25,101
"15966","2390云辰","110/07/13","凱基-三重",12,172,-160
"15967","2390云辰","110/07/13","元富-中港",100,2,98
"15968","2390云辰","110/07/13","兆豐-忠孝",4,161,-157
"15969","2390云辰","110/07/13","統一-新台中",106,9,97
"15970","2390云辰","110/07/13","元大-士林",19,170,-151
"15971","2390云辰","110/07/13","中國信託-松江",81,11,70
"15972","2390云辰","110/07/13","臺銀-新竹",14,117,-103
"15973","2390云辰","110/07/13","日盛-板橋",72,3,69
"15974","2390云辰","110/07/13","國票-台中",4,102,-98
"15975","2390云辰","110/07/13","日盛-和美",57,0,57
"15976","2390云辰","110/07/13","新光",147,232,-85
"15977","2390云辰","110/07/13","永豐金-桃園",88,36,52
"15978","2390云辰","110/07/13","致和-崇德",2,70,-68
"15979","2390云辰","110/07/13","玉山-士林",54,4,50
"15980","2390云辰","110/07/13","群益金鼎-屏東",2,70,-68
"15981","2390云辰","110/07/13","富邦-仁愛",56,6,50
"15982","2390云辰","110/07/13","元大-大里",35,98,-63
"15983","2390云辰","110/07/13","第一金-豐原",50,1,49
"15984","2390云辰","110/07/13","元大-萬華",35,94,-59
"15985","2390云辰","110/07/13","摩根大通",502,453,49
"15986","2390云辰","110/07/13","元富-吉利",2,60,-58
"15987","2390云辰","110/07/13","凱基-松山",61,13,48
"15988","2390云辰","110/07/13","兆豐-新竹",3,53,-50
"15989","2390云辰","110/07/13","大昌",64,22,42
"15990","2390云辰","110/07/13","富邦-嘉義",65,108,-43
"15991","2363矽統","110/07/13","凱基-南崁",2133,63,2070
"15992","2363矽統","110/07/13","凱基-幸福",36,4048,-4012
"15993","2363矽統","110/07/13","國泰-敦南",2195,1617,578
"15994","2363矽統","110/07/13","統一",192,3325,-3133
"15995","2363矽統","110/07/13","中農",670,139,531
"15996","2363矽統","110/07/13","新加坡商瑞銀",1000,2747,-1747
"15997","2363矽統","110/07/13","康和-台中",638,154,484
"15998","2363矽統","110/07/13","凱基-台北",5359,6609,-1250
"15999","2363矽統","110/07/13","群益金鼎-三民",577,137,440
"16000","2363矽統","110/07/13","摩根大通",1930,2858,-928
"16001","2363矽統","110/07/13","台新-屏東",510,88,422
"16002","2363矽統","110/07/13","港商野村",960,1679,-719
"16003","2363矽統","110/07/13","德信-中正",455,67,388
"16004","2363矽統","110/07/13","兆豐-復興",25,705,-680
"16005","2363矽統","110/07/13","日盛-竹北",365,70,295
"16006","2363矽統","110/07/13","統一-仁愛",114,755,-641
"16007","2363矽統","110/07/13","元大-佳里",452,189,263
"16008","2363矽統","110/07/13","統一-敦南",29,638,-609
"16009","2363矽統","110/07/13","國票-博愛",296,38,258
"16010","2363矽統","110/07/13","統一-土城",100,704,-604
"16011","2363矽統","110/07/13","元大-萬華",340,95,245
"16012","2363矽統","110/07/13","統一-城中",116,676,-560
"16013","2363矽統","110/07/13","新光",1259,1031,228
"16014","2363矽統","110/07/13","永豐金證券",306,859,-553
"16015","2363矽統","110/07/13","元富-成功",323,96,227
"16016","2363矽統","110/07/13","元富",54,567,-513
"16017","2363矽統","110/07/13","豐農",228,23,205
"16018","2363矽統","110/07/13","瑞士信貸",202,666,-464
"16019","2363矽統","110/07/13","台灣企銀-岡山",186,4,182
"16020","2363矽統","110/07/13","永豐金-嘉義",67,468,-401
"16021","2363矽統","110/07/13","凱基-南崁",2133,63,2070
"16022","2363矽統","110/07/13","凱基-幸福",36,4048,-4012
"16023","2363矽統","110/07/13","國泰-敦南",2195,1617,578
"16024","2363矽統","110/07/13","統一",192,3325,-3133
"16025","2363矽統","110/07/13","中農",670,139,531
"16026","2363矽統","110/07/13","新加坡商瑞銀",1000,2747,-1747
"16027","2363矽統","110/07/13","康和-台中",638,154,484
"16028","2363矽統","110/07/13","凱基-台北",5359,6609,-1250
"16029","2363矽統","110/07/13","群益金鼎-三民",577,137,440
"16030","2363矽統","110/07/13","摩根大通",1930,2858,-928
"16031","2363矽統","110/07/13","台新-屏東",510,88,422
"16032","2363矽統","110/07/13","港商野村",960,1679,-719
"16033","2363矽統","110/07/13","德信-中正",455,67,388
"16034","2363矽統","110/07/13","兆豐-復興",25,705,-680
"16035","2363矽統","110/07/13","日盛-竹北",365,70,295
"16036","2363矽統","110/07/13","統一-仁愛",114,755,-641
"16037","2363矽統","110/07/13","元大-佳里",452,189,263
"16038","2363矽統","110/07/13","統一-敦南",29,638,-609
"16039","2363矽統","110/07/13","國票-博愛",296,38,258
"16040","2363矽統","110/07/13","統一-土城",100,704,-604
"16041","2363矽統","110/07/13","元大-萬華",340,95,245
"16042","2363矽統","110/07/13","統一-城中",116,676,-560
"16043","2363矽統","110/07/13","新光",1259,1031,228
"16044","2363矽統","110/07/13","永豐金證券",306,859,-553
"16045","2363矽統","110/07/13","元富-成功",323,96,227
"16046","2363矽統","110/07/13","元富",54,567,-513
"16047","2363矽統","110/07/13","豐農",228,23,205
"16048","2363矽統","110/07/13","瑞士信貸",202,666,-464
"16049","2363矽統","110/07/13","台灣企銀-岡山",186,4,182
"16050","2363矽統","110/07/13","永豐金-嘉義",67,468,-401
"16051","2363矽統","110/07/13","凱基-南崁",2133,63,2070
"16052","2363矽統","110/07/13","凱基-幸福",36,4048,-4012
"16053","2363矽統","110/07/13","國泰-敦南",2195,1617,578
"16054","2363矽統","110/07/13","統一",192,3325,-3133
"16055","2363矽統","110/07/13","中農",670,139,531
"16056","2363矽統","110/07/13","新加坡商瑞銀",1000,2747,-1747
"16057","2363矽統","110/07/13","康和-台中",638,154,484
"16058","2363矽統","110/07/13","凱基-台北",5359,6609,-1250
"16059","2363矽統","110/07/13","群益金鼎-三民",577,137,440
"16060","2363矽統","110/07/13","摩根大通",1930,2858,-928
"16061","2363矽統","110/07/13","台新-屏東",510,88,422
"16062","2363矽統","110/07/13","港商野村",960,1679,-719
"16063","2363矽統","110/07/13","德信-中正",455,67,388
"16064","2363矽統","110/07/13","兆豐-復興",25,705,-680
"16065","2363矽統","110/07/13","日盛-竹北",365,70,295
"16066","2363矽統","110/07/13","統一-仁愛",114,755,-641
"16067","2363矽統","110/07/13","元大-佳里",452,189,263
"16068","2363矽統","110/07/13","統一-敦南",29,638,-609
"16069","2363矽統","110/07/13","國票-博愛",296,38,258
"16070","2363矽統","110/07/13","統一-土城",100,704,-604
"16071","2363矽統","110/07/13","元大-萬華",340,95,245
"16072","2363矽統","110/07/13","統一-城中",116,676,-560
"16073","2363矽統","110/07/13","新光",1259,1031,228
"16074","2363矽統","110/07/13","永豐金證券",306,859,-553
"16075","2363矽統","110/07/13","元富-成功",323,96,227
"16076","2363矽統","110/07/13","元富",54,567,-513
"16077","2363矽統","110/07/13","豐農",228,23,205
"16078","2363矽統","110/07/13","瑞士信貸",202,666,-464
"16079","2363矽統","110/07/13","台灣企銀-岡山",186,4,182
"16080","2363矽統","110/07/13","永豐金-嘉義",67,468,-401
"16081","1570力肯","110/07/13","新光",115,11,104
"16082","1570力肯","110/07/13","元大-北三重",0,162,-162
"16083","1570力肯","110/07/13","群益金鼎-高雄",54,0,54
"16084","1570力肯","110/07/13","元大-大灣",0,25,-25
"16085","1570力肯","110/07/13","國票-新莊",22,0,22
"16086","1570力肯","110/07/13","永豐金-苓雅",0,22,-22
"16087","1570力肯","110/07/13","日盛-桃園",12,0,12
"16088","1570力肯","110/07/13","永豐金-永康",0,19,-19
"16089","1570力肯","110/07/13","元大-高雄",12,0,12
"16090","1570力肯","110/07/13","富邦-員林",0,15,-15
"16091","1570力肯","110/07/13","合庫-自強",11,0,11
"16092","1570力肯","110/07/13","凱基-台南",0,11,-11
"16093","1570力肯","110/07/13","摩根大通",26,15,11
"16094","1570力肯","110/07/13","日盛-竹北",0,10,-10
"16095","1570力肯","110/07/13","永豐金-中盛",11,0,11
"16096","1570力肯","110/07/13","國票-九鼎",0,10,-10
"16097","1570力肯","110/07/13","兆豐-台中港",10,0,10
"16098","1570力肯","110/07/13","凱基-桃園",0,10,-10
"16099","1570力肯","110/07/13","國泰-松江",9,0,9
"16100","1570力肯","110/07/13","凱基-新豐",0,10,-10
"16101","1570力肯","110/07/13","元大-新盛",9,0,9
"16102","1570力肯","110/07/13","元大-學甲",0,10,-10
"16103","1570力肯","110/07/13","元富-緯城",6,0,6
"16104","1570力肯","110/07/13","群益金鼎-東湖",1,10,-9
"16105","1570力肯","110/07/13","統一-三重",5,0,5
"16106","1570力肯","110/07/13","大昌",0,6,-6
"16107","1570力肯","110/07/13","元大-前金",5,0,5
"16108","1570力肯","110/07/13","元大-土城學府",0,6,-6
"16109","1570力肯","110/07/13","永豐金證券",5,0,5
"16110","1570力肯","110/07/13","統一",0,5,-5
"16111","1570力肯","110/07/13","新光",115,11,104
"16112","1570力肯","110/07/13","元大-北三重",0,162,-162
"16113","1570力肯","110/07/13","群益金鼎-高雄",54,0,54
"16114","1570力肯","110/07/13","元大-大灣",0,25,-25
"16115","1570力肯","110/07/13","國票-新莊",22,0,22
"16116","1570力肯","110/07/13","永豐金-苓雅",0,22,-22
"16117","1570力肯","110/07/13","日盛-桃園",12,0,12
"16118","1570力肯","110/07/13","永豐金-永康",0,19,-19
"16119","1570力肯","110/07/13","元大-高雄",12,0,12
"16120","1570力肯","110/07/13","富邦-員林",0,15,-15
"16121","1570力肯","110/07/13","合庫-自強",11,0,11
"16122","1570力肯","110/07/13","凱基-台南",0,11,-11
"16123","1570力肯","110/07/13","摩根大通",26,15,11
"16124","1570力肯","110/07/13","日盛-竹北",0,10,-10
"16125","1570力肯","110/07/13","永豐金-中盛",11,0,11
"16126","1570力肯","110/07/13","國票-九鼎",0,10,-10
"16127","1570力肯","110/07/13","兆豐-台中港",10,0,10
"16128","1570力肯","110/07/13","凱基-桃園",0,10,-10
"16129","1570力肯","110/07/13","國泰-松江",9,0,9
"16130","1570力肯","110/07/13","凱基-新豐",0,10,-10
"16131","1570力肯","110/07/13","元大-新盛",9,0,9
"16132","1570力肯","110/07/13","元大-學甲",0,10,-10
"16133","1570力肯","110/07/13","元富-緯城",6,0,6
"16134","1570力肯","110/07/13","群益金鼎-東湖",1,10,-9
"16135","1570力肯","110/07/13","統一-三重",5,0,5
"16136","1570力肯","110/07/13","大昌",0,6,-6
"16137","1570力肯","110/07/13","元大-前金",5,0,5
"16138","1570力肯","110/07/13","元大-土城學府",0,6,-6
"16139","1570力肯","110/07/13","永豐金證券",5,0,5
"16140","1570力肯","110/07/13","統一",0,5,-5
"16141","6180橘子","110/07/13","摩根大通",119,0,119
"16142","6180橘子","110/07/13","元大-崇德",2,61,-59
"16143","6180橘子","110/07/13","美商高盛",96,0,96
"16144","6180橘子","110/07/13","康和-台中",0,51,-51
"16145","6180橘子","110/07/13","新加坡商瑞銀",86,7,79
"16146","6180橘子","110/07/13","康和-台北",0,50,-50
"16147","6180橘子","110/07/13","元大-和平",40,0,40
"16148","6180橘子","110/07/13","元富-潮州",0,40,-40
"16149","6180橘子","110/07/13","凱基-台北",83,47,36
"16150","6180橘子","110/07/13","日盛-永康",0,26,-26
"16151","6180橘子","110/07/13","美林",39,5,34
"16152","6180橘子","110/07/13","永豐金-中正",0,24,-24
"16153","6180橘子","110/07/13","富邦-新竹華信",31,2,29
"16154","6180橘子","110/07/13","國泰-板橋",2,25,-23
"16155","6180橘子","110/07/13","統一-南京",21,0,21
"16156","6180橘子","110/07/13","日盛-大墩",0,20,-20
"16157","6180橘子","110/07/13","富邦-陽明",24,3,21
"16158","6180橘子","110/07/13","元大-草屯",13,32,-19
"16159","6180橘子","110/07/13","大昌-樹林",21,1,20
"16160","6180橘子","110/07/13","元富-林園",1,18,-17
"16161","6180橘子","110/07/13","花旗環球",19,0,19
"16162","6180橘子","110/07/13","新光-新竹",1,18,-17
"16163","6180橘子","110/07/13","華南永昌-台南",19,0,19
"16164","6180橘子","110/07/13","元大-土城永寧",0,17,-17
"16165","6180橘子","110/07/13","福勝",14,0,14
"16166","6180橘子","110/07/13","國泰-新莊",3,19,-16
"16167","6180橘子","110/07/13","富邦-嘉義",12,1,11
"16168","6180橘子","110/07/13","中國信託-永康",6,21,-15
"16169","6180橘子","110/07/13","元大-板橋三民",11,0,11
"16170","6180橘子","110/07/13","凱基-東港",1,15,-14
"16171","1570力肯","110/07/13","新光",115,11,104
"16172","1570力肯","110/07/13","元大-北三重",0,162,-162
"16173","1570力肯","110/07/13","群益金鼎-高雄",54,0,54
"16174","1570力肯","110/07/13","元大-大灣",0,25,-25
"16175","1570力肯","110/07/13","國票-新莊",22,0,22
"16176","1570力肯","110/07/13","永豐金-苓雅",0,22,-22
"16177","1570力肯","110/07/13","日盛-桃園",12,0,12
"16178","1570力肯","110/07/13","永豐金-永康",0,19,-19
"16179","1570力肯","110/07/13","元大-高雄",12,0,12
"16180","1570力肯","110/07/13","富邦-員林",0,15,-15
"16181","1570力肯","110/07/13","合庫-自強",11,0,11
"16182","1570力肯","110/07/13","凱基-台南",0,11,-11
"16183","1570力肯","110/07/13","摩根大通",26,15,11
"16184","1570力肯","110/07/13","日盛-竹北",0,10,-10
"16185","1570力肯","110/07/13","永豐金-中盛",11,0,11
"16186","1570力肯","110/07/13","國票-九鼎",0,10,-10
"16187","1570力肯","110/07/13","兆豐-台中港",10,0,10
"16188","1570力肯","110/07/13","凱基-桃園",0,10,-10
"16189","1570力肯","110/07/13","國泰-松江",9,0,9
"16190","1570力肯","110/07/13","凱基-新豐",0,10,-10
"16191","1570力肯","110/07/13","元大-新盛",9,0,9
"16192","1570力肯","110/07/13","元大-學甲",0,10,-10
"16193","1570力肯","110/07/13","元富-緯城",6,0,6
"16194","1570力肯","110/07/13","群益金鼎-東湖",1,10,-9
"16195","1570力肯","110/07/13","統一-三重",5,0,5
"16196","1570力肯","110/07/13","大昌",0,6,-6
"16197","1570力肯","110/07/13","元大-前金",5,0,5
"16198","1570力肯","110/07/13","元大-土城學府",0,6,-6
"16199","1570力肯","110/07/13","永豐金證券",5,0,5
"16200","1570力肯","110/07/13","統一",0,5,-5
"16201","6180橘子","110/07/13","摩根大通",119,0,119
"16202","6180橘子","110/07/13","元大-崇德",2,61,-59
"16203","6180橘子","110/07/13","美商高盛",96,0,96
"16204","6180橘子","110/07/13","康和-台中",0,51,-51
"16205","6180橘子","110/07/13","新加坡商瑞銀",86,7,79
"16206","6180橘子","110/07/13","康和-台北",0,50,-50
"16207","6180橘子","110/07/13","元大-和平",40,0,40
"16208","6180橘子","110/07/13","元富-潮州",0,40,-40
"16209","6180橘子","110/07/13","凱基-台北",83,47,36
"16210","6180橘子","110/07/13","日盛-永康",0,26,-26
"16211","6180橘子","110/07/13","美林",39,5,34
"16212","6180橘子","110/07/13","永豐金-中正",0,24,-24
"16213","6180橘子","110/07/13","富邦-新竹華信",31,2,29
"16214","6180橘子","110/07/13","國泰-板橋",2,25,-23
"16215","6180橘子","110/07/13","統一-南京",21,0,21
"16216","6180橘子","110/07/13","日盛-大墩",0,20,-20
"16217","6180橘子","110/07/13","富邦-陽明",24,3,21
"16218","6180橘子","110/07/13","元大-草屯",13,32,-19
"16219","6180橘子","110/07/13","大昌-樹林",21,1,20
"16220","6180橘子","110/07/13","元富-林園",1,18,-17
"16221","6180橘子","110/07/13","花旗環球",19,0,19
"16222","6180橘子","110/07/13","新光-新竹",1,18,-17
"16223","6180橘子","110/07/13","華南永昌-台南",19,0,19
"16224","6180橘子","110/07/13","元大-土城永寧",0,17,-17
"16225","6180橘子","110/07/13","福勝",14,0,14
"16226","6180橘子","110/07/13","國泰-新莊",3,19,-16
"16227","6180橘子","110/07/13","富邦-嘉義",12,1,11
"16228","6180橘子","110/07/13","中國信託-永康",6,21,-15
"16229","6180橘子","110/07/13","元大-板橋三民",11,0,11
"16230","6180橘子","110/07/13","凱基-東港",1,15,-14
"16231","2390云辰","110/07/13","新加坡商瑞銀",562,75,487
"16232","2390云辰","110/07/13","大展-台南",0,532,-532
"16233","2390云辰","110/07/13","台灣摩根士丹利",330,155,175
"16234","2390云辰","110/07/13","凱基-台北",668,854,-186
"16235","2390云辰","110/07/13","兆豐-公益",126,25,101
"16236","2390云辰","110/07/13","凱基-三重",12,172,-160
"16237","2390云辰","110/07/13","元富-中港",100,2,98
"16238","2390云辰","110/07/13","兆豐-忠孝",4,161,-157
"16239","2390云辰","110/07/13","統一-新台中",106,9,97
"16240","2390云辰","110/07/13","元大-士林",19,170,-151
"16241","2390云辰","110/07/13","中國信託-松江",81,11,70
"16242","2390云辰","110/07/13","臺銀-新竹",14,117,-103
"16243","2390云辰","110/07/13","日盛-板橋",72,3,69
"16244","2390云辰","110/07/13","國票-台中",4,102,-98
"16245","2390云辰","110/07/13","日盛-和美",57,0,57
"16246","2390云辰","110/07/13","新光",147,232,-85
"16247","2390云辰","110/07/13","永豐金-桃園",88,36,52
"16248","2390云辰","110/07/13","致和-崇德",2,70,-68
"16249","2390云辰","110/07/13","玉山-士林",54,4,50
"16250","2390云辰","110/07/13","群益金鼎-屏東",2,70,-68
"16251","2390云辰","110/07/13","富邦-仁愛",56,6,50
"16252","2390云辰","110/07/13","元大-大里",35,98,-63
"16253","2390云辰","110/07/13","第一金-豐原",50,1,49
"16254","2390云辰","110/07/13","元大-萬華",35,94,-59
"16255","2390云辰","110/07/13","摩根大通",502,453,49
"16256","2390云辰","110/07/13","元富-吉利",2,60,-58
"16257","2390云辰","110/07/13","凱基-松山",61,13,48
"16258","2390云辰","110/07/13","兆豐-新竹",3,53,-50
"16259","2390云辰","110/07/13","大昌",64,22,42
"16260","2390云辰","110/07/13","富邦-嘉義",65,108,-43
"16261","2363矽統","110/07/13","凱基-南崁",2133,63,2070
"16262","2363矽統","110/07/13","凱基-幸福",36,4048,-4012
"16263","2363矽統","110/07/13","國泰-敦南",2195,1617,578
"16264","2363矽統","110/07/13","統一",192,3325,-3133
"16265","2363矽統","110/07/13","中農",670,139,531
"16266","2363矽統","110/07/13","新加坡商瑞銀",1000,2747,-1747
"16267","2363矽統","110/07/13","康和-台中",638,154,484
"16268","2363矽統","110/07/13","凱基-台北",5359,6609,-1250
"16269","2363矽統","110/07/13","群益金鼎-三民",577,137,440
"16270","2363矽統","110/07/13","摩根大通",1930,2858,-928
"16271","2363矽統","110/07/13","台新-屏東",510,88,422
"16272","2363矽統","110/07/13","港商野村",960,1679,-719
"16273","2363矽統","110/07/13","德信-中正",455,67,388
"16274","2363矽統","110/07/13","兆豐-復興",25,705,-680
"16275","2363矽統","110/07/13","日盛-竹北",365,70,295
"16276","2363矽統","110/07/13","統一-仁愛",114,755,-641
"16277","2363矽統","110/07/13","元大-佳里",452,189,263
"16278","2363矽統","110/07/13","統一-敦南",29,638,-609
"16279","2363矽統","110/07/13","國票-博愛",296,38,258
"16280","2363矽統","110/07/13","統一-土城",100,704,-604
"16281","2363矽統","110/07/13","元大-萬華",340,95,245
"16282","2363矽統","110/07/13","統一-城中",116,676,-560
"16283","2363矽統","110/07/13","新光",1259,1031,228
"16284","2363矽統","110/07/13","永豐金證券",306,859,-553
"16285","2363矽統","110/07/13","元富-成功",323,96,227
"16286","2363矽統","110/07/13","元富",54,567,-513
"16287","2363矽統","110/07/13","豐農",228,23,205
"16288","2363矽統","110/07/13","瑞士信貸",202,666,-464
"16289","2363矽統","110/07/13","台灣企銀-岡山",186,4,182
"16290","2363矽統","110/07/13","永豐金-嘉義",67,468,-401
"16291","8112至上","110/07/13","摩根大通",688,296,392
"16292","8112至上","110/07/13","國票-中和",0,401,-401
"16293","8112至上","110/07/13","港商野村",344,145,199
"16294","8112至上","110/07/13","永豐金-板盛",0,205,-205
"16295","8112至上","110/07/13","兆豐-公益",195,5,190
"16296","8112至上","110/07/13","凱基-五股",43,155,-112
"16297","8112至上","110/07/13","台灣摩根士丹利",183,0,183
"16298","8112至上","110/07/13","凱基-市政",0,100,-100
"16299","8112至上","110/07/13","群益金鼎-敦南",153,2,151
"16300","8112至上","110/07/13","元大-大里德芳",1,92,-91
"16301","8112至上","110/07/13","臺銀-金山",146,26,120
"16302","8112至上","110/07/13","玉山-桃園",26,110,-84
"16303","8112至上","110/07/13","臺銀",133,19,114
"16304","8112至上","110/07/13","兆豐-天母",0,81,-81
"16305","8112至上","110/07/13","合庫-台中",115,6,109
"16306","8112至上","110/07/13","凱基-城中",3,84,-81
"16307","8112至上","110/07/13","亞東-板橋",134,26,108
"16308","8112至上","110/07/13","日盛-新莊",9,85,-76
"16309","8112至上","110/07/13","凱基-台北",414,326,88
"16310","8112至上","110/07/13","日盛-台中",2,64,-62
"16311","8112至上","110/07/13","新加坡商瑞銀",181,100,81
"16312","8112至上","110/07/13","日盛-中壢",3,64,-61
"16313","8112至上","110/07/13","國泰-敦南",108,31,77
"16314","8112至上","110/07/13","元大-台中",2,59,-57
"16315","8112至上","110/07/13","第一金-華江",77,4,73
"16316","8112至上","110/07/13","元大-雙和",7,64,-57
"16317","8112至上","110/07/13","永豐金-內湖",73,1,72
"16318","8112至上","110/07/13","元大-高雄",8,62,-54
"16319","8112至上","110/07/13","元大-永和",68,1,67
"16320","8112至上","110/07/13","元大-館前",2,55,-53
"16321","2929淘帝","110/07/13","玉山-新竹",130,0,130
"16322","2929淘帝","110/07/13","美商高盛",0,177,-177
"16323","2929淘帝","110/07/13","臺銀-民權",60,0,60
"16324","2929淘帝","110/07/13","凱基-台北",6,80,-74
"16325","2929淘帝","110/07/13","新百王",31,0,31
"16326","2929淘帝","110/07/13","元富-大裕",0,49,-49
"16327","2929淘帝","110/07/13","日盛-園區",30,0,30
"16328","2929淘帝","110/07/13","國泰-館前",3,51,-48
"16329","2929淘帝","110/07/13","元大-南投",31,1,30
"16330","2929淘帝","110/07/13","凱基-中壢",0,41,-41
"16331","2929淘帝","110/07/13","兆豐-忠孝",28,0,28
"16332","2929淘帝","110/07/13","港商野村",21,55,-34
"16333","2929淘帝","110/07/13","元大-民生",28,0,28
"16334","2929淘帝","110/07/13","華南永昌-南京",2,34,-32
"16335","2929淘帝","110/07/13","合庫-高雄",27,0,27
"16336","2929淘帝","110/07/13","群益金鼎-土城",0,30,-30
"16337","2929淘帝","110/07/13","凱基-豐中",27,0,27
"16338","2929淘帝","110/07/13","富邦-南屯",0,22,-22
"16339","2929淘帝","110/07/13","新光",21,4,17
"16340","2929淘帝","110/07/13","第一金-豐原",0,20,-20
"16341","2929淘帝","110/07/13","元大-天母",17,0,17
"16342","2929淘帝","110/07/13","元大-屏南",6,26,-20
"16343","2929淘帝","110/07/13","永興",14,0,14
"16344","2929淘帝","110/07/13","永豐金-敦南",1,21,-20
"16345","2929淘帝","110/07/13","富邦-台北",12,0,12
"16346","2929淘帝","110/07/13","凱基-三重",2,21,-19
"16347","2929淘帝","110/07/13","元大-永和",12,0,12
"16348","2929淘帝","110/07/13","富邦-仁愛",7,25,-18
"16349","2929淘帝","110/07/13","國票-天祥",11,0,11
"16350","2929淘帝","110/07/13","元大-北投",0,16,-16
"16351","2841台開","110/07/13","中國信託-高雄",251,50,201
"16352","2841台開","110/07/13","兆豐-公益",0,177,-177
"16353","2841台開","110/07/13","日盛證券",210,13,197
"16354","2841台開","110/07/13","日進",0,152,-152
"16355","2841台開","110/07/13","第一金-台中",55,0,55
"16356","2841台開","110/07/13","港商野村",0,109,-109
"16357","2841台開","110/07/13","國泰-板橋",46,0,46
"16358","2841台開","110/07/13","日盛-信義",0,103,-103
"16359","2841台開","110/07/13","國泰-館前",48,3,45
"16360","2841台開","110/07/13","國泰-敦南",11,75,-64
"16361","2841台開","110/07/13","華南永昌-新莊",45,0,45
"16362","2841台開","110/07/13","永興",0,50,-50
"16363","2841台開","110/07/13","日盛-園區",42,0,42
"16364","2841台開","110/07/13","永豐金-敦南",61,104,-43
"16365","2841台開","110/07/13","台新證券",32,0,32
"16366","2841台開","110/07/13","富邦-台南",0,42,-42
"16367","2841台開","110/07/13","台新-高雄",32,2,30
"16368","2841台開","110/07/13","國票-安和",0,30,-30
"16369","2841台開","110/07/13","豐農",23,0,23
"16370","2841台開","110/07/13","元大-桃園",0,25,-25
"16371","2841台開","110/07/13","合庫-嘉義",20,0,20
"16372","2841台開","110/07/13","新光",8,32,-24
"16373","2841台開","110/07/13","華南永昌-高雄",20,0,20
"16374","2841台開","110/07/13","元大-仁愛",0,24,-24
"16375","2841台開","110/07/13","元大-樹林",16,0,16
"16376","2841台開","110/07/13","日盛-中和",0,20,-20
"16377","2841台開","110/07/13","第一金-華江",15,2,13
"16378","2841台開","110/07/13","元富",0,20,-20
"16379","2841台開","110/07/13","美商高盛",12,0,12
"16380","2841台開","110/07/13","富邦-宜蘭",0,20,-20
"16381","6207雷科","110/07/13","元大-高雄",121,0,121
"16382","6207雷科","110/07/13","華南永昌-朴子",1,60,-59
"16383","6207雷科","110/07/13","第一金-新興",20,0,20
"16384","6207雷科","110/07/13","元大-南海",0,36,-36
"16385","6207雷科","110/07/13","元富-三重",20,0,20
"16386","6207雷科","110/07/13","凱基-土城",0,35,-35
"16387","6207雷科","110/07/13","元大-林園",15,0,15
"16388","6207雷科","110/07/13","台灣企銀",0,20,-20
"16389","6207雷科","110/07/13","元大-金華",16,1,15
"16390","6207雷科","110/07/13","群益金鼎-丹鳳",0,20,-20
"16391","6207雷科","110/07/13","日盛證券",10,0,10
"16392","6207雷科","110/07/13","元大-博愛",0,17,-17
"16393","6207雷科","110/07/13","統一-台中",10,0,10
"16394","6207雷科","110/07/13","元大-北港",0,13,-13
"16395","6207雷科","110/07/13","群益金鼎-土城",10,0,10
"16396","6207雷科","110/07/13","新加坡商瑞銀",0,12,-12
"16397","6207雷科","110/07/13","群益金鼎-桃園",10,0,10
"16398","6207雷科","110/07/13","凱基-台北",4,16,-12
"16399","6207雷科","110/07/13","永豐金-新莊",10,0,10
"16400","6207雷科","110/07/13","日茂-埔里",0,11,-11
"16401","6207雷科","110/07/13","永豐金-新店",10,0,10
"16402","6207雷科","110/07/13","元大-莒光",0,11,-11
"16403","6207雷科","110/07/13","元大證券",9,0,9
"16404","6207雷科","110/07/13","統一-新竹",0,10,-10
"16405","6207雷科","110/07/13","日盛-木柵",9,1,8
"16406","6207雷科","110/07/13","元大-西螺",0,10,-10
"16407","6207雷科","110/07/13","兆豐-來福",8,0,8
"16408","6207雷科","110/07/13","康和-台中",0,8,-8
"16409","6207雷科","110/07/13","新光",7,0,7
"16410","6207雷科","110/07/13","兆豐-高雄",0,6,-6
"16411","3679新至陞","110/07/13","永豐金證券",50,0,50
"16412","3679新至陞","110/07/13","摩根大通",2,25,-23
"16413","3679新至陞","110/07/13","國泰-桃園",22,0,22
"16414","3679新至陞","110/07/13","元大-成功",0,22,-22
"16415","3679新至陞","110/07/13","台中銀-員林",11,0,11
"16416","3679新至陞","110/07/13","富邦-板橋",1,19,-18
"16417","3679新至陞","110/07/13","元大-文心興安",8,0,8
"16418","3679新至陞","110/07/13","日盛-新莊",0,10,-10
"16419","3679新至陞","110/07/13","美商高盛",6,0,6
"16420","3679新至陞","110/07/13","台新-台中",0,10,-10
"16421","3679新至陞","110/07/13","台新-高雄",6,0,6
"16422","3679新至陞","110/07/13","永豐金-新竹",0,8,-8
"16423","3679新至陞","110/07/13","凱基-台北",18,12,6
"16424","3679新至陞","110/07/13","瑞士信貸",12,19,-7
"16425","3679新至陞","110/07/13","日盛-復興",5,0,5
"16426","3679新至陞","110/07/13","統一-南京",0,7,-7
"16427","3679新至陞","110/07/13","(牛牛牛)亞-鑫豐",4,0,4
"16428","3679新至陞","110/07/13","凱基-新莊",0,7,-7
"16429","3679新至陞","110/07/13","元富-大昌",3,0,3
"16430","3679新至陞","110/07/13","新加坡商瑞銀",0,6,-6
"16431","3679新至陞","110/07/13","富邦-台北",3,0,3
"16432","3679新至陞","110/07/13","合庫-自強",0,5,-5
"16433","3679新至陞","110/07/13","日盛-樹林",2,0,2
"16434","3679新至陞","110/07/13","富邦-桃園",0,5,-5
"16435","3679新至陞","110/07/13","宏遠-光隆",2,0,2
"16436","3679新至陞","110/07/13","永豐金-潮州",0,4,-4
"16437","3679新至陞","110/07/13","美林",3,1,2
"16438","3679新至陞","110/07/13","臺銀-臺南",0,3,-3
"16439","3679新至陞","110/07/13","第一金-中壢",2,0,2
"16440","3679新至陞","110/07/13","元大-六合",0,3,-3
"16441","2727王品","110/07/13","富邦-台北",43,3,40
"16442","2727王品","110/07/13","台灣摩根士丹利",15,97,-82
"16443","2727王品","110/07/13","元大-基隆孝二",40,0,40
"16444","2727王品","110/07/13","玉山-台南",5,57,-52
"16445","2727王品","110/07/13","國票-新莊",40,1,39
"16446","2727王品","110/07/13","新加坡商瑞銀",0,48,-48
"16447","2727王品","110/07/13","第一金-豐原",66,42,24
"16448","2727王品","110/07/13","凱基-台北",41,77,-36
"16449","2727王品","110/07/13","永豐金-大園",34,10,24
"16450","2727王品","110/07/13","永豐金-永康",0,22,-22
"16451","2727王品","110/07/13","元大-北屯",22,0,22
"16452","2727王品","110/07/13","統一-台中",2,22,-20
"16453","2727王品","110/07/13","元大-東蘆",26,7,19
"16454","2727王品","110/07/13","國泰-台中",21,39,-18
"16455","2727王品","110/07/13","永豐金-萬盛",13,1,12
"16456","2727王品","110/07/13","合庫-彰化",3,20,-17
"16457","2727王品","110/07/13","日盛-嘉義",11,0,11
"16458","2727王品","110/07/13","港商野村",13,30,-17
"16459","2727王品","110/07/13","日盛-八德",11,0,11
"16460","2727王品","110/07/13","元大-楊梅",1,16,-15
"16461","2727王品","110/07/13","統一-竹南",11,0,11
"16462","2727王品","110/07/13","凱基-高美館",2,15,-13
"16463","2727王品","110/07/13","日盛-士林",12,2,10
"16464","2727王品","110/07/13","美商高盛",2,14,-12
"16465","2727王品","110/07/13","統一-敦南",10,0,10
"16466","2727王品","110/07/13","統一-平鎮",1,13,-12
"16467","2727王品","110/07/13","中國信託",15,5,10
"16468","2727王品","110/07/13","兆豐-台中港",4,16,-12
"16469","2727王品","110/07/13","兆豐-竹北",13,3,10
"16470","2727王品","110/07/13","凱基-八德",1,13,-12
"16471","1570力肯","110/07/13","新光",115,11,104
"16472","1570力肯","110/07/13","元大-北三重",0,162,-162
"16473","1570力肯","110/07/13","群益金鼎-高雄",54,0,54
"16474","1570力肯","110/07/13","元大-大灣",0,25,-25
"16475","1570力肯","110/07/13","國票-新莊",22,0,22
"16476","1570力肯","110/07/13","永豐金-苓雅",0,22,-22
"16477","1570力肯","110/07/13","日盛-桃園",12,0,12
"16478","1570力肯","110/07/13","永豐金-永康",0,19,-19
"16479","1570力肯","110/07/13","元大-高雄",12,0,12
"16480","1570力肯","110/07/13","富邦-員林",0,15,-15
"16481","1570力肯","110/07/13","合庫-自強",11,0,11
"16482","1570力肯","110/07/13","凱基-台南",0,11,-11
"16483","1570力肯","110/07/13","摩根大通",26,15,11
"16484","1570力肯","110/07/13","日盛-竹北",0,10,-10
"16485","1570力肯","110/07/13","永豐金-中盛",11,0,11
"16486","1570力肯","110/07/13","國票-九鼎",0,10,-10
"16487","1570力肯","110/07/13","兆豐-台中港",10,0,10
"16488","1570力肯","110/07/13","凱基-桃園",0,10,-10
"16489","1570力肯","110/07/13","國泰-松江",9,0,9
"16490","1570力肯","110/07/13","凱基-新豐",0,10,-10
"16491","1570力肯","110/07/13","元大-新盛",9,0,9
"16492","1570力肯","110/07/13","元大-學甲",0,10,-10
"16493","1570力肯","110/07/13","元富-緯城",6,0,6
"16494","1570力肯","110/07/13","群益金鼎-東湖",1,10,-9
"16495","1570力肯","110/07/13","統一-三重",5,0,5
"16496","1570力肯","110/07/13","大昌",0,6,-6
"16497","1570力肯","110/07/13","元大-前金",5,0,5
"16498","1570力肯","110/07/13","元大-土城學府",0,6,-6
"16499","1570力肯","110/07/13","永豐金證券",5,0,5
"16500","1570力肯","110/07/13","統一",0,5,-5
"16501","6180橘子","110/07/13","摩根大通",119,0,119
"16502","6180橘子","110/07/13","元大-崇德",2,61,-59
"16503","6180橘子","110/07/13","美商高盛",96,0,96
"16504","6180橘子","110/07/13","康和-台中",0,51,-51
"16505","6180橘子","110/07/13","新加坡商瑞銀",86,7,79
"16506","6180橘子","110/07/13","康和-台北",0,50,-50
"16507","6180橘子","110/07/13","元大-和平",40,0,40
"16508","6180橘子","110/07/13","元富-潮州",0,40,-40
"16509","6180橘子","110/07/13","凱基-台北",83,47,36
"16510","6180橘子","110/07/13","日盛-永康",0,26,-26
"16511","6180橘子","110/07/13","美林",39,5,34
"16512","6180橘子","110/07/13","永豐金-中正",0,24,-24
"16513","6180橘子","110/07/13","富邦-新竹華信",31,2,29
"16514","6180橘子","110/07/13","國泰-板橋",2,25,-23
"16515","6180橘子","110/07/13","統一-南京",21,0,21
"16516","6180橘子","110/07/13","日盛-大墩",0,20,-20
"16517","6180橘子","110/07/13","富邦-陽明",24,3,21
"16518","6180橘子","110/07/13","元大-草屯",13,32,-19
"16519","6180橘子","110/07/13","大昌-樹林",21,1,20
"16520","6180橘子","110/07/13","元富-林園",1,18,-17
"16521","6180橘子","110/07/13","花旗環球",19,0,19
"16522","6180橘子","110/07/13","新光-新竹",1,18,-17
"16523","6180橘子","110/07/13","華南永昌-台南",19,0,19
"16524","6180橘子","110/07/13","元大-土城永寧",0,17,-17
"16525","6180橘子","110/07/13","福勝",14,0,14
"16526","6180橘子","110/07/13","國泰-新莊",3,19,-16
"16527","6180橘子","110/07/13","富邦-嘉義",12,1,11
"16528","6180橘子","110/07/13","中國信託-永康",6,21,-15
"16529","6180橘子","110/07/13","元大-板橋三民",11,0,11
"16530","6180橘子","110/07/13","凱基-東港",1,15,-14
"16531","2390云辰","110/07/13","新加坡商瑞銀",562,75,487
"16532","2390云辰","110/07/13","大展-台南",0,532,-532
"16533","2390云辰","110/07/13","台灣摩根士丹利",330,155,175
"16534","2390云辰","110/07/13","凱基-台北",668,854,-186
"16535","2390云辰","110/07/13","兆豐-公益",126,25,101
"16536","2390云辰","110/07/13","凱基-三重",12,172,-160
"16537","2390云辰","110/07/13","元富-中港",100,2,98
"16538","2390云辰","110/07/13","兆豐-忠孝",4,161,-157
"16539","2390云辰","110/07/13","統一-新台中",106,9,97
"16540","2390云辰","110/07/13","元大-士林",19,170,-151
"16541","2390云辰","110/07/13","中國信託-松江",81,11,70
"16542","2390云辰","110/07/13","臺銀-新竹",14,117,-103
"16543","2390云辰","110/07/13","日盛-板橋",72,3,69
"16544","2390云辰","110/07/13","國票-台中",4,102,-98
"16545","2390云辰","110/07/13","日盛-和美",57,0,57
"16546","2390云辰","110/07/13","新光",147,232,-85
"16547","2390云辰","110/07/13","永豐金-桃園",88,36,52
"16548","2390云辰","110/07/13","致和-崇德",2,70,-68
"16549","2390云辰","110/07/13","玉山-士林",54,4,50
"16550","2390云辰","110/07/13","群益金鼎-屏東",2,70,-68
"16551","2390云辰","110/07/13","富邦-仁愛",56,6,50
"16552","2390云辰","110/07/13","元大-大里",35,98,-63
"16553","2390云辰","110/07/13","第一金-豐原",50,1,49
"16554","2390云辰","110/07/13","元大-萬華",35,94,-59
"16555","2390云辰","110/07/13","摩根大通",502,453,49
"16556","2390云辰","110/07/13","元富-吉利",2,60,-58
"16557","2390云辰","110/07/13","凱基-松山",61,13,48
"16558","2390云辰","110/07/13","兆豐-新竹",3,53,-50
"16559","2390云辰","110/07/13","大昌",64,22,42
"16560","2390云辰","110/07/13","富邦-嘉義",65,108,-43
"16561","2363矽統","110/07/13","凱基-南崁",2133,63,2070
"16562","2363矽統","110/07/13","凱基-幸福",36,4048,-4012
"16563","2363矽統","110/07/13","國泰-敦南",2195,1617,578
"16564","2363矽統","110/07/13","統一",192,3325,-3133
"16565","2363矽統","110/07/13","中農",670,139,531
"16566","2363矽統","110/07/13","新加坡商瑞銀",1000,2747,-1747
"16567","2363矽統","110/07/13","康和-台中",638,154,484
"16568","2363矽統","110/07/13","凱基-台北",5359,6609,-1250
"16569","2363矽統","110/07/13","群益金鼎-三民",577,137,440
"16570","2363矽統","110/07/13","摩根大通",1930,2858,-928
"16571","2363矽統","110/07/13","台新-屏東",510,88,422
"16572","2363矽統","110/07/13","港商野村",960,1679,-719
"16573","2363矽統","110/07/13","德信-中正",455,67,388
"16574","2363矽統","110/07/13","兆豐-復興",25,705,-680
"16575","2363矽統","110/07/13","日盛-竹北",365,70,295
"16576","2363矽統","110/07/13","統一-仁愛",114,755,-641
"16577","2363矽統","110/07/13","元大-佳里",452,189,263
"16578","2363矽統","110/07/13","統一-敦南",29,638,-609
"16579","2363矽統","110/07/13","國票-博愛",296,38,258
"16580","2363矽統","110/07/13","統一-土城",100,704,-604
"16581","2363矽統","110/07/13","元大-萬華",340,95,245
"16582","2363矽統","110/07/13","統一-城中",116,676,-560
"16583","2363矽統","110/07/13","新光",1259,1031,228
"16584","2363矽統","110/07/13","永豐金證券",306,859,-553
"16585","2363矽統","110/07/13","元富-成功",323,96,227
"16586","2363矽統","110/07/13","元富",54,567,-513
"16587","2363矽統","110/07/13","豐農",228,23,205
"16588","2363矽統","110/07/13","瑞士信貸",202,666,-464
"16589","2363矽統","110/07/13","台灣企銀-岡山",186,4,182
"16590","2363矽統","110/07/13","永豐金-嘉義",67,468,-401
"16591","8112至上","110/07/13","摩根大通",688,296,392
"16592","8112至上","110/07/13","國票-中和",0,401,-401
"16593","8112至上","110/07/13","港商野村",344,145,199
"16594","8112至上","110/07/13","永豐金-板盛",0,205,-205
"16595","8112至上","110/07/13","兆豐-公益",195,5,190
"16596","8112至上","110/07/13","凱基-五股",43,155,-112
"16597","8112至上","110/07/13","台灣摩根士丹利",183,0,183
"16598","8112至上","110/07/13","凱基-市政",0,100,-100
"16599","8112至上","110/07/13","群益金鼎-敦南",153,2,151
"16600","8112至上","110/07/13","元大-大里德芳",1,92,-91
"16601","8112至上","110/07/13","臺銀-金山",146,26,120
"16602","8112至上","110/07/13","玉山-桃園",26,110,-84
"16603","8112至上","110/07/13","臺銀",133,19,114
"16604","8112至上","110/07/13","兆豐-天母",0,81,-81
"16605","8112至上","110/07/13","合庫-台中",115,6,109
"16606","8112至上","110/07/13","凱基-城中",3,84,-81
"16607","8112至上","110/07/13","亞東-板橋",134,26,108
"16608","8112至上","110/07/13","日盛-新莊",9,85,-76
"16609","8112至上","110/07/13","凱基-台北",414,326,88
"16610","8112至上","110/07/13","日盛-台中",2,64,-62
"16611","8112至上","110/07/13","新加坡商瑞銀",181,100,81
"16612","8112至上","110/07/13","日盛-中壢",3,64,-61
"16613","8112至上","110/07/13","國泰-敦南",108,31,77
"16614","8112至上","110/07/13","元大-台中",2,59,-57
"16615","8112至上","110/07/13","第一金-華江",77,4,73
"16616","8112至上","110/07/13","元大-雙和",7,64,-57
"16617","8112至上","110/07/13","永豐金-內湖",73,1,72
"16618","8112至上","110/07/13","元大-高雄",8,62,-54
"16619","8112至上","110/07/13","元大-永和",68,1,67
"16620","8112至上","110/07/13","元大-館前",2,55,-53
"16621","2929淘帝","110/07/13","玉山-新竹",130,0,130
"16622","2929淘帝","110/07/13","美商高盛",0,177,-177
"16623","2929淘帝","110/07/13","臺銀-民權",60,0,60
"16624","2929淘帝","110/07/13","凱基-台北",6,80,-74
"16625","2929淘帝","110/07/13","新百王",31,0,31
"16626","2929淘帝","110/07/13","元富-大裕",0,49,-49
"16627","2929淘帝","110/07/13","日盛-園區",30,0,30
"16628","2929淘帝","110/07/13","國泰-館前",3,51,-48
"16629","2929淘帝","110/07/13","元大-南投",31,1,30
"16630","2929淘帝","110/07/13","凱基-中壢",0,41,-41
"16631","2929淘帝","110/07/13","兆豐-忠孝",28,0,28
"16632","2929淘帝","110/07/13","港商野村",21,55,-34
"16633","2929淘帝","110/07/13","元大-民生",28,0,28
"16634","2929淘帝","110/07/13","華南永昌-南京",2,34,-32
"16635","2929淘帝","110/07/13","合庫-高雄",27,0,27
"16636","2929淘帝","110/07/13","群益金鼎-土城",0,30,-30
"16637","2929淘帝","110/07/13","凱基-豐中",27,0,27
"16638","2929淘帝","110/07/13","富邦-南屯",0,22,-22
"16639","2929淘帝","110/07/13","新光",21,4,17
"16640","2929淘帝","110/07/13","第一金-豐原",0,20,-20
"16641","2929淘帝","110/07/13","元大-天母",17,0,17
"16642","2929淘帝","110/07/13","元大-屏南",6,26,-20
"16643","2929淘帝","110/07/13","永興",14,0,14
"16644","2929淘帝","110/07/13","永豐金-敦南",1,21,-20
"16645","2929淘帝","110/07/13","富邦-台北",12,0,12
"16646","2929淘帝","110/07/13","凱基-三重",2,21,-19
"16647","2929淘帝","110/07/13","元大-永和",12,0,12
"16648","2929淘帝","110/07/13","富邦-仁愛",7,25,-18
"16649","2929淘帝","110/07/13","國票-天祥",11,0,11
"16650","2929淘帝","110/07/13","元大-北投",0,16,-16
"16651","5410國眾","110/07/13","兆豐-城中",274,0,274
"16652","5410國眾","110/07/13","元富-嘉義",0,103,-103
"16653","5410國眾","110/07/13","新光",50,4,46
"16654","5410國眾","110/07/13","凱基-台北",0,50,-50
"16655","5410國眾","110/07/13","國泰-台中",26,0,26
"16656","5410國眾","110/07/13","瑞士信貸",0,31,-31
"16657","5410國眾","110/07/13","新加坡商瑞銀",22,0,22
"16658","5410國眾","110/07/13","台新-新莊",0,27,-27
"16659","5410國眾","110/07/13","光和-嘉義",20,0,20
"16660","5410國眾","110/07/13","元大-汐止",0,20,-20
"16661","5410國眾","110/07/13","凱基-竹北",17,0,17
"16662","5410國眾","110/07/13","亞東-新竹",0,17,-17
"16663","5410國眾","110/07/13","新光-桃園",15,0,15
"16664","5410國眾","110/07/13","元大-南勢角",0,13,-13
"16665","5410國眾","110/07/13","凱基-台東",14,0,14
"16666","5410國眾","110/07/13","台新-台南",0,12,-12
"16667","5410國眾","110/07/13","富邦-竹北",11,0,11
"16668","5410國眾","110/07/13","中國信託",0,11,-11
"16669","5410國眾","110/07/13","元富-同大",10,0,10
"16670","5410國眾","110/07/13","華南永昌",0,11,-11
"16671","5410國眾","110/07/13","國泰-敦南",24,15,9
"16672","5410國眾","110/07/13","臺銀-臺南",0,10,-10
"16673","5410國眾","110/07/13","日盛-內湖",7,0,7
"16674","5410國眾","110/07/13","台灣企銀-民雄",0,10,-10
"16675","5410國眾","110/07/13","台新-左楠",7,0,7
"16676","5410國眾","110/07/13","高橋",0,10,-10
"16677","5410國眾","110/07/13","元大-新盛",18,12,6
"16678","5410國眾","110/07/13","康和-嘉義",0,10,-10
"16679","5410國眾","110/07/13","統一",5,0,5
"16680","5410國眾","110/07/13","凱基-基隆",0,10,-10
"16681","2841台開","110/07/13","中國信託-高雄",251,50,201
"16682","2841台開","110/07/13","兆豐-公益",0,177,-177
"16683","2841台開","110/07/13","日盛證券",210,13,197
"16684","2841台開","110/07/13","日進",0,152,-152
"16685","2841台開","110/07/13","第一金-台中",55,0,55
"16686","2841台開","110/07/13","港商野村",0,109,-109
"16687","2841台開","110/07/13","國泰-板橋",46,0,46
"16688","2841台開","110/07/13","日盛-信義",0,103,-103
"16689","2841台開","110/07/13","國泰-館前",48,3,45
"16690","2841台開","110/07/13","國泰-敦南",11,75,-64
"16691","2841台開","110/07/13","華南永昌-新莊",45,0,45
"16692","2841台開","110/07/13","永興",0,50,-50
"16693","2841台開","110/07/13","日盛-園區",42,0,42
"16694","2841台開","110/07/13","永豐金-敦南",61,104,-43
"16695","2841台開","110/07/13","台新證券",32,0,32
"16696","2841台開","110/07/13","富邦-台南",0,42,-42
"16697","2841台開","110/07/13","台新-高雄",32,2,30
"16698","2841台開","110/07/13","國票-安和",0,30,-30
"16699","2841台開","110/07/13","豐農",23,0,23
"16700","2841台開","110/07/13","元大-桃園",0,25,-25
"16701","2841台開","110/07/13","合庫-嘉義",20,0,20
"16702","2841台開","110/07/13","新光",8,32,-24
"16703","2841台開","110/07/13","華南永昌-高雄",20,0,20
"16704","2841台開","110/07/13","元大-仁愛",0,24,-24
"16705","2841台開","110/07/13","元大-樹林",16,0,16
"16706","2841台開","110/07/13","日盛-中和",0,20,-20
"16707","2841台開","110/07/13","第一金-華江",15,2,13
"16708","2841台開","110/07/13","元富",0,20,-20
"16709","2841台開","110/07/13","美商高盛",12,0,12
"16710","2841台開","110/07/13","富邦-宜蘭",0,20,-20
"16711","6207雷科","110/07/13","元大-高雄",121,0,121
"16712","6207雷科","110/07/13","華南永昌-朴子",1,60,-59
"16713","6207雷科","110/07/13","第一金-新興",20,0,20
"16714","6207雷科","110/07/13","元大-南海",0,36,-36
"16715","6207雷科","110/07/13","元富-三重",20,0,20
"16716","6207雷科","110/07/13","凱基-土城",0,35,-35
"16717","6207雷科","110/07/13","元大-林園",15,0,15
"16718","6207雷科","110/07/13","台灣企銀",0,20,-20
"16719","6207雷科","110/07/13","元大-金華",16,1,15
"16720","6207雷科","110/07/13","群益金鼎-丹鳳",0,20,-20
"16721","6207雷科","110/07/13","日盛證券",10,0,10
"16722","6207雷科","110/07/13","元大-博愛",0,17,-17
"16723","6207雷科","110/07/13","統一-台中",10,0,10
"16724","6207雷科","110/07/13","元大-北港",0,13,-13
"16725","6207雷科","110/07/13","群益金鼎-土城",10,0,10
"16726","6207雷科","110/07/13","新加坡商瑞銀",0,12,-12
"16727","6207雷科","110/07/13","群益金鼎-桃園",10,0,10
"16728","6207雷科","110/07/13","凱基-台北",4,16,-12
"16729","6207雷科","110/07/13","永豐金-新莊",10,0,10
"16730","6207雷科","110/07/13","日茂-埔里",0,11,-11
"16731","6207雷科","110/07/13","永豐金-新店",10,0,10
"16732","6207雷科","110/07/13","元大-莒光",0,11,-11
"16733","6207雷科","110/07/13","元大證券",9,0,9
"16734","6207雷科","110/07/13","統一-新竹",0,10,-10
"16735","6207雷科","110/07/13","日盛-木柵",9,1,8
"16736","6207雷科","110/07/13","元大-西螺",0,10,-10
"16737","6207雷科","110/07/13","兆豐-來福",8,0,8
"16738","6207雷科","110/07/13","康和-台中",0,8,-8
"16739","6207雷科","110/07/13","新光",7,0,7
"16740","6207雷科","110/07/13","兆豐-高雄",0,6,-6
"16741","3679新至陞","110/07/13","永豐金證券",50,0,50
"16742","3679新至陞","110/07/13","摩根大通",2,25,-23
"16743","3679新至陞","110/07/13","國泰-桃園",22,0,22
"16744","3679新至陞","110/07/13","元大-成功",0,22,-22
"16745","3679新至陞","110/07/13","台中銀-員林",11,0,11
"16746","3679新至陞","110/07/13","富邦-板橋",1,19,-18
"16747","3679新至陞","110/07/13","元大-文心興安",8,0,8
"16748","3679新至陞","110/07/13","日盛-新莊",0,10,-10
"16749","3679新至陞","110/07/13","美商高盛",6,0,6
"16750","3679新至陞","110/07/13","台新-台中",0,10,-10
"16751","3679新至陞","110/07/13","台新-高雄",6,0,6
"16752","3679新至陞","110/07/13","永豐金-新竹",0,8,-8
"16753","3679新至陞","110/07/13","凱基-台北",18,12,6
"16754","3679新至陞","110/07/13","瑞士信貸",12,19,-7
"16755","3679新至陞","110/07/13","日盛-復興",5,0,5
"16756","3679新至陞","110/07/13","統一-南京",0,7,-7
"16757","3679新至陞","110/07/13","(牛牛牛)亞-鑫豐",4,0,4
"16758","3679新至陞","110/07/13","凱基-新莊",0,7,-7
"16759","3679新至陞","110/07/13","元富-大昌",3,0,3
"16760","3679新至陞","110/07/13","新加坡商瑞銀",0,6,-6
"16761","3679新至陞","110/07/13","富邦-台北",3,0,3
"16762","3679新至陞","110/07/13","合庫-自強",0,5,-5
"16763","3679新至陞","110/07/13","日盛-樹林",2,0,2
"16764","3679新至陞","110/07/13","富邦-桃園",0,5,-5
"16765","3679新至陞","110/07/13","宏遠-光隆",2,0,2
"16766","3679新至陞","110/07/13","永豐金-潮州",0,4,-4
"16767","3679新至陞","110/07/13","美林",3,1,2
"16768","3679新至陞","110/07/13","臺銀-臺南",0,3,-3
"16769","3679新至陞","110/07/13","第一金-中壢",2,0,2
"16770","3679新至陞","110/07/13","元大-六合",0,3,-3
"16771","2727王品","110/07/13","富邦-台北",43,3,40
"16772","2727王品","110/07/13","台灣摩根士丹利",15,97,-82
"16773","2727王品","110/07/13","元大-基隆孝二",40,0,40
"16774","2727王品","110/07/13","玉山-台南",5,57,-52
"16775","2727王品","110/07/13","國票-新莊",40,1,39
"16776","2727王品","110/07/13","新加坡商瑞銀",0,48,-48
"16777","2727王品","110/07/13","第一金-豐原",66,42,24
"16778","2727王品","110/07/13","凱基-台北",41,77,-36
"16779","2727王品","110/07/13","永豐金-大園",34,10,24
"16780","2727王品","110/07/13","永豐金-永康",0,22,-22
"16781","2727王品","110/07/13","元大-北屯",22,0,22
"16782","2727王品","110/07/13","統一-台中",2,22,-20
"16783","2727王品","110/07/13","元大-東蘆",26,7,19
"16784","2727王品","110/07/13","國泰-台中",21,39,-18
"16785","2727王品","110/07/13","永豐金-萬盛",13,1,12
"16786","2727王品","110/07/13","合庫-彰化",3,20,-17
"16787","2727王品","110/07/13","日盛-嘉義",11,0,11
"16788","2727王品","110/07/13","港商野村",13,30,-17
"16789","2727王品","110/07/13","日盛-八德",11,0,11
"16790","2727王品","110/07/13","元大-楊梅",1,16,-15
"16791","2727王品","110/07/13","統一-竹南",11,0,11
"16792","2727王品","110/07/13","凱基-高美館",2,15,-13
"16793","2727王品","110/07/13","日盛-士林",12,2,10
"16794","2727王品","110/07/13","美商高盛",2,14,-12
"16795","2727王品","110/07/13","統一-敦南",10,0,10
"16796","2727王品","110/07/13","統一-平鎮",1,13,-12
"16797","2727王品","110/07/13","中國信託",15,5,10
"16798","2727王品","110/07/13","兆豐-台中港",4,16,-12
"16799","2727王品","110/07/13","兆豐-竹北",13,3,10
"16800","2727王品","110/07/13","凱基-八德",1,13,-12
"16801","1570力肯","110/07/13","新光",115,11,104
"16802","1570力肯","110/07/13","元大-北三重",0,162,-162
"16803","1570力肯","110/07/13","群益金鼎-高雄",54,0,54
"16804","1570力肯","110/07/13","元大-大灣",0,25,-25
"16805","1570力肯","110/07/13","國票-新莊",22,0,22
"16806","1570力肯","110/07/13","永豐金-苓雅",0,22,-22
"16807","1570力肯","110/07/13","日盛-桃園",12,0,12
"16808","1570力肯","110/07/13","永豐金-永康",0,19,-19
"16809","1570力肯","110/07/13","元大-高雄",12,0,12
"16810","1570力肯","110/07/13","富邦-員林",0,15,-15
"16811","1570力肯","110/07/13","合庫-自強",11,0,11
"16812","1570力肯","110/07/13","凱基-台南",0,11,-11
"16813","1570力肯","110/07/13","摩根大通",26,15,11
"16814","1570力肯","110/07/13","日盛-竹北",0,10,-10
"16815","1570力肯","110/07/13","永豐金-中盛",11,0,11
"16816","1570力肯","110/07/13","國票-九鼎",0,10,-10
"16817","1570力肯","110/07/13","兆豐-台中港",10,0,10
"16818","1570力肯","110/07/13","凱基-桃園",0,10,-10
"16819","1570力肯","110/07/13","國泰-松江",9,0,9
"16820","1570力肯","110/07/13","凱基-新豐",0,10,-10
"16821","1570力肯","110/07/13","元大-新盛",9,0,9
"16822","1570力肯","110/07/13","元大-學甲",0,10,-10
"16823","1570力肯","110/07/13","元富-緯城",6,0,6
"16824","1570力肯","110/07/13","群益金鼎-東湖",1,10,-9
"16825","1570力肯","110/07/13","統一-三重",5,0,5
"16826","1570力肯","110/07/13","大昌",0,6,-6
"16827","1570力肯","110/07/13","元大-前金",5,0,5
"16828","1570力肯","110/07/13","元大-土城學府",0,6,-6
"16829","1570力肯","110/07/13","永豐金證券",5,0,5
"16830","1570力肯","110/07/13","統一",0,5,-5
"16831","6180橘子","110/07/13","摩根大通",119,0,119
"16832","6180橘子","110/07/13","元大-崇德",2,61,-59
"16833","6180橘子","110/07/13","美商高盛",96,0,96
"16834","6180橘子","110/07/13","康和-台中",0,51,-51
"16835","6180橘子","110/07/13","新加坡商瑞銀",86,7,79
"16836","6180橘子","110/07/13","康和-台北",0,50,-50
"16837","6180橘子","110/07/13","元大-和平",40,0,40
"16838","6180橘子","110/07/13","元富-潮州",0,40,-40
"16839","6180橘子","110/07/13","凱基-台北",83,47,36
"16840","6180橘子","110/07/13","日盛-永康",0,26,-26
"16841","6180橘子","110/07/13","美林",39,5,34
"16842","6180橘子","110/07/13","永豐金-中正",0,24,-24
"16843","6180橘子","110/07/13","富邦-新竹華信",31,2,29
"16844","6180橘子","110/07/13","國泰-板橋",2,25,-23
"16845","6180橘子","110/07/13","統一-南京",21,0,21
"16846","6180橘子","110/07/13","日盛-大墩",0,20,-20
"16847","6180橘子","110/07/13","富邦-陽明",24,3,21
"16848","6180橘子","110/07/13","元大-草屯",13,32,-19
"16849","6180橘子","110/07/13","大昌-樹林",21,1,20
"16850","6180橘子","110/07/13","元富-林園",1,18,-17
"16851","6180橘子","110/07/13","花旗環球",19,0,19
"16852","6180橘子","110/07/13","新光-新竹",1,18,-17
"16853","6180橘子","110/07/13","華南永昌-台南",19,0,19
"16854","6180橘子","110/07/13","元大-土城永寧",0,17,-17
"16855","6180橘子","110/07/13","福勝",14,0,14
"16856","6180橘子","110/07/13","國泰-新莊",3,19,-16
"16857","6180橘子","110/07/13","富邦-嘉義",12,1,11
"16858","6180橘子","110/07/13","中國信託-永康",6,21,-15
"16859","6180橘子","110/07/13","元大-板橋三民",11,0,11
"16860","6180橘子","110/07/13","凱基-東港",1,15,-14
"16861","2390云辰","110/07/13","新加坡商瑞銀",562,75,487
"16862","2390云辰","110/07/13","大展-台南",0,532,-532
"16863","2390云辰","110/07/13","台灣摩根士丹利",330,155,175
"16864","2390云辰","110/07/13","凱基-台北",668,854,-186
"16865","2390云辰","110/07/13","兆豐-公益",126,25,101
"16866","2390云辰","110/07/13","凱基-三重",12,172,-160
"16867","2390云辰","110/07/13","元富-中港",100,2,98
"16868","2390云辰","110/07/13","兆豐-忠孝",4,161,-157
"16869","2390云辰","110/07/13","統一-新台中",106,9,97
"16870","2390云辰","110/07/13","元大-士林",19,170,-151
"16871","2390云辰","110/07/13","中國信託-松江",81,11,70
"16872","2390云辰","110/07/13","臺銀-新竹",14,117,-103
"16873","2390云辰","110/07/13","日盛-板橋",72,3,69
"16874","2390云辰","110/07/13","國票-台中",4,102,-98
"16875","2390云辰","110/07/13","日盛-和美",57,0,57
"16876","2390云辰","110/07/13","新光",147,232,-85
"16877","2390云辰","110/07/13","永豐金-桃園",88,36,52
"16878","2390云辰","110/07/13","致和-崇德",2,70,-68
"16879","2390云辰","110/07/13","玉山-士林",54,4,50
"16880","2390云辰","110/07/13","群益金鼎-屏東",2,70,-68
"16881","2390云辰","110/07/13","富邦-仁愛",56,6,50
"16882","2390云辰","110/07/13","元大-大里",35,98,-63
"16883","2390云辰","110/07/13","第一金-豐原",50,1,49
"16884","2390云辰","110/07/13","元大-萬華",35,94,-59
"16885","2390云辰","110/07/13","摩根大通",502,453,49
"16886","2390云辰","110/07/13","元富-吉利",2,60,-58
"16887","2390云辰","110/07/13","凱基-松山",61,13,48
"16888","2390云辰","110/07/13","兆豐-新竹",3,53,-50
"16889","2390云辰","110/07/13","大昌",64,22,42
"16890","2390云辰","110/07/13","富邦-嘉義",65,108,-43
"16891","2363矽統","110/07/13","凱基-南崁",2133,63,2070
"16892","2363矽統","110/07/13","凱基-幸福",36,4048,-4012
"16893","2363矽統","110/07/13","國泰-敦南",2195,1617,578
"16894","2363矽統","110/07/13","統一",192,3325,-3133
"16895","2363矽統","110/07/13","中農",670,139,531
"16896","2363矽統","110/07/13","新加坡商瑞銀",1000,2747,-1747
"16897","2363矽統","110/07/13","康和-台中",638,154,484
"16898","2363矽統","110/07/13","凱基-台北",5359,6609,-1250
"16899","2363矽統","110/07/13","群益金鼎-三民",577,137,440
"16900","2363矽統","110/07/13","摩根大通",1930,2858,-928
"16901","2363矽統","110/07/13","台新-屏東",510,88,422
"16902","2363矽統","110/07/13","港商野村",960,1679,-719
"16903","2363矽統","110/07/13","德信-中正",455,67,388
"16904","2363矽統","110/07/13","兆豐-復興",25,705,-680
"16905","2363矽統","110/07/13","日盛-竹北",365,70,295
"16906","2363矽統","110/07/13","統一-仁愛",114,755,-641
"16907","2363矽統","110/07/13","元大-佳里",452,189,263
"16908","2363矽統","110/07/13","統一-敦南",29,638,-609
"16909","2363矽統","110/07/13","國票-博愛",296,38,258
"16910","2363矽統","110/07/13","統一-土城",100,704,-604
"16911","2363矽統","110/07/13","元大-萬華",340,95,245
"16912","2363矽統","110/07/13","統一-城中",116,676,-560
"16913","2363矽統","110/07/13","新光",1259,1031,228
"16914","2363矽統","110/07/13","永豐金證券",306,859,-553
"16915","2363矽統","110/07/13","元富-成功",323,96,227
"16916","2363矽統","110/07/13","元富",54,567,-513
"16917","2363矽統","110/07/13","豐農",228,23,205
"16918","2363矽統","110/07/13","瑞士信貸",202,666,-464
"16919","2363矽統","110/07/13","台灣企銀-岡山",186,4,182
"16920","2363矽統","110/07/13","永豐金-嘉義",67,468,-401
"16921","8112至上","110/07/13","摩根大通",688,296,392
"16922","8112至上","110/07/13","國票-中和",0,401,-401
"16923","8112至上","110/07/13","港商野村",344,145,199
"16924","8112至上","110/07/13","永豐金-板盛",0,205,-205
"16925","8112至上","110/07/13","兆豐-公益",195,5,190
"16926","8112至上","110/07/13","凱基-五股",43,155,-112
"16927","8112至上","110/07/13","台灣摩根士丹利",183,0,183
"16928","8112至上","110/07/13","凱基-市政",0,100,-100
"16929","8112至上","110/07/13","群益金鼎-敦南",153,2,151
"16930","8112至上","110/07/13","元大-大里德芳",1,92,-91
"16931","8112至上","110/07/13","臺銀-金山",146,26,120
"16932","8112至上","110/07/13","玉山-桃園",26,110,-84
"16933","8112至上","110/07/13","臺銀",133,19,114
"16934","8112至上","110/07/13","兆豐-天母",0,81,-81
"16935","8112至上","110/07/13","合庫-台中",115,6,109
"16936","8112至上","110/07/13","凱基-城中",3,84,-81
"16937","8112至上","110/07/13","亞東-板橋",134,26,108
"16938","8112至上","110/07/13","日盛-新莊",9,85,-76
"16939","8112至上","110/07/13","凱基-台北",414,326,88
"16940","8112至上","110/07/13","日盛-台中",2,64,-62
"16941","8112至上","110/07/13","新加坡商瑞銀",181,100,81
"16942","8112至上","110/07/13","日盛-中壢",3,64,-61
"16943","8112至上","110/07/13","國泰-敦南",108,31,77
"16944","8112至上","110/07/13","元大-台中",2,59,-57
"16945","8112至上","110/07/13","第一金-華江",77,4,73
"16946","8112至上","110/07/13","元大-雙和",7,64,-57
"16947","8112至上","110/07/13","永豐金-內湖",73,1,72
"16948","8112至上","110/07/13","元大-高雄",8,62,-54
"16949","8112至上","110/07/13","元大-永和",68,1,67
"16950","8112至上","110/07/13","元大-館前",2,55,-53
"16951","2929淘帝","110/07/13","玉山-新竹",130,0,130
"16952","2929淘帝","110/07/13","美商高盛",0,177,-177
"16953","2929淘帝","110/07/13","臺銀-民權",60,0,60
"16954","2929淘帝","110/07/13","凱基-台北",6,80,-74
"16955","2929淘帝","110/07/13","新百王",31,0,31
"16956","2929淘帝","110/07/13","元富-大裕",0,49,-49
"16957","2929淘帝","110/07/13","日盛-園區",30,0,30
"16958","2929淘帝","110/07/13","國泰-館前",3,51,-48
"16959","2929淘帝","110/07/13","元大-南投",31,1,30
"16960","2929淘帝","110/07/13","凱基-中壢",0,41,-41
"16961","2929淘帝","110/07/13","兆豐-忠孝",28,0,28
"16962","2929淘帝","110/07/13","港商野村",21,55,-34
"16963","2929淘帝","110/07/13","元大-民生",28,0,28
"16964","2929淘帝","110/07/13","華南永昌-南京",2,34,-32
"16965","2929淘帝","110/07/13","合庫-高雄",27,0,27
"16966","2929淘帝","110/07/13","群益金鼎-土城",0,30,-30
"16967","2929淘帝","110/07/13","凱基-豐中",27,0,27
"16968","2929淘帝","110/07/13","富邦-南屯",0,22,-22
"16969","2929淘帝","110/07/13","新光",21,4,17
"16970","2929淘帝","110/07/13","第一金-豐原",0,20,-20
"16971","2929淘帝","110/07/13","元大-天母",17,0,17
"16972","2929淘帝","110/07/13","元大-屏南",6,26,-20
"16973","2929淘帝","110/07/13","永興",14,0,14
"16974","2929淘帝","110/07/13","永豐金-敦南",1,21,-20
"16975","2929淘帝","110/07/13","富邦-台北",12,0,12
"16976","2929淘帝","110/07/13","凱基-三重",2,21,-19
"16977","2929淘帝","110/07/13","元大-永和",12,0,12
"16978","2929淘帝","110/07/13","富邦-仁愛",7,25,-18
"16979","2929淘帝","110/07/13","國票-天祥",11,0,11
"16980","2929淘帝","110/07/13","元大-北投",0,16,-16
"16981","5410國眾","110/07/13","兆豐-城中",274,0,274
"16982","5410國眾","110/07/13","元富-嘉義",0,103,-103
"16983","5410國眾","110/07/13","新光",50,4,46
"16984","5410國眾","110/07/13","凱基-台北",0,50,-50
"16985","5410國眾","110/07/13","國泰-台中",26,0,26
"16986","5410國眾","110/07/13","瑞士信貸",0,31,-31
"16987","5410國眾","110/07/13","新加坡商瑞銀",22,0,22
"16988","5410國眾","110/07/13","台新-新莊",0,27,-27
"16989","5410國眾","110/07/13","光和-嘉義",20,0,20
"16990","5410國眾","110/07/13","元大-汐止",0,20,-20
"16991","5410國眾","110/07/13","凱基-竹北",17,0,17
"16992","5410國眾","110/07/13","亞東-新竹",0,17,-17
"16993","5410國眾","110/07/13","新光-桃園",15,0,15
"16994","5410國眾","110/07/13","元大-南勢角",0,13,-13
"16995","5410國眾","110/07/13","凱基-台東",14,0,14
"16996","5410國眾","110/07/13","台新-台南",0,12,-12
"16997","5410國眾","110/07/13","富邦-竹北",11,0,11
"16998","5410國眾","110/07/13","中國信託",0,11,-11
"16999","5410國眾","110/07/13","元富-同大",10,0,10
"17000","5410國眾","110/07/13","華南永昌",0,11,-11
"17001","5410國眾","110/07/13","國泰-敦南",24,15,9
"17002","5410國眾","110/07/13","臺銀-臺南",0,10,-10
"17003","5410國眾","110/07/13","日盛-內湖",7,0,7
"17004","5410國眾","110/07/13","台灣企銀-民雄",0,10,-10
"17005","5410國眾","110/07/13","台新-左楠",7,0,7
"17006","5410國眾","110/07/13","高橋",0,10,-10
"17007","5410國眾","110/07/13","元大-新盛",18,12,6
"17008","5410國眾","110/07/13","康和-嘉義",0,10,-10
"17009","5410國眾","110/07/13","統一",5,0,5
"17010","5410國眾","110/07/13","凱基-基隆",0,10,-10
"17011","2841台開","110/07/13","中國信託-高雄",251,50,201
"17012","2841台開","110/07/13","兆豐-公益",0,177,-177
"17013","2841台開","110/07/13","日盛證券",210,13,197
"17014","2841台開","110/07/13","日進",0,152,-152
"17015","2841台開","110/07/13","第一金-台中",55,0,55
"17016","2841台開","110/07/13","港商野村",0,109,-109
"17017","2841台開","110/07/13","國泰-板橋",46,0,46
"17018","2841台開","110/07/13","日盛-信義",0,103,-103
"17019","2841台開","110/07/13","國泰-館前",48,3,45
"17020","2841台開","110/07/13","國泰-敦南",11,75,-64
"17021","2841台開","110/07/13","華南永昌-新莊",45,0,45
"17022","2841台開","110/07/13","永興",0,50,-50
"17023","2841台開","110/07/13","日盛-園區",42,0,42
"17024","2841台開","110/07/13","永豐金-敦南",61,104,-43
"17025","2841台開","110/07/13","台新證券",32,0,32
"17026","2841台開","110/07/13","富邦-台南",0,42,-42
"17027","2841台開","110/07/13","台新-高雄",32,2,30
"17028","2841台開","110/07/13","國票-安和",0,30,-30
"17029","2841台開","110/07/13","豐農",23,0,23
"17030","2841台開","110/07/13","元大-桃園",0,25,-25
"17031","2841台開","110/07/13","合庫-嘉義",20,0,20
"17032","2841台開","110/07/13","新光",8,32,-24
"17033","2841台開","110/07/13","華南永昌-高雄",20,0,20
"17034","2841台開","110/07/13","元大-仁愛",0,24,-24
"17035","2841台開","110/07/13","元大-樹林",16,0,16
"17036","2841台開","110/07/13","日盛-中和",0,20,-20
"17037","2841台開","110/07/13","第一金-華江",15,2,13
"17038","2841台開","110/07/13","元富",0,20,-20
"17039","2841台開","110/07/13","美商高盛",12,0,12
"17040","2841台開","110/07/13","富邦-宜蘭",0,20,-20
"17041","6207雷科","110/07/13","元大-高雄",121,0,121
"17042","6207雷科","110/07/13","華南永昌-朴子",1,60,-59
"17043","6207雷科","110/07/13","第一金-新興",20,0,20
"17044","6207雷科","110/07/13","元大-南海",0,36,-36
"17045","6207雷科","110/07/13","元富-三重",20,0,20
"17046","6207雷科","110/07/13","凱基-土城",0,35,-35
"17047","6207雷科","110/07/13","元大-林園",15,0,15
"17048","6207雷科","110/07/13","台灣企銀",0,20,-20
"17049","6207雷科","110/07/13","元大-金華",16,1,15
"17050","6207雷科","110/07/13","群益金鼎-丹鳳",0,20,-20
"17051","6207雷科","110/07/13","日盛證券",10,0,10
"17052","6207雷科","110/07/13","元大-博愛",0,17,-17
"17053","6207雷科","110/07/13","統一-台中",10,0,10
"17054","6207雷科","110/07/13","元大-北港",0,13,-13
"17055","6207雷科","110/07/13","群益金鼎-土城",10,0,10
"17056","6207雷科","110/07/13","新加坡商瑞銀",0,12,-12
"17057","6207雷科","110/07/13","群益金鼎-桃園",10,0,10
"17058","6207雷科","110/07/13","凱基-台北",4,16,-12
"17059","6207雷科","110/07/13","永豐金-新莊",10,0,10
"17060","6207雷科","110/07/13","日茂-埔里",0,11,-11
"17061","6207雷科","110/07/13","永豐金-新店",10,0,10
"17062","6207雷科","110/07/13","元大-莒光",0,11,-11
"17063","6207雷科","110/07/13","元大證券",9,0,9
"17064","6207雷科","110/07/13","統一-新竹",0,10,-10
"17065","6207雷科","110/07/13","日盛-木柵",9,1,8
"17066","6207雷科","110/07/13","元大-西螺",0,10,-10
"17067","6207雷科","110/07/13","兆豐-來福",8,0,8
"17068","6207雷科","110/07/13","康和-台中",0,8,-8
"17069","6207雷科","110/07/13","新光",7,0,7
"17070","6207雷科","110/07/13","兆豐-高雄",0,6,-6
"17071","3679新至陞","110/07/13","永豐金證券",50,0,50
"17072","3679新至陞","110/07/13","摩根大通",2,25,-23
"17073","3679新至陞","110/07/13","國泰-桃園",22,0,22
"17074","3679新至陞","110/07/13","元大-成功",0,22,-22
"17075","3679新至陞","110/07/13","台中銀-員林",11,0,11
"17076","3679新至陞","110/07/13","富邦-板橋",1,19,-18
"17077","3679新至陞","110/07/13","元大-文心興安",8,0,8
"17078","3679新至陞","110/07/13","日盛-新莊",0,10,-10
"17079","3679新至陞","110/07/13","美商高盛",6,0,6
"17080","3679新至陞","110/07/13","台新-台中",0,10,-10
"17081","3679新至陞","110/07/13","台新-高雄",6,0,6
"17082","3679新至陞","110/07/13","永豐金-新竹",0,8,-8
"17083","3679新至陞","110/07/13","凱基-台北",18,12,6
"17084","3679新至陞","110/07/13","瑞士信貸",12,19,-7
"17085","3679新至陞","110/07/13","日盛-復興",5,0,5
"17086","3679新至陞","110/07/13","統一-南京",0,7,-7
"17087","3679新至陞","110/07/13","(牛牛牛)亞-鑫豐",4,0,4
"17088","3679新至陞","110/07/13","凱基-新莊",0,7,-7
"17089","3679新至陞","110/07/13","元富-大昌",3,0,3
"17090","3679新至陞","110/07/13","新加坡商瑞銀",0,6,-6
"17091","3679新至陞","110/07/13","富邦-台北",3,0,3
"17092","3679新至陞","110/07/13","合庫-自強",0,5,-5
"17093","3679新至陞","110/07/13","日盛-樹林",2,0,2
"17094","3679新至陞","110/07/13","富邦-桃園",0,5,-5
"17095","3679新至陞","110/07/13","宏遠-光隆",2,0,2
"17096","3679新至陞","110/07/13","永豐金-潮州",0,4,-4
"17097","3679新至陞","110/07/13","美林",3,1,2
"17098","3679新至陞","110/07/13","臺銀-臺南",0,3,-3
"17099","3679新至陞","110/07/13","第一金-中壢",2,0,2
"17100","3679新至陞","110/07/13","元大-六合",0,3,-3
"17101","2727王品","110/07/13","富邦-台北",43,3,40
"17102","2727王品","110/07/13","台灣摩根士丹利",15,97,-82
"17103","2727王品","110/07/13","元大-基隆孝二",40,0,40
"17104","2727王品","110/07/13","玉山-台南",5,57,-52
"17105","2727王品","110/07/13","國票-新莊",40,1,39
"17106","2727王品","110/07/13","新加坡商瑞銀",0,48,-48
"17107","2727王品","110/07/13","第一金-豐原",66,42,24
"17108","2727王品","110/07/13","凱基-台北",41,77,-36
"17109","2727王品","110/07/13","永豐金-大園",34,10,24
"17110","2727王品","110/07/13","永豐金-永康",0,22,-22
"17111","2727王品","110/07/13","元大-北屯",22,0,22
"17112","2727王品","110/07/13","統一-台中",2,22,-20
"17113","2727王品","110/07/13","元大-東蘆",26,7,19
"17114","2727王品","110/07/13","國泰-台中",21,39,-18
"17115","2727王品","110/07/13","永豐金-萬盛",13,1,12
"17116","2727王品","110/07/13","合庫-彰化",3,20,-17
"17117","2727王品","110/07/13","日盛-嘉義",11,0,11
"17118","2727王品","110/07/13","港商野村",13,30,-17
"17119","2727王品","110/07/13","日盛-八德",11,0,11
"17120","2727王品","110/07/13","元大-楊梅",1,16,-15
"17121","2727王品","110/07/13","統一-竹南",11,0,11
"17122","2727王品","110/07/13","凱基-高美館",2,15,-13
"17123","2727王品","110/07/13","日盛-士林",12,2,10
"17124","2727王品","110/07/13","美商高盛",2,14,-12
"17125","2727王品","110/07/13","統一-敦南",10,0,10
"17126","2727王品","110/07/13","統一-平鎮",1,13,-12
"17127","2727王品","110/07/13","中國信託",15,5,10
"17128","2727王品","110/07/13","兆豐-台中港",4,16,-12
"17129","2727王品","110/07/13","兆豐-竹北",13,3,10
"17130","2727王品","110/07/13","凱基-八德",1,13,-12
"17131","1570力肯","110/07/13","新光",115,11,104
"17132","1570力肯","110/07/13","元大-北三重",0,162,-162
"17133","1570力肯","110/07/13","群益金鼎-高雄",54,0,54
"17134","1570力肯","110/07/13","元大-大灣",0,25,-25
"17135","1570力肯","110/07/13","國票-新莊",22,0,22
"17136","1570力肯","110/07/13","永豐金-苓雅",0,22,-22
"17137","1570力肯","110/07/13","日盛-桃園",12,0,12
"17138","1570力肯","110/07/13","永豐金-永康",0,19,-19
"17139","1570力肯","110/07/13","元大-高雄",12,0,12
"17140","1570力肯","110/07/13","富邦-員林",0,15,-15
"17141","1570力肯","110/07/13","合庫-自強",11,0,11
"17142","1570力肯","110/07/13","凱基-台南",0,11,-11
"17143","1570力肯","110/07/13","摩根大通",26,15,11
"17144","1570力肯","110/07/13","日盛-竹北",0,10,-10
"17145","1570力肯","110/07/13","永豐金-中盛",11,0,11
"17146","1570力肯","110/07/13","國票-九鼎",0,10,-10
"17147","1570力肯","110/07/13","兆豐-台中港",10,0,10
"17148","1570力肯","110/07/13","凱基-桃園",0,10,-10
"17149","1570力肯","110/07/13","國泰-松江",9,0,9
"17150","1570力肯","110/07/13","凱基-新豐",0,10,-10
"17151","1570力肯","110/07/13","元大-新盛",9,0,9
"17152","1570力肯","110/07/13","元大-學甲",0,10,-10
"17153","1570力肯","110/07/13","元富-緯城",6,0,6
"17154","1570力肯","110/07/13","群益金鼎-東湖",1,10,-9
"17155","1570力肯","110/07/13","統一-三重",5,0,5
"17156","1570力肯","110/07/13","大昌",0,6,-6
"17157","1570力肯","110/07/13","元大-前金",5,0,5
"17158","1570力肯","110/07/13","元大-土城學府",0,6,-6
"17159","1570力肯","110/07/13","永豐金證券",5,0,5
"17160","1570力肯","110/07/13","統一",0,5,-5
"17161","6180橘子","110/07/13","摩根大通",119,0,119
"17162","6180橘子","110/07/13","元大-崇德",2,61,-59
"17163","6180橘子","110/07/13","美商高盛",96,0,96
"17164","6180橘子","110/07/13","康和-台中",0,51,-51
"17165","6180橘子","110/07/13","新加坡商瑞銀",86,7,79
"17166","6180橘子","110/07/13","康和-台北",0,50,-50
"17167","6180橘子","110/07/13","元大-和平",40,0,40
"17168","6180橘子","110/07/13","元富-潮州",0,40,-40
"17169","6180橘子","110/07/13","凱基-台北",83,47,36
"17170","6180橘子","110/07/13","日盛-永康",0,26,-26
"17171","6180橘子","110/07/13","美林",39,5,34
"17172","6180橘子","110/07/13","永豐金-中正",0,24,-24
"17173","6180橘子","110/07/13","富邦-新竹華信",31,2,29
"17174","6180橘子","110/07/13","國泰-板橋",2,25,-23
"17175","6180橘子","110/07/13","統一-南京",21,0,21
"17176","6180橘子","110/07/13","日盛-大墩",0,20,-20
"17177","6180橘子","110/07/13","富邦-陽明",24,3,21
"17178","6180橘子","110/07/13","元大-草屯",13,32,-19
"17179","6180橘子","110/07/13","大昌-樹林",21,1,20
"17180","6180橘子","110/07/13","元富-林園",1,18,-17
"17181","6180橘子","110/07/13","花旗環球",19,0,19
"17182","6180橘子","110/07/13","新光-新竹",1,18,-17
"17183","6180橘子","110/07/13","華南永昌-台南",19,0,19
"17184","6180橘子","110/07/13","元大-土城永寧",0,17,-17
"17185","6180橘子","110/07/13","福勝",14,0,14
"17186","6180橘子","110/07/13","國泰-新莊",3,19,-16
"17187","6180橘子","110/07/13","富邦-嘉義",12,1,11
"17188","6180橘子","110/07/13","中國信託-永康",6,21,-15
"17189","6180橘子","110/07/13","元大-板橋三民",11,0,11
"17190","6180橘子","110/07/13","凱基-東港",1,15,-14
"17191","2390云辰","110/07/13","新加坡商瑞銀",562,75,487
"17192","2390云辰","110/07/13","大展-台南",0,532,-532
"17193","2390云辰","110/07/13","台灣摩根士丹利",330,155,175
"17194","2390云辰","110/07/13","凱基-台北",668,854,-186
"17195","2390云辰","110/07/13","兆豐-公益",126,25,101
"17196","2390云辰","110/07/13","凱基-三重",12,172,-160
"17197","2390云辰","110/07/13","元富-中港",100,2,98
"17198","2390云辰","110/07/13","兆豐-忠孝",4,161,-157
"17199","2390云辰","110/07/13","統一-新台中",106,9,97
"17200","2390云辰","110/07/13","元大-士林",19,170,-151
"17201","2390云辰","110/07/13","中國信託-松江",81,11,70
"17202","2390云辰","110/07/13","臺銀-新竹",14,117,-103
"17203","2390云辰","110/07/13","日盛-板橋",72,3,69
"17204","2390云辰","110/07/13","國票-台中",4,102,-98
"17205","2390云辰","110/07/13","日盛-和美",57,0,57
"17206","2390云辰","110/07/13","新光",147,232,-85
"17207","2390云辰","110/07/13","永豐金-桃園",88,36,52
"17208","2390云辰","110/07/13","致和-崇德",2,70,-68
"17209","2390云辰","110/07/13","玉山-士林",54,4,50
"17210","2390云辰","110/07/13","群益金鼎-屏東",2,70,-68
"17211","2390云辰","110/07/13","富邦-仁愛",56,6,50
"17212","2390云辰","110/07/13","元大-大里",35,98,-63
"17213","2390云辰","110/07/13","第一金-豐原",50,1,49
"17214","2390云辰","110/07/13","元大-萬華",35,94,-59
"17215","2390云辰","110/07/13","摩根大通",502,453,49
"17216","2390云辰","110/07/13","元富-吉利",2,60,-58
"17217","2390云辰","110/07/13","凱基-松山",61,13,48
"17218","2390云辰","110/07/13","兆豐-新竹",3,53,-50
"17219","2390云辰","110/07/13","大昌",64,22,42
"17220","2390云辰","110/07/13","富邦-嘉義",65,108,-43
"17221","2363矽統","110/07/13","凱基-南崁",2133,63,2070
"17222","2363矽統","110/07/13","凱基-幸福",36,4048,-4012
"17223","2363矽統","110/07/13","國泰-敦南",2195,1617,578
"17224","2363矽統","110/07/13","統一",192,3325,-3133
"17225","2363矽統","110/07/13","中農",670,139,531
"17226","2363矽統","110/07/13","新加坡商瑞銀",1000,2747,-1747
"17227","2363矽統","110/07/13","康和-台中",638,154,484
"17228","2363矽統","110/07/13","凱基-台北",5359,6609,-1250
"17229","2363矽統","110/07/13","群益金鼎-三民",577,137,440
"17230","2363矽統","110/07/13","摩根大通",1930,2858,-928
"17231","2363矽統","110/07/13","台新-屏東",510,88,422
"17232","2363矽統","110/07/13","港商野村",960,1679,-719
"17233","2363矽統","110/07/13","德信-中正",455,67,388
"17234","2363矽統","110/07/13","兆豐-復興",25,705,-680
"17235","2363矽統","110/07/13","日盛-竹北",365,70,295
"17236","2363矽統","110/07/13","統一-仁愛",114,755,-641
"17237","2363矽統","110/07/13","元大-佳里",452,189,263
"17238","2363矽統","110/07/13","統一-敦南",29,638,-609
"17239","2363矽統","110/07/13","國票-博愛",296,38,258
"17240","2363矽統","110/07/13","統一-土城",100,704,-604
"17241","2363矽統","110/07/13","元大-萬華",340,95,245
"17242","2363矽統","110/07/13","統一-城中",116,676,-560
"17243","2363矽統","110/07/13","新光",1259,1031,228
"17244","2363矽統","110/07/13","永豐金證券",306,859,-553
"17245","2363矽統","110/07/13","元富-成功",323,96,227
"17246","2363矽統","110/07/13","元富",54,567,-513
"17247","2363矽統","110/07/13","豐農",228,23,205
"17248","2363矽統","110/07/13","瑞士信貸",202,666,-464
"17249","2363矽統","110/07/13","台灣企銀-岡山",186,4,182
"17250","2363矽統","110/07/13","永豐金-嘉義",67,468,-401
"17251","8112至上","110/07/13","摩根大通",688,296,392
"17252","8112至上","110/07/13","國票-中和",0,401,-401
"17253","8112至上","110/07/13","港商野村",344,145,199
"17254","8112至上","110/07/13","永豐金-板盛",0,205,-205
"17255","8112至上","110/07/13","兆豐-公益",195,5,190
"17256","8112至上","110/07/13","凱基-五股",43,155,-112
"17257","8112至上","110/07/13","台灣摩根士丹利",183,0,183
"17258","8112至上","110/07/13","凱基-市政",0,100,-100
"17259","8112至上","110/07/13","群益金鼎-敦南",153,2,151
"17260","8112至上","110/07/13","元大-大里德芳",1,92,-91
"17261","8112至上","110/07/13","臺銀-金山",146,26,120
"17262","8112至上","110/07/13","玉山-桃園",26,110,-84
"17263","8112至上","110/07/13","臺銀",133,19,114
"17264","8112至上","110/07/13","兆豐-天母",0,81,-81
"17265","8112至上","110/07/13","合庫-台中",115,6,109
"17266","8112至上","110/07/13","凱基-城中",3,84,-81
"17267","8112至上","110/07/13","亞東-板橋",134,26,108
"17268","8112至上","110/07/13","日盛-新莊",9,85,-76
"17269","8112至上","110/07/13","凱基-台北",414,326,88
"17270","8112至上","110/07/13","日盛-台中",2,64,-62
"17271","8112至上","110/07/13","新加坡商瑞銀",181,100,81
"17272","8112至上","110/07/13","日盛-中壢",3,64,-61
"17273","8112至上","110/07/13","國泰-敦南",108,31,77
"17274","8112至上","110/07/13","元大-台中",2,59,-57
"17275","8112至上","110/07/13","第一金-華江",77,4,73
"17276","8112至上","110/07/13","元大-雙和",7,64,-57
"17277","8112至上","110/07/13","永豐金-內湖",73,1,72
"17278","8112至上","110/07/13","元大-高雄",8,62,-54
"17279","8112至上","110/07/13","元大-永和",68,1,67
"17280","8112至上","110/07/13","元大-館前",2,55,-53
"17281","4903聯光通","110/07/13","台灣企銀-太平",56,0,56
"17282","4903聯光通","110/07/13","土銀",0,32,-32
"17283","4903聯光通","110/07/13","元富-新興",23,0,23
"17284","4903聯光通","110/07/13","元大-樹林",0,19,-19
"17285","4903聯光通","110/07/13","日盛-樹林",22,0,22
"17286","4903聯光通","110/07/13","凱基-士林",0,17,-17
"17287","4903聯光通","110/07/13","兆豐-天母",20,0,20
"17288","4903聯光通","110/07/13","國票-博愛",0,14,-14
"17289","4903聯光通","110/07/13","華南永昌-桃園",20,0,20
"17290","4903聯光通","110/07/13","元富",0,10,-10
"17291","4903聯光通","110/07/13","富邦-新店",10,0,10
"17292","4903聯光通","110/07/13","新光",0,10,-10
"17293","4903聯光通","110/07/13","新光-台中",5,0,5
"17294","4903聯光通","110/07/13","玉山-南京東路",0,10,-10
"17295","4903聯光通","110/07/13","華南永昌-台中",5,0,5
"17296","4903聯光通","110/07/13","富邦-陽明",0,10,-10
"17297","4903聯光通","110/07/13","元大-崇德",5,0,5
"17298","4903聯光通","110/07/13","元大-大甲",0,8,-8
"17299","4903聯光通","110/07/13","元大-草屯",5,0,5
"17300","4903聯光通","110/07/13","富邦-台中",0,7,-7
"17301","4903聯光通","110/07/13","元富-草屯",4,0,4
"17302","4903聯光通","110/07/13","凱基-中壢",0,6,-6
"17303","4903聯光通","110/07/13","元大-清水",4,0,4
"17304","4903聯光通","110/07/13","臺銀-民權",0,5,-5
"17305","4903聯光通","110/07/13","元大-東泰",4,0,4
"17306","4903聯光通","110/07/13","日盛-板橋",0,5,-5
"17307","4903聯光通","110/07/13","元大-佳里",2,0,2
"17308","4903聯光通","110/07/13","中國信託-忠孝",0,5,-5
"17309","4903聯光通","110/07/13","永豐金-板橋",2,0,2
"17310","4903聯光通","110/07/13","永豐金-鳳山",0,5,-5
"17311","2929淘帝","110/07/13","玉山-新竹",130,0,130
"17312","2929淘帝","110/07/13","美商高盛",0,177,-177
"17313","2929淘帝","110/07/13","臺銀-民權",60,0,60
"17314","2929淘帝","110/07/13","凱基-台北",6,80,-74
"17315","2929淘帝","110/07/13","新百王",31,0,31
"17316","2929淘帝","110/07/13","元富-大裕",0,49,-49
"17317","2929淘帝","110/07/13","日盛-園區",30,0,30
"17318","2929淘帝","110/07/13","國泰-館前",3,51,-48
"17319","2929淘帝","110/07/13","元大-南投",31,1,30
"17320","2929淘帝","110/07/13","凱基-中壢",0,41,-41
"17321","2929淘帝","110/07/13","兆豐-忠孝",28,0,28
"17322","2929淘帝","110/07/13","港商野村",21,55,-34
"17323","2929淘帝","110/07/13","元大-民生",28,0,28
"17324","2929淘帝","110/07/13","華南永昌-南京",2,34,-32
"17325","2929淘帝","110/07/13","合庫-高雄",27,0,27
"17326","2929淘帝","110/07/13","群益金鼎-土城",0,30,-30
"17327","2929淘帝","110/07/13","凱基-豐中",27,0,27
"17328","2929淘帝","110/07/13","富邦-南屯",0,22,-22
"17329","2929淘帝","110/07/13","新光",21,4,17
"17330","2929淘帝","110/07/13","第一金-豐原",0,20,-20
"17331","2929淘帝","110/07/13","元大-天母",17,0,17
"17332","2929淘帝","110/07/13","元大-屏南",6,26,-20
"17333","2929淘帝","110/07/13","永興",14,0,14
"17334","2929淘帝","110/07/13","永豐金-敦南",1,21,-20
"17335","2929淘帝","110/07/13","富邦-台北",12,0,12
"17336","2929淘帝","110/07/13","凱基-三重",2,21,-19
"17337","2929淘帝","110/07/13","元大-永和",12,0,12
"17338","2929淘帝","110/07/13","富邦-仁愛",7,25,-18
"17339","2929淘帝","110/07/13","國票-天祥",11,0,11
"17340","2929淘帝","110/07/13","元大-北投",0,16,-16
"17341","5410國眾","110/07/13","兆豐-城中",274,0,274
"17342","5410國眾","110/07/13","元富-嘉義",0,103,-103
"17343","5410國眾","110/07/13","新光",50,4,46
"17344","5410國眾","110/07/13","凱基-台北",0,50,-50
"17345","5410國眾","110/07/13","國泰-台中",26,0,26
"17346","5410國眾","110/07/13","瑞士信貸",0,31,-31
"17347","5410國眾","110/07/13","新加坡商瑞銀",22,0,22
"17348","5410國眾","110/07/13","台新-新莊",0,27,-27
"17349","5410國眾","110/07/13","光和-嘉義",20,0,20
"17350","5410國眾","110/07/13","元大-汐止",0,20,-20
"17351","5410國眾","110/07/13","凱基-竹北",17,0,17
"17352","5410國眾","110/07/13","亞東-新竹",0,17,-17
"17353","5410國眾","110/07/13","新光-桃園",15,0,15
"17354","5410國眾","110/07/13","元大-南勢角",0,13,-13
"17355","5410國眾","110/07/13","凱基-台東",14,0,14
"17356","5410國眾","110/07/13","台新-台南",0,12,-12
"17357","5410國眾","110/07/13","富邦-竹北",11,0,11
"17358","5410國眾","110/07/13","中國信託",0,11,-11
"17359","5410國眾","110/07/13","元富-同大",10,0,10
"17360","5410國眾","110/07/13","華南永昌",0,11,-11
"17361","5410國眾","110/07/13","國泰-敦南",24,15,9
"17362","5410國眾","110/07/13","臺銀-臺南",0,10,-10
"17363","5410國眾","110/07/13","日盛-內湖",7,0,7
"17364","5410國眾","110/07/13","台灣企銀-民雄",0,10,-10
"17365","5410國眾","110/07/13","台新-左楠",7,0,7
"17366","5410國眾","110/07/13","高橋",0,10,-10
"17367","5410國眾","110/07/13","元大-新盛",18,12,6
"17368","5410國眾","110/07/13","康和-嘉義",0,10,-10
"17369","5410國眾","110/07/13","統一",5,0,5
"17370","5410國眾","110/07/13","凱基-基隆",0,10,-10
"17371","2841台開","110/07/13","中國信託-高雄",251,50,201
"17372","2841台開","110/07/13","兆豐-公益",0,177,-177
"17373","2841台開","110/07/13","日盛證券",210,13,197
"17374","2841台開","110/07/13","日進",0,152,-152
"17375","2841台開","110/07/13","第一金-台中",55,0,55
"17376","2841台開","110/07/13","港商野村",0,109,-109
"17377","2841台開","110/07/13","國泰-板橋",46,0,46
"17378","2841台開","110/07/13","日盛-信義",0,103,-103
"17379","2841台開","110/07/13","國泰-館前",48,3,45
"17380","2841台開","110/07/13","國泰-敦南",11,75,-64
"17381","2841台開","110/07/13","華南永昌-新莊",45,0,45
"17382","2841台開","110/07/13","永興",0,50,-50
"17383","2841台開","110/07/13","日盛-園區",42,0,42
"17384","2841台開","110/07/13","永豐金-敦南",61,104,-43
"17385","2841台開","110/07/13","台新證券",32,0,32
"17386","2841台開","110/07/13","富邦-台南",0,42,-42
"17387","2841台開","110/07/13","台新-高雄",32,2,30
"17388","2841台開","110/07/13","國票-安和",0,30,-30
"17389","2841台開","110/07/13","豐農",23,0,23
"17390","2841台開","110/07/13","元大-桃園",0,25,-25
"17391","2841台開","110/07/13","合庫-嘉義",20,0,20
"17392","2841台開","110/07/13","新光",8,32,-24
"17393","2841台開","110/07/13","華南永昌-高雄",20,0,20
"17394","2841台開","110/07/13","元大-仁愛",0,24,-24
"17395","2841台開","110/07/13","元大-樹林",16,0,16
"17396","2841台開","110/07/13","日盛-中和",0,20,-20
"17397","2841台開","110/07/13","第一金-華江",15,2,13
"17398","2841台開","110/07/13","元富",0,20,-20
"17399","2841台開","110/07/13","美商高盛",12,0,12
"17400","2841台開","110/07/13","富邦-宜蘭",0,20,-20
"17401","6207雷科","110/07/13","元大-高雄",121,0,121
"17402","6207雷科","110/07/13","華南永昌-朴子",1,60,-59
"17403","6207雷科","110/07/13","第一金-新興",20,0,20
"17404","6207雷科","110/07/13","元大-南海",0,36,-36
"17405","6207雷科","110/07/13","元富-三重",20,0,20
"17406","6207雷科","110/07/13","凱基-土城",0,35,-35
"17407","6207雷科","110/07/13","元大-林園",15,0,15
"17408","6207雷科","110/07/13","台灣企銀",0,20,-20
"17409","6207雷科","110/07/13","元大-金華",16,1,15
"17410","6207雷科","110/07/13","群益金鼎-丹鳳",0,20,-20
"17411","6207雷科","110/07/13","日盛證券",10,0,10
"17412","6207雷科","110/07/13","元大-博愛",0,17,-17
"17413","6207雷科","110/07/13","統一-台中",10,0,10
"17414","6207雷科","110/07/13","元大-北港",0,13,-13
"17415","6207雷科","110/07/13","群益金鼎-土城",10,0,10
"17416","6207雷科","110/07/13","新加坡商瑞銀",0,12,-12
"17417","6207雷科","110/07/13","群益金鼎-桃園",10,0,10
"17418","6207雷科","110/07/13","凱基-台北",4,16,-12
"17419","6207雷科","110/07/13","永豐金-新莊",10,0,10
"17420","6207雷科","110/07/13","日茂-埔里",0,11,-11
"17421","6207雷科","110/07/13","永豐金-新店",10,0,10
"17422","6207雷科","110/07/13","元大-莒光",0,11,-11
"17423","6207雷科","110/07/13","元大證券",9,0,9
"17424","6207雷科","110/07/13","統一-新竹",0,10,-10
"17425","6207雷科","110/07/13","日盛-木柵",9,1,8
"17426","6207雷科","110/07/13","元大-西螺",0,10,-10
"17427","6207雷科","110/07/13","兆豐-來福",8,0,8
"17428","6207雷科","110/07/13","康和-台中",0,8,-8
"17429","6207雷科","110/07/13","新光",7,0,7
"17430","6207雷科","110/07/13","兆豐-高雄",0,6,-6
"17431","3679新至陞","110/07/13","永豐金證券",50,0,50
"17432","3679新至陞","110/07/13","摩根大通",2,25,-23
"17433","3679新至陞","110/07/13","國泰-桃園",22,0,22
"17434","3679新至陞","110/07/13","元大-成功",0,22,-22
"17435","3679新至陞","110/07/13","台中銀-員林",11,0,11
"17436","3679新至陞","110/07/13","富邦-板橋",1,19,-18
"17437","3679新至陞","110/07/13","元大-文心興安",8,0,8
"17438","3679新至陞","110/07/13","日盛-新莊",0,10,-10
"17439","3679新至陞","110/07/13","美商高盛",6,0,6
"17440","3679新至陞","110/07/13","台新-台中",0,10,-10
"17441","3679新至陞","110/07/13","台新-高雄",6,0,6
"17442","3679新至陞","110/07/13","永豐金-新竹",0,8,-8
"17443","3679新至陞","110/07/13","凱基-台北",18,12,6
"17444","3679新至陞","110/07/13","瑞士信貸",12,19,-7
"17445","3679新至陞","110/07/13","日盛-復興",5,0,5
"17446","3679新至陞","110/07/13","統一-南京",0,7,-7
"17447","3679新至陞","110/07/13","(牛牛牛)亞-鑫豐",4,0,4
"17448","3679新至陞","110/07/13","凱基-新莊",0,7,-7
"17449","3679新至陞","110/07/13","元富-大昌",3,0,3
"17450","3679新至陞","110/07/13","新加坡商瑞銀",0,6,-6
"17451","3679新至陞","110/07/13","富邦-台北",3,0,3
"17452","3679新至陞","110/07/13","合庫-自強",0,5,-5
"17453","3679新至陞","110/07/13","日盛-樹林",2,0,2
"17454","3679新至陞","110/07/13","富邦-桃園",0,5,-5
"17455","3679新至陞","110/07/13","宏遠-光隆",2,0,2
"17456","3679新至陞","110/07/13","永豐金-潮州",0,4,-4
"17457","3679新至陞","110/07/13","美林",3,1,2
"17458","3679新至陞","110/07/13","臺銀-臺南",0,3,-3
"17459","3679新至陞","110/07/13","第一金-中壢",2,0,2
"17460","3679新至陞","110/07/13","元大-六合",0,3,-3
"17461","2727王品","110/07/13","富邦-台北",43,3,40
"17462","2727王品","110/07/13","台灣摩根士丹利",15,97,-82
"17463","2727王品","110/07/13","元大-基隆孝二",40,0,40
"17464","2727王品","110/07/13","玉山-台南",5,57,-52
"17465","2727王品","110/07/13","國票-新莊",40,1,39
"17466","2727王品","110/07/13","新加坡商瑞銀",0,48,-48
"17467","2727王品","110/07/13","第一金-豐原",66,42,24
"17468","2727王品","110/07/13","凱基-台北",41,77,-36
"17469","2727王品","110/07/13","永豐金-大園",34,10,24
"17470","2727王品","110/07/13","永豐金-永康",0,22,-22
"17471","2727王品","110/07/13","元大-北屯",22,0,22
"17472","2727王品","110/07/13","統一-台中",2,22,-20
"17473","2727王品","110/07/13","元大-東蘆",26,7,19
"17474","2727王品","110/07/13","國泰-台中",21,39,-18
"17475","2727王品","110/07/13","永豐金-萬盛",13,1,12
"17476","2727王品","110/07/13","合庫-彰化",3,20,-17
"17477","2727王品","110/07/13","日盛-嘉義",11,0,11
"17478","2727王品","110/07/13","港商野村",13,30,-17
"17479","2727王品","110/07/13","日盛-八德",11,0,11
"17480","2727王品","110/07/13","元大-楊梅",1,16,-15
"17481","2727王品","110/07/13","統一-竹南",11,0,11
"17482","2727王品","110/07/13","凱基-高美館",2,15,-13
"17483","2727王品","110/07/13","日盛-士林",12,2,10
"17484","2727王品","110/07/13","美商高盛",2,14,-12
"17485","2727王品","110/07/13","統一-敦南",10,0,10
"17486","2727王品","110/07/13","統一-平鎮",1,13,-12
"17487","2727王品","110/07/13","中國信託",15,5,10
"17488","2727王品","110/07/13","兆豐-台中港",4,16,-12
"17489","2727王品","110/07/13","兆豐-竹北",13,3,10
"17490","2727王品","110/07/13","凱基-八德",1,13,-12
"17491","1570力肯","110/07/13","新光",115,11,104
"17492","1570力肯","110/07/13","元大-北三重",0,162,-162
"17493","1570力肯","110/07/13","群益金鼎-高雄",54,0,54
"17494","1570力肯","110/07/13","元大-大灣",0,25,-25
"17495","1570力肯","110/07/13","國票-新莊",22,0,22
"17496","1570力肯","110/07/13","永豐金-苓雅",0,22,-22
"17497","1570力肯","110/07/13","日盛-桃園",12,0,12
"17498","1570力肯","110/07/13","永豐金-永康",0,19,-19
"17499","1570力肯","110/07/13","元大-高雄",12,0,12
"17500","1570力肯","110/07/13","富邦-員林",0,15,-15
"17501","1570力肯","110/07/13","合庫-自強",11,0,11
"17502","1570力肯","110/07/13","凱基-台南",0,11,-11
"17503","1570力肯","110/07/13","摩根大通",26,15,11
"17504","1570力肯","110/07/13","日盛-竹北",0,10,-10
"17505","1570力肯","110/07/13","永豐金-中盛",11,0,11
"17506","1570力肯","110/07/13","國票-九鼎",0,10,-10
"17507","1570力肯","110/07/13","兆豐-台中港",10,0,10
"17508","1570力肯","110/07/13","凱基-桃園",0,10,-10
"17509","1570力肯","110/07/13","國泰-松江",9,0,9
"17510","1570力肯","110/07/13","凱基-新豐",0,10,-10
"17511","1570力肯","110/07/13","元大-新盛",9,0,9
"17512","1570力肯","110/07/13","元大-學甲",0,10,-10
"17513","1570力肯","110/07/13","元富-緯城",6,0,6
"17514","1570力肯","110/07/13","群益金鼎-東湖",1,10,-9
"17515","1570力肯","110/07/13","統一-三重",5,0,5
"17516","1570力肯","110/07/13","大昌",0,6,-6
"17517","1570力肯","110/07/13","元大-前金",5,0,5
"17518","1570力肯","110/07/13","元大-土城學府",0,6,-6
"17519","1570力肯","110/07/13","永豐金證券",5,0,5
"17520","1570力肯","110/07/13","統一",0,5,-5
"17521","6180橘子","110/07/13","摩根大通",119,0,119
"17522","6180橘子","110/07/13","元大-崇德",2,61,-59
"17523","6180橘子","110/07/13","美商高盛",96,0,96
"17524","6180橘子","110/07/13","康和-台中",0,51,-51
"17525","6180橘子","110/07/13","新加坡商瑞銀",86,7,79
"17526","6180橘子","110/07/13","康和-台北",0,50,-50
"17527","6180橘子","110/07/13","元大-和平",40,0,40
"17528","6180橘子","110/07/13","元富-潮州",0,40,-40
"17529","6180橘子","110/07/13","凱基-台北",83,47,36
"17530","6180橘子","110/07/13","日盛-永康",0,26,-26
"17531","6180橘子","110/07/13","美林",39,5,34
"17532","6180橘子","110/07/13","永豐金-中正",0,24,-24
"17533","6180橘子","110/07/13","富邦-新竹華信",31,2,29
"17534","6180橘子","110/07/13","國泰-板橋",2,25,-23
"17535","6180橘子","110/07/13","統一-南京",21,0,21
"17536","6180橘子","110/07/13","日盛-大墩",0,20,-20
"17537","6180橘子","110/07/13","富邦-陽明",24,3,21
"17538","6180橘子","110/07/13","元大-草屯",13,32,-19
"17539","6180橘子","110/07/13","大昌-樹林",21,1,20
"17540","6180橘子","110/07/13","元富-林園",1,18,-17
"17541","6180橘子","110/07/13","花旗環球",19,0,19
"17542","6180橘子","110/07/13","新光-新竹",1,18,-17
"17543","6180橘子","110/07/13","華南永昌-台南",19,0,19
"17544","6180橘子","110/07/13","元大-土城永寧",0,17,-17
"17545","6180橘子","110/07/13","福勝",14,0,14
"17546","6180橘子","110/07/13","國泰-新莊",3,19,-16
"17547","6180橘子","110/07/13","富邦-嘉義",12,1,11
"17548","6180橘子","110/07/13","中國信託-永康",6,21,-15
"17549","6180橘子","110/07/13","元大-板橋三民",11,0,11
"17550","6180橘子","110/07/13","凱基-東港",1,15,-14
"17551","2390云辰","110/07/13","新加坡商瑞銀",562,75,487
"17552","2390云辰","110/07/13","大展-台南",0,532,-532
"17553","2390云辰","110/07/13","台灣摩根士丹利",330,155,175
"17554","2390云辰","110/07/13","凱基-台北",668,854,-186
"17555","2390云辰","110/07/13","兆豐-公益",126,25,101
"17556","2390云辰","110/07/13","凱基-三重",12,172,-160
"17557","2390云辰","110/07/13","元富-中港",100,2,98
"17558","2390云辰","110/07/13","兆豐-忠孝",4,161,-157
"17559","2390云辰","110/07/13","統一-新台中",106,9,97
"17560","2390云辰","110/07/13","元大-士林",19,170,-151
"17561","2390云辰","110/07/13","中國信託-松江",81,11,70
"17562","2390云辰","110/07/13","臺銀-新竹",14,117,-103
"17563","2390云辰","110/07/13","日盛-板橋",72,3,69
"17564","2390云辰","110/07/13","國票-台中",4,102,-98
"17565","2390云辰","110/07/13","日盛-和美",57,0,57
"17566","2390云辰","110/07/13","新光",147,232,-85
"17567","2390云辰","110/07/13","永豐金-桃園",88,36,52
"17568","2390云辰","110/07/13","致和-崇德",2,70,-68
"17569","2390云辰","110/07/13","玉山-士林",54,4,50
"17570","2390云辰","110/07/13","群益金鼎-屏東",2,70,-68
"17571","2390云辰","110/07/13","富邦-仁愛",56,6,50
"17572","2390云辰","110/07/13","元大-大里",35,98,-63
"17573","2390云辰","110/07/13","第一金-豐原",50,1,49
"17574","2390云辰","110/07/13","元大-萬華",35,94,-59
"17575","2390云辰","110/07/13","摩根大通",502,453,49
"17576","2390云辰","110/07/13","元富-吉利",2,60,-58
"17577","2390云辰","110/07/13","凱基-松山",61,13,48
"17578","2390云辰","110/07/13","兆豐-新竹",3,53,-50
"17579","2390云辰","110/07/13","大昌",64,22,42
"17580","2390云辰","110/07/13","富邦-嘉義",65,108,-43
"17581","2363矽統","110/07/13","凱基-南崁",2133,63,2070
"17582","2363矽統","110/07/13","凱基-幸福",36,4048,-4012
"17583","2363矽統","110/07/13","國泰-敦南",2195,1617,578
"17584","2363矽統","110/07/13","統一",192,3325,-3133
"17585","2363矽統","110/07/13","中農",670,139,531
"17586","2363矽統","110/07/13","新加坡商瑞銀",1000,2747,-1747
"17587","2363矽統","110/07/13","康和-台中",638,154,484
"17588","2363矽統","110/07/13","凱基-台北",5359,6609,-1250
"17589","2363矽統","110/07/13","群益金鼎-三民",577,137,440
"17590","2363矽統","110/07/13","摩根大通",1930,2858,-928
"17591","2363矽統","110/07/13","台新-屏東",510,88,422
"17592","2363矽統","110/07/13","港商野村",960,1679,-719
"17593","2363矽統","110/07/13","德信-中正",455,67,388
"17594","2363矽統","110/07/13","兆豐-復興",25,705,-680
"17595","2363矽統","110/07/13","日盛-竹北",365,70,295
"17596","2363矽統","110/07/13","統一-仁愛",114,755,-641
"17597","2363矽統","110/07/13","元大-佳里",452,189,263
"17598","2363矽統","110/07/13","統一-敦南",29,638,-609
"17599","2363矽統","110/07/13","國票-博愛",296,38,258
"17600","2363矽統","110/07/13","統一-土城",100,704,-604
"17601","2363矽統","110/07/13","元大-萬華",340,95,245
"17602","2363矽統","110/07/13","統一-城中",116,676,-560
"17603","2363矽統","110/07/13","新光",1259,1031,228
"17604","2363矽統","110/07/13","永豐金證券",306,859,-553
"17605","2363矽統","110/07/13","元富-成功",323,96,227
"17606","2363矽統","110/07/13","元富",54,567,-513
"17607","2363矽統","110/07/13","豐農",228,23,205
"17608","2363矽統","110/07/13","瑞士信貸",202,666,-464
"17609","2363矽統","110/07/13","台灣企銀-岡山",186,4,182
"17610","2363矽統","110/07/13","永豐金-嘉義",67,468,-401
"17611","8112至上","110/07/13","摩根大通",688,296,392
"17612","8112至上","110/07/13","國票-中和",0,401,-401
"17613","8112至上","110/07/13","港商野村",344,145,199
"17614","8112至上","110/07/13","永豐金-板盛",0,205,-205
"17615","8112至上","110/07/13","兆豐-公益",195,5,190
"17616","8112至上","110/07/13","凱基-五股",43,155,-112
"17617","8112至上","110/07/13","台灣摩根士丹利",183,0,183
"17618","8112至上","110/07/13","凱基-市政",0,100,-100
"17619","8112至上","110/07/13","群益金鼎-敦南",153,2,151
"17620","8112至上","110/07/13","元大-大里德芳",1,92,-91
"17621","8112至上","110/07/13","臺銀-金山",146,26,120
"17622","8112至上","110/07/13","玉山-桃園",26,110,-84
"17623","8112至上","110/07/13","臺銀",133,19,114
"17624","8112至上","110/07/13","兆豐-天母",0,81,-81
"17625","8112至上","110/07/13","合庫-台中",115,6,109
"17626","8112至上","110/07/13","凱基-城中",3,84,-81
"17627","8112至上","110/07/13","亞東-板橋",134,26,108
"17628","8112至上","110/07/13","日盛-新莊",9,85,-76
"17629","8112至上","110/07/13","凱基-台北",414,326,88
"17630","8112至上","110/07/13","日盛-台中",2,64,-62
"17631","8112至上","110/07/13","新加坡商瑞銀",181,100,81
"17632","8112至上","110/07/13","日盛-中壢",3,64,-61
"17633","8112至上","110/07/13","國泰-敦南",108,31,77
"17634","8112至上","110/07/13","元大-台中",2,59,-57
"17635","8112至上","110/07/13","第一金-華江",77,4,73
"17636","8112至上","110/07/13","元大-雙和",7,64,-57
"17637","8112至上","110/07/13","永豐金-內湖",73,1,72
"17638","8112至上","110/07/13","元大-高雄",8,62,-54
"17639","8112至上","110/07/13","元大-永和",68,1,67
"17640","8112至上","110/07/13","元大-館前",2,55,-53
"17641","4903聯光通","110/07/13","台灣企銀-太平",56,0,56
"17642","4903聯光通","110/07/13","土銀",0,32,-32
"17643","4903聯光通","110/07/13","元富-新興",23,0,23
"17644","4903聯光通","110/07/13","元大-樹林",0,19,-19
"17645","4903聯光通","110/07/13","日盛-樹林",22,0,22
"17646","4903聯光通","110/07/13","凱基-士林",0,17,-17
"17647","4903聯光通","110/07/13","兆豐-天母",20,0,20
"17648","4903聯光通","110/07/13","國票-博愛",0,14,-14
"17649","4903聯光通","110/07/13","華南永昌-桃園",20,0,20
"17650","4903聯光通","110/07/13","元富",0,10,-10
"17651","4903聯光通","110/07/13","富邦-新店",10,0,10
"17652","4903聯光通","110/07/13","新光",0,10,-10
"17653","4903聯光通","110/07/13","新光-台中",5,0,5
"17654","4903聯光通","110/07/13","玉山-南京東路",0,10,-10
"17655","4903聯光通","110/07/13","華南永昌-台中",5,0,5
"17656","4903聯光通","110/07/13","富邦-陽明",0,10,-10
"17657","4903聯光通","110/07/13","元大-崇德",5,0,5
"17658","4903聯光通","110/07/13","元大-大甲",0,8,-8
"17659","4903聯光通","110/07/13","元大-草屯",5,0,5
"17660","4903聯光通","110/07/13","富邦-台中",0,7,-7
"17661","4903聯光通","110/07/13","元富-草屯",4,0,4
"17662","4903聯光通","110/07/13","凱基-中壢",0,6,-6
"17663","4903聯光通","110/07/13","元大-清水",4,0,4
"17664","4903聯光通","110/07/13","臺銀-民權",0,5,-5
"17665","4903聯光通","110/07/13","元大-東泰",4,0,4
"17666","4903聯光通","110/07/13","日盛-板橋",0,5,-5
"17667","4903聯光通","110/07/13","元大-佳里",2,0,2
"17668","4903聯光通","110/07/13","中國信託-忠孝",0,5,-5
"17669","4903聯光通","110/07/13","永豐金-板橋",2,0,2
"17670","4903聯光通","110/07/13","永豐金-鳳山",0,5,-5
"17671","2929淘帝","110/07/13","玉山-新竹",130,0,130
"17672","2929淘帝","110/07/13","美商高盛",0,177,-177
"17673","2929淘帝","110/07/13","臺銀-民權",60,0,60
"17674","2929淘帝","110/07/13","凱基-台北",6,80,-74
"17675","2929淘帝","110/07/13","新百王",31,0,31
"17676","2929淘帝","110/07/13","元富-大裕",0,49,-49
"17677","2929淘帝","110/07/13","日盛-園區",30,0,30
"17678","2929淘帝","110/07/13","國泰-館前",3,51,-48
"17679","2929淘帝","110/07/13","元大-南投",31,1,30
"17680","2929淘帝","110/07/13","凱基-中壢",0,41,-41
"17681","2929淘帝","110/07/13","兆豐-忠孝",28,0,28
"17682","2929淘帝","110/07/13","港商野村",21,55,-34
"17683","2929淘帝","110/07/13","元大-民生",28,0,28
"17684","2929淘帝","110/07/13","華南永昌-南京",2,34,-32
"17685","2929淘帝","110/07/13","合庫-高雄",27,0,27
"17686","2929淘帝","110/07/13","群益金鼎-土城",0,30,-30
"17687","2929淘帝","110/07/13","凱基-豐中",27,0,27
"17688","2929淘帝","110/07/13","富邦-南屯",0,22,-22
"17689","2929淘帝","110/07/13","新光",21,4,17
"17690","2929淘帝","110/07/13","第一金-豐原",0,20,-20
"17691","2929淘帝","110/07/13","元大-天母",17,0,17
"17692","2929淘帝","110/07/13","元大-屏南",6,26,-20
"17693","2929淘帝","110/07/13","永興",14,0,14
"17694","2929淘帝","110/07/13","永豐金-敦南",1,21,-20
"17695","2929淘帝","110/07/13","富邦-台北",12,0,12
"17696","2929淘帝","110/07/13","凱基-三重",2,21,-19
"17697","2929淘帝","110/07/13","元大-永和",12,0,12
"17698","2929淘帝","110/07/13","富邦-仁愛",7,25,-18
"17699","2929淘帝","110/07/13","國票-天祥",11,0,11
"17700","2929淘帝","110/07/13","元大-北投",0,16,-16
"17701","5410國眾","110/07/13","兆豐-城中",274,0,274
"17702","5410國眾","110/07/13","元富-嘉義",0,103,-103
"17703","5410國眾","110/07/13","新光",50,4,46
"17704","5410國眾","110/07/13","凱基-台北",0,50,-50
"17705","5410國眾","110/07/13","國泰-台中",26,0,26
"17706","5410國眾","110/07/13","瑞士信貸",0,31,-31
"17707","5410國眾","110/07/13","新加坡商瑞銀",22,0,22
"17708","5410國眾","110/07/13","台新-新莊",0,27,-27
"17709","5410國眾","110/07/13","光和-嘉義",20,0,20
"17710","5410國眾","110/07/13","元大-汐止",0,20,-20
"17711","5410國眾","110/07/13","凱基-竹北",17,0,17
"17712","5410國眾","110/07/13","亞東-新竹",0,17,-17
"17713","5410國眾","110/07/13","新光-桃園",15,0,15
"17714","5410國眾","110/07/13","元大-南勢角",0,13,-13
"17715","5410國眾","110/07/13","凱基-台東",14,0,14
"17716","5410國眾","110/07/13","台新-台南",0,12,-12
"17717","5410國眾","110/07/13","富邦-竹北",11,0,11
"17718","5410國眾","110/07/13","中國信託",0,11,-11
"17719","5410國眾","110/07/13","元富-同大",10,0,10
"17720","5410國眾","110/07/13","華南永昌",0,11,-11
"17721","5410國眾","110/07/13","國泰-敦南",24,15,9
"17722","5410國眾","110/07/13","臺銀-臺南",0,10,-10
"17723","5410國眾","110/07/13","日盛-內湖",7,0,7
"17724","5410國眾","110/07/13","台灣企銀-民雄",0,10,-10
"17725","5410國眾","110/07/13","台新-左楠",7,0,7
"17726","5410國眾","110/07/13","高橋",0,10,-10
"17727","5410國眾","110/07/13","元大-新盛",18,12,6
"17728","5410國眾","110/07/13","康和-嘉義",0,10,-10
"17729","5410國眾","110/07/13","統一",5,0,5
"17730","5410國眾","110/07/13","凱基-基隆",0,10,-10
"17731","2841台開","110/07/13","中國信託-高雄",251,50,201
"17732","2841台開","110/07/13","兆豐-公益",0,177,-177
"17733","2841台開","110/07/13","日盛證券",210,13,197
"17734","2841台開","110/07/13","日進",0,152,-152
"17735","2841台開","110/07/13","第一金-台中",55,0,55
"17736","2841台開","110/07/13","港商野村",0,109,-109
"17737","2841台開","110/07/13","國泰-板橋",46,0,46
"17738","2841台開","110/07/13","日盛-信義",0,103,-103
"17739","2841台開","110/07/13","國泰-館前",48,3,45
"17740","2841台開","110/07/13","國泰-敦南",11,75,-64
"17741","2841台開","110/07/13","華南永昌-新莊",45,0,45
"17742","2841台開","110/07/13","永興",0,50,-50
"17743","2841台開","110/07/13","日盛-園區",42,0,42
"17744","2841台開","110/07/13","永豐金-敦南",61,104,-43
"17745","2841台開","110/07/13","台新證券",32,0,32
"17746","2841台開","110/07/13","富邦-台南",0,42,-42
"17747","2841台開","110/07/13","台新-高雄",32,2,30
"17748","2841台開","110/07/13","國票-安和",0,30,-30
"17749","2841台開","110/07/13","豐農",23,0,23
"17750","2841台開","110/07/13","元大-桃園",0,25,-25
"17751","2841台開","110/07/13","合庫-嘉義",20,0,20
"17752","2841台開","110/07/13","新光",8,32,-24
"17753","2841台開","110/07/13","華南永昌-高雄",20,0,20
"17754","2841台開","110/07/13","元大-仁愛",0,24,-24
"17755","2841台開","110/07/13","元大-樹林",16,0,16
"17756","2841台開","110/07/13","日盛-中和",0,20,-20
"17757","2841台開","110/07/13","第一金-華江",15,2,13
"17758","2841台開","110/07/13","元富",0,20,-20
"17759","2841台開","110/07/13","美商高盛",12,0,12
"17760","2841台開","110/07/13","富邦-宜蘭",0,20,-20
"17761","6207雷科","110/07/13","元大-高雄",121,0,121
"17762","6207雷科","110/07/13","華南永昌-朴子",1,60,-59
"17763","6207雷科","110/07/13","第一金-新興",20,0,20
"17764","6207雷科","110/07/13","元大-南海",0,36,-36
"17765","6207雷科","110/07/13","元富-三重",20,0,20
"17766","6207雷科","110/07/13","凱基-土城",0,35,-35
"17767","6207雷科","110/07/13","元大-林園",15,0,15
"17768","6207雷科","110/07/13","台灣企銀",0,20,-20
"17769","6207雷科","110/07/13","元大-金華",16,1,15
"17770","6207雷科","110/07/13","群益金鼎-丹鳳",0,20,-20
"17771","6207雷科","110/07/13","日盛證券",10,0,10
"17772","6207雷科","110/07/13","元大-博愛",0,17,-17
"17773","6207雷科","110/07/13","統一-台中",10,0,10
"17774","6207雷科","110/07/13","元大-北港",0,13,-13
"17775","6207雷科","110/07/13","群益金鼎-土城",10,0,10
"17776","6207雷科","110/07/13","新加坡商瑞銀",0,12,-12
"17777","6207雷科","110/07/13","群益金鼎-桃園",10,0,10
"17778","6207雷科","110/07/13","凱基-台北",4,16,-12
"17779","6207雷科","110/07/13","永豐金-新莊",10,0,10
"17780","6207雷科","110/07/13","日茂-埔里",0,11,-11
"17781","6207雷科","110/07/13","永豐金-新店",10,0,10
"17782","6207雷科","110/07/13","元大-莒光",0,11,-11
"17783","6207雷科","110/07/13","元大證券",9,0,9
"17784","6207雷科","110/07/13","統一-新竹",0,10,-10
"17785","6207雷科","110/07/13","日盛-木柵",9,1,8
"17786","6207雷科","110/07/13","元大-西螺",0,10,-10
"17787","6207雷科","110/07/13","兆豐-來福",8,0,8
"17788","6207雷科","110/07/13","康和-台中",0,8,-8
"17789","6207雷科","110/07/13","新光",7,0,7
"17790","6207雷科","110/07/13","兆豐-高雄",0,6,-6
"17791","3679新至陞","110/07/13","永豐金證券",50,0,50
"17792","3679新至陞","110/07/13","摩根大通",2,25,-23
"17793","3679新至陞","110/07/13","國泰-桃園",22,0,22
"17794","3679新至陞","110/07/13","元大-成功",0,22,-22
"17795","3679新至陞","110/07/13","台中銀-員林",11,0,11
"17796","3679新至陞","110/07/13","富邦-板橋",1,19,-18
"17797","3679新至陞","110/07/13","元大-文心興安",8,0,8
"17798","3679新至陞","110/07/13","日盛-新莊",0,10,-10
"17799","3679新至陞","110/07/13","美商高盛",6,0,6
"17800","3679新至陞","110/07/13","台新-台中",0,10,-10
"17801","3679新至陞","110/07/13","台新-高雄",6,0,6
"17802","3679新至陞","110/07/13","永豐金-新竹",0,8,-8
"17803","3679新至陞","110/07/13","凱基-台北",18,12,6
"17804","3679新至陞","110/07/13","瑞士信貸",12,19,-7
"17805","3679新至陞","110/07/13","日盛-復興",5,0,5
"17806","3679新至陞","110/07/13","統一-南京",0,7,-7
"17807","3679新至陞","110/07/13","(牛牛牛)亞-鑫豐",4,0,4
"17808","3679新至陞","110/07/13","凱基-新莊",0,7,-7
"17809","3679新至陞","110/07/13","元富-大昌",3,0,3
"17810","3679新至陞","110/07/13","新加坡商瑞銀",0,6,-6
"17811","3679新至陞","110/07/13","富邦-台北",3,0,3
"17812","3679新至陞","110/07/13","合庫-自強",0,5,-5
"17813","3679新至陞","110/07/13","日盛-樹林",2,0,2
"17814","3679新至陞","110/07/13","富邦-桃園",0,5,-5
"17815","3679新至陞","110/07/13","宏遠-光隆",2,0,2
"17816","3679新至陞","110/07/13","永豐金-潮州",0,4,-4
"17817","3679新至陞","110/07/13","美林",3,1,2
"17818","3679新至陞","110/07/13","臺銀-臺南",0,3,-3
"17819","3679新至陞","110/07/13","第一金-中壢",2,0,2
"17820","3679新至陞","110/07/13","元大-六合",0,3,-3
"17821","2727王品","110/07/13","富邦-台北",43,3,40
"17822","2727王品","110/07/13","台灣摩根士丹利",15,97,-82
"17823","2727王品","110/07/13","元大-基隆孝二",40,0,40
"17824","2727王品","110/07/13","玉山-台南",5,57,-52
"17825","2727王品","110/07/13","國票-新莊",40,1,39
"17826","2727王品","110/07/13","新加坡商瑞銀",0,48,-48
"17827","2727王品","110/07/13","第一金-豐原",66,42,24
"17828","2727王品","110/07/13","凱基-台北",41,77,-36
"17829","2727王品","110/07/13","永豐金-大園",34,10,24
"17830","2727王品","110/07/13","永豐金-永康",0,22,-22
"17831","2727王品","110/07/13","元大-北屯",22,0,22
"17832","2727王品","110/07/13","統一-台中",2,22,-20
"17833","2727王品","110/07/13","元大-東蘆",26,7,19
"17834","2727王品","110/07/13","國泰-台中",21,39,-18
"17835","2727王品","110/07/13","永豐金-萬盛",13,1,12
"17836","2727王品","110/07/13","合庫-彰化",3,20,-17
"17837","2727王品","110/07/13","日盛-嘉義",11,0,11
"17838","2727王品","110/07/13","港商野村",13,30,-17
"17839","2727王品","110/07/13","日盛-八德",11,0,11
"17840","2727王品","110/07/13","元大-楊梅",1,16,-15
"17841","2727王品","110/07/13","統一-竹南",11,0,11
"17842","2727王品","110/07/13","凱基-高美館",2,15,-13
"17843","2727王品","110/07/13","日盛-士林",12,2,10
"17844","2727王品","110/07/13","美商高盛",2,14,-12
"17845","2727王品","110/07/13","統一-敦南",10,0,10
"17846","2727王品","110/07/13","統一-平鎮",1,13,-12
"17847","2727王品","110/07/13","中國信託",15,5,10
"17848","2727王品","110/07/13","兆豐-台中港",4,16,-12
"17849","2727王品","110/07/13","兆豐-竹北",13,3,10
"17850","2727王品","110/07/13","凱基-八德",1,13,-12
"17851","1570力肯","110/07/13","新光",115,11,104
"17852","1570力肯","110/07/13","元大-北三重",0,162,-162
"17853","1570力肯","110/07/13","群益金鼎-高雄",54,0,54
"17854","1570力肯","110/07/13","元大-大灣",0,25,-25
"17855","1570力肯","110/07/13","國票-新莊",22,0,22
"17856","1570力肯","110/07/13","永豐金-苓雅",0,22,-22
"17857","1570力肯","110/07/13","日盛-桃園",12,0,12
"17858","1570力肯","110/07/13","永豐金-永康",0,19,-19
"17859","1570力肯","110/07/13","元大-高雄",12,0,12
"17860","1570力肯","110/07/13","富邦-員林",0,15,-15
"17861","1570力肯","110/07/13","合庫-自強",11,0,11
"17862","1570力肯","110/07/13","凱基-台南",0,11,-11
"17863","1570力肯","110/07/13","摩根大通",26,15,11
"17864","1570力肯","110/07/13","日盛-竹北",0,10,-10
"17865","1570力肯","110/07/13","永豐金-中盛",11,0,11
"17866","1570力肯","110/07/13","國票-九鼎",0,10,-10
"17867","1570力肯","110/07/13","兆豐-台中港",10,0,10
"17868","1570力肯","110/07/13","凱基-桃園",0,10,-10
"17869","1570力肯","110/07/13","國泰-松江",9,0,9
"17870","1570力肯","110/07/13","凱基-新豐",0,10,-10
"17871","1570力肯","110/07/13","元大-新盛",9,0,9
"17872","1570力肯","110/07/13","元大-學甲",0,10,-10
"17873","1570力肯","110/07/13","元富-緯城",6,0,6
"17874","1570力肯","110/07/13","群益金鼎-東湖",1,10,-9
"17875","1570力肯","110/07/13","統一-三重",5,0,5
"17876","1570力肯","110/07/13","大昌",0,6,-6
"17877","1570力肯","110/07/13","元大-前金",5,0,5
"17878","1570力肯","110/07/13","元大-土城學府",0,6,-6
"17879","1570力肯","110/07/13","永豐金證券",5,0,5
"17880","1570力肯","110/07/13","統一",0,5,-5
"17881","6180橘子","110/07/13","摩根大通",119,0,119
"17882","6180橘子","110/07/13","元大-崇德",2,61,-59
"17883","6180橘子","110/07/13","美商高盛",96,0,96
"17884","6180橘子","110/07/13","康和-台中",0,51,-51
"17885","6180橘子","110/07/13","新加坡商瑞銀",86,7,79
"17886","6180橘子","110/07/13","康和-台北",0,50,-50
"17887","6180橘子","110/07/13","元大-和平",40,0,40
"17888","6180橘子","110/07/13","元富-潮州",0,40,-40
"17889","6180橘子","110/07/13","凱基-台北",83,47,36
"17890","6180橘子","110/07/13","日盛-永康",0,26,-26
"17891","6180橘子","110/07/13","美林",39,5,34
"17892","6180橘子","110/07/13","永豐金-中正",0,24,-24
"17893","6180橘子","110/07/13","富邦-新竹華信",31,2,29
"17894","6180橘子","110/07/13","國泰-板橋",2,25,-23
"17895","6180橘子","110/07/13","統一-南京",21,0,21
"17896","6180橘子","110/07/13","日盛-大墩",0,20,-20
"17897","6180橘子","110/07/13","富邦-陽明",24,3,21
"17898","6180橘子","110/07/13","元大-草屯",13,32,-19
"17899","6180橘子","110/07/13","大昌-樹林",21,1,20
"17900","6180橘子","110/07/13","元富-林園",1,18,-17
"17901","6180橘子","110/07/13","花旗環球",19,0,19
"17902","6180橘子","110/07/13","新光-新竹",1,18,-17
"17903","6180橘子","110/07/13","華南永昌-台南",19,0,19
"17904","6180橘子","110/07/13","元大-土城永寧",0,17,-17
"17905","6180橘子","110/07/13","福勝",14,0,14
"17906","6180橘子","110/07/13","國泰-新莊",3,19,-16
"17907","6180橘子","110/07/13","富邦-嘉義",12,1,11
"17908","6180橘子","110/07/13","中國信託-永康",6,21,-15
"17909","6180橘子","110/07/13","元大-板橋三民",11,0,11
"17910","6180橘子","110/07/13","凱基-東港",1,15,-14
"17911","2390云辰","110/07/13","新加坡商瑞銀",562,75,487
"17912","2390云辰","110/07/13","大展-台南",0,532,-532
"17913","2390云辰","110/07/13","台灣摩根士丹利",330,155,175
"17914","2390云辰","110/07/13","凱基-台北",668,854,-186
"17915","2390云辰","110/07/13","兆豐-公益",126,25,101
"17916","2390云辰","110/07/13","凱基-三重",12,172,-160
"17917","2390云辰","110/07/13","元富-中港",100,2,98
"17918","2390云辰","110/07/13","兆豐-忠孝",4,161,-157
"17919","2390云辰","110/07/13","統一-新台中",106,9,97
"17920","2390云辰","110/07/13","元大-士林",19,170,-151
"17921","2390云辰","110/07/13","中國信託-松江",81,11,70
"17922","2390云辰","110/07/13","臺銀-新竹",14,117,-103
"17923","2390云辰","110/07/13","日盛-板橋",72,3,69
"17924","2390云辰","110/07/13","國票-台中",4,102,-98
"17925","2390云辰","110/07/13","日盛-和美",57,0,57
"17926","2390云辰","110/07/13","新光",147,232,-85
"17927","2390云辰","110/07/13","永豐金-桃園",88,36,52
"17928","2390云辰","110/07/13","致和-崇德",2,70,-68
"17929","2390云辰","110/07/13","玉山-士林",54,4,50
"17930","2390云辰","110/07/13","群益金鼎-屏東",2,70,-68
"17931","2390云辰","110/07/13","富邦-仁愛",56,6,50
"17932","2390云辰","110/07/13","元大-大里",35,98,-63
"17933","2390云辰","110/07/13","第一金-豐原",50,1,49
"17934","2390云辰","110/07/13","元大-萬華",35,94,-59
"17935","2390云辰","110/07/13","摩根大通",502,453,49
"17936","2390云辰","110/07/13","元富-吉利",2,60,-58
"17937","2390云辰","110/07/13","凱基-松山",61,13,48
"17938","2390云辰","110/07/13","兆豐-新竹",3,53,-50
"17939","2390云辰","110/07/13","大昌",64,22,42
"17940","2390云辰","110/07/13","富邦-嘉義",65,108,-43
"17941","2363矽統","110/07/13","凱基-南崁",2133,63,2070
"17942","2363矽統","110/07/13","凱基-幸福",36,4048,-4012
"17943","2363矽統","110/07/13","國泰-敦南",2195,1617,578
"17944","2363矽統","110/07/13","統一",192,3325,-3133
"17945","2363矽統","110/07/13","中農",670,139,531
"17946","2363矽統","110/07/13","新加坡商瑞銀",1000,2747,-1747
"17947","2363矽統","110/07/13","康和-台中",638,154,484
"17948","2363矽統","110/07/13","凱基-台北",5359,6609,-1250
"17949","2363矽統","110/07/13","群益金鼎-三民",577,137,440
"17950","2363矽統","110/07/13","摩根大通",1930,2858,-928
"17951","2363矽統","110/07/13","台新-屏東",510,88,422
"17952","2363矽統","110/07/13","港商野村",960,1679,-719
"17953","2363矽統","110/07/13","德信-中正",455,67,388
"17954","2363矽統","110/07/13","兆豐-復興",25,705,-680
"17955","2363矽統","110/07/13","日盛-竹北",365,70,295
"17956","2363矽統","110/07/13","統一-仁愛",114,755,-641
"17957","2363矽統","110/07/13","元大-佳里",452,189,263
"17958","2363矽統","110/07/13","統一-敦南",29,638,-609
"17959","2363矽統","110/07/13","國票-博愛",296,38,258
"17960","2363矽統","110/07/13","統一-土城",100,704,-604
"17961","2363矽統","110/07/13","元大-萬華",340,95,245
"17962","2363矽統","110/07/13","統一-城中",116,676,-560
"17963","2363矽統","110/07/13","新光",1259,1031,228
"17964","2363矽統","110/07/13","永豐金證券",306,859,-553
"17965","2363矽統","110/07/13","元富-成功",323,96,227
"17966","2363矽統","110/07/13","元富",54,567,-513
"17967","2363矽統","110/07/13","豐農",228,23,205
"17968","2363矽統","110/07/13","瑞士信貸",202,666,-464
"17969","2363矽統","110/07/13","台灣企銀-岡山",186,4,182
"17970","2363矽統","110/07/13","永豐金-嘉義",67,468,-401
"17971","8112至上","110/07/13","摩根大通",688,296,392
"17972","8112至上","110/07/13","國票-中和",0,401,-401
"17973","8112至上","110/07/13","港商野村",344,145,199
"17974","8112至上","110/07/13","永豐金-板盛",0,205,-205
"17975","8112至上","110/07/13","兆豐-公益",195,5,190
"17976","8112至上","110/07/13","凱基-五股",43,155,-112
"17977","8112至上","110/07/13","台灣摩根士丹利",183,0,183
"17978","8112至上","110/07/13","凱基-市政",0,100,-100
"17979","8112至上","110/07/13","群益金鼎-敦南",153,2,151
"17980","8112至上","110/07/13","元大-大里德芳",1,92,-91
"17981","8112至上","110/07/13","臺銀-金山",146,26,120
"17982","8112至上","110/07/13","玉山-桃園",26,110,-84
"17983","8112至上","110/07/13","臺銀",133,19,114
"17984","8112至上","110/07/13","兆豐-天母",0,81,-81
"17985","8112至上","110/07/13","合庫-台中",115,6,109
"17986","8112至上","110/07/13","凱基-城中",3,84,-81
"17987","8112至上","110/07/13","亞東-板橋",134,26,108
"17988","8112至上","110/07/13","日盛-新莊",9,85,-76
"17989","8112至上","110/07/13","凱基-台北",414,326,88
"17990","8112至上","110/07/13","日盛-台中",2,64,-62
"17991","8112至上","110/07/13","新加坡商瑞銀",181,100,81
"17992","8112至上","110/07/13","日盛-中壢",3,64,-61
"17993","8112至上","110/07/13","國泰-敦南",108,31,77
"17994","8112至上","110/07/13","元大-台中",2,59,-57
"17995","8112至上","110/07/13","第一金-華江",77,4,73
"17996","8112至上","110/07/13","元大-雙和",7,64,-57
"17997","8112至上","110/07/13","永豐金-內湖",73,1,72
"17998","8112至上","110/07/13","元大-高雄",8,62,-54
"17999","8112至上","110/07/13","元大-永和",68,1,67
"18000","8112至上","110/07/13","元大-館前",2,55,-53
"18001","4903聯光通","110/07/13","台灣企銀-太平",56,0,56
"18002","4903聯光通","110/07/13","土銀",0,32,-32
"18003","4903聯光通","110/07/13","元富-新興",23,0,23
"18004","4903聯光通","110/07/13","元大-樹林",0,19,-19
"18005","4903聯光通","110/07/13","日盛-樹林",22,0,22
"18006","4903聯光通","110/07/13","凱基-士林",0,17,-17
"18007","4903聯光通","110/07/13","兆豐-天母",20,0,20
"18008","4903聯光通","110/07/13","國票-博愛",0,14,-14
"18009","4903聯光通","110/07/13","華南永昌-桃園",20,0,20
"18010","4903聯光通","110/07/13","元富",0,10,-10
"18011","4903聯光通","110/07/13","富邦-新店",10,0,10
"18012","4903聯光通","110/07/13","新光",0,10,-10
"18013","4903聯光通","110/07/13","新光-台中",5,0,5
"18014","4903聯光通","110/07/13","玉山-南京東路",0,10,-10
"18015","4903聯光通","110/07/13","華南永昌-台中",5,0,5
"18016","4903聯光通","110/07/13","富邦-陽明",0,10,-10
"18017","4903聯光通","110/07/13","元大-崇德",5,0,5
"18018","4903聯光通","110/07/13","元大-大甲",0,8,-8
"18019","4903聯光通","110/07/13","元大-草屯",5,0,5
"18020","4903聯光通","110/07/13","富邦-台中",0,7,-7
"18021","4903聯光通","110/07/13","元富-草屯",4,0,4
"18022","4903聯光通","110/07/13","凱基-中壢",0,6,-6
"18023","4903聯光通","110/07/13","元大-清水",4,0,4
"18024","4903聯光通","110/07/13","臺銀-民權",0,5,-5
"18025","4903聯光通","110/07/13","元大-東泰",4,0,4
"18026","4903聯光通","110/07/13","日盛-板橋",0,5,-5
"18027","4903聯光通","110/07/13","元大-佳里",2,0,2
"18028","4903聯光通","110/07/13","中國信託-忠孝",0,5,-5
"18029","4903聯光通","110/07/13","永豐金-板橋",2,0,2
"18030","4903聯光通","110/07/13","永豐金-鳳山",0,5,-5
"18031","2929淘帝","110/07/13","玉山-新竹",130,0,130
"18032","2929淘帝","110/07/13","美商高盛",0,177,-177
"18033","2929淘帝","110/07/13","臺銀-民權",60,0,60
"18034","2929淘帝","110/07/13","凱基-台北",6,80,-74
"18035","2929淘帝","110/07/13","新百王",31,0,31
"18036","2929淘帝","110/07/13","元富-大裕",0,49,-49
"18037","2929淘帝","110/07/13","日盛-園區",30,0,30
"18038","2929淘帝","110/07/13","國泰-館前",3,51,-48
"18039","2929淘帝","110/07/13","元大-南投",31,1,30
"18040","2929淘帝","110/07/13","凱基-中壢",0,41,-41
"18041","2929淘帝","110/07/13","兆豐-忠孝",28,0,28
"18042","2929淘帝","110/07/13","港商野村",21,55,-34
"18043","2929淘帝","110/07/13","元大-民生",28,0,28
"18044","2929淘帝","110/07/13","華南永昌-南京",2,34,-32
"18045","2929淘帝","110/07/13","合庫-高雄",27,0,27
"18046","2929淘帝","110/07/13","群益金鼎-土城",0,30,-30
"18047","2929淘帝","110/07/13","凱基-豐中",27,0,27
"18048","2929淘帝","110/07/13","富邦-南屯",0,22,-22
"18049","2929淘帝","110/07/13","新光",21,4,17
"18050","2929淘帝","110/07/13","第一金-豐原",0,20,-20
"18051","2929淘帝","110/07/13","元大-天母",17,0,17
"18052","2929淘帝","110/07/13","元大-屏南",6,26,-20
"18053","2929淘帝","110/07/13","永興",14,0,14
"18054","2929淘帝","110/07/13","永豐金-敦南",1,21,-20
"18055","2929淘帝","110/07/13","富邦-台北",12,0,12
"18056","2929淘帝","110/07/13","凱基-三重",2,21,-19
"18057","2929淘帝","110/07/13","元大-永和",12,0,12
"18058","2929淘帝","110/07/13","富邦-仁愛",7,25,-18
"18059","2929淘帝","110/07/13","國票-天祥",11,0,11
"18060","2929淘帝","110/07/13","元大-北投",0,16,-16
"18061","5410國眾","110/07/13","兆豐-城中",274,0,274
"18062","5410國眾","110/07/13","元富-嘉義",0,103,-103
"18063","5410國眾","110/07/13","新光",50,4,46
"18064","5410國眾","110/07/13","凱基-台北",0,50,-50
"18065","5410國眾","110/07/13","國泰-台中",26,0,26
"18066","5410國眾","110/07/13","瑞士信貸",0,31,-31
"18067","5410國眾","110/07/13","新加坡商瑞銀",22,0,22
"18068","5410國眾","110/07/13","台新-新莊",0,27,-27
"18069","5410國眾","110/07/13","光和-嘉義",20,0,20
"18070","5410國眾","110/07/13","元大-汐止",0,20,-20
"18071","5410國眾","110/07/13","凱基-竹北",17,0,17
"18072","5410國眾","110/07/13","亞東-新竹",0,17,-17
"18073","5410國眾","110/07/13","新光-桃園",15,0,15
"18074","5410國眾","110/07/13","元大-南勢角",0,13,-13
"18075","5410國眾","110/07/13","凱基-台東",14,0,14
"18076","5410國眾","110/07/13","台新-台南",0,12,-12
"18077","5410國眾","110/07/13","富邦-竹北",11,0,11
"18078","5410國眾","110/07/13","中國信託",0,11,-11
"18079","5410國眾","110/07/13","元富-同大",10,0,10
"18080","5410國眾","110/07/13","華南永昌",0,11,-11
"18081","5410國眾","110/07/13","國泰-敦南",24,15,9
"18082","5410國眾","110/07/13","臺銀-臺南",0,10,-10
"18083","5410國眾","110/07/13","日盛-內湖",7,0,7
"18084","5410國眾","110/07/13","台灣企銀-民雄",0,10,-10
"18085","5410國眾","110/07/13","台新-左楠",7,0,7
"18086","5410國眾","110/07/13","高橋",0,10,-10
"18087","5410國眾","110/07/13","元大-新盛",18,12,6
"18088","5410國眾","110/07/13","康和-嘉義",0,10,-10
"18089","5410國眾","110/07/13","統一",5,0,5
"18090","5410國眾","110/07/13","凱基-基隆",0,10,-10
"18091","2841台開","110/07/13","中國信託-高雄",251,50,201
"18092","2841台開","110/07/13","兆豐-公益",0,177,-177
"18093","2841台開","110/07/13","日盛證券",210,13,197
"18094","2841台開","110/07/13","日進",0,152,-152
"18095","2841台開","110/07/13","第一金-台中",55,0,55
"18096","2841台開","110/07/13","港商野村",0,109,-109
"18097","2841台開","110/07/13","國泰-板橋",46,0,46
"18098","2841台開","110/07/13","日盛-信義",0,103,-103
"18099","2841台開","110/07/13","國泰-館前",48,3,45
"18100","2841台開","110/07/13","國泰-敦南",11,75,-64
"18101","2841台開","110/07/13","華南永昌-新莊",45,0,45
"18102","2841台開","110/07/13","永興",0,50,-50
"18103","2841台開","110/07/13","日盛-園區",42,0,42
"18104","2841台開","110/07/13","永豐金-敦南",61,104,-43
"18105","2841台開","110/07/13","台新證券",32,0,32
"18106","2841台開","110/07/13","富邦-台南",0,42,-42
"18107","2841台開","110/07/13","台新-高雄",32,2,30
"18108","2841台開","110/07/13","國票-安和",0,30,-30
"18109","2841台開","110/07/13","豐農",23,0,23
"18110","2841台開","110/07/13","元大-桃園",0,25,-25
"18111","2841台開","110/07/13","合庫-嘉義",20,0,20
"18112","2841台開","110/07/13","新光",8,32,-24
"18113","2841台開","110/07/13","華南永昌-高雄",20,0,20
"18114","2841台開","110/07/13","元大-仁愛",0,24,-24
"18115","2841台開","110/07/13","元大-樹林",16,0,16
"18116","2841台開","110/07/13","日盛-中和",0,20,-20
"18117","2841台開","110/07/13","第一金-華江",15,2,13
"18118","2841台開","110/07/13","元富",0,20,-20
"18119","2841台開","110/07/13","美商高盛",12,0,12
"18120","2841台開","110/07/13","富邦-宜蘭",0,20,-20
"18121","6207雷科","110/07/13","元大-高雄",121,0,121
"18122","6207雷科","110/07/13","華南永昌-朴子",1,60,-59
"18123","6207雷科","110/07/13","第一金-新興",20,0,20
"18124","6207雷科","110/07/13","元大-南海",0,36,-36
"18125","6207雷科","110/07/13","元富-三重",20,0,20
"18126","6207雷科","110/07/13","凱基-土城",0,35,-35
"18127","6207雷科","110/07/13","元大-林園",15,0,15
"18128","6207雷科","110/07/13","台灣企銀",0,20,-20
"18129","6207雷科","110/07/13","元大-金華",16,1,15
"18130","6207雷科","110/07/13","群益金鼎-丹鳳",0,20,-20
"18131","6207雷科","110/07/13","日盛證券",10,0,10
"18132","6207雷科","110/07/13","元大-博愛",0,17,-17
"18133","6207雷科","110/07/13","統一-台中",10,0,10
"18134","6207雷科","110/07/13","元大-北港",0,13,-13
"18135","6207雷科","110/07/13","群益金鼎-土城",10,0,10
"18136","6207雷科","110/07/13","新加坡商瑞銀",0,12,-12
"18137","6207雷科","110/07/13","群益金鼎-桃園",10,0,10
"18138","6207雷科","110/07/13","凱基-台北",4,16,-12
"18139","6207雷科","110/07/13","永豐金-新莊",10,0,10
"18140","6207雷科","110/07/13","日茂-埔里",0,11,-11
"18141","6207雷科","110/07/13","永豐金-新店",10,0,10
"18142","6207雷科","110/07/13","元大-莒光",0,11,-11
"18143","6207雷科","110/07/13","元大證券",9,0,9
"18144","6207雷科","110/07/13","統一-新竹",0,10,-10
"18145","6207雷科","110/07/13","日盛-木柵",9,1,8
"18146","6207雷科","110/07/13","元大-西螺",0,10,-10
"18147","6207雷科","110/07/13","兆豐-來福",8,0,8
"18148","6207雷科","110/07/13","康和-台中",0,8,-8
"18149","6207雷科","110/07/13","新光",7,0,7
"18150","6207雷科","110/07/13","兆豐-高雄",0,6,-6
"18151","3679新至陞","110/07/13","永豐金證券",50,0,50
"18152","3679新至陞","110/07/13","摩根大通",2,25,-23
"18153","3679新至陞","110/07/13","國泰-桃園",22,0,22
"18154","3679新至陞","110/07/13","元大-成功",0,22,-22
"18155","3679新至陞","110/07/13","台中銀-員林",11,0,11
"18156","3679新至陞","110/07/13","富邦-板橋",1,19,-18
"18157","3679新至陞","110/07/13","元大-文心興安",8,0,8
"18158","3679新至陞","110/07/13","日盛-新莊",0,10,-10
"18159","3679新至陞","110/07/13","美商高盛",6,0,6
"18160","3679新至陞","110/07/13","台新-台中",0,10,-10
"18161","3679新至陞","110/07/13","台新-高雄",6,0,6
"18162","3679新至陞","110/07/13","永豐金-新竹",0,8,-8
"18163","3679新至陞","110/07/13","凱基-台北",18,12,6
"18164","3679新至陞","110/07/13","瑞士信貸",12,19,-7
"18165","3679新至陞","110/07/13","日盛-復興",5,0,5
"18166","3679新至陞","110/07/13","統一-南京",0,7,-7
"18167","3679新至陞","110/07/13","(牛牛牛)亞-鑫豐",4,0,4
"18168","3679新至陞","110/07/13","凱基-新莊",0,7,-7
"18169","3679新至陞","110/07/13","元富-大昌",3,0,3
"18170","3679新至陞","110/07/13","新加坡商瑞銀",0,6,-6
"18171","3679新至陞","110/07/13","富邦-台北",3,0,3
"18172","3679新至陞","110/07/13","合庫-自強",0,5,-5
"18173","3679新至陞","110/07/13","日盛-樹林",2,0,2
"18174","3679新至陞","110/07/13","富邦-桃園",0,5,-5
"18175","3679新至陞","110/07/13","宏遠-光隆",2,0,2
"18176","3679新至陞","110/07/13","永豐金-潮州",0,4,-4
"18177","3679新至陞","110/07/13","美林",3,1,2
"18178","3679新至陞","110/07/13","臺銀-臺南",0,3,-3
"18179","3679新至陞","110/07/13","第一金-中壢",2,0,2
"18180","3679新至陞","110/07/13","元大-六合",0,3,-3
"18181","2727王品","110/07/13","富邦-台北",43,3,40
"18182","2727王品","110/07/13","台灣摩根士丹利",15,97,-82
"18183","2727王品","110/07/13","元大-基隆孝二",40,0,40
"18184","2727王品","110/07/13","玉山-台南",5,57,-52
"18185","2727王品","110/07/13","國票-新莊",40,1,39
"18186","2727王品","110/07/13","新加坡商瑞銀",0,48,-48
"18187","2727王品","110/07/13","第一金-豐原",66,42,24
"18188","2727王品","110/07/13","凱基-台北",41,77,-36
"18189","2727王品","110/07/13","永豐金-大園",34,10,24
"18190","2727王品","110/07/13","永豐金-永康",0,22,-22
"18191","2727王品","110/07/13","元大-北屯",22,0,22
"18192","2727王品","110/07/13","統一-台中",2,22,-20
"18193","2727王品","110/07/13","元大-東蘆",26,7,19
"18194","2727王品","110/07/13","國泰-台中",21,39,-18
"18195","2727王品","110/07/13","永豐金-萬盛",13,1,12
"18196","2727王品","110/07/13","合庫-彰化",3,20,-17
"18197","2727王品","110/07/13","日盛-嘉義",11,0,11
"18198","2727王品","110/07/13","港商野村",13,30,-17
"18199","2727王品","110/07/13","日盛-八德",11,0,11
"18200","2727王品","110/07/13","元大-楊梅",1,16,-15
"18201","2727王品","110/07/13","統一-竹南",11,0,11
"18202","2727王品","110/07/13","凱基-高美館",2,15,-13
"18203","2727王品","110/07/13","日盛-士林",12,2,10
"18204","2727王品","110/07/13","美商高盛",2,14,-12
"18205","2727王品","110/07/13","統一-敦南",10,0,10
"18206","2727王品","110/07/13","統一-平鎮",1,13,-12
"18207","2727王品","110/07/13","中國信託",15,5,10
"18208","2727王品","110/07/13","兆豐-台中港",4,16,-12
"18209","2727王品","110/07/13","兆豐-竹北",13,3,10
"18210","2727王品","110/07/13","凱基-八德",1,13,-12
"18211","1570力肯","110/07/13","新光",115,11,104
"18212","1570力肯","110/07/13","元大-北三重",0,162,-162
"18213","1570力肯","110/07/13","群益金鼎-高雄",54,0,54
"18214","1570力肯","110/07/13","元大-大灣",0,25,-25
"18215","1570力肯","110/07/13","國票-新莊",22,0,22
"18216","1570力肯","110/07/13","永豐金-苓雅",0,22,-22
"18217","1570力肯","110/07/13","日盛-桃園",12,0,12
"18218","1570力肯","110/07/13","永豐金-永康",0,19,-19
"18219","1570力肯","110/07/13","元大-高雄",12,0,12
"18220","1570力肯","110/07/13","富邦-員林",0,15,-15
"18221","1570力肯","110/07/13","合庫-自強",11,0,11
"18222","1570力肯","110/07/13","凱基-台南",0,11,-11
"18223","1570力肯","110/07/13","摩根大通",26,15,11
"18224","1570力肯","110/07/13","日盛-竹北",0,10,-10
"18225","1570力肯","110/07/13","永豐金-中盛",11,0,11
"18226","1570力肯","110/07/13","國票-九鼎",0,10,-10
"18227","1570力肯","110/07/13","兆豐-台中港",10,0,10
"18228","1570力肯","110/07/13","凱基-桃園",0,10,-10
"18229","1570力肯","110/07/13","國泰-松江",9,0,9
"18230","1570力肯","110/07/13","凱基-新豐",0,10,-10
"18231","1570力肯","110/07/13","元大-新盛",9,0,9
"18232","1570力肯","110/07/13","元大-學甲",0,10,-10
"18233","1570力肯","110/07/13","元富-緯城",6,0,6
"18234","1570力肯","110/07/13","群益金鼎-東湖",1,10,-9
"18235","1570力肯","110/07/13","統一-三重",5,0,5
"18236","1570力肯","110/07/13","大昌",0,6,-6
"18237","1570力肯","110/07/13","元大-前金",5,0,5
"18238","1570力肯","110/07/13","元大-土城學府",0,6,-6
"18239","1570力肯","110/07/13","永豐金證券",5,0,5
"18240","1570力肯","110/07/13","統一",0,5,-5
"18241","6180橘子","110/07/13","摩根大通",119,0,119
"18242","6180橘子","110/07/13","元大-崇德",2,61,-59
"18243","6180橘子","110/07/13","美商高盛",96,0,96
"18244","6180橘子","110/07/13","康和-台中",0,51,-51
"18245","6180橘子","110/07/13","新加坡商瑞銀",86,7,79
"18246","6180橘子","110/07/13","康和-台北",0,50,-50
"18247","6180橘子","110/07/13","元大-和平",40,0,40
"18248","6180橘子","110/07/13","元富-潮州",0,40,-40
"18249","6180橘子","110/07/13","凱基-台北",83,47,36
"18250","6180橘子","110/07/13","日盛-永康",0,26,-26
"18251","6180橘子","110/07/13","美林",39,5,34
"18252","6180橘子","110/07/13","永豐金-中正",0,24,-24
"18253","6180橘子","110/07/13","富邦-新竹華信",31,2,29
"18254","6180橘子","110/07/13","國泰-板橋",2,25,-23
"18255","6180橘子","110/07/13","統一-南京",21,0,21
"18256","6180橘子","110/07/13","日盛-大墩",0,20,-20
"18257","6180橘子","110/07/13","富邦-陽明",24,3,21
"18258","6180橘子","110/07/13","元大-草屯",13,32,-19
"18259","6180橘子","110/07/13","大昌-樹林",21,1,20
"18260","6180橘子","110/07/13","元富-林園",1,18,-17
"18261","6180橘子","110/07/13","花旗環球",19,0,19
"18262","6180橘子","110/07/13","新光-新竹",1,18,-17
"18263","6180橘子","110/07/13","華南永昌-台南",19,0,19
"18264","6180橘子","110/07/13","元大-土城永寧",0,17,-17
"18265","6180橘子","110/07/13","福勝",14,0,14
"18266","6180橘子","110/07/13","國泰-新莊",3,19,-16
"18267","6180橘子","110/07/13","富邦-嘉義",12,1,11
"18268","6180橘子","110/07/13","中國信託-永康",6,21,-15
"18269","6180橘子","110/07/13","元大-板橋三民",11,0,11
"18270","6180橘子","110/07/13","凱基-東港",1,15,-14
"18271","2390云辰","110/07/13","新加坡商瑞銀",562,75,487
"18272","2390云辰","110/07/13","大展-台南",0,532,-532
"18273","2390云辰","110/07/13","台灣摩根士丹利",330,155,175
"18274","2390云辰","110/07/13","凱基-台北",668,854,-186
"18275","2390云辰","110/07/13","兆豐-公益",126,25,101
"18276","2390云辰","110/07/13","凱基-三重",12,172,-160
"18277","2390云辰","110/07/13","元富-中港",100,2,98
"18278","2390云辰","110/07/13","兆豐-忠孝",4,161,-157
"18279","2390云辰","110/07/13","統一-新台中",106,9,97
"18280","2390云辰","110/07/13","元大-士林",19,170,-151
"18281","2390云辰","110/07/13","中國信託-松江",81,11,70
"18282","2390云辰","110/07/13","臺銀-新竹",14,117,-103
"18283","2390云辰","110/07/13","日盛-板橋",72,3,69
"18284","2390云辰","110/07/13","國票-台中",4,102,-98
"18285","2390云辰","110/07/13","日盛-和美",57,0,57
"18286","2390云辰","110/07/13","新光",147,232,-85
"18287","2390云辰","110/07/13","永豐金-桃園",88,36,52
"18288","2390云辰","110/07/13","致和-崇德",2,70,-68
"18289","2390云辰","110/07/13","玉山-士林",54,4,50
"18290","2390云辰","110/07/13","群益金鼎-屏東",2,70,-68
"18291","2390云辰","110/07/13","富邦-仁愛",56,6,50
"18292","2390云辰","110/07/13","元大-大里",35,98,-63
"18293","2390云辰","110/07/13","第一金-豐原",50,1,49
"18294","2390云辰","110/07/13","元大-萬華",35,94,-59
"18295","2390云辰","110/07/13","摩根大通",502,453,49
"18296","2390云辰","110/07/13","元富-吉利",2,60,-58
"18297","2390云辰","110/07/13","凱基-松山",61,13,48
"18298","2390云辰","110/07/13","兆豐-新竹",3,53,-50
"18299","2390云辰","110/07/13","大昌",64,22,42
"18300","2390云辰","110/07/13","富邦-嘉義",65,108,-43
"18301","2363矽統","110/07/13","凱基-南崁",2133,63,2070
"18302","2363矽統","110/07/13","凱基-幸福",36,4048,-4012
"18303","2363矽統","110/07/13","國泰-敦南",2195,1617,578
"18304","2363矽統","110/07/13","統一",192,3325,-3133
"18305","2363矽統","110/07/13","中農",670,139,531
"18306","2363矽統","110/07/13","新加坡商瑞銀",1000,2747,-1747
"18307","2363矽統","110/07/13","康和-台中",638,154,484
"18308","2363矽統","110/07/13","凱基-台北",5359,6609,-1250
"18309","2363矽統","110/07/13","群益金鼎-三民",577,137,440
"18310","2363矽統","110/07/13","摩根大通",1930,2858,-928
"18311","2363矽統","110/07/13","台新-屏東",510,88,422
"18312","2363矽統","110/07/13","港商野村",960,1679,-719
"18313","2363矽統","110/07/13","德信-中正",455,67,388
"18314","2363矽統","110/07/13","兆豐-復興",25,705,-680
"18315","2363矽統","110/07/13","日盛-竹北",365,70,295
"18316","2363矽統","110/07/13","統一-仁愛",114,755,-641
"18317","2363矽統","110/07/13","元大-佳里",452,189,263
"18318","2363矽統","110/07/13","統一-敦南",29,638,-609
"18319","2363矽統","110/07/13","國票-博愛",296,38,258
"18320","2363矽統","110/07/13","統一-土城",100,704,-604
"18321","2363矽統","110/07/13","元大-萬華",340,95,245
"18322","2363矽統","110/07/13","統一-城中",116,676,-560
"18323","2363矽統","110/07/13","新光",1259,1031,228
"18324","2363矽統","110/07/13","永豐金證券",306,859,-553
"18325","2363矽統","110/07/13","元富-成功",323,96,227
"18326","2363矽統","110/07/13","元富",54,567,-513
"18327","2363矽統","110/07/13","豐農",228,23,205
"18328","2363矽統","110/07/13","瑞士信貸",202,666,-464
"18329","2363矽統","110/07/13","台灣企銀-岡山",186,4,182
"18330","2363矽統","110/07/13","永豐金-嘉義",67,468,-401
"18331","8112至上","110/07/13","摩根大通",688,296,392
"18332","8112至上","110/07/13","國票-中和",0,401,-401
"18333","8112至上","110/07/13","港商野村",344,145,199
"18334","8112至上","110/07/13","永豐金-板盛",0,205,-205
"18335","8112至上","110/07/13","兆豐-公益",195,5,190
"18336","8112至上","110/07/13","凱基-五股",43,155,-112
"18337","8112至上","110/07/13","台灣摩根士丹利",183,0,183
"18338","8112至上","110/07/13","凱基-市政",0,100,-100
"18339","8112至上","110/07/13","群益金鼎-敦南",153,2,151
"18340","8112至上","110/07/13","元大-大里德芳",1,92,-91
"18341","8112至上","110/07/13","臺銀-金山",146,26,120
"18342","8112至上","110/07/13","玉山-桃園",26,110,-84
"18343","8112至上","110/07/13","臺銀",133,19,114
"18344","8112至上","110/07/13","兆豐-天母",0,81,-81
"18345","8112至上","110/07/13","合庫-台中",115,6,109
"18346","8112至上","110/07/13","凱基-城中",3,84,-81
"18347","8112至上","110/07/13","亞東-板橋",134,26,108
"18348","8112至上","110/07/13","日盛-新莊",9,85,-76
"18349","8112至上","110/07/13","凱基-台北",414,326,88
"18350","8112至上","110/07/13","日盛-台中",2,64,-62
"18351","8112至上","110/07/13","新加坡商瑞銀",181,100,81
"18352","8112至上","110/07/13","日盛-中壢",3,64,-61
"18353","8112至上","110/07/13","國泰-敦南",108,31,77
"18354","8112至上","110/07/13","元大-台中",2,59,-57
"18355","8112至上","110/07/13","第一金-華江",77,4,73
"18356","8112至上","110/07/13","元大-雙和",7,64,-57
"18357","8112至上","110/07/13","永豐金-內湖",73,1,72
"18358","8112至上","110/07/13","元大-高雄",8,62,-54
"18359","8112至上","110/07/13","元大-永和",68,1,67
"18360","8112至上","110/07/13","元大-館前",2,55,-53
"18361","4903聯光通","110/07/13","台灣企銀-太平",56,0,56
"18362","4903聯光通","110/07/13","土銀",0,32,-32
"18363","4903聯光通","110/07/13","元富-新興",23,0,23
"18364","4903聯光通","110/07/13","元大-樹林",0,19,-19
"18365","4903聯光通","110/07/13","日盛-樹林",22,0,22
"18366","4903聯光通","110/07/13","凱基-士林",0,17,-17
"18367","4903聯光通","110/07/13","兆豐-天母",20,0,20
"18368","4903聯光通","110/07/13","國票-博愛",0,14,-14
"18369","4903聯光通","110/07/13","華南永昌-桃園",20,0,20
"18370","4903聯光通","110/07/13","元富",0,10,-10
"18371","4903聯光通","110/07/13","富邦-新店",10,0,10
"18372","4903聯光通","110/07/13","新光",0,10,-10
"18373","4903聯光通","110/07/13","新光-台中",5,0,5
"18374","4903聯光通","110/07/13","玉山-南京東路",0,10,-10
"18375","4903聯光通","110/07/13","華南永昌-台中",5,0,5
"18376","4903聯光通","110/07/13","富邦-陽明",0,10,-10
"18377","4903聯光通","110/07/13","元大-崇德",5,0,5
"18378","4903聯光通","110/07/13","元大-大甲",0,8,-8
"18379","4903聯光通","110/07/13","元大-草屯",5,0,5
"18380","4903聯光通","110/07/13","富邦-台中",0,7,-7
"18381","4903聯光通","110/07/13","元富-草屯",4,0,4
"18382","4903聯光通","110/07/13","凱基-中壢",0,6,-6
"18383","4903聯光通","110/07/13","元大-清水",4,0,4
"18384","4903聯光通","110/07/13","臺銀-民權",0,5,-5
"18385","4903聯光通","110/07/13","元大-東泰",4,0,4
"18386","4903聯光通","110/07/13","日盛-板橋",0,5,-5
"18387","4903聯光通","110/07/13","元大-佳里",2,0,2
"18388","4903聯光通","110/07/13","中國信託-忠孝",0,5,-5
"18389","4903聯光通","110/07/13","永豐金-板橋",2,0,2
"18390","4903聯光通","110/07/13","永豐金-鳳山",0,5,-5
"18391","2929淘帝","110/07/13","玉山-新竹",130,0,130
"18392","2929淘帝","110/07/13","美商高盛",0,177,-177
"18393","2929淘帝","110/07/13","臺銀-民權",60,0,60
"18394","2929淘帝","110/07/13","凱基-台北",6,80,-74
"18395","2929淘帝","110/07/13","新百王",31,0,31
"18396","2929淘帝","110/07/13","元富-大裕",0,49,-49
"18397","2929淘帝","110/07/13","日盛-園區",30,0,30
"18398","2929淘帝","110/07/13","國泰-館前",3,51,-48
"18399","2929淘帝","110/07/13","元大-南投",31,1,30
"18400","2929淘帝","110/07/13","凱基-中壢",0,41,-41
"18401","2929淘帝","110/07/13","兆豐-忠孝",28,0,28
"18402","2929淘帝","110/07/13","港商野村",21,55,-34
"18403","2929淘帝","110/07/13","元大-民生",28,0,28
"18404","2929淘帝","110/07/13","華南永昌-南京",2,34,-32
"18405","2929淘帝","110/07/13","合庫-高雄",27,0,27
"18406","2929淘帝","110/07/13","群益金鼎-土城",0,30,-30
"18407","2929淘帝","110/07/13","凱基-豐中",27,0,27
"18408","2929淘帝","110/07/13","富邦-南屯",0,22,-22
"18409","2929淘帝","110/07/13","新光",21,4,17
"18410","2929淘帝","110/07/13","第一金-豐原",0,20,-20
"18411","2929淘帝","110/07/13","元大-天母",17,0,17
"18412","2929淘帝","110/07/13","元大-屏南",6,26,-20
"18413","2929淘帝","110/07/13","永興",14,0,14
"18414","2929淘帝","110/07/13","永豐金-敦南",1,21,-20
"18415","2929淘帝","110/07/13","富邦-台北",12,0,12
"18416","2929淘帝","110/07/13","凱基-三重",2,21,-19
"18417","2929淘帝","110/07/13","元大-永和",12,0,12
"18418","2929淘帝","110/07/13","富邦-仁愛",7,25,-18
"18419","2929淘帝","110/07/13","國票-天祥",11,0,11
"18420","2929淘帝","110/07/13","元大-北投",0,16,-16
"18421","5410國眾","110/07/13","兆豐-城中",274,0,274
"18422","5410國眾","110/07/13","元富-嘉義",0,103,-103
"18423","5410國眾","110/07/13","新光",50,4,46
"18424","5410國眾","110/07/13","凱基-台北",0,50,-50
"18425","5410國眾","110/07/13","國泰-台中",26,0,26
"18426","5410國眾","110/07/13","瑞士信貸",0,31,-31
"18427","5410國眾","110/07/13","新加坡商瑞銀",22,0,22
"18428","5410國眾","110/07/13","台新-新莊",0,27,-27
"18429","5410國眾","110/07/13","光和-嘉義",20,0,20
"18430","5410國眾","110/07/13","元大-汐止",0,20,-20
"18431","5410國眾","110/07/13","凱基-竹北",17,0,17
"18432","5410國眾","110/07/13","亞東-新竹",0,17,-17
"18433","5410國眾","110/07/13","新光-桃園",15,0,15
"18434","5410國眾","110/07/13","元大-南勢角",0,13,-13
"18435","5410國眾","110/07/13","凱基-台東",14,0,14
"18436","5410國眾","110/07/13","台新-台南",0,12,-12
"18437","5410國眾","110/07/13","富邦-竹北",11,0,11
"18438","5410國眾","110/07/13","中國信託",0,11,-11
"18439","5410國眾","110/07/13","元富-同大",10,0,10
"18440","5410國眾","110/07/13","華南永昌",0,11,-11
"18441","5410國眾","110/07/13","國泰-敦南",24,15,9
"18442","5410國眾","110/07/13","臺銀-臺南",0,10,-10
"18443","5410國眾","110/07/13","日盛-內湖",7,0,7
"18444","5410國眾","110/07/13","台灣企銀-民雄",0,10,-10
"18445","5410國眾","110/07/13","台新-左楠",7,0,7
"18446","5410國眾","110/07/13","高橋",0,10,-10
"18447","5410國眾","110/07/13","元大-新盛",18,12,6
"18448","5410國眾","110/07/13","康和-嘉義",0,10,-10
"18449","5410國眾","110/07/13","統一",5,0,5
"18450","5410國眾","110/07/13","凱基-基隆",0,10,-10
"18451","2841台開","110/07/13","中國信託-高雄",251,50,201
"18452","2841台開","110/07/13","兆豐-公益",0,177,-177
"18453","2841台開","110/07/13","日盛證券",210,13,197
"18454","2841台開","110/07/13","日進",0,152,-152
"18455","2841台開","110/07/13","第一金-台中",55,0,55
"18456","2841台開","110/07/13","港商野村",0,109,-109
"18457","2841台開","110/07/13","國泰-板橋",46,0,46
"18458","2841台開","110/07/13","日盛-信義",0,103,-103
"18459","2841台開","110/07/13","國泰-館前",48,3,45
"18460","2841台開","110/07/13","國泰-敦南",11,75,-64
"18461","2841台開","110/07/13","華南永昌-新莊",45,0,45
"18462","2841台開","110/07/13","永興",0,50,-50
"18463","2841台開","110/07/13","日盛-園區",42,0,42
"18464","2841台開","110/07/13","永豐金-敦南",61,104,-43
"18465","2841台開","110/07/13","台新證券",32,0,32
"18466","2841台開","110/07/13","富邦-台南",0,42,-42
"18467","2841台開","110/07/13","台新-高雄",32,2,30
"18468","2841台開","110/07/13","國票-安和",0,30,-30
"18469","2841台開","110/07/13","豐農",23,0,23
"18470","2841台開","110/07/13","元大-桃園",0,25,-25
"18471","2841台開","110/07/13","合庫-嘉義",20,0,20
"18472","2841台開","110/07/13","新光",8,32,-24
"18473","2841台開","110/07/13","華南永昌-高雄",20,0,20
"18474","2841台開","110/07/13","元大-仁愛",0,24,-24
"18475","2841台開","110/07/13","元大-樹林",16,0,16
"18476","2841台開","110/07/13","日盛-中和",0,20,-20
"18477","2841台開","110/07/13","第一金-華江",15,2,13
"18478","2841台開","110/07/13","元富",0,20,-20
"18479","2841台開","110/07/13","美商高盛",12,0,12
"18480","2841台開","110/07/13","富邦-宜蘭",0,20,-20
"18481","6207雷科","110/07/13","元大-高雄",121,0,121
"18482","6207雷科","110/07/13","華南永昌-朴子",1,60,-59
"18483","6207雷科","110/07/13","第一金-新興",20,0,20
"18484","6207雷科","110/07/13","元大-南海",0,36,-36
"18485","6207雷科","110/07/13","元富-三重",20,0,20
"18486","6207雷科","110/07/13","凱基-土城",0,35,-35
"18487","6207雷科","110/07/13","元大-林園",15,0,15
"18488","6207雷科","110/07/13","台灣企銀",0,20,-20
"18489","6207雷科","110/07/13","元大-金華",16,1,15
"18490","6207雷科","110/07/13","群益金鼎-丹鳳",0,20,-20
"18491","6207雷科","110/07/13","日盛證券",10,0,10
"18492","6207雷科","110/07/13","元大-博愛",0,17,-17
"18493","6207雷科","110/07/13","統一-台中",10,0,10
"18494","6207雷科","110/07/13","元大-北港",0,13,-13
"18495","6207雷科","110/07/13","群益金鼎-土城",10,0,10
"18496","6207雷科","110/07/13","新加坡商瑞銀",0,12,-12
"18497","6207雷科","110/07/13","群益金鼎-桃園",10,0,10
"18498","6207雷科","110/07/13","凱基-台北",4,16,-12
"18499","6207雷科","110/07/13","永豐金-新莊",10,0,10
"18500","6207雷科","110/07/13","日茂-埔里",0,11,-11
"18501","6207雷科","110/07/13","永豐金-新店",10,0,10
"18502","6207雷科","110/07/13","元大-莒光",0,11,-11
"18503","6207雷科","110/07/13","元大證券",9,0,9
"18504","6207雷科","110/07/13","統一-新竹",0,10,-10
"18505","6207雷科","110/07/13","日盛-木柵",9,1,8
"18506","6207雷科","110/07/13","元大-西螺",0,10,-10
"18507","6207雷科","110/07/13","兆豐-來福",8,0,8
"18508","6207雷科","110/07/13","康和-台中",0,8,-8
"18509","6207雷科","110/07/13","新光",7,0,7
"18510","6207雷科","110/07/13","兆豐-高雄",0,6,-6
"18511","3679新至陞","110/07/13","永豐金證券",50,0,50
"18512","3679新至陞","110/07/13","摩根大通",2,25,-23
"18513","3679新至陞","110/07/13","國泰-桃園",22,0,22
"18514","3679新至陞","110/07/13","元大-成功",0,22,-22
"18515","3679新至陞","110/07/13","台中銀-員林",11,0,11
"18516","3679新至陞","110/07/13","富邦-板橋",1,19,-18
"18517","3679新至陞","110/07/13","元大-文心興安",8,0,8
"18518","3679新至陞","110/07/13","日盛-新莊",0,10,-10
"18519","3679新至陞","110/07/13","美商高盛",6,0,6
"18520","3679新至陞","110/07/13","台新-台中",0,10,-10
"18521","3679新至陞","110/07/13","台新-高雄",6,0,6
"18522","3679新至陞","110/07/13","永豐金-新竹",0,8,-8
"18523","3679新至陞","110/07/13","凱基-台北",18,12,6
"18524","3679新至陞","110/07/13","瑞士信貸",12,19,-7
"18525","3679新至陞","110/07/13","日盛-復興",5,0,5
"18526","3679新至陞","110/07/13","統一-南京",0,7,-7
"18527","3679新至陞","110/07/13","(牛牛牛)亞-鑫豐",4,0,4
"18528","3679新至陞","110/07/13","凱基-新莊",0,7,-7
"18529","3679新至陞","110/07/13","元富-大昌",3,0,3
"18530","3679新至陞","110/07/13","新加坡商瑞銀",0,6,-6
"18531","3679新至陞","110/07/13","富邦-台北",3,0,3
"18532","3679新至陞","110/07/13","合庫-自強",0,5,-5
"18533","3679新至陞","110/07/13","日盛-樹林",2,0,2
"18534","3679新至陞","110/07/13","富邦-桃園",0,5,-5
"18535","3679新至陞","110/07/13","宏遠-光隆",2,0,2
"18536","3679新至陞","110/07/13","永豐金-潮州",0,4,-4
"18537","3679新至陞","110/07/13","美林",3,1,2
"18538","3679新至陞","110/07/13","臺銀-臺南",0,3,-3
"18539","3679新至陞","110/07/13","第一金-中壢",2,0,2
"18540","3679新至陞","110/07/13","元大-六合",0,3,-3
"18541","2727王品","110/07/13","富邦-台北",43,3,40
"18542","2727王品","110/07/13","台灣摩根士丹利",15,97,-82
"18543","2727王品","110/07/13","元大-基隆孝二",40,0,40
"18544","2727王品","110/07/13","玉山-台南",5,57,-52
"18545","2727王品","110/07/13","國票-新莊",40,1,39
"18546","2727王品","110/07/13","新加坡商瑞銀",0,48,-48
"18547","2727王品","110/07/13","第一金-豐原",66,42,24
"18548","2727王品","110/07/13","凱基-台北",41,77,-36
"18549","2727王品","110/07/13","永豐金-大園",34,10,24
"18550","2727王品","110/07/13","永豐金-永康",0,22,-22
"18551","2727王品","110/07/13","元大-北屯",22,0,22
"18552","2727王品","110/07/13","統一-台中",2,22,-20
"18553","2727王品","110/07/13","元大-東蘆",26,7,19
"18554","2727王品","110/07/13","國泰-台中",21,39,-18
"18555","2727王品","110/07/13","永豐金-萬盛",13,1,12
"18556","2727王品","110/07/13","合庫-彰化",3,20,-17
"18557","2727王品","110/07/13","日盛-嘉義",11,0,11
"18558","2727王品","110/07/13","港商野村",13,30,-17
"18559","2727王品","110/07/13","日盛-八德",11,0,11
"18560","2727王品","110/07/13","元大-楊梅",1,16,-15
"18561","2727王品","110/07/13","統一-竹南",11,0,11
"18562","2727王品","110/07/13","凱基-高美館",2,15,-13
"18563","2727王品","110/07/13","日盛-士林",12,2,10
"18564","2727王品","110/07/13","美商高盛",2,14,-12
"18565","2727王品","110/07/13","統一-敦南",10,0,10
"18566","2727王品","110/07/13","統一-平鎮",1,13,-12
"18567","2727王品","110/07/13","中國信託",15,5,10
"18568","2727王品","110/07/13","兆豐-台中港",4,16,-12
"18569","2727王品","110/07/13","兆豐-竹北",13,3,10
"18570","2727王品","110/07/13","凱基-八德",1,13,-12
"18571","1570力肯","110/07/13","新光",115,11,104
"18572","1570力肯","110/07/13","元大-北三重",0,162,-162
"18573","1570力肯","110/07/13","群益金鼎-高雄",54,0,54
"18574","1570力肯","110/07/13","元大-大灣",0,25,-25
"18575","1570力肯","110/07/13","國票-新莊",22,0,22
"18576","1570力肯","110/07/13","永豐金-苓雅",0,22,-22
"18577","1570力肯","110/07/13","日盛-桃園",12,0,12
"18578","1570力肯","110/07/13","永豐金-永康",0,19,-19
"18579","1570力肯","110/07/13","元大-高雄",12,0,12
"18580","1570力肯","110/07/13","富邦-員林",0,15,-15
"18581","1570力肯","110/07/13","合庫-自強",11,0,11
"18582","1570力肯","110/07/13","凱基-台南",0,11,-11
"18583","1570力肯","110/07/13","摩根大通",26,15,11
"18584","1570力肯","110/07/13","日盛-竹北",0,10,-10
"18585","1570力肯","110/07/13","永豐金-中盛",11,0,11
"18586","1570力肯","110/07/13","國票-九鼎",0,10,-10
"18587","1570力肯","110/07/13","兆豐-台中港",10,0,10
"18588","1570力肯","110/07/13","凱基-桃園",0,10,-10
"18589","1570力肯","110/07/13","國泰-松江",9,0,9
"18590","1570力肯","110/07/13","凱基-新豐",0,10,-10
"18591","1570力肯","110/07/13","元大-新盛",9,0,9
"18592","1570力肯","110/07/13","元大-學甲",0,10,-10
"18593","1570力肯","110/07/13","元富-緯城",6,0,6
"18594","1570力肯","110/07/13","群益金鼎-東湖",1,10,-9
"18595","1570力肯","110/07/13","統一-三重",5,0,5
"18596","1570力肯","110/07/13","大昌",0,6,-6
"18597","1570力肯","110/07/13","元大-前金",5,0,5
"18598","1570力肯","110/07/13","元大-土城學府",0,6,-6
"18599","1570力肯","110/07/13","永豐金證券",5,0,5
"18600","1570力肯","110/07/13","統一",0,5,-5
"18601","6180橘子","110/07/13","摩根大通",119,0,119
"18602","6180橘子","110/07/13","元大-崇德",2,61,-59
"18603","6180橘子","110/07/13","美商高盛",96,0,96
"18604","6180橘子","110/07/13","康和-台中",0,51,-51
"18605","6180橘子","110/07/13","新加坡商瑞銀",86,7,79
"18606","6180橘子","110/07/13","康和-台北",0,50,-50
"18607","6180橘子","110/07/13","元大-和平",40,0,40
"18608","6180橘子","110/07/13","元富-潮州",0,40,-40
"18609","6180橘子","110/07/13","凱基-台北",83,47,36
"18610","6180橘子","110/07/13","日盛-永康",0,26,-26
"18611","6180橘子","110/07/13","美林",39,5,34
"18612","6180橘子","110/07/13","永豐金-中正",0,24,-24
"18613","6180橘子","110/07/13","富邦-新竹華信",31,2,29
"18614","6180橘子","110/07/13","國泰-板橋",2,25,-23
"18615","6180橘子","110/07/13","統一-南京",21,0,21
"18616","6180橘子","110/07/13","日盛-大墩",0,20,-20
"18617","6180橘子","110/07/13","富邦-陽明",24,3,21
"18618","6180橘子","110/07/13","元大-草屯",13,32,-19
"18619","6180橘子","110/07/13","大昌-樹林",21,1,20
"18620","6180橘子","110/07/13","元富-林園",1,18,-17
"18621","6180橘子","110/07/13","花旗環球",19,0,19
"18622","6180橘子","110/07/13","新光-新竹",1,18,-17
"18623","6180橘子","110/07/13","華南永昌-台南",19,0,19
"18624","6180橘子","110/07/13","元大-土城永寧",0,17,-17
"18625","6180橘子","110/07/13","福勝",14,0,14
"18626","6180橘子","110/07/13","國泰-新莊",3,19,-16
"18627","6180橘子","110/07/13","富邦-嘉義",12,1,11
"18628","6180橘子","110/07/13","中國信託-永康",6,21,-15
"18629","6180橘子","110/07/13","元大-板橋三民",11,0,11
"18630","6180橘子","110/07/13","凱基-東港",1,15,-14
"18631","2390云辰","110/07/13","新加坡商瑞銀",562,75,487
"18632","2390云辰","110/07/13","大展-台南",0,532,-532
"18633","2390云辰","110/07/13","台灣摩根士丹利",330,155,175
"18634","2390云辰","110/07/13","凱基-台北",668,854,-186
"18635","2390云辰","110/07/13","兆豐-公益",126,25,101
"18636","2390云辰","110/07/13","凱基-三重",12,172,-160
"18637","2390云辰","110/07/13","元富-中港",100,2,98
"18638","2390云辰","110/07/13","兆豐-忠孝",4,161,-157
"18639","2390云辰","110/07/13","統一-新台中",106,9,97
"18640","2390云辰","110/07/13","元大-士林",19,170,-151
"18641","2390云辰","110/07/13","中國信託-松江",81,11,70
"18642","2390云辰","110/07/13","臺銀-新竹",14,117,-103
"18643","2390云辰","110/07/13","日盛-板橋",72,3,69
"18644","2390云辰","110/07/13","國票-台中",4,102,-98
"18645","2390云辰","110/07/13","日盛-和美",57,0,57
"18646","2390云辰","110/07/13","新光",147,232,-85
"18647","2390云辰","110/07/13","永豐金-桃園",88,36,52
"18648","2390云辰","110/07/13","致和-崇德",2,70,-68
"18649","2390云辰","110/07/13","玉山-士林",54,4,50
"18650","2390云辰","110/07/13","群益金鼎-屏東",2,70,-68
"18651","2390云辰","110/07/13","富邦-仁愛",56,6,50
"18652","2390云辰","110/07/13","元大-大里",35,98,-63
"18653","2390云辰","110/07/13","第一金-豐原",50,1,49
"18654","2390云辰","110/07/13","元大-萬華",35,94,-59
"18655","2390云辰","110/07/13","摩根大通",502,453,49
"18656","2390云辰","110/07/13","元富-吉利",2,60,-58
"18657","2390云辰","110/07/13","凱基-松山",61,13,48
"18658","2390云辰","110/07/13","兆豐-新竹",3,53,-50
"18659","2390云辰","110/07/13","大昌",64,22,42
"18660","2390云辰","110/07/13","富邦-嘉義",65,108,-43
"18661","2363矽統","110/07/13","凱基-南崁",2133,63,2070
"18662","2363矽統","110/07/13","凱基-幸福",36,4048,-4012
"18663","2363矽統","110/07/13","國泰-敦南",2195,1617,578
"18664","2363矽統","110/07/13","統一",192,3325,-3133
"18665","2363矽統","110/07/13","中農",670,139,531
"18666","2363矽統","110/07/13","新加坡商瑞銀",1000,2747,-1747
"18667","2363矽統","110/07/13","康和-台中",638,154,484
"18668","2363矽統","110/07/13","凱基-台北",5359,6609,-1250
"18669","2363矽統","110/07/13","群益金鼎-三民",577,137,440
"18670","2363矽統","110/07/13","摩根大通",1930,2858,-928
"18671","2363矽統","110/07/13","台新-屏東",510,88,422
"18672","2363矽統","110/07/13","港商野村",960,1679,-719
"18673","2363矽統","110/07/13","德信-中正",455,67,388
"18674","2363矽統","110/07/13","兆豐-復興",25,705,-680
"18675","2363矽統","110/07/13","日盛-竹北",365,70,295
"18676","2363矽統","110/07/13","統一-仁愛",114,755,-641
"18677","2363矽統","110/07/13","元大-佳里",452,189,263
"18678","2363矽統","110/07/13","統一-敦南",29,638,-609
"18679","2363矽統","110/07/13","國票-博愛",296,38,258
"18680","2363矽統","110/07/13","統一-土城",100,704,-604
"18681","2363矽統","110/07/13","元大-萬華",340,95,245
"18682","2363矽統","110/07/13","統一-城中",116,676,-560
"18683","2363矽統","110/07/13","新光",1259,1031,228
"18684","2363矽統","110/07/13","永豐金證券",306,859,-553
"18685","2363矽統","110/07/13","元富-成功",323,96,227
"18686","2363矽統","110/07/13","元富",54,567,-513
"18687","2363矽統","110/07/13","豐農",228,23,205
"18688","2363矽統","110/07/13","瑞士信貸",202,666,-464
"18689","2363矽統","110/07/13","台灣企銀-岡山",186,4,182
"18690","2363矽統","110/07/13","永豐金-嘉義",67,468,-401
"18691","8112至上","110/07/13","摩根大通",688,296,392
"18692","8112至上","110/07/13","國票-中和",0,401,-401
"18693","8112至上","110/07/13","港商野村",344,145,199
"18694","8112至上","110/07/13","永豐金-板盛",0,205,-205
"18695","8112至上","110/07/13","兆豐-公益",195,5,190
"18696","8112至上","110/07/13","凱基-五股",43,155,-112
"18697","8112至上","110/07/13","台灣摩根士丹利",183,0,183
"18698","8112至上","110/07/13","凱基-市政",0,100,-100
"18699","8112至上","110/07/13","群益金鼎-敦南",153,2,151
"18700","8112至上","110/07/13","元大-大里德芳",1,92,-91
"18701","8112至上","110/07/13","臺銀-金山",146,26,120
"18702","8112至上","110/07/13","玉山-桃園",26,110,-84
"18703","8112至上","110/07/13","臺銀",133,19,114
"18704","8112至上","110/07/13","兆豐-天母",0,81,-81
"18705","8112至上","110/07/13","合庫-台中",115,6,109
"18706","8112至上","110/07/13","凱基-城中",3,84,-81
"18707","8112至上","110/07/13","亞東-板橋",134,26,108
"18708","8112至上","110/07/13","日盛-新莊",9,85,-76
"18709","8112至上","110/07/13","凱基-台北",414,326,88
"18710","8112至上","110/07/13","日盛-台中",2,64,-62
"18711","8112至上","110/07/13","新加坡商瑞銀",181,100,81
"18712","8112至上","110/07/13","日盛-中壢",3,64,-61
"18713","8112至上","110/07/13","國泰-敦南",108,31,77
"18714","8112至上","110/07/13","元大-台中",2,59,-57
"18715","8112至上","110/07/13","第一金-華江",77,4,73
"18716","8112至上","110/07/13","元大-雙和",7,64,-57
"18717","8112至上","110/07/13","永豐金-內湖",73,1,72
"18718","8112至上","110/07/13","元大-高雄",8,62,-54
"18719","8112至上","110/07/13","元大-永和",68,1,67
"18720","8112至上","110/07/13","元大-館前",2,55,-53
"18721","4903聯光通","110/07/13","台灣企銀-太平",56,0,56
"18722","4903聯光通","110/07/13","土銀",0,32,-32
"18723","4903聯光通","110/07/13","元富-新興",23,0,23
"18724","4903聯光通","110/07/13","元大-樹林",0,19,-19
"18725","4903聯光通","110/07/13","日盛-樹林",22,0,22
"18726","4903聯光通","110/07/13","凱基-士林",0,17,-17
"18727","4903聯光通","110/07/13","兆豐-天母",20,0,20
"18728","4903聯光通","110/07/13","國票-博愛",0,14,-14
"18729","4903聯光通","110/07/13","華南永昌-桃園",20,0,20
"18730","4903聯光通","110/07/13","元富",0,10,-10
"18731","4903聯光通","110/07/13","富邦-新店",10,0,10
"18732","4903聯光通","110/07/13","新光",0,10,-10
"18733","4903聯光通","110/07/13","新光-台中",5,0,5
"18734","4903聯光通","110/07/13","玉山-南京東路",0,10,-10
"18735","4903聯光通","110/07/13","華南永昌-台中",5,0,5
"18736","4903聯光通","110/07/13","富邦-陽明",0,10,-10
"18737","4903聯光通","110/07/13","元大-崇德",5,0,5
"18738","4903聯光通","110/07/13","元大-大甲",0,8,-8
"18739","4903聯光通","110/07/13","元大-草屯",5,0,5
"18740","4903聯光通","110/07/13","富邦-台中",0,7,-7
"18741","4903聯光通","110/07/13","元富-草屯",4,0,4
"18742","4903聯光通","110/07/13","凱基-中壢",0,6,-6
"18743","4903聯光通","110/07/13","元大-清水",4,0,4
"18744","4903聯光通","110/07/13","臺銀-民權",0,5,-5
"18745","4903聯光通","110/07/13","元大-東泰",4,0,4
"18746","4903聯光通","110/07/13","日盛-板橋",0,5,-5
"18747","4903聯光通","110/07/13","元大-佳里",2,0,2
"18748","4903聯光通","110/07/13","中國信託-忠孝",0,5,-5
"18749","4903聯光通","110/07/13","永豐金-板橋",2,0,2
"18750","4903聯光通","110/07/13","永豐金-鳳山",0,5,-5
"18751","2929淘帝","110/07/13","玉山-新竹",130,0,130
"18752","2929淘帝","110/07/13","美商高盛",0,177,-177
"18753","2929淘帝","110/07/13","臺銀-民權",60,0,60
"18754","2929淘帝","110/07/13","凱基-台北",6,80,-74
"18755","2929淘帝","110/07/13","新百王",31,0,31
"18756","2929淘帝","110/07/13","元富-大裕",0,49,-49
"18757","2929淘帝","110/07/13","日盛-園區",30,0,30
"18758","2929淘帝","110/07/13","國泰-館前",3,51,-48
"18759","2929淘帝","110/07/13","元大-南投",31,1,30
"18760","2929淘帝","110/07/13","凱基-中壢",0,41,-41
"18761","2929淘帝","110/07/13","兆豐-忠孝",28,0,28
"18762","2929淘帝","110/07/13","港商野村",21,55,-34
"18763","2929淘帝","110/07/13","元大-民生",28,0,28
"18764","2929淘帝","110/07/13","華南永昌-南京",2,34,-32
"18765","2929淘帝","110/07/13","合庫-高雄",27,0,27
"18766","2929淘帝","110/07/13","群益金鼎-土城",0,30,-30
"18767","2929淘帝","110/07/13","凱基-豐中",27,0,27
"18768","2929淘帝","110/07/13","富邦-南屯",0,22,-22
"18769","2929淘帝","110/07/13","新光",21,4,17
"18770","2929淘帝","110/07/13","第一金-豐原",0,20,-20
"18771","2929淘帝","110/07/13","元大-天母",17,0,17
"18772","2929淘帝","110/07/13","元大-屏南",6,26,-20
"18773","2929淘帝","110/07/13","永興",14,0,14
"18774","2929淘帝","110/07/13","永豐金-敦南",1,21,-20
"18775","2929淘帝","110/07/13","富邦-台北",12,0,12
"18776","2929淘帝","110/07/13","凱基-三重",2,21,-19
"18777","2929淘帝","110/07/13","元大-永和",12,0,12
"18778","2929淘帝","110/07/13","富邦-仁愛",7,25,-18
"18779","2929淘帝","110/07/13","國票-天祥",11,0,11
"18780","2929淘帝","110/07/13","元大-北投",0,16,-16
"18781","5410國眾","110/07/13","兆豐-城中",274,0,274
"18782","5410國眾","110/07/13","元富-嘉義",0,103,-103
"18783","5410國眾","110/07/13","新光",50,4,46
"18784","5410國眾","110/07/13","凱基-台北",0,50,-50
"18785","5410國眾","110/07/13","國泰-台中",26,0,26
"18786","5410國眾","110/07/13","瑞士信貸",0,31,-31
"18787","5410國眾","110/07/13","新加坡商瑞銀",22,0,22
"18788","5410國眾","110/07/13","台新-新莊",0,27,-27
"18789","5410國眾","110/07/13","光和-嘉義",20,0,20
"18790","5410國眾","110/07/13","元大-汐止",0,20,-20
"18791","5410國眾","110/07/13","凱基-竹北",17,0,17
"18792","5410國眾","110/07/13","亞東-新竹",0,17,-17
"18793","5410國眾","110/07/13","新光-桃園",15,0,15
"18794","5410國眾","110/07/13","元大-南勢角",0,13,-13
"18795","5410國眾","110/07/13","凱基-台東",14,0,14
"18796","5410國眾","110/07/13","台新-台南",0,12,-12
"18797","5410國眾","110/07/13","富邦-竹北",11,0,11
"18798","5410國眾","110/07/13","中國信託",0,11,-11
"18799","5410國眾","110/07/13","元富-同大",10,0,10
"18800","5410國眾","110/07/13","華南永昌",0,11,-11
"18801","5410國眾","110/07/13","國泰-敦南",24,15,9
"18802","5410國眾","110/07/13","臺銀-臺南",0,10,-10
"18803","5410國眾","110/07/13","日盛-內湖",7,0,7
"18804","5410國眾","110/07/13","台灣企銀-民雄",0,10,-10
"18805","5410國眾","110/07/13","台新-左楠",7,0,7
"18806","5410國眾","110/07/13","高橋",0,10,-10
"18807","5410國眾","110/07/13","元大-新盛",18,12,6
"18808","5410國眾","110/07/13","康和-嘉義",0,10,-10
"18809","5410國眾","110/07/13","統一",5,0,5
"18810","5410國眾","110/07/13","凱基-基隆",0,10,-10
"18811","2841台開","110/07/13","中國信託-高雄",251,50,201
"18812","2841台開","110/07/13","兆豐-公益",0,177,-177
"18813","2841台開","110/07/13","日盛證券",210,13,197
"18814","2841台開","110/07/13","日進",0,152,-152
"18815","2841台開","110/07/13","第一金-台中",55,0,55
"18816","2841台開","110/07/13","港商野村",0,109,-109
"18817","2841台開","110/07/13","國泰-板橋",46,0,46
"18818","2841台開","110/07/13","日盛-信義",0,103,-103
"18819","2841台開","110/07/13","國泰-館前",48,3,45
"18820","2841台開","110/07/13","國泰-敦南",11,75,-64
"18821","2841台開","110/07/13","華南永昌-新莊",45,0,45
"18822","2841台開","110/07/13","永興",0,50,-50
"18823","2841台開","110/07/13","日盛-園區",42,0,42
"18824","2841台開","110/07/13","永豐金-敦南",61,104,-43
"18825","2841台開","110/07/13","台新證券",32,0,32
"18826","2841台開","110/07/13","富邦-台南",0,42,-42
"18827","2841台開","110/07/13","台新-高雄",32,2,30
"18828","2841台開","110/07/13","國票-安和",0,30,-30
"18829","2841台開","110/07/13","豐農",23,0,23
"18830","2841台開","110/07/13","元大-桃園",0,25,-25
"18831","2841台開","110/07/13","合庫-嘉義",20,0,20
"18832","2841台開","110/07/13","新光",8,32,-24
"18833","2841台開","110/07/13","華南永昌-高雄",20,0,20
"18834","2841台開","110/07/13","元大-仁愛",0,24,-24
"18835","2841台開","110/07/13","元大-樹林",16,0,16
"18836","2841台開","110/07/13","日盛-中和",0,20,-20
"18837","2841台開","110/07/13","第一金-華江",15,2,13
"18838","2841台開","110/07/13","元富",0,20,-20
"18839","2841台開","110/07/13","美商高盛",12,0,12
"18840","2841台開","110/07/13","富邦-宜蘭",0,20,-20
"18841","6207雷科","110/07/13","元大-高雄",121,0,121
"18842","6207雷科","110/07/13","華南永昌-朴子",1,60,-59
"18843","6207雷科","110/07/13","第一金-新興",20,0,20
"18844","6207雷科","110/07/13","元大-南海",0,36,-36
"18845","6207雷科","110/07/13","元富-三重",20,0,20
"18846","6207雷科","110/07/13","凱基-土城",0,35,-35
"18847","6207雷科","110/07/13","元大-林園",15,0,15
"18848","6207雷科","110/07/13","台灣企銀",0,20,-20
"18849","6207雷科","110/07/13","元大-金華",16,1,15
"18850","6207雷科","110/07/13","群益金鼎-丹鳳",0,20,-20
"18851","6207雷科","110/07/13","日盛證券",10,0,10
"18852","6207雷科","110/07/13","元大-博愛",0,17,-17
"18853","6207雷科","110/07/13","統一-台中",10,0,10
"18854","6207雷科","110/07/13","元大-北港",0,13,-13
"18855","6207雷科","110/07/13","群益金鼎-土城",10,0,10
"18856","6207雷科","110/07/13","新加坡商瑞銀",0,12,-12
"18857","6207雷科","110/07/13","群益金鼎-桃園",10,0,10
"18858","6207雷科","110/07/13","凱基-台北",4,16,-12
"18859","6207雷科","110/07/13","永豐金-新莊",10,0,10
"18860","6207雷科","110/07/13","日茂-埔里",0,11,-11
"18861","6207雷科","110/07/13","永豐金-新店",10,0,10
"18862","6207雷科","110/07/13","元大-莒光",0,11,-11
"18863","6207雷科","110/07/13","元大證券",9,0,9
"18864","6207雷科","110/07/13","統一-新竹",0,10,-10
"18865","6207雷科","110/07/13","日盛-木柵",9,1,8
"18866","6207雷科","110/07/13","元大-西螺",0,10,-10
"18867","6207雷科","110/07/13","兆豐-來福",8,0,8
"18868","6207雷科","110/07/13","康和-台中",0,8,-8
"18869","6207雷科","110/07/13","新光",7,0,7
"18870","6207雷科","110/07/13","兆豐-高雄",0,6,-6
"18871","3679新至陞","110/07/13","永豐金證券",50,0,50
"18872","3679新至陞","110/07/13","摩根大通",2,25,-23
"18873","3679新至陞","110/07/13","國泰-桃園",22,0,22
"18874","3679新至陞","110/07/13","元大-成功",0,22,-22
"18875","3679新至陞","110/07/13","台中銀-員林",11,0,11
"18876","3679新至陞","110/07/13","富邦-板橋",1,19,-18
"18877","3679新至陞","110/07/13","元大-文心興安",8,0,8
"18878","3679新至陞","110/07/13","日盛-新莊",0,10,-10
"18879","3679新至陞","110/07/13","美商高盛",6,0,6
"18880","3679新至陞","110/07/13","台新-台中",0,10,-10
"18881","3679新至陞","110/07/13","台新-高雄",6,0,6
"18882","3679新至陞","110/07/13","永豐金-新竹",0,8,-8
"18883","3679新至陞","110/07/13","凱基-台北",18,12,6
"18884","3679新至陞","110/07/13","瑞士信貸",12,19,-7
"18885","3679新至陞","110/07/13","日盛-復興",5,0,5
"18886","3679新至陞","110/07/13","統一-南京",0,7,-7
"18887","3679新至陞","110/07/13","(牛牛牛)亞-鑫豐",4,0,4
"18888","3679新至陞","110/07/13","凱基-新莊",0,7,-7
"18889","3679新至陞","110/07/13","元富-大昌",3,0,3
"18890","3679新至陞","110/07/13","新加坡商瑞銀",0,6,-6
"18891","3679新至陞","110/07/13","富邦-台北",3,0,3
"18892","3679新至陞","110/07/13","合庫-自強",0,5,-5
"18893","3679新至陞","110/07/13","日盛-樹林",2,0,2
"18894","3679新至陞","110/07/13","富邦-桃園",0,5,-5
"18895","3679新至陞","110/07/13","宏遠-光隆",2,0,2
"18896","3679新至陞","110/07/13","永豐金-潮州",0,4,-4
"18897","3679新至陞","110/07/13","美林",3,1,2
"18898","3679新至陞","110/07/13","臺銀-臺南",0,3,-3
"18899","3679新至陞","110/07/13","第一金-中壢",2,0,2
"18900","3679新至陞","110/07/13","元大-六合",0,3,-3
"18901","2727王品","110/07/13","富邦-台北",43,3,40
"18902","2727王品","110/07/13","台灣摩根士丹利",15,97,-82
"18903","2727王品","110/07/13","元大-基隆孝二",40,0,40
"18904","2727王品","110/07/13","玉山-台南",5,57,-52
"18905","2727王品","110/07/13","國票-新莊",40,1,39
"18906","2727王品","110/07/13","新加坡商瑞銀",0,48,-48
"18907","2727王品","110/07/13","第一金-豐原",66,42,24
"18908","2727王品","110/07/13","凱基-台北",41,77,-36
"18909","2727王品","110/07/13","永豐金-大園",34,10,24
"18910","2727王品","110/07/13","永豐金-永康",0,22,-22
"18911","2727王品","110/07/13","元大-北屯",22,0,22
"18912","2727王品","110/07/13","統一-台中",2,22,-20
"18913","2727王品","110/07/13","元大-東蘆",26,7,19
"18914","2727王品","110/07/13","國泰-台中",21,39,-18
"18915","2727王品","110/07/13","永豐金-萬盛",13,1,12
"18916","2727王品","110/07/13","合庫-彰化",3,20,-17
"18917","2727王品","110/07/13","日盛-嘉義",11,0,11
"18918","2727王品","110/07/13","港商野村",13,30,-17
"18919","2727王品","110/07/13","日盛-八德",11,0,11
"18920","2727王品","110/07/13","元大-楊梅",1,16,-15
"18921","2727王品","110/07/13","統一-竹南",11,0,11
"18922","2727王品","110/07/13","凱基-高美館",2,15,-13
"18923","2727王品","110/07/13","日盛-士林",12,2,10
"18924","2727王品","110/07/13","美商高盛",2,14,-12
"18925","2727王品","110/07/13","統一-敦南",10,0,10
"18926","2727王品","110/07/13","統一-平鎮",1,13,-12
"18927","2727王品","110/07/13","中國信託",15,5,10
"18928","2727王品","110/07/13","兆豐-台中港",4,16,-12
"18929","2727王品","110/07/13","兆豐-竹北",13,3,10
"18930","2727王品","110/07/13","凱基-八德",1,13,-12
"18931","1570力肯","110/07/13","新光",115,11,104
"18932","1570力肯","110/07/13","元大-北三重",0,162,-162
"18933","1570力肯","110/07/13","群益金鼎-高雄",54,0,54
"18934","1570力肯","110/07/13","元大-大灣",0,25,-25
"18935","1570力肯","110/07/13","國票-新莊",22,0,22
"18936","1570力肯","110/07/13","永豐金-苓雅",0,22,-22
"18937","1570力肯","110/07/13","日盛-桃園",12,0,12
"18938","1570力肯","110/07/13","永豐金-永康",0,19,-19
"18939","1570力肯","110/07/13","元大-高雄",12,0,12
"18940","1570力肯","110/07/13","富邦-員林",0,15,-15
"18941","1570力肯","110/07/13","合庫-自強",11,0,11
"18942","1570力肯","110/07/13","凱基-台南",0,11,-11
"18943","1570力肯","110/07/13","摩根大通",26,15,11
"18944","1570力肯","110/07/13","日盛-竹北",0,10,-10
"18945","1570力肯","110/07/13","永豐金-中盛",11,0,11
"18946","1570力肯","110/07/13","國票-九鼎",0,10,-10
"18947","1570力肯","110/07/13","兆豐-台中港",10,0,10
"18948","1570力肯","110/07/13","凱基-桃園",0,10,-10
"18949","1570力肯","110/07/13","國泰-松江",9,0,9
"18950","1570力肯","110/07/13","凱基-新豐",0,10,-10
"18951","1570力肯","110/07/13","元大-新盛",9,0,9
"18952","1570力肯","110/07/13","元大-學甲",0,10,-10
"18953","1570力肯","110/07/13","元富-緯城",6,0,6
"18954","1570力肯","110/07/13","群益金鼎-東湖",1,10,-9
"18955","1570力肯","110/07/13","統一-三重",5,0,5
"18956","1570力肯","110/07/13","大昌",0,6,-6
"18957","1570力肯","110/07/13","元大-前金",5,0,5
"18958","1570力肯","110/07/13","元大-土城學府",0,6,-6
"18959","1570力肯","110/07/13","永豐金證券",5,0,5
"18960","1570力肯","110/07/13","統一",0,5,-5
"18961","6180橘子","110/07/13","摩根大通",119,0,119
"18962","6180橘子","110/07/13","元大-崇德",2,61,-59
"18963","6180橘子","110/07/13","美商高盛",96,0,96
"18964","6180橘子","110/07/13","康和-台中",0,51,-51
"18965","6180橘子","110/07/13","新加坡商瑞銀",86,7,79
"18966","6180橘子","110/07/13","康和-台北",0,50,-50
"18967","6180橘子","110/07/13","元大-和平",40,0,40
"18968","6180橘子","110/07/13","元富-潮州",0,40,-40
"18969","6180橘子","110/07/13","凱基-台北",83,47,36
"18970","6180橘子","110/07/13","日盛-永康",0,26,-26
"18971","6180橘子","110/07/13","美林",39,5,34
"18972","6180橘子","110/07/13","永豐金-中正",0,24,-24
"18973","6180橘子","110/07/13","富邦-新竹華信",31,2,29
"18974","6180橘子","110/07/13","國泰-板橋",2,25,-23
"18975","6180橘子","110/07/13","統一-南京",21,0,21
"18976","6180橘子","110/07/13","日盛-大墩",0,20,-20
"18977","6180橘子","110/07/13","富邦-陽明",24,3,21
"18978","6180橘子","110/07/13","元大-草屯",13,32,-19
"18979","6180橘子","110/07/13","大昌-樹林",21,1,20
"18980","6180橘子","110/07/13","元富-林園",1,18,-17
"18981","6180橘子","110/07/13","花旗環球",19,0,19
"18982","6180橘子","110/07/13","新光-新竹",1,18,-17
"18983","6180橘子","110/07/13","華南永昌-台南",19,0,19
"18984","6180橘子","110/07/13","元大-土城永寧",0,17,-17
"18985","6180橘子","110/07/13","福勝",14,0,14
"18986","6180橘子","110/07/13","國泰-新莊",3,19,-16
"18987","6180橘子","110/07/13","富邦-嘉義",12,1,11
"18988","6180橘子","110/07/13","中國信託-永康",6,21,-15
"18989","6180橘子","110/07/13","元大-板橋三民",11,0,11
"18990","6180橘子","110/07/13","凱基-東港",1,15,-14
"18991","2390云辰","110/07/13","新加坡商瑞銀",562,75,487
"18992","2390云辰","110/07/13","大展-台南",0,532,-532
"18993","2390云辰","110/07/13","台灣摩根士丹利",330,155,175
"18994","2390云辰","110/07/13","凱基-台北",668,854,-186
"18995","2390云辰","110/07/13","兆豐-公益",126,25,101
"18996","2390云辰","110/07/13","凱基-三重",12,172,-160
"18997","2390云辰","110/07/13","元富-中港",100,2,98
"18998","2390云辰","110/07/13","兆豐-忠孝",4,161,-157
"18999","2390云辰","110/07/13","統一-新台中",106,9,97
"19000","2390云辰","110/07/13","元大-士林",19,170,-151
"19001","2390云辰","110/07/13","中國信託-松江",81,11,70
"19002","2390云辰","110/07/13","臺銀-新竹",14,117,-103
"19003","2390云辰","110/07/13","日盛-板橋",72,3,69
"19004","2390云辰","110/07/13","國票-台中",4,102,-98
"19005","2390云辰","110/07/13","日盛-和美",57,0,57
"19006","2390云辰","110/07/13","新光",147,232,-85
"19007","2390云辰","110/07/13","永豐金-桃園",88,36,52
"19008","2390云辰","110/07/13","致和-崇德",2,70,-68
"19009","2390云辰","110/07/13","玉山-士林",54,4,50
"19010","2390云辰","110/07/13","群益金鼎-屏東",2,70,-68
"19011","2390云辰","110/07/13","富邦-仁愛",56,6,50
"19012","2390云辰","110/07/13","元大-大里",35,98,-63
"19013","2390云辰","110/07/13","第一金-豐原",50,1,49
"19014","2390云辰","110/07/13","元大-萬華",35,94,-59
"19015","2390云辰","110/07/13","摩根大通",502,453,49
"19016","2390云辰","110/07/13","元富-吉利",2,60,-58
"19017","2390云辰","110/07/13","凱基-松山",61,13,48
"19018","2390云辰","110/07/13","兆豐-新竹",3,53,-50
"19019","2390云辰","110/07/13","大昌",64,22,42
"19020","2390云辰","110/07/13","富邦-嘉義",65,108,-43
"19021","2363矽統","110/07/12","凱基-幸福",4046,31,4015
"19022","2363矽統","110/07/12","台新證券",478,2105,-1627
"19023","2363矽統","110/07/12","統一",3504,120,3384
"19024","2363矽統","110/07/12","第一金-忠孝",4,1068,-1064
"19025","2363矽統","110/07/12","摩根大通",3006,2149,857
"19026","2363矽統","110/07/12","台新-台中",381,1003,-622
"19027","2363矽統","110/07/12","永豐金證券",1428,610,818
"19028","2363矽統","110/07/12","新光",1295,1822,-527
"19029","2363矽統","110/07/12","兆豐-復興",1936,1233,703
"19030","2363矽統","110/07/12","大昌-樹林",54,537,-483
"19031","2363矽統","110/07/12","台灣摩根士丹利",701,0,701
"19032","2363矽統","110/07/12","華南永昌-台中",90,549,-459
"19033","2363矽統","110/07/12","永豐金-南投",803,145,658
"19034","2363矽統","110/07/12","玉山-高雄",167,612,-445
"19035","2363矽統","110/07/12","統一-仁愛",1214,586,628
"19036","2363矽統","110/07/12","元富-同大",201,540,-339
"19037","2363矽統","110/07/12","統一-土城",688,75,613
"19038","2363矽統","110/07/12","華南永昌-東勢",31,367,-336
"19039","2363矽統","110/07/12","統一-城中",711,131,580
"19040","2363矽統","110/07/12","土銀-花蓮",9,333,-324
"19041","2363矽統","110/07/12","統一-敦南",632,54,578
"19042","2363矽統","110/07/12","凱基-豐中",120,434,-314
"19043","2363矽統","110/07/12","新加坡商瑞銀",1232,731,501
"19044","2363矽統","110/07/12","永豐金-竹科",54,323,-269
"19045","2363矽統","110/07/12","元富",2640,2142,498
"19046","2363矽統","110/07/12","元大-斗六",53,300,-247
"19047","2363矽統","110/07/12","凱基-永和",460,31,429
"19048","2363矽統","110/07/12","華南永昌-朴子",47,278,-231
"19049","2363矽統","110/07/12","第一金",380,22,358
"19050","2363矽統","110/07/12","永豐金-彰化",22,228,-206
"19051","8112至上","110/07/12","摩根大通",1167,290,877
"19052","8112至上","110/07/12","群益金鼎-新莊",1,156,-155
"19053","8112至上","110/07/12","凱基-台北",983,546,437
"19054","8112至上","110/07/12","國票-中港",0,131,-131
"19055","8112至上","110/07/12","新加坡商瑞銀",429,12,417
"19056","8112至上","110/07/12","元大證券",10,136,-126
"19057","8112至上","110/07/12","元大-屏南",360,2,358
"19058","8112至上","110/07/12","元大-中壢",11,135,-124
"19059","8112至上","110/07/12","美林",323,15,308
"19060","8112至上","110/07/12","合庫-基隆",0,122,-122
"19061","8112至上","110/07/12","台灣摩根士丹利",299,0,299
"19062","8112至上","110/07/12","群益金鼎-高盛",4,103,-99
"19063","8112至上","110/07/12","港商野村",267,28,239
"19064","8112至上","110/07/12","新光",110,202,-92
"19065","8112至上","110/07/12","大慶",165,3,162
"19066","8112至上","110/07/12","元大-府城",2,94,-92
"19067","8112至上","110/07/12","永豐金-台南",170,29,141
"19068","8112至上","110/07/12","富邦-板橋",5,92,-87
"19069","8112至上","110/07/12","華南永昌-長虹",128,2,126
"19070","8112至上","110/07/12","元大-土城",8,89,-81
"19071","8112至上","110/07/12","富邦-仁愛",157,51,106
"19072","8112至上","110/07/12","日盛-頭份",40,117,-77
"19073","8112至上","110/07/12","瑞士信貸",104,0,104
"19074","8112至上","110/07/12","玉山-嘉義",3,80,-77
"19075","8112至上","110/07/12","凱基-站前",100,11,89
"19076","8112至上","110/07/12","永豐金-松山",4,79,-75
"19077","8112至上","110/07/12","富邦-北港",90,3,87
"19078","8112至上","110/07/12","元大-敦南",3,75,-72
"19079","8112至上","110/07/12","元大-北港",101,20,81
"19080","8112至上","110/07/12","元富-大裕",6,77,-71
"19081","4903聯光通","110/07/12","台灣企銀-太平",19,0,19
"19082","4903聯光通","110/07/12","玉山-南京東路",0,16,-16
"19083","4903聯光通","110/07/12","統一-土城",17,0,17
"19084","4903聯光通","110/07/12","新光",0,14,-14
"19085","4903聯光通","110/07/12","國票-博愛",14,0,14
"19086","4903聯光通","110/07/12","兆豐-彰化",0,10,-10
"19087","4903聯光通","110/07/12","新光-台中",15,2,13
"19088","4903聯光通","110/07/12","國票",0,10,-10
"19089","4903聯光通","110/07/12","元大-彰化",11,0,11
"19090","4903聯光通","110/07/12","富邦-敦南",0,10,-10
"19091","4903聯光通","110/07/12","華南永昌-林口",10,0,10
"19092","4903聯光通","110/07/12","元大-前金",0,9,-9
"19093","4903聯光通","110/07/12","永豐金-南投",9,0,9
"19094","4903聯光通","110/07/12","日盛-頭份",0,8,-8
"19095","4903聯光通","110/07/12","元大-清水",8,0,8
"19096","4903聯光通","110/07/12","元大-太平",0,8,-8
"19097","4903聯光通","110/07/12","元大-博愛",8,0,8
"19098","4903聯光通","110/07/12","兆豐-埔墘",0,7,-7
"19099","4903聯光通","110/07/12","玉山-新莊",5,0,5
"19100","4903聯光通","110/07/12","臺銀-民權",0,5,-5
"19101","4903聯光通","110/07/12","凱基-士林",10,5,5
"19102","4903聯光通","110/07/12","富邦-板橋",0,5,-5
"19103","4903聯光通","110/07/12","元大-斗六",4,0,4
"19104","4903聯光通","110/07/12","元大-土城永寧",0,5,-5
"19105","4903聯光通","110/07/12","永豐金-羅東",4,0,4
"19106","4903聯光通","110/07/12","台新證券",0,4,-4
"19107","4903聯光通","110/07/12","日盛-樹林",3,0,3
"19108","4903聯光通","110/07/12","凱基-中壢",0,4,-4
"19109","4903聯光通","110/07/12","華南永昌-鶯歌",2,0,2
"19110","4903聯光通","110/07/12","元大-羅東",0,4,-4
"19111","2929淘帝","110/07/12","新光-台中",95,36,59
"19112","2929淘帝","110/07/12","華南永昌-林口",7,208,-201
"19113","2929淘帝","110/07/12","富邦-板橋",62,5,57
"19114","2929淘帝","110/07/12","富邦-台北",6,200,-194
"19115","2929淘帝","110/07/12","合庫-高雄",56,6,50
"19116","2929淘帝","110/07/12","元富-大裕",11,200,-189
"19117","2929淘帝","110/07/12","永興",41,0,41
"19118","2929淘帝","110/07/12","台中銀-台北",0,160,-160
"19119","2929淘帝","110/07/12","兆豐-忠孝",58,18,40
"19120","2929淘帝","110/07/12","日盛-園區",1,111,-110
"19121","2929淘帝","110/07/12","新光-高雄",39,3,36
"19122","2929淘帝","110/07/12","日盛-八德",0,88,-88
"19123","2929淘帝","110/07/12","凱基-豐中",36,0,36
"19124","2929淘帝","110/07/12","玉山-新竹",32,110,-78
"19125","2929淘帝","110/07/12","元大-民生",35,0,35
"19126","2929淘帝","110/07/12","元大-前金",0,72,-72
"19127","2929淘帝","110/07/12","臺銀-臺南",32,1,31
"19128","2929淘帝","110/07/12","元大-館前",12,83,-71
"19129","2929淘帝","110/07/12","台新證券",44,13,31
"19130","2929淘帝","110/07/12","華南永昌",1,57,-56
"19131","2929淘帝","110/07/12","新百王",30,0,30
"19132","2929淘帝","110/07/12","元大-南崁",4,59,-55
"19133","2929淘帝","110/07/12","群益金鼎-大興",30,0,30
"19134","2929淘帝","110/07/12","元大-嘉義",0,51,-51
"19135","2929淘帝","110/07/12","凱基-台北",32,5,27
"19136","2929淘帝","110/07/12","日茂",1,50,-49
"19137","2929淘帝","110/07/12","元富-城東",26,0,26
"19138","2929淘帝","110/07/12","新光",35,83,-48
"19139","2929淘帝","110/07/12","國泰-松江",26,0,26
"19140","2929淘帝","110/07/12","日盛-新竹",1,48,-47
"19141","5410國眾","110/07/12","群益金鼎-中壢",68,0,68
"19142","5410國眾","110/07/12","摩根大通",6,67,-61
"19143","5410國眾","110/07/12","凱基-市政",40,0,40
"19144","5410國眾","110/07/12","元富-嘉義",0,60,-60
"19145","5410國眾","110/07/12","凱基-竹北",38,0,38
"19146","5410國眾","110/07/12","凱基-台北",0,51,-51
"19147","5410國眾","110/07/12","華南永昌-三重",30,0,30
"19148","5410國眾","110/07/12","元富-大裕",0,33,-33
"19149","5410國眾","110/07/12","永興",20,0,20
"19150","5410國眾","110/07/12","日盛-木柵",0,15,-15
"19151","5410國眾","110/07/12","統一-新台中",20,0,20
"19152","5410國眾","110/07/12","群益金鼎-民權",0,15,-15
"19153","5410國眾","110/07/12","兆豐-三重",20,0,20
"19154","5410國眾","110/07/12","元富-緯城",0,14,-14
"19155","5410國眾","110/07/12","富邦-台中",20,0,20
"19156","5410國眾","110/07/12","元大-大同",0,12,-12
"19157","5410國眾","110/07/12","臺銀",15,0,15
"19158","5410國眾","110/07/12","元大-莒光",0,10,-10
"19159","5410國眾","110/07/12","新光-桃園",20,6,14
"19160","5410國眾","110/07/12","元大-博愛",0,10,-10
"19161","5410國眾","110/07/12","元大-員林",12,0,12
"19162","5410國眾","110/07/12","日盛-永康",0,8,-8
"19163","5410國眾","110/07/12","日盛-員林",10,0,10
"19164","5410國眾","110/07/12","元大-四維",5,13,-8
"19165","5410國眾","110/07/12","元大-新盛",10,0,10
"19166","5410國眾","110/07/12","新加坡商瑞銀",0,7,-7
"19167","5410國眾","110/07/12","永豐金-台南",10,0,10
"19168","5410國眾","110/07/12","致和-金華",0,7,-7
"19169","5410國眾","110/07/12","元富-新莊",8,0,8
"19170","5410國眾","110/07/12","新光-新竹",0,7,-7
"19171","2841台開","110/07/12","永豐金-敦南",139,26,113
"19172","2841台開","110/07/12","華南永昌-朴子",0,528,-528
"19173","2841台開","110/07/12","日盛-雙和",68,0,68
"19174","2841台開","110/07/12","元大-苑裡",2,50,-48
"19175","2841台開","110/07/12","台新證券",62,4,58
"19176","2841台開","110/07/12","群益金鼎-東湖",0,40,-40
"19177","2841台開","110/07/12","凱基-文心",50,0,50
"19178","2841台開","110/07/12","第一金-員林",0,30,-30
"19179","2841台開","110/07/12","第一金-台中",45,0,45
"19180","2841台開","110/07/12","德信-中正",0,20,-20
"19181","2841台開","110/07/12","富邦-嘉義",40,0,40
"19182","2841台開","110/07/12","兆豐-嘉義",0,20,-20
"19183","2841台開","110/07/12","日盛-木柵",30,0,30
"19184","2841台開","110/07/12","彰銀-七賢",0,15,-15
"19185","2841台開","110/07/12","中國信託-文心",31,3,28
"19186","2841台開","110/07/12","元大-承德",0,14,-14
"19187","2841台開","110/07/12","元大-福營",30,7,23
"19188","2841台開","110/07/12","元富",0,12,-12
"19189","2841台開","110/07/12","台中銀",20,0,20
"19190","2841台開","110/07/12","富邦-陽明",0,11,-11
"19191","2841台開","110/07/12","國泰-板橋",20,0,20
"19192","2841台開","110/07/12","元大證券",0,11,-11
"19193","2841台開","110/07/12","元大-前金",20,0,20
"19194","2841台開","110/07/12","元大-大甲",0,10,-10
"19195","2841台開","110/07/12","中國信託-高雄",16,1,15
"19196","2841台開","110/07/12","日盛-新竹",0,8,-8
"19197","2841台開","110/07/12","陽信-石牌",15,0,15
"19198","2841台開","110/07/12","元富-城東",0,8,-8
"19199","2841台開","110/07/12","永豐金-南投",15,0,15
"19200","2841台開","110/07/12","玉山-台南",2,10,-8
"19201","6207雷科","110/07/12","元大-高雄",34,0,34
"19202","6207雷科","110/07/12","永豐金-三重",1,32,-31
"19203","6207雷科","110/07/12","華南永昌-林口",16,1,15
"19204","6207雷科","110/07/12","永全-八德",0,30,-30
"19205","6207雷科","110/07/12","摩根大通",19,6,13
"19206","6207雷科","110/07/12","國泰-台中",0,14,-14
"19207","6207雷科","110/07/12","元富-埔里",10,0,10
"19208","6207雷科","110/07/12","第一金-澎湖",0,10,-10
"19209","6207雷科","110/07/12","凱基-台南",10,0,10
"19210","6207雷科","110/07/12","元富-林園",0,10,-10
"19211","6207雷科","110/07/12","新加坡商瑞銀",9,0,9
"19212","6207雷科","110/07/12","元大-東門",0,10,-10
"19213","6207雷科","110/07/12","瑞士信貸",8,0,8
"19214","6207雷科","110/07/12","兆豐-嘉義",0,4,-4
"19215","6207雷科","110/07/12","中國信託-高雄",9,1,8
"19216","6207雷科","110/07/12","新光",0,4,-4
"19217","6207雷科","110/07/12","凱基-高雄",6,0,6
"19218","6207雷科","110/07/12","新光-台中",0,4,-4
"19219","6207雷科","110/07/12","元大-六合",6,0,6
"19220","6207雷科","110/07/12","群益金鼎-開元",0,4,-4
"19221","6207雷科","110/07/12","永豐金-信義",6,0,6
"19222","6207雷科","110/07/12","凱基-桃園",0,4,-4
"19223","6207雷科","110/07/12","群益金鼎-土城",5,0,5
"19224","6207雷科","110/07/12","凱基-民權",0,4,-4
"19225","6207雷科","110/07/12","群益金鼎-竹南",5,0,5
"19226","6207雷科","110/07/12","玉山-新莊",0,3,-3
"19227","6207雷科","110/07/12","元大-大灣",5,1,4
"19228","6207雷科","110/07/12","國泰-松江",0,3,-3
"19229","6207雷科","110/07/12","永興",3,0,3
"19230","6207雷科","110/07/12","富邦-羅東",0,3,-3
"19231","3679新至陞","110/07/12","富邦-新竹華信",40,2,38
"19232","3679新至陞","110/07/12","瑞士信貸",0,45,-45
"19233","3679新至陞","110/07/12","台中銀-員林",28,2,26
"19234","3679新至陞","110/07/12","永豐金-天母",0,39,-39
"19235","3679新至陞","110/07/12","聯邦-大業",24,0,24
"19236","3679新至陞","110/07/12","摩根大通",7,35,-28
"19237","3679新至陞","110/07/12","永豐金證券",20,0,20
"19238","3679新至陞","110/07/12","凱基-台北",8,36,-28
"19239","3679新至陞","110/07/12","港商法國興業",14,0,14
"19240","3679新至陞","110/07/12","華南永昌-小港",1,23,-22
"19241","3679新至陞","110/07/12","日盛-樹林",13,1,12
"19242","3679新至陞","110/07/12","台新-台中",0,15,-15
"19243","3679新至陞","110/07/12","國泰-桃園",9,0,9
"19244","3679新至陞","110/07/12","統一-台中",0,12,-12
"19245","3679新至陞","110/07/12","宏遠-館前",8,0,8
"19246","3679新至陞","110/07/12","元大-成功",1,12,-11
"19247","3679新至陞","110/07/12","凱基",10,2,8
"19248","3679新至陞","110/07/12","康和-澎湖",0,8,-8
"19249","3679新至陞","110/07/12","(牛牛牛)亞-網路",7,0,7
"19250","3679新至陞","110/07/12","新加坡商瑞銀",0,7,-7
"19251","3679新至陞","110/07/12","兆豐-員林",7,0,7
"19252","3679新至陞","110/07/12","兆豐-來福",0,7,-7
"19253","3679新至陞","110/07/12","大慶-蘆洲",5,0,5
"19254","3679新至陞","110/07/12","元大-佳里",0,6,-6
"19255","3679新至陞","110/07/12","土銀-花蓮",4,0,4
"19256","3679新至陞","110/07/12","美商高盛",0,5,-5
"19257","3679新至陞","110/07/12","台新-高雄",5,1,4
"19258","3679新至陞","110/07/12","國票-新莊",0,5,-5
"19259","3679新至陞","110/07/12","元大-天母",4,0,4
"19260","3679新至陞","110/07/12","台新-屏東",0,5,-5
"19261","2727王品","110/07/12","凱基-台北",354,198,156
"19262","2727王品","110/07/12","台灣摩根士丹利",5,386,-381
"19263","2727王品","110/07/12","統一-城中",159,22,137
"19264","2727王品","110/07/12","元大-嘉義",4,60,-56
"19265","2727王品","110/07/12","日盛-忠孝",60,0,60
"19266","2727王品","110/07/12","元大-大同",2,44,-42
"19267","2727王品","110/07/12","永豐金-忠孝",45,5,40
"19268","2727王品","110/07/12","國泰-台中",32,73,-41
"19269","2727王品","110/07/12","合庫-新竹",31,0,31
"19270","2727王品","110/07/12","元大證券",127,163,-36
"19271","2727王品","110/07/12","富邦-台中",31,3,28
"19272","2727王品","110/07/12","凱基",1,33,-32
"19273","2727王品","110/07/12","元大-桃園",35,10,25
"19274","2727王品","110/07/12","永全-南崁",1,31,-30
"19275","2727王品","110/07/12","新加坡商瑞銀",28,4,24
"19276","2727王品","110/07/12","凱基-和平",2,32,-30
"19277","2727王品","110/07/12","群益金鼎-古亭",25,2,23
"19278","2727王品","110/07/12","永豐金-大園",8,38,-30
"19279","2727王品","110/07/12","元大-龍潭",29,7,22
"19280","2727王品","110/07/12","瑞士信貸",0,28,-28
"19281","2727王品","110/07/12","永豐金-永康",25,3,22
"19282","2727王品","110/07/12","元富",17,44,-27
"19283","2727王品","110/07/12","富邦-竹北",24,3,21
"19284","2727王品","110/07/12","元大-北屯",5,32,-27
"19285","2727王品","110/07/12","群益金鼎-松山",20,0,20
"19286","2727王品","110/07/12","華南永昌",3,28,-25
"19287","2727王品","110/07/12","元大-八德",20,0,20
"19288","2727王品","110/07/12","統一-竹南",1,23,-22
"19289","2727王品","110/07/12","元大-南京",25,6,19
"19290","2727王品","110/07/12","永豐金證券",4,26,-22
"19291","1570力肯","110/07/12","國票-北高雄",40,0,40
"19292","1570力肯","110/07/12","日盛-竹北",0,40,-40
"19293","1570力肯","110/07/12","摩根大通",16,0,16
"19294","1570力肯","110/07/12","第一金-華江",1,38,-37
"19295","1570力肯","110/07/12","新光",31,19,12
"19296","1570力肯","110/07/12","元大-永春",0,26,-26
"19297","1570力肯","110/07/12","元大-台中中港",12,0,12
"19298","1570力肯","110/07/12","元大-古亭",1,20,-19
"19299","1570力肯","110/07/12","日盛-高雄",10,0,10
"19300","1570力肯","110/07/12","國泰-松江",0,16,-16
"19301","1570力肯","110/07/12","第一金-路竹",10,0,10
"19302","1570力肯","110/07/12","台新-台南",0,15,-15
"19303","1570力肯","110/07/12","台新-新莊",10,0,10
"19304","1570力肯","110/07/12","康和-石牌",0,15,-15
"19305","1570力肯","110/07/12","元大-新盛",9,0,9
"19306","1570力肯","110/07/12","國泰-板橋",0,11,-11
"19307","1570力肯","110/07/12","凱基-台北",8,0,8
"19308","1570力肯","110/07/12","元大-高雄",0,11,-11
"19309","1570力肯","110/07/12","彰銀-七賢",6,0,6
"19310","1570力肯","110/07/12","兆豐-桃園",0,10,-10
"19311","1570力肯","110/07/12","元富-緯城",6,0,6
"19312","1570力肯","110/07/12","元大-大益",0,10,-10
"19313","1570力肯","110/07/12","華南永昌-古亭",6,0,6
"19314","1570力肯","110/07/12","中國信託-文心",0,5,-5
"19315","1570力肯","110/07/12","富邦-陽明",6,0,6
"19316","1570力肯","110/07/12","光和",0,5,-5
"19317","1570力肯","110/07/12","臺銀-臺南",5,0,5
"19318","1570力肯","110/07/12","陽信-石牌",0,5,-5
"19319","1570力肯","110/07/12","宏遠-館前",5,0,5
"19320","1570力肯","110/07/12","國泰-高雄",0,5,-5
"19321","6180橘子","110/07/12","康和-台中",32,2,30
"19322","6180橘子","110/07/12","新百王",1,40,-39
"19323","6180橘子","110/07/12","美林",32,3,29
"19324","6180橘子","110/07/12","富邦-陽明",4,42,-38
"19325","6180橘子","110/07/12","元大-羅東",21,0,21
"19326","6180橘子","110/07/12","新光",3,32,-29
"19327","6180橘子","110/07/12","兆豐-埔墘",16,0,16
"19328","6180橘子","110/07/12","日盛-文化",4,20,-16
"19329","6180橘子","110/07/12","元大-雙和",12,0,12
"19330","6180橘子","110/07/12","華南永昌-鶯歌",0,15,-15
"19331","6180橘子","110/07/12","美商高盛",18,7,11
"19332","6180橘子","110/07/12","中國信託-忠孝",7,20,-13
"19333","6180橘子","110/07/12","台新證券",14,3,11
"19334","6180橘子","110/07/12","凱基-台北",5,17,-12
"19335","6180橘子","110/07/12","元大-中壢",12,1,11
"19336","6180橘子","110/07/12","凱基-高雄",0,11,-11
"19337","6180橘子","110/07/12","統一-南京",10,0,10
"19338","6180橘子","110/07/12","凱基-大安",0,10,-10
"19339","6180橘子","110/07/12","致和-崇德",10,0,10
"19340","6180橘子","110/07/12","元大-北屯",0,10,-10
"19341","6180橘子","110/07/12","玉山-板橋",10,0,10
"19342","6180橘子","110/07/12","元大-南京",0,9,-9
"19343","6180橘子","110/07/12","富邦-仁愛",10,0,10
"19344","6180橘子","110/07/12","元大-台南",1,10,-9
"19345","6180橘子","110/07/12","摩根大通",10,1,9
"19346","6180橘子","110/07/12","康和-澎湖",0,8,-8
"19347","6180橘子","110/07/12","元富-林園",8,0,8
"19348","6180橘子","110/07/12","第一金-台中",0,7,-7
"19349","6180橘子","110/07/12","大慶-富順",7,0,7
"19350","6180橘子","110/07/12","台新-台南",1,8,-7
"19351","2390云辰","110/07/12","統一-新台中",170,0,170
"19352","2390云辰","110/07/12","元大-天母",2,450,-448
"19353","2390云辰","110/07/12","華南永昌-麻豆",137,2,135
"19354","2390云辰","110/07/12","國泰-忠孝",1,143,-142
"19355","2390云辰","110/07/12","元富-成功",103,14,89
"19356","2390云辰","110/07/12","摩根大通",377,512,-135
"19357","2390云辰","110/07/12","元大-土城學府",146,69,77
"19358","2390云辰","110/07/12","台灣摩根士丹利",0,91,-91
"19359","2390云辰","110/07/12","永豐金-永康",76,4,72
"19360","2390云辰","110/07/12","美林",84,146,-62
"19361","2390云辰","110/07/12","台中銀",73,2,71
"19362","2390云辰","110/07/12","華南永昌-嘉義",2,61,-59
"19363","2390云辰","110/07/12","大昌",63,3,60
"19364","2390云辰","110/07/12","永豐金-羅東",0,49,-49
"19365","2390云辰","110/07/12","合庫-三重",50,0,50
"19366","2390云辰","110/07/12","玉山-台中",6,53,-47
"19367","2390云辰","110/07/12","元富-高雄",93,50,43
"19368","2390云辰","110/07/12","玉山-新莊",2,48,-46
"19369","2390云辰","110/07/12","元大-館前",40,4,36
"19370","2390云辰","110/07/12","元大-大里",7,52,-45
"19371","2390云辰","110/07/12","港商野村",143,109,34
"19372","2390云辰","110/07/12","元大-內湖",3,48,-45
"19373","2390云辰","110/07/12","元大-雙和",34,0,34
"19374","2390云辰","110/07/12","永豐金-市政",1,42,-41
"19375","2390云辰","110/07/12","群益金鼎-民權",33,2,31
"19376","2390云辰","110/07/12","元大-學甲",1,41,-40
"19377","2390云辰","110/07/12","日盛-八德",40,10,30
"19378","2390云辰","110/07/12","兆豐-高雄",2,41,-39
"19379","2390云辰","110/07/12","國票-嘉義",30,0,30
"19380","2390云辰","110/07/12","新加坡商瑞銀",21,59,-38
"19381","4903聯光通","110/07/12","台灣企銀-太平",19,0,19
"19382","4903聯光通","110/07/12","玉山-南京東路",0,16,-16
"19383","4903聯光通","110/07/12","統一-土城",17,0,17
"19384","4903聯光通","110/07/12","新光",0,14,-14
"19385","4903聯光通","110/07/12","國票-博愛",14,0,14
"19386","4903聯光通","110/07/12","兆豐-彰化",0,10,-10
"19387","4903聯光通","110/07/12","新光-台中",15,2,13
"19388","4903聯光通","110/07/12","國票",0,10,-10
"19389","4903聯光通","110/07/12","元大-彰化",11,0,11
"19390","4903聯光通","110/07/12","富邦-敦南",0,10,-10
"19391","4903聯光通","110/07/12","華南永昌-林口",10,0,10
"19392","4903聯光通","110/07/12","元大-前金",0,9,-9
"19393","4903聯光通","110/07/12","永豐金-南投",9,0,9
"19394","4903聯光通","110/07/12","日盛-頭份",0,8,-8
"19395","4903聯光通","110/07/12","元大-清水",8,0,8
"19396","4903聯光通","110/07/12","元大-太平",0,8,-8
"19397","4903聯光通","110/07/12","元大-博愛",8,0,8
"19398","4903聯光通","110/07/12","兆豐-埔墘",0,7,-7
"19399","4903聯光通","110/07/12","玉山-新莊",5,0,5
"19400","4903聯光通","110/07/12","臺銀-民權",0,5,-5
"19401","4903聯光通","110/07/12","凱基-士林",10,5,5
"19402","4903聯光通","110/07/12","富邦-板橋",0,5,-5
"19403","4903聯光通","110/07/12","元大-斗六",4,0,4
"19404","4903聯光通","110/07/12","元大-土城永寧",0,5,-5
"19405","4903聯光通","110/07/12","永豐金-羅東",4,0,4
"19406","4903聯光通","110/07/12","台新證券",0,4,-4
"19407","4903聯光通","110/07/12","日盛-樹林",3,0,3
"19408","4903聯光通","110/07/12","凱基-中壢",0,4,-4
"19409","4903聯光通","110/07/12","華南永昌-鶯歌",2,0,2
"19410","4903聯光通","110/07/12","元大-羅東",0,4,-4
"19411","2929淘帝","110/07/12","新光-台中",95,36,59
"19412","2929淘帝","110/07/12","華南永昌-林口",7,208,-201
"19413","2929淘帝","110/07/12","富邦-板橋",62,5,57
"19414","2929淘帝","110/07/12","富邦-台北",6,200,-194
"19415","2929淘帝","110/07/12","合庫-高雄",56,6,50
"19416","2929淘帝","110/07/12","元富-大裕",11,200,-189
"19417","2929淘帝","110/07/12","永興",41,0,41
"19418","2929淘帝","110/07/12","台中銀-台北",0,160,-160
"19419","2929淘帝","110/07/12","兆豐-忠孝",58,18,40
"19420","2929淘帝","110/07/12","日盛-園區",1,111,-110
"19421","2929淘帝","110/07/12","新光-高雄",39,3,36
"19422","2929淘帝","110/07/12","日盛-八德",0,88,-88
"19423","2929淘帝","110/07/12","凱基-豐中",36,0,36
"19424","2929淘帝","110/07/12","玉山-新竹",32,110,-78
"19425","2929淘帝","110/07/12","元大-民生",35,0,35
"19426","2929淘帝","110/07/12","元大-前金",0,72,-72
"19427","2929淘帝","110/07/12","臺銀-臺南",32,1,31
"19428","2929淘帝","110/07/12","元大-館前",12,83,-71
"19429","2929淘帝","110/07/12","台新證券",44,13,31
"19430","2929淘帝","110/07/12","華南永昌",1,57,-56
"19431","2929淘帝","110/07/12","新百王",30,0,30
"19432","2929淘帝","110/07/12","元大-南崁",4,59,-55
"19433","2929淘帝","110/07/12","群益金鼎-大興",30,0,30
"19434","2929淘帝","110/07/12","元大-嘉義",0,51,-51
"19435","2929淘帝","110/07/12","凱基-台北",32,5,27
"19436","2929淘帝","110/07/12","日茂",1,50,-49
"19437","2929淘帝","110/07/12","元富-城東",26,0,26
"19438","2929淘帝","110/07/12","新光",35,83,-48
"19439","2929淘帝","110/07/12","國泰-松江",26,0,26
"19440","2929淘帝","110/07/12","日盛-新竹",1,48,-47
"19441","5410國眾","110/07/12","群益金鼎-中壢",68,0,68
"19442","5410國眾","110/07/12","摩根大通",6,67,-61
"19443","5410國眾","110/07/12","凱基-市政",40,0,40
"19444","5410國眾","110/07/12","元富-嘉義",0,60,-60
"19445","5410國眾","110/07/12","凱基-竹北",38,0,38
"19446","5410國眾","110/07/12","凱基-台北",0,51,-51
"19447","5410國眾","110/07/12","華南永昌-三重",30,0,30
"19448","5410國眾","110/07/12","元富-大裕",0,33,-33
"19449","5410國眾","110/07/12","永興",20,0,20
"19450","5410國眾","110/07/12","日盛-木柵",0,15,-15
"19451","5410國眾","110/07/12","統一-新台中",20,0,20
"19452","5410國眾","110/07/12","群益金鼎-民權",0,15,-15
"19453","5410國眾","110/07/12","兆豐-三重",20,0,20
"19454","5410國眾","110/07/12","元富-緯城",0,14,-14
"19455","5410國眾","110/07/12","富邦-台中",20,0,20
"19456","5410國眾","110/07/12","元大-大同",0,12,-12
"19457","5410國眾","110/07/12","臺銀",15,0,15
"19458","5410國眾","110/07/12","元大-莒光",0,10,-10
"19459","5410國眾","110/07/12","新光-桃園",20,6,14
"19460","5410國眾","110/07/12","元大-博愛",0,10,-10
"19461","5410國眾","110/07/12","元大-員林",12,0,12
"19462","5410國眾","110/07/12","日盛-永康",0,8,-8
"19463","5410國眾","110/07/12","日盛-員林",10,0,10
"19464","5410國眾","110/07/12","元大-四維",5,13,-8
"19465","5410國眾","110/07/12","元大-新盛",10,0,10
"19466","5410國眾","110/07/12","新加坡商瑞銀",0,7,-7
"19467","5410國眾","110/07/12","永豐金-台南",10,0,10
"19468","5410國眾","110/07/12","致和-金華",0,7,-7
"19469","5410國眾","110/07/12","元富-新莊",8,0,8
"19470","5410國眾","110/07/12","新光-新竹",0,7,-7
"19471","2841台開","110/07/12","永豐金-敦南",139,26,113
"19472","2841台開","110/07/12","華南永昌-朴子",0,528,-528
"19473","2841台開","110/07/12","日盛-雙和",68,0,68
"19474","2841台開","110/07/12","元大-苑裡",2,50,-48
"19475","2841台開","110/07/12","台新證券",62,4,58
"19476","2841台開","110/07/12","群益金鼎-東湖",0,40,-40
"19477","2841台開","110/07/12","凱基-文心",50,0,50
"19478","2841台開","110/07/12","第一金-員林",0,30,-30
"19479","2841台開","110/07/12","第一金-台中",45,0,45
"19480","2841台開","110/07/12","德信-中正",0,20,-20
"19481","2841台開","110/07/12","富邦-嘉義",40,0,40
"19482","2841台開","110/07/12","兆豐-嘉義",0,20,-20
"19483","2841台開","110/07/12","日盛-木柵",30,0,30
"19484","2841台開","110/07/12","彰銀-七賢",0,15,-15
"19485","2841台開","110/07/12","中國信託-文心",31,3,28
"19486","2841台開","110/07/12","元大-承德",0,14,-14
"19487","2841台開","110/07/12","元大-福營",30,7,23
"19488","2841台開","110/07/12","元富",0,12,-12
"19489","2841台開","110/07/12","台中銀",20,0,20
"19490","2841台開","110/07/12","富邦-陽明",0,11,-11
"19491","2841台開","110/07/12","國泰-板橋",20,0,20
"19492","2841台開","110/07/12","元大證券",0,11,-11
"19493","2841台開","110/07/12","元大-前金",20,0,20
"19494","2841台開","110/07/12","元大-大甲",0,10,-10
"19495","2841台開","110/07/12","中國信託-高雄",16,1,15
"19496","2841台開","110/07/12","日盛-新竹",0,8,-8
"19497","2841台開","110/07/12","陽信-石牌",15,0,15
"19498","2841台開","110/07/12","元富-城東",0,8,-8
"19499","2841台開","110/07/12","永豐金-南投",15,0,15
"19500","2841台開","110/07/12","玉山-台南",2,10,-8
"19501","6207雷科","110/07/12","元大-高雄",34,0,34
"19502","6207雷科","110/07/12","永豐金-三重",1,32,-31
"19503","6207雷科","110/07/12","華南永昌-林口",16,1,15
"19504","6207雷科","110/07/12","永全-八德",0,30,-30
"19505","6207雷科","110/07/12","摩根大通",19,6,13
"19506","6207雷科","110/07/12","國泰-台中",0,14,-14
"19507","6207雷科","110/07/12","元富-埔里",10,0,10
"19508","6207雷科","110/07/12","第一金-澎湖",0,10,-10
"19509","6207雷科","110/07/12","凱基-台南",10,0,10
"19510","6207雷科","110/07/12","元富-林園",0,10,-10
"19511","6207雷科","110/07/12","新加坡商瑞銀",9,0,9
"19512","6207雷科","110/07/12","元大-東門",0,10,-10
"19513","6207雷科","110/07/12","瑞士信貸",8,0,8
"19514","6207雷科","110/07/12","兆豐-嘉義",0,4,-4
"19515","6207雷科","110/07/12","中國信託-高雄",9,1,8
"19516","6207雷科","110/07/12","新光",0,4,-4
"19517","6207雷科","110/07/12","凱基-高雄",6,0,6
"19518","6207雷科","110/07/12","新光-台中",0,4,-4
"19519","6207雷科","110/07/12","元大-六合",6,0,6
"19520","6207雷科","110/07/12","群益金鼎-開元",0,4,-4
"19521","6207雷科","110/07/12","永豐金-信義",6,0,6
"19522","6207雷科","110/07/12","凱基-桃園",0,4,-4
"19523","6207雷科","110/07/12","群益金鼎-土城",5,0,5
"19524","6207雷科","110/07/12","凱基-民權",0,4,-4
"19525","6207雷科","110/07/12","群益金鼎-竹南",5,0,5
"19526","6207雷科","110/07/12","玉山-新莊",0,3,-3
"19527","6207雷科","110/07/12","元大-大灣",5,1,4
"19528","6207雷科","110/07/12","國泰-松江",0,3,-3
"19529","6207雷科","110/07/12","永興",3,0,3
"19530","6207雷科","110/07/12","富邦-羅東",0,3,-3
"19531","3679新至陞","110/07/12","富邦-新竹華信",40,2,38
"19532","3679新至陞","110/07/12","瑞士信貸",0,45,-45
"19533","3679新至陞","110/07/12","台中銀-員林",28,2,26
"19534","3679新至陞","110/07/12","永豐金-天母",0,39,-39
"19535","3679新至陞","110/07/12","聯邦-大業",24,0,24
"19536","3679新至陞","110/07/12","摩根大通",7,35,-28
"19537","3679新至陞","110/07/12","永豐金證券",20,0,20
"19538","3679新至陞","110/07/12","凱基-台北",8,36,-28
"19539","3679新至陞","110/07/12","港商法國興業",14,0,14
"19540","3679新至陞","110/07/12","華南永昌-小港",1,23,-22
"19541","3679新至陞","110/07/12","日盛-樹林",13,1,12
"19542","3679新至陞","110/07/12","台新-台中",0,15,-15
"19543","3679新至陞","110/07/12","國泰-桃園",9,0,9
"19544","3679新至陞","110/07/12","統一-台中",0,12,-12
"19545","3679新至陞","110/07/12","宏遠-館前",8,0,8
"19546","3679新至陞","110/07/12","元大-成功",1,12,-11
"19547","3679新至陞","110/07/12","凱基",10,2,8
"19548","3679新至陞","110/07/12","康和-澎湖",0,8,-8
"19549","3679新至陞","110/07/12","(牛牛牛)亞-網路",7,0,7
"19550","3679新至陞","110/07/12","新加坡商瑞銀",0,7,-7
"19551","3679新至陞","110/07/12","兆豐-員林",7,0,7
"19552","3679新至陞","110/07/12","兆豐-來福",0,7,-7
"19553","3679新至陞","110/07/12","大慶-蘆洲",5,0,5
"19554","3679新至陞","110/07/12","元大-佳里",0,6,-6
"19555","3679新至陞","110/07/12","土銀-花蓮",4,0,4
"19556","3679新至陞","110/07/12","美商高盛",0,5,-5
"19557","3679新至陞","110/07/12","台新-高雄",5,1,4
"19558","3679新至陞","110/07/12","國票-新莊",0,5,-5
"19559","3679新至陞","110/07/12","元大-天母",4,0,4
"19560","3679新至陞","110/07/12","台新-屏東",0,5,-5
"19561","2727王品","110/07/12","凱基-台北",354,198,156
"19562","2727王品","110/07/12","台灣摩根士丹利",5,386,-381
"19563","2727王品","110/07/12","統一-城中",159,22,137
"19564","2727王品","110/07/12","元大-嘉義",4,60,-56
"19565","2727王品","110/07/12","日盛-忠孝",60,0,60
"19566","2727王品","110/07/12","元大-大同",2,44,-42
"19567","2727王品","110/07/12","永豐金-忠孝",45,5,40
"19568","2727王品","110/07/12","國泰-台中",32,73,-41
"19569","2727王品","110/07/12","合庫-新竹",31,0,31
"19570","2727王品","110/07/12","元大證券",127,163,-36
"19571","2727王品","110/07/12","富邦-台中",31,3,28
"19572","2727王品","110/07/12","凱基",1,33,-32
"19573","2727王品","110/07/12","元大-桃園",35,10,25
"19574","2727王品","110/07/12","永全-南崁",1,31,-30
"19575","2727王品","110/07/12","新加坡商瑞銀",28,4,24
"19576","2727王品","110/07/12","凱基-和平",2,32,-30
"19577","2727王品","110/07/12","群益金鼎-古亭",25,2,23
"19578","2727王品","110/07/12","永豐金-大園",8,38,-30
"19579","2727王品","110/07/12","元大-龍潭",29,7,22
"19580","2727王品","110/07/12","瑞士信貸",0,28,-28
"19581","2727王品","110/07/12","永豐金-永康",25,3,22
"19582","2727王品","110/07/12","元富",17,44,-27
"19583","2727王品","110/07/12","富邦-竹北",24,3,21
"19584","2727王品","110/07/12","元大-北屯",5,32,-27
"19585","2727王品","110/07/12","群益金鼎-松山",20,0,20
"19586","2727王品","110/07/12","華南永昌",3,28,-25
"19587","2727王品","110/07/12","元大-八德",20,0,20
"19588","2727王品","110/07/12","統一-竹南",1,23,-22
"19589","2727王品","110/07/12","元大-南京",25,6,19
"19590","2727王品","110/07/12","永豐金證券",4,26,-22
"19591","1570力肯","110/07/12","國票-北高雄",40,0,40
"19592","1570力肯","110/07/12","日盛-竹北",0,40,-40
"19593","1570力肯","110/07/12","摩根大通",16,0,16
"19594","1570力肯","110/07/12","第一金-華江",1,38,-37
"19595","1570力肯","110/07/12","新光",31,19,12
"19596","1570力肯","110/07/12","元大-永春",0,26,-26
"19597","1570力肯","110/07/12","元大-台中中港",12,0,12
"19598","1570力肯","110/07/12","元大-古亭",1,20,-19
"19599","1570力肯","110/07/12","日盛-高雄",10,0,10
"19600","1570力肯","110/07/12","國泰-松江",0,16,-16
"19601","1570力肯","110/07/12","第一金-路竹",10,0,10
"19602","1570力肯","110/07/12","台新-台南",0,15,-15
"19603","1570力肯","110/07/12","台新-新莊",10,0,10
"19604","1570力肯","110/07/12","康和-石牌",0,15,-15
"19605","1570力肯","110/07/12","元大-新盛",9,0,9
"19606","1570力肯","110/07/12","國泰-板橋",0,11,-11
"19607","1570力肯","110/07/12","凱基-台北",8,0,8
"19608","1570力肯","110/07/12","元大-高雄",0,11,-11
"19609","1570力肯","110/07/12","彰銀-七賢",6,0,6
"19610","1570力肯","110/07/12","兆豐-桃園",0,10,-10
"19611","1570力肯","110/07/12","元富-緯城",6,0,6
"19612","1570力肯","110/07/12","元大-大益",0,10,-10
"19613","1570力肯","110/07/12","華南永昌-古亭",6,0,6
"19614","1570力肯","110/07/12","中國信託-文心",0,5,-5
"19615","1570力肯","110/07/12","富邦-陽明",6,0,6
"19616","1570力肯","110/07/12","光和",0,5,-5
"19617","1570力肯","110/07/12","臺銀-臺南",5,0,5
"19618","1570力肯","110/07/12","陽信-石牌",0,5,-5
"19619","1570力肯","110/07/12","宏遠-館前",5,0,5
"19620","1570力肯","110/07/12","國泰-高雄",0,5,-5
"19621","6180橘子","110/07/12","康和-台中",32,2,30
"19622","6180橘子","110/07/12","新百王",1,40,-39
"19623","6180橘子","110/07/12","美林",32,3,29
"19624","6180橘子","110/07/12","富邦-陽明",4,42,-38
"19625","6180橘子","110/07/12","元大-羅東",21,0,21
"19626","6180橘子","110/07/12","新光",3,32,-29
"19627","6180橘子","110/07/12","兆豐-埔墘",16,0,16
"19628","6180橘子","110/07/12","日盛-文化",4,20,-16
"19629","6180橘子","110/07/12","元大-雙和",12,0,12
"19630","6180橘子","110/07/12","華南永昌-鶯歌",0,15,-15
"19631","6180橘子","110/07/12","美商高盛",18,7,11
"19632","6180橘子","110/07/12","中國信託-忠孝",7,20,-13
"19633","6180橘子","110/07/12","台新證券",14,3,11
"19634","6180橘子","110/07/12","凱基-台北",5,17,-12
"19635","6180橘子","110/07/12","元大-中壢",12,1,11
"19636","6180橘子","110/07/12","凱基-高雄",0,11,-11
"19637","6180橘子","110/07/12","統一-南京",10,0,10
"19638","6180橘子","110/07/12","凱基-大安",0,10,-10
"19639","6180橘子","110/07/12","致和-崇德",10,0,10
"19640","6180橘子","110/07/12","元大-北屯",0,10,-10
"19641","6180橘子","110/07/12","玉山-板橋",10,0,10
"19642","6180橘子","110/07/12","元大-南京",0,9,-9
"19643","6180橘子","110/07/12","富邦-仁愛",10,0,10
"19644","6180橘子","110/07/12","元大-台南",1,10,-9
"19645","6180橘子","110/07/12","摩根大通",10,1,9
"19646","6180橘子","110/07/12","康和-澎湖",0,8,-8
"19647","6180橘子","110/07/12","元富-林園",8,0,8
"19648","6180橘子","110/07/12","第一金-台中",0,7,-7
"19649","6180橘子","110/07/12","大慶-富順",7,0,7
"19650","6180橘子","110/07/12","台新-台南",1,8,-7
"19651","2390云辰","110/07/12","統一-新台中",170,0,170
"19652","2390云辰","110/07/12","元大-天母",2,450,-448
"19653","2390云辰","110/07/12","華南永昌-麻豆",137,2,135
"19654","2390云辰","110/07/12","國泰-忠孝",1,143,-142
"19655","2390云辰","110/07/12","元富-成功",103,14,89
"19656","2390云辰","110/07/12","摩根大通",377,512,-135
"19657","2390云辰","110/07/12","元大-土城學府",146,69,77
"19658","2390云辰","110/07/12","台灣摩根士丹利",0,91,-91
"19659","2390云辰","110/07/12","永豐金-永康",76,4,72
"19660","2390云辰","110/07/12","美林",84,146,-62
"19661","2390云辰","110/07/12","台中銀",73,2,71
"19662","2390云辰","110/07/12","華南永昌-嘉義",2,61,-59
"19663","2390云辰","110/07/12","大昌",63,3,60
"19664","2390云辰","110/07/12","永豐金-羅東",0,49,-49
"19665","2390云辰","110/07/12","合庫-三重",50,0,50
"19666","2390云辰","110/07/12","玉山-台中",6,53,-47
"19667","2390云辰","110/07/12","元富-高雄",93,50,43
"19668","2390云辰","110/07/12","玉山-新莊",2,48,-46
"19669","2390云辰","110/07/12","元大-館前",40,4,36
"19670","2390云辰","110/07/12","元大-大里",7,52,-45
"19671","2390云辰","110/07/12","港商野村",143,109,34
"19672","2390云辰","110/07/12","元大-內湖",3,48,-45
"19673","2390云辰","110/07/12","元大-雙和",34,0,34
"19674","2390云辰","110/07/12","永豐金-市政",1,42,-41
"19675","2390云辰","110/07/12","群益金鼎-民權",33,2,31
"19676","2390云辰","110/07/12","元大-學甲",1,41,-40
"19677","2390云辰","110/07/12","日盛-八德",40,10,30
"19678","2390云辰","110/07/12","兆豐-高雄",2,41,-39
"19679","2390云辰","110/07/12","國票-嘉義",30,0,30
"19680","2390云辰","110/07/12","新加坡商瑞銀",21,59,-38
"19681","4903聯光通","110/07/09","元大-敦南",10,0,10
"19682","4903聯光通","110/07/09","第一金-台中",0,12,-12
"19683","4903聯光通","110/07/09","凱基-士林",5,0,5
"19684","4903聯光通","110/07/09","日盛-忠孝",0,3,-3
"19685","4903聯光通","110/07/09","元大-苗栗",5,0,5
"19686","4903聯光通","110/07/09","群益金鼎-崇德",0,3,-3
"19687","4903聯光通","110/07/09","元大-屏南",3,0,3
"19688","4903聯光通","110/07/09","國票-內壢",0,2,-2
"19689","4903聯光通","110/07/09","中國信託-永康",1,0,1
"19690","4903聯光通","110/07/09","康和-南崁",0,2,-2
"19691","4903聯光通","110/07/09","玉山證券",1,0,1
"19692","4903聯光通","110/07/09","新光-台中",0,2,-2
"19693","4903聯光通","110/07/09","元大-太平",4,3,1
"19694","4903聯光通","110/07/09","玉山-城中",0,2,-2
"19695","4903聯光通","110/07/09","永豐金-嘉義",1,0,1
"19696","4903聯光通","110/07/09","中國信託-文心",0,1,-1
"19697","4903聯光通","110/07/09","大昌",0,0,0
"19698","4903聯光通","110/07/09","大昌",0,0,0
"19699","4903聯光通","110/07/09","中農",0,0,0
"19700","4903聯光通","110/07/09","中農",0,0,0
"19701","4903聯光通","110/07/09","",NA,NA,NA
"19702","4903聯光通","110/07/09","",NA,NA,NA
"19703","4903聯光通","110/07/09","",NA,NA,NA
"19704","4903聯光通","110/07/09","",NA,NA,NA
"19705","4903聯光通","110/07/09","",NA,NA,NA
"19706","4903聯光通","110/07/09","",NA,NA,NA
"19707","4903聯光通","110/07/09","",NA,NA,NA
"19708","4903聯光通","110/07/09","",NA,NA,NA
"19709","4903聯光通","110/07/09","",NA,NA,NA
"19710","4903聯光通","110/07/09","",NA,NA,NA
"19711","2929淘帝","110/07/09","台中銀-台北",110,0,110
"19712","2929淘帝","110/07/09","新光",2,82,-80
"19713","2929淘帝","110/07/09","華南永昌-頭份",72,0,72
"19714","2929淘帝","110/07/09","摩根大通",2,63,-61
"19715","2929淘帝","110/07/09","合庫-高雄",71,0,71
"19716","2929淘帝","110/07/09","第一金-路竹",0,50,-50
"19717","2929淘帝","110/07/09","高橋-龍潭",37,0,37
"19718","2929淘帝","110/07/09","港商麥格理",0,42,-42
"19719","2929淘帝","110/07/09","新光-台中",60,26,34
"19720","2929淘帝","110/07/09","陽信-石牌",0,40,-40
"19721","2929淘帝","110/07/09","元富-大裕",22,1,21
"19722","2929淘帝","110/07/09","台新-左楠",1,39,-38
"19723","2929淘帝","110/07/09","合庫-鳳山",20,0,20
"19724","2929淘帝","110/07/09","凱基-桃園",3,29,-26
"19725","2929淘帝","110/07/09","元大-員林",22,2,20
"19726","2929淘帝","110/07/09","兆豐-內湖",0,25,-25
"19727","2929淘帝","110/07/09","台新-建北",15,0,15
"19728","2929淘帝","110/07/09","元大-北港",0,20,-20
"19729","2929淘帝","110/07/09","兆豐-桃園",13,0,13
"19730","2929淘帝","110/07/09","富邦-北港",0,19,-19
"19731","2929淘帝","110/07/09","兆豐-忠孝",10,0,10
"19732","2929淘帝","110/07/09","富邦-花蓮",0,17,-17
"19733","2929淘帝","110/07/09","國票-敦北法人",10,0,10
"19734","2929淘帝","110/07/09","國泰-台中",2,17,-15
"19735","2929淘帝","110/07/09","永豐金-博愛",10,0,10
"19736","2929淘帝","110/07/09","群益金鼎-彰化",0,15,-15
"19737","2929淘帝","110/07/09","群益金鼎-潭子",8,0,8
"19738","2929淘帝","110/07/09","元大-博愛",0,14,-14
"19739","2929淘帝","110/07/09","富邦-南屯",8,0,8
"19740","2929淘帝","110/07/09","日盛-板橋",0,13,-13
"19741","5410國眾","110/07/09","元大-新盛",14,0,14
"19742","5410國眾","110/07/09","(牛牛牛)亞-鑫豐",1,41,-40
"19743","5410國眾","110/07/09","台灣企銀-民雄",10,0,10
"19744","5410國眾","110/07/09","元富-嘉義",0,25,-25
"19745","5410國眾","110/07/09","元富-虎尾",9,0,9
"19746","5410國眾","110/07/09","凱基-高美館",0,10,-10
"19747","5410國眾","110/07/09","摩根大通",10,1,9
"19748","5410國眾","110/07/09","凱基-城中",0,10,-10
"19749","5410國眾","110/07/09","兆豐-北高雄",7,0,7
"19750","5410國眾","110/07/09","元大-頭份",0,10,-10
"19751","5410國眾","110/07/09","凱基-台北",8,1,7
"19752","5410國眾","110/07/09","群益金鼎-丹鳳",0,7,-7
"19753","5410國眾","110/07/09","華南永昌-公誠",7,0,7
"19754","5410國眾","110/07/09","凱基-復興",0,7,-7
"19755","5410國眾","110/07/09","香港上海匯豐",6,0,6
"19756","5410國眾","110/07/09","元大-員林",0,7,-7
"19757","5410國眾","110/07/09","凱基-中壢",6,0,6
"19758","5410國眾","110/07/09","富邦-竹東",0,6,-6
"19759","5410國眾","110/07/09","華南永昌-南京",6,0,6
"19760","5410國眾","110/07/09","亞東-高雄",0,5,-5
"19761","5410國眾","110/07/09","統一-三重",5,0,5
"19762","5410國眾","110/07/09","大慶-中壢",1,6,-5
"19763","5410國眾","110/07/09","富邦-宜蘭",5,0,5
"19764","5410國眾","110/07/09","群益金鼎-中港",0,5,-5
"19765","5410國眾","110/07/09","元大-崇德",5,0,5
"19766","5410國眾","110/07/09","元大-八德",0,5,-5
"19767","5410國眾","110/07/09","元大-博愛",5,0,5
"19768","5410國眾","110/07/09","富邦-基隆",0,4,-4
"19769","5410國眾","110/07/09","元大-龍潭",5,0,5
"19770","5410國眾","110/07/09","臺銀-新竹",0,3,-3
"19771","2841台開","110/07/09","日盛-雙和",102,0,102
"19772","2841台開","110/07/09","港商野村",0,129,-129
"19773","2841台開","110/07/09","元大-館前",70,0,70
"19774","2841台開","110/07/09","兆豐-永和",0,100,-100
"19775","2841台開","110/07/09","凱基-文心",50,0,50
"19776","2841台開","110/07/09","台新證券",7,28,-21
"19777","2841台開","110/07/09","富邦-嘉義",40,0,40
"19778","2841台開","110/07/09","國票-北高雄",0,20,-20
"19779","2841台開","110/07/09","美商高盛",15,0,15
"19780","2841台開","110/07/09","永豐金-敦南",29,46,-17
"19781","2841台開","110/07/09","台中銀",15,0,15
"19782","2841台開","110/07/09","合庫-基隆",0,12,-12
"19783","2841台開","110/07/09","新光",11,0,11
"19784","2841台開","110/07/09","中國信託-松江",0,12,-12
"19785","2841台開","110/07/09","華南永昌-長虹",10,0,10
"19786","2841台開","110/07/09","兆豐-城中",0,12,-12
"19787","2841台開","110/07/09","永豐金-南投",10,0,10
"19788","2841台開","110/07/09","台中銀-豐原",0,10,-10
"19789","2841台開","110/07/09","合庫-桃園",7,0,7
"19790","2841台開","110/07/09","兆豐-景美",0,10,-10
"19791","2841台開","110/07/09","群益金鼎-古亭",7,0,7
"19792","2841台開","110/07/09","群益金鼎-基隆",0,10,-10
"19793","2841台開","110/07/09","國泰-敦南",6,0,6
"19794","2841台開","110/07/09","元大-北三重",0,10,-10
"19795","2841台開","110/07/09","凱基-桃園",8,2,6
"19796","2841台開","110/07/09","(牛牛牛)亞-網路",0,9,-9
"19797","2841台開","110/07/09","日盛證券",5,0,5
"19798","2841台開","110/07/09","台新-高雄",1,10,-9
"19799","2841台開","110/07/09","元富-文心",5,0,5
"19800","2841台開","110/07/09","凱基-台北",0,7,-7
"19801","6207雷科","110/07/09","群益金鼎-新竹",47,0,47
"19802","6207雷科","110/07/09","新光",7,24,-17
"19803","6207雷科","110/07/09","永豐金-三重",31,0,31
"19804","6207雷科","110/07/09","日盛-和美",0,15,-15
"19805","6207雷科","110/07/09","新加坡商瑞銀",33,5,28
"19806","6207雷科","110/07/09","國泰-台南",0,15,-15
"19807","6207雷科","110/07/09","元大-高雄",26,0,26
"19808","6207雷科","110/07/09","華南永昌-古亭",0,14,-14
"19809","6207雷科","110/07/09","統一-員林",22,0,22
"19810","6207雷科","110/07/09","土銀-白河",0,11,-11
"19811","6207雷科","110/07/09","台新-高雄",22,0,22
"19812","6207雷科","110/07/09","日盛-台南",0,10,-10
"19813","6207雷科","110/07/09","摩根大通",34,17,17
"19814","6207雷科","110/07/09","元富-林園",0,10,-10
"19815","6207雷科","110/07/09","元大-博愛",17,1,16
"19816","6207雷科","110/07/09","富邦-園區",0,10,-10
"19817","6207雷科","110/07/09","日茂-埔里",12,0,12
"19818","6207雷科","110/07/09","元大-上新莊",0,10,-10
"19819","6207雷科","110/07/09","國泰-台中",17,6,11
"19820","6207雷科","110/07/09","永豐金-南京",0,10,-10
"19821","6207雷科","110/07/09","富邦-三重",10,0,10
"19822","6207雷科","110/07/09","兆豐-小港",0,6,-6
"19823","6207雷科","110/07/09","元大-沙鹿",10,0,10
"19824","6207雷科","110/07/09","富邦-羅東",1,7,-6
"19825","6207雷科","110/07/09","元大-八德",10,0,10
"19826","6207雷科","110/07/09","元大-土城永寧",0,6,-6
"19827","6207雷科","110/07/09","第一金-路竹",11,2,9
"19828","6207雷科","110/07/09","永豐金-板盛",0,6,-6
"19829","6207雷科","110/07/09","統一-南京",5,0,5
"19830","6207雷科","110/07/09","日盛-板橋",0,5,-5
"19831","3679新至陞","110/07/09","元大-大天母",10,0,10
"19832","3679新至陞","110/07/09","第一金-光復",0,11,-11
"19833","3679新至陞","110/07/09","日盛-樹林",9,0,9
"19834","3679新至陞","110/07/09","瑞士信貸",0,8,-8
"19835","3679新至陞","110/07/09","凱基-台北",11,2,9
"19836","3679新至陞","110/07/09","大慶-苗栗",0,5,-5
"19837","3679新至陞","110/07/09","華南永昌-小港",8,0,8
"19838","3679新至陞","110/07/09","元大-永春",0,5,-5
"19839","3679新至陞","110/07/09","兆豐-來福",7,0,7
"19840","3679新至陞","110/07/09","日盛-和美",0,4,-4
"19841","3679新至陞","110/07/09","香港上海匯豐",5,0,5
"19842","3679新至陞","110/07/09","元大-雙和",0,3,-3
"19843","3679新至陞","110/07/09","台中銀-員林",3,0,3
"19844","3679新至陞","110/07/09","永豐金-屏東",0,3,-3
"19845","3679新至陞","110/07/09","新光",3,0,3
"19846","3679新至陞","110/07/09","彰銀",0,2,-2
"19847","3679新至陞","110/07/09","土銀-花蓮",2,0,2
"19848","3679新至陞","110/07/09","宏遠-館前",0,2,-2
"19849","3679新至陞","110/07/09","第一金-澎湖",2,0,2
"19850","3679新至陞","110/07/09","港商野村",0,2,-2
"19851","3679新至陞","110/07/09","摩根大通",2,0,2
"19852","3679新至陞","110/07/09","大昌-新店",0,2,-2
"19853","3679新至陞","110/07/09","國泰-敦南",2,0,2
"19854","3679新至陞","110/07/09","元大-新莊",0,2,-2
"19855","3679新至陞","110/07/09","元大-淡水",4,2,2
"19856","3679新至陞","110/07/09","元大-板橋",0,2,-2
"19857","3679新至陞","110/07/09","日盛-士林",1,0,1
"19858","3679新至陞","110/07/09","台灣摩根士丹利",0,1,-1
"19859","3679新至陞","110/07/09","日盛-信義",1,0,1
"19860","3679新至陞","110/07/09","第一金-高雄",0,1,-1
"19861","2727王品","110/07/09","台灣匯立證券",90,0,90
"19862","2727王品","110/07/09","台灣摩根士丹利",0,267,-267
"19863","2727王品","110/07/09","國泰-敦南",166,84,82
"19864","2727王品","110/07/09","富邦-台北",35,299,-264
"19865","2727王品","110/07/09","富邦-仁愛",56,12,44
"19866","2727王品","110/07/09","凱基-台北",174,296,-122
"19867","2727王品","110/07/09","台新證券",109,66,43
"19868","2727王品","110/07/09","第一金",2,102,-100
"19869","2727王品","110/07/09","新光",117,87,30
"19870","2727王品","110/07/09","群益金鼎-大安",0,80,-80
"19871","2727王品","110/07/09","臺銀-臺中",35,6,29
"19872","2727王品","110/07/09","兆豐-大安",7,60,-53
"19873","2727王品","110/07/09","元大-桃園",32,3,29
"19874","2727王品","110/07/09","永豐金-南投",0,50,-50
"19875","2727王品","110/07/09","元富-宜蘭",34,6,28
"19876","2727王品","110/07/09","新加坡商瑞銀",6,46,-40
"19877","2727王品","110/07/09","玉山-台中",34,8,26
"19878","2727王品","110/07/09","合庫-彰化",11,50,-39
"19879","2727王品","110/07/09","群益金鼎-宜蘭",30,4,26
"19880","2727王品","110/07/09","永豐金-萬盛",13,52,-39
"19881","2727王品","110/07/09","富邦-台中",42,16,26
"19882","2727王品","110/07/09","瑞士信貸",0,34,-34
"19883","2727王品","110/07/09","第一金-豐原",25,1,24
"19884","2727王品","110/07/09","元大-和平",4,35,-31
"19885","2727王品","110/07/09","臺銀",30,8,22
"19886","2727王品","110/07/09","美林",14,44,-30
"19887","2727王品","110/07/09","兆豐-來福",23,1,22
"19888","2727王品","110/07/09","元大-員林",9,38,-29
"19889","2727王品","110/07/09","玉山-士林",22,2,20
"19890","2727王品","110/07/09","元富-西松",4,31,-27
"19891","1570力肯","110/07/09","凱基-台北",30,1,29
"19892","1570力肯","110/07/09","群益金鼎-彰化",0,20,-20
"19893","1570力肯","110/07/09","新光-台南",20,0,20
"19894","1570力肯","110/07/09","元大-土城學府",0,20,-20
"19895","1570力肯","110/07/09","元大-高雄",20,0,20
"19896","1570力肯","110/07/09","元大-大統",0,16,-16
"19897","1570力肯","110/07/09","國票-中正",12,0,12
"19898","1570力肯","110/07/09","元大-新營",0,11,-11
"19899","1570力肯","110/07/09","日盛-高雄",6,0,6
"19900","1570力肯","110/07/09","元大-和平",0,10,-10
"19901","1570力肯","110/07/09","元富-緯城",6,0,6
"19902","1570力肯","110/07/09","元大-草屯",0,10,-10
"19903","1570力肯","110/07/09","群益金鼎-台南",6,0,6
"19904","1570力肯","110/07/09","元大-鹿港",0,9,-9
"19905","1570力肯","110/07/09","華南永昌-岡山",6,0,6
"19906","1570力肯","110/07/09","合庫-基隆",0,7,-7
"19907","1570力肯","110/07/09","統一-中壢",5,0,5
"19908","1570力肯","110/07/09","摩根大通",2,8,-6
"19909","1570力肯","110/07/09","凱基-三峽",5,0,5
"19910","1570力肯","110/07/09","台灣企銀-豐原",0,4,-4
"19911","1570力肯","110/07/09","大昌-樹林",4,0,4
"19912","1570力肯","110/07/09","日盛-桃園",0,4,-4
"19913","1570力肯","110/07/09","新光",3,0,3
"19914","1570力肯","110/07/09","國泰-高雄",0,3,-3
"19915","1570力肯","110/07/09","富邦-新竹華信",3,0,3
"19916","1570力肯","110/07/09","永豐金-敦南",0,3,-3
"19917","1570力肯","110/07/09","合庫-台中",2,0,2
"19918","1570力肯","110/07/09","土銀-彰化",0,2,-2
"19919","1570力肯","110/07/09","臺銀-臺中",2,0,2
"19920","1570力肯","110/07/09","臺銀-鳳山",0,2,-2
"19921","6180橘子","110/07/09","摩根大通",63,1,62
"19922","6180橘子","110/07/09","元大-南京",1,32,-31
"19923","6180橘子","110/07/09","富邦-陽明",73,33,40
"19924","6180橘子","110/07/09","群益金鼎-台北",0,25,-25
"19925","6180橘子","110/07/09","新加坡商瑞銀",31,0,31
"19926","6180橘子","110/07/09","兆豐-復興",0,21,-21
"19927","6180橘子","110/07/09","美商高盛",25,0,25
"19928","6180橘子","110/07/09","永豐金-嘉義",0,21,-21
"19929","6180橘子","110/07/09","凱基-台北",26,10,16
"19930","6180橘子","110/07/09","凱基-中壢",8,24,-16
"19931","6180橘子","110/07/09","華南永昌-楠梓",13,0,13
"19932","6180橘子","110/07/09","致和-崇德",0,15,-15
"19933","6180橘子","110/07/09","華南永昌-朴子",11,0,11
"19934","6180橘子","110/07/09","群益金鼎-屏東",0,15,-15
"19935","6180橘子","110/07/09","元大-北港",11,0,11
"19936","6180橘子","110/07/09","群益金鼎-中山",0,15,-15
"19937","6180橘子","110/07/09","元大-成功",10,1,9
"19938","6180橘子","110/07/09","瑞士信貸",1,15,-14
"19939","6180橘子","110/07/09","新光",26,18,8
"19940","6180橘子","110/07/09","日盛-二林",0,10,-10
"19941","6180橘子","110/07/09","統一-三重",6,0,6
"19942","6180橘子","110/07/09","凱基-東門",0,10,-10
"19943","6180橘子","110/07/09","群益金鼎-嘉義",6,0,6
"19944","6180橘子","110/07/09","華南永昌-三重",0,10,-10
"19945","6180橘子","110/07/09","元大-員林中山",6,0,6
"19946","6180橘子","110/07/09","元大-彰化民生",1,11,-10
"19947","6180橘子","110/07/09","合庫-鳳山",5,0,5
"19948","6180橘子","110/07/09","永豐金-新店",1,11,-10
"19949","6180橘子","110/07/09","富邦-建國",6,1,5
"19950","6180橘子","110/07/09","群益金鼎-丹鳳",0,8,-8
"19951","2390云辰","110/07/09","摩根大通",279,56,223
"19952","2390云辰","110/07/09","元大-天母",0,127,-127
"19953","2390云辰","110/07/09","日盛-鳳山",110,2,108
"19954","2390云辰","110/07/09","中國信託-文心",5,109,-104
"19955","2390云辰","110/07/09","宏遠證券",100,0,100
"19956","2390云辰","110/07/09","永豐金-復興",0,55,-55
"19957","2390云辰","110/07/09","元大-大里",63,6,57
"19958","2390云辰","110/07/09","凱基-台北",239,286,-47
"19959","2390云辰","110/07/09","凱基-八德",59,10,49
"19960","2390云辰","110/07/09","德信",2,32,-30
"19961","2390云辰","110/07/09","合庫-新竹",40,0,40
"19962","2390云辰","110/07/09","兆豐-桃鶯",2,32,-30
"19963","2390云辰","110/07/09","國票",40,1,39
"19964","2390云辰","110/07/09","致和-南京",0,30,-30
"19965","2390云辰","110/07/09","新加坡商瑞銀",49,13,36
"19966","2390云辰","110/07/09","富邦-虎尾",1,31,-30
"19967","2390云辰","110/07/09","統一-新台中",36,2,34
"19968","2390云辰","110/07/09","元大-善化",2,31,-29
"19969","2390云辰","110/07/09","國票-嘉義",31,0,31
"19970","2390云辰","110/07/09","富邦-板橋",0,27,-27
"19971","2390云辰","110/07/09","華南永昌",35,7,28
"19972","2390云辰","110/07/09","富邦-永和",3,28,-25
"19973","2390云辰","110/07/09","玉山-台中",49,22,27
"19974","2390云辰","110/07/09","第一金-自由",20,44,-24
"19975","2390云辰","110/07/09","華南永昌-敦南",25,0,25
"19976","2390云辰","110/07/09","凱基-內湖",0,24,-24
"19977","2390云辰","110/07/09","新光-高雄",27,4,23
"19978","2390云辰","110/07/09","元大-汐止",1,24,-23
"19979","2390云辰","110/07/09","台灣摩根士丹利",85,63,22
"19980","2390云辰","110/07/09","新光-台中",12,33,-21
"19981","4903聯光通","110/07/09","元大-敦南",10,0,10
"19982","4903聯光通","110/07/09","第一金-台中",0,12,-12
"19983","4903聯光通","110/07/09","凱基-士林",5,0,5
"19984","4903聯光通","110/07/09","日盛-忠孝",0,3,-3
"19985","4903聯光通","110/07/09","元大-苗栗",5,0,5
"19986","4903聯光通","110/07/09","群益金鼎-崇德",0,3,-3
"19987","4903聯光通","110/07/09","元大-屏南",3,0,3
"19988","4903聯光通","110/07/09","國票-內壢",0,2,-2
"19989","4903聯光通","110/07/09","中國信託-永康",1,0,1
"19990","4903聯光通","110/07/09","康和-南崁",0,2,-2
"19991","4903聯光通","110/07/09","玉山證券",1,0,1
"19992","4903聯光通","110/07/09","新光-台中",0,2,-2
"19993","4903聯光通","110/07/09","元大-太平",4,3,1
"19994","4903聯光通","110/07/09","玉山-城中",0,2,-2
"19995","4903聯光通","110/07/09","永豐金-嘉義",1,0,1
"19996","4903聯光通","110/07/09","中國信託-文心",0,1,-1
"19997","4903聯光通","110/07/09","大昌",0,0,0
"19998","4903聯光通","110/07/09","大昌",0,0,0
"19999","4903聯光通","110/07/09","中農",0,0,0
"20000","4903聯光通","110/07/09","中農",0,0,0
"20001","4903聯光通","110/07/09","",NA,NA,NA
"20002","4903聯光通","110/07/09","",NA,NA,NA
"20003","4903聯光通","110/07/09","",NA,NA,NA
"20004","4903聯光通","110/07/09","",NA,NA,NA
"20005","4903聯光通","110/07/09","",NA,NA,NA
"20006","4903聯光通","110/07/09","",NA,NA,NA
"20007","4903聯光通","110/07/09","",NA,NA,NA
"20008","4903聯光通","110/07/09","",NA,NA,NA
"20009","4903聯光通","110/07/09","",NA,NA,NA
"20010","4903聯光通","110/07/09","",NA,NA,NA
"20011","2929淘帝","110/07/09","台中銀-台北",110,0,110
"20012","2929淘帝","110/07/09","新光",2,82,-80
"20013","2929淘帝","110/07/09","華南永昌-頭份",72,0,72
"20014","2929淘帝","110/07/09","摩根大通",2,63,-61
"20015","2929淘帝","110/07/09","合庫-高雄",71,0,71
"20016","2929淘帝","110/07/09","第一金-路竹",0,50,-50
"20017","2929淘帝","110/07/09","高橋-龍潭",37,0,37
"20018","2929淘帝","110/07/09","港商麥格理",0,42,-42
"20019","2929淘帝","110/07/09","新光-台中",60,26,34
"20020","2929淘帝","110/07/09","陽信-石牌",0,40,-40
"20021","2929淘帝","110/07/09","元富-大裕",22,1,21
"20022","2929淘帝","110/07/09","台新-左楠",1,39,-38
"20023","2929淘帝","110/07/09","合庫-鳳山",20,0,20
"20024","2929淘帝","110/07/09","凱基-桃園",3,29,-26
"20025","2929淘帝","110/07/09","元大-員林",22,2,20
"20026","2929淘帝","110/07/09","兆豐-內湖",0,25,-25
"20027","2929淘帝","110/07/09","台新-建北",15,0,15
"20028","2929淘帝","110/07/09","元大-北港",0,20,-20
"20029","2929淘帝","110/07/09","兆豐-桃園",13,0,13
"20030","2929淘帝","110/07/09","富邦-北港",0,19,-19
"20031","2929淘帝","110/07/09","兆豐-忠孝",10,0,10
"20032","2929淘帝","110/07/09","富邦-花蓮",0,17,-17
"20033","2929淘帝","110/07/09","國票-敦北法人",10,0,10
"20034","2929淘帝","110/07/09","國泰-台中",2,17,-15
"20035","2929淘帝","110/07/09","永豐金-博愛",10,0,10
"20036","2929淘帝","110/07/09","群益金鼎-彰化",0,15,-15
"20037","2929淘帝","110/07/09","群益金鼎-潭子",8,0,8
"20038","2929淘帝","110/07/09","元大-博愛",0,14,-14
"20039","2929淘帝","110/07/09","富邦-南屯",8,0,8
"20040","2929淘帝","110/07/09","日盛-板橋",0,13,-13
"20041","5410國眾","110/07/09","元大-新盛",14,0,14
"20042","5410國眾","110/07/09","(牛牛牛)亞-鑫豐",1,41,-40
"20043","5410國眾","110/07/09","台灣企銀-民雄",10,0,10
"20044","5410國眾","110/07/09","元富-嘉義",0,25,-25
"20045","5410國眾","110/07/09","元富-虎尾",9,0,9
"20046","5410國眾","110/07/09","凱基-高美館",0,10,-10
"20047","5410國眾","110/07/09","摩根大通",10,1,9
"20048","5410國眾","110/07/09","凱基-城中",0,10,-10
"20049","5410國眾","110/07/09","兆豐-北高雄",7,0,7
"20050","5410國眾","110/07/09","元大-頭份",0,10,-10
"20051","5410國眾","110/07/09","凱基-台北",8,1,7
"20052","5410國眾","110/07/09","群益金鼎-丹鳳",0,7,-7
"20053","5410國眾","110/07/09","華南永昌-公誠",7,0,7
"20054","5410國眾","110/07/09","凱基-復興",0,7,-7
"20055","5410國眾","110/07/09","香港上海匯豐",6,0,6
"20056","5410國眾","110/07/09","元大-員林",0,7,-7
"20057","5410國眾","110/07/09","凱基-中壢",6,0,6
"20058","5410國眾","110/07/09","富邦-竹東",0,6,-6
"20059","5410國眾","110/07/09","華南永昌-南京",6,0,6
"20060","5410國眾","110/07/09","亞東-高雄",0,5,-5
"20061","5410國眾","110/07/09","統一-三重",5,0,5
"20062","5410國眾","110/07/09","大慶-中壢",1,6,-5
"20063","5410國眾","110/07/09","富邦-宜蘭",5,0,5
"20064","5410國眾","110/07/09","群益金鼎-中港",0,5,-5
"20065","5410國眾","110/07/09","元大-崇德",5,0,5
"20066","5410國眾","110/07/09","元大-八德",0,5,-5
"20067","5410國眾","110/07/09","元大-博愛",5,0,5
"20068","5410國眾","110/07/09","富邦-基隆",0,4,-4
"20069","5410國眾","110/07/09","元大-龍潭",5,0,5
"20070","5410國眾","110/07/09","臺銀-新竹",0,3,-3
"20071","2841台開","110/07/09","日盛-雙和",102,0,102
"20072","2841台開","110/07/09","港商野村",0,129,-129
"20073","2841台開","110/07/09","元大-館前",70,0,70
"20074","2841台開","110/07/09","兆豐-永和",0,100,-100
"20075","2841台開","110/07/09","凱基-文心",50,0,50
"20076","2841台開","110/07/09","台新證券",7,28,-21
"20077","2841台開","110/07/09","富邦-嘉義",40,0,40
"20078","2841台開","110/07/09","國票-北高雄",0,20,-20
"20079","2841台開","110/07/09","美商高盛",15,0,15
"20080","2841台開","110/07/09","永豐金-敦南",29,46,-17
"20081","2841台開","110/07/09","台中銀",15,0,15
"20082","2841台開","110/07/09","合庫-基隆",0,12,-12
"20083","2841台開","110/07/09","新光",11,0,11
"20084","2841台開","110/07/09","中國信託-松江",0,12,-12
"20085","2841台開","110/07/09","華南永昌-長虹",10,0,10
"20086","2841台開","110/07/09","兆豐-城中",0,12,-12
"20087","2841台開","110/07/09","永豐金-南投",10,0,10
"20088","2841台開","110/07/09","台中銀-豐原",0,10,-10
"20089","2841台開","110/07/09","合庫-桃園",7,0,7
"20090","2841台開","110/07/09","兆豐-景美",0,10,-10
"20091","2841台開","110/07/09","群益金鼎-古亭",7,0,7
"20092","2841台開","110/07/09","群益金鼎-基隆",0,10,-10
"20093","2841台開","110/07/09","國泰-敦南",6,0,6
"20094","2841台開","110/07/09","元大-北三重",0,10,-10
"20095","2841台開","110/07/09","凱基-桃園",8,2,6
"20096","2841台開","110/07/09","(牛牛牛)亞-網路",0,9,-9
"20097","2841台開","110/07/09","日盛證券",5,0,5
"20098","2841台開","110/07/09","台新-高雄",1,10,-9
"20099","2841台開","110/07/09","元富-文心",5,0,5
"20100","2841台開","110/07/09","凱基-台北",0,7,-7
"20101","6207雷科","110/07/09","群益金鼎-新竹",47,0,47
"20102","6207雷科","110/07/09","新光",7,24,-17
"20103","6207雷科","110/07/09","永豐金-三重",31,0,31
"20104","6207雷科","110/07/09","日盛-和美",0,15,-15
"20105","6207雷科","110/07/09","新加坡商瑞銀",33,5,28
"20106","6207雷科","110/07/09","國泰-台南",0,15,-15
"20107","6207雷科","110/07/09","元大-高雄",26,0,26
"20108","6207雷科","110/07/09","華南永昌-古亭",0,14,-14
"20109","6207雷科","110/07/09","統一-員林",22,0,22
"20110","6207雷科","110/07/09","土銀-白河",0,11,-11
"20111","6207雷科","110/07/09","台新-高雄",22,0,22
"20112","6207雷科","110/07/09","日盛-台南",0,10,-10
"20113","6207雷科","110/07/09","摩根大通",34,17,17
"20114","6207雷科","110/07/09","元富-林園",0,10,-10
"20115","6207雷科","110/07/09","元大-博愛",17,1,16
"20116","6207雷科","110/07/09","富邦-園區",0,10,-10
"20117","6207雷科","110/07/09","日茂-埔里",12,0,12
"20118","6207雷科","110/07/09","元大-上新莊",0,10,-10
"20119","6207雷科","110/07/09","國泰-台中",17,6,11
"20120","6207雷科","110/07/09","永豐金-南京",0,10,-10
"20121","6207雷科","110/07/09","富邦-三重",10,0,10
"20122","6207雷科","110/07/09","兆豐-小港",0,6,-6
"20123","6207雷科","110/07/09","元大-沙鹿",10,0,10
"20124","6207雷科","110/07/09","富邦-羅東",1,7,-6
"20125","6207雷科","110/07/09","元大-八德",10,0,10
"20126","6207雷科","110/07/09","元大-土城永寧",0,6,-6
"20127","6207雷科","110/07/09","第一金-路竹",11,2,9
"20128","6207雷科","110/07/09","永豐金-板盛",0,6,-6
"20129","6207雷科","110/07/09","統一-南京",5,0,5
"20130","6207雷科","110/07/09","日盛-板橋",0,5,-5
"20131","3679新至陞","110/07/09","元大-大天母",10,0,10
"20132","3679新至陞","110/07/09","第一金-光復",0,11,-11
"20133","3679新至陞","110/07/09","日盛-樹林",9,0,9
"20134","3679新至陞","110/07/09","瑞士信貸",0,8,-8
"20135","3679新至陞","110/07/09","凱基-台北",11,2,9
"20136","3679新至陞","110/07/09","大慶-苗栗",0,5,-5
"20137","3679新至陞","110/07/09","華南永昌-小港",8,0,8
"20138","3679新至陞","110/07/09","元大-永春",0,5,-5
"20139","3679新至陞","110/07/09","兆豐-來福",7,0,7
"20140","3679新至陞","110/07/09","日盛-和美",0,4,-4
"20141","3679新至陞","110/07/09","香港上海匯豐",5,0,5
"20142","3679新至陞","110/07/09","元大-雙和",0,3,-3
"20143","3679新至陞","110/07/09","台中銀-員林",3,0,3
"20144","3679新至陞","110/07/09","永豐金-屏東",0,3,-3
"20145","3679新至陞","110/07/09","新光",3,0,3
"20146","3679新至陞","110/07/09","彰銀",0,2,-2
"20147","3679新至陞","110/07/09","土銀-花蓮",2,0,2
"20148","3679新至陞","110/07/09","宏遠-館前",0,2,-2
"20149","3679新至陞","110/07/09","第一金-澎湖",2,0,2
"20150","3679新至陞","110/07/09","港商野村",0,2,-2
"20151","3679新至陞","110/07/09","摩根大通",2,0,2
"20152","3679新至陞","110/07/09","大昌-新店",0,2,-2
"20153","3679新至陞","110/07/09","國泰-敦南",2,0,2
"20154","3679新至陞","110/07/09","元大-新莊",0,2,-2
"20155","3679新至陞","110/07/09","元大-淡水",4,2,2
"20156","3679新至陞","110/07/09","元大-板橋",0,2,-2
"20157","3679新至陞","110/07/09","日盛-士林",1,0,1
"20158","3679新至陞","110/07/09","台灣摩根士丹利",0,1,-1
"20159","3679新至陞","110/07/09","日盛-信義",1,0,1
"20160","3679新至陞","110/07/09","第一金-高雄",0,1,-1
"20161","2727王品","110/07/09","台灣匯立證券",90,0,90
"20162","2727王品","110/07/09","台灣摩根士丹利",0,267,-267
"20163","2727王品","110/07/09","國泰-敦南",166,84,82
"20164","2727王品","110/07/09","富邦-台北",35,299,-264
"20165","2727王品","110/07/09","富邦-仁愛",56,12,44
"20166","2727王品","110/07/09","凱基-台北",174,296,-122
"20167","2727王品","110/07/09","台新證券",109,66,43
"20168","2727王品","110/07/09","第一金",2,102,-100
"20169","2727王品","110/07/09","新光",117,87,30
"20170","2727王品","110/07/09","群益金鼎-大安",0,80,-80
"20171","2727王品","110/07/09","臺銀-臺中",35,6,29
"20172","2727王品","110/07/09","兆豐-大安",7,60,-53
"20173","2727王品","110/07/09","元大-桃園",32,3,29
"20174","2727王品","110/07/09","永豐金-南投",0,50,-50
"20175","2727王品","110/07/09","元富-宜蘭",34,6,28
"20176","2727王品","110/07/09","新加坡商瑞銀",6,46,-40
"20177","2727王品","110/07/09","玉山-台中",34,8,26
"20178","2727王品","110/07/09","合庫-彰化",11,50,-39
"20179","2727王品","110/07/09","群益金鼎-宜蘭",30,4,26
"20180","2727王品","110/07/09","永豐金-萬盛",13,52,-39
"20181","2727王品","110/07/09","富邦-台中",42,16,26
"20182","2727王品","110/07/09","瑞士信貸",0,34,-34
"20183","2727王品","110/07/09","第一金-豐原",25,1,24
"20184","2727王品","110/07/09","元大-和平",4,35,-31
"20185","2727王品","110/07/09","臺銀",30,8,22
"20186","2727王品","110/07/09","美林",14,44,-30
"20187","2727王品","110/07/09","兆豐-來福",23,1,22
"20188","2727王品","110/07/09","元大-員林",9,38,-29
"20189","2727王品","110/07/09","玉山-士林",22,2,20
"20190","2727王品","110/07/09","元富-西松",4,31,-27
"20191","1570力肯","110/07/09","凱基-台北",30,1,29
"20192","1570力肯","110/07/09","群益金鼎-彰化",0,20,-20
"20193","1570力肯","110/07/09","新光-台南",20,0,20
"20194","1570力肯","110/07/09","元大-土城學府",0,20,-20
"20195","1570力肯","110/07/09","元大-高雄",20,0,20
"20196","1570力肯","110/07/09","元大-大統",0,16,-16
"20197","1570力肯","110/07/09","國票-中正",12,0,12
"20198","1570力肯","110/07/09","元大-新營",0,11,-11
"20199","1570力肯","110/07/09","日盛-高雄",6,0,6
"20200","1570力肯","110/07/09","元大-和平",0,10,-10
"20201","1570力肯","110/07/09","元富-緯城",6,0,6
"20202","1570力肯","110/07/09","元大-草屯",0,10,-10
"20203","1570力肯","110/07/09","群益金鼎-台南",6,0,6
"20204","1570力肯","110/07/09","元大-鹿港",0,9,-9
"20205","1570力肯","110/07/09","華南永昌-岡山",6,0,6
"20206","1570力肯","110/07/09","合庫-基隆",0,7,-7
"20207","1570力肯","110/07/09","統一-中壢",5,0,5
"20208","1570力肯","110/07/09","摩根大通",2,8,-6
"20209","1570力肯","110/07/09","凱基-三峽",5,0,5
"20210","1570力肯","110/07/09","台灣企銀-豐原",0,4,-4
"20211","1570力肯","110/07/09","大昌-樹林",4,0,4
"20212","1570力肯","110/07/09","日盛-桃園",0,4,-4
"20213","1570力肯","110/07/09","新光",3,0,3
"20214","1570力肯","110/07/09","國泰-高雄",0,3,-3
"20215","1570力肯","110/07/09","富邦-新竹華信",3,0,3
"20216","1570力肯","110/07/09","永豐金-敦南",0,3,-3
"20217","1570力肯","110/07/09","合庫-台中",2,0,2
"20218","1570力肯","110/07/09","土銀-彰化",0,2,-2
"20219","1570力肯","110/07/09","臺銀-臺中",2,0,2
"20220","1570力肯","110/07/09","臺銀-鳳山",0,2,-2
"20221","6180橘子","110/07/09","摩根大通",63,1,62
"20222","6180橘子","110/07/09","元大-南京",1,32,-31
"20223","6180橘子","110/07/09","富邦-陽明",73,33,40
"20224","6180橘子","110/07/09","群益金鼎-台北",0,25,-25
"20225","6180橘子","110/07/09","新加坡商瑞銀",31,0,31
"20226","6180橘子","110/07/09","兆豐-復興",0,21,-21
"20227","6180橘子","110/07/09","美商高盛",25,0,25
"20228","6180橘子","110/07/09","永豐金-嘉義",0,21,-21
"20229","6180橘子","110/07/09","凱基-台北",26,10,16
"20230","6180橘子","110/07/09","凱基-中壢",8,24,-16
"20231","6180橘子","110/07/09","華南永昌-楠梓",13,0,13
"20232","6180橘子","110/07/09","致和-崇德",0,15,-15
"20233","6180橘子","110/07/09","華南永昌-朴子",11,0,11
"20234","6180橘子","110/07/09","群益金鼎-屏東",0,15,-15
"20235","6180橘子","110/07/09","元大-北港",11,0,11
"20236","6180橘子","110/07/09","群益金鼎-中山",0,15,-15
"20237","6180橘子","110/07/09","元大-成功",10,1,9
"20238","6180橘子","110/07/09","瑞士信貸",1,15,-14
"20239","6180橘子","110/07/09","新光",26,18,8
"20240","6180橘子","110/07/09","日盛-二林",0,10,-10
"20241","6180橘子","110/07/09","統一-三重",6,0,6
"20242","6180橘子","110/07/09","凱基-東門",0,10,-10
"20243","6180橘子","110/07/09","群益金鼎-嘉義",6,0,6
"20244","6180橘子","110/07/09","華南永昌-三重",0,10,-10
"20245","6180橘子","110/07/09","元大-員林中山",6,0,6
"20246","6180橘子","110/07/09","元大-彰化民生",1,11,-10
"20247","6180橘子","110/07/09","合庫-鳳山",5,0,5
"20248","6180橘子","110/07/09","永豐金-新店",1,11,-10
"20249","6180橘子","110/07/09","富邦-建國",6,1,5
"20250","6180橘子","110/07/09","群益金鼎-丹鳳",0,8,-8
"20251","2390云辰","110/07/09","摩根大通",279,56,223
"20252","2390云辰","110/07/09","元大-天母",0,127,-127
"20253","2390云辰","110/07/09","日盛-鳳山",110,2,108
"20254","2390云辰","110/07/09","中國信託-文心",5,109,-104
"20255","2390云辰","110/07/09","宏遠證券",100,0,100
"20256","2390云辰","110/07/09","永豐金-復興",0,55,-55
"20257","2390云辰","110/07/09","元大-大里",63,6,57
"20258","2390云辰","110/07/09","凱基-台北",239,286,-47
"20259","2390云辰","110/07/09","凱基-八德",59,10,49
"20260","2390云辰","110/07/09","德信",2,32,-30
"20261","2390云辰","110/07/09","合庫-新竹",40,0,40
"20262","2390云辰","110/07/09","兆豐-桃鶯",2,32,-30
"20263","2390云辰","110/07/09","國票",40,1,39
"20264","2390云辰","110/07/09","致和-南京",0,30,-30
"20265","2390云辰","110/07/09","新加坡商瑞銀",49,13,36
"20266","2390云辰","110/07/09","富邦-虎尾",1,31,-30
"20267","2390云辰","110/07/09","統一-新台中",36,2,34
"20268","2390云辰","110/07/09","元大-善化",2,31,-29
"20269","2390云辰","110/07/09","國票-嘉義",31,0,31
"20270","2390云辰","110/07/09","富邦-板橋",0,27,-27
"20271","2390云辰","110/07/09","華南永昌",35,7,28
"20272","2390云辰","110/07/09","富邦-永和",3,28,-25
"20273","2390云辰","110/07/09","玉山-台中",49,22,27
"20274","2390云辰","110/07/09","第一金-自由",20,44,-24
"20275","2390云辰","110/07/09","華南永昌-敦南",25,0,25
"20276","2390云辰","110/07/09","凱基-內湖",0,24,-24
"20277","2390云辰","110/07/09","新光-高雄",27,4,23
"20278","2390云辰","110/07/09","元大-汐止",1,24,-23
"20279","2390云辰","110/07/09","台灣摩根士丹利",85,63,22
"20280","2390云辰","110/07/09","新光-台中",12,33,-21
"20281","4903聯光通","110/07/09","元大-敦南",10,0,10
"20282","4903聯光通","110/07/09","第一金-台中",0,12,-12
"20283","4903聯光通","110/07/09","凱基-士林",5,0,5
"20284","4903聯光通","110/07/09","日盛-忠孝",0,3,-3
"20285","4903聯光通","110/07/09","元大-苗栗",5,0,5
"20286","4903聯光通","110/07/09","群益金鼎-崇德",0,3,-3
"20287","4903聯光通","110/07/09","元大-屏南",3,0,3
"20288","4903聯光通","110/07/09","國票-內壢",0,2,-2
"20289","4903聯光通","110/07/09","中國信託-永康",1,0,1
"20290","4903聯光通","110/07/09","康和-南崁",0,2,-2
"20291","4903聯光通","110/07/09","玉山證券",1,0,1
"20292","4903聯光通","110/07/09","新光-台中",0,2,-2
"20293","4903聯光通","110/07/09","元大-太平",4,3,1
"20294","4903聯光通","110/07/09","玉山-城中",0,2,-2
"20295","4903聯光通","110/07/09","永豐金-嘉義",1,0,1
"20296","4903聯光通","110/07/09","中國信託-文心",0,1,-1
"20297","4903聯光通","110/07/09","大昌",0,0,0
"20298","4903聯光通","110/07/09","大昌",0,0,0
"20299","4903聯光通","110/07/09","中農",0,0,0
"20300","4903聯光通","110/07/09","中農",0,0,0
"20301","4903聯光通","110/07/09","",NA,NA,NA
"20302","4903聯光通","110/07/09","",NA,NA,NA
"20303","4903聯光通","110/07/09","",NA,NA,NA
"20304","4903聯光通","110/07/09","",NA,NA,NA
"20305","4903聯光通","110/07/09","",NA,NA,NA
"20306","4903聯光通","110/07/09","",NA,NA,NA
"20307","4903聯光通","110/07/09","",NA,NA,NA
"20308","4903聯光通","110/07/09","",NA,NA,NA
"20309","4903聯光通","110/07/09","",NA,NA,NA
"20310","4903聯光通","110/07/09","",NA,NA,NA
"20311","2929淘帝","110/07/09","台中銀-台北",110,0,110
"20312","2929淘帝","110/07/09","新光",2,82,-80
"20313","2929淘帝","110/07/09","華南永昌-頭份",72,0,72
"20314","2929淘帝","110/07/09","摩根大通",2,63,-61
"20315","2929淘帝","110/07/09","合庫-高雄",71,0,71
"20316","2929淘帝","110/07/09","第一金-路竹",0,50,-50
"20317","2929淘帝","110/07/09","高橋-龍潭",37,0,37
"20318","2929淘帝","110/07/09","港商麥格理",0,42,-42
"20319","2929淘帝","110/07/09","新光-台中",60,26,34
"20320","2929淘帝","110/07/09","陽信-石牌",0,40,-40
"20321","2929淘帝","110/07/09","元富-大裕",22,1,21
"20322","2929淘帝","110/07/09","台新-左楠",1,39,-38
"20323","2929淘帝","110/07/09","合庫-鳳山",20,0,20
"20324","2929淘帝","110/07/09","凱基-桃園",3,29,-26
"20325","2929淘帝","110/07/09","元大-員林",22,2,20
"20326","2929淘帝","110/07/09","兆豐-內湖",0,25,-25
"20327","2929淘帝","110/07/09","台新-建北",15,0,15
"20328","2929淘帝","110/07/09","元大-北港",0,20,-20
"20329","2929淘帝","110/07/09","兆豐-桃園",13,0,13
"20330","2929淘帝","110/07/09","富邦-北港",0,19,-19
"20331","2929淘帝","110/07/09","兆豐-忠孝",10,0,10
"20332","2929淘帝","110/07/09","富邦-花蓮",0,17,-17
"20333","2929淘帝","110/07/09","國票-敦北法人",10,0,10
"20334","2929淘帝","110/07/09","國泰-台中",2,17,-15
"20335","2929淘帝","110/07/09","永豐金-博愛",10,0,10
"20336","2929淘帝","110/07/09","群益金鼎-彰化",0,15,-15
"20337","2929淘帝","110/07/09","群益金鼎-潭子",8,0,8
"20338","2929淘帝","110/07/09","元大-博愛",0,14,-14
"20339","2929淘帝","110/07/09","富邦-南屯",8,0,8
"20340","2929淘帝","110/07/09","日盛-板橋",0,13,-13
"20341","5410國眾","110/07/09","元大-新盛",14,0,14
"20342","5410國眾","110/07/09","(牛牛牛)亞-鑫豐",1,41,-40
"20343","5410國眾","110/07/09","台灣企銀-民雄",10,0,10
"20344","5410國眾","110/07/09","元富-嘉義",0,25,-25
"20345","5410國眾","110/07/09","元富-虎尾",9,0,9
"20346","5410國眾","110/07/09","凱基-高美館",0,10,-10
"20347","5410國眾","110/07/09","摩根大通",10,1,9
"20348","5410國眾","110/07/09","凱基-城中",0,10,-10
"20349","5410國眾","110/07/09","兆豐-北高雄",7,0,7
"20350","5410國眾","110/07/09","元大-頭份",0,10,-10
"20351","5410國眾","110/07/09","凱基-台北",8,1,7
"20352","5410國眾","110/07/09","群益金鼎-丹鳳",0,7,-7
"20353","5410國眾","110/07/09","華南永昌-公誠",7,0,7
"20354","5410國眾","110/07/09","凱基-復興",0,7,-7
"20355","5410國眾","110/07/09","香港上海匯豐",6,0,6
"20356","5410國眾","110/07/09","元大-員林",0,7,-7
"20357","5410國眾","110/07/09","凱基-中壢",6,0,6
"20358","5410國眾","110/07/09","富邦-竹東",0,6,-6
"20359","5410國眾","110/07/09","華南永昌-南京",6,0,6
"20360","5410國眾","110/07/09","亞東-高雄",0,5,-5
"20361","5410國眾","110/07/09","統一-三重",5,0,5
"20362","5410國眾","110/07/09","大慶-中壢",1,6,-5
"20363","5410國眾","110/07/09","富邦-宜蘭",5,0,5
"20364","5410國眾","110/07/09","群益金鼎-中港",0,5,-5
"20365","5410國眾","110/07/09","元大-崇德",5,0,5
"20366","5410國眾","110/07/09","元大-八德",0,5,-5
"20367","5410國眾","110/07/09","元大-博愛",5,0,5
"20368","5410國眾","110/07/09","富邦-基隆",0,4,-4
"20369","5410國眾","110/07/09","元大-龍潭",5,0,5
"20370","5410國眾","110/07/09","臺銀-新竹",0,3,-3
"20371","2841台開","110/07/09","日盛-雙和",102,0,102
"20372","2841台開","110/07/09","港商野村",0,129,-129
"20373","2841台開","110/07/09","元大-館前",70,0,70
"20374","2841台開","110/07/09","兆豐-永和",0,100,-100
"20375","2841台開","110/07/09","凱基-文心",50,0,50
"20376","2841台開","110/07/09","台新證券",7,28,-21
"20377","2841台開","110/07/09","富邦-嘉義",40,0,40
"20378","2841台開","110/07/09","國票-北高雄",0,20,-20
"20379","2841台開","110/07/09","美商高盛",15,0,15
"20380","2841台開","110/07/09","永豐金-敦南",29,46,-17
"20381","2841台開","110/07/09","台中銀",15,0,15
"20382","2841台開","110/07/09","合庫-基隆",0,12,-12
"20383","2841台開","110/07/09","新光",11,0,11
"20384","2841台開","110/07/09","中國信託-松江",0,12,-12
"20385","2841台開","110/07/09","華南永昌-長虹",10,0,10
"20386","2841台開","110/07/09","兆豐-城中",0,12,-12
"20387","2841台開","110/07/09","永豐金-南投",10,0,10
"20388","2841台開","110/07/09","台中銀-豐原",0,10,-10
"20389","2841台開","110/07/09","合庫-桃園",7,0,7
"20390","2841台開","110/07/09","兆豐-景美",0,10,-10
"20391","2841台開","110/07/09","群益金鼎-古亭",7,0,7
"20392","2841台開","110/07/09","群益金鼎-基隆",0,10,-10
"20393","2841台開","110/07/09","國泰-敦南",6,0,6
"20394","2841台開","110/07/09","元大-北三重",0,10,-10
"20395","2841台開","110/07/09","凱基-桃園",8,2,6
"20396","2841台開","110/07/09","(牛牛牛)亞-網路",0,9,-9
"20397","2841台開","110/07/09","日盛證券",5,0,5
"20398","2841台開","110/07/09","台新-高雄",1,10,-9
"20399","2841台開","110/07/09","元富-文心",5,0,5
"20400","2841台開","110/07/09","凱基-台北",0,7,-7
"20401","6207雷科","110/07/09","群益金鼎-新竹",47,0,47
"20402","6207雷科","110/07/09","新光",7,24,-17
"20403","6207雷科","110/07/09","永豐金-三重",31,0,31
"20404","6207雷科","110/07/09","日盛-和美",0,15,-15
"20405","6207雷科","110/07/09","新加坡商瑞銀",33,5,28
"20406","6207雷科","110/07/09","國泰-台南",0,15,-15
"20407","6207雷科","110/07/09","元大-高雄",26,0,26
"20408","6207雷科","110/07/09","華南永昌-古亭",0,14,-14
"20409","6207雷科","110/07/09","統一-員林",22,0,22
"20410","6207雷科","110/07/09","土銀-白河",0,11,-11
"20411","6207雷科","110/07/09","台新-高雄",22,0,22
"20412","6207雷科","110/07/09","日盛-台南",0,10,-10
"20413","6207雷科","110/07/09","摩根大通",34,17,17
"20414","6207雷科","110/07/09","元富-林園",0,10,-10
"20415","6207雷科","110/07/09","元大-博愛",17,1,16
"20416","6207雷科","110/07/09","富邦-園區",0,10,-10
"20417","6207雷科","110/07/09","日茂-埔里",12,0,12
"20418","6207雷科","110/07/09","元大-上新莊",0,10,-10
"20419","6207雷科","110/07/09","國泰-台中",17,6,11
"20420","6207雷科","110/07/09","永豐金-南京",0,10,-10
"20421","6207雷科","110/07/09","富邦-三重",10,0,10
"20422","6207雷科","110/07/09","兆豐-小港",0,6,-6
"20423","6207雷科","110/07/09","元大-沙鹿",10,0,10
"20424","6207雷科","110/07/09","富邦-羅東",1,7,-6
"20425","6207雷科","110/07/09","元大-八德",10,0,10
"20426","6207雷科","110/07/09","元大-土城永寧",0,6,-6
"20427","6207雷科","110/07/09","第一金-路竹",11,2,9
"20428","6207雷科","110/07/09","永豐金-板盛",0,6,-6
"20429","6207雷科","110/07/09","統一-南京",5,0,5
"20430","6207雷科","110/07/09","日盛-板橋",0,5,-5
"20431","3679新至陞","110/07/09","元大-大天母",10,0,10
"20432","3679新至陞","110/07/09","第一金-光復",0,11,-11
"20433","3679新至陞","110/07/09","日盛-樹林",9,0,9
"20434","3679新至陞","110/07/09","瑞士信貸",0,8,-8
"20435","3679新至陞","110/07/09","凱基-台北",11,2,9
"20436","3679新至陞","110/07/09","大慶-苗栗",0,5,-5
"20437","3679新至陞","110/07/09","華南永昌-小港",8,0,8
"20438","3679新至陞","110/07/09","元大-永春",0,5,-5
"20439","3679新至陞","110/07/09","兆豐-來福",7,0,7
"20440","3679新至陞","110/07/09","日盛-和美",0,4,-4
"20441","3679新至陞","110/07/09","香港上海匯豐",5,0,5
"20442","3679新至陞","110/07/09","元大-雙和",0,3,-3
"20443","3679新至陞","110/07/09","台中銀-員林",3,0,3
"20444","3679新至陞","110/07/09","永豐金-屏東",0,3,-3
"20445","3679新至陞","110/07/09","新光",3,0,3
"20446","3679新至陞","110/07/09","彰銀",0,2,-2
"20447","3679新至陞","110/07/09","土銀-花蓮",2,0,2
"20448","3679新至陞","110/07/09","宏遠-館前",0,2,-2
"20449","3679新至陞","110/07/09","第一金-澎湖",2,0,2
"20450","3679新至陞","110/07/09","港商野村",0,2,-2
"20451","3679新至陞","110/07/09","摩根大通",2,0,2
"20452","3679新至陞","110/07/09","大昌-新店",0,2,-2
"20453","3679新至陞","110/07/09","國泰-敦南",2,0,2
"20454","3679新至陞","110/07/09","元大-新莊",0,2,-2
"20455","3679新至陞","110/07/09","元大-淡水",4,2,2
"20456","3679新至陞","110/07/09","元大-板橋",0,2,-2
"20457","3679新至陞","110/07/09","日盛-士林",1,0,1
"20458","3679新至陞","110/07/09","台灣摩根士丹利",0,1,-1
"20459","3679新至陞","110/07/09","日盛-信義",1,0,1
"20460","3679新至陞","110/07/09","第一金-高雄",0,1,-1
"20461","2727王品","110/07/09","台灣匯立證券",90,0,90
"20462","2727王品","110/07/09","台灣摩根士丹利",0,267,-267
"20463","2727王品","110/07/09","國泰-敦南",166,84,82
"20464","2727王品","110/07/09","富邦-台北",35,299,-264
"20465","2727王品","110/07/09","富邦-仁愛",56,12,44
"20466","2727王品","110/07/09","凱基-台北",174,296,-122
"20467","2727王品","110/07/09","台新證券",109,66,43
"20468","2727王品","110/07/09","第一金",2,102,-100
"20469","2727王品","110/07/09","新光",117,87,30
"20470","2727王品","110/07/09","群益金鼎-大安",0,80,-80
"20471","2727王品","110/07/09","臺銀-臺中",35,6,29
"20472","2727王品","110/07/09","兆豐-大安",7,60,-53
"20473","2727王品","110/07/09","元大-桃園",32,3,29
"20474","2727王品","110/07/09","永豐金-南投",0,50,-50
"20475","2727王品","110/07/09","元富-宜蘭",34,6,28
"20476","2727王品","110/07/09","新加坡商瑞銀",6,46,-40
"20477","2727王品","110/07/09","玉山-台中",34,8,26
"20478","2727王品","110/07/09","合庫-彰化",11,50,-39
"20479","2727王品","110/07/09","群益金鼎-宜蘭",30,4,26
"20480","2727王品","110/07/09","永豐金-萬盛",13,52,-39
"20481","2727王品","110/07/09","富邦-台中",42,16,26
"20482","2727王品","110/07/09","瑞士信貸",0,34,-34
"20483","2727王品","110/07/09","第一金-豐原",25,1,24
"20484","2727王品","110/07/09","元大-和平",4,35,-31
"20485","2727王品","110/07/09","臺銀",30,8,22
"20486","2727王品","110/07/09","美林",14,44,-30
"20487","2727王品","110/07/09","兆豐-來福",23,1,22
"20488","2727王品","110/07/09","元大-員林",9,38,-29
"20489","2727王品","110/07/09","玉山-士林",22,2,20
"20490","2727王品","110/07/09","元富-西松",4,31,-27
"20491","1570力肯","110/07/09","凱基-台北",30,1,29
"20492","1570力肯","110/07/09","群益金鼎-彰化",0,20,-20
"20493","1570力肯","110/07/09","新光-台南",20,0,20
"20494","1570力肯","110/07/09","元大-土城學府",0,20,-20
"20495","1570力肯","110/07/09","元大-高雄",20,0,20
"20496","1570力肯","110/07/09","元大-大統",0,16,-16
"20497","1570力肯","110/07/09","國票-中正",12,0,12
"20498","1570力肯","110/07/09","元大-新營",0,11,-11
"20499","1570力肯","110/07/09","日盛-高雄",6,0,6
"20500","1570力肯","110/07/09","元大-和平",0,10,-10
"20501","1570力肯","110/07/09","元富-緯城",6,0,6
"20502","1570力肯","110/07/09","元大-草屯",0,10,-10
"20503","1570力肯","110/07/09","群益金鼎-台南",6,0,6
"20504","1570力肯","110/07/09","元大-鹿港",0,9,-9
"20505","1570力肯","110/07/09","華南永昌-岡山",6,0,6
"20506","1570力肯","110/07/09","合庫-基隆",0,7,-7
"20507","1570力肯","110/07/09","統一-中壢",5,0,5
"20508","1570力肯","110/07/09","摩根大通",2,8,-6
"20509","1570力肯","110/07/09","凱基-三峽",5,0,5
"20510","1570力肯","110/07/09","台灣企銀-豐原",0,4,-4
"20511","1570力肯","110/07/09","大昌-樹林",4,0,4
"20512","1570力肯","110/07/09","日盛-桃園",0,4,-4
"20513","1570力肯","110/07/09","新光",3,0,3
"20514","1570力肯","110/07/09","國泰-高雄",0,3,-3
"20515","1570力肯","110/07/09","富邦-新竹華信",3,0,3
"20516","1570力肯","110/07/09","永豐金-敦南",0,3,-3
"20517","1570力肯","110/07/09","合庫-台中",2,0,2
"20518","1570力肯","110/07/09","土銀-彰化",0,2,-2
"20519","1570力肯","110/07/09","臺銀-臺中",2,0,2
"20520","1570力肯","110/07/09","臺銀-鳳山",0,2,-2
"20521","6180橘子","110/07/09","摩根大通",63,1,62
"20522","6180橘子","110/07/09","元大-南京",1,32,-31
"20523","6180橘子","110/07/09","富邦-陽明",73,33,40
"20524","6180橘子","110/07/09","群益金鼎-台北",0,25,-25
"20525","6180橘子","110/07/09","新加坡商瑞銀",31,0,31
"20526","6180橘子","110/07/09","兆豐-復興",0,21,-21
"20527","6180橘子","110/07/09","美商高盛",25,0,25
"20528","6180橘子","110/07/09","永豐金-嘉義",0,21,-21
"20529","6180橘子","110/07/09","凱基-台北",26,10,16
"20530","6180橘子","110/07/09","凱基-中壢",8,24,-16
"20531","6180橘子","110/07/09","華南永昌-楠梓",13,0,13
"20532","6180橘子","110/07/09","致和-崇德",0,15,-15
"20533","6180橘子","110/07/09","華南永昌-朴子",11,0,11
"20534","6180橘子","110/07/09","群益金鼎-屏東",0,15,-15
"20535","6180橘子","110/07/09","元大-北港",11,0,11
"20536","6180橘子","110/07/09","群益金鼎-中山",0,15,-15
"20537","6180橘子","110/07/09","元大-成功",10,1,9
"20538","6180橘子","110/07/09","瑞士信貸",1,15,-14
"20539","6180橘子","110/07/09","新光",26,18,8
"20540","6180橘子","110/07/09","日盛-二林",0,10,-10
"20541","6180橘子","110/07/09","統一-三重",6,0,6
"20542","6180橘子","110/07/09","凱基-東門",0,10,-10
"20543","6180橘子","110/07/09","群益金鼎-嘉義",6,0,6
"20544","6180橘子","110/07/09","華南永昌-三重",0,10,-10
"20545","6180橘子","110/07/09","元大-員林中山",6,0,6
"20546","6180橘子","110/07/09","元大-彰化民生",1,11,-10
"20547","6180橘子","110/07/09","合庫-鳳山",5,0,5
"20548","6180橘子","110/07/09","永豐金-新店",1,11,-10
"20549","6180橘子","110/07/09","富邦-建國",6,1,5
"20550","6180橘子","110/07/09","群益金鼎-丹鳳",0,8,-8
"20551","2390云辰","110/07/09","摩根大通",279,56,223
"20552","2390云辰","110/07/09","元大-天母",0,127,-127
"20553","2390云辰","110/07/09","日盛-鳳山",110,2,108
"20554","2390云辰","110/07/09","中國信託-文心",5,109,-104
"20555","2390云辰","110/07/09","宏遠證券",100,0,100
"20556","2390云辰","110/07/09","永豐金-復興",0,55,-55
"20557","2390云辰","110/07/09","元大-大里",63,6,57
"20558","2390云辰","110/07/09","凱基-台北",239,286,-47
"20559","2390云辰","110/07/09","凱基-八德",59,10,49
"20560","2390云辰","110/07/09","德信",2,32,-30
"20561","2390云辰","110/07/09","合庫-新竹",40,0,40
"20562","2390云辰","110/07/09","兆豐-桃鶯",2,32,-30
"20563","2390云辰","110/07/09","國票",40,1,39
"20564","2390云辰","110/07/09","致和-南京",0,30,-30
"20565","2390云辰","110/07/09","新加坡商瑞銀",49,13,36
"20566","2390云辰","110/07/09","富邦-虎尾",1,31,-30
"20567","2390云辰","110/07/09","統一-新台中",36,2,34
"20568","2390云辰","110/07/09","元大-善化",2,31,-29
"20569","2390云辰","110/07/09","國票-嘉義",31,0,31
"20570","2390云辰","110/07/09","富邦-板橋",0,27,-27
"20571","2390云辰","110/07/09","華南永昌",35,7,28
"20572","2390云辰","110/07/09","富邦-永和",3,28,-25
"20573","2390云辰","110/07/09","玉山-台中",49,22,27
"20574","2390云辰","110/07/09","第一金-自由",20,44,-24
"20575","2390云辰","110/07/09","華南永昌-敦南",25,0,25
"20576","2390云辰","110/07/09","凱基-內湖",0,24,-24
"20577","2390云辰","110/07/09","新光-高雄",27,4,23
"20578","2390云辰","110/07/09","元大-汐止",1,24,-23
"20579","2390云辰","110/07/09","台灣摩根士丹利",85,63,22
"20580","2390云辰","110/07/09","新光-台中",12,33,-21
"20581","4903聯光通","110/07/09","元大-敦南",10,0,10
"20582","4903聯光通","110/07/09","第一金-台中",0,12,-12
"20583","4903聯光通","110/07/09","凱基-士林",5,0,5
"20584","4903聯光通","110/07/09","日盛-忠孝",0,3,-3
"20585","4903聯光通","110/07/09","元大-苗栗",5,0,5
"20586","4903聯光通","110/07/09","群益金鼎-崇德",0,3,-3
"20587","4903聯光通","110/07/09","元大-屏南",3,0,3
"20588","4903聯光通","110/07/09","國票-內壢",0,2,-2
"20589","4903聯光通","110/07/09","中國信託-永康",1,0,1
"20590","4903聯光通","110/07/09","康和-南崁",0,2,-2
"20591","4903聯光通","110/07/09","玉山證券",1,0,1
"20592","4903聯光通","110/07/09","新光-台中",0,2,-2
"20593","4903聯光通","110/07/09","元大-太平",4,3,1
"20594","4903聯光通","110/07/09","玉山-城中",0,2,-2
"20595","4903聯光通","110/07/09","永豐金-嘉義",1,0,1
"20596","4903聯光通","110/07/09","中國信託-文心",0,1,-1
"20597","4903聯光通","110/07/09","大昌",0,0,0
"20598","4903聯光通","110/07/09","大昌",0,0,0
"20599","4903聯光通","110/07/09","中農",0,0,0
"20600","4903聯光通","110/07/09","中農",0,0,0
"20601","4903聯光通","110/07/09","",NA,NA,NA
"20602","4903聯光通","110/07/09","",NA,NA,NA
"20603","4903聯光通","110/07/09","",NA,NA,NA
"20604","4903聯光通","110/07/09","",NA,NA,NA
"20605","4903聯光通","110/07/09","",NA,NA,NA
"20606","4903聯光通","110/07/09","",NA,NA,NA
"20607","4903聯光通","110/07/09","",NA,NA,NA
"20608","4903聯光通","110/07/09","",NA,NA,NA
"20609","4903聯光通","110/07/09","",NA,NA,NA
"20610","4903聯光通","110/07/09","",NA,NA,NA
"20611","2929淘帝","110/07/09","台中銀-台北",110,0,110
"20612","2929淘帝","110/07/09","新光",2,82,-80
"20613","2929淘帝","110/07/09","華南永昌-頭份",72,0,72
"20614","2929淘帝","110/07/09","摩根大通",2,63,-61
"20615","2929淘帝","110/07/09","合庫-高雄",71,0,71
"20616","2929淘帝","110/07/09","第一金-路竹",0,50,-50
"20617","2929淘帝","110/07/09","高橋-龍潭",37,0,37
"20618","2929淘帝","110/07/09","港商麥格理",0,42,-42
"20619","2929淘帝","110/07/09","新光-台中",60,26,34
"20620","2929淘帝","110/07/09","陽信-石牌",0,40,-40
"20621","2929淘帝","110/07/09","元富-大裕",22,1,21
"20622","2929淘帝","110/07/09","台新-左楠",1,39,-38
"20623","2929淘帝","110/07/09","合庫-鳳山",20,0,20
"20624","2929淘帝","110/07/09","凱基-桃園",3,29,-26
"20625","2929淘帝","110/07/09","元大-員林",22,2,20
"20626","2929淘帝","110/07/09","兆豐-內湖",0,25,-25
"20627","2929淘帝","110/07/09","台新-建北",15,0,15
"20628","2929淘帝","110/07/09","元大-北港",0,20,-20
"20629","2929淘帝","110/07/09","兆豐-桃園",13,0,13
"20630","2929淘帝","110/07/09","富邦-北港",0,19,-19
"20631","2929淘帝","110/07/09","兆豐-忠孝",10,0,10
"20632","2929淘帝","110/07/09","富邦-花蓮",0,17,-17
"20633","2929淘帝","110/07/09","國票-敦北法人",10,0,10
"20634","2929淘帝","110/07/09","國泰-台中",2,17,-15
"20635","2929淘帝","110/07/09","永豐金-博愛",10,0,10
"20636","2929淘帝","110/07/09","群益金鼎-彰化",0,15,-15
"20637","2929淘帝","110/07/09","群益金鼎-潭子",8,0,8
"20638","2929淘帝","110/07/09","元大-博愛",0,14,-14
"20639","2929淘帝","110/07/09","富邦-南屯",8,0,8
"20640","2929淘帝","110/07/09","日盛-板橋",0,13,-13
"20641","5410國眾","110/07/09","元大-新盛",14,0,14
"20642","5410國眾","110/07/09","(牛牛牛)亞-鑫豐",1,41,-40
"20643","5410國眾","110/07/09","台灣企銀-民雄",10,0,10
"20644","5410國眾","110/07/09","元富-嘉義",0,25,-25
"20645","5410國眾","110/07/09","元富-虎尾",9,0,9
"20646","5410國眾","110/07/09","凱基-高美館",0,10,-10
"20647","5410國眾","110/07/09","摩根大通",10,1,9
"20648","5410國眾","110/07/09","凱基-城中",0,10,-10
"20649","5410國眾","110/07/09","兆豐-北高雄",7,0,7
"20650","5410國眾","110/07/09","元大-頭份",0,10,-10
"20651","5410國眾","110/07/09","凱基-台北",8,1,7
"20652","5410國眾","110/07/09","群益金鼎-丹鳳",0,7,-7
"20653","5410國眾","110/07/09","華南永昌-公誠",7,0,7
"20654","5410國眾","110/07/09","凱基-復興",0,7,-7
"20655","5410國眾","110/07/09","香港上海匯豐",6,0,6
"20656","5410國眾","110/07/09","元大-員林",0,7,-7
"20657","5410國眾","110/07/09","凱基-中壢",6,0,6
"20658","5410國眾","110/07/09","富邦-竹東",0,6,-6
"20659","5410國眾","110/07/09","華南永昌-南京",6,0,6
"20660","5410國眾","110/07/09","亞東-高雄",0,5,-5
"20661","5410國眾","110/07/09","統一-三重",5,0,5
"20662","5410國眾","110/07/09","大慶-中壢",1,6,-5
"20663","5410國眾","110/07/09","富邦-宜蘭",5,0,5
"20664","5410國眾","110/07/09","群益金鼎-中港",0,5,-5
"20665","5410國眾","110/07/09","元大-崇德",5,0,5
"20666","5410國眾","110/07/09","元大-八德",0,5,-5
"20667","5410國眾","110/07/09","元大-博愛",5,0,5
"20668","5410國眾","110/07/09","富邦-基隆",0,4,-4
"20669","5410國眾","110/07/09","元大-龍潭",5,0,5
"20670","5410國眾","110/07/09","臺銀-新竹",0,3,-3
"20671","2841台開","110/07/09","日盛-雙和",102,0,102
"20672","2841台開","110/07/09","港商野村",0,129,-129
"20673","2841台開","110/07/09","元大-館前",70,0,70
"20674","2841台開","110/07/09","兆豐-永和",0,100,-100
"20675","2841台開","110/07/09","凱基-文心",50,0,50
"20676","2841台開","110/07/09","台新證券",7,28,-21
"20677","2841台開","110/07/09","富邦-嘉義",40,0,40
"20678","2841台開","110/07/09","國票-北高雄",0,20,-20
"20679","2841台開","110/07/09","美商高盛",15,0,15
"20680","2841台開","110/07/09","永豐金-敦南",29,46,-17
"20681","2841台開","110/07/09","台中銀",15,0,15
"20682","2841台開","110/07/09","合庫-基隆",0,12,-12
"20683","2841台開","110/07/09","新光",11,0,11
"20684","2841台開","110/07/09","中國信託-松江",0,12,-12
"20685","2841台開","110/07/09","華南永昌-長虹",10,0,10
"20686","2841台開","110/07/09","兆豐-城中",0,12,-12
"20687","2841台開","110/07/09","永豐金-南投",10,0,10
"20688","2841台開","110/07/09","台中銀-豐原",0,10,-10
"20689","2841台開","110/07/09","合庫-桃園",7,0,7
"20690","2841台開","110/07/09","兆豐-景美",0,10,-10
"20691","2841台開","110/07/09","群益金鼎-古亭",7,0,7
"20692","2841台開","110/07/09","群益金鼎-基隆",0,10,-10
"20693","2841台開","110/07/09","國泰-敦南",6,0,6
"20694","2841台開","110/07/09","元大-北三重",0,10,-10
"20695","2841台開","110/07/09","凱基-桃園",8,2,6
"20696","2841台開","110/07/09","(牛牛牛)亞-網路",0,9,-9
"20697","2841台開","110/07/09","日盛證券",5,0,5
"20698","2841台開","110/07/09","台新-高雄",1,10,-9
"20699","2841台開","110/07/09","元富-文心",5,0,5
"20700","2841台開","110/07/09","凱基-台北",0,7,-7
"20701","6207雷科","110/07/09","群益金鼎-新竹",47,0,47
"20702","6207雷科","110/07/09","新光",7,24,-17
"20703","6207雷科","110/07/09","永豐金-三重",31,0,31
"20704","6207雷科","110/07/09","日盛-和美",0,15,-15
"20705","6207雷科","110/07/09","新加坡商瑞銀",33,5,28
"20706","6207雷科","110/07/09","國泰-台南",0,15,-15
"20707","6207雷科","110/07/09","元大-高雄",26,0,26
"20708","6207雷科","110/07/09","華南永昌-古亭",0,14,-14
"20709","6207雷科","110/07/09","統一-員林",22,0,22
"20710","6207雷科","110/07/09","土銀-白河",0,11,-11
"20711","6207雷科","110/07/09","台新-高雄",22,0,22
"20712","6207雷科","110/07/09","日盛-台南",0,10,-10
"20713","6207雷科","110/07/09","摩根大通",34,17,17
"20714","6207雷科","110/07/09","元富-林園",0,10,-10
"20715","6207雷科","110/07/09","元大-博愛",17,1,16
"20716","6207雷科","110/07/09","富邦-園區",0,10,-10
"20717","6207雷科","110/07/09","日茂-埔里",12,0,12
"20718","6207雷科","110/07/09","元大-上新莊",0,10,-10
"20719","6207雷科","110/07/09","國泰-台中",17,6,11
"20720","6207雷科","110/07/09","永豐金-南京",0,10,-10
"20721","6207雷科","110/07/09","富邦-三重",10,0,10
"20722","6207雷科","110/07/09","兆豐-小港",0,6,-6
"20723","6207雷科","110/07/09","元大-沙鹿",10,0,10
"20724","6207雷科","110/07/09","富邦-羅東",1,7,-6
"20725","6207雷科","110/07/09","元大-八德",10,0,10
"20726","6207雷科","110/07/09","元大-土城永寧",0,6,-6
"20727","6207雷科","110/07/09","第一金-路竹",11,2,9
"20728","6207雷科","110/07/09","永豐金-板盛",0,6,-6
"20729","6207雷科","110/07/09","統一-南京",5,0,5
"20730","6207雷科","110/07/09","日盛-板橋",0,5,-5
"20731","3679新至陞","110/07/09","元大-大天母",10,0,10
"20732","3679新至陞","110/07/09","第一金-光復",0,11,-11
"20733","3679新至陞","110/07/09","日盛-樹林",9,0,9
"20734","3679新至陞","110/07/09","瑞士信貸",0,8,-8
"20735","3679新至陞","110/07/09","凱基-台北",11,2,9
"20736","3679新至陞","110/07/09","大慶-苗栗",0,5,-5
"20737","3679新至陞","110/07/09","華南永昌-小港",8,0,8
"20738","3679新至陞","110/07/09","元大-永春",0,5,-5
"20739","3679新至陞","110/07/09","兆豐-來福",7,0,7
"20740","3679新至陞","110/07/09","日盛-和美",0,4,-4
"20741","3679新至陞","110/07/09","香港上海匯豐",5,0,5
"20742","3679新至陞","110/07/09","元大-雙和",0,3,-3
"20743","3679新至陞","110/07/09","台中銀-員林",3,0,3
"20744","3679新至陞","110/07/09","永豐金-屏東",0,3,-3
"20745","3679新至陞","110/07/09","新光",3,0,3
"20746","3679新至陞","110/07/09","彰銀",0,2,-2
"20747","3679新至陞","110/07/09","土銀-花蓮",2,0,2
"20748","3679新至陞","110/07/09","宏遠-館前",0,2,-2
"20749","3679新至陞","110/07/09","第一金-澎湖",2,0,2
"20750","3679新至陞","110/07/09","港商野村",0,2,-2
"20751","3679新至陞","110/07/09","摩根大通",2,0,2
"20752","3679新至陞","110/07/09","大昌-新店",0,2,-2
"20753","3679新至陞","110/07/09","國泰-敦南",2,0,2
"20754","3679新至陞","110/07/09","元大-新莊",0,2,-2
"20755","3679新至陞","110/07/09","元大-淡水",4,2,2
"20756","3679新至陞","110/07/09","元大-板橋",0,2,-2
"20757","3679新至陞","110/07/09","日盛-士林",1,0,1
"20758","3679新至陞","110/07/09","台灣摩根士丹利",0,1,-1
"20759","3679新至陞","110/07/09","日盛-信義",1,0,1
"20760","3679新至陞","110/07/09","第一金-高雄",0,1,-1
"20761","2727王品","110/07/09","台灣匯立證券",90,0,90
"20762","2727王品","110/07/09","台灣摩根士丹利",0,267,-267
"20763","2727王品","110/07/09","國泰-敦南",166,84,82
"20764","2727王品","110/07/09","富邦-台北",35,299,-264
"20765","2727王品","110/07/09","富邦-仁愛",56,12,44
"20766","2727王品","110/07/09","凱基-台北",174,296,-122
"20767","2727王品","110/07/09","台新證券",109,66,43
"20768","2727王品","110/07/09","第一金",2,102,-100
"20769","2727王品","110/07/09","新光",117,87,30
"20770","2727王品","110/07/09","群益金鼎-大安",0,80,-80
"20771","2727王品","110/07/09","臺銀-臺中",35,6,29
"20772","2727王品","110/07/09","兆豐-大安",7,60,-53
"20773","2727王品","110/07/09","元大-桃園",32,3,29
"20774","2727王品","110/07/09","永豐金-南投",0,50,-50
"20775","2727王品","110/07/09","元富-宜蘭",34,6,28
"20776","2727王品","110/07/09","新加坡商瑞銀",6,46,-40
"20777","2727王品","110/07/09","玉山-台中",34,8,26
"20778","2727王品","110/07/09","合庫-彰化",11,50,-39
"20779","2727王品","110/07/09","群益金鼎-宜蘭",30,4,26
"20780","2727王品","110/07/09","永豐金-萬盛",13,52,-39
"20781","2727王品","110/07/09","富邦-台中",42,16,26
"20782","2727王品","110/07/09","瑞士信貸",0,34,-34
"20783","2727王品","110/07/09","第一金-豐原",25,1,24
"20784","2727王品","110/07/09","元大-和平",4,35,-31
"20785","2727王品","110/07/09","臺銀",30,8,22
"20786","2727王品","110/07/09","美林",14,44,-30
"20787","2727王品","110/07/09","兆豐-來福",23,1,22
"20788","2727王品","110/07/09","元大-員林",9,38,-29
"20789","2727王品","110/07/09","玉山-士林",22,2,20
"20790","2727王品","110/07/09","元富-西松",4,31,-27
"20791","1570力肯","110/07/09","凱基-台北",30,1,29
"20792","1570力肯","110/07/09","群益金鼎-彰化",0,20,-20
"20793","1570力肯","110/07/09","新光-台南",20,0,20
"20794","1570力肯","110/07/09","元大-土城學府",0,20,-20
"20795","1570力肯","110/07/09","元大-高雄",20,0,20
"20796","1570力肯","110/07/09","元大-大統",0,16,-16
"20797","1570力肯","110/07/09","國票-中正",12,0,12
"20798","1570力肯","110/07/09","元大-新營",0,11,-11
"20799","1570力肯","110/07/09","日盛-高雄",6,0,6
"20800","1570力肯","110/07/09","元大-和平",0,10,-10
"20801","1570力肯","110/07/09","元富-緯城",6,0,6
"20802","1570力肯","110/07/09","元大-草屯",0,10,-10
"20803","1570力肯","110/07/09","群益金鼎-台南",6,0,6
"20804","1570力肯","110/07/09","元大-鹿港",0,9,-9
"20805","1570力肯","110/07/09","華南永昌-岡山",6,0,6
"20806","1570力肯","110/07/09","合庫-基隆",0,7,-7
"20807","1570力肯","110/07/09","統一-中壢",5,0,5
"20808","1570力肯","110/07/09","摩根大通",2,8,-6
"20809","1570力肯","110/07/09","凱基-三峽",5,0,5
"20810","1570力肯","110/07/09","台灣企銀-豐原",0,4,-4
"20811","1570力肯","110/07/09","大昌-樹林",4,0,4
"20812","1570力肯","110/07/09","日盛-桃園",0,4,-4
"20813","1570力肯","110/07/09","新光",3,0,3
"20814","1570力肯","110/07/09","國泰-高雄",0,3,-3
"20815","1570力肯","110/07/09","富邦-新竹華信",3,0,3
"20816","1570力肯","110/07/09","永豐金-敦南",0,3,-3
"20817","1570力肯","110/07/09","合庫-台中",2,0,2
"20818","1570力肯","110/07/09","土銀-彰化",0,2,-2
"20819","1570力肯","110/07/09","臺銀-臺中",2,0,2
"20820","1570力肯","110/07/09","臺銀-鳳山",0,2,-2
"20821","6180橘子","110/07/09","摩根大通",63,1,62
"20822","6180橘子","110/07/09","元大-南京",1,32,-31
"20823","6180橘子","110/07/09","富邦-陽明",73,33,40
"20824","6180橘子","110/07/09","群益金鼎-台北",0,25,-25
"20825","6180橘子","110/07/09","新加坡商瑞銀",31,0,31
"20826","6180橘子","110/07/09","兆豐-復興",0,21,-21
"20827","6180橘子","110/07/09","美商高盛",25,0,25
"20828","6180橘子","110/07/09","永豐金-嘉義",0,21,-21
"20829","6180橘子","110/07/09","凱基-台北",26,10,16
"20830","6180橘子","110/07/09","凱基-中壢",8,24,-16
"20831","6180橘子","110/07/09","華南永昌-楠梓",13,0,13
"20832","6180橘子","110/07/09","致和-崇德",0,15,-15
"20833","6180橘子","110/07/09","華南永昌-朴子",11,0,11
"20834","6180橘子","110/07/09","群益金鼎-屏東",0,15,-15
"20835","6180橘子","110/07/09","元大-北港",11,0,11
"20836","6180橘子","110/07/09","群益金鼎-中山",0,15,-15
"20837","6180橘子","110/07/09","元大-成功",10,1,9
"20838","6180橘子","110/07/09","瑞士信貸",1,15,-14
"20839","6180橘子","110/07/09","新光",26,18,8
"20840","6180橘子","110/07/09","日盛-二林",0,10,-10
"20841","6180橘子","110/07/09","統一-三重",6,0,6
"20842","6180橘子","110/07/09","凱基-東門",0,10,-10
"20843","6180橘子","110/07/09","群益金鼎-嘉義",6,0,6
"20844","6180橘子","110/07/09","華南永昌-三重",0,10,-10
"20845","6180橘子","110/07/09","元大-員林中山",6,0,6
"20846","6180橘子","110/07/09","元大-彰化民生",1,11,-10
"20847","6180橘子","110/07/09","合庫-鳳山",5,0,5
"20848","6180橘子","110/07/09","永豐金-新店",1,11,-10
"20849","6180橘子","110/07/09","富邦-建國",6,1,5
"20850","6180橘子","110/07/09","群益金鼎-丹鳳",0,8,-8
"20851","2390云辰","110/07/09","摩根大通",279,56,223
"20852","2390云辰","110/07/09","元大-天母",0,127,-127
"20853","2390云辰","110/07/09","日盛-鳳山",110,2,108
"20854","2390云辰","110/07/09","中國信託-文心",5,109,-104
"20855","2390云辰","110/07/09","宏遠證券",100,0,100
"20856","2390云辰","110/07/09","永豐金-復興",0,55,-55
"20857","2390云辰","110/07/09","元大-大里",63,6,57
"20858","2390云辰","110/07/09","凱基-台北",239,286,-47
"20859","2390云辰","110/07/09","凱基-八德",59,10,49
"20860","2390云辰","110/07/09","德信",2,32,-30
"20861","2390云辰","110/07/09","合庫-新竹",40,0,40
"20862","2390云辰","110/07/09","兆豐-桃鶯",2,32,-30
"20863","2390云辰","110/07/09","國票",40,1,39
"20864","2390云辰","110/07/09","致和-南京",0,30,-30
"20865","2390云辰","110/07/09","新加坡商瑞銀",49,13,36
"20866","2390云辰","110/07/09","富邦-虎尾",1,31,-30
"20867","2390云辰","110/07/09","統一-新台中",36,2,34
"20868","2390云辰","110/07/09","元大-善化",2,31,-29
"20869","2390云辰","110/07/09","國票-嘉義",31,0,31
"20870","2390云辰","110/07/09","富邦-板橋",0,27,-27
"20871","2390云辰","110/07/09","華南永昌",35,7,28
"20872","2390云辰","110/07/09","富邦-永和",3,28,-25
"20873","2390云辰","110/07/09","玉山-台中",49,22,27
"20874","2390云辰","110/07/09","第一金-自由",20,44,-24
"20875","2390云辰","110/07/09","華南永昌-敦南",25,0,25
"20876","2390云辰","110/07/09","凱基-內湖",0,24,-24
"20877","2390云辰","110/07/09","新光-高雄",27,4,23
"20878","2390云辰","110/07/09","元大-汐止",1,24,-23
"20879","2390云辰","110/07/09","台灣摩根士丹利",85,63,22
"20880","2390云辰","110/07/09","新光-台中",12,33,-21
"20881","4903聯光通","110/07/09","元大-敦南",10,0,10
"20882","4903聯光通","110/07/09","第一金-台中",0,12,-12
"20883","4903聯光通","110/07/09","凱基-士林",5,0,5
"20884","4903聯光通","110/07/09","日盛-忠孝",0,3,-3
"20885","4903聯光通","110/07/09","元大-苗栗",5,0,5
"20886","4903聯光通","110/07/09","群益金鼎-崇德",0,3,-3
"20887","4903聯光通","110/07/09","元大-屏南",3,0,3
"20888","4903聯光通","110/07/09","國票-內壢",0,2,-2
"20889","4903聯光通","110/07/09","中國信託-永康",1,0,1
"20890","4903聯光通","110/07/09","康和-南崁",0,2,-2
"20891","4903聯光通","110/07/09","玉山證券",1,0,1
"20892","4903聯光通","110/07/09","新光-台中",0,2,-2
"20893","4903聯光通","110/07/09","元大-太平",4,3,1
"20894","4903聯光通","110/07/09","玉山-城中",0,2,-2
"20895","4903聯光通","110/07/09","永豐金-嘉義",1,0,1
"20896","4903聯光通","110/07/09","中國信託-文心",0,1,-1
"20897","4903聯光通","110/07/09","大昌",0,0,0
"20898","4903聯光通","110/07/09","大昌",0,0,0
"20899","4903聯光通","110/07/09","中農",0,0,0
"20900","4903聯光通","110/07/09","中農",0,0,0
"20901","4903聯光通","110/07/09","",NA,NA,NA
"20902","4903聯光通","110/07/09","",NA,NA,NA
"20903","4903聯光通","110/07/09","",NA,NA,NA
"20904","4903聯光通","110/07/09","",NA,NA,NA
"20905","4903聯光通","110/07/09","",NA,NA,NA
"20906","4903聯光通","110/07/09","",NA,NA,NA
"20907","4903聯光通","110/07/09","",NA,NA,NA
"20908","4903聯光通","110/07/09","",NA,NA,NA
"20909","4903聯光通","110/07/09","",NA,NA,NA
"20910","4903聯光通","110/07/09","",NA,NA,NA
"20911","2929淘帝","110/07/09","台中銀-台北",110,0,110
"20912","2929淘帝","110/07/09","新光",2,82,-80
"20913","2929淘帝","110/07/09","華南永昌-頭份",72,0,72
"20914","2929淘帝","110/07/09","摩根大通",2,63,-61
"20915","2929淘帝","110/07/09","合庫-高雄",71,0,71
"20916","2929淘帝","110/07/09","第一金-路竹",0,50,-50
"20917","2929淘帝","110/07/09","高橋-龍潭",37,0,37
"20918","2929淘帝","110/07/09","港商麥格理",0,42,-42
"20919","2929淘帝","110/07/09","新光-台中",60,26,34
"20920","2929淘帝","110/07/09","陽信-石牌",0,40,-40
"20921","2929淘帝","110/07/09","元富-大裕",22,1,21
"20922","2929淘帝","110/07/09","台新-左楠",1,39,-38
"20923","2929淘帝","110/07/09","合庫-鳳山",20,0,20
"20924","2929淘帝","110/07/09","凱基-桃園",3,29,-26
"20925","2929淘帝","110/07/09","元大-員林",22,2,20
"20926","2929淘帝","110/07/09","兆豐-內湖",0,25,-25
"20927","2929淘帝","110/07/09","台新-建北",15,0,15
"20928","2929淘帝","110/07/09","元大-北港",0,20,-20
"20929","2929淘帝","110/07/09","兆豐-桃園",13,0,13
"20930","2929淘帝","110/07/09","富邦-北港",0,19,-19
"20931","2929淘帝","110/07/09","兆豐-忠孝",10,0,10
"20932","2929淘帝","110/07/09","富邦-花蓮",0,17,-17
"20933","2929淘帝","110/07/09","國票-敦北法人",10,0,10
"20934","2929淘帝","110/07/09","國泰-台中",2,17,-15
"20935","2929淘帝","110/07/09","永豐金-博愛",10,0,10
"20936","2929淘帝","110/07/09","群益金鼎-彰化",0,15,-15
"20937","2929淘帝","110/07/09","群益金鼎-潭子",8,0,8
"20938","2929淘帝","110/07/09","元大-博愛",0,14,-14
"20939","2929淘帝","110/07/09","富邦-南屯",8,0,8
"20940","2929淘帝","110/07/09","日盛-板橋",0,13,-13
"20941","5410國眾","110/07/09","元大-新盛",14,0,14
"20942","5410國眾","110/07/09","(牛牛牛)亞-鑫豐",1,41,-40
"20943","5410國眾","110/07/09","台灣企銀-民雄",10,0,10
"20944","5410國眾","110/07/09","元富-嘉義",0,25,-25
"20945","5410國眾","110/07/09","元富-虎尾",9,0,9
"20946","5410國眾","110/07/09","凱基-高美館",0,10,-10
"20947","5410國眾","110/07/09","摩根大通",10,1,9
"20948","5410國眾","110/07/09","凱基-城中",0,10,-10
"20949","5410國眾","110/07/09","兆豐-北高雄",7,0,7
"20950","5410國眾","110/07/09","元大-頭份",0,10,-10
"20951","5410國眾","110/07/09","凱基-台北",8,1,7
"20952","5410國眾","110/07/09","群益金鼎-丹鳳",0,7,-7
"20953","5410國眾","110/07/09","華南永昌-公誠",7,0,7
"20954","5410國眾","110/07/09","凱基-復興",0,7,-7
"20955","5410國眾","110/07/09","香港上海匯豐",6,0,6
"20956","5410國眾","110/07/09","元大-員林",0,7,-7
"20957","5410國眾","110/07/09","凱基-中壢",6,0,6
"20958","5410國眾","110/07/09","富邦-竹東",0,6,-6
"20959","5410國眾","110/07/09","華南永昌-南京",6,0,6
"20960","5410國眾","110/07/09","亞東-高雄",0,5,-5
"20961","5410國眾","110/07/09","統一-三重",5,0,5
"20962","5410國眾","110/07/09","大慶-中壢",1,6,-5
"20963","5410國眾","110/07/09","富邦-宜蘭",5,0,5
"20964","5410國眾","110/07/09","群益金鼎-中港",0,5,-5
"20965","5410國眾","110/07/09","元大-崇德",5,0,5
"20966","5410國眾","110/07/09","元大-八德",0,5,-5
"20967","5410國眾","110/07/09","元大-博愛",5,0,5
"20968","5410國眾","110/07/09","富邦-基隆",0,4,-4
"20969","5410國眾","110/07/09","元大-龍潭",5,0,5
"20970","5410國眾","110/07/09","臺銀-新竹",0,3,-3
"20971","2841台開","110/07/09","日盛-雙和",102,0,102
"20972","2841台開","110/07/09","港商野村",0,129,-129
"20973","2841台開","110/07/09","元大-館前",70,0,70
"20974","2841台開","110/07/09","兆豐-永和",0,100,-100
"20975","2841台開","110/07/09","凱基-文心",50,0,50
"20976","2841台開","110/07/09","台新證券",7,28,-21
"20977","2841台開","110/07/09","富邦-嘉義",40,0,40
"20978","2841台開","110/07/09","國票-北高雄",0,20,-20
"20979","2841台開","110/07/09","美商高盛",15,0,15
"20980","2841台開","110/07/09","永豐金-敦南",29,46,-17
"20981","2841台開","110/07/09","台中銀",15,0,15
"20982","2841台開","110/07/09","合庫-基隆",0,12,-12
"20983","2841台開","110/07/09","新光",11,0,11
"20984","2841台開","110/07/09","中國信託-松江",0,12,-12
"20985","2841台開","110/07/09","華南永昌-長虹",10,0,10
"20986","2841台開","110/07/09","兆豐-城中",0,12,-12
"20987","2841台開","110/07/09","永豐金-南投",10,0,10
"20988","2841台開","110/07/09","台中銀-豐原",0,10,-10
"20989","2841台開","110/07/09","合庫-桃園",7,0,7
"20990","2841台開","110/07/09","兆豐-景美",0,10,-10
"20991","2841台開","110/07/09","群益金鼎-古亭",7,0,7
"20992","2841台開","110/07/09","群益金鼎-基隆",0,10,-10
"20993","2841台開","110/07/09","國泰-敦南",6,0,6
"20994","2841台開","110/07/09","元大-北三重",0,10,-10
"20995","2841台開","110/07/09","凱基-桃園",8,2,6
"20996","2841台開","110/07/09","(牛牛牛)亞-網路",0,9,-9
"20997","2841台開","110/07/09","日盛證券",5,0,5
"20998","2841台開","110/07/09","台新-高雄",1,10,-9
"20999","2841台開","110/07/09","元富-文心",5,0,5
"21000","2841台開","110/07/09","凱基-台北",0,7,-7
"21001","6207雷科","110/07/09","群益金鼎-新竹",47,0,47
"21002","6207雷科","110/07/09","新光",7,24,-17
"21003","6207雷科","110/07/09","永豐金-三重",31,0,31
"21004","6207雷科","110/07/09","日盛-和美",0,15,-15
"21005","6207雷科","110/07/09","新加坡商瑞銀",33,5,28
"21006","6207雷科","110/07/09","國泰-台南",0,15,-15
"21007","6207雷科","110/07/09","元大-高雄",26,0,26
"21008","6207雷科","110/07/09","華南永昌-古亭",0,14,-14
"21009","6207雷科","110/07/09","統一-員林",22,0,22
"21010","6207雷科","110/07/09","土銀-白河",0,11,-11
"21011","6207雷科","110/07/09","台新-高雄",22,0,22
"21012","6207雷科","110/07/09","日盛-台南",0,10,-10
"21013","6207雷科","110/07/09","摩根大通",34,17,17
"21014","6207雷科","110/07/09","元富-林園",0,10,-10
"21015","6207雷科","110/07/09","元大-博愛",17,1,16
"21016","6207雷科","110/07/09","富邦-園區",0,10,-10
"21017","6207雷科","110/07/09","日茂-埔里",12,0,12
"21018","6207雷科","110/07/09","元大-上新莊",0,10,-10
"21019","6207雷科","110/07/09","國泰-台中",17,6,11
"21020","6207雷科","110/07/09","永豐金-南京",0,10,-10
"21021","6207雷科","110/07/09","富邦-三重",10,0,10
"21022","6207雷科","110/07/09","兆豐-小港",0,6,-6
"21023","6207雷科","110/07/09","元大-沙鹿",10,0,10
"21024","6207雷科","110/07/09","富邦-羅東",1,7,-6
"21025","6207雷科","110/07/09","元大-八德",10,0,10
"21026","6207雷科","110/07/09","元大-土城永寧",0,6,-6
"21027","6207雷科","110/07/09","第一金-路竹",11,2,9
"21028","6207雷科","110/07/09","永豐金-板盛",0,6,-6
"21029","6207雷科","110/07/09","統一-南京",5,0,5
"21030","6207雷科","110/07/09","日盛-板橋",0,5,-5
"21031","3679新至陞","110/07/09","元大-大天母",10,0,10
"21032","3679新至陞","110/07/09","第一金-光復",0,11,-11
"21033","3679新至陞","110/07/09","日盛-樹林",9,0,9
"21034","3679新至陞","110/07/09","瑞士信貸",0,8,-8
"21035","3679新至陞","110/07/09","凱基-台北",11,2,9
"21036","3679新至陞","110/07/09","大慶-苗栗",0,5,-5
"21037","3679新至陞","110/07/09","華南永昌-小港",8,0,8
"21038","3679新至陞","110/07/09","元大-永春",0,5,-5
"21039","3679新至陞","110/07/09","兆豐-來福",7,0,7
"21040","3679新至陞","110/07/09","日盛-和美",0,4,-4
"21041","3679新至陞","110/07/09","香港上海匯豐",5,0,5
"21042","3679新至陞","110/07/09","元大-雙和",0,3,-3
"21043","3679新至陞","110/07/09","台中銀-員林",3,0,3
"21044","3679新至陞","110/07/09","永豐金-屏東",0,3,-3
"21045","3679新至陞","110/07/09","新光",3,0,3
"21046","3679新至陞","110/07/09","彰銀",0,2,-2
"21047","3679新至陞","110/07/09","土銀-花蓮",2,0,2
"21048","3679新至陞","110/07/09","宏遠-館前",0,2,-2
"21049","3679新至陞","110/07/09","第一金-澎湖",2,0,2
"21050","3679新至陞","110/07/09","港商野村",0,2,-2
"21051","3679新至陞","110/07/09","摩根大通",2,0,2
"21052","3679新至陞","110/07/09","大昌-新店",0,2,-2
"21053","3679新至陞","110/07/09","國泰-敦南",2,0,2
"21054","3679新至陞","110/07/09","元大-新莊",0,2,-2
"21055","3679新至陞","110/07/09","元大-淡水",4,2,2
"21056","3679新至陞","110/07/09","元大-板橋",0,2,-2
"21057","3679新至陞","110/07/09","日盛-士林",1,0,1
"21058","3679新至陞","110/07/09","台灣摩根士丹利",0,1,-1
"21059","3679新至陞","110/07/09","日盛-信義",1,0,1
"21060","3679新至陞","110/07/09","第一金-高雄",0,1,-1
"21061","2727王品","110/07/09","台灣匯立證券",90,0,90
"21062","2727王品","110/07/09","台灣摩根士丹利",0,267,-267
"21063","2727王品","110/07/09","國泰-敦南",166,84,82
"21064","2727王品","110/07/09","富邦-台北",35,299,-264
"21065","2727王品","110/07/09","富邦-仁愛",56,12,44
"21066","2727王品","110/07/09","凱基-台北",174,296,-122
"21067","2727王品","110/07/09","台新證券",109,66,43
"21068","2727王品","110/07/09","第一金",2,102,-100
"21069","2727王品","110/07/09","新光",117,87,30
"21070","2727王品","110/07/09","群益金鼎-大安",0,80,-80
"21071","2727王品","110/07/09","臺銀-臺中",35,6,29
"21072","2727王品","110/07/09","兆豐-大安",7,60,-53
"21073","2727王品","110/07/09","元大-桃園",32,3,29
"21074","2727王品","110/07/09","永豐金-南投",0,50,-50
"21075","2727王品","110/07/09","元富-宜蘭",34,6,28
"21076","2727王品","110/07/09","新加坡商瑞銀",6,46,-40
"21077","2727王品","110/07/09","玉山-台中",34,8,26
"21078","2727王品","110/07/09","合庫-彰化",11,50,-39
"21079","2727王品","110/07/09","群益金鼎-宜蘭",30,4,26
"21080","2727王品","110/07/09","永豐金-萬盛",13,52,-39
"21081","2727王品","110/07/09","富邦-台中",42,16,26
"21082","2727王品","110/07/09","瑞士信貸",0,34,-34
"21083","2727王品","110/07/09","第一金-豐原",25,1,24
"21084","2727王品","110/07/09","元大-和平",4,35,-31
"21085","2727王品","110/07/09","臺銀",30,8,22
"21086","2727王品","110/07/09","美林",14,44,-30
"21087","2727王品","110/07/09","兆豐-來福",23,1,22
"21088","2727王品","110/07/09","元大-員林",9,38,-29
"21089","2727王品","110/07/09","玉山-士林",22,2,20
"21090","2727王品","110/07/09","元富-西松",4,31,-27
"21091","1570力肯","110/07/09","凱基-台北",30,1,29
"21092","1570力肯","110/07/09","群益金鼎-彰化",0,20,-20
"21093","1570力肯","110/07/09","新光-台南",20,0,20
"21094","1570力肯","110/07/09","元大-土城學府",0,20,-20
"21095","1570力肯","110/07/09","元大-高雄",20,0,20
"21096","1570力肯","110/07/09","元大-大統",0,16,-16
"21097","1570力肯","110/07/09","國票-中正",12,0,12
"21098","1570力肯","110/07/09","元大-新營",0,11,-11
"21099","1570力肯","110/07/09","日盛-高雄",6,0,6
"21100","1570力肯","110/07/09","元大-和平",0,10,-10
"21101","1570力肯","110/07/09","元富-緯城",6,0,6
"21102","1570力肯","110/07/09","元大-草屯",0,10,-10
"21103","1570力肯","110/07/09","群益金鼎-台南",6,0,6
"21104","1570力肯","110/07/09","元大-鹿港",0,9,-9
"21105","1570力肯","110/07/09","華南永昌-岡山",6,0,6
"21106","1570力肯","110/07/09","合庫-基隆",0,7,-7
"21107","1570力肯","110/07/09","統一-中壢",5,0,5
"21108","1570力肯","110/07/09","摩根大通",2,8,-6
"21109","1570力肯","110/07/09","凱基-三峽",5,0,5
"21110","1570力肯","110/07/09","台灣企銀-豐原",0,4,-4
"21111","1570力肯","110/07/09","大昌-樹林",4,0,4
"21112","1570力肯","110/07/09","日盛-桃園",0,4,-4
"21113","1570力肯","110/07/09","新光",3,0,3
"21114","1570力肯","110/07/09","國泰-高雄",0,3,-3
"21115","1570力肯","110/07/09","富邦-新竹華信",3,0,3
"21116","1570力肯","110/07/09","永豐金-敦南",0,3,-3
"21117","1570力肯","110/07/09","合庫-台中",2,0,2
"21118","1570力肯","110/07/09","土銀-彰化",0,2,-2
"21119","1570力肯","110/07/09","臺銀-臺中",2,0,2
"21120","1570力肯","110/07/09","臺銀-鳳山",0,2,-2
"21121","6180橘子","110/07/09","摩根大通",63,1,62
"21122","6180橘子","110/07/09","元大-南京",1,32,-31
"21123","6180橘子","110/07/09","富邦-陽明",73,33,40
"21124","6180橘子","110/07/09","群益金鼎-台北",0,25,-25
"21125","6180橘子","110/07/09","新加坡商瑞銀",31,0,31
"21126","6180橘子","110/07/09","兆豐-復興",0,21,-21
"21127","6180橘子","110/07/09","美商高盛",25,0,25
"21128","6180橘子","110/07/09","永豐金-嘉義",0,21,-21
"21129","6180橘子","110/07/09","凱基-台北",26,10,16
"21130","6180橘子","110/07/09","凱基-中壢",8,24,-16
"21131","6180橘子","110/07/09","華南永昌-楠梓",13,0,13
"21132","6180橘子","110/07/09","致和-崇德",0,15,-15
"21133","6180橘子","110/07/09","華南永昌-朴子",11,0,11
"21134","6180橘子","110/07/09","群益金鼎-屏東",0,15,-15
"21135","6180橘子","110/07/09","元大-北港",11,0,11
"21136","6180橘子","110/07/09","群益金鼎-中山",0,15,-15
"21137","6180橘子","110/07/09","元大-成功",10,1,9
"21138","6180橘子","110/07/09","瑞士信貸",1,15,-14
"21139","6180橘子","110/07/09","新光",26,18,8
"21140","6180橘子","110/07/09","日盛-二林",0,10,-10
"21141","6180橘子","110/07/09","統一-三重",6,0,6
"21142","6180橘子","110/07/09","凱基-東門",0,10,-10
"21143","6180橘子","110/07/09","群益金鼎-嘉義",6,0,6
"21144","6180橘子","110/07/09","華南永昌-三重",0,10,-10
"21145","6180橘子","110/07/09","元大-員林中山",6,0,6
"21146","6180橘子","110/07/09","元大-彰化民生",1,11,-10
"21147","6180橘子","110/07/09","合庫-鳳山",5,0,5
"21148","6180橘子","110/07/09","永豐金-新店",1,11,-10
"21149","6180橘子","110/07/09","富邦-建國",6,1,5
"21150","6180橘子","110/07/09","群益金鼎-丹鳳",0,8,-8
"21151","2390云辰","110/07/09","摩根大通",279,56,223
"21152","2390云辰","110/07/09","元大-天母",0,127,-127
"21153","2390云辰","110/07/09","日盛-鳳山",110,2,108
"21154","2390云辰","110/07/09","中國信託-文心",5,109,-104
"21155","2390云辰","110/07/09","宏遠證券",100,0,100
"21156","2390云辰","110/07/09","永豐金-復興",0,55,-55
"21157","2390云辰","110/07/09","元大-大里",63,6,57
"21158","2390云辰","110/07/09","凱基-台北",239,286,-47
"21159","2390云辰","110/07/09","凱基-八德",59,10,49
"21160","2390云辰","110/07/09","德信",2,32,-30
"21161","2390云辰","110/07/09","合庫-新竹",40,0,40
"21162","2390云辰","110/07/09","兆豐-桃鶯",2,32,-30
"21163","2390云辰","110/07/09","國票",40,1,39
"21164","2390云辰","110/07/09","致和-南京",0,30,-30
"21165","2390云辰","110/07/09","新加坡商瑞銀",49,13,36
"21166","2390云辰","110/07/09","富邦-虎尾",1,31,-30
"21167","2390云辰","110/07/09","統一-新台中",36,2,34
"21168","2390云辰","110/07/09","元大-善化",2,31,-29
"21169","2390云辰","110/07/09","國票-嘉義",31,0,31
"21170","2390云辰","110/07/09","富邦-板橋",0,27,-27
"21171","2390云辰","110/07/09","華南永昌",35,7,28
"21172","2390云辰","110/07/09","富邦-永和",3,28,-25
"21173","2390云辰","110/07/09","玉山-台中",49,22,27
"21174","2390云辰","110/07/09","第一金-自由",20,44,-24
"21175","2390云辰","110/07/09","華南永昌-敦南",25,0,25
"21176","2390云辰","110/07/09","凱基-內湖",0,24,-24
"21177","2390云辰","110/07/09","新光-高雄",27,4,23
"21178","2390云辰","110/07/09","元大-汐止",1,24,-23
"21179","2390云辰","110/07/09","台灣摩根士丹利",85,63,22
"21180","2390云辰","110/07/09","新光-台中",12,33,-21
"21181","4903聯光通","110/07/09","元大-敦南",10,0,10
"21182","4903聯光通","110/07/09","第一金-台中",0,12,-12
"21183","4903聯光通","110/07/09","凱基-士林",5,0,5
"21184","4903聯光通","110/07/09","日盛-忠孝",0,3,-3
"21185","4903聯光通","110/07/09","元大-苗栗",5,0,5
"21186","4903聯光通","110/07/09","群益金鼎-崇德",0,3,-3
"21187","4903聯光通","110/07/09","元大-屏南",3,0,3
"21188","4903聯光通","110/07/09","國票-內壢",0,2,-2
"21189","4903聯光通","110/07/09","中國信託-永康",1,0,1
"21190","4903聯光通","110/07/09","康和-南崁",0,2,-2
"21191","4903聯光通","110/07/09","玉山證券",1,0,1
"21192","4903聯光通","110/07/09","新光-台中",0,2,-2
"21193","4903聯光通","110/07/09","元大-太平",4,3,1
"21194","4903聯光通","110/07/09","玉山-城中",0,2,-2
"21195","4903聯光通","110/07/09","永豐金-嘉義",1,0,1
"21196","4903聯光通","110/07/09","中國信託-文心",0,1,-1
"21197","4903聯光通","110/07/09","大昌",0,0,0
"21198","4903聯光通","110/07/09","大昌",0,0,0
"21199","4903聯光通","110/07/09","中農",0,0,0
"21200","4903聯光通","110/07/09","中農",0,0,0
"21201","4903聯光通","110/07/09","",NA,NA,NA
"21202","4903聯光通","110/07/09","",NA,NA,NA
"21203","4903聯光通","110/07/09","",NA,NA,NA
"21204","4903聯光通","110/07/09","",NA,NA,NA
"21205","4903聯光通","110/07/09","",NA,NA,NA
"21206","4903聯光通","110/07/09","",NA,NA,NA
"21207","4903聯光通","110/07/09","",NA,NA,NA
"21208","4903聯光通","110/07/09","",NA,NA,NA
"21209","4903聯光通","110/07/09","",NA,NA,NA
"21210","4903聯光通","110/07/09","",NA,NA,NA
"21211","2929淘帝","110/07/09","台中銀-台北",110,0,110
"21212","2929淘帝","110/07/09","新光",2,82,-80
"21213","2929淘帝","110/07/09","華南永昌-頭份",72,0,72
"21214","2929淘帝","110/07/09","摩根大通",2,63,-61
"21215","2929淘帝","110/07/09","合庫-高雄",71,0,71
"21216","2929淘帝","110/07/09","第一金-路竹",0,50,-50
"21217","2929淘帝","110/07/09","高橋-龍潭",37,0,37
"21218","2929淘帝","110/07/09","港商麥格理",0,42,-42
"21219","2929淘帝","110/07/09","新光-台中",60,26,34
"21220","2929淘帝","110/07/09","陽信-石牌",0,40,-40
"21221","2929淘帝","110/07/09","元富-大裕",22,1,21
"21222","2929淘帝","110/07/09","台新-左楠",1,39,-38
"21223","2929淘帝","110/07/09","合庫-鳳山",20,0,20
"21224","2929淘帝","110/07/09","凱基-桃園",3,29,-26
"21225","2929淘帝","110/07/09","元大-員林",22,2,20
"21226","2929淘帝","110/07/09","兆豐-內湖",0,25,-25
"21227","2929淘帝","110/07/09","台新-建北",15,0,15
"21228","2929淘帝","110/07/09","元大-北港",0,20,-20
"21229","2929淘帝","110/07/09","兆豐-桃園",13,0,13
"21230","2929淘帝","110/07/09","富邦-北港",0,19,-19
"21231","2929淘帝","110/07/09","兆豐-忠孝",10,0,10
"21232","2929淘帝","110/07/09","富邦-花蓮",0,17,-17
"21233","2929淘帝","110/07/09","國票-敦北法人",10,0,10
"21234","2929淘帝","110/07/09","國泰-台中",2,17,-15
"21235","2929淘帝","110/07/09","永豐金-博愛",10,0,10
"21236","2929淘帝","110/07/09","群益金鼎-彰化",0,15,-15
"21237","2929淘帝","110/07/09","群益金鼎-潭子",8,0,8
"21238","2929淘帝","110/07/09","元大-博愛",0,14,-14
"21239","2929淘帝","110/07/09","富邦-南屯",8,0,8
"21240","2929淘帝","110/07/09","日盛-板橋",0,13,-13
"21241","5410國眾","110/07/09","元大-新盛",14,0,14
"21242","5410國眾","110/07/09","(牛牛牛)亞-鑫豐",1,41,-40
"21243","5410國眾","110/07/09","台灣企銀-民雄",10,0,10
"21244","5410國眾","110/07/09","元富-嘉義",0,25,-25
"21245","5410國眾","110/07/09","元富-虎尾",9,0,9
"21246","5410國眾","110/07/09","凱基-高美館",0,10,-10
"21247","5410國眾","110/07/09","摩根大通",10,1,9
"21248","5410國眾","110/07/09","凱基-城中",0,10,-10
"21249","5410國眾","110/07/09","兆豐-北高雄",7,0,7
"21250","5410國眾","110/07/09","元大-頭份",0,10,-10
"21251","5410國眾","110/07/09","凱基-台北",8,1,7
"21252","5410國眾","110/07/09","群益金鼎-丹鳳",0,7,-7
"21253","5410國眾","110/07/09","華南永昌-公誠",7,0,7
"21254","5410國眾","110/07/09","凱基-復興",0,7,-7
"21255","5410國眾","110/07/09","香港上海匯豐",6,0,6
"21256","5410國眾","110/07/09","元大-員林",0,7,-7
"21257","5410國眾","110/07/09","凱基-中壢",6,0,6
"21258","5410國眾","110/07/09","富邦-竹東",0,6,-6
"21259","5410國眾","110/07/09","華南永昌-南京",6,0,6
"21260","5410國眾","110/07/09","亞東-高雄",0,5,-5
"21261","5410國眾","110/07/09","統一-三重",5,0,5
"21262","5410國眾","110/07/09","大慶-中壢",1,6,-5
"21263","5410國眾","110/07/09","富邦-宜蘭",5,0,5
"21264","5410國眾","110/07/09","群益金鼎-中港",0,5,-5
"21265","5410國眾","110/07/09","元大-崇德",5,0,5
"21266","5410國眾","110/07/09","元大-八德",0,5,-5
"21267","5410國眾","110/07/09","元大-博愛",5,0,5
"21268","5410國眾","110/07/09","富邦-基隆",0,4,-4
"21269","5410國眾","110/07/09","元大-龍潭",5,0,5
"21270","5410國眾","110/07/09","臺銀-新竹",0,3,-3
"21271","2841台開","110/07/09","日盛-雙和",102,0,102
"21272","2841台開","110/07/09","港商野村",0,129,-129
"21273","2841台開","110/07/09","元大-館前",70,0,70
"21274","2841台開","110/07/09","兆豐-永和",0,100,-100
"21275","2841台開","110/07/09","凱基-文心",50,0,50
"21276","2841台開","110/07/09","台新證券",7,28,-21
"21277","2841台開","110/07/09","富邦-嘉義",40,0,40
"21278","2841台開","110/07/09","國票-北高雄",0,20,-20
"21279","2841台開","110/07/09","美商高盛",15,0,15
"21280","2841台開","110/07/09","永豐金-敦南",29,46,-17
"21281","2841台開","110/07/09","台中銀",15,0,15
"21282","2841台開","110/07/09","合庫-基隆",0,12,-12
"21283","2841台開","110/07/09","新光",11,0,11
"21284","2841台開","110/07/09","中國信託-松江",0,12,-12
"21285","2841台開","110/07/09","華南永昌-長虹",10,0,10
"21286","2841台開","110/07/09","兆豐-城中",0,12,-12
"21287","2841台開","110/07/09","永豐金-南投",10,0,10
"21288","2841台開","110/07/09","台中銀-豐原",0,10,-10
"21289","2841台開","110/07/09","合庫-桃園",7,0,7
"21290","2841台開","110/07/09","兆豐-景美",0,10,-10
"21291","2841台開","110/07/09","群益金鼎-古亭",7,0,7
"21292","2841台開","110/07/09","群益金鼎-基隆",0,10,-10
"21293","2841台開","110/07/09","國泰-敦南",6,0,6
"21294","2841台開","110/07/09","元大-北三重",0,10,-10
"21295","2841台開","110/07/09","凱基-桃園",8,2,6
"21296","2841台開","110/07/09","(牛牛牛)亞-網路",0,9,-9
"21297","2841台開","110/07/09","日盛證券",5,0,5
"21298","2841台開","110/07/09","台新-高雄",1,10,-9
"21299","2841台開","110/07/09","元富-文心",5,0,5
"21300","2841台開","110/07/09","凱基-台北",0,7,-7
"21301","6207雷科","110/07/09","群益金鼎-新竹",47,0,47
"21302","6207雷科","110/07/09","新光",7,24,-17
"21303","6207雷科","110/07/09","永豐金-三重",31,0,31
"21304","6207雷科","110/07/09","日盛-和美",0,15,-15
"21305","6207雷科","110/07/09","新加坡商瑞銀",33,5,28
"21306","6207雷科","110/07/09","國泰-台南",0,15,-15
"21307","6207雷科","110/07/09","元大-高雄",26,0,26
"21308","6207雷科","110/07/09","華南永昌-古亭",0,14,-14
"21309","6207雷科","110/07/09","統一-員林",22,0,22
"21310","6207雷科","110/07/09","土銀-白河",0,11,-11
"21311","6207雷科","110/07/09","台新-高雄",22,0,22
"21312","6207雷科","110/07/09","日盛-台南",0,10,-10
"21313","6207雷科","110/07/09","摩根大通",34,17,17
"21314","6207雷科","110/07/09","元富-林園",0,10,-10
"21315","6207雷科","110/07/09","元大-博愛",17,1,16
"21316","6207雷科","110/07/09","富邦-園區",0,10,-10
"21317","6207雷科","110/07/09","日茂-埔里",12,0,12
"21318","6207雷科","110/07/09","元大-上新莊",0,10,-10
"21319","6207雷科","110/07/09","國泰-台中",17,6,11
"21320","6207雷科","110/07/09","永豐金-南京",0,10,-10
"21321","6207雷科","110/07/09","富邦-三重",10,0,10
"21322","6207雷科","110/07/09","兆豐-小港",0,6,-6
"21323","6207雷科","110/07/09","元大-沙鹿",10,0,10
"21324","6207雷科","110/07/09","富邦-羅東",1,7,-6
"21325","6207雷科","110/07/09","元大-八德",10,0,10
"21326","6207雷科","110/07/09","元大-土城永寧",0,6,-6
"21327","6207雷科","110/07/09","第一金-路竹",11,2,9
"21328","6207雷科","110/07/09","永豐金-板盛",0,6,-6
"21329","6207雷科","110/07/09","統一-南京",5,0,5
"21330","6207雷科","110/07/09","日盛-板橋",0,5,-5
"21331","3679新至陞","110/07/09","元大-大天母",10,0,10
"21332","3679新至陞","110/07/09","第一金-光復",0,11,-11
"21333","3679新至陞","110/07/09","日盛-樹林",9,0,9
"21334","3679新至陞","110/07/09","瑞士信貸",0,8,-8
"21335","3679新至陞","110/07/09","凱基-台北",11,2,9
"21336","3679新至陞","110/07/09","大慶-苗栗",0,5,-5
"21337","3679新至陞","110/07/09","華南永昌-小港",8,0,8
"21338","3679新至陞","110/07/09","元大-永春",0,5,-5
"21339","3679新至陞","110/07/09","兆豐-來福",7,0,7
"21340","3679新至陞","110/07/09","日盛-和美",0,4,-4
"21341","3679新至陞","110/07/09","香港上海匯豐",5,0,5
"21342","3679新至陞","110/07/09","元大-雙和",0,3,-3
"21343","3679新至陞","110/07/09","台中銀-員林",3,0,3
"21344","3679新至陞","110/07/09","永豐金-屏東",0,3,-3
"21345","3679新至陞","110/07/09","新光",3,0,3
"21346","3679新至陞","110/07/09","彰銀",0,2,-2
"21347","3679新至陞","110/07/09","土銀-花蓮",2,0,2
"21348","3679新至陞","110/07/09","宏遠-館前",0,2,-2
"21349","3679新至陞","110/07/09","第一金-澎湖",2,0,2
"21350","3679新至陞","110/07/09","港商野村",0,2,-2
"21351","3679新至陞","110/07/09","摩根大通",2,0,2
"21352","3679新至陞","110/07/09","大昌-新店",0,2,-2
"21353","3679新至陞","110/07/09","國泰-敦南",2,0,2
"21354","3679新至陞","110/07/09","元大-新莊",0,2,-2
"21355","3679新至陞","110/07/09","元大-淡水",4,2,2
"21356","3679新至陞","110/07/09","元大-板橋",0,2,-2
"21357","3679新至陞","110/07/09","日盛-士林",1,0,1
"21358","3679新至陞","110/07/09","台灣摩根士丹利",0,1,-1
"21359","3679新至陞","110/07/09","日盛-信義",1,0,1
"21360","3679新至陞","110/07/09","第一金-高雄",0,1,-1
"21361","2727王品","110/07/09","台灣匯立證券",90,0,90
"21362","2727王品","110/07/09","台灣摩根士丹利",0,267,-267
"21363","2727王品","110/07/09","國泰-敦南",166,84,82
"21364","2727王品","110/07/09","富邦-台北",35,299,-264
"21365","2727王品","110/07/09","富邦-仁愛",56,12,44
"21366","2727王品","110/07/09","凱基-台北",174,296,-122
"21367","2727王品","110/07/09","台新證券",109,66,43
"21368","2727王品","110/07/09","第一金",2,102,-100
"21369","2727王品","110/07/09","新光",117,87,30
"21370","2727王品","110/07/09","群益金鼎-大安",0,80,-80
"21371","2727王品","110/07/09","臺銀-臺中",35,6,29
"21372","2727王品","110/07/09","兆豐-大安",7,60,-53
"21373","2727王品","110/07/09","元大-桃園",32,3,29
"21374","2727王品","110/07/09","永豐金-南投",0,50,-50
"21375","2727王品","110/07/09","元富-宜蘭",34,6,28
"21376","2727王品","110/07/09","新加坡商瑞銀",6,46,-40
"21377","2727王品","110/07/09","玉山-台中",34,8,26
"21378","2727王品","110/07/09","合庫-彰化",11,50,-39
"21379","2727王品","110/07/09","群益金鼎-宜蘭",30,4,26
"21380","2727王品","110/07/09","永豐金-萬盛",13,52,-39
"21381","2727王品","110/07/09","富邦-台中",42,16,26
"21382","2727王品","110/07/09","瑞士信貸",0,34,-34
"21383","2727王品","110/07/09","第一金-豐原",25,1,24
"21384","2727王品","110/07/09","元大-和平",4,35,-31
"21385","2727王品","110/07/09","臺銀",30,8,22
"21386","2727王品","110/07/09","美林",14,44,-30
"21387","2727王品","110/07/09","兆豐-來福",23,1,22
"21388","2727王品","110/07/09","元大-員林",9,38,-29
"21389","2727王品","110/07/09","玉山-士林",22,2,20
"21390","2727王品","110/07/09","元富-西松",4,31,-27
"21391","1570力肯","110/07/09","凱基-台北",30,1,29
"21392","1570力肯","110/07/09","群益金鼎-彰化",0,20,-20
"21393","1570力肯","110/07/09","新光-台南",20,0,20
"21394","1570力肯","110/07/09","元大-土城學府",0,20,-20
"21395","1570力肯","110/07/09","元大-高雄",20,0,20
"21396","1570力肯","110/07/09","元大-大統",0,16,-16
"21397","1570力肯","110/07/09","國票-中正",12,0,12
"21398","1570力肯","110/07/09","元大-新營",0,11,-11
"21399","1570力肯","110/07/09","日盛-高雄",6,0,6
"21400","1570力肯","110/07/09","元大-和平",0,10,-10
"21401","1570力肯","110/07/09","元富-緯城",6,0,6
"21402","1570力肯","110/07/09","元大-草屯",0,10,-10
"21403","1570力肯","110/07/09","群益金鼎-台南",6,0,6
"21404","1570力肯","110/07/09","元大-鹿港",0,9,-9
"21405","1570力肯","110/07/09","華南永昌-岡山",6,0,6
"21406","1570力肯","110/07/09","合庫-基隆",0,7,-7
"21407","1570力肯","110/07/09","統一-中壢",5,0,5
"21408","1570力肯","110/07/09","摩根大通",2,8,-6
"21409","1570力肯","110/07/09","凱基-三峽",5,0,5
"21410","1570力肯","110/07/09","台灣企銀-豐原",0,4,-4
"21411","1570力肯","110/07/09","大昌-樹林",4,0,4
"21412","1570力肯","110/07/09","日盛-桃園",0,4,-4
"21413","1570力肯","110/07/09","新光",3,0,3
"21414","1570力肯","110/07/09","國泰-高雄",0,3,-3
"21415","1570力肯","110/07/09","富邦-新竹華信",3,0,3
"21416","1570力肯","110/07/09","永豐金-敦南",0,3,-3
"21417","1570力肯","110/07/09","合庫-台中",2,0,2
"21418","1570力肯","110/07/09","土銀-彰化",0,2,-2
"21419","1570力肯","110/07/09","臺銀-臺中",2,0,2
"21420","1570力肯","110/07/09","臺銀-鳳山",0,2,-2
"21421","6180橘子","110/07/09","摩根大通",63,1,62
"21422","6180橘子","110/07/09","元大-南京",1,32,-31
"21423","6180橘子","110/07/09","富邦-陽明",73,33,40
"21424","6180橘子","110/07/09","群益金鼎-台北",0,25,-25
"21425","6180橘子","110/07/09","新加坡商瑞銀",31,0,31
"21426","6180橘子","110/07/09","兆豐-復興",0,21,-21
"21427","6180橘子","110/07/09","美商高盛",25,0,25
"21428","6180橘子","110/07/09","永豐金-嘉義",0,21,-21
"21429","6180橘子","110/07/09","凱基-台北",26,10,16
"21430","6180橘子","110/07/09","凱基-中壢",8,24,-16
"21431","6180橘子","110/07/09","華南永昌-楠梓",13,0,13
"21432","6180橘子","110/07/09","致和-崇德",0,15,-15
"21433","6180橘子","110/07/09","華南永昌-朴子",11,0,11
"21434","6180橘子","110/07/09","群益金鼎-屏東",0,15,-15
"21435","6180橘子","110/07/09","元大-北港",11,0,11
"21436","6180橘子","110/07/09","群益金鼎-中山",0,15,-15
"21437","6180橘子","110/07/09","元大-成功",10,1,9
"21438","6180橘子","110/07/09","瑞士信貸",1,15,-14
"21439","6180橘子","110/07/09","新光",26,18,8
"21440","6180橘子","110/07/09","日盛-二林",0,10,-10
"21441","6180橘子","110/07/09","統一-三重",6,0,6
"21442","6180橘子","110/07/09","凱基-東門",0,10,-10
"21443","6180橘子","110/07/09","群益金鼎-嘉義",6,0,6
"21444","6180橘子","110/07/09","華南永昌-三重",0,10,-10
"21445","6180橘子","110/07/09","元大-員林中山",6,0,6
"21446","6180橘子","110/07/09","元大-彰化民生",1,11,-10
"21447","6180橘子","110/07/09","合庫-鳳山",5,0,5
"21448","6180橘子","110/07/09","永豐金-新店",1,11,-10
"21449","6180橘子","110/07/09","富邦-建國",6,1,5
"21450","6180橘子","110/07/09","群益金鼎-丹鳳",0,8,-8
"21451","2390云辰","110/07/09","摩根大通",279,56,223
"21452","2390云辰","110/07/09","元大-天母",0,127,-127
"21453","2390云辰","110/07/09","日盛-鳳山",110,2,108
"21454","2390云辰","110/07/09","中國信託-文心",5,109,-104
"21455","2390云辰","110/07/09","宏遠證券",100,0,100
"21456","2390云辰","110/07/09","永豐金-復興",0,55,-55
"21457","2390云辰","110/07/09","元大-大里",63,6,57
"21458","2390云辰","110/07/09","凱基-台北",239,286,-47
"21459","2390云辰","110/07/09","凱基-八德",59,10,49
"21460","2390云辰","110/07/09","德信",2,32,-30
"21461","2390云辰","110/07/09","合庫-新竹",40,0,40
"21462","2390云辰","110/07/09","兆豐-桃鶯",2,32,-30
"21463","2390云辰","110/07/09","國票",40,1,39
"21464","2390云辰","110/07/09","致和-南京",0,30,-30
"21465","2390云辰","110/07/09","新加坡商瑞銀",49,13,36
"21466","2390云辰","110/07/09","富邦-虎尾",1,31,-30
"21467","2390云辰","110/07/09","統一-新台中",36,2,34
"21468","2390云辰","110/07/09","元大-善化",2,31,-29
"21469","2390云辰","110/07/09","國票-嘉義",31,0,31
"21470","2390云辰","110/07/09","富邦-板橋",0,27,-27
"21471","2390云辰","110/07/09","華南永昌",35,7,28
"21472","2390云辰","110/07/09","富邦-永和",3,28,-25
"21473","2390云辰","110/07/09","玉山-台中",49,22,27
"21474","2390云辰","110/07/09","第一金-自由",20,44,-24
"21475","2390云辰","110/07/09","華南永昌-敦南",25,0,25
"21476","2390云辰","110/07/09","凱基-內湖",0,24,-24
"21477","2390云辰","110/07/09","新光-高雄",27,4,23
"21478","2390云辰","110/07/09","元大-汐止",1,24,-23
"21479","2390云辰","110/07/09","台灣摩根士丹利",85,63,22
"21480","2390云辰","110/07/09","新光-台中",12,33,-21
"21481","4903聯光通","110/07/09","元大-敦南",10,0,10
"21482","4903聯光通","110/07/09","第一金-台中",0,12,-12
"21483","4903聯光通","110/07/09","凱基-士林",5,0,5
"21484","4903聯光通","110/07/09","日盛-忠孝",0,3,-3
"21485","4903聯光通","110/07/09","元大-苗栗",5,0,5
"21486","4903聯光通","110/07/09","群益金鼎-崇德",0,3,-3
"21487","4903聯光通","110/07/09","元大-屏南",3,0,3
"21488","4903聯光通","110/07/09","國票-內壢",0,2,-2
"21489","4903聯光通","110/07/09","中國信託-永康",1,0,1
"21490","4903聯光通","110/07/09","康和-南崁",0,2,-2
"21491","4903聯光通","110/07/09","玉山證券",1,0,1
"21492","4903聯光通","110/07/09","新光-台中",0,2,-2
"21493","4903聯光通","110/07/09","元大-太平",4,3,1
"21494","4903聯光通","110/07/09","玉山-城中",0,2,-2
"21495","4903聯光通","110/07/09","永豐金-嘉義",1,0,1
"21496","4903聯光通","110/07/09","中國信託-文心",0,1,-1
"21497","4903聯光通","110/07/09","大昌",0,0,0
"21498","4903聯光通","110/07/09","大昌",0,0,0
"21499","4903聯光通","110/07/09","中農",0,0,0
"21500","4903聯光通","110/07/09","中農",0,0,0
"21501","4903聯光通","110/07/09","",NA,NA,NA
"21502","4903聯光通","110/07/09","",NA,NA,NA
"21503","4903聯光通","110/07/09","",NA,NA,NA
"21504","4903聯光通","110/07/09","",NA,NA,NA
"21505","4903聯光通","110/07/09","",NA,NA,NA
"21506","4903聯光通","110/07/09","",NA,NA,NA
"21507","4903聯光通","110/07/09","",NA,NA,NA
"21508","4903聯光通","110/07/09","",NA,NA,NA
"21509","4903聯光通","110/07/09","",NA,NA,NA
"21510","4903聯光通","110/07/09","",NA,NA,NA
"21511","2929淘帝","110/07/09","台中銀-台北",110,0,110
"21512","2929淘帝","110/07/09","新光",2,82,-80
"21513","2929淘帝","110/07/09","華南永昌-頭份",72,0,72
"21514","2929淘帝","110/07/09","摩根大通",2,63,-61
"21515","2929淘帝","110/07/09","合庫-高雄",71,0,71
"21516","2929淘帝","110/07/09","第一金-路竹",0,50,-50
"21517","2929淘帝","110/07/09","高橋-龍潭",37,0,37
"21518","2929淘帝","110/07/09","港商麥格理",0,42,-42
"21519","2929淘帝","110/07/09","新光-台中",60,26,34
"21520","2929淘帝","110/07/09","陽信-石牌",0,40,-40
"21521","2929淘帝","110/07/09","元富-大裕",22,1,21
"21522","2929淘帝","110/07/09","台新-左楠",1,39,-38
"21523","2929淘帝","110/07/09","合庫-鳳山",20,0,20
"21524","2929淘帝","110/07/09","凱基-桃園",3,29,-26
"21525","2929淘帝","110/07/09","元大-員林",22,2,20
"21526","2929淘帝","110/07/09","兆豐-內湖",0,25,-25
"21527","2929淘帝","110/07/09","台新-建北",15,0,15
"21528","2929淘帝","110/07/09","元大-北港",0,20,-20
"21529","2929淘帝","110/07/09","兆豐-桃園",13,0,13
"21530","2929淘帝","110/07/09","富邦-北港",0,19,-19
"21531","2929淘帝","110/07/09","兆豐-忠孝",10,0,10
"21532","2929淘帝","110/07/09","富邦-花蓮",0,17,-17
"21533","2929淘帝","110/07/09","國票-敦北法人",10,0,10
"21534","2929淘帝","110/07/09","國泰-台中",2,17,-15
"21535","2929淘帝","110/07/09","永豐金-博愛",10,0,10
"21536","2929淘帝","110/07/09","群益金鼎-彰化",0,15,-15
"21537","2929淘帝","110/07/09","群益金鼎-潭子",8,0,8
"21538","2929淘帝","110/07/09","元大-博愛",0,14,-14
"21539","2929淘帝","110/07/09","富邦-南屯",8,0,8
"21540","2929淘帝","110/07/09","日盛-板橋",0,13,-13
"21541","5410國眾","110/07/09","元大-新盛",14,0,14
"21542","5410國眾","110/07/09","(牛牛牛)亞-鑫豐",1,41,-40
"21543","5410國眾","110/07/09","台灣企銀-民雄",10,0,10
"21544","5410國眾","110/07/09","元富-嘉義",0,25,-25
"21545","5410國眾","110/07/09","元富-虎尾",9,0,9
"21546","5410國眾","110/07/09","凱基-高美館",0,10,-10
"21547","5410國眾","110/07/09","摩根大通",10,1,9
"21548","5410國眾","110/07/09","凱基-城中",0,10,-10
"21549","5410國眾","110/07/09","兆豐-北高雄",7,0,7
"21550","5410國眾","110/07/09","元大-頭份",0,10,-10
"21551","5410國眾","110/07/09","凱基-台北",8,1,7
"21552","5410國眾","110/07/09","群益金鼎-丹鳳",0,7,-7
"21553","5410國眾","110/07/09","華南永昌-公誠",7,0,7
"21554","5410國眾","110/07/09","凱基-復興",0,7,-7
"21555","5410國眾","110/07/09","香港上海匯豐",6,0,6
"21556","5410國眾","110/07/09","元大-員林",0,7,-7
"21557","5410國眾","110/07/09","凱基-中壢",6,0,6
"21558","5410國眾","110/07/09","富邦-竹東",0,6,-6
"21559","5410國眾","110/07/09","華南永昌-南京",6,0,6
"21560","5410國眾","110/07/09","亞東-高雄",0,5,-5
"21561","5410國眾","110/07/09","統一-三重",5,0,5
"21562","5410國眾","110/07/09","大慶-中壢",1,6,-5
"21563","5410國眾","110/07/09","富邦-宜蘭",5,0,5
"21564","5410國眾","110/07/09","群益金鼎-中港",0,5,-5
"21565","5410國眾","110/07/09","元大-崇德",5,0,5
"21566","5410國眾","110/07/09","元大-八德",0,5,-5
"21567","5410國眾","110/07/09","元大-博愛",5,0,5
"21568","5410國眾","110/07/09","富邦-基隆",0,4,-4
"21569","5410國眾","110/07/09","元大-龍潭",5,0,5
"21570","5410國眾","110/07/09","臺銀-新竹",0,3,-3
"21571","2841台開","110/07/09","日盛-雙和",102,0,102
"21572","2841台開","110/07/09","港商野村",0,129,-129
"21573","2841台開","110/07/09","元大-館前",70,0,70
"21574","2841台開","110/07/09","兆豐-永和",0,100,-100
"21575","2841台開","110/07/09","凱基-文心",50,0,50
"21576","2841台開","110/07/09","台新證券",7,28,-21
"21577","2841台開","110/07/09","富邦-嘉義",40,0,40
"21578","2841台開","110/07/09","國票-北高雄",0,20,-20
"21579","2841台開","110/07/09","美商高盛",15,0,15
"21580","2841台開","110/07/09","永豐金-敦南",29,46,-17
"21581","2841台開","110/07/09","台中銀",15,0,15
"21582","2841台開","110/07/09","合庫-基隆",0,12,-12
"21583","2841台開","110/07/09","新光",11,0,11
"21584","2841台開","110/07/09","中國信託-松江",0,12,-12
"21585","2841台開","110/07/09","華南永昌-長虹",10,0,10
"21586","2841台開","110/07/09","兆豐-城中",0,12,-12
"21587","2841台開","110/07/09","永豐金-南投",10,0,10
"21588","2841台開","110/07/09","台中銀-豐原",0,10,-10
"21589","2841台開","110/07/09","合庫-桃園",7,0,7
"21590","2841台開","110/07/09","兆豐-景美",0,10,-10
"21591","2841台開","110/07/09","群益金鼎-古亭",7,0,7
"21592","2841台開","110/07/09","群益金鼎-基隆",0,10,-10
"21593","2841台開","110/07/09","國泰-敦南",6,0,6
"21594","2841台開","110/07/09","元大-北三重",0,10,-10
"21595","2841台開","110/07/09","凱基-桃園",8,2,6
"21596","2841台開","110/07/09","(牛牛牛)亞-網路",0,9,-9
"21597","2841台開","110/07/09","日盛證券",5,0,5
"21598","2841台開","110/07/09","台新-高雄",1,10,-9
"21599","2841台開","110/07/09","元富-文心",5,0,5
"21600","2841台開","110/07/09","凱基-台北",0,7,-7
"21601","6207雷科","110/07/09","群益金鼎-新竹",47,0,47
"21602","6207雷科","110/07/09","新光",7,24,-17
"21603","6207雷科","110/07/09","永豐金-三重",31,0,31
"21604","6207雷科","110/07/09","日盛-和美",0,15,-15
"21605","6207雷科","110/07/09","新加坡商瑞銀",33,5,28
"21606","6207雷科","110/07/09","國泰-台南",0,15,-15
"21607","6207雷科","110/07/09","元大-高雄",26,0,26
"21608","6207雷科","110/07/09","華南永昌-古亭",0,14,-14
"21609","6207雷科","110/07/09","統一-員林",22,0,22
"21610","6207雷科","110/07/09","土銀-白河",0,11,-11
"21611","6207雷科","110/07/09","台新-高雄",22,0,22
"21612","6207雷科","110/07/09","日盛-台南",0,10,-10
"21613","6207雷科","110/07/09","摩根大通",34,17,17
"21614","6207雷科","110/07/09","元富-林園",0,10,-10
"21615","6207雷科","110/07/09","元大-博愛",17,1,16
"21616","6207雷科","110/07/09","富邦-園區",0,10,-10
"21617","6207雷科","110/07/09","日茂-埔里",12,0,12
"21618","6207雷科","110/07/09","元大-上新莊",0,10,-10
"21619","6207雷科","110/07/09","國泰-台中",17,6,11
"21620","6207雷科","110/07/09","永豐金-南京",0,10,-10
"21621","6207雷科","110/07/09","富邦-三重",10,0,10
"21622","6207雷科","110/07/09","兆豐-小港",0,6,-6
"21623","6207雷科","110/07/09","元大-沙鹿",10,0,10
"21624","6207雷科","110/07/09","富邦-羅東",1,7,-6
"21625","6207雷科","110/07/09","元大-八德",10,0,10
"21626","6207雷科","110/07/09","元大-土城永寧",0,6,-6
"21627","6207雷科","110/07/09","第一金-路竹",11,2,9
"21628","6207雷科","110/07/09","永豐金-板盛",0,6,-6
"21629","6207雷科","110/07/09","統一-南京",5,0,5
"21630","6207雷科","110/07/09","日盛-板橋",0,5,-5
"21631","3679新至陞","110/07/09","元大-大天母",10,0,10
"21632","3679新至陞","110/07/09","第一金-光復",0,11,-11
"21633","3679新至陞","110/07/09","日盛-樹林",9,0,9
"21634","3679新至陞","110/07/09","瑞士信貸",0,8,-8
"21635","3679新至陞","110/07/09","凱基-台北",11,2,9
"21636","3679新至陞","110/07/09","大慶-苗栗",0,5,-5
"21637","3679新至陞","110/07/09","華南永昌-小港",8,0,8
"21638","3679新至陞","110/07/09","元大-永春",0,5,-5
"21639","3679新至陞","110/07/09","兆豐-來福",7,0,7
"21640","3679新至陞","110/07/09","日盛-和美",0,4,-4
"21641","3679新至陞","110/07/09","香港上海匯豐",5,0,5
"21642","3679新至陞","110/07/09","元大-雙和",0,3,-3
"21643","3679新至陞","110/07/09","台中銀-員林",3,0,3
"21644","3679新至陞","110/07/09","永豐金-屏東",0,3,-3
"21645","3679新至陞","110/07/09","新光",3,0,3
"21646","3679新至陞","110/07/09","彰銀",0,2,-2
"21647","3679新至陞","110/07/09","土銀-花蓮",2,0,2
"21648","3679新至陞","110/07/09","宏遠-館前",0,2,-2
"21649","3679新至陞","110/07/09","第一金-澎湖",2,0,2
"21650","3679新至陞","110/07/09","港商野村",0,2,-2
"21651","3679新至陞","110/07/09","摩根大通",2,0,2
"21652","3679新至陞","110/07/09","大昌-新店",0,2,-2
"21653","3679新至陞","110/07/09","國泰-敦南",2,0,2
"21654","3679新至陞","110/07/09","元大-新莊",0,2,-2
"21655","3679新至陞","110/07/09","元大-淡水",4,2,2
"21656","3679新至陞","110/07/09","元大-板橋",0,2,-2
"21657","3679新至陞","110/07/09","日盛-士林",1,0,1
"21658","3679新至陞","110/07/09","台灣摩根士丹利",0,1,-1
"21659","3679新至陞","110/07/09","日盛-信義",1,0,1
"21660","3679新至陞","110/07/09","第一金-高雄",0,1,-1
"21661","2727王品","110/07/09","台灣匯立證券",90,0,90
"21662","2727王品","110/07/09","台灣摩根士丹利",0,267,-267
"21663","2727王品","110/07/09","國泰-敦南",166,84,82
"21664","2727王品","110/07/09","富邦-台北",35,299,-264
"21665","2727王品","110/07/09","富邦-仁愛",56,12,44
"21666","2727王品","110/07/09","凱基-台北",174,296,-122
"21667","2727王品","110/07/09","台新證券",109,66,43
"21668","2727王品","110/07/09","第一金",2,102,-100
"21669","2727王品","110/07/09","新光",117,87,30
"21670","2727王品","110/07/09","群益金鼎-大安",0,80,-80
"21671","2727王品","110/07/09","臺銀-臺中",35,6,29
"21672","2727王品","110/07/09","兆豐-大安",7,60,-53
"21673","2727王品","110/07/09","元大-桃園",32,3,29
"21674","2727王品","110/07/09","永豐金-南投",0,50,-50
"21675","2727王品","110/07/09","元富-宜蘭",34,6,28
"21676","2727王品","110/07/09","新加坡商瑞銀",6,46,-40
"21677","2727王品","110/07/09","玉山-台中",34,8,26
"21678","2727王品","110/07/09","合庫-彰化",11,50,-39
"21679","2727王品","110/07/09","群益金鼎-宜蘭",30,4,26
"21680","2727王品","110/07/09","永豐金-萬盛",13,52,-39
"21681","2727王品","110/07/09","富邦-台中",42,16,26
"21682","2727王品","110/07/09","瑞士信貸",0,34,-34
"21683","2727王品","110/07/09","第一金-豐原",25,1,24
"21684","2727王品","110/07/09","元大-和平",4,35,-31
"21685","2727王品","110/07/09","臺銀",30,8,22
"21686","2727王品","110/07/09","美林",14,44,-30
"21687","2727王品","110/07/09","兆豐-來福",23,1,22
"21688","2727王品","110/07/09","元大-員林",9,38,-29
"21689","2727王品","110/07/09","玉山-士林",22,2,20
"21690","2727王品","110/07/09","元富-西松",4,31,-27
"21691","1570力肯","110/07/09","凱基-台北",30,1,29
"21692","1570力肯","110/07/09","群益金鼎-彰化",0,20,-20
"21693","1570力肯","110/07/09","新光-台南",20,0,20
"21694","1570力肯","110/07/09","元大-土城學府",0,20,-20
"21695","1570力肯","110/07/09","元大-高雄",20,0,20
"21696","1570力肯","110/07/09","元大-大統",0,16,-16
"21697","1570力肯","110/07/09","國票-中正",12,0,12
"21698","1570力肯","110/07/09","元大-新營",0,11,-11
"21699","1570力肯","110/07/09","日盛-高雄",6,0,6
"21700","1570力肯","110/07/09","元大-和平",0,10,-10
"21701","1570力肯","110/07/09","元富-緯城",6,0,6
"21702","1570力肯","110/07/09","元大-草屯",0,10,-10
"21703","1570力肯","110/07/09","群益金鼎-台南",6,0,6
"21704","1570力肯","110/07/09","元大-鹿港",0,9,-9
"21705","1570力肯","110/07/09","華南永昌-岡山",6,0,6
"21706","1570力肯","110/07/09","合庫-基隆",0,7,-7
"21707","1570力肯","110/07/09","統一-中壢",5,0,5
"21708","1570力肯","110/07/09","摩根大通",2,8,-6
"21709","1570力肯","110/07/09","凱基-三峽",5,0,5
"21710","1570力肯","110/07/09","台灣企銀-豐原",0,4,-4
"21711","1570力肯","110/07/09","大昌-樹林",4,0,4
"21712","1570力肯","110/07/09","日盛-桃園",0,4,-4
"21713","1570力肯","110/07/09","新光",3,0,3
"21714","1570力肯","110/07/09","國泰-高雄",0,3,-3
"21715","1570力肯","110/07/09","富邦-新竹華信",3,0,3
"21716","1570力肯","110/07/09","永豐金-敦南",0,3,-3
"21717","1570力肯","110/07/09","合庫-台中",2,0,2
"21718","1570力肯","110/07/09","土銀-彰化",0,2,-2
"21719","1570力肯","110/07/09","臺銀-臺中",2,0,2
"21720","1570力肯","110/07/09","臺銀-鳳山",0,2,-2
"21721","6180橘子","110/07/09","摩根大通",63,1,62
"21722","6180橘子","110/07/09","元大-南京",1,32,-31
"21723","6180橘子","110/07/09","富邦-陽明",73,33,40
"21724","6180橘子","110/07/09","群益金鼎-台北",0,25,-25
"21725","6180橘子","110/07/09","新加坡商瑞銀",31,0,31
"21726","6180橘子","110/07/09","兆豐-復興",0,21,-21
"21727","6180橘子","110/07/09","美商高盛",25,0,25
"21728","6180橘子","110/07/09","永豐金-嘉義",0,21,-21
"21729","6180橘子","110/07/09","凱基-台北",26,10,16
"21730","6180橘子","110/07/09","凱基-中壢",8,24,-16
"21731","6180橘子","110/07/09","華南永昌-楠梓",13,0,13
"21732","6180橘子","110/07/09","致和-崇德",0,15,-15
"21733","6180橘子","110/07/09","華南永昌-朴子",11,0,11
"21734","6180橘子","110/07/09","群益金鼎-屏東",0,15,-15
"21735","6180橘子","110/07/09","元大-北港",11,0,11
"21736","6180橘子","110/07/09","群益金鼎-中山",0,15,-15
"21737","6180橘子","110/07/09","元大-成功",10,1,9
"21738","6180橘子","110/07/09","瑞士信貸",1,15,-14
"21739","6180橘子","110/07/09","新光",26,18,8
"21740","6180橘子","110/07/09","日盛-二林",0,10,-10
"21741","6180橘子","110/07/09","統一-三重",6,0,6
"21742","6180橘子","110/07/09","凱基-東門",0,10,-10
"21743","6180橘子","110/07/09","群益金鼎-嘉義",6,0,6
"21744","6180橘子","110/07/09","華南永昌-三重",0,10,-10
"21745","6180橘子","110/07/09","元大-員林中山",6,0,6
"21746","6180橘子","110/07/09","元大-彰化民生",1,11,-10
"21747","6180橘子","110/07/09","合庫-鳳山",5,0,5
"21748","6180橘子","110/07/09","永豐金-新店",1,11,-10
"21749","6180橘子","110/07/09","富邦-建國",6,1,5
"21750","6180橘子","110/07/09","群益金鼎-丹鳳",0,8,-8
"21751","2390云辰","110/07/09","摩根大通",279,56,223
"21752","2390云辰","110/07/09","元大-天母",0,127,-127
"21753","2390云辰","110/07/09","日盛-鳳山",110,2,108
"21754","2390云辰","110/07/09","中國信託-文心",5,109,-104
"21755","2390云辰","110/07/09","宏遠證券",100,0,100
"21756","2390云辰","110/07/09","永豐金-復興",0,55,-55
"21757","2390云辰","110/07/09","元大-大里",63,6,57
"21758","2390云辰","110/07/09","凱基-台北",239,286,-47
"21759","2390云辰","110/07/09","凱基-八德",59,10,49
"21760","2390云辰","110/07/09","德信",2,32,-30
"21761","2390云辰","110/07/09","合庫-新竹",40,0,40
"21762","2390云辰","110/07/09","兆豐-桃鶯",2,32,-30
"21763","2390云辰","110/07/09","國票",40,1,39
"21764","2390云辰","110/07/09","致和-南京",0,30,-30
"21765","2390云辰","110/07/09","新加坡商瑞銀",49,13,36
"21766","2390云辰","110/07/09","富邦-虎尾",1,31,-30
"21767","2390云辰","110/07/09","統一-新台中",36,2,34
"21768","2390云辰","110/07/09","元大-善化",2,31,-29
"21769","2390云辰","110/07/09","國票-嘉義",31,0,31
"21770","2390云辰","110/07/09","富邦-板橋",0,27,-27
"21771","2390云辰","110/07/09","華南永昌",35,7,28
"21772","2390云辰","110/07/09","富邦-永和",3,28,-25
"21773","2390云辰","110/07/09","玉山-台中",49,22,27
"21774","2390云辰","110/07/09","第一金-自由",20,44,-24
"21775","2390云辰","110/07/09","華南永昌-敦南",25,0,25
"21776","2390云辰","110/07/09","凱基-內湖",0,24,-24
"21777","2390云辰","110/07/09","新光-高雄",27,4,23
"21778","2390云辰","110/07/09","元大-汐止",1,24,-23
"21779","2390云辰","110/07/09","台灣摩根士丹利",85,63,22
"21780","2390云辰","110/07/09","新光-台中",12,33,-21
"21781","4903聯光通","110/07/09","元大-敦南",10,0,10
"21782","4903聯光通","110/07/09","第一金-台中",0,12,-12
"21783","4903聯光通","110/07/09","凱基-士林",5,0,5
"21784","4903聯光通","110/07/09","日盛-忠孝",0,3,-3
"21785","4903聯光通","110/07/09","元大-苗栗",5,0,5
"21786","4903聯光通","110/07/09","群益金鼎-崇德",0,3,-3
"21787","4903聯光通","110/07/09","元大-屏南",3,0,3
"21788","4903聯光通","110/07/09","國票-內壢",0,2,-2
"21789","4903聯光通","110/07/09","中國信託-永康",1,0,1
"21790","4903聯光通","110/07/09","康和-南崁",0,2,-2
"21791","4903聯光通","110/07/09","玉山證券",1,0,1
"21792","4903聯光通","110/07/09","新光-台中",0,2,-2
"21793","4903聯光通","110/07/09","元大-太平",4,3,1
"21794","4903聯光通","110/07/09","玉山-城中",0,2,-2
"21795","4903聯光通","110/07/09","永豐金-嘉義",1,0,1
"21796","4903聯光通","110/07/09","中國信託-文心",0,1,-1
"21797","4903聯光通","110/07/09","大昌",0,0,0
"21798","4903聯光通","110/07/09","大昌",0,0,0
"21799","4903聯光通","110/07/09","中農",0,0,0
"21800","4903聯光通","110/07/09","中農",0,0,0
"21801","4903聯光通","110/07/09","",NA,NA,NA
"21802","4903聯光通","110/07/09","",NA,NA,NA
"21803","4903聯光通","110/07/09","",NA,NA,NA
"21804","4903聯光通","110/07/09","",NA,NA,NA
"21805","4903聯光通","110/07/09","",NA,NA,NA
"21806","4903聯光通","110/07/09","",NA,NA,NA
"21807","4903聯光通","110/07/09","",NA,NA,NA
"21808","4903聯光通","110/07/09","",NA,NA,NA
"21809","4903聯光通","110/07/09","",NA,NA,NA
"21810","4903聯光通","110/07/09","",NA,NA,NA
"21811","2929淘帝","110/07/09","台中銀-台北",110,0,110
"21812","2929淘帝","110/07/09","新光",2,82,-80
"21813","2929淘帝","110/07/09","華南永昌-頭份",72,0,72
"21814","2929淘帝","110/07/09","摩根大通",2,63,-61
"21815","2929淘帝","110/07/09","合庫-高雄",71,0,71
"21816","2929淘帝","110/07/09","第一金-路竹",0,50,-50
"21817","2929淘帝","110/07/09","高橋-龍潭",37,0,37
"21818","2929淘帝","110/07/09","港商麥格理",0,42,-42
"21819","2929淘帝","110/07/09","新光-台中",60,26,34
"21820","2929淘帝","110/07/09","陽信-石牌",0,40,-40
"21821","2929淘帝","110/07/09","元富-大裕",22,1,21
"21822","2929淘帝","110/07/09","台新-左楠",1,39,-38
"21823","2929淘帝","110/07/09","合庫-鳳山",20,0,20
"21824","2929淘帝","110/07/09","凱基-桃園",3,29,-26
"21825","2929淘帝","110/07/09","元大-員林",22,2,20
"21826","2929淘帝","110/07/09","兆豐-內湖",0,25,-25
"21827","2929淘帝","110/07/09","台新-建北",15,0,15
"21828","2929淘帝","110/07/09","元大-北港",0,20,-20
"21829","2929淘帝","110/07/09","兆豐-桃園",13,0,13
"21830","2929淘帝","110/07/09","富邦-北港",0,19,-19
"21831","2929淘帝","110/07/09","兆豐-忠孝",10,0,10
"21832","2929淘帝","110/07/09","富邦-花蓮",0,17,-17
"21833","2929淘帝","110/07/09","國票-敦北法人",10,0,10
"21834","2929淘帝","110/07/09","國泰-台中",2,17,-15
"21835","2929淘帝","110/07/09","永豐金-博愛",10,0,10
"21836","2929淘帝","110/07/09","群益金鼎-彰化",0,15,-15
"21837","2929淘帝","110/07/09","群益金鼎-潭子",8,0,8
"21838","2929淘帝","110/07/09","元大-博愛",0,14,-14
"21839","2929淘帝","110/07/09","富邦-南屯",8,0,8
"21840","2929淘帝","110/07/09","日盛-板橋",0,13,-13
"21841","5410國眾","110/07/09","元大-新盛",14,0,14
"21842","5410國眾","110/07/09","(牛牛牛)亞-鑫豐",1,41,-40
"21843","5410國眾","110/07/09","台灣企銀-民雄",10,0,10
"21844","5410國眾","110/07/09","元富-嘉義",0,25,-25
"21845","5410國眾","110/07/09","元富-虎尾",9,0,9
"21846","5410國眾","110/07/09","凱基-高美館",0,10,-10
"21847","5410國眾","110/07/09","摩根大通",10,1,9
"21848","5410國眾","110/07/09","凱基-城中",0,10,-10
"21849","5410國眾","110/07/09","兆豐-北高雄",7,0,7
"21850","5410國眾","110/07/09","元大-頭份",0,10,-10
"21851","5410國眾","110/07/09","凱基-台北",8,1,7
"21852","5410國眾","110/07/09","群益金鼎-丹鳳",0,7,-7
"21853","5410國眾","110/07/09","華南永昌-公誠",7,0,7
"21854","5410國眾","110/07/09","凱基-復興",0,7,-7
"21855","5410國眾","110/07/09","香港上海匯豐",6,0,6
"21856","5410國眾","110/07/09","元大-員林",0,7,-7
"21857","5410國眾","110/07/09","凱基-中壢",6,0,6
"21858","5410國眾","110/07/09","富邦-竹東",0,6,-6
"21859","5410國眾","110/07/09","華南永昌-南京",6,0,6
"21860","5410國眾","110/07/09","亞東-高雄",0,5,-5
"21861","5410國眾","110/07/09","統一-三重",5,0,5
"21862","5410國眾","110/07/09","大慶-中壢",1,6,-5
"21863","5410國眾","110/07/09","富邦-宜蘭",5,0,5
"21864","5410國眾","110/07/09","群益金鼎-中港",0,5,-5
"21865","5410國眾","110/07/09","元大-崇德",5,0,5
"21866","5410國眾","110/07/09","元大-八德",0,5,-5
"21867","5410國眾","110/07/09","元大-博愛",5,0,5
"21868","5410國眾","110/07/09","富邦-基隆",0,4,-4
"21869","5410國眾","110/07/09","元大-龍潭",5,0,5
"21870","5410國眾","110/07/09","臺銀-新竹",0,3,-3
"21871","2841台開","110/07/09","日盛-雙和",102,0,102
"21872","2841台開","110/07/09","港商野村",0,129,-129
"21873","2841台開","110/07/09","元大-館前",70,0,70
"21874","2841台開","110/07/09","兆豐-永和",0,100,-100
"21875","2841台開","110/07/09","凱基-文心",50,0,50
"21876","2841台開","110/07/09","台新證券",7,28,-21
"21877","2841台開","110/07/09","富邦-嘉義",40,0,40
"21878","2841台開","110/07/09","國票-北高雄",0,20,-20
"21879","2841台開","110/07/09","美商高盛",15,0,15
"21880","2841台開","110/07/09","永豐金-敦南",29,46,-17
"21881","2841台開","110/07/09","台中銀",15,0,15
"21882","2841台開","110/07/09","合庫-基隆",0,12,-12
"21883","2841台開","110/07/09","新光",11,0,11
"21884","2841台開","110/07/09","中國信託-松江",0,12,-12
"21885","2841台開","110/07/09","華南永昌-長虹",10,0,10
"21886","2841台開","110/07/09","兆豐-城中",0,12,-12
"21887","2841台開","110/07/09","永豐金-南投",10,0,10
"21888","2841台開","110/07/09","台中銀-豐原",0,10,-10
"21889","2841台開","110/07/09","合庫-桃園",7,0,7
"21890","2841台開","110/07/09","兆豐-景美",0,10,-10
"21891","2841台開","110/07/09","群益金鼎-古亭",7,0,7
"21892","2841台開","110/07/09","群益金鼎-基隆",0,10,-10
"21893","2841台開","110/07/09","國泰-敦南",6,0,6
"21894","2841台開","110/07/09","元大-北三重",0,10,-10
"21895","2841台開","110/07/09","凱基-桃園",8,2,6
"21896","2841台開","110/07/09","(牛牛牛)亞-網路",0,9,-9
"21897","2841台開","110/07/09","日盛證券",5,0,5
"21898","2841台開","110/07/09","台新-高雄",1,10,-9
"21899","2841台開","110/07/09","元富-文心",5,0,5
"21900","2841台開","110/07/09","凱基-台北",0,7,-7
"21901","6207雷科","110/07/09","群益金鼎-新竹",47,0,47
"21902","6207雷科","110/07/09","新光",7,24,-17
"21903","6207雷科","110/07/09","永豐金-三重",31,0,31
"21904","6207雷科","110/07/09","日盛-和美",0,15,-15
"21905","6207雷科","110/07/09","新加坡商瑞銀",33,5,28
"21906","6207雷科","110/07/09","國泰-台南",0,15,-15
"21907","6207雷科","110/07/09","元大-高雄",26,0,26
"21908","6207雷科","110/07/09","華南永昌-古亭",0,14,-14
"21909","6207雷科","110/07/09","統一-員林",22,0,22
"21910","6207雷科","110/07/09","土銀-白河",0,11,-11
"21911","6207雷科","110/07/09","台新-高雄",22,0,22
"21912","6207雷科","110/07/09","日盛-台南",0,10,-10
"21913","6207雷科","110/07/09","摩根大通",34,17,17
"21914","6207雷科","110/07/09","元富-林園",0,10,-10
"21915","6207雷科","110/07/09","元大-博愛",17,1,16
"21916","6207雷科","110/07/09","富邦-園區",0,10,-10
"21917","6207雷科","110/07/09","日茂-埔里",12,0,12
"21918","6207雷科","110/07/09","元大-上新莊",0,10,-10
"21919","6207雷科","110/07/09","國泰-台中",17,6,11
"21920","6207雷科","110/07/09","永豐金-南京",0,10,-10
"21921","6207雷科","110/07/09","富邦-三重",10,0,10
"21922","6207雷科","110/07/09","兆豐-小港",0,6,-6
"21923","6207雷科","110/07/09","元大-沙鹿",10,0,10
"21924","6207雷科","110/07/09","富邦-羅東",1,7,-6
"21925","6207雷科","110/07/09","元大-八德",10,0,10
"21926","6207雷科","110/07/09","元大-土城永寧",0,6,-6
"21927","6207雷科","110/07/09","第一金-路竹",11,2,9
"21928","6207雷科","110/07/09","永豐金-板盛",0,6,-6
"21929","6207雷科","110/07/09","統一-南京",5,0,5
"21930","6207雷科","110/07/09","日盛-板橋",0,5,-5
"21931","3679新至陞","110/07/09","元大-大天母",10,0,10
"21932","3679新至陞","110/07/09","第一金-光復",0,11,-11
"21933","3679新至陞","110/07/09","日盛-樹林",9,0,9
"21934","3679新至陞","110/07/09","瑞士信貸",0,8,-8
"21935","3679新至陞","110/07/09","凱基-台北",11,2,9
"21936","3679新至陞","110/07/09","大慶-苗栗",0,5,-5
"21937","3679新至陞","110/07/09","華南永昌-小港",8,0,8
"21938","3679新至陞","110/07/09","元大-永春",0,5,-5
"21939","3679新至陞","110/07/09","兆豐-來福",7,0,7
"21940","3679新至陞","110/07/09","日盛-和美",0,4,-4
"21941","3679新至陞","110/07/09","香港上海匯豐",5,0,5
"21942","3679新至陞","110/07/09","元大-雙和",0,3,-3
"21943","3679新至陞","110/07/09","台中銀-員林",3,0,3
"21944","3679新至陞","110/07/09","永豐金-屏東",0,3,-3
"21945","3679新至陞","110/07/09","新光",3,0,3
"21946","3679新至陞","110/07/09","彰銀",0,2,-2
"21947","3679新至陞","110/07/09","土銀-花蓮",2,0,2
"21948","3679新至陞","110/07/09","宏遠-館前",0,2,-2
"21949","3679新至陞","110/07/09","第一金-澎湖",2,0,2
"21950","3679新至陞","110/07/09","港商野村",0,2,-2
"21951","3679新至陞","110/07/09","摩根大通",2,0,2
"21952","3679新至陞","110/07/09","大昌-新店",0,2,-2
"21953","3679新至陞","110/07/09","國泰-敦南",2,0,2
"21954","3679新至陞","110/07/09","元大-新莊",0,2,-2
"21955","3679新至陞","110/07/09","元大-淡水",4,2,2
"21956","3679新至陞","110/07/09","元大-板橋",0,2,-2
"21957","3679新至陞","110/07/09","日盛-士林",1,0,1
"21958","3679新至陞","110/07/09","台灣摩根士丹利",0,1,-1
"21959","3679新至陞","110/07/09","日盛-信義",1,0,1
"21960","3679新至陞","110/07/09","第一金-高雄",0,1,-1
"21961","2727王品","110/07/09","台灣匯立證券",90,0,90
"21962","2727王品","110/07/09","台灣摩根士丹利",0,267,-267
"21963","2727王品","110/07/09","國泰-敦南",166,84,82
"21964","2727王品","110/07/09","富邦-台北",35,299,-264
"21965","2727王品","110/07/09","富邦-仁愛",56,12,44
"21966","2727王品","110/07/09","凱基-台北",174,296,-122
"21967","2727王品","110/07/09","台新證券",109,66,43
"21968","2727王品","110/07/09","第一金",2,102,-100
"21969","2727王品","110/07/09","新光",117,87,30
"21970","2727王品","110/07/09","群益金鼎-大安",0,80,-80
"21971","2727王品","110/07/09","臺銀-臺中",35,6,29
"21972","2727王品","110/07/09","兆豐-大安",7,60,-53
"21973","2727王品","110/07/09","元大-桃園",32,3,29
"21974","2727王品","110/07/09","永豐金-南投",0,50,-50
"21975","2727王品","110/07/09","元富-宜蘭",34,6,28
"21976","2727王品","110/07/09","新加坡商瑞銀",6,46,-40
"21977","2727王品","110/07/09","玉山-台中",34,8,26
"21978","2727王品","110/07/09","合庫-彰化",11,50,-39
"21979","2727王品","110/07/09","群益金鼎-宜蘭",30,4,26
"21980","2727王品","110/07/09","永豐金-萬盛",13,52,-39
"21981","2727王品","110/07/09","富邦-台中",42,16,26
"21982","2727王品","110/07/09","瑞士信貸",0,34,-34
"21983","2727王品","110/07/09","第一金-豐原",25,1,24
"21984","2727王品","110/07/09","元大-和平",4,35,-31
"21985","2727王品","110/07/09","臺銀",30,8,22
"21986","2727王品","110/07/09","美林",14,44,-30
"21987","2727王品","110/07/09","兆豐-來福",23,1,22
"21988","2727王品","110/07/09","元大-員林",9,38,-29
"21989","2727王品","110/07/09","玉山-士林",22,2,20
"21990","2727王品","110/07/09","元富-西松",4,31,-27
"21991","1570力肯","110/07/09","凱基-台北",30,1,29
"21992","1570力肯","110/07/09","群益金鼎-彰化",0,20,-20
"21993","1570力肯","110/07/09","新光-台南",20,0,20
"21994","1570力肯","110/07/09","元大-土城學府",0,20,-20
"21995","1570力肯","110/07/09","元大-高雄",20,0,20
"21996","1570力肯","110/07/09","元大-大統",0,16,-16
"21997","1570力肯","110/07/09","國票-中正",12,0,12
"21998","1570力肯","110/07/09","元大-新營",0,11,-11
"21999","1570力肯","110/07/09","日盛-高雄",6,0,6
"22000","1570力肯","110/07/09","元大-和平",0,10,-10
"22001","1570力肯","110/07/09","元富-緯城",6,0,6
"22002","1570力肯","110/07/09","元大-草屯",0,10,-10
"22003","1570力肯","110/07/09","群益金鼎-台南",6,0,6
"22004","1570力肯","110/07/09","元大-鹿港",0,9,-9
"22005","1570力肯","110/07/09","華南永昌-岡山",6,0,6
"22006","1570力肯","110/07/09","合庫-基隆",0,7,-7
"22007","1570力肯","110/07/09","統一-中壢",5,0,5
"22008","1570力肯","110/07/09","摩根大通",2,8,-6
"22009","1570力肯","110/07/09","凱基-三峽",5,0,5
"22010","1570力肯","110/07/09","台灣企銀-豐原",0,4,-4
"22011","1570力肯","110/07/09","大昌-樹林",4,0,4
"22012","1570力肯","110/07/09","日盛-桃園",0,4,-4
"22013","1570力肯","110/07/09","新光",3,0,3
"22014","1570力肯","110/07/09","國泰-高雄",0,3,-3
"22015","1570力肯","110/07/09","富邦-新竹華信",3,0,3
"22016","1570力肯","110/07/09","永豐金-敦南",0,3,-3
"22017","1570力肯","110/07/09","合庫-台中",2,0,2
"22018","1570力肯","110/07/09","土銀-彰化",0,2,-2
"22019","1570力肯","110/07/09","臺銀-臺中",2,0,2
"22020","1570力肯","110/07/09","臺銀-鳳山",0,2,-2
"22021","6180橘子","110/07/09","摩根大通",63,1,62
"22022","6180橘子","110/07/09","元大-南京",1,32,-31
"22023","6180橘子","110/07/09","富邦-陽明",73,33,40
"22024","6180橘子","110/07/09","群益金鼎-台北",0,25,-25
"22025","6180橘子","110/07/09","新加坡商瑞銀",31,0,31
"22026","6180橘子","110/07/09","兆豐-復興",0,21,-21
"22027","6180橘子","110/07/09","美商高盛",25,0,25
"22028","6180橘子","110/07/09","永豐金-嘉義",0,21,-21
"22029","6180橘子","110/07/09","凱基-台北",26,10,16
"22030","6180橘子","110/07/09","凱基-中壢",8,24,-16
"22031","6180橘子","110/07/09","華南永昌-楠梓",13,0,13
"22032","6180橘子","110/07/09","致和-崇德",0,15,-15
"22033","6180橘子","110/07/09","華南永昌-朴子",11,0,11
"22034","6180橘子","110/07/09","群益金鼎-屏東",0,15,-15
"22035","6180橘子","110/07/09","元大-北港",11,0,11
"22036","6180橘子","110/07/09","群益金鼎-中山",0,15,-15
"22037","6180橘子","110/07/09","元大-成功",10,1,9
"22038","6180橘子","110/07/09","瑞士信貸",1,15,-14
"22039","6180橘子","110/07/09","新光",26,18,8
"22040","6180橘子","110/07/09","日盛-二林",0,10,-10
"22041","6180橘子","110/07/09","統一-三重",6,0,6
"22042","6180橘子","110/07/09","凱基-東門",0,10,-10
"22043","6180橘子","110/07/09","群益金鼎-嘉義",6,0,6
"22044","6180橘子","110/07/09","華南永昌-三重",0,10,-10
"22045","6180橘子","110/07/09","元大-員林中山",6,0,6
"22046","6180橘子","110/07/09","元大-彰化民生",1,11,-10
"22047","6180橘子","110/07/09","合庫-鳳山",5,0,5
"22048","6180橘子","110/07/09","永豐金-新店",1,11,-10
"22049","6180橘子","110/07/09","富邦-建國",6,1,5
"22050","6180橘子","110/07/09","群益金鼎-丹鳳",0,8,-8
"22051","2390云辰","110/07/09","摩根大通",279,56,223
"22052","2390云辰","110/07/09","元大-天母",0,127,-127
"22053","2390云辰","110/07/09","日盛-鳳山",110,2,108
"22054","2390云辰","110/07/09","中國信託-文心",5,109,-104
"22055","2390云辰","110/07/09","宏遠證券",100,0,100
"22056","2390云辰","110/07/09","永豐金-復興",0,55,-55
"22057","2390云辰","110/07/09","元大-大里",63,6,57
"22058","2390云辰","110/07/09","凱基-台北",239,286,-47
"22059","2390云辰","110/07/09","凱基-八德",59,10,49
"22060","2390云辰","110/07/09","德信",2,32,-30
"22061","2390云辰","110/07/09","合庫-新竹",40,0,40
"22062","2390云辰","110/07/09","兆豐-桃鶯",2,32,-30
"22063","2390云辰","110/07/09","國票",40,1,39
"22064","2390云辰","110/07/09","致和-南京",0,30,-30
"22065","2390云辰","110/07/09","新加坡商瑞銀",49,13,36
"22066","2390云辰","110/07/09","富邦-虎尾",1,31,-30
"22067","2390云辰","110/07/09","統一-新台中",36,2,34
"22068","2390云辰","110/07/09","元大-善化",2,31,-29
"22069","2390云辰","110/07/09","國票-嘉義",31,0,31
"22070","2390云辰","110/07/09","富邦-板橋",0,27,-27
"22071","2390云辰","110/07/09","華南永昌",35,7,28
"22072","2390云辰","110/07/09","富邦-永和",3,28,-25
"22073","2390云辰","110/07/09","玉山-台中",49,22,27
"22074","2390云辰","110/07/09","第一金-自由",20,44,-24
"22075","2390云辰","110/07/09","華南永昌-敦南",25,0,25
"22076","2390云辰","110/07/09","凱基-內湖",0,24,-24
"22077","2390云辰","110/07/09","新光-高雄",27,4,23
"22078","2390云辰","110/07/09","元大-汐止",1,24,-23
"22079","2390云辰","110/07/09","台灣摩根士丹利",85,63,22
"22080","2390云辰","110/07/09","新光-台中",12,33,-21
"22081","4903聯光通","110/07/09","元大-敦南",10,0,10
"22082","4903聯光通","110/07/09","第一金-台中",0,12,-12
"22083","4903聯光通","110/07/09","凱基-士林",5,0,5
"22084","4903聯光通","110/07/09","日盛-忠孝",0,3,-3
"22085","4903聯光通","110/07/09","元大-苗栗",5,0,5
"22086","4903聯光通","110/07/09","群益金鼎-崇德",0,3,-3
"22087","4903聯光通","110/07/09","元大-屏南",3,0,3
"22088","4903聯光通","110/07/09","國票-內壢",0,2,-2
"22089","4903聯光通","110/07/09","中國信託-永康",1,0,1
"22090","4903聯光通","110/07/09","康和-南崁",0,2,-2
"22091","4903聯光通","110/07/09","玉山證券",1,0,1
"22092","4903聯光通","110/07/09","新光-台中",0,2,-2
"22093","4903聯光通","110/07/09","元大-太平",4,3,1
"22094","4903聯光通","110/07/09","玉山-城中",0,2,-2
"22095","4903聯光通","110/07/09","永豐金-嘉義",1,0,1
"22096","4903聯光通","110/07/09","中國信託-文心",0,1,-1
"22097","4903聯光通","110/07/09","大昌",0,0,0
"22098","4903聯光通","110/07/09","大昌",0,0,0
"22099","4903聯光通","110/07/09","中農",0,0,0
"22100","4903聯光通","110/07/09","中農",0,0,0
"22101","2929淘帝","110/07/09","台中銀-台北",110,0,110
"22102","2929淘帝","110/07/09","新光",2,82,-80
"22103","2929淘帝","110/07/09","華南永昌-頭份",72,0,72
"22104","2929淘帝","110/07/09","摩根大通",2,63,-61
"22105","2929淘帝","110/07/09","合庫-高雄",71,0,71
"22106","2929淘帝","110/07/09","第一金-路竹",0,50,-50
"22107","2929淘帝","110/07/09","高橋-龍潭",37,0,37
"22108","2929淘帝","110/07/09","港商麥格理",0,42,-42
"22109","2929淘帝","110/07/09","新光-台中",60,26,34
"22110","2929淘帝","110/07/09","陽信-石牌",0,40,-40
"22111","2929淘帝","110/07/09","元富-大裕",22,1,21
"22112","2929淘帝","110/07/09","台新-左楠",1,39,-38
"22113","2929淘帝","110/07/09","合庫-鳳山",20,0,20
"22114","2929淘帝","110/07/09","凱基-桃園",3,29,-26
"22115","2929淘帝","110/07/09","元大-員林",22,2,20
"22116","2929淘帝","110/07/09","兆豐-內湖",0,25,-25
"22117","2929淘帝","110/07/09","台新-建北",15,0,15
"22118","2929淘帝","110/07/09","元大-北港",0,20,-20
"22119","2929淘帝","110/07/09","兆豐-桃園",13,0,13
"22120","2929淘帝","110/07/09","富邦-北港",0,19,-19
"22121","2929淘帝","110/07/09","兆豐-忠孝",10,0,10
"22122","2929淘帝","110/07/09","富邦-花蓮",0,17,-17
"22123","2929淘帝","110/07/09","國票-敦北法人",10,0,10
"22124","2929淘帝","110/07/09","國泰-台中",2,17,-15
"22125","2929淘帝","110/07/09","永豐金-博愛",10,0,10
"22126","2929淘帝","110/07/09","群益金鼎-彰化",0,15,-15
"22127","2929淘帝","110/07/09","群益金鼎-潭子",8,0,8
"22128","2929淘帝","110/07/09","元大-博愛",0,14,-14
"22129","2929淘帝","110/07/09","富邦-南屯",8,0,8
"22130","2929淘帝","110/07/09","日盛-板橋",0,13,-13
"22131","5410國眾","110/07/09","元大-新盛",14,0,14
"22132","5410國眾","110/07/09","(牛牛牛)亞-鑫豐",1,41,-40
"22133","5410國眾","110/07/09","台灣企銀-民雄",10,0,10
"22134","5410國眾","110/07/09","元富-嘉義",0,25,-25
"22135","5410國眾","110/07/09","元富-虎尾",9,0,9
"22136","5410國眾","110/07/09","凱基-高美館",0,10,-10
"22137","5410國眾","110/07/09","摩根大通",10,1,9
"22138","5410國眾","110/07/09","凱基-城中",0,10,-10
"22139","5410國眾","110/07/09","兆豐-北高雄",7,0,7
"22140","5410國眾","110/07/09","元大-頭份",0,10,-10
"22141","5410國眾","110/07/09","凱基-台北",8,1,7
"22142","5410國眾","110/07/09","群益金鼎-丹鳳",0,7,-7
"22143","5410國眾","110/07/09","華南永昌-公誠",7,0,7
"22144","5410國眾","110/07/09","凱基-復興",0,7,-7
"22145","5410國眾","110/07/09","香港上海匯豐",6,0,6
"22146","5410國眾","110/07/09","元大-員林",0,7,-7
"22147","5410國眾","110/07/09","凱基-中壢",6,0,6
"22148","5410國眾","110/07/09","富邦-竹東",0,6,-6
"22149","5410國眾","110/07/09","華南永昌-南京",6,0,6
"22150","5410國眾","110/07/09","亞東-高雄",0,5,-5
"22151","5410國眾","110/07/09","統一-三重",5,0,5
"22152","5410國眾","110/07/09","大慶-中壢",1,6,-5
"22153","5410國眾","110/07/09","富邦-宜蘭",5,0,5
"22154","5410國眾","110/07/09","群益金鼎-中港",0,5,-5
"22155","5410國眾","110/07/09","元大-崇德",5,0,5
"22156","5410國眾","110/07/09","元大-八德",0,5,-5
"22157","5410國眾","110/07/09","元大-博愛",5,0,5
"22158","5410國眾","110/07/09","富邦-基隆",0,4,-4
"22159","5410國眾","110/07/09","元大-龍潭",5,0,5
"22160","5410國眾","110/07/09","臺銀-新竹",0,3,-3
"22161","2841台開","110/07/09","日盛-雙和",102,0,102
"22162","2841台開","110/07/09","港商野村",0,129,-129
"22163","2841台開","110/07/09","元大-館前",70,0,70
"22164","2841台開","110/07/09","兆豐-永和",0,100,-100
"22165","2841台開","110/07/09","凱基-文心",50,0,50
"22166","2841台開","110/07/09","台新證券",7,28,-21
"22167","2841台開","110/07/09","富邦-嘉義",40,0,40
"22168","2841台開","110/07/09","國票-北高雄",0,20,-20
"22169","2841台開","110/07/09","美商高盛",15,0,15
"22170","2841台開","110/07/09","永豐金-敦南",29,46,-17
"22171","2841台開","110/07/09","台中銀",15,0,15
"22172","2841台開","110/07/09","合庫-基隆",0,12,-12
"22173","2841台開","110/07/09","新光",11,0,11
"22174","2841台開","110/07/09","中國信託-松江",0,12,-12
"22175","2841台開","110/07/09","華南永昌-長虹",10,0,10
"22176","2841台開","110/07/09","兆豐-城中",0,12,-12
"22177","2841台開","110/07/09","永豐金-南投",10,0,10
"22178","2841台開","110/07/09","台中銀-豐原",0,10,-10
"22179","2841台開","110/07/09","合庫-桃園",7,0,7
"22180","2841台開","110/07/09","兆豐-景美",0,10,-10
"22181","2841台開","110/07/09","群益金鼎-古亭",7,0,7
"22182","2841台開","110/07/09","群益金鼎-基隆",0,10,-10
"22183","2841台開","110/07/09","國泰-敦南",6,0,6
"22184","2841台開","110/07/09","元大-北三重",0,10,-10
"22185","2841台開","110/07/09","凱基-桃園",8,2,6
"22186","2841台開","110/07/09","(牛牛牛)亞-網路",0,9,-9
"22187","2841台開","110/07/09","日盛證券",5,0,5
"22188","2841台開","110/07/09","台新-高雄",1,10,-9
"22189","2841台開","110/07/09","元富-文心",5,0,5
"22190","2841台開","110/07/09","凱基-台北",0,7,-7
"22191","6207雷科","110/07/09","群益金鼎-新竹",47,0,47
"22192","6207雷科","110/07/09","新光",7,24,-17
"22193","6207雷科","110/07/09","永豐金-三重",31,0,31
"22194","6207雷科","110/07/09","日盛-和美",0,15,-15
"22195","6207雷科","110/07/09","新加坡商瑞銀",33,5,28
"22196","6207雷科","110/07/09","國泰-台南",0,15,-15
"22197","6207雷科","110/07/09","元大-高雄",26,0,26
"22198","6207雷科","110/07/09","華南永昌-古亭",0,14,-14
"22199","6207雷科","110/07/09","統一-員林",22,0,22
"22200","6207雷科","110/07/09","土銀-白河",0,11,-11
"22201","6207雷科","110/07/09","台新-高雄",22,0,22
"22202","6207雷科","110/07/09","日盛-台南",0,10,-10
"22203","6207雷科","110/07/09","摩根大通",34,17,17
"22204","6207雷科","110/07/09","元富-林園",0,10,-10
"22205","6207雷科","110/07/09","元大-博愛",17,1,16
"22206","6207雷科","110/07/09","富邦-園區",0,10,-10
"22207","6207雷科","110/07/09","日茂-埔里",12,0,12
"22208","6207雷科","110/07/09","元大-上新莊",0,10,-10
"22209","6207雷科","110/07/09","國泰-台中",17,6,11
"22210","6207雷科","110/07/09","永豐金-南京",0,10,-10
"22211","6207雷科","110/07/09","富邦-三重",10,0,10
"22212","6207雷科","110/07/09","兆豐-小港",0,6,-6
"22213","6207雷科","110/07/09","元大-沙鹿",10,0,10
"22214","6207雷科","110/07/09","富邦-羅東",1,7,-6
"22215","6207雷科","110/07/09","元大-八德",10,0,10
"22216","6207雷科","110/07/09","元大-土城永寧",0,6,-6
"22217","6207雷科","110/07/09","第一金-路竹",11,2,9
"22218","6207雷科","110/07/09","永豐金-板盛",0,6,-6
"22219","6207雷科","110/07/09","統一-南京",5,0,5
"22220","6207雷科","110/07/09","日盛-板橋",0,5,-5
"22221","3679新至陞","110/07/09","元大-大天母",10,0,10
"22222","3679新至陞","110/07/09","第一金-光復",0,11,-11
"22223","3679新至陞","110/07/09","日盛-樹林",9,0,9
"22224","3679新至陞","110/07/09","瑞士信貸",0,8,-8
"22225","3679新至陞","110/07/09","凱基-台北",11,2,9
"22226","3679新至陞","110/07/09","大慶-苗栗",0,5,-5
"22227","3679新至陞","110/07/09","華南永昌-小港",8,0,8
"22228","3679新至陞","110/07/09","元大-永春",0,5,-5
"22229","3679新至陞","110/07/09","兆豐-來福",7,0,7
"22230","3679新至陞","110/07/09","日盛-和美",0,4,-4
"22231","3679新至陞","110/07/09","香港上海匯豐",5,0,5
"22232","3679新至陞","110/07/09","元大-雙和",0,3,-3
"22233","3679新至陞","110/07/09","台中銀-員林",3,0,3
"22234","3679新至陞","110/07/09","永豐金-屏東",0,3,-3
"22235","3679新至陞","110/07/09","新光",3,0,3
"22236","3679新至陞","110/07/09","彰銀",0,2,-2
"22237","3679新至陞","110/07/09","土銀-花蓮",2,0,2
"22238","3679新至陞","110/07/09","宏遠-館前",0,2,-2
"22239","3679新至陞","110/07/09","第一金-澎湖",2,0,2
"22240","3679新至陞","110/07/09","港商野村",0,2,-2
"22241","3679新至陞","110/07/09","摩根大通",2,0,2
"22242","3679新至陞","110/07/09","大昌-新店",0,2,-2
"22243","3679新至陞","110/07/09","國泰-敦南",2,0,2
"22244","3679新至陞","110/07/09","元大-新莊",0,2,-2
"22245","3679新至陞","110/07/09","元大-淡水",4,2,2
"22246","3679新至陞","110/07/09","元大-板橋",0,2,-2
"22247","3679新至陞","110/07/09","日盛-士林",1,0,1
"22248","3679新至陞","110/07/09","台灣摩根士丹利",0,1,-1
"22249","3679新至陞","110/07/09","日盛-信義",1,0,1
"22250","3679新至陞","110/07/09","第一金-高雄",0,1,-1
"22251","2727王品","110/07/09","台灣匯立證券",90,0,90
"22252","2727王品","110/07/09","台灣摩根士丹利",0,267,-267
"22253","2727王品","110/07/09","國泰-敦南",166,84,82
"22254","2727王品","110/07/09","富邦-台北",35,299,-264
"22255","2727王品","110/07/09","富邦-仁愛",56,12,44
"22256","2727王品","110/07/09","凱基-台北",174,296,-122
"22257","2727王品","110/07/09","台新證券",109,66,43
"22258","2727王品","110/07/09","第一金",2,102,-100
"22259","2727王品","110/07/09","新光",117,87,30
"22260","2727王品","110/07/09","群益金鼎-大安",0,80,-80
"22261","2727王品","110/07/09","臺銀-臺中",35,6,29
"22262","2727王品","110/07/09","兆豐-大安",7,60,-53
"22263","2727王品","110/07/09","元大-桃園",32,3,29
"22264","2727王品","110/07/09","永豐金-南投",0,50,-50
"22265","2727王品","110/07/09","元富-宜蘭",34,6,28
"22266","2727王品","110/07/09","新加坡商瑞銀",6,46,-40
"22267","2727王品","110/07/09","玉山-台中",34,8,26
"22268","2727王品","110/07/09","合庫-彰化",11,50,-39
"22269","2727王品","110/07/09","群益金鼎-宜蘭",30,4,26
"22270","2727王品","110/07/09","永豐金-萬盛",13,52,-39
"22271","2727王品","110/07/09","富邦-台中",42,16,26
"22272","2727王品","110/07/09","瑞士信貸",0,34,-34
"22273","2727王品","110/07/09","第一金-豐原",25,1,24
"22274","2727王品","110/07/09","元大-和平",4,35,-31
"22275","2727王品","110/07/09","臺銀",30,8,22
"22276","2727王品","110/07/09","美林",14,44,-30
"22277","2727王品","110/07/09","兆豐-來福",23,1,22
"22278","2727王品","110/07/09","元大-員林",9,38,-29
"22279","2727王品","110/07/09","玉山-士林",22,2,20
"22280","2727王品","110/07/09","元富-西松",4,31,-27
"22281","1570力肯","110/07/09","凱基-台北",30,1,29
"22282","1570力肯","110/07/09","群益金鼎-彰化",0,20,-20
"22283","1570力肯","110/07/09","新光-台南",20,0,20
"22284","1570力肯","110/07/09","元大-土城學府",0,20,-20
"22285","1570力肯","110/07/09","元大-高雄",20,0,20
"22286","1570力肯","110/07/09","元大-大統",0,16,-16
"22287","1570力肯","110/07/09","國票-中正",12,0,12
"22288","1570力肯","110/07/09","元大-新營",0,11,-11
"22289","1570力肯","110/07/09","日盛-高雄",6,0,6
"22290","1570力肯","110/07/09","元大-和平",0,10,-10
"22291","1570力肯","110/07/09","元富-緯城",6,0,6
"22292","1570力肯","110/07/09","元大-草屯",0,10,-10
"22293","1570力肯","110/07/09","群益金鼎-台南",6,0,6
"22294","1570力肯","110/07/09","元大-鹿港",0,9,-9
"22295","1570力肯","110/07/09","華南永昌-岡山",6,0,6
"22296","1570力肯","110/07/09","合庫-基隆",0,7,-7
"22297","1570力肯","110/07/09","統一-中壢",5,0,5
"22298","1570力肯","110/07/09","摩根大通",2,8,-6
"22299","1570力肯","110/07/09","凱基-三峽",5,0,5
"22300","1570力肯","110/07/09","台灣企銀-豐原",0,4,-4
"22301","1570力肯","110/07/09","大昌-樹林",4,0,4
"22302","1570力肯","110/07/09","日盛-桃園",0,4,-4
"22303","1570力肯","110/07/09","新光",3,0,3
"22304","1570力肯","110/07/09","國泰-高雄",0,3,-3
"22305","1570力肯","110/07/09","富邦-新竹華信",3,0,3
"22306","1570力肯","110/07/09","永豐金-敦南",0,3,-3
"22307","1570力肯","110/07/09","合庫-台中",2,0,2
"22308","1570力肯","110/07/09","土銀-彰化",0,2,-2
"22309","1570力肯","110/07/09","臺銀-臺中",2,0,2
"22310","1570力肯","110/07/09","臺銀-鳳山",0,2,-2
"22311","6180橘子","110/07/09","摩根大通",63,1,62
"22312","6180橘子","110/07/09","元大-南京",1,32,-31
"22313","6180橘子","110/07/09","富邦-陽明",73,33,40
"22314","6180橘子","110/07/09","群益金鼎-台北",0,25,-25
"22315","6180橘子","110/07/09","新加坡商瑞銀",31,0,31
"22316","6180橘子","110/07/09","兆豐-復興",0,21,-21
"22317","6180橘子","110/07/09","美商高盛",25,0,25
"22318","6180橘子","110/07/09","永豐金-嘉義",0,21,-21
"22319","6180橘子","110/07/09","凱基-台北",26,10,16
"22320","6180橘子","110/07/09","凱基-中壢",8,24,-16
"22321","6180橘子","110/07/09","華南永昌-楠梓",13,0,13
"22322","6180橘子","110/07/09","致和-崇德",0,15,-15
"22323","6180橘子","110/07/09","華南永昌-朴子",11,0,11
"22324","6180橘子","110/07/09","群益金鼎-屏東",0,15,-15
"22325","6180橘子","110/07/09","元大-北港",11,0,11
"22326","6180橘子","110/07/09","群益金鼎-中山",0,15,-15
"22327","6180橘子","110/07/09","元大-成功",10,1,9
"22328","6180橘子","110/07/09","瑞士信貸",1,15,-14
"22329","6180橘子","110/07/09","新光",26,18,8
"22330","6180橘子","110/07/09","日盛-二林",0,10,-10
"22331","6180橘子","110/07/09","統一-三重",6,0,6
"22332","6180橘子","110/07/09","凱基-東門",0,10,-10
"22333","6180橘子","110/07/09","群益金鼎-嘉義",6,0,6
"22334","6180橘子","110/07/09","華南永昌-三重",0,10,-10
"22335","6180橘子","110/07/09","元大-員林中山",6,0,6
"22336","6180橘子","110/07/09","元大-彰化民生",1,11,-10
"22337","6180橘子","110/07/09","合庫-鳳山",5,0,5
"22338","6180橘子","110/07/09","永豐金-新店",1,11,-10
"22339","6180橘子","110/07/09","富邦-建國",6,1,5
"22340","6180橘子","110/07/09","群益金鼎-丹鳳",0,8,-8
"22341","2390云辰","110/07/09","摩根大通",279,56,223
"22342","2390云辰","110/07/09","元大-天母",0,127,-127
"22343","2390云辰","110/07/09","日盛-鳳山",110,2,108
"22344","2390云辰","110/07/09","中國信託-文心",5,109,-104
"22345","2390云辰","110/07/09","宏遠證券",100,0,100
"22346","2390云辰","110/07/09","永豐金-復興",0,55,-55
"22347","2390云辰","110/07/09","元大-大里",63,6,57
"22348","2390云辰","110/07/09","凱基-台北",239,286,-47
"22349","2390云辰","110/07/09","凱基-八德",59,10,49
"22350","2390云辰","110/07/09","德信",2,32,-30
"22351","2390云辰","110/07/09","合庫-新竹",40,0,40
"22352","2390云辰","110/07/09","兆豐-桃鶯",2,32,-30
"22353","2390云辰","110/07/09","國票",40,1,39
"22354","2390云辰","110/07/09","致和-南京",0,30,-30
"22355","2390云辰","110/07/09","新加坡商瑞銀",49,13,36
"22356","2390云辰","110/07/09","富邦-虎尾",1,31,-30
"22357","2390云辰","110/07/09","統一-新台中",36,2,34
"22358","2390云辰","110/07/09","元大-善化",2,31,-29
"22359","2390云辰","110/07/09","國票-嘉義",31,0,31
"22360","2390云辰","110/07/09","富邦-板橋",0,27,-27
"22361","2390云辰","110/07/09","華南永昌",35,7,28
"22362","2390云辰","110/07/09","富邦-永和",3,28,-25
"22363","2390云辰","110/07/09","玉山-台中",49,22,27
"22364","2390云辰","110/07/09","第一金-自由",20,44,-24
"22365","2390云辰","110/07/09","華南永昌-敦南",25,0,25
"22366","2390云辰","110/07/09","凱基-內湖",0,24,-24
"22367","2390云辰","110/07/09","新光-高雄",27,4,23
"22368","2390云辰","110/07/09","元大-汐止",1,24,-23
"22369","2390云辰","110/07/09","台灣摩根士丹利",85,63,22
"22370","2390云辰","110/07/09","新光-台中",12,33,-21
"22371","4903聯光通","110/07/08","元富-新興",18,0,18
"22372","4903聯光通","110/07/08","中國信託-中壢",0,14,-14
"22373","4903聯光通","110/07/08","元大-苗栗",9,0,9
"22374","4903聯光通","110/07/08","彰銀",0,7,-7
"22375","4903聯光通","110/07/08","兆豐-鹿港",3,0,3
"22376","4903聯光通","110/07/08","中國信託-松江",0,5,-5
"22377","4903聯光通","110/07/08","群益金鼎-萬華",2,0,2
"22378","4903聯光通","110/07/08","光和",0,2,-2
"22379","4903聯光通","110/07/08","元大-屏南",1,0,1
"22380","4903聯光通","110/07/08","元大-鶯歌",0,2,-2
"22381","4903聯光通","110/07/08","華南永昌-新莊",0,0,0
"22382","4903聯光通","110/07/08","群益金鼎-館前",0,1,-1
"22383","4903聯光通","110/07/08","元大-羅東",0,0,0
"22384","4903聯光通","110/07/08","華南永昌",0,1,-1
"22385","4903聯光通","110/07/08","元大-太平",2,3,-1
"22386","4903聯光通","110/07/08","華南永昌-新莊",0,0,0
"22387","4903聯光通","110/07/08","元大-羅東",0,0,0
"22388","2929淘帝","110/07/08","日盛-園區",90,6,84
"22389","2929淘帝","110/07/08","元大-太平",1,111,-110
"22390","2929淘帝","110/07/08","華南永昌-頭份",54,0,54
"22391","2929淘帝","110/07/08","港商野村",31,106,-75
"22392","2929淘帝","110/07/08","美商高盛",50,0,50
"22393","2929淘帝","110/07/08","凱基-板橋",62,111,-49
"22394","2929淘帝","110/07/08","台中銀-台北",50,0,50
"22395","2929淘帝","110/07/08","新光-台中",30,78,-48
"22396","2929淘帝","110/07/08","臺銀-臺南",30,0,30
"22397","2929淘帝","110/07/08","元富-永和",1,41,-40
"22398","2929淘帝","110/07/08","永豐金-大園",42,12,30
"22399","2929淘帝","110/07/08","永豐金-鳳山",0,28,-28
"22400","2929淘帝","110/07/08","元富-三重",30,1,29
"22401","2929淘帝","110/07/08","元大-南崁",0,26,-26
"22402","2929淘帝","110/07/08","兆豐-桃鶯",29,0,29
"22403","2929淘帝","110/07/08","元大-花蓮",2,27,-25
"22404","2929淘帝","110/07/08","元大-承德",20,3,17
"22405","2929淘帝","110/07/08","元大-府城",0,24,-24
"22406","2929淘帝","110/07/08","新光-新竹",13,0,13
"22407","2929淘帝","110/07/08","新光",21,43,-22
"22408","2929淘帝","110/07/08","富邦-內湖",13,0,13
"22409","2929淘帝","110/07/08","臺銀-民權",0,20,-20
"22410","2929淘帝","110/07/08","國泰-板橋",13,1,12
"22411","2929淘帝","110/07/08","摩根大通",66,84,-18
"22412","2929淘帝","110/07/08","第一金-大稻埕",10,0,10
"22413","2929淘帝","110/07/08","凱基-台北",0,17,-17
"22414","2929淘帝","110/07/08","統一-汐止",10,0,10
"22415","2929淘帝","110/07/08","元大-博愛",6,23,-17
"22416","2929淘帝","110/07/08","元富-大裕",10,0,10
"22417","2929淘帝","110/07/08","永豐金-桃盛",0,16,-16
"22418","5410國眾","110/07/08","元大-新盛",15,0,15
"22419","5410國眾","110/07/08","元大-旗山",0,50,-50
"22420","5410國眾","110/07/08","元大-屏南",10,0,10
"22421","5410國眾","110/07/08","元大-頭份",0,14,-14
"22422","5410國眾","110/07/08","元大-成功",10,0,10
"22423","5410國眾","110/07/08","國泰-高雄",0,8,-8
"22424","5410國眾","110/07/08","元大-東泰",7,0,7
"22425","5410國眾","110/07/08","元大-小港",0,7,-7
"22426","5410國眾","110/07/08","富邦-陽明",6,0,6
"22427","5410國眾","110/07/08","統一-嘉義",0,5,-5
"22428","5410國眾","110/07/08","臺銀-金山",5,0,5
"22429","5410國眾","110/07/08","兆豐-台中港",0,5,-5
"22430","5410國眾","110/07/08","日盛-員林",5,0,5
"22431","5410國眾","110/07/08","凱基-屏東",0,5,-5
"22432","5410國眾","110/07/08","摩根大通",5,0,5
"22433","5410國眾","110/07/08","元大-八德",0,5,-5
"22434","5410國眾","110/07/08","富邦-桃園",5,0,5
"22435","5410國眾","110/07/08","元富-嘉義",0,4,-4
"22436","5410國眾","110/07/08","元富-大昌",4,0,4
"22437","5410國眾","110/07/08","玉山-雙和",0,4,-4
"22438","5410國眾","110/07/08","台新-台中",4,0,4
"22439","5410國眾","110/07/08","凱基-高美館",1,5,-4
"22440","5410國眾","110/07/08","華南永昌-小港",5,1,4
"22441","5410國眾","110/07/08","統一-員林",0,3,-3
"22442","5410國眾","110/07/08","元大-新竹",5,1,4
"22443","5410國眾","110/07/08","臺銀-鳳山",0,2,-2
"22444","5410國眾","110/07/08","元大-土城學府",4,0,4
"22445","5410國眾","110/07/08","亞東",0,2,-2
"22446","5410國眾","110/07/08","元大-新莊",4,0,4
"22447","5410國眾","110/07/08","新光",0,2,-2
"22448","2841台開","110/07/08","元大-樹林",653,0,653
"22449","2841台開","110/07/08","港商野村",0,868,-868
"22450","2841台開","110/07/08","台新證券",115,0,115
"22451","2841台開","110/07/08","群益金鼎-忠孝",0,100,-100
"22452","2841台開","110/07/08","永豐金-豐原",105,0,105
"22453","2841台開","110/07/08","宏遠-高雄",0,56,-56
"22454","2841台開","110/07/08","元富-新興",100,0,100
"22455","2841台開","110/07/08","新光",3,38,-35
"22456","2841台開","110/07/08","凱基-文心",50,0,50
"22457","2841台開","110/07/08","花旗環球",0,29,-29
"22458","2841台開","110/07/08","元大-八德",40,0,40
"22459","2841台開","110/07/08","富邦-仁愛",2,30,-28
"22460","2841台開","110/07/08","日盛-雙和",30,0,30
"22461","2841台開","110/07/08","元富-潮州",0,24,-24
"22462","2841台開","110/07/08","統一-竹南",30,0,30
"22463","2841台開","110/07/08","元大-沙鹿",0,20,-20
"22464","2841台開","110/07/08","凱基-台南",30,0,30
"22465","2841台開","110/07/08","元大-汐止",0,20,-20
"22466","2841台開","110/07/08","元大-福營",30,0,30
"22467","2841台開","110/07/08","合庫-嘉義",2,20,-18
"22468","2841台開","110/07/08","合庫-台中",22,0,22
"22469","2841台開","110/07/08","國泰-敦南",3,21,-18
"22470","2841台開","110/07/08","大昌-安康",28,10,18
"22471","2841台開","110/07/08","日盛-竹北",0,15,-15
"22472","2841台開","110/07/08","元大-斗信",15,0,15
"22473","2841台開","110/07/08","元大-三重",0,15,-15
"22474","2841台開","110/07/08","富邦-台北",13,0,13
"22475","2841台開","110/07/08","永豐金-敦南",45,60,-15
"22476","2841台開","110/07/08","合庫-桃園",10,0,10
"22477","2841台開","110/07/08","(牛牛牛)亞-網路",0,12,-12
"22478","6207雷科","110/07/08","台新-高雄",54,2,52
"22479","6207雷科","110/07/08","群益金鼎-丹鳳",0,60,-60
"22480","6207雷科","110/07/08","新光-台中",18,0,18
"22481","6207雷科","110/07/08","元大-頭份",1,56,-55
"22482","6207雷科","110/07/08","日盛-嘉義",16,0,16
"22483","6207雷科","110/07/08","國票-中和",0,30,-30
"22484","6207雷科","110/07/08","合庫-鳳山",15,0,15
"22485","6207雷科","110/07/08","凱基-台北",1,29,-28
"22486","6207雷科","110/07/08","臺銀-臺中",12,0,12
"22487","6207雷科","110/07/08","兆豐-板橋",0,25,-25
"22488","6207雷科","110/07/08","群益金鼎-土城",12,0,12
"22489","6207雷科","110/07/08","凱基-城中",4,25,-21
"22490","6207雷科","110/07/08","新光",25,14,11
"22491","6207雷科","110/07/08","日進",0,20,-20
"22492","6207雷科","110/07/08","凱基-中壢",11,0,11
"22493","6207雷科","110/07/08","台新證券",3,20,-17
"22494","6207雷科","110/07/08","台灣企銀",10,0,10
"22495","6207雷科","110/07/08","群益金鼎-中山",0,16,-16
"22496","6207雷科","110/07/08","第一金-新興",11,1,10
"22497","6207雷科","110/07/08","元大-東門",0,16,-16
"22498","6207雷科","110/07/08","元富-吉利",10,0,10
"22499","6207雷科","110/07/08","群益金鼎-大甲",0,13,-13
"22500","6207雷科","110/07/08","光和-和美",10,0,10
"22501","6207雷科","110/07/08","日盛-板橋",0,10,-10
"22502","6207雷科","110/07/08","永豐金-南京",10,0,10
"22503","6207雷科","110/07/08","日盛-中壢",0,10,-10
"22504","6207雷科","110/07/08","土銀",8,0,8
"22505","6207雷科","110/07/08","摩根大通",125,135,-10
"22506","6207雷科","110/07/08","中國信託-高雄",8,0,8
"22507","6207雷科","110/07/08","凱基-五股",0,10,-10
"22508","3679新至陞","110/07/08","華南永昌-台中",17,0,17
"22509","3679新至陞","110/07/08","大慶-蘆洲",0,10,-10
"22510","3679新至陞","110/07/08","國泰-桃園",6,0,6
"22511","3679新至陞","110/07/08","華南永昌-小港",0,7,-7
"22512","3679新至陞","110/07/08","元大-永春",6,0,6
"22513","3679新至陞","110/07/08","國泰-館前",0,3,-3
"22514","3679新至陞","110/07/08","香港上海匯豐",4,0,4
"22515","3679新至陞","110/07/08","元大-板橋",0,3,-3
"22516","3679新至陞","110/07/08","中國信託-新竹",3,0,3
"22517","3679新至陞","110/07/08","港商法國興業",0,2,-2
"22518","3679新至陞","110/07/08","國票-敦北法人",3,0,3
"22519","3679新至陞","110/07/08","第一金-忠孝",0,2,-2
"22520","3679新至陞","110/07/08","群益金鼎-台南",2,0,2
"22521","3679新至陞","110/07/08","元富-古亭",0,2,-2
"22522","3679新至陞","110/07/08","凱基",2,0,2
"22523","3679新至陞","110/07/08","摩根大通",1,3,-2
"22524","3679新至陞","110/07/08","凱基-台北",6,4,2
"22525","3679新至陞","110/07/08","富邦-板橋",0,2,-2
"22526","3679新至陞","110/07/08","日盛-信義",1,0,1
"22527","3679新至陞","110/07/08","元大-文心興安",0,2,-2
"22528","3679新至陞","110/07/08","日盛-新莊",1,0,1
"22529","3679新至陞","110/07/08","臺銀-高雄",0,1,-1
"22530","3679新至陞","110/07/08","大慶",1,0,1
"22531","3679新至陞","110/07/08","日盛-高雄",0,1,-1
"22532","3679新至陞","110/07/08","兆豐-三重",1,0,1
"22533","3679新至陞","110/07/08","日盛-文化",0,1,-1
"22534","3679新至陞","110/07/08","致和-東門",1,0,1
"22535","3679新至陞","110/07/08","美商高盛",0,1,-1
"22536","3679新至陞","110/07/08","台新證券",1,0,1
"22537","3679新至陞","110/07/08","瑞士信貸",0,1,-1
"22538","2727王品","110/07/08","群益金鼎-大安",80,0,80
"22539","2727王品","110/07/08","台灣摩根士丹利",1,300,-299
"22540","2727王品","110/07/08","富邦-台北",237,165,72
"22541","2727王品","110/07/08","元大證券",173,439,-266
"22542","2727王品","110/07/08","永豐金-萬盛",55,5,50
"22543","2727王品","110/07/08","統一",33,200,-167
"22544","2727王品","110/07/08","永豐金-南投",53,10,43
"22545","2727王品","110/07/08","凱基-台北",476,615,-139
"22546","2727王品","110/07/08","國泰-敦南",190,148,42
"22547","2727王品","110/07/08","永豐金-松山",8,138,-130
"22548","2727王品","110/07/08","台新-高雄",71,36,35
"22549","2727王品","110/07/08","新加坡商瑞銀",38,138,-100
"22550","2727王品","110/07/08","富邦-建國",62,27,35
"22551","2727王品","110/07/08","富邦-嘉義",84,182,-98
"22552","2727王品","110/07/08","永豐金證券",50,15,35
"22553","2727王品","110/07/08","元富-台南",4,99,-95
"22554","2727王品","110/07/08","港商野村",185,152,33
"22555","2727王品","110/07/08","凱基-永華",4,92,-88
"22556","2727王品","110/07/08","元大-嘉義",35,3,32
"22557","2727王品","110/07/08","凱基-大直",2,73,-71
"22558","2727王品","110/07/08","台新-三民",35,4,31
"22559","2727王品","110/07/08","美林",105,164,-59
"22560","2727王品","110/07/08","凱基-桃園",35,4,31
"22561","2727王品","110/07/08","第一金-台南",11,63,-52
"22562","2727王品","110/07/08","元大-和平",41,10,31
"22563","2727王品","110/07/08","摩根大通",216,259,-43
"22564","2727王品","110/07/08","兆豐-大安",33,5,28
"22565","2727王品","110/07/08","元大-員林",9,50,-41
"22566","2727王品","110/07/08","元大-新盛",33,6,27
"22567","2727王品","110/07/08","兆豐-虎尾",1,41,-40
"22568","1570力肯","110/07/08","群益金鼎-三重",20,0,20
"22569","1570力肯","110/07/08","中國信託-永康",0,26,-26
"22570","1570力肯","110/07/08","凱基-中壢",20,0,20
"22571","1570力肯","110/07/08","統一-敦南",0,12,-12
"22572","1570力肯","110/07/08","群益金鼎-台南",14,0,14
"22573","1570力肯","110/07/08","國票-博愛",0,10,-10
"22574","1570力肯","110/07/08","元富-緯城",10,0,10
"22575","1570力肯","110/07/08","元大-西門",0,10,-10
"22576","1570力肯","110/07/08","瑞士信貸",7,0,7
"22577","1570力肯","110/07/08","新光",0,9,-9
"22578","1570力肯","110/07/08","摩根大通",6,0,6
"22579","1570力肯","110/07/08","永豐金-大園",0,9,-9
"22580","1570力肯","110/07/08","土銀-白河",5,0,5
"22581","1570力肯","110/07/08","日盛-大墩",0,6,-6
"22582","1570力肯","110/07/08","台灣摩根士丹利",4,0,4
"22583","1570力肯","110/07/08","台新證券",0,6,-6
"22584","1570力肯","110/07/08","元大-新莊",3,0,3
"22585","1570力肯","110/07/08","永全",0,5,-5
"22586","1570力肯","110/07/08","永豐金-苓雅",3,0,3
"22587","1570力肯","110/07/08","元大-天母",0,5,-5
"22588","1570力肯","110/07/08","合庫-三重",2,0,2
"22589","1570力肯","110/07/08","元富-吉利",0,3,-3
"22590","1570力肯","110/07/08","(牛牛牛)亞-鑫豐",2,0,2
"22591","1570力肯","110/07/08","國泰-高雄",0,3,-3
"22592","1570力肯","110/07/08","玉山-大里",2,0,2
"22593","1570力肯","110/07/08","群益金鼎-北高雄",0,3,-3
"22594","1570力肯","110/07/08","國泰-敦南",2,0,2
"22595","1570力肯","110/07/08","群益金鼎-東門",0,2,-2
"22596","1570力肯","110/07/08","華南永昌-岡山",2,0,2
"22597","1570力肯","110/07/08","日盛-高雄",5,6,-1
"22598","6180橘子","110/07/08","新光",30,4,26
"22599","6180橘子","110/07/08","元大-土城學府",0,89,-89
"22600","6180橘子","110/07/08","康和-台南",22,0,22
"22601","6180橘子","110/07/08","凱基-東勢",1,66,-65
"22602","6180橘子","110/07/08","國泰-板橋",22,0,22
"22603","6180橘子","110/07/08","光和",0,64,-64
"22604","6180橘子","110/07/08","日盛-文化",21,0,21
"22605","6180橘子","110/07/08","中國信託-忠孝",0,50,-50
"22606","6180橘子","110/07/08","中國信託-文心",20,2,18
"22607","6180橘子","110/07/08","元富-大裕",0,25,-25
"22608","6180橘子","110/07/08","凱基-台北",39,24,15
"22609","6180橘子","110/07/08","統一-基隆",1,25,-24
"22610","6180橘子","110/07/08","元富-新店",14,0,14
"22611","6180橘子","110/07/08","美商高盛",1,21,-20
"22612","6180橘子","110/07/08","元大-土城永寧",11,0,11
"22613","6180橘子","110/07/08","元大證券",1,19,-18
"22614","6180橘子","110/07/08","永豐金-南京",11,0,11
"22615","6180橘子","110/07/08","元大-太平",2,20,-18
"22616","6180橘子","110/07/08","宏遠-館前",10,0,10
"22617","6180橘子","110/07/08","合庫證券",2,18,-16
"22618","6180橘子","110/07/08","國泰-新莊",10,0,10
"22619","6180橘子","110/07/08","台灣摩根士丹利",1,12,-11
"22620","6180橘子","110/07/08","群益金鼎",10,0,10
"22621","6180橘子","110/07/08","瑞士信貸",0,11,-11
"22622","6180橘子","110/07/08","凱基-高雄",10,0,10
"22623","6180橘子","110/07/08","元富-嘉義",0,11,-11
"22624","6180橘子","110/07/08","凱基-大安",10,0,10
"22625","6180橘子","110/07/08","新光-高雄",0,11,-11
"22626","6180橘子","110/07/08","富邦-仁愛",10,0,10
"22627","6180橘子","110/07/08","大慶-苗栗",0,10,-10
"22628","2390云辰","110/07/08","統一-新台中",126,1,125
"22629","2390云辰","110/07/08","摩根大通",62,661,-599
"22630","2390云辰","110/07/08","元大-員林",111,0,111
"22631","2390云辰","110/07/08","新加坡商瑞銀",0,173,-173
"22632","2390云辰","110/07/08","合庫-高雄",105,0,105
"22633","2390云辰","110/07/08","元大-天母",7,150,-143
"22634","2390云辰","110/07/08","凱基-台北",255,177,78
"22635","2390云辰","110/07/08","台灣摩根士丹利",0,134,-134
"22636","2390云辰","110/07/08","新光",71,17,54
"22637","2390云辰","110/07/08","玉山-台中",17,120,-103
"22638","2390云辰","110/07/08","國票-嘉義",53,0,53
"22639","2390云辰","110/07/08","美商高盛",0,78,-78
"22640","2390云辰","110/07/08","富邦-仁愛",53,4,49
"22641","2390云辰","110/07/08","美林",11,82,-71
"22642","2390云辰","110/07/08","兆豐-城中",48,0,48
"22643","2390云辰","110/07/08","群益金鼎-大興",35,106,-71
"22644","2390云辰","110/07/08","元大-新營",47,0,47
"22645","2390云辰","110/07/08","光和",11,71,-60
"22646","2390云辰","110/07/08","國泰-敦南",89,55,34
"22647","2390云辰","110/07/08","國泰-台中",28,70,-42
"22648","2390云辰","110/07/08","兆豐-台中",40,7,33
"22649","2390云辰","110/07/08","玉山-新莊",6,46,-40
"22650","2390云辰","110/07/08","永豐金-中正",36,6,30
"22651","2390云辰","110/07/08","富邦-台北",21,57,-36
"22652","2390云辰","110/07/08","中國信託-三重",29,0,29
"22653","2390云辰","110/07/08","土銀-台中",0,30,-30
"22654","2390云辰","110/07/08","富邦-陽明",33,5,28
"22655","2390云辰","110/07/08","兆豐-埔墘",1,31,-30
"22656","2390云辰","110/07/08","元富-桃園",27,0,27
"22657","2390云辰","110/07/08","玉山-南京東路",3,33,-30
"22658","4903聯光通","110/07/07","元大-太平",47,4,43
"22659","4903聯光通","110/07/07","日盛-板橋",0,15,-15
"22660","4903聯光通","110/07/07","華南永昌-桃園",10,0,10
"22661","4903聯光通","110/07/07","元大-八德",0,9,-9
"22662","4903聯光通","110/07/07","元大-南投",9,0,9
"22663","4903聯光通","110/07/07","宏遠證券",0,7,-7
"22664","4903聯光通","110/07/07","新光-台中",3,0,3
"22665","4903聯光通","110/07/07","大慶",0,7,-7
"22666","4903聯光通","110/07/07","國泰-敦南",1,0,1
"22667","4903聯光通","110/07/07","群益金鼎-館前",0,6,-6
"22668","4903聯光通","110/07/07","國票-中正",0,0,0
"22669","4903聯光通","110/07/07","元大-羅東",0,5,-5
"22670","4903聯光通","110/07/07","康和-內湖",0,0,0
"22671","4903聯光通","110/07/07","新光",8,12,-4
"22672","4903聯光通","110/07/07","凱基-站前",0,0,0
"22673","4903聯光通","110/07/07","國泰-高雄",0,3,-3
"22674","4903聯光通","110/07/07","華南永昌",1,1,0
"22675","4903聯光通","110/07/07","第一金-台中",0,3,-3
"22676","4903聯光通","110/07/07","華南永昌-新莊",0,0,0
"22677","4903聯光通","110/07/07","中農",0,1,-1
"22678","4903聯光通","110/07/07","臺灣企銀-桃園",0,1,-1
"22679","4903聯光通","110/07/07","台新-新營",0,1,-1
"22680","4903聯光通","110/07/07","元大-鶯歌",2,3,-1
"22681","4903聯光通","110/07/07","元大-永和",0,1,-1
"22682","4903聯光通","110/07/07","元大-苑裡",0,1,-1
"22683","2929淘帝","110/07/07","統一",163,0,163
"22684","2929淘帝","110/07/07","新光-台中",57,142,-85
"22685","2929淘帝","110/07/07","港商野村",323,181,142
"22686","2929淘帝","110/07/07","兆豐-忠孝",0,76,-76
"22687","2929淘帝","110/07/07","日盛-中壢",132,10,122
"22688","2929淘帝","110/07/07","台新-建北",0,53,-53
"22689","2929淘帝","110/07/07","新加坡商瑞銀",140,19,121
"22690","2929淘帝","110/07/07","臺銀-鳳山",0,44,-44
"22691","2929淘帝","110/07/07","日盛-嘉義",101,0,101
"22692","2929淘帝","110/07/07","元大-新盛",0,42,-42
"22693","2929淘帝","110/07/07","摩根大通",101,16,85
"22694","2929淘帝","110/07/07","富邦-建國",6,47,-41
"22695","2929淘帝","110/07/07","元大-太平",55,2,53
"22696","2929淘帝","110/07/07","日盛-園區",0,40,-40
"22697","2929淘帝","110/07/07","元富-松德",50,1,49
"22698","2929淘帝","110/07/07","新光-高雄",1,38,-37
"22699","2929淘帝","110/07/07","凱基-板橋",53,5,48
"22700","2929淘帝","110/07/07","永豐金-三重",1,34,-33
"22701","2929淘帝","110/07/07","美林",80,34,46
"22702","2929淘帝","110/07/07","元大-彰化",0,31,-31
"22703","2929淘帝","110/07/07","元富-台南",41,0,41
"22704","2929淘帝","110/07/07","第一金-大稻埕",0,30,-30
"22705","2929淘帝","110/07/07","兆豐-竹北",39,0,39
"22706","2929淘帝","110/07/07","國泰-敦南",3,33,-30
"22707","2929淘帝","110/07/07","元大-西門",36,0,36
"22708","2929淘帝","110/07/07","富邦-員林",0,30,-30
"22709","2929淘帝","110/07/07","華南永昌",39,4,35
"22710","2929淘帝","110/07/07","元大-蘆洲",1,30,-29
"22711","2929淘帝","110/07/07","日盛-板橋中山",30,0,30
"22712","2929淘帝","110/07/07","台新-台南",4,32,-28
"22713","5410國眾","110/07/07","兆豐-城中",66,0,66
"22714","5410國眾","110/07/07","富邦-仁愛",0,115,-115
"22715","5410國眾","110/07/07","摩根大通",21,0,21
"22716","5410國眾","110/07/07","亞東-板橋",0,38,-38
"22717","5410國眾","110/07/07","元大-北投",21,0,21
"22718","5410國眾","110/07/07","凱基-台北",2,24,-22
"22719","5410國眾","110/07/07","亞東-新竹",15,0,15
"22720","5410國眾","110/07/07","彰銀-七賢",0,10,-10
"22721","5410國眾","110/07/07","元大-福營",12,0,12
"22722","5410國眾","110/07/07","凱基-基隆",0,10,-10
"22723","5410國眾","110/07/07","新光-高雄",11,0,11
"22724","5410國眾","110/07/07","凱基-屏東",0,10,-10
"22725","5410國眾","110/07/07","華南永昌-小港",10,0,10
"22726","5410國眾","110/07/07","凱基-鳳山",0,10,-10
"22727","5410國眾","110/07/07","元大-大灣",10,0,10
"22728","5410國眾","110/07/07","永豐金-忠孝",0,10,-10
"22729","5410國眾","110/07/07","元大-莒光",10,0,10
"22730","5410國眾","110/07/07","日盛-板橋中山",0,9,-9
"22731","5410國眾","110/07/07","台中銀-豐原",9,0,9
"22732","5410國眾","110/07/07","統一-高雄",0,5,-5
"22733","5410國眾","110/07/07","元大-南屯",9,0,9
"22734","5410國眾","110/07/07","元大-斗六",0,5,-5
"22735","5410國眾","110/07/07","日盛-新莊",7,0,7
"22736","5410國眾","110/07/07","元大-大益",0,5,-5
"22737","5410國眾","110/07/07","元富-大昌",6,0,6
"22738","5410國眾","110/07/07","元大-南投",0,5,-5
"22739","5410國眾","110/07/07","新光-新竹",6,0,6
"22740","5410國眾","110/07/07","永豐金-員林",0,5,-5
"22741","5410國眾","110/07/07","臺銀-金山",5,0,5
"22742","5410國眾","110/07/07","華南永昌-楠梓",0,4,-4
"22743","2841台開","110/07/07","永豐金-豐原",268,0,268
"22744","2841台開","110/07/07","凱基-市政",0,200,-200
"22745","2841台開","110/07/07","永豐金-南投",200,0,200
"22746","2841台開","110/07/07","永豐金-彰化",0,100,-100
"22747","2841台開","110/07/07","新光",139,9,130
"22748","2841台開","110/07/07","元大-開元",1,93,-92
"22749","2841台開","110/07/07","中國信託-高雄",50,1,49
"22750","2841台開","110/07/07","港商野村",0,80,-80
"22751","2841台開","110/07/07","元大-歸仁",40,0,40
"22752","2841台開","110/07/07","凱基-台南",25,85,-60
"22753","2841台開","110/07/07","台中銀",35,0,35
"22754","2841台開","110/07/07","美商高盛",1,58,-57
"22755","2841台開","110/07/07","台新-新營",30,0,30
"22756","2841台開","110/07/07","統一-三重",0,55,-55
"22757","2841台開","110/07/07","富邦-台南",30,0,30
"22758","2841台開","110/07/07","台新證券",12,50,-38
"22759","2841台開","110/07/07","國泰-板橋",30,1,29
"22760","2841台開","110/07/07","陽信-石牌",0,31,-31
"22761","2841台開","110/07/07","凱基-文心",28,0,28
"22762","2841台開","110/07/07","元大-福營",0,31,-31
"22763","2841台開","110/07/07","凱基-站前",27,0,27
"22764","2841台開","110/07/07","第一金-澎湖",0,30,-30
"22765","2841台開","110/07/07","大昌-安康",38,16,22
"22766","2841台開","110/07/07","元大-新莊",0,30,-30
"22767","2841台開","110/07/07","合庫-台中",20,0,20
"22768","2841台開","110/07/07","國泰-館前",0,28,-28
"22769","2841台開","110/07/07","日盛-台南",20,0,20
"22770","2841台開","110/07/07","元大-竹科",0,25,-25
"22771","2841台開","110/07/07","台中銀-員林",20,0,20
"22772","2841台開","110/07/07","富邦-仁愛",1,22,-21
"22773","6207雷科","110/07/07","元大-大天母",21,0,21
"22774","6207雷科","110/07/07","元大-高雄",0,105,-105
"22775","6207雷科","110/07/07","元大-頭份",18,0,18
"22776","6207雷科","110/07/07","永豐金-中正",0,35,-35
"22777","6207雷科","110/07/07","第一金-新興",16,0,16
"22778","6207雷科","110/07/07","摩根大通",8,39,-31
"22779","6207雷科","110/07/07","富邦-虎尾",12,0,12
"22780","6207雷科","110/07/07","元大-林園",0,30,-30
"22781","6207雷科","110/07/07","兆豐-板橋",10,0,10
"22782","6207雷科","110/07/07","凱基-台北",0,19,-19
"22783","6207雷科","110/07/07","玉山-台大",10,0,10
"22784","6207雷科","110/07/07","國票-中和",13,25,-12
"22785","6207雷科","110/07/07","元大-四維",10,0,10
"22786","6207雷科","110/07/07","新加坡商瑞銀",0,9,-9
"22787","6207雷科","110/07/07","元大-鹿港",10,0,10
"22788","6207雷科","110/07/07","玉山-高雄",0,8,-8
"22789","6207雷科","110/07/07","元大-信義",10,0,10
"22790","6207雷科","110/07/07","玉山-台南",0,8,-8
"22791","6207雷科","110/07/07","台新-三民",8,0,8
"22792","6207雷科","110/07/07","宏遠-高雄",0,5,-5
"22793","6207雷科","110/07/07","元大-上新莊",8,0,8
"22794","6207雷科","110/07/07","元大-南海",0,5,-5
"22795","6207雷科","110/07/07","大昌-桃園",7,0,7
"22796","6207雷科","110/07/07","元大-莒光",0,4,-4
"22797","6207雷科","110/07/07","新光-台中",10,4,6
"22798","6207雷科","110/07/07","港商野村",0,3,-3
"22799","6207雷科","110/07/07","日盛-頭份",5,0,5
"22800","6207雷科","110/07/07","大慶-台南",0,3,-3
"22801","6207雷科","110/07/07","日茂-埔里",5,0,5
"22802","6207雷科","110/07/07","凱基-站前",0,3,-3
"22803","3679新至陞","110/07/07","永豐金證券",18,0,18
"22804","3679新至陞","110/07/07","美林",0,13,-13
"22805","3679新至陞","110/07/07","元大-文心興安",6,0,6
"22806","3679新至陞","110/07/07","兆豐-大安",0,10,-10
"22807","3679新至陞","110/07/07","中農",5,0,5
"22808","3679新至陞","110/07/07","國泰-桃園",0,4,-4
"22809","3679新至陞","110/07/07","台新證券",4,0,4
"22810","3679新至陞","110/07/07","永豐金-虎尾",0,4,-4
"22811","3679新至陞","110/07/07","華南永昌-小港",4,0,4
"22812","3679新至陞","110/07/07","台灣摩根士丹利",0,3,-3
"22813","3679新至陞","110/07/07","元大-天母",4,0,4
"22814","3679新至陞","110/07/07","瑞士信貸",0,3,-3
"22815","3679新至陞","110/07/07","台中銀-員林",4,1,3
"22816","3679新至陞","110/07/07","統一-新竹",0,3,-3
"22817","3679新至陞","110/07/07","摩根大通",4,1,3
"22818","3679新至陞","110/07/07","統一-三重",0,3,-3
"22819","3679新至陞","110/07/07","凱基-台北",7,4,3
"22820","3679新至陞","110/07/07","凱基-竹北",0,3,-3
"22821","3679新至陞","110/07/07","華南永昌-高雄",3,0,3
"22822","3679新至陞","110/07/07","元富-世貿",0,2,-2
"22823","3679新至陞","110/07/07","永豐金-潮州",2,0,2
"22824","3679新至陞","110/07/07","兆豐-鹿港",0,2,-2
"22825","3679新至陞","110/07/07","合庫-新竹",1,0,1
"22826","3679新至陞","110/07/07","玉山-台大",0,2,-2
"22827","3679新至陞","110/07/07","土銀-高雄",1,0,1
"22828","3679新至陞","110/07/07","國泰-館前",0,2,-2
"22829","3679新至陞","110/07/07","元富-新興",1,0,1
"22830","3679新至陞","110/07/07","群益金鼎-新莊",0,2,-2
"22831","3679新至陞","110/07/07","富邦-中壢",1,0,1
"22832","3679新至陞","110/07/07","元大-桃園",0,2,-2
"22833","2727王品","110/07/07","第一金",62,0,62
"22834","2727王品","110/07/07","台灣摩根士丹利",1,177,-176
"22835","2727王品","110/07/07","凱基-埔墘",40,0,40
"22836","2727王品","110/07/07","凱基-台北",49,151,-102
"22837","2727王品","110/07/07","中國信託-忠孝",40,1,39
"22838","2727王品","110/07/07","摩根大通",19,107,-88
"22839","2727王品","110/07/07","玉山-板橋",40,6,34
"22840","2727王品","110/07/07","美商高盛",2,86,-84
"22841","2727王品","110/07/07","亞東-新竹",31,1,30
"22842","2727王品","110/07/07","元大-北屯",1,52,-51
"22843","2727王品","110/07/07","群益金鼎-宜蘭",25,1,24
"22844","2727王品","110/07/07","國泰證券",1,47,-46
"22845","2727王品","110/07/07","富邦-竹北",23,0,23
"22846","2727王品","110/07/07","統一",3,33,-30
"22847","2727王品","110/07/07","元大-旗山",23,0,23
"22848","2727王品","110/07/07","第一金-台中",1,30,-29
"22849","2727王品","110/07/07","元富-宜蘭",21,0,21
"22850","2727王品","110/07/07","華南永昌-中正",4,29,-25
"22851","2727王品","110/07/07","國票-長城",20,0,20
"22852","2727王品","110/07/07","美林",0,23,-23
"22853","2727王品","110/07/07","台新證券",47,28,19
"22854","2727王品","110/07/07","群益金鼎-館前",0,20,-20
"22855","2727王品","110/07/07","富邦-新竹華信",18,1,17
"22856","2727王品","110/07/07","國票-內壢",0,16,-16
"22857","2727王品","110/07/07","永豐金-中正",18,1,17
"22858","2727王品","110/07/07","兆豐-新莊",0,15,-15
"22859","2727王品","110/07/07","華南永昌-麻豆",17,1,16
"22860","2727王品","110/07/07","港商野村",15,28,-13
"22861","2727王品","110/07/07","永豐金-潮州",15,0,15
"22862","2727王品","110/07/07","元大-善化",1,13,-12
"22863","1570力肯","110/07/07","台新證券",88,0,88
"22864","1570力肯","110/07/07","新光",0,54,-54
"22865","1570力肯","110/07/07","摩根大通",49,15,34
"22866","1570力肯","110/07/07","元大-高雄",0,40,-40
"22867","1570力肯","110/07/07","合庫-桃園",20,0,20
"22868","1570力肯","110/07/07","國票-北高雄",38,50,-12
"22869","1570力肯","110/07/07","元大-土城學府",20,0,20
"22870","1570力肯","110/07/07","群益金鼎-嘉義",0,10,-10
"22871","1570力肯","110/07/07","永豐金-板盛",18,0,18
"22872","1570力肯","110/07/07","元大-草屯",0,10,-10
"22873","1570力肯","110/07/07","永豐金-永康",18,0,18
"22874","1570力肯","110/07/07","日盛-高雄",0,9,-9
"22875","1570力肯","110/07/07","統一-員林",14,0,14
"22876","1570力肯","110/07/07","第一金-路竹",0,9,-9
"22877","1570力肯","110/07/07","元大-竹山",6,0,6
"22878","1570力肯","110/07/07","元大-古亭",0,9,-9
"22879","1570力肯","110/07/07","統一-敦南",5,0,5
"22880","1570力肯","110/07/07","國票-中正",0,8,-8
"22881","1570力肯","110/07/07","元大-永和",5,0,5
"22882","1570力肯","110/07/07","群益金鼎-鳳山",0,6,-6
"22883","1570力肯","110/07/07","元富-大裕",4,0,4
"22884","1570力肯","110/07/07","元大-土城永寧",0,6,-6
"22885","1570力肯","110/07/07","華南永昌-斗六",4,0,4
"22886","1570力肯","110/07/07","中國信託",0,5,-5
"22887","1570力肯","110/07/07","永豐金-松山",6,3,3
"22888","1570力肯","110/07/07","日盛-板橋",0,4,-4
"22889","1570力肯","110/07/07","永豐金-南投",4,1,3
"22890","1570力肯","110/07/07","日盛-木柵",0,4,-4
"22891","1570力肯","110/07/07","土銀-彰化",2,0,2
"22892","1570力肯","110/07/07","玉山-桃園",0,4,-4
"22893","6180橘子","110/07/07","臺銀-金山",27,0,27
"22894","6180橘子","110/07/07","凱基-台北",6,36,-30
"22895","6180橘子","110/07/07","元富-潮州",20,0,20
"22896","6180橘子","110/07/07","元大-天母",1,26,-25
"22897","6180橘子","110/07/07","凱基-中山",20,0,20
"22898","6180橘子","110/07/07","富邦-陽明",0,22,-22
"22899","6180橘子","110/07/07","元大-太平",23,4,19
"22900","6180橘子","110/07/07","日盛-頭份",0,20,-20
"22901","6180橘子","110/07/07","摩根大通",17,0,17
"22902","6180橘子","110/07/07","富邦-仁愛",0,20,-20
"22903","6180橘子","110/07/07","元大-草屯",20,3,17
"22904","6180橘子","110/07/07","永豐金-新莊",0,20,-20
"22905","6180橘子","110/07/07","華南永昌-楠梓",15,1,14
"22906","6180橘子","110/07/07","台灣摩根士丹利",0,18,-18
"22907","6180橘子","110/07/07","中國信託-永康",12,0,12
"22908","6180橘子","110/07/07","華南永昌-長虹",1,16,-15
"22909","6180橘子","110/07/07","日盛-文化",10,0,10
"22910","6180橘子","110/07/07","新光-新竹",0,12,-12
"22911","6180橘子","110/07/07","國泰-館前",10,0,10
"22912","6180橘子","110/07/07","凱基-中壢",0,12,-12
"22913","6180橘子","110/07/07","華南永昌-鶯歌",10,0,10
"22914","6180橘子","110/07/07","第一金-忠孝",0,11,-11
"22915","6180橘子","110/07/07","元大-豐原站前",10,0,10
"22916","6180橘子","110/07/07","元大-沙鹿",0,11,-11
"22917","6180橘子","110/07/07","元大-北屯",10,0,10
"22918","6180橘子","110/07/07","永豐金-羅東",0,11,-11
"22919","6180橘子","110/07/07","兆豐-台中",10,1,9
"22920","6180橘子","110/07/07","兆豐-埔墘",0,10,-10
"22921","6180橘子","110/07/07","群益金鼎-開元",9,0,9
"22922","6180橘子","110/07/07","華南永昌-台中",0,10,-10
"22923","2390云辰","110/07/07","元大-向上",144,0,144
"22924","2390云辰","110/07/07","摩根大通",18,674,-656
"22925","2390云辰","110/07/07","元富-中港",102,0,102
"22926","2390云辰","110/07/07","凱基-台北",141,625,-484
"22927","2390云辰","110/07/07","群益金鼎-民權",104,4,100
"22928","2390云辰","110/07/07","美林",32,261,-229
"22929","2390云辰","110/07/07","兆豐-忠孝",81,0,81
"22930","2390云辰","110/07/07","新加坡商瑞銀",50,149,-99
"22931","2390云辰","110/07/07","合庫-新竹",60,0,60
"22932","2390云辰","110/07/07","台灣摩根士丹利",7,87,-80
"22933","2390云辰","110/07/07","元大-土城學府",59,1,58
"22934","2390云辰","110/07/07","元大-金華",2,68,-66
"22935","2390云辰","110/07/07","玉山-大里",58,3,55
"22936","2390云辰","110/07/07","國票-新莊",13,65,-52
"22937","2390云辰","110/07/07","元大-東蘆",54,1,53
"22938","2390云辰","110/07/07","凱基-三重",12,56,-44
"22939","2390云辰","110/07/07","元富-三重",51,0,51
"22940","2390云辰","110/07/07","新光-台中",23,65,-42
"22941","2390云辰","110/07/07","元富-埔里",50,0,50
"22942","2390云辰","110/07/07","第一金-中壢",5,45,-40
"22943","2390云辰","110/07/07","中國信託-三重",52,3,49
"22944","2390云辰","110/07/07","華南永昌-斗六",0,40,-40
"22945","2390云辰","110/07/07","元大-彰化民生",64,15,49
"22946","2390云辰","110/07/07","富邦-新竹華信",25,61,-36
"22947","2390云辰","110/07/07","元大-潮州",50,5,45
"22948","2390云辰","110/07/07","玉山-新莊",2,32,-30
"22949","2390云辰","110/07/07","元富-高雄",57,14,43
"22950","2390云辰","110/07/07","凱基-新豐",17,47,-30
"22951","2390云辰","110/07/07","凱基-和平",40,0,40
"22952","2390云辰","110/07/07","統一-汐止",1,29,-28
"22953","4903聯光通","110/07/06","元大-苗栗",10,0,10
"22954","4903聯光通","110/07/06","宏遠證券",0,13,-13
"22955","4903聯光通","110/07/06","彰銀",5,0,5
"22956","4903聯光通","110/07/06","富邦-新營",0,4,-4
"22957","4903聯光通","110/07/06","元大-松山",5,0,5
"22958","4903聯光通","110/07/06","元富-草屯",0,3,-3
"22959","4903聯光通","110/07/06","新光",3,0,3
"22960","4903聯光通","110/07/06","元大-羅東",0,3,-3
"22961","4903聯光通","110/07/06","群益金鼎-館前",1,0,1
"22962","4903聯光通","110/07/06","元大-北三重",0,2,-2
"22963","4903聯光通","110/07/06","華南永昌-鶯歌",1,0,1
"22964","4903聯光通","110/07/06","國泰-敦南",0,1,-1
"22965","4903聯光通","110/07/06","永豐金-市政",1,0,1
"22966","4903聯光通","110/07/06","元富-板橋",0,0,0
"22967","4903聯光通","110/07/06","元富-板橋",0,0,0
"22968","4903聯光通","110/07/06","華南永昌",0,0,0
"22969","4903聯光通","110/07/06","華南永昌",0,0,0
"22970","4903聯光通","110/07/06","元大-太平",2,2,0
"22971","4903聯光通","110/07/06","元大-太平",2,2,0
"22972","2929淘帝","110/07/06","新光",204,85,119
"22973","2929淘帝","110/07/06","港商野村",62,282,-220
"22974","2929淘帝","110/07/06","日盛-中壢",94,0,94
"22975","2929淘帝","110/07/06","摩根大通",64,264,-200
"22976","2929淘帝","110/07/06","元富-城東",84,0,84
"22977","2929淘帝","110/07/06","統一",0,163,-163
"22978","2929淘帝","110/07/06","日盛-雙和",55,0,55
"22979","2929淘帝","110/07/06","香港上海匯豐",0,141,-141
"22980","2929淘帝","110/07/06","第一金-路竹",71,17,54
"22981","2929淘帝","110/07/06","新加坡商瑞銀",54,179,-125
"22982","2929淘帝","110/07/06","元大-花蓮",44,2,42
"22983","2929淘帝","110/07/06","合庫-高雄",3,122,-119
"22984","2929淘帝","110/07/06","永豐金-大園",73,33,40
"22985","2929淘帝","110/07/06","美林",34,118,-84
"22986","2929淘帝","110/07/06","元大-太平",44,6,38
"22987","2929淘帝","110/07/06","元大-員林",2,82,-80
"22988","2929淘帝","110/07/06","國泰-板橋",40,5,35
"22989","2929淘帝","110/07/06","元富-松德",26,75,-49
"22990","2929淘帝","110/07/06","兆豐-內湖",33,1,32
"22991","2929淘帝","110/07/06","臺銀-臺南",9,52,-43
"22992","2929淘帝","110/07/06","元大-博愛",43,11,32
"22993","2929淘帝","110/07/06","元大-北投",5,48,-43
"22994","2929淘帝","110/07/06","日盛-竹北",40,10,30
"22995","2929淘帝","110/07/06","臺銀-民權",1,41,-40
"22996","2929淘帝","110/07/06","元大-善化",52,22,30
"22997","2929淘帝","110/07/06","兆豐-忠孝",1,41,-40
"22998","2929淘帝","110/07/06","富邦-北港",29,0,29
"22999","2929淘帝","110/07/06","元大-西門",1,36,-35
"23000","2929淘帝","110/07/06","凱基-湖口",27,0,27
"23001","2929淘帝","110/07/06","玉山-嘉義",3,35,-32
"23002","5410國眾","110/07/06","兆豐-城中",28,0,28
"23003","5410國眾","110/07/06","凱基-高美館",1,18,-17
"23004","5410國眾","110/07/06","元大-小港",20,0,20
"23005","5410國眾","110/07/06","國泰-館前",0,15,-15
"23006","5410國眾","110/07/06","元大-新盛",18,0,18
"23007","5410國眾","110/07/06","國泰-板橋",2,17,-15
"23008","5410國眾","110/07/06","香港上海匯豐",15,0,15
"23009","5410國眾","110/07/06","新光",0,13,-13
"23010","5410國眾","110/07/06","華南永昌-小港",15,0,15
"23011","5410國眾","110/07/06","元富-緯城",0,10,-10
"23012","5410國眾","110/07/06","元富-大昌",13,0,13
"23013","5410國眾","110/07/06","中農",0,10,-10
"23014","5410國眾","110/07/06","臺銀-臺南",10,0,10
"23015","5410國眾","110/07/06","凱基-屏東",0,10,-10
"23016","5410國眾","110/07/06","元富-延平",8,0,8
"23017","5410國眾","110/07/06","新光-桃園",0,6,-6
"23018","5410國眾","110/07/06","元大-八德",17,9,8
"23019","5410國眾","110/07/06","高橋-龍潭",0,5,-5
"23020","5410國眾","110/07/06","摩根大通",7,0,7
"23021","5410國眾","110/07/06","元富-世貿",0,5,-5
"23022","5410國眾","110/07/06","凱基-桃園",7,0,7
"23023","5410國眾","110/07/06","群益金鼎-瑞豐",0,5,-5
"23024","5410國眾","110/07/06","永豐金-屏東",7,0,7
"23025","5410國眾","110/07/06","富邦-台中",0,5,-5
"23026","5410國眾","110/07/06","台新-左楠",5,0,5
"23027","5410國眾","110/07/06","永豐金-板橋",0,5,-5
"23028","5410國眾","110/07/06","富邦-竹東",5,0,5
"23029","5410國眾","110/07/06","富邦-台南",0,4,-4
"23030","5410國眾","110/07/06","元大-新莊",5,0,5
"23031","5410國眾","110/07/06","凱基-站前",0,3,-3
"23032","2841台開","110/07/06","群益金鼎-忠孝",100,0,100
"23033","2841台開","110/07/06","港商野村",0,295,-295
"23034","2841台開","110/07/06","台新證券",58,0,58
"23035","2841台開","110/07/06","元大-善化",0,50,-50
"23036","2841台開","110/07/06","台新-台中",58,0,58
"23037","2841台開","110/07/06","元大-四維",0,50,-50
"23038","2841台開","110/07/06","永豐金-敦南",50,0,50
"23039","2841台開","110/07/06","台新-新營",0,30,-30
"23040","2841台開","110/07/06","元大-台中",45,0,45
"23041","2841台開","110/07/06","群益金鼎-桃園",0,21,-21
"23042","2841台開","110/07/06","凱基-文心",43,0,43
"23043","2841台開","110/07/06","台中銀-員林",0,20,-20
"23044","2841台開","110/07/06","永豐金-潮州",30,0,30
"23045","2841台開","110/07/06","群益金鼎-延平",0,15,-15
"23046","2841台開","110/07/06","第一金-自由",25,0,25
"23047","2841台開","110/07/06","元大-三重",0,13,-13
"23048","2841台開","110/07/06","美商高盛",17,0,17
"23049","2841台開","110/07/06","元富-古亭",0,10,-10
"23050","2841台開","110/07/06","大昌-安康",39,22,17
"23051","2841台開","110/07/06","群益金鼎-北高雄",0,10,-10
"23052","2841台開","110/07/06","台中銀",15,0,15
"23053","2841台開","110/07/06","華南永昌-南京",0,10,-10
"23054","2841台開","110/07/06","玉山-嘉義",15,0,15
"23055","2841台開","110/07/06","富邦-花蓮",0,10,-10
"23056","2841台開","110/07/06","新光",11,0,11
"23057","2841台開","110/07/06","富邦-高雄",0,10,-10
"23058","2841台開","110/07/06","兆豐-永和",10,0,10
"23059","2841台開","110/07/06","元大-竹山",0,10,-10
"23060","2841台開","110/07/06","康和-內湖",10,0,10
"23061","2841台開","110/07/06","元大-屏東",0,10,-10
"23062","6207雷科","110/07/06","新光",45,4,41
"23063","6207雷科","110/07/06","凱基-高美館",1,104,-103
"23064","6207雷科","110/07/06","統一-基隆",30,0,30
"23065","6207雷科","110/07/06","摩根大通",11,45,-34
"23066","6207雷科","110/07/06","康和-南崁",13,0,13
"23067","6207雷科","110/07/06","群益金鼎-新竹",0,22,-22
"23068","6207雷科","110/07/06","宏遠-台南",10,0,10
"23069","6207雷科","110/07/06","港商野村",2,23,-21
"23070","6207雷科","110/07/06","國票-和平",10,0,10
"23071","6207雷科","110/07/06","凱基-台北",0,14,-14
"23072","6207雷科","110/07/06","永豐金-天母",10,0,10
"23073","6207雷科","110/07/06","台新-三民",0,12,-12
"23074","6207雷科","110/07/06","台新證券",10,1,9
"23075","6207雷科","110/07/06","群益金鼎-開元",1,11,-10
"23076","6207雷科","110/07/06","群益金鼎-士林",8,0,8
"23077","6207雷科","110/07/06","富邦-南屯",0,8,-8
"23078","6207雷科","110/07/06","群益金鼎-瑞豐",7,0,7
"23079","6207雷科","110/07/06","元大-善化",0,8,-8
"23080","6207雷科","110/07/06","元大-四維",7,0,7
"23081","6207雷科","110/07/06","日盛-頭份",0,5,-5
"23082","6207雷科","110/07/06","國票-中和",6,0,6
"23083","6207雷科","110/07/06","第一金-高雄",0,5,-5
"23084","6207雷科","110/07/06","台新-中壢",6,0,6
"23085","6207雷科","110/07/06","凱基-八德",0,5,-5
"23086","6207雷科","110/07/06","凱基-高雄",6,0,6
"23087","6207雷科","110/07/06","凱基-頭份",0,5,-5
"23088","6207雷科","110/07/06","富邦-彰化",6,0,6
"23089","6207雷科","110/07/06","合庫-新竹",0,4,-4
"23090","6207雷科","110/07/06","凱基-大安",5,0,5
"23091","6207雷科","110/07/06","新光-高雄",0,4,-4
"23092","3679新至陞","110/07/06","凱基",11,0,11
"23093","3679新至陞","110/07/06","摩根大通",0,22,-22
"23094","3679新至陞","110/07/06","台中銀-員林",11,1,10
"23095","3679新至陞","110/07/06","凱基-台北",6,21,-15
"23096","3679新至陞","110/07/06","安泰-大發",10,0,10
"23097","3679新至陞","110/07/06","瑞士信貸",0,13,-13
"23098","3679新至陞","110/07/06","香港上海匯豐",8,0,8
"23099","3679新至陞","110/07/06","富邦-苗栗",0,10,-10
"23100","3679新至陞","110/07/06","永豐金證券",8,2,6
"23101","3679新至陞","110/07/06","元大-永春",0,6,-6
"23102","3679新至陞","110/07/06","第一金-高雄",5,0,5
"23103","3679新至陞","110/07/06","凱基-興隆",0,5,-5
"23104","3679新至陞","110/07/06","群益金鼎-高盛",3,0,3
"23105","3679新至陞","110/07/06","國泰-桃園",0,3,-3
"23106","3679新至陞","110/07/06","元大-嘉義",3,0,3
"23107","3679新至陞","110/07/06","元大-萬華",2,5,-3
"23108","3679新至陞","110/07/06","臺銀-高雄",2,0,2
"23109","3679新至陞","110/07/06","美林",0,2,-2
"23110","3679新至陞","110/07/06","日盛-復興",2,0,2
"23111","3679新至陞","110/07/06","第一金-華江",0,2,-2
"23112","3679新至陞","110/07/06","日盛-樹林",4,2,2
"23113","3679新至陞","110/07/06","新光-台中",0,2,-2
"23114","3679新至陞","110/07/06","宏遠-館前",2,0,2
"23115","3679新至陞","110/07/06","華南永昌-民權",0,2,-2
"23116","3679新至陞","110/07/06","台新證券",2,0,2
"23117","3679新至陞","110/07/06","元大-板橋",0,2,-2
"23118","3679新至陞","110/07/06","康和-板橋",2,0,2
"23119","3679新至陞","110/07/06","日盛-板橋中山",0,1,-1
"23120","3679新至陞","110/07/06","群益金鼎-台南",2,0,2
"23121","3679新至陞","110/07/06","宏遠證券",0,1,-1
"23122","2727王品","110/07/06","元大證券",1033,729,304
"23123","2727王品","110/07/06","台灣摩根士丹利",35,184,-149
"23124","2727王品","110/07/06","富邦-台北",332,46,286
"23125","2727王品","110/07/06","元大-北屯",11,79,-68
"23126","2727王品","110/07/06","統一",252,43,209
"23127","2727王品","110/07/06","元富-敦南",4,70,-66
"23128","2727王品","110/07/06","永豐金-松山",147,14,133
"23129","2727王品","110/07/06","元大-基隆孝二",11,75,-64
"23130","2727王品","110/07/06","富邦-嘉義",301,198,103
"23131","2727王品","110/07/06","臺銀-臺南",9,69,-60
"23132","2727王品","110/07/06","新加坡商瑞銀",128,34,94
"23133","2727王品","110/07/06","中國信託-忠孝",5,48,-43
"23134","2727王品","110/07/06","元富-台南",97,6,91
"23135","2727王品","110/07/06","永豐金-市政",5,46,-41
"23136","2727王品","110/07/06","台新證券",169,105,64
"23137","2727王品","110/07/06","彰銀-台中",19,56,-37
"23138","2727王品","110/07/06","美林",115,58,57
"23139","2727王品","110/07/06","玉山證券",30,67,-37
"23140","2727王品","110/07/06","華南永昌",75,23,52
"23141","2727王品","110/07/06","凱基-埔墘",4,41,-37
"23142","2727王品","110/07/06","凱基-台北",445,398,47
"23143","2727王品","110/07/06","永豐金-大園",3,40,-37
"23144","2727王品","110/07/06","凱基-大直",48,7,41
"23145","2727王品","110/07/06","元富",2,37,-35
"23146","2727王品","110/07/06","凱基-林口",45,4,41
"23147","2727王品","110/07/06","富邦-仁愛",32,64,-32
"23148","2727王品","110/07/06","德信",40,1,39
"23149","2727王品","110/07/06","玉山-板橋",52,82,-30
"23150","2727王品","110/07/06","第一金",42,5,37
"23151","2727王品","110/07/06","中國信託-文心",10,39,-29
"23152","1570力肯","110/07/06","香港上海匯豐",47,0,47
"23153","1570力肯","110/07/06","新光",2,107,-105
"23154","1570力肯","110/07/06","元大-高雄",55,16,39
"23155","1570力肯","110/07/06","摩根大通",11,58,-47
"23156","1570力肯","110/07/06","元富-緯城",37,0,37
"23157","1570力肯","110/07/06","高橋",4,50,-46
"23158","1570力肯","110/07/06","台新-台南",16,0,16
"23159","1570力肯","110/07/06","合庫-桃園",0,20,-20
"23160","1570力肯","110/07/06","元大-新竹經國",14,0,14
"23161","1570力肯","110/07/06","永豐金-板盛",0,18,-18
"23162","1570力肯","110/07/06","富邦-左營",12,0,12
"23163","1570力肯","110/07/06","華南永昌-公誠",0,9,-9
"23164","1570力肯","110/07/06","國票-中正",12,2,10
"23165","1570力肯","110/07/06","凱基-台北",1,9,-8
"23166","1570力肯","110/07/06","國票-博愛",10,0,10
"23167","1570力肯","110/07/06","臺銀-臺中",0,6,-6
"23168","1570力肯","110/07/06","統一-敦南",12,5,7
"23169","1570力肯","110/07/06","台新-三民",0,5,-5
"23170","1570力肯","110/07/06","群益金鼎-三重",7,0,7
"23171","1570力肯","110/07/06","華南永昌-麻豆",0,5,-5
"23172","1570力肯","110/07/06","臺銀-臺南",6,0,6
"23173","1570力肯","110/07/06","合庫-台南",0,4,-4
"23174","1570力肯","110/07/06","大慶-蘆洲",6,0,6
"23175","1570力肯","110/07/06","統一-員林",0,4,-4
"23176","1570力肯","110/07/06","元富-新店",6,0,6
"23177","1570力肯","110/07/06","康和-澎湖",0,4,-4
"23178","1570力肯","110/07/06","玉山-雙和",7,1,6
"23179","1570力肯","110/07/06","華南永昌-斗六",0,4,-4
"23180","1570力肯","110/07/06","永豐金-敦南",9,3,6
"23181","1570力肯","110/07/06","元大-和平",0,4,-4
"23182","6180橘子","110/07/06","凱基-台北",72,12,60
"23183","6180橘子","110/07/06","臺銀-金山",5,105,-100
"23184","6180橘子","110/07/06","美林",29,0,29
"23185","6180橘子","110/07/06","元大-台中",0,100,-100
"23186","6180橘子","110/07/06","合庫-自強",21,0,21
"23187","6180橘子","110/07/06","康和-台南",3,50,-47
"23188","6180橘子","110/07/06","凱基-三峽",17,0,17
"23189","6180橘子","110/07/06","元大-中和",0,35,-35
"23190","6180橘子","110/07/06","富邦-虎尾",15,1,14
"23191","6180橘子","110/07/06","中國信託-忠孝",0,16,-16
"23192","6180橘子","110/07/06","元富-潮州",13,0,13
"23193","6180橘子","110/07/06","玉山-高雄",0,12,-12
"23194","6180橘子","110/07/06","中國信託-永康",13,0,13
"23195","6180橘子","110/07/06","港商野村",0,11,-11
"23196","6180橘子","110/07/06","元大-草屯",18,5,13
"23197","6180橘子","110/07/06","群益金鼎-松山",0,11,-11
"23198","6180橘子","110/07/06","臺銀",11,0,11
"23199","6180橘子","110/07/06","永豐金-豐原",0,11,-11
"23200","6180橘子","110/07/06","新光",15,4,11
"23201","6180橘子","110/07/06","元富-嘉義",5,15,-10
"23202","6180橘子","110/07/06","元大-竹東",11,0,11
"23203","6180橘子","110/07/06","玉山-士林",0,10,-10
"23204","6180橘子","110/07/06","宏遠-台中",10,0,10
"23205","6180橘子","110/07/06","凱基-北門",0,10,-10
"23206","6180橘子","110/07/06","第一金-台南",10,0,10
"23207","6180橘子","110/07/06","第一金-忠孝",0,9,-9
"23208","6180橘子","110/07/06","國泰-敦南",10,0,10
"23209","6180橘子","110/07/06","統一-基隆",0,9,-9
"23210","6180橘子","110/07/06","富邦-嘉義",10,0,10
"23211","6180橘子","110/07/06","安泰-大發",1,10,-9
"23212","2390云辰","110/07/06","元大-天母",975,276,699
"23213","2390云辰","110/07/06","台灣摩根士丹利",3,265,-262
"23214","2390云辰","110/07/06","摩根大通",688,312,376
"23215","2390云辰","110/07/06","群益金鼎-海山",3,166,-163
"23216","2390云辰","110/07/06","國泰-忠孝",164,3,161
"23217","2390云辰","110/07/06","國泰-敦南",188,339,-151
"23218","2390云辰","110/07/06","富邦-北港",140,7,133
"23219","2390云辰","110/07/06","元大-土城學府",12,119,-107
"23220","2390云辰","110/07/06","聯邦商銀",151,22,129
"23221","2390云辰","110/07/06","永豐金-高雄",4,103,-99
"23222","2390云辰","110/07/06","中國信託-文心",143,17,126
"23223","2390云辰","110/07/06","土銀-士林",0,94,-94
"23224","2390云辰","110/07/06","永豐金-中正",133,7,126
"23225","2390云辰","110/07/06","元大-佳里",11,91,-80
"23226","2390云辰","110/07/06","群益金鼎-大興",178,76,102
"23227","2390云辰","110/07/06","玉山-台中",10,86,-76
"23228","2390云辰","110/07/06","元富-中港",103,3,100
"23229","2390云辰","110/07/06","新光",251,324,-73
"23230","2390云辰","110/07/06","統一-新台中",104,12,92
"23231","2390云辰","110/07/06","富邦-敦南",29,101,-72
"23232","2390云辰","110/07/06","新加坡商瑞銀",211,120,91
"23233","2390云辰","110/07/06","兆豐-台中",0,58,-58
"23234","2390云辰","110/07/06","兆豐-忠孝",100,11,89
"23235","2390云辰","110/07/06","日盛證券",16,73,-57
"23236","2390云辰","110/07/06","凱基-林口",87,9,78
"23237","2390云辰","110/07/06","元大-東泰",5,61,-56
"23238","2390云辰","110/07/06","元富-西松",72,4,68
"23239","2390云辰","110/07/06","台新證券",136,190,-54
"23240","2390云辰","110/07/06","台新-左楠",66,9,57
"23241","2390云辰","110/07/06","元大-六合",10,63,-53
