"","stake","date","name","buy","sell","total"
"1","2363矽統","110/07/19","第一金-忠孝",210,0,210
"2","2363矽統","110/07/19","富邦-仁愛",32,575,-543
"3","2363矽統","110/07/19","中國信託-文心",191,9,182
"4","2363矽統","110/07/19","新加坡商瑞銀",53,486,-433
"5","2363矽統","110/07/19","華南永昌-鳳山",116,1,115
"6","2363矽統","110/07/19","摩根大通",42,320,-278
"7","2363矽統","110/07/19","元大-新竹",113,12,101
"8","2363矽統","110/07/19","元大-竹科",3,201,-198
"9","2363矽統","110/07/19","凱基-中山",89,1,88
"10","2363矽統","110/07/19","元大-成功",7,183,-176
"11","2363矽統","110/07/19","永豐金-嘉義",82,7,75
"12","2363矽統","110/07/19","凱基-大里",0,150,-150
"13","2363矽統","110/07/19","凱基-台南",72,4,68
"14","2363矽統","110/07/19","瑞士信貸",80,215,-135
"15","2363矽統","110/07/19","元富-城東",84,17,67
"16","2363矽統","110/07/19","日盛-新莊",4,135,-131
"17","2363矽統","110/07/19","群益金鼎-東湖",61,0,61
"18","2363矽統","110/07/19","宏遠-桃園",20,150,-130
"19","2363矽統","110/07/19","兆豐-中壢",55,0,55
"20","2363矽統","110/07/19","凱基-三重",7,107,-100
"21","2363矽統","110/07/19","康和-內湖",55,1,54
"22","2363矽統","110/07/19","凱基-台北",384,476,-92
"23","2363矽統","110/07/19","群益金鼎-桃園",55,2,53
"24","2363矽統","110/07/19","合庫-台中",3,84,-81
"25","2363矽統","110/07/19","群益金鼎-大興",50,0,50
"26","2363矽統","110/07/19","致和-金華",1,80,-79
"27","2363矽統","110/07/19","台新-台中",81,32,49
"28","2363矽統","110/07/19","凱基-員林",5,77,-72
"29","2363矽統","110/07/19","北城證券",58,10,48
"30","2363矽統","110/07/19","華南永昌-合泰",2,70,-68
"31","8112至上","110/07/19","摩根大通",1413,144,1269
"32","8112至上","110/07/19","凱基-三重",3,600,-597
"33","8112至上","110/07/19","凱基-台北",1053,266,787
"34","8112至上","110/07/19","元大-府城",0,165,-165
"35","8112至上","110/07/19","新加坡商瑞銀",523,2,521
"36","8112至上","110/07/19","台灣企銀-台中",0,150,-150
"37","8112至上","110/07/19","台灣摩根士丹利",487,8,479
"38","8112至上","110/07/19","(牛牛牛)亞-鑫豐",26,119,-93
"39","8112至上","110/07/19","美林",529,93,436
"40","8112至上","110/07/19","永豐金-台南",15,95,-80
"41","8112至上","110/07/19","港商野村",358,36,322
"42","8112至上","110/07/19","亞東-板橋",2,81,-79
"43","8112至上","110/07/19","美商高盛",276,3,273
"44","8112至上","110/07/19","陽信",0,70,-70
"45","8112至上","110/07/19","兆豐-公益",180,7,173
"46","8112至上","110/07/19","元富-佳里",0,69,-69
"47","8112至上","110/07/19","國泰-板橋",116,15,101
"48","8112至上","110/07/19","臺銀-鳳山",7,72,-65
"49","8112至上","110/07/19","凱基-新莊",100,1,99
"50","8112至上","110/07/19","兆豐-竹北",4,65,-61
"51","8112至上","110/07/19","凱基-市政",89,0,89
"52","8112至上","110/07/19","國泰-新莊",2,62,-60
"53","8112至上","110/07/19","玉山證券",73,7,66
"54","8112至上","110/07/19","元富-大裕",2,60,-58
"55","8112至上","110/07/19","花旗環球",64,0,64
"56","8112至上","110/07/19","臺灣企銀-桃園",0,55,-55
"57","8112至上","110/07/19","合庫-台中",55,3,52
"58","8112至上","110/07/19","康和-台南",4,59,-55
"59","8112至上","110/07/19","永豐金-中壢",50,1,49
"60","8112至上","110/07/19","第一金-華江",3,55,-52
"61","1570力肯","110/07/19","國票-北高雄",34,0,34
"62","1570力肯","110/07/19","合庫-三重",0,8,-8
"63","1570力肯","110/07/19","新光",30,3,27
"64","1570力肯","110/07/19","元大-高雄",0,8,-8
"65","1570力肯","110/07/19","凱基-台北",24,1,23
"66","1570力肯","110/07/19","合庫-台中",0,7,-7
"67","1570力肯","110/07/19","台灣摩根士丹利",7,0,7
"68","1570力肯","110/07/19","臺銀-臺中",0,6,-6
"69","1570力肯","110/07/19","元大-林森",5,0,5
"70","1570力肯","110/07/19","摩根大通",6,11,-5
"71","1570力肯","110/07/19","元大-士林",4,0,4
"72","1570力肯","110/07/19","元富-緯城",0,4,-4
"73","1570力肯","110/07/19","玉山證券",8,5,3
"74","1570力肯","110/07/19","玉山-台大",0,4,-4
"75","1570力肯","110/07/19","統一-城中",2,0,2
"76","1570力肯","110/07/19","群益金鼎-三重",0,4,-4
"77","1570力肯","110/07/19","元大-基隆孝二",2,0,2
"78","1570力肯","110/07/19","凱基-鳳山",1,5,-4
"79","1570力肯","110/07/19","土銀-建國",1,0,1
"80","1570力肯","110/07/19","元大-板橋",0,4,-4
"81","1570力肯","110/07/19","日盛-復興",1,0,1
"82","1570力肯","110/07/19","日盛-和美",0,3,-3
"83","1570力肯","110/07/19","瑞士信貸",1,0,1
"84","1570力肯","110/07/19","元富-新店",2,5,-3
"85","1570力肯","110/07/19","元富-四維",1,0,1
"86","1570力肯","110/07/19","元大-新莊",0,3,-3
"87","1570力肯","110/07/19","群益金鼎-北高雄",1,0,1
"88","1570力肯","110/07/19","永豐金-敦南",0,3,-3
"89","1570力肯","110/07/19","凱基-高美館",1,0,1
"90","1570力肯","110/07/19","永豐金-台中",0,3,-3
"91","2929淘帝","110/07/19","元大-民生",28,0,28
"92","2929淘帝","110/07/19","元大-六合",0,40,-40
"93","2929淘帝","110/07/19","宏遠-光隆",25,0,25
"94","2929淘帝","110/07/19","新光-新竹",0,35,-35
"95","2929淘帝","110/07/19","華南永昌-苗栗",20,0,20
"96","2929淘帝","110/07/19","新加坡商瑞銀",1,30,-29
"97","2929淘帝","110/07/19","元大-員林",20,0,20
"98","2929淘帝","110/07/19","永豐金-永康",0,27,-27
"99","2929淘帝","110/07/19","合庫-高雄",18,0,18
"100","2929淘帝","110/07/19","凱基-復興",0,24,-24
"101","2929淘帝","110/07/19","臺銀-鳳山",18,0,18
"102","2929淘帝","110/07/19","日盛-豐原",0,22,-22
"103","2929淘帝","110/07/19","日盛-雙和",17,0,17
"104","2929淘帝","110/07/19","富邦-南屯",1,22,-21
"105","2929淘帝","110/07/19","華南永昌-林口",15,0,15
"106","2929淘帝","110/07/19","新光",1,21,-20
"107","2929淘帝","110/07/19","元大-屏南",15,0,15
"108","2929淘帝","110/07/19","華南永昌",0,20,-20
"109","2929淘帝","110/07/19","台新-中壢",12,0,12
"110","2929淘帝","110/07/19","富邦-竹東",2,22,-20
"111","2929淘帝","110/07/19","新光-台中",11,0,11
"112","2929淘帝","110/07/19","凱基-士林",0,16,-16
"113","2929淘帝","110/07/19","凱基-台北",20,9,11
"114","2929淘帝","110/07/19","福勝",0,15,-15
"115","2929淘帝","110/07/19","富邦-台北",11,0,11
"116","2929淘帝","110/07/19","港商野村",25,37,-12
"117","2929淘帝","110/07/19","合庫-自強",10,0,10
"118","2929淘帝","110/07/19","群益金鼎-建成",0,11,-11
"119","2929淘帝","110/07/19","凱基-豐中",10,0,10
"120","2929淘帝","110/07/19","華南永昌-朴子",0,11,-11
"121","5410國眾","110/07/19","香港上海匯豐",28,0,28
"122","5410國眾","110/07/19","群益金鼎-內湖",0,80,-80
"123","5410國眾","110/07/19","大昌",26,0,26
"124","5410國眾","110/07/19","永豐金-屏東",0,14,-14
"125","5410國眾","110/07/19","兆豐-公益",20,0,20
"126","5410國眾","110/07/19","永豐金-南京",0,10,-10
"127","5410國眾","110/07/19","合庫-嘉義",10,0,10
"128","5410國眾","110/07/19","元大-內湖",0,9,-9
"129","5410國眾","110/07/19","台新-左楠",20,10,10
"130","5410國眾","110/07/19","富邦-永和",0,8,-8
"131","5410國眾","110/07/19","摩根大通",15,6,9
"132","5410國眾","110/07/19","日盛-景美",0,6,-6
"133","5410國眾","110/07/19","台灣企銀-民雄",8,0,8
"134","5410國眾","110/07/19","光和",1,7,-6
"135","5410國眾","110/07/19","元大-竹科",8,0,8
"136","5410國眾","110/07/19","元大-士林",0,6,-6
"137","5410國眾","110/07/19","凱基-台北",9,3,6
"138","5410國眾","110/07/19","新光-台中",0,5,-5
"139","5410國眾","110/07/19","元大-博愛",6,0,6
"140","5410國眾","110/07/19","元大-景美",0,5,-5
"141","5410國眾","110/07/19","台新-三民",5,0,5
"142","5410國眾","110/07/19","大慶-蘆洲",0,4,-4
"143","5410國眾","110/07/19","群益金鼎-中壢",5,0,5
"144","5410國眾","110/07/19","中國信託-新竹",0,4,-4
"145","5410國眾","110/07/19","群益金鼎-嘉義",5,0,5
"146","5410國眾","110/07/19","新光",6,10,-4
"147","5410國眾","110/07/19","日盛證券",4,0,4
"148","5410國眾","110/07/19","元大-基隆孝二",0,4,-4
"149","5410國眾","110/07/19","群益金鼎-新店",4,0,4
"150","5410國眾","110/07/19","土銀-台中",0,3,-3
"151","2841台開","110/07/19","元富-城東",150,0,150
"152","2841台開","110/07/19","日進",0,80,-80
"153","2841台開","110/07/19","中國信託-忠孝",80,0,80
"154","2841台開","110/07/19","港商野村",0,77,-77
"155","2841台開","110/07/19","凱基-台北",52,0,52
"156","2841台開","110/07/19","摩根大通",0,41,-41
"157","2841台開","110/07/19","美商高盛",48,0,48
"158","2841台開","110/07/19","元大-三重",1,38,-37
"159","2841台開","110/07/19","台中銀",43,0,43
"160","2841台開","110/07/19","元大-福營",0,30,-30
"161","2841台開","110/07/19","永豐金-豐原",32,0,32
"162","2841台開","110/07/19","新光",4,28,-24
"163","2841台開","110/07/19","豐農",20,0,20
"164","2841台開","110/07/19","元大-竹科",0,22,-22
"165","2841台開","110/07/19","台新-台中",30,10,20
"166","2841台開","110/07/19","永豐金-敦南",33,55,-22
"167","2841台開","110/07/19","華南永昌-新莊",20,0,20
"168","2841台開","110/07/19","日盛-二林",0,15,-15
"169","2841台開","110/07/19","第一金-台中",12,0,12
"170","2841台開","110/07/19","元富-虎尾",0,15,-15
"171","2841台開","110/07/19","國泰-台中",12,0,12
"172","2841台開","110/07/19","華南永昌-世貿",0,15,-15
"173","2841台開","110/07/19","日茂",10,0,10
"174","2841台開","110/07/19","統一-三多",0,12,-12
"175","2841台開","110/07/19","凱基-埔墘",10,0,10
"176","2841台開","110/07/19","台中銀-豐原",0,10,-10
"177","2841台開","110/07/19","永豐金-內湖",8,0,8
"178","2841台開","110/07/19","元大-頭份",0,10,-10
"179","2841台開","110/07/19","合庫-台中",7,0,7
"180","2841台開","110/07/19","合庫-台南",0,8,-8
"181","6207雷科","110/07/19","元富-信義",92,0,92
"182","6207雷科","110/07/19","新加坡商瑞銀",5,104,-99
"183","6207雷科","110/07/19","國泰證券",90,0,90
"184","6207雷科","110/07/19","富邦-彰化",2,97,-95
"185","6207雷科","110/07/19","元富-城中",80,4,76
"186","6207雷科","110/07/19","永豐金-內湖",6,85,-79
"187","6207雷科","110/07/19","元大-福營",71,5,66
"188","6207雷科","110/07/19","摩根大通",102,164,-62
"189","6207雷科","110/07/19","凱基-復興",60,0,60
"190","6207雷科","110/07/19","瑞士信貸",0,51,-51
"191","6207雷科","110/07/19","凱基-台北",91,46,45
"192","6207雷科","110/07/19","凱基-板橋",10,55,-45
"193","6207雷科","110/07/19","玉山-城中",42,0,42
"194","6207雷科","110/07/19","華南永昌-大安",0,40,-40
"195","6207雷科","110/07/19","華南永昌-長虹",40,0,40
"196","6207雷科","110/07/19","群益金鼎-東大",1,40,-39
"197","6207雷科","110/07/19","永豐金-羅東",38,0,38
"198","6207雷科","110/07/19","台新-高雄",15,47,-32
"199","6207雷科","110/07/19","日盛-忠孝",36,2,34
"200","6207雷科","110/07/19","玉山-嘉義",1,32,-31
"201","6207雷科","110/07/19","凱基-羅東",37,3,34
"202","6207雷科","110/07/19","凱基-中港",0,30,-30
"203","6207雷科","110/07/19","第一金-新竹",30,0,30
"204","6207雷科","110/07/19","元大-六合",7,36,-29
"205","6207雷科","110/07/19","玉山-數位",27,1,26
"206","6207雷科","110/07/19","元富-花蓮",0,28,-28
"207","6207雷科","110/07/19","凱基-長庚",22,0,22
"208","6207雷科","110/07/19","群益金鼎-瑞豐",6,34,-28
"209","6207雷科","110/07/19","台灣企銀-北高雄",20,0,20
"210","6207雷科","110/07/19","新百王",0,26,-26
"211","3679新至陞","110/07/19","元大-成功",7,0,7
"212","3679新至陞","110/07/19","群益金鼎-大安",0,15,-15
"213","3679新至陞","110/07/19","美商高盛",6,0,6
"214","3679新至陞","110/07/19","凱基-民權",0,10,-10
"215","3679新至陞","110/07/19","台新-高雄",5,0,5
"216","3679新至陞","110/07/19","元大-西門",0,10,-10
"217","3679新至陞","110/07/19","凱基-松山",5,0,5
"218","3679新至陞","110/07/19","瑞士信貸",0,6,-6
"219","3679新至陞","110/07/19","日盛-員林",4,0,4
"220","3679新至陞","110/07/19","兆豐-高雄",0,6,-6
"221","3679新至陞","110/07/19","台中銀-員林",4,0,4
"222","3679新至陞","110/07/19","群益金鼎",0,5,-5
"223","3679新至陞","110/07/19","(牛牛牛)亞-網路",3,0,3
"224","3679新至陞","110/07/19","元大-永春",0,4,-4
"225","3679新至陞","110/07/19","大昌-新店",3,0,3
"226","3679新至陞","110/07/19","凱基-台北",2,5,-3
"227","3679新至陞","110/07/19","凱基-埔墘",3,0,3
"228","3679新至陞","110/07/19","港商法國興業",0,2,-2
"229","3679新至陞","110/07/19","元大-板橋",3,0,3
"230","3679新至陞","110/07/19","摩根大通",2,4,-2
"231","3679新至陞","110/07/19","臺銀-金山",2,0,2
"232","3679新至陞","110/07/19","元大-金門",0,2,-2
"233","3679新至陞","110/07/19","日盛-樹林",2,0,2
"234","3679新至陞","110/07/19","元大-土城",0,2,-2
"235","3679新至陞","110/07/19","致和-東門",2,0,2
"236","3679新至陞","110/07/19","日盛-鳳山",0,1,-1
"237","3679新至陞","110/07/19","國票-敦北法人",2,0,2
"238","3679新至陞","110/07/19","美林",1,2,-1
"239","3679新至陞","110/07/19","台新證券",2,0,2
"240","3679新至陞","110/07/19","第一金",0,1,-1
"241","2727王品","110/07/19","台新證券",374,33,341
"242","2727王品","110/07/19","台灣摩根士丹利",25,188,-163
"243","2727王品","110/07/19","瑞士信貸",217,1,216
"244","2727王品","110/07/19","港商野村",74,198,-124
"245","2727王品","110/07/19","兆豐-南京",200,0,200
"246","2727王品","110/07/19","統一",6,80,-74
"247","2727王品","110/07/19","第一金",70,1,69
"248","2727王品","110/07/19","合庫-台中",8,79,-71
"249","2727王品","110/07/19","元大-小港",59,1,58
"250","2727王品","110/07/19","凱基-台北",178,231,-53
"251","2727王品","110/07/19","玉山-桃園",42,6,36
"252","2727王品","110/07/19","富邦-中壢",3,52,-49
"253","2727王品","110/07/19","永豐金-大園",31,0,31
"254","2727王品","110/07/19","凱基-永華",0,43,-43
"255","2727王品","110/07/19","兆豐-大安",30,0,30
"256","2727王品","110/07/19","土銀-台中",0,36,-36
"257","2727王品","110/07/19","美商高盛",38,15,23
"258","2727王品","110/07/19","美林",8,41,-33
"259","2727王品","110/07/19","康和-澎湖",23,1,22
"260","2727王品","110/07/19","中國信託-忠孝",1,33,-32
"261","2727王品","110/07/19","第一金-高雄",21,0,21
"262","2727王品","110/07/19","新光",31,61,-30
"263","2727王品","110/07/19","國票-內壢",21,0,21
"264","2727王品","110/07/19","第一金-豐原",0,26,-26
"265","2727王品","110/07/19","元大-桃興",19,3,16
"266","2727王品","110/07/19","富邦-彰化",0,26,-26
"267","2727王品","110/07/19","凱基-三重",16,1,15
"268","2727王品","110/07/19","摩根大通",78,97,-19
"269","2727王品","110/07/19","永豐金-南投",16,1,15
"270","2727王品","110/07/19","國泰證券",2,21,-19
"271","1570力肯","110/07/19","國票-北高雄",34,0,34
"272","1570力肯","110/07/19","合庫-三重",0,8,-8
"273","1570力肯","110/07/19","新光",30,3,27
"274","1570力肯","110/07/19","元大-高雄",0,8,-8
"275","1570力肯","110/07/19","凱基-台北",24,1,23
"276","1570力肯","110/07/19","合庫-台中",0,7,-7
"277","1570力肯","110/07/19","台灣摩根士丹利",7,0,7
"278","1570力肯","110/07/19","臺銀-臺中",0,6,-6
"279","1570力肯","110/07/19","元大-林森",5,0,5
"280","1570力肯","110/07/19","摩根大通",6,11,-5
"281","1570力肯","110/07/19","元大-士林",4,0,4
"282","1570力肯","110/07/19","元富-緯城",0,4,-4
"283","1570力肯","110/07/19","玉山證券",8,5,3
"284","1570力肯","110/07/19","玉山-台大",0,4,-4
"285","1570力肯","110/07/19","統一-城中",2,0,2
"286","1570力肯","110/07/19","群益金鼎-三重",0,4,-4
"287","1570力肯","110/07/19","元大-基隆孝二",2,0,2
"288","1570力肯","110/07/19","凱基-鳳山",1,5,-4
"289","1570力肯","110/07/19","土銀-建國",1,0,1
"290","1570力肯","110/07/19","元大-板橋",0,4,-4
"291","1570力肯","110/07/19","日盛-復興",1,0,1
"292","1570力肯","110/07/19","日盛-和美",0,3,-3
"293","1570力肯","110/07/19","瑞士信貸",1,0,1
"294","1570力肯","110/07/19","元富-新店",2,5,-3
"295","1570力肯","110/07/19","元富-四維",1,0,1
"296","1570力肯","110/07/19","元大-新莊",0,3,-3
"297","1570力肯","110/07/19","群益金鼎-北高雄",1,0,1
"298","1570力肯","110/07/19","永豐金-敦南",0,3,-3
"299","1570力肯","110/07/19","凱基-高美館",1,0,1
"300","1570力肯","110/07/19","永豐金-台中",0,3,-3
"301","6180橘子","110/07/19","兆豐證券",55,0,55
"302","6180橘子","110/07/19","石橋證券",0,80,-80
"303","6180橘子","110/07/19","凱基-台北",89,35,54
"304","6180橘子","110/07/19","永豐金-大園",2,50,-48
"305","6180橘子","110/07/19","合庫-自強",36,0,36
"306","6180橘子","110/07/19","群益金鼎-屏東",0,40,-40
"307","6180橘子","110/07/19","新光",50,25,25
"308","6180橘子","110/07/19","國泰-敦南",0,19,-19
"309","6180橘子","110/07/19","日盛-龍潭",20,0,20
"310","6180橘子","110/07/19","日盛-新竹",2,20,-18
"311","6180橘子","110/07/19","元大-斗信",16,1,15
"312","6180橘子","110/07/19","摩根大通",17,35,-18
"313","6180橘子","110/07/19","康和-台中",12,0,12
"314","6180橘子","110/07/19","富邦-陽明",0,17,-17
"315","6180橘子","110/07/19","國泰-台中",14,2,12
"316","6180橘子","110/07/19","美商高盛",11,27,-16
"317","6180橘子","110/07/19","富邦-嘉義",12,0,12
"318","6180橘子","110/07/19","統一-宜蘭",0,14,-14
"319","6180橘子","110/07/19","元大-草屯",12,0,12
"320","6180橘子","110/07/19","凱基-興隆",0,12,-12
"321","6180橘子","110/07/19","元富-桃園",11,0,11
"322","6180橘子","110/07/19","台中銀-豐原",1,11,-10
"323","6180橘子","110/07/19","兆豐-城中",10,0,10
"324","6180橘子","110/07/19","永豐金-豐原",0,10,-10
"325","6180橘子","110/07/19","元大-旗山",10,0,10
"326","6180橘子","110/07/19","永豐金-竹科",0,10,-10
"327","6180橘子","110/07/19","元大-大安",10,0,10
"328","6180橘子","110/07/19","臺銀-鳳山",1,10,-9
"329","6180橘子","110/07/19","大昌-新店",9,0,9
"330","6180橘子","110/07/19","群益金鼎-台南",0,9,-9
"331","2390云辰","110/07/19","摩根大通",1135,266,869
"332","2390云辰","110/07/19","元富-成功",15,119,-104
"333","2390云辰","110/07/19","台灣摩根士丹利",232,40,192
"334","2390云辰","110/07/19","元富-中港",5,101,-96
"335","2390云辰","110/07/19","凱基-台北",669,504,165
"336","2390云辰","110/07/19","元富-嘉義",5,85,-80
"337","2390云辰","110/07/19","美林",290,159,131
"338","2390云辰","110/07/19","美商高盛",11,62,-51
"339","2390云辰","110/07/19","統一",111,8,103
"340","2390云辰","110/07/19","群益金鼎-西松",4,54,-50
"341","2390云辰","110/07/19","元富-埔里",102,0,102
"342","2390云辰","110/07/19","聯邦商銀",0,48,-48
"343","2390云辰","110/07/19","華南永昌-台中",126,26,100
"344","2390云辰","110/07/19","元大-萬華",15,57,-42
"345","2390云辰","110/07/19","永豐金-豐原",100,32,68
"346","2390云辰","110/07/19","群益金鼎-高雄",2,42,-40
"347","2390云辰","110/07/19","台新-台南",87,25,62
"348","2390云辰","110/07/19","國泰-敦南",117,154,-37
"349","2390云辰","110/07/19","台新-左楠",67,11,56
"350","2390云辰","110/07/19","中國信託-文心",5,40,-35
"351","2390云辰","110/07/19","國泰-忠孝",52,0,52
"352","2390云辰","110/07/19","凱基-城中",16,51,-35
"353","2390云辰","110/07/19","台新證券",105,54,51
"354","2390云辰","110/07/19","瑞士信貸",0,31,-31
"355","2390云辰","110/07/19","華南永昌-頭份",53,3,50
"356","2390云辰","110/07/19","中國信託-永康",1,32,-31
"357","2390云辰","110/07/19","新光-台南",44,0,44
"358","2390云辰","110/07/19","統一-彰化",2,32,-30
"359","2390云辰","110/07/19","合庫-西台中",50,8,42
"360","2390云辰","110/07/19","元大-館前",7,37,-30
"361","2363矽統","110/07/16","國票-長城",461,21,440
"362","2363矽統","110/07/16","新加坡商瑞銀",155,482,-327
"363","2363矽統","110/07/16","凱基-豐中",201,3,198
"364","2363矽統","110/07/16","港商野村",253,546,-293
"365","2363矽統","110/07/16","凱基-土城",132,9,123
"366","2363矽統","110/07/16","摩根大通",116,401,-285
"367","2363矽統","110/07/16","台新證券",199,78,121
"368","2363矽統","110/07/16","瑞士信貸",291,533,-242
"369","2363矽統","110/07/16","日盛-中和",74,0,74
"370","2363矽統","110/07/16","日盛-竹北",19,248,-229
"371","2363矽統","110/07/16","日盛-員林",66,3,63
"372","2363矽統","110/07/16","臺銀-金山",4,211,-207
"373","2363矽統","110/07/16","國票-中和",60,3,57
"374","2363矽統","110/07/16","元大-大統",13,138,-125
"375","2363矽統","110/07/16","新光",240,184,56
"376","2363矽統","110/07/16","永豐金證券",11,125,-114
"377","2363矽統","110/07/16","富邦-竹東",65,9,56
"378","2363矽統","110/07/16","兆豐-民生",2,101,-99
"379","2363矽統","110/07/16","華南永昌-鳳山",56,1,55
"380","2363矽統","110/07/16","群益金鼎-松山",2,100,-98
"381","2363矽統","110/07/16","凱基-台北",520,466,54
"382","2363矽統","110/07/16","元大-花蓮",8,99,-91
"383","2363矽統","110/07/16","元富-城東",63,12,51
"384","2363矽統","110/07/16","華南永昌-虎尾",68,154,-86
"385","2363矽統","110/07/16","群益金鼎-桃園",56,5,51
"386","2363矽統","110/07/16","富邦-新竹華信",7,89,-82
"387","2363矽統","110/07/16","北城證券",60,10,50
"388","2363矽統","110/07/16","元大-佳里",3,81,-78
"389","2363矽統","110/07/16","國票-九鼎",57,7,50
"390","2363矽統","110/07/16","玉山-南京東路",0,73,-73
"391","8112至上","110/07/16","宏遠證券",551,6,545
"392","8112至上","110/07/16","玉山-桃園",42,318,-276
"393","8112至上","110/07/16","台灣摩根士丹利",317,11,306
"394","8112至上","110/07/16","美林",64,305,-241
"395","8112至上","110/07/16","新加坡商瑞銀",378,73,305
"396","8112至上","110/07/16","宏遠-館前",16,212,-196
"397","8112至上","110/07/16","凱基-台北",758,553,205
"398","8112至上","110/07/16","玉山-嘉義",19,95,-76
"399","8112至上","110/07/16","富邦證券",127,0,127
"400","8112至上","110/07/16","群益金鼎-三民",7,82,-75
"401","8112至上","110/07/16","台新證券",129,30,99
"402","8112至上","110/07/16","日盛-二林",1,73,-72
"403","8112至上","110/07/16","花旗環球",97,0,97
"404","8112至上","110/07/16","玉山-台大",8,76,-68
"405","8112至上","110/07/16","永豐金-台南",97,8,89
"406","8112至上","110/07/16","元富-台南",1,68,-67
"407","8112至上","110/07/16","元大-大天母",93,15,78
"408","8112至上","110/07/16","玉山-板橋",4,71,-67
"409","8112至上","110/07/16","亞東-板橋",72,2,70
"410","8112至上","110/07/16","臺灣企銀-埔墘",0,60,-60
"411","8112至上","110/07/16","永豐金-中正",64,9,55
"412","8112至上","110/07/16","華南永昌-鶯歌",11,64,-53
"413","8112至上","110/07/16","大昌-樹林",53,2,51
"414","8112至上","110/07/16","元大-士林",7,59,-52
"415","8112至上","110/07/16","凱基-永和",56,5,51
"416","8112至上","110/07/16","元富-新店",8,57,-49
"417","8112至上","110/07/16","兆豐-竹北",53,3,50
"418","8112至上","110/07/16","富邦-陽明",9,58,-49
"419","8112至上","110/07/16","日盛-豐原",48,0,48
"420","8112至上","110/07/16","元大-發財",0,49,-49
"421","1570力肯","110/07/16","新光",71,6,65
"422","1570力肯","110/07/16","元大-高雄",0,23,-23
"423","1570力肯","110/07/16","國票-北高雄",21,0,21
"424","1570力肯","110/07/16","合庫-台南",0,20,-20
"425","1570力肯","110/07/16","凱基-台北",17,1,16
"426","1570力肯","110/07/16","元富-新店",0,15,-15
"427","1570力肯","110/07/16","群益金鼎-高雄",15,0,15
"428","1570力肯","110/07/16","元大-東港",0,10,-10
"429","1570力肯","110/07/16","富邦-建國",10,0,10
"430","1570力肯","110/07/16","中國信託",0,7,-7
"431","1570力肯","110/07/16","元大-士林",5,0,5
"432","1570力肯","110/07/16","台新證券",0,6,-6
"433","1570力肯","110/07/16","瑞士信貸",3,0,3
"434","1570力肯","110/07/16","日盛-信義",0,5,-5
"435","1570力肯","110/07/16","臺銀-高雄",2,0,2
"436","1570力肯","110/07/16","宏遠-館前",0,5,-5
"437","1570力肯","110/07/16","華南永昌",2,0,2
"438","1570力肯","110/07/16","國泰-館前",0,5,-5
"439","1570力肯","110/07/16","元富-同大",1,0,1
"440","1570力肯","110/07/16","富邦-園區",0,5,-5
"441","1570力肯","110/07/16","兆豐-麻豆",1,0,1
"442","1570力肯","110/07/16","永豐金-中正",0,5,-5
"443","1570力肯","110/07/16","國泰-板橋",1,0,1
"444","1570力肯","110/07/16","(牛牛牛)亞-鑫豐",0,4,-4
"445","1570力肯","110/07/16","群益金鼎-東湖",1,0,1
"446","1570力肯","110/07/16","台中銀-員林",0,3,-3
"447","1570力肯","110/07/16","元大-東泰",1,0,1
"448","1570力肯","110/07/16","玉山-新莊",0,3,-3
"449","1570力肯","110/07/16","元大-南勢角",1,0,1
"450","1570力肯","110/07/16","凱基-長庚",0,3,-3
"451","2929淘帝","110/07/16","元大-民生",28,0,28
"452","2929淘帝","110/07/16","玉山-新竹",0,30,-30
"453","2929淘帝","110/07/16","元大-員林",20,0,20
"454","2929淘帝","110/07/16","合庫證券",0,20,-20
"455","2929淘帝","110/07/16","兆豐-桃鶯",12,0,12
"456","2929淘帝","110/07/16","元大-六合",0,20,-20
"457","2929淘帝","110/07/16","元大-大統",10,0,10
"458","2929淘帝","110/07/16","摩根大通",0,12,-12
"459","2929淘帝","110/07/16","新加坡商瑞銀",9,0,9
"460","2929淘帝","110/07/16","永興",0,6,-6
"461","2929淘帝","110/07/16","凱基-基隆",6,0,6
"462","2929淘帝","110/07/16","凱基-長庚",0,5,-5
"463","2929淘帝","110/07/16","合庫-高雄",5,0,5
"464","2929淘帝","110/07/16","群益金鼎-潭子",0,4,-4
"465","2929淘帝","110/07/16","台新-台中",6,1,5
"466","2929淘帝","110/07/16","華南永昌-小港",2,6,-4
"467","2929淘帝","110/07/16","元大-承德",5,0,5
"468","2929淘帝","110/07/16","華南永昌-虎尾",0,4,-4
"469","2929淘帝","110/07/16","元大-沙鹿",5,0,5
"470","2929淘帝","110/07/16","日盛-和美",0,3,-3
"471","2929淘帝","110/07/16","大慶-苗栗",5,1,4
"472","2929淘帝","110/07/16","彰銀",0,3,-3
"473","2929淘帝","110/07/16","台新-新營",4,0,4
"474","2929淘帝","110/07/16","港商野村",7,10,-3
"475","2929淘帝","110/07/16","凱基-台北",6,2,4
"476","2929淘帝","110/07/16","群益金鼎-中山",1,4,-3
"477","2929淘帝","110/07/16","兆豐-台中港",3,0,3
"478","2929淘帝","110/07/16","凱基-嘉義",0,3,-3
"479","2929淘帝","110/07/16","國票-北高雄",3,0,3
"480","2929淘帝","110/07/16","元大-斗信",0,3,-3
"481","5410國眾","110/07/16","盈溢-籬子內",49,0,49
"482","5410國眾","110/07/16","元大-博愛",0,41,-41
"483","5410國眾","110/07/16","香港上海匯豐",31,0,31
"484","5410國眾","110/07/16","元富-嘉義",0,20,-20
"485","5410國眾","110/07/16","元大-東泰",30,0,30
"486","5410國眾","110/07/16","國泰-桃園",0,18,-18
"487","5410國眾","110/07/16","兆豐-台中港",20,0,20
"488","5410國眾","110/07/16","元富",0,17,-17
"489","5410國眾","110/07/16","臺銀-臺南",11,0,11
"490","5410國眾","110/07/16","元大-新竹",0,14,-14
"491","5410國眾","110/07/16","富邦-新竹華信",11,0,11
"492","5410國眾","110/07/16","安泰-大發",0,11,-11
"493","5410國眾","110/07/16","臺銀",10,0,10
"494","5410國眾","110/07/16","大昌-樹林",0,10,-10
"495","5410國眾","110/07/16","凱基-台北",8,1,7
"496","5410國眾","110/07/16","群益金鼎-內湖",0,10,-10
"497","5410國眾","110/07/16","日盛-士林",5,0,5
"498","5410國眾","110/07/16","元大-樹林",0,10,-10
"499","5410國眾","110/07/16","新光-桃園",5,0,5
"500","5410國眾","110/07/16","元大-內湖",0,9,-9
"501","5410國眾","110/07/16","國泰-台南",5,0,5
"502","5410國眾","110/07/16","群益金鼎-永和",0,5,-5
"503","5410國眾","110/07/16","群益金鼎-嘉義",5,0,5
"504","5410國眾","110/07/16","凱基-屏東",0,5,-5
"505","5410國眾","110/07/16","元大-屏南",5,0,5
"506","5410國眾","110/07/16","統一-員林",0,4,-4
"507","5410國眾","110/07/16","日盛-員林",3,0,3
"508","5410國眾","110/07/16","國泰-松江",0,4,-4
"509","5410國眾","110/07/16","瑞士信貸",3,0,3
"510","5410國眾","110/07/16","凱基-台南",0,4,-4
"511","2841台開","110/07/16","日盛證券",250,0,250
"512","2841台開","110/07/16","元大-歸仁",0,590,-590
"513","2841台開","110/07/16","凱基-文心",204,0,204
"514","2841台開","110/07/16","摩根大通",0,245,-245
"515","2841台開","110/07/16","國泰-館前",114,0,114
"516","2841台開","110/07/16","日盛-信義",0,145,-145
"517","2841台開","110/07/16","永豐金-豐原",75,0,75
"518","2841台開","110/07/16","港商野村",0,103,-103
"519","2841台開","110/07/16","台新-台中",76,10,66
"520","2841台開","110/07/16","玉山-嘉義",5,54,-49
"521","2841台開","110/07/16","中國信託-文心",51,5,46
"522","2841台開","110/07/16","台新證券",22,63,-41
"523","2841台開","110/07/16","華南永昌-新莊",41,10,31
"524","2841台開","110/07/16","美商高盛",0,39,-39
"525","2841台開","110/07/16","富邦-嘉義",30,0,30
"526","2841台開","110/07/16","亞東-板橋",0,30,-30
"527","2841台開","110/07/16","新光",26,0,26
"528","2841台開","110/07/16","永豐金-北高雄",0,30,-30
"529","2841台開","110/07/16","富邦-板橋",25,0,25
"530","2841台開","110/07/16","日盛-忠孝",0,20,-20
"531","2841台開","110/07/16","新光-台中",22,0,22
"532","2841台開","110/07/16","元富-草屯",0,15,-15
"533","2841台開","110/07/16","元大-承德",22,0,22
"534","2841台開","110/07/16","永豐金-板新",0,12,-12
"535","2841台開","110/07/16","日盛-三重",20,0,20
"536","2841台開","110/07/16","第一金-華江",0,10,-10
"537","2841台開","110/07/16","日盛-新莊",20,0,20
"538","2841台開","110/07/16","兆豐-南京",0,10,-10
"539","2841台開","110/07/16","凱基-台南",20,0,20
"540","2841台開","110/07/16","國票-中港",0,10,-10
"541","6207雷科","110/07/16","統一-平鎮",215,4,211
"542","6207雷科","110/07/16","凱基-台北",344,628,-284
"543","6207雷科","110/07/16","凱基-復興",166,6,160
"544","6207雷科","110/07/16","新加坡商瑞銀",104,370,-266
"545","6207雷科","110/07/16","永豐金-南京",141,3,138
"546","6207雷科","110/07/16","摩根大通",193,430,-237
"547","6207雷科","110/07/16","永豐金-內湖",117,1,116
"548","6207雷科","110/07/16","富邦證券",0,150,-150
"549","6207雷科","110/07/16","日盛證券",104,2,102
"550","6207雷科","110/07/16","華南永昌-中正",26,169,-143
"551","6207雷科","110/07/16","群益金鼎-古亭",74,2,72
"552","6207雷科","110/07/16","凱基-敦北",1,142,-141
"553","6207雷科","110/07/16","群益金鼎-東門",76,12,64
"554","6207雷科","110/07/16","凱基-板橋",0,120,-120
"555","6207雷科","110/07/16","日盛-板橋",78,25,53
"556","6207雷科","110/07/16","元富-大昌",30,136,-106
"557","6207雷科","110/07/16","元大-斗六",57,6,51
"558","6207雷科","110/07/16","元大-北成功",26,97,-71
"559","6207雷科","110/07/16","元大-頭份",53,3,50
"560","6207雷科","110/07/16","新光-桃園",29,93,-64
"561","6207雷科","110/07/16","群益金鼎-東大",56,11,45
"562","6207雷科","110/07/16","新百王",27,90,-63
"563","6207雷科","110/07/16","永豐金-虎尾",50,8,42
"564","6207雷科","110/07/16","玉山-左營",16,72,-56
"565","6207雷科","110/07/16","元大-西門",39,1,38
"566","6207雷科","110/07/16","群益金鼎-中壢",3,54,-51
"567","6207雷科","110/07/16","凱基-竹科",38,1,37
"568","6207雷科","110/07/16","元富-中原",21,67,-46
"569","6207雷科","110/07/16","元富-世貿",50,15,35
"570","6207雷科","110/07/16","大昌-桃園",26,70,-44
"571","3679新至陞","110/07/16","元大-成功",17,1,16
"572","3679新至陞","110/07/16","國票-桃園",0,11,-11
"573","3679新至陞","110/07/16","玉山-台大",5,0,5
"574","3679新至陞","110/07/16","富邦-台北",0,10,-10
"575","3679新至陞","110/07/16","日盛-員林",4,0,4
"576","3679新至陞","110/07/16","富邦-苗栗",0,10,-10
"577","3679新至陞","110/07/16","凱基-台北",6,2,4
"578","3679新至陞","110/07/16","元大-永春",0,6,-6
"579","3679新至陞","110/07/16","台灣摩根士丹利",3,0,3
"580","3679新至陞","110/07/16","美林",0,5,-5
"581","3679新至陞","110/07/16","凱基-中山",3,0,3
"582","3679新至陞","110/07/16","瑞士信貸",3,7,-4
"583","3679新至陞","110/07/16","元大-承德",3,0,3
"584","3679新至陞","110/07/16","宏遠-館前",0,3,-3
"585","3679新至陞","110/07/16","元大-汐止",4,1,3
"586","3679新至陞","110/07/16","元大-東港",0,3,-3
"587","3679新至陞","110/07/16","日盛-大墩",2,0,2
"588","3679新至陞","110/07/16","元大證券",0,2,-2
"589","3679新至陞","110/07/16","玉山-城中",2,0,2
"590","3679新至陞","110/07/16","永豐金-板新",0,2,-2
"591","3679新至陞","110/07/16","華南永昌-內壢",2,0,2
"592","3679新至陞","110/07/16","臺銀-民權",0,1,-1
"593","3679新至陞","110/07/16","元大-台南",2,0,2
"594","3679新至陞","110/07/16","日盛-台中",0,1,-1
"595","3679新至陞","110/07/16","元大-大同",2,0,2
"596","3679新至陞","110/07/16","日盛-鳳山",0,1,-1
"597","3679新至陞","110/07/16","臺銀-高雄",1,0,1
"598","3679新至陞","110/07/16","元富-古亭",0,1,-1
"599","3679新至陞","110/07/16","日盛-樹林",1,0,1
"600","3679新至陞","110/07/16","元富-新興",0,1,-1
"601","2727王品","110/07/16","富邦證券",570,0,570
"602","2727王品","110/07/16","台新證券",27,77,-50
"603","2727王品","110/07/16","兆豐-南京",200,0,200
"604","2727王品","110/07/16","台灣摩根士丹利",4,47,-43
"605","2727王品","110/07/16","瑞士信貸",133,2,131
"606","2727王品","110/07/16","永豐金-大園",0,33,-33
"607","2727王品","110/07/16","美林",121,26,95
"608","2727王品","110/07/16","元大-北屯",0,32,-32
"609","2727王品","110/07/16","統一",103,43,60
"610","2727王品","110/07/16","富邦-南屯",1,30,-29
"611","2727王品","110/07/16","中國信託-忠孝",36,2,34
"612","2727王品","110/07/16","元大-基隆孝二",0,29,-29
"613","2727王品","110/07/16","元大證券",68,45,23
"614","2727王品","110/07/16","日盛-忠孝",4,30,-26
"615","2727王品","110/07/16","合庫-彰化",22,1,21
"616","2727王品","110/07/16","新光-新竹",1,21,-20
"617","2727王品","110/07/16","港商野村",126,105,21
"618","2727王品","110/07/16","凱基-台北",94,113,-19
"619","2727王品","110/07/16","元富-板橋",22,1,21
"620","2727王品","110/07/16","富邦-虎尾",1,19,-18
"621","2727王品","110/07/16","新加坡商瑞銀",36,18,18
"622","2727王品","110/07/16","元大-南京",0,17,-17
"623","2727王品","110/07/16","國泰證券",20,5,15
"624","2727王品","110/07/16","日盛-鳳山",2,18,-16
"625","2727王品","110/07/16","日盛-桃園",13,1,12
"626","2727王品","110/07/16","新光",34,50,-16
"627","2727王品","110/07/16","凱基-市政",12,1,11
"628","2727王品","110/07/16","富邦-台北",2,18,-16
"629","2727王品","110/07/16","元大-嘉義",14,3,11
"630","2727王品","110/07/16","國票-內壢",1,15,-14
"631","1570力肯","110/07/16","新光",71,6,65
"632","1570力肯","110/07/16","元大-高雄",0,23,-23
"633","1570力肯","110/07/16","國票-北高雄",21,0,21
"634","1570力肯","110/07/16","合庫-台南",0,20,-20
"635","1570力肯","110/07/16","凱基-台北",17,1,16
"636","1570力肯","110/07/16","元富-新店",0,15,-15
"637","1570力肯","110/07/16","群益金鼎-高雄",15,0,15
"638","1570力肯","110/07/16","元大-東港",0,10,-10
"639","1570力肯","110/07/16","富邦-建國",10,0,10
"640","1570力肯","110/07/16","中國信託",0,7,-7
"641","1570力肯","110/07/16","元大-士林",5,0,5
"642","1570力肯","110/07/16","台新證券",0,6,-6
"643","1570力肯","110/07/16","瑞士信貸",3,0,3
"644","1570力肯","110/07/16","日盛-信義",0,5,-5
"645","1570力肯","110/07/16","臺銀-高雄",2,0,2
"646","1570力肯","110/07/16","宏遠-館前",0,5,-5
"647","1570力肯","110/07/16","華南永昌",2,0,2
"648","1570力肯","110/07/16","國泰-館前",0,5,-5
"649","1570力肯","110/07/16","元富-同大",1,0,1
"650","1570力肯","110/07/16","富邦-園區",0,5,-5
"651","1570力肯","110/07/16","兆豐-麻豆",1,0,1
"652","1570力肯","110/07/16","永豐金-中正",0,5,-5
"653","1570力肯","110/07/16","國泰-板橋",1,0,1
"654","1570力肯","110/07/16","(牛牛牛)亞-鑫豐",0,4,-4
"655","1570力肯","110/07/16","群益金鼎-東湖",1,0,1
"656","1570力肯","110/07/16","台中銀-員林",0,3,-3
"657","1570力肯","110/07/16","元大-東泰",1,0,1
"658","1570力肯","110/07/16","玉山-新莊",0,3,-3
"659","1570力肯","110/07/16","元大-南勢角",1,0,1
"660","1570力肯","110/07/16","凱基-長庚",0,3,-3
"661","6180橘子","110/07/16","日盛-文化",71,5,66
"662","6180橘子","110/07/16","凱基-台北",110,238,-128
"663","6180橘子","110/07/16","新加坡商瑞銀",75,19,56
"664","6180橘子","110/07/16","摩根大通",77,161,-84
"665","6180橘子","110/07/16","瑞士信貸",51,0,51
"666","6180橘子","110/07/16","元富-高雄",0,62,-62
"667","6180橘子","110/07/16","台灣企銀-屏東",50,0,50
"668","6180橘子","110/07/16","美商高盛",0,40,-40
"669","6180橘子","110/07/16","元大-桃園",52,2,50
"670","6180橘子","110/07/16","合庫-自強",0,37,-37
"671","6180橘子","110/07/16","康和-台北",51,10,41
"672","6180橘子","110/07/16","美林",15,48,-33
"673","6180橘子","110/07/16","群益金鼎-屏東",61,20,41
"674","6180橘子","110/07/16","元富-四維",0,32,-32
"675","6180橘子","110/07/16","元大-彰化",33,2,31
"676","6180橘子","110/07/16","新光",63,92,-29
"677","6180橘子","110/07/16","台中銀-台北",30,0,30
"678","6180橘子","110/07/16","新光-台南",6,28,-22
"679","6180橘子","110/07/16","福勝",29,3,26
"680","6180橘子","110/07/16","港商野村",28,49,-21
"681","6180橘子","110/07/16","兆豐證券",21,0,21
"682","6180橘子","110/07/16","統一",2,23,-21
"683","6180橘子","110/07/16","華南永昌-頭份",20,0,20
"684","6180橘子","110/07/16","元大-豐原站前",3,21,-18
"685","6180橘子","110/07/16","富邦-台北",25,5,20
"686","6180橘子","110/07/16","豐農",3,20,-17
"687","6180橘子","110/07/16","富邦-員林",23,4,19
"688","6180橘子","110/07/16","安泰-大發",0,17,-17
"689","6180橘子","110/07/16","台新-新莊",20,2,18
"690","6180橘子","110/07/16","群益金鼎",2,19,-17
"691","2390云辰","110/07/16","兆豐-天母",642,7,635
"692","2390云辰","110/07/16","凱基",0,5007,-5007
"693","2390云辰","110/07/16","華南永昌-鳳山",339,35,304
"694","2390云辰","110/07/16","凱基-台北",1224,2306,-1082
"695","2390云辰","110/07/16","第一金-大稻埕",269,13,256
"696","2390云辰","110/07/16","元大證券",206,1177,-971
"697","2390云辰","110/07/16","國泰-敦南",665,427,238
"698","2390云辰","110/07/16","摩根大通",1073,1967,-894
"699","2390云辰","110/07/16","富邦-建國",272,50,222
"700","2390云辰","110/07/16","台灣摩根士丹利",232,671,-439
"701","2390云辰","110/07/16","元大-信義",180,15,165
"702","2390云辰","110/07/16","美林",187,496,-309
"703","2390云辰","110/07/16","瑞士信貸",155,0,155
"704","2390云辰","110/07/16","港商野村",680,950,-270
"705","2390云辰","110/07/16","台新證券",461,317,144
"706","2390云辰","110/07/16","永豐金-中正",18,170,-152
"707","2390云辰","110/07/16","兆豐-公益",148,11,137
"708","2390云辰","110/07/16","元富-板橋",30,169,-139
"709","2390云辰","110/07/16","元大-土城學府",197,61,136
"710","2390云辰","110/07/16","新加坡商瑞銀",61,175,-114
"711","2390云辰","110/07/16","元大-天母",232,122,110
"712","2390云辰","110/07/16","聯邦商銀",54,167,-113
"713","2390云辰","110/07/16","凱基-基隆",109,2,107
"714","2390云辰","110/07/16","群益金鼎-大甲",13,111,-98
"715","2390云辰","110/07/16","元富-成功",110,5,105
"716","2390云辰","110/07/16","統一-屏東",4,92,-88
"717","2390云辰","110/07/16","統一-新營",118,14,104
"718","2390云辰","110/07/16","凱基-大直",3,80,-77
"719","2390云辰","110/07/16","國泰-板橋",268,170,98
"720","2390云辰","110/07/16","元大-桃興",46,117,-71
"721","2363矽統","110/07/15","康和-台中",626,61,565
"722","2363矽統","110/07/15","新加坡商瑞銀",202,838,-636
"723","2363矽統","110/07/15","摩根大通",1271,932,339
"724","2363矽統","110/07/15","美林",185,720,-535
"725","2363矽統","110/07/15","瑞士信貸",530,230,300
"726","2363矽統","110/07/15","富邦-仁愛",60,583,-523
"727","2363矽統","110/07/15","宏遠-桃園",281,0,281
"728","2363矽統","110/07/15","元大-板橋",35,368,-333
"729","2363矽統","110/07/15","大展",252,19,233
"730","2363矽統","110/07/15","花旗環球",0,308,-308
"731","2363矽統","110/07/15","凱基-台北",683,498,185
"732","2363矽統","110/07/15","元富-成功",2,113,-111
"733","2363矽統","110/07/15","永豐金證券",166,11,155
"734","2363矽統","110/07/15","富邦-新營",23,132,-109
"735","2363矽統","110/07/15","群益金鼎",157,5,152
"736","2363矽統","110/07/15","臺銀-金山",197,304,-107
"737","2363矽統","110/07/15","新光",333,229,104
"738","2363矽統","110/07/15","日盛-二林",13,116,-103
"739","2363矽統","110/07/15","永豐金-台南",130,26,104
"740","2363矽統","110/07/15","台新-左楠",40,126,-86
"741","2363矽統","110/07/15","國票-南京",100,0,100
"742","2363矽統","110/07/15","康和-南崁",15,100,-85
"743","2363矽統","110/07/15","群益金鼎-松山",150,50,100
"744","2363矽統","110/07/15","永豐金-員林",9,91,-82
"745","2363矽統","110/07/15","中國信託-松江",103,5,98
"746","2363矽統","110/07/15","光和-嘉義",5,78,-73
"747","2363矽統","110/07/15","國票-新莊",187,92,95
"748","2363矽統","110/07/15","日盛-板橋中山",3,73,-70
"749","2363矽統","110/07/15","北城證券",216,126,90
"750","2363矽統","110/07/15","元大證券",10,75,-65
"751","8112至上","110/07/15","凱基-台北",535,32,503
"752","8112至上","110/07/15","群益金鼎-台南",0,116,-116
"753","8112至上","110/07/15","摩根大通",362,16,346
"754","8112至上","110/07/15","華南永昌-高雄",2,112,-110
"755","8112至上","110/07/15","台灣摩根士丹利",254,0,254
"756","8112至上","110/07/15","永豐金-台南",27,128,-101
"757","8112至上","110/07/15","花旗環球",159,0,159
"758","8112至上","110/07/15","元大-東蘆",2,73,-71
"759","8112至上","110/07/15","新加坡商瑞銀",95,2,93
"760","8112至上","110/07/15","美林",3,66,-63
"761","8112至上","110/07/15","玉山-嘉義",84,0,84
"762","8112至上","110/07/15","元大-館前",0,62,-62
"763","8112至上","110/07/15","新光",82,6,76
"764","8112至上","110/07/15","元富-信義",0,50,-50
"765","8112至上","110/07/15","瑞士信貸",80,7,73
"766","8112至上","110/07/15","台新證券",35,82,-47
"767","8112至上","110/07/15","美商高盛",64,0,64
"768","8112至上","110/07/15","大慶-蘆洲",7,53,-46
"769","8112至上","110/07/15","兆豐-小港",56,0,56
"770","8112至上","110/07/15","國票-天祥",0,45,-45
"771","8112至上","110/07/15","永豐金-內湖",60,11,49
"772","8112至上","110/07/15","凱基-中山",1,45,-44
"773","8112至上","110/07/15","永豐金-南投",46,1,45
"774","8112至上","110/07/15","元大-士林",0,43,-43
"775","8112至上","110/07/15","凱基-三重",40,0,40
"776","8112至上","110/07/15","玉山-城中",4,44,-40
"777","8112至上","110/07/15","台灣企銀",29,0,29
"778","8112至上","110/07/15","凱基-彰化",0,39,-39
"779","8112至上","110/07/15","元大-府城",42,14,28
"780","8112至上","110/07/15","元富-花蓮",2,40,-38
"781","1570力肯","110/07/15","群益金鼎-高雄",40,0,40
"782","1570力肯","110/07/15","元大-高雄",0,12,-12
"783","1570力肯","110/07/15","新光",40,8,32
"784","1570力肯","110/07/15","永豐金-中正",0,10,-10
"785","1570力肯","110/07/15","凱基-台北",20,2,18
"786","1570力肯","110/07/15","國泰-松江",0,9,-9
"787","1570力肯","110/07/15","凱基-天母",6,0,6
"788","1570力肯","110/07/15","台新證券",0,8,-8
"789","1570力肯","110/07/15","元富-新店",5,0,5
"790","1570力肯","110/07/15","玉山證券",0,7,-7
"791","1570力肯","110/07/15","凱基-中港",5,0,5
"792","1570力肯","110/07/15","元大-府城",0,7,-7
"793","1570力肯","110/07/15","富邦-園區",5,0,5
"794","1570力肯","110/07/15","元大-板橋",0,6,-6
"795","1570力肯","110/07/15","瑞士信貸",4,0,4
"796","1570力肯","110/07/15","日盛-信義",0,5,-5
"797","1570力肯","110/07/15","第一金-路竹",3,0,3
"798","1570力肯","110/07/15","國票-和平",0,5,-5
"799","1570力肯","110/07/15","摩根大通",3,0,3
"800","1570力肯","110/07/15","元大-民雄",0,5,-5
"801","1570力肯","110/07/15","凱基-桃園",3,0,3
"802","1570力肯","110/07/15","統一-台中",0,4,-4
"803","1570力肯","110/07/15","永豐金-苓雅",3,0,3
"804","1570力肯","110/07/15","玉山-雙和",0,4,-4
"805","1570力肯","110/07/15","統一-員林",2,0,2
"806","1570力肯","110/07/15","凱基-敦北",0,4,-4
"807","1570力肯","110/07/15","元大-永春",2,0,2
"808","1570力肯","110/07/15","富邦-新店",0,4,-4
"809","1570力肯","110/07/15","元大-土城永寧",2,0,2
"810","1570力肯","110/07/15","日盛-板橋",0,3,-3
"811","2929淘帝","110/07/15","港商野村",58,4,54
"812","2929淘帝","110/07/15","日盛-園區",0,25,-25
"813","2929淘帝","110/07/15","元大-民生",29,0,29
"814","2929淘帝","110/07/15","兆豐-南京",0,20,-20
"815","2929淘帝","110/07/15","新加坡商瑞銀",22,1,21
"816","2929淘帝","110/07/15","玉山-高雄",0,18,-18
"817","2929淘帝","110/07/15","凱基-台北",20,2,18
"818","2929淘帝","110/07/15","富邦-南屯",1,15,-14
"819","2929淘帝","110/07/15","大慶-中壢",15,1,14
"820","2929淘帝","110/07/15","富邦-員林",0,13,-13
"821","2929淘帝","110/07/15","日盛-和美",10,0,10
"822","2929淘帝","110/07/15","凱基-站前",0,10,-10
"823","2929淘帝","110/07/15","元大-員林",10,0,10
"824","2929淘帝","110/07/15","元大-台中",0,10,-10
"825","2929淘帝","110/07/15","凱基-基隆",6,0,6
"826","2929淘帝","110/07/15","美林",10,19,-9
"827","2929淘帝","110/07/15","臺銀-鳳山",5,0,5
"828","2929淘帝","110/07/15","元大-新盛",0,8,-8
"829","2929淘帝","110/07/15","第一金-路竹",5,0,5
"830","2929淘帝","110/07/15","台新-台南",0,7,-7
"831","2929淘帝","110/07/15","元富-大裕",5,0,5
"832","2929淘帝","110/07/15","元大-大天母",0,7,-7
"833","2929淘帝","110/07/15","玉山-大里",5,0,5
"834","2929淘帝","110/07/15","華南永昌-虎尾",0,6,-6
"835","2929淘帝","110/07/15","元大-博愛",5,0,5
"836","2929淘帝","110/07/15","永豐金證券",0,6,-6
"837","2929淘帝","110/07/15","永豐金-新莊",5,0,5
"838","2929淘帝","110/07/15","兆豐-竹北",0,5,-5
"839","2929淘帝","110/07/15","元大-南崁",4,0,4
"840","2929淘帝","110/07/15","元大-文心興安",0,5,-5
"841","5410國眾","110/07/15","香港上海匯豐",18,0,18
"842","5410國眾","110/07/15","元大-南屯",0,18,-18
"843","5410國眾","110/07/15","摩根大通",15,0,15
"844","5410國眾","110/07/15","亞東-新竹",0,15,-15
"845","5410國眾","110/07/15","日盛-士林",10,0,10
"846","5410國眾","110/07/15","兆豐-台中港",0,15,-15
"847","5410國眾","110/07/15","群益金鼎-嘉義",10,0,10
"848","5410國眾","110/07/15","日盛-板橋",0,12,-12
"849","5410國眾","110/07/15","元大-高雄",10,0,10
"850","5410國眾","110/07/15","台中銀-豐原",0,9,-9
"851","5410國眾","110/07/15","元大-東港",10,0,10
"852","5410國眾","110/07/15","臺銀-臺南",3,10,-7
"853","5410國眾","110/07/15","臺銀",10,5,5
"854","5410國眾","110/07/15","瑞士信貸",0,5,-5
"855","5410國眾","110/07/15","台新-新營",5,0,5
"856","5410國眾","110/07/15","統一-員林",0,5,-5
"857","5410國眾","110/07/15","富邦-台北",5,0,5
"858","5410國眾","110/07/15","大昌-樹林",0,5,-5
"859","5410國眾","110/07/15","日盛-屏東",4,0,4
"860","5410國眾","110/07/15","兆豐-來福",0,5,-5
"861","5410國眾","110/07/15","高橋",5,1,4
"862","5410國眾","110/07/15","豐農",0,5,-5
"863","5410國眾","110/07/15","中國信託-新竹",4,1,3
"864","5410國眾","110/07/15","元大-大里",0,5,-5
"865","5410國眾","110/07/15","富邦-建國",3,0,3
"866","5410國眾","110/07/15","港商野村",0,3,-3
"867","5410國眾","110/07/15","永豐金-桃園",3,0,3
"868","5410國眾","110/07/15","中農",0,3,-3
"869","5410國眾","110/07/15","大展",2,0,2
"870","5410國眾","110/07/15","國泰-忠孝",0,3,-3
"871","2841台開","110/07/15","日盛證券",310,0,310
"872","2841台開","110/07/15","港商野村",0,97,-97
"873","2841台開","110/07/15","元富-城東",100,0,100
"874","2841台開","110/07/15","元大-員林",0,77,-77
"875","2841台開","110/07/15","凱基-文心",30,0,30
"876","2841台開","110/07/15","新光",3,73,-70
"877","2841台開","110/07/15","日盛-雙和",24,0,24
"878","2841台開","110/07/15","永豐金-北高雄",0,30,-30
"879","2841台開","110/07/15","第一金-台中",20,0,20
"880","2841台開","110/07/15","華南永昌",0,25,-25
"881","2841台開","110/07/15","豐農",20,0,20
"882","2841台開","110/07/15","日盛-台南",0,20,-20
"883","2841台開","110/07/15","華南永昌-新莊",19,0,19
"884","2841台開","110/07/15","致和-佳里",0,20,-20
"885","2841台開","110/07/15","玉山-大里",12,0,12
"886","2841台開","110/07/15","國票-中港",0,20,-20
"887","2841台開","110/07/15","元富-安南",10,0,10
"888","2841台開","110/07/15","元大-歸仁",0,20,-20
"889","2841台開","110/07/15","凱基-市政",10,0,10
"890","2841台開","110/07/15","統一-三多",0,19,-19
"891","2841台開","110/07/15","凱基-竹科",10,0,10
"892","2841台開","110/07/15","凱基-城中",0,18,-18
"893","2841台開","110/07/15","國泰-板橋",10,1,9
"894","2841台開","110/07/15","國票-中和",0,15,-15
"895","2841台開","110/07/15","凱基-台北",9,0,9
"896","2841台開","110/07/15","元大-彰化",0,15,-15
"897","2841台開","110/07/15","合庫證券",6,0,6
"898","2841台開","110/07/15","元大-復北",0,15,-15
"899","2841台開","110/07/15","台中銀",6,0,6
"900","2841台開","110/07/15","土銀-花蓮",0,14,-14
"901","6207雷科","110/07/15","凱基-板橋",210,45,165
"902","6207雷科","110/07/15","群益金鼎-台北",20,80,-60
"903","6207雷科","110/07/15","富邦證券",150,0,150
"904","6207雷科","110/07/15","元大-大天母",1,56,-55
"905","6207雷科","110/07/15","凱基-復興",140,0,140
"906","6207雷科","110/07/15","大慶-中壢",2,50,-48
"907","6207雷科","110/07/15","華南永昌-中正",140,0,140
"908","6207雷科","110/07/15","元富-林園",0,47,-47
"909","6207雷科","110/07/15","永豐金-內湖",92,10,82
"910","6207雷科","110/07/15","元大-東門",0,40,-40
"911","6207雷科","110/07/15","富邦-彰化",81,11,70
"912","6207雷科","110/07/15","第一金-安和",0,37,-37
"913","6207雷科","110/07/15","(牛牛牛)亞-網路",67,0,67
"914","6207雷科","110/07/15","凱基-台北",61,97,-36
"915","6207雷科","110/07/15","台新證券",60,8,52
"916","6207雷科","110/07/15","國票-南科",0,32,-32
"917","6207雷科","110/07/15","華南永昌",50,3,47
"918","6207雷科","110/07/15","元大-四維",0,32,-32
"919","6207雷科","110/07/15","新加坡商瑞銀",68,26,42
"920","6207雷科","110/07/15","元大-板橋",0,30,-30
"921","6207雷科","110/07/15","日盛-景美",40,0,40
"922","6207雷科","110/07/15","元大-南崁",1,30,-29
"923","6207雷科","110/07/15","元富-大昌",40,0,40
"924","6207雷科","110/07/15","凱基-岡山",0,27,-27
"925","6207雷科","110/07/15","統一-高雄",38,5,33
"926","6207雷科","110/07/15","統一-新竹",0,26,-26
"927","6207雷科","110/07/15","日盛證券",32,0,32
"928","6207雷科","110/07/15","群益金鼎-三民",1,27,-26
"929","6207雷科","110/07/15","華南永昌-頭份",31,0,31
"930","6207雷科","110/07/15","國票-台中",0,25,-25
"931","3679新至陞","110/07/15","群益金鼎-大安",25,0,25
"932","3679新至陞","110/07/15","元大-成功",0,10,-10
"933","3679新至陞","110/07/15","元大-彰化",13,0,13
"934","3679新至陞","110/07/15","群益金鼎-東大",0,8,-8
"935","3679新至陞","110/07/15","國票-桃園",10,0,10
"936","3679新至陞","110/07/15","凱基-台北",4,12,-8
"937","3679新至陞","110/07/15","群益金鼎-台南",10,0,10
"938","3679新至陞","110/07/15","第一金-華江",0,5,-5
"939","3679新至陞","110/07/15","華南永昌-台中",10,0,10
"940","3679新至陞","110/07/15","兆豐-來福",0,5,-5
"941","3679新至陞","110/07/15","港商野村",9,0,9
"942","3679新至陞","110/07/15","元大-北三重",0,5,-5
"943","3679新至陞","110/07/15","元大-永春",6,0,6
"944","3679新至陞","110/07/15","瑞士信貸",0,4,-4
"945","3679新至陞","110/07/15","(牛牛牛)亞-網路",5,0,5
"946","3679新至陞","110/07/15","新加坡商瑞銀",0,4,-4
"947","3679新至陞","110/07/15","凱基-高雄",5,0,5
"948","3679新至陞","110/07/15","元大-汐止",0,4,-4
"949","3679新至陞","110/07/15","美商高盛",6,2,4
"950","3679新至陞","110/07/15","台中銀-員林",0,3,-3
"951","3679新至陞","110/07/15","台新證券",3,1,2
"952","3679新至陞","110/07/15","兆豐-忠孝",0,3,-3
"953","3679新至陞","110/07/15","群益金鼎-大興",2,0,2
"954","3679新至陞","110/07/15","玉山-新莊",0,3,-3
"955","3679新至陞","110/07/15","元大-六合",2,0,2
"956","3679新至陞","110/07/15","永豐金-屏東",0,3,-3
"957","3679新至陞","110/07/15","彰銀",1,0,1
"958","3679新至陞","110/07/15","永豐金-敦南",0,3,-3
"959","3679新至陞","110/07/15","美林",2,1,1
"960","3679新至陞","110/07/15","永豐金-萬盛",0,3,-3
"961","2727王品","110/07/15","兆豐-南京",101,0,101
"962","2727王品","110/07/15","富邦-左營",0,102,-102
"963","2727王品","110/07/15","港商野村",166,73,93
"964","2727王品","110/07/15","日盛-忠孝",2,32,-30
"965","2727王品","110/07/15","瑞士信貸",97,8,89
"966","2727王品","110/07/15","群益金鼎-古亭",2,24,-22
"967","2727王品","110/07/15","玉山證券",56,12,44
"968","2727王品","110/07/15","日盛-八德",0,21,-21
"969","2727王品","110/07/15","第一金-高雄",43,1,42
"970","2727王品","110/07/15","元大-新盛",2,23,-21
"971","2727王品","110/07/15","台新證券",74,45,29
"972","2727王品","110/07/15","摩根大通",53,72,-19
"973","2727王品","110/07/15","康和-澎湖",27,0,27
"974","2727王品","110/07/15","富邦-彰化",8,26,-18
"975","2727王品","110/07/15","富邦-陽明",31,4,27
"976","2727王品","110/07/15","富邦-台中",7,24,-17
"977","2727王品","110/07/15","國票-北高雄",27,1,26
"978","2727王品","110/07/15","新加坡商瑞銀",13,29,-16
"979","2727王品","110/07/15","國泰-板橋",38,12,26
"980","2727王品","110/07/15","國泰-敦南",35,50,-15
"981","2727王品","110/07/15","凱基-興隆",23,0,23
"982","2727王品","110/07/15","元大-龍潭",0,14,-14
"983","2727王品","110/07/15","凱基-板橋",29,7,22
"984","2727王品","110/07/15","中國信託-文心",8,21,-13
"985","2727王品","110/07/15","合庫-彰化",21,0,21
"986","2727王品","110/07/15","永豐金-竹科",2,15,-13
"987","2727王品","110/07/15","土銀-南港",20,0,20
"988","2727王品","110/07/15","臺銀-臺南",2,14,-12
"989","2727王品","110/07/15","美林",37,18,19
"990","2727王品","110/07/15","凱基-台北",56,68,-12
"991","1570力肯","110/07/15","群益金鼎-高雄",40,0,40
"992","1570力肯","110/07/15","元大-高雄",0,12,-12
"993","1570力肯","110/07/15","新光",40,8,32
"994","1570力肯","110/07/15","永豐金-中正",0,10,-10
"995","1570力肯","110/07/15","凱基-台北",20,2,18
"996","1570力肯","110/07/15","國泰-松江",0,9,-9
"997","1570力肯","110/07/15","凱基-天母",6,0,6
"998","1570力肯","110/07/15","台新證券",0,8,-8
"999","1570力肯","110/07/15","元富-新店",5,0,5
"1000","1570力肯","110/07/15","玉山證券",0,7,-7
"1001","1570力肯","110/07/15","凱基-中港",5,0,5
"1002","1570力肯","110/07/15","元大-府城",0,7,-7
"1003","1570力肯","110/07/15","富邦-園區",5,0,5
"1004","1570力肯","110/07/15","元大-板橋",0,6,-6
"1005","1570力肯","110/07/15","瑞士信貸",4,0,4
"1006","1570力肯","110/07/15","日盛-信義",0,5,-5
"1007","1570力肯","110/07/15","第一金-路竹",3,0,3
"1008","1570力肯","110/07/15","國票-和平",0,5,-5
"1009","1570力肯","110/07/15","摩根大通",3,0,3
"1010","1570力肯","110/07/15","元大-民雄",0,5,-5
"1011","1570力肯","110/07/15","凱基-桃園",3,0,3
"1012","1570力肯","110/07/15","統一-台中",0,4,-4
"1013","1570力肯","110/07/15","永豐金-苓雅",3,0,3
"1014","1570力肯","110/07/15","玉山-雙和",0,4,-4
"1015","1570力肯","110/07/15","統一-員林",2,0,2
"1016","1570力肯","110/07/15","凱基-敦北",0,4,-4
"1017","1570力肯","110/07/15","元大-永春",2,0,2
"1018","1570力肯","110/07/15","富邦-新店",0,4,-4
"1019","1570力肯","110/07/15","元大-土城永寧",2,0,2
"1020","1570力肯","110/07/15","日盛-板橋",0,3,-3
"1021","6180橘子","110/07/15","兆豐證券",130,0,130
"1022","6180橘子","110/07/15","港商野村",21,137,-116
"1023","6180橘子","110/07/15","摩根大通",111,0,111
"1024","6180橘子","110/07/15","高橋",0,40,-40
"1025","6180橘子","110/07/15","石橋證券",80,0,80
"1026","6180橘子","110/07/15","臺銀",1,40,-39
"1027","6180橘子","110/07/15","凱基-台北",78,26,52
"1028","6180橘子","110/07/15","玉山-桃園",0,35,-35
"1029","6180橘子","110/07/15","新加坡商瑞銀",38,1,37
"1030","6180橘子","110/07/15","玉山-台南",2,33,-31
"1031","6180橘子","110/07/15","富邦-員林",32,0,32
"1032","6180橘子","110/07/15","統一-南京",0,30,-30
"1033","6180橘子","110/07/15","日盛-文化",23,0,23
"1034","6180橘子","110/07/15","康和-台南",0,25,-25
"1035","6180橘子","110/07/15","元富-新店",20,0,20
"1036","6180橘子","110/07/15","大昌-樹林",0,22,-22
"1037","6180橘子","110/07/15","美林",15,0,15
"1038","6180橘子","110/07/15","康和-新竹",0,20,-20
"1039","6180橘子","110/07/15","新光-新竹",17,2,15
"1040","6180橘子","110/07/15","群益金鼎-台中",0,20,-20
"1041","6180橘子","110/07/15","富邦-嘉義",12,0,12
"1042","6180橘子","110/07/15","元大-彰化民生",0,18,-18
"1043","6180橘子","110/07/15","花旗環球",11,0,11
"1044","6180橘子","110/07/15","元大-草屯",0,16,-16
"1045","6180橘子","110/07/15","第一金-新興",11,0,11
"1046","6180橘子","110/07/15","元富-潮州",0,13,-13
"1047","6180橘子","110/07/15","第一金-桃園",10,0,10
"1048","6180橘子","110/07/15","宏遠-台南",0,11,-11
"1049","6180橘子","110/07/15","永興",10,0,10
"1050","6180橘子","110/07/15","大慶-泰山",0,10,-10
"1051","2390云辰","110/07/15","凱基",5007,0,5007
"1052","2390云辰","110/07/15","凱基-台北",382,616,-234
"1053","2390云辰","110/07/15","元大證券",1006,25,981
"1054","2390云辰","110/07/15","富邦-陽明",69,265,-196
"1055","2390云辰","110/07/15","元大-天母",456,20,436
"1056","2390云辰","110/07/15","永豐金-桃園",63,255,-192
"1057","2390云辰","110/07/15","港商野村",975,675,300
"1058","2390云辰","110/07/15","富邦-仁愛",17,187,-170
"1059","2390云辰","110/07/15","摩根大通",1318,1040,278
"1060","2390云辰","110/07/15","日盛-和美",2,165,-163
"1061","2390云辰","110/07/15","國票-博愛",184,7,177
"1062","2390云辰","110/07/15","國泰-敦南",142,290,-148
"1063","2390云辰","110/07/15","群益金鼎-大甲",113,13,100
"1064","2390云辰","110/07/15","台灣摩根士丹利",51,197,-146
"1065","2390云辰","110/07/15","凱基-大直",89,2,87
"1066","2390云辰","110/07/15","國票-嘉義",4,148,-144
"1067","2390云辰","110/07/15","玉山-台中",77,8,69
"1068","2390云辰","110/07/15","台中銀",8,139,-131
"1069","2390云辰","110/07/15","聯邦商銀",70,4,66
"1070","2390云辰","110/07/15","元大-彰化民生",7,138,-131
"1071","2390云辰","110/07/15","元大-大里",88,25,63
"1072","2390云辰","110/07/15","元富-成功",2,111,-109
"1073","2390云辰","110/07/15","富邦-嘉義",542,480,62
"1074","2390云辰","110/07/15","元大-東泰",3,106,-103
"1075","2390云辰","110/07/15","新加坡商瑞銀",158,97,61
"1076","2390云辰","110/07/15","合庫-三重",1,102,-101
"1077","2390云辰","110/07/15","華南永昌-台中",86,35,51
"1078","2390云辰","110/07/15","元富-大裕",4,87,-83
"1079","2390云辰","110/07/15","群益金鼎",51,6,45
"1080","2390云辰","110/07/15","凱基-和平",17,96,-79
"1081","2363矽統","110/07/14","台灣摩根士丹利",463,0,463
"1082","2363矽統","110/07/14","新加坡商瑞銀",568,1321,-753
"1083","2363矽統","110/07/14","台新證券",750,342,408
"1084","2363矽統","110/07/14","瑞士信貸",149,864,-715
"1085","2363矽統","110/07/14","玉山-台中",363,51,312
"1086","2363矽統","110/07/14","台新-屏東",115,380,-265
"1087","2363矽統","110/07/14","元大-斗六",223,25,198
"1088","2363矽統","110/07/14","永豐金證券",16,265,-249
"1089","2363矽統","110/07/14","華南永昌-朴子",208,38,170
"1090","2363矽統","110/07/14","美林",462,701,-239
"1091","2363矽統","110/07/14","元富-西松",169,12,157
"1092","2363矽統","110/07/14","宏遠-桃園",269,500,-231
"1093","2363矽統","110/07/14","永豐金-大園",146,6,140
"1094","2363矽統","110/07/14","凱基-竹北",36,254,-218
"1095","2363矽統","110/07/14","土銀-和平",134,0,134
"1096","2363矽統","110/07/14","港商法國興業",0,214,-214
"1097","2363矽統","110/07/14","富邦-新營",130,13,117
"1098","2363矽統","110/07/14","港商野村",835,1044,-209
"1099","2363矽統","110/07/14","元富-成功",118,11,107
"1100","2363矽統","110/07/14","北城證券",212,411,-199
"1101","2363矽統","110/07/14","元富-烏日",121,18,103
"1102","2363矽統","110/07/14","(牛牛牛)亞-鑫豐",51,241,-190
"1103","2363矽統","110/07/14","日盛-二林",120,18,102
"1104","2363矽統","110/07/14","國票-博愛",24,213,-189
"1105","2363矽統","110/07/14","兆豐-忠孝",98,2,96
"1106","2363矽統","110/07/14","大慶-蘆洲",134,316,-182
"1107","2363矽統","110/07/14","大慶-楊梅",92,3,89
"1108","2363矽統","110/07/14","彰銀-台中",15,193,-178
"1109","2363矽統","110/07/14","元富-三重",120,33,87
"1110","2363矽統","110/07/14","日盛-和美",18,185,-167
"1111","8112至上","110/07/14","新加坡商瑞銀",223,17,206
"1112","8112至上","110/07/14","瑞士信貸",8,170,-162
"1113","8112至上","110/07/14","摩根大通",285,129,156
"1114","8112至上","110/07/14","美林",55,202,-147
"1115","8112至上","110/07/14","花旗環球",124,0,124
"1116","8112至上","110/07/14","凱基-台北",325,436,-111
"1117","8112至上","110/07/14","兆豐-公益",117,4,113
"1118","8112至上","110/07/14","台中銀-台北",0,98,-98
"1119","8112至上","110/07/14","香港上海匯豐",111,0,111
"1120","8112至上","110/07/14","玉山-台大",17,107,-90
"1121","8112至上","110/07/14","永豐金-內湖",117,21,96
"1122","8112至上","110/07/14","康和-內湖",1,90,-89
"1123","8112至上","110/07/14","台灣摩根士丹利",108,16,92
"1124","8112至上","110/07/14","港商野村",21,84,-63
"1125","8112至上","110/07/14","元大-東蘆",77,0,77
"1126","8112至上","110/07/14","兆豐-北高雄",1,60,-59
"1127","8112至上","110/07/14","新光",108,48,60
"1128","8112至上","110/07/14","群益金鼎-海山",1,52,-51
"1129","8112至上","110/07/14","大慶-蘆洲",59,0,59
"1130","8112至上","110/07/14","群益金鼎-大安",0,50,-50
"1131","8112至上","110/07/14","華南永昌-台中",56,3,53
"1132","8112至上","110/07/14","富邦-仁愛",2,49,-47
"1133","8112至上","110/07/14","土銀-嘉義",52,2,50
"1134","8112至上","110/07/14","元大-金華",0,42,-42
"1135","8112至上","110/07/14","美商高盛",40,0,40
"1136","8112至上","110/07/14","元大-內湖",4,43,-39
"1137","8112至上","110/07/14","臺銀",63,29,34
"1138","8112至上","110/07/14","第一金-華江",2,37,-35
"1139","8112至上","110/07/14","元富-嘉義",31,0,31
"1140","8112至上","110/07/14","永豐金-苓雅",2,34,-32
"1141","1570力肯","110/07/14","國票-北高雄",68,0,68
"1142","1570力肯","110/07/14","摩根大通",0,21,-21
"1143","1570力肯","110/07/14","日盛-八德",30,1,29
"1144","1570力肯","110/07/14","新光",1,19,-18
"1145","1570力肯","110/07/14","玉山-高雄",7,0,7
"1146","1570力肯","110/07/14","(牛牛牛)亞-鑫豐",0,17,-17
"1147","1570力肯","110/07/14","臺銀-臺南",5,0,5
"1148","1570力肯","110/07/14","日盛-士林",0,10,-10
"1149","1570力肯","110/07/14","凱基-三峽",5,0,5
"1150","1570力肯","110/07/14","統一-員林",0,10,-10
"1151","1570力肯","110/07/14","元大-和平",5,0,5
"1152","1570力肯","110/07/14","國票-新莊",0,10,-10
"1153","1570力肯","110/07/14","合庫-三重",4,0,4
"1154","1570力肯","110/07/14","凱基-高美館",0,10,-10
"1155","1570力肯","110/07/14","瑞士信貸",4,0,4
"1156","1570力肯","110/07/14","元大-屏東民生",0,5,-5
"1157","1570力肯","110/07/14","統一-三多",4,0,4
"1158","1570力肯","110/07/14","元大-古亭",0,5,-5
"1159","1570力肯","110/07/14","華南永昌-古亭",4,0,4
"1160","1570力肯","110/07/14","日盛-木柵",0,4,-4
"1161","1570力肯","110/07/14","元大-高雄",3,0,3
"1162","1570力肯","110/07/14","大昌",0,4,-4
"1163","1570力肯","110/07/14","兆豐-忠孝",2,0,2
"1164","1570力肯","110/07/14","群益金鼎-東大",0,4,-4
"1165","1570力肯","110/07/14","富邦-陽明",2,0,2
"1166","1570力肯","110/07/14","凱基-台北",0,4,-4
"1167","1570力肯","110/07/14","元大-松山",2,0,2
"1168","1570力肯","110/07/14","元大-板橋",0,4,-4
"1169","1570力肯","110/07/14","元大-忠孝",2,0,2
"1170","1570力肯","110/07/14","第一金-中山",0,3,-3
"1171","2929淘帝","110/07/14","華南永昌-林口",60,0,60
"1172","2929淘帝","110/07/14","群益金鼎",25,540,-515
"1173","2929淘帝","110/07/14","美林",87,31,56
"1174","2929淘帝","110/07/14","國泰-台南",1,30,-29
"1175","2929淘帝","110/07/14","元富-台南",40,0,40
"1176","2929淘帝","110/07/14","宏遠-桃園",0,20,-20
"1177","2929淘帝","110/07/14","元大-民生",39,0,39
"1178","2929淘帝","110/07/14","摩根大通",11,31,-20
"1179","2929淘帝","110/07/14","臺銀-鳳山",34,0,34
"1180","2929淘帝","110/07/14","台新-建北",5,20,-15
"1181","2929淘帝","110/07/14","合庫-高雄",34,1,33
"1182","2929淘帝","110/07/14","新光",1,16,-15
"1183","2929淘帝","110/07/14","華南永昌-鶯歌",28,0,28
"1184","2929淘帝","110/07/14","玉山-板橋",0,15,-15
"1185","2929淘帝","110/07/14","永興",25,0,25
"1186","2929淘帝","110/07/14","凱基-羅東",0,15,-15
"1187","2929淘帝","110/07/14","元大-新盛",25,1,24
"1188","2929淘帝","110/07/14","元大-頭份",0,15,-15
"1189","2929淘帝","110/07/14","日盛-南京",23,0,23
"1190","2929淘帝","110/07/14","第一金-台南",0,13,-13
"1191","2929淘帝","110/07/14","日茂",20,0,20
"1192","2929淘帝","110/07/14","富邦-基隆",0,12,-12
"1193","2929淘帝","110/07/14","台新-台中",20,0,20
"1194","2929淘帝","110/07/14","日茂-南投",1,12,-11
"1195","2929淘帝","110/07/14","華南永昌",20,0,20
"1196","2929淘帝","110/07/14","元大-豐原站前",0,11,-11
"1197","2929淘帝","110/07/14","福勝",15,0,15
"1198","2929淘帝","110/07/14","玉山-士林",0,10,-10
"1199","2929淘帝","110/07/14","富邦-南屯",15,0,15
"1200","2929淘帝","110/07/14","富邦-台北",0,10,-10
"1201","5410國眾","110/07/14","兆豐-城中",35,0,35
"1202","5410國眾","110/07/14","瑞士信貸",0,29,-29
"1203","5410國眾","110/07/14","新光",21,1,20
"1204","5410國眾","110/07/14","國泰-板橋",1,30,-29
"1205","5410國眾","110/07/14","國泰-敦南",21,1,20
"1206","5410國眾","110/07/14","日盛-高雄",0,20,-20
"1207","5410國眾","110/07/14","國泰-台中",20,1,19
"1208","5410國眾","110/07/14","台新-左楠",1,20,-19
"1209","5410國眾","110/07/14","元大-崇德",19,0,19
"1210","5410國眾","110/07/14","元富-大昌",1,18,-17
"1211","5410國眾","110/07/14","土銀-士林",18,0,18
"1212","5410國眾","110/07/14","富邦-建國",0,15,-15
"1213","5410國眾","110/07/14","元大-新盛",20,2,18
"1214","5410國眾","110/07/14","元富-嘉義",0,12,-12
"1215","5410國眾","110/07/14","兆豐-高雄",15,0,15
"1216","5410國眾","110/07/14","永全-南崁",0,12,-12
"1217","5410國眾","110/07/14","宏遠-中和",10,0,10
"1218","5410國眾","110/07/14","元大-員林",0,11,-11
"1219","5410國眾","110/07/14","新光-桃園",10,0,10
"1220","5410國眾","110/07/14","高橋",0,10,-10
"1221","5410國眾","110/07/14","國泰-台南",10,0,10
"1222","5410國眾","110/07/14","永興",0,10,-10
"1223","5410國眾","110/07/14","元大-復北",10,0,10
"1224","5410國眾","110/07/14","華南永昌-三重",0,10,-10
"1225","5410國眾","110/07/14","元大-竹科",8,0,8
"1226","5410國眾","110/07/14","元大-苑裡",0,7,-7
"1227","5410國眾","110/07/14","台新-新營",6,0,6
"1228","5410國眾","110/07/14","港商野村",0,6,-6
"1229","5410國眾","110/07/14","日盛-士林",5,0,5
"1230","5410國眾","110/07/14","摩根大通",5,11,-6
"1231","2841台開","110/07/14","凱基-文心",73,0,73
"1232","2841台開","110/07/14","國泰-敦南",0,50,-50
"1233","2841台開","110/07/14","元富-潮州",30,0,30
"1234","2841台開","110/07/14","凱基-中壢",0,40,-40
"1235","2841台開","110/07/14","第一金-台中",20,0,20
"1236","2841台開","110/07/14","統一-新竹",0,24,-24
"1237","2841台開","110/07/14","華南永昌-新莊",20,0,20
"1238","2841台開","110/07/14","元富-草屯",0,20,-20
"1239","2841台開","110/07/14","永豐金-豐原",20,0,20
"1240","2841台開","110/07/14","台新-台南",0,20,-20
"1241","2841台開","110/07/14","國泰-館前",15,0,15
"1242","2841台開","110/07/14","永豐金-敦南",45,63,-18
"1243","2841台開","110/07/14","群益金鼎-基隆",12,0,12
"1244","2841台開","110/07/14","國票-北高雄",0,13,-13
"1245","2841台開","110/07/14","日盛-信義",10,0,10
"1246","2841台開","110/07/14","凱基-松山",0,10,-10
"1247","2841台開","110/07/14","台新-台中",10,0,10
"1248","2841台開","110/07/14","元大證券",0,10,-10
"1249","2841台開","110/07/14","新光",10,1,9
"1250","2841台開","110/07/14","元大-中壢",0,10,-10
"1251","2841台開","110/07/14","凱基-新店",8,0,8
"1252","2841台開","110/07/14","富邦-陽明",1,10,-9
"1253","2841台開","110/07/14","元大-斗信",7,0,7
"1254","2841台開","110/07/14","富邦-建國",0,9,-9
"1255","2841台開","110/07/14","元大-三重",6,0,6
"1256","2841台開","110/07/14","富邦-台南",0,8,-8
"1257","2841台開","110/07/14","永豐金-中和",6,0,6
"1258","2841台開","110/07/14","康和-澎湖",0,7,-7
"1259","2841台開","110/07/14","元富-成功",5,0,5
"1260","2841台開","110/07/14","日盛-斗六",0,6,-6
"1261","6207雷科","110/07/14","群益金鼎-台北",60,0,60
"1262","6207雷科","110/07/14","新加坡商瑞銀",10,56,-46
"1263","6207雷科","110/07/14","台新-高雄",43,3,40
"1264","6207雷科","110/07/14","國票-中和",0,41,-41
"1265","6207雷科","110/07/14","元大-高雄",19,0,19
"1266","6207雷科","110/07/14","元大-復北",0,33,-33
"1267","6207雷科","110/07/14","福勝",15,0,15
"1268","6207雷科","110/07/14","光和-和美",0,20,-20
"1269","6207雷科","110/07/14","群益金鼎-中山",15,0,15
"1270","6207雷科","110/07/14","群益金鼎-丹鳳",0,20,-20
"1271","6207雷科","110/07/14","元大-林園",15,0,15
"1272","6207雷科","110/07/14","第一金-路竹",0,10,-10
"1273","6207雷科","110/07/14","新光",12,0,12
"1274","6207雷科","110/07/14","元大-歸仁",0,10,-10
"1275","6207雷科","110/07/14","元大-大天母",10,0,10
"1276","6207雷科","110/07/14","宏遠-館前",0,9,-9
"1277","6207雷科","110/07/14","永豐金-忠孝",9,0,9
"1278","6207雷科","110/07/14","凱基-台北",12,20,-8
"1279","6207雷科","110/07/14","永豐金-新店",7,0,7
"1280","6207雷科","110/07/14","美林",0,7,-7
"1281","6207雷科","110/07/14","玉山-嘉義",6,0,6
"1282","6207雷科","110/07/14","摩根大通",16,23,-7
"1283","6207雷科","110/07/14","元大-屏東",6,0,6
"1284","6207雷科","110/07/14","凱基-高雄",1,7,-6
"1285","6207雷科","110/07/14","凱基-大安",5,0,5
"1286","6207雷科","110/07/14","台中銀-豐原",0,5,-5
"1287","6207雷科","110/07/14","富邦-台南",5,0,5
"1288","6207雷科","110/07/14","元大-新竹經國",0,5,-5
"1289","6207雷科","110/07/14","元大-成功",5,0,5
"1290","6207雷科","110/07/14","光和-田中",0,4,-4
"1291","3679新至陞","110/07/14","凱基-台北",31,6,25
"1292","3679新至陞","110/07/14","群益金鼎-東大",0,15,-15
"1293","3679新至陞","110/07/14","華南永昌-新莊",10,0,10
"1294","3679新至陞","110/07/14","瑞士信貸",0,12,-12
"1295","3679新至陞","110/07/14","新加坡商瑞銀",11,3,8
"1296","3679新至陞","110/07/14","群益金鼎-永和",0,10,-10
"1297","3679新至陞","110/07/14","美商高盛",6,0,6
"1298","3679新至陞","110/07/14","元大-成功",5,15,-10
"1299","3679新至陞","110/07/14","第一金-中壢",6,0,6
"1300","3679新至陞","110/07/14","統一-板橋",1,10,-9
"1301","3679新至陞","110/07/14","(牛牛牛)亞-網路",4,0,4
"1302","3679新至陞","110/07/14","玉山-左營",0,5,-5
"1303","3679新至陞","110/07/14","元大-六合",3,0,3
"1304","3679新至陞","110/07/14","群益金鼎-三民",0,4,-4
"1305","3679新至陞","110/07/14","合庫-自強",2,0,2
"1306","3679新至陞","110/07/14","富邦-宜蘭",0,4,-4
"1307","3679新至陞","110/07/14","高橋-內壢",2,0,2
"1308","3679新至陞","110/07/14","永豐金-苓雅",0,3,-3
"1309","3679新至陞","110/07/14","台中銀-員林",2,0,2
"1310","3679新至陞","110/07/14","摩根大通",5,7,-2
"1311","3679新至陞","110/07/14","凱基-高美館",2,0,2
"1312","3679新至陞","110/07/14","元大-板橋三民",0,2,-2
"1313","3679新至陞","110/07/14","元大-福營",2,0,2
"1314","3679新至陞","110/07/14","宏遠-中和",0,1,-1
"1315","3679新至陞","110/07/14","永豐金-松山",2,0,2
"1316","3679新至陞","110/07/14","元富-佳里",0,1,-1
"1317","3679新至陞","110/07/14","永豐金-萬盛",2,0,2
"1318","3679新至陞","110/07/14","(牛牛牛)亞-鑫豐",0,1,-1
"1319","3679新至陞","110/07/14","元富-松德",1,0,1
"1320","3679新至陞","110/07/14","中國信託-中壢",0,1,-1
"1321","2727王品","110/07/14","富邦-左營",102,1,101
"1322","2727王品","110/07/14","統一-城中",100,234,-134
"1323","2727王品","110/07/14","國泰-板橋",105,11,94
"1324","2727王品","110/07/14","富邦-台北",1,125,-124
"1325","2727王品","110/07/14","港商野村",149,72,77
"1326","2727王品","110/07/14","台灣摩根士丹利",1,48,-47
"1327","2727王品","110/07/14","合庫-台中",66,2,64
"1328","2727王品","110/07/14","國票-新莊",0,40,-40
"1329","2727王品","110/07/14","臺銀-金山",63,8,55
"1330","2727王品","110/07/14","永豐金-忠孝",2,39,-37
"1331","2727王品","110/07/14","摩根大通",83,39,44
"1332","2727王品","110/07/14","富邦-彰化",1,34,-33
"1333","2727王品","110/07/14","凱基-台北",84,42,42
"1334","2727王品","110/07/14","康和-高雄",0,30,-30
"1335","2727王品","110/07/14","土銀-台中",35,1,34
"1336","2727王品","110/07/14","安泰",0,26,-26
"1337","2727王品","110/07/14","華南永昌-麻豆",32,1,31
"1338","2727王品","110/07/14","富邦-新竹華信",0,21,-21
"1339","2727王品","110/07/14","元大證券",85,55,30
"1340","2727王品","110/07/14","元大-南崁",1,22,-21
"1341","2727王品","110/07/14","新加坡商瑞銀",40,15,25
"1342","2727王品","110/07/14","彰銀-台中",0,18,-18
"1343","2727王品","110/07/14","日盛-八德",19,0,19
"1344","2727王品","110/07/14","元富-同大",2,20,-18
"1345","2727王品","110/07/14","統一",35,17,18
"1346","2727王品","110/07/14","玉山-嘉義",1,17,-16
"1347","2727王品","110/07/14","元富-大昌",18,1,17
"1348","2727王品","110/07/14","國泰-館前",4,20,-16
"1349","2727王品","110/07/14","玉山-板橋",15,1,14
"1350","2727王品","110/07/14","第一金-嘉義",1,13,-12
"1351","1570力肯","110/07/14","國票-北高雄",68,0,68
"1352","1570力肯","110/07/14","摩根大通",0,21,-21
"1353","1570力肯","110/07/14","日盛-八德",30,1,29
"1354","1570力肯","110/07/14","新光",1,19,-18
"1355","1570力肯","110/07/14","玉山-高雄",7,0,7
"1356","1570力肯","110/07/14","(牛牛牛)亞-鑫豐",0,17,-17
"1357","1570力肯","110/07/14","臺銀-臺南",5,0,5
"1358","1570力肯","110/07/14","日盛-士林",0,10,-10
"1359","1570力肯","110/07/14","凱基-三峽",5,0,5
"1360","1570力肯","110/07/14","統一-員林",0,10,-10
"1361","1570力肯","110/07/14","元大-和平",5,0,5
"1362","1570力肯","110/07/14","國票-新莊",0,10,-10
"1363","1570力肯","110/07/14","合庫-三重",4,0,4
"1364","1570力肯","110/07/14","凱基-高美館",0,10,-10
"1365","1570力肯","110/07/14","瑞士信貸",4,0,4
"1366","1570力肯","110/07/14","元大-屏東民生",0,5,-5
"1367","1570力肯","110/07/14","統一-三多",4,0,4
"1368","1570力肯","110/07/14","元大-古亭",0,5,-5
"1369","1570力肯","110/07/14","華南永昌-古亭",4,0,4
"1370","1570力肯","110/07/14","日盛-木柵",0,4,-4
"1371","1570力肯","110/07/14","元大-高雄",3,0,3
"1372","1570力肯","110/07/14","大昌",0,4,-4
"1373","1570力肯","110/07/14","兆豐-忠孝",2,0,2
"1374","1570力肯","110/07/14","群益金鼎-東大",0,4,-4
"1375","1570力肯","110/07/14","富邦-陽明",2,0,2
"1376","1570力肯","110/07/14","凱基-台北",0,4,-4
"1377","1570力肯","110/07/14","元大-松山",2,0,2
"1378","1570力肯","110/07/14","元大-板橋",0,4,-4
"1379","1570力肯","110/07/14","元大-忠孝",2,0,2
"1380","1570力肯","110/07/14","第一金-中山",0,3,-3
"1381","6180橘子","110/07/14","新加坡商瑞銀",84,28,56
"1382","6180橘子","110/07/14","凱基-台北",4,37,-33
"1383","6180橘子","110/07/14","日盛-信義",29,1,28
"1384","6180橘子","110/07/14","玉山-台南",1,22,-21
"1385","6180橘子","110/07/14","豐農",28,4,24
"1386","6180橘子","110/07/14","日盛-新竹",1,21,-20
"1387","6180橘子","110/07/14","新光-新竹",24,1,23
"1388","6180橘子","110/07/14","元富-潮州",0,19,-19
"1389","6180橘子","110/07/14","華南永昌-高雄",20,0,20
"1390","6180橘子","110/07/14","元大-信義",0,17,-17
"1391","6180橘子","110/07/14","元大-羅東",20,0,20
"1392","6180橘子","110/07/14","台灣企銀-台中",1,16,-15
"1393","6180橘子","110/07/14","元大-台中中港",20,0,20
"1394","6180橘子","110/07/14","元大-北港",0,15,-15
"1395","6180橘子","110/07/14","富邦-嘉義",24,5,19
"1396","6180橘子","110/07/14","富邦-高雄",0,14,-14
"1397","6180橘子","110/07/14","富邦-仁愛",15,0,15
"1398","6180橘子","110/07/14","兆豐-埔墘",0,13,-13
"1399","6180橘子","110/07/14","國票-九鼎",13,0,13
"1400","6180橘子","110/07/14","第一金-中山",0,10,-10
"1401","6180橘子","110/07/14","日盛-木柵",12,0,12
"1402","6180橘子","110/07/14","元大-彰化民生",0,10,-10
"1403","6180橘子","110/07/14","元大-成功",10,0,10
"1404","6180橘子","110/07/14","福勝",1,10,-9
"1405","6180橘子","110/07/14","港商野村",10,2,8
"1406","6180橘子","110/07/14","群益金鼎-丹鳳",1,10,-9
"1407","6180橘子","110/07/14","玉山-左營",8,0,8
"1408","6180橘子","110/07/14","群益金鼎-板橋",0,8,-8
"1409","6180橘子","110/07/14","富邦-陽明",16,8,8
"1410","6180橘子","110/07/14","合庫-鳳山",0,7,-7
"1411","2390云辰","110/07/14","摩根大通",995,198,797
"1412","2390云辰","110/07/14","新加坡商瑞銀",28,399,-371
"1413","2390云辰","110/07/14","美林",383,22,361
"1414","2390云辰","110/07/14","凱基-新豐",3,198,-195
"1415","2390云辰","110/07/14","台灣摩根士丹利",684,358,326
"1416","2390云辰","110/07/14","元大-士林",1,152,-151
"1417","2390云辰","110/07/14","凱基-台北",656,402,254
"1418","2390云辰","110/07/14","元大-竹山",80,181,-101
"1419","2390云辰","110/07/14","日盛-和美",110,5,105
"1420","2390云辰","110/07/14","群益金鼎-開元",19,95,-76
"1421","2390云辰","110/07/14","元大-天母",72,0,72
"1422","2390云辰","110/07/14","新光",77,150,-73
"1423","2390云辰","110/07/14","永豐金-松山",57,0,57
"1424","2390云辰","110/07/14","元富-高雄",0,71,-71
"1425","2390云辰","110/07/14","統一-屏東",53,0,53
"1426","2390云辰","110/07/14","元大-土城學府",130,201,-71
"1427","2390云辰","110/07/14","港商野村",486,450,36
"1428","2390云辰","110/07/14","元大-善化",12,76,-64
"1429","2390云辰","110/07/14","致和-崇德",30,0,30
"1430","2390云辰","110/07/14","華南永昌-岡山",23,81,-58
"1431","2390云辰","110/07/14","富邦-台北",40,14,26
"1432","2390云辰","110/07/14","群益金鼎-大興",82,125,-43
"1433","2390云辰","110/07/14","台新-高雄",38,13,25
"1434","2390云辰","110/07/14","大慶-中壢",0,41,-41
"1435","2390云辰","110/07/14","富邦-板橋",32,7,25
"1436","2390云辰","110/07/14","玉山-板橋",6,47,-41
"1437","2390云辰","110/07/14","陽信-石牌",24,0,24
"1438","2390云辰","110/07/14","富邦-台東",2,42,-40
"1439","2390云辰","110/07/14","凱基-屏東",32,8,24
"1440","2390云辰","110/07/14","元大-新營",3,42,-39
"1441","2363矽統","110/07/14","台灣摩根士丹利",463,0,463
"1442","2363矽統","110/07/14","新加坡商瑞銀",568,1321,-753
"1443","2363矽統","110/07/14","台新證券",750,342,408
"1444","2363矽統","110/07/14","瑞士信貸",149,864,-715
"1445","2363矽統","110/07/14","玉山-台中",363,51,312
"1446","2363矽統","110/07/14","台新-屏東",115,380,-265
"1447","2363矽統","110/07/14","元大-斗六",223,25,198
"1448","2363矽統","110/07/14","永豐金證券",16,265,-249
"1449","2363矽統","110/07/14","華南永昌-朴子",208,38,170
"1450","2363矽統","110/07/14","美林",462,701,-239
"1451","2363矽統","110/07/14","元富-西松",169,12,157
"1452","2363矽統","110/07/14","宏遠-桃園",269,500,-231
"1453","2363矽統","110/07/14","永豐金-大園",146,6,140
"1454","2363矽統","110/07/14","凱基-竹北",36,254,-218
"1455","2363矽統","110/07/14","土銀-和平",134,0,134
"1456","2363矽統","110/07/14","港商法國興業",0,214,-214
"1457","2363矽統","110/07/14","富邦-新營",130,13,117
"1458","2363矽統","110/07/14","港商野村",835,1044,-209
"1459","2363矽統","110/07/14","元富-成功",118,11,107
"1460","2363矽統","110/07/14","北城證券",212,411,-199
"1461","2363矽統","110/07/14","元富-烏日",121,18,103
"1462","2363矽統","110/07/14","(牛牛牛)亞-鑫豐",51,241,-190
"1463","2363矽統","110/07/14","日盛-二林",120,18,102
"1464","2363矽統","110/07/14","國票-博愛",24,213,-189
"1465","2363矽統","110/07/14","兆豐-忠孝",98,2,96
"1466","2363矽統","110/07/14","大慶-蘆洲",134,316,-182
"1467","2363矽統","110/07/14","大慶-楊梅",92,3,89
"1468","2363矽統","110/07/14","彰銀-台中",15,193,-178
"1469","2363矽統","110/07/14","元富-三重",120,33,87
"1470","2363矽統","110/07/14","日盛-和美",18,185,-167
"1471","8112至上","110/07/14","新加坡商瑞銀",223,17,206
"1472","8112至上","110/07/14","瑞士信貸",8,170,-162
"1473","8112至上","110/07/14","摩根大通",285,129,156
"1474","8112至上","110/07/14","美林",55,202,-147
"1475","8112至上","110/07/14","花旗環球",124,0,124
"1476","8112至上","110/07/14","凱基-台北",325,436,-111
"1477","8112至上","110/07/14","兆豐-公益",117,4,113
"1478","8112至上","110/07/14","台中銀-台北",0,98,-98
"1479","8112至上","110/07/14","香港上海匯豐",111,0,111
"1480","8112至上","110/07/14","玉山-台大",17,107,-90
"1481","8112至上","110/07/14","永豐金-內湖",117,21,96
"1482","8112至上","110/07/14","康和-內湖",1,90,-89
"1483","8112至上","110/07/14","台灣摩根士丹利",108,16,92
"1484","8112至上","110/07/14","港商野村",21,84,-63
"1485","8112至上","110/07/14","元大-東蘆",77,0,77
"1486","8112至上","110/07/14","兆豐-北高雄",1,60,-59
"1487","8112至上","110/07/14","新光",108,48,60
"1488","8112至上","110/07/14","群益金鼎-海山",1,52,-51
"1489","8112至上","110/07/14","大慶-蘆洲",59,0,59
"1490","8112至上","110/07/14","群益金鼎-大安",0,50,-50
"1491","8112至上","110/07/14","華南永昌-台中",56,3,53
"1492","8112至上","110/07/14","富邦-仁愛",2,49,-47
"1493","8112至上","110/07/14","土銀-嘉義",52,2,50
"1494","8112至上","110/07/14","元大-金華",0,42,-42
"1495","8112至上","110/07/14","美商高盛",40,0,40
"1496","8112至上","110/07/14","元大-內湖",4,43,-39
"1497","8112至上","110/07/14","臺銀",63,29,34
"1498","8112至上","110/07/14","第一金-華江",2,37,-35
"1499","8112至上","110/07/14","元富-嘉義",31,0,31
"1500","8112至上","110/07/14","永豐金-苓雅",2,34,-32
"1501","1570力肯","110/07/14","國票-北高雄",68,0,68
"1502","1570力肯","110/07/14","摩根大通",0,21,-21
"1503","1570力肯","110/07/14","日盛-八德",30,1,29
"1504","1570力肯","110/07/14","新光",1,19,-18
"1505","1570力肯","110/07/14","玉山-高雄",7,0,7
"1506","1570力肯","110/07/14","(牛牛牛)亞-鑫豐",0,17,-17
"1507","1570力肯","110/07/14","臺銀-臺南",5,0,5
"1508","1570力肯","110/07/14","日盛-士林",0,10,-10
"1509","1570力肯","110/07/14","凱基-三峽",5,0,5
"1510","1570力肯","110/07/14","統一-員林",0,10,-10
"1511","1570力肯","110/07/14","元大-和平",5,0,5
"1512","1570力肯","110/07/14","國票-新莊",0,10,-10
"1513","1570力肯","110/07/14","合庫-三重",4,0,4
"1514","1570力肯","110/07/14","凱基-高美館",0,10,-10
"1515","1570力肯","110/07/14","瑞士信貸",4,0,4
"1516","1570力肯","110/07/14","元大-屏東民生",0,5,-5
"1517","1570力肯","110/07/14","統一-三多",4,0,4
"1518","1570力肯","110/07/14","元大-古亭",0,5,-5
"1519","1570力肯","110/07/14","華南永昌-古亭",4,0,4
"1520","1570力肯","110/07/14","日盛-木柵",0,4,-4
"1521","1570力肯","110/07/14","元大-高雄",3,0,3
"1522","1570力肯","110/07/14","大昌",0,4,-4
"1523","1570力肯","110/07/14","兆豐-忠孝",2,0,2
"1524","1570力肯","110/07/14","群益金鼎-東大",0,4,-4
"1525","1570力肯","110/07/14","富邦-陽明",2,0,2
"1526","1570力肯","110/07/14","凱基-台北",0,4,-4
"1527","1570力肯","110/07/14","元大-松山",2,0,2
"1528","1570力肯","110/07/14","元大-板橋",0,4,-4
"1529","1570力肯","110/07/14","元大-忠孝",2,0,2
"1530","1570力肯","110/07/14","第一金-中山",0,3,-3
"1531","2929淘帝","110/07/14","華南永昌-林口",60,0,60
"1532","2929淘帝","110/07/14","群益金鼎",25,540,-515
"1533","2929淘帝","110/07/14","美林",87,31,56
"1534","2929淘帝","110/07/14","國泰-台南",1,30,-29
"1535","2929淘帝","110/07/14","元富-台南",40,0,40
"1536","2929淘帝","110/07/14","宏遠-桃園",0,20,-20
"1537","2929淘帝","110/07/14","元大-民生",39,0,39
"1538","2929淘帝","110/07/14","摩根大通",11,31,-20
"1539","2929淘帝","110/07/14","臺銀-鳳山",34,0,34
"1540","2929淘帝","110/07/14","台新-建北",5,20,-15
"1541","2929淘帝","110/07/14","合庫-高雄",34,1,33
"1542","2929淘帝","110/07/14","新光",1,16,-15
"1543","2929淘帝","110/07/14","華南永昌-鶯歌",28,0,28
"1544","2929淘帝","110/07/14","玉山-板橋",0,15,-15
"1545","2929淘帝","110/07/14","永興",25,0,25
"1546","2929淘帝","110/07/14","凱基-羅東",0,15,-15
"1547","2929淘帝","110/07/14","元大-新盛",25,1,24
"1548","2929淘帝","110/07/14","元大-頭份",0,15,-15
"1549","2929淘帝","110/07/14","日盛-南京",23,0,23
"1550","2929淘帝","110/07/14","第一金-台南",0,13,-13
"1551","2929淘帝","110/07/14","日茂",20,0,20
"1552","2929淘帝","110/07/14","富邦-基隆",0,12,-12
"1553","2929淘帝","110/07/14","台新-台中",20,0,20
"1554","2929淘帝","110/07/14","日茂-南投",1,12,-11
"1555","2929淘帝","110/07/14","華南永昌",20,0,20
"1556","2929淘帝","110/07/14","元大-豐原站前",0,11,-11
"1557","2929淘帝","110/07/14","福勝",15,0,15
"1558","2929淘帝","110/07/14","玉山-士林",0,10,-10
"1559","2929淘帝","110/07/14","富邦-南屯",15,0,15
"1560","2929淘帝","110/07/14","富邦-台北",0,10,-10
"1561","5410國眾","110/07/14","兆豐-城中",35,0,35
"1562","5410國眾","110/07/14","瑞士信貸",0,29,-29
"1563","5410國眾","110/07/14","新光",21,1,20
"1564","5410國眾","110/07/14","國泰-板橋",1,30,-29
"1565","5410國眾","110/07/14","國泰-敦南",21,1,20
"1566","5410國眾","110/07/14","日盛-高雄",0,20,-20
"1567","5410國眾","110/07/14","國泰-台中",20,1,19
"1568","5410國眾","110/07/14","台新-左楠",1,20,-19
"1569","5410國眾","110/07/14","元大-崇德",19,0,19
"1570","5410國眾","110/07/14","元富-大昌",1,18,-17
"1571","5410國眾","110/07/14","土銀-士林",18,0,18
"1572","5410國眾","110/07/14","富邦-建國",0,15,-15
"1573","5410國眾","110/07/14","元大-新盛",20,2,18
"1574","5410國眾","110/07/14","元富-嘉義",0,12,-12
"1575","5410國眾","110/07/14","兆豐-高雄",15,0,15
"1576","5410國眾","110/07/14","永全-南崁",0,12,-12
"1577","5410國眾","110/07/14","宏遠-中和",10,0,10
"1578","5410國眾","110/07/14","元大-員林",0,11,-11
"1579","5410國眾","110/07/14","新光-桃園",10,0,10
"1580","5410國眾","110/07/14","高橋",0,10,-10
"1581","5410國眾","110/07/14","國泰-台南",10,0,10
"1582","5410國眾","110/07/14","永興",0,10,-10
"1583","5410國眾","110/07/14","元大-復北",10,0,10
"1584","5410國眾","110/07/14","華南永昌-三重",0,10,-10
"1585","5410國眾","110/07/14","元大-竹科",8,0,8
"1586","5410國眾","110/07/14","元大-苑裡",0,7,-7
"1587","5410國眾","110/07/14","台新-新營",6,0,6
"1588","5410國眾","110/07/14","港商野村",0,6,-6
"1589","5410國眾","110/07/14","日盛-士林",5,0,5
"1590","5410國眾","110/07/14","摩根大通",5,11,-6
"1591","2841台開","110/07/14","凱基-文心",73,0,73
"1592","2841台開","110/07/14","國泰-敦南",0,50,-50
"1593","2841台開","110/07/14","元富-潮州",30,0,30
"1594","2841台開","110/07/14","凱基-中壢",0,40,-40
"1595","2841台開","110/07/14","第一金-台中",20,0,20
"1596","2841台開","110/07/14","統一-新竹",0,24,-24
"1597","2841台開","110/07/14","華南永昌-新莊",20,0,20
"1598","2841台開","110/07/14","元富-草屯",0,20,-20
"1599","2841台開","110/07/14","永豐金-豐原",20,0,20
"1600","2841台開","110/07/14","台新-台南",0,20,-20
"1601","2841台開","110/07/14","國泰-館前",15,0,15
"1602","2841台開","110/07/14","永豐金-敦南",45,63,-18
"1603","2841台開","110/07/14","群益金鼎-基隆",12,0,12
"1604","2841台開","110/07/14","國票-北高雄",0,13,-13
"1605","2841台開","110/07/14","日盛-信義",10,0,10
"1606","2841台開","110/07/14","凱基-松山",0,10,-10
"1607","2841台開","110/07/14","台新-台中",10,0,10
"1608","2841台開","110/07/14","元大證券",0,10,-10
"1609","2841台開","110/07/14","新光",10,1,9
"1610","2841台開","110/07/14","元大-中壢",0,10,-10
"1611","2841台開","110/07/14","凱基-新店",8,0,8
"1612","2841台開","110/07/14","富邦-陽明",1,10,-9
"1613","2841台開","110/07/14","元大-斗信",7,0,7
"1614","2841台開","110/07/14","富邦-建國",0,9,-9
"1615","2841台開","110/07/14","元大-三重",6,0,6
"1616","2841台開","110/07/14","富邦-台南",0,8,-8
"1617","2841台開","110/07/14","永豐金-中和",6,0,6
"1618","2841台開","110/07/14","康和-澎湖",0,7,-7
"1619","2841台開","110/07/14","元富-成功",5,0,5
"1620","2841台開","110/07/14","日盛-斗六",0,6,-6
"1621","6207雷科","110/07/14","群益金鼎-台北",60,0,60
"1622","6207雷科","110/07/14","新加坡商瑞銀",10,56,-46
"1623","6207雷科","110/07/14","台新-高雄",43,3,40
"1624","6207雷科","110/07/14","國票-中和",0,41,-41
"1625","6207雷科","110/07/14","元大-高雄",19,0,19
"1626","6207雷科","110/07/14","元大-復北",0,33,-33
"1627","6207雷科","110/07/14","福勝",15,0,15
"1628","6207雷科","110/07/14","光和-和美",0,20,-20
"1629","6207雷科","110/07/14","群益金鼎-中山",15,0,15
"1630","6207雷科","110/07/14","群益金鼎-丹鳳",0,20,-20
"1631","6207雷科","110/07/14","元大-林園",15,0,15
"1632","6207雷科","110/07/14","第一金-路竹",0,10,-10
"1633","6207雷科","110/07/14","新光",12,0,12
"1634","6207雷科","110/07/14","元大-歸仁",0,10,-10
"1635","6207雷科","110/07/14","元大-大天母",10,0,10
"1636","6207雷科","110/07/14","宏遠-館前",0,9,-9
"1637","6207雷科","110/07/14","永豐金-忠孝",9,0,9
"1638","6207雷科","110/07/14","凱基-台北",12,20,-8
"1639","6207雷科","110/07/14","永豐金-新店",7,0,7
"1640","6207雷科","110/07/14","美林",0,7,-7
"1641","6207雷科","110/07/14","玉山-嘉義",6,0,6
"1642","6207雷科","110/07/14","摩根大通",16,23,-7
"1643","6207雷科","110/07/14","元大-屏東",6,0,6
"1644","6207雷科","110/07/14","凱基-高雄",1,7,-6
"1645","6207雷科","110/07/14","凱基-大安",5,0,5
"1646","6207雷科","110/07/14","台中銀-豐原",0,5,-5
"1647","6207雷科","110/07/14","富邦-台南",5,0,5
"1648","6207雷科","110/07/14","元大-新竹經國",0,5,-5
"1649","6207雷科","110/07/14","元大-成功",5,0,5
"1650","6207雷科","110/07/14","光和-田中",0,4,-4
"1651","3679新至陞","110/07/14","凱基-台北",31,6,25
"1652","3679新至陞","110/07/14","群益金鼎-東大",0,15,-15
"1653","3679新至陞","110/07/14","華南永昌-新莊",10,0,10
"1654","3679新至陞","110/07/14","瑞士信貸",0,12,-12
"1655","3679新至陞","110/07/14","新加坡商瑞銀",11,3,8
"1656","3679新至陞","110/07/14","群益金鼎-永和",0,10,-10
"1657","3679新至陞","110/07/14","美商高盛",6,0,6
"1658","3679新至陞","110/07/14","元大-成功",5,15,-10
"1659","3679新至陞","110/07/14","第一金-中壢",6,0,6
"1660","3679新至陞","110/07/14","統一-板橋",1,10,-9
"1661","3679新至陞","110/07/14","(牛牛牛)亞-網路",4,0,4
"1662","3679新至陞","110/07/14","玉山-左營",0,5,-5
"1663","3679新至陞","110/07/14","元大-六合",3,0,3
"1664","3679新至陞","110/07/14","群益金鼎-三民",0,4,-4
"1665","3679新至陞","110/07/14","合庫-自強",2,0,2
"1666","3679新至陞","110/07/14","富邦-宜蘭",0,4,-4
"1667","3679新至陞","110/07/14","高橋-內壢",2,0,2
"1668","3679新至陞","110/07/14","永豐金-苓雅",0,3,-3
"1669","3679新至陞","110/07/14","台中銀-員林",2,0,2
"1670","3679新至陞","110/07/14","摩根大通",5,7,-2
"1671","3679新至陞","110/07/14","凱基-高美館",2,0,2
"1672","3679新至陞","110/07/14","元大-板橋三民",0,2,-2
"1673","3679新至陞","110/07/14","元大-福營",2,0,2
"1674","3679新至陞","110/07/14","宏遠-中和",0,1,-1
"1675","3679新至陞","110/07/14","永豐金-松山",2,0,2
"1676","3679新至陞","110/07/14","元富-佳里",0,1,-1
"1677","3679新至陞","110/07/14","永豐金-萬盛",2,0,2
"1678","3679新至陞","110/07/14","(牛牛牛)亞-鑫豐",0,1,-1
"1679","3679新至陞","110/07/14","元富-松德",1,0,1
"1680","3679新至陞","110/07/14","中國信託-中壢",0,1,-1
"1681","2727王品","110/07/14","富邦-左營",102,1,101
"1682","2727王品","110/07/14","統一-城中",100,234,-134
"1683","2727王品","110/07/14","國泰-板橋",105,11,94
"1684","2727王品","110/07/14","富邦-台北",1,125,-124
"1685","2727王品","110/07/14","港商野村",149,72,77
"1686","2727王品","110/07/14","台灣摩根士丹利",1,48,-47
"1687","2727王品","110/07/14","合庫-台中",66,2,64
"1688","2727王品","110/07/14","國票-新莊",0,40,-40
"1689","2727王品","110/07/14","臺銀-金山",63,8,55
"1690","2727王品","110/07/14","永豐金-忠孝",2,39,-37
"1691","2727王品","110/07/14","摩根大通",83,39,44
"1692","2727王品","110/07/14","富邦-彰化",1,34,-33
"1693","2727王品","110/07/14","凱基-台北",84,42,42
"1694","2727王品","110/07/14","康和-高雄",0,30,-30
"1695","2727王品","110/07/14","土銀-台中",35,1,34
"1696","2727王品","110/07/14","安泰",0,26,-26
"1697","2727王品","110/07/14","華南永昌-麻豆",32,1,31
"1698","2727王品","110/07/14","富邦-新竹華信",0,21,-21
"1699","2727王品","110/07/14","元大證券",85,55,30
"1700","2727王品","110/07/14","元大-南崁",1,22,-21
"1701","2727王品","110/07/14","新加坡商瑞銀",40,15,25
"1702","2727王品","110/07/14","彰銀-台中",0,18,-18
"1703","2727王品","110/07/14","日盛-八德",19,0,19
"1704","2727王品","110/07/14","元富-同大",2,20,-18
"1705","2727王品","110/07/14","統一",35,17,18
"1706","2727王品","110/07/14","玉山-嘉義",1,17,-16
"1707","2727王品","110/07/14","元富-大昌",18,1,17
"1708","2727王品","110/07/14","國泰-館前",4,20,-16
"1709","2727王品","110/07/14","玉山-板橋",15,1,14
"1710","2727王品","110/07/14","第一金-嘉義",1,13,-12
"1711","1570力肯","110/07/14","國票-北高雄",68,0,68
"1712","1570力肯","110/07/14","摩根大通",0,21,-21
"1713","1570力肯","110/07/14","日盛-八德",30,1,29
"1714","1570力肯","110/07/14","新光",1,19,-18
"1715","1570力肯","110/07/14","玉山-高雄",7,0,7
"1716","1570力肯","110/07/14","(牛牛牛)亞-鑫豐",0,17,-17
"1717","1570力肯","110/07/14","臺銀-臺南",5,0,5
"1718","1570力肯","110/07/14","日盛-士林",0,10,-10
"1719","1570力肯","110/07/14","凱基-三峽",5,0,5
"1720","1570力肯","110/07/14","統一-員林",0,10,-10
"1721","1570力肯","110/07/14","元大-和平",5,0,5
"1722","1570力肯","110/07/14","國票-新莊",0,10,-10
"1723","1570力肯","110/07/14","合庫-三重",4,0,4
"1724","1570力肯","110/07/14","凱基-高美館",0,10,-10
"1725","1570力肯","110/07/14","瑞士信貸",4,0,4
"1726","1570力肯","110/07/14","元大-屏東民生",0,5,-5
"1727","1570力肯","110/07/14","統一-三多",4,0,4
"1728","1570力肯","110/07/14","元大-古亭",0,5,-5
"1729","1570力肯","110/07/14","華南永昌-古亭",4,0,4
"1730","1570力肯","110/07/14","日盛-木柵",0,4,-4
"1731","1570力肯","110/07/14","元大-高雄",3,0,3
"1732","1570力肯","110/07/14","大昌",0,4,-4
"1733","1570力肯","110/07/14","兆豐-忠孝",2,0,2
"1734","1570力肯","110/07/14","群益金鼎-東大",0,4,-4
"1735","1570力肯","110/07/14","富邦-陽明",2,0,2
"1736","1570力肯","110/07/14","凱基-台北",0,4,-4
"1737","1570力肯","110/07/14","元大-松山",2,0,2
"1738","1570力肯","110/07/14","元大-板橋",0,4,-4
"1739","1570力肯","110/07/14","元大-忠孝",2,0,2
"1740","1570力肯","110/07/14","第一金-中山",0,3,-3
"1741","6180橘子","110/07/14","新加坡商瑞銀",84,28,56
"1742","6180橘子","110/07/14","凱基-台北",4,37,-33
"1743","6180橘子","110/07/14","日盛-信義",29,1,28
"1744","6180橘子","110/07/14","玉山-台南",1,22,-21
"1745","6180橘子","110/07/14","豐農",28,4,24
"1746","6180橘子","110/07/14","日盛-新竹",1,21,-20
"1747","6180橘子","110/07/14","新光-新竹",24,1,23
"1748","6180橘子","110/07/14","元富-潮州",0,19,-19
"1749","6180橘子","110/07/14","華南永昌-高雄",20,0,20
"1750","6180橘子","110/07/14","元大-信義",0,17,-17
"1751","6180橘子","110/07/14","元大-羅東",20,0,20
"1752","6180橘子","110/07/14","台灣企銀-台中",1,16,-15
"1753","6180橘子","110/07/14","元大-台中中港",20,0,20
"1754","6180橘子","110/07/14","元大-北港",0,15,-15
"1755","6180橘子","110/07/14","富邦-嘉義",24,5,19
"1756","6180橘子","110/07/14","富邦-高雄",0,14,-14
"1757","6180橘子","110/07/14","富邦-仁愛",15,0,15
"1758","6180橘子","110/07/14","兆豐-埔墘",0,13,-13
"1759","6180橘子","110/07/14","國票-九鼎",13,0,13
"1760","6180橘子","110/07/14","第一金-中山",0,10,-10
"1761","6180橘子","110/07/14","日盛-木柵",12,0,12
"1762","6180橘子","110/07/14","元大-彰化民生",0,10,-10
"1763","6180橘子","110/07/14","元大-成功",10,0,10
"1764","6180橘子","110/07/14","福勝",1,10,-9
"1765","6180橘子","110/07/14","港商野村",10,2,8
"1766","6180橘子","110/07/14","群益金鼎-丹鳳",1,10,-9
"1767","6180橘子","110/07/14","玉山-左營",8,0,8
"1768","6180橘子","110/07/14","群益金鼎-板橋",0,8,-8
"1769","6180橘子","110/07/14","富邦-陽明",16,8,8
"1770","6180橘子","110/07/14","合庫-鳳山",0,7,-7
"1771","2390云辰","110/07/14","摩根大通",995,198,797
"1772","2390云辰","110/07/14","新加坡商瑞銀",28,399,-371
"1773","2390云辰","110/07/14","美林",383,22,361
"1774","2390云辰","110/07/14","凱基-新豐",3,198,-195
"1775","2390云辰","110/07/14","台灣摩根士丹利",684,358,326
"1776","2390云辰","110/07/14","元大-士林",1,152,-151
"1777","2390云辰","110/07/14","凱基-台北",656,402,254
"1778","2390云辰","110/07/14","元大-竹山",80,181,-101
"1779","2390云辰","110/07/14","日盛-和美",110,5,105
"1780","2390云辰","110/07/14","群益金鼎-開元",19,95,-76
"1781","2390云辰","110/07/14","元大-天母",72,0,72
"1782","2390云辰","110/07/14","新光",77,150,-73
"1783","2390云辰","110/07/14","永豐金-松山",57,0,57
"1784","2390云辰","110/07/14","元富-高雄",0,71,-71
"1785","2390云辰","110/07/14","統一-屏東",53,0,53
"1786","2390云辰","110/07/14","元大-土城學府",130,201,-71
"1787","2390云辰","110/07/14","港商野村",486,450,36
"1788","2390云辰","110/07/14","元大-善化",12,76,-64
"1789","2390云辰","110/07/14","致和-崇德",30,0,30
"1790","2390云辰","110/07/14","華南永昌-岡山",23,81,-58
"1791","2390云辰","110/07/14","富邦-台北",40,14,26
"1792","2390云辰","110/07/14","群益金鼎-大興",82,125,-43
"1793","2390云辰","110/07/14","台新-高雄",38,13,25
"1794","2390云辰","110/07/14","大慶-中壢",0,41,-41
"1795","2390云辰","110/07/14","富邦-板橋",32,7,25
"1796","2390云辰","110/07/14","玉山-板橋",6,47,-41
"1797","2390云辰","110/07/14","陽信-石牌",24,0,24
"1798","2390云辰","110/07/14","富邦-台東",2,42,-40
"1799","2390云辰","110/07/14","凱基-屏東",32,8,24
"1800","2390云辰","110/07/14","元大-新營",3,42,-39
"1801","2363矽統","110/07/14","台灣摩根士丹利",463,0,463
"1802","2363矽統","110/07/14","新加坡商瑞銀",568,1321,-753
"1803","2363矽統","110/07/14","台新證券",750,342,408
"1804","2363矽統","110/07/14","瑞士信貸",149,864,-715
"1805","2363矽統","110/07/14","玉山-台中",363,51,312
"1806","2363矽統","110/07/14","台新-屏東",115,380,-265
"1807","2363矽統","110/07/14","元大-斗六",223,25,198
"1808","2363矽統","110/07/14","永豐金證券",16,265,-249
"1809","2363矽統","110/07/14","華南永昌-朴子",208,38,170
"1810","2363矽統","110/07/14","美林",462,701,-239
"1811","2363矽統","110/07/14","元富-西松",169,12,157
"1812","2363矽統","110/07/14","宏遠-桃園",269,500,-231
"1813","2363矽統","110/07/14","永豐金-大園",146,6,140
"1814","2363矽統","110/07/14","凱基-竹北",36,254,-218
"1815","2363矽統","110/07/14","土銀-和平",134,0,134
"1816","2363矽統","110/07/14","港商法國興業",0,214,-214
"1817","2363矽統","110/07/14","富邦-新營",130,13,117
"1818","2363矽統","110/07/14","港商野村",835,1044,-209
"1819","2363矽統","110/07/14","元富-成功",118,11,107
"1820","2363矽統","110/07/14","北城證券",212,411,-199
"1821","2363矽統","110/07/14","元富-烏日",121,18,103
"1822","2363矽統","110/07/14","(牛牛牛)亞-鑫豐",51,241,-190
"1823","2363矽統","110/07/14","日盛-二林",120,18,102
"1824","2363矽統","110/07/14","國票-博愛",24,213,-189
"1825","2363矽統","110/07/14","兆豐-忠孝",98,2,96
"1826","2363矽統","110/07/14","大慶-蘆洲",134,316,-182
"1827","2363矽統","110/07/14","大慶-楊梅",92,3,89
"1828","2363矽統","110/07/14","彰銀-台中",15,193,-178
"1829","2363矽統","110/07/14","元富-三重",120,33,87
"1830","2363矽統","110/07/14","日盛-和美",18,185,-167
"1831","8112至上","110/07/14","新加坡商瑞銀",223,17,206
"1832","8112至上","110/07/14","瑞士信貸",8,170,-162
"1833","8112至上","110/07/14","摩根大通",285,129,156
"1834","8112至上","110/07/14","美林",55,202,-147
"1835","8112至上","110/07/14","花旗環球",124,0,124
"1836","8112至上","110/07/14","凱基-台北",325,436,-111
"1837","8112至上","110/07/14","兆豐-公益",117,4,113
"1838","8112至上","110/07/14","台中銀-台北",0,98,-98
"1839","8112至上","110/07/14","香港上海匯豐",111,0,111
"1840","8112至上","110/07/14","玉山-台大",17,107,-90
"1841","8112至上","110/07/14","永豐金-內湖",117,21,96
"1842","8112至上","110/07/14","康和-內湖",1,90,-89
"1843","8112至上","110/07/14","台灣摩根士丹利",108,16,92
"1844","8112至上","110/07/14","港商野村",21,84,-63
"1845","8112至上","110/07/14","元大-東蘆",77,0,77
"1846","8112至上","110/07/14","兆豐-北高雄",1,60,-59
"1847","8112至上","110/07/14","新光",108,48,60
"1848","8112至上","110/07/14","群益金鼎-海山",1,52,-51
"1849","8112至上","110/07/14","大慶-蘆洲",59,0,59
"1850","8112至上","110/07/14","群益金鼎-大安",0,50,-50
"1851","8112至上","110/07/14","華南永昌-台中",56,3,53
"1852","8112至上","110/07/14","富邦-仁愛",2,49,-47
"1853","8112至上","110/07/14","土銀-嘉義",52,2,50
"1854","8112至上","110/07/14","元大-金華",0,42,-42
"1855","8112至上","110/07/14","美商高盛",40,0,40
"1856","8112至上","110/07/14","元大-內湖",4,43,-39
"1857","8112至上","110/07/14","臺銀",63,29,34
"1858","8112至上","110/07/14","第一金-華江",2,37,-35
"1859","8112至上","110/07/14","元富-嘉義",31,0,31
"1860","8112至上","110/07/14","永豐金-苓雅",2,34,-32
"1861","1570力肯","110/07/14","國票-北高雄",68,0,68
"1862","1570力肯","110/07/14","摩根大通",0,21,-21
"1863","1570力肯","110/07/14","日盛-八德",30,1,29
"1864","1570力肯","110/07/14","新光",1,19,-18
"1865","1570力肯","110/07/14","玉山-高雄",7,0,7
"1866","1570力肯","110/07/14","(牛牛牛)亞-鑫豐",0,17,-17
"1867","1570力肯","110/07/14","臺銀-臺南",5,0,5
"1868","1570力肯","110/07/14","日盛-士林",0,10,-10
"1869","1570力肯","110/07/14","凱基-三峽",5,0,5
"1870","1570力肯","110/07/14","統一-員林",0,10,-10
"1871","1570力肯","110/07/14","元大-和平",5,0,5
"1872","1570力肯","110/07/14","國票-新莊",0,10,-10
"1873","1570力肯","110/07/14","合庫-三重",4,0,4
"1874","1570力肯","110/07/14","凱基-高美館",0,10,-10
"1875","1570力肯","110/07/14","瑞士信貸",4,0,4
"1876","1570力肯","110/07/14","元大-屏東民生",0,5,-5
"1877","1570力肯","110/07/14","統一-三多",4,0,4
"1878","1570力肯","110/07/14","元大-古亭",0,5,-5
"1879","1570力肯","110/07/14","華南永昌-古亭",4,0,4
"1880","1570力肯","110/07/14","日盛-木柵",0,4,-4
"1881","1570力肯","110/07/14","元大-高雄",3,0,3
"1882","1570力肯","110/07/14","大昌",0,4,-4
"1883","1570力肯","110/07/14","兆豐-忠孝",2,0,2
"1884","1570力肯","110/07/14","群益金鼎-東大",0,4,-4
"1885","1570力肯","110/07/14","富邦-陽明",2,0,2
"1886","1570力肯","110/07/14","凱基-台北",0,4,-4
"1887","1570力肯","110/07/14","元大-松山",2,0,2
"1888","1570力肯","110/07/14","元大-板橋",0,4,-4
"1889","1570力肯","110/07/14","元大-忠孝",2,0,2
"1890","1570力肯","110/07/14","第一金-中山",0,3,-3
"1891","2929淘帝","110/07/14","華南永昌-林口",60,0,60
"1892","2929淘帝","110/07/14","群益金鼎",25,540,-515
"1893","2929淘帝","110/07/14","美林",87,31,56
"1894","2929淘帝","110/07/14","國泰-台南",1,30,-29
"1895","2929淘帝","110/07/14","元富-台南",40,0,40
"1896","2929淘帝","110/07/14","宏遠-桃園",0,20,-20
"1897","2929淘帝","110/07/14","元大-民生",39,0,39
"1898","2929淘帝","110/07/14","摩根大通",11,31,-20
"1899","2929淘帝","110/07/14","臺銀-鳳山",34,0,34
"1900","2929淘帝","110/07/14","台新-建北",5,20,-15
"1901","2929淘帝","110/07/14","合庫-高雄",34,1,33
"1902","2929淘帝","110/07/14","新光",1,16,-15
"1903","2929淘帝","110/07/14","華南永昌-鶯歌",28,0,28
"1904","2929淘帝","110/07/14","玉山-板橋",0,15,-15
"1905","2929淘帝","110/07/14","永興",25,0,25
"1906","2929淘帝","110/07/14","凱基-羅東",0,15,-15
"1907","2929淘帝","110/07/14","元大-新盛",25,1,24
"1908","2929淘帝","110/07/14","元大-頭份",0,15,-15
"1909","2929淘帝","110/07/14","日盛-南京",23,0,23
"1910","2929淘帝","110/07/14","第一金-台南",0,13,-13
"1911","2929淘帝","110/07/14","日茂",20,0,20
"1912","2929淘帝","110/07/14","富邦-基隆",0,12,-12
"1913","2929淘帝","110/07/14","台新-台中",20,0,20
"1914","2929淘帝","110/07/14","日茂-南投",1,12,-11
"1915","2929淘帝","110/07/14","華南永昌",20,0,20
"1916","2929淘帝","110/07/14","元大-豐原站前",0,11,-11
"1917","2929淘帝","110/07/14","福勝",15,0,15
"1918","2929淘帝","110/07/14","玉山-士林",0,10,-10
"1919","2929淘帝","110/07/14","富邦-南屯",15,0,15
"1920","2929淘帝","110/07/14","富邦-台北",0,10,-10
"1921","5410國眾","110/07/14","兆豐-城中",35,0,35
"1922","5410國眾","110/07/14","瑞士信貸",0,29,-29
"1923","5410國眾","110/07/14","新光",21,1,20
"1924","5410國眾","110/07/14","國泰-板橋",1,30,-29
"1925","5410國眾","110/07/14","國泰-敦南",21,1,20
"1926","5410國眾","110/07/14","日盛-高雄",0,20,-20
"1927","5410國眾","110/07/14","國泰-台中",20,1,19
"1928","5410國眾","110/07/14","台新-左楠",1,20,-19
"1929","5410國眾","110/07/14","元大-崇德",19,0,19
"1930","5410國眾","110/07/14","元富-大昌",1,18,-17
"1931","5410國眾","110/07/14","土銀-士林",18,0,18
"1932","5410國眾","110/07/14","富邦-建國",0,15,-15
"1933","5410國眾","110/07/14","元大-新盛",20,2,18
"1934","5410國眾","110/07/14","元富-嘉義",0,12,-12
"1935","5410國眾","110/07/14","兆豐-高雄",15,0,15
"1936","5410國眾","110/07/14","永全-南崁",0,12,-12
"1937","5410國眾","110/07/14","宏遠-中和",10,0,10
"1938","5410國眾","110/07/14","元大-員林",0,11,-11
"1939","5410國眾","110/07/14","新光-桃園",10,0,10
"1940","5410國眾","110/07/14","高橋",0,10,-10
"1941","5410國眾","110/07/14","國泰-台南",10,0,10
"1942","5410國眾","110/07/14","永興",0,10,-10
"1943","5410國眾","110/07/14","元大-復北",10,0,10
"1944","5410國眾","110/07/14","華南永昌-三重",0,10,-10
"1945","5410國眾","110/07/14","元大-竹科",8,0,8
"1946","5410國眾","110/07/14","元大-苑裡",0,7,-7
"1947","5410國眾","110/07/14","台新-新營",6,0,6
"1948","5410國眾","110/07/14","港商野村",0,6,-6
"1949","5410國眾","110/07/14","日盛-士林",5,0,5
"1950","5410國眾","110/07/14","摩根大通",5,11,-6
"1951","2841台開","110/07/14","凱基-文心",73,0,73
"1952","2841台開","110/07/14","國泰-敦南",0,50,-50
"1953","2841台開","110/07/14","元富-潮州",30,0,30
"1954","2841台開","110/07/14","凱基-中壢",0,40,-40
"1955","2841台開","110/07/14","第一金-台中",20,0,20
"1956","2841台開","110/07/14","統一-新竹",0,24,-24
"1957","2841台開","110/07/14","華南永昌-新莊",20,0,20
"1958","2841台開","110/07/14","元富-草屯",0,20,-20
"1959","2841台開","110/07/14","永豐金-豐原",20,0,20
"1960","2841台開","110/07/14","台新-台南",0,20,-20
"1961","2841台開","110/07/14","國泰-館前",15,0,15
"1962","2841台開","110/07/14","永豐金-敦南",45,63,-18
"1963","2841台開","110/07/14","群益金鼎-基隆",12,0,12
"1964","2841台開","110/07/14","國票-北高雄",0,13,-13
"1965","2841台開","110/07/14","日盛-信義",10,0,10
"1966","2841台開","110/07/14","凱基-松山",0,10,-10
"1967","2841台開","110/07/14","台新-台中",10,0,10
"1968","2841台開","110/07/14","元大證券",0,10,-10
"1969","2841台開","110/07/14","新光",10,1,9
"1970","2841台開","110/07/14","元大-中壢",0,10,-10
"1971","2841台開","110/07/14","凱基-新店",8,0,8
"1972","2841台開","110/07/14","富邦-陽明",1,10,-9
"1973","2841台開","110/07/14","元大-斗信",7,0,7
"1974","2841台開","110/07/14","富邦-建國",0,9,-9
"1975","2841台開","110/07/14","元大-三重",6,0,6
"1976","2841台開","110/07/14","富邦-台南",0,8,-8
"1977","2841台開","110/07/14","永豐金-中和",6,0,6
"1978","2841台開","110/07/14","康和-澎湖",0,7,-7
"1979","2841台開","110/07/14","元富-成功",5,0,5
"1980","2841台開","110/07/14","日盛-斗六",0,6,-6
"1981","6207雷科","110/07/14","群益金鼎-台北",60,0,60
"1982","6207雷科","110/07/14","新加坡商瑞銀",10,56,-46
"1983","6207雷科","110/07/14","台新-高雄",43,3,40
"1984","6207雷科","110/07/14","國票-中和",0,41,-41
"1985","6207雷科","110/07/14","元大-高雄",19,0,19
"1986","6207雷科","110/07/14","元大-復北",0,33,-33
"1987","6207雷科","110/07/14","福勝",15,0,15
"1988","6207雷科","110/07/14","光和-和美",0,20,-20
"1989","6207雷科","110/07/14","群益金鼎-中山",15,0,15
"1990","6207雷科","110/07/14","群益金鼎-丹鳳",0,20,-20
"1991","6207雷科","110/07/14","元大-林園",15,0,15
"1992","6207雷科","110/07/14","第一金-路竹",0,10,-10
"1993","6207雷科","110/07/14","新光",12,0,12
"1994","6207雷科","110/07/14","元大-歸仁",0,10,-10
"1995","6207雷科","110/07/14","元大-大天母",10,0,10
"1996","6207雷科","110/07/14","宏遠-館前",0,9,-9
"1997","6207雷科","110/07/14","永豐金-忠孝",9,0,9
"1998","6207雷科","110/07/14","凱基-台北",12,20,-8
"1999","6207雷科","110/07/14","永豐金-新店",7,0,7
"2000","6207雷科","110/07/14","美林",0,7,-7
"2001","6207雷科","110/07/14","玉山-嘉義",6,0,6
"2002","6207雷科","110/07/14","摩根大通",16,23,-7
"2003","6207雷科","110/07/14","元大-屏東",6,0,6
"2004","6207雷科","110/07/14","凱基-高雄",1,7,-6
"2005","6207雷科","110/07/14","凱基-大安",5,0,5
"2006","6207雷科","110/07/14","台中銀-豐原",0,5,-5
"2007","6207雷科","110/07/14","富邦-台南",5,0,5
"2008","6207雷科","110/07/14","元大-新竹經國",0,5,-5
"2009","6207雷科","110/07/14","元大-成功",5,0,5
"2010","6207雷科","110/07/14","光和-田中",0,4,-4
"2011","3679新至陞","110/07/14","凱基-台北",31,6,25
"2012","3679新至陞","110/07/14","群益金鼎-東大",0,15,-15
"2013","3679新至陞","110/07/14","華南永昌-新莊",10,0,10
"2014","3679新至陞","110/07/14","瑞士信貸",0,12,-12
"2015","3679新至陞","110/07/14","新加坡商瑞銀",11,3,8
"2016","3679新至陞","110/07/14","群益金鼎-永和",0,10,-10
"2017","3679新至陞","110/07/14","美商高盛",6,0,6
"2018","3679新至陞","110/07/14","元大-成功",5,15,-10
"2019","3679新至陞","110/07/14","第一金-中壢",6,0,6
"2020","3679新至陞","110/07/14","統一-板橋",1,10,-9
"2021","3679新至陞","110/07/14","(牛牛牛)亞-網路",4,0,4
"2022","3679新至陞","110/07/14","玉山-左營",0,5,-5
"2023","3679新至陞","110/07/14","元大-六合",3,0,3
"2024","3679新至陞","110/07/14","群益金鼎-三民",0,4,-4
"2025","3679新至陞","110/07/14","合庫-自強",2,0,2
"2026","3679新至陞","110/07/14","富邦-宜蘭",0,4,-4
"2027","3679新至陞","110/07/14","高橋-內壢",2,0,2
"2028","3679新至陞","110/07/14","永豐金-苓雅",0,3,-3
"2029","3679新至陞","110/07/14","台中銀-員林",2,0,2
"2030","3679新至陞","110/07/14","摩根大通",5,7,-2
"2031","3679新至陞","110/07/14","凱基-高美館",2,0,2
"2032","3679新至陞","110/07/14","元大-板橋三民",0,2,-2
"2033","3679新至陞","110/07/14","元大-福營",2,0,2
"2034","3679新至陞","110/07/14","宏遠-中和",0,1,-1
"2035","3679新至陞","110/07/14","永豐金-松山",2,0,2
"2036","3679新至陞","110/07/14","元富-佳里",0,1,-1
"2037","3679新至陞","110/07/14","永豐金-萬盛",2,0,2
"2038","3679新至陞","110/07/14","(牛牛牛)亞-鑫豐",0,1,-1
"2039","3679新至陞","110/07/14","元富-松德",1,0,1
"2040","3679新至陞","110/07/14","中國信託-中壢",0,1,-1
"2041","2727王品","110/07/14","富邦-左營",102,1,101
"2042","2727王品","110/07/14","統一-城中",100,234,-134
"2043","2727王品","110/07/14","國泰-板橋",105,11,94
"2044","2727王品","110/07/14","富邦-台北",1,125,-124
"2045","2727王品","110/07/14","港商野村",149,72,77
"2046","2727王品","110/07/14","台灣摩根士丹利",1,48,-47
"2047","2727王品","110/07/14","合庫-台中",66,2,64
"2048","2727王品","110/07/14","國票-新莊",0,40,-40
"2049","2727王品","110/07/14","臺銀-金山",63,8,55
"2050","2727王品","110/07/14","永豐金-忠孝",2,39,-37
"2051","2727王品","110/07/14","摩根大通",83,39,44
"2052","2727王品","110/07/14","富邦-彰化",1,34,-33
"2053","2727王品","110/07/14","凱基-台北",84,42,42
"2054","2727王品","110/07/14","康和-高雄",0,30,-30
"2055","2727王品","110/07/14","土銀-台中",35,1,34
"2056","2727王品","110/07/14","安泰",0,26,-26
"2057","2727王品","110/07/14","華南永昌-麻豆",32,1,31
"2058","2727王品","110/07/14","富邦-新竹華信",0,21,-21
"2059","2727王品","110/07/14","元大證券",85,55,30
"2060","2727王品","110/07/14","元大-南崁",1,22,-21
"2061","2727王品","110/07/14","新加坡商瑞銀",40,15,25
"2062","2727王品","110/07/14","彰銀-台中",0,18,-18
"2063","2727王品","110/07/14","日盛-八德",19,0,19
"2064","2727王品","110/07/14","元富-同大",2,20,-18
"2065","2727王品","110/07/14","統一",35,17,18
"2066","2727王品","110/07/14","玉山-嘉義",1,17,-16
"2067","2727王品","110/07/14","元富-大昌",18,1,17
"2068","2727王品","110/07/14","國泰-館前",4,20,-16
"2069","2727王品","110/07/14","玉山-板橋",15,1,14
"2070","2727王品","110/07/14","第一金-嘉義",1,13,-12
"2071","1570力肯","110/07/14","國票-北高雄",68,0,68
"2072","1570力肯","110/07/14","摩根大通",0,21,-21
"2073","1570力肯","110/07/14","日盛-八德",30,1,29
"2074","1570力肯","110/07/14","新光",1,19,-18
"2075","1570力肯","110/07/14","玉山-高雄",7,0,7
"2076","1570力肯","110/07/14","(牛牛牛)亞-鑫豐",0,17,-17
"2077","1570力肯","110/07/14","臺銀-臺南",5,0,5
"2078","1570力肯","110/07/14","日盛-士林",0,10,-10
"2079","1570力肯","110/07/14","凱基-三峽",5,0,5
"2080","1570力肯","110/07/14","統一-員林",0,10,-10
"2081","1570力肯","110/07/14","元大-和平",5,0,5
"2082","1570力肯","110/07/14","國票-新莊",0,10,-10
"2083","1570力肯","110/07/14","合庫-三重",4,0,4
"2084","1570力肯","110/07/14","凱基-高美館",0,10,-10
"2085","1570力肯","110/07/14","瑞士信貸",4,0,4
"2086","1570力肯","110/07/14","元大-屏東民生",0,5,-5
"2087","1570力肯","110/07/14","統一-三多",4,0,4
"2088","1570力肯","110/07/14","元大-古亭",0,5,-5
"2089","1570力肯","110/07/14","華南永昌-古亭",4,0,4
"2090","1570力肯","110/07/14","日盛-木柵",0,4,-4
"2091","1570力肯","110/07/14","元大-高雄",3,0,3
"2092","1570力肯","110/07/14","大昌",0,4,-4
"2093","1570力肯","110/07/14","兆豐-忠孝",2,0,2
"2094","1570力肯","110/07/14","群益金鼎-東大",0,4,-4
"2095","1570力肯","110/07/14","富邦-陽明",2,0,2
"2096","1570力肯","110/07/14","凱基-台北",0,4,-4
"2097","1570力肯","110/07/14","元大-松山",2,0,2
"2098","1570力肯","110/07/14","元大-板橋",0,4,-4
"2099","1570力肯","110/07/14","元大-忠孝",2,0,2
"2100","1570力肯","110/07/14","第一金-中山",0,3,-3
"2101","6180橘子","110/07/14","新加坡商瑞銀",84,28,56
"2102","6180橘子","110/07/14","凱基-台北",4,37,-33
"2103","6180橘子","110/07/14","日盛-信義",29,1,28
"2104","6180橘子","110/07/14","玉山-台南",1,22,-21
"2105","6180橘子","110/07/14","豐農",28,4,24
"2106","6180橘子","110/07/14","日盛-新竹",1,21,-20
"2107","6180橘子","110/07/14","新光-新竹",24,1,23
"2108","6180橘子","110/07/14","元富-潮州",0,19,-19
"2109","6180橘子","110/07/14","華南永昌-高雄",20,0,20
"2110","6180橘子","110/07/14","元大-信義",0,17,-17
"2111","6180橘子","110/07/14","元大-羅東",20,0,20
"2112","6180橘子","110/07/14","台灣企銀-台中",1,16,-15
"2113","6180橘子","110/07/14","元大-台中中港",20,0,20
"2114","6180橘子","110/07/14","元大-北港",0,15,-15
"2115","6180橘子","110/07/14","富邦-嘉義",24,5,19
"2116","6180橘子","110/07/14","富邦-高雄",0,14,-14
"2117","6180橘子","110/07/14","富邦-仁愛",15,0,15
"2118","6180橘子","110/07/14","兆豐-埔墘",0,13,-13
"2119","6180橘子","110/07/14","國票-九鼎",13,0,13
"2120","6180橘子","110/07/14","第一金-中山",0,10,-10
"2121","6180橘子","110/07/14","日盛-木柵",12,0,12
"2122","6180橘子","110/07/14","元大-彰化民生",0,10,-10
"2123","6180橘子","110/07/14","元大-成功",10,0,10
"2124","6180橘子","110/07/14","福勝",1,10,-9
"2125","6180橘子","110/07/14","港商野村",10,2,8
"2126","6180橘子","110/07/14","群益金鼎-丹鳳",1,10,-9
"2127","6180橘子","110/07/14","玉山-左營",8,0,8
"2128","6180橘子","110/07/14","群益金鼎-板橋",0,8,-8
"2129","6180橘子","110/07/14","富邦-陽明",16,8,8
"2130","6180橘子","110/07/14","合庫-鳳山",0,7,-7
"2131","2390云辰","110/07/14","摩根大通",995,198,797
"2132","2390云辰","110/07/14","新加坡商瑞銀",28,399,-371
"2133","2390云辰","110/07/14","美林",383,22,361
"2134","2390云辰","110/07/14","凱基-新豐",3,198,-195
"2135","2390云辰","110/07/14","台灣摩根士丹利",684,358,326
"2136","2390云辰","110/07/14","元大-士林",1,152,-151
"2137","2390云辰","110/07/14","凱基-台北",656,402,254
"2138","2390云辰","110/07/14","元大-竹山",80,181,-101
"2139","2390云辰","110/07/14","日盛-和美",110,5,105
"2140","2390云辰","110/07/14","群益金鼎-開元",19,95,-76
"2141","2390云辰","110/07/14","元大-天母",72,0,72
"2142","2390云辰","110/07/14","新光",77,150,-73
"2143","2390云辰","110/07/14","永豐金-松山",57,0,57
"2144","2390云辰","110/07/14","元富-高雄",0,71,-71
"2145","2390云辰","110/07/14","統一-屏東",53,0,53
"2146","2390云辰","110/07/14","元大-土城學府",130,201,-71
"2147","2390云辰","110/07/14","港商野村",486,450,36
"2148","2390云辰","110/07/14","元大-善化",12,76,-64
"2149","2390云辰","110/07/14","致和-崇德",30,0,30
"2150","2390云辰","110/07/14","華南永昌-岡山",23,81,-58
"2151","2390云辰","110/07/14","富邦-台北",40,14,26
"2152","2390云辰","110/07/14","群益金鼎-大興",82,125,-43
"2153","2390云辰","110/07/14","台新-高雄",38,13,25
"2154","2390云辰","110/07/14","大慶-中壢",0,41,-41
"2155","2390云辰","110/07/14","富邦-板橋",32,7,25
"2156","2390云辰","110/07/14","玉山-板橋",6,47,-41
"2157","2390云辰","110/07/14","陽信-石牌",24,0,24
"2158","2390云辰","110/07/14","富邦-台東",2,42,-40
"2159","2390云辰","110/07/14","凱基-屏東",32,8,24
"2160","2390云辰","110/07/14","元大-新營",3,42,-39
"2161","2363矽統","110/07/14","台灣摩根士丹利",463,0,463
"2162","2363矽統","110/07/14","新加坡商瑞銀",568,1321,-753
"2163","2363矽統","110/07/14","台新證券",750,342,408
"2164","2363矽統","110/07/14","瑞士信貸",149,864,-715
"2165","2363矽統","110/07/14","玉山-台中",363,51,312
"2166","2363矽統","110/07/14","台新-屏東",115,380,-265
"2167","2363矽統","110/07/14","元大-斗六",223,25,198
"2168","2363矽統","110/07/14","永豐金證券",16,265,-249
"2169","2363矽統","110/07/14","華南永昌-朴子",208,38,170
"2170","2363矽統","110/07/14","美林",462,701,-239
"2171","2363矽統","110/07/14","元富-西松",169,12,157
"2172","2363矽統","110/07/14","宏遠-桃園",269,500,-231
"2173","2363矽統","110/07/14","永豐金-大園",146,6,140
"2174","2363矽統","110/07/14","凱基-竹北",36,254,-218
"2175","2363矽統","110/07/14","土銀-和平",134,0,134
"2176","2363矽統","110/07/14","港商法國興業",0,214,-214
"2177","2363矽統","110/07/14","富邦-新營",130,13,117
"2178","2363矽統","110/07/14","港商野村",835,1044,-209
"2179","2363矽統","110/07/14","元富-成功",118,11,107
"2180","2363矽統","110/07/14","北城證券",212,411,-199
"2181","2363矽統","110/07/14","元富-烏日",121,18,103
"2182","2363矽統","110/07/14","(牛牛牛)亞-鑫豐",51,241,-190
"2183","2363矽統","110/07/14","日盛-二林",120,18,102
"2184","2363矽統","110/07/14","國票-博愛",24,213,-189
"2185","2363矽統","110/07/14","兆豐-忠孝",98,2,96
"2186","2363矽統","110/07/14","大慶-蘆洲",134,316,-182
"2187","2363矽統","110/07/14","大慶-楊梅",92,3,89
"2188","2363矽統","110/07/14","彰銀-台中",15,193,-178
"2189","2363矽統","110/07/14","元富-三重",120,33,87
"2190","2363矽統","110/07/14","日盛-和美",18,185,-167
"2191","8112至上","110/07/14","新加坡商瑞銀",223,17,206
"2192","8112至上","110/07/14","瑞士信貸",8,170,-162
"2193","8112至上","110/07/14","摩根大通",285,129,156
"2194","8112至上","110/07/14","美林",55,202,-147
"2195","8112至上","110/07/14","花旗環球",124,0,124
"2196","8112至上","110/07/14","凱基-台北",325,436,-111
"2197","8112至上","110/07/14","兆豐-公益",117,4,113
"2198","8112至上","110/07/14","台中銀-台北",0,98,-98
"2199","8112至上","110/07/14","香港上海匯豐",111,0,111
"2200","8112至上","110/07/14","玉山-台大",17,107,-90
"2201","8112至上","110/07/14","永豐金-內湖",117,21,96
"2202","8112至上","110/07/14","康和-內湖",1,90,-89
"2203","8112至上","110/07/14","台灣摩根士丹利",108,16,92
"2204","8112至上","110/07/14","港商野村",21,84,-63
"2205","8112至上","110/07/14","元大-東蘆",77,0,77
"2206","8112至上","110/07/14","兆豐-北高雄",1,60,-59
"2207","8112至上","110/07/14","新光",108,48,60
"2208","8112至上","110/07/14","群益金鼎-海山",1,52,-51
"2209","8112至上","110/07/14","大慶-蘆洲",59,0,59
"2210","8112至上","110/07/14","群益金鼎-大安",0,50,-50
"2211","8112至上","110/07/14","華南永昌-台中",56,3,53
"2212","8112至上","110/07/14","富邦-仁愛",2,49,-47
"2213","8112至上","110/07/14","土銀-嘉義",52,2,50
"2214","8112至上","110/07/14","元大-金華",0,42,-42
"2215","8112至上","110/07/14","美商高盛",40,0,40
"2216","8112至上","110/07/14","元大-內湖",4,43,-39
"2217","8112至上","110/07/14","臺銀",63,29,34
"2218","8112至上","110/07/14","第一金-華江",2,37,-35
"2219","8112至上","110/07/14","元富-嘉義",31,0,31
"2220","8112至上","110/07/14","永豐金-苓雅",2,34,-32
"2221","1570力肯","110/07/14","國票-北高雄",68,0,68
"2222","1570力肯","110/07/14","摩根大通",0,21,-21
"2223","1570力肯","110/07/14","日盛-八德",30,1,29
"2224","1570力肯","110/07/14","新光",1,19,-18
"2225","1570力肯","110/07/14","玉山-高雄",7,0,7
"2226","1570力肯","110/07/14","(牛牛牛)亞-鑫豐",0,17,-17
"2227","1570力肯","110/07/14","臺銀-臺南",5,0,5
"2228","1570力肯","110/07/14","日盛-士林",0,10,-10
"2229","1570力肯","110/07/14","凱基-三峽",5,0,5
"2230","1570力肯","110/07/14","統一-員林",0,10,-10
"2231","1570力肯","110/07/14","元大-和平",5,0,5
"2232","1570力肯","110/07/14","國票-新莊",0,10,-10
"2233","1570力肯","110/07/14","合庫-三重",4,0,4
"2234","1570力肯","110/07/14","凱基-高美館",0,10,-10
"2235","1570力肯","110/07/14","瑞士信貸",4,0,4
"2236","1570力肯","110/07/14","元大-屏東民生",0,5,-5
"2237","1570力肯","110/07/14","統一-三多",4,0,4
"2238","1570力肯","110/07/14","元大-古亭",0,5,-5
"2239","1570力肯","110/07/14","華南永昌-古亭",4,0,4
"2240","1570力肯","110/07/14","日盛-木柵",0,4,-4
"2241","1570力肯","110/07/14","元大-高雄",3,0,3
"2242","1570力肯","110/07/14","大昌",0,4,-4
"2243","1570力肯","110/07/14","兆豐-忠孝",2,0,2
"2244","1570力肯","110/07/14","群益金鼎-東大",0,4,-4
"2245","1570力肯","110/07/14","富邦-陽明",2,0,2
"2246","1570力肯","110/07/14","凱基-台北",0,4,-4
"2247","1570力肯","110/07/14","元大-松山",2,0,2
"2248","1570力肯","110/07/14","元大-板橋",0,4,-4
"2249","1570力肯","110/07/14","元大-忠孝",2,0,2
"2250","1570力肯","110/07/14","第一金-中山",0,3,-3
"2251","2929淘帝","110/07/14","華南永昌-林口",60,0,60
"2252","2929淘帝","110/07/14","群益金鼎",25,540,-515
"2253","2929淘帝","110/07/14","美林",87,31,56
"2254","2929淘帝","110/07/14","國泰-台南",1,30,-29
"2255","2929淘帝","110/07/14","元富-台南",40,0,40
"2256","2929淘帝","110/07/14","宏遠-桃園",0,20,-20
"2257","2929淘帝","110/07/14","元大-民生",39,0,39
"2258","2929淘帝","110/07/14","摩根大通",11,31,-20
"2259","2929淘帝","110/07/14","臺銀-鳳山",34,0,34
"2260","2929淘帝","110/07/14","台新-建北",5,20,-15
"2261","2929淘帝","110/07/14","合庫-高雄",34,1,33
"2262","2929淘帝","110/07/14","新光",1,16,-15
"2263","2929淘帝","110/07/14","華南永昌-鶯歌",28,0,28
"2264","2929淘帝","110/07/14","玉山-板橋",0,15,-15
"2265","2929淘帝","110/07/14","永興",25,0,25
"2266","2929淘帝","110/07/14","凱基-羅東",0,15,-15
"2267","2929淘帝","110/07/14","元大-新盛",25,1,24
"2268","2929淘帝","110/07/14","元大-頭份",0,15,-15
"2269","2929淘帝","110/07/14","日盛-南京",23,0,23
"2270","2929淘帝","110/07/14","第一金-台南",0,13,-13
"2271","2929淘帝","110/07/14","日茂",20,0,20
"2272","2929淘帝","110/07/14","富邦-基隆",0,12,-12
"2273","2929淘帝","110/07/14","台新-台中",20,0,20
"2274","2929淘帝","110/07/14","日茂-南投",1,12,-11
"2275","2929淘帝","110/07/14","華南永昌",20,0,20
"2276","2929淘帝","110/07/14","元大-豐原站前",0,11,-11
"2277","2929淘帝","110/07/14","福勝",15,0,15
"2278","2929淘帝","110/07/14","玉山-士林",0,10,-10
"2279","2929淘帝","110/07/14","富邦-南屯",15,0,15
"2280","2929淘帝","110/07/14","富邦-台北",0,10,-10
"2281","5410國眾","110/07/14","兆豐-城中",35,0,35
"2282","5410國眾","110/07/14","瑞士信貸",0,29,-29
"2283","5410國眾","110/07/14","新光",21,1,20
"2284","5410國眾","110/07/14","國泰-板橋",1,30,-29
"2285","5410國眾","110/07/14","國泰-敦南",21,1,20
"2286","5410國眾","110/07/14","日盛-高雄",0,20,-20
"2287","5410國眾","110/07/14","國泰-台中",20,1,19
"2288","5410國眾","110/07/14","台新-左楠",1,20,-19
"2289","5410國眾","110/07/14","元大-崇德",19,0,19
"2290","5410國眾","110/07/14","元富-大昌",1,18,-17
"2291","5410國眾","110/07/14","土銀-士林",18,0,18
"2292","5410國眾","110/07/14","富邦-建國",0,15,-15
"2293","5410國眾","110/07/14","元大-新盛",20,2,18
"2294","5410國眾","110/07/14","元富-嘉義",0,12,-12
"2295","5410國眾","110/07/14","兆豐-高雄",15,0,15
"2296","5410國眾","110/07/14","永全-南崁",0,12,-12
"2297","5410國眾","110/07/14","宏遠-中和",10,0,10
"2298","5410國眾","110/07/14","元大-員林",0,11,-11
"2299","5410國眾","110/07/14","新光-桃園",10,0,10
"2300","5410國眾","110/07/14","高橋",0,10,-10
"2301","5410國眾","110/07/14","國泰-台南",10,0,10
"2302","5410國眾","110/07/14","永興",0,10,-10
"2303","5410國眾","110/07/14","元大-復北",10,0,10
"2304","5410國眾","110/07/14","華南永昌-三重",0,10,-10
"2305","5410國眾","110/07/14","元大-竹科",8,0,8
"2306","5410國眾","110/07/14","元大-苑裡",0,7,-7
"2307","5410國眾","110/07/14","台新-新營",6,0,6
"2308","5410國眾","110/07/14","港商野村",0,6,-6
"2309","5410國眾","110/07/14","日盛-士林",5,0,5
"2310","5410國眾","110/07/14","摩根大通",5,11,-6
"2311","2841台開","110/07/14","凱基-文心",73,0,73
"2312","2841台開","110/07/14","國泰-敦南",0,50,-50
"2313","2841台開","110/07/14","元富-潮州",30,0,30
"2314","2841台開","110/07/14","凱基-中壢",0,40,-40
"2315","2841台開","110/07/14","第一金-台中",20,0,20
"2316","2841台開","110/07/14","統一-新竹",0,24,-24
"2317","2841台開","110/07/14","華南永昌-新莊",20,0,20
"2318","2841台開","110/07/14","元富-草屯",0,20,-20
"2319","2841台開","110/07/14","永豐金-豐原",20,0,20
"2320","2841台開","110/07/14","台新-台南",0,20,-20
"2321","2841台開","110/07/14","國泰-館前",15,0,15
"2322","2841台開","110/07/14","永豐金-敦南",45,63,-18
"2323","2841台開","110/07/14","群益金鼎-基隆",12,0,12
"2324","2841台開","110/07/14","國票-北高雄",0,13,-13
"2325","2841台開","110/07/14","日盛-信義",10,0,10
"2326","2841台開","110/07/14","凱基-松山",0,10,-10
"2327","2841台開","110/07/14","台新-台中",10,0,10
"2328","2841台開","110/07/14","元大證券",0,10,-10
"2329","2841台開","110/07/14","新光",10,1,9
"2330","2841台開","110/07/14","元大-中壢",0,10,-10
"2331","2841台開","110/07/14","凱基-新店",8,0,8
"2332","2841台開","110/07/14","富邦-陽明",1,10,-9
"2333","2841台開","110/07/14","元大-斗信",7,0,7
"2334","2841台開","110/07/14","富邦-建國",0,9,-9
"2335","2841台開","110/07/14","元大-三重",6,0,6
"2336","2841台開","110/07/14","富邦-台南",0,8,-8
"2337","2841台開","110/07/14","永豐金-中和",6,0,6
"2338","2841台開","110/07/14","康和-澎湖",0,7,-7
"2339","2841台開","110/07/14","元富-成功",5,0,5
"2340","2841台開","110/07/14","日盛-斗六",0,6,-6
"2341","6207雷科","110/07/14","群益金鼎-台北",60,0,60
"2342","6207雷科","110/07/14","新加坡商瑞銀",10,56,-46
"2343","6207雷科","110/07/14","台新-高雄",43,3,40
"2344","6207雷科","110/07/14","國票-中和",0,41,-41
"2345","6207雷科","110/07/14","元大-高雄",19,0,19
"2346","6207雷科","110/07/14","元大-復北",0,33,-33
"2347","6207雷科","110/07/14","福勝",15,0,15
"2348","6207雷科","110/07/14","光和-和美",0,20,-20
"2349","6207雷科","110/07/14","群益金鼎-中山",15,0,15
"2350","6207雷科","110/07/14","群益金鼎-丹鳳",0,20,-20
"2351","6207雷科","110/07/14","元大-林園",15,0,15
"2352","6207雷科","110/07/14","第一金-路竹",0,10,-10
"2353","6207雷科","110/07/14","新光",12,0,12
"2354","6207雷科","110/07/14","元大-歸仁",0,10,-10
"2355","6207雷科","110/07/14","元大-大天母",10,0,10
"2356","6207雷科","110/07/14","宏遠-館前",0,9,-9
"2357","6207雷科","110/07/14","永豐金-忠孝",9,0,9
"2358","6207雷科","110/07/14","凱基-台北",12,20,-8
"2359","6207雷科","110/07/14","永豐金-新店",7,0,7
"2360","6207雷科","110/07/14","美林",0,7,-7
"2361","6207雷科","110/07/14","玉山-嘉義",6,0,6
"2362","6207雷科","110/07/14","摩根大通",16,23,-7
"2363","6207雷科","110/07/14","元大-屏東",6,0,6
"2364","6207雷科","110/07/14","凱基-高雄",1,7,-6
"2365","6207雷科","110/07/14","凱基-大安",5,0,5
"2366","6207雷科","110/07/14","台中銀-豐原",0,5,-5
"2367","6207雷科","110/07/14","富邦-台南",5,0,5
"2368","6207雷科","110/07/14","元大-新竹經國",0,5,-5
"2369","6207雷科","110/07/14","元大-成功",5,0,5
"2370","6207雷科","110/07/14","光和-田中",0,4,-4
"2371","3679新至陞","110/07/14","凱基-台北",31,6,25
"2372","3679新至陞","110/07/14","群益金鼎-東大",0,15,-15
"2373","3679新至陞","110/07/14","華南永昌-新莊",10,0,10
"2374","3679新至陞","110/07/14","瑞士信貸",0,12,-12
"2375","3679新至陞","110/07/14","新加坡商瑞銀",11,3,8
"2376","3679新至陞","110/07/14","群益金鼎-永和",0,10,-10
"2377","3679新至陞","110/07/14","美商高盛",6,0,6
"2378","3679新至陞","110/07/14","元大-成功",5,15,-10
"2379","3679新至陞","110/07/14","第一金-中壢",6,0,6
"2380","3679新至陞","110/07/14","統一-板橋",1,10,-9
"2381","3679新至陞","110/07/14","(牛牛牛)亞-網路",4,0,4
"2382","3679新至陞","110/07/14","玉山-左營",0,5,-5
"2383","3679新至陞","110/07/14","元大-六合",3,0,3
"2384","3679新至陞","110/07/14","群益金鼎-三民",0,4,-4
"2385","3679新至陞","110/07/14","合庫-自強",2,0,2
"2386","3679新至陞","110/07/14","富邦-宜蘭",0,4,-4
"2387","3679新至陞","110/07/14","高橋-內壢",2,0,2
"2388","3679新至陞","110/07/14","永豐金-苓雅",0,3,-3
"2389","3679新至陞","110/07/14","台中銀-員林",2,0,2
"2390","3679新至陞","110/07/14","摩根大通",5,7,-2
"2391","3679新至陞","110/07/14","凱基-高美館",2,0,2
"2392","3679新至陞","110/07/14","元大-板橋三民",0,2,-2
"2393","3679新至陞","110/07/14","元大-福營",2,0,2
"2394","3679新至陞","110/07/14","宏遠-中和",0,1,-1
"2395","3679新至陞","110/07/14","永豐金-松山",2,0,2
"2396","3679新至陞","110/07/14","元富-佳里",0,1,-1
"2397","3679新至陞","110/07/14","永豐金-萬盛",2,0,2
"2398","3679新至陞","110/07/14","(牛牛牛)亞-鑫豐",0,1,-1
"2399","3679新至陞","110/07/14","元富-松德",1,0,1
"2400","3679新至陞","110/07/14","中國信託-中壢",0,1,-1
"2401","2727王品","110/07/14","富邦-左營",102,1,101
"2402","2727王品","110/07/14","統一-城中",100,234,-134
"2403","2727王品","110/07/14","國泰-板橋",105,11,94
"2404","2727王品","110/07/14","富邦-台北",1,125,-124
"2405","2727王品","110/07/14","港商野村",149,72,77
"2406","2727王品","110/07/14","台灣摩根士丹利",1,48,-47
"2407","2727王品","110/07/14","合庫-台中",66,2,64
"2408","2727王品","110/07/14","國票-新莊",0,40,-40
"2409","2727王品","110/07/14","臺銀-金山",63,8,55
"2410","2727王品","110/07/14","永豐金-忠孝",2,39,-37
"2411","2727王品","110/07/14","摩根大通",83,39,44
"2412","2727王品","110/07/14","富邦-彰化",1,34,-33
"2413","2727王品","110/07/14","凱基-台北",84,42,42
"2414","2727王品","110/07/14","康和-高雄",0,30,-30
"2415","2727王品","110/07/14","土銀-台中",35,1,34
"2416","2727王品","110/07/14","安泰",0,26,-26
"2417","2727王品","110/07/14","華南永昌-麻豆",32,1,31
"2418","2727王品","110/07/14","富邦-新竹華信",0,21,-21
"2419","2727王品","110/07/14","元大證券",85,55,30
"2420","2727王品","110/07/14","元大-南崁",1,22,-21
"2421","2727王品","110/07/14","新加坡商瑞銀",40,15,25
"2422","2727王品","110/07/14","彰銀-台中",0,18,-18
"2423","2727王品","110/07/14","日盛-八德",19,0,19
"2424","2727王品","110/07/14","元富-同大",2,20,-18
"2425","2727王品","110/07/14","統一",35,17,18
"2426","2727王品","110/07/14","玉山-嘉義",1,17,-16
"2427","2727王品","110/07/14","元富-大昌",18,1,17
"2428","2727王品","110/07/14","國泰-館前",4,20,-16
"2429","2727王品","110/07/14","玉山-板橋",15,1,14
"2430","2727王品","110/07/14","第一金-嘉義",1,13,-12
"2431","1570力肯","110/07/14","國票-北高雄",68,0,68
"2432","1570力肯","110/07/14","摩根大通",0,21,-21
"2433","1570力肯","110/07/14","日盛-八德",30,1,29
"2434","1570力肯","110/07/14","新光",1,19,-18
"2435","1570力肯","110/07/14","玉山-高雄",7,0,7
"2436","1570力肯","110/07/14","(牛牛牛)亞-鑫豐",0,17,-17
"2437","1570力肯","110/07/14","臺銀-臺南",5,0,5
"2438","1570力肯","110/07/14","日盛-士林",0,10,-10
"2439","1570力肯","110/07/14","凱基-三峽",5,0,5
"2440","1570力肯","110/07/14","統一-員林",0,10,-10
"2441","1570力肯","110/07/14","元大-和平",5,0,5
"2442","1570力肯","110/07/14","國票-新莊",0,10,-10
"2443","1570力肯","110/07/14","合庫-三重",4,0,4
"2444","1570力肯","110/07/14","凱基-高美館",0,10,-10
"2445","1570力肯","110/07/14","瑞士信貸",4,0,4
"2446","1570力肯","110/07/14","元大-屏東民生",0,5,-5
"2447","1570力肯","110/07/14","統一-三多",4,0,4
"2448","1570力肯","110/07/14","元大-古亭",0,5,-5
"2449","1570力肯","110/07/14","華南永昌-古亭",4,0,4
"2450","1570力肯","110/07/14","日盛-木柵",0,4,-4
"2451","1570力肯","110/07/14","元大-高雄",3,0,3
"2452","1570力肯","110/07/14","大昌",0,4,-4
"2453","1570力肯","110/07/14","兆豐-忠孝",2,0,2
"2454","1570力肯","110/07/14","群益金鼎-東大",0,4,-4
"2455","1570力肯","110/07/14","富邦-陽明",2,0,2
"2456","1570力肯","110/07/14","凱基-台北",0,4,-4
"2457","1570力肯","110/07/14","元大-松山",2,0,2
"2458","1570力肯","110/07/14","元大-板橋",0,4,-4
"2459","1570力肯","110/07/14","元大-忠孝",2,0,2
"2460","1570力肯","110/07/14","第一金-中山",0,3,-3
"2461","6180橘子","110/07/14","新加坡商瑞銀",84,28,56
"2462","6180橘子","110/07/14","凱基-台北",4,37,-33
"2463","6180橘子","110/07/14","日盛-信義",29,1,28
"2464","6180橘子","110/07/14","玉山-台南",1,22,-21
"2465","6180橘子","110/07/14","豐農",28,4,24
"2466","6180橘子","110/07/14","日盛-新竹",1,21,-20
"2467","6180橘子","110/07/14","新光-新竹",24,1,23
"2468","6180橘子","110/07/14","元富-潮州",0,19,-19
"2469","6180橘子","110/07/14","華南永昌-高雄",20,0,20
"2470","6180橘子","110/07/14","元大-信義",0,17,-17
"2471","6180橘子","110/07/14","元大-羅東",20,0,20
"2472","6180橘子","110/07/14","台灣企銀-台中",1,16,-15
"2473","6180橘子","110/07/14","元大-台中中港",20,0,20
"2474","6180橘子","110/07/14","元大-北港",0,15,-15
"2475","6180橘子","110/07/14","富邦-嘉義",24,5,19
"2476","6180橘子","110/07/14","富邦-高雄",0,14,-14
"2477","6180橘子","110/07/14","富邦-仁愛",15,0,15
"2478","6180橘子","110/07/14","兆豐-埔墘",0,13,-13
"2479","6180橘子","110/07/14","國票-九鼎",13,0,13
"2480","6180橘子","110/07/14","第一金-中山",0,10,-10
"2481","6180橘子","110/07/14","日盛-木柵",12,0,12
"2482","6180橘子","110/07/14","元大-彰化民生",0,10,-10
"2483","6180橘子","110/07/14","元大-成功",10,0,10
"2484","6180橘子","110/07/14","福勝",1,10,-9
"2485","6180橘子","110/07/14","港商野村",10,2,8
"2486","6180橘子","110/07/14","群益金鼎-丹鳳",1,10,-9
"2487","6180橘子","110/07/14","玉山-左營",8,0,8
"2488","6180橘子","110/07/14","群益金鼎-板橋",0,8,-8
"2489","6180橘子","110/07/14","富邦-陽明",16,8,8
"2490","6180橘子","110/07/14","合庫-鳳山",0,7,-7
"2491","2390云辰","110/07/14","摩根大通",995,198,797
"2492","2390云辰","110/07/14","新加坡商瑞銀",28,399,-371
"2493","2390云辰","110/07/14","美林",383,22,361
"2494","2390云辰","110/07/14","凱基-新豐",3,198,-195
"2495","2390云辰","110/07/14","台灣摩根士丹利",684,358,326
"2496","2390云辰","110/07/14","元大-士林",1,152,-151
"2497","2390云辰","110/07/14","凱基-台北",656,402,254
"2498","2390云辰","110/07/14","元大-竹山",80,181,-101
"2499","2390云辰","110/07/14","日盛-和美",110,5,105
"2500","2390云辰","110/07/14","群益金鼎-開元",19,95,-76
"2501","2390云辰","110/07/14","元大-天母",72,0,72
"2502","2390云辰","110/07/14","新光",77,150,-73
"2503","2390云辰","110/07/14","永豐金-松山",57,0,57
"2504","2390云辰","110/07/14","元富-高雄",0,71,-71
"2505","2390云辰","110/07/14","統一-屏東",53,0,53
"2506","2390云辰","110/07/14","元大-土城學府",130,201,-71
"2507","2390云辰","110/07/14","港商野村",486,450,36
"2508","2390云辰","110/07/14","元大-善化",12,76,-64
"2509","2390云辰","110/07/14","致和-崇德",30,0,30
"2510","2390云辰","110/07/14","華南永昌-岡山",23,81,-58
"2511","2390云辰","110/07/14","富邦-台北",40,14,26
"2512","2390云辰","110/07/14","群益金鼎-大興",82,125,-43
"2513","2390云辰","110/07/14","台新-高雄",38,13,25
"2514","2390云辰","110/07/14","大慶-中壢",0,41,-41
"2515","2390云辰","110/07/14","富邦-板橋",32,7,25
"2516","2390云辰","110/07/14","玉山-板橋",6,47,-41
"2517","2390云辰","110/07/14","陽信-石牌",24,0,24
"2518","2390云辰","110/07/14","富邦-台東",2,42,-40
"2519","2390云辰","110/07/14","凱基-屏東",32,8,24
"2520","2390云辰","110/07/14","元大-新營",3,42,-39
"2521","2363矽統","110/07/14","台灣摩根士丹利",463,0,463
"2522","2363矽統","110/07/14","新加坡商瑞銀",568,1321,-753
"2523","2363矽統","110/07/14","台新證券",750,342,408
"2524","2363矽統","110/07/14","瑞士信貸",149,864,-715
"2525","2363矽統","110/07/14","玉山-台中",363,51,312
"2526","2363矽統","110/07/14","台新-屏東",115,380,-265
"2527","2363矽統","110/07/14","元大-斗六",223,25,198
"2528","2363矽統","110/07/14","永豐金證券",16,265,-249
"2529","2363矽統","110/07/14","華南永昌-朴子",208,38,170
"2530","2363矽統","110/07/14","美林",462,701,-239
"2531","2363矽統","110/07/14","元富-西松",169,12,157
"2532","2363矽統","110/07/14","宏遠-桃園",269,500,-231
"2533","2363矽統","110/07/14","永豐金-大園",146,6,140
"2534","2363矽統","110/07/14","凱基-竹北",36,254,-218
"2535","2363矽統","110/07/14","土銀-和平",134,0,134
"2536","2363矽統","110/07/14","港商法國興業",0,214,-214
"2537","2363矽統","110/07/14","富邦-新營",130,13,117
"2538","2363矽統","110/07/14","港商野村",835,1044,-209
"2539","2363矽統","110/07/14","元富-成功",118,11,107
"2540","2363矽統","110/07/14","北城證券",212,411,-199
"2541","2363矽統","110/07/14","元富-烏日",121,18,103
"2542","2363矽統","110/07/14","(牛牛牛)亞-鑫豐",51,241,-190
"2543","2363矽統","110/07/14","日盛-二林",120,18,102
"2544","2363矽統","110/07/14","國票-博愛",24,213,-189
"2545","2363矽統","110/07/14","兆豐-忠孝",98,2,96
"2546","2363矽統","110/07/14","大慶-蘆洲",134,316,-182
"2547","2363矽統","110/07/14","大慶-楊梅",92,3,89
"2548","2363矽統","110/07/14","彰銀-台中",15,193,-178
"2549","2363矽統","110/07/14","元富-三重",120,33,87
"2550","2363矽統","110/07/14","日盛-和美",18,185,-167
"2551","8112至上","110/07/14","新加坡商瑞銀",223,17,206
"2552","8112至上","110/07/14","瑞士信貸",8,170,-162
"2553","8112至上","110/07/14","摩根大通",285,129,156
"2554","8112至上","110/07/14","美林",55,202,-147
"2555","8112至上","110/07/14","花旗環球",124,0,124
"2556","8112至上","110/07/14","凱基-台北",325,436,-111
"2557","8112至上","110/07/14","兆豐-公益",117,4,113
"2558","8112至上","110/07/14","台中銀-台北",0,98,-98
"2559","8112至上","110/07/14","香港上海匯豐",111,0,111
"2560","8112至上","110/07/14","玉山-台大",17,107,-90
"2561","8112至上","110/07/14","永豐金-內湖",117,21,96
"2562","8112至上","110/07/14","康和-內湖",1,90,-89
"2563","8112至上","110/07/14","台灣摩根士丹利",108,16,92
"2564","8112至上","110/07/14","港商野村",21,84,-63
"2565","8112至上","110/07/14","元大-東蘆",77,0,77
"2566","8112至上","110/07/14","兆豐-北高雄",1,60,-59
"2567","8112至上","110/07/14","新光",108,48,60
"2568","8112至上","110/07/14","群益金鼎-海山",1,52,-51
"2569","8112至上","110/07/14","大慶-蘆洲",59,0,59
"2570","8112至上","110/07/14","群益金鼎-大安",0,50,-50
"2571","8112至上","110/07/14","華南永昌-台中",56,3,53
"2572","8112至上","110/07/14","富邦-仁愛",2,49,-47
"2573","8112至上","110/07/14","土銀-嘉義",52,2,50
"2574","8112至上","110/07/14","元大-金華",0,42,-42
"2575","8112至上","110/07/14","美商高盛",40,0,40
"2576","8112至上","110/07/14","元大-內湖",4,43,-39
"2577","8112至上","110/07/14","臺銀",63,29,34
"2578","8112至上","110/07/14","第一金-華江",2,37,-35
"2579","8112至上","110/07/14","元富-嘉義",31,0,31
"2580","8112至上","110/07/14","永豐金-苓雅",2,34,-32
"2581","1570力肯","110/07/14","國票-北高雄",68,0,68
"2582","1570力肯","110/07/14","摩根大通",0,21,-21
"2583","1570力肯","110/07/14","日盛-八德",30,1,29
"2584","1570力肯","110/07/14","新光",1,19,-18
"2585","1570力肯","110/07/14","玉山-高雄",7,0,7
"2586","1570力肯","110/07/14","(牛牛牛)亞-鑫豐",0,17,-17
"2587","1570力肯","110/07/14","臺銀-臺南",5,0,5
"2588","1570力肯","110/07/14","日盛-士林",0,10,-10
"2589","1570力肯","110/07/14","凱基-三峽",5,0,5
"2590","1570力肯","110/07/14","統一-員林",0,10,-10
"2591","1570力肯","110/07/14","元大-和平",5,0,5
"2592","1570力肯","110/07/14","國票-新莊",0,10,-10
"2593","1570力肯","110/07/14","合庫-三重",4,0,4
"2594","1570力肯","110/07/14","凱基-高美館",0,10,-10
"2595","1570力肯","110/07/14","瑞士信貸",4,0,4
"2596","1570力肯","110/07/14","元大-屏東民生",0,5,-5
"2597","1570力肯","110/07/14","統一-三多",4,0,4
"2598","1570力肯","110/07/14","元大-古亭",0,5,-5
"2599","1570力肯","110/07/14","華南永昌-古亭",4,0,4
"2600","1570力肯","110/07/14","日盛-木柵",0,4,-4
"2601","1570力肯","110/07/14","元大-高雄",3,0,3
"2602","1570力肯","110/07/14","大昌",0,4,-4
"2603","1570力肯","110/07/14","兆豐-忠孝",2,0,2
"2604","1570力肯","110/07/14","群益金鼎-東大",0,4,-4
"2605","1570力肯","110/07/14","富邦-陽明",2,0,2
"2606","1570力肯","110/07/14","凱基-台北",0,4,-4
"2607","1570力肯","110/07/14","元大-松山",2,0,2
"2608","1570力肯","110/07/14","元大-板橋",0,4,-4
"2609","1570力肯","110/07/14","元大-忠孝",2,0,2
"2610","1570力肯","110/07/14","第一金-中山",0,3,-3
"2611","2929淘帝","110/07/14","華南永昌-林口",60,0,60
"2612","2929淘帝","110/07/14","群益金鼎",25,540,-515
"2613","2929淘帝","110/07/14","美林",87,31,56
"2614","2929淘帝","110/07/14","國泰-台南",1,30,-29
"2615","2929淘帝","110/07/14","元富-台南",40,0,40
"2616","2929淘帝","110/07/14","宏遠-桃園",0,20,-20
"2617","2929淘帝","110/07/14","元大-民生",39,0,39
"2618","2929淘帝","110/07/14","摩根大通",11,31,-20
"2619","2929淘帝","110/07/14","臺銀-鳳山",34,0,34
"2620","2929淘帝","110/07/14","台新-建北",5,20,-15
"2621","2929淘帝","110/07/14","合庫-高雄",34,1,33
"2622","2929淘帝","110/07/14","新光",1,16,-15
"2623","2929淘帝","110/07/14","華南永昌-鶯歌",28,0,28
"2624","2929淘帝","110/07/14","玉山-板橋",0,15,-15
"2625","2929淘帝","110/07/14","永興",25,0,25
"2626","2929淘帝","110/07/14","凱基-羅東",0,15,-15
"2627","2929淘帝","110/07/14","元大-新盛",25,1,24
"2628","2929淘帝","110/07/14","元大-頭份",0,15,-15
"2629","2929淘帝","110/07/14","日盛-南京",23,0,23
"2630","2929淘帝","110/07/14","第一金-台南",0,13,-13
"2631","2929淘帝","110/07/14","日茂",20,0,20
"2632","2929淘帝","110/07/14","富邦-基隆",0,12,-12
"2633","2929淘帝","110/07/14","台新-台中",20,0,20
"2634","2929淘帝","110/07/14","日茂-南投",1,12,-11
"2635","2929淘帝","110/07/14","華南永昌",20,0,20
"2636","2929淘帝","110/07/14","元大-豐原站前",0,11,-11
"2637","2929淘帝","110/07/14","福勝",15,0,15
"2638","2929淘帝","110/07/14","玉山-士林",0,10,-10
"2639","2929淘帝","110/07/14","富邦-南屯",15,0,15
"2640","2929淘帝","110/07/14","富邦-台北",0,10,-10
"2641","5410國眾","110/07/14","兆豐-城中",35,0,35
"2642","5410國眾","110/07/14","瑞士信貸",0,29,-29
"2643","5410國眾","110/07/14","新光",21,1,20
"2644","5410國眾","110/07/14","國泰-板橋",1,30,-29
"2645","5410國眾","110/07/14","國泰-敦南",21,1,20
"2646","5410國眾","110/07/14","日盛-高雄",0,20,-20
"2647","5410國眾","110/07/14","國泰-台中",20,1,19
"2648","5410國眾","110/07/14","台新-左楠",1,20,-19
"2649","5410國眾","110/07/14","元大-崇德",19,0,19
"2650","5410國眾","110/07/14","元富-大昌",1,18,-17
"2651","5410國眾","110/07/14","土銀-士林",18,0,18
"2652","5410國眾","110/07/14","富邦-建國",0,15,-15
"2653","5410國眾","110/07/14","元大-新盛",20,2,18
"2654","5410國眾","110/07/14","元富-嘉義",0,12,-12
"2655","5410國眾","110/07/14","兆豐-高雄",15,0,15
"2656","5410國眾","110/07/14","永全-南崁",0,12,-12
"2657","5410國眾","110/07/14","宏遠-中和",10,0,10
"2658","5410國眾","110/07/14","元大-員林",0,11,-11
"2659","5410國眾","110/07/14","新光-桃園",10,0,10
"2660","5410國眾","110/07/14","高橋",0,10,-10
"2661","5410國眾","110/07/14","國泰-台南",10,0,10
"2662","5410國眾","110/07/14","永興",0,10,-10
"2663","5410國眾","110/07/14","元大-復北",10,0,10
"2664","5410國眾","110/07/14","華南永昌-三重",0,10,-10
"2665","5410國眾","110/07/14","元大-竹科",8,0,8
"2666","5410國眾","110/07/14","元大-苑裡",0,7,-7
"2667","5410國眾","110/07/14","台新-新營",6,0,6
"2668","5410國眾","110/07/14","港商野村",0,6,-6
"2669","5410國眾","110/07/14","日盛-士林",5,0,5
"2670","5410國眾","110/07/14","摩根大通",5,11,-6
"2671","2841台開","110/07/14","凱基-文心",73,0,73
"2672","2841台開","110/07/14","國泰-敦南",0,50,-50
"2673","2841台開","110/07/14","元富-潮州",30,0,30
"2674","2841台開","110/07/14","凱基-中壢",0,40,-40
"2675","2841台開","110/07/14","第一金-台中",20,0,20
"2676","2841台開","110/07/14","統一-新竹",0,24,-24
"2677","2841台開","110/07/14","華南永昌-新莊",20,0,20
"2678","2841台開","110/07/14","元富-草屯",0,20,-20
"2679","2841台開","110/07/14","永豐金-豐原",20,0,20
"2680","2841台開","110/07/14","台新-台南",0,20,-20
"2681","2841台開","110/07/14","國泰-館前",15,0,15
"2682","2841台開","110/07/14","永豐金-敦南",45,63,-18
"2683","2841台開","110/07/14","群益金鼎-基隆",12,0,12
"2684","2841台開","110/07/14","國票-北高雄",0,13,-13
"2685","2841台開","110/07/14","日盛-信義",10,0,10
"2686","2841台開","110/07/14","凱基-松山",0,10,-10
"2687","2841台開","110/07/14","台新-台中",10,0,10
"2688","2841台開","110/07/14","元大證券",0,10,-10
"2689","2841台開","110/07/14","新光",10,1,9
"2690","2841台開","110/07/14","元大-中壢",0,10,-10
"2691","2841台開","110/07/14","凱基-新店",8,0,8
"2692","2841台開","110/07/14","富邦-陽明",1,10,-9
"2693","2841台開","110/07/14","元大-斗信",7,0,7
"2694","2841台開","110/07/14","富邦-建國",0,9,-9
"2695","2841台開","110/07/14","元大-三重",6,0,6
"2696","2841台開","110/07/14","富邦-台南",0,8,-8
"2697","2841台開","110/07/14","永豐金-中和",6,0,6
"2698","2841台開","110/07/14","康和-澎湖",0,7,-7
"2699","2841台開","110/07/14","元富-成功",5,0,5
"2700","2841台開","110/07/14","日盛-斗六",0,6,-6
"2701","6207雷科","110/07/14","群益金鼎-台北",60,0,60
"2702","6207雷科","110/07/14","新加坡商瑞銀",10,56,-46
"2703","6207雷科","110/07/14","台新-高雄",43,3,40
"2704","6207雷科","110/07/14","國票-中和",0,41,-41
"2705","6207雷科","110/07/14","元大-高雄",19,0,19
"2706","6207雷科","110/07/14","元大-復北",0,33,-33
"2707","6207雷科","110/07/14","福勝",15,0,15
"2708","6207雷科","110/07/14","光和-和美",0,20,-20
"2709","6207雷科","110/07/14","群益金鼎-中山",15,0,15
"2710","6207雷科","110/07/14","群益金鼎-丹鳳",0,20,-20
"2711","6207雷科","110/07/14","元大-林園",15,0,15
"2712","6207雷科","110/07/14","第一金-路竹",0,10,-10
"2713","6207雷科","110/07/14","新光",12,0,12
"2714","6207雷科","110/07/14","元大-歸仁",0,10,-10
"2715","6207雷科","110/07/14","元大-大天母",10,0,10
"2716","6207雷科","110/07/14","宏遠-館前",0,9,-9
"2717","6207雷科","110/07/14","永豐金-忠孝",9,0,9
"2718","6207雷科","110/07/14","凱基-台北",12,20,-8
"2719","6207雷科","110/07/14","永豐金-新店",7,0,7
"2720","6207雷科","110/07/14","美林",0,7,-7
"2721","6207雷科","110/07/14","玉山-嘉義",6,0,6
"2722","6207雷科","110/07/14","摩根大通",16,23,-7
"2723","6207雷科","110/07/14","元大-屏東",6,0,6
"2724","6207雷科","110/07/14","凱基-高雄",1,7,-6
"2725","6207雷科","110/07/14","凱基-大安",5,0,5
"2726","6207雷科","110/07/14","台中銀-豐原",0,5,-5
"2727","6207雷科","110/07/14","富邦-台南",5,0,5
"2728","6207雷科","110/07/14","元大-新竹經國",0,5,-5
"2729","6207雷科","110/07/14","元大-成功",5,0,5
"2730","6207雷科","110/07/14","光和-田中",0,4,-4
"2731","3679新至陞","110/07/14","凱基-台北",31,6,25
"2732","3679新至陞","110/07/14","群益金鼎-東大",0,15,-15
"2733","3679新至陞","110/07/14","華南永昌-新莊",10,0,10
"2734","3679新至陞","110/07/14","瑞士信貸",0,12,-12
"2735","3679新至陞","110/07/14","新加坡商瑞銀",11,3,8
"2736","3679新至陞","110/07/14","群益金鼎-永和",0,10,-10
"2737","3679新至陞","110/07/14","美商高盛",6,0,6
"2738","3679新至陞","110/07/14","元大-成功",5,15,-10
"2739","3679新至陞","110/07/14","第一金-中壢",6,0,6
"2740","3679新至陞","110/07/14","統一-板橋",1,10,-9
"2741","3679新至陞","110/07/14","(牛牛牛)亞-網路",4,0,4
"2742","3679新至陞","110/07/14","玉山-左營",0,5,-5
"2743","3679新至陞","110/07/14","元大-六合",3,0,3
"2744","3679新至陞","110/07/14","群益金鼎-三民",0,4,-4
"2745","3679新至陞","110/07/14","合庫-自強",2,0,2
"2746","3679新至陞","110/07/14","富邦-宜蘭",0,4,-4
"2747","3679新至陞","110/07/14","高橋-內壢",2,0,2
"2748","3679新至陞","110/07/14","永豐金-苓雅",0,3,-3
"2749","3679新至陞","110/07/14","台中銀-員林",2,0,2
"2750","3679新至陞","110/07/14","摩根大通",5,7,-2
"2751","3679新至陞","110/07/14","凱基-高美館",2,0,2
"2752","3679新至陞","110/07/14","元大-板橋三民",0,2,-2
"2753","3679新至陞","110/07/14","元大-福營",2,0,2
"2754","3679新至陞","110/07/14","宏遠-中和",0,1,-1
"2755","3679新至陞","110/07/14","永豐金-松山",2,0,2
"2756","3679新至陞","110/07/14","元富-佳里",0,1,-1
"2757","3679新至陞","110/07/14","永豐金-萬盛",2,0,2
"2758","3679新至陞","110/07/14","(牛牛牛)亞-鑫豐",0,1,-1
"2759","3679新至陞","110/07/14","元富-松德",1,0,1
"2760","3679新至陞","110/07/14","中國信託-中壢",0,1,-1
"2761","2727王品","110/07/14","富邦-左營",102,1,101
"2762","2727王品","110/07/14","統一-城中",100,234,-134
"2763","2727王品","110/07/14","國泰-板橋",105,11,94
"2764","2727王品","110/07/14","富邦-台北",1,125,-124
"2765","2727王品","110/07/14","港商野村",149,72,77
"2766","2727王品","110/07/14","台灣摩根士丹利",1,48,-47
"2767","2727王品","110/07/14","合庫-台中",66,2,64
"2768","2727王品","110/07/14","國票-新莊",0,40,-40
"2769","2727王品","110/07/14","臺銀-金山",63,8,55
"2770","2727王品","110/07/14","永豐金-忠孝",2,39,-37
"2771","2727王品","110/07/14","摩根大通",83,39,44
"2772","2727王品","110/07/14","富邦-彰化",1,34,-33
"2773","2727王品","110/07/14","凱基-台北",84,42,42
"2774","2727王品","110/07/14","康和-高雄",0,30,-30
"2775","2727王品","110/07/14","土銀-台中",35,1,34
"2776","2727王品","110/07/14","安泰",0,26,-26
"2777","2727王品","110/07/14","華南永昌-麻豆",32,1,31
"2778","2727王品","110/07/14","富邦-新竹華信",0,21,-21
"2779","2727王品","110/07/14","元大證券",85,55,30
"2780","2727王品","110/07/14","元大-南崁",1,22,-21
"2781","2727王品","110/07/14","新加坡商瑞銀",40,15,25
"2782","2727王品","110/07/14","彰銀-台中",0,18,-18
"2783","2727王品","110/07/14","日盛-八德",19,0,19
"2784","2727王品","110/07/14","元富-同大",2,20,-18
"2785","2727王品","110/07/14","統一",35,17,18
"2786","2727王品","110/07/14","玉山-嘉義",1,17,-16
"2787","2727王品","110/07/14","元富-大昌",18,1,17
"2788","2727王品","110/07/14","國泰-館前",4,20,-16
"2789","2727王品","110/07/14","玉山-板橋",15,1,14
"2790","2727王品","110/07/14","第一金-嘉義",1,13,-12
"2791","1570力肯","110/07/14","國票-北高雄",68,0,68
"2792","1570力肯","110/07/14","摩根大通",0,21,-21
"2793","1570力肯","110/07/14","日盛-八德",30,1,29
"2794","1570力肯","110/07/14","新光",1,19,-18
"2795","1570力肯","110/07/14","玉山-高雄",7,0,7
"2796","1570力肯","110/07/14","(牛牛牛)亞-鑫豐",0,17,-17
"2797","1570力肯","110/07/14","臺銀-臺南",5,0,5
"2798","1570力肯","110/07/14","日盛-士林",0,10,-10
"2799","1570力肯","110/07/14","凱基-三峽",5,0,5
"2800","1570力肯","110/07/14","統一-員林",0,10,-10
"2801","1570力肯","110/07/14","元大-和平",5,0,5
"2802","1570力肯","110/07/14","國票-新莊",0,10,-10
"2803","1570力肯","110/07/14","合庫-三重",4,0,4
"2804","1570力肯","110/07/14","凱基-高美館",0,10,-10
"2805","1570力肯","110/07/14","瑞士信貸",4,0,4
"2806","1570力肯","110/07/14","元大-屏東民生",0,5,-5
"2807","1570力肯","110/07/14","統一-三多",4,0,4
"2808","1570力肯","110/07/14","元大-古亭",0,5,-5
"2809","1570力肯","110/07/14","華南永昌-古亭",4,0,4
"2810","1570力肯","110/07/14","日盛-木柵",0,4,-4
"2811","1570力肯","110/07/14","元大-高雄",3,0,3
"2812","1570力肯","110/07/14","大昌",0,4,-4
"2813","1570力肯","110/07/14","兆豐-忠孝",2,0,2
"2814","1570力肯","110/07/14","群益金鼎-東大",0,4,-4
"2815","1570力肯","110/07/14","富邦-陽明",2,0,2
"2816","1570力肯","110/07/14","凱基-台北",0,4,-4
"2817","1570力肯","110/07/14","元大-松山",2,0,2
"2818","1570力肯","110/07/14","元大-板橋",0,4,-4
"2819","1570力肯","110/07/14","元大-忠孝",2,0,2
"2820","1570力肯","110/07/14","第一金-中山",0,3,-3
"2821","6180橘子","110/07/14","新加坡商瑞銀",84,28,56
"2822","6180橘子","110/07/14","凱基-台北",4,37,-33
"2823","6180橘子","110/07/14","日盛-信義",29,1,28
"2824","6180橘子","110/07/14","玉山-台南",1,22,-21
"2825","6180橘子","110/07/14","豐農",28,4,24
"2826","6180橘子","110/07/14","日盛-新竹",1,21,-20
"2827","6180橘子","110/07/14","新光-新竹",24,1,23
"2828","6180橘子","110/07/14","元富-潮州",0,19,-19
"2829","6180橘子","110/07/14","華南永昌-高雄",20,0,20
"2830","6180橘子","110/07/14","元大-信義",0,17,-17
"2831","6180橘子","110/07/14","元大-羅東",20,0,20
"2832","6180橘子","110/07/14","台灣企銀-台中",1,16,-15
"2833","6180橘子","110/07/14","元大-台中中港",20,0,20
"2834","6180橘子","110/07/14","元大-北港",0,15,-15
"2835","6180橘子","110/07/14","富邦-嘉義",24,5,19
"2836","6180橘子","110/07/14","富邦-高雄",0,14,-14
"2837","6180橘子","110/07/14","富邦-仁愛",15,0,15
"2838","6180橘子","110/07/14","兆豐-埔墘",0,13,-13
"2839","6180橘子","110/07/14","國票-九鼎",13,0,13
"2840","6180橘子","110/07/14","第一金-中山",0,10,-10
"2841","6180橘子","110/07/14","日盛-木柵",12,0,12
"2842","6180橘子","110/07/14","元大-彰化民生",0,10,-10
"2843","6180橘子","110/07/14","元大-成功",10,0,10
"2844","6180橘子","110/07/14","福勝",1,10,-9
"2845","6180橘子","110/07/14","港商野村",10,2,8
"2846","6180橘子","110/07/14","群益金鼎-丹鳳",1,10,-9
"2847","6180橘子","110/07/14","玉山-左營",8,0,8
"2848","6180橘子","110/07/14","群益金鼎-板橋",0,8,-8
"2849","6180橘子","110/07/14","富邦-陽明",16,8,8
"2850","6180橘子","110/07/14","合庫-鳳山",0,7,-7
"2851","2390云辰","110/07/14","摩根大通",995,198,797
"2852","2390云辰","110/07/14","新加坡商瑞銀",28,399,-371
"2853","2390云辰","110/07/14","美林",383,22,361
"2854","2390云辰","110/07/14","凱基-新豐",3,198,-195
"2855","2390云辰","110/07/14","台灣摩根士丹利",684,358,326
"2856","2390云辰","110/07/14","元大-士林",1,152,-151
"2857","2390云辰","110/07/14","凱基-台北",656,402,254
"2858","2390云辰","110/07/14","元大-竹山",80,181,-101
"2859","2390云辰","110/07/14","日盛-和美",110,5,105
"2860","2390云辰","110/07/14","群益金鼎-開元",19,95,-76
"2861","2390云辰","110/07/14","元大-天母",72,0,72
"2862","2390云辰","110/07/14","新光",77,150,-73
"2863","2390云辰","110/07/14","永豐金-松山",57,0,57
"2864","2390云辰","110/07/14","元富-高雄",0,71,-71
"2865","2390云辰","110/07/14","統一-屏東",53,0,53
"2866","2390云辰","110/07/14","元大-土城學府",130,201,-71
"2867","2390云辰","110/07/14","港商野村",486,450,36
"2868","2390云辰","110/07/14","元大-善化",12,76,-64
"2869","2390云辰","110/07/14","致和-崇德",30,0,30
"2870","2390云辰","110/07/14","華南永昌-岡山",23,81,-58
"2871","2390云辰","110/07/14","富邦-台北",40,14,26
"2872","2390云辰","110/07/14","群益金鼎-大興",82,125,-43
"2873","2390云辰","110/07/14","台新-高雄",38,13,25
"2874","2390云辰","110/07/14","大慶-中壢",0,41,-41
"2875","2390云辰","110/07/14","富邦-板橋",32,7,25
"2876","2390云辰","110/07/14","玉山-板橋",6,47,-41
"2877","2390云辰","110/07/14","陽信-石牌",24,0,24
"2878","2390云辰","110/07/14","富邦-台東",2,42,-40
"2879","2390云辰","110/07/14","凱基-屏東",32,8,24
"2880","2390云辰","110/07/14","元大-新營",3,42,-39
"2881","2363矽統","110/07/14","台灣摩根士丹利",463,0,463
"2882","2363矽統","110/07/14","新加坡商瑞銀",568,1321,-753
"2883","2363矽統","110/07/14","台新證券",750,342,408
"2884","2363矽統","110/07/14","瑞士信貸",149,864,-715
"2885","2363矽統","110/07/14","玉山-台中",363,51,312
"2886","2363矽統","110/07/14","台新-屏東",115,380,-265
"2887","2363矽統","110/07/14","元大-斗六",223,25,198
"2888","2363矽統","110/07/14","永豐金證券",16,265,-249
"2889","2363矽統","110/07/14","華南永昌-朴子",208,38,170
"2890","2363矽統","110/07/14","美林",462,701,-239
"2891","2363矽統","110/07/14","元富-西松",169,12,157
"2892","2363矽統","110/07/14","宏遠-桃園",269,500,-231
"2893","2363矽統","110/07/14","永豐金-大園",146,6,140
"2894","2363矽統","110/07/14","凱基-竹北",36,254,-218
"2895","2363矽統","110/07/14","土銀-和平",134,0,134
"2896","2363矽統","110/07/14","港商法國興業",0,214,-214
"2897","2363矽統","110/07/14","富邦-新營",130,13,117
"2898","2363矽統","110/07/14","港商野村",835,1044,-209
"2899","2363矽統","110/07/14","元富-成功",118,11,107
"2900","2363矽統","110/07/14","北城證券",212,411,-199
"2901","2363矽統","110/07/14","元富-烏日",121,18,103
"2902","2363矽統","110/07/14","(牛牛牛)亞-鑫豐",51,241,-190
"2903","2363矽統","110/07/14","日盛-二林",120,18,102
"2904","2363矽統","110/07/14","國票-博愛",24,213,-189
"2905","2363矽統","110/07/14","兆豐-忠孝",98,2,96
"2906","2363矽統","110/07/14","大慶-蘆洲",134,316,-182
"2907","2363矽統","110/07/14","大慶-楊梅",92,3,89
"2908","2363矽統","110/07/14","彰銀-台中",15,193,-178
"2909","2363矽統","110/07/14","元富-三重",120,33,87
"2910","2363矽統","110/07/14","日盛-和美",18,185,-167
"2911","8112至上","110/07/14","新加坡商瑞銀",223,17,206
"2912","8112至上","110/07/14","瑞士信貸",8,170,-162
"2913","8112至上","110/07/14","摩根大通",285,129,156
"2914","8112至上","110/07/14","美林",55,202,-147
"2915","8112至上","110/07/14","花旗環球",124,0,124
"2916","8112至上","110/07/14","凱基-台北",325,436,-111
"2917","8112至上","110/07/14","兆豐-公益",117,4,113
"2918","8112至上","110/07/14","台中銀-台北",0,98,-98
"2919","8112至上","110/07/14","香港上海匯豐",111,0,111
"2920","8112至上","110/07/14","玉山-台大",17,107,-90
"2921","8112至上","110/07/14","永豐金-內湖",117,21,96
"2922","8112至上","110/07/14","康和-內湖",1,90,-89
"2923","8112至上","110/07/14","台灣摩根士丹利",108,16,92
"2924","8112至上","110/07/14","港商野村",21,84,-63
"2925","8112至上","110/07/14","元大-東蘆",77,0,77
"2926","8112至上","110/07/14","兆豐-北高雄",1,60,-59
"2927","8112至上","110/07/14","新光",108,48,60
"2928","8112至上","110/07/14","群益金鼎-海山",1,52,-51
"2929","8112至上","110/07/14","大慶-蘆洲",59,0,59
"2930","8112至上","110/07/14","群益金鼎-大安",0,50,-50
"2931","8112至上","110/07/14","華南永昌-台中",56,3,53
"2932","8112至上","110/07/14","富邦-仁愛",2,49,-47
"2933","8112至上","110/07/14","土銀-嘉義",52,2,50
"2934","8112至上","110/07/14","元大-金華",0,42,-42
"2935","8112至上","110/07/14","美商高盛",40,0,40
"2936","8112至上","110/07/14","元大-內湖",4,43,-39
"2937","8112至上","110/07/14","臺銀",63,29,34
"2938","8112至上","110/07/14","第一金-華江",2,37,-35
"2939","8112至上","110/07/14","元富-嘉義",31,0,31
"2940","8112至上","110/07/14","永豐金-苓雅",2,34,-32
"2941","1570力肯","110/07/14","國票-北高雄",68,0,68
"2942","1570力肯","110/07/14","摩根大通",0,21,-21
"2943","1570力肯","110/07/14","日盛-八德",30,1,29
"2944","1570力肯","110/07/14","新光",1,19,-18
"2945","1570力肯","110/07/14","玉山-高雄",7,0,7
"2946","1570力肯","110/07/14","(牛牛牛)亞-鑫豐",0,17,-17
"2947","1570力肯","110/07/14","臺銀-臺南",5,0,5
"2948","1570力肯","110/07/14","日盛-士林",0,10,-10
"2949","1570力肯","110/07/14","凱基-三峽",5,0,5
"2950","1570力肯","110/07/14","統一-員林",0,10,-10
"2951","1570力肯","110/07/14","元大-和平",5,0,5
"2952","1570力肯","110/07/14","國票-新莊",0,10,-10
"2953","1570力肯","110/07/14","合庫-三重",4,0,4
"2954","1570力肯","110/07/14","凱基-高美館",0,10,-10
"2955","1570力肯","110/07/14","瑞士信貸",4,0,4
"2956","1570力肯","110/07/14","元大-屏東民生",0,5,-5
"2957","1570力肯","110/07/14","統一-三多",4,0,4
"2958","1570力肯","110/07/14","元大-古亭",0,5,-5
"2959","1570力肯","110/07/14","華南永昌-古亭",4,0,4
"2960","1570力肯","110/07/14","日盛-木柵",0,4,-4
"2961","1570力肯","110/07/14","元大-高雄",3,0,3
"2962","1570力肯","110/07/14","大昌",0,4,-4
"2963","1570力肯","110/07/14","兆豐-忠孝",2,0,2
"2964","1570力肯","110/07/14","群益金鼎-東大",0,4,-4
"2965","1570力肯","110/07/14","富邦-陽明",2,0,2
"2966","1570力肯","110/07/14","凱基-台北",0,4,-4
"2967","1570力肯","110/07/14","元大-松山",2,0,2
"2968","1570力肯","110/07/14","元大-板橋",0,4,-4
"2969","1570力肯","110/07/14","元大-忠孝",2,0,2
"2970","1570力肯","110/07/14","第一金-中山",0,3,-3
"2971","2929淘帝","110/07/14","華南永昌-林口",60,0,60
"2972","2929淘帝","110/07/14","群益金鼎",25,540,-515
"2973","2929淘帝","110/07/14","美林",87,31,56
"2974","2929淘帝","110/07/14","國泰-台南",1,30,-29
"2975","2929淘帝","110/07/14","元富-台南",40,0,40
"2976","2929淘帝","110/07/14","宏遠-桃園",0,20,-20
"2977","2929淘帝","110/07/14","元大-民生",39,0,39
"2978","2929淘帝","110/07/14","摩根大通",11,31,-20
"2979","2929淘帝","110/07/14","臺銀-鳳山",34,0,34
"2980","2929淘帝","110/07/14","台新-建北",5,20,-15
"2981","2929淘帝","110/07/14","合庫-高雄",34,1,33
"2982","2929淘帝","110/07/14","新光",1,16,-15
"2983","2929淘帝","110/07/14","華南永昌-鶯歌",28,0,28
"2984","2929淘帝","110/07/14","玉山-板橋",0,15,-15
"2985","2929淘帝","110/07/14","永興",25,0,25
"2986","2929淘帝","110/07/14","凱基-羅東",0,15,-15
"2987","2929淘帝","110/07/14","元大-新盛",25,1,24
"2988","2929淘帝","110/07/14","元大-頭份",0,15,-15
"2989","2929淘帝","110/07/14","日盛-南京",23,0,23
"2990","2929淘帝","110/07/14","第一金-台南",0,13,-13
"2991","2929淘帝","110/07/14","日茂",20,0,20
"2992","2929淘帝","110/07/14","富邦-基隆",0,12,-12
"2993","2929淘帝","110/07/14","台新-台中",20,0,20
"2994","2929淘帝","110/07/14","日茂-南投",1,12,-11
"2995","2929淘帝","110/07/14","華南永昌",20,0,20
"2996","2929淘帝","110/07/14","元大-豐原站前",0,11,-11
"2997","2929淘帝","110/07/14","福勝",15,0,15
"2998","2929淘帝","110/07/14","玉山-士林",0,10,-10
"2999","2929淘帝","110/07/14","富邦-南屯",15,0,15
"3000","2929淘帝","110/07/14","富邦-台北",0,10,-10
"3001","5410國眾","110/07/14","兆豐-城中",35,0,35
"3002","5410國眾","110/07/14","瑞士信貸",0,29,-29
"3003","5410國眾","110/07/14","新光",21,1,20
"3004","5410國眾","110/07/14","國泰-板橋",1,30,-29
"3005","5410國眾","110/07/14","國泰-敦南",21,1,20
"3006","5410國眾","110/07/14","日盛-高雄",0,20,-20
"3007","5410國眾","110/07/14","國泰-台中",20,1,19
"3008","5410國眾","110/07/14","台新-左楠",1,20,-19
"3009","5410國眾","110/07/14","元大-崇德",19,0,19
"3010","5410國眾","110/07/14","元富-大昌",1,18,-17
"3011","5410國眾","110/07/14","土銀-士林",18,0,18
"3012","5410國眾","110/07/14","富邦-建國",0,15,-15
"3013","5410國眾","110/07/14","元大-新盛",20,2,18
"3014","5410國眾","110/07/14","元富-嘉義",0,12,-12
"3015","5410國眾","110/07/14","兆豐-高雄",15,0,15
"3016","5410國眾","110/07/14","永全-南崁",0,12,-12
"3017","5410國眾","110/07/14","宏遠-中和",10,0,10
"3018","5410國眾","110/07/14","元大-員林",0,11,-11
"3019","5410國眾","110/07/14","新光-桃園",10,0,10
"3020","5410國眾","110/07/14","高橋",0,10,-10
"3021","5410國眾","110/07/14","國泰-台南",10,0,10
"3022","5410國眾","110/07/14","永興",0,10,-10
"3023","5410國眾","110/07/14","元大-復北",10,0,10
"3024","5410國眾","110/07/14","華南永昌-三重",0,10,-10
"3025","5410國眾","110/07/14","元大-竹科",8,0,8
"3026","5410國眾","110/07/14","元大-苑裡",0,7,-7
"3027","5410國眾","110/07/14","台新-新營",6,0,6
"3028","5410國眾","110/07/14","港商野村",0,6,-6
"3029","5410國眾","110/07/14","日盛-士林",5,0,5
"3030","5410國眾","110/07/14","摩根大通",5,11,-6
"3031","2841台開","110/07/14","凱基-文心",73,0,73
"3032","2841台開","110/07/14","國泰-敦南",0,50,-50
"3033","2841台開","110/07/14","元富-潮州",30,0,30
"3034","2841台開","110/07/14","凱基-中壢",0,40,-40
"3035","2841台開","110/07/14","第一金-台中",20,0,20
"3036","2841台開","110/07/14","統一-新竹",0,24,-24
"3037","2841台開","110/07/14","華南永昌-新莊",20,0,20
"3038","2841台開","110/07/14","元富-草屯",0,20,-20
"3039","2841台開","110/07/14","永豐金-豐原",20,0,20
"3040","2841台開","110/07/14","台新-台南",0,20,-20
"3041","2841台開","110/07/14","國泰-館前",15,0,15
"3042","2841台開","110/07/14","永豐金-敦南",45,63,-18
"3043","2841台開","110/07/14","群益金鼎-基隆",12,0,12
"3044","2841台開","110/07/14","國票-北高雄",0,13,-13
"3045","2841台開","110/07/14","日盛-信義",10,0,10
"3046","2841台開","110/07/14","凱基-松山",0,10,-10
"3047","2841台開","110/07/14","台新-台中",10,0,10
"3048","2841台開","110/07/14","元大證券",0,10,-10
"3049","2841台開","110/07/14","新光",10,1,9
"3050","2841台開","110/07/14","元大-中壢",0,10,-10
"3051","2841台開","110/07/14","凱基-新店",8,0,8
"3052","2841台開","110/07/14","富邦-陽明",1,10,-9
"3053","2841台開","110/07/14","元大-斗信",7,0,7
"3054","2841台開","110/07/14","富邦-建國",0,9,-9
"3055","2841台開","110/07/14","元大-三重",6,0,6
"3056","2841台開","110/07/14","富邦-台南",0,8,-8
"3057","2841台開","110/07/14","永豐金-中和",6,0,6
"3058","2841台開","110/07/14","康和-澎湖",0,7,-7
"3059","2841台開","110/07/14","元富-成功",5,0,5
"3060","2841台開","110/07/14","日盛-斗六",0,6,-6
"3061","6207雷科","110/07/14","群益金鼎-台北",60,0,60
"3062","6207雷科","110/07/14","新加坡商瑞銀",10,56,-46
"3063","6207雷科","110/07/14","台新-高雄",43,3,40
"3064","6207雷科","110/07/14","國票-中和",0,41,-41
"3065","6207雷科","110/07/14","元大-高雄",19,0,19
"3066","6207雷科","110/07/14","元大-復北",0,33,-33
"3067","6207雷科","110/07/14","福勝",15,0,15
"3068","6207雷科","110/07/14","光和-和美",0,20,-20
"3069","6207雷科","110/07/14","群益金鼎-中山",15,0,15
"3070","6207雷科","110/07/14","群益金鼎-丹鳳",0,20,-20
"3071","6207雷科","110/07/14","元大-林園",15,0,15
"3072","6207雷科","110/07/14","第一金-路竹",0,10,-10
"3073","6207雷科","110/07/14","新光",12,0,12
"3074","6207雷科","110/07/14","元大-歸仁",0,10,-10
"3075","6207雷科","110/07/14","元大-大天母",10,0,10
"3076","6207雷科","110/07/14","宏遠-館前",0,9,-9
"3077","6207雷科","110/07/14","永豐金-忠孝",9,0,9
"3078","6207雷科","110/07/14","凱基-台北",12,20,-8
"3079","6207雷科","110/07/14","永豐金-新店",7,0,7
"3080","6207雷科","110/07/14","美林",0,7,-7
"3081","6207雷科","110/07/14","玉山-嘉義",6,0,6
"3082","6207雷科","110/07/14","摩根大通",16,23,-7
"3083","6207雷科","110/07/14","元大-屏東",6,0,6
"3084","6207雷科","110/07/14","凱基-高雄",1,7,-6
"3085","6207雷科","110/07/14","凱基-大安",5,0,5
"3086","6207雷科","110/07/14","台中銀-豐原",0,5,-5
"3087","6207雷科","110/07/14","富邦-台南",5,0,5
"3088","6207雷科","110/07/14","元大-新竹經國",0,5,-5
"3089","6207雷科","110/07/14","元大-成功",5,0,5
"3090","6207雷科","110/07/14","光和-田中",0,4,-4
"3091","3679新至陞","110/07/14","凱基-台北",31,6,25
"3092","3679新至陞","110/07/14","群益金鼎-東大",0,15,-15
"3093","3679新至陞","110/07/14","華南永昌-新莊",10,0,10
"3094","3679新至陞","110/07/14","瑞士信貸",0,12,-12
"3095","3679新至陞","110/07/14","新加坡商瑞銀",11,3,8
"3096","3679新至陞","110/07/14","群益金鼎-永和",0,10,-10
"3097","3679新至陞","110/07/14","美商高盛",6,0,6
"3098","3679新至陞","110/07/14","元大-成功",5,15,-10
"3099","3679新至陞","110/07/14","第一金-中壢",6,0,6
"3100","3679新至陞","110/07/14","統一-板橋",1,10,-9
"3101","3679新至陞","110/07/14","(牛牛牛)亞-網路",4,0,4
"3102","3679新至陞","110/07/14","玉山-左營",0,5,-5
"3103","3679新至陞","110/07/14","元大-六合",3,0,3
"3104","3679新至陞","110/07/14","群益金鼎-三民",0,4,-4
"3105","3679新至陞","110/07/14","合庫-自強",2,0,2
"3106","3679新至陞","110/07/14","富邦-宜蘭",0,4,-4
"3107","3679新至陞","110/07/14","高橋-內壢",2,0,2
"3108","3679新至陞","110/07/14","永豐金-苓雅",0,3,-3
"3109","3679新至陞","110/07/14","台中銀-員林",2,0,2
"3110","3679新至陞","110/07/14","摩根大通",5,7,-2
"3111","3679新至陞","110/07/14","凱基-高美館",2,0,2
"3112","3679新至陞","110/07/14","元大-板橋三民",0,2,-2
"3113","3679新至陞","110/07/14","元大-福營",2,0,2
"3114","3679新至陞","110/07/14","宏遠-中和",0,1,-1
"3115","3679新至陞","110/07/14","永豐金-松山",2,0,2
"3116","3679新至陞","110/07/14","元富-佳里",0,1,-1
"3117","3679新至陞","110/07/14","永豐金-萬盛",2,0,2
"3118","3679新至陞","110/07/14","(牛牛牛)亞-鑫豐",0,1,-1
"3119","3679新至陞","110/07/14","元富-松德",1,0,1
"3120","3679新至陞","110/07/14","中國信託-中壢",0,1,-1
"3121","2727王品","110/07/14","富邦-左營",102,1,101
"3122","2727王品","110/07/14","統一-城中",100,234,-134
"3123","2727王品","110/07/14","國泰-板橋",105,11,94
"3124","2727王品","110/07/14","富邦-台北",1,125,-124
"3125","2727王品","110/07/14","港商野村",149,72,77
"3126","2727王品","110/07/14","台灣摩根士丹利",1,48,-47
"3127","2727王品","110/07/14","合庫-台中",66,2,64
"3128","2727王品","110/07/14","國票-新莊",0,40,-40
"3129","2727王品","110/07/14","臺銀-金山",63,8,55
"3130","2727王品","110/07/14","永豐金-忠孝",2,39,-37
"3131","2727王品","110/07/14","摩根大通",83,39,44
"3132","2727王品","110/07/14","富邦-彰化",1,34,-33
"3133","2727王品","110/07/14","凱基-台北",84,42,42
"3134","2727王品","110/07/14","康和-高雄",0,30,-30
"3135","2727王品","110/07/14","土銀-台中",35,1,34
"3136","2727王品","110/07/14","安泰",0,26,-26
"3137","2727王品","110/07/14","華南永昌-麻豆",32,1,31
"3138","2727王品","110/07/14","富邦-新竹華信",0,21,-21
"3139","2727王品","110/07/14","元大證券",85,55,30
"3140","2727王品","110/07/14","元大-南崁",1,22,-21
"3141","2727王品","110/07/14","新加坡商瑞銀",40,15,25
"3142","2727王品","110/07/14","彰銀-台中",0,18,-18
"3143","2727王品","110/07/14","日盛-八德",19,0,19
"3144","2727王品","110/07/14","元富-同大",2,20,-18
"3145","2727王品","110/07/14","統一",35,17,18
"3146","2727王品","110/07/14","玉山-嘉義",1,17,-16
"3147","2727王品","110/07/14","元富-大昌",18,1,17
"3148","2727王品","110/07/14","國泰-館前",4,20,-16
"3149","2727王品","110/07/14","玉山-板橋",15,1,14
"3150","2727王品","110/07/14","第一金-嘉義",1,13,-12
"3151","1570力肯","110/07/14","國票-北高雄",68,0,68
"3152","1570力肯","110/07/14","摩根大通",0,21,-21
"3153","1570力肯","110/07/14","日盛-八德",30,1,29
"3154","1570力肯","110/07/14","新光",1,19,-18
"3155","1570力肯","110/07/14","玉山-高雄",7,0,7
"3156","1570力肯","110/07/14","(牛牛牛)亞-鑫豐",0,17,-17
"3157","1570力肯","110/07/14","臺銀-臺南",5,0,5
"3158","1570力肯","110/07/14","日盛-士林",0,10,-10
"3159","1570力肯","110/07/14","凱基-三峽",5,0,5
"3160","1570力肯","110/07/14","統一-員林",0,10,-10
"3161","1570力肯","110/07/14","元大-和平",5,0,5
"3162","1570力肯","110/07/14","國票-新莊",0,10,-10
"3163","1570力肯","110/07/14","合庫-三重",4,0,4
"3164","1570力肯","110/07/14","凱基-高美館",0,10,-10
"3165","1570力肯","110/07/14","瑞士信貸",4,0,4
"3166","1570力肯","110/07/14","元大-屏東民生",0,5,-5
"3167","1570力肯","110/07/14","統一-三多",4,0,4
"3168","1570力肯","110/07/14","元大-古亭",0,5,-5
"3169","1570力肯","110/07/14","華南永昌-古亭",4,0,4
"3170","1570力肯","110/07/14","日盛-木柵",0,4,-4
"3171","1570力肯","110/07/14","元大-高雄",3,0,3
"3172","1570力肯","110/07/14","大昌",0,4,-4
"3173","1570力肯","110/07/14","兆豐-忠孝",2,0,2
"3174","1570力肯","110/07/14","群益金鼎-東大",0,4,-4
"3175","1570力肯","110/07/14","富邦-陽明",2,0,2
"3176","1570力肯","110/07/14","凱基-台北",0,4,-4
"3177","1570力肯","110/07/14","元大-松山",2,0,2
"3178","1570力肯","110/07/14","元大-板橋",0,4,-4
"3179","1570力肯","110/07/14","元大-忠孝",2,0,2
"3180","1570力肯","110/07/14","第一金-中山",0,3,-3
"3181","6180橘子","110/07/14","新加坡商瑞銀",84,28,56
"3182","6180橘子","110/07/14","凱基-台北",4,37,-33
"3183","6180橘子","110/07/14","日盛-信義",29,1,28
"3184","6180橘子","110/07/14","玉山-台南",1,22,-21
"3185","6180橘子","110/07/14","豐農",28,4,24
"3186","6180橘子","110/07/14","日盛-新竹",1,21,-20
"3187","6180橘子","110/07/14","新光-新竹",24,1,23
"3188","6180橘子","110/07/14","元富-潮州",0,19,-19
"3189","6180橘子","110/07/14","華南永昌-高雄",20,0,20
"3190","6180橘子","110/07/14","元大-信義",0,17,-17
"3191","6180橘子","110/07/14","元大-羅東",20,0,20
"3192","6180橘子","110/07/14","台灣企銀-台中",1,16,-15
"3193","6180橘子","110/07/14","元大-台中中港",20,0,20
"3194","6180橘子","110/07/14","元大-北港",0,15,-15
"3195","6180橘子","110/07/14","富邦-嘉義",24,5,19
"3196","6180橘子","110/07/14","富邦-高雄",0,14,-14
"3197","6180橘子","110/07/14","富邦-仁愛",15,0,15
"3198","6180橘子","110/07/14","兆豐-埔墘",0,13,-13
"3199","6180橘子","110/07/14","國票-九鼎",13,0,13
"3200","6180橘子","110/07/14","第一金-中山",0,10,-10
"3201","6180橘子","110/07/14","日盛-木柵",12,0,12
"3202","6180橘子","110/07/14","元大-彰化民生",0,10,-10
"3203","6180橘子","110/07/14","元大-成功",10,0,10
"3204","6180橘子","110/07/14","福勝",1,10,-9
"3205","6180橘子","110/07/14","港商野村",10,2,8
"3206","6180橘子","110/07/14","群益金鼎-丹鳳",1,10,-9
"3207","6180橘子","110/07/14","玉山-左營",8,0,8
"3208","6180橘子","110/07/14","群益金鼎-板橋",0,8,-8
"3209","6180橘子","110/07/14","富邦-陽明",16,8,8
"3210","6180橘子","110/07/14","合庫-鳳山",0,7,-7
"3211","2390云辰","110/07/14","摩根大通",995,198,797
"3212","2390云辰","110/07/14","新加坡商瑞銀",28,399,-371
"3213","2390云辰","110/07/14","美林",383,22,361
"3214","2390云辰","110/07/14","凱基-新豐",3,198,-195
"3215","2390云辰","110/07/14","台灣摩根士丹利",684,358,326
"3216","2390云辰","110/07/14","元大-士林",1,152,-151
"3217","2390云辰","110/07/14","凱基-台北",656,402,254
"3218","2390云辰","110/07/14","元大-竹山",80,181,-101
"3219","2390云辰","110/07/14","日盛-和美",110,5,105
"3220","2390云辰","110/07/14","群益金鼎-開元",19,95,-76
"3221","2390云辰","110/07/14","元大-天母",72,0,72
"3222","2390云辰","110/07/14","新光",77,150,-73
"3223","2390云辰","110/07/14","永豐金-松山",57,0,57
"3224","2390云辰","110/07/14","元富-高雄",0,71,-71
"3225","2390云辰","110/07/14","統一-屏東",53,0,53
"3226","2390云辰","110/07/14","元大-土城學府",130,201,-71
"3227","2390云辰","110/07/14","港商野村",486,450,36
"3228","2390云辰","110/07/14","元大-善化",12,76,-64
"3229","2390云辰","110/07/14","致和-崇德",30,0,30
"3230","2390云辰","110/07/14","華南永昌-岡山",23,81,-58
"3231","2390云辰","110/07/14","富邦-台北",40,14,26
"3232","2390云辰","110/07/14","群益金鼎-大興",82,125,-43
"3233","2390云辰","110/07/14","台新-高雄",38,13,25
"3234","2390云辰","110/07/14","大慶-中壢",0,41,-41
"3235","2390云辰","110/07/14","富邦-板橋",32,7,25
"3236","2390云辰","110/07/14","玉山-板橋",6,47,-41
"3237","2390云辰","110/07/14","陽信-石牌",24,0,24
"3238","2390云辰","110/07/14","富邦-台東",2,42,-40
"3239","2390云辰","110/07/14","凱基-屏東",32,8,24
"3240","2390云辰","110/07/14","元大-新營",3,42,-39
"3241","2363矽統","110/07/13","凱基-南崁",2133,63,2070
"3242","2363矽統","110/07/13","凱基-幸福",36,4048,-4012
"3243","2363矽統","110/07/13","國泰-敦南",2195,1617,578
"3244","2363矽統","110/07/13","統一",192,3325,-3133
"3245","2363矽統","110/07/13","中農",670,139,531
"3246","2363矽統","110/07/13","新加坡商瑞銀",1000,2747,-1747
"3247","2363矽統","110/07/13","康和-台中",638,154,484
"3248","2363矽統","110/07/13","凱基-台北",5359,6609,-1250
"3249","2363矽統","110/07/13","群益金鼎-三民",577,137,440
"3250","2363矽統","110/07/13","摩根大通",1930,2858,-928
"3251","2363矽統","110/07/13","台新-屏東",510,88,422
"3252","2363矽統","110/07/13","港商野村",960,1679,-719
"3253","2363矽統","110/07/13","德信-中正",455,67,388
"3254","2363矽統","110/07/13","兆豐-復興",25,705,-680
"3255","2363矽統","110/07/13","日盛-竹北",365,70,295
"3256","2363矽統","110/07/13","統一-仁愛",114,755,-641
"3257","2363矽統","110/07/13","元大-佳里",452,189,263
"3258","2363矽統","110/07/13","統一-敦南",29,638,-609
"3259","2363矽統","110/07/13","國票-博愛",296,38,258
"3260","2363矽統","110/07/13","統一-土城",100,704,-604
"3261","2363矽統","110/07/13","元大-萬華",340,95,245
"3262","2363矽統","110/07/13","統一-城中",116,676,-560
"3263","2363矽統","110/07/13","新光",1259,1031,228
"3264","2363矽統","110/07/13","永豐金證券",306,859,-553
"3265","2363矽統","110/07/13","元富-成功",323,96,227
"3266","2363矽統","110/07/13","元富",54,567,-513
"3267","2363矽統","110/07/13","豐農",228,23,205
"3268","2363矽統","110/07/13","瑞士信貸",202,666,-464
"3269","2363矽統","110/07/13","台灣企銀-岡山",186,4,182
"3270","2363矽統","110/07/13","永豐金-嘉義",67,468,-401
"3271","8112至上","110/07/13","摩根大通",688,296,392
"3272","8112至上","110/07/13","國票-中和",0,401,-401
"3273","8112至上","110/07/13","港商野村",344,145,199
"3274","8112至上","110/07/13","永豐金-板盛",0,205,-205
"3275","8112至上","110/07/13","兆豐-公益",195,5,190
"3276","8112至上","110/07/13","凱基-五股",43,155,-112
"3277","8112至上","110/07/13","台灣摩根士丹利",183,0,183
"3278","8112至上","110/07/13","凱基-市政",0,100,-100
"3279","8112至上","110/07/13","群益金鼎-敦南",153,2,151
"3280","8112至上","110/07/13","元大-大里德芳",1,92,-91
"3281","8112至上","110/07/13","臺銀-金山",146,26,120
"3282","8112至上","110/07/13","玉山-桃園",26,110,-84
"3283","8112至上","110/07/13","臺銀",133,19,114
"3284","8112至上","110/07/13","兆豐-天母",0,81,-81
"3285","8112至上","110/07/13","合庫-台中",115,6,109
"3286","8112至上","110/07/13","凱基-城中",3,84,-81
"3287","8112至上","110/07/13","亞東-板橋",134,26,108
"3288","8112至上","110/07/13","日盛-新莊",9,85,-76
"3289","8112至上","110/07/13","凱基-台北",414,326,88
"3290","8112至上","110/07/13","日盛-台中",2,64,-62
"3291","8112至上","110/07/13","新加坡商瑞銀",181,100,81
"3292","8112至上","110/07/13","日盛-中壢",3,64,-61
"3293","8112至上","110/07/13","國泰-敦南",108,31,77
"3294","8112至上","110/07/13","元大-台中",2,59,-57
"3295","8112至上","110/07/13","第一金-華江",77,4,73
"3296","8112至上","110/07/13","元大-雙和",7,64,-57
"3297","8112至上","110/07/13","永豐金-內湖",73,1,72
"3298","8112至上","110/07/13","元大-高雄",8,62,-54
"3299","8112至上","110/07/13","元大-永和",68,1,67
"3300","8112至上","110/07/13","元大-館前",2,55,-53
"3301","1570力肯","110/07/13","新光",115,11,104
"3302","1570力肯","110/07/13","元大-北三重",0,162,-162
"3303","1570力肯","110/07/13","群益金鼎-高雄",54,0,54
"3304","1570力肯","110/07/13","元大-大灣",0,25,-25
"3305","1570力肯","110/07/13","國票-新莊",22,0,22
"3306","1570力肯","110/07/13","永豐金-苓雅",0,22,-22
"3307","1570力肯","110/07/13","日盛-桃園",12,0,12
"3308","1570力肯","110/07/13","永豐金-永康",0,19,-19
"3309","1570力肯","110/07/13","元大-高雄",12,0,12
"3310","1570力肯","110/07/13","富邦-員林",0,15,-15
"3311","1570力肯","110/07/13","合庫-自強",11,0,11
"3312","1570力肯","110/07/13","凱基-台南",0,11,-11
"3313","1570力肯","110/07/13","摩根大通",26,15,11
"3314","1570力肯","110/07/13","日盛-竹北",0,10,-10
"3315","1570力肯","110/07/13","永豐金-中盛",11,0,11
"3316","1570力肯","110/07/13","國票-九鼎",0,10,-10
"3317","1570力肯","110/07/13","兆豐-台中港",10,0,10
"3318","1570力肯","110/07/13","凱基-桃園",0,10,-10
"3319","1570力肯","110/07/13","國泰-松江",9,0,9
"3320","1570力肯","110/07/13","凱基-新豐",0,10,-10
"3321","1570力肯","110/07/13","元大-新盛",9,0,9
"3322","1570力肯","110/07/13","元大-學甲",0,10,-10
"3323","1570力肯","110/07/13","元富-緯城",6,0,6
"3324","1570力肯","110/07/13","群益金鼎-東湖",1,10,-9
"3325","1570力肯","110/07/13","統一-三重",5,0,5
"3326","1570力肯","110/07/13","大昌",0,6,-6
"3327","1570力肯","110/07/13","元大-前金",5,0,5
"3328","1570力肯","110/07/13","元大-土城學府",0,6,-6
"3329","1570力肯","110/07/13","永豐金證券",5,0,5
"3330","1570力肯","110/07/13","統一",0,5,-5
"3331","2929淘帝","110/07/13","玉山-新竹",130,0,130
"3332","2929淘帝","110/07/13","美商高盛",0,177,-177
"3333","2929淘帝","110/07/13","臺銀-民權",60,0,60
"3334","2929淘帝","110/07/13","凱基-台北",6,80,-74
"3335","2929淘帝","110/07/13","新百王",31,0,31
"3336","2929淘帝","110/07/13","元富-大裕",0,49,-49
"3337","2929淘帝","110/07/13","日盛-園區",30,0,30
"3338","2929淘帝","110/07/13","國泰-館前",3,51,-48
"3339","2929淘帝","110/07/13","元大-南投",31,1,30
"3340","2929淘帝","110/07/13","凱基-中壢",0,41,-41
"3341","2929淘帝","110/07/13","兆豐-忠孝",28,0,28
"3342","2929淘帝","110/07/13","港商野村",21,55,-34
"3343","2929淘帝","110/07/13","元大-民生",28,0,28
"3344","2929淘帝","110/07/13","華南永昌-南京",2,34,-32
"3345","2929淘帝","110/07/13","合庫-高雄",27,0,27
"3346","2929淘帝","110/07/13","群益金鼎-土城",0,30,-30
"3347","2929淘帝","110/07/13","凱基-豐中",27,0,27
"3348","2929淘帝","110/07/13","富邦-南屯",0,22,-22
"3349","2929淘帝","110/07/13","新光",21,4,17
"3350","2929淘帝","110/07/13","第一金-豐原",0,20,-20
"3351","2929淘帝","110/07/13","元大-天母",17,0,17
"3352","2929淘帝","110/07/13","元大-屏南",6,26,-20
"3353","2929淘帝","110/07/13","永興",14,0,14
"3354","2929淘帝","110/07/13","永豐金-敦南",1,21,-20
"3355","2929淘帝","110/07/13","富邦-台北",12,0,12
"3356","2929淘帝","110/07/13","凱基-三重",2,21,-19
"3357","2929淘帝","110/07/13","元大-永和",12,0,12
"3358","2929淘帝","110/07/13","富邦-仁愛",7,25,-18
"3359","2929淘帝","110/07/13","國票-天祥",11,0,11
"3360","2929淘帝","110/07/13","元大-北投",0,16,-16
"3361","5410國眾","110/07/13","兆豐-城中",274,0,274
"3362","5410國眾","110/07/13","元富-嘉義",0,103,-103
"3363","5410國眾","110/07/13","新光",50,4,46
"3364","5410國眾","110/07/13","凱基-台北",0,50,-50
"3365","5410國眾","110/07/13","國泰-台中",26,0,26
"3366","5410國眾","110/07/13","瑞士信貸",0,31,-31
"3367","5410國眾","110/07/13","新加坡商瑞銀",22,0,22
"3368","5410國眾","110/07/13","台新-新莊",0,27,-27
"3369","5410國眾","110/07/13","光和-嘉義",20,0,20
"3370","5410國眾","110/07/13","元大-汐止",0,20,-20
"3371","5410國眾","110/07/13","凱基-竹北",17,0,17
"3372","5410國眾","110/07/13","亞東-新竹",0,17,-17
"3373","5410國眾","110/07/13","新光-桃園",15,0,15
"3374","5410國眾","110/07/13","元大-南勢角",0,13,-13
"3375","5410國眾","110/07/13","凱基-台東",14,0,14
"3376","5410國眾","110/07/13","台新-台南",0,12,-12
"3377","5410國眾","110/07/13","富邦-竹北",11,0,11
"3378","5410國眾","110/07/13","中國信託",0,11,-11
"3379","5410國眾","110/07/13","元富-同大",10,0,10
"3380","5410國眾","110/07/13","華南永昌",0,11,-11
"3381","5410國眾","110/07/13","國泰-敦南",24,15,9
"3382","5410國眾","110/07/13","臺銀-臺南",0,10,-10
"3383","5410國眾","110/07/13","日盛-內湖",7,0,7
"3384","5410國眾","110/07/13","台灣企銀-民雄",0,10,-10
"3385","5410國眾","110/07/13","台新-左楠",7,0,7
"3386","5410國眾","110/07/13","高橋",0,10,-10
"3387","5410國眾","110/07/13","元大-新盛",18,12,6
"3388","5410國眾","110/07/13","康和-嘉義",0,10,-10
"3389","5410國眾","110/07/13","統一",5,0,5
"3390","5410國眾","110/07/13","凱基-基隆",0,10,-10
"3391","2841台開","110/07/13","中國信託-高雄",251,50,201
"3392","2841台開","110/07/13","兆豐-公益",0,177,-177
"3393","2841台開","110/07/13","日盛證券",210,13,197
"3394","2841台開","110/07/13","日進",0,152,-152
"3395","2841台開","110/07/13","第一金-台中",55,0,55
"3396","2841台開","110/07/13","港商野村",0,109,-109
"3397","2841台開","110/07/13","國泰-板橋",46,0,46
"3398","2841台開","110/07/13","日盛-信義",0,103,-103
"3399","2841台開","110/07/13","國泰-館前",48,3,45
"3400","2841台開","110/07/13","國泰-敦南",11,75,-64
"3401","2841台開","110/07/13","華南永昌-新莊",45,0,45
"3402","2841台開","110/07/13","永興",0,50,-50
"3403","2841台開","110/07/13","日盛-園區",42,0,42
"3404","2841台開","110/07/13","永豐金-敦南",61,104,-43
"3405","2841台開","110/07/13","台新證券",32,0,32
"3406","2841台開","110/07/13","富邦-台南",0,42,-42
"3407","2841台開","110/07/13","台新-高雄",32,2,30
"3408","2841台開","110/07/13","國票-安和",0,30,-30
"3409","2841台開","110/07/13","豐農",23,0,23
"3410","2841台開","110/07/13","元大-桃園",0,25,-25
"3411","2841台開","110/07/13","合庫-嘉義",20,0,20
"3412","2841台開","110/07/13","新光",8,32,-24
"3413","2841台開","110/07/13","華南永昌-高雄",20,0,20
"3414","2841台開","110/07/13","元大-仁愛",0,24,-24
"3415","2841台開","110/07/13","元大-樹林",16,0,16
"3416","2841台開","110/07/13","日盛-中和",0,20,-20
"3417","2841台開","110/07/13","第一金-華江",15,2,13
"3418","2841台開","110/07/13","元富",0,20,-20
"3419","2841台開","110/07/13","美商高盛",12,0,12
"3420","2841台開","110/07/13","富邦-宜蘭",0,20,-20
"3421","6207雷科","110/07/13","元大-高雄",121,0,121
"3422","6207雷科","110/07/13","華南永昌-朴子",1,60,-59
"3423","6207雷科","110/07/13","第一金-新興",20,0,20
"3424","6207雷科","110/07/13","元大-南海",0,36,-36
"3425","6207雷科","110/07/13","元富-三重",20,0,20
"3426","6207雷科","110/07/13","凱基-土城",0,35,-35
"3427","6207雷科","110/07/13","元大-林園",15,0,15
"3428","6207雷科","110/07/13","台灣企銀",0,20,-20
"3429","6207雷科","110/07/13","元大-金華",16,1,15
"3430","6207雷科","110/07/13","群益金鼎-丹鳳",0,20,-20
"3431","6207雷科","110/07/13","日盛證券",10,0,10
"3432","6207雷科","110/07/13","元大-博愛",0,17,-17
"3433","6207雷科","110/07/13","統一-台中",10,0,10
"3434","6207雷科","110/07/13","元大-北港",0,13,-13
"3435","6207雷科","110/07/13","群益金鼎-土城",10,0,10
"3436","6207雷科","110/07/13","新加坡商瑞銀",0,12,-12
"3437","6207雷科","110/07/13","群益金鼎-桃園",10,0,10
"3438","6207雷科","110/07/13","凱基-台北",4,16,-12
"3439","6207雷科","110/07/13","永豐金-新莊",10,0,10
"3440","6207雷科","110/07/13","日茂-埔里",0,11,-11
"3441","6207雷科","110/07/13","永豐金-新店",10,0,10
"3442","6207雷科","110/07/13","元大-莒光",0,11,-11
"3443","6207雷科","110/07/13","元大證券",9,0,9
"3444","6207雷科","110/07/13","統一-新竹",0,10,-10
"3445","6207雷科","110/07/13","日盛-木柵",9,1,8
"3446","6207雷科","110/07/13","元大-西螺",0,10,-10
"3447","6207雷科","110/07/13","兆豐-來福",8,0,8
"3448","6207雷科","110/07/13","康和-台中",0,8,-8
"3449","6207雷科","110/07/13","新光",7,0,7
"3450","6207雷科","110/07/13","兆豐-高雄",0,6,-6
"3451","3679新至陞","110/07/13","永豐金證券",50,0,50
"3452","3679新至陞","110/07/13","摩根大通",2,25,-23
"3453","3679新至陞","110/07/13","國泰-桃園",22,0,22
"3454","3679新至陞","110/07/13","元大-成功",0,22,-22
"3455","3679新至陞","110/07/13","台中銀-員林",11,0,11
"3456","3679新至陞","110/07/13","富邦-板橋",1,19,-18
"3457","3679新至陞","110/07/13","元大-文心興安",8,0,8
"3458","3679新至陞","110/07/13","日盛-新莊",0,10,-10
"3459","3679新至陞","110/07/13","美商高盛",6,0,6
"3460","3679新至陞","110/07/13","台新-台中",0,10,-10
"3461","3679新至陞","110/07/13","台新-高雄",6,0,6
"3462","3679新至陞","110/07/13","永豐金-新竹",0,8,-8
"3463","3679新至陞","110/07/13","凱基-台北",18,12,6
"3464","3679新至陞","110/07/13","瑞士信貸",12,19,-7
"3465","3679新至陞","110/07/13","日盛-復興",5,0,5
"3466","3679新至陞","110/07/13","統一-南京",0,7,-7
"3467","3679新至陞","110/07/13","(牛牛牛)亞-鑫豐",4,0,4
"3468","3679新至陞","110/07/13","凱基-新莊",0,7,-7
"3469","3679新至陞","110/07/13","元富-大昌",3,0,3
"3470","3679新至陞","110/07/13","新加坡商瑞銀",0,6,-6
"3471","3679新至陞","110/07/13","富邦-台北",3,0,3
"3472","3679新至陞","110/07/13","合庫-自強",0,5,-5
"3473","3679新至陞","110/07/13","日盛-樹林",2,0,2
"3474","3679新至陞","110/07/13","富邦-桃園",0,5,-5
"3475","3679新至陞","110/07/13","宏遠-光隆",2,0,2
"3476","3679新至陞","110/07/13","永豐金-潮州",0,4,-4
"3477","3679新至陞","110/07/13","美林",3,1,2
"3478","3679新至陞","110/07/13","臺銀-臺南",0,3,-3
"3479","3679新至陞","110/07/13","第一金-中壢",2,0,2
"3480","3679新至陞","110/07/13","元大-六合",0,3,-3
"3481","2727王品","110/07/13","富邦-台北",43,3,40
"3482","2727王品","110/07/13","台灣摩根士丹利",15,97,-82
"3483","2727王品","110/07/13","元大-基隆孝二",40,0,40
"3484","2727王品","110/07/13","玉山-台南",5,57,-52
"3485","2727王品","110/07/13","國票-新莊",40,1,39
"3486","2727王品","110/07/13","新加坡商瑞銀",0,48,-48
"3487","2727王品","110/07/13","第一金-豐原",66,42,24
"3488","2727王品","110/07/13","凱基-台北",41,77,-36
"3489","2727王品","110/07/13","永豐金-大園",34,10,24
"3490","2727王品","110/07/13","永豐金-永康",0,22,-22
"3491","2727王品","110/07/13","元大-北屯",22,0,22
"3492","2727王品","110/07/13","統一-台中",2,22,-20
"3493","2727王品","110/07/13","元大-東蘆",26,7,19
"3494","2727王品","110/07/13","國泰-台中",21,39,-18
"3495","2727王品","110/07/13","永豐金-萬盛",13,1,12
"3496","2727王品","110/07/13","合庫-彰化",3,20,-17
"3497","2727王品","110/07/13","日盛-嘉義",11,0,11
"3498","2727王品","110/07/13","港商野村",13,30,-17
"3499","2727王品","110/07/13","日盛-八德",11,0,11
"3500","2727王品","110/07/13","元大-楊梅",1,16,-15
"3501","2727王品","110/07/13","統一-竹南",11,0,11
"3502","2727王品","110/07/13","凱基-高美館",2,15,-13
"3503","2727王品","110/07/13","日盛-士林",12,2,10
"3504","2727王品","110/07/13","美商高盛",2,14,-12
"3505","2727王品","110/07/13","統一-敦南",10,0,10
"3506","2727王品","110/07/13","統一-平鎮",1,13,-12
"3507","2727王品","110/07/13","中國信託",15,5,10
"3508","2727王品","110/07/13","兆豐-台中港",4,16,-12
"3509","2727王品","110/07/13","兆豐-竹北",13,3,10
"3510","2727王品","110/07/13","凱基-八德",1,13,-12
"3511","1570力肯","110/07/13","新光",115,11,104
"3512","1570力肯","110/07/13","元大-北三重",0,162,-162
"3513","1570力肯","110/07/13","群益金鼎-高雄",54,0,54
"3514","1570力肯","110/07/13","元大-大灣",0,25,-25
"3515","1570力肯","110/07/13","國票-新莊",22,0,22
"3516","1570力肯","110/07/13","永豐金-苓雅",0,22,-22
"3517","1570力肯","110/07/13","日盛-桃園",12,0,12
"3518","1570力肯","110/07/13","永豐金-永康",0,19,-19
"3519","1570力肯","110/07/13","元大-高雄",12,0,12
"3520","1570力肯","110/07/13","富邦-員林",0,15,-15
"3521","1570力肯","110/07/13","合庫-自強",11,0,11
"3522","1570力肯","110/07/13","凱基-台南",0,11,-11
"3523","1570力肯","110/07/13","摩根大通",26,15,11
"3524","1570力肯","110/07/13","日盛-竹北",0,10,-10
"3525","1570力肯","110/07/13","永豐金-中盛",11,0,11
"3526","1570力肯","110/07/13","國票-九鼎",0,10,-10
"3527","1570力肯","110/07/13","兆豐-台中港",10,0,10
"3528","1570力肯","110/07/13","凱基-桃園",0,10,-10
"3529","1570力肯","110/07/13","國泰-松江",9,0,9
"3530","1570力肯","110/07/13","凱基-新豐",0,10,-10
"3531","1570力肯","110/07/13","元大-新盛",9,0,9
"3532","1570力肯","110/07/13","元大-學甲",0,10,-10
"3533","1570力肯","110/07/13","元富-緯城",6,0,6
"3534","1570力肯","110/07/13","群益金鼎-東湖",1,10,-9
"3535","1570力肯","110/07/13","統一-三重",5,0,5
"3536","1570力肯","110/07/13","大昌",0,6,-6
"3537","1570力肯","110/07/13","元大-前金",5,0,5
"3538","1570力肯","110/07/13","元大-土城學府",0,6,-6
"3539","1570力肯","110/07/13","永豐金證券",5,0,5
"3540","1570力肯","110/07/13","統一",0,5,-5
"3541","6180橘子","110/07/13","摩根大通",119,0,119
"3542","6180橘子","110/07/13","元大-崇德",2,61,-59
"3543","6180橘子","110/07/13","美商高盛",96,0,96
"3544","6180橘子","110/07/13","康和-台中",0,51,-51
"3545","6180橘子","110/07/13","新加坡商瑞銀",86,7,79
"3546","6180橘子","110/07/13","康和-台北",0,50,-50
"3547","6180橘子","110/07/13","元大-和平",40,0,40
"3548","6180橘子","110/07/13","元富-潮州",0,40,-40
"3549","6180橘子","110/07/13","凱基-台北",83,47,36
"3550","6180橘子","110/07/13","日盛-永康",0,26,-26
"3551","6180橘子","110/07/13","美林",39,5,34
"3552","6180橘子","110/07/13","永豐金-中正",0,24,-24
"3553","6180橘子","110/07/13","富邦-新竹華信",31,2,29
"3554","6180橘子","110/07/13","國泰-板橋",2,25,-23
"3555","6180橘子","110/07/13","統一-南京",21,0,21
"3556","6180橘子","110/07/13","日盛-大墩",0,20,-20
"3557","6180橘子","110/07/13","富邦-陽明",24,3,21
"3558","6180橘子","110/07/13","元大-草屯",13,32,-19
"3559","6180橘子","110/07/13","大昌-樹林",21,1,20
"3560","6180橘子","110/07/13","元富-林園",1,18,-17
"3561","6180橘子","110/07/13","花旗環球",19,0,19
"3562","6180橘子","110/07/13","新光-新竹",1,18,-17
"3563","6180橘子","110/07/13","華南永昌-台南",19,0,19
"3564","6180橘子","110/07/13","元大-土城永寧",0,17,-17
"3565","6180橘子","110/07/13","福勝",14,0,14
"3566","6180橘子","110/07/13","國泰-新莊",3,19,-16
"3567","6180橘子","110/07/13","富邦-嘉義",12,1,11
"3568","6180橘子","110/07/13","中國信託-永康",6,21,-15
"3569","6180橘子","110/07/13","元大-板橋三民",11,0,11
"3570","6180橘子","110/07/13","凱基-東港",1,15,-14
"3571","2390云辰","110/07/13","新加坡商瑞銀",562,75,487
"3572","2390云辰","110/07/13","大展-台南",0,532,-532
"3573","2390云辰","110/07/13","台灣摩根士丹利",330,155,175
"3574","2390云辰","110/07/13","凱基-台北",668,854,-186
"3575","2390云辰","110/07/13","兆豐-公益",126,25,101
"3576","2390云辰","110/07/13","凱基-三重",12,172,-160
"3577","2390云辰","110/07/13","元富-中港",100,2,98
"3578","2390云辰","110/07/13","兆豐-忠孝",4,161,-157
"3579","2390云辰","110/07/13","統一-新台中",106,9,97
"3580","2390云辰","110/07/13","元大-士林",19,170,-151
"3581","2390云辰","110/07/13","中國信託-松江",81,11,70
"3582","2390云辰","110/07/13","臺銀-新竹",14,117,-103
"3583","2390云辰","110/07/13","日盛-板橋",72,3,69
"3584","2390云辰","110/07/13","國票-台中",4,102,-98
"3585","2390云辰","110/07/13","日盛-和美",57,0,57
"3586","2390云辰","110/07/13","新光",147,232,-85
"3587","2390云辰","110/07/13","永豐金-桃園",88,36,52
"3588","2390云辰","110/07/13","致和-崇德",2,70,-68
"3589","2390云辰","110/07/13","玉山-士林",54,4,50
"3590","2390云辰","110/07/13","群益金鼎-屏東",2,70,-68
"3591","2390云辰","110/07/13","富邦-仁愛",56,6,50
"3592","2390云辰","110/07/13","元大-大里",35,98,-63
"3593","2390云辰","110/07/13","第一金-豐原",50,1,49
"3594","2390云辰","110/07/13","元大-萬華",35,94,-59
"3595","2390云辰","110/07/13","摩根大通",502,453,49
"3596","2390云辰","110/07/13","元富-吉利",2,60,-58
"3597","2390云辰","110/07/13","凱基-松山",61,13,48
"3598","2390云辰","110/07/13","兆豐-新竹",3,53,-50
"3599","2390云辰","110/07/13","大昌",64,22,42
"3600","2390云辰","110/07/13","富邦-嘉義",65,108,-43
"3601","2363矽統","110/07/13","凱基-南崁",2133,63,2070
"3602","2363矽統","110/07/13","凱基-幸福",36,4048,-4012
"3603","2363矽統","110/07/13","國泰-敦南",2195,1617,578
"3604","2363矽統","110/07/13","統一",192,3325,-3133
"3605","2363矽統","110/07/13","中農",670,139,531
"3606","2363矽統","110/07/13","新加坡商瑞銀",1000,2747,-1747
"3607","2363矽統","110/07/13","康和-台中",638,154,484
"3608","2363矽統","110/07/13","凱基-台北",5359,6609,-1250
"3609","2363矽統","110/07/13","群益金鼎-三民",577,137,440
"3610","2363矽統","110/07/13","摩根大通",1930,2858,-928
"3611","2363矽統","110/07/13","台新-屏東",510,88,422
"3612","2363矽統","110/07/13","港商野村",960,1679,-719
"3613","2363矽統","110/07/13","德信-中正",455,67,388
"3614","2363矽統","110/07/13","兆豐-復興",25,705,-680
"3615","2363矽統","110/07/13","日盛-竹北",365,70,295
"3616","2363矽統","110/07/13","統一-仁愛",114,755,-641
"3617","2363矽統","110/07/13","元大-佳里",452,189,263
"3618","2363矽統","110/07/13","統一-敦南",29,638,-609
"3619","2363矽統","110/07/13","國票-博愛",296,38,258
"3620","2363矽統","110/07/13","統一-土城",100,704,-604
"3621","2363矽統","110/07/13","元大-萬華",340,95,245
"3622","2363矽統","110/07/13","統一-城中",116,676,-560
"3623","2363矽統","110/07/13","新光",1259,1031,228
"3624","2363矽統","110/07/13","永豐金證券",306,859,-553
"3625","2363矽統","110/07/13","元富-成功",323,96,227
"3626","2363矽統","110/07/13","元富",54,567,-513
"3627","2363矽統","110/07/13","豐農",228,23,205
"3628","2363矽統","110/07/13","瑞士信貸",202,666,-464
"3629","2363矽統","110/07/13","台灣企銀-岡山",186,4,182
"3630","2363矽統","110/07/13","永豐金-嘉義",67,468,-401
"3631","8112至上","110/07/13","摩根大通",688,296,392
"3632","8112至上","110/07/13","國票-中和",0,401,-401
"3633","8112至上","110/07/13","港商野村",344,145,199
"3634","8112至上","110/07/13","永豐金-板盛",0,205,-205
"3635","8112至上","110/07/13","兆豐-公益",195,5,190
"3636","8112至上","110/07/13","凱基-五股",43,155,-112
"3637","8112至上","110/07/13","台灣摩根士丹利",183,0,183
"3638","8112至上","110/07/13","凱基-市政",0,100,-100
"3639","8112至上","110/07/13","群益金鼎-敦南",153,2,151
"3640","8112至上","110/07/13","元大-大里德芳",1,92,-91
"3641","8112至上","110/07/13","臺銀-金山",146,26,120
"3642","8112至上","110/07/13","玉山-桃園",26,110,-84
"3643","8112至上","110/07/13","臺銀",133,19,114
"3644","8112至上","110/07/13","兆豐-天母",0,81,-81
"3645","8112至上","110/07/13","合庫-台中",115,6,109
"3646","8112至上","110/07/13","凱基-城中",3,84,-81
"3647","8112至上","110/07/13","亞東-板橋",134,26,108
"3648","8112至上","110/07/13","日盛-新莊",9,85,-76
"3649","8112至上","110/07/13","凱基-台北",414,326,88
"3650","8112至上","110/07/13","日盛-台中",2,64,-62
"3651","8112至上","110/07/13","新加坡商瑞銀",181,100,81
"3652","8112至上","110/07/13","日盛-中壢",3,64,-61
"3653","8112至上","110/07/13","國泰-敦南",108,31,77
"3654","8112至上","110/07/13","元大-台中",2,59,-57
"3655","8112至上","110/07/13","第一金-華江",77,4,73
"3656","8112至上","110/07/13","元大-雙和",7,64,-57
"3657","8112至上","110/07/13","永豐金-內湖",73,1,72
"3658","8112至上","110/07/13","元大-高雄",8,62,-54
"3659","8112至上","110/07/13","元大-永和",68,1,67
"3660","8112至上","110/07/13","元大-館前",2,55,-53
"3661","1570力肯","110/07/13","新光",115,11,104
"3662","1570力肯","110/07/13","元大-北三重",0,162,-162
"3663","1570力肯","110/07/13","群益金鼎-高雄",54,0,54
"3664","1570力肯","110/07/13","元大-大灣",0,25,-25
"3665","1570力肯","110/07/13","國票-新莊",22,0,22
"3666","1570力肯","110/07/13","永豐金-苓雅",0,22,-22
"3667","1570力肯","110/07/13","日盛-桃園",12,0,12
"3668","1570力肯","110/07/13","永豐金-永康",0,19,-19
"3669","1570力肯","110/07/13","元大-高雄",12,0,12
"3670","1570力肯","110/07/13","富邦-員林",0,15,-15
"3671","1570力肯","110/07/13","合庫-自強",11,0,11
"3672","1570力肯","110/07/13","凱基-台南",0,11,-11
"3673","1570力肯","110/07/13","摩根大通",26,15,11
"3674","1570力肯","110/07/13","日盛-竹北",0,10,-10
"3675","1570力肯","110/07/13","永豐金-中盛",11,0,11
"3676","1570力肯","110/07/13","國票-九鼎",0,10,-10
"3677","1570力肯","110/07/13","兆豐-台中港",10,0,10
"3678","1570力肯","110/07/13","凱基-桃園",0,10,-10
"3679","1570力肯","110/07/13","國泰-松江",9,0,9
"3680","1570力肯","110/07/13","凱基-新豐",0,10,-10
"3681","1570力肯","110/07/13","元大-新盛",9,0,9
"3682","1570力肯","110/07/13","元大-學甲",0,10,-10
"3683","1570力肯","110/07/13","元富-緯城",6,0,6
"3684","1570力肯","110/07/13","群益金鼎-東湖",1,10,-9
"3685","1570力肯","110/07/13","統一-三重",5,0,5
"3686","1570力肯","110/07/13","大昌",0,6,-6
"3687","1570力肯","110/07/13","元大-前金",5,0,5
"3688","1570力肯","110/07/13","元大-土城學府",0,6,-6
"3689","1570力肯","110/07/13","永豐金證券",5,0,5
"3690","1570力肯","110/07/13","統一",0,5,-5
"3691","2929淘帝","110/07/13","玉山-新竹",130,0,130
"3692","2929淘帝","110/07/13","美商高盛",0,177,-177
"3693","2929淘帝","110/07/13","臺銀-民權",60,0,60
"3694","2929淘帝","110/07/13","凱基-台北",6,80,-74
"3695","2929淘帝","110/07/13","新百王",31,0,31
"3696","2929淘帝","110/07/13","元富-大裕",0,49,-49
"3697","2929淘帝","110/07/13","日盛-園區",30,0,30
"3698","2929淘帝","110/07/13","國泰-館前",3,51,-48
"3699","2929淘帝","110/07/13","元大-南投",31,1,30
"3700","2929淘帝","110/07/13","凱基-中壢",0,41,-41
"3701","2929淘帝","110/07/13","兆豐-忠孝",28,0,28
"3702","2929淘帝","110/07/13","港商野村",21,55,-34
"3703","2929淘帝","110/07/13","元大-民生",28,0,28
"3704","2929淘帝","110/07/13","華南永昌-南京",2,34,-32
"3705","2929淘帝","110/07/13","合庫-高雄",27,0,27
"3706","2929淘帝","110/07/13","群益金鼎-土城",0,30,-30
"3707","2929淘帝","110/07/13","凱基-豐中",27,0,27
"3708","2929淘帝","110/07/13","富邦-南屯",0,22,-22
"3709","2929淘帝","110/07/13","新光",21,4,17
"3710","2929淘帝","110/07/13","第一金-豐原",0,20,-20
"3711","2929淘帝","110/07/13","元大-天母",17,0,17
"3712","2929淘帝","110/07/13","元大-屏南",6,26,-20
"3713","2929淘帝","110/07/13","永興",14,0,14
"3714","2929淘帝","110/07/13","永豐金-敦南",1,21,-20
"3715","2929淘帝","110/07/13","富邦-台北",12,0,12
"3716","2929淘帝","110/07/13","凱基-三重",2,21,-19
"3717","2929淘帝","110/07/13","元大-永和",12,0,12
"3718","2929淘帝","110/07/13","富邦-仁愛",7,25,-18
"3719","2929淘帝","110/07/13","國票-天祥",11,0,11
"3720","2929淘帝","110/07/13","元大-北投",0,16,-16
"3721","5410國眾","110/07/13","兆豐-城中",274,0,274
"3722","5410國眾","110/07/13","元富-嘉義",0,103,-103
"3723","5410國眾","110/07/13","新光",50,4,46
"3724","5410國眾","110/07/13","凱基-台北",0,50,-50
"3725","5410國眾","110/07/13","國泰-台中",26,0,26
"3726","5410國眾","110/07/13","瑞士信貸",0,31,-31
"3727","5410國眾","110/07/13","新加坡商瑞銀",22,0,22
"3728","5410國眾","110/07/13","台新-新莊",0,27,-27
"3729","5410國眾","110/07/13","光和-嘉義",20,0,20
"3730","5410國眾","110/07/13","元大-汐止",0,20,-20
"3731","5410國眾","110/07/13","凱基-竹北",17,0,17
"3732","5410國眾","110/07/13","亞東-新竹",0,17,-17
"3733","5410國眾","110/07/13","新光-桃園",15,0,15
"3734","5410國眾","110/07/13","元大-南勢角",0,13,-13
"3735","5410國眾","110/07/13","凱基-台東",14,0,14
"3736","5410國眾","110/07/13","台新-台南",0,12,-12
"3737","5410國眾","110/07/13","富邦-竹北",11,0,11
"3738","5410國眾","110/07/13","中國信託",0,11,-11
"3739","5410國眾","110/07/13","元富-同大",10,0,10
"3740","5410國眾","110/07/13","華南永昌",0,11,-11
"3741","5410國眾","110/07/13","國泰-敦南",24,15,9
"3742","5410國眾","110/07/13","臺銀-臺南",0,10,-10
"3743","5410國眾","110/07/13","日盛-內湖",7,0,7
"3744","5410國眾","110/07/13","台灣企銀-民雄",0,10,-10
"3745","5410國眾","110/07/13","台新-左楠",7,0,7
"3746","5410國眾","110/07/13","高橋",0,10,-10
"3747","5410國眾","110/07/13","元大-新盛",18,12,6
"3748","5410國眾","110/07/13","康和-嘉義",0,10,-10
"3749","5410國眾","110/07/13","統一",5,0,5
"3750","5410國眾","110/07/13","凱基-基隆",0,10,-10
"3751","2841台開","110/07/13","中國信託-高雄",251,50,201
"3752","2841台開","110/07/13","兆豐-公益",0,177,-177
"3753","2841台開","110/07/13","日盛證券",210,13,197
"3754","2841台開","110/07/13","日進",0,152,-152
"3755","2841台開","110/07/13","第一金-台中",55,0,55
"3756","2841台開","110/07/13","港商野村",0,109,-109
"3757","2841台開","110/07/13","國泰-板橋",46,0,46
"3758","2841台開","110/07/13","日盛-信義",0,103,-103
"3759","2841台開","110/07/13","國泰-館前",48,3,45
"3760","2841台開","110/07/13","國泰-敦南",11,75,-64
"3761","2841台開","110/07/13","華南永昌-新莊",45,0,45
"3762","2841台開","110/07/13","永興",0,50,-50
"3763","2841台開","110/07/13","日盛-園區",42,0,42
"3764","2841台開","110/07/13","永豐金-敦南",61,104,-43
"3765","2841台開","110/07/13","台新證券",32,0,32
"3766","2841台開","110/07/13","富邦-台南",0,42,-42
"3767","2841台開","110/07/13","台新-高雄",32,2,30
"3768","2841台開","110/07/13","國票-安和",0,30,-30
"3769","2841台開","110/07/13","豐農",23,0,23
"3770","2841台開","110/07/13","元大-桃園",0,25,-25
"3771","2841台開","110/07/13","合庫-嘉義",20,0,20
"3772","2841台開","110/07/13","新光",8,32,-24
"3773","2841台開","110/07/13","華南永昌-高雄",20,0,20
"3774","2841台開","110/07/13","元大-仁愛",0,24,-24
"3775","2841台開","110/07/13","元大-樹林",16,0,16
"3776","2841台開","110/07/13","日盛-中和",0,20,-20
"3777","2841台開","110/07/13","第一金-華江",15,2,13
"3778","2841台開","110/07/13","元富",0,20,-20
"3779","2841台開","110/07/13","美商高盛",12,0,12
"3780","2841台開","110/07/13","富邦-宜蘭",0,20,-20
"3781","6207雷科","110/07/13","元大-高雄",121,0,121
"3782","6207雷科","110/07/13","華南永昌-朴子",1,60,-59
"3783","6207雷科","110/07/13","第一金-新興",20,0,20
"3784","6207雷科","110/07/13","元大-南海",0,36,-36
"3785","6207雷科","110/07/13","元富-三重",20,0,20
"3786","6207雷科","110/07/13","凱基-土城",0,35,-35
"3787","6207雷科","110/07/13","元大-林園",15,0,15
"3788","6207雷科","110/07/13","台灣企銀",0,20,-20
"3789","6207雷科","110/07/13","元大-金華",16,1,15
"3790","6207雷科","110/07/13","群益金鼎-丹鳳",0,20,-20
"3791","6207雷科","110/07/13","日盛證券",10,0,10
"3792","6207雷科","110/07/13","元大-博愛",0,17,-17
"3793","6207雷科","110/07/13","統一-台中",10,0,10
"3794","6207雷科","110/07/13","元大-北港",0,13,-13
"3795","6207雷科","110/07/13","群益金鼎-土城",10,0,10
"3796","6207雷科","110/07/13","新加坡商瑞銀",0,12,-12
"3797","6207雷科","110/07/13","群益金鼎-桃園",10,0,10
"3798","6207雷科","110/07/13","凱基-台北",4,16,-12
"3799","6207雷科","110/07/13","永豐金-新莊",10,0,10
"3800","6207雷科","110/07/13","日茂-埔里",0,11,-11
"3801","6207雷科","110/07/13","永豐金-新店",10,0,10
"3802","6207雷科","110/07/13","元大-莒光",0,11,-11
"3803","6207雷科","110/07/13","元大證券",9,0,9
"3804","6207雷科","110/07/13","統一-新竹",0,10,-10
"3805","6207雷科","110/07/13","日盛-木柵",9,1,8
"3806","6207雷科","110/07/13","元大-西螺",0,10,-10
"3807","6207雷科","110/07/13","兆豐-來福",8,0,8
"3808","6207雷科","110/07/13","康和-台中",0,8,-8
"3809","6207雷科","110/07/13","新光",7,0,7
"3810","6207雷科","110/07/13","兆豐-高雄",0,6,-6
"3811","3679新至陞","110/07/13","永豐金證券",50,0,50
"3812","3679新至陞","110/07/13","摩根大通",2,25,-23
"3813","3679新至陞","110/07/13","國泰-桃園",22,0,22
"3814","3679新至陞","110/07/13","元大-成功",0,22,-22
"3815","3679新至陞","110/07/13","台中銀-員林",11,0,11
"3816","3679新至陞","110/07/13","富邦-板橋",1,19,-18
"3817","3679新至陞","110/07/13","元大-文心興安",8,0,8
"3818","3679新至陞","110/07/13","日盛-新莊",0,10,-10
"3819","3679新至陞","110/07/13","美商高盛",6,0,6
"3820","3679新至陞","110/07/13","台新-台中",0,10,-10
"3821","3679新至陞","110/07/13","台新-高雄",6,0,6
"3822","3679新至陞","110/07/13","永豐金-新竹",0,8,-8
"3823","3679新至陞","110/07/13","凱基-台北",18,12,6
"3824","3679新至陞","110/07/13","瑞士信貸",12,19,-7
"3825","3679新至陞","110/07/13","日盛-復興",5,0,5
"3826","3679新至陞","110/07/13","統一-南京",0,7,-7
"3827","3679新至陞","110/07/13","(牛牛牛)亞-鑫豐",4,0,4
"3828","3679新至陞","110/07/13","凱基-新莊",0,7,-7
"3829","3679新至陞","110/07/13","元富-大昌",3,0,3
"3830","3679新至陞","110/07/13","新加坡商瑞銀",0,6,-6
"3831","3679新至陞","110/07/13","富邦-台北",3,0,3
"3832","3679新至陞","110/07/13","合庫-自強",0,5,-5
"3833","3679新至陞","110/07/13","日盛-樹林",2,0,2
"3834","3679新至陞","110/07/13","富邦-桃園",0,5,-5
"3835","3679新至陞","110/07/13","宏遠-光隆",2,0,2
"3836","3679新至陞","110/07/13","永豐金-潮州",0,4,-4
"3837","3679新至陞","110/07/13","美林",3,1,2
"3838","3679新至陞","110/07/13","臺銀-臺南",0,3,-3
"3839","3679新至陞","110/07/13","第一金-中壢",2,0,2
"3840","3679新至陞","110/07/13","元大-六合",0,3,-3
"3841","2727王品","110/07/13","富邦-台北",43,3,40
"3842","2727王品","110/07/13","台灣摩根士丹利",15,97,-82
"3843","2727王品","110/07/13","元大-基隆孝二",40,0,40
"3844","2727王品","110/07/13","玉山-台南",5,57,-52
"3845","2727王品","110/07/13","國票-新莊",40,1,39
"3846","2727王品","110/07/13","新加坡商瑞銀",0,48,-48
"3847","2727王品","110/07/13","第一金-豐原",66,42,24
"3848","2727王品","110/07/13","凱基-台北",41,77,-36
"3849","2727王品","110/07/13","永豐金-大園",34,10,24
"3850","2727王品","110/07/13","永豐金-永康",0,22,-22
"3851","2727王品","110/07/13","元大-北屯",22,0,22
"3852","2727王品","110/07/13","統一-台中",2,22,-20
"3853","2727王品","110/07/13","元大-東蘆",26,7,19
"3854","2727王品","110/07/13","國泰-台中",21,39,-18
"3855","2727王品","110/07/13","永豐金-萬盛",13,1,12
"3856","2727王品","110/07/13","合庫-彰化",3,20,-17
"3857","2727王品","110/07/13","日盛-嘉義",11,0,11
"3858","2727王品","110/07/13","港商野村",13,30,-17
"3859","2727王品","110/07/13","日盛-八德",11,0,11
"3860","2727王品","110/07/13","元大-楊梅",1,16,-15
"3861","2727王品","110/07/13","統一-竹南",11,0,11
"3862","2727王品","110/07/13","凱基-高美館",2,15,-13
"3863","2727王品","110/07/13","日盛-士林",12,2,10
"3864","2727王品","110/07/13","美商高盛",2,14,-12
"3865","2727王品","110/07/13","統一-敦南",10,0,10
"3866","2727王品","110/07/13","統一-平鎮",1,13,-12
"3867","2727王品","110/07/13","中國信託",15,5,10
"3868","2727王品","110/07/13","兆豐-台中港",4,16,-12
"3869","2727王品","110/07/13","兆豐-竹北",13,3,10
"3870","2727王品","110/07/13","凱基-八德",1,13,-12
"3871","1570力肯","110/07/13","新光",115,11,104
"3872","1570力肯","110/07/13","元大-北三重",0,162,-162
"3873","1570力肯","110/07/13","群益金鼎-高雄",54,0,54
"3874","1570力肯","110/07/13","元大-大灣",0,25,-25
"3875","1570力肯","110/07/13","國票-新莊",22,0,22
"3876","1570力肯","110/07/13","永豐金-苓雅",0,22,-22
"3877","1570力肯","110/07/13","日盛-桃園",12,0,12
"3878","1570力肯","110/07/13","永豐金-永康",0,19,-19
"3879","1570力肯","110/07/13","元大-高雄",12,0,12
"3880","1570力肯","110/07/13","富邦-員林",0,15,-15
"3881","1570力肯","110/07/13","合庫-自強",11,0,11
"3882","1570力肯","110/07/13","凱基-台南",0,11,-11
"3883","1570力肯","110/07/13","摩根大通",26,15,11
"3884","1570力肯","110/07/13","日盛-竹北",0,10,-10
"3885","1570力肯","110/07/13","永豐金-中盛",11,0,11
"3886","1570力肯","110/07/13","國票-九鼎",0,10,-10
"3887","1570力肯","110/07/13","兆豐-台中港",10,0,10
"3888","1570力肯","110/07/13","凱基-桃園",0,10,-10
"3889","1570力肯","110/07/13","國泰-松江",9,0,9
"3890","1570力肯","110/07/13","凱基-新豐",0,10,-10
"3891","1570力肯","110/07/13","元大-新盛",9,0,9
"3892","1570力肯","110/07/13","元大-學甲",0,10,-10
"3893","1570力肯","110/07/13","元富-緯城",6,0,6
"3894","1570力肯","110/07/13","群益金鼎-東湖",1,10,-9
"3895","1570力肯","110/07/13","統一-三重",5,0,5
"3896","1570力肯","110/07/13","大昌",0,6,-6
"3897","1570力肯","110/07/13","元大-前金",5,0,5
"3898","1570力肯","110/07/13","元大-土城學府",0,6,-6
"3899","1570力肯","110/07/13","永豐金證券",5,0,5
"3900","1570力肯","110/07/13","統一",0,5,-5
"3901","6180橘子","110/07/13","摩根大通",119,0,119
"3902","6180橘子","110/07/13","元大-崇德",2,61,-59
"3903","6180橘子","110/07/13","美商高盛",96,0,96
"3904","6180橘子","110/07/13","康和-台中",0,51,-51
"3905","6180橘子","110/07/13","新加坡商瑞銀",86,7,79
"3906","6180橘子","110/07/13","康和-台北",0,50,-50
"3907","6180橘子","110/07/13","元大-和平",40,0,40
"3908","6180橘子","110/07/13","元富-潮州",0,40,-40
"3909","6180橘子","110/07/13","凱基-台北",83,47,36
"3910","6180橘子","110/07/13","日盛-永康",0,26,-26
"3911","6180橘子","110/07/13","美林",39,5,34
"3912","6180橘子","110/07/13","永豐金-中正",0,24,-24
"3913","6180橘子","110/07/13","富邦-新竹華信",31,2,29
"3914","6180橘子","110/07/13","國泰-板橋",2,25,-23
"3915","6180橘子","110/07/13","統一-南京",21,0,21
"3916","6180橘子","110/07/13","日盛-大墩",0,20,-20
"3917","6180橘子","110/07/13","富邦-陽明",24,3,21
"3918","6180橘子","110/07/13","元大-草屯",13,32,-19
"3919","6180橘子","110/07/13","大昌-樹林",21,1,20
"3920","6180橘子","110/07/13","元富-林園",1,18,-17
"3921","6180橘子","110/07/13","花旗環球",19,0,19
"3922","6180橘子","110/07/13","新光-新竹",1,18,-17
"3923","6180橘子","110/07/13","華南永昌-台南",19,0,19
"3924","6180橘子","110/07/13","元大-土城永寧",0,17,-17
"3925","6180橘子","110/07/13","福勝",14,0,14
"3926","6180橘子","110/07/13","國泰-新莊",3,19,-16
"3927","6180橘子","110/07/13","富邦-嘉義",12,1,11
"3928","6180橘子","110/07/13","中國信託-永康",6,21,-15
"3929","6180橘子","110/07/13","元大-板橋三民",11,0,11
"3930","6180橘子","110/07/13","凱基-東港",1,15,-14
"3931","2390云辰","110/07/13","新加坡商瑞銀",562,75,487
"3932","2390云辰","110/07/13","大展-台南",0,532,-532
"3933","2390云辰","110/07/13","台灣摩根士丹利",330,155,175
"3934","2390云辰","110/07/13","凱基-台北",668,854,-186
"3935","2390云辰","110/07/13","兆豐-公益",126,25,101
"3936","2390云辰","110/07/13","凱基-三重",12,172,-160
"3937","2390云辰","110/07/13","元富-中港",100,2,98
"3938","2390云辰","110/07/13","兆豐-忠孝",4,161,-157
"3939","2390云辰","110/07/13","統一-新台中",106,9,97
"3940","2390云辰","110/07/13","元大-士林",19,170,-151
"3941","2390云辰","110/07/13","中國信託-松江",81,11,70
"3942","2390云辰","110/07/13","臺銀-新竹",14,117,-103
"3943","2390云辰","110/07/13","日盛-板橋",72,3,69
"3944","2390云辰","110/07/13","國票-台中",4,102,-98
"3945","2390云辰","110/07/13","日盛-和美",57,0,57
"3946","2390云辰","110/07/13","新光",147,232,-85
"3947","2390云辰","110/07/13","永豐金-桃園",88,36,52
"3948","2390云辰","110/07/13","致和-崇德",2,70,-68
"3949","2390云辰","110/07/13","玉山-士林",54,4,50
"3950","2390云辰","110/07/13","群益金鼎-屏東",2,70,-68
"3951","2390云辰","110/07/13","富邦-仁愛",56,6,50
"3952","2390云辰","110/07/13","元大-大里",35,98,-63
"3953","2390云辰","110/07/13","第一金-豐原",50,1,49
"3954","2390云辰","110/07/13","元大-萬華",35,94,-59
"3955","2390云辰","110/07/13","摩根大通",502,453,49
"3956","2390云辰","110/07/13","元富-吉利",2,60,-58
"3957","2390云辰","110/07/13","凱基-松山",61,13,48
"3958","2390云辰","110/07/13","兆豐-新竹",3,53,-50
"3959","2390云辰","110/07/13","大昌",64,22,42
"3960","2390云辰","110/07/13","富邦-嘉義",65,108,-43
"3961","2363矽統","110/07/13","凱基-南崁",2133,63,2070
"3962","2363矽統","110/07/13","凱基-幸福",36,4048,-4012
"3963","2363矽統","110/07/13","國泰-敦南",2195,1617,578
"3964","2363矽統","110/07/13","統一",192,3325,-3133
"3965","2363矽統","110/07/13","中農",670,139,531
"3966","2363矽統","110/07/13","新加坡商瑞銀",1000,2747,-1747
"3967","2363矽統","110/07/13","康和-台中",638,154,484
"3968","2363矽統","110/07/13","凱基-台北",5359,6609,-1250
"3969","2363矽統","110/07/13","群益金鼎-三民",577,137,440
"3970","2363矽統","110/07/13","摩根大通",1930,2858,-928
"3971","2363矽統","110/07/13","台新-屏東",510,88,422
"3972","2363矽統","110/07/13","港商野村",960,1679,-719
"3973","2363矽統","110/07/13","德信-中正",455,67,388
"3974","2363矽統","110/07/13","兆豐-復興",25,705,-680
"3975","2363矽統","110/07/13","日盛-竹北",365,70,295
"3976","2363矽統","110/07/13","統一-仁愛",114,755,-641
"3977","2363矽統","110/07/13","元大-佳里",452,189,263
"3978","2363矽統","110/07/13","統一-敦南",29,638,-609
"3979","2363矽統","110/07/13","國票-博愛",296,38,258
"3980","2363矽統","110/07/13","統一-土城",100,704,-604
"3981","2363矽統","110/07/13","元大-萬華",340,95,245
"3982","2363矽統","110/07/13","統一-城中",116,676,-560
"3983","2363矽統","110/07/13","新光",1259,1031,228
"3984","2363矽統","110/07/13","永豐金證券",306,859,-553
"3985","2363矽統","110/07/13","元富-成功",323,96,227
"3986","2363矽統","110/07/13","元富",54,567,-513
"3987","2363矽統","110/07/13","豐農",228,23,205
"3988","2363矽統","110/07/13","瑞士信貸",202,666,-464
"3989","2363矽統","110/07/13","台灣企銀-岡山",186,4,182
"3990","2363矽統","110/07/13","永豐金-嘉義",67,468,-401
"3991","2363矽統","110/07/13","凱基-南崁",2133,63,2070
"3992","2363矽統","110/07/13","凱基-幸福",36,4048,-4012
"3993","2363矽統","110/07/13","國泰-敦南",2195,1617,578
"3994","2363矽統","110/07/13","統一",192,3325,-3133
"3995","2363矽統","110/07/13","中農",670,139,531
"3996","2363矽統","110/07/13","新加坡商瑞銀",1000,2747,-1747
"3997","2363矽統","110/07/13","康和-台中",638,154,484
"3998","2363矽統","110/07/13","凱基-台北",5359,6609,-1250
"3999","2363矽統","110/07/13","群益金鼎-三民",577,137,440
"4000","2363矽統","110/07/13","摩根大通",1930,2858,-928
"4001","2363矽統","110/07/13","台新-屏東",510,88,422
"4002","2363矽統","110/07/13","港商野村",960,1679,-719
"4003","2363矽統","110/07/13","德信-中正",455,67,388
"4004","2363矽統","110/07/13","兆豐-復興",25,705,-680
"4005","2363矽統","110/07/13","日盛-竹北",365,70,295
"4006","2363矽統","110/07/13","統一-仁愛",114,755,-641
"4007","2363矽統","110/07/13","元大-佳里",452,189,263
"4008","2363矽統","110/07/13","統一-敦南",29,638,-609
"4009","2363矽統","110/07/13","國票-博愛",296,38,258
"4010","2363矽統","110/07/13","統一-土城",100,704,-604
"4011","2363矽統","110/07/13","元大-萬華",340,95,245
"4012","2363矽統","110/07/13","統一-城中",116,676,-560
"4013","2363矽統","110/07/13","新光",1259,1031,228
"4014","2363矽統","110/07/13","永豐金證券",306,859,-553
"4015","2363矽統","110/07/13","元富-成功",323,96,227
"4016","2363矽統","110/07/13","元富",54,567,-513
"4017","2363矽統","110/07/13","豐農",228,23,205
"4018","2363矽統","110/07/13","瑞士信貸",202,666,-464
"4019","2363矽統","110/07/13","台灣企銀-岡山",186,4,182
"4020","2363矽統","110/07/13","永豐金-嘉義",67,468,-401
"4021","2363矽統","110/07/13","凱基-南崁",2133,63,2070
"4022","2363矽統","110/07/13","凱基-幸福",36,4048,-4012
"4023","2363矽統","110/07/13","國泰-敦南",2195,1617,578
"4024","2363矽統","110/07/13","統一",192,3325,-3133
"4025","2363矽統","110/07/13","中農",670,139,531
"4026","2363矽統","110/07/13","新加坡商瑞銀",1000,2747,-1747
"4027","2363矽統","110/07/13","康和-台中",638,154,484
"4028","2363矽統","110/07/13","凱基-台北",5359,6609,-1250
"4029","2363矽統","110/07/13","群益金鼎-三民",577,137,440
"4030","2363矽統","110/07/13","摩根大通",1930,2858,-928
"4031","2363矽統","110/07/13","台新-屏東",510,88,422
"4032","2363矽統","110/07/13","港商野村",960,1679,-719
"4033","2363矽統","110/07/13","德信-中正",455,67,388
"4034","2363矽統","110/07/13","兆豐-復興",25,705,-680
"4035","2363矽統","110/07/13","日盛-竹北",365,70,295
"4036","2363矽統","110/07/13","統一-仁愛",114,755,-641
"4037","2363矽統","110/07/13","元大-佳里",452,189,263
"4038","2363矽統","110/07/13","統一-敦南",29,638,-609
"4039","2363矽統","110/07/13","國票-博愛",296,38,258
"4040","2363矽統","110/07/13","統一-土城",100,704,-604
"4041","2363矽統","110/07/13","元大-萬華",340,95,245
"4042","2363矽統","110/07/13","統一-城中",116,676,-560
"4043","2363矽統","110/07/13","新光",1259,1031,228
"4044","2363矽統","110/07/13","永豐金證券",306,859,-553
"4045","2363矽統","110/07/13","元富-成功",323,96,227
"4046","2363矽統","110/07/13","元富",54,567,-513
"4047","2363矽統","110/07/13","豐農",228,23,205
"4048","2363矽統","110/07/13","瑞士信貸",202,666,-464
"4049","2363矽統","110/07/13","台灣企銀-岡山",186,4,182
"4050","2363矽統","110/07/13","永豐金-嘉義",67,468,-401
"4051","1570力肯","110/07/13","新光",115,11,104
"4052","1570力肯","110/07/13","元大-北三重",0,162,-162
"4053","1570力肯","110/07/13","群益金鼎-高雄",54,0,54
"4054","1570力肯","110/07/13","元大-大灣",0,25,-25
"4055","1570力肯","110/07/13","國票-新莊",22,0,22
"4056","1570力肯","110/07/13","永豐金-苓雅",0,22,-22
"4057","1570力肯","110/07/13","日盛-桃園",12,0,12
"4058","1570力肯","110/07/13","永豐金-永康",0,19,-19
"4059","1570力肯","110/07/13","元大-高雄",12,0,12
"4060","1570力肯","110/07/13","富邦-員林",0,15,-15
"4061","1570力肯","110/07/13","合庫-自強",11,0,11
"4062","1570力肯","110/07/13","凱基-台南",0,11,-11
"4063","1570力肯","110/07/13","摩根大通",26,15,11
"4064","1570力肯","110/07/13","日盛-竹北",0,10,-10
"4065","1570力肯","110/07/13","永豐金-中盛",11,0,11
"4066","1570力肯","110/07/13","國票-九鼎",0,10,-10
"4067","1570力肯","110/07/13","兆豐-台中港",10,0,10
"4068","1570力肯","110/07/13","凱基-桃園",0,10,-10
"4069","1570力肯","110/07/13","國泰-松江",9,0,9
"4070","1570力肯","110/07/13","凱基-新豐",0,10,-10
"4071","1570力肯","110/07/13","元大-新盛",9,0,9
"4072","1570力肯","110/07/13","元大-學甲",0,10,-10
"4073","1570力肯","110/07/13","元富-緯城",6,0,6
"4074","1570力肯","110/07/13","群益金鼎-東湖",1,10,-9
"4075","1570力肯","110/07/13","統一-三重",5,0,5
"4076","1570力肯","110/07/13","大昌",0,6,-6
"4077","1570力肯","110/07/13","元大-前金",5,0,5
"4078","1570力肯","110/07/13","元大-土城學府",0,6,-6
"4079","1570力肯","110/07/13","永豐金證券",5,0,5
"4080","1570力肯","110/07/13","統一",0,5,-5
"4081","1570力肯","110/07/13","新光",115,11,104
"4082","1570力肯","110/07/13","元大-北三重",0,162,-162
"4083","1570力肯","110/07/13","群益金鼎-高雄",54,0,54
"4084","1570力肯","110/07/13","元大-大灣",0,25,-25
"4085","1570力肯","110/07/13","國票-新莊",22,0,22
"4086","1570力肯","110/07/13","永豐金-苓雅",0,22,-22
"4087","1570力肯","110/07/13","日盛-桃園",12,0,12
"4088","1570力肯","110/07/13","永豐金-永康",0,19,-19
"4089","1570力肯","110/07/13","元大-高雄",12,0,12
"4090","1570力肯","110/07/13","富邦-員林",0,15,-15
"4091","1570力肯","110/07/13","合庫-自強",11,0,11
"4092","1570力肯","110/07/13","凱基-台南",0,11,-11
"4093","1570力肯","110/07/13","摩根大通",26,15,11
"4094","1570力肯","110/07/13","日盛-竹北",0,10,-10
"4095","1570力肯","110/07/13","永豐金-中盛",11,0,11
"4096","1570力肯","110/07/13","國票-九鼎",0,10,-10
"4097","1570力肯","110/07/13","兆豐-台中港",10,0,10
"4098","1570力肯","110/07/13","凱基-桃園",0,10,-10
"4099","1570力肯","110/07/13","國泰-松江",9,0,9
"4100","1570力肯","110/07/13","凱基-新豐",0,10,-10
"4101","1570力肯","110/07/13","元大-新盛",9,0,9
"4102","1570力肯","110/07/13","元大-學甲",0,10,-10
"4103","1570力肯","110/07/13","元富-緯城",6,0,6
"4104","1570力肯","110/07/13","群益金鼎-東湖",1,10,-9
"4105","1570力肯","110/07/13","統一-三重",5,0,5
"4106","1570力肯","110/07/13","大昌",0,6,-6
"4107","1570力肯","110/07/13","元大-前金",5,0,5
"4108","1570力肯","110/07/13","元大-土城學府",0,6,-6
"4109","1570力肯","110/07/13","永豐金證券",5,0,5
"4110","1570力肯","110/07/13","統一",0,5,-5
"4111","6180橘子","110/07/13","摩根大通",119,0,119
"4112","6180橘子","110/07/13","元大-崇德",2,61,-59
"4113","6180橘子","110/07/13","美商高盛",96,0,96
"4114","6180橘子","110/07/13","康和-台中",0,51,-51
"4115","6180橘子","110/07/13","新加坡商瑞銀",86,7,79
"4116","6180橘子","110/07/13","康和-台北",0,50,-50
"4117","6180橘子","110/07/13","元大-和平",40,0,40
"4118","6180橘子","110/07/13","元富-潮州",0,40,-40
"4119","6180橘子","110/07/13","凱基-台北",83,47,36
"4120","6180橘子","110/07/13","日盛-永康",0,26,-26
"4121","6180橘子","110/07/13","美林",39,5,34
"4122","6180橘子","110/07/13","永豐金-中正",0,24,-24
"4123","6180橘子","110/07/13","富邦-新竹華信",31,2,29
"4124","6180橘子","110/07/13","國泰-板橋",2,25,-23
"4125","6180橘子","110/07/13","統一-南京",21,0,21
"4126","6180橘子","110/07/13","日盛-大墩",0,20,-20
"4127","6180橘子","110/07/13","富邦-陽明",24,3,21
"4128","6180橘子","110/07/13","元大-草屯",13,32,-19
"4129","6180橘子","110/07/13","大昌-樹林",21,1,20
"4130","6180橘子","110/07/13","元富-林園",1,18,-17
"4131","6180橘子","110/07/13","花旗環球",19,0,19
"4132","6180橘子","110/07/13","新光-新竹",1,18,-17
"4133","6180橘子","110/07/13","華南永昌-台南",19,0,19
"4134","6180橘子","110/07/13","元大-土城永寧",0,17,-17
"4135","6180橘子","110/07/13","福勝",14,0,14
"4136","6180橘子","110/07/13","國泰-新莊",3,19,-16
"4137","6180橘子","110/07/13","富邦-嘉義",12,1,11
"4138","6180橘子","110/07/13","中國信託-永康",6,21,-15
"4139","6180橘子","110/07/13","元大-板橋三民",11,0,11
"4140","6180橘子","110/07/13","凱基-東港",1,15,-14
"4141","1570力肯","110/07/13","新光",115,11,104
"4142","1570力肯","110/07/13","元大-北三重",0,162,-162
"4143","1570力肯","110/07/13","群益金鼎-高雄",54,0,54
"4144","1570力肯","110/07/13","元大-大灣",0,25,-25
"4145","1570力肯","110/07/13","國票-新莊",22,0,22
"4146","1570力肯","110/07/13","永豐金-苓雅",0,22,-22
"4147","1570力肯","110/07/13","日盛-桃園",12,0,12
"4148","1570力肯","110/07/13","永豐金-永康",0,19,-19
"4149","1570力肯","110/07/13","元大-高雄",12,0,12
"4150","1570力肯","110/07/13","富邦-員林",0,15,-15
"4151","1570力肯","110/07/13","合庫-自強",11,0,11
"4152","1570力肯","110/07/13","凱基-台南",0,11,-11
"4153","1570力肯","110/07/13","摩根大通",26,15,11
"4154","1570力肯","110/07/13","日盛-竹北",0,10,-10
"4155","1570力肯","110/07/13","永豐金-中盛",11,0,11
"4156","1570力肯","110/07/13","國票-九鼎",0,10,-10
"4157","1570力肯","110/07/13","兆豐-台中港",10,0,10
"4158","1570力肯","110/07/13","凱基-桃園",0,10,-10
"4159","1570力肯","110/07/13","國泰-松江",9,0,9
"4160","1570力肯","110/07/13","凱基-新豐",0,10,-10
"4161","1570力肯","110/07/13","元大-新盛",9,0,9
"4162","1570力肯","110/07/13","元大-學甲",0,10,-10
"4163","1570力肯","110/07/13","元富-緯城",6,0,6
"4164","1570力肯","110/07/13","群益金鼎-東湖",1,10,-9
"4165","1570力肯","110/07/13","統一-三重",5,0,5
"4166","1570力肯","110/07/13","大昌",0,6,-6
"4167","1570力肯","110/07/13","元大-前金",5,0,5
"4168","1570力肯","110/07/13","元大-土城學府",0,6,-6
"4169","1570力肯","110/07/13","永豐金證券",5,0,5
"4170","1570力肯","110/07/13","統一",0,5,-5
"4171","6180橘子","110/07/13","摩根大通",119,0,119
"4172","6180橘子","110/07/13","元大-崇德",2,61,-59
"4173","6180橘子","110/07/13","美商高盛",96,0,96
"4174","6180橘子","110/07/13","康和-台中",0,51,-51
"4175","6180橘子","110/07/13","新加坡商瑞銀",86,7,79
"4176","6180橘子","110/07/13","康和-台北",0,50,-50
"4177","6180橘子","110/07/13","元大-和平",40,0,40
"4178","6180橘子","110/07/13","元富-潮州",0,40,-40
"4179","6180橘子","110/07/13","凱基-台北",83,47,36
"4180","6180橘子","110/07/13","日盛-永康",0,26,-26
"4181","6180橘子","110/07/13","美林",39,5,34
"4182","6180橘子","110/07/13","永豐金-中正",0,24,-24
"4183","6180橘子","110/07/13","富邦-新竹華信",31,2,29
"4184","6180橘子","110/07/13","國泰-板橋",2,25,-23
"4185","6180橘子","110/07/13","統一-南京",21,0,21
"4186","6180橘子","110/07/13","日盛-大墩",0,20,-20
"4187","6180橘子","110/07/13","富邦-陽明",24,3,21
"4188","6180橘子","110/07/13","元大-草屯",13,32,-19
"4189","6180橘子","110/07/13","大昌-樹林",21,1,20
"4190","6180橘子","110/07/13","元富-林園",1,18,-17
"4191","6180橘子","110/07/13","花旗環球",19,0,19
"4192","6180橘子","110/07/13","新光-新竹",1,18,-17
"4193","6180橘子","110/07/13","華南永昌-台南",19,0,19
"4194","6180橘子","110/07/13","元大-土城永寧",0,17,-17
"4195","6180橘子","110/07/13","福勝",14,0,14
"4196","6180橘子","110/07/13","國泰-新莊",3,19,-16
"4197","6180橘子","110/07/13","富邦-嘉義",12,1,11
"4198","6180橘子","110/07/13","中國信託-永康",6,21,-15
"4199","6180橘子","110/07/13","元大-板橋三民",11,0,11
"4200","6180橘子","110/07/13","凱基-東港",1,15,-14
"4201","2390云辰","110/07/13","新加坡商瑞銀",562,75,487
"4202","2390云辰","110/07/13","大展-台南",0,532,-532
"4203","2390云辰","110/07/13","台灣摩根士丹利",330,155,175
"4204","2390云辰","110/07/13","凱基-台北",668,854,-186
"4205","2390云辰","110/07/13","兆豐-公益",126,25,101
"4206","2390云辰","110/07/13","凱基-三重",12,172,-160
"4207","2390云辰","110/07/13","元富-中港",100,2,98
"4208","2390云辰","110/07/13","兆豐-忠孝",4,161,-157
"4209","2390云辰","110/07/13","統一-新台中",106,9,97
"4210","2390云辰","110/07/13","元大-士林",19,170,-151
"4211","2390云辰","110/07/13","中國信託-松江",81,11,70
"4212","2390云辰","110/07/13","臺銀-新竹",14,117,-103
"4213","2390云辰","110/07/13","日盛-板橋",72,3,69
"4214","2390云辰","110/07/13","國票-台中",4,102,-98
"4215","2390云辰","110/07/13","日盛-和美",57,0,57
"4216","2390云辰","110/07/13","新光",147,232,-85
"4217","2390云辰","110/07/13","永豐金-桃園",88,36,52
"4218","2390云辰","110/07/13","致和-崇德",2,70,-68
"4219","2390云辰","110/07/13","玉山-士林",54,4,50
"4220","2390云辰","110/07/13","群益金鼎-屏東",2,70,-68
"4221","2390云辰","110/07/13","富邦-仁愛",56,6,50
"4222","2390云辰","110/07/13","元大-大里",35,98,-63
"4223","2390云辰","110/07/13","第一金-豐原",50,1,49
"4224","2390云辰","110/07/13","元大-萬華",35,94,-59
"4225","2390云辰","110/07/13","摩根大通",502,453,49
"4226","2390云辰","110/07/13","元富-吉利",2,60,-58
"4227","2390云辰","110/07/13","凱基-松山",61,13,48
"4228","2390云辰","110/07/13","兆豐-新竹",3,53,-50
"4229","2390云辰","110/07/13","大昌",64,22,42
"4230","2390云辰","110/07/13","富邦-嘉義",65,108,-43
"4231","2363矽統","110/07/13","凱基-南崁",2133,63,2070
"4232","2363矽統","110/07/13","凱基-幸福",36,4048,-4012
"4233","2363矽統","110/07/13","國泰-敦南",2195,1617,578
"4234","2363矽統","110/07/13","統一",192,3325,-3133
"4235","2363矽統","110/07/13","中農",670,139,531
"4236","2363矽統","110/07/13","新加坡商瑞銀",1000,2747,-1747
"4237","2363矽統","110/07/13","康和-台中",638,154,484
"4238","2363矽統","110/07/13","凱基-台北",5359,6609,-1250
"4239","2363矽統","110/07/13","群益金鼎-三民",577,137,440
"4240","2363矽統","110/07/13","摩根大通",1930,2858,-928
"4241","2363矽統","110/07/13","台新-屏東",510,88,422
"4242","2363矽統","110/07/13","港商野村",960,1679,-719
"4243","2363矽統","110/07/13","德信-中正",455,67,388
"4244","2363矽統","110/07/13","兆豐-復興",25,705,-680
"4245","2363矽統","110/07/13","日盛-竹北",365,70,295
"4246","2363矽統","110/07/13","統一-仁愛",114,755,-641
"4247","2363矽統","110/07/13","元大-佳里",452,189,263
"4248","2363矽統","110/07/13","統一-敦南",29,638,-609
"4249","2363矽統","110/07/13","國票-博愛",296,38,258
"4250","2363矽統","110/07/13","統一-土城",100,704,-604
"4251","2363矽統","110/07/13","元大-萬華",340,95,245
"4252","2363矽統","110/07/13","統一-城中",116,676,-560
"4253","2363矽統","110/07/13","新光",1259,1031,228
"4254","2363矽統","110/07/13","永豐金證券",306,859,-553
"4255","2363矽統","110/07/13","元富-成功",323,96,227
"4256","2363矽統","110/07/13","元富",54,567,-513
"4257","2363矽統","110/07/13","豐農",228,23,205
"4258","2363矽統","110/07/13","瑞士信貸",202,666,-464
"4259","2363矽統","110/07/13","台灣企銀-岡山",186,4,182
"4260","2363矽統","110/07/13","永豐金-嘉義",67,468,-401
"4261","8112至上","110/07/13","摩根大通",688,296,392
"4262","8112至上","110/07/13","國票-中和",0,401,-401
"4263","8112至上","110/07/13","港商野村",344,145,199
"4264","8112至上","110/07/13","永豐金-板盛",0,205,-205
"4265","8112至上","110/07/13","兆豐-公益",195,5,190
"4266","8112至上","110/07/13","凱基-五股",43,155,-112
"4267","8112至上","110/07/13","台灣摩根士丹利",183,0,183
"4268","8112至上","110/07/13","凱基-市政",0,100,-100
"4269","8112至上","110/07/13","群益金鼎-敦南",153,2,151
"4270","8112至上","110/07/13","元大-大里德芳",1,92,-91
"4271","8112至上","110/07/13","臺銀-金山",146,26,120
"4272","8112至上","110/07/13","玉山-桃園",26,110,-84
"4273","8112至上","110/07/13","臺銀",133,19,114
"4274","8112至上","110/07/13","兆豐-天母",0,81,-81
"4275","8112至上","110/07/13","合庫-台中",115,6,109
"4276","8112至上","110/07/13","凱基-城中",3,84,-81
"4277","8112至上","110/07/13","亞東-板橋",134,26,108
"4278","8112至上","110/07/13","日盛-新莊",9,85,-76
"4279","8112至上","110/07/13","凱基-台北",414,326,88
"4280","8112至上","110/07/13","日盛-台中",2,64,-62
"4281","8112至上","110/07/13","新加坡商瑞銀",181,100,81
"4282","8112至上","110/07/13","日盛-中壢",3,64,-61
"4283","8112至上","110/07/13","國泰-敦南",108,31,77
"4284","8112至上","110/07/13","元大-台中",2,59,-57
"4285","8112至上","110/07/13","第一金-華江",77,4,73
"4286","8112至上","110/07/13","元大-雙和",7,64,-57
"4287","8112至上","110/07/13","永豐金-內湖",73,1,72
"4288","8112至上","110/07/13","元大-高雄",8,62,-54
"4289","8112至上","110/07/13","元大-永和",68,1,67
"4290","8112至上","110/07/13","元大-館前",2,55,-53
"4291","2929淘帝","110/07/13","玉山-新竹",130,0,130
"4292","2929淘帝","110/07/13","美商高盛",0,177,-177
"4293","2929淘帝","110/07/13","臺銀-民權",60,0,60
"4294","2929淘帝","110/07/13","凱基-台北",6,80,-74
"4295","2929淘帝","110/07/13","新百王",31,0,31
"4296","2929淘帝","110/07/13","元富-大裕",0,49,-49
"4297","2929淘帝","110/07/13","日盛-園區",30,0,30
"4298","2929淘帝","110/07/13","國泰-館前",3,51,-48
"4299","2929淘帝","110/07/13","元大-南投",31,1,30
"4300","2929淘帝","110/07/13","凱基-中壢",0,41,-41
"4301","2929淘帝","110/07/13","兆豐-忠孝",28,0,28
"4302","2929淘帝","110/07/13","港商野村",21,55,-34
"4303","2929淘帝","110/07/13","元大-民生",28,0,28
"4304","2929淘帝","110/07/13","華南永昌-南京",2,34,-32
"4305","2929淘帝","110/07/13","合庫-高雄",27,0,27
"4306","2929淘帝","110/07/13","群益金鼎-土城",0,30,-30
"4307","2929淘帝","110/07/13","凱基-豐中",27,0,27
"4308","2929淘帝","110/07/13","富邦-南屯",0,22,-22
"4309","2929淘帝","110/07/13","新光",21,4,17
"4310","2929淘帝","110/07/13","第一金-豐原",0,20,-20
"4311","2929淘帝","110/07/13","元大-天母",17,0,17
"4312","2929淘帝","110/07/13","元大-屏南",6,26,-20
"4313","2929淘帝","110/07/13","永興",14,0,14
"4314","2929淘帝","110/07/13","永豐金-敦南",1,21,-20
"4315","2929淘帝","110/07/13","富邦-台北",12,0,12
"4316","2929淘帝","110/07/13","凱基-三重",2,21,-19
"4317","2929淘帝","110/07/13","元大-永和",12,0,12
"4318","2929淘帝","110/07/13","富邦-仁愛",7,25,-18
"4319","2929淘帝","110/07/13","國票-天祥",11,0,11
"4320","2929淘帝","110/07/13","元大-北投",0,16,-16
"4321","2841台開","110/07/13","中國信託-高雄",251,50,201
"4322","2841台開","110/07/13","兆豐-公益",0,177,-177
"4323","2841台開","110/07/13","日盛證券",210,13,197
"4324","2841台開","110/07/13","日進",0,152,-152
"4325","2841台開","110/07/13","第一金-台中",55,0,55
"4326","2841台開","110/07/13","港商野村",0,109,-109
"4327","2841台開","110/07/13","國泰-板橋",46,0,46
"4328","2841台開","110/07/13","日盛-信義",0,103,-103
"4329","2841台開","110/07/13","國泰-館前",48,3,45
"4330","2841台開","110/07/13","國泰-敦南",11,75,-64
"4331","2841台開","110/07/13","華南永昌-新莊",45,0,45
"4332","2841台開","110/07/13","永興",0,50,-50
"4333","2841台開","110/07/13","日盛-園區",42,0,42
"4334","2841台開","110/07/13","永豐金-敦南",61,104,-43
"4335","2841台開","110/07/13","台新證券",32,0,32
"4336","2841台開","110/07/13","富邦-台南",0,42,-42
"4337","2841台開","110/07/13","台新-高雄",32,2,30
"4338","2841台開","110/07/13","國票-安和",0,30,-30
"4339","2841台開","110/07/13","豐農",23,0,23
"4340","2841台開","110/07/13","元大-桃園",0,25,-25
"4341","2841台開","110/07/13","合庫-嘉義",20,0,20
"4342","2841台開","110/07/13","新光",8,32,-24
"4343","2841台開","110/07/13","華南永昌-高雄",20,0,20
"4344","2841台開","110/07/13","元大-仁愛",0,24,-24
"4345","2841台開","110/07/13","元大-樹林",16,0,16
"4346","2841台開","110/07/13","日盛-中和",0,20,-20
"4347","2841台開","110/07/13","第一金-華江",15,2,13
"4348","2841台開","110/07/13","元富",0,20,-20
"4349","2841台開","110/07/13","美商高盛",12,0,12
"4350","2841台開","110/07/13","富邦-宜蘭",0,20,-20
"4351","6207雷科","110/07/13","元大-高雄",121,0,121
"4352","6207雷科","110/07/13","華南永昌-朴子",1,60,-59
"4353","6207雷科","110/07/13","第一金-新興",20,0,20
"4354","6207雷科","110/07/13","元大-南海",0,36,-36
"4355","6207雷科","110/07/13","元富-三重",20,0,20
"4356","6207雷科","110/07/13","凱基-土城",0,35,-35
"4357","6207雷科","110/07/13","元大-林園",15,0,15
"4358","6207雷科","110/07/13","台灣企銀",0,20,-20
"4359","6207雷科","110/07/13","元大-金華",16,1,15
"4360","6207雷科","110/07/13","群益金鼎-丹鳳",0,20,-20
"4361","6207雷科","110/07/13","日盛證券",10,0,10
"4362","6207雷科","110/07/13","元大-博愛",0,17,-17
"4363","6207雷科","110/07/13","統一-台中",10,0,10
"4364","6207雷科","110/07/13","元大-北港",0,13,-13
"4365","6207雷科","110/07/13","群益金鼎-土城",10,0,10
"4366","6207雷科","110/07/13","新加坡商瑞銀",0,12,-12
"4367","6207雷科","110/07/13","群益金鼎-桃園",10,0,10
"4368","6207雷科","110/07/13","凱基-台北",4,16,-12
"4369","6207雷科","110/07/13","永豐金-新莊",10,0,10
"4370","6207雷科","110/07/13","日茂-埔里",0,11,-11
"4371","6207雷科","110/07/13","永豐金-新店",10,0,10
"4372","6207雷科","110/07/13","元大-莒光",0,11,-11
"4373","6207雷科","110/07/13","元大證券",9,0,9
"4374","6207雷科","110/07/13","統一-新竹",0,10,-10
"4375","6207雷科","110/07/13","日盛-木柵",9,1,8
"4376","6207雷科","110/07/13","元大-西螺",0,10,-10
"4377","6207雷科","110/07/13","兆豐-來福",8,0,8
"4378","6207雷科","110/07/13","康和-台中",0,8,-8
"4379","6207雷科","110/07/13","新光",7,0,7
"4380","6207雷科","110/07/13","兆豐-高雄",0,6,-6
"4381","3679新至陞","110/07/13","永豐金證券",50,0,50
"4382","3679新至陞","110/07/13","摩根大通",2,25,-23
"4383","3679新至陞","110/07/13","國泰-桃園",22,0,22
"4384","3679新至陞","110/07/13","元大-成功",0,22,-22
"4385","3679新至陞","110/07/13","台中銀-員林",11,0,11
"4386","3679新至陞","110/07/13","富邦-板橋",1,19,-18
"4387","3679新至陞","110/07/13","元大-文心興安",8,0,8
"4388","3679新至陞","110/07/13","日盛-新莊",0,10,-10
"4389","3679新至陞","110/07/13","美商高盛",6,0,6
"4390","3679新至陞","110/07/13","台新-台中",0,10,-10
"4391","3679新至陞","110/07/13","台新-高雄",6,0,6
"4392","3679新至陞","110/07/13","永豐金-新竹",0,8,-8
"4393","3679新至陞","110/07/13","凱基-台北",18,12,6
"4394","3679新至陞","110/07/13","瑞士信貸",12,19,-7
"4395","3679新至陞","110/07/13","日盛-復興",5,0,5
"4396","3679新至陞","110/07/13","統一-南京",0,7,-7
"4397","3679新至陞","110/07/13","(牛牛牛)亞-鑫豐",4,0,4
"4398","3679新至陞","110/07/13","凱基-新莊",0,7,-7
"4399","3679新至陞","110/07/13","元富-大昌",3,0,3
"4400","3679新至陞","110/07/13","新加坡商瑞銀",0,6,-6
"4401","3679新至陞","110/07/13","富邦-台北",3,0,3
"4402","3679新至陞","110/07/13","合庫-自強",0,5,-5
"4403","3679新至陞","110/07/13","日盛-樹林",2,0,2
"4404","3679新至陞","110/07/13","富邦-桃園",0,5,-5
"4405","3679新至陞","110/07/13","宏遠-光隆",2,0,2
"4406","3679新至陞","110/07/13","永豐金-潮州",0,4,-4
"4407","3679新至陞","110/07/13","美林",3,1,2
"4408","3679新至陞","110/07/13","臺銀-臺南",0,3,-3
"4409","3679新至陞","110/07/13","第一金-中壢",2,0,2
"4410","3679新至陞","110/07/13","元大-六合",0,3,-3
"4411","2727王品","110/07/13","富邦-台北",43,3,40
"4412","2727王品","110/07/13","台灣摩根士丹利",15,97,-82
"4413","2727王品","110/07/13","元大-基隆孝二",40,0,40
"4414","2727王品","110/07/13","玉山-台南",5,57,-52
"4415","2727王品","110/07/13","國票-新莊",40,1,39
"4416","2727王品","110/07/13","新加坡商瑞銀",0,48,-48
"4417","2727王品","110/07/13","第一金-豐原",66,42,24
"4418","2727王品","110/07/13","凱基-台北",41,77,-36
"4419","2727王品","110/07/13","永豐金-大園",34,10,24
"4420","2727王品","110/07/13","永豐金-永康",0,22,-22
"4421","2727王品","110/07/13","元大-北屯",22,0,22
"4422","2727王品","110/07/13","統一-台中",2,22,-20
"4423","2727王品","110/07/13","元大-東蘆",26,7,19
"4424","2727王品","110/07/13","國泰-台中",21,39,-18
"4425","2727王品","110/07/13","永豐金-萬盛",13,1,12
"4426","2727王品","110/07/13","合庫-彰化",3,20,-17
"4427","2727王品","110/07/13","日盛-嘉義",11,0,11
"4428","2727王品","110/07/13","港商野村",13,30,-17
"4429","2727王品","110/07/13","日盛-八德",11,0,11
"4430","2727王品","110/07/13","元大-楊梅",1,16,-15
"4431","2727王品","110/07/13","統一-竹南",11,0,11
"4432","2727王品","110/07/13","凱基-高美館",2,15,-13
"4433","2727王品","110/07/13","日盛-士林",12,2,10
"4434","2727王品","110/07/13","美商高盛",2,14,-12
"4435","2727王品","110/07/13","統一-敦南",10,0,10
"4436","2727王品","110/07/13","統一-平鎮",1,13,-12
"4437","2727王品","110/07/13","中國信託",15,5,10
"4438","2727王品","110/07/13","兆豐-台中港",4,16,-12
"4439","2727王品","110/07/13","兆豐-竹北",13,3,10
"4440","2727王品","110/07/13","凱基-八德",1,13,-12
"4441","1570力肯","110/07/13","新光",115,11,104
"4442","1570力肯","110/07/13","元大-北三重",0,162,-162
"4443","1570力肯","110/07/13","群益金鼎-高雄",54,0,54
"4444","1570力肯","110/07/13","元大-大灣",0,25,-25
"4445","1570力肯","110/07/13","國票-新莊",22,0,22
"4446","1570力肯","110/07/13","永豐金-苓雅",0,22,-22
"4447","1570力肯","110/07/13","日盛-桃園",12,0,12
"4448","1570力肯","110/07/13","永豐金-永康",0,19,-19
"4449","1570力肯","110/07/13","元大-高雄",12,0,12
"4450","1570力肯","110/07/13","富邦-員林",0,15,-15
"4451","1570力肯","110/07/13","合庫-自強",11,0,11
"4452","1570力肯","110/07/13","凱基-台南",0,11,-11
"4453","1570力肯","110/07/13","摩根大通",26,15,11
"4454","1570力肯","110/07/13","日盛-竹北",0,10,-10
"4455","1570力肯","110/07/13","永豐金-中盛",11,0,11
"4456","1570力肯","110/07/13","國票-九鼎",0,10,-10
"4457","1570力肯","110/07/13","兆豐-台中港",10,0,10
"4458","1570力肯","110/07/13","凱基-桃園",0,10,-10
"4459","1570力肯","110/07/13","國泰-松江",9,0,9
"4460","1570力肯","110/07/13","凱基-新豐",0,10,-10
"4461","1570力肯","110/07/13","元大-新盛",9,0,9
"4462","1570力肯","110/07/13","元大-學甲",0,10,-10
"4463","1570力肯","110/07/13","元富-緯城",6,0,6
"4464","1570力肯","110/07/13","群益金鼎-東湖",1,10,-9
"4465","1570力肯","110/07/13","統一-三重",5,0,5
"4466","1570力肯","110/07/13","大昌",0,6,-6
"4467","1570力肯","110/07/13","元大-前金",5,0,5
"4468","1570力肯","110/07/13","元大-土城學府",0,6,-6
"4469","1570力肯","110/07/13","永豐金證券",5,0,5
"4470","1570力肯","110/07/13","統一",0,5,-5
"4471","6180橘子","110/07/13","摩根大通",119,0,119
"4472","6180橘子","110/07/13","元大-崇德",2,61,-59
"4473","6180橘子","110/07/13","美商高盛",96,0,96
"4474","6180橘子","110/07/13","康和-台中",0,51,-51
"4475","6180橘子","110/07/13","新加坡商瑞銀",86,7,79
"4476","6180橘子","110/07/13","康和-台北",0,50,-50
"4477","6180橘子","110/07/13","元大-和平",40,0,40
"4478","6180橘子","110/07/13","元富-潮州",0,40,-40
"4479","6180橘子","110/07/13","凱基-台北",83,47,36
"4480","6180橘子","110/07/13","日盛-永康",0,26,-26
"4481","6180橘子","110/07/13","美林",39,5,34
"4482","6180橘子","110/07/13","永豐金-中正",0,24,-24
"4483","6180橘子","110/07/13","富邦-新竹華信",31,2,29
"4484","6180橘子","110/07/13","國泰-板橋",2,25,-23
"4485","6180橘子","110/07/13","統一-南京",21,0,21
"4486","6180橘子","110/07/13","日盛-大墩",0,20,-20
"4487","6180橘子","110/07/13","富邦-陽明",24,3,21
"4488","6180橘子","110/07/13","元大-草屯",13,32,-19
"4489","6180橘子","110/07/13","大昌-樹林",21,1,20
"4490","6180橘子","110/07/13","元富-林園",1,18,-17
"4491","6180橘子","110/07/13","花旗環球",19,0,19
"4492","6180橘子","110/07/13","新光-新竹",1,18,-17
"4493","6180橘子","110/07/13","華南永昌-台南",19,0,19
"4494","6180橘子","110/07/13","元大-土城永寧",0,17,-17
"4495","6180橘子","110/07/13","福勝",14,0,14
"4496","6180橘子","110/07/13","國泰-新莊",3,19,-16
"4497","6180橘子","110/07/13","富邦-嘉義",12,1,11
"4498","6180橘子","110/07/13","中國信託-永康",6,21,-15
"4499","6180橘子","110/07/13","元大-板橋三民",11,0,11
"4500","6180橘子","110/07/13","凱基-東港",1,15,-14
"4501","2390云辰","110/07/13","新加坡商瑞銀",562,75,487
"4502","2390云辰","110/07/13","大展-台南",0,532,-532
"4503","2390云辰","110/07/13","台灣摩根士丹利",330,155,175
"4504","2390云辰","110/07/13","凱基-台北",668,854,-186
"4505","2390云辰","110/07/13","兆豐-公益",126,25,101
"4506","2390云辰","110/07/13","凱基-三重",12,172,-160
"4507","2390云辰","110/07/13","元富-中港",100,2,98
"4508","2390云辰","110/07/13","兆豐-忠孝",4,161,-157
"4509","2390云辰","110/07/13","統一-新台中",106,9,97
"4510","2390云辰","110/07/13","元大-士林",19,170,-151
"4511","2390云辰","110/07/13","中國信託-松江",81,11,70
"4512","2390云辰","110/07/13","臺銀-新竹",14,117,-103
"4513","2390云辰","110/07/13","日盛-板橋",72,3,69
"4514","2390云辰","110/07/13","國票-台中",4,102,-98
"4515","2390云辰","110/07/13","日盛-和美",57,0,57
"4516","2390云辰","110/07/13","新光",147,232,-85
"4517","2390云辰","110/07/13","永豐金-桃園",88,36,52
"4518","2390云辰","110/07/13","致和-崇德",2,70,-68
"4519","2390云辰","110/07/13","玉山-士林",54,4,50
"4520","2390云辰","110/07/13","群益金鼎-屏東",2,70,-68
"4521","2390云辰","110/07/13","富邦-仁愛",56,6,50
"4522","2390云辰","110/07/13","元大-大里",35,98,-63
"4523","2390云辰","110/07/13","第一金-豐原",50,1,49
"4524","2390云辰","110/07/13","元大-萬華",35,94,-59
"4525","2390云辰","110/07/13","摩根大通",502,453,49
"4526","2390云辰","110/07/13","元富-吉利",2,60,-58
"4527","2390云辰","110/07/13","凱基-松山",61,13,48
"4528","2390云辰","110/07/13","兆豐-新竹",3,53,-50
"4529","2390云辰","110/07/13","大昌",64,22,42
"4530","2390云辰","110/07/13","富邦-嘉義",65,108,-43
"4531","2363矽統","110/07/13","凱基-南崁",2133,63,2070
"4532","2363矽統","110/07/13","凱基-幸福",36,4048,-4012
"4533","2363矽統","110/07/13","國泰-敦南",2195,1617,578
"4534","2363矽統","110/07/13","統一",192,3325,-3133
"4535","2363矽統","110/07/13","中農",670,139,531
"4536","2363矽統","110/07/13","新加坡商瑞銀",1000,2747,-1747
"4537","2363矽統","110/07/13","康和-台中",638,154,484
"4538","2363矽統","110/07/13","凱基-台北",5359,6609,-1250
"4539","2363矽統","110/07/13","群益金鼎-三民",577,137,440
"4540","2363矽統","110/07/13","摩根大通",1930,2858,-928
"4541","2363矽統","110/07/13","台新-屏東",510,88,422
"4542","2363矽統","110/07/13","港商野村",960,1679,-719
"4543","2363矽統","110/07/13","德信-中正",455,67,388
"4544","2363矽統","110/07/13","兆豐-復興",25,705,-680
"4545","2363矽統","110/07/13","日盛-竹北",365,70,295
"4546","2363矽統","110/07/13","統一-仁愛",114,755,-641
"4547","2363矽統","110/07/13","元大-佳里",452,189,263
"4548","2363矽統","110/07/13","統一-敦南",29,638,-609
"4549","2363矽統","110/07/13","國票-博愛",296,38,258
"4550","2363矽統","110/07/13","統一-土城",100,704,-604
"4551","2363矽統","110/07/13","元大-萬華",340,95,245
"4552","2363矽統","110/07/13","統一-城中",116,676,-560
"4553","2363矽統","110/07/13","新光",1259,1031,228
"4554","2363矽統","110/07/13","永豐金證券",306,859,-553
"4555","2363矽統","110/07/13","元富-成功",323,96,227
"4556","2363矽統","110/07/13","元富",54,567,-513
"4557","2363矽統","110/07/13","豐農",228,23,205
"4558","2363矽統","110/07/13","瑞士信貸",202,666,-464
"4559","2363矽統","110/07/13","台灣企銀-岡山",186,4,182
"4560","2363矽統","110/07/13","永豐金-嘉義",67,468,-401
"4561","8112至上","110/07/13","摩根大通",688,296,392
"4562","8112至上","110/07/13","國票-中和",0,401,-401
"4563","8112至上","110/07/13","港商野村",344,145,199
"4564","8112至上","110/07/13","永豐金-板盛",0,205,-205
"4565","8112至上","110/07/13","兆豐-公益",195,5,190
"4566","8112至上","110/07/13","凱基-五股",43,155,-112
"4567","8112至上","110/07/13","台灣摩根士丹利",183,0,183
"4568","8112至上","110/07/13","凱基-市政",0,100,-100
"4569","8112至上","110/07/13","群益金鼎-敦南",153,2,151
"4570","8112至上","110/07/13","元大-大里德芳",1,92,-91
"4571","8112至上","110/07/13","臺銀-金山",146,26,120
"4572","8112至上","110/07/13","玉山-桃園",26,110,-84
"4573","8112至上","110/07/13","臺銀",133,19,114
"4574","8112至上","110/07/13","兆豐-天母",0,81,-81
"4575","8112至上","110/07/13","合庫-台中",115,6,109
"4576","8112至上","110/07/13","凱基-城中",3,84,-81
"4577","8112至上","110/07/13","亞東-板橋",134,26,108
"4578","8112至上","110/07/13","日盛-新莊",9,85,-76
"4579","8112至上","110/07/13","凱基-台北",414,326,88
"4580","8112至上","110/07/13","日盛-台中",2,64,-62
"4581","8112至上","110/07/13","新加坡商瑞銀",181,100,81
"4582","8112至上","110/07/13","日盛-中壢",3,64,-61
"4583","8112至上","110/07/13","國泰-敦南",108,31,77
"4584","8112至上","110/07/13","元大-台中",2,59,-57
"4585","8112至上","110/07/13","第一金-華江",77,4,73
"4586","8112至上","110/07/13","元大-雙和",7,64,-57
"4587","8112至上","110/07/13","永豐金-內湖",73,1,72
"4588","8112至上","110/07/13","元大-高雄",8,62,-54
"4589","8112至上","110/07/13","元大-永和",68,1,67
"4590","8112至上","110/07/13","元大-館前",2,55,-53
"4591","2929淘帝","110/07/13","玉山-新竹",130,0,130
"4592","2929淘帝","110/07/13","美商高盛",0,177,-177
"4593","2929淘帝","110/07/13","臺銀-民權",60,0,60
"4594","2929淘帝","110/07/13","凱基-台北",6,80,-74
"4595","2929淘帝","110/07/13","新百王",31,0,31
"4596","2929淘帝","110/07/13","元富-大裕",0,49,-49
"4597","2929淘帝","110/07/13","日盛-園區",30,0,30
"4598","2929淘帝","110/07/13","國泰-館前",3,51,-48
"4599","2929淘帝","110/07/13","元大-南投",31,1,30
"4600","2929淘帝","110/07/13","凱基-中壢",0,41,-41
"4601","2929淘帝","110/07/13","兆豐-忠孝",28,0,28
"4602","2929淘帝","110/07/13","港商野村",21,55,-34
"4603","2929淘帝","110/07/13","元大-民生",28,0,28
"4604","2929淘帝","110/07/13","華南永昌-南京",2,34,-32
"4605","2929淘帝","110/07/13","合庫-高雄",27,0,27
"4606","2929淘帝","110/07/13","群益金鼎-土城",0,30,-30
"4607","2929淘帝","110/07/13","凱基-豐中",27,0,27
"4608","2929淘帝","110/07/13","富邦-南屯",0,22,-22
"4609","2929淘帝","110/07/13","新光",21,4,17
"4610","2929淘帝","110/07/13","第一金-豐原",0,20,-20
"4611","2929淘帝","110/07/13","元大-天母",17,0,17
"4612","2929淘帝","110/07/13","元大-屏南",6,26,-20
"4613","2929淘帝","110/07/13","永興",14,0,14
"4614","2929淘帝","110/07/13","永豐金-敦南",1,21,-20
"4615","2929淘帝","110/07/13","富邦-台北",12,0,12
"4616","2929淘帝","110/07/13","凱基-三重",2,21,-19
"4617","2929淘帝","110/07/13","元大-永和",12,0,12
"4618","2929淘帝","110/07/13","富邦-仁愛",7,25,-18
"4619","2929淘帝","110/07/13","國票-天祥",11,0,11
"4620","2929淘帝","110/07/13","元大-北投",0,16,-16
"4621","5410國眾","110/07/13","兆豐-城中",274,0,274
"4622","5410國眾","110/07/13","元富-嘉義",0,103,-103
"4623","5410國眾","110/07/13","新光",50,4,46
"4624","5410國眾","110/07/13","凱基-台北",0,50,-50
"4625","5410國眾","110/07/13","國泰-台中",26,0,26
"4626","5410國眾","110/07/13","瑞士信貸",0,31,-31
"4627","5410國眾","110/07/13","新加坡商瑞銀",22,0,22
"4628","5410國眾","110/07/13","台新-新莊",0,27,-27
"4629","5410國眾","110/07/13","光和-嘉義",20,0,20
"4630","5410國眾","110/07/13","元大-汐止",0,20,-20
"4631","5410國眾","110/07/13","凱基-竹北",17,0,17
"4632","5410國眾","110/07/13","亞東-新竹",0,17,-17
"4633","5410國眾","110/07/13","新光-桃園",15,0,15
"4634","5410國眾","110/07/13","元大-南勢角",0,13,-13
"4635","5410國眾","110/07/13","凱基-台東",14,0,14
"4636","5410國眾","110/07/13","台新-台南",0,12,-12
"4637","5410國眾","110/07/13","富邦-竹北",11,0,11
"4638","5410國眾","110/07/13","中國信託",0,11,-11
"4639","5410國眾","110/07/13","元富-同大",10,0,10
"4640","5410國眾","110/07/13","華南永昌",0,11,-11
"4641","5410國眾","110/07/13","國泰-敦南",24,15,9
"4642","5410國眾","110/07/13","臺銀-臺南",0,10,-10
"4643","5410國眾","110/07/13","日盛-內湖",7,0,7
"4644","5410國眾","110/07/13","台灣企銀-民雄",0,10,-10
"4645","5410國眾","110/07/13","台新-左楠",7,0,7
"4646","5410國眾","110/07/13","高橋",0,10,-10
"4647","5410國眾","110/07/13","元大-新盛",18,12,6
"4648","5410國眾","110/07/13","康和-嘉義",0,10,-10
"4649","5410國眾","110/07/13","統一",5,0,5
"4650","5410國眾","110/07/13","凱基-基隆",0,10,-10
"4651","2841台開","110/07/13","中國信託-高雄",251,50,201
"4652","2841台開","110/07/13","兆豐-公益",0,177,-177
"4653","2841台開","110/07/13","日盛證券",210,13,197
"4654","2841台開","110/07/13","日進",0,152,-152
"4655","2841台開","110/07/13","第一金-台中",55,0,55
"4656","2841台開","110/07/13","港商野村",0,109,-109
"4657","2841台開","110/07/13","國泰-板橋",46,0,46
"4658","2841台開","110/07/13","日盛-信義",0,103,-103
"4659","2841台開","110/07/13","國泰-館前",48,3,45
"4660","2841台開","110/07/13","國泰-敦南",11,75,-64
"4661","2841台開","110/07/13","華南永昌-新莊",45,0,45
"4662","2841台開","110/07/13","永興",0,50,-50
"4663","2841台開","110/07/13","日盛-園區",42,0,42
"4664","2841台開","110/07/13","永豐金-敦南",61,104,-43
"4665","2841台開","110/07/13","台新證券",32,0,32
"4666","2841台開","110/07/13","富邦-台南",0,42,-42
"4667","2841台開","110/07/13","台新-高雄",32,2,30
"4668","2841台開","110/07/13","國票-安和",0,30,-30
"4669","2841台開","110/07/13","豐農",23,0,23
"4670","2841台開","110/07/13","元大-桃園",0,25,-25
"4671","2841台開","110/07/13","合庫-嘉義",20,0,20
"4672","2841台開","110/07/13","新光",8,32,-24
"4673","2841台開","110/07/13","華南永昌-高雄",20,0,20
"4674","2841台開","110/07/13","元大-仁愛",0,24,-24
"4675","2841台開","110/07/13","元大-樹林",16,0,16
"4676","2841台開","110/07/13","日盛-中和",0,20,-20
"4677","2841台開","110/07/13","第一金-華江",15,2,13
"4678","2841台開","110/07/13","元富",0,20,-20
"4679","2841台開","110/07/13","美商高盛",12,0,12
"4680","2841台開","110/07/13","富邦-宜蘭",0,20,-20
"4681","6207雷科","110/07/13","元大-高雄",121,0,121
"4682","6207雷科","110/07/13","華南永昌-朴子",1,60,-59
"4683","6207雷科","110/07/13","第一金-新興",20,0,20
"4684","6207雷科","110/07/13","元大-南海",0,36,-36
"4685","6207雷科","110/07/13","元富-三重",20,0,20
"4686","6207雷科","110/07/13","凱基-土城",0,35,-35
"4687","6207雷科","110/07/13","元大-林園",15,0,15
"4688","6207雷科","110/07/13","台灣企銀",0,20,-20
"4689","6207雷科","110/07/13","元大-金華",16,1,15
"4690","6207雷科","110/07/13","群益金鼎-丹鳳",0,20,-20
"4691","6207雷科","110/07/13","日盛證券",10,0,10
"4692","6207雷科","110/07/13","元大-博愛",0,17,-17
"4693","6207雷科","110/07/13","統一-台中",10,0,10
"4694","6207雷科","110/07/13","元大-北港",0,13,-13
"4695","6207雷科","110/07/13","群益金鼎-土城",10,0,10
"4696","6207雷科","110/07/13","新加坡商瑞銀",0,12,-12
"4697","6207雷科","110/07/13","群益金鼎-桃園",10,0,10
"4698","6207雷科","110/07/13","凱基-台北",4,16,-12
"4699","6207雷科","110/07/13","永豐金-新莊",10,0,10
"4700","6207雷科","110/07/13","日茂-埔里",0,11,-11
"4701","6207雷科","110/07/13","永豐金-新店",10,0,10
"4702","6207雷科","110/07/13","元大-莒光",0,11,-11
"4703","6207雷科","110/07/13","元大證券",9,0,9
"4704","6207雷科","110/07/13","統一-新竹",0,10,-10
"4705","6207雷科","110/07/13","日盛-木柵",9,1,8
"4706","6207雷科","110/07/13","元大-西螺",0,10,-10
"4707","6207雷科","110/07/13","兆豐-來福",8,0,8
"4708","6207雷科","110/07/13","康和-台中",0,8,-8
"4709","6207雷科","110/07/13","新光",7,0,7
"4710","6207雷科","110/07/13","兆豐-高雄",0,6,-6
"4711","3679新至陞","110/07/13","永豐金證券",50,0,50
"4712","3679新至陞","110/07/13","摩根大通",2,25,-23
"4713","3679新至陞","110/07/13","國泰-桃園",22,0,22
"4714","3679新至陞","110/07/13","元大-成功",0,22,-22
"4715","3679新至陞","110/07/13","台中銀-員林",11,0,11
"4716","3679新至陞","110/07/13","富邦-板橋",1,19,-18
"4717","3679新至陞","110/07/13","元大-文心興安",8,0,8
"4718","3679新至陞","110/07/13","日盛-新莊",0,10,-10
"4719","3679新至陞","110/07/13","美商高盛",6,0,6
"4720","3679新至陞","110/07/13","台新-台中",0,10,-10
"4721","3679新至陞","110/07/13","台新-高雄",6,0,6
"4722","3679新至陞","110/07/13","永豐金-新竹",0,8,-8
"4723","3679新至陞","110/07/13","凱基-台北",18,12,6
"4724","3679新至陞","110/07/13","瑞士信貸",12,19,-7
"4725","3679新至陞","110/07/13","日盛-復興",5,0,5
"4726","3679新至陞","110/07/13","統一-南京",0,7,-7
"4727","3679新至陞","110/07/13","(牛牛牛)亞-鑫豐",4,0,4
"4728","3679新至陞","110/07/13","凱基-新莊",0,7,-7
"4729","3679新至陞","110/07/13","元富-大昌",3,0,3
"4730","3679新至陞","110/07/13","新加坡商瑞銀",0,6,-6
"4731","3679新至陞","110/07/13","富邦-台北",3,0,3
"4732","3679新至陞","110/07/13","合庫-自強",0,5,-5
"4733","3679新至陞","110/07/13","日盛-樹林",2,0,2
"4734","3679新至陞","110/07/13","富邦-桃園",0,5,-5
"4735","3679新至陞","110/07/13","宏遠-光隆",2,0,2
"4736","3679新至陞","110/07/13","永豐金-潮州",0,4,-4
"4737","3679新至陞","110/07/13","美林",3,1,2
"4738","3679新至陞","110/07/13","臺銀-臺南",0,3,-3
"4739","3679新至陞","110/07/13","第一金-中壢",2,0,2
"4740","3679新至陞","110/07/13","元大-六合",0,3,-3
"4741","2727王品","110/07/13","富邦-台北",43,3,40
"4742","2727王品","110/07/13","台灣摩根士丹利",15,97,-82
"4743","2727王品","110/07/13","元大-基隆孝二",40,0,40
"4744","2727王品","110/07/13","玉山-台南",5,57,-52
"4745","2727王品","110/07/13","國票-新莊",40,1,39
"4746","2727王品","110/07/13","新加坡商瑞銀",0,48,-48
"4747","2727王品","110/07/13","第一金-豐原",66,42,24
"4748","2727王品","110/07/13","凱基-台北",41,77,-36
"4749","2727王品","110/07/13","永豐金-大園",34,10,24
"4750","2727王品","110/07/13","永豐金-永康",0,22,-22
"4751","2727王品","110/07/13","元大-北屯",22,0,22
"4752","2727王品","110/07/13","統一-台中",2,22,-20
"4753","2727王品","110/07/13","元大-東蘆",26,7,19
"4754","2727王品","110/07/13","國泰-台中",21,39,-18
"4755","2727王品","110/07/13","永豐金-萬盛",13,1,12
"4756","2727王品","110/07/13","合庫-彰化",3,20,-17
"4757","2727王品","110/07/13","日盛-嘉義",11,0,11
"4758","2727王品","110/07/13","港商野村",13,30,-17
"4759","2727王品","110/07/13","日盛-八德",11,0,11
"4760","2727王品","110/07/13","元大-楊梅",1,16,-15
"4761","2727王品","110/07/13","統一-竹南",11,0,11
"4762","2727王品","110/07/13","凱基-高美館",2,15,-13
"4763","2727王品","110/07/13","日盛-士林",12,2,10
"4764","2727王品","110/07/13","美商高盛",2,14,-12
"4765","2727王品","110/07/13","統一-敦南",10,0,10
"4766","2727王品","110/07/13","統一-平鎮",1,13,-12
"4767","2727王品","110/07/13","中國信託",15,5,10
"4768","2727王品","110/07/13","兆豐-台中港",4,16,-12
"4769","2727王品","110/07/13","兆豐-竹北",13,3,10
"4770","2727王品","110/07/13","凱基-八德",1,13,-12
"4771","1570力肯","110/07/13","新光",115,11,104
"4772","1570力肯","110/07/13","元大-北三重",0,162,-162
"4773","1570力肯","110/07/13","群益金鼎-高雄",54,0,54
"4774","1570力肯","110/07/13","元大-大灣",0,25,-25
"4775","1570力肯","110/07/13","國票-新莊",22,0,22
"4776","1570力肯","110/07/13","永豐金-苓雅",0,22,-22
"4777","1570力肯","110/07/13","日盛-桃園",12,0,12
"4778","1570力肯","110/07/13","永豐金-永康",0,19,-19
"4779","1570力肯","110/07/13","元大-高雄",12,0,12
"4780","1570力肯","110/07/13","富邦-員林",0,15,-15
"4781","1570力肯","110/07/13","合庫-自強",11,0,11
"4782","1570力肯","110/07/13","凱基-台南",0,11,-11
"4783","1570力肯","110/07/13","摩根大通",26,15,11
"4784","1570力肯","110/07/13","日盛-竹北",0,10,-10
"4785","1570力肯","110/07/13","永豐金-中盛",11,0,11
"4786","1570力肯","110/07/13","國票-九鼎",0,10,-10
"4787","1570力肯","110/07/13","兆豐-台中港",10,0,10
"4788","1570力肯","110/07/13","凱基-桃園",0,10,-10
"4789","1570力肯","110/07/13","國泰-松江",9,0,9
"4790","1570力肯","110/07/13","凱基-新豐",0,10,-10
"4791","1570力肯","110/07/13","元大-新盛",9,0,9
"4792","1570力肯","110/07/13","元大-學甲",0,10,-10
"4793","1570力肯","110/07/13","元富-緯城",6,0,6
"4794","1570力肯","110/07/13","群益金鼎-東湖",1,10,-9
"4795","1570力肯","110/07/13","統一-三重",5,0,5
"4796","1570力肯","110/07/13","大昌",0,6,-6
"4797","1570力肯","110/07/13","元大-前金",5,0,5
"4798","1570力肯","110/07/13","元大-土城學府",0,6,-6
"4799","1570力肯","110/07/13","永豐金證券",5,0,5
"4800","1570力肯","110/07/13","統一",0,5,-5
"4801","6180橘子","110/07/13","摩根大通",119,0,119
"4802","6180橘子","110/07/13","元大-崇德",2,61,-59
"4803","6180橘子","110/07/13","美商高盛",96,0,96
"4804","6180橘子","110/07/13","康和-台中",0,51,-51
"4805","6180橘子","110/07/13","新加坡商瑞銀",86,7,79
"4806","6180橘子","110/07/13","康和-台北",0,50,-50
"4807","6180橘子","110/07/13","元大-和平",40,0,40
"4808","6180橘子","110/07/13","元富-潮州",0,40,-40
"4809","6180橘子","110/07/13","凱基-台北",83,47,36
"4810","6180橘子","110/07/13","日盛-永康",0,26,-26
"4811","6180橘子","110/07/13","美林",39,5,34
"4812","6180橘子","110/07/13","永豐金-中正",0,24,-24
"4813","6180橘子","110/07/13","富邦-新竹華信",31,2,29
"4814","6180橘子","110/07/13","國泰-板橋",2,25,-23
"4815","6180橘子","110/07/13","統一-南京",21,0,21
"4816","6180橘子","110/07/13","日盛-大墩",0,20,-20
"4817","6180橘子","110/07/13","富邦-陽明",24,3,21
"4818","6180橘子","110/07/13","元大-草屯",13,32,-19
"4819","6180橘子","110/07/13","大昌-樹林",21,1,20
"4820","6180橘子","110/07/13","元富-林園",1,18,-17
"4821","6180橘子","110/07/13","花旗環球",19,0,19
"4822","6180橘子","110/07/13","新光-新竹",1,18,-17
"4823","6180橘子","110/07/13","華南永昌-台南",19,0,19
"4824","6180橘子","110/07/13","元大-土城永寧",0,17,-17
"4825","6180橘子","110/07/13","福勝",14,0,14
"4826","6180橘子","110/07/13","國泰-新莊",3,19,-16
"4827","6180橘子","110/07/13","富邦-嘉義",12,1,11
"4828","6180橘子","110/07/13","中國信託-永康",6,21,-15
"4829","6180橘子","110/07/13","元大-板橋三民",11,0,11
"4830","6180橘子","110/07/13","凱基-東港",1,15,-14
"4831","2390云辰","110/07/13","新加坡商瑞銀",562,75,487
"4832","2390云辰","110/07/13","大展-台南",0,532,-532
"4833","2390云辰","110/07/13","台灣摩根士丹利",330,155,175
"4834","2390云辰","110/07/13","凱基-台北",668,854,-186
"4835","2390云辰","110/07/13","兆豐-公益",126,25,101
"4836","2390云辰","110/07/13","凱基-三重",12,172,-160
"4837","2390云辰","110/07/13","元富-中港",100,2,98
"4838","2390云辰","110/07/13","兆豐-忠孝",4,161,-157
"4839","2390云辰","110/07/13","統一-新台中",106,9,97
"4840","2390云辰","110/07/13","元大-士林",19,170,-151
"4841","2390云辰","110/07/13","中國信託-松江",81,11,70
"4842","2390云辰","110/07/13","臺銀-新竹",14,117,-103
"4843","2390云辰","110/07/13","日盛-板橋",72,3,69
"4844","2390云辰","110/07/13","國票-台中",4,102,-98
"4845","2390云辰","110/07/13","日盛-和美",57,0,57
"4846","2390云辰","110/07/13","新光",147,232,-85
"4847","2390云辰","110/07/13","永豐金-桃園",88,36,52
"4848","2390云辰","110/07/13","致和-崇德",2,70,-68
"4849","2390云辰","110/07/13","玉山-士林",54,4,50
"4850","2390云辰","110/07/13","群益金鼎-屏東",2,70,-68
"4851","2390云辰","110/07/13","富邦-仁愛",56,6,50
"4852","2390云辰","110/07/13","元大-大里",35,98,-63
"4853","2390云辰","110/07/13","第一金-豐原",50,1,49
"4854","2390云辰","110/07/13","元大-萬華",35,94,-59
"4855","2390云辰","110/07/13","摩根大通",502,453,49
"4856","2390云辰","110/07/13","元富-吉利",2,60,-58
"4857","2390云辰","110/07/13","凱基-松山",61,13,48
"4858","2390云辰","110/07/13","兆豐-新竹",3,53,-50
"4859","2390云辰","110/07/13","大昌",64,22,42
"4860","2390云辰","110/07/13","富邦-嘉義",65,108,-43
"4861","2363矽統","110/07/13","凱基-南崁",2133,63,2070
"4862","2363矽統","110/07/13","凱基-幸福",36,4048,-4012
"4863","2363矽統","110/07/13","國泰-敦南",2195,1617,578
"4864","2363矽統","110/07/13","統一",192,3325,-3133
"4865","2363矽統","110/07/13","中農",670,139,531
"4866","2363矽統","110/07/13","新加坡商瑞銀",1000,2747,-1747
"4867","2363矽統","110/07/13","康和-台中",638,154,484
"4868","2363矽統","110/07/13","凱基-台北",5359,6609,-1250
"4869","2363矽統","110/07/13","群益金鼎-三民",577,137,440
"4870","2363矽統","110/07/13","摩根大通",1930,2858,-928
"4871","2363矽統","110/07/13","台新-屏東",510,88,422
"4872","2363矽統","110/07/13","港商野村",960,1679,-719
"4873","2363矽統","110/07/13","德信-中正",455,67,388
"4874","2363矽統","110/07/13","兆豐-復興",25,705,-680
"4875","2363矽統","110/07/13","日盛-竹北",365,70,295
"4876","2363矽統","110/07/13","統一-仁愛",114,755,-641
"4877","2363矽統","110/07/13","元大-佳里",452,189,263
"4878","2363矽統","110/07/13","統一-敦南",29,638,-609
"4879","2363矽統","110/07/13","國票-博愛",296,38,258
"4880","2363矽統","110/07/13","統一-土城",100,704,-604
"4881","2363矽統","110/07/13","元大-萬華",340,95,245
"4882","2363矽統","110/07/13","統一-城中",116,676,-560
"4883","2363矽統","110/07/13","新光",1259,1031,228
"4884","2363矽統","110/07/13","永豐金證券",306,859,-553
"4885","2363矽統","110/07/13","元富-成功",323,96,227
"4886","2363矽統","110/07/13","元富",54,567,-513
"4887","2363矽統","110/07/13","豐農",228,23,205
"4888","2363矽統","110/07/13","瑞士信貸",202,666,-464
"4889","2363矽統","110/07/13","台灣企銀-岡山",186,4,182
"4890","2363矽統","110/07/13","永豐金-嘉義",67,468,-401
"4891","8112至上","110/07/13","摩根大通",688,296,392
"4892","8112至上","110/07/13","國票-中和",0,401,-401
"4893","8112至上","110/07/13","港商野村",344,145,199
"4894","8112至上","110/07/13","永豐金-板盛",0,205,-205
"4895","8112至上","110/07/13","兆豐-公益",195,5,190
"4896","8112至上","110/07/13","凱基-五股",43,155,-112
"4897","8112至上","110/07/13","台灣摩根士丹利",183,0,183
"4898","8112至上","110/07/13","凱基-市政",0,100,-100
"4899","8112至上","110/07/13","群益金鼎-敦南",153,2,151
"4900","8112至上","110/07/13","元大-大里德芳",1,92,-91
"4901","8112至上","110/07/13","臺銀-金山",146,26,120
"4902","8112至上","110/07/13","玉山-桃園",26,110,-84
"4903","8112至上","110/07/13","臺銀",133,19,114
"4904","8112至上","110/07/13","兆豐-天母",0,81,-81
"4905","8112至上","110/07/13","合庫-台中",115,6,109
"4906","8112至上","110/07/13","凱基-城中",3,84,-81
"4907","8112至上","110/07/13","亞東-板橋",134,26,108
"4908","8112至上","110/07/13","日盛-新莊",9,85,-76
"4909","8112至上","110/07/13","凱基-台北",414,326,88
"4910","8112至上","110/07/13","日盛-台中",2,64,-62
"4911","8112至上","110/07/13","新加坡商瑞銀",181,100,81
"4912","8112至上","110/07/13","日盛-中壢",3,64,-61
"4913","8112至上","110/07/13","國泰-敦南",108,31,77
"4914","8112至上","110/07/13","元大-台中",2,59,-57
"4915","8112至上","110/07/13","第一金-華江",77,4,73
"4916","8112至上","110/07/13","元大-雙和",7,64,-57
"4917","8112至上","110/07/13","永豐金-內湖",73,1,72
"4918","8112至上","110/07/13","元大-高雄",8,62,-54
"4919","8112至上","110/07/13","元大-永和",68,1,67
"4920","8112至上","110/07/13","元大-館前",2,55,-53
"4921","2929淘帝","110/07/13","玉山-新竹",130,0,130
"4922","2929淘帝","110/07/13","美商高盛",0,177,-177
"4923","2929淘帝","110/07/13","臺銀-民權",60,0,60
"4924","2929淘帝","110/07/13","凱基-台北",6,80,-74
"4925","2929淘帝","110/07/13","新百王",31,0,31
"4926","2929淘帝","110/07/13","元富-大裕",0,49,-49
"4927","2929淘帝","110/07/13","日盛-園區",30,0,30
"4928","2929淘帝","110/07/13","國泰-館前",3,51,-48
"4929","2929淘帝","110/07/13","元大-南投",31,1,30
"4930","2929淘帝","110/07/13","凱基-中壢",0,41,-41
"4931","2929淘帝","110/07/13","兆豐-忠孝",28,0,28
"4932","2929淘帝","110/07/13","港商野村",21,55,-34
"4933","2929淘帝","110/07/13","元大-民生",28,0,28
"4934","2929淘帝","110/07/13","華南永昌-南京",2,34,-32
"4935","2929淘帝","110/07/13","合庫-高雄",27,0,27
"4936","2929淘帝","110/07/13","群益金鼎-土城",0,30,-30
"4937","2929淘帝","110/07/13","凱基-豐中",27,0,27
"4938","2929淘帝","110/07/13","富邦-南屯",0,22,-22
"4939","2929淘帝","110/07/13","新光",21,4,17
"4940","2929淘帝","110/07/13","第一金-豐原",0,20,-20
"4941","2929淘帝","110/07/13","元大-天母",17,0,17
"4942","2929淘帝","110/07/13","元大-屏南",6,26,-20
"4943","2929淘帝","110/07/13","永興",14,0,14
"4944","2929淘帝","110/07/13","永豐金-敦南",1,21,-20
"4945","2929淘帝","110/07/13","富邦-台北",12,0,12
"4946","2929淘帝","110/07/13","凱基-三重",2,21,-19
"4947","2929淘帝","110/07/13","元大-永和",12,0,12
"4948","2929淘帝","110/07/13","富邦-仁愛",7,25,-18
"4949","2929淘帝","110/07/13","國票-天祥",11,0,11
"4950","2929淘帝","110/07/13","元大-北投",0,16,-16
"4951","5410國眾","110/07/13","兆豐-城中",274,0,274
"4952","5410國眾","110/07/13","元富-嘉義",0,103,-103
"4953","5410國眾","110/07/13","新光",50,4,46
"4954","5410國眾","110/07/13","凱基-台北",0,50,-50
"4955","5410國眾","110/07/13","國泰-台中",26,0,26
"4956","5410國眾","110/07/13","瑞士信貸",0,31,-31
"4957","5410國眾","110/07/13","新加坡商瑞銀",22,0,22
"4958","5410國眾","110/07/13","台新-新莊",0,27,-27
"4959","5410國眾","110/07/13","光和-嘉義",20,0,20
"4960","5410國眾","110/07/13","元大-汐止",0,20,-20
"4961","5410國眾","110/07/13","凱基-竹北",17,0,17
"4962","5410國眾","110/07/13","亞東-新竹",0,17,-17
"4963","5410國眾","110/07/13","新光-桃園",15,0,15
"4964","5410國眾","110/07/13","元大-南勢角",0,13,-13
"4965","5410國眾","110/07/13","凱基-台東",14,0,14
"4966","5410國眾","110/07/13","台新-台南",0,12,-12
"4967","5410國眾","110/07/13","富邦-竹北",11,0,11
"4968","5410國眾","110/07/13","中國信託",0,11,-11
"4969","5410國眾","110/07/13","元富-同大",10,0,10
"4970","5410國眾","110/07/13","華南永昌",0,11,-11
"4971","5410國眾","110/07/13","國泰-敦南",24,15,9
"4972","5410國眾","110/07/13","臺銀-臺南",0,10,-10
"4973","5410國眾","110/07/13","日盛-內湖",7,0,7
"4974","5410國眾","110/07/13","台灣企銀-民雄",0,10,-10
"4975","5410國眾","110/07/13","台新-左楠",7,0,7
"4976","5410國眾","110/07/13","高橋",0,10,-10
"4977","5410國眾","110/07/13","元大-新盛",18,12,6
"4978","5410國眾","110/07/13","康和-嘉義",0,10,-10
"4979","5410國眾","110/07/13","統一",5,0,5
"4980","5410國眾","110/07/13","凱基-基隆",0,10,-10
"4981","2841台開","110/07/13","中國信託-高雄",251,50,201
"4982","2841台開","110/07/13","兆豐-公益",0,177,-177
"4983","2841台開","110/07/13","日盛證券",210,13,197
"4984","2841台開","110/07/13","日進",0,152,-152
"4985","2841台開","110/07/13","第一金-台中",55,0,55
"4986","2841台開","110/07/13","港商野村",0,109,-109
"4987","2841台開","110/07/13","國泰-板橋",46,0,46
"4988","2841台開","110/07/13","日盛-信義",0,103,-103
"4989","2841台開","110/07/13","國泰-館前",48,3,45
"4990","2841台開","110/07/13","國泰-敦南",11,75,-64
"4991","2841台開","110/07/13","華南永昌-新莊",45,0,45
"4992","2841台開","110/07/13","永興",0,50,-50
"4993","2841台開","110/07/13","日盛-園區",42,0,42
"4994","2841台開","110/07/13","永豐金-敦南",61,104,-43
"4995","2841台開","110/07/13","台新證券",32,0,32
"4996","2841台開","110/07/13","富邦-台南",0,42,-42
"4997","2841台開","110/07/13","台新-高雄",32,2,30
"4998","2841台開","110/07/13","國票-安和",0,30,-30
"4999","2841台開","110/07/13","豐農",23,0,23
"5000","2841台開","110/07/13","元大-桃園",0,25,-25
"5001","2841台開","110/07/13","合庫-嘉義",20,0,20
"5002","2841台開","110/07/13","新光",8,32,-24
"5003","2841台開","110/07/13","華南永昌-高雄",20,0,20
"5004","2841台開","110/07/13","元大-仁愛",0,24,-24
"5005","2841台開","110/07/13","元大-樹林",16,0,16
"5006","2841台開","110/07/13","日盛-中和",0,20,-20
"5007","2841台開","110/07/13","第一金-華江",15,2,13
"5008","2841台開","110/07/13","元富",0,20,-20
"5009","2841台開","110/07/13","美商高盛",12,0,12
"5010","2841台開","110/07/13","富邦-宜蘭",0,20,-20
"5011","6207雷科","110/07/13","元大-高雄",121,0,121
"5012","6207雷科","110/07/13","華南永昌-朴子",1,60,-59
"5013","6207雷科","110/07/13","第一金-新興",20,0,20
"5014","6207雷科","110/07/13","元大-南海",0,36,-36
"5015","6207雷科","110/07/13","元富-三重",20,0,20
"5016","6207雷科","110/07/13","凱基-土城",0,35,-35
"5017","6207雷科","110/07/13","元大-林園",15,0,15
"5018","6207雷科","110/07/13","台灣企銀",0,20,-20
"5019","6207雷科","110/07/13","元大-金華",16,1,15
"5020","6207雷科","110/07/13","群益金鼎-丹鳳",0,20,-20
"5021","6207雷科","110/07/13","日盛證券",10,0,10
"5022","6207雷科","110/07/13","元大-博愛",0,17,-17
"5023","6207雷科","110/07/13","統一-台中",10,0,10
"5024","6207雷科","110/07/13","元大-北港",0,13,-13
"5025","6207雷科","110/07/13","群益金鼎-土城",10,0,10
"5026","6207雷科","110/07/13","新加坡商瑞銀",0,12,-12
"5027","6207雷科","110/07/13","群益金鼎-桃園",10,0,10
"5028","6207雷科","110/07/13","凱基-台北",4,16,-12
"5029","6207雷科","110/07/13","永豐金-新莊",10,0,10
"5030","6207雷科","110/07/13","日茂-埔里",0,11,-11
"5031","6207雷科","110/07/13","永豐金-新店",10,0,10
"5032","6207雷科","110/07/13","元大-莒光",0,11,-11
"5033","6207雷科","110/07/13","元大證券",9,0,9
"5034","6207雷科","110/07/13","統一-新竹",0,10,-10
"5035","6207雷科","110/07/13","日盛-木柵",9,1,8
"5036","6207雷科","110/07/13","元大-西螺",0,10,-10
"5037","6207雷科","110/07/13","兆豐-來福",8,0,8
"5038","6207雷科","110/07/13","康和-台中",0,8,-8
"5039","6207雷科","110/07/13","新光",7,0,7
"5040","6207雷科","110/07/13","兆豐-高雄",0,6,-6
"5041","3679新至陞","110/07/13","永豐金證券",50,0,50
"5042","3679新至陞","110/07/13","摩根大通",2,25,-23
"5043","3679新至陞","110/07/13","國泰-桃園",22,0,22
"5044","3679新至陞","110/07/13","元大-成功",0,22,-22
"5045","3679新至陞","110/07/13","台中銀-員林",11,0,11
"5046","3679新至陞","110/07/13","富邦-板橋",1,19,-18
"5047","3679新至陞","110/07/13","元大-文心興安",8,0,8
"5048","3679新至陞","110/07/13","日盛-新莊",0,10,-10
"5049","3679新至陞","110/07/13","美商高盛",6,0,6
"5050","3679新至陞","110/07/13","台新-台中",0,10,-10
"5051","3679新至陞","110/07/13","台新-高雄",6,0,6
"5052","3679新至陞","110/07/13","永豐金-新竹",0,8,-8
"5053","3679新至陞","110/07/13","凱基-台北",18,12,6
"5054","3679新至陞","110/07/13","瑞士信貸",12,19,-7
"5055","3679新至陞","110/07/13","日盛-復興",5,0,5
"5056","3679新至陞","110/07/13","統一-南京",0,7,-7
"5057","3679新至陞","110/07/13","(牛牛牛)亞-鑫豐",4,0,4
"5058","3679新至陞","110/07/13","凱基-新莊",0,7,-7
"5059","3679新至陞","110/07/13","元富-大昌",3,0,3
"5060","3679新至陞","110/07/13","新加坡商瑞銀",0,6,-6
"5061","3679新至陞","110/07/13","富邦-台北",3,0,3
"5062","3679新至陞","110/07/13","合庫-自強",0,5,-5
"5063","3679新至陞","110/07/13","日盛-樹林",2,0,2
"5064","3679新至陞","110/07/13","富邦-桃園",0,5,-5
"5065","3679新至陞","110/07/13","宏遠-光隆",2,0,2
"5066","3679新至陞","110/07/13","永豐金-潮州",0,4,-4
"5067","3679新至陞","110/07/13","美林",3,1,2
"5068","3679新至陞","110/07/13","臺銀-臺南",0,3,-3
"5069","3679新至陞","110/07/13","第一金-中壢",2,0,2
"5070","3679新至陞","110/07/13","元大-六合",0,3,-3
"5071","2727王品","110/07/13","富邦-台北",43,3,40
"5072","2727王品","110/07/13","台灣摩根士丹利",15,97,-82
"5073","2727王品","110/07/13","元大-基隆孝二",40,0,40
"5074","2727王品","110/07/13","玉山-台南",5,57,-52
"5075","2727王品","110/07/13","國票-新莊",40,1,39
"5076","2727王品","110/07/13","新加坡商瑞銀",0,48,-48
"5077","2727王品","110/07/13","第一金-豐原",66,42,24
"5078","2727王品","110/07/13","凱基-台北",41,77,-36
"5079","2727王品","110/07/13","永豐金-大園",34,10,24
"5080","2727王品","110/07/13","永豐金-永康",0,22,-22
"5081","2727王品","110/07/13","元大-北屯",22,0,22
"5082","2727王品","110/07/13","統一-台中",2,22,-20
"5083","2727王品","110/07/13","元大-東蘆",26,7,19
"5084","2727王品","110/07/13","國泰-台中",21,39,-18
"5085","2727王品","110/07/13","永豐金-萬盛",13,1,12
"5086","2727王品","110/07/13","合庫-彰化",3,20,-17
"5087","2727王品","110/07/13","日盛-嘉義",11,0,11
"5088","2727王品","110/07/13","港商野村",13,30,-17
"5089","2727王品","110/07/13","日盛-八德",11,0,11
"5090","2727王品","110/07/13","元大-楊梅",1,16,-15
"5091","2727王品","110/07/13","統一-竹南",11,0,11
"5092","2727王品","110/07/13","凱基-高美館",2,15,-13
"5093","2727王品","110/07/13","日盛-士林",12,2,10
"5094","2727王品","110/07/13","美商高盛",2,14,-12
"5095","2727王品","110/07/13","統一-敦南",10,0,10
"5096","2727王品","110/07/13","統一-平鎮",1,13,-12
"5097","2727王品","110/07/13","中國信託",15,5,10
"5098","2727王品","110/07/13","兆豐-台中港",4,16,-12
"5099","2727王品","110/07/13","兆豐-竹北",13,3,10
"5100","2727王品","110/07/13","凱基-八德",1,13,-12
"5101","1570力肯","110/07/13","新光",115,11,104
"5102","1570力肯","110/07/13","元大-北三重",0,162,-162
"5103","1570力肯","110/07/13","群益金鼎-高雄",54,0,54
"5104","1570力肯","110/07/13","元大-大灣",0,25,-25
"5105","1570力肯","110/07/13","國票-新莊",22,0,22
"5106","1570力肯","110/07/13","永豐金-苓雅",0,22,-22
"5107","1570力肯","110/07/13","日盛-桃園",12,0,12
"5108","1570力肯","110/07/13","永豐金-永康",0,19,-19
"5109","1570力肯","110/07/13","元大-高雄",12,0,12
"5110","1570力肯","110/07/13","富邦-員林",0,15,-15
"5111","1570力肯","110/07/13","合庫-自強",11,0,11
"5112","1570力肯","110/07/13","凱基-台南",0,11,-11
"5113","1570力肯","110/07/13","摩根大通",26,15,11
"5114","1570力肯","110/07/13","日盛-竹北",0,10,-10
"5115","1570力肯","110/07/13","永豐金-中盛",11,0,11
"5116","1570力肯","110/07/13","國票-九鼎",0,10,-10
"5117","1570力肯","110/07/13","兆豐-台中港",10,0,10
"5118","1570力肯","110/07/13","凱基-桃園",0,10,-10
"5119","1570力肯","110/07/13","國泰-松江",9,0,9
"5120","1570力肯","110/07/13","凱基-新豐",0,10,-10
"5121","1570力肯","110/07/13","元大-新盛",9,0,9
"5122","1570力肯","110/07/13","元大-學甲",0,10,-10
"5123","1570力肯","110/07/13","元富-緯城",6,0,6
"5124","1570力肯","110/07/13","群益金鼎-東湖",1,10,-9
"5125","1570力肯","110/07/13","統一-三重",5,0,5
"5126","1570力肯","110/07/13","大昌",0,6,-6
"5127","1570力肯","110/07/13","元大-前金",5,0,5
"5128","1570力肯","110/07/13","元大-土城學府",0,6,-6
"5129","1570力肯","110/07/13","永豐金證券",5,0,5
"5130","1570力肯","110/07/13","統一",0,5,-5
"5131","6180橘子","110/07/13","摩根大通",119,0,119
"5132","6180橘子","110/07/13","元大-崇德",2,61,-59
"5133","6180橘子","110/07/13","美商高盛",96,0,96
"5134","6180橘子","110/07/13","康和-台中",0,51,-51
"5135","6180橘子","110/07/13","新加坡商瑞銀",86,7,79
"5136","6180橘子","110/07/13","康和-台北",0,50,-50
"5137","6180橘子","110/07/13","元大-和平",40,0,40
"5138","6180橘子","110/07/13","元富-潮州",0,40,-40
"5139","6180橘子","110/07/13","凱基-台北",83,47,36
"5140","6180橘子","110/07/13","日盛-永康",0,26,-26
"5141","6180橘子","110/07/13","美林",39,5,34
"5142","6180橘子","110/07/13","永豐金-中正",0,24,-24
"5143","6180橘子","110/07/13","富邦-新竹華信",31,2,29
"5144","6180橘子","110/07/13","國泰-板橋",2,25,-23
"5145","6180橘子","110/07/13","統一-南京",21,0,21
"5146","6180橘子","110/07/13","日盛-大墩",0,20,-20
"5147","6180橘子","110/07/13","富邦-陽明",24,3,21
"5148","6180橘子","110/07/13","元大-草屯",13,32,-19
"5149","6180橘子","110/07/13","大昌-樹林",21,1,20
"5150","6180橘子","110/07/13","元富-林園",1,18,-17
"5151","6180橘子","110/07/13","花旗環球",19,0,19
"5152","6180橘子","110/07/13","新光-新竹",1,18,-17
"5153","6180橘子","110/07/13","華南永昌-台南",19,0,19
"5154","6180橘子","110/07/13","元大-土城永寧",0,17,-17
"5155","6180橘子","110/07/13","福勝",14,0,14
"5156","6180橘子","110/07/13","國泰-新莊",3,19,-16
"5157","6180橘子","110/07/13","富邦-嘉義",12,1,11
"5158","6180橘子","110/07/13","中國信託-永康",6,21,-15
"5159","6180橘子","110/07/13","元大-板橋三民",11,0,11
"5160","6180橘子","110/07/13","凱基-東港",1,15,-14
"5161","2390云辰","110/07/13","新加坡商瑞銀",562,75,487
"5162","2390云辰","110/07/13","大展-台南",0,532,-532
"5163","2390云辰","110/07/13","台灣摩根士丹利",330,155,175
"5164","2390云辰","110/07/13","凱基-台北",668,854,-186
"5165","2390云辰","110/07/13","兆豐-公益",126,25,101
"5166","2390云辰","110/07/13","凱基-三重",12,172,-160
"5167","2390云辰","110/07/13","元富-中港",100,2,98
"5168","2390云辰","110/07/13","兆豐-忠孝",4,161,-157
"5169","2390云辰","110/07/13","統一-新台中",106,9,97
"5170","2390云辰","110/07/13","元大-士林",19,170,-151
"5171","2390云辰","110/07/13","中國信託-松江",81,11,70
"5172","2390云辰","110/07/13","臺銀-新竹",14,117,-103
"5173","2390云辰","110/07/13","日盛-板橋",72,3,69
"5174","2390云辰","110/07/13","國票-台中",4,102,-98
"5175","2390云辰","110/07/13","日盛-和美",57,0,57
"5176","2390云辰","110/07/13","新光",147,232,-85
"5177","2390云辰","110/07/13","永豐金-桃園",88,36,52
"5178","2390云辰","110/07/13","致和-崇德",2,70,-68
"5179","2390云辰","110/07/13","玉山-士林",54,4,50
"5180","2390云辰","110/07/13","群益金鼎-屏東",2,70,-68
"5181","2390云辰","110/07/13","富邦-仁愛",56,6,50
"5182","2390云辰","110/07/13","元大-大里",35,98,-63
"5183","2390云辰","110/07/13","第一金-豐原",50,1,49
"5184","2390云辰","110/07/13","元大-萬華",35,94,-59
"5185","2390云辰","110/07/13","摩根大通",502,453,49
"5186","2390云辰","110/07/13","元富-吉利",2,60,-58
"5187","2390云辰","110/07/13","凱基-松山",61,13,48
"5188","2390云辰","110/07/13","兆豐-新竹",3,53,-50
"5189","2390云辰","110/07/13","大昌",64,22,42
"5190","2390云辰","110/07/13","富邦-嘉義",65,108,-43
"5191","2363矽統","110/07/13","凱基-南崁",2133,63,2070
"5192","2363矽統","110/07/13","凱基-幸福",36,4048,-4012
"5193","2363矽統","110/07/13","國泰-敦南",2195,1617,578
"5194","2363矽統","110/07/13","統一",192,3325,-3133
"5195","2363矽統","110/07/13","中農",670,139,531
"5196","2363矽統","110/07/13","新加坡商瑞銀",1000,2747,-1747
"5197","2363矽統","110/07/13","康和-台中",638,154,484
"5198","2363矽統","110/07/13","凱基-台北",5359,6609,-1250
"5199","2363矽統","110/07/13","群益金鼎-三民",577,137,440
"5200","2363矽統","110/07/13","摩根大通",1930,2858,-928
"5201","2363矽統","110/07/13","台新-屏東",510,88,422
"5202","2363矽統","110/07/13","港商野村",960,1679,-719
"5203","2363矽統","110/07/13","德信-中正",455,67,388
"5204","2363矽統","110/07/13","兆豐-復興",25,705,-680
"5205","2363矽統","110/07/13","日盛-竹北",365,70,295
"5206","2363矽統","110/07/13","統一-仁愛",114,755,-641
"5207","2363矽統","110/07/13","元大-佳里",452,189,263
"5208","2363矽統","110/07/13","統一-敦南",29,638,-609
"5209","2363矽統","110/07/13","國票-博愛",296,38,258
"5210","2363矽統","110/07/13","統一-土城",100,704,-604
"5211","2363矽統","110/07/13","元大-萬華",340,95,245
"5212","2363矽統","110/07/13","統一-城中",116,676,-560
"5213","2363矽統","110/07/13","新光",1259,1031,228
"5214","2363矽統","110/07/13","永豐金證券",306,859,-553
"5215","2363矽統","110/07/13","元富-成功",323,96,227
"5216","2363矽統","110/07/13","元富",54,567,-513
"5217","2363矽統","110/07/13","豐農",228,23,205
"5218","2363矽統","110/07/13","瑞士信貸",202,666,-464
"5219","2363矽統","110/07/13","台灣企銀-岡山",186,4,182
"5220","2363矽統","110/07/13","永豐金-嘉義",67,468,-401
"5221","8112至上","110/07/13","摩根大通",688,296,392
"5222","8112至上","110/07/13","國票-中和",0,401,-401
"5223","8112至上","110/07/13","港商野村",344,145,199
"5224","8112至上","110/07/13","永豐金-板盛",0,205,-205
"5225","8112至上","110/07/13","兆豐-公益",195,5,190
"5226","8112至上","110/07/13","凱基-五股",43,155,-112
"5227","8112至上","110/07/13","台灣摩根士丹利",183,0,183
"5228","8112至上","110/07/13","凱基-市政",0,100,-100
"5229","8112至上","110/07/13","群益金鼎-敦南",153,2,151
"5230","8112至上","110/07/13","元大-大里德芳",1,92,-91
"5231","8112至上","110/07/13","臺銀-金山",146,26,120
"5232","8112至上","110/07/13","玉山-桃園",26,110,-84
"5233","8112至上","110/07/13","臺銀",133,19,114
"5234","8112至上","110/07/13","兆豐-天母",0,81,-81
"5235","8112至上","110/07/13","合庫-台中",115,6,109
"5236","8112至上","110/07/13","凱基-城中",3,84,-81
"5237","8112至上","110/07/13","亞東-板橋",134,26,108
"5238","8112至上","110/07/13","日盛-新莊",9,85,-76
"5239","8112至上","110/07/13","凱基-台北",414,326,88
"5240","8112至上","110/07/13","日盛-台中",2,64,-62
"5241","8112至上","110/07/13","新加坡商瑞銀",181,100,81
"5242","8112至上","110/07/13","日盛-中壢",3,64,-61
"5243","8112至上","110/07/13","國泰-敦南",108,31,77
"5244","8112至上","110/07/13","元大-台中",2,59,-57
"5245","8112至上","110/07/13","第一金-華江",77,4,73
"5246","8112至上","110/07/13","元大-雙和",7,64,-57
"5247","8112至上","110/07/13","永豐金-內湖",73,1,72
"5248","8112至上","110/07/13","元大-高雄",8,62,-54
"5249","8112至上","110/07/13","元大-永和",68,1,67
"5250","8112至上","110/07/13","元大-館前",2,55,-53
"5251","4903聯光通","110/07/13","台灣企銀-太平",56,0,56
"5252","4903聯光通","110/07/13","土銀",0,32,-32
"5253","4903聯光通","110/07/13","元富-新興",23,0,23
"5254","4903聯光通","110/07/13","元大-樹林",0,19,-19
"5255","4903聯光通","110/07/13","日盛-樹林",22,0,22
"5256","4903聯光通","110/07/13","凱基-士林",0,17,-17
"5257","4903聯光通","110/07/13","兆豐-天母",20,0,20
"5258","4903聯光通","110/07/13","國票-博愛",0,14,-14
"5259","4903聯光通","110/07/13","華南永昌-桃園",20,0,20
"5260","4903聯光通","110/07/13","元富",0,10,-10
"5261","4903聯光通","110/07/13","富邦-新店",10,0,10
"5262","4903聯光通","110/07/13","新光",0,10,-10
"5263","4903聯光通","110/07/13","新光-台中",5,0,5
"5264","4903聯光通","110/07/13","玉山-南京東路",0,10,-10
"5265","4903聯光通","110/07/13","華南永昌-台中",5,0,5
"5266","4903聯光通","110/07/13","富邦-陽明",0,10,-10
"5267","4903聯光通","110/07/13","元大-崇德",5,0,5
"5268","4903聯光通","110/07/13","元大-大甲",0,8,-8
"5269","4903聯光通","110/07/13","元大-草屯",5,0,5
"5270","4903聯光通","110/07/13","富邦-台中",0,7,-7
"5271","4903聯光通","110/07/13","元富-草屯",4,0,4
"5272","4903聯光通","110/07/13","凱基-中壢",0,6,-6
"5273","4903聯光通","110/07/13","元大-清水",4,0,4
"5274","4903聯光通","110/07/13","臺銀-民權",0,5,-5
"5275","4903聯光通","110/07/13","元大-東泰",4,0,4
"5276","4903聯光通","110/07/13","日盛-板橋",0,5,-5
"5277","4903聯光通","110/07/13","元大-佳里",2,0,2
"5278","4903聯光通","110/07/13","中國信託-忠孝",0,5,-5
"5279","4903聯光通","110/07/13","永豐金-板橋",2,0,2
"5280","4903聯光通","110/07/13","永豐金-鳳山",0,5,-5
"5281","2929淘帝","110/07/13","玉山-新竹",130,0,130
"5282","2929淘帝","110/07/13","美商高盛",0,177,-177
"5283","2929淘帝","110/07/13","臺銀-民權",60,0,60
"5284","2929淘帝","110/07/13","凱基-台北",6,80,-74
"5285","2929淘帝","110/07/13","新百王",31,0,31
"5286","2929淘帝","110/07/13","元富-大裕",0,49,-49
"5287","2929淘帝","110/07/13","日盛-園區",30,0,30
"5288","2929淘帝","110/07/13","國泰-館前",3,51,-48
"5289","2929淘帝","110/07/13","元大-南投",31,1,30
"5290","2929淘帝","110/07/13","凱基-中壢",0,41,-41
"5291","2929淘帝","110/07/13","兆豐-忠孝",28,0,28
"5292","2929淘帝","110/07/13","港商野村",21,55,-34
"5293","2929淘帝","110/07/13","元大-民生",28,0,28
"5294","2929淘帝","110/07/13","華南永昌-南京",2,34,-32
"5295","2929淘帝","110/07/13","合庫-高雄",27,0,27
"5296","2929淘帝","110/07/13","群益金鼎-土城",0,30,-30
"5297","2929淘帝","110/07/13","凱基-豐中",27,0,27
"5298","2929淘帝","110/07/13","富邦-南屯",0,22,-22
"5299","2929淘帝","110/07/13","新光",21,4,17
"5300","2929淘帝","110/07/13","第一金-豐原",0,20,-20
"5301","2929淘帝","110/07/13","元大-天母",17,0,17
"5302","2929淘帝","110/07/13","元大-屏南",6,26,-20
"5303","2929淘帝","110/07/13","永興",14,0,14
"5304","2929淘帝","110/07/13","永豐金-敦南",1,21,-20
"5305","2929淘帝","110/07/13","富邦-台北",12,0,12
"5306","2929淘帝","110/07/13","凱基-三重",2,21,-19
"5307","2929淘帝","110/07/13","元大-永和",12,0,12
"5308","2929淘帝","110/07/13","富邦-仁愛",7,25,-18
"5309","2929淘帝","110/07/13","國票-天祥",11,0,11
"5310","2929淘帝","110/07/13","元大-北投",0,16,-16
"5311","5410國眾","110/07/13","兆豐-城中",274,0,274
"5312","5410國眾","110/07/13","元富-嘉義",0,103,-103
"5313","5410國眾","110/07/13","新光",50,4,46
"5314","5410國眾","110/07/13","凱基-台北",0,50,-50
"5315","5410國眾","110/07/13","國泰-台中",26,0,26
"5316","5410國眾","110/07/13","瑞士信貸",0,31,-31
"5317","5410國眾","110/07/13","新加坡商瑞銀",22,0,22
"5318","5410國眾","110/07/13","台新-新莊",0,27,-27
"5319","5410國眾","110/07/13","光和-嘉義",20,0,20
"5320","5410國眾","110/07/13","元大-汐止",0,20,-20
"5321","5410國眾","110/07/13","凱基-竹北",17,0,17
"5322","5410國眾","110/07/13","亞東-新竹",0,17,-17
"5323","5410國眾","110/07/13","新光-桃園",15,0,15
"5324","5410國眾","110/07/13","元大-南勢角",0,13,-13
"5325","5410國眾","110/07/13","凱基-台東",14,0,14
"5326","5410國眾","110/07/13","台新-台南",0,12,-12
"5327","5410國眾","110/07/13","富邦-竹北",11,0,11
"5328","5410國眾","110/07/13","中國信託",0,11,-11
"5329","5410國眾","110/07/13","元富-同大",10,0,10
"5330","5410國眾","110/07/13","華南永昌",0,11,-11
"5331","5410國眾","110/07/13","國泰-敦南",24,15,9
"5332","5410國眾","110/07/13","臺銀-臺南",0,10,-10
"5333","5410國眾","110/07/13","日盛-內湖",7,0,7
"5334","5410國眾","110/07/13","台灣企銀-民雄",0,10,-10
"5335","5410國眾","110/07/13","台新-左楠",7,0,7
"5336","5410國眾","110/07/13","高橋",0,10,-10
"5337","5410國眾","110/07/13","元大-新盛",18,12,6
"5338","5410國眾","110/07/13","康和-嘉義",0,10,-10
"5339","5410國眾","110/07/13","統一",5,0,5
"5340","5410國眾","110/07/13","凱基-基隆",0,10,-10
"5341","2841台開","110/07/13","中國信託-高雄",251,50,201
"5342","2841台開","110/07/13","兆豐-公益",0,177,-177
"5343","2841台開","110/07/13","日盛證券",210,13,197
"5344","2841台開","110/07/13","日進",0,152,-152
"5345","2841台開","110/07/13","第一金-台中",55,0,55
"5346","2841台開","110/07/13","港商野村",0,109,-109
"5347","2841台開","110/07/13","國泰-板橋",46,0,46
"5348","2841台開","110/07/13","日盛-信義",0,103,-103
"5349","2841台開","110/07/13","國泰-館前",48,3,45
"5350","2841台開","110/07/13","國泰-敦南",11,75,-64
"5351","2841台開","110/07/13","華南永昌-新莊",45,0,45
"5352","2841台開","110/07/13","永興",0,50,-50
"5353","2841台開","110/07/13","日盛-園區",42,0,42
"5354","2841台開","110/07/13","永豐金-敦南",61,104,-43
"5355","2841台開","110/07/13","台新證券",32,0,32
"5356","2841台開","110/07/13","富邦-台南",0,42,-42
"5357","2841台開","110/07/13","台新-高雄",32,2,30
"5358","2841台開","110/07/13","國票-安和",0,30,-30
"5359","2841台開","110/07/13","豐農",23,0,23
"5360","2841台開","110/07/13","元大-桃園",0,25,-25
"5361","2841台開","110/07/13","合庫-嘉義",20,0,20
"5362","2841台開","110/07/13","新光",8,32,-24
"5363","2841台開","110/07/13","華南永昌-高雄",20,0,20
"5364","2841台開","110/07/13","元大-仁愛",0,24,-24
"5365","2841台開","110/07/13","元大-樹林",16,0,16
"5366","2841台開","110/07/13","日盛-中和",0,20,-20
"5367","2841台開","110/07/13","第一金-華江",15,2,13
"5368","2841台開","110/07/13","元富",0,20,-20
"5369","2841台開","110/07/13","美商高盛",12,0,12
"5370","2841台開","110/07/13","富邦-宜蘭",0,20,-20
"5371","6207雷科","110/07/13","元大-高雄",121,0,121
"5372","6207雷科","110/07/13","華南永昌-朴子",1,60,-59
"5373","6207雷科","110/07/13","第一金-新興",20,0,20
"5374","6207雷科","110/07/13","元大-南海",0,36,-36
"5375","6207雷科","110/07/13","元富-三重",20,0,20
"5376","6207雷科","110/07/13","凱基-土城",0,35,-35
"5377","6207雷科","110/07/13","元大-林園",15,0,15
"5378","6207雷科","110/07/13","台灣企銀",0,20,-20
"5379","6207雷科","110/07/13","元大-金華",16,1,15
"5380","6207雷科","110/07/13","群益金鼎-丹鳳",0,20,-20
"5381","6207雷科","110/07/13","日盛證券",10,0,10
"5382","6207雷科","110/07/13","元大-博愛",0,17,-17
"5383","6207雷科","110/07/13","統一-台中",10,0,10
"5384","6207雷科","110/07/13","元大-北港",0,13,-13
"5385","6207雷科","110/07/13","群益金鼎-土城",10,0,10
"5386","6207雷科","110/07/13","新加坡商瑞銀",0,12,-12
"5387","6207雷科","110/07/13","群益金鼎-桃園",10,0,10
"5388","6207雷科","110/07/13","凱基-台北",4,16,-12
"5389","6207雷科","110/07/13","永豐金-新莊",10,0,10
"5390","6207雷科","110/07/13","日茂-埔里",0,11,-11
"5391","6207雷科","110/07/13","永豐金-新店",10,0,10
"5392","6207雷科","110/07/13","元大-莒光",0,11,-11
"5393","6207雷科","110/07/13","元大證券",9,0,9
"5394","6207雷科","110/07/13","統一-新竹",0,10,-10
"5395","6207雷科","110/07/13","日盛-木柵",9,1,8
"5396","6207雷科","110/07/13","元大-西螺",0,10,-10
"5397","6207雷科","110/07/13","兆豐-來福",8,0,8
"5398","6207雷科","110/07/13","康和-台中",0,8,-8
"5399","6207雷科","110/07/13","新光",7,0,7
"5400","6207雷科","110/07/13","兆豐-高雄",0,6,-6
"5401","3679新至陞","110/07/13","永豐金證券",50,0,50
"5402","3679新至陞","110/07/13","摩根大通",2,25,-23
"5403","3679新至陞","110/07/13","國泰-桃園",22,0,22
"5404","3679新至陞","110/07/13","元大-成功",0,22,-22
"5405","3679新至陞","110/07/13","台中銀-員林",11,0,11
"5406","3679新至陞","110/07/13","富邦-板橋",1,19,-18
"5407","3679新至陞","110/07/13","元大-文心興安",8,0,8
"5408","3679新至陞","110/07/13","日盛-新莊",0,10,-10
"5409","3679新至陞","110/07/13","美商高盛",6,0,6
"5410","3679新至陞","110/07/13","台新-台中",0,10,-10
"5411","3679新至陞","110/07/13","台新-高雄",6,0,6
"5412","3679新至陞","110/07/13","永豐金-新竹",0,8,-8
"5413","3679新至陞","110/07/13","凱基-台北",18,12,6
"5414","3679新至陞","110/07/13","瑞士信貸",12,19,-7
"5415","3679新至陞","110/07/13","日盛-復興",5,0,5
"5416","3679新至陞","110/07/13","統一-南京",0,7,-7
"5417","3679新至陞","110/07/13","(牛牛牛)亞-鑫豐",4,0,4
"5418","3679新至陞","110/07/13","凱基-新莊",0,7,-7
"5419","3679新至陞","110/07/13","元富-大昌",3,0,3
"5420","3679新至陞","110/07/13","新加坡商瑞銀",0,6,-6
"5421","3679新至陞","110/07/13","富邦-台北",3,0,3
"5422","3679新至陞","110/07/13","合庫-自強",0,5,-5
"5423","3679新至陞","110/07/13","日盛-樹林",2,0,2
"5424","3679新至陞","110/07/13","富邦-桃園",0,5,-5
"5425","3679新至陞","110/07/13","宏遠-光隆",2,0,2
"5426","3679新至陞","110/07/13","永豐金-潮州",0,4,-4
"5427","3679新至陞","110/07/13","美林",3,1,2
"5428","3679新至陞","110/07/13","臺銀-臺南",0,3,-3
"5429","3679新至陞","110/07/13","第一金-中壢",2,0,2
"5430","3679新至陞","110/07/13","元大-六合",0,3,-3
"5431","2727王品","110/07/13","富邦-台北",43,3,40
"5432","2727王品","110/07/13","台灣摩根士丹利",15,97,-82
"5433","2727王品","110/07/13","元大-基隆孝二",40,0,40
"5434","2727王品","110/07/13","玉山-台南",5,57,-52
"5435","2727王品","110/07/13","國票-新莊",40,1,39
"5436","2727王品","110/07/13","新加坡商瑞銀",0,48,-48
"5437","2727王品","110/07/13","第一金-豐原",66,42,24
"5438","2727王品","110/07/13","凱基-台北",41,77,-36
"5439","2727王品","110/07/13","永豐金-大園",34,10,24
"5440","2727王品","110/07/13","永豐金-永康",0,22,-22
"5441","2727王品","110/07/13","元大-北屯",22,0,22
"5442","2727王品","110/07/13","統一-台中",2,22,-20
"5443","2727王品","110/07/13","元大-東蘆",26,7,19
"5444","2727王品","110/07/13","國泰-台中",21,39,-18
"5445","2727王品","110/07/13","永豐金-萬盛",13,1,12
"5446","2727王品","110/07/13","合庫-彰化",3,20,-17
"5447","2727王品","110/07/13","日盛-嘉義",11,0,11
"5448","2727王品","110/07/13","港商野村",13,30,-17
"5449","2727王品","110/07/13","日盛-八德",11,0,11
"5450","2727王品","110/07/13","元大-楊梅",1,16,-15
"5451","2727王品","110/07/13","統一-竹南",11,0,11
"5452","2727王品","110/07/13","凱基-高美館",2,15,-13
"5453","2727王品","110/07/13","日盛-士林",12,2,10
"5454","2727王品","110/07/13","美商高盛",2,14,-12
"5455","2727王品","110/07/13","統一-敦南",10,0,10
"5456","2727王品","110/07/13","統一-平鎮",1,13,-12
"5457","2727王品","110/07/13","中國信託",15,5,10
"5458","2727王品","110/07/13","兆豐-台中港",4,16,-12
"5459","2727王品","110/07/13","兆豐-竹北",13,3,10
"5460","2727王品","110/07/13","凱基-八德",1,13,-12
"5461","1570力肯","110/07/13","新光",115,11,104
"5462","1570力肯","110/07/13","元大-北三重",0,162,-162
"5463","1570力肯","110/07/13","群益金鼎-高雄",54,0,54
"5464","1570力肯","110/07/13","元大-大灣",0,25,-25
"5465","1570力肯","110/07/13","國票-新莊",22,0,22
"5466","1570力肯","110/07/13","永豐金-苓雅",0,22,-22
"5467","1570力肯","110/07/13","日盛-桃園",12,0,12
"5468","1570力肯","110/07/13","永豐金-永康",0,19,-19
"5469","1570力肯","110/07/13","元大-高雄",12,0,12
"5470","1570力肯","110/07/13","富邦-員林",0,15,-15
"5471","1570力肯","110/07/13","合庫-自強",11,0,11
"5472","1570力肯","110/07/13","凱基-台南",0,11,-11
"5473","1570力肯","110/07/13","摩根大通",26,15,11
"5474","1570力肯","110/07/13","日盛-竹北",0,10,-10
"5475","1570力肯","110/07/13","永豐金-中盛",11,0,11
"5476","1570力肯","110/07/13","國票-九鼎",0,10,-10
"5477","1570力肯","110/07/13","兆豐-台中港",10,0,10
"5478","1570力肯","110/07/13","凱基-桃園",0,10,-10
"5479","1570力肯","110/07/13","國泰-松江",9,0,9
"5480","1570力肯","110/07/13","凱基-新豐",0,10,-10
"5481","1570力肯","110/07/13","元大-新盛",9,0,9
"5482","1570力肯","110/07/13","元大-學甲",0,10,-10
"5483","1570力肯","110/07/13","元富-緯城",6,0,6
"5484","1570力肯","110/07/13","群益金鼎-東湖",1,10,-9
"5485","1570力肯","110/07/13","統一-三重",5,0,5
"5486","1570力肯","110/07/13","大昌",0,6,-6
"5487","1570力肯","110/07/13","元大-前金",5,0,5
"5488","1570力肯","110/07/13","元大-土城學府",0,6,-6
"5489","1570力肯","110/07/13","永豐金證券",5,0,5
"5490","1570力肯","110/07/13","統一",0,5,-5
"5491","6180橘子","110/07/13","摩根大通",119,0,119
"5492","6180橘子","110/07/13","元大-崇德",2,61,-59
"5493","6180橘子","110/07/13","美商高盛",96,0,96
"5494","6180橘子","110/07/13","康和-台中",0,51,-51
"5495","6180橘子","110/07/13","新加坡商瑞銀",86,7,79
"5496","6180橘子","110/07/13","康和-台北",0,50,-50
"5497","6180橘子","110/07/13","元大-和平",40,0,40
"5498","6180橘子","110/07/13","元富-潮州",0,40,-40
"5499","6180橘子","110/07/13","凱基-台北",83,47,36
"5500","6180橘子","110/07/13","日盛-永康",0,26,-26
"5501","6180橘子","110/07/13","美林",39,5,34
"5502","6180橘子","110/07/13","永豐金-中正",0,24,-24
"5503","6180橘子","110/07/13","富邦-新竹華信",31,2,29
"5504","6180橘子","110/07/13","國泰-板橋",2,25,-23
"5505","6180橘子","110/07/13","統一-南京",21,0,21
"5506","6180橘子","110/07/13","日盛-大墩",0,20,-20
"5507","6180橘子","110/07/13","富邦-陽明",24,3,21
"5508","6180橘子","110/07/13","元大-草屯",13,32,-19
"5509","6180橘子","110/07/13","大昌-樹林",21,1,20
"5510","6180橘子","110/07/13","元富-林園",1,18,-17
"5511","6180橘子","110/07/13","花旗環球",19,0,19
"5512","6180橘子","110/07/13","新光-新竹",1,18,-17
"5513","6180橘子","110/07/13","華南永昌-台南",19,0,19
"5514","6180橘子","110/07/13","元大-土城永寧",0,17,-17
"5515","6180橘子","110/07/13","福勝",14,0,14
"5516","6180橘子","110/07/13","國泰-新莊",3,19,-16
"5517","6180橘子","110/07/13","富邦-嘉義",12,1,11
"5518","6180橘子","110/07/13","中國信託-永康",6,21,-15
"5519","6180橘子","110/07/13","元大-板橋三民",11,0,11
"5520","6180橘子","110/07/13","凱基-東港",1,15,-14
"5521","2390云辰","110/07/13","新加坡商瑞銀",562,75,487
"5522","2390云辰","110/07/13","大展-台南",0,532,-532
"5523","2390云辰","110/07/13","台灣摩根士丹利",330,155,175
"5524","2390云辰","110/07/13","凱基-台北",668,854,-186
"5525","2390云辰","110/07/13","兆豐-公益",126,25,101
"5526","2390云辰","110/07/13","凱基-三重",12,172,-160
"5527","2390云辰","110/07/13","元富-中港",100,2,98
"5528","2390云辰","110/07/13","兆豐-忠孝",4,161,-157
"5529","2390云辰","110/07/13","統一-新台中",106,9,97
"5530","2390云辰","110/07/13","元大-士林",19,170,-151
"5531","2390云辰","110/07/13","中國信託-松江",81,11,70
"5532","2390云辰","110/07/13","臺銀-新竹",14,117,-103
"5533","2390云辰","110/07/13","日盛-板橋",72,3,69
"5534","2390云辰","110/07/13","國票-台中",4,102,-98
"5535","2390云辰","110/07/13","日盛-和美",57,0,57
"5536","2390云辰","110/07/13","新光",147,232,-85
"5537","2390云辰","110/07/13","永豐金-桃園",88,36,52
"5538","2390云辰","110/07/13","致和-崇德",2,70,-68
"5539","2390云辰","110/07/13","玉山-士林",54,4,50
"5540","2390云辰","110/07/13","群益金鼎-屏東",2,70,-68
"5541","2390云辰","110/07/13","富邦-仁愛",56,6,50
"5542","2390云辰","110/07/13","元大-大里",35,98,-63
"5543","2390云辰","110/07/13","第一金-豐原",50,1,49
"5544","2390云辰","110/07/13","元大-萬華",35,94,-59
"5545","2390云辰","110/07/13","摩根大通",502,453,49
"5546","2390云辰","110/07/13","元富-吉利",2,60,-58
"5547","2390云辰","110/07/13","凱基-松山",61,13,48
"5548","2390云辰","110/07/13","兆豐-新竹",3,53,-50
"5549","2390云辰","110/07/13","大昌",64,22,42
"5550","2390云辰","110/07/13","富邦-嘉義",65,108,-43
"5551","2363矽統","110/07/13","凱基-南崁",2133,63,2070
"5552","2363矽統","110/07/13","凱基-幸福",36,4048,-4012
"5553","2363矽統","110/07/13","國泰-敦南",2195,1617,578
"5554","2363矽統","110/07/13","統一",192,3325,-3133
"5555","2363矽統","110/07/13","中農",670,139,531
"5556","2363矽統","110/07/13","新加坡商瑞銀",1000,2747,-1747
"5557","2363矽統","110/07/13","康和-台中",638,154,484
"5558","2363矽統","110/07/13","凱基-台北",5359,6609,-1250
"5559","2363矽統","110/07/13","群益金鼎-三民",577,137,440
"5560","2363矽統","110/07/13","摩根大通",1930,2858,-928
"5561","2363矽統","110/07/13","台新-屏東",510,88,422
"5562","2363矽統","110/07/13","港商野村",960,1679,-719
"5563","2363矽統","110/07/13","德信-中正",455,67,388
"5564","2363矽統","110/07/13","兆豐-復興",25,705,-680
"5565","2363矽統","110/07/13","日盛-竹北",365,70,295
"5566","2363矽統","110/07/13","統一-仁愛",114,755,-641
"5567","2363矽統","110/07/13","元大-佳里",452,189,263
"5568","2363矽統","110/07/13","統一-敦南",29,638,-609
"5569","2363矽統","110/07/13","國票-博愛",296,38,258
"5570","2363矽統","110/07/13","統一-土城",100,704,-604
"5571","2363矽統","110/07/13","元大-萬華",340,95,245
"5572","2363矽統","110/07/13","統一-城中",116,676,-560
"5573","2363矽統","110/07/13","新光",1259,1031,228
"5574","2363矽統","110/07/13","永豐金證券",306,859,-553
"5575","2363矽統","110/07/13","元富-成功",323,96,227
"5576","2363矽統","110/07/13","元富",54,567,-513
"5577","2363矽統","110/07/13","豐農",228,23,205
"5578","2363矽統","110/07/13","瑞士信貸",202,666,-464
"5579","2363矽統","110/07/13","台灣企銀-岡山",186,4,182
"5580","2363矽統","110/07/13","永豐金-嘉義",67,468,-401
"5581","8112至上","110/07/13","摩根大通",688,296,392
"5582","8112至上","110/07/13","國票-中和",0,401,-401
"5583","8112至上","110/07/13","港商野村",344,145,199
"5584","8112至上","110/07/13","永豐金-板盛",0,205,-205
"5585","8112至上","110/07/13","兆豐-公益",195,5,190
"5586","8112至上","110/07/13","凱基-五股",43,155,-112
"5587","8112至上","110/07/13","台灣摩根士丹利",183,0,183
"5588","8112至上","110/07/13","凱基-市政",0,100,-100
"5589","8112至上","110/07/13","群益金鼎-敦南",153,2,151
"5590","8112至上","110/07/13","元大-大里德芳",1,92,-91
"5591","8112至上","110/07/13","臺銀-金山",146,26,120
"5592","8112至上","110/07/13","玉山-桃園",26,110,-84
"5593","8112至上","110/07/13","臺銀",133,19,114
"5594","8112至上","110/07/13","兆豐-天母",0,81,-81
"5595","8112至上","110/07/13","合庫-台中",115,6,109
"5596","8112至上","110/07/13","凱基-城中",3,84,-81
"5597","8112至上","110/07/13","亞東-板橋",134,26,108
"5598","8112至上","110/07/13","日盛-新莊",9,85,-76
"5599","8112至上","110/07/13","凱基-台北",414,326,88
"5600","8112至上","110/07/13","日盛-台中",2,64,-62
"5601","8112至上","110/07/13","新加坡商瑞銀",181,100,81
"5602","8112至上","110/07/13","日盛-中壢",3,64,-61
"5603","8112至上","110/07/13","國泰-敦南",108,31,77
"5604","8112至上","110/07/13","元大-台中",2,59,-57
"5605","8112至上","110/07/13","第一金-華江",77,4,73
"5606","8112至上","110/07/13","元大-雙和",7,64,-57
"5607","8112至上","110/07/13","永豐金-內湖",73,1,72
"5608","8112至上","110/07/13","元大-高雄",8,62,-54
"5609","8112至上","110/07/13","元大-永和",68,1,67
"5610","8112至上","110/07/13","元大-館前",2,55,-53
"5611","4903聯光通","110/07/13","台灣企銀-太平",56,0,56
"5612","4903聯光通","110/07/13","土銀",0,32,-32
"5613","4903聯光通","110/07/13","元富-新興",23,0,23
"5614","4903聯光通","110/07/13","元大-樹林",0,19,-19
"5615","4903聯光通","110/07/13","日盛-樹林",22,0,22
"5616","4903聯光通","110/07/13","凱基-士林",0,17,-17
"5617","4903聯光通","110/07/13","兆豐-天母",20,0,20
"5618","4903聯光通","110/07/13","國票-博愛",0,14,-14
"5619","4903聯光通","110/07/13","華南永昌-桃園",20,0,20
"5620","4903聯光通","110/07/13","元富",0,10,-10
"5621","4903聯光通","110/07/13","富邦-新店",10,0,10
"5622","4903聯光通","110/07/13","新光",0,10,-10
"5623","4903聯光通","110/07/13","新光-台中",5,0,5
"5624","4903聯光通","110/07/13","玉山-南京東路",0,10,-10
"5625","4903聯光通","110/07/13","華南永昌-台中",5,0,5
"5626","4903聯光通","110/07/13","富邦-陽明",0,10,-10
"5627","4903聯光通","110/07/13","元大-崇德",5,0,5
"5628","4903聯光通","110/07/13","元大-大甲",0,8,-8
"5629","4903聯光通","110/07/13","元大-草屯",5,0,5
"5630","4903聯光通","110/07/13","富邦-台中",0,7,-7
"5631","4903聯光通","110/07/13","元富-草屯",4,0,4
"5632","4903聯光通","110/07/13","凱基-中壢",0,6,-6
"5633","4903聯光通","110/07/13","元大-清水",4,0,4
"5634","4903聯光通","110/07/13","臺銀-民權",0,5,-5
"5635","4903聯光通","110/07/13","元大-東泰",4,0,4
"5636","4903聯光通","110/07/13","日盛-板橋",0,5,-5
"5637","4903聯光通","110/07/13","元大-佳里",2,0,2
"5638","4903聯光通","110/07/13","中國信託-忠孝",0,5,-5
"5639","4903聯光通","110/07/13","永豐金-板橋",2,0,2
"5640","4903聯光通","110/07/13","永豐金-鳳山",0,5,-5
"5641","2929淘帝","110/07/13","玉山-新竹",130,0,130
"5642","2929淘帝","110/07/13","美商高盛",0,177,-177
"5643","2929淘帝","110/07/13","臺銀-民權",60,0,60
"5644","2929淘帝","110/07/13","凱基-台北",6,80,-74
"5645","2929淘帝","110/07/13","新百王",31,0,31
"5646","2929淘帝","110/07/13","元富-大裕",0,49,-49
"5647","2929淘帝","110/07/13","日盛-園區",30,0,30
"5648","2929淘帝","110/07/13","國泰-館前",3,51,-48
"5649","2929淘帝","110/07/13","元大-南投",31,1,30
"5650","2929淘帝","110/07/13","凱基-中壢",0,41,-41
"5651","2929淘帝","110/07/13","兆豐-忠孝",28,0,28
"5652","2929淘帝","110/07/13","港商野村",21,55,-34
"5653","2929淘帝","110/07/13","元大-民生",28,0,28
"5654","2929淘帝","110/07/13","華南永昌-南京",2,34,-32
"5655","2929淘帝","110/07/13","合庫-高雄",27,0,27
"5656","2929淘帝","110/07/13","群益金鼎-土城",0,30,-30
"5657","2929淘帝","110/07/13","凱基-豐中",27,0,27
"5658","2929淘帝","110/07/13","富邦-南屯",0,22,-22
"5659","2929淘帝","110/07/13","新光",21,4,17
"5660","2929淘帝","110/07/13","第一金-豐原",0,20,-20
"5661","2929淘帝","110/07/13","元大-天母",17,0,17
"5662","2929淘帝","110/07/13","元大-屏南",6,26,-20
"5663","2929淘帝","110/07/13","永興",14,0,14
"5664","2929淘帝","110/07/13","永豐金-敦南",1,21,-20
"5665","2929淘帝","110/07/13","富邦-台北",12,0,12
"5666","2929淘帝","110/07/13","凱基-三重",2,21,-19
"5667","2929淘帝","110/07/13","元大-永和",12,0,12
"5668","2929淘帝","110/07/13","富邦-仁愛",7,25,-18
"5669","2929淘帝","110/07/13","國票-天祥",11,0,11
"5670","2929淘帝","110/07/13","元大-北投",0,16,-16
"5671","5410國眾","110/07/13","兆豐-城中",274,0,274
"5672","5410國眾","110/07/13","元富-嘉義",0,103,-103
"5673","5410國眾","110/07/13","新光",50,4,46
"5674","5410國眾","110/07/13","凱基-台北",0,50,-50
"5675","5410國眾","110/07/13","國泰-台中",26,0,26
"5676","5410國眾","110/07/13","瑞士信貸",0,31,-31
"5677","5410國眾","110/07/13","新加坡商瑞銀",22,0,22
"5678","5410國眾","110/07/13","台新-新莊",0,27,-27
"5679","5410國眾","110/07/13","光和-嘉義",20,0,20
"5680","5410國眾","110/07/13","元大-汐止",0,20,-20
"5681","5410國眾","110/07/13","凱基-竹北",17,0,17
"5682","5410國眾","110/07/13","亞東-新竹",0,17,-17
"5683","5410國眾","110/07/13","新光-桃園",15,0,15
"5684","5410國眾","110/07/13","元大-南勢角",0,13,-13
"5685","5410國眾","110/07/13","凱基-台東",14,0,14
"5686","5410國眾","110/07/13","台新-台南",0,12,-12
"5687","5410國眾","110/07/13","富邦-竹北",11,0,11
"5688","5410國眾","110/07/13","中國信託",0,11,-11
"5689","5410國眾","110/07/13","元富-同大",10,0,10
"5690","5410國眾","110/07/13","華南永昌",0,11,-11
"5691","5410國眾","110/07/13","國泰-敦南",24,15,9
"5692","5410國眾","110/07/13","臺銀-臺南",0,10,-10
"5693","5410國眾","110/07/13","日盛-內湖",7,0,7
"5694","5410國眾","110/07/13","台灣企銀-民雄",0,10,-10
"5695","5410國眾","110/07/13","台新-左楠",7,0,7
"5696","5410國眾","110/07/13","高橋",0,10,-10
"5697","5410國眾","110/07/13","元大-新盛",18,12,6
"5698","5410國眾","110/07/13","康和-嘉義",0,10,-10
"5699","5410國眾","110/07/13","統一",5,0,5
"5700","5410國眾","110/07/13","凱基-基隆",0,10,-10
"5701","2841台開","110/07/13","中國信託-高雄",251,50,201
"5702","2841台開","110/07/13","兆豐-公益",0,177,-177
"5703","2841台開","110/07/13","日盛證券",210,13,197
"5704","2841台開","110/07/13","日進",0,152,-152
"5705","2841台開","110/07/13","第一金-台中",55,0,55
"5706","2841台開","110/07/13","港商野村",0,109,-109
"5707","2841台開","110/07/13","國泰-板橋",46,0,46
"5708","2841台開","110/07/13","日盛-信義",0,103,-103
"5709","2841台開","110/07/13","國泰-館前",48,3,45
"5710","2841台開","110/07/13","國泰-敦南",11,75,-64
"5711","2841台開","110/07/13","華南永昌-新莊",45,0,45
"5712","2841台開","110/07/13","永興",0,50,-50
"5713","2841台開","110/07/13","日盛-園區",42,0,42
"5714","2841台開","110/07/13","永豐金-敦南",61,104,-43
"5715","2841台開","110/07/13","台新證券",32,0,32
"5716","2841台開","110/07/13","富邦-台南",0,42,-42
"5717","2841台開","110/07/13","台新-高雄",32,2,30
"5718","2841台開","110/07/13","國票-安和",0,30,-30
"5719","2841台開","110/07/13","豐農",23,0,23
"5720","2841台開","110/07/13","元大-桃園",0,25,-25
"5721","2841台開","110/07/13","合庫-嘉義",20,0,20
"5722","2841台開","110/07/13","新光",8,32,-24
"5723","2841台開","110/07/13","華南永昌-高雄",20,0,20
"5724","2841台開","110/07/13","元大-仁愛",0,24,-24
"5725","2841台開","110/07/13","元大-樹林",16,0,16
"5726","2841台開","110/07/13","日盛-中和",0,20,-20
"5727","2841台開","110/07/13","第一金-華江",15,2,13
"5728","2841台開","110/07/13","元富",0,20,-20
"5729","2841台開","110/07/13","美商高盛",12,0,12
"5730","2841台開","110/07/13","富邦-宜蘭",0,20,-20
"5731","6207雷科","110/07/13","元大-高雄",121,0,121
"5732","6207雷科","110/07/13","華南永昌-朴子",1,60,-59
"5733","6207雷科","110/07/13","第一金-新興",20,0,20
"5734","6207雷科","110/07/13","元大-南海",0,36,-36
"5735","6207雷科","110/07/13","元富-三重",20,0,20
"5736","6207雷科","110/07/13","凱基-土城",0,35,-35
"5737","6207雷科","110/07/13","元大-林園",15,0,15
"5738","6207雷科","110/07/13","台灣企銀",0,20,-20
"5739","6207雷科","110/07/13","元大-金華",16,1,15
"5740","6207雷科","110/07/13","群益金鼎-丹鳳",0,20,-20
"5741","6207雷科","110/07/13","日盛證券",10,0,10
"5742","6207雷科","110/07/13","元大-博愛",0,17,-17
"5743","6207雷科","110/07/13","統一-台中",10,0,10
"5744","6207雷科","110/07/13","元大-北港",0,13,-13
"5745","6207雷科","110/07/13","群益金鼎-土城",10,0,10
"5746","6207雷科","110/07/13","新加坡商瑞銀",0,12,-12
"5747","6207雷科","110/07/13","群益金鼎-桃園",10,0,10
"5748","6207雷科","110/07/13","凱基-台北",4,16,-12
"5749","6207雷科","110/07/13","永豐金-新莊",10,0,10
"5750","6207雷科","110/07/13","日茂-埔里",0,11,-11
"5751","6207雷科","110/07/13","永豐金-新店",10,0,10
"5752","6207雷科","110/07/13","元大-莒光",0,11,-11
"5753","6207雷科","110/07/13","元大證券",9,0,9
"5754","6207雷科","110/07/13","統一-新竹",0,10,-10
"5755","6207雷科","110/07/13","日盛-木柵",9,1,8
"5756","6207雷科","110/07/13","元大-西螺",0,10,-10
"5757","6207雷科","110/07/13","兆豐-來福",8,0,8
"5758","6207雷科","110/07/13","康和-台中",0,8,-8
"5759","6207雷科","110/07/13","新光",7,0,7
"5760","6207雷科","110/07/13","兆豐-高雄",0,6,-6
"5761","3679新至陞","110/07/13","永豐金證券",50,0,50
"5762","3679新至陞","110/07/13","摩根大通",2,25,-23
"5763","3679新至陞","110/07/13","國泰-桃園",22,0,22
"5764","3679新至陞","110/07/13","元大-成功",0,22,-22
"5765","3679新至陞","110/07/13","台中銀-員林",11,0,11
"5766","3679新至陞","110/07/13","富邦-板橋",1,19,-18
"5767","3679新至陞","110/07/13","元大-文心興安",8,0,8
"5768","3679新至陞","110/07/13","日盛-新莊",0,10,-10
"5769","3679新至陞","110/07/13","美商高盛",6,0,6
"5770","3679新至陞","110/07/13","台新-台中",0,10,-10
"5771","3679新至陞","110/07/13","台新-高雄",6,0,6
"5772","3679新至陞","110/07/13","永豐金-新竹",0,8,-8
"5773","3679新至陞","110/07/13","凱基-台北",18,12,6
"5774","3679新至陞","110/07/13","瑞士信貸",12,19,-7
"5775","3679新至陞","110/07/13","日盛-復興",5,0,5
"5776","3679新至陞","110/07/13","統一-南京",0,7,-7
"5777","3679新至陞","110/07/13","(牛牛牛)亞-鑫豐",4,0,4
"5778","3679新至陞","110/07/13","凱基-新莊",0,7,-7
"5779","3679新至陞","110/07/13","元富-大昌",3,0,3
"5780","3679新至陞","110/07/13","新加坡商瑞銀",0,6,-6
"5781","3679新至陞","110/07/13","富邦-台北",3,0,3
"5782","3679新至陞","110/07/13","合庫-自強",0,5,-5
"5783","3679新至陞","110/07/13","日盛-樹林",2,0,2
"5784","3679新至陞","110/07/13","富邦-桃園",0,5,-5
"5785","3679新至陞","110/07/13","宏遠-光隆",2,0,2
"5786","3679新至陞","110/07/13","永豐金-潮州",0,4,-4
"5787","3679新至陞","110/07/13","美林",3,1,2
"5788","3679新至陞","110/07/13","臺銀-臺南",0,3,-3
"5789","3679新至陞","110/07/13","第一金-中壢",2,0,2
"5790","3679新至陞","110/07/13","元大-六合",0,3,-3
"5791","2727王品","110/07/13","富邦-台北",43,3,40
"5792","2727王品","110/07/13","台灣摩根士丹利",15,97,-82
"5793","2727王品","110/07/13","元大-基隆孝二",40,0,40
"5794","2727王品","110/07/13","玉山-台南",5,57,-52
"5795","2727王品","110/07/13","國票-新莊",40,1,39
"5796","2727王品","110/07/13","新加坡商瑞銀",0,48,-48
"5797","2727王品","110/07/13","第一金-豐原",66,42,24
"5798","2727王品","110/07/13","凱基-台北",41,77,-36
"5799","2727王品","110/07/13","永豐金-大園",34,10,24
"5800","2727王品","110/07/13","永豐金-永康",0,22,-22
"5801","2727王品","110/07/13","元大-北屯",22,0,22
"5802","2727王品","110/07/13","統一-台中",2,22,-20
"5803","2727王品","110/07/13","元大-東蘆",26,7,19
"5804","2727王品","110/07/13","國泰-台中",21,39,-18
"5805","2727王品","110/07/13","永豐金-萬盛",13,1,12
"5806","2727王品","110/07/13","合庫-彰化",3,20,-17
"5807","2727王品","110/07/13","日盛-嘉義",11,0,11
"5808","2727王品","110/07/13","港商野村",13,30,-17
"5809","2727王品","110/07/13","日盛-八德",11,0,11
"5810","2727王品","110/07/13","元大-楊梅",1,16,-15
"5811","2727王品","110/07/13","統一-竹南",11,0,11
"5812","2727王品","110/07/13","凱基-高美館",2,15,-13
"5813","2727王品","110/07/13","日盛-士林",12,2,10
"5814","2727王品","110/07/13","美商高盛",2,14,-12
"5815","2727王品","110/07/13","統一-敦南",10,0,10
"5816","2727王品","110/07/13","統一-平鎮",1,13,-12
"5817","2727王品","110/07/13","中國信託",15,5,10
"5818","2727王品","110/07/13","兆豐-台中港",4,16,-12
"5819","2727王品","110/07/13","兆豐-竹北",13,3,10
"5820","2727王品","110/07/13","凱基-八德",1,13,-12
"5821","1570力肯","110/07/13","新光",115,11,104
"5822","1570力肯","110/07/13","元大-北三重",0,162,-162
"5823","1570力肯","110/07/13","群益金鼎-高雄",54,0,54
"5824","1570力肯","110/07/13","元大-大灣",0,25,-25
"5825","1570力肯","110/07/13","國票-新莊",22,0,22
"5826","1570力肯","110/07/13","永豐金-苓雅",0,22,-22
"5827","1570力肯","110/07/13","日盛-桃園",12,0,12
"5828","1570力肯","110/07/13","永豐金-永康",0,19,-19
"5829","1570力肯","110/07/13","元大-高雄",12,0,12
"5830","1570力肯","110/07/13","富邦-員林",0,15,-15
"5831","1570力肯","110/07/13","合庫-自強",11,0,11
"5832","1570力肯","110/07/13","凱基-台南",0,11,-11
"5833","1570力肯","110/07/13","摩根大通",26,15,11
"5834","1570力肯","110/07/13","日盛-竹北",0,10,-10
"5835","1570力肯","110/07/13","永豐金-中盛",11,0,11
"5836","1570力肯","110/07/13","國票-九鼎",0,10,-10
"5837","1570力肯","110/07/13","兆豐-台中港",10,0,10
"5838","1570力肯","110/07/13","凱基-桃園",0,10,-10
"5839","1570力肯","110/07/13","國泰-松江",9,0,9
"5840","1570力肯","110/07/13","凱基-新豐",0,10,-10
"5841","1570力肯","110/07/13","元大-新盛",9,0,9
"5842","1570力肯","110/07/13","元大-學甲",0,10,-10
"5843","1570力肯","110/07/13","元富-緯城",6,0,6
"5844","1570力肯","110/07/13","群益金鼎-東湖",1,10,-9
"5845","1570力肯","110/07/13","統一-三重",5,0,5
"5846","1570力肯","110/07/13","大昌",0,6,-6
"5847","1570力肯","110/07/13","元大-前金",5,0,5
"5848","1570力肯","110/07/13","元大-土城學府",0,6,-6
"5849","1570力肯","110/07/13","永豐金證券",5,0,5
"5850","1570力肯","110/07/13","統一",0,5,-5
"5851","6180橘子","110/07/13","摩根大通",119,0,119
"5852","6180橘子","110/07/13","元大-崇德",2,61,-59
"5853","6180橘子","110/07/13","美商高盛",96,0,96
"5854","6180橘子","110/07/13","康和-台中",0,51,-51
"5855","6180橘子","110/07/13","新加坡商瑞銀",86,7,79
"5856","6180橘子","110/07/13","康和-台北",0,50,-50
"5857","6180橘子","110/07/13","元大-和平",40,0,40
"5858","6180橘子","110/07/13","元富-潮州",0,40,-40
"5859","6180橘子","110/07/13","凱基-台北",83,47,36
"5860","6180橘子","110/07/13","日盛-永康",0,26,-26
"5861","6180橘子","110/07/13","美林",39,5,34
"5862","6180橘子","110/07/13","永豐金-中正",0,24,-24
"5863","6180橘子","110/07/13","富邦-新竹華信",31,2,29
"5864","6180橘子","110/07/13","國泰-板橋",2,25,-23
"5865","6180橘子","110/07/13","統一-南京",21,0,21
"5866","6180橘子","110/07/13","日盛-大墩",0,20,-20
"5867","6180橘子","110/07/13","富邦-陽明",24,3,21
"5868","6180橘子","110/07/13","元大-草屯",13,32,-19
"5869","6180橘子","110/07/13","大昌-樹林",21,1,20
"5870","6180橘子","110/07/13","元富-林園",1,18,-17
"5871","6180橘子","110/07/13","花旗環球",19,0,19
"5872","6180橘子","110/07/13","新光-新竹",1,18,-17
"5873","6180橘子","110/07/13","華南永昌-台南",19,0,19
"5874","6180橘子","110/07/13","元大-土城永寧",0,17,-17
"5875","6180橘子","110/07/13","福勝",14,0,14
"5876","6180橘子","110/07/13","國泰-新莊",3,19,-16
"5877","6180橘子","110/07/13","富邦-嘉義",12,1,11
"5878","6180橘子","110/07/13","中國信託-永康",6,21,-15
"5879","6180橘子","110/07/13","元大-板橋三民",11,0,11
"5880","6180橘子","110/07/13","凱基-東港",1,15,-14
"5881","2390云辰","110/07/13","新加坡商瑞銀",562,75,487
"5882","2390云辰","110/07/13","大展-台南",0,532,-532
"5883","2390云辰","110/07/13","台灣摩根士丹利",330,155,175
"5884","2390云辰","110/07/13","凱基-台北",668,854,-186
"5885","2390云辰","110/07/13","兆豐-公益",126,25,101
"5886","2390云辰","110/07/13","凱基-三重",12,172,-160
"5887","2390云辰","110/07/13","元富-中港",100,2,98
"5888","2390云辰","110/07/13","兆豐-忠孝",4,161,-157
"5889","2390云辰","110/07/13","統一-新台中",106,9,97
"5890","2390云辰","110/07/13","元大-士林",19,170,-151
"5891","2390云辰","110/07/13","中國信託-松江",81,11,70
"5892","2390云辰","110/07/13","臺銀-新竹",14,117,-103
"5893","2390云辰","110/07/13","日盛-板橋",72,3,69
"5894","2390云辰","110/07/13","國票-台中",4,102,-98
"5895","2390云辰","110/07/13","日盛-和美",57,0,57
"5896","2390云辰","110/07/13","新光",147,232,-85
"5897","2390云辰","110/07/13","永豐金-桃園",88,36,52
"5898","2390云辰","110/07/13","致和-崇德",2,70,-68
"5899","2390云辰","110/07/13","玉山-士林",54,4,50
"5900","2390云辰","110/07/13","群益金鼎-屏東",2,70,-68
"5901","2390云辰","110/07/13","富邦-仁愛",56,6,50
"5902","2390云辰","110/07/13","元大-大里",35,98,-63
"5903","2390云辰","110/07/13","第一金-豐原",50,1,49
"5904","2390云辰","110/07/13","元大-萬華",35,94,-59
"5905","2390云辰","110/07/13","摩根大通",502,453,49
"5906","2390云辰","110/07/13","元富-吉利",2,60,-58
"5907","2390云辰","110/07/13","凱基-松山",61,13,48
"5908","2390云辰","110/07/13","兆豐-新竹",3,53,-50
"5909","2390云辰","110/07/13","大昌",64,22,42
"5910","2390云辰","110/07/13","富邦-嘉義",65,108,-43
"5911","2363矽統","110/07/13","凱基-南崁",2133,63,2070
"5912","2363矽統","110/07/13","凱基-幸福",36,4048,-4012
"5913","2363矽統","110/07/13","國泰-敦南",2195,1617,578
"5914","2363矽統","110/07/13","統一",192,3325,-3133
"5915","2363矽統","110/07/13","中農",670,139,531
"5916","2363矽統","110/07/13","新加坡商瑞銀",1000,2747,-1747
"5917","2363矽統","110/07/13","康和-台中",638,154,484
"5918","2363矽統","110/07/13","凱基-台北",5359,6609,-1250
"5919","2363矽統","110/07/13","群益金鼎-三民",577,137,440
"5920","2363矽統","110/07/13","摩根大通",1930,2858,-928
"5921","2363矽統","110/07/13","台新-屏東",510,88,422
"5922","2363矽統","110/07/13","港商野村",960,1679,-719
"5923","2363矽統","110/07/13","德信-中正",455,67,388
"5924","2363矽統","110/07/13","兆豐-復興",25,705,-680
"5925","2363矽統","110/07/13","日盛-竹北",365,70,295
"5926","2363矽統","110/07/13","統一-仁愛",114,755,-641
"5927","2363矽統","110/07/13","元大-佳里",452,189,263
"5928","2363矽統","110/07/13","統一-敦南",29,638,-609
"5929","2363矽統","110/07/13","國票-博愛",296,38,258
"5930","2363矽統","110/07/13","統一-土城",100,704,-604
"5931","2363矽統","110/07/13","元大-萬華",340,95,245
"5932","2363矽統","110/07/13","統一-城中",116,676,-560
"5933","2363矽統","110/07/13","新光",1259,1031,228
"5934","2363矽統","110/07/13","永豐金證券",306,859,-553
"5935","2363矽統","110/07/13","元富-成功",323,96,227
"5936","2363矽統","110/07/13","元富",54,567,-513
"5937","2363矽統","110/07/13","豐農",228,23,205
"5938","2363矽統","110/07/13","瑞士信貸",202,666,-464
"5939","2363矽統","110/07/13","台灣企銀-岡山",186,4,182
"5940","2363矽統","110/07/13","永豐金-嘉義",67,468,-401
"5941","8112至上","110/07/13","摩根大通",688,296,392
"5942","8112至上","110/07/13","國票-中和",0,401,-401
"5943","8112至上","110/07/13","港商野村",344,145,199
"5944","8112至上","110/07/13","永豐金-板盛",0,205,-205
"5945","8112至上","110/07/13","兆豐-公益",195,5,190
"5946","8112至上","110/07/13","凱基-五股",43,155,-112
"5947","8112至上","110/07/13","台灣摩根士丹利",183,0,183
"5948","8112至上","110/07/13","凱基-市政",0,100,-100
"5949","8112至上","110/07/13","群益金鼎-敦南",153,2,151
"5950","8112至上","110/07/13","元大-大里德芳",1,92,-91
"5951","8112至上","110/07/13","臺銀-金山",146,26,120
"5952","8112至上","110/07/13","玉山-桃園",26,110,-84
"5953","8112至上","110/07/13","臺銀",133,19,114
"5954","8112至上","110/07/13","兆豐-天母",0,81,-81
"5955","8112至上","110/07/13","合庫-台中",115,6,109
"5956","8112至上","110/07/13","凱基-城中",3,84,-81
"5957","8112至上","110/07/13","亞東-板橋",134,26,108
"5958","8112至上","110/07/13","日盛-新莊",9,85,-76
"5959","8112至上","110/07/13","凱基-台北",414,326,88
"5960","8112至上","110/07/13","日盛-台中",2,64,-62
"5961","8112至上","110/07/13","新加坡商瑞銀",181,100,81
"5962","8112至上","110/07/13","日盛-中壢",3,64,-61
"5963","8112至上","110/07/13","國泰-敦南",108,31,77
"5964","8112至上","110/07/13","元大-台中",2,59,-57
"5965","8112至上","110/07/13","第一金-華江",77,4,73
"5966","8112至上","110/07/13","元大-雙和",7,64,-57
"5967","8112至上","110/07/13","永豐金-內湖",73,1,72
"5968","8112至上","110/07/13","元大-高雄",8,62,-54
"5969","8112至上","110/07/13","元大-永和",68,1,67
"5970","8112至上","110/07/13","元大-館前",2,55,-53
"5971","4903聯光通","110/07/13","台灣企銀-太平",56,0,56
"5972","4903聯光通","110/07/13","土銀",0,32,-32
"5973","4903聯光通","110/07/13","元富-新興",23,0,23
"5974","4903聯光通","110/07/13","元大-樹林",0,19,-19
"5975","4903聯光通","110/07/13","日盛-樹林",22,0,22
"5976","4903聯光通","110/07/13","凱基-士林",0,17,-17
"5977","4903聯光通","110/07/13","兆豐-天母",20,0,20
"5978","4903聯光通","110/07/13","國票-博愛",0,14,-14
"5979","4903聯光通","110/07/13","華南永昌-桃園",20,0,20
"5980","4903聯光通","110/07/13","元富",0,10,-10
"5981","4903聯光通","110/07/13","富邦-新店",10,0,10
"5982","4903聯光通","110/07/13","新光",0,10,-10
"5983","4903聯光通","110/07/13","新光-台中",5,0,5
"5984","4903聯光通","110/07/13","玉山-南京東路",0,10,-10
"5985","4903聯光通","110/07/13","華南永昌-台中",5,0,5
"5986","4903聯光通","110/07/13","富邦-陽明",0,10,-10
"5987","4903聯光通","110/07/13","元大-崇德",5,0,5
"5988","4903聯光通","110/07/13","元大-大甲",0,8,-8
"5989","4903聯光通","110/07/13","元大-草屯",5,0,5
"5990","4903聯光通","110/07/13","富邦-台中",0,7,-7
"5991","4903聯光通","110/07/13","元富-草屯",4,0,4
"5992","4903聯光通","110/07/13","凱基-中壢",0,6,-6
"5993","4903聯光通","110/07/13","元大-清水",4,0,4
"5994","4903聯光通","110/07/13","臺銀-民權",0,5,-5
"5995","4903聯光通","110/07/13","元大-東泰",4,0,4
"5996","4903聯光通","110/07/13","日盛-板橋",0,5,-5
"5997","4903聯光通","110/07/13","元大-佳里",2,0,2
"5998","4903聯光通","110/07/13","中國信託-忠孝",0,5,-5
"5999","4903聯光通","110/07/13","永豐金-板橋",2,0,2
"6000","4903聯光通","110/07/13","永豐金-鳳山",0,5,-5
"6001","2929淘帝","110/07/13","玉山-新竹",130,0,130
"6002","2929淘帝","110/07/13","美商高盛",0,177,-177
"6003","2929淘帝","110/07/13","臺銀-民權",60,0,60
"6004","2929淘帝","110/07/13","凱基-台北",6,80,-74
"6005","2929淘帝","110/07/13","新百王",31,0,31
"6006","2929淘帝","110/07/13","元富-大裕",0,49,-49
"6007","2929淘帝","110/07/13","日盛-園區",30,0,30
"6008","2929淘帝","110/07/13","國泰-館前",3,51,-48
"6009","2929淘帝","110/07/13","元大-南投",31,1,30
"6010","2929淘帝","110/07/13","凱基-中壢",0,41,-41
"6011","2929淘帝","110/07/13","兆豐-忠孝",28,0,28
"6012","2929淘帝","110/07/13","港商野村",21,55,-34
"6013","2929淘帝","110/07/13","元大-民生",28,0,28
"6014","2929淘帝","110/07/13","華南永昌-南京",2,34,-32
"6015","2929淘帝","110/07/13","合庫-高雄",27,0,27
"6016","2929淘帝","110/07/13","群益金鼎-土城",0,30,-30
"6017","2929淘帝","110/07/13","凱基-豐中",27,0,27
"6018","2929淘帝","110/07/13","富邦-南屯",0,22,-22
"6019","2929淘帝","110/07/13","新光",21,4,17
"6020","2929淘帝","110/07/13","第一金-豐原",0,20,-20
"6021","2929淘帝","110/07/13","元大-天母",17,0,17
"6022","2929淘帝","110/07/13","元大-屏南",6,26,-20
"6023","2929淘帝","110/07/13","永興",14,0,14
"6024","2929淘帝","110/07/13","永豐金-敦南",1,21,-20
"6025","2929淘帝","110/07/13","富邦-台北",12,0,12
"6026","2929淘帝","110/07/13","凱基-三重",2,21,-19
"6027","2929淘帝","110/07/13","元大-永和",12,0,12
"6028","2929淘帝","110/07/13","富邦-仁愛",7,25,-18
"6029","2929淘帝","110/07/13","國票-天祥",11,0,11
"6030","2929淘帝","110/07/13","元大-北投",0,16,-16
"6031","5410國眾","110/07/13","兆豐-城中",274,0,274
"6032","5410國眾","110/07/13","元富-嘉義",0,103,-103
"6033","5410國眾","110/07/13","新光",50,4,46
"6034","5410國眾","110/07/13","凱基-台北",0,50,-50
"6035","5410國眾","110/07/13","國泰-台中",26,0,26
"6036","5410國眾","110/07/13","瑞士信貸",0,31,-31
"6037","5410國眾","110/07/13","新加坡商瑞銀",22,0,22
"6038","5410國眾","110/07/13","台新-新莊",0,27,-27
"6039","5410國眾","110/07/13","光和-嘉義",20,0,20
"6040","5410國眾","110/07/13","元大-汐止",0,20,-20
"6041","5410國眾","110/07/13","凱基-竹北",17,0,17
"6042","5410國眾","110/07/13","亞東-新竹",0,17,-17
"6043","5410國眾","110/07/13","新光-桃園",15,0,15
"6044","5410國眾","110/07/13","元大-南勢角",0,13,-13
"6045","5410國眾","110/07/13","凱基-台東",14,0,14
"6046","5410國眾","110/07/13","台新-台南",0,12,-12
"6047","5410國眾","110/07/13","富邦-竹北",11,0,11
"6048","5410國眾","110/07/13","中國信託",0,11,-11
"6049","5410國眾","110/07/13","元富-同大",10,0,10
"6050","5410國眾","110/07/13","華南永昌",0,11,-11
"6051","5410國眾","110/07/13","國泰-敦南",24,15,9
"6052","5410國眾","110/07/13","臺銀-臺南",0,10,-10
"6053","5410國眾","110/07/13","日盛-內湖",7,0,7
"6054","5410國眾","110/07/13","台灣企銀-民雄",0,10,-10
"6055","5410國眾","110/07/13","台新-左楠",7,0,7
"6056","5410國眾","110/07/13","高橋",0,10,-10
"6057","5410國眾","110/07/13","元大-新盛",18,12,6
"6058","5410國眾","110/07/13","康和-嘉義",0,10,-10
"6059","5410國眾","110/07/13","統一",5,0,5
"6060","5410國眾","110/07/13","凱基-基隆",0,10,-10
"6061","2841台開","110/07/13","中國信託-高雄",251,50,201
"6062","2841台開","110/07/13","兆豐-公益",0,177,-177
"6063","2841台開","110/07/13","日盛證券",210,13,197
"6064","2841台開","110/07/13","日進",0,152,-152
"6065","2841台開","110/07/13","第一金-台中",55,0,55
"6066","2841台開","110/07/13","港商野村",0,109,-109
"6067","2841台開","110/07/13","國泰-板橋",46,0,46
"6068","2841台開","110/07/13","日盛-信義",0,103,-103
"6069","2841台開","110/07/13","國泰-館前",48,3,45
"6070","2841台開","110/07/13","國泰-敦南",11,75,-64
"6071","2841台開","110/07/13","華南永昌-新莊",45,0,45
"6072","2841台開","110/07/13","永興",0,50,-50
"6073","2841台開","110/07/13","日盛-園區",42,0,42
"6074","2841台開","110/07/13","永豐金-敦南",61,104,-43
"6075","2841台開","110/07/13","台新證券",32,0,32
"6076","2841台開","110/07/13","富邦-台南",0,42,-42
"6077","2841台開","110/07/13","台新-高雄",32,2,30
"6078","2841台開","110/07/13","國票-安和",0,30,-30
"6079","2841台開","110/07/13","豐農",23,0,23
"6080","2841台開","110/07/13","元大-桃園",0,25,-25
"6081","2841台開","110/07/13","合庫-嘉義",20,0,20
"6082","2841台開","110/07/13","新光",8,32,-24
"6083","2841台開","110/07/13","華南永昌-高雄",20,0,20
"6084","2841台開","110/07/13","元大-仁愛",0,24,-24
"6085","2841台開","110/07/13","元大-樹林",16,0,16
"6086","2841台開","110/07/13","日盛-中和",0,20,-20
"6087","2841台開","110/07/13","第一金-華江",15,2,13
"6088","2841台開","110/07/13","元富",0,20,-20
"6089","2841台開","110/07/13","美商高盛",12,0,12
"6090","2841台開","110/07/13","富邦-宜蘭",0,20,-20
"6091","6207雷科","110/07/13","元大-高雄",121,0,121
"6092","6207雷科","110/07/13","華南永昌-朴子",1,60,-59
"6093","6207雷科","110/07/13","第一金-新興",20,0,20
"6094","6207雷科","110/07/13","元大-南海",0,36,-36
"6095","6207雷科","110/07/13","元富-三重",20,0,20
"6096","6207雷科","110/07/13","凱基-土城",0,35,-35
"6097","6207雷科","110/07/13","元大-林園",15,0,15
"6098","6207雷科","110/07/13","台灣企銀",0,20,-20
"6099","6207雷科","110/07/13","元大-金華",16,1,15
"6100","6207雷科","110/07/13","群益金鼎-丹鳳",0,20,-20
"6101","6207雷科","110/07/13","日盛證券",10,0,10
"6102","6207雷科","110/07/13","元大-博愛",0,17,-17
"6103","6207雷科","110/07/13","統一-台中",10,0,10
"6104","6207雷科","110/07/13","元大-北港",0,13,-13
"6105","6207雷科","110/07/13","群益金鼎-土城",10,0,10
"6106","6207雷科","110/07/13","新加坡商瑞銀",0,12,-12
"6107","6207雷科","110/07/13","群益金鼎-桃園",10,0,10
"6108","6207雷科","110/07/13","凱基-台北",4,16,-12
"6109","6207雷科","110/07/13","永豐金-新莊",10,0,10
"6110","6207雷科","110/07/13","日茂-埔里",0,11,-11
"6111","6207雷科","110/07/13","永豐金-新店",10,0,10
"6112","6207雷科","110/07/13","元大-莒光",0,11,-11
"6113","6207雷科","110/07/13","元大證券",9,0,9
"6114","6207雷科","110/07/13","統一-新竹",0,10,-10
"6115","6207雷科","110/07/13","日盛-木柵",9,1,8
"6116","6207雷科","110/07/13","元大-西螺",0,10,-10
"6117","6207雷科","110/07/13","兆豐-來福",8,0,8
"6118","6207雷科","110/07/13","康和-台中",0,8,-8
"6119","6207雷科","110/07/13","新光",7,0,7
"6120","6207雷科","110/07/13","兆豐-高雄",0,6,-6
"6121","3679新至陞","110/07/13","永豐金證券",50,0,50
"6122","3679新至陞","110/07/13","摩根大通",2,25,-23
"6123","3679新至陞","110/07/13","國泰-桃園",22,0,22
"6124","3679新至陞","110/07/13","元大-成功",0,22,-22
"6125","3679新至陞","110/07/13","台中銀-員林",11,0,11
"6126","3679新至陞","110/07/13","富邦-板橋",1,19,-18
"6127","3679新至陞","110/07/13","元大-文心興安",8,0,8
"6128","3679新至陞","110/07/13","日盛-新莊",0,10,-10
"6129","3679新至陞","110/07/13","美商高盛",6,0,6
"6130","3679新至陞","110/07/13","台新-台中",0,10,-10
"6131","3679新至陞","110/07/13","台新-高雄",6,0,6
"6132","3679新至陞","110/07/13","永豐金-新竹",0,8,-8
"6133","3679新至陞","110/07/13","凱基-台北",18,12,6
"6134","3679新至陞","110/07/13","瑞士信貸",12,19,-7
"6135","3679新至陞","110/07/13","日盛-復興",5,0,5
"6136","3679新至陞","110/07/13","統一-南京",0,7,-7
"6137","3679新至陞","110/07/13","(牛牛牛)亞-鑫豐",4,0,4
"6138","3679新至陞","110/07/13","凱基-新莊",0,7,-7
"6139","3679新至陞","110/07/13","元富-大昌",3,0,3
"6140","3679新至陞","110/07/13","新加坡商瑞銀",0,6,-6
"6141","3679新至陞","110/07/13","富邦-台北",3,0,3
"6142","3679新至陞","110/07/13","合庫-自強",0,5,-5
"6143","3679新至陞","110/07/13","日盛-樹林",2,0,2
"6144","3679新至陞","110/07/13","富邦-桃園",0,5,-5
"6145","3679新至陞","110/07/13","宏遠-光隆",2,0,2
"6146","3679新至陞","110/07/13","永豐金-潮州",0,4,-4
"6147","3679新至陞","110/07/13","美林",3,1,2
"6148","3679新至陞","110/07/13","臺銀-臺南",0,3,-3
"6149","3679新至陞","110/07/13","第一金-中壢",2,0,2
"6150","3679新至陞","110/07/13","元大-六合",0,3,-3
"6151","2727王品","110/07/13","富邦-台北",43,3,40
"6152","2727王品","110/07/13","台灣摩根士丹利",15,97,-82
"6153","2727王品","110/07/13","元大-基隆孝二",40,0,40
"6154","2727王品","110/07/13","玉山-台南",5,57,-52
"6155","2727王品","110/07/13","國票-新莊",40,1,39
"6156","2727王品","110/07/13","新加坡商瑞銀",0,48,-48
"6157","2727王品","110/07/13","第一金-豐原",66,42,24
"6158","2727王品","110/07/13","凱基-台北",41,77,-36
"6159","2727王品","110/07/13","永豐金-大園",34,10,24
"6160","2727王品","110/07/13","永豐金-永康",0,22,-22
"6161","2727王品","110/07/13","元大-北屯",22,0,22
"6162","2727王品","110/07/13","統一-台中",2,22,-20
"6163","2727王品","110/07/13","元大-東蘆",26,7,19
"6164","2727王品","110/07/13","國泰-台中",21,39,-18
"6165","2727王品","110/07/13","永豐金-萬盛",13,1,12
"6166","2727王品","110/07/13","合庫-彰化",3,20,-17
"6167","2727王品","110/07/13","日盛-嘉義",11,0,11
"6168","2727王品","110/07/13","港商野村",13,30,-17
"6169","2727王品","110/07/13","日盛-八德",11,0,11
"6170","2727王品","110/07/13","元大-楊梅",1,16,-15
"6171","2727王品","110/07/13","統一-竹南",11,0,11
"6172","2727王品","110/07/13","凱基-高美館",2,15,-13
"6173","2727王品","110/07/13","日盛-士林",12,2,10
"6174","2727王品","110/07/13","美商高盛",2,14,-12
"6175","2727王品","110/07/13","統一-敦南",10,0,10
"6176","2727王品","110/07/13","統一-平鎮",1,13,-12
"6177","2727王品","110/07/13","中國信託",15,5,10
"6178","2727王品","110/07/13","兆豐-台中港",4,16,-12
"6179","2727王品","110/07/13","兆豐-竹北",13,3,10
"6180","2727王品","110/07/13","凱基-八德",1,13,-12
"6181","1570力肯","110/07/13","新光",115,11,104
"6182","1570力肯","110/07/13","元大-北三重",0,162,-162
"6183","1570力肯","110/07/13","群益金鼎-高雄",54,0,54
"6184","1570力肯","110/07/13","元大-大灣",0,25,-25
"6185","1570力肯","110/07/13","國票-新莊",22,0,22
"6186","1570力肯","110/07/13","永豐金-苓雅",0,22,-22
"6187","1570力肯","110/07/13","日盛-桃園",12,0,12
"6188","1570力肯","110/07/13","永豐金-永康",0,19,-19
"6189","1570力肯","110/07/13","元大-高雄",12,0,12
"6190","1570力肯","110/07/13","富邦-員林",0,15,-15
"6191","1570力肯","110/07/13","合庫-自強",11,0,11
"6192","1570力肯","110/07/13","凱基-台南",0,11,-11
"6193","1570力肯","110/07/13","摩根大通",26,15,11
"6194","1570力肯","110/07/13","日盛-竹北",0,10,-10
"6195","1570力肯","110/07/13","永豐金-中盛",11,0,11
"6196","1570力肯","110/07/13","國票-九鼎",0,10,-10
"6197","1570力肯","110/07/13","兆豐-台中港",10,0,10
"6198","1570力肯","110/07/13","凱基-桃園",0,10,-10
"6199","1570力肯","110/07/13","國泰-松江",9,0,9
"6200","1570力肯","110/07/13","凱基-新豐",0,10,-10
"6201","1570力肯","110/07/13","元大-新盛",9,0,9
"6202","1570力肯","110/07/13","元大-學甲",0,10,-10
"6203","1570力肯","110/07/13","元富-緯城",6,0,6
"6204","1570力肯","110/07/13","群益金鼎-東湖",1,10,-9
"6205","1570力肯","110/07/13","統一-三重",5,0,5
"6206","1570力肯","110/07/13","大昌",0,6,-6
"6207","1570力肯","110/07/13","元大-前金",5,0,5
"6208","1570力肯","110/07/13","元大-土城學府",0,6,-6
"6209","1570力肯","110/07/13","永豐金證券",5,0,5
"6210","1570力肯","110/07/13","統一",0,5,-5
"6211","6180橘子","110/07/13","摩根大通",119,0,119
"6212","6180橘子","110/07/13","元大-崇德",2,61,-59
"6213","6180橘子","110/07/13","美商高盛",96,0,96
"6214","6180橘子","110/07/13","康和-台中",0,51,-51
"6215","6180橘子","110/07/13","新加坡商瑞銀",86,7,79
"6216","6180橘子","110/07/13","康和-台北",0,50,-50
"6217","6180橘子","110/07/13","元大-和平",40,0,40
"6218","6180橘子","110/07/13","元富-潮州",0,40,-40
"6219","6180橘子","110/07/13","凱基-台北",83,47,36
"6220","6180橘子","110/07/13","日盛-永康",0,26,-26
"6221","6180橘子","110/07/13","美林",39,5,34
"6222","6180橘子","110/07/13","永豐金-中正",0,24,-24
"6223","6180橘子","110/07/13","富邦-新竹華信",31,2,29
"6224","6180橘子","110/07/13","國泰-板橋",2,25,-23
"6225","6180橘子","110/07/13","統一-南京",21,0,21
"6226","6180橘子","110/07/13","日盛-大墩",0,20,-20
"6227","6180橘子","110/07/13","富邦-陽明",24,3,21
"6228","6180橘子","110/07/13","元大-草屯",13,32,-19
"6229","6180橘子","110/07/13","大昌-樹林",21,1,20
"6230","6180橘子","110/07/13","元富-林園",1,18,-17
"6231","6180橘子","110/07/13","花旗環球",19,0,19
"6232","6180橘子","110/07/13","新光-新竹",1,18,-17
"6233","6180橘子","110/07/13","華南永昌-台南",19,0,19
"6234","6180橘子","110/07/13","元大-土城永寧",0,17,-17
"6235","6180橘子","110/07/13","福勝",14,0,14
"6236","6180橘子","110/07/13","國泰-新莊",3,19,-16
"6237","6180橘子","110/07/13","富邦-嘉義",12,1,11
"6238","6180橘子","110/07/13","中國信託-永康",6,21,-15
"6239","6180橘子","110/07/13","元大-板橋三民",11,0,11
"6240","6180橘子","110/07/13","凱基-東港",1,15,-14
"6241","2390云辰","110/07/13","新加坡商瑞銀",562,75,487
"6242","2390云辰","110/07/13","大展-台南",0,532,-532
"6243","2390云辰","110/07/13","台灣摩根士丹利",330,155,175
"6244","2390云辰","110/07/13","凱基-台北",668,854,-186
"6245","2390云辰","110/07/13","兆豐-公益",126,25,101
"6246","2390云辰","110/07/13","凱基-三重",12,172,-160
"6247","2390云辰","110/07/13","元富-中港",100,2,98
"6248","2390云辰","110/07/13","兆豐-忠孝",4,161,-157
"6249","2390云辰","110/07/13","統一-新台中",106,9,97
"6250","2390云辰","110/07/13","元大-士林",19,170,-151
"6251","2390云辰","110/07/13","中國信託-松江",81,11,70
"6252","2390云辰","110/07/13","臺銀-新竹",14,117,-103
"6253","2390云辰","110/07/13","日盛-板橋",72,3,69
"6254","2390云辰","110/07/13","國票-台中",4,102,-98
"6255","2390云辰","110/07/13","日盛-和美",57,0,57
"6256","2390云辰","110/07/13","新光",147,232,-85
"6257","2390云辰","110/07/13","永豐金-桃園",88,36,52
"6258","2390云辰","110/07/13","致和-崇德",2,70,-68
"6259","2390云辰","110/07/13","玉山-士林",54,4,50
"6260","2390云辰","110/07/13","群益金鼎-屏東",2,70,-68
"6261","2390云辰","110/07/13","富邦-仁愛",56,6,50
"6262","2390云辰","110/07/13","元大-大里",35,98,-63
"6263","2390云辰","110/07/13","第一金-豐原",50,1,49
"6264","2390云辰","110/07/13","元大-萬華",35,94,-59
"6265","2390云辰","110/07/13","摩根大通",502,453,49
"6266","2390云辰","110/07/13","元富-吉利",2,60,-58
"6267","2390云辰","110/07/13","凱基-松山",61,13,48
"6268","2390云辰","110/07/13","兆豐-新竹",3,53,-50
"6269","2390云辰","110/07/13","大昌",64,22,42
"6270","2390云辰","110/07/13","富邦-嘉義",65,108,-43
"6271","2363矽統","110/07/13","凱基-南崁",2133,63,2070
"6272","2363矽統","110/07/13","凱基-幸福",36,4048,-4012
"6273","2363矽統","110/07/13","國泰-敦南",2195,1617,578
"6274","2363矽統","110/07/13","統一",192,3325,-3133
"6275","2363矽統","110/07/13","中農",670,139,531
"6276","2363矽統","110/07/13","新加坡商瑞銀",1000,2747,-1747
"6277","2363矽統","110/07/13","康和-台中",638,154,484
"6278","2363矽統","110/07/13","凱基-台北",5359,6609,-1250
"6279","2363矽統","110/07/13","群益金鼎-三民",577,137,440
"6280","2363矽統","110/07/13","摩根大通",1930,2858,-928
"6281","2363矽統","110/07/13","台新-屏東",510,88,422
"6282","2363矽統","110/07/13","港商野村",960,1679,-719
"6283","2363矽統","110/07/13","德信-中正",455,67,388
"6284","2363矽統","110/07/13","兆豐-復興",25,705,-680
"6285","2363矽統","110/07/13","日盛-竹北",365,70,295
"6286","2363矽統","110/07/13","統一-仁愛",114,755,-641
"6287","2363矽統","110/07/13","元大-佳里",452,189,263
"6288","2363矽統","110/07/13","統一-敦南",29,638,-609
"6289","2363矽統","110/07/13","國票-博愛",296,38,258
"6290","2363矽統","110/07/13","統一-土城",100,704,-604
"6291","2363矽統","110/07/13","元大-萬華",340,95,245
"6292","2363矽統","110/07/13","統一-城中",116,676,-560
"6293","2363矽統","110/07/13","新光",1259,1031,228
"6294","2363矽統","110/07/13","永豐金證券",306,859,-553
"6295","2363矽統","110/07/13","元富-成功",323,96,227
"6296","2363矽統","110/07/13","元富",54,567,-513
"6297","2363矽統","110/07/13","豐農",228,23,205
"6298","2363矽統","110/07/13","瑞士信貸",202,666,-464
"6299","2363矽統","110/07/13","台灣企銀-岡山",186,4,182
"6300","2363矽統","110/07/13","永豐金-嘉義",67,468,-401
"6301","8112至上","110/07/13","摩根大通",688,296,392
"6302","8112至上","110/07/13","國票-中和",0,401,-401
"6303","8112至上","110/07/13","港商野村",344,145,199
"6304","8112至上","110/07/13","永豐金-板盛",0,205,-205
"6305","8112至上","110/07/13","兆豐-公益",195,5,190
"6306","8112至上","110/07/13","凱基-五股",43,155,-112
"6307","8112至上","110/07/13","台灣摩根士丹利",183,0,183
"6308","8112至上","110/07/13","凱基-市政",0,100,-100
"6309","8112至上","110/07/13","群益金鼎-敦南",153,2,151
"6310","8112至上","110/07/13","元大-大里德芳",1,92,-91
"6311","8112至上","110/07/13","臺銀-金山",146,26,120
"6312","8112至上","110/07/13","玉山-桃園",26,110,-84
"6313","8112至上","110/07/13","臺銀",133,19,114
"6314","8112至上","110/07/13","兆豐-天母",0,81,-81
"6315","8112至上","110/07/13","合庫-台中",115,6,109
"6316","8112至上","110/07/13","凱基-城中",3,84,-81
"6317","8112至上","110/07/13","亞東-板橋",134,26,108
"6318","8112至上","110/07/13","日盛-新莊",9,85,-76
"6319","8112至上","110/07/13","凱基-台北",414,326,88
"6320","8112至上","110/07/13","日盛-台中",2,64,-62
"6321","8112至上","110/07/13","新加坡商瑞銀",181,100,81
"6322","8112至上","110/07/13","日盛-中壢",3,64,-61
"6323","8112至上","110/07/13","國泰-敦南",108,31,77
"6324","8112至上","110/07/13","元大-台中",2,59,-57
"6325","8112至上","110/07/13","第一金-華江",77,4,73
"6326","8112至上","110/07/13","元大-雙和",7,64,-57
"6327","8112至上","110/07/13","永豐金-內湖",73,1,72
"6328","8112至上","110/07/13","元大-高雄",8,62,-54
"6329","8112至上","110/07/13","元大-永和",68,1,67
"6330","8112至上","110/07/13","元大-館前",2,55,-53
"6331","4903聯光通","110/07/13","台灣企銀-太平",56,0,56
"6332","4903聯光通","110/07/13","土銀",0,32,-32
"6333","4903聯光通","110/07/13","元富-新興",23,0,23
"6334","4903聯光通","110/07/13","元大-樹林",0,19,-19
"6335","4903聯光通","110/07/13","日盛-樹林",22,0,22
"6336","4903聯光通","110/07/13","凱基-士林",0,17,-17
"6337","4903聯光通","110/07/13","兆豐-天母",20,0,20
"6338","4903聯光通","110/07/13","國票-博愛",0,14,-14
"6339","4903聯光通","110/07/13","華南永昌-桃園",20,0,20
"6340","4903聯光通","110/07/13","元富",0,10,-10
"6341","4903聯光通","110/07/13","富邦-新店",10,0,10
"6342","4903聯光通","110/07/13","新光",0,10,-10
"6343","4903聯光通","110/07/13","新光-台中",5,0,5
"6344","4903聯光通","110/07/13","玉山-南京東路",0,10,-10
"6345","4903聯光通","110/07/13","華南永昌-台中",5,0,5
"6346","4903聯光通","110/07/13","富邦-陽明",0,10,-10
"6347","4903聯光通","110/07/13","元大-崇德",5,0,5
"6348","4903聯光通","110/07/13","元大-大甲",0,8,-8
"6349","4903聯光通","110/07/13","元大-草屯",5,0,5
"6350","4903聯光通","110/07/13","富邦-台中",0,7,-7
"6351","4903聯光通","110/07/13","元富-草屯",4,0,4
"6352","4903聯光通","110/07/13","凱基-中壢",0,6,-6
"6353","4903聯光通","110/07/13","元大-清水",4,0,4
"6354","4903聯光通","110/07/13","臺銀-民權",0,5,-5
"6355","4903聯光通","110/07/13","元大-東泰",4,0,4
"6356","4903聯光通","110/07/13","日盛-板橋",0,5,-5
"6357","4903聯光通","110/07/13","元大-佳里",2,0,2
"6358","4903聯光通","110/07/13","中國信託-忠孝",0,5,-5
"6359","4903聯光通","110/07/13","永豐金-板橋",2,0,2
"6360","4903聯光通","110/07/13","永豐金-鳳山",0,5,-5
"6361","2929淘帝","110/07/13","玉山-新竹",130,0,130
"6362","2929淘帝","110/07/13","美商高盛",0,177,-177
"6363","2929淘帝","110/07/13","臺銀-民權",60,0,60
"6364","2929淘帝","110/07/13","凱基-台北",6,80,-74
"6365","2929淘帝","110/07/13","新百王",31,0,31
"6366","2929淘帝","110/07/13","元富-大裕",0,49,-49
"6367","2929淘帝","110/07/13","日盛-園區",30,0,30
"6368","2929淘帝","110/07/13","國泰-館前",3,51,-48
"6369","2929淘帝","110/07/13","元大-南投",31,1,30
"6370","2929淘帝","110/07/13","凱基-中壢",0,41,-41
"6371","2929淘帝","110/07/13","兆豐-忠孝",28,0,28
"6372","2929淘帝","110/07/13","港商野村",21,55,-34
"6373","2929淘帝","110/07/13","元大-民生",28,0,28
"6374","2929淘帝","110/07/13","華南永昌-南京",2,34,-32
"6375","2929淘帝","110/07/13","合庫-高雄",27,0,27
"6376","2929淘帝","110/07/13","群益金鼎-土城",0,30,-30
"6377","2929淘帝","110/07/13","凱基-豐中",27,0,27
"6378","2929淘帝","110/07/13","富邦-南屯",0,22,-22
"6379","2929淘帝","110/07/13","新光",21,4,17
"6380","2929淘帝","110/07/13","第一金-豐原",0,20,-20
"6381","2929淘帝","110/07/13","元大-天母",17,0,17
"6382","2929淘帝","110/07/13","元大-屏南",6,26,-20
"6383","2929淘帝","110/07/13","永興",14,0,14
"6384","2929淘帝","110/07/13","永豐金-敦南",1,21,-20
"6385","2929淘帝","110/07/13","富邦-台北",12,0,12
"6386","2929淘帝","110/07/13","凱基-三重",2,21,-19
"6387","2929淘帝","110/07/13","元大-永和",12,0,12
"6388","2929淘帝","110/07/13","富邦-仁愛",7,25,-18
"6389","2929淘帝","110/07/13","國票-天祥",11,0,11
"6390","2929淘帝","110/07/13","元大-北投",0,16,-16
"6391","5410國眾","110/07/13","兆豐-城中",274,0,274
"6392","5410國眾","110/07/13","元富-嘉義",0,103,-103
"6393","5410國眾","110/07/13","新光",50,4,46
"6394","5410國眾","110/07/13","凱基-台北",0,50,-50
"6395","5410國眾","110/07/13","國泰-台中",26,0,26
"6396","5410國眾","110/07/13","瑞士信貸",0,31,-31
"6397","5410國眾","110/07/13","新加坡商瑞銀",22,0,22
"6398","5410國眾","110/07/13","台新-新莊",0,27,-27
"6399","5410國眾","110/07/13","光和-嘉義",20,0,20
"6400","5410國眾","110/07/13","元大-汐止",0,20,-20
"6401","5410國眾","110/07/13","凱基-竹北",17,0,17
"6402","5410國眾","110/07/13","亞東-新竹",0,17,-17
"6403","5410國眾","110/07/13","新光-桃園",15,0,15
"6404","5410國眾","110/07/13","元大-南勢角",0,13,-13
"6405","5410國眾","110/07/13","凱基-台東",14,0,14
"6406","5410國眾","110/07/13","台新-台南",0,12,-12
"6407","5410國眾","110/07/13","富邦-竹北",11,0,11
"6408","5410國眾","110/07/13","中國信託",0,11,-11
"6409","5410國眾","110/07/13","元富-同大",10,0,10
"6410","5410國眾","110/07/13","華南永昌",0,11,-11
"6411","5410國眾","110/07/13","國泰-敦南",24,15,9
"6412","5410國眾","110/07/13","臺銀-臺南",0,10,-10
"6413","5410國眾","110/07/13","日盛-內湖",7,0,7
"6414","5410國眾","110/07/13","台灣企銀-民雄",0,10,-10
"6415","5410國眾","110/07/13","台新-左楠",7,0,7
"6416","5410國眾","110/07/13","高橋",0,10,-10
"6417","5410國眾","110/07/13","元大-新盛",18,12,6
"6418","5410國眾","110/07/13","康和-嘉義",0,10,-10
"6419","5410國眾","110/07/13","統一",5,0,5
"6420","5410國眾","110/07/13","凱基-基隆",0,10,-10
"6421","2841台開","110/07/13","中國信託-高雄",251,50,201
"6422","2841台開","110/07/13","兆豐-公益",0,177,-177
"6423","2841台開","110/07/13","日盛證券",210,13,197
"6424","2841台開","110/07/13","日進",0,152,-152
"6425","2841台開","110/07/13","第一金-台中",55,0,55
"6426","2841台開","110/07/13","港商野村",0,109,-109
"6427","2841台開","110/07/13","國泰-板橋",46,0,46
"6428","2841台開","110/07/13","日盛-信義",0,103,-103
"6429","2841台開","110/07/13","國泰-館前",48,3,45
"6430","2841台開","110/07/13","國泰-敦南",11,75,-64
"6431","2841台開","110/07/13","華南永昌-新莊",45,0,45
"6432","2841台開","110/07/13","永興",0,50,-50
"6433","2841台開","110/07/13","日盛-園區",42,0,42
"6434","2841台開","110/07/13","永豐金-敦南",61,104,-43
"6435","2841台開","110/07/13","台新證券",32,0,32
"6436","2841台開","110/07/13","富邦-台南",0,42,-42
"6437","2841台開","110/07/13","台新-高雄",32,2,30
"6438","2841台開","110/07/13","國票-安和",0,30,-30
"6439","2841台開","110/07/13","豐農",23,0,23
"6440","2841台開","110/07/13","元大-桃園",0,25,-25
"6441","2841台開","110/07/13","合庫-嘉義",20,0,20
"6442","2841台開","110/07/13","新光",8,32,-24
"6443","2841台開","110/07/13","華南永昌-高雄",20,0,20
"6444","2841台開","110/07/13","元大-仁愛",0,24,-24
"6445","2841台開","110/07/13","元大-樹林",16,0,16
"6446","2841台開","110/07/13","日盛-中和",0,20,-20
"6447","2841台開","110/07/13","第一金-華江",15,2,13
"6448","2841台開","110/07/13","元富",0,20,-20
"6449","2841台開","110/07/13","美商高盛",12,0,12
"6450","2841台開","110/07/13","富邦-宜蘭",0,20,-20
"6451","6207雷科","110/07/13","元大-高雄",121,0,121
"6452","6207雷科","110/07/13","華南永昌-朴子",1,60,-59
"6453","6207雷科","110/07/13","第一金-新興",20,0,20
"6454","6207雷科","110/07/13","元大-南海",0,36,-36
"6455","6207雷科","110/07/13","元富-三重",20,0,20
"6456","6207雷科","110/07/13","凱基-土城",0,35,-35
"6457","6207雷科","110/07/13","元大-林園",15,0,15
"6458","6207雷科","110/07/13","台灣企銀",0,20,-20
"6459","6207雷科","110/07/13","元大-金華",16,1,15
"6460","6207雷科","110/07/13","群益金鼎-丹鳳",0,20,-20
"6461","6207雷科","110/07/13","日盛證券",10,0,10
"6462","6207雷科","110/07/13","元大-博愛",0,17,-17
"6463","6207雷科","110/07/13","統一-台中",10,0,10
"6464","6207雷科","110/07/13","元大-北港",0,13,-13
"6465","6207雷科","110/07/13","群益金鼎-土城",10,0,10
"6466","6207雷科","110/07/13","新加坡商瑞銀",0,12,-12
"6467","6207雷科","110/07/13","群益金鼎-桃園",10,0,10
"6468","6207雷科","110/07/13","凱基-台北",4,16,-12
"6469","6207雷科","110/07/13","永豐金-新莊",10,0,10
"6470","6207雷科","110/07/13","日茂-埔里",0,11,-11
"6471","6207雷科","110/07/13","永豐金-新店",10,0,10
"6472","6207雷科","110/07/13","元大-莒光",0,11,-11
"6473","6207雷科","110/07/13","元大證券",9,0,9
"6474","6207雷科","110/07/13","統一-新竹",0,10,-10
"6475","6207雷科","110/07/13","日盛-木柵",9,1,8
"6476","6207雷科","110/07/13","元大-西螺",0,10,-10
"6477","6207雷科","110/07/13","兆豐-來福",8,0,8
"6478","6207雷科","110/07/13","康和-台中",0,8,-8
"6479","6207雷科","110/07/13","新光",7,0,7
"6480","6207雷科","110/07/13","兆豐-高雄",0,6,-6
"6481","3679新至陞","110/07/13","永豐金證券",50,0,50
"6482","3679新至陞","110/07/13","摩根大通",2,25,-23
"6483","3679新至陞","110/07/13","國泰-桃園",22,0,22
"6484","3679新至陞","110/07/13","元大-成功",0,22,-22
"6485","3679新至陞","110/07/13","台中銀-員林",11,0,11
"6486","3679新至陞","110/07/13","富邦-板橋",1,19,-18
"6487","3679新至陞","110/07/13","元大-文心興安",8,0,8
"6488","3679新至陞","110/07/13","日盛-新莊",0,10,-10
"6489","3679新至陞","110/07/13","美商高盛",6,0,6
"6490","3679新至陞","110/07/13","台新-台中",0,10,-10
"6491","3679新至陞","110/07/13","台新-高雄",6,0,6
"6492","3679新至陞","110/07/13","永豐金-新竹",0,8,-8
"6493","3679新至陞","110/07/13","凱基-台北",18,12,6
"6494","3679新至陞","110/07/13","瑞士信貸",12,19,-7
"6495","3679新至陞","110/07/13","日盛-復興",5,0,5
"6496","3679新至陞","110/07/13","統一-南京",0,7,-7
"6497","3679新至陞","110/07/13","(牛牛牛)亞-鑫豐",4,0,4
"6498","3679新至陞","110/07/13","凱基-新莊",0,7,-7
"6499","3679新至陞","110/07/13","元富-大昌",3,0,3
"6500","3679新至陞","110/07/13","新加坡商瑞銀",0,6,-6
"6501","3679新至陞","110/07/13","富邦-台北",3,0,3
"6502","3679新至陞","110/07/13","合庫-自強",0,5,-5
"6503","3679新至陞","110/07/13","日盛-樹林",2,0,2
"6504","3679新至陞","110/07/13","富邦-桃園",0,5,-5
"6505","3679新至陞","110/07/13","宏遠-光隆",2,0,2
"6506","3679新至陞","110/07/13","永豐金-潮州",0,4,-4
"6507","3679新至陞","110/07/13","美林",3,1,2
"6508","3679新至陞","110/07/13","臺銀-臺南",0,3,-3
"6509","3679新至陞","110/07/13","第一金-中壢",2,0,2
"6510","3679新至陞","110/07/13","元大-六合",0,3,-3
"6511","2727王品","110/07/13","富邦-台北",43,3,40
"6512","2727王品","110/07/13","台灣摩根士丹利",15,97,-82
"6513","2727王品","110/07/13","元大-基隆孝二",40,0,40
"6514","2727王品","110/07/13","玉山-台南",5,57,-52
"6515","2727王品","110/07/13","國票-新莊",40,1,39
"6516","2727王品","110/07/13","新加坡商瑞銀",0,48,-48
"6517","2727王品","110/07/13","第一金-豐原",66,42,24
"6518","2727王品","110/07/13","凱基-台北",41,77,-36
"6519","2727王品","110/07/13","永豐金-大園",34,10,24
"6520","2727王品","110/07/13","永豐金-永康",0,22,-22
"6521","2727王品","110/07/13","元大-北屯",22,0,22
"6522","2727王品","110/07/13","統一-台中",2,22,-20
"6523","2727王品","110/07/13","元大-東蘆",26,7,19
"6524","2727王品","110/07/13","國泰-台中",21,39,-18
"6525","2727王品","110/07/13","永豐金-萬盛",13,1,12
"6526","2727王品","110/07/13","合庫-彰化",3,20,-17
"6527","2727王品","110/07/13","日盛-嘉義",11,0,11
"6528","2727王品","110/07/13","港商野村",13,30,-17
"6529","2727王品","110/07/13","日盛-八德",11,0,11
"6530","2727王品","110/07/13","元大-楊梅",1,16,-15
"6531","2727王品","110/07/13","統一-竹南",11,0,11
"6532","2727王品","110/07/13","凱基-高美館",2,15,-13
"6533","2727王品","110/07/13","日盛-士林",12,2,10
"6534","2727王品","110/07/13","美商高盛",2,14,-12
"6535","2727王品","110/07/13","統一-敦南",10,0,10
"6536","2727王品","110/07/13","統一-平鎮",1,13,-12
"6537","2727王品","110/07/13","中國信託",15,5,10
"6538","2727王品","110/07/13","兆豐-台中港",4,16,-12
"6539","2727王品","110/07/13","兆豐-竹北",13,3,10
"6540","2727王品","110/07/13","凱基-八德",1,13,-12
"6541","1570力肯","110/07/13","新光",115,11,104
"6542","1570力肯","110/07/13","元大-北三重",0,162,-162
"6543","1570力肯","110/07/13","群益金鼎-高雄",54,0,54
"6544","1570力肯","110/07/13","元大-大灣",0,25,-25
"6545","1570力肯","110/07/13","國票-新莊",22,0,22
"6546","1570力肯","110/07/13","永豐金-苓雅",0,22,-22
"6547","1570力肯","110/07/13","日盛-桃園",12,0,12
"6548","1570力肯","110/07/13","永豐金-永康",0,19,-19
"6549","1570力肯","110/07/13","元大-高雄",12,0,12
"6550","1570力肯","110/07/13","富邦-員林",0,15,-15
"6551","1570力肯","110/07/13","合庫-自強",11,0,11
"6552","1570力肯","110/07/13","凱基-台南",0,11,-11
"6553","1570力肯","110/07/13","摩根大通",26,15,11
"6554","1570力肯","110/07/13","日盛-竹北",0,10,-10
"6555","1570力肯","110/07/13","永豐金-中盛",11,0,11
"6556","1570力肯","110/07/13","國票-九鼎",0,10,-10
"6557","1570力肯","110/07/13","兆豐-台中港",10,0,10
"6558","1570力肯","110/07/13","凱基-桃園",0,10,-10
"6559","1570力肯","110/07/13","國泰-松江",9,0,9
"6560","1570力肯","110/07/13","凱基-新豐",0,10,-10
"6561","1570力肯","110/07/13","元大-新盛",9,0,9
"6562","1570力肯","110/07/13","元大-學甲",0,10,-10
"6563","1570力肯","110/07/13","元富-緯城",6,0,6
"6564","1570力肯","110/07/13","群益金鼎-東湖",1,10,-9
"6565","1570力肯","110/07/13","統一-三重",5,0,5
"6566","1570力肯","110/07/13","大昌",0,6,-6
"6567","1570力肯","110/07/13","元大-前金",5,0,5
"6568","1570力肯","110/07/13","元大-土城學府",0,6,-6
"6569","1570力肯","110/07/13","永豐金證券",5,0,5
"6570","1570力肯","110/07/13","統一",0,5,-5
"6571","6180橘子","110/07/13","摩根大通",119,0,119
"6572","6180橘子","110/07/13","元大-崇德",2,61,-59
"6573","6180橘子","110/07/13","美商高盛",96,0,96
"6574","6180橘子","110/07/13","康和-台中",0,51,-51
"6575","6180橘子","110/07/13","新加坡商瑞銀",86,7,79
"6576","6180橘子","110/07/13","康和-台北",0,50,-50
"6577","6180橘子","110/07/13","元大-和平",40,0,40
"6578","6180橘子","110/07/13","元富-潮州",0,40,-40
"6579","6180橘子","110/07/13","凱基-台北",83,47,36
"6580","6180橘子","110/07/13","日盛-永康",0,26,-26
"6581","6180橘子","110/07/13","美林",39,5,34
"6582","6180橘子","110/07/13","永豐金-中正",0,24,-24
"6583","6180橘子","110/07/13","富邦-新竹華信",31,2,29
"6584","6180橘子","110/07/13","國泰-板橋",2,25,-23
"6585","6180橘子","110/07/13","統一-南京",21,0,21
"6586","6180橘子","110/07/13","日盛-大墩",0,20,-20
"6587","6180橘子","110/07/13","富邦-陽明",24,3,21
"6588","6180橘子","110/07/13","元大-草屯",13,32,-19
"6589","6180橘子","110/07/13","大昌-樹林",21,1,20
"6590","6180橘子","110/07/13","元富-林園",1,18,-17
"6591","6180橘子","110/07/13","花旗環球",19,0,19
"6592","6180橘子","110/07/13","新光-新竹",1,18,-17
"6593","6180橘子","110/07/13","華南永昌-台南",19,0,19
"6594","6180橘子","110/07/13","元大-土城永寧",0,17,-17
"6595","6180橘子","110/07/13","福勝",14,0,14
"6596","6180橘子","110/07/13","國泰-新莊",3,19,-16
"6597","6180橘子","110/07/13","富邦-嘉義",12,1,11
"6598","6180橘子","110/07/13","中國信託-永康",6,21,-15
"6599","6180橘子","110/07/13","元大-板橋三民",11,0,11
"6600","6180橘子","110/07/13","凱基-東港",1,15,-14
"6601","2390云辰","110/07/13","新加坡商瑞銀",562,75,487
"6602","2390云辰","110/07/13","大展-台南",0,532,-532
"6603","2390云辰","110/07/13","台灣摩根士丹利",330,155,175
"6604","2390云辰","110/07/13","凱基-台北",668,854,-186
"6605","2390云辰","110/07/13","兆豐-公益",126,25,101
"6606","2390云辰","110/07/13","凱基-三重",12,172,-160
"6607","2390云辰","110/07/13","元富-中港",100,2,98
"6608","2390云辰","110/07/13","兆豐-忠孝",4,161,-157
"6609","2390云辰","110/07/13","統一-新台中",106,9,97
"6610","2390云辰","110/07/13","元大-士林",19,170,-151
"6611","2390云辰","110/07/13","中國信託-松江",81,11,70
"6612","2390云辰","110/07/13","臺銀-新竹",14,117,-103
"6613","2390云辰","110/07/13","日盛-板橋",72,3,69
"6614","2390云辰","110/07/13","國票-台中",4,102,-98
"6615","2390云辰","110/07/13","日盛-和美",57,0,57
"6616","2390云辰","110/07/13","新光",147,232,-85
"6617","2390云辰","110/07/13","永豐金-桃園",88,36,52
"6618","2390云辰","110/07/13","致和-崇德",2,70,-68
"6619","2390云辰","110/07/13","玉山-士林",54,4,50
"6620","2390云辰","110/07/13","群益金鼎-屏東",2,70,-68
"6621","2390云辰","110/07/13","富邦-仁愛",56,6,50
"6622","2390云辰","110/07/13","元大-大里",35,98,-63
"6623","2390云辰","110/07/13","第一金-豐原",50,1,49
"6624","2390云辰","110/07/13","元大-萬華",35,94,-59
"6625","2390云辰","110/07/13","摩根大通",502,453,49
"6626","2390云辰","110/07/13","元富-吉利",2,60,-58
"6627","2390云辰","110/07/13","凱基-松山",61,13,48
"6628","2390云辰","110/07/13","兆豐-新竹",3,53,-50
"6629","2390云辰","110/07/13","大昌",64,22,42
"6630","2390云辰","110/07/13","富邦-嘉義",65,108,-43
"6631","2363矽統","110/07/13","凱基-南崁",2133,63,2070
"6632","2363矽統","110/07/13","凱基-幸福",36,4048,-4012
"6633","2363矽統","110/07/13","國泰-敦南",2195,1617,578
"6634","2363矽統","110/07/13","統一",192,3325,-3133
"6635","2363矽統","110/07/13","中農",670,139,531
"6636","2363矽統","110/07/13","新加坡商瑞銀",1000,2747,-1747
"6637","2363矽統","110/07/13","康和-台中",638,154,484
"6638","2363矽統","110/07/13","凱基-台北",5359,6609,-1250
"6639","2363矽統","110/07/13","群益金鼎-三民",577,137,440
"6640","2363矽統","110/07/13","摩根大通",1930,2858,-928
"6641","2363矽統","110/07/13","台新-屏東",510,88,422
"6642","2363矽統","110/07/13","港商野村",960,1679,-719
"6643","2363矽統","110/07/13","德信-中正",455,67,388
"6644","2363矽統","110/07/13","兆豐-復興",25,705,-680
"6645","2363矽統","110/07/13","日盛-竹北",365,70,295
"6646","2363矽統","110/07/13","統一-仁愛",114,755,-641
"6647","2363矽統","110/07/13","元大-佳里",452,189,263
"6648","2363矽統","110/07/13","統一-敦南",29,638,-609
"6649","2363矽統","110/07/13","國票-博愛",296,38,258
"6650","2363矽統","110/07/13","統一-土城",100,704,-604
"6651","2363矽統","110/07/13","元大-萬華",340,95,245
"6652","2363矽統","110/07/13","統一-城中",116,676,-560
"6653","2363矽統","110/07/13","新光",1259,1031,228
"6654","2363矽統","110/07/13","永豐金證券",306,859,-553
"6655","2363矽統","110/07/13","元富-成功",323,96,227
"6656","2363矽統","110/07/13","元富",54,567,-513
"6657","2363矽統","110/07/13","豐農",228,23,205
"6658","2363矽統","110/07/13","瑞士信貸",202,666,-464
"6659","2363矽統","110/07/13","台灣企銀-岡山",186,4,182
"6660","2363矽統","110/07/13","永豐金-嘉義",67,468,-401
"6661","8112至上","110/07/13","摩根大通",688,296,392
"6662","8112至上","110/07/13","國票-中和",0,401,-401
"6663","8112至上","110/07/13","港商野村",344,145,199
"6664","8112至上","110/07/13","永豐金-板盛",0,205,-205
"6665","8112至上","110/07/13","兆豐-公益",195,5,190
"6666","8112至上","110/07/13","凱基-五股",43,155,-112
"6667","8112至上","110/07/13","台灣摩根士丹利",183,0,183
"6668","8112至上","110/07/13","凱基-市政",0,100,-100
"6669","8112至上","110/07/13","群益金鼎-敦南",153,2,151
"6670","8112至上","110/07/13","元大-大里德芳",1,92,-91
"6671","8112至上","110/07/13","臺銀-金山",146,26,120
"6672","8112至上","110/07/13","玉山-桃園",26,110,-84
"6673","8112至上","110/07/13","臺銀",133,19,114
"6674","8112至上","110/07/13","兆豐-天母",0,81,-81
"6675","8112至上","110/07/13","合庫-台中",115,6,109
"6676","8112至上","110/07/13","凱基-城中",3,84,-81
"6677","8112至上","110/07/13","亞東-板橋",134,26,108
"6678","8112至上","110/07/13","日盛-新莊",9,85,-76
"6679","8112至上","110/07/13","凱基-台北",414,326,88
"6680","8112至上","110/07/13","日盛-台中",2,64,-62
"6681","8112至上","110/07/13","新加坡商瑞銀",181,100,81
"6682","8112至上","110/07/13","日盛-中壢",3,64,-61
"6683","8112至上","110/07/13","國泰-敦南",108,31,77
"6684","8112至上","110/07/13","元大-台中",2,59,-57
"6685","8112至上","110/07/13","第一金-華江",77,4,73
"6686","8112至上","110/07/13","元大-雙和",7,64,-57
"6687","8112至上","110/07/13","永豐金-內湖",73,1,72
"6688","8112至上","110/07/13","元大-高雄",8,62,-54
"6689","8112至上","110/07/13","元大-永和",68,1,67
"6690","8112至上","110/07/13","元大-館前",2,55,-53
"6691","4903聯光通","110/07/13","台灣企銀-太平",56,0,56
"6692","4903聯光通","110/07/13","土銀",0,32,-32
"6693","4903聯光通","110/07/13","元富-新興",23,0,23
"6694","4903聯光通","110/07/13","元大-樹林",0,19,-19
"6695","4903聯光通","110/07/13","日盛-樹林",22,0,22
"6696","4903聯光通","110/07/13","凱基-士林",0,17,-17
"6697","4903聯光通","110/07/13","兆豐-天母",20,0,20
"6698","4903聯光通","110/07/13","國票-博愛",0,14,-14
"6699","4903聯光通","110/07/13","華南永昌-桃園",20,0,20
"6700","4903聯光通","110/07/13","元富",0,10,-10
"6701","4903聯光通","110/07/13","富邦-新店",10,0,10
"6702","4903聯光通","110/07/13","新光",0,10,-10
"6703","4903聯光通","110/07/13","新光-台中",5,0,5
"6704","4903聯光通","110/07/13","玉山-南京東路",0,10,-10
"6705","4903聯光通","110/07/13","華南永昌-台中",5,0,5
"6706","4903聯光通","110/07/13","富邦-陽明",0,10,-10
"6707","4903聯光通","110/07/13","元大-崇德",5,0,5
"6708","4903聯光通","110/07/13","元大-大甲",0,8,-8
"6709","4903聯光通","110/07/13","元大-草屯",5,0,5
"6710","4903聯光通","110/07/13","富邦-台中",0,7,-7
"6711","4903聯光通","110/07/13","元富-草屯",4,0,4
"6712","4903聯光通","110/07/13","凱基-中壢",0,6,-6
"6713","4903聯光通","110/07/13","元大-清水",4,0,4
"6714","4903聯光通","110/07/13","臺銀-民權",0,5,-5
"6715","4903聯光通","110/07/13","元大-東泰",4,0,4
"6716","4903聯光通","110/07/13","日盛-板橋",0,5,-5
"6717","4903聯光通","110/07/13","元大-佳里",2,0,2
"6718","4903聯光通","110/07/13","中國信託-忠孝",0,5,-5
"6719","4903聯光通","110/07/13","永豐金-板橋",2,0,2
"6720","4903聯光通","110/07/13","永豐金-鳳山",0,5,-5
"6721","2929淘帝","110/07/13","玉山-新竹",130,0,130
"6722","2929淘帝","110/07/13","美商高盛",0,177,-177
"6723","2929淘帝","110/07/13","臺銀-民權",60,0,60
"6724","2929淘帝","110/07/13","凱基-台北",6,80,-74
"6725","2929淘帝","110/07/13","新百王",31,0,31
"6726","2929淘帝","110/07/13","元富-大裕",0,49,-49
"6727","2929淘帝","110/07/13","日盛-園區",30,0,30
"6728","2929淘帝","110/07/13","國泰-館前",3,51,-48
"6729","2929淘帝","110/07/13","元大-南投",31,1,30
"6730","2929淘帝","110/07/13","凱基-中壢",0,41,-41
"6731","2929淘帝","110/07/13","兆豐-忠孝",28,0,28
"6732","2929淘帝","110/07/13","港商野村",21,55,-34
"6733","2929淘帝","110/07/13","元大-民生",28,0,28
"6734","2929淘帝","110/07/13","華南永昌-南京",2,34,-32
"6735","2929淘帝","110/07/13","合庫-高雄",27,0,27
"6736","2929淘帝","110/07/13","群益金鼎-土城",0,30,-30
"6737","2929淘帝","110/07/13","凱基-豐中",27,0,27
"6738","2929淘帝","110/07/13","富邦-南屯",0,22,-22
"6739","2929淘帝","110/07/13","新光",21,4,17
"6740","2929淘帝","110/07/13","第一金-豐原",0,20,-20
"6741","2929淘帝","110/07/13","元大-天母",17,0,17
"6742","2929淘帝","110/07/13","元大-屏南",6,26,-20
"6743","2929淘帝","110/07/13","永興",14,0,14
"6744","2929淘帝","110/07/13","永豐金-敦南",1,21,-20
"6745","2929淘帝","110/07/13","富邦-台北",12,0,12
"6746","2929淘帝","110/07/13","凱基-三重",2,21,-19
"6747","2929淘帝","110/07/13","元大-永和",12,0,12
"6748","2929淘帝","110/07/13","富邦-仁愛",7,25,-18
"6749","2929淘帝","110/07/13","國票-天祥",11,0,11
"6750","2929淘帝","110/07/13","元大-北投",0,16,-16
"6751","5410國眾","110/07/13","兆豐-城中",274,0,274
"6752","5410國眾","110/07/13","元富-嘉義",0,103,-103
"6753","5410國眾","110/07/13","新光",50,4,46
"6754","5410國眾","110/07/13","凱基-台北",0,50,-50
"6755","5410國眾","110/07/13","國泰-台中",26,0,26
"6756","5410國眾","110/07/13","瑞士信貸",0,31,-31
"6757","5410國眾","110/07/13","新加坡商瑞銀",22,0,22
"6758","5410國眾","110/07/13","台新-新莊",0,27,-27
"6759","5410國眾","110/07/13","光和-嘉義",20,0,20
"6760","5410國眾","110/07/13","元大-汐止",0,20,-20
"6761","5410國眾","110/07/13","凱基-竹北",17,0,17
"6762","5410國眾","110/07/13","亞東-新竹",0,17,-17
"6763","5410國眾","110/07/13","新光-桃園",15,0,15
"6764","5410國眾","110/07/13","元大-南勢角",0,13,-13
"6765","5410國眾","110/07/13","凱基-台東",14,0,14
"6766","5410國眾","110/07/13","台新-台南",0,12,-12
"6767","5410國眾","110/07/13","富邦-竹北",11,0,11
"6768","5410國眾","110/07/13","中國信託",0,11,-11
"6769","5410國眾","110/07/13","元富-同大",10,0,10
"6770","5410國眾","110/07/13","華南永昌",0,11,-11
"6771","5410國眾","110/07/13","國泰-敦南",24,15,9
"6772","5410國眾","110/07/13","臺銀-臺南",0,10,-10
"6773","5410國眾","110/07/13","日盛-內湖",7,0,7
"6774","5410國眾","110/07/13","台灣企銀-民雄",0,10,-10
"6775","5410國眾","110/07/13","台新-左楠",7,0,7
"6776","5410國眾","110/07/13","高橋",0,10,-10
"6777","5410國眾","110/07/13","元大-新盛",18,12,6
"6778","5410國眾","110/07/13","康和-嘉義",0,10,-10
"6779","5410國眾","110/07/13","統一",5,0,5
"6780","5410國眾","110/07/13","凱基-基隆",0,10,-10
"6781","2841台開","110/07/13","中國信託-高雄",251,50,201
"6782","2841台開","110/07/13","兆豐-公益",0,177,-177
"6783","2841台開","110/07/13","日盛證券",210,13,197
"6784","2841台開","110/07/13","日進",0,152,-152
"6785","2841台開","110/07/13","第一金-台中",55,0,55
"6786","2841台開","110/07/13","港商野村",0,109,-109
"6787","2841台開","110/07/13","國泰-板橋",46,0,46
"6788","2841台開","110/07/13","日盛-信義",0,103,-103
"6789","2841台開","110/07/13","國泰-館前",48,3,45
"6790","2841台開","110/07/13","國泰-敦南",11,75,-64
"6791","2841台開","110/07/13","華南永昌-新莊",45,0,45
"6792","2841台開","110/07/13","永興",0,50,-50
"6793","2841台開","110/07/13","日盛-園區",42,0,42
"6794","2841台開","110/07/13","永豐金-敦南",61,104,-43
"6795","2841台開","110/07/13","台新證券",32,0,32
"6796","2841台開","110/07/13","富邦-台南",0,42,-42
"6797","2841台開","110/07/13","台新-高雄",32,2,30
"6798","2841台開","110/07/13","國票-安和",0,30,-30
"6799","2841台開","110/07/13","豐農",23,0,23
"6800","2841台開","110/07/13","元大-桃園",0,25,-25
"6801","2841台開","110/07/13","合庫-嘉義",20,0,20
"6802","2841台開","110/07/13","新光",8,32,-24
"6803","2841台開","110/07/13","華南永昌-高雄",20,0,20
"6804","2841台開","110/07/13","元大-仁愛",0,24,-24
"6805","2841台開","110/07/13","元大-樹林",16,0,16
"6806","2841台開","110/07/13","日盛-中和",0,20,-20
"6807","2841台開","110/07/13","第一金-華江",15,2,13
"6808","2841台開","110/07/13","元富",0,20,-20
"6809","2841台開","110/07/13","美商高盛",12,0,12
"6810","2841台開","110/07/13","富邦-宜蘭",0,20,-20
"6811","6207雷科","110/07/13","元大-高雄",121,0,121
"6812","6207雷科","110/07/13","華南永昌-朴子",1,60,-59
"6813","6207雷科","110/07/13","第一金-新興",20,0,20
"6814","6207雷科","110/07/13","元大-南海",0,36,-36
"6815","6207雷科","110/07/13","元富-三重",20,0,20
"6816","6207雷科","110/07/13","凱基-土城",0,35,-35
"6817","6207雷科","110/07/13","元大-林園",15,0,15
"6818","6207雷科","110/07/13","台灣企銀",0,20,-20
"6819","6207雷科","110/07/13","元大-金華",16,1,15
"6820","6207雷科","110/07/13","群益金鼎-丹鳳",0,20,-20
"6821","6207雷科","110/07/13","日盛證券",10,0,10
"6822","6207雷科","110/07/13","元大-博愛",0,17,-17
"6823","6207雷科","110/07/13","統一-台中",10,0,10
"6824","6207雷科","110/07/13","元大-北港",0,13,-13
"6825","6207雷科","110/07/13","群益金鼎-土城",10,0,10
"6826","6207雷科","110/07/13","新加坡商瑞銀",0,12,-12
"6827","6207雷科","110/07/13","群益金鼎-桃園",10,0,10
"6828","6207雷科","110/07/13","凱基-台北",4,16,-12
"6829","6207雷科","110/07/13","永豐金-新莊",10,0,10
"6830","6207雷科","110/07/13","日茂-埔里",0,11,-11
"6831","6207雷科","110/07/13","永豐金-新店",10,0,10
"6832","6207雷科","110/07/13","元大-莒光",0,11,-11
"6833","6207雷科","110/07/13","元大證券",9,0,9
"6834","6207雷科","110/07/13","統一-新竹",0,10,-10
"6835","6207雷科","110/07/13","日盛-木柵",9,1,8
"6836","6207雷科","110/07/13","元大-西螺",0,10,-10
"6837","6207雷科","110/07/13","兆豐-來福",8,0,8
"6838","6207雷科","110/07/13","康和-台中",0,8,-8
"6839","6207雷科","110/07/13","新光",7,0,7
"6840","6207雷科","110/07/13","兆豐-高雄",0,6,-6
"6841","3679新至陞","110/07/13","永豐金證券",50,0,50
"6842","3679新至陞","110/07/13","摩根大通",2,25,-23
"6843","3679新至陞","110/07/13","國泰-桃園",22,0,22
"6844","3679新至陞","110/07/13","元大-成功",0,22,-22
"6845","3679新至陞","110/07/13","台中銀-員林",11,0,11
"6846","3679新至陞","110/07/13","富邦-板橋",1,19,-18
"6847","3679新至陞","110/07/13","元大-文心興安",8,0,8
"6848","3679新至陞","110/07/13","日盛-新莊",0,10,-10
"6849","3679新至陞","110/07/13","美商高盛",6,0,6
"6850","3679新至陞","110/07/13","台新-台中",0,10,-10
"6851","3679新至陞","110/07/13","台新-高雄",6,0,6
"6852","3679新至陞","110/07/13","永豐金-新竹",0,8,-8
"6853","3679新至陞","110/07/13","凱基-台北",18,12,6
"6854","3679新至陞","110/07/13","瑞士信貸",12,19,-7
"6855","3679新至陞","110/07/13","日盛-復興",5,0,5
"6856","3679新至陞","110/07/13","統一-南京",0,7,-7
"6857","3679新至陞","110/07/13","(牛牛牛)亞-鑫豐",4,0,4
"6858","3679新至陞","110/07/13","凱基-新莊",0,7,-7
"6859","3679新至陞","110/07/13","元富-大昌",3,0,3
"6860","3679新至陞","110/07/13","新加坡商瑞銀",0,6,-6
"6861","3679新至陞","110/07/13","富邦-台北",3,0,3
"6862","3679新至陞","110/07/13","合庫-自強",0,5,-5
"6863","3679新至陞","110/07/13","日盛-樹林",2,0,2
"6864","3679新至陞","110/07/13","富邦-桃園",0,5,-5
"6865","3679新至陞","110/07/13","宏遠-光隆",2,0,2
"6866","3679新至陞","110/07/13","永豐金-潮州",0,4,-4
"6867","3679新至陞","110/07/13","美林",3,1,2
"6868","3679新至陞","110/07/13","臺銀-臺南",0,3,-3
"6869","3679新至陞","110/07/13","第一金-中壢",2,0,2
"6870","3679新至陞","110/07/13","元大-六合",0,3,-3
"6871","2727王品","110/07/13","富邦-台北",43,3,40
"6872","2727王品","110/07/13","台灣摩根士丹利",15,97,-82
"6873","2727王品","110/07/13","元大-基隆孝二",40,0,40
"6874","2727王品","110/07/13","玉山-台南",5,57,-52
"6875","2727王品","110/07/13","國票-新莊",40,1,39
"6876","2727王品","110/07/13","新加坡商瑞銀",0,48,-48
"6877","2727王品","110/07/13","第一金-豐原",66,42,24
"6878","2727王品","110/07/13","凱基-台北",41,77,-36
"6879","2727王品","110/07/13","永豐金-大園",34,10,24
"6880","2727王品","110/07/13","永豐金-永康",0,22,-22
"6881","2727王品","110/07/13","元大-北屯",22,0,22
"6882","2727王品","110/07/13","統一-台中",2,22,-20
"6883","2727王品","110/07/13","元大-東蘆",26,7,19
"6884","2727王品","110/07/13","國泰-台中",21,39,-18
"6885","2727王品","110/07/13","永豐金-萬盛",13,1,12
"6886","2727王品","110/07/13","合庫-彰化",3,20,-17
"6887","2727王品","110/07/13","日盛-嘉義",11,0,11
"6888","2727王品","110/07/13","港商野村",13,30,-17
"6889","2727王品","110/07/13","日盛-八德",11,0,11
"6890","2727王品","110/07/13","元大-楊梅",1,16,-15
"6891","2727王品","110/07/13","統一-竹南",11,0,11
"6892","2727王品","110/07/13","凱基-高美館",2,15,-13
"6893","2727王品","110/07/13","日盛-士林",12,2,10
"6894","2727王品","110/07/13","美商高盛",2,14,-12
"6895","2727王品","110/07/13","統一-敦南",10,0,10
"6896","2727王品","110/07/13","統一-平鎮",1,13,-12
"6897","2727王品","110/07/13","中國信託",15,5,10
"6898","2727王品","110/07/13","兆豐-台中港",4,16,-12
"6899","2727王品","110/07/13","兆豐-竹北",13,3,10
"6900","2727王品","110/07/13","凱基-八德",1,13,-12
"6901","1570力肯","110/07/13","新光",115,11,104
"6902","1570力肯","110/07/13","元大-北三重",0,162,-162
"6903","1570力肯","110/07/13","群益金鼎-高雄",54,0,54
"6904","1570力肯","110/07/13","元大-大灣",0,25,-25
"6905","1570力肯","110/07/13","國票-新莊",22,0,22
"6906","1570力肯","110/07/13","永豐金-苓雅",0,22,-22
"6907","1570力肯","110/07/13","日盛-桃園",12,0,12
"6908","1570力肯","110/07/13","永豐金-永康",0,19,-19
"6909","1570力肯","110/07/13","元大-高雄",12,0,12
"6910","1570力肯","110/07/13","富邦-員林",0,15,-15
"6911","1570力肯","110/07/13","合庫-自強",11,0,11
"6912","1570力肯","110/07/13","凱基-台南",0,11,-11
"6913","1570力肯","110/07/13","摩根大通",26,15,11
"6914","1570力肯","110/07/13","日盛-竹北",0,10,-10
"6915","1570力肯","110/07/13","永豐金-中盛",11,0,11
"6916","1570力肯","110/07/13","國票-九鼎",0,10,-10
"6917","1570力肯","110/07/13","兆豐-台中港",10,0,10
"6918","1570力肯","110/07/13","凱基-桃園",0,10,-10
"6919","1570力肯","110/07/13","國泰-松江",9,0,9
"6920","1570力肯","110/07/13","凱基-新豐",0,10,-10
"6921","1570力肯","110/07/13","元大-新盛",9,0,9
"6922","1570力肯","110/07/13","元大-學甲",0,10,-10
"6923","1570力肯","110/07/13","元富-緯城",6,0,6
"6924","1570力肯","110/07/13","群益金鼎-東湖",1,10,-9
"6925","1570力肯","110/07/13","統一-三重",5,0,5
"6926","1570力肯","110/07/13","大昌",0,6,-6
"6927","1570力肯","110/07/13","元大-前金",5,0,5
"6928","1570力肯","110/07/13","元大-土城學府",0,6,-6
"6929","1570力肯","110/07/13","永豐金證券",5,0,5
"6930","1570力肯","110/07/13","統一",0,5,-5
"6931","6180橘子","110/07/13","摩根大通",119,0,119
"6932","6180橘子","110/07/13","元大-崇德",2,61,-59
"6933","6180橘子","110/07/13","美商高盛",96,0,96
"6934","6180橘子","110/07/13","康和-台中",0,51,-51
"6935","6180橘子","110/07/13","新加坡商瑞銀",86,7,79
"6936","6180橘子","110/07/13","康和-台北",0,50,-50
"6937","6180橘子","110/07/13","元大-和平",40,0,40
"6938","6180橘子","110/07/13","元富-潮州",0,40,-40
"6939","6180橘子","110/07/13","凱基-台北",83,47,36
"6940","6180橘子","110/07/13","日盛-永康",0,26,-26
"6941","6180橘子","110/07/13","美林",39,5,34
"6942","6180橘子","110/07/13","永豐金-中正",0,24,-24
"6943","6180橘子","110/07/13","富邦-新竹華信",31,2,29
"6944","6180橘子","110/07/13","國泰-板橋",2,25,-23
"6945","6180橘子","110/07/13","統一-南京",21,0,21
"6946","6180橘子","110/07/13","日盛-大墩",0,20,-20
"6947","6180橘子","110/07/13","富邦-陽明",24,3,21
"6948","6180橘子","110/07/13","元大-草屯",13,32,-19
"6949","6180橘子","110/07/13","大昌-樹林",21,1,20
"6950","6180橘子","110/07/13","元富-林園",1,18,-17
"6951","6180橘子","110/07/13","花旗環球",19,0,19
"6952","6180橘子","110/07/13","新光-新竹",1,18,-17
"6953","6180橘子","110/07/13","華南永昌-台南",19,0,19
"6954","6180橘子","110/07/13","元大-土城永寧",0,17,-17
"6955","6180橘子","110/07/13","福勝",14,0,14
"6956","6180橘子","110/07/13","國泰-新莊",3,19,-16
"6957","6180橘子","110/07/13","富邦-嘉義",12,1,11
"6958","6180橘子","110/07/13","中國信託-永康",6,21,-15
"6959","6180橘子","110/07/13","元大-板橋三民",11,0,11
"6960","6180橘子","110/07/13","凱基-東港",1,15,-14
"6961","2390云辰","110/07/13","新加坡商瑞銀",562,75,487
"6962","2390云辰","110/07/13","大展-台南",0,532,-532
"6963","2390云辰","110/07/13","台灣摩根士丹利",330,155,175
"6964","2390云辰","110/07/13","凱基-台北",668,854,-186
"6965","2390云辰","110/07/13","兆豐-公益",126,25,101
"6966","2390云辰","110/07/13","凱基-三重",12,172,-160
"6967","2390云辰","110/07/13","元富-中港",100,2,98
"6968","2390云辰","110/07/13","兆豐-忠孝",4,161,-157
"6969","2390云辰","110/07/13","統一-新台中",106,9,97
"6970","2390云辰","110/07/13","元大-士林",19,170,-151
"6971","2390云辰","110/07/13","中國信託-松江",81,11,70
"6972","2390云辰","110/07/13","臺銀-新竹",14,117,-103
"6973","2390云辰","110/07/13","日盛-板橋",72,3,69
"6974","2390云辰","110/07/13","國票-台中",4,102,-98
"6975","2390云辰","110/07/13","日盛-和美",57,0,57
"6976","2390云辰","110/07/13","新光",147,232,-85
"6977","2390云辰","110/07/13","永豐金-桃園",88,36,52
"6978","2390云辰","110/07/13","致和-崇德",2,70,-68
"6979","2390云辰","110/07/13","玉山-士林",54,4,50
"6980","2390云辰","110/07/13","群益金鼎-屏東",2,70,-68
"6981","2390云辰","110/07/13","富邦-仁愛",56,6,50
"6982","2390云辰","110/07/13","元大-大里",35,98,-63
"6983","2390云辰","110/07/13","第一金-豐原",50,1,49
"6984","2390云辰","110/07/13","元大-萬華",35,94,-59
"6985","2390云辰","110/07/13","摩根大通",502,453,49
"6986","2390云辰","110/07/13","元富-吉利",2,60,-58
"6987","2390云辰","110/07/13","凱基-松山",61,13,48
"6988","2390云辰","110/07/13","兆豐-新竹",3,53,-50
"6989","2390云辰","110/07/13","大昌",64,22,42
"6990","2390云辰","110/07/13","富邦-嘉義",65,108,-43
"6991","2363矽統","110/07/12","凱基-幸福",4046,31,4015
"6992","2363矽統","110/07/12","台新證券",478,2105,-1627
"6993","2363矽統","110/07/12","統一",3504,120,3384
"6994","2363矽統","110/07/12","第一金-忠孝",4,1068,-1064
"6995","2363矽統","110/07/12","摩根大通",3006,2149,857
"6996","2363矽統","110/07/12","台新-台中",381,1003,-622
"6997","2363矽統","110/07/12","永豐金證券",1428,610,818
"6998","2363矽統","110/07/12","新光",1295,1822,-527
"6999","2363矽統","110/07/12","兆豐-復興",1936,1233,703
"7000","2363矽統","110/07/12","大昌-樹林",54,537,-483
"7001","2363矽統","110/07/12","台灣摩根士丹利",701,0,701
"7002","2363矽統","110/07/12","華南永昌-台中",90,549,-459
"7003","2363矽統","110/07/12","永豐金-南投",803,145,658
"7004","2363矽統","110/07/12","玉山-高雄",167,612,-445
"7005","2363矽統","110/07/12","統一-仁愛",1214,586,628
"7006","2363矽統","110/07/12","元富-同大",201,540,-339
"7007","2363矽統","110/07/12","統一-土城",688,75,613
"7008","2363矽統","110/07/12","華南永昌-東勢",31,367,-336
"7009","2363矽統","110/07/12","統一-城中",711,131,580
"7010","2363矽統","110/07/12","土銀-花蓮",9,333,-324
"7011","2363矽統","110/07/12","統一-敦南",632,54,578
"7012","2363矽統","110/07/12","凱基-豐中",120,434,-314
"7013","2363矽統","110/07/12","新加坡商瑞銀",1232,731,501
"7014","2363矽統","110/07/12","永豐金-竹科",54,323,-269
"7015","2363矽統","110/07/12","元富",2640,2142,498
"7016","2363矽統","110/07/12","元大-斗六",53,300,-247
"7017","2363矽統","110/07/12","凱基-永和",460,31,429
"7018","2363矽統","110/07/12","華南永昌-朴子",47,278,-231
"7019","2363矽統","110/07/12","第一金",380,22,358
"7020","2363矽統","110/07/12","永豐金-彰化",22,228,-206
"7021","8112至上","110/07/12","摩根大通",1167,290,877
"7022","8112至上","110/07/12","群益金鼎-新莊",1,156,-155
"7023","8112至上","110/07/12","凱基-台北",983,546,437
"7024","8112至上","110/07/12","國票-中港",0,131,-131
"7025","8112至上","110/07/12","新加坡商瑞銀",429,12,417
"7026","8112至上","110/07/12","元大證券",10,136,-126
"7027","8112至上","110/07/12","元大-屏南",360,2,358
"7028","8112至上","110/07/12","元大-中壢",11,135,-124
"7029","8112至上","110/07/12","美林",323,15,308
"7030","8112至上","110/07/12","合庫-基隆",0,122,-122
"7031","8112至上","110/07/12","台灣摩根士丹利",299,0,299
"7032","8112至上","110/07/12","群益金鼎-高盛",4,103,-99
"7033","8112至上","110/07/12","港商野村",267,28,239
"7034","8112至上","110/07/12","新光",110,202,-92
"7035","8112至上","110/07/12","大慶",165,3,162
"7036","8112至上","110/07/12","元大-府城",2,94,-92
"7037","8112至上","110/07/12","永豐金-台南",170,29,141
"7038","8112至上","110/07/12","富邦-板橋",5,92,-87
"7039","8112至上","110/07/12","華南永昌-長虹",128,2,126
"7040","8112至上","110/07/12","元大-土城",8,89,-81
"7041","8112至上","110/07/12","富邦-仁愛",157,51,106
"7042","8112至上","110/07/12","日盛-頭份",40,117,-77
"7043","8112至上","110/07/12","瑞士信貸",104,0,104
"7044","8112至上","110/07/12","玉山-嘉義",3,80,-77
"7045","8112至上","110/07/12","凱基-站前",100,11,89
"7046","8112至上","110/07/12","永豐金-松山",4,79,-75
"7047","8112至上","110/07/12","富邦-北港",90,3,87
"7048","8112至上","110/07/12","元大-敦南",3,75,-72
"7049","8112至上","110/07/12","元大-北港",101,20,81
"7050","8112至上","110/07/12","元富-大裕",6,77,-71
"7051","4903聯光通","110/07/12","台灣企銀-太平",19,0,19
"7052","4903聯光通","110/07/12","玉山-南京東路",0,16,-16
"7053","4903聯光通","110/07/12","統一-土城",17,0,17
"7054","4903聯光通","110/07/12","新光",0,14,-14
"7055","4903聯光通","110/07/12","國票-博愛",14,0,14
"7056","4903聯光通","110/07/12","兆豐-彰化",0,10,-10
"7057","4903聯光通","110/07/12","新光-台中",15,2,13
"7058","4903聯光通","110/07/12","國票",0,10,-10
"7059","4903聯光通","110/07/12","元大-彰化",11,0,11
"7060","4903聯光通","110/07/12","富邦-敦南",0,10,-10
"7061","4903聯光通","110/07/12","華南永昌-林口",10,0,10
"7062","4903聯光通","110/07/12","元大-前金",0,9,-9
"7063","4903聯光通","110/07/12","永豐金-南投",9,0,9
"7064","4903聯光通","110/07/12","日盛-頭份",0,8,-8
"7065","4903聯光通","110/07/12","元大-清水",8,0,8
"7066","4903聯光通","110/07/12","元大-太平",0,8,-8
"7067","4903聯光通","110/07/12","元大-博愛",8,0,8
"7068","4903聯光通","110/07/12","兆豐-埔墘",0,7,-7
"7069","4903聯光通","110/07/12","玉山-新莊",5,0,5
"7070","4903聯光通","110/07/12","臺銀-民權",0,5,-5
"7071","4903聯光通","110/07/12","凱基-士林",10,5,5
"7072","4903聯光通","110/07/12","富邦-板橋",0,5,-5
"7073","4903聯光通","110/07/12","元大-斗六",4,0,4
"7074","4903聯光通","110/07/12","元大-土城永寧",0,5,-5
"7075","4903聯光通","110/07/12","永豐金-羅東",4,0,4
"7076","4903聯光通","110/07/12","台新證券",0,4,-4
"7077","4903聯光通","110/07/12","日盛-樹林",3,0,3
"7078","4903聯光通","110/07/12","凱基-中壢",0,4,-4
"7079","4903聯光通","110/07/12","華南永昌-鶯歌",2,0,2
"7080","4903聯光通","110/07/12","元大-羅東",0,4,-4
"7081","2929淘帝","110/07/12","新光-台中",95,36,59
"7082","2929淘帝","110/07/12","華南永昌-林口",7,208,-201
"7083","2929淘帝","110/07/12","富邦-板橋",62,5,57
"7084","2929淘帝","110/07/12","富邦-台北",6,200,-194
"7085","2929淘帝","110/07/12","合庫-高雄",56,6,50
"7086","2929淘帝","110/07/12","元富-大裕",11,200,-189
"7087","2929淘帝","110/07/12","永興",41,0,41
"7088","2929淘帝","110/07/12","台中銀-台北",0,160,-160
"7089","2929淘帝","110/07/12","兆豐-忠孝",58,18,40
"7090","2929淘帝","110/07/12","日盛-園區",1,111,-110
"7091","2929淘帝","110/07/12","新光-高雄",39,3,36
"7092","2929淘帝","110/07/12","日盛-八德",0,88,-88
"7093","2929淘帝","110/07/12","凱基-豐中",36,0,36
"7094","2929淘帝","110/07/12","玉山-新竹",32,110,-78
"7095","2929淘帝","110/07/12","元大-民生",35,0,35
"7096","2929淘帝","110/07/12","元大-前金",0,72,-72
"7097","2929淘帝","110/07/12","臺銀-臺南",32,1,31
"7098","2929淘帝","110/07/12","元大-館前",12,83,-71
"7099","2929淘帝","110/07/12","台新證券",44,13,31
"7100","2929淘帝","110/07/12","華南永昌",1,57,-56
"7101","2929淘帝","110/07/12","新百王",30,0,30
"7102","2929淘帝","110/07/12","元大-南崁",4,59,-55
"7103","2929淘帝","110/07/12","群益金鼎-大興",30,0,30
"7104","2929淘帝","110/07/12","元大-嘉義",0,51,-51
"7105","2929淘帝","110/07/12","凱基-台北",32,5,27
"7106","2929淘帝","110/07/12","日茂",1,50,-49
"7107","2929淘帝","110/07/12","元富-城東",26,0,26
"7108","2929淘帝","110/07/12","新光",35,83,-48
"7109","2929淘帝","110/07/12","國泰-松江",26,0,26
"7110","2929淘帝","110/07/12","日盛-新竹",1,48,-47
"7111","5410國眾","110/07/12","群益金鼎-中壢",68,0,68
"7112","5410國眾","110/07/12","摩根大通",6,67,-61
"7113","5410國眾","110/07/12","凱基-市政",40,0,40
"7114","5410國眾","110/07/12","元富-嘉義",0,60,-60
"7115","5410國眾","110/07/12","凱基-竹北",38,0,38
"7116","5410國眾","110/07/12","凱基-台北",0,51,-51
"7117","5410國眾","110/07/12","華南永昌-三重",30,0,30
"7118","5410國眾","110/07/12","元富-大裕",0,33,-33
"7119","5410國眾","110/07/12","永興",20,0,20
"7120","5410國眾","110/07/12","日盛-木柵",0,15,-15
"7121","5410國眾","110/07/12","統一-新台中",20,0,20
"7122","5410國眾","110/07/12","群益金鼎-民權",0,15,-15
"7123","5410國眾","110/07/12","兆豐-三重",20,0,20
"7124","5410國眾","110/07/12","元富-緯城",0,14,-14
"7125","5410國眾","110/07/12","富邦-台中",20,0,20
"7126","5410國眾","110/07/12","元大-大同",0,12,-12
"7127","5410國眾","110/07/12","臺銀",15,0,15
"7128","5410國眾","110/07/12","元大-莒光",0,10,-10
"7129","5410國眾","110/07/12","新光-桃園",20,6,14
"7130","5410國眾","110/07/12","元大-博愛",0,10,-10
"7131","5410國眾","110/07/12","元大-員林",12,0,12
"7132","5410國眾","110/07/12","日盛-永康",0,8,-8
"7133","5410國眾","110/07/12","日盛-員林",10,0,10
"7134","5410國眾","110/07/12","元大-四維",5,13,-8
"7135","5410國眾","110/07/12","元大-新盛",10,0,10
"7136","5410國眾","110/07/12","新加坡商瑞銀",0,7,-7
"7137","5410國眾","110/07/12","永豐金-台南",10,0,10
"7138","5410國眾","110/07/12","致和-金華",0,7,-7
"7139","5410國眾","110/07/12","元富-新莊",8,0,8
"7140","5410國眾","110/07/12","新光-新竹",0,7,-7
"7141","2841台開","110/07/12","永豐金-敦南",139,26,113
"7142","2841台開","110/07/12","華南永昌-朴子",0,528,-528
"7143","2841台開","110/07/12","日盛-雙和",68,0,68
"7144","2841台開","110/07/12","元大-苑裡",2,50,-48
"7145","2841台開","110/07/12","台新證券",62,4,58
"7146","2841台開","110/07/12","群益金鼎-東湖",0,40,-40
"7147","2841台開","110/07/12","凱基-文心",50,0,50
"7148","2841台開","110/07/12","第一金-員林",0,30,-30
"7149","2841台開","110/07/12","第一金-台中",45,0,45
"7150","2841台開","110/07/12","德信-中正",0,20,-20
"7151","2841台開","110/07/12","富邦-嘉義",40,0,40
"7152","2841台開","110/07/12","兆豐-嘉義",0,20,-20
"7153","2841台開","110/07/12","日盛-木柵",30,0,30
"7154","2841台開","110/07/12","彰銀-七賢",0,15,-15
"7155","2841台開","110/07/12","中國信託-文心",31,3,28
"7156","2841台開","110/07/12","元大-承德",0,14,-14
"7157","2841台開","110/07/12","元大-福營",30,7,23
"7158","2841台開","110/07/12","元富",0,12,-12
"7159","2841台開","110/07/12","台中銀",20,0,20
"7160","2841台開","110/07/12","富邦-陽明",0,11,-11
"7161","2841台開","110/07/12","國泰-板橋",20,0,20
"7162","2841台開","110/07/12","元大證券",0,11,-11
"7163","2841台開","110/07/12","元大-前金",20,0,20
"7164","2841台開","110/07/12","元大-大甲",0,10,-10
"7165","2841台開","110/07/12","中國信託-高雄",16,1,15
"7166","2841台開","110/07/12","日盛-新竹",0,8,-8
"7167","2841台開","110/07/12","陽信-石牌",15,0,15
"7168","2841台開","110/07/12","元富-城東",0,8,-8
"7169","2841台開","110/07/12","永豐金-南投",15,0,15
"7170","2841台開","110/07/12","玉山-台南",2,10,-8
"7171","6207雷科","110/07/12","元大-高雄",34,0,34
"7172","6207雷科","110/07/12","永豐金-三重",1,32,-31
"7173","6207雷科","110/07/12","華南永昌-林口",16,1,15
"7174","6207雷科","110/07/12","永全-八德",0,30,-30
"7175","6207雷科","110/07/12","摩根大通",19,6,13
"7176","6207雷科","110/07/12","國泰-台中",0,14,-14
"7177","6207雷科","110/07/12","元富-埔里",10,0,10
"7178","6207雷科","110/07/12","第一金-澎湖",0,10,-10
"7179","6207雷科","110/07/12","凱基-台南",10,0,10
"7180","6207雷科","110/07/12","元富-林園",0,10,-10
"7181","6207雷科","110/07/12","新加坡商瑞銀",9,0,9
"7182","6207雷科","110/07/12","元大-東門",0,10,-10
"7183","6207雷科","110/07/12","瑞士信貸",8,0,8
"7184","6207雷科","110/07/12","兆豐-嘉義",0,4,-4
"7185","6207雷科","110/07/12","中國信託-高雄",9,1,8
"7186","6207雷科","110/07/12","新光",0,4,-4
"7187","6207雷科","110/07/12","凱基-高雄",6,0,6
"7188","6207雷科","110/07/12","新光-台中",0,4,-4
"7189","6207雷科","110/07/12","元大-六合",6,0,6
"7190","6207雷科","110/07/12","群益金鼎-開元",0,4,-4
"7191","6207雷科","110/07/12","永豐金-信義",6,0,6
"7192","6207雷科","110/07/12","凱基-桃園",0,4,-4
"7193","6207雷科","110/07/12","群益金鼎-土城",5,0,5
"7194","6207雷科","110/07/12","凱基-民權",0,4,-4
"7195","6207雷科","110/07/12","群益金鼎-竹南",5,0,5
"7196","6207雷科","110/07/12","玉山-新莊",0,3,-3
"7197","6207雷科","110/07/12","元大-大灣",5,1,4
"7198","6207雷科","110/07/12","國泰-松江",0,3,-3
"7199","6207雷科","110/07/12","永興",3,0,3
"7200","6207雷科","110/07/12","富邦-羅東",0,3,-3
"7201","3679新至陞","110/07/12","富邦-新竹華信",40,2,38
"7202","3679新至陞","110/07/12","瑞士信貸",0,45,-45
"7203","3679新至陞","110/07/12","台中銀-員林",28,2,26
"7204","3679新至陞","110/07/12","永豐金-天母",0,39,-39
"7205","3679新至陞","110/07/12","聯邦-大業",24,0,24
"7206","3679新至陞","110/07/12","摩根大通",7,35,-28
"7207","3679新至陞","110/07/12","永豐金證券",20,0,20
"7208","3679新至陞","110/07/12","凱基-台北",8,36,-28
"7209","3679新至陞","110/07/12","港商法國興業",14,0,14
"7210","3679新至陞","110/07/12","華南永昌-小港",1,23,-22
"7211","3679新至陞","110/07/12","日盛-樹林",13,1,12
"7212","3679新至陞","110/07/12","台新-台中",0,15,-15
"7213","3679新至陞","110/07/12","國泰-桃園",9,0,9
"7214","3679新至陞","110/07/12","統一-台中",0,12,-12
"7215","3679新至陞","110/07/12","宏遠-館前",8,0,8
"7216","3679新至陞","110/07/12","元大-成功",1,12,-11
"7217","3679新至陞","110/07/12","凱基",10,2,8
"7218","3679新至陞","110/07/12","康和-澎湖",0,8,-8
"7219","3679新至陞","110/07/12","(牛牛牛)亞-網路",7,0,7
"7220","3679新至陞","110/07/12","新加坡商瑞銀",0,7,-7
"7221","3679新至陞","110/07/12","兆豐-員林",7,0,7
"7222","3679新至陞","110/07/12","兆豐-來福",0,7,-7
"7223","3679新至陞","110/07/12","大慶-蘆洲",5,0,5
"7224","3679新至陞","110/07/12","元大-佳里",0,6,-6
"7225","3679新至陞","110/07/12","土銀-花蓮",4,0,4
"7226","3679新至陞","110/07/12","美商高盛",0,5,-5
"7227","3679新至陞","110/07/12","台新-高雄",5,1,4
"7228","3679新至陞","110/07/12","國票-新莊",0,5,-5
"7229","3679新至陞","110/07/12","元大-天母",4,0,4
"7230","3679新至陞","110/07/12","台新-屏東",0,5,-5
"7231","2727王品","110/07/12","凱基-台北",354,198,156
"7232","2727王品","110/07/12","台灣摩根士丹利",5,386,-381
"7233","2727王品","110/07/12","統一-城中",159,22,137
"7234","2727王品","110/07/12","元大-嘉義",4,60,-56
"7235","2727王品","110/07/12","日盛-忠孝",60,0,60
"7236","2727王品","110/07/12","元大-大同",2,44,-42
"7237","2727王品","110/07/12","永豐金-忠孝",45,5,40
"7238","2727王品","110/07/12","國泰-台中",32,73,-41
"7239","2727王品","110/07/12","合庫-新竹",31,0,31
"7240","2727王品","110/07/12","元大證券",127,163,-36
"7241","2727王品","110/07/12","富邦-台中",31,3,28
"7242","2727王品","110/07/12","凱基",1,33,-32
"7243","2727王品","110/07/12","元大-桃園",35,10,25
"7244","2727王品","110/07/12","永全-南崁",1,31,-30
"7245","2727王品","110/07/12","新加坡商瑞銀",28,4,24
"7246","2727王品","110/07/12","凱基-和平",2,32,-30
"7247","2727王品","110/07/12","群益金鼎-古亭",25,2,23
"7248","2727王品","110/07/12","永豐金-大園",8,38,-30
"7249","2727王品","110/07/12","元大-龍潭",29,7,22
"7250","2727王品","110/07/12","瑞士信貸",0,28,-28
"7251","2727王品","110/07/12","永豐金-永康",25,3,22
"7252","2727王品","110/07/12","元富",17,44,-27
"7253","2727王品","110/07/12","富邦-竹北",24,3,21
"7254","2727王品","110/07/12","元大-北屯",5,32,-27
"7255","2727王品","110/07/12","群益金鼎-松山",20,0,20
"7256","2727王品","110/07/12","華南永昌",3,28,-25
"7257","2727王品","110/07/12","元大-八德",20,0,20
"7258","2727王品","110/07/12","統一-竹南",1,23,-22
"7259","2727王品","110/07/12","元大-南京",25,6,19
"7260","2727王品","110/07/12","永豐金證券",4,26,-22
"7261","1570力肯","110/07/12","國票-北高雄",40,0,40
"7262","1570力肯","110/07/12","日盛-竹北",0,40,-40
"7263","1570力肯","110/07/12","摩根大通",16,0,16
"7264","1570力肯","110/07/12","第一金-華江",1,38,-37
"7265","1570力肯","110/07/12","新光",31,19,12
"7266","1570力肯","110/07/12","元大-永春",0,26,-26
"7267","1570力肯","110/07/12","元大-台中中港",12,0,12
"7268","1570力肯","110/07/12","元大-古亭",1,20,-19
"7269","1570力肯","110/07/12","日盛-高雄",10,0,10
"7270","1570力肯","110/07/12","國泰-松江",0,16,-16
"7271","1570力肯","110/07/12","第一金-路竹",10,0,10
"7272","1570力肯","110/07/12","台新-台南",0,15,-15
"7273","1570力肯","110/07/12","台新-新莊",10,0,10
"7274","1570力肯","110/07/12","康和-石牌",0,15,-15
"7275","1570力肯","110/07/12","元大-新盛",9,0,9
"7276","1570力肯","110/07/12","國泰-板橋",0,11,-11
"7277","1570力肯","110/07/12","凱基-台北",8,0,8
"7278","1570力肯","110/07/12","元大-高雄",0,11,-11
"7279","1570力肯","110/07/12","彰銀-七賢",6,0,6
"7280","1570力肯","110/07/12","兆豐-桃園",0,10,-10
"7281","1570力肯","110/07/12","元富-緯城",6,0,6
"7282","1570力肯","110/07/12","元大-大益",0,10,-10
"7283","1570力肯","110/07/12","華南永昌-古亭",6,0,6
"7284","1570力肯","110/07/12","中國信託-文心",0,5,-5
"7285","1570力肯","110/07/12","富邦-陽明",6,0,6
"7286","1570力肯","110/07/12","光和",0,5,-5
"7287","1570力肯","110/07/12","臺銀-臺南",5,0,5
"7288","1570力肯","110/07/12","陽信-石牌",0,5,-5
"7289","1570力肯","110/07/12","宏遠-館前",5,0,5
"7290","1570力肯","110/07/12","國泰-高雄",0,5,-5
"7291","6180橘子","110/07/12","康和-台中",32,2,30
"7292","6180橘子","110/07/12","新百王",1,40,-39
"7293","6180橘子","110/07/12","美林",32,3,29
"7294","6180橘子","110/07/12","富邦-陽明",4,42,-38
"7295","6180橘子","110/07/12","元大-羅東",21,0,21
"7296","6180橘子","110/07/12","新光",3,32,-29
"7297","6180橘子","110/07/12","兆豐-埔墘",16,0,16
"7298","6180橘子","110/07/12","日盛-文化",4,20,-16
"7299","6180橘子","110/07/12","元大-雙和",12,0,12
"7300","6180橘子","110/07/12","華南永昌-鶯歌",0,15,-15
"7301","6180橘子","110/07/12","美商高盛",18,7,11
"7302","6180橘子","110/07/12","中國信託-忠孝",7,20,-13
"7303","6180橘子","110/07/12","台新證券",14,3,11
"7304","6180橘子","110/07/12","凱基-台北",5,17,-12
"7305","6180橘子","110/07/12","元大-中壢",12,1,11
"7306","6180橘子","110/07/12","凱基-高雄",0,11,-11
"7307","6180橘子","110/07/12","統一-南京",10,0,10
"7308","6180橘子","110/07/12","凱基-大安",0,10,-10
"7309","6180橘子","110/07/12","致和-崇德",10,0,10
"7310","6180橘子","110/07/12","元大-北屯",0,10,-10
"7311","6180橘子","110/07/12","玉山-板橋",10,0,10
"7312","6180橘子","110/07/12","元大-南京",0,9,-9
"7313","6180橘子","110/07/12","富邦-仁愛",10,0,10
"7314","6180橘子","110/07/12","元大-台南",1,10,-9
"7315","6180橘子","110/07/12","摩根大通",10,1,9
"7316","6180橘子","110/07/12","康和-澎湖",0,8,-8
"7317","6180橘子","110/07/12","元富-林園",8,0,8
"7318","6180橘子","110/07/12","第一金-台中",0,7,-7
"7319","6180橘子","110/07/12","大慶-富順",7,0,7
"7320","6180橘子","110/07/12","台新-台南",1,8,-7
"7321","2390云辰","110/07/12","統一-新台中",170,0,170
"7322","2390云辰","110/07/12","元大-天母",2,450,-448
"7323","2390云辰","110/07/12","華南永昌-麻豆",137,2,135
"7324","2390云辰","110/07/12","國泰-忠孝",1,143,-142
"7325","2390云辰","110/07/12","元富-成功",103,14,89
"7326","2390云辰","110/07/12","摩根大通",377,512,-135
"7327","2390云辰","110/07/12","元大-土城學府",146,69,77
"7328","2390云辰","110/07/12","台灣摩根士丹利",0,91,-91
"7329","2390云辰","110/07/12","永豐金-永康",76,4,72
"7330","2390云辰","110/07/12","美林",84,146,-62
"7331","2390云辰","110/07/12","台中銀",73,2,71
"7332","2390云辰","110/07/12","華南永昌-嘉義",2,61,-59
"7333","2390云辰","110/07/12","大昌",63,3,60
"7334","2390云辰","110/07/12","永豐金-羅東",0,49,-49
"7335","2390云辰","110/07/12","合庫-三重",50,0,50
"7336","2390云辰","110/07/12","玉山-台中",6,53,-47
"7337","2390云辰","110/07/12","元富-高雄",93,50,43
"7338","2390云辰","110/07/12","玉山-新莊",2,48,-46
"7339","2390云辰","110/07/12","元大-館前",40,4,36
"7340","2390云辰","110/07/12","元大-大里",7,52,-45
"7341","2390云辰","110/07/12","港商野村",143,109,34
"7342","2390云辰","110/07/12","元大-內湖",3,48,-45
"7343","2390云辰","110/07/12","元大-雙和",34,0,34
"7344","2390云辰","110/07/12","永豐金-市政",1,42,-41
"7345","2390云辰","110/07/12","群益金鼎-民權",33,2,31
"7346","2390云辰","110/07/12","元大-學甲",1,41,-40
"7347","2390云辰","110/07/12","日盛-八德",40,10,30
"7348","2390云辰","110/07/12","兆豐-高雄",2,41,-39
"7349","2390云辰","110/07/12","國票-嘉義",30,0,30
"7350","2390云辰","110/07/12","新加坡商瑞銀",21,59,-38
"7351","4903聯光通","110/07/12","台灣企銀-太平",19,0,19
"7352","4903聯光通","110/07/12","玉山-南京東路",0,16,-16
"7353","4903聯光通","110/07/12","統一-土城",17,0,17
"7354","4903聯光通","110/07/12","新光",0,14,-14
"7355","4903聯光通","110/07/12","國票-博愛",14,0,14
"7356","4903聯光通","110/07/12","兆豐-彰化",0,10,-10
"7357","4903聯光通","110/07/12","新光-台中",15,2,13
"7358","4903聯光通","110/07/12","國票",0,10,-10
"7359","4903聯光通","110/07/12","元大-彰化",11,0,11
"7360","4903聯光通","110/07/12","富邦-敦南",0,10,-10
"7361","4903聯光通","110/07/12","華南永昌-林口",10,0,10
"7362","4903聯光通","110/07/12","元大-前金",0,9,-9
"7363","4903聯光通","110/07/12","永豐金-南投",9,0,9
"7364","4903聯光通","110/07/12","日盛-頭份",0,8,-8
"7365","4903聯光通","110/07/12","元大-清水",8,0,8
"7366","4903聯光通","110/07/12","元大-太平",0,8,-8
"7367","4903聯光通","110/07/12","元大-博愛",8,0,8
"7368","4903聯光通","110/07/12","兆豐-埔墘",0,7,-7
"7369","4903聯光通","110/07/12","玉山-新莊",5,0,5
"7370","4903聯光通","110/07/12","臺銀-民權",0,5,-5
"7371","4903聯光通","110/07/12","凱基-士林",10,5,5
"7372","4903聯光通","110/07/12","富邦-板橋",0,5,-5
"7373","4903聯光通","110/07/12","元大-斗六",4,0,4
"7374","4903聯光通","110/07/12","元大-土城永寧",0,5,-5
"7375","4903聯光通","110/07/12","永豐金-羅東",4,0,4
"7376","4903聯光通","110/07/12","台新證券",0,4,-4
"7377","4903聯光通","110/07/12","日盛-樹林",3,0,3
"7378","4903聯光通","110/07/12","凱基-中壢",0,4,-4
"7379","4903聯光通","110/07/12","華南永昌-鶯歌",2,0,2
"7380","4903聯光通","110/07/12","元大-羅東",0,4,-4
"7381","2929淘帝","110/07/12","新光-台中",95,36,59
"7382","2929淘帝","110/07/12","華南永昌-林口",7,208,-201
"7383","2929淘帝","110/07/12","富邦-板橋",62,5,57
"7384","2929淘帝","110/07/12","富邦-台北",6,200,-194
"7385","2929淘帝","110/07/12","合庫-高雄",56,6,50
"7386","2929淘帝","110/07/12","元富-大裕",11,200,-189
"7387","2929淘帝","110/07/12","永興",41,0,41
"7388","2929淘帝","110/07/12","台中銀-台北",0,160,-160
"7389","2929淘帝","110/07/12","兆豐-忠孝",58,18,40
"7390","2929淘帝","110/07/12","日盛-園區",1,111,-110
"7391","2929淘帝","110/07/12","新光-高雄",39,3,36
"7392","2929淘帝","110/07/12","日盛-八德",0,88,-88
"7393","2929淘帝","110/07/12","凱基-豐中",36,0,36
"7394","2929淘帝","110/07/12","玉山-新竹",32,110,-78
"7395","2929淘帝","110/07/12","元大-民生",35,0,35
"7396","2929淘帝","110/07/12","元大-前金",0,72,-72
"7397","2929淘帝","110/07/12","臺銀-臺南",32,1,31
"7398","2929淘帝","110/07/12","元大-館前",12,83,-71
"7399","2929淘帝","110/07/12","台新證券",44,13,31
"7400","2929淘帝","110/07/12","華南永昌",1,57,-56
"7401","2929淘帝","110/07/12","新百王",30,0,30
"7402","2929淘帝","110/07/12","元大-南崁",4,59,-55
"7403","2929淘帝","110/07/12","群益金鼎-大興",30,0,30
"7404","2929淘帝","110/07/12","元大-嘉義",0,51,-51
"7405","2929淘帝","110/07/12","凱基-台北",32,5,27
"7406","2929淘帝","110/07/12","日茂",1,50,-49
"7407","2929淘帝","110/07/12","元富-城東",26,0,26
"7408","2929淘帝","110/07/12","新光",35,83,-48
"7409","2929淘帝","110/07/12","國泰-松江",26,0,26
"7410","2929淘帝","110/07/12","日盛-新竹",1,48,-47
"7411","5410國眾","110/07/12","群益金鼎-中壢",68,0,68
"7412","5410國眾","110/07/12","摩根大通",6,67,-61
"7413","5410國眾","110/07/12","凱基-市政",40,0,40
"7414","5410國眾","110/07/12","元富-嘉義",0,60,-60
"7415","5410國眾","110/07/12","凱基-竹北",38,0,38
"7416","5410國眾","110/07/12","凱基-台北",0,51,-51
"7417","5410國眾","110/07/12","華南永昌-三重",30,0,30
"7418","5410國眾","110/07/12","元富-大裕",0,33,-33
"7419","5410國眾","110/07/12","永興",20,0,20
"7420","5410國眾","110/07/12","日盛-木柵",0,15,-15
"7421","5410國眾","110/07/12","統一-新台中",20,0,20
"7422","5410國眾","110/07/12","群益金鼎-民權",0,15,-15
"7423","5410國眾","110/07/12","兆豐-三重",20,0,20
"7424","5410國眾","110/07/12","元富-緯城",0,14,-14
"7425","5410國眾","110/07/12","富邦-台中",20,0,20
"7426","5410國眾","110/07/12","元大-大同",0,12,-12
"7427","5410國眾","110/07/12","臺銀",15,0,15
"7428","5410國眾","110/07/12","元大-莒光",0,10,-10
"7429","5410國眾","110/07/12","新光-桃園",20,6,14
"7430","5410國眾","110/07/12","元大-博愛",0,10,-10
"7431","5410國眾","110/07/12","元大-員林",12,0,12
"7432","5410國眾","110/07/12","日盛-永康",0,8,-8
"7433","5410國眾","110/07/12","日盛-員林",10,0,10
"7434","5410國眾","110/07/12","元大-四維",5,13,-8
"7435","5410國眾","110/07/12","元大-新盛",10,0,10
"7436","5410國眾","110/07/12","新加坡商瑞銀",0,7,-7
"7437","5410國眾","110/07/12","永豐金-台南",10,0,10
"7438","5410國眾","110/07/12","致和-金華",0,7,-7
"7439","5410國眾","110/07/12","元富-新莊",8,0,8
"7440","5410國眾","110/07/12","新光-新竹",0,7,-7
"7441","2841台開","110/07/12","永豐金-敦南",139,26,113
"7442","2841台開","110/07/12","華南永昌-朴子",0,528,-528
"7443","2841台開","110/07/12","日盛-雙和",68,0,68
"7444","2841台開","110/07/12","元大-苑裡",2,50,-48
"7445","2841台開","110/07/12","台新證券",62,4,58
"7446","2841台開","110/07/12","群益金鼎-東湖",0,40,-40
"7447","2841台開","110/07/12","凱基-文心",50,0,50
"7448","2841台開","110/07/12","第一金-員林",0,30,-30
"7449","2841台開","110/07/12","第一金-台中",45,0,45
"7450","2841台開","110/07/12","德信-中正",0,20,-20
"7451","2841台開","110/07/12","富邦-嘉義",40,0,40
"7452","2841台開","110/07/12","兆豐-嘉義",0,20,-20
"7453","2841台開","110/07/12","日盛-木柵",30,0,30
"7454","2841台開","110/07/12","彰銀-七賢",0,15,-15
"7455","2841台開","110/07/12","中國信託-文心",31,3,28
"7456","2841台開","110/07/12","元大-承德",0,14,-14
"7457","2841台開","110/07/12","元大-福營",30,7,23
"7458","2841台開","110/07/12","元富",0,12,-12
"7459","2841台開","110/07/12","台中銀",20,0,20
"7460","2841台開","110/07/12","富邦-陽明",0,11,-11
"7461","2841台開","110/07/12","國泰-板橋",20,0,20
"7462","2841台開","110/07/12","元大證券",0,11,-11
"7463","2841台開","110/07/12","元大-前金",20,0,20
"7464","2841台開","110/07/12","元大-大甲",0,10,-10
"7465","2841台開","110/07/12","中國信託-高雄",16,1,15
"7466","2841台開","110/07/12","日盛-新竹",0,8,-8
"7467","2841台開","110/07/12","陽信-石牌",15,0,15
"7468","2841台開","110/07/12","元富-城東",0,8,-8
"7469","2841台開","110/07/12","永豐金-南投",15,0,15
"7470","2841台開","110/07/12","玉山-台南",2,10,-8
"7471","6207雷科","110/07/12","元大-高雄",34,0,34
"7472","6207雷科","110/07/12","永豐金-三重",1,32,-31
"7473","6207雷科","110/07/12","華南永昌-林口",16,1,15
"7474","6207雷科","110/07/12","永全-八德",0,30,-30
"7475","6207雷科","110/07/12","摩根大通",19,6,13
"7476","6207雷科","110/07/12","國泰-台中",0,14,-14
"7477","6207雷科","110/07/12","元富-埔里",10,0,10
"7478","6207雷科","110/07/12","第一金-澎湖",0,10,-10
"7479","6207雷科","110/07/12","凱基-台南",10,0,10
"7480","6207雷科","110/07/12","元富-林園",0,10,-10
"7481","6207雷科","110/07/12","新加坡商瑞銀",9,0,9
"7482","6207雷科","110/07/12","元大-東門",0,10,-10
"7483","6207雷科","110/07/12","瑞士信貸",8,0,8
"7484","6207雷科","110/07/12","兆豐-嘉義",0,4,-4
"7485","6207雷科","110/07/12","中國信託-高雄",9,1,8
"7486","6207雷科","110/07/12","新光",0,4,-4
"7487","6207雷科","110/07/12","凱基-高雄",6,0,6
"7488","6207雷科","110/07/12","新光-台中",0,4,-4
"7489","6207雷科","110/07/12","元大-六合",6,0,6
"7490","6207雷科","110/07/12","群益金鼎-開元",0,4,-4
"7491","6207雷科","110/07/12","永豐金-信義",6,0,6
"7492","6207雷科","110/07/12","凱基-桃園",0,4,-4
"7493","6207雷科","110/07/12","群益金鼎-土城",5,0,5
"7494","6207雷科","110/07/12","凱基-民權",0,4,-4
"7495","6207雷科","110/07/12","群益金鼎-竹南",5,0,5
"7496","6207雷科","110/07/12","玉山-新莊",0,3,-3
"7497","6207雷科","110/07/12","元大-大灣",5,1,4
"7498","6207雷科","110/07/12","國泰-松江",0,3,-3
"7499","6207雷科","110/07/12","永興",3,0,3
"7500","6207雷科","110/07/12","富邦-羅東",0,3,-3
"7501","3679新至陞","110/07/12","富邦-新竹華信",40,2,38
"7502","3679新至陞","110/07/12","瑞士信貸",0,45,-45
"7503","3679新至陞","110/07/12","台中銀-員林",28,2,26
"7504","3679新至陞","110/07/12","永豐金-天母",0,39,-39
"7505","3679新至陞","110/07/12","聯邦-大業",24,0,24
"7506","3679新至陞","110/07/12","摩根大通",7,35,-28
"7507","3679新至陞","110/07/12","永豐金證券",20,0,20
"7508","3679新至陞","110/07/12","凱基-台北",8,36,-28
"7509","3679新至陞","110/07/12","港商法國興業",14,0,14
"7510","3679新至陞","110/07/12","華南永昌-小港",1,23,-22
"7511","3679新至陞","110/07/12","日盛-樹林",13,1,12
"7512","3679新至陞","110/07/12","台新-台中",0,15,-15
"7513","3679新至陞","110/07/12","國泰-桃園",9,0,9
"7514","3679新至陞","110/07/12","統一-台中",0,12,-12
"7515","3679新至陞","110/07/12","宏遠-館前",8,0,8
"7516","3679新至陞","110/07/12","元大-成功",1,12,-11
"7517","3679新至陞","110/07/12","凱基",10,2,8
"7518","3679新至陞","110/07/12","康和-澎湖",0,8,-8
"7519","3679新至陞","110/07/12","(牛牛牛)亞-網路",7,0,7
"7520","3679新至陞","110/07/12","新加坡商瑞銀",0,7,-7
"7521","3679新至陞","110/07/12","兆豐-員林",7,0,7
"7522","3679新至陞","110/07/12","兆豐-來福",0,7,-7
"7523","3679新至陞","110/07/12","大慶-蘆洲",5,0,5
"7524","3679新至陞","110/07/12","元大-佳里",0,6,-6
"7525","3679新至陞","110/07/12","土銀-花蓮",4,0,4
"7526","3679新至陞","110/07/12","美商高盛",0,5,-5
"7527","3679新至陞","110/07/12","台新-高雄",5,1,4
"7528","3679新至陞","110/07/12","國票-新莊",0,5,-5
"7529","3679新至陞","110/07/12","元大-天母",4,0,4
"7530","3679新至陞","110/07/12","台新-屏東",0,5,-5
"7531","2727王品","110/07/12","凱基-台北",354,198,156
"7532","2727王品","110/07/12","台灣摩根士丹利",5,386,-381
"7533","2727王品","110/07/12","統一-城中",159,22,137
"7534","2727王品","110/07/12","元大-嘉義",4,60,-56
"7535","2727王品","110/07/12","日盛-忠孝",60,0,60
"7536","2727王品","110/07/12","元大-大同",2,44,-42
"7537","2727王品","110/07/12","永豐金-忠孝",45,5,40
"7538","2727王品","110/07/12","國泰-台中",32,73,-41
"7539","2727王品","110/07/12","合庫-新竹",31,0,31
"7540","2727王品","110/07/12","元大證券",127,163,-36
"7541","2727王品","110/07/12","富邦-台中",31,3,28
"7542","2727王品","110/07/12","凱基",1,33,-32
"7543","2727王品","110/07/12","元大-桃園",35,10,25
"7544","2727王品","110/07/12","永全-南崁",1,31,-30
"7545","2727王品","110/07/12","新加坡商瑞銀",28,4,24
"7546","2727王品","110/07/12","凱基-和平",2,32,-30
"7547","2727王品","110/07/12","群益金鼎-古亭",25,2,23
"7548","2727王品","110/07/12","永豐金-大園",8,38,-30
"7549","2727王品","110/07/12","元大-龍潭",29,7,22
"7550","2727王品","110/07/12","瑞士信貸",0,28,-28
"7551","2727王品","110/07/12","永豐金-永康",25,3,22
"7552","2727王品","110/07/12","元富",17,44,-27
"7553","2727王品","110/07/12","富邦-竹北",24,3,21
"7554","2727王品","110/07/12","元大-北屯",5,32,-27
"7555","2727王品","110/07/12","群益金鼎-松山",20,0,20
"7556","2727王品","110/07/12","華南永昌",3,28,-25
"7557","2727王品","110/07/12","元大-八德",20,0,20
"7558","2727王品","110/07/12","統一-竹南",1,23,-22
"7559","2727王品","110/07/12","元大-南京",25,6,19
"7560","2727王品","110/07/12","永豐金證券",4,26,-22
"7561","1570力肯","110/07/12","國票-北高雄",40,0,40
"7562","1570力肯","110/07/12","日盛-竹北",0,40,-40
"7563","1570力肯","110/07/12","摩根大通",16,0,16
"7564","1570力肯","110/07/12","第一金-華江",1,38,-37
"7565","1570力肯","110/07/12","新光",31,19,12
"7566","1570力肯","110/07/12","元大-永春",0,26,-26
"7567","1570力肯","110/07/12","元大-台中中港",12,0,12
"7568","1570力肯","110/07/12","元大-古亭",1,20,-19
"7569","1570力肯","110/07/12","日盛-高雄",10,0,10
"7570","1570力肯","110/07/12","國泰-松江",0,16,-16
"7571","1570力肯","110/07/12","第一金-路竹",10,0,10
"7572","1570力肯","110/07/12","台新-台南",0,15,-15
"7573","1570力肯","110/07/12","台新-新莊",10,0,10
"7574","1570力肯","110/07/12","康和-石牌",0,15,-15
"7575","1570力肯","110/07/12","元大-新盛",9,0,9
"7576","1570力肯","110/07/12","國泰-板橋",0,11,-11
"7577","1570力肯","110/07/12","凱基-台北",8,0,8
"7578","1570力肯","110/07/12","元大-高雄",0,11,-11
"7579","1570力肯","110/07/12","彰銀-七賢",6,0,6
"7580","1570力肯","110/07/12","兆豐-桃園",0,10,-10
"7581","1570力肯","110/07/12","元富-緯城",6,0,6
"7582","1570力肯","110/07/12","元大-大益",0,10,-10
"7583","1570力肯","110/07/12","華南永昌-古亭",6,0,6
"7584","1570力肯","110/07/12","中國信託-文心",0,5,-5
"7585","1570力肯","110/07/12","富邦-陽明",6,0,6
"7586","1570力肯","110/07/12","光和",0,5,-5
"7587","1570力肯","110/07/12","臺銀-臺南",5,0,5
"7588","1570力肯","110/07/12","陽信-石牌",0,5,-5
"7589","1570力肯","110/07/12","宏遠-館前",5,0,5
"7590","1570力肯","110/07/12","國泰-高雄",0,5,-5
"7591","6180橘子","110/07/12","康和-台中",32,2,30
"7592","6180橘子","110/07/12","新百王",1,40,-39
"7593","6180橘子","110/07/12","美林",32,3,29
"7594","6180橘子","110/07/12","富邦-陽明",4,42,-38
"7595","6180橘子","110/07/12","元大-羅東",21,0,21
"7596","6180橘子","110/07/12","新光",3,32,-29
"7597","6180橘子","110/07/12","兆豐-埔墘",16,0,16
"7598","6180橘子","110/07/12","日盛-文化",4,20,-16
"7599","6180橘子","110/07/12","元大-雙和",12,0,12
"7600","6180橘子","110/07/12","華南永昌-鶯歌",0,15,-15
"7601","6180橘子","110/07/12","美商高盛",18,7,11
"7602","6180橘子","110/07/12","中國信託-忠孝",7,20,-13
"7603","6180橘子","110/07/12","台新證券",14,3,11
"7604","6180橘子","110/07/12","凱基-台北",5,17,-12
"7605","6180橘子","110/07/12","元大-中壢",12,1,11
"7606","6180橘子","110/07/12","凱基-高雄",0,11,-11
"7607","6180橘子","110/07/12","統一-南京",10,0,10
"7608","6180橘子","110/07/12","凱基-大安",0,10,-10
"7609","6180橘子","110/07/12","致和-崇德",10,0,10
"7610","6180橘子","110/07/12","元大-北屯",0,10,-10
"7611","6180橘子","110/07/12","玉山-板橋",10,0,10
"7612","6180橘子","110/07/12","元大-南京",0,9,-9
"7613","6180橘子","110/07/12","富邦-仁愛",10,0,10
"7614","6180橘子","110/07/12","元大-台南",1,10,-9
"7615","6180橘子","110/07/12","摩根大通",10,1,9
"7616","6180橘子","110/07/12","康和-澎湖",0,8,-8
"7617","6180橘子","110/07/12","元富-林園",8,0,8
"7618","6180橘子","110/07/12","第一金-台中",0,7,-7
"7619","6180橘子","110/07/12","大慶-富順",7,0,7
"7620","6180橘子","110/07/12","台新-台南",1,8,-7
"7621","2390云辰","110/07/12","統一-新台中",170,0,170
"7622","2390云辰","110/07/12","元大-天母",2,450,-448
"7623","2390云辰","110/07/12","華南永昌-麻豆",137,2,135
"7624","2390云辰","110/07/12","國泰-忠孝",1,143,-142
"7625","2390云辰","110/07/12","元富-成功",103,14,89
"7626","2390云辰","110/07/12","摩根大通",377,512,-135
"7627","2390云辰","110/07/12","元大-土城學府",146,69,77
"7628","2390云辰","110/07/12","台灣摩根士丹利",0,91,-91
"7629","2390云辰","110/07/12","永豐金-永康",76,4,72
"7630","2390云辰","110/07/12","美林",84,146,-62
"7631","2390云辰","110/07/12","台中銀",73,2,71
"7632","2390云辰","110/07/12","華南永昌-嘉義",2,61,-59
"7633","2390云辰","110/07/12","大昌",63,3,60
"7634","2390云辰","110/07/12","永豐金-羅東",0,49,-49
"7635","2390云辰","110/07/12","合庫-三重",50,0,50
"7636","2390云辰","110/07/12","玉山-台中",6,53,-47
"7637","2390云辰","110/07/12","元富-高雄",93,50,43
"7638","2390云辰","110/07/12","玉山-新莊",2,48,-46
"7639","2390云辰","110/07/12","元大-館前",40,4,36
"7640","2390云辰","110/07/12","元大-大里",7,52,-45
"7641","2390云辰","110/07/12","港商野村",143,109,34
"7642","2390云辰","110/07/12","元大-內湖",3,48,-45
"7643","2390云辰","110/07/12","元大-雙和",34,0,34
"7644","2390云辰","110/07/12","永豐金-市政",1,42,-41
"7645","2390云辰","110/07/12","群益金鼎-民權",33,2,31
"7646","2390云辰","110/07/12","元大-學甲",1,41,-40
"7647","2390云辰","110/07/12","日盛-八德",40,10,30
"7648","2390云辰","110/07/12","兆豐-高雄",2,41,-39
"7649","2390云辰","110/07/12","國票-嘉義",30,0,30
"7650","2390云辰","110/07/12","新加坡商瑞銀",21,59,-38
"7651","4903聯光通","110/07/09","元大-敦南",10,0,10
"7652","4903聯光通","110/07/09","第一金-台中",0,12,-12
"7653","4903聯光通","110/07/09","凱基-士林",5,0,5
"7654","4903聯光通","110/07/09","日盛-忠孝",0,3,-3
"7655","4903聯光通","110/07/09","元大-苗栗",5,0,5
"7656","4903聯光通","110/07/09","群益金鼎-崇德",0,3,-3
"7657","4903聯光通","110/07/09","元大-屏南",3,0,3
"7658","4903聯光通","110/07/09","國票-內壢",0,2,-2
"7659","4903聯光通","110/07/09","中國信託-永康",1,0,1
"7660","4903聯光通","110/07/09","康和-南崁",0,2,-2
"7661","4903聯光通","110/07/09","玉山證券",1,0,1
"7662","4903聯光通","110/07/09","新光-台中",0,2,-2
"7663","4903聯光通","110/07/09","元大-太平",4,3,1
"7664","4903聯光通","110/07/09","玉山-城中",0,2,-2
"7665","4903聯光通","110/07/09","永豐金-嘉義",1,0,1
"7666","4903聯光通","110/07/09","中國信託-文心",0,1,-1
"7667","4903聯光通","110/07/09","大昌",0,0,0
"7668","4903聯光通","110/07/09","大昌",0,0,0
"7669","4903聯光通","110/07/09","中農",0,0,0
"7670","4903聯光通","110/07/09","中農",0,0,0
"7671","4903聯光通","110/07/09","",NA,NA,NA
"7672","4903聯光通","110/07/09","",NA,NA,NA
"7673","4903聯光通","110/07/09","",NA,NA,NA
"7674","4903聯光通","110/07/09","",NA,NA,NA
"7675","4903聯光通","110/07/09","",NA,NA,NA
"7676","4903聯光通","110/07/09","",NA,NA,NA
"7677","4903聯光通","110/07/09","",NA,NA,NA
"7678","4903聯光通","110/07/09","",NA,NA,NA
"7679","4903聯光通","110/07/09","",NA,NA,NA
"7680","4903聯光通","110/07/09","",NA,NA,NA
"7681","2929淘帝","110/07/09","台中銀-台北",110,0,110
"7682","2929淘帝","110/07/09","新光",2,82,-80
"7683","2929淘帝","110/07/09","華南永昌-頭份",72,0,72
"7684","2929淘帝","110/07/09","摩根大通",2,63,-61
"7685","2929淘帝","110/07/09","合庫-高雄",71,0,71
"7686","2929淘帝","110/07/09","第一金-路竹",0,50,-50
"7687","2929淘帝","110/07/09","高橋-龍潭",37,0,37
"7688","2929淘帝","110/07/09","港商麥格理",0,42,-42
"7689","2929淘帝","110/07/09","新光-台中",60,26,34
"7690","2929淘帝","110/07/09","陽信-石牌",0,40,-40
"7691","2929淘帝","110/07/09","元富-大裕",22,1,21
"7692","2929淘帝","110/07/09","台新-左楠",1,39,-38
"7693","2929淘帝","110/07/09","合庫-鳳山",20,0,20
"7694","2929淘帝","110/07/09","凱基-桃園",3,29,-26
"7695","2929淘帝","110/07/09","元大-員林",22,2,20
"7696","2929淘帝","110/07/09","兆豐-內湖",0,25,-25
"7697","2929淘帝","110/07/09","台新-建北",15,0,15
"7698","2929淘帝","110/07/09","元大-北港",0,20,-20
"7699","2929淘帝","110/07/09","兆豐-桃園",13,0,13
"7700","2929淘帝","110/07/09","富邦-北港",0,19,-19
"7701","2929淘帝","110/07/09","兆豐-忠孝",10,0,10
"7702","2929淘帝","110/07/09","富邦-花蓮",0,17,-17
"7703","2929淘帝","110/07/09","國票-敦北法人",10,0,10
"7704","2929淘帝","110/07/09","國泰-台中",2,17,-15
"7705","2929淘帝","110/07/09","永豐金-博愛",10,0,10
"7706","2929淘帝","110/07/09","群益金鼎-彰化",0,15,-15
"7707","2929淘帝","110/07/09","群益金鼎-潭子",8,0,8
"7708","2929淘帝","110/07/09","元大-博愛",0,14,-14
"7709","2929淘帝","110/07/09","富邦-南屯",8,0,8
"7710","2929淘帝","110/07/09","日盛-板橋",0,13,-13
"7711","5410國眾","110/07/09","元大-新盛",14,0,14
"7712","5410國眾","110/07/09","(牛牛牛)亞-鑫豐",1,41,-40
"7713","5410國眾","110/07/09","台灣企銀-民雄",10,0,10
"7714","5410國眾","110/07/09","元富-嘉義",0,25,-25
"7715","5410國眾","110/07/09","元富-虎尾",9,0,9
"7716","5410國眾","110/07/09","凱基-高美館",0,10,-10
"7717","5410國眾","110/07/09","摩根大通",10,1,9
"7718","5410國眾","110/07/09","凱基-城中",0,10,-10
"7719","5410國眾","110/07/09","兆豐-北高雄",7,0,7
"7720","5410國眾","110/07/09","元大-頭份",0,10,-10
"7721","5410國眾","110/07/09","凱基-台北",8,1,7
"7722","5410國眾","110/07/09","群益金鼎-丹鳳",0,7,-7
"7723","5410國眾","110/07/09","華南永昌-公誠",7,0,7
"7724","5410國眾","110/07/09","凱基-復興",0,7,-7
"7725","5410國眾","110/07/09","香港上海匯豐",6,0,6
"7726","5410國眾","110/07/09","元大-員林",0,7,-7
"7727","5410國眾","110/07/09","凱基-中壢",6,0,6
"7728","5410國眾","110/07/09","富邦-竹東",0,6,-6
"7729","5410國眾","110/07/09","華南永昌-南京",6,0,6
"7730","5410國眾","110/07/09","亞東-高雄",0,5,-5
"7731","5410國眾","110/07/09","統一-三重",5,0,5
"7732","5410國眾","110/07/09","大慶-中壢",1,6,-5
"7733","5410國眾","110/07/09","富邦-宜蘭",5,0,5
"7734","5410國眾","110/07/09","群益金鼎-中港",0,5,-5
"7735","5410國眾","110/07/09","元大-崇德",5,0,5
"7736","5410國眾","110/07/09","元大-八德",0,5,-5
"7737","5410國眾","110/07/09","元大-博愛",5,0,5
"7738","5410國眾","110/07/09","富邦-基隆",0,4,-4
"7739","5410國眾","110/07/09","元大-龍潭",5,0,5
"7740","5410國眾","110/07/09","臺銀-新竹",0,3,-3
"7741","2841台開","110/07/09","日盛-雙和",102,0,102
"7742","2841台開","110/07/09","港商野村",0,129,-129
"7743","2841台開","110/07/09","元大-館前",70,0,70
"7744","2841台開","110/07/09","兆豐-永和",0,100,-100
"7745","2841台開","110/07/09","凱基-文心",50,0,50
"7746","2841台開","110/07/09","台新證券",7,28,-21
"7747","2841台開","110/07/09","富邦-嘉義",40,0,40
"7748","2841台開","110/07/09","國票-北高雄",0,20,-20
"7749","2841台開","110/07/09","美商高盛",15,0,15
"7750","2841台開","110/07/09","永豐金-敦南",29,46,-17
"7751","2841台開","110/07/09","台中銀",15,0,15
"7752","2841台開","110/07/09","合庫-基隆",0,12,-12
"7753","2841台開","110/07/09","新光",11,0,11
"7754","2841台開","110/07/09","中國信託-松江",0,12,-12
"7755","2841台開","110/07/09","華南永昌-長虹",10,0,10
"7756","2841台開","110/07/09","兆豐-城中",0,12,-12
"7757","2841台開","110/07/09","永豐金-南投",10,0,10
"7758","2841台開","110/07/09","台中銀-豐原",0,10,-10
"7759","2841台開","110/07/09","合庫-桃園",7,0,7
"7760","2841台開","110/07/09","兆豐-景美",0,10,-10
"7761","2841台開","110/07/09","群益金鼎-古亭",7,0,7
"7762","2841台開","110/07/09","群益金鼎-基隆",0,10,-10
"7763","2841台開","110/07/09","國泰-敦南",6,0,6
"7764","2841台開","110/07/09","元大-北三重",0,10,-10
"7765","2841台開","110/07/09","凱基-桃園",8,2,6
"7766","2841台開","110/07/09","(牛牛牛)亞-網路",0,9,-9
"7767","2841台開","110/07/09","日盛證券",5,0,5
"7768","2841台開","110/07/09","台新-高雄",1,10,-9
"7769","2841台開","110/07/09","元富-文心",5,0,5
"7770","2841台開","110/07/09","凱基-台北",0,7,-7
"7771","6207雷科","110/07/09","群益金鼎-新竹",47,0,47
"7772","6207雷科","110/07/09","新光",7,24,-17
"7773","6207雷科","110/07/09","永豐金-三重",31,0,31
"7774","6207雷科","110/07/09","日盛-和美",0,15,-15
"7775","6207雷科","110/07/09","新加坡商瑞銀",33,5,28
"7776","6207雷科","110/07/09","國泰-台南",0,15,-15
"7777","6207雷科","110/07/09","元大-高雄",26,0,26
"7778","6207雷科","110/07/09","華南永昌-古亭",0,14,-14
"7779","6207雷科","110/07/09","統一-員林",22,0,22
"7780","6207雷科","110/07/09","土銀-白河",0,11,-11
"7781","6207雷科","110/07/09","台新-高雄",22,0,22
"7782","6207雷科","110/07/09","日盛-台南",0,10,-10
"7783","6207雷科","110/07/09","摩根大通",34,17,17
"7784","6207雷科","110/07/09","元富-林園",0,10,-10
"7785","6207雷科","110/07/09","元大-博愛",17,1,16
"7786","6207雷科","110/07/09","富邦-園區",0,10,-10
"7787","6207雷科","110/07/09","日茂-埔里",12,0,12
"7788","6207雷科","110/07/09","元大-上新莊",0,10,-10
"7789","6207雷科","110/07/09","國泰-台中",17,6,11
"7790","6207雷科","110/07/09","永豐金-南京",0,10,-10
"7791","6207雷科","110/07/09","富邦-三重",10,0,10
"7792","6207雷科","110/07/09","兆豐-小港",0,6,-6
"7793","6207雷科","110/07/09","元大-沙鹿",10,0,10
"7794","6207雷科","110/07/09","富邦-羅東",1,7,-6
"7795","6207雷科","110/07/09","元大-八德",10,0,10
"7796","6207雷科","110/07/09","元大-土城永寧",0,6,-6
"7797","6207雷科","110/07/09","第一金-路竹",11,2,9
"7798","6207雷科","110/07/09","永豐金-板盛",0,6,-6
"7799","6207雷科","110/07/09","統一-南京",5,0,5
"7800","6207雷科","110/07/09","日盛-板橋",0,5,-5
"7801","3679新至陞","110/07/09","元大-大天母",10,0,10
"7802","3679新至陞","110/07/09","第一金-光復",0,11,-11
"7803","3679新至陞","110/07/09","日盛-樹林",9,0,9
"7804","3679新至陞","110/07/09","瑞士信貸",0,8,-8
"7805","3679新至陞","110/07/09","凱基-台北",11,2,9
"7806","3679新至陞","110/07/09","大慶-苗栗",0,5,-5
"7807","3679新至陞","110/07/09","華南永昌-小港",8,0,8
"7808","3679新至陞","110/07/09","元大-永春",0,5,-5
"7809","3679新至陞","110/07/09","兆豐-來福",7,0,7
"7810","3679新至陞","110/07/09","日盛-和美",0,4,-4
"7811","3679新至陞","110/07/09","香港上海匯豐",5,0,5
"7812","3679新至陞","110/07/09","元大-雙和",0,3,-3
"7813","3679新至陞","110/07/09","台中銀-員林",3,0,3
"7814","3679新至陞","110/07/09","永豐金-屏東",0,3,-3
"7815","3679新至陞","110/07/09","新光",3,0,3
"7816","3679新至陞","110/07/09","彰銀",0,2,-2
"7817","3679新至陞","110/07/09","土銀-花蓮",2,0,2
"7818","3679新至陞","110/07/09","宏遠-館前",0,2,-2
"7819","3679新至陞","110/07/09","第一金-澎湖",2,0,2
"7820","3679新至陞","110/07/09","港商野村",0,2,-2
"7821","3679新至陞","110/07/09","摩根大通",2,0,2
"7822","3679新至陞","110/07/09","大昌-新店",0,2,-2
"7823","3679新至陞","110/07/09","國泰-敦南",2,0,2
"7824","3679新至陞","110/07/09","元大-新莊",0,2,-2
"7825","3679新至陞","110/07/09","元大-淡水",4,2,2
"7826","3679新至陞","110/07/09","元大-板橋",0,2,-2
"7827","3679新至陞","110/07/09","日盛-士林",1,0,1
"7828","3679新至陞","110/07/09","台灣摩根士丹利",0,1,-1
"7829","3679新至陞","110/07/09","日盛-信義",1,0,1
"7830","3679新至陞","110/07/09","第一金-高雄",0,1,-1
"7831","2727王品","110/07/09","台灣匯立證券",90,0,90
"7832","2727王品","110/07/09","台灣摩根士丹利",0,267,-267
"7833","2727王品","110/07/09","國泰-敦南",166,84,82
"7834","2727王品","110/07/09","富邦-台北",35,299,-264
"7835","2727王品","110/07/09","富邦-仁愛",56,12,44
"7836","2727王品","110/07/09","凱基-台北",174,296,-122
"7837","2727王品","110/07/09","台新證券",109,66,43
"7838","2727王品","110/07/09","第一金",2,102,-100
"7839","2727王品","110/07/09","新光",117,87,30
"7840","2727王品","110/07/09","群益金鼎-大安",0,80,-80
"7841","2727王品","110/07/09","臺銀-臺中",35,6,29
"7842","2727王品","110/07/09","兆豐-大安",7,60,-53
"7843","2727王品","110/07/09","元大-桃園",32,3,29
"7844","2727王品","110/07/09","永豐金-南投",0,50,-50
"7845","2727王品","110/07/09","元富-宜蘭",34,6,28
"7846","2727王品","110/07/09","新加坡商瑞銀",6,46,-40
"7847","2727王品","110/07/09","玉山-台中",34,8,26
"7848","2727王品","110/07/09","合庫-彰化",11,50,-39
"7849","2727王品","110/07/09","群益金鼎-宜蘭",30,4,26
"7850","2727王品","110/07/09","永豐金-萬盛",13,52,-39
"7851","2727王品","110/07/09","富邦-台中",42,16,26
"7852","2727王品","110/07/09","瑞士信貸",0,34,-34
"7853","2727王品","110/07/09","第一金-豐原",25,1,24
"7854","2727王品","110/07/09","元大-和平",4,35,-31
"7855","2727王品","110/07/09","臺銀",30,8,22
"7856","2727王品","110/07/09","美林",14,44,-30
"7857","2727王品","110/07/09","兆豐-來福",23,1,22
"7858","2727王品","110/07/09","元大-員林",9,38,-29
"7859","2727王品","110/07/09","玉山-士林",22,2,20
"7860","2727王品","110/07/09","元富-西松",4,31,-27
"7861","1570力肯","110/07/09","凱基-台北",30,1,29
"7862","1570力肯","110/07/09","群益金鼎-彰化",0,20,-20
"7863","1570力肯","110/07/09","新光-台南",20,0,20
"7864","1570力肯","110/07/09","元大-土城學府",0,20,-20
"7865","1570力肯","110/07/09","元大-高雄",20,0,20
"7866","1570力肯","110/07/09","元大-大統",0,16,-16
"7867","1570力肯","110/07/09","國票-中正",12,0,12
"7868","1570力肯","110/07/09","元大-新營",0,11,-11
"7869","1570力肯","110/07/09","日盛-高雄",6,0,6
"7870","1570力肯","110/07/09","元大-和平",0,10,-10
"7871","1570力肯","110/07/09","元富-緯城",6,0,6
"7872","1570力肯","110/07/09","元大-草屯",0,10,-10
"7873","1570力肯","110/07/09","群益金鼎-台南",6,0,6
"7874","1570力肯","110/07/09","元大-鹿港",0,9,-9
"7875","1570力肯","110/07/09","華南永昌-岡山",6,0,6
"7876","1570力肯","110/07/09","合庫-基隆",0,7,-7
"7877","1570力肯","110/07/09","統一-中壢",5,0,5
"7878","1570力肯","110/07/09","摩根大通",2,8,-6
"7879","1570力肯","110/07/09","凱基-三峽",5,0,5
"7880","1570力肯","110/07/09","台灣企銀-豐原",0,4,-4
"7881","1570力肯","110/07/09","大昌-樹林",4,0,4
"7882","1570力肯","110/07/09","日盛-桃園",0,4,-4
"7883","1570力肯","110/07/09","新光",3,0,3
"7884","1570力肯","110/07/09","國泰-高雄",0,3,-3
"7885","1570力肯","110/07/09","富邦-新竹華信",3,0,3
"7886","1570力肯","110/07/09","永豐金-敦南",0,3,-3
"7887","1570力肯","110/07/09","合庫-台中",2,0,2
"7888","1570力肯","110/07/09","土銀-彰化",0,2,-2
"7889","1570力肯","110/07/09","臺銀-臺中",2,0,2
"7890","1570力肯","110/07/09","臺銀-鳳山",0,2,-2
"7891","6180橘子","110/07/09","摩根大通",63,1,62
"7892","6180橘子","110/07/09","元大-南京",1,32,-31
"7893","6180橘子","110/07/09","富邦-陽明",73,33,40
"7894","6180橘子","110/07/09","群益金鼎-台北",0,25,-25
"7895","6180橘子","110/07/09","新加坡商瑞銀",31,0,31
"7896","6180橘子","110/07/09","兆豐-復興",0,21,-21
"7897","6180橘子","110/07/09","美商高盛",25,0,25
"7898","6180橘子","110/07/09","永豐金-嘉義",0,21,-21
"7899","6180橘子","110/07/09","凱基-台北",26,10,16
"7900","6180橘子","110/07/09","凱基-中壢",8,24,-16
"7901","6180橘子","110/07/09","華南永昌-楠梓",13,0,13
"7902","6180橘子","110/07/09","致和-崇德",0,15,-15
"7903","6180橘子","110/07/09","華南永昌-朴子",11,0,11
"7904","6180橘子","110/07/09","群益金鼎-屏東",0,15,-15
"7905","6180橘子","110/07/09","元大-北港",11,0,11
"7906","6180橘子","110/07/09","群益金鼎-中山",0,15,-15
"7907","6180橘子","110/07/09","元大-成功",10,1,9
"7908","6180橘子","110/07/09","瑞士信貸",1,15,-14
"7909","6180橘子","110/07/09","新光",26,18,8
"7910","6180橘子","110/07/09","日盛-二林",0,10,-10
"7911","6180橘子","110/07/09","統一-三重",6,0,6
"7912","6180橘子","110/07/09","凱基-東門",0,10,-10
"7913","6180橘子","110/07/09","群益金鼎-嘉義",6,0,6
"7914","6180橘子","110/07/09","華南永昌-三重",0,10,-10
"7915","6180橘子","110/07/09","元大-員林中山",6,0,6
"7916","6180橘子","110/07/09","元大-彰化民生",1,11,-10
"7917","6180橘子","110/07/09","合庫-鳳山",5,0,5
"7918","6180橘子","110/07/09","永豐金-新店",1,11,-10
"7919","6180橘子","110/07/09","富邦-建國",6,1,5
"7920","6180橘子","110/07/09","群益金鼎-丹鳳",0,8,-8
"7921","2390云辰","110/07/09","摩根大通",279,56,223
"7922","2390云辰","110/07/09","元大-天母",0,127,-127
"7923","2390云辰","110/07/09","日盛-鳳山",110,2,108
"7924","2390云辰","110/07/09","中國信託-文心",5,109,-104
"7925","2390云辰","110/07/09","宏遠證券",100,0,100
"7926","2390云辰","110/07/09","永豐金-復興",0,55,-55
"7927","2390云辰","110/07/09","元大-大里",63,6,57
"7928","2390云辰","110/07/09","凱基-台北",239,286,-47
"7929","2390云辰","110/07/09","凱基-八德",59,10,49
"7930","2390云辰","110/07/09","德信",2,32,-30
"7931","2390云辰","110/07/09","合庫-新竹",40,0,40
"7932","2390云辰","110/07/09","兆豐-桃鶯",2,32,-30
"7933","2390云辰","110/07/09","國票",40,1,39
"7934","2390云辰","110/07/09","致和-南京",0,30,-30
"7935","2390云辰","110/07/09","新加坡商瑞銀",49,13,36
"7936","2390云辰","110/07/09","富邦-虎尾",1,31,-30
"7937","2390云辰","110/07/09","統一-新台中",36,2,34
"7938","2390云辰","110/07/09","元大-善化",2,31,-29
"7939","2390云辰","110/07/09","國票-嘉義",31,0,31
"7940","2390云辰","110/07/09","富邦-板橋",0,27,-27
"7941","2390云辰","110/07/09","華南永昌",35,7,28
"7942","2390云辰","110/07/09","富邦-永和",3,28,-25
"7943","2390云辰","110/07/09","玉山-台中",49,22,27
"7944","2390云辰","110/07/09","第一金-自由",20,44,-24
"7945","2390云辰","110/07/09","華南永昌-敦南",25,0,25
"7946","2390云辰","110/07/09","凱基-內湖",0,24,-24
"7947","2390云辰","110/07/09","新光-高雄",27,4,23
"7948","2390云辰","110/07/09","元大-汐止",1,24,-23
"7949","2390云辰","110/07/09","台灣摩根士丹利",85,63,22
"7950","2390云辰","110/07/09","新光-台中",12,33,-21
"7951","4903聯光通","110/07/09","元大-敦南",10,0,10
"7952","4903聯光通","110/07/09","第一金-台中",0,12,-12
"7953","4903聯光通","110/07/09","凱基-士林",5,0,5
"7954","4903聯光通","110/07/09","日盛-忠孝",0,3,-3
"7955","4903聯光通","110/07/09","元大-苗栗",5,0,5
"7956","4903聯光通","110/07/09","群益金鼎-崇德",0,3,-3
"7957","4903聯光通","110/07/09","元大-屏南",3,0,3
"7958","4903聯光通","110/07/09","國票-內壢",0,2,-2
"7959","4903聯光通","110/07/09","中國信託-永康",1,0,1
"7960","4903聯光通","110/07/09","康和-南崁",0,2,-2
"7961","4903聯光通","110/07/09","玉山證券",1,0,1
"7962","4903聯光通","110/07/09","新光-台中",0,2,-2
"7963","4903聯光通","110/07/09","元大-太平",4,3,1
"7964","4903聯光通","110/07/09","玉山-城中",0,2,-2
"7965","4903聯光通","110/07/09","永豐金-嘉義",1,0,1
"7966","4903聯光通","110/07/09","中國信託-文心",0,1,-1
"7967","4903聯光通","110/07/09","大昌",0,0,0
"7968","4903聯光通","110/07/09","大昌",0,0,0
"7969","4903聯光通","110/07/09","中農",0,0,0
"7970","4903聯光通","110/07/09","中農",0,0,0
"7971","4903聯光通","110/07/09","",NA,NA,NA
"7972","4903聯光通","110/07/09","",NA,NA,NA
"7973","4903聯光通","110/07/09","",NA,NA,NA
"7974","4903聯光通","110/07/09","",NA,NA,NA
"7975","4903聯光通","110/07/09","",NA,NA,NA
"7976","4903聯光通","110/07/09","",NA,NA,NA
"7977","4903聯光通","110/07/09","",NA,NA,NA
"7978","4903聯光通","110/07/09","",NA,NA,NA
"7979","4903聯光通","110/07/09","",NA,NA,NA
"7980","4903聯光通","110/07/09","",NA,NA,NA
"7981","2929淘帝","110/07/09","台中銀-台北",110,0,110
"7982","2929淘帝","110/07/09","新光",2,82,-80
"7983","2929淘帝","110/07/09","華南永昌-頭份",72,0,72
"7984","2929淘帝","110/07/09","摩根大通",2,63,-61
"7985","2929淘帝","110/07/09","合庫-高雄",71,0,71
"7986","2929淘帝","110/07/09","第一金-路竹",0,50,-50
"7987","2929淘帝","110/07/09","高橋-龍潭",37,0,37
"7988","2929淘帝","110/07/09","港商麥格理",0,42,-42
"7989","2929淘帝","110/07/09","新光-台中",60,26,34
"7990","2929淘帝","110/07/09","陽信-石牌",0,40,-40
"7991","2929淘帝","110/07/09","元富-大裕",22,1,21
"7992","2929淘帝","110/07/09","台新-左楠",1,39,-38
"7993","2929淘帝","110/07/09","合庫-鳳山",20,0,20
"7994","2929淘帝","110/07/09","凱基-桃園",3,29,-26
"7995","2929淘帝","110/07/09","元大-員林",22,2,20
"7996","2929淘帝","110/07/09","兆豐-內湖",0,25,-25
"7997","2929淘帝","110/07/09","台新-建北",15,0,15
"7998","2929淘帝","110/07/09","元大-北港",0,20,-20
"7999","2929淘帝","110/07/09","兆豐-桃園",13,0,13
"8000","2929淘帝","110/07/09","富邦-北港",0,19,-19
"8001","2929淘帝","110/07/09","兆豐-忠孝",10,0,10
"8002","2929淘帝","110/07/09","富邦-花蓮",0,17,-17
"8003","2929淘帝","110/07/09","國票-敦北法人",10,0,10
"8004","2929淘帝","110/07/09","國泰-台中",2,17,-15
"8005","2929淘帝","110/07/09","永豐金-博愛",10,0,10
"8006","2929淘帝","110/07/09","群益金鼎-彰化",0,15,-15
"8007","2929淘帝","110/07/09","群益金鼎-潭子",8,0,8
"8008","2929淘帝","110/07/09","元大-博愛",0,14,-14
"8009","2929淘帝","110/07/09","富邦-南屯",8,0,8
"8010","2929淘帝","110/07/09","日盛-板橋",0,13,-13
"8011","5410國眾","110/07/09","元大-新盛",14,0,14
"8012","5410國眾","110/07/09","(牛牛牛)亞-鑫豐",1,41,-40
"8013","5410國眾","110/07/09","台灣企銀-民雄",10,0,10
"8014","5410國眾","110/07/09","元富-嘉義",0,25,-25
"8015","5410國眾","110/07/09","元富-虎尾",9,0,9
"8016","5410國眾","110/07/09","凱基-高美館",0,10,-10
"8017","5410國眾","110/07/09","摩根大通",10,1,9
"8018","5410國眾","110/07/09","凱基-城中",0,10,-10
"8019","5410國眾","110/07/09","兆豐-北高雄",7,0,7
"8020","5410國眾","110/07/09","元大-頭份",0,10,-10
"8021","5410國眾","110/07/09","凱基-台北",8,1,7
"8022","5410國眾","110/07/09","群益金鼎-丹鳳",0,7,-7
"8023","5410國眾","110/07/09","華南永昌-公誠",7,0,7
"8024","5410國眾","110/07/09","凱基-復興",0,7,-7
"8025","5410國眾","110/07/09","香港上海匯豐",6,0,6
"8026","5410國眾","110/07/09","元大-員林",0,7,-7
"8027","5410國眾","110/07/09","凱基-中壢",6,0,6
"8028","5410國眾","110/07/09","富邦-竹東",0,6,-6
"8029","5410國眾","110/07/09","華南永昌-南京",6,0,6
"8030","5410國眾","110/07/09","亞東-高雄",0,5,-5
"8031","5410國眾","110/07/09","統一-三重",5,0,5
"8032","5410國眾","110/07/09","大慶-中壢",1,6,-5
"8033","5410國眾","110/07/09","富邦-宜蘭",5,0,5
"8034","5410國眾","110/07/09","群益金鼎-中港",0,5,-5
"8035","5410國眾","110/07/09","元大-崇德",5,0,5
"8036","5410國眾","110/07/09","元大-八德",0,5,-5
"8037","5410國眾","110/07/09","元大-博愛",5,0,5
"8038","5410國眾","110/07/09","富邦-基隆",0,4,-4
"8039","5410國眾","110/07/09","元大-龍潭",5,0,5
"8040","5410國眾","110/07/09","臺銀-新竹",0,3,-3
"8041","2841台開","110/07/09","日盛-雙和",102,0,102
"8042","2841台開","110/07/09","港商野村",0,129,-129
"8043","2841台開","110/07/09","元大-館前",70,0,70
"8044","2841台開","110/07/09","兆豐-永和",0,100,-100
"8045","2841台開","110/07/09","凱基-文心",50,0,50
"8046","2841台開","110/07/09","台新證券",7,28,-21
"8047","2841台開","110/07/09","富邦-嘉義",40,0,40
"8048","2841台開","110/07/09","國票-北高雄",0,20,-20
"8049","2841台開","110/07/09","美商高盛",15,0,15
"8050","2841台開","110/07/09","永豐金-敦南",29,46,-17
"8051","2841台開","110/07/09","台中銀",15,0,15
"8052","2841台開","110/07/09","合庫-基隆",0,12,-12
"8053","2841台開","110/07/09","新光",11,0,11
"8054","2841台開","110/07/09","中國信託-松江",0,12,-12
"8055","2841台開","110/07/09","華南永昌-長虹",10,0,10
"8056","2841台開","110/07/09","兆豐-城中",0,12,-12
"8057","2841台開","110/07/09","永豐金-南投",10,0,10
"8058","2841台開","110/07/09","台中銀-豐原",0,10,-10
"8059","2841台開","110/07/09","合庫-桃園",7,0,7
"8060","2841台開","110/07/09","兆豐-景美",0,10,-10
"8061","2841台開","110/07/09","群益金鼎-古亭",7,0,7
"8062","2841台開","110/07/09","群益金鼎-基隆",0,10,-10
"8063","2841台開","110/07/09","國泰-敦南",6,0,6
"8064","2841台開","110/07/09","元大-北三重",0,10,-10
"8065","2841台開","110/07/09","凱基-桃園",8,2,6
"8066","2841台開","110/07/09","(牛牛牛)亞-網路",0,9,-9
"8067","2841台開","110/07/09","日盛證券",5,0,5
"8068","2841台開","110/07/09","台新-高雄",1,10,-9
"8069","2841台開","110/07/09","元富-文心",5,0,5
"8070","2841台開","110/07/09","凱基-台北",0,7,-7
"8071","6207雷科","110/07/09","群益金鼎-新竹",47,0,47
"8072","6207雷科","110/07/09","新光",7,24,-17
"8073","6207雷科","110/07/09","永豐金-三重",31,0,31
"8074","6207雷科","110/07/09","日盛-和美",0,15,-15
"8075","6207雷科","110/07/09","新加坡商瑞銀",33,5,28
"8076","6207雷科","110/07/09","國泰-台南",0,15,-15
"8077","6207雷科","110/07/09","元大-高雄",26,0,26
"8078","6207雷科","110/07/09","華南永昌-古亭",0,14,-14
"8079","6207雷科","110/07/09","統一-員林",22,0,22
"8080","6207雷科","110/07/09","土銀-白河",0,11,-11
"8081","6207雷科","110/07/09","台新-高雄",22,0,22
"8082","6207雷科","110/07/09","日盛-台南",0,10,-10
"8083","6207雷科","110/07/09","摩根大通",34,17,17
"8084","6207雷科","110/07/09","元富-林園",0,10,-10
"8085","6207雷科","110/07/09","元大-博愛",17,1,16
"8086","6207雷科","110/07/09","富邦-園區",0,10,-10
"8087","6207雷科","110/07/09","日茂-埔里",12,0,12
"8088","6207雷科","110/07/09","元大-上新莊",0,10,-10
"8089","6207雷科","110/07/09","國泰-台中",17,6,11
"8090","6207雷科","110/07/09","永豐金-南京",0,10,-10
"8091","6207雷科","110/07/09","富邦-三重",10,0,10
"8092","6207雷科","110/07/09","兆豐-小港",0,6,-6
"8093","6207雷科","110/07/09","元大-沙鹿",10,0,10
"8094","6207雷科","110/07/09","富邦-羅東",1,7,-6
"8095","6207雷科","110/07/09","元大-八德",10,0,10
"8096","6207雷科","110/07/09","元大-土城永寧",0,6,-6
"8097","6207雷科","110/07/09","第一金-路竹",11,2,9
"8098","6207雷科","110/07/09","永豐金-板盛",0,6,-6
"8099","6207雷科","110/07/09","統一-南京",5,0,5
"8100","6207雷科","110/07/09","日盛-板橋",0,5,-5
"8101","3679新至陞","110/07/09","元大-大天母",10,0,10
"8102","3679新至陞","110/07/09","第一金-光復",0,11,-11
"8103","3679新至陞","110/07/09","日盛-樹林",9,0,9
"8104","3679新至陞","110/07/09","瑞士信貸",0,8,-8
"8105","3679新至陞","110/07/09","凱基-台北",11,2,9
"8106","3679新至陞","110/07/09","大慶-苗栗",0,5,-5
"8107","3679新至陞","110/07/09","華南永昌-小港",8,0,8
"8108","3679新至陞","110/07/09","元大-永春",0,5,-5
"8109","3679新至陞","110/07/09","兆豐-來福",7,0,7
"8110","3679新至陞","110/07/09","日盛-和美",0,4,-4
"8111","3679新至陞","110/07/09","香港上海匯豐",5,0,5
"8112","3679新至陞","110/07/09","元大-雙和",0,3,-3
"8113","3679新至陞","110/07/09","台中銀-員林",3,0,3
"8114","3679新至陞","110/07/09","永豐金-屏東",0,3,-3
"8115","3679新至陞","110/07/09","新光",3,0,3
"8116","3679新至陞","110/07/09","彰銀",0,2,-2
"8117","3679新至陞","110/07/09","土銀-花蓮",2,0,2
"8118","3679新至陞","110/07/09","宏遠-館前",0,2,-2
"8119","3679新至陞","110/07/09","第一金-澎湖",2,0,2
"8120","3679新至陞","110/07/09","港商野村",0,2,-2
"8121","3679新至陞","110/07/09","摩根大通",2,0,2
"8122","3679新至陞","110/07/09","大昌-新店",0,2,-2
"8123","3679新至陞","110/07/09","國泰-敦南",2,0,2
"8124","3679新至陞","110/07/09","元大-新莊",0,2,-2
"8125","3679新至陞","110/07/09","元大-淡水",4,2,2
"8126","3679新至陞","110/07/09","元大-板橋",0,2,-2
"8127","3679新至陞","110/07/09","日盛-士林",1,0,1
"8128","3679新至陞","110/07/09","台灣摩根士丹利",0,1,-1
"8129","3679新至陞","110/07/09","日盛-信義",1,0,1
"8130","3679新至陞","110/07/09","第一金-高雄",0,1,-1
"8131","2727王品","110/07/09","台灣匯立證券",90,0,90
"8132","2727王品","110/07/09","台灣摩根士丹利",0,267,-267
"8133","2727王品","110/07/09","國泰-敦南",166,84,82
"8134","2727王品","110/07/09","富邦-台北",35,299,-264
"8135","2727王品","110/07/09","富邦-仁愛",56,12,44
"8136","2727王品","110/07/09","凱基-台北",174,296,-122
"8137","2727王品","110/07/09","台新證券",109,66,43
"8138","2727王品","110/07/09","第一金",2,102,-100
"8139","2727王品","110/07/09","新光",117,87,30
"8140","2727王品","110/07/09","群益金鼎-大安",0,80,-80
"8141","2727王品","110/07/09","臺銀-臺中",35,6,29
"8142","2727王品","110/07/09","兆豐-大安",7,60,-53
"8143","2727王品","110/07/09","元大-桃園",32,3,29
"8144","2727王品","110/07/09","永豐金-南投",0,50,-50
"8145","2727王品","110/07/09","元富-宜蘭",34,6,28
"8146","2727王品","110/07/09","新加坡商瑞銀",6,46,-40
"8147","2727王品","110/07/09","玉山-台中",34,8,26
"8148","2727王品","110/07/09","合庫-彰化",11,50,-39
"8149","2727王品","110/07/09","群益金鼎-宜蘭",30,4,26
"8150","2727王品","110/07/09","永豐金-萬盛",13,52,-39
"8151","2727王品","110/07/09","富邦-台中",42,16,26
"8152","2727王品","110/07/09","瑞士信貸",0,34,-34
"8153","2727王品","110/07/09","第一金-豐原",25,1,24
"8154","2727王品","110/07/09","元大-和平",4,35,-31
"8155","2727王品","110/07/09","臺銀",30,8,22
"8156","2727王品","110/07/09","美林",14,44,-30
"8157","2727王品","110/07/09","兆豐-來福",23,1,22
"8158","2727王品","110/07/09","元大-員林",9,38,-29
"8159","2727王品","110/07/09","玉山-士林",22,2,20
"8160","2727王品","110/07/09","元富-西松",4,31,-27
"8161","1570力肯","110/07/09","凱基-台北",30,1,29
"8162","1570力肯","110/07/09","群益金鼎-彰化",0,20,-20
"8163","1570力肯","110/07/09","新光-台南",20,0,20
"8164","1570力肯","110/07/09","元大-土城學府",0,20,-20
"8165","1570力肯","110/07/09","元大-高雄",20,0,20
"8166","1570力肯","110/07/09","元大-大統",0,16,-16
"8167","1570力肯","110/07/09","國票-中正",12,0,12
"8168","1570力肯","110/07/09","元大-新營",0,11,-11
"8169","1570力肯","110/07/09","日盛-高雄",6,0,6
"8170","1570力肯","110/07/09","元大-和平",0,10,-10
"8171","1570力肯","110/07/09","元富-緯城",6,0,6
"8172","1570力肯","110/07/09","元大-草屯",0,10,-10
"8173","1570力肯","110/07/09","群益金鼎-台南",6,0,6
"8174","1570力肯","110/07/09","元大-鹿港",0,9,-9
"8175","1570力肯","110/07/09","華南永昌-岡山",6,0,6
"8176","1570力肯","110/07/09","合庫-基隆",0,7,-7
"8177","1570力肯","110/07/09","統一-中壢",5,0,5
"8178","1570力肯","110/07/09","摩根大通",2,8,-6
"8179","1570力肯","110/07/09","凱基-三峽",5,0,5
"8180","1570力肯","110/07/09","台灣企銀-豐原",0,4,-4
"8181","1570力肯","110/07/09","大昌-樹林",4,0,4
"8182","1570力肯","110/07/09","日盛-桃園",0,4,-4
"8183","1570力肯","110/07/09","新光",3,0,3
"8184","1570力肯","110/07/09","國泰-高雄",0,3,-3
"8185","1570力肯","110/07/09","富邦-新竹華信",3,0,3
"8186","1570力肯","110/07/09","永豐金-敦南",0,3,-3
"8187","1570力肯","110/07/09","合庫-台中",2,0,2
"8188","1570力肯","110/07/09","土銀-彰化",0,2,-2
"8189","1570力肯","110/07/09","臺銀-臺中",2,0,2
"8190","1570力肯","110/07/09","臺銀-鳳山",0,2,-2
"8191","6180橘子","110/07/09","摩根大通",63,1,62
"8192","6180橘子","110/07/09","元大-南京",1,32,-31
"8193","6180橘子","110/07/09","富邦-陽明",73,33,40
"8194","6180橘子","110/07/09","群益金鼎-台北",0,25,-25
"8195","6180橘子","110/07/09","新加坡商瑞銀",31,0,31
"8196","6180橘子","110/07/09","兆豐-復興",0,21,-21
"8197","6180橘子","110/07/09","美商高盛",25,0,25
"8198","6180橘子","110/07/09","永豐金-嘉義",0,21,-21
"8199","6180橘子","110/07/09","凱基-台北",26,10,16
"8200","6180橘子","110/07/09","凱基-中壢",8,24,-16
"8201","6180橘子","110/07/09","華南永昌-楠梓",13,0,13
"8202","6180橘子","110/07/09","致和-崇德",0,15,-15
"8203","6180橘子","110/07/09","華南永昌-朴子",11,0,11
"8204","6180橘子","110/07/09","群益金鼎-屏東",0,15,-15
"8205","6180橘子","110/07/09","元大-北港",11,0,11
"8206","6180橘子","110/07/09","群益金鼎-中山",0,15,-15
"8207","6180橘子","110/07/09","元大-成功",10,1,9
"8208","6180橘子","110/07/09","瑞士信貸",1,15,-14
"8209","6180橘子","110/07/09","新光",26,18,8
"8210","6180橘子","110/07/09","日盛-二林",0,10,-10
"8211","6180橘子","110/07/09","統一-三重",6,0,6
"8212","6180橘子","110/07/09","凱基-東門",0,10,-10
"8213","6180橘子","110/07/09","群益金鼎-嘉義",6,0,6
"8214","6180橘子","110/07/09","華南永昌-三重",0,10,-10
"8215","6180橘子","110/07/09","元大-員林中山",6,0,6
"8216","6180橘子","110/07/09","元大-彰化民生",1,11,-10
"8217","6180橘子","110/07/09","合庫-鳳山",5,0,5
"8218","6180橘子","110/07/09","永豐金-新店",1,11,-10
"8219","6180橘子","110/07/09","富邦-建國",6,1,5
"8220","6180橘子","110/07/09","群益金鼎-丹鳳",0,8,-8
"8221","2390云辰","110/07/09","摩根大通",279,56,223
"8222","2390云辰","110/07/09","元大-天母",0,127,-127
"8223","2390云辰","110/07/09","日盛-鳳山",110,2,108
"8224","2390云辰","110/07/09","中國信託-文心",5,109,-104
"8225","2390云辰","110/07/09","宏遠證券",100,0,100
"8226","2390云辰","110/07/09","永豐金-復興",0,55,-55
"8227","2390云辰","110/07/09","元大-大里",63,6,57
"8228","2390云辰","110/07/09","凱基-台北",239,286,-47
"8229","2390云辰","110/07/09","凱基-八德",59,10,49
"8230","2390云辰","110/07/09","德信",2,32,-30
"8231","2390云辰","110/07/09","合庫-新竹",40,0,40
"8232","2390云辰","110/07/09","兆豐-桃鶯",2,32,-30
"8233","2390云辰","110/07/09","國票",40,1,39
"8234","2390云辰","110/07/09","致和-南京",0,30,-30
"8235","2390云辰","110/07/09","新加坡商瑞銀",49,13,36
"8236","2390云辰","110/07/09","富邦-虎尾",1,31,-30
"8237","2390云辰","110/07/09","統一-新台中",36,2,34
"8238","2390云辰","110/07/09","元大-善化",2,31,-29
"8239","2390云辰","110/07/09","國票-嘉義",31,0,31
"8240","2390云辰","110/07/09","富邦-板橋",0,27,-27
"8241","2390云辰","110/07/09","華南永昌",35,7,28
"8242","2390云辰","110/07/09","富邦-永和",3,28,-25
"8243","2390云辰","110/07/09","玉山-台中",49,22,27
"8244","2390云辰","110/07/09","第一金-自由",20,44,-24
"8245","2390云辰","110/07/09","華南永昌-敦南",25,0,25
"8246","2390云辰","110/07/09","凱基-內湖",0,24,-24
"8247","2390云辰","110/07/09","新光-高雄",27,4,23
"8248","2390云辰","110/07/09","元大-汐止",1,24,-23
"8249","2390云辰","110/07/09","台灣摩根士丹利",85,63,22
"8250","2390云辰","110/07/09","新光-台中",12,33,-21
"8251","4903聯光通","110/07/09","元大-敦南",10,0,10
"8252","4903聯光通","110/07/09","第一金-台中",0,12,-12
"8253","4903聯光通","110/07/09","凱基-士林",5,0,5
"8254","4903聯光通","110/07/09","日盛-忠孝",0,3,-3
"8255","4903聯光通","110/07/09","元大-苗栗",5,0,5
"8256","4903聯光通","110/07/09","群益金鼎-崇德",0,3,-3
"8257","4903聯光通","110/07/09","元大-屏南",3,0,3
"8258","4903聯光通","110/07/09","國票-內壢",0,2,-2
"8259","4903聯光通","110/07/09","中國信託-永康",1,0,1
"8260","4903聯光通","110/07/09","康和-南崁",0,2,-2
"8261","4903聯光通","110/07/09","玉山證券",1,0,1
"8262","4903聯光通","110/07/09","新光-台中",0,2,-2
"8263","4903聯光通","110/07/09","元大-太平",4,3,1
"8264","4903聯光通","110/07/09","玉山-城中",0,2,-2
"8265","4903聯光通","110/07/09","永豐金-嘉義",1,0,1
"8266","4903聯光通","110/07/09","中國信託-文心",0,1,-1
"8267","4903聯光通","110/07/09","大昌",0,0,0
"8268","4903聯光通","110/07/09","大昌",0,0,0
"8269","4903聯光通","110/07/09","中農",0,0,0
"8270","4903聯光通","110/07/09","中農",0,0,0
"8271","4903聯光通","110/07/09","",NA,NA,NA
"8272","4903聯光通","110/07/09","",NA,NA,NA
"8273","4903聯光通","110/07/09","",NA,NA,NA
"8274","4903聯光通","110/07/09","",NA,NA,NA
"8275","4903聯光通","110/07/09","",NA,NA,NA
"8276","4903聯光通","110/07/09","",NA,NA,NA
"8277","4903聯光通","110/07/09","",NA,NA,NA
"8278","4903聯光通","110/07/09","",NA,NA,NA
"8279","4903聯光通","110/07/09","",NA,NA,NA
"8280","4903聯光通","110/07/09","",NA,NA,NA
"8281","2929淘帝","110/07/09","台中銀-台北",110,0,110
"8282","2929淘帝","110/07/09","新光",2,82,-80
"8283","2929淘帝","110/07/09","華南永昌-頭份",72,0,72
"8284","2929淘帝","110/07/09","摩根大通",2,63,-61
"8285","2929淘帝","110/07/09","合庫-高雄",71,0,71
"8286","2929淘帝","110/07/09","第一金-路竹",0,50,-50
"8287","2929淘帝","110/07/09","高橋-龍潭",37,0,37
"8288","2929淘帝","110/07/09","港商麥格理",0,42,-42
"8289","2929淘帝","110/07/09","新光-台中",60,26,34
"8290","2929淘帝","110/07/09","陽信-石牌",0,40,-40
"8291","2929淘帝","110/07/09","元富-大裕",22,1,21
"8292","2929淘帝","110/07/09","台新-左楠",1,39,-38
"8293","2929淘帝","110/07/09","合庫-鳳山",20,0,20
"8294","2929淘帝","110/07/09","凱基-桃園",3,29,-26
"8295","2929淘帝","110/07/09","元大-員林",22,2,20
"8296","2929淘帝","110/07/09","兆豐-內湖",0,25,-25
"8297","2929淘帝","110/07/09","台新-建北",15,0,15
"8298","2929淘帝","110/07/09","元大-北港",0,20,-20
"8299","2929淘帝","110/07/09","兆豐-桃園",13,0,13
"8300","2929淘帝","110/07/09","富邦-北港",0,19,-19
"8301","2929淘帝","110/07/09","兆豐-忠孝",10,0,10
"8302","2929淘帝","110/07/09","富邦-花蓮",0,17,-17
"8303","2929淘帝","110/07/09","國票-敦北法人",10,0,10
"8304","2929淘帝","110/07/09","國泰-台中",2,17,-15
"8305","2929淘帝","110/07/09","永豐金-博愛",10,0,10
"8306","2929淘帝","110/07/09","群益金鼎-彰化",0,15,-15
"8307","2929淘帝","110/07/09","群益金鼎-潭子",8,0,8
"8308","2929淘帝","110/07/09","元大-博愛",0,14,-14
"8309","2929淘帝","110/07/09","富邦-南屯",8,0,8
"8310","2929淘帝","110/07/09","日盛-板橋",0,13,-13
"8311","5410國眾","110/07/09","元大-新盛",14,0,14
"8312","5410國眾","110/07/09","(牛牛牛)亞-鑫豐",1,41,-40
"8313","5410國眾","110/07/09","台灣企銀-民雄",10,0,10
"8314","5410國眾","110/07/09","元富-嘉義",0,25,-25
"8315","5410國眾","110/07/09","元富-虎尾",9,0,9
"8316","5410國眾","110/07/09","凱基-高美館",0,10,-10
"8317","5410國眾","110/07/09","摩根大通",10,1,9
"8318","5410國眾","110/07/09","凱基-城中",0,10,-10
"8319","5410國眾","110/07/09","兆豐-北高雄",7,0,7
"8320","5410國眾","110/07/09","元大-頭份",0,10,-10
"8321","5410國眾","110/07/09","凱基-台北",8,1,7
"8322","5410國眾","110/07/09","群益金鼎-丹鳳",0,7,-7
"8323","5410國眾","110/07/09","華南永昌-公誠",7,0,7
"8324","5410國眾","110/07/09","凱基-復興",0,7,-7
"8325","5410國眾","110/07/09","香港上海匯豐",6,0,6
"8326","5410國眾","110/07/09","元大-員林",0,7,-7
"8327","5410國眾","110/07/09","凱基-中壢",6,0,6
"8328","5410國眾","110/07/09","富邦-竹東",0,6,-6
"8329","5410國眾","110/07/09","華南永昌-南京",6,0,6
"8330","5410國眾","110/07/09","亞東-高雄",0,5,-5
"8331","5410國眾","110/07/09","統一-三重",5,0,5
"8332","5410國眾","110/07/09","大慶-中壢",1,6,-5
"8333","5410國眾","110/07/09","富邦-宜蘭",5,0,5
"8334","5410國眾","110/07/09","群益金鼎-中港",0,5,-5
"8335","5410國眾","110/07/09","元大-崇德",5,0,5
"8336","5410國眾","110/07/09","元大-八德",0,5,-5
"8337","5410國眾","110/07/09","元大-博愛",5,0,5
"8338","5410國眾","110/07/09","富邦-基隆",0,4,-4
"8339","5410國眾","110/07/09","元大-龍潭",5,0,5
"8340","5410國眾","110/07/09","臺銀-新竹",0,3,-3
"8341","2841台開","110/07/09","日盛-雙和",102,0,102
"8342","2841台開","110/07/09","港商野村",0,129,-129
"8343","2841台開","110/07/09","元大-館前",70,0,70
"8344","2841台開","110/07/09","兆豐-永和",0,100,-100
"8345","2841台開","110/07/09","凱基-文心",50,0,50
"8346","2841台開","110/07/09","台新證券",7,28,-21
"8347","2841台開","110/07/09","富邦-嘉義",40,0,40
"8348","2841台開","110/07/09","國票-北高雄",0,20,-20
"8349","2841台開","110/07/09","美商高盛",15,0,15
"8350","2841台開","110/07/09","永豐金-敦南",29,46,-17
"8351","2841台開","110/07/09","台中銀",15,0,15
"8352","2841台開","110/07/09","合庫-基隆",0,12,-12
"8353","2841台開","110/07/09","新光",11,0,11
"8354","2841台開","110/07/09","中國信託-松江",0,12,-12
"8355","2841台開","110/07/09","華南永昌-長虹",10,0,10
"8356","2841台開","110/07/09","兆豐-城中",0,12,-12
"8357","2841台開","110/07/09","永豐金-南投",10,0,10
"8358","2841台開","110/07/09","台中銀-豐原",0,10,-10
"8359","2841台開","110/07/09","合庫-桃園",7,0,7
"8360","2841台開","110/07/09","兆豐-景美",0,10,-10
"8361","2841台開","110/07/09","群益金鼎-古亭",7,0,7
"8362","2841台開","110/07/09","群益金鼎-基隆",0,10,-10
"8363","2841台開","110/07/09","國泰-敦南",6,0,6
"8364","2841台開","110/07/09","元大-北三重",0,10,-10
"8365","2841台開","110/07/09","凱基-桃園",8,2,6
"8366","2841台開","110/07/09","(牛牛牛)亞-網路",0,9,-9
"8367","2841台開","110/07/09","日盛證券",5,0,5
"8368","2841台開","110/07/09","台新-高雄",1,10,-9
"8369","2841台開","110/07/09","元富-文心",5,0,5
"8370","2841台開","110/07/09","凱基-台北",0,7,-7
"8371","6207雷科","110/07/09","群益金鼎-新竹",47,0,47
"8372","6207雷科","110/07/09","新光",7,24,-17
"8373","6207雷科","110/07/09","永豐金-三重",31,0,31
"8374","6207雷科","110/07/09","日盛-和美",0,15,-15
"8375","6207雷科","110/07/09","新加坡商瑞銀",33,5,28
"8376","6207雷科","110/07/09","國泰-台南",0,15,-15
"8377","6207雷科","110/07/09","元大-高雄",26,0,26
"8378","6207雷科","110/07/09","華南永昌-古亭",0,14,-14
"8379","6207雷科","110/07/09","統一-員林",22,0,22
"8380","6207雷科","110/07/09","土銀-白河",0,11,-11
"8381","6207雷科","110/07/09","台新-高雄",22,0,22
"8382","6207雷科","110/07/09","日盛-台南",0,10,-10
"8383","6207雷科","110/07/09","摩根大通",34,17,17
"8384","6207雷科","110/07/09","元富-林園",0,10,-10
"8385","6207雷科","110/07/09","元大-博愛",17,1,16
"8386","6207雷科","110/07/09","富邦-園區",0,10,-10
"8387","6207雷科","110/07/09","日茂-埔里",12,0,12
"8388","6207雷科","110/07/09","元大-上新莊",0,10,-10
"8389","6207雷科","110/07/09","國泰-台中",17,6,11
"8390","6207雷科","110/07/09","永豐金-南京",0,10,-10
"8391","6207雷科","110/07/09","富邦-三重",10,0,10
"8392","6207雷科","110/07/09","兆豐-小港",0,6,-6
"8393","6207雷科","110/07/09","元大-沙鹿",10,0,10
"8394","6207雷科","110/07/09","富邦-羅東",1,7,-6
"8395","6207雷科","110/07/09","元大-八德",10,0,10
"8396","6207雷科","110/07/09","元大-土城永寧",0,6,-6
"8397","6207雷科","110/07/09","第一金-路竹",11,2,9
"8398","6207雷科","110/07/09","永豐金-板盛",0,6,-6
"8399","6207雷科","110/07/09","統一-南京",5,0,5
"8400","6207雷科","110/07/09","日盛-板橋",0,5,-5
"8401","3679新至陞","110/07/09","元大-大天母",10,0,10
"8402","3679新至陞","110/07/09","第一金-光復",0,11,-11
"8403","3679新至陞","110/07/09","日盛-樹林",9,0,9
"8404","3679新至陞","110/07/09","瑞士信貸",0,8,-8
"8405","3679新至陞","110/07/09","凱基-台北",11,2,9
"8406","3679新至陞","110/07/09","大慶-苗栗",0,5,-5
"8407","3679新至陞","110/07/09","華南永昌-小港",8,0,8
"8408","3679新至陞","110/07/09","元大-永春",0,5,-5
"8409","3679新至陞","110/07/09","兆豐-來福",7,0,7
"8410","3679新至陞","110/07/09","日盛-和美",0,4,-4
"8411","3679新至陞","110/07/09","香港上海匯豐",5,0,5
"8412","3679新至陞","110/07/09","元大-雙和",0,3,-3
"8413","3679新至陞","110/07/09","台中銀-員林",3,0,3
"8414","3679新至陞","110/07/09","永豐金-屏東",0,3,-3
"8415","3679新至陞","110/07/09","新光",3,0,3
"8416","3679新至陞","110/07/09","彰銀",0,2,-2
"8417","3679新至陞","110/07/09","土銀-花蓮",2,0,2
"8418","3679新至陞","110/07/09","宏遠-館前",0,2,-2
"8419","3679新至陞","110/07/09","第一金-澎湖",2,0,2
"8420","3679新至陞","110/07/09","港商野村",0,2,-2
"8421","3679新至陞","110/07/09","摩根大通",2,0,2
"8422","3679新至陞","110/07/09","大昌-新店",0,2,-2
"8423","3679新至陞","110/07/09","國泰-敦南",2,0,2
"8424","3679新至陞","110/07/09","元大-新莊",0,2,-2
"8425","3679新至陞","110/07/09","元大-淡水",4,2,2
"8426","3679新至陞","110/07/09","元大-板橋",0,2,-2
"8427","3679新至陞","110/07/09","日盛-士林",1,0,1
"8428","3679新至陞","110/07/09","台灣摩根士丹利",0,1,-1
"8429","3679新至陞","110/07/09","日盛-信義",1,0,1
"8430","3679新至陞","110/07/09","第一金-高雄",0,1,-1
"8431","2727王品","110/07/09","台灣匯立證券",90,0,90
"8432","2727王品","110/07/09","台灣摩根士丹利",0,267,-267
"8433","2727王品","110/07/09","國泰-敦南",166,84,82
"8434","2727王品","110/07/09","富邦-台北",35,299,-264
"8435","2727王品","110/07/09","富邦-仁愛",56,12,44
"8436","2727王品","110/07/09","凱基-台北",174,296,-122
"8437","2727王品","110/07/09","台新證券",109,66,43
"8438","2727王品","110/07/09","第一金",2,102,-100
"8439","2727王品","110/07/09","新光",117,87,30
"8440","2727王品","110/07/09","群益金鼎-大安",0,80,-80
"8441","2727王品","110/07/09","臺銀-臺中",35,6,29
"8442","2727王品","110/07/09","兆豐-大安",7,60,-53
"8443","2727王品","110/07/09","元大-桃園",32,3,29
"8444","2727王品","110/07/09","永豐金-南投",0,50,-50
"8445","2727王品","110/07/09","元富-宜蘭",34,6,28
"8446","2727王品","110/07/09","新加坡商瑞銀",6,46,-40
"8447","2727王品","110/07/09","玉山-台中",34,8,26
"8448","2727王品","110/07/09","合庫-彰化",11,50,-39
"8449","2727王品","110/07/09","群益金鼎-宜蘭",30,4,26
"8450","2727王品","110/07/09","永豐金-萬盛",13,52,-39
"8451","2727王品","110/07/09","富邦-台中",42,16,26
"8452","2727王品","110/07/09","瑞士信貸",0,34,-34
"8453","2727王品","110/07/09","第一金-豐原",25,1,24
"8454","2727王品","110/07/09","元大-和平",4,35,-31
"8455","2727王品","110/07/09","臺銀",30,8,22
"8456","2727王品","110/07/09","美林",14,44,-30
"8457","2727王品","110/07/09","兆豐-來福",23,1,22
"8458","2727王品","110/07/09","元大-員林",9,38,-29
"8459","2727王品","110/07/09","玉山-士林",22,2,20
"8460","2727王品","110/07/09","元富-西松",4,31,-27
"8461","1570力肯","110/07/09","凱基-台北",30,1,29
"8462","1570力肯","110/07/09","群益金鼎-彰化",0,20,-20
"8463","1570力肯","110/07/09","新光-台南",20,0,20
"8464","1570力肯","110/07/09","元大-土城學府",0,20,-20
"8465","1570力肯","110/07/09","元大-高雄",20,0,20
"8466","1570力肯","110/07/09","元大-大統",0,16,-16
"8467","1570力肯","110/07/09","國票-中正",12,0,12
"8468","1570力肯","110/07/09","元大-新營",0,11,-11
"8469","1570力肯","110/07/09","日盛-高雄",6,0,6
"8470","1570力肯","110/07/09","元大-和平",0,10,-10
"8471","1570力肯","110/07/09","元富-緯城",6,0,6
"8472","1570力肯","110/07/09","元大-草屯",0,10,-10
"8473","1570力肯","110/07/09","群益金鼎-台南",6,0,6
"8474","1570力肯","110/07/09","元大-鹿港",0,9,-9
"8475","1570力肯","110/07/09","華南永昌-岡山",6,0,6
"8476","1570力肯","110/07/09","合庫-基隆",0,7,-7
"8477","1570力肯","110/07/09","統一-中壢",5,0,5
"8478","1570力肯","110/07/09","摩根大通",2,8,-6
"8479","1570力肯","110/07/09","凱基-三峽",5,0,5
"8480","1570力肯","110/07/09","台灣企銀-豐原",0,4,-4
"8481","1570力肯","110/07/09","大昌-樹林",4,0,4
"8482","1570力肯","110/07/09","日盛-桃園",0,4,-4
"8483","1570力肯","110/07/09","新光",3,0,3
"8484","1570力肯","110/07/09","國泰-高雄",0,3,-3
"8485","1570力肯","110/07/09","富邦-新竹華信",3,0,3
"8486","1570力肯","110/07/09","永豐金-敦南",0,3,-3
"8487","1570力肯","110/07/09","合庫-台中",2,0,2
"8488","1570力肯","110/07/09","土銀-彰化",0,2,-2
"8489","1570力肯","110/07/09","臺銀-臺中",2,0,2
"8490","1570力肯","110/07/09","臺銀-鳳山",0,2,-2
"8491","6180橘子","110/07/09","摩根大通",63,1,62
"8492","6180橘子","110/07/09","元大-南京",1,32,-31
"8493","6180橘子","110/07/09","富邦-陽明",73,33,40
"8494","6180橘子","110/07/09","群益金鼎-台北",0,25,-25
"8495","6180橘子","110/07/09","新加坡商瑞銀",31,0,31
"8496","6180橘子","110/07/09","兆豐-復興",0,21,-21
"8497","6180橘子","110/07/09","美商高盛",25,0,25
"8498","6180橘子","110/07/09","永豐金-嘉義",0,21,-21
"8499","6180橘子","110/07/09","凱基-台北",26,10,16
"8500","6180橘子","110/07/09","凱基-中壢",8,24,-16
"8501","6180橘子","110/07/09","華南永昌-楠梓",13,0,13
"8502","6180橘子","110/07/09","致和-崇德",0,15,-15
"8503","6180橘子","110/07/09","華南永昌-朴子",11,0,11
"8504","6180橘子","110/07/09","群益金鼎-屏東",0,15,-15
"8505","6180橘子","110/07/09","元大-北港",11,0,11
"8506","6180橘子","110/07/09","群益金鼎-中山",0,15,-15
"8507","6180橘子","110/07/09","元大-成功",10,1,9
"8508","6180橘子","110/07/09","瑞士信貸",1,15,-14
"8509","6180橘子","110/07/09","新光",26,18,8
"8510","6180橘子","110/07/09","日盛-二林",0,10,-10
"8511","6180橘子","110/07/09","統一-三重",6,0,6
"8512","6180橘子","110/07/09","凱基-東門",0,10,-10
"8513","6180橘子","110/07/09","群益金鼎-嘉義",6,0,6
"8514","6180橘子","110/07/09","華南永昌-三重",0,10,-10
"8515","6180橘子","110/07/09","元大-員林中山",6,0,6
"8516","6180橘子","110/07/09","元大-彰化民生",1,11,-10
"8517","6180橘子","110/07/09","合庫-鳳山",5,0,5
"8518","6180橘子","110/07/09","永豐金-新店",1,11,-10
"8519","6180橘子","110/07/09","富邦-建國",6,1,5
"8520","6180橘子","110/07/09","群益金鼎-丹鳳",0,8,-8
"8521","2390云辰","110/07/09","摩根大通",279,56,223
"8522","2390云辰","110/07/09","元大-天母",0,127,-127
"8523","2390云辰","110/07/09","日盛-鳳山",110,2,108
"8524","2390云辰","110/07/09","中國信託-文心",5,109,-104
"8525","2390云辰","110/07/09","宏遠證券",100,0,100
"8526","2390云辰","110/07/09","永豐金-復興",0,55,-55
"8527","2390云辰","110/07/09","元大-大里",63,6,57
"8528","2390云辰","110/07/09","凱基-台北",239,286,-47
"8529","2390云辰","110/07/09","凱基-八德",59,10,49
"8530","2390云辰","110/07/09","德信",2,32,-30
"8531","2390云辰","110/07/09","合庫-新竹",40,0,40
"8532","2390云辰","110/07/09","兆豐-桃鶯",2,32,-30
"8533","2390云辰","110/07/09","國票",40,1,39
"8534","2390云辰","110/07/09","致和-南京",0,30,-30
"8535","2390云辰","110/07/09","新加坡商瑞銀",49,13,36
"8536","2390云辰","110/07/09","富邦-虎尾",1,31,-30
"8537","2390云辰","110/07/09","統一-新台中",36,2,34
"8538","2390云辰","110/07/09","元大-善化",2,31,-29
"8539","2390云辰","110/07/09","國票-嘉義",31,0,31
"8540","2390云辰","110/07/09","富邦-板橋",0,27,-27
"8541","2390云辰","110/07/09","華南永昌",35,7,28
"8542","2390云辰","110/07/09","富邦-永和",3,28,-25
"8543","2390云辰","110/07/09","玉山-台中",49,22,27
"8544","2390云辰","110/07/09","第一金-自由",20,44,-24
"8545","2390云辰","110/07/09","華南永昌-敦南",25,0,25
"8546","2390云辰","110/07/09","凱基-內湖",0,24,-24
"8547","2390云辰","110/07/09","新光-高雄",27,4,23
"8548","2390云辰","110/07/09","元大-汐止",1,24,-23
"8549","2390云辰","110/07/09","台灣摩根士丹利",85,63,22
"8550","2390云辰","110/07/09","新光-台中",12,33,-21
"8551","4903聯光通","110/07/09","元大-敦南",10,0,10
"8552","4903聯光通","110/07/09","第一金-台中",0,12,-12
"8553","4903聯光通","110/07/09","凱基-士林",5,0,5
"8554","4903聯光通","110/07/09","日盛-忠孝",0,3,-3
"8555","4903聯光通","110/07/09","元大-苗栗",5,0,5
"8556","4903聯光通","110/07/09","群益金鼎-崇德",0,3,-3
"8557","4903聯光通","110/07/09","元大-屏南",3,0,3
"8558","4903聯光通","110/07/09","國票-內壢",0,2,-2
"8559","4903聯光通","110/07/09","中國信託-永康",1,0,1
"8560","4903聯光通","110/07/09","康和-南崁",0,2,-2
"8561","4903聯光通","110/07/09","玉山證券",1,0,1
"8562","4903聯光通","110/07/09","新光-台中",0,2,-2
"8563","4903聯光通","110/07/09","元大-太平",4,3,1
"8564","4903聯光通","110/07/09","玉山-城中",0,2,-2
"8565","4903聯光通","110/07/09","永豐金-嘉義",1,0,1
"8566","4903聯光通","110/07/09","中國信託-文心",0,1,-1
"8567","4903聯光通","110/07/09","大昌",0,0,0
"8568","4903聯光通","110/07/09","大昌",0,0,0
"8569","4903聯光通","110/07/09","中農",0,0,0
"8570","4903聯光通","110/07/09","中農",0,0,0
"8571","4903聯光通","110/07/09","",NA,NA,NA
"8572","4903聯光通","110/07/09","",NA,NA,NA
"8573","4903聯光通","110/07/09","",NA,NA,NA
"8574","4903聯光通","110/07/09","",NA,NA,NA
"8575","4903聯光通","110/07/09","",NA,NA,NA
"8576","4903聯光通","110/07/09","",NA,NA,NA
"8577","4903聯光通","110/07/09","",NA,NA,NA
"8578","4903聯光通","110/07/09","",NA,NA,NA
"8579","4903聯光通","110/07/09","",NA,NA,NA
"8580","4903聯光通","110/07/09","",NA,NA,NA
"8581","2929淘帝","110/07/09","台中銀-台北",110,0,110
"8582","2929淘帝","110/07/09","新光",2,82,-80
"8583","2929淘帝","110/07/09","華南永昌-頭份",72,0,72
"8584","2929淘帝","110/07/09","摩根大通",2,63,-61
"8585","2929淘帝","110/07/09","合庫-高雄",71,0,71
"8586","2929淘帝","110/07/09","第一金-路竹",0,50,-50
"8587","2929淘帝","110/07/09","高橋-龍潭",37,0,37
"8588","2929淘帝","110/07/09","港商麥格理",0,42,-42
"8589","2929淘帝","110/07/09","新光-台中",60,26,34
"8590","2929淘帝","110/07/09","陽信-石牌",0,40,-40
"8591","2929淘帝","110/07/09","元富-大裕",22,1,21
"8592","2929淘帝","110/07/09","台新-左楠",1,39,-38
"8593","2929淘帝","110/07/09","合庫-鳳山",20,0,20
"8594","2929淘帝","110/07/09","凱基-桃園",3,29,-26
"8595","2929淘帝","110/07/09","元大-員林",22,2,20
"8596","2929淘帝","110/07/09","兆豐-內湖",0,25,-25
"8597","2929淘帝","110/07/09","台新-建北",15,0,15
"8598","2929淘帝","110/07/09","元大-北港",0,20,-20
"8599","2929淘帝","110/07/09","兆豐-桃園",13,0,13
"8600","2929淘帝","110/07/09","富邦-北港",0,19,-19
"8601","2929淘帝","110/07/09","兆豐-忠孝",10,0,10
"8602","2929淘帝","110/07/09","富邦-花蓮",0,17,-17
"8603","2929淘帝","110/07/09","國票-敦北法人",10,0,10
"8604","2929淘帝","110/07/09","國泰-台中",2,17,-15
"8605","2929淘帝","110/07/09","永豐金-博愛",10,0,10
"8606","2929淘帝","110/07/09","群益金鼎-彰化",0,15,-15
"8607","2929淘帝","110/07/09","群益金鼎-潭子",8,0,8
"8608","2929淘帝","110/07/09","元大-博愛",0,14,-14
"8609","2929淘帝","110/07/09","富邦-南屯",8,0,8
"8610","2929淘帝","110/07/09","日盛-板橋",0,13,-13
"8611","5410國眾","110/07/09","元大-新盛",14,0,14
"8612","5410國眾","110/07/09","(牛牛牛)亞-鑫豐",1,41,-40
"8613","5410國眾","110/07/09","台灣企銀-民雄",10,0,10
"8614","5410國眾","110/07/09","元富-嘉義",0,25,-25
"8615","5410國眾","110/07/09","元富-虎尾",9,0,9
"8616","5410國眾","110/07/09","凱基-高美館",0,10,-10
"8617","5410國眾","110/07/09","摩根大通",10,1,9
"8618","5410國眾","110/07/09","凱基-城中",0,10,-10
"8619","5410國眾","110/07/09","兆豐-北高雄",7,0,7
"8620","5410國眾","110/07/09","元大-頭份",0,10,-10
"8621","5410國眾","110/07/09","凱基-台北",8,1,7
"8622","5410國眾","110/07/09","群益金鼎-丹鳳",0,7,-7
"8623","5410國眾","110/07/09","華南永昌-公誠",7,0,7
"8624","5410國眾","110/07/09","凱基-復興",0,7,-7
"8625","5410國眾","110/07/09","香港上海匯豐",6,0,6
"8626","5410國眾","110/07/09","元大-員林",0,7,-7
"8627","5410國眾","110/07/09","凱基-中壢",6,0,6
"8628","5410國眾","110/07/09","富邦-竹東",0,6,-6
"8629","5410國眾","110/07/09","華南永昌-南京",6,0,6
"8630","5410國眾","110/07/09","亞東-高雄",0,5,-5
"8631","5410國眾","110/07/09","統一-三重",5,0,5
"8632","5410國眾","110/07/09","大慶-中壢",1,6,-5
"8633","5410國眾","110/07/09","富邦-宜蘭",5,0,5
"8634","5410國眾","110/07/09","群益金鼎-中港",0,5,-5
"8635","5410國眾","110/07/09","元大-崇德",5,0,5
"8636","5410國眾","110/07/09","元大-八德",0,5,-5
"8637","5410國眾","110/07/09","元大-博愛",5,0,5
"8638","5410國眾","110/07/09","富邦-基隆",0,4,-4
"8639","5410國眾","110/07/09","元大-龍潭",5,0,5
"8640","5410國眾","110/07/09","臺銀-新竹",0,3,-3
"8641","2841台開","110/07/09","日盛-雙和",102,0,102
"8642","2841台開","110/07/09","港商野村",0,129,-129
"8643","2841台開","110/07/09","元大-館前",70,0,70
"8644","2841台開","110/07/09","兆豐-永和",0,100,-100
"8645","2841台開","110/07/09","凱基-文心",50,0,50
"8646","2841台開","110/07/09","台新證券",7,28,-21
"8647","2841台開","110/07/09","富邦-嘉義",40,0,40
"8648","2841台開","110/07/09","國票-北高雄",0,20,-20
"8649","2841台開","110/07/09","美商高盛",15,0,15
"8650","2841台開","110/07/09","永豐金-敦南",29,46,-17
"8651","2841台開","110/07/09","台中銀",15,0,15
"8652","2841台開","110/07/09","合庫-基隆",0,12,-12
"8653","2841台開","110/07/09","新光",11,0,11
"8654","2841台開","110/07/09","中國信託-松江",0,12,-12
"8655","2841台開","110/07/09","華南永昌-長虹",10,0,10
"8656","2841台開","110/07/09","兆豐-城中",0,12,-12
"8657","2841台開","110/07/09","永豐金-南投",10,0,10
"8658","2841台開","110/07/09","台中銀-豐原",0,10,-10
"8659","2841台開","110/07/09","合庫-桃園",7,0,7
"8660","2841台開","110/07/09","兆豐-景美",0,10,-10
"8661","2841台開","110/07/09","群益金鼎-古亭",7,0,7
"8662","2841台開","110/07/09","群益金鼎-基隆",0,10,-10
"8663","2841台開","110/07/09","國泰-敦南",6,0,6
"8664","2841台開","110/07/09","元大-北三重",0,10,-10
"8665","2841台開","110/07/09","凱基-桃園",8,2,6
"8666","2841台開","110/07/09","(牛牛牛)亞-網路",0,9,-9
"8667","2841台開","110/07/09","日盛證券",5,0,5
"8668","2841台開","110/07/09","台新-高雄",1,10,-9
"8669","2841台開","110/07/09","元富-文心",5,0,5
"8670","2841台開","110/07/09","凱基-台北",0,7,-7
"8671","6207雷科","110/07/09","群益金鼎-新竹",47,0,47
"8672","6207雷科","110/07/09","新光",7,24,-17
"8673","6207雷科","110/07/09","永豐金-三重",31,0,31
"8674","6207雷科","110/07/09","日盛-和美",0,15,-15
"8675","6207雷科","110/07/09","新加坡商瑞銀",33,5,28
"8676","6207雷科","110/07/09","國泰-台南",0,15,-15
"8677","6207雷科","110/07/09","元大-高雄",26,0,26
"8678","6207雷科","110/07/09","華南永昌-古亭",0,14,-14
"8679","6207雷科","110/07/09","統一-員林",22,0,22
"8680","6207雷科","110/07/09","土銀-白河",0,11,-11
"8681","6207雷科","110/07/09","台新-高雄",22,0,22
"8682","6207雷科","110/07/09","日盛-台南",0,10,-10
"8683","6207雷科","110/07/09","摩根大通",34,17,17
"8684","6207雷科","110/07/09","元富-林園",0,10,-10
"8685","6207雷科","110/07/09","元大-博愛",17,1,16
"8686","6207雷科","110/07/09","富邦-園區",0,10,-10
"8687","6207雷科","110/07/09","日茂-埔里",12,0,12
"8688","6207雷科","110/07/09","元大-上新莊",0,10,-10
"8689","6207雷科","110/07/09","國泰-台中",17,6,11
"8690","6207雷科","110/07/09","永豐金-南京",0,10,-10
"8691","6207雷科","110/07/09","富邦-三重",10,0,10
"8692","6207雷科","110/07/09","兆豐-小港",0,6,-6
"8693","6207雷科","110/07/09","元大-沙鹿",10,0,10
"8694","6207雷科","110/07/09","富邦-羅東",1,7,-6
"8695","6207雷科","110/07/09","元大-八德",10,0,10
"8696","6207雷科","110/07/09","元大-土城永寧",0,6,-6
"8697","6207雷科","110/07/09","第一金-路竹",11,2,9
"8698","6207雷科","110/07/09","永豐金-板盛",0,6,-6
"8699","6207雷科","110/07/09","統一-南京",5,0,5
"8700","6207雷科","110/07/09","日盛-板橋",0,5,-5
"8701","3679新至陞","110/07/09","元大-大天母",10,0,10
"8702","3679新至陞","110/07/09","第一金-光復",0,11,-11
"8703","3679新至陞","110/07/09","日盛-樹林",9,0,9
"8704","3679新至陞","110/07/09","瑞士信貸",0,8,-8
"8705","3679新至陞","110/07/09","凱基-台北",11,2,9
"8706","3679新至陞","110/07/09","大慶-苗栗",0,5,-5
"8707","3679新至陞","110/07/09","華南永昌-小港",8,0,8
"8708","3679新至陞","110/07/09","元大-永春",0,5,-5
"8709","3679新至陞","110/07/09","兆豐-來福",7,0,7
"8710","3679新至陞","110/07/09","日盛-和美",0,4,-4
"8711","3679新至陞","110/07/09","香港上海匯豐",5,0,5
"8712","3679新至陞","110/07/09","元大-雙和",0,3,-3
"8713","3679新至陞","110/07/09","台中銀-員林",3,0,3
"8714","3679新至陞","110/07/09","永豐金-屏東",0,3,-3
"8715","3679新至陞","110/07/09","新光",3,0,3
"8716","3679新至陞","110/07/09","彰銀",0,2,-2
"8717","3679新至陞","110/07/09","土銀-花蓮",2,0,2
"8718","3679新至陞","110/07/09","宏遠-館前",0,2,-2
"8719","3679新至陞","110/07/09","第一金-澎湖",2,0,2
"8720","3679新至陞","110/07/09","港商野村",0,2,-2
"8721","3679新至陞","110/07/09","摩根大通",2,0,2
"8722","3679新至陞","110/07/09","大昌-新店",0,2,-2
"8723","3679新至陞","110/07/09","國泰-敦南",2,0,2
"8724","3679新至陞","110/07/09","元大-新莊",0,2,-2
"8725","3679新至陞","110/07/09","元大-淡水",4,2,2
"8726","3679新至陞","110/07/09","元大-板橋",0,2,-2
"8727","3679新至陞","110/07/09","日盛-士林",1,0,1
"8728","3679新至陞","110/07/09","台灣摩根士丹利",0,1,-1
"8729","3679新至陞","110/07/09","日盛-信義",1,0,1
"8730","3679新至陞","110/07/09","第一金-高雄",0,1,-1
"8731","2727王品","110/07/09","台灣匯立證券",90,0,90
"8732","2727王品","110/07/09","台灣摩根士丹利",0,267,-267
"8733","2727王品","110/07/09","國泰-敦南",166,84,82
"8734","2727王品","110/07/09","富邦-台北",35,299,-264
"8735","2727王品","110/07/09","富邦-仁愛",56,12,44
"8736","2727王品","110/07/09","凱基-台北",174,296,-122
"8737","2727王品","110/07/09","台新證券",109,66,43
"8738","2727王品","110/07/09","第一金",2,102,-100
"8739","2727王品","110/07/09","新光",117,87,30
"8740","2727王品","110/07/09","群益金鼎-大安",0,80,-80
"8741","2727王品","110/07/09","臺銀-臺中",35,6,29
"8742","2727王品","110/07/09","兆豐-大安",7,60,-53
"8743","2727王品","110/07/09","元大-桃園",32,3,29
"8744","2727王品","110/07/09","永豐金-南投",0,50,-50
"8745","2727王品","110/07/09","元富-宜蘭",34,6,28
"8746","2727王品","110/07/09","新加坡商瑞銀",6,46,-40
"8747","2727王品","110/07/09","玉山-台中",34,8,26
"8748","2727王品","110/07/09","合庫-彰化",11,50,-39
"8749","2727王品","110/07/09","群益金鼎-宜蘭",30,4,26
"8750","2727王品","110/07/09","永豐金-萬盛",13,52,-39
"8751","2727王品","110/07/09","富邦-台中",42,16,26
"8752","2727王品","110/07/09","瑞士信貸",0,34,-34
"8753","2727王品","110/07/09","第一金-豐原",25,1,24
"8754","2727王品","110/07/09","元大-和平",4,35,-31
"8755","2727王品","110/07/09","臺銀",30,8,22
"8756","2727王品","110/07/09","美林",14,44,-30
"8757","2727王品","110/07/09","兆豐-來福",23,1,22
"8758","2727王品","110/07/09","元大-員林",9,38,-29
"8759","2727王品","110/07/09","玉山-士林",22,2,20
"8760","2727王品","110/07/09","元富-西松",4,31,-27
"8761","1570力肯","110/07/09","凱基-台北",30,1,29
"8762","1570力肯","110/07/09","群益金鼎-彰化",0,20,-20
"8763","1570力肯","110/07/09","新光-台南",20,0,20
"8764","1570力肯","110/07/09","元大-土城學府",0,20,-20
"8765","1570力肯","110/07/09","元大-高雄",20,0,20
"8766","1570力肯","110/07/09","元大-大統",0,16,-16
"8767","1570力肯","110/07/09","國票-中正",12,0,12
"8768","1570力肯","110/07/09","元大-新營",0,11,-11
"8769","1570力肯","110/07/09","日盛-高雄",6,0,6
"8770","1570力肯","110/07/09","元大-和平",0,10,-10
"8771","1570力肯","110/07/09","元富-緯城",6,0,6
"8772","1570力肯","110/07/09","元大-草屯",0,10,-10
"8773","1570力肯","110/07/09","群益金鼎-台南",6,0,6
"8774","1570力肯","110/07/09","元大-鹿港",0,9,-9
"8775","1570力肯","110/07/09","華南永昌-岡山",6,0,6
"8776","1570力肯","110/07/09","合庫-基隆",0,7,-7
"8777","1570力肯","110/07/09","統一-中壢",5,0,5
"8778","1570力肯","110/07/09","摩根大通",2,8,-6
"8779","1570力肯","110/07/09","凱基-三峽",5,0,5
"8780","1570力肯","110/07/09","台灣企銀-豐原",0,4,-4
"8781","1570力肯","110/07/09","大昌-樹林",4,0,4
"8782","1570力肯","110/07/09","日盛-桃園",0,4,-4
"8783","1570力肯","110/07/09","新光",3,0,3
"8784","1570力肯","110/07/09","國泰-高雄",0,3,-3
"8785","1570力肯","110/07/09","富邦-新竹華信",3,0,3
"8786","1570力肯","110/07/09","永豐金-敦南",0,3,-3
"8787","1570力肯","110/07/09","合庫-台中",2,0,2
"8788","1570力肯","110/07/09","土銀-彰化",0,2,-2
"8789","1570力肯","110/07/09","臺銀-臺中",2,0,2
"8790","1570力肯","110/07/09","臺銀-鳳山",0,2,-2
"8791","6180橘子","110/07/09","摩根大通",63,1,62
"8792","6180橘子","110/07/09","元大-南京",1,32,-31
"8793","6180橘子","110/07/09","富邦-陽明",73,33,40
"8794","6180橘子","110/07/09","群益金鼎-台北",0,25,-25
"8795","6180橘子","110/07/09","新加坡商瑞銀",31,0,31
"8796","6180橘子","110/07/09","兆豐-復興",0,21,-21
"8797","6180橘子","110/07/09","美商高盛",25,0,25
"8798","6180橘子","110/07/09","永豐金-嘉義",0,21,-21
"8799","6180橘子","110/07/09","凱基-台北",26,10,16
"8800","6180橘子","110/07/09","凱基-中壢",8,24,-16
"8801","6180橘子","110/07/09","華南永昌-楠梓",13,0,13
"8802","6180橘子","110/07/09","致和-崇德",0,15,-15
"8803","6180橘子","110/07/09","華南永昌-朴子",11,0,11
"8804","6180橘子","110/07/09","群益金鼎-屏東",0,15,-15
"8805","6180橘子","110/07/09","元大-北港",11,0,11
"8806","6180橘子","110/07/09","群益金鼎-中山",0,15,-15
"8807","6180橘子","110/07/09","元大-成功",10,1,9
"8808","6180橘子","110/07/09","瑞士信貸",1,15,-14
"8809","6180橘子","110/07/09","新光",26,18,8
"8810","6180橘子","110/07/09","日盛-二林",0,10,-10
"8811","6180橘子","110/07/09","統一-三重",6,0,6
"8812","6180橘子","110/07/09","凱基-東門",0,10,-10
"8813","6180橘子","110/07/09","群益金鼎-嘉義",6,0,6
"8814","6180橘子","110/07/09","華南永昌-三重",0,10,-10
"8815","6180橘子","110/07/09","元大-員林中山",6,0,6
"8816","6180橘子","110/07/09","元大-彰化民生",1,11,-10
"8817","6180橘子","110/07/09","合庫-鳳山",5,0,5
"8818","6180橘子","110/07/09","永豐金-新店",1,11,-10
"8819","6180橘子","110/07/09","富邦-建國",6,1,5
"8820","6180橘子","110/07/09","群益金鼎-丹鳳",0,8,-8
"8821","2390云辰","110/07/09","摩根大通",279,56,223
"8822","2390云辰","110/07/09","元大-天母",0,127,-127
"8823","2390云辰","110/07/09","日盛-鳳山",110,2,108
"8824","2390云辰","110/07/09","中國信託-文心",5,109,-104
"8825","2390云辰","110/07/09","宏遠證券",100,0,100
"8826","2390云辰","110/07/09","永豐金-復興",0,55,-55
"8827","2390云辰","110/07/09","元大-大里",63,6,57
"8828","2390云辰","110/07/09","凱基-台北",239,286,-47
"8829","2390云辰","110/07/09","凱基-八德",59,10,49
"8830","2390云辰","110/07/09","德信",2,32,-30
"8831","2390云辰","110/07/09","合庫-新竹",40,0,40
"8832","2390云辰","110/07/09","兆豐-桃鶯",2,32,-30
"8833","2390云辰","110/07/09","國票",40,1,39
"8834","2390云辰","110/07/09","致和-南京",0,30,-30
"8835","2390云辰","110/07/09","新加坡商瑞銀",49,13,36
"8836","2390云辰","110/07/09","富邦-虎尾",1,31,-30
"8837","2390云辰","110/07/09","統一-新台中",36,2,34
"8838","2390云辰","110/07/09","元大-善化",2,31,-29
"8839","2390云辰","110/07/09","國票-嘉義",31,0,31
"8840","2390云辰","110/07/09","富邦-板橋",0,27,-27
"8841","2390云辰","110/07/09","華南永昌",35,7,28
"8842","2390云辰","110/07/09","富邦-永和",3,28,-25
"8843","2390云辰","110/07/09","玉山-台中",49,22,27
"8844","2390云辰","110/07/09","第一金-自由",20,44,-24
"8845","2390云辰","110/07/09","華南永昌-敦南",25,0,25
"8846","2390云辰","110/07/09","凱基-內湖",0,24,-24
"8847","2390云辰","110/07/09","新光-高雄",27,4,23
"8848","2390云辰","110/07/09","元大-汐止",1,24,-23
"8849","2390云辰","110/07/09","台灣摩根士丹利",85,63,22
"8850","2390云辰","110/07/09","新光-台中",12,33,-21
"8851","4903聯光通","110/07/09","元大-敦南",10,0,10
"8852","4903聯光通","110/07/09","第一金-台中",0,12,-12
"8853","4903聯光通","110/07/09","凱基-士林",5,0,5
"8854","4903聯光通","110/07/09","日盛-忠孝",0,3,-3
"8855","4903聯光通","110/07/09","元大-苗栗",5,0,5
"8856","4903聯光通","110/07/09","群益金鼎-崇德",0,3,-3
"8857","4903聯光通","110/07/09","元大-屏南",3,0,3
"8858","4903聯光通","110/07/09","國票-內壢",0,2,-2
"8859","4903聯光通","110/07/09","中國信託-永康",1,0,1
"8860","4903聯光通","110/07/09","康和-南崁",0,2,-2
"8861","4903聯光通","110/07/09","玉山證券",1,0,1
"8862","4903聯光通","110/07/09","新光-台中",0,2,-2
"8863","4903聯光通","110/07/09","元大-太平",4,3,1
"8864","4903聯光通","110/07/09","玉山-城中",0,2,-2
"8865","4903聯光通","110/07/09","永豐金-嘉義",1,0,1
"8866","4903聯光通","110/07/09","中國信託-文心",0,1,-1
"8867","4903聯光通","110/07/09","大昌",0,0,0
"8868","4903聯光通","110/07/09","大昌",0,0,0
"8869","4903聯光通","110/07/09","中農",0,0,0
"8870","4903聯光通","110/07/09","中農",0,0,0
"8871","4903聯光通","110/07/09","",NA,NA,NA
"8872","4903聯光通","110/07/09","",NA,NA,NA
"8873","4903聯光通","110/07/09","",NA,NA,NA
"8874","4903聯光通","110/07/09","",NA,NA,NA
"8875","4903聯光通","110/07/09","",NA,NA,NA
"8876","4903聯光通","110/07/09","",NA,NA,NA
"8877","4903聯光通","110/07/09","",NA,NA,NA
"8878","4903聯光通","110/07/09","",NA,NA,NA
"8879","4903聯光通","110/07/09","",NA,NA,NA
"8880","4903聯光通","110/07/09","",NA,NA,NA
"8881","2929淘帝","110/07/09","台中銀-台北",110,0,110
"8882","2929淘帝","110/07/09","新光",2,82,-80
"8883","2929淘帝","110/07/09","華南永昌-頭份",72,0,72
"8884","2929淘帝","110/07/09","摩根大通",2,63,-61
"8885","2929淘帝","110/07/09","合庫-高雄",71,0,71
"8886","2929淘帝","110/07/09","第一金-路竹",0,50,-50
"8887","2929淘帝","110/07/09","高橋-龍潭",37,0,37
"8888","2929淘帝","110/07/09","港商麥格理",0,42,-42
"8889","2929淘帝","110/07/09","新光-台中",60,26,34
"8890","2929淘帝","110/07/09","陽信-石牌",0,40,-40
"8891","2929淘帝","110/07/09","元富-大裕",22,1,21
"8892","2929淘帝","110/07/09","台新-左楠",1,39,-38
"8893","2929淘帝","110/07/09","合庫-鳳山",20,0,20
"8894","2929淘帝","110/07/09","凱基-桃園",3,29,-26
"8895","2929淘帝","110/07/09","元大-員林",22,2,20
"8896","2929淘帝","110/07/09","兆豐-內湖",0,25,-25
"8897","2929淘帝","110/07/09","台新-建北",15,0,15
"8898","2929淘帝","110/07/09","元大-北港",0,20,-20
"8899","2929淘帝","110/07/09","兆豐-桃園",13,0,13
"8900","2929淘帝","110/07/09","富邦-北港",0,19,-19
"8901","2929淘帝","110/07/09","兆豐-忠孝",10,0,10
"8902","2929淘帝","110/07/09","富邦-花蓮",0,17,-17
"8903","2929淘帝","110/07/09","國票-敦北法人",10,0,10
"8904","2929淘帝","110/07/09","國泰-台中",2,17,-15
"8905","2929淘帝","110/07/09","永豐金-博愛",10,0,10
"8906","2929淘帝","110/07/09","群益金鼎-彰化",0,15,-15
"8907","2929淘帝","110/07/09","群益金鼎-潭子",8,0,8
"8908","2929淘帝","110/07/09","元大-博愛",0,14,-14
"8909","2929淘帝","110/07/09","富邦-南屯",8,0,8
"8910","2929淘帝","110/07/09","日盛-板橋",0,13,-13
"8911","5410國眾","110/07/09","元大-新盛",14,0,14
"8912","5410國眾","110/07/09","(牛牛牛)亞-鑫豐",1,41,-40
"8913","5410國眾","110/07/09","台灣企銀-民雄",10,0,10
"8914","5410國眾","110/07/09","元富-嘉義",0,25,-25
"8915","5410國眾","110/07/09","元富-虎尾",9,0,9
"8916","5410國眾","110/07/09","凱基-高美館",0,10,-10
"8917","5410國眾","110/07/09","摩根大通",10,1,9
"8918","5410國眾","110/07/09","凱基-城中",0,10,-10
"8919","5410國眾","110/07/09","兆豐-北高雄",7,0,7
"8920","5410國眾","110/07/09","元大-頭份",0,10,-10
"8921","5410國眾","110/07/09","凱基-台北",8,1,7
"8922","5410國眾","110/07/09","群益金鼎-丹鳳",0,7,-7
"8923","5410國眾","110/07/09","華南永昌-公誠",7,0,7
"8924","5410國眾","110/07/09","凱基-復興",0,7,-7
"8925","5410國眾","110/07/09","香港上海匯豐",6,0,6
"8926","5410國眾","110/07/09","元大-員林",0,7,-7
"8927","5410國眾","110/07/09","凱基-中壢",6,0,6
"8928","5410國眾","110/07/09","富邦-竹東",0,6,-6
"8929","5410國眾","110/07/09","華南永昌-南京",6,0,6
"8930","5410國眾","110/07/09","亞東-高雄",0,5,-5
"8931","5410國眾","110/07/09","統一-三重",5,0,5
"8932","5410國眾","110/07/09","大慶-中壢",1,6,-5
"8933","5410國眾","110/07/09","富邦-宜蘭",5,0,5
"8934","5410國眾","110/07/09","群益金鼎-中港",0,5,-5
"8935","5410國眾","110/07/09","元大-崇德",5,0,5
"8936","5410國眾","110/07/09","元大-八德",0,5,-5
"8937","5410國眾","110/07/09","元大-博愛",5,0,5
"8938","5410國眾","110/07/09","富邦-基隆",0,4,-4
"8939","5410國眾","110/07/09","元大-龍潭",5,0,5
"8940","5410國眾","110/07/09","臺銀-新竹",0,3,-3
"8941","2841台開","110/07/09","日盛-雙和",102,0,102
"8942","2841台開","110/07/09","港商野村",0,129,-129
"8943","2841台開","110/07/09","元大-館前",70,0,70
"8944","2841台開","110/07/09","兆豐-永和",0,100,-100
"8945","2841台開","110/07/09","凱基-文心",50,0,50
"8946","2841台開","110/07/09","台新證券",7,28,-21
"8947","2841台開","110/07/09","富邦-嘉義",40,0,40
"8948","2841台開","110/07/09","國票-北高雄",0,20,-20
"8949","2841台開","110/07/09","美商高盛",15,0,15
"8950","2841台開","110/07/09","永豐金-敦南",29,46,-17
"8951","2841台開","110/07/09","台中銀",15,0,15
"8952","2841台開","110/07/09","合庫-基隆",0,12,-12
"8953","2841台開","110/07/09","新光",11,0,11
"8954","2841台開","110/07/09","中國信託-松江",0,12,-12
"8955","2841台開","110/07/09","華南永昌-長虹",10,0,10
"8956","2841台開","110/07/09","兆豐-城中",0,12,-12
"8957","2841台開","110/07/09","永豐金-南投",10,0,10
"8958","2841台開","110/07/09","台中銀-豐原",0,10,-10
"8959","2841台開","110/07/09","合庫-桃園",7,0,7
"8960","2841台開","110/07/09","兆豐-景美",0,10,-10
"8961","2841台開","110/07/09","群益金鼎-古亭",7,0,7
"8962","2841台開","110/07/09","群益金鼎-基隆",0,10,-10
"8963","2841台開","110/07/09","國泰-敦南",6,0,6
"8964","2841台開","110/07/09","元大-北三重",0,10,-10
"8965","2841台開","110/07/09","凱基-桃園",8,2,6
"8966","2841台開","110/07/09","(牛牛牛)亞-網路",0,9,-9
"8967","2841台開","110/07/09","日盛證券",5,0,5
"8968","2841台開","110/07/09","台新-高雄",1,10,-9
"8969","2841台開","110/07/09","元富-文心",5,0,5
"8970","2841台開","110/07/09","凱基-台北",0,7,-7
"8971","6207雷科","110/07/09","群益金鼎-新竹",47,0,47
"8972","6207雷科","110/07/09","新光",7,24,-17
"8973","6207雷科","110/07/09","永豐金-三重",31,0,31
"8974","6207雷科","110/07/09","日盛-和美",0,15,-15
"8975","6207雷科","110/07/09","新加坡商瑞銀",33,5,28
"8976","6207雷科","110/07/09","國泰-台南",0,15,-15
"8977","6207雷科","110/07/09","元大-高雄",26,0,26
"8978","6207雷科","110/07/09","華南永昌-古亭",0,14,-14
"8979","6207雷科","110/07/09","統一-員林",22,0,22
"8980","6207雷科","110/07/09","土銀-白河",0,11,-11
"8981","6207雷科","110/07/09","台新-高雄",22,0,22
"8982","6207雷科","110/07/09","日盛-台南",0,10,-10
"8983","6207雷科","110/07/09","摩根大通",34,17,17
"8984","6207雷科","110/07/09","元富-林園",0,10,-10
"8985","6207雷科","110/07/09","元大-博愛",17,1,16
"8986","6207雷科","110/07/09","富邦-園區",0,10,-10
"8987","6207雷科","110/07/09","日茂-埔里",12,0,12
"8988","6207雷科","110/07/09","元大-上新莊",0,10,-10
"8989","6207雷科","110/07/09","國泰-台中",17,6,11
"8990","6207雷科","110/07/09","永豐金-南京",0,10,-10
"8991","6207雷科","110/07/09","富邦-三重",10,0,10
"8992","6207雷科","110/07/09","兆豐-小港",0,6,-6
"8993","6207雷科","110/07/09","元大-沙鹿",10,0,10
"8994","6207雷科","110/07/09","富邦-羅東",1,7,-6
"8995","6207雷科","110/07/09","元大-八德",10,0,10
"8996","6207雷科","110/07/09","元大-土城永寧",0,6,-6
"8997","6207雷科","110/07/09","第一金-路竹",11,2,9
"8998","6207雷科","110/07/09","永豐金-板盛",0,6,-6
"8999","6207雷科","110/07/09","統一-南京",5,0,5
"9000","6207雷科","110/07/09","日盛-板橋",0,5,-5
"9001","3679新至陞","110/07/09","元大-大天母",10,0,10
"9002","3679新至陞","110/07/09","第一金-光復",0,11,-11
"9003","3679新至陞","110/07/09","日盛-樹林",9,0,9
"9004","3679新至陞","110/07/09","瑞士信貸",0,8,-8
"9005","3679新至陞","110/07/09","凱基-台北",11,2,9
"9006","3679新至陞","110/07/09","大慶-苗栗",0,5,-5
"9007","3679新至陞","110/07/09","華南永昌-小港",8,0,8
"9008","3679新至陞","110/07/09","元大-永春",0,5,-5
"9009","3679新至陞","110/07/09","兆豐-來福",7,0,7
"9010","3679新至陞","110/07/09","日盛-和美",0,4,-4
"9011","3679新至陞","110/07/09","香港上海匯豐",5,0,5
"9012","3679新至陞","110/07/09","元大-雙和",0,3,-3
"9013","3679新至陞","110/07/09","台中銀-員林",3,0,3
"9014","3679新至陞","110/07/09","永豐金-屏東",0,3,-3
"9015","3679新至陞","110/07/09","新光",3,0,3
"9016","3679新至陞","110/07/09","彰銀",0,2,-2
"9017","3679新至陞","110/07/09","土銀-花蓮",2,0,2
"9018","3679新至陞","110/07/09","宏遠-館前",0,2,-2
"9019","3679新至陞","110/07/09","第一金-澎湖",2,0,2
"9020","3679新至陞","110/07/09","港商野村",0,2,-2
"9021","3679新至陞","110/07/09","摩根大通",2,0,2
"9022","3679新至陞","110/07/09","大昌-新店",0,2,-2
"9023","3679新至陞","110/07/09","國泰-敦南",2,0,2
"9024","3679新至陞","110/07/09","元大-新莊",0,2,-2
"9025","3679新至陞","110/07/09","元大-淡水",4,2,2
"9026","3679新至陞","110/07/09","元大-板橋",0,2,-2
"9027","3679新至陞","110/07/09","日盛-士林",1,0,1
"9028","3679新至陞","110/07/09","台灣摩根士丹利",0,1,-1
"9029","3679新至陞","110/07/09","日盛-信義",1,0,1
"9030","3679新至陞","110/07/09","第一金-高雄",0,1,-1
"9031","2727王品","110/07/09","台灣匯立證券",90,0,90
"9032","2727王品","110/07/09","台灣摩根士丹利",0,267,-267
"9033","2727王品","110/07/09","國泰-敦南",166,84,82
"9034","2727王品","110/07/09","富邦-台北",35,299,-264
"9035","2727王品","110/07/09","富邦-仁愛",56,12,44
"9036","2727王品","110/07/09","凱基-台北",174,296,-122
"9037","2727王品","110/07/09","台新證券",109,66,43
"9038","2727王品","110/07/09","第一金",2,102,-100
"9039","2727王品","110/07/09","新光",117,87,30
"9040","2727王品","110/07/09","群益金鼎-大安",0,80,-80
"9041","2727王品","110/07/09","臺銀-臺中",35,6,29
"9042","2727王品","110/07/09","兆豐-大安",7,60,-53
"9043","2727王品","110/07/09","元大-桃園",32,3,29
"9044","2727王品","110/07/09","永豐金-南投",0,50,-50
"9045","2727王品","110/07/09","元富-宜蘭",34,6,28
"9046","2727王品","110/07/09","新加坡商瑞銀",6,46,-40
"9047","2727王品","110/07/09","玉山-台中",34,8,26
"9048","2727王品","110/07/09","合庫-彰化",11,50,-39
"9049","2727王品","110/07/09","群益金鼎-宜蘭",30,4,26
"9050","2727王品","110/07/09","永豐金-萬盛",13,52,-39
"9051","2727王品","110/07/09","富邦-台中",42,16,26
"9052","2727王品","110/07/09","瑞士信貸",0,34,-34
"9053","2727王品","110/07/09","第一金-豐原",25,1,24
"9054","2727王品","110/07/09","元大-和平",4,35,-31
"9055","2727王品","110/07/09","臺銀",30,8,22
"9056","2727王品","110/07/09","美林",14,44,-30
"9057","2727王品","110/07/09","兆豐-來福",23,1,22
"9058","2727王品","110/07/09","元大-員林",9,38,-29
"9059","2727王品","110/07/09","玉山-士林",22,2,20
"9060","2727王品","110/07/09","元富-西松",4,31,-27
"9061","1570力肯","110/07/09","凱基-台北",30,1,29
"9062","1570力肯","110/07/09","群益金鼎-彰化",0,20,-20
"9063","1570力肯","110/07/09","新光-台南",20,0,20
"9064","1570力肯","110/07/09","元大-土城學府",0,20,-20
"9065","1570力肯","110/07/09","元大-高雄",20,0,20
"9066","1570力肯","110/07/09","元大-大統",0,16,-16
"9067","1570力肯","110/07/09","國票-中正",12,0,12
"9068","1570力肯","110/07/09","元大-新營",0,11,-11
"9069","1570力肯","110/07/09","日盛-高雄",6,0,6
"9070","1570力肯","110/07/09","元大-和平",0,10,-10
"9071","1570力肯","110/07/09","元富-緯城",6,0,6
"9072","1570力肯","110/07/09","元大-草屯",0,10,-10
"9073","1570力肯","110/07/09","群益金鼎-台南",6,0,6
"9074","1570力肯","110/07/09","元大-鹿港",0,9,-9
"9075","1570力肯","110/07/09","華南永昌-岡山",6,0,6
"9076","1570力肯","110/07/09","合庫-基隆",0,7,-7
"9077","1570力肯","110/07/09","統一-中壢",5,0,5
"9078","1570力肯","110/07/09","摩根大通",2,8,-6
"9079","1570力肯","110/07/09","凱基-三峽",5,0,5
"9080","1570力肯","110/07/09","台灣企銀-豐原",0,4,-4
"9081","1570力肯","110/07/09","大昌-樹林",4,0,4
"9082","1570力肯","110/07/09","日盛-桃園",0,4,-4
"9083","1570力肯","110/07/09","新光",3,0,3
"9084","1570力肯","110/07/09","國泰-高雄",0,3,-3
"9085","1570力肯","110/07/09","富邦-新竹華信",3,0,3
"9086","1570力肯","110/07/09","永豐金-敦南",0,3,-3
"9087","1570力肯","110/07/09","合庫-台中",2,0,2
"9088","1570力肯","110/07/09","土銀-彰化",0,2,-2
"9089","1570力肯","110/07/09","臺銀-臺中",2,0,2
"9090","1570力肯","110/07/09","臺銀-鳳山",0,2,-2
"9091","6180橘子","110/07/09","摩根大通",63,1,62
"9092","6180橘子","110/07/09","元大-南京",1,32,-31
"9093","6180橘子","110/07/09","富邦-陽明",73,33,40
"9094","6180橘子","110/07/09","群益金鼎-台北",0,25,-25
"9095","6180橘子","110/07/09","新加坡商瑞銀",31,0,31
"9096","6180橘子","110/07/09","兆豐-復興",0,21,-21
"9097","6180橘子","110/07/09","美商高盛",25,0,25
"9098","6180橘子","110/07/09","永豐金-嘉義",0,21,-21
"9099","6180橘子","110/07/09","凱基-台北",26,10,16
"9100","6180橘子","110/07/09","凱基-中壢",8,24,-16
"9101","6180橘子","110/07/09","華南永昌-楠梓",13,0,13
"9102","6180橘子","110/07/09","致和-崇德",0,15,-15
"9103","6180橘子","110/07/09","華南永昌-朴子",11,0,11
"9104","6180橘子","110/07/09","群益金鼎-屏東",0,15,-15
"9105","6180橘子","110/07/09","元大-北港",11,0,11
"9106","6180橘子","110/07/09","群益金鼎-中山",0,15,-15
"9107","6180橘子","110/07/09","元大-成功",10,1,9
"9108","6180橘子","110/07/09","瑞士信貸",1,15,-14
"9109","6180橘子","110/07/09","新光",26,18,8
"9110","6180橘子","110/07/09","日盛-二林",0,10,-10
"9111","6180橘子","110/07/09","統一-三重",6,0,6
"9112","6180橘子","110/07/09","凱基-東門",0,10,-10
"9113","6180橘子","110/07/09","群益金鼎-嘉義",6,0,6
"9114","6180橘子","110/07/09","華南永昌-三重",0,10,-10
"9115","6180橘子","110/07/09","元大-員林中山",6,0,6
"9116","6180橘子","110/07/09","元大-彰化民生",1,11,-10
"9117","6180橘子","110/07/09","合庫-鳳山",5,0,5
"9118","6180橘子","110/07/09","永豐金-新店",1,11,-10
"9119","6180橘子","110/07/09","富邦-建國",6,1,5
"9120","6180橘子","110/07/09","群益金鼎-丹鳳",0,8,-8
"9121","2390云辰","110/07/09","摩根大通",279,56,223
"9122","2390云辰","110/07/09","元大-天母",0,127,-127
"9123","2390云辰","110/07/09","日盛-鳳山",110,2,108
"9124","2390云辰","110/07/09","中國信託-文心",5,109,-104
"9125","2390云辰","110/07/09","宏遠證券",100,0,100
"9126","2390云辰","110/07/09","永豐金-復興",0,55,-55
"9127","2390云辰","110/07/09","元大-大里",63,6,57
"9128","2390云辰","110/07/09","凱基-台北",239,286,-47
"9129","2390云辰","110/07/09","凱基-八德",59,10,49
"9130","2390云辰","110/07/09","德信",2,32,-30
"9131","2390云辰","110/07/09","合庫-新竹",40,0,40
"9132","2390云辰","110/07/09","兆豐-桃鶯",2,32,-30
"9133","2390云辰","110/07/09","國票",40,1,39
"9134","2390云辰","110/07/09","致和-南京",0,30,-30
"9135","2390云辰","110/07/09","新加坡商瑞銀",49,13,36
"9136","2390云辰","110/07/09","富邦-虎尾",1,31,-30
"9137","2390云辰","110/07/09","統一-新台中",36,2,34
"9138","2390云辰","110/07/09","元大-善化",2,31,-29
"9139","2390云辰","110/07/09","國票-嘉義",31,0,31
"9140","2390云辰","110/07/09","富邦-板橋",0,27,-27
"9141","2390云辰","110/07/09","華南永昌",35,7,28
"9142","2390云辰","110/07/09","富邦-永和",3,28,-25
"9143","2390云辰","110/07/09","玉山-台中",49,22,27
"9144","2390云辰","110/07/09","第一金-自由",20,44,-24
"9145","2390云辰","110/07/09","華南永昌-敦南",25,0,25
"9146","2390云辰","110/07/09","凱基-內湖",0,24,-24
"9147","2390云辰","110/07/09","新光-高雄",27,4,23
"9148","2390云辰","110/07/09","元大-汐止",1,24,-23
"9149","2390云辰","110/07/09","台灣摩根士丹利",85,63,22
"9150","2390云辰","110/07/09","新光-台中",12,33,-21
"9151","4903聯光通","110/07/09","元大-敦南",10,0,10
"9152","4903聯光通","110/07/09","第一金-台中",0,12,-12
"9153","4903聯光通","110/07/09","凱基-士林",5,0,5
"9154","4903聯光通","110/07/09","日盛-忠孝",0,3,-3
"9155","4903聯光通","110/07/09","元大-苗栗",5,0,5
"9156","4903聯光通","110/07/09","群益金鼎-崇德",0,3,-3
"9157","4903聯光通","110/07/09","元大-屏南",3,0,3
"9158","4903聯光通","110/07/09","國票-內壢",0,2,-2
"9159","4903聯光通","110/07/09","中國信託-永康",1,0,1
"9160","4903聯光通","110/07/09","康和-南崁",0,2,-2
"9161","4903聯光通","110/07/09","玉山證券",1,0,1
"9162","4903聯光通","110/07/09","新光-台中",0,2,-2
"9163","4903聯光通","110/07/09","元大-太平",4,3,1
"9164","4903聯光通","110/07/09","玉山-城中",0,2,-2
"9165","4903聯光通","110/07/09","永豐金-嘉義",1,0,1
"9166","4903聯光通","110/07/09","中國信託-文心",0,1,-1
"9167","4903聯光通","110/07/09","大昌",0,0,0
"9168","4903聯光通","110/07/09","大昌",0,0,0
"9169","4903聯光通","110/07/09","中農",0,0,0
"9170","4903聯光通","110/07/09","中農",0,0,0
"9171","4903聯光通","110/07/09","",NA,NA,NA
"9172","4903聯光通","110/07/09","",NA,NA,NA
"9173","4903聯光通","110/07/09","",NA,NA,NA
"9174","4903聯光通","110/07/09","",NA,NA,NA
"9175","4903聯光通","110/07/09","",NA,NA,NA
"9176","4903聯光通","110/07/09","",NA,NA,NA
"9177","4903聯光通","110/07/09","",NA,NA,NA
"9178","4903聯光通","110/07/09","",NA,NA,NA
"9179","4903聯光通","110/07/09","",NA,NA,NA
"9180","4903聯光通","110/07/09","",NA,NA,NA
"9181","2929淘帝","110/07/09","台中銀-台北",110,0,110
"9182","2929淘帝","110/07/09","新光",2,82,-80
"9183","2929淘帝","110/07/09","華南永昌-頭份",72,0,72
"9184","2929淘帝","110/07/09","摩根大通",2,63,-61
"9185","2929淘帝","110/07/09","合庫-高雄",71,0,71
"9186","2929淘帝","110/07/09","第一金-路竹",0,50,-50
"9187","2929淘帝","110/07/09","高橋-龍潭",37,0,37
"9188","2929淘帝","110/07/09","港商麥格理",0,42,-42
"9189","2929淘帝","110/07/09","新光-台中",60,26,34
"9190","2929淘帝","110/07/09","陽信-石牌",0,40,-40
"9191","2929淘帝","110/07/09","元富-大裕",22,1,21
"9192","2929淘帝","110/07/09","台新-左楠",1,39,-38
"9193","2929淘帝","110/07/09","合庫-鳳山",20,0,20
"9194","2929淘帝","110/07/09","凱基-桃園",3,29,-26
"9195","2929淘帝","110/07/09","元大-員林",22,2,20
"9196","2929淘帝","110/07/09","兆豐-內湖",0,25,-25
"9197","2929淘帝","110/07/09","台新-建北",15,0,15
"9198","2929淘帝","110/07/09","元大-北港",0,20,-20
"9199","2929淘帝","110/07/09","兆豐-桃園",13,0,13
"9200","2929淘帝","110/07/09","富邦-北港",0,19,-19
"9201","2929淘帝","110/07/09","兆豐-忠孝",10,0,10
"9202","2929淘帝","110/07/09","富邦-花蓮",0,17,-17
"9203","2929淘帝","110/07/09","國票-敦北法人",10,0,10
"9204","2929淘帝","110/07/09","國泰-台中",2,17,-15
"9205","2929淘帝","110/07/09","永豐金-博愛",10,0,10
"9206","2929淘帝","110/07/09","群益金鼎-彰化",0,15,-15
"9207","2929淘帝","110/07/09","群益金鼎-潭子",8,0,8
"9208","2929淘帝","110/07/09","元大-博愛",0,14,-14
"9209","2929淘帝","110/07/09","富邦-南屯",8,0,8
"9210","2929淘帝","110/07/09","日盛-板橋",0,13,-13
"9211","5410國眾","110/07/09","元大-新盛",14,0,14
"9212","5410國眾","110/07/09","(牛牛牛)亞-鑫豐",1,41,-40
"9213","5410國眾","110/07/09","台灣企銀-民雄",10,0,10
"9214","5410國眾","110/07/09","元富-嘉義",0,25,-25
"9215","5410國眾","110/07/09","元富-虎尾",9,0,9
"9216","5410國眾","110/07/09","凱基-高美館",0,10,-10
"9217","5410國眾","110/07/09","摩根大通",10,1,9
"9218","5410國眾","110/07/09","凱基-城中",0,10,-10
"9219","5410國眾","110/07/09","兆豐-北高雄",7,0,7
"9220","5410國眾","110/07/09","元大-頭份",0,10,-10
"9221","5410國眾","110/07/09","凱基-台北",8,1,7
"9222","5410國眾","110/07/09","群益金鼎-丹鳳",0,7,-7
"9223","5410國眾","110/07/09","華南永昌-公誠",7,0,7
"9224","5410國眾","110/07/09","凱基-復興",0,7,-7
"9225","5410國眾","110/07/09","香港上海匯豐",6,0,6
"9226","5410國眾","110/07/09","元大-員林",0,7,-7
"9227","5410國眾","110/07/09","凱基-中壢",6,0,6
"9228","5410國眾","110/07/09","富邦-竹東",0,6,-6
"9229","5410國眾","110/07/09","華南永昌-南京",6,0,6
"9230","5410國眾","110/07/09","亞東-高雄",0,5,-5
"9231","5410國眾","110/07/09","統一-三重",5,0,5
"9232","5410國眾","110/07/09","大慶-中壢",1,6,-5
"9233","5410國眾","110/07/09","富邦-宜蘭",5,0,5
"9234","5410國眾","110/07/09","群益金鼎-中港",0,5,-5
"9235","5410國眾","110/07/09","元大-崇德",5,0,5
"9236","5410國眾","110/07/09","元大-八德",0,5,-5
"9237","5410國眾","110/07/09","元大-博愛",5,0,5
"9238","5410國眾","110/07/09","富邦-基隆",0,4,-4
"9239","5410國眾","110/07/09","元大-龍潭",5,0,5
"9240","5410國眾","110/07/09","臺銀-新竹",0,3,-3
"9241","2841台開","110/07/09","日盛-雙和",102,0,102
"9242","2841台開","110/07/09","港商野村",0,129,-129
"9243","2841台開","110/07/09","元大-館前",70,0,70
"9244","2841台開","110/07/09","兆豐-永和",0,100,-100
"9245","2841台開","110/07/09","凱基-文心",50,0,50
"9246","2841台開","110/07/09","台新證券",7,28,-21
"9247","2841台開","110/07/09","富邦-嘉義",40,0,40
"9248","2841台開","110/07/09","國票-北高雄",0,20,-20
"9249","2841台開","110/07/09","美商高盛",15,0,15
"9250","2841台開","110/07/09","永豐金-敦南",29,46,-17
"9251","2841台開","110/07/09","台中銀",15,0,15
"9252","2841台開","110/07/09","合庫-基隆",0,12,-12
"9253","2841台開","110/07/09","新光",11,0,11
"9254","2841台開","110/07/09","中國信託-松江",0,12,-12
"9255","2841台開","110/07/09","華南永昌-長虹",10,0,10
"9256","2841台開","110/07/09","兆豐-城中",0,12,-12
"9257","2841台開","110/07/09","永豐金-南投",10,0,10
"9258","2841台開","110/07/09","台中銀-豐原",0,10,-10
"9259","2841台開","110/07/09","合庫-桃園",7,0,7
"9260","2841台開","110/07/09","兆豐-景美",0,10,-10
"9261","2841台開","110/07/09","群益金鼎-古亭",7,0,7
"9262","2841台開","110/07/09","群益金鼎-基隆",0,10,-10
"9263","2841台開","110/07/09","國泰-敦南",6,0,6
"9264","2841台開","110/07/09","元大-北三重",0,10,-10
"9265","2841台開","110/07/09","凱基-桃園",8,2,6
"9266","2841台開","110/07/09","(牛牛牛)亞-網路",0,9,-9
"9267","2841台開","110/07/09","日盛證券",5,0,5
"9268","2841台開","110/07/09","台新-高雄",1,10,-9
"9269","2841台開","110/07/09","元富-文心",5,0,5
"9270","2841台開","110/07/09","凱基-台北",0,7,-7
"9271","6207雷科","110/07/09","群益金鼎-新竹",47,0,47
"9272","6207雷科","110/07/09","新光",7,24,-17
"9273","6207雷科","110/07/09","永豐金-三重",31,0,31
"9274","6207雷科","110/07/09","日盛-和美",0,15,-15
"9275","6207雷科","110/07/09","新加坡商瑞銀",33,5,28
"9276","6207雷科","110/07/09","國泰-台南",0,15,-15
"9277","6207雷科","110/07/09","元大-高雄",26,0,26
"9278","6207雷科","110/07/09","華南永昌-古亭",0,14,-14
"9279","6207雷科","110/07/09","統一-員林",22,0,22
"9280","6207雷科","110/07/09","土銀-白河",0,11,-11
"9281","6207雷科","110/07/09","台新-高雄",22,0,22
"9282","6207雷科","110/07/09","日盛-台南",0,10,-10
"9283","6207雷科","110/07/09","摩根大通",34,17,17
"9284","6207雷科","110/07/09","元富-林園",0,10,-10
"9285","6207雷科","110/07/09","元大-博愛",17,1,16
"9286","6207雷科","110/07/09","富邦-園區",0,10,-10
"9287","6207雷科","110/07/09","日茂-埔里",12,0,12
"9288","6207雷科","110/07/09","元大-上新莊",0,10,-10
"9289","6207雷科","110/07/09","國泰-台中",17,6,11
"9290","6207雷科","110/07/09","永豐金-南京",0,10,-10
"9291","6207雷科","110/07/09","富邦-三重",10,0,10
"9292","6207雷科","110/07/09","兆豐-小港",0,6,-6
"9293","6207雷科","110/07/09","元大-沙鹿",10,0,10
"9294","6207雷科","110/07/09","富邦-羅東",1,7,-6
"9295","6207雷科","110/07/09","元大-八德",10,0,10
"9296","6207雷科","110/07/09","元大-土城永寧",0,6,-6
"9297","6207雷科","110/07/09","第一金-路竹",11,2,9
"9298","6207雷科","110/07/09","永豐金-板盛",0,6,-6
"9299","6207雷科","110/07/09","統一-南京",5,0,5
"9300","6207雷科","110/07/09","日盛-板橋",0,5,-5
"9301","3679新至陞","110/07/09","元大-大天母",10,0,10
"9302","3679新至陞","110/07/09","第一金-光復",0,11,-11
"9303","3679新至陞","110/07/09","日盛-樹林",9,0,9
"9304","3679新至陞","110/07/09","瑞士信貸",0,8,-8
"9305","3679新至陞","110/07/09","凱基-台北",11,2,9
"9306","3679新至陞","110/07/09","大慶-苗栗",0,5,-5
"9307","3679新至陞","110/07/09","華南永昌-小港",8,0,8
"9308","3679新至陞","110/07/09","元大-永春",0,5,-5
"9309","3679新至陞","110/07/09","兆豐-來福",7,0,7
"9310","3679新至陞","110/07/09","日盛-和美",0,4,-4
"9311","3679新至陞","110/07/09","香港上海匯豐",5,0,5
"9312","3679新至陞","110/07/09","元大-雙和",0,3,-3
"9313","3679新至陞","110/07/09","台中銀-員林",3,0,3
"9314","3679新至陞","110/07/09","永豐金-屏東",0,3,-3
"9315","3679新至陞","110/07/09","新光",3,0,3
"9316","3679新至陞","110/07/09","彰銀",0,2,-2
"9317","3679新至陞","110/07/09","土銀-花蓮",2,0,2
"9318","3679新至陞","110/07/09","宏遠-館前",0,2,-2
"9319","3679新至陞","110/07/09","第一金-澎湖",2,0,2
"9320","3679新至陞","110/07/09","港商野村",0,2,-2
"9321","3679新至陞","110/07/09","摩根大通",2,0,2
"9322","3679新至陞","110/07/09","大昌-新店",0,2,-2
"9323","3679新至陞","110/07/09","國泰-敦南",2,0,2
"9324","3679新至陞","110/07/09","元大-新莊",0,2,-2
"9325","3679新至陞","110/07/09","元大-淡水",4,2,2
"9326","3679新至陞","110/07/09","元大-板橋",0,2,-2
"9327","3679新至陞","110/07/09","日盛-士林",1,0,1
"9328","3679新至陞","110/07/09","台灣摩根士丹利",0,1,-1
"9329","3679新至陞","110/07/09","日盛-信義",1,0,1
"9330","3679新至陞","110/07/09","第一金-高雄",0,1,-1
"9331","2727王品","110/07/09","台灣匯立證券",90,0,90
"9332","2727王品","110/07/09","台灣摩根士丹利",0,267,-267
"9333","2727王品","110/07/09","國泰-敦南",166,84,82
"9334","2727王品","110/07/09","富邦-台北",35,299,-264
"9335","2727王品","110/07/09","富邦-仁愛",56,12,44
"9336","2727王品","110/07/09","凱基-台北",174,296,-122
"9337","2727王品","110/07/09","台新證券",109,66,43
"9338","2727王品","110/07/09","第一金",2,102,-100
"9339","2727王品","110/07/09","新光",117,87,30
"9340","2727王品","110/07/09","群益金鼎-大安",0,80,-80
"9341","2727王品","110/07/09","臺銀-臺中",35,6,29
"9342","2727王品","110/07/09","兆豐-大安",7,60,-53
"9343","2727王品","110/07/09","元大-桃園",32,3,29
"9344","2727王品","110/07/09","永豐金-南投",0,50,-50
"9345","2727王品","110/07/09","元富-宜蘭",34,6,28
"9346","2727王品","110/07/09","新加坡商瑞銀",6,46,-40
"9347","2727王品","110/07/09","玉山-台中",34,8,26
"9348","2727王品","110/07/09","合庫-彰化",11,50,-39
"9349","2727王品","110/07/09","群益金鼎-宜蘭",30,4,26
"9350","2727王品","110/07/09","永豐金-萬盛",13,52,-39
"9351","2727王品","110/07/09","富邦-台中",42,16,26
"9352","2727王品","110/07/09","瑞士信貸",0,34,-34
"9353","2727王品","110/07/09","第一金-豐原",25,1,24
"9354","2727王品","110/07/09","元大-和平",4,35,-31
"9355","2727王品","110/07/09","臺銀",30,8,22
"9356","2727王品","110/07/09","美林",14,44,-30
"9357","2727王品","110/07/09","兆豐-來福",23,1,22
"9358","2727王品","110/07/09","元大-員林",9,38,-29
"9359","2727王品","110/07/09","玉山-士林",22,2,20
"9360","2727王品","110/07/09","元富-西松",4,31,-27
"9361","1570力肯","110/07/09","凱基-台北",30,1,29
"9362","1570力肯","110/07/09","群益金鼎-彰化",0,20,-20
"9363","1570力肯","110/07/09","新光-台南",20,0,20
"9364","1570力肯","110/07/09","元大-土城學府",0,20,-20
"9365","1570力肯","110/07/09","元大-高雄",20,0,20
"9366","1570力肯","110/07/09","元大-大統",0,16,-16
"9367","1570力肯","110/07/09","國票-中正",12,0,12
"9368","1570力肯","110/07/09","元大-新營",0,11,-11
"9369","1570力肯","110/07/09","日盛-高雄",6,0,6
"9370","1570力肯","110/07/09","元大-和平",0,10,-10
"9371","1570力肯","110/07/09","元富-緯城",6,0,6
"9372","1570力肯","110/07/09","元大-草屯",0,10,-10
"9373","1570力肯","110/07/09","群益金鼎-台南",6,0,6
"9374","1570力肯","110/07/09","元大-鹿港",0,9,-9
"9375","1570力肯","110/07/09","華南永昌-岡山",6,0,6
"9376","1570力肯","110/07/09","合庫-基隆",0,7,-7
"9377","1570力肯","110/07/09","統一-中壢",5,0,5
"9378","1570力肯","110/07/09","摩根大通",2,8,-6
"9379","1570力肯","110/07/09","凱基-三峽",5,0,5
"9380","1570力肯","110/07/09","台灣企銀-豐原",0,4,-4
"9381","1570力肯","110/07/09","大昌-樹林",4,0,4
"9382","1570力肯","110/07/09","日盛-桃園",0,4,-4
"9383","1570力肯","110/07/09","新光",3,0,3
"9384","1570力肯","110/07/09","國泰-高雄",0,3,-3
"9385","1570力肯","110/07/09","富邦-新竹華信",3,0,3
"9386","1570力肯","110/07/09","永豐金-敦南",0,3,-3
"9387","1570力肯","110/07/09","合庫-台中",2,0,2
"9388","1570力肯","110/07/09","土銀-彰化",0,2,-2
"9389","1570力肯","110/07/09","臺銀-臺中",2,0,2
"9390","1570力肯","110/07/09","臺銀-鳳山",0,2,-2
"9391","6180橘子","110/07/09","摩根大通",63,1,62
"9392","6180橘子","110/07/09","元大-南京",1,32,-31
"9393","6180橘子","110/07/09","富邦-陽明",73,33,40
"9394","6180橘子","110/07/09","群益金鼎-台北",0,25,-25
"9395","6180橘子","110/07/09","新加坡商瑞銀",31,0,31
"9396","6180橘子","110/07/09","兆豐-復興",0,21,-21
"9397","6180橘子","110/07/09","美商高盛",25,0,25
"9398","6180橘子","110/07/09","永豐金-嘉義",0,21,-21
"9399","6180橘子","110/07/09","凱基-台北",26,10,16
"9400","6180橘子","110/07/09","凱基-中壢",8,24,-16
"9401","6180橘子","110/07/09","華南永昌-楠梓",13,0,13
"9402","6180橘子","110/07/09","致和-崇德",0,15,-15
"9403","6180橘子","110/07/09","華南永昌-朴子",11,0,11
"9404","6180橘子","110/07/09","群益金鼎-屏東",0,15,-15
"9405","6180橘子","110/07/09","元大-北港",11,0,11
"9406","6180橘子","110/07/09","群益金鼎-中山",0,15,-15
"9407","6180橘子","110/07/09","元大-成功",10,1,9
"9408","6180橘子","110/07/09","瑞士信貸",1,15,-14
"9409","6180橘子","110/07/09","新光",26,18,8
"9410","6180橘子","110/07/09","日盛-二林",0,10,-10
"9411","6180橘子","110/07/09","統一-三重",6,0,6
"9412","6180橘子","110/07/09","凱基-東門",0,10,-10
"9413","6180橘子","110/07/09","群益金鼎-嘉義",6,0,6
"9414","6180橘子","110/07/09","華南永昌-三重",0,10,-10
"9415","6180橘子","110/07/09","元大-員林中山",6,0,6
"9416","6180橘子","110/07/09","元大-彰化民生",1,11,-10
"9417","6180橘子","110/07/09","合庫-鳳山",5,0,5
"9418","6180橘子","110/07/09","永豐金-新店",1,11,-10
"9419","6180橘子","110/07/09","富邦-建國",6,1,5
"9420","6180橘子","110/07/09","群益金鼎-丹鳳",0,8,-8
"9421","2390云辰","110/07/09","摩根大通",279,56,223
"9422","2390云辰","110/07/09","元大-天母",0,127,-127
"9423","2390云辰","110/07/09","日盛-鳳山",110,2,108
"9424","2390云辰","110/07/09","中國信託-文心",5,109,-104
"9425","2390云辰","110/07/09","宏遠證券",100,0,100
"9426","2390云辰","110/07/09","永豐金-復興",0,55,-55
"9427","2390云辰","110/07/09","元大-大里",63,6,57
"9428","2390云辰","110/07/09","凱基-台北",239,286,-47
"9429","2390云辰","110/07/09","凱基-八德",59,10,49
"9430","2390云辰","110/07/09","德信",2,32,-30
"9431","2390云辰","110/07/09","合庫-新竹",40,0,40
"9432","2390云辰","110/07/09","兆豐-桃鶯",2,32,-30
"9433","2390云辰","110/07/09","國票",40,1,39
"9434","2390云辰","110/07/09","致和-南京",0,30,-30
"9435","2390云辰","110/07/09","新加坡商瑞銀",49,13,36
"9436","2390云辰","110/07/09","富邦-虎尾",1,31,-30
"9437","2390云辰","110/07/09","統一-新台中",36,2,34
"9438","2390云辰","110/07/09","元大-善化",2,31,-29
"9439","2390云辰","110/07/09","國票-嘉義",31,0,31
"9440","2390云辰","110/07/09","富邦-板橋",0,27,-27
"9441","2390云辰","110/07/09","華南永昌",35,7,28
"9442","2390云辰","110/07/09","富邦-永和",3,28,-25
"9443","2390云辰","110/07/09","玉山-台中",49,22,27
"9444","2390云辰","110/07/09","第一金-自由",20,44,-24
"9445","2390云辰","110/07/09","華南永昌-敦南",25,0,25
"9446","2390云辰","110/07/09","凱基-內湖",0,24,-24
"9447","2390云辰","110/07/09","新光-高雄",27,4,23
"9448","2390云辰","110/07/09","元大-汐止",1,24,-23
"9449","2390云辰","110/07/09","台灣摩根士丹利",85,63,22
"9450","2390云辰","110/07/09","新光-台中",12,33,-21
"9451","4903聯光通","110/07/09","元大-敦南",10,0,10
"9452","4903聯光通","110/07/09","第一金-台中",0,12,-12
"9453","4903聯光通","110/07/09","凱基-士林",5,0,5
"9454","4903聯光通","110/07/09","日盛-忠孝",0,3,-3
"9455","4903聯光通","110/07/09","元大-苗栗",5,0,5
"9456","4903聯光通","110/07/09","群益金鼎-崇德",0,3,-3
"9457","4903聯光通","110/07/09","元大-屏南",3,0,3
"9458","4903聯光通","110/07/09","國票-內壢",0,2,-2
"9459","4903聯光通","110/07/09","中國信託-永康",1,0,1
"9460","4903聯光通","110/07/09","康和-南崁",0,2,-2
"9461","4903聯光通","110/07/09","玉山證券",1,0,1
"9462","4903聯光通","110/07/09","新光-台中",0,2,-2
"9463","4903聯光通","110/07/09","元大-太平",4,3,1
"9464","4903聯光通","110/07/09","玉山-城中",0,2,-2
"9465","4903聯光通","110/07/09","永豐金-嘉義",1,0,1
"9466","4903聯光通","110/07/09","中國信託-文心",0,1,-1
"9467","4903聯光通","110/07/09","大昌",0,0,0
"9468","4903聯光通","110/07/09","大昌",0,0,0
"9469","4903聯光通","110/07/09","中農",0,0,0
"9470","4903聯光通","110/07/09","中農",0,0,0
"9471","4903聯光通","110/07/09","",NA,NA,NA
"9472","4903聯光通","110/07/09","",NA,NA,NA
"9473","4903聯光通","110/07/09","",NA,NA,NA
"9474","4903聯光通","110/07/09","",NA,NA,NA
"9475","4903聯光通","110/07/09","",NA,NA,NA
"9476","4903聯光通","110/07/09","",NA,NA,NA
"9477","4903聯光通","110/07/09","",NA,NA,NA
"9478","4903聯光通","110/07/09","",NA,NA,NA
"9479","4903聯光通","110/07/09","",NA,NA,NA
"9480","4903聯光通","110/07/09","",NA,NA,NA
"9481","2929淘帝","110/07/09","台中銀-台北",110,0,110
"9482","2929淘帝","110/07/09","新光",2,82,-80
"9483","2929淘帝","110/07/09","華南永昌-頭份",72,0,72
"9484","2929淘帝","110/07/09","摩根大通",2,63,-61
"9485","2929淘帝","110/07/09","合庫-高雄",71,0,71
"9486","2929淘帝","110/07/09","第一金-路竹",0,50,-50
"9487","2929淘帝","110/07/09","高橋-龍潭",37,0,37
"9488","2929淘帝","110/07/09","港商麥格理",0,42,-42
"9489","2929淘帝","110/07/09","新光-台中",60,26,34
"9490","2929淘帝","110/07/09","陽信-石牌",0,40,-40
"9491","2929淘帝","110/07/09","元富-大裕",22,1,21
"9492","2929淘帝","110/07/09","台新-左楠",1,39,-38
"9493","2929淘帝","110/07/09","合庫-鳳山",20,0,20
"9494","2929淘帝","110/07/09","凱基-桃園",3,29,-26
"9495","2929淘帝","110/07/09","元大-員林",22,2,20
"9496","2929淘帝","110/07/09","兆豐-內湖",0,25,-25
"9497","2929淘帝","110/07/09","台新-建北",15,0,15
"9498","2929淘帝","110/07/09","元大-北港",0,20,-20
"9499","2929淘帝","110/07/09","兆豐-桃園",13,0,13
"9500","2929淘帝","110/07/09","富邦-北港",0,19,-19
"9501","2929淘帝","110/07/09","兆豐-忠孝",10,0,10
"9502","2929淘帝","110/07/09","富邦-花蓮",0,17,-17
"9503","2929淘帝","110/07/09","國票-敦北法人",10,0,10
"9504","2929淘帝","110/07/09","國泰-台中",2,17,-15
"9505","2929淘帝","110/07/09","永豐金-博愛",10,0,10
"9506","2929淘帝","110/07/09","群益金鼎-彰化",0,15,-15
"9507","2929淘帝","110/07/09","群益金鼎-潭子",8,0,8
"9508","2929淘帝","110/07/09","元大-博愛",0,14,-14
"9509","2929淘帝","110/07/09","富邦-南屯",8,0,8
"9510","2929淘帝","110/07/09","日盛-板橋",0,13,-13
"9511","5410國眾","110/07/09","元大-新盛",14,0,14
"9512","5410國眾","110/07/09","(牛牛牛)亞-鑫豐",1,41,-40
"9513","5410國眾","110/07/09","台灣企銀-民雄",10,0,10
"9514","5410國眾","110/07/09","元富-嘉義",0,25,-25
"9515","5410國眾","110/07/09","元富-虎尾",9,0,9
"9516","5410國眾","110/07/09","凱基-高美館",0,10,-10
"9517","5410國眾","110/07/09","摩根大通",10,1,9
"9518","5410國眾","110/07/09","凱基-城中",0,10,-10
"9519","5410國眾","110/07/09","兆豐-北高雄",7,0,7
"9520","5410國眾","110/07/09","元大-頭份",0,10,-10
"9521","5410國眾","110/07/09","凱基-台北",8,1,7
"9522","5410國眾","110/07/09","群益金鼎-丹鳳",0,7,-7
"9523","5410國眾","110/07/09","華南永昌-公誠",7,0,7
"9524","5410國眾","110/07/09","凱基-復興",0,7,-7
"9525","5410國眾","110/07/09","香港上海匯豐",6,0,6
"9526","5410國眾","110/07/09","元大-員林",0,7,-7
"9527","5410國眾","110/07/09","凱基-中壢",6,0,6
"9528","5410國眾","110/07/09","富邦-竹東",0,6,-6
"9529","5410國眾","110/07/09","華南永昌-南京",6,0,6
"9530","5410國眾","110/07/09","亞東-高雄",0,5,-5
"9531","5410國眾","110/07/09","統一-三重",5,0,5
"9532","5410國眾","110/07/09","大慶-中壢",1,6,-5
"9533","5410國眾","110/07/09","富邦-宜蘭",5,0,5
"9534","5410國眾","110/07/09","群益金鼎-中港",0,5,-5
"9535","5410國眾","110/07/09","元大-崇德",5,0,5
"9536","5410國眾","110/07/09","元大-八德",0,5,-5
"9537","5410國眾","110/07/09","元大-博愛",5,0,5
"9538","5410國眾","110/07/09","富邦-基隆",0,4,-4
"9539","5410國眾","110/07/09","元大-龍潭",5,0,5
"9540","5410國眾","110/07/09","臺銀-新竹",0,3,-3
"9541","2841台開","110/07/09","日盛-雙和",102,0,102
"9542","2841台開","110/07/09","港商野村",0,129,-129
"9543","2841台開","110/07/09","元大-館前",70,0,70
"9544","2841台開","110/07/09","兆豐-永和",0,100,-100
"9545","2841台開","110/07/09","凱基-文心",50,0,50
"9546","2841台開","110/07/09","台新證券",7,28,-21
"9547","2841台開","110/07/09","富邦-嘉義",40,0,40
"9548","2841台開","110/07/09","國票-北高雄",0,20,-20
"9549","2841台開","110/07/09","美商高盛",15,0,15
"9550","2841台開","110/07/09","永豐金-敦南",29,46,-17
"9551","2841台開","110/07/09","台中銀",15,0,15
"9552","2841台開","110/07/09","合庫-基隆",0,12,-12
"9553","2841台開","110/07/09","新光",11,0,11
"9554","2841台開","110/07/09","中國信託-松江",0,12,-12
"9555","2841台開","110/07/09","華南永昌-長虹",10,0,10
"9556","2841台開","110/07/09","兆豐-城中",0,12,-12
"9557","2841台開","110/07/09","永豐金-南投",10,0,10
"9558","2841台開","110/07/09","台中銀-豐原",0,10,-10
"9559","2841台開","110/07/09","合庫-桃園",7,0,7
"9560","2841台開","110/07/09","兆豐-景美",0,10,-10
"9561","2841台開","110/07/09","群益金鼎-古亭",7,0,7
"9562","2841台開","110/07/09","群益金鼎-基隆",0,10,-10
"9563","2841台開","110/07/09","國泰-敦南",6,0,6
"9564","2841台開","110/07/09","元大-北三重",0,10,-10
"9565","2841台開","110/07/09","凱基-桃園",8,2,6
"9566","2841台開","110/07/09","(牛牛牛)亞-網路",0,9,-9
"9567","2841台開","110/07/09","日盛證券",5,0,5
"9568","2841台開","110/07/09","台新-高雄",1,10,-9
"9569","2841台開","110/07/09","元富-文心",5,0,5
"9570","2841台開","110/07/09","凱基-台北",0,7,-7
"9571","6207雷科","110/07/09","群益金鼎-新竹",47,0,47
"9572","6207雷科","110/07/09","新光",7,24,-17
"9573","6207雷科","110/07/09","永豐金-三重",31,0,31
"9574","6207雷科","110/07/09","日盛-和美",0,15,-15
"9575","6207雷科","110/07/09","新加坡商瑞銀",33,5,28
"9576","6207雷科","110/07/09","國泰-台南",0,15,-15
"9577","6207雷科","110/07/09","元大-高雄",26,0,26
"9578","6207雷科","110/07/09","華南永昌-古亭",0,14,-14
"9579","6207雷科","110/07/09","統一-員林",22,0,22
"9580","6207雷科","110/07/09","土銀-白河",0,11,-11
"9581","6207雷科","110/07/09","台新-高雄",22,0,22
"9582","6207雷科","110/07/09","日盛-台南",0,10,-10
"9583","6207雷科","110/07/09","摩根大通",34,17,17
"9584","6207雷科","110/07/09","元富-林園",0,10,-10
"9585","6207雷科","110/07/09","元大-博愛",17,1,16
"9586","6207雷科","110/07/09","富邦-園區",0,10,-10
"9587","6207雷科","110/07/09","日茂-埔里",12,0,12
"9588","6207雷科","110/07/09","元大-上新莊",0,10,-10
"9589","6207雷科","110/07/09","國泰-台中",17,6,11
"9590","6207雷科","110/07/09","永豐金-南京",0,10,-10
"9591","6207雷科","110/07/09","富邦-三重",10,0,10
"9592","6207雷科","110/07/09","兆豐-小港",0,6,-6
"9593","6207雷科","110/07/09","元大-沙鹿",10,0,10
"9594","6207雷科","110/07/09","富邦-羅東",1,7,-6
"9595","6207雷科","110/07/09","元大-八德",10,0,10
"9596","6207雷科","110/07/09","元大-土城永寧",0,6,-6
"9597","6207雷科","110/07/09","第一金-路竹",11,2,9
"9598","6207雷科","110/07/09","永豐金-板盛",0,6,-6
"9599","6207雷科","110/07/09","統一-南京",5,0,5
"9600","6207雷科","110/07/09","日盛-板橋",0,5,-5
"9601","3679新至陞","110/07/09","元大-大天母",10,0,10
"9602","3679新至陞","110/07/09","第一金-光復",0,11,-11
"9603","3679新至陞","110/07/09","日盛-樹林",9,0,9
"9604","3679新至陞","110/07/09","瑞士信貸",0,8,-8
"9605","3679新至陞","110/07/09","凱基-台北",11,2,9
"9606","3679新至陞","110/07/09","大慶-苗栗",0,5,-5
"9607","3679新至陞","110/07/09","華南永昌-小港",8,0,8
"9608","3679新至陞","110/07/09","元大-永春",0,5,-5
"9609","3679新至陞","110/07/09","兆豐-來福",7,0,7
"9610","3679新至陞","110/07/09","日盛-和美",0,4,-4
"9611","3679新至陞","110/07/09","香港上海匯豐",5,0,5
"9612","3679新至陞","110/07/09","元大-雙和",0,3,-3
"9613","3679新至陞","110/07/09","台中銀-員林",3,0,3
"9614","3679新至陞","110/07/09","永豐金-屏東",0,3,-3
"9615","3679新至陞","110/07/09","新光",3,0,3
"9616","3679新至陞","110/07/09","彰銀",0,2,-2
"9617","3679新至陞","110/07/09","土銀-花蓮",2,0,2
"9618","3679新至陞","110/07/09","宏遠-館前",0,2,-2
"9619","3679新至陞","110/07/09","第一金-澎湖",2,0,2
"9620","3679新至陞","110/07/09","港商野村",0,2,-2
"9621","3679新至陞","110/07/09","摩根大通",2,0,2
"9622","3679新至陞","110/07/09","大昌-新店",0,2,-2
"9623","3679新至陞","110/07/09","國泰-敦南",2,0,2
"9624","3679新至陞","110/07/09","元大-新莊",0,2,-2
"9625","3679新至陞","110/07/09","元大-淡水",4,2,2
"9626","3679新至陞","110/07/09","元大-板橋",0,2,-2
"9627","3679新至陞","110/07/09","日盛-士林",1,0,1
"9628","3679新至陞","110/07/09","台灣摩根士丹利",0,1,-1
"9629","3679新至陞","110/07/09","日盛-信義",1,0,1
"9630","3679新至陞","110/07/09","第一金-高雄",0,1,-1
"9631","2727王品","110/07/09","台灣匯立證券",90,0,90
"9632","2727王品","110/07/09","台灣摩根士丹利",0,267,-267
"9633","2727王品","110/07/09","國泰-敦南",166,84,82
"9634","2727王品","110/07/09","富邦-台北",35,299,-264
"9635","2727王品","110/07/09","富邦-仁愛",56,12,44
"9636","2727王品","110/07/09","凱基-台北",174,296,-122
"9637","2727王品","110/07/09","台新證券",109,66,43
"9638","2727王品","110/07/09","第一金",2,102,-100
"9639","2727王品","110/07/09","新光",117,87,30
"9640","2727王品","110/07/09","群益金鼎-大安",0,80,-80
"9641","2727王品","110/07/09","臺銀-臺中",35,6,29
"9642","2727王品","110/07/09","兆豐-大安",7,60,-53
"9643","2727王品","110/07/09","元大-桃園",32,3,29
"9644","2727王品","110/07/09","永豐金-南投",0,50,-50
"9645","2727王品","110/07/09","元富-宜蘭",34,6,28
"9646","2727王品","110/07/09","新加坡商瑞銀",6,46,-40
"9647","2727王品","110/07/09","玉山-台中",34,8,26
"9648","2727王品","110/07/09","合庫-彰化",11,50,-39
"9649","2727王品","110/07/09","群益金鼎-宜蘭",30,4,26
"9650","2727王品","110/07/09","永豐金-萬盛",13,52,-39
"9651","2727王品","110/07/09","富邦-台中",42,16,26
"9652","2727王品","110/07/09","瑞士信貸",0,34,-34
"9653","2727王品","110/07/09","第一金-豐原",25,1,24
"9654","2727王品","110/07/09","元大-和平",4,35,-31
"9655","2727王品","110/07/09","臺銀",30,8,22
"9656","2727王品","110/07/09","美林",14,44,-30
"9657","2727王品","110/07/09","兆豐-來福",23,1,22
"9658","2727王品","110/07/09","元大-員林",9,38,-29
"9659","2727王品","110/07/09","玉山-士林",22,2,20
"9660","2727王品","110/07/09","元富-西松",4,31,-27
"9661","1570力肯","110/07/09","凱基-台北",30,1,29
"9662","1570力肯","110/07/09","群益金鼎-彰化",0,20,-20
"9663","1570力肯","110/07/09","新光-台南",20,0,20
"9664","1570力肯","110/07/09","元大-土城學府",0,20,-20
"9665","1570力肯","110/07/09","元大-高雄",20,0,20
"9666","1570力肯","110/07/09","元大-大統",0,16,-16
"9667","1570力肯","110/07/09","國票-中正",12,0,12
"9668","1570力肯","110/07/09","元大-新營",0,11,-11
"9669","1570力肯","110/07/09","日盛-高雄",6,0,6
"9670","1570力肯","110/07/09","元大-和平",0,10,-10
"9671","1570力肯","110/07/09","元富-緯城",6,0,6
"9672","1570力肯","110/07/09","元大-草屯",0,10,-10
"9673","1570力肯","110/07/09","群益金鼎-台南",6,0,6
"9674","1570力肯","110/07/09","元大-鹿港",0,9,-9
"9675","1570力肯","110/07/09","華南永昌-岡山",6,0,6
"9676","1570力肯","110/07/09","合庫-基隆",0,7,-7
"9677","1570力肯","110/07/09","統一-中壢",5,0,5
"9678","1570力肯","110/07/09","摩根大通",2,8,-6
"9679","1570力肯","110/07/09","凱基-三峽",5,0,5
"9680","1570力肯","110/07/09","台灣企銀-豐原",0,4,-4
"9681","1570力肯","110/07/09","大昌-樹林",4,0,4
"9682","1570力肯","110/07/09","日盛-桃園",0,4,-4
"9683","1570力肯","110/07/09","新光",3,0,3
"9684","1570力肯","110/07/09","國泰-高雄",0,3,-3
"9685","1570力肯","110/07/09","富邦-新竹華信",3,0,3
"9686","1570力肯","110/07/09","永豐金-敦南",0,3,-3
"9687","1570力肯","110/07/09","合庫-台中",2,0,2
"9688","1570力肯","110/07/09","土銀-彰化",0,2,-2
"9689","1570力肯","110/07/09","臺銀-臺中",2,0,2
"9690","1570力肯","110/07/09","臺銀-鳳山",0,2,-2
"9691","6180橘子","110/07/09","摩根大通",63,1,62
"9692","6180橘子","110/07/09","元大-南京",1,32,-31
"9693","6180橘子","110/07/09","富邦-陽明",73,33,40
"9694","6180橘子","110/07/09","群益金鼎-台北",0,25,-25
"9695","6180橘子","110/07/09","新加坡商瑞銀",31,0,31
"9696","6180橘子","110/07/09","兆豐-復興",0,21,-21
"9697","6180橘子","110/07/09","美商高盛",25,0,25
"9698","6180橘子","110/07/09","永豐金-嘉義",0,21,-21
"9699","6180橘子","110/07/09","凱基-台北",26,10,16
"9700","6180橘子","110/07/09","凱基-中壢",8,24,-16
"9701","6180橘子","110/07/09","華南永昌-楠梓",13,0,13
"9702","6180橘子","110/07/09","致和-崇德",0,15,-15
"9703","6180橘子","110/07/09","華南永昌-朴子",11,0,11
"9704","6180橘子","110/07/09","群益金鼎-屏東",0,15,-15
"9705","6180橘子","110/07/09","元大-北港",11,0,11
"9706","6180橘子","110/07/09","群益金鼎-中山",0,15,-15
"9707","6180橘子","110/07/09","元大-成功",10,1,9
"9708","6180橘子","110/07/09","瑞士信貸",1,15,-14
"9709","6180橘子","110/07/09","新光",26,18,8
"9710","6180橘子","110/07/09","日盛-二林",0,10,-10
"9711","6180橘子","110/07/09","統一-三重",6,0,6
"9712","6180橘子","110/07/09","凱基-東門",0,10,-10
"9713","6180橘子","110/07/09","群益金鼎-嘉義",6,0,6
"9714","6180橘子","110/07/09","華南永昌-三重",0,10,-10
"9715","6180橘子","110/07/09","元大-員林中山",6,0,6
"9716","6180橘子","110/07/09","元大-彰化民生",1,11,-10
"9717","6180橘子","110/07/09","合庫-鳳山",5,0,5
"9718","6180橘子","110/07/09","永豐金-新店",1,11,-10
"9719","6180橘子","110/07/09","富邦-建國",6,1,5
"9720","6180橘子","110/07/09","群益金鼎-丹鳳",0,8,-8
"9721","2390云辰","110/07/09","摩根大通",279,56,223
"9722","2390云辰","110/07/09","元大-天母",0,127,-127
"9723","2390云辰","110/07/09","日盛-鳳山",110,2,108
"9724","2390云辰","110/07/09","中國信託-文心",5,109,-104
"9725","2390云辰","110/07/09","宏遠證券",100,0,100
"9726","2390云辰","110/07/09","永豐金-復興",0,55,-55
"9727","2390云辰","110/07/09","元大-大里",63,6,57
"9728","2390云辰","110/07/09","凱基-台北",239,286,-47
"9729","2390云辰","110/07/09","凱基-八德",59,10,49
"9730","2390云辰","110/07/09","德信",2,32,-30
"9731","2390云辰","110/07/09","合庫-新竹",40,0,40
"9732","2390云辰","110/07/09","兆豐-桃鶯",2,32,-30
"9733","2390云辰","110/07/09","國票",40,1,39
"9734","2390云辰","110/07/09","致和-南京",0,30,-30
"9735","2390云辰","110/07/09","新加坡商瑞銀",49,13,36
"9736","2390云辰","110/07/09","富邦-虎尾",1,31,-30
"9737","2390云辰","110/07/09","統一-新台中",36,2,34
"9738","2390云辰","110/07/09","元大-善化",2,31,-29
"9739","2390云辰","110/07/09","國票-嘉義",31,0,31
"9740","2390云辰","110/07/09","富邦-板橋",0,27,-27
"9741","2390云辰","110/07/09","華南永昌",35,7,28
"9742","2390云辰","110/07/09","富邦-永和",3,28,-25
"9743","2390云辰","110/07/09","玉山-台中",49,22,27
"9744","2390云辰","110/07/09","第一金-自由",20,44,-24
"9745","2390云辰","110/07/09","華南永昌-敦南",25,0,25
"9746","2390云辰","110/07/09","凱基-內湖",0,24,-24
"9747","2390云辰","110/07/09","新光-高雄",27,4,23
"9748","2390云辰","110/07/09","元大-汐止",1,24,-23
"9749","2390云辰","110/07/09","台灣摩根士丹利",85,63,22
"9750","2390云辰","110/07/09","新光-台中",12,33,-21
"9751","4903聯光通","110/07/09","元大-敦南",10,0,10
"9752","4903聯光通","110/07/09","第一金-台中",0,12,-12
"9753","4903聯光通","110/07/09","凱基-士林",5,0,5
"9754","4903聯光通","110/07/09","日盛-忠孝",0,3,-3
"9755","4903聯光通","110/07/09","元大-苗栗",5,0,5
"9756","4903聯光通","110/07/09","群益金鼎-崇德",0,3,-3
"9757","4903聯光通","110/07/09","元大-屏南",3,0,3
"9758","4903聯光通","110/07/09","國票-內壢",0,2,-2
"9759","4903聯光通","110/07/09","中國信託-永康",1,0,1
"9760","4903聯光通","110/07/09","康和-南崁",0,2,-2
"9761","4903聯光通","110/07/09","玉山證券",1,0,1
"9762","4903聯光通","110/07/09","新光-台中",0,2,-2
"9763","4903聯光通","110/07/09","元大-太平",4,3,1
"9764","4903聯光通","110/07/09","玉山-城中",0,2,-2
"9765","4903聯光通","110/07/09","永豐金-嘉義",1,0,1
"9766","4903聯光通","110/07/09","中國信託-文心",0,1,-1
"9767","4903聯光通","110/07/09","大昌",0,0,0
"9768","4903聯光通","110/07/09","大昌",0,0,0
"9769","4903聯光通","110/07/09","中農",0,0,0
"9770","4903聯光通","110/07/09","中農",0,0,0
"9771","4903聯光通","110/07/09","",NA,NA,NA
"9772","4903聯光通","110/07/09","",NA,NA,NA
"9773","4903聯光通","110/07/09","",NA,NA,NA
"9774","4903聯光通","110/07/09","",NA,NA,NA
"9775","4903聯光通","110/07/09","",NA,NA,NA
"9776","4903聯光通","110/07/09","",NA,NA,NA
"9777","4903聯光通","110/07/09","",NA,NA,NA
"9778","4903聯光通","110/07/09","",NA,NA,NA
"9779","4903聯光通","110/07/09","",NA,NA,NA
"9780","4903聯光通","110/07/09","",NA,NA,NA
"9781","2929淘帝","110/07/09","台中銀-台北",110,0,110
"9782","2929淘帝","110/07/09","新光",2,82,-80
"9783","2929淘帝","110/07/09","華南永昌-頭份",72,0,72
"9784","2929淘帝","110/07/09","摩根大通",2,63,-61
"9785","2929淘帝","110/07/09","合庫-高雄",71,0,71
"9786","2929淘帝","110/07/09","第一金-路竹",0,50,-50
"9787","2929淘帝","110/07/09","高橋-龍潭",37,0,37
"9788","2929淘帝","110/07/09","港商麥格理",0,42,-42
"9789","2929淘帝","110/07/09","新光-台中",60,26,34
"9790","2929淘帝","110/07/09","陽信-石牌",0,40,-40
"9791","2929淘帝","110/07/09","元富-大裕",22,1,21
"9792","2929淘帝","110/07/09","台新-左楠",1,39,-38
"9793","2929淘帝","110/07/09","合庫-鳳山",20,0,20
"9794","2929淘帝","110/07/09","凱基-桃園",3,29,-26
"9795","2929淘帝","110/07/09","元大-員林",22,2,20
"9796","2929淘帝","110/07/09","兆豐-內湖",0,25,-25
"9797","2929淘帝","110/07/09","台新-建北",15,0,15
"9798","2929淘帝","110/07/09","元大-北港",0,20,-20
"9799","2929淘帝","110/07/09","兆豐-桃園",13,0,13
"9800","2929淘帝","110/07/09","富邦-北港",0,19,-19
"9801","2929淘帝","110/07/09","兆豐-忠孝",10,0,10
"9802","2929淘帝","110/07/09","富邦-花蓮",0,17,-17
"9803","2929淘帝","110/07/09","國票-敦北法人",10,0,10
"9804","2929淘帝","110/07/09","國泰-台中",2,17,-15
"9805","2929淘帝","110/07/09","永豐金-博愛",10,0,10
"9806","2929淘帝","110/07/09","群益金鼎-彰化",0,15,-15
"9807","2929淘帝","110/07/09","群益金鼎-潭子",8,0,8
"9808","2929淘帝","110/07/09","元大-博愛",0,14,-14
"9809","2929淘帝","110/07/09","富邦-南屯",8,0,8
"9810","2929淘帝","110/07/09","日盛-板橋",0,13,-13
"9811","5410國眾","110/07/09","元大-新盛",14,0,14
"9812","5410國眾","110/07/09","(牛牛牛)亞-鑫豐",1,41,-40
"9813","5410國眾","110/07/09","台灣企銀-民雄",10,0,10
"9814","5410國眾","110/07/09","元富-嘉義",0,25,-25
"9815","5410國眾","110/07/09","元富-虎尾",9,0,9
"9816","5410國眾","110/07/09","凱基-高美館",0,10,-10
"9817","5410國眾","110/07/09","摩根大通",10,1,9
"9818","5410國眾","110/07/09","凱基-城中",0,10,-10
"9819","5410國眾","110/07/09","兆豐-北高雄",7,0,7
"9820","5410國眾","110/07/09","元大-頭份",0,10,-10
"9821","5410國眾","110/07/09","凱基-台北",8,1,7
"9822","5410國眾","110/07/09","群益金鼎-丹鳳",0,7,-7
"9823","5410國眾","110/07/09","華南永昌-公誠",7,0,7
"9824","5410國眾","110/07/09","凱基-復興",0,7,-7
"9825","5410國眾","110/07/09","香港上海匯豐",6,0,6
"9826","5410國眾","110/07/09","元大-員林",0,7,-7
"9827","5410國眾","110/07/09","凱基-中壢",6,0,6
"9828","5410國眾","110/07/09","富邦-竹東",0,6,-6
"9829","5410國眾","110/07/09","華南永昌-南京",6,0,6
"9830","5410國眾","110/07/09","亞東-高雄",0,5,-5
"9831","5410國眾","110/07/09","統一-三重",5,0,5
"9832","5410國眾","110/07/09","大慶-中壢",1,6,-5
"9833","5410國眾","110/07/09","富邦-宜蘭",5,0,5
"9834","5410國眾","110/07/09","群益金鼎-中港",0,5,-5
"9835","5410國眾","110/07/09","元大-崇德",5,0,5
"9836","5410國眾","110/07/09","元大-八德",0,5,-5
"9837","5410國眾","110/07/09","元大-博愛",5,0,5
"9838","5410國眾","110/07/09","富邦-基隆",0,4,-4
"9839","5410國眾","110/07/09","元大-龍潭",5,0,5
"9840","5410國眾","110/07/09","臺銀-新竹",0,3,-3
"9841","2841台開","110/07/09","日盛-雙和",102,0,102
"9842","2841台開","110/07/09","港商野村",0,129,-129
"9843","2841台開","110/07/09","元大-館前",70,0,70
"9844","2841台開","110/07/09","兆豐-永和",0,100,-100
"9845","2841台開","110/07/09","凱基-文心",50,0,50
"9846","2841台開","110/07/09","台新證券",7,28,-21
"9847","2841台開","110/07/09","富邦-嘉義",40,0,40
"9848","2841台開","110/07/09","國票-北高雄",0,20,-20
"9849","2841台開","110/07/09","美商高盛",15,0,15
"9850","2841台開","110/07/09","永豐金-敦南",29,46,-17
"9851","2841台開","110/07/09","台中銀",15,0,15
"9852","2841台開","110/07/09","合庫-基隆",0,12,-12
"9853","2841台開","110/07/09","新光",11,0,11
"9854","2841台開","110/07/09","中國信託-松江",0,12,-12
"9855","2841台開","110/07/09","華南永昌-長虹",10,0,10
"9856","2841台開","110/07/09","兆豐-城中",0,12,-12
"9857","2841台開","110/07/09","永豐金-南投",10,0,10
"9858","2841台開","110/07/09","台中銀-豐原",0,10,-10
"9859","2841台開","110/07/09","合庫-桃園",7,0,7
"9860","2841台開","110/07/09","兆豐-景美",0,10,-10
"9861","2841台開","110/07/09","群益金鼎-古亭",7,0,7
"9862","2841台開","110/07/09","群益金鼎-基隆",0,10,-10
"9863","2841台開","110/07/09","國泰-敦南",6,0,6
"9864","2841台開","110/07/09","元大-北三重",0,10,-10
"9865","2841台開","110/07/09","凱基-桃園",8,2,6
"9866","2841台開","110/07/09","(牛牛牛)亞-網路",0,9,-9
"9867","2841台開","110/07/09","日盛證券",5,0,5
"9868","2841台開","110/07/09","台新-高雄",1,10,-9
"9869","2841台開","110/07/09","元富-文心",5,0,5
"9870","2841台開","110/07/09","凱基-台北",0,7,-7
"9871","6207雷科","110/07/09","群益金鼎-新竹",47,0,47
"9872","6207雷科","110/07/09","新光",7,24,-17
"9873","6207雷科","110/07/09","永豐金-三重",31,0,31
"9874","6207雷科","110/07/09","日盛-和美",0,15,-15
"9875","6207雷科","110/07/09","新加坡商瑞銀",33,5,28
"9876","6207雷科","110/07/09","國泰-台南",0,15,-15
"9877","6207雷科","110/07/09","元大-高雄",26,0,26
"9878","6207雷科","110/07/09","華南永昌-古亭",0,14,-14
"9879","6207雷科","110/07/09","統一-員林",22,0,22
"9880","6207雷科","110/07/09","土銀-白河",0,11,-11
"9881","6207雷科","110/07/09","台新-高雄",22,0,22
"9882","6207雷科","110/07/09","日盛-台南",0,10,-10
"9883","6207雷科","110/07/09","摩根大通",34,17,17
"9884","6207雷科","110/07/09","元富-林園",0,10,-10
"9885","6207雷科","110/07/09","元大-博愛",17,1,16
"9886","6207雷科","110/07/09","富邦-園區",0,10,-10
"9887","6207雷科","110/07/09","日茂-埔里",12,0,12
"9888","6207雷科","110/07/09","元大-上新莊",0,10,-10
"9889","6207雷科","110/07/09","國泰-台中",17,6,11
"9890","6207雷科","110/07/09","永豐金-南京",0,10,-10
"9891","6207雷科","110/07/09","富邦-三重",10,0,10
"9892","6207雷科","110/07/09","兆豐-小港",0,6,-6
"9893","6207雷科","110/07/09","元大-沙鹿",10,0,10
"9894","6207雷科","110/07/09","富邦-羅東",1,7,-6
"9895","6207雷科","110/07/09","元大-八德",10,0,10
"9896","6207雷科","110/07/09","元大-土城永寧",0,6,-6
"9897","6207雷科","110/07/09","第一金-路竹",11,2,9
"9898","6207雷科","110/07/09","永豐金-板盛",0,6,-6
"9899","6207雷科","110/07/09","統一-南京",5,0,5
"9900","6207雷科","110/07/09","日盛-板橋",0,5,-5
"9901","3679新至陞","110/07/09","元大-大天母",10,0,10
"9902","3679新至陞","110/07/09","第一金-光復",0,11,-11
"9903","3679新至陞","110/07/09","日盛-樹林",9,0,9
"9904","3679新至陞","110/07/09","瑞士信貸",0,8,-8
"9905","3679新至陞","110/07/09","凱基-台北",11,2,9
"9906","3679新至陞","110/07/09","大慶-苗栗",0,5,-5
"9907","3679新至陞","110/07/09","華南永昌-小港",8,0,8
"9908","3679新至陞","110/07/09","元大-永春",0,5,-5
"9909","3679新至陞","110/07/09","兆豐-來福",7,0,7
"9910","3679新至陞","110/07/09","日盛-和美",0,4,-4
"9911","3679新至陞","110/07/09","香港上海匯豐",5,0,5
"9912","3679新至陞","110/07/09","元大-雙和",0,3,-3
"9913","3679新至陞","110/07/09","台中銀-員林",3,0,3
"9914","3679新至陞","110/07/09","永豐金-屏東",0,3,-3
"9915","3679新至陞","110/07/09","新光",3,0,3
"9916","3679新至陞","110/07/09","彰銀",0,2,-2
"9917","3679新至陞","110/07/09","土銀-花蓮",2,0,2
"9918","3679新至陞","110/07/09","宏遠-館前",0,2,-2
"9919","3679新至陞","110/07/09","第一金-澎湖",2,0,2
"9920","3679新至陞","110/07/09","港商野村",0,2,-2
"9921","3679新至陞","110/07/09","摩根大通",2,0,2
"9922","3679新至陞","110/07/09","大昌-新店",0,2,-2
"9923","3679新至陞","110/07/09","國泰-敦南",2,0,2
"9924","3679新至陞","110/07/09","元大-新莊",0,2,-2
"9925","3679新至陞","110/07/09","元大-淡水",4,2,2
"9926","3679新至陞","110/07/09","元大-板橋",0,2,-2
"9927","3679新至陞","110/07/09","日盛-士林",1,0,1
"9928","3679新至陞","110/07/09","台灣摩根士丹利",0,1,-1
"9929","3679新至陞","110/07/09","日盛-信義",1,0,1
"9930","3679新至陞","110/07/09","第一金-高雄",0,1,-1
"9931","2727王品","110/07/09","台灣匯立證券",90,0,90
"9932","2727王品","110/07/09","台灣摩根士丹利",0,267,-267
"9933","2727王品","110/07/09","國泰-敦南",166,84,82
"9934","2727王品","110/07/09","富邦-台北",35,299,-264
"9935","2727王品","110/07/09","富邦-仁愛",56,12,44
"9936","2727王品","110/07/09","凱基-台北",174,296,-122
"9937","2727王品","110/07/09","台新證券",109,66,43
"9938","2727王品","110/07/09","第一金",2,102,-100
"9939","2727王品","110/07/09","新光",117,87,30
"9940","2727王品","110/07/09","群益金鼎-大安",0,80,-80
"9941","2727王品","110/07/09","臺銀-臺中",35,6,29
"9942","2727王品","110/07/09","兆豐-大安",7,60,-53
"9943","2727王品","110/07/09","元大-桃園",32,3,29
"9944","2727王品","110/07/09","永豐金-南投",0,50,-50
"9945","2727王品","110/07/09","元富-宜蘭",34,6,28
"9946","2727王品","110/07/09","新加坡商瑞銀",6,46,-40
"9947","2727王品","110/07/09","玉山-台中",34,8,26
"9948","2727王品","110/07/09","合庫-彰化",11,50,-39
"9949","2727王品","110/07/09","群益金鼎-宜蘭",30,4,26
"9950","2727王品","110/07/09","永豐金-萬盛",13,52,-39
"9951","2727王品","110/07/09","富邦-台中",42,16,26
"9952","2727王品","110/07/09","瑞士信貸",0,34,-34
"9953","2727王品","110/07/09","第一金-豐原",25,1,24
"9954","2727王品","110/07/09","元大-和平",4,35,-31
"9955","2727王品","110/07/09","臺銀",30,8,22
"9956","2727王品","110/07/09","美林",14,44,-30
"9957","2727王品","110/07/09","兆豐-來福",23,1,22
"9958","2727王品","110/07/09","元大-員林",9,38,-29
"9959","2727王品","110/07/09","玉山-士林",22,2,20
"9960","2727王品","110/07/09","元富-西松",4,31,-27
"9961","1570力肯","110/07/09","凱基-台北",30,1,29
"9962","1570力肯","110/07/09","群益金鼎-彰化",0,20,-20
"9963","1570力肯","110/07/09","新光-台南",20,0,20
"9964","1570力肯","110/07/09","元大-土城學府",0,20,-20
"9965","1570力肯","110/07/09","元大-高雄",20,0,20
"9966","1570力肯","110/07/09","元大-大統",0,16,-16
"9967","1570力肯","110/07/09","國票-中正",12,0,12
"9968","1570力肯","110/07/09","元大-新營",0,11,-11
"9969","1570力肯","110/07/09","日盛-高雄",6,0,6
"9970","1570力肯","110/07/09","元大-和平",0,10,-10
"9971","1570力肯","110/07/09","元富-緯城",6,0,6
"9972","1570力肯","110/07/09","元大-草屯",0,10,-10
"9973","1570力肯","110/07/09","群益金鼎-台南",6,0,6
"9974","1570力肯","110/07/09","元大-鹿港",0,9,-9
"9975","1570力肯","110/07/09","華南永昌-岡山",6,0,6
"9976","1570力肯","110/07/09","合庫-基隆",0,7,-7
"9977","1570力肯","110/07/09","統一-中壢",5,0,5
"9978","1570力肯","110/07/09","摩根大通",2,8,-6
"9979","1570力肯","110/07/09","凱基-三峽",5,0,5
"9980","1570力肯","110/07/09","台灣企銀-豐原",0,4,-4
"9981","1570力肯","110/07/09","大昌-樹林",4,0,4
"9982","1570力肯","110/07/09","日盛-桃園",0,4,-4
"9983","1570力肯","110/07/09","新光",3,0,3
"9984","1570力肯","110/07/09","國泰-高雄",0,3,-3
"9985","1570力肯","110/07/09","富邦-新竹華信",3,0,3
"9986","1570力肯","110/07/09","永豐金-敦南",0,3,-3
"9987","1570力肯","110/07/09","合庫-台中",2,0,2
"9988","1570力肯","110/07/09","土銀-彰化",0,2,-2
"9989","1570力肯","110/07/09","臺銀-臺中",2,0,2
"9990","1570力肯","110/07/09","臺銀-鳳山",0,2,-2
"9991","6180橘子","110/07/09","摩根大通",63,1,62
"9992","6180橘子","110/07/09","元大-南京",1,32,-31
"9993","6180橘子","110/07/09","富邦-陽明",73,33,40
"9994","6180橘子","110/07/09","群益金鼎-台北",0,25,-25
"9995","6180橘子","110/07/09","新加坡商瑞銀",31,0,31
"9996","6180橘子","110/07/09","兆豐-復興",0,21,-21
"9997","6180橘子","110/07/09","美商高盛",25,0,25
"9998","6180橘子","110/07/09","永豐金-嘉義",0,21,-21
"9999","6180橘子","110/07/09","凱基-台北",26,10,16
"10000","6180橘子","110/07/09","凱基-中壢",8,24,-16
"10001","6180橘子","110/07/09","華南永昌-楠梓",13,0,13
"10002","6180橘子","110/07/09","致和-崇德",0,15,-15
"10003","6180橘子","110/07/09","華南永昌-朴子",11,0,11
"10004","6180橘子","110/07/09","群益金鼎-屏東",0,15,-15
"10005","6180橘子","110/07/09","元大-北港",11,0,11
"10006","6180橘子","110/07/09","群益金鼎-中山",0,15,-15
"10007","6180橘子","110/07/09","元大-成功",10,1,9
"10008","6180橘子","110/07/09","瑞士信貸",1,15,-14
"10009","6180橘子","110/07/09","新光",26,18,8
"10010","6180橘子","110/07/09","日盛-二林",0,10,-10
"10011","6180橘子","110/07/09","統一-三重",6,0,6
"10012","6180橘子","110/07/09","凱基-東門",0,10,-10
"10013","6180橘子","110/07/09","群益金鼎-嘉義",6,0,6
"10014","6180橘子","110/07/09","華南永昌-三重",0,10,-10
"10015","6180橘子","110/07/09","元大-員林中山",6,0,6
"10016","6180橘子","110/07/09","元大-彰化民生",1,11,-10
"10017","6180橘子","110/07/09","合庫-鳳山",5,0,5
"10018","6180橘子","110/07/09","永豐金-新店",1,11,-10
"10019","6180橘子","110/07/09","富邦-建國",6,1,5
"10020","6180橘子","110/07/09","群益金鼎-丹鳳",0,8,-8
"10021","2390云辰","110/07/09","摩根大通",279,56,223
"10022","2390云辰","110/07/09","元大-天母",0,127,-127
"10023","2390云辰","110/07/09","日盛-鳳山",110,2,108
"10024","2390云辰","110/07/09","中國信託-文心",5,109,-104
"10025","2390云辰","110/07/09","宏遠證券",100,0,100
"10026","2390云辰","110/07/09","永豐金-復興",0,55,-55
"10027","2390云辰","110/07/09","元大-大里",63,6,57
"10028","2390云辰","110/07/09","凱基-台北",239,286,-47
"10029","2390云辰","110/07/09","凱基-八德",59,10,49
"10030","2390云辰","110/07/09","德信",2,32,-30
"10031","2390云辰","110/07/09","合庫-新竹",40,0,40
"10032","2390云辰","110/07/09","兆豐-桃鶯",2,32,-30
"10033","2390云辰","110/07/09","國票",40,1,39
"10034","2390云辰","110/07/09","致和-南京",0,30,-30
"10035","2390云辰","110/07/09","新加坡商瑞銀",49,13,36
"10036","2390云辰","110/07/09","富邦-虎尾",1,31,-30
"10037","2390云辰","110/07/09","統一-新台中",36,2,34
"10038","2390云辰","110/07/09","元大-善化",2,31,-29
"10039","2390云辰","110/07/09","國票-嘉義",31,0,31
"10040","2390云辰","110/07/09","富邦-板橋",0,27,-27
"10041","2390云辰","110/07/09","華南永昌",35,7,28
"10042","2390云辰","110/07/09","富邦-永和",3,28,-25
"10043","2390云辰","110/07/09","玉山-台中",49,22,27
"10044","2390云辰","110/07/09","第一金-自由",20,44,-24
"10045","2390云辰","110/07/09","華南永昌-敦南",25,0,25
"10046","2390云辰","110/07/09","凱基-內湖",0,24,-24
"10047","2390云辰","110/07/09","新光-高雄",27,4,23
"10048","2390云辰","110/07/09","元大-汐止",1,24,-23
"10049","2390云辰","110/07/09","台灣摩根士丹利",85,63,22
"10050","2390云辰","110/07/09","新光-台中",12,33,-21
"10051","4903聯光通","110/07/09","元大-敦南",10,0,10
"10052","4903聯光通","110/07/09","第一金-台中",0,12,-12
"10053","4903聯光通","110/07/09","凱基-士林",5,0,5
"10054","4903聯光通","110/07/09","日盛-忠孝",0,3,-3
"10055","4903聯光通","110/07/09","元大-苗栗",5,0,5
"10056","4903聯光通","110/07/09","群益金鼎-崇德",0,3,-3
"10057","4903聯光通","110/07/09","元大-屏南",3,0,3
"10058","4903聯光通","110/07/09","國票-內壢",0,2,-2
"10059","4903聯光通","110/07/09","中國信託-永康",1,0,1
"10060","4903聯光通","110/07/09","康和-南崁",0,2,-2
"10061","4903聯光通","110/07/09","玉山證券",1,0,1
"10062","4903聯光通","110/07/09","新光-台中",0,2,-2
"10063","4903聯光通","110/07/09","元大-太平",4,3,1
"10064","4903聯光通","110/07/09","玉山-城中",0,2,-2
"10065","4903聯光通","110/07/09","永豐金-嘉義",1,0,1
"10066","4903聯光通","110/07/09","中國信託-文心",0,1,-1
"10067","4903聯光通","110/07/09","大昌",0,0,0
"10068","4903聯光通","110/07/09","大昌",0,0,0
"10069","4903聯光通","110/07/09","中農",0,0,0
"10070","4903聯光通","110/07/09","中農",0,0,0
"10071","2929淘帝","110/07/09","台中銀-台北",110,0,110
"10072","2929淘帝","110/07/09","新光",2,82,-80
"10073","2929淘帝","110/07/09","華南永昌-頭份",72,0,72
"10074","2929淘帝","110/07/09","摩根大通",2,63,-61
"10075","2929淘帝","110/07/09","合庫-高雄",71,0,71
"10076","2929淘帝","110/07/09","第一金-路竹",0,50,-50
"10077","2929淘帝","110/07/09","高橋-龍潭",37,0,37
"10078","2929淘帝","110/07/09","港商麥格理",0,42,-42
"10079","2929淘帝","110/07/09","新光-台中",60,26,34
"10080","2929淘帝","110/07/09","陽信-石牌",0,40,-40
"10081","2929淘帝","110/07/09","元富-大裕",22,1,21
"10082","2929淘帝","110/07/09","台新-左楠",1,39,-38
"10083","2929淘帝","110/07/09","合庫-鳳山",20,0,20
"10084","2929淘帝","110/07/09","凱基-桃園",3,29,-26
"10085","2929淘帝","110/07/09","元大-員林",22,2,20
"10086","2929淘帝","110/07/09","兆豐-內湖",0,25,-25
"10087","2929淘帝","110/07/09","台新-建北",15,0,15
"10088","2929淘帝","110/07/09","元大-北港",0,20,-20
"10089","2929淘帝","110/07/09","兆豐-桃園",13,0,13
"10090","2929淘帝","110/07/09","富邦-北港",0,19,-19
"10091","2929淘帝","110/07/09","兆豐-忠孝",10,0,10
"10092","2929淘帝","110/07/09","富邦-花蓮",0,17,-17
"10093","2929淘帝","110/07/09","國票-敦北法人",10,0,10
"10094","2929淘帝","110/07/09","國泰-台中",2,17,-15
"10095","2929淘帝","110/07/09","永豐金-博愛",10,0,10
"10096","2929淘帝","110/07/09","群益金鼎-彰化",0,15,-15
"10097","2929淘帝","110/07/09","群益金鼎-潭子",8,0,8
"10098","2929淘帝","110/07/09","元大-博愛",0,14,-14
"10099","2929淘帝","110/07/09","富邦-南屯",8,0,8
"10100","2929淘帝","110/07/09","日盛-板橋",0,13,-13
"10101","5410國眾","110/07/09","元大-新盛",14,0,14
"10102","5410國眾","110/07/09","(牛牛牛)亞-鑫豐",1,41,-40
"10103","5410國眾","110/07/09","台灣企銀-民雄",10,0,10
"10104","5410國眾","110/07/09","元富-嘉義",0,25,-25
"10105","5410國眾","110/07/09","元富-虎尾",9,0,9
"10106","5410國眾","110/07/09","凱基-高美館",0,10,-10
"10107","5410國眾","110/07/09","摩根大通",10,1,9
"10108","5410國眾","110/07/09","凱基-城中",0,10,-10
"10109","5410國眾","110/07/09","兆豐-北高雄",7,0,7
"10110","5410國眾","110/07/09","元大-頭份",0,10,-10
"10111","5410國眾","110/07/09","凱基-台北",8,1,7
"10112","5410國眾","110/07/09","群益金鼎-丹鳳",0,7,-7
"10113","5410國眾","110/07/09","華南永昌-公誠",7,0,7
"10114","5410國眾","110/07/09","凱基-復興",0,7,-7
"10115","5410國眾","110/07/09","香港上海匯豐",6,0,6
"10116","5410國眾","110/07/09","元大-員林",0,7,-7
"10117","5410國眾","110/07/09","凱基-中壢",6,0,6
"10118","5410國眾","110/07/09","富邦-竹東",0,6,-6
"10119","5410國眾","110/07/09","華南永昌-南京",6,0,6
"10120","5410國眾","110/07/09","亞東-高雄",0,5,-5
"10121","5410國眾","110/07/09","統一-三重",5,0,5
"10122","5410國眾","110/07/09","大慶-中壢",1,6,-5
"10123","5410國眾","110/07/09","富邦-宜蘭",5,0,5
"10124","5410國眾","110/07/09","群益金鼎-中港",0,5,-5
"10125","5410國眾","110/07/09","元大-崇德",5,0,5
"10126","5410國眾","110/07/09","元大-八德",0,5,-5
"10127","5410國眾","110/07/09","元大-博愛",5,0,5
"10128","5410國眾","110/07/09","富邦-基隆",0,4,-4
"10129","5410國眾","110/07/09","元大-龍潭",5,0,5
"10130","5410國眾","110/07/09","臺銀-新竹",0,3,-3
"10131","2841台開","110/07/09","日盛-雙和",102,0,102
"10132","2841台開","110/07/09","港商野村",0,129,-129
"10133","2841台開","110/07/09","元大-館前",70,0,70
"10134","2841台開","110/07/09","兆豐-永和",0,100,-100
"10135","2841台開","110/07/09","凱基-文心",50,0,50
"10136","2841台開","110/07/09","台新證券",7,28,-21
"10137","2841台開","110/07/09","富邦-嘉義",40,0,40
"10138","2841台開","110/07/09","國票-北高雄",0,20,-20
"10139","2841台開","110/07/09","美商高盛",15,0,15
"10140","2841台開","110/07/09","永豐金-敦南",29,46,-17
"10141","2841台開","110/07/09","台中銀",15,0,15
"10142","2841台開","110/07/09","合庫-基隆",0,12,-12
"10143","2841台開","110/07/09","新光",11,0,11
"10144","2841台開","110/07/09","中國信託-松江",0,12,-12
"10145","2841台開","110/07/09","華南永昌-長虹",10,0,10
"10146","2841台開","110/07/09","兆豐-城中",0,12,-12
"10147","2841台開","110/07/09","永豐金-南投",10,0,10
"10148","2841台開","110/07/09","台中銀-豐原",0,10,-10
"10149","2841台開","110/07/09","合庫-桃園",7,0,7
"10150","2841台開","110/07/09","兆豐-景美",0,10,-10
"10151","2841台開","110/07/09","群益金鼎-古亭",7,0,7
"10152","2841台開","110/07/09","群益金鼎-基隆",0,10,-10
"10153","2841台開","110/07/09","國泰-敦南",6,0,6
"10154","2841台開","110/07/09","元大-北三重",0,10,-10
"10155","2841台開","110/07/09","凱基-桃園",8,2,6
"10156","2841台開","110/07/09","(牛牛牛)亞-網路",0,9,-9
"10157","2841台開","110/07/09","日盛證券",5,0,5
"10158","2841台開","110/07/09","台新-高雄",1,10,-9
"10159","2841台開","110/07/09","元富-文心",5,0,5
"10160","2841台開","110/07/09","凱基-台北",0,7,-7
"10161","6207雷科","110/07/09","群益金鼎-新竹",47,0,47
"10162","6207雷科","110/07/09","新光",7,24,-17
"10163","6207雷科","110/07/09","永豐金-三重",31,0,31
"10164","6207雷科","110/07/09","日盛-和美",0,15,-15
"10165","6207雷科","110/07/09","新加坡商瑞銀",33,5,28
"10166","6207雷科","110/07/09","國泰-台南",0,15,-15
"10167","6207雷科","110/07/09","元大-高雄",26,0,26
"10168","6207雷科","110/07/09","華南永昌-古亭",0,14,-14
"10169","6207雷科","110/07/09","統一-員林",22,0,22
"10170","6207雷科","110/07/09","土銀-白河",0,11,-11
"10171","6207雷科","110/07/09","台新-高雄",22,0,22
"10172","6207雷科","110/07/09","日盛-台南",0,10,-10
"10173","6207雷科","110/07/09","摩根大通",34,17,17
"10174","6207雷科","110/07/09","元富-林園",0,10,-10
"10175","6207雷科","110/07/09","元大-博愛",17,1,16
"10176","6207雷科","110/07/09","富邦-園區",0,10,-10
"10177","6207雷科","110/07/09","日茂-埔里",12,0,12
"10178","6207雷科","110/07/09","元大-上新莊",0,10,-10
"10179","6207雷科","110/07/09","國泰-台中",17,6,11
"10180","6207雷科","110/07/09","永豐金-南京",0,10,-10
"10181","6207雷科","110/07/09","富邦-三重",10,0,10
"10182","6207雷科","110/07/09","兆豐-小港",0,6,-6
"10183","6207雷科","110/07/09","元大-沙鹿",10,0,10
"10184","6207雷科","110/07/09","富邦-羅東",1,7,-6
"10185","6207雷科","110/07/09","元大-八德",10,0,10
"10186","6207雷科","110/07/09","元大-土城永寧",0,6,-6
"10187","6207雷科","110/07/09","第一金-路竹",11,2,9
"10188","6207雷科","110/07/09","永豐金-板盛",0,6,-6
"10189","6207雷科","110/07/09","統一-南京",5,0,5
"10190","6207雷科","110/07/09","日盛-板橋",0,5,-5
"10191","3679新至陞","110/07/09","元大-大天母",10,0,10
"10192","3679新至陞","110/07/09","第一金-光復",0,11,-11
"10193","3679新至陞","110/07/09","日盛-樹林",9,0,9
"10194","3679新至陞","110/07/09","瑞士信貸",0,8,-8
"10195","3679新至陞","110/07/09","凱基-台北",11,2,9
"10196","3679新至陞","110/07/09","大慶-苗栗",0,5,-5
"10197","3679新至陞","110/07/09","華南永昌-小港",8,0,8
"10198","3679新至陞","110/07/09","元大-永春",0,5,-5
"10199","3679新至陞","110/07/09","兆豐-來福",7,0,7
"10200","3679新至陞","110/07/09","日盛-和美",0,4,-4
"10201","3679新至陞","110/07/09","香港上海匯豐",5,0,5
"10202","3679新至陞","110/07/09","元大-雙和",0,3,-3
"10203","3679新至陞","110/07/09","台中銀-員林",3,0,3
"10204","3679新至陞","110/07/09","永豐金-屏東",0,3,-3
"10205","3679新至陞","110/07/09","新光",3,0,3
"10206","3679新至陞","110/07/09","彰銀",0,2,-2
"10207","3679新至陞","110/07/09","土銀-花蓮",2,0,2
"10208","3679新至陞","110/07/09","宏遠-館前",0,2,-2
"10209","3679新至陞","110/07/09","第一金-澎湖",2,0,2
"10210","3679新至陞","110/07/09","港商野村",0,2,-2
"10211","3679新至陞","110/07/09","摩根大通",2,0,2
"10212","3679新至陞","110/07/09","大昌-新店",0,2,-2
"10213","3679新至陞","110/07/09","國泰-敦南",2,0,2
"10214","3679新至陞","110/07/09","元大-新莊",0,2,-2
"10215","3679新至陞","110/07/09","元大-淡水",4,2,2
"10216","3679新至陞","110/07/09","元大-板橋",0,2,-2
"10217","3679新至陞","110/07/09","日盛-士林",1,0,1
"10218","3679新至陞","110/07/09","台灣摩根士丹利",0,1,-1
"10219","3679新至陞","110/07/09","日盛-信義",1,0,1
"10220","3679新至陞","110/07/09","第一金-高雄",0,1,-1
"10221","2727王品","110/07/09","台灣匯立證券",90,0,90
"10222","2727王品","110/07/09","台灣摩根士丹利",0,267,-267
"10223","2727王品","110/07/09","國泰-敦南",166,84,82
"10224","2727王品","110/07/09","富邦-台北",35,299,-264
"10225","2727王品","110/07/09","富邦-仁愛",56,12,44
"10226","2727王品","110/07/09","凱基-台北",174,296,-122
"10227","2727王品","110/07/09","台新證券",109,66,43
"10228","2727王品","110/07/09","第一金",2,102,-100
"10229","2727王品","110/07/09","新光",117,87,30
"10230","2727王品","110/07/09","群益金鼎-大安",0,80,-80
"10231","2727王品","110/07/09","臺銀-臺中",35,6,29
"10232","2727王品","110/07/09","兆豐-大安",7,60,-53
"10233","2727王品","110/07/09","元大-桃園",32,3,29
"10234","2727王品","110/07/09","永豐金-南投",0,50,-50
"10235","2727王品","110/07/09","元富-宜蘭",34,6,28
"10236","2727王品","110/07/09","新加坡商瑞銀",6,46,-40
"10237","2727王品","110/07/09","玉山-台中",34,8,26
"10238","2727王品","110/07/09","合庫-彰化",11,50,-39
"10239","2727王品","110/07/09","群益金鼎-宜蘭",30,4,26
"10240","2727王品","110/07/09","永豐金-萬盛",13,52,-39
"10241","2727王品","110/07/09","富邦-台中",42,16,26
"10242","2727王品","110/07/09","瑞士信貸",0,34,-34
"10243","2727王品","110/07/09","第一金-豐原",25,1,24
"10244","2727王品","110/07/09","元大-和平",4,35,-31
"10245","2727王品","110/07/09","臺銀",30,8,22
"10246","2727王品","110/07/09","美林",14,44,-30
"10247","2727王品","110/07/09","兆豐-來福",23,1,22
"10248","2727王品","110/07/09","元大-員林",9,38,-29
"10249","2727王品","110/07/09","玉山-士林",22,2,20
"10250","2727王品","110/07/09","元富-西松",4,31,-27
"10251","1570力肯","110/07/09","凱基-台北",30,1,29
"10252","1570力肯","110/07/09","群益金鼎-彰化",0,20,-20
"10253","1570力肯","110/07/09","新光-台南",20,0,20
"10254","1570力肯","110/07/09","元大-土城學府",0,20,-20
"10255","1570力肯","110/07/09","元大-高雄",20,0,20
"10256","1570力肯","110/07/09","元大-大統",0,16,-16
"10257","1570力肯","110/07/09","國票-中正",12,0,12
"10258","1570力肯","110/07/09","元大-新營",0,11,-11
"10259","1570力肯","110/07/09","日盛-高雄",6,0,6
"10260","1570力肯","110/07/09","元大-和平",0,10,-10
"10261","1570力肯","110/07/09","元富-緯城",6,0,6
"10262","1570力肯","110/07/09","元大-草屯",0,10,-10
"10263","1570力肯","110/07/09","群益金鼎-台南",6,0,6
"10264","1570力肯","110/07/09","元大-鹿港",0,9,-9
"10265","1570力肯","110/07/09","華南永昌-岡山",6,0,6
"10266","1570力肯","110/07/09","合庫-基隆",0,7,-7
"10267","1570力肯","110/07/09","統一-中壢",5,0,5
"10268","1570力肯","110/07/09","摩根大通",2,8,-6
"10269","1570力肯","110/07/09","凱基-三峽",5,0,5
"10270","1570力肯","110/07/09","台灣企銀-豐原",0,4,-4
"10271","1570力肯","110/07/09","大昌-樹林",4,0,4
"10272","1570力肯","110/07/09","日盛-桃園",0,4,-4
"10273","1570力肯","110/07/09","新光",3,0,3
"10274","1570力肯","110/07/09","國泰-高雄",0,3,-3
"10275","1570力肯","110/07/09","富邦-新竹華信",3,0,3
"10276","1570力肯","110/07/09","永豐金-敦南",0,3,-3
"10277","1570力肯","110/07/09","合庫-台中",2,0,2
"10278","1570力肯","110/07/09","土銀-彰化",0,2,-2
"10279","1570力肯","110/07/09","臺銀-臺中",2,0,2
"10280","1570力肯","110/07/09","臺銀-鳳山",0,2,-2
"10281","6180橘子","110/07/09","摩根大通",63,1,62
"10282","6180橘子","110/07/09","元大-南京",1,32,-31
"10283","6180橘子","110/07/09","富邦-陽明",73,33,40
"10284","6180橘子","110/07/09","群益金鼎-台北",0,25,-25
"10285","6180橘子","110/07/09","新加坡商瑞銀",31,0,31
"10286","6180橘子","110/07/09","兆豐-復興",0,21,-21
"10287","6180橘子","110/07/09","美商高盛",25,0,25
"10288","6180橘子","110/07/09","永豐金-嘉義",0,21,-21
"10289","6180橘子","110/07/09","凱基-台北",26,10,16
"10290","6180橘子","110/07/09","凱基-中壢",8,24,-16
"10291","6180橘子","110/07/09","華南永昌-楠梓",13,0,13
"10292","6180橘子","110/07/09","致和-崇德",0,15,-15
"10293","6180橘子","110/07/09","華南永昌-朴子",11,0,11
"10294","6180橘子","110/07/09","群益金鼎-屏東",0,15,-15
"10295","6180橘子","110/07/09","元大-北港",11,0,11
"10296","6180橘子","110/07/09","群益金鼎-中山",0,15,-15
"10297","6180橘子","110/07/09","元大-成功",10,1,9
"10298","6180橘子","110/07/09","瑞士信貸",1,15,-14
"10299","6180橘子","110/07/09","新光",26,18,8
"10300","6180橘子","110/07/09","日盛-二林",0,10,-10
"10301","6180橘子","110/07/09","統一-三重",6,0,6
"10302","6180橘子","110/07/09","凱基-東門",0,10,-10
"10303","6180橘子","110/07/09","群益金鼎-嘉義",6,0,6
"10304","6180橘子","110/07/09","華南永昌-三重",0,10,-10
"10305","6180橘子","110/07/09","元大-員林中山",6,0,6
"10306","6180橘子","110/07/09","元大-彰化民生",1,11,-10
"10307","6180橘子","110/07/09","合庫-鳳山",5,0,5
"10308","6180橘子","110/07/09","永豐金-新店",1,11,-10
"10309","6180橘子","110/07/09","富邦-建國",6,1,5
"10310","6180橘子","110/07/09","群益金鼎-丹鳳",0,8,-8
"10311","2390云辰","110/07/09","摩根大通",279,56,223
"10312","2390云辰","110/07/09","元大-天母",0,127,-127
"10313","2390云辰","110/07/09","日盛-鳳山",110,2,108
"10314","2390云辰","110/07/09","中國信託-文心",5,109,-104
"10315","2390云辰","110/07/09","宏遠證券",100,0,100
"10316","2390云辰","110/07/09","永豐金-復興",0,55,-55
"10317","2390云辰","110/07/09","元大-大里",63,6,57
"10318","2390云辰","110/07/09","凱基-台北",239,286,-47
"10319","2390云辰","110/07/09","凱基-八德",59,10,49
"10320","2390云辰","110/07/09","德信",2,32,-30
"10321","2390云辰","110/07/09","合庫-新竹",40,0,40
"10322","2390云辰","110/07/09","兆豐-桃鶯",2,32,-30
"10323","2390云辰","110/07/09","國票",40,1,39
"10324","2390云辰","110/07/09","致和-南京",0,30,-30
"10325","2390云辰","110/07/09","新加坡商瑞銀",49,13,36
"10326","2390云辰","110/07/09","富邦-虎尾",1,31,-30
"10327","2390云辰","110/07/09","統一-新台中",36,2,34
"10328","2390云辰","110/07/09","元大-善化",2,31,-29
"10329","2390云辰","110/07/09","國票-嘉義",31,0,31
"10330","2390云辰","110/07/09","富邦-板橋",0,27,-27
"10331","2390云辰","110/07/09","華南永昌",35,7,28
"10332","2390云辰","110/07/09","富邦-永和",3,28,-25
"10333","2390云辰","110/07/09","玉山-台中",49,22,27
"10334","2390云辰","110/07/09","第一金-自由",20,44,-24
"10335","2390云辰","110/07/09","華南永昌-敦南",25,0,25
"10336","2390云辰","110/07/09","凱基-內湖",0,24,-24
"10337","2390云辰","110/07/09","新光-高雄",27,4,23
"10338","2390云辰","110/07/09","元大-汐止",1,24,-23
"10339","2390云辰","110/07/09","台灣摩根士丹利",85,63,22
"10340","2390云辰","110/07/09","新光-台中",12,33,-21
"10341","4903聯光通","110/07/08","元富-新興",18,0,18
"10342","4903聯光通","110/07/08","中國信託-中壢",0,14,-14
"10343","4903聯光通","110/07/08","元大-苗栗",9,0,9
"10344","4903聯光通","110/07/08","彰銀",0,7,-7
"10345","4903聯光通","110/07/08","兆豐-鹿港",3,0,3
"10346","4903聯光通","110/07/08","中國信託-松江",0,5,-5
"10347","4903聯光通","110/07/08","群益金鼎-萬華",2,0,2
"10348","4903聯光通","110/07/08","光和",0,2,-2
"10349","4903聯光通","110/07/08","元大-屏南",1,0,1
"10350","4903聯光通","110/07/08","元大-鶯歌",0,2,-2
"10351","4903聯光通","110/07/08","華南永昌-新莊",0,0,0
"10352","4903聯光通","110/07/08","群益金鼎-館前",0,1,-1
"10353","4903聯光通","110/07/08","元大-羅東",0,0,0
"10354","4903聯光通","110/07/08","華南永昌",0,1,-1
"10355","4903聯光通","110/07/08","元大-太平",2,3,-1
"10356","4903聯光通","110/07/08","華南永昌-新莊",0,0,0
"10357","4903聯光通","110/07/08","元大-羅東",0,0,0
"10358","2929淘帝","110/07/08","日盛-園區",90,6,84
"10359","2929淘帝","110/07/08","元大-太平",1,111,-110
"10360","2929淘帝","110/07/08","華南永昌-頭份",54,0,54
"10361","2929淘帝","110/07/08","港商野村",31,106,-75
"10362","2929淘帝","110/07/08","美商高盛",50,0,50
"10363","2929淘帝","110/07/08","凱基-板橋",62,111,-49
"10364","2929淘帝","110/07/08","台中銀-台北",50,0,50
"10365","2929淘帝","110/07/08","新光-台中",30,78,-48
"10366","2929淘帝","110/07/08","臺銀-臺南",30,0,30
"10367","2929淘帝","110/07/08","元富-永和",1,41,-40
"10368","2929淘帝","110/07/08","永豐金-大園",42,12,30
"10369","2929淘帝","110/07/08","永豐金-鳳山",0,28,-28
"10370","2929淘帝","110/07/08","元富-三重",30,1,29
"10371","2929淘帝","110/07/08","元大-南崁",0,26,-26
"10372","2929淘帝","110/07/08","兆豐-桃鶯",29,0,29
"10373","2929淘帝","110/07/08","元大-花蓮",2,27,-25
"10374","2929淘帝","110/07/08","元大-承德",20,3,17
"10375","2929淘帝","110/07/08","元大-府城",0,24,-24
"10376","2929淘帝","110/07/08","新光-新竹",13,0,13
"10377","2929淘帝","110/07/08","新光",21,43,-22
"10378","2929淘帝","110/07/08","富邦-內湖",13,0,13
"10379","2929淘帝","110/07/08","臺銀-民權",0,20,-20
"10380","2929淘帝","110/07/08","國泰-板橋",13,1,12
"10381","2929淘帝","110/07/08","摩根大通",66,84,-18
"10382","2929淘帝","110/07/08","第一金-大稻埕",10,0,10
"10383","2929淘帝","110/07/08","凱基-台北",0,17,-17
"10384","2929淘帝","110/07/08","統一-汐止",10,0,10
"10385","2929淘帝","110/07/08","元大-博愛",6,23,-17
"10386","2929淘帝","110/07/08","元富-大裕",10,0,10
"10387","2929淘帝","110/07/08","永豐金-桃盛",0,16,-16
"10388","5410國眾","110/07/08","元大-新盛",15,0,15
"10389","5410國眾","110/07/08","元大-旗山",0,50,-50
"10390","5410國眾","110/07/08","元大-屏南",10,0,10
"10391","5410國眾","110/07/08","元大-頭份",0,14,-14
"10392","5410國眾","110/07/08","元大-成功",10,0,10
"10393","5410國眾","110/07/08","國泰-高雄",0,8,-8
"10394","5410國眾","110/07/08","元大-東泰",7,0,7
"10395","5410國眾","110/07/08","元大-小港",0,7,-7
"10396","5410國眾","110/07/08","富邦-陽明",6,0,6
"10397","5410國眾","110/07/08","統一-嘉義",0,5,-5
"10398","5410國眾","110/07/08","臺銀-金山",5,0,5
"10399","5410國眾","110/07/08","兆豐-台中港",0,5,-5
"10400","5410國眾","110/07/08","日盛-員林",5,0,5
"10401","5410國眾","110/07/08","凱基-屏東",0,5,-5
"10402","5410國眾","110/07/08","摩根大通",5,0,5
"10403","5410國眾","110/07/08","元大-八德",0,5,-5
"10404","5410國眾","110/07/08","富邦-桃園",5,0,5
"10405","5410國眾","110/07/08","元富-嘉義",0,4,-4
"10406","5410國眾","110/07/08","元富-大昌",4,0,4
"10407","5410國眾","110/07/08","玉山-雙和",0,4,-4
"10408","5410國眾","110/07/08","台新-台中",4,0,4
"10409","5410國眾","110/07/08","凱基-高美館",1,5,-4
"10410","5410國眾","110/07/08","華南永昌-小港",5,1,4
"10411","5410國眾","110/07/08","統一-員林",0,3,-3
"10412","5410國眾","110/07/08","元大-新竹",5,1,4
"10413","5410國眾","110/07/08","臺銀-鳳山",0,2,-2
"10414","5410國眾","110/07/08","元大-土城學府",4,0,4
"10415","5410國眾","110/07/08","亞東",0,2,-2
"10416","5410國眾","110/07/08","元大-新莊",4,0,4
"10417","5410國眾","110/07/08","新光",0,2,-2
"10418","2841台開","110/07/08","元大-樹林",653,0,653
"10419","2841台開","110/07/08","港商野村",0,868,-868
"10420","2841台開","110/07/08","台新證券",115,0,115
"10421","2841台開","110/07/08","群益金鼎-忠孝",0,100,-100
"10422","2841台開","110/07/08","永豐金-豐原",105,0,105
"10423","2841台開","110/07/08","宏遠-高雄",0,56,-56
"10424","2841台開","110/07/08","元富-新興",100,0,100
"10425","2841台開","110/07/08","新光",3,38,-35
"10426","2841台開","110/07/08","凱基-文心",50,0,50
"10427","2841台開","110/07/08","花旗環球",0,29,-29
"10428","2841台開","110/07/08","元大-八德",40,0,40
"10429","2841台開","110/07/08","富邦-仁愛",2,30,-28
"10430","2841台開","110/07/08","日盛-雙和",30,0,30
"10431","2841台開","110/07/08","元富-潮州",0,24,-24
"10432","2841台開","110/07/08","統一-竹南",30,0,30
"10433","2841台開","110/07/08","元大-沙鹿",0,20,-20
"10434","2841台開","110/07/08","凱基-台南",30,0,30
"10435","2841台開","110/07/08","元大-汐止",0,20,-20
"10436","2841台開","110/07/08","元大-福營",30,0,30
"10437","2841台開","110/07/08","合庫-嘉義",2,20,-18
"10438","2841台開","110/07/08","合庫-台中",22,0,22
"10439","2841台開","110/07/08","國泰-敦南",3,21,-18
"10440","2841台開","110/07/08","大昌-安康",28,10,18
"10441","2841台開","110/07/08","日盛-竹北",0,15,-15
"10442","2841台開","110/07/08","元大-斗信",15,0,15
"10443","2841台開","110/07/08","元大-三重",0,15,-15
"10444","2841台開","110/07/08","富邦-台北",13,0,13
"10445","2841台開","110/07/08","永豐金-敦南",45,60,-15
"10446","2841台開","110/07/08","合庫-桃園",10,0,10
"10447","2841台開","110/07/08","(牛牛牛)亞-網路",0,12,-12
"10448","6207雷科","110/07/08","台新-高雄",54,2,52
"10449","6207雷科","110/07/08","群益金鼎-丹鳳",0,60,-60
"10450","6207雷科","110/07/08","新光-台中",18,0,18
"10451","6207雷科","110/07/08","元大-頭份",1,56,-55
"10452","6207雷科","110/07/08","日盛-嘉義",16,0,16
"10453","6207雷科","110/07/08","國票-中和",0,30,-30
"10454","6207雷科","110/07/08","合庫-鳳山",15,0,15
"10455","6207雷科","110/07/08","凱基-台北",1,29,-28
"10456","6207雷科","110/07/08","臺銀-臺中",12,0,12
"10457","6207雷科","110/07/08","兆豐-板橋",0,25,-25
"10458","6207雷科","110/07/08","群益金鼎-土城",12,0,12
"10459","6207雷科","110/07/08","凱基-城中",4,25,-21
"10460","6207雷科","110/07/08","新光",25,14,11
"10461","6207雷科","110/07/08","日進",0,20,-20
"10462","6207雷科","110/07/08","凱基-中壢",11,0,11
"10463","6207雷科","110/07/08","台新證券",3,20,-17
"10464","6207雷科","110/07/08","台灣企銀",10,0,10
"10465","6207雷科","110/07/08","群益金鼎-中山",0,16,-16
"10466","6207雷科","110/07/08","第一金-新興",11,1,10
"10467","6207雷科","110/07/08","元大-東門",0,16,-16
"10468","6207雷科","110/07/08","元富-吉利",10,0,10
"10469","6207雷科","110/07/08","群益金鼎-大甲",0,13,-13
"10470","6207雷科","110/07/08","光和-和美",10,0,10
"10471","6207雷科","110/07/08","日盛-板橋",0,10,-10
"10472","6207雷科","110/07/08","永豐金-南京",10,0,10
"10473","6207雷科","110/07/08","日盛-中壢",0,10,-10
"10474","6207雷科","110/07/08","土銀",8,0,8
"10475","6207雷科","110/07/08","摩根大通",125,135,-10
"10476","6207雷科","110/07/08","中國信託-高雄",8,0,8
"10477","6207雷科","110/07/08","凱基-五股",0,10,-10
"10478","3679新至陞","110/07/08","華南永昌-台中",17,0,17
"10479","3679新至陞","110/07/08","大慶-蘆洲",0,10,-10
"10480","3679新至陞","110/07/08","國泰-桃園",6,0,6
"10481","3679新至陞","110/07/08","華南永昌-小港",0,7,-7
"10482","3679新至陞","110/07/08","元大-永春",6,0,6
"10483","3679新至陞","110/07/08","國泰-館前",0,3,-3
"10484","3679新至陞","110/07/08","香港上海匯豐",4,0,4
"10485","3679新至陞","110/07/08","元大-板橋",0,3,-3
"10486","3679新至陞","110/07/08","中國信託-新竹",3,0,3
"10487","3679新至陞","110/07/08","港商法國興業",0,2,-2
"10488","3679新至陞","110/07/08","國票-敦北法人",3,0,3
"10489","3679新至陞","110/07/08","第一金-忠孝",0,2,-2
"10490","3679新至陞","110/07/08","群益金鼎-台南",2,0,2
"10491","3679新至陞","110/07/08","元富-古亭",0,2,-2
"10492","3679新至陞","110/07/08","凱基",2,0,2
"10493","3679新至陞","110/07/08","摩根大通",1,3,-2
"10494","3679新至陞","110/07/08","凱基-台北",6,4,2
"10495","3679新至陞","110/07/08","富邦-板橋",0,2,-2
"10496","3679新至陞","110/07/08","日盛-信義",1,0,1
"10497","3679新至陞","110/07/08","元大-文心興安",0,2,-2
"10498","3679新至陞","110/07/08","日盛-新莊",1,0,1
"10499","3679新至陞","110/07/08","臺銀-高雄",0,1,-1
"10500","3679新至陞","110/07/08","大慶",1,0,1
"10501","3679新至陞","110/07/08","日盛-高雄",0,1,-1
"10502","3679新至陞","110/07/08","兆豐-三重",1,0,1
"10503","3679新至陞","110/07/08","日盛-文化",0,1,-1
"10504","3679新至陞","110/07/08","致和-東門",1,0,1
"10505","3679新至陞","110/07/08","美商高盛",0,1,-1
"10506","3679新至陞","110/07/08","台新證券",1,0,1
"10507","3679新至陞","110/07/08","瑞士信貸",0,1,-1
"10508","2727王品","110/07/08","群益金鼎-大安",80,0,80
"10509","2727王品","110/07/08","台灣摩根士丹利",1,300,-299
"10510","2727王品","110/07/08","富邦-台北",237,165,72
"10511","2727王品","110/07/08","元大證券",173,439,-266
"10512","2727王品","110/07/08","永豐金-萬盛",55,5,50
"10513","2727王品","110/07/08","統一",33,200,-167
"10514","2727王品","110/07/08","永豐金-南投",53,10,43
"10515","2727王品","110/07/08","凱基-台北",476,615,-139
"10516","2727王品","110/07/08","國泰-敦南",190,148,42
"10517","2727王品","110/07/08","永豐金-松山",8,138,-130
"10518","2727王品","110/07/08","台新-高雄",71,36,35
"10519","2727王品","110/07/08","新加坡商瑞銀",38,138,-100
"10520","2727王品","110/07/08","富邦-建國",62,27,35
"10521","2727王品","110/07/08","富邦-嘉義",84,182,-98
"10522","2727王品","110/07/08","永豐金證券",50,15,35
"10523","2727王品","110/07/08","元富-台南",4,99,-95
"10524","2727王品","110/07/08","港商野村",185,152,33
"10525","2727王品","110/07/08","凱基-永華",4,92,-88
"10526","2727王品","110/07/08","元大-嘉義",35,3,32
"10527","2727王品","110/07/08","凱基-大直",2,73,-71
"10528","2727王品","110/07/08","台新-三民",35,4,31
"10529","2727王品","110/07/08","美林",105,164,-59
"10530","2727王品","110/07/08","凱基-桃園",35,4,31
"10531","2727王品","110/07/08","第一金-台南",11,63,-52
"10532","2727王品","110/07/08","元大-和平",41,10,31
"10533","2727王品","110/07/08","摩根大通",216,259,-43
"10534","2727王品","110/07/08","兆豐-大安",33,5,28
"10535","2727王品","110/07/08","元大-員林",9,50,-41
"10536","2727王品","110/07/08","元大-新盛",33,6,27
"10537","2727王品","110/07/08","兆豐-虎尾",1,41,-40
"10538","1570力肯","110/07/08","群益金鼎-三重",20,0,20
"10539","1570力肯","110/07/08","中國信託-永康",0,26,-26
"10540","1570力肯","110/07/08","凱基-中壢",20,0,20
"10541","1570力肯","110/07/08","統一-敦南",0,12,-12
"10542","1570力肯","110/07/08","群益金鼎-台南",14,0,14
"10543","1570力肯","110/07/08","國票-博愛",0,10,-10
"10544","1570力肯","110/07/08","元富-緯城",10,0,10
"10545","1570力肯","110/07/08","元大-西門",0,10,-10
"10546","1570力肯","110/07/08","瑞士信貸",7,0,7
"10547","1570力肯","110/07/08","新光",0,9,-9
"10548","1570力肯","110/07/08","摩根大通",6,0,6
"10549","1570力肯","110/07/08","永豐金-大園",0,9,-9
"10550","1570力肯","110/07/08","土銀-白河",5,0,5
"10551","1570力肯","110/07/08","日盛-大墩",0,6,-6
"10552","1570力肯","110/07/08","台灣摩根士丹利",4,0,4
"10553","1570力肯","110/07/08","台新證券",0,6,-6
"10554","1570力肯","110/07/08","元大-新莊",3,0,3
"10555","1570力肯","110/07/08","永全",0,5,-5
"10556","1570力肯","110/07/08","永豐金-苓雅",3,0,3
"10557","1570力肯","110/07/08","元大-天母",0,5,-5
"10558","1570力肯","110/07/08","合庫-三重",2,0,2
"10559","1570力肯","110/07/08","元富-吉利",0,3,-3
"10560","1570力肯","110/07/08","(牛牛牛)亞-鑫豐",2,0,2
"10561","1570力肯","110/07/08","國泰-高雄",0,3,-3
"10562","1570力肯","110/07/08","玉山-大里",2,0,2
"10563","1570力肯","110/07/08","群益金鼎-北高雄",0,3,-3
"10564","1570力肯","110/07/08","國泰-敦南",2,0,2
"10565","1570力肯","110/07/08","群益金鼎-東門",0,2,-2
"10566","1570力肯","110/07/08","華南永昌-岡山",2,0,2
"10567","1570力肯","110/07/08","日盛-高雄",5,6,-1
"10568","6180橘子","110/07/08","新光",30,4,26
"10569","6180橘子","110/07/08","元大-土城學府",0,89,-89
"10570","6180橘子","110/07/08","康和-台南",22,0,22
"10571","6180橘子","110/07/08","凱基-東勢",1,66,-65
"10572","6180橘子","110/07/08","國泰-板橋",22,0,22
"10573","6180橘子","110/07/08","光和",0,64,-64
"10574","6180橘子","110/07/08","日盛-文化",21,0,21
"10575","6180橘子","110/07/08","中國信託-忠孝",0,50,-50
"10576","6180橘子","110/07/08","中國信託-文心",20,2,18
"10577","6180橘子","110/07/08","元富-大裕",0,25,-25
"10578","6180橘子","110/07/08","凱基-台北",39,24,15
"10579","6180橘子","110/07/08","統一-基隆",1,25,-24
"10580","6180橘子","110/07/08","元富-新店",14,0,14
"10581","6180橘子","110/07/08","美商高盛",1,21,-20
"10582","6180橘子","110/07/08","元大-土城永寧",11,0,11
"10583","6180橘子","110/07/08","元大證券",1,19,-18
"10584","6180橘子","110/07/08","永豐金-南京",11,0,11
"10585","6180橘子","110/07/08","元大-太平",2,20,-18
"10586","6180橘子","110/07/08","宏遠-館前",10,0,10
"10587","6180橘子","110/07/08","合庫證券",2,18,-16
"10588","6180橘子","110/07/08","國泰-新莊",10,0,10
"10589","6180橘子","110/07/08","台灣摩根士丹利",1,12,-11
"10590","6180橘子","110/07/08","群益金鼎",10,0,10
"10591","6180橘子","110/07/08","瑞士信貸",0,11,-11
"10592","6180橘子","110/07/08","凱基-高雄",10,0,10
"10593","6180橘子","110/07/08","元富-嘉義",0,11,-11
"10594","6180橘子","110/07/08","凱基-大安",10,0,10
"10595","6180橘子","110/07/08","新光-高雄",0,11,-11
"10596","6180橘子","110/07/08","富邦-仁愛",10,0,10
"10597","6180橘子","110/07/08","大慶-苗栗",0,10,-10
"10598","2390云辰","110/07/08","統一-新台中",126,1,125
"10599","2390云辰","110/07/08","摩根大通",62,661,-599
"10600","2390云辰","110/07/08","元大-員林",111,0,111
"10601","2390云辰","110/07/08","新加坡商瑞銀",0,173,-173
"10602","2390云辰","110/07/08","合庫-高雄",105,0,105
"10603","2390云辰","110/07/08","元大-天母",7,150,-143
"10604","2390云辰","110/07/08","凱基-台北",255,177,78
"10605","2390云辰","110/07/08","台灣摩根士丹利",0,134,-134
"10606","2390云辰","110/07/08","新光",71,17,54
"10607","2390云辰","110/07/08","玉山-台中",17,120,-103
"10608","2390云辰","110/07/08","國票-嘉義",53,0,53
"10609","2390云辰","110/07/08","美商高盛",0,78,-78
"10610","2390云辰","110/07/08","富邦-仁愛",53,4,49
"10611","2390云辰","110/07/08","美林",11,82,-71
"10612","2390云辰","110/07/08","兆豐-城中",48,0,48
"10613","2390云辰","110/07/08","群益金鼎-大興",35,106,-71
"10614","2390云辰","110/07/08","元大-新營",47,0,47
"10615","2390云辰","110/07/08","光和",11,71,-60
"10616","2390云辰","110/07/08","國泰-敦南",89,55,34
"10617","2390云辰","110/07/08","國泰-台中",28,70,-42
"10618","2390云辰","110/07/08","兆豐-台中",40,7,33
"10619","2390云辰","110/07/08","玉山-新莊",6,46,-40
"10620","2390云辰","110/07/08","永豐金-中正",36,6,30
"10621","2390云辰","110/07/08","富邦-台北",21,57,-36
"10622","2390云辰","110/07/08","中國信託-三重",29,0,29
"10623","2390云辰","110/07/08","土銀-台中",0,30,-30
"10624","2390云辰","110/07/08","富邦-陽明",33,5,28
"10625","2390云辰","110/07/08","兆豐-埔墘",1,31,-30
"10626","2390云辰","110/07/08","元富-桃園",27,0,27
"10627","2390云辰","110/07/08","玉山-南京東路",3,33,-30
"10628","4903聯光通","110/07/07","元大-太平",47,4,43
"10629","4903聯光通","110/07/07","日盛-板橋",0,15,-15
"10630","4903聯光通","110/07/07","華南永昌-桃園",10,0,10
"10631","4903聯光通","110/07/07","元大-八德",0,9,-9
"10632","4903聯光通","110/07/07","元大-南投",9,0,9
"10633","4903聯光通","110/07/07","宏遠證券",0,7,-7
"10634","4903聯光通","110/07/07","新光-台中",3,0,3
"10635","4903聯光通","110/07/07","大慶",0,7,-7
"10636","4903聯光通","110/07/07","國泰-敦南",1,0,1
"10637","4903聯光通","110/07/07","群益金鼎-館前",0,6,-6
"10638","4903聯光通","110/07/07","國票-中正",0,0,0
"10639","4903聯光通","110/07/07","元大-羅東",0,5,-5
"10640","4903聯光通","110/07/07","康和-內湖",0,0,0
"10641","4903聯光通","110/07/07","新光",8,12,-4
"10642","4903聯光通","110/07/07","凱基-站前",0,0,0
"10643","4903聯光通","110/07/07","國泰-高雄",0,3,-3
"10644","4903聯光通","110/07/07","華南永昌",1,1,0
"10645","4903聯光通","110/07/07","第一金-台中",0,3,-3
"10646","4903聯光通","110/07/07","華南永昌-新莊",0,0,0
"10647","4903聯光通","110/07/07","中農",0,1,-1
"10648","4903聯光通","110/07/07","臺灣企銀-桃園",0,1,-1
"10649","4903聯光通","110/07/07","台新-新營",0,1,-1
"10650","4903聯光通","110/07/07","元大-鶯歌",2,3,-1
"10651","4903聯光通","110/07/07","元大-永和",0,1,-1
"10652","4903聯光通","110/07/07","元大-苑裡",0,1,-1
"10653","2929淘帝","110/07/07","統一",163,0,163
"10654","2929淘帝","110/07/07","新光-台中",57,142,-85
"10655","2929淘帝","110/07/07","港商野村",323,181,142
"10656","2929淘帝","110/07/07","兆豐-忠孝",0,76,-76
"10657","2929淘帝","110/07/07","日盛-中壢",132,10,122
"10658","2929淘帝","110/07/07","台新-建北",0,53,-53
"10659","2929淘帝","110/07/07","新加坡商瑞銀",140,19,121
"10660","2929淘帝","110/07/07","臺銀-鳳山",0,44,-44
"10661","2929淘帝","110/07/07","日盛-嘉義",101,0,101
"10662","2929淘帝","110/07/07","元大-新盛",0,42,-42
"10663","2929淘帝","110/07/07","摩根大通",101,16,85
"10664","2929淘帝","110/07/07","富邦-建國",6,47,-41
"10665","2929淘帝","110/07/07","元大-太平",55,2,53
"10666","2929淘帝","110/07/07","日盛-園區",0,40,-40
"10667","2929淘帝","110/07/07","元富-松德",50,1,49
"10668","2929淘帝","110/07/07","新光-高雄",1,38,-37
"10669","2929淘帝","110/07/07","凱基-板橋",53,5,48
"10670","2929淘帝","110/07/07","永豐金-三重",1,34,-33
"10671","2929淘帝","110/07/07","美林",80,34,46
"10672","2929淘帝","110/07/07","元大-彰化",0,31,-31
"10673","2929淘帝","110/07/07","元富-台南",41,0,41
"10674","2929淘帝","110/07/07","第一金-大稻埕",0,30,-30
"10675","2929淘帝","110/07/07","兆豐-竹北",39,0,39
"10676","2929淘帝","110/07/07","國泰-敦南",3,33,-30
"10677","2929淘帝","110/07/07","元大-西門",36,0,36
"10678","2929淘帝","110/07/07","富邦-員林",0,30,-30
"10679","2929淘帝","110/07/07","華南永昌",39,4,35
"10680","2929淘帝","110/07/07","元大-蘆洲",1,30,-29
"10681","2929淘帝","110/07/07","日盛-板橋中山",30,0,30
"10682","2929淘帝","110/07/07","台新-台南",4,32,-28
"10683","5410國眾","110/07/07","兆豐-城中",66,0,66
"10684","5410國眾","110/07/07","富邦-仁愛",0,115,-115
"10685","5410國眾","110/07/07","摩根大通",21,0,21
"10686","5410國眾","110/07/07","亞東-板橋",0,38,-38
"10687","5410國眾","110/07/07","元大-北投",21,0,21
"10688","5410國眾","110/07/07","凱基-台北",2,24,-22
"10689","5410國眾","110/07/07","亞東-新竹",15,0,15
"10690","5410國眾","110/07/07","彰銀-七賢",0,10,-10
"10691","5410國眾","110/07/07","元大-福營",12,0,12
"10692","5410國眾","110/07/07","凱基-基隆",0,10,-10
"10693","5410國眾","110/07/07","新光-高雄",11,0,11
"10694","5410國眾","110/07/07","凱基-屏東",0,10,-10
"10695","5410國眾","110/07/07","華南永昌-小港",10,0,10
"10696","5410國眾","110/07/07","凱基-鳳山",0,10,-10
"10697","5410國眾","110/07/07","元大-大灣",10,0,10
"10698","5410國眾","110/07/07","永豐金-忠孝",0,10,-10
"10699","5410國眾","110/07/07","元大-莒光",10,0,10
"10700","5410國眾","110/07/07","日盛-板橋中山",0,9,-9
"10701","5410國眾","110/07/07","台中銀-豐原",9,0,9
"10702","5410國眾","110/07/07","統一-高雄",0,5,-5
"10703","5410國眾","110/07/07","元大-南屯",9,0,9
"10704","5410國眾","110/07/07","元大-斗六",0,5,-5
"10705","5410國眾","110/07/07","日盛-新莊",7,0,7
"10706","5410國眾","110/07/07","元大-大益",0,5,-5
"10707","5410國眾","110/07/07","元富-大昌",6,0,6
"10708","5410國眾","110/07/07","元大-南投",0,5,-5
"10709","5410國眾","110/07/07","新光-新竹",6,0,6
"10710","5410國眾","110/07/07","永豐金-員林",0,5,-5
"10711","5410國眾","110/07/07","臺銀-金山",5,0,5
"10712","5410國眾","110/07/07","華南永昌-楠梓",0,4,-4
"10713","2841台開","110/07/07","永豐金-豐原",268,0,268
"10714","2841台開","110/07/07","凱基-市政",0,200,-200
"10715","2841台開","110/07/07","永豐金-南投",200,0,200
"10716","2841台開","110/07/07","永豐金-彰化",0,100,-100
"10717","2841台開","110/07/07","新光",139,9,130
"10718","2841台開","110/07/07","元大-開元",1,93,-92
"10719","2841台開","110/07/07","中國信託-高雄",50,1,49
"10720","2841台開","110/07/07","港商野村",0,80,-80
"10721","2841台開","110/07/07","元大-歸仁",40,0,40
"10722","2841台開","110/07/07","凱基-台南",25,85,-60
"10723","2841台開","110/07/07","台中銀",35,0,35
"10724","2841台開","110/07/07","美商高盛",1,58,-57
"10725","2841台開","110/07/07","台新-新營",30,0,30
"10726","2841台開","110/07/07","統一-三重",0,55,-55
"10727","2841台開","110/07/07","富邦-台南",30,0,30
"10728","2841台開","110/07/07","台新證券",12,50,-38
"10729","2841台開","110/07/07","國泰-板橋",30,1,29
"10730","2841台開","110/07/07","陽信-石牌",0,31,-31
"10731","2841台開","110/07/07","凱基-文心",28,0,28
"10732","2841台開","110/07/07","元大-福營",0,31,-31
"10733","2841台開","110/07/07","凱基-站前",27,0,27
"10734","2841台開","110/07/07","第一金-澎湖",0,30,-30
"10735","2841台開","110/07/07","大昌-安康",38,16,22
"10736","2841台開","110/07/07","元大-新莊",0,30,-30
"10737","2841台開","110/07/07","合庫-台中",20,0,20
"10738","2841台開","110/07/07","國泰-館前",0,28,-28
"10739","2841台開","110/07/07","日盛-台南",20,0,20
"10740","2841台開","110/07/07","元大-竹科",0,25,-25
"10741","2841台開","110/07/07","台中銀-員林",20,0,20
"10742","2841台開","110/07/07","富邦-仁愛",1,22,-21
"10743","6207雷科","110/07/07","元大-大天母",21,0,21
"10744","6207雷科","110/07/07","元大-高雄",0,105,-105
"10745","6207雷科","110/07/07","元大-頭份",18,0,18
"10746","6207雷科","110/07/07","永豐金-中正",0,35,-35
"10747","6207雷科","110/07/07","第一金-新興",16,0,16
"10748","6207雷科","110/07/07","摩根大通",8,39,-31
"10749","6207雷科","110/07/07","富邦-虎尾",12,0,12
"10750","6207雷科","110/07/07","元大-林園",0,30,-30
"10751","6207雷科","110/07/07","兆豐-板橋",10,0,10
"10752","6207雷科","110/07/07","凱基-台北",0,19,-19
"10753","6207雷科","110/07/07","玉山-台大",10,0,10
"10754","6207雷科","110/07/07","國票-中和",13,25,-12
"10755","6207雷科","110/07/07","元大-四維",10,0,10
"10756","6207雷科","110/07/07","新加坡商瑞銀",0,9,-9
"10757","6207雷科","110/07/07","元大-鹿港",10,0,10
"10758","6207雷科","110/07/07","玉山-高雄",0,8,-8
"10759","6207雷科","110/07/07","元大-信義",10,0,10
"10760","6207雷科","110/07/07","玉山-台南",0,8,-8
"10761","6207雷科","110/07/07","台新-三民",8,0,8
"10762","6207雷科","110/07/07","宏遠-高雄",0,5,-5
"10763","6207雷科","110/07/07","元大-上新莊",8,0,8
"10764","6207雷科","110/07/07","元大-南海",0,5,-5
"10765","6207雷科","110/07/07","大昌-桃園",7,0,7
"10766","6207雷科","110/07/07","元大-莒光",0,4,-4
"10767","6207雷科","110/07/07","新光-台中",10,4,6
"10768","6207雷科","110/07/07","港商野村",0,3,-3
"10769","6207雷科","110/07/07","日盛-頭份",5,0,5
"10770","6207雷科","110/07/07","大慶-台南",0,3,-3
"10771","6207雷科","110/07/07","日茂-埔里",5,0,5
"10772","6207雷科","110/07/07","凱基-站前",0,3,-3
"10773","3679新至陞","110/07/07","永豐金證券",18,0,18
"10774","3679新至陞","110/07/07","美林",0,13,-13
"10775","3679新至陞","110/07/07","元大-文心興安",6,0,6
"10776","3679新至陞","110/07/07","兆豐-大安",0,10,-10
"10777","3679新至陞","110/07/07","中農",5,0,5
"10778","3679新至陞","110/07/07","國泰-桃園",0,4,-4
"10779","3679新至陞","110/07/07","台新證券",4,0,4
"10780","3679新至陞","110/07/07","永豐金-虎尾",0,4,-4
"10781","3679新至陞","110/07/07","華南永昌-小港",4,0,4
"10782","3679新至陞","110/07/07","台灣摩根士丹利",0,3,-3
"10783","3679新至陞","110/07/07","元大-天母",4,0,4
"10784","3679新至陞","110/07/07","瑞士信貸",0,3,-3
"10785","3679新至陞","110/07/07","台中銀-員林",4,1,3
"10786","3679新至陞","110/07/07","統一-新竹",0,3,-3
"10787","3679新至陞","110/07/07","摩根大通",4,1,3
"10788","3679新至陞","110/07/07","統一-三重",0,3,-3
"10789","3679新至陞","110/07/07","凱基-台北",7,4,3
"10790","3679新至陞","110/07/07","凱基-竹北",0,3,-3
"10791","3679新至陞","110/07/07","華南永昌-高雄",3,0,3
"10792","3679新至陞","110/07/07","元富-世貿",0,2,-2
"10793","3679新至陞","110/07/07","永豐金-潮州",2,0,2
"10794","3679新至陞","110/07/07","兆豐-鹿港",0,2,-2
"10795","3679新至陞","110/07/07","合庫-新竹",1,0,1
"10796","3679新至陞","110/07/07","玉山-台大",0,2,-2
"10797","3679新至陞","110/07/07","土銀-高雄",1,0,1
"10798","3679新至陞","110/07/07","國泰-館前",0,2,-2
"10799","3679新至陞","110/07/07","元富-新興",1,0,1
"10800","3679新至陞","110/07/07","群益金鼎-新莊",0,2,-2
"10801","3679新至陞","110/07/07","富邦-中壢",1,0,1
"10802","3679新至陞","110/07/07","元大-桃園",0,2,-2
"10803","2727王品","110/07/07","第一金",62,0,62
"10804","2727王品","110/07/07","台灣摩根士丹利",1,177,-176
"10805","2727王品","110/07/07","凱基-埔墘",40,0,40
"10806","2727王品","110/07/07","凱基-台北",49,151,-102
"10807","2727王品","110/07/07","中國信託-忠孝",40,1,39
"10808","2727王品","110/07/07","摩根大通",19,107,-88
"10809","2727王品","110/07/07","玉山-板橋",40,6,34
"10810","2727王品","110/07/07","美商高盛",2,86,-84
"10811","2727王品","110/07/07","亞東-新竹",31,1,30
"10812","2727王品","110/07/07","元大-北屯",1,52,-51
"10813","2727王品","110/07/07","群益金鼎-宜蘭",25,1,24
"10814","2727王品","110/07/07","國泰證券",1,47,-46
"10815","2727王品","110/07/07","富邦-竹北",23,0,23
"10816","2727王品","110/07/07","統一",3,33,-30
"10817","2727王品","110/07/07","元大-旗山",23,0,23
"10818","2727王品","110/07/07","第一金-台中",1,30,-29
"10819","2727王品","110/07/07","元富-宜蘭",21,0,21
"10820","2727王品","110/07/07","華南永昌-中正",4,29,-25
"10821","2727王品","110/07/07","國票-長城",20,0,20
"10822","2727王品","110/07/07","美林",0,23,-23
"10823","2727王品","110/07/07","台新證券",47,28,19
"10824","2727王品","110/07/07","群益金鼎-館前",0,20,-20
"10825","2727王品","110/07/07","富邦-新竹華信",18,1,17
"10826","2727王品","110/07/07","國票-內壢",0,16,-16
"10827","2727王品","110/07/07","永豐金-中正",18,1,17
"10828","2727王品","110/07/07","兆豐-新莊",0,15,-15
"10829","2727王品","110/07/07","華南永昌-麻豆",17,1,16
"10830","2727王品","110/07/07","港商野村",15,28,-13
"10831","2727王品","110/07/07","永豐金-潮州",15,0,15
"10832","2727王品","110/07/07","元大-善化",1,13,-12
"10833","1570力肯","110/07/07","台新證券",88,0,88
"10834","1570力肯","110/07/07","新光",0,54,-54
"10835","1570力肯","110/07/07","摩根大通",49,15,34
"10836","1570力肯","110/07/07","元大-高雄",0,40,-40
"10837","1570力肯","110/07/07","合庫-桃園",20,0,20
"10838","1570力肯","110/07/07","國票-北高雄",38,50,-12
"10839","1570力肯","110/07/07","元大-土城學府",20,0,20
"10840","1570力肯","110/07/07","群益金鼎-嘉義",0,10,-10
"10841","1570力肯","110/07/07","永豐金-板盛",18,0,18
"10842","1570力肯","110/07/07","元大-草屯",0,10,-10
"10843","1570力肯","110/07/07","永豐金-永康",18,0,18
"10844","1570力肯","110/07/07","日盛-高雄",0,9,-9
"10845","1570力肯","110/07/07","統一-員林",14,0,14
"10846","1570力肯","110/07/07","第一金-路竹",0,9,-9
"10847","1570力肯","110/07/07","元大-竹山",6,0,6
"10848","1570力肯","110/07/07","元大-古亭",0,9,-9
"10849","1570力肯","110/07/07","統一-敦南",5,0,5
"10850","1570力肯","110/07/07","國票-中正",0,8,-8
"10851","1570力肯","110/07/07","元大-永和",5,0,5
"10852","1570力肯","110/07/07","群益金鼎-鳳山",0,6,-6
"10853","1570力肯","110/07/07","元富-大裕",4,0,4
"10854","1570力肯","110/07/07","元大-土城永寧",0,6,-6
"10855","1570力肯","110/07/07","華南永昌-斗六",4,0,4
"10856","1570力肯","110/07/07","中國信託",0,5,-5
"10857","1570力肯","110/07/07","永豐金-松山",6,3,3
"10858","1570力肯","110/07/07","日盛-板橋",0,4,-4
"10859","1570力肯","110/07/07","永豐金-南投",4,1,3
"10860","1570力肯","110/07/07","日盛-木柵",0,4,-4
"10861","1570力肯","110/07/07","土銀-彰化",2,0,2
"10862","1570力肯","110/07/07","玉山-桃園",0,4,-4
"10863","6180橘子","110/07/07","臺銀-金山",27,0,27
"10864","6180橘子","110/07/07","凱基-台北",6,36,-30
"10865","6180橘子","110/07/07","元富-潮州",20,0,20
"10866","6180橘子","110/07/07","元大-天母",1,26,-25
"10867","6180橘子","110/07/07","凱基-中山",20,0,20
"10868","6180橘子","110/07/07","富邦-陽明",0,22,-22
"10869","6180橘子","110/07/07","元大-太平",23,4,19
"10870","6180橘子","110/07/07","日盛-頭份",0,20,-20
"10871","6180橘子","110/07/07","摩根大通",17,0,17
"10872","6180橘子","110/07/07","富邦-仁愛",0,20,-20
"10873","6180橘子","110/07/07","元大-草屯",20,3,17
"10874","6180橘子","110/07/07","永豐金-新莊",0,20,-20
"10875","6180橘子","110/07/07","華南永昌-楠梓",15,1,14
"10876","6180橘子","110/07/07","台灣摩根士丹利",0,18,-18
"10877","6180橘子","110/07/07","中國信託-永康",12,0,12
"10878","6180橘子","110/07/07","華南永昌-長虹",1,16,-15
"10879","6180橘子","110/07/07","日盛-文化",10,0,10
"10880","6180橘子","110/07/07","新光-新竹",0,12,-12
"10881","6180橘子","110/07/07","國泰-館前",10,0,10
"10882","6180橘子","110/07/07","凱基-中壢",0,12,-12
"10883","6180橘子","110/07/07","華南永昌-鶯歌",10,0,10
"10884","6180橘子","110/07/07","第一金-忠孝",0,11,-11
"10885","6180橘子","110/07/07","元大-豐原站前",10,0,10
"10886","6180橘子","110/07/07","元大-沙鹿",0,11,-11
"10887","6180橘子","110/07/07","元大-北屯",10,0,10
"10888","6180橘子","110/07/07","永豐金-羅東",0,11,-11
"10889","6180橘子","110/07/07","兆豐-台中",10,1,9
"10890","6180橘子","110/07/07","兆豐-埔墘",0,10,-10
"10891","6180橘子","110/07/07","群益金鼎-開元",9,0,9
"10892","6180橘子","110/07/07","華南永昌-台中",0,10,-10
"10893","2390云辰","110/07/07","元大-向上",144,0,144
"10894","2390云辰","110/07/07","摩根大通",18,674,-656
"10895","2390云辰","110/07/07","元富-中港",102,0,102
"10896","2390云辰","110/07/07","凱基-台北",141,625,-484
"10897","2390云辰","110/07/07","群益金鼎-民權",104,4,100
"10898","2390云辰","110/07/07","美林",32,261,-229
"10899","2390云辰","110/07/07","兆豐-忠孝",81,0,81
"10900","2390云辰","110/07/07","新加坡商瑞銀",50,149,-99
"10901","2390云辰","110/07/07","合庫-新竹",60,0,60
"10902","2390云辰","110/07/07","台灣摩根士丹利",7,87,-80
"10903","2390云辰","110/07/07","元大-土城學府",59,1,58
"10904","2390云辰","110/07/07","元大-金華",2,68,-66
"10905","2390云辰","110/07/07","玉山-大里",58,3,55
"10906","2390云辰","110/07/07","國票-新莊",13,65,-52
"10907","2390云辰","110/07/07","元大-東蘆",54,1,53
"10908","2390云辰","110/07/07","凱基-三重",12,56,-44
"10909","2390云辰","110/07/07","元富-三重",51,0,51
"10910","2390云辰","110/07/07","新光-台中",23,65,-42
"10911","2390云辰","110/07/07","元富-埔里",50,0,50
"10912","2390云辰","110/07/07","第一金-中壢",5,45,-40
"10913","2390云辰","110/07/07","中國信託-三重",52,3,49
"10914","2390云辰","110/07/07","華南永昌-斗六",0,40,-40
"10915","2390云辰","110/07/07","元大-彰化民生",64,15,49
"10916","2390云辰","110/07/07","富邦-新竹華信",25,61,-36
"10917","2390云辰","110/07/07","元大-潮州",50,5,45
"10918","2390云辰","110/07/07","玉山-新莊",2,32,-30
"10919","2390云辰","110/07/07","元富-高雄",57,14,43
"10920","2390云辰","110/07/07","凱基-新豐",17,47,-30
"10921","2390云辰","110/07/07","凱基-和平",40,0,40
"10922","2390云辰","110/07/07","統一-汐止",1,29,-28
"10923","4903聯光通","110/07/06","元大-苗栗",10,0,10
"10924","4903聯光通","110/07/06","宏遠證券",0,13,-13
"10925","4903聯光通","110/07/06","彰銀",5,0,5
"10926","4903聯光通","110/07/06","富邦-新營",0,4,-4
"10927","4903聯光通","110/07/06","元大-松山",5,0,5
"10928","4903聯光通","110/07/06","元富-草屯",0,3,-3
"10929","4903聯光通","110/07/06","新光",3,0,3
"10930","4903聯光通","110/07/06","元大-羅東",0,3,-3
"10931","4903聯光通","110/07/06","群益金鼎-館前",1,0,1
"10932","4903聯光通","110/07/06","元大-北三重",0,2,-2
"10933","4903聯光通","110/07/06","華南永昌-鶯歌",1,0,1
"10934","4903聯光通","110/07/06","國泰-敦南",0,1,-1
"10935","4903聯光通","110/07/06","永豐金-市政",1,0,1
"10936","4903聯光通","110/07/06","元富-板橋",0,0,0
"10937","4903聯光通","110/07/06","元富-板橋",0,0,0
"10938","4903聯光通","110/07/06","華南永昌",0,0,0
"10939","4903聯光通","110/07/06","華南永昌",0,0,0
"10940","4903聯光通","110/07/06","元大-太平",2,2,0
"10941","4903聯光通","110/07/06","元大-太平",2,2,0
"10942","2929淘帝","110/07/06","新光",204,85,119
"10943","2929淘帝","110/07/06","港商野村",62,282,-220
"10944","2929淘帝","110/07/06","日盛-中壢",94,0,94
"10945","2929淘帝","110/07/06","摩根大通",64,264,-200
"10946","2929淘帝","110/07/06","元富-城東",84,0,84
"10947","2929淘帝","110/07/06","統一",0,163,-163
"10948","2929淘帝","110/07/06","日盛-雙和",55,0,55
"10949","2929淘帝","110/07/06","香港上海匯豐",0,141,-141
"10950","2929淘帝","110/07/06","第一金-路竹",71,17,54
"10951","2929淘帝","110/07/06","新加坡商瑞銀",54,179,-125
"10952","2929淘帝","110/07/06","元大-花蓮",44,2,42
"10953","2929淘帝","110/07/06","合庫-高雄",3,122,-119
"10954","2929淘帝","110/07/06","永豐金-大園",73,33,40
"10955","2929淘帝","110/07/06","美林",34,118,-84
"10956","2929淘帝","110/07/06","元大-太平",44,6,38
"10957","2929淘帝","110/07/06","元大-員林",2,82,-80
"10958","2929淘帝","110/07/06","國泰-板橋",40,5,35
"10959","2929淘帝","110/07/06","元富-松德",26,75,-49
"10960","2929淘帝","110/07/06","兆豐-內湖",33,1,32
"10961","2929淘帝","110/07/06","臺銀-臺南",9,52,-43
"10962","2929淘帝","110/07/06","元大-博愛",43,11,32
"10963","2929淘帝","110/07/06","元大-北投",5,48,-43
"10964","2929淘帝","110/07/06","日盛-竹北",40,10,30
"10965","2929淘帝","110/07/06","臺銀-民權",1,41,-40
"10966","2929淘帝","110/07/06","元大-善化",52,22,30
"10967","2929淘帝","110/07/06","兆豐-忠孝",1,41,-40
"10968","2929淘帝","110/07/06","富邦-北港",29,0,29
"10969","2929淘帝","110/07/06","元大-西門",1,36,-35
"10970","2929淘帝","110/07/06","凱基-湖口",27,0,27
"10971","2929淘帝","110/07/06","玉山-嘉義",3,35,-32
"10972","5410國眾","110/07/06","兆豐-城中",28,0,28
"10973","5410國眾","110/07/06","凱基-高美館",1,18,-17
"10974","5410國眾","110/07/06","元大-小港",20,0,20
"10975","5410國眾","110/07/06","國泰-館前",0,15,-15
"10976","5410國眾","110/07/06","元大-新盛",18,0,18
"10977","5410國眾","110/07/06","國泰-板橋",2,17,-15
"10978","5410國眾","110/07/06","香港上海匯豐",15,0,15
"10979","5410國眾","110/07/06","新光",0,13,-13
"10980","5410國眾","110/07/06","華南永昌-小港",15,0,15
"10981","5410國眾","110/07/06","元富-緯城",0,10,-10
"10982","5410國眾","110/07/06","元富-大昌",13,0,13
"10983","5410國眾","110/07/06","中農",0,10,-10
"10984","5410國眾","110/07/06","臺銀-臺南",10,0,10
"10985","5410國眾","110/07/06","凱基-屏東",0,10,-10
"10986","5410國眾","110/07/06","元富-延平",8,0,8
"10987","5410國眾","110/07/06","新光-桃園",0,6,-6
"10988","5410國眾","110/07/06","元大-八德",17,9,8
"10989","5410國眾","110/07/06","高橋-龍潭",0,5,-5
"10990","5410國眾","110/07/06","摩根大通",7,0,7
"10991","5410國眾","110/07/06","元富-世貿",0,5,-5
"10992","5410國眾","110/07/06","凱基-桃園",7,0,7
"10993","5410國眾","110/07/06","群益金鼎-瑞豐",0,5,-5
"10994","5410國眾","110/07/06","永豐金-屏東",7,0,7
"10995","5410國眾","110/07/06","富邦-台中",0,5,-5
"10996","5410國眾","110/07/06","台新-左楠",5,0,5
"10997","5410國眾","110/07/06","永豐金-板橋",0,5,-5
"10998","5410國眾","110/07/06","富邦-竹東",5,0,5
"10999","5410國眾","110/07/06","富邦-台南",0,4,-4
"11000","5410國眾","110/07/06","元大-新莊",5,0,5
"11001","5410國眾","110/07/06","凱基-站前",0,3,-3
"11002","2841台開","110/07/06","群益金鼎-忠孝",100,0,100
"11003","2841台開","110/07/06","港商野村",0,295,-295
"11004","2841台開","110/07/06","台新證券",58,0,58
"11005","2841台開","110/07/06","元大-善化",0,50,-50
"11006","2841台開","110/07/06","台新-台中",58,0,58
"11007","2841台開","110/07/06","元大-四維",0,50,-50
"11008","2841台開","110/07/06","永豐金-敦南",50,0,50
"11009","2841台開","110/07/06","台新-新營",0,30,-30
"11010","2841台開","110/07/06","元大-台中",45,0,45
"11011","2841台開","110/07/06","群益金鼎-桃園",0,21,-21
"11012","2841台開","110/07/06","凱基-文心",43,0,43
"11013","2841台開","110/07/06","台中銀-員林",0,20,-20
"11014","2841台開","110/07/06","永豐金-潮州",30,0,30
"11015","2841台開","110/07/06","群益金鼎-延平",0,15,-15
"11016","2841台開","110/07/06","第一金-自由",25,0,25
"11017","2841台開","110/07/06","元大-三重",0,13,-13
"11018","2841台開","110/07/06","美商高盛",17,0,17
"11019","2841台開","110/07/06","元富-古亭",0,10,-10
"11020","2841台開","110/07/06","大昌-安康",39,22,17
"11021","2841台開","110/07/06","群益金鼎-北高雄",0,10,-10
"11022","2841台開","110/07/06","台中銀",15,0,15
"11023","2841台開","110/07/06","華南永昌-南京",0,10,-10
"11024","2841台開","110/07/06","玉山-嘉義",15,0,15
"11025","2841台開","110/07/06","富邦-花蓮",0,10,-10
"11026","2841台開","110/07/06","新光",11,0,11
"11027","2841台開","110/07/06","富邦-高雄",0,10,-10
"11028","2841台開","110/07/06","兆豐-永和",10,0,10
"11029","2841台開","110/07/06","元大-竹山",0,10,-10
"11030","2841台開","110/07/06","康和-內湖",10,0,10
"11031","2841台開","110/07/06","元大-屏東",0,10,-10
"11032","6207雷科","110/07/06","新光",45,4,41
"11033","6207雷科","110/07/06","凱基-高美館",1,104,-103
"11034","6207雷科","110/07/06","統一-基隆",30,0,30
"11035","6207雷科","110/07/06","摩根大通",11,45,-34
"11036","6207雷科","110/07/06","康和-南崁",13,0,13
"11037","6207雷科","110/07/06","群益金鼎-新竹",0,22,-22
"11038","6207雷科","110/07/06","宏遠-台南",10,0,10
"11039","6207雷科","110/07/06","港商野村",2,23,-21
"11040","6207雷科","110/07/06","國票-和平",10,0,10
"11041","6207雷科","110/07/06","凱基-台北",0,14,-14
"11042","6207雷科","110/07/06","永豐金-天母",10,0,10
"11043","6207雷科","110/07/06","台新-三民",0,12,-12
"11044","6207雷科","110/07/06","台新證券",10,1,9
"11045","6207雷科","110/07/06","群益金鼎-開元",1,11,-10
"11046","6207雷科","110/07/06","群益金鼎-士林",8,0,8
"11047","6207雷科","110/07/06","富邦-南屯",0,8,-8
"11048","6207雷科","110/07/06","群益金鼎-瑞豐",7,0,7
"11049","6207雷科","110/07/06","元大-善化",0,8,-8
"11050","6207雷科","110/07/06","元大-四維",7,0,7
"11051","6207雷科","110/07/06","日盛-頭份",0,5,-5
"11052","6207雷科","110/07/06","國票-中和",6,0,6
"11053","6207雷科","110/07/06","第一金-高雄",0,5,-5
"11054","6207雷科","110/07/06","台新-中壢",6,0,6
"11055","6207雷科","110/07/06","凱基-八德",0,5,-5
"11056","6207雷科","110/07/06","凱基-高雄",6,0,6
"11057","6207雷科","110/07/06","凱基-頭份",0,5,-5
"11058","6207雷科","110/07/06","富邦-彰化",6,0,6
"11059","6207雷科","110/07/06","合庫-新竹",0,4,-4
"11060","6207雷科","110/07/06","凱基-大安",5,0,5
"11061","6207雷科","110/07/06","新光-高雄",0,4,-4
"11062","3679新至陞","110/07/06","凱基",11,0,11
"11063","3679新至陞","110/07/06","摩根大通",0,22,-22
"11064","3679新至陞","110/07/06","台中銀-員林",11,1,10
"11065","3679新至陞","110/07/06","凱基-台北",6,21,-15
"11066","3679新至陞","110/07/06","安泰-大發",10,0,10
"11067","3679新至陞","110/07/06","瑞士信貸",0,13,-13
"11068","3679新至陞","110/07/06","香港上海匯豐",8,0,8
"11069","3679新至陞","110/07/06","富邦-苗栗",0,10,-10
"11070","3679新至陞","110/07/06","永豐金證券",8,2,6
"11071","3679新至陞","110/07/06","元大-永春",0,6,-6
"11072","3679新至陞","110/07/06","第一金-高雄",5,0,5
"11073","3679新至陞","110/07/06","凱基-興隆",0,5,-5
"11074","3679新至陞","110/07/06","群益金鼎-高盛",3,0,3
"11075","3679新至陞","110/07/06","國泰-桃園",0,3,-3
"11076","3679新至陞","110/07/06","元大-嘉義",3,0,3
"11077","3679新至陞","110/07/06","元大-萬華",2,5,-3
"11078","3679新至陞","110/07/06","臺銀-高雄",2,0,2
"11079","3679新至陞","110/07/06","美林",0,2,-2
"11080","3679新至陞","110/07/06","日盛-復興",2,0,2
"11081","3679新至陞","110/07/06","第一金-華江",0,2,-2
"11082","3679新至陞","110/07/06","日盛-樹林",4,2,2
"11083","3679新至陞","110/07/06","新光-台中",0,2,-2
"11084","3679新至陞","110/07/06","宏遠-館前",2,0,2
"11085","3679新至陞","110/07/06","華南永昌-民權",0,2,-2
"11086","3679新至陞","110/07/06","台新證券",2,0,2
"11087","3679新至陞","110/07/06","元大-板橋",0,2,-2
"11088","3679新至陞","110/07/06","康和-板橋",2,0,2
"11089","3679新至陞","110/07/06","日盛-板橋中山",0,1,-1
"11090","3679新至陞","110/07/06","群益金鼎-台南",2,0,2
"11091","3679新至陞","110/07/06","宏遠證券",0,1,-1
"11092","2727王品","110/07/06","元大證券",1033,729,304
"11093","2727王品","110/07/06","台灣摩根士丹利",35,184,-149
"11094","2727王品","110/07/06","富邦-台北",332,46,286
"11095","2727王品","110/07/06","元大-北屯",11,79,-68
"11096","2727王品","110/07/06","統一",252,43,209
"11097","2727王品","110/07/06","元富-敦南",4,70,-66
"11098","2727王品","110/07/06","永豐金-松山",147,14,133
"11099","2727王品","110/07/06","元大-基隆孝二",11,75,-64
"11100","2727王品","110/07/06","富邦-嘉義",301,198,103
"11101","2727王品","110/07/06","臺銀-臺南",9,69,-60
"11102","2727王品","110/07/06","新加坡商瑞銀",128,34,94
"11103","2727王品","110/07/06","中國信託-忠孝",5,48,-43
"11104","2727王品","110/07/06","元富-台南",97,6,91
"11105","2727王品","110/07/06","永豐金-市政",5,46,-41
"11106","2727王品","110/07/06","台新證券",169,105,64
"11107","2727王品","110/07/06","彰銀-台中",19,56,-37
"11108","2727王品","110/07/06","美林",115,58,57
"11109","2727王品","110/07/06","玉山證券",30,67,-37
"11110","2727王品","110/07/06","華南永昌",75,23,52
"11111","2727王品","110/07/06","凱基-埔墘",4,41,-37
"11112","2727王品","110/07/06","凱基-台北",445,398,47
"11113","2727王品","110/07/06","永豐金-大園",3,40,-37
"11114","2727王品","110/07/06","凱基-大直",48,7,41
"11115","2727王品","110/07/06","元富",2,37,-35
"11116","2727王品","110/07/06","凱基-林口",45,4,41
"11117","2727王品","110/07/06","富邦-仁愛",32,64,-32
"11118","2727王品","110/07/06","德信",40,1,39
"11119","2727王品","110/07/06","玉山-板橋",52,82,-30
"11120","2727王品","110/07/06","第一金",42,5,37
"11121","2727王品","110/07/06","中國信託-文心",10,39,-29
"11122","1570力肯","110/07/06","香港上海匯豐",47,0,47
"11123","1570力肯","110/07/06","新光",2,107,-105
"11124","1570力肯","110/07/06","元大-高雄",55,16,39
"11125","1570力肯","110/07/06","摩根大通",11,58,-47
"11126","1570力肯","110/07/06","元富-緯城",37,0,37
"11127","1570力肯","110/07/06","高橋",4,50,-46
"11128","1570力肯","110/07/06","台新-台南",16,0,16
"11129","1570力肯","110/07/06","合庫-桃園",0,20,-20
"11130","1570力肯","110/07/06","元大-新竹經國",14,0,14
"11131","1570力肯","110/07/06","永豐金-板盛",0,18,-18
"11132","1570力肯","110/07/06","富邦-左營",12,0,12
"11133","1570力肯","110/07/06","華南永昌-公誠",0,9,-9
"11134","1570力肯","110/07/06","國票-中正",12,2,10
"11135","1570力肯","110/07/06","凱基-台北",1,9,-8
"11136","1570力肯","110/07/06","國票-博愛",10,0,10
"11137","1570力肯","110/07/06","臺銀-臺中",0,6,-6
"11138","1570力肯","110/07/06","統一-敦南",12,5,7
"11139","1570力肯","110/07/06","台新-三民",0,5,-5
"11140","1570力肯","110/07/06","群益金鼎-三重",7,0,7
"11141","1570力肯","110/07/06","華南永昌-麻豆",0,5,-5
"11142","1570力肯","110/07/06","臺銀-臺南",6,0,6
"11143","1570力肯","110/07/06","合庫-台南",0,4,-4
"11144","1570力肯","110/07/06","大慶-蘆洲",6,0,6
"11145","1570力肯","110/07/06","統一-員林",0,4,-4
"11146","1570力肯","110/07/06","元富-新店",6,0,6
"11147","1570力肯","110/07/06","康和-澎湖",0,4,-4
"11148","1570力肯","110/07/06","玉山-雙和",7,1,6
"11149","1570力肯","110/07/06","華南永昌-斗六",0,4,-4
"11150","1570力肯","110/07/06","永豐金-敦南",9,3,6
"11151","1570力肯","110/07/06","元大-和平",0,4,-4
"11152","6180橘子","110/07/06","凱基-台北",72,12,60
"11153","6180橘子","110/07/06","臺銀-金山",5,105,-100
"11154","6180橘子","110/07/06","美林",29,0,29
"11155","6180橘子","110/07/06","元大-台中",0,100,-100
"11156","6180橘子","110/07/06","合庫-自強",21,0,21
"11157","6180橘子","110/07/06","康和-台南",3,50,-47
"11158","6180橘子","110/07/06","凱基-三峽",17,0,17
"11159","6180橘子","110/07/06","元大-中和",0,35,-35
"11160","6180橘子","110/07/06","富邦-虎尾",15,1,14
"11161","6180橘子","110/07/06","中國信託-忠孝",0,16,-16
"11162","6180橘子","110/07/06","元富-潮州",13,0,13
"11163","6180橘子","110/07/06","玉山-高雄",0,12,-12
"11164","6180橘子","110/07/06","中國信託-永康",13,0,13
"11165","6180橘子","110/07/06","港商野村",0,11,-11
"11166","6180橘子","110/07/06","元大-草屯",18,5,13
"11167","6180橘子","110/07/06","群益金鼎-松山",0,11,-11
"11168","6180橘子","110/07/06","臺銀",11,0,11
"11169","6180橘子","110/07/06","永豐金-豐原",0,11,-11
"11170","6180橘子","110/07/06","新光",15,4,11
"11171","6180橘子","110/07/06","元富-嘉義",5,15,-10
"11172","6180橘子","110/07/06","元大-竹東",11,0,11
"11173","6180橘子","110/07/06","玉山-士林",0,10,-10
"11174","6180橘子","110/07/06","宏遠-台中",10,0,10
"11175","6180橘子","110/07/06","凱基-北門",0,10,-10
"11176","6180橘子","110/07/06","第一金-台南",10,0,10
"11177","6180橘子","110/07/06","第一金-忠孝",0,9,-9
"11178","6180橘子","110/07/06","國泰-敦南",10,0,10
"11179","6180橘子","110/07/06","統一-基隆",0,9,-9
"11180","6180橘子","110/07/06","富邦-嘉義",10,0,10
"11181","6180橘子","110/07/06","安泰-大發",1,10,-9
"11182","2390云辰","110/07/06","元大-天母",975,276,699
"11183","2390云辰","110/07/06","台灣摩根士丹利",3,265,-262
"11184","2390云辰","110/07/06","摩根大通",688,312,376
"11185","2390云辰","110/07/06","群益金鼎-海山",3,166,-163
"11186","2390云辰","110/07/06","國泰-忠孝",164,3,161
"11187","2390云辰","110/07/06","國泰-敦南",188,339,-151
"11188","2390云辰","110/07/06","富邦-北港",140,7,133
"11189","2390云辰","110/07/06","元大-土城學府",12,119,-107
"11190","2390云辰","110/07/06","聯邦商銀",151,22,129
"11191","2390云辰","110/07/06","永豐金-高雄",4,103,-99
"11192","2390云辰","110/07/06","中國信託-文心",143,17,126
"11193","2390云辰","110/07/06","土銀-士林",0,94,-94
"11194","2390云辰","110/07/06","永豐金-中正",133,7,126
"11195","2390云辰","110/07/06","元大-佳里",11,91,-80
"11196","2390云辰","110/07/06","群益金鼎-大興",178,76,102
"11197","2390云辰","110/07/06","玉山-台中",10,86,-76
"11198","2390云辰","110/07/06","元富-中港",103,3,100
"11199","2390云辰","110/07/06","新光",251,324,-73
"11200","2390云辰","110/07/06","統一-新台中",104,12,92
"11201","2390云辰","110/07/06","富邦-敦南",29,101,-72
"11202","2390云辰","110/07/06","新加坡商瑞銀",211,120,91
"11203","2390云辰","110/07/06","兆豐-台中",0,58,-58
"11204","2390云辰","110/07/06","兆豐-忠孝",100,11,89
"11205","2390云辰","110/07/06","日盛證券",16,73,-57
"11206","2390云辰","110/07/06","凱基-林口",87,9,78
"11207","2390云辰","110/07/06","元大-東泰",5,61,-56
"11208","2390云辰","110/07/06","元富-西松",72,4,68
"11209","2390云辰","110/07/06","台新證券",136,190,-54
"11210","2390云辰","110/07/06","台新-左楠",66,9,57
"11211","2390云辰","110/07/06","元大-六合",10,63,-53
