"","stake","date","name","buy","sell","total"
"1","2834臺企銀","110/08/30","凱基-台北",5495,473,5022
"2","2834臺企銀","110/08/30","新加坡商瑞銀",2178,10258,-8080
"3","2834臺企銀","110/08/30","台灣摩根士丹利",4649,0,4649
"4","2834臺企銀","110/08/30","美商高盛",1692,8522,-6830
"5","2834臺企銀","110/08/30","美林",4408,656,3752
"6","2834臺企銀","110/08/30","花旗環球",821,3248,-2427
"7","2834臺企銀","110/08/30","瑞士信貸",5025,2357,2668
"8","2834臺企銀","110/08/30","(牛牛牛)亞-鑫豐",66,1298,-1232
"9","2834臺企銀","110/08/30","元富-虎尾",1361,1,1360
"10","2834臺企銀","110/08/30","元富-城中",100,1008,-908
"11","2834臺企銀","110/08/30","元大-草屯",681,126,555
"12","2834臺企銀","110/08/30","台新-台中",50,668,-618
"13","2834臺企銀","110/08/30","群益金鼎-彰化",527,0,527
"14","2834臺企銀","110/08/30","第一金-嘉義",1,590,-589
"15","2834臺企銀","110/08/30","華南永昌-東昇",500,5,495
"16","2834臺企銀","110/08/30","中國信託-忠孝",6,550,-544
"17","2834臺企銀","110/08/30","日盛-竹北",450,0,450
"18","2834臺企銀","110/08/30","華南永昌-朴子",59,600,-541
"19","2834臺企銀","110/08/30","華南永昌-虎尾",447,2,445
"20","2834臺企銀","110/08/30","統一-板橋",154,644,-490
"21","2834臺企銀","110/08/30","富邦-虎尾",409,5,404
"22","2834臺企銀","110/08/30","台新-中壢",10,454,-444
"23","2834臺企銀","110/08/30","元富-嘉義",410,7,403
"24","2834臺企銀","110/08/30","永豐金證券",14,447,-433
"25","2834臺企銀","110/08/30","富邦-板橋",427,31,396
"26","2834臺企銀","110/08/30","元大-大里",14,445,-431
"27","2834臺企銀","110/08/30","法銀巴黎",434,51,383
"28","2834臺企銀","110/08/30","永豐金-萬盛",22,449,-427
"29","2834臺企銀","110/08/30","元大-南海",345,11,334
"30","2834臺企銀","110/08/30","元大-北投",12,435,-423
"31","5511德昌","110/08/30","永豐金-市政",94,0,94
"32","5511德昌","110/08/30","兆豐-台中港",0,50,-50
"33","5511德昌","110/08/30","華南永昌-忠孝",14,0,14
"34","5511德昌","110/08/30","致和-崇德",0,10,-10
"35","5511德昌","110/08/30","元大-北屯",8,0,8
"36","5511德昌","110/08/30","凱基-新豐",0,8,-8
"37","5511德昌","110/08/30","永豐金-敦北",8,0,8
"38","5511德昌","110/08/30","大昌-桃園",0,7,-7
"39","5511德昌","110/08/30","第一金-台中",4,0,4
"40","5511德昌","110/08/30","元大-大雅",0,7,-7
"41","5511德昌","110/08/30","元大-斗信",3,0,3
"42","5511德昌","110/08/30","富邦-虎尾",0,6,-6
"43","5511德昌","110/08/30","凱基-台北",3,1,2
"44","5511德昌","110/08/30","兆豐-北高雄",0,5,-5
"45","5511德昌","110/08/30","富邦-台北",1,0,1
"46","5511德昌","110/08/30","元大-鹿港",0,5,-5
"47","5511德昌","110/08/30","康和-板橋",0,0,0
"48","5511德昌","110/08/30","華南永昌-世貿",0,5,-5
"49","5511德昌","110/08/30","康和-南崁",0,0,0
"50","5511德昌","110/08/30","兆豐-大安",0,4,-4
"51","5511德昌","110/08/30","新光-台南",0,0,0
"52","5511德昌","110/08/30","兆豐-來福",0,3,-3
"53","5511德昌","110/08/30","群益金鼎-鳳山",0,0,0
"54","5511德昌","110/08/30","國泰-敦南",0,3,-3
"55","5511德昌","110/08/30","華南永昌-公誠",0,0,0
"56","5511德昌","110/08/30","玉山-雙和",0,2,-2
"57","5511德昌","110/08/30","",NA,NA,NA
"58","5511德昌","110/08/30","玉山-大里",0,2,-2
"59","5511德昌","110/08/30","",NA,NA,NA
"60","5511德昌","110/08/30","(牛牛牛)亞-鑫豐",0,2,-2
"61","2489瑞軒","110/08/30","康和-台中",185,0,185
"62","2489瑞軒","110/08/30","富邦-仁愛",0,117,-117
"63","2489瑞軒","110/08/30","瑞士信貸",133,0,133
"64","2489瑞軒","110/08/30","凱基-五股",0,100,-100
"65","2489瑞軒","110/08/30","新加坡商瑞銀",77,5,72
"66","2489瑞軒","110/08/30","康和-石牌",5,100,-95
"67","2489瑞軒","110/08/30","凱基-台北",78,17,61
"68","2489瑞軒","110/08/30","日盛-木柵",0,35,-35
"69","2489瑞軒","110/08/30","美林",66,18,48
"70","2489瑞軒","110/08/30","第一金-新興",0,30,-30
"71","2489瑞軒","110/08/30","元富-三重",40,0,40
"72","2489瑞軒","110/08/30","富邦-新竹",6,32,-26
"73","2489瑞軒","110/08/30","新光",35,7,28
"74","2489瑞軒","110/08/30","群益金鼎",0,25,-25
"75","2489瑞軒","110/08/30","元大-彰化",25,0,25
"76","2489瑞軒","110/08/30","國泰-敦南",4,27,-23
"77","2489瑞軒","110/08/30","元大-員林中山",25,0,25
"78","2489瑞軒","110/08/30","富隆證券",0,20,-20
"79","2489瑞軒","110/08/30","元大-松江",23,0,23
"80","2489瑞軒","110/08/30","康和-嘉義",20,40,-20
"81","2489瑞軒","110/08/30","永豐金-大園",21,0,21
"82","2489瑞軒","110/08/30","凱基-中港",0,20,-20
"83","2489瑞軒","110/08/30","大慶-富順",20,0,20
"84","2489瑞軒","110/08/30","凱基-彰化",0,20,-20
"85","2489瑞軒","110/08/30","統一-嘉義",20,0,20
"86","2489瑞軒","110/08/30","元大-東蘆",0,20,-20
"87","2489瑞軒","110/08/30","元大-汐止",20,0,20
"88","2489瑞軒","110/08/30","第一金-華江",0,17,-17
"89","2489瑞軒","110/08/30","元大-樹林",20,0,20
"90","2489瑞軒","110/08/30","元大-板橋",0,16,-16
"91","2428興勤","110/08/30","富邦-高雄",31,0,31
"92","2428興勤","110/08/30","美林",0,26,-26
"93","2428興勤","110/08/30","元大-南京",16,0,16
"94","2428興勤","110/08/30","港商野村",2,28,-26
"95","2428興勤","110/08/30","永興",15,0,15
"96","2428興勤","110/08/30","台灣摩根士丹利",2,18,-16
"97","2428興勤","110/08/30","凱基-鳳山",10,0,10
"98","2428興勤","110/08/30","摩根大通",0,13,-13
"99","2428興勤","110/08/30","凱基-中山",10,1,9
"100","2428興勤","110/08/30","元大-八德",0,10,-10
"101","2428興勤","110/08/30","群益金鼎-屏東",9,1,8
"102","2428興勤","110/08/30","元大-西門",0,10,-10
"103","2428興勤","110/08/30","元富-台中",7,1,6
"104","2428興勤","110/08/30","永豐金證券",1,10,-9
"105","2428興勤","110/08/30","中國信託",5,0,5
"106","2428興勤","110/08/30","日盛-竹北",2,10,-8
"107","2428興勤","110/08/30","兆豐-忠孝",5,0,5
"108","2428興勤","110/08/30","美商高盛",1,9,-8
"109","2428興勤","110/08/30","群益金鼎-鳳山",4,0,4
"110","2428興勤","110/08/30","元大證券",2,9,-7
"111","2428興勤","110/08/30","元大-敦南",4,0,4
"112","2428興勤","110/08/30","日盛-中壢",0,6,-6
"113","2428興勤","110/08/30","永豐金-信義",4,0,4
"114","2428興勤","110/08/30","統一",0,5,-5
"115","2428興勤","110/08/30","元富-大昌",3,0,3
"116","2428興勤","110/08/30","華南永昌",0,4,-4
"117","2428興勤","110/08/30","(牛牛牛)亞-鑫豐",3,0,3
"118","2428興勤","110/08/30","元大-大甲",0,3,-3
"119","2428興勤","110/08/30","富邦-新竹",3,0,3
"120","2428興勤","110/08/30","日盛-新莊",0,2,-2
"121","3176基亞","110/08/30","群益金鼎-潭子",31,0,31
"122","3176基亞","110/08/30","富邦-台北",0,76,-76
"123","3176基亞","110/08/30","群益金鼎-板橋",20,0,20
"124","3176基亞","110/08/30","兆豐-三民",0,20,-20
"125","3176基亞","110/08/30","國泰-敦南",16,1,15
"126","3176基亞","110/08/30","新加坡商瑞銀",0,13,-13
"127","3176基亞","110/08/30","永豐金證券",15,0,15
"128","3176基亞","110/08/30","元富-佳里",0,13,-13
"129","3176基亞","110/08/30","日盛-桃園",13,0,13
"130","3176基亞","110/08/30","國泰-板橋",1,14,-13
"131","3176基亞","110/08/30","國票-北高雄",10,0,10
"132","3176基亞","110/08/30","元富-桃園",1,12,-11
"133","3176基亞","110/08/30","華南永昌",10,0,10
"134","3176基亞","110/08/30","富邦-中壢",0,10,-10
"135","3176基亞","110/08/30","華南永昌-林口",10,0,10
"136","3176基亞","110/08/30","富邦-建國",0,10,-10
"137","3176基亞","110/08/30","富邦-新竹",8,0,8
"138","3176基亞","110/08/30","元大-楊梅",0,9,-9
"139","3176基亞","110/08/30","日盛-台南",6,0,6
"140","3176基亞","110/08/30","臺銀-新竹",0,8,-8
"141","3176基亞","110/08/30","元富-新店",5,0,5
"142","3176基亞","110/08/30","玉山-台中",1,8,-7
"143","3176基亞","110/08/30","兆豐-內湖",5,0,5
"144","3176基亞","110/08/30","華南永昌-嘉義",0,7,-7
"145","3176基亞","110/08/30","富邦-花蓮",5,0,5
"146","3176基亞","110/08/30","元大-南屯",0,7,-7
"147","3176基亞","110/08/30","元大-豐原",5,0,5
"148","3176基亞","110/08/30","新光-台南",0,6,-6
"149","3176基亞","110/08/30","元大-基隆",5,0,5
"150","3176基亞","110/08/30","元富-大裕",0,5,-5
"151","2409友達","110/08/30","合庫證券",2480,104,2376
"152","2409友達","110/08/30","台灣摩根士丹利",1303,13111,-11808
"153","2409友達","110/08/30","康和",2143,416,1727
"154","2409友達","110/08/30","美商高盛",946,5209,-4263
"155","2409友達","110/08/30","瑞士信貸",1713,21,1692
"156","2409友達","110/08/30","凱基",53,2000,-1947
"157","2409友達","110/08/30","凱基-員林",1609,4,1605
"158","2409友達","110/08/30","元富",19,1780,-1761
"159","2409友達","110/08/30","凱基-東港",1921,570,1351
"160","2409友達","110/08/30","港商野村",1462,2550,-1088
"161","2409友達","110/08/30","兆豐證券",1176,17,1159
"162","2409友達","110/08/30","摩根大通",4521,5376,-855
"163","2409友達","110/08/30","元大-豐原",1819,949,870
"164","2409友達","110/08/30","華南永昌-鶯歌",129,957,-828
"165","2409友達","110/08/30","永豐金證券",1409,547,862
"166","2409友達","110/08/30","新加坡商瑞銀",185,989,-804
"167","2409友達","110/08/30","法銀巴黎",837,225,612
"168","2409友達","110/08/30","中國信託",142,867,-725
"169","2409友達","110/08/30","大昌-樹林",608,2,606
"170","2409友達","110/08/30","日盛-永康",209,836,-627
"171","2409友達","110/08/30","華南永昌-南京",1958,1399,559
"172","2409友達","110/08/30","玉山-高雄",90,597,-507
"173","2409友達","110/08/30","群益金鼎",425,9,416
"174","2409友達","110/08/30","永豐金-板橋",7,482,-475
"175","2409友達","110/08/30","台灣企銀-北高雄",403,0,403
"176","2409友達","110/08/30","花旗環球",121,591,-470
"177","2409友達","110/08/30","台灣匯立證券",546,153,393
"178","2409友達","110/08/30","元大證券",1282,1608,-326
"179","2409友達","110/08/30","元富-安南",661,320,341
"180","2409友達","110/08/30","富邦-中壢",111,354,-243
"181","1315達新","110/08/30","凱基-中港",17,0,17
"182","1315達新","110/08/30","香港上海匯豐",0,46,-46
"183","1315達新","110/08/30","凱基-板橋",15,0,15
"184","1315達新","110/08/30","元富-板橋",0,21,-21
"185","1315達新","110/08/30","統一-城中",10,0,10
"186","1315達新","110/08/30","元大-文心興安",0,19,-19
"187","1315達新","110/08/30","豐農",9,0,9
"188","1315達新","110/08/30","台灣企銀-民雄",0,10,-10
"189","1315達新","110/08/30","美林",17,10,7
"190","1315達新","110/08/30","群益金鼎-桃園",2,10,-8
"191","1315達新","110/08/30","美商高盛",9,2,7
"192","1315達新","110/08/30","元大-四維",0,5,-5
"193","1315達新","110/08/30","凱基-台北",7,0,7
"194","1315達新","110/08/30","華南永昌-彰化",0,4,-4
"195","1315達新","110/08/30","凱基-岡山",6,0,6
"196","1315達新","110/08/30","台灣企銀-台中",0,3,-3
"197","1315達新","110/08/30","華南永昌-台中",5,0,5
"198","1315達新","110/08/30","新光",0,3,-3
"199","1315達新","110/08/30","富邦-台北",5,0,5
"200","1315達新","110/08/30","日盛-樹林",0,2,-2
"201","1315達新","110/08/30","日盛-二林",3,0,3
"202","1315達新","110/08/30","元大-雙和",0,2,-2
"203","1315達新","110/08/30","日盛-和美",3,0,3
"204","1315達新","110/08/30","元大-桃園",0,2,-2
"205","1315達新","110/08/30","台新證券",3,0,3
"206","1315達新","110/08/30","永豐金-中盛",0,2,-2
"207","1315達新","110/08/30","國泰-敦南",4,1,3
"208","1315達新","110/08/30","合庫-彰化",0,1,-1
"209","1315達新","110/08/30","台灣摩根士丹利",2,0,2
"210","1315達新","110/08/30","合庫-鳳山",0,1,-1
"211","2609陽明","110/08/30","摩根大通",2955,864,2091
"212","2609陽明","110/08/30","富邦證券",946,2220,-1274
"213","2609陽明","110/08/30","凱基-台北",2436,1058,1378
"214","2609陽明","110/08/30","凱基-斗六",1,1007,-1006
"215","2609陽明","110/08/30","新加坡商瑞銀",771,0,771
"216","2609陽明","110/08/30","統一-士林",128,996,-868
"217","2609陽明","110/08/30","兆豐-虎尾",822,67,755
"218","2609陽明","110/08/30","永豐金-虎尾",774,1318,-544
"219","2609陽明","110/08/30","華南永昌-竹北",805,178,627
"220","2609陽明","110/08/30","宏遠證券",344,864,-520
"221","2609陽明","110/08/30","美林",1702,1259,443
"222","2609陽明","110/08/30","台灣摩根士丹利",198,638,-440
"223","2609陽明","110/08/30","元大證券",755,478,277
"224","2609陽明","110/08/30","元大-內湖",48,467,-419
"225","2609陽明","110/08/30","兆豐-板橋",382,108,274
"226","2609陽明","110/08/30","凱基-城中",48,415,-367
"227","2609陽明","110/08/30","凱基-桃園",394,129,265
"228","2609陽明","110/08/30","致和-台北",0,360,-360
"229","2609陽明","110/08/30","美商高盛",399,146,253
"230","2609陽明","110/08/30","群益金鼎-大安",40,351,-311
"231","2609陽明","110/08/30","華南永昌-三重",454,213,241
"232","2609陽明","110/08/30","兆豐-復興",21,324,-303
"233","2609陽明","110/08/30","兆豐-寶成",281,69,212
"234","2609陽明","110/08/30","日盛-復興",41,271,-230
"235","2609陽明","110/08/30","日盛證券",427,228,199
"236","2609陽明","110/08/30","元大-彰化民生",29,224,-195
"237","2609陽明","110/08/30","玉山-嘉義",235,39,196
"238","2609陽明","110/08/30","群益金鼎",284,467,-183
"239","2609陽明","110/08/30","國票-台中",578,391,187
"240","2609陽明","110/08/30","統一-三多",24,198,-174
"241","2636台驊投控","110/08/30","華南永昌-竹北",399,1,398
"242","2636台驊投控","110/08/30","港商野村",279,397,-118
"243","2636台驊投控","110/08/30","日盛-台中",232,5,227
"244","2636台驊投控","110/08/30","摩根大通",72,183,-111
"245","2636台驊投控","110/08/30","新光-新竹",231,12,219
"246","2636台驊投控","110/08/30","元富-大昌",14,70,-56
"247","2636台驊投控","110/08/30","瑞士信貸",227,30,197
"248","2636台驊投控","110/08/30","元大-北屯",0,51,-51
"249","2636台驊投控","110/08/30","兆豐-中壢",141,0,141
"250","2636台驊投控","110/08/30","永豐金-嘉義",1,52,-51
"251","2636台驊投控","110/08/30","富邦-虎尾",186,86,100
"252","2636台驊投控","110/08/30","統一-中壢",0,41,-41
"253","2636台驊投控","110/08/30","台灣摩根士丹利",166,78,88
"254","2636台驊投控","110/08/30","國泰-敦南",66,97,-31
"255","2636台驊投控","110/08/30","兆豐-斗南",87,0,87
"256","2636台驊投控","110/08/30","美商高盛",62,91,-29
"257","2636台驊投控","110/08/30","元大-南京",50,6,44
"258","2636台驊投控","110/08/30","新光",30,59,-29
"259","2636台驊投控","110/08/30","新加坡商瑞銀",69,30,39
"260","2636台驊投控","110/08/30","新光-台中",6,31,-25
"261","2636台驊投控","110/08/30","宏遠-館前",39,1,38
"262","2636台驊投控","110/08/30","台新-三民",0,23,-23
"263","2636台驊投控","110/08/30","凱基-中山",34,2,32
"264","2636台驊投控","110/08/30","凱基-台南",10,32,-22
"265","2636台驊投控","110/08/30","台新-台南",33,4,29
"266","2636台驊投控","110/08/30","元大-大雅",1,23,-22
"267","2636台驊投控","110/08/30","凱基-台北",229,200,29
"268","2636台驊投控","110/08/30","高橋-內壢",1,22,-21
"269","2636台驊投控","110/08/30","台中銀-台北",27,0,27
"270","2636台驊投控","110/08/30","康和-高雄",2,23,-21
"271","2867三商壽","110/08/30","美林",736,19,717
"272","2867三商壽","110/08/30","元富-佳里",0,541,-541
"273","2867三商壽","110/08/30","元富-民權",450,0,450
"274","2867三商壽","110/08/30","永豐金-埔里",2,331,-329
"275","2867三商壽","110/08/30","華南永昌-大安",352,0,352
"276","2867三商壽","110/08/30","華南永昌-高雄",1,202,-201
"277","2867三商壽","110/08/30","元富-新興",304,4,300
"278","2867三商壽","110/08/30","富邦-桃園",0,135,-135
"279","2867三商壽","110/08/30","兆豐-北高雄",280,5,275
"280","2867三商壽","110/08/30","華南永昌-虎尾",0,132,-132
"281","2867三商壽","110/08/30","摩根大通",257,18,239
"282","2867三商壽","110/08/30","玉山-台中",2,132,-130
"283","2867三商壽","110/08/30","新加坡商瑞銀",231,0,231
"284","2867三商壽","110/08/30","國泰證券",0,120,-120
"285","2867三商壽","110/08/30","群益金鼎-土城",218,5,213
"286","2867三商壽","110/08/30","永豐金-中盛",5,123,-118
"287","2867三商壽","110/08/30","永豐金-豐原",200,0,200
"288","2867三商壽","110/08/30","元富-潮州",0,115,-115
"289","2867三商壽","110/08/30","臺銀",190,2,188
"290","2867三商壽","110/08/30","群益金鼎-東門",0,114,-114
"291","2867三商壽","110/08/30","國泰-台中",308,148,160
"292","2867三商壽","110/08/30","台新-台中",0,112,-112
"293","2867三商壽","110/08/30","富邦-新店",150,0,150
"294","2867三商壽","110/08/30","國泰-板橋",1,106,-105
"295","2867三商壽","110/08/30","群益金鼎-北高雄",130,18,112
"296","2867三商壽","110/08/30","元大-沙鹿",21,111,-90
"297","2867三商壽","110/08/30","美商高盛",173,68,105
"298","2867三商壽","110/08/30","新光-台中",90,174,-84
"299","2867三商壽","110/08/30","聯邦-富強",100,0,100
"300","2867三商壽","110/08/30","台新-高雄",7,86,-79
"301","5521工信","110/08/30","摩根大通",397,0,397
"302","5521工信","110/08/30","康和-高雄",0,200,-200
"303","5521工信","110/08/30","元富",358,0,358
"304","5521工信","110/08/30","香港上海匯豐",0,113,-113
"305","5521工信","110/08/30","凱基-台北",208,23,185
"306","5521工信","110/08/30","華南永昌-民權",0,100,-100
"307","5521工信","110/08/30","美商高盛",181,9,172
"308","5521工信","110/08/30","元富-新店",2,80,-78
"309","5521工信","110/08/30","台灣摩根士丹利",160,19,141
"310","5521工信","110/08/30","國泰-敦南",14,87,-73
"311","5521工信","110/08/30","華南永昌",94,1,93
"312","5521工信","110/08/30","兆豐-忠孝",0,67,-67
"313","5521工信","110/08/30","美林",92,3,89
"314","5521工信","110/08/30","國票-和平",0,66,-66
"315","5521工信","110/08/30","華南永昌-中正",55,0,55
"316","5521工信","110/08/30","元大-新莊",0,66,-66
"317","5521工信","110/08/30","富邦-台北",50,3,47
"318","5521工信","110/08/30","日盛-忠孝",0,50,-50
"319","5521工信","110/08/30","兆豐-西螺",20,0,20
"320","5521工信","110/08/30","新光-高雄",1,31,-30
"321","5521工信","110/08/30","國票",20,0,20
"322","5521工信","110/08/30","玉山-雙和",0,30,-30
"323","5521工信","110/08/30","富邦-羅東",20,0,20
"324","5521工信","110/08/30","(牛牛牛)亞-鑫豐",5,33,-28
"325","5521工信","110/08/30","元大-北成功",20,0,20
"326","5521工信","110/08/30","元富-文心",12,39,-27
"327","5521工信","110/08/30","國泰-板橋",31,12,19
"328","5521工信","110/08/30","群益金鼎-丹鳳",0,26,-26
"329","5521工信","110/08/30","新百王",18,0,18
"330","5521工信","110/08/30","日盛-高雄",0,24,-24
"331","1471首利","110/08/30","元大-虎尾",27,0,27
"332","1471首利","110/08/30","群益金鼎-東大",0,49,-49
"333","1471首利","110/08/30","凱基-科園",23,0,23
"334","1471首利","110/08/30","元大-斗信",0,24,-24
"335","1471首利","110/08/30","新光",15,0,15
"336","1471首利","110/08/30","臺銀-臺中",0,20,-20
"337","1471首利","110/08/30","永豐金-三重",11,0,11
"338","1471首利","110/08/30","美林",0,18,-18
"339","1471首利","110/08/30","日盛-屏東",10,0,10
"340","1471首利","110/08/30","凱基-松山",0,12,-12
"341","1471首利","110/08/30","台新-松江",10,0,10
"342","1471首利","110/08/30","元富-埔里",0,10,-10
"343","1471首利","110/08/30","合庫-台中",7,0,7
"344","1471首利","110/08/30","永豐金-敦北",0,10,-10
"345","1471首利","110/08/30","日盛-八德",7,0,7
"346","1471首利","110/08/30","臺銀-鳳山",0,5,-5
"347","1471首利","110/08/30","日盛-高雄",15,9,6
"348","1471首利","110/08/30","統一-屏東",0,5,-5
"349","1471首利","110/08/30","(牛牛牛)亞-鑫豐",6,0,6
"350","1471首利","110/08/30","元富-烏日",0,5,-5
"351","1471首利","110/08/30","富邦-仁愛",6,0,6
"352","1471首利","110/08/30","玉山-桃園",0,5,-5
"353","1471首利","110/08/30","統一-台南",5,0,5
"354","1471首利","110/08/30","凱基-三重",0,5,-5
"355","1471首利","110/08/30","國泰-敦南",6,1,5
"356","1471首利","110/08/30","凱基-板橋",0,5,-5
"357","1471首利","110/08/30","凱基-高雄",5,0,5
"358","1471首利","110/08/30","富邦-高雄",0,5,-5
"359","1471首利","110/08/30","凱基-城中",5,0,5
"360","1471首利","110/08/30","元大-左營",0,5,-5
"361","2883開發金","110/08/30","國票-南京",3819,33,3786
"362","2883開發金","110/08/30","兆豐證券",21,5003,-4982
"363","2883開發金","110/08/30","凱基-台北",6596,2919,3677
"364","2883開發金","110/08/30","第一金-忠孝",48,3082,-3034
"365","2883開發金","110/08/30","美林",3606,23,3583
"366","2883開發金","110/08/30","新光",496,1843,-1347
"367","2883開發金","110/08/30","永豐金證券",3376,93,3283
"368","2883開發金","110/08/30","玉山-大里",84,1010,-926
"369","2883開發金","110/08/30","美商高盛",2717,599,2118
"370","2883開發金","110/08/30","台中銀-員林",10,795,-785
"371","2883開發金","110/08/30","國票-長城",2056,18,2038
"372","2883開發金","110/08/30","玉山-高雄",150,860,-710
"373","2883開發金","110/08/30","臺銀-新竹",2933,1133,1800
"374","2883開發金","110/08/30","港商麥格理",0,676,-676
"375","2883開發金","110/08/30","統一",1871,181,1690
"376","2883開發金","110/08/30","元大-民雄",42,709,-667
"377","2883開發金","110/08/30","富邦-建國",1672,182,1490
"378","2883開發金","110/08/30","兆豐-來福",40,678,-638
"379","2883開發金","110/08/30","永豐金-板橋",1302,2,1300
"380","2883開發金","110/08/30","華南永昌-中正",145,649,-504
"381","2883開發金","110/08/30","宏遠證券",1170,44,1126
"382","2883開發金","110/08/30","凱基-三重",40,540,-500
"383","2883開發金","110/08/30","法銀巴黎",1059,10,1049
"384","2883開發金","110/08/30","國泰-台中",154,606,-452
"385","2883開發金","110/08/30","華南永昌",1089,115,974
"386","2883開發金","110/08/30","玉山-新竹",18,427,-409
"387","2883開發金","110/08/30","瑞士信貸",1162,231,931
"388","2883開發金","110/08/30","國票-安和",14,399,-385
"389","2883開發金","110/08/30","兆豐-三民",901,14,887
"390","2883開發金","110/08/30","凱基-站前",80,462,-382
"391","6205詮欣","110/08/30","台中銀",7,0,7
"392","6205詮欣","110/08/30","永豐金-敦南",0,5,-5
"393","6205詮欣","110/08/30","臺銀-臺中",5,0,5
"394","6205詮欣","110/08/30","第一金-路竹",0,5,-5
"395","6205詮欣","110/08/30","台新證券",3,0,3
"396","6205詮欣","110/08/30","元大-屏東",0,3,-3
"397","6205詮欣","110/08/30","臺銀-民權",2,0,2
"398","6205詮欣","110/08/30","華南永昌-朴子",0,3,-3
"399","6205詮欣","110/08/30","光和",2,0,2
"400","6205詮欣","110/08/30","永豐金證券",0,2,-2
"401","6205詮欣","110/08/30","元大-豐原站前",1,0,1
"402","6205詮欣","110/08/30","凱基-中壢",0,1,-1
"403","6205詮欣","110/08/30","元大-館前",1,0,1
"404","6205詮欣","110/08/30","元大-開元",0,1,-1
"405","6205詮欣","110/08/30","元大-松山",1,0,1
"406","6205詮欣","110/08/30","日盛-台南",0,1,-1
"407","6205詮欣","110/08/30","大昌-樹林",1,0,1
"408","6205詮欣","110/08/30","凱基-永康",0,1,-1
"409","6205詮欣","110/08/30","元富-潮州",1,0,1
"410","6205詮欣","110/08/30","國票-博愛",0,1,-1
"411","6205詮欣","110/08/30","美林",1,0,1
"412","6205詮欣","110/08/30","元富-文心",0,1,-1
"413","6205詮欣","110/08/30","日盛-新莊",1,0,1
"414","6205詮欣","110/08/30","統一-松江",0,1,-1
"415","6205詮欣","110/08/30","兆豐-永和",0,0,0
"416","6205詮欣","110/08/30","大慶-台南",0,1,-1
"417","6205詮欣","110/08/30","群益金鼎-台中",0,0,0
"418","6205詮欣","110/08/30","群益金鼎-台中",0,0,0
"419","6205詮欣","110/08/30","富邦-台北",0,0,0
"420","6205詮欣","110/08/30","富邦-台北",0,0,0
"421","1540喬福","110/08/30","玉山-大里",14,0,14
"422","1540喬福","110/08/30","凱基-興隆",0,12,-12
"423","1540喬福","110/08/30","華南永昌-公誠",10,0,10
"424","1540喬福","110/08/30","國票-中正",0,5,-5
"425","1540喬福","110/08/30","元大-龍潭",6,0,6
"426","1540喬福","110/08/30","玉山-板橋",0,5,-5
"427","1540喬福","110/08/30","國票-台南",5,0,5
"428","1540喬福","110/08/30","玉山-左營",0,5,-5
"429","1540喬福","110/08/30","凱基-中壢",3,0,3
"430","1540喬福","110/08/30","玉山-數位",0,4,-4
"431","1540喬福","110/08/30","兆豐-內湖",2,0,2
"432","1540喬福","110/08/30","元大-大安",0,4,-4
"433","1540喬福","110/08/30","元大-土城永寧",2,0,2
"434","1540喬福","110/08/30","台新-台中",0,3,-3
"435","1540喬福","110/08/30","合庫證券",1,0,1
"436","1540喬福","110/08/30","國泰-敦南",0,3,-3
"437","1540喬福","110/08/30","日盛-士林",1,0,1
"438","1540喬福","110/08/30","元富-緯城",0,2,-2
"439","1540喬福","110/08/30","台灣摩根士丹利",1,0,1
"440","1540喬福","110/08/30","富邦-仁愛",0,2,-2
"441","1540喬福","110/08/30","元富",2,1,1
"442","1540喬福","110/08/30","第一金-員林",0,1,-1
"443","1540喬福","110/08/30","兆豐-鹿港",1,0,1
"444","1540喬福","110/08/30","統一-三多",0,1,-1
"445","1540喬福","110/08/30","凱基-內埔",1,0,1
"446","1540喬福","110/08/30","元富-虎尾",0,1,-1
"447","1540喬福","110/08/30","元大-頭份",1,0,1
"448","1540喬福","110/08/30","致和-南京",0,1,-1
"449","1540喬福","110/08/30","元大-楊梅",1,0,1
"450","1540喬福","110/08/30","元大-竹東",0,1,-1
"451","2888新光金","110/08/30","元大證券",28738,3652,25086
"452","2888新光金","110/08/30","元富-城東",123,7579,-7456
"453","2888新光金","110/08/30","美林",6052,562,5490
"454","2888新光金","110/08/30","永豐金證券",69,4239,-4170
"455","2888新光金","110/08/30","臺銀-高雄",4494,65,4429
"456","2888新光金","110/08/30","國票-長城",61,2957,-2896
"457","2888新光金","110/08/30","美商高盛",4381,1190,3191
"458","2888新光金","110/08/30","凱基-大里",92,2505,-2413
"459","2888新光金","110/08/30","台灣摩根士丹利",5027,2870,2157
"460","2888新光金","110/08/30","華南永昌-台中",43,2049,-2006
"461","2888新光金","110/08/30","元大-館前",2282,149,2133
"462","2888新光金","110/08/30","合庫證券",155,2038,-1883
"463","2888新光金","110/08/30","亞東-新竹",2698,591,2107
"464","2888新光金","110/08/30","凱基-台北",5304,7027,-1723
"465","2888新光金","110/08/30","群益金鼎",2082,41,2041
"466","2888新光金","110/08/30","新光",1799,3317,-1518
"467","2888新光金","110/08/30","永豐金-中正",2140,106,2034
"468","2888新光金","110/08/30","兆豐-西螺",167,1632,-1465
"469","2888新光金","110/08/30","永全-南崁",1904,5,1899
"470","2888新光金","110/08/30","華南永昌-大安",20,1454,-1434
"471","2888新光金","110/08/30","元富-草屯",2009,229,1780
"472","2888新光金","110/08/30","元富-文心",113,1427,-1314
"473","2888新光金","110/08/30","台新-三民",2093,316,1777
"474","2888新光金","110/08/30","富邦-中壢",272,1481,-1209
"475","2888新光金","110/08/30","國泰-台南",2057,285,1772
"476","2888新光金","110/08/30","元富-世貿",225,1314,-1089
"477","2888新光金","110/08/30","新加坡商瑞銀",3676,2205,1471
"478","2888新光金","110/08/30","宏遠-桃園",17,1089,-1072
"479","2888新光金","110/08/30","法銀巴黎",1141,9,1132
"480","2888新光金","110/08/30","元富-板橋",154,1212,-1058
"481","1340勝悅","110/08/30","群益金鼎-三重",10,0,10
"482","1340勝悅","110/08/30","元大-新盛",0,22,-22
"483","1340勝悅","110/08/30","美林",8,0,8
"484","1340勝悅","110/08/30","台灣企銀-民雄",0,8,-8
"485","1340勝悅","110/08/30","臺灣企銀-埔墘",5,0,5
"486","1340勝悅","110/08/30","台中銀",0,7,-7
"487","1340勝悅","110/08/30","國泰-敦南",6,3,3
"488","1340勝悅","110/08/30","日盛-鳳山",0,5,-5
"489","1340勝悅","110/08/30","華南永昌-南京",3,0,3
"490","1340勝悅","110/08/30","摩根大通",0,5,-5
"491","1340勝悅","110/08/30","元大-屏南",3,0,3
"492","1340勝悅","110/08/30","凱基-台北",2,7,-5
"493","1340勝悅","110/08/30","日盛-中和",2,0,2
"494","1340勝悅","110/08/30","日盛-員林",0,3,-3
"495","1340勝悅","110/08/30","大慶-泰山",2,0,2
"496","1340勝悅","110/08/30","元大-林園",0,3,-3
"497","1340勝悅","110/08/30","第一金-華江",3,1,2
"498","1340勝悅","110/08/30","合庫-自強",0,2,-2
"499","1340勝悅","110/08/30","兆豐-三重",2,0,2
"500","1340勝悅","110/08/30","美商高盛",0,2,-2
"501","1340勝悅","110/08/30","國票-台南",2,0,2
"502","1340勝悅","110/08/30","台新-高雄",1,3,-2
"503","1340勝悅","110/08/30","國票-台中",2,0,2
"504","1340勝悅","110/08/30","永豐金-信義",0,2,-2
"505","1340勝悅","110/08/30","玉山-左營",2,0,2
"506","1340勝悅","110/08/30","日盛-樹林",0,1,-1
"507","1340勝悅","110/08/30","元大-歸仁",2,0,2
"508","1340勝悅","110/08/30","台新-台南",0,1,-1
"509","1340勝悅","110/08/30","群益金鼎-館前",1,0,1
"510","1340勝悅","110/08/30","永豐金-中正",0,1,-1
"511","6246臺龍","110/08/30","群益金鼎-古亭",11,1,10
"512","6246臺龍","110/08/30","群益金鼎-東大",0,30,-30
"513","6246臺龍","110/08/30","台新證券",10,1,9
"514","6246臺龍","110/08/30","聯邦-大業",0,10,-10
"515","6246臺龍","110/08/30","富邦-新竹",4,0,4
"516","6246臺龍","110/08/30","台新-高雄",0,6,-6
"517","6246臺龍","110/08/30","元大-館前",4,0,4
"518","6246臺龍","110/08/30","玉山-新莊",0,3,-3
"519","6246臺龍","110/08/30","港商野村",3,0,3
"520","6246臺龍","110/08/30","元大-北港",2,5,-3
"521","6246臺龍","110/08/30","永豐金-桃園",3,0,3
"522","6246臺龍","110/08/30","第一金-彰化",0,2,-2
"523","6246臺龍","110/08/30","福勝",2,0,2
"524","6246臺龍","110/08/30","國泰-板橋",0,2,-2
"525","6246臺龍","110/08/30","玉山證券",2,0,2
"526","6246臺龍","110/08/30","元大-竹山",0,2,-2
"527","6246臺龍","110/08/30","凱基-板橋",2,0,2
"528","6246臺龍","110/08/30","日盛-宜蘭",0,1,-1
"529","6246臺龍","110/08/30","凱基-高美館",2,0,2
"530","6246臺龍","110/08/30","台新-台南",0,1,-1
"531","6246臺龍","110/08/30","元大-新盛",2,0,2
"532","6246臺龍","110/08/30","國泰-台中",0,1,-1
"533","6246臺龍","110/08/30","元大-大天母",2,0,2
"534","6246臺龍","110/08/30","元大-鑫永和",0,1,-1
"535","6246臺龍","110/08/30","元大-內湖",2,0,2
"536","6246臺龍","110/08/30","元大-大同",0,1,-1
"537","6246臺龍","110/08/30","永豐金-鳳山",2,0,2
"538","6246臺龍","110/08/30","元大-古亭",0,1,-1
"539","6246臺龍","110/08/30","合庫-三重",1,0,1
"540","6246臺龍","110/08/30","統一-南京",0,0,0
"541","00715L期街口布蘭特正2","110/08/30","元大證券",14770,43,14727
"542","00715L期街口布蘭特正2","110/08/30","元大-萬華",0,911,-911
"543","00715L期街口布蘭特正2","110/08/30","國票",3922,0,3922
"544","00715L期街口布蘭特正2","110/08/30","兆豐-嘉義",20,754,-734
"545","00715L期街口布蘭特正2","110/08/30","群益金鼎",1953,405,1548
"546","00715L期街口布蘭特正2","110/08/30","富邦-台東",0,613,-613
"547","00715L期街口布蘭特正2","110/08/30","永豐金-內湖",1500,17,1483
"548","00715L期街口布蘭特正2","110/08/30","元大-嘉義",21,608,-587
"549","00715L期街口布蘭特正2","110/08/30","永豐金證券",1565,335,1230
"550","00715L期街口布蘭特正2","110/08/30","港商野村",511,1090,-579
"551","00715L期街口布蘭特正2","110/08/30","國票-博愛",1155,0,1155
"552","00715L期街口布蘭特正2","110/08/30","日盛-新莊",210,775,-565
"553","00715L期街口布蘭特正2","110/08/30","康和",1007,0,1007
"554","00715L期街口布蘭特正2","110/08/30","日盛-員林",0,540,-540
"555","00715L期街口布蘭特正2","110/08/30","統一",952,1,951
"556","00715L期街口布蘭特正2","110/08/30","凱基-屏東",5,543,-538
"557","00715L期街口布蘭特正2","110/08/30","合庫證券",943,5,938
"558","00715L期街口布蘭特正2","110/08/30","富邦-陽明",0,509,-509
"559","00715L期街口布蘭特正2","110/08/30","富邦證券",2782,2251,531
"560","00715L期街口布蘭特正2","110/08/30","玉山-嘉義",4,512,-508
"561","00715L期街口布蘭特正2","110/08/30","兆豐-台中",500,0,500
"562","00715L期街口布蘭特正2","110/08/30","元大-前金",2,506,-504
"563","00715L期街口布蘭特正2","110/08/30","國票-中港",500,0,500
"564","00715L期街口布蘭特正2","110/08/30","兆豐-台中港",0,463,-463
"565","00715L期街口布蘭特正2","110/08/30","凱基-台南",500,1,499
"566","00715L期街口布蘭特正2","110/08/30","國票-九鼎",1,440,-439
"567","00715L期街口布蘭特正2","110/08/30","凱基-市政",500,7,493
"568","00715L期街口布蘭特正2","110/08/30","永豐金-板盛",0,421,-421
"569","00715L期街口布蘭特正2","110/08/30","元富-大裕",500,22,478
"570","00715L期街口布蘭特正2","110/08/30","富邦-基隆",0,420,-420
"571","8941關中","110/08/30","國泰-忠孝",1,0,1
"572","8941關中","110/08/30","凱基-市府",0,1,-1
"573","8941關中","110/08/30","第一金-台南",0,0,0
"574","8941關中","110/08/30","第一金-台南",0,0,0
"575","8941關中","110/08/30","康和-板橋",0,0,0
"576","8941關中","110/08/30","康和-板橋",0,0,0
"577","8941關中","110/08/30","新光-高雄",0,0,0
"578","8941關中","110/08/30","新光-高雄",0,0,0
"579","8941關中","110/08/30","華南永昌-淡水",0,0,0
"580","8941關中","110/08/30","華南永昌-淡水",0,0,0
"581","8941關中","110/08/30","富邦-台北",0,0,0
"582","8941關中","110/08/30","富邦-台北",0,0,0
"583","8941關中","110/08/30","元大-新竹經國",0,0,0
"584","8941關中","110/08/30","元大-新竹經國",0,0,0
"585","8941關中","110/08/30","永豐金-萬盛",0,0,0
"586","8941關中","110/08/30","永豐金-萬盛",0,0,0
"587","8941關中","110/08/30","",NA,NA,NA
"588","8941關中","110/08/30","",NA,NA,NA
"589","8941關中","110/08/30","",NA,NA,NA
"590","8941關中","110/08/30","",NA,NA,NA
"591","8941關中","110/08/30","",NA,NA,NA
"592","8941關中","110/08/30","",NA,NA,NA
"593","8941關中","110/08/30","",NA,NA,NA
"594","8941關中","110/08/30","",NA,NA,NA
"595","8941關中","110/08/30","",NA,NA,NA
"596","8941關中","110/08/30","",NA,NA,NA
"597","8941關中","110/08/30","",NA,NA,NA
"598","8941關中","110/08/30","",NA,NA,NA
"599","8941關中","110/08/30","",NA,NA,NA
"600","8941關中","110/08/30","",NA,NA,NA
"601","8936國統","110/08/30","統一-金門",100,30,70
"602","8936國統","110/08/30","摩根大通",38,197,-159
"603","8936國統","110/08/30","中國信託-高雄",56,0,56
"604","8936國統","110/08/30","新加坡商瑞銀",5,152,-147
"605","8936國統","110/08/30","國票-天祥",50,0,50
"606","8936國統","110/08/30","凱基-台北",48,181,-133
"607","8936國統","110/08/30","國票-敦北法人",50,0,50
"608","8936國統","110/08/30","美商高盛",10,130,-120
"609","8936國統","110/08/30","宏遠-光隆",47,0,47
"610","8936國統","110/08/30","港商野村",4,97,-93
"611","8936國統","110/08/30","元富-林園",40,0,40
"612","8936國統","110/08/30","玉山-高雄",2,45,-43
"613","8936國統","110/08/30","國泰-敦南",50,22,28
"614","8936國統","110/08/30","華南永昌-楠梓",7,50,-43
"615","8936國統","110/08/30","元大-松江",22,1,21
"616","8936國統","110/08/30","新光",18,59,-41
"617","8936國統","110/08/30","群益金鼎",20,0,20
"618","8936國統","110/08/30","康和-嘉義",51,71,-20
"619","8936國統","110/08/30","凱基-站前",20,0,20
"620","8936國統","110/08/30","凱基-市政",0,20,-20
"621","8936國統","110/08/30","永豐金-彰化",23,3,20
"622","8936國統","110/08/30","永豐金-台中",0,20,-20
"623","8936國統","110/08/30","日盛-台中",20,1,19
"624","8936國統","110/08/30","台新-左楠",0,14,-14
"625","8936國統","110/08/30","台灣摩根士丹利",19,0,19
"626","8936國統","110/08/30","永豐金-苓雅",11,25,-14
"627","8936國統","110/08/30","中國信託-文心",20,1,19
"628","8936國統","110/08/30","永全-八德",0,10,-10
"629","8936國統","110/08/30","元大-東港",16,0,16
"630","8936國統","110/08/30","兆豐-三民",1,11,-10
"631","6226光鼎","110/08/30","凱基-站前",105,0,105
"632","6226光鼎","110/08/30","元富-世貿",0,111,-111
"633","6226光鼎","110/08/30","台灣摩根士丹利",105,8,97
"634","6226光鼎","110/08/30","凱基-竹科",10,86,-76
"635","6226光鼎","110/08/30","國泰-敦南",210,125,85
"636","6226光鼎","110/08/30","美林",102,165,-63
"637","6226光鼎","110/08/30","摩根大通",104,29,75
"638","6226光鼎","110/08/30","華南永昌-南京",6,69,-63
"639","6226光鼎","110/08/30","永全-南崁",40,0,40
"640","6226光鼎","110/08/30","玉山-高雄",6,63,-57
"641","6226光鼎","110/08/30","群益金鼎-忠孝",40,0,40
"642","6226光鼎","110/08/30","元大-大雅",5,58,-53
"643","6226光鼎","110/08/30","元大-東泰",38,0,38
"644","6226光鼎","110/08/30","兆豐-松德",3,53,-50
"645","6226光鼎","110/08/30","日盛-八德",32,0,32
"646","6226光鼎","110/08/30","凱基-內埔",15,50,-35
"647","6226光鼎","110/08/30","台新-台中",41,11,30
"648","6226光鼎","110/08/30","統一-基隆",0,30,-30
"649","6226光鼎","110/08/30","凱基-三多",23,0,23
"650","6226光鼎","110/08/30","中國信託",3,31,-28
"651","6226光鼎","110/08/30","第一金-中壢",20,0,20
"652","6226光鼎","110/08/30","凱基-台北",89,117,-28
"653","6226光鼎","110/08/30","國票-長城",20,0,20
"654","6226光鼎","110/08/30","合庫-西台中",2,26,-24
"655","6226光鼎","110/08/30","玉山-大里",23,3,20
"656","6226光鼎","110/08/30","福勝",10,32,-22
"657","6226光鼎","110/08/30","富邦-竹北",21,2,19
"658","6226光鼎","110/08/30","玉山-新莊",5,27,-22
"659","6226光鼎","110/08/30","永豐金-鳳山",20,1,19
"660","6226光鼎","110/08/30","元大-南崁",0,21,-21
"661","2363矽統","110/08/30","元大-萬華",825,16,809
"662","2363矽統","110/08/30","合庫-基隆",5,1735,-1730
"663","2363矽統","110/08/30","港商野村",1455,869,586
"664","2363矽統","110/08/30","康和-台中",23,619,-596
"665","2363矽統","110/08/30","元大-承德",405,1,404
"666","2363矽統","110/08/30","台新-台南",39,428,-389
"667","2363矽統","110/08/30","國票-南港",405,6,399
"668","2363矽統","110/08/30","元大-士林",9,363,-354
"669","2363矽統","110/08/30","凱基-站前",367,74,293
"670","2363矽統","110/08/30","摩根大通",121,453,-332
"671","2363矽統","110/08/30","凱基-台北",1335,1052,283
"672","2363矽統","110/08/30","台中銀-豐原",5,255,-250
"673","2363矽統","110/08/30","永全",305,41,264
"674","2363矽統","110/08/30","大展",32,271,-239
"675","2363矽統","110/08/30","第一金-豐原",231,4,227
"676","2363矽統","110/08/30","台新-台中",102,325,-223
"677","2363矽統","110/08/30","華南永昌-林口",225,15,210
"678","2363矽統","110/08/30","國票-和平",0,158,-158
"679","2363矽統","110/08/30","日盛-樹林",208,49,159
"680","2363矽統","110/08/30","永豐金-南京",34,165,-131
"681","2363矽統","110/08/30","台新-新莊",157,7,150
"682","2363矽統","110/08/30","大昌-樹林",14,136,-122
"683","2363矽統","110/08/30","新光",236,92,144
"684","2363矽統","110/08/30","元大-桃興",13,132,-119
"685","2363矽統","110/08/30","光和",127,7,120
"686","2363矽統","110/08/30","富邦-新竹",43,157,-114
"687","2363矽統","110/08/30","臺銀",132,15,117
"688","2363矽統","110/08/30","元大-大統",27,140,-113
"689","2363矽統","110/08/30","兆豐-彰化",112,0,112
"690","2363矽統","110/08/30","日盛-南京",9,113,-104
"691","8112至上","110/08/30","凱基-竹東",100,0,100
"692","8112至上","110/08/30","第一金-桃園",5,366,-361
"693","8112至上","110/08/30","華南永昌-南京",60,1,59
"694","8112至上","110/08/30","摩根大通",5,228,-223
"695","8112至上","110/08/30","凱基-長庚",53,0,53
"696","8112至上","110/08/30","統一-中壢",9,80,-71
"697","8112至上","110/08/30","永豐金-板盛",50,0,50
"698","8112至上","110/08/30","美林",16,78,-62
"699","8112至上","110/08/30","富邦-仁愛",46,0,46
"700","8112至上","110/08/30","兆豐-西螺",0,60,-60
"701","8112至上","110/08/30","凱基-竹科",43,1,42
"702","8112至上","110/08/30","美商高盛",5,60,-55
"703","8112至上","110/08/30","兆豐-高雄",40,0,40
"704","8112至上","110/08/30","元大-大灣",1,50,-49
"705","8112至上","110/08/30","元大-竹東",37,0,37
"706","8112至上","110/08/30","國票-南京",0,40,-40
"707","8112至上","110/08/30","富邦-竹東",28,0,28
"708","8112至上","110/08/30","元大-永和",0,40,-40
"709","8112至上","110/08/30","統一-高雄",30,4,26
"710","8112至上","110/08/30","群益金鼎-大甲",0,31,-31
"711","8112至上","110/08/30","兆豐-天母",25,0,25
"712","8112至上","110/08/30","台灣摩根士丹利",22,51,-29
"713","8112至上","110/08/30","元大-高雄",20,0,20
"714","8112至上","110/08/30","日盛-忠孝",2,28,-26
"715","8112至上","110/08/30","元富-同大",22,3,19
"716","8112至上","110/08/30","康和",1,26,-25
"717","8112至上","110/08/30","凱基-士林",19,0,19
"718","8112至上","110/08/30","群益金鼎-基隆",0,25,-25
"719","8112至上","110/08/30","國泰-館前",19,2,17
"720","8112至上","110/08/30","台中銀-員林",0,23,-23
"721","1570力肯","110/08/30","摩根大通",69,18,51
"722","1570力肯","110/08/30","群益金鼎-高雄",0,57,-57
"723","1570力肯","110/08/30","元大-板橋",31,1,30
"724","1570力肯","110/08/30","永豐金-永康",0,33,-33
"725","1570力肯","110/08/30","元大-新營",27,0,27
"726","1570力肯","110/08/30","國票-南科",0,26,-26
"727","1570力肯","110/08/30","元大-永和",22,0,22
"728","1570力肯","110/08/30","國票-北高雄",1,21,-20
"729","1570力肯","110/08/30","元富-世貿",21,0,21
"730","1570力肯","110/08/30","富邦-仁愛",1,20,-19
"731","1570力肯","110/08/30","第一金-嘉義",20,0,20
"732","1570力肯","110/08/30","元大-花蓮",0,19,-19
"733","1570力肯","110/08/30","福勝",20,1,19
"734","1570力肯","110/08/30","元富-延平",0,15,-15
"735","1570力肯","110/08/30","(牛牛牛)亞-鑫豐",20,2,18
"736","1570力肯","110/08/30","富邦-高雄",0,15,-15
"737","1570力肯","110/08/30","台新證券",22,6,16
"738","1570力肯","110/08/30","元富-新興",0,11,-11
"739","1570力肯","110/08/30","群益金鼎-台中",16,0,16
"740","1570力肯","110/08/30","亞東-板橋",0,10,-10
"741","1570力肯","110/08/30","日盛-雙和",15,0,15
"742","1570力肯","110/08/30","永豐金-中壢",0,10,-10
"743","1570力肯","110/08/30","合庫-台中",11,0,11
"744","1570力肯","110/08/30","元富-緯城",10,19,-9
"745","1570力肯","110/08/30","聯邦商銀",10,0,10
"746","1570力肯","110/08/30","元富-民權",5,13,-8
"747","1570力肯","110/08/30","華南永昌-彰化",10,0,10
"748","1570力肯","110/08/30","凱基-嘉義",2,10,-8
"749","1570力肯","110/08/30","元大-鳳中",12,2,10
"750","1570力肯","110/08/30","元大-南投",0,8,-8
"751","2929淘帝","110/08/30","摩根大通",22,0,22
"752","2929淘帝","110/08/30","凱基-高雄",0,150,-150
"753","2929淘帝","110/08/30","元富-大裕",12,0,12
"754","2929淘帝","110/08/30","凱基-長庚",0,15,-15
"755","2929淘帝","110/08/30","華南永昌-台中",11,0,11
"756","2929淘帝","110/08/30","富邦-南屯",0,13,-13
"757","2929淘帝","110/08/30","兆豐-忠孝",10,0,10
"758","2929淘帝","110/08/30","元大-蘆洲",0,12,-12
"759","2929淘帝","110/08/30","永豐金-博愛",9,0,9
"760","2929淘帝","110/08/30","元富-三重",0,8,-8
"761","2929淘帝","110/08/30","國泰-敦南",8,0,8
"762","2929淘帝","110/08/30","新加坡商瑞銀",3,10,-7
"763","2929淘帝","110/08/30","凱基-東門",8,0,8
"764","2929淘帝","110/08/30","元大-博愛",0,6,-6
"765","2929淘帝","110/08/30","日盛-雙和",7,0,7
"766","2929淘帝","110/08/30","國票-南京",0,5,-5
"767","2929淘帝","110/08/30","新光-台中",7,0,7
"768","2929淘帝","110/08/30","國泰-台南",0,5,-5
"769","2929淘帝","110/08/30","元大-太平",7,0,7
"770","2929淘帝","110/08/30","台新-中壢",0,4,-4
"771","2929淘帝","110/08/30","元大-土城永寧",7,0,7
"772","2929淘帝","110/08/30","群益金鼎-大安",0,4,-4
"773","2929淘帝","110/08/30","元大-新竹經國",6,0,6
"774","2929淘帝","110/08/30","日盛-信義",1,3,-2
"775","2929淘帝","110/08/30","元富-新竹",5,0,5
"776","2929淘帝","110/08/30","新光-新竹",0,2,-2
"777","2929淘帝","110/08/30","台中銀-豐原",5,0,5
"778","2929淘帝","110/08/30","元大-南屯",0,2,-2
"779","2929淘帝","110/08/30","台新-建北",5,0,5
"780","2929淘帝","110/08/30","元大-東蘆",0,2,-2
"781","5410國眾","110/08/30","華南永昌-高雄",10,0,10
"782","5410國眾","110/08/30","群益金鼎-新竹",0,8,-8
"783","5410國眾","110/08/30","群益金鼎-東湖",5,0,5
"784","5410國眾","110/08/30","日盛-新莊",0,6,-6
"785","5410國眾","110/08/30","凱基-科園",5,0,5
"786","5410國眾","110/08/30","凱基-長庚",0,5,-5
"787","5410國眾","110/08/30","元大-中壢",5,0,5
"788","5410國眾","110/08/30","元富-嘉義",0,4,-4
"789","5410國眾","110/08/30","兆豐-嘉義",4,0,4
"790","5410國眾","110/08/30","台灣企銀",0,3,-3
"791","5410國眾","110/08/30","元大-彰化",3,0,3
"792","5410國眾","110/08/30","寶盛",0,3,-3
"793","5410國眾","110/08/30","玉山-新竹",2,0,2
"794","5410國眾","110/08/30","元富-台中",1,4,-3
"795","5410國眾","110/08/30","國泰-台中",2,0,2
"796","5410國眾","110/08/30","兆豐-竹北",0,3,-3
"797","5410國眾","110/08/30","國泰-敦南",2,0,2
"798","5410國眾","110/08/30","元大-屏東民生",0,3,-3
"799","5410國眾","110/08/30","香港上海匯豐",2,0,2
"800","5410國眾","110/08/30","永豐金-中正",0,3,-3
"801","5410國眾","110/08/30","永豐金-萬盛",2,0,2
"802","5410國眾","110/08/30","統一-基隆",0,2,-2
"803","5410國眾","110/08/30","日盛-員林",1,0,1
"804","5410國眾","110/08/30","群益金鼎-新店",0,2,-2
"805","5410國眾","110/08/30","第一金-高雄",1,0,1
"806","5410國眾","110/08/30","凱基-台南",0,2,-2
"807","5410國眾","110/08/30","元富",1,0,1
"808","5410國眾","110/08/30","元大-龍潭",0,2,-2
"809","5410國眾","110/08/30","國票-北高雄",1,0,1
"810","5410國眾","110/08/30","第一金-台南",0,1,-1
"811","2841台開","110/08/30","宏遠-館前",215,0,215
"812","2841台開","110/08/30","萬泰",0,50,-50
"813","2841台開","110/08/30","日盛證券",26,0,26
"814","2841台開","110/08/30","台中銀",0,40,-40
"815","2841台開","110/08/30","元大-台中",16,0,16
"816","2841台開","110/08/30","永豐金-敦南",33,71,-38
"817","2841台開","110/08/30","第一金-華江",12,0,12
"818","2841台開","110/08/30","富邦-花蓮",0,21,-21
"819","2841台開","110/08/30","日盛-台中",20,10,10
"820","2841台開","110/08/30","元大-嘉義",0,20,-20
"821","2841台開","110/08/30","新光-桃園",10,0,10
"822","2841台開","110/08/30","台灣摩根士丹利",0,19,-19
"823","2841台開","110/08/30","凱基-內湖",10,0,10
"824","2841台開","110/08/30","新加坡商瑞銀",0,19,-19
"825","2841台開","110/08/30","元大-沙鹿",5,0,5
"826","2841台開","110/08/30","台新證券",1,20,-19
"827","2841台開","110/08/30","元大-南屯",5,0,5
"828","2841台開","110/08/30","元大-花蓮",0,17,-17
"829","2841台開","110/08/30","台新-台中",4,0,4
"830","2841台開","110/08/30","國票-中和",0,12,-12
"831","2841台開","110/08/30","元大-三重",4,0,4
"832","2841台開","110/08/30","凱基-竹北",0,10,-10
"833","2841台開","110/08/30","兆豐-高雄",3,0,3
"834","2841台開","110/08/30","永豐金-新莊",0,10,-10
"835","2841台開","110/08/30","日盛-大墩",1,0,1
"836","2841台開","110/08/30","兆豐-台中",0,5,-5
"837","2841台開","110/08/30","元富-成功",1,0,1
"838","2841台開","110/08/30","新光",0,5,-5
"839","2841台開","110/08/30","國泰-館前",1,0,1
"840","2841台開","110/08/30","永豐金-忠孝",0,5,-5
"841","6207雷科","110/08/30","群益金鼎-高雄",45,0,45
"842","6207雷科","110/08/30","元大-新莊",0,43,-43
"843","6207雷科","110/08/30","凱基-台北",28,3,25
"844","6207雷科","110/08/30","新加坡商瑞銀",1,38,-37
"845","6207雷科","110/08/30","兆豐-嘉義",21,0,21
"846","6207雷科","110/08/30","臺銀",0,18,-18
"847","6207雷科","110/08/30","港商野村",30,13,17
"848","6207雷科","110/08/30","群益金鼎-土城",0,13,-13
"849","6207雷科","110/08/30","國票-台中",27,15,12
"850","6207雷科","110/08/30","群益金鼎-延平",0,13,-13
"851","6207雷科","110/08/30","凱基-彰化",10,0,10
"852","6207雷科","110/08/30","永豐金-中壢",0,13,-13
"853","6207雷科","110/08/30","華南永昌-長虹",10,0,10
"854","6207雷科","110/08/30","元富-延平",0,10,-10
"855","6207雷科","110/08/30","元大-大灣",10,0,10
"856","6207雷科","110/08/30","國泰-桃園",0,10,-10
"857","6207雷科","110/08/30","摩根大通",30,21,9
"858","6207雷科","110/08/30","中國信託-高雄",0,8,-8
"859","6207雷科","110/08/30","日盛-台中",8,0,8
"860","6207雷科","110/08/30","陽信-石牌",0,8,-8
"861","6207雷科","110/08/30","群益金鼎-鳳山",7,0,7
"862","6207雷科","110/08/30","群益金鼎-中壢",2,10,-8
"863","6207雷科","110/08/30","元大-文心興安",7,0,7
"864","6207雷科","110/08/30","元富-安南",0,6,-6
"865","6207雷科","110/08/30","台新-屏東",6,0,6
"866","6207雷科","110/08/30","群益金鼎-士林",0,6,-6
"867","6207雷科","110/08/30","聯邦-大業",6,0,6
"868","6207雷科","110/08/30","華南永昌",0,6,-6
"869","6207雷科","110/08/30","國泰-高雄",6,0,6
"870","6207雷科","110/08/30","第一金-高雄",0,5,-5
"871","3679新至陞","110/08/30","永豐金-南投",12,0,12
"872","3679新至陞","110/08/30","美林",0,9,-9
"873","3679新至陞","110/08/30","凱基-中山",3,0,3
"874","3679新至陞","110/08/30","中國信託-三重",0,4,-4
"875","3679新至陞","110/08/30","元富-埔里",2,0,2
"876","3679新至陞","110/08/30","摩根大通",0,3,-3
"877","3679新至陞","110/08/30","凱基",1,0,1
"878","3679新至陞","110/08/30","台灣摩根士丹利",0,2,-2
"879","3679新至陞","110/08/30","元大-四維",1,0,1
"880","3679新至陞","110/08/30","凱基-台北",0,2,-2
"881","3679新至陞","110/08/30","富邦-竹北",1,0,1
"882","3679新至陞","110/08/30","華南永昌",0,2,-2
"883","3679新至陞","110/08/30","華南永昌-大安",1,0,1
"884","3679新至陞","110/08/30","元大證券",0,2,-2
"885","3679新至陞","110/08/30","華南永昌-台中",1,0,1
"886","3679新至陞","110/08/30","永豐金-高雄",0,2,-2
"887","3679新至陞","110/08/30","日盛-新莊",1,0,1
"888","3679新至陞","110/08/30","大慶-富順",0,1,-1
"889","3679新至陞","110/08/30","玉山-新竹",1,0,1
"890","3679新至陞","110/08/30","國票-九鼎",0,1,-1
"891","3679新至陞","110/08/30","台新證券",1,0,1
"892","3679新至陞","110/08/30","富邦-虎尾",0,1,-1
"893","3679新至陞","110/08/30","大昌-新店",1,0,1
"894","3679新至陞","110/08/30","元大-屏東民生",0,1,-1
"895","3679新至陞","110/08/30","光和-溪湖",1,0,1
"896","3679新至陞","110/08/30","國泰-敦南",0,0,0
"897","3679新至陞","110/08/30","元富-板橋",1,0,1
"898","3679新至陞","110/08/30","元大-太平",0,0,0
"899","3679新至陞","110/08/30","元富-潮州",1,0,1
"900","3679新至陞","110/08/30","元大-忠孝",0,0,0
"901","2727王品","110/08/30","台灣摩根士丹利",74,15,59
"902","2727王品","110/08/30","港商法國興業",0,27,-27
"903","2727王品","110/08/30","元大-彰化民生",35,0,35
"904","2727王品","110/08/30","港商野村",6,24,-18
"905","2727王品","110/08/30","群益金鼎-大興",13,0,13
"906","2727王品","110/08/30","元大-中壢",0,16,-16
"907","2727王品","110/08/30","凱基-台北",36,23,13
"908","2727王品","110/08/30","元大-苗栗",0,11,-11
"909","2727王品","110/08/30","國泰證券",10,1,9
"910","2727王品","110/08/30","元大-小港",1,12,-11
"911","2727王品","110/08/30","元大-仁愛",9,0,9
"912","2727王品","110/08/30","新光-新竹",0,9,-9
"913","2727王品","110/08/30","第一金-台南",6,0,6
"914","2727王品","110/08/30","美林",23,31,-8
"915","2727王品","110/08/30","凱基-五股",6,0,6
"916","2727王品","110/08/30","(牛牛牛)亞-鑫豐",4,11,-7
"917","2727王品","110/08/30","元大-金華",6,0,6
"918","2727王品","110/08/30","新光",6,13,-7
"919","2727王品","110/08/30","元大-桃興",7,1,6
"920","2727王品","110/08/30","元大-南投",1,8,-7
"921","2727王品","110/08/30","統一",5,0,5
"922","2727王品","110/08/30","日盛-木柵",0,6,-6
"923","2727王品","110/08/30","中國信託-嘉義",5,0,5
"924","2727王品","110/08/30","元富-草屯",0,6,-6
"925","2727王品","110/08/30","國票-和平",5,0,5
"926","2727王品","110/08/30","日盛-士林",0,5,-5
"927","2727王品","110/08/30","富邦-南屯",7,2,5
"928","2727王品","110/08/30","統一-屏東",0,5,-5
"929","2727王品","110/08/30","永豐金-松山",5,0,5
"930","2727王品","110/08/30","永興-台中",0,4,-4
"931","1570力肯","110/08/30","摩根大通",69,18,51
"932","1570力肯","110/08/30","群益金鼎-高雄",0,57,-57
"933","1570力肯","110/08/30","元大-板橋",31,1,30
"934","1570力肯","110/08/30","永豐金-永康",0,33,-33
"935","1570力肯","110/08/30","元大-新營",27,0,27
"936","1570力肯","110/08/30","國票-南科",0,26,-26
"937","1570力肯","110/08/30","元大-永和",22,0,22
"938","1570力肯","110/08/30","國票-北高雄",1,21,-20
"939","1570力肯","110/08/30","元富-世貿",21,0,21
"940","1570力肯","110/08/30","富邦-仁愛",1,20,-19
"941","1570力肯","110/08/30","第一金-嘉義",20,0,20
"942","1570力肯","110/08/30","元大-花蓮",0,19,-19
"943","1570力肯","110/08/30","福勝",20,1,19
"944","1570力肯","110/08/30","元富-延平",0,15,-15
"945","1570力肯","110/08/30","(牛牛牛)亞-鑫豐",20,2,18
"946","1570力肯","110/08/30","富邦-高雄",0,15,-15
"947","1570力肯","110/08/30","台新證券",22,6,16
"948","1570力肯","110/08/30","元富-新興",0,11,-11
"949","1570力肯","110/08/30","群益金鼎-台中",16,0,16
"950","1570力肯","110/08/30","亞東-板橋",0,10,-10
"951","1570力肯","110/08/30","日盛-雙和",15,0,15
"952","1570力肯","110/08/30","永豐金-中壢",0,10,-10
"953","1570力肯","110/08/30","合庫-台中",11,0,11
"954","1570力肯","110/08/30","元富-緯城",10,19,-9
"955","1570力肯","110/08/30","聯邦商銀",10,0,10
"956","1570力肯","110/08/30","元富-民權",5,13,-8
"957","1570力肯","110/08/30","華南永昌-彰化",10,0,10
"958","1570力肯","110/08/30","凱基-嘉義",2,10,-8
"959","1570力肯","110/08/30","元大-鳳中",12,2,10
"960","1570力肯","110/08/30","元大-南投",0,8,-8
"961","6180橘子","110/08/30","台灣摩根士丹利",43,0,43
"962","6180橘子","110/08/30","兆豐證券",0,82,-82
"963","6180橘子","110/08/30","日盛-八德",15,0,15
"964","6180橘子","110/08/30","元大-新竹",0,30,-30
"965","6180橘子","110/08/30","華南永昌-台中",13,0,13
"966","6180橘子","110/08/30","美商高盛",0,25,-25
"967","6180橘子","110/08/30","元大-北成功",59,46,13
"968","6180橘子","110/08/30","新光-高雄",0,19,-19
"969","6180橘子","110/08/30","美林",11,0,11
"970","6180橘子","110/08/30","新加坡商瑞銀",0,18,-18
"971","6180橘子","110/08/30","合庫-彰化",10,0,10
"972","6180橘子","110/08/30","港商野村",0,13,-13
"973","6180橘子","110/08/30","宏遠-桃園",9,0,9
"974","6180橘子","110/08/30","元大-上新莊",0,13,-13
"975","6180橘子","110/08/30","康和-嘉義",8,0,8
"976","6180橘子","110/08/30","國泰-新莊",0,12,-12
"977","6180橘子","110/08/30","群益金鼎-古亭",7,0,7
"978","6180橘子","110/08/30","玉山-板橋",0,11,-11
"979","6180橘子","110/08/30","國票-新莊",6,0,6
"980","6180橘子","110/08/30","凱基-高雄",2,11,-9
"981","6180橘子","110/08/30","玉山-新莊",6,0,6
"982","6180橘子","110/08/30","元大-草屯",0,6,-6
"983","6180橘子","110/08/30","凱基-台北",42,36,6
"984","6180橘子","110/08/30","元大-彰化民生",0,6,-6
"985","6180橘子","110/08/30","華南永昌-東昇",6,0,6
"986","6180橘子","110/08/30","新光",3,8,-5
"987","6180橘子","110/08/30","群益金鼎-敦南",5,0,5
"988","6180橘子","110/08/30","富邦-苗栗",0,5,-5
"989","6180橘子","110/08/30","元大證券",5,0,5
"990","6180橘子","110/08/30","元大-中壢",0,4,-4
"991","2390云辰","110/08/30","港商野村",174,128,46
"992","2390云辰","110/08/30","第一金-華江",0,210,-210
"993","2390云辰","110/08/30","第一金-中山",33,0,33
"994","2390云辰","110/08/30","玉山-嘉義",42,113,-71
"995","2390云辰","110/08/30","凱基-台北",90,64,26
"996","2390云辰","110/08/30","美林",4,65,-61
"997","2390云辰","110/08/30","元富-中壢",25,1,24
"998","2390云辰","110/08/30","新光-桃園",2,42,-40
"999","2390云辰","110/08/30","中國信託-文心",25,3,22
"1000","2390云辰","110/08/30","元大-龍潭",0,40,-40
"1001","2390云辰","110/08/30","臺銀-高雄",20,0,20
"1002","2390云辰","110/08/30","元大-永春",0,35,-35
"1003","2390云辰","110/08/30","日盛-頭份",20,0,20
"1004","2390云辰","110/08/30","兆豐-高雄",0,33,-33
"1005","2390云辰","110/08/30","元富-虎尾",24,4,20
"1006","2390云辰","110/08/30","元大-台南",0,25,-25
"1007","2390云辰","110/08/30","元大-開元",20,0,20
"1008","2390云辰","110/08/30","台灣摩根士丹利",0,21,-21
"1009","2390云辰","110/08/30","元富-板橋",20,1,19
"1010","2390云辰","110/08/30","元大-林園",0,20,-20
"1011","2390云辰","110/08/30","元富-大裕",23,4,19
"1012","2390云辰","110/08/30","元大-斗信",0,18,-18
"1013","2390云辰","110/08/30","國票-博愛",21,2,19
"1014","2390云辰","110/08/30","玉山-新竹",3,20,-17
"1015","2390云辰","110/08/30","兆豐-台中港",17,0,17
"1016","2390云辰","110/08/30","統一-敦南",0,15,-15
"1017","2390云辰","110/08/30","新光",28,11,17
"1018","2390云辰","110/08/30","兆豐-三民",0,15,-15
"1019","2390云辰","110/08/30","元大-台中",17,0,17
"1020","2390云辰","110/08/30","兆豐-景美",1,14,-13
"1021","1315達新","110/08/26","豐農",32,0,32
"1022","1315達新","110/08/26","永豐金證券",1,17,-16
"1023","1315達新","110/08/26","統一-台中",5,0,5
"1024","1315達新","110/08/26","凱基-台北",0,9,-9
"1025","1315達新","110/08/26","凱基-中港",5,0,5
"1026","1315達新","110/08/26","永豐金-市政",0,8,-8
"1027","1315達新","110/08/26","台灣摩根士丹利",5,1,4
"1028","1315達新","110/08/26","富邦-台中",0,5,-5
"1029","1315達新","110/08/26","美商高盛",4,0,4
"1030","1315達新","110/08/26","元大-花蓮",0,5,-5
"1031","1315達新","110/08/26","聯邦-三重",2,0,2
"1032","1315達新","110/08/26","日盛-新竹",0,2,-2
"1033","1315達新","110/08/26","富邦-內湖",2,0,2
"1034","1315達新","110/08/26","美林",0,2,-2
"1035","1315達新","110/08/26","永興",1,0,1
"1036","1315達新","110/08/26","兆豐-南京",0,2,-2
"1037","1315達新","110/08/26","致和-佳里",1,0,1
"1038","1315達新","110/08/26","國泰-台中",1,3,-2
"1039","1315達新","110/08/26","凱基-三重",1,0,1
"1040","1315達新","110/08/26","華南永昌-楠梓",0,2,-2
"1041","1315達新","110/08/26","凱基-高美館",1,0,1
"1042","1315達新","110/08/26","瑞士信貸",0,1,-1
"1043","1315達新","110/08/26","凱基-內埔",1,0,1
"1044","1315達新","110/08/26","花旗環球",0,1,-1
"1045","1315達新","110/08/26","元大證券",1,0,1
"1046","1315達新","110/08/26","亞東-台南",0,1,-1
"1047","1315達新","110/08/26","元大-沙鹿",1,0,1
"1048","1315達新","110/08/26","第一金",0,1,-1
"1049","1315達新","110/08/26","元大-台北",1,0,1
"1050","1315達新","110/08/26","元富-花蓮",0,1,-1
"1051","2609陽明","110/08/26","永豐金-信義",3562,119,3443
"1052","2609陽明","110/08/26","凱基-台北",2973,9333,-6360
"1053","2609陽明","110/08/26","康和",4424,1135,3289
"1054","2609陽明","110/08/26","台灣摩根士丹利",92,1881,-1789
"1055","2609陽明","110/08/26","摩根大通",6387,3687,2700
"1056","2609陽明","110/08/26","美林",515,1703,-1188
"1057","2609陽明","110/08/26","兆豐-三民",2069,35,2034
"1058","2609陽明","110/08/26","兆豐-中壢",10,856,-846
"1059","2609陽明","110/08/26","花旗環球",1142,0,1142
"1060","2609陽明","110/08/26","富邦-台東",35,624,-589
"1061","2609陽明","110/08/26","統一-敦南",2070,936,1134
"1062","2609陽明","110/08/26","瑞士信貸",390,948,-558
"1063","2609陽明","110/08/26","兆豐-南京",1088,76,1012
"1064","2609陽明","110/08/26","日盛-板橋",169,679,-510
"1065","2609陽明","110/08/26","富邦-建國",1011,325,686
"1066","2609陽明","110/08/26","宏遠證券",1001,1420,-419
"1067","2609陽明","110/08/26","兆豐-虎尾",4061,3405,656
"1068","2609陽明","110/08/26","元大證券",1362,1772,-410
"1069","2609陽明","110/08/26","凱基-市政",1854,1349,505
"1070","2609陽明","110/08/26","富邦-南屯",218,600,-382
"1071","2609陽明","110/08/26","國票-彰化",1013,618,395
"1072","2609陽明","110/08/26","新加坡商瑞銀",1501,1879,-378
"1073","2609陽明","110/08/26","元大-樹林",436,112,324
"1074","2609陽明","110/08/26","兆豐-彰化",382,743,-361
"1075","2609陽明","110/08/26","群益金鼎",517,212,305
"1076","2609陽明","110/08/26","富邦-虎尾",3490,3837,-347
"1077","2609陽明","110/08/26","元富-文心",572,288,284
"1078","2609陽明","110/08/26","寶盛",15,315,-300
"1079","2609陽明","110/08/26","兆豐-埔墘",354,143,211
"1080","2609陽明","110/08/26","華南永昌-竹北",709,1009,-300
"1081","2636台驊投控","110/08/26","富邦-台北",72,6,66
"1082","2636台驊投控","110/08/26","凱基-台北",566,1251,-685
"1083","2636台驊投控","110/08/26","元大-松江",77,15,62
"1084","2636台驊投控","110/08/26","瑞士信貸",31,462,-431
"1085","2636台驊投控","110/08/26","永豐金-嘉義",114,54,60
"1086","2636台驊投控","110/08/26","美商高盛",35,394,-359
"1087","2636台驊投控","110/08/26","華南永昌-南京",78,22,56
"1088","2636台驊投控","110/08/26","台灣摩根士丹利",7,344,-337
"1089","2636台驊投控","110/08/26","國泰-敦南",176,125,51
"1090","2636台驊投控","110/08/26","國票-彰化",466,763,-297
"1091","2636台驊投控","110/08/26","宏遠-館前",50,0,50
"1092","2636台驊投控","110/08/26","美林",290,532,-242
"1093","2636台驊投控","110/08/26","群益金鼎-海山",62,18,44
"1094","2636台驊投控","110/08/26","兆豐-中壢",30,234,-204
"1095","2636台驊投控","110/08/26","第一金-中壢",50,7,43
"1096","2636台驊投控","110/08/26","港商野村",679,881,-202
"1097","2636台驊投控","110/08/26","兆豐-南京",54,11,43
"1098","2636台驊投控","110/08/26","元富-西松",54,219,-165
"1099","2636台驊投控","110/08/26","富邦-嘉義",53,11,42
"1100","2636台驊投控","110/08/26","元大-淡水",8,54,-46
"1101","2636台驊投控","110/08/26","新光",183,143,40
"1102","2636台驊投控","110/08/26","元大-士林",41,82,-41
"1103","2636台驊投控","110/08/26","元大-林森",42,3,39
"1104","2636台驊投控","110/08/26","新加坡商瑞銀",127,164,-37
"1105","2636台驊投控","110/08/26","日盛-忠孝",45,9,36
"1106","2636台驊投控","110/08/26","摩根大通",363,399,-36
"1107","2636台驊投控","110/08/26","華南永昌-合泰",56,20,36
"1108","2636台驊投控","110/08/26","日盛-永康",14,43,-29
"1109","2636台驊投控","110/08/26","日盛-木柵",46,11,35
"1110","2636台驊投控","110/08/26","台中銀-台北",5,33,-28
"1111","2867三商壽","110/08/26","美林",559,133,426
"1112","2867三商壽","110/08/26","台灣摩根士丹利",25,307,-282
"1113","2867三商壽","110/08/26","瑞士信貸",223,8,215
"1114","2867三商壽","110/08/26","凱基-中港",2,279,-277
"1115","2867三商壽","110/08/26","日盛-頭份",108,0,108
"1116","2867三商壽","110/08/26","花旗環球",0,180,-180
"1117","2867三商壽","110/08/26","臺銀-臺中",103,0,103
"1118","2867三商壽","110/08/26","元大-桃園",20,199,-179
"1119","2867三商壽","110/08/26","日盛-樹林",100,0,100
"1120","2867三商壽","110/08/26","國泰證券",0,150,-150
"1121","2867三商壽","110/08/26","新光",90,1,89
"1122","2867三商壽","110/08/26","凱基-台北",18,156,-138
"1123","2867三商壽","110/08/26","光和",80,0,80
"1124","2867三商壽","110/08/26","凱基-長庚",0,120,-120
"1125","2867三商壽","110/08/26","兆豐-城中",70,0,70
"1126","2867三商壽","110/08/26","摩根大通",59,172,-113
"1127","2867三商壽","110/08/26","凱基-高雄",60,0,60
"1128","2867三商壽","110/08/26","群益金鼎-大甲",0,90,-90
"1129","2867三商壽","110/08/26","凱基-林口",50,0,50
"1130","2867三商壽","110/08/26","中國信託-忠孝",0,70,-70
"1131","2867三商壽","110/08/26","富邦-高雄",60,11,49
"1132","2867三商壽","110/08/26","兆豐-新營",0,50,-50
"1133","2867三商壽","110/08/26","港商野村",66,29,37
"1134","2867三商壽","110/08/26","台灣企銀",0,40,-40
"1135","2867三商壽","110/08/26","大昌-新店",37,0,37
"1136","2867三商壽","110/08/26","華南永昌-高雄",24,60,-36
"1137","2867三商壽","110/08/26","國票-南崁",30,0,30
"1138","2867三商壽","110/08/26","兆豐-西螺",0,30,-30
"1139","2867三商壽","110/08/26","中農",25,0,25
"1140","2867三商壽","110/08/26","兆豐-斗南",0,30,-30
"1141","5521工信","110/08/26","摩根大通",563,0,563
"1142","5521工信","110/08/26","華南永昌-民權",0,100,-100
"1143","5521工信","110/08/26","凱基-台北",346,17,329
"1144","5521工信","110/08/26","台灣摩根士丹利",14,103,-89
"1145","5521工信","110/08/26","群益金鼎-大甲",145,0,145
"1146","5521工信","110/08/26","富邦-台北",0,47,-47
"1147","5521工信","110/08/26","美林",61,9,52
"1148","5521工信","110/08/26","國泰-板橋",0,46,-46
"1149","5521工信","110/08/26","兆豐-嘉義",50,0,50
"1150","5521工信","110/08/26","元富-新店",0,40,-40
"1151","5521工信","110/08/26","美商高盛",49,0,49
"1152","5521工信","110/08/26","中國信託-三重",0,40,-40
"1153","5521工信","110/08/26","日進",45,0,45
"1154","5521工信","110/08/26","永豐金-中盛",0,33,-33
"1155","5521工信","110/08/26","元大證券",47,2,45
"1156","5521工信","110/08/26","日盛-中壢",0,32,-32
"1157","5521工信","110/08/26","康和-台中",30,0,30
"1158","5521工信","110/08/26","新光",0,32,-32
"1159","5521工信","110/08/26","福勝",30,12,18
"1160","5521工信","110/08/26","富邦-嘉義",0,31,-31
"1161","5521工信","110/08/26","港商野村",16,0,16
"1162","5521工信","110/08/26","日盛-雙和",0,30,-30
"1163","5521工信","110/08/26","統一-屏東",15,0,15
"1164","5521工信","110/08/26","國票-安和",0,24,-24
"1165","5521工信","110/08/26","日盛-新莊",30,20,10
"1166","5521工信","110/08/26","第一金-桃園",0,23,-23
"1167","5521工信","110/08/26","日盛-中和",10,0,10
"1168","5521工信","110/08/26","日盛-大墩",0,20,-20
"1169","5521工信","110/08/26","凱基-高雄",10,0,10
"1170","5521工信","110/08/26","第一金-華江",0,20,-20
"1171","1471首利","110/08/26","瑞士信貸",60,4,56
"1172","1471首利","110/08/26","群益金鼎-東大",0,120,-120
"1173","1471首利","110/08/26","永豐金-台南",34,0,34
"1174","1471首利","110/08/26","元大-敦化",0,86,-86
"1175","1471首利","110/08/26","大慶",25,0,25
"1176","1471首利","110/08/26","美林",0,40,-40
"1177","1471首利","110/08/26","台中銀-員林",20,0,20
"1178","1471首利","110/08/26","台灣摩根士丹利",0,36,-36
"1179","1471首利","110/08/26","群益金鼎-土城",20,0,20
"1180","1471首利","110/08/26","摩根大通",25,61,-36
"1181","1471首利","110/08/26","新光",16,0,16
"1182","1471首利","110/08/26","元大-內湖",0,30,-30
"1183","1471首利","110/08/26","永豐金-大園",11,0,11
"1184","1471首利","110/08/26","凱基-五股",0,25,-25
"1185","1471首利","110/08/26","永豐金-竹北",11,0,11
"1186","1471首利","110/08/26","元大-大甲",0,20,-20
"1187","1471首利","110/08/26","第一金-台南",10,0,10
"1188","1471首利","110/08/26","台新證券",3,20,-17
"1189","1471首利","110/08/26","中國信託",10,0,10
"1190","1471首利","110/08/26","兆豐-西螺",0,14,-14
"1191","1471首利","110/08/26","中國信託-永康",10,0,10
"1192","1471首利","110/08/26","凱基-台北",4,18,-14
"1193","1471首利","110/08/26","群益金鼎-海山",10,0,10
"1194","1471首利","110/08/26","大慶-富順",0,10,-10
"1195","1471首利","110/08/26","富邦-板橋",10,0,10
"1196","1471首利","110/08/26","國票-九鼎",0,5,-5
"1197","1471首利","110/08/26","元大-永康",10,0,10
"1198","1471首利","110/08/26","元大-斗信",0,5,-5
"1199","1471首利","110/08/26","元富-草屯",9,0,9
"1200","1471首利","110/08/26","永豐金-敦北",0,5,-5
"1201","2883開發金","110/08/26","美林",3929,1002,2927
"1202","2883開發金","110/08/26","台灣摩根士丹利",24,5752,-5728
"1203","2883開發金","110/08/26","元大證券",2303,84,2219
"1204","2883開發金","110/08/26","統一",3,2525,-2522
"1205","2883開發金","110/08/26","港商法國興業",1967,153,1814
"1206","2883開發金","110/08/26","瑞士信貸",71,2033,-1962
"1207","2883開發金","110/08/26","玉山證券",1626,46,1580
"1208","2883開發金","110/08/26","永豐金-新莊",1,1001,-1000
"1209","2883開發金","110/08/26","摩根大通",2510,1213,1297
"1210","2883開發金","110/08/26","新加坡商瑞銀",508,1498,-990
"1211","2883開發金","110/08/26","元大-草屯",1002,18,984
"1212","2883開發金","110/08/26","港商野村",4,846,-842
"1213","2883開發金","110/08/26","華南永昌",1021,206,815
"1214","2883開發金","110/08/26","香港上海匯豐",0,698,-698
"1215","2883開發金","110/08/26","陽信",400,0,400
"1216","2883開發金","110/08/26","凱基-台北",725,1403,-678
"1217","2883開發金","110/08/26","第一金-台南",314,12,302
"1218","2883開發金","110/08/26","永豐金證券",100,493,-393
"1219","2883開發金","110/08/26","國泰-館前",373,86,287
"1220","2883開發金","110/08/26","美商高盛",32,393,-361
"1221","2883開發金","110/08/26","亞東-台中",282,0,282
"1222","2883開發金","110/08/26","元富-城東",4,287,-283
"1223","2883開發金","110/08/26","台新證券",390,136,254
"1224","2883開發金","110/08/26","兆豐-北高雄",172,451,-279
"1225","2883開發金","110/08/26","凱基-宜蘭",270,25,245
"1226","2883開發金","110/08/26","富邦證券",10,235,-225
"1227","2883開發金","110/08/26","凱基-台東",342,113,229
"1228","2883開發金","110/08/26","兆豐-三民",2,210,-208
"1229","2883開發金","110/08/26","永豐金-竹科",233,10,223
"1230","2883開發金","110/08/26","新光",885,1069,-184
"1231","6205詮欣","110/08/26","凱基-信義",20,0,20
"1232","6205詮欣","110/08/26","永豐金-敦南",0,30,-30
"1233","6205詮欣","110/08/26","凱基-長庚",11,0,11
"1234","6205詮欣","110/08/26","凱基-台北",0,9,-9
"1235","6205詮欣","110/08/26","日盛-北高雄",5,0,5
"1236","6205詮欣","110/08/26","凱基-台南",0,7,-7
"1237","6205詮欣","110/08/26","台中銀",5,0,5
"1238","6205詮欣","110/08/26","摩根大通",4,10,-6
"1239","6205詮欣","110/08/26","臺銀-民權",4,0,4
"1240","6205詮欣","110/08/26","兆豐-公益",0,4,-4
"1241","6205詮欣","110/08/26","臺銀-臺中",3,0,3
"1242","6205詮欣","110/08/26","永豐金證券",0,4,-4
"1243","6205詮欣","110/08/26","台新-屏東",3,0,3
"1244","6205詮欣","110/08/26","港商法國興業",0,3,-3
"1245","6205詮欣","110/08/26","日盛-土城",2,0,2
"1246","6205詮欣","110/08/26","瑞士信貸",0,2,-2
"1247","6205詮欣","110/08/26","中農",2,0,2
"1248","6205詮欣","110/08/26","亞東",0,2,-2
"1249","6205詮欣","110/08/26","玉山-台大",2,0,2
"1250","6205詮欣","110/08/26","新光-高雄",0,2,-2
"1251","6205詮欣","110/08/26","玉山-大里",2,0,2
"1252","6205詮欣","110/08/26","元大-屏東民生",0,2,-2
"1253","6205詮欣","110/08/26","國泰-板橋",2,0,2
"1254","6205詮欣","110/08/26","元大-仁愛",0,2,-2
"1255","6205詮欣","110/08/26","凱基-高美館",2,0,2
"1256","6205詮欣","110/08/26","永豐金-台南",0,2,-2
"1257","6205詮欣","110/08/26","華南永昌-台中",2,0,2
"1258","6205詮欣","110/08/26","大慶-台南",0,1,-1
"1259","6205詮欣","110/08/26","永豐金-中和",2,0,2
"1260","6205詮欣","110/08/26","新光",0,1,-1
"1261","1540喬福","110/08/26","元大-士林",12,0,12
"1262","1540喬福","110/08/26","富邦-中壢",0,14,-14
"1263","1540喬福","110/08/26","凱基-中壢",5,0,5
"1264","1540喬福","110/08/26","富邦-虎尾",0,13,-13
"1265","1540喬福","110/08/26","富邦-仁愛",5,0,5
"1266","1540喬福","110/08/26","台新-高雄",0,5,-5
"1267","1540喬福","110/08/26","凱基-台北",4,0,4
"1268","1540喬福","110/08/26","日盛-花蓮",0,2,-2
"1269","1540喬福","110/08/26","富邦-建國",3,0,3
"1270","1540喬福","110/08/26","北城證券",0,2,-2
"1271","1540喬福","110/08/26","中國信託",2,0,2
"1272","1540喬福","110/08/26","元大-南屯",0,1,-1
"1273","1540喬福","110/08/26","國泰-忠孝",2,0,2
"1274","1540喬福","110/08/26","凱基-北門",0,1,-1
"1275","1540喬福","110/08/26","群益金鼎-崇德",2,0,2
"1276","1540喬福","110/08/26","統一-員林",0,1,-1
"1277","1540喬福","110/08/26","永豐金-埔里",1,0,1
"1278","1540喬福","110/08/26","美商高盛",0,1,-1
"1279","1540喬福","110/08/26","致和-南京",1,0,1
"1280","1540喬福","110/08/26","美林",0,1,-1
"1281","1540喬福","110/08/26","華南永昌-中正",1,0,1
"1282","1540喬福","110/08/26","康和-板橋",0,0,0
"1283","1540喬福","110/08/26","富邦-台北",1,0,1
"1284","1540喬福","110/08/26","凱基-竹北",0,0,0
"1285","1540喬福","110/08/26","富邦-左營",1,0,1
"1286","1540喬福","110/08/26","高橋",0,0,0
"1287","1540喬福","110/08/26","華南永昌-敦南",0,0,0
"1288","1540喬福","110/08/26","華南永昌-敦南",0,0,0
"1289","1540喬福","110/08/26","元大-金門",0,0,0
"1290","1540喬福","110/08/26","元大-莒光",0,0,0
"1291","2888新光金","110/08/26","瑞士信貸",3038,457,2581
"1292","2888新光金","110/08/26","元富-大昌",7,9389,-9382
"1293","2888新光金","110/08/26","群益金鼎-崇德",1739,0,1739
"1294","2888新光金","110/08/26","元富-城東",37,2318,-2281
"1295","2888新光金","110/08/26","富邦-岡山",1647,23,1624
"1296","2888新光金","110/08/26","永豐金證券",28,1552,-1524
"1297","2888新光金","110/08/26","凱基-台北",3564,2278,1286
"1298","2888新光金","110/08/26","國票-長城",500,2005,-1505
"1299","2888新光金","110/08/26","致和證券",1108,5,1103
"1300","2888新光金","110/08/26","花旗環球",138,1202,-1064
"1301","2888新光金","110/08/26","美林",1537,539,998
"1302","2888新光金","110/08/26","台灣摩根士丹利",55,1026,-971
"1303","2888新光金","110/08/26","群益金鼎-嘉義",903,17,886
"1304","2888新光金","110/08/26","元富",1,799,-798
"1305","2888新光金","110/08/26","大慶-高雄",832,0,832
"1306","2888新光金","110/08/26","元富-世貿",8,776,-768
"1307","2888新光金","110/08/26","永豐金-板橋",820,1,819
"1308","2888新光金","110/08/26","(牛牛牛)亞-鑫豐",34,645,-611
"1309","2888新光金","110/08/26","凱基-桃園",774,15,759
"1310","2888新光金","110/08/26","香港上海匯豐",0,600,-600
"1311","2888新光金","110/08/26","日盛-忠孝",744,10,734
"1312","2888新光金","110/08/26","元大-板橋",37,499,-462
"1313","2888新光金","110/08/26","新光",766,153,613
"1314","2888新光金","110/08/26","港商法國興業",135,568,-433
"1315","2888新光金","110/08/26","合庫-高雄",607,0,607
"1316","2888新光金","110/08/26","元大證券",239,634,-395
"1317","2888新光金","110/08/26","宏遠-桃園",504,0,504
"1318","2888新光金","110/08/26","元富-文心",132,483,-351
"1319","2888新光金","110/08/26","凱基-台南",520,23,497
"1320","2888新光金","110/08/26","元富-成功",19,358,-339
"1321","1340勝悅","110/08/26","元大-基隆孝二",10,0,10
"1322","1340勝悅","110/08/26","元大-新盛",0,16,-16
"1323","1340勝悅","110/08/26","凱基-台北",9,1,8
"1324","1340勝悅","110/08/26","元大-四維",0,11,-11
"1325","1340勝悅","110/08/26","國泰-台中",7,0,7
"1326","1340勝悅","110/08/26","凱基-松山",0,10,-10
"1327","1340勝悅","110/08/26","美林",6,0,6
"1328","1340勝悅","110/08/26","元大-東門",0,10,-10
"1329","1340勝悅","110/08/26","臺灣企銀-埔墘",5,0,5
"1330","1340勝悅","110/08/26","統一-南京",0,8,-8
"1331","1340勝悅","110/08/26","統一-城中",5,1,4
"1332","1340勝悅","110/08/26","國票-台東",0,5,-5
"1333","1340勝悅","110/08/26","群益金鼎-北高雄",4,0,4
"1334","1340勝悅","110/08/26","摩根大通",2,7,-5
"1335","1340勝悅","110/08/26","日盛-鳳山",3,0,3
"1336","1340勝悅","110/08/26","元大-忠孝鼎富",0,5,-5
"1337","1340勝悅","110/08/26","元大-林園",5,2,3
"1338","1340勝悅","110/08/26","港商法國興業",0,2,-2
"1339","1340勝悅","110/08/26","宏遠-桃園",2,0,2
"1340","1340勝悅","110/08/26","兆豐-三民",0,2,-2
"1341","1340勝悅","110/08/26","第一金-華江",2,0,2
"1342","1340勝悅","110/08/26","臺銀",0,1,-1
"1343","1340勝悅","110/08/26","中農",2,0,2
"1344","1340勝悅","110/08/26","中國信託-文心",0,1,-1
"1345","1340勝悅","110/08/26","國泰-敦南",5,3,2
"1346","1340勝悅","110/08/26","凱基",0,1,-1
"1347","1340勝悅","110/08/26","國泰-館前",2,0,2
"1348","1340勝悅","110/08/26","富邦-嘉義",0,1,-1
"1349","1340勝悅","110/08/26","富邦-北港",2,0,2
"1350","1340勝悅","110/08/26","元大-東泰",0,1,-1
"1351","6246臺龍","110/08/26","兆豐-內湖",40,0,40
"1352","6246臺龍","110/08/26","兆豐-忠孝",0,20,-20
"1353","6246臺龍","110/08/26","新光-台中",11,0,11
"1354","6246臺龍","110/08/26","統一-台南",0,15,-15
"1355","6246臺龍","110/08/26","凱基-永康",10,0,10
"1356","6246臺龍","110/08/26","聯邦-大業",0,10,-10
"1357","6246臺龍","110/08/26","元大-屏南",10,0,10
"1358","6246臺龍","110/08/26","港商野村",0,9,-9
"1359","6246臺龍","110/08/26","元富-板橋",5,0,5
"1360","6246臺龍","110/08/26","元大-員林",0,6,-6
"1361","6246臺龍","110/08/26","元大-北港",5,0,5
"1362","6246臺龍","110/08/26","元富-宜蘭",0,5,-5
"1363","6246臺龍","110/08/26","元大-小港",5,0,5
"1364","6246臺龍","110/08/26","永豐金-板橋",0,5,-5
"1365","6246臺龍","110/08/26","兆豐-竹北",4,0,4
"1366","6246臺龍","110/08/26","兆豐-公益",0,4,-4
"1367","6246臺龍","110/08/26","華南永昌-台中",4,0,4
"1368","6246臺龍","110/08/26","兆豐-新營",0,4,-4
"1369","6246臺龍","110/08/26","華南永昌-彰化",3,0,3
"1370","6246臺龍","110/08/26","國票-新莊",0,4,-4
"1371","6246臺龍","110/08/26","元大-大雅",3,0,3
"1372","6246臺龍","110/08/26","玉山證券",0,4,-4
"1373","6246臺龍","110/08/26","土銀-新竹",2,0,2
"1374","6246臺龍","110/08/26","凱基-長庚",0,4,-4
"1375","6246臺龍","110/08/26","日盛-八德",2,0,2
"1376","6246臺龍","110/08/26","永豐金-復興",1,5,-4
"1377","6246臺龍","110/08/26","高橋",2,0,2
"1378","6246臺龍","110/08/26","元大-永康",0,3,-3
"1379","6246臺龍","110/08/26","玉山-台南",2,0,2
"1380","6246臺龍","110/08/26","台新證券",0,2,-2
"1381","00715L期街口布蘭特正2","110/08/26","元大證券",27288,25,27263
"1382","00715L期街口布蘭特正2","110/08/26","宏遠-高雄",0,11055,-11055
"1383","00715L期街口布蘭特正2","110/08/26","永豐金證券",6471,22,6449
"1384","00715L期街口布蘭特正2","110/08/26","元大-萬華",0,2051,-2051
"1385","00715L期街口布蘭特正2","110/08/26","元富",3942,0,3942
"1386","00715L期街口布蘭特正2","110/08/26","(牛牛牛)亞-鑫豐",17,1456,-1439
"1387","00715L期街口布蘭特正2","110/08/26","合庫證券",3500,20,3480
"1388","00715L期街口布蘭特正2","110/08/26","元大-新竹",110,1320,-1210
"1389","00715L期街口布蘭特正2","110/08/26","國票",2138,8,2130
"1390","00715L期街口布蘭特正2","110/08/26","元大-永康",0,1053,-1053
"1391","00715L期街口布蘭特正2","110/08/26","群益金鼎",1740,0,1740
"1392","00715L期街口布蘭特正2","110/08/26","華南永昌-台中",102,827,-725
"1393","00715L期街口布蘭特正2","110/08/26","統一",1396,3,1393
"1394","00715L期街口布蘭特正2","110/08/26","玉山-大里",2,630,-628
"1395","00715L期街口布蘭特正2","110/08/26","台新證券",1085,223,862
"1396","00715L期街口布蘭特正2","110/08/26","華南永昌",0,606,-606
"1397","00715L期街口布蘭特正2","110/08/26","聯邦-三重",550,19,531
"1398","00715L期街口布蘭特正2","110/08/26","新光",179,718,-539
"1399","00715L期街口布蘭特正2","110/08/26","國票-博愛",550,30,520
"1400","00715L期街口布蘭特正2","110/08/26","國泰-敦南",607,1119,-512
"1401","00715L期街口布蘭特正2","110/08/26","富邦證券",562,99,463
"1402","00715L期街口布蘭特正2","110/08/26","元大-大雅",22,524,-502
"1403","00715L期街口布蘭特正2","110/08/26","兆豐證券",600,156,444
"1404","00715L期街口布蘭特正2","110/08/26","玉山-新竹",0,489,-489
"1405","00715L期街口布蘭特正2","110/08/26","凱基-台北",401,129,272
"1406","00715L期街口布蘭特正2","110/08/26","第一金-路竹",5,459,-454
"1407","00715L期街口布蘭特正2","110/08/26","凱基-新豐",208,20,188
"1408","00715L期街口布蘭特正2","110/08/26","富邦-嘉義",0,406,-406
"1409","00715L期街口布蘭特正2","110/08/26","新光-桃園",92,29,63
"1410","00715L期街口布蘭特正2","110/08/26","元大-淡水",1,326,-325
"1411","8941關中","110/08/26","元大-四維",6,0,6
"1412","8941關中","110/08/26","凱基-中山",0,4,-4
"1413","8941關中","110/08/26","玉山證券",4,0,4
"1414","8941關中","110/08/26","富邦-員林",2,6,-4
"1415","8941關中","110/08/26","元富-台中",1,0,1
"1416","8941關中","110/08/26","彰銀-台中",0,1,-1
"1417","8941關中","110/08/26","元大-斗六",1,0,1
"1418","8941關中","110/08/26","第一金-台中",0,1,-1
"1419","8941關中","110/08/26","凱基-高美館",3,3,0
"1420","8941關中","110/08/26","康和-板橋",0,1,-1
"1421","8941關中","110/08/26","元大-金華",3,3,0
"1422","8941關中","110/08/26","元大-桃興",1,2,-1
"1423","8941關中","110/08/26","永豐金-敦北",0,0,0
"1424","8941關中","110/08/26","凱基-高美館",3,3,0
"1425","8941關中","110/08/26","永豐金-萬盛",0,0,0
"1426","8941關中","110/08/26","元大-金華",3,3,0
"1427","8941關中","110/08/26","永豐金-南投",0,0,0
"1428","8941關中","110/08/26","永豐金-敦北",0,0,0
"1429","8941關中","110/08/26","",NA,NA,NA
"1430","8941關中","110/08/26","永豐金-萬盛",0,0,0
"1431","8941關中","110/08/26","",NA,NA,NA
"1432","8941關中","110/08/26","永豐金-南投",0,0,0
"1433","8941關中","110/08/26","",NA,NA,NA
"1434","8941關中","110/08/26","",NA,NA,NA
"1435","8941關中","110/08/26","",NA,NA,NA
"1436","8941關中","110/08/26","",NA,NA,NA
"1437","8941關中","110/08/26","",NA,NA,NA
"1438","8941關中","110/08/26","",NA,NA,NA
"1439","8941關中","110/08/26","",NA,NA,NA
"1440","8941關中","110/08/26","",NA,NA,NA
"1441","8936國統","110/08/26","永豐金-苓雅",106,0,106
"1442","8936國統","110/08/26","元大-蘆洲",0,107,-107
"1443","8936國統","110/08/26","台新-高雄",48,2,46
"1444","8936國統","110/08/26","元富-新興",0,96,-96
"1445","8936國統","110/08/26","元大-天母",43,0,43
"1446","8936國統","110/08/26","康和-嘉義",2,79,-77
"1447","8936國統","110/08/26","光和-溪湖",40,0,40
"1448","8936國統","110/08/26","凱基-台北",1,72,-71
"1449","8936國統","110/08/26","元富-敦南",32,0,32
"1450","8936國統","110/08/26","新光-台中",30,89,-59
"1451","8936國統","110/08/26","中國信託-高雄",31,0,31
"1452","8936國統","110/08/26","國票-台東",0,50,-50
"1453","8936國統","110/08/26","國票-敦北法人",20,0,20
"1454","8936國統","110/08/26","摩根大通",4,39,-35
"1455","8936國統","110/08/26","台灣摩根士丹利",14,0,14
"1456","8936國統","110/08/26","富邦-陽明",0,30,-30
"1457","8936國統","110/08/26","美林",12,0,12
"1458","8936國統","110/08/26","新加坡商瑞銀",23,51,-28
"1459","8936國統","110/08/26","國泰-館前",12,0,12
"1460","8936國統","110/08/26","新光-新竹",5,25,-20
"1461","8936國統","110/08/26","第一金-桃園",11,0,11
"1462","8936國統","110/08/26","永豐金-北高雄",0,15,-15
"1463","8936國統","110/08/26","日盛證券",10,0,10
"1464","8936國統","110/08/26","群益金鼎-彰化",0,12,-12
"1465","8936國統","110/08/26","日盛-北高雄",10,0,10
"1466","8936國統","110/08/26","日盛-忠孝",0,10,-10
"1467","8936國統","110/08/26","統一-台中",10,0,10
"1468","8936國統","110/08/26","中國信託-松江",0,10,-10
"1469","8936國統","110/08/26","兆豐-竹北",10,0,10
"1470","8936國統","110/08/26","富邦-三重",0,10,-10
"1471","6226光鼎","110/08/26","大展-台南",235,14,221
"1472","6226光鼎","110/08/26","摩根大通",0,1105,-1105
"1473","6226光鼎","110/08/26","宏遠-光隆",186,32,154
"1474","6226光鼎","110/08/26","台灣摩根士丹利",12,742,-730
"1475","6226光鼎","110/08/26","兆豐-松德",145,0,145
"1476","6226光鼎","110/08/26","元大-大同",6,557,-551
"1477","6226光鼎","110/08/26","凱基-台北",204,67,137
"1478","6226光鼎","110/08/26","統一",13,410,-397
"1479","6226光鼎","110/08/26","合庫-台中",127,13,114
"1480","6226光鼎","110/08/26","凱基-永和",10,305,-295
"1481","6226光鼎","110/08/26","元大-敦化",97,0,97
"1482","6226光鼎","110/08/26","港商野村",193,480,-287
"1483","6226光鼎","110/08/26","中國信託-忠孝",97,13,84
"1484","6226光鼎","110/08/26","美商高盛",48,329,-281
"1485","6226光鼎","110/08/26","國泰-敦南",354,272,82
"1486","6226光鼎","110/08/26","美林",73,274,-201
"1487","6226光鼎","110/08/26","臺銀-鳳山",84,12,72
"1488","6226光鼎","110/08/26","統一-南京",5,205,-200
"1489","6226光鼎","110/08/26","元大-木柵",80,12,68
"1490","6226光鼎","110/08/26","富邦證券",0,95,-95
"1491","6226光鼎","110/08/26","富邦-台北",73,6,67
"1492","6226光鼎","110/08/26","凱基-大直",110,187,-77
"1493","6226光鼎","110/08/26","永豐金-苓雅",67,0,67
"1494","6226光鼎","110/08/26","元大-四維",61,135,-74
"1495","6226光鼎","110/08/26","元大-大雅",184,127,57
"1496","6226光鼎","110/08/26","群益金鼎-鳳山",2,61,-59
"1497","6226光鼎","110/08/26","玉山-板橋",55,0,55
"1498","6226光鼎","110/08/26","富邦-建國",18,74,-56
"1499","6226光鼎","110/08/26","元大-仁愛",55,0,55
"1500","6226光鼎","110/08/26","永豐金-虎尾",1,50,-49
"1501","2363矽統","110/08/26","美林",676,159,517
"1502","2363矽統","110/08/26","凱基-台北",1056,1726,-670
"1503","2363矽統","110/08/26","合庫-基隆",1381,1003,378
"1504","2363矽統","110/08/26","宏遠-光隆",18,368,-350
"1505","2363矽統","110/08/26","富邦-彰化",380,25,355
"1506","2363矽統","110/08/26","台新-台南",56,248,-192
"1507","2363矽統","110/08/26","第一金-桃園",311,12,299
"1508","2363矽統","110/08/26","日盛-南京",34,170,-136
"1509","2363矽統","110/08/26","華南永昌-台中",349,81,268
"1510","2363矽統","110/08/26","北城證券",206,329,-123
"1511","2363矽統","110/08/26","新光",480,249,231
"1512","2363矽統","110/08/26","光和-嘉義",20,137,-117
"1513","2363矽統","110/08/26","瑞士信貸",198,3,195
"1514","2363矽統","110/08/26","統一-城中",75,189,-114
"1515","2363矽統","110/08/26","元大-前金",160,31,129
"1516","2363矽統","110/08/26","華南永昌-朴子",28,131,-103
"1517","2363矽統","110/08/26","元大-博愛",157,31,126
"1518","2363矽統","110/08/26","康和-嘉義",3,101,-98
"1519","2363矽統","110/08/26","凱基-嘉義",90,6,84
"1520","2363矽統","110/08/26","凱基-中山",8,105,-97
"1521","2363矽統","110/08/26","玉山-桃園",104,24,80
"1522","2363矽統","110/08/26","台新-台中",29,118,-89
"1523","2363矽統","110/08/26","元大-和平",80,13,67
"1524","2363矽統","110/08/26","凱基-大直",30,108,-78
"1525","2363矽統","110/08/26","第一金-嘉義",71,11,60
"1526","2363矽統","110/08/26","亞東-板橋",17,89,-72
"1527","2363矽統","110/08/26","新光-桃園",163,105,58
"1528","2363矽統","110/08/26","國泰-板橋",93,164,-71
"1529","2363矽統","110/08/26","元大-左營",68,13,55
"1530","2363矽統","110/08/26","統一-永和",2,62,-60
"1531","8112至上","110/08/26","凱基-台北",372,56,316
"1532","8112至上","110/08/26","群益金鼎",0,150,-150
"1533","8112至上","110/08/26","摩根大通",376,62,314
"1534","8112至上","110/08/26","台新-台中",10,113,-103
"1535","8112至上","110/08/26","凱基-竹科",151,1,150
"1536","8112至上","110/08/26","群益金鼎-基隆",0,90,-90
"1537","8112至上","110/08/26","新加坡商瑞銀",191,45,146
"1538","8112至上","110/08/26","永豐金-台中",1,80,-79
"1539","8112至上","110/08/26","台灣摩根士丹利",129,41,88
"1540","8112至上","110/08/26","凱基-東勢",0,50,-50
"1541","8112至上","110/08/26","美商高盛",172,92,80
"1542","8112至上","110/08/26","凱基-北門",0,50,-50
"1543","8112至上","110/08/26","日進",69,3,66
"1544","8112至上","110/08/26","元大-西門",0,50,-50
"1545","8112至上","110/08/26","兆豐-西螺",60,0,60
"1546","8112至上","110/08/26","群益金鼎-高雄",0,40,-40
"1547","8112至上","110/08/26","港商野村",63,24,39
"1548","8112至上","110/08/26","元富-新莊",0,31,-31
"1549","8112至上","110/08/26","元大-竹東",30,0,30
"1550","8112至上","110/08/26","日盛-復興",1,31,-30
"1551","8112至上","110/08/26","元大-淡水",30,2,28
"1552","8112至上","110/08/26","統一-南京",0,30,-30
"1553","8112至上","110/08/26","康和",30,5,25
"1554","8112至上","110/08/26","凱基-士林",1,31,-30
"1555","8112至上","110/08/26","凱基-三重",22,0,22
"1556","8112至上","110/08/26","元大-佳里",0,30,-30
"1557","8112至上","110/08/26","元大-楊梅",20,1,19
"1558","8112至上","110/08/26","台灣企銀-民雄",0,27,-27
"1559","8112至上","110/08/26","元大-豐原",20,2,18
"1560","8112至上","110/08/26","日盛-台南",0,27,-27
"1561","1570力肯","110/08/26","群益金鼎-高雄",34,0,34
"1562","1570力肯","110/08/26","永豐金-虎尾",0,50,-50
"1563","1570力肯","110/08/26","香港上海匯豐",21,0,21
"1564","1570力肯","110/08/26","富邦-高雄",0,38,-38
"1565","1570力肯","110/08/26","凱基-台北",9,1,8
"1566","1570力肯","110/08/26","華南永昌-麻豆",0,14,-14
"1567","1570力肯","110/08/26","國票-台中",7,0,7
"1568","1570力肯","110/08/26","摩根大通",0,11,-11
"1569","1570力肯","110/08/26","美林",6,0,6
"1570","1570力肯","110/08/26","凱基-復興",0,7,-7
"1571","1570力肯","110/08/26","群益金鼎-瑞豐",6,0,6
"1572","1570力肯","110/08/26","元大-基隆孝二",0,7,-7
"1573","1570力肯","110/08/26","日茂-南投",5,0,5
"1574","1570力肯","110/08/26","國票-博愛",2,8,-6
"1575","1570力肯","110/08/26","兆豐-鹿港",5,0,5
"1576","1570力肯","110/08/26","元富-城東",0,5,-5
"1577","1570力肯","110/08/26","兆豐-松德",5,0,5
"1578","1570力肯","110/08/26","兆豐-中壢",0,4,-4
"1579","1570力肯","110/08/26","國票-和平",5,0,5
"1580","1570力肯","110/08/26","華南永昌-大安",0,4,-4
"1581","1570力肯","110/08/26","凱基-站前",5,0,5
"1582","1570力肯","110/08/26","統一-三重",0,3,-3
"1583","1570力肯","110/08/26","元大-新竹經國",5,0,5
"1584","1570力肯","110/08/26","統一-員林",0,2,-2
"1585","1570力肯","110/08/26","元大-草屯",4,0,4
"1586","1570力肯","110/08/26","凱基-天母",0,2,-2
"1587","1570力肯","110/08/26","(牛牛牛)亞-鑫豐",3,0,3
"1588","1570力肯","110/08/26","元大-大里",0,2,-2
"1589","1570力肯","110/08/26","國票-北高雄",4,1,3
"1590","1570力肯","110/08/26","大慶-富順",0,1,-1
"1591","2929淘帝","110/08/26","新光-新竹",47,0,47
"1592","2929淘帝","110/08/26","元大-豐原站前",0,20,-20
"1593","2929淘帝","110/08/26","摩根大通",20,0,20
"1594","2929淘帝","110/08/26","康和-仁愛",0,17,-17
"1595","2929淘帝","110/08/26","兆豐-民生",10,0,10
"1596","2929淘帝","110/08/26","新光-台中",16,32,-16
"1597","2929淘帝","110/08/26","元大-承德",10,0,10
"1598","2929淘帝","110/08/26","港商野村",3,15,-12
"1599","2929淘帝","110/08/26","元大-萬華",10,0,10
"1600","2929淘帝","110/08/26","合庫-自強",0,10,-10
"1601","2929淘帝","110/08/26","日盛-和美",5,0,5
"1602","2929淘帝","110/08/26","美林",3,12,-9
"1603","2929淘帝","110/08/26","台中銀-豐原",5,0,5
"1604","2929淘帝","110/08/26","富邦-南屯",1,10,-9
"1605","2929淘帝","110/08/26","國泰-敦南",5,0,5
"1606","2929淘帝","110/08/26","元富-花蓮",0,8,-8
"1607","2929淘帝","110/08/26","元大-大雅",5,0,5
"1608","2929淘帝","110/08/26","富邦-高雄",0,8,-8
"1609","2929淘帝","110/08/26","元大-蘆洲",5,0,5
"1610","2929淘帝","110/08/26","華南永昌-古亭",0,5,-5
"1611","2929淘帝","110/08/26","富邦-內湖",4,0,4
"1612","2929淘帝","110/08/26","港商法國興業",0,4,-4
"1613","2929淘帝","110/08/26","元大-太平",4,0,4
"1614","2929淘帝","110/08/26","新加坡商瑞銀",0,4,-4
"1615","2929淘帝","110/08/26","新光-台南",3,0,3
"1616","2929淘帝","110/08/26","第一金-台南",0,4,-4
"1617","2929淘帝","110/08/26","陽信",3,0,3
"1618","2929淘帝","110/08/26","凱基-長庚",0,4,-4
"1619","2929淘帝","110/08/26","國泰-板橋",3,0,3
"1620","2929淘帝","110/08/26","元大-新竹經國",0,4,-4
"1621","5410國眾","110/08/26","香港上海匯豐",34,0,34
"1622","5410國眾","110/08/26","高橋",0,20,-20
"1623","5410國眾","110/08/26","凱基-台北",34,1,33
"1624","5410國眾","110/08/26","寶盛",0,10,-10
"1625","5410國眾","110/08/26","玉山-高雄",15,0,15
"1626","5410國眾","110/08/26","安泰",0,10,-10
"1627","5410國眾","110/08/26","富邦-內湖",10,0,10
"1628","5410國眾","110/08/26","國泰-敦南",0,10,-10
"1629","5410國眾","110/08/26","元大-中壢",7,0,7
"1630","5410國眾","110/08/26","國泰-台南",0,9,-9
"1631","5410國眾","110/08/26","元大-內湖",7,0,7
"1632","5410國眾","110/08/26","玉山-雙和",0,7,-7
"1633","5410國眾","110/08/26","康和-新竹",6,0,6
"1634","5410國眾","110/08/26","元大-金華",0,7,-7
"1635","5410國眾","110/08/26","摩根大通",5,0,5
"1636","5410國眾","110/08/26","台新-建北",0,6,-6
"1637","5410國眾","110/08/26","凱基-長庚",5,0,5
"1638","5410國眾","110/08/26","元大-羅東",0,6,-6
"1639","5410國眾","110/08/26","元大-向上",5,0,5
"1640","5410國眾","110/08/26","合庫-嘉義",0,5,-5
"1641","5410國眾","110/08/26","元大-南屯",5,0,5
"1642","5410國眾","110/08/26","新光",1,6,-5
"1643","5410國眾","110/08/26","華南永昌-林口",4,0,4
"1644","5410國眾","110/08/26","富邦-台北",0,5,-5
"1645","5410國眾","110/08/26","台新-中壢",3,0,3
"1646","5410國眾","110/08/26","元大-土城",0,5,-5
"1647","5410國眾","110/08/26","華南永昌-內壢",3,0,3
"1648","5410國眾","110/08/26","臺銀-臺中",0,3,-3
"1649","5410國眾","110/08/26","元大-北投",2,0,2
"1650","5410國眾","110/08/26","第一金-澎湖",0,3,-3
"1651","2841台開","110/08/26","宏遠-館前",180,0,180
"1652","2841台開","110/08/26","台中銀",0,50,-50
"1653","2841台開","110/08/26","元富-新興",25,0,25
"1654","2841台開","110/08/26","港商野村",0,35,-35
"1655","2841台開","110/08/26","永豐金-敦南",23,12,11
"1656","2841台開","110/08/26","台新-屏東",0,21,-21
"1657","2841台開","110/08/26","康和-內湖",8,0,8
"1658","2841台開","110/08/26","新加坡商瑞銀",0,20,-20
"1659","2841台開","110/08/26","永豐金-古亭",6,0,6
"1660","2841台開","110/08/26","新光-新竹",0,20,-20
"1661","2841台開","110/08/26","台新-新營",5,0,5
"1662","2841台開","110/08/26","元大-彰化民生",0,18,-18
"1663","2841台開","110/08/26","玉山證券",5,0,5
"1664","2841台開","110/08/26","台灣摩根士丹利",0,12,-12
"1665","2841台開","110/08/26","元大-板橋",4,0,4
"1666","2841台開","110/08/26","日盛-頭份",0,11,-11
"1667","2841台開","110/08/26","國泰-敦南",3,0,3
"1668","2841台開","110/08/26","華南永昌-虎尾",0,10,-10
"1669","2841台開","110/08/26","日盛-和美",2,0,2
"1670","2841台開","110/08/26","元大-承德",0,10,-10
"1671","2841台開","110/08/26","台新-台南",2,0,2
"1672","2841台開","110/08/26","元大-北三重",0,10,-10
"1673","2841台開","110/08/26","凱基-台北",5,3,2
"1674","2841台開","110/08/26","富邦-宜蘭",0,7,-7
"1675","2841台開","110/08/26","合庫-自強",1,0,1
"1676","2841台開","110/08/26","華南永昌-岡山",0,5,-5
"1677","2841台開","110/08/26","元富-板橋",1,0,1
"1678","2841台開","110/08/26","富邦-中壢",0,5,-5
"1679","2841台開","110/08/26","群益金鼎-崇德",1,0,1
"1680","2841台開","110/08/26","日盛-二林",0,4,-4
"1681","6207雷科","110/08/26","凱基-台北",21,0,21
"1682","6207雷科","110/08/26","新加坡商瑞銀",1,63,-62
"1683","6207雷科","110/08/26","統一-竹南",18,0,18
"1684","6207雷科","110/08/26","凱基-高美館",5,32,-27
"1685","6207雷科","110/08/26","凱基-台東",15,0,15
"1686","6207雷科","110/08/26","第一金-華江",0,11,-11
"1687","6207雷科","110/08/26","元大-六合",12,0,12
"1688","6207雷科","110/08/26","國泰-板橋",0,11,-11
"1689","6207雷科","110/08/26","元大-大灣",10,0,10
"1690","6207雷科","110/08/26","港商野村",10,20,-10
"1691","6207雷科","110/08/26","瑞士信貸",7,0,7
"1692","6207雷科","110/08/26","國票-中正",0,10,-10
"1693","6207雷科","110/08/26","亞東-台南",7,0,7
"1694","6207雷科","110/08/26","永豐金-內湖",0,10,-10
"1695","6207雷科","110/08/26","寶盛",6,0,6
"1696","6207雷科","110/08/26","中國信託-高雄",0,9,-9
"1697","6207雷科","110/08/26","永豐金-板新",6,0,6
"1698","6207雷科","110/08/26","元大-大同",0,8,-8
"1699","6207雷科","110/08/26","日盛-員林",22,17,5
"1700","6207雷科","110/08/26","合庫-台中",0,5,-5
"1701","6207雷科","110/08/26","第一金-高雄",5,0,5
"1702","6207雷科","110/08/26","第一金-中山",0,5,-5
"1703","6207雷科","110/08/26","第一金-路竹",5,0,5
"1704","6207雷科","110/08/26","德信-和平",0,5,-5
"1705","6207雷科","110/08/26","兆豐-三民",5,0,5
"1706","6207雷科","110/08/26","群益金鼎-忠孝",0,5,-5
"1707","6207雷科","110/08/26","國票-新莊",5,0,5
"1708","6207雷科","110/08/26","凱基-長庚",0,5,-5
"1709","6207雷科","110/08/26","群益金鼎-高盛",5,0,5
"1710","6207雷科","110/08/26","華南永昌-林口",0,5,-5
"1711","3679新至陞","110/08/26","永豐金-南投",13,0,13
"1712","3679新至陞","110/08/26","凱基-台北",0,11,-11
"1713","3679新至陞","110/08/26","元大-大天母",10,0,10
"1714","3679新至陞","110/08/26","摩根大通",0,10,-10
"1715","3679新至陞","110/08/26","玉山-台大",6,0,6
"1716","3679新至陞","110/08/26","美林",0,9,-9
"1717","3679新至陞","110/08/26","台灣摩根士丹利",3,2,1
"1718","3679新至陞","110/08/26","瑞士信貸",0,5,-5
"1719","3679新至陞","110/08/26","亞東-板橋",1,0,1
"1720","3679新至陞","110/08/26","華南永昌-嘉義",0,4,-4
"1721","3679新至陞","110/08/26","統一-桃園",1,0,1
"1722","3679新至陞","110/08/26","元大-福營",0,3,-3
"1723","3679新至陞","110/08/26","元富-埔里",1,0,1
"1724","3679新至陞","110/08/26","花旗環球",0,1,-1
"1725","3679新至陞","110/08/26","台中銀-員林",1,0,1
"1726","3679新至陞","110/08/26","新加坡商瑞銀",0,1,-1
"1727","3679新至陞","110/08/26","兆豐-來福",1,0,1
"1728","3679新至陞","110/08/26","中國信託-永康",0,1,-1
"1729","3679新至陞","110/08/26","兆豐-松德",1,0,1
"1730","3679新至陞","110/08/26","國票-中和",0,1,-1
"1731","3679新至陞","110/08/26","玉山-高雄",2,1,1
"1732","3679新至陞","110/08/26","香港上海匯豐",0,1,-1
"1733","3679新至陞","110/08/26","凱基-桃園",1,0,1
"1734","3679新至陞","110/08/26","富邦-建國",0,1,-1
"1735","3679新至陞","110/08/26","凱基-幸福",1,0,1
"1736","3679新至陞","110/08/26","富邦-新店",1,2,-1
"1737","3679新至陞","110/08/26","凱基-城中",1,0,1
"1738","3679新至陞","110/08/26","元大-永春",0,1,-1
"1739","3679新至陞","110/08/26","華南永昌-大安",1,0,1
"1740","3679新至陞","110/08/26","永豐金證券",0,1,-1
"1741","2727王品","110/08/26","瑞士信貸",54,0,54
"1742","2727王品","110/08/26","凱基-台北",11,70,-59
"1743","2727王品","110/08/26","元大-桃園",26,0,26
"1744","2727王品","110/08/26","永豐金證券",0,48,-48
"1745","2727王品","110/08/26","兆豐-北高雄",32,7,25
"1746","2727王品","110/08/26","華南永昌-鳳山",0,36,-36
"1747","2727王品","110/08/26","台新證券",29,8,21
"1748","2727王品","110/08/26","元大-彰化民生",1,35,-34
"1749","2727王品","110/08/26","康和-澎湖",20,0,20
"1750","2727王品","110/08/26","摩根大通",13,46,-33
"1751","2727王品","110/08/26","台灣摩根士丹利",54,35,19
"1752","2727王品","110/08/26","元大證券",25,57,-32
"1753","2727王品","110/08/26","(牛牛牛)亞-鑫豐",18,2,16
"1754","2727王品","110/08/26","彰銀-台中",1,30,-29
"1755","2727王品","110/08/26","元大-中壢",16,1,15
"1756","2727王品","110/08/26","國泰證券",0,19,-19
"1757","2727王品","110/08/26","華南永昌",13,1,12
"1758","2727王品","110/08/26","富邦-建國",2,21,-19
"1759","2727王品","110/08/26","永豐金-萬盛",12,0,12
"1760","2727王品","110/08/26","美林",5,19,-14
"1761","2727王品","110/08/26","新光-台中",14,3,11
"1762","2727王品","110/08/26","統一",0,14,-14
"1763","2727王品","110/08/26","新光",19,9,10
"1764","2727王品","110/08/26","國票-內壢",1,14,-13
"1765","2727王品","110/08/26","國泰-台南",12,3,9
"1766","2727王品","110/08/26","台灣企銀",0,12,-12
"1767","2727王品","110/08/26","元大-景美",9,1,8
"1768","2727王品","110/08/26","康和-高雄",0,10,-10
"1769","2727王品","110/08/26","國泰-敦南",20,13,7
"1770","2727王品","110/08/26","統一-松江",0,8,-8
"1771","1570力肯","110/08/26","群益金鼎-高雄",34,0,34
"1772","1570力肯","110/08/26","永豐金-虎尾",0,50,-50
"1773","1570力肯","110/08/26","香港上海匯豐",21,0,21
"1774","1570力肯","110/08/26","富邦-高雄",0,38,-38
"1775","1570力肯","110/08/26","凱基-台北",9,1,8
"1776","1570力肯","110/08/26","華南永昌-麻豆",0,14,-14
"1777","1570力肯","110/08/26","國票-台中",7,0,7
"1778","1570力肯","110/08/26","摩根大通",0,11,-11
"1779","1570力肯","110/08/26","美林",6,0,6
"1780","1570力肯","110/08/26","凱基-復興",0,7,-7
"1781","1570力肯","110/08/26","群益金鼎-瑞豐",6,0,6
"1782","1570力肯","110/08/26","元大-基隆孝二",0,7,-7
"1783","1570力肯","110/08/26","日茂-南投",5,0,5
"1784","1570力肯","110/08/26","國票-博愛",2,8,-6
"1785","1570力肯","110/08/26","兆豐-鹿港",5,0,5
"1786","1570力肯","110/08/26","元富-城東",0,5,-5
"1787","1570力肯","110/08/26","兆豐-松德",5,0,5
"1788","1570力肯","110/08/26","兆豐-中壢",0,4,-4
"1789","1570力肯","110/08/26","國票-和平",5,0,5
"1790","1570力肯","110/08/26","華南永昌-大安",0,4,-4
"1791","1570力肯","110/08/26","凱基-站前",5,0,5
"1792","1570力肯","110/08/26","統一-三重",0,3,-3
"1793","1570力肯","110/08/26","元大-新竹經國",5,0,5
"1794","1570力肯","110/08/26","統一-員林",0,2,-2
"1795","1570力肯","110/08/26","元大-草屯",4,0,4
"1796","1570力肯","110/08/26","凱基-天母",0,2,-2
"1797","1570力肯","110/08/26","(牛牛牛)亞-鑫豐",3,0,3
"1798","1570力肯","110/08/26","元大-大里",0,2,-2
"1799","1570力肯","110/08/26","國票-北高雄",4,1,3
"1800","1570力肯","110/08/26","大慶-富順",0,1,-1
"1801","6180橘子","110/08/26","港商野村",126,2,124
"1802","6180橘子","110/08/26","國票-南港",0,71,-71
"1803","6180橘子","110/08/26","美林",29,0,29
"1804","6180橘子","110/08/26","新加坡商瑞銀",0,31,-31
"1805","6180橘子","110/08/26","國泰-敦南",19,1,18
"1806","6180橘子","110/08/26","大慶-富順",0,22,-22
"1807","6180橘子","110/08/26","日盛-文化",15,0,15
"1808","6180橘子","110/08/26","摩根大通",28,47,-19
"1809","6180橘子","110/08/26","美商高盛",26,11,15
"1810","6180橘子","110/08/26","華南永昌-公誠",1,20,-19
"1811","6180橘子","110/08/26","高橋",15,0,15
"1812","6180橘子","110/08/26","元大-台中中港",1,17,-16
"1813","6180橘子","110/08/26","新光-台中",14,0,14
"1814","6180橘子","110/08/26","新光",5,20,-15
"1815","6180橘子","110/08/26","日盛-中壢",13,0,13
"1816","6180橘子","110/08/26","國泰-高雄",1,16,-15
"1817","6180橘子","110/08/26","富邦-新營",13,0,13
"1818","6180橘子","110/08/26","凱基-台北",263,277,-14
"1819","6180橘子","110/08/26","永豐金-松山",14,1,13
"1820","6180橘子","110/08/26","元大-天母",0,14,-14
"1821","6180橘子","110/08/26","日盛-花蓮",10,0,10
"1822","6180橘子","110/08/26","元大-草屯",0,13,-13
"1823","6180橘子","110/08/26","第一金-光復",14,4,10
"1824","6180橘子","110/08/26","富隆-長安",0,12,-12
"1825","6180橘子","110/08/26","台新-高雄",10,0,10
"1826","6180橘子","110/08/26","凱基-站前",0,12,-12
"1827","6180橘子","110/08/26","玉山-高雄",12,2,10
"1828","6180橘子","110/08/26","元大-北成功",0,12,-12
"1829","6180橘子","110/08/26","凱基-高雄",10,0,10
"1830","6180橘子","110/08/26","合庫-新竹",2,12,-10
"1831","2390云辰","110/08/26","統一-新台中",134,19,115
"1832","2390云辰","110/08/26","元大證券",22,150,-128
"1833","2390云辰","110/08/26","元大-松山",82,0,82
"1834","2390云辰","110/08/26","摩根大通",18,141,-123
"1835","2390云辰","110/08/26","國泰-桃園",78,7,71
"1836","2390云辰","110/08/26","凱基-湖口",6,101,-95
"1837","2390云辰","110/08/26","元大-土城學府",121,63,58
"1838","2390云辰","110/08/26","元大-前金",3,82,-79
"1839","2390云辰","110/08/26","台新-左楠",47,0,47
"1840","2390云辰","110/08/26","康和-石牌",3,53,-50
"1841","2390云辰","110/08/26","玉山-板橋",45,1,44
"1842","2390云辰","110/08/26","港商野村",348,393,-45
"1843","2390云辰","110/08/26","國票-嘉義",40,0,40
"1844","2390云辰","110/08/26","凱基-大直",0,45,-45
"1845","2390云辰","110/08/26","凱基-台北",142,106,36
"1846","2390云辰","110/08/26","新加坡商瑞銀",4,48,-44
"1847","2390云辰","110/08/26","群益金鼎-民權",33,0,33
"1848","2390云辰","110/08/26","永豐金-敦北",1,40,-39
"1849","2390云辰","110/08/26","富邦-三重",33,1,32
"1850","2390云辰","110/08/26","大慶-富順",7,40,-33
"1851","2390云辰","110/08/26","富邦-中壢",35,8,27
"1852","2390云辰","110/08/26","元大-豐原",3,36,-33
"1853","2390云辰","110/08/26","玉山-嘉義",29,3,26
"1854","2390云辰","110/08/26","日盛-和美",0,30,-30
"1855","2390云辰","110/08/26","高橋-中壢",25,0,25
"1856","2390云辰","110/08/26","宏遠證券",0,30,-30
"1857","2390云辰","110/08/26","國泰-板橋",44,19,25
"1858","2390云辰","110/08/26","元大-士林",4,34,-30
"1859","2390云辰","110/08/26","富邦-陽明",43,18,25
"1860","2390云辰","110/08/26","台灣摩根士丹利",5,34,-29
"1861","1315達新","110/08/25","凱基-中港",7,0,7
"1862","1315達新","110/08/25","群益金鼎-東湖",0,9,-9
"1863","1315達新","110/08/25","富邦-台中",7,0,7
"1864","1315達新","110/08/25","永豐金證券",0,8,-8
"1865","1315達新","110/08/25","台灣摩根士丹利",4,0,4
"1866","1315達新","110/08/25","群益金鼎-瑞豐",0,3,-3
"1867","1315達新","110/08/25","元大-歸仁",2,0,2
"1868","1315達新","110/08/25","元富-世貿",0,2,-2
"1869","1315達新","110/08/25","元大-南屯",2,0,2
"1870","1315達新","110/08/25","元富-花蓮",0,2,-2
"1871","1315達新","110/08/25","永豐金-中正",2,0,2
"1872","1315達新","110/08/25","元大-文心興安",0,2,-2
"1873","1315達新","110/08/25","統一-城中",1,0,1
"1874","1315達新","110/08/25","宏遠-館前",0,1,-1
"1875","1315達新","110/08/25","統一-三重",1,0,1
"1876","1315達新","110/08/25","統一-敦南",0,1,-1
"1877","1315達新","110/08/25","德信-中正",1,0,1
"1878","1315達新","110/08/25","元富-文心",0,1,-1
"1879","1315達新","110/08/25","玉山-新莊",1,0,1
"1880","1315達新","110/08/25","兆豐-嘉義",0,1,-1
"1881","1315達新","110/08/25","國泰-台南",1,0,1
"1882","1315達新","110/08/25","凱基-市政",0,1,-1
"1883","1315達新","110/08/25","群益金鼎-建成",1,0,1
"1884","1315達新","110/08/25","元大-開元",0,1,-1
"1885","1315達新","110/08/25","群益金鼎-鳳山",1,0,1
"1886","1315達新","110/08/25","元大-東蘆",0,1,-1
"1887","1315達新","110/08/25","凱基",1,0,1
"1888","1315達新","110/08/25","元大-桃園",0,1,-1
"1889","1315達新","110/08/25","凱基-台北",1,0,1
"1890","1315達新","110/08/25","元大-北投",0,1,-1
"1891","2609陽明","110/08/25","康和",4817,1130,3687
"1892","2609陽明","110/08/25","富邦證券",20,1499,-1479
"1893","2609陽明","110/08/25","富邦-虎尾",5954,3739,2215
"1894","2609陽明","110/08/25","華南永昌-虎尾",60,1507,-1447
"1895","2609陽明","110/08/25","台灣摩根士丹利",2126,25,2101
"1896","2609陽明","110/08/25","華南永昌-竹北",35,1362,-1327
"1897","2609陽明","110/08/25","凱基-台北",2778,942,1836
"1898","2609陽明","110/08/25","富邦-建國",327,1397,-1070
"1899","2609陽明","110/08/25","兆豐-虎尾",5704,4355,1349
"1900","2609陽明","110/08/25","群益金鼎-大安",177,815,-638
"1901","2609陽明","110/08/25","元大-開元",1090,150,940
"1902","2609陽明","110/08/25","永豐金-松山",135,646,-511
"1903","2609陽明","110/08/25","新加坡商瑞銀",1582,730,852
"1904","2609陽明","110/08/25","華南永昌-長虹",344,810,-466
"1905","2609陽明","110/08/25","統一-仁愛",961,139,822
"1906","2609陽明","110/08/25","新光",1804,2222,-418
"1907","2609陽明","110/08/25","瑞士信貸",1307,553,754
"1908","2609陽明","110/08/25","合庫-桃園",48,447,-399
"1909","2609陽明","110/08/25","美林",4574,3894,680
"1910","2609陽明","110/08/25","元大-雙和",203,536,-333
"1911","2609陽明","110/08/25","國票-彰化",685,112,573
"1912","2609陽明","110/08/25","永豐金證券",145,468,-323
"1913","2609陽明","110/08/25","摩根大通",4654,4103,551
"1914","2609陽明","110/08/25","兆豐-板橋",88,398,-310
"1915","2609陽明","110/08/25","日盛-板橋",648,186,462
"1916","2609陽明","110/08/25","群益金鼎-敦南",98,346,-248
"1917","2609陽明","110/08/25","兆豐-彰化",904,448,456
"1918","2609陽明","110/08/25","國泰-敦南",1686,1916,-230
"1919","2609陽明","110/08/25","兆豐-中壢",425,15,410
"1920","2609陽明","110/08/25","元大-佳里",54,271,-217
"1921","2636台驊投控","110/08/25","凱基-台北",791,245,546
"1922","2636台驊投控","110/08/25","日進",10,242,-232
"1923","2636台驊投控","110/08/25","美商高盛",508,168,340
"1924","2636台驊投控","110/08/25","兆豐-中壢",0,209,-209
"1925","2636台驊投控","110/08/25","國票-彰化",292,29,263
"1926","2636台驊投控","110/08/25","元大-松江",3,68,-65
"1927","2636台驊投控","110/08/25","美林",331,117,214
"1928","2636台驊投控","110/08/25","國泰-敦南",61,106,-45
"1929","2636台驊投控","110/08/25","摩根大通",424,213,211
"1930","2636台驊投控","110/08/25","富邦-嘉義",10,55,-45
"1931","2636台驊投控","110/08/25","港商野村",852,674,178
"1932","2636台驊投控","110/08/25","群益金鼎-大安",2,43,-41
"1933","2636台驊投控","110/08/25","台灣摩根士丹利",205,89,116
"1934","2636台驊投控","110/08/25","元大-林森",45,84,-39
"1935","2636台驊投控","110/08/25","瑞士信貸",148,86,62
"1936","2636台驊投控","110/08/25","華南永昌-合泰",0,36,-36
"1937","2636台驊投控","110/08/25","元大-士林",43,0,43
"1938","2636台驊投控","110/08/25","富邦-建國",17,52,-35
"1939","2636台驊投控","110/08/25","宏遠-台南",37,3,34
"1940","2636台驊投控","110/08/25","兆豐-城中",1,31,-30
"1941","2636台驊投控","110/08/25","永豐金-萬盛",38,4,34
"1942","2636台驊投控","110/08/25","新光-台中",33,62,-29
"1943","2636台驊投控","110/08/25","凱基-鳳山",32,2,30
"1944","2636台驊投控","110/08/25","台新-台中",13,40,-27
"1945","2636台驊投控","110/08/25","元大-桃園",29,1,28
"1946","2636台驊投控","110/08/25","玉山證券",20,47,-27
"1947","2636台驊投控","110/08/25","新加坡商瑞銀",58,33,25
"1948","2636台驊投控","110/08/25","永豐金-天母",3,30,-27
"1949","2636台驊投控","110/08/25","兆豐-三民",21,0,21
"1950","2636台驊投控","110/08/25","元大-成功",2,24,-22
"1951","2867三商壽","110/08/25","華南永昌-大安",201,0,201
"1952","2867三商壽","110/08/25","元大-北投",0,384,-384
"1953","2867三商壽","110/08/25","元大-竹科",140,0,140
"1954","2867三商壽","110/08/25","摩根大通",78,315,-237
"1955","2867三商壽","110/08/25","美林",174,50,124
"1956","2867三商壽","110/08/25","國泰證券",0,150,-150
"1957","2867三商壽","110/08/25","凱基-台北",125,26,99
"1958","2867三商壽","110/08/25","土銀-台中",0,120,-120
"1959","2867三商壽","110/08/25","瑞士信貸",98,0,98
"1960","2867三商壽","110/08/25","台灣摩根士丹利",0,120,-120
"1961","2867三商壽","110/08/25","兆豐-新營",70,0,70
"1962","2867三商壽","110/08/25","日盛-員林",0,99,-99
"1963","2867三商壽","110/08/25","兆豐-永和",64,0,64
"1964","2867三商壽","110/08/25","兆豐-斗南",0,40,-40
"1965","2867三商壽","110/08/25","群益金鼎-大甲",47,4,43
"1966","2867三商壽","110/08/25","中國信託-永康",0,35,-35
"1967","2867三商壽","110/08/25","群益金鼎-東門",40,0,40
"1968","2867三商壽","110/08/25","群益金鼎-屏東",0,32,-32
"1969","2867三商壽","110/08/25","元大-沙鹿",40,0,40
"1970","2867三商壽","110/08/25","群益金鼎-彰化",2,32,-30
"1971","2867三商壽","110/08/25","國泰-板橋",40,1,39
"1972","2867三商壽","110/08/25","元大-基隆孝二",0,30,-30
"1973","2867三商壽","110/08/25","元大-桃園",36,0,36
"1974","2867三商壽","110/08/25","元大-四維",0,25,-25
"1975","2867三商壽","110/08/25","合庫-基隆",30,0,30
"1976","2867三商壽","110/08/25","國票-北高雄",0,20,-20
"1977","2867三商壽","110/08/25","凱基",26,0,26
"1978","2867三商壽","110/08/25","華南永昌-南京",0,20,-20
"1979","2867三商壽","110/08/25","兆豐-台南",25,0,25
"1980","2867三商壽","110/08/25","宏遠-台中",0,16,-16
"1981","5521工信","110/08/25","凱基-台北",112,46,66
"1982","5521工信","110/08/25","兆豐-桃園",0,207,-207
"1983","5521工信","110/08/25","元大證券",66,0,66
"1984","5521工信","110/08/25","台灣摩根士丹利",1,206,-205
"1985","5521工信","110/08/25","元大-大統",42,0,42
"1986","5521工信","110/08/25","華南永昌-朴子",10,53,-43
"1987","5521工信","110/08/25","元大-南屯",40,0,40
"1988","5521工信","110/08/25","美林",0,35,-35
"1989","5521工信","110/08/25","華南永昌",38,0,38
"1990","5521工信","110/08/25","國泰-板橋",0,34,-34
"1991","5521工信","110/08/25","合庫-台南",30,0,30
"1992","5521工信","110/08/25","豐農",0,30,-30
"1993","5521工信","110/08/25","高橋-內壢",30,0,30
"1994","5521工信","110/08/25","富邦-新竹",0,21,-21
"1995","5521工信","110/08/25","摩根大通",121,91,30
"1996","5521工信","110/08/25","群益金鼎-萬華",0,20,-20
"1997","5521工信","110/08/25","台新-左楠",28,0,28
"1998","5521工信","110/08/25","元大-基隆孝二",0,20,-20
"1999","5521工信","110/08/25","日盛-斗六",26,0,26
"2000","5521工信","110/08/25","凱基-斗六",2,20,-18
"2001","5521工信","110/08/25","元大-東蘆",21,0,21
"2002","5521工信","110/08/25","富邦-陽明",0,16,-16
"2003","5521工信","110/08/25","第一金-新竹",21,3,18
"2004","5521工信","110/08/25","港商野村",0,13,-13
"2005","5521工信","110/08/25","玉山-新莊",16,0,16
"2006","5521工信","110/08/25","群益金鼎-館前",0,11,-11
"2007","5521工信","110/08/25","元大-北投",15,0,15
"2008","5521工信","110/08/25","土銀-高雄",0,10,-10
"2009","5521工信","110/08/25","凱基-台東",15,1,14
"2010","5521工信","110/08/25","統一",0,10,-10
"2011","1471首利","110/08/25","元大-敦化",86,0,86
"2012","1471首利","110/08/25","元大-清水",0,111,-111
"2013","1471首利","110/08/25","凱基-台北",46,0,46
"2014","1471首利","110/08/25","群益金鼎-東大",0,78,-78
"2015","1471首利","110/08/25","美林",34,0,34
"2016","1471首利","110/08/25","新光",0,39,-39
"2017","1471首利","110/08/25","摩根大通",53,26,27
"2018","1471首利","110/08/25","國票-北高雄",0,25,-25
"2019","1471首利","110/08/25","凱基-五股",25,0,25
"2020","1471首利","110/08/25","富邦-高雄",0,15,-15
"2021","1471首利","110/08/25","日盛-樹林",20,0,20
"2022","1471首利","110/08/25","兆豐-員林",0,14,-14
"2023","1471首利","110/08/25","瑞士信貸",20,0,20
"2024","1471首利","110/08/25","元大-土城永寧",0,13,-13
"2025","1471首利","110/08/25","元大-莒光",21,5,16
"2026","1471首利","110/08/25","盈溢-楠梓",0,11,-11
"2027","1471首利","110/08/25","統一-新台中",15,0,15
"2028","1471首利","110/08/25","元大-大里",0,11,-11
"2029","1471首利","110/08/25","永豐金-敦南",15,0,15
"2030","1471首利","110/08/25","日盛-高雄",5,15,-10
"2031","1471首利","110/08/25","光和-溪湖",13,0,13
"2032","1471首利","110/08/25","凱基-竹科",0,10,-10
"2033","1471首利","110/08/25","日盛-屏東",10,0,10
"2034","1471首利","110/08/25","元大-斗信",0,10,-10
"2035","1471首利","110/08/25","兆豐-高雄",10,0,10
"2036","1471首利","110/08/25","第一金-台南",1,10,-9
"2037","1471首利","110/08/25","中農",10,0,10
"2038","1471首利","110/08/25","台灣企銀-太平",0,8,-8
"2039","1471首利","110/08/25","華南永昌-合泰",10,0,10
"2040","1471首利","110/08/25","新光-台中",5,12,-7
"2041","2883開發金","110/08/25","凱基",4004,0,4004
"2042","2883開發金","110/08/25","摩根大通",106,4873,-4767
"2043","2883開發金","110/08/25","群益金鼎",2728,3,2725
"2044","2883開發金","110/08/25","瑞士信貸",1180,3777,-2597
"2045","2883開發金","110/08/25","美林",2122,57,2065
"2046","2883開發金","110/08/25","元大-開元",29,2542,-2513
"2047","2883開發金","110/08/25","凱基-台北",2581,555,2026
"2048","2883開發金","110/08/25","聯邦商銀",1,1900,-1899
"2049","2883開發金","110/08/25","富邦-建國",2069,82,1987
"2050","2883開發金","110/08/25","台灣摩根士丹利",3322,4605,-1283
"2051","2883開發金","110/08/25","中國信託",3132,1528,1604
"2052","2883開發金","110/08/25","元大-忠孝",10,1219,-1209
"2053","2883開發金","110/08/25","兆豐-北高雄",1657,83,1574
"2054","2883開發金","110/08/25","香港上海匯豐",0,1001,-1001
"2055","2883開發金","110/08/25","統一",1311,107,1204
"2056","2883開發金","110/08/25","新光",1050,1828,-778
"2057","2883開發金","110/08/25","永豐金-南京",1030,3,1027
"2058","2883開發金","110/08/25","港商野村",1304,2000,-696
"2059","2883開發金","110/08/25","美商高盛",1733,815,918
"2060","2883開發金","110/08/25","元富",314,1002,-688
"2061","2883開發金","110/08/25","台灣匯立證券",638,0,638
"2062","2883開發金","110/08/25","國泰-敦南",289,975,-686
"2063","2883開發金","110/08/25","合庫-台中",608,38,570
"2064","2883開發金","110/08/25","新光-台南",23,521,-498
"2065","2883開發金","110/08/25","臺銀",1016,450,566
"2066","2883開發金","110/08/25","合庫證券",19,461,-442
"2067","2883開發金","110/08/25","元大-豐原",556,25,531
"2068","2883開發金","110/08/25","(牛牛牛)亞-鑫豐",134,538,-404
"2069","2883開發金","110/08/25","台中銀-員林",501,13,488
"2070","2883開發金","110/08/25","元大-士林",8,385,-377
"2071","6205詮欣","110/08/25","日盛-新莊",12,2,10
"2072","6205詮欣","110/08/25","日盛-樹林",0,12,-12
"2073","6205詮欣","110/08/25","康和-台北",10,0,10
"2074","6205詮欣","110/08/25","臺銀-民權",0,10,-10
"2075","6205詮欣","110/08/25","臺銀-臺中",9,0,9
"2076","6205詮欣","110/08/25","元大-博愛",20,30,-10
"2077","6205詮欣","110/08/25","瑞士信貸",10,2,8
"2078","6205詮欣","110/08/25","元大-羅東",0,8,-8
"2079","6205詮欣","110/08/25","摩根大通",17,10,7
"2080","6205詮欣","110/08/25","元富-三重",0,6,-6
"2081","6205詮欣","110/08/25","凱基-台南",6,0,6
"2082","6205詮欣","110/08/25","群益金鼎-永和",0,5,-5
"2083","6205詮欣","110/08/25","玉山證券",5,0,5
"2084","6205詮欣","110/08/25","元大-館前",0,5,-5
"2085","6205詮欣","110/08/25","元大-東泰",5,0,5
"2086","6205詮欣","110/08/25","凱基-汐止",0,4,-4
"2087","6205詮欣","110/08/25","元富-潮州",4,0,4
"2088","6205詮欣","110/08/25","元大-大益",0,4,-4
"2089","6205詮欣","110/08/25","大慶-泰山",3,0,3
"2090","6205詮欣","110/08/25","永豐金證券",0,4,-4
"2091","6205詮欣","110/08/25","亞東-台南",2,0,2
"2092","6205詮欣","110/08/25","永豐金-台南",0,4,-4
"2093","6205詮欣","110/08/25","兆豐-台南",2,0,2
"2094","6205詮欣","110/08/25","台灣企銀-九如",0,3,-3
"2095","6205詮欣","110/08/25","兆豐-公益",2,0,2
"2096","6205詮欣","110/08/25","兆豐-景美",0,3,-3
"2097","6205詮欣","110/08/25","凱基-松山",2,0,2
"2098","6205詮欣","110/08/25","北城證券",0,3,-3
"2099","6205詮欣","110/08/25","凱基-台北",2,0,2
"2100","6205詮欣","110/08/25","元大-忠孝",0,3,-3
"2101","1540喬福","110/08/25","元大-士林",8,0,8
"2102","1540喬福","110/08/25","摩根大通",0,13,-13
"2103","1540喬福","110/08/25","元富-文心",5,0,5
"2104","1540喬福","110/08/25","永豐金-永康",0,6,-6
"2105","1540喬福","110/08/25","凱基-台北",4,0,4
"2106","1540喬福","110/08/25","群益金鼎-丹鳳",0,5,-5
"2107","1540喬福","110/08/25","元大-土城永寧",2,0,2
"2108","1540喬福","110/08/25","合庫-鳳山",0,1,-1
"2109","1540喬福","110/08/25","元大-頭份",2,0,2
"2110","1540喬福","110/08/25","美商高盛",0,1,-1
"2111","1540喬福","110/08/25","兆豐-北高雄",2,0,2
"2112","1540喬福","110/08/25","中國信託-忠孝",0,1,-1
"2113","1540喬福","110/08/25","凱基-中壢",2,0,2
"2114","1540喬福","110/08/25","致和-南京",0,1,-1
"2115","1540喬福","110/08/25","美林",1,0,1
"2116","1540喬福","110/08/25","富邦-仁愛",0,1,-1
"2117","1540喬福","110/08/25","永豐金-中正",1,0,1
"2118","1540喬福","110/08/25","元大-大里德芳",0,1,-1
"2119","1540喬福","110/08/25","元大-文心興安",1,0,1
"2120","1540喬福","110/08/25","元大-左營",0,1,-1
"2121","1540喬福","110/08/25","華南永昌-公誠",1,0,1
"2122","1540喬福","110/08/25","元大-汐止",0,1,-1
"2123","1540喬福","110/08/25","大昌-新店",1,0,1
"2124","1540喬福","110/08/25","日盛-內湖",0,0,0
"2125","1540喬福","110/08/25","元富-大昌",1,0,1
"2126","1540喬福","110/08/25","(牛牛牛)亞-網路",0,0,0
"2127","1540喬福","110/08/25","元富",1,0,1
"2128","1540喬福","110/08/25","康和-板橋",0,0,0
"2129","1540喬福","110/08/25","凱基-竹北",0,0,0
"2130","1540喬福","110/08/25","凱基-竹北",0,0,0
"2131","2888新光金","110/08/25","統一",11078,277,10801
"2132","2888新光金","110/08/25","元富-城東",162,17808,-17646
"2133","2888新光金","110/08/25","元大-忠孝鼎富",10200,0,10200
"2134","2888新光金","110/08/25","康和-台中",45,10015,-9970
"2135","2888新光金","110/08/25","華南永昌-岡山",9944,105,9839
"2136","2888新光金","110/08/25","第一金-華江",266,9839,-9573
"2137","2888新光金","110/08/25","日盛證券",8935,66,8869
"2138","2888新光金","110/08/25","元富-新店",37,2975,-2938
"2139","2888新光金","110/08/25","瑞士信貸",8347,1175,7172
"2140","2888新光金","110/08/25","元富-世貿",332,3270,-2938
"2141","2888新光金","110/08/25","富邦-岡山",5039,52,4987
"2142","2888新光金","110/08/25","元富-新興",31,2160,-2129
"2143","2888新光金","110/08/25","國票-九鼎",4662,102,4560
"2144","2888新光金","110/08/25","元富-敦南",19,2135,-2116
"2145","2888新光金","110/08/25","國票-長城",4288,5,4283
"2146","2888新光金","110/08/25","元富",7,2039,-2032
"2147","2888新光金","110/08/25","國票-北高雄",2515,38,2477
"2148","2888新光金","110/08/25","元富-成功",184,2095,-1911
"2149","2888新光金","110/08/25","新光",2800,661,2139
"2150","2888新光金","110/08/25","元富-板橋",65,1967,-1902
"2151","2888新光金","110/08/25","統一-板橋",1762,10,1752
"2152","2888新光金","110/08/25","彰銀",0,1865,-1865
"2153","2888新光金","110/08/25","玉山-板橋",1714,21,1693
"2154","2888新光金","110/08/25","元富-文心",159,1916,-1757
"2155","2888新光金","110/08/25","美商高盛",2345,739,1606
"2156","2888新光金","110/08/25","元富-吉利",45,1701,-1656
"2157","2888新光金","110/08/25","國票-博愛",1264,4,1260
"2158","2888新光金","110/08/25","元富-花蓮",13,1602,-1589
"2159","2888新光金","110/08/25","富邦-中壢",1278,95,1183
"2160","2888新光金","110/08/25","凱基-台北",1875,3353,-1478
"2161","1340勝悅","110/08/25","凱基-台北",13,0,13
"2162","1340勝悅","110/08/25","日盛-永康",0,10,-10
"2163","1340勝悅","110/08/25","華南永昌-公誠",10,0,10
"2164","1340勝悅","110/08/25","元大-忠孝鼎富",0,10,-10
"2165","1340勝悅","110/08/25","臺灣企銀-埔墘",5,0,5
"2166","1340勝悅","110/08/25","華南永昌-東昇",0,9,-9
"2167","1340勝悅","110/08/25","美商高盛",3,0,3
"2168","1340勝悅","110/08/25","摩根大通",1,9,-8
"2169","1340勝悅","110/08/25","元大-仁愛",3,0,3
"2170","1340勝悅","110/08/25","華南永昌-林口",0,6,-6
"2171","1340勝悅","110/08/25","永豐金-永康",3,0,3
"2172","1340勝悅","110/08/25","兆豐-新營",0,5,-5
"2173","1340勝悅","110/08/25","國泰-敦南",3,1,2
"2174","1340勝悅","110/08/25","富邦-羅東",0,3,-3
"2175","1340勝悅","110/08/25","富邦-北港",2,0,2
"2176","1340勝悅","110/08/25","元大-竹山",0,3,-3
"2177","1340勝悅","110/08/25","元大-南勢角",2,0,2
"2178","1340勝悅","110/08/25","元大-復北",0,3,-3
"2179","1340勝悅","110/08/25","合庫-台中",1,0,1
"2180","1340勝悅","110/08/25","元大-嘉義",0,3,-3
"2181","1340勝悅","110/08/25","日盛-新莊",1,0,1
"2182","1340勝悅","110/08/25","元大-草屯",0,2,-2
"2183","1340勝悅","110/08/25","日盛-頭份",1,0,1
"2184","1340勝悅","110/08/25","國票-和平",0,1,-1
"2185","1340勝悅","110/08/25","國泰-台中",6,5,1
"2186","1340勝悅","110/08/25","新光",0,1,-1
"2187","1340勝悅","110/08/25","國泰-台南",1,0,1
"2188","1340勝悅","110/08/25","群益金鼎-高盛",0,1,-1
"2189","1340勝悅","110/08/25","元大-竹東",1,0,1
"2190","1340勝悅","110/08/25","元大-新竹經國",0,1,-1
"2191","6246臺龍","110/08/25","統一-台南",15,0,15
"2192","6246臺龍","110/08/25","日盛-斗六",0,9,-9
"2193","6246臺龍","110/08/25","新光-台中",7,0,7
"2194","6246臺龍","110/08/25","新光-高雄",0,5,-5
"2195","6246臺龍","110/08/25","永豐金-嘉義",4,0,4
"2196","6246臺龍","110/08/25","光和-高雄",0,3,-3
"2197","6246臺龍","110/08/25","台新證券",4,1,3
"2198","6246臺龍","110/08/25","永全",0,3,-3
"2199","6246臺龍","110/08/25","凱基-竹科",3,0,3
"2200","6246臺龍","110/08/25","國泰-敦南",0,3,-3
"2201","6246臺龍","110/08/25","統一-中壢",2,0,2
"2202","6246臺龍","110/08/25","元大-員林",4,7,-3
"2203","6246臺龍","110/08/25","兆豐-竹北",2,0,2
"2204","6246臺龍","110/08/25","元大-小港",0,3,-3
"2205","6246臺龍","110/08/25","兆豐-景美",2,0,2
"2206","6246臺龍","110/08/25","土銀-花蓮",0,2,-2
"2207","6246臺龍","110/08/25","元大-內湖",4,2,2
"2208","6246臺龍","110/08/25","日盛-文化",0,2,-2
"2209","6246臺龍","110/08/25","元大-北屯",2,0,2
"2210","6246臺龍","110/08/25","統一-新竹",0,2,-2
"2211","6246臺龍","110/08/25","日盛-中壢",1,0,1
"2212","6246臺龍","110/08/25","台新-台南",0,2,-2
"2213","6246臺龍","110/08/25","日盛-八德",1,0,1
"2214","6246臺龍","110/08/25","國泰-板橋",0,2,-2
"2215","6246臺龍","110/08/25","日盛-新竹",1,0,1
"2216","6246臺龍","110/08/25","富邦-竹東",0,2,-2
"2217","6246臺龍","110/08/25","日盛-宜蘭",1,0,1
"2218","6246臺龍","110/08/25","合庫-西台中",0,1,-1
"2219","6246臺龍","110/08/25","日盛-頭份",1,0,1
"2220","6246臺龍","110/08/25","日盛-新莊",0,1,-1
"2221","00715L期街口布蘭特正2","110/08/25","元大證券",19583,546,19037
"2222","00715L期街口布蘭特正2","110/08/25","第一金-豐原",0,1000,-1000
"2223","00715L期街口布蘭特正2","110/08/25","合庫證券",4367,15,4352
"2224","00715L期街口布蘭特正2","110/08/25","新光",311,1182,-871
"2225","00715L期街口布蘭特正2","110/08/25","永豐金證券",3240,15,3225
"2226","00715L期街口布蘭特正2","110/08/25","兆豐-台中",0,798,-798
"2227","00715L期街口布蘭特正2","110/08/25","元富",3115,0,3115
"2228","00715L期街口布蘭特正2","110/08/25","玉山-新莊",2,634,-632
"2229","00715L期街口布蘭特正2","110/08/25","統一",2701,40,2661
"2230","00715L期街口布蘭特正2","110/08/25","元富-中壢",22,630,-608
"2231","00715L期街口布蘭特正2","110/08/25","第一金-台中",800,2,798
"2232","00715L期街口布蘭特正2","110/08/25","玉山-板橋",1,563,-562
"2233","00715L期街口布蘭特正2","110/08/25","聯邦-三重",750,10,740
"2234","00715L期街口布蘭特正2","110/08/25","華南永昌-台中",105,642,-537
"2235","00715L期街口布蘭特正2","110/08/25","富邦證券",945,420,525
"2236","00715L期街口布蘭特正2","110/08/25","(牛牛牛)亞-鑫豐",31,557,-526
"2237","00715L期街口布蘭特正2","110/08/25","元大-三重",500,3,497
"2238","00715L期街口布蘭特正2","110/08/25","玉山-新竹",0,508,-508
"2239","00715L期街口布蘭特正2","110/08/25","台新證券",955,537,418
"2240","00715L期街口布蘭特正2","110/08/25","新光-台中",52,556,-504
"2241","00715L期街口布蘭特正2","110/08/25","國票-博愛",260,0,260
"2242","00715L期街口布蘭特正2","110/08/25","富邦-陽明",2,475,-473
"2243","00715L期街口布蘭特正2","110/08/25","元大-蘆洲",262,15,247
"2244","00715L期街口布蘭特正2","110/08/25","中國信託-新竹",0,455,-455
"2245","00715L期街口布蘭特正2","110/08/25","台新-台中",390,161,229
"2246","00715L期街口布蘭特正2","110/08/25","群益金鼎-宜蘭",1,448,-447
"2247","00715L期街口布蘭特正2","110/08/25","康和-嘉義",250,36,214
"2248","00715L期街口布蘭特正2","110/08/25","臺銀-新竹",34,435,-401
"2249","00715L期街口布蘭特正2","110/08/25","凱基-站前",245,36,209
"2250","00715L期街口布蘭特正2","110/08/25","第一金-台南",1,400,-399
"2251","8941關中","110/08/25","國泰-新莊",2,0,2
"2252","8941關中","110/08/25","富邦-左營",0,1,-1
"2253","8941關中","110/08/25","(牛牛牛)亞-鑫豐",0,0,0
"2254","8941關中","110/08/25","富邦-員林",0,1,-1
"2255","8941關中","110/08/25","康和-板橋",0,0,0
"2256","8941關中","110/08/25","(牛牛牛)亞-鑫豐",0,0,0
"2257","8941關中","110/08/25","凱基-板橋",0,0,0
"2258","8941關中","110/08/25","康和-板橋",0,0,0
"2259","8941關中","110/08/25","富邦-竹北",0,0,0
"2260","8941關中","110/08/25","凱基-板橋",0,0,0
"2261","8941關中","110/08/25","元大-花蓮",0,0,0
"2262","8941關中","110/08/25","富邦-竹北",0,0,0
"2263","8941關中","110/08/25","元大-土城",0,0,0
"2264","8941關中","110/08/25","元大-花蓮",0,0,0
"2265","8941關中","110/08/25","永豐金-萬盛",0,0,0
"2266","8941關中","110/08/25","元大-土城",0,0,0
"2267","8941關中","110/08/25","永豐金-南投",0,0,0
"2268","8941關中","110/08/25","永豐金-萬盛",0,0,0
"2269","8941關中","110/08/25","",NA,NA,NA
"2270","8941關中","110/08/25","永豐金-南投",0,0,0
"2271","8941關中","110/08/25","",NA,NA,NA
"2272","8941關中","110/08/25","",NA,NA,NA
"2273","8941關中","110/08/25","",NA,NA,NA
"2274","8941關中","110/08/25","",NA,NA,NA
"2275","8941關中","110/08/25","",NA,NA,NA
"2276","8941關中","110/08/25","",NA,NA,NA
"2277","8941關中","110/08/25","",NA,NA,NA
"2278","8941關中","110/08/25","",NA,NA,NA
"2279","8941關中","110/08/25","",NA,NA,NA
"2280","8941關中","110/08/25","",NA,NA,NA
"2281","8936國統","110/08/25","台灣摩根士丹利",132,11,121
"2282","8936國統","110/08/25","第一金-高雄",1,100,-99
"2283","8936國統","110/08/25","元富-新興",96,0,96
"2284","8936國統","110/08/25","美商高盛",1,63,-62
"2285","8936國統","110/08/25","瑞士信貸",74,0,74
"2286","8936國統","110/08/25","元大-蘆洲",0,50,-50
"2287","8936國統","110/08/25","摩根大通",113,52,61
"2288","8936國統","110/08/25","凱基-市政",0,35,-35
"2289","8936國統","110/08/25","永豐金-松山",50,0,50
"2290","8936國統","110/08/25","元大-北港",0,31,-31
"2291","8936國統","110/08/25","凱基-台北",84,52,32
"2292","8936國統","110/08/25","港商野村",4,26,-22
"2293","8936國統","110/08/25","新光",66,36,30
"2294","8936國統","110/08/25","日盛-豐原",0,20,-20
"2295","8936國統","110/08/25","新光-台中",50,24,26
"2296","8936國統","110/08/25","元大-鳳山",0,19,-19
"2297","8936國統","110/08/25","凱基-信義",20,0,20
"2298","8936國統","110/08/25","新加坡商瑞銀",27,45,-18
"2299","8936國統","110/08/25","永豐金-苓雅",20,0,20
"2300","8936國統","110/08/25","群益金鼎-嘉義",0,16,-16
"2301","8936國統","110/08/25","元大-天母",49,30,19
"2302","8936國統","110/08/25","凱基-林口",0,15,-15
"2303","8936國統","110/08/25","華南永昌",21,3,18
"2304","8936國統","110/08/25","台新-高雄",2,16,-14
"2305","8936國統","110/08/25","日盛-板橋",23,7,16
"2306","8936國統","110/08/25","國票-內壢",0,13,-13
"2307","8936國統","110/08/25","元富-敦南",15,0,15
"2308","8936國統","110/08/25","元富-三重",0,12,-12
"2309","8936國統","110/08/25","群益金鼎-古亭",15,0,15
"2310","8936國統","110/08/25","元富-緯城",5,17,-12
"2311","6226光鼎","110/08/25","摩根大通",1583,220,1363
"2312","6226光鼎","110/08/25","瑞士信貸",30,229,-199
"2313","6226光鼎","110/08/25","統一",1723,948,775
"2314","6226光鼎","110/08/25","國泰-敦南",442,580,-138
"2315","6226光鼎","110/08/25","元大-大同",1456,903,553
"2316","6226光鼎","110/08/25","台新-中壢",5,141,-136
"2317","6226光鼎","110/08/25","港商野村",688,373,315
"2318","6226光鼎","110/08/25","宏遠-光隆",22,137,-115
"2319","6226光鼎","110/08/25","凱基-永和",505,200,305
"2320","6226光鼎","110/08/25","元大-虎尾",5,96,-91
"2321","6226光鼎","110/08/25","統一-南京",303,106,197
"2322","6226光鼎","110/08/25","新加坡商瑞銀",49,134,-85
"2323","6226光鼎","110/08/25","美商高盛",243,76,167
"2324","6226光鼎","110/08/25","元大-板橋",2,83,-81
"2325","6226光鼎","110/08/25","台灣摩根士丹利",142,0,142
"2326","6226光鼎","110/08/25","玉山-桃園",46,126,-80
"2327","6226光鼎","110/08/25","兆豐-松德",145,46,99
"2328","6226光鼎","110/08/25","富邦-台北",27,101,-74
"2329","6226光鼎","110/08/25","玉山-城中",115,19,96
"2330","6226光鼎","110/08/25","兆豐-埔墘",0,67,-67
"2331","6226光鼎","110/08/25","富邦證券",148,53,95
"2332","6226光鼎","110/08/25","凱基-台北",51,113,-62
"2333","6226光鼎","110/08/25","富邦-建國",206,126,80
"2334","6226光鼎","110/08/25","台新-高雄",45,101,-56
"2335","6226光鼎","110/08/25","凱基-大直",81,2,79
"2336","6226光鼎","110/08/25","華南永昌-麻豆",5,61,-56
"2337","6226光鼎","110/08/25","元大-四維",149,71,78
"2338","6226光鼎","110/08/25","凱基-內埔",0,52,-52
"2339","6226光鼎","110/08/25","大展-台南",75,0,75
"2340","6226光鼎","110/08/25","日盛-復興",58,109,-51
"2341","2363矽統","110/08/25","合庫-基隆",894,406,488
"2342","2363矽統","110/08/25","元大-萬華",51,751,-700
"2343","2363矽統","110/08/25","瑞士信貸",448,0,448
"2344","2363矽統","110/08/25","美商高盛",260,879,-619
"2345","2363矽統","110/08/25","華南永昌-林口",256,17,239
"2346","2363矽統","110/08/25","凱基-台北",1409,1709,-300
"2347","2363矽統","110/08/25","元大-東泰",360,132,228
"2348","2363矽統","110/08/25","美林",337,633,-296
"2349","2363矽統","110/08/25","元大-員林中山",246,46,200
"2350","2363矽統","110/08/25","摩根大通",712,999,-287
"2351","2363矽統","110/08/25","富邦-新店",246,104,142
"2352","2363矽統","110/08/25","新加坡商瑞銀",671,900,-229
"2353","2363矽統","110/08/25","統一-城中",173,37,136
"2354","2363矽統","110/08/25","大昌-桃園",138,342,-204
"2355","2363矽統","110/08/25","富邦-板橋",196,72,124
"2356","2363矽統","110/08/25","中國信託-忠孝",134,313,-179
"2357","2363矽統","110/08/25","土銀-士林",100,0,100
"2358","2363矽統","110/08/25","元大-淡水",23,201,-178
"2359","2363矽統","110/08/25","新光",427,328,99
"2360","2363矽統","110/08/25","富邦-苗栗",215,356,-141
"2361","2363矽統","110/08/25","元大-員林",121,22,99
"2362","2363矽統","110/08/25","北城證券",23,144,-121
"2363","2363矽統","110/08/25","凱基-台中",107,11,96
"2364","2363矽統","110/08/25","新光-台中",92,210,-118
"2365","2363矽統","110/08/25","富邦-北港",212,117,95
"2366","2363矽統","110/08/25","永豐金-天母",17,132,-115
"2367","2363矽統","110/08/25","統一-高雄",110,18,92
"2368","2363矽統","110/08/25","日盛-台南",256,356,-100
"2369","2363矽統","110/08/25","凱基-苗栗",91,1,90
"2370","2363矽統","110/08/25","元大-大同",22,118,-96
"2371","8112至上","110/08/25","台灣匯立證券",237,0,237
"2372","8112至上","110/08/25","群益金鼎-基隆",1,95,-94
"2373","8112至上","110/08/25","摩根大通",283,173,110
"2374","8112至上","110/08/25","元大-路竹",2,74,-72
"2375","8112至上","110/08/25","第一金-桃園",96,0,96
"2376","8112至上","110/08/25","台灣摩根士丹利",1,61,-60
"2377","8112至上","110/08/25","凱基-台北",126,33,93
"2378","8112至上","110/08/25","永豐金-台中",2,55,-53
"2379","8112至上","110/08/25","國票-南京",80,0,80
"2380","8112至上","110/08/25","(牛牛牛)亞-鑫豐",5,49,-44
"2381","8112至上","110/08/25","瑞士信貸",78,1,77
"2382","8112至上","110/08/25","群益金鼎-高盛",0,43,-43
"2383","8112至上","110/08/25","富邦-仁愛",110,35,75
"2384","8112至上","110/08/25","永豐金-永康",3,46,-43
"2385","8112至上","110/08/25","群益金鼎-敦南",72,0,72
"2386","8112至上","110/08/25","日盛-花蓮",0,40,-40
"2387","8112至上","110/08/25","新加坡商瑞銀",63,9,54
"2388","8112至上","110/08/25","凱基-東勢",0,35,-35
"2389","8112至上","110/08/25","華南永昌-南京",50,0,50
"2390","8112至上","110/08/25","元大-仁愛",0,34,-34
"2391","8112至上","110/08/25","港商野村",45,2,43
"2392","8112至上","110/08/25","台新-台中",0,31,-31
"2393","8112至上","110/08/25","元大-新竹經國",34,3,31
"2394","8112至上","110/08/25","元大-佳里",0,31,-31
"2395","8112至上","110/08/25","康和-仁愛",30,0,30
"2396","8112至上","110/08/25","兆豐-西螺",10,40,-30
"2397","8112至上","110/08/25","凱基-士林",30,0,30
"2398","8112至上","110/08/25","元大-楊梅",0,30,-30
"2399","8112至上","110/08/25","元大-永和",25,0,25
"2400","8112至上","110/08/25","永豐金證券",0,28,-28
"2401","1570力肯","110/08/25","永豐金-虎尾",52,0,52
"2402","1570力肯","110/08/25","元大-竹山",0,14,-14
"2403","1570力肯","110/08/25","國票-南科",26,0,26
"2404","1570力肯","110/08/25","日盛-忠孝",0,12,-12
"2405","1570力肯","110/08/25","凱基-台北",22,3,19
"2406","1570力肯","110/08/25","凱基-高美館",0,10,-10
"2407","1570力肯","110/08/25","日茂-南投",17,0,17
"2408","1570力肯","110/08/25","元富-緯城",3,12,-9
"2409","1570力肯","110/08/25","兆豐-台中港",12,0,12
"2410","1570力肯","110/08/25","(牛牛牛)亞-鑫豐",2,11,-9
"2411","1570力肯","110/08/25","合庫-嘉義",10,0,10
"2412","1570力肯","110/08/25","元大-鳳山",0,8,-8
"2413","1570力肯","110/08/25","凱基-復興",10,0,10
"2414","1570力肯","110/08/25","台灣摩根士丹利",0,7,-7
"2415","1570力肯","110/08/25","國票-博愛",16,7,9
"2416","1570力肯","110/08/25","兆豐-中壢",0,6,-6
"2417","1570力肯","110/08/25","香港上海匯豐",9,0,9
"2418","1570力肯","110/08/25","國票",0,6,-6
"2419","1570力肯","110/08/25","瑞士信貸",8,0,8
"2420","1570力肯","110/08/25","國票-天祥",0,6,-6
"2421","1570力肯","110/08/25","富邦-高雄",8,0,8
"2422","1570力肯","110/08/25","群益金鼎-桃園",0,6,-6
"2423","1570力肯","110/08/25","摩根大通",12,9,3
"2424","1570力肯","110/08/25","華南永昌-大安",0,6,-6
"2425","1570力肯","110/08/25","新光-新竹",3,0,3
"2426","1570力肯","110/08/25","永豐金-桃園",0,6,-6
"2427","1570力肯","110/08/25","群益金鼎-民權",3,0,3
"2428","1570力肯","110/08/25","兆豐-松德",0,5,-5
"2429","1570力肯","110/08/25","富邦-建國",5,2,3
"2430","1570力肯","110/08/25","群益金鼎-鳳山",0,5,-5
"2431","2929淘帝","110/08/25","摩根大通",64,0,64
"2432","2929淘帝","110/08/25","康和-仁愛",0,44,-44
"2433","2929淘帝","110/08/25","港商野村",37,8,29
"2434","2929淘帝","110/08/25","新光-台中",20,43,-23
"2435","2929淘帝","110/08/25","新加坡商瑞銀",36,12,24
"2436","2929淘帝","110/08/25","台新-台中",0,11,-11
"2437","2929淘帝","110/08/25","美林",29,6,23
"2438","2929淘帝","110/08/25","日盛-中壢",0,10,-10
"2439","2929淘帝","110/08/25","群益金鼎-三重",21,0,21
"2440","2929淘帝","110/08/25","日盛-中和",0,10,-10
"2441","2929淘帝","110/08/25","元大-豐原站前",20,0,20
"2442","2929淘帝","110/08/25","兆豐-忠孝",0,10,-10
"2443","2929淘帝","110/08/25","富邦-高雄",20,2,18
"2444","2929淘帝","110/08/25","華南永昌-台中",0,10,-10
"2445","2929淘帝","110/08/25","日盛-台中",16,0,16
"2446","2929淘帝","110/08/25","華南永昌-麻豆",0,10,-10
"2447","2929淘帝","110/08/25","新光-新竹",17,4,13
"2448","2929淘帝","110/08/25","富邦-陽明",0,10,-10
"2449","2929淘帝","110/08/25","凱基-豐中",13,0,13
"2450","2929淘帝","110/08/25","新光",1,9,-8
"2451","2929淘帝","110/08/25","元富-花蓮",10,0,10
"2452","2929淘帝","110/08/25","元大-大里",0,8,-8
"2453","2929淘帝","110/08/25","元富-板橋",8,0,8
"2454","2929淘帝","110/08/25","永豐金-市政",0,8,-8
"2455","2929淘帝","110/08/25","元大-太平",7,0,7
"2456","2929淘帝","110/08/25","合庫-台中",0,7,-7
"2457","2929淘帝","110/08/25","元大-永和",6,0,6
"2458","2929淘帝","110/08/25","元大-文心",0,7,-7
"2459","2929淘帝","110/08/25","日盛-八德",6,1,5
"2460","2929淘帝","110/08/25","日盛-員林",4,10,-6
"2461","5410國眾","110/08/25","華南永昌-高雄",23,0,23
"2462","5410國眾","110/08/25","元大-崇德",0,30,-30
"2463","5410國眾","110/08/25","香港上海匯豐",12,0,12
"2464","5410國眾","110/08/25","日盛-木柵",0,20,-20
"2465","5410國眾","110/08/25","永豐金-內湖",6,0,6
"2466","5410國眾","110/08/25","大展",0,5,-5
"2467","5410國眾","110/08/25","土銀",5,0,5
"2468","5410國眾","110/08/25","國泰-敦南",0,5,-5
"2469","5410國眾","110/08/25","日盛-屏東",5,0,5
"2470","5410國眾","110/08/25","凱基-基隆",0,5,-5
"2471","5410國眾","110/08/25","國泰-板橋",5,0,5
"2472","5410國眾","110/08/25","華南永昌-淡水",0,5,-5
"2473","5410國眾","110/08/25","元大-南京",5,0,5
"2474","5410國眾","110/08/25","元大-新莊",0,5,-5
"2475","5410國眾","110/08/25","新光-台中",4,0,4
"2476","5410國眾","110/08/25","群益金鼎-新店",0,4,-4
"2477","5410國眾","110/08/25","臺銀-金山",3,0,3
"2478","5410國眾","110/08/25","華南永昌-公誠",0,4,-4
"2479","5410國眾","110/08/25","摩根大通",3,0,3
"2480","5410國眾","110/08/25","元大-龍潭",0,4,-4
"2481","5410國眾","110/08/25","元大-鳳山",3,0,3
"2482","5410國眾","110/08/25","元富-大裕",0,3,-3
"2483","5410國眾","110/08/25","台新-中壢",2,0,2
"2484","5410國眾","110/08/25","富邦-建國",0,3,-3
"2485","5410國眾","110/08/25","新光",2,0,2
"2486","5410國眾","110/08/25","美林",0,2,-2
"2487","5410國眾","110/08/25","群益金鼎-新竹",2,0,2
"2488","5410國眾","110/08/25","新光-桃園",0,2,-2
"2489","5410國眾","110/08/25","群益金鼎-三民",2,0,2
"2490","5410國眾","110/08/25","元大-花蓮",0,2,-2
"2491","2841台開","110/08/25","宏遠-館前",155,0,155
"2492","2841台開","110/08/25","台中銀",0,45,-45
"2493","2841台開","110/08/25","元大-仁愛",50,0,50
"2494","2841台開","110/08/25","元大-承德",0,40,-40
"2495","2841台開","110/08/25","永豐金-豐原",50,0,50
"2496","2841台開","110/08/25","永豐金-桃盛",0,40,-40
"2497","2841台開","110/08/25","元大-草屯",40,0,40
"2498","2841台開","110/08/25","港商野村",0,34,-34
"2499","2841台開","110/08/25","永豐金-敦南",45,12,33
"2500","2841台開","110/08/25","永豐金-台中",0,18,-18
"2501","2841台開","110/08/25","元大-沙鹿",10,0,10
"2502","2841台開","110/08/25","國票-中和",0,17,-17
"2503","2841台開","110/08/25","第一金",8,0,8
"2504","2841台開","110/08/25","凱基-高美館",0,16,-16
"2505","2841台開","110/08/25","康和-內湖",7,0,7
"2506","2841台開","110/08/25","永豐金-桃園",0,15,-15
"2507","2841台開","110/08/25","富邦-台北",5,0,5
"2508","2841台開","110/08/25","台灣摩根士丹利",0,11,-11
"2509","2841台開","110/08/25","玉山證券",4,0,4
"2510","2841台開","110/08/25","元富-三重",0,10,-10
"2511","2841台開","110/08/25","富邦-新竹",4,0,4
"2512","2841台開","110/08/25","華南永昌-虎尾",0,10,-10
"2513","2841台開","110/08/25","元大-大里",3,0,3
"2514","2841台開","110/08/25","富邦-基隆",0,10,-10
"2515","2841台開","110/08/25","兆豐-忠孝",2,0,2
"2516","2841台開","110/08/25","元大-成功",0,10,-10
"2517","2841台開","110/08/25","新光",4,2,2
"2518","2841台開","110/08/25","元大-北三重",0,10,-10
"2519","2841台開","110/08/25","元大-南崁",2,0,2
"2520","2841台開","110/08/25","新光-高雄",0,9,-9
"2521","6207雷科","110/08/25","摩根大通",76,0,76
"2522","6207雷科","110/08/25","凱基-復興",0,160,-160
"2523","6207雷科","110/08/25","永豐金證券",63,9,54
"2524","6207雷科","110/08/25","元大-高雄",0,100,-100
"2525","6207雷科","110/08/25","凱基-台北",50,5,45
"2526","6207雷科","110/08/25","元大-林園",0,65,-65
"2527","6207雷科","110/08/25","美商高盛",25,0,25
"2528","6207雷科","110/08/25","臺灣企銀-埔墘",0,20,-20
"2529","6207雷科","110/08/25","港商野村",24,3,21
"2530","6207雷科","110/08/25","第一金-高雄",0,20,-20
"2531","6207雷科","110/08/25","台新-高雄",20,1,19
"2532","6207雷科","110/08/25","元大-大里德芳",0,18,-18
"2533","6207雷科","110/08/25","兆豐-高雄",17,0,17
"2534","6207雷科","110/08/25","元大-敦南",2,18,-16
"2535","6207雷科","110/08/25","新加坡商瑞銀",32,21,11
"2536","6207雷科","110/08/25","玉山-高雄",0,15,-15
"2537","6207雷科","110/08/25","台灣企銀-屏東",10,0,10
"2538","6207雷科","110/08/25","臺銀-鳳山",1,13,-12
"2539","6207雷科","110/08/25","富邦-虎尾",10,0,10
"2540","6207雷科","110/08/25","第一金-中山",10,20,-10
"2541","6207雷科","110/08/25","永豐金-博愛",10,0,10
"2542","6207雷科","110/08/25","元大-鳳山",0,10,-10
"2543","6207雷科","110/08/25","永豐金-中壢",10,0,10
"2544","6207雷科","110/08/25","華南永昌-古亭",5,14,-9
"2545","6207雷科","110/08/25","兆豐-城中",9,0,9
"2546","6207雷科","110/08/25","華南永昌-高雄",3,10,-7
"2547","6207雷科","110/08/25","兆豐-嘉義",7,0,7
"2548","6207雷科","110/08/25","永豐金-市政",0,6,-6
"2549","6207雷科","110/08/25","兆豐-三民",6,0,6
"2550","6207雷科","110/08/25","群益金鼎-嘉義",1,6,-5
"2551","3679新至陞","110/08/25","永豐金-南投",11,0,11
"2552","3679新至陞","110/08/25","台灣摩根士丹利",6,14,-8
"2553","3679新至陞","110/08/25","港商法國興業",10,0,10
"2554","3679新至陞","110/08/25","瑞士信貸",0,6,-6
"2555","3679新至陞","110/08/25","兆豐-公益",3,0,3
"2556","3679新至陞","110/08/25","永豐金-敦北",0,5,-5
"2557","3679新至陞","110/08/25","(牛牛牛)亞-網路",2,0,2
"2558","3679新至陞","110/08/25","群益金鼎-高盛",0,4,-4
"2559","3679新至陞","110/08/25","玉山-嘉義",2,0,2
"2560","3679新至陞","110/08/25","元大-文心興安",0,4,-4
"2561","3679新至陞","110/08/25","元大-華山",2,0,2
"2562","3679新至陞","110/08/25","臺銀-臺中",0,3,-3
"2563","3679新至陞","110/08/25","臺銀",1,0,1
"2564","3679新至陞","110/08/25","美商高盛",0,3,-3
"2565","3679新至陞","110/08/25","美林",3,2,1
"2566","3679新至陞","110/08/25","臺銀-新竹",0,2,-2
"2567","3679新至陞","110/08/25","港商野村",1,0,1
"2568","3679新至陞","110/08/25","宏遠-中和",0,2,-2
"2569","3679新至陞","110/08/25","富隆-長安",1,0,1
"2570","3679新至陞","110/08/25","摩根大通",5,7,-2
"2571","3679新至陞","110/08/25","大慶-富順",1,0,1
"2572","3679新至陞","110/08/25","合庫-彰化",0,1,-1
"2573","3679新至陞","110/08/25","元富-林園",1,0,1
"2574","3679新至陞","110/08/25","臺銀-高雄",0,1,-1
"2575","3679新至陞","110/08/25","元富-嘉義",1,0,1
"2576","3679新至陞","110/08/25","日盛-木柵",0,1,-1
"2577","3679新至陞","110/08/25","元富-埔里",1,0,1
"2578","3679新至陞","110/08/25","日盛-文化",0,1,-1
"2579","3679新至陞","110/08/25","台中銀-員林",1,0,1
"2580","3679新至陞","110/08/25","玉山證券",0,1,-1
"2581","2727王品","110/08/25","美商高盛",121,6,115
"2582","2727王品","110/08/25","美林",9,114,-105
"2583","2727王品","110/08/25","台灣摩根士丹利",139,57,82
"2584","2727王品","110/08/25","永豐金證券",3,71,-68
"2585","2727王品","110/08/25","凱基-台北",105,26,79
"2586","2727王品","110/08/25","元大證券",52,108,-56
"2587","2727王品","110/08/25","新光-台中",34,5,29
"2588","2727王品","110/08/25","摩根大通",35,73,-38
"2589","2727王品","110/08/25","瑞士信貸",20,0,20
"2590","2727王品","110/08/25","華南永昌-麻豆",1,21,-20
"2591","2727王品","110/08/25","凱基-信義",19,1,18
"2592","2727王品","110/08/25","國泰-台中",5,19,-14
"2593","2727王品","110/08/25","國票-內壢",13,0,13
"2594","2727王品","110/08/25","富邦-羅東",2,16,-14
"2595","2727王品","110/08/25","中國信託",12,0,12
"2596","2727王品","110/08/25","富邦-高雄",2,16,-14
"2597","2727王品","110/08/25","元大-中壢",15,3,12
"2598","2727王品","110/08/25","富邦-台中",2,16,-14
"2599","2727王品","110/08/25","日盛-景美",11,0,11
"2600","2727王品","110/08/25","華南永昌",61,73,-12
"2601","2727王品","110/08/25","富邦-板橋",11,0,11
"2602","2727王品","110/08/25","群益金鼎",1,12,-11
"2603","2727王品","110/08/25","元大-台中",11,0,11
"2604","2727王品","110/08/25","群益金鼎-松山",0,10,-10
"2605","2727王品","110/08/25","台新-高雄",14,4,10
"2606","2727王品","110/08/25","凱基-市府",0,10,-10
"2607","2727王品","110/08/25","康和",12,2,10
"2608","2727王品","110/08/25","凱基-市政",1,10,-9
"2609","2727王品","110/08/25","新加坡商瑞銀",9,0,9
"2610","2727王品","110/08/25","富邦-台北",2,10,-8
"2611","1570力肯","110/08/25","永豐金-虎尾",52,0,52
"2612","1570力肯","110/08/25","元大-竹山",0,14,-14
"2613","1570力肯","110/08/25","國票-南科",26,0,26
"2614","1570力肯","110/08/25","日盛-忠孝",0,12,-12
"2615","1570力肯","110/08/25","凱基-台北",22,3,19
"2616","1570力肯","110/08/25","凱基-高美館",0,10,-10
"2617","1570力肯","110/08/25","日茂-南投",17,0,17
"2618","1570力肯","110/08/25","元富-緯城",3,12,-9
"2619","1570力肯","110/08/25","兆豐-台中港",12,0,12
"2620","1570力肯","110/08/25","(牛牛牛)亞-鑫豐",2,11,-9
"2621","1570力肯","110/08/25","合庫-嘉義",10,0,10
"2622","1570力肯","110/08/25","元大-鳳山",0,8,-8
"2623","1570力肯","110/08/25","凱基-復興",10,0,10
"2624","1570力肯","110/08/25","台灣摩根士丹利",0,7,-7
"2625","1570力肯","110/08/25","國票-博愛",16,7,9
"2626","1570力肯","110/08/25","兆豐-中壢",0,6,-6
"2627","1570力肯","110/08/25","香港上海匯豐",9,0,9
"2628","1570力肯","110/08/25","國票",0,6,-6
"2629","1570力肯","110/08/25","瑞士信貸",8,0,8
"2630","1570力肯","110/08/25","國票-天祥",0,6,-6
"2631","1570力肯","110/08/25","富邦-高雄",8,0,8
"2632","1570力肯","110/08/25","群益金鼎-桃園",0,6,-6
"2633","1570力肯","110/08/25","摩根大通",12,9,3
"2634","1570力肯","110/08/25","華南永昌-大安",0,6,-6
"2635","1570力肯","110/08/25","新光-新竹",3,0,3
"2636","1570力肯","110/08/25","永豐金-桃園",0,6,-6
"2637","1570力肯","110/08/25","群益金鼎-民權",3,0,3
"2638","1570力肯","110/08/25","兆豐-松德",0,5,-5
"2639","1570力肯","110/08/25","富邦-建國",5,2,3
"2640","1570力肯","110/08/25","群益金鼎-鳳山",0,5,-5
"2641","6180橘子","110/08/25","摩根大通",127,3,124
"2642","6180橘子","110/08/25","台灣摩根士丹利",5,98,-93
"2643","6180橘子","110/08/25","凱基-台北",387,266,121
"2644","6180橘子","110/08/25","元大-頭份",2,44,-42
"2645","6180橘子","110/08/25","港商野村",106,5,101
"2646","6180橘子","110/08/25","元富-古亭",0,27,-27
"2647","6180橘子","110/08/25","國票-南港",70,1,69
"2648","6180橘子","110/08/25","富邦-陽明",1,28,-27
"2649","6180橘子","110/08/25","美林",47,0,47
"2650","6180橘子","110/08/25","富邦-高雄",0,27,-27
"2651","6180橘子","110/08/25","新加坡商瑞銀",51,6,45
"2652","6180橘子","110/08/25","元大-新店中正",2,25,-23
"2653","6180橘子","110/08/25","美商高盛",43,5,38
"2654","6180橘子","110/08/25","第一金-中山",1,22,-21
"2655","6180橘子","110/08/25","富邦-員林",28,0,28
"2656","6180橘子","110/08/25","合庫-自強",0,20,-20
"2657","6180橘子","110/08/25","大慶-富順",22,0,22
"2658","6180橘子","110/08/25","兆豐證券",0,20,-20
"2659","6180橘子","110/08/25","第一金",20,0,20
"2660","6180橘子","110/08/25","元大-台中中港",1,20,-19
"2661","6180橘子","110/08/25","元富-高雄",20,1,19
"2662","6180橘子","110/08/25","康和-新竹",0,15,-15
"2663","6180橘子","110/08/25","北城證券",18,1,17
"2664","6180橘子","110/08/25","國泰-敦南",3,18,-15
"2665","6180橘子","110/08/25","大昌",15,1,14
"2666","6180橘子","110/08/25","元大-和平",0,15,-15
"2667","6180橘子","110/08/25","元大-六合",13,0,13
"2668","6180橘子","110/08/25","日盛-中壢",0,13,-13
"2669","6180橘子","110/08/25","統一-彰化",13,1,12
"2670","6180橘子","110/08/25","福勝",0,13,-13
"2671","2390云辰","110/08/25","元大-永和",583,40,543
"2672","2390云辰","110/08/25","港商野村",593,815,-222
"2673","2390云辰","110/08/25","元富-安南",400,0,400
"2674","2390云辰","110/08/25","合庫-高雄",19,149,-130
"2675","2390云辰","110/08/25","凱基-台北",361,93,268
"2676","2390云辰","110/08/25","新光-台中",28,149,-121
"2677","2390云辰","110/08/25","凱基-湖口",101,0,101
"2678","2390云辰","110/08/25","致和-崇德",0,116,-116
"2679","2390云辰","110/08/25","元大-土城學府",153,76,77
"2680","2390云辰","110/08/25","美商高盛",11,122,-111
"2681","2390云辰","110/08/25","富邦-陽明",97,28,69
"2682","2390云辰","110/08/25","第一金-豐原",9,109,-100
"2683","2390云辰","110/08/25","群益金鼎-基隆",62,2,60
"2684","2390云辰","110/08/25","元大-雙和",16,113,-97
"2685","2390云辰","110/08/25","元大-南屯",54,4,50
"2686","2390云辰","110/08/25","統一-新台中",81,161,-80
"2687","2390云辰","110/08/25","摩根大通",166,118,48
"2688","2390云辰","110/08/25","富邦-新店",0,80,-80
"2689","2390云辰","110/08/25","元大證券",64,18,46
"2690","2390云辰","110/08/25","國泰-桃園",13,86,-73
"2691","2390云辰","110/08/25","華南永昌-合泰",40,0,40
"2692","2390云辰","110/08/25","台新證券",57,129,-72
"2693","2390云辰","110/08/25","土銀-花蓮",39,0,39
"2694","2390云辰","110/08/25","新光",207,273,-66
"2695","2390云辰","110/08/25","大昌",50,11,39
"2696","2390云辰","110/08/25","華南永昌-楠梓",21,70,-49
"2697","2390云辰","110/08/25","元富-桃園",38,1,37
"2698","2390云辰","110/08/25","群益金鼎-敦南",87,133,-46
"2699","2390云辰","110/08/25","光和-溪湖",32,1,31
"2700","2390云辰","110/08/25","永豐金-敦北",0,40,-40
"2701","1315達新","110/08/23","元大-文心興安",22,0,22
"2702","1315達新","110/08/23","香港上海匯豐",0,25,-25
"2703","1315達新","110/08/23","元大-北屯",9,0,9
"2704","1315達新","110/08/23","港商麥格理",0,22,-22
"2705","1315達新","110/08/23","元大-中壢",6,0,6
"2706","1315達新","110/08/23","群益金鼎-東湖",0,17,-17
"2707","1315達新","110/08/23","新光",5,0,5
"2708","1315達新","110/08/23","日盛-台中",0,9,-9
"2709","1315達新","110/08/23","國泰-桃園",5,0,5
"2710","1315達新","110/08/23","台新-台南",0,8,-8
"2711","1315達新","110/08/23","凱基-中港",5,0,5
"2712","1315達新","110/08/23","元大-四維",0,5,-5
"2713","1315達新","110/08/23","元大-豐原",5,0,5
"2714","1315達新","110/08/23","美林",0,4,-4
"2715","1315達新","110/08/23","致和-東門",3,0,3
"2716","1315達新","110/08/23","群益金鼎-瑞豐",0,3,-3
"2717","1315達新","110/08/23","華南永昌-鳳山",3,0,3
"2718","1315達新","110/08/23","元大-松山",0,2,-2
"2719","1315達新","110/08/23","元大-屏南",3,0,3
"2720","1315達新","110/08/23","元大-板橋",0,2,-2
"2721","1315達新","110/08/23","元大-仁愛",3,0,3
"2722","1315達新","110/08/23","永豐金證券",0,2,-2
"2723","1315達新","110/08/23","日盛-頭份",2,0,2
"2724","1315達新","110/08/23","元富-信義",0,1,-1
"2725","1315達新","110/08/23","港商法國興業",2,0,2
"2726","1315達新","110/08/23","華南永昌-中正",0,1,-1
"2727","1315達新","110/08/23","新加坡商瑞銀",2,0,2
"2728","1315達新","110/08/23","富邦-板橋",0,1,-1
"2729","1315達新","110/08/23","第一金",2,0,2
"2730","1315達新","110/08/23","富邦-仁愛",0,1,-1
"2731","2609陽明","110/08/23","摩根大通",18636,4559,14077
"2732","2609陽明","110/08/23","富邦證券",10185,12443,-2258
"2733","2609陽明","110/08/23","康和",2421,208,2213
"2734","2609陽明","110/08/23","富邦-虎尾",7091,8076,-985
"2735","2609陽明","110/08/23","台灣摩根士丹利",2570,528,2042
"2736","2609陽明","110/08/23","華南永昌-竹北",340,1185,-845
"2737","2609陽明","110/08/23","凱基-台北",2772,1398,1374
"2738","2609陽明","110/08/23","新光-新竹",958,1746,-788
"2739","2609陽明","110/08/23","美林",7570,6327,1243
"2740","2609陽明","110/08/23","凱基-長庚",161,815,-654
"2741","2609陽明","110/08/23","瑞士信貸",1505,326,1179
"2742","2609陽明","110/08/23","凱基-市府",164,817,-653
"2743","2609陽明","110/08/23","日盛-板橋",1087,183,904
"2744","2609陽明","110/08/23","國泰-敦南",5133,5754,-621
"2745","2609陽明","110/08/23","凱基-復興",1293,497,796
"2746","2609陽明","110/08/23","國泰-館前",1329,1670,-341
"2747","2609陽明","110/08/23","元大證券",3275,2760,515
"2748","2609陽明","110/08/23","富邦-建國",489,824,-335
"2749","2609陽明","110/08/23","元大-頭份",776,338,438
"2750","2609陽明","110/08/23","元大-大同",246,569,-323
"2751","2609陽明","110/08/23","富邦-仁愛",1292,875,417
"2752","2609陽明","110/08/23","元大-和平",98,405,-307
"2753","2609陽明","110/08/23","凱基-市政",2414,2002,412
"2754","2609陽明","110/08/23","元大-台中中港",128,429,-301
"2755","2609陽明","110/08/23","元大-士林",2427,2036,391
"2756","2609陽明","110/08/23","玉山證券",756,1049,-293
"2757","2609陽明","110/08/23","宏遠證券",1542,1153,389
"2758","2609陽明","110/08/23","群益金鼎-內湖",32,319,-287
"2759","2609陽明","110/08/23","新加坡商瑞銀",746,375,371
"2760","2609陽明","110/08/23","群益金鼎-大安",1012,1296,-284
"2761","2636台驊投控","110/08/23","摩根大通",1383,622,761
"2762","2636台驊投控","110/08/23","第一金-桃園",32,181,-149
"2763","2636台驊投控","110/08/23","瑞士信貸",679,89,590
"2764","2636台驊投控","110/08/23","永豐金-新竹",6,139,-133
"2765","2636台驊投控","110/08/23","台灣摩根士丹利",413,93,320
"2766","2636台驊投控","110/08/23","日盛-景美",5,108,-103
"2767","2636台驊投控","110/08/23","美商高盛",400,167,233
"2768","2636台驊投控","110/08/23","台新證券",155,215,-60
"2769","2636台驊投控","110/08/23","新加坡商瑞銀",215,57,158
"2770","2636台驊投控","110/08/23","日盛-台中",0,55,-55
"2771","2636台驊投控","110/08/23","元大-松江",81,17,64
"2772","2636台驊投控","110/08/23","富邦-苗栗",2,57,-55
"2773","2636台驊投控","110/08/23","新光",303,240,63
"2774","2636台驊投控","110/08/23","日盛-信義",12,66,-54
"2775","2636台驊投控","110/08/23","凱基-台北",601,539,62
"2776","2636台驊投控","110/08/23","富邦-北港",7,56,-49
"2777","2636台驊投控","110/08/23","富邦-彰化",116,55,61
"2778","2636台驊投控","110/08/23","中國信託-文心",19,67,-48
"2779","2636台驊投控","110/08/23","永豐金-萬盛",84,36,48
"2780","2636台驊投控","110/08/23","統一-城中",34,81,-47
"2781","2636台驊投控","110/08/23","兆豐-中壢",67,22,45
"2782","2636台驊投控","110/08/23","土銀-南港",0,45,-45
"2783","2636台驊投控","110/08/23","兆豐-鹿港",44,4,40
"2784","2636台驊投控","110/08/23","永豐金-桃園",19,64,-45
"2785","2636台驊投控","110/08/23","元大-林森",77,40,37
"2786","2636台驊投控","110/08/23","台新-台中",63,107,-44
"2787","2636台驊投控","110/08/23","富邦-虎尾",255,221,34
"2788","2636台驊投控","110/08/23","日盛證券",24,67,-43
"2789","2636台驊投控","110/08/23","元富-成功",37,6,31
"2790","2636台驊投控","110/08/23","凱基-竹科",80,118,-38
"2791","2867三商壽","110/08/23","凱基-台北",292,9,283
"2792","2867三商壽","110/08/23","宏遠證券",0,1024,-1024
"2793","2867三商壽","110/08/23","康和-台中",273,3,270
"2794","2867三商壽","110/08/23","富邦-陽明",0,280,-280
"2795","2867三商壽","110/08/23","土銀-台中",150,0,150
"2796","2867三商壽","110/08/23","元大-北投",0,100,-100
"2797","2867三商壽","110/08/23","新光",135,10,125
"2798","2867三商壽","110/08/23","元富",0,75,-75
"2799","2867三商壽","110/08/23","新加坡商瑞銀",109,5,104
"2800","2867三商壽","110/08/23","摩根大通",309,368,-59
"2801","2867三商壽","110/08/23","元大-桃園",100,0,100
"2802","2867三商壽","110/08/23","台灣摩根士丹利",6,57,-51
"2803","2867三商壽","110/08/23","元大-沙鹿",76,0,76
"2804","2867三商壽","110/08/23","元富-城東",0,51,-51
"2805","2867三商壽","110/08/23","凱基",75,0,75
"2806","2867三商壽","110/08/23","美林",9,59,-50
"2807","2867三商壽","110/08/23","元大-彰化民生",72,0,72
"2808","2867三商壽","110/08/23","宏遠-中和",3,50,-47
"2809","2867三商壽","110/08/23","國泰-台南",78,10,68
"2810","2867三商壽","110/08/23","元大-永和",0,42,-42
"2811","2867三商壽","110/08/23","元大-屏東",60,0,60
"2812","2867三商壽","110/08/23","土銀-白河",0,36,-36
"2813","2867三商壽","110/08/23","華南永昌-公誠",60,1,59
"2814","2867三商壽","110/08/23","元大-博愛",0,31,-31
"2815","2867三商壽","110/08/23","國票-安和",50,0,50
"2816","2867三商壽","110/08/23","凱基-八德",0,30,-30
"2817","2867三商壽","110/08/23","國泰-板橋",50,0,50
"2818","2867三商壽","110/08/23","元大-永康",0,30,-30
"2819","2867三商壽","110/08/23","永豐金-新莊",50,0,50
"2820","2867三商壽","110/08/23","日盛-二林",20,40,-20
"2821","5521工信","110/08/23","摩根大通",142,16,126
"2822","5521工信","110/08/23","港商野村",0,134,-134
"2823","5521工信","110/08/23","群益金鼎-台中",123,0,123
"2824","5521工信","110/08/23","元大-南屯",10,135,-125
"2825","5521工信","110/08/23","元大證券",106,0,106
"2826","5521工信","110/08/23","國泰-敦南",1,34,-33
"2827","5521工信","110/08/23","凱基-台北",117,24,93
"2828","5521工信","110/08/23","台新-台中",2,30,-28
"2829","5521工信","110/08/23","中國信託-三重",44,0,44
"2830","5521工信","110/08/23","群益金鼎-三民",0,25,-25
"2831","5521工信","110/08/23","日盛-宜蘭",20,0,20
"2832","5521工信","110/08/23","福勝",0,20,-20
"2833","5521工信","110/08/23","元大-桃園",20,0,20
"2834","5521工信","110/08/23","元大-內湖",0,20,-20
"2835","5521工信","110/08/23","日茂",14,0,14
"2836","5521工信","110/08/23","第一金-新竹",0,15,-15
"2837","5521工信","110/08/23","富邦-苗栗",12,0,12
"2838","5521工信","110/08/23","統一-員林",0,15,-15
"2839","5521工信","110/08/23","港商法國興業",11,0,11
"2840","5521工信","110/08/23","新光",0,15,-15
"2841","5521工信","110/08/23","統一-新台中",66,55,11
"2842","5521工信","110/08/23","華南永昌-高雄",0,15,-15
"2843","5521工信","110/08/23","宏遠-桃園",10,0,10
"2844","5521工信","110/08/23","第一金-桃園",0,12,-12
"2845","5521工信","110/08/23","日進",10,0,10
"2846","5521工信","110/08/23","群益金鼎-萬華",0,12,-12
"2847","5521工信","110/08/23","群益金鼎-中壢",10,0,10
"2848","5521工信","110/08/23","兆豐-新竹",0,11,-11
"2849","5521工信","110/08/23","富邦-虎尾",10,0,10
"2850","5521工信","110/08/23","群益金鼎-忠孝",0,10,-10
"2851","1471首利","110/08/23","摩根大通",143,11,132
"2852","1471首利","110/08/23","元大-草屯",0,153,-153
"2853","1471首利","110/08/23","瑞士信貸",79,0,79
"2854","1471首利","110/08/23","富邦-台北",0,30,-30
"2855","1471首利","110/08/23","美林",27,1,26
"2856","1471首利","110/08/23","第一金-路竹",0,28,-28
"2857","1471首利","110/08/23","凱基-台北",23,0,23
"2858","1471首利","110/08/23","光和-嘉義",0,20,-20
"2859","1471首利","110/08/23","港商法國興業",16,0,16
"2860","1471首利","110/08/23","兆豐-台中港",0,20,-20
"2861","1471首利","110/08/23","兆豐-員林",13,1,12
"2862","1471首利","110/08/23","新光-台南",0,20,-20
"2863","1471首利","110/08/23","台新-台南",10,0,10
"2864","1471首利","110/08/23","永豐金-松山",0,20,-20
"2865","1471首利","110/08/23","玉山-新莊",10,0,10
"2866","1471首利","110/08/23","永興-大墩",0,12,-12
"2867","1471首利","110/08/23","元大-南崁",10,0,10
"2868","1471首利","110/08/23","元富-民權",0,12,-12
"2869","1471首利","110/08/23","國泰-敦南",9,0,9
"2870","1471首利","110/08/23","光和",0,11,-11
"2871","1471首利","110/08/23","中農",7,0,7
"2872","1471首利","110/08/23","凱基-嘉義",0,11,-11
"2873","1471首利","110/08/23","元大-南投",7,0,7
"2874","1471首利","110/08/23","宏遠-光隆",0,10,-10
"2875","1471首利","110/08/23","臺銀-鳳山",5,0,5
"2876","1471首利","110/08/23","元富-台南",0,10,-10
"2877","1471首利","110/08/23","臺銀-新竹",5,0,5
"2878","1471首利","110/08/23","國票-天祥",1,7,-6
"2879","1471首利","110/08/23","台新-松江",5,0,5
"2880","1471首利","110/08/23","凱基-新店",1,7,-6
"2881","2883開發金","110/08/23","港商野村",10106,1311,8795
"2882","2883開發金","110/08/23","凱基",0,12731,-12731
"2883","2883開發金","110/08/23","國泰-館前",3231,61,3170
"2884","2883開發金","110/08/23","華南永昌",206,3525,-3319
"2885","2883開發金","110/08/23","美林",3113,860,2253
"2886","2883開發金","110/08/23","台灣摩根士丹利",274,2928,-2654
"2887","2883開發金","110/08/23","元大-開元",2066,52,2014
"2888","2883開發金","110/08/23","凱基-台北",1073,3532,-2459
"2889","2883開發金","110/08/23","統一",1542,16,1526
"2890","2883開發金","110/08/23","新加坡商瑞銀",404,2862,-2458
"2891","2883開發金","110/08/23","永豐金-新莊",1111,2,1109
"2892","2883開發金","110/08/23","群益金鼎",2,1833,-1831
"2893","2883開發金","110/08/23","永豐金-台南",1055,155,900
"2894","2883開發金","110/08/23","摩根大通",987,2808,-1821
"2895","2883開發金","110/08/23","統一-基隆",542,0,542
"2896","2883開發金","110/08/23","聯邦商銀",4,1800,-1796
"2897","2883開發金","110/08/23","花旗環球",650,117,533
"2898","2883開發金","110/08/23","康和",5,1485,-1480
"2899","2883開發金","110/08/23","群益金鼎-開元",531,23,508
"2900","2883開發金","110/08/23","新光",1648,2512,-864
"2901","2883開發金","110/08/23","港商法國興業",484,0,484
"2902","2883開發金","110/08/23","美商高盛",11,687,-676
"2903","2883開發金","110/08/23","統一-台中",496,32,464
"2904","2883開發金","110/08/23","大慶-基隆",3,503,-500
"2905","2883開發金","110/08/23","(牛牛牛)亞-鑫豐",475,48,427
"2906","2883開發金","110/08/23","瑞士信貸",206,641,-435
"2907","2883開發金","110/08/23","元大證券",560,198,362
"2908","2883開發金","110/08/23","第一金-台南",79,494,-415
"2909","2883開發金","110/08/23","台新證券",488,128,360
"2910","2883開發金","110/08/23","華南永昌-苑裡",2,315,-313
"2911","6205詮欣","110/08/23","合庫-三重",49,0,49
"2912","6205詮欣","110/08/23","永豐金-敦南",0,52,-52
"2913","6205詮欣","110/08/23","摩根大通",8,0,8
"2914","6205詮欣","110/08/23","統一-中壢",0,10,-10
"2915","6205詮欣","110/08/23","日盛-高雄",5,0,5
"2916","6205詮欣","110/08/23","瑞士信貸",3,11,-8
"2917","6205詮欣","110/08/23","新光-台南",5,0,5
"2918","6205詮欣","110/08/23","群益金鼎-永和",0,5,-5
"2919","6205詮欣","110/08/23","元大-復北",4,0,4
"2920","6205詮欣","110/08/23","華南永昌-公誠",0,5,-5
"2921","6205詮欣","110/08/23","永豐金證券",4,0,4
"2922","6205詮欣","110/08/23","元大-屏東",0,5,-5
"2923","6205詮欣","110/08/23","臺銀-高雄",3,0,3
"2924","6205詮欣","110/08/23","元大-汐止",1,5,-4
"2925","6205詮欣","110/08/23","港商法國興業",3,0,3
"2926","6205詮欣","110/08/23","統一-汐止",0,3,-3
"2927","6205詮欣","110/08/23","凱基-汐止",3,0,3
"2928","6205詮欣","110/08/23","元富-嘉義",0,2,-2
"2929","6205詮欣","110/08/23","凱基-台北",4,1,3
"2930","6205詮欣","110/08/23","北城證券",0,2,-2
"2931","6205詮欣","110/08/23","日盛-三重",2,0,2
"2932","6205詮欣","110/08/23","凱基-新莊",0,2,-2
"2933","6205詮欣","110/08/23","華南永昌-潮州",2,0,2
"2934","6205詮欣","110/08/23","富邦-仁愛",0,2,-2
"2935","6205詮欣","110/08/23","元大-成功",2,0,2
"2936","6205詮欣","110/08/23","永豐金-新莊",0,2,-2
"2937","6205詮欣","110/08/23","美林",1,0,1
"2938","6205詮欣","110/08/23","永豐金-台中",0,2,-2
"2939","6205詮欣","110/08/23","第一金-大稻埕",1,0,1
"2940","6205詮欣","110/08/23","第一金-路竹",0,1,-1
"2941","1540喬福","110/08/23","玉山證券",6,1,5
"2942","1540喬福","110/08/23","元富-新竹",0,5,-5
"2943","1540喬福","110/08/23","港商法國興業",3,0,3
"2944","1540喬福","110/08/23","玉山-城中",0,5,-5
"2945","1540喬福","110/08/23","元富-敦南",3,0,3
"2946","1540喬福","110/08/23","兆豐-台中港",0,4,-4
"2947","1540喬福","110/08/23","凱基-台北",2,0,2
"2948","1540喬福","110/08/23","元大-太平",0,4,-4
"2949","1540喬福","110/08/23","國泰-敦南",1,0,1
"2950","1540喬福","110/08/23","美林",0,1,-1
"2951","1540喬福","110/08/23","永豐金-豐原",1,0,1
"2952","1540喬福","110/08/23","元富",0,1,-1
"2953","1540喬福","110/08/23","永豐金-敦南",1,0,1
"2954","1540喬福","110/08/23","群益金鼎-海山",0,1,-1
"2955","1540喬福","110/08/23","元大-文心興安",1,0,1
"2956","1540喬福","110/08/23","富邦-嘉義",0,1,-1
"2957","1540喬福","110/08/23","群益金鼎-丹鳳",1,0,1
"2958","1540喬福","110/08/23","日盛-八德",0,0,0
"2959","1540喬福","110/08/23","群益金鼎-高雄",1,0,1
"2960","1540喬福","110/08/23","統一-三重",0,0,0
"2961","1540喬福","110/08/23","合庫-高雄",1,0,1
"2962","1540喬福","110/08/23","(牛牛牛)亞-網路",0,0,0
"2963","1540喬福","110/08/23","致和-南京",2,1,1
"2964","1540喬福","110/08/23","國泰-高雄",0,0,0
"2965","1540喬福","110/08/23","新加坡商瑞銀",1,0,1
"2966","1540喬福","110/08/23","凱基-竹北",0,0,0
"2967","1540喬福","110/08/23","國泰-高雄",0,0,0
"2968","1540喬福","110/08/23","華南永昌-嘉義",0,0,0
"2969","1540喬福","110/08/23","凱基-竹北",0,0,0
"2970","1540喬福","110/08/23","元大-西門",0,0,0
"2971","2888新光金","110/08/23","港商野村",2200,82,2118
"2972","2888新光金","110/08/23","元富-城東",72,2108,-2036
"2973","2888新光金","110/08/23","凱基-台北",1553,74,1479
"2974","2888新光金","110/08/23","元大-北投",15,1631,-1616
"2975","2888新光金","110/08/23","合庫-新竹",800,0,800
"2976","2888新光金","110/08/23","美商高盛",264,1857,-1593
"2977","2888新光金","110/08/23","法銀巴黎",688,38,650
"2978","2888新光金","110/08/23","摩根大通",2146,3664,-1518
"2979","2888新光金","110/08/23","元富",590,17,573
"2980","2888新光金","110/08/23","元大證券",87,1208,-1121
"2981","2888新光金","110/08/23","第一金-新竹",572,0,572
"2982","2888新光金","110/08/23","凱基-頭份",0,1100,-1100
"2983","2888新光金","110/08/23","台灣摩根士丹利",597,168,429
"2984","2888新光金","110/08/23","玉山-板橋",93,712,-619
"2985","2888新光金","110/08/23","福邦-新竹",412,0,412
"2986","2888新光金","110/08/23","瑞士信貸",535,1122,-587
"2987","2888新光金","110/08/23","新光",504,139,365
"2988","2888新光金","110/08/23","元富-嘉義",27,583,-556
"2989","2888新光金","110/08/23","元大-屏南",343,4,339
"2990","2888新光金","110/08/23","凱基-敦北",2,500,-498
"2991","2888新光金","110/08/23","(牛牛牛)亞-鑫豐",398,63,335
"2992","2888新光金","110/08/23","華南永昌-林口",130,620,-490
"2993","2888新光金","110/08/23","永豐金-嘉義",300,0,300
"2994","2888新光金","110/08/23","元大-草屯",27,442,-415
"2995","2888新光金","110/08/23","富邦-台北",309,14,295
"2996","2888新光金","110/08/23","元大-大天母",5,255,-250
"2997","2888新光金","110/08/23","元富-彰化",254,2,252
"2998","2888新光金","110/08/23","土銀-嘉義",10,250,-240
"2999","2888新光金","110/08/23","群益金鼎-竹南",282,32,250
"3000","2888新光金","110/08/23","富邦-高雄",42,266,-224
"3001","1340勝悅","110/08/23","港商法國興業",20,0,20
"3002","1340勝悅","110/08/23","凱基-永華",0,26,-26
"3003","1340勝悅","110/08/23","凱基-台北",15,1,14
"3004","1340勝悅","110/08/23","元大-四維",0,20,-20
"3005","1340勝悅","110/08/23","美林",12,0,12
"3006","1340勝悅","110/08/23","元大-向上",0,19,-19
"3007","1340勝悅","110/08/23","元富-宜蘭",7,0,7
"3008","1340勝悅","110/08/23","元大-竹北",0,18,-18
"3009","1340勝悅","110/08/23","美商高盛",6,0,6
"3010","1340勝悅","110/08/23","永豐金-內湖",0,15,-15
"3011","1340勝悅","110/08/23","國泰-台中",6,0,6
"3012","1340勝悅","110/08/23","摩根大通",0,9,-9
"3013","1340勝悅","110/08/23","臺灣企銀-埔墘",5,0,5
"3014","1340勝悅","110/08/23","元大-忠孝鼎富",0,9,-9
"3015","1340勝悅","110/08/23","元富-彰化",5,0,5
"3016","1340勝悅","110/08/23","凱基-高美館",0,4,-4
"3017","1340勝悅","110/08/23","台中銀",5,0,5
"3018","1340勝悅","110/08/23","臺銀-鳳山",0,3,-3
"3019","1340勝悅","110/08/23","新光",5,0,5
"3020","1340勝悅","110/08/23","統一-城中",3,6,-3
"3021","1340勝悅","110/08/23","瑞士信貸",4,0,4
"3022","1340勝悅","110/08/23","陽信-石牌",0,2,-2
"3023","1340勝悅","110/08/23","華南永昌-新莊",4,0,4
"3024","1340勝悅","110/08/23","群益金鼎-屏東",0,2,-2
"3025","1340勝悅","110/08/23","富邦-新店",5,1,4
"3026","1340勝悅","110/08/23","富邦-羅東",0,2,-2
"3027","1340勝悅","110/08/23","群益金鼎-館前",3,0,3
"3028","1340勝悅","110/08/23","元大-新竹經國",0,2,-2
"3029","1340勝悅","110/08/23","國泰-桃園",2,0,2
"3030","1340勝悅","110/08/23","新光-台南",0,1,-1
"3031","6246臺龍","110/08/23","台新-高雄",46,22,24
"3032","6246臺龍","110/08/23","元富-高雄",0,26,-26
"3033","6246臺龍","110/08/23","凱基-台北",10,1,9
"3034","6246臺龍","110/08/23","元大-台北",0,8,-8
"3035","6246臺龍","110/08/23","臺銀-臺中",6,0,6
"3036","6246臺龍","110/08/23","日進",0,6,-6
"3037","6246臺龍","110/08/23","國票-北高雄",6,0,6
"3038","6246臺龍","110/08/23","第一金-高雄",0,5,-5
"3039","6246臺龍","110/08/23","第一金-安和",5,0,5
"3040","6246臺龍","110/08/23","玉山-桃園",0,5,-5
"3041","6246臺龍","110/08/23","元富-宜蘭",5,0,5
"3042","6246臺龍","110/08/23","群益金鼎-東門",0,5,-5
"3043","6246臺龍","110/08/23","康和-內湖",5,0,5
"3044","6246臺龍","110/08/23","永豐金-三重",0,5,-5
"3045","6246臺龍","110/08/23","兆豐-公益",4,0,4
"3046","6246臺龍","110/08/23","元富-潮州",0,4,-4
"3047","6246臺龍","110/08/23","台新-屏東",20,16,4
"3048","6246臺龍","110/08/23","元大-新莊",0,4,-4
"3049","6246臺龍","110/08/23","元大-高雄",4,0,4
"3050","6246臺龍","110/08/23","宏遠-新化",0,3,-3
"3051","6246臺龍","110/08/23","兆豐-景美",3,0,3
"3052","6246臺龍","110/08/23","富邦-嘉義",0,3,-3
"3053","6246臺龍","110/08/23","國票-敦北法人",5,2,3
"3054","6246臺龍","110/08/23","日盛-新莊",0,2,-2
"3055","6246臺龍","110/08/23","新光-台中",3,0,3
"3056","6246臺龍","110/08/23","元富-花蓮",0,2,-2
"3057","6246臺龍","110/08/23","元大-竹山",3,0,3
"3058","6246臺龍","110/08/23","兆豐-高雄",0,2,-2
"3059","6246臺龍","110/08/23","元大-土城",3,0,3
"3060","6246臺龍","110/08/23","國泰-敦南",1,3,-2
"3061","00715L期街口布蘭特正2","110/08/23","中國信託-永康",1679,1,1678
"3062","00715L期街口布蘭特正2","110/08/23","元大證券",181,15885,-15704
"3063","00715L期街口布蘭特正2","110/08/23","元大-新竹",1242,37,1205
"3064","00715L期街口布蘭特正2","110/08/23","凱基",0,4277,-4277
"3065","00715L期街口布蘭特正2","110/08/23","兆豐-鹿港",790,10,780
"3066","00715L期街口布蘭特正2","110/08/23","合庫證券",25,3475,-3450
"3067","00715L期街口布蘭特正2","110/08/23","凱基-台北",1274,502,772
"3068","00715L期街口布蘭特正2","110/08/23","永豐金證券",100,3461,-3361
"3069","00715L期街口布蘭特正2","110/08/23","新光",913,226,687
"3070","00715L期街口布蘭特正2","110/08/23","元富",11,2829,-2818
"3071","00715L期街口布蘭特正2","110/08/23","台中銀",639,24,615
"3072","00715L期街口布蘭特正2","110/08/23","康和",0,2551,-2551
"3073","00715L期街口布蘭特正2","110/08/23","元大-嘉義",584,0,584
"3074","00715L期街口布蘭特正2","110/08/23","富邦證券",1628,2629,-1001
"3075","00715L期街口布蘭特正2","110/08/23","兆豐-台中港",613,30,583
"3076","00715L期街口布蘭特正2","110/08/23","元大-林森",45,602,-557
"3077","00715L期街口布蘭特正2","110/08/23","永豐金-板盛",506,0,506
"3078","00715L期街口布蘭特正2","110/08/23","元大-三重",21,550,-529
"3079","00715L期街口布蘭特正2","110/08/23","群益金鼎-屏東",501,0,501
"3080","00715L期街口布蘭特正2","110/08/23","元大-民雄",92,575,-483
"3081","00715L期街口布蘭特正2","110/08/23","元大-北港",496,10,486
"3082","00715L期街口布蘭特正2","110/08/23","元大-蘆洲",15,316,-301
"3083","00715L期街口布蘭特正2","110/08/23","新光-台中",463,36,427
"3084","00715L期街口布蘭特正2","110/08/23","群益金鼎-台中",10,300,-290
"3085","00715L期街口布蘭特正2","110/08/23","永豐金-市政",420,15,405
"3086","00715L期街口布蘭特正2","110/08/23","群益金鼎-丹鳳",37,320,-283
"3087","00715L期街口布蘭特正2","110/08/23","元大-復北",415,11,404
"3088","00715L期街口布蘭特正2","110/08/23","富邦-嘉義",346,628,-282
"3089","00715L期街口布蘭特正2","110/08/23","中國信託-高雄",428,28,400
"3090","00715L期街口布蘭特正2","110/08/23","大昌-樹林",48,295,-247
"3091","8941關中","110/08/23","凱基-市府",1,0,1
"3092","8941關中","110/08/23","元大-金華",0,1,-1
"3093","8941關中","110/08/23","元富-台中",0,0,0
"3094","8941關中","110/08/23","元富-台中",0,0,0
"3095","8941關中","110/08/23","康和-板橋",0,0,0
"3096","8941關中","110/08/23","康和-板橋",0,0,0
"3097","8941關中","110/08/23","凱基-市政",0,0,0
"3098","8941關中","110/08/23","凱基-市政",0,0,0
"3099","8941關中","110/08/23","永豐金-敦北",0,0,0
"3100","8941關中","110/08/23","永豐金-敦北",0,0,0
"3101","8941關中","110/08/23","永豐金-南投",0,0,0
"3102","8941關中","110/08/23","永豐金-南投",0,0,0
"3103","8941關中","110/08/23","",NA,NA,NA
"3104","8941關中","110/08/23","",NA,NA,NA
"3105","8941關中","110/08/23","",NA,NA,NA
"3106","8941關中","110/08/23","",NA,NA,NA
"3107","8941關中","110/08/23","",NA,NA,NA
"3108","8941關中","110/08/23","",NA,NA,NA
"3109","8941關中","110/08/23","",NA,NA,NA
"3110","8941關中","110/08/23","",NA,NA,NA
"3111","8941關中","110/08/23","",NA,NA,NA
"3112","8941關中","110/08/23","",NA,NA,NA
"3113","8941關中","110/08/23","",NA,NA,NA
"3114","8941關中","110/08/23","",NA,NA,NA
"3115","8941關中","110/08/23","",NA,NA,NA
"3116","8941關中","110/08/23","",NA,NA,NA
"3117","8941關中","110/08/23","",NA,NA,NA
"3118","8941關中","110/08/23","",NA,NA,NA
"3119","8941關中","110/08/23","",NA,NA,NA
"3120","8941關中","110/08/23","",NA,NA,NA
"3121","8936國統","110/08/23","新加坡商瑞銀",220,12,208
"3122","8936國統","110/08/23","宏遠-台南",0,264,-264
"3123","8936國統","110/08/23","第一金-高雄",100,0,100
"3124","8936國統","110/08/23","康和-高雄",0,156,-156
"3125","8936國統","110/08/23","美商高盛",89,5,84
"3126","8936國統","110/08/23","凱基-高美館",0,56,-56
"3127","8936國統","110/08/23","瑞士信貸",77,0,77
"3128","8936國統","110/08/23","凱基-台北",7,50,-43
"3129","8936國統","110/08/23","中國信託-高雄",55,0,55
"3130","8936國統","110/08/23","大慶-楊梅",0,19,-19
"3131","8936國統","110/08/23","摩根大通",44,0,44
"3132","8936國統","110/08/23","富邦-台北",1,17,-16
"3133","8936國統","110/08/23","港商野村",68,31,37
"3134","8936國統","110/08/23","國票-中正",0,15,-15
"3135","8936國統","110/08/23","富邦-陽明",30,0,30
"3136","8936國統","110/08/23","兆豐-北高雄",0,14,-14
"3137","8936國統","110/08/23","美林",15,0,15
"3138","8936國統","110/08/23","日盛-和美",1,12,-11
"3139","8936國統","110/08/23","華南永昌",15,0,15
"3140","8936國統","110/08/23","統一-新竹",2,13,-11
"3141","8936國統","110/08/23","新光-台中",13,1,12
"3142","8936國統","110/08/23","永興-水湳",0,10,-10
"3143","8936國統","110/08/23","臺銀-鳳山",11,0,11
"3144","8936國統","110/08/23","國票-北高雄",0,10,-10
"3145","8936國統","110/08/23","元富-城東",10,0,10
"3146","8936國統","110/08/23","凱基-科園",0,10,-10
"3147","8936國統","110/08/23","宏遠-高雄",11,2,9
"3148","8936國統","110/08/23","元大-高雄",0,10,-10
"3149","8936國統","110/08/23","元富-古亭",9,0,9
"3150","8936國統","110/08/23","元大-西螺",0,8,-8
"3151","6226光鼎","110/08/23","摩根大通",432,89,343
"3152","6226光鼎","110/08/23","元大-文心興安",17,248,-231
"3153","6226光鼎","110/08/23","凱基-台北",234,13,221
"3154","6226光鼎","110/08/23","台新-台南",5,92,-87
"3155","6226光鼎","110/08/23","瑞士信貸",176,1,175
"3156","6226光鼎","110/08/23","致和-佳里",0,50,-50
"3157","6226光鼎","110/08/23","美林",77,4,73
"3158","6226光鼎","110/08/23","永豐金-大園",1,50,-49
"3159","6226光鼎","110/08/23","元大-板橋",51,4,47
"3160","6226光鼎","110/08/23","永豐金-竹北",0,40,-40
"3161","6226光鼎","110/08/23","港商法國興業",41,0,41
"3162","6226光鼎","110/08/23","凱基-台中",10,46,-36
"3163","6226光鼎","110/08/23","富邦-陽明",60,20,40
"3164","6226光鼎","110/08/23","統一",0,35,-35
"3165","6226光鼎","110/08/23","華南永昌-中正",38,0,38
"3166","6226光鼎","110/08/23","國泰-板橋",13,47,-34
"3167","6226光鼎","110/08/23","美商高盛",120,86,34
"3168","6226光鼎","110/08/23","富邦-岡山",0,34,-34
"3169","6226光鼎","110/08/23","永豐金-虎尾",54,21,33
"3170","6226光鼎","110/08/23","元富-城中",4,37,-33
"3171","6226光鼎","110/08/23","元大-中壢",43,11,32
"3172","6226光鼎","110/08/23","永豐金-中盛",2,35,-33
"3173","6226光鼎","110/08/23","元大-松山",30,0,30
"3174","6226光鼎","110/08/23","新光",29,60,-31
"3175","6226光鼎","110/08/23","華南永昌-麻豆",29,0,29
"3176","6226光鼎","110/08/23","第一金-台南",3,28,-25
"3177","6226光鼎","110/08/23","國泰-敦南",108,80,28
"3178","6226光鼎","110/08/23","元富-同大",0,23,-23
"3179","6226光鼎","110/08/23","凱基-內埔",31,10,21
"3180","6226光鼎","110/08/23","元大-高雄",0,23,-23
"3181","2363矽統","110/08/23","摩根大通",2511,676,1835
"3182","2363矽統","110/08/23","凱基-南崁",11,1553,-1542
"3183","2363矽統","110/08/23","凱基-台北",1871,888,983
"3184","2363矽統","110/08/23","玉山-台中",25,549,-524
"3185","2363矽統","110/08/23","合庫-基隆",965,24,941
"3186","2363矽統","110/08/23","台灣摩根士丹利",0,504,-504
"3187","2363矽統","110/08/23","瑞士信貸",553,0,553
"3188","2363矽統","110/08/23","永豐金-板盛",4,302,-298
"3189","2363矽統","110/08/23","美商高盛",1636,1099,537
"3190","2363矽統","110/08/23","大展",13,289,-276
"3191","2363矽統","110/08/23","港商野村",2021,1501,520
"3192","2363矽統","110/08/23","元大-汐止",123,391,-268
"3193","2363矽統","110/08/23","美林",395,80,315
"3194","2363矽統","110/08/23","台新證券",332,525,-193
"3195","2363矽統","110/08/23","富邦-苗栗",360,53,307
"3196","2363矽統","110/08/23","富邦-新竹",45,201,-156
"3197","2363矽統","110/08/23","統一-土城",254,6,248
"3198","2363矽統","110/08/23","群益金鼎-桃園",4,107,-103
"3199","2363矽統","110/08/23","統一-仁愛",281,48,233
"3200","2363矽統","110/08/23","台新-屏東",58,156,-98
"3201","2363矽統","110/08/23","統一-敦南",261,40,221
"3202","2363矽統","110/08/23","元富-永和",9,103,-94
"3203","2363矽統","110/08/23","統一-城中",276,57,219
"3204","2363矽統","110/08/23","富邦-新店",19,107,-88
"3205","2363矽統","110/08/23","群益金鼎-敦南",209,13,196
"3206","2363矽統","110/08/23","群益金鼎-南京",24,111,-87
"3207","2363矽統","110/08/23","華南永昌-林口",174,12,162
"3208","2363矽統","110/08/23","台新-左楠",4,88,-84
"3209","2363矽統","110/08/23","元大-淡水",210,57,153
"3210","2363矽統","110/08/23","元大-沙鹿",58,137,-79
"3211","8112至上","110/08/23","美林",116,9,107
"3212","8112至上","110/08/23","群益金鼎-基隆",0,172,-172
"3213","8112至上","110/08/23","摩根大通",133,59,74
"3214","8112至上","110/08/23","香港上海匯豐",0,120,-120
"3215","8112至上","110/08/23","第一金-桃園",99,30,69
"3216","8112至上","110/08/23","台灣摩根士丹利",0,110,-110
"3217","8112至上","110/08/23","凱基-台北",129,78,51
"3218","8112至上","110/08/23","群益金鼎",0,100,-100
"3219","8112至上","110/08/23","元大-成功",50,1,49
"3220","8112至上","110/08/23","元大-佳里",5,92,-87
"3221","8112至上","110/08/23","日盛-花蓮",40,0,40
"3222","8112至上","110/08/23","港商野村",77,140,-63
"3223","8112至上","110/08/23","國票-天祥",40,0,40
"3224","8112至上","110/08/23","元大-永和",0,45,-45
"3225","8112至上","110/08/23","群益金鼎-板橋",40,0,40
"3226","8112至上","110/08/23","富邦-仁愛",31,66,-35
"3227","8112至上","110/08/23","元大-萬華",49,10,39
"3228","8112至上","110/08/23","日盛-文化",0,26,-26
"3229","8112至上","110/08/23","合庫-西台中",40,5,35
"3230","8112至上","110/08/23","元富-佳里",4,30,-26
"3231","8112至上","110/08/23","瑞士信貸",33,0,33
"3232","8112至上","110/08/23","第一金-大稻埕",0,25,-25
"3233","8112至上","110/08/23","中國信託-永康",31,0,31
"3234","8112至上","110/08/23","大慶-蘆洲",0,22,-22
"3235","8112至上","110/08/23","亞東",30,0,30
"3236","8112至上","110/08/23","永豐金-敦南",2,23,-21
"3237","8112至上","110/08/23","亞東-台中",26,0,26
"3238","8112至上","110/08/23","台中銀",0,20,-20
"3239","8112至上","110/08/23","富邦-北港",35,11,24
"3240","8112至上","110/08/23","兆豐-西螺",0,20,-20
"3241","1570力肯","110/08/23","國票-和平",39,0,39
"3242","1570力肯","110/08/23","統一",0,28,-28
"3243","1570力肯","110/08/23","摩根大通",22,1,21
"3244","1570力肯","110/08/23","群益金鼎-東門",0,20,-20
"3245","1570力肯","110/08/23","臺銀",18,0,18
"3246","1570力肯","110/08/23","中國信託-嘉義",0,15,-15
"3247","1570力肯","110/08/23","台新-台中",18,0,18
"3248","1570力肯","110/08/23","台新證券",0,15,-15
"3249","1570力肯","110/08/23","凱基-台北",25,8,17
"3250","1570力肯","110/08/23","元富-世貿",0,10,-10
"3251","1570力肯","110/08/23","中農",10,0,10
"3252","1570力肯","110/08/23","國票-博愛",0,10,-10
"3253","1570力肯","110/08/23","瑞士信貸",5,0,5
"3254","1570力肯","110/08/23","元富-新興",0,9,-9
"3255","1570力肯","110/08/23","兆豐-松德",5,0,5
"3256","1570力肯","110/08/23","新光",0,9,-9
"3257","1570力肯","110/08/23","凱基-高美館",5,0,5
"3258","1570力肯","110/08/23","元大-四維",1,7,-6
"3259","1570力肯","110/08/23","凱基-幸福",5,0,5
"3260","1570力肯","110/08/23","元大-淡水",0,4,-4
"3261","1570力肯","110/08/23","元大-和平",20,15,5
"3262","1570力肯","110/08/23","元大-民生",0,4,-4
"3263","1570力肯","110/08/23","元大-草屯",5,0,5
"3264","1570力肯","110/08/23","元大-東港",0,4,-4
"3265","1570力肯","110/08/23","日盛-中壢",4,0,4
"3266","1570力肯","110/08/23","永豐金-松山",0,4,-4
"3267","1570力肯","110/08/23","國票-天祥",3,0,3
"3268","1570力肯","110/08/23","日盛-景美",0,3,-3
"3269","1570力肯","110/08/23","台灣企銀-屏東",2,0,2
"3270","1570力肯","110/08/23","中國信託-新竹",0,3,-3
"3271","2929淘帝","110/08/23","凱基-台北",27,2,25
"3272","2929淘帝","110/08/23","花旗環球",0,22,-22
"3273","2929淘帝","110/08/23","元大-太平",23,0,23
"3274","2929淘帝","110/08/23","宏遠-館前",0,20,-20
"3275","2929淘帝","110/08/23","元大-萬華",20,0,20
"3276","2929淘帝","110/08/23","富邦-高雄",0,20,-20
"3277","2929淘帝","110/08/23","港商野村",14,0,14
"3278","2929淘帝","110/08/23","兆豐-北高雄",0,17,-17
"3279","2929淘帝","110/08/23","摩根大通",14,0,14
"3280","2929淘帝","110/08/23","致和-高雄",0,10,-10
"3281","2929淘帝","110/08/23","富邦-陽明",11,0,11
"3282","2929淘帝","110/08/23","康和-內湖",0,10,-10
"3283","2929淘帝","110/08/23","元大-文心興安",10,0,10
"3284","2929淘帝","110/08/23","元大-沙鹿",0,9,-9
"3285","2929淘帝","110/08/23","永豐金-大園",10,0,10
"3286","2929淘帝","110/08/23","元大-豐原站前",0,8,-8
"3287","2929淘帝","110/08/23","凱基-林口",7,0,7
"3288","2929淘帝","110/08/23","高橋-龍潭",0,7,-7
"3289","2929淘帝","110/08/23","新加坡商瑞銀",9,3,6
"3290","2929淘帝","110/08/23","臺銀-高雄",0,6,-6
"3291","2929淘帝","110/08/23","日盛-員林",5,0,5
"3292","2929淘帝","110/08/23","元富-新竹",0,6,-6
"3293","2929淘帝","110/08/23","元大-虎尾",5,0,5
"3294","2929淘帝","110/08/23","富邦-竹北",0,6,-6
"3295","2929淘帝","110/08/23","美林",6,2,4
"3296","2929淘帝","110/08/23","元大-莒光",0,5,-5
"3297","2929淘帝","110/08/23","港商法國興業",4,0,4
"3298","2929淘帝","110/08/23","元大-左營",0,5,-5
"3299","2929淘帝","110/08/23","凱基-東門",4,0,4
"3300","2929淘帝","110/08/23","元大-鹿港",0,5,-5
"3301","5410國眾","110/08/23","港商野村",14,0,14
"3302","5410國眾","110/08/23","元大-崇德",0,22,-22
"3303","5410國眾","110/08/23","凱基-台北",14,3,11
"3304","5410國眾","110/08/23","元大-清水",0,15,-15
"3305","5410國眾","110/08/23","凱基-科園",10,0,10
"3306","5410國眾","110/08/23","元大-金華",0,10,-10
"3307","5410國眾","110/08/23","華南永昌-高雄",7,0,7
"3308","5410國眾","110/08/23","元大-中壢",0,9,-9
"3309","5410國眾","110/08/23","新加坡商瑞銀",6,0,6
"3310","5410國眾","110/08/23","日盛-台中",0,8,-8
"3311","5410國眾","110/08/23","國泰-台中",5,0,5
"3312","5410國眾","110/08/23","元大-前金",0,6,-6
"3313","5410國眾","110/08/23","國泰-桃園",5,0,5
"3314","5410國眾","110/08/23","華南永昌-公誠",0,5,-5
"3315","5410國眾","110/08/23","華南永昌-淡水",5,0,5
"3316","5410國眾","110/08/23","臺銀-高雄",0,4,-4
"3317","5410國眾","110/08/23","新光",2,0,2
"3318","5410國眾","110/08/23","華南永昌-鶯歌",1,5,-4
"3319","5410國眾","110/08/23","國泰-台南",2,0,2
"3320","5410國眾","110/08/23","元富-烏日",0,3,-3
"3321","5410國眾","110/08/23","凱基-桃園",2,0,2
"3322","5410國眾","110/08/23","富邦-桃園",0,3,-3
"3323","5410國眾","110/08/23","富邦-建國",2,0,2
"3324","5410國眾","110/08/23","元大-發財",0,2,-2
"3325","5410國眾","110/08/23","永豐金-敦北",2,0,2
"3326","5410國眾","110/08/23","元大-雙和",0,2,-2
"3327","5410國眾","110/08/23","日盛-園區",1,0,1
"3328","5410國眾","110/08/23","日盛-中和",0,1,-1
"3329","5410國眾","110/08/23","第一金-中壢",1,0,1
"3330","5410國眾","110/08/23","彰銀",0,1,-1
"3331","2841台開","110/08/23","宏遠-館前",300,0,300
"3332","2841台開","110/08/23","台中銀",0,74,-74
"3333","2841台開","110/08/23","第一金",54,0,54
"3334","2841台開","110/08/23","港商野村",0,62,-62
"3335","2841台開","110/08/23","元大-仁愛",38,0,38
"3336","2841台開","110/08/23","永豐金-敦南",10,58,-48
"3337","2841台開","110/08/23","合庫-三重",15,0,15
"3338","2841台開","110/08/23","台新-三民",0,39,-39
"3339","2841台開","110/08/23","玉山-新竹",15,0,15
"3340","2841台開","110/08/23","日盛證券",0,27,-27
"3341","2841台開","110/08/23","元大-大里德芳",10,0,10
"3342","2841台開","110/08/23","新光",13,37,-24
"3343","2841台開","110/08/23","元大-新莊",10,0,10
"3344","2841台開","110/08/23","凱基-虎尾",0,20,-20
"3345","2841台開","110/08/23","元富-緯城",5,0,5
"3346","2841台開","110/08/23","永豐金-忠孝",0,20,-20
"3347","2841台開","110/08/23","第一金-台南",4,0,4
"3348","2841台開","110/08/23","富邦-板橋",0,19,-19
"3349","2841台開","110/08/23","富邦-岡山",4,0,4
"3350","2841台開","110/08/23","凱基-東港",0,15,-15
"3351","2841台開","110/08/23","元大-虎尾",4,0,4
"3352","2841台開","110/08/23","國泰-敦南",0,11,-11
"3353","2841台開","110/08/23","元大-學甲",2,0,2
"3354","2841台開","110/08/23","元大-竹北",0,10,-10
"3355","2841台開","110/08/23","元大-草屯",2,0,2
"3356","2841台開","110/08/23","元大-彰化",1,11,-10
"3357","2841台開","110/08/23","台中銀-員林",1,0,1
"3358","2841台開","110/08/23","元大-北三重",0,10,-10
"3359","2841台開","110/08/23","台新-新營",1,0,1
"3360","2841台開","110/08/23","國泰-桃園",1,9,-8
"3361","6207雷科","110/08/23","摩根大通",29,6,23
"3362","6207雷科","110/08/23","元大-高雄",0,75,-75
"3363","6207雷科","110/08/23","凱基-台北",18,3,15
"3364","6207雷科","110/08/23","華南永昌-世貿",0,38,-38
"3365","6207雷科","110/08/23","安泰-楠梓",11,0,11
"3366","6207雷科","110/08/23","凱基-高雄",0,13,-13
"3367","6207雷科","110/08/23","凱基-頭份",12,1,11
"3368","6207雷科","110/08/23","港商野村",7,19,-12
"3369","6207雷科","110/08/23","群益金鼎-中壢",10,0,10
"3370","6207雷科","110/08/23","新加坡商瑞銀",1,13,-12
"3371","6207雷科","110/08/23","統一-中壢",9,0,9
"3372","6207雷科","110/08/23","元大-新莊",0,7,-7
"3373","6207雷科","110/08/23","元大-敦南",9,0,9
"3374","6207雷科","110/08/23","兆豐-公益",0,6,-6
"3375","6207雷科","110/08/23","瑞士信貸",8,0,8
"3376","6207雷科","110/08/23","合庫-高雄",0,5,-5
"3377","6207雷科","110/08/23","兆豐-嘉義",8,0,8
"3378","6207雷科","110/08/23","宏遠-高雄",0,5,-5
"3379","6207雷科","110/08/23","華南永昌-古亭",7,0,7
"3380","6207雷科","110/08/23","凱基-板橋",0,5,-5
"3381","6207雷科","110/08/23","富邦-陽明",7,0,7
"3382","6207雷科","110/08/23","群益金鼎-三民",0,4,-4
"3383","6207雷科","110/08/23","日盛-員林",6,0,6
"3384","6207雷科","110/08/23","群益金鼎-東門",0,4,-4
"3385","6207雷科","110/08/23","德信-新營",5,0,5
"3386","6207雷科","110/08/23","富邦-羅東",0,4,-4
"3387","6207雷科","110/08/23","凱基-高美館",5,0,5
"3388","6207雷科","110/08/23","元富-虎尾",0,3,-3
"3389","6207雷科","110/08/23","玉山-高雄",4,0,4
"3390","6207雷科","110/08/23","國泰-桃園",0,3,-3
"3391","3679新至陞","110/08/23","永豐金-南投",17,0,17
"3392","3679新至陞","110/08/23","港商法國興業",0,8,-8
"3393","3679新至陞","110/08/23","元富-埔里",9,0,9
"3394","3679新至陞","110/08/23","凱基-長庚",0,8,-8
"3395","3679新至陞","110/08/23","(牛牛牛)亞-網路",7,0,7
"3396","3679新至陞","110/08/23","宏遠-光隆",0,6,-6
"3397","3679新至陞","110/08/23","美林",7,1,6
"3398","3679新至陞","110/08/23","玉山-高雄",0,5,-5
"3399","3679新至陞","110/08/23","台灣摩根士丹利",5,0,5
"3400","3679新至陞","110/08/23","群益金鼎-高盛",0,3,-3
"3401","3679新至陞","110/08/23","瑞士信貸",6,1,5
"3402","3679新至陞","110/08/23","華南永昌-林口",0,3,-3
"3403","3679新至陞","110/08/23","元大-樹林",5,0,5
"3404","3679新至陞","110/08/23","元大證券",0,3,-3
"3405","3679新至陞","110/08/23","元大-文心興安",6,2,4
"3406","3679新至陞","110/08/23","元大-小港",0,3,-3
"3407","3679新至陞","110/08/23","凱基-台北",3,0,3
"3408","3679新至陞","110/08/23","統一-敦南",0,2,-2
"3409","3679新至陞","110/08/23","臺銀",2,0,2
"3410","3679新至陞","110/08/23","元富-大昌",0,2,-2
"3411","3679新至陞","110/08/23","臺銀-臺中",3,1,2
"3412","3679新至陞","110/08/23","玉山-新莊",0,2,-2
"3413","3679新至陞","110/08/23","新光-高雄",2,0,2
"3414","3679新至陞","110/08/23","群益金鼎-三民",0,2,-2
"3415","3679新至陞","110/08/23","華南永昌",2,0,2
"3416","3679新至陞","110/08/23","富邦-新竹",0,2,-2
"3417","3679新至陞","110/08/23","日盛-二林",1,0,1
"3418","3679新至陞","110/08/23","元大-敦化",0,2,-2
"3419","3679新至陞","110/08/23","新加坡商瑞銀",1,0,1
"3420","3679新至陞","110/08/23","永豐金-內湖",0,2,-2
"3421","2727王品","110/08/23","凱基-台北",163,48,115
"3422","2727王品","110/08/23","港商麥格理",0,51,-51
"3423","2727王品","110/08/23","台灣摩根士丹利",62,0,62
"3424","2727王品","110/08/23","國票-南港",0,50,-50
"3425","2727王品","110/08/23","元大-台中中港",58,0,58
"3426","2727王品","110/08/23","台新證券",9,35,-26
"3427","2727王品","110/08/23","美林",48,0,48
"3428","2727王品","110/08/23","元大-景美",2,21,-19
"3429","2727王品","110/08/23","摩根大通",73,41,32
"3430","2727王品","110/08/23","大慶-台南",0,15,-15
"3431","2727王品","110/08/23","港商野村",61,35,26
"3432","2727王品","110/08/23","中國信託-高雄",1,15,-14
"3433","2727王品","110/08/23","統一",21,4,17
"3434","2727王品","110/08/23","永豐金-市政",2,13,-11
"3435","2727王品","110/08/23","群益金鼎-大興",15,0,15
"3436","2727王品","110/08/23","第一金-桃園",0,10,-10
"3437","2727王品","110/08/23","台灣企銀",12,0,12
"3438","2727王品","110/08/23","玉山證券",1,11,-10
"3439","2727王品","110/08/23","新加坡商瑞銀",11,0,11
"3440","2727王品","110/08/23","凱基-三重",0,10,-10
"3441","2727王品","110/08/23","統一-三重",10,0,10
"3442","2727王品","110/08/23","富邦-建國",0,10,-10
"3443","2727王品","110/08/23","永豐金-竹科",13,3,10
"3444","2727王品","110/08/23","美商高盛",7,16,-9
"3445","2727王品","110/08/23","合庫-台中",10,1,9
"3446","2727王品","110/08/23","群益金鼎-三重",0,9,-9
"3447","2727王品","110/08/23","香港上海匯豐",9,0,9
"3448","2727王品","110/08/23","群益金鼎-宜蘭",0,9,-9
"3449","2727王品","110/08/23","凱基-台南",10,2,8
"3450","2727王品","110/08/23","凱基-高美館",0,9,-9
"3451","1570力肯","110/08/23","國票-和平",39,0,39
"3452","1570力肯","110/08/23","統一",0,28,-28
"3453","1570力肯","110/08/23","摩根大通",22,1,21
"3454","1570力肯","110/08/23","群益金鼎-東門",0,20,-20
"3455","1570力肯","110/08/23","臺銀",18,0,18
"3456","1570力肯","110/08/23","中國信託-嘉義",0,15,-15
"3457","1570力肯","110/08/23","台新-台中",18,0,18
"3458","1570力肯","110/08/23","台新證券",0,15,-15
"3459","1570力肯","110/08/23","凱基-台北",25,8,17
"3460","1570力肯","110/08/23","元富-世貿",0,10,-10
"3461","1570力肯","110/08/23","中農",10,0,10
"3462","1570力肯","110/08/23","國票-博愛",0,10,-10
"3463","1570力肯","110/08/23","瑞士信貸",5,0,5
"3464","1570力肯","110/08/23","元富-新興",0,9,-9
"3465","1570力肯","110/08/23","兆豐-松德",5,0,5
"3466","1570力肯","110/08/23","新光",0,9,-9
"3467","1570力肯","110/08/23","凱基-高美館",5,0,5
"3468","1570力肯","110/08/23","元大-四維",1,7,-6
"3469","1570力肯","110/08/23","凱基-幸福",5,0,5
"3470","1570力肯","110/08/23","元大-淡水",0,4,-4
"3471","1570力肯","110/08/23","元大-和平",20,15,5
"3472","1570力肯","110/08/23","元大-民生",0,4,-4
"3473","1570力肯","110/08/23","元大-草屯",5,0,5
"3474","1570力肯","110/08/23","元大-東港",0,4,-4
"3475","1570力肯","110/08/23","日盛-中壢",4,0,4
"3476","1570力肯","110/08/23","永豐金-松山",0,4,-4
"3477","1570力肯","110/08/23","國票-天祥",3,0,3
"3478","1570力肯","110/08/23","日盛-景美",0,3,-3
"3479","1570力肯","110/08/23","台灣企銀-屏東",2,0,2
"3480","1570力肯","110/08/23","中國信託-新竹",0,3,-3
"3481","6180橘子","110/08/23","凱基-台北",107,15,92
"3482","6180橘子","110/08/23","國泰-館前",2,28,-26
"3483","6180橘子","110/08/23","美林",50,0,50
"3484","6180橘子","110/08/23","元大-中壢",0,22,-22
"3485","6180橘子","110/08/23","摩根大通",66,24,42
"3486","6180橘子","110/08/23","華南永昌-鶯歌",0,21,-21
"3487","6180橘子","110/08/23","港商野村",38,2,36
"3488","6180橘子","110/08/23","台灣企銀-屏東",0,18,-18
"3489","6180橘子","110/08/23","元富-高雄",22,0,22
"3490","6180橘子","110/08/23","永豐金-中壢",0,18,-18
"3491","6180橘子","110/08/23","元大-上新莊",21,0,21
"3492","6180橘子","110/08/23","兆豐-台中",0,17,-17
"3493","6180橘子","110/08/23","福勝",19,1,18
"3494","6180橘子","110/08/23","新光-高雄",1,18,-17
"3495","6180橘子","110/08/23","富邦-內湖",13,2,11
"3496","6180橘子","110/08/23","台灣摩根士丹利",9,21,-12
"3497","6180橘子","110/08/23","永豐金證券",11,0,11
"3498","6180橘子","110/08/23","富邦-永和",0,12,-12
"3499","6180橘子","110/08/23","彰銀-七賢",10,0,10
"3500","6180橘子","110/08/23","合庫-自強",0,11,-11
"3501","6180橘子","110/08/23","中國信託-高雄",10,0,10
"3502","6180橘子","110/08/23","元大-發財",0,11,-11
"3503","6180橘子","110/08/23","兆豐-埔墘",10,0,10
"3504","6180橘子","110/08/23","第一金-新興",0,10,-10
"3505","6180橘子","110/08/23","群益金鼎-敦南",10,0,10
"3506","6180橘子","110/08/23","統一-中壢",0,10,-10
"3507","6180橘子","110/08/23","元大-台南",10,0,10
"3508","6180橘子","110/08/23","台新-屏東",0,10,-10
"3509","6180橘子","110/08/23","元大-左營",11,1,10
"3510","6180橘子","110/08/23","元大-旗山",0,10,-10
"3511","2390云辰","110/08/23","元大-土城學府",197,0,197
"3512","2390云辰","110/08/23","凱基-台北",87,301,-214
"3513","2390云辰","110/08/23","新光-台中",154,34,120
"3514","2390云辰","110/08/23","兆豐-公益",4,173,-169
"3515","2390云辰","110/08/23","宏遠證券",100,0,100
"3516","2390云辰","110/08/23","國票-博愛",65,200,-135
"3517","2390云辰","110/08/23","凱基-林口",92,0,92
"3518","2390云辰","110/08/23","群益金鼎-三重",8,112,-104
"3519","2390云辰","110/08/23","統一-新台中",83,1,82
"3520","2390云辰","110/08/23","日盛-園區",4,104,-100
"3521","2390云辰","110/08/23","凱基-竹北",62,8,54
"3522","2390云辰","110/08/23","凱基-屏東",1,101,-100
"3523","2390云辰","110/08/23","華南永昌-公誠",66,15,51
"3524","2390云辰","110/08/23","富邦-花蓮",2,100,-98
"3525","2390云辰","110/08/23","國泰-敦南",172,129,43
"3526","2390云辰","110/08/23","摩根大通",83,162,-79
"3527","2390云辰","110/08/23","統一-新竹",44,7,37
"3528","2390云辰","110/08/23","元富-花蓮",2,74,-72
"3529","2390云辰","110/08/23","元大-沙鹿",73,39,34
"3530","2390云辰","110/08/23","第一金-安和",32,101,-69
"3531","2390云辰","110/08/23","元大-新盛",47,16,31
"3532","2390云辰","110/08/23","美商高盛",26,92,-66
"3533","2390云辰","110/08/23","華南永昌-鳳山",29,3,26
"3534","2390云辰","110/08/23","統一-三重",6,71,-65
"3535","2390云辰","110/08/23","大昌-樹林",34,9,25
"3536","2390云辰","110/08/23","富邦-嘉義",195,260,-65
"3537","2390云辰","110/08/23","富邦-陽明",59,34,25
"3538","2390云辰","110/08/23","元大-忠孝鼎富",0,50,-50
"3539","2390云辰","110/08/23","富邦-宜蘭",28,3,25
"3540","2390云辰","110/08/23","統一-城中",7,53,-46
"3541","1315達新","110/08/20","日盛-和美",16,0,16
"3542","1315達新","110/08/20","香港上海匯豐",0,41,-41
"3543","1315達新","110/08/20","元富-成功",10,0,10
"3544","1315達新","110/08/20","元大-文心興安",2,36,-34
"3545","1315達新","110/08/20","兆豐-台中",10,0,10
"3546","1315達新","110/08/20","港商麥格理",0,26,-26
"3547","1315達新","110/08/20","凱基-中港",10,0,10
"3548","1315達新","110/08/20","元富",0,14,-14
"3549","1315達新","110/08/20","元大-桃園",8,0,8
"3550","1315達新","110/08/20","元富-敦南",0,8,-8
"3551","1315達新","110/08/20","凱基-高美館",7,0,7
"3552","1315達新","110/08/20","凱基-台北",7,15,-8
"3553","1315達新","110/08/20","統一",5,0,5
"3554","1315達新","110/08/20","元大-花蓮",2,10,-8
"3555","1315達新","110/08/20","中國信託-高雄",5,0,5
"3556","1315達新","110/08/20","摩根大通",0,7,-7
"3557","1315達新","110/08/20","致和-東門",5,0,5
"3558","1315達新","110/08/20","(牛牛牛)亞證券",0,6,-6
"3559","1315達新","110/08/20","國票-北高雄",5,0,5
"3560","1315達新","110/08/20","群益金鼎-鳳山",0,6,-6
"3561","1315達新","110/08/20","國票-桃園",5,0,5
"3562","1315達新","110/08/20","美林",3,8,-5
"3563","1315達新","110/08/20","凱基-高雄",5,0,5
"3564","1315達新","110/08/20","玉山-大里",0,4,-4
"3565","1315達新","110/08/20","凱基-大安",5,0,5
"3566","1315達新","110/08/20","國票-安和",1,4,-3
"3567","1315達新","110/08/20","新光",5,1,4
"3568","1315達新","110/08/20","永興-台中",0,1,-1
"3569","1315達新","110/08/20","國泰-敦南",4,0,4
"3570","1315達新","110/08/20","光和-花壇",0,1,-1
"3571","2609陽明","110/08/20","摩根大通",7094,4108,2986
"3572","2609陽明","110/08/20","富邦證券",916,4167,-3251
"3573","2609陽明","110/08/20","凱基-台北",3009,829,2180
"3574","2609陽明","110/08/20","瑞士信貸",1961,3747,-1786
"3575","2609陽明","110/08/20","永豐金-信義",2022,49,1973
"3576","2609陽明","110/08/20","美林",3367,4938,-1571
"3577","2609陽明","110/08/20","富邦-虎尾",14038,12509,1529
"3578","2609陽明","110/08/20","元大證券",1688,3204,-1516
"3579","2609陽明","110/08/20","華南永昌-竹北",2009,531,1478
"3580","2609陽明","110/08/20","凱基-高美館",303,786,-483
"3581","2609陽明","110/08/20","群益金鼎-大安",1208,64,1144
"3582","2609陽明","110/08/20","日盛-板橋",125,587,-462
"3583","2609陽明","110/08/20","康和",5625,4754,871
"3584","2609陽明","110/08/20","富邦-北港",163,571,-408
"3585","2609陽明","110/08/20","兆豐-虎尾",919,77,842
"3586","2609陽明","110/08/20","凱基-台南",165,557,-392
"3587","2609陽明","110/08/20","新加坡商瑞銀",1133,390,743
"3588","2609陽明","110/08/20","元大-樹林",215,599,-384
"3589","2609陽明","110/08/20","統一-仁愛",1379,702,677
"3590","2609陽明","110/08/20","富邦-台中",246,596,-350
"3591","2609陽明","110/08/20","美商高盛",1051,452,599
"3592","2609陽明","110/08/20","凱基-復興",141,467,-326
"3593","2609陽明","110/08/20","凱基-市府",658,82,576
"3594","2609陽明","110/08/20","台新-高雄",483,807,-324
"3595","2609陽明","110/08/20","元大-新莊",665,169,496
"3596","2609陽明","110/08/20","日盛證券",323,619,-296
"3597","2609陽明","110/08/20","台灣摩根士丹利",773,365,408
"3598","2609陽明","110/08/20","法銀巴黎",0,292,-292
"3599","2609陽明","110/08/20","日盛-雙和",550,197,353
"3600","2609陽明","110/08/20","元大-北投",454,729,-275
"3601","2636台驊投控","110/08/20","摩根大通",709,415,294
"3602","2636台驊投控","110/08/20","台灣摩根士丹利",146,252,-106
"3603","2636台驊投控","110/08/20","台新-台中",176,64,112
"3604","2636台驊投控","110/08/20","港商野村",1266,1357,-91
"3605","2636台驊投控","110/08/20","統一",191,91,100
"3606","2636台驊投控","110/08/20","美林",246,335,-89
"3607","2636台驊投控","110/08/20","永豐金-萬盛",136,39,97
"3608","2636台驊投控","110/08/20","宏遠-新化",1,75,-74
"3609","2636台驊投控","110/08/20","永豐金-南京",105,33,72
"3610","2636台驊投控","110/08/20","群益金鼎-竹南",5,69,-64
"3611","2636台驊投控","110/08/20","日盛-景美",102,32,70
"3612","2636台驊投控","110/08/20","日盛-大墩",4,56,-52
"3613","2636台驊投控","110/08/20","日盛證券",154,103,51
"3614","2636台驊投控","110/08/20","第一金-台中",5,56,-51
"3615","2636台驊投控","110/08/20","第一金-桃園",54,7,47
"3616","2636台驊投控","110/08/20","日盛-宜蘭",2,52,-50
"3617","2636台驊投控","110/08/20","統一-基隆",47,5,42
"3618","2636台驊投控","110/08/20","兆豐-南京",0,49,-49
"3619","2636台驊投控","110/08/20","元富-城東",63,22,41
"3620","2636台驊投控","110/08/20","合庫-新竹",4,47,-43
"3621","2636台驊投控","110/08/20","富邦-建國",67,35,32
"3622","2636台驊投控","110/08/20","統一-城中",6,33,-27
"3623","2636台驊投控","110/08/20","元大-桃興",40,10,30
"3624","2636台驊投控","110/08/20","凱基-科園",7,34,-27
"3625","2636台驊投控","110/08/20","土銀-南港",34,6,28
"3626","2636台驊投控","110/08/20","新光",167,193,-26
"3627","2636台驊投控","110/08/20","永豐金-台南",54,27,27
"3628","2636台驊投控","110/08/20","群益金鼎-古亭",51,75,-24
"3629","2636台驊投控","110/08/20","富邦-台北",45,19,26
"3630","2636台驊投控","110/08/20","富邦-仁愛",51,74,-23
"3631","2867三商壽","110/08/20","凱基-台北",225,43,182
"3632","2867三商壽","110/08/20","宏遠證券",0,1023,-1023
"3633","2867三商壽","110/08/20","元大-土城永寧",150,2,148
"3634","2867三商壽","110/08/20","摩根大通",123,551,-428
"3635","2867三商壽","110/08/20","新光",213,72,141
"3636","2867三商壽","110/08/20","美商高盛",62,194,-132
"3637","2867三商壽","110/08/20","臺銀-鳳山",131,26,105
"3638","2867三商壽","110/08/20","國票-中正",0,130,-130
"3639","2867三商壽","110/08/20","元大-屏東民生",100,0,100
"3640","2867三商壽","110/08/20","美林",1,114,-113
"3641","2867三商壽","110/08/20","元大-桃園",100,1,99
"3642","2867三商壽","110/08/20","台灣摩根士丹利",31,107,-76
"3643","2867三商壽","110/08/20","永豐金-埔里",94,20,74
"3644","2867三商壽","110/08/20","富邦-中壢",1,75,-74
"3645","2867三商壽","110/08/20","土銀-台中",60,0,60
"3646","2867三商壽","110/08/20","華南永昌-南京",10,70,-60
"3647","2867三商壽","110/08/20","臺銀-高雄",56,1,55
"3648","2867三商壽","110/08/20","富邦-彰化",10,67,-57
"3649","2867三商壽","110/08/20","統一-台南",55,0,55
"3650","2867三商壽","110/08/20","凱基-高美館",0,50,-50
"3651","2867三商壽","110/08/20","富邦-仁愛",53,0,53
"3652","2867三商壽","110/08/20","港商野村",35,68,-33
"3653","2867三商壽","110/08/20","富邦-台北",44,1,43
"3654","2867三商壽","110/08/20","台新-高雄",1,31,-30
"3655","2867三商壽","110/08/20","合庫-高雄",40,0,40
"3656","2867三商壽","110/08/20","元大-北屯",9,36,-27
"3657","2867三商壽","110/08/20","華南永昌-虎尾",50,10,40
"3658","2867三商壽","110/08/20","法銀巴黎",1,27,-26
"3659","2867三商壽","110/08/20","富邦-宜蘭",40,0,40
"3660","2867三商壽","110/08/20","日盛-中壢",0,20,-20
"3661","5521工信","110/08/20","元大-內湖",55,0,55
"3662","5521工信","110/08/20","美商高盛",0,182,-182
"3663","5521工信","110/08/20","日進",36,0,36
"3664","5521工信","110/08/20","摩根大通",39,180,-141
"3665","5521工信","110/08/20","兆豐-來福",30,0,30
"3666","5521工信","110/08/20","凱基-台北",0,101,-101
"3667","5521工信","110/08/20","元大-屏南",30,0,30
"3668","5521工信","110/08/20","富邦-岡山",0,50,-50
"3669","5521工信","110/08/20","台新證券",26,4,22
"3670","5521工信","110/08/20","港商野村",0,41,-41
"3671","5521工信","110/08/20","玉山-台大",25,5,20
"3672","5521工信","110/08/20","台灣摩根士丹利",1,30,-29
"3673","5521工信","110/08/20","群益金鼎-忠孝",20,0,20
"3674","5521工信","110/08/20","群益金鼎-高雄",0,20,-20
"3675","5521工信","110/08/20","富邦-台北",20,0,20
"3676","5521工信","110/08/20","華南永昌-中正",0,20,-20
"3677","5521工信","110/08/20","永豐金-中正",19,0,19
"3678","5521工信","110/08/20","台新-新營",0,19,-19
"3679","5521工信","110/08/20","統一-員林",15,0,15
"3680","5521工信","110/08/20","華南永昌-彰化",2,20,-18
"3681","5521工信","110/08/20","合庫-桃園",12,0,12
"3682","5521工信","110/08/20","群益金鼎-潭子",0,15,-15
"3683","5521工信","110/08/20","陽信-石牌",11,0,11
"3684","5521工信","110/08/20","元大-板橋",0,15,-15
"3685","5521工信","110/08/20","元大-基隆孝二",11,0,11
"3686","5521工信","110/08/20","元大-南屯",1,15,-14
"3687","5521工信","110/08/20","土銀-白河",10,0,10
"3688","5521工信","110/08/20","永豐金-桃盛",0,10,-10
"3689","5521工信","110/08/20","華南永昌-大安",10,0,10
"3690","5521工信","110/08/20","聯邦-雙和",0,8,-8
"3691","1471首利","110/08/20","富邦-員林",41,0,41
"3692","1471首利","110/08/20","元大-草屯",1,100,-99
"3693","1471首利","110/08/20","摩根大通",88,63,25
"3694","1471首利","110/08/20","元富-民權",0,41,-41
"3695","1471首利","110/08/20","永豐金-板盛",23,0,23
"3696","1471首利","110/08/20","致和-府前",0,20,-20
"3697","1471首利","110/08/20","台新證券",30,11,19
"3698","1471首利","110/08/20","大慶-蘆洲",0,14,-14
"3699","1471首利","110/08/20","日盛-高雄",15,0,15
"3700","1471首利","110/08/20","凱基-台北",3,16,-13
"3701","1471首利","110/08/20","瑞士信貸",36,21,15
"3702","1471首利","110/08/20","玉山-新莊",1,12,-11
"3703","1471首利","110/08/20","元大-成功",15,0,15
"3704","1471首利","110/08/20","日盛-樹林",0,10,-10
"3705","1471首利","110/08/20","元大-鳳山",13,0,13
"3706","1471首利","110/08/20","台中銀-豐原",0,10,-10
"3707","1471首利","110/08/20","美林",11,0,11
"3708","1471首利","110/08/20","國票-新莊",0,10,-10
"3709","1471首利","110/08/20","兆豐-西螺",10,0,10
"3710","1471首利","110/08/20","元大-開元",0,10,-10
"3711","1471首利","110/08/20","台新-台南",10,0,10
"3712","1471首利","110/08/20","新光",9,18,-9
"3713","1471首利","110/08/20","新光-台中",7,0,7
"3714","1471首利","110/08/20","元大-台中",0,8,-8
"3715","1471首利","110/08/20","凱基-長庚",7,0,7
"3716","1471首利","110/08/20","富邦-竹東",0,7,-7
"3717","1471首利","110/08/20","日盛-大墩",6,0,6
"3718","1471首利","110/08/20","元大-善化",0,7,-7
"3719","1471首利","110/08/20","國泰-敦南",6,0,6
"3720","1471首利","110/08/20","永豐金-忠孝",0,7,-7
"3721","2883開發金","110/08/20","美商高盛",5045,274,4771
"3722","2883開發金","110/08/20","元大-草屯",110,5813,-5703
"3723","2883開發金","110/08/20","摩根大通",6375,3996,2379
"3724","2883開發金","110/08/20","元大-雙和",35,5050,-5015
"3725","2883開發金","110/08/20","瑞士信貸",2180,184,1996
"3726","2883開發金","110/08/20","元富",228,2528,-2300
"3727","2883開發金","110/08/20","港商野村",4455,2645,1810
"3728","2883開發金","110/08/20","新光",2896,4495,-1599
"3729","2883開發金","110/08/20","美林",1695,187,1508
"3730","2883開發金","110/08/20","法銀巴黎",12,1549,-1537
"3731","2883開發金","110/08/20","凱基-台北",3659,2336,1323
"3732","2883開發金","110/08/20","統一",61,1390,-1329
"3733","2883開發金","110/08/20","富邦證券",1343,39,1304
"3734","2883開發金","110/08/20","台灣匯立證券",0,995,-995
"3735","2883開發金","110/08/20","臺銀",1447,177,1270
"3736","2883開發金","110/08/20","台灣摩根士丹利",1050,1929,-879
"3737","2883開發金","110/08/20","國泰證券",1228,72,1156
"3738","2883開發金","110/08/20","元大-前金",15,785,-770
"3739","2883開發金","110/08/20","華南永昌",1230,198,1032
"3740","2883開發金","110/08/20","元大-桃興",64,796,-732
"3741","2883開發金","110/08/20","元大證券",1137,317,820
"3742","2883開發金","110/08/20","宏遠-台南",80,759,-679
"3743","2883開發金","110/08/20","致和證券",819,0,819
"3744","2883開發金","110/08/20","合庫證券",245,861,-616
"3745","2883開發金","110/08/20","元大-善化",756,83,673
"3746","2883開發金","110/08/20","元大-大灣",46,660,-614
"3747","2883開發金","110/08/20","元大-新莊",731,108,623
"3748","2883開發金","110/08/20","國票-南港",32,641,-609
"3749","2883開發金","110/08/20","凱基",520,10,510
"3750","2883開發金","110/08/20","群益金鼎-開元",30,551,-521
"3751","6205詮欣","110/08/20","聯邦商銀",27,0,27
"3752","6205詮欣","110/08/20","凱基-新店",0,24,-24
"3753","6205詮欣","110/08/20","凱基-汐止",25,0,25
"3754","6205詮欣","110/08/20","元大-忠孝",0,18,-18
"3755","6205詮欣","110/08/20","元大-汐止",10,0,10
"3756","6205詮欣","110/08/20","瑞士信貸",0,17,-17
"3757","6205詮欣","110/08/20","臺銀-臺中",7,0,7
"3758","6205詮欣","110/08/20","摩根大通",2,11,-9
"3759","6205詮欣","110/08/20","統一-基隆",7,0,7
"3760","6205詮欣","110/08/20","日盛-永康",0,5,-5
"3761","6205詮欣","110/08/20","臺銀-高雄",6,0,6
"3762","6205詮欣","110/08/20","聯邦-興中",0,5,-5
"3763","6205詮欣","110/08/20","臺銀-民權",5,0,5
"3764","6205詮欣","110/08/20","華南永昌-公誠",0,5,-5
"3765","6205詮欣","110/08/20","亞東",4,0,4
"3766","6205詮欣","110/08/20","元大-西螺",0,5,-5
"3767","6205詮欣","110/08/20","玉山證券",4,0,4
"3768","6205詮欣","110/08/20","群益金鼎-永和",0,4,-4
"3769","6205詮欣","110/08/20","華南永昌-古亭",4,0,4
"3770","6205詮欣","110/08/20","元大-新竹經國",0,4,-4
"3771","6205詮欣","110/08/20","元大-博愛",4,0,4
"3772","6205詮欣","110/08/20","永興-大墩",0,3,-3
"3773","6205詮欣","110/08/20","元富-草屯",3,0,3
"3774","6205詮欣","110/08/20","國票-和平",0,3,-3
"3775","6205詮欣","110/08/20","合庫-鳳山",2,0,2
"3776","6205詮欣","110/08/20","國泰-敦南",0,3,-3
"3777","6205詮欣","110/08/20","日進",2,0,2
"3778","6205詮欣","110/08/20","華南永昌",0,3,-3
"3779","6205詮欣","110/08/20","凱基-苗栗",2,0,2
"3780","6205詮欣","110/08/20","永豐金-新竹",0,3,-3
"3781","1540喬福","110/08/20","富邦-員林",11,0,11
"3782","1540喬福","110/08/20","元大-北三重",0,12,-12
"3783","1540喬福","110/08/20","永豐金-鳳山",5,0,5
"3784","1540喬福","110/08/20","元大-土城永寧",0,10,-10
"3785","1540喬福","110/08/20","亞東",4,0,4
"3786","1540喬福","110/08/20","新光-新竹",1,6,-5
"3787","1540喬福","110/08/20","新光",3,0,3
"3788","1540喬福","110/08/20","富邦-台南",0,5,-5
"3789","1540喬福","110/08/20","日盛-頭份",2,0,2
"3790","1540喬福","110/08/20","元大-龍潭",0,5,-5
"3791","1540喬福","110/08/20","第一金-嘉義",2,0,2
"3792","1540喬福","110/08/20","日盛-台中",0,2,-2
"3793","1540喬福","110/08/20","兆豐-鹿港",2,0,2
"3794","1540喬福","110/08/20","元大-東港",0,1,-1
"3795","1540喬福","110/08/20","摩根大通",2,0,2
"3796","1540喬福","110/08/20","日盛-板橋",0,0,0
"3797","1540喬福","110/08/20","玉山-桃園",1,0,1
"3798","1540喬福","110/08/20","元富",1,1,0
"3799","1540喬福","110/08/20","凱基-台北",1,0,1
"3800","1540喬福","110/08/20","康和-板橋",0,0,0
"3801","1540喬福","110/08/20","凱基-嘉義",1,0,1
"3802","1540喬福","110/08/20","國泰-敦南",0,0,0
"3803","1540喬福","110/08/20","凱基-市府",1,0,1
"3804","1540喬福","110/08/20","群益金鼎-板橋",0,0,0
"3805","1540喬福","110/08/20","群益金鼎-潭子",1,0,1
"3806","1540喬福","110/08/20","富邦-桃園",0,0,0
"3807","1540喬福","110/08/20","台灣企銀-建成",1,0,1
"3808","1540喬福","110/08/20","元大-西門",0,0,0
"3809","1540喬福","110/08/20","國票-天祥",1,0,1
"3810","1540喬福","110/08/20","元大-草屯",0,0,0
"3811","2888新光金","110/08/20","元富",2479,10,2469
"3812","2888新光金","110/08/20","摩根大通",2428,8920,-6492
"3813","2888新光金","110/08/20","華南永昌",1300,1,1299
"3814","2888新光金","110/08/20","台灣摩根士丹利",272,5505,-5233
"3815","2888新光金","110/08/20","凱基-頭份",1104,10,1094
"3816","2888新光金","110/08/20","美商高盛",23,4545,-4522
"3817","2888新光金","110/08/20","新光",1484,401,1083
"3818","2888新光金","110/08/20","瑞士信貸",62,1483,-1421
"3819","2888新光金","110/08/20","元大證券",1044,239,805
"3820","2888新光金","110/08/20","港商法國興業",66,1075,-1009
"3821","2888新光金","110/08/20","國票-北高雄",711,0,711
"3822","2888新光金","110/08/20","元大-大雅",47,998,-951
"3823","2888新光金","110/08/20","兆豐-台中港",629,0,629
"3824","2888新光金","110/08/20","法銀巴黎",449,1363,-914
"3825","2888新光金","110/08/20","臺銀",509,9,500
"3826","2888新光金","110/08/20","國票-九鼎",27,911,-884
"3827","2888新光金","110/08/20","國泰-忠孝",491,53,438
"3828","2888新光金","110/08/20","港商野村",79,637,-558
"3829","2888新光金","110/08/20","國泰-敦南",466,37,429
"3830","2888新光金","110/08/20","群益金鼎-瑞豐",11,560,-549
"3831","2888新光金","110/08/20","台中銀",442,30,412
"3832","2888新光金","110/08/20","德信-和平",8,500,-492
"3833","2888新光金","110/08/20","富邦-南屯",429,30,399
"3834","2888新光金","110/08/20","元大-大天母",54,452,-398
"3835","2888新光金","110/08/20","元大-三重",338,11,327
"3836","2888新光金","110/08/20","合庫證券",34,393,-359
"3837","2888新光金","110/08/20","永豐金-大園",326,10,316
"3838","2888新光金","110/08/20","群益金鼎",16,358,-342
"3839","2888新光金","110/08/20","北城證券",306,6,300
"3840","2888新光金","110/08/20","群益金鼎-板橋",6,304,-298
"3841","1340勝悅","110/08/20","元富-成功",23,0,23
"3842","1340勝悅","110/08/20","摩根大通",0,13,-13
"3843","1340勝悅","110/08/20","華南永昌-高雄",11,0,11
"3844","1340勝悅","110/08/20","港商法國興業",0,10,-10
"3845","1340勝悅","110/08/20","統一-城中",8,2,6
"3846","1340勝悅","110/08/20","凱基-東勢",0,10,-10
"3847","1340勝悅","110/08/20","元大-北成功",6,0,6
"3848","1340勝悅","110/08/20","元大-楊梅",0,10,-10
"3849","1340勝悅","110/08/20","臺銀-臺中",5,0,5
"3850","1340勝悅","110/08/20","華南永昌-東昇",0,9,-9
"3851","1340勝悅","110/08/20","臺灣企銀-埔墘",5,0,5
"3852","1340勝悅","110/08/20","合庫-自強",0,5,-5
"3853","1340勝悅","110/08/20","日盛-板橋",5,0,5
"3854","1340勝悅","110/08/20","兆豐-新竹",0,5,-5
"3855","1340勝悅","110/08/20","美商高盛",4,0,4
"3856","1340勝悅","110/08/20","玉山-桃園",0,5,-5
"3857","1340勝悅","110/08/20","大昌",3,0,3
"3858","1340勝悅","110/08/20","元大-復北",0,5,-5
"3859","1340勝悅","110/08/20","台中銀",2,0,2
"3860","1340勝悅","110/08/20","兆豐-來福",0,4,-4
"3861","1340勝悅","110/08/20","新光-台中",2,0,2
"3862","1340勝悅","110/08/20","新光",0,4,-4
"3863","1340勝悅","110/08/20","群益金鼎-崇德",2,0,2
"3864","1340勝悅","110/08/20","瑞士信貸",0,3,-3
"3865","1340勝悅","110/08/20","群益金鼎-館前",2,0,2
"3866","1340勝悅","110/08/20","台新證券",0,3,-3
"3867","1340勝悅","110/08/20","華南永昌-忠孝",2,0,2
"3868","1340勝悅","110/08/20","臺銀-鳳山",0,2,-2
"3869","1340勝悅","110/08/20","富邦-北港",2,0,2
"3870","1340勝悅","110/08/20","美林",0,2,-2
"3871","6246臺龍","110/08/20","新光-台中",18,0,18
"3872","6246臺龍","110/08/20","元大-林園",0,20,-20
"3873","6246臺龍","110/08/20","凱基-台北",15,0,15
"3874","6246臺龍","110/08/20","凱基-永和",1,15,-14
"3875","6246臺龍","110/08/20","元大-台北",8,0,8
"3876","6246臺龍","110/08/20","凱基-竹北",0,12,-12
"3877","6246臺龍","110/08/20","元大-北屯",6,0,6
"3878","6246臺龍","110/08/20","富邦-桃園",0,6,-6
"3879","6246臺龍","110/08/20","臺銀-臺中",4,0,4
"3880","6246臺龍","110/08/20","國泰-敦南",0,5,-5
"3881","6246臺龍","110/08/20","元富-吉利",4,0,4
"3882","6246臺龍","110/08/20","日盛證券",0,3,-3
"3883","6246臺龍","110/08/20","凱基-內湖",4,0,4
"3884","6246臺龍","110/08/20","第一金-台南",0,3,-3
"3885","6246臺龍","110/08/20","富邦-建國",4,0,4
"3886","6246臺龍","110/08/20","第一金-桃園",0,3,-3
"3887","6246臺龍","110/08/20","宏遠-新化",3,0,3
"3888","6246臺龍","110/08/20","群益金鼎-北高雄",0,3,-3
"3889","6246臺龍","110/08/20","第一金-大稻埕",2,0,2
"3890","6246臺龍","110/08/20","凱基-虎尾",0,3,-3
"3891","6246臺龍","110/08/20","國票-敦北法人",2,0,2
"3892","6246臺龍","110/08/20","元大-博愛",0,3,-3
"3893","6246臺龍","110/08/20","群益金鼎-開元",2,0,2
"3894","6246臺龍","110/08/20","統一-新竹",0,2,-2
"3895","6246臺龍","110/08/20","元大-竹山",2,0,2
"3896","6246臺龍","110/08/20","元富-新店",0,2,-2
"3897","6246臺龍","110/08/20","元大-上新莊",2,0,2
"3898","6246臺龍","110/08/20","元富-烏日",0,2,-2
"3899","6246臺龍","110/08/20","元大-土城",2,0,2
"3900","6246臺龍","110/08/20","台新-中壢",0,2,-2
"3901","00715L期街口布蘭特正2","110/08/20","新光",1501,206,1295
"3902","00715L期街口布蘭特正2","110/08/20","元大證券",460,5183,-4723
"3903","00715L期街口布蘭特正2","110/08/20","富邦-南屯",671,15,656
"3904","00715L期街口布蘭特正2","110/08/20","合庫證券",9,3350,-3341
"3905","00715L期街口布蘭特正2","110/08/20","元大-復北",756,120,636
"3906","00715L期街口布蘭特正2","110/08/20","康和",603,2255,-1652
"3907","00715L期街口布蘭特正2","110/08/20","華南永昌",555,0,555
"3908","00715L期街口布蘭特正2","110/08/20","群益金鼎",0,1488,-1488
"3909","00715L期街口布蘭特正2","110/08/20","玉山證券",525,32,493
"3910","00715L期街口布蘭特正2","110/08/20","凱基-台北",57,1280,-1223
"3911","00715L期街口布蘭特正2","110/08/20","第一金-華江",472,1,471
"3912","00715L期街口布蘭特正2","110/08/20","統一-台中",34,1238,-1204
"3913","00715L期街口布蘭特正2","110/08/20","元大-西屯",412,0,412
"3914","00715L期街口布蘭特正2","110/08/20","國票",306,1276,-970
"3915","00715L期街口布蘭特正2","110/08/20","第一金-豐原",390,0,390
"3916","00715L期街口布蘭特正2","110/08/20","富邦證券",2234,2995,-761
"3917","00715L期街口布蘭特正2","110/08/20","元大-北港",374,0,374
"3918","00715L期街口布蘭特正2","110/08/20","日盛-新莊",221,825,-604
"3919","00715L期街口布蘭特正2","110/08/20","華南永昌-台中",379,10,369
"3920","00715L期街口布蘭特正2","110/08/20","台新-台中",169,711,-542
"3921","00715L期街口布蘭特正2","110/08/20","玉山-新竹",345,10,335
"3922","00715L期街口布蘭特正2","110/08/20","元富",0,507,-507
"3923","00715L期街口布蘭特正2","110/08/20","元大-草屯",413,88,325
"3924","00715L期街口布蘭特正2","110/08/20","台中銀",90,452,-362
"3925","00715L期街口布蘭特正2","110/08/20","日盛-二林",307,1,306
"3926","00715L期街口布蘭特正2","110/08/20","凱基-中壢",98,442,-344
"3927","00715L期街口布蘭特正2","110/08/20","凱基-站前",306,0,306
"3928","00715L期街口布蘭特正2","110/08/20","台新證券",312,644,-332
"3929","00715L期街口布蘭特正2","110/08/20","新光-台中",308,23,285
"3930","00715L期街口布蘭特正2","110/08/20","元大-林森",1,252,-251
"3931","8941關中","110/08/20","合庫-彰化",1,0,1
"3932","8941關中","110/08/20","大慶-富順",0,1,-1
"3933","8941關中","110/08/20","凱基-市府",1,0,1
"3934","8941關中","110/08/20","國泰-忠孝",0,1,-1
"3935","8941關中","110/08/20","玉山-台大",0,0,0
"3936","8941關中","110/08/20","玉山-台大",0,0,0
"3937","8941關中","110/08/20","國泰-高雄",0,0,0
"3938","8941關中","110/08/20","國泰-高雄",0,0,0
"3939","8941關中","110/08/20","元大-南投",0,0,0
"3940","8941關中","110/08/20","元大-南投",0,0,0
"3941","8941關中","110/08/20","永豐金-萬盛",0,0,0
"3942","8941關中","110/08/20","永豐金-萬盛",0,0,0
"3943","8941關中","110/08/20","永豐金-南投",0,0,0
"3944","8941關中","110/08/20","永豐金-南投",0,0,0
"3945","8941關中","110/08/20","",NA,NA,NA
"3946","8941關中","110/08/20","",NA,NA,NA
"3947","8941關中","110/08/20","",NA,NA,NA
"3948","8941關中","110/08/20","",NA,NA,NA
"3949","8941關中","110/08/20","",NA,NA,NA
"3950","8941關中","110/08/20","",NA,NA,NA
"3951","8941關中","110/08/20","",NA,NA,NA
"3952","8941關中","110/08/20","",NA,NA,NA
"3953","8941關中","110/08/20","",NA,NA,NA
"3954","8941關中","110/08/20","",NA,NA,NA
"3955","8941關中","110/08/20","",NA,NA,NA
"3956","8941關中","110/08/20","",NA,NA,NA
"3957","8941關中","110/08/20","",NA,NA,NA
"3958","8941關中","110/08/20","",NA,NA,NA
"3959","8941關中","110/08/20","",NA,NA,NA
"3960","8941關中","110/08/20","",NA,NA,NA
"3961","8936國統","110/08/20","美林",81,0,81
"3962","8936國統","110/08/20","國票-和平",0,75,-75
"3963","8936國統","110/08/20","宏遠-台南",82,29,53
"3964","8936國統","110/08/20","台灣摩根士丹利",9,55,-46
"3965","8936國統","110/08/20","台中銀-高雄",51,0,51
"3966","8936國統","110/08/20","美商高盛",6,33,-27
"3967","8936國統","110/08/20","富邦-岡山",35,0,35
"3968","8936國統","110/08/20","凱基-高美館",6,33,-27
"3969","8936國統","110/08/20","港商野村",73,43,30
"3970","8936國統","110/08/20","新光-台中",18,43,-25
"3971","8936國統","110/08/20","康和-高雄",30,0,30
"3972","8936國統","110/08/20","凱基-中山",0,17,-17
"3973","8936國統","110/08/20","瑞士信貸",15,0,15
"3974","8936國統","110/08/20","玉山-城中",3,17,-14
"3975","8936國統","110/08/20","兆豐-北高雄",14,0,14
"3976","8936國統","110/08/20","日盛-頭份",0,12,-12
"3977","8936國統","110/08/20","元大-汐止",11,0,11
"3978","8936國統","110/08/20","日盛-大墩",0,10,-10
"3979","8936國統","110/08/20","玉山-左營",10,0,10
"3980","8936國統","110/08/20","凱基-台北",34,44,-10
"3981","8936國統","110/08/20","元大-路竹",10,0,10
"3982","8936國統","110/08/20","元大-高雄",0,10,-10
"3983","8936國統","110/08/20","永豐金-南投",10,0,10
"3984","8936國統","110/08/20","元富-同大",0,8,-8
"3985","8936國統","110/08/20","臺銀",8,2,6
"3986","8936國統","110/08/20","元大-鑫永和",0,8,-8
"3987","8936國統","110/08/20","大昌-新店",5,0,5
"3988","8936國統","110/08/20","日盛-豐原",0,7,-7
"3989","8936國統","110/08/20","國票-內壢",5,0,5
"3990","8936國統","110/08/20","第一金-路竹",0,7,-7
"3991","6226光鼎","110/08/20","美商高盛",388,14,374
"3992","6226光鼎","110/08/20","國泰-台中",62,142,-80
"3993","6226光鼎","110/08/20","台灣摩根士丹利",347,26,321
"3994","6226光鼎","110/08/20","元大-北屯",27,101,-74
"3995","6226光鼎","110/08/20","元大-文心興安",238,8,230
"3996","6226光鼎","110/08/20","永豐金-竹科",0,69,-69
"3997","6226光鼎","110/08/20","美林",265,60,205
"3998","6226光鼎","110/08/20","臺銀-高雄",0,61,-61
"3999","6226光鼎","110/08/20","凱基-台北",211,59,152
"4000","6226光鼎","110/08/20","日盛-信義",0,60,-60
"4001","6226光鼎","110/08/20","摩根大通",172,72,100
"4002","6226光鼎","110/08/20","元大證券",18,76,-58
"4003","6226光鼎","110/08/20","新加坡商瑞銀",162,78,84
"4004","6226光鼎","110/08/20","中國信託",31,81,-50
"4005","6226光鼎","110/08/20","港商野村",168,89,79
"4006","6226光鼎","110/08/20","華南永昌-長虹",1,51,-50
"4007","6226光鼎","110/08/20","中國信託-永康",70,28,42
"4008","6226光鼎","110/08/20","富邦-板橋",6,55,-49
"4009","6226光鼎","110/08/20","致和-佳里",39,5,34
"4010","6226光鼎","110/08/20","土銀-彰化",8,53,-45
"4011","6226光鼎","110/08/20","兆豐-桃鶯",30,0,30
"4012","6226光鼎","110/08/20","新光",49,94,-45
"4013","6226光鼎","110/08/20","永豐金-中盛",38,10,28
"4014","6226光鼎","110/08/20","台新證券",86,129,-43
"4015","6226光鼎","110/08/20","凱基-站前",27,0,27
"4016","6226光鼎","110/08/20","元大-竹科",14,57,-43
"4017","6226光鼎","110/08/20","群益金鼎-永和",25,0,25
"4018","6226光鼎","110/08/20","兆豐-寶成",1,43,-42
"4019","6226光鼎","110/08/20","國票-台南",23,0,23
"4020","6226光鼎","110/08/20","國泰-館前",13,55,-42
"4021","2363矽統","110/08/20","凱基-台北",909,319,590
"4022","2363矽統","110/08/20","群益金鼎",10,183,-173
"4023","2363矽統","110/08/20","港商野村",1346,1106,240
"4024","2363矽統","110/08/20","國票-台東",2,153,-151
"4025","2363矽統","110/08/20","美林",332,137,195
"4026","2363矽統","110/08/20","元大-前金",44,169,-125
"4027","2363矽統","110/08/20","摩根大通",268,88,180
"4028","2363矽統","110/08/20","元大-汐止",32,121,-89
"4029","2363矽統","110/08/20","美商高盛",270,113,157
"4030","2363矽統","110/08/20","統一-屏東",14,90,-76
"4031","2363矽統","110/08/20","統一-三重",108,0,108
"4032","2363矽統","110/08/20","國泰-敦南",202,271,-69
"4033","2363矽統","110/08/20","日盛-中和",110,13,97
"4034","2363矽統","110/08/20","凱基-長庚",12,76,-64
"4035","2363矽統","110/08/20","台新-新營",84,14,70
"4036","2363矽統","110/08/20","凱基-鳳山",4,61,-57
"4037","2363矽統","110/08/20","富邦-台北",183,117,66
"4038","2363矽統","110/08/20","群益金鼎-中壢",25,81,-56
"4039","2363矽統","110/08/20","新光",238,178,60
"4040","2363矽統","110/08/20","合庫-高雄",23,78,-55
"4041","2363矽統","110/08/20","元大-士林",56,1,55
"4042","2363矽統","110/08/20","永豐金-市政",23,75,-52
"4043","2363矽統","110/08/20","凱基-台南",54,6,48
"4044","2363矽統","110/08/20","國泰-館前",98,148,-50
"4045","2363矽統","110/08/20","光和",45,4,41
"4046","2363矽統","110/08/20","國票-九鼎",14,62,-48
"4047","2363矽統","110/08/20","凱基-敦北",40,0,40
"4048","2363矽統","110/08/20","台新-左楠",2,47,-45
"4049","2363矽統","110/08/20","永豐金-台中",45,7,38
"4050","2363矽統","110/08/20","永豐金-潮州",3,46,-43
"4051","8112至上","110/08/20","港商法國興業",188,0,188
"4052","8112至上","110/08/20","台灣摩根士丹利",0,152,-152
"4053","8112至上","110/08/20","港商野村",229,78,151
"4054","8112至上","110/08/20","合庫-西台中",0,130,-130
"4055","8112至上","110/08/20","凱基-台北",95,12,83
"4056","8112至上","110/08/20","富邦-仁愛",7,102,-95
"4057","8112至上","110/08/20","美商高盛",100,23,77
"4058","8112至上","110/08/20","元大-永春",0,88,-88
"4059","8112至上","110/08/20","瑞士信貸",54,1,53
"4060","8112至上","110/08/20","元大-佳里",5,60,-55
"4061","8112至上","110/08/20","元大-路竹",38,7,31
"4062","8112至上","110/08/20","群益金鼎-基隆",1,49,-48
"4063","8112至上","110/08/20","富邦-新竹",37,7,30
"4064","8112至上","110/08/20","新加坡商瑞銀",34,73,-39
"4065","8112至上","110/08/20","元大-竹東",23,0,23
"4066","8112至上","110/08/20","摩根大通",183,214,-31
"4067","8112至上","110/08/20","凱基-桃園",22,1,21
"4068","8112至上","110/08/20","亞東-新竹",0,30,-30
"4069","8112至上","110/08/20","群益金鼎-大興",20,0,20
"4070","8112至上","110/08/20","亞東-台中",0,30,-30
"4071","8112至上","110/08/20","富邦-北港",20,0,20
"4072","8112至上","110/08/20","美林",32,61,-29
"4073","8112至上","110/08/20","元大-東港",20,0,20
"4074","8112至上","110/08/20","合庫-基隆",0,21,-21
"4075","8112至上","110/08/20","第一金-頭份",23,5,18
"4076","8112至上","110/08/20","(牛牛牛)亞-鑫豐",14,35,-21
"4077","8112至上","110/08/20","元大-仁愛",17,0,17
"4078","8112至上","110/08/20","國票-南港",5,26,-21
"4079","8112至上","110/08/20","國票-天祥",16,0,16
"4080","8112至上","110/08/20","國泰-台中",5,26,-21
"4081","1570力肯","110/08/20","國票-北高雄",27,0,27
"4082","1570力肯","110/08/20","元大-大雅",8,58,-50
"4083","1570力肯","110/08/20","元大-鹿港",29,4,25
"4084","1570力肯","110/08/20","凱基-三峽",0,30,-30
"4085","1570力肯","110/08/20","摩根大通",27,5,22
"4086","1570力肯","110/08/20","元大-樹林",0,30,-30
"4087","1570力肯","110/08/20","富邦-花蓮",20,0,20
"4088","1570力肯","110/08/20","統一",0,28,-28
"4089","1570力肯","110/08/20","群益金鼎-高雄",18,0,18
"4090","1570力肯","110/08/20","國票-南科",0,13,-13
"4091","1570力肯","110/08/20","元大-草屯",13,0,13
"4092","1570力肯","110/08/20","元大-鑫永和",0,12,-12
"4093","1570力肯","110/08/20","元富-緯城",12,0,12
"4094","1570力肯","110/08/20","台新證券",0,11,-11
"4095","1570力肯","110/08/20","元富-世貿",10,0,10
"4096","1570力肯","110/08/20","群益金鼎-民權",0,10,-10
"4097","1570力肯","110/08/20","大慶-蘆洲",7,0,7
"4098","1570力肯","110/08/20","國票-台中",3,11,-8
"4099","1570力肯","110/08/20","(牛牛牛)亞-鑫豐",25,18,7
"4100","1570力肯","110/08/20","土銀-新竹",1,7,-6
"4101","1570力肯","110/08/20","國票-天祥",6,0,6
"4102","1570力肯","110/08/20","台灣摩根士丹利",0,6,-6
"4103","1570力肯","110/08/20","凱基-台北",7,1,6
"4104","1570力肯","110/08/20","國泰-敦南",1,7,-6
"4105","1570力肯","110/08/20","元富-城東",5,0,5
"4106","1570力肯","110/08/20","高橋-龍潭",0,5,-5
"4107","1570力肯","110/08/20","國票",5,0,5
"4108","1570力肯","110/08/20","玉山-高雄",0,5,-5
"4109","1570力肯","110/08/20","萬泰",5,0,5
"4110","1570力肯","110/08/20","永豐金-苓雅",0,5,-5
"4111","2929淘帝","110/08/20","元大-太平",35,0,35
"4112","2929淘帝","110/08/20","元大-莒光",0,25,-25
"4113","2929淘帝","110/08/20","港商野村",17,5,12
"4114","2929淘帝","110/08/20","富邦-新營",0,20,-20
"4115","2929淘帝","110/08/20","摩根大通",16,6,10
"4116","2929淘帝","110/08/20","華南永昌-古亭",0,16,-16
"4117","2929淘帝","110/08/20","永豐金-板新",10,0,10
"4118","2929淘帝","110/08/20","兆豐-桃鶯",0,12,-12
"4119","2929淘帝","110/08/20","美林",10,1,9
"4120","2929淘帝","110/08/20","中國信託",0,10,-10
"4121","2929淘帝","110/08/20","兆豐-忠孝",8,0,8
"4122","2929淘帝","110/08/20","元大-竹科",0,10,-10
"4123","2929淘帝","110/08/20","凱基-東門",8,0,8
"4124","2929淘帝","110/08/20","永豐金-新莊",0,10,-10
"4125","2929淘帝","110/08/20","高橋-龍潭",5,0,5
"4126","2929淘帝","110/08/20","兆豐-東門",0,8,-8
"4127","2929淘帝","110/08/20","玉山-台南",5,0,5
"4128","2929淘帝","110/08/20","凱基-三峽",0,7,-7
"4129","2929淘帝","110/08/20","凱基-中山",5,0,5
"4130","2929淘帝","110/08/20","宏遠-館前",0,5,-5
"4131","2929淘帝","110/08/20","華南永昌-小港",5,0,5
"4132","2929淘帝","110/08/20","瑞士信貸",0,5,-5
"4133","2929淘帝","110/08/20","元大-員林",5,0,5
"4134","2929淘帝","110/08/20","富邦-陽明",0,5,-5
"4135","2929淘帝","110/08/20","元大-永和",5,0,5
"4136","2929淘帝","110/08/20","中國信託-松江",0,4,-4
"4137","2929淘帝","110/08/20","永豐金-永康",5,0,5
"4138","2929淘帝","110/08/20","玉山-新竹",11,15,-4
"4139","2929淘帝","110/08/20","群益金鼎-潭子",4,0,4
"4140","2929淘帝","110/08/20","元富-成功",0,3,-3
"4141","5410國眾","110/08/20","大昌",5,0,5
"4142","5410國眾","110/08/20","元大-發財",0,9,-9
"4143","5410國眾","110/08/20","華南永昌-高雄",5,0,5
"4144","5410國眾","110/08/20","元大-士林",2,8,-6
"4145","5410國眾","110/08/20","元大-東泰",5,0,5
"4146","5410國眾","110/08/20","日盛-屏東",0,5,-5
"4147","5410國眾","110/08/20","元大-中壢",5,0,5
"4148","5410國眾","110/08/20","新加坡商瑞銀",3,8,-5
"4149","5410國眾","110/08/20","中國信託-新竹",4,0,4
"4150","5410國眾","110/08/20","凱基-台北",0,4,-4
"4151","5410國眾","110/08/20","新光",3,0,3
"4152","5410國眾","110/08/20","元大-南勢角",0,4,-4
"4153","5410國眾","110/08/20","凱基-竹北",3,0,3
"4154","5410國眾","110/08/20","寶盛",0,3,-3
"4155","5410國眾","110/08/20","國泰-松江",2,0,2
"4156","5410國眾","110/08/20","元富-台南",0,2,-2
"4157","5410國眾","110/08/20","群益金鼎-海山",2,0,2
"4158","5410國眾","110/08/20","華南永昌-小港",0,2,-2
"4159","5410國眾","110/08/20","凱基-彰化",2,0,2
"4160","5410國眾","110/08/20","富邦-竹北",1,3,-2
"4161","5410國眾","110/08/20","日盛-二林",1,0,1
"4162","5410國眾","110/08/20","富邦-永和",0,2,-2
"4163","5410國眾","110/08/20","美林",1,0,1
"4164","5410國眾","110/08/20","元大-華山",0,2,-2
"4165","5410國眾","110/08/20","大慶-蘆洲",1,0,1
"4166","5410國眾","110/08/20","中國信託-文心",0,1,-1
"4167","5410國眾","110/08/20","中國信託-嘉義",1,0,1
"4168","5410國眾","110/08/20","國泰-敦南",4,5,-1
"4169","5410國眾","110/08/20","國泰-台南",1,0,1
"4170","5410國眾","110/08/20","華南永昌-楠梓",0,1,-1
"4171","2841台開","110/08/20","宏遠-館前",465,0,465
"4172","2841台開","110/08/20","台中銀",0,113,-113
"4173","2841台開","110/08/20","第一金",102,0,102
"4174","2841台開","110/08/20","國票-敦北法人",0,51,-51
"4175","2841台開","110/08/20","富邦-岡山",18,0,18
"4176","2841台開","110/08/20","高橋",0,50,-50
"4177","2841台開","110/08/20","台新證券",15,2,13
"4178","2841台開","110/08/20","日盛證券",0,43,-43
"4179","2841台開","110/08/20","元大-新竹經國",10,0,10
"4180","2841台開","110/08/20","永豐金-三重",0,39,-39
"4181","2841台開","110/08/20","日盛-新竹",6,0,6
"4182","2841台開","110/08/20","玉山-高雄",0,30,-30
"4183","2841台開","110/08/20","元富-文心",5,0,5
"4184","2841台開","110/08/20","元大-竹山",0,30,-30
"4185","2841台開","110/08/20","第一金-路竹",3,0,3
"4186","2841台開","110/08/20","光和-高雄",0,28,-28
"4187","2841台開","110/08/20","永豐金-中盛",3,0,3
"4188","2841台開","110/08/20","永豐金-敦南",15,37,-22
"4189","2841台開","110/08/20","新光-台中",2,0,2
"4190","2841台開","110/08/20","新光-台南",0,21,-21
"4191","2841台開","110/08/20","群益金鼎-館前",2,0,2
"4192","2841台開","110/08/20","玉山-嘉義",0,20,-20
"4193","2841台開","110/08/20","群益金鼎-東湖",2,0,2
"4194","2841台開","110/08/20","富邦-員林",0,20,-20
"4195","2841台開","110/08/20","元大-屏東民生",2,0,2
"4196","2841台開","110/08/20","元大-竹科",0,20,-20
"4197","2841台開","110/08/20","國泰-板橋",1,0,1
"4198","2841台開","110/08/20","元大-善化",0,15,-15
"4199","2841台開","110/08/20","群益金鼎-崇德",1,0,1
"4200","2841台開","110/08/20","永豐金-忠孝",0,15,-15
"4201","6207雷科","110/08/20","日盛-員林",20,0,20
"4202","6207雷科","110/08/20","凱基-敦北",0,26,-26
"4203","6207雷科","110/08/20","美林",16,0,16
"4204","6207雷科","110/08/20","新加坡商瑞銀",12,27,-15
"4205","6207雷科","110/08/20","凱基-台北",20,8,12
"4206","6207雷科","110/08/20","國票-南科",1,13,-12
"4207","6207雷科","110/08/20","瑞士信貸",11,0,11
"4208","6207雷科","110/08/20","台新證券",0,10,-10
"4209","6207雷科","110/08/20","港商野村",23,12,11
"4210","6207雷科","110/08/20","國票-九鼎",2,10,-8
"4211","6207雷科","110/08/20","摩根大通",33,22,11
"4212","6207雷科","110/08/20","台新-台中",0,5,-5
"4213","6207雷科","110/08/20","凱基-羅東",6,0,6
"4214","6207雷科","110/08/20","玉山-嘉義",0,5,-5
"4215","6207雷科","110/08/20","富邦-中壢",6,0,6
"4216","6207雷科","110/08/20","群益金鼎-三民",0,5,-5
"4217","6207雷科","110/08/20","元大-大灣",6,0,6
"4218","6207雷科","110/08/20","元大-博愛",0,5,-5
"4219","6207雷科","110/08/20","日盛-台南",5,0,5
"4220","6207雷科","110/08/20","中國信託-中壢",0,4,-4
"4221","6207雷科","110/08/20","富邦-台北",5,0,5
"4222","6207雷科","110/08/20","兆豐-彰化",0,4,-4
"4223","6207雷科","110/08/20","富邦-新店",5,0,5
"4224","6207雷科","110/08/20","群益金鼎-東門",0,4,-4
"4225","6207雷科","110/08/20","元大-府城",5,0,5
"4226","6207雷科","110/08/20","致和-高雄",0,3,-3
"4227","6207雷科","110/08/20","中農",3,0,3
"4228","6207雷科","110/08/20","新光-高雄",0,3,-3
"4229","6207雷科","110/08/20","華南永昌-古亭",3,0,3
"4230","6207雷科","110/08/20","凱基-高雄",0,3,-3
"4231","3679新至陞","110/08/20","元大-大天母",10,0,10
"4232","3679新至陞","110/08/20","台灣企銀-建成",0,6,-6
"4233","3679新至陞","110/08/20","港商野村",3,0,3
"4234","3679新至陞","110/08/20","美林",0,6,-6
"4235","3679新至陞","110/08/20","(牛牛牛)亞-網路",3,0,3
"4236","3679新至陞","110/08/20","花旗環球",0,5,-5
"4237","3679新至陞","110/08/20","富邦-花蓮",3,0,3
"4238","3679新至陞","110/08/20","新加坡商瑞銀",0,5,-5
"4239","3679新至陞","110/08/20","凱基-中山",2,0,2
"4240","3679新至陞","110/08/20","日盛-忠孝",0,4,-4
"4241","3679新至陞","110/08/20","日盛-木柵",1,0,1
"4242","3679新至陞","110/08/20","元大證券",1,4,-3
"4243","3679新至陞","110/08/20","日盛-員林",1,0,1
"4244","3679新至陞","110/08/20","摩根大通",4,6,-2
"4245","3679新至陞","110/08/20","日盛-文化",1,0,1
"4246","3679新至陞","110/08/20","凱基-埔墘",0,2,-2
"4247","3679新至陞","110/08/20","台灣摩根士丹利",1,0,1
"4248","3679新至陞","110/08/20","日盛-板橋",0,1,-1
"4249","3679新至陞","110/08/20","瑞士信貸",1,0,1
"4250","3679新至陞","110/08/20","美商高盛",0,1,-1
"4251","3679新至陞","110/08/20","第一金-澎湖",1,0,1
"4252","3679新至陞","110/08/20","第一金-台南",0,1,-1
"4253","3679新至陞","110/08/20","統一-松江",1,0,1
"4254","3679新至陞","110/08/20","台中銀-員林",0,1,-1
"4255","3679新至陞","110/08/20","元富-草屯",1,0,1
"4256","3679新至陞","110/08/20","北城證券",0,1,-1
"4257","3679新至陞","110/08/20","光和-溪湖",1,0,1
"4258","3679新至陞","110/08/20","國票-九鼎",0,1,-1
"4259","3679新至陞","110/08/20","兆豐-三重",1,0,1
"4260","3679新至陞","110/08/20","富邦-陽明",0,1,-1
"4261","2727王品","110/08/20","元大-台中中港",339,0,339
"4262","2727王品","110/08/20","兆豐-南京",0,980,-980
"4263","2727王品","110/08/20","台灣摩根士丹利",93,12,81
"4264","2727王品","110/08/20","港商麥格理",0,65,-65
"4265","2727王品","110/08/20","摩根大通",63,4,59
"4266","2727王品","110/08/20","玉山證券",2,25,-23
"4267","2727王品","110/08/20","瑞士信貸",62,7,55
"4268","2727王品","110/08/20","元大證券",2,22,-20
"4269","2727王品","110/08/20","國票-南港",50,0,50
"4270","2727王品","110/08/20","永豐金-桃盛",0,20,-20
"4271","2727王品","110/08/20","玉山-板橋",40,10,30
"4272","2727王品","110/08/20","元富-西松",0,18,-18
"4273","2727王品","110/08/20","美林",38,9,29
"4274","2727王品","110/08/20","美商高盛",5,17,-12
"4275","2727王品","110/08/20","國泰-敦南",23,2,21
"4276","2727王品","110/08/20","台新-中壢",0,11,-11
"4277","2727王品","110/08/20","富邦-台北",16,2,14
"4278","2727王品","110/08/20","富邦-桃園",0,11,-11
"4279","2727王品","110/08/20","凱基-科園",15,2,13
"4280","2727王品","110/08/20","永豐金-新竹",0,11,-11
"4281","2727王品","110/08/20","凱基-台北",68,56,12
"4282","2727王品","110/08/20","彰銀-台中",0,10,-10
"4283","2727王品","110/08/20","宏遠-高雄",11,0,11
"4284","2727王品","110/08/20","兆豐-新莊",0,10,-10
"4285","2727王品","110/08/20","日茂-埔里",11,0,11
"4286","2727王品","110/08/20","元大-學甲",0,10,-10
"4287","2727王品","110/08/20","港商野村",58,48,10
"4288","2727王品","110/08/20","群益金鼎-延平",0,9,-9
"4289","2727王品","110/08/20","群益金鼎-潭子",10,0,10
"4290","2727王品","110/08/20","永豐金-松山",2,10,-8
"4291","1570力肯","110/08/20","國票-北高雄",27,0,27
"4292","1570力肯","110/08/20","元大-大雅",8,58,-50
"4293","1570力肯","110/08/20","元大-鹿港",29,4,25
"4294","1570力肯","110/08/20","凱基-三峽",0,30,-30
"4295","1570力肯","110/08/20","摩根大通",27,5,22
"4296","1570力肯","110/08/20","元大-樹林",0,30,-30
"4297","1570力肯","110/08/20","富邦-花蓮",20,0,20
"4298","1570力肯","110/08/20","統一",0,28,-28
"4299","1570力肯","110/08/20","群益金鼎-高雄",18,0,18
"4300","1570力肯","110/08/20","國票-南科",0,13,-13
"4301","1570力肯","110/08/20","元大-草屯",13,0,13
"4302","1570力肯","110/08/20","元大-鑫永和",0,12,-12
"4303","1570力肯","110/08/20","元富-緯城",12,0,12
"4304","1570力肯","110/08/20","台新證券",0,11,-11
"4305","1570力肯","110/08/20","元富-世貿",10,0,10
"4306","1570力肯","110/08/20","群益金鼎-民權",0,10,-10
"4307","1570力肯","110/08/20","大慶-蘆洲",7,0,7
"4308","1570力肯","110/08/20","國票-台中",3,11,-8
"4309","1570力肯","110/08/20","(牛牛牛)亞-鑫豐",25,18,7
"4310","1570力肯","110/08/20","土銀-新竹",1,7,-6
"4311","1570力肯","110/08/20","國票-天祥",6,0,6
"4312","1570力肯","110/08/20","台灣摩根士丹利",0,6,-6
"4313","1570力肯","110/08/20","凱基-台北",7,1,6
"4314","1570力肯","110/08/20","國泰-敦南",1,7,-6
"4315","1570力肯","110/08/20","元富-城東",5,0,5
"4316","1570力肯","110/08/20","高橋-龍潭",0,5,-5
"4317","1570力肯","110/08/20","國票",5,0,5
"4318","1570力肯","110/08/20","玉山-高雄",0,5,-5
"4319","1570力肯","110/08/20","萬泰",5,0,5
"4320","1570力肯","110/08/20","永豐金-苓雅",0,5,-5
"4321","6180橘子","110/08/20","港商野村",272,0,272
"4322","6180橘子","110/08/20","元大-博愛",0,42,-42
"4323","6180橘子","110/08/20","美林",47,0,47
"4324","6180橘子","110/08/20","群益金鼎-永和",1,40,-39
"4325","6180橘子","110/08/20","兆豐-埔墘",10,0,10
"4326","6180橘子","110/08/20","台灣摩根士丹利",4,39,-35
"4327","6180橘子","110/08/20","元大-天母",9,0,9
"4328","6180橘子","110/08/20","摩根大通",11,46,-35
"4329","6180橘子","110/08/20","永豐金-桃園",10,1,9
"4330","6180橘子","110/08/20","新光-桃園",0,35,-35
"4331","6180橘子","110/08/20","凱基-大里",8,0,8
"4332","6180橘子","110/08/20","臺銀",2,34,-32
"4333","6180橘子","110/08/20","元大-草屯",7,0,7
"4334","6180橘子","110/08/20","國泰-館前",1,33,-32
"4335","6180橘子","110/08/20","日盛-雙和",5,0,5
"4336","6180橘子","110/08/20","新光",7,38,-31
"4337","6180橘子","110/08/20","第一金-高雄",5,0,5
"4338","6180橘子","110/08/20","宏遠-館前",0,21,-21
"4339","6180橘子","110/08/20","第一金-新竹",5,0,5
"4340","6180橘子","110/08/20","富邦-竹東",0,21,-21
"4341","6180橘子","110/08/20","群益金鼎-大興",5,0,5
"4342","6180橘子","110/08/20","日盛-景美",0,20,-20
"4343","6180橘子","110/08/20","群益金鼎-開元",5,0,5
"4344","6180橘子","110/08/20","第一金-新興",0,20,-20
"4345","6180橘子","110/08/20","元大-東泰",5,0,5
"4346","6180橘子","110/08/20","凱基-彰化",0,16,-16
"4347","6180橘子","110/08/20","元大-士林",5,0,5
"4348","6180橘子","110/08/20","新加坡商瑞銀",5,15,-10
"4349","6180橘子","110/08/20","元大-土城",5,0,5
"4350","6180橘子","110/08/20","國票-長城",0,10,-10
"4351","2390云辰","110/08/20","國票-安和",130,0,130
"4352","2390云辰","110/08/20","統一-新台中",0,200,-200
"4353","2390云辰","110/08/20","凱基-屏東",100,0,100
"4354","2390云辰","110/08/20","聯邦-敦化",0,68,-68
"4355","2390云辰","110/08/20","摩根大通",233,161,72
"4356","2390云辰","110/08/20","美林",62,127,-65
"4357","2390云辰","110/08/20","美商高盛",101,30,71
"4358","2390云辰","110/08/20","新加坡商瑞銀",0,61,-61
"4359","2390云辰","110/08/20","兆豐-高雄",78,11,67
"4360","2390云辰","110/08/20","統一-新營",26,71,-45
"4361","2390云辰","110/08/20","凱基-台北",257,199,58
"4362","2390云辰","110/08/20","國泰-敦南",114,153,-39
"4363","2390云辰","110/08/20","第一金-安和",62,8,54
"4364","2390云辰","110/08/20","華南永昌-朴子",2,41,-39
"4365","2390云辰","110/08/20","統一-城中",60,10,50
"4366","2390云辰","110/08/20","元大-土城學府",156,192,-36
"4367","2390云辰","110/08/20","富邦-宜蘭",52,4,48
"4368","2390云辰","110/08/20","元大-六合",17,53,-36
"4369","2390云辰","110/08/20","元大-鳳山",60,12,48
"4370","2390云辰","110/08/20","土銀-嘉義",0,35,-35
"4371","2390云辰","110/08/20","元大-板橋三民",50,2,48
"4372","2390云辰","110/08/20","大昌",5,36,-31
"4373","2390云辰","110/08/20","國票-博愛",178,141,37
"4374","2390云辰","110/08/20","宏遠-台南",0,27,-27
"4375","2390云辰","110/08/20","華南永昌-岡山",33,1,32
"4376","2390云辰","110/08/20","群益金鼎-民權",6,31,-25
"4377","2390云辰","110/08/20","元大-北三重",32,1,31
"4378","2390云辰","110/08/20","國泰-館前",28,52,-24
"4379","2390云辰","110/08/20","第一金-豐原",30,0,30
"4380","2390云辰","110/08/20","富邦-建國",13,36,-23
"4381","2609陽明","110/08/19","美商高盛",2352,641,1711
"4382","2609陽明","110/08/19","凱基-台北",2247,12187,-9940
"4383","2609陽明","110/08/19","華南永昌-竹北",1335,536,799
"4384","2609陽明","110/08/19","康和",1685,8746,-7061
"4385","2609陽明","110/08/19","國泰-敦南",5999,5202,797
"4386","2609陽明","110/08/19","富邦證券",159,6808,-6649
"4387","2609陽明","110/08/19","日盛-雙和",967,217,750
"4388","2609陽明","110/08/19","台灣摩根士丹利",66,2608,-2542
"4389","2609陽明","110/08/19","國泰-館前",1665,1071,594
"4390","2609陽明","110/08/19","兆豐-南京",144,2129,-1985
"4391","2609陽明","110/08/19","台新證券",3672,3095,577
"4392","2609陽明","110/08/19","兆豐-虎尾",7267,9058,-1791
"4393","2609陽明","110/08/19","統一-三重",826,296,530
"4394","2609陽明","110/08/19","美林",2631,4379,-1748
"4395","2609陽明","110/08/19","玉山證券",1424,939,485
"4396","2609陽明","110/08/19","永豐金-信義",140,1816,-1676
"4397","2609陽明","110/08/19","富邦-建國",1115,663,452
"4398","2609陽明","110/08/19","富邦-仁愛",873,2277,-1404
"4399","2609陽明","110/08/19","統一-士林",809,391,418
"4400","2609陽明","110/08/19","摩根大通",4652,6019,-1367
"4401","2609陽明","110/08/19","凱基-城中",614,199,415
"4402","2609陽明","110/08/19","凱基-斗六",3347,4638,-1291
"4403","2609陽明","110/08/19","華南永昌-台中",863,449,414
"4404","2609陽明","110/08/19","富邦-虎尾",11651,12857,-1206
"4405","2609陽明","110/08/19","新光-新竹",1263,857,406
"4406","2609陽明","110/08/19","元大證券",2875,3808,-933
"4407","2609陽明","110/08/19","國泰-台中",1878,1503,375
"4408","2609陽明","110/08/19","統一-仁愛",1484,2392,-908
"4409","2609陽明","110/08/19","玉山-左營",623,251,372
"4410","2609陽明","110/08/19","元大-頭份",315,1194,-879
"4411","2636台驊投控","110/08/19","華南永昌-竹北",257,10,247
"4412","2636台驊投控","110/08/19","富邦證券",8,1056,-1048
"4413","2636台驊投控","110/08/19","國泰-敦南",483,306,177
"4414","2636台驊投控","110/08/19","摩根大通",329,1288,-959
"4415","2636台驊投控","110/08/19","新光-新竹",174,42,132
"4416","2636台驊投控","110/08/19","台灣摩根士丹利",168,753,-585
"4417","2636台驊投控","110/08/19","港商野村",2255,2136,119
"4418","2636台驊投控","110/08/19","凱基-台北",574,996,-422
"4419","2636台驊投控","110/08/19","台新證券",257,150,107
"4420","2636台驊投控","110/08/19","瑞士信貸",75,421,-346
"4421","2636台驊投控","110/08/19","新光",389,312,77
"4422","2636台驊投控","110/08/19","統一",98,420,-322
"4423","2636台驊投控","110/08/19","華南永昌-楠梓",98,27,71
"4424","2636台驊投控","110/08/19","凱基",21,323,-302
"4425","2636台驊投控","110/08/19","華南永昌-南京",104,40,64
"4426","2636台驊投控","110/08/19","富邦-員林",377,670,-293
"4427","2636台驊投控","110/08/19","富邦-苗栗",99,35,64
"4428","2636台驊投控","110/08/19","日盛-台中",26,244,-218
"4429","2636台驊投控","110/08/19","元大-竹北",79,16,63
"4430","2636台驊投控","110/08/19","美商高盛",87,244,-157
"4431","2636台驊投控","110/08/19","凱基-市政",265,203,62
"4432","2636台驊投控","110/08/19","日盛-板橋",40,163,-123
"4433","2636台驊投控","110/08/19","中國信託-文心",80,21,59
"4434","2636台驊投控","110/08/19","大慶",2,120,-118
"4435","2636台驊投控","110/08/19","大昌-安康",60,4,56
"4436","2636台驊投控","110/08/19","日盛-大墩",73,184,-111
"4437","2636台驊投控","110/08/19","日盛-宜蘭",53,0,53
"4438","2636台驊投控","110/08/19","宏遠證券",60,152,-92
"4439","2636台驊投控","110/08/19","元富-大昌",81,28,53
"4440","2636台驊投控","110/08/19","新加坡商瑞銀",88,173,-85
"4441","2867三商壽","110/08/19","美林",389,60,329
"4442","2867三商壽","110/08/19","宏遠證券",0,969,-969
"4443","2867三商壽","110/08/19","元大-土城永寧",252,2,250
"4444","2867三商壽","110/08/19","摩根大通",111,691,-580
"4445","2867三商壽","110/08/19","玉山-板橋",127,0,127
"4446","2867三商壽","110/08/19","土銀-建國",0,240,-240
"4447","2867三商壽","110/08/19","元大-大里德芳",110,0,110
"4448","2867三商壽","110/08/19","日盛-中壢",0,122,-122
"4449","2867三商壽","110/08/19","國泰-台中",103,1,102
"4450","2867三商壽","110/08/19","台新-高雄",4,121,-117
"4451","2867三商壽","110/08/19","新加坡商瑞銀",114,19,95
"4452","2867三商壽","110/08/19","德信-中正",0,100,-100
"4453","2867三商壽","110/08/19","玉山-城中",86,0,86
"4454","2867三商壽","110/08/19","華南永昌-南京",0,100,-100
"4455","2867三商壽","110/08/19","合庫-西台中",80,0,80
"4456","2867三商壽","110/08/19","台新證券",15,101,-86
"4457","2867三商壽","110/08/19","永豐金-竹科",80,1,79
"4458","2867三商壽","110/08/19","凱基-台北",42,118,-76
"4459","2867三商壽","110/08/19","玉山-台中",61,0,61
"4460","2867三商壽","110/08/19","富邦-建國",1,71,-70
"4461","2867三商壽","110/08/19","土銀-台中",60,0,60
"4462","2867三商壽","110/08/19","元大-八德",0,70,-70
"4463","2867三商壽","110/08/19","富邦-台南",60,0,60
"4464","2867三商壽","110/08/19","凱基",0,68,-68
"4465","2867三商壽","110/08/19","元大-中壢",56,0,56
"4466","2867三商壽","110/08/19","富邦-三重",0,55,-55
"4467","2867三商壽","110/08/19","群益金鼎-彰化",62,8,54
"4468","2867三商壽","110/08/19","元大-彰化民生",0,50,-50
"4469","2867三商壽","110/08/19","永豐金-埔里",67,13,54
"4470","2867三商壽","110/08/19","亞東",0,45,-45
"4471","5521工信","110/08/19","元大證券",232,28,204
"4472","5521工信","110/08/19","凱基-台北",0,178,-178
"4473","5521工信","110/08/19","中國信託-三重",70,0,70
"4474","5521工信","110/08/19","福勝",0,80,-80
"4475","5521工信","110/08/19","台新證券",37,0,37
"4476","5521工信","110/08/19","新光-新竹",1,80,-79
"4477","5521工信","110/08/19","日盛-高雄",27,0,27
"4478","5521工信","110/08/19","港商法國興業",0,67,-67
"4479","5521工信","110/08/19","元富-埔里",20,0,20
"4480","5521工信","110/08/19","摩根大通",194,256,-62
"4481","5521工信","110/08/19","玉山-雙和",20,0,20
"4482","5521工信","110/08/19","群益金鼎-敦南",0,50,-50
"4483","5521工信","110/08/19","富邦-台北",20,0,20
"4484","5521工信","110/08/19","第一金-桃園",0,36,-36
"4485","5521工信","110/08/19","永豐金-竹科",19,0,19
"4486","5521工信","110/08/19","德信-中正",0,29,-29
"4487","5521工信","110/08/19","臺銀-鳳山",18,0,18
"4488","5521工信","110/08/19","元大-基隆孝二",0,28,-28
"4489","5521工信","110/08/19","華南永昌-高雄",20,2,18
"4490","5521工信","110/08/19","美林",1,27,-26
"4491","5521工信","110/08/19","華南永昌-彰化",23,8,15
"4492","5521工信","110/08/19","兆豐-員林",0,25,-25
"4493","5521工信","110/08/19","元大-大天母",15,0,15
"4494","5521工信","110/08/19","群益金鼎-土城",0,20,-20
"4495","5521工信","110/08/19","富邦-宜蘭",14,0,14
"4496","5521工信","110/08/19","元富-宜蘭",0,18,-18
"4497","5521工信","110/08/19","台新-台中",12,0,12
"4498","5521工信","110/08/19","富邦-高雄",1,15,-14
"4499","5521工信","110/08/19","臺銀-高雄",11,0,11
"4500","5521工信","110/08/19","元大-歸仁",2,16,-14
"4501","1471首利","110/08/19","新光",35,0,35
"4502","1471首利","110/08/19","摩根大通",42,206,-164
"4503","1471首利","110/08/19","新光-台南",24,0,24
"4504","1471首利","110/08/19","瑞士信貸",1,39,-38
"4505","1471首利","110/08/19","元大-太平",20,2,18
"4506","1471首利","110/08/19","凱基-五股",0,23,-23
"4507","1471首利","110/08/19","土銀-花蓮",15,0,15
"4508","1471首利","110/08/19","凱基-台北",6,29,-23
"4509","1471首利","110/08/19","玉山-桃園",15,0,15
"4510","1471首利","110/08/19","元大-虎尾",7,27,-20
"4511","1471首利","110/08/19","元富-三重",13,0,13
"4512","1471首利","110/08/19","光和",9,24,-15
"4513","1471首利","110/08/19","台新證券",12,0,12
"4514","1471首利","110/08/19","致和-府前",0,15,-15
"4515","1471首利","110/08/19","元大-員林中山",11,0,11
"4516","1471首利","110/08/19","兆豐-員林",0,12,-12
"4517","1471首利","110/08/19","台灣企銀-屏東",10,0,10
"4518","1471首利","110/08/19","凱基-新店",0,12,-12
"4519","1471首利","110/08/19","兆豐-台中港",10,0,10
"4520","1471首利","110/08/19","美林",0,11,-11
"4521","1471首利","110/08/19","致和-崇德",10,0,10
"4522","1471首利","110/08/19","凱基-頭份",0,10,-10
"4523","1471首利","110/08/19","凱基-高美館",10,0,10
"4524","1471首利","110/08/19","華南永昌-台中",0,10,-10
"4525","1471首利","110/08/19","華南永昌-公誠",10,0,10
"4526","1471首利","110/08/19","元大-大甲",0,9,-9
"4527","1471首利","110/08/19","華南永昌-楠梓",10,0,10
"4528","1471首利","110/08/19","凱基-三重",3,10,-7
"4529","1471首利","110/08/19","富邦-南屯",10,0,10
"4530","1471首利","110/08/19","永豐金-新店",0,7,-7
"4531","2883開發金","110/08/19","香港上海匯豐",6827,846,5981
"4532","2883開發金","110/08/19","凱基-台北",1722,11079,-9357
"4533","2883開發金","110/08/19","中國信託-文心",4667,49,4618
"4534","2883開發金","110/08/19","花旗環球",1244,7162,-5918
"4535","2883開發金","110/08/19","新光",3917,1918,1999
"4536","2883開發金","110/08/19","國泰證券",51,3659,-3608
"4537","2883開發金","110/08/19","凱基",1952,0,1952
"4538","2883開發金","110/08/19","台新證券",1038,4320,-3282
"4539","2883開發金","110/08/19","玉山證券",2183,465,1718
"4540","2883開發金","110/08/19","兆豐證券",7,1979,-1972
"4541","2883開發金","110/08/19","元大-忠孝",1666,40,1626
"4542","2883開發金","110/08/19","統一",51,1553,-1502
"4543","2883開發金","110/08/19","國泰-敦南",2025,483,1542
"4544","2883開發金","110/08/19","日盛證券",70,1356,-1286
"4545","2883開發金","110/08/19","新加坡商瑞銀",5707,4366,1341
"4546","2883開發金","110/08/19","合庫-彰化",31,1273,-1242
"4547","2883開發金","110/08/19","瑞士信貸",1645,478,1167
"4548","2883開發金","110/08/19","元大證券",2109,3261,-1152
"4549","2883開發金","110/08/19","康和-仁愛",1143,1,1142
"4550","2883開發金","110/08/19","宏遠證券",11,1083,-1072
"4551","2883開發金","110/08/19","凱基-竹科",753,16,737
"4552","2883開發金","110/08/19","富邦-北港",134,1188,-1054
"4553","2883開發金","110/08/19","國泰-板橋",919,284,635
"4554","2883開發金","110/08/19","元大-福營",55,1070,-1015
"4555","2883開發金","110/08/19","新光-台南",757,132,625
"4556","2883開發金","110/08/19","台灣企銀-民雄",23,1022,-999
"4557","2883開發金","110/08/19","元大-萬華",559,62,497
"4558","2883開發金","110/08/19","永豐金-南京",131,1128,-997
"4559","2883開發金","110/08/19","元大-中壢",533,53,480
"4560","2883開發金","110/08/19","群益金鼎-大安",38,965,-927
"4561","6205詮欣","110/08/19","日盛-三重",23,0,23
"4562","6205詮欣","110/08/19","高橋-內壢",0,20,-20
"4563","6205詮欣","110/08/19","凱基-汐止",21,0,21
"4564","6205詮欣","110/08/19","摩根大通",1,12,-11
"4565","6205詮欣","110/08/19","日茂-埔里",10,0,10
"4566","6205詮欣","110/08/19","福邦證券",0,10,-10
"4567","6205詮欣","110/08/19","凱基-台北",3,0,3
"4568","6205詮欣","110/08/19","元富-安南",0,6,-6
"4569","6205詮欣","110/08/19","永豐金證券",3,0,3
"4570","6205詮欣","110/08/19","永興-大墩",0,4,-4
"4571","6205詮欣","110/08/19","元富-草屯",2,0,2
"4572","6205詮欣","110/08/19","元大-豐原",0,2,-2
"4573","6205詮欣","110/08/19","臺銀-臺中",1,0,1
"4574","6205詮欣","110/08/19","統一-中壢",0,2,-2
"4575","6205詮欣","110/08/19","兆豐-景美",1,0,1
"4576","6205詮欣","110/08/19","中國信託-文心",0,2,-2
"4577","6205詮欣","110/08/19","凱基-桃園",1,0,1
"4578","6205詮欣","110/08/19","大慶-台南",0,1,-1
"4579","6205詮欣","110/08/19","凱基-復興",1,0,1
"4580","6205詮欣","110/08/19","元大-南投",0,1,-1
"4581","6205詮欣","110/08/19","華南永昌-台南",1,0,1
"4582","6205詮欣","110/08/19","華南永昌-虎尾",0,1,-1
"4583","6205詮欣","110/08/19","華南永昌-新莊",0,0,0
"4584","6205詮欣","110/08/19","凱基-和平",0,1,-1
"4585","6205詮欣","110/08/19","元大-大里",0,0,0
"4586","6205詮欣","110/08/19","豐農",0,1,-1
"4587","6205詮欣","110/08/19","永豐金-中和",1,1,0
"4588","6205詮欣","110/08/19","元富-文心",0,1,-1
"4589","6205詮欣","110/08/19","",NA,NA,NA
"4590","6205詮欣","110/08/19","美商高盛",0,1,-1
"4591","1540喬福","110/08/19","日盛-台南",20,0,20
"4592","1540喬福","110/08/19","兆豐-小港",0,30,-30
"4593","1540喬福","110/08/19","元大-板橋三民",11,0,11
"4594","1540喬福","110/08/19","富邦-台南",0,10,-10
"4595","1540喬福","110/08/19","富邦-陽明",10,0,10
"4596","1540喬福","110/08/19","元富-桃園",0,9,-9
"4597","1540喬福","110/08/19","富邦-南屯",10,0,10
"4598","1540喬福","110/08/19","元大-龍潭",0,9,-9
"4599","1540喬福","110/08/19","元大-桃興",10,0,10
"4600","1540喬福","110/08/19","元大-雙和",0,6,-6
"4601","1540喬福","110/08/19","元大-成功",10,0,10
"4602","1540喬福","110/08/19","元大-台南",0,5,-5
"4603","1540喬福","110/08/19","(牛牛牛)亞-網路",7,0,7
"4604","1540喬福","110/08/19","台中銀",0,4,-4
"4605","1540喬福","110/08/19","凱基-中壢",3,0,3
"4606","1540喬福","110/08/19","港商法國興業",0,3,-3
"4607","1540喬福","110/08/19","臺銀-新竹",2,0,2
"4608","1540喬福","110/08/19","富邦-員林",0,3,-3
"4609","1540喬福","110/08/19","國票-南崁",2,0,2
"4610","1540喬福","110/08/19","元富",0,2,-2
"4611","1540喬福","110/08/19","摩根大通",5,3,2
"4612","1540喬福","110/08/19","康和-板橋",0,2,-2
"4613","1540喬福","110/08/19","華南永昌-高雄",2,0,2
"4614","1540喬福","110/08/19","玉山-城中",0,2,-2
"4615","1540喬福","110/08/19","台中銀-豐原",1,0,1
"4616","1540喬福","110/08/19","元大-南崁",0,2,-2
"4617","1540喬福","110/08/19","國票-桃園",1,0,1
"4618","1540喬福","110/08/19","元大-敦南",0,2,-2
"4619","1540喬福","110/08/19","玉山-新竹",1,0,1
"4620","1540喬福","110/08/19","國票-台中",0,1,-1
"4621","2888新光金","110/08/19","兆豐-公益",5003,799,4204
"4622","2888新光金","110/08/19","摩根大通",1356,4583,-3227
"4623","2888新光金","110/08/19","凱基-台北",4068,1621,2447
"4624","2888新光金","110/08/19","凱基",0,3218,-3218
"4625","2888新光金","110/08/19","福邦-新竹",982,0,982
"4626","2888新光金","110/08/19","瑞士信貸",1,3126,-3125
"4627","2888新光金","110/08/19","美商高盛",1215,342,873
"4628","2888新光金","110/08/19","大昌-新竹",2,1424,-1422
"4629","2888新光金","110/08/19","統一-板橋",650,15,635
"4630","2888新光金","110/08/19","元富-虎尾",4,1276,-1272
"4631","2888新光金","110/08/19","凱基-中山",634,3,631
"4632","2888新光金","110/08/19","玉山-台南",134,1204,-1070
"4633","2888新光金","110/08/19","永豐金-鳳山",569,12,557
"4634","2888新光金","110/08/19","宏遠-光隆",25,1050,-1025
"4635","2888新光金","110/08/19","新光",855,323,532
"4636","2888新光金","110/08/19","玉山-板橋",106,841,-735
"4637","2888新光金","110/08/19","統一-台中",558,30,528
"4638","2888新光金","110/08/19","香港上海匯豐",0,728,-728
"4639","2888新光金","110/08/19","凱基-鳳山",525,0,525
"4640","2888新光金","110/08/19","台灣摩根士丹利",940,1609,-669
"4641","2888新光金","110/08/19","統一",577,100,477
"4642","2888新光金","110/08/19","中國信託",15,637,-622
"4643","2888新光金","110/08/19","元大證券",1048,635,413
"4644","2888新光金","110/08/19","元大-永和",20,600,-580
"4645","2888新光金","110/08/19","美林",1075,740,335
"4646","2888新光金","110/08/19","福勝",67,600,-533
"4647","2888新光金","110/08/19","元大-嘉義",315,10,305
"4648","2888新光金","110/08/19","凱基-中港",71,580,-509
"4649","2888新光金","110/08/19","元大-大統",304,13,291
"4650","2888新光金","110/08/19","群益金鼎",50,520,-470
"4651","1340勝悅","110/08/19","國泰-台南",99,3,96
"4652","1340勝悅","110/08/19","元大-成功",0,204,-204
"4653","1340勝悅","110/08/19","台中銀",38,0,38
"4654","1340勝悅","110/08/19","摩根大通",0,20,-20
"4655","1340勝悅","110/08/19","國泰-板橋",13,0,13
"4656","1340勝悅","110/08/19","瑞士信貸",0,12,-12
"4657","1340勝悅","110/08/19","臺銀-金山",10,0,10
"4658","1340勝悅","110/08/19","國票-敦北法人",0,12,-12
"4659","1340勝悅","110/08/19","元富-中港",10,0,10
"4660","1340勝悅","110/08/19","華南永昌-東昇",0,12,-12
"4661","1340勝悅","110/08/19","國泰-敦南",13,3,10
"4662","1340勝悅","110/08/19","永豐金-台南",0,12,-12
"4663","1340勝悅","110/08/19","元富-新店",10,2,8
"4664","1340勝悅","110/08/19","合庫-自強",0,11,-11
"4665","1340勝悅","110/08/19","合庫-新竹",7,0,7
"4666","1340勝悅","110/08/19","富邦-台中",0,5,-5
"4667","1340勝悅","110/08/19","群益金鼎-館前",10,3,7
"4668","1340勝悅","110/08/19","港商法國興業",0,4,-4
"4669","1340勝悅","110/08/19","致和-東門",6,0,6
"4670","1340勝悅","110/08/19","致和-金華",0,4,-4
"4671","1340勝悅","110/08/19","元大-屏南",6,0,6
"4672","1340勝悅","110/08/19","新光-台南",0,4,-4
"4673","1340勝悅","110/08/19","臺灣企銀-埔墘",5,0,5
"4674","1340勝悅","110/08/19","凱基-台北",1,5,-4
"4675","1340勝悅","110/08/19","日盛-和美",5,0,5
"4676","1340勝悅","110/08/19","土銀-南港",0,2,-2
"4677","1340勝悅","110/08/19","第一金-新竹",5,0,5
"4678","1340勝悅","110/08/19","元富-世貿",0,2,-2
"4679","1340勝悅","110/08/19","新光-桃園",5,0,5
"4680","1340勝悅","110/08/19","元大-信義",0,2,-2
"4681","6246臺龍","110/08/19","新光-台中",18,1,17
"4682","6246臺龍","110/08/19","日盛-和美",0,10,-10
"4683","6246臺龍","110/08/19","台灣企銀-台南",10,0,10
"4684","6246臺龍","110/08/19","元大-基隆孝二",0,9,-9
"4685","6246臺龍","110/08/19","凱基-台北",8,2,6
"4686","6246臺龍","110/08/19","港商野村",0,6,-6
"4687","6246臺龍","110/08/19","華南永昌-彰化",5,0,5
"4688","6246臺龍","110/08/19","臺銀-高雄",0,5,-5
"4689","6246臺龍","110/08/19","元大-南投",5,0,5
"4690","6246臺龍","110/08/19","兆豐-公益",0,5,-5
"4691","6246臺龍","110/08/19","元大-林園",5,0,5
"4692","6246臺龍","110/08/19","永豐金-三重",0,5,-5
"4693","6246臺龍","110/08/19","日盛-斗六",4,0,4
"4694","6246臺龍","110/08/19","中國信託",0,4,-4
"4695","6246臺龍","110/08/19","兆豐-新營",4,0,4
"4696","6246臺龍","110/08/19","元大-北成功",0,4,-4
"4697","6246臺龍","110/08/19","(牛牛牛)亞-鑫豐",3,0,3
"4698","6246臺龍","110/08/19","元大-台南",0,4,-4
"4699","6246臺龍","110/08/19","台新-台中",3,0,3
"4700","6246臺龍","110/08/19","元富-烏日",0,3,-3
"4701","6246臺龍","110/08/19","元大-大統",3,0,3
"4702","6246臺龍","110/08/19","玉山-城中",0,3,-3
"4703","6246臺龍","110/08/19","臺銀-民權",2,0,2
"4704","6246臺龍","110/08/19","元大-長庚",0,3,-3
"4705","6246臺龍","110/08/19","第一金-大稻埕",2,0,2
"4706","6246臺龍","110/08/19","元大-苑裡",0,3,-3
"4707","6246臺龍","110/08/19","元富-大昌",2,0,2
"4708","6246臺龍","110/08/19","永豐金-屏東",0,3,-3
"4709","6246臺龍","110/08/19","國票-敦北法人",2,0,2
"4710","6246臺龍","110/08/19","統一-永和",0,2,-2
"4711","00715L期街口布蘭特正2","110/08/19","台新證券",1458,205,1253
"4712","00715L期街口布蘭特正2","110/08/19","元大證券",4224,11178,-6954
"4713","00715L期街口布蘭特正2","110/08/19","富邦-南屯",1119,14,1105
"4714","00715L期街口布蘭特正2","110/08/19","合庫證券",266,2599,-2333
"4715","00715L期街口布蘭特正2","110/08/19","元大-永康",1118,19,1099
"4716","00715L期街口布蘭特正2","110/08/19","永豐金證券",8,2207,-2199
"4717","00715L期街口布蘭特正2","110/08/19","豐農",1023,30,993
"4718","00715L期街口布蘭特正2","110/08/19","元大-屏東民生",14,2200,-2186
"4719","00715L期街口布蘭特正2","110/08/19","元大-復北",954,74,880
"4720","00715L期街口布蘭特正2","110/08/19","凱基-台北",245,1890,-1645
"4721","00715L期街口布蘭特正2","110/08/19","中國信託-新竹",840,0,840
"4722","00715L期街口布蘭特正2","110/08/19","國票-博愛",10,1405,-1395
"4723","00715L期街口布蘭特正2","110/08/19","富邦證券",2317,1629,688
"4724","00715L期街口布蘭特正2","110/08/19","元富",10,1165,-1155
"4725","00715L期街口布蘭特正2","110/08/19","第一金-台南",540,0,540
"4726","00715L期街口布蘭特正2","110/08/19","新光",791,1810,-1019
"4727","00715L期街口布蘭特正2","110/08/19","兆豐-台中港",523,30,493
"4728","00715L期街口布蘭特正2","110/08/19","統一",3,978,-975
"4729","00715L期街口布蘭特正2","110/08/19","兆豐-嘉義",465,110,355
"4730","00715L期街口布蘭特正2","110/08/19","華南永昌-長虹",82,830,-748
"4731","00715L期街口布蘭特正2","110/08/19","元大-大里德芳",323,0,323
"4732","00715L期街口布蘭特正2","110/08/19","群益金鼎-宜蘭",20,737,-717
"4733","00715L期街口布蘭特正2","110/08/19","富邦-基隆",336,20,316
"4734","00715L期街口布蘭特正2","110/08/19","亞東",21,512,-491
"4735","00715L期街口布蘭特正2","110/08/19","元大-草屯",434,124,310
"4736","00715L期街口布蘭特正2","110/08/19","永豐金-板盛",6,420,-414
"4737","00715L期街口布蘭特正2","110/08/19","國泰-敦南",552,280,272
"4738","00715L期街口布蘭特正2","110/08/19","第一金-自由",28,419,-391
"4739","00715L期街口布蘭特正2","110/08/19","永豐金-羅東",270,2,268
"4740","00715L期街口布蘭特正2","110/08/19","元大-高雄",128,502,-374
"4741","8941關中","110/08/19","宏遠-館前",2,0,2
"4742","8941關中","110/08/19","富邦-台中",0,6,-6
"4743","8941關中","110/08/19","元大-西門",2,0,2
"4744","8941關中","110/08/19","兆豐-台中",0,2,-2
"4745","8941關中","110/08/19","新光-台中",1,0,1
"4746","8941關中","110/08/19","元大-金華",1,2,-1
"4747","8941關中","110/08/19","玉山-桃園",1,0,1
"4748","8941關中","110/08/19","兆豐-南京",0,0,0
"4749","8941關中","110/08/19","國泰-忠孝",1,0,1
"4750","8941關中","110/08/19","富邦-仁愛",0,0,0
"4751","8941關中","110/08/19","元大-華山",1,0,1
"4752","8941關中","110/08/19","元大-大雅",0,0,0
"4753","8941關中","110/08/19","元大-桃興",1,0,1
"4754","8941關中","110/08/19","永豐金-敦北",0,0,0
"4755","8941關中","110/08/19","兆豐-南京",0,0,0
"4756","8941關中","110/08/19","永豐金-南投",0,0,0
"4757","8941關中","110/08/19","富邦-仁愛",0,0,0
"4758","8941關中","110/08/19","",NA,NA,NA
"4759","8941關中","110/08/19","元大-大雅",0,0,0
"4760","8941關中","110/08/19","",NA,NA,NA
"4761","8941關中","110/08/19","永豐金-敦北",0,0,0
"4762","8941關中","110/08/19","",NA,NA,NA
"4763","8941關中","110/08/19","永豐金-南投",0,0,0
"4764","8941關中","110/08/19","",NA,NA,NA
"4765","8941關中","110/08/19","",NA,NA,NA
"4766","8941關中","110/08/19","",NA,NA,NA
"4767","8941關中","110/08/19","",NA,NA,NA
"4768","8941關中","110/08/19","",NA,NA,NA
"4769","8941關中","110/08/19","",NA,NA,NA
"4770","8941關中","110/08/19","",NA,NA,NA
"4771","8936國統","110/08/19","宏遠-台南",211,0,211
"4772","8936國統","110/08/19","元大-高雄",0,40,-40
"4773","8936國統","110/08/19","康和-高雄",126,1,125
"4774","8936國統","110/08/19","永豐金-苓雅",0,38,-38
"4775","8936國統","110/08/19","凱基-台北",122,66,56
"4776","8936國統","110/08/19","美商高盛",6,38,-32
"4777","8936國統","110/08/19","美林",54,0,54
"4778","8936國統","110/08/19","港商野村",17,38,-21
"4779","8936國統","110/08/19","新加坡商瑞銀",46,20,26
"4780","8936國統","110/08/19","日盛-頭份",0,20,-20
"4781","8936國統","110/08/19","元富-緯城",25,0,25
"4782","8936國統","110/08/19","兆豐-三重",0,20,-20
"4783","8936國統","110/08/19","富邦-高雄",14,0,14
"4784","8936國統","110/08/19","玉山-桃園",0,20,-20
"4785","8936國統","110/08/19","日盛-復興",10,0,10
"4786","8936國統","110/08/19","國泰-高雄",4,22,-18
"4787","8936國統","110/08/19","宏遠-高雄",18,8,10
"4788","8936國統","110/08/19","台灣摩根士丹利",0,17,-17
"4789","8936國統","110/08/19","中國信託-高雄",20,12,8
"4790","8936國統","110/08/19","凱基-竹科",0,16,-16
"4791","8936國統","110/08/19","日盛-豐原",7,0,7
"4792","8936國統","110/08/19","元大-大里德芳",0,16,-16
"4793","8936國統","110/08/19","元富-三重",7,0,7
"4794","8936國統","110/08/19","大昌-樹林",0,15,-15
"4795","8936國統","110/08/19","台新-高雄",10,3,7
"4796","8936國統","110/08/19","台新-屏東",0,12,-12
"4797","8936國統","110/08/19","臺銀-高雄",6,0,6
"4798","8936國統","110/08/19","中農",0,11,-11
"4799","8936國統","110/08/19","第一金-路竹",6,0,6
"4800","8936國統","110/08/19","臺銀-新竹",0,10,-10
"4801","6226光鼎","110/08/19","富邦-左營",110,2,108
"4802","6226光鼎","110/08/19","凱基-台北",177,732,-555
"4803","6226光鼎","110/08/19","元大-北屯",151,50,101
"4804","6226光鼎","110/08/19","摩根大通",28,396,-368
"4805","6226光鼎","110/08/19","國泰-敦南",201,125,76
"4806","6226光鼎","110/08/19","台灣摩根士丹利",0,254,-254
"4807","6226光鼎","110/08/19","元大-敦化",56,4,52
"4808","6226光鼎","110/08/19","元大-文心興安",1,230,-229
"4809","6226光鼎","110/08/19","兆豐-中壢",50,1,49
"4810","6226光鼎","110/08/19","美商高盛",33,233,-200
"4811","6226光鼎","110/08/19","凱基-台中",44,2,42
"4812","6226光鼎","110/08/19","富邦-台北",22,202,-180
"4813","6226光鼎","110/08/19","新光",121,81,40
"4814","6226光鼎","110/08/19","美林",72,160,-88
"4815","6226光鼎","110/08/19","合庫-西台中",47,10,37
"4816","6226光鼎","110/08/19","新加坡商瑞銀",138,225,-87
"4817","6226光鼎","110/08/19","元大-龍潭",42,5,37
"4818","6226光鼎","110/08/19","元大-南勢角",0,70,-70
"4819","6226光鼎","110/08/19","兆豐-東門",36,0,36
"4820","6226光鼎","110/08/19","臺銀-高雄",0,67,-67
"4821","6226光鼎","110/08/19","新光-台中",83,48,35
"4822","6226光鼎","110/08/19","港商野村",178,231,-53
"4823","6226光鼎","110/08/19","玉山-桃園",39,4,35
"4824","6226光鼎","110/08/19","永豐金-內湖",6,56,-50
"4825","6226光鼎","110/08/19","元大-竹科",59,24,35
"4826","6226光鼎","110/08/19","高橋-內壢",5,54,-49
"4827","6226光鼎","110/08/19","第一金-台南",33,0,33
"4828","6226光鼎","110/08/19","凱基-員林",7,53,-46
"4829","6226光鼎","110/08/19","台新證券",66,33,33
"4830","6226光鼎","110/08/19","台新-台中",28,65,-37
"4831","2363矽統","110/08/19","日盛-樹林",300,12,288
"4832","2363矽統","110/08/19","凱基-台北",560,1671,-1111
"4833","2363矽統","110/08/19","永豐金-板盛",200,2,198
"4834","2363矽統","110/08/19","摩根大通",3,713,-710
"4835","2363矽統","110/08/19","凱基-三峽",134,18,116
"4836","2363矽統","110/08/19","台新-三民",50,291,-241
"4837","2363矽統","110/08/19","富邦-新竹",94,7,87
"4838","2363矽統","110/08/19","台灣摩根士丹利",0,206,-206
"4839","2363矽統","110/08/19","元大-汐止",75,8,67
"4840","2363矽統","110/08/19","凱基-和平",1,132,-131
"4841","2363矽統","110/08/19","元大-斗六",67,2,65
"4842","2363矽統","110/08/19","永豐金證券",12,125,-113
"4843","2363矽統","110/08/19","大慶-蘆洲",69,13,56
"4844","2363矽統","110/08/19","石橋證券",50,155,-105
"4845","2363矽統","110/08/19","永豐金-豐原",55,2,53
"4846","2363矽統","110/08/19","港商野村",838,925,-87
"4847","2363矽統","110/08/19","日盛-豐原",59,10,49
"4848","2363矽統","110/08/19","新光-桃園",4,87,-83
"4849","2363矽統","110/08/19","群益金鼎-中壢",54,7,47
"4850","2363矽統","110/08/19","新光",212,282,-70
"4851","2363矽統","110/08/19","元大-南投",58,12,46
"4852","2363矽統","110/08/19","陽信-石牌",18,83,-65
"4853","2363矽統","110/08/19","富邦-板橋",51,7,44
"4854","2363矽統","110/08/19","美林",31,91,-60
"4855","2363矽統","110/08/19","台新證券",117,74,43
"4856","2363矽統","110/08/19","永豐金-新店",1,59,-58
"4857","2363矽統","110/08/19","元大-東港",45,2,43
"4858","2363矽統","110/08/19","台新-左楠",19,76,-57
"4859","2363矽統","110/08/19","元大-旗山",47,5,42
"4860","2363矽統","110/08/19","永全-南崁",7,53,-46
"4861","8112至上","110/08/19","元大-敦化",60,0,60
"4862","8112至上","110/08/19","港商野村",22,279,-257
"4863","8112至上","110/08/19","玉山-城中",60,2,58
"4864","8112至上","110/08/19","瑞士信貸",0,239,-239
"4865","8112至上","110/08/19","永豐金-敦南",52,4,48
"4866","8112至上","110/08/19","凱基-台北",101,275,-174
"4867","8112至上","110/08/19","統一",41,0,41
"4868","8112至上","110/08/19","摩根大通",161,332,-171
"4869","8112至上","110/08/19","元大-竹東",36,0,36
"4870","8112至上","110/08/19","凱基-市政",0,80,-80
"4871","8112至上","110/08/19","凱基-嘉義",35,0,35
"4872","8112至上","110/08/19","台灣摩根士丹利",6,75,-69
"4873","8112至上","110/08/19","新光-台南",32,0,32
"4874","8112至上","110/08/19","美商高盛",18,76,-58
"4875","8112至上","110/08/19","永興-水湳",30,0,30
"4876","8112至上","110/08/19","新加坡商瑞銀",22,76,-54
"4877","8112至上","110/08/19","元大-永和",29,0,29
"4878","8112至上","110/08/19","美林",9,61,-52
"4879","8112至上","110/08/19","凱基-東勢",26,1,25
"4880","8112至上","110/08/19","富邦-花蓮",1,51,-50
"4881","8112至上","110/08/19","臺銀-臺南",28,4,24
"4882","8112至上","110/08/19","元大-路竹",8,52,-44
"4883","8112至上","110/08/19","富邦-中壢",29,5,24
"4884","8112至上","110/08/19","(牛牛牛)亞-鑫豐",34,77,-43
"4885","8112至上","110/08/19","第一金-桃園",24,1,23
"4886","8112至上","110/08/19","台新-中壢",2,42,-40
"4887","8112至上","110/08/19","國泰-敦南",27,4,23
"4888","8112至上","110/08/19","國泰證券",0,40,-40
"4889","8112至上","110/08/19","凱基-文心",23,0,23
"4890","8112至上","110/08/19","永豐金-苓雅",0,40,-40
"4891","1570力肯","110/08/19","國票-北高雄",37,0,37
"4892","1570力肯","110/08/19","新光-台南",3,44,-41
"4893","1570力肯","110/08/19","康和-台南",30,0,30
"4894","1570力肯","110/08/19","元大-大統",0,20,-20
"4895","1570力肯","110/08/19","國票-內壢",25,0,25
"4896","1570力肯","110/08/19","元富-新店",0,18,-18
"4897","1570力肯","110/08/19","元富-虎尾",20,0,20
"4898","1570力肯","110/08/19","元大-民生",2,19,-17
"4899","1570力肯","110/08/19","國票-博愛",17,0,17
"4900","1570力肯","110/08/19","國泰-敦南",1,16,-15
"4901","1570力肯","110/08/19","日盛-高雄",15,0,15
"4902","1570力肯","110/08/19","富邦-敦南",0,15,-15
"4903","1570力肯","110/08/19","元大-南投",15,0,15
"4904","1570力肯","110/08/19","元大-大雅",10,25,-15
"4905","1570力肯","110/08/19","富邦-嘉義",15,1,14
"4906","1570力肯","110/08/19","日盛-板橋",2,16,-14
"4907","1570力肯","110/08/19","元大-北投",13,0,13
"4908","1570力肯","110/08/19","華南永昌-嘉義",0,12,-12
"4909","1570力肯","110/08/19","元富-緯城",12,0,12
"4910","1570力肯","110/08/19","凱基-台北",3,14,-11
"4911","1570力肯","110/08/19","土銀-新竹",11,0,11
"4912","1570力肯","110/08/19","元富-草屯",0,10,-10
"4913","1570力肯","110/08/19","日盛-嘉義",11,0,11
"4914","1570力肯","110/08/19","新光",7,17,-10
"4915","1570力肯","110/08/19","富邦-羅東",11,0,11
"4916","1570力肯","110/08/19","富邦-內湖",3,13,-10
"4917","1570力肯","110/08/19","富邦-仁愛",10,0,10
"4918","1570力肯","110/08/19","元大-福營",0,10,-10
"4919","1570力肯","110/08/19","元大-羅東",10,0,10
"4920","1570力肯","110/08/19","元大-松山",0,10,-10
"4921","2929淘帝","110/08/19","元大-太平",54,0,54
"4922","2929淘帝","110/08/19","摩根大通",0,58,-58
"4923","2929淘帝","110/08/19","凱基-東門",32,0,32
"4924","2929淘帝","110/08/19","宏遠-館前",0,35,-35
"4925","2929淘帝","110/08/19","日盛-桃園",20,0,20
"4926","2929淘帝","110/08/19","元富-台南",0,32,-32
"4927","2929淘帝","110/08/19","富邦-高雄",16,0,16
"4928","2929淘帝","110/08/19","日茂",0,20,-20
"4929","2929淘帝","110/08/19","元大-員林",11,0,11
"4930","2929淘帝","110/08/19","美商高盛",0,11,-11
"4931","2929淘帝","110/08/19","凱基-中山",10,0,10
"4932","2929淘帝","110/08/19","凱基-站前",0,10,-10
"4933","2929淘帝","110/08/19","富邦-南屯",7,0,7
"4934","2929淘帝","110/08/19","統一-三重",0,8,-8
"4935","2929淘帝","110/08/19","日盛-雙和",6,0,6
"4936","2929淘帝","110/08/19","群益金鼎",0,7,-7
"4937","2929淘帝","110/08/19","亞東-新竹",6,0,6
"4938","2929淘帝","110/08/19","凱基-八德",0,7,-7
"4939","2929淘帝","110/08/19","兆豐-桃鶯",6,0,6
"4940","2929淘帝","110/08/19","港商野村",3,9,-6
"4941","2929淘帝","110/08/19","新光",6,0,6
"4942","2929淘帝","110/08/19","安泰",0,5,-5
"4943","2929淘帝","110/08/19","群益金鼎-三重",5,0,5
"4944","2929淘帝","110/08/19","元大-金門",0,5,-5
"4945","2929淘帝","110/08/19","元大-左營",5,0,5
"4946","2929淘帝","110/08/19","永豐金-竹科",0,5,-5
"4947","2929淘帝","110/08/19","台新-新莊",9,5,4
"4948","2929淘帝","110/08/19","致和證券",0,4,-4
"4949","2929淘帝","110/08/19","群益金鼎-新店",4,0,4
"4950","2929淘帝","110/08/19","元大-苑裡",0,4,-4
"4951","5410國眾","110/08/19","土銀-嘉義",14,0,14
"4952","5410國眾","110/08/19","致和-台北",0,60,-60
"4953","5410國眾","110/08/19","國票-北高雄",10,0,10
"4954","5410國眾","110/08/19","凱基-台北",1,20,-19
"4955","5410國眾","110/08/19","玉山-城中",10,0,10
"4956","5410國眾","110/08/19","新加坡商瑞銀",0,14,-14
"4957","5410國眾","110/08/19","元大-中壢",9,0,9
"4958","5410國眾","110/08/19","亞東-新竹",0,14,-14
"4959","5410國眾","110/08/19","台新證券",8,0,8
"4960","5410國眾","110/08/19","富邦-永和",0,7,-7
"4961","5410國眾","110/08/19","新光",7,1,6
"4962","5410國眾","110/08/19","摩根大通",0,5,-5
"4963","5410國眾","110/08/19","日盛-八德",5,0,5
"4964","5410國眾","110/08/19","元大-南勢角",0,3,-3
"4965","5410國眾","110/08/19","元大-旗山",5,0,5
"4966","5410國眾","110/08/19","元大-板橋三民",0,3,-3
"4967","5410國眾","110/08/19","元大-博愛",5,0,5
"4968","5410國眾","110/08/19","元富-大昌",0,2,-2
"4969","5410國眾","110/08/19","元大-左營",5,0,5
"4970","5410國眾","110/08/19","台中銀-員林",0,2,-2
"4971","5410國眾","110/08/19","臺銀-金山",6,2,4
"4972","5410國眾","110/08/19","台新-左楠",0,2,-2
"4973","5410國眾","110/08/19","統一-台中",4,0,4
"4974","5410國眾","110/08/19","群益金鼎-東門",0,2,-2
"4975","5410國眾","110/08/19","元大-開元",4,0,4
"4976","5410國眾","110/08/19","凱基-汐止",0,2,-2
"4977","5410國眾","110/08/19","日盛-園區",3,0,3
"4978","5410國眾","110/08/19","華南永昌-小港",0,2,-2
"4979","5410國眾","110/08/19","國泰-敦南",3,0,3
"4980","5410國眾","110/08/19","富邦-新店",0,2,-2
"4981","2841台開","110/08/19","宏遠-館前",360,0,360
"4982","2841台開","110/08/19","元大證券",0,108,-108
"4983","2841台開","110/08/19","第一金",104,0,104
"4984","2841台開","110/08/19","國票-敦北法人",0,98,-98
"4985","2841台開","110/08/19","日盛-台中",35,1,34
"4986","2841台開","110/08/19","台中銀",0,93,-93
"4987","2841台開","110/08/19","合庫證券",20,0,20
"4988","2841台開","110/08/19","元大-府城",0,51,-51
"4989","2841台開","110/08/19","第一金-台中",20,0,20
"4990","2841台開","110/08/19","日盛-信義",0,50,-50
"4991","2841台開","110/08/19","富邦-基隆",20,0,20
"4992","2841台開","110/08/19","新光-台南",0,46,-46
"4993","2841台開","110/08/19","富邦-三重",20,0,20
"4994","2841台開","110/08/19","永豐金-桃園",0,41,-41
"4995","2841台開","110/08/19","元大-六合",17,0,17
"4996","2841台開","110/08/19","凱基-高美館",0,30,-30
"4997","2841台開","110/08/19","國泰-館前",11,0,11
"4998","2841台開","110/08/19","凱基-新豐",0,30,-30
"4999","2841台開","110/08/19","統一-新台中",10,0,10
"5000","2841台開","110/08/19","第一金-忠孝",0,20,-20
"5001","2841台開","110/08/19","玉山證券",10,0,10
"5002","2841台開","110/08/19","富邦-員林",0,20,-20
"5003","2841台開","110/08/19","國泰-台中",10,0,10
"5004","2841台開","110/08/19","日盛證券",22,38,-16
"5005","2841台開","110/08/19","國泰-忠孝",10,0,10
"5006","2841台開","110/08/19","國泰-敦南",3,19,-16
"5007","2841台開","110/08/19","元大-東泰",10,0,10
"5008","2841台開","110/08/19","中國信託-嘉義",0,15,-15
"5009","2841台開","110/08/19","元大-高雄",10,0,10
"5010","2841台開","110/08/19","永豐金-敦南",17,29,-12
"5011","6207雷科","110/08/19","元大-高雄",76,0,76
"5012","6207雷科","110/08/19","凱基-大安",0,50,-50
"5013","6207雷科","110/08/19","光和-和美",53,0,53
"5014","6207雷科","110/08/19","凱基-復興",2,30,-28
"5015","6207雷科","110/08/19","日盛-桃園",10,0,10
"5016","6207雷科","110/08/19","日盛-三重",0,23,-23
"5017","6207雷科","110/08/19","元大-六合",10,0,10
"5018","6207雷科","110/08/19","港商野村",8,30,-22
"5019","6207雷科","110/08/19","凱基-台北",21,13,8
"5020","6207雷科","110/08/19","新加坡商瑞銀",12,29,-17
"5021","6207雷科","110/08/19","永豐金-高雄",8,0,8
"5022","6207雷科","110/08/19","日茂-埔里",0,17,-17
"5023","6207雷科","110/08/19","凱基-高雄",7,0,7
"5024","6207雷科","110/08/19","摩根大通",7,21,-14
"5025","6207雷科","110/08/19","元大-沙鹿",6,0,6
"5026","6207雷科","110/08/19","群益金鼎-東門",0,12,-12
"5027","6207雷科","110/08/19","元大-東門",6,0,6
"5028","6207雷科","110/08/19","富邦-虎尾",0,10,-10
"5029","6207雷科","110/08/19","元富-吉利",5,0,5
"5030","6207雷科","110/08/19","凱基-高美館",5,14,-9
"5031","6207雷科","110/08/19","大昌-桃園",5,0,5
"5032","6207雷科","110/08/19","富邦-板橋",0,8,-8
"5033","6207雷科","110/08/19","玉山-大里",5,0,5
"5034","6207雷科","110/08/19","元富-潮州",0,7,-7
"5035","6207雷科","110/08/19","元大-大益",5,0,5
"5036","6207雷科","110/08/19","凱基-員林",0,7,-7
"5037","6207雷科","110/08/19","元大-福營",4,0,4
"5038","6207雷科","110/08/19","華南永昌-林口",0,7,-7
"5039","6207雷科","110/08/19","臺銀-臺中",3,0,3
"5040","6207雷科","110/08/19","日盛-八德",0,6,-6
"5041","3679新至陞","110/08/19","台灣摩根士丹利",7,0,7
"5042","3679新至陞","110/08/19","摩根大通",3,11,-8
"5043","3679新至陞","110/08/19","元大-板橋",6,0,6
"5044","3679新至陞","110/08/19","瑞士信貸",1,6,-5
"5045","3679新至陞","110/08/19","美林",10,5,5
"5046","3679新至陞","110/08/19","美商高盛",0,3,-3
"5047","3679新至陞","110/08/19","日盛-土城",2,0,2
"5048","3679新至陞","110/08/19","宏遠-館前",0,2,-2
"5049","3679新至陞","110/08/19","富邦-新店",2,0,2
"5050","3679新至陞","110/08/19","港商野村",0,2,-2
"5051","3679新至陞","110/08/19","土銀-新竹",1,0,1
"5052","3679新至陞","110/08/19","花旗環球",0,2,-2
"5053","3679新至陞","110/08/19","臺銀-高雄",1,0,1
"5054","3679新至陞","110/08/19","國泰-高雄",0,2,-2
"5055","3679新至陞","110/08/19","(牛牛牛)亞-網路",1,0,1
"5056","3679新至陞","110/08/19","元大證券",1,3,-2
"5057","3679新至陞","110/08/19","中國信託-永康",1,0,1
"5058","3679新至陞","110/08/19","元大-新店中正",0,2,-2
"5059","3679新至陞","110/08/19","光和-溪湖",1,0,1
"5060","3679新至陞","110/08/19","元大-成功",0,2,-2
"5061","3679新至陞","110/08/19","兆豐證券",1,0,1
"5062","3679新至陞","110/08/19","永豐金-板新",0,2,-2
"5063","3679新至陞","110/08/19","國票-台東",1,0,1
"5064","3679新至陞","110/08/19","土銀-和平",0,1,-1
"5065","3679新至陞","110/08/19","玉山-新莊",1,0,1
"5066","3679新至陞","110/08/19","新加坡商瑞銀",0,1,-1
"5067","3679新至陞","110/08/19","玉山-嘉義",1,0,1
"5068","3679新至陞","110/08/19","第一金-忠孝",0,1,-1
"5069","3679新至陞","110/08/19","群益金鼎-高盛",1,0,1
"5070","3679新至陞","110/08/19","凱基",0,1,-1
"5071","2727王品","110/08/19","日盛-忠孝",36,0,36
"5072","2727王品","110/08/19","宏遠證券",0,75,-75
"5073","2727王品","110/08/19","中國信託-高雄",12,0,12
"5074","2727王品","110/08/19","美林",0,49,-49
"5075","2727王品","110/08/19","國泰-敦南",17,6,11
"5076","2727王品","110/08/19","摩根大通",1,47,-46
"5077","2727王品","110/08/19","群益金鼎-新店",10,0,10
"5078","2727王品","110/08/19","永豐金證券",2,45,-43
"5079","2727王品","110/08/19","富邦-羅東",10,0,10
"5080","2727王品","110/08/19","美商高盛",2,39,-37
"5081","2727王品","110/08/19","富邦-仁愛",9,0,9
"5082","2727王品","110/08/19","凱基-台北",27,56,-29
"5083","2727王品","110/08/19","國泰-台中",14,6,8
"5084","2727王品","110/08/19","新光-台中",5,28,-23
"5085","2727王品","110/08/19","元大-北屯",10,2,8
"5086","2727王品","110/08/19","台灣摩根士丹利",1,21,-20
"5087","2727王品","110/08/19","元富-大昌",7,0,7
"5088","2727王品","110/08/19","凱基-東門",0,18,-18
"5089","2727王品","110/08/19","台新-台中",9,2,7
"5090","2727王品","110/08/19","統一",0,17,-17
"5091","2727王品","110/08/19","新光-新竹",7,0,7
"5092","2727王品","110/08/19","瑞士信貸",2,13,-11
"5093","2727王品","110/08/19","凱基-基隆",7,0,7
"5094","2727王品","110/08/19","新加坡商瑞銀",0,11,-11
"5095","2727王品","110/08/19","宏遠-高雄",6,0,6
"5096","2727王品","110/08/19","港商野村",18,28,-10
"5097","2727王品","110/08/19","台新證券",6,0,6
"5098","2727王品","110/08/19","富邦-新店",1,11,-10
"5099","2727王品","110/08/19","玉山證券",6,0,6
"5100","2727王品","110/08/19","元大-善化",0,10,-10
"5101","1570力肯","110/08/19","國票-北高雄",37,0,37
"5102","1570力肯","110/08/19","新光-台南",3,44,-41
"5103","1570力肯","110/08/19","康和-台南",30,0,30
"5104","1570力肯","110/08/19","元大-大統",0,20,-20
"5105","1570力肯","110/08/19","國票-內壢",25,0,25
"5106","1570力肯","110/08/19","元富-新店",0,18,-18
"5107","1570力肯","110/08/19","元富-虎尾",20,0,20
"5108","1570力肯","110/08/19","元大-民生",2,19,-17
"5109","1570力肯","110/08/19","國票-博愛",17,0,17
"5110","1570力肯","110/08/19","國泰-敦南",1,16,-15
"5111","1570力肯","110/08/19","日盛-高雄",15,0,15
"5112","1570力肯","110/08/19","富邦-敦南",0,15,-15
"5113","1570力肯","110/08/19","元大-南投",15,0,15
"5114","1570力肯","110/08/19","元大-大雅",10,25,-15
"5115","1570力肯","110/08/19","富邦-嘉義",15,1,14
"5116","1570力肯","110/08/19","日盛-板橋",2,16,-14
"5117","1570力肯","110/08/19","元大-北投",13,0,13
"5118","1570力肯","110/08/19","華南永昌-嘉義",0,12,-12
"5119","1570力肯","110/08/19","元富-緯城",12,0,12
"5120","1570力肯","110/08/19","凱基-台北",3,14,-11
"5121","1570力肯","110/08/19","土銀-新竹",11,0,11
"5122","1570力肯","110/08/19","元富-草屯",0,10,-10
"5123","1570力肯","110/08/19","日盛-嘉義",11,0,11
"5124","1570力肯","110/08/19","新光",7,17,-10
"5125","1570力肯","110/08/19","富邦-羅東",11,0,11
"5126","1570力肯","110/08/19","富邦-內湖",3,13,-10
"5127","1570力肯","110/08/19","富邦-仁愛",10,0,10
"5128","1570力肯","110/08/19","元大-福營",0,10,-10
"5129","1570力肯","110/08/19","元大-羅東",10,0,10
"5130","1570力肯","110/08/19","元大-松山",0,10,-10
"5131","6180橘子","110/08/19","美林",29,0,29
"5132","6180橘子","110/08/19","新光-台中",4,23,-19
"5133","6180橘子","110/08/19","美商高盛",24,0,24
"5134","6180橘子","110/08/19","元大-大甲",0,16,-16
"5135","6180橘子","110/08/19","富邦-竹東",21,0,21
"5136","6180橘子","110/08/19","元富-城東",1,13,-12
"5137","6180橘子","110/08/19","第一金-新竹",20,0,20
"5138","6180橘子","110/08/19","凱基-台北",2,13,-11
"5139","6180橘子","110/08/19","富邦-永和",11,0,11
"5140","6180橘子","110/08/19","凱基-竹科",1,12,-11
"5141","6180橘子","110/08/19","合庫-自強",10,0,10
"5142","6180橘子","110/08/19","元富-草屯",0,10,-10
"5143","6180橘子","110/08/19","富邦-新竹",12,2,10
"5144","6180橘子","110/08/19","新光",8,18,-10
"5145","6180橘子","110/08/19","元大-中壢",10,1,9
"5146","6180橘子","110/08/19","凱基-站前",0,10,-10
"5147","6180橘子","110/08/19","國泰-板橋",7,1,6
"5148","6180橘子","110/08/19","元大-文心興安",0,10,-10
"5149","6180橘子","110/08/19","富隆-長安",5,0,5
"5150","6180橘子","110/08/19","永豐金-新店",0,10,-10
"5151","6180橘子","110/08/19","大慶-苗栗",5,0,5
"5152","6180橘子","110/08/19","兆豐-新營",1,10,-9
"5153","6180橘子","110/08/19","台新-屏東",5,0,5
"5154","6180橘子","110/08/19","元大-北屯",1,10,-9
"5155","6180橘子","110/08/19","元大-向上",5,0,5
"5156","6180橘子","110/08/19","摩根大通",28,36,-8
"5157","6180橘子","110/08/19","永豐金-竹科",5,0,5
"5158","6180橘子","110/08/19","凱基-市政",0,7,-7
"5159","6180橘子","110/08/19","土銀-新竹",4,0,4
"5160","6180橘子","110/08/19","台灣摩根士丹利",11,17,-6
"5161","2390云辰","110/08/19","富邦-花蓮",100,0,100
"5162","2390云辰","110/08/19","摩根大通",96,805,-709
"5163","2390云辰","110/08/19","統一-新台中",86,0,86
"5164","2390云辰","110/08/19","美林",195,271,-76
"5165","2390云辰","110/08/19","凱基-台北",335,254,81
"5166","2390云辰","110/08/19","兆豐-桃園",15,90,-75
"5167","2390云辰","110/08/19","國票-博愛",132,54,78
"5168","2390云辰","110/08/19","大昌-新店",27,92,-65
"5169","2390云辰","110/08/19","凱基-台中",77,1,76
"5170","2390云辰","110/08/19","宏遠-桃園",1,63,-62
"5171","2390云辰","110/08/19","凱基-和平",60,2,58
"5172","2390云辰","110/08/19","華南永昌-公誠",53,110,-57
"5173","2390云辰","110/08/19","國票-安和",53,10,43
"5174","2390云辰","110/08/19","大慶-富順",11,67,-56
"5175","2390云辰","110/08/19","元大-四維",46,10,36
"5176","2390云辰","110/08/19","元大-歸仁",2,55,-53
"5177","2390云辰","110/08/19","中農",55,20,35
"5178","2390云辰","110/08/19","日茂",7,58,-51
"5179","2390云辰","110/08/19","第一金-安和",55,22,33
"5180","2390云辰","110/08/19","元大-大灣",10,60,-50
"5181","2390云辰","110/08/19","元大-雙和",42,12,30
"5182","2390云辰","110/08/19","凱基-三重",1,48,-47
"5183","2390云辰","110/08/19","國泰-館前",77,48,29
"5184","2390云辰","110/08/19","國票-台東",2,41,-39
"5185","2390云辰","110/08/19","元大-文心興安",42,13,29
"5186","2390云辰","110/08/19","豐農",7,41,-34
"5187","2390云辰","110/08/19","(牛牛牛)亞-鑫豐",59,31,28
"5188","2390云辰","110/08/19","凱基-中港",5,36,-31
"5189","2390云辰","110/08/19","國泰-高雄",44,18,26
"5190","2390云辰","110/08/19","永豐金-嘉義",3,32,-29
"5191","2609陽明","110/08/18","凱基-台北",15132,4630,10502
"5192","2609陽明","110/08/18","兆豐-復興",1580,3572,-1992
"5193","2609陽明","110/08/18","康和",4145,283,3862
"5194","2609陽明","110/08/18","日盛-板橋",943,2532,-1589
"5195","2609陽明","110/08/18","美林",6982,3580,3402
"5196","2609陽明","110/08/18","國泰-敦南",4957,6082,-1125
"5197","2609陽明","110/08/18","富邦證券",5335,3049,2286
"5198","2609陽明","110/08/18","新光",3470,4443,-973
"5199","2609陽明","110/08/18","兆豐-南京",2352,209,2143
"5200","2609陽明","110/08/18","玉山證券",1002,1913,-911
"5201","2609陽明","110/08/18","兆豐-虎尾",4490,2388,2102
"5202","2609陽明","110/08/18","台新證券",2873,3601,-728
"5203","2609陽明","110/08/18","永豐金-信義",1719,99,1620
"5204","2609陽明","110/08/18","國泰-館前",1002,1633,-631
"5205","2609陽明","110/08/18","摩根大通",9173,7611,1562
"5206","2609陽明","110/08/18","日盛-中壢",255,825,-570
"5207","2609陽明","110/08/18","台灣摩根士丹利",2544,1230,1314
"5208","2609陽明","110/08/18","兆豐-板橋",646,1122,-476
"5209","2609陽明","110/08/18","凱基-斗六",4335,3037,1298
"5210","2609陽明","110/08/18","第一金-嘉義",153,589,-436
"5211","2609陽明","110/08/18","統一",1895,653,1242
"5212","2609陽明","110/08/18","第一金-桃園",168,595,-427
"5213","2609陽明","110/08/18","元大證券",3293,2063,1230
"5214","2609陽明","110/08/18","(牛牛牛)亞-鑫豐",283,690,-407
"5215","2609陽明","110/08/18","富邦-仁愛",2205,1064,1141
"5216","2609陽明","110/08/18","國泰-板橋",1508,1913,-405
"5217","2609陽明","110/08/18","富邦-虎尾",10781,9680,1101
"5218","2609陽明","110/08/18","凱基-市政",9806,10201,-395
"5219","2609陽明","110/08/18","元大-頭份",1219,381,838
"5220","2609陽明","110/08/18","凱基-高美館",607,1000,-393
"5221","2636台驊投控","110/08/18","富邦證券",1190,0,1190
"5222","2636台驊投控","110/08/18","凱基",21,470,-449
"5223","2636台驊投控","110/08/18","摩根大通",1639,646,993
"5224","2636台驊投控","110/08/18","玉山-南京東路",3,355,-352
"5225","2636台驊投控","110/08/18","台灣摩根士丹利",825,36,789
"5226","2636台驊投控","110/08/18","統一-新台中",15,291,-276
"5227","2636台驊投控","110/08/18","凱基-台北",881,309,572
"5228","2636台驊投控","110/08/18","永豐金-新竹",38,292,-254
"5229","2636台驊投控","110/08/18","統一",503,143,360
"5230","2636台驊投控","110/08/18","國票-彰化",518,760,-242
"5231","2636台驊投控","110/08/18","富邦-員林",373,78,295
"5232","2636台驊投控","110/08/18","國泰-敦南",456,601,-145
"5233","2636台驊投控","110/08/18","新加坡商瑞銀",307,50,257
"5234","2636台驊投控","110/08/18","日盛-宜蘭",12,143,-131
"5235","2636台驊投控","110/08/18","美林",863,611,252
"5236","2636台驊投控","110/08/18","日盛-景美",26,156,-130
"5237","2636台驊投控","110/08/18","日盛-台中",273,57,216
"5238","2636台驊投控","110/08/18","日盛證券",180,298,-118
"5239","2636台驊投控","110/08/18","日盛-板橋",166,13,153
"5240","2636台驊投控","110/08/18","第一金-桃園",36,154,-118
"5241","2636台驊投控","110/08/18","兆豐-虎尾",169,20,149
"5242","2636台驊投控","110/08/18","新光",402,503,-101
"5243","2636台驊投控","110/08/18","華南永昌-竹北",221,84,137
"5244","2636台驊投控","110/08/18","凱基-市政",93,185,-92
"5245","2636台驊投控","110/08/18","大慶",123,6,117
"5246","2636台驊投控","110/08/18","台新證券",371,450,-79
"5247","2636台驊投控","110/08/18","美商高盛",432,323,109
"5248","2636台驊投控","110/08/18","凱基-天母",2,81,-79
"5249","2636台驊投控","110/08/18","統一-南京",102,33,69
"5250","2636台驊投控","110/08/18","華南永昌-南京",30,101,-71
"5251","2867三商壽","110/08/18","摩根大通",776,115,661
"5252","2867三商壽","110/08/18","華南永昌",2,804,-802
"5253","2867三商壽","110/08/18","美林",510,38,472
"5254","2867三商壽","110/08/18","富邦-陽明",0,253,-253
"5255","2867三商壽","110/08/18","元富-世貿",164,15,149
"5256","2867三商壽","110/08/18","宏遠證券",0,220,-220
"5257","2867三商壽","110/08/18","元大-桃園",110,1,109
"5258","2867三商壽","110/08/18","元大-崇德",0,178,-178
"5259","2867三商壽","110/08/18","新加坡商瑞銀",168,73,95
"5260","2867三商壽","110/08/18","元大證券",7,143,-136
"5261","2867三商壽","110/08/18","台新證券",97,2,95
"5262","2867三商壽","110/08/18","土銀-新竹",0,86,-86
"5263","2867三商壽","110/08/18","康和-台中",90,1,89
"5264","2867三商壽","110/08/18","統一-台中",0,82,-82
"5265","2867三商壽","110/08/18","富邦-三重",90,6,84
"5266","2867三商壽","110/08/18","富邦-嘉義",0,70,-70
"5267","2867三商壽","110/08/18","元富",70,0,70
"5268","2867三商壽","110/08/18","宏遠-台中",7,71,-64
"5269","2867三商壽","110/08/18","兆豐-寶成",70,1,69
"5270","2867三商壽","110/08/18","富邦-南屯",0,63,-63
"5271","2867三商壽","110/08/18","台新-台中",68,13,55
"5272","2867三商壽","110/08/18","元大-大甲",1,61,-60
"5273","2867三商壽","110/08/18","凱基",51,0,51
"5274","2867三商壽","110/08/18","美商高盛",32,87,-55
"5275","2867三商壽","110/08/18","元大-開元",51,0,51
"5276","2867三商壽","110/08/18","元富-大裕",0,50,-50
"5277","2867三商壽","110/08/18","日盛-頭份",50,0,50
"5278","2867三商壽","110/08/18","富邦-高雄",1,48,-47
"5279","2867三商壽","110/08/18","兆豐-台中",50,0,50
"5280","2867三商壽","110/08/18","元大-台北",0,40,-40
"5281","5521工信","110/08/18","台新證券",144,10,134
"5282","5521工信","110/08/18","台新-台中",0,200,-200
"5283","5521工信","110/08/18","群益金鼎-台中",43,0,43
"5284","5521工信","110/08/18","香港上海匯豐",0,143,-143
"5285","5521工信","110/08/18","富邦-嘉義",31,0,31
"5286","5521工信","110/08/18","日盛-雙和",0,100,-100
"5287","5521工信","110/08/18","華南永昌-林口",30,1,29
"5288","5521工信","110/08/18","元大-沙鹿",0,61,-61
"5289","5521工信","110/08/18","日進",25,0,25
"5290","5521工信","110/08/18","凱基-台北",57,116,-59
"5291","5521工信","110/08/18","國泰-敦南",26,3,23
"5292","5521工信","110/08/18","美林",3,61,-58
"5293","5521工信","110/08/18","群益金鼎-高雄",20,0,20
"5294","5521工信","110/08/18","永豐金-桃盛",0,50,-50
"5295","5521工信","110/08/18","元大-屏南",20,0,20
"5296","5521工信","110/08/18","摩根大通",106,150,-44
"5297","5521工信","110/08/18","元大-基隆孝二",20,0,20
"5298","5521工信","110/08/18","大慶-富順",0,42,-42
"5299","5521工信","110/08/18","永豐金-新店",20,0,20
"5300","5521工信","110/08/18","元大-鳳山",0,30,-30
"5301","5521工信","110/08/18","元大-龍潭",17,0,17
"5302","5521工信","110/08/18","凱基-三重",25,50,-25
"5303","5521工信","110/08/18","兆豐-北高雄",16,0,16
"5304","5521工信","110/08/18","光和-田中",2,24,-22
"5305","5521工信","110/08/18","元富-文心",15,0,15
"5306","5521工信","110/08/18","元大-和平",0,20,-20
"5307","5521工信","110/08/18","元大-前金",15,0,15
"5308","5521工信","110/08/18","華南永昌",0,15,-15
"5309","5521工信","110/08/18","元大-北投",15,0,15
"5310","5521工信","110/08/18","凱基-南崁",0,12,-12
"5311","1471首利","110/08/18","摩根大通",195,17,178
"5312","1471首利","110/08/18","元大-西門",16,81,-65
"5313","1471首利","110/08/18","永豐金-板盛",42,0,42
"5314","1471首利","110/08/18","高橋-龍潭",0,35,-35
"5315","1471首利","110/08/18","台新證券",35,13,22
"5316","1471首利","110/08/18","新光",14,41,-27
"5317","1471首利","110/08/18","台灣企銀-九如",20,0,20
"5318","1471首利","110/08/18","台新-高雄",2,25,-23
"5319","1471首利","110/08/18","凱基-五股",20,0,20
"5320","1471首利","110/08/18","元富-世貿",0,20,-20
"5321","1471首利","110/08/18","瑞士信貸",25,13,12
"5322","1471首利","110/08/18","台新-中壢",0,20,-20
"5323","1471首利","110/08/18","群益金鼎-三重",10,0,10
"5324","1471首利","110/08/18","玉山-高雄",1,21,-20
"5325","1471首利","110/08/18","凱基-台南",10,0,10
"5326","1471首利","110/08/18","富邦-基隆",13,30,-17
"5327","1471首利","110/08/18","華南永昌-鳳山",10,0,10
"5328","1471首利","110/08/18","凱基-彰化",0,14,-14
"5329","1471首利","110/08/18","富邦-嘉義",10,0,10
"5330","1471首利","110/08/18","元富-民權",0,12,-12
"5331","1471首利","110/08/18","元大-開元",10,0,10
"5332","1471首利","110/08/18","凱基-羅東",0,11,-11
"5333","1471首利","110/08/18","元大-內湖",10,0,10
"5334","1471首利","110/08/18","合庫證券",0,10,-10
"5335","1471首利","110/08/18","元大-東港",10,0,10
"5336","1471首利","110/08/18","日盛-斗六",0,10,-10
"5337","1471首利","110/08/18","永豐金-台南",10,0,10
"5338","1471首利","110/08/18","群益金鼎-潭子",0,10,-10
"5339","1471首利","110/08/18","凱基-台北",25,16,9
"5340","1471首利","110/08/18","元大-汐止",0,10,-10
"5341","2883開發金","110/08/18","合庫-台中",6579,11,6568
"5342","2883開發金","110/08/18","新加坡商瑞銀",902,7117,-6215
"5343","2883開發金","110/08/18","香港上海匯豐",4579,0,4579
"5344","2883開發金","110/08/18","台灣摩根士丹利",375,5303,-4928
"5345","2883開發金","110/08/18","富邦-台中",3720,12,3708
"5346","2883開發金","110/08/18","凱基",0,4582,-4582
"5347","2883開發金","110/08/18","中國信託-文心",3128,2,3126
"5348","2883開發金","110/08/18","台新證券",425,4594,-4169
"5349","2883開發金","110/08/18","元大-福營",1063,19,1044
"5350","2883開發金","110/08/18","國泰證券",11,3677,-3666
"5351","2883開發金","110/08/18","華南永昌-南京",1046,43,1003
"5352","2883開發金","110/08/18","富邦證券",47,3305,-3258
"5353","2883開發金","110/08/18","合庫證券",999,7,992
"5354","2883開發金","110/08/18","元大證券",1065,3675,-2610
"5355","2883開發金","110/08/18","瑞士信貸",1041,53,988
"5356","2883開發金","110/08/18","凱基-台北",1972,4074,-2102
"5357","2883開發金","110/08/18","摩根大通",2088,1332,756
"5358","2883開發金","110/08/18","國票-長城",711,2005,-1294
"5359","2883開發金","110/08/18","新光",2279,1577,702
"5360","2883開發金","110/08/18","日盛證券",88,1002,-914
"5361","2883開發金","110/08/18","元大-金華",559,0,559
"5362","2883開發金","110/08/18","群益金鼎-西松",38,786,-748
"5363","2883開發金","110/08/18","花旗環球",652,184,468
"5364","2883開發金","110/08/18","兆豐-高雄",12,668,-656
"5365","2883開發金","110/08/18","港商野村",1145,723,422
"5366","2883開發金","110/08/18","元富-四維",2,606,-604
"5367","2883開發金","110/08/18","國泰-敦南",609,244,365
"5368","2883開發金","110/08/18","宏遠-光隆",14,615,-601
"5369","2883開發金","110/08/18","元富",353,0,353
"5370","2883開發金","110/08/18","永豐金-苓雅",30,595,-565
"5371","6205詮欣","110/08/18","摩根大通",14,1,13
"5372","6205詮欣","110/08/18","合庫證券",0,15,-15
"5373","6205詮欣","110/08/18","凱基-汐止",10,0,10
"5374","6205詮欣","110/08/18","國票-南港",0,14,-14
"5375","6205詮欣","110/08/18","臺銀-臺中",9,0,9
"5376","6205詮欣","110/08/18","元大-大天母",0,8,-8
"5377","6205詮欣","110/08/18","德信-新營",7,0,7
"5378","6205詮欣","110/08/18","富邦-仁愛",0,6,-6
"5379","6205詮欣","110/08/18","元富-安南",6,0,6
"5380","6205詮欣","110/08/18","兆豐-竹北",0,5,-5
"5381","6205詮欣","110/08/18","凱基-台北",5,0,5
"5382","6205詮欣","110/08/18","兆豐-台中",0,4,-4
"5383","6205詮欣","110/08/18","美林",4,0,4
"5384","6205詮欣","110/08/18","元大-土城學府",0,3,-3
"5385","6205詮欣","110/08/18","華南永昌-古亭",6,2,4
"5386","6205詮欣","110/08/18","永豐金-台南",0,3,-3
"5387","6205詮欣","110/08/18","永豐金證券",4,0,4
"5388","6205詮欣","110/08/18","日盛-板橋中山",0,2,-2
"5389","6205詮欣","110/08/18","玉山證券",3,0,3
"5390","6205詮欣","110/08/18","亞東-高雄",0,2,-2
"5391","6205詮欣","110/08/18","永豐金-中正",3,0,3
"5392","6205詮欣","110/08/18","大昌-安康",0,2,-2
"5393","6205詮欣","110/08/18","大慶-台南",2,0,2
"5394","6205詮欣","110/08/18","大昌-新店",0,2,-2
"5395","6205詮欣","110/08/18","元富-草屯",2,0,2
"5396","6205詮欣","110/08/18","玉山-高雄",0,2,-2
"5397","6205詮欣","110/08/18","元大-豐原",2,0,2
"5398","6205詮欣","110/08/18","日盛-板橋",0,1,-1
"5399","6205詮欣","110/08/18","日盛-三重",1,0,1
"5400","6205詮欣","110/08/18","宏遠-民生",0,1,-1
"5401","1540喬福","110/08/18","凱基-台北",26,5,21
"5402","1540喬福","110/08/18","兆豐-小港",0,45,-45
"5403","1540喬福","110/08/18","元大-土城永寧",15,0,15
"5404","1540喬福","110/08/18","群益金鼎-館前",1,40,-39
"5405","1540喬福","110/08/18","凱基-中壢",12,0,12
"5406","1540喬福","110/08/18","新光-台南",0,10,-10
"5407","1540喬福","110/08/18","日盛-二林",10,0,10
"5408","1540喬福","110/08/18","元大-北屯",0,6,-6
"5409","1540喬福","110/08/18","日盛-鳳山",6,0,6
"5410","1540喬福","110/08/18","新光-桃園",0,5,-5
"5411","1540喬福","110/08/18","兆豐-北高雄",6,0,6
"5412","1540喬福","110/08/18","元富",0,4,-4
"5413","1540喬福","110/08/18","元大-龍潭",6,0,6
"5414","1540喬福","110/08/18","元大-館前",0,4,-4
"5415","1540喬福","110/08/18","日盛-樹林",5,0,5
"5416","1540喬福","110/08/18","國票-台東",0,3,-3
"5417","1540喬福","110/08/18","瑞士信貸",3,0,3
"5418","1540喬福","110/08/18","富邦-台南",0,3,-3
"5419","1540喬福","110/08/18","兆豐-三民",3,0,3
"5420","1540喬福","110/08/18","第一金-大稻埕",0,2,-2
"5421","1540喬福","110/08/18","國票-彰化",3,0,3
"5422","1540喬福","110/08/18","致和-南京",0,2,-2
"5423","1540喬福","110/08/18","富邦-員林",3,0,3
"5424","1540喬福","110/08/18","玉山-城中",0,2,-2
"5425","1540喬福","110/08/18","永豐金-敦南",3,0,3
"5426","1540喬福","110/08/18","元大-南崁",0,2,-2
"5427","1540喬福","110/08/18","日盛-板橋",2,0,2
"5428","1540喬福","110/08/18","元大-府城",1,3,-2
"5429","1540喬福","110/08/18","兆豐-台中港",2,0,2
"5430","1540喬福","110/08/18","元大-松山",0,2,-2
"5431","2888新光金","110/08/18","兆豐-公益",6495,300,6195
"5432","2888新光金","110/08/18","美商高盛",222,4409,-4187
"5433","2888新光金","110/08/18","元大-忠孝鼎富",4187,0,4187
"5434","2888新光金","110/08/18","元富-城東",12,2101,-2089
"5435","2888新光金","110/08/18","瑞士信貸",2917,33,2884
"5436","2888新光金","110/08/18","華南永昌",26,1674,-1648
"5437","2888新光金","110/08/18","華南永昌-大安",1071,5,1066
"5438","2888新光金","110/08/18","華南永昌-忠孝",0,1211,-1211
"5439","2888新光金","110/08/18","宏遠-光隆",1044,6,1038
"5440","2888新光金","110/08/18","群益金鼎-彰化",14,1211,-1197
"5441","2888新光金","110/08/18","元富",805,90,715
"5442","2888新光金","110/08/18","元大-大同",5,711,-706
"5443","2888新光金","110/08/18","凱基-台北",2712,2138,574
"5444","2888新光金","110/08/18","凱基-桃園",93,755,-662
"5445","2888新光金","110/08/18","台灣摩根士丹利",742,305,437
"5446","2888新光金","110/08/18","新光-台南",2,610,-608
"5447","2888新光金","110/08/18","富邦證券",385,20,365
"5448","2888新光金","110/08/18","第一金-新竹",100,706,-606
"5449","2888新光金","110/08/18","摩根大通",2204,1868,336
"5450","2888新光金","110/08/18","福勝",2,600,-598
"5451","2888新光金","110/08/18","永興-台中",303,29,274
"5452","2888新光金","110/08/18","華南永昌-岡山",12,457,-445
"5453","2888新光金","110/08/18","元大-六合",302,28,274
"5454","2888新光金","110/08/18","花旗環球",38,466,-428
"5455","2888新光金","110/08/18","華南永昌-敦南",262,10,252
"5456","2888新光金","110/08/18","元富-民權",0,300,-300
"5457","2888新光金","110/08/18","新加坡商瑞銀",287,70,217
"5458","2888新光金","110/08/18","華南永昌-合泰",4,303,-299
"5459","2888新光金","110/08/18","統一-板橋",170,5,165
"5460","2888新光金","110/08/18","元富-中港",3,300,-297
"5461","1340勝悅","110/08/18","摩根大通",139,18,121
"5462","1340勝悅","110/08/18","聯邦-三重",0,100,-100
"5463","1340勝悅","110/08/18","華南永昌-敦南",8,0,8
"5464","1340勝悅","110/08/18","華南永昌",1,20,-19
"5465","1340勝悅","110/08/18","永豐金-板盛",7,0,7
"5466","1340勝悅","110/08/18","合庫證券",0,10,-10
"5467","1340勝悅","110/08/18","美商高盛",6,0,6
"5468","1340勝悅","110/08/18","新光-新竹",0,10,-10
"5469","1340勝悅","110/08/18","臺灣企銀-埔墘",5,0,5
"5470","1340勝悅","110/08/18","富邦-嘉義",0,8,-8
"5471","1340勝悅","110/08/18","國泰-台中",5,0,5
"5472","1340勝悅","110/08/18","元大-新竹經國",0,7,-7
"5473","1340勝悅","110/08/18","凱基-松山",5,0,5
"5474","1340勝悅","110/08/18","臺銀-鳳山",5,10,-5
"5475","1340勝悅","110/08/18","新光",4,0,4
"5476","1340勝悅","110/08/18","瑞士信貸",0,5,-5
"5477","1340勝悅","110/08/18","中國信託-文心",3,0,3
"5478","1340勝悅","110/08/18","統一-城中",9,13,-4
"5479","1340勝悅","110/08/18","康和-延平",3,0,3
"5480","1340勝悅","110/08/18","元大-歸仁",0,4,-4
"5481","1340勝悅","110/08/18","新光-桃園",3,0,3
"5482","1340勝悅","110/08/18","元大-桃興",1,5,-4
"5483","1340勝悅","110/08/18","凱基-基隆",3,0,3
"5484","1340勝悅","110/08/18","(牛牛牛)亞-鑫豐",1,4,-3
"5485","1340勝悅","110/08/18","合庫-鳳山",2,0,2
"5486","1340勝悅","110/08/18","台新證券",0,3,-3
"5487","1340勝悅","110/08/18","元富-板橋",2,0,2
"5488","1340勝悅","110/08/18","合庫-高雄",0,2,-2
"5489","1340勝悅","110/08/18","大昌-安康",2,0,2
"5490","1340勝悅","110/08/18","日盛-文化",0,2,-2
"5491","6246臺龍","110/08/18","港商野村",62,7,55
"5492","6246臺龍","110/08/18","元富-高雄",0,20,-20
"5493","6246臺龍","110/08/18","台新-三民",20,0,20
"5494","6246臺龍","110/08/18","新光",1,16,-15
"5495","6246臺龍","110/08/18","台新證券",19,0,19
"5496","6246臺龍","110/08/18","日盛-板橋",0,10,-10
"5497","6246臺龍","110/08/18","元富-林園",10,0,10
"5498","6246臺龍","110/08/18","致和-台北",0,10,-10
"5499","6246臺龍","110/08/18","光和-和美",10,0,10
"5500","6246臺龍","110/08/18","凱基-永和",0,10,-10
"5501","6246臺龍","110/08/18","凱基-屏東",10,0,10
"5502","6246臺龍","110/08/18","華南永昌-公誠",0,10,-10
"5503","6246臺龍","110/08/18","元大-永康",10,0,10
"5504","6246臺龍","110/08/18","凱基-台北",1,10,-9
"5505","6246臺龍","110/08/18","元大-竹科",5,0,5
"5506","6246臺龍","110/08/18","元大-北港",0,9,-9
"5507","6246臺龍","110/08/18","元大-北成功",4,0,4
"5508","6246臺龍","110/08/18","日盛-和美",0,6,-6
"5509","6246臺龍","110/08/18","大慶-苗栗",3,0,3
"5510","6246臺龍","110/08/18","群益金鼎-北高雄",0,6,-6
"5511","6246臺龍","110/08/18","統一-彰化",3,0,3
"5512","6246臺龍","110/08/18","日進",0,5,-5
"5513","6246臺龍","110/08/18","日茂-南投",3,0,3
"5514","6246臺龍","110/08/18","凱基-松山",0,5,-5
"5515","6246臺龍","110/08/18","兆豐-新營",3,0,3
"5516","6246臺龍","110/08/18","凱基-三多",2,7,-5
"5517","6246臺龍","110/08/18","元大-南投",3,0,3
"5518","6246臺龍","110/08/18","元富-烏日",0,4,-4
"5519","6246臺龍","110/08/18","元富-大裕",2,0,2
"5520","6246臺龍","110/08/18","兆豐-景美",0,4,-4
"5521","00715L期街口布蘭特正2","110/08/18","兆豐-鹿港",751,0,751
"5522","00715L期街口布蘭特正2","110/08/18","元大證券",368,4666,-4298
"5523","00715L期街口布蘭特正2","110/08/18","合庫-新竹",597,1,596
"5524","00715L期街口布蘭特正2","110/08/18","凱基-台北",310,4173,-3863
"5525","00715L期街口布蘭特正2","110/08/18","(牛牛牛)亞-鑫豐",606,24,582
"5526","00715L期街口布蘭特正2","110/08/18","統一",5,1703,-1698
"5527","00715L期街口布蘭特正2","110/08/18","元富-古亭",499,0,499
"5528","00715L期街口布蘭特正2","110/08/18","元大-台中",8,1176,-1168
"5529","00715L期街口布蘭特正2","110/08/18","統一-新竹",411,0,411
"5530","00715L期街口布蘭特正2","110/08/18","兆豐-來福",0,590,-590
"5531","00715L期街口布蘭特正2","110/08/18","永豐金-北高雄",331,0,331
"5532","00715L期街口布蘭特正2","110/08/18","元富",5,588,-583
"5533","00715L期街口布蘭特正2","110/08/18","中國信託-新竹",327,0,327
"5534","00715L期街口布蘭特正2","110/08/18","康和",686,1184,-498
"5535","00715L期街口布蘭特正2","110/08/18","新光",396,124,272
"5536","00715L期街口布蘭特正2","110/08/18","新光-台中",143,525,-382
"5537","00715L期街口布蘭特正2","110/08/18","元大-沙鹿",216,0,216
"5538","00715L期街口布蘭特正2","110/08/18","元大-雙和",25,380,-355
"5539","00715L期街口布蘭特正2","110/08/18","國泰-敦南",244,30,214
"5540","00715L期街口布蘭特正2","110/08/18","玉山-新竹",8,324,-316
"5541","00715L期街口布蘭特正2","110/08/18","元大-花蓮",229,20,209
"5542","00715L期街口布蘭特正2","110/08/18","玉山-台南",19,285,-266
"5543","00715L期街口布蘭特正2","110/08/18","兆豐-台中",226,36,190
"5544","00715L期街口布蘭特正2","110/08/18","永豐金證券",4,240,-236
"5545","00715L期街口布蘭特正2","110/08/18","元大-復北",200,10,190
"5546","00715L期街口布蘭特正2","110/08/18","永豐金-台南",13,230,-217
"5547","00715L期街口布蘭特正2","110/08/18","台新-新營",221,32,189
"5548","00715L期街口布蘭特正2","110/08/18","中國信託-永康",15,210,-195
"5549","00715L期街口布蘭特正2","110/08/18","新光-新竹",204,17,187
"5550","00715L期街口布蘭特正2","110/08/18","凱基-大里",2,189,-187
"5551","8941關中","110/08/18","元大-華山",1,0,1
"5552","8941關中","110/08/18","群益金鼎-開元",0,2,-2
"5553","8941關中","110/08/18","元大-南京",1,0,1
"5554","8941關中","110/08/18","元大-桃興",0,1,-1
"5555","8941關中","110/08/18","元大-西門",1,0,1
"5556","8941關中","110/08/18","華南永昌-淡水",0,0,0
"5557","8941關中","110/08/18","華南永昌-淡水",0,0,0
"5558","8941關中","110/08/18","富邦-台北",0,0,0
"5559","8941關中","110/08/18","富邦-台北",0,0,0
"5560","8941關中","110/08/18","元大-金華",1,1,0
"5561","8941關中","110/08/18","元大-金華",1,1,0
"5562","8941關中","110/08/18","永豐金-敦北",0,0,0
"5563","8941關中","110/08/18","永豐金-敦北",0,0,0
"5564","8941關中","110/08/18","",NA,NA,NA
"5565","8941關中","110/08/18","",NA,NA,NA
"5566","8941關中","110/08/18","",NA,NA,NA
"5567","8941關中","110/08/18","",NA,NA,NA
"5568","8941關中","110/08/18","",NA,NA,NA
"5569","8941關中","110/08/18","",NA,NA,NA
"5570","8941關中","110/08/18","",NA,NA,NA
"5571","8941關中","110/08/18","",NA,NA,NA
"5572","8941關中","110/08/18","",NA,NA,NA
"5573","8941關中","110/08/18","",NA,NA,NA
"5574","8941關中","110/08/18","",NA,NA,NA
"5575","8941關中","110/08/18","",NA,NA,NA
"5576","8941關中","110/08/18","",NA,NA,NA
"5577","8941關中","110/08/18","",NA,NA,NA
"5578","8941關中","110/08/18","",NA,NA,NA
"5579","8941關中","110/08/18","",NA,NA,NA
"5580","8941關中","110/08/18","",NA,NA,NA
"5581","8936國統","110/08/18","凱基-台北",120,29,91
"5582","8936國統","110/08/18","新光-高雄",0,70,-70
"5583","8936國統","110/08/18","美林",66,1,65
"5584","8936國統","110/08/18","華南永昌-林口",1,70,-69
"5585","8936國統","110/08/18","元大-萬華",50,0,50
"5586","8936國統","110/08/18","台新-高雄",36,97,-61
"5587","8936國統","110/08/18","摩根大通",95,54,41
"5588","8936國統","110/08/18","永豐金-忠孝",12,44,-32
"5589","8936國統","110/08/18","港商野村",92,58,34
"5590","8936國統","110/08/18","台灣摩根士丹利",26,53,-27
"5591","8936國統","110/08/18","中國信託-高雄",12,0,12
"5592","8936國統","110/08/18","台新-中壢",0,25,-25
"5593","8936國統","110/08/18","玉山-台南",12,0,12
"5594","8936國統","110/08/18","元大-高雄",5,30,-25
"5595","8936國統","110/08/18","國泰-敦南",18,6,12
"5596","8936國統","110/08/18","玉山-嘉義",5,25,-20
"5597","8936國統","110/08/18","元大-成功",11,0,11
"5598","8936國統","110/08/18","新加坡商瑞銀",120,137,-17
"5599","8936國統","110/08/18","臺銀-新竹",10,0,10
"5600","8936國統","110/08/18","美商高盛",7,23,-16
"5601","8936國統","110/08/18","大慶-楊梅",10,0,10
"5602","8936國統","110/08/18","國泰-板橋",0,13,-13
"5603","8936國統","110/08/18","兆豐-三重",10,0,10
"5604","8936國統","110/08/18","群益金鼎-潭子",0,12,-12
"5605","8936國統","110/08/18","兆豐-北高雄",10,0,10
"5606","8936國統","110/08/18","群益金鼎-鳳山",0,12,-12
"5607","8936國統","110/08/18","元大-大里德芳",10,0,10
"5608","8936國統","110/08/18","合庫-高雄",0,10,-10
"5609","8936國統","110/08/18","永豐金-新莊",10,0,10
"5610","8936國統","110/08/18","第一金-新興",0,10,-10
"5611","6226光鼎","110/08/18","凱基-台北",625,134,491
"5612","6226光鼎","110/08/18","國泰-台中",21,655,-634
"5613","6226光鼎","110/08/18","元大-文心興安",224,4,220
"5614","6226光鼎","110/08/18","群益金鼎-士林",0,100,-100
"5615","6226光鼎","110/08/18","美商高盛",231,46,185
"5616","6226光鼎","110/08/18","元大-竹科",24,122,-98
"5617","6226光鼎","110/08/18","美林",213,118,95
"5618","6226光鼎","110/08/18","新光-桃園",22,96,-74
"5619","6226光鼎","110/08/18","新加坡商瑞銀",165,83,82
"5620","6226光鼎","110/08/18","永豐金-南投",15,83,-68
"5621","6226光鼎","110/08/18","凱基-竹科",67,4,63
"5622","6226光鼎","110/08/18","富邦-建國",21,80,-59
"5623","6226光鼎","110/08/18","元大證券",92,29,63
"5624","6226光鼎","110/08/18","元富-信義",2,58,-56
"5625","6226光鼎","110/08/18","元大-敦化",63,11,52
"5626","6226光鼎","110/08/18","凱基-新豐",15,69,-54
"5627","6226光鼎","110/08/18","兆豐-鹿港",54,4,50
"5628","6226光鼎","110/08/18","群益金鼎-台中",2,54,-52
"5629","6226光鼎","110/08/18","群益金鼎-萬華",54,9,45
"5630","6226光鼎","110/08/18","宏遠-光隆",0,50,-50
"5631","6226光鼎","110/08/18","大昌",48,12,36
"5632","6226光鼎","110/08/18","元大-福營",5,53,-48
"5633","6226光鼎","110/08/18","凱基-站前",35,1,34
"5634","6226光鼎","110/08/18","永豐金-竹北",2,43,-41
"5635","6226光鼎","110/08/18","日盛-和美",47,16,31
"5636","6226光鼎","110/08/18","兆豐-民生",0,40,-40
"5637","6226光鼎","110/08/18","群益金鼎-永和",30,0,30
"5638","6226光鼎","110/08/18","玉山證券",10,50,-40
"5639","6226光鼎","110/08/18","凱基-中港",30,0,30
"5640","6226光鼎","110/08/18","凱基-民權",11,51,-40
"5641","2363矽統","110/08/18","凱基-南崁",1528,19,1509
"5642","2363矽統","110/08/18","台灣摩根士丹利",64,1051,-987
"5643","2363矽統","110/08/18","凱基-台北",1850,671,1179
"5644","2363矽統","110/08/18","美商高盛",386,711,-325
"5645","2363矽統","110/08/18","摩根大通",1073,563,510
"5646","2363矽統","110/08/18","台新-三民",47,361,-314
"5647","2363矽統","110/08/18","富邦-板橋",403,71,332
"5648","2363矽統","110/08/18","新加坡商瑞銀",699,987,-288
"5649","2363矽統","110/08/18","玉山-高雄",391,228,163
"5650","2363矽統","110/08/18","富邦-台北",82,251,-169
"5651","2363矽統","110/08/18","群益金鼎",154,21,133
"5652","2363矽統","110/08/18","富邦-新店",28,140,-112
"5653","2363矽統","110/08/18","永豐金證券",155,31,124
"5654","2363矽統","110/08/18","中國信託-忠孝",89,200,-111
"5655","2363矽統","110/08/18","日盛-樹林",159,39,120
"5656","2363矽統","110/08/18","玉山-台中",14,122,-108
"5657","2363矽統","110/08/18","石橋證券",112,1,111
"5658","2363矽統","110/08/18","元大-汐止",112,215,-103
"5659","2363矽統","110/08/18","合庫-高雄",123,15,108
"5660","2363矽統","110/08/18","永豐金-板盛",2,105,-103
"5661","2363矽統","110/08/18","凱基-汐止",103,1,102
"5662","2363矽統","110/08/18","群益金鼎-南京",59,160,-101
"5663","2363矽統","110/08/18","永興",94,4,90
"5664","2363矽統","110/08/18","永豐金-天母",14,112,-98
"5665","2363矽統","110/08/18","元大-前金",207,139,68
"5666","2363矽統","110/08/18","凱基-竹科",22,110,-88
"5667","2363矽統","110/08/18","新光-桃園",84,17,67
"5668","2363矽統","110/08/18","華南永昌-台中",35,122,-87
"5669","2363矽統","110/08/18","富邦-台南",95,30,65
"5670","2363矽統","110/08/18","國泰-敦南",437,521,-84
"5671","8112至上","110/08/18","港商野村",371,52,319
"5672","8112至上","110/08/18","新加坡商瑞銀",70,220,-150
"5673","8112至上","110/08/18","凱基-台北",202,29,173
"5674","8112至上","110/08/18","元大證券",3,102,-99
"5675","8112至上","110/08/18","美林",135,39,96
"5676","8112至上","110/08/18","凱基-新店",0,91,-91
"5677","8112至上","110/08/18","凱基-市政",81,0,81
"5678","8112至上","110/08/18","台灣摩根士丹利",0,87,-87
"5679","8112至上","110/08/18","摩根大通",287,209,78
"5680","8112至上","110/08/18","元大-佳里",3,82,-79
"5681","8112至上","110/08/18","美商高盛",97,25,72
"5682","8112至上","110/08/18","合庫-台中",5,67,-62
"5683","8112至上","110/08/18","台新證券",71,13,58
"5684","8112至上","110/08/18","宏遠證券",0,59,-59
"5685","8112至上","110/08/18","大慶",60,10,50
"5686","8112至上","110/08/18","凱基-文心",0,53,-53
"5687","8112至上","110/08/18","凱基-站前",52,13,39
"5688","8112至上","110/08/18","元大-樹林",8,60,-52
"5689","8112至上","110/08/18","元大-大灣",38,0,38
"5690","8112至上","110/08/18","元大-永春",2,43,-41
"5691","8112至上","110/08/18","永豐金-中盛",31,3,28
"5692","8112至上","110/08/18","富邦-新營",2,40,-38
"5693","8112至上","110/08/18","國票-北高雄",25,0,25
"5694","8112至上","110/08/18","永豐金-員林",1,38,-37
"5695","8112至上","110/08/18","富邦-竹東",21,0,21
"5696","8112至上","110/08/18","玉山-高雄",23,55,-32
"5697","8112至上","110/08/18","彰銀-七賢",20,0,20
"5698","8112至上","110/08/18","大昌-桃園",1,30,-29
"5699","8112至上","110/08/18","元富-新莊",20,0,20
"5700","8112至上","110/08/18","新光-台南",1,30,-29
"5701","1570力肯","110/08/18","凱基-台北",129,5,124
"5702","1570力肯","110/08/18","華南永昌-桃園",0,102,-102
"5703","1570力肯","110/08/18","香港上海匯豐",36,0,36
"5704","1570力肯","110/08/18","中國信託-高雄",0,49,-49
"5705","1570力肯","110/08/18","統一",30,0,30
"5706","1570力肯","110/08/18","元富-世貿",0,20,-20
"5707","1570力肯","110/08/18","群益金鼎-北高雄",27,0,27
"5708","1570力肯","110/08/18","國泰證券",0,20,-20
"5709","1570力肯","110/08/18","國票-北高雄",21,3,18
"5710","1570力肯","110/08/18","元大-屏南",0,15,-15
"5711","1570力肯","110/08/18","元大-南投",20,4,16
"5712","1570力肯","110/08/18","元大-和平",5,20,-15
"5713","1570力肯","110/08/18","新光-台南",15,0,15
"5714","1570力肯","110/08/18","元大-基隆",0,12,-12
"5715","1570力肯","110/08/18","富邦-高雄",15,0,15
"5716","1570力肯","110/08/18","玉山-台中",0,10,-10
"5717","1570力肯","110/08/18","華南永昌-嘉義",12,0,12
"5718","1570力肯","110/08/18","元大-苗栗",0,10,-10
"5719","1570力肯","110/08/18","富邦-花蓮",10,0,10
"5720","1570力肯","110/08/18","元大-草屯",0,10,-10
"5721","1570力肯","110/08/18","元富-新店",10,2,8
"5722","1570力肯","110/08/18","富邦-彰化",0,8,-8
"5723","1570力肯","110/08/18","富邦-台東",12,4,8
"5724","1570力肯","110/08/18","日盛-嘉義",0,7,-7
"5725","1570力肯","110/08/18","日盛-高雄",7,0,7
"5726","1570力肯","110/08/18","永豐金-桃園",3,10,-7
"5727","1570力肯","110/08/18","元大-羅東",7,0,7
"5728","1570力肯","110/08/18","大昌-安康",0,6,-6
"5729","1570力肯","110/08/18","大慶-蘆洲",9,3,6
"5730","1570力肯","110/08/18","國票-和平",0,6,-6
"5731","2929淘帝","110/08/18","摩根大通",42,2,40
"5732","2929淘帝","110/08/18","日盛-嘉義",0,30,-30
"5733","2929淘帝","110/08/18","元富-板橋",23,0,23
"5734","2929淘帝","110/08/18","兆豐-復興",0,16,-16
"5735","2929淘帝","110/08/18","元大-太平",19,0,19
"5736","2929淘帝","110/08/18","兆豐-桃鶯",0,13,-13
"5737","2929淘帝","110/08/18","永豐金-中盛",10,0,10
"5738","2929淘帝","110/08/18","中國信託",4,14,-10
"5739","2929淘帝","110/08/18","新光",18,9,9
"5740","2929淘帝","110/08/18","宏遠-高雄",0,6,-6
"5741","2929淘帝","110/08/18","永豐金證券",8,0,8
"5742","2929淘帝","110/08/18","元大-東泰",0,5,-5
"5743","2929淘帝","110/08/18","元富-新竹",5,0,5
"5744","2929淘帝","110/08/18","港商野村",5,9,-4
"5745","2929淘帝","110/08/18","富邦-新店",5,0,5
"5746","2929淘帝","110/08/18","(牛牛牛)亞-鑫豐",0,4,-4
"5747","2929淘帝","110/08/18","凱基-豐中",4,0,4
"5748","2929淘帝","110/08/18","群益金鼎-潭子",0,4,-4
"5749","2929淘帝","110/08/18","永豐金-竹北",4,0,4
"5750","2929淘帝","110/08/18","亞東",0,3,-3
"5751","2929淘帝","110/08/18","亞東-板橋",4,1,3
"5752","2929淘帝","110/08/18","台新-高雄",0,3,-3
"5753","2929淘帝","110/08/18","中國信託-中壢",3,0,3
"5754","2929淘帝","110/08/18","國泰-板橋",0,3,-3
"5755","2929淘帝","110/08/18","凱基-中山",7,4,3
"5756","2929淘帝","110/08/18","元大-土城學府",0,3,-3
"5757","2929淘帝","110/08/18","富邦-陽明",5,2,3
"5758","2929淘帝","110/08/18","元大-楊梅",0,3,-3
"5759","2929淘帝","110/08/18","臺銀-鳳山",2,0,2
"5760","2929淘帝","110/08/18","日盛-高雄",0,2,-2
"5761","5410國眾","110/08/18","元大-中壢",31,0,31
"5762","5410國眾","110/08/18","凱基-台北",3,57,-54
"5763","5410國眾","110/08/18","康和-台北",10,0,10
"5764","5410國眾","110/08/18","台灣企銀-北高雄",0,20,-20
"5765","5410國眾","110/08/18","土銀-嘉義",9,0,9
"5766","5410國眾","110/08/18","摩根大通",5,22,-17
"5767","5410國眾","110/08/18","凱基-中山",8,0,8
"5768","5410國眾","110/08/18","臺銀-臺南",1,16,-15
"5769","5410國眾","110/08/18","凱基-彰化",7,0,7
"5770","5410國眾","110/08/18","大昌-樹林",5,20,-15
"5771","5410國眾","110/08/18","永豐金-員林",8,1,7
"5772","5410國眾","110/08/18","宏遠-民生",0,10,-10
"5773","5410國眾","110/08/18","玉山-城中",6,0,6
"5774","5410國眾","110/08/18","兆豐-高雄",0,10,-10
"5775","5410國眾","110/08/18","富邦-員林",6,0,6
"5776","5410國眾","110/08/18","富邦-仁愛",1,10,-9
"5777","5410國眾","110/08/18","元大-崇德",6,0,6
"5778","5410國眾","110/08/18","元大-土城學府",2,11,-9
"5779","5410國眾","110/08/18","永豐金-敦南",6,0,6
"5780","5410國眾","110/08/18","元大-豐原",0,7,-7
"5781","5410國眾","110/08/18","國泰-敦南",5,0,5
"5782","5410國眾","110/08/18","台新-高雄",0,6,-6
"5783","5410國眾","110/08/18","凱基-科園",5,0,5
"5784","5410國眾","110/08/18","元大-大里",0,6,-6
"5785","5410國眾","110/08/18","元大-博愛",5,0,5
"5786","5410國眾","110/08/18","永豐金-復興",0,6,-6
"5787","5410國眾","110/08/18","元大-新盛",5,0,5
"5788","5410國眾","110/08/18","元大-大天母",0,5,-5
"5789","5410國眾","110/08/18","國泰-松江",4,0,4
"5790","5410國眾","110/08/18","永豐金-板新",0,5,-5
"5791","2841台開","110/08/18","宏遠-館前",479,0,479
"5792","2841台開","110/08/18","兆豐-鹿港",0,200,-200
"5793","2841台開","110/08/18","第一金",46,0,46
"5794","2841台開","110/08/18","兆豐-台南",0,120,-120
"5795","2841台開","110/08/18","凱基-竹科",25,0,25
"5796","2841台開","110/08/18","摩根大通",0,100,-100
"5797","2841台開","110/08/18","合庫證券",24,0,24
"5798","2841台開","110/08/18","日盛-信義",0,69,-69
"5799","2841台開","110/08/18","第一金-台中",20,0,20
"5800","2841台開","110/08/18","玉山-高雄",0,51,-51
"5801","2841台開","110/08/18","富邦-板橋",24,5,19
"5802","2841台開","110/08/18","台新證券",5,40,-35
"5803","2841台開","110/08/18","永豐金-中盛",16,0,16
"5804","2841台開","110/08/18","華南永昌-鳳山",0,30,-30
"5805","2841台開","110/08/18","統一-新台中",15,0,15
"5806","2841台開","110/08/18","中國信託-嘉義",0,24,-24
"5807","2841台開","110/08/18","統一-士林",20,5,15
"5808","2841台開","110/08/18","元大-竹山",0,21,-21
"5809","2841台開","110/08/18","華南永昌-台中",14,0,14
"5810","2841台開","110/08/18","凱基-高美館",0,20,-20
"5811","2841台開","110/08/18","元大-彰化",20,7,13
"5812","2841台開","110/08/18","華南永昌-高雄",5,25,-20
"5813","2841台開","110/08/18","元大-六合",13,0,13
"5814","2841台開","110/08/18","元大-嘉義",0,20,-20
"5815","2841台開","110/08/18","兆豐-台中",10,0,10
"5816","2841台開","110/08/18","兆豐-天母",0,10,-10
"5817","2841台開","110/08/18","玉山-桃園",10,0,10
"5818","2841台開","110/08/18","群益金鼎-敦南",0,10,-10
"5819","2841台開","110/08/18","元大-台南",10,0,10
"5820","2841台開","110/08/18","元大-北三重",0,10,-10
"5821","6207雷科","110/08/18","凱基-台北",77,2,75
"5822","6207雷科","110/08/18","元大-高雄",0,106,-106
"5823","6207雷科","110/08/18","摩根大通",94,60,34
"5824","6207雷科","110/08/18","凱基-高雄",4,34,-30
"5825","6207雷科","110/08/18","港商野村",48,17,31
"5826","6207雷科","110/08/18","凱基-復興",0,30,-30
"5827","6207雷科","110/08/18","兆豐-南京",30,0,30
"5828","6207雷科","110/08/18","日盛證券",0,29,-29
"5829","6207雷科","110/08/18","元大-六合",30,0,30
"5830","6207雷科","110/08/18","凱基-敦北",1,28,-27
"5831","6207雷科","110/08/18","新加坡商瑞銀",66,40,26
"5832","6207雷科","110/08/18","群益金鼎-東門",0,16,-16
"5833","6207雷科","110/08/18","台新-高雄",21,0,21
"5834","6207雷科","110/08/18","元大-天母",0,11,-11
"5835","6207雷科","110/08/18","光和-和美",17,0,17
"5836","6207雷科","110/08/18","美商高盛",4,13,-9
"5837","6207雷科","110/08/18","凱基-三重",13,0,13
"5838","6207雷科","110/08/18","新光",0,8,-8
"5839","6207雷科","110/08/18","元富-安南",10,0,10
"5840","6207雷科","110/08/18","永豐金-忠孝",0,8,-8
"5841","6207雷科","110/08/18","元大-東門",9,0,9
"5842","6207雷科","110/08/18","合庫證券",0,7,-7
"5843","6207雷科","110/08/18","第一金-華江",8,2,6
"5844","6207雷科","110/08/18","康和-台中",0,6,-6
"5845","6207雷科","110/08/18","永豐金-高雄",6,0,6
"5846","6207雷科","110/08/18","元大-大天母",0,6,-6
"5847","6207雷科","110/08/18","玉山-台大",5,0,5
"5848","6207雷科","110/08/18","統一-三多",0,5,-5
"5849","6207雷科","110/08/18","凱基-岡山",5,0,5
"5850","6207雷科","110/08/18","中國信託-忠孝",0,5,-5
"5851","3679新至陞","110/08/18","摩根大通",52,6,46
"5852","3679新至陞","110/08/18","統一-三重",0,21,-21
"5853","3679新至陞","110/08/18","凱基-台北",46,13,33
"5854","3679新至陞","110/08/18","元大-北成功",0,19,-19
"5855","3679新至陞","110/08/18","台灣摩根士丹利",31,0,31
"5856","3679新至陞","110/08/18","華南永昌-大安",0,18,-18
"5857","3679新至陞","110/08/18","瑞士信貸",26,1,25
"5858","3679新至陞","110/08/18","台新證券",0,14,-14
"5859","3679新至陞","110/08/18","美林",23,5,18
"5860","3679新至陞","110/08/18","萬泰",0,12,-12
"5861","3679新至陞","110/08/18","元大-文心興安",15,0,15
"5862","3679新至陞","110/08/18","大慶-苗栗",0,10,-10
"5863","3679新至陞","110/08/18","(牛牛牛)亞-網路",8,0,8
"5864","3679新至陞","110/08/18","元大-成功",0,10,-10
"5865","3679新至陞","110/08/18","永豐金-板橋",5,0,5
"5866","3679新至陞","110/08/18","富邦-嘉義",0,8,-8
"5867","3679新至陞","110/08/18","美商高盛",3,0,3
"5868","3679新至陞","110/08/18","凱基-長庚",0,7,-7
"5869","3679新至陞","110/08/18","兆豐-公益",3,0,3
"5870","3679新至陞","110/08/18","凱基-文心",0,6,-6
"5871","3679新至陞","110/08/18","聯邦-三重",3,0,3
"5872","3679新至陞","110/08/18","統一",0,5,-5
"5873","3679新至陞","110/08/18","土銀-台中",2,0,2
"5874","3679新至陞","110/08/18","元大-敦化",0,4,-4
"5875","3679新至陞","110/08/18","土銀-新竹",2,0,2
"5876","3679新至陞","110/08/18","日盛-文化",1,4,-3
"5877","3679新至陞","110/08/18","國泰-高雄",2,0,2
"5878","3679新至陞","110/08/18","彰銀",0,3,-3
"5879","3679新至陞","110/08/18","土銀-士林",1,0,1
"5880","3679新至陞","110/08/18","元富-大昌",0,3,-3
"5881","2727王品","110/08/18","凱基-台北",94,29,65
"5882","2727王品","110/08/18","港商麥格理",0,65,-65
"5883","2727王品","110/08/18","摩根大通",42,13,29
"5884","2727王品","110/08/18","華南永昌",1,39,-38
"5885","2727王品","110/08/18","彰銀-台中",27,0,27
"5886","2727王品","110/08/18","元富-板橋",1,16,-15
"5887","2727王品","110/08/18","瑞士信貸",18,3,15
"5888","2727王品","110/08/18","港商野村",66,79,-13
"5889","2727王品","110/08/18","凱基-埔墘",10,0,10
"5890","2727王品","110/08/18","第一金-桃園",0,11,-11
"5891","2727王品","110/08/18","富邦-建國",13,3,10
"5892","2727王品","110/08/18","元大-汐止",0,11,-11
"5893","2727王品","110/08/18","元大-學甲",10,0,10
"5894","2727王品","110/08/18","凱基-三峽",0,10,-10
"5895","2727王品","110/08/18","國泰-台中",28,19,9
"5896","2727王品","110/08/18","凱基-板橋",3,12,-9
"5897","2727王品","110/08/18","凱基-高美館",7,0,7
"5898","2727王品","110/08/18","凱基-林口",5,14,-9
"5899","2727王品","110/08/18","凱基-竹北",9,2,7
"5900","2727王品","110/08/18","富邦-中壢",2,11,-9
"5901","2727王品","110/08/18","元大-四維",7,0,7
"5902","2727王品","110/08/18","福勝",0,8,-8
"5903","2727王品","110/08/18","元大-敦南",8,1,7
"5904","2727王品","110/08/18","國泰-敦南",4,12,-8
"5905","2727王品","110/08/18","統一",19,13,6
"5906","2727王品","110/08/18","台新-三民",1,8,-7
"5907","2727王品","110/08/18","日盛-屏東",5,0,5
"5908","2727王品","110/08/18","華南永昌-林口",0,7,-7
"5909","2727王品","110/08/18","國泰-館前",6,1,5
"5910","2727王品","110/08/18","永豐金-內湖",0,7,-7
"5911","1570力肯","110/08/18","凱基-台北",129,5,124
"5912","1570力肯","110/08/18","華南永昌-桃園",0,102,-102
"5913","1570力肯","110/08/18","香港上海匯豐",36,0,36
"5914","1570力肯","110/08/18","中國信託-高雄",0,49,-49
"5915","1570力肯","110/08/18","統一",30,0,30
"5916","1570力肯","110/08/18","元富-世貿",0,20,-20
"5917","1570力肯","110/08/18","群益金鼎-北高雄",27,0,27
"5918","1570力肯","110/08/18","國泰證券",0,20,-20
"5919","1570力肯","110/08/18","國票-北高雄",21,3,18
"5920","1570力肯","110/08/18","元大-屏南",0,15,-15
"5921","1570力肯","110/08/18","元大-南投",20,4,16
"5922","1570力肯","110/08/18","元大-和平",5,20,-15
"5923","1570力肯","110/08/18","新光-台南",15,0,15
"5924","1570力肯","110/08/18","元大-基隆",0,12,-12
"5925","1570力肯","110/08/18","富邦-高雄",15,0,15
"5926","1570力肯","110/08/18","玉山-台中",0,10,-10
"5927","1570力肯","110/08/18","華南永昌-嘉義",12,0,12
"5928","1570力肯","110/08/18","元大-苗栗",0,10,-10
"5929","1570力肯","110/08/18","富邦-花蓮",10,0,10
"5930","1570力肯","110/08/18","元大-草屯",0,10,-10
"5931","1570力肯","110/08/18","元富-新店",10,2,8
"5932","1570力肯","110/08/18","富邦-彰化",0,8,-8
"5933","1570力肯","110/08/18","富邦-台東",12,4,8
"5934","1570力肯","110/08/18","日盛-嘉義",0,7,-7
"5935","1570力肯","110/08/18","日盛-高雄",7,0,7
"5936","1570力肯","110/08/18","永豐金-桃園",3,10,-7
"5937","1570力肯","110/08/18","元大-羅東",7,0,7
"5938","1570力肯","110/08/18","大昌-安康",0,6,-6
"5939","1570力肯","110/08/18","大慶-蘆洲",9,3,6
"5940","1570力肯","110/08/18","國票-和平",0,6,-6
"5941","6180橘子","110/08/18","美林",40,0,40
"5942","6180橘子","110/08/18","香港上海匯豐",0,102,-102
"5943","6180橘子","110/08/18","新加坡商瑞銀",23,1,22
"5944","6180橘子","110/08/18","台灣摩根士丹利",2,73,-71
"5945","6180橘子","110/08/18","凱基-基隆",18,2,16
"5946","6180橘子","110/08/18","美商高盛",1,31,-30
"5947","6180橘子","110/08/18","華南永昌-虎尾",15,0,15
"5948","6180橘子","110/08/18","凱基-市政",1,25,-24
"5949","6180橘子","110/08/18","元富-城東",14,1,13
"5950","6180橘子","110/08/18","日盛-板橋",1,20,-19
"5951","6180橘子","110/08/18","富邦-台北",16,3,13
"5952","6180橘子","110/08/18","新光-高雄",1,14,-13
"5953","6180橘子","110/08/18","富邦-中壢",11,2,9
"5954","6180橘子","110/08/18","凱基-東門",2,15,-13
"5955","6180橘子","110/08/18","富邦-宜蘭",9,0,9
"5956","6180橘子","110/08/18","元大-基隆孝二",0,12,-12
"5957","6180橘子","110/08/18","元大-前金",10,1,9
"5958","6180橘子","110/08/18","兆豐-三重",0,11,-11
"5959","6180橘子","110/08/18","中國信託",8,0,8
"5960","6180橘子","110/08/18","日盛證券",0,10,-10
"5961","6180橘子","110/08/18","元大-中壢",12,4,8
"5962","6180橘子","110/08/18","摩根大通",80,89,-9
"5963","6180橘子","110/08/18","凱基-大直",7,0,7
"5964","6180橘子","110/08/18","新光",9,18,-9
"5965","6180橘子","110/08/18","元大證券",9,2,7
"5966","6180橘子","110/08/18","富邦-南屯",0,9,-9
"5967","6180橘子","110/08/18","大慶-楊梅",6,0,6
"5968","6180橘子","110/08/18","元大-板橋三民",0,9,-9
"5969","6180橘子","110/08/18","華南永昌",7,1,6
"5970","6180橘子","110/08/18","元大-桃園",2,11,-9
"5971","2390云辰","110/08/18","兆豐-公益",192,31,161
"5972","2390云辰","110/08/18","摩根大通",1314,1582,-268
"5973","2390云辰","110/08/18","元大-土城學府",406,260,146
"5974","2390云辰","110/08/18","凱基-台北",727,962,-235
"5975","2390云辰","110/08/18","群益金鼎-敦南",106,4,102
"5976","2390云辰","110/08/18","國泰-桃園",53,264,-211
"5977","2390云辰","110/08/18","元大-竹科",136,36,100
"5978","2390云辰","110/08/18","富邦-內湖",0,201,-201
"5979","2390云辰","110/08/18","元大-館前",151,52,99
"5980","2390云辰","110/08/18","元大-復北",5,193,-188
"5981","2390云辰","110/08/18","日盛-園區",128,46,82
"5982","2390云辰","110/08/18","凱基-民權",2,160,-158
"5983","2390云辰","110/08/18","元大-東泰",84,9,75
"5984","2390云辰","110/08/18","國票-安和",98,231,-133
"5985","2390云辰","110/08/18","福勝",68,8,60
"5986","2390云辰","110/08/18","新加坡商瑞銀",102,225,-123
"5987","2390云辰","110/08/18","宏遠-光隆",73,14,59
"5988","2390云辰","110/08/18","港商野村",1128,1238,-110
"5989","2390云辰","110/08/18","元富",66,10,56
"5990","2390云辰","110/08/18","台灣摩根士丹利",3,100,-97
"5991","2390云辰","110/08/18","華南永昌-合泰",54,1,53
"5992","2390云辰","110/08/18","永豐金-嘉義",4,97,-93
"5993","2390云辰","110/08/18","凱基-中港",60,9,51
"5994","2390云辰","110/08/18","統一-城中",57,147,-90
"5995","2390云辰","110/08/18","第一金-忠孝",54,5,49
"5996","2390云辰","110/08/18","富邦-彰化",47,128,-81
"5997","2390云辰","110/08/18","統一-新台中",140,91,49
"5998","2390云辰","110/08/18","美林",341,412,-71
"5999","2390云辰","110/08/18","群益金鼎-台中",53,6,47
"6000","2390云辰","110/08/18","新光",312,382,-70
"6001","2609陽明","110/08/17","兆豐-中壢",5227,708,4519
"6002","2609陽明","110/08/17","康和",48,4865,-4817
"6003","2609陽明","110/08/17","凱基-台北",5969,1780,4189
"6004","2609陽明","110/08/17","永豐金-信義",84,2643,-2559
"6005","2609陽明","110/08/17","兆豐-三民",2114,136,1978
"6006","2609陽明","110/08/17","凱基-虎尾",487,2286,-1799
"6007","2609陽明","110/08/17","兆豐-復興",3638,1682,1956
"6008","2609陽明","110/08/17","港商野村",1127,2155,-1028
"6009","2609陽明","110/08/17","台灣摩根士丹利",2505,858,1647
"6010","2609陽明","110/08/17","兆豐-虎尾",1846,2756,-910
"6011","2609陽明","110/08/17","日盛-板橋",1734,262,1472
"6012","2609陽明","110/08/17","富邦-嘉義",7219,8100,-881
"6013","2609陽明","110/08/17","美林",3468,2882,586
"6014","2609陽明","110/08/17","元大-頭份",78,810,-732
"6015","2609陽明","110/08/17","香港上海匯豐",593,100,493
"6016","2609陽明","110/08/17","摩根大通",1422,2133,-711
"6017","2609陽明","110/08/17","統一-土城",366,14,352
"6018","2609陽明","110/08/17","元大-永春",281,971,-690
"6019","2609陽明","110/08/17","統一-敦南",899,577,322
"6020","2609陽明","110/08/17","宏遠證券",948,1614,-666
"6021","2609陽明","110/08/17","富邦-桃園",413,123,290
"6022","2609陽明","110/08/17","凱基-竹東",20,668,-648
"6023","2609陽明","110/08/17","日盛-中壢",537,256,281
"6024","2609陽明","110/08/17","元大證券",1377,2001,-624
"6025","2609陽明","110/08/17","兆豐-板橋",545,318,227
"6026","2609陽明","110/08/17","元富-新店",74,549,-475
"6027","2609陽明","110/08/17","凱基-桃園",367,142,225
"6028","2609陽明","110/08/17","華南永昌-楠梓",73,486,-413
"6029","2609陽明","110/08/17","統一-城中",390,169,221
"6030","2609陽明","110/08/17","臺銀",286,681,-395
"6031","2636台驊投控","110/08/17","元富-文心",272,9,263
"6032","2636台驊投控","110/08/17","凱基-彰化",0,689,-689
"6033","2636台驊投控","110/08/17","日盛-大墩",185,19,166
"6034","2636台驊投控","110/08/17","摩根大通",347,761,-414
"6035","2636台驊投控","110/08/17","第一金-桃園",147,26,121
"6036","2636台驊投控","110/08/17","富邦-花蓮",106,366,-260
"6037","2636台驊投控","110/08/17","元富-大昌",84,15,69
"6038","2636台驊投控","110/08/17","凱基-台北",395,566,-171
"6039","2636台驊投控","110/08/17","新光",258,192,66
"6040","2636台驊投控","110/08/17","大慶",15,175,-160
"6041","2636台驊投控","110/08/17","統一-新台中",64,4,60
"6042","2636台驊投控","110/08/17","統一",111,247,-136
"6043","2636台驊投控","110/08/17","華南永昌-竹北",308,252,56
"6044","2636台驊投控","110/08/17","富邦證券",0,134,-134
"6045","2636台驊投控","110/08/17","日盛-木柵",60,8,52
"6046","2636台驊投控","110/08/17","富邦-虎尾",294,414,-120
"6047","2636台驊投控","110/08/17","國泰-敦南",335,283,52
"6048","2636台驊投控","110/08/17","元大-士林",4,114,-110
"6049","2636台驊投控","110/08/17","美商高盛",96,54,42
"6050","2636台驊投控","110/08/17","美林",320,401,-81
"6051","2636台驊投控","110/08/17","凱基-市政",60,22,38
"6052","2636台驊投控","110/08/17","瑞士信貸",62,134,-72
"6053","2636台驊投控","110/08/17","元大-龍潭",50,13,37
"6054","2636台驊投控","110/08/17","兆豐-東門",70,140,-70
"6055","2636台驊投控","110/08/17","國票-九鼎",50,16,34
"6056","2636台驊投控","110/08/17","凱基-高美館",89,158,-69
"6057","2636台驊投控","110/08/17","元大-東門",37,3,34
"6058","2636台驊投控","110/08/17","日盛證券",103,170,-67
"6059","2636台驊投控","110/08/17","富邦-三重",33,1,32
"6060","2636台驊投控","110/08/17","宏遠-桃園",4,44,-40
"6061","2867三商壽","110/08/17","摩根大通",670,119,551
"6062","2867三商壽","110/08/17","玉山-左營",10,1173,-1163
"6063","2867三商壽","110/08/17","元富-世貿",288,0,288
"6064","2867三商壽","110/08/17","華南永昌",50,736,-686
"6065","2867三商壽","110/08/17","日盛-中和",276,10,266
"6066","2867三商壽","110/08/17","台灣摩根士丹利",37,195,-158
"6067","2867三商壽","110/08/17","新光-台中",243,7,236
"6068","2867三商壽","110/08/17","兆豐-北高雄",0,135,-135
"6069","2867三商壽","110/08/17","台新-台中",198,1,197
"6070","2867三商壽","110/08/17","宏遠證券",9,141,-132
"6071","2867三商壽","110/08/17","華南永昌-長虹",136,0,136
"6072","2867三商壽","110/08/17","永豐金-市政",0,115,-115
"6073","2867三商壽","110/08/17","美林",137,2,135
"6074","2867三商壽","110/08/17","兆豐-新竹",0,113,-113
"6075","2867三商壽","110/08/17","元大-土城永寧",100,1,99
"6076","2867三商壽","110/08/17","永豐金證券",0,82,-82
"6077","2867三商壽","110/08/17","國泰-台中",99,2,97
"6078","2867三商壽","110/08/17","元大-彰化民生",0,80,-80
"6079","2867三商壽","110/08/17","元富-古亭",100,4,96
"6080","2867三商壽","110/08/17","永豐金-中盛",4,77,-73
"6081","2867三商壽","110/08/17","合庫-西台中",80,0,80
"6082","2867三商壽","110/08/17","元富",0,70,-70
"6083","2867三商壽","110/08/17","新加坡商瑞銀",83,4,79
"6084","2867三商壽","110/08/17","宏遠-中和",10,57,-47
"6085","2867三商壽","110/08/17","永豐金-埔里",64,5,59
"6086","2867三商壽","110/08/17","富邦-嘉義",4,50,-46
"6087","2867三商壽","110/08/17","元富-緯城",50,0,50
"6088","2867三商壽","110/08/17","第一金-華江",0,30,-30
"6089","2867三商壽","110/08/17","台新-建北",49,0,49
"6090","2867三商壽","110/08/17","台新證券",2,32,-30
"6091","5521工信","110/08/17","元大-沙鹿",60,0,60
"6092","5521工信","110/08/17","摩根大通",75,227,-152
"6093","5521工信","110/08/17","群益金鼎-萬華",46,0,46
"6094","5521工信","110/08/17","凱基-台北",5,68,-63
"6095","5521工信","110/08/17","台新證券",37,1,36
"6096","5521工信","110/08/17","群益金鼎-敦南",0,60,-60
"6097","5521工信","110/08/17","華南永昌-竹北",31,0,31
"6098","5521工信","110/08/17","台灣摩根士丹利",5,64,-59
"6099","5521工信","110/08/17","元大-北投",30,0,30
"6100","5521工信","110/08/17","元富-古亭",0,40,-40
"6101","5521工信","110/08/17","元富-屏東",24,0,24
"6102","5521工信","110/08/17","台灣企銀-嘉義",0,35,-35
"6103","5521工信","110/08/17","富邦-台北",23,0,23
"6104","5521工信","110/08/17","美林",5,37,-32
"6105","5521工信","110/08/17","元大-屏南",23,0,23
"6106","5521工信","110/08/17","華南永昌",0,27,-27
"6107","5521工信","110/08/17","國泰-敦南",40,18,22
"6108","5521工信","110/08/17","華南永昌-潮州",0,25,-25
"6109","5521工信","110/08/17","兆豐-中壢",20,0,20
"6110","5521工信","110/08/17","台新-高雄",0,24,-24
"6111","5521工信","110/08/17","新光-台南",20,0,20
"6112","5521工信","110/08/17","大慶-楊梅",0,22,-22
"6113","5521工信","110/08/17","臺銀-鳳山",19,0,19
"6114","5521工信","110/08/17","凱基-桃園",0,20,-20
"6115","5521工信","110/08/17","日進",18,0,18
"6116","5521工信","110/08/17","元大-東蘆",0,20,-20
"6117","5521工信","110/08/17","永豐金-鳳山",17,0,17
"6118","5521工信","110/08/17","第一金-桃園",0,18,-18
"6119","5521工信","110/08/17","玉山證券",14,0,14
"6120","5521工信","110/08/17","新光-新竹",3,20,-17
"6121","1471首利","110/08/17","摩根大通",110,14,96
"6122","1471首利","110/08/17","元大-台南",0,54,-54
"6123","1471首利","110/08/17","臺銀-臺中",40,0,40
"6124","1471首利","110/08/17","高橋-龍潭",0,50,-50
"6125","1471首利","110/08/17","瑞士信貸",33,0,33
"6126","1471首利","110/08/17","元大-竹南",0,35,-35
"6127","1471首利","110/08/17","凱基-台北",30,6,24
"6128","1471首利","110/08/17","台新證券",1,31,-30
"6129","1471首利","110/08/17","元大-竹山",23,0,23
"6130","1471首利","110/08/17","國泰-敦南",7,33,-26
"6131","1471首利","110/08/17","大慶-蘆洲",14,0,14
"6132","1471首利","110/08/17","元大-西門",0,23,-23
"6133","1471首利","110/08/17","兆豐-員林",13,1,12
"6134","1471首利","110/08/17","元富-埔里",0,20,-20
"6135","1471首利","110/08/17","致和-府前",11,0,11
"6136","1471首利","110/08/17","富邦-台中",0,20,-20
"6137","1471首利","110/08/17","國票-彰化",11,0,11
"6138","1471首利","110/08/17","日茂",0,11,-11
"6139","1471首利","110/08/17","元富-新莊",10,0,10
"6140","1471首利","110/08/17","高橋",0,10,-10
"6141","1471首利","110/08/17","國票",10,0,10
"6142","1471首利","110/08/17","大昌-新店",0,10,-10
"6143","1471首利","110/08/17","富邦-永和",10,0,10
"6144","1471首利","110/08/17","元富-文心",1,10,-9
"6145","1471首利","110/08/17","元大-新莊",10,0,10
"6146","1471首利","110/08/17","凱基-雙和",0,8,-8
"6147","1471首利","110/08/17","元大-鹿港",10,0,10
"6148","1471首利","110/08/17","凱基-屏東",0,8,-8
"6149","1471首利","110/08/17","元大-清水",11,2,9
"6150","1471首利","110/08/17","日盛-永康",0,7,-7
"6151","2883開發金","110/08/17","中國信託-文心",3524,26,3498
"6152","2883開發金","110/08/17","新加坡商瑞銀",513,7792,-7279
"6153","2883開發金","110/08/17","元大證券",1912,297,1615
"6154","2883開發金","110/08/17","亞東-新竹",206,2692,-2486
"6155","2883開發金","110/08/17","摩根大通",4110,2504,1606
"6156","2883開發金","110/08/17","凱基-台北",2263,4277,-2014
"6157","2883開發金","110/08/17","美林",2099,733,1366
"6158","2883開發金","110/08/17","永豐金證券",103,1899,-1796
"6159","2883開發金","110/08/17","日盛證券",2406,1218,1188
"6160","2883開發金","110/08/17","華南永昌-苑裡",13,1229,-1216
"6161","2883開發金","110/08/17","國泰-館前",942,128,814
"6162","2883開發金","110/08/17","統一-新營",39,1202,-1163
"6163","2883開發金","110/08/17","元富-城中",808,6,802
"6164","2883開發金","110/08/17","兆豐-高雄",68,1153,-1085
"6165","2883開發金","110/08/17","港商法國興業",764,0,764
"6166","2883開發金","110/08/17","凱基-斗六",3,812,-809
"6167","2883開發金","110/08/17","元大-南屯",759,75,684
"6168","2883開發金","110/08/17","元大-四維",736,1467,-731
"6169","2883開發金","110/08/17","康和-仁愛",514,10,504
"6170","2883開發金","110/08/17","台新證券",682,1391,-709
"6171","2883開發金","110/08/17","新光",1403,910,493
"6172","2883開發金","110/08/17","凱基-豐中",7,617,-610
"6173","2883開發金","110/08/17","統一-汐止",489,5,484
"6174","2883開發金","110/08/17","土銀-嘉義",10,580,-570
"6175","2883開發金","110/08/17","永豐金-忠孝",650,206,444
"6176","2883開發金","110/08/17","港商麥格理",1131,1682,-551
"6177","2883開發金","110/08/17","港商野村",2803,2361,442
"6178","2883開發金","110/08/17","富邦-陽明",158,680,-522
"6179","2883開發金","110/08/17","元富-大裕",454,22,432
"6180","2883開發金","110/08/17","台灣摩根士丹利",2238,2750,-512
"6181","6205詮欣","110/08/17","日盛-三重",15,0,15
"6182","6205詮欣","110/08/17","元富-松德",0,10,-10
"6183","6205詮欣","110/08/17","臺銀-民權",5,0,5
"6184","6205詮欣","110/08/17","元富-安南",0,8,-8
"6185","6205詮欣","110/08/17","華南永昌-長虹",5,0,5
"6186","6205詮欣","110/08/17","元大-大雅",0,3,-3
"6187","6205詮欣","110/08/17","德信-新營",4,0,4
"6188","6205詮欣","110/08/17","兆豐-南門",0,3,-3
"6189","6205詮欣","110/08/17","凱基-汐止",4,0,4
"6190","6205詮欣","110/08/17","兆豐-南京",0,3,-3
"6191","6205詮欣","110/08/17","富邦-陽明",4,0,4
"6192","6205詮欣","110/08/17","元大-豐原",0,2,-2
"6193","6205詮欣","110/08/17","元大-汐止",4,0,4
"6194","6205詮欣","110/08/17","大昌",0,1,-1
"6195","6205詮欣","110/08/17","華南永昌-古亭",3,0,3
"6196","6205詮欣","110/08/17","永豐金-中正",0,1,-1
"6197","6205詮欣","110/08/17","凱基-台北",1,0,1
"6198","6205詮欣","110/08/17","大昌-安康",0,1,-1
"6199","6205詮欣","110/08/17","元大-鑫永和",1,0,1
"6200","6205詮欣","110/08/17","日盛-台中",0,1,-1
"6201","6205詮欣","110/08/17","統一-士林",0,0,0
"6202","6205詮欣","110/08/17","新百王",0,1,-1
"6203","6205詮欣","110/08/17","統一-南京",0,0,0
"6204","6205詮欣","110/08/17","元富-文心",0,1,-1
"6205","6205詮欣","110/08/17","國泰證券",0,0,0
"6206","6205詮欣","110/08/17","統一",0,1,-1
"6207","6205詮欣","110/08/17","華南永昌-高雄",0,0,0
"6208","6205詮欣","110/08/17","第一金-中壢",0,1,-1
"6209","6205詮欣","110/08/17","永豐金-中和",1,1,0
"6210","6205詮欣","110/08/17","大慶-基隆",0,1,-1
"6211","1540喬福","110/08/17","元大-松山",20,0,20
"6212","1540喬福","110/08/17","群益金鼎-館前",0,31,-31
"6213","1540喬福","110/08/17","凱基-中壢",17,0,17
"6214","1540喬福","110/08/17","日盛-文化",0,30,-30
"6215","1540喬福","110/08/17","元大-左營",11,0,11
"6216","1540喬福","110/08/17","兆豐-民生",0,17,-17
"6217","1540喬福","110/08/17","元富-文心",10,0,10
"6218","1540喬福","110/08/17","凱基-台北",0,5,-5
"6219","1540喬福","110/08/17","元大-土城永寧",10,0,10
"6220","1540喬福","110/08/17","國票-台中",0,3,-3
"6221","1540喬福","110/08/17","元大-成功",10,0,10
"6222","1540喬福","110/08/17","元大-大益",0,3,-3
"6223","1540喬福","110/08/17","富邦-板橋",6,0,6
"6224","1540喬福","110/08/17","致和-南京",0,2,-2
"6225","1540喬福","110/08/17","新光",4,0,4
"6226","1540喬福","110/08/17","國泰-館前",0,2,-2
"6227","1540喬福","110/08/17","亞東",2,0,2
"6228","1540喬福","110/08/17","富邦-陽明",0,2,-2
"6229","1540喬福","110/08/17","群益金鼎-新店",2,0,2
"6230","1540喬福","110/08/17","元大-龍潭",0,2,-2
"6231","1540喬福","110/08/17","日盛-員林",1,0,1
"6232","1540喬福","110/08/17","日盛-台中",0,1,-1
"6233","1540喬福","110/08/17","日盛-鳳山",1,0,1
"6234","1540喬福","110/08/17","美林",0,1,-1
"6235","1540喬福","110/08/17","統一-屏東",1,0,1
"6236","1540喬福","110/08/17","第一金-高雄",0,1,-1
"6237","1540喬福","110/08/17","元富-大昌",1,0,1
"6238","1540喬福","110/08/17","元富",1,2,-1
"6239","1540喬福","110/08/17","台新-高雄",1,0,1
"6240","1540喬福","110/08/17","新光-新竹",0,1,-1
"6241","2888新光金","110/08/17","華南永昌-岡山",6623,36,6587
"6242","2888新光金","110/08/17","元富-城東",11,13997,-13986
"6243","2888新光金","110/08/17","元大-忠孝鼎富",4976,0,4976
"6244","2888新光金","110/08/17","永豐金證券",19,2260,-2241
"6245","2888新光金","110/08/17","永豐金-萬盛",3955,15,3940
"6246","2888新光金","110/08/17","國票-博愛",0,2051,-2051
"6247","2888新光金","110/08/17","摩根大通",3699,247,3452
"6248","2888新光金","110/08/17","群益金鼎",0,1836,-1836
"6249","2888新光金","110/08/17","瑞士信貸",3064,605,2459
"6250","2888新光金","110/08/17","華南永昌",10,1624,-1614
"6251","2888新光金","110/08/17","凱基-大安",2179,2,2177
"6252","2888新光金","110/08/17","元大-大同",0,714,-714
"6253","2888新光金","110/08/17","國票-台東",1935,23,1912
"6254","2888新光金","110/08/17","安泰",0,598,-598
"6255","2888新光金","110/08/17","永豐金-信義",1497,5,1492
"6256","2888新光金","110/08/17","大昌",3,555,-552
"6257","2888新光金","110/08/17","國票-北投",1304,0,1304
"6258","2888新光金","110/08/17","福勝",3,510,-507
"6259","2888新光金","110/08/17","兆豐-松德",1251,0,1251
"6260","2888新光金","110/08/17","元大-太平",20,525,-505
"6261","2888新光金","110/08/17","花旗環球",1101,147,954
"6262","2888新光金","110/08/17","中國信託-三重",0,503,-503
"6263","2888新光金","110/08/17","港商法國興業",1031,180,851
"6264","2888新光金","110/08/17","台灣摩根士丹利",1136,1627,-491
"6265","2888新光金","110/08/17","凱基-站前",788,13,775
"6266","2888新光金","110/08/17","美林",141,604,-463
"6267","2888新光金","110/08/17","台灣匯立證券",763,0,763
"6268","2888新光金","110/08/17","群益金鼎-土城",0,415,-415
"6269","2888新光金","110/08/17","群益金鼎-崇德",735,3,732
"6270","2888新光金","110/08/17","凱基-台北",632,1033,-401
"6271","1340勝悅","110/08/17","國泰-台中",12,0,12
"6272","1340勝悅","110/08/17","永豐金-潮州",0,20,-20
"6273","1340勝悅","110/08/17","新光-新竹",10,0,10
"6274","1340勝悅","110/08/17","臺灣企銀-桃園",0,10,-10
"6275","1340勝悅","110/08/17","元富-成功",8,0,8
"6276","1340勝悅","110/08/17","瑞士信貸",0,6,-6
"6277","1340勝悅","110/08/17","臺灣企銀-埔墘",5,0,5
"6278","1340勝悅","110/08/17","玉山-桃園",0,5,-5
"6279","1340勝悅","110/08/17","華南永昌-敦南",5,0,5
"6280","1340勝悅","110/08/17","華南永昌-虎尾",0,5,-5
"6281","1340勝悅","110/08/17","富邦-新店",11,6,5
"6282","1340勝悅","110/08/17","永豐金-博愛",0,5,-5
"6283","1340勝悅","110/08/17","美商高盛",4,0,4
"6284","1340勝悅","110/08/17","日盛-永康",0,4,-4
"6285","1340勝悅","110/08/17","新光-桃園",3,0,3
"6286","1340勝悅","110/08/17","元富-世貿",0,4,-4
"6287","1340勝悅","110/08/17","日盛-八德",2,0,2
"6288","1340勝悅","110/08/17","摩根大通",2,6,-4
"6289","1340勝悅","110/08/17","凱基-基隆",2,0,2
"6290","1340勝悅","110/08/17","玉山-新莊",0,3,-3
"6291","1340勝悅","110/08/17","元大-松江",2,0,2
"6292","1340勝悅","110/08/17","國泰-敦南",5,8,-3
"6293","1340勝悅","110/08/17","元大-崇德",2,0,2
"6294","1340勝悅","110/08/17","富邦-桃園",0,3,-3
"6295","1340勝悅","110/08/17","國泰-館前",1,0,1
"6296","1340勝悅","110/08/17","元大-和平",0,3,-3
"6297","1340勝悅","110/08/17","群益金鼎-民權",1,0,1
"6298","1340勝悅","110/08/17","永豐金-南投",0,3,-3
"6299","1340勝悅","110/08/17","華南永昌-大安",1,0,1
"6300","1340勝悅","110/08/17","富邦-羅東",2,4,-2
"6301","6246臺龍","110/08/17","台新-三民",90,0,90
"6302","6246臺龍","110/08/17","日盛證券",0,52,-52
"6303","6246臺龍","110/08/17","港商野村",63,28,35
"6304","6246臺龍","110/08/17","凱基-幸福",0,10,-10
"6305","6246臺龍","110/08/17","台新證券",20,0,20
"6306","6246臺龍","110/08/17","元富-新店",0,9,-9
"6307","6246臺龍","110/08/17","凱基-信義",7,0,7
"6308","6246臺龍","110/08/17","凱基-科園",0,8,-8
"6309","6246臺龍","110/08/17","凱基-站前",5,0,5
"6310","6246臺龍","110/08/17","元富-世貿",0,7,-7
"6311","6246臺龍","110/08/17","合庫-嘉義",5,1,4
"6312","6246臺龍","110/08/17","兆豐-公益",0,7,-7
"6313","6246臺龍","110/08/17","元大-林園",10,6,4
"6314","6246臺龍","110/08/17","元大-東蘆",0,7,-7
"6315","6246臺龍","110/08/17","元大-永康",4,0,4
"6316","6246臺龍","110/08/17","群益金鼎-嘉義",0,6,-6
"6317","6246臺龍","110/08/17","元大-基隆孝二",4,0,4
"6318","6246臺龍","110/08/17","華南永昌-頭份",0,6,-6
"6319","6246臺龍","110/08/17","日盛-斗六",3,0,3
"6320","6246臺龍","110/08/17","元大-北港",0,5,-5
"6321","6246臺龍","110/08/17","永全",3,0,3
"6322","6246臺龍","110/08/17","日盛-和美",0,4,-4
"6323","6246臺龍","110/08/17","兆豐-景美",3,0,3
"6324","6246臺龍","110/08/17","國泰-敦南",1,5,-4
"6325","6246臺龍","110/08/17","台新-台中",3,0,3
"6326","6246臺龍","110/08/17","群益金鼎-新竹",0,4,-4
"6327","6246臺龍","110/08/17","元大-雙和",3,0,3
"6328","6246臺龍","110/08/17","凱基-台北",0,4,-4
"6329","6246臺龍","110/08/17","土銀",2,0,2
"6330","6246臺龍","110/08/17","元大-府城",0,4,-4
"6331","00715L期街口布蘭特正2","110/08/17","華南永昌-長虹",860,0,860
"6332","00715L期街口布蘭特正2","110/08/17","元大證券",78,4339,-4261
"6333","00715L期街口布蘭特正2","110/08/17","永豐金-台中",823,20,803
"6334","00715L期街口布蘭特正2","110/08/17","元富",2,3940,-3938
"6335","00715L期街口布蘭特正2","110/08/17","日盛-和美",595,0,595
"6336","00715L期街口布蘭特正2","110/08/17","永豐金證券",41,1048,-1007
"6337","00715L期街口布蘭特正2","110/08/17","第一金-豐原",420,0,420
"6338","00715L期街口布蘭特正2","110/08/17","統一-桃園",5,850,-845
"6339","00715L期街口布蘭特正2","110/08/17","元大-前金",419,0,419
"6340","00715L期街口布蘭特正2","110/08/17","富邦證券",258,1081,-823
"6341","00715L期街口布蘭特正2","110/08/17","華南永昌-台中",419,5,414
"6342","00715L期街口布蘭特正2","110/08/17","元大-台中",9,534,-525
"6343","00715L期街口布蘭特正2","110/08/17","元大-北三重",403,0,403
"6344","00715L期街口布蘭特正2","110/08/17","合庫-高雄",10,310,-300
"6345","00715L期街口布蘭特正2","110/08/17","日盛-新莊",375,0,375
"6346","00715L期街口布蘭特正2","110/08/17","港商野村",1,240,-239
"6347","00715L期街口布蘭特正2","110/08/17","富邦-基隆",310,0,310
"6348","00715L期街口布蘭特正2","110/08/17","群益金鼎-民權",2,208,-206
"6349","00715L期街口布蘭特正2","110/08/17","臺銀-新竹",311,10,301
"6350","00715L期街口布蘭特正2","110/08/17","元大-大里德芳",1,200,-199
"6351","00715L期街口布蘭特正2","110/08/17","元富-中港",300,0,300
"6352","00715L期街口布蘭特正2","110/08/17","元大-中和",1,187,-186
"6353","00715L期街口布蘭特正2","110/08/17","新光",368,82,286
"6354","00715L期街口布蘭特正2","110/08/17","康和",0,133,-133
"6355","00715L期街口布蘭特正2","110/08/17","中國信託-新竹",263,0,263
"6356","00715L期街口布蘭特正2","110/08/17","永豐金-板新",25,150,-125
"6357","00715L期街口布蘭特正2","110/08/17","台中銀",253,0,253
"6358","00715L期街口布蘭特正2","110/08/17","兆豐-桃鶯",6,110,-104
"6359","00715L期街口布蘭特正2","110/08/17","統一-台中",230,0,230
"6360","00715L期街口布蘭特正2","110/08/17","凱基-大直",2,100,-98
"6361","8941關中","110/08/17","宏遠-館前",4,0,4
"6362","8941關中","110/08/17","凱基-高美館",0,1,-1
"6363","8941關中","110/08/17","",NA,NA,NA
"6364","8941關中","110/08/17","凱基-台北",0,1,-1
"6365","8941關中","110/08/17","",NA,NA,NA
"6366","8941關中","110/08/17","元大-南投",0,1,-1
"6367","8941關中","110/08/17","",NA,NA,NA
"6368","8941關中","110/08/17","元大-華山",0,1,-1
"6369","8941關中","110/08/17","",NA,NA,NA
"6370","8941關中","110/08/17","",NA,NA,NA
"6371","8941關中","110/08/17","",NA,NA,NA
"6372","8941關中","110/08/17","",NA,NA,NA
"6373","8941關中","110/08/17","",NA,NA,NA
"6374","8941關中","110/08/17","",NA,NA,NA
"6375","8941關中","110/08/17","",NA,NA,NA
"6376","8941關中","110/08/17","",NA,NA,NA
"6377","8941關中","110/08/17","",NA,NA,NA
"6378","8941關中","110/08/17","",NA,NA,NA
"6379","8941關中","110/08/17","",NA,NA,NA
"6380","8941關中","110/08/17","",NA,NA,NA
"6381","8941關中","110/08/17","",NA,NA,NA
"6382","8941關中","110/08/17","",NA,NA,NA
"6383","8941關中","110/08/17","",NA,NA,NA
"6384","8941關中","110/08/17","",NA,NA,NA
"6385","8941關中","110/08/17","",NA,NA,NA
"6386","8941關中","110/08/17","",NA,NA,NA
"6387","8941關中","110/08/17","",NA,NA,NA
"6388","8941關中","110/08/17","",NA,NA,NA
"6389","8941關中","110/08/17","",NA,NA,NA
"6390","8941關中","110/08/17","",NA,NA,NA
"6391","8936國統","110/08/17","台新-高雄",511,7,504
"6392","8936國統","110/08/17","凱基-高美館",20,157,-137
"6393","8936國統","110/08/17","美林",60,0,60
"6394","8936國統","110/08/17","台灣摩根士丹利",7,56,-49
"6395","8936國統","110/08/17","台中銀-高雄",33,0,33
"6396","8936國統","110/08/17","永豐金-大園",5,52,-47
"6397","8936國統","110/08/17","摩根大通",71,39,32
"6398","8936國統","110/08/17","新光-台中",16,60,-44
"6399","8936國統","110/08/17","元大-豐原站前",30,0,30
"6400","8936國統","110/08/17","國泰-敦南",14,44,-30
"6401","8936國統","110/08/17","第一金-新興",25,0,25
"6402","8936國統","110/08/17","港商野村",41,64,-23
"6403","8936國統","110/08/17","凱基-台北",45,24,21
"6404","8936國統","110/08/17","凱基-站前",0,20,-20
"6405","8936國統","110/08/17","日盛-忠孝",20,0,20
"6406","8936國統","110/08/17","國泰-高雄",3,20,-17
"6407","8936國統","110/08/17","日盛-高雄",15,0,15
"6408","8936國統","110/08/17","富邦-嘉義",0,17,-17
"6409","8936國統","110/08/17","新加坡商瑞銀",66,53,13
"6410","8936國統","110/08/17","元大-敦化",0,17,-17
"6411","8936國統","110/08/17","玉山-台南",14,3,11
"6412","8936國統","110/08/17","統一-台中",0,15,-15
"6413","8936國統","110/08/17","日盛-斗六",10,0,10
"6414","8936國統","110/08/17","兆豐-高雄",0,15,-15
"6415","8936國統","110/08/17","統一-新營",10,0,10
"6416","8936國統","110/08/17","陽信-石牌",0,15,-15
"6417","8936國統","110/08/17","元富-三重",15,5,10
"6418","8936國統","110/08/17","元大-文心",0,15,-15
"6419","8936國統","110/08/17","群益金鼎-台中",10,0,10
"6420","8936國統","110/08/17","美商高盛",8,22,-14
"6421","6226光鼎","110/08/17","國泰-台中",693,66,627
"6422","6226光鼎","110/08/17","美商高盛",21,669,-648
"6423","6226光鼎","110/08/17","摩根大通",453,306,147
"6424","6226光鼎","110/08/17","凱基-台北",116,705,-589
"6425","6226光鼎","110/08/17","日盛-員林",105,1,104
"6426","6226光鼎","110/08/17","第一金-大稻埕",101,627,-526
"6427","6226光鼎","110/08/17","永豐金-南投",80,0,80
"6428","6226光鼎","110/08/17","瑞士信貸",0,356,-356
"6429","6226光鼎","110/08/17","宏遠-光隆",60,0,60
"6430","6226光鼎","110/08/17","美林",48,202,-154
"6431","6226光鼎","110/08/17","元大-員林中山",52,0,52
"6432","6226光鼎","110/08/17","新光",74,175,-101
"6433","6226光鼎","110/08/17","合庫-鳳山",54,4,50
"6434","6226光鼎","110/08/17","元大-北屯",1,101,-100
"6435","6226光鼎","110/08/17","元大-福營",51,5,46
"6436","6226光鼎","110/08/17","台新-屏東",0,70,-70
"6437","6226光鼎","110/08/17","凱基-市府",46,4,42
"6438","6226光鼎","110/08/17","永豐金-南京",6,74,-68
"6439","6226光鼎","110/08/17","兆豐-永和",41,1,40
"6440","6226光鼎","110/08/17","元大-西螺",2,55,-53
"6441","6226光鼎","110/08/17","凱基-永和",40,1,39
"6442","6226光鼎","110/08/17","統一-基隆",0,50,-50
"6443","6226光鼎","110/08/17","元大-敦化",38,0,38
"6444","6226光鼎","110/08/17","永豐金-板橋",2,46,-44
"6445","6226光鼎","110/08/17","凱基-中山",42,5,37
"6446","6226光鼎","110/08/17","元大-草屯",2,33,-31
"6447","6226光鼎","110/08/17","國泰-桃園",131,97,34
"6448","6226光鼎","110/08/17","元大-西門",0,28,-28
"6449","6226光鼎","110/08/17","富邦-台北",55,21,34
"6450","6226光鼎","110/08/17","凱基-屏東",1,27,-26
"6451","2363矽統","110/08/17","第一金-高雄",356,4,352
"6452","2363矽統","110/08/17","瑞士信貸",86,1495,-1409
"6453","2363矽統","110/08/17","元富-永和",241,5,236
"6454","2363矽統","110/08/17","凱基-台北",737,1867,-1130
"6455","2363矽統","110/08/17","凱基-高美館",254,23,231
"6456","2363矽統","110/08/17","台灣摩根士丹利",0,438,-438
"6457","2363矽統","110/08/17","台新證券",511,295,216
"6458","2363矽統","110/08/17","元富-城東",13,409,-396
"6459","2363矽統","110/08/17","土銀-士林",189,0,189
"6460","2363矽統","110/08/17","(牛牛牛)亞-鑫豐",24,247,-223
"6461","2363矽統","110/08/17","永豐金-天母",155,0,155
"6462","2363矽統","110/08/17","美林",97,274,-177
"6463","2363矽統","110/08/17","玉山-台中",301,164,137
"6464","2363矽統","110/08/17","凱基-長庚",11,134,-123
"6465","2363矽統","110/08/17","凱基-竹北",122,5,117
"6466","2363矽統","110/08/17","元富-新店",4,115,-111
"6467","2363矽統","110/08/17","群益金鼎-三民",115,8,107
"6468","2363矽統","110/08/17","元大-北成功",142,237,-95
"6469","2363矽統","110/08/17","港商野村",1447,1350,97
"6470","2363矽統","110/08/17","日盛-木柵",70,160,-90
"6471","2363矽統","110/08/17","永豐金-新竹",105,20,85
"6472","2363矽統","110/08/17","摩根大通",240,322,-82
"6473","2363矽統","110/08/17","永豐金-松山",77,0,77
"6474","2363矽統","110/08/17","第一金-新竹",266,342,-76
"6475","2363矽統","110/08/17","富邦-宜蘭",84,11,73
"6476","2363矽統","110/08/17","華南永昌-岡山",42,110,-68
"6477","2363矽統","110/08/17","永豐金-南投",72,1,71
"6478","2363矽統","110/08/17","康和",48,112,-64
"6479","2363矽統","110/08/17","富邦-仁愛",90,22,68
"6480","2363矽統","110/08/17","華南永昌-楠梓",30,90,-60
"6481","8112至上","110/08/17","港商麥格理",158,0,158
"6482","8112至上","110/08/17","瑞士信貸",0,249,-249
"6483","8112至上","110/08/17","凱基-台北",177,49,128
"6484","8112至上","110/08/17","摩根大通",56,233,-177
"6485","8112至上","110/08/17","德信",120,0,120
"6486","8112至上","110/08/17","新加坡商瑞銀",19,179,-160
"6487","8112至上","110/08/17","台新證券",116,19,97
"6488","8112至上","110/08/17","富邦-仁愛",13,141,-128
"6489","8112至上","110/08/17","合庫-台中",75,2,73
"6490","8112至上","110/08/17","凱基-復興",1,108,-107
"6491","8112至上","110/08/17","美林",79,10,69
"6492","8112至上","110/08/17","台灣摩根士丹利",0,101,-101
"6493","8112至上","110/08/17","統一",46,0,46
"6494","8112至上","110/08/17","香港上海匯豐",0,96,-96
"6495","8112至上","110/08/17","群益金鼎-瑞豐",40,0,40
"6496","8112至上","110/08/17","群益金鼎-基隆",1,70,-69
"6497","8112至上","110/08/17","臺銀-金山",37,0,37
"6498","8112至上","110/08/17","日盛-花蓮",0,52,-52
"6499","8112至上","110/08/17","新光-高雄",37,4,33
"6500","8112至上","110/08/17","國票-北高雄",0,50,-50
"6501","8112至上","110/08/17","臺銀",41,15,26
"6502","8112至上","110/08/17","永豐金-新竹",0,48,-48
"6503","8112至上","110/08/17","元大證券",27,2,25
"6504","8112至上","110/08/17","日進",0,45,-45
"6505","8112至上","110/08/17","元大-內湖",24,0,24
"6506","8112至上","110/08/17","大展",0,30,-30
"6507","8112至上","110/08/17","國票-天祥",23,0,23
"6508","8112至上","110/08/17","港商野村",30,52,-22
"6509","8112至上","110/08/17","元大-土城永寧",23,0,23
"6510","8112至上","110/08/17","凱基-市府",1,21,-20
"6511","1570力肯","110/08/17","元大-南投",88,1,87
"6512","1570力肯","110/08/17","富邦-仁愛",0,42,-42
"6513","1570力肯","110/08/17","群益金鼎-高雄",51,10,41
"6514","1570力肯","110/08/17","元富-新竹",0,30,-30
"6515","1570力肯","110/08/17","凱基-台北",47,7,40
"6516","1570力肯","110/08/17","元大-新盛",2,28,-26
"6517","1570力肯","110/08/17","統一",29,4,25
"6518","1570力肯","110/08/17","凱基-台南",0,20,-20
"6519","1570力肯","110/08/17","元大-大雅",25,0,25
"6520","1570力肯","110/08/17","日盛-復興",0,15,-15
"6521","1570力肯","110/08/17","台新證券",24,10,14
"6522","1570力肯","110/08/17","元大-前金",1,15,-14
"6523","1570力肯","110/08/17","元大證券",14,0,14
"6524","1570力肯","110/08/17","元大-北成功",0,14,-14
"6525","1570力肯","110/08/17","日盛-板橋",12,0,12
"6526","1570力肯","110/08/17","臺銀-臺南",0,11,-11
"6527","1570力肯","110/08/17","元大-鑫永和",11,0,11
"6528","1570力肯","110/08/17","凱基-彰化",0,11,-11
"6529","1570力肯","110/08/17","富邦-內湖",10,0,10
"6530","1570力肯","110/08/17","合庫-桃園",0,10,-10
"6531","1570力肯","110/08/17","元富-緯城",10,1,9
"6532","1570力肯","110/08/17","凱基-南崁",0,10,-10
"6533","1570力肯","110/08/17","元大-開元",10,2,8
"6534","1570力肯","110/08/17","凱基-台中",0,9,-9
"6535","1570力肯","110/08/17","元大-桃興",8,1,7
"6536","1570力肯","110/08/17","華南永昌-嘉義",0,8,-8
"6537","1570力肯","110/08/17","日盛-員林",6,0,6
"6538","1570力肯","110/08/17","元大-鹿港",1,9,-8
"6539","1570力肯","110/08/17","陽信",5,0,5
"6540","1570力肯","110/08/17","國票-中正",0,7,-7
"6541","2929淘帝","110/08/17","元大-太平",48,0,48
"6542","2929淘帝","110/08/17","華南永昌-苗栗",0,30,-30
"6543","2929淘帝","110/08/17","永豐金-敦南",22,0,22
"6544","2929淘帝","110/08/17","兆豐-復興",0,15,-15
"6545","2929淘帝","110/08/17","永興",12,0,12
"6546","2929淘帝","110/08/17","凱基-長庚",0,13,-13
"6547","2929淘帝","110/08/17","日盛-復興",10,0,10
"6548","2929淘帝","110/08/17","美林",1,13,-12
"6549","2929淘帝","110/08/17","第一金-大稻埕",10,0,10
"6550","2929淘帝","110/08/17","永豐金-豐原",0,10,-10
"6551","2929淘帝","110/08/17","華南永昌-長虹",10,0,10
"6552","2929淘帝","110/08/17","華南永昌-高雄",1,10,-9
"6553","2929淘帝","110/08/17","元大-高雄",8,0,8
"6554","2929淘帝","110/08/17","日盛-南京",0,8,-8
"6555","2929淘帝","110/08/17","港商野村",12,5,7
"6556","2929淘帝","110/08/17","兆豐-大同",0,7,-7
"6557","2929淘帝","110/08/17","亞東-板橋",7,0,7
"6558","2929淘帝","110/08/17","摩根大通",0,6,-6
"6559","2929淘帝","110/08/17","國票-北高雄",6,0,6
"6560","2929淘帝","110/08/17","凱基-台中",0,5,-5
"6561","2929淘帝","110/08/17","國票-九鼎",6,0,6
"6562","2929淘帝","110/08/17","元大-鶯歌",0,5,-5
"6563","2929淘帝","110/08/17","亞東-新竹",5,0,5
"6564","2929淘帝","110/08/17","元大-上新莊",0,5,-5
"6565","2929淘帝","110/08/17","新加坡商瑞銀",4,0,4
"6566","2929淘帝","110/08/17","元大-北三重",0,5,-5
"6567","2929淘帝","110/08/17","凱基-中山",6,2,4
"6568","2929淘帝","110/08/17","第一金-澎湖",4,8,-4
"6569","2929淘帝","110/08/17","富邦-南屯",4,0,4
"6570","2929淘帝","110/08/17","日進",1,5,-4
"6571","5410國眾","110/08/17","元大-博愛",50,3,47
"6572","5410國眾","110/08/17","瑞士信貸",0,61,-61
"6573","5410國眾","110/08/17","土銀-嘉義",38,0,38
"6574","5410國眾","110/08/17","新光",3,41,-38
"6575","5410國眾","110/08/17","國票-北高雄",20,0,20
"6576","5410國眾","110/08/17","凱基-台南",2,30,-28
"6577","5410國眾","110/08/17","凱基-台北",37,22,15
"6578","5410國眾","110/08/17","元富-基隆",0,21,-21
"6579","5410國眾","110/08/17","兆豐-永和",14,0,14
"6580","5410國眾","110/08/17","富邦-新竹",1,16,-15
"6581","5410國眾","110/08/17","富邦-台北",22,10,12
"6582","5410國眾","110/08/17","亞東-新竹",0,14,-14
"6583","5410國眾","110/08/17","元大-中壢",12,0,12
"6584","5410國眾","110/08/17","群益金鼎-新竹",1,15,-14
"6585","5410國眾","110/08/17","摩根大通",25,14,11
"6586","5410國眾","110/08/17","富邦-永和",1,14,-13
"6587","5410國眾","110/08/17","日盛-花蓮",10,0,10
"6588","5410國眾","110/08/17","元大-新竹經國",0,12,-12
"6589","5410國眾","110/08/17","元富-同大",11,1,10
"6590","5410國眾","110/08/17","群益金鼎-三民",0,11,-11
"6591","5410國眾","110/08/17","凱基-科園",10,0,10
"6592","5410國眾","110/08/17","寶盛",0,10,-10
"6593","5410國眾","110/08/17","元大-潮州",10,0,10
"6594","5410國眾","110/08/17","永豐金-板橋",0,10,-10
"6595","5410國眾","110/08/17","台新-左楠",10,1,9
"6596","5410國眾","110/08/17","永豐金-竹科",1,11,-10
"6597","5410國眾","110/08/17","群益金鼎-古亭",14,5,9
"6598","5410國眾","110/08/17","臺銀",1,9,-8
"6599","5410國眾","110/08/17","永豐金-萬盛",9,0,9
"6600","5410國眾","110/08/17","群益金鼎-南京",0,8,-8
"6601","2841台開","110/08/17","宏遠-館前",169,2,167
"6602","2841台開","110/08/17","光和-溪湖",0,120,-120
"6603","2841台開","110/08/17","第一金",54,0,54
"6604","2841台開","110/08/17","兆豐-台南",0,109,-109
"6605","2841台開","110/08/17","台新-三民",50,0,50
"6606","2841台開","110/08/17","永豐金-台南",0,50,-50
"6607","2841台開","110/08/17","日盛證券",52,24,28
"6608","2841台開","110/08/17","兆豐-高雄",0,38,-38
"6609","2841台開","110/08/17","華南永昌-台中",20,0,20
"6610","2841台開","110/08/17","元大-林園",0,30,-30
"6611","2841台開","110/08/17","永豐金-中盛",17,0,17
"6612","2841台開","110/08/17","兆豐-台中",0,20,-20
"6613","2841台開","110/08/17","日盛-台中",15,0,15
"6614","2841台開","110/08/17","元大-敦化",0,20,-20
"6615","2841台開","110/08/17","日盛-園區",15,0,15
"6616","2841台開","110/08/17","元大-彰化民生",2,21,-19
"6617","2841台開","110/08/17","國泰-館前",15,0,15
"6618","2841台開","110/08/17","凱基-彰化",1,14,-13
"6619","2841台開","110/08/17","日盛-大墩",10,0,10
"6620","2841台開","110/08/17","元大-大灣",0,13,-13
"6621","2841台開","110/08/17","大慶-蘆洲",10,0,10
"6622","2841台開","110/08/17","元大-鹿港",0,11,-11
"6623","2841台開","110/08/17","凱基-員林",10,0,10
"6624","2841台開","110/08/17","兆豐-公益",0,10,-10
"6625","2841台開","110/08/17","富邦-基隆",10,0,10
"6626","2841台開","110/08/17","元大-北三重",0,10,-10
"6627","2841台開","110/08/17","元大-新竹經國",10,0,10
"6628","2841台開","110/08/17","華南永昌-鳳山",0,7,-7
"6629","2841台開","110/08/17","元富-成功",8,0,8
"6630","2841台開","110/08/17","元大-南海",0,7,-7
"6631","6207雷科","110/08/17","台新-高雄",82,2,80
"6632","6207雷科","110/08/17","第一金-員林",0,60,-60
"6633","6207雷科","110/08/17","凱基-台北",42,16,26
"6634","6207雷科","110/08/17","元大-高雄",0,47,-47
"6635","6207雷科","110/08/17","摩根大通",26,5,21
"6636","6207雷科","110/08/17","凱基-復興",0,20,-20
"6637","6207雷科","110/08/17","安泰",20,0,20
"6638","6207雷科","110/08/17","元大-新盛",1,20,-19
"6639","6207雷科","110/08/17","富邦-中壢",20,0,20
"6640","6207雷科","110/08/17","元富-大昌",0,12,-12
"6641","6207雷科","110/08/17","新加坡商瑞銀",23,6,17
"6642","6207雷科","110/08/17","華南永昌-岡山",1,12,-11
"6643","6207雷科","110/08/17","日盛-桃園",10,0,10
"6644","6207雷科","110/08/17","日盛-板橋",0,10,-10
"6645","6207雷科","110/08/17","兆豐-西螺",10,0,10
"6646","6207雷科","110/08/17","凱基-中壢",0,10,-10
"6647","6207雷科","110/08/17","中國信託-高雄",8,0,8
"6648","6207雷科","110/08/17","港商野村",7,16,-9
"6649","6207雷科","110/08/17","大昌-桃園",8,0,8
"6650","6207雷科","110/08/17","凱基-三重",1,10,-9
"6651","6207雷科","110/08/17","群益金鼎-士林",6,0,6
"6652","6207雷科","110/08/17","台新-台中",0,8,-8
"6653","6207雷科","110/08/17","美林",5,0,5
"6654","6207雷科","110/08/17","富邦-板橋",0,8,-8
"6655","6207雷科","110/08/17","中國信託-三重",5,0,5
"6656","6207雷科","110/08/17","兆豐-公益",0,6,-6
"6657","6207雷科","110/08/17","康和-內湖",5,0,5
"6658","6207雷科","110/08/17","新光-桃園",0,6,-6
"6659","6207雷科","110/08/17","新光",9,4,5
"6660","6207雷科","110/08/17","凱基-大里",0,6,-6
"6661","3679新至陞","110/08/17","台灣摩根士丹利",20,0,20
"6662","3679新至陞","110/08/17","台新證券",1,31,-30
"6663","3679新至陞","110/08/17","凱基-長庚",12,0,12
"6664","3679新至陞","110/08/17","統一",0,27,-27
"6665","3679新至陞","110/08/17","元大-大天母",12,0,12
"6666","3679新至陞","110/08/17","國票-南科",0,20,-20
"6667","3679新至陞","110/08/17","瑞士信貸",24,15,9
"6668","3679新至陞","110/08/17","國泰-忠孝",0,7,-7
"6669","3679新至陞","110/08/17","康和-板橋",6,0,6
"6670","3679新至陞","110/08/17","美林",10,15,-5
"6671","3679新至陞","110/08/17","元大-四維",6,0,6
"6672","3679新至陞","110/08/17","國泰-桃園",0,5,-5
"6673","3679新至陞","110/08/17","日盛-台中",5,0,5
"6674","3679新至陞","110/08/17","凱基-頭份",0,4,-4
"6675","3679新至陞","110/08/17","第一金-彰化",5,0,5
"6676","3679新至陞","110/08/17","港商野村",1,4,-3
"6677","3679新至陞","110/08/17","凱基-文心",5,1,4
"6678","3679新至陞","110/08/17","凱基-台北",8,11,-3
"6679","3679新至陞","110/08/17","元大-雙和",4,0,4
"6680","3679新至陞","110/08/17","元大證券",1,4,-3
"6681","3679新至陞","110/08/17","元大-草屯",4,0,4
"6682","3679新至陞","110/08/17","元大-新莊",0,3,-3
"6683","3679新至陞","110/08/17","合庫-彰化",2,0,2
"6684","3679新至陞","110/08/17","港商法國興業",0,2,-2
"6685","3679新至陞","110/08/17","臺銀-臺中",2,0,2
"6686","3679新至陞","110/08/17","元富-板橋",0,2,-2
"6687","3679新至陞","110/08/17","日盛-文化",3,1,2
"6688","3679新至陞","110/08/17","康和-高雄",0,2,-2
"6689","3679新至陞","110/08/17","永豐金-敦南",2,0,2
"6690","3679新至陞","110/08/17","群益金鼎-三重",0,2,-2
"6691","2727王品","110/08/17","凱基-台北",63,1,62
"6692","2727王品","110/08/17","第一金-高雄",1,111,-110
"6693","2727王品","110/08/17","台灣摩根士丹利",86,37,49
"6694","2727王品","110/08/17","摩根大通",29,118,-89
"6695","2727王品","110/08/17","瑞士信貸",32,0,32
"6696","2727王品","110/08/17","永豐金證券",0,83,-83
"6697","2727王品","110/08/17","元大-北屯",32,1,31
"6698","2727王品","110/08/17","華南永昌",1,38,-37
"6699","2727王品","110/08/17","美林",37,8,29
"6700","2727王品","110/08/17","合庫-新竹",1,31,-30
"6701","2727王品","110/08/17","凱基-市政",23,0,23
"6702","2727王品","110/08/17","中國信託-新竹",1,23,-22
"6703","2727王品","110/08/17","港商野村",74,54,20
"6704","2727王品","110/08/17","玉山證券",16,33,-17
"6705","2727王品","110/08/17","元大-板橋",20,0,20
"6706","2727王品","110/08/17","富邦-台北",5,19,-14
"6707","2727王品","110/08/17","元大-汐止",12,0,12
"6708","2727王品","110/08/17","群益金鼎-中壢",1,14,-13
"6709","2727王品","110/08/17","元大-龍潭",19,8,11
"6710","2727王品","110/08/17","富邦證券",0,13,-13
"6711","2727王品","110/08/17","元富",10,0,10
"6712","2727王品","110/08/17","元大證券",9,22,-13
"6713","2727王品","110/08/17","彰銀-台中",9,0,9
"6714","2727王品","110/08/17","聯邦商銀",0,12,-12
"6715","2727王品","110/08/17","中國信託",11,2,9
"6716","2727王品","110/08/17","日盛-屏東",7,17,-10
"6717","2727王品","110/08/17","群益金鼎-西松",10,1,9
"6718","2727王品","110/08/17","康和-高雄",0,10,-10
"6719","2727王品","110/08/17","第一金-自由",8,0,8
"6720","2727王品","110/08/17","新光-高雄",1,11,-10
"6721","1570力肯","110/08/17","元大-南投",88,1,87
"6722","1570力肯","110/08/17","富邦-仁愛",0,42,-42
"6723","1570力肯","110/08/17","群益金鼎-高雄",51,10,41
"6724","1570力肯","110/08/17","元富-新竹",0,30,-30
"6725","1570力肯","110/08/17","凱基-台北",47,7,40
"6726","1570力肯","110/08/17","元大-新盛",2,28,-26
"6727","1570力肯","110/08/17","統一",29,4,25
"6728","1570力肯","110/08/17","凱基-台南",0,20,-20
"6729","1570力肯","110/08/17","元大-大雅",25,0,25
"6730","1570力肯","110/08/17","日盛-復興",0,15,-15
"6731","1570力肯","110/08/17","台新證券",24,10,14
"6732","1570力肯","110/08/17","元大-前金",1,15,-14
"6733","1570力肯","110/08/17","元大證券",14,0,14
"6734","1570力肯","110/08/17","元大-北成功",0,14,-14
"6735","1570力肯","110/08/17","日盛-板橋",12,0,12
"6736","1570力肯","110/08/17","臺銀-臺南",0,11,-11
"6737","1570力肯","110/08/17","元大-鑫永和",11,0,11
"6738","1570力肯","110/08/17","凱基-彰化",0,11,-11
"6739","1570力肯","110/08/17","富邦-內湖",10,0,10
"6740","1570力肯","110/08/17","合庫-桃園",0,10,-10
"6741","1570力肯","110/08/17","元富-緯城",10,1,9
"6742","1570力肯","110/08/17","凱基-南崁",0,10,-10
"6743","1570力肯","110/08/17","元大-開元",10,2,8
"6744","1570力肯","110/08/17","凱基-台中",0,9,-9
"6745","1570力肯","110/08/17","元大-桃興",8,1,7
"6746","1570力肯","110/08/17","華南永昌-嘉義",0,8,-8
"6747","1570力肯","110/08/17","日盛-員林",6,0,6
"6748","1570力肯","110/08/17","元大-鹿港",1,9,-8
"6749","1570力肯","110/08/17","陽信",5,0,5
"6750","1570力肯","110/08/17","國票-中正",0,7,-7
"6751","6180橘子","110/08/17","摩根大通",107,25,82
"6752","6180橘子","110/08/17","元大-高雄",0,50,-50
"6753","6180橘子","110/08/17","美林",59,0,59
"6754","6180橘子","110/08/17","第一金-新竹",1,30,-29
"6755","6180橘子","110/08/17","美商高盛",31,0,31
"6756","6180橘子","110/08/17","台新-建北",1,25,-24
"6757","6180橘子","110/08/17","凱基-台北",32,6,26
"6758","6180橘子","110/08/17","群益金鼎-大安",0,20,-20
"6759","6180橘子","110/08/17","合庫-自強",10,0,10
"6760","6180橘子","110/08/17","台灣摩根士丹利",37,54,-17
"6761","6180橘子","110/08/17","元富-世貿",10,0,10
"6762","6180橘子","110/08/17","玉山-台南",1,13,-12
"6763","6180橘子","110/08/17","元大-台中中港",10,0,10
"6764","6180橘子","110/08/17","富邦-基隆",0,11,-11
"6765","6180橘子","110/08/17","臺銀-金山",11,2,9
"6766","6180橘子","110/08/17","日盛-雙和",0,10,-10
"6767","6180橘子","110/08/17","華南永昌-虎尾",8,0,8
"6768","6180橘子","110/08/17","統一-台南",0,10,-10
"6769","6180橘子","110/08/17","元大-彰化民生",7,0,7
"6770","6180橘子","110/08/17","新光-桃園",0,10,-10
"6771","6180橘子","110/08/17","群益金鼎-嘉義",6,0,6
"6772","6180橘子","110/08/17","凱基-竹北",0,10,-10
"6773","6180橘子","110/08/17","元大-太平",6,0,6
"6774","6180橘子","110/08/17","元大-基隆孝二",0,10,-10
"6775","6180橘子","110/08/17","永豐金-敦北",6,0,6
"6776","6180橘子","110/08/17","永豐金-大園",0,10,-10
"6777","6180橘子","110/08/17","華南永昌-台中",5,0,5
"6778","6180橘子","110/08/17","第一金-中山",0,8,-8
"6779","6180橘子","110/08/17","元大-永春",5,0,5
"6780","6180橘子","110/08/17","台新證券",4,12,-8
"6781","2390云辰","110/08/17","美林",601,355,246
"6782","2390云辰","110/08/17","富邦-虎尾",786,1240,-454
"6783","2390云辰","110/08/17","凱基-台北",999,859,140
"6784","2390云辰","110/08/17","富隆-長安",2,262,-260
"6785","2390云辰","110/08/17","新光",1508,1370,138
"6786","2390云辰","110/08/17","摩根大通",2924,3174,-250
"6787","2390云辰","110/08/17","國泰-敦南",1264,1133,131
"6788","2390云辰","110/08/17","元大-木柵",204,419,-215
"6789","2390云辰","110/08/17","富邦-內湖",143,18,125
"6790","2390云辰","110/08/17","兆豐-埔墘",10,165,-155
"6791","2390云辰","110/08/17","統一-新營",142,28,114
"6792","2390云辰","110/08/17","美商高盛",332,483,-151
"6793","2390云辰","110/08/17","兆豐-虎尾",107,5,102
"6794","2390云辰","110/08/17","元大-大同",829,966,-137
"6795","2390云辰","110/08/17","新加坡商瑞銀",274,177,97
"6796","2390云辰","110/08/17","元大-土城學府",236,367,-131
"6797","2390云辰","110/08/17","元大-上新莊",82,9,73
"6798","2390云辰","110/08/17","富邦-花蓮",5,107,-102
"6799","2390云辰","110/08/17","凱基-民權",145,78,67
"6800","2390云辰","110/08/17","元大-台中",20,118,-98
"6801","2390云辰","110/08/17","富邦-彰化",200,133,67
"6802","2390云辰","110/08/17","群益金鼎-開元",70,150,-80
"6803","2390云辰","110/08/17","宏遠-桃園",67,5,62
"6804","2390云辰","110/08/17","永豐金-古亭",27,106,-79
"6805","2390云辰","110/08/17","港商野村",2090,2030,60
"6806","2390云辰","110/08/17","土銀-士林",0,78,-78
"6807","2390云辰","110/08/17","永豐金-萬盛",76,17,59
"6808","2390云辰","110/08/17","元富-高雄",94,166,-72
"6809","2390云辰","110/08/17","元大-歸仁",85,34,51
"6810","2390云辰","110/08/17","富邦-敦南",40,108,-68
"6811","2609陽明","110/08/16","康和",4181,128,4053
"6812","2609陽明","110/08/16","凱基-台北",1053,19933,-18880
"6813","2609陽明","110/08/16","宏遠證券",2579,659,1920
"6814","2609陽明","110/08/16","群益金鼎-三重",162,5149,-4987
"6815","2609陽明","110/08/16","華南永昌-竹北",2072,225,1847
"6816","2609陽明","110/08/16","兆豐-南京",3041,5871,-2830
"6817","2609陽明","110/08/16","凱基-虎尾",4140,2400,1740
"6818","2609陽明","110/08/16","中國信託-松江",116,2823,-2707
"6819","2609陽明","110/08/16","元大證券",8157,7010,1147
"6820","2609陽明","110/08/16","兆豐-復興",107,2607,-2500
"6821","2609陽明","110/08/16","摩根大通",5939,5074,865
"6822","2609陽明","110/08/16","美林",2802,5073,-2271
"6823","2609陽明","110/08/16","永豐金-信義",865,85,780
"6824","2609陽明","110/08/16","兆豐-三民",182,2181,-1999
"6825","2609陽明","110/08/16","元大-頭份",1005,248,757
"6826","2609陽明","110/08/16","新加坡商瑞銀",561,2511,-1950
"6827","2609陽明","110/08/16","港商野村",2920,2184,736
"6828","2609陽明","110/08/16","凱基-城中",585,1560,-975
"6829","2609陽明","110/08/16","元大-信義",944,209,735
"6830","2609陽明","110/08/16","元大-竹科",394,1326,-932
"6831","2609陽明","110/08/16","凱基-市政",14533,13859,674
"6832","2609陽明","110/08/16","群益金鼎-大安",89,951,-862
"6833","2609陽明","110/08/16","富邦-嘉義",7027,6481,546
"6834","2609陽明","110/08/16","瑞士信貸",910,1607,-697
"6835","2609陽明","110/08/16","新光-新竹",1792,1331,461
"6836","2609陽明","110/08/16","兆豐-新竹",305,932,-627
"6837","2609陽明","110/08/16","凱基-台南",808,378,430
"6838","2609陽明","110/08/16","元大-永春",376,856,-480
"6839","2609陽明","110/08/16","凱基-信義",434,31,403
"6840","2609陽明","110/08/16","元富",483,956,-473
"6841","2636台驊投控","110/08/16","凱基",893,138,755
"6842","2636台驊投控","110/08/16","日盛-台中",36,221,-185
"6843","2636台驊投控","110/08/16","瑞士信貸",524,17,507
"6844","2636台驊投控","110/08/16","統一-新竹",4,188,-184
"6845","2636台驊投控","110/08/16","台灣摩根士丹利",534,35,499
"6846","2636台驊投控","110/08/16","國泰-敦南",291,403,-112
"6847","2636台驊投控","110/08/16","富邦-花蓮",283,25,258
"6848","2636台驊投控","110/08/16","新光",259,366,-107
"6849","2636台驊投控","110/08/16","新光-新竹",349,144,205
"6850","2636台驊投控","110/08/16","群益金鼎",89,185,-96
"6851","2636台驊投控","110/08/16","國票-彰化",442,282,160
"6852","2636台驊投控","110/08/16","新光-桃園",22,98,-76
"6853","2636台驊投控","110/08/16","大慶",160,1,159
"6854","2636台驊投控","110/08/16","群益金鼎-南京",57,126,-69
"6855","2636台驊投控","110/08/16","富邦-虎尾",144,13,131
"6856","2636台驊投控","110/08/16","玉山-台南",61,127,-66
"6857","2636台驊投控","110/08/16","元大-士林",118,2,116
"6858","2636台驊投控","110/08/16","元富-大昌",5,66,-61
"6859","2636台驊投控","110/08/16","摩根大通",799,698,101
"6860","2636台驊投控","110/08/16","日盛證券",78,137,-59
"6861","2636台驊投控","110/08/16","日盛-宜蘭",100,3,97
"6862","2636台驊投控","110/08/16","凱基-市政",13,68,-55
"6863","2636台驊投控","110/08/16","凱基-台北",786,690,96
"6864","2636台驊投控","110/08/16","兆豐-城中",7,58,-51
"6865","2636台驊投控","110/08/16","兆豐-東門",101,31,70
"6866","2636台驊投控","110/08/16","永豐金-新竹",33,83,-50
"6867","2636台驊投控","110/08/16","凱基-長庚",66,6,60
"6868","2636台驊投控","110/08/16","國泰-台中",69,115,-46
"6869","2636台驊投控","110/08/16","元富-中壢",76,18,58
"6870","2636台驊投控","110/08/16","國票-九鼎",18,61,-43
"6871","2867三商壽","110/08/16","兆豐-大同",800,0,800
"6872","2867三商壽","110/08/16","台新證券",7,983,-976
"6873","2867三商壽","110/08/16","元富-世貿",646,5,641
"6874","2867三商壽","110/08/16","美林",0,406,-406
"6875","2867三商壽","110/08/16","元大-土城永寧",320,0,320
"6876","2867三商壽","110/08/16","(牛牛牛)亞-鑫豐",15,120,-105
"6877","2867三商壽","110/08/16","新加坡商瑞銀",241,18,223
"6878","2867三商壽","110/08/16","土銀",0,100,-100
"6879","2867三商壽","110/08/16","玉山-城中",156,0,156
"6880","2867三商壽","110/08/16","兆豐-來福",0,100,-100
"6881","2867三商壽","110/08/16","元大-桃園",100,0,100
"6882","2867三商壽","110/08/16","凱基-虎尾",0,90,-90
"6883","2867三商壽","110/08/16","高橋-龍潭",87,1,86
"6884","2867三商壽","110/08/16","瑞士信貸",53,140,-87
"6885","2867三商壽","110/08/16","富邦-員林",79,0,79
"6886","2867三商壽","110/08/16","花旗環球",7,83,-76
"6887","2867三商壽","110/08/16","華南永昌-高雄",50,0,50
"6888","2867三商壽","110/08/16","元大-大同",0,67,-67
"6889","2867三商壽","110/08/16","元大-崇德",50,0,50
"6890","2867三商壽","110/08/16","日盛-板橋",0,60,-60
"6891","2867三商壽","110/08/16","華南永昌-虎尾",40,0,40
"6892","2867三商壽","110/08/16","元大-博愛",2,62,-60
"6893","2867三商壽","110/08/16","元大-大統",40,0,40
"6894","2867三商壽","110/08/16","(牛牛牛)亞-網路",0,55,-55
"6895","2867三商壽","110/08/16","新光",87,48,39
"6896","2867三商壽","110/08/16","美商高盛",105,158,-53
"6897","2867三商壽","110/08/16","元大-大安",36,0,36
"6898","2867三商壽","110/08/16","永豐金-屏東",1,52,-51
"6899","2867三商壽","110/08/16","群益金鼎-西松",35,0,35
"6900","2867三商壽","110/08/16","兆豐-台中港",0,50,-50
"6901","5521工信","110/08/16","第一金-新竹",84,0,84
"6902","5521工信","110/08/16","摩根大通",83,306,-223
"6903","5521工信","110/08/16","日進",60,0,60
"6904","5521工信","110/08/16","日盛證券",0,70,-70
"6905","5521工信","110/08/16","凱基-中壢",40,0,40
"6906","5521工信","110/08/16","群益金鼎-海山",0,40,-40
"6907","5521工信","110/08/16","台新證券",37,0,37
"6908","5521工信","110/08/16","華南永昌",0,39,-39
"6909","5521工信","110/08/16","群益金鼎-台中",35,0,35
"6910","5521工信","110/08/16","美林",5,43,-38
"6911","5521工信","110/08/16","富邦-台北",30,0,30
"6912","5521工信","110/08/16","康和-澎湖",0,30,-30
"6913","5521工信","110/08/16","元大-永和",30,0,30
"6914","5521工信","110/08/16","華南永昌-彰化",5,34,-29
"6915","5521工信","110/08/16","華南永昌-潮州",28,0,28
"6916","5521工信","110/08/16","元大-龍潭",0,25,-25
"6917","5521工信","110/08/16","玉山-嘉義",23,0,23
"6918","5521工信","110/08/16","兆豐-桃園",0,24,-24
"6919","5521工信","110/08/16","元大-新莊",40,17,23
"6920","5521工信","110/08/16","華南永昌-林口",1,25,-24
"6921","5521工信","110/08/16","第一金-桃園",22,0,22
"6922","5521工信","110/08/16","台灣企銀-台中",0,20,-20
"6923","5521工信","110/08/16","凱基-鳳山",20,0,20
"6924","5521工信","110/08/16","第一金-台南",0,20,-20
"6925","5521工信","110/08/16","元大-路竹",20,0,20
"6926","5521工信","110/08/16","元富-古亭",0,20,-20
"6927","5521工信","110/08/16","合庫-桃園",20,1,19
"6928","5521工信","110/08/16","兆豐-中壢",0,20,-20
"6929","5521工信","110/08/16","臺銀-鳳山",21,2,19
"6930","5521工信","110/08/16","元大-仁愛",0,20,-20
"6931","1471首利","110/08/16","摩根大通",196,88,108
"6932","1471首利","110/08/16","元大-草屯",1,200,-199
"6933","1471首利","110/08/16","瑞士信貸",95,17,78
"6934","1471首利","110/08/16","元富-埔里",0,51,-51
"6935","1471首利","110/08/16","新加坡商瑞銀",38,0,38
"6936","1471首利","110/08/16","凱基-雙和",0,40,-40
"6937","1471首利","110/08/16","國泰-敦南",37,2,35
"6938","1471首利","110/08/16","華南永昌-公誠",0,40,-40
"6939","1471首利","110/08/16","凱基-彰化",31,0,31
"6940","1471首利","110/08/16","元大-大灣",0,36,-36
"6941","1471首利","110/08/16","光和-溪湖",20,0,20
"6942","1471首利","110/08/16","新光-台中",17,42,-25
"6943","1471首利","110/08/16","國票-中港",20,0,20
"6944","1471首利","110/08/16","富邦-仁愛",0,25,-25
"6945","1471首利","110/08/16","美林",15,0,15
"6946","1471首利","110/08/16","群益金鼎-台北",0,24,-24
"6947","1471首利","110/08/16","元大-板橋",15,0,15
"6948","1471首利","110/08/16","永豐金-竹北",0,22,-22
"6949","1471首利","110/08/16","凱基-長庚",16,2,14
"6950","1471首利","110/08/16","合庫-台中",0,20,-20
"6951","1471首利","110/08/16","元大-斗信",14,0,14
"6952","1471首利","110/08/16","高橋-龍潭",2,22,-20
"6953","1471首利","110/08/16","第一金-高雄",12,0,12
"6954","1471首利","110/08/16","國票-台中",0,20,-20
"6955","1471首利","110/08/16","玉山-大里",12,0,12
"6956","1471首利","110/08/16","群益金鼎-潭子",0,20,-20
"6957","1471首利","110/08/16","永豐金-大園",12,0,12
"6958","1471首利","110/08/16","台新證券",2,19,-17
"6959","1471首利","110/08/16","永豐金-中正",12,0,12
"6960","1471首利","110/08/16","聯邦-高雄",0,15,-15
"6961","2883開發金","110/08/16","中國信託-文心",4881,27,4854
"6962","2883開發金","110/08/16","摩根大通",1712,30864,-29152
"6963","2883開發金","110/08/16","國泰-敦南",3101,627,2474
"6964","2883開發金","110/08/16","台灣摩根士丹利",453,18916,-18463
"6965","2883開發金","110/08/16","亞東-新竹",3614,1222,2392
"6966","2883開發金","110/08/16","凱基-台北",8208,20874,-12666
"6967","2883開發金","110/08/16","花旗環球",3115,841,2274
"6968","2883開發金","110/08/16","新加坡商瑞銀",363,11873,-11510
"6969","2883開發金","110/08/16","元大證券",3308,1099,2209
"6970","2883開發金","110/08/16","美林",130,9722,-9592
"6971","2883開發金","110/08/16","康和-仁愛",2103,0,2103
"6972","2883開發金","110/08/16","統一",766,7210,-6444
"6973","2883開發金","110/08/16","玉山-大里",1874,31,1843
"6974","2883開發金","110/08/16","元富",48,5683,-5635
"6975","2883開發金","110/08/16","第一金-忠孝",1836,3,1833
"6976","2883開發金","110/08/16","富邦證券",147,4117,-3970
"6977","2883開發金","110/08/16","宏遠證券",1825,5,1820
"6978","2883開發金","110/08/16","國票-長城",22,2713,-2691
"6979","2883開發金","110/08/16","統一-新竹",1630,2,1628
"6980","2883開發金","110/08/16","台新證券",1753,4439,-2686
"6981","2883開發金","110/08/16","國泰-板橋",1493,346,1147
"6982","2883開發金","110/08/16","元大-士林",417,2698,-2281
"6983","2883開發金","110/08/16","國泰-館前",1856,775,1081
"6984","2883開發金","110/08/16","港商野村",3026,5159,-2133
"6985","2883開發金","110/08/16","群益金鼎-高盛",1005,12,993
"6986","2883開發金","110/08/16","瑞士信貸",1295,3237,-1942
"6987","2883開發金","110/08/16","元大-新莊",860,16,844
"6988","2883開發金","110/08/16","美商高盛",162,1917,-1755
"6989","2883開發金","110/08/16","臺銀",807,32,775
"6990","2883開發金","110/08/16","國泰證券",290,1593,-1303
"6991","6205詮欣","110/08/16","凱基-汐止",22,0,22
"6992","6205詮欣","110/08/16","凱基-台北",0,10,-10
"6993","6205詮欣","110/08/16","臺銀-民權",10,0,10
"6994","6205詮欣","110/08/16","永興-水湳",0,6,-6
"6995","6205詮欣","110/08/16","德信-新營",6,0,6
"6996","6205詮欣","110/08/16","國票-博愛",0,6,-6
"6997","6205詮欣","110/08/16","玉山證券",5,0,5
"6998","6205詮欣","110/08/16","日盛-三重",5,10,-5
"6999","6205詮欣","110/08/16","亞東-板橋",4,0,4
"7000","6205詮欣","110/08/16","日盛-永康",0,5,-5
"7001","6205詮欣","110/08/16","元大-羅東",4,0,4
"7002","6205詮欣","110/08/16","摩根大通",0,5,-5
"7003","6205詮欣","110/08/16","元大-汐止",4,0,4
"7004","6205詮欣","110/08/16","玉山-台南",0,5,-5
"7005","6205詮欣","110/08/16","臺銀-高雄",3,0,3
"7006","6205詮欣","110/08/16","元大-大天母",0,4,-4
"7007","6205詮欣","110/08/16","美林",2,0,2
"7008","6205詮欣","110/08/16","永豐金-中盛",0,3,-3
"7009","6205詮欣","110/08/16","群益金鼎-基隆",2,0,2
"7010","6205詮欣","110/08/16","華南永昌-彰化",0,2,-2
"7011","6205詮欣","110/08/16","合庫-三重",1,0,1
"7012","6205詮欣","110/08/16","富邦-中壢",0,2,-2
"7013","6205詮欣","110/08/16","(牛牛牛)亞-網路",1,0,1
"7014","6205詮欣","110/08/16","元大-成功",0,2,-2
"7015","6205詮欣","110/08/16","豐農",1,0,1
"7016","6205詮欣","110/08/16","統一-士林",0,1,-1
"7017","6205詮欣","110/08/16","凱基-站前",1,0,1
"7018","6205詮欣","110/08/16","統一-金門",0,1,-1
"7019","6205詮欣","110/08/16","富邦-建國",1,0,1
"7020","6205詮欣","110/08/16","元富-文心",0,1,-1
"7021","1540喬福","110/08/16","元大-成功",25,0,25
"7022","1540喬福","110/08/16","凱基-台北",0,51,-51
"7023","1540喬福","110/08/16","新光",16,0,16
"7024","1540喬福","110/08/16","新光-新竹",10,29,-19
"7025","1540喬福","110/08/16","日盛-鳳山",10,0,10
"7026","1540喬福","110/08/16","元大-北屯",0,18,-18
"7027","1540喬福","110/08/16","台新-左楠",10,0,10
"7028","1540喬福","110/08/16","北城證券",0,16,-16
"7029","1540喬福","110/08/16","玉山-左營",10,0,10
"7030","1540喬福","110/08/16","國泰-敦南",2,18,-16
"7031","1540喬福","110/08/16","富邦-南屯",10,0,10
"7032","1540喬福","110/08/16","新光-桃園",0,15,-15
"7033","1540喬福","110/08/16","富邦-板橋",8,0,8
"7034","1540喬福","110/08/16","新光-台南",0,12,-12
"7035","1540喬福","110/08/16","凱基-中壢",7,0,7
"7036","1540喬福","110/08/16","凱基-台中",0,12,-12
"7037","1540喬福","110/08/16","元富-新竹",5,0,5
"7038","1540喬福","110/08/16","元大-汐止",0,10,-10
"7039","1540喬福","110/08/16","兆豐-北高雄",5,0,5
"7040","1540喬福","110/08/16","凱基-竹北",0,7,-7
"7041","1540喬福","110/08/16","台新-台中",5,0,5
"7042","1540喬福","110/08/16","日盛-文化",0,4,-4
"7043","1540喬福","110/08/16","凱基-台南",5,0,5
"7044","1540喬福","110/08/16","富邦-桃園",0,3,-3
"7045","1540喬福","110/08/16","元大-龍潭",5,0,5
"7046","1540喬福","110/08/16","摩根大通",1,3,-2
"7047","1540喬福","110/08/16","元富-緯城",4,0,4
"7048","1540喬福","110/08/16","玉山-城中",0,2,-2
"7049","1540喬福","110/08/16","元大-大安",4,0,4
"7050","1540喬福","110/08/16","永豐金-桃園",0,2,-2
"7051","2888新光金","110/08/16","兆豐-公益",12939,12,12927
"7052","2888新光金","110/08/16","摩根大通",2056,10998,-8942
"7053","2888新光金","110/08/16","元大-忠孝鼎富",11100,189,10911
"7054","2888新光金","110/08/16","元富-城東",25,8381,-8356
"7055","2888新光金","110/08/16","港商麥格理",9753,0,9753
"7056","2888新光金","110/08/16","元富",6,7491,-7485
"7057","2888新光金","110/08/16","群益金鼎-大安",3294,0,3294
"7058","2888新光金","110/08/16","美林",136,3975,-3839
"7059","2888新光金","110/08/16","凱基-復興",3020,0,3020
"7060","2888新光金","110/08/16","臺銀-高雄",19,3007,-2988
"7061","2888新光金","110/08/16","美商高盛",5603,3216,2387
"7062","2888新光金","110/08/16","台灣摩根士丹利",419,2562,-2143
"7063","2888新光金","110/08/16","國票-台東",2067,0,2067
"7064","2888新光金","110/08/16","瑞士信貸",58,1618,-1560
"7065","2888新光金","110/08/16","群益金鼎-台北",1872,0,1872
"7066","2888新光金","110/08/16","玉山-新竹",0,1497,-1497
"7067","2888新光金","110/08/16","新加坡商瑞銀",2005,179,1826
"7068","2888新光金","110/08/16","國票-博愛",3,1208,-1205
"7069","2888新光金","110/08/16","華南永昌-忠孝",1827,90,1737
"7070","2888新光金","110/08/16","元大-士林",85,1185,-1100
"7071","2888新光金","110/08/16","富邦-新營",1400,0,1400
"7072","2888新光金","110/08/16","臺銀-民權",19,1095,-1076
"7073","2888新光金","110/08/16","華南永昌-鳳山",1174,11,1163
"7074","2888新光金","110/08/16","法銀巴黎",0,868,-868
"7075","2888新光金","110/08/16","元大-員林",1051,12,1039
"7076","2888新光金","110/08/16","群益金鼎",10,847,-837
"7077","2888新光金","110/08/16","富邦-高雄",1015,11,1004
"7078","2888新光金","110/08/16","元富-世貿",7,794,-787
"7079","2888新光金","110/08/16","日盛-南京",1000,5,995
"7080","2888新光金","110/08/16","國票-安和",0,724,-724
"7081","1340勝悅","110/08/16","元富-成功",30,0,30
"7082","1340勝悅","110/08/16","元富-城東",0,107,-107
"7083","1340勝悅","110/08/16","華南永昌-公誠",30,0,30
"7084","1340勝悅","110/08/16","永豐金-竹科",0,38,-38
"7085","1340勝悅","110/08/16","華南永昌-敦南",25,0,25
"7086","1340勝悅","110/08/16","德信-新營",0,30,-30
"7087","1340勝悅","110/08/16","合庫-自強",15,0,15
"7088","1340勝悅","110/08/16","國泰-松江",0,15,-15
"7089","1340勝悅","110/08/16","臺銀-鳳山",15,0,15
"7090","1340勝悅","110/08/16","摩根大通",5,17,-12
"7091","1340勝悅","110/08/16","元富-中港",10,0,10
"7092","1340勝悅","110/08/16","港商法國興業",0,11,-11
"7093","1340勝悅","110/08/16","永豐金-南京",10,0,10
"7094","1340勝悅","110/08/16","玉山-高雄",0,10,-10
"7095","1340勝悅","110/08/16","新光",9,0,9
"7096","1340勝悅","110/08/16","凱基-台北",0,10,-10
"7097","1340勝悅","110/08/16","國泰-台中",14,7,7
"7098","1340勝悅","110/08/16","華南永昌-嘉義",0,10,-10
"7099","1340勝悅","110/08/16","元大-苗栗",6,0,6
"7100","1340勝悅","110/08/16","合庫-台南",0,6,-6
"7101","1340勝悅","110/08/16","元大-屏南",6,0,6
"7102","1340勝悅","110/08/16","玉山-桃園",0,5,-5
"7103","1340勝悅","110/08/16","臺灣企銀-埔墘",5,0,5
"7104","1340勝悅","110/08/16","永豐金-博愛",0,5,-5
"7105","1340勝悅","110/08/16","日盛-板橋",5,0,5
"7106","1340勝悅","110/08/16","美林",0,2,-2
"7107","1340勝悅","110/08/16","致和-東門",5,0,5
"7108","1340勝悅","110/08/16","兆豐-城中",0,2,-2
"7109","1340勝悅","110/08/16","群益金鼎-館前",7,2,5
"7110","1340勝悅","110/08/16","元大-大雅",0,2,-2
"7111","6246臺龍","110/08/16","元大-南投",25,5,20
"7112","6246臺龍","110/08/16","元大-中壢",9,26,-17
"7113","6246臺龍","110/08/16","港商野村",65,46,19
"7114","6246臺龍","110/08/16","台新-台中",1,15,-14
"7115","6246臺龍","110/08/16","華南永昌",23,5,18
"7116","6246臺龍","110/08/16","群益金鼎-開元",0,12,-12
"7117","6246臺龍","110/08/16","華南永昌-彰化",15,4,11
"7118","6246臺龍","110/08/16","凱基-苗栗",0,7,-7
"7119","6246臺龍","110/08/16","統一-台中",10,0,10
"7120","6246臺龍","110/08/16","日盛-鳳山",0,6,-6
"7121","6246臺龍","110/08/16","兆豐-新營",11,1,10
"7122","6246臺龍","110/08/16","台新證券",4,10,-6
"7123","6246臺龍","110/08/16","玉山-桃園",10,0,10
"7124","6246臺龍","110/08/16","新光",4,10,-6
"7125","6246臺龍","110/08/16","凱基-台北",12,2,10
"7126","6246臺龍","110/08/16","華南永昌-嘉義",0,6,-6
"7127","6246臺龍","110/08/16","群益金鼎-東大",9,0,9
"7128","6246臺龍","110/08/16","元大-竹北",0,6,-6
"7129","6246臺龍","110/08/16","元富-中港",6,0,6
"7130","6246臺龍","110/08/16","元大-永康",0,6,-6
"7131","6246臺龍","110/08/16","德信-新營",6,0,6
"7132","6246臺龍","110/08/16","元富-新店",0,5,-5
"7133","6246臺龍","110/08/16","兆豐-西螺",5,0,5
"7134","6246臺龍","110/08/16","台中銀",0,5,-5
"7135","6246臺龍","110/08/16","群益金鼎-土城",5,0,5
"7136","6246臺龍","110/08/16","群益金鼎-永和",0,5,-5
"7137","6246臺龍","110/08/16","富邦-仁愛",5,0,5
"7138","6246臺龍","110/08/16","元大-台南",0,5,-5
"7139","6246臺龍","110/08/16","元大-基隆孝二",7,2,5
"7140","6246臺龍","110/08/16","元大-土城",0,5,-5
"7141","00715L期街口布蘭特正2","110/08/16","元富",1720,5,1715
"7142","00715L期街口布蘭特正2","110/08/16","元大證券",365,4674,-4309
"7143","00715L期街口布蘭特正2","110/08/16","港商野村",1350,660,690
"7144","00715L期街口布蘭特正2","110/08/16","華南永昌-長虹",50,820,-770
"7145","00715L期街口布蘭特正2","110/08/16","(牛牛牛)亞-鑫豐",587,51,536
"7146","00715L期街口布蘭特正2","110/08/16","凱基-台北",42,470,-428
"7147","00715L期街口布蘭特正2","110/08/16","富邦-嘉義",405,0,405
"7148","00715L期街口布蘭特正2","110/08/16","永豐金證券",5,360,-355
"7149","00715L期街口布蘭特正2","110/08/16","兆豐-嘉義",303,0,303
"7150","00715L期街口布蘭特正2","110/08/16","元大-復北",1,333,-332
"7151","00715L期街口布蘭特正2","110/08/16","元大-學甲",272,0,272
"7152","00715L期街口布蘭特正2","110/08/16","兆豐-新莊",0,306,-306
"7153","00715L期街口布蘭特正2","110/08/16","元大-中和",308,52,256
"7154","00715L期街口布蘭特正2","110/08/16","凱基-松山",0,302,-302
"7155","00715L期街口布蘭特正2","110/08/16","新光",318,84,234
"7156","00715L期街口布蘭特正2","110/08/16","統一-桃園",7,280,-273
"7157","00715L期街口布蘭特正2","110/08/16","元大-北港",165,0,165
"7158","00715L期街口布蘭特正2","110/08/16","日盛-板橋",31,300,-269
"7159","00715L期街口布蘭特正2","110/08/16","台中銀",202,45,157
"7160","00715L期街口布蘭特正2","110/08/16","凱基",0,250,-250
"7161","00715L期街口布蘭特正2","110/08/16","元大-台中中港",157,0,157
"7162","00715L期街口布蘭特正2","110/08/16","富邦-仁愛",11,250,-239
"7163","00715L期街口布蘭特正2","110/08/16","元大-花蓮",150,4,146
"7164","00715L期街口布蘭特正2","110/08/16","台新-台中",34,262,-228
"7165","00715L期街口布蘭特正2","110/08/16","統一-台中",165,32,133
"7166","00715L期街口布蘭特正2","110/08/16","元富-吉利",5,210,-205
"7167","00715L期街口布蘭特正2","110/08/16","永全-南崁",130,0,130
"7168","00715L期街口布蘭特正2","110/08/16","康和",0,150,-150
"7169","00715L期街口布蘭特正2","110/08/16","元富-中壢",223,100,123
"7170","00715L期街口布蘭特正2","110/08/16","兆豐-台中港",53,190,-137
"7171","8941關中","110/08/16","凱基-市府",4,0,4
"7172","8941關中","110/08/16","統一-台中",0,3,-3
"7173","8941關中","110/08/16","(牛牛牛)亞-鑫豐",2,1,1
"7174","8941關中","110/08/16","宏遠-中和",0,1,-1
"7175","8941關中","110/08/16","富邦-左營",1,0,1
"7176","8941關中","110/08/16","富邦-竹北",0,1,-1
"7177","8941關中","110/08/16","元大-路竹",1,0,1
"7178","8941關中","110/08/16","元大-華山",0,1,-1
"7179","8941關中","110/08/16","統一-新台中",0,0,0
"7180","8941關中","110/08/16","永豐金-中正",0,1,-1
"7181","8941關中","110/08/16","元富-中港",0,0,0
"7182","8941關中","110/08/16","統一-新台中",0,0,0
"7183","8941關中","110/08/16","元大證券",0,0,0
"7184","8941關中","110/08/16","元富-中港",0,0,0
"7185","8941關中","110/08/16","元大-龍潭",0,0,0
"7186","8941關中","110/08/16","元大證券",0,0,0
"7187","8941關中","110/08/16","永豐金-南投",0,0,0
"7188","8941關中","110/08/16","元大-龍潭",0,0,0
"7189","8941關中","110/08/16","",NA,NA,NA
"7190","8941關中","110/08/16","永豐金-南投",0,0,0
"7191","8941關中","110/08/16","",NA,NA,NA
"7192","8941關中","110/08/16","",NA,NA,NA
"7193","8941關中","110/08/16","",NA,NA,NA
"7194","8941關中","110/08/16","",NA,NA,NA
"7195","8941關中","110/08/16","",NA,NA,NA
"7196","8941關中","110/08/16","",NA,NA,NA
"7197","8941關中","110/08/16","",NA,NA,NA
"7198","8941關中","110/08/16","",NA,NA,NA
"7199","8941關中","110/08/16","",NA,NA,NA
"7200","8941關中","110/08/16","",NA,NA,NA
"7201","8936國統","110/08/16","台中銀-高雄",200,0,200
"7202","8936國統","110/08/16","摩根大通",39,181,-142
"7203","8936國統","110/08/16","美林",139,31,108
"7204","8936國統","110/08/16","新加坡商瑞銀",48,178,-130
"7205","8936國統","110/08/16","元大-天母",50,0,50
"7206","8936國統","110/08/16","凱基-台北",66,161,-95
"7207","8936國統","110/08/16","中國信託",50,2,48
"7208","8936國統","110/08/16","新光-桃園",2,90,-88
"7209","8936國統","110/08/16","元大-豐原站前",40,0,40
"7210","8936國統","110/08/16","台灣摩根士丹利",1,79,-78
"7211","8936國統","110/08/16","元大-北港",32,0,32
"7212","8936國統","110/08/16","永豐金-苓雅",10,80,-70
"7213","8936國統","110/08/16","永豐金-竹科",28,0,28
"7214","8936國統","110/08/16","富邦-南屯",15,64,-49
"7215","8936國統","110/08/16","凱基-岡山",27,0,27
"7216","8936國統","110/08/16","台新-高雄",10,56,-46
"7217","8936國統","110/08/16","第一金-自由",20,0,20
"7218","8936國統","110/08/16","國票-北高雄",5,30,-25
"7219","8936國統","110/08/16","港商野村",68,50,18
"7220","8936國統","110/08/16","台新-屏東",0,25,-25
"7221","8936國統","110/08/16","華南永昌-岡山",16,0,16
"7222","8936國統","110/08/16","元大-高雄",0,23,-23
"7223","8936國統","110/08/16","新光-台中",59,44,15
"7224","8936國統","110/08/16","台灣企銀-豐原",0,22,-22
"7225","8936國統","110/08/16","日盛證券",14,0,14
"7226","8936國統","110/08/16","玉山證券",0,19,-19
"7227","8936國統","110/08/16","元富-林園",12,0,12
"7228","8936國統","110/08/16","日盛-中壢",0,16,-16
"7229","8936國統","110/08/16","兆豐-景美",12,0,12
"7230","8936國統","110/08/16","美商高盛",6,21,-15
"7231","6226光鼎","110/08/16","凱基-台北",1070,545,525
"7232","6226光鼎","110/08/16","台新證券",86,218,-132
"7233","6226光鼎","110/08/16","美林",291,133,158
"7234","6226光鼎","110/08/16","元富-新竹",10,139,-129
"7235","6226光鼎","110/08/16","瑞士信貸",144,6,138
"7236","6226光鼎","110/08/16","元大-台南",0,101,-101
"7237","6226光鼎","110/08/16","摩根大通",340,206,134
"7238","6226光鼎","110/08/16","永豐金-南投",1,100,-99
"7239","6226光鼎","110/08/16","美商高盛",222,102,120
"7240","6226光鼎","110/08/16","華南永昌-高雄",1,63,-62
"7241","6226光鼎","110/08/16","新光",195,77,118
"7242","6226光鼎","110/08/16","元大-仁愛",1,61,-60
"7243","6226光鼎","110/08/16","第一金-大稻埕",103,1,102
"7244","6226光鼎","110/08/16","群益金鼎-士林",39,98,-59
"7245","6226光鼎","110/08/16","元大-北投",101,4,97
"7246","6226光鼎","110/08/16","元大-府城",20,72,-52
"7247","6226光鼎","110/08/16","元大-竹科",101,10,91
"7248","6226光鼎","110/08/16","合庫-鳳山",4,53,-49
"7249","6226光鼎","110/08/16","元大-北屯",104,15,89
"7250","6226光鼎","110/08/16","國票-九鼎",2,44,-42
"7251","6226光鼎","110/08/16","國泰-桃園",98,29,69
"7252","6226光鼎","110/08/16","元大-金華",13,55,-42
"7253","6226光鼎","110/08/16","群益金鼎-東門",67,0,67
"7254","6226光鼎","110/08/16","富邦-竹東",5,43,-38
"7255","6226光鼎","110/08/16","港商野村",277,215,62
"7256","6226光鼎","110/08/16","元大-雙和",6,43,-37
"7257","6226光鼎","110/08/16","群益金鼎-西松",51,1,50
"7258","6226光鼎","110/08/16","中國信託-忠孝",2,36,-34
"7259","6226光鼎","110/08/16","元富-古亭",50,3,47
"7260","6226光鼎","110/08/16","華南永昌-三重",3,37,-34
"7261","2363矽統","110/08/16","凱基-台北",2187,1127,1060
"7262","2363矽統","110/08/16","元大-東泰",32,339,-307
"7263","2363矽統","110/08/16","美商高盛",1277,381,896
"7264","2363矽統","110/08/16","國泰-敦南",408,608,-200
"7265","2363矽統","110/08/16","美林",777,172,605
"7266","2363矽統","110/08/16","台灣摩根士丹利",6,185,-179
"7267","2363矽統","110/08/16","新加坡商瑞銀",764,476,288
"7268","2363矽統","110/08/16","群益金鼎",14,154,-140
"7269","2363矽統","110/08/16","永豐金-嘉義",250,2,248
"7270","2363矽統","110/08/16","富邦-新竹",103,229,-126
"7271","2363矽統","110/08/16","瑞士信貸",247,11,236
"7272","2363矽統","110/08/16","凱基",0,120,-120
"7273","2363矽統","110/08/16","群益金鼎-士林",173,17,156
"7274","2363矽統","110/08/16","元大-大統",25,138,-113
"7275","2363矽統","110/08/16","統一-新竹",151,2,149
"7276","2363矽統","110/08/16","富邦-中壢",17,125,-108
"7277","2363矽統","110/08/16","港商野村",1539,1409,130
"7278","2363矽統","110/08/16","兆豐-天母",1,102,-101
"7279","2363矽統","110/08/16","凱基-長庚",136,12,124
"7280","2363矽統","110/08/16","陽信-石牌",13,105,-92
"7281","2363矽統","110/08/16","台新-三民",156,49,107
"7282","2363矽統","110/08/16","永豐金-新店",8,100,-92
"7283","2363矽統","110/08/16","凱基-南崁",98,26,72
"7284","2363矽統","110/08/16","日盛-北高雄",25,105,-80
"7285","2363矽統","110/08/16","元富-城東",78,9,69
"7286","2363矽統","110/08/16","元大-萬華",36,116,-80
"7287","2363矽統","110/08/16","元大-汐止",144,79,65
"7288","2363矽統","110/08/16","玉山證券",37,116,-79
"7289","2363矽統","110/08/16","永豐金-中壢",91,28,63
"7290","2363矽統","110/08/16","元大-敦南",3,81,-78
"7291","8112至上","110/08/16","合庫證券",140,7,133
"7292","8112至上","110/08/16","摩根大通",19,588,-569
"7293","8112至上","110/08/16","新光-桃園",102,4,98
"7294","8112至上","110/08/16","新加坡商瑞銀",17,338,-321
"7295","8112至上","110/08/16","元大-敦化",80,2,78
"7296","8112至上","110/08/16","瑞士信貸",3,181,-178
"7297","8112至上","110/08/16","元大-台北",71,0,71
"7298","8112至上","110/08/16","美林",84,183,-99
"7299","8112至上","110/08/16","凱基-嘉義",97,37,60
"7300","8112至上","110/08/16","台灣摩根士丹利",9,101,-92
"7301","8112至上","110/08/16","元大-開元",44,1,43
"7302","8112至上","110/08/16","凱基-台北",133,201,-68
"7303","8112至上","110/08/16","永豐金-台中",43,0,43
"7304","8112至上","110/08/16","新光-高雄",3,57,-54
"7305","8112至上","110/08/16","元大-仁愛",40,0,40
"7306","8112至上","110/08/16","新百王",1,51,-50
"7307","8112至上","110/08/16","富邦-仁愛",65,27,38
"7308","8112至上","110/08/16","華南永昌-新莊",2,47,-45
"7309","8112至上","110/08/16","元大-前金",40,3,37
"7310","8112至上","110/08/16","華南永昌-潮州",0,30,-30
"7311","8112至上","110/08/16","富邦-中壢",33,1,32
"7312","8112至上","110/08/16","國票-長城",18,45,-27
"7313","8112至上","110/08/16","統一-中壢",31,0,31
"7314","8112至上","110/08/16","群益金鼎-海山",3,30,-27
"7315","8112至上","110/08/16","台新-台中",32,1,31
"7316","8112至上","110/08/16","元大-發財",1,28,-27
"7317","8112至上","110/08/16","新光",38,11,27
"7318","8112至上","110/08/16","兆豐-斗南",4,30,-26
"7319","8112至上","110/08/16","合庫-嘉義",25,0,25
"7320","8112至上","110/08/16","國泰-板橋",9,32,-23
"7321","1570力肯","110/08/16","兆豐-民生",80,0,80
"7322","1570力肯","110/08/16","台新證券",17,184,-167
"7323","1570力肯","110/08/16","國票-北高雄",145,85,60
"7324","1570力肯","110/08/16","凱基-台北",61,183,-122
"7325","1570力肯","110/08/16","新光",83,31,52
"7326","1570力肯","110/08/16","摩根大通",18,89,-71
"7327","1570力肯","110/08/16","凱基-三峽",40,0,40
"7328","1570力肯","110/08/16","新光-台南",1,50,-49
"7329","1570力肯","110/08/16","元大-大雅",40,0,40
"7330","1570力肯","110/08/16","國泰-松江",0,30,-30
"7331","1570力肯","110/08/16","元富-新竹",30,0,30
"7332","1570力肯","110/08/16","永豐金-桃園",0,30,-30
"7333","1570力肯","110/08/16","富邦-花蓮",29,0,29
"7334","1570力肯","110/08/16","元富-文心",1,23,-22
"7335","1570力肯","110/08/16","統一-高雄",26,1,25
"7336","1570力肯","110/08/16","永豐金-屏東",3,25,-22
"7337","1570力肯","110/08/16","元大-雙和",24,0,24
"7338","1570力肯","110/08/16","台灣摩根士丹利",0,18,-18
"7339","1570力肯","110/08/16","日盛-高雄",21,0,21
"7340","1570力肯","110/08/16","元富-新店",2,20,-18
"7341","1570力肯","110/08/16","國票-和平",27,6,21
"7342","1570力肯","110/08/16","康和-屏東",0,16,-16
"7343","1570力肯","110/08/16","國泰證券",20,0,20
"7344","1570力肯","110/08/16","聯邦-三重",0,15,-15
"7345","1570力肯","110/08/16","群益金鼎-東門",20,0,20
"7346","1570力肯","110/08/16","富邦-內湖",8,21,-13
"7347","1570力肯","110/08/16","元大-民生",19,0,19
"7348","1570力肯","110/08/16","新光-台中",8,20,-12
"7349","1570力肯","110/08/16","元富-民權",15,0,15
"7350","1570力肯","110/08/16","國泰-館前",0,12,-12
"7351","2929淘帝","110/08/16","日盛-中壢",55,1,54
"7352","2929淘帝","110/08/16","摩根大通",10,80,-70
"7353","2929淘帝","110/08/16","元大-太平",31,0,31
"7354","2929淘帝","110/08/16","港商野村",13,57,-44
"7355","2929淘帝","110/08/16","宏遠-館前",30,0,30
"7356","2929淘帝","110/08/16","元大-西門",0,37,-37
"7357","2929淘帝","110/08/16","凱基-東門",24,0,24
"7358","2929淘帝","110/08/16","新加坡商瑞銀",4,26,-22
"7359","2929淘帝","110/08/16","台新-台中",21,0,21
"7360","2929淘帝","110/08/16","元大-大里",0,22,-22
"7361","2929淘帝","110/08/16","日盛-八德",16,0,16
"7362","2929淘帝","110/08/16","兆豐-三重",0,20,-20
"7363","2929淘帝","110/08/16","元富-文心",10,0,10
"7364","2929淘帝","110/08/16","永豐金-鳳山",0,14,-14
"7365","2929淘帝","110/08/16","兆豐-桃園",10,0,10
"7366","2929淘帝","110/08/16","美林",6,17,-11
"7367","2929淘帝","110/08/16","群益金鼎-基隆",10,0,10
"7368","2929淘帝","110/08/16","臺銀-金山",0,10,-10
"7369","2929淘帝","110/08/16","永豐金證券",10,0,10
"7370","2929淘帝","110/08/16","國票-博愛",0,10,-10
"7371","2929淘帝","110/08/16","新光",10,2,8
"7372","2929淘帝","110/08/16","元大-上新莊",2,12,-10
"7373","2929淘帝","110/08/16","元大-承德",8,0,8
"7374","2929淘帝","110/08/16","兆豐-大同",0,9,-9
"7375","2929淘帝","110/08/16","亞東-新竹",7,0,7
"7376","2929淘帝","110/08/16","台新-建北",0,9,-9
"7377","2929淘帝","110/08/16","凱基-林口",7,0,7
"7378","2929淘帝","110/08/16","國泰-館前",0,7,-7
"7379","2929淘帝","110/08/16","凱基-新豐",6,0,6
"7380","2929淘帝","110/08/16","兆豐-台南",0,6,-6
"7381","5410國眾","110/08/16","兆豐-城中",85,0,85
"7382","5410國眾","110/08/16","國泰-敦南",15,99,-84
"7383","5410國眾","110/08/16","元大-六合",42,0,42
"7384","5410國眾","110/08/16","凱基-高雄",0,50,-50
"7385","5410國眾","110/08/16","兆豐-小港",36,0,36
"7386","5410國眾","110/08/16","瑞士信貸",0,44,-44
"7387","5410國眾","110/08/16","凱基-台南",30,0,30
"7388","5410國眾","110/08/16","摩根大通",46,87,-41
"7389","5410國眾","110/08/16","富邦-建國",31,1,30
"7390","5410國眾","110/08/16","元大-士林",0,38,-38
"7391","5410國眾","110/08/16","國票-安和",31,4,27
"7392","5410國眾","110/08/16","兆豐-台中港",0,30,-30
"7393","5410國眾","110/08/16","凱基-竹北",24,0,24
"7394","5410國眾","110/08/16","凱基-台北",27,55,-28
"7395","5410國眾","110/08/16","玉山-新莊",15,0,15
"7396","5410國眾","110/08/16","元大-古亭",0,26,-26
"7397","5410國眾","110/08/16","元大-木柵",12,0,12
"7398","5410國眾","110/08/16","臺銀",1,24,-23
"7399","5410國眾","110/08/16","元大-新盛",12,0,12
"7400","5410國眾","110/08/16","元大-中壢",3,26,-23
"7401","5410國眾","110/08/16","永豐金-台南",12,1,11
"7402","5410國眾","110/08/16","元大-北港",0,21,-21
"7403","5410國眾","110/08/16","合庫-桃園",10,0,10
"7404","5410國眾","110/08/16","元大-北投",0,20,-20
"7405","5410國眾","110/08/16","日盛-屏東",10,0,10
"7406","5410國眾","110/08/16","元富-潮州",0,15,-15
"7407","5410國眾","110/08/16","元富-城東",10,0,10
"7408","5410國眾","110/08/16","臺銀-鳳山",1,15,-14
"7409","5410國眾","110/08/16","富邦-陽明",10,0,10
"7410","5410國眾","110/08/16","元大-屏東",0,14,-14
"7411","2841台開","110/08/16","宏遠-館前",190,0,190
"7412","2841台開","110/08/16","港商野村",0,44,-44
"7413","2841台開","110/08/16","合庫證券",30,0,30
"7414","2841台開","110/08/16","新光-台南",0,33,-33
"7415","2841台開","110/08/16","凱基-竹科",20,0,20
"7416","2841台開","110/08/16","台新證券",10,42,-32
"7417","2841台開","110/08/16","永豐金-中盛",13,0,13
"7418","2841台開","110/08/16","元大-大里德芳",0,30,-30
"7419","2841台開","110/08/16","大慶-蘆洲",10,0,10
"7420","2841台開","110/08/16","合庫-台中",0,28,-28
"7421","2841台開","110/08/16","新光",13,3,10
"7422","2841台開","110/08/16","元大-善化",0,20,-20
"7423","2841台開","110/08/16","元大-新店中正",10,0,10
"7424","2841台開","110/08/16","永豐金-敦南",30,50,-20
"7425","2841台開","110/08/16","群益金鼎-崇德",8,0,8
"7426","2841台開","110/08/16","新加坡商瑞銀",0,16,-16
"7427","2841台開","110/08/16","元富-成功",7,0,7
"7428","2841台開","110/08/16","玉山-新莊",0,16,-16
"7429","2841台開","110/08/16","元大-彰化",7,0,7
"7430","2841台開","110/08/16","日盛-內湖",0,15,-15
"7431","2841台開","110/08/16","台中銀",5,0,5
"7432","2841台開","110/08/16","兆豐-民生",0,15,-15
"7433","2841台開","110/08/16","中國信託-文心",5,0,5
"7434","2841台開","110/08/16","華南永昌-高雄",0,15,-15
"7435","2841台開","110/08/16","兆豐-台中",5,0,5
"7436","2841台開","110/08/16","元大-永康",0,10,-10
"7437","2841台開","110/08/16","台新-新營",5,0,5
"7438","2841台開","110/08/16","元大-北三重",0,10,-10
"7439","2841台開","110/08/16","凱基-東港",10,5,5
"7440","2841台開","110/08/16","永豐金證券",0,10,-10
"7441","6207雷科","110/08/16","台新-高雄",131,3,128
"7442","6207雷科","110/08/16","元大-高雄",0,52,-52
"7443","6207雷科","110/08/16","凱基-台北",70,20,50
"7444","6207雷科","110/08/16","摩根大通",62,112,-50
"7445","6207雷科","110/08/16","元大-東門",42,0,42
"7446","6207雷科","110/08/16","華南永昌-三重",0,50,-50
"7447","6207雷科","110/08/16","永豐金證券",30,0,30
"7448","6207雷科","110/08/16","凱基-復興",0,40,-40
"7449","6207雷科","110/08/16","元大-六合",21,0,21
"7450","6207雷科","110/08/16","元大-潮州",0,40,-40
"7451","6207雷科","110/08/16","群益金鼎-東門",20,0,20
"7452","6207雷科","110/08/16","日盛證券",2,37,-35
"7453","6207雷科","110/08/16","元大-松江",20,0,20
"7454","6207雷科","110/08/16","新加坡商瑞銀",45,80,-35
"7455","6207雷科","110/08/16","大昌-桃園",28,10,18
"7456","6207雷科","110/08/16","玉山-士林",0,27,-27
"7457","6207雷科","110/08/16","統一-新竹",16,0,16
"7458","6207雷科","110/08/16","元大-大統",0,22,-22
"7459","6207雷科","110/08/16","台中銀",15,0,15
"7460","6207雷科","110/08/16","元大-民生",2,24,-22
"7461","6207雷科","110/08/16","中國信託-三重",13,0,13
"7462","6207雷科","110/08/16","凱基-高雄",6,27,-21
"7463","6207雷科","110/08/16","凱基-岡山",11,0,11
"7464","6207雷科","110/08/16","國票-北高雄",0,15,-15
"7465","6207雷科","110/08/16","富邦-中壢",11,0,11
"7466","6207雷科","110/08/16","新光",0,12,-12
"7467","6207雷科","110/08/16","港商野村",27,17,10
"7468","6207雷科","110/08/16","台新-左楠",1,12,-11
"7469","6207雷科","110/08/16","第一金-安和",10,0,10
"7470","6207雷科","110/08/16","新光-台南",0,10,-10
"7471","3679新至陞","110/08/16","凱基-台北",15,2,13
"7472","3679新至陞","110/08/16","摩根大通",7,19,-12
"7473","3679新至陞","110/08/16","台灣摩根士丹利",8,3,5
"7474","3679新至陞","110/08/16","瑞士信貸",0,11,-11
"7475","3679新至陞","110/08/16","國泰-桃園",5,0,5
"7476","3679新至陞","110/08/16","永豐金-苓雅",1,5,-4
"7477","3679新至陞","110/08/16","美商高盛",3,0,3
"7478","3679新至陞","110/08/16","國泰-松江",0,3,-3
"7479","3679新至陞","110/08/16","華南永昌",3,0,3
"7480","3679新至陞","110/08/16","凱基-台南",0,3,-3
"7481","3679新至陞","110/08/16","日盛-竹北",2,0,2
"7482","3679新至陞","110/08/16","彰銀",0,2,-2
"7483","3679新至陞","110/08/16","日盛-文化",3,1,2
"7484","3679新至陞","110/08/16","新加坡商瑞銀",0,2,-2
"7485","3679新至陞","110/08/16","大慶-蘆洲",3,1,2
"7486","3679新至陞","110/08/16","第一金-頭份",0,2,-2
"7487","3679新至陞","110/08/16","國票-九鼎",2,0,2
"7488","3679新至陞","110/08/16","康和-嘉義",0,2,-2
"7489","3679新至陞","110/08/16","華南永昌-高雄",2,0,2
"7490","3679新至陞","110/08/16","凱基-站前",0,2,-2
"7491","3679新至陞","110/08/16","元大-新店中正",2,0,2
"7492","3679新至陞","110/08/16","元大證券",0,2,-2
"7493","3679新至陞","110/08/16","土銀-士林",1,0,1
"7494","3679新至陞","110/08/16","元大-頭份",0,2,-2
"7495","3679新至陞","110/08/16","日盛證券",1,0,1
"7496","3679新至陞","110/08/16","元大-斗信",0,2,-2
"7497","3679新至陞","110/08/16","美林",10,9,1
"7498","3679新至陞","110/08/16","元大-嘉義",0,2,-2
"7499","3679新至陞","110/08/16","第一金-忠孝",1,0,1
"7500","3679新至陞","110/08/16","日盛-龍潭",0,1,-1
"7501","2727王品","110/08/16","瑞士信貸",49,0,49
"7502","2727王品","110/08/16","台新證券",4,162,-158
"7503","2727王品","110/08/16","台灣摩根士丹利",33,3,30
"7504","2727王品","110/08/16","臺銀-鳳山",5,81,-76
"7505","2727王品","110/08/16","新光",37,12,25
"7506","2727王品","110/08/16","玉山-台南",2,33,-31
"7507","2727王品","110/08/16","日盛-忠孝",20,0,20
"7508","2727王品","110/08/16","美商高盛",0,23,-23
"7509","2727王品","110/08/16","元大-東蘆",16,1,15
"7510","2727王品","110/08/16","兆豐-南京",0,20,-20
"7511","2727王品","110/08/16","第一金-台中",15,1,14
"7512","2727王品","110/08/16","凱基-虎尾",0,20,-20
"7513","2727王品","110/08/16","國泰-敦南",29,15,14
"7514","2727王品","110/08/16","中國信託",2,20,-18
"7515","2727王品","110/08/16","第一金-桃園",13,0,13
"7516","2727王品","110/08/16","新光-桃園",2,20,-18
"7517","2727王品","110/08/16","第一金-忠孝",13,1,12
"7518","2727王品","110/08/16","永豐金證券",2,20,-18
"7519","2727王品","110/08/16","摩根大通",24,12,12
"7520","2727王品","110/08/16","統一",6,22,-16
"7521","2727王品","110/08/16","富邦-陽明",15,3,12
"7522","2727王品","110/08/16","合庫證券",2,14,-12
"7523","2727王品","110/08/16","元富-西松",13,2,11
"7524","2727王品","110/08/16","富邦-仁愛",7,19,-12
"7525","2727王品","110/08/16","聯邦-興中",11,0,11
"7526","2727王品","110/08/16","元大-竹科",4,16,-12
"7527","2727王品","110/08/16","中國信託-松江",10,0,10
"7528","2727王品","110/08/16","元大-和平",0,12,-12
"7529","2727王品","110/08/16","凱基-市府",10,0,10
"7530","2727王品","110/08/16","凱基-興隆",1,12,-11
"7531","1570力肯","110/08/16","兆豐-民生",80,0,80
"7532","1570力肯","110/08/16","台新證券",17,184,-167
"7533","1570力肯","110/08/16","國票-北高雄",145,85,60
"7534","1570力肯","110/08/16","凱基-台北",61,183,-122
"7535","1570力肯","110/08/16","新光",83,31,52
"7536","1570力肯","110/08/16","摩根大通",18,89,-71
"7537","1570力肯","110/08/16","凱基-三峽",40,0,40
"7538","1570力肯","110/08/16","新光-台南",1,50,-49
"7539","1570力肯","110/08/16","元大-大雅",40,0,40
"7540","1570力肯","110/08/16","國泰-松江",0,30,-30
"7541","1570力肯","110/08/16","元富-新竹",30,0,30
"7542","1570力肯","110/08/16","永豐金-桃園",0,30,-30
"7543","1570力肯","110/08/16","富邦-花蓮",29,0,29
"7544","1570力肯","110/08/16","元富-文心",1,23,-22
"7545","1570力肯","110/08/16","統一-高雄",26,1,25
"7546","1570力肯","110/08/16","永豐金-屏東",3,25,-22
"7547","1570力肯","110/08/16","元大-雙和",24,0,24
"7548","1570力肯","110/08/16","台灣摩根士丹利",0,18,-18
"7549","1570力肯","110/08/16","日盛-高雄",21,0,21
"7550","1570力肯","110/08/16","元富-新店",2,20,-18
"7551","1570力肯","110/08/16","國票-和平",27,6,21
"7552","1570力肯","110/08/16","康和-屏東",0,16,-16
"7553","1570力肯","110/08/16","國泰證券",20,0,20
"7554","1570力肯","110/08/16","聯邦-三重",0,15,-15
"7555","1570力肯","110/08/16","群益金鼎-東門",20,0,20
"7556","1570力肯","110/08/16","富邦-內湖",8,21,-13
"7557","1570力肯","110/08/16","元大-民生",19,0,19
"7558","1570力肯","110/08/16","新光-台中",8,20,-12
"7559","1570力肯","110/08/16","元富-民權",15,0,15
"7560","1570力肯","110/08/16","國泰-館前",0,12,-12
"7561","6180橘子","110/08/16","美林",85,0,85
"7562","6180橘子","110/08/16","合庫-高雄",2,121,-119
"7563","6180橘子","110/08/16","新加坡商瑞銀",42,8,34
"7564","6180橘子","110/08/16","群益金鼎-三民",0,100,-100
"7565","6180橘子","110/08/16","合庫-自強",30,0,30
"7566","6180橘子","110/08/16","台灣摩根士丹利",0,50,-50
"7567","6180橘子","110/08/16","元大-中壢",23,0,23
"7568","6180橘子","110/08/16","統一",0,30,-30
"7569","6180橘子","110/08/16","新光-桃園",24,2,22
"7570","6180橘子","110/08/16","凱基-台北",0,27,-27
"7571","6180橘子","110/08/16","日盛-板橋",20,0,20
"7572","6180橘子","110/08/16","群益金鼎-大安",0,20,-20
"7573","6180橘子","110/08/16","康和-嘉義",19,0,19
"7574","6180橘子","110/08/16","元大-博愛",1,20,-19
"7575","6180橘子","110/08/16","永豐金-敦北",19,1,18
"7576","6180橘子","110/08/16","元大-文心興安",2,20,-18
"7577","6180橘子","110/08/16","元大-四維",16,0,16
"7578","6180橘子","110/08/16","統一-中壢",0,15,-15
"7579","6180橘子","110/08/16","元大-和平",16,0,16
"7580","6180橘子","110/08/16","元富-宜蘭",2,15,-13
"7581","6180橘子","110/08/16","港商野村",27,12,15
"7582","6180橘子","110/08/16","元大-沙鹿",0,12,-12
"7583","6180橘子","110/08/16","富隆-長安",15,0,15
"7584","6180橘子","110/08/16","元大-清水",0,12,-12
"7585","6180橘子","110/08/16","摩根大通",51,36,15
"7586","6180橘子","110/08/16","臺銀-鳳山",3,14,-11
"7587","6180橘子","110/08/16","美商高盛",15,1,14
"7588","6180橘子","110/08/16","盈溢",0,10,-10
"7589","6180橘子","110/08/16","元大-永和",13,0,13
"7590","6180橘子","110/08/16","元富-世貿",0,10,-10
"7591","2390云辰","110/08/16","富邦-虎尾",514,48,466
"7592","2390云辰","110/08/16","凱基-台北",495,1222,-727
"7593","2390云辰","110/08/16","摩根大通",2747,2369,378
"7594","2390云辰","110/08/16","元富-西松",194,423,-229
"7595","2390云辰","110/08/16","國泰-桃園",291,66,225
"7596","2390云辰","110/08/16","國票-安和",121,349,-228
"7597","2390云辰","110/08/16","元大-木柵",237,23,214
"7598","2390云辰","110/08/16","元大-信義",10,155,-145
"7599","2390云辰","110/08/16","新光",859,695,164
"7600","2390云辰","110/08/16","統一-新台中",6,137,-131
"7601","2390云辰","110/08/16","元大證券",229,67,162
"7602","2390云辰","110/08/16","美林",355,470,-115
"7603","2390云辰","110/08/16","兆豐-埔墘",719,573,146
"7604","2390云辰","110/08/16","台新-高雄",113,208,-95
"7605","2390云辰","110/08/16","永豐金-嘉義",144,20,124
"7606","2390云辰","110/08/16","豐農",37,114,-77
"7607","2390云辰","110/08/16","元大-台中",126,26,100
"7608","2390云辰","110/08/16","國泰-忠孝",15,85,-70
"7609","2390云辰","110/08/16","瑞士信貸",124,28,96
"7610","2390云辰","110/08/16","富邦-北港",154,223,-69
"7611","2390云辰","110/08/16","永豐金-古亭",120,24,96
"7612","2390云辰","110/08/16","凱基-科園",11,79,-68
"7613","2390云辰","110/08/16","富邦-嘉義",2108,2013,95
"7614","2390云辰","110/08/16","華南永昌-台中",82,149,-67
"7615","2390云辰","110/08/16","富邦-內湖",120,26,94
"7616","2390云辰","110/08/16","台新-左楠",61,126,-65
"7617","2390云辰","110/08/16","群益金鼎-三重",142,56,86
"7618","2390云辰","110/08/16","元大-林園",3,67,-64
"7619","2390云辰","110/08/16","元大-前金",200,123,77
"7620","2390云辰","110/08/16","永豐金-萬盛",23,84,-61
"7621","2867三商壽","110/08/13","美商高盛",295,16,279
"7622","2867三商壽","110/08/13","摩根大通",109,286,-177
"7623","2867三商壽","110/08/13","大慶-中壢",183,1,182
"7624","2867三商壽","110/08/13","元大-佳里",0,113,-113
"7625","2867三商壽","110/08/13","新加坡商瑞銀",121,0,121
"7626","2867三商壽","110/08/13","元大-崇德",0,103,-103
"7627","2867三商壽","110/08/13","凱基-五股",100,0,100
"7628","2867三商壽","110/08/13","台灣摩根士丹利",9,83,-74
"7629","2867三商壽","110/08/13","元大-桃園",100,1,99
"7630","2867三商壽","110/08/13","國泰-台南",1,73,-72
"7631","2867三商壽","110/08/13","凱基-虎尾",90,0,90
"7632","2867三商壽","110/08/13","元大證券",1,62,-61
"7633","2867三商壽","110/08/13","華南永昌-高雄",100,10,90
"7634","2867三商壽","110/08/13","元大-台中",0,60,-60
"7635","2867三商壽","110/08/13","兆豐-北高雄",81,2,79
"7636","2867三商壽","110/08/13","元大-大同",0,53,-53
"7637","2867三商壽","110/08/13","新光",105,39,66
"7638","2867三商壽","110/08/13","兆豐-鹿港",0,50,-50
"7639","2867三商壽","110/08/13","富邦-彰化",60,0,60
"7640","2867三商壽","110/08/13","合庫-西台中",2,50,-48
"7641","2867三商壽","110/08/13","富邦-台南",60,0,60
"7642","2867三商壽","110/08/13","新光-台中",7,53,-46
"7643","2867三商壽","110/08/13","玉山-板橋",60,1,59
"7644","2867三商壽","110/08/13","元大-大益",0,44,-44
"7645","2867三商壽","110/08/13","群益金鼎-新竹",56,0,56
"7646","2867三商壽","110/08/13","亞東-板橋",0,36,-36
"7647","2867三商壽","110/08/13","元大-大統",53,0,53
"7648","2867三商壽","110/08/13","福邦證券",0,34,-34
"7649","2867三商壽","110/08/13","瑞士信貸",55,3,52
"7650","2867三商壽","110/08/13","元大-博愛",16,50,-34
"7651","5521工信","110/08/13","日進",100,0,100
"7652","5521工信","110/08/13","美林",1,87,-86
"7653","5521工信","110/08/13","摩根大通",180,102,78
"7654","5521工信","110/08/13","日盛-復興",1,70,-69
"7655","5521工信","110/08/13","元大-鳳山",30,0,30
"7656","5521工信","110/08/13","永豐金-鳳山",1,60,-59
"7657","5521工信","110/08/13","(牛牛牛)亞-鑫豐",28,2,26
"7658","5521工信","110/08/13","中國信託-三重",0,52,-52
"7659","5521工信","110/08/13","新光",24,0,24
"7660","5521工信","110/08/13","華南永昌-民權",0,50,-50
"7661","5521工信","110/08/13","華南永昌-彰化",21,0,21
"7662","5521工信","110/08/13","第一金-新竹",0,34,-34
"7663","5521工信","110/08/13","台灣企銀-建成",20,0,20
"7664","5521工信","110/08/13","凱基-台北",18,49,-31
"7665","5521工信","110/08/13","大昌",20,0,20
"7666","5521工信","110/08/13","元大-新莊",10,38,-28
"7667","5521工信","110/08/13","兆豐-中壢",20,0,20
"7668","5521工信","110/08/13","台灣摩根士丹利",2,28,-26
"7669","5521工信","110/08/13","國票-和平",20,0,20
"7670","5521工信","110/08/13","華南永昌",0,23,-23
"7671","5521工信","110/08/13","元大-基隆孝二",20,0,20
"7672","5521工信","110/08/13","統一-板橋",0,20,-20
"7673","5521工信","110/08/13","日盛-中和",19,0,19
"7674","5521工信","110/08/13","港商法國興業",0,17,-17
"7675","5521工信","110/08/13","兆豐-小港",19,0,19
"7676","5521工信","110/08/13","元大-府城",0,16,-16
"7677","5521工信","110/08/13","富邦-高雄",17,0,17
"7678","5521工信","110/08/13","元大-敦化",0,16,-16
"7679","5521工信","110/08/13","統一-員林",15,0,15
"7680","5521工信","110/08/13","新光-新竹",5,20,-15
"7681","1471首利","110/08/13","聯邦-高雄",42,0,42
"7682","1471首利","110/08/13","摩根大通",41,220,-179
"7683","1471首利","110/08/13","元大-西門",40,0,40
"7684","1471首利","110/08/13","元大-敦化",0,100,-100
"7685","1471首利","110/08/13","元大-大灣",37,0,37
"7686","1471首利","110/08/13","美林",0,69,-69
"7687","1471首利","110/08/13","第一金-台南",30,0,30
"7688","1471首利","110/08/13","瑞士信貸",5,65,-60
"7689","1471首利","110/08/13","元富-大昌",25,0,25
"7690","1471首利","110/08/13","美商高盛",0,51,-51
"7691","1471首利","110/08/13","大慶-中壢",20,0,20
"7692","1471首利","110/08/13","華南永昌-苗栗",5,30,-25
"7693","1471首利","110/08/13","凱基-台南",20,0,20
"7694","1471首利","110/08/13","玉山-台南",0,22,-22
"7695","1471首利","110/08/13","新光",19,0,19
"7696","1471首利","110/08/13","元富-民權",0,20,-20
"7697","1471首利","110/08/13","凱基-羅東",17,0,17
"7698","1471首利","110/08/13","中國信託",0,20,-20
"7699","1471首利","110/08/13","永豐金-台南",20,4,16
"7700","1471首利","110/08/13","凱基-五股",0,20,-20
"7701","1471首利","110/08/13","元大-屏東",14,0,14
"7702","1471首利","110/08/13","台灣摩根士丹利",0,17,-17
"7703","1471首利","110/08/13","新光-台中",16,4,12
"7704","1471首利","110/08/13","兆豐-員林",2,15,-13
"7705","1471首利","110/08/13","元大-頭份",12,0,12
"7706","1471首利","110/08/13","日盛-宜蘭",0,10,-10
"7707","1471首利","110/08/13","凱基-三重",11,0,11
"7708","1471首利","110/08/13","元富-緯城",1,10,-9
"7709","1471首利","110/08/13","日盛-鳳山",10,0,10
"7710","1471首利","110/08/13","國泰-台中",2,8,-6
"7711","2883開發金","110/08/13","凱基-台北",23196,4416,18780
"7712","2883開發金","110/08/13","永豐金-彰化",79,4793,-4714
"7713","2883開發金","110/08/13","摩根大通",24818,6057,18761
"7714","2883開發金","110/08/13","第一金-忠孝",55,4613,-4558
"7715","2883開發金","110/08/13","新加坡商瑞銀",6645,205,6440
"7716","2883開發金","110/08/13","台新證券",1316,5539,-4223
"7717","2883開發金","110/08/13","中國信託-文心",4723,123,4600
"7718","2883開發金","110/08/13","日盛證券",587,3754,-3167
"7719","2883開發金","110/08/13","美林",6276,1780,4496
"7720","2883開發金","110/08/13","群益金鼎-大甲",48,2429,-2381
"7721","2883開發金","110/08/13","國泰證券",3682,17,3665
"7722","2883開發金","110/08/13","永豐金證券",169,1849,-1680
"7723","2883開發金","110/08/13","台灣摩根士丹利",3927,582,3345
"7724","2883開發金","110/08/13","華南永昌-南京",169,1407,-1238
"7725","2883開發金","110/08/13","群益金鼎",2401,367,2034
"7726","2883開發金","110/08/13","凱基-台東",270,1494,-1224
"7727","2883開發金","110/08/13","香港上海匯豐",2006,0,2006
"7728","2883開發金","110/08/13","日盛-板橋",207,1398,-1191
"7729","2883開發金","110/08/13","兆豐證券",1776,128,1648
"7730","2883開發金","110/08/13","元大-萬華",78,1243,-1165
"7731","2883開發金","110/08/13","瑞士信貸",3551,2174,1377
"7732","2883開發金","110/08/13","富邦-台北",295,1428,-1133
"7733","2883開發金","110/08/13","港商野村",7299,6088,1211
"7734","2883開發金","110/08/13","元大-成功",216,1287,-1071
"7735","2883開發金","110/08/13","美商高盛",1016,0,1016
"7736","2883開發金","110/08/13","新光-台中",485,1519,-1034
"7737","2883開發金","110/08/13","元大-大灣",1183,214,969
"7738","2883開發金","110/08/13","國票",232,1261,-1029
"7739","2883開發金","110/08/13","花旗環球",1104,284,820
"7740","2883開發金","110/08/13","永豐金-桃園",141,1157,-1016
"7741","6205詮欣","110/08/13","合庫-三重",15,0,15
"7742","6205詮欣","110/08/13","摩根大通",3,17,-14
"7743","6205詮欣","110/08/13","港商法國興業",11,0,11
"7744","6205詮欣","110/08/13","元大-善化",0,10,-10
"7745","6205詮欣","110/08/13","臺銀-民權",7,0,7
"7746","6205詮欣","110/08/13","元大-台中中港",0,3,-3
"7747","6205詮欣","110/08/13","日盛-三重",5,0,5
"7748","6205詮欣","110/08/13","合庫-鳳山",0,2,-2
"7749","6205詮欣","110/08/13","群益金鼎-屏東",5,0,5
"7750","6205詮欣","110/08/13","元富-潮州",0,2,-2
"7751","6205詮欣","110/08/13","德信-新營",3,0,3
"7752","6205詮欣","110/08/13","兆豐-桃鶯",0,2,-2
"7753","6205詮欣","110/08/13","美林",2,0,2
"7754","6205詮欣","110/08/13","致和-台北",0,2,-2
"7755","6205詮欣","110/08/13","兆豐-西螺",1,0,1
"7756","6205詮欣","110/08/13","華南永昌-三重",0,2,-2
"7757","6205詮欣","110/08/13","新光-台中",1,0,1
"7758","6205詮欣","110/08/13","土銀-台中",0,1,-1
"7759","6205詮欣","110/08/13","聯邦-嘉義",1,0,1
"7760","6205詮欣","110/08/13","日盛-中壢",0,1,-1
"7761","6205詮欣","110/08/13","玉山-南京東路",1,0,1
"7762","6205詮欣","110/08/13","美商高盛",0,1,-1
"7763","6205詮欣","110/08/13","群益金鼎-中港",1,0,1
"7764","6205詮欣","110/08/13","大展-台南",0,1,-1
"7765","6205詮欣","110/08/13","凱基-大安",1,0,1
"7766","6205詮欣","110/08/13","第一金-彰化",0,1,-1
"7767","6205詮欣","110/08/13","元大-仁愛",1,0,1
"7768","6205詮欣","110/08/13","統一-三重",1,2,-1
"7769","6205詮欣","110/08/13","元大-台南",1,0,1
"7770","6205詮欣","110/08/13","元富-桃園",0,1,-1
"7771","1540喬福","110/08/13","元富-中原",100,0,100
"7772","1540喬福","110/08/13","日盛-文化",0,48,-48
"7773","1540喬福","110/08/13","台新-台中",31,0,31
"7774","1540喬福","110/08/13","凱基-台北",0,33,-33
"7775","1540喬福","110/08/13","兆豐-北高雄",18,0,18
"7776","1540喬福","110/08/13","元大-大安",0,32,-32
"7777","1540喬福","110/08/13","元大-土城永寧",11,0,11
"7778","1540喬福","110/08/13","合庫-台中",2,23,-21
"7779","1540喬福","110/08/13","(牛牛牛)亞-鑫豐",10,0,10
"7780","1540喬福","110/08/13","華南永昌-楠梓",0,20,-20
"7781","1540喬福","110/08/13","凱基-中壢",7,0,7
"7782","1540喬福","110/08/13","群益金鼎-館前",1,20,-19
"7783","1540喬福","110/08/13","安泰",5,0,5
"7784","1540喬福","110/08/13","富邦-花蓮",0,15,-15
"7785","1540喬福","110/08/13","群益金鼎-古亭",5,0,5
"7786","1540喬福","110/08/13","日盛-景美",0,10,-10
"7787","1540喬福","110/08/13","元富-緯城",4,0,4
"7788","1540喬福","110/08/13","台新-高雄",0,9,-9
"7789","1540喬福","110/08/13","兆豐-南京",4,0,4
"7790","1540喬福","110/08/13","玉山-大里",0,8,-8
"7791","1540喬福","110/08/13","凱基-台中",4,0,4
"7792","1540喬福","110/08/13","元大-斗信",0,8,-8
"7793","1540喬福","110/08/13","凱基-台南",5,1,4
"7794","1540喬福","110/08/13","新光-台南",0,6,-6
"7795","1540喬福","110/08/13","元大-龍潭",4,0,4
"7796","1540喬福","110/08/13","兆豐-板橋",0,5,-5
"7797","1540喬福","110/08/13","兆豐-高雄",3,0,3
"7798","1540喬福","110/08/13","富邦-彰化",0,5,-5
"7799","1540喬福","110/08/13","兆豐-鹿港",3,0,3
"7800","1540喬福","110/08/13","美林",0,4,-4
"7801","2888新光金","110/08/13","永豐金-天母",2112,0,2112
"7802","2888新光金","110/08/13","摩根大通",308,3587,-3279
"7803","2888新光金","110/08/13","合庫-西台中",2116,5,2111
"7804","2888新光金","110/08/13","玉山-嘉義",7,1514,-1507
"7805","2888新光金","110/08/13","統一-新竹",1706,0,1706
"7806","2888新光金","110/08/13","國票-台東",0,1500,-1500
"7807","2888新光金","110/08/13","凱基-台北",3076,1640,1436
"7808","2888新光金","110/08/13","台灣摩根士丹利",127,1148,-1021
"7809","2888新光金","110/08/13","元大證券",1418,10,1408
"7810","2888新光金","110/08/13","華南永昌-岡山",62,930,-868
"7811","2888新光金","110/08/13","康和",761,2,759
"7812","2888新光金","110/08/13","港商野村",47,827,-780
"7813","2888新光金","110/08/13","富邦-仁愛",739,52,687
"7814","2888新光金","110/08/13","美商高盛",697,1236,-539
"7815","2888新光金","110/08/13","新加坡商瑞銀",716,121,595
"7816","2888新光金","110/08/13","日盛-八德",88,572,-484
"7817","2888新光金","110/08/13","富邦-彰化",588,12,576
"7818","2888新光金","110/08/13","群益金鼎-三重",1,437,-436
"7819","2888新光金","110/08/13","玉山證券",558,12,546
"7820","2888新光金","110/08/13","永豐金-嘉義",52,472,-420
"7821","2888新光金","110/08/13","群益金鼎-瑞豐",550,10,540
"7822","2888新光金","110/08/13","元富-城東",7,390,-383
"7823","2888新光金","110/08/13","元大-三重",523,0,523
"7824","2888新光金","110/08/13","群益金鼎-高雄",6,387,-381
"7825","2888新光金","110/08/13","永豐金-博愛",420,27,393
"7826","2888新光金","110/08/13","凱基-宜蘭",9,379,-370
"7827","2888新光金","110/08/13","第一金-豐原",364,20,344
"7828","2888新光金","110/08/13","美林",938,1287,-349
"7829","2888新光金","110/08/13","國票-九鼎",317,3,314
"7830","2888新光金","110/08/13","華南永昌-台中",0,329,-329
"7831","1340勝悅","110/08/13","元富-成功",72,0,72
"7832","1340勝悅","110/08/13","元大-忠孝",0,36,-36
"7833","1340勝悅","110/08/13","元大-博愛",10,0,10
"7834","1340勝悅","110/08/13","新光",4,21,-17
"7835","1340勝悅","110/08/13","臺灣企銀-埔墘",5,0,5
"7836","1340勝悅","110/08/13","摩根大通",3,19,-16
"7837","1340勝悅","110/08/13","元大-新莊",5,0,5
"7838","1340勝悅","110/08/13","群益金鼎-三重",0,15,-15
"7839","1340勝悅","110/08/13","美商高盛",4,0,4
"7840","1340勝悅","110/08/13","日盛-永康",0,10,-10
"7841","1340勝悅","110/08/13","國泰-敦南",6,2,4
"7842","1340勝悅","110/08/13","華南永昌-合泰",0,10,-10
"7843","1340勝悅","110/08/13","統一-城中",6,3,3
"7844","1340勝悅","110/08/13","日盛-木柵",0,8,-8
"7845","1340勝悅","110/08/13","元富-新店",3,0,3
"7846","1340勝悅","110/08/13","港商法國興業",0,6,-6
"7847","1340勝悅","110/08/13","玉山-士林",3,0,3
"7848","1340勝悅","110/08/13","群益金鼎-中港",0,5,-5
"7849","1340勝悅","110/08/13","群益金鼎-館前",4,1,3
"7850","1340勝悅","110/08/13","第一金-自由",0,4,-4
"7851","1340勝悅","110/08/13","元富-安南",2,0,2
"7852","1340勝悅","110/08/13","兆豐-新營",0,4,-4
"7853","1340勝悅","110/08/13","大昌-樹林",2,0,2
"7854","1340勝悅","110/08/13","國泰-台中",1,5,-4
"7855","1340勝悅","110/08/13","群益金鼎",2,0,2
"7856","1340勝悅","110/08/13","元大-林園",0,4,-4
"7857","1340勝悅","110/08/13","群益金鼎-北高雄",2,0,2
"7858","1340勝悅","110/08/13","元大-四維",0,4,-4
"7859","1340勝悅","110/08/13","華南永昌",2,0,2
"7860","1340勝悅","110/08/13","美林",0,2,-2
"7861","6246臺龍","110/08/13","華南永昌-彰化",31,0,31
"7862","6246臺龍","110/08/13","永豐金-內湖",0,95,-95
"7863","6246臺龍","110/08/13","合庫-台中",23,0,23
"7864","6246臺龍","110/08/13","玉山-大里",0,21,-21
"7865","6246臺龍","110/08/13","兆豐-忠孝",24,3,21
"7866","6246臺龍","110/08/13","新光-新竹",0,20,-20
"7867","6246臺龍","110/08/13","元大-台北",16,0,16
"7868","6246臺龍","110/08/13","台新-台中",1,19,-18
"7869","6246臺龍","110/08/13","元大-新莊",11,1,10
"7870","6246臺龍","110/08/13","光和",2,17,-15
"7871","6246臺龍","110/08/13","德信-新營",9,0,9
"7872","6246臺龍","110/08/13","日盛-高雄",0,10,-10
"7873","6246臺龍","110/08/13","凱基-永和",9,0,9
"7874","6246臺龍","110/08/13","元富-世貿",0,10,-10
"7875","6246臺龍","110/08/13","港商野村",20,12,8
"7876","6246臺龍","110/08/13","(牛牛牛)亞-鑫豐",1,11,-10
"7877","6246臺龍","110/08/13","富邦-建國",8,0,8
"7878","6246臺龍","110/08/13","國泰-敦南",6,16,-10
"7879","6246臺龍","110/08/13","群益金鼎-開元",12,5,7
"7880","6246臺龍","110/08/13","永豐金-市政",1,10,-9
"7881","6246臺龍","110/08/13","群益金鼎-古亭",7,0,7
"7882","6246臺龍","110/08/13","華南永昌-嘉義",0,8,-8
"7883","6246臺龍","110/08/13","凱基-高美館",7,0,7
"7884","6246臺龍","110/08/13","富邦-敦南",4,11,-7
"7885","6246臺龍","110/08/13","元大-東蘆",10,3,7
"7886","6246臺龍","110/08/13","第一金-彰化",6,12,-6
"7887","6246臺龍","110/08/13","元大-金華",8,1,7
"7888","6246臺龍","110/08/13","新光-桃園",2,8,-6
"7889","6246臺龍","110/08/13","永豐金-松山",7,0,7
"7890","6246臺龍","110/08/13","凱基-竹科",0,6,-6
"7891","00715L期街口布蘭特正2","110/08/13","元大證券",6162,789,5373
"7892","00715L期街口布蘭特正2","110/08/13","元大-四維",2,1000,-998
"7893","00715L期街口布蘭特正2","110/08/13","元富",1528,0,1528
"7894","00715L期街口布蘭特正2","110/08/13","玉山-嘉義",20,1016,-996
"7895","00715L期街口布蘭特正2","110/08/13","合庫證券",1153,0,1153
"7896","00715L期街口布蘭特正2","110/08/13","群益金鼎-古亭",0,666,-666
"7897","00715L期街口布蘭特正2","110/08/13","富邦證券",1029,290,739
"7898","00715L期街口布蘭特正2","110/08/13","富邦-員林",9,489,-480
"7899","00715L期街口布蘭特正2","110/08/13","台新-台中",284,9,275
"7900","00715L期街口布蘭特正2","110/08/13","元大-嘉義",1,400,-399
"7901","00715L期街口布蘭特正2","110/08/13","兆豐-台中",238,0,238
"7902","00715L期街口布蘭特正2","110/08/13","臺銀-新竹",2,360,-358
"7903","00715L期街口布蘭特正2","110/08/13","統一-桃園",283,80,203
"7904","00715L期街口布蘭特正2","110/08/13","日盛-二林",0,300,-300
"7905","00715L期街口布蘭特正2","110/08/13","群益金鼎-屏東",200,0,200
"7906","00715L期街口布蘭特正2","110/08/13","群益金鼎-延平",100,400,-300
"7907","00715L期街口布蘭特正2","110/08/13","元富-虎尾",172,0,172
"7908","00715L期街口布蘭特正2","110/08/13","元大-中和",175,450,-275
"7909","00715L期街口布蘭特正2","110/08/13","凱基-五股",163,0,163
"7910","00715L期街口布蘭特正2","110/08/13","第一金-彰化",5,230,-225
"7911","00715L期街口布蘭特正2","110/08/13","國泰-台南",155,19,136
"7912","00715L期街口布蘭特正2","110/08/13","元大-大里",16,225,-209
"7913","00715L期街口布蘭特正2","110/08/13","永豐金證券",482,350,132
"7914","00715L期街口布蘭特正2","110/08/13","港商野村",7,212,-205
"7915","00715L期街口布蘭特正2","110/08/13","元大-內湖",110,0,110
"7916","00715L期街口布蘭特正2","110/08/13","合庫-新竹",1,199,-198
"7917","00715L期街口布蘭特正2","110/08/13","兆豐-嘉義",103,0,103
"7918","00715L期街口布蘭特正2","110/08/13","高橋",9,205,-196
"7919","00715L期街口布蘭特正2","110/08/13","群益金鼎-土城",100,0,100
"7920","00715L期街口布蘭特正2","110/08/13","國泰-敦南",78,271,-193
"7921","8941關中","110/08/13","宏遠-館前",3,0,3
"7922","8941關中","110/08/13","日盛-信義",0,2,-2
"7923","8941關中","110/08/13","國泰-忠孝",1,0,1
"7924","8941關中","110/08/13","宏遠-中和",0,1,-1
"7925","8941關中","110/08/13","康和-板橋",0,0,0
"7926","8941關中","110/08/13","康和-嘉義",0,1,-1
"7927","8941關中","110/08/13","富邦-左營",0,0,0
"7928","8941關中","110/08/13","康和-板橋",0,0,0
"7929","8941關中","110/08/13","元大-松江",0,0,0
"7930","8941關中","110/08/13","富邦-左營",0,0,0
"7931","8941關中","110/08/13","元大-淡水",0,0,0
"7932","8941關中","110/08/13","元大-松江",0,0,0
"7933","8941關中","110/08/13","",NA,NA,NA
"7934","8941關中","110/08/13","元大-淡水",0,0,0
"7935","8941關中","110/08/13","",NA,NA,NA
"7936","8941關中","110/08/13","",NA,NA,NA
"7937","8941關中","110/08/13","",NA,NA,NA
"7938","8941關中","110/08/13","",NA,NA,NA
"7939","8941關中","110/08/13","",NA,NA,NA
"7940","8941關中","110/08/13","",NA,NA,NA
"7941","8941關中","110/08/13","",NA,NA,NA
"7942","8941關中","110/08/13","",NA,NA,NA
"7943","8941關中","110/08/13","",NA,NA,NA
"7944","8941關中","110/08/13","",NA,NA,NA
"7945","8941關中","110/08/13","",NA,NA,NA
"7946","8941關中","110/08/13","",NA,NA,NA
"7947","8941關中","110/08/13","",NA,NA,NA
"7948","8941關中","110/08/13","",NA,NA,NA
"7949","8941關中","110/08/13","",NA,NA,NA
"7950","8941關中","110/08/13","",NA,NA,NA
"7951","8936國統","110/08/13","台新-高雄",127,0,127
"7952","8936國統","110/08/13","第一金-豐原",0,60,-60
"7953","8936國統","110/08/13","美林",84,18,66
"7954","8936國統","110/08/13","凱基-台北",1,50,-49
"7955","8936國統","110/08/13","摩根大通",40,14,26
"7956","8936國統","110/08/13","凱基-高美館",8,51,-43
"7957","8936國統","110/08/13","凱基-台南",23,0,23
"7958","8936國統","110/08/13","港商野村",8,39,-31
"7959","8936國統","110/08/13","第一金-路竹",20,0,20
"7960","8936國統","110/08/13","日盛-忠孝",0,25,-25
"7961","8936國統","110/08/13","元大-敦化",17,0,17
"7962","8936國統","110/08/13","群益金鼎-台中",0,20,-20
"7963","8936國統","110/08/13","新光-台中",22,6,16
"7964","8936國統","110/08/13","台新-台南",0,15,-15
"7965","8936國統","110/08/13","元大-文心",15,0,15
"7966","8936國統","110/08/13","元大-博愛",0,14,-14
"7967","8936國統","110/08/13","元大-敦南",14,0,14
"7968","8936國統","110/08/13","合庫-台南",0,10,-10
"7969","8936國統","110/08/13","日盛-北高雄",12,0,12
"7970","8936國統","110/08/13","新光-桃園",0,10,-10
"7971","8936國統","110/08/13","元大-西螺",10,0,10
"7972","8936國統","110/08/13","永豐金-南投",0,10,-10
"7973","8936國統","110/08/13","彰銀",8,0,8
"7974","8936國統","110/08/13","永豐金-竹科",0,10,-10
"7975","8936國統","110/08/13","元富-大昌",8,0,8
"7976","8936國統","110/08/13","富邦-竹北",0,8,-8
"7977","8936國統","110/08/13","富邦-南屯",10,2,8
"7978","8936國統","110/08/13","元大-大里德芳",5,13,-8
"7979","8936國統","110/08/13","元大-天母",7,0,7
"7980","8936國統","110/08/13","台新證券",0,7,-7
"7981","6226光鼎","110/08/13","國泰-敦南",676,469,207
"7982","6226光鼎","110/08/13","摩根大通",267,1531,-1264
"7983","6226光鼎","110/08/13","元富-新竹",163,19,144
"7984","6226光鼎","110/08/13","美商高盛",149,1352,-1203
"7985","6226光鼎","110/08/13","合庫-台中",461,334,127
"7986","6226光鼎","110/08/13","瑞士信貸",52,752,-700
"7987","6226光鼎","110/08/13","國泰-台中",734,609,125
"7988","6226光鼎","110/08/13","凱基-台北",84,488,-404
"7989","6226光鼎","110/08/13","元大-小港",198,88,110
"7990","6226光鼎","110/08/13","台新-中壢",2,226,-224
"7991","6226光鼎","110/08/13","凱基-永和",91,0,91
"7992","6226光鼎","110/08/13","元大-文心興安",44,216,-172
"7993","6226光鼎","110/08/13","元大-西螺",82,5,77
"7994","6226光鼎","110/08/13","美林",234,376,-142
"7995","6226光鼎","110/08/13","永豐金-南京",78,1,77
"7996","6226光鼎","110/08/13","凱基-嘉義",12,126,-114
"7997","6226光鼎","110/08/13","群益金鼎-萬華",78,9,69
"7998","6226光鼎","110/08/13","富邦-陽明",23,117,-94
"7999","6226光鼎","110/08/13","日盛-八德",63,1,62
"8000","6226光鼎","110/08/13","兆豐-大安",4,85,-81
"8001","6226光鼎","110/08/13","凱基-桃園",88,27,61
"8002","6226光鼎","110/08/13","永豐金-中盛",27,107,-80
"8003","6226光鼎","110/08/13","凱基-岡山",62,1,61
"8004","6226光鼎","110/08/13","元大證券",232,304,-72
"8005","6226光鼎","110/08/13","臺銀-鳳山",110,52,58
"8006","6226光鼎","110/08/13","凱基-台中",19,84,-65
"8007","6226光鼎","110/08/13","元大-板橋三民",114,56,58
"8008","6226光鼎","110/08/13","元大-士林",107,171,-64
"8009","6226光鼎","110/08/13","凱基-板橋",195,140,55
"8010","6226光鼎","110/08/13","富邦-高雄",15,69,-54
"8011","2363矽統","110/08/13","美商高盛",416,10,406
"8012","2363矽統","110/08/13","元大-佳里",319,1216,-897
"8013","2363矽統","110/08/13","土銀",374,14,360
"8014","2363矽統","110/08/13","瑞士信貸",0,836,-836
"8015","2363矽統","110/08/13","玉山-台中",289,18,271
"8016","2363矽統","110/08/13","永豐金-中正",22,676,-654
"8017","2363矽統","110/08/13","大展",244,10,234
"8018","2363矽統","110/08/13","台灣摩根士丹利",116,566,-450
"8019","2363矽統","110/08/13","永豐金-板盛",172,22,150
"8020","2363矽統","110/08/13","宏遠-桃園",11,359,-348
"8021","2363矽統","110/08/13","富邦-仁愛",198,49,149
"8022","2363矽統","110/08/13","國泰-敦南",671,911,-240
"8023","2363矽統","110/08/13","日盛-北高雄",206,85,121
"8024","2363矽統","110/08/13","元大證券",126,352,-226
"8025","2363矽統","110/08/13","台新-三民",163,55,108
"8026","2363矽統","110/08/13","花旗環球",0,223,-223
"8027","2363矽統","110/08/13","元富-新店",130,23,107
"8028","2363矽統","110/08/13","臺銀",48,259,-211
"8029","2363矽統","110/08/13","永豐金-桃盛",108,5,103
"8030","2363矽統","110/08/13","摩根大通",268,460,-192
"8031","2363矽統","110/08/13","元大-復北",129,28,101
"8032","2363矽統","110/08/13","國票",63,248,-185
"8033","2363矽統","110/08/13","台新-屏東",116,18,98
"8034","2363矽統","110/08/13","台新-高雄",91,263,-172
"8035","2363矽統","110/08/13","華南永昌-虎尾",180,87,93
"8036","2363矽統","110/08/13","合庫證券",18,177,-159
"8037","2363矽統","110/08/13","元大-板橋",101,10,91
"8038","2363矽統","110/08/13","第一金-華江",65,206,-141
"8039","2363矽統","110/08/13","新光",343,260,83
"8040","2363矽統","110/08/13","中國信託-忠孝",65,201,-136
"8041","8112至上","110/08/13","合庫證券",160,5,155
"8042","8112至上","110/08/13","摩根大通",123,818,-695
"8043","8112至上","110/08/13","凱基-竹科",140,12,128
"8044","8112至上","110/08/13","美林",22,299,-277
"8045","8112至上","110/08/13","臺灣企銀-桃園",126,0,126
"8046","8112至上","110/08/13","第一金-華江",4,158,-154
"8047","8112至上","110/08/13","統一-中壢",79,1,78
"8048","8112至上","110/08/13","群益金鼎-基隆",1,117,-116
"8049","8112至上","110/08/13","港商麥格理",86,9,77
"8050","8112至上","110/08/13","新光-桃園",2,100,-98
"8051","8112至上","110/08/13","富邦-新竹",78,2,76
"8052","8112至上","110/08/13","永興-水湳",0,95,-95
"8053","8112至上","110/08/13","凱基-復興",67,0,67
"8054","8112至上","110/08/13","凱基-新店",50,141,-91
"8055","8112至上","110/08/13","合庫-西台中",62,2,60
"8056","8112至上","110/08/13","元富-新興",3,91,-88
"8057","8112至上","110/08/13","大慶",60,0,60
"8058","8112至上","110/08/13","凱基-台北",60,148,-88
"8059","8112至上","110/08/13","日盛-新竹",59,2,57
"8060","8112至上","110/08/13","國票-中和",4,90,-86
"8061","8112至上","110/08/13","元大-開元",53,0,53
"8062","8112至上","110/08/13","新加坡商瑞銀",5,88,-83
"8063","8112至上","110/08/13","富邦-中壢",51,4,47
"8064","8112至上","110/08/13","宏遠-民生",2,52,-50
"8065","8112至上","110/08/13","富邦-桃園",46,0,46
"8066","8112至上","110/08/13","群益金鼎-竹南",0,50,-50
"8067","8112至上","110/08/13","合庫-嘉義",44,0,44
"8068","8112至上","110/08/13","新百王",2,50,-48
"8069","8112至上","110/08/13","元大-府城",55,11,44
"8070","8112至上","110/08/13","港商野村",13,60,-47
"8071","1570力肯","110/08/13","新光",147,12,135
"8072","1570力肯","110/08/13","(牛牛牛)亞-鑫豐",15,136,-121
"8073","1570力肯","110/08/13","國票-北高雄",128,0,128
"8074","1570力肯","110/08/13","富邦-台中",0,51,-51
"8075","1570力肯","110/08/13","凱基-台北",80,24,56
"8076","1570力肯","110/08/13","日盛-頭份",0,50,-50
"8077","1570力肯","110/08/13","統一",54,0,54
"8078","1570力肯","110/08/13","元富-高雄",0,40,-40
"8079","1570力肯","110/08/13","國票-內壢",49,1,48
"8080","1570力肯","110/08/13","凱基-高美館",2,41,-39
"8081","1570力肯","110/08/13","美林",37,0,37
"8082","1570力肯","110/08/13","日盛-忠孝",0,38,-38
"8083","1570力肯","110/08/13","國票-天祥",45,8,37
"8084","1570力肯","110/08/13","元大-羅東",0,20,-20
"8085","1570力肯","110/08/13","摩根大通",67,45,22
"8086","1570力肯","110/08/13","元大-大天母",0,20,-20
"8087","1570力肯","110/08/13","永豐金-屏東",22,0,22
"8088","1570力肯","110/08/13","永豐金-嘉義",0,20,-20
"8089","1570力肯","110/08/13","元富-新店",20,0,20
"8090","1570力肯","110/08/13","國泰-敦南",2,20,-18
"8091","1570力肯","110/08/13","(牛牛牛)亞證券",20,0,20
"8092","1570力肯","110/08/13","元大-沙鹿",1,18,-17
"8093","1570力肯","110/08/13","凱基-台南",20,0,20
"8094","1570力肯","110/08/13","元大-林森",0,16,-16
"8095","1570力肯","110/08/13","元大-開元",20,0,20
"8096","1570力肯","110/08/13","永豐金-市政",1,16,-15
"8097","1570力肯","110/08/13","元大-花蓮",20,0,20
"8098","1570力肯","110/08/13","統一-三重",5,19,-14
"8099","1570力肯","110/08/13","元大-基隆",19,0,19
"8100","1570力肯","110/08/13","國泰-新莊",1,15,-14
"8101","2929淘帝","110/08/13","新光-新竹",488,287,201
"8102","2929淘帝","110/08/13","美林",17,84,-67
"8103","2929淘帝","110/08/13","元大-西門",38,1,37
"8104","2929淘帝","110/08/13","摩根大通",0,63,-63
"8105","2929淘帝","110/08/13","元富-文心",30,0,30
"8106","2929淘帝","110/08/13","港商野村",14,69,-55
"8107","2929淘帝","110/08/13","華南永昌-苗栗",30,0,30
"8108","2929淘帝","110/08/13","玉山-新竹",0,50,-50
"8109","2929淘帝","110/08/13","元大-豐原站前",31,1,30
"8110","2929淘帝","110/08/13","臺銀-新竹",0,30,-30
"8111","2929淘帝","110/08/13","元富-台南",22,0,22
"8112","2929淘帝","110/08/13","元富-三重",23,52,-29
"8113","2929淘帝","110/08/13","凱基-東門",20,0,20
"8114","2929淘帝","110/08/13","新加坡商瑞銀",18,41,-23
"8115","2929淘帝","110/08/13","永豐金-敦南",17,0,17
"8116","2929淘帝","110/08/13","兆豐-大同",0,21,-21
"8117","2929淘帝","110/08/13","新光",44,29,15
"8118","2929淘帝","110/08/13","美商高盛",0,20,-20
"8119","2929淘帝","110/08/13","元大-蘆洲",14,0,14
"8120","2929淘帝","110/08/13","台新-左楠",6,25,-19
"8121","2929淘帝","110/08/13","國票-博愛",12,0,12
"8122","2929淘帝","110/08/13","港商法國興業",0,14,-14
"8123","2929淘帝","110/08/13","合庫-自強",10,0,10
"8124","2929淘帝","110/08/13","台新證券",7,21,-14
"8125","2929淘帝","110/08/13","兆豐-桃園",10,0,10
"8126","2929淘帝","110/08/13","元大-館前",0,14,-14
"8127","2929淘帝","110/08/13","凱基-頭份",10,0,10
"8128","2929淘帝","110/08/13","亞東-新竹",0,13,-13
"8129","2929淘帝","110/08/13","華南永昌-大安",10,0,10
"8130","2929淘帝","110/08/13","元大-永和",7,20,-13
"8131","5410國眾","110/08/13","土銀-嘉義",21,0,21
"8132","5410國眾","110/08/13","國泰-敦南",20,102,-82
"8133","5410國眾","110/08/13","日盛-大墩",15,0,15
"8134","5410國眾","110/08/13","元大-大雅",0,64,-64
"8135","5410國眾","110/08/13","群益金鼎-民權",14,0,14
"8136","5410國眾","110/08/13","大昌-新店",0,37,-37
"8137","5410國眾","110/08/13","玉山-嘉義",12,0,12
"8138","5410國眾","110/08/13","陽信-石牌",0,33,-33
"8139","5410國眾","110/08/13","元大-新竹經國",12,0,12
"8140","5410國眾","110/08/13","摩根大通",0,26,-26
"8141","5410國眾","110/08/13","日盛-屏東",10,0,10
"8142","5410國眾","110/08/13","瑞士信貸",0,18,-18
"8143","5410國眾","110/08/13","富邦-竹北",10,0,10
"8144","5410國眾","110/08/13","元大-北投",8,22,-14
"8145","5410國眾","110/08/13","元富",10,1,9
"8146","5410國眾","110/08/13","合庫-台中",0,10,-10
"8147","5410國眾","110/08/13","凱基-八德",9,0,9
"8148","5410國眾","110/08/13","合庫-新竹",0,10,-10
"8149","5410國眾","110/08/13","富邦-台北",9,0,9
"8150","5410國眾","110/08/13","元大-善化",0,10,-10
"8151","5410國眾","110/08/13","富邦-新店",10,1,9
"8152","5410國眾","110/08/13","大昌",0,9,-9
"8153","5410國眾","110/08/13","元富-虎尾",8,0,8
"8154","5410國眾","110/08/13","兆豐-三重",0,9,-9
"8155","5410國眾","110/08/13","統一",7,0,7
"8156","5410國眾","110/08/13","新光",17,25,-8
"8157","5410國眾","110/08/13","日茂-南投",7,0,7
"8158","5410國眾","110/08/13","亞東-新竹",0,5,-5
"8159","5410國眾","110/08/13","元大-彰化",7,0,7
"8160","5410國眾","110/08/13","兆豐-桃鶯",0,5,-5
"8161","2841台開","110/08/13","宏遠-館前",181,0,181
"8162","2841台開","110/08/13","永豐金-內湖",0,77,-77
"8163","2841台開","110/08/13","日盛證券",70,1,69
"8164","2841台開","110/08/13","富邦-岡山",0,72,-72
"8165","2841台開","110/08/13","台新-三民",50,0,50
"8166","2841台開","110/08/13","永豐金-屏東",0,50,-50
"8167","2841台開","110/08/13","凱基-市政",18,0,18
"8168","2841台開","110/08/13","港商野村",0,38,-38
"8169","2841台開","110/08/13","新光",32,16,16
"8170","2841台開","110/08/13","元大-林園",0,30,-30
"8171","2841台開","110/08/13","兆豐-新營",15,0,15
"8172","2841台開","110/08/13","永豐金-敦南",13,42,-29
"8173","2841台開","110/08/13","日盛-內湖",12,0,12
"8174","2841台開","110/08/13","臺銀-民權",0,20,-20
"8175","2841台開","110/08/13","群益金鼎-基隆",11,0,11
"8176","2841台開","110/08/13","元大-崇德",0,19,-19
"8177","2841台開","110/08/13","富邦-台北",10,0,10
"8178","2841台開","110/08/13","日盛-中壢",0,18,-18
"8179","2841台開","110/08/13","元大-歸仁",10,0,10
"8180","2841台開","110/08/13","兆豐-板橋",0,10,-10
"8181","2841台開","110/08/13","凱基-台北",9,2,7
"8182","2841台開","110/08/13","豐農",0,10,-10
"8183","2841台開","110/08/13","元大-福營",10,3,7
"8184","2841台開","110/08/13","元大-北三重",0,10,-10
"8185","2841台開","110/08/13","元富-文心",5,0,5
"8186","2841台開","110/08/13","台新證券",6,13,-7
"8187","2841台開","110/08/13","凱基-東港",5,0,5
"8188","2841台開","110/08/13","光和-嘉義",0,6,-6
"8189","2841台開","110/08/13","元富-成功",3,0,3
"8190","2841台開","110/08/13","中國信託-高雄",0,5,-5
"8191","6207雷科","110/08/13","安泰",51,0,51
"8192","6207雷科","110/08/13","摩根大通",12,80,-68
"8193","6207雷科","110/08/13","永豐金證券",34,0,34
"8194","6207雷科","110/08/13","美林",1,34,-33
"8195","6207雷科","110/08/13","元大-潮州",32,0,32
"8196","6207雷科","110/08/13","新加坡商瑞銀",18,45,-27
"8197","6207雷科","110/08/13","元大-六合",30,0,30
"8198","6207雷科","110/08/13","凱基-復興",0,20,-20
"8199","6207雷科","110/08/13","富邦-中壢",20,0,20
"8200","6207雷科","110/08/13","凱基-台北",15,31,-16
"8201","6207雷科","110/08/13","統一-台中",10,0,10
"8202","6207雷科","110/08/13","港商野村",1,13,-12
"8203","6207雷科","110/08/13","凱基-岡山",10,0,10
"8204","6207雷科","110/08/13","群益金鼎-東門",0,12,-12
"8205","6207雷科","110/08/13","元大-東門",10,0,10
"8206","6207雷科","110/08/13","凱基-三峽",4,15,-11
"8207","6207雷科","110/08/13","元大-大天母",13,3,10
"8208","6207雷科","110/08/13","兆豐-公益",0,9,-9
"8209","6207雷科","110/08/13","元大-路竹",8,0,8
"8210","6207雷科","110/08/13","元大-鳳山",0,8,-8
"8211","6207雷科","110/08/13","富邦-敦南",7,0,7
"8212","6207雷科","110/08/13","合庫-鳳山",0,6,-6
"8213","6207雷科","110/08/13","兆豐-彰化",6,0,6
"8214","6207雷科","110/08/13","凱基-三重",0,6,-6
"8215","6207雷科","110/08/13","群益金鼎-土城",6,0,6
"8216","6207雷科","110/08/13","凱基-幸福",0,6,-6
"8217","6207雷科","110/08/13","玉山-台南",5,0,5
"8218","6207雷科","110/08/13","富邦-基隆",0,6,-6
"8219","6207雷科","110/08/13","凱基-湖口",5,0,5
"8220","6207雷科","110/08/13","元大-清水",0,6,-6
"8221","3679新至陞","110/08/13","元大-大天母",20,0,20
"8222","3679新至陞","110/08/13","摩根大通",2,27,-25
"8223","3679新至陞","110/08/13","台灣摩根士丹利",12,0,12
"8224","3679新至陞","110/08/13","瑞士信貸",1,16,-15
"8225","3679新至陞","110/08/13","元大-成功",10,0,10
"8226","3679新至陞","110/08/13","美林",0,10,-10
"8227","3679新至陞","110/08/13","兆豐-高雄",9,0,9
"8228","3679新至陞","110/08/13","凱基-台北",11,16,-5
"8229","3679新至陞","110/08/13","國泰-松江",4,0,4
"8230","3679新至陞","110/08/13","元大-東蘆",0,5,-5
"8231","3679新至陞","110/08/13","元大-大同",3,0,3
"8232","3679新至陞","110/08/13","元大-北成功",0,4,-4
"8233","3679新至陞","110/08/13","合庫-台中",2,0,2
"8234","3679新至陞","110/08/13","富邦-中壢",0,3,-3
"8235","3679新至陞","110/08/13","台中銀-員林",2,0,2
"8236","3679新至陞","110/08/13","彰銀",0,2,-2
"8237","3679新至陞","110/08/13","康和-板橋",2,0,2
"8238","3679新至陞","110/08/13","凱基-大安",0,2,-2
"8239","3679新至陞","110/08/13","新光-高雄",2,0,2
"8240","3679新至陞","110/08/13","華南永昌-鶯歌",0,2,-2
"8241","3679新至陞","110/08/13","凱基-文心",5,3,2
"8242","3679新至陞","110/08/13","富邦-仁愛",0,2,-2
"8243","3679新至陞","110/08/13","元大-景美",2,0,2
"8244","3679新至陞","110/08/13","元大證券",1,3,-2
"8245","3679新至陞","110/08/13","元大-土城永寧",2,0,2
"8246","3679新至陞","110/08/13","元大-土城",0,2,-2
"8247","3679新至陞","110/08/13","美商高盛",1,0,1
"8248","3679新至陞","110/08/13","台灣企銀-民雄",0,1,-1
"8249","3679新至陞","110/08/13","台新證券",1,0,1
"8250","3679新至陞","110/08/13","日盛證券",0,1,-1
"8251","2727王品","110/08/13","新光",27,6,21
"8252","2727王品","110/08/13","摩根大通",1,53,-52
"8253","2727王品","110/08/13","大慶-富順",20,0,20
"8254","2727王品","110/08/13","土銀-南港",0,40,-40
"8255","2727王品","110/08/13","兆豐-東門",17,0,17
"8256","2727王品","110/08/13","港商麥格理",0,24,-24
"8257","2727王品","110/08/13","新光-台中",19,2,17
"8258","2727王品","110/08/13","新加坡商瑞銀",0,21,-21
"8259","2727王品","110/08/13","元大-竹科",11,0,11
"8260","2727王品","110/08/13","康和-台南",1,22,-21
"8261","2727王品","110/08/13","日盛-屏東",10,0,10
"8262","2727王品","110/08/13","富邦-員林",0,17,-17
"8263","2727王品","110/08/13","彰銀-七賢",10,0,10
"8264","2727王品","110/08/13","港商野村",3,18,-15
"8265","2727王品","110/08/13","玉山-大里",10,0,10
"8266","2727王品","110/08/13","富邦-新營",0,15,-15
"8267","2727王品","110/08/13","富邦-台中",12,2,10
"8268","2727王品","110/08/13","台灣企銀-竹北",3,17,-14
"8269","2727王品","110/08/13","國泰-敦南",15,6,9
"8270","2727王品","110/08/13","國泰-板橋",3,17,-14
"8271","2727王品","110/08/13","臺銀",9,1,8
"8272","2727王品","110/08/13","凱基-板橋",0,13,-13
"8273","2727王品","110/08/13","元大-台中",8,0,8
"8274","2727王品","110/08/13","日盛-中和",1,13,-12
"8275","2727王品","110/08/13","國泰-台中",11,4,7
"8276","2727王品","110/08/13","第一金-新竹",1,12,-11
"8277","2727王品","110/08/13","永豐金-彰化",7,0,7
"8278","2727王品","110/08/13","統一",1,12,-11
"8279","2727王品","110/08/13","新光-桃園",6,0,6
"8280","2727王品","110/08/13","統一-竹南",0,10,-10
"8281","1570力肯","110/08/13","新光",147,12,135
"8282","1570力肯","110/08/13","(牛牛牛)亞-鑫豐",15,136,-121
"8283","1570力肯","110/08/13","國票-北高雄",128,0,128
"8284","1570力肯","110/08/13","富邦-台中",0,51,-51
"8285","1570力肯","110/08/13","凱基-台北",80,24,56
"8286","1570力肯","110/08/13","日盛-頭份",0,50,-50
"8287","1570力肯","110/08/13","統一",54,0,54
"8288","1570力肯","110/08/13","元富-高雄",0,40,-40
"8289","1570力肯","110/08/13","國票-內壢",49,1,48
"8290","1570力肯","110/08/13","凱基-高美館",2,41,-39
"8291","1570力肯","110/08/13","美林",37,0,37
"8292","1570力肯","110/08/13","日盛-忠孝",0,38,-38
"8293","1570力肯","110/08/13","國票-天祥",45,8,37
"8294","1570力肯","110/08/13","元大-羅東",0,20,-20
"8295","1570力肯","110/08/13","摩根大通",67,45,22
"8296","1570力肯","110/08/13","元大-大天母",0,20,-20
"8297","1570力肯","110/08/13","永豐金-屏東",22,0,22
"8298","1570力肯","110/08/13","永豐金-嘉義",0,20,-20
"8299","1570力肯","110/08/13","元富-新店",20,0,20
"8300","1570力肯","110/08/13","國泰-敦南",2,20,-18
"8301","1570力肯","110/08/13","(牛牛牛)亞證券",20,0,20
"8302","1570力肯","110/08/13","元大-沙鹿",1,18,-17
"8303","1570力肯","110/08/13","凱基-台南",20,0,20
"8304","1570力肯","110/08/13","元大-林森",0,16,-16
"8305","1570力肯","110/08/13","元大-開元",20,0,20
"8306","1570力肯","110/08/13","永豐金-市政",1,16,-15
"8307","1570力肯","110/08/13","元大-花蓮",20,0,20
"8308","1570力肯","110/08/13","統一-三重",5,19,-14
"8309","1570力肯","110/08/13","元大-基隆",19,0,19
"8310","1570力肯","110/08/13","國泰-新莊",1,15,-14
"8311","6180橘子","110/08/13","美商高盛",48,0,48
"8312","6180橘子","110/08/13","玉山-桃園",1,30,-29
"8313","6180橘子","110/08/13","美林",37,0,37
"8314","6180橘子","110/08/13","元大-成功",0,22,-22
"8315","6180橘子","110/08/13","凱基-台北",17,1,16
"8316","6180橘子","110/08/13","群益金鼎",0,11,-11
"8317","6180橘子","110/08/13","台新證券",15,1,14
"8318","6180橘子","110/08/13","亞東-高雄",0,10,-10
"8319","6180橘子","110/08/13","台灣摩根士丹利",13,0,13
"8320","6180橘子","110/08/13","元大-北港",0,10,-10
"8321","6180橘子","110/08/13","元大-北投",11,0,11
"8322","6180橘子","110/08/13","統一-彰化",3,10,-7
"8323","6180橘子","110/08/13","合庫-自強",10,0,10
"8324","6180橘子","110/08/13","摩根大通",6,13,-7
"8325","6180橘子","110/08/13","統一-台南",10,0,10
"8326","6180橘子","110/08/13","群益金鼎-中山",1,8,-7
"8327","6180橘子","110/08/13","兆豐-台中",10,0,10
"8328","6180橘子","110/08/13","元大-敦南",0,7,-7
"8329","6180橘子","110/08/13","群益金鼎-台中",10,0,10
"8330","6180橘子","110/08/13","國泰-板橋",0,6,-6
"8331","6180橘子","110/08/13","康和-台中",6,0,6
"8332","6180橘子","110/08/13","富邦-宜蘭",0,6,-6
"8333","6180橘子","110/08/13","凱基-汐止",5,0,5
"8334","6180橘子","110/08/13","元大-台北",0,6,-6
"8335","6180橘子","110/08/13","日盛-景美",6,2,4
"8336","6180橘子","110/08/13","永豐金-板橋",0,6,-6
"8337","6180橘子","110/08/13","新光-台中",4,0,4
"8338","6180橘子","110/08/13","亞東",0,5,-5
"8339","6180橘子","110/08/13","國泰-敦南",4,0,4
"8340","6180橘子","110/08/13","兆豐-竹北",0,5,-5
"8341","2390云辰","110/08/13","摩根大通",643,393,250
"8342","2390云辰","110/08/13","元大-信義",0,202,-202
"8343","2390云辰","110/08/13","美商高盛",269,138,131
"8344","2390云辰","110/08/13","美林",169,289,-120
"8345","2390云辰","110/08/13","凱基-台北",418,293,125
"8346","2390云辰","110/08/13","元大-東港",9,102,-93
"8347","2390云辰","110/08/13","元富-板橋",94,13,81
"8348","2390云辰","110/08/13","元富-高雄",17,94,-77
"8349","2390云辰","110/08/13","土銀-士林",78,0,78
"8350","2390云辰","110/08/13","凱基-竹科",5,76,-71
"8351","2390云辰","110/08/13","元大-前金",92,16,76
"8352","2390云辰","110/08/13","國票-博愛",40,107,-67
"8353","2390云辰","110/08/13","台新-台中",89,24,65
"8354","2390云辰","110/08/13","群益金鼎-開元",26,90,-64
"8355","2390云辰","110/08/13","光和-嘉義",73,10,63
"8356","2390云辰","110/08/13","新加坡商瑞銀",4,61,-57
"8357","2390云辰","110/08/13","富邦-敦南",59,0,59
"8358","2390云辰","110/08/13","港商野村",277,333,-56
"8359","2390云辰","110/08/13","富邦-彰化",69,11,58
"8360","2390云辰","110/08/13","新光",144,197,-53
"8361","2390云辰","110/08/13","元大-草屯",75,17,58
"8362","2390云辰","110/08/13","統一",23,75,-52
"8363","2390云辰","110/08/13","光和-溪湖",54,1,53
"8364","2390云辰","110/08/13","元大-林園",0,51,-51
"8365","2390云辰","110/08/13","元大-土城學府",263,210,53
"8366","2390云辰","110/08/13","富邦-新營",1,48,-47
"8367","2390云辰","110/08/13","元大-文心興安",64,11,53
"8368","2390云辰","110/08/13","元大-新莊",33,80,-47
"8369","2390云辰","110/08/13","國泰-忠孝",50,0,50
"8370","2390云辰","110/08/13","日盛-園區",10,55,-45
"8371","2867三商壽","110/08/12","新光",292,1,291
"8372","2867三商壽","110/08/12","摩根大通",53,266,-213
"8373","2867三商壽","110/08/12","元大-土城永寧",200,0,200
"8374","2867三商壽","110/08/12","元大-崇德",3,201,-198
"8375","2867三商壽","110/08/12","合庫證券",100,0,100
"8376","2867三商壽","110/08/12","美商高盛",31,159,-128
"8377","2867三商壽","110/08/12","土銀",100,0,100
"8378","2867三商壽","110/08/12","富邦證券",0,120,-120
"8379","2867三商壽","110/08/12","臺銀-臺南",100,0,100
"8380","2867三商壽","110/08/12","凱基-信義",0,117,-117
"8381","2867三商壽","110/08/12","元富-古亭",100,0,100
"8382","2867三商壽","110/08/12","凱基-台北",2,113,-111
"8383","2867三商壽","110/08/12","元大-新莊",100,0,100
"8384","2867三商壽","110/08/12","凱基-虎尾",0,100,-100
"8385","2867三商壽","110/08/12","凱基",97,0,97
"8386","2867三商壽","110/08/12","元大-南投",0,92,-92
"8387","2867三商壽","110/08/12","元大-桃園",60,0,60
"8388","2867三商壽","110/08/12","台灣摩根士丹利",0,70,-70
"8389","2867三商壽","110/08/12","合庫-西台中",51,0,51
"8390","2867三商壽","110/08/12","美林",8,72,-64
"8391","2867三商壽","110/08/12","華南永昌-鳳山",51,1,50
"8392","2867三商壽","110/08/12","新加坡商瑞銀",0,61,-61
"8393","2867三商壽","110/08/12","元大-沙鹿",39,0,39
"8394","2867三商壽","110/08/12","群益金鼎-台北",0,60,-60
"8395","2867三商壽","110/08/12","光和",30,0,30
"8396","2867三商壽","110/08/12","富邦-宜蘭",0,50,-50
"8397","2867三商壽","110/08/12","元大-龍潭",30,0,30
"8398","2867三商壽","110/08/12","元大-旗山",0,50,-50
"8399","2867三商壽","110/08/12","永豐金-員林",30,0,30
"8400","2867三商壽","110/08/12","元富-吉利",0,27,-27
"8401","5521工信","110/08/12","日進",900,0,900
"8402","5521工信","110/08/12","永豐金證券",14,200,-186
"8403","5521工信","110/08/12","摩根大通",678,57,621
"8404","5521工信","110/08/12","富邦-中壢",2,112,-110
"8405","5521工信","110/08/12","國票-安和",254,20,234
"8406","5521工信","110/08/12","中國信託-嘉義",0,100,-100
"8407","5521工信","110/08/12","凱基-台北",194,46,148
"8408","5521工信","110/08/12","元大-南屯",0,58,-58
"8409","5521工信","110/08/12","日盛-中和",103,10,93
"8410","5521工信","110/08/12","凱基-中壢",0,55,-55
"8411","5521工信","110/08/12","新光-新竹",80,5,75
"8412","5521工信","110/08/12","(牛牛牛)亞-鑫豐",1,52,-51
"8413","5521工信","110/08/12","美林",69,10,59
"8414","5521工信","110/08/12","台新證券",1,51,-50
"8415","5521工信","110/08/12","富邦-台北",69,20,49
"8416","5521工信","110/08/12","群益金鼎-崇德",0,48,-48
"8417","5521工信","110/08/12","新光-台南",37,0,37
"8418","5521工信","110/08/12","康和-內湖",0,46,-46
"8419","5521工信","110/08/12","永豐金-鳳山",32,0,32
"8420","5521工信","110/08/12","日盛-新莊",0,45,-45
"8421","5521工信","110/08/12","第一金-台南",67,42,25
"8422","5521工信","110/08/12","元大-旗山",1,46,-45
"8423","5521工信","110/08/12","台灣企銀-台中",20,0,20
"8424","5521工信","110/08/12","元大-內湖",0,45,-45
"8425","5521工信","110/08/12","康和-澎湖",20,0,20
"8426","5521工信","110/08/12","日盛-高雄",0,42,-42
"8427","5521工信","110/08/12","凱基-三多",20,0,20
"8428","5521工信","110/08/12","元大-大同",0,42,-42
"8429","5521工信","110/08/12","元大-仁愛",20,0,20
"8430","5521工信","110/08/12","第一金-新竹",0,40,-40
"8431","1471首利","110/08/12","摩根大通",190,21,169
"8432","1471首利","110/08/12","光和-溪湖",0,75,-75
"8433","1471首利","110/08/12","元大-敦化",100,0,100
"8434","1471首利","110/08/12","富邦-基隆",2,41,-39
"8435","1471首利","110/08/12","瑞士信貸",86,0,86
"8436","1471首利","110/08/12","凱基-台南",0,30,-30
"8437","1471首利","110/08/12","美商高盛",51,0,51
"8438","1471首利","110/08/12","元富-民權",0,29,-29
"8439","1471首利","110/08/12","美林",49,0,49
"8440","1471首利","110/08/12","凱基-東門",0,24,-24
"8441","1471首利","110/08/12","國票-北高雄",20,0,20
"8442","1471首利","110/08/12","永興-大墩",0,20,-20
"8443","1471首利","110/08/12","凱基-五股",20,0,20
"8444","1471首利","110/08/12","元大-土城",1,21,-20
"8445","1471首利","110/08/12","永豐金-中壢",20,0,20
"8446","1471首利","110/08/12","凱基-內埔",1,20,-19
"8447","1471首利","110/08/12","凱基-台北",16,0,16
"8448","1471首利","110/08/12","中國信託",0,17,-17
"8449","1471首利","110/08/12","台新證券",16,3,13
"8450","1471首利","110/08/12","華南永昌-中正",2,19,-17
"8451","1471首利","110/08/12","兆豐-員林",15,3,12
"8452","1471首利","110/08/12","中國信託-文心",0,16,-16
"8453","1471首利","110/08/12","中國信託-永康",10,0,10
"8454","1471首利","110/08/12","兆豐-台南",1,17,-16
"8455","1471首利","110/08/12","華南永昌-麻豆",11,1,10
"8456","1471首利","110/08/12","凱基-新豐",0,15,-15
"8457","1471首利","110/08/12","元大-新營",10,0,10
"8458","1471首利","110/08/12","永豐金-新莊",0,15,-15
"8459","1471首利","110/08/12","新加坡商瑞銀",6,0,6
"8460","1471首利","110/08/12","凱基-彰化",6,20,-14
"8461","2883開發金","110/08/12","美林",2636,759,1877
"8462","2883開發金","110/08/12","摩根大通",28,5087,-5059
"8463","2883開發金","110/08/12","華南永昌",889,3,886
"8464","2883開發金","110/08/12","新加坡商瑞銀",111,2619,-2508
"8465","2883開發金","110/08/12","美商高盛",1037,275,762
"8466","2883開發金","110/08/12","富邦-彰化",7,809,-802
"8467","2883開發金","110/08/12","凱基-員林",600,0,600
"8468","2883開發金","110/08/12","瑞士信貸",773,1528,-755
"8469","2883開發金","110/08/12","日盛-中壢",532,9,523
"8470","2883開發金","110/08/12","港商野村",2,600,-598
"8471","2883開發金","110/08/12","元大證券",631,169,462
"8472","2883開發金","110/08/12","宏遠-民生",0,500,-500
"8473","2883開發金","110/08/12","玉山-高雄",457,5,452
"8474","2883開發金","110/08/12","元大-桃園",19,504,-485
"8475","2883開發金","110/08/12","元大-員林",435,0,435
"8476","2883開發金","110/08/12","台灣摩根士丹利",1506,1983,-477
"8477","2883開發金","110/08/12","永豐金-高雄",343,20,323
"8478","2883開發金","110/08/12","永豐金-台南",29,495,-466
"8479","2883開發金","110/08/12","日盛-大墩",321,0,321
"8480","2883開發金","110/08/12","元大-斗六",4,457,-453
"8481","2883開發金","110/08/12","台新-三民",338,19,319
"8482","2883開發金","110/08/12","群益金鼎-桃園",36,314,-278
"8483","2883開發金","110/08/12","國泰-敦南",468,170,298
"8484","2883開發金","110/08/12","群益金鼎-開元",15,221,-206
"8485","2883開發金","110/08/12","兆豐-北高雄",258,6,252
"8486","2883開發金","110/08/12","土銀-台中",1,202,-201
"8487","2883開發金","110/08/12","安泰",272,53,219
"8488","2883開發金","110/08/12","凱基-台中",12,204,-192
"8489","2883開發金","110/08/12","群益金鼎-彰化",218,4,214
"8490","2883開發金","110/08/12","永豐金-中盛",55,246,-191
"8491","6205詮欣","110/08/12","元大-新竹經國",12,0,12
"8492","6205詮欣","110/08/12","元大-善化",0,20,-20
"8493","6205詮欣","110/08/12","臺銀-民權",8,0,8
"8494","6205詮欣","110/08/12","瑞士信貸",0,4,-4
"8495","6205詮欣","110/08/12","聯邦-嘉義",5,0,5
"8496","6205詮欣","110/08/12","群益金鼎-板橋",0,4,-4
"8497","6205詮欣","110/08/12","中國信託-三重",3,0,3
"8498","6205詮欣","110/08/12","元大-屏東民生",0,4,-4
"8499","6205詮欣","110/08/12","德信-新營",3,0,3
"8500","6205詮欣","110/08/12","臺銀-高雄",0,3,-3
"8501","6205詮欣","110/08/12","合庫-彰化",2,0,2
"8502","6205詮欣","110/08/12","凱基-南崁",0,3,-3
"8503","6205詮欣","110/08/12","新光-台南",2,0,2
"8504","6205詮欣","110/08/12","元大-華山",0,3,-3
"8505","6205詮欣","110/08/12","玉山-雙和",2,0,2
"8506","6205詮欣","110/08/12","摩根大通",0,2,-2
"8507","6205詮欣","110/08/12","元大-南投",2,0,2
"8508","6205詮欣","110/08/12","兆豐-新營",0,1,-1
"8509","6205詮欣","110/08/12","統一-三重",1,0,1
"8510","6205詮欣","110/08/12","兆豐-中壢",0,1,-1
"8511","6205詮欣","110/08/12","元富-安南",1,0,1
"8512","6205詮欣","110/08/12","凱基-台北",0,1,-1
"8513","6205詮欣","110/08/12","豐農",1,0,1
"8514","6205詮欣","110/08/12","凱基-竹科",0,1,-1
"8515","6205詮欣","110/08/12","北城證券",1,0,1
"8516","6205詮欣","110/08/12","富邦-高雄",0,1,-1
"8517","6205詮欣","110/08/12","玉山-嘉義",1,0,1
"8518","6205詮欣","110/08/12","元大-路竹",0,1,-1
"8519","6205詮欣","110/08/12","凱基-五股",1,0,1
"8520","6205詮欣","110/08/12","元大-屏南",0,1,-1
"8521","1540喬福","110/08/12","元富-中原",20,0,20
"8522","1540喬福","110/08/12","永豐金-豐原",0,64,-64
"8523","1540喬福","110/08/12","台中銀",17,0,17
"8524","1540喬福","110/08/12","統一-新台中",0,19,-19
"8525","1540喬福","110/08/12","凱基-中壢",11,0,11
"8526","1540喬福","110/08/12","凱基-興隆",0,7,-7
"8527","1540喬福","110/08/12","凱基-台中",8,0,8
"8528","1540喬福","110/08/12","玉山-城中",0,6,-6
"8529","1540喬福","110/08/12","亞東",5,0,5
"8530","1540喬福","110/08/12","富邦-台北",1,5,-4
"8531","1540喬福","110/08/12","群益金鼎-古亭",5,0,5
"8532","1540喬福","110/08/12","元大-左營",0,2,-2
"8533","1540喬福","110/08/12","美林",4,0,4
"8534","1540喬福","110/08/12","國泰-敦南",0,1,-1
"8535","1540喬福","110/08/12","兆豐-鹿港",4,0,4
"8536","1540喬福","110/08/12","凱基-基隆",0,1,-1
"8537","1540喬福","110/08/12","港商法國興業",3,0,3
"8538","1540喬福","110/08/12","凱基-大里",0,1,-1
"8539","1540喬福","110/08/12","凱基-苗栗",3,0,3
"8540","1540喬福","110/08/12","元富-中壢",0,0,0
"8541","1540喬福","110/08/12","國票-台中",2,0,2
"8542","1540喬福","110/08/12","凱基-竹北",0,0,0
"8543","1540喬福","110/08/12","兆豐-高雄",2,0,2
"8544","1540喬福","110/08/12","凱基-台北",1,1,0
"8545","1540喬福","110/08/12","元富-緯城",2,0,2
"8546","1540喬福","110/08/12","華南永昌-南京",0,0,0
"8547","1540喬福","110/08/12","華南永昌-台中",2,0,2
"8548","1540喬福","110/08/12","富邦-高雄",0,0,0
"8549","1540喬福","110/08/12","富邦-中壢",2,0,2
"8550","1540喬福","110/08/12","富邦-三重",0,0,0
"8551","2888新光金","110/08/12","群益金鼎-崇德",2118,3,2115
"8552","2888新光金","110/08/12","國票-台東",12,1903,-1891
"8553","2888新光金","110/08/12","國票-九鼎",2175,141,2034
"8554","2888新光金","110/08/12","永豐金-竹科",0,1186,-1186
"8555","2888新光金","110/08/12","元大-忠孝鼎富",986,4,982
"8556","2888新光金","110/08/12","群益金鼎-民權",1,1049,-1048
"8557","2888新光金","110/08/12","台灣摩根士丹利",992,319,673
"8558","2888新光金","110/08/12","凱基-台北",1172,2195,-1023
"8559","2888新光金","110/08/12","港商法國興業",670,0,670
"8560","2888新光金","110/08/12","摩根大通",829,1704,-875
"8561","2888新光金","110/08/12","富邦-內湖",605,0,605
"8562","2888新光金","110/08/12","美林",248,668,-420
"8563","2888新光金","110/08/12","華南永昌-台中",600,3,597
"8564","2888新光金","110/08/12","群益金鼎-鳳山",2,404,-402
"8565","2888新光金","110/08/12","元大-豐原站前",556,38,518
"8566","2888新光金","110/08/12","新加坡商瑞銀",470,857,-387
"8567","2888新光金","110/08/12","瑞士信貸",643,139,504
"8568","2888新光金","110/08/12","香港上海匯豐",22,270,-248
"8569","2888新光金","110/08/12","元大-永和",505,8,497
"8570","2888新光金","110/08/12","合庫證券",2,232,-230
"8571","2888新光金","110/08/12","法銀巴黎",498,9,489
"8572","2888新光金","110/08/12","元大-大同",0,214,-214
"8573","2888新光金","110/08/12","福邦-新竹",430,0,430
"8574","2888新光金","110/08/12","元富-文心",2,210,-208
"8575","2888新光金","110/08/12","凱基-鳳山",379,3,376
"8576","2888新光金","110/08/12","新光",154,346,-192
"8577","2888新光金","110/08/12","康和-內湖",306,7,299
"8578","2888新光金","110/08/12","元富-城東",28,215,-187
"8579","2888新光金","110/08/12","元大-樹林",300,10,290
"8580","2888新光金","110/08/12","富邦-彰化",23,201,-178
"8581","1340勝悅","110/08/12","國泰-台中",11,0,11
"8582","1340勝悅","110/08/12","中國信託",0,76,-76
"8583","1340勝悅","110/08/12","元大-博愛",10,0,10
"8584","1340勝悅","110/08/12","日盛-八德",0,14,-14
"8585","1340勝悅","110/08/12","凱基-台北",8,1,7
"8586","1340勝悅","110/08/12","摩根大通",3,13,-10
"8587","1340勝悅","110/08/12","臺灣企銀-埔墘",5,0,5
"8588","1340勝悅","110/08/12","日盛-木柵",0,7,-7
"8589","1340勝悅","110/08/12","第一金-新竹",5,0,5
"8590","1340勝悅","110/08/12","元大-路竹",0,7,-7
"8591","1340勝悅","110/08/12","元富-新興",5,0,5
"8592","1340勝悅","110/08/12","群益金鼎-內湖",0,4,-4
"8593","1340勝悅","110/08/12","兆豐-台南",5,0,5
"8594","1340勝悅","110/08/12","凱基-彰化",0,4,-4
"8595","1340勝悅","110/08/12","玉山-士林",5,0,5
"8596","1340勝悅","110/08/12","元大-大天母",0,3,-3
"8597","1340勝悅","110/08/12","華南永昌-新莊",5,0,5
"8598","1340勝悅","110/08/12","統一-城中",4,6,-2
"8599","1340勝悅","110/08/12","美商高盛",4,0,4
"8600","1340勝悅","110/08/12","兆豐-新竹",0,2,-2
"8601","1340勝悅","110/08/12","港商法國興業",3,0,3
"8602","1340勝悅","110/08/12","台新證券",0,2,-2
"8603","1340勝悅","110/08/12","台新-台中",3,0,3
"8604","1340勝悅","110/08/12","富邦-台南",0,2,-2
"8605","1340勝悅","110/08/12","玉山-台大",3,0,3
"8606","1340勝悅","110/08/12","元大-新營",0,2,-2
"8607","1340勝悅","110/08/12","國泰-高雄",3,0,3
"8608","1340勝悅","110/08/12","瑞士信貸",2,3,-1
"8609","1340勝悅","110/08/12","元大-竹南",3,0,3
"8610","1340勝悅","110/08/12","永豐金-中正",0,1,-1
"8611","6246臺龍","110/08/12","元大-南投",75,0,75
"8612","6246臺龍","110/08/12","統一-台中",0,58,-58
"8613","6246臺龍","110/08/12","元大-台北",32,0,32
"8614","6246臺龍","110/08/12","合庫-台中",1,41,-40
"8615","6246臺龍","110/08/12","元富-世貿",30,2,28
"8616","6246臺龍","110/08/12","凱基-市府",0,40,-40
"8617","6246臺龍","110/08/12","凱基-永和",25,0,25
"8618","6246臺龍","110/08/12","日盛-木柵",4,33,-29
"8619","6246臺龍","110/08/12","元富-新店",18,3,15
"8620","6246臺龍","110/08/12","凱基-台北",1,29,-28
"8621","6246臺龍","110/08/12","華南永昌-忠孝",12,0,12
"8622","6246臺龍","110/08/12","永豐金-內湖",2,30,-28
"8623","6246臺龍","110/08/12","永豐金-復興",12,0,12
"8624","6246臺龍","110/08/12","元大-中壢",23,44,-21
"8625","6246臺龍","110/08/12","富邦-敦南",11,0,11
"8626","6246臺龍","110/08/12","永全-南崁",0,20,-20
"8627","6246臺龍","110/08/12","元大證券",13,2,11
"8628","6246臺龍","110/08/12","國泰-敦南",7,27,-20
"8629","6246臺龍","110/08/12","大慶-蘆洲",10,0,10
"8630","6246臺龍","110/08/12","大昌",0,18,-18
"8631","6246臺龍","110/08/12","元大-新莊",10,0,10
"8632","6246臺龍","110/08/12","新光-台中",3,17,-14
"8633","6246臺龍","110/08/12","元大-林園",10,1,9
"8634","6246臺龍","110/08/12","元大-金門",3,16,-13
"8635","6246臺龍","110/08/12","元大-西屯",10,2,8
"8636","6246臺龍","110/08/12","永全",0,10,-10
"8637","6246臺龍","110/08/12","兆豐-公益",7,0,7
"8638","6246臺龍","110/08/12","元大-新店中正",0,10,-10
"8639","6246臺龍","110/08/12","群益金鼎-開元",7,0,7
"8640","6246臺龍","110/08/12","日盛-八德",0,8,-8
"8641","00715L期街口布蘭特正2","110/08/12","元大證券",13644,167,13477
"8642","00715L期街口布蘭特正2","110/08/12","元大-林森",0,780,-780
"8643","00715L期街口布蘭特正2","110/08/12","永豐金證券",2789,2,2787
"8644","00715L期街口布蘭特正2","110/08/12","台新-新營",12,600,-588
"8645","00715L期街口布蘭特正2","110/08/12","統一",2972,199,2773
"8646","00715L期街口布蘭特正2","110/08/12","台中銀",10,592,-582
"8647","00715L期街口布蘭特正2","110/08/12","元富",1524,5,1519
"8648","00715L期街口布蘭特正2","110/08/12","群益金鼎-屏東",0,575,-575
"8649","00715L期街口布蘭特正2","110/08/12","統一-嘉義",466,26,440
"8650","00715L期街口布蘭特正2","110/08/12","元大-北港",10,505,-495
"8651","00715L期街口布蘭特正2","110/08/12","群益金鼎-延平",300,4,296
"8652","00715L期街口布蘭特正2","110/08/12","兆豐-台中",0,476,-476
"8653","00715L期街口布蘭特正2","110/08/12","台新-三民",300,24,276
"8654","00715L期街口布蘭特正2","110/08/12","宏遠-桃園",0,438,-438
"8655","00715L期街口布蘭特正2","110/08/12","群益金鼎-瑞豐",210,14,196
"8656","00715L期街口布蘭特正2","110/08/12","台新-台中",65,474,-409
"8657","00715L期街口布蘭特正2","110/08/12","港商野村",320,140,180
"8658","00715L期街口布蘭特正2","110/08/12","元大-西螺",3,382,-379
"8659","00715L期街口布蘭特正2","110/08/12","台新-松江",200,35,165
"8660","00715L期街口布蘭特正2","110/08/12","凱基-城中",0,370,-370
"8661","00715L期街口布蘭特正2","110/08/12","合庫證券",121,0,121
"8662","00715L期街口布蘭特正2","110/08/12","元大-歸仁",20,384,-364
"8663","00715L期街口布蘭特正2","110/08/12","元大-旗山",120,1,119
"8664","00715L期街口布蘭特正2","110/08/12","群益金鼎-古亭",13,367,-354
"8665","00715L期街口布蘭特正2","110/08/12","富邦-員林",362,251,111
"8666","00715L期街口布蘭特正2","110/08/12","元大-竹科",6,327,-321
"8667","00715L期街口布蘭特正2","110/08/12","日盛-木柵",130,22,108
"8668","00715L期街口布蘭特正2","110/08/12","臺銀-新竹",0,320,-320
"8669","00715L期街口布蘭特正2","110/08/12","大慶-苗栗",107,2,105
"8670","00715L期街口布蘭特正2","110/08/12","統一-台中",7,325,-318
"8671","8941關中","110/08/12","元大-金華",1,0,1
"8672","8941關中","110/08/12","凱基-士林",0,2,-2
"8673","8941關中","110/08/12","元大-桃興",1,0,1
"8674","8941關中","110/08/12","(牛牛牛)亞-鑫豐",0,0,0
"8675","8941關中","110/08/12","(牛牛牛)亞-鑫豐",0,0,0
"8676","8941關中","110/08/12","台新-三民",0,0,0
"8677","8941關中","110/08/12","台新-三民",0,0,0
"8678","8941關中","110/08/12","國泰-忠孝",1,1,0
"8679","8941關中","110/08/12","國泰-忠孝",1,1,0
"8680","8941關中","110/08/12","凱基-市府",1,1,0
"8681","8941關中","110/08/12","凱基-市府",1,1,0
"8682","8941關中","110/08/12","",NA,NA,NA
"8683","8941關中","110/08/12","",NA,NA,NA
"8684","8941關中","110/08/12","",NA,NA,NA
"8685","8941關中","110/08/12","",NA,NA,NA
"8686","8941關中","110/08/12","",NA,NA,NA
"8687","8941關中","110/08/12","",NA,NA,NA
"8688","8941關中","110/08/12","",NA,NA,NA
"8689","8941關中","110/08/12","",NA,NA,NA
"8690","8941關中","110/08/12","",NA,NA,NA
"8691","8941關中","110/08/12","",NA,NA,NA
"8692","8941關中","110/08/12","",NA,NA,NA
"8693","8941關中","110/08/12","",NA,NA,NA
"8694","8941關中","110/08/12","",NA,NA,NA
"8695","8941關中","110/08/12","",NA,NA,NA
"8696","8941關中","110/08/12","",NA,NA,NA
"8697","8941關中","110/08/12","",NA,NA,NA
"8698","8941關中","110/08/12","",NA,NA,NA
"8699","8941關中","110/08/12","",NA,NA,NA
"8700","8941關中","110/08/12","",NA,NA,NA
"8701","8936國統","110/08/12","台新-高雄",410,32,378
"8702","8936國統","110/08/12","日盛-景美",0,70,-70
"8703","8936國統","110/08/12","元富-林園",65,0,65
"8704","8936國統","110/08/12","臺銀-金山",0,55,-55
"8705","8936國統","110/08/12","摩根大通",64,12,52
"8706","8936國統","110/08/12","元大-敦南",0,32,-32
"8707","8936國統","110/08/12","新加坡商瑞銀",53,31,22
"8708","8936國統","110/08/12","華南永昌-南京",0,30,-30
"8709","8936國統","110/08/12","元大-莒光",19,0,19
"8710","8936國統","110/08/12","玉山-台南",0,23,-23
"8711","8936國統","110/08/12","第一金-高雄",10,0,10
"8712","8936國統","110/08/12","兆豐-岡山",1,21,-20
"8713","8936國統","110/08/12","統一-高雄",10,0,10
"8714","8936國統","110/08/12","統一-新竹",0,14,-14
"8715","8936國統","110/08/12","元富-桃園",10,0,10
"8716","8936國統","110/08/12","國泰-敦南",1,14,-13
"8717","8936國統","110/08/12","台新-台南",10,0,10
"8718","8936國統","110/08/12","台灣摩根士丹利",2,14,-12
"8719","8936國統","110/08/12","元大-竹山",9,0,9
"8720","8936國統","110/08/12","凱基-台南",3,14,-11
"8721","8936國統","110/08/12","港商野村",15,8,7
"8722","8936國統","110/08/12","凱基-高美館",0,11,-11
"8723","8936國統","110/08/12","華南永昌-高雄",6,0,6
"8724","8936國統","110/08/12","元大-博愛",0,10,-10
"8725","8936國統","110/08/12","土銀-高雄",5,0,5
"8726","8936國統","110/08/12","第一金-新興",0,9,-9
"8727","8936國統","110/08/12","大昌-安康",5,0,5
"8728","8936國統","110/08/12","元大-沙鹿",0,9,-9
"8729","8936國統","110/08/12","兆豐-斗南",5,0,5
"8730","8936國統","110/08/12","元大-左營",3,12,-9
"8731","6226光鼎","110/08/12","摩根大通",1930,830,1100
"8732","6226光鼎","110/08/12","凱基-台北",224,675,-451
"8733","6226光鼎","110/08/12","第一金-大稻埕",418,0,418
"8734","6226光鼎","110/08/12","統一-高雄",1,353,-352
"8735","6226光鼎","110/08/12","台新-中壢",239,3,236
"8736","6226光鼎","110/08/12","美林",153,291,-138
"8737","6226光鼎","110/08/12","元大-文心興安",223,27,196
"8738","6226光鼎","110/08/12","大昌",88,225,-137
"8739","6226光鼎","110/08/12","富邦-陽明",112,9,103
"8740","6226光鼎","110/08/12","元大-土城永寧",3,126,-123
"8741","6226光鼎","110/08/12","華南永昌-高雄",96,13,83
"8742","6226光鼎","110/08/12","元大-北屯",16,107,-91
"8743","6226光鼎","110/08/12","永豐金-南投",95,13,82
"8744","6226光鼎","110/08/12","統一-板橋",0,88,-88
"8745","6226光鼎","110/08/12","永豐金-中盛",102,26,76
"8746","6226光鼎","110/08/12","群益金鼎-東大",5,91,-86
"8747","6226光鼎","110/08/12","元大證券",90,15,75
"8748","6226光鼎","110/08/12","富邦-南屯",40,111,-71
"8749","6226光鼎","110/08/12","元大-屏東民生",85,15,70
"8750","6226光鼎","110/08/12","新光",240,309,-69
"8751","6226光鼎","110/08/12","台灣摩根士丹利",93,32,61
"8752","6226光鼎","110/08/12","台新-高雄",75,143,-68
"8753","6226光鼎","110/08/12","富邦-高雄",121,66,55
"8754","6226光鼎","110/08/12","日盛證券",10,76,-66
"8755","6226光鼎","110/08/12","臺銀",106,54,52
"8756","6226光鼎","110/08/12","國泰-敦南",391,457,-66
"8757","6226光鼎","110/08/12","台灣企銀-三民",58,8,50
"8758","6226光鼎","110/08/12","富邦-台北",31,97,-66
"8759","6226光鼎","110/08/12","元大-新竹",250,200,50
"8760","6226光鼎","110/08/12","凱基-永和",30,91,-61
"8761","2363矽統","110/08/12","元大-佳里",810,33,777
"8762","2363矽統","110/08/12","凱基-台北",1783,3582,-1799
"8763","2363矽統","110/08/12","元大-大同",455,30,425
"8764","2363矽統","110/08/12","台灣摩根士丹利",0,959,-959
"8765","2363矽統","110/08/12","富邦-建國",503,100,403
"8766","2363矽統","110/08/12","華南永昌-斗六",90,1037,-947
"8767","2363矽統","110/08/12","北城證券",434,34,400
"8768","2363矽統","110/08/12","群益金鼎-敦南",27,331,-304
"8769","2363矽統","110/08/12","元大-開元",321,33,288
"8770","2363矽統","110/08/12","美商高盛",57,327,-270
"8771","2363矽統","110/08/12","台新-三民",287,84,203
"8772","2363矽統","110/08/12","大慶-蘆洲",26,233,-207
"8773","2363矽統","110/08/12","台中銀",157,23,134
"8774","2363矽統","110/08/12","新光-台南",130,324,-194
"8775","2363矽統","110/08/12","元大-新竹經國",152,21,131
"8776","2363矽統","110/08/12","美林",927,1076,-149
"8777","2363矽統","110/08/12","台新-高雄",449,322,127
"8778","2363矽統","110/08/12","華南永昌-頭份",187,328,-141
"8779","2363矽統","110/08/12","華南永昌",254,163,91
"8780","2363矽統","110/08/12","陽信-石牌",157,276,-119
"8781","2363矽統","110/08/12","凱基-城中",98,13,85
"8782","2363矽統","110/08/12","兆豐證券",0,104,-104
"8783","2363矽統","110/08/12","台中銀-台北",85,4,81
"8784","2363矽統","110/08/12","元大-忠孝鼎富",32,132,-100
"8785","2363矽統","110/08/12","元大-新莊",140,60,80
"8786","2363矽統","110/08/12","元大-鳳中",85,185,-100
"8787","2363矽統","110/08/12","玉山-台中",116,41,75
"8788","2363矽統","110/08/12","永豐金-桃盛",24,119,-95
"8789","2363矽統","110/08/12","元富-彰化",88,23,65
"8790","2363矽統","110/08/12","元大證券",51,145,-94
"8791","8112至上","110/08/12","摩根大通",1492,130,1362
"8792","8112至上","110/08/12","永豐金-台中",0,274,-274
"8793","8112至上","110/08/12","美林",712,13,699
"8794","8112至上","110/08/12","永豐金證券",8,272,-264
"8795","8112至上","110/08/12","台灣摩根士丹利",696,41,655
"8796","8112至上","110/08/12","群益金鼎-基隆",0,249,-249
"8797","8112至上","110/08/12","凱基-台北",582,82,500
"8798","8112至上","110/08/12","國票-長城",2,228,-226
"8799","8112至上","110/08/12","新加坡商瑞銀",359,18,341
"8800","8112至上","110/08/12","新光-新竹",19,208,-189
"8801","8112至上","110/08/12","花旗環球",266,0,266
"8802","8112至上","110/08/12","玉山-嘉義",20,168,-148
"8803","8112至上","110/08/12","富邦-仁愛",231,25,206
"8804","8112至上","110/08/12","元大-高雄",0,131,-131
"8805","8112至上","110/08/12","美商高盛",190,3,187
"8806","8112至上","110/08/12","臺灣企銀-桃園",128,251,-123
"8807","8112至上","110/08/12","凱基-三重",121,6,115
"8808","8112至上","110/08/12","元大-府城",0,115,-115
"8809","8112至上","110/08/12","港商野村",198,88,110
"8810","8112至上","110/08/12","台新證券",100,203,-103
"8811","8112至上","110/08/12","國票-中港",101,0,101
"8812","8112至上","110/08/12","康和-板橋",5,106,-101
"8813","8112至上","110/08/12","日盛-新竹",80,3,77
"8814","8112至上","110/08/12","元大-北成功",0,101,-101
"8815","8112至上","110/08/12","兆豐-斗南",71,8,63
"8816","8112至上","110/08/12","元大-永和",5,88,-83
"8817","8112至上","110/08/12","大慶",63,1,62
"8818","8112至上","110/08/12","群益金鼎-內湖",0,80,-80
"8819","8112至上","110/08/12","群益金鼎-竹南",57,1,56
"8820","8112至上","110/08/12","元大-南勢角",0,80,-80
"8821","1570力肯","110/08/12","台新證券",91,15,76
"8822","1570力肯","110/08/12","國票-北高雄",2,361,-359
"8823","1570力肯","110/08/12","元大-南投",81,5,76
"8824","1570力肯","110/08/12","新光",95,222,-127
"8825","1570力肯","110/08/12","永全-南崁",94,20,74
"8826","1570力肯","110/08/12","(牛牛牛)亞-鑫豐",28,120,-92
"8827","1570力肯","110/08/12","日盛-忠孝",57,0,57
"8828","1570力肯","110/08/12","華南永昌-高雄",0,52,-52
"8829","1570力肯","110/08/12","永豐金-北高雄",55,0,55
"8830","1570力肯","110/08/12","群益金鼎-三重",0,42,-42
"8831","1570力肯","110/08/12","中國信託-高雄",72,22,50
"8832","1570力肯","110/08/12","日盛-八德",2,39,-37
"8833","1570力肯","110/08/12","凱基-天母",49,0,49
"8834","1570力肯","110/08/12","新光-台中",130,167,-37
"8835","1570力肯","110/08/12","新光-台南",56,18,38
"8836","1570力肯","110/08/12","日盛-樹林",1,31,-30
"8837","1570力肯","110/08/12","兆豐-嘉義",35,0,35
"8838","1570力肯","110/08/12","元大-竹北",0,30,-30
"8839","1570力肯","110/08/12","國票-天祥",32,1,31
"8840","1570力肯","110/08/12","元大-楊梅",6,35,-29
"8841","1570力肯","110/08/12","國泰-松江",81,51,30
"8842","1570力肯","110/08/12","元大-桃興",4,32,-28
"8843","1570力肯","110/08/12","元大-新店中正",33,3,30
"8844","1570力肯","110/08/12","亞東-台中",0,26,-26
"8845","1570力肯","110/08/12","統一",48,21,27
"8846","1570力肯","110/08/12","永豐金-屏東",5,30,-25
"8847","1570力肯","110/08/12","國票-內壢",26,0,26
"8848","1570力肯","110/08/12","國泰-館前",0,24,-24
"8849","1570力肯","110/08/12","元大-大益",27,1,26
"8850","1570力肯","110/08/12","摩根大通",173,193,-20
"8851","2929淘帝","110/08/12","摩根大通",47,0,47
"8852","2929淘帝","110/08/12","華南永昌-彰化",0,30,-30
"8853","2929淘帝","110/08/12","宏遠-館前",40,0,40
"8854","2929淘帝","110/08/12","第一金-大稻埕",0,10,-10
"8855","2929淘帝","110/08/12","富邦-高雄",16,0,16
"8856","2929淘帝","110/08/12","統一-敦南",0,10,-10
"8857","2929淘帝","110/08/12","兆豐-內湖",15,0,15
"8858","2929淘帝","110/08/12","玉山-台南",0,10,-10
"8859","2929淘帝","110/08/12","港商野村",29,15,14
"8860","2929淘帝","110/08/12","元大-花蓮",0,10,-10
"8861","2929淘帝","110/08/12","元富-台南",10,0,10
"8862","2929淘帝","110/08/12","凱基-台中",0,9,-9
"8863","2929淘帝","110/08/12","豐農",10,0,10
"8864","2929淘帝","110/08/12","群益金鼎-潭子",0,8,-8
"8865","2929淘帝","110/08/12","群益金鼎-三重",10,0,10
"8866","2929淘帝","110/08/12","新加坡商瑞銀",10,17,-7
"8867","2929淘帝","110/08/12","永豐金證券",10,0,10
"8868","2929淘帝","110/08/12","新光-高雄",0,7,-7
"8869","2929淘帝","110/08/12","永豐金-敦南",10,0,10
"8870","2929淘帝","110/08/12","亞東-板橋",0,6,-6
"8871","2929淘帝","110/08/12","凱基-八德",6,0,6
"8872","2929淘帝","110/08/12","元富-中港",0,6,-6
"8873","2929淘帝","110/08/12","台新-新莊",5,0,5
"8874","2929淘帝","110/08/12","國泰-敦南",1,7,-6
"8875","2929淘帝","110/08/12","群益金鼎-中山",5,0,5
"8876","2929淘帝","110/08/12","永豐金-市政",0,6,-6
"8877","2929淘帝","110/08/12","凱基-幸福",5,0,5
"8878","2929淘帝","110/08/12","永豐金-中盛",10,16,-6
"8879","2929淘帝","110/08/12","元富-新竹",4,0,4
"8880","2929淘帝","110/08/12","台新-三民",0,5,-5
"8881","5410國眾","110/08/12","凱基-八德",23,0,23
"8882","5410國眾","110/08/12","國泰-敦南",1,101,-100
"8883","5410國眾","110/08/12","元大-大灣",11,0,11
"8884","5410國眾","110/08/12","第一金-華江",0,27,-27
"8885","5410國眾","110/08/12","合庫-新竹",10,0,10
"8886","5410國眾","110/08/12","元大-竹科",0,17,-17
"8887","5410國眾","110/08/12","凱基-虎尾",10,0,10
"8888","5410國眾","110/08/12","元大-歸仁",1,15,-14
"8889","5410國眾","110/08/12","富邦-竹北",10,0,10
"8890","5410國眾","110/08/12","日盛-八德",0,10,-10
"8891","5410國眾","110/08/12","玉山-新莊",9,0,9
"8892","5410國眾","110/08/12","華南永昌-潮州",0,10,-10
"8893","5410國眾","110/08/12","玉山-台大",8,0,8
"8894","5410國眾","110/08/12","富邦-板橋",0,7,-7
"8895","5410國眾","110/08/12","凱基-桃園",8,0,8
"8896","5410國眾","110/08/12","凱基-高雄",0,6,-6
"8897","5410國眾","110/08/12","日盛-永康",7,0,7
"8898","5410國眾","110/08/12","元大-忠孝",0,6,-6
"8899","5410國眾","110/08/12","玉山-雙和",7,0,7
"8900","5410國眾","110/08/12","凱基-汐止",0,5,-5
"8901","5410國眾","110/08/12","元大-彰化",7,0,7
"8902","5410國眾","110/08/12","凱基-台北",0,5,-5
"8903","5410國眾","110/08/12","元大-崇德",7,0,7
"8904","5410國眾","110/08/12","元富-花蓮",0,4,-4
"8905","5410國眾","110/08/12","國泰-館前",6,0,6
"8906","5410國眾","110/08/12","凱基-岡山",0,4,-4
"8907","5410國眾","110/08/12","國泰-板橋",8,2,6
"8908","5410國眾","110/08/12","瑞士信貸",0,3,-3
"8909","5410國眾","110/08/12","元富-桃園",5,0,5
"8910","5410國眾","110/08/12","富邦-台中",0,3,-3
"8911","2841台開","110/08/12","宏遠-館前",370,0,370
"8912","2841台開","110/08/12","永豐金-敦南",4,134,-130
"8913","2841台開","110/08/12","永豐金-豐原",94,0,94
"8914","2841台開","110/08/12","港商野村",0,85,-85
"8915","2841台開","110/08/12","富邦-北港",53,0,53
"8916","2841台開","110/08/12","國泰-忠孝",1,40,-39
"8917","2841台開","110/08/12","新光-台中",20,0,20
"8918","2841台開","110/08/12","富邦-仁愛",0,38,-38
"8919","2841台開","110/08/12","凱基-高美館",20,0,20
"8920","2841台開","110/08/12","新加坡商瑞銀",0,27,-27
"8921","2841台開","110/08/12","元大-左營",20,0,20
"8922","2841台開","110/08/12","統一-嘉義",0,21,-21
"8923","2841台開","110/08/12","元大-基隆孝二",11,0,11
"8924","2841台開","110/08/12","日盛-忠孝",0,20,-20
"8925","2841台開","110/08/12","元大-路竹",10,0,10
"8926","2841台開","110/08/12","日盛-中壢",0,20,-20
"8927","2841台開","110/08/12","華南永昌-虎尾",9,0,9
"8928","2841台開","110/08/12","宏遠-桃園",0,20,-20
"8929","2841台開","110/08/12","康和-台北",6,0,6
"8930","2841台開","110/08/12","群益金鼎-南京",0,20,-20
"8931","2841台開","110/08/12","致和-東門",5,0,5
"8932","2841台開","110/08/12","合庫-基隆",0,18,-18
"8933","2841台開","110/08/12","元大-虎尾",5,0,5
"8934","2841台開","110/08/12","日盛證券",0,17,-17
"8935","2841台開","110/08/12","元大-莒光",5,0,5
"8936","2841台開","110/08/12","元大-歸仁",0,15,-15
"8937","2841台開","110/08/12","永豐金-桃園",5,0,5
"8938","2841台開","110/08/12","新光",10,21,-11
"8939","2841台開","110/08/12","新光-台南",4,0,4
"8940","2841台開","110/08/12","群益金鼎-天母",0,11,-11
"8941","6207雷科","110/08/12","摩根大通",125,11,114
"8942","6207雷科","110/08/12","凱基-復興",0,120,-120
"8943","6207雷科","110/08/12","凱基-台北",96,1,95
"8944","6207雷科","110/08/12","元大-鳳山",0,62,-62
"8945","6207雷科","110/08/12","美林",38,3,35
"8946","6207雷科","110/08/12","日盛證券",0,56,-56
"8947","6207雷科","110/08/12","兆豐-南京",30,0,30
"8948","6207雷科","110/08/12","日盛-忠孝",0,48,-48
"8949","6207雷科","110/08/12","港商野村",27,1,26
"8950","6207雷科","110/08/12","日盛-桃園",0,11,-11
"8951","6207雷科","110/08/12","元大-南京",20,0,20
"8952","6207雷科","110/08/12","中國信託-高雄",0,10,-10
"8953","6207雷科","110/08/12","臺銀-臺南",12,0,12
"8954","6207雷科","110/08/12","元大-土城永寧",0,10,-10
"8955","6207雷科","110/08/12","瑞士信貸",11,0,11
"8956","6207雷科","110/08/12","凱基-湖口",0,8,-8
"8957","6207雷科","110/08/12","新加坡商瑞銀",20,11,9
"8958","6207雷科","110/08/12","富邦-敦南",0,7,-7
"8959","6207雷科","110/08/12","第一金-新興",6,0,6
"8960","6207雷科","110/08/12","凱基-三峽",0,6,-6
"8961","6207雷科","110/08/12","群益金鼎-士林",6,0,6
"8962","6207雷科","110/08/12","永豐金-高雄",0,6,-6
"8963","6207雷科","110/08/12","群益金鼎-瑞豐",6,0,6
"8964","6207雷科","110/08/12","宏遠證券",0,5,-5
"8965","6207雷科","110/08/12","兆豐-來福",5,0,5
"8966","6207雷科","110/08/12","元富-彰化",0,5,-5
"8967","6207雷科","110/08/12","華南永昌-彰化",5,0,5
"8968","6207雷科","110/08/12","凱基-岡山",0,5,-5
"8969","6207雷科","110/08/12","富邦-中壢",5,0,5
"8970","6207雷科","110/08/12","富邦-建國",0,5,-5
"8971","3679新至陞","110/08/12","台灣摩根士丹利",10,0,10
"8972","3679新至陞","110/08/12","元大-成功",0,10,-10
"8973","3679新至陞","110/08/12","國泰-松江",8,0,8
"8974","3679新至陞","110/08/12","新加坡商瑞銀",0,7,-7
"8975","3679新至陞","110/08/12","元大-大同",3,0,3
"8976","3679新至陞","110/08/12","摩根大通",2,6,-4
"8977","3679新至陞","110/08/12","聯邦-三重",2,0,2
"8978","3679新至陞","110/08/12","瑞士信貸",0,3,-3
"8979","3679新至陞","110/08/12","凱基-站前",2,0,2
"8980","3679新至陞","110/08/12","港商野村",0,3,-3
"8981","3679新至陞","110/08/12","日盛-板橋",1,0,1
"8982","3679新至陞","110/08/12","凱基-新豐",0,3,-3
"8983","3679新至陞","110/08/12","日盛-龍潭",1,0,1
"8984","3679新至陞","110/08/12","元大證券",0,3,-3
"8985","3679新至陞","110/08/12","美商高盛",1,0,1
"8986","3679新至陞","110/08/12","康和-板橋",0,2,-2
"8987","3679新至陞","110/08/12","大慶-蘆洲",1,0,1
"8988","3679新至陞","110/08/12","富邦-台北",0,2,-2
"8989","3679新至陞","110/08/12","元富-民權",1,0,1
"8990","3679新至陞","110/08/12","元大-土城永寧",0,2,-2
"8991","3679新至陞","110/08/12","元富-花蓮",1,0,1
"8992","3679新至陞","110/08/12","彰銀",0,1,-1
"8993","3679新至陞","110/08/12","(牛牛牛)亞-網路",1,0,1
"8994","3679新至陞","110/08/12","大慶-富順",0,1,-1
"8995","3679新至陞","110/08/12","光和-溪湖",1,0,1
"8996","3679新至陞","110/08/12","台中銀-豐原",0,1,-1
"8997","3679新至陞","110/08/12","兆豐-城中",1,0,1
"8998","3679新至陞","110/08/12","兆豐-東門",0,1,-1
"8999","3679新至陞","110/08/12","兆豐-岡山",1,0,1
"9000","3679新至陞","110/08/12","凱基-新店",0,1,-1
"9001","2727王品","110/08/12","新光",25,8,17
"9002","2727王品","110/08/12","美林",0,76,-76
"9003","2727王品","110/08/12","彰銀-台中",14,2,12
"9004","2727王品","110/08/12","新加坡商瑞銀",0,52,-52
"9005","2727王品","110/08/12","康和-澎湖",10,0,10
"9006","2727王品","110/08/12","凱基-台北",2,38,-36
"9007","2727王品","110/08/12","富邦-建國",10,1,9
"9008","2727王品","110/08/12","國泰證券",0,22,-22
"9009","2727王品","110/08/12","永豐金-中正",9,0,9
"9010","2727王品","110/08/12","統一",1,19,-18
"9011","2727王品","110/08/12","中國信託",12,4,8
"9012","2727王品","110/08/12","元大證券",5,21,-16
"9013","2727王品","110/08/12","國泰-敦南",9,1,8
"9014","2727王品","110/08/12","永豐金證券",0,16,-16
"9015","2727王品","110/08/12","日盛-景美",8,1,7
"9016","2727王品","110/08/12","港商野村",4,15,-11
"9017","2727王品","110/08/12","元富-永和",7,0,7
"9018","2727王品","110/08/12","元富-大昌",0,8,-8
"9019","2727王品","110/08/12","富邦-新店",7,0,7
"9020","2727王品","110/08/12","元大-沙鹿",0,8,-8
"9021","2727王品","110/08/12","日盛-木柵",6,0,6
"9022","2727王品","110/08/12","元大-板橋",5,10,-5
"9023","2727王品","110/08/12","日盛-屏東",7,1,6
"9024","2727王品","110/08/12","永豐金-彰化",0,5,-5
"9025","2727王品","110/08/12","台新-三民",7,1,6
"9026","2727王品","110/08/12","大慶-泰山",0,4,-4
"9027","2727王品","110/08/12","凱基-三重",6,0,6
"9028","2727王品","110/08/12","台中銀",0,4,-4
"9029","2727王品","110/08/12","第一金-台南",5,0,5
"9030","2727王品","110/08/12","康和",0,4,-4
"9031","1570力肯","110/08/12","台新證券",91,15,76
"9032","1570力肯","110/08/12","國票-北高雄",2,361,-359
"9033","1570力肯","110/08/12","元大-南投",81,5,76
"9034","1570力肯","110/08/12","新光",95,222,-127
"9035","1570力肯","110/08/12","永全-南崁",94,20,74
"9036","1570力肯","110/08/12","(牛牛牛)亞-鑫豐",28,120,-92
"9037","1570力肯","110/08/12","日盛-忠孝",57,0,57
"9038","1570力肯","110/08/12","華南永昌-高雄",0,52,-52
"9039","1570力肯","110/08/12","永豐金-北高雄",55,0,55
"9040","1570力肯","110/08/12","群益金鼎-三重",0,42,-42
"9041","1570力肯","110/08/12","中國信託-高雄",72,22,50
"9042","1570力肯","110/08/12","日盛-八德",2,39,-37
"9043","1570力肯","110/08/12","凱基-天母",49,0,49
"9044","1570力肯","110/08/12","新光-台中",130,167,-37
"9045","1570力肯","110/08/12","新光-台南",56,18,38
"9046","1570力肯","110/08/12","日盛-樹林",1,31,-30
"9047","1570力肯","110/08/12","兆豐-嘉義",35,0,35
"9048","1570力肯","110/08/12","元大-竹北",0,30,-30
"9049","1570力肯","110/08/12","國票-天祥",32,1,31
"9050","1570力肯","110/08/12","元大-楊梅",6,35,-29
"9051","1570力肯","110/08/12","國泰-松江",81,51,30
"9052","1570力肯","110/08/12","元大-桃興",4,32,-28
"9053","1570力肯","110/08/12","元大-新店中正",33,3,30
"9054","1570力肯","110/08/12","亞東-台中",0,26,-26
"9055","1570力肯","110/08/12","統一",48,21,27
"9056","1570力肯","110/08/12","永豐金-屏東",5,30,-25
"9057","1570力肯","110/08/12","國票-內壢",26,0,26
"9058","1570力肯","110/08/12","國泰-館前",0,24,-24
"9059","1570力肯","110/08/12","元大-大益",27,1,26
"9060","1570力肯","110/08/12","摩根大通",173,193,-20
"9061","6180橘子","110/08/12","第一金-忠孝",54,0,54
"9062","6180橘子","110/08/12","台灣企銀-屏東",0,30,-30
"9063","6180橘子","110/08/12","美林",35,0,35
"9064","6180橘子","110/08/12","元大-斗信",0,20,-20
"9065","6180橘子","110/08/12","凱基-台北",27,0,27
"9066","6180橘子","110/08/12","永豐金-信義",0,15,-15
"9067","6180橘子","110/08/12","美商高盛",23,2,21
"9068","6180橘子","110/08/12","玉山-桃園",0,14,-14
"9069","6180橘子","110/08/12","元大-前金",20,0,20
"9070","6180橘子","110/08/12","兆豐-埔墘",0,10,-10
"9071","6180橘子","110/08/12","摩根大通",21,5,16
"9072","6180橘子","110/08/12","富邦-高雄",0,10,-10
"9073","6180橘子","110/08/12","元大-敦南",11,0,11
"9074","6180橘子","110/08/12","台新-新營",1,10,-9
"9075","6180橘子","110/08/12","統一-基隆",10,0,10
"9076","6180橘子","110/08/12","富邦-員林",0,9,-9
"9077","6180橘子","110/08/12","元大證券",6,0,6
"9078","6180橘子","110/08/12","台灣摩根士丹利",4,11,-7
"9079","6180橘子","110/08/12","日盛-樹林",5,0,5
"9080","6180橘子","110/08/12","大慶-蘆洲",0,7,-7
"9081","6180橘子","110/08/12","新光-新竹",6,1,5
"9082","6180橘子","110/08/12","元大-北三重",0,7,-7
"9083","6180橘子","110/08/12","元大-上新莊",5,0,5
"9084","6180橘子","110/08/12","新光",1,6,-5
"9085","6180橘子","110/08/12","新加坡商瑞銀",3,0,3
"9086","6180橘子","110/08/12","華南永昌-虎尾",0,5,-5
"9087","6180橘子","110/08/12","統一-中壢",3,0,3
"9088","6180橘子","110/08/12","元大-屏南",0,5,-5
"9089","6180橘子","110/08/12","元富-新店",3,0,3
"9090","6180橘子","110/08/12","群益金鼎-東湖",1,5,-4
"9091","2390云辰","110/08/12","美林",245,9,236
"9092","2390云辰","110/08/12","臺銀-臺中",2,218,-216
"9093","2390云辰","110/08/12","新加坡商瑞銀",90,20,70
"9094","2390云辰","110/08/12","兆豐-寶成",0,185,-185
"9095","2390云辰","110/08/12","台灣摩根士丹利",59,2,57
"9096","2390云辰","110/08/12","元大-板橋三民",1,70,-69
"9097","2390云辰","110/08/12","凱基-台北",127,72,55
"9098","2390云辰","110/08/12","永豐金-松山",5,70,-65
"9099","2390云辰","110/08/12","元大-豐原站前",51,1,50
"9100","2390云辰","110/08/12","富邦-建國",11,62,-51
"9101","2390云辰","110/08/12","港商野村",198,154,44
"9102","2390云辰","110/08/12","元大-土城學府",36,70,-34
"9103","2390云辰","110/08/12","凱基-站前",54,10,44
"9104","2390云辰","110/08/12","元大-土城永寧",10,39,-29
"9105","2390云辰","110/08/12","元大-北三重",34,2,32
"9106","2390云辰","110/08/12","群益金鼎-中壢",3,30,-27
"9107","2390云辰","110/08/12","凱基-民權",30,0,30
"9108","2390云辰","110/08/12","元大-新竹",3,30,-27
"9109","2390云辰","110/08/12","華南永昌-岡山",28,0,28
"9110","2390云辰","110/08/12","元富-城東",2,28,-26
"9111","2390云辰","110/08/12","元富-同大",34,7,27
"9112","2390云辰","110/08/12","群益金鼎-三民",2,26,-24
"9113","2390云辰","110/08/12","元大-路竹",45,20,25
"9114","2390云辰","110/08/12","台新-左楠",28,50,-22
"9115","2390云辰","110/08/12","國票-博愛",34,11,23
"9116","2390云辰","110/08/12","中農",1,23,-22
"9117","2390云辰","110/08/12","元大-台南",25,2,23
"9118","2390云辰","110/08/12","聯邦商銀",0,22,-22
"9119","2390云辰","110/08/12","群益金鼎-開元",30,8,22
"9120","2390云辰","110/08/12","元富-新店",2,23,-21
"9121","2867三商壽","110/08/11","摩根大通",509,31,478
"9122","2867三商壽","110/08/11","港商野村",13,188,-175
"9123","2867三商壽","110/08/11","美商高盛",157,17,140
"9124","2867三商壽","110/08/11","宏遠-高雄",0,150,-150
"9125","2867三商壽","110/08/11","凱基-台北",123,14,109
"9126","2867三商壽","110/08/11","日盛-鳳山",0,73,-73
"9127","2867三商壽","110/08/11","凱基-八德",101,0,101
"9128","2867三商壽","110/08/11","德信-中正",0,71,-71
"9129","2867三商壽","110/08/11","統一-平鎮",100,0,100
"9130","2867三商壽","110/08/11","凱基-新豐",1,67,-66
"9131","2867三商壽","110/08/11","元大-土城永寧",94,5,89
"9132","2867三商壽","110/08/11","土銀-新竹",0,60,-60
"9133","2867三商壽","110/08/11","元大-沙鹿",63,0,63
"9134","2867三商壽","110/08/11","凱基-中港",0,55,-55
"9135","2867三商壽","110/08/11","新加坡商瑞銀",55,1,54
"9136","2867三商壽","110/08/11","中國信託-文心",11,61,-50
"9137","2867三商壽","110/08/11","台灣摩根士丹利",60,10,50
"9138","2867三商壽","110/08/11","國泰-新莊",2,50,-48
"9139","2867三商壽","110/08/11","元富-潮州",41,0,41
"9140","2867三商壽","110/08/11","群益金鼎",0,40,-40
"9141","2867三商壽","110/08/11","統一-汐止",40,0,40
"9142","2867三商壽","110/08/11","元大-大益",0,40,-40
"9143","2867三商壽","110/08/11","新光-高雄",40,4,36
"9144","2867三商壽","110/08/11","富邦-板橋",5,38,-33
"9145","2867三商壽","110/08/11","玉山-板橋",31,1,30
"9146","2867三商壽","110/08/11","元富-古亭",0,30,-30
"9147","2867三商壽","110/08/11","美林",194,168,26
"9148","2867三商壽","110/08/11","元大-金華",0,30,-30
"9149","2867三商壽","110/08/11","凱基",24,0,24
"9150","2867三商壽","110/08/11","元大-汐止",13,42,-29
"9151","5521工信","110/08/11","摩根大通",417,16,401
"9152","5521工信","110/08/11","元大-沙鹿",0,103,-103
"9153","5521工信","110/08/11","凱基-台北",86,5,81
"9154","5521工信","110/08/11","華南永昌",0,43,-43
"9155","5521工信","110/08/11","日進",73,0,73
"9156","5521工信","110/08/11","聯邦-雙和",0,42,-42
"9157","5521工信","110/08/11","日盛證券",70,0,70
"9158","5521工信","110/08/11","元富-基隆",0,38,-38
"9159","5521工信","110/08/11","富邦-台北",65,0,65
"9160","5521工信","110/08/11","第一金-路竹",0,37,-37
"9161","5521工信","110/08/11","富邦-苗栗",50,0,50
"9162","5521工信","110/08/11","土銀-台中",0,35,-35
"9163","5521工信","110/08/11","永豐金-鳳山",40,1,39
"9164","5521工信","110/08/11","玉山-高雄",0,30,-30
"9165","5521工信","110/08/11","台灣企銀-北高雄",30,0,30
"9166","5521工信","110/08/11","凱基-台南",0,30,-30
"9167","5521工信","110/08/11","美林",71,42,29
"9168","5521工信","110/08/11","凱基-復興",0,30,-30
"9169","5521工信","110/08/11","台新-台中",31,6,25
"9170","5521工信","110/08/11","元大-屏南",0,30,-30
"9171","5521工信","110/08/11","凱基-鳳山",20,0,20
"9172","5521工信","110/08/11","永豐金-天母",0,30,-30
"9173","5521工信","110/08/11","元大-東蘆",20,0,20
"9174","5521工信","110/08/11","華南永昌-潮州",4,32,-28
"9175","5521工信","110/08/11","群益金鼎-士林",21,3,18
"9176","5521工信","110/08/11","華南永昌-彰化",13,39,-26
"9177","5521工信","110/08/11","永豐金證券",14,0,14
"9178","5521工信","110/08/11","日盛-新莊",0,25,-25
"9179","5521工信","110/08/11","瑞士信貸",13,0,13
"9180","5521工信","110/08/11","群益金鼎-敦南",0,25,-25
"9181","1471首利","110/08/11","瑞士信貸",162,0,162
"9182","1471首利","110/08/11","日盛-和美",1,55,-54
"9183","1471首利","110/08/11","永全-八德",100,0,100
"9184","1471首利","110/08/11","臺銀-臺中",3,55,-52
"9185","1471首利","110/08/11","摩根大通",128,46,82
"9186","1471首利","110/08/11","永豐金-板盛",0,42,-42
"9187","1471首利","110/08/11","台新證券",48,7,41
"9188","1471首利","110/08/11","兆豐-桃園",0,40,-40
"9189","1471首利","110/08/11","凱基-台南",30,0,30
"9190","1471首利","110/08/11","凱基-東門",0,40,-40
"9191","1471首利","110/08/11","凱基-內埔",20,0,20
"9192","1471首利","110/08/11","元大-新竹經國",0,40,-40
"9193","1471首利","110/08/11","元大-蘆洲",20,0,20
"9194","1471首利","110/08/11","群益金鼎-中港",0,35,-35
"9195","1471首利","110/08/11","台新-高雄",16,0,16
"9196","1471首利","110/08/11","元大-竹山",0,30,-30
"9197","1471首利","110/08/11","大慶-富順",13,0,13
"9198","1471首利","110/08/11","富邦-新竹",1,30,-29
"9199","1471首利","110/08/11","群益金鼎-海山",13,0,13
"9200","1471首利","110/08/11","日盛-八德",0,27,-27
"9201","1471首利","110/08/11","日盛-大墩",12,0,12
"9202","1471首利","110/08/11","大慶-蘆洲",5,30,-25
"9203","1471首利","110/08/11","凱基-三重",12,0,12
"9204","1471首利","110/08/11","元富-林園",0,25,-25
"9205","1471首利","110/08/11","華南永昌-林口",12,0,12
"9206","1471首利","110/08/11","元富-大昌",0,25,-25
"9207","1471首利","110/08/11","富邦-中壢",13,2,11
"9208","1471首利","110/08/11","新光",9,34,-25
"9209","1471首利","110/08/11","合庫-台中",10,0,10
"9210","1471首利","110/08/11","兆豐-寶成",0,24,-24
"9211","2883開發金","110/08/11","瑞士信貸",5796,0,5796
"9212","2883開發金","110/08/11","元富",772,4335,-3563
"9213","2883開發金","110/08/11","元大-板橋三民",4182,53,4129
"9214","2883開發金","110/08/11","美林",2516,5260,-2744
"9215","2883開發金","110/08/11","合庫證券",3532,28,3504
"9216","2883開發金","110/08/11","永豐金-彰化",42,2447,-2405
"9217","2883開發金","110/08/11","兆豐證券",2123,44,2079
"9218","2883開發金","110/08/11","元大證券",1279,3467,-2188
"9219","2883開發金","110/08/11","台灣摩根士丹利",2946,1744,1202
"9220","2883開發金","110/08/11","國票-長城",0,2014,-2014
"9221","2883開發金","110/08/11","富邦-建國",1195,92,1103
"9222","2883開發金","110/08/11","港商野村",3121,4600,-1479
"9223","2883開發金","110/08/11","新光-新竹",1140,38,1102
"9224","2883開發金","110/08/11","元大-金華",31,1341,-1310
"9225","2883開發金","110/08/11","美商高盛",1600,535,1065
"9226","2883開發金","110/08/11","元大-彰化",67,1218,-1151
"9227","2883開發金","110/08/11","群益金鼎-南京",1083,202,881
"9228","2883開發金","110/08/11","玉山-高雄",99,986,-887
"9229","2883開發金","110/08/11","凱基-台北",5046,4258,788
"9230","2883開發金","110/08/11","元富-彰化",27,813,-786
"9231","2883開發金","110/08/11","港商法國興業",728,0,728
"9232","2883開發金","110/08/11","摩根大通",3362,4085,-723
"9233","2883開發金","110/08/11","玉山證券",716,98,618
"9234","2883開發金","110/08/11","國泰證券",21,658,-637
"9235","2883開發金","110/08/11","凱基-豐中",634,76,558
"9236","2883開發金","110/08/11","富邦-新店",61,662,-601
"9237","2883開發金","110/08/11","永豐金-忠孝",1406,858,548
"9238","2883開發金","110/08/11","元大-小港",71,667,-596
"9239","2883開發金","110/08/11","元大-民生",532,2,530
"9240","2883開發金","110/08/11","富邦-台北",213,798,-585
"9241","6205詮欣","110/08/11","臺銀-民權",25,0,25
"9242","6205詮欣","110/08/11","摩根大通",2,46,-44
"9243","6205詮欣","110/08/11","合庫-三重",20,0,20
"9244","6205詮欣","110/08/11","永豐金-敦南",0,14,-14
"9245","6205詮欣","110/08/11","元富-宜蘭",20,0,20
"9246","6205詮欣","110/08/11","瑞士信貸",0,11,-11
"9247","6205詮欣","110/08/11","德信-新營",10,0,10
"9248","6205詮欣","110/08/11","永豐金-忠孝",0,10,-10
"9249","6205詮欣","110/08/11","元大-西屯",10,0,10
"9250","6205詮欣","110/08/11","統一-汐止",0,6,-6
"9251","6205詮欣","110/08/11","永豐金-中正",9,0,9
"9252","6205詮欣","110/08/11","港商野村",0,5,-5
"9253","6205詮欣","110/08/11","日盛-三重",5,0,5
"9254","6205詮欣","110/08/11","新光",0,5,-5
"9255","6205詮欣","110/08/11","日盛-花蓮",5,0,5
"9256","6205詮欣","110/08/11","群益金鼎-開元",0,5,-5
"9257","6205詮欣","110/08/11","宏遠證券",5,0,5
"9258","6205詮欣","110/08/11","富邦-陽明",0,5,-5
"9259","6205詮欣","110/08/11","高橋",5,0,5
"9260","6205詮欣","110/08/11","元大-館前",0,5,-5
"9261","6205詮欣","110/08/11","亞東-板橋",4,0,4
"9262","6205詮欣","110/08/11","大慶-中壢",0,4,-4
"9263","6205詮欣","110/08/11","元富-基隆",3,0,3
"9264","6205詮欣","110/08/11","凱基-和平",0,4,-4
"9265","6205詮欣","110/08/11","元大-台中中港",3,0,3
"9266","6205詮欣","110/08/11","富邦-台北",0,4,-4
"9267","6205詮欣","110/08/11","合庫-彰化",2,0,2
"9268","6205詮欣","110/08/11","元大-南投",0,4,-4
"9269","6205詮欣","110/08/11","元大-西門",2,0,2
"9270","6205詮欣","110/08/11","元大-東蘆",0,4,-4
"9271","1540喬福","110/08/11","元富-中原",30,0,30
"9272","1540喬福","110/08/11","統一-新台中",0,18,-18
"9273","1540喬福","110/08/11","台中銀",17,0,17
"9274","1540喬福","110/08/11","凱基-台北",0,16,-16
"9275","1540喬福","110/08/11","富邦-竹北",11,0,11
"9276","1540喬福","110/08/11","永豐金-板新",0,15,-15
"9277","1540喬福","110/08/11","國泰-敦南",8,0,8
"9278","1540喬福","110/08/11","永豐金-中盛",0,11,-11
"9279","1540喬福","110/08/11","凱基-中壢",6,0,6
"9280","1540喬福","110/08/11","元大-中壢",0,10,-10
"9281","1540喬福","110/08/11","凱基-台南",5,0,5
"9282","1540喬福","110/08/11","玉山-台南",0,4,-4
"9283","1540喬福","110/08/11","元大-土城永寧",3,0,3
"9284","1540喬福","110/08/11","國票-南科",0,3,-3
"9285","1540喬福","110/08/11","臺銀-鳳山",2,0,2
"9286","1540喬福","110/08/11","元大-龍潭",0,3,-3
"9287","1540喬福","110/08/11","日盛-台中",2,0,2
"9288","1540喬福","110/08/11","臺銀-臺中",0,2,-2
"9289","1540喬福","110/08/11","兆豐-北高雄",2,0,2
"9290","1540喬福","110/08/11","(牛牛牛)亞-網路",0,2,-2
"9291","1540喬福","110/08/11","兆豐-三民",2,0,2
"9292","1540喬福","110/08/11","新光-台南",0,2,-2
"9293","1540喬福","110/08/11","合庫-桃園",1,0,1
"9294","1540喬福","110/08/11","凱基-永和",0,2,-2
"9295","1540喬福","110/08/11","臺銀-民權",1,0,1
"9296","1540喬福","110/08/11","元大-南崁",0,2,-2
"9297","1540喬福","110/08/11","臺銀-高雄",1,0,1
"9298","1540喬福","110/08/11","美林",0,1,-1
"9299","1540喬福","110/08/11","日盛-永康",1,0,1
"9300","1540喬福","110/08/11","美商高盛",0,1,-1
"9301","2888新光金","110/08/11","摩根大通",6950,1470,5480
"9302","2888新光金","110/08/11","第一金-高雄",5,5018,-5013
"9303","2888新光金","110/08/11","元大-忠孝鼎富",4314,11,4303
"9304","2888新光金","110/08/11","永豐金-天母",0,2241,-2241
"9305","2888新光金","110/08/11","美商高盛",4420,228,4192
"9306","2888新光金","110/08/11","統一-中壢",11,1720,-1709
"9307","2888新光金","110/08/11","瑞士信貸",2928,166,2762
"9308","2888新光金","110/08/11","美林",1510,3170,-1660
"9309","2888新光金","110/08/11","群益金鼎",1859,0,1859
"9310","2888新光金","110/08/11","國票-台東",21,1606,-1585
"9311","2888新光金","110/08/11","凱基-台北",5335,3700,1635
"9312","2888新光金","110/08/11","元富-城東",25,1082,-1057
"9313","2888新光金","110/08/11","新加坡商瑞銀",1506,65,1441
"9314","2888新光金","110/08/11","台灣摩根士丹利",916,1951,-1035
"9315","2888新光金","110/08/11","港商法國興業",1338,0,1338
"9316","2888新光金","110/08/11","中國信託",25,740,-715
"9317","2888新光金","110/08/11","元富-中港",1250,9,1241
"9318","2888新光金","110/08/11","新光",391,1047,-656
"9319","2888新光金","110/08/11","福邦-新竹",1176,0,1176
"9320","2888新光金","110/08/11","合庫-高雄",1,567,-566
"9321","2888新光金","110/08/11","凱基-林口",1005,35,970
"9322","2888新光金","110/08/11","康和-台中",1,463,-462
"9323","2888新光金","110/08/11","港商野村",1301,434,867
"9324","2888新光金","110/08/11","玉山證券",260,691,-431
"9325","2888新光金","110/08/11","國票-安和",1179,519,660
"9326","2888新光金","110/08/11","元大-和平",4,382,-378
"9327","2888新光金","110/08/11","富邦-敦南",569,19,550
"9328","2888新光金","110/08/11","日盛-新莊",0,350,-350
"9329","2888新光金","110/08/11","香港上海匯豐",441,0,441
"9330","2888新光金","110/08/11","群益金鼎-大興",1,341,-340
"9331","1340勝悅","110/08/11","華南永昌-高雄",24,4,20
"9332","1340勝悅","110/08/11","元大-大統",0,42,-42
"9333","1340勝悅","110/08/11","亞東-板橋",18,0,18
"9334","1340勝悅","110/08/11","(牛牛牛)亞-鑫豐",0,25,-25
"9335","1340勝悅","110/08/11","永豐金-台南",12,0,12
"9336","1340勝悅","110/08/11","美林",0,20,-20
"9337","1340勝悅","110/08/11","永豐金-板盛",10,0,10
"9338","1340勝悅","110/08/11","摩根大通",0,18,-18
"9339","1340勝悅","110/08/11","永豐金-天母",9,0,9
"9340","1340勝悅","110/08/11","元富-基隆",0,12,-12
"9341","1340勝悅","110/08/11","國泰-敦南",15,7,8
"9342","1340勝悅","110/08/11","玉山-高雄",0,12,-12
"9343","1340勝悅","110/08/11","群益金鼎-館前",8,0,8
"9344","1340勝悅","110/08/11","元大-桃興",0,10,-10
"9345","1340勝悅","110/08/11","凱基-台中",7,0,7
"9346","1340勝悅","110/08/11","永豐金-博愛",0,10,-10
"9347","1340勝悅","110/08/11","統一-城中",6,0,6
"9348","1340勝悅","110/08/11","瑞士信貸",0,8,-8
"9349","1340勝悅","110/08/11","群益金鼎-崇德",6,0,6
"9350","1340勝悅","110/08/11","日盛-台中",0,6,-6
"9351","1340勝悅","110/08/11","永豐金-松山",6,0,6
"9352","1340勝悅","110/08/11","元大-景美",0,6,-6
"9353","1340勝悅","110/08/11","臺銀-鳳山",5,0,5
"9354","1340勝悅","110/08/11","日盛-信義",0,5,-5
"9355","1340勝悅","110/08/11","永全-南崁",5,0,5
"9356","1340勝悅","110/08/11","台新證券",0,5,-5
"9357","1340勝悅","110/08/11","玉山-士林",5,0,5
"9358","1340勝悅","110/08/11","元大-忠孝鼎富",0,5,-5
"9359","1340勝悅","110/08/11","國泰-台中",15,10,5
"9360","1340勝悅","110/08/11","元大-中壢",0,5,-5
"9361","6246臺龍","110/08/11","永興",40,3,37
"9362","6246臺龍","110/08/11","港商野村",6,139,-133
"9363","6246臺龍","110/08/11","永豐金-內湖",42,9,33
"9364","6246臺龍","110/08/11","統一",0,97,-97
"9365","6246臺龍","110/08/11","元大-豐原站前",68,41,27
"9366","6246臺龍","110/08/11","兆豐-松德",0,82,-82
"9367","6246臺龍","110/08/11","日盛-員林",21,1,20
"9368","6246臺龍","110/08/11","元大-新盛",24,80,-56
"9369","6246臺龍","110/08/11","康和-澎湖",20,0,20
"9370","6246臺龍","110/08/11","元大-北港",0,35,-35
"9371","6246臺龍","110/08/11","元大-歸仁",18,0,18
"9372","6246臺龍","110/08/11","元大-西門",0,28,-28
"9373","6246臺龍","110/08/11","元大-中壢",35,17,18
"9374","6246臺龍","110/08/11","永興-台中",0,27,-27
"9375","6246臺龍","110/08/11","玉山-大里",17,0,17
"9376","6246臺龍","110/08/11","永興-水湳",0,25,-25
"9377","6246臺龍","110/08/11","大慶-泰山",15,0,15
"9378","6246臺龍","110/08/11","元大-西螺",6,30,-24
"9379","6246臺龍","110/08/11","永豐金-松山",15,1,14
"9380","6246臺龍","110/08/11","元大-西屯",2,25,-23
"9381","6246臺龍","110/08/11","凱基-永和",13,0,13
"9382","6246臺龍","110/08/11","新光",45,67,-22
"9383","6246臺龍","110/08/11","華南永昌-嘉義",13,0,13
"9384","6246臺龍","110/08/11","第一金-台中",0,20,-20
"9385","6246臺龍","110/08/11","富邦-三重",13,0,13
"9386","6246臺龍","110/08/11","兆豐-南京",0,20,-20
"9387","6246臺龍","110/08/11","日盛-高雄",12,0,12
"9388","6246臺龍","110/08/11","日盛-頭份",2,20,-18
"9389","6246臺龍","110/08/11","群益金鼎-北高雄",12,0,12
"9390","6246臺龍","110/08/11","宏遠-桃園",0,17,-17
"9391","00715L期街口布蘭特正2","110/08/11","元大證券",11593,2378,9215
"9392","00715L期街口布蘭特正2","110/08/11","凱基-台北",313,3001,-2688
"9393","00715L期街口布蘭特正2","110/08/11","永豐金-新店",1600,4,1596
"9394","00715L期街口布蘭特正2","110/08/11","富邦-南屯",403,1908,-1505
"9395","00715L期街口布蘭特正2","110/08/11","第一金-台中",1282,31,1251
"9396","00715L期街口布蘭特正2","110/08/11","新光",152,1165,-1013
"9397","00715L期街口布蘭特正2","110/08/11","元大-敦化",1200,20,1180
"9398","00715L期街口布蘭特正2","110/08/11","第一金-台南",0,519,-519
"9399","00715L期街口布蘭特正2","110/08/11","永豐金證券",1128,53,1075
"9400","00715L期街口布蘭特正2","110/08/11","統一-新竹",13,506,-493
"9401","00715L期街口布蘭特正2","110/08/11","元大-復北",556,21,535
"9402","00715L期街口布蘭特正2","110/08/11","台新-三民",0,438,-438
"9403","00715L期街口布蘭特正2","110/08/11","日盛-永康",340,0,340
"9404","00715L期街口布蘭特正2","110/08/11","富邦-彰化",30,391,-361
"9405","00715L期街口布蘭特正2","110/08/11","群益金鼎-板橋",350,17,333
"9406","00715L期街口布蘭特正2","110/08/11","元富-中壢",5,316,-311
"9407","00715L期街口布蘭特正2","110/08/11","元富",325,2,323
"9408","00715L期街口布蘭特正2","110/08/11","凱基-豐中",0,302,-302
"9409","00715L期街口布蘭特正2","110/08/11","凱基-科園",300,0,300
"9410","00715L期街口布蘭特正2","110/08/11","康和",359,645,-286
"9411","00715L期街口布蘭特正2","110/08/11","元大-蘆洲",311,59,252
"9412","00715L期街口布蘭特正2","110/08/11","元富-成功",5,290,-285
"9413","00715L期街口布蘭特正2","110/08/11","群益金鼎-崇德",251,20,231
"9414","00715L期街口布蘭特正2","110/08/11","台新-松江",0,268,-268
"9415","00715L期街口布蘭特正2","110/08/11","富邦-建國",265,42,223
"9416","00715L期街口布蘭特正2","110/08/11","元大-前金",21,279,-258
"9417","00715L期街口布蘭特正2","110/08/11","富邦-嘉義",300,99,201
"9418","00715L期街口布蘭特正2","110/08/11","國泰-高雄",13,236,-223
"9419","00715L期街口布蘭特正2","110/08/11","元大-竹科",314,115,199
"9420","00715L期街口布蘭特正2","110/08/11","中國信託-嘉義",4,223,-219
"9421","8941關中","110/08/11","凱基-市府",1,0,1
"9422","8941關中","110/08/11","元大-古亭",0,1,-1
"9423","8941關中","110/08/11","康和-板橋",0,0,0
"9424","8941關中","110/08/11","康和-板橋",0,0,0
"9425","8941關中","110/08/11","國泰-忠孝",0,0,0
"9426","8941關中","110/08/11","國泰-忠孝",0,0,0
"9427","8941關中","110/08/11","富邦-北港",0,0,0
"9428","8941關中","110/08/11","富邦-北港",0,0,0
"9429","8941關中","110/08/11","元大證券",0,0,0
"9430","8941關中","110/08/11","元大證券",0,0,0
"9431","8941關中","110/08/11","",NA,NA,NA
"9432","8941關中","110/08/11","",NA,NA,NA
"9433","8941關中","110/08/11","",NA,NA,NA
"9434","8941關中","110/08/11","",NA,NA,NA
"9435","8941關中","110/08/11","",NA,NA,NA
"9436","8941關中","110/08/11","",NA,NA,NA
"9437","8941關中","110/08/11","",NA,NA,NA
"9438","8941關中","110/08/11","",NA,NA,NA
"9439","8941關中","110/08/11","",NA,NA,NA
"9440","8941關中","110/08/11","",NA,NA,NA
"9441","8941關中","110/08/11","",NA,NA,NA
"9442","8941關中","110/08/11","",NA,NA,NA
"9443","8941關中","110/08/11","",NA,NA,NA
"9444","8941關中","110/08/11","",NA,NA,NA
"9445","8941關中","110/08/11","",NA,NA,NA
"9446","8941關中","110/08/11","",NA,NA,NA
"9447","8941關中","110/08/11","",NA,NA,NA
"9448","8941關中","110/08/11","",NA,NA,NA
"9449","8941關中","110/08/11","",NA,NA,NA
"9450","8941關中","110/08/11","",NA,NA,NA
"9451","8936國統","110/08/11","台新-高雄",218,1,217
"9452","8936國統","110/08/11","凱基-內埔",0,70,-70
"9453","8936國統","110/08/11","新光-桃園",105,3,102
"9454","8936國統","110/08/11","元大-太平",0,60,-60
"9455","8936國統","110/08/11","新加坡商瑞銀",124,59,65
"9456","8936國統","110/08/11","永豐金-板盛",0,48,-48
"9457","8936國統","110/08/11","美林",61,0,61
"9458","8936國統","110/08/11","兆豐-高雄",0,29,-29
"9459","8936國統","110/08/11","摩根大通",71,16,55
"9460","8936國統","110/08/11","群益金鼎-屏東",0,27,-27
"9461","8936國統","110/08/11","元富-同大",41,5,36
"9462","8936國統","110/08/11","新光",0,24,-24
"9463","8936國統","110/08/11","凱基-台北",38,6,32
"9464","8936國統","110/08/11","凱基-台南",0,22,-22
"9465","8936國統","110/08/11","華南永昌-高雄",22,0,22
"9466","8936國統","110/08/11","合庫-高雄",0,20,-20
"9467","8936國統","110/08/11","日盛-三峽",21,0,21
"9468","8936國統","110/08/11","永豐金-大園",0,20,-20
"9469","8936國統","110/08/11","兆豐-大同",30,9,21
"9470","8936國統","110/08/11","永豐金-台中",0,20,-20
"9471","8936國統","110/08/11","宏遠-台南",20,0,20
"9472","8936國統","110/08/11","永豐金-竹科",0,20,-20
"9473","8936國統","110/08/11","美商高盛",17,1,16
"9474","8936國統","110/08/11","港商野村",49,67,-18
"9475","8936國統","110/08/11","日盛-斗六",15,0,15
"9476","8936國統","110/08/11","第一金-新興",0,16,-16
"9477","8936國統","110/08/11","元富-大裕",15,0,15
"9478","8936國統","110/08/11","新光-台中",14,29,-15
"9479","8936國統","110/08/11","台新-台中",15,2,13
"9480","8936國統","110/08/11","凱基-永和",0,15,-15
"9481","6226光鼎","110/08/11","美商高盛",595,148,447
"9482","6226光鼎","110/08/11","瑞士信貸",297,751,-454
"9483","6226光鼎","110/08/11","凱基-台北",506,69,437
"9484","6226光鼎","110/08/11","摩根大通",911,1317,-406
"9485","6226光鼎","110/08/11","統一-高雄",503,150,353
"9486","6226光鼎","110/08/11","凱基-站前",29,313,-284
"9487","6226光鼎","110/08/11","美林",507,312,195
"9488","6226光鼎","110/08/11","台中銀-台北",0,280,-280
"9489","6226光鼎","110/08/11","合庫-台中",143,4,139
"9490","6226光鼎","110/08/11","國泰-台中",75,176,-101
"9491","6226光鼎","110/08/11","大昌",139,0,139
"9492","6226光鼎","110/08/11","元富-潮州",10,107,-97
"9493","6226光鼎","110/08/11","台灣摩根士丹利",229,101,128
"9494","6226光鼎","110/08/11","中國信託-永康",63,159,-96
"9495","6226光鼎","110/08/11","元大-北投",123,4,119
"9496","6226光鼎","110/08/11","國泰-高雄",15,96,-81
"9497","6226光鼎","110/08/11","富邦-南屯",170,63,107
"9498","6226光鼎","110/08/11","凱基-三多",23,100,-77
"9499","6226光鼎","110/08/11","群益金鼎-西松",176,93,83
"9500","6226光鼎","110/08/11","玉山-高雄",17,90,-73
"9501","6226光鼎","110/08/11","台新證券",167,99,68
"9502","6226光鼎","110/08/11","元大-新盛",8,81,-73
"9503","6226光鼎","110/08/11","永豐金-內湖",79,22,57
"9504","6226光鼎","110/08/11","元大-府城",7,72,-65
"9505","6226光鼎","110/08/11","日盛證券",51,6,45
"9506","6226光鼎","110/08/11","統一-仁愛",13,75,-62
"9507","6226光鼎","110/08/11","臺銀-高雄",70,26,44
"9508","6226光鼎","110/08/11","高橋",4,61,-57
"9509","6226光鼎","110/08/11","富邦-陽明",84,40,44
"9510","6226光鼎","110/08/11","台新-屏東",16,71,-55
"9511","2363矽統","110/08/11","瑞士信貸",547,0,547
"9512","2363矽統","110/08/11","凱基-台北",2934,4385,-1451
"9513","2363矽統","110/08/11","台灣摩根士丹利",677,160,517
"9514","2363矽統","110/08/11","陽信-石牌",34,626,-592
"9515","2363矽統","110/08/11","玉山-台中",331,139,192
"9516","2363矽統","110/08/11","永豐金證券",103,405,-302
"9517","2363矽統","110/08/11","台新-左楠",191,33,158
"9518","2363矽統","110/08/11","元大-成功",60,289,-229
"9519","2363矽統","110/08/11","華南永昌-頭份",197,45,152
"9520","2363矽統","110/08/11","美林",747,959,-212
"9521","2363矽統","110/08/11","元大-忠孝鼎富",196,51,145
"9522","2363矽統","110/08/11","元大-員林中山",83,286,-203
"9523","2363矽統","110/08/11","元大-汐止",279,150,129
"9524","2363矽統","110/08/11","凱基-市府",42,242,-200
"9525","2363矽統","110/08/11","大慶-蘆洲",135,26,109
"9526","2363矽統","110/08/11","永豐金-埔里",4,181,-177
"9527","2363矽統","110/08/11","合庫-高雄",135,30,105
"9528","2363矽統","110/08/11","群益金鼎-內湖",41,195,-154
"9529","2363矽統","110/08/11","兆豐證券",105,1,104
"9530","2363矽統","110/08/11","元大-旗山",157,307,-150
"9531","2363矽統","110/08/11","永豐金-竹科",112,15,97
"9532","2363矽統","110/08/11","兆豐-台中港",38,178,-140
"9533","2363矽統","110/08/11","國票-彰化",95,0,95
"9534","2363矽統","110/08/11","元大-新竹",55,194,-139
"9535","2363矽統","110/08/11","元大-斗信",152,65,87
"9536","2363矽統","110/08/11","凱基-永和",32,161,-129
"9537","2363矽統","110/08/11","亞東",95,10,85
"9538","2363矽統","110/08/11","第一金-桃園",59,183,-124
"9539","2363矽統","110/08/11","美商高盛",906,822,84
"9540","2363矽統","110/08/11","台新證券",525,640,-115
"9541","8112至上","110/08/11","港商野村",188,11,177
"9542","8112至上","110/08/11","新加坡商瑞銀",35,847,-812
"9543","8112至上","110/08/11","大昌-桃園",173,0,173
"9544","8112至上","110/08/11","宏遠證券",2,536,-534
"9545","8112至上","110/08/11","合庫證券",142,3,139
"9546","8112至上","110/08/11","富邦-仁愛",67,324,-257
"9547","8112至上","110/08/11","美商高盛",145,14,131
"9548","8112至上","110/08/11","凱基-市政",0,202,-202
"9549","8112至上","110/08/11","群益金鼎-內湖",132,10,122
"9550","8112至上","110/08/11","凱基-復興",16,190,-174
"9551","8112至上","110/08/11","國票-長城",130,30,100
"9552","8112至上","110/08/11","瑞士信貸",136,306,-170
"9553","8112至上","110/08/11","玉山-板橋",84,0,84
"9554","8112至上","110/08/11","兆豐-公益",1,120,-119
"9555","8112至上","110/08/11","臺灣企銀-桃園",60,0,60
"9556","8112至上","110/08/11","元大-萬華",12,131,-119
"9557","8112至上","110/08/11","新光",103,44,59
"9558","8112至上","110/08/11","凱基-台北",211,321,-110
"9559","8112至上","110/08/11","華南永昌-中正",52,0,52
"9560","8112至上","110/08/11","美林",21,116,-95
"9561","8112至上","110/08/11","元大-仁愛",50,0,50
"9562","8112至上","110/08/11","永豐金-豐原",7,102,-95
"9563","8112至上","110/08/11","元大-北成功",101,53,48
"9564","8112至上","110/08/11","兆豐-民生",0,70,-70
"9565","8112至上","110/08/11","合庫-嘉義",45,0,45
"9566","8112至上","110/08/11","元富",2,71,-69
"9567","8112至上","110/08/11","大慶-富順",46,1,45
"9568","8112至上","110/08/11","玉山-士林",6,67,-61
"9569","8112至上","110/08/11","臺銀-金山",45,1,44
"9570","8112至上","110/08/11","凱基-埔墘",0,60,-60
"9571","1570力肯","110/08/11","國票-內壢",386,0,386
"9572","1570力肯","110/08/11","群益金鼎-大興",0,100,-100
"9573","1570力肯","110/08/11","華南永昌-桃園",104,3,101
"9574","1570力肯","110/08/11","新光",177,255,-78
"9575","1570力肯","110/08/11","摩根大通",154,84,70
"9576","1570力肯","110/08/11","富邦-台中",0,61,-61
"9577","1570力肯","110/08/11","日盛-頭份",51,0,51
"9578","1570力肯","110/08/11","群益金鼎-忠孝",1,60,-59
"9579","1570力肯","110/08/11","永豐金-中壢",51,1,50
"9580","1570力肯","110/08/11","元大-新店中正",2,61,-59
"9581","1570力肯","110/08/11","永豐金-北高雄",50,0,50
"9582","1570力肯","110/08/11","富邦-陽明",1,51,-50
"9583","1570力肯","110/08/11","凱基-天母",51,2,49
"9584","1570力肯","110/08/11","元大-太平",5,54,-49
"9585","1570力肯","110/08/11","日盛-員林",52,5,47
"9586","1570力肯","110/08/11","統一-松江",0,43,-43
"9587","1570力肯","110/08/11","元富-高雄",40,0,40
"9588","1570力肯","110/08/11","台新證券",6,44,-38
"9589","1570力肯","110/08/11","中國信託-嘉義",34,0,34
"9590","1570力肯","110/08/11","永豐金證券",1,36,-35
"9591","1570力肯","110/08/11","元大-北成功",30,1,29
"9592","1570力肯","110/08/11","瑞士信貸",0,27,-27
"9593","1570力肯","110/08/11","亞東-台中",26,0,26
"9594","1570力肯","110/08/11","元大-中壢",9,35,-26
"9595","1570力肯","110/08/11","第一金-嘉義",26,0,26
"9596","1570力肯","110/08/11","美商高盛",0,25,-25
"9597","1570力肯","110/08/11","凱基-中壢",27,3,24
"9598","1570力肯","110/08/11","國票-北高雄",128,153,-25
"9599","1570力肯","110/08/11","元大-福營",25,1,24
"9600","1570力肯","110/08/11","元富-新店",10,34,-24
"9601","2929淘帝","110/08/11","美林",25,5,20
"9602","2929淘帝","110/08/11","華南永昌",0,25,-25
"9603","2929淘帝","110/08/11","永興",20,0,20
"9604","2929淘帝","110/08/11","台新-台中",0,22,-22
"9605","2929淘帝","110/08/11","新光",17,1,16
"9606","2929淘帝","110/08/11","富邦-永和",1,21,-20
"9607","2929淘帝","110/08/11","臺銀-臺南",12,0,12
"9608","2929淘帝","110/08/11","元富-古亭",0,18,-18
"9609","2929淘帝","110/08/11","第一金-大稻埕",10,0,10
"9610","2929淘帝","110/08/11","永豐金-大園",5,23,-18
"9611","2929淘帝","110/08/11","兆豐-桃園",10,0,10
"9612","2929淘帝","110/08/11","富邦-新店",3,19,-16
"9613","2929淘帝","110/08/11","國票-九鼎",10,0,10
"9614","2929淘帝","110/08/11","新光-台中",16,31,-15
"9615","2929淘帝","110/08/11","華南永昌-長虹",10,0,10
"9616","2929淘帝","110/08/11","國泰-新莊",0,10,-10
"9617","2929淘帝","110/08/11","凱基-長庚",7,0,7
"9618","2929淘帝","110/08/11","元大-東泰",0,10,-10
"9619","2929淘帝","110/08/11","凱基-林口",7,0,7
"9620","2929淘帝","110/08/11","凱基-斗六",0,8,-8
"9621","2929淘帝","110/08/11","日盛-中壢",5,0,5
"9622","2929淘帝","110/08/11","永豐金證券",0,7,-7
"9623","2929淘帝","110/08/11","港商法國興業",5,0,5
"9624","2929淘帝","110/08/11","第一金-員林",0,5,-5
"9625","2929淘帝","110/08/11","元富-中壢",5,0,5
"9626","2929淘帝","110/08/11","元富-新竹",0,5,-5
"9627","2929淘帝","110/08/11","元富-文心",5,0,5
"9628","2929淘帝","110/08/11","凱基-東門",0,5,-5
"9629","2929淘帝","110/08/11","凱基-台中",5,0,5
"9630","2929淘帝","110/08/11","元大-桃園",0,5,-5
"9631","5410國眾","110/08/11","群益金鼎",128,0,128
"9632","5410國眾","110/08/11","國泰-敦南",12,206,-194
"9633","5410國眾","110/08/11","富邦-建國",100,0,100
"9634","5410國眾","110/08/11","凱基-竹北",2,112,-110
"9635","5410國眾","110/08/11","玉山-新莊",35,0,35
"9636","5410國眾","110/08/11","大昌-樹林",0,100,-100
"9637","5410國眾","110/08/11","合庫-桃園",30,0,30
"9638","5410國眾","110/08/11","凱基-市政",0,100,-100
"9639","5410國眾","110/08/11","高橋",30,0,30
"9640","5410國眾","110/08/11","摩根大通",20,68,-48
"9641","5410國眾","110/08/11","元大-崇德",28,0,28
"9642","5410國眾","110/08/11","凱基-台北",7,39,-32
"9643","5410國眾","110/08/11","元大-新盛",28,0,28
"9644","5410國眾","110/08/11","元大-復北",0,30,-30
"9645","5410國眾","110/08/11","凱基-三峽",21,0,21
"9646","5410國眾","110/08/11","大昌",0,26,-26
"9647","5410國眾","110/08/11","臺銀-臺中",17,0,17
"9648","5410國眾","110/08/11","第一金-豐原",0,23,-23
"9649","5410國眾","110/08/11","新光",15,0,15
"9650","5410國眾","110/08/11","元富-三重",0,22,-22
"9651","5410國眾","110/08/11","國泰-台中",20,8,12
"9652","5410國眾","110/08/11","元大-樹林",2,21,-19
"9653","5410國眾","110/08/11","新光-桃園",11,0,11
"9654","5410國眾","110/08/11","元大-成功",0,17,-17
"9655","5410國眾","110/08/11","元大-旗山",11,0,11
"9656","5410國眾","110/08/11","新光-台中",0,16,-16
"9657","5410國眾","110/08/11","大昌-新店",10,0,10
"9658","5410國眾","110/08/11","臺銀-臺南",1,14,-13
"9659","5410國眾","110/08/11","豐農",10,0,10
"9660","5410國眾","110/08/11","瑞士信貸",0,12,-12
"9661","2841台開","110/08/11","宏遠-館前",402,0,402
"9662","2841台開","110/08/11","永豐金-敦南",11,270,-259
"9663","2841台開","110/08/11","日盛-信義",129,0,129
"9664","2841台開","110/08/11","國票-天祥",0,100,-100
"9665","2841台開","110/08/11","元大-南投",80,0,80
"9666","2841台開","110/08/11","日盛證券",27,117,-90
"9667","2841台開","110/08/11","日盛-園區",72,0,72
"9668","2841台開","110/08/11","永興-水湳",0,30,-30
"9669","2841台開","110/08/11","華南永昌-鶯歌",45,0,45
"9670","2841台開","110/08/11","兆豐-寶成",0,30,-30
"9671","2841台開","110/08/11","元大-福營",20,0,20
"9672","2841台開","110/08/11","元富-四維",0,26,-26
"9673","2841台開","110/08/11","元大-左營",20,0,20
"9674","2841台開","110/08/11","統一-士林",0,25,-25
"9675","2841台開","110/08/11","永豐金-員林",15,0,15
"9676","2841台開","110/08/11","日盛-忠孝",0,20,-20
"9677","2841台開","110/08/11","日盛-內湖",11,0,11
"9678","2841台開","110/08/11","大慶-蘆洲",0,20,-20
"9679","2841台開","110/08/11","國泰-館前",10,0,10
"9680","2841台開","110/08/11","國票-中和",0,20,-20
"9681","2841台開","110/08/11","華南永昌-潮州",10,0,10
"9682","2841台開","110/08/11","元大-大灣",0,20,-20
"9683","2841台開","110/08/11","元大-大里德芳",10,0,10
"9684","2841台開","110/08/11","元大-雙和",0,20,-20
"9685","2841台開","110/08/11","元大-小港",10,0,10
"9686","2841台開","110/08/11","新光",28,47,-19
"9687","2841台開","110/08/11","新光-台南",7,0,7
"9688","2841台開","110/08/11","玉山-台中",0,13,-13
"9689","2841台開","110/08/11","國泰-台中",6,0,6
"9690","2841台開","110/08/11","富邦-建國",0,12,-12
"9691","6207雷科","110/08/11","台新-高雄",136,8,128
"9692","6207雷科","110/08/11","群益金鼎-東門",1,90,-89
"9693","6207雷科","110/08/11","凱基-台北",108,21,87
"9694","6207雷科","110/08/11","摩根大通",89,156,-67
"9695","6207雷科","110/08/11","富邦-陽明",70,0,70
"9696","6207雷科","110/08/11","元大-鳳山",22,60,-38
"9697","6207雷科","110/08/11","永豐金證券",30,0,30
"9698","6207雷科","110/08/11","凱基-三重",5,40,-35
"9699","6207雷科","110/08/11","永豐金-高雄",29,5,24
"9700","6207雷科","110/08/11","美林",5,35,-30
"9701","6207雷科","110/08/11","元大-高雄",18,0,18
"9702","6207雷科","110/08/11","港商野村",28,58,-30
"9703","6207雷科","110/08/11","元大-竹山",17,0,17
"9704","6207雷科","110/08/11","元大-路竹",3,30,-27
"9705","6207雷科","110/08/11","國泰-台南",15,2,13
"9706","6207雷科","110/08/11","元大-小港",3,30,-27
"9707","6207雷科","110/08/11","元大-東門",12,0,12
"9708","6207雷科","110/08/11","(牛牛牛)亞-網路",0,23,-23
"9709","6207雷科","110/08/11","台灣企銀-太平",10,0,10
"9710","6207雷科","110/08/11","台新證券",4,26,-22
"9711","6207雷科","110/08/11","富邦-中壢",10,0,10
"9712","6207雷科","110/08/11","新光",2,23,-21
"9713","6207雷科","110/08/11","元大-博愛",10,0,10
"9714","6207雷科","110/08/11","元大-雙和",0,19,-19
"9715","6207雷科","110/08/11","富邦-內湖",9,0,9
"9716","6207雷科","110/08/11","新加坡商瑞銀",25,41,-16
"9717","6207雷科","110/08/11","中國信託-高雄",8,0,8
"9718","6207雷科","110/08/11","玉山證券",3,19,-16
"9719","6207雷科","110/08/11","國票-九鼎",8,0,8
"9720","6207雷科","110/08/11","玉山-雙和",0,16,-16
"9721","3679新至陞","110/08/11","摩根大通",62,3,59
"9722","3679新至陞","110/08/11","港商野村",7,25,-18
"9723","3679新至陞","110/08/11","台灣摩根士丹利",38,0,38
"9724","3679新至陞","110/08/11","凱基-文心",0,9,-9
"9725","3679新至陞","110/08/11","華南永昌-台中",16,0,16
"9726","3679新至陞","110/08/11","北城證券",0,8,-8
"9727","3679新至陞","110/08/11","凱基-台北",37,23,14
"9728","3679新至陞","110/08/11","華南永昌-大安",2,10,-8
"9729","3679新至陞","110/08/11","元大-成功",13,1,12
"9730","3679新至陞","110/08/11","元大-板橋",0,8,-8
"9731","3679新至陞","110/08/11","美林",22,16,6
"9732","3679新至陞","110/08/11","致和-東門",0,7,-7
"9733","3679新至陞","110/08/11","新加坡商瑞銀",12,6,6
"9734","3679新至陞","110/08/11","凱基-長庚",0,7,-7
"9735","3679新至陞","110/08/11","國泰-館前",5,0,5
"9736","3679新至陞","110/08/11","花旗環球",0,6,-6
"9737","3679新至陞","110/08/11","瑞士信貸",9,5,4
"9738","3679新至陞","110/08/11","群益金鼎-古亭",0,6,-6
"9739","3679新至陞","110/08/11","國泰-板橋",5,1,4
"9740","3679新至陞","110/08/11","元大-大同",0,6,-6
"9741","3679新至陞","110/08/11","日進",3,0,3
"9742","3679新至陞","110/08/11","華南永昌-鶯歌",0,5,-5
"9743","3679新至陞","110/08/11","(牛牛牛)亞-網路",4,1,3
"9744","3679新至陞","110/08/11","永豐金-新竹",0,5,-5
"9745","3679新至陞","110/08/11","康和-板橋",3,0,3
"9746","3679新至陞","110/08/11","凱基-新豐",0,4,-4
"9747","3679新至陞","110/08/11","高橋-內壢",2,0,2
"9748","3679新至陞","110/08/11","臺銀-高雄",1,4,-3
"9749","3679新至陞","110/08/11","富邦-台北",7,5,2
"9750","3679新至陞","110/08/11","日盛-文化",0,3,-3
"9751","2727王品","110/08/11","美林",113,23,90
"9752","2727王品","110/08/11","台灣摩根士丹利",8,65,-57
"9753","2727王品","110/08/11","富邦-左營",72,1,71
"9754","2727王品","110/08/11","合庫-新竹",1,23,-22
"9755","2727王品","110/08/11","凱基-台北",80,42,38
"9756","2727王品","110/08/11","永豐金-忠孝",0,20,-20
"9757","2727王品","110/08/11","港商野村",96,70,26
"9758","2727王品","110/08/11","彰銀-台中",1,15,-14
"9759","2727王品","110/08/11","國泰證券",23,1,22
"9760","2727王品","110/08/11","國泰-敦南",10,24,-14
"9761","2727王品","110/08/11","統一",28,8,20
"9762","2727王品","110/08/11","凱基-南崁",0,11,-11
"9763","2727王品","110/08/11","玉山-台南",20,1,19
"9764","2727王品","110/08/11","永豐金-三重",0,10,-10
"9765","2727王品","110/08/11","新光-台中",22,9,13
"9766","2727王品","110/08/11","富邦-中壢",3,12,-9
"9767","2727王品","110/08/11","凱基-興隆",11,0,11
"9768","2727王品","110/08/11","新光",16,24,-8
"9769","2727王品","110/08/11","元大證券",44,33,11
"9770","2727王品","110/08/11","國泰-板橋",12,20,-8
"9771","2727王品","110/08/11","日盛-樹林",12,2,10
"9772","2727王品","110/08/11","元大-彰化",0,8,-8
"9773","2727王品","110/08/11","第一金-新竹",10,0,10
"9774","2727王品","110/08/11","日盛-木柵",0,7,-7
"9775","2727王品","110/08/11","永全",10,0,10
"9776","2727王品","110/08/11","第一金-頭份",0,7,-7
"9777","2727王品","110/08/11","凱基-埔墘",10,0,10
"9778","2727王品","110/08/11","中國信託-高雄",2,9,-7
"9779","2727王品","110/08/11","摩根大通",42,33,9
"9780","2727王品","110/08/11","兆豐-公益",0,7,-7
"9781","1570力肯","110/08/11","國票-內壢",386,0,386
"9782","1570力肯","110/08/11","群益金鼎-大興",0,100,-100
"9783","1570力肯","110/08/11","華南永昌-桃園",104,3,101
"9784","1570力肯","110/08/11","新光",177,255,-78
"9785","1570力肯","110/08/11","摩根大通",154,84,70
"9786","1570力肯","110/08/11","富邦-台中",0,61,-61
"9787","1570力肯","110/08/11","日盛-頭份",51,0,51
"9788","1570力肯","110/08/11","群益金鼎-忠孝",1,60,-59
"9789","1570力肯","110/08/11","永豐金-中壢",51,1,50
"9790","1570力肯","110/08/11","元大-新店中正",2,61,-59
"9791","1570力肯","110/08/11","永豐金-北高雄",50,0,50
"9792","1570力肯","110/08/11","富邦-陽明",1,51,-50
"9793","1570力肯","110/08/11","凱基-天母",51,2,49
"9794","1570力肯","110/08/11","元大-太平",5,54,-49
"9795","1570力肯","110/08/11","日盛-員林",52,5,47
"9796","1570力肯","110/08/11","統一-松江",0,43,-43
"9797","1570力肯","110/08/11","元富-高雄",40,0,40
"9798","1570力肯","110/08/11","台新證券",6,44,-38
"9799","1570力肯","110/08/11","中國信託-嘉義",34,0,34
"9800","1570力肯","110/08/11","永豐金證券",1,36,-35
"9801","1570力肯","110/08/11","元大-北成功",30,1,29
"9802","1570力肯","110/08/11","瑞士信貸",0,27,-27
"9803","1570力肯","110/08/11","亞東-台中",26,0,26
"9804","1570力肯","110/08/11","元大-中壢",9,35,-26
"9805","1570力肯","110/08/11","第一金-嘉義",26,0,26
"9806","1570力肯","110/08/11","美商高盛",0,25,-25
"9807","1570力肯","110/08/11","凱基-中壢",27,3,24
"9808","1570力肯","110/08/11","國票-北高雄",128,153,-25
"9809","1570力肯","110/08/11","元大-福營",25,1,24
"9810","1570力肯","110/08/11","元富-新店",10,34,-24
"9811","6180橘子","110/08/11","台灣摩根士丹利",42,7,35
"9812","6180橘子","110/08/11","港商野村",5,128,-123
"9813","6180橘子","110/08/11","美商高盛",25,0,25
"9814","6180橘子","110/08/11","合庫-高雄",0,31,-31
"9815","6180橘子","110/08/11","元大-草屯",17,0,17
"9816","6180橘子","110/08/11","摩根大通",13,36,-23
"9817","6180橘子","110/08/11","日盛-文化",16,0,16
"9818","6180橘子","110/08/11","凱基-台北",37,60,-23
"9819","6180橘子","110/08/11","康和-嘉義",11,0,11
"9820","6180橘子","110/08/11","北城證券",0,19,-19
"9821","6180橘子","110/08/11","元大-左營",11,0,11
"9822","6180橘子","110/08/11","元富-潮州",24,41,-17
"9823","6180橘子","110/08/11","土銀-花蓮",10,0,10
"9824","6180橘子","110/08/11","群益金鼎-新店",0,15,-15
"9825","6180橘子","110/08/11","日盛證券",10,0,10
"9826","6180橘子","110/08/11","兆豐-竹北",0,14,-14
"9827","6180橘子","110/08/11","日盛-高雄",10,0,10
"9828","6180橘子","110/08/11","元富-成功",0,13,-13
"9829","6180橘子","110/08/11","國泰-新莊",10,0,10
"9830","6180橘子","110/08/11","新加坡商瑞銀",0,10,-10
"9831","6180橘子","110/08/11","群益金鼎-東門",10,0,10
"9832","6180橘子","110/08/11","康和-高雄",0,10,-10
"9833","6180橘子","110/08/11","凱基-中壢",10,0,10
"9834","6180橘子","110/08/11","國泰-館前",0,10,-10
"9835","6180橘子","110/08/11","元大-中壢",10,0,10
"9836","6180橘子","110/08/11","群益金鼎-嘉義",1,11,-10
"9837","6180橘子","110/08/11","元大-復北",10,0,10
"9838","6180橘子","110/08/11","華南永昌-虎尾",0,10,-10
"9839","6180橘子","110/08/11","美林",12,3,9
"9840","6180橘子","110/08/11","元富-民權",0,8,-8
"9841","2390云辰","110/08/11","臺銀-臺中",224,5,219
"9842","2390云辰","110/08/11","摩根大通",194,707,-513
"9843","2390云辰","110/08/11","兆豐-寶成",187,2,185
"9844","2390云辰","110/08/11","美商高盛",18,229,-211
"9845","2390云辰","110/08/11","元大-土城學府",143,69,74
"9846","2390云辰","110/08/11","兆豐-岡山",5,103,-98
"9847","2390云辰","110/08/11","凱基-民權",70,0,70
"9848","2390云辰","110/08/11","台新證券",13,108,-95
"9849","2390云辰","110/08/11","元大-草屯",67,2,65
"9850","2390云辰","110/08/11","美林",23,98,-75
"9851","2390云辰","110/08/11","兆豐-公益",60,0,60
"9852","2390云辰","110/08/11","永豐金-竹科",0,71,-71
"9853","2390云辰","110/08/11","國票-安和",56,0,56
"9854","2390云辰","110/08/11","元富-花蓮",0,70,-70
"9855","2390云辰","110/08/11","元富-中港",50,0,50
"9856","2390云辰","110/08/11","統一-城中",5,66,-61
"9857","2390云辰","110/08/11","元富-高雄",48,1,47
"9858","2390云辰","110/08/11","國泰-台中",50,109,-59
"9859","2390云辰","110/08/11","統一-新營",45,5,40
"9860","2390云辰","110/08/11","元大-豐原站前",10,69,-59
"9861","2390云辰","110/08/11","元大-板橋三民",39,1,38
"9862","2390云辰","110/08/11","新加坡商瑞銀",18,75,-57
"9863","2390云辰","110/08/11","元富-新店",52,17,35
"9864","2390云辰","110/08/11","台新-左楠",15,67,-52
"9865","2390云辰","110/08/11","永全-南崁",35,4,31
"9866","2390云辰","110/08/11","凱基-中壢",7,59,-52
"9867","2390云辰","110/08/11","群益金鼎-萬華",33,3,30
"9868","2390云辰","110/08/11","國票-北高雄",23,69,-46
"9869","2390云辰","110/08/11","日盛-宜蘭",25,0,25
"9870","2390云辰","110/08/11","新光-高雄",11,53,-42
"9871","2542興富發","110/08/06","瑞士信貸",747,10,737
"9872","2542興富發","110/08/06","凱基-士林",5,972,-967
"9873","2542興富發","110/08/06","摩根大通",837,107,730
"9874","2542興富發","110/08/06","統一-台中",1,376,-375
"9875","2542興富發","110/08/06","群益金鼎-敦南",681,1,680
"9876","2542興富發","110/08/06","永豐金-豐原",16,133,-117
"9877","2542興富發","110/08/06","凱基-台北",790,360,430
"9878","2542興富發","110/08/06","元富-敦南",0,111,-111
"9879","2542興富發","110/08/06","台灣摩根士丹利",259,20,239
"9880","2542興富發","110/08/06","兆豐-南京",0,108,-108
"9881","2542興富發","110/08/06","美商高盛",235,0,235
"9882","2542興富發","110/08/06","元大-金華",0,100,-100
"9883","2542興富發","110/08/06","新加坡商瑞銀",178,0,178
"9884","2542興富發","110/08/06","陽信",0,80,-80
"9885","2542興富發","110/08/06","凱基-中山",167,2,165
"9886","2542興富發","110/08/06","統一-金門",0,78,-78
"9887","2542興富發","110/08/06","凱基",121,14,107
"9888","2542興富發","110/08/06","新光-台中",7,68,-61
"9889","2542興富發","110/08/06","大慶-楊梅",101,4,97
"9890","2542興富發","110/08/06","富邦-新店",2,58,-56
"9891","2542興富發","110/08/06","美林",193,109,84
"9892","2542興富發","110/08/06","元大-新竹",0,52,-52
"9893","2542興富發","110/08/06","統一",64,5,59
"9894","2542興富發","110/08/06","凱基-永和",0,51,-51
"9895","2542興富發","110/08/06","富邦-南屯",60,1,59
"9896","2542興富發","110/08/06","統一-中壢",0,50,-50
"9897","2542興富發","110/08/06","群益金鼎",43,0,43
"9898","2542興富發","110/08/06","元富",0,50,-50
"9899","2542興富發","110/08/06","元大證券",128,85,43
"9900","2542興富發","110/08/06","法銀巴黎",0,48,-48
"9901","2867三商壽","110/08/06","摩根大通",410,157,253
"9902","2867三商壽","110/08/06","日盛-新莊",0,719,-719
"9903","2867三商壽","110/08/06","元大-北港",201,0,201
"9904","2867三商壽","110/08/06","群益金鼎-桃園",0,400,-400
"9905","2867三商壽","110/08/06","元大-斗信",200,0,200
"9906","2867三商壽","110/08/06","中國信託-文心",1,301,-300
"9907","2867三商壽","110/08/06","元大-沙鹿",199,0,199
"9908","2867三商壽","110/08/06","美林",10,169,-159
"9909","2867三商壽","110/08/06","永豐金-嘉義",130,0,130
"9910","2867三商壽","110/08/06","法銀巴黎",0,122,-122
"9911","2867三商壽","110/08/06","第一金-自由",100,0,100
"9912","2867三商壽","110/08/06","國票-中和",0,100,-100
"9913","2867三商壽","110/08/06","元大-大里德芳",100,0,100
"9914","2867三商壽","110/08/06","台灣摩根士丹利",65,164,-99
"9915","2867三商壽","110/08/06","元大-土城永寧",100,0,100
"9916","2867三商壽","110/08/06","凱基-高美館",2,64,-62
"9917","2867三商壽","110/08/06","瑞士信貸",94,0,94
"9918","2867三商壽","110/08/06","元大證券",1,62,-61
"9919","2867三商壽","110/08/06","元大-汐止",60,0,60
"9920","2867三商壽","110/08/06","華南永昌-南京",0,50,-50
"9921","2867三商壽","110/08/06","元富-大裕",52,0,52
"9922","2867三商壽","110/08/06","凱基-頭份",0,45,-45
"9923","2867三商壽","110/08/06","新光",53,1,52
"9924","2867三商壽","110/08/06","凱基",0,44,-44
"9925","2867三商壽","110/08/06","凱基-市府",51,0,51
"9926","2867三商壽","110/08/06","康和-屏東",0,43,-43
"9927","2867三商壽","110/08/06","安泰",49,0,49
"9928","2867三商壽","110/08/06","凱基-八德",0,40,-40
"9929","2867三商壽","110/08/06","富邦-桃園",50,2,48
"9930","2867三商壽","110/08/06","凱基-虎尾",0,40,-40
"9931","5521工信","110/08/06","日進",412,0,412
"9932","5521工信","110/08/06","中國信託-嘉義",0,100,-100
"9933","5521工信","110/08/06","瑞士信貸",48,0,48
"9934","5521工信","110/08/06","美林",0,69,-69
"9935","5521工信","110/08/06","日盛-雙和",34,0,34
"9936","5521工信","110/08/06","統一-新竹",0,60,-60
"9937","5521工信","110/08/06","聯邦-雙和",25,0,25
"9938","5521工信","110/08/06","第一金-桃園",0,55,-55
"9939","5521工信","110/08/06","台新證券",32,12,20
"9940","5521工信","110/08/06","凱基-台北",0,54,-54
"9941","5521工信","110/08/06","土銀-台中",17,0,17
"9942","5521工信","110/08/06","華南永昌-桃園",0,49,-49
"9943","5521工信","110/08/06","(牛牛牛)亞-鑫豐",15,0,15
"9944","5521工信","110/08/06","第一金-安和",0,40,-40
"9945","5521工信","110/08/06","元大-沙鹿",19,4,15
"9946","5521工信","110/08/06","合庫-台南",0,36,-36
"9947","5521工信","110/08/06","元富-安南",14,0,14
"9948","5521工信","110/08/06","台灣摩根士丹利",7,34,-27
"9949","5521工信","110/08/06","新加坡商瑞銀",10,0,10
"9950","5521工信","110/08/06","摩根大通",22,48,-26
"9951","5521工信","110/08/06","德信-中正",10,0,10
"9952","5521工信","110/08/06","台新-台中",0,20,-20
"9953","5521工信","110/08/06","國泰-敦南",22,12,10
"9954","5521工信","110/08/06","元大-豐原",0,20,-20
"9955","5521工信","110/08/06","群益金鼎-屏東",10,0,10
"9956","5521工信","110/08/06","元大-北成功",0,20,-20
"9957","5521工信","110/08/06","群益金鼎-東門",10,0,10
"9958","5521工信","110/08/06","永豐金-埔里",0,20,-20
"9959","5521工信","110/08/06","元大-西螺",10,0,10
"9960","5521工信","110/08/06","港商野村",0,16,-16
"9961","1471首利","110/08/06","國票-彰化",30,0,30
"9962","1471首利","110/08/06","兆豐-麻豆",0,50,-50
"9963","1471首利","110/08/06","凱基-宜蘭",27,0,27
"9964","1471首利","110/08/06","台新證券",3,30,-27
"9965","1471首利","110/08/06","玉山-桃園",22,0,22
"9966","1471首利","110/08/06","美林",15,41,-26
"9967","1471首利","110/08/06","新光-台中",17,0,17
"9968","1471首利","110/08/06","永豐金-台南",0,25,-25
"9969","1471首利","110/08/06","兆豐-埔墘",14,0,14
"9970","1471首利","110/08/06","元富-草屯",0,19,-19
"9971","1471首利","110/08/06","新光-高雄",11,0,11
"9972","1471首利","110/08/06","新光-桃園",0,17,-17
"9973","1471首利","110/08/06","合庫-鳳山",10,0,10
"9974","1471首利","110/08/06","摩根大通",13,28,-15
"9975","1471首利","110/08/06","統一-竹南",10,0,10
"9976","1471首利","110/08/06","華南永昌-淡水",1,15,-14
"9977","1471首利","110/08/06","(牛牛牛)亞-鑫豐",10,0,10
"9978","1471首利","110/08/06","台中銀",1,14,-13
"9979","1471首利","110/08/06","兆豐-岡山",10,0,10
"9980","1471首利","110/08/06","玉山-板橋",0,12,-12
"9981","1471首利","110/08/06","凱基-彰化",10,0,10
"9982","1471首利","110/08/06","富邦-基隆",10,22,-12
"9983","1471首利","110/08/06","富邦-永和",10,0,10
"9984","1471首利","110/08/06","台灣企銀",0,10,-10
"9985","1471首利","110/08/06","元大-竹山",10,0,10
"9986","1471首利","110/08/06","元富-民權",0,10,-10
"9987","1471首利","110/08/06","元大-民雄",10,0,10
"9988","1471首利","110/08/06","元大-左營",0,10,-10
"9989","1471首利","110/08/06","元大-南崁",10,1,9
"9990","1471首利","110/08/06","大昌-新店",2,11,-9
"9991","2883開發金","110/08/06","國泰證券",7766,49,7717
"9992","2883開發金","110/08/06","永豐金-板橋",2,2245,-2243
"9993","2883開發金","110/08/06","元富-城東",7094,124,6970
"9994","2883開發金","110/08/06","玉山-台南",63,2130,-2067
"9995","2883開發金","110/08/06","摩根大通",4922,1097,3825
"9996","2883開發金","110/08/06","國泰-板橋",236,1871,-1635
"9997","2883開發金","110/08/06","瑞士信貸",3230,108,3122
"9998","2883開發金","110/08/06","港商野村",1243,2562,-1319
"9999","2883開發金","110/08/06","凱基-台北",4810,2311,2499
"10000","2883開發金","110/08/06","美林",1480,2782,-1302
"10001","2883開發金","110/08/06","合庫證券",3551,2064,1487
"10002","2883開發金","110/08/06","群益金鼎-中山",7,1151,-1144
"10003","2883開發金","110/08/06","新加坡商瑞銀",3900,2689,1211
"10004","2883開發金","110/08/06","日盛-員林",17,1100,-1083
"10005","2883開發金","110/08/06","玉山證券",1332,183,1149
"10006","2883開發金","110/08/06","台灣摩根士丹利",509,1544,-1035
"10007","2883開發金","110/08/06","國票-長城",1003,0,1003
"10008","2883開發金","110/08/06","台灣企銀-民雄",0,1004,-1004
"10009","2883開發金","110/08/06","康和",720,0,720
"10010","2883開發金","110/08/06","港商法國興業",7,981,-974
"10011","2883開發金","110/08/06","福邦證券",590,15,575
"10012","2883開發金","110/08/06","新光",240,1199,-959
"10013","2883開發金","110/08/06","台灣企銀-九如",492,10,482
"10014","2883開發金","110/08/06","元大-新莊",58,1017,-959
"10015","2883開發金","110/08/06","宏遠-民生",502,54,448
"10016","2883開發金","110/08/06","富邦-彰化",5,766,-761
"10017","2883開發金","110/08/06","元大證券",803,358,445
"10018","2883開發金","110/08/06","中國信託",270,931,-661
"10019","2883開發金","110/08/06","玉山-高雄",476,80,396
"10020","2883開發金","110/08/06","永豐金-彰化",33,655,-622
"10021","6205詮欣","110/08/06","臺銀-民權",20,0,20
"10022","6205詮欣","110/08/06","元大-板橋",0,50,-50
"10023","6205詮欣","110/08/06","合庫-三重",15,0,15
"10024","6205詮欣","110/08/06","摩根大通",0,29,-29
"10025","6205詮欣","110/08/06","日盛-三重",15,4,11
"10026","6205詮欣","110/08/06","臺銀-新竹",0,3,-3
"10027","6205詮欣","110/08/06","凱基-長庚",10,0,10
"10028","6205詮欣","110/08/06","日盛-頭份",0,3,-3
"10029","6205詮欣","110/08/06","臺銀-臺中",5,0,5
"10030","6205詮欣","110/08/06","群益金鼎-潭子",0,3,-3
"10031","6205詮欣","110/08/06","兆豐-台中",4,0,4
"10032","6205詮欣","110/08/06","永豐金-敦南",0,3,-3
"10033","6205詮欣","110/08/06","凱基-台北",4,0,4
"10034","6205詮欣","110/08/06","美林",0,2,-2
"10035","6205詮欣","110/08/06","元大-龍潭",4,0,4
"10036","6205詮欣","110/08/06","新加坡商瑞銀",6,8,-2
"10037","6205詮欣","110/08/06","瑞士信貸",3,0,3
"10038","6205詮欣","110/08/06","華南永昌-淡水",0,2,-2
"10039","6205詮欣","110/08/06","國泰-板橋",3,0,3
"10040","6205詮欣","110/08/06","元大-發財",0,2,-2
"10041","6205詮欣","110/08/06","台中銀",2,0,2
"10042","6205詮欣","110/08/06","元大-屏東民生",0,2,-2
"10043","6205詮欣","110/08/06","德信-新營",2,0,2
"10044","6205詮欣","110/08/06","統一-南京",0,1,-1
"10045","6205詮欣","110/08/06","兆豐-竹北",2,0,2
"10046","6205詮欣","110/08/06","新光-台中",0,1,-1
"10047","6205詮欣","110/08/06","兆豐-景美",2,0,2
"10048","6205詮欣","110/08/06","玉山證券",0,1,-1
"10049","6205詮欣","110/08/06","台新-台中",2,0,2
"10050","6205詮欣","110/08/06","富邦-左營",0,1,-1
"10051","1540喬福","110/08/06","元富-中原",27,0,27
"10052","1540喬福","110/08/06","統一-新台中",0,25,-25
"10053","1540喬福","110/08/06","合庫-台中",24,0,24
"10054","1540喬福","110/08/06","大慶-中壢",0,24,-24
"10055","1540喬福","110/08/06","台新-台中",10,0,10
"10056","1540喬福","110/08/06","福勝",0,7,-7
"10057","1540喬福","110/08/06","富邦-竹北",7,0,7
"10058","1540喬福","110/08/06","群益金鼎-高雄",0,5,-5
"10059","1540喬福","110/08/06","華南永昌-中正",5,0,5
"10060","1540喬福","110/08/06","富邦-高雄",0,5,-5
"10061","1540喬福","110/08/06","玉山證券",4,0,4
"10062","1540喬福","110/08/06","美林",0,3,-3
"10063","1540喬福","110/08/06","兆豐-台中港",2,0,2
"10064","1540喬福","110/08/06","元大-景美",0,3,-3
"10065","1540喬福","110/08/06","國票-中正",2,0,2
"10066","1540喬福","110/08/06","元大-和平",0,3,-3
"10067","1540喬福","110/08/06","凱基-虎尾",2,0,2
"10068","1540喬福","110/08/06","日盛-台中",0,2,-2
"10069","1540喬福","110/08/06","凱基-台北",2,0,2
"10070","1540喬福","110/08/06","日盛-中和",0,2,-2
"10071","1540喬福","110/08/06","元大-府城",2,0,2
"10072","1540喬福","110/08/06","台新-台南",0,2,-2
"10073","1540喬福","110/08/06","土銀-玉里",1,0,1
"10074","1540喬福","110/08/06","玉山-高雄",0,2,-2
"10075","1540喬福","110/08/06","第一金-中壢",1,0,1
"10076","1540喬福","110/08/06","凱基-中壢",0,2,-2
"10077","1540喬福","110/08/06","國票-彰化",1,0,1
"10078","1540喬福","110/08/06","致和-南京",0,1,-1
"10079","1540喬福","110/08/06","國泰-敦南",1,0,1
"10080","1540喬福","110/08/06","摩根大通",0,1,-1
"10081","2888新光金","110/08/06","玉山-城中",3762,22,3740
"10082","2888新光金","110/08/06","美林",583,3191,-2608
"10083","2888新光金","110/08/06","瑞士信貸",1783,778,1005
"10084","2888新光金","110/08/06","元富-城東",39,1594,-1555
"10085","2888新光金","110/08/06","元大-土城永寧",1004,16,988
"10086","2888新光金","110/08/06","日盛-板橋",19,1000,-981
"10087","2888新光金","110/08/06","新加坡商瑞銀",1129,357,772
"10088","2888新光金","110/08/06","摩根大通",2207,3153,-946
"10089","2888新光金","110/08/06","中國信託",566,4,562
"10090","2888新光金","110/08/06","新光",505,1390,-885
"10091","2888新光金","110/08/06","富邦-員林",484,3,481
"10092","2888新光金","110/08/06","台灣摩根士丹利",181,1022,-841
"10093","2888新光金","110/08/06","臺銀-金山",432,3,429
"10094","2888新光金","110/08/06","元大-四維",35,750,-715
"10095","2888新光金","110/08/06","臺銀",418,2,416
"10096","2888新光金","110/08/06","美商高盛",114,811,-697
"10097","2888新光金","110/08/06","凱基-東勢",404,6,398
"10098","2888新光金","110/08/06","法銀巴黎",274,867,-593
"10099","2888新光金","110/08/06","玉山證券",416,73,343
"10100","2888新光金","110/08/06","元大-員林",18,503,-485
"10101","2888新光金","110/08/06","華南永昌-民權",305,0,305
"10102","2888新光金","110/08/06","富邦-建國",57,471,-414
"10103","2888新光金","110/08/06","永興",300,10,290
"10104","2888新光金","110/08/06","富邦-台中",15,418,-403
"10105","2888新光金","110/08/06","富邦-台北",319,48,271
"10106","2888新光金","110/08/06","華南永昌-嘉義",2,324,-322
"10107","2888新光金","110/08/06","兆豐-員林",274,28,246
"10108","2888新光金","110/08/06","凱基-台北",839,1120,-281
"10109","2888新光金","110/08/06","合庫-台中",240,10,230
"10110","2888新光金","110/08/06","國泰-館前",20,289,-269
"10111","1340勝悅","110/08/06","國泰-台中",30,0,30
"10112","1340勝悅","110/08/06","凱基-三峽",0,20,-20
"10113","1340勝悅","110/08/06","元富-彰化",10,0,10
"10114","1340勝悅","110/08/06","富邦-台東",1,14,-13
"10115","1340勝悅","110/08/06","華南永昌-忠孝",8,0,8
"10116","1340勝悅","110/08/06","華南永昌-三重",0,12,-12
"10117","1340勝悅","110/08/06","華南永昌-大安",7,0,7
"10118","1340勝悅","110/08/06","華南永昌-台中",0,10,-10
"10119","1340勝悅","110/08/06","永豐金-信義",6,0,6
"10120","1340勝悅","110/08/06","美林",0,8,-8
"10121","1340勝悅","110/08/06","臺灣企銀-埔墘",5,0,5
"10122","1340勝悅","110/08/06","第一金-豐原",0,8,-8
"10123","1340勝悅","110/08/06","元大-沙鹿",5,0,5
"10124","1340勝悅","110/08/06","凱基-城中",0,8,-8
"10125","1340勝悅","110/08/06","新光-高雄",4,0,4
"10126","1340勝悅","110/08/06","華南永昌-嘉義",0,6,-6
"10127","1340勝悅","110/08/06","群益金鼎-彰化",4,0,4
"10128","1340勝悅","110/08/06","元富",0,5,-5
"10129","1340勝悅","110/08/06","元大-仁愛",4,0,4
"10130","1340勝悅","110/08/06","光和-田中",0,5,-5
"10131","1340勝悅","110/08/06","美商高盛",3,0,3
"10132","1340勝悅","110/08/06","摩根大通",0,5,-5
"10133","1340勝悅","110/08/06","群益金鼎-館前",3,0,3
"10134","1340勝悅","110/08/06","元大-草屯",0,4,-4
"10135","1340勝悅","110/08/06","臺銀-臺中",2,0,2
"10136","1340勝悅","110/08/06","凱基-台北",1,4,-3
"10137","1340勝悅","110/08/06","永全-南崁",2,0,2
"10138","1340勝悅","110/08/06","元大-苑裡",0,3,-3
"10139","1340勝悅","110/08/06","群益金鼎-崇德",2,0,2
"10140","1340勝悅","110/08/06","日盛-員林",0,2,-2
"10141","6246臺龍","110/08/06","元大-西螺",120,1,119
"10142","6246臺龍","110/08/06","統一",0,247,-247
"10143","6246臺龍","110/08/06","富邦-敦南",111,0,111
"10144","6246臺龍","110/08/06","元大-林森",3,203,-200
"10145","6246臺龍","110/08/06","統一-台中",74,10,64
"10146","6246臺龍","110/08/06","凱基-大直",4,103,-99
"10147","6246臺龍","110/08/06","日盛證券",53,0,53
"10148","6246臺龍","110/08/06","大慶-富順",45,110,-65
"10149","6246臺龍","110/08/06","兆豐-高雄",81,38,43
"10150","6246臺龍","110/08/06","統一-南京",20,70,-50
"10151","6246臺龍","110/08/06","群益金鼎-東大",43,2,41
"10152","6246臺龍","110/08/06","港商野村",166,213,-47
"10153","6246臺龍","110/08/06","統一-永和",40,0,40
"10154","6246臺龍","110/08/06","台灣企銀",0,45,-45
"10155","6246臺龍","110/08/06","凱基-市府",48,8,40
"10156","6246臺龍","110/08/06","華南永昌-忠孝",1,45,-44
"10157","6246臺龍","110/08/06","凱基-員林",40,0,40
"10158","6246臺龍","110/08/06","永豐金-桃盛",0,35,-35
"10159","6246臺龍","110/08/06","新光-高雄",57,21,36
"10160","6246臺龍","110/08/06","康和-澎湖",0,30,-30
"10161","6246臺龍","110/08/06","國泰-敦南",104,69,35
"10162","6246臺龍","110/08/06","康和-石牌",0,30,-30
"10163","6246臺龍","110/08/06","元大-金門",39,5,34
"10164","6246臺龍","110/08/06","中國信託-永康",6,35,-29
"10165","6246臺龍","110/08/06","元大-西屯",29,2,27
"10166","6246臺龍","110/08/06","康和-內湖",2,30,-28
"10167","6246臺龍","110/08/06","永興-水湳",26,1,25
"10168","6246臺龍","110/08/06","大昌",16,43,-27
"10169","6246臺龍","110/08/06","元大-豐原站前",25,0,25
"10170","6246臺龍","110/08/06","台新證券",29,55,-26
"10171","00715L期街口布蘭特正2","110/08/06","華南永昌-長虹",810,50,760
"10172","00715L期街口布蘭特正2","110/08/06","永豐金證券",105,2122,-2017
"10173","00715L期街口布蘭特正2","110/08/06","富邦證券",557,0,557
"10174","00715L期街口布蘭特正2","110/08/06","(牛牛牛)亞-鑫豐",23,892,-869
"10175","00715L期街口布蘭特正2","110/08/06","新光",643,129,514
"10176","00715L期街口布蘭特正2","110/08/06","凱基-台北",1,789,-788
"10177","00715L期街口布蘭特正2","110/08/06","台新-新營",434,0,434
"10178","00715L期街口布蘭特正2","110/08/06","元大-永康",0,781,-781
"10179","00715L期街口布蘭特正2","110/08/06","群益金鼎-屏東",401,0,401
"10180","00715L期街口布蘭特正2","110/08/06","富邦-彰化",0,513,-513
"10181","00715L期街口布蘭特正2","110/08/06","永豐金-板盛",402,21,381
"10182","00715L期街口布蘭特正2","110/08/06","玉山-大里",0,488,-488
"10183","00715L期街口布蘭特正2","110/08/06","兆豐-員林",302,6,296
"10184","00715L期街口布蘭特正2","110/08/06","元大-中和",0,400,-400
"10185","00715L期街口布蘭特正2","110/08/06","兆豐-新莊",260,0,260
"10186","00715L期街口布蘭特正2","110/08/06","元富-安南",2,310,-308
"10187","00715L期街口布蘭特正2","110/08/06","宏遠-光隆",252,0,252
"10188","00715L期街口布蘭特正2","110/08/06","元大-羅東",5,304,-299
"10189","00715L期街口布蘭特正2","110/08/06","台中銀",207,0,207
"10190","00715L期街口布蘭特正2","110/08/06","第一金-路竹",13,273,-260
"10191","00715L期街口布蘭特正2","110/08/06","國票-北高雄",204,0,204
"10192","00715L期街口布蘭特正2","110/08/06","元大-新盛",5,247,-242
"10193","00715L期街口布蘭特正2","110/08/06","永豐金-新店",200,4,196
"10194","00715L期街口布蘭特正2","110/08/06","元大-忠孝",0,202,-202
"10195","00715L期街口布蘭特正2","110/08/06","元大-新莊",211,17,194
"10196","00715L期街口布蘭特正2","110/08/06","兆豐-嘉義",8,200,-192
"10197","00715L期街口布蘭特正2","110/08/06","聯邦-興中",185,0,185
"10198","00715L期街口布蘭特正2","110/08/06","元大-西屯",5,190,-185
"10199","00715L期街口布蘭特正2","110/08/06","元富-成功",244,62,182
"10200","00715L期街口布蘭特正2","110/08/06","元大-前金",1,181,-180
"10201","8941關中","110/08/06","第一金-台南",6,0,6
"10202","8941關中","110/08/06","富邦-員林",0,20,-20
"10203","8941關中","110/08/06","凱基-市府",6,0,6
"10204","8941關中","110/08/06","元大-金華",0,1,-1
"10205","8941關中","110/08/06","合庫-台中",5,0,5
"10206","8941關中","110/08/06","元大-淡水",0,1,-1
"10207","8941關中","110/08/06","永豐金-三重",2,0,2
"10208","8941關中","110/08/06","合庫證券",0,0,0
"10209","8941關中","110/08/06","(牛牛牛)亞-鑫豐",1,0,1
"10210","8941關中","110/08/06","元大證券",0,0,0
"10211","8941關中","110/08/06","群益金鼎-基隆",1,0,1
"10212","8941關中","110/08/06","元大-桃興",2,2,0
"10213","8941關中","110/08/06","元大-古亭",1,0,1
"10214","8941關中","110/08/06","元大-板橋",0,0,0
"10215","8941關中","110/08/06","合庫證券",0,0,0
"10216","8941關中","110/08/06","永豐金-萬盛",0,0,0
"10217","8941關中","110/08/06","元大證券",0,0,0
"10218","8941關中","110/08/06","",NA,NA,NA
"10219","8941關中","110/08/06","元大-桃興",2,2,0
"10220","8941關中","110/08/06","",NA,NA,NA
"10221","8941關中","110/08/06","元大-板橋",0,0,0
"10222","8941關中","110/08/06","",NA,NA,NA
"10223","8941關中","110/08/06","永豐金-萬盛",0,0,0
"10224","8941關中","110/08/06","",NA,NA,NA
"10225","8941關中","110/08/06","",NA,NA,NA
"10226","8941關中","110/08/06","",NA,NA,NA
"10227","8941關中","110/08/06","",NA,NA,NA
"10228","8941關中","110/08/06","",NA,NA,NA
"10229","8941關中","110/08/06","",NA,NA,NA
"10230","8941關中","110/08/06","",NA,NA,NA
"10231","8936國統","110/08/06","摩根大通",55,0,55
"10232","8936國統","110/08/06","大慶-蘆洲",1,63,-62
"10233","8936國統","110/08/06","凱基-台北",66,19,47
"10234","8936國統","110/08/06","宏遠-館前",0,50,-50
"10235","8936國統","110/08/06","國票-敦北法人",25,1,24
"10236","8936國統","110/08/06","凱基-長庚",0,46,-46
"10237","8936國統","110/08/06","元大-大里德芳",22,0,22
"10238","8936國統","110/08/06","台灣摩根士丹利",0,42,-42
"10239","8936國統","110/08/06","兆豐-新營",20,0,20
"10240","8936國統","110/08/06","永豐金-苓雅",15,48,-33
"10241","8936國統","110/08/06","新光-新竹",17,0,17
"10242","8936國統","110/08/06","元大-竹東",0,30,-30
"10243","8936國統","110/08/06","新光-台中",17,4,13
"10244","8936國統","110/08/06","新加坡商瑞銀",23,49,-26
"10245","8936國統","110/08/06","元富-新店",10,0,10
"10246","8936國統","110/08/06","國票-北高雄",0,25,-25
"10247","8936國統","110/08/06","中國信託-永康",10,0,10
"10248","8936國統","110/08/06","國泰-台南",0,20,-20
"10249","8936國統","110/08/06","台新-高雄",11,1,10
"10250","8936國統","110/08/06","國泰-敦南",7,24,-17
"10251","8936國統","110/08/06","國泰-板橋",10,0,10
"10252","8936國統","110/08/06","臺灣企銀-桃園",0,13,-13
"10253","8936國統","110/08/06","群益金鼎-東湖",10,0,10
"10254","8936國統","110/08/06","美商高盛",1,13,-12
"10255","8936國統","110/08/06","元大-北成功",10,0,10
"10256","8936國統","110/08/06","合庫-高雄",0,10,-10
"10257","8936國統","110/08/06","臺銀-高雄",9,0,9
"10258","8936國統","110/08/06","臺銀",0,10,-10
"10259","8936國統","110/08/06","日盛-和美",9,0,9
"10260","8936國統","110/08/06","元大-土城學府",0,10,-10
"10261","6226光鼎","110/08/06","國泰-敦南",183,87,96
"10262","6226光鼎","110/08/06","富邦-嘉義",286,537,-251
"10263","6226光鼎","110/08/06","台新-高雄",129,53,76
"10264","6226光鼎","110/08/06","統一-新竹",30,181,-151
"10265","6226光鼎","110/08/06","新光",81,25,56
"10266","6226光鼎","110/08/06","宏遠-台中",0,118,-118
"10267","6226光鼎","110/08/06","台新證券",112,57,55
"10268","6226光鼎","110/08/06","華南永昌-大安",2,82,-80
"10269","6226光鼎","110/08/06","台新-新營",56,4,52
"10270","6226光鼎","110/08/06","元富-西松",1,76,-75
"10271","6226光鼎","110/08/06","中國信託",48,7,41
"10272","6226光鼎","110/08/06","凱基-豐中",1,74,-73
"10273","6226光鼎","110/08/06","富邦-板橋",38,5,33
"10274","6226光鼎","110/08/06","凱基-長庚",3,64,-61
"10275","6226光鼎","110/08/06","台新-中壢",32,0,32
"10276","6226光鼎","110/08/06","元富-高雄",2,58,-56
"10277","6226光鼎","110/08/06","日盛-北高雄",32,1,31
"10278","6226光鼎","110/08/06","永豐金-萬盛",2,49,-47
"10279","6226光鼎","110/08/06","群益金鼎-桃園",31,0,31
"10280","6226光鼎","110/08/06","統一-仁愛",11,57,-46
"10281","6226光鼎","110/08/06","元大-屏東民生",31,0,31
"10282","6226光鼎","110/08/06","國票-台中",0,46,-46
"10283","6226光鼎","110/08/06","中國信託-永康",35,5,30
"10284","6226光鼎","110/08/06","群益金鼎-嘉義",11,55,-44
"10285","6226光鼎","110/08/06","國泰-台中",57,27,30
"10286","6226光鼎","110/08/06","元大-沙鹿",6,50,-44
"10287","6226光鼎","110/08/06","群益金鼎-板橋",30,0,30
"10288","6226光鼎","110/08/06","新光-高雄",17,58,-41
"10289","6226光鼎","110/08/06","寶盛",29,0,29
"10290","6226光鼎","110/08/06","元大-嘉義",3,36,-33
"10291","2363矽統","110/08/06","新加坡商瑞銀",1338,777,561
"10292","2363矽統","110/08/06","凱基-台北",4343,7347,-3004
"10293","2363矽統","110/08/06","日盛-三峽",475,86,389
"10294","2363矽統","110/08/06","摩根大通",1716,2908,-1192
"10295","2363矽統","110/08/06","中國信託-忠孝",433,44,389
"10296","2363矽統","110/08/06","美商高盛",315,1169,-854
"10297","2363矽統","110/08/06","陽信-石牌",448,73,375
"10298","2363矽統","110/08/06","永豐金證券",168,889,-721
"10299","2363矽統","110/08/06","國泰-台中",743,471,272
"10300","2363矽統","110/08/06","國票-敦北法人",29,513,-484
"10301","2363矽統","110/08/06","國泰-敦南",2177,1919,258
"10302","2363矽統","110/08/06","元富-嘉義",43,424,-381
"10303","2363矽統","110/08/06","台新-台中",565,347,218
"10304","2363矽統","110/08/06","元大-東泰",174,540,-366
"10305","2363矽統","110/08/06","元大-敦化",246,31,215
"10306","2363矽統","110/08/06","元大證券",187,522,-335
"10307","2363矽統","110/08/06","大昌-桃園",241,51,190
"10308","2363矽統","110/08/06","合庫證券",173,495,-322
"10309","2363矽統","110/08/06","華南永昌-淡水",230,48,182
"10310","2363矽統","110/08/06","元大-萬華",128,391,-263
"10311","2363矽統","110/08/06","港商野村",2381,2203,178
"10312","2363矽統","110/08/06","國票-博愛",93,350,-257
"10313","2363矽統","110/08/06","台新-高雄",529,361,168
"10314","2363矽統","110/08/06","台新-屏東",200,455,-255
"10315","2363矽統","110/08/06","元大-新竹",320,156,164
"10316","2363矽統","110/08/06","日盛-南京",74,327,-253
"10317","2363矽統","110/08/06","元大-中壢",454,292,162
"10318","2363矽統","110/08/06","兆豐-民生",16,227,-211
"10319","2363矽統","110/08/06","新光-台南",310,150,160
"10320","2363矽統","110/08/06","元大-旗山",168,364,-196
"10321","8112至上","110/08/06","新光-新竹",533,65,468
"10322","8112至上","110/08/06","摩根大通",12,2930,-2918
"10323","8112至上","110/08/06","國泰-新莊",192,0,192
"10324","8112至上","110/08/06","凱基-台北",388,1548,-1160
"10325","8112至上","110/08/06","合庫證券",195,11,184
"10326","8112至上","110/08/06","新加坡商瑞銀",17,1069,-1052
"10327","8112至上","110/08/06","元大-西門",178,2,176
"10328","8112至上","110/08/06","台灣摩根士丹利",48,955,-907
"10329","8112至上","110/08/06","(牛牛牛)亞-鑫豐",153,13,140
"10330","8112至上","110/08/06","元大-竹科",61,824,-763
"10331","8112至上","110/08/06","永豐金-中正",120,1,119
"10332","8112至上","110/08/06","美林",19,583,-564
"10333","8112至上","110/08/06","陽信",111,0,111
"10334","8112至上","110/08/06","瑞士信貸",0,547,-547
"10335","8112至上","110/08/06","康和-板橋",106,0,106
"10336","8112至上","110/08/06","康和",2,484,-482
"10337","8112至上","110/08/06","群益金鼎-延平",101,0,101
"10338","8112至上","110/08/06","永豐金-台中",17,430,-413
"10339","8112至上","110/08/06","元大-北成功",110,14,96
"10340","8112至上","110/08/06","元大-屏南",4,393,-389
"10341","8112至上","110/08/06","元富-古亭",141,46,95
"10342","8112至上","110/08/06","美商高盛",12,217,-205
"10343","8112至上","110/08/06","臺灣企銀-埔墘",92,1,91
"10344","8112至上","110/08/06","新光-桃園",42,204,-162
"10345","8112至上","110/08/06","第一金-桃園",89,0,89
"10346","8112至上","110/08/06","玉山證券",18,162,-144
"10347","8112至上","110/08/06","台新證券",105,16,89
"10348","8112至上","110/08/06","群益金鼎-基隆",7,151,-144
"10349","8112至上","110/08/06","玉山-板橋",96,10,86
"10350","8112至上","110/08/06","台新-新營",60,183,-123
"10351","1570力肯","110/08/06","國票-北高雄",246,40,206
"10352","1570力肯","110/08/06","富邦-高雄",0,47,-47
"10353","1570力肯","110/08/06","統一-松江",43,0,43
"10354","1570力肯","110/08/06","凱基-台北",55,101,-46
"10355","1570力肯","110/08/06","日茂-南投",42,2,40
"10356","1570力肯","110/08/06","台新證券",25,60,-35
"10357","1570力肯","110/08/06","群益金鼎-三重",34,2,32
"10358","1570力肯","110/08/06","元富-三重",0,32,-32
"10359","1570力肯","110/08/06","華南永昌-麻豆",32,4,28
"10360","1570力肯","110/08/06","台中銀-員林",0,32,-32
"10361","1570力肯","110/08/06","永豐金-中和",29,2,27
"10362","1570力肯","110/08/06","國泰-板橋",1,33,-32
"10363","1570力肯","110/08/06","永豐金-大園",21,0,21
"10364","1570力肯","110/08/06","摩根大通",83,112,-29
"10365","1570力肯","110/08/06","統一-三重",25,5,20
"10366","1570力肯","110/08/06","玉山-新莊",0,27,-27
"10367","1570力肯","110/08/06","元富-新店",20,0,20
"10368","1570力肯","110/08/06","永豐金-虎尾",0,27,-27
"10369","1570力肯","110/08/06","大昌-桃園",21,1,20
"10370","1570力肯","110/08/06","玉山-左營",0,25,-25
"10371","1570力肯","110/08/06","康和-高雄",18,1,17
"10372","1570力肯","110/08/06","富邦-仁愛",10,32,-22
"10373","1570力肯","110/08/06","元富-潮州",16,0,16
"10374","1570力肯","110/08/06","中國信託-忠孝",0,21,-21
"10375","1570力肯","110/08/06","元富-松德",15,0,15
"10376","1570力肯","110/08/06","臺銀-鳳山",4,24,-20
"10377","1570力肯","110/08/06","凱基-嘉義",15,0,15
"10378","1570力肯","110/08/06","台新-屏東",1,21,-20
"10379","1570力肯","110/08/06","凱基-埔墘",15,0,15
"10380","1570力肯","110/08/06","群益金鼎-西松",0,20,-20
"10381","2929淘帝","110/08/06","統一",155,0,155
"10382","2929淘帝","110/08/06","元富-敦南",0,100,-100
"10383","2929淘帝","110/08/06","港商野村",188,52,136
"10384","2929淘帝","110/08/06","兆豐-忠孝",0,60,-60
"10385","2929淘帝","110/08/06","摩根大通",72,3,69
"10386","2929淘帝","110/08/06","台新證券",9,68,-59
"10387","2929淘帝","110/08/06","新光-新竹",45,0,45
"10388","2929淘帝","110/08/06","凱基-台北",30,80,-50
"10389","2929淘帝","110/08/06","華南永昌",40,1,39
"10390","2929淘帝","110/08/06","台新-台中",0,45,-45
"10391","2929淘帝","110/08/06","美林",52,18,34
"10392","2929淘帝","110/08/06","國泰-台中",2,43,-41
"10393","2929淘帝","110/08/06","新加坡商瑞銀",48,14,34
"10394","2929淘帝","110/08/06","華南永昌-林口",0,37,-37
"10395","2929淘帝","110/08/06","日盛-頭份",32,0,32
"10396","2929淘帝","110/08/06","元大-屏南",0,30,-30
"10397","2929淘帝","110/08/06","日盛-板橋中山",30,0,30
"10398","2929淘帝","110/08/06","群益金鼎-潭子",0,26,-26
"10399","2929淘帝","110/08/06","元大-中壢",25,3,22
"10400","2929淘帝","110/08/06","元大-新莊",3,26,-23
"10401","2929淘帝","110/08/06","元大-莒光",21,0,21
"10402","2929淘帝","110/08/06","臺銀-臺南",0,22,-22
"10403","2929淘帝","110/08/06","福勝",20,0,20
"10404","2929淘帝","110/08/06","新光",2,24,-22
"10405","2929淘帝","110/08/06","元富-三重",17,0,17
"10406","2929淘帝","110/08/06","華南永昌-長虹",0,22,-22
"10407","2929淘帝","110/08/06","國票-南京",17,0,17
"10408","2929淘帝","110/08/06","富邦-高雄",0,20,-20
"10409","2929淘帝","110/08/06","合庫證券",16,0,16
"10410","2929淘帝","110/08/06","元大-竹科",0,20,-20
"10411","5410國眾","110/08/06","元大-中壢",15,1,14
"10412","5410國眾","110/08/06","凱基-台北",0,16,-16
"10413","5410國眾","110/08/06","玉山-嘉義",10,0,10
"10414","5410國眾","110/08/06","元大-松山",0,15,-15
"10415","5410國眾","110/08/06","元大-敦南",10,0,10
"10416","5410國眾","110/08/06","元大-斗信",0,10,-10
"10417","5410國眾","110/08/06","永豐金-板橋",10,0,10
"10418","5410國眾","110/08/06","臺銀-臺南",0,9,-9
"10419","5410國眾","110/08/06","華南永昌-新莊",9,0,9
"10420","5410國眾","110/08/06","新光-台中",0,9,-9
"10421","5410國眾","110/08/06","華南永昌-世貿",6,0,6
"10422","5410國眾","110/08/06","群益金鼎-中壢",0,7,-7
"10423","5410國眾","110/08/06","亞東",5,0,5
"10424","5410國眾","110/08/06","永豐金-中和",0,7,-7
"10425","5410國眾","110/08/06","大昌-新店",5,0,5
"10426","5410國眾","110/08/06","元大-北投",0,6,-6
"10427","5410國眾","110/08/06","凱基-民權",5,0,5
"10428","5410國眾","110/08/06","元大-豐原站前",0,6,-6
"10429","5410國眾","110/08/06","元大-士林",5,0,5
"10430","5410國眾","110/08/06","臺銀",0,5,-5
"10431","5410國眾","110/08/06","元大-北三重",5,0,5
"10432","5410國眾","110/08/06","台灣企銀-太平",0,5,-5
"10433","5410國眾","110/08/06","永豐金-桃園",5,0,5
"10434","5410國眾","110/08/06","元大-大益",0,5,-5
"10435","5410國眾","110/08/06","兆豐-員林",4,0,4
"10436","5410國眾","110/08/06","元大-和平",0,5,-5
"10437","5410國眾","110/08/06","台新-三民",4,0,4
"10438","5410國眾","110/08/06","元大-台南",0,5,-5
"10439","5410國眾","110/08/06","國泰-敦南",6,2,4
"10440","5410國眾","110/08/06","元大-古亭",0,5,-5
"10441","2841台開","110/08/06","宏遠-館前",520,0,520
"10442","2841台開","110/08/06","元富-台南",0,200,-200
"10443","2841台開","110/08/06","合庫證券",193,0,193
"10444","2841台開","110/08/06","元大-鹿港",0,182,-182
"10445","2841台開","110/08/06","永興-台中",100,0,100
"10446","2841台開","110/08/06","群益金鼎-桃園",0,132,-132
"10447","2841台開","110/08/06","永豐金-竹北",78,0,78
"10448","2841台開","110/08/06","中國信託-忠孝",0,130,-130
"10449","2841台開","110/08/06","元大證券",50,0,50
"10450","2841台開","110/08/06","元大-四維",3,116,-113
"10451","2841台開","110/08/06","元大-大天母",50,0,50
"10452","2841台開","110/08/06","元富-嘉義",0,50,-50
"10453","2841台開","110/08/06","永豐金-敦南",50,0,50
"10454","2841台開","110/08/06","元富-板橋",0,50,-50
"10455","2841台開","110/08/06","日盛-園區",49,0,49
"10456","2841台開","110/08/06","(牛牛牛)亞-鑫豐",0,50,-50
"10457","2841台開","110/08/06","元大-前金",38,0,38
"10458","2841台開","110/08/06","群益金鼎-新店",0,50,-50
"10459","2841台開","110/08/06","新光-台中",32,1,31
"10460","2841台開","110/08/06","統一-彰化",0,45,-45
"10461","2841台開","110/08/06","華南永昌-台中",30,0,30
"10462","2841台開","110/08/06","台中銀",12,50,-38
"10463","2841台開","110/08/06","第一金-忠孝",20,0,20
"10464","2841台開","110/08/06","國票-中和",0,30,-30
"10465","2841台開","110/08/06","富邦-台北",20,0,20
"10466","2841台開","110/08/06","富邦-竹北",0,29,-29
"10467","2841台開","110/08/06","元大-林園",20,0,20
"10468","2841台開","110/08/06","日盛-樹林",0,26,-26
"10469","2841台開","110/08/06","日盛-信義",18,0,18
"10470","2841台開","110/08/06","富邦-板橋",0,25,-25
"10471","6207雷科","110/08/06","凱基-台北",167,49,118
"10472","6207雷科","110/08/06","群益金鼎-古亭",0,80,-80
"10473","6207雷科","110/08/06","摩根大通",185,102,83
"10474","6207雷科","110/08/06","康和-台中",0,56,-56
"10475","6207雷科","110/08/06","新光-台中",65,1,64
"10476","6207雷科","110/08/06","統一-板橋",8,59,-51
"10477","6207雷科","110/08/06","元大-鳳山",77,40,37
"10478","6207雷科","110/08/06","臺銀",0,50,-50
"10479","6207雷科","110/08/06","德信",30,0,30
"10480","6207雷科","110/08/06","日盛-忠孝",0,50,-50
"10481","6207雷科","110/08/06","新加坡商瑞銀",47,19,28
"10482","6207雷科","110/08/06","永豐金-虎尾",0,29,-29
"10483","6207雷科","110/08/06","凱基-三重",30,2,28
"10484","6207雷科","110/08/06","凱基-敦北",0,23,-23
"10485","6207雷科","110/08/06","凱基-三峽",33,10,23
"10486","6207雷科","110/08/06","華南永昌-世貿",0,22,-22
"10487","6207雷科","110/08/06","玉山-台大",25,3,22
"10488","6207雷科","110/08/06","兆豐-來福",5,25,-20
"10489","6207雷科","110/08/06","元大-板橋",15,0,15
"10490","6207雷科","110/08/06","群益金鼎-中壢",1,21,-20
"10491","6207雷科","110/08/06","元大-南京",13,0,13
"10492","6207雷科","110/08/06","宏遠-台南",0,16,-16
"10493","6207雷科","110/08/06","元富-大昌",12,0,12
"10494","6207雷科","110/08/06","合庫-桃園",0,15,-15
"10495","6207雷科","110/08/06","德信-和平",11,0,11
"10496","6207雷科","110/08/06","玉山-新莊",1,16,-15
"10497","6207雷科","110/08/06","元大-承德",12,1,11
"10498","6207雷科","110/08/06","群益金鼎-敦南",0,15,-15
"10499","6207雷科","110/08/06","台新-高雄",18,8,10
"10500","6207雷科","110/08/06","台新-左楠",2,15,-13
"10501","3679新至陞","110/08/06","國票-安和",10,0,10
"10502","3679新至陞","110/08/06","摩根大通",1,32,-31
"10503","3679新至陞","110/08/06","元大-上新莊",10,0,10
"10504","3679新至陞","110/08/06","凱基-台北",2,17,-15
"10505","3679新至陞","110/08/06","富邦-台北",9,0,9
"10506","3679新至陞","110/08/06","台灣摩根士丹利",0,11,-11
"10507","3679新至陞","110/08/06","元大-板橋",9,3,6
"10508","3679新至陞","110/08/06","瑞士信貸",0,11,-11
"10509","3679新至陞","110/08/06","康和-板橋",5,0,5
"10510","3679新至陞","110/08/06","兆豐-員林",0,10,-10
"10511","3679新至陞","110/08/06","國泰-松江",5,0,5
"10512","3679新至陞","110/08/06","元大-蘆洲",0,10,-10
"10513","3679新至陞","110/08/06","凱基-三峽",5,0,5
"10514","3679新至陞","110/08/06","美林",1,8,-7
"10515","3679新至陞","110/08/06","華南永昌-大安",5,0,5
"10516","3679新至陞","110/08/06","群益金鼎-桃園",0,7,-7
"10517","3679新至陞","110/08/06","台新-屏東",4,0,4
"10518","3679新至陞","110/08/06","玉山-台大",0,5,-5
"10519","3679新至陞","110/08/06","群益金鼎-敦南",4,0,4
"10520","3679新至陞","110/08/06","日盛-新竹",0,4,-4
"10521","3679新至陞","110/08/06","元大-天母",4,0,4
"10522","3679新至陞","110/08/06","土銀-和平",2,5,-3
"10523","3679新至陞","110/08/06","臺銀-高雄",3,0,3
"10524","3679新至陞","110/08/06","元富-松德",0,3,-3
"10525","3679新至陞","110/08/06","台中銀-員林",3,0,3
"10526","3679新至陞","110/08/06","光和-田中",0,3,-3
"10527","3679新至陞","110/08/06","北城證券",3,0,3
"10528","3679新至陞","110/08/06","群益金鼎-台南",0,3,-3
"10529","3679新至陞","110/08/06","元大-景美",3,0,3
"10530","3679新至陞","110/08/06","元大證券",1,4,-3
"10531","2727王品","110/08/06","摩根大通",65,18,47
"10532","2727王品","110/08/06","美商高盛",12,258,-246
"10533","2727王品","110/08/06","華南永昌",18,0,18
"10534","2727王品","110/08/06","安泰",2,60,-58
"10535","2727王品","110/08/06","凱基-台北",41,25,16
"10536","2727王品","110/08/06","台灣摩根士丹利",10,59,-49
"10537","2727王品","110/08/06","元大-中壢",20,4,16
"10538","2727王品","110/08/06","台新證券",17,60,-43
"10539","2727王品","110/08/06","台新-高雄",27,13,14
"10540","2727王品","110/08/06","元大-桃園",0,32,-32
"10541","2727王品","110/08/06","永豐金-苓雅",14,1,13
"10542","2727王品","110/08/06","凱基-基隆",0,30,-30
"10543","2727王品","110/08/06","永豐金-中盛",14,1,13
"10544","2727王品","110/08/06","群益金鼎-台中",0,22,-22
"10545","2727王品","110/08/06","第一金-安和",12,0,12
"10546","2727王品","110/08/06","凱基-三重",1,20,-19
"10547","2727王品","110/08/06","台新-台南",12,0,12
"10548","2727王品","110/08/06","元大證券",23,42,-19
"10549","2727王品","110/08/06","元大-八德",12,0,12
"10550","2727王品","110/08/06","瑞士信貸",0,18,-18
"10551","2727王品","110/08/06","新加坡商瑞銀",14,3,11
"10552","2727王品","110/08/06","港商野村",32,50,-18
"10553","2727王品","110/08/06","美林",11,1,10
"10554","2727王品","110/08/06","元大-羅東",2,17,-15
"10555","2727王品","110/08/06","台新-中壢",10,0,10
"10556","2727王品","110/08/06","元大-彰化",3,15,-12
"10557","2727王品","110/08/06","大昌-新竹",9,0,9
"10558","2727王品","110/08/06","土銀-高雄",1,12,-11
"10559","2727王品","110/08/06","元大-文心興安",11,2,9
"10560","2727王品","110/08/06","台新-新莊",0,11,-11
"10561","1570力肯","110/08/06","國票-北高雄",246,40,206
"10562","1570力肯","110/08/06","富邦-高雄",0,47,-47
"10563","1570力肯","110/08/06","統一-松江",43,0,43
"10564","1570力肯","110/08/06","凱基-台北",55,101,-46
"10565","1570力肯","110/08/06","日茂-南投",42,2,40
"10566","1570力肯","110/08/06","台新證券",25,60,-35
"10567","1570力肯","110/08/06","群益金鼎-三重",34,2,32
"10568","1570力肯","110/08/06","元富-三重",0,32,-32
"10569","1570力肯","110/08/06","華南永昌-麻豆",32,4,28
"10570","1570力肯","110/08/06","台中銀-員林",0,32,-32
"10571","1570力肯","110/08/06","永豐金-中和",29,2,27
"10572","1570力肯","110/08/06","國泰-板橋",1,33,-32
"10573","1570力肯","110/08/06","永豐金-大園",21,0,21
"10574","1570力肯","110/08/06","摩根大通",83,112,-29
"10575","1570力肯","110/08/06","統一-三重",25,5,20
"10576","1570力肯","110/08/06","玉山-新莊",0,27,-27
"10577","1570力肯","110/08/06","元富-新店",20,0,20
"10578","1570力肯","110/08/06","永豐金-虎尾",0,27,-27
"10579","1570力肯","110/08/06","大昌-桃園",21,1,20
"10580","1570力肯","110/08/06","玉山-左營",0,25,-25
"10581","1570力肯","110/08/06","康和-高雄",18,1,17
"10582","1570力肯","110/08/06","富邦-仁愛",10,32,-22
"10583","1570力肯","110/08/06","元富-潮州",16,0,16
"10584","1570力肯","110/08/06","中國信託-忠孝",0,21,-21
"10585","1570力肯","110/08/06","元富-松德",15,0,15
"10586","1570力肯","110/08/06","臺銀-鳳山",4,24,-20
"10587","1570力肯","110/08/06","凱基-嘉義",15,0,15
"10588","1570力肯","110/08/06","台新-屏東",1,21,-20
"10589","1570力肯","110/08/06","凱基-埔墘",15,0,15
"10590","1570力肯","110/08/06","群益金鼎-西松",0,20,-20
"10591","6180橘子","110/08/06","凱基-中山",138,3,135
"10592","6180橘子","110/08/06","新光",6,37,-31
"10593","6180橘子","110/08/06","富邦-高雄",18,0,18
"10594","6180橘子","110/08/06","永豐金-板新",0,24,-24
"10595","6180橘子","110/08/06","美商高盛",14,0,14
"10596","6180橘子","110/08/06","國票-九鼎",0,20,-20
"10597","6180橘子","110/08/06","富邦-板橋",14,0,14
"10598","6180橘子","110/08/06","群益金鼎-古亭",0,20,-20
"10599","6180橘子","110/08/06","台灣摩根士丹利",18,6,12
"10600","6180橘子","110/08/06","凱基-台北",2,22,-20
"10601","6180橘子","110/08/06","聯邦-雙和",11,0,11
"10602","6180橘子","110/08/06","富邦-員林",1,20,-19
"10603","6180橘子","110/08/06","宏遠-光隆",10,0,10
"10604","6180橘子","110/08/06","富邦-基隆",0,14,-14
"10605","6180橘子","110/08/06","元富-四維",10,0,10
"10606","6180橘子","110/08/06","元富-永和",1,12,-11
"10607","6180橘子","110/08/06","摩根大通",11,1,10
"10608","6180橘子","110/08/06","玉山-台南",0,11,-11
"10609","6180橘子","110/08/06","日盛-中壢",9,0,9
"10610","6180橘子","110/08/06","元大-彰化民生",0,11,-11
"10611","6180橘子","110/08/06","中國信託",9,0,9
"10612","6180橘子","110/08/06","群益金鼎-忠孝",0,10,-10
"10613","6180橘子","110/08/06","凱基-板橋",10,1,9
"10614","6180橘子","110/08/06","元大-龍潭",0,10,-10
"10615","6180橘子","110/08/06","日盛-景美",9,2,7
"10616","6180橘子","110/08/06","元大-金華",1,11,-10
"10617","6180橘子","110/08/06","瑞士信貸",7,0,7
"10618","6180橘子","110/08/06","第一金-新興",0,8,-8
"10619","6180橘子","110/08/06","元大-高雄",5,0,5
"10620","6180橘子","110/08/06","美林",0,7,-7
"10621","2390云辰","110/08/06","元大證券",203,14,189
"10622","2390云辰","110/08/06","永豐金-豐原",0,174,-174
"10623","2390云辰","110/08/06","美商高盛",114,7,107
"10624","2390云辰","110/08/06","第一金-華江",0,83,-83
"10625","2390云辰","110/08/06","華南永昌-麻豆",103,0,103
"10626","2390云辰","110/08/06","凱基-台北",126,197,-71
"10627","2390云辰","110/08/06","國票-安和",76,11,65
"10628","2390云辰","110/08/06","摩根大通",129,187,-58
"10629","2390云辰","110/08/06","港商野村",188,138,50
"10630","2390云辰","110/08/06","臺銀-金山",0,50,-50
"10631","2390云辰","110/08/06","元大-土城學府",102,56,46
"10632","2390云辰","110/08/06","聯邦商銀",13,50,-37
"10633","2390云辰","110/08/06","元富-板橋",41,0,41
"10634","2390云辰","110/08/06","元大-上新莊",10,43,-33
"10635","2390云辰","110/08/06","新加坡商瑞銀",47,7,40
"10636","2390云辰","110/08/06","兆豐-三民",0,30,-30
"10637","2390云辰","110/08/06","元大-台南",35,0,35
"10638","2390云辰","110/08/06","富邦-桃園",0,30,-30
"10639","2390云辰","110/08/06","凱基-林口",31,0,31
"10640","2390云辰","110/08/06","國泰-敦南",33,60,-27
"10641","2390云辰","110/08/06","凱基-台中",23,0,23
"10642","2390云辰","110/08/06","元大-天母",1,28,-27
"10643","2390云辰","110/08/06","台新-左楠",22,0,22
"10644","2390云辰","110/08/06","統一-高雄",0,25,-25
"10645","2390云辰","110/08/06","元大-文心",24,2,22
"10646","2390云辰","110/08/06","元大-太平",0,22,-22
"10647","2390云辰","110/08/06","統一-三重",22,1,21
"10648","2390云辰","110/08/06","彰銀-台中",36,56,-20
"10649","2390云辰","110/08/06","台灣企銀-嘉義",20,0,20
"10650","2390云辰","110/08/06","統一-屏東",1,21,-20
"10651","2867三商壽","110/08/05","摩根大通",376,0,376
"10652","2867三商壽","110/08/05","日盛-新莊",0,253,-253
"10653","2867三商壽","110/08/05","玉山-大里",307,1,306
"10654","2867三商壽","110/08/05","宏遠-高雄",0,156,-156
"10655","2867三商壽","110/08/05","元大-土城永寧",250,0,250
"10656","2867三商壽","110/08/05","康和-台中",0,135,-135
"10657","2867三商壽","110/08/05","新加坡商瑞銀",137,0,137
"10658","2867三商壽","110/08/05","台灣摩根士丹利",17,133,-116
"10659","2867三商壽","110/08/05","大展",120,0,120
"10660","2867三商壽","110/08/05","台灣企銀-竹北",0,100,-100
"10661","2867三商壽","110/08/05","凱基-長庚",120,0,120
"10662","2867三商壽","110/08/05","群益金鼎-桃園",1,100,-99
"10663","2867三商壽","110/08/05","元大-大同",104,2,102
"10664","2867三商壽","110/08/05","永豐金-高雄",10,101,-91
"10665","2867三商壽","110/08/05","凱基-台北",98,30,68
"10666","2867三商壽","110/08/05","元富",0,70,-70
"10667","2867三商壽","110/08/05","華南永昌-朴子",60,0,60
"10668","2867三商壽","110/08/05","富邦-花蓮",0,53,-53
"10669","2867三商壽","110/08/05","永豐金-市政",50,0,50
"10670","2867三商壽","110/08/05","日盛-台南",0,43,-43
"10671","2867三商壽","110/08/05","富邦-台南",49,1,48
"10672","2867三商壽","110/08/05","宏遠-台中",6,45,-39
"10673","2867三商壽","110/08/05","永豐金-永康",30,0,30
"10674","2867三商壽","110/08/05","瑞士信貸",0,32,-32
"10675","2867三商壽","110/08/05","富邦-竹東",30,1,29
"10676","2867三商壽","110/08/05","致和-高雄",0,31,-31
"10677","2867三商壽","110/08/05","兆豐-高雄",30,10,20
"10678","2867三商壽","110/08/05","國泰-台南",1,32,-31
"10679","2867三商壽","110/08/05","群益金鼎-西松",20,0,20
"10680","2867三商壽","110/08/05","元大-松山",1,31,-30
"10681","5521工信","110/08/05","兆豐-桃園",72,0,72
"10682","5521工信","110/08/05","美林",5,100,-95
"10683","5521工信","110/08/05","(牛牛牛)亞-鑫豐",24,0,24
"10684","5521工信","110/08/05","華南永昌-桃園",0,76,-76
"10685","5521工信","110/08/05","富邦-建國",22,0,22
"10686","5521工信","110/08/05","第一金-桃園",0,43,-43
"10687","5521工信","110/08/05","日盛-雙和",16,0,16
"10688","5521工信","110/08/05","凱基-台北",0,26,-26
"10689","5521工信","110/08/05","元大-鳳山",16,0,16
"10690","5521工信","110/08/05","台灣摩根士丹利",0,22,-22
"10691","5521工信","110/08/05","元富-城東",12,0,12
"10692","5521工信","110/08/05","富邦-竹北",0,20,-20
"10693","5521工信","110/08/05","元大-東蘆",12,0,12
"10694","5521工信","110/08/05","富邦-員林",0,20,-20
"10695","5521工信","110/08/05","元大-路竹",11,0,11
"10696","5521工信","110/08/05","元大-豐原",0,20,-20
"10697","5521工信","110/08/05","元大-基隆孝二",11,0,11
"10698","5521工信","110/08/05","港商野村",0,17,-17
"10699","5521工信","110/08/05","日盛-園區",10,0,10
"10700","5521工信","110/08/05","元大-大同",0,14,-14
"10701","5521工信","110/08/05","玉山-台大",10,0,10
"10702","5521工信","110/08/05","永豐金證券",0,14,-14
"10703","5521工信","110/08/05","華南永昌-公誠",10,0,10
"10704","5521工信","110/08/05","兆豐-高雄",0,10,-10
"10705","5521工信","110/08/05","元大-斗六",10,0,10
"10706","5521工信","110/08/05","群益金鼎-永和",0,10,-10
"10707","5521工信","110/08/05","元大-屏東",10,0,10
"10708","5521工信","110/08/05","永豐金-中和",0,10,-10
"10709","5521工信","110/08/05","國泰-台中",9,0,9
"10710","5521工信","110/08/05","第一金-高雄",0,7,-7
"10711","1471首利","110/08/05","國票-北高雄",50,0,50
"10712","1471首利","110/08/05","永豐金-板盛",0,129,-129
"10713","1471首利","110/08/05","台灣摩根士丹利",49,0,49
"10714","1471首利","110/08/05","元大-三重",0,50,-50
"10715","1471首利","110/08/05","元大-太平",30,0,30
"10716","1471首利","110/08/05","瑞士信貸",0,42,-42
"10717","1471首利","110/08/05","國泰-敦南",24,0,24
"10718","1471首利","110/08/05","美林",0,37,-37
"10719","1471首利","110/08/05","玉山-桃園",21,0,21
"10720","1471首利","110/08/05","元富-草屯",0,30,-30
"10721","1471首利","110/08/05","宏遠-光隆",20,0,20
"10722","1471首利","110/08/05","元富-民權",0,25,-25
"10723","1471首利","110/08/05","富邦-嘉義",20,1,19
"10724","1471首利","110/08/05","台中銀",0,23,-23
"10725","1471首利","110/08/05","元大-博愛",30,13,17
"10726","1471首利","110/08/05","元富-新興",0,20,-20
"10727","1471首利","110/08/05","台新-高雄",16,0,16
"10728","1471首利","110/08/05","摩根大通",17,33,-16
"10729","1471首利","110/08/05","日盛-文化",15,0,15
"10730","1471首利","110/08/05","日盛-鳳山",0,15,-15
"10731","1471首利","110/08/05","群益金鼎-新莊",15,0,15
"10732","1471首利","110/08/05","高橋",0,14,-14
"10733","1471首利","110/08/05","凱基-科園",13,0,13
"10734","1471首利","110/08/05","富邦-羅東",0,13,-13
"10735","1471首利","110/08/05","元大-高雄",12,0,12
"10736","1471首利","110/08/05","德信-中正",0,12,-12
"10737","1471首利","110/08/05","第一金-桃園",11,0,11
"10738","1471首利","110/08/05","群益金鼎-中港",5,17,-12
"10739","1471首利","110/08/05","台灣企銀-太平",10,0,10
"10740","1471首利","110/08/05","第一金-台南",0,10,-10
"10741","2883開發金","110/08/05","元富",5268,0,5268
"10742","2883開發金","110/08/05","新光-高雄",309,4909,-4600
"10743","2883開發金","110/08/05","瑞士信貸",4963,0,4963
"10744","2883開發金","110/08/05","富邦-竹東",594,3509,-2915
"10745","2883開發金","110/08/05","富邦證券",3800,0,3800
"10746","2883開發金","110/08/05","永豐金-南京",2,1915,-1913
"10747","2883開發金","110/08/05","台灣摩根士丹利",3886,1250,2636
"10748","2883開發金","110/08/05","第一金-自由",2,1894,-1892
"10749","2883開發金","110/08/05","元富-城東",2119,68,2051
"10750","2883開發金","110/08/05","康和-仁愛",0,1820,-1820
"10751","2883開發金","110/08/05","港商野村",2397,395,2002
"10752","2883開發金","110/08/05","兆豐-台中港",22,1522,-1500
"10753","2883開發金","110/08/05","第一金-忠孝",2020,88,1932
"10754","2883開發金","110/08/05","元大-大同",43,1010,-967
"10755","2883開發金","110/08/05","國泰證券",1682,3,1679
"10756","2883開發金","110/08/05","國票",53,645,-592
"10757","2883開發金","110/08/05","大和國泰",1666,0,1666
"10758","2883開發金","110/08/05","富邦-新竹",86,674,-588
"10759","2883開發金","110/08/05","永豐金-板橋",1507,15,1492
"10760","2883開發金","110/08/05","富邦-建國",39,560,-521
"10761","2883開發金","110/08/05","台灣企銀-民雄",1002,0,1002
"10762","2883開發金","110/08/05","日盛-台南",7,525,-518
"10763","2883開發金","110/08/05","美林",1263,577,686
"10764","2883開發金","110/08/05","凱基-基隆",1,510,-509
"10765","2883開發金","110/08/05","康和",640,0,640
"10766","2883開發金","110/08/05","元富-民權",0,500,-500
"10767","2883開發金","110/08/05","凱基-台北",1262,679,583
"10768","2883開發金","110/08/05","永豐金-松山",9,509,-500
"10769","2883開發金","110/08/05","福邦證券",560,50,510
"10770","2883開發金","110/08/05","華南永昌-中正",25,511,-486
"10771","6205詮欣","110/08/05","富邦-高雄",27,0,27
"10772","6205詮欣","110/08/05","臺銀-鳳山",0,31,-31
"10773","6205詮欣","110/08/05","摩根大通",27,1,26
"10774","6205詮欣","110/08/05","合庫-三重",0,15,-15
"10775","6205詮欣","110/08/05","永豐金-敦南",14,0,14
"10776","6205詮欣","110/08/05","臺銀-民權",11,21,-10
"10777","6205詮欣","110/08/05","凱基-台北",14,1,13
"10778","6205詮欣","110/08/05","日盛-中壢",0,10,-10
"10779","6205詮欣","110/08/05","瑞士信貸",14,5,9
"10780","6205詮欣","110/08/05","統一-松江",0,10,-10
"10781","6205詮欣","110/08/05","凱基-湖口",9,0,9
"10782","6205詮欣","110/08/05","台新-三民",0,9,-9
"10783","6205詮欣","110/08/05","德信-新營",4,0,4
"10784","6205詮欣","110/08/05","臺銀-新竹",1,9,-8
"10785","6205詮欣","110/08/05","元大-東蘆",5,1,4
"10786","6205詮欣","110/08/05","康和",0,5,-5
"10787","6205詮欣","110/08/05","臺銀-高雄",3,0,3
"10788","6205詮欣","110/08/05","元大-館前",0,4,-4
"10789","6205詮欣","110/08/05","富邦-左營",3,0,3
"10790","6205詮欣","110/08/05","宏遠-新化",0,3,-3
"10791","6205詮欣","110/08/05","日盛-花蓮",2,0,2
"10792","6205詮欣","110/08/05","新加坡商瑞銀",4,7,-3
"10793","6205詮欣","110/08/05","元富-三重",2,0,2
"10794","6205詮欣","110/08/05","致和-高雄",0,3,-3
"10795","6205詮欣","110/08/05","北城證券",2,0,2
"10796","6205詮欣","110/08/05","國票",0,3,-3
"10797","6205詮欣","110/08/05","國票-南港",2,0,2
"10798","6205詮欣","110/08/05","富邦-嘉義",0,3,-3
"10799","6205詮欣","110/08/05","台新證券",2,0,2
"10800","6205詮欣","110/08/05","統一-士林",0,2,-2
"10801","1540喬福","110/08/05","元富-中原",24,0,24
"10802","1540喬福","110/08/05","統一-新台中",0,21,-21
"10803","1540喬福","110/08/05","台新-台南",10,0,10
"10804","1540喬福","110/08/05","國泰-敦南",0,15,-15
"10805","1540喬福","110/08/05","台新-台中",10,0,10
"10806","1540喬福","110/08/05","華南永昌-南京",0,10,-10
"10807","1540喬福","110/08/05","瑞士信貸",6,0,6
"10808","1540喬福","110/08/05","元大-台中中港",0,10,-10
"10809","1540喬福","110/08/05","台中銀-豐原",6,0,6
"10810","1540喬福","110/08/05","德信-新營",0,8,-8
"10811","1540喬福","110/08/05","凱基-台北",6,0,6
"10812","1540喬福","110/08/05","新光-台南",0,4,-4
"10813","1540喬福","110/08/05","凱基-台南",5,0,5
"10814","1540喬福","110/08/05","元大-大天母",6,10,-4
"10815","1540喬福","110/08/05","元大-士林",5,0,5
"10816","1540喬福","110/08/05","康和-新竹",0,3,-3
"10817","1540喬福","110/08/05","美林",2,0,2
"10818","1540喬福","110/08/05","元大-龍潭",0,3,-3
"10819","1540喬福","110/08/05","群益金鼎-崇德",2,0,2
"10820","1540喬福","110/08/05","第一金-員林",0,1,-1
"10821","1540喬福","110/08/05","凱基-苗栗",2,0,2
"10822","1540喬福","110/08/05","第一金-豐原",0,1,-1
"10823","1540喬福","110/08/05","凱基-中壢",2,0,2
"10824","1540喬福","110/08/05","台新-高雄",0,1,-1
"10825","1540喬福","110/08/05","土銀-士林",1,0,1
"10826","1540喬福","110/08/05","元大-崇德",0,1,-1
"10827","1540喬福","110/08/05","群益金鼎-丹鳳",1,0,1
"10828","1540喬福","110/08/05","元大-中壢",0,1,-1
"10829","1540喬福","110/08/05","元大-文心",1,0,1
"10830","1540喬福","110/08/05","元大-斗信",0,1,-1
"10831","2888新光金","110/08/05","華南永昌-南京",3753,8,3745
"10832","2888新光金","110/08/05","第一金-高雄",0,5007,-5007
"10833","2888新光金","110/08/05","玉山-城中",2004,28,1976
"10834","2888新光金","110/08/05","美商高盛",12,1719,-1707
"10835","2888新光金","110/08/05","元大-西門",906,18,888
"10836","2888新光金","110/08/05","香港上海匯豐",0,1437,-1437
"10837","2888新光金","110/08/05","日盛-和美",557,3,554
"10838","2888新光金","110/08/05","凱基-台南",46,802,-756
"10839","2888新光金","110/08/05","康和-台中",460,49,411
"10840","2888新光金","110/08/05","美林",538,1140,-602
"10841","2888新光金","110/08/05","元富-緯城",302,1,301
"10842","2888新光金","110/08/05","凱基-台北",686,1280,-594
"10843","2888新光金","110/08/05","彰銀",301,3,298
"10844","2888新光金","110/08/05","法銀巴黎",0,562,-562
"10845","2888新光金","110/08/05","花旗環球",356,84,272
"10846","2888新光金","110/08/05","瑞士信貸",1350,1798,-448
"10847","2888新光金","110/08/05","永全-南崁",240,0,240
"10848","2888新光金","110/08/05","群益金鼎-丹鳳",4,303,-299
"10849","2888新光金","110/08/05","永豐金-彰化",232,20,212
"10850","2888新光金","110/08/05","安泰-大發",10,300,-290
"10851","2888新光金","110/08/05","統一-新台中",214,7,207
"10852","2888新光金","110/08/05","摩根大通",1159,1428,-269
"10853","2888新光金","110/08/05","中國信託-永康",203,0,203
"10854","2888新光金","110/08/05","兆豐-員林",4,260,-256
"10855","2888新光金","110/08/05","日盛-景美",200,0,200
"10856","2888新光金","110/08/05","日盛-大墩",0,250,-250
"10857","2888新光金","110/08/05","元大-東泰",207,22,185
"10858","2888新光金","110/08/05","元大-大里",31,243,-212
"10859","2888新光金","110/08/05","合庫證券",181,2,179
"10860","2888新光金","110/08/05","北城證券",25,230,-205
"10861","1340勝悅","110/08/05","富邦-仁愛",20,0,20
"10862","1340勝悅","110/08/05","中國信託",0,36,-36
"10863","1340勝悅","110/08/05","華南永昌-忠孝",12,0,12
"10864","1340勝悅","110/08/05","新光-新竹",0,18,-18
"10865","1340勝悅","110/08/05","華南永昌-楠梓",10,0,10
"10866","1340勝悅","110/08/05","永豐金-嘉義",0,15,-15
"10867","1340勝悅","110/08/05","統一-城中",17,11,6
"10868","1340勝悅","110/08/05","日茂",0,10,-10
"10869","1340勝悅","110/08/05","臺灣企銀-埔墘",5,0,5
"10870","1340勝悅","110/08/05","富邦-宜蘭",0,10,-10
"10871","1340勝悅","110/08/05","國票-台東",5,0,5
"10872","1340勝悅","110/08/05","元富-花蓮",0,9,-9
"10873","1340勝悅","110/08/05","新光-高雄",5,0,5
"10874","1340勝悅","110/08/05","永豐金-南京",0,7,-7
"10875","1340勝悅","110/08/05","國泰-台中",6,1,5
"10876","1340勝悅","110/08/05","統一",0,6,-6
"10877","1340勝悅","110/08/05","富邦-陽明",5,0,5
"10878","1340勝悅","110/08/05","合庫-西台中",0,3,-3
"10879","1340勝悅","110/08/05","日盛-板橋",4,0,4
"10880","1340勝悅","110/08/05","港商野村",0,3,-3
"10881","1340勝悅","110/08/05","港商法國興業",4,0,4
"10882","1340勝悅","110/08/05","兆豐-新竹",0,3,-3
"10883","1340勝悅","110/08/05","臺銀-高雄",3,0,3
"10884","1340勝悅","110/08/05","亞東-台中",0,2,-2
"10885","1340勝悅","110/08/05","元富-新店",3,0,3
"10886","1340勝悅","110/08/05","元大-歸仁",0,2,-2
"10887","1340勝悅","110/08/05","康和-屏東",3,0,3
"10888","1340勝悅","110/08/05","日盛-斗六",0,1,-1
"10889","1340勝悅","110/08/05","群益金鼎-民權",3,0,3
"10890","1340勝悅","110/08/05","日盛-中和",0,1,-1
"10891","6246臺龍","110/08/05","元大-林森",200,0,200
"10892","6246臺龍","110/08/05","統一",0,180,-180
"10893","6246臺龍","110/08/05","元大證券",92,1,91
"10894","6246臺龍","110/08/05","大慶-富順",0,114,-114
"10895","6246臺龍","110/08/05","凱基-大直",99,19,80
"10896","6246臺龍","110/08/05","台新-三民",0,77,-77
"10897","6246臺龍","110/08/05","元大-北港",51,0,51
"10898","6246臺龍","110/08/05","永興",0,48,-48
"10899","6246臺龍","110/08/05","統一-南京",50,0,50
"10900","6246臺龍","110/08/05","華南永昌-嘉義",1,26,-25
"10901","6246臺龍","110/08/05","台灣企銀",40,0,40
"10902","6246臺龍","110/08/05","宏遠-民生",0,20,-20
"10903","6246臺龍","110/08/05","永豐金-虎尾",23,0,23
"10904","6246臺龍","110/08/05","兆豐-大同",0,20,-20
"10905","6246臺龍","110/08/05","凱基-台北",27,5,22
"10906","6246臺龍","110/08/05","華南永昌-林口",0,20,-20
"10907","6246臺龍","110/08/05","元富-新竹",20,0,20
"10908","6246臺龍","110/08/05","元大-永春",0,20,-20
"10909","6246臺龍","110/08/05","康和-石牌",20,0,20
"10910","6246臺龍","110/08/05","元大-東泰",0,19,-19
"10911","6246臺龍","110/08/05","聯邦-大業",20,0,20
"10912","6246臺龍","110/08/05","德信-新營",0,18,-18
"10913","6246臺龍","110/08/05","凱基-彰化",18,0,18
"10914","6246臺龍","110/08/05","永豐金-松山",10,28,-18
"10915","6246臺龍","110/08/05","永豐金-復興",17,1,16
"10916","6246臺龍","110/08/05","台新-台中",4,20,-16
"10917","6246臺龍","110/08/05","新光-台中",17,2,15
"10918","6246臺龍","110/08/05","兆豐-竹北",5,20,-15
"10919","6246臺龍","110/08/05","元大-路竹",15,1,14
"10920","6246臺龍","110/08/05","兆豐-南京",1,14,-13
"10921","00715L期街口布蘭特正2","110/08/05","(牛牛牛)亞-鑫豐",1195,20,1175
"10922","00715L期街口布蘭特正2","110/08/05","元大證券",1735,21716,-19981
"10923","00715L期街口布蘭特正2","110/08/05","元大-萬華",930,0,930
"10924","00715L期街口布蘭特正2","110/08/05","凱基-台北",182,11686,-11504
"10925","00715L期街口布蘭特正2","110/08/05","元大-永康",810,9,801
"10926","00715L期街口布蘭特正2","110/08/05","元富",8,6852,-6844
"10927","00715L期街口布蘭特正2","110/08/05","富邦-彰化",760,0,760
"10928","00715L期街口布蘭特正2","110/08/05","台新證券",598,4522,-3924
"10929","00715L期街口布蘭特正2","110/08/05","國泰-敦南",830,155,675
"10930","00715L期街口布蘭特正2","110/08/05","凱基",0,3168,-3168
"10931","00715L期街口布蘭特正2","110/08/05","新光-台中",698,33,665
"10932","00715L期街口布蘭特正2","110/08/05","群益金鼎",0,1742,-1742
"10933","00715L期街口布蘭特正2","110/08/05","富邦-南屯",621,5,616
"10934","00715L期街口布蘭特正2","110/08/05","國票",22,1607,-1585
"10935","00715L期街口布蘭特正2","110/08/05","群益金鼎-士林",620,40,580
"10936","00715L期街口布蘭特正2","110/08/05","永豐金證券",91,1254,-1163
"10937","00715L期街口布蘭特正2","110/08/05","兆豐-嘉義",510,0,510
"10938","00715L期街口布蘭特正2","110/08/05","富邦證券",140,1095,-955
"10939","00715L期街口布蘭特正2","110/08/05","統一-新竹",508,9,499
"10940","00715L期街口布蘭特正2","110/08/05","元大-雙和",22,850,-828
"10941","00715L期街口布蘭特正2","110/08/05","國泰-板橋",521,24,497
"10942","00715L期街口布蘭特正2","110/08/05","國票-台中",25,805,-780
"10943","00715L期街口布蘭特正2","110/08/05","元大-中和",481,3,478
"10944","00715L期街口布蘭特正2","110/08/05","華南永昌-長虹",145,820,-675
"10945","00715L期街口布蘭特正2","110/08/05","元大-羅東",470,0,470
"10946","00715L期街口布蘭特正2","110/08/05","日盛-大墩",121,455,-334
"10947","00715L期街口布蘭特正2","110/08/05","群益金鼎-嘉義",483,20,463
"10948","00715L期街口布蘭特正2","110/08/05","華南永昌-斗六",52,380,-328
"10949","00715L期街口布蘭特正2","110/08/05","群益金鼎-中壢",476,30,446
"10950","00715L期街口布蘭特正2","110/08/05","康和",0,250,-250
"10951","8941關中","110/08/05","第一金-台南",1,0,1
"10952","8941關中","110/08/05","元富-宜蘭",0,2,-2
"10953","8941關中","110/08/05","康和-嘉義",1,0,1
"10954","8941關中","110/08/05","統一-南京",0,1,-1
"10955","8941關中","110/08/05","群益金鼎-延平",1,0,1
"10956","8941關中","110/08/05","合庫證券",0,0,0
"10957","8941關中","110/08/05","合庫證券",0,0,0
"10958","8941關中","110/08/05","(牛牛牛)亞-鑫豐",0,0,0
"10959","8941關中","110/08/05","(牛牛牛)亞-鑫豐",0,0,0
"10960","8941關中","110/08/05","富邦-北港",0,0,0
"10961","8941關中","110/08/05","富邦-北港",0,0,0
"10962","8941關中","110/08/05","",NA,NA,NA
"10963","8941關中","110/08/05","",NA,NA,NA
"10964","8941關中","110/08/05","",NA,NA,NA
"10965","8941關中","110/08/05","",NA,NA,NA
"10966","8941關中","110/08/05","",NA,NA,NA
"10967","8941關中","110/08/05","",NA,NA,NA
"10968","8941關中","110/08/05","",NA,NA,NA
"10969","8941關中","110/08/05","",NA,NA,NA
"10970","8941關中","110/08/05","",NA,NA,NA
"10971","8941關中","110/08/05","",NA,NA,NA
"10972","8941關中","110/08/05","",NA,NA,NA
"10973","8941關中","110/08/05","",NA,NA,NA
"10974","8941關中","110/08/05","",NA,NA,NA
"10975","8941關中","110/08/05","",NA,NA,NA
"10976","8941關中","110/08/05","",NA,NA,NA
"10977","8941關中","110/08/05","",NA,NA,NA
"10978","8941關中","110/08/05","",NA,NA,NA
"10979","8941關中","110/08/05","",NA,NA,NA
"10980","8941關中","110/08/05","",NA,NA,NA
"10981","8936國統","110/08/05","國票-敦北法人",100,0,100
"10982","8936國統","110/08/05","摩根大通",16,240,-224
"10983","8936國統","110/08/05","第一金-光復",50,0,50
"10984","8936國統","110/08/05","台新-松江",0,205,-205
"10985","8936國統","110/08/05","元大-蘆洲",45,0,45
"10986","8936國統","110/08/05","凱基-台北",1,177,-176
"10987","8936國統","110/08/05","富邦-建國",34,0,34
"10988","8936國統","110/08/05","新加坡商瑞銀",14,119,-105
"10989","8936國統","110/08/05","富邦-高雄",33,1,32
"10990","8936國統","110/08/05","凱基-市政",0,35,-35
"10991","8936國統","110/08/05","元大-敦南",30,0,30
"10992","8936國統","110/08/05","瑞士信貸",0,31,-31
"10993","8936國統","110/08/05","元大-博愛",23,0,23
"10994","8936國統","110/08/05","合庫-高雄",22,49,-27
"10995","8936國統","110/08/05","國票-長城",20,0,20
"10996","8936國統","110/08/05","港商野村",15,41,-26
"10997","8936國統","110/08/05","凱基-岡山",20,0,20
"10998","8936國統","110/08/05","富邦-陽明",1,24,-23
"10999","8936國統","110/08/05","凱基-台南",20,0,20
"11000","8936國統","110/08/05","合庫-新竹",0,22,-22
"11001","8936國統","110/08/05","富邦-中壢",21,2,19
"11002","8936國統","110/08/05","美商高盛",0,20,-20
"11003","8936國統","110/08/05","永豐金-忠孝",17,0,17
"11004","8936國統","110/08/05","元大-雙和",0,20,-20
"11005","8936國統","110/08/05","玉山-台中",16,0,16
"11006","8936國統","110/08/05","彰銀-七賢",0,18,-18
"11007","8936國統","110/08/05","兆豐-景美",15,0,15
"11008","8936國統","110/08/05","台灣企銀-台中",0,15,-15
"11009","8936國統","110/08/05","富邦-南屯",15,0,15
"11010","8936國統","110/08/05","兆豐-大同",0,15,-15
"11011","6226光鼎","110/08/05","國泰-敦南",190,90,100
"11012","6226光鼎","110/08/05","富邦-嘉義",590,964,-374
"11013","6226光鼎","110/08/05","凱基-台中",98,2,96
"11014","6226光鼎","110/08/05","日盛-員林",9,200,-191
"11015","6226光鼎","110/08/05","華南永昌-大安",95,13,82
"11016","6226光鼎","110/08/05","華南永昌",5,157,-152
"11017","6226光鼎","110/08/05","凱基-豐中",68,2,66
"11018","6226光鼎","110/08/05","國票-敦北法人",0,106,-106
"11019","6226光鼎","110/08/05","元富-西松",76,15,61
"11020","6226光鼎","110/08/05","元大-雙和",27,118,-91
"11021","6226光鼎","110/08/05","群益金鼎-土城",61,0,61
"11022","6226光鼎","110/08/05","華南永昌-南京",48,137,-89
"11023","6226光鼎","110/08/05","新光-高雄",64,4,60
"11024","6226光鼎","110/08/05","統一-新竹",37,124,-87
"11025","6226光鼎","110/08/05","宏遠-台中",67,9,58
"11026","6226光鼎","110/08/05","大昌",3,78,-75
"11027","6226光鼎","110/08/05","元大-東港",53,0,53
"11028","6226光鼎","110/08/05","凱基-台北",1,74,-73
"11029","6226光鼎","110/08/05","群益金鼎-敦南",60,10,50
"11030","6226光鼎","110/08/05","中國信託-文心",10,65,-55
"11031","6226光鼎","110/08/05","日盛-高雄",53,7,46
"11032","6226光鼎","110/08/05","台新-新莊",1,54,-53
"11033","6226光鼎","110/08/05","台新-新營",49,4,45
"11034","6226光鼎","110/08/05","台新-台中",84,135,-51
"11035","6226光鼎","110/08/05","玉山-雙和",42,2,40
"11036","6226光鼎","110/08/05","元大-嘉義",77,128,-51
"11037","6226光鼎","110/08/05","永豐金-高雄",44,8,36
"11038","6226光鼎","110/08/05","日盛-大墩",1,43,-42
"11039","6226光鼎","110/08/05","元富-花蓮",42,7,35
"11040","6226光鼎","110/08/05","日茂-埔里",0,41,-41
"11041","2363矽統","110/08/05","瑞士信貸",3345,0,3345
"11042","2363矽統","110/08/05","新加坡商瑞銀",1909,2622,-713
"11043","2363矽統","110/08/05","台灣摩根士丹利",2917,53,2864
"11044","2363矽統","110/08/05","統一-板橋",37,650,-613
"11045","2363矽統","110/08/05","摩根大通",5124,3944,1180
"11046","2363矽統","110/08/05","美商高盛",702,1245,-543
"11047","2363矽統","110/08/05","康和-台中",911,292,619
"11048","2363矽統","110/08/05","元富-西松",367,902,-535
"11049","2363矽統","110/08/05","永豐金證券",951,339,612
"11050","2363矽統","110/08/05","華南永昌-斗六",55,584,-529
"11051","2363矽統","110/08/05","群益金鼎-三民",571,106,465
"11052","2363矽統","110/08/05","美林",2987,3501,-514
"11053","2363矽統","110/08/05","國票-敦北法人",484,51,433
"11054","2363矽統","110/08/05","群益金鼎-館前",331,802,-471
"11055","2363矽統","110/08/05","陽信-石牌",624,204,420
"11056","2363矽統","110/08/05","永豐金-三重",138,571,-433
"11057","2363矽統","110/08/05","合庫證券",520,118,402
"11058","2363矽統","110/08/05","富邦-中壢",348,774,-426
"11059","2363矽統","110/08/05","元大-承德",385,70,315
"11060","2363矽統","110/08/05","北城證券",53,459,-406
"11061","2363矽統","110/08/05","新光",2366,2079,287
"11062","2363矽統","110/08/05","凱基-興隆",370,717,-347
"11063","2363矽統","110/08/05","元大證券",601,329,272
"11064","2363矽統","110/08/05","元大-屏南",132,464,-332
"11065","2363矽統","110/08/05","國泰-敦南",4481,4216,265
"11066","2363矽統","110/08/05","日盛-中和",208,531,-323
"11067","2363矽統","110/08/05","元大-台中",562,349,213
"11068","2363矽統","110/08/05","土銀",28,340,-312
"11069","2363矽統","110/08/05","富邦-台北",584,380,204
"11070","2363矽統","110/08/05","永豐金-嘉義",97,401,-304
"11071","8112至上","110/08/05","元大-竹科",858,64,794
"11072","8112至上","110/08/05","摩根大通",461,775,-314
"11073","8112至上","110/08/05","港商野村",937,361,576
"11074","8112至上","110/08/05","台灣摩根士丹利",16,272,-256
"11075","8112至上","110/08/05","康和",484,0,484
"11076","8112至上","110/08/05","高橋",3,183,-180
"11077","8112至上","110/08/05","新加坡商瑞銀",514,58,456
"11078","8112至上","110/08/05","合庫證券",19,162,-143
"11079","8112至上","110/08/05","元大-屏南",391,4,387
"11080","8112至上","110/08/05","元大-北屯",3,145,-142
"11081","8112至上","110/08/05","國票-長城",427,142,285
"11082","8112至上","110/08/05","元大-府城",14,154,-140
"11083","8112至上","110/08/05","元大-萬華",246,12,234
"11084","8112至上","110/08/05","群益金鼎-三重",0,138,-138
"11085","8112至上","110/08/05","台灣匯立證券",210,0,210
"11086","8112至上","110/08/05","富邦-台北",25,129,-104
"11087","8112至上","110/08/05","凱基-敦北",200,4,196
"11088","8112至上","110/08/05","元富-佳里",7,100,-93
"11089","8112至上","110/08/05","元大-北成功",205,17,188
"11090","8112至上","110/08/05","元富-台南",0,86,-86
"11091","8112至上","110/08/05","元大-高雄",146,14,132
"11092","8112至上","110/08/05","臺灣企銀-桃園",0,82,-82
"11093","8112至上","110/08/05","美商高盛",161,47,114
"11094","8112至上","110/08/05","玉山-嘉義",10,88,-78
"11095","8112至上","110/08/05","花旗環球",102,0,102
"11096","8112至上","110/08/05","凱基-復興",1,67,-66
"11097","8112至上","110/08/05","統一-士林",108,8,100
"11098","8112至上","110/08/05","富邦-中壢",23,89,-66
"11099","8112至上","110/08/05","新光",244,159,85
"11100","8112至上","110/08/05","元大-上新莊",1,67,-66
"11101","1570力肯","110/08/05","國票",352,0,352
"11102","1570力肯","110/08/05","國票-和平",7,402,-395
"11103","1570力肯","110/08/05","台新證券",211,87,124
"11104","1570力肯","110/08/05","摩根大通",46,335,-289
"11105","1570力肯","110/08/05","國泰-敦南",206,125,81
"11106","1570力肯","110/08/05","國票-北高雄",79,306,-227
"11107","1570力肯","110/08/05","聯邦商銀",75,0,75
"11108","1570力肯","110/08/05","統一",3,226,-223
"11109","1570力肯","110/08/05","元大-東泰",61,4,57
"11110","1570力肯","110/08/05","凱基-台北",184,366,-182
"11111","1570力肯","110/08/05","元大-桃興",113,66,47
"11112","1570力肯","110/08/05","統一-土城",89,161,-72
"11113","1570力肯","110/08/05","國泰-板橋",96,50,46
"11114","1570力肯","110/08/05","統一-屏東",0,64,-64
"11115","1570力肯","110/08/05","合庫-桃園",92,48,44
"11116","1570力肯","110/08/05","大昌-新店",9,61,-52
"11117","1570力肯","110/08/05","華南永昌-高雄",53,12,41
"11118","1570力肯","110/08/05","群益金鼎-忠孝",11,60,-49
"11119","1570力肯","110/08/05","國泰-高雄",50,14,36
"11120","1570力肯","110/08/05","臺銀-臺南",12,52,-40
"11121","1570力肯","110/08/05","國泰-台中",60,25,35
"11122","1570力肯","110/08/05","凱基-岡山",28,68,-40
"11123","1570力肯","110/08/05","富邦-仁愛",52,17,35
"11124","1570力肯","110/08/05","元大-蘆洲",8,44,-36
"11125","1570力肯","110/08/05","中國信託-忠孝",37,3,34
"11126","1570力肯","110/08/05","統一-仁愛",25,60,-35
"11127","1570力肯","110/08/05","元大-中壢",44,10,34
"11128","1570力肯","110/08/05","富邦-高雄",8,43,-35
"11129","1570力肯","110/08/05","日盛-新竹",30,0,30
"11130","1570力肯","110/08/05","大慶-蘆洲",110,142,-32
"11131","2929淘帝","110/08/05","國泰-松江",60,0,60
"11132","2929淘帝","110/08/05","摩根大通",4,87,-83
"11133","2929淘帝","110/08/05","美林",79,30,49
"11134","2929淘帝","110/08/05","日盛-南京",0,80,-80
"11135","2929淘帝","110/08/05","港商野村",87,45,42
"11136","2929淘帝","110/08/05","華南永昌-頭份",0,80,-80
"11137","2929淘帝","110/08/05","兆豐-忠孝",40,0,40
"11138","2929淘帝","110/08/05","日盛-雙和",2,57,-55
"11139","2929淘帝","110/08/05","新光-新竹",41,2,39
"11140","2929淘帝","110/08/05","台新-台中",2,33,-31
"11141","2929淘帝","110/08/05","元大-民生",31,0,31
"11142","2929淘帝","110/08/05","群益金鼎-新竹",0,30,-30
"11143","2929淘帝","110/08/05","元富-中港",28,0,28
"11144","2929淘帝","110/08/05","元大-北成功",0,30,-30
"11145","2929淘帝","110/08/05","凱基-台北",66,41,25
"11146","2929淘帝","110/08/05","元大-天母",5,30,-25
"11147","2929淘帝","110/08/05","富邦-新店",20,0,20
"11148","2929淘帝","110/08/05","元大-北港",0,25,-25
"11149","2929淘帝","110/08/05","康和-台中",15,0,15
"11150","2929淘帝","110/08/05","兆豐-彰化",0,24,-24
"11151","2929淘帝","110/08/05","華南永昌-古亭",15,0,15
"11152","2929淘帝","110/08/05","國泰-台中",1,25,-24
"11153","2929淘帝","110/08/05","日盛-景美",11,0,11
"11154","2929淘帝","110/08/05","華南永昌-大安",0,22,-22
"11155","2929淘帝","110/08/05","台新證券",11,0,11
"11156","2929淘帝","110/08/05","國泰-館前",10,31,-21
"11157","2929淘帝","110/08/05","凱基-三重",11,0,11
"11158","2929淘帝","110/08/05","元富-安南",0,20,-20
"11159","2929淘帝","110/08/05","華南永昌-竹北",11,0,11
"11160","2929淘帝","110/08/05","元大-屏南",10,30,-20
"11161","5410國眾","110/08/05","凱基-市政",40,0,40
"11162","5410國眾","110/08/05","元富-台南",0,27,-27
"11163","5410國眾","110/08/05","安泰",16,0,16
"11164","5410國眾","110/08/05","群益金鼎-內湖",0,16,-16
"11165","5410國眾","110/08/05","元大-善化",12,0,12
"11166","5410國眾","110/08/05","中農",0,15,-15
"11167","5410國眾","110/08/05","元富-同大",10,0,10
"11168","5410國眾","110/08/05","新光-台南",0,15,-15
"11169","5410國眾","110/08/05","中國信託-新竹",10,0,10
"11170","5410國眾","110/08/05","統一-平鎮",0,13,-13
"11171","5410國眾","110/08/05","元大-敦南",10,0,10
"11172","5410國眾","110/08/05","臺銀",0,11,-11
"11173","5410國眾","110/08/05","台灣企銀-太平",8,0,8
"11174","5410國眾","110/08/05","凱基-城中",0,10,-10
"11175","5410國眾","110/08/05","瑞士信貸",7,0,7
"11176","5410國眾","110/08/05","元大-崇德",0,10,-10
"11177","5410國眾","110/08/05","元富-烏日",6,0,6
"11178","5410國眾","110/08/05","元大-和平",0,10,-10
"11179","5410國眾","110/08/05","摩根大通",7,1,6
"11180","5410國眾","110/08/05","新光-台中",1,9,-8
"11181","5410國眾","110/08/05","元富-三重",11,6,5
"11182","5410國眾","110/08/05","富邦-板橋",0,6,-6
"11183","5410國眾","110/08/05","中國信託-忠孝",5,0,5
"11184","5410國眾","110/08/05","新百王",0,5,-5
"11185","5410國眾","110/08/05","凱基-復興",5,0,5
"11186","5410國眾","110/08/05","元大-大益",0,5,-5
"11187","5410國眾","110/08/05","永豐金-台中",4,0,4
"11188","5410國眾","110/08/05","永豐金-板橋",0,5,-5
"11189","5410國眾","110/08/05","元富-板橋",3,0,3
"11190","5410國眾","110/08/05","台新-中壢",0,4,-4
"11191","2841台開","110/08/05","日盛證券",201,0,201
"11192","2841台開","110/08/05","第一金-自由",0,272,-272
"11193","2841台開","110/08/05","永豐金-敦南",202,1,201
"11194","2841台開","110/08/05","瑞士信貸",0,149,-149
"11195","2841台開","110/08/05","元大-大天母",200,0,200
"11196","2841台開","110/08/05","玉山-新竹",0,131,-131
"11197","2841台開","110/08/05","永豐金-鳳山",100,0,100
"11198","2841台開","110/08/05","元富-板橋",0,125,-125
"11199","2841台開","110/08/05","台新-三民",100,1,99
"11200","2841台開","110/08/05","元大-台中中港",0,109,-109
"11201","2841台開","110/08/05","凱基-竹科",67,0,67
"11202","2841台開","110/08/05","兆豐-東門",0,100,-100
"11203","2841台開","110/08/05","國泰-敦南",44,5,39
"11204","2841台開","110/08/05","(牛牛牛)亞-鑫豐",0,97,-97
"11205","2841台開","110/08/05","元大-中壢",35,0,35
"11206","2841台開","110/08/05","元富-嘉義",0,50,-50
"11207","2841台開","110/08/05","國泰-忠孝",33,0,33
"11208","2841台開","110/08/05","新光",20,67,-47
"11209","2841台開","110/08/05","元大-新竹經國",30,0,30
"11210","2841台開","110/08/05","永豐金-豐原",3,50,-47
"11211","2841台開","110/08/05","日盛-內湖",24,0,24
"11212","2841台開","110/08/05","統一-士林",0,31,-31
"11213","2841台開","110/08/05","新光-高雄",21,0,21
"11214","2841台開","110/08/05","元大-龍潭",0,30,-30
"11215","2841台開","110/08/05","元大-林園",20,0,20
"11216","2841台開","110/08/05","新光-台南",0,27,-27
"11217","2841台開","110/08/05","元大-仁愛",20,0,20
"11218","2841台開","110/08/05","台新-台中",0,22,-22
"11219","2841台開","110/08/05","群益金鼎-崇德",18,0,18
"11220","2841台開","110/08/05","大昌-安康",0,20,-20
"11221","6207雷科","110/08/05","摩根大通",313,64,249
"11222","6207雷科","110/08/05","日盛-忠孝",2,93,-91
"11223","6207雷科","110/08/05","新加坡商瑞銀",141,6,135
"11224","6207雷科","110/08/05","凱基-復興",0,90,-90
"11225","6207雷科","110/08/05","凱基-台北",142,20,122
"11226","6207雷科","110/08/05","群益金鼎-敦南",0,67,-67
"11227","6207雷科","110/08/05","台新-高雄",111,0,111
"11228","6207雷科","110/08/05","元大-鳳山",11,73,-62
"11229","6207雷科","110/08/05","瑞士信貸",58,0,58
"11230","6207雷科","110/08/05","群益金鼎-東門",0,56,-56
"11231","6207雷科","110/08/05","美林",45,0,45
"11232","6207雷科","110/08/05","元富-同大",1,41,-40
"11233","6207雷科","110/08/05","凱基-板橋",46,1,45
"11234","6207雷科","110/08/05","群益金鼎-屏東",1,41,-40
"11235","6207雷科","110/08/05","美商高盛",37,0,37
"11236","6207雷科","110/08/05","群益金鼎-延平",0,40,-40
"11237","6207雷科","110/08/05","凱基-三多",30,0,30
"11238","6207雷科","110/08/05","群益金鼎-瑞豐",1,33,-32
"11239","6207雷科","110/08/05","永豐金-虎尾",29,0,29
"11240","6207雷科","110/08/05","日盛證券",0,30,-30
"11241","6207雷科","110/08/05","第一金-中山",21,1,20
"11242","6207雷科","110/08/05","臺銀",1,30,-29
"11243","6207雷科","110/08/05","華南永昌-林口",20,0,20
"11244","6207雷科","110/08/05","群益金鼎-古亭",0,26,-26
"11245","6207雷科","110/08/05","兆豐-公益",18,0,18
"11246","6207雷科","110/08/05","凱基-高雄",4,30,-26
"11247","6207雷科","110/08/05","港商野村",62,46,16
"11248","6207雷科","110/08/05","富邦-竹東",0,25,-25
"11249","6207雷科","110/08/05","華南永昌-南京",16,0,16
"11250","6207雷科","110/08/05","元大-台中中港",2,25,-23
"11251","3679新至陞","110/08/05","新光",13,0,13
"11252","3679新至陞","110/08/05","凱基-台北",1,13,-12
"11253","3679新至陞","110/08/05","華南永昌-麻豆",3,0,3
"11254","3679新至陞","110/08/05","台灣摩根士丹利",0,5,-5
"11255","3679新至陞","110/08/05","臺灣企銀-埔墘",2,0,2
"11256","3679新至陞","110/08/05","元大-成功",0,5,-5
"11257","3679新至陞","110/08/05","彰銀",2,0,2
"11258","3679新至陞","110/08/05","元大證券",0,3,-3
"11259","3679新至陞","110/08/05","永全-南崁",2,0,2
"11260","3679新至陞","110/08/05","新加坡商瑞銀",0,2,-2
"11261","3679新至陞","110/08/05","群益金鼎",2,0,2
"11262","3679新至陞","110/08/05","摩根大通",0,2,-2
"11263","3679新至陞","110/08/05","富邦-三重",2,0,2
"11264","3679新至陞","110/08/05","國泰-館前",0,2,-2
"11265","3679新至陞","110/08/05","永豐金-敦北",2,0,2
"11266","3679新至陞","110/08/05","凱基-東港",0,2,-2
"11267","3679新至陞","110/08/05","臺銀-新竹",1,0,1
"11268","3679新至陞","110/08/05","元大-竹北",0,2,-2
"11269","3679新至陞","110/08/05","第一金-新興",1,0,1
"11270","3679新至陞","110/08/05","日盛-嘉義",0,1,-1
"11271","3679新至陞","110/08/05","統一-宜蘭",1,0,1
"11272","3679新至陞","110/08/05","美商高盛",1,2,-1
"11273","3679新至陞","110/08/05","元富-同大",1,0,1
"11274","3679新至陞","110/08/05","港商野村",0,1,-1
"11275","3679新至陞","110/08/05","中國信託-新竹",1,0,1
"11276","3679新至陞","110/08/05","第一金-員林",0,1,-1
"11277","3679新至陞","110/08/05","兆豐-民生",1,0,1
"11278","3679新至陞","110/08/05","統一-中壢",0,1,-1
"11279","3679新至陞","110/08/05","國泰-新莊",1,0,1
"11280","3679新至陞","110/08/05","統一-新竹",0,1,-1
"11281","2727王品","110/08/05","港商野村",68,43,25
"11282","2727王品","110/08/05","元富-宜蘭",6,96,-90
"11283","2727王品","110/08/05","花旗環球",24,0,24
"11284","2727王品","110/08/05","凱基-市政",1,89,-88
"11285","2727王品","110/08/05","新光",42,19,23
"11286","2727王品","110/08/05","群益金鼎-宜蘭",4,89,-85
"11287","2727王品","110/08/05","永豐金-忠孝",21,0,21
"11288","2727王品","110/08/05","永豐金-大園",4,66,-62
"11289","2727王品","110/08/05","凱基-埔墘",15,0,15
"11290","2727王品","110/08/05","康和-澎湖",1,60,-59
"11291","2727王品","110/08/05","新光-桃園",17,3,14
"11292","2727王品","110/08/05","日盛-八德",1,33,-32
"11293","2727王品","110/08/05","日盛-忠孝",16,3,13
"11294","2727王品","110/08/05","元大-桃園",0,29,-29
"11295","2727王品","110/08/05","統一",28,15,13
"11296","2727王品","110/08/05","凱基-竹科",4,31,-27
"11297","2727王品","110/08/05","富邦-員林",15,2,13
"11298","2727王品","110/08/05","富邦-新店",2,29,-27
"11299","2727王品","110/08/05","永豐金-桃盛",16,3,13
"11300","2727王品","110/08/05","兆豐-小港",2,26,-24
"11301","2727王品","110/08/05","元富-屏東",12,0,12
"11302","2727王品","110/08/05","華南永昌",6,25,-19
"11303","2727王品","110/08/05","凱基-台北",52,40,12
"11304","2727王品","110/08/05","台灣摩根士丹利",15,32,-17
"11305","2727王品","110/08/05","永豐金-彰化",12,0,12
"11306","2727王品","110/08/05","凱基-天母",0,15,-15
"11307","2727王品","110/08/05","美林",11,0,11
"11308","2727王品","110/08/05","富邦證券",0,15,-15
"11309","2727王品","110/08/05","群益金鼎-崇德",10,0,10
"11310","2727王品","110/08/05","永豐金證券",1,13,-12
"11311","1570力肯","110/08/05","國票",352,0,352
"11312","1570力肯","110/08/05","國票-和平",7,402,-395
"11313","1570力肯","110/08/05","台新證券",211,87,124
"11314","1570力肯","110/08/05","摩根大通",46,335,-289
"11315","1570力肯","110/08/05","國泰-敦南",206,125,81
"11316","1570力肯","110/08/05","國票-北高雄",79,306,-227
"11317","1570力肯","110/08/05","聯邦商銀",75,0,75
"11318","1570力肯","110/08/05","統一",3,226,-223
"11319","1570力肯","110/08/05","元大-東泰",61,4,57
"11320","1570力肯","110/08/05","凱基-台北",184,366,-182
"11321","1570力肯","110/08/05","元大-桃興",113,66,47
"11322","1570力肯","110/08/05","統一-土城",89,161,-72
"11323","1570力肯","110/08/05","國泰-板橋",96,50,46
"11324","1570力肯","110/08/05","統一-屏東",0,64,-64
"11325","1570力肯","110/08/05","合庫-桃園",92,48,44
"11326","1570力肯","110/08/05","大昌-新店",9,61,-52
"11327","1570力肯","110/08/05","華南永昌-高雄",53,12,41
"11328","1570力肯","110/08/05","群益金鼎-忠孝",11,60,-49
"11329","1570力肯","110/08/05","國泰-高雄",50,14,36
"11330","1570力肯","110/08/05","臺銀-臺南",12,52,-40
"11331","1570力肯","110/08/05","國泰-台中",60,25,35
"11332","1570力肯","110/08/05","凱基-岡山",28,68,-40
"11333","1570力肯","110/08/05","富邦-仁愛",52,17,35
"11334","1570力肯","110/08/05","元大-蘆洲",8,44,-36
"11335","1570力肯","110/08/05","中國信託-忠孝",37,3,34
"11336","1570力肯","110/08/05","統一-仁愛",25,60,-35
"11337","1570力肯","110/08/05","元大-中壢",44,10,34
"11338","1570力肯","110/08/05","富邦-高雄",8,43,-35
"11339","1570力肯","110/08/05","日盛-新竹",30,0,30
"11340","1570力肯","110/08/05","大慶-蘆洲",110,142,-32
"11341","6180橘子","110/08/05","永豐金-松山",51,0,51
"11342","6180橘子","110/08/05","凱基-板橋",0,80,-80
"11343","6180橘子","110/08/05","新光",40,2,38
"11344","6180橘子","110/08/05","康和-高雄",0,40,-40
"11345","6180橘子","110/08/05","兆豐證券",33,0,33
"11346","6180橘子","110/08/05","合庫-鳳山",0,32,-32
"11347","6180橘子","110/08/05","中國信託-文心",15,0,15
"11348","6180橘子","110/08/05","日盛-頭份",1,24,-23
"11349","6180橘子","110/08/05","富邦-陽明",15,0,15
"11350","6180橘子","110/08/05","兆豐-新營",0,22,-22
"11351","6180橘子","110/08/05","元大-龍潭",11,0,11
"11352","6180橘子","110/08/05","元大-福營",0,20,-20
"11353","6180橘子","110/08/05","日盛-新竹",10,0,10
"11354","6180橘子","110/08/05","新加坡商瑞銀",0,19,-19
"11355","6180橘子","110/08/05","凱基-汐止",10,0,10
"11356","6180橘子","110/08/05","永豐金-新竹",0,17,-17
"11357","6180橘子","110/08/05","元大-中壢",10,1,9
"11358","6180橘子","110/08/05","第一金-新興",1,16,-15
"11359","6180橘子","110/08/05","元富-潮州",8,0,8
"11360","6180橘子","110/08/05","凱基-中壢",0,12,-12
"11361","6180橘子","110/08/05","大慶",7,0,7
"11362","6180橘子","110/08/05","光和",0,10,-10
"11363","6180橘子","110/08/05","台新證券",7,0,7
"11364","6180橘子","110/08/05","統一-中壢",0,9,-9
"11365","6180橘子","110/08/05","聯邦-雙和",7,0,7
"11366","6180橘子","110/08/05","富邦-基隆",0,9,-9
"11367","6180橘子","110/08/05","元大證券",7,0,7
"11368","6180橘子","110/08/05","台灣摩根士丹利",0,8,-8
"11369","6180橘子","110/08/05","國泰-新莊",6,0,6
"11370","6180橘子","110/08/05","康和-仁愛",0,8,-8
"11371","2390云辰","110/08/05","日盛證券",100,0,100
"11372","2390云辰","110/08/05","摩根大通",45,525,-480
"11373","2390云辰","110/08/05","兆豐-岡山",63,0,63
"11374","2390云辰","110/08/05","統一-新台中",62,177,-115
"11375","2390云辰","110/08/05","凱基-基隆",65,10,55
"11376","2390云辰","110/08/05","富邦-中壢",0,81,-81
"11377","2390云辰","110/08/05","凱基-中壢",52,3,49
"11378","2390云辰","110/08/05","元大-大甲",3,73,-70
"11379","2390云辰","110/08/05","台新-左楠",30,0,30
"11380","2390云辰","110/08/05","元大-樹林",16,53,-37
"11381","2390云辰","110/08/05","富邦-台北",33,6,27
"11382","2390云辰","110/08/05","元富-大裕",17,46,-29
"11383","2390云辰","110/08/05","統一-中壢",27,1,26
"11384","2390云辰","110/08/05","凱基-台中",1,30,-29
"11385","2390云辰","110/08/05","元大-和平",47,22,25
"11386","2390云辰","110/08/05","大慶-蘆洲",2,30,-28
"11387","2390云辰","110/08/05","統一-士林",26,2,24
"11388","2390云辰","110/08/05","元大-大統",3,31,-28
"11389","2390云辰","110/08/05","富邦-新營",23,0,23
"11390","2390云辰","110/08/05","臺銀-金山",1,27,-26
"11391","2390云辰","110/08/05","元大-景美",22,1,21
"11392","2390云辰","110/08/05","國泰-台中",0,23,-23
"11393","2390云辰","110/08/05","合庫-嘉義",20,0,20
"11394","2390云辰","110/08/05","富邦-岡山",0,23,-23
"11395","2390云辰","110/08/05","台灣企銀-嘉義",20,0,20
"11396","2390云辰","110/08/05","元大-土城學府",24,47,-23
"11397","2390云辰","110/08/05","日盛-板橋",21,1,20
"11398","2390云辰","110/08/05","台新-台中",28,50,-22
"11399","2390云辰","110/08/05","凱基-竹科",28,8,20
"11400","2390云辰","110/08/05","群益金鼎-鳳山",0,21,-21
"11401","1471首利","110/08/04","玉山-桃園",51,0,51
"11402","1471首利","110/08/04","國票-九鼎",0,60,-60
"11403","1471首利","110/08/04","華南永昌-潮州",50,1,49
"11404","1471首利","110/08/04","日盛-士林",0,20,-20
"11405","1471首利","110/08/04","瑞士信貸",33,3,30
"11406","1471首利","110/08/04","元大-博愛",4,24,-20
"11407","1471首利","110/08/04","兆豐-板橋",20,0,20
"11408","1471首利","110/08/04","群益金鼎-台中",1,20,-19
"11409","1471首利","110/08/04","兆豐-台中港",30,13,17
"11410","1471首利","110/08/04","國泰-高雄",0,16,-16
"11411","1471首利","110/08/04","富邦-基隆",16,0,16
"11412","1471首利","110/08/04","元大-台南",1,17,-16
"11413","1471首利","110/08/04","美林",15,0,15
"11414","1471首利","110/08/04","國泰-敦南",18,32,-14
"11415","1471首利","110/08/04","永豐金-員林",12,0,12
"11416","1471首利","110/08/04","新光",21,33,-12
"11417","1471首利","110/08/04","第一金-台南",11,0,11
"11418","1471首利","110/08/04","凱基-土城",0,12,-12
"11419","1471首利","110/08/04","德信-中正",12,1,11
"11420","1471首利","110/08/04","合庫-高雄",0,10,-10
"11421","1471首利","110/08/04","合庫-台中",10,0,10
"11422","1471首利","110/08/04","元富-宜蘭",0,10,-10
"11423","1471首利","110/08/04","國泰-新莊",10,0,10
"11424","1471首利","110/08/04","國泰-板橋",0,10,-10
"11425","1471首利","110/08/04","富邦-桃園",10,0,10
"11426","1471首利","110/08/04","群益金鼎-鳳山",0,10,-10
"11427","1471首利","110/08/04","元大-苗栗",10,0,10
"11428","1471首利","110/08/04","元大-東泰",0,10,-10
"11429","1471首利","110/08/04","玉山-左營",10,1,9
"11430","1471首利","110/08/04","元大-林園",0,10,-10
"11431","2883開發金","110/08/04","國泰證券",3650,0,3650
"11432","2883開發金","110/08/04","康和-仁愛",3,1737,-1734
"11433","2883開發金","110/08/04","統一",2763,29,2734
"11434","2883開發金","110/08/04","新加坡商瑞銀",356,1472,-1116
"11435","2883開發金","110/08/04","凱基-台北",2041,429,1612
"11436","2883開發金","110/08/04","豐農",5,1025,-1020
"11437","2883開發金","110/08/04","元富-城東",1602,26,1576
"11438","2883開發金","110/08/04","富邦-建國",271,1004,-733
"11439","2883開發金","110/08/04","元富",1190,0,1190
"11440","2883開發金","110/08/04","元大-北成功",6,608,-602
"11441","2883開發金","110/08/04","美商高盛",1033,355,678
"11442","2883開發金","110/08/04","台灣摩根士丹利",573,1019,-446
"11443","2883開發金","110/08/04","康和",661,6,655
"11444","2883開發金","110/08/04","台新-中壢",2,431,-429
"11445","2883開發金","110/08/04","國票-長城",504,8,496
"11446","2883開發金","110/08/04","凱基-和平",1,400,-399
"11447","2883開發金","110/08/04","元大-大灣",734,304,430
"11448","2883開發金","110/08/04","元大-蘆洲",7,370,-363
"11449","2883開發金","110/08/04","永豐金-板橋",500,100,400
"11450","2883開發金","110/08/04","元大-民生",10,370,-360
"11451","2883開發金","110/08/04","永豐金-台南",389,11,378
"11452","2883開發金","110/08/04","中國信託-中壢",1,321,-320
"11453","2883開發金","110/08/04","日盛證券",608,255,353
"11454","2883開發金","110/08/04","港商法國興業",0,291,-291
"11455","2883開發金","110/08/04","花旗環球",343,0,343
"11456","2883開發金","110/08/04","日盛-北高雄",20,309,-289
"11457","2883開發金","110/08/04","瑞士信貸",462,121,341
"11458","2883開發金","110/08/04","日盛-花蓮",11,250,-239
"11459","2883開發金","110/08/04","凱基",320,0,320
"11460","2883開發金","110/08/04","群益金鼎-東湖",10,243,-233
"11461","6205詮欣","110/08/04","摩根大通",18,0,18
"11462","6205詮欣","110/08/04","永豐金-敦南",16,36,-20
"11463","6205詮欣","110/08/04","臺銀-民權",5,0,5
"11464","6205詮欣","110/08/04","瑞士信貸",6,10,-4
"11465","6205詮欣","110/08/04","凱基-台北",4,0,4
"11466","6205詮欣","110/08/04","致和-高雄",0,4,-4
"11467","6205詮欣","110/08/04","元富-潮州",3,0,3
"11468","6205詮欣","110/08/04","群益金鼎-台南",0,3,-3
"11469","6205詮欣","110/08/04","台中銀",3,0,3
"11470","6205詮欣","110/08/04","元大-路竹",0,3,-3
"11471","6205詮欣","110/08/04","華南永昌",3,0,3
"11472","6205詮欣","110/08/04","元大-北成功",0,3,-3
"11473","6205詮欣","110/08/04","美林",2,0,2
"11474","6205詮欣","110/08/04","凱基-東門",0,2,-2
"11475","6205詮欣","110/08/04","元富-新店",2,0,2
"11476","6205詮欣","110/08/04","凱基-基隆",0,2,-2
"11477","6205詮欣","110/08/04","元大-羅東",2,0,2
"11478","6205詮欣","110/08/04","凱基-大安",0,2,-2
"11479","6205詮欣","110/08/04","元大-館前",2,0,2
"11480","6205詮欣","110/08/04","元大-土城學府",0,2,-2
"11481","6205詮欣","110/08/04","元大-楊梅",2,0,2
"11482","6205詮欣","110/08/04","元大-民生",0,2,-2
"11483","6205詮欣","110/08/04","元大-信義",2,0,2
"11484","6205詮欣","110/08/04","日盛-八德",0,1,-1
"11485","6205詮欣","110/08/04","永豐金-埔里",2,0,2
"11486","6205詮欣","110/08/04","宏遠-高雄",0,1,-1
"11487","6205詮欣","110/08/04","日盛-板橋",1,0,1
"11488","6205詮欣","110/08/04","新加坡商瑞銀",0,1,-1
"11489","6205詮欣","110/08/04","日盛-木柵",1,0,1
"11490","6205詮欣","110/08/04","第一金-華江",0,1,-1
"11491","1540喬福","110/08/04","元富-中原",58,0,58
"11492","1540喬福","110/08/04","元大-大天母",0,60,-60
"11493","1540喬福","110/08/04","(牛牛牛)亞-鑫豐",26,0,26
"11494","1540喬福","110/08/04","統一-新台中",0,18,-18
"11495","1540喬福","110/08/04","國泰-敦南",10,0,10
"11496","1540喬福","110/08/04","群益金鼎-士林",0,7,-7
"11497","1540喬福","110/08/04","富邦-南屯",10,0,10
"11498","1540喬福","110/08/04","兆豐-北高雄",0,6,-6
"11499","1540喬福","110/08/04","兆豐-鹿港",3,0,3
"11500","1540喬福","110/08/04","凱基-市政",0,5,-5
"11501","1540喬福","110/08/04","元大-土城永寧",2,0,2
"11502","1540喬福","110/08/04","亞東-高雄",0,4,-4
"11503","1540喬福","110/08/04","第一金-桃園",1,0,1
"11504","1540喬福","110/08/04","永豐金-大園",0,4,-4
"11505","1540喬福","110/08/04","兆豐-高雄",1,0,1
"11506","1540喬福","110/08/04","永豐金-豐原",0,2,-2
"11507","1540喬福","110/08/04","元大-苑裡",1,0,1
"11508","1540喬福","110/08/04","兆豐-三重",0,1,-1
"11509","1540喬福","110/08/04","臺銀-鳳山",0,0,0
"11510","1540喬福","110/08/04","致和-南京",0,1,-1
"11511","1540喬福","110/08/04","大慶",0,0,0
"11512","1540喬福","110/08/04","國票-嘉義",0,1,-1
"11513","1540喬福","110/08/04","元富-信義",0,0,0
"11514","1540喬福","110/08/04","兆豐-嘉義",0,1,-1
"11515","1540喬福","110/08/04","德信-新營",1,1,0
"11516","1540喬福","110/08/04","華南永昌-林口",0,1,-1
"11517","1540喬福","110/08/04","國票-台中",1,1,0
"11518","1540喬福","110/08/04","華南永昌-潮州",0,1,-1
"11519","1540喬福","110/08/04","康和-板橋",0,0,0
"11520","1540喬福","110/08/04","國票-台中",1,1,0
"11521","2888新光金","110/08/04","港商麥格理",2490,0,2490
"11522","2888新光金","110/08/04","永豐金-苓雅",2,1543,-1541
"11523","2888新光金","110/08/04","凱基-八德",1000,1,999
"11524","2888新光金","110/08/04","美商高盛",196,1441,-1245
"11525","2888新光金","110/08/04","新光",1122,247,875
"11526","2888新光金","110/08/04","台灣摩根士丹利",724,1776,-1052
"11527","2888新光金","110/08/04","國票-桃園",1200,402,798
"11528","2888新光金","110/08/04","摩根大通",616,1665,-1049
"11529","2888新光金","110/08/04","華南永昌-南京",759,36,723
"11530","2888新光金","110/08/04","康和-台中",0,680,-680
"11531","2888新光金","110/08/04","港商法國興業",568,0,568
"11532","2888新光金","110/08/04","群益金鼎-高雄",0,533,-533
"11533","2888新光金","110/08/04","花旗環球",559,0,559
"11534","2888新光金","110/08/04","亞東",34,531,-497
"11535","2888新光金","110/08/04","法銀巴黎",801,242,559
"11536","2888新光金","110/08/04","群益金鼎-土城",25,464,-439
"11537","2888新光金","110/08/04","凱基-台北",889,355,534
"11538","2888新光金","110/08/04","國票-北高雄",2,425,-423
"11539","2888新光金","110/08/04","統一-松江",500,0,500
"11540","2888新光金","110/08/04","凱基-台南",0,400,-400
"11541","2888新光金","110/08/04","華南永昌-長虹",345,0,345
"11542","2888新光金","110/08/04","新加坡商瑞銀",128,486,-358
"11543","2888新光金","110/08/04","美林",884,551,333
"11544","2888新光金","110/08/04","統一-屏東",0,344,-344
"11545","2888新光金","110/08/04","群益金鼎-中壢",301,3,298
"11546","2888新光金","110/08/04","統一-宜蘭",8,326,-318
"11547","2888新光金","110/08/04","群益金鼎",278,0,278
"11548","2888新光金","110/08/04","群益金鼎-萬華",0,284,-284
"11549","2888新光金","110/08/04","元大-北投",249,5,244
"11550","2888新光金","110/08/04","富邦-仁愛",10,276,-266
"11551","1340勝悅","110/08/04","第一金-新竹",10,0,10
"11552","1340勝悅","110/08/04","中國信託",0,23,-23
"11553","1340勝悅","110/08/04","凱基-虎尾",8,0,8
"11554","1340勝悅","110/08/04","永豐金-潮州",0,19,-19
"11555","1340勝悅","110/08/04","凱基-台中",6,0,6
"11556","1340勝悅","110/08/04","元富-花蓮",0,10,-10
"11557","1340勝悅","110/08/04","臺灣企銀-埔墘",5,0,5
"11558","1340勝悅","110/08/04","中國信託-永康",0,10,-10
"11559","1340勝悅","110/08/04","第一金",5,0,5
"11560","1340勝悅","110/08/04","第一金-中壢",0,7,-7
"11561","1340勝悅","110/08/04","凱基-八德",5,0,5
"11562","1340勝悅","110/08/04","高橋-中壢",0,5,-5
"11563","1340勝悅","110/08/04","永豐金-博愛",5,0,5
"11564","1340勝悅","110/08/04","富邦-新店",0,5,-5
"11565","1340勝悅","110/08/04","摩根大通",6,2,4
"11566","1340勝悅","110/08/04","台新-高雄",0,4,-4
"11567","1340勝悅","110/08/04","凱基-三重",4,0,4
"11568","1340勝悅","110/08/04","新光",0,4,-4
"11569","1340勝悅","110/08/04","統一-城中",7,4,3
"11570","1340勝悅","110/08/04","兆豐-松德",0,2,-2
"11571","1340勝悅","110/08/04","群益金鼎-館前",3,0,3
"11572","1340勝悅","110/08/04","凱基-嘉義",0,2,-2
"11573","1340勝悅","110/08/04","元大-南京",3,0,3
"11574","1340勝悅","110/08/04","富邦-宜蘭",0,2,-2
"11575","1340勝悅","110/08/04","瑞士信貸",2,0,2
"11576","1340勝悅","110/08/04","永豐金-永康",0,2,-2
"11577","1340勝悅","110/08/04","大慶-富順",2,0,2
"11578","1340勝悅","110/08/04","永豐金-嘉義",0,2,-2
"11579","1340勝悅","110/08/04","國泰-高雄",2,0,2
"11580","1340勝悅","110/08/04","玉山證券",0,1,-1
"11581","6246臺龍","110/08/04","統一",347,0,347
"11582","6246臺龍","110/08/04","大慶-富順",0,168,-168
"11583","6246臺龍","110/08/04","元大-西螺",30,0,30
"11584","6246臺龍","110/08/04","元大-善化",1,91,-90
"11585","6246臺龍","110/08/04","華南永昌-嘉義",26,0,26
"11586","6246臺龍","110/08/04","新光-高雄",2,75,-73
"11587","6246臺龍","110/08/04","中國信託-永康",31,9,22
"11588","6246臺龍","110/08/04","元大-永春",1,40,-39
"11589","6246臺龍","110/08/04","元大-西屯",25,4,21
"11590","6246臺龍","110/08/04","元大-基隆孝二",1,35,-34
"11591","6246臺龍","110/08/04","凱基-竹科",23,3,20
"11592","6246臺龍","110/08/04","凱基-復興",10,43,-33
"11593","6246臺龍","110/08/04","凱基-大直",19,0,19
"11594","6246臺龍","110/08/04","國泰-台中",3,34,-31
"11595","6246臺龍","110/08/04","第一金-台南",18,0,18
"11596","6246臺龍","110/08/04","統一-屏東",0,26,-26
"11597","6246臺龍","110/08/04","萬泰",15,0,15
"11598","6246臺龍","110/08/04","台灣企銀-台南",1,25,-24
"11599","6246臺龍","110/08/04","華南永昌-台中",15,0,15
"11600","6246臺龍","110/08/04","宏遠-民生",0,22,-22
"11601","6246臺龍","110/08/04","凱基-板橋",13,0,13
"11602","6246臺龍","110/08/04","兆豐-來福",0,20,-20
"11603","6246臺龍","110/08/04","宏遠-高雄",12,0,12
"11604","6246臺龍","110/08/04","永豐金-市政",0,17,-17
"11605","6246臺龍","110/08/04","新光-台中",11,0,11
"11606","6246臺龍","110/08/04","台新-台中",5,21,-16
"11607","6246臺龍","110/08/04","玉山證券",13,2,11
"11608","6246臺龍","110/08/04","華南永昌-彰化",1,16,-15
"11609","6246臺龍","110/08/04","永豐金-高雄",12,1,11
"11610","6246臺龍","110/08/04","元大-博愛",13,28,-15
"11611","00715L期街口布蘭特正2","110/08/04","宏遠-高雄",1056,0,1056
"11612","00715L期街口布蘭特正2","110/08/04","元大證券",1348,7345,-5997
"11613","00715L期街口布蘭特正2","110/08/04","凱基-豐中",576,0,576
"11614","00715L期街口布蘭特正2","110/08/04","凱基-台北",37,5749,-5712
"11615","00715L期街口布蘭特正2","110/08/04","富邦-基隆",467,0,467
"11616","00715L期街口布蘭特正2","110/08/04","富邦證券",253,2075,-1822
"11617","00715L期街口布蘭特正2","110/08/04","國泰-板橋",470,30,440
"11618","00715L期街口布蘭特正2","110/08/04","第一金-頭份",11,400,-389
"11619","00715L期街口布蘭特正2","110/08/04","統一-高雄",358,3,355
"11620","00715L期街口布蘭特正2","110/08/04","富邦-永和",4,376,-372
"11621","00715L期街口布蘭特正2","110/08/04","中國信託-永康",219,1,218
"11622","00715L期街口布蘭特正2","110/08/04","永豐金-新店",0,370,-370
"11623","00715L期街口布蘭特正2","110/08/04","元大-中和",217,0,217
"11624","00715L期街口布蘭特正2","110/08/04","元富",53,412,-359
"11625","00715L期街口布蘭特正2","110/08/04","日盛-花蓮",201,1,200
"11626","00715L期街口布蘭特正2","110/08/04","臺銀-民權",15,366,-351
"11627","00715L期街口布蘭特正2","110/08/04","元大-中壢",201,12,189
"11628","00715L期街口布蘭特正2","110/08/04","兆豐-新莊",0,300,-300
"11629","00715L期街口布蘭特正2","110/08/04","宏遠-桃園",190,2,188
"11630","00715L期街口布蘭特正2","110/08/04","大昌-新店",17,300,-283
"11631","00715L期街口布蘭特正2","110/08/04","玉山-大里",182,0,182
"11632","00715L期街口布蘭特正2","110/08/04","元大-西螺",87,303,-216
"11633","00715L期街口布蘭特正2","110/08/04","新光",258,80,178
"11634","00715L期街口布蘭特正2","110/08/04","華南永昌-高雄",7,206,-199
"11635","00715L期街口布蘭特正2","110/08/04","元大-花蓮",178,0,178
"11636","00715L期街口布蘭特正2","110/08/04","國票-台中",8,200,-192
"11637","00715L期街口布蘭特正2","110/08/04","新光-台中",242,68,174
"11638","00715L期街口布蘭特正2","110/08/04","群益金鼎-鳳山",12,174,-162
"11639","00715L期街口布蘭特正2","110/08/04","(牛牛牛)亞-網路",166,0,166
"11640","00715L期街口布蘭特正2","110/08/04","國泰-台南",8,150,-142
"11641","8941關中","110/08/04","宏遠-館前",3,0,3
"11642","8941關中","110/08/04","元大-基隆",0,3,-3
"11643","8941關中","110/08/04","日盛-和美",1,0,1
"11644","8941關中","110/08/04","富邦-員林",0,2,-2
"11645","8941關中","110/08/04","元大-華山",1,0,1
"11646","8941關中","110/08/04","新光-高雄",0,0,0
"11647","8941關中","110/08/04","新光-高雄",0,0,0
"11648","8941關中","110/08/04","國泰-高雄",0,0,0
"11649","8941關中","110/08/04","國泰-高雄",0,0,0
"11650","8941關中","110/08/04","富邦-建國",0,0,0
"11651","8941關中","110/08/04","富邦-建國",0,0,0
"11652","8941關中","110/08/04","元大-西屯",0,0,0
"11653","8941關中","110/08/04","元大-西屯",0,0,0
"11654","8941關中","110/08/04","元大-花蓮",0,0,0
"11655","8941關中","110/08/04","元大-花蓮",0,0,0
"11656","8941關中","110/08/04","永豐金-萬盛",0,0,0
"11657","8941關中","110/08/04","永豐金-萬盛",0,0,0
"11658","8941關中","110/08/04","",NA,NA,NA
"11659","8941關中","110/08/04","",NA,NA,NA
"11660","8941關中","110/08/04","",NA,NA,NA
"11661","8941關中","110/08/04","",NA,NA,NA
"11662","8941關中","110/08/04","",NA,NA,NA
"11663","8941關中","110/08/04","",NA,NA,NA
"11664","8941關中","110/08/04","",NA,NA,NA
"11665","8941關中","110/08/04","",NA,NA,NA
"11666","8941關中","110/08/04","",NA,NA,NA
"11667","8941關中","110/08/04","",NA,NA,NA
"11668","8941關中","110/08/04","",NA,NA,NA
"11669","8941關中","110/08/04","",NA,NA,NA
"11670","8941關中","110/08/04","",NA,NA,NA
"11671","8936國統","110/08/04","第一金-光復",120,0,120
"11672","8936國統","110/08/04","兆豐-彰化",0,61,-61
"11673","8936國統","110/08/04","美林",99,3,96
"11674","8936國統","110/08/04","凱基-台北",4,56,-52
"11675","8936國統","110/08/04","華南永昌-楠梓",70,5,65
"11676","8936國統","110/08/04","凱基-內埔",0,50,-50
"11677","8936國統","110/08/04","永豐金-高雄",62,0,62
"11678","8936國統","110/08/04","台灣摩根士丹利",0,42,-42
"11679","8936國統","110/08/04","國票-台南",60,0,60
"11680","8936國統","110/08/04","永豐金-苓雅",1,40,-39
"11681","8936國統","110/08/04","永豐金-台中",30,0,30
"11682","8936國統","110/08/04","群益金鼎-內湖",0,30,-30
"11683","8936國統","110/08/04","第一金-豐原",20,0,20
"11684","8936國統","110/08/04","國票-北高雄",0,20,-20
"11685","8936國統","110/08/04","玉山-高雄",13,0,13
"11686","8936國統","110/08/04","宏遠-館前",0,19,-19
"11687","8936國統","110/08/04","元大-莒光",11,0,11
"11688","8936國統","110/08/04","美商高盛",3,22,-19
"11689","8936國統","110/08/04","亞東-高雄",10,0,10
"11690","8936國統","110/08/04","元大-大里德芳",4,21,-17
"11691","8936國統","110/08/04","第一金-路竹",10,0,10
"11692","8936國統","110/08/04","第一金-高雄",0,14,-14
"11693","8936國統","110/08/04","新光-台中",8,1,7
"11694","8936國統","110/08/04","日盛-竹北",0,12,-12
"11695","8936國統","110/08/04","統一-三多",5,0,5
"11696","8936國統","110/08/04","亞東",0,12,-12
"11697","8936國統","110/08/04","國票-內壢",5,0,5
"11698","8936國統","110/08/04","摩根大通",32,44,-12
"11699","8936國統","110/08/04","新光",10,5,5
"11700","8936國統","110/08/04","第一金-嘉義",0,10,-10
"11701","6226光鼎","110/08/04","富邦-嘉義",1247,573,674
"11702","6226光鼎","110/08/04","國泰-敦南",89,234,-145
"11703","6226光鼎","110/08/04","永豐金-桃盛",205,0,205
"11704","6226光鼎","110/08/04","日盛-嘉義",0,131,-131
"11705","6226光鼎","110/08/04","台新-左楠",120,1,119
"11706","6226光鼎","110/08/04","群益金鼎-東大",35,150,-115
"11707","6226光鼎","110/08/04","群益金鼎-敦南",127,8,119
"11708","6226光鼎","110/08/04","台中銀-員林",0,101,-101
"11709","6226光鼎","110/08/04","台灣摩根士丹利",135,55,80
"11710","6226光鼎","110/08/04","玉山-雙和",2,97,-95
"11711","6226光鼎","110/08/04","華南永昌-南京",89,14,75
"11712","6226光鼎","110/08/04","台新證券",76,167,-91
"11713","6226光鼎","110/08/04","台新-台中",101,32,69
"11714","6226光鼎","110/08/04","華南永昌-頭份",7,86,-79
"11715","6226光鼎","110/08/04","宏遠-台中",60,3,57
"11716","6226光鼎","110/08/04","高橋",0,70,-70
"11717","6226光鼎","110/08/04","大昌",79,26,53
"11718","6226光鼎","110/08/04","國泰-館前",18,62,-44
"11719","6226光鼎","110/08/04","台新-新莊",54,2,52
"11720","6226光鼎","110/08/04","凱基-永和",0,43,-43
"11721","6226光鼎","110/08/04","群益金鼎-三民",51,3,48
"11722","6226光鼎","110/08/04","日盛-景美",0,38,-38
"11723","6226光鼎","110/08/04","中國信託-永康",62,18,44
"11724","6226光鼎","110/08/04","華南永昌-高雄",9,47,-38
"11725","6226光鼎","110/08/04","國票-台中",45,2,43
"11726","6226光鼎","110/08/04","元大-太平",6,44,-38
"11727","6226光鼎","110/08/04","統一-士林",44,4,40
"11728","6226光鼎","110/08/04","元大-北投",0,37,-37
"11729","6226光鼎","110/08/04","統一-仁愛",51,14,37
"11730","6226光鼎","110/08/04","元大-板橋",0,37,-37
"11731","2363矽統","110/08/04","富邦-中壢",628,138,490
"11732","2363矽統","110/08/04","新加坡商瑞銀",986,2541,-1555
"11733","2363矽統","110/08/04","凱基-台北",7207,6730,477
"11734","2363矽統","110/08/04","台灣摩根士丹利",158,1373,-1215
"11735","2363矽統","110/08/04","元大-承德",449,81,368
"11736","2363矽統","110/08/04","摩根大通",2506,3701,-1195
"11737","2363矽統","110/08/04","群益金鼎-高雄",438,99,339
"11738","2363矽統","110/08/04","日盛-文化",121,1226,-1105
"11739","2363矽統","110/08/04","元富-嘉義",383,57,326
"11740","2363矽統","110/08/04","美林",2013,2637,-624
"11741","2363矽統","110/08/04","元大-旗山",446,147,299
"11742","2363矽統","110/08/04","凱基-新莊",44,445,-401
"11743","2363矽統","110/08/04","大慶-台中",304,14,290
"11744","2363矽統","110/08/04","台新-松江",60,449,-389
"11745","2363矽統","110/08/04","國票-博愛",425,150,275
"11746","2363矽統","110/08/04","統一-士林",649,1031,-382
"11747","2363矽統","110/08/04","台新-台南",494,230,264
"11748","2363矽統","110/08/04","新光",1494,1876,-382
"11749","2363矽統","110/08/04","群益金鼎-內湖",393,135,258
"11750","2363矽統","110/08/04","華南永昌",691,1068,-377
"11751","2363矽統","110/08/04","群益金鼎-桃園",295,68,227
"11752","2363矽統","110/08/04","富邦-彰化",122,486,-364
"11753","2363矽統","110/08/04","永豐金-羅東",397,182,215
"11754","2363矽統","110/08/04","凱基-永和",198,478,-280
"11755","2363矽統","110/08/04","元大-永春",347,142,205
"11756","2363矽統","110/08/04","富邦-嘉義",1358,1619,-261
"11757","2363矽統","110/08/04","台新-屏東",466,275,191
"11758","2363矽統","110/08/04","元大-前金",175,419,-244
"11759","2363矽統","110/08/04","元大-萬華",286,96,190
"11760","2363矽統","110/08/04","凱基-大直",681,912,-231
"11761","8112至上","110/08/04","台灣匯立證券",138,0,138
"11762","8112至上","110/08/04","日盛-高雄",1,355,-354
"11763","8112至上","110/08/04","元富-新興",94,8,86
"11764","8112至上","110/08/04","玉山-士林",0,150,-150
"11765","8112至上","110/08/04","合庫-西台中",55,7,48
"11766","8112至上","110/08/04","台灣摩根士丹利",20,143,-123
"11767","8112至上","110/08/04","摩根大通",145,97,48
"11768","8112至上","110/08/04","元富-大昌",0,120,-120
"11769","8112至上","110/08/04","台新證券",48,1,47
"11770","8112至上","110/08/04","華南永昌-林口",1,90,-89
"11771","8112至上","110/08/04","第一金-高雄",40,0,40
"11772","8112至上","110/08/04","元大-北屯",1,70,-69
"11773","8112至上","110/08/04","群益金鼎-大安",40,0,40
"11774","8112至上","110/08/04","凱基-台北",140,206,-66
"11775","8112至上","110/08/04","日盛-新竹",60,26,34
"11776","8112至上","110/08/04","新加坡商瑞銀",16,68,-52
"11777","8112至上","110/08/04","美林",69,38,31
"11778","8112至上","110/08/04","第一金-自由",0,50,-50
"11779","8112至上","110/08/04","凱基-虎尾",30,0,30
"11780","8112至上","110/08/04","康和-內湖",0,34,-34
"11781","8112至上","110/08/04","永豐金-台南",32,2,30
"11782","8112至上","110/08/04","聯邦商銀",0,34,-34
"11783","8112至上","110/08/04","港商野村",30,1,29
"11784","8112至上","110/08/04","臺銀-鳳山",0,28,-28
"11785","8112至上","110/08/04","國泰-館前",29,5,24
"11786","8112至上","110/08/04","兆豐-公益",0,28,-28
"11787","8112至上","110/08/04","元富-佳里",21,0,21
"11788","8112至上","110/08/04","元大-崇德",0,21,-21
"11789","8112至上","110/08/04","日進",20,0,20
"11790","8112至上","110/08/04","元大-土城永寧",0,20,-20
"11791","1570力肯","110/08/04","摩根大通",330,27,303
"11792","1570力肯","110/08/04","元大-板橋",0,86,-86
"11793","1570力肯","110/08/04","統一",224,0,224
"11794","1570力肯","110/08/04","群益金鼎-忠孝",0,80,-80
"11795","1570力肯","110/08/04","富邦-台中",84,1,83
"11796","1570力肯","110/08/04","元富-緯城",0,51,-51
"11797","1570力肯","110/08/04","統一-土城",287,222,65
"11798","1570力肯","110/08/04","國票-和平",0,51,-51
"11799","1570力肯","110/08/04","群益金鼎-中壢",60,0,60
"11800","1570力肯","110/08/04","日盛-二林",0,43,-43
"11801","1570力肯","110/08/04","富邦-高雄",69,10,59
"11802","1570力肯","110/08/04","國泰-板橋",0,43,-43
"11803","1570力肯","110/08/04","統一-屏東",61,4,57
"11804","1570力肯","110/08/04","元大-新莊",1,44,-43
"11805","1570力肯","110/08/04","凱基-岡山",53,1,52
"11806","1570力肯","110/08/04","凱基-嘉義",0,42,-42
"11807","1570力肯","110/08/04","新光-台中",43,12,31
"11808","1570力肯","110/08/04","華南永昌-鳳山",2,42,-40
"11809","1570力肯","110/08/04","台中銀-員林",30,1,29
"11810","1570力肯","110/08/04","凱基-三峽",0,37,-37
"11811","1570力肯","110/08/04","元富-三重",37,12,25
"11812","1570力肯","110/08/04","國票-中正",0,36,-36
"11813","1570力肯","110/08/04","統一-新台中",30,6,24
"11814","1570力肯","110/08/04","高橋",0,30,-30
"11815","1570力肯","110/08/04","致和-府前",25,1,24
"11816","1570力肯","110/08/04","日盛-高雄",0,29,-29
"11817","1570力肯","110/08/04","凱基-中港",22,0,22
"11818","1570力肯","110/08/04","(牛牛牛)亞-鑫豐",6,29,-23
"11819","1570力肯","110/08/04","宏遠證券",20,0,20
"11820","1570力肯","110/08/04","元富-松德",1,22,-21
"11821","2929淘帝","110/08/04","兆豐-忠孝",23,0,23
"11822","2929淘帝","110/08/04","美林",12,107,-95
"11823","2929淘帝","110/08/04","華南永昌-長虹",21,0,21
"11824","2929淘帝","110/08/04","兆豐-新莊",0,94,-94
"11825","2929淘帝","110/08/04","兆豐-桃園",20,0,20
"11826","2929淘帝","110/08/04","富邦-北港",0,30,-30
"11827","2929淘帝","110/08/04","新加坡商瑞銀",34,18,16
"11828","2929淘帝","110/08/04","永興-水湳",0,20,-20
"11829","2929淘帝","110/08/04","凱基-林口",15,0,15
"11830","2929淘帝","110/08/04","兆豐-復興",0,20,-20
"11831","2929淘帝","110/08/04","富邦-竹東",17,5,12
"11832","2929淘帝","110/08/04","國泰-高雄",1,15,-14
"11833","2929淘帝","110/08/04","台新-建北",11,0,11
"11834","2929淘帝","110/08/04","元大-上新莊",0,14,-14
"11835","2929淘帝","110/08/04","凱基-豐中",11,0,11
"11836","2929淘帝","110/08/04","凱基-敦北",0,11,-11
"11837","2929淘帝","110/08/04","統一-汐止",10,0,10
"11838","2929淘帝","110/08/04","臺銀-金山",0,10,-10
"11839","2929淘帝","110/08/04","新百王",10,0,10
"11840","2929淘帝","110/08/04","日盛-斗六",0,10,-10
"11841","2929淘帝","110/08/04","凱基-台北",16,6,10
"11842","2929淘帝","110/08/04","港商野村",16,26,-10
"11843","2929淘帝","110/08/04","華南永昌-苗栗",10,0,10
"11844","2929淘帝","110/08/04","第一金-自由",0,10,-10
"11845","2929淘帝","110/08/04","富邦-板橋",10,0,10
"11846","2929淘帝","110/08/04","玉山-台南",0,10,-10
"11847","2929淘帝","110/08/04","元大-路竹",10,0,10
"11848","2929淘帝","110/08/04","凱基-五股",0,10,-10
"11849","2929淘帝","110/08/04","元大-東蘆",10,0,10
"11850","2929淘帝","110/08/04","華南永昌-楠梓",0,10,-10
"11851","5410國眾","110/08/04","永豐金-內湖",100,1,99
"11852","5410國眾","110/08/04","群益金鼎-內湖",0,46,-46
"11853","5410國眾","110/08/04","永豐金-板新",36,0,36
"11854","5410國眾","110/08/04","新光",2,36,-34
"11855","5410國眾","110/08/04","兆豐-城中",27,0,27
"11856","5410國眾","110/08/04","元富-嘉義",0,20,-20
"11857","5410國眾","110/08/04","凱基-竹北",10,0,10
"11858","5410國眾","110/08/04","元大-博愛",0,20,-20
"11859","5410國眾","110/08/04","新光-高雄",9,0,9
"11860","5410國眾","110/08/04","永豐金-彰化",0,20,-20
"11861","5410國眾","110/08/04","兆豐-北高雄",8,0,8
"11862","5410國眾","110/08/04","元大-斗信",0,11,-11
"11863","5410國眾","110/08/04","元富-三重",9,3,6
"11864","5410國眾","110/08/04","統一-平鎮",0,10,-10
"11865","5410國眾","110/08/04","台新證券",7,1,6
"11866","5410國眾","110/08/04","元大-台北",0,10,-10
"11867","5410國眾","110/08/04","元大-中壢",10,4,6
"11868","5410國眾","110/08/04","元大-大灣",0,10,-10
"11869","5410國眾","110/08/04","北城證券",5,0,5
"11870","5410國眾","110/08/04","元大-前金",0,9,-9
"11871","5410國眾","110/08/04","國票-和平",5,0,5
"11872","5410國眾","110/08/04","致和證券",0,8,-8
"11873","5410國眾","110/08/04","元大-新盛",5,0,5
"11874","5410國眾","110/08/04","元大-崇德",0,7,-7
"11875","5410國眾","110/08/04","永豐金-中盛",5,0,5
"11876","5410國眾","110/08/04","臺銀-鳳山",0,6,-6
"11877","5410國眾","110/08/04","永豐金-桃園",5,0,5
"11878","5410國眾","110/08/04","玉山-左營",0,6,-6
"11879","5410國眾","110/08/04","凱基-台北",7,3,4
"11880","5410國眾","110/08/04","富邦-台中",0,6,-6
"11881","2841台開","110/08/04","永豐金-敦南",1166,0,1166
"11882","2841台開","110/08/04","統一-三重",0,943,-943
"11883","2841台開","110/08/04","永豐金-鳳山",206,50,156
"11884","2841台開","110/08/04","群益金鼎-東大",0,250,-250
"11885","2841台開","110/08/04","凱基-文心",136,0,136
"11886","2841台開","110/08/04","元富-城東",5,250,-245
"11887","2841台開","110/08/04","國泰-敦南",135,7,128
"11888","2841台開","110/08/04","元大-大灣",16,200,-184
"11889","2841台開","110/08/04","新光",109,4,105
"11890","2841台開","110/08/04","元大-新店中正",0,128,-128
"11891","2841台開","110/08/04","日盛-信義",102,0,102
"11892","2841台開","110/08/04","兆豐-麻豆",0,120,-120
"11893","2841台開","110/08/04","兆豐-東門",100,0,100
"11894","2841台開","110/08/04","土銀",0,100,-100
"11895","2841台開","110/08/04","台新-三民",100,0,100
"11896","2841台開","110/08/04","臺銀",0,100,-100
"11897","2841台開","110/08/04","群益金鼎-海山",100,0,100
"11898","2841台開","110/08/04","富邦-新店",4,90,-86
"11899","2841台開","110/08/04","國泰-板橋",106,13,93
"11900","2841台開","110/08/04","合庫-台中",23,104,-81
"11901","2841台開","110/08/04","永豐金-彰化",100,10,90
"11902","2841台開","110/08/04","統一-高雄",0,77,-77
"11903","2841台開","110/08/04","永豐金-萬盛",101,16,85
"11904","2841台開","110/08/04","群益金鼎-屏東",0,75,-75
"11905","2841台開","110/08/04","國票-天祥",80,0,80
"11906","2841台開","110/08/04","中國信託-高雄",2,70,-68
"11907","2841台開","110/08/04","群益金鼎-崇德",84,5,79
"11908","2841台開","110/08/04","凱基-三峽",0,61,-61
"11909","2841台開","110/08/04","群益金鼎-館前",82,3,79
"11910","2841台開","110/08/04","統一-彰化",0,60,-60
"11911","6207雷科","110/08/04","凱基-羅東",80,1,79
"11912","6207雷科","110/08/04","凱基-板橋",1,213,-212
"11913","6207雷科","110/08/04","元大-鳳山",76,2,74
"11914","6207雷科","110/08/04","摩根大通",105,209,-104
"11915","6207雷科","110/08/04","凱基-台南",37,1,36
"11916","6207雷科","110/08/04","凱基-台北",22,122,-100
"11917","6207雷科","110/08/04","富邦-竹東",35,0,35
"11918","6207雷科","110/08/04","華南永昌",12,100,-88
"11919","6207雷科","110/08/04","群益金鼎-東門",31,4,27
"11920","6207雷科","110/08/04","統一-高雄",3,74,-71
"11921","6207雷科","110/08/04","新光-高雄",30,4,26
"11922","6207雷科","110/08/04","群益金鼎-大興",0,70,-70
"11923","6207雷科","110/08/04","大慶-蘆洲",21,0,21
"11924","6207雷科","110/08/04","日盛-忠孝",0,62,-62
"11925","6207雷科","110/08/04","瑞士信貸",20,0,20
"11926","6207雷科","110/08/04","富邦-台中",0,50,-50
"11927","6207雷科","110/08/04","元大-羅東",20,0,20
"11928","6207雷科","110/08/04","永豐金-內湖",0,50,-50
"11929","6207雷科","110/08/04","群益金鼎-南京",20,2,18
"11930","6207雷科","110/08/04","美林",3,47,-44
"11931","6207雷科","110/08/04","元大-汐止",16,0,16
"11932","6207雷科","110/08/04","元富-大昌",0,40,-40
"11933","6207雷科","110/08/04","兆豐-來福",15,0,15
"11934","6207雷科","110/08/04","兆豐-景美",2,40,-38
"11935","6207雷科","110/08/04","國泰-敦南",21,6,15
"11936","6207雷科","110/08/04","新加坡商瑞銀",12,49,-37
"11937","6207雷科","110/08/04","永豐金-台中",15,0,15
"11938","6207雷科","110/08/04","群益金鼎-古亭",2,24,-22
"11939","6207雷科","110/08/04","元大-沙鹿",14,0,14
"11940","6207雷科","110/08/04","華南永昌-虎尾",0,21,-21
"11941","3679新至陞","110/08/04","凱基-台北",27,0,27
"11942","3679新至陞","110/08/04","香港上海匯豐",0,12,-12
"11943","3679新至陞","110/08/04","港商法國興業",20,0,20
"11944","3679新至陞","110/08/04","台灣摩根士丹利",0,10,-10
"11945","3679新至陞","110/08/04","新加坡商瑞銀",13,0,13
"11946","3679新至陞","110/08/04","港商野村",0,8,-8
"11947","3679新至陞","110/08/04","(牛牛牛)亞-網路",11,0,11
"11948","3679新至陞","110/08/04","玉山證券",2,9,-7
"11949","3679新至陞","110/08/04","摩根大通",9,4,5
"11950","3679新至陞","110/08/04","富邦-陽明",0,6,-6
"11951","3679新至陞","110/08/04","國泰-敦南",6,2,4
"11952","3679新至陞","110/08/04","統一",0,5,-5
"11953","3679新至陞","110/08/04","土銀-和平",3,0,3
"11954","3679新至陞","110/08/04","華南永昌-淡水",0,5,-5
"11955","3679新至陞","110/08/04","台中銀-員林",3,0,3
"11956","3679新至陞","110/08/04","元大-成功",0,5,-5
"11957","3679新至陞","110/08/04","元大-永春",3,0,3
"11958","3679新至陞","110/08/04","群益金鼎-內湖",0,4,-4
"11959","3679新至陞","110/08/04","國票-台東",2,0,2
"11960","3679新至陞","110/08/04","國泰-館前",0,3,-3
"11961","3679新至陞","110/08/04","富邦-新店",2,0,2
"11962","3679新至陞","110/08/04","凱基-板橋",0,3,-3
"11963","3679新至陞","110/08/04","富邦-三重",2,0,2
"11964","3679新至陞","110/08/04","凱基-三峽",0,3,-3
"11965","3679新至陞","110/08/04","元大-板橋三民",2,0,2
"11966","3679新至陞","110/08/04","凱基-中山",0,3,-3
"11967","3679新至陞","110/08/04","永豐金-敦南",2,0,2
"11968","3679新至陞","110/08/04","元大-承德",1,4,-3
"11969","3679新至陞","110/08/04","大昌-新店",1,0,1
"11970","3679新至陞","110/08/04","元大-大同",0,3,-3
"11971","2727王品","110/08/04","元富",46,0,46
"11972","2727王品","110/08/04","台灣摩根士丹利",20,277,-257
"11973","2727王品","110/08/04","台新證券",36,7,29
"11974","2727王品","110/08/04","群益金鼎-三民",2,104,-102
"11975","2727王品","110/08/04","國泰-敦南",42,13,29
"11976","2727王品","110/08/04","第一金",1,102,-101
"11977","2727王品","110/08/04","國泰-台中",19,2,17
"11978","2727王品","110/08/04","元大-東蘆",1,45,-44
"11979","2727王品","110/08/04","華南永昌-虎尾",13,0,13
"11980","2727王品","110/08/04","新光-台中",10,43,-33
"11981","2727王品","110/08/04","凱基-五股",11,0,11
"11982","2727王品","110/08/04","新光-桃園",9,42,-33
"11983","2727王品","110/08/04","國泰-館前",16,6,10
"11984","2727王品","110/08/04","凱基-興隆",1,21,-20
"11985","2727王品","110/08/04","凱基-基隆",10,0,10
"11986","2727王品","110/08/04","元大-龍潭",6,23,-17
"11987","2727王品","110/08/04","凱基-南崁",10,0,10
"11988","2727王品","110/08/04","日盛-士林",0,15,-15
"11989","2727王品","110/08/04","富邦-台北",12,2,10
"11990","2727王品","110/08/04","凱基-天母",0,15,-15
"11991","2727王品","110/08/04","新光",34,25,9
"11992","2727王品","110/08/04","日盛-台中",4,15,-11
"11993","2727王品","110/08/04","玉山證券",12,3,9
"11994","2727王品","110/08/04","永豐金-信義",1,12,-11
"11995","2727王品","110/08/04","國泰-高雄",10,2,8
"11996","2727王品","110/08/04","新加坡商瑞銀",2,12,-10
"11997","2727王品","110/08/04","群益金鼎-宜蘭",8,0,8
"11998","2727王品","110/08/04","元大-豐原",0,10,-10
"11999","2727王品","110/08/04","國泰-台南",7,0,7
"12000","2727王品","110/08/04","元大-樹林",1,11,-10
"12001","1570力肯","110/08/04","摩根大通",330,27,303
"12002","1570力肯","110/08/04","元大-板橋",0,86,-86
"12003","1570力肯","110/08/04","統一",224,0,224
"12004","1570力肯","110/08/04","群益金鼎-忠孝",0,80,-80
"12005","1570力肯","110/08/04","富邦-台中",84,1,83
"12006","1570力肯","110/08/04","元富-緯城",0,51,-51
"12007","1570力肯","110/08/04","統一-土城",287,222,65
"12008","1570力肯","110/08/04","國票-和平",0,51,-51
"12009","1570力肯","110/08/04","群益金鼎-中壢",60,0,60
"12010","1570力肯","110/08/04","日盛-二林",0,43,-43
"12011","1570力肯","110/08/04","富邦-高雄",69,10,59
"12012","1570力肯","110/08/04","國泰-板橋",0,43,-43
"12013","1570力肯","110/08/04","統一-屏東",61,4,57
"12014","1570力肯","110/08/04","元大-新莊",1,44,-43
"12015","1570力肯","110/08/04","凱基-岡山",53,1,52
"12016","1570力肯","110/08/04","凱基-嘉義",0,42,-42
"12017","1570力肯","110/08/04","新光-台中",43,12,31
"12018","1570力肯","110/08/04","華南永昌-鳳山",2,42,-40
"12019","1570力肯","110/08/04","台中銀-員林",30,1,29
"12020","1570力肯","110/08/04","凱基-三峽",0,37,-37
"12021","1570力肯","110/08/04","元富-三重",37,12,25
"12022","1570力肯","110/08/04","國票-中正",0,36,-36
"12023","1570力肯","110/08/04","統一-新台中",30,6,24
"12024","1570力肯","110/08/04","高橋",0,30,-30
"12025","1570力肯","110/08/04","致和-府前",25,1,24
"12026","1570力肯","110/08/04","日盛-高雄",0,29,-29
"12027","1570力肯","110/08/04","凱基-中港",22,0,22
"12028","1570力肯","110/08/04","(牛牛牛)亞-鑫豐",6,29,-23
"12029","1570力肯","110/08/04","宏遠證券",20,0,20
"12030","1570力肯","110/08/04","元富-松德",1,22,-21
"12031","6180橘子","110/08/04","新光",67,10,57
"12032","6180橘子","110/08/04","群益金鼎-桃園",0,30,-30
"12033","6180橘子","110/08/04","美林",15,0,15
"12034","6180橘子","110/08/04","華南永昌-苑裡",0,30,-30
"12035","6180橘子","110/08/04","第一金-中山",15,1,14
"12036","6180橘子","110/08/04","台灣摩根士丹利",0,19,-19
"12037","6180橘子","110/08/04","日盛-台中",10,0,10
"12038","6180橘子","110/08/04","台新-三民",0,16,-16
"12039","6180橘子","110/08/04","新光-桃園",10,0,10
"12040","6180橘子","110/08/04","群益金鼎-士林",0,13,-13
"12041","6180橘子","110/08/04","康和",9,0,9
"12042","6180橘子","110/08/04","群益金鼎-中港",0,11,-11
"12043","6180橘子","110/08/04","富邦-羅東",8,0,8
"12044","6180橘子","110/08/04","新加坡商瑞銀",0,10,-10
"12045","6180橘子","110/08/04","國票-九鼎",7,0,7
"12046","6180橘子","110/08/04","統一-彰化",0,10,-10
"12047","6180橘子","110/08/04","玉山-桃園",7,0,7
"12048","6180橘子","110/08/04","兆豐-埔墘",0,10,-10
"12049","6180橘子","110/08/04","元大-員林中山",7,0,7
"12050","6180橘子","110/08/04","摩根大通",3,13,-10
"12051","6180橘子","110/08/04","瑞士信貸",6,0,6
"12052","6180橘子","110/08/04","康和-延平",0,10,-10
"12053","6180橘子","110/08/04","富邦-新竹",7,1,6
"12054","6180橘子","110/08/04","大昌-安康",0,9,-9
"12055","6180橘子","110/08/04","富邦-宜蘭",6,0,6
"12056","6180橘子","110/08/04","富邦-仁愛",1,10,-9
"12057","6180橘子","110/08/04","統一-嘉義",5,0,5
"12058","6180橘子","110/08/04","花旗環球",0,8,-8
"12059","6180橘子","110/08/04","富邦-陽明",5,0,5
"12060","6180橘子","110/08/04","福勝",0,8,-8
"12061","2390云辰","110/08/04","元富-吉利",71,6,65
"12062","2390云辰","110/08/04","港商野村",180,422,-242
"12063","2390云辰","110/08/04","兆豐-新營",53,4,49
"12064","2390云辰","110/08/04","凱基-台北",75,264,-189
"12065","2390云辰","110/08/04","台新證券",83,37,46
"12066","2390云辰","110/08/04","美林",32,132,-100
"12067","2390云辰","110/08/04","日盛-新莊",53,12,41
"12068","2390云辰","110/08/04","華南永昌-鳳山",82,181,-99
"12069","2390云辰","110/08/04","兆豐-岡山",40,0,40
"12070","2390云辰","110/08/04","日盛-園區",1,91,-90
"12071","2390云辰","110/08/04","元大-新莊",42,6,36
"12072","2390云辰","110/08/04","統一-城中",3,82,-79
"12073","2390云辰","110/08/04","永豐金-鳳山",37,3,34
"12074","2390云辰","110/08/04","第一金-中壢",0,73,-73
"12075","2390云辰","110/08/04","德信-新營",37,4,33
"12076","2390云辰","110/08/04","元大-忠孝",8,74,-66
"12077","2390云辰","110/08/04","群益金鼎-三民",35,2,33
"12078","2390云辰","110/08/04","凱基-竹科",6,67,-61
"12079","2390云辰","110/08/04","玉山-雙和",39,7,32
"12080","2390云辰","110/08/04","統一-屏東",0,51,-51
"12081","2390云辰","110/08/04","凱基-三重",33,3,30
"12082","2390云辰","110/08/04","富邦-新店",2,50,-48
"12083","2390云辰","110/08/04","華南永昌-朴子",35,6,29
"12084","2390云辰","110/08/04","元富-大裕",21,56,-35
"12085","2390云辰","110/08/04","國票-和平",29,1,28
"12086","2390云辰","110/08/04","永豐金-三重",6,41,-35
"12087","2390云辰","110/08/04","元大-東蘆",31,3,28
"12088","2390云辰","110/08/04","臺銀",15,47,-32
"12089","2390云辰","110/08/04","日茂",59,33,26
"12090","2390云辰","110/08/04","凱基-台中",1,33,-32
"12091","1471首利","110/08/02","日盛-和美",31,0,31
"12092","1471首利","110/08/02","日盛-八德",0,63,-63
"12093","1471首利","110/08/02","宏遠-光隆",30,0,30
"12094","1471首利","110/08/02","凱基-幸福",0,49,-49
"12095","1471首利","110/08/02","元富-花蓮",25,0,25
"12096","1471首利","110/08/02","富邦-台北",0,30,-30
"12097","1471首利","110/08/02","凱基-台北",25,0,25
"12098","1471首利","110/08/02","元大-東蘆",0,30,-30
"12099","1471首利","110/08/02","日盛-木柵",20,0,20
"12100","1471首利","110/08/02","合庫-桃園",0,20,-20
"12101","1471首利","110/08/02","凱基-高美館",20,0,20
"12102","1471首利","110/08/02","康和-澎湖",0,15,-15
"12103","1471首利","110/08/02","新光-台中",24,5,19
"12104","1471首利","110/08/02","元大-斗信",0,15,-15
"12105","1471首利","110/08/02","富邦-羅東",15,0,15
"12106","1471首利","110/08/02","元富-民權",0,12,-12
"12107","1471首利","110/08/02","兆豐-鹿港",14,0,14
"12108","1471首利","110/08/02","玉山-新莊",0,12,-12
"12109","1471首利","110/08/02","美林",16,4,12
"12110","1471首利","110/08/02","宏遠-桃園",0,10,-10
"12111","1471首利","110/08/02","統一-桃園",12,0,12
"12112","1471首利","110/08/02","瑞士信貸",0,10,-10
"12113","1471首利","110/08/02","合庫-高雄",10,0,10
"12114","1471首利","110/08/02","大慶-苗栗",0,10,-10
"12115","1471首利","110/08/02","日盛-士林",10,0,10
"12116","1471首利","110/08/02","統一-新營",0,10,-10
"12117","1471首利","110/08/02","港商法國興業",10,0,10
"12118","1471首利","110/08/02","群益金鼎-三重",0,10,-10
"12119","1471首利","110/08/02","第一金-台南",10,0,10
"12120","1471首利","110/08/02","元大-基隆",0,10,-10
"12121","2883開發金","110/08/02","統一",3076,29,3047
"12122","2883開發金","110/08/02","中農",2,3126,-3124
"12123","2883開發金","110/08/02","凱基-台北",2789,192,2597
"12124","2883開發金","110/08/02","群益金鼎",11,2008,-1997
"12125","2883開發金","110/08/02","元富-城東",2139,5,2134
"12126","2883開發金","110/08/02","摩根大通",2081,3944,-1863
"12127","2883開發金","110/08/02","瑞士信貸",2184,316,1868
"12128","2883開發金","110/08/02","港商野村",949,2553,-1604
"12129","2883開發金","110/08/02","美林",1160,271,889
"12130","2883開發金","110/08/02","台灣匯立證券",198,1533,-1335
"12131","2883開發金","110/08/02","港商麥格理",855,0,855
"12132","2883開發金","110/08/02","中國信託",69,1041,-972
"12133","2883開發金","110/08/02","元大-金華",533,33,500
"12134","2883開發金","110/08/02","兆豐證券",1,863,-862
"12135","2883開發金","110/08/02","新加坡商瑞銀",1089,624,465
"12136","2883開發金","110/08/02","美商高盛",6,644,-638
"12137","2883開發金","110/08/02","法銀巴黎",441,0,441
"12138","2883開發金","110/08/02","華南永昌-中正",4,632,-628
"12139","2883開發金","110/08/02","富邦-嘉義",425,24,401
"12140","2883開發金","110/08/02","第一金-安和",156,757,-601
"12141","2883開發金","110/08/02","元富-烏日",367,3,364
"12142","2883開發金","110/08/02","國票",0,524,-524
"12143","2883開發金","110/08/02","台灣摩根士丹利",634,280,354
"12144","2883開發金","110/08/02","元富",266,770,-504
"12145","2883開發金","110/08/02","國泰-館前",516,180,336
"12146","2883開發金","110/08/02","新光",1651,1984,-333
"12147","2883開發金","110/08/02","聯邦-敦化",321,5,316
"12148","2883開發金","110/08/02","元富-安南",20,324,-304
"12149","2883開發金","110/08/02","玉山-士林",307,13,294
"12150","2883開發金","110/08/02","群益金鼎-東門",6,280,-274
"12151","6205詮欣","110/08/02","元大-館前",16,0,16
"12152","6205詮欣","110/08/02","永豐金-敦南",0,21,-21
"12153","6205詮欣","110/08/02","臺銀",11,0,11
"12154","6205詮欣","110/08/02","日盛-三重",0,17,-17
"12155","6205詮欣","110/08/02","臺銀-民權",10,0,10
"12156","6205詮欣","110/08/02","永豐金-博愛",0,10,-10
"12157","6205詮欣","110/08/02","摩根大通",11,1,10
"12158","6205詮欣","110/08/02","國票-台南",0,5,-5
"12159","6205詮欣","110/08/02","合庫-三重",5,0,5
"12160","6205詮欣","110/08/02","群益金鼎-三重",0,4,-4
"12161","6205詮欣","110/08/02","元大-東蘆",5,0,5
"12162","6205詮欣","110/08/02","元大-土城",0,4,-4
"12163","6205詮欣","110/08/02","凱基",3,0,3
"12164","6205詮欣","110/08/02","元大-草屯",0,4,-4
"12165","6205詮欣","110/08/02","日盛-雙和",2,0,2
"12166","6205詮欣","110/08/02","臺銀-新竹",1,4,-3
"12167","6205詮欣","110/08/02","兆豐-南京",2,0,2
"12168","6205詮欣","110/08/02","光和-嘉義",0,3,-3
"12169","6205詮欣","110/08/02","凱基-台北",3,1,2
"12170","6205詮欣","110/08/02","永豐金-內湖",0,3,-3
"12171","6205詮欣","110/08/02","元大-西螺",2,0,2
"12172","6205詮欣","110/08/02","第一金-華江",0,2,-2
"12173","6205詮欣","110/08/02","元大-新竹經國",2,0,2
"12174","6205詮欣","110/08/02","中國信託-高雄",0,2,-2
"12175","6205詮欣","110/08/02","元大-北成功",2,0,2
"12176","6205詮欣","110/08/02","兆豐-鹿港",0,2,-2
"12177","6205詮欣","110/08/02","臺銀-臺中",1,0,1
"12178","6205詮欣","110/08/02","統一-平鎮",0,1,-1
"12179","6205詮欣","110/08/02","德信-新營",1,0,1
"12180","6205詮欣","110/08/02","台新-台中",0,1,-1
"12181","1540喬福","110/08/02","富邦-南屯",10,0,10
"12182","1540喬福","110/08/02","永豐金-埔里",0,22,-22
"12183","1540喬福","110/08/02","元富-中原",10,2,8
"12184","1540喬福","110/08/02","統一-新台中",0,17,-17
"12185","1540喬福","110/08/02","德信-新營",6,0,6
"12186","1540喬福","110/08/02","統一-三多",0,3,-3
"12187","1540喬福","110/08/02","元大-龍潭",3,0,3
"12188","1540喬福","110/08/02","光和-高雄",0,2,-2
"12189","1540喬福","110/08/02","凱基-台北",3,0,3
"12190","1540喬福","110/08/02","兆豐-嘉義",0,2,-2
"12191","1540喬福","110/08/02","新光-桃園",3,0,3
"12192","1540喬福","110/08/02","台新-高雄",0,1,-1
"12193","1540喬福","110/08/02","永豐金-內湖",2,0,2
"12194","1540喬福","110/08/02","新光",0,1,-1
"12195","1540喬福","110/08/02","港商法國興業",2,0,2
"12196","1540喬福","110/08/02","國泰-館前",0,1,-1
"12197","1540喬福","110/08/02","統一-台南",2,0,2
"12198","1540喬福","110/08/02","群益金鼎-民權",0,1,-1
"12199","1540喬福","110/08/02","元富-桃園",2,0,2
"12200","1540喬福","110/08/02","富邦-嘉義",0,1,-1
"12201","1540喬福","110/08/02","台中銀-豐原",2,0,2
"12202","1540喬福","110/08/02","元大-新竹",0,1,-1
"12203","1540喬福","110/08/02","(牛牛牛)亞-網路",1,0,1
"12204","1540喬福","110/08/02","元大-豐原站前",0,1,-1
"12205","1540喬福","110/08/02","元富",1,0,1
"12206","1540喬福","110/08/02","臺銀-鳳山",0,0,0
"12207","1540喬福","110/08/02","第一金-桃園",1,0,1
"12208","1540喬福","110/08/02","第一金",0,0,0
"12209","1540喬福","110/08/02","瑞士信貸",1,0,1
"12210","1540喬福","110/08/02","華南永昌-南京",0,0,0
"12211","2888新光金","110/08/02","花旗環球",2291,0,2291
"12212","2888新光金","110/08/02","瑞士信貸",1405,3997,-2592
"12213","2888新光金","110/08/02","美林",2235,208,2027
"12214","2888新光金","110/08/02","新加坡商瑞銀",780,2173,-1393
"12215","2888新光金","110/08/02","群益金鼎-彰化",1014,2,1012
"12216","2888新光金","110/08/02","美商高盛",369,1356,-987
"12217","2888新光金","110/08/02","富邦-建國",823,9,814
"12218","2888新光金","110/08/02","元大-仁愛",69,795,-726
"12219","2888新光金","110/08/02","元大-華山",532,1,531
"12220","2888新光金","110/08/02","永興-台中",0,500,-500
"12221","2888新光金","110/08/02","法銀巴黎",666,166,500
"12222","2888新光金","110/08/02","凱基-站前",17,506,-489
"12223","2888新光金","110/08/02","台灣匯立證券",421,0,421
"12224","2888新光金","110/08/02","元富-城東",38,496,-458
"12225","2888新光金","110/08/02","凱基-台南",376,17,359
"12226","2888新光金","110/08/02","群益金鼎-中港",2,450,-448
"12227","2888新光金","110/08/02","永豐金-嘉義",352,0,352
"12228","2888新光金","110/08/02","華南永昌",25,461,-436
"12229","2888新光金","110/08/02","合庫-台中",339,1,338
"12230","2888新光金","110/08/02","港商野村",135,550,-415
"12231","2888新光金","110/08/02","港商麥格理",316,0,316
"12232","2888新光金","110/08/02","大慶-苗栗",1,406,-405
"12233","2888新光金","110/08/02","群益金鼎-建成",298,5,293
"12234","2888新光金","110/08/02","華南永昌-中正",34,419,-385
"12235","2888新光金","110/08/02","永豐金-板盛",221,0,221
"12236","2888新光金","110/08/02","玉山-台大",0,350,-350
"12237","2888新光金","110/08/02","台灣摩根士丹利",1700,1488,212
"12238","2888新光金","110/08/02","元大-汐止",66,363,-297
"12239","2888新光金","110/08/02","凱基-竹北",200,0,200
"12240","2888新光金","110/08/02","台新-新莊",14,265,-251
"12241","1340勝悅","110/08/02","國泰-台中",22,0,22
"12242","1340勝悅","110/08/02","中國信託",0,83,-83
"12243","1340勝悅","110/08/02","港商法國興業",14,0,14
"12244","1340勝悅","110/08/02","元大-開元",0,11,-11
"12245","1340勝悅","110/08/02","新光",18,5,13
"12246","1340勝悅","110/08/02","凱基-永康",0,10,-10
"12247","1340勝悅","110/08/02","元大-基隆孝二",11,0,11
"12248","1340勝悅","110/08/02","富邦-宜蘭",0,10,-10
"12249","1340勝悅","110/08/02","玉山-士林",10,0,10
"12250","1340勝悅","110/08/02","元大-大統",0,10,-10
"12251","1340勝悅","110/08/02","凱基",6,0,6
"12252","1340勝悅","110/08/02","富邦-板橋",0,5,-5
"12253","1340勝悅","110/08/02","摩根大通",4,0,4
"12254","1340勝悅","110/08/02","瑞士信貸",1,5,-4
"12255","1340勝悅","110/08/02","國泰-敦南",8,4,4
"12256","1340勝悅","110/08/02","華南永昌-忠孝",0,2,-2
"12257","1340勝悅","110/08/02","國泰-新莊",3,0,3
"12258","1340勝悅","110/08/02","元大-虎尾",0,2,-2
"12259","1340勝悅","110/08/02","凱基-嘉義",3,0,3
"12260","1340勝悅","110/08/02","元大-路竹",0,2,-2
"12261","1340勝悅","110/08/02","群益金鼎-館前",3,0,3
"12262","1340勝悅","110/08/02","元大-信義",0,2,-2
"12263","1340勝悅","110/08/02","國泰-館前",3,0,3
"12264","1340勝悅","110/08/02","華南永昌-高雄",0,1,-1
"12265","1340勝悅","110/08/02","臺銀-鳳山",3,0,3
"12266","1340勝悅","110/08/02","玉山-大里",0,0,0
"12267","1340勝悅","110/08/02","國泰-高雄",4,1,3
"12268","1340勝悅","110/08/02","群益金鼎-丹鳳",0,0,0
"12269","1340勝悅","110/08/02","美商高盛",3,0,3
"12270","1340勝悅","110/08/02","富邦-虎尾",0,0,0
"12271","6246臺龍","110/08/02","台新證券",19,1,18
"12272","6246臺龍","110/08/02","元大-新竹經國",0,6,-6
"12273","6246臺龍","110/08/02","凱基-台北",7,2,5
"12274","6246臺龍","110/08/02","台新-台南",0,5,-5
"12275","6246臺龍","110/08/02","國票-九鼎",3,0,3
"12276","6246臺龍","110/08/02","宏遠-新化",1,4,-3
"12277","6246臺龍","110/08/02","國票-南京",3,0,3
"12278","6246臺龍","110/08/02","元富-板橋",0,3,-3
"12279","6246臺龍","110/08/02","新光-台中",3,0,3
"12280","6246臺龍","110/08/02","國泰-敦南",0,3,-3
"12281","6246臺龍","110/08/02","元大-員林",3,0,3
"12282","6246臺龍","110/08/02","富邦-台中",0,3,-3
"12283","6246臺龍","110/08/02","元大-永和",3,0,3
"12284","6246臺龍","110/08/02","元大-大益",2,5,-3
"12285","6246臺龍","110/08/02","港商野村",2,0,2
"12286","6246臺龍","110/08/02","日盛-永康",0,2,-2
"12287","6246臺龍","110/08/02","台新-高雄",2,0,2
"12288","6246臺龍","110/08/02","日盛-宜蘭",0,2,-2
"12289","6246臺龍","110/08/02","新光-台南",2,0,2
"12290","6246臺龍","110/08/02","宏遠-台南",0,2,-2
"12291","6246臺龍","110/08/02","日盛-文化",1,0,1
"12292","6246臺龍","110/08/02","高橋-龍潭",0,2,-2
"12293","6246臺龍","110/08/02","國泰-忠孝",1,0,1
"12294","6246臺龍","110/08/02","群益金鼎-中壢",0,2,-2
"12295","6246臺龍","110/08/02","群益金鼎-崇德",3,2,1
"12296","6246臺龍","110/08/02","凱基-三多",0,2,-2
"12297","6246臺龍","110/08/02","富邦-員林",1,0,1
"12298","6246臺龍","110/08/02","統一-中壢",0,1,-1
"12299","6246臺龍","110/08/02","富邦-三重",1,0,1
"12300","6246臺龍","110/08/02","中國信託-嘉義",0,1,-1
"12301","00715L期街口布蘭特正2","110/08/02","元大證券",7296,1000,6296
"12302","00715L期街口布蘭特正2","110/08/02","富邦-基隆",0,850,-850
"12303","00715L期街口布蘭特正2","110/08/02","永豐金證券",2221,338,1883
"12304","00715L期街口布蘭特正2","110/08/02","(牛牛牛)亞-鑫豐",10,850,-840
"12305","00715L期街口布蘭特正2","110/08/02","統一",1460,100,1360
"12306","00715L期街口布蘭特正2","110/08/02","華南永昌-長虹",57,820,-763
"12307","00715L期街口布蘭特正2","110/08/02","國票-中港",1000,0,1000
"12308","00715L期街口布蘭特正2","110/08/02","富邦-彰化",0,700,-700
"12309","00715L期街口布蘭特正2","110/08/02","第一金-台中",900,13,887
"12310","00715L期街口布蘭特正2","110/08/02","第一金-路竹",0,682,-682
"12311","00715L期街口布蘭特正2","110/08/02","群益金鼎",728,0,728
"12312","00715L期街口布蘭特正2","110/08/02","台新證券",112,791,-679
"12313","00715L期街口布蘭特正2","110/08/02","群益金鼎-古亭",433,1,432
"12314","00715L期街口布蘭特正2","110/08/02","第一金-忠孝",45,483,-438
"12315","00715L期街口布蘭特正2","110/08/02","凱基-市政",525,125,400
"12316","00715L期街口布蘭特正2","110/08/02","玉山-台南",0,373,-373
"12317","00715L期街口布蘭特正2","110/08/02","元大-敦化",400,0,400
"12318","00715L期街口布蘭特正2","110/08/02","國泰-板橋",3,313,-310
"12319","00715L期街口布蘭特正2","110/08/02","元大-草屯",353,21,332
"12320","00715L期街口布蘭特正2","110/08/02","凱基",0,300,-300
"12321","00715L期街口布蘭特正2","110/08/02","元大-萬華",250,0,250
"12322","00715L期街口布蘭特正2","110/08/02","元大-嘉義",1,300,-299
"12323","00715L期街口布蘭特正2","110/08/02","統一-員林",180,0,180
"12324","00715L期街口布蘭特正2","110/08/02","元大-大灣",14,303,-289
"12325","00715L期街口布蘭特正2","110/08/02","富邦證券",282,152,130
"12326","00715L期街口布蘭特正2","110/08/02","新光-桃園",45,295,-250
"12327","00715L期街口布蘭特正2","110/08/02","元富-潮州",125,0,125
"12328","00715L期街口布蘭特正2","110/08/02","元大-新莊",76,306,-230
"12329","00715L期街口布蘭特正2","110/08/02","兆豐-台中港",106,0,106
"12330","00715L期街口布蘭特正2","110/08/02","富邦-台北",0,211,-211
"12331","8941關中","110/08/02","宏遠-館前",3,0,3
"12332","8941關中","110/08/02","富邦-台中",0,5,-5
"12333","8941關中","110/08/02","群益金鼎-彰化",2,0,2
"12334","8941關中","110/08/02","富邦-員林",0,4,-4
"12335","8941關中","110/08/02","第一金-台中",1,0,1
"12336","8941關中","110/08/02","元大-新竹經國",0,0,0
"12337","8941關中","110/08/02","台新-台中",1,0,1
"12338","8941關中","110/08/02","永豐金-萬盛",0,0,0
"12339","8941關中","110/08/02","華南永昌-南京",1,0,1
"12340","8941關中","110/08/02","",NA,NA,NA
"12341","8941關中","110/08/02","元大-桃興",2,1,1
"12342","8941關中","110/08/02","",NA,NA,NA
"12343","8941關中","110/08/02","元大-新竹經國",0,0,0
"12344","8941關中","110/08/02","",NA,NA,NA
"12345","8941關中","110/08/02","永豐金-萬盛",0,0,0
"12346","8941關中","110/08/02","",NA,NA,NA
"12347","8941關中","110/08/02","",NA,NA,NA
"12348","8941關中","110/08/02","",NA,NA,NA
"12349","8941關中","110/08/02","",NA,NA,NA
"12350","8941關中","110/08/02","",NA,NA,NA
"12351","8941關中","110/08/02","",NA,NA,NA
"12352","8941關中","110/08/02","",NA,NA,NA
"12353","8941關中","110/08/02","",NA,NA,NA
"12354","8941關中","110/08/02","",NA,NA,NA
"12355","8941關中","110/08/02","",NA,NA,NA
"12356","8941關中","110/08/02","",NA,NA,NA
"12357","8941關中","110/08/02","",NA,NA,NA
"12358","8941關中","110/08/02","",NA,NA,NA
"12359","8941關中","110/08/02","",NA,NA,NA
"12360","8941關中","110/08/02","",NA,NA,NA
"12361","8936國統","110/08/02","合庫-高雄",68,0,68
"12362","8936國統","110/08/02","凱基-台北",0,125,-125
"12363","8936國統","110/08/02","元大-蘆洲",33,0,33
"12364","8936國統","110/08/02","摩根大通",9,125,-116
"12365","8936國統","110/08/02","富邦-高雄",30,4,26
"12366","8936國統","110/08/02","永全-南崁",0,50,-50
"12367","8936國統","110/08/02","大慶-蘆洲",20,0,20
"12368","8936國統","110/08/02","新光-台中",16,55,-39
"12369","8936國統","110/08/02","兆豐-桃鶯",20,0,20
"12370","8936國統","110/08/02","凱基-市政",0,31,-31
"12371","8936國統","110/08/02","元大-東泰",20,0,20
"12372","8936國統","110/08/02","美商高盛",1,20,-19
"12373","8936國統","110/08/02","永豐金-忠孝",20,0,20
"12374","8936國統","110/08/02","元大-東港",3,20,-17
"12375","8936國統","110/08/02","元大-旗山",15,0,15
"12376","8936國統","110/08/02","台灣企銀-台中",0,15,-15
"12377","8936國統","110/08/02","中國信託-文心",12,0,12
"12378","8936國統","110/08/02","日盛-竹北",0,15,-15
"12379","8936國統","110/08/02","國泰-敦南",14,2,12
"12380","8936國統","110/08/02","瑞士信貸",0,11,-11
"12381","8936國統","110/08/02","元大-敦南",12,0,12
"12382","8936國統","110/08/02","港商野村",26,36,-10
"12383","8936國統","110/08/02","日盛-三峽",11,0,11
"12384","8936國統","110/08/02","統一-竹南",0,10,-10
"12385","8936國統","110/08/02","永豐金-苓雅",11,0,11
"12386","8936國統","110/08/02","國泰-高雄",1,11,-10
"12387","8936國統","110/08/02","宏遠-高雄",11,1,10
"12388","8936國統","110/08/02","元大-天母",0,9,-9
"12389","8936國統","110/08/02","第一金-嘉義",10,0,10
"12390","8936國統","110/08/02","元大-台中中港",0,9,-9
"12391","6226光鼎","110/08/02","新百王",283,0,283
"12392","6226光鼎","110/08/02","元富-安南",3,113,-110
"12393","6226光鼎","110/08/02","日盛-文化",219,3,216
"12394","6226光鼎","110/08/02","群益金鼎-東大",24,124,-100
"12395","6226光鼎","110/08/02","元大-嘉義",127,37,90
"12396","6226光鼎","110/08/02","富邦-南屯",3,100,-97
"12397","6226光鼎","110/08/02","統一-新竹",113,31,82
"12398","6226光鼎","110/08/02","元大-鳳中",2,99,-97
"12399","6226光鼎","110/08/02","台中銀-員林",111,47,64
"12400","6226光鼎","110/08/02","元大-忠孝鼎富",10,100,-90
"12401","6226光鼎","110/08/02","永豐金證券",66,5,61
"12402","6226光鼎","110/08/02","華南永昌-小港",0,84,-84
"12403","6226光鼎","110/08/02","日盛-員林",107,50,57
"12404","6226光鼎","110/08/02","國泰-敦南",247,324,-77
"12405","6226光鼎","110/08/02","國票-九鼎",72,24,48
"12406","6226光鼎","110/08/02","亞東",5,76,-71
"12407","6226光鼎","110/08/02","元大-士林",53,6,47
"12408","6226光鼎","110/08/02","中國信託-新竹",2,62,-60
"12409","6226光鼎","110/08/02","元大-鹿港",48,7,41
"12410","6226光鼎","110/08/02","元大-南屯",12,64,-52
"12411","6226光鼎","110/08/02","中國信託-文心",48,8,40
"12412","6226光鼎","110/08/02","元大-高雄",9,61,-52
"12413","6226光鼎","110/08/02","國泰-新莊",56,17,39
"12414","6226光鼎","110/08/02","元大-台北",2,53,-51
"12415","6226光鼎","110/08/02","元大-大同",39,0,39
"12416","6226光鼎","110/08/02","第一金-華江",8,52,-44
"12417","6226光鼎","110/08/02","富邦-建國",39,1,38
"12418","6226光鼎","110/08/02","元富-新莊",3,44,-41
"12419","6226光鼎","110/08/02","統一-三重",54,18,36
"12420","6226光鼎","110/08/02","玉山-桃園",3,40,-37
"12421","2363矽統","110/08/02","中國信託-忠孝",405,25,380
"12422","2363矽統","110/08/02","富邦證券",16,4082,-4066
"12423","2363矽統","110/08/02","群益金鼎-屏東",349,123,226
"12424","2363矽統","110/08/02","凱基-台北",2669,4466,-1797
"12425","2363矽統","110/08/02","群益金鼎-永和",233,20,213
"12426","2363矽統","110/08/02","台灣摩根士丹利",69,1749,-1680
"12427","2363矽統","110/08/02","富邦-中壢",299,91,208
"12428","2363矽統","110/08/02","新加坡商瑞銀",361,1486,-1125
"12429","2363矽統","110/08/02","永豐金-彰化",188,4,184
"12430","2363矽統","110/08/02","港商野村",619,1622,-1003
"12431","2363矽統","110/08/02","元大-承德",253,73,180
"12432","2363矽統","110/08/02","美商高盛",214,1077,-863
"12433","2363矽統","110/08/02","康和-台中",192,23,169
"12434","2363矽統","110/08/02","兆豐-復興",124,973,-849
"12435","2363矽統","110/08/02","新光",550,382,168
"12436","2363矽統","110/08/02","統一-仁愛",132,666,-534
"12437","2363矽統","110/08/02","元大-萬華",224,61,163
"12438","2363矽統","110/08/02","美林",520,1028,-508
"12439","2363矽統","110/08/02","元大-博愛",204,44,160
"12440","2363矽統","110/08/02","統一-土城",32,536,-504
"12441","2363矽統","110/08/02","兆豐-三民",171,17,154
"12442","2363矽統","110/08/02","華南永昌-斗六",33,526,-493
"12443","2363矽統","110/08/02","元大-新竹",196,44,152
"12444","2363矽統","110/08/02","統一-敦南",35,527,-492
"12445","2363矽統","110/08/02","凱基-三重",178,29,149
"12446","2363矽統","110/08/02","永豐金-員林",12,495,-483
"12447","2363矽統","110/08/02","元大-忠孝",181,38,143
"12448","2363矽統","110/08/02","統一-城中",117,589,-472
"12449","2363矽統","110/08/02","元富-世貿",142,4,138
"12450","2363矽統","110/08/02","摩根大通",1070,1471,-401
"12451","8112至上","110/08/02","合庫證券",213,0,213
"12452","8112至上","110/08/02","台灣摩根士丹利",9,287,-278
"12453","8112至上","110/08/02","凱基-台北",298,152,146
"12454","8112至上","110/08/02","凱基-三重",3,236,-233
"12455","8112至上","110/08/02","大慶",87,0,87
"12456","8112至上","110/08/02","臺銀-鳳山",11,124,-113
"12457","8112至上","110/08/02","凱基-新店",84,0,84
"12458","8112至上","110/08/02","合庫-台中",1,112,-111
"12459","8112至上","110/08/02","香港上海匯豐",76,0,76
"12460","8112至上","110/08/02","土銀-嘉義",0,105,-105
"12461","8112至上","110/08/02","群益金鼎-建成",65,1,64
"12462","8112至上","110/08/02","元大-新莊",2,106,-104
"12463","8112至上","110/08/02","玉山-板橋",63,0,63
"12464","8112至上","110/08/02","台新-建北",0,95,-95
"12465","8112至上","110/08/02","元大-前金",61,2,59
"12466","8112至上","110/08/02","華南永昌-彰化",2,64,-62
"12467","8112至上","110/08/02","台新-台中",58,5,53
"12468","8112至上","110/08/02","群益金鼎-北高雄",3,50,-47
"12469","8112至上","110/08/02","亞東",51,0,51
"12470","8112至上","110/08/02","元大-福營",1,45,-44
"12471","8112至上","110/08/02","美林",49,1,48
"12472","8112至上","110/08/02","永豐金-南京",2,38,-36
"12473","8112至上","110/08/02","摩根大通",114,67,47
"12474","8112至上","110/08/02","亞東-板橋",2,34,-32
"12475","8112至上","110/08/02","美商高盛",46,0,46
"12476","8112至上","110/08/02","元大-台南",2,33,-31
"12477","8112至上","110/08/02","凱基-松山",43,1,42
"12478","8112至上","110/08/02","統一-城中",0,30,-30
"12479","8112至上","110/08/02","群益金鼎-大安",40,0,40
"12480","8112至上","110/08/02","元富-板橋",5,35,-30
"12481","1570力肯","110/08/02","群益金鼎-高雄",11,0,11
"12482","1570力肯","110/08/02","大慶",0,5,-5
"12483","1570力肯","110/08/02","臺銀-臺南",4,0,4
"12484","1570力肯","110/08/02","元大-板橋",0,4,-4
"12485","1570力肯","110/08/02","新光-台中",4,0,4
"12486","1570力肯","110/08/02","玉山證券",0,4,-4
"12487","1570力肯","110/08/02","(牛牛牛)亞-鑫豐",3,0,3
"12488","1570力肯","110/08/02","國泰-台南",0,3,-3
"12489","1570力肯","110/08/02","土銀-白河",2,0,2
"12490","1570力肯","110/08/02","元富-新店",0,3,-3
"12491","1570力肯","110/08/02","統一-松江",2,0,2
"12492","1570力肯","110/08/02","元富-永和",0,2,-2
"12493","1570力肯","110/08/02","中國信託-永康",1,0,1
"12494","1570力肯","110/08/02","凱基-台北",0,2,-2
"12495","1570力肯","110/08/02","凱基-信義",1,0,1
"12496","1570力肯","110/08/02","統一-城中",0,2,-2
"12497","1570力肯","110/08/02","凱基-幸福",1,0,1
"12498","1570力肯","110/08/02","新光",0,1,-1
"12499","1570力肯","110/08/02","元大-歸仁",1,0,1
"12500","1570力肯","110/08/02","凱基-岡山",0,1,-1
"12501","1570力肯","110/08/02","合庫-台中",0,0,0
"12502","1570力肯","110/08/02","富邦-台南",0,1,-1
"12503","1570力肯","110/08/02","康和-板橋",0,0,0
"12504","1570力肯","110/08/02","元大-新盛",0,1,-1
"12505","1570力肯","110/08/02","群益金鼎-鳳山",0,0,0
"12506","1570力肯","110/08/02","永豐金-嘉義",0,1,-1
"12507","1570力肯","110/08/02","元大-樹林",0,0,0
"12508","1570力肯","110/08/02","康和-板橋",0,0,0
"12509","1570力肯","110/08/02","",NA,NA,NA
"12510","1570力肯","110/08/02","合庫-台中",0,0,0
"12511","2929淘帝","110/08/02","元大-民生",29,0,29
"12512","2929淘帝","110/08/02","新加坡商瑞銀",4,70,-66
"12513","2929淘帝","110/08/02","兆豐-桃園",20,0,20
"12514","2929淘帝","110/08/02","富邦-建國",0,26,-26
"12515","2929淘帝","110/08/02","新光",14,0,14
"12516","2929淘帝","110/08/02","美林",0,24,-24
"12517","2929淘帝","110/08/02","兆豐-忠孝",13,0,13
"12518","2929淘帝","110/08/02","元大-和平",0,13,-13
"12519","2929淘帝","110/08/02","兆豐-彰化",12,0,12
"12520","2929淘帝","110/08/02","元大-永和",0,10,-10
"12521","2929淘帝","110/08/02","合庫-高雄",10,0,10
"12522","2929淘帝","110/08/02","日盛-頭份",0,9,-9
"12523","2929淘帝","110/08/02","富邦-台北",10,0,10
"12524","2929淘帝","110/08/02","群益金鼎-中山",0,9,-9
"12525","2929淘帝","110/08/02","國泰-敦南",9,0,9
"12526","2929淘帝","110/08/02","華南永昌-頭份",0,7,-7
"12527","2929淘帝","110/08/02","元富-文心",10,2,8
"12528","2929淘帝","110/08/02","永豐金-敦南",0,7,-7
"12529","2929淘帝","110/08/02","台新-台中",7,0,7
"12530","2929淘帝","110/08/02","凱基-台北",5,11,-6
"12531","2929淘帝","110/08/02","元大-文心",6,0,6
"12532","2929淘帝","110/08/02","臺銀-鳳山",0,5,-5
"12533","2929淘帝","110/08/02","日盛-忠孝",5,0,5
"12534","2929淘帝","110/08/02","凱基-城中",0,5,-5
"12535","2929淘帝","110/08/02","第一金-高雄",5,0,5
"12536","2929淘帝","110/08/02","華南永昌-台中",0,5,-5
"12537","2929淘帝","110/08/02","富邦-基隆",6,1,5
"12538","2929淘帝","110/08/02","元大-博愛",0,5,-5
"12539","2929淘帝","110/08/02","富邦-新店",5,0,5
"12540","2929淘帝","110/08/02","元富-緯城",0,4,-4
"12541","5410國眾","110/08/02","新加坡商瑞銀",19,0,19
"12542","5410國眾","110/08/02","日盛-斗六",0,15,-15
"12543","5410國眾","110/08/02","兆豐-城中",18,0,18
"12544","5410國眾","110/08/02","元大-大同",0,15,-15
"12545","5410國眾","110/08/02","日盛-新莊",10,0,10
"12546","5410國眾","110/08/02","元大-博愛",0,10,-10
"12547","5410國眾","110/08/02","元富-佳里",10,0,10
"12548","5410國眾","110/08/02","凱基-台北",0,7,-7
"12549","5410國眾","110/08/02","摩根大通",9,0,9
"12550","5410國眾","110/08/02","臺銀-臺南",0,6,-6
"12551","5410國眾","110/08/02","國泰-桃園",6,0,6
"12552","5410國眾","110/08/02","元富-嘉義",0,6,-6
"12553","5410國眾","110/08/02","元富-新竹",5,0,5
"12554","5410國眾","110/08/02","第一金-中壢",0,5,-5
"12555","5410國眾","110/08/02","元大-復北",5,0,5
"12556","5410國眾","110/08/02","致和證券",0,5,-5
"12557","5410國眾","110/08/02","永豐金-桃園",5,0,5
"12558","5410國眾","110/08/02","群益金鼎-土城",0,5,-5
"12559","5410國眾","110/08/02","安泰-楠梓",4,0,4
"12560","5410國眾","110/08/02","華南永昌-中正",0,5,-5
"12561","5410國眾","110/08/02","台灣企銀-太平",3,0,3
"12562","5410國眾","110/08/02","元大-新莊",0,5,-5
"12563","5410國眾","110/08/02","新光",3,0,3
"12564","5410國眾","110/08/02","土銀-新竹",0,4,-4
"12565","5410國眾","110/08/02","富邦-內湖",3,0,3
"12566","5410國眾","110/08/02","日盛-員林",0,3,-3
"12567","5410國眾","110/08/02","中國信託-新竹",2,0,2
"12568","5410國眾","110/08/02","元大-新竹經國",0,3,-3
"12569","5410國眾","110/08/02","華南永昌-楠梓",2,0,2
"12570","5410國眾","110/08/02","元富-緯城",0,2,-2
"12571","2841台開","110/08/02","富邦-敦南",71,0,71
"12572","2841台開","110/08/02","永豐金-松山",0,91,-91
"12573","2841台開","110/08/02","國泰-館前",38,0,38
"12574","2841台開","110/08/02","元大-蘆洲",0,40,-40
"12575","2841台開","110/08/02","台中銀",19,0,19
"12576","2841台開","110/08/02","凱基-台北",2,33,-31
"12577","2841台開","110/08/02","元富-烏日",18,0,18
"12578","2841台開","110/08/02","兆豐-寶成",0,20,-20
"12579","2841台開","110/08/02","國泰-板橋",15,0,15
"12580","2841台開","110/08/02","華南永昌-民權",0,20,-20
"12581","2841台開","110/08/02","元大-台中",15,0,15
"12582","2841台開","110/08/02","國票-敦北法人",0,18,-18
"12583","2841台開","110/08/02","元大-福營",15,0,15
"12584","2841台開","110/08/02","第一金-路竹",0,17,-17
"12585","2841台開","110/08/02","日盛-花蓮",14,0,14
"12586","2841台開","110/08/02","中國信託-高雄",0,15,-15
"12587","2841台開","110/08/02","新光",12,0,12
"12588","2841台開","110/08/02","日進",0,10,-10
"12589","2841台開","110/08/02","永豐金-敦南",62,51,11
"12590","2841台開","110/08/02","統一-三多",0,10,-10
"12591","2841台開","110/08/02","日盛-台中",10,0,10
"12592","2841台開","110/08/02","元大-路竹",0,10,-10
"12593","2841台開","110/08/02","群益金鼎-崇德",10,0,10
"12594","2841台開","110/08/02","元大-中和",0,10,-10
"12595","2841台開","110/08/02","元大-南海",10,0,10
"12596","2841台開","110/08/02","宏遠-桃園",0,9,-9
"12597","2841台開","110/08/02","國泰-桃園",8,0,8
"12598","2841台開","110/08/02","大昌-新店",0,6,-6
"12599","2841台開","110/08/02","台新-台中",6,0,6
"12600","2841台開","110/08/02","國票-天祥",0,6,-6
"12601","6207雷科","110/08/02","摩根大通",173,19,154
"12602","6207雷科","110/08/02","凱基-高雄",0,50,-50
"12603","6207雷科","110/08/02","凱基-台北",150,10,140
"12604","6207雷科","110/08/02","群益金鼎-東門",0,26,-26
"12605","6207雷科","110/08/02","華南永昌-朴子",55,0,55
"12606","6207雷科","110/08/02","富邦-竹東",0,25,-25
"12607","6207雷科","110/08/02","新加坡商瑞銀",51,5,46
"12608","6207雷科","110/08/02","華南永昌-東勢",3,27,-24
"12609","6207雷科","110/08/02","元大-西門",54,12,42
"12610","6207雷科","110/08/02","富邦-岡山",1,25,-24
"12611","6207雷科","110/08/02","兆豐-景美",42,2,40
"12612","6207雷科","110/08/02","台灣摩根士丹利",0,22,-22
"12613","6207雷科","110/08/02","日盛-忠孝",35,0,35
"12614","6207雷科","110/08/02","國泰-高雄",1,23,-22
"12615","6207雷科","110/08/02","美林",25,0,25
"12616","6207雷科","110/08/02","富邦-建國",0,17,-17
"12617","6207雷科","110/08/02","日盛-北高雄",16,0,16
"12618","6207雷科","110/08/02","元大-上新莊",0,16,-16
"12619","6207雷科","110/08/02","統一-板橋",15,0,15
"12620","6207雷科","110/08/02","中國信託-高雄",0,15,-15
"12621","6207雷科","110/08/02","凱基-市政",15,0,15
"12622","6207雷科","110/08/02","宏遠證券",0,13,-13
"12623","6207雷科","110/08/02","新光-新竹",16,2,14
"12624","6207雷科","110/08/02","凱基-彰化",0,13,-13
"12625","6207雷科","110/08/02","港商野村",23,12,11
"12626","6207雷科","110/08/02","永豐金-內湖",0,13,-13
"12627","6207雷科","110/08/02","統一-南京",11,0,11
"12628","6207雷科","110/08/02","新百王",0,12,-12
"12629","6207雷科","110/08/02","元大-嘉義",11,0,11
"12630","6207雷科","110/08/02","玉山-大里",0,12,-12
"12631","3679新至陞","110/08/02","元大-成功",26,0,26
"12632","3679新至陞","110/08/02","富邦-陽明",1,34,-33
"12633","3679新至陞","110/08/02","元大-樹林",20,0,20
"12634","3679新至陞","110/08/02","富邦-中壢",0,20,-20
"12635","3679新至陞","110/08/02","(牛牛牛)亞-網路",18,0,18
"12636","3679新至陞","110/08/02","凱基-台北",34,48,-14
"12637","3679新至陞","110/08/02","凱基-中山",12,0,12
"12638","3679新至陞","110/08/02","永豐金證券",0,14,-14
"12639","3679新至陞","110/08/02","統一",21,11,10
"12640","3679新至陞","110/08/02","臺銀-臺南",2,14,-12
"12641","3679新至陞","110/08/02","玉山-台大",10,0,10
"12642","3679新至陞","110/08/02","摩根大通",20,32,-12
"12643","3679新至陞","110/08/02","台中銀",8,0,8
"12644","3679新至陞","110/08/02","富邦-嘉義",0,10,-10
"12645","3679新至陞","110/08/02","港商野村",8,2,6
"12646","3679新至陞","110/08/02","國票-北高雄",1,10,-9
"12647","3679新至陞","110/08/02","群益金鼎-丹鳳",6,0,6
"12648","3679新至陞","110/08/02","台新-台中",0,9,-9
"12649","3679新至陞","110/08/02","元大-高雄",6,0,6
"12650","3679新至陞","110/08/02","凱基-宜蘭",0,7,-7
"12651","3679新至陞","110/08/02","新加坡商瑞銀",5,0,5
"12652","3679新至陞","110/08/02","凱基-埔墘",0,7,-7
"12653","3679新至陞","110/08/02","台灣摩根士丹利",13,9,4
"12654","3679新至陞","110/08/02","永豐金-台中",0,7,-7
"12655","3679新至陞","110/08/02","第一金-華江",4,0,4
"12656","3679新至陞","110/08/02","永豐金-潮州",0,7,-7
"12657","3679新至陞","110/08/02","新光",11,7,4
"12658","3679新至陞","110/08/02","凱基-五股",0,6,-6
"12659","3679新至陞","110/08/02","國泰-館前",4,0,4
"12660","3679新至陞","110/08/02","富邦-建國",0,6,-6
"12661","2727王品","110/08/02","摩根大通",38,5,33
"12662","2727王品","110/08/02","台灣摩根士丹利",13,170,-157
"12663","2727王品","110/08/02","日盛-忠孝",33,3,30
"12664","2727王品","110/08/02","華南永昌",7,156,-149
"12665","2727王品","110/08/02","凱基-天母",30,0,30
"12666","2727王品","110/08/02","凱基-台北",37,57,-20
"12667","2727王品","110/08/02","花旗環球",17,0,17
"12668","2727王品","110/08/02","國票-北高雄",1,19,-18
"12669","2727王品","110/08/02","永豐金-竹科",20,5,15
"12670","2727王品","110/08/02","港商野村",39,54,-15
"12671","2727王品","110/08/02","彰銀-台中",16,2,14
"12672","2727王品","110/08/02","元大-四維",1,15,-14
"12673","2727王品","110/08/02","國票-內壢",14,0,14
"12674","2727王品","110/08/02","美林",12,25,-13
"12675","2727王品","110/08/02","新光-台中",17,3,14
"12676","2727王品","110/08/02","瑞士信貸",0,12,-12
"12677","2727王品","110/08/02","永豐金-南京",16,3,13
"12678","2727王品","110/08/02","元大-北成功",0,10,-10
"12679","2727王品","110/08/02","元大-樹林",13,1,12
"12680","2727王品","110/08/02","元大-崇德",0,8,-8
"12681","2727王品","110/08/02","國泰-板橋",17,7,10
"12682","2727王品","110/08/02","永豐金-內湖",3,10,-7
"12683","2727王品","110/08/02","凱基-埔墘",10,0,10
"12684","2727王品","110/08/02","大昌",5,11,-6
"12685","2727王品","110/08/02","元大-豐原",10,0,10
"12686","2727王品","110/08/02","華南永昌-斗六",2,8,-6
"12687","2727王品","110/08/02","元大-桃園",10,0,10
"12688","2727王品","110/08/02","國泰-台中",4,9,-5
"12689","2727王品","110/08/02","凱基-科園",9,0,9
"12690","2727王品","110/08/02","群益金鼎-土城",0,5,-5
"12691","1570力肯","110/08/02","群益金鼎-高雄",11,0,11
"12692","1570力肯","110/08/02","大慶",0,5,-5
"12693","1570力肯","110/08/02","臺銀-臺南",4,0,4
"12694","1570力肯","110/08/02","元大-板橋",0,4,-4
"12695","1570力肯","110/08/02","新光-台中",4,0,4
"12696","1570力肯","110/08/02","玉山證券",0,4,-4
"12697","1570力肯","110/08/02","(牛牛牛)亞-鑫豐",3,0,3
"12698","1570力肯","110/08/02","國泰-台南",0,3,-3
"12699","1570力肯","110/08/02","土銀-白河",2,0,2
"12700","1570力肯","110/08/02","元富-新店",0,3,-3
"12701","1570力肯","110/08/02","統一-松江",2,0,2
"12702","1570力肯","110/08/02","元富-永和",0,2,-2
"12703","1570力肯","110/08/02","中國信託-永康",1,0,1
"12704","1570力肯","110/08/02","凱基-台北",0,2,-2
"12705","1570力肯","110/08/02","凱基-信義",1,0,1
"12706","1570力肯","110/08/02","統一-城中",0,2,-2
"12707","1570力肯","110/08/02","凱基-幸福",1,0,1
"12708","1570力肯","110/08/02","新光",0,1,-1
"12709","1570力肯","110/08/02","元大-歸仁",1,0,1
"12710","1570力肯","110/08/02","凱基-岡山",0,1,-1
"12711","1570力肯","110/08/02","合庫-台中",0,0,0
"12712","1570力肯","110/08/02","富邦-台南",0,1,-1
"12713","1570力肯","110/08/02","康和-板橋",0,0,0
"12714","1570力肯","110/08/02","元大-新盛",0,1,-1
"12715","1570力肯","110/08/02","群益金鼎-鳳山",0,0,0
"12716","1570力肯","110/08/02","永豐金-嘉義",0,1,-1
"12717","1570力肯","110/08/02","元大-樹林",0,0,0
"12718","1570力肯","110/08/02","康和-板橋",0,0,0
"12719","1570力肯","110/08/02","",NA,NA,NA
"12720","1570力肯","110/08/02","合庫-台中",0,0,0
"12721","6180橘子","110/08/02","美商高盛",21,8,13
"12722","6180橘子","110/08/02","國票-嘉義",0,29,-29
"12723","6180橘子","110/08/02","統一-彰化",10,0,10
"12724","6180橘子","110/08/02","新加坡商瑞銀",0,21,-21
"12725","6180橘子","110/08/02","中國信託-高雄",10,0,10
"12726","6180橘子","110/08/02","凱基-台北",20,40,-20
"12727","6180橘子","110/08/02","兆豐-斗南",10,0,10
"12728","6180橘子","110/08/02","摩根大通",3,15,-12
"12729","6180橘子","110/08/02","兆豐-埔墘",10,0,10
"12730","6180橘子","110/08/02","第一金-桃園",0,10,-10
"12731","6180橘子","110/08/02","玉山證券",10,0,10
"12732","6180橘子","110/08/02","凱基-東港",0,10,-10
"12733","6180橘子","110/08/02","富邦-羅東",8,1,7
"12734","6180橘子","110/08/02","元大-桃園",0,10,-10
"12735","6180橘子","110/08/02","元大證券",7,0,7
"12736","6180橘子","110/08/02","元大-館前",0,9,-9
"12737","6180橘子","110/08/02","元大-復北",7,0,7
"12738","6180橘子","110/08/02","台灣摩根士丹利",3,10,-7
"12739","6180橘子","110/08/02","華南永昌-長虹",6,0,6
"12740","6180橘子","110/08/02","光和-花壇",0,5,-5
"12741","6180橘子","110/08/02","元富-文心",5,0,5
"12742","6180橘子","110/08/02","玉山-嘉義",0,5,-5
"12743","6180橘子","110/08/02","台新-新莊",5,0,5
"12744","6180橘子","110/08/02","凱基-松山",0,5,-5
"12745","6180橘子","110/08/02","康和-嘉義",5,0,5
"12746","6180橘子","110/08/02","永豐金-員林",0,4,-4
"12747","6180橘子","110/08/02","凱基-興隆",5,0,5
"12748","6180橘子","110/08/02","元富-大裕",0,3,-3
"12749","6180橘子","110/08/02","華南永昌-楠梓",5,0,5
"12750","6180橘子","110/08/02","富邦-板橋",0,3,-3
"12751","2390云辰","110/08/02","摩根大通",1945,913,1032
"12752","2390云辰","110/08/02","華南永昌-鳳山",154,448,-294
"12753","2390云辰","110/08/02","富邦-陽明",118,11,107
"12754","2390云辰","110/08/02","群益金鼎-三重",1,168,-167
"12755","2390云辰","110/08/02","兆豐-三民",153,62,91
"12756","2390云辰","110/08/02","統一-內湖",5,102,-97
"12757","2390云辰","110/08/02","光和-嘉義",83,4,79
"12758","2390云辰","110/08/02","台新證券",235,320,-85
"12759","2390云辰","110/08/02","華南永昌-新莊",78,4,74
"12760","2390云辰","110/08/02","統一-新台中",8,87,-79
"12761","2390云辰","110/08/02","統一-城中",182,111,71
"12762","2390云辰","110/08/02","美商高盛",10,88,-78
"12763","2390云辰","110/08/02","台灣摩根士丹利",153,85,68
"12764","2390云辰","110/08/02","元大-汐止",57,130,-73
"12765","2390云辰","110/08/02","凱基-和平",115,47,68
"12766","2390云辰","110/08/02","港商野村",580,638,-58
"12767","2390云辰","110/08/02","華南永昌-公誠",75,13,62
"12768","2390云辰","110/08/02","元富-板橋",5,61,-56
"12769","2390云辰","110/08/02","永豐金-竹科",71,9,62
"12770","2390云辰","110/08/02","新加坡商瑞銀",11,66,-55
"12771","2390云辰","110/08/02","新光",160,100,60
"12772","2390云辰","110/08/02","元大-豐原",6,56,-50
"12773","2390云辰","110/08/02","凱基-岡山",61,1,60
"12774","2390云辰","110/08/02","元大-土城",5,55,-50
"12775","2390云辰","110/08/02","美林",254,195,59
"12776","2390云辰","110/08/02","凱基-站前",1,49,-48
"12777","2390云辰","110/08/02","凱基-大里",76,22,54
"12778","2390云辰","110/08/02","元大-中壢",6,54,-48
"12779","2390云辰","110/08/02","元大-鳳中",60,8,52
"12780","2390云辰","110/08/02","日盛證券",48,95,-47
"12781","1471首利","110/07/29","宏遠-光隆",35,0,35
"12782","1471首利","110/07/29","摩根大通",24,132,-108
"12783","1471首利","110/07/29","玉山-桃園",33,3,30
"12784","1471首利","110/07/29","台灣企銀-太平",0,60,-60
"12785","1471首利","110/07/29","富邦-台南",30,0,30
"12786","1471首利","110/07/29","元大-斗六",0,40,-40
"12787","1471首利","110/07/29","臺灣企銀-桃園",25,0,25
"12788","1471首利","110/07/29","元大-歸仁",0,23,-23
"12789","1471首利","110/07/29","元富-草屯",15,0,15
"12790","1471首利","110/07/29","日盛-永康",0,20,-20
"12791","1471首利","110/07/29","新光-桃園",15,0,15
"12792","1471首利","110/07/29","台中銀-員林",0,20,-20
"12793","1471首利","110/07/29","元大-博愛",15,2,13
"12794","1471首利","110/07/29","凱基-東門",0,14,-14
"12795","1471首利","110/07/29","臺銀-鳳山",12,0,12
"12796","1471首利","110/07/29","元大-草屯",1,15,-14
"12797","1471首利","110/07/29","元富-新莊",11,0,11
"12798","1471首利","110/07/29","元大-新竹經國",0,13,-13
"12799","1471首利","110/07/29","兆豐-來福",11,0,11
"12800","1471首利","110/07/29","日盛-土城",0,10,-10
"12801","1471首利","110/07/29","統一-新營",10,0,10
"12802","1471首利","110/07/29","美林",0,10,-10
"12803","1471首利","110/07/29","光和-溪湖",10,0,10
"12804","1471首利","110/07/29","永興-水湳",0,10,-10
"12805","1471首利","110/07/29","台新-左楠",10,0,10
"12806","1471首利","110/07/29","玉山證券",0,10,-10
"12807","1471首利","110/07/29","群益金鼎-台中",10,0,10
"12808","1471首利","110/07/29","群益金鼎-海山",2,12,-10
"12809","1471首利","110/07/29","凱基-內埔",10,0,10
"12810","1471首利","110/07/29","凱基-羅東",0,10,-10
"12811","2883開發金","110/07/29","國泰證券",2782,3,2779
"12812","2883開發金","110/07/29","永豐金證券",223,3618,-3395
"12813","2883開發金","110/07/29","凱基-台北",2299,284,2015
"12814","2883開發金","110/07/29","摩根大通",411,2625,-2214
"12815","2883開發金","110/07/29","第一金",1539,7,1532
"12816","2883開發金","110/07/29","台灣企銀",5,1717,-1712
"12817","2883開發金","110/07/29","港商野村",1983,585,1398
"12818","2883開發金","110/07/29","新加坡商瑞銀",843,2324,-1481
"12819","2883開發金","110/07/29","元富",1805,427,1378
"12820","2883開發金","110/07/29","港商麥格理",0,1129,-1129
"12821","2883開發金","110/07/29","台灣摩根士丹利",1634,398,1236
"12822","2883開發金","110/07/29","元大-學甲",1,953,-952
"12823","2883開發金","110/07/29","花旗環球",932,0,932
"12824","2883開發金","110/07/29","國票-博愛",100,1025,-925
"12825","2883開發金","110/07/29","凱基-敦北",590,5,585
"12826","2883開發金","110/07/29","國泰-館前",220,944,-724
"12827","2883開發金","110/07/29","國票-長城",506,4,502
"12828","2883開發金","110/07/29","兆豐-高雄",33,650,-617
"12829","2883開發金","110/07/29","港商法國興業",506,18,488
"12830","2883開發金","110/07/29","元富-緯城",1,513,-512
"12831","2883開發金","110/07/29","台新證券",753,287,466
"12832","2883開發金","110/07/29","美林",232,698,-466
"12833","2883開發金","110/07/29","元大-鳳中",495,71,424
"12834","2883開發金","110/07/29","元富-城中",50,513,-463
"12835","2883開發金","110/07/29","日茂",374,3,371
"12836","2883開發金","110/07/29","致和-崇德",0,404,-404
"12837","2883開發金","110/07/29","大和國泰",368,0,368
"12838","2883開發金","110/07/29","永豐金-板橋",123,506,-383
"12839","2883開發金","110/07/29","新光",603,243,360
"12840","2883開發金","110/07/29","中國信託-忠孝",100,423,-323
"12841","6205詮欣","110/07/29","臺銀-鳳山",31,0,31
"12842","6205詮欣","110/07/29","永豐金-敦南",0,53,-53
"12843","6205詮欣","110/07/29","摩根大通",16,2,14
"12844","6205詮欣","110/07/29","元大-土城學府",2,16,-14
"12845","6205詮欣","110/07/29","臺銀",10,0,10
"12846","6205詮欣","110/07/29","元富-潮州",0,11,-11
"12847","6205詮欣","110/07/29","日盛證券",10,0,10
"12848","6205詮欣","110/07/29","元大-清水",0,10,-10
"12849","6205詮欣","110/07/29","兆豐-新莊",10,0,10
"12850","6205詮欣","110/07/29","日盛-三重",0,7,-7
"12851","6205詮欣","110/07/29","元大-南屯",10,0,10
"12852","6205詮欣","110/07/29","日盛-屏東",0,6,-6
"12853","6205詮欣","110/07/29","富邦-建國",4,0,4
"12854","6205詮欣","110/07/29","華南永昌-公誠",0,5,-5
"12855","6205詮欣","110/07/29","富邦-南屯",4,0,4
"12856","6205詮欣","110/07/29","元大-南京",0,5,-5
"12857","6205詮欣","110/07/29","臺銀-臺中",3,0,3
"12858","6205詮欣","110/07/29","瑞士信貸",0,4,-4
"12859","6205詮欣","110/07/29","日盛-和美",3,0,3
"12860","6205詮欣","110/07/29","凱基-大安",0,4,-4
"12861","6205詮欣","110/07/29","德信-新營",3,0,3
"12862","6205詮欣","110/07/29","元大-大里德芳",0,4,-4
"12863","6205詮欣","110/07/29","兆豐-景美",3,0,3
"12864","6205詮欣","110/07/29","合庫-基隆",0,2,-2
"12865","6205詮欣","110/07/29","國票",3,0,3
"12866","6205詮欣","110/07/29","中國信託-永康",0,2,-2
"12867","6205詮欣","110/07/29","國票-南崁",3,0,3
"12868","6205詮欣","110/07/29","兆豐-小港",0,2,-2
"12869","6205詮欣","110/07/29","元大-蘆洲",3,0,3
"12870","6205詮欣","110/07/29","康和-台中",0,2,-2
"12871","1540喬福","110/07/29","高橋-龍潭",10,0,10
"12872","1540喬福","110/07/29","統一-新台中",0,19,-19
"12873","1540喬福","110/07/29","富邦-南屯",10,0,10
"12874","1540喬福","110/07/29","元富-大昌",0,10,-10
"12875","1540喬福","110/07/29","元大-斗六",5,0,5
"12876","1540喬福","110/07/29","大昌-新店",0,6,-6
"12877","1540喬福","110/07/29","兆豐-北高雄",3,0,3
"12878","1540喬福","110/07/29","凱基-台北",0,3,-3
"12879","1540喬福","110/07/29","元大-大安",3,0,3
"12880","1540喬福","110/07/29","台新-台中",0,2,-2
"12881","1540喬福","110/07/29","永豐金-台中",3,0,3
"12882","1540喬福","110/07/29","群益金鼎-嘉義",0,2,-2
"12883","1540喬福","110/07/29","臺銀-金山",2,0,2
"12884","1540喬福","110/07/29","凱基-天母",0,2,-2
"12885","1540喬福","110/07/29","日盛-士林",2,0,2
"12886","1540喬福","110/07/29","花旗環球",0,1,-1
"12887","1540喬福","110/07/29","元大-土城學府",2,0,2
"12888","1540喬福","110/07/29","第一金-大稻埕",0,1,-1
"12889","1540喬福","110/07/29","元大-南京",2,0,2
"12890","1540喬福","110/07/29","統一-嘉義",0,1,-1
"12891","1540喬福","110/07/29","臺銀-臺南",1,0,1
"12892","1540喬福","110/07/29","元富-中港",0,1,-1
"12893","1540喬福","110/07/29","第一金-台南",1,0,1
"12894","1540喬福","110/07/29","(牛牛牛)亞-網路",0,1,-1
"12895","1540喬福","110/07/29","台中銀-豐原",1,0,1
"12896","1540喬福","110/07/29","玉山-高雄",0,1,-1
"12897","1540喬福","110/07/29","中國信託-高雄",1,0,1
"12898","1540喬福","110/07/29","群益金鼎-台南",0,1,-1
"12899","1540喬福","110/07/29","兆豐-台中港",1,0,1
"12900","1540喬福","110/07/29","凱基-鳳山",0,1,-1
"12901","2888新光金","110/07/29","美商高盛",6409,110,6299
"12902","2888新光金","110/07/29","元大-忠孝鼎富",0,6714,-6714
"12903","2888新光金","110/07/29","台灣摩根士丹利",4583,443,4140
"12904","2888新光金","110/07/29","凱基-台北",5855,11898,-6043
"12905","2888新光金","110/07/29","元富-草屯",2193,2,2191
"12906","2888新光金","110/07/29","瑞士信貸",161,6090,-5929
"12907","2888新光金","110/07/29","華南永昌-南京",2059,21,2038
"12908","2888新光金","110/07/29","永豐金-萬盛",124,3599,-3475
"12909","2888新光金","110/07/29","凱基-市政",1558,0,1558
"12910","2888新光金","110/07/29","群益金鼎-大安",2,3306,-3304
"12911","2888新光金","110/07/29","法銀巴黎",1234,0,1234
"12912","2888新光金","110/07/29","凱基-復興",15,3015,-3000
"12913","2888新光金","110/07/29","永豐金-台中",1166,49,1117
"12914","2888新光金","110/07/29","新加坡商瑞銀",1429,4265,-2836
"12915","2888新光金","110/07/29","群益金鼎-崇德",1083,10,1073
"12916","2888新光金","110/07/29","凱基-大安",10,2564,-2554
"12917","2888新光金","110/07/29","兆豐-竹北",1002,29,973
"12918","2888新光金","110/07/29","中國信託",46,2012,-1966
"12919","2888新光金","110/07/29","美林",1767,804,963
"12920","2888新光金","110/07/29","群益金鼎-台北",10,1875,-1865
"12921","2888新光金","110/07/29","元大-三重",882,0,882
"12922","2888新光金","110/07/29","元富-城東",142,1856,-1714
"12923","2888新光金","110/07/29","元大-豐原站前",983,114,869
"12924","2888新光金","110/07/29","華南永昌-忠孝",10,1600,-1590
"12925","2888新光金","110/07/29","元大-北港",868,5,863
"12926","2888新光金","110/07/29","永豐金-信義",10,1497,-1487
"12927","2888新光金","110/07/29","合庫-台中",891,54,837
"12928","2888新光金","110/07/29","富邦-建國",350,1736,-1386
"12929","2888新光金","110/07/29","統一-汐止",725,14,711
"12930","2888新光金","110/07/29","富邦-新營",60,1402,-1342
"12931","1340勝悅","110/07/29","新光-新竹",18,0,18
"12932","1340勝悅","110/07/29","瑞士信貸",0,8,-8
"12933","1340勝悅","110/07/29","華南永昌-彰化",5,0,5
"12934","1340勝悅","110/07/29","台新證券",0,7,-7
"12935","1340勝悅","110/07/29","元大-六合",5,0,5
"12936","1340勝悅","110/07/29","元富-緯城",0,5,-5
"12937","1340勝悅","110/07/29","第一金-自由",4,0,4
"12938","1340勝悅","110/07/29","兆豐-南京",0,5,-5
"12939","1340勝悅","110/07/29","新光",4,0,4
"12940","1340勝悅","110/07/29","富邦-南屯",0,5,-5
"12941","1340勝悅","110/07/29","美商高盛",3,0,3
"12942","1340勝悅","110/07/29","元富-安南",0,4,-4
"12943","1340勝悅","110/07/29","元富-彰化",3,0,3
"12944","1340勝悅","110/07/29","兆豐-三民",0,4,-4
"12945","1340勝悅","110/07/29","大昌",2,0,2
"12946","1340勝悅","110/07/29","兆豐-松德",0,4,-4
"12947","1340勝悅","110/07/29","兆豐-大安",2,0,2
"12948","1340勝悅","110/07/29","國票-台中",0,4,-4
"12949","1340勝悅","110/07/29","摩根大通",2,0,2
"12950","1340勝悅","110/07/29","第一金-路竹",0,3,-3
"12951","1340勝悅","110/07/29","新光-台中",2,0,2
"12952","1340勝悅","110/07/29","統一-城中",2,4,-2
"12953","1340勝悅","110/07/29","凱基-八德",2,0,2
"12954","1340勝悅","110/07/29","元富-同大",0,2,-2
"12955","1340勝悅","110/07/29","合庫-高雄",1,0,1
"12956","1340勝悅","110/07/29","台新-高雄",0,2,-2
"12957","1340勝悅","110/07/29","日進",1,0,1
"12958","1340勝悅","110/07/29","凱基-北門",0,2,-2
"12959","1340勝悅","110/07/29","新光-台南",1,0,1
"12960","1340勝悅","110/07/29","元大-汐止",0,2,-2
"12961","6246臺龍","110/07/29","港商野村",38,1,37
"12962","6246臺龍","110/07/29","玉山-台南",0,27,-27
"12963","6246臺龍","110/07/29","凱基-幸福",25,0,25
"12964","6246臺龍","110/07/29","國泰-忠孝",0,25,-25
"12965","6246臺龍","110/07/29","亞東-板橋",16,0,16
"12966","6246臺龍","110/07/29","光和",0,21,-21
"12967","6246臺龍","110/07/29","元大-台中",10,0,10
"12968","6246臺龍","110/07/29","第一金-安和",0,20,-20
"12969","6246臺龍","110/07/29","兆豐-松德",9,0,9
"12970","6246臺龍","110/07/29","兆豐-竹北",5,25,-20
"12971","6246臺龍","110/07/29","兆豐-公益",8,0,8
"12972","6246臺龍","110/07/29","元大-大里",0,20,-20
"12973","6246臺龍","110/07/29","華南永昌",7,0,7
"12974","6246臺龍","110/07/29","台新-台南",0,15,-15
"12975","6246臺龍","110/07/29","日盛-斗六",6,0,6
"12976","6246臺龍","110/07/29","永豐金-羅東",2,15,-13
"12977","6246臺龍","110/07/29","元富-中港",6,0,6
"12978","6246臺龍","110/07/29","元大-博愛",1,10,-9
"12979","6246臺龍","110/07/29","台新證券",8,2,6
"12980","6246臺龍","110/07/29","宏遠-台中",0,5,-5
"12981","6246臺龍","110/07/29","臺銀-臺中",5,0,5
"12982","6246臺龍","110/07/29","台新-左楠",0,5,-5
"12983","6246臺龍","110/07/29","元富-宜蘭",5,0,5
"12984","6246臺龍","110/07/29","中農",0,5,-5
"12985","6246臺龍","110/07/29","德信-新營",5,0,5
"12986","6246臺龍","110/07/29","群益金鼎-竹南",0,5,-5
"12987","6246臺龍","110/07/29","新光-新竹",5,0,5
"12988","6246臺龍","110/07/29","凱基-科園",0,5,-5
"12989","6246臺龍","110/07/29","國泰-敦南",10,5,5
"12990","6246臺龍","110/07/29","日盛-宜蘭",1,5,-4
"12991","00715L期街口布蘭特正2","110/07/29","永豐金證券",2129,2,2127
"12992","00715L期街口布蘭特正2","110/07/29","國票-博愛",55,702,-647
"12993","00715L期街口布蘭特正2","110/07/29","元大證券",1918,115,1803
"12994","00715L期街口布蘭特正2","110/07/29","富邦-彰化",0,605,-605
"12995","00715L期街口布蘭特正2","110/07/29","統一",1050,313,737
"12996","00715L期街口布蘭特正2","110/07/29","元大-前金",0,440,-440
"12997","00715L期街口布蘭特正2","110/07/29","港商野村",821,263,558
"12998","00715L期街口布蘭特正2","110/07/29","群益金鼎-崇德",0,340,-340
"12999","00715L期街口布蘭特正2","110/07/29","永豐金-內湖",500,0,500
"13000","00715L期街口布蘭特正2","110/07/29","元富-板橋",7,330,-323
"13001","00715L期街口布蘭特正2","110/07/29","元富-大裕",505,23,482
"13002","00715L期街口布蘭特正2","110/07/29","元大-三重",3,200,-197
"13003","00715L期街口布蘭特正2","110/07/29","國票-台中",276,0,276
"13004","00715L期街口布蘭特正2","110/07/29","凱基-東勢",5,194,-189
"13005","00715L期街口布蘭特正2","110/07/29","統一-高雄",300,118,182
"13006","00715L期街口布蘭特正2","110/07/29","富邦-台北",0,181,-181
"13007","00715L期街口布蘭特正2","110/07/29","群益金鼎-瑞豐",180,0,180
"13008","00715L期街口布蘭特正2","110/07/29","大慶-中和",0,174,-174
"13009","00715L期街口布蘭特正2","110/07/29","元大-南崁",128,0,128
"13010","00715L期街口布蘭特正2","110/07/29","永豐金-萬盛",0,153,-153
"13011","00715L期街口布蘭特正2","110/07/29","大慶-蘆洲",106,0,106
"13012","00715L期街口布蘭特正2","110/07/29","元大-開元",0,151,-151
"13013","00715L期街口布蘭特正2","110/07/29","統一-中壢",100,0,100
"13014","00715L期街口布蘭特正2","110/07/29","日盛-新竹",0,126,-126
"13015","00715L期街口布蘭特正2","110/07/29","第一金-自由",100,2,98
"13016","00715L期街口布蘭特正2","110/07/29","凱基-豐中",0,123,-123
"13017","00715L期街口布蘭特正2","110/07/29","華南永昌-內壢",100,2,98
"13018","00715L期街口布蘭特正2","110/07/29","元大-東泰",0,122,-122
"13019","00715L期街口布蘭特正2","110/07/29","永豐金-板橋",98,0,98
"13020","00715L期街口布蘭特正2","110/07/29","台新-高雄",0,121,-121
"13021","8941關中","110/07/29","富邦-仁愛",1,0,1
"13022","8941關中","110/07/29","富邦-員林",0,1,-1
"13023","8941關中","110/07/29","康和-板橋",0,0,0
"13024","8941關中","110/07/29","康和-板橋",0,0,0
"13025","8941關中","110/07/29","玉山證券",0,0,0
"13026","8941關中","110/07/29","玉山證券",0,0,0
"13027","8941關中","110/07/29","玉山-數位",0,0,0
"13028","8941關中","110/07/29","玉山-數位",0,0,0
"13029","8941關中","110/07/29","凱基-市府",0,0,0
"13030","8941關中","110/07/29","凱基-市府",0,0,0
"13031","8941關中","110/07/29","元大-鶯歌",0,0,0
"13032","8941關中","110/07/29","元大-鶯歌",0,0,0
"13033","8941關中","110/07/29","元大-花蓮",0,0,0
"13034","8941關中","110/07/29","元大-花蓮",0,0,0
"13035","8941關中","110/07/29","",NA,NA,NA
"13036","8941關中","110/07/29","",NA,NA,NA
"13037","8941關中","110/07/29","",NA,NA,NA
"13038","8941關中","110/07/29","",NA,NA,NA
"13039","8941關中","110/07/29","",NA,NA,NA
"13040","8941關中","110/07/29","",NA,NA,NA
"13041","8941關中","110/07/29","",NA,NA,NA
"13042","8941關中","110/07/29","",NA,NA,NA
"13043","8941關中","110/07/29","",NA,NA,NA
"13044","8941關中","110/07/29","",NA,NA,NA
"13045","8941關中","110/07/29","",NA,NA,NA
"13046","8941關中","110/07/29","",NA,NA,NA
"13047","8941關中","110/07/29","",NA,NA,NA
"13048","8941關中","110/07/29","",NA,NA,NA
"13049","8941關中","110/07/29","",NA,NA,NA
"13050","8941關中","110/07/29","",NA,NA,NA
"13051","8936國統","110/07/29","新加坡商瑞銀",89,19,70
"13052","8936國統","110/07/29","日盛-忠孝",11,135,-124
"13053","8936國統","110/07/29","瑞士信貸",55,3,52
"13054","8936國統","110/07/29","元富-敦南",0,80,-80
"13055","8936國統","110/07/29","凱基-台北",48,3,45
"13056","8936國統","110/07/29","康和",0,20,-20
"13057","8936國統","110/07/29","摩根大通",97,60,37
"13058","8936國統","110/07/29","元大-竹科",0,20,-20
"13059","8936國統","110/07/29","美林",27,2,25
"13060","8936國統","110/07/29","永豐金-桃園",0,19,-19
"13061","8936國統","110/07/29","凱基-三多",25,0,25
"13062","8936國統","110/07/29","群益金鼎-高盛",0,14,-14
"13063","8936國統","110/07/29","凱基-北門",27,2,25
"13064","8936國統","110/07/29","元富-安南",2,15,-13
"13065","8936國統","110/07/29","兆豐-桃鶯",30,10,20
"13066","8936國統","110/07/29","富邦-內湖",2,15,-13
"13067","8936國統","110/07/29","永豐金-台中",20,0,20
"13068","8936國統","110/07/29","元大-復北",0,11,-11
"13069","8936國統","110/07/29","台灣摩根士丹利",30,12,18
"13070","8936國統","110/07/29","合庫-鳳山",0,10,-10
"13071","8936國統","110/07/29","兆豐-大同",15,0,15
"13072","8936國統","110/07/29","元富-潮州",0,10,-10
"13073","8936國統","110/07/29","新光-台中",39,24,15
"13074","8936國統","110/07/29","群益金鼎-台北",0,10,-10
"13075","8936國統","110/07/29","兆豐-新營",10,0,10
"13076","8936國統","110/07/29","凱基-高雄",20,30,-10
"13077","8936國統","110/07/29","台新-高雄",10,0,10
"13078","8936國統","110/07/29","富邦-桃園",0,10,-10
"13079","8936國統","110/07/29","玉山-士林",10,0,10
"13080","8936國統","110/07/29","新光",1,10,-9
"13081","6226光鼎","110/07/29","台新-台中",396,46,350
"13082","6226光鼎","110/07/29","群益金鼎-東大",11,309,-298
"13083","6226光鼎","110/07/29","元富-永和",242,0,242
"13084","6226光鼎","110/07/29","日盛證券",2,176,-174
"13085","6226光鼎","110/07/29","永豐金-古亭",200,0,200
"13086","6226光鼎","110/07/29","國泰-敦南",90,197,-107
"13087","6226光鼎","110/07/29","華南永昌",216,46,170
"13088","6226光鼎","110/07/29","元大-雙和",16,111,-95
"13089","6226光鼎","110/07/29","國票-北高雄",188,36,152
"13090","6226光鼎","110/07/29","元大-大統",2,94,-92
"13091","6226光鼎","110/07/29","國票-台南",120,4,116
"13092","6226光鼎","110/07/29","元大-板橋",5,78,-73
"13093","6226光鼎","110/07/29","永豐金證券",101,3,98
"13094","6226光鼎","110/07/29","群益金鼎-萬華",46,111,-65
"13095","6226光鼎","110/07/29","富邦-建國",125,28,97
"13096","6226光鼎","110/07/29","華南永昌-竹北",1,60,-59
"13097","6226光鼎","110/07/29","群益金鼎-土城",94,9,85
"13098","6226光鼎","110/07/29","玉山證券",28,86,-58
"13099","6226光鼎","110/07/29","元富-四維",82,4,78
"13100","6226光鼎","110/07/29","元大-土城學府",13,68,-55
"13101","6226光鼎","110/07/29","元大-鳳中",69,15,54
"13102","6226光鼎","110/07/29","元大-豐原",5,59,-54
"13103","6226光鼎","110/07/29","台新-新莊",54,1,53
"13104","6226光鼎","110/07/29","統一",56,107,-51
"13105","6226光鼎","110/07/29","中國信託-新竹",63,13,50
"13106","6226光鼎","110/07/29","統一-內湖",0,48,-48
"13107","6226光鼎","110/07/29","群益金鼎-士林",50,0,50
"13108","6226光鼎","110/07/29","元大-東港",2,50,-48
"13109","6226光鼎","110/07/29","台新-高雄",125,80,45
"13110","6226光鼎","110/07/29","元大-太平",1,46,-45
"13111","2363矽統","110/07/29","凱基-台北",2235,1238,997
"13112","2363矽統","110/07/29","康和-台中",10,437,-427
"13113","2363矽統","110/07/29","摩根大通",1784,793,991
"13114","2363矽統","110/07/29","第一金-新興",11,310,-299
"13115","2363矽統","110/07/29","港商野村",1833,1300,533
"13116","2363矽統","110/07/29","瑞士信貸",9,190,-181
"13117","2363矽統","110/07/29","美林",652,288,364
"13118","2363矽統","110/07/29","台新證券",659,808,-149
"13119","2363矽統","110/07/29","元大-台中",376,38,338
"13120","2363矽統","110/07/29","元大-萬華",42,189,-147
"13121","2363矽統","110/07/29","新加坡商瑞銀",748,474,274
"13122","2363矽統","110/07/29","台新-左楠",26,171,-145
"13123","2363矽統","110/07/29","國泰-敦南",566,333,233
"13124","2363矽統","110/07/29","華南永昌-鳳山",116,241,-125
"13125","2363矽統","110/07/29","元大-旗山",299,66,233
"13126","2363矽統","110/07/29","永全-南崁",0,117,-117
"13127","2363矽統","110/07/29","美商高盛",600,433,167
"13128","2363矽統","110/07/29","群益金鼎-桃園",25,131,-106
"13129","2363矽統","110/07/29","元大-永和",146,12,134
"13130","2363矽統","110/07/29","宏遠-新化",3,103,-100
"13131","2363矽統","110/07/29","元大證券",137,9,128
"13132","2363矽統","110/07/29","新光",331,429,-98
"13133","2363矽統","110/07/29","永豐金-彰化",135,10,125
"13134","2363矽統","110/07/29","中國信託-忠孝",101,188,-87
"13135","2363矽統","110/07/29","北城證券",139,19,120
"13136","2363矽統","110/07/29","群益金鼎-建成",11,95,-84
"13137","2363矽統","110/07/29","富邦-高雄",153,34,119
"13138","2363矽統","110/07/29","群益金鼎-三民",23,105,-82
"13139","2363矽統","110/07/29","元大-蘆洲",120,19,101
"13140","2363矽統","110/07/29","元大-豐原",104,186,-82
"13141","8112至上","110/07/29","合庫證券",194,1,193
"13142","8112至上","110/07/29","摩根大通",4,424,-420
"13143","8112至上","110/07/29","美商高盛",154,5,149
"13144","8112至上","110/07/29","日盛-高雄",2,400,-398
"13145","8112至上","110/07/29","永豐金證券",144,0,144
"13146","8112至上","110/07/29","港商法國興業",0,374,-374
"13147","8112至上","110/07/29","新光-台中",123,12,111
"13148","8112至上","110/07/29","凱基-台北",50,312,-262
"13149","8112至上","110/07/29","新加坡商瑞銀",189,83,106
"13150","8112至上","110/07/29","美林",69,232,-163
"13151","8112至上","110/07/29","華南永昌-新莊",73,0,73
"13152","8112至上","110/07/29","兆豐-公益",0,120,-120
"13153","8112至上","110/07/29","新光",108,49,59
"13154","8112至上","110/07/29","瑞士信貸",1,109,-108
"13155","8112至上","110/07/29","元富-文心",45,3,42
"13156","8112至上","110/07/29","華南永昌-小港",4,30,-26
"13157","8112至上","110/07/29","華南永昌-林口",41,0,41
"13158","8112至上","110/07/29","富邦-中壢",1,24,-23
"13159","8112至上","110/07/29","港商野村",146,112,34
"13160","8112至上","110/07/29","元大-歸仁",2,24,-22
"13161","8112至上","110/07/29","臺銀-高雄",30,0,30
"13162","8112至上","110/07/29","華南永昌-麻豆",0,21,-21
"13163","8112至上","110/07/29","元富-佳里",30,0,30
"13164","8112至上","110/07/29","台新-松江",0,20,-20
"13165","8112至上","110/07/29","永豐金-內湖",30,1,29
"13166","8112至上","110/07/29","元大-新莊",1,20,-19
"13167","8112至上","110/07/29","台新-新營",31,3,28
"13168","8112至上","110/07/29","華南永昌-岡山",1,19,-18
"13169","8112至上","110/07/29","永豐金-彰化",27,0,27
"13170","8112至上","110/07/29","元大-崇德",3,20,-17
"13171","1570力肯","110/07/29","群益金鼎-高雄",20,0,20
"13172","1570力肯","110/07/29","聯邦-興中",0,17,-17
"13173","1570力肯","110/07/29","群益金鼎-板橋",16,0,16
"13174","1570力肯","110/07/29","富邦-建國",0,10,-10
"13175","1570力肯","110/07/29","統一-敦南",5,0,5
"13176","1570力肯","110/07/29","凱基-站前",0,5,-5
"13177","1570力肯","110/07/29","元富-松德",4,0,4
"13178","1570力肯","110/07/29","國泰-板橋",0,4,-4
"13179","1570力肯","110/07/29","元大-和平",4,0,4
"13180","1570力肯","110/07/29","統一-土城",0,3,-3
"13181","1570力肯","110/07/29","凱基-幸福",3,0,3
"13182","1570力肯","110/07/29","凱基-大里",0,3,-3
"13183","1570力肯","110/07/29","華南永昌-鳳山",3,0,3
"13184","1570力肯","110/07/29","凱基-台北",0,3,-3
"13185","1570力肯","110/07/29","元大-北港",4,2,2
"13186","1570力肯","110/07/29","元大-屏東民生",0,3,-3
"13187","1570力肯","110/07/29","美林",1,0,1
"13188","1570力肯","110/07/29","元富-緯城",0,2,-2
"13189","1570力肯","110/07/29","國泰-台南",1,0,1
"13190","1570力肯","110/07/29","台新-高雄",0,2,-2
"13191","1570力肯","110/07/29","元大-歸仁",1,0,1
"13192","1570力肯","110/07/29","華南永昌-楠梓",0,2,-2
"13193","1570力肯","110/07/29","元大-松山",1,0,1
"13194","1570力肯","110/07/29","元大-北成功",0,2,-2
"13195","1570力肯","110/07/29","元大-文心興安",1,0,1
"13196","1570力肯","110/07/29","元大-板橋",0,2,-2
"13197","1570力肯","110/07/29","元大-東蘆",1,0,1
"13198","1570力肯","110/07/29","統一-台南",0,1,-1
"13199","1570力肯","110/07/29","群益金鼎-鳳山",0,0,0
"13200","1570力肯","110/07/29","台新證券",0,1,-1
"13201","2929淘帝","110/07/29","新光-新竹",118,13,105
"13202","2929淘帝","110/07/29","元富-敦南",0,91,-91
"13203","2929淘帝","110/07/29","新加坡商瑞銀",56,0,56
"13204","2929淘帝","110/07/29","日盛-板橋中山",0,38,-38
"13205","2929淘帝","110/07/29","凱基-台北",39,4,35
"13206","2929淘帝","110/07/29","群益金鼎-士林",0,20,-20
"13207","2929淘帝","110/07/29","元大-民生",29,0,29
"13208","2929淘帝","110/07/29","華南永昌-敦南",0,20,-20
"13209","2929淘帝","110/07/29","美林",37,9,28
"13210","2929淘帝","110/07/29","高橋-龍潭",3,20,-17
"13211","2929淘帝","110/07/29","元大-承德",15,0,15
"13212","2929淘帝","110/07/29","凱基-中山",4,19,-15
"13213","2929淘帝","110/07/29","第一金-台南",10,0,10
"13214","2929淘帝","110/07/29","富邦-台北",0,15,-15
"13215","2929淘帝","110/07/29","富邦-桃園",9,0,9
"13216","2929淘帝","110/07/29","元富-台中",0,14,-14
"13217","2929淘帝","110/07/29","港商野村",17,10,7
"13218","2929淘帝","110/07/29","台新-建北",0,13,-13
"13219","2929淘帝","110/07/29","台中銀-豐原",6,0,6
"13220","2929淘帝","110/07/29","永豐金-敦南",0,12,-12
"13221","2929淘帝","110/07/29","元大-文心興安",6,0,6
"13222","2929淘帝","110/07/29","新光-台南",0,11,-11
"13223","2929淘帝","110/07/29","德信-新營",5,0,5
"13224","2929淘帝","110/07/29","宏遠-光隆",0,10,-10
"13225","2929淘帝","110/07/29","元大-博愛",5,0,5
"13226","2929淘帝","110/07/29","元大-嘉義",0,6,-6
"13227","2929淘帝","110/07/29","元大-員林",5,0,5
"13228","2929淘帝","110/07/29","日茂-南投",0,5,-5
"13229","2929淘帝","110/07/29","富邦-中壢",4,0,4
"13230","2929淘帝","110/07/29","新光",0,5,-5
"13231","5410國眾","110/07/29","兆豐-城中",32,0,32
"13232","5410國眾","110/07/29","第一金-台南",0,51,-51
"13233","5410國眾","110/07/29","新加坡商瑞銀",19,0,19
"13234","5410國眾","110/07/29","元富-大昌",0,13,-13
"13235","5410國眾","110/07/29","華南永昌-新莊",16,0,16
"13236","5410國眾","110/07/29","臺銀-臺南",0,12,-12
"13237","5410國眾","110/07/29","元大-小港",11,0,11
"13238","5410國眾","110/07/29","日盛-木柵",0,10,-10
"13239","5410國眾","110/07/29","臺銀",10,0,10
"13240","5410國眾","110/07/29","元富-安南",0,10,-10
"13241","5410國眾","110/07/29","臺銀-臺中",10,0,10
"13242","5410國眾","110/07/29","新光",4,13,-9
"13243","5410國眾","110/07/29","宏遠-館前",10,0,10
"13244","5410國眾","110/07/29","永豐金-屏東",0,5,-5
"13245","5410國眾","110/07/29","台新-中壢",10,0,10
"13246","5410國眾","110/07/29","永豐金-苓雅",0,5,-5
"13247","5410國眾","110/07/29","摩根大通",10,1,9
"13248","5410國眾","110/07/29","國票-台南",0,4,-4
"13249","5410國眾","110/07/29","元大-北投",9,0,9
"13250","5410國眾","110/07/29","永豐金-埔里",0,4,-4
"13251","5410國眾","110/07/29","台新證券",7,1,6
"13252","5410國眾","110/07/29","光和",0,3,-3
"13253","5410國眾","110/07/29","元富-新竹",5,0,5
"13254","5410國眾","110/07/29","凱基-汐止",0,3,-3
"13255","5410國眾","110/07/29","凱基-竹北",5,0,5
"13256","5410國眾","110/07/29","元大-善化",0,3,-3
"13257","5410國眾","110/07/29","永豐金-敦南",5,1,4
"13258","5410國眾","110/07/29","元大-員林",0,3,-3
"13259","5410國眾","110/07/29","美林",4,1,3
"13260","5410國眾","110/07/29","永豐金-台南",0,3,-3
"13261","2841台開","110/07/29","兆豐-台南",237,0,237
"13262","2841台開","110/07/29","元大-四維",0,184,-184
"13263","2841台開","110/07/29","永豐金-敦南",60,10,50
"13264","2841台開","110/07/29","玉山-新竹",0,145,-145
"13265","2841台開","110/07/29","永豐金-板新",50,0,50
"13266","2841台開","110/07/29","港商野村",0,124,-124
"13267","2841台開","110/07/29","華南永昌-南京",45,2,43
"13268","2841台開","110/07/29","永豐金-台南",0,32,-32
"13269","2841台開","110/07/29","群益金鼎-崇德",23,0,23
"13270","2841台開","110/07/29","華南永昌-公誠",0,23,-23
"13271","2841台開","110/07/29","日盛-園區",20,0,20
"13272","2841台開","110/07/29","元大-善化",0,22,-22
"13273","2841台開","110/07/29","台新-台中",20,0,20
"13274","2841台開","110/07/29","元大-豐原",0,20,-20
"13275","2841台開","110/07/29","華南永昌-新莊",20,0,20
"13276","2841台開","110/07/29","凱基-台北",0,15,-15
"13277","2841台開","110/07/29","富邦-仁愛",20,0,20
"13278","2841台開","110/07/29","富邦-台北",0,15,-15
"13279","2841台開","110/07/29","新光",15,0,15
"13280","2841台開","110/07/29","臺銀",0,10,-10
"13281","2841台開","110/07/29","華南永昌-台中",15,0,15
"13282","2841台開","110/07/29","元富-三重",0,10,-10
"13283","2841台開","110/07/29","凱基-彰化",13,0,13
"13284","2841台開","110/07/29","元大-林森",0,10,-10
"13285","2841台開","110/07/29","兆豐-台中",10,0,10
"13286","2841台開","110/07/29","光和-花壇",0,9,-9
"13287","2841台開","110/07/29","永豐金-松山",10,0,10
"13288","2841台開","110/07/29","國泰-桃園",1,10,-9
"13289","2841台開","110/07/29","國泰-館前",9,0,9
"13290","2841台開","110/07/29","玉山-嘉義",0,8,-8
"13291","6207雷科","110/07/29","永豐金-古亭",100,0,100
"13292","6207雷科","110/07/29","摩根大通",59,151,-92
"13293","6207雷科","110/07/29","國泰-館前",52,6,46
"13294","6207雷科","110/07/29","凱基-高雄",0,82,-82
"13295","6207雷科","110/07/29","新加坡商瑞銀",41,12,29
"13296","6207雷科","110/07/29","元大-松江",0,25,-25
"13297","6207雷科","110/07/29","大慶-蘆洲",29,6,23
"13298","6207雷科","110/07/29","元大-雙和",2,25,-23
"13299","6207雷科","110/07/29","永豐金-羅東",21,0,21
"13300","6207雷科","110/07/29","港商野村",16,36,-20
"13301","6207雷科","110/07/29","統一-南京",16,0,16
"13302","6207雷科","110/07/29","盈溢-楠梓",0,20,-20
"13303","6207雷科","110/07/29","凱基-台北",45,29,16
"13304","6207雷科","110/07/29","統一",2,20,-18
"13305","6207雷科","110/07/29","富邦-敦南",16,0,16
"13306","6207雷科","110/07/29","日盛-新竹",1,16,-15
"13307","6207雷科","110/07/29","統一-高雄",15,0,15
"13308","6207雷科","110/07/29","康和-台中",0,15,-15
"13309","6207雷科","110/07/29","台新-中壢",11,0,11
"13310","6207雷科","110/07/29","凱基-竹科",0,13,-13
"13311","6207雷科","110/07/29","台灣企銀-竹北",10,0,10
"13312","6207雷科","110/07/29","元大-鳳中",0,12,-12
"13313","6207雷科","110/07/29","宏遠證券",10,0,10
"13314","6207雷科","110/07/29","元大-土城",0,12,-12
"13315","6207雷科","110/07/29","中國信託-忠孝",10,0,10
"13316","6207雷科","110/07/29","華南永昌-高雄",0,11,-11
"13317","6207雷科","110/07/29","大昌-桃園",11,1,10
"13318","6207雷科","110/07/29","元大-木柵",0,10,-10
"13319","6207雷科","110/07/29","玉山-城中",11,1,10
"13320","6207雷科","110/07/29","日盛-板橋",1,10,-9
"13321","3679新至陞","110/07/29","華南永昌-淡水",5,0,5
"13322","3679新至陞","110/07/29","元富-板橋",0,16,-16
"13323","3679新至陞","110/07/29","富邦-新竹華信",5,0,5
"13324","3679新至陞","110/07/29","凱基-台北",0,8,-8
"13325","3679新至陞","110/07/29","永豐金-中和",5,0,5
"13326","3679新至陞","110/07/29","摩根大通",1,6,-5
"13327","3679新至陞","110/07/29","富邦-台北",4,0,4
"13328","3679新至陞","110/07/29","美林",0,4,-4
"13329","3679新至陞","110/07/29","元富-彰化",2,0,2
"13330","3679新至陞","110/07/29","瑞士信貸",0,4,-4
"13331","3679新至陞","110/07/29","兆豐-台中港",2,0,2
"13332","3679新至陞","110/07/29","元大-成功",0,3,-3
"13333","3679新至陞","110/07/29","富邦-三重",2,0,2
"13334","3679新至陞","110/07/29","統一-台南",0,2,-2
"13335","3679新至陞","110/07/29","元大-沙鹿",2,0,2
"13336","3679新至陞","110/07/29","元富-新興",0,2,-2
"13337","3679新至陞","110/07/29","元大-福營",2,0,2
"13338","3679新至陞","110/07/29","凱基-竹科",0,2,-2
"13339","3679新至陞","110/07/29","元大-花蓮",2,0,2
"13340","3679新至陞","110/07/29","元大證券",0,2,-2
"13341","3679新至陞","110/07/29","元大-板橋",2,0,2
"13342","3679新至陞","110/07/29","日盛-北高雄",0,1,-1
"13343","3679新至陞","110/07/29","永豐金-台南",2,0,2
"13344","3679新至陞","110/07/29","宏遠-高雄",0,1,-1
"13345","3679新至陞","110/07/29","合庫-彰化",1,0,1
"13346","3679新至陞","110/07/29","花旗環球",0,1,-1
"13347","3679新至陞","110/07/29","臺銀-臺南",1,0,1
"13348","3679新至陞","110/07/29","華南永昌-岡山",0,1,-1
"13349","3679新至陞","110/07/29","永興-水湳",1,0,1
"13350","3679新至陞","110/07/29","元大-佳里",0,1,-1
"13351","2727王品","110/07/29","第一金",30,0,30
"13352","2727王品","110/07/29","元大-高雄",1,93,-92
"13353","2727王品","110/07/29","港商麥格理",22,0,22
"13354","2727王品","110/07/29","新加坡商瑞銀",5,82,-77
"13355","2727王品","110/07/29","國票-北高雄",24,2,22
"13356","2727王品","110/07/29","美林",0,27,-27
"13357","2727王品","110/07/29","日盛-忠孝",21,0,21
"13358","2727王品","110/07/29","港商野村",21,48,-27
"13359","2727王品","110/07/29","新光",22,3,19
"13360","2727王品","110/07/29","凱基-台北",43,61,-18
"13361","2727王品","110/07/29","國泰-敦南",18,7,11
"13362","2727王品","110/07/29","華南永昌-麻豆",0,18,-18
"13363","2727王品","110/07/29","凱基-五股",11,0,11
"13364","2727王品","110/07/29","國泰-台中",2,17,-15
"13365","2727王品","110/07/29","兆豐-鹿港",12,2,10
"13366","2727王品","110/07/29","永豐金-桃盛",0,15,-15
"13367","2727王品","110/07/29","凱基-埔墘",10,0,10
"13368","2727王品","110/07/29","美商高盛",1,15,-14
"13369","2727王品","110/07/29","永豐金-潮州",10,0,10
"13370","2727王品","110/07/29","玉山證券",4,15,-11
"13371","2727王品","110/07/29","統一",12,4,8
"13372","2727王品","110/07/29","摩根大通",12,22,-10
"13373","2727王品","110/07/29","國泰-板橋",7,0,7
"13374","2727王品","110/07/29","元大-四維",2,12,-10
"13375","2727王品","110/07/29","彰銀-台中",7,1,6
"13376","2727王品","110/07/29","凱基-興隆",0,9,-9
"13377","2727王品","110/07/29","新光-高雄",12,6,6
"13378","2727王品","110/07/29","瑞士信貸",0,8,-8
"13379","2727王品","110/07/29","玉山-數位",6,0,6
"13380","2727王品","110/07/29","大昌-桃園",0,7,-7
"13381","1570力肯","110/07/29","群益金鼎-高雄",20,0,20
"13382","1570力肯","110/07/29","聯邦-興中",0,17,-17
"13383","1570力肯","110/07/29","群益金鼎-板橋",16,0,16
"13384","1570力肯","110/07/29","富邦-建國",0,10,-10
"13385","1570力肯","110/07/29","統一-敦南",5,0,5
"13386","1570力肯","110/07/29","凱基-站前",0,5,-5
"13387","1570力肯","110/07/29","元富-松德",4,0,4
"13388","1570力肯","110/07/29","國泰-板橋",0,4,-4
"13389","1570力肯","110/07/29","元大-和平",4,0,4
"13390","1570力肯","110/07/29","統一-土城",0,3,-3
"13391","1570力肯","110/07/29","凱基-幸福",3,0,3
"13392","1570力肯","110/07/29","凱基-大里",0,3,-3
"13393","1570力肯","110/07/29","華南永昌-鳳山",3,0,3
"13394","1570力肯","110/07/29","凱基-台北",0,3,-3
"13395","1570力肯","110/07/29","元大-北港",4,2,2
"13396","1570力肯","110/07/29","元大-屏東民生",0,3,-3
"13397","1570力肯","110/07/29","美林",1,0,1
"13398","1570力肯","110/07/29","元富-緯城",0,2,-2
"13399","1570力肯","110/07/29","國泰-台南",1,0,1
"13400","1570力肯","110/07/29","台新-高雄",0,2,-2
"13401","1570力肯","110/07/29","元大-歸仁",1,0,1
"13402","1570力肯","110/07/29","華南永昌-楠梓",0,2,-2
"13403","1570力肯","110/07/29","元大-松山",1,0,1
"13404","1570力肯","110/07/29","元大-北成功",0,2,-2
"13405","1570力肯","110/07/29","元大-文心興安",1,0,1
"13406","1570力肯","110/07/29","元大-板橋",0,2,-2
"13407","1570力肯","110/07/29","元大-東蘆",1,0,1
"13408","1570力肯","110/07/29","統一-台南",0,1,-1
"13409","1570力肯","110/07/29","群益金鼎-鳳山",0,0,0
"13410","1570力肯","110/07/29","台新證券",0,1,-1
"13411","6180橘子","110/07/29","凱基-台北",50,4,46
"13412","6180橘子","110/07/29","兆豐證券",0,95,-95
"13413","6180橘子","110/07/29","花旗環球",25,0,25
"13414","6180橘子","110/07/29","香港上海匯豐",0,74,-74
"13415","6180橘子","110/07/29","瑞士信貸",26,2,24
"13416","6180橘子","110/07/29","福勝",0,24,-24
"13417","6180橘子","110/07/29","兆豐-大同",20,0,20
"13418","6180橘子","110/07/29","第一金-安和",0,20,-20
"13419","6180橘子","110/07/29","新光-台中",17,0,17
"13420","6180橘子","110/07/29","永豐金-敦北",0,18,-18
"13421","6180橘子","110/07/29","元大-南屯",15,0,15
"13422","6180橘子","110/07/29","致和-崇德",0,10,-10
"13423","6180橘子","110/07/29","摩根大通",54,40,14
"13424","6180橘子","110/07/29","玉山-台大",0,10,-10
"13425","6180橘子","110/07/29","玉山-桃園",10,0,10
"13426","6180橘子","110/07/29","元大-四維",0,10,-10
"13427","6180橘子","110/07/29","永豐金-中正",10,0,10
"13428","6180橘子","110/07/29","元大-小港",0,8,-8
"13429","6180橘子","110/07/29","元富-三重",8,0,8
"13430","6180橘子","110/07/29","台灣摩根士丹利",7,13,-6
"13431","6180橘子","110/07/29","國泰-新莊",9,1,8
"13432","6180橘子","110/07/29","群益金鼎-丹鳳",0,6,-6
"13433","6180橘子","110/07/29","元大-木柵",8,0,8
"13434","6180橘子","110/07/29","永豐金-南京",2,8,-6
"13435","6180橘子","110/07/29","國票-敦北法人",7,0,7
"13436","6180橘子","110/07/29","日盛-頭份",5,10,-5
"13437","6180橘子","110/07/29","元大證券",7,0,7
"13438","6180橘子","110/07/29","宏遠-高雄",0,5,-5
"13439","6180橘子","110/07/29","高橋",6,0,6
"13440","6180橘子","110/07/29","第一金-中山",1,5,-4
"13441","2390云辰","110/07/29","元大-永和",561,61,500
"13442","2390云辰","110/07/29","摩根大通",152,377,-225
"13443","2390云辰","110/07/29","台灣摩根士丹利",163,1,162
"13444","2390云辰","110/07/29","元富-同大",3,139,-136
"13445","2390云辰","110/07/29","元大-善化",87,0,87
"13446","2390云辰","110/07/29","豐農",3,128,-125
"13447","2390云辰","110/07/29","元大-草屯",89,6,83
"13448","2390云辰","110/07/29","美商高盛",6,88,-82
"13449","2390云辰","110/07/29","富邦-羅東",74,10,64
"13450","2390云辰","110/07/29","美林",43,112,-69
"13451","2390云辰","110/07/29","元大-鑫永和",61,1,60
"13452","2390云辰","110/07/29","元大-發財",4,61,-57
"13453","2390云辰","110/07/29","元富-高雄",93,40,53
"13454","2390云辰","110/07/29","大慶-泰山",0,51,-51
"13455","2390云辰","110/07/29","台新-左楠",43,1,42
"13456","2390云辰","110/07/29","群益金鼎",5,49,-44
"13457","2390云辰","110/07/29","日盛-永康",35,2,33
"13458","2390云辰","110/07/29","元大-松江",0,40,-40
"13459","2390云辰","110/07/29","玉山-板橋",37,5,32
"13460","2390云辰","110/07/29","統一-新台中",123,161,-38
"13461","2390云辰","110/07/29","日盛-板橋中山",45,15,30
"13462","2390云辰","110/07/29","兆豐-員林",0,35,-35
"13463","2390云辰","110/07/29","元大-大統",30,0,30
"13464","2390云辰","110/07/29","第一金-新竹",1,35,-34
"13465","2390云辰","110/07/29","元大-竹北",30,1,29
"13466","2390云辰","110/07/29","日盛-員林",3,33,-30
"13467","2390云辰","110/07/29","元大-北屯",26,0,26
"13468","2390云辰","110/07/29","新光",40,70,-30
"13469","2390云辰","110/07/29","元大-林園",25,0,25
"13470","2390云辰","110/07/29","永豐金-松山",21,49,-28
"13471","1471首利","110/07/28","美林",138,26,112
"13472","1471首利","110/07/28","玉山-台大",0,234,-234
"13473","1471首利","110/07/28","摩根大通",164,80,84
"13474","1471首利","110/07/28","國票-九鼎",0,149,-149
"13475","1471首利","110/07/28","(牛牛牛)亞-鑫豐",65,0,65
"13476","1471首利","110/07/28","台中銀",0,69,-69
"13477","1471首利","110/07/28","大昌-新店",44,0,44
"13478","1471首利","110/07/28","元大-博愛",0,32,-32
"13479","1471首利","110/07/28","玉山-桃園",69,30,39
"13480","1471首利","110/07/28","凱基-竹北",0,30,-30
"13481","1471首利","110/07/28","兆豐-鹿港",28,0,28
"13482","1471首利","110/07/28","富邦-苗栗",0,30,-30
"13483","1471首利","110/07/28","聯邦-高雄",21,0,21
"13484","1471首利","110/07/28","港商法國興業",0,22,-22
"13485","1471首利","110/07/28","永豐金-中正",21,0,21
"13486","1471首利","110/07/28","國票-安和",0,20,-20
"13487","1471首利","110/07/28","第一金-高雄",16,0,16
"13488","1471首利","110/07/28","華南永昌-苑裡",0,15,-15
"13489","1471首利","110/07/28","統一-桃園",13,0,13
"13490","1471首利","110/07/28","日盛-中壢",0,13,-13
"13491","1471首利","110/07/28","新光-台中",19,6,13
"13492","1471首利","110/07/28","玉山-台南",0,13,-13
"13493","1471首利","110/07/28","彰銀-七賢",11,0,11
"13494","1471首利","110/07/28","凱基-桃園",0,12,-12
"13495","1471首利","110/07/28","第一金-台南",11,0,11
"13496","1471首利","110/07/28","聯邦-雙和",0,11,-11
"13497","1471首利","110/07/28","台新證券",11,0,11
"13498","1471首利","110/07/28","統一-新營",0,10,-10
"13499","1471首利","110/07/28","凱基-東勢",11,0,11
"13500","1471首利","110/07/28","凱基-城中",0,10,-10
"13501","2883開發金","110/07/28","摩根大通",5171,647,4524
"13502","2883開發金","110/07/28","台灣摩根士丹利",921,11451,-10530
"13503","2883開發金","110/07/28","瑞士信貸",4234,62,4172
"13504","2883開發金","110/07/28","美商高盛",522,3615,-3093
"13505","2883開發金","110/07/28","國泰證券",2247,28,2219
"13506","2883開發金","110/07/28","(牛牛牛)亞證券",0,3000,-3000
"13507","2883開發金","110/07/28","元大證券",2306,91,2215
"13508","2883開發金","110/07/28","康和-仁愛",17,3004,-2987
"13509","2883開發金","110/07/28","元富-城東",2203,113,2090
"13510","2883開發金","110/07/28","第一金",18,2301,-2283
"13511","2883開發金","110/07/28","新加坡商瑞銀",1840,81,1759
"13512","2883開發金","110/07/28","凱基-台北",3735,5169,-1434
"13513","2883開發金","110/07/28","永豐金-彰化",1682,27,1655
"13514","2883開發金","110/07/28","宏遠-高雄",4,1420,-1416
"13515","2883開發金","110/07/28","日盛證券",1637,9,1628
"13516","2883開發金","110/07/28","亞東-板橋",507,1722,-1215
"13517","2883開發金","110/07/28","元大-彰化",1183,11,1172
"13518","2883開發金","110/07/28","凱基-豐中",32,1127,-1095
"13519","2883開發金","110/07/28","美林",2507,1378,1129
"13520","2883開發金","110/07/28","群益金鼎-三重",65,993,-928
"13521","2883開發金","110/07/28","華南永昌",1204,239,965
"13522","2883開發金","110/07/28","元大-羅東",30,872,-842
"13523","2883開發金","110/07/28","日盛-台南",816,6,810
"13524","2883開發金","110/07/28","花旗環球",188,1004,-816
"13525","2883開發金","110/07/28","台新-松江",722,40,682
"13526","2883開發金","110/07/28","華南永昌-朴子",33,716,-683
"13527","2883開發金","110/07/28","新光-台中",858,231,627
"13528","2883開發金","110/07/28","元大-永和",31,700,-669
"13529","2883開發金","110/07/28","凱基-員林",634,25,609
"13530","2883開發金","110/07/28","玉山-台南",97,738,-641
"13531","6205詮欣","110/07/28","臺銀",30,0,30
"13532","6205詮欣","110/07/28","台灣摩根士丹利",0,59,-59
"13533","6205詮欣","110/07/28","元大-善化",30,0,30
"13534","6205詮欣","110/07/28","凱基-大安",0,50,-50
"13535","6205詮欣","110/07/28","日盛證券",16,0,16
"13536","6205詮欣","110/07/28","元大-板橋",0,20,-20
"13537","6205詮欣","110/07/28","元大-土城學府",15,3,12
"13538","6205詮欣","110/07/28","摩根大通",17,30,-13
"13539","6205詮欣","110/07/28","臺銀-民權",10,0,10
"13540","6205詮欣","110/07/28","凱基-台北",0,11,-11
"13541","6205詮欣","110/07/28","德信-新營",10,0,10
"13542","6205詮欣","110/07/28","新加坡商瑞銀",0,10,-10
"13543","6205詮欣","110/07/28","福勝",10,0,10
"13544","6205詮欣","110/07/28","第一金-新竹",0,10,-10
"13545","6205詮欣","110/07/28","元大-清水",10,0,10
"13546","6205詮欣","110/07/28","台新-高雄",0,6,-6
"13547","6205詮欣","110/07/28","新光",9,0,9
"13548","6205詮欣","110/07/28","凱基-三多",0,6,-6
"13549","6205詮欣","110/07/28","群益金鼎-屏東",7,0,7
"13550","6205詮欣","110/07/28","美林",2,7,-5
"13551","6205詮欣","110/07/28","元大-汐止",6,0,6
"13552","6205詮欣","110/07/28","瑞士信貸",0,5,-5
"13553","6205詮欣","110/07/28","統一-屏東",5,0,5
"13554","6205詮欣","110/07/28","中國信託-三重",0,5,-5
"13555","6205詮欣","110/07/28","日盛-三重",4,0,4
"13556","6205詮欣","110/07/28","日盛-雙和",0,4,-4
"13557","6205詮欣","110/07/28","亞東-板橋",4,0,4
"13558","6205詮欣","110/07/28","宏遠-光隆",0,4,-4
"13559","6205詮欣","110/07/28","台中銀",4,0,4
"13560","6205詮欣","110/07/28","兆豐-新莊",0,4,-4
"13561","1540喬福","110/07/28","兆豐-北高雄",48,0,48
"13562","1540喬福","110/07/28","合庫-台中",1,60,-59
"13563","1540喬福","110/07/28","兆豐-台中港",33,0,33
"13564","1540喬福","110/07/28","凱基-台北",0,44,-44
"13565","1540喬福","110/07/28","大慶-中壢",19,0,19
"13566","1540喬福","110/07/28","元大-學甲",0,35,-35
"13567","1540喬福","110/07/28","富邦-員林",18,0,18
"13568","1540喬福","110/07/28","統一-新台中",0,26,-26
"13569","1540喬福","110/07/28","(牛牛牛)亞-鑫豐",12,0,12
"13570","1540喬福","110/07/28","新光-新竹",0,21,-21
"13571","1540喬福","110/07/28","元富-文心",10,0,10
"13572","1540喬福","110/07/28","富邦-台北",0,20,-20
"13573","1540喬福","110/07/28","光和-和美",10,0,10
"13574","1540喬福","110/07/28","富邦-南屯",0,20,-20
"13575","1540喬福","110/07/28","永豐金-三重",9,0,9
"13576","1540喬福","110/07/28","元大-鶯歌",0,10,-10
"13577","1540喬福","110/07/28","臺銀-鳳山",8,0,8
"13578","1540喬福","110/07/28","元大-豐原",0,7,-7
"13579","1540喬福","110/07/28","元大-斗六",7,0,7
"13580","1540喬福","110/07/28","大昌-樹林",0,6,-6
"13581","1540喬福","110/07/28","台新-台中",6,0,6
"13582","1540喬福","110/07/28","新光-桃園",0,5,-5
"13583","1540喬福","110/07/28","華南永昌-中正",6,0,6
"13584","1540喬福","110/07/28","凱基-站前",0,5,-5
"13585","1540喬福","110/07/28","永豐金-台中",6,0,6
"13586","1540喬福","110/07/28","臺銀",0,4,-4
"13587","1540喬福","110/07/28","臺銀-民權",5,0,5
"13588","1540喬福","110/07/28","台新證券",0,3,-3
"13589","1540喬福","110/07/28","元富-中原",5,0,5
"13590","1540喬福","110/07/28","台新-高雄",0,3,-3
"13591","2888新光金","110/07/28","臺銀-高雄",3050,3,3047
"13592","2888新光金","110/07/28","摩根大通",2543,11316,-8773
"13593","2888新光金","110/07/28","元富-城東",2019,129,1890
"13594","2888新光金","110/07/28","香港上海匯豐",120,7576,-7456
"13595","2888新光金","110/07/28","元大證券",2106,407,1699
"13596","2888新光金","110/07/28","凱基-台北",1641,5238,-3597
"13597","2888新光金","110/07/28","凱基-台南",1068,33,1035
"13598","2888新光金","110/07/28","新加坡商瑞銀",0,3572,-3572
"13599","2888新光金","110/07/28","彰銀-台中",1098,75,1023
"13600","2888新光金","110/07/28","台灣摩根士丹利",4358,7129,-2771
"13601","2888新光金","110/07/28","元富-城中",1003,0,1003
"13602","2888新光金","110/07/28","元大-大統",103,2853,-2750
"13603","2888新光金","110/07/28","元大-大天母",1113,119,994
"13604","2888新光金","110/07/28","光和",204,2235,-2031
"13605","2888新光金","110/07/28","元大-仁愛",761,1,760
"13606","2888新光金","110/07/28","兆豐-鹿港",80,1755,-1675
"13607","2888新光金","110/07/28","日盛-雙和",927,179,748
"13608","2888新光金","110/07/28","凱基-市政",17,1447,-1430
"13609","2888新光金","110/07/28","元大-大里",648,0,648
"13610","2888新光金","110/07/28","華南永昌-敦南",66,1320,-1254
"13611","2888新光金","110/07/28","凱基-竹科",2665,2026,639
"13612","2888新光金","110/07/28","法銀巴黎",195,1423,-1228
"13613","2888新光金","110/07/28","日盛-高雄",619,11,608
"13614","2888新光金","110/07/28","臺銀",123,1343,-1220
"13615","2888新光金","110/07/28","群益金鼎-海山",710,151,559
"13616","2888新光金","110/07/28","花旗環球",0,865,-865
"13617","2888新光金","110/07/28","台新證券",855,305,550
"13618","2888新光金","110/07/28","元大-鹿港",46,848,-802
"13619","2888新光金","110/07/28","國泰-敦南",774,237,537
"13620","2888新光金","110/07/28","合庫-台中",121,800,-679
"13621","1340勝悅","110/07/28","新光-台南",50,0,50
"13622","1340勝悅","110/07/28","兆豐-南京",0,25,-25
"13623","1340勝悅","110/07/28","臺銀-臺中",6,0,6
"13624","1340勝悅","110/07/28","凱基-台北",0,22,-22
"13625","1340勝悅","110/07/28","新光",6,0,6
"13626","1340勝悅","110/07/28","美林",0,12,-12
"13627","1340勝悅","110/07/28","臺灣企銀-埔墘",5,0,5
"13628","1340勝悅","110/07/28","群益金鼎-台中",0,11,-11
"13629","1340勝悅","110/07/28","國票-敦北法人",5,0,5
"13630","1340勝悅","110/07/28","合庫-西台中",1,10,-9
"13631","1340勝悅","110/07/28","國泰-高雄",5,0,5
"13632","1340勝悅","110/07/28","元大-基隆孝二",0,8,-8
"13633","1340勝悅","110/07/28","國泰-台中",5,0,5
"13634","1340勝悅","110/07/28","統一-城中",0,7,-7
"13635","1340勝悅","110/07/28","群益金鼎-館前",5,0,5
"13636","1340勝悅","110/07/28","凱基-幸福",0,7,-7
"13637","1340勝悅","110/07/28","中國信託-文心",3,0,3
"13638","1340勝悅","110/07/28","臺銀-新竹",0,5,-5
"13639","1340勝悅","110/07/28","群益金鼎-崇德",3,0,3
"13640","1340勝悅","110/07/28","港商法國興業",0,5,-5
"13641","1340勝悅","110/07/28","元大-永春",3,0,3
"13642","1340勝悅","110/07/28","元大-新竹經國",0,5,-5
"13643","1340勝悅","110/07/28","永豐金-松山",3,0,3
"13644","1340勝悅","110/07/28","台新證券",0,4,-4
"13645","1340勝悅","110/07/28","永豐金-嘉義",3,0,3
"13646","1340勝悅","110/07/28","港商野村",0,3,-3
"13647","1340勝悅","110/07/28","日盛-木柵",2,0,2
"13648","1340勝悅","110/07/28","摩根大通",0,3,-3
"13649","1340勝悅","110/07/28","台新-台中",2,0,2
"13650","1340勝悅","110/07/28","富邦-台北",0,3,-3
"13651","6246臺龍","110/07/28","元大-基隆孝二",32,0,32
"13652","6246臺龍","110/07/28","永豐金-桃園",4,135,-131
"13653","6246臺龍","110/07/28","合庫-台中",30,0,30
"13654","6246臺龍","110/07/28","港商野村",5,93,-88
"13655","6246臺龍","110/07/28","元大-木柵",30,0,30
"13656","6246臺龍","110/07/28","凱基-台北",9,65,-56
"13657","6246臺龍","110/07/28","光和",21,0,21
"13658","6246臺龍","110/07/28","元大-西螺",0,31,-31
"13659","6246臺龍","110/07/28","宏遠-民生",20,0,20
"13660","6246臺龍","110/07/28","群益金鼎-鳳山",0,27,-27
"13661","6246臺龍","110/07/28","第一金-安和",20,0,20
"13662","6246臺龍","110/07/28","元大-西屯",0,25,-25
"13663","6246臺龍","110/07/28","兆豐-竹北",24,4,20
"13664","6246臺龍","110/07/28","永豐金-虎尾",6,27,-21
"13665","6246臺龍","110/07/28","凱基-幸福",20,0,20
"13666","6246臺龍","110/07/28","日盛-台中",1,20,-19
"13667","6246臺龍","110/07/28","德信-新營",19,0,19
"13668","6246臺龍","110/07/28","統一",0,16,-16
"13669","6246臺龍","110/07/28","台新證券",21,4,17
"13670","6246臺龍","110/07/28","群益金鼎-土城",0,16,-16
"13671","6246臺龍","110/07/28","華南永昌-公誠",17,0,17
"13672","6246臺龍","110/07/28","元大-員林",0,15,-15
"13673","6246臺龍","110/07/28","中國信託-文心",15,0,15
"13674","6246臺龍","110/07/28","華南永昌-長虹",0,11,-11
"13675","6246臺龍","110/07/28","群益金鼎-崇德",15,0,15
"13676","6246臺龍","110/07/28","日盛-中壢",0,10,-10
"13677","6246臺龍","110/07/28","兆豐-公益",12,0,12
"13678","6246臺龍","110/07/28","第一金-彰化",0,10,-10
"13679","6246臺龍","110/07/28","國票",12,0,12
"13680","6246臺龍","110/07/28","元富-中原",0,10,-10
"13681","00715L期街口布蘭特正2","110/07/28","永豐金證券",5725,30,5695
"13682","00715L期街口布蘭特正2","110/07/28","元大-四維",0,2013,-2013
"13683","00715L期街口布蘭特正2","110/07/28","元大證券",5235,705,4530
"13684","00715L期街口布蘭特正2","110/07/28","凱基-豐中",0,1536,-1536
"13685","00715L期街口布蘭特正2","110/07/28","國票",2733,11,2722
"13686","00715L期街口布蘭特正2","110/07/28","華南永昌-東昇",0,1010,-1010
"13687","00715L期街口布蘭特正2","110/07/28","富邦證券",2340,417,1923
"13688","00715L期街口布蘭特正2","110/07/28","兆豐-三民",0,1004,-1004
"13689","00715L期街口布蘭特正2","110/07/28","凱基-台北",2241,325,1916
"13690","00715L期街口布蘭特正2","110/07/28","元富-古亭",0,600,-600
"13691","00715L期街口布蘭特正2","110/07/28","統一",1635,132,1503
"13692","00715L期街口布蘭特正2","110/07/28","台新-新營",20,558,-538
"13693","00715L期街口布蘭特正2","110/07/28","國票-中港",1500,0,1500
"13694","00715L期街口布蘭特正2","110/07/28","富邦-台北",0,453,-453
"13695","00715L期街口布蘭特正2","110/07/28","兆豐-台中",525,6,519
"13696","00715L期街口布蘭特正2","110/07/28","港商野村",71,519,-448
"13697","00715L期街口布蘭特正2","110/07/28","合庫證券",1008,500,508
"13698","00715L期街口布蘭特正2","110/07/28","第一金-自由",10,405,-395
"13699","00715L期街口布蘭特正2","110/07/28","永豐金-三重",500,0,500
"13700","00715L期街口布蘭特正2","110/07/28","玉山-高雄",17,387,-370
"13701","00715L期街口布蘭特正2","110/07/28","凱基-市政",500,1,499
"13702","00715L期街口布蘭特正2","110/07/28","統一-桃園",0,331,-331
"13703","00715L期街口布蘭特正2","110/07/28","元富-大裕",500,8,492
"13704","00715L期街口布蘭特正2","110/07/28","元富-中壢",0,309,-309
"13705","00715L期街口布蘭特正2","110/07/28","永豐金-內湖",503,18,485
"13706","00715L期街口布蘭特正2","110/07/28","台新證券",21,329,-308
"13707","00715L期街口布蘭特正2","110/07/28","元富-吉利",280,0,280
"13708","00715L期街口布蘭特正2","110/07/28","國票-台中",0,275,-275
"13709","00715L期街口布蘭特正2","110/07/28","國票-博愛",200,0,200
"13710","00715L期街口布蘭特正2","110/07/28","日盛-木柵",0,268,-268
"13711","8941關中","110/07/28","第一金-台南",2,0,2
"13712","8941關中","110/07/28","聯邦-富強",0,3,-3
"13713","8941關中","110/07/28","元大-西屯",2,0,2
"13714","8941關中","110/07/28","富邦-員林",0,3,-3
"13715","8941關中","110/07/28","玉山證券",1,0,1
"13716","8941關中","110/07/28","第一金-安和",0,2,-2
"13717","8941關中","110/07/28","國泰-忠孝",1,0,1
"13718","8941關中","110/07/28","第一金-台中",0,1,-1
"13719","8941關中","110/07/28","凱基-岡山",1,0,1
"13720","8941關中","110/07/28","玉山-台中",0,0,0
"13721","8941關中","110/07/28","富邦-羅東",1,0,1
"13722","8941關中","110/07/28","元大-新竹經國",0,0,0
"13723","8941關中","110/07/28","永豐金-敦南",1,0,1
"13724","8941關中","110/07/28","元大-桃興",1,1,0
"13725","8941關中","110/07/28","玉山-台中",0,0,0
"13726","8941關中","110/07/28","",NA,NA,NA
"13727","8941關中","110/07/28","元大-新竹經國",0,0,0
"13728","8941關中","110/07/28","",NA,NA,NA
"13729","8941關中","110/07/28","元大-桃興",1,1,0
"13730","8941關中","110/07/28","",NA,NA,NA
"13731","8941關中","110/07/28","",NA,NA,NA
"13732","8941關中","110/07/28","",NA,NA,NA
"13733","8941關中","110/07/28","",NA,NA,NA
"13734","8941關中","110/07/28","",NA,NA,NA
"13735","8941關中","110/07/28","",NA,NA,NA
"13736","8941關中","110/07/28","",NA,NA,NA
"13737","8941關中","110/07/28","",NA,NA,NA
"13738","8941關中","110/07/28","",NA,NA,NA
"13739","8941關中","110/07/28","",NA,NA,NA
"13740","8941關中","110/07/28","",NA,NA,NA
"13741","8936國統","110/07/28","宏遠-高雄",141,1,140
"13742","8936國統","110/07/28","摩根大通",82,517,-435
"13743","8936國統","110/07/28","日盛-景美",100,0,100
"13744","8936國統","110/07/28","凱基-台北",5,290,-285
"13745","8936國統","110/07/28","永豐金-苓雅",67,0,67
"13746","8936國統","110/07/28","瑞士信貸",0,245,-245
"13747","8936國統","110/07/28","玉山-台南",64,0,64
"13748","8936國統","110/07/28","台灣摩根士丹利",16,176,-160
"13749","8936國統","110/07/28","國票-北高雄",61,1,60
"13750","8936國統","110/07/28","凱基-市政",11,110,-99
"13751","8936國統","110/07/28","玉山-高雄",49,0,49
"13752","8936國統","110/07/28","元大-東蘆",0,82,-82
"13753","8936國統","110/07/28","元大-小港",47,0,47
"13754","8936國統","110/07/28","新加坡商瑞銀",128,205,-77
"13755","8936國統","110/07/28","元大-台中",40,0,40
"13756","8936國統","110/07/28","元大-歸仁",30,75,-45
"13757","8936國統","110/07/28","新光-台中",41,7,34
"13758","8936國統","110/07/28","台新-台中",17,55,-38
"13759","8936國統","110/07/28","元大-豐原站前",32,0,32
"13760","8936國統","110/07/28","康和",20,58,-38
"13761","8936國統","110/07/28","玉山-台中",31,0,31
"13762","8936國統","110/07/28","第一金-新興",0,31,-31
"13763","8936國統","110/07/28","富邦-高雄",26,0,26
"13764","8936國統","110/07/28","元富-松德",0,30,-30
"13765","8936國統","110/07/28","元大-鳳中",30,5,25
"13766","8936國統","110/07/28","元大-中和",2,30,-28
"13767","8936國統","110/07/28","元富-林園",20,0,20
"13768","8936國統","110/07/28","兆豐-嘉義",0,22,-22
"13769","8936國統","110/07/28","兆豐-北高雄",20,0,20
"13770","8936國統","110/07/28","美林",11,32,-21
"13771","6226光鼎","110/07/28","群益金鼎-萬華",147,14,133
"13772","6226光鼎","110/07/28","群益金鼎-敦南",5,282,-277
"13773","6226光鼎","110/07/28","台新-台中",227,114,113
"13774","6226光鼎","110/07/28","華南永昌",19,142,-123
"13775","6226光鼎","110/07/28","摩根大通",109,0,109
"13776","6226光鼎","110/07/28","康和-台北",0,100,-100
"13777","6226光鼎","110/07/28","統一",107,0,107
"13778","6226光鼎","110/07/28","臺銀-民權",4,100,-96
"13779","6226光鼎","110/07/28","凱基-台北",103,1,102
"13780","6226光鼎","110/07/28","元大-潮州",11,102,-91
"13781","6226光鼎","110/07/28","台灣摩根士丹利",104,7,97
"13782","6226光鼎","110/07/28","華南永昌-嘉義",50,130,-80
"13783","6226光鼎","110/07/28","群益金鼎-館前",97,0,97
"13784","6226光鼎","110/07/28","台新證券",79,153,-74
"13785","6226光鼎","110/07/28","國泰-台中",97,20,77
"13786","6226光鼎","110/07/28","玉山-台南",4,74,-70
"13787","6226光鼎","110/07/28","元大-嘉義",83,16,67
"13788","6226光鼎","110/07/28","臺銀-臺中",6,65,-59
"13789","6226光鼎","110/07/28","新光-桃園",69,8,61
"13790","6226光鼎","110/07/28","富邦-仁愛",6,63,-57
"13791","6226光鼎","110/07/28","群益金鼎-三重",59,2,57
"13792","6226光鼎","110/07/28","凱基-大里",0,51,-51
"13793","6226光鼎","110/07/28","日盛-員林",63,12,51
"13794","6226光鼎","110/07/28","國泰-敦南",116,166,-50
"13795","6226光鼎","110/07/28","永豐金-松山",66,20,46
"13796","6226光鼎","110/07/28","元富-中港",2,51,-49
"13797","6226光鼎","110/07/28","統一-內湖",48,7,41
"13798","6226光鼎","110/07/28","群益金鼎-延平",0,49,-49
"13799","6226光鼎","110/07/28","凱基-高美館",51,10,41
"13800","6226光鼎","110/07/28","元大-新竹經國",5,53,-48
"13801","2363矽統","110/07/28","摩根大通",809,282,527
"13802","2363矽統","110/07/28","國泰-敦南",145,861,-716
"13803","2363矽統","110/07/28","美商高盛",532,264,268
"13804","2363矽統","110/07/28","元大-台中",18,384,-366
"13805","2363矽統","110/07/28","台新-三民",263,18,245
"13806","2363矽統","110/07/28","新光",197,525,-328
"13807","2363矽統","110/07/28","台新證券",929,703,226
"13808","2363矽統","110/07/28","群益金鼎-三民",24,266,-242
"13809","2363矽統","110/07/28","第一金-嘉義",154,0,154
"13810","2363矽統","110/07/28","凱基-斗六",0,187,-187
"13811","2363矽統","110/07/28","凱基-台北",1039,889,150
"13812","2363矽統","110/07/28","元大-上新莊",3,134,-131
"13813","2363矽統","110/07/28","永豐金-竹科",132,11,121
"13814","2363矽統","110/07/28","永豐金-彰化",5,134,-129
"13815","2363矽統","110/07/28","華南永昌-鳳山",146,34,112
"13816","2363矽統","110/07/28","日盛-二林",15,142,-127
"13817","2363矽統","110/07/28","第一金-新興",108,1,107
"13818","2363矽統","110/07/28","元大證券",18,125,-107
"13819","2363矽統","110/07/28","港商野村",673,568,105
"13820","2363矽統","110/07/28","新光-台南",25,129,-104
"13821","2363矽統","110/07/28","群益金鼎-桃園",111,11,100
"13822","2363矽統","110/07/28","統一",7,109,-102
"13823","2363矽統","110/07/28","台新-左楠",94,15,79
"13824","2363矽統","110/07/28","康和-南崁",11,108,-97
"13825","2363矽統","110/07/28","新加坡商瑞銀",789,711,78
"13826","2363矽統","110/07/28","國票",25,121,-96
"13827","2363矽統","110/07/28","國票-九鼎",99,26,73
"13828","2363矽統","110/07/28","群益金鼎-敦南",11,107,-96
"13829","2363矽統","110/07/28","兆豐-埔墘",62,0,62
"13830","2363矽統","110/07/28","兆豐-寶成",2,79,-77
"13831","8112至上","110/07/28","摩根大通",630,183,447
"13832","8112至上","110/07/28","永豐金-永康",0,242,-242
"13833","8112至上","110/07/28","合庫證券",317,21,296
"13834","8112至上","110/07/28","高橋",3,222,-219
"13835","8112至上","110/07/28","新加坡商瑞銀",417,132,285
"13836","8112至上","110/07/28","玉山證券",2,206,-204
"13837","8112至上","110/07/28","台灣摩根士丹利",253,58,195
"13838","8112至上","110/07/28","新光",50,206,-156
"13839","8112至上","110/07/28","港商野村",350,164,186
"13840","8112至上","110/07/28","永豐金-苓雅",2,102,-100
"13841","8112至上","110/07/28","美商高盛",184,7,177
"13842","8112至上","110/07/28","凱基-永和",0,80,-80
"13843","8112至上","110/07/28","美林",213,53,160
"13844","8112至上","110/07/28","華南永昌-新莊",60,134,-74
"13845","8112至上","110/07/28","花旗環球",86,16,70
"13846","8112至上","110/07/28","台新-松江",27,90,-63
"13847","8112至上","110/07/28","玉山-板橋",82,17,65
"13848","8112至上","110/07/28","宏遠證券",1,50,-49
"13849","8112至上","110/07/28","凱基-竹科",67,3,64
"13850","8112至上","110/07/28","元大-苑裡",23,72,-49
"13851","8112至上","110/07/28","元大-府城",56,0,56
"13852","8112至上","110/07/28","元大-基隆孝二",5,53,-48
"13853","8112至上","110/07/28","永豐金-內湖",37,0,37
"13854","8112至上","110/07/28","康和-仁愛",5,51,-46
"13855","8112至上","110/07/28","瑞士信貸",58,26,32
"13856","8112至上","110/07/28","台新證券",31,73,-42
"13857","8112至上","110/07/28","元大證券",60,29,31
"13858","8112至上","110/07/28","兆豐-公益",0,40,-40
"13859","8112至上","110/07/28","元富-新店",35,5,30
"13860","8112至上","110/07/28","中國信託-忠孝",1,37,-36
"13861","1570力肯","110/07/28","國泰-敦南",50,0,50
"13862","1570力肯","110/07/28","元大-高雄",0,42,-42
"13863","1570力肯","110/07/28","群益金鼎-高雄",31,0,31
"13864","1570力肯","110/07/28","國票-新莊",0,14,-14
"13865","1570力肯","110/07/28","元富-延平",15,0,15
"13866","1570力肯","110/07/28","凱基-站前",0,10,-10
"13867","1570力肯","110/07/28","(牛牛牛)亞-鑫豐",10,0,10
"13868","1570力肯","110/07/28","凱基-台北",0,10,-10
"13869","1570力肯","110/07/28","元富-緯城",6,0,6
"13870","1570力肯","110/07/28","元大-忠孝",0,10,-10
"13871","1570力肯","110/07/28","合庫-自強",5,0,5
"13872","1570力肯","110/07/28","台灣摩根士丹利",0,9,-9
"13873","1570力肯","110/07/28","臺銀-臺南",4,0,4
"13874","1570力肯","110/07/28","群益金鼎-板橋",0,8,-8
"13875","1570力肯","110/07/28","兆豐-台中港",3,0,3
"13876","1570力肯","110/07/28","永豐金-大園",0,7,-7
"13877","1570力肯","110/07/28","日盛-板橋",2,0,2
"13878","1570力肯","110/07/28","元大-台南",0,5,-5
"13879","1570力肯","110/07/28","統一-松江",2,0,2
"13880","1570力肯","110/07/28","合庫-台中",0,4,-4
"13881","1570力肯","110/07/28","台新-三民",2,0,2
"13882","1570力肯","110/07/28","富邦-板橋",0,3,-3
"13883","1570力肯","110/07/28","群益金鼎-土城",2,0,2
"13884","1570力肯","110/07/28","元大-板橋",0,3,-3
"13885","1570力肯","110/07/28","元大-和平",2,0,2
"13886","1570力肯","110/07/28","統一-桃園",0,2,-2
"13887","1570力肯","110/07/28","元大-土城永寧",2,0,2
"13888","1570力肯","110/07/28","凱基-三多",0,2,-2
"13889","1570力肯","110/07/28","大昌-樹林",1,0,1
"13890","1570力肯","110/07/28","華南永昌-高雄",0,2,-2
"13891","2929淘帝","110/07/28","日盛-八德",40,0,40
"13892","2929淘帝","110/07/28","凱基-林口",0,150,-150
"13893","2929淘帝","110/07/28","玉山-新竹",30,0,30
"13894","2929淘帝","110/07/28","日盛-台中",0,35,-35
"13895","2929淘帝","110/07/28","國泰-松江",33,3,30
"13896","2929淘帝","110/07/28","永豐金-永康",0,21,-21
"13897","2929淘帝","110/07/28","元大-民生",28,0,28
"13898","2929淘帝","110/07/28","新加坡商瑞銀",13,32,-19
"13899","2929淘帝","110/07/28","合庫-高雄",21,0,21
"13900","2929淘帝","110/07/28","國泰-敦南",2,20,-18
"13901","2929淘帝","110/07/28","華南永昌",20,0,20
"13902","2929淘帝","110/07/28","臺銀",2,17,-15
"13903","2929淘帝","110/07/28","台新證券",12,0,12
"13904","2929淘帝","110/07/28","群益金鼎-敦南",0,13,-13
"13905","2929淘帝","110/07/28","第一金-大稻埕",10,0,10
"13906","2929淘帝","110/07/28","富邦-建國",1,13,-12
"13907","2929淘帝","110/07/28","華南永昌-台中",10,0,10
"13908","2929淘帝","110/07/28","元富-城東",0,10,-10
"13909","2929淘帝","110/07/28","元大-士林",10,0,10
"13910","2929淘帝","110/07/28","兆豐-景美",0,8,-8
"13911","2929淘帝","110/07/28","元大-屏南",10,0,10
"13912","2929淘帝","110/07/28","美林",3,10,-7
"13913","2929淘帝","110/07/28","元大-員林",10,0,10
"13914","2929淘帝","110/07/28","元富-彰化",0,7,-7
"13915","2929淘帝","110/07/28","新光-桃園",9,0,9
"13916","2929淘帝","110/07/28","港商法國興業",0,6,-6
"13917","2929淘帝","110/07/28","日盛-景美",7,0,7
"13918","2929淘帝","110/07/28","新光-高雄",0,6,-6
"13919","2929淘帝","110/07/28","玉山證券",7,0,7
"13920","2929淘帝","110/07/28","港商野村",3,8,-5
"13921","5410國眾","110/07/28","兆豐-城中",38,0,38
"13922","5410國眾","110/07/28","兆豐-南門",3,80,-77
"13923","5410國眾","110/07/28","大展",20,0,20
"13924","5410國眾","110/07/28","摩根大通",12,56,-44
"13925","5410國眾","110/07/28","新光-桃園",20,0,20
"13926","5410國眾","110/07/28","凱基-台北",0,28,-28
"13927","5410國眾","110/07/28","凱基-竹北",20,0,20
"13928","5410國眾","110/07/28","亞東-板橋",0,20,-20
"13929","5410國眾","110/07/28","元大-新莊",17,0,17
"13930","5410國眾","110/07/28","統一-新台中",0,20,-20
"13931","5410國眾","110/07/28","新光",20,8,12
"13932","5410國眾","110/07/28","瑞士信貸",0,16,-16
"13933","5410國眾","110/07/28","國泰-敦南",11,0,11
"13934","5410國眾","110/07/28","新加坡商瑞銀",0,15,-15
"13935","5410國眾","110/07/28","日盛-內湖",10,0,10
"13936","5410國眾","110/07/28","統一-金門",0,15,-15
"13937","5410國眾","110/07/28","元富-新竹",10,0,10
"13938","5410國眾","110/07/28","元大-北投",0,12,-12
"13939","5410國眾","110/07/28","群益金鼎-永和",10,0,10
"13940","5410國眾","110/07/28","新百王",0,10,-10
"13941","5410國眾","110/07/28","華南永昌-中正",10,0,10
"13942","5410國眾","110/07/28","元大-館前",0,10,-10
"13943","5410國眾","110/07/28","元大-旗山",10,0,10
"13944","5410國眾","110/07/28","元富-安南",0,9,-9
"13945","5410國眾","110/07/28","元大-大天母",10,0,10
"13946","5410國眾","110/07/28","元大-龍潭",1,10,-9
"13947","5410國眾","110/07/28","大昌",9,0,9
"13948","5410國眾","110/07/28","港商野村",1,7,-6
"13949","5410國眾","110/07/28","臺銀-鳳山",8,0,8
"13950","5410國眾","110/07/28","元大-東泰",0,6,-6
"13951","2841台開","110/07/28","台新-台中",36,0,36
"13952","2841台開","110/07/28","元大-大雅",0,90,-90
"13953","2841台開","110/07/28","群益金鼎-大甲",24,0,24
"13954","2841台開","110/07/28","凱基-台北",0,73,-73
"13955","2841台開","110/07/28","永豐金-敦南",29,8,21
"13956","2841台開","110/07/28","港商野村",0,27,-27
"13957","2841台開","110/07/28","第一金-台中",20,0,20
"13958","2841台開","110/07/28","大慶-富順",0,20,-20
"13959","2841台開","110/07/28","元富-烏日",20,0,20
"13960","2841台開","110/07/28","豐農",0,17,-17
"13961","2841台開","110/07/28","元大-歸仁",20,0,20
"13962","2841台開","110/07/28","元大-大里德芳",0,15,-15
"13963","2841台開","110/07/28","永豐金-豐原",20,0,20
"13964","2841台開","110/07/28","日盛-大墩",0,10,-10
"13965","2841台開","110/07/28","日盛-花蓮",15,0,15
"13966","2841台開","110/07/28","元大-博愛",0,10,-10
"13967","2841台開","110/07/28","大昌-安康",18,3,15
"13968","2841台開","110/07/28","元大-豐原站前",0,10,-10
"13969","2841台開","110/07/28","陽信-石牌",13,0,13
"13970","2841台開","110/07/28","台新證券",6,13,-7
"13971","2841台開","110/07/28","台灣摩根士丹利",10,0,10
"13972","2841台開","110/07/28","台中銀",0,5,-5
"13973","2841台開","110/07/28","台新-高雄",10,0,10
"13974","2841台開","110/07/28","中國信託-中壢",0,5,-5
"13975","2841台開","110/07/28","國泰-忠孝",10,0,10
"13976","2841台開","110/07/28","元大-大同",0,5,-5
"13977","2841台開","110/07/28","元大-竹南",10,0,10
"13978","2841台開","110/07/28","元大-大益",0,4,-4
"13979","2841台開","110/07/28","元大-屏南",9,0,9
"13980","2841台開","110/07/28","元富-松德",0,3,-3
"13981","6207雷科","110/07/28","新加坡商瑞銀",153,44,109
"13982","6207雷科","110/07/28","康和-延平",0,48,-48
"13983","6207雷科","110/07/28","摩根大通",219,131,88
"13984","6207雷科","110/07/28","元富-大昌",0,33,-33
"13985","6207雷科","110/07/28","康和-台中",70,0,70
"13986","6207雷科","110/07/28","聯邦商銀",0,30,-30
"13987","6207雷科","110/07/28","凱基-台北",112,49,63
"13988","6207雷科","110/07/28","兆豐-三民",1,30,-29
"13989","6207雷科","110/07/28","凱基-復興",63,3,60
"13990","6207雷科","110/07/28","元大-龍潭",0,25,-25
"13991","6207雷科","110/07/28","群益金鼎-三民",59,8,51
"13992","6207雷科","110/07/28","宏遠證券",0,23,-23
"13993","6207雷科","110/07/28","永豐金-羅東",50,0,50
"13994","6207雷科","110/07/28","大昌-桃園",15,36,-21
"13995","6207雷科","110/07/28","美林",46,3,43
"13996","6207雷科","110/07/28","國泰-桃園",0,21,-21
"13997","6207雷科","110/07/28","群益金鼎-敦南",51,16,35
"13998","6207雷科","110/07/28","凱基-中壢",0,21,-21
"13999","6207雷科","110/07/28","日盛-忠孝",31,0,31
"14000","6207雷科","110/07/28","富邦-台北",4,24,-20
"14001","6207雷科","110/07/28","港商野村",32,8,24
"14002","6207雷科","110/07/28","臺銀-臺南",0,19,-19
"14003","6207雷科","110/07/28","群益金鼎-東門",22,0,22
"14004","6207雷科","110/07/28","新光",5,24,-19
"14005","6207雷科","110/07/28","統一-高雄",41,20,21
"14006","6207雷科","110/07/28","群益金鼎-大甲",1,20,-19
"14007","6207雷科","110/07/28","群益金鼎-延平",21,0,21
"14008","6207雷科","110/07/28","元大-中壢",10,28,-18
"14009","6207雷科","110/07/28","彰銀-台中",20,0,20
"14010","6207雷科","110/07/28","永豐金-北高雄",3,20,-17
"14011","3679新至陞","110/07/28","華南永昌-淡水",10,0,10
"14012","3679新至陞","110/07/28","瑞士信貸",0,25,-25
"14013","3679新至陞","110/07/28","富邦-嘉義",10,0,10
"14014","3679新至陞","110/07/28","凱基-台北",6,14,-8
"14015","3679新至陞","110/07/28","台中銀-員林",11,2,9
"14016","3679新至陞","110/07/28","美林",5,12,-7
"14017","3679新至陞","110/07/28","大昌-樹林",7,0,7
"14018","3679新至陞","110/07/28","摩根大通",5,11,-6
"14019","3679新至陞","110/07/28","康和-澎湖",5,0,5
"14020","3679新至陞","110/07/28","兆豐-新莊",0,5,-5
"14021","3679新至陞","110/07/28","富邦-台北",5,0,5
"14022","3679新至陞","110/07/28","群益金鼎-新莊",0,5,-5
"14023","3679新至陞","110/07/28","元大-成功",5,0,5
"14024","3679新至陞","110/07/28","台灣摩根士丹利",0,4,-4
"14025","3679新至陞","110/07/28","新加坡商瑞銀",3,0,3
"14026","3679新至陞","110/07/28","日盛-新竹",0,3,-3
"14027","3679新至陞","110/07/28","中國信託-新竹",3,0,3
"14028","3679新至陞","110/07/28","群益金鼎-東門",0,3,-3
"14029","3679新至陞","110/07/28","元大-新莊",3,0,3
"14030","3679新至陞","110/07/28","元大證券",0,3,-3
"14031","3679新至陞","110/07/28","宏遠-光隆",2,0,2
"14032","3679新至陞","110/07/28","元大-忠孝",0,3,-3
"14033","3679新至陞","110/07/28","大慶-蘆洲",2,0,2
"14034","3679新至陞","110/07/28","合庫-西台中",0,2,-2
"14035","3679新至陞","110/07/28","台新-左楠",2,0,2
"14036","3679新至陞","110/07/28","日盛-板橋",0,2,-2
"14037","3679新至陞","110/07/28","群益金鼎-三重",2,0,2
"14038","3679新至陞","110/07/28","國票-桃園",0,2,-2
"14039","3679新至陞","110/07/28","華南永昌-高雄",2,0,2
"14040","3679新至陞","110/07/28","台新-台南",0,2,-2
"14041","2727王品","110/07/28","凱基-台北",139,50,89
"14042","2727王品","110/07/28","新光-台中",9,68,-59
"14043","2727王品","110/07/28","美林",77,10,67
"14044","2727王品","110/07/28","瑞士信貸",16,54,-38
"14045","2727王品","110/07/28","港商野村",118,64,54
"14046","2727王品","110/07/28","華南永昌",4,41,-37
"14047","2727王品","110/07/28","國泰-敦南",51,30,21
"14048","2727王品","110/07/28","美商高盛",2,30,-28
"14049","2727王品","110/07/28","新加坡商瑞銀",58,38,20
"14050","2727王品","110/07/28","富邦-板橋",17,38,-21
"14051","2727王品","110/07/28","永豐金-中盛",24,4,20
"14052","2727王品","110/07/28","富邦-竹北",0,20,-20
"14053","2727王品","110/07/28","元大-南崁",20,2,18
"14054","2727王品","110/07/28","元大-小港",1,21,-20
"14055","2727王品","110/07/28","摩根大通",48,32,16
"14056","2727王品","110/07/28","凱基",0,18,-18
"14057","2727王品","110/07/28","臺銀-高雄",14,0,14
"14058","2727王品","110/07/28","統一",15,31,-16
"14059","2727王品","110/07/28","永豐金-桃盛",19,5,14
"14060","2727王品","110/07/28","國泰-台中",12,28,-16
"14061","2727王品","110/07/28","凱基-內湖",13,0,13
"14062","2727王品","110/07/28","元大-台中",7,22,-15
"14063","2727王品","110/07/28","永豐金-中正",15,2,13
"14064","2727王品","110/07/28","華南永昌-麻豆",0,14,-14
"14065","2727王品","110/07/28","富邦-建國",18,7,11
"14066","2727王品","110/07/28","永豐金-豐原",1,15,-14
"14067","2727王品","110/07/28","富邦-陽明",15,5,10
"14068","2727王品","110/07/28","國票-內壢",1,14,-13
"14069","2727王品","110/07/28","元大-南京",10,0,10
"14070","2727王品","110/07/28","永豐金證券",2,15,-13
"14071","1570力肯","110/07/28","國泰-敦南",50,0,50
"14072","1570力肯","110/07/28","元大-高雄",0,42,-42
"14073","1570力肯","110/07/28","群益金鼎-高雄",31,0,31
"14074","1570力肯","110/07/28","國票-新莊",0,14,-14
"14075","1570力肯","110/07/28","元富-延平",15,0,15
"14076","1570力肯","110/07/28","凱基-站前",0,10,-10
"14077","1570力肯","110/07/28","(牛牛牛)亞-鑫豐",10,0,10
"14078","1570力肯","110/07/28","凱基-台北",0,10,-10
"14079","1570力肯","110/07/28","元富-緯城",6,0,6
"14080","1570力肯","110/07/28","元大-忠孝",0,10,-10
"14081","1570力肯","110/07/28","合庫-自強",5,0,5
"14082","1570力肯","110/07/28","台灣摩根士丹利",0,9,-9
"14083","1570力肯","110/07/28","臺銀-臺南",4,0,4
"14084","1570力肯","110/07/28","群益金鼎-板橋",0,8,-8
"14085","1570力肯","110/07/28","兆豐-台中港",3,0,3
"14086","1570力肯","110/07/28","永豐金-大園",0,7,-7
"14087","1570力肯","110/07/28","日盛-板橋",2,0,2
"14088","1570力肯","110/07/28","元大-台南",0,5,-5
"14089","1570力肯","110/07/28","統一-松江",2,0,2
"14090","1570力肯","110/07/28","合庫-台中",0,4,-4
"14091","1570力肯","110/07/28","台新-三民",2,0,2
"14092","1570力肯","110/07/28","富邦-板橋",0,3,-3
"14093","1570力肯","110/07/28","群益金鼎-土城",2,0,2
"14094","1570力肯","110/07/28","元大-板橋",0,3,-3
"14095","1570力肯","110/07/28","元大-和平",2,0,2
"14096","1570力肯","110/07/28","統一-桃園",0,2,-2
"14097","1570力肯","110/07/28","元大-土城永寧",2,0,2
"14098","1570力肯","110/07/28","凱基-三多",0,2,-2
"14099","1570力肯","110/07/28","大昌-樹林",1,0,1
"14100","1570力肯","110/07/28","華南永昌-高雄",0,2,-2
"14101","6180橘子","110/07/28","凱基-台北",152,85,67
"14102","6180橘子","110/07/28","摩根大通",20,92,-72
"14103","6180橘子","110/07/28","新光",57,18,39
"14104","6180橘子","110/07/28","大慶-台中",0,33,-33
"14105","6180橘子","110/07/28","美商高盛",49,12,37
"14106","6180橘子","110/07/28","兆豐證券",0,25,-25
"14107","6180橘子","110/07/28","第一金-安和",20,0,20
"14108","6180橘子","110/07/28","元大-上新莊",0,22,-22
"14109","6180橘子","110/07/28","元富-桃園",20,0,20
"14110","6180橘子","110/07/28","新加坡商瑞銀",23,44,-21
"14111","6180橘子","110/07/28","第一金-員林",19,0,19
"14112","6180橘子","110/07/28","富邦-內湖",0,21,-21
"14113","6180橘子","110/07/28","富邦-嘉義",22,4,18
"14114","6180橘子","110/07/28","第一金-新興",0,20,-20
"14115","6180橘子","110/07/28","統一-嘉義",16,0,16
"14116","6180橘子","110/07/28","臺銀-臺南",5,22,-17
"14117","6180橘子","110/07/28","國票-九鼎",15,0,15
"14118","6180橘子","110/07/28","第一金-忠孝",0,10,-10
"14119","6180橘子","110/07/28","華南永昌-朴子",14,0,14
"14120","6180橘子","110/07/28","元富-屏東",0,10,-10
"14121","6180橘子","110/07/28","群益金鼎-台南",13,0,13
"14122","6180橘子","110/07/28","凱基-八德",1,11,-10
"14123","6180橘子","110/07/28","富邦-建國",13,1,12
"14124","6180橘子","110/07/28","元大-和平",1,11,-10
"14125","6180橘子","110/07/28","富邦-板橋",16,5,11
"14126","6180橘子","110/07/28","元大-台中中港",0,10,-10
"14127","6180橘子","110/07/28","元富-新店",10,0,10
"14128","6180橘子","110/07/28","元大-南屯",0,9,-9
"14129","6180橘子","110/07/28","元大-台南",10,0,10
"14130","6180橘子","110/07/28","永豐金-屏東",0,9,-9
"14131","2390云辰","110/07/28","摩根大通",1589,780,809
"14132","2390云辰","110/07/28","華南永昌-鳳山",34,290,-256
"14133","2390云辰","110/07/28","凱基-台北",457,300,157
"14134","2390云辰","110/07/28","凱基-基隆",0,224,-224
"14135","2390云辰","110/07/28","美林",330,206,124
"14136","2390云辰","110/07/28","元富-高雄",56,177,-121
"14137","2390云辰","110/07/28","元富-同大",159,35,124
"14138","2390云辰","110/07/28","元富-中港",1,100,-99
"14139","2390云辰","110/07/28","台灣摩根士丹利",193,71,122
"14140","2390云辰","110/07/28","兆豐-公益",4,100,-96
"14141","2390云辰","110/07/28","元大-前金",150,49,101
"14142","2390云辰","110/07/28","統一-新台中",180,274,-94
"14143","2390云辰","110/07/28","永豐金-鳳山",110,18,92
"14144","2390云辰","110/07/28","日盛-新莊",4,76,-72
"14145","2390云辰","110/07/28","元大-林園",99,11,88
"14146","2390云辰","110/07/28","永豐金-新店",0,57,-57
"14147","2390云辰","110/07/28","元大-信義",121,35,86
"14148","2390云辰","110/07/28","華南永昌-內壢",0,56,-56
"14149","2390云辰","110/07/28","美商高盛",206,123,83
"14150","2390云辰","110/07/28","第一金-豐原",9,63,-54
"14151","2390云辰","110/07/28","統一-城中",101,37,64
"14152","2390云辰","110/07/28","華南永昌-中正",13,67,-54
"14153","2390云辰","110/07/28","元大-竹山",75,20,55
"14154","2390云辰","110/07/28","元大-大益",7,59,-52
"14155","2390云辰","110/07/28","豐農",79,25,54
"14156","2390云辰","110/07/28","大慶",0,50,-50
"14157","2390云辰","110/07/28","新加坡商瑞銀",68,15,53
"14158","2390云辰","110/07/28","凱基-豐中",3,49,-46
"14159","2390云辰","110/07/28","統一-屏東",54,5,49
"14160","2390云辰","110/07/28","元大-彰化民生",7,51,-44
"14161","1471首利","110/07/27","永全-八德",50,0,50
"14162","1471首利","110/07/27","國票-九鼎",0,306,-306
"14163","1471首利","110/07/27","中國信託-松江",48,0,48
"14164","1471首利","110/07/27","兆豐-天母",1,115,-114
"14165","1471首利","110/07/27","富邦-嘉義",40,0,40
"14166","1471首利","110/07/27","美林",0,42,-42
"14167","1471首利","110/07/27","富邦-台南",33,0,33
"14168","1471首利","110/07/27","摩根大通",45,75,-30
"14169","1471首利","110/07/27","(牛牛牛)亞-鑫豐",32,0,32
"14170","1471首利","110/07/27","凱基-八德",0,30,-30
"14171","1471首利","110/07/27","台灣企銀-太平",25,0,25
"14172","1471首利","110/07/27","中國信託-高雄",0,25,-25
"14173","1471首利","110/07/27","群益金鼎-台中",23,0,23
"14174","1471首利","110/07/27","統一-新台中",0,24,-24
"14175","1471首利","110/07/27","元富-潮州",20,0,20
"14176","1471首利","110/07/27","聯邦-高雄",0,21,-21
"14177","1471首利","110/07/27","凱基-信義",20,0,20
"14178","1471首利","110/07/27","德信-中正",0,20,-20
"14179","1471首利","110/07/27","富邦-基隆",26,8,18
"14180","1471首利","110/07/27","元大-福營",3,20,-17
"14181","1471首利","110/07/27","日盛-高雄",17,0,17
"14182","1471首利","110/07/27","凱基-宜蘭",0,16,-16
"14183","1471首利","110/07/27","國泰-敦南",16,2,14
"14184","1471首利","110/07/27","凱基-天母",0,15,-15
"14185","1471首利","110/07/27","元大-大甲",13,0,13
"14186","1471首利","110/07/27","第一金-高雄",6,20,-14
"14187","1471首利","110/07/27","合庫-鳳山",12,0,12
"14188","1471首利","110/07/27","元大-中壢",0,13,-13
"14189","1471首利","110/07/27","日盛-大墩",12,0,12
"14190","1471首利","110/07/27","元富-安南",0,12,-12
"14191","2883開發金","110/07/27","元富",1762,67,1695
"14192","2883開發金","110/07/27","美林",0,11931,-11931
"14193","2883開發金","110/07/27","福邦證券",1450,0,1450
"14194","2883開發金","110/07/27","新加坡商瑞銀",1513,8370,-6857
"14195","2883開發金","110/07/27","凱基",1422,0,1422
"14196","2883開發金","110/07/27","凱基-台北",1081,5265,-4184
"14197","2883開發金","110/07/27","瑞士信貸",2044,731,1313
"14198","2883開發金","110/07/27","摩根大通",612,3392,-2780
"14199","2883開發金","110/07/27","台灣摩根士丹利",2112,921,1191
"14200","2883開發金","110/07/27","統一-仁愛",31,2002,-1971
"14201","2883開發金","110/07/27","新光",1474,461,1013
"14202","2883開發金","110/07/27","兆豐證券",192,1910,-1718
"14203","2883開發金","110/07/27","國票-長城",1003,20,983
"14204","2883開發金","110/07/27","(牛牛牛)亞-鑫豐",276,1815,-1539
"14205","2883開發金","110/07/27","台新證券",1207,362,845
"14206","2883開發金","110/07/27","永豐金-板橋",197,1610,-1413
"14207","2883開發金","110/07/27","港商野村",2209,1498,711
"14208","2883開發金","110/07/27","美商高盛",16,1337,-1321
"14209","2883開發金","110/07/27","永豐金-彰化",680,26,654
"14210","2883開發金","110/07/27","兆豐-北高雄",60,1360,-1300
"14211","2883開發金","110/07/27","台新-高雄",918,265,653
"14212","2883開發金","110/07/27","兆豐-景美",26,1070,-1044
"14213","2883開發金","110/07/27","國泰-敦南",1273,634,639
"14214","2883開發金","110/07/27","亞東-新竹",7,1001,-994
"14215","2883開發金","110/07/27","元大證券",876,246,630
"14216","2883開發金","110/07/27","富邦-羅東",201,1098,-897
"14217","2883開發金","110/07/27","致和證券",684,92,592
"14218","2883開發金","110/07/27","統一",159,811,-652
"14219","2883開發金","110/07/27","元大-民生",550,2,548
"14220","2883開發金","110/07/27","香港上海匯豐",0,584,-584
"14221","6205詮欣","110/07/27","土銀-和平",20,0,20
"14222","6205詮欣","110/07/27","摩根大通",3,22,-19
"14223","6205詮欣","110/07/27","臺銀-民權",20,6,14
"14224","6205詮欣","110/07/27","瑞士信貸",5,16,-11
"14225","6205詮欣","110/07/27","台新證券",5,0,5
"14226","6205詮欣","110/07/27","臺銀-鳳山",0,6,-6
"14227","6205詮欣","110/07/27","華南永昌-小港",5,0,5
"14228","6205詮欣","110/07/27","臺銀-新竹",0,5,-5
"14229","6205詮欣","110/07/27","日盛-新莊",4,0,4
"14230","6205詮欣","110/07/27","國票-和平",0,4,-4
"14231","6205詮欣","110/07/27","元富-三重",4,0,4
"14232","6205詮欣","110/07/27","凱基-東門",0,4,-4
"14233","6205詮欣","110/07/27","致和-佳里",4,1,3
"14234","6205詮欣","110/07/27","富邦-花蓮",0,3,-3
"14235","6205詮欣","110/07/27","華南永昌-岡山",3,0,3
"14236","6205詮欣","110/07/27","元大-北投",0,3,-3
"14237","6205詮欣","110/07/27","元大-成功",3,0,3
"14238","6205詮欣","110/07/27","元大-民生",2,5,-3
"14239","6205詮欣","110/07/27","土銀-嘉義",2,0,2
"14240","6205詮欣","110/07/27","日盛-三重",0,2,-2
"14241","6205詮欣","110/07/27","第一金-光復",2,0,2
"14242","6205詮欣","110/07/27","日盛-北高雄",0,2,-2
"14243","6205詮欣","110/07/27","統一-屏東",2,0,2
"14244","6205詮欣","110/07/27","港商野村",0,2,-2
"14245","6205詮欣","110/07/27","元富-新莊",2,0,2
"14246","6205詮欣","110/07/27","統一-彰化",0,2,-2
"14247","6205詮欣","110/07/27","兆豐-竹北",2,0,2
"14248","6205詮欣","110/07/27","永全",0,2,-2
"14249","6205詮欣","110/07/27","新光",2,0,2
"14250","6205詮欣","110/07/27","兆豐-西螺",0,2,-2
"14251","1540喬福","110/07/27","富邦-員林",10,0,10
"14252","1540喬福","110/07/27","合庫-台中",0,26,-26
"14253","1540喬福","110/07/27","元大-中壢",10,0,10
"14254","1540喬福","110/07/27","統一-新台中",0,25,-25
"14255","1540喬福","110/07/27","凱基-台中",8,0,8
"14256","1540喬福","110/07/27","元大-斗六",0,10,-10
"14257","1540喬福","110/07/27","大慶-中壢",5,0,5
"14258","1540喬福","110/07/27","凱基-中港",0,9,-9
"14259","1540喬福","110/07/27","兆豐-北高雄",5,0,5
"14260","1540喬福","110/07/27","國票-中正",0,8,-8
"14261","1540喬福","110/07/27","兆豐-三民",5,0,5
"14262","1540喬福","110/07/27","臺銀-臺中",0,5,-5
"14263","1540喬福","110/07/27","台新-台中",5,0,5
"14264","1540喬福","110/07/27","元富-中原",0,5,-5
"14265","1540喬福","110/07/27","國票-九鼎",4,0,4
"14266","1540喬福","110/07/27","新光-桃園",0,5,-5
"14267","1540喬福","110/07/27","富邦-高雄",5,1,4
"14268","1540喬福","110/07/27","大昌-新竹",0,4,-4
"14269","1540喬福","110/07/27","永豐金-羅東",4,0,4
"14270","1540喬福","110/07/27","元大-員林中山",0,4,-4
"14271","1540喬福","110/07/27","台新證券",3,0,3
"14272","1540喬福","110/07/27","群益金鼎-瑞豐",0,3,-3
"14273","1540喬福","110/07/27","華南永昌-台中",3,0,3
"14274","1540喬福","110/07/27","凱基-台北",0,3,-3
"14275","1540喬福","110/07/27","富邦-台東",3,0,3
"14276","1540喬福","110/07/27","富邦-建國",0,3,-3
"14277","1540喬福","110/07/27","元大-台中中港",3,0,3
"14278","1540喬福","110/07/27","國票-北投",0,2,-2
"14279","1540喬福","110/07/27","亞東",2,0,2
"14280","1540喬福","110/07/27","元大-鳳山",0,2,-2
"14281","2888新光金","110/07/27","台灣摩根士丹利",11737,746,10991
"14282","2888新光金","110/07/27","玉山-城中",112,6002,-5890
"14283","2888新光金","110/07/27","美林",3692,417,3275
"14284","2888新光金","110/07/27","新加坡商瑞銀",120,5935,-5815
"14285","2888新光金","110/07/27","凱基-台北",4378,2713,1665
"14286","2888新光金","110/07/27","摩根大通",1586,7187,-5601
"14287","2888新光金","110/07/27","凱基-台南",1551,3,1548
"14288","2888新光金","110/07/27","富邦-建國",298,5641,-5343
"14289","2888新光金","110/07/27","台新證券",1494,124,1370
"14290","2888新光金","110/07/27","第一金-高雄",81,5014,-4933
"14291","2888新光金","110/07/27","新光",2434,1212,1222
"14292","2888新光金","110/07/27","瑞士信貸",191,4524,-4333
"14293","2888新光金","110/07/27","元大-四維",1246,25,1221
"14294","2888新光金","110/07/27","兆豐-鹿港",45,2632,-2587
"14295","2888新光金","110/07/27","富隆-長安",1070,0,1070
"14296","2888新光金","110/07/27","國票-彰化",3,1803,-1800
"14297","2888新光金","110/07/27","永豐金-萬盛",1052,0,1052
"14298","2888新光金","110/07/27","港商野村",0,1434,-1434
"14299","2888新光金","110/07/27","法銀巴黎",1116,120,996
"14300","2888新光金","110/07/27","統一-高雄",173,1511,-1338
"14301","2888新光金","110/07/27","凱基-竹科",853,4,849
"14302","2888新光金","110/07/27","群益金鼎-古亭",40,1202,-1162
"14303","2888新光金","110/07/27","元大-斗信",874,50,824
"14304","2888新光金","110/07/27","日盛-樹林",34,1034,-1000
"14305","2888新光金","110/07/27","日盛-景美",811,119,692
"14306","2888新光金","110/07/27","統一-土城",18,1000,-982
"14307","2888新光金","110/07/27","元富-世貿",568,2,566
"14308","2888新光金","110/07/27","元大-鹿港",125,1057,-932
"14309","2888新光金","110/07/27","日盛-雙和",567,2,565
"14310","2888新光金","110/07/27","新光-桃園",91,993,-902
"14311","1340勝悅","110/07/27","亞東-台中",15,0,15
"14312","1340勝悅","110/07/27","凱基-岡山",0,25,-25
"14313","1340勝悅","110/07/27","元大-路竹",15,0,15
"14314","1340勝悅","110/07/27","合庫-嘉義",0,14,-14
"14315","1340勝悅","110/07/27","臺銀-臺中",7,0,7
"14316","1340勝悅","110/07/27","元大-北港",0,14,-14
"14317","1340勝悅","110/07/27","台新-台中",7,0,7
"14318","1340勝悅","110/07/27","凱基-台北",0,12,-12
"14319","1340勝悅","110/07/27","元大-屏南",6,0,6
"14320","1340勝悅","110/07/27","兆豐-三民",0,7,-7
"14321","1340勝悅","110/07/27","臺灣企銀-埔墘",5,0,5
"14322","1340勝悅","110/07/27","華南永昌-台中",1,7,-6
"14323","1340勝悅","110/07/27","日盛-板橋",5,0,5
"14324","1340勝悅","110/07/27","日盛-信義",0,5,-5
"14325","1340勝悅","110/07/27","日盛-新莊",5,0,5
"14326","1340勝悅","110/07/27","德信-和平",0,5,-5
"14327","1340勝悅","110/07/27","臺銀-鳳山",4,0,4
"14328","1340勝悅","110/07/27","台新證券",0,5,-5
"14329","1340勝悅","110/07/27","玉山-城中",4,0,4
"14330","1340勝悅","110/07/27","新光-高雄",0,4,-4
"14331","1340勝悅","110/07/27","美商高盛",3,0,3
"14332","1340勝悅","110/07/27","瑞士信貸",0,2,-2
"14333","1340勝悅","110/07/27","(牛牛牛)亞-鑫豐",3,0,3
"14334","1340勝悅","110/07/27","港商野村",0,2,-2
"14335","1340勝悅","110/07/27","國票-長城",2,0,2
"14336","1340勝悅","110/07/27","台新-高雄",1,3,-2
"14337","1340勝悅","110/07/27","新光",2,0,2
"14338","1340勝悅","110/07/27","玉山證券",0,2,-2
"14339","1340勝悅","110/07/27","群益金鼎-館前",2,0,2
"14340","1340勝悅","110/07/27","玉山-南京東路",0,2,-2
"14341","6246臺龍","110/07/27","永豐金-桃園",135,0,135
"14342","6246臺龍","110/07/27","元大-木柵",0,59,-59
"14343","6246臺龍","110/07/27","港商野村",111,30,81
"14344","6246臺龍","110/07/27","日盛-景美",0,52,-52
"14345","6246臺龍","110/07/27","元大-西螺",31,0,31
"14346","6246臺龍","110/07/27","華南永昌-彰化",0,46,-46
"14347","6246臺龍","110/07/27","群益金鼎-鳳山",27,0,27
"14348","6246臺龍","110/07/27","兆豐-松德",0,43,-43
"14349","6246臺龍","110/07/27","永豐金-虎尾",27,0,27
"14350","6246臺龍","110/07/27","華南永昌-公誠",5,35,-30
"14351","6246臺龍","110/07/27","玉山-台南",28,2,26
"14352","6246臺龍","110/07/27","凱基-幸福",0,28,-28
"14353","6246臺龍","110/07/27","元大-西屯",25,0,25
"14354","6246臺龍","110/07/27","元富-安南",0,22,-22
"14355","6246臺龍","110/07/27","國泰-忠孝",23,0,23
"14356","6246臺龍","110/07/27","日盛-文化",0,20,-20
"14357","6246臺龍","110/07/27","元大-大里",21,0,21
"14358","6246臺龍","110/07/27","兆豐-寶成",0,20,-20
"14359","6246臺龍","110/07/27","兆豐-竹北",20,0,20
"14360","6246臺龍","110/07/27","華南永昌-虎尾",0,20,-20
"14361","6246臺龍","110/07/27","元大-員林",20,0,20
"14362","6246臺龍","110/07/27","永豐金-埔里",0,19,-19
"14363","6246臺龍","110/07/27","永豐金-敦南",20,0,20
"14364","6246臺龍","110/07/27","兆豐-新營",2,20,-18
"14365","6246臺龍","110/07/27","永豐金-羅東",23,5,18
"14366","6246臺龍","110/07/27","新光-台中",3,20,-17
"14367","6246臺龍","110/07/27","永豐金-桃盛",18,0,18
"14368","6246臺龍","110/07/27","凱基-市政",0,17,-17
"14369","6246臺龍","110/07/27","統一",16,0,16
"14370","6246臺龍","110/07/27","元大-蘆洲",0,16,-16
"14371","00715L期街口布蘭特正2","110/07/27","元大證券",10436,28,10408
"14372","00715L期街口布蘭特正2","110/07/27","元大-萬華",0,751,-751
"14373","00715L期街口布蘭特正2","110/07/27","凱基-台北",4269,129,4140
"14374","00715L期街口布蘭特正2","110/07/27","元大-大里德芳",0,734,-734
"14375","00715L期街口布蘭特正2","110/07/27","群益金鼎",3798,0,3798
"14376","00715L期街口布蘭特正2","110/07/27","新光",380,1105,-725
"14377","00715L期街口布蘭特正2","110/07/27","永豐金證券",2610,22,2588
"14378","00715L期街口布蘭特正2","110/07/27","(牛牛牛)亞-網路",10,697,-687
"14379","00715L期街口布蘭特正2","110/07/27","國票",2605,21,2584
"14380","00715L期街口布蘭特正2","110/07/27","日盛-新莊",5,550,-545
"14381","00715L期街口布蘭特正2","110/07/27","富邦證券",1522,0,1522
"14382","00715L期街口布蘭特正2","110/07/27","玉山-高雄",7,494,-487
"14383","00715L期街口布蘭特正2","110/07/27","合庫證券",1507,239,1268
"14384","00715L期街口布蘭特正2","110/07/27","華南永昌",1,471,-470
"14385","00715L期街口布蘭特正2","110/07/27","元富",1102,0,1102
"14386","00715L期街口布蘭特正2","110/07/27","華南永昌-竹北",0,469,-469
"14387","00715L期街口布蘭特正2","110/07/27","凱基",980,0,980
"14388","00715L期街口布蘭特正2","110/07/27","兆豐-嘉義",0,420,-420
"14389","00715L期街口布蘭特正2","110/07/27","國票-博愛",702,0,702
"14390","00715L期街口布蘭特正2","110/07/27","國票-九鼎",0,409,-409
"14391","00715L期街口布蘭特正2","110/07/27","統一",796,117,679
"14392","00715L期街口布蘭特正2","110/07/27","統一-高雄",0,405,-405
"14393","00715L期街口布蘭特正2","110/07/27","華南永昌-長虹",810,185,625
"14394","00715L期街口布蘭特正2","110/07/27","富邦-彰化",0,402,-402
"14395","00715L期街口布蘭特正2","110/07/27","港商野村",1076,494,582
"14396","00715L期街口布蘭特正2","110/07/27","元大-羅東",0,400,-400
"14397","00715L期街口布蘭特正2","110/07/27","永豐金-三重",500,16,484
"14398","00715L期街口布蘭特正2","110/07/27","富邦-高雄",0,398,-398
"14399","00715L期街口布蘭特正2","110/07/27","元大-敦化",420,0,420
"14400","00715L期街口布蘭特正2","110/07/27","新光-台中",17,391,-374
"14401","8941關中","110/07/27","富邦-仁愛",4,0,4
"14402","8941關中","110/07/27","光和-溪湖",0,2,-2
"14403","8941關中","110/07/27","日盛-新莊",1,0,1
"14404","8941關中","110/07/27","富邦-園區",0,2,-2
"14405","8941關中","110/07/27","台新-高雄",1,0,1
"14406","8941關中","110/07/27","合庫-高雄",0,1,-1
"14407","8941關中","110/07/27","元大-金華",1,0,1
"14408","8941關中","110/07/27","凱基-台北",0,1,-1
"14409","8941關中","110/07/27","臺銀-鳳山",0,0,0
"14410","8941關中","110/07/27","富邦-台東",0,1,-1
"14411","8941關中","110/07/27","日盛-花蓮",0,0,0
"14412","8941關中","110/07/27","臺銀-鳳山",0,0,0
"14413","8941關中","110/07/27","康和-板橋",0,0,0
"14414","8941關中","110/07/27","日盛-花蓮",0,0,0
"14415","8941關中","110/07/27","富邦-宜蘭",0,0,0
"14416","8941關中","110/07/27","康和-板橋",0,0,0
"14417","8941關中","110/07/27","元大-新竹經國",0,0,0
"14418","8941關中","110/07/27","富邦-宜蘭",0,0,0
"14419","8941關中","110/07/27","永豐金-萬盛",0,0,0
"14420","8941關中","110/07/27","元大-新竹經國",0,0,0
"14421","8941關中","110/07/27","永豐金-桃盛",0,0,0
"14422","8941關中","110/07/27","永豐金-萬盛",0,0,0
"14423","8941關中","110/07/27","",NA,NA,NA
"14424","8941關中","110/07/27","永豐金-桃盛",0,0,0
"14425","8941關中","110/07/27","",NA,NA,NA
"14426","8941關中","110/07/27","",NA,NA,NA
"14427","8941關中","110/07/27","",NA,NA,NA
"14428","8941關中","110/07/27","",NA,NA,NA
"14429","8941關中","110/07/27","",NA,NA,NA
"14430","8941關中","110/07/27","",NA,NA,NA
"14431","8936國統","110/07/27","日盛-景美",100,0,100
"14432","8936國統","110/07/27","摩根大通",115,220,-105
"14433","8936國統","110/07/27","大慶-蘆洲",90,0,90
"14434","8936國統","110/07/27","玉山-桃園",0,75,-75
"14435","8936國統","110/07/27","台新-建北",60,0,60
"14436","8936國統","110/07/27","凱基-台北",13,77,-64
"14437","8936國統","110/07/27","日盛-忠孝",40,1,39
"14438","8936國統","110/07/27","元富-大昌",2,50,-48
"14439","8936國統","110/07/27","新加坡商瑞銀",109,71,38
"14440","8936國統","110/07/27","華南永昌-台中",4,45,-41
"14441","8936國統","110/07/27","華南永昌",30,0,30
"14442","8936國統","110/07/27","新光-台中",26,66,-40
"14443","8936國統","110/07/27","兆豐-來福",29,0,29
"14444","8936國統","110/07/27","台灣摩根士丹利",20,54,-34
"14445","8936國統","110/07/27","元大-旗山",28,0,28
"14446","8936國統","110/07/27","元大-東蘆",0,34,-34
"14447","8936國統","110/07/27","元大-松江",27,0,27
"14448","8936國統","110/07/27","富邦-仁愛",1,34,-33
"14449","8936國統","110/07/27","新光",41,19,22
"14450","8936國統","110/07/27","凱基-板橋",0,31,-31
"14451","8936國統","110/07/27","元富-林園",20,0,20
"14452","8936國統","110/07/27","凱基-信義",0,30,-30
"14453","8936國統","110/07/27","玉山-高雄",20,0,20
"14454","8936國統","110/07/27","瑞士信貸",1,30,-29
"14455","8936國統","110/07/27","凱基-桃園",23,3,20
"14456","8936國統","110/07/27","元大-花蓮",2,24,-22
"14457","8936國統","110/07/27","永豐金-永康",20,0,20
"14458","8936國統","110/07/27","元富-緯城",0,20,-20
"14459","8936國統","110/07/27","日盛-屏東",23,4,19
"14460","8936國統","110/07/27","群益金鼎-宜蘭",0,20,-20
"14461","6226光鼎","110/07/27","第一金-忠孝",405,4,401
"14462","6226光鼎","110/07/27","華南永昌-台南",5,240,-235
"14463","6226光鼎","110/07/27","台新-台中",272,75,197
"14464","6226光鼎","110/07/27","大慶-泰山",0,201,-201
"14465","6226光鼎","110/07/27","凱基-和平",155,7,148
"14466","6226光鼎","110/07/27","富邦-員林",2,151,-149
"14467","6226光鼎","110/07/27","新加坡商瑞銀",133,0,133
"14468","6226光鼎","110/07/27","群益金鼎-東大",23,165,-142
"14469","6226光鼎","110/07/27","統一-敦南",126,3,123
"14470","6226光鼎","110/07/27","元大-景美",3,132,-129
"14471","6226光鼎","110/07/27","台灣摩根士丹利",129,8,121
"14472","6226光鼎","110/07/27","台新-高雄",84,186,-102
"14473","6226光鼎","110/07/27","統一-新竹",117,1,116
"14474","6226光鼎","110/07/27","合庫證券",27,121,-94
"14475","6226光鼎","110/07/27","日盛證券",122,13,109
"14476","6226光鼎","110/07/27","致和-佳里",5,81,-76
"14477","6226光鼎","110/07/27","元大-潮州",101,1,100
"14478","6226光鼎","110/07/27","永豐金-南投",3,77,-74
"14479","6226光鼎","110/07/27","國泰-敦南",232,145,87
"14480","6226光鼎","110/07/27","台新-新莊",1,57,-56
"14481","6226光鼎","110/07/27","摩根大通",86,0,86
"14482","6226光鼎","110/07/27","日盛-中壢",11,64,-53
"14483","6226光鼎","110/07/27","元富",80,0,80
"14484","6226光鼎","110/07/27","日進",11,63,-52
"14485","6226光鼎","110/07/27","華南永昌-嘉義",80,1,79
"14486","6226光鼎","110/07/27","高橋",13,64,-51
"14487","6226光鼎","110/07/27","元大-高雄",70,3,67
"14488","6226光鼎","110/07/27","元大-土城",1,52,-51
"14489","6226光鼎","110/07/27","華南永昌",82,21,61
"14490","6226光鼎","110/07/27","華南永昌-林口",11,60,-49
"14491","2363矽統","110/07/27","國泰-敦南",541,118,423
"14492","2363矽統","110/07/27","摩根大通",317,1405,-1088
"14493","2363矽統","110/07/27","台新證券",564,333,231
"14494","2363矽統","110/07/27","美林",210,1095,-885
"14495","2363矽統","110/07/27","元大-沙鹿",196,9,187
"14496","2363矽統","110/07/27","港商野村",275,1065,-790
"14497","2363矽統","110/07/27","新光",300,151,149
"14498","2363矽統","110/07/27","凱基-台北",518,1192,-674
"14499","2363矽統","110/07/27","華南永昌-台南",108,3,105
"14500","2363矽統","110/07/27","新加坡商瑞銀",213,703,-490
"14501","2363矽統","110/07/27","華南永昌-朴子",140,43,97
"14502","2363矽統","110/07/27","富邦-南屯",6,272,-266
"14503","2363矽統","110/07/27","華南永昌-公誠",109,13,96
"14504","2363矽統","110/07/27","美商高盛",31,233,-202
"14505","2363矽統","110/07/27","元富-松德",95,1,94
"14506","2363矽統","110/07/27","元大證券",38,235,-197
"14507","2363矽統","110/07/27","中國信託-永康",102,8,94
"14508","2363矽統","110/07/27","永豐金證券",15,201,-186
"14509","2363矽統","110/07/27","台新-三民",111,21,90
"14510","2363矽統","110/07/27","亞東",46,206,-160
"14511","2363矽統","110/07/27","凱基-中港",85,3,82
"14512","2363矽統","110/07/27","群益金鼎",21,169,-148
"14513","2363矽統","110/07/27","元富-烏日",87,6,81
"14514","2363矽統","110/07/27","第一金-嘉義",0,100,-100
"14515","2363矽統","110/07/27","富邦-台北",135,56,79
"14516","2363矽統","110/07/27","凱基-彰化",9,100,-91
"14517","2363矽統","110/07/27","元大-復北",81,12,69
"14518","2363矽統","110/07/27","元富-佳里",27,97,-70
"14519","2363矽統","110/07/27","中國信託-忠孝",94,26,68
"14520","2363矽統","110/07/27","合庫-桃園",8,76,-68
"14521","8112至上","110/07/27","凱基-竹科",300,10,290
"14522","8112至上","110/07/27","凱基-三重",1,501,-500
"14523","8112至上","110/07/27","台灣摩根士丹利",271,49,222
"14524","8112至上","110/07/27","美林",21,339,-318
"14525","8112至上","110/07/27","摩根大通",488,427,61
"14526","8112至上","110/07/27","凱基-台北",423,615,-192
"14527","8112至上","110/07/27","香港上海匯豐",61,0,61
"14528","8112至上","110/07/27","港商野村",83,183,-100
"14529","8112至上","110/07/27","日盛證券",62,4,58
"14530","8112至上","110/07/27","永豐金-台南",2,79,-77
"14531","8112至上","110/07/27","元大-基隆孝二",52,0,52
"14532","8112至上","110/07/27","福邦證券",0,71,-71
"14533","8112至上","110/07/27","永豐金-中正",59,7,52
"14534","8112至上","110/07/27","兆豐-天母",0,50,-50
"14535","8112至上","110/07/27","群益金鼎-高盛",47,0,47
"14536","8112至上","110/07/27","元富-林園",3,52,-49
"14537","8112至上","110/07/27","永豐金-內湖",47,0,47
"14538","8112至上","110/07/27","永豐金-苓雅",1,50,-49
"14539","8112至上","110/07/27","富邦-台北",45,5,40
"14540","8112至上","110/07/27","元大-新莊",9,53,-44
"14541","8112至上","110/07/27","台新證券",78,39,39
"14542","8112至上","110/07/27","第一金-路竹",20,57,-37
"14543","8112至上","110/07/27","新光-台中",44,7,37
"14544","8112至上","110/07/27","新光-桃園",2,36,-34
"14545","8112至上","110/07/27","元大-羅東",38,1,37
"14546","8112至上","110/07/27","元大-東港",0,27,-27
"14547","8112至上","110/07/27","新光",101,65,36
"14548","8112至上","110/07/27","國泰-松江",2,28,-26
"14549","8112至上","110/07/27","元大-新竹",63,28,35
"14550","8112至上","110/07/27","群益金鼎-潭子",2,28,-26
"14551","1570力肯","110/07/27","國票-北高雄",7,0,7
"14552","1570力肯","110/07/27","元大-高雄",0,16,-16
"14553","1570力肯","110/07/27","富邦-陽明",5,0,5
"14554","1570力肯","110/07/27","國票-新莊",0,5,-5
"14555","1570力肯","110/07/27","元大-民雄",3,0,3
"14556","1570力肯","110/07/27","凱基-台北",0,5,-5
"14557","1570力肯","110/07/27","凱基-大里",3,0,3
"14558","1570力肯","110/07/27","美林",0,2,-2
"14559","1570力肯","110/07/27","凱基-長庚",3,0,3
"14560","1570力肯","110/07/27","富邦-南屯",0,2,-2
"14561","1570力肯","110/07/27","元大-新莊",2,0,2
"14562","1570力肯","110/07/27","元大-南崁",0,2,-2
"14563","1570力肯","110/07/27","大昌-樹林",2,0,2
"14564","1570力肯","110/07/27","元大-板橋",0,2,-2
"14565","1570力肯","110/07/27","台新-台中",2,0,2
"14566","1570力肯","110/07/27","新光",0,1,-1
"14567","1570力肯","110/07/27","新光-新竹",2,0,2
"14568","1570力肯","110/07/27","國泰-板橋",0,1,-1
"14569","1570力肯","110/07/27","富邦-左營",2,0,2
"14570","1570力肯","110/07/27","凱基-鳳山",0,1,-1
"14571","1570力肯","110/07/27","群益金鼎-土城",1,0,1
"14572","1570力肯","110/07/27","(牛牛牛)亞-鑫豐",2,2,0
"14573","1570力肯","110/07/27","凱基-竹東",1,0,1
"14574","1570力肯","110/07/27","元大-新盛",1,1,0
"14575","1570力肯","110/07/27","日盛-員林",1,0,1
"14576","1570力肯","110/07/27","",NA,NA,NA
"14577","1570力肯","110/07/27","玉山-板橋",1,0,1
"14578","1570力肯","110/07/27","",NA,NA,NA
"14579","1570力肯","110/07/27","元富-同大",1,0,1
"14580","1570力肯","110/07/27","",NA,NA,NA
"14581","2929淘帝","110/07/27","元大-民生",28,0,28
"14582","2929淘帝","110/07/27","元大-鳳山",0,20,-20
"14583","2929淘帝","110/07/27","臺銀-民權",18,0,18
"14584","2929淘帝","110/07/27","港商野村",1,18,-17
"14585","2929淘帝","110/07/27","合庫-高雄",13,0,13
"14586","2929淘帝","110/07/27","玉山-板橋",0,15,-15
"14587","2929淘帝","110/07/27","永興-水湳",10,0,10
"14588","2929淘帝","110/07/27","美林",0,10,-10
"14589","2929淘帝","110/07/27","富邦-陽明",10,0,10
"14590","2929淘帝","110/07/27","凱基-八德",0,10,-10
"14591","2929淘帝","110/07/27","元大-中和",10,0,10
"14592","2929淘帝","110/07/27","永豐金證券",0,9,-9
"14593","2929淘帝","110/07/27","國泰-館前",6,0,6
"14594","2929淘帝","110/07/27","新加坡商瑞銀",10,18,-8
"14595","2929淘帝","110/07/27","富邦-內湖",6,0,6
"14596","2929淘帝","110/07/27","富邦-台北",0,8,-8
"14597","2929淘帝","110/07/27","合庫-台南",5,0,5
"14598","2929淘帝","110/07/27","宏遠-台中",0,7,-7
"14599","2929淘帝","110/07/27","凱基-東門",5,0,5
"14600","2929淘帝","110/07/27","元富-潮州",0,7,-7
"14601","2929淘帝","110/07/27","元大-大益",5,0,5
"14602","2929淘帝","110/07/27","群益金鼎-延平",0,6,-6
"14603","2929淘帝","110/07/27","元大-屏南",5,0,5
"14604","2929淘帝","110/07/27","元大-文心",0,6,-6
"14605","2929淘帝","110/07/27","永豐金-板盛",5,0,5
"14606","2929淘帝","110/07/27","永豐金-中壢",0,6,-6
"14607","2929淘帝","110/07/27","臺銀",4,0,4
"14608","2929淘帝","110/07/27","美商高盛",0,5,-5
"14609","2929淘帝","110/07/27","永豐金-市政",4,0,4
"14610","2929淘帝","110/07/27","兆豐-南門",0,5,-5
"14611","5410國眾","110/07/27","摩根大通",47,0,47
"14612","5410國眾","110/07/27","元富-嘉義",0,48,-48
"14613","5410國眾","110/07/27","兆豐-城中",43,0,43
"14614","5410國眾","110/07/27","統一-平鎮",0,20,-20
"14615","5410國眾","110/07/27","香港上海匯豐",36,0,36
"14616","5410國眾","110/07/27","元大-大益",0,18,-18
"14617","5410國眾","110/07/27","港商麥格理",26,0,26
"14618","5410國眾","110/07/27","凱基-台北",0,16,-16
"14619","5410國眾","110/07/27","元富-大昌",21,0,21
"14620","5410國眾","110/07/27","凱基-站前",0,15,-15
"14621","5410國眾","110/07/27","元富-四維",20,0,20
"14622","5410國眾","110/07/27","元大-南勢角",0,13,-13
"14623","5410國眾","110/07/27","新光-台中",20,0,20
"14624","5410國眾","110/07/27","日盛-忠孝",0,11,-11
"14625","5410國眾","110/07/27","統一-金門",15,0,15
"14626","5410國眾","110/07/27","玉山-板橋",0,11,-11
"14627","5410國眾","110/07/27","玉山-高雄",15,0,15
"14628","5410國眾","110/07/27","元大-崇德",0,11,-11
"14629","5410國眾","110/07/27","凱基-竹北",15,0,15
"14630","5410國眾","110/07/27","元大-大天母",0,11,-11
"14631","5410國眾","110/07/27","元大-新莊",14,1,13
"14632","5410國眾","110/07/27","元富-松德",0,10,-10
"14633","5410國眾","110/07/27","華南永昌-中正",14,4,10
"14634","5410國眾","110/07/27","豐農",0,10,-10
"14635","5410國眾","110/07/27","元大-屏南",10,0,10
"14636","5410國眾","110/07/27","新光-新竹",0,10,-10
"14637","5410國眾","110/07/27","元大-中和",10,0,10
"14638","5410國眾","110/07/27","凱基-虎尾",0,10,-10
"14639","5410國眾","110/07/27","台新證券",10,1,9
"14640","5410國眾","110/07/27","元大-善化",0,10,-10
"14641","2841台開","110/07/27","日盛證券",620,0,620
"14642","2841台開","110/07/27","玉山-新竹",0,312,-312
"14643","2841台開","110/07/27","永豐金-豐原",65,0,65
"14644","2841台開","110/07/27","港商野村",0,216,-216
"14645","2841台開","110/07/27","元大-南投",50,0,50
"14646","2841台開","110/07/27","永興-水湳",0,90,-90
"14647","2841台開","110/07/27","台灣摩根士丹利",40,0,40
"14648","2841台開","110/07/27","凱基-興隆",0,64,-64
"14649","2841台開","110/07/27","玉山-高雄",29,0,29
"14650","2841台開","110/07/27","美林",0,30,-30
"14651","2841台開","110/07/27","第一金-台中",20,0,20
"14652","2841台開","110/07/27","國泰-松江",5,35,-30
"14653","2841台開","110/07/27","凱基-市政",20,0,20
"14654","2841台開","110/07/27","台新-左楠",0,25,-25
"14655","2841台開","110/07/27","群益金鼎-大甲",18,1,17
"14656","2841台開","110/07/27","大昌-樹林",0,20,-20
"14657","2841台開","110/07/27","台中銀",16,1,15
"14658","2841台開","110/07/27","富邦-仁愛",0,20,-20
"14659","2841台開","110/07/27","國泰-板橋",12,0,12
"14660","2841台開","110/07/27","致和-南京",0,16,-16
"14661","2841台開","110/07/27","群益金鼎-基隆",10,0,10
"14662","2841台開","110/07/27","凱基-台北",2,16,-14
"14663","2841台開","110/07/27","華南永昌-新莊",10,0,10
"14664","2841台開","110/07/27","日盛-台南",0,10,-10
"14665","2841台開","110/07/27","元大-福營",10,0,10
"14666","2841台開","110/07/27","國票-台東",0,10,-10
"14667","2841台開","110/07/27","元大-歸仁",10,0,10
"14668","2841台開","110/07/27","台新-台中",5,15,-10
"14669","2841台開","110/07/27","中國信託-文心",5,0,5
"14670","2841台開","110/07/27","凱基-台中",0,10,-10
"14671","6207雷科","110/07/27","摩根大通",249,119,130
"14672","6207雷科","110/07/27","永豐金-台南",2,82,-80
"14673","6207雷科","110/07/27","群益金鼎-丹鳳",70,0,70
"14674","6207雷科","110/07/27","永豐金-內湖",39,109,-70
"14675","6207雷科","110/07/27","群益金鼎-東門",42,0,42
"14676","6207雷科","110/07/27","新加坡商瑞銀",22,76,-54
"14677","6207雷科","110/07/27","永豐金-敦南",38,4,34
"14678","6207雷科","110/07/27","新光-高雄",4,57,-53
"14679","6207雷科","110/07/27","凱基-復興",30,0,30
"14680","6207雷科","110/07/27","瑞士信貸",0,40,-40
"14681","6207雷科","110/07/27","元大-東門",30,0,30
"14682","6207雷科","110/07/27","凱基-高雄",4,43,-39
"14683","6207雷科","110/07/27","大昌-桃園",33,8,25
"14684","6207雷科","110/07/27","華南永昌-高雄",4,40,-36
"14685","6207雷科","110/07/27","富邦-虎尾",24,0,24
"14686","6207雷科","110/07/27","新光",11,44,-33
"14687","6207雷科","110/07/27","凱基-羅東",24,2,22
"14688","6207雷科","110/07/27","日盛-板橋中山",0,29,-29
"14689","6207雷科","110/07/27","群益金鼎-延平",21,0,21
"14690","6207雷科","110/07/27","元大-六合",3,30,-27
"14691","6207雷科","110/07/27","群益金鼎-屏東",20,0,20
"14692","6207雷科","110/07/27","中國信託-新竹",7,33,-26
"14693","6207雷科","110/07/27","永豐金-埔里",20,0,20
"14694","6207雷科","110/07/27","元富-城中",0,23,-23
"14695","6207雷科","110/07/27","康和-延平",21,3,18
"14696","6207雷科","110/07/27","元大-大雅",2,20,-18
"14697","6207雷科","110/07/27","群益金鼎-中壢",20,2,18
"14698","6207雷科","110/07/27","永豐金-新莊",2,20,-18
"14699","6207雷科","110/07/27","宏遠證券",31,15,16
"14700","6207雷科","110/07/27","富邦-台中",5,21,-16
"14701","3679新至陞","110/07/27","凱基-市政",25,0,25
"14702","3679新至陞","110/07/27","瑞士信貸",0,13,-13
"14703","3679新至陞","110/07/27","兆豐-高雄",10,0,10
"14704","3679新至陞","110/07/27","元大-天母",0,9,-9
"14705","3679新至陞","110/07/27","光和-溪湖",8,0,8
"14706","3679新至陞","110/07/27","元大-彰化民生",0,6,-6
"14707","3679新至陞","110/07/27","臺銀-新竹",7,0,7
"14708","3679新至陞","110/07/27","康和-澎湖",2,7,-5
"14709","3679新至陞","110/07/27","新加坡商瑞銀",7,0,7
"14710","3679新至陞","110/07/27","聯邦-大業",0,5,-5
"14711","3679新至陞","110/07/27","永豐金-板橋",6,0,6
"14712","3679新至陞","110/07/27","元大-成功",0,5,-5
"14713","3679新至陞","110/07/27","宏遠-光隆",5,0,5
"14714","3679新至陞","110/07/27","康和-板橋",0,4,-4
"14715","3679新至陞","110/07/27","統一",5,0,5
"14716","3679新至陞","110/07/27","凱基-新豐",0,4,-4
"14717","3679新至陞","110/07/27","統一-新竹",5,0,5
"14718","3679新至陞","110/07/27","統一-高雄",0,3,-3
"14719","3679新至陞","110/07/27","元富-松德",5,0,5
"14720","3679新至陞","110/07/27","統一-新台中",0,3,-3
"14721","3679新至陞","110/07/27","元大-淡水",5,0,5
"14722","3679新至陞","110/07/27","元富-安南",0,3,-3
"14723","3679新至陞","110/07/27","日盛證券",4,0,4
"14724","3679新至陞","110/07/27","國票-北高雄",0,3,-3
"14725","3679新至陞","110/07/27","國泰-板橋",4,0,4
"14726","3679新至陞","110/07/27","玉山-新莊",0,3,-3
"14727","3679新至陞","110/07/27","(牛牛牛)亞-網路",3,0,3
"14728","3679新至陞","110/07/27","凱基-屏東",0,3,-3
"14729","3679新至陞","110/07/27","國票-九鼎",3,0,3
"14730","3679新至陞","110/07/27","台灣摩根士丹利",0,2,-2
"14731","2727王品","110/07/27","台灣摩根士丹利",103,12,91
"14732","2727王品","110/07/27","元大-彰化民生",11,420,-409
"14733","2727王品","110/07/27","華南永昌-麻豆",33,0,33
"14734","2727王品","110/07/27","美商高盛",0,247,-247
"14735","2727王品","110/07/27","元大-龍潭",31,1,30
"14736","2727王品","110/07/27","華南永昌",7,193,-186
"14737","2727王品","110/07/27","國泰-敦南",38,11,27
"14738","2727王品","110/07/27","花旗環球",0,86,-86
"14739","2727王品","110/07/27","群益金鼎-基隆",27,1,26
"14740","2727王品","110/07/27","凱基-台北",81,139,-58
"14741","2727王品","110/07/27","富邦-台中",26,0,26
"14742","2727王品","110/07/27","元大證券",23,64,-41
"14743","2727王品","110/07/27","元富",31,6,25
"14744","2727王品","110/07/27","瑞士信貸",0,37,-37
"14745","2727王品","110/07/27","元大-桃園",25,0,25
"14746","2727王品","110/07/27","富邦-建國",8,35,-27
"14747","2727王品","110/07/27","凱基-大直",21,1,20
"14748","2727王品","110/07/27","凱基-埔墘",6,29,-23
"14749","2727王品","110/07/27","日盛-士林",16,0,16
"14750","2727王品","110/07/27","美林",5,26,-21
"14751","2727王品","110/07/27","國票-敦北法人",17,1,16
"14752","2727王品","110/07/27","港商野村",12,30,-18
"14753","2727王品","110/07/27","群益金鼎-高雄",16,0,16
"14754","2727王品","110/07/27","華南永昌-林口",3,21,-18
"14755","2727王品","110/07/27","永豐金-忠孝",18,2,16
"14756","2727王品","110/07/27","彰銀-台中",4,20,-16
"14757","2727王品","110/07/27","臺銀-高雄",16,1,15
"14758","2727王品","110/07/27","統一",3,17,-14
"14759","2727王品","110/07/27","台新-台中",18,3,15
"14760","2727王品","110/07/27","富邦-新竹華信",2,15,-13
"14761","1570力肯","110/07/27","國票-北高雄",7,0,7
"14762","1570力肯","110/07/27","元大-高雄",0,16,-16
"14763","1570力肯","110/07/27","富邦-陽明",5,0,5
"14764","1570力肯","110/07/27","國票-新莊",0,5,-5
"14765","1570力肯","110/07/27","元大-民雄",3,0,3
"14766","1570力肯","110/07/27","凱基-台北",0,5,-5
"14767","1570力肯","110/07/27","凱基-大里",3,0,3
"14768","1570力肯","110/07/27","美林",0,2,-2
"14769","1570力肯","110/07/27","凱基-長庚",3,0,3
"14770","1570力肯","110/07/27","富邦-南屯",0,2,-2
"14771","1570力肯","110/07/27","元大-新莊",2,0,2
"14772","1570力肯","110/07/27","元大-南崁",0,2,-2
"14773","1570力肯","110/07/27","大昌-樹林",2,0,2
"14774","1570力肯","110/07/27","元大-板橋",0,2,-2
"14775","1570力肯","110/07/27","台新-台中",2,0,2
"14776","1570力肯","110/07/27","新光",0,1,-1
"14777","1570力肯","110/07/27","新光-新竹",2,0,2
"14778","1570力肯","110/07/27","國泰-板橋",0,1,-1
"14779","1570力肯","110/07/27","富邦-左營",2,0,2
"14780","1570力肯","110/07/27","凱基-鳳山",0,1,-1
"14781","1570力肯","110/07/27","群益金鼎-土城",1,0,1
"14782","1570力肯","110/07/27","(牛牛牛)亞-鑫豐",2,2,0
"14783","1570力肯","110/07/27","凱基-竹東",1,0,1
"14784","1570力肯","110/07/27","元大-新盛",1,1,0
"14785","1570力肯","110/07/27","日盛-員林",1,0,1
"14786","1570力肯","110/07/27","",NA,NA,NA
"14787","1570力肯","110/07/27","玉山-板橋",1,0,1
"14788","1570力肯","110/07/27","",NA,NA,NA
"14789","1570力肯","110/07/27","元富-同大",1,0,1
"14790","1570力肯","110/07/27","",NA,NA,NA
"14791","6180橘子","110/07/27","新加坡商瑞銀",166,24,142
"14792","6180橘子","110/07/27","花旗環球",31,87,-56
"14793","6180橘子","110/07/27","彰銀-台中",50,1,49
"14794","6180橘子","110/07/27","凱基-台北",53,108,-55
"14795","6180橘子","110/07/27","日盛-文化",48,8,40
"14796","6180橘子","110/07/27","新光",39,81,-42
"14797","6180橘子","110/07/27","美林",39,0,39
"14798","6180橘子","110/07/27","富邦-台北",1,25,-24
"14799","6180橘子","110/07/27","元大-草屯",54,17,37
"14800","6180橘子","110/07/27","第一金-員林",0,22,-22
"14801","6180橘子","110/07/27","美商高盛",35,1,34
"14802","6180橘子","110/07/27","富邦-新竹華信",7,28,-21
"14803","6180橘子","110/07/27","元大-上新莊",32,0,32
"14804","6180橘子","110/07/27","凱基-中山",5,24,-19
"14805","6180橘子","110/07/27","台灣摩根士丹利",30,0,30
"14806","6180橘子","110/07/27","國泰-敦南",22,37,-15
"14807","6180橘子","110/07/27","摩根大通",49,21,28
"14808","6180橘子","110/07/27","合庫-自強",2,16,-14
"14809","6180橘子","110/07/27","兆豐-大同",30,4,26
"14810","6180橘子","110/07/27","大昌-安康",1,14,-13
"14811","6180橘子","110/07/27","元大-羅東",21,0,21
"14812","6180橘子","110/07/27","高橋",0,11,-11
"14813","6180橘子","110/07/27","日盛-頭份",16,0,16
"14814","6180橘子","110/07/27","土銀-新竹",0,10,-10
"14815","6180橘子","110/07/27","瑞士信貸",24,8,16
"14816","6180橘子","110/07/27","兆豐-麻豆",0,10,-10
"14817","6180橘子","110/07/27","群益金鼎-士林",15,0,15
"14818","6180橘子","110/07/27","康和-永和",0,10,-10
"14819","6180橘子","110/07/27","永豐金-南京",15,1,14
"14820","6180橘子","110/07/27","永豐金-竹科",2,12,-10
"14821","2390云辰","110/07/27","凱基-基隆",207,3,204
"14822","2390云辰","110/07/27","凱基-台北",248,732,-484
"14823","2390云辰","110/07/27","摩根大通",730,560,170
"14824","2390云辰","110/07/27","美林",17,218,-201
"14825","2390云辰","110/07/27","華南永昌-中正",182,43,139
"14826","2390云辰","110/07/27","港商野村",85,277,-192
"14827","2390云辰","110/07/27","兆豐-北高雄",124,1,123
"14828","2390云辰","110/07/27","玉山-新莊",4,87,-83
"14829","2390云辰","110/07/27","元大-信義",108,5,103
"14830","2390云辰","110/07/27","新光",96,163,-67
"14831","2390云辰","110/07/27","富邦-陽明",94,22,72
"14832","2390云辰","110/07/27","新光-新竹",7,74,-67
"14833","2390云辰","110/07/27","日盛證券",140,71,69
"14834","2390云辰","110/07/27","富邦-左營",46,107,-61
"14835","2390云辰","110/07/27","第一金-豐原",56,0,56
"14836","2390云辰","110/07/27","大昌-新店",9,64,-55
"14837","2390云辰","110/07/27","統一-新台中",67,22,45
"14838","2390云辰","110/07/27","日盛-和美",28,81,-53
"14839","2390云辰","110/07/27","元大-復北",47,2,45
"14840","2390云辰","110/07/27","元大-台南",3,54,-51
"14841","2390云辰","110/07/27","富邦-建國",54,10,44
"14842","2390云辰","110/07/27","元富-世貿",10,60,-50
"14843","2390云辰","110/07/27","兆豐-桃鶯",46,5,41
"14844","2390云辰","110/07/27","華南永昌-鳳山",41,90,-49
"14845","2390云辰","110/07/27","富邦-中壢",45,4,41
"14846","2390云辰","110/07/27","聯邦商銀",6,52,-46
"14847","2390云辰","110/07/27","富邦-新竹華信",46,11,35
"14848","2390云辰","110/07/27","合庫-高雄",7,50,-43
"14849","2390云辰","110/07/27","第一金-華江",30,2,28
"14850","2390云辰","110/07/27","瑞士信貸",0,42,-42
"14851","2363矽統","110/07/26","凱基-台北",1994,468,1526
"14852","2363矽統","110/07/26","富邦-南屯",5,375,-370
"14853","2363矽統","110/07/26","新加坡商瑞銀",1537,208,1329
"14854","2363矽統","110/07/26","聯邦-興中",0,203,-203
"14855","2363矽統","110/07/26","摩根大通",2033,997,1036
"14856","2363矽統","110/07/26","台新證券",427,622,-195
"14857","2363矽統","110/07/26","瑞士信貸",930,0,930
"14858","2363矽統","110/07/26","元大-鳳中",10,203,-193
"14859","2363矽統","110/07/26","美林",985,76,909
"14860","2363矽統","110/07/26","國泰-板橋",69,209,-140
"14861","2363矽統","110/07/26","港商野村",1072,282,790
"14862","2363矽統","110/07/26","北城證券",6,132,-126
"14863","2363矽統","110/07/26","美商高盛",711,7,704
"14864","2363矽統","110/07/26","華南永昌-朴子",30,152,-122
"14865","2363矽統","110/07/26","新光",570,278,292
"14866","2363矽統","110/07/26","台新-台中",27,145,-118
"14867","2363矽統","110/07/26","台新-台南",244,39,205
"14868","2363矽統","110/07/26","群益金鼎-萬華",13,128,-115
"14869","2363矽統","110/07/26","元大證券",243,52,191
"14870","2363矽統","110/07/26","日盛-樹林",7,116,-109
"14871","2363矽統","110/07/26","永豐金證券",189,27,162
"14872","2363矽統","110/07/26","群益金鼎-屏東",200,303,-103
"14873","2363矽統","110/07/26","元大-楊梅",177,16,161
"14874","2363矽統","110/07/26","元大-潮州",6,102,-96
"14875","2363矽統","110/07/26","群益金鼎",158,21,137
"14876","2363矽統","110/07/26","新光-桃園",22,117,-95
"14877","2363矽統","110/07/26","元富-城東",107,8,99
"14878","2363矽統","110/07/26","凱基-和平",45,140,-95
"14879","2363矽統","110/07/26","日盛-雙和",109,14,95
"14880","2363矽統","110/07/26","合庫-台南",5,95,-90
"14881","8112至上","110/07/26","摩根大通",1728,41,1687
"14882","8112至上","110/07/26","玉山-左營",3,600,-597
"14883","8112至上","110/07/26","台灣摩根士丹利",408,10,398
"14884","8112至上","110/07/26","凱基-三重",1,527,-526
"14885","8112至上","110/07/26","凱基-台北",693,311,382
"14886","8112至上","110/07/26","中國信託-忠孝",0,103,-103
"14887","8112至上","110/07/26","港商法國興業",376,1,375
"14888","8112至上","110/07/26","凱基-站前",7,105,-98
"14889","8112至上","110/07/26","美商高盛",172,26,146
"14890","8112至上","110/07/26","國票-中港",0,96,-96
"14891","8112至上","110/07/26","新加坡商瑞銀",201,69,132
"14892","8112至上","110/07/26","兆豐-公益",3,84,-81
"14893","8112至上","110/07/26","美林",192,62,130
"14894","8112至上","110/07/26","玉山證券",2,65,-63
"14895","8112至上","110/07/26","港商野村",142,58,84
"14896","8112至上","110/07/26","統一-台中",1,62,-61
"14897","8112至上","110/07/26","凱基-永和",75,0,75
"14898","8112至上","110/07/26","富邦-陽明",3,60,-57
"14899","8112至上","110/07/26","凱基-竹科",65,2,63
"14900","8112至上","110/07/26","新光-新竹",86,141,-55
"14901","8112至上","110/07/26","華南永昌-敦南",63,1,62
"14902","8112至上","110/07/26","富邦-台北",2,57,-55
"14903","8112至上","110/07/26","兆豐-天母",50,0,50
"14904","8112至上","110/07/26","玉山-板橋",2,51,-49
"14905","8112至上","110/07/26","新光-桃園",57,11,46
"14906","8112至上","110/07/26","台新-新營",6,47,-41
"14907","8112至上","110/07/26","光和",35,1,34
"14908","8112至上","110/07/26","元大-虎尾",4,42,-38
"14909","8112至上","110/07/26","華南永昌-新莊",31,3,28
"14910","8112至上","110/07/26","日盛-新竹",1,38,-37
"14911","1570力肯","110/07/26","元大-民雄",10,0,10
"14912","1570力肯","110/07/26","元大-高雄",0,33,-33
"14913","1570力肯","110/07/26","新光-台中",10,1,9
"14914","1570力肯","110/07/26","日盛-宜蘭",0,8,-8
"14915","1570力肯","110/07/26","富邦-陽明",9,0,9
"14916","1570力肯","110/07/26","美林",0,5,-5
"14917","1570力肯","110/07/26","大慶-蘆洲",8,0,8
"14918","1570力肯","110/07/26","凱基-永康",0,5,-5
"14919","1570力肯","110/07/26","福勝",8,0,8
"14920","1570力肯","110/07/26","台新證券",0,4,-4
"14921","1570力肯","110/07/26","凱基-桃園",7,0,7
"14922","1570力肯","110/07/26","元大-汐止",0,4,-4
"14923","1570力肯","110/07/26","中國信託-永康",3,0,3
"14924","1570力肯","110/07/26","元大-桃興",0,3,-3
"14925","1570力肯","110/07/26","兆豐-台中港",3,0,3
"14926","1570力肯","110/07/26","元富-吉利",0,2,-2
"14927","1570力肯","110/07/26","國票-北高雄",3,0,3
"14928","1570力肯","110/07/26","國泰-板橋",0,2,-2
"14929","1570力肯","110/07/26","富邦-員林",3,0,3
"14930","1570力肯","110/07/26","元大-台中",0,2,-2
"14931","1570力肯","110/07/26","瑞士信貸",2,0,2
"14932","1570力肯","110/07/26","元大-西螺",0,2,-2
"14933","1570力肯","110/07/26","大昌-樹林",2,0,2
"14934","1570力肯","110/07/26","元大-苑裡",0,2,-2
"14935","1570力肯","110/07/26","兆豐-忠孝",2,0,2
"14936","1570力肯","110/07/26","合庫-三重",0,1,-1
"14937","1570力肯","110/07/26","新光",2,0,2
"14938","1570力肯","110/07/26","臺銀-臺南",0,1,-1
"14939","1570力肯","110/07/26","凱基-台北",2,0,2
"14940","1570力肯","110/07/26","元富-永和",0,1,-1
"14941","2929淘帝","110/07/26","合庫-高雄",47,0,47
"14942","2929淘帝","110/07/26","港商野村",11,42,-31
"14943","2929淘帝","110/07/26","元大-民生",28,0,28
"14944","2929淘帝","110/07/26","凱基-林口",0,30,-30
"14945","2929淘帝","110/07/26","臺銀-鳳山",10,0,10
"14946","2929淘帝","110/07/26","美林",1,28,-27
"14947","2929淘帝","110/07/26","華南永昌-鶯歌",10,0,10
"14948","2929淘帝","110/07/26","富邦-竹北",0,20,-20
"14949","2929淘帝","110/07/26","元大-永和",10,0,10
"14950","2929淘帝","110/07/26","凱基-台北",0,12,-12
"14951","2929淘帝","110/07/26","永豐金證券",8,0,8
"14952","2929淘帝","110/07/26","中國信託-永康",0,10,-10
"14953","2929淘帝","110/07/26","元大-太平",8,1,7
"14954","2929淘帝","110/07/26","摩根大通",0,10,-10
"14955","2929淘帝","110/07/26","德信-和平",6,0,6
"14956","2929淘帝","110/07/26","群益金鼎-高雄",0,10,-10
"14957","2929淘帝","110/07/26","兆豐-南門",6,0,6
"14958","2929淘帝","110/07/26","富邦-宜蘭",0,10,-10
"14959","2929淘帝","110/07/26","元大-新竹經國",6,0,6
"14960","2929淘帝","110/07/26","新加坡商瑞銀",4,13,-9
"14961","2929淘帝","110/07/26","合庫-台南",5,0,5
"14962","2929淘帝","110/07/26","元富-敦南",0,7,-7
"14963","2929淘帝","110/07/26","第一金-新興",5,0,5
"14964","2929淘帝","110/07/26","元大-基隆",0,6,-6
"14965","2929淘帝","110/07/26","玉山-新竹",5,0,5
"14966","2929淘帝","110/07/26","新光-台中",1,6,-5
"14967","2929淘帝","110/07/26","元大-金門",5,0,5
"14968","2929淘帝","110/07/26","華南永昌",0,5,-5
"14969","2929淘帝","110/07/26","台新-台中",4,0,4
"14970","2929淘帝","110/07/26","永豐金-中和",0,5,-5
"14971","5410國眾","110/07/26","摩根大通",71,0,71
"14972","5410國眾","110/07/26","日盛-忠孝",0,142,-142
"14973","5410國眾","110/07/26","凱基-台北",67,4,63
"14974","5410國眾","110/07/26","元富-嘉義",0,55,-55
"14975","5410國眾","110/07/26","兆豐-城中",47,0,47
"14976","5410國眾","110/07/26","國泰-敦南",2,30,-28
"14977","5410國眾","110/07/26","永豐金-內湖",45,0,45
"14978","5410國眾","110/07/26","群益金鼎-板橋",0,15,-15
"14979","5410國眾","110/07/26","元大-新莊",26,0,26
"14980","5410國眾","110/07/26","華南永昌-三重",0,11,-11
"14981","5410國眾","110/07/26","兆豐-麻豆",10,0,10
"14982","5410國眾","110/07/26","永全-南崁",0,10,-10
"14983","5410國眾","110/07/26","新光-台中",10,0,10
"14984","5410國眾","110/07/26","台新-建北",1,11,-10
"14985","5410國眾","110/07/26","元大-屏南",10,0,10
"14986","5410國眾","110/07/26","臺銀-臺南",0,8,-8
"14987","5410國眾","110/07/26","港商野村",9,0,9
"14988","5410國眾","110/07/26","群益金鼎-東大",0,7,-7
"14989","5410國眾","110/07/26","新光",13,4,9
"14990","5410國眾","110/07/26","永豐金-中正",0,7,-7
"14991","5410國眾","110/07/26","華南永昌-小港",7,0,7
"14992","5410國眾","110/07/26","永豐金-桃園",0,7,-7
"14993","5410國眾","110/07/26","玉山-左營",6,0,6
"14994","5410國眾","110/07/26","第一金-高雄",0,6,-6
"14995","5410國眾","110/07/26","土銀-台南",5,0,5
"14996","5410國眾","110/07/26","台中銀-豐原",0,6,-6
"14997","5410國眾","110/07/26","新加坡商瑞銀",5,0,5
"14998","5410國眾","110/07/26","亞東-高雄",0,5,-5
"14999","5410國眾","110/07/26","元富-三重",8,3,5
"15000","5410國眾","110/07/26","國票-北高雄",0,5,-5
"15001","2841台開","110/07/26","台新-台中",282,5,277
"15002","2841台開","110/07/26","港商野村",0,128,-128
"15003","2841台開","110/07/26","凱基-台北",41,0,41
"15004","2841台開","110/07/26","富邦-仁愛",0,70,-70
"15005","2841台開","110/07/26","台灣摩根士丹利",40,0,40
"15006","2841台開","110/07/26","元大-彰化",0,60,-60
"15007","2841台開","110/07/26","元富-緯城",40,0,40
"15008","2841台開","110/07/26","永興-水湳",0,30,-30
"15009","2841台開","110/07/26","玉山-高雄",38,0,38
"15010","2841台開","110/07/26","富邦-新竹華信",0,23,-23
"15011","2841台開","110/07/26","日盛-樹林",21,0,21
"15012","2841台開","110/07/26","宏遠-光隆",0,20,-20
"15013","2841台開","110/07/26","元大-松江",20,0,20
"15014","2841台開","110/07/26","玉山證券",0,20,-20
"15015","2841台開","110/07/26","元大-歸仁",20,0,20
"15016","2841台開","110/07/26","富邦-板橋",0,20,-20
"15017","2841台開","110/07/26","國泰-桃園",20,3,17
"15018","2841台開","110/07/26","元大-台中中港",0,19,-19
"15019","2841台開","110/07/26","新光-台中",15,0,15
"15020","2841台開","110/07/26","臺銀-臺南",0,18,-18
"15021","2841台開","110/07/26","群益金鼎-東門",11,0,11
"15022","2841台開","110/07/26","永豐金-敦南",3,19,-16
"15023","2841台開","110/07/26","華南永昌-內壢",11,0,11
"15024","2841台開","110/07/26","統一-桃園",0,13,-13
"15025","2841台開","110/07/26","元富-烏日",10,0,10
"15026","2841台開","110/07/26","國泰-台中",0,11,-11
"15027","2841台開","110/07/26","國泰-忠孝",10,2,8
"15028","2841台開","110/07/26","元大-福營",0,11,-11
"15029","2841台開","110/07/26","元大-潮州",6,0,6
"15030","2841台開","110/07/26","凱基-站前",0,10,-10
"15031","6207雷科","110/07/26","元大-向上",70,0,70
"15032","6207雷科","110/07/26","摩根大通",45,241,-196
"15033","6207雷科","110/07/26","國票-中和",67,5,62
"15034","6207雷科","110/07/26","華南永昌-台中",16,180,-164
"15035","6207雷科","110/07/26","永豐金-台南",63,2,61
"15036","6207雷科","110/07/26","瑞士信貸",4,69,-65
"15037","6207雷科","110/07/26","國泰-板橋",32,0,32
"15038","6207雷科","110/07/26","國票-天祥",11,76,-65
"15039","6207雷科","110/07/26","華南永昌-朴子",24,0,24
"15040","6207雷科","110/07/26","新加坡商瑞銀",15,78,-63
"15041","6207雷科","110/07/26","台新證券",35,12,23
"15042","6207雷科","110/07/26","凱基-台北",86,134,-48
"15043","6207雷科","110/07/26","永豐金-板盛",24,1,23
"15044","6207雷科","110/07/26","富邦-台中",58,100,-42
"15045","6207雷科","110/07/26","康和-台中",24,2,22
"15046","6207雷科","110/07/26","兆豐-大安",0,41,-41
"15047","6207雷科","110/07/26","台新-台南",22,2,20
"15048","6207雷科","110/07/26","群益金鼎-館前",0,40,-40
"15049","6207雷科","110/07/26","元大-大統",22,2,20
"15050","6207雷科","110/07/26","富邦-羅東",2,39,-37
"15051","6207雷科","110/07/26","元富-桃園",19,0,19
"15052","6207雷科","110/07/26","國票-台東",0,30,-30
"15053","6207雷科","110/07/26","高橋",17,0,17
"15054","6207雷科","110/07/26","凱基-士林",1,30,-29
"15055","6207雷科","110/07/26","元富-同大",30,13,17
"15056","6207雷科","110/07/26","元大-南京",3,31,-28
"15057","6207雷科","110/07/26","元大-內湖",17,0,17
"15058","6207雷科","110/07/26","宏遠-桃園",0,24,-24
"15059","6207雷科","110/07/26","永豐金-內湖",19,2,17
"15060","6207雷科","110/07/26","國票-和平",0,23,-23
"15061","3679新至陞","110/07/26","元富-板橋",16,0,16
"15062","3679新至陞","110/07/26","台新-台中",0,19,-19
"15063","3679新至陞","110/07/26","華南永昌-淡水",10,0,10
"15064","3679新至陞","110/07/26","元大-成功",0,10,-10
"15065","3679新至陞","110/07/26","光和-溪湖",8,0,8
"15066","3679新至陞","110/07/26","日進",0,9,-9
"15067","3679新至陞","110/07/26","宏遠-光隆",6,0,6
"15068","3679新至陞","110/07/26","臺銀-臺中",0,5,-5
"15069","3679新至陞","110/07/26","玉山-嘉義",5,0,5
"15070","3679新至陞","110/07/26","港商法國興業",0,4,-4
"15071","3679新至陞","110/07/26","元富-安南",3,0,3
"15072","3679新至陞","110/07/26","統一-新台中",0,3,-3
"15073","3679新至陞","110/07/26","摩根大通",4,1,3
"15074","3679新至陞","110/07/26","大慶-苗栗",1,3,-2
"15075","3679新至陞","110/07/26","凱基-台北",5,2,3
"15076","3679新至陞","110/07/26","元富-松德",0,2,-2
"15077","3679新至陞","110/07/26","凱基-站前",2,0,2
"15078","3679新至陞","110/07/26","富邦-仁愛",0,2,-2
"15079","3679新至陞","110/07/26","華南永昌",2,0,2
"15080","3679新至陞","110/07/26","元大-文心興安",0,2,-2
"15081","3679新至陞","110/07/26","元大-上新莊",2,0,2
"15082","3679新至陞","110/07/26","永豐金證券",0,2,-2
"15083","3679新至陞","110/07/26","美林",4,3,1
"15084","3679新至陞","110/07/26","臺銀-高雄",0,1,-1
"15085","3679新至陞","110/07/26","台灣摩根士丹利",2,1,1
"15086","3679新至陞","110/07/26","台灣企銀-屏東",0,1,-1
"15087","3679新至陞","110/07/26","美商高盛",1,0,1
"15088","3679新至陞","110/07/26","大慶-富順",0,1,-1
"15089","3679新至陞","110/07/26","富邦-台北",1,0,1
"15090","3679新至陞","110/07/26","統一-彰化",0,1,-1
"15091","2727王品","110/07/26","兆豐-南京",300,0,300
"15092","2727王品","110/07/26","元富-安南",0,62,-62
"15093","2727王品","110/07/26","凱基-台北",74,29,45
"15094","2727王品","110/07/26","瑞士信貸",0,44,-44
"15095","2727王品","110/07/26","富邦-建國",25,2,23
"15096","2727王品","110/07/26","新加坡商瑞銀",0,44,-44
"15097","2727王品","110/07/26","台灣摩根士丹利",22,0,22
"15098","2727王品","110/07/26","統一",11,54,-43
"15099","2727王品","110/07/26","永豐金-屏東",14,1,13
"15100","2727王品","110/07/26","美林",4,39,-35
"15101","2727王品","110/07/26","富邦-桃園",12,1,11
"15102","2727王品","110/07/26","第一金",0,30,-30
"15103","2727王品","110/07/26","日盛-鳳山",11,1,10
"15104","2727王品","110/07/26","康和-台中",0,30,-30
"15105","2727王品","110/07/26","元富-城中",10,0,10
"15106","2727王品","110/07/26","國泰證券",1,31,-30
"15107","2727王品","110/07/26","元大-龍潭",11,1,10
"15108","2727王品","110/07/26","元大證券",37,67,-30
"15109","2727王品","110/07/26","新光-台中",15,6,9
"15110","2727王品","110/07/26","康和",1,29,-28
"15111","2727王品","110/07/26","富邦-台中",10,1,9
"15112","2727王品","110/07/26","永豐金證券",0,27,-27
"15113","2727王品","110/07/26","元大-基隆孝二",10,1,9
"15114","2727王品","110/07/26","安泰",1,26,-25
"15115","2727王品","110/07/26","臺銀-臺中",10,2,8
"15116","2727王品","110/07/26","永豐金-古亭",2,20,-18
"15117","2727王品","110/07/26","元大-花蓮",8,0,8
"15118","2727王品","110/07/26","國票-天祥",0,16,-16
"15119","2727王品","110/07/26","元大-斗信",9,1,8
"15120","2727王品","110/07/26","摩根大通",17,33,-16
"15121","1570力肯","110/07/26","元大-民雄",10,0,10
"15122","1570力肯","110/07/26","元大-高雄",0,33,-33
"15123","1570力肯","110/07/26","新光-台中",10,1,9
"15124","1570力肯","110/07/26","日盛-宜蘭",0,8,-8
"15125","1570力肯","110/07/26","富邦-陽明",9,0,9
"15126","1570力肯","110/07/26","美林",0,5,-5
"15127","1570力肯","110/07/26","大慶-蘆洲",8,0,8
"15128","1570力肯","110/07/26","凱基-永康",0,5,-5
"15129","1570力肯","110/07/26","福勝",8,0,8
"15130","1570力肯","110/07/26","台新證券",0,4,-4
"15131","1570力肯","110/07/26","凱基-桃園",7,0,7
"15132","1570力肯","110/07/26","元大-汐止",0,4,-4
"15133","1570力肯","110/07/26","中國信託-永康",3,0,3
"15134","1570力肯","110/07/26","元大-桃興",0,3,-3
"15135","1570力肯","110/07/26","兆豐-台中港",3,0,3
"15136","1570力肯","110/07/26","元富-吉利",0,2,-2
"15137","1570力肯","110/07/26","國票-北高雄",3,0,3
"15138","1570力肯","110/07/26","國泰-板橋",0,2,-2
"15139","1570力肯","110/07/26","富邦-員林",3,0,3
"15140","1570力肯","110/07/26","元大-台中",0,2,-2
"15141","1570力肯","110/07/26","瑞士信貸",2,0,2
"15142","1570力肯","110/07/26","元大-西螺",0,2,-2
"15143","1570力肯","110/07/26","大昌-樹林",2,0,2
"15144","1570力肯","110/07/26","元大-苑裡",0,2,-2
"15145","1570力肯","110/07/26","兆豐-忠孝",2,0,2
"15146","1570力肯","110/07/26","合庫-三重",0,1,-1
"15147","1570力肯","110/07/26","新光",2,0,2
"15148","1570力肯","110/07/26","臺銀-臺南",0,1,-1
"15149","1570力肯","110/07/26","凱基-台北",2,0,2
"15150","1570力肯","110/07/26","元富-永和",0,1,-1
"15151","6180橘子","110/07/26","凱基-台北",121,1,120
"15152","6180橘子","110/07/26","元大-竹山",0,35,-35
"15153","6180橘子","110/07/26","新加坡商瑞銀",71,2,69
"15154","6180橘子","110/07/26","元大-和平",0,30,-30
"15155","6180橘子","110/07/26","摩根大通",70,4,66
"15156","6180橘子","110/07/26","元大-草屯",3,27,-24
"15157","6180橘子","110/07/26","美林",33,0,33
"15158","6180橘子","110/07/26","華南永昌-高雄",0,21,-21
"15159","6180橘子","110/07/26","台灣摩根士丹利",20,4,16
"15160","6180橘子","110/07/26","兆豐-埔墘",0,18,-18
"15161","6180橘子","110/07/26","合庫-高雄",11,0,11
"15162","6180橘子","110/07/26","元富-林園",0,17,-17
"15163","6180橘子","110/07/26","港商野村",10,0,10
"15164","6180橘子","110/07/26","元富-成功",0,16,-16
"15165","6180橘子","110/07/26","富邦-宜蘭",10,0,10
"15166","6180橘子","110/07/26","群益金鼎-台南",0,13,-13
"15167","6180橘子","110/07/26","統一-彰化",10,1,9
"15168","6180橘子","110/07/26","元大-開元",0,13,-13
"15169","6180橘子","110/07/26","兆豐-北高雄",9,1,8
"15170","6180橘子","110/07/26","富邦-台中",0,12,-12
"15171","6180橘子","110/07/26","元大-新店中正",10,2,8
"15172","6180橘子","110/07/26","(牛牛牛)亞-鑫豐",1,12,-11
"15173","6180橘子","110/07/26","國泰-敦南",10,3,7
"15174","6180橘子","110/07/26","台新-台南",0,11,-11
"15175","6180橘子","110/07/26","合庫-自強",5,0,5
"15176","6180橘子","110/07/26","聯邦-興中",0,11,-11
"15177","6180橘子","110/07/26","大慶-蘆洲",5,0,5
"15178","6180橘子","110/07/26","日盛-中和",0,10,-10
"15179","6180橘子","110/07/26","統一-中壢",5,0,5
"15180","6180橘子","110/07/26","康和-台北",0,10,-10
"15181","2390云辰","110/07/26","元大-大同",311,3,308
"15182","2390云辰","110/07/26","摩根大通",139,570,-431
"15183","2390云辰","110/07/26","華南永昌-鳳山",276,4,272
"15184","2390云辰","110/07/26","美林",103,243,-140
"15185","2390云辰","110/07/26","永豐金-竹北",201,6,195
"15186","2390云辰","110/07/26","元大-彰化民生",0,117,-117
"15187","2390云辰","110/07/26","富邦-左營",107,17,90
"15188","2390云辰","110/07/26","元富-中港",0,102,-102
"15189","2390云辰","110/07/26","元富-高雄",82,5,77
"15190","2390云辰","110/07/26","凱基-台北",161,249,-88
"15191","2390云辰","110/07/26","元大-太平",75,10,65
"15192","2390云辰","110/07/26","國票-新莊",15,78,-63
"15193","2390云辰","110/07/26","元大-大益",63,13,50
"15194","2390云辰","110/07/26","第一金-豐原",1,59,-58
"15195","2390云辰","110/07/26","元富-新竹",41,1,40
"15196","2390云辰","110/07/26","統一-竹南",5,48,-43
"15197","2390云辰","110/07/26","日盛-永康",42,4,38
"15198","2390云辰","110/07/26","第一金-台南",28,62,-34
"15199","2390云辰","110/07/26","群益金鼎-中壢",50,12,38
"15200","2390云辰","110/07/26","台灣摩根士丹利",38,70,-32
"15201","2390云辰","110/07/26","元大-鑫永和",54,18,36
"15202","2390云辰","110/07/26","群益金鼎-士林",20,52,-32
"15203","2390云辰","110/07/26","元富-同大",34,1,33
"15204","2390云辰","110/07/26","群益金鼎-延平",2,31,-29
"15205","2390云辰","110/07/26","致和-崇德",52,21,31
"15206","2390云辰","110/07/26","凱基-豐中",12,40,-28
"15207","2390云辰","110/07/26","永豐金-松山",32,2,30
"15208","2390云辰","110/07/26","富邦-中壢",19,47,-28
"15209","2390云辰","110/07/26","凱基-三重",36,8,28
"15210","2390云辰","110/07/26","統一-基隆",2,27,-25
"15211","2363矽統","110/07/20","第一金-忠孝",400,115,285
"15212","2363矽統","110/07/20","國票-長城",3,452,-449
"15213","2363矽統","110/07/20","第一金-高雄",188,0,188
"15214","2363矽統","110/07/20","美林",158,531,-373
"15215","2363矽統","110/07/20","凱基-高美館",199,14,185
"15216","2363矽統","110/07/20","台新-左楠",13,310,-297
"15217","2363矽統","110/07/20","凱基-台北",434,326,108
"15218","2363矽統","110/07/20","玉山-台大",4,228,-224
"15219","2363矽統","110/07/20","元富-松德",105,0,105
"15220","2363矽統","110/07/20","群益金鼎-大甲",11,227,-216
"15221","2363矽統","110/07/20","元大-竹科",109,7,102
"15222","2363矽統","110/07/20","群益金鼎-中港",2,111,-109
"15223","2363矽統","110/07/20","元大-成功",102,2,100
"15224","2363矽統","110/07/20","元大-大天母",0,109,-109
"15225","2363矽統","110/07/20","富邦-仁愛",116,17,99
"15226","2363矽統","110/07/20","國泰-敦南",114,218,-104
"15227","2363矽統","110/07/20","元大-上新莊",102,16,86
"15228","2363矽統","110/07/20","港商野村",250,350,-100
"15229","2363矽統","110/07/20","台新證券",286,208,78
"15230","2363矽統","110/07/20","康和-澎湖",0,90,-90
"15231","2363矽統","110/07/20","元大-新營",81,9,72
"15232","2363矽統","110/07/20","凱基-中壢",15,99,-84
"15233","2363矽統","110/07/20","華南永昌-鳳山",76,5,71
"15234","2363矽統","110/07/20","元大-學甲",0,81,-81
"15235","2363矽統","110/07/20","富邦-員林",65,2,63
"15236","2363矽統","110/07/20","凱基-三重",22,91,-69
"15237","2363矽統","110/07/20","元富-成功",67,6,61
"15238","2363矽統","110/07/20","永豐金-嘉義",24,92,-68
"15239","2363矽統","110/07/20","新光-新竹",62,1,61
"15240","2363矽統","110/07/20","大慶-蘆洲",23,89,-66
"15241","8112至上","110/07/20","摩根大通",1226,293,933
"15242","8112至上","110/07/20","凱基-三重",27,502,-475
"15243","8112至上","110/07/20","新加坡商瑞銀",358,83,275
"15244","8112至上","110/07/20","宏遠證券",0,418,-418
"15245","8112至上","110/07/20","台灣摩根士丹利",159,9,150
"15246","8112至上","110/07/20","台新-台中",11,291,-280
"15247","8112至上","110/07/20","統一-新竹",115,5,110
"15248","8112至上","110/07/20","美林",44,194,-150
"15249","8112至上","110/07/20","新光",233,126,107
"15250","8112至上","110/07/20","凱基-新莊",0,100,-100
"15251","8112至上","110/07/20","凱基-台北",367,260,107
"15252","8112至上","110/07/20","富邦-永和",14,104,-90
"15253","8112至上","110/07/20","兆豐-西螺",104,10,94
"15254","8112至上","110/07/20","國票-敦北法人",4,88,-84
"15255","8112至上","110/07/20","永豐金-中正",87,6,81
"15256","8112至上","110/07/20","凱基-市政",3,80,-77
"15257","8112至上","110/07/20","富邦-新店",102,24,78
"15258","8112至上","110/07/20","台新證券",68,142,-74
"15259","8112至上","110/07/20","元大-大同",83,5,78
"15260","8112至上","110/07/20","永豐金-中壢",11,80,-69
"15261","8112至上","110/07/20","富邦-園區",64,2,62
"15262","8112至上","110/07/20","永豐金-台南",22,91,-69
"15263","8112至上","110/07/20","新光-台南",73,14,59
"15264","8112至上","110/07/20","元大-大雅",22,87,-65
"15265","8112至上","110/07/20","統一-台中",60,2,58
"15266","8112至上","110/07/20","光和",10,67,-57
"15267","8112至上","110/07/20","元大-北成功",58,4,54
"15268","8112至上","110/07/20","元大-竹科",27,74,-47
"15269","8112至上","110/07/20","元富-林園",53,0,53
"15270","8112至上","110/07/20","兆豐-公益",1,47,-46
"15271","1570力肯","110/07/20","國票-北高雄",36,0,36
"15272","1570力肯","110/07/20","國泰-敦南",0,19,-19
"15273","1570力肯","110/07/20","群益金鼎-高雄",16,0,16
"15274","1570力肯","110/07/20","中國信託-永康",0,12,-12
"15275","1570力肯","110/07/20","臺銀-鳳山",10,0,10
"15276","1570力肯","110/07/20","第一金-路竹",0,10,-10
"15277","1570力肯","110/07/20","群益金鼎-新竹",6,0,6
"15278","1570力肯","110/07/20","福勝",0,10,-10
"15279","1570力肯","110/07/20","大昌-樹林",5,0,5
"15280","1570力肯","110/07/20","群益金鼎-板橋",0,10,-10
"15281","1570力肯","110/07/20","華南永昌-楠梓",5,0,5
"15282","1570力肯","110/07/20","日盛-鳳山",0,8,-8
"15283","1570力肯","110/07/20","元大-基隆孝二",5,0,5
"15284","1570力肯","110/07/20","永豐金-新竹",6,14,-8
"15285","1570力肯","110/07/20","元大-新竹經國",4,0,4
"15286","1570力肯","110/07/20","第一金-彰化",0,7,-7
"15287","1570力肯","110/07/20","土銀-高雄",2,0,2
"15288","1570力肯","110/07/20","元富-吉利",0,7,-7
"15289","1570力肯","110/07/20","台灣企銀-太平",2,0,2
"15290","1570力肯","110/07/20","台中銀-員林",0,7,-7
"15291","1570力肯","110/07/20","兆豐-忠孝",2,0,2
"15292","1570力肯","110/07/20","玉山證券",1,8,-7
"15293","1570力肯","110/07/20","玉山-城中",2,0,2
"15294","1570力肯","110/07/20","統一-三重",0,5,-5
"15295","1570力肯","110/07/20","國泰-板橋",2,0,2
"15296","1570力肯","110/07/20","光和-溪湖",0,3,-3
"15297","1570力肯","110/07/20","凱基-台北",2,0,2
"15298","1570力肯","110/07/20","康和-澎湖",0,3,-3
"15299","1570力肯","110/07/20","華南永昌-高雄",2,0,2
"15300","1570力肯","110/07/20","摩根大通",0,2,-2
"15301","2929淘帝","110/07/20","玉山-新竹",59,0,59
"15302","2929淘帝","110/07/20","臺銀",0,45,-45
"15303","2929淘帝","110/07/20","兆豐-新莊",50,0,50
"15304","2929淘帝","110/07/20","光和-嘉義",0,29,-29
"15305","2929淘帝","110/07/20","元大-大甲",30,0,30
"15306","2929淘帝","110/07/20","新加坡商瑞銀",27,55,-28
"15307","2929淘帝","110/07/20","元大-民生",29,0,29
"15308","2929淘帝","110/07/20","華南永昌-潮州",0,20,-20
"15309","2929淘帝","110/07/20","元大-員林",20,0,20
"15310","2929淘帝","110/07/20","玉山-高雄",0,14,-14
"15311","2929淘帝","110/07/20","元富-台南",18,0,18
"15312","2929淘帝","110/07/20","富邦-南屯",2,13,-11
"15313","2929淘帝","110/07/20","港商野村",63,50,13
"15314","2929淘帝","110/07/20","高橋-龍潭",0,10,-10
"15315","2929淘帝","110/07/20","高橋",10,0,10
"15316","2929淘帝","110/07/20","台新-建北",0,10,-10
"15317","2929淘帝","110/07/20","元富-林園",10,0,10
"15318","2929淘帝","110/07/20","群益金鼎-台中",0,10,-10
"15319","2929淘帝","110/07/20","玉山-台南",10,0,10
"15320","2929淘帝","110/07/20","華南永昌-苗栗",0,10,-10
"15321","2929淘帝","110/07/20","群益金鼎-士林",10,0,10
"15322","2929淘帝","110/07/20","群益金鼎-西松",0,9,-9
"15323","2929淘帝","110/07/20","凱基-台北",16,6,10
"15324","2929淘帝","110/07/20","台新-三民",0,8,-8
"15325","2929淘帝","110/07/20","合庫證券",9,0,9
"15326","2929淘帝","110/07/20","群益金鼎",0,8,-8
"15327","2929淘帝","110/07/20","永豐金證券",9,2,7
"15328","2929淘帝","110/07/20","富邦-永和",0,7,-7
"15329","2929淘帝","110/07/20","凱基-基隆",6,0,6
"15330","2929淘帝","110/07/20","國泰-台中",6,12,-6
"15331","5410國眾","110/07/20","日盛-內湖",27,0,27
"15332","5410國眾","110/07/20","永豐金-內湖",0,23,-23
"15333","5410國眾","110/07/20","富邦-新營",20,0,20
"15334","5410國眾","110/07/20","兆豐-台中港",0,20,-20
"15335","5410國眾","110/07/20","大昌",17,0,17
"15336","5410國眾","110/07/20","元富-嘉義",0,15,-15
"15337","5410國眾","110/07/20","永豐金-台南",17,0,17
"15338","5410國眾","110/07/20","元富-吉利",0,11,-11
"15339","5410國眾","110/07/20","凱基-站前",15,0,15
"15340","5410國眾","110/07/20","凱基-長庚",0,10,-10
"15341","5410國眾","110/07/20","凱基-竹北",11,0,11
"15342","5410國眾","110/07/20","元大-八德",0,10,-10
"15343","5410國眾","110/07/20","元富-民權",9,0,9
"15344","5410國眾","110/07/20","元大-天母",0,10,-10
"15345","5410國眾","110/07/20","群益金鼎-嘉義",6,0,6
"15346","5410國眾","110/07/20","國泰-桃園",0,9,-9
"15347","5410國眾","110/07/20","元大-土城學府",6,0,6
"15348","5410國眾","110/07/20","新光",5,12,-7
"15349","5410國眾","110/07/20","第一金-豐原",5,0,5
"15350","5410國眾","110/07/20","玉山-桃園",0,7,-7
"15351","5410國眾","110/07/20","華南永昌-林口",5,0,5
"15352","5410國眾","110/07/20","玉山-雙和",0,6,-6
"15353","5410國眾","110/07/20","元大-博愛",5,0,5
"15354","5410國眾","110/07/20","臺銀-臺南",0,5,-5
"15355","5410國眾","110/07/20","元大-竹南",5,0,5
"15356","5410國眾","110/07/20","彰銀-七賢",0,5,-5
"15357","5410國眾","110/07/20","元大-新店中正",5,0,5
"15358","5410國眾","110/07/20","宏遠證券",0,5,-5
"15359","5410國眾","110/07/20","元富-烏日",4,0,4
"15360","5410國眾","110/07/20","摩根大通",0,5,-5
"15361","2841台開","110/07/20","中國信託-忠孝",145,0,145
"15362","2841台開","110/07/20","凱基-松山",0,100,-100
"15363","2841台開","110/07/20","第一金-台中",68,0,68
"15364","2841台開","110/07/20","第一金-自由",0,33,-33
"15365","2841台開","110/07/20","美商高盛",37,0,37
"15366","2841台開","110/07/20","港商野村",0,29,-29
"15367","2841台開","110/07/20","台中銀",32,0,32
"15368","2841台開","110/07/20","國泰-敦南",11,31,-20
"15369","2841台開","110/07/20","台新-台中",20,0,20
"15370","2841台開","110/07/20","華南永昌-台中",0,20,-20
"15371","2841台開","110/07/20","凱基-東港",10,0,10
"15372","2841台開","110/07/20","元大-發財",0,15,-15
"15373","2841台開","110/07/20","大昌-安康",10,3,7
"15374","2841台開","110/07/20","元大-福營",9,23,-14
"15375","2841台開","110/07/20","豐農",7,0,7
"15376","2841台開","110/07/20","永豐金-敦南",5,18,-13
"15377","2841台開","110/07/20","元大-歸仁",7,0,7
"15378","2841台開","110/07/20","統一-城中",0,11,-11
"15379","2841台開","110/07/20","日盛-木柵",5,0,5
"15380","2841台開","110/07/20","日盛-台南",0,10,-10
"15381","2841台開","110/07/20","台新-台南",4,0,4
"15382","2841台開","110/07/20","兆豐-寶成",0,10,-10
"15383","2841台開","110/07/20","日盛證券",3,0,3
"15384","2841台開","110/07/20","國票-中港",0,10,-10
"15385","2841台開","110/07/20","台新證券",8,5,3
"15386","2841台開","110/07/20","群益金鼎",0,10,-10
"15387","2841台開","110/07/20","元大-沙鹿",3,0,3
"15388","2841台開","110/07/20","玉山證券",1,10,-9
"15389","2841台開","110/07/20","國泰-台中",2,0,2
"15390","2841台開","110/07/20","大昌-新店",0,6,-6
"15391","6207雷科","110/07/20","元大-西門",100,4,96
"15392","6207雷科","110/07/20","永豐金-內湖",0,109,-109
"15393","6207雷科","110/07/20","凱基-復興",50,0,50
"15394","6207雷科","110/07/20","國泰證券",0,90,-90
"15395","6207雷科","110/07/20","凱基-台北",47,1,46
"15396","6207雷科","110/07/20","元大-頭份",0,55,-55
"15397","6207雷科","110/07/20","玉山-城中",43,1,42
"15398","6207雷科","110/07/20","永豐金-虎尾",0,50,-50
"15399","6207雷科","110/07/20","華南永昌-長虹",44,5,39
"15400","6207雷科","110/07/20","元富-世貿",0,33,-33
"15401","6207雷科","110/07/20","凱基-板橋",38,1,37
"15402","6207雷科","110/07/20","元大-南崁",0,22,-22
"15403","6207雷科","110/07/20","元富-信義",39,3,36
"15404","6207雷科","110/07/20","永豐金-鳳山",0,21,-21
"15405","6207雷科","110/07/20","元富-彰化",35,0,35
"15406","6207雷科","110/07/20","永豐金-三重",6,27,-21
"15407","6207雷科","110/07/20","凱基-高美館",34,0,34
"15408","6207雷科","110/07/20","第一金-澎湖",0,20,-20
"15409","6207雷科","110/07/20","富邦-中壢",26,2,24
"15410","6207雷科","110/07/20","群益金鼎-東大",0,20,-20
"15411","6207雷科","110/07/20","大昌-桃園",23,0,23
"15412","6207雷科","110/07/20","兆豐-民生",0,19,-19
"15413","6207雷科","110/07/20","元大-四維",39,17,22
"15414","6207雷科","110/07/20","元大-北成功",1,20,-19
"15415","6207雷科","110/07/20","台灣摩根士丹利",18,0,18
"15416","6207雷科","110/07/20","元大-虎尾",1,18,-17
"15417","6207雷科","110/07/20","國票-中和",16,0,16
"15418","6207雷科","110/07/20","元大-文心興安",0,15,-15
"15419","6207雷科","110/07/20","永豐金-大園",16,0,16
"15420","6207雷科","110/07/20","瑞士信貸",0,14,-14
"15421","3679新至陞","110/07/20","國票-敦北法人",18,0,18
"15422","3679新至陞","110/07/20","華南永昌-台中",0,32,-32
"15423","3679新至陞","110/07/20","台中銀-員林",17,3,14
"15424","3679新至陞","110/07/20","凱基-台北",12,32,-20
"15425","3679新至陞","110/07/20","群益金鼎-高盛",13,0,13
"15426","3679新至陞","110/07/20","摩根大通",2,14,-12
"15427","3679新至陞","110/07/20","康和-澎湖",8,0,8
"15428","3679新至陞","110/07/20","國泰-桃園",0,11,-11
"15429","3679新至陞","110/07/20","台新證券",6,0,6
"15430","3679新至陞","110/07/20","群益金鼎-台南",0,10,-10
"15431","3679新至陞","110/07/20","宏遠-光隆",4,0,4
"15432","3679新至陞","110/07/20","群益金鼎-大安",0,10,-10
"15433","3679新至陞","110/07/20","玉山-大里",4,0,4
"15434","3679新至陞","110/07/20","永豐金證券",4,14,-10
"15435","3679新至陞","110/07/20","台中銀-豐原",3,0,3
"15436","3679新至陞","110/07/20","兆豐-大同",1,6,-5
"15437","3679新至陞","110/07/20","玉山-新莊",3,0,3
"15438","3679新至陞","110/07/20","群益金鼎-館前",0,4,-4
"15439","3679新至陞","110/07/20","凱基-中山",3,0,3
"15440","3679新至陞","110/07/20","富邦-南屯",0,4,-4
"15441","3679新至陞","110/07/20","富邦-台北",3,0,3
"15442","3679新至陞","110/07/20","瑞士信貸",3,6,-3
"15443","3679新至陞","110/07/20","元大-板橋",3,0,3
"15444","3679新至陞","110/07/20","國泰-板橋",0,3,-3
"15445","3679新至陞","110/07/20","日盛-八德",2,0,2
"15446","3679新至陞","110/07/20","富邦-中壢",1,4,-3
"15447","3679新至陞","110/07/20","日盛-復興",2,0,2
"15448","3679新至陞","110/07/20","台灣企銀",0,2,-2
"15449","3679新至陞","110/07/20","康和-板橋",2,0,2
"15450","3679新至陞","110/07/20","日盛-大墩",0,2,-2
"15451","2727王品","110/07/20","兆豐-南京",200,0,200
"15452","2727王品","110/07/20","凱基-市政",1,75,-74
"15453","2727王品","110/07/20","富邦證券",88,0,88
"15454","2727王品","110/07/20","美商高盛",6,38,-32
"15455","2727王品","110/07/20","台新證券",142,55,87
"15456","2727王品","110/07/20","富邦-陽明",7,38,-31
"15457","2727王品","110/07/20","瑞士信貸",50,0,50
"15458","2727王品","110/07/20","永豐金-中正",3,34,-31
"15459","2727王品","110/07/20","港商野村",106,57,49
"15460","2727王品","110/07/20","永豐金-潮州",0,31,-31
"15461","2727王品","110/07/20","凱基-台北",67,27,40
"15462","2727王品","110/07/20","兆豐-大安",0,30,-30
"15463","2727王品","110/07/20","永豐金-大園",29,2,27
"15464","2727王品","110/07/20","摩根大通",50,73,-23
"15465","2727王品","110/07/20","康和-高雄",20,0,20
"15466","2727王品","110/07/20","日盛證券",4,24,-20
"15467","2727王品","110/07/20","第一金-高雄",20,3,17
"15468","2727王品","110/07/20","凱基-大里",0,20,-20
"15469","2727王品","110/07/20","富邦-板橋",21,4,17
"15470","2727王品","110/07/20","群益金鼎-大甲",0,18,-18
"15471","2727王品","110/07/20","永豐金-桃盛",15,0,15
"15472","2727王品","110/07/20","統一",18,29,-11
"15473","2727王品","110/07/20","凱基",13,0,13
"15474","2727王品","110/07/20","國泰-台中",12,23,-11
"15475","2727王品","110/07/20","新加坡商瑞銀",23,11,12
"15476","2727王品","110/07/20","元大-彰化",0,11,-11
"15477","2727王品","110/07/20","亞東",10,0,10
"15478","2727王品","110/07/20","國泰-館前",4,14,-10
"15479","2727王品","110/07/20","康和-台中",13,4,9
"15480","2727王品","110/07/20","元大-學甲",0,10,-10
"15481","1570力肯","110/07/20","國票-北高雄",36,0,36
"15482","1570力肯","110/07/20","國泰-敦南",0,19,-19
"15483","1570力肯","110/07/20","群益金鼎-高雄",16,0,16
"15484","1570力肯","110/07/20","中國信託-永康",0,12,-12
"15485","1570力肯","110/07/20","臺銀-鳳山",10,0,10
"15486","1570力肯","110/07/20","第一金-路竹",0,10,-10
"15487","1570力肯","110/07/20","群益金鼎-新竹",6,0,6
"15488","1570力肯","110/07/20","福勝",0,10,-10
"15489","1570力肯","110/07/20","大昌-樹林",5,0,5
"15490","1570力肯","110/07/20","群益金鼎-板橋",0,10,-10
"15491","1570力肯","110/07/20","華南永昌-楠梓",5,0,5
"15492","1570力肯","110/07/20","日盛-鳳山",0,8,-8
"15493","1570力肯","110/07/20","元大-基隆孝二",5,0,5
"15494","1570力肯","110/07/20","永豐金-新竹",6,14,-8
"15495","1570力肯","110/07/20","元大-新竹經國",4,0,4
"15496","1570力肯","110/07/20","第一金-彰化",0,7,-7
"15497","1570力肯","110/07/20","土銀-高雄",2,0,2
"15498","1570力肯","110/07/20","元富-吉利",0,7,-7
"15499","1570力肯","110/07/20","台灣企銀-太平",2,0,2
"15500","1570力肯","110/07/20","台中銀-員林",0,7,-7
"15501","1570力肯","110/07/20","兆豐-忠孝",2,0,2
"15502","1570力肯","110/07/20","玉山證券",1,8,-7
"15503","1570力肯","110/07/20","玉山-城中",2,0,2
"15504","1570力肯","110/07/20","統一-三重",0,5,-5
"15505","1570力肯","110/07/20","國泰-板橋",2,0,2
"15506","1570力肯","110/07/20","光和-溪湖",0,3,-3
"15507","1570力肯","110/07/20","凱基-台北",2,0,2
"15508","1570力肯","110/07/20","康和-澎湖",0,3,-3
"15509","1570力肯","110/07/20","華南永昌-高雄",2,0,2
"15510","1570力肯","110/07/20","摩根大通",0,2,-2
"15511","6180橘子","110/07/20","摩根大通",89,31,58
"15512","6180橘子","110/07/20","群益金鼎-中山",0,80,-80
"15513","6180橘子","110/07/20","美商高盛",27,0,27
"15514","6180橘子","110/07/20","台中銀-台北",0,30,-30
"15515","6180橘子","110/07/20","新加坡商瑞銀",28,1,27
"15516","6180橘子","110/07/20","日盛-新莊",1,22,-21
"15517","6180橘子","110/07/20","新光",41,16,25
"15518","6180橘子","110/07/20","元富-緯城",2,20,-18
"15519","6180橘子","110/07/20","日盛-文化",21,0,21
"15520","6180橘子","110/07/20","日盛-新竹",2,15,-13
"15521","6180橘子","110/07/20","元富-潮州",20,0,20
"15522","6180橘子","110/07/20","元大-汐止",0,12,-12
"15523","6180橘子","110/07/20","凱基-台北",31,11,20
"15524","6180橘子","110/07/20","元大-豐原站前",0,12,-12
"15525","6180橘子","110/07/20","元大-草屯",18,0,18
"15526","6180橘子","110/07/20","德信-中正",0,10,-10
"15527","6180橘子","110/07/20","花旗環球",13,0,13
"15528","6180橘子","110/07/20","新光-台南",0,10,-10
"15529","6180橘子","110/07/20","元大-桃園",12,0,12
"15530","6180橘子","110/07/20","玉山-雙和",0,10,-10
"15531","6180橘子","110/07/20","群益金鼎",10,0,10
"15532","6180橘子","110/07/20","元大-四維",0,10,-10
"15533","6180橘子","110/07/20","元大-高雄",10,0,10
"15534","6180橘子","110/07/20","元大-永春",2,12,-10
"15535","6180橘子","110/07/20","群益金鼎-嘉義",9,0,9
"15536","6180橘子","110/07/20","凱基-高美館",0,8,-8
"15537","6180橘子","110/07/20","富邦-嘉義",9,0,9
"15538","6180橘子","110/07/20","華南永昌",2,10,-8
"15539","6180橘子","110/07/20","元富-草屯",10,2,8
"15540","6180橘子","110/07/20","富邦-台北",0,8,-8
"15541","2390云辰","110/07/20","元大證券",6043,11,6032
"15542","2390云辰","110/07/20","華南永昌-鳳山",2,312,-310
"15543","2390云辰","110/07/20","兆豐-復興",998,0,998
"15544","2390云辰","110/07/20","台灣摩根士丹利",0,247,-247
"15545","2390云辰","110/07/20","富邦-嘉義",775,7,768
"15546","2390云辰","110/07/20","元大-復北",4,239,-235
"15547","2390云辰","110/07/20","統一-台中",350,6,344
"15548","2390云辰","110/07/20","富邦-建國",25,236,-211
"15549","2390云辰","110/07/20","兆豐-城中",240,0,240
"15550","2390云辰","110/07/20","元富-中港",0,202,-202
"15551","2390云辰","110/07/20","群益金鼎-館前",204,2,202
"15552","2390云辰","110/07/20","國泰-敦南",20,194,-174
"15553","2390云辰","110/07/20","凱基-大直",187,0,187
"15554","2390云辰","110/07/20","元大-土城學府",10,156,-146
"15555","2390云辰","110/07/20","永豐金證券",160,10,150
"15556","2390云辰","110/07/20","中國信託-松江",0,130,-130
"15557","2390云辰","110/07/20","日盛-高雄",104,2,102
"15558","2390云辰","110/07/20","凱基-基隆",0,130,-130
"15559","2390云辰","110/07/20","凱基-中山",100,3,97
"15560","2390云辰","110/07/20","永豐金-中正",1,117,-116
"15561","2390云辰","110/07/20","元大-基隆",85,7,78
"15562","2390云辰","110/07/20","富邦-陽明",1,94,-93
"15563","2390云辰","110/07/20","群益金鼎-東大",64,2,62
"15564","2390云辰","110/07/20","元大-潮州",20,112,-92
"15565","2390云辰","110/07/20","元大-前金",60,1,59
"15566","2390云辰","110/07/20","宏遠證券",0,89,-89
"15567","2390云辰","110/07/20","國票-北高雄",63,14,49
"15568","2390云辰","110/07/20","兆豐-台中",0,75,-75
"15569","2390云辰","110/07/20","群益金鼎-三重",40,6,34
"15570","2390云辰","110/07/20","新光",8,82,-74
"15571","2363矽統","110/07/19","第一金-忠孝",210,0,210
"15572","2363矽統","110/07/19","富邦-仁愛",32,575,-543
"15573","2363矽統","110/07/19","中國信託-文心",191,9,182
"15574","2363矽統","110/07/19","新加坡商瑞銀",53,486,-433
"15575","2363矽統","110/07/19","華南永昌-鳳山",116,1,115
"15576","2363矽統","110/07/19","摩根大通",42,320,-278
"15577","2363矽統","110/07/19","元大-新竹",113,12,101
"15578","2363矽統","110/07/19","元大-竹科",3,201,-198
"15579","2363矽統","110/07/19","凱基-中山",89,1,88
"15580","2363矽統","110/07/19","元大-成功",7,183,-176
"15581","2363矽統","110/07/19","永豐金-嘉義",82,7,75
"15582","2363矽統","110/07/19","凱基-大里",0,150,-150
"15583","2363矽統","110/07/19","凱基-台南",72,4,68
"15584","2363矽統","110/07/19","瑞士信貸",80,215,-135
"15585","2363矽統","110/07/19","元富-城東",84,17,67
"15586","2363矽統","110/07/19","日盛-新莊",4,135,-131
"15587","2363矽統","110/07/19","群益金鼎-東湖",61,0,61
"15588","2363矽統","110/07/19","宏遠-桃園",20,150,-130
"15589","2363矽統","110/07/19","兆豐-中壢",55,0,55
"15590","2363矽統","110/07/19","凱基-三重",7,107,-100
"15591","2363矽統","110/07/19","康和-內湖",55,1,54
"15592","2363矽統","110/07/19","凱基-台北",384,476,-92
"15593","2363矽統","110/07/19","群益金鼎-桃園",55,2,53
"15594","2363矽統","110/07/19","合庫-台中",3,84,-81
"15595","2363矽統","110/07/19","群益金鼎-大興",50,0,50
"15596","2363矽統","110/07/19","致和-金華",1,80,-79
"15597","2363矽統","110/07/19","台新-台中",81,32,49
"15598","2363矽統","110/07/19","凱基-員林",5,77,-72
"15599","2363矽統","110/07/19","北城證券",58,10,48
"15600","2363矽統","110/07/19","華南永昌-合泰",2,70,-68
"15601","8112至上","110/07/19","摩根大通",1413,144,1269
"15602","8112至上","110/07/19","凱基-三重",3,600,-597
"15603","8112至上","110/07/19","凱基-台北",1053,266,787
"15604","8112至上","110/07/19","元大-府城",0,165,-165
"15605","8112至上","110/07/19","新加坡商瑞銀",523,2,521
"15606","8112至上","110/07/19","台灣企銀-台中",0,150,-150
"15607","8112至上","110/07/19","台灣摩根士丹利",487,8,479
"15608","8112至上","110/07/19","(牛牛牛)亞-鑫豐",26,119,-93
"15609","8112至上","110/07/19","美林",529,93,436
"15610","8112至上","110/07/19","永豐金-台南",15,95,-80
"15611","8112至上","110/07/19","港商野村",358,36,322
"15612","8112至上","110/07/19","亞東-板橋",2,81,-79
"15613","8112至上","110/07/19","美商高盛",276,3,273
"15614","8112至上","110/07/19","陽信",0,70,-70
"15615","8112至上","110/07/19","兆豐-公益",180,7,173
"15616","8112至上","110/07/19","元富-佳里",0,69,-69
"15617","8112至上","110/07/19","國泰-板橋",116,15,101
"15618","8112至上","110/07/19","臺銀-鳳山",7,72,-65
"15619","8112至上","110/07/19","凱基-新莊",100,1,99
"15620","8112至上","110/07/19","兆豐-竹北",4,65,-61
"15621","8112至上","110/07/19","凱基-市政",89,0,89
"15622","8112至上","110/07/19","國泰-新莊",2,62,-60
"15623","8112至上","110/07/19","玉山證券",73,7,66
"15624","8112至上","110/07/19","元富-大裕",2,60,-58
"15625","8112至上","110/07/19","花旗環球",64,0,64
"15626","8112至上","110/07/19","臺灣企銀-桃園",0,55,-55
"15627","8112至上","110/07/19","合庫-台中",55,3,52
"15628","8112至上","110/07/19","康和-台南",4,59,-55
"15629","8112至上","110/07/19","永豐金-中壢",50,1,49
"15630","8112至上","110/07/19","第一金-華江",3,55,-52
"15631","1570力肯","110/07/19","國票-北高雄",34,0,34
"15632","1570力肯","110/07/19","合庫-三重",0,8,-8
"15633","1570力肯","110/07/19","新光",30,3,27
"15634","1570力肯","110/07/19","元大-高雄",0,8,-8
"15635","1570力肯","110/07/19","凱基-台北",24,1,23
"15636","1570力肯","110/07/19","合庫-台中",0,7,-7
"15637","1570力肯","110/07/19","台灣摩根士丹利",7,0,7
"15638","1570力肯","110/07/19","臺銀-臺中",0,6,-6
"15639","1570力肯","110/07/19","元大-林森",5,0,5
"15640","1570力肯","110/07/19","摩根大通",6,11,-5
"15641","1570力肯","110/07/19","元大-士林",4,0,4
"15642","1570力肯","110/07/19","元富-緯城",0,4,-4
"15643","1570力肯","110/07/19","玉山證券",8,5,3
"15644","1570力肯","110/07/19","玉山-台大",0,4,-4
"15645","1570力肯","110/07/19","統一-城中",2,0,2
"15646","1570力肯","110/07/19","群益金鼎-三重",0,4,-4
"15647","1570力肯","110/07/19","元大-基隆孝二",2,0,2
"15648","1570力肯","110/07/19","凱基-鳳山",1,5,-4
"15649","1570力肯","110/07/19","土銀-建國",1,0,1
"15650","1570力肯","110/07/19","元大-板橋",0,4,-4
"15651","1570力肯","110/07/19","日盛-復興",1,0,1
"15652","1570力肯","110/07/19","日盛-和美",0,3,-3
"15653","1570力肯","110/07/19","瑞士信貸",1,0,1
"15654","1570力肯","110/07/19","元富-新店",2,5,-3
"15655","1570力肯","110/07/19","元富-四維",1,0,1
"15656","1570力肯","110/07/19","元大-新莊",0,3,-3
"15657","1570力肯","110/07/19","群益金鼎-北高雄",1,0,1
"15658","1570力肯","110/07/19","永豐金-敦南",0,3,-3
"15659","1570力肯","110/07/19","凱基-高美館",1,0,1
"15660","1570力肯","110/07/19","永豐金-台中",0,3,-3
"15661","2929淘帝","110/07/19","元大-民生",28,0,28
"15662","2929淘帝","110/07/19","元大-六合",0,40,-40
"15663","2929淘帝","110/07/19","宏遠-光隆",25,0,25
"15664","2929淘帝","110/07/19","新光-新竹",0,35,-35
"15665","2929淘帝","110/07/19","華南永昌-苗栗",20,0,20
"15666","2929淘帝","110/07/19","新加坡商瑞銀",1,30,-29
"15667","2929淘帝","110/07/19","元大-員林",20,0,20
"15668","2929淘帝","110/07/19","永豐金-永康",0,27,-27
"15669","2929淘帝","110/07/19","合庫-高雄",18,0,18
"15670","2929淘帝","110/07/19","凱基-復興",0,24,-24
"15671","2929淘帝","110/07/19","臺銀-鳳山",18,0,18
"15672","2929淘帝","110/07/19","日盛-豐原",0,22,-22
"15673","2929淘帝","110/07/19","日盛-雙和",17,0,17
"15674","2929淘帝","110/07/19","富邦-南屯",1,22,-21
"15675","2929淘帝","110/07/19","華南永昌-林口",15,0,15
"15676","2929淘帝","110/07/19","新光",1,21,-20
"15677","2929淘帝","110/07/19","元大-屏南",15,0,15
"15678","2929淘帝","110/07/19","華南永昌",0,20,-20
"15679","2929淘帝","110/07/19","台新-中壢",12,0,12
"15680","2929淘帝","110/07/19","富邦-竹東",2,22,-20
"15681","2929淘帝","110/07/19","新光-台中",11,0,11
"15682","2929淘帝","110/07/19","凱基-士林",0,16,-16
"15683","2929淘帝","110/07/19","凱基-台北",20,9,11
"15684","2929淘帝","110/07/19","福勝",0,15,-15
"15685","2929淘帝","110/07/19","富邦-台北",11,0,11
"15686","2929淘帝","110/07/19","港商野村",25,37,-12
"15687","2929淘帝","110/07/19","合庫-自強",10,0,10
"15688","2929淘帝","110/07/19","群益金鼎-建成",0,11,-11
"15689","2929淘帝","110/07/19","凱基-豐中",10,0,10
"15690","2929淘帝","110/07/19","華南永昌-朴子",0,11,-11
"15691","5410國眾","110/07/19","香港上海匯豐",28,0,28
"15692","5410國眾","110/07/19","群益金鼎-內湖",0,80,-80
"15693","5410國眾","110/07/19","大昌",26,0,26
"15694","5410國眾","110/07/19","永豐金-屏東",0,14,-14
"15695","5410國眾","110/07/19","兆豐-公益",20,0,20
"15696","5410國眾","110/07/19","永豐金-南京",0,10,-10
"15697","5410國眾","110/07/19","合庫-嘉義",10,0,10
"15698","5410國眾","110/07/19","元大-內湖",0,9,-9
"15699","5410國眾","110/07/19","台新-左楠",20,10,10
"15700","5410國眾","110/07/19","富邦-永和",0,8,-8
"15701","5410國眾","110/07/19","摩根大通",15,6,9
"15702","5410國眾","110/07/19","日盛-景美",0,6,-6
"15703","5410國眾","110/07/19","台灣企銀-民雄",8,0,8
"15704","5410國眾","110/07/19","光和",1,7,-6
"15705","5410國眾","110/07/19","元大-竹科",8,0,8
"15706","5410國眾","110/07/19","元大-士林",0,6,-6
"15707","5410國眾","110/07/19","凱基-台北",9,3,6
"15708","5410國眾","110/07/19","新光-台中",0,5,-5
"15709","5410國眾","110/07/19","元大-博愛",6,0,6
"15710","5410國眾","110/07/19","元大-景美",0,5,-5
"15711","5410國眾","110/07/19","台新-三民",5,0,5
"15712","5410國眾","110/07/19","大慶-蘆洲",0,4,-4
"15713","5410國眾","110/07/19","群益金鼎-中壢",5,0,5
"15714","5410國眾","110/07/19","中國信託-新竹",0,4,-4
"15715","5410國眾","110/07/19","群益金鼎-嘉義",5,0,5
"15716","5410國眾","110/07/19","新光",6,10,-4
"15717","5410國眾","110/07/19","日盛證券",4,0,4
"15718","5410國眾","110/07/19","元大-基隆孝二",0,4,-4
"15719","5410國眾","110/07/19","群益金鼎-新店",4,0,4
"15720","5410國眾","110/07/19","土銀-台中",0,3,-3
"15721","2841台開","110/07/19","元富-城東",150,0,150
"15722","2841台開","110/07/19","日進",0,80,-80
"15723","2841台開","110/07/19","中國信託-忠孝",80,0,80
"15724","2841台開","110/07/19","港商野村",0,77,-77
"15725","2841台開","110/07/19","凱基-台北",52,0,52
"15726","2841台開","110/07/19","摩根大通",0,41,-41
"15727","2841台開","110/07/19","美商高盛",48,0,48
"15728","2841台開","110/07/19","元大-三重",1,38,-37
"15729","2841台開","110/07/19","台中銀",43,0,43
"15730","2841台開","110/07/19","元大-福營",0,30,-30
"15731","2841台開","110/07/19","永豐金-豐原",32,0,32
"15732","2841台開","110/07/19","新光",4,28,-24
"15733","2841台開","110/07/19","豐農",20,0,20
"15734","2841台開","110/07/19","元大-竹科",0,22,-22
"15735","2841台開","110/07/19","台新-台中",30,10,20
"15736","2841台開","110/07/19","永豐金-敦南",33,55,-22
"15737","2841台開","110/07/19","華南永昌-新莊",20,0,20
"15738","2841台開","110/07/19","日盛-二林",0,15,-15
"15739","2841台開","110/07/19","第一金-台中",12,0,12
"15740","2841台開","110/07/19","元富-虎尾",0,15,-15
"15741","2841台開","110/07/19","國泰-台中",12,0,12
"15742","2841台開","110/07/19","華南永昌-世貿",0,15,-15
"15743","2841台開","110/07/19","日茂",10,0,10
"15744","2841台開","110/07/19","統一-三多",0,12,-12
"15745","2841台開","110/07/19","凱基-埔墘",10,0,10
"15746","2841台開","110/07/19","台中銀-豐原",0,10,-10
"15747","2841台開","110/07/19","永豐金-內湖",8,0,8
"15748","2841台開","110/07/19","元大-頭份",0,10,-10
"15749","2841台開","110/07/19","合庫-台中",7,0,7
"15750","2841台開","110/07/19","合庫-台南",0,8,-8
"15751","6207雷科","110/07/19","元富-信義",92,0,92
"15752","6207雷科","110/07/19","新加坡商瑞銀",5,104,-99
"15753","6207雷科","110/07/19","國泰證券",90,0,90
"15754","6207雷科","110/07/19","富邦-彰化",2,97,-95
"15755","6207雷科","110/07/19","元富-城中",80,4,76
"15756","6207雷科","110/07/19","永豐金-內湖",6,85,-79
"15757","6207雷科","110/07/19","元大-福營",71,5,66
"15758","6207雷科","110/07/19","摩根大通",102,164,-62
"15759","6207雷科","110/07/19","凱基-復興",60,0,60
"15760","6207雷科","110/07/19","瑞士信貸",0,51,-51
"15761","6207雷科","110/07/19","凱基-台北",91,46,45
"15762","6207雷科","110/07/19","凱基-板橋",10,55,-45
"15763","6207雷科","110/07/19","玉山-城中",42,0,42
"15764","6207雷科","110/07/19","華南永昌-大安",0,40,-40
"15765","6207雷科","110/07/19","華南永昌-長虹",40,0,40
"15766","6207雷科","110/07/19","群益金鼎-東大",1,40,-39
"15767","6207雷科","110/07/19","永豐金-羅東",38,0,38
"15768","6207雷科","110/07/19","台新-高雄",15,47,-32
"15769","6207雷科","110/07/19","日盛-忠孝",36,2,34
"15770","6207雷科","110/07/19","玉山-嘉義",1,32,-31
"15771","6207雷科","110/07/19","凱基-羅東",37,3,34
"15772","6207雷科","110/07/19","凱基-中港",0,30,-30
"15773","6207雷科","110/07/19","第一金-新竹",30,0,30
"15774","6207雷科","110/07/19","元大-六合",7,36,-29
"15775","6207雷科","110/07/19","玉山-數位",27,1,26
"15776","6207雷科","110/07/19","元富-花蓮",0,28,-28
"15777","6207雷科","110/07/19","凱基-長庚",22,0,22
"15778","6207雷科","110/07/19","群益金鼎-瑞豐",6,34,-28
"15779","6207雷科","110/07/19","台灣企銀-北高雄",20,0,20
"15780","6207雷科","110/07/19","新百王",0,26,-26
"15781","3679新至陞","110/07/19","元大-成功",7,0,7
"15782","3679新至陞","110/07/19","群益金鼎-大安",0,15,-15
"15783","3679新至陞","110/07/19","美商高盛",6,0,6
"15784","3679新至陞","110/07/19","凱基-民權",0,10,-10
"15785","3679新至陞","110/07/19","台新-高雄",5,0,5
"15786","3679新至陞","110/07/19","元大-西門",0,10,-10
"15787","3679新至陞","110/07/19","凱基-松山",5,0,5
"15788","3679新至陞","110/07/19","瑞士信貸",0,6,-6
"15789","3679新至陞","110/07/19","日盛-員林",4,0,4
"15790","3679新至陞","110/07/19","兆豐-高雄",0,6,-6
"15791","3679新至陞","110/07/19","台中銀-員林",4,0,4
"15792","3679新至陞","110/07/19","群益金鼎",0,5,-5
"15793","3679新至陞","110/07/19","(牛牛牛)亞-網路",3,0,3
"15794","3679新至陞","110/07/19","元大-永春",0,4,-4
"15795","3679新至陞","110/07/19","大昌-新店",3,0,3
"15796","3679新至陞","110/07/19","凱基-台北",2,5,-3
"15797","3679新至陞","110/07/19","凱基-埔墘",3,0,3
"15798","3679新至陞","110/07/19","港商法國興業",0,2,-2
"15799","3679新至陞","110/07/19","元大-板橋",3,0,3
"15800","3679新至陞","110/07/19","摩根大通",2,4,-2
"15801","3679新至陞","110/07/19","臺銀-金山",2,0,2
"15802","3679新至陞","110/07/19","元大-金門",0,2,-2
"15803","3679新至陞","110/07/19","日盛-樹林",2,0,2
"15804","3679新至陞","110/07/19","元大-土城",0,2,-2
"15805","3679新至陞","110/07/19","致和-東門",2,0,2
"15806","3679新至陞","110/07/19","日盛-鳳山",0,1,-1
"15807","3679新至陞","110/07/19","國票-敦北法人",2,0,2
"15808","3679新至陞","110/07/19","美林",1,2,-1
"15809","3679新至陞","110/07/19","台新證券",2,0,2
"15810","3679新至陞","110/07/19","第一金",0,1,-1
"15811","2727王品","110/07/19","台新證券",374,33,341
"15812","2727王品","110/07/19","台灣摩根士丹利",25,188,-163
"15813","2727王品","110/07/19","瑞士信貸",217,1,216
"15814","2727王品","110/07/19","港商野村",74,198,-124
"15815","2727王品","110/07/19","兆豐-南京",200,0,200
"15816","2727王品","110/07/19","統一",6,80,-74
"15817","2727王品","110/07/19","第一金",70,1,69
"15818","2727王品","110/07/19","合庫-台中",8,79,-71
"15819","2727王品","110/07/19","元大-小港",59,1,58
"15820","2727王品","110/07/19","凱基-台北",178,231,-53
"15821","2727王品","110/07/19","玉山-桃園",42,6,36
"15822","2727王品","110/07/19","富邦-中壢",3,52,-49
"15823","2727王品","110/07/19","永豐金-大園",31,0,31
"15824","2727王品","110/07/19","凱基-永華",0,43,-43
"15825","2727王品","110/07/19","兆豐-大安",30,0,30
"15826","2727王品","110/07/19","土銀-台中",0,36,-36
"15827","2727王品","110/07/19","美商高盛",38,15,23
"15828","2727王品","110/07/19","美林",8,41,-33
"15829","2727王品","110/07/19","康和-澎湖",23,1,22
"15830","2727王品","110/07/19","中國信託-忠孝",1,33,-32
"15831","2727王品","110/07/19","第一金-高雄",21,0,21
"15832","2727王品","110/07/19","新光",31,61,-30
"15833","2727王品","110/07/19","國票-內壢",21,0,21
"15834","2727王品","110/07/19","第一金-豐原",0,26,-26
"15835","2727王品","110/07/19","元大-桃興",19,3,16
"15836","2727王品","110/07/19","富邦-彰化",0,26,-26
"15837","2727王品","110/07/19","凱基-三重",16,1,15
"15838","2727王品","110/07/19","摩根大通",78,97,-19
"15839","2727王品","110/07/19","永豐金-南投",16,1,15
"15840","2727王品","110/07/19","國泰證券",2,21,-19
"15841","1570力肯","110/07/19","國票-北高雄",34,0,34
"15842","1570力肯","110/07/19","合庫-三重",0,8,-8
"15843","1570力肯","110/07/19","新光",30,3,27
"15844","1570力肯","110/07/19","元大-高雄",0,8,-8
"15845","1570力肯","110/07/19","凱基-台北",24,1,23
"15846","1570力肯","110/07/19","合庫-台中",0,7,-7
"15847","1570力肯","110/07/19","台灣摩根士丹利",7,0,7
"15848","1570力肯","110/07/19","臺銀-臺中",0,6,-6
"15849","1570力肯","110/07/19","元大-林森",5,0,5
"15850","1570力肯","110/07/19","摩根大通",6,11,-5
"15851","1570力肯","110/07/19","元大-士林",4,0,4
"15852","1570力肯","110/07/19","元富-緯城",0,4,-4
"15853","1570力肯","110/07/19","玉山證券",8,5,3
"15854","1570力肯","110/07/19","玉山-台大",0,4,-4
"15855","1570力肯","110/07/19","統一-城中",2,0,2
"15856","1570力肯","110/07/19","群益金鼎-三重",0,4,-4
"15857","1570力肯","110/07/19","元大-基隆孝二",2,0,2
"15858","1570力肯","110/07/19","凱基-鳳山",1,5,-4
"15859","1570力肯","110/07/19","土銀-建國",1,0,1
"15860","1570力肯","110/07/19","元大-板橋",0,4,-4
"15861","1570力肯","110/07/19","日盛-復興",1,0,1
"15862","1570力肯","110/07/19","日盛-和美",0,3,-3
"15863","1570力肯","110/07/19","瑞士信貸",1,0,1
"15864","1570力肯","110/07/19","元富-新店",2,5,-3
"15865","1570力肯","110/07/19","元富-四維",1,0,1
"15866","1570力肯","110/07/19","元大-新莊",0,3,-3
"15867","1570力肯","110/07/19","群益金鼎-北高雄",1,0,1
"15868","1570力肯","110/07/19","永豐金-敦南",0,3,-3
"15869","1570力肯","110/07/19","凱基-高美館",1,0,1
"15870","1570力肯","110/07/19","永豐金-台中",0,3,-3
"15871","6180橘子","110/07/19","兆豐證券",55,0,55
"15872","6180橘子","110/07/19","石橋證券",0,80,-80
"15873","6180橘子","110/07/19","凱基-台北",89,35,54
"15874","6180橘子","110/07/19","永豐金-大園",2,50,-48
"15875","6180橘子","110/07/19","合庫-自強",36,0,36
"15876","6180橘子","110/07/19","群益金鼎-屏東",0,40,-40
"15877","6180橘子","110/07/19","新光",50,25,25
"15878","6180橘子","110/07/19","國泰-敦南",0,19,-19
"15879","6180橘子","110/07/19","日盛-龍潭",20,0,20
"15880","6180橘子","110/07/19","日盛-新竹",2,20,-18
"15881","6180橘子","110/07/19","元大-斗信",16,1,15
"15882","6180橘子","110/07/19","摩根大通",17,35,-18
"15883","6180橘子","110/07/19","康和-台中",12,0,12
"15884","6180橘子","110/07/19","富邦-陽明",0,17,-17
"15885","6180橘子","110/07/19","國泰-台中",14,2,12
"15886","6180橘子","110/07/19","美商高盛",11,27,-16
"15887","6180橘子","110/07/19","富邦-嘉義",12,0,12
"15888","6180橘子","110/07/19","統一-宜蘭",0,14,-14
"15889","6180橘子","110/07/19","元大-草屯",12,0,12
"15890","6180橘子","110/07/19","凱基-興隆",0,12,-12
"15891","6180橘子","110/07/19","元富-桃園",11,0,11
"15892","6180橘子","110/07/19","台中銀-豐原",1,11,-10
"15893","6180橘子","110/07/19","兆豐-城中",10,0,10
"15894","6180橘子","110/07/19","永豐金-豐原",0,10,-10
"15895","6180橘子","110/07/19","元大-旗山",10,0,10
"15896","6180橘子","110/07/19","永豐金-竹科",0,10,-10
"15897","6180橘子","110/07/19","元大-大安",10,0,10
"15898","6180橘子","110/07/19","臺銀-鳳山",1,10,-9
"15899","6180橘子","110/07/19","大昌-新店",9,0,9
"15900","6180橘子","110/07/19","群益金鼎-台南",0,9,-9
"15901","2390云辰","110/07/19","摩根大通",1135,266,869
"15902","2390云辰","110/07/19","元富-成功",15,119,-104
"15903","2390云辰","110/07/19","台灣摩根士丹利",232,40,192
"15904","2390云辰","110/07/19","元富-中港",5,101,-96
"15905","2390云辰","110/07/19","凱基-台北",669,504,165
"15906","2390云辰","110/07/19","元富-嘉義",5,85,-80
"15907","2390云辰","110/07/19","美林",290,159,131
"15908","2390云辰","110/07/19","美商高盛",11,62,-51
"15909","2390云辰","110/07/19","統一",111,8,103
"15910","2390云辰","110/07/19","群益金鼎-西松",4,54,-50
"15911","2390云辰","110/07/19","元富-埔里",102,0,102
"15912","2390云辰","110/07/19","聯邦商銀",0,48,-48
"15913","2390云辰","110/07/19","華南永昌-台中",126,26,100
"15914","2390云辰","110/07/19","元大-萬華",15,57,-42
"15915","2390云辰","110/07/19","永豐金-豐原",100,32,68
"15916","2390云辰","110/07/19","群益金鼎-高雄",2,42,-40
"15917","2390云辰","110/07/19","台新-台南",87,25,62
"15918","2390云辰","110/07/19","國泰-敦南",117,154,-37
"15919","2390云辰","110/07/19","台新-左楠",67,11,56
"15920","2390云辰","110/07/19","中國信託-文心",5,40,-35
"15921","2390云辰","110/07/19","國泰-忠孝",52,0,52
"15922","2390云辰","110/07/19","凱基-城中",16,51,-35
"15923","2390云辰","110/07/19","台新證券",105,54,51
"15924","2390云辰","110/07/19","瑞士信貸",0,31,-31
"15925","2390云辰","110/07/19","華南永昌-頭份",53,3,50
"15926","2390云辰","110/07/19","中國信託-永康",1,32,-31
"15927","2390云辰","110/07/19","新光-台南",44,0,44
"15928","2390云辰","110/07/19","統一-彰化",2,32,-30
"15929","2390云辰","110/07/19","合庫-西台中",50,8,42
"15930","2390云辰","110/07/19","元大-館前",7,37,-30
"15931","2363矽統","110/07/16","國票-長城",461,21,440
"15932","2363矽統","110/07/16","新加坡商瑞銀",155,482,-327
"15933","2363矽統","110/07/16","凱基-豐中",201,3,198
"15934","2363矽統","110/07/16","港商野村",253,546,-293
"15935","2363矽統","110/07/16","凱基-土城",132,9,123
"15936","2363矽統","110/07/16","摩根大通",116,401,-285
"15937","2363矽統","110/07/16","台新證券",199,78,121
"15938","2363矽統","110/07/16","瑞士信貸",291,533,-242
"15939","2363矽統","110/07/16","日盛-中和",74,0,74
"15940","2363矽統","110/07/16","日盛-竹北",19,248,-229
"15941","2363矽統","110/07/16","日盛-員林",66,3,63
"15942","2363矽統","110/07/16","臺銀-金山",4,211,-207
"15943","2363矽統","110/07/16","國票-中和",60,3,57
"15944","2363矽統","110/07/16","元大-大統",13,138,-125
"15945","2363矽統","110/07/16","新光",240,184,56
"15946","2363矽統","110/07/16","永豐金證券",11,125,-114
"15947","2363矽統","110/07/16","富邦-竹東",65,9,56
"15948","2363矽統","110/07/16","兆豐-民生",2,101,-99
"15949","2363矽統","110/07/16","華南永昌-鳳山",56,1,55
"15950","2363矽統","110/07/16","群益金鼎-松山",2,100,-98
"15951","2363矽統","110/07/16","凱基-台北",520,466,54
"15952","2363矽統","110/07/16","元大-花蓮",8,99,-91
"15953","2363矽統","110/07/16","元富-城東",63,12,51
"15954","2363矽統","110/07/16","華南永昌-虎尾",68,154,-86
"15955","2363矽統","110/07/16","群益金鼎-桃園",56,5,51
"15956","2363矽統","110/07/16","富邦-新竹華信",7,89,-82
"15957","2363矽統","110/07/16","北城證券",60,10,50
"15958","2363矽統","110/07/16","元大-佳里",3,81,-78
"15959","2363矽統","110/07/16","國票-九鼎",57,7,50
"15960","2363矽統","110/07/16","玉山-南京東路",0,73,-73
"15961","8112至上","110/07/16","宏遠證券",551,6,545
"15962","8112至上","110/07/16","玉山-桃園",42,318,-276
"15963","8112至上","110/07/16","台灣摩根士丹利",317,11,306
"15964","8112至上","110/07/16","美林",64,305,-241
"15965","8112至上","110/07/16","新加坡商瑞銀",378,73,305
"15966","8112至上","110/07/16","宏遠-館前",16,212,-196
"15967","8112至上","110/07/16","凱基-台北",758,553,205
"15968","8112至上","110/07/16","玉山-嘉義",19,95,-76
"15969","8112至上","110/07/16","富邦證券",127,0,127
"15970","8112至上","110/07/16","群益金鼎-三民",7,82,-75
"15971","8112至上","110/07/16","台新證券",129,30,99
"15972","8112至上","110/07/16","日盛-二林",1,73,-72
"15973","8112至上","110/07/16","花旗環球",97,0,97
"15974","8112至上","110/07/16","玉山-台大",8,76,-68
"15975","8112至上","110/07/16","永豐金-台南",97,8,89
"15976","8112至上","110/07/16","元富-台南",1,68,-67
"15977","8112至上","110/07/16","元大-大天母",93,15,78
"15978","8112至上","110/07/16","玉山-板橋",4,71,-67
"15979","8112至上","110/07/16","亞東-板橋",72,2,70
"15980","8112至上","110/07/16","臺灣企銀-埔墘",0,60,-60
"15981","8112至上","110/07/16","永豐金-中正",64,9,55
"15982","8112至上","110/07/16","華南永昌-鶯歌",11,64,-53
"15983","8112至上","110/07/16","大昌-樹林",53,2,51
"15984","8112至上","110/07/16","元大-士林",7,59,-52
"15985","8112至上","110/07/16","凱基-永和",56,5,51
"15986","8112至上","110/07/16","元富-新店",8,57,-49
"15987","8112至上","110/07/16","兆豐-竹北",53,3,50
"15988","8112至上","110/07/16","富邦-陽明",9,58,-49
"15989","8112至上","110/07/16","日盛-豐原",48,0,48
"15990","8112至上","110/07/16","元大-發財",0,49,-49
"15991","1570力肯","110/07/16","新光",71,6,65
"15992","1570力肯","110/07/16","元大-高雄",0,23,-23
"15993","1570力肯","110/07/16","國票-北高雄",21,0,21
"15994","1570力肯","110/07/16","合庫-台南",0,20,-20
"15995","1570力肯","110/07/16","凱基-台北",17,1,16
"15996","1570力肯","110/07/16","元富-新店",0,15,-15
"15997","1570力肯","110/07/16","群益金鼎-高雄",15,0,15
"15998","1570力肯","110/07/16","元大-東港",0,10,-10
"15999","1570力肯","110/07/16","富邦-建國",10,0,10
"16000","1570力肯","110/07/16","中國信託",0,7,-7
"16001","1570力肯","110/07/16","元大-士林",5,0,5
"16002","1570力肯","110/07/16","台新證券",0,6,-6
"16003","1570力肯","110/07/16","瑞士信貸",3,0,3
"16004","1570力肯","110/07/16","日盛-信義",0,5,-5
"16005","1570力肯","110/07/16","臺銀-高雄",2,0,2
"16006","1570力肯","110/07/16","宏遠-館前",0,5,-5
"16007","1570力肯","110/07/16","華南永昌",2,0,2
"16008","1570力肯","110/07/16","國泰-館前",0,5,-5
"16009","1570力肯","110/07/16","元富-同大",1,0,1
"16010","1570力肯","110/07/16","富邦-園區",0,5,-5
"16011","1570力肯","110/07/16","兆豐-麻豆",1,0,1
"16012","1570力肯","110/07/16","永豐金-中正",0,5,-5
"16013","1570力肯","110/07/16","國泰-板橋",1,0,1
"16014","1570力肯","110/07/16","(牛牛牛)亞-鑫豐",0,4,-4
"16015","1570力肯","110/07/16","群益金鼎-東湖",1,0,1
"16016","1570力肯","110/07/16","台中銀-員林",0,3,-3
"16017","1570力肯","110/07/16","元大-東泰",1,0,1
"16018","1570力肯","110/07/16","玉山-新莊",0,3,-3
"16019","1570力肯","110/07/16","元大-南勢角",1,0,1
"16020","1570力肯","110/07/16","凱基-長庚",0,3,-3
"16021","2929淘帝","110/07/16","元大-民生",28,0,28
"16022","2929淘帝","110/07/16","玉山-新竹",0,30,-30
"16023","2929淘帝","110/07/16","元大-員林",20,0,20
"16024","2929淘帝","110/07/16","合庫證券",0,20,-20
"16025","2929淘帝","110/07/16","兆豐-桃鶯",12,0,12
"16026","2929淘帝","110/07/16","元大-六合",0,20,-20
"16027","2929淘帝","110/07/16","元大-大統",10,0,10
"16028","2929淘帝","110/07/16","摩根大通",0,12,-12
"16029","2929淘帝","110/07/16","新加坡商瑞銀",9,0,9
"16030","2929淘帝","110/07/16","永興",0,6,-6
"16031","2929淘帝","110/07/16","凱基-基隆",6,0,6
"16032","2929淘帝","110/07/16","凱基-長庚",0,5,-5
"16033","2929淘帝","110/07/16","合庫-高雄",5,0,5
"16034","2929淘帝","110/07/16","群益金鼎-潭子",0,4,-4
"16035","2929淘帝","110/07/16","台新-台中",6,1,5
"16036","2929淘帝","110/07/16","華南永昌-小港",2,6,-4
"16037","2929淘帝","110/07/16","元大-承德",5,0,5
"16038","2929淘帝","110/07/16","華南永昌-虎尾",0,4,-4
"16039","2929淘帝","110/07/16","元大-沙鹿",5,0,5
"16040","2929淘帝","110/07/16","日盛-和美",0,3,-3
"16041","2929淘帝","110/07/16","大慶-苗栗",5,1,4
"16042","2929淘帝","110/07/16","彰銀",0,3,-3
"16043","2929淘帝","110/07/16","台新-新營",4,0,4
"16044","2929淘帝","110/07/16","港商野村",7,10,-3
"16045","2929淘帝","110/07/16","凱基-台北",6,2,4
"16046","2929淘帝","110/07/16","群益金鼎-中山",1,4,-3
"16047","2929淘帝","110/07/16","兆豐-台中港",3,0,3
"16048","2929淘帝","110/07/16","凱基-嘉義",0,3,-3
"16049","2929淘帝","110/07/16","國票-北高雄",3,0,3
"16050","2929淘帝","110/07/16","元大-斗信",0,3,-3
"16051","5410國眾","110/07/16","盈溢-籬子內",49,0,49
"16052","5410國眾","110/07/16","元大-博愛",0,41,-41
"16053","5410國眾","110/07/16","香港上海匯豐",31,0,31
"16054","5410國眾","110/07/16","元富-嘉義",0,20,-20
"16055","5410國眾","110/07/16","元大-東泰",30,0,30
"16056","5410國眾","110/07/16","國泰-桃園",0,18,-18
"16057","5410國眾","110/07/16","兆豐-台中港",20,0,20
"16058","5410國眾","110/07/16","元富",0,17,-17
"16059","5410國眾","110/07/16","臺銀-臺南",11,0,11
"16060","5410國眾","110/07/16","元大-新竹",0,14,-14
"16061","5410國眾","110/07/16","富邦-新竹華信",11,0,11
"16062","5410國眾","110/07/16","安泰-大發",0,11,-11
"16063","5410國眾","110/07/16","臺銀",10,0,10
"16064","5410國眾","110/07/16","大昌-樹林",0,10,-10
"16065","5410國眾","110/07/16","凱基-台北",8,1,7
"16066","5410國眾","110/07/16","群益金鼎-內湖",0,10,-10
"16067","5410國眾","110/07/16","日盛-士林",5,0,5
"16068","5410國眾","110/07/16","元大-樹林",0,10,-10
"16069","5410國眾","110/07/16","新光-桃園",5,0,5
"16070","5410國眾","110/07/16","元大-內湖",0,9,-9
"16071","5410國眾","110/07/16","國泰-台南",5,0,5
"16072","5410國眾","110/07/16","群益金鼎-永和",0,5,-5
"16073","5410國眾","110/07/16","群益金鼎-嘉義",5,0,5
"16074","5410國眾","110/07/16","凱基-屏東",0,5,-5
"16075","5410國眾","110/07/16","元大-屏南",5,0,5
"16076","5410國眾","110/07/16","統一-員林",0,4,-4
"16077","5410國眾","110/07/16","日盛-員林",3,0,3
"16078","5410國眾","110/07/16","國泰-松江",0,4,-4
"16079","5410國眾","110/07/16","瑞士信貸",3,0,3
"16080","5410國眾","110/07/16","凱基-台南",0,4,-4
"16081","2841台開","110/07/16","日盛證券",250,0,250
"16082","2841台開","110/07/16","元大-歸仁",0,590,-590
"16083","2841台開","110/07/16","凱基-文心",204,0,204
"16084","2841台開","110/07/16","摩根大通",0,245,-245
"16085","2841台開","110/07/16","國泰-館前",114,0,114
"16086","2841台開","110/07/16","日盛-信義",0,145,-145
"16087","2841台開","110/07/16","永豐金-豐原",75,0,75
"16088","2841台開","110/07/16","港商野村",0,103,-103
"16089","2841台開","110/07/16","台新-台中",76,10,66
"16090","2841台開","110/07/16","玉山-嘉義",5,54,-49
"16091","2841台開","110/07/16","中國信託-文心",51,5,46
"16092","2841台開","110/07/16","台新證券",22,63,-41
"16093","2841台開","110/07/16","華南永昌-新莊",41,10,31
"16094","2841台開","110/07/16","美商高盛",0,39,-39
"16095","2841台開","110/07/16","富邦-嘉義",30,0,30
"16096","2841台開","110/07/16","亞東-板橋",0,30,-30
"16097","2841台開","110/07/16","新光",26,0,26
"16098","2841台開","110/07/16","永豐金-北高雄",0,30,-30
"16099","2841台開","110/07/16","富邦-板橋",25,0,25
"16100","2841台開","110/07/16","日盛-忠孝",0,20,-20
"16101","2841台開","110/07/16","新光-台中",22,0,22
"16102","2841台開","110/07/16","元富-草屯",0,15,-15
"16103","2841台開","110/07/16","元大-承德",22,0,22
"16104","2841台開","110/07/16","永豐金-板新",0,12,-12
"16105","2841台開","110/07/16","日盛-三重",20,0,20
"16106","2841台開","110/07/16","第一金-華江",0,10,-10
"16107","2841台開","110/07/16","日盛-新莊",20,0,20
"16108","2841台開","110/07/16","兆豐-南京",0,10,-10
"16109","2841台開","110/07/16","凱基-台南",20,0,20
"16110","2841台開","110/07/16","國票-中港",0,10,-10
"16111","6207雷科","110/07/16","統一-平鎮",215,4,211
"16112","6207雷科","110/07/16","凱基-台北",344,628,-284
"16113","6207雷科","110/07/16","凱基-復興",166,6,160
"16114","6207雷科","110/07/16","新加坡商瑞銀",104,370,-266
"16115","6207雷科","110/07/16","永豐金-南京",141,3,138
"16116","6207雷科","110/07/16","摩根大通",193,430,-237
"16117","6207雷科","110/07/16","永豐金-內湖",117,1,116
"16118","6207雷科","110/07/16","富邦證券",0,150,-150
"16119","6207雷科","110/07/16","日盛證券",104,2,102
"16120","6207雷科","110/07/16","華南永昌-中正",26,169,-143
"16121","6207雷科","110/07/16","群益金鼎-古亭",74,2,72
"16122","6207雷科","110/07/16","凱基-敦北",1,142,-141
"16123","6207雷科","110/07/16","群益金鼎-東門",76,12,64
"16124","6207雷科","110/07/16","凱基-板橋",0,120,-120
"16125","6207雷科","110/07/16","日盛-板橋",78,25,53
"16126","6207雷科","110/07/16","元富-大昌",30,136,-106
"16127","6207雷科","110/07/16","元大-斗六",57,6,51
"16128","6207雷科","110/07/16","元大-北成功",26,97,-71
"16129","6207雷科","110/07/16","元大-頭份",53,3,50
"16130","6207雷科","110/07/16","新光-桃園",29,93,-64
"16131","6207雷科","110/07/16","群益金鼎-東大",56,11,45
"16132","6207雷科","110/07/16","新百王",27,90,-63
"16133","6207雷科","110/07/16","永豐金-虎尾",50,8,42
"16134","6207雷科","110/07/16","玉山-左營",16,72,-56
"16135","6207雷科","110/07/16","元大-西門",39,1,38
"16136","6207雷科","110/07/16","群益金鼎-中壢",3,54,-51
"16137","6207雷科","110/07/16","凱基-竹科",38,1,37
"16138","6207雷科","110/07/16","元富-中原",21,67,-46
"16139","6207雷科","110/07/16","元富-世貿",50,15,35
"16140","6207雷科","110/07/16","大昌-桃園",26,70,-44
"16141","3679新至陞","110/07/16","元大-成功",17,1,16
"16142","3679新至陞","110/07/16","國票-桃園",0,11,-11
"16143","3679新至陞","110/07/16","玉山-台大",5,0,5
"16144","3679新至陞","110/07/16","富邦-台北",0,10,-10
"16145","3679新至陞","110/07/16","日盛-員林",4,0,4
"16146","3679新至陞","110/07/16","富邦-苗栗",0,10,-10
"16147","3679新至陞","110/07/16","凱基-台北",6,2,4
"16148","3679新至陞","110/07/16","元大-永春",0,6,-6
"16149","3679新至陞","110/07/16","台灣摩根士丹利",3,0,3
"16150","3679新至陞","110/07/16","美林",0,5,-5
"16151","3679新至陞","110/07/16","凱基-中山",3,0,3
"16152","3679新至陞","110/07/16","瑞士信貸",3,7,-4
"16153","3679新至陞","110/07/16","元大-承德",3,0,3
"16154","3679新至陞","110/07/16","宏遠-館前",0,3,-3
"16155","3679新至陞","110/07/16","元大-汐止",4,1,3
"16156","3679新至陞","110/07/16","元大-東港",0,3,-3
"16157","3679新至陞","110/07/16","日盛-大墩",2,0,2
"16158","3679新至陞","110/07/16","元大證券",0,2,-2
"16159","3679新至陞","110/07/16","玉山-城中",2,0,2
"16160","3679新至陞","110/07/16","永豐金-板新",0,2,-2
"16161","3679新至陞","110/07/16","華南永昌-內壢",2,0,2
"16162","3679新至陞","110/07/16","臺銀-民權",0,1,-1
"16163","3679新至陞","110/07/16","元大-台南",2,0,2
"16164","3679新至陞","110/07/16","日盛-台中",0,1,-1
"16165","3679新至陞","110/07/16","元大-大同",2,0,2
"16166","3679新至陞","110/07/16","日盛-鳳山",0,1,-1
"16167","3679新至陞","110/07/16","臺銀-高雄",1,0,1
"16168","3679新至陞","110/07/16","元富-古亭",0,1,-1
"16169","3679新至陞","110/07/16","日盛-樹林",1,0,1
"16170","3679新至陞","110/07/16","元富-新興",0,1,-1
"16171","2727王品","110/07/16","富邦證券",570,0,570
"16172","2727王品","110/07/16","台新證券",27,77,-50
"16173","2727王品","110/07/16","兆豐-南京",200,0,200
"16174","2727王品","110/07/16","台灣摩根士丹利",4,47,-43
"16175","2727王品","110/07/16","瑞士信貸",133,2,131
"16176","2727王品","110/07/16","永豐金-大園",0,33,-33
"16177","2727王品","110/07/16","美林",121,26,95
"16178","2727王品","110/07/16","元大-北屯",0,32,-32
"16179","2727王品","110/07/16","統一",103,43,60
"16180","2727王品","110/07/16","富邦-南屯",1,30,-29
"16181","2727王品","110/07/16","中國信託-忠孝",36,2,34
"16182","2727王品","110/07/16","元大-基隆孝二",0,29,-29
"16183","2727王品","110/07/16","元大證券",68,45,23
"16184","2727王品","110/07/16","日盛-忠孝",4,30,-26
"16185","2727王品","110/07/16","合庫-彰化",22,1,21
"16186","2727王品","110/07/16","新光-新竹",1,21,-20
"16187","2727王品","110/07/16","港商野村",126,105,21
"16188","2727王品","110/07/16","凱基-台北",94,113,-19
"16189","2727王品","110/07/16","元富-板橋",22,1,21
"16190","2727王品","110/07/16","富邦-虎尾",1,19,-18
"16191","2727王品","110/07/16","新加坡商瑞銀",36,18,18
"16192","2727王品","110/07/16","元大-南京",0,17,-17
"16193","2727王品","110/07/16","國泰證券",20,5,15
"16194","2727王品","110/07/16","日盛-鳳山",2,18,-16
"16195","2727王品","110/07/16","日盛-桃園",13,1,12
"16196","2727王品","110/07/16","新光",34,50,-16
"16197","2727王品","110/07/16","凱基-市政",12,1,11
"16198","2727王品","110/07/16","富邦-台北",2,18,-16
"16199","2727王品","110/07/16","元大-嘉義",14,3,11
"16200","2727王品","110/07/16","國票-內壢",1,15,-14
"16201","1570力肯","110/07/16","新光",71,6,65
"16202","1570力肯","110/07/16","元大-高雄",0,23,-23
"16203","1570力肯","110/07/16","國票-北高雄",21,0,21
"16204","1570力肯","110/07/16","合庫-台南",0,20,-20
"16205","1570力肯","110/07/16","凱基-台北",17,1,16
"16206","1570力肯","110/07/16","元富-新店",0,15,-15
"16207","1570力肯","110/07/16","群益金鼎-高雄",15,0,15
"16208","1570力肯","110/07/16","元大-東港",0,10,-10
"16209","1570力肯","110/07/16","富邦-建國",10,0,10
"16210","1570力肯","110/07/16","中國信託",0,7,-7
"16211","1570力肯","110/07/16","元大-士林",5,0,5
"16212","1570力肯","110/07/16","台新證券",0,6,-6
"16213","1570力肯","110/07/16","瑞士信貸",3,0,3
"16214","1570力肯","110/07/16","日盛-信義",0,5,-5
"16215","1570力肯","110/07/16","臺銀-高雄",2,0,2
"16216","1570力肯","110/07/16","宏遠-館前",0,5,-5
"16217","1570力肯","110/07/16","華南永昌",2,0,2
"16218","1570力肯","110/07/16","國泰-館前",0,5,-5
"16219","1570力肯","110/07/16","元富-同大",1,0,1
"16220","1570力肯","110/07/16","富邦-園區",0,5,-5
"16221","1570力肯","110/07/16","兆豐-麻豆",1,0,1
"16222","1570力肯","110/07/16","永豐金-中正",0,5,-5
"16223","1570力肯","110/07/16","國泰-板橋",1,0,1
"16224","1570力肯","110/07/16","(牛牛牛)亞-鑫豐",0,4,-4
"16225","1570力肯","110/07/16","群益金鼎-東湖",1,0,1
"16226","1570力肯","110/07/16","台中銀-員林",0,3,-3
"16227","1570力肯","110/07/16","元大-東泰",1,0,1
"16228","1570力肯","110/07/16","玉山-新莊",0,3,-3
"16229","1570力肯","110/07/16","元大-南勢角",1,0,1
"16230","1570力肯","110/07/16","凱基-長庚",0,3,-3
"16231","6180橘子","110/07/16","日盛-文化",71,5,66
"16232","6180橘子","110/07/16","凱基-台北",110,238,-128
"16233","6180橘子","110/07/16","新加坡商瑞銀",75,19,56
"16234","6180橘子","110/07/16","摩根大通",77,161,-84
"16235","6180橘子","110/07/16","瑞士信貸",51,0,51
"16236","6180橘子","110/07/16","元富-高雄",0,62,-62
"16237","6180橘子","110/07/16","台灣企銀-屏東",50,0,50
"16238","6180橘子","110/07/16","美商高盛",0,40,-40
"16239","6180橘子","110/07/16","元大-桃園",52,2,50
"16240","6180橘子","110/07/16","合庫-自強",0,37,-37
"16241","6180橘子","110/07/16","康和-台北",51,10,41
"16242","6180橘子","110/07/16","美林",15,48,-33
"16243","6180橘子","110/07/16","群益金鼎-屏東",61,20,41
"16244","6180橘子","110/07/16","元富-四維",0,32,-32
"16245","6180橘子","110/07/16","元大-彰化",33,2,31
"16246","6180橘子","110/07/16","新光",63,92,-29
"16247","6180橘子","110/07/16","台中銀-台北",30,0,30
"16248","6180橘子","110/07/16","新光-台南",6,28,-22
"16249","6180橘子","110/07/16","福勝",29,3,26
"16250","6180橘子","110/07/16","港商野村",28,49,-21
"16251","6180橘子","110/07/16","兆豐證券",21,0,21
"16252","6180橘子","110/07/16","統一",2,23,-21
"16253","6180橘子","110/07/16","華南永昌-頭份",20,0,20
"16254","6180橘子","110/07/16","元大-豐原站前",3,21,-18
"16255","6180橘子","110/07/16","富邦-台北",25,5,20
"16256","6180橘子","110/07/16","豐農",3,20,-17
"16257","6180橘子","110/07/16","富邦-員林",23,4,19
"16258","6180橘子","110/07/16","安泰-大發",0,17,-17
"16259","6180橘子","110/07/16","台新-新莊",20,2,18
"16260","6180橘子","110/07/16","群益金鼎",2,19,-17
"16261","2390云辰","110/07/16","兆豐-天母",642,7,635
"16262","2390云辰","110/07/16","凱基",0,5007,-5007
"16263","2390云辰","110/07/16","華南永昌-鳳山",339,35,304
"16264","2390云辰","110/07/16","凱基-台北",1224,2306,-1082
"16265","2390云辰","110/07/16","第一金-大稻埕",269,13,256
"16266","2390云辰","110/07/16","元大證券",206,1177,-971
"16267","2390云辰","110/07/16","國泰-敦南",665,427,238
"16268","2390云辰","110/07/16","摩根大通",1073,1967,-894
"16269","2390云辰","110/07/16","富邦-建國",272,50,222
"16270","2390云辰","110/07/16","台灣摩根士丹利",232,671,-439
"16271","2390云辰","110/07/16","元大-信義",180,15,165
"16272","2390云辰","110/07/16","美林",187,496,-309
"16273","2390云辰","110/07/16","瑞士信貸",155,0,155
"16274","2390云辰","110/07/16","港商野村",680,950,-270
"16275","2390云辰","110/07/16","台新證券",461,317,144
"16276","2390云辰","110/07/16","永豐金-中正",18,170,-152
"16277","2390云辰","110/07/16","兆豐-公益",148,11,137
"16278","2390云辰","110/07/16","元富-板橋",30,169,-139
"16279","2390云辰","110/07/16","元大-土城學府",197,61,136
"16280","2390云辰","110/07/16","新加坡商瑞銀",61,175,-114
"16281","2390云辰","110/07/16","元大-天母",232,122,110
"16282","2390云辰","110/07/16","聯邦商銀",54,167,-113
"16283","2390云辰","110/07/16","凱基-基隆",109,2,107
"16284","2390云辰","110/07/16","群益金鼎-大甲",13,111,-98
"16285","2390云辰","110/07/16","元富-成功",110,5,105
"16286","2390云辰","110/07/16","統一-屏東",4,92,-88
"16287","2390云辰","110/07/16","統一-新營",118,14,104
"16288","2390云辰","110/07/16","凱基-大直",3,80,-77
"16289","2390云辰","110/07/16","國泰-板橋",268,170,98
"16290","2390云辰","110/07/16","元大-桃興",46,117,-71
"16291","2363矽統","110/07/15","康和-台中",626,61,565
"16292","2363矽統","110/07/15","新加坡商瑞銀",202,838,-636
"16293","2363矽統","110/07/15","摩根大通",1271,932,339
"16294","2363矽統","110/07/15","美林",185,720,-535
"16295","2363矽統","110/07/15","瑞士信貸",530,230,300
"16296","2363矽統","110/07/15","富邦-仁愛",60,583,-523
"16297","2363矽統","110/07/15","宏遠-桃園",281,0,281
"16298","2363矽統","110/07/15","元大-板橋",35,368,-333
"16299","2363矽統","110/07/15","大展",252,19,233
"16300","2363矽統","110/07/15","花旗環球",0,308,-308
"16301","2363矽統","110/07/15","凱基-台北",683,498,185
"16302","2363矽統","110/07/15","元富-成功",2,113,-111
"16303","2363矽統","110/07/15","永豐金證券",166,11,155
"16304","2363矽統","110/07/15","富邦-新營",23,132,-109
"16305","2363矽統","110/07/15","群益金鼎",157,5,152
"16306","2363矽統","110/07/15","臺銀-金山",197,304,-107
"16307","2363矽統","110/07/15","新光",333,229,104
"16308","2363矽統","110/07/15","日盛-二林",13,116,-103
"16309","2363矽統","110/07/15","永豐金-台南",130,26,104
"16310","2363矽統","110/07/15","台新-左楠",40,126,-86
"16311","2363矽統","110/07/15","國票-南京",100,0,100
"16312","2363矽統","110/07/15","康和-南崁",15,100,-85
"16313","2363矽統","110/07/15","群益金鼎-松山",150,50,100
"16314","2363矽統","110/07/15","永豐金-員林",9,91,-82
"16315","2363矽統","110/07/15","中國信託-松江",103,5,98
"16316","2363矽統","110/07/15","光和-嘉義",5,78,-73
"16317","2363矽統","110/07/15","國票-新莊",187,92,95
"16318","2363矽統","110/07/15","日盛-板橋中山",3,73,-70
"16319","2363矽統","110/07/15","北城證券",216,126,90
"16320","2363矽統","110/07/15","元大證券",10,75,-65
"16321","8112至上","110/07/15","凱基-台北",535,32,503
"16322","8112至上","110/07/15","群益金鼎-台南",0,116,-116
"16323","8112至上","110/07/15","摩根大通",362,16,346
"16324","8112至上","110/07/15","華南永昌-高雄",2,112,-110
"16325","8112至上","110/07/15","台灣摩根士丹利",254,0,254
"16326","8112至上","110/07/15","永豐金-台南",27,128,-101
"16327","8112至上","110/07/15","花旗環球",159,0,159
"16328","8112至上","110/07/15","元大-東蘆",2,73,-71
"16329","8112至上","110/07/15","新加坡商瑞銀",95,2,93
"16330","8112至上","110/07/15","美林",3,66,-63
"16331","8112至上","110/07/15","玉山-嘉義",84,0,84
"16332","8112至上","110/07/15","元大-館前",0,62,-62
"16333","8112至上","110/07/15","新光",82,6,76
"16334","8112至上","110/07/15","元富-信義",0,50,-50
"16335","8112至上","110/07/15","瑞士信貸",80,7,73
"16336","8112至上","110/07/15","台新證券",35,82,-47
"16337","8112至上","110/07/15","美商高盛",64,0,64
"16338","8112至上","110/07/15","大慶-蘆洲",7,53,-46
"16339","8112至上","110/07/15","兆豐-小港",56,0,56
"16340","8112至上","110/07/15","國票-天祥",0,45,-45
"16341","8112至上","110/07/15","永豐金-內湖",60,11,49
"16342","8112至上","110/07/15","凱基-中山",1,45,-44
"16343","8112至上","110/07/15","永豐金-南投",46,1,45
"16344","8112至上","110/07/15","元大-士林",0,43,-43
"16345","8112至上","110/07/15","凱基-三重",40,0,40
"16346","8112至上","110/07/15","玉山-城中",4,44,-40
"16347","8112至上","110/07/15","台灣企銀",29,0,29
"16348","8112至上","110/07/15","凱基-彰化",0,39,-39
"16349","8112至上","110/07/15","元大-府城",42,14,28
"16350","8112至上","110/07/15","元富-花蓮",2,40,-38
"16351","1570力肯","110/07/15","群益金鼎-高雄",40,0,40
"16352","1570力肯","110/07/15","元大-高雄",0,12,-12
"16353","1570力肯","110/07/15","新光",40,8,32
"16354","1570力肯","110/07/15","永豐金-中正",0,10,-10
"16355","1570力肯","110/07/15","凱基-台北",20,2,18
"16356","1570力肯","110/07/15","國泰-松江",0,9,-9
"16357","1570力肯","110/07/15","凱基-天母",6,0,6
"16358","1570力肯","110/07/15","台新證券",0,8,-8
"16359","1570力肯","110/07/15","元富-新店",5,0,5
"16360","1570力肯","110/07/15","玉山證券",0,7,-7
"16361","1570力肯","110/07/15","凱基-中港",5,0,5
"16362","1570力肯","110/07/15","元大-府城",0,7,-7
"16363","1570力肯","110/07/15","富邦-園區",5,0,5
"16364","1570力肯","110/07/15","元大-板橋",0,6,-6
"16365","1570力肯","110/07/15","瑞士信貸",4,0,4
"16366","1570力肯","110/07/15","日盛-信義",0,5,-5
"16367","1570力肯","110/07/15","第一金-路竹",3,0,3
"16368","1570力肯","110/07/15","國票-和平",0,5,-5
"16369","1570力肯","110/07/15","摩根大通",3,0,3
"16370","1570力肯","110/07/15","元大-民雄",0,5,-5
"16371","1570力肯","110/07/15","凱基-桃園",3,0,3
"16372","1570力肯","110/07/15","統一-台中",0,4,-4
"16373","1570力肯","110/07/15","永豐金-苓雅",3,0,3
"16374","1570力肯","110/07/15","玉山-雙和",0,4,-4
"16375","1570力肯","110/07/15","統一-員林",2,0,2
"16376","1570力肯","110/07/15","凱基-敦北",0,4,-4
"16377","1570力肯","110/07/15","元大-永春",2,0,2
"16378","1570力肯","110/07/15","富邦-新店",0,4,-4
"16379","1570力肯","110/07/15","元大-土城永寧",2,0,2
"16380","1570力肯","110/07/15","日盛-板橋",0,3,-3
"16381","2929淘帝","110/07/15","港商野村",58,4,54
"16382","2929淘帝","110/07/15","日盛-園區",0,25,-25
"16383","2929淘帝","110/07/15","元大-民生",29,0,29
"16384","2929淘帝","110/07/15","兆豐-南京",0,20,-20
"16385","2929淘帝","110/07/15","新加坡商瑞銀",22,1,21
"16386","2929淘帝","110/07/15","玉山-高雄",0,18,-18
"16387","2929淘帝","110/07/15","凱基-台北",20,2,18
"16388","2929淘帝","110/07/15","富邦-南屯",1,15,-14
"16389","2929淘帝","110/07/15","大慶-中壢",15,1,14
"16390","2929淘帝","110/07/15","富邦-員林",0,13,-13
"16391","2929淘帝","110/07/15","日盛-和美",10,0,10
"16392","2929淘帝","110/07/15","凱基-站前",0,10,-10
"16393","2929淘帝","110/07/15","元大-員林",10,0,10
"16394","2929淘帝","110/07/15","元大-台中",0,10,-10
"16395","2929淘帝","110/07/15","凱基-基隆",6,0,6
"16396","2929淘帝","110/07/15","美林",10,19,-9
"16397","2929淘帝","110/07/15","臺銀-鳳山",5,0,5
"16398","2929淘帝","110/07/15","元大-新盛",0,8,-8
"16399","2929淘帝","110/07/15","第一金-路竹",5,0,5
"16400","2929淘帝","110/07/15","台新-台南",0,7,-7
"16401","2929淘帝","110/07/15","元富-大裕",5,0,5
"16402","2929淘帝","110/07/15","元大-大天母",0,7,-7
"16403","2929淘帝","110/07/15","玉山-大里",5,0,5
"16404","2929淘帝","110/07/15","華南永昌-虎尾",0,6,-6
"16405","2929淘帝","110/07/15","元大-博愛",5,0,5
"16406","2929淘帝","110/07/15","永豐金證券",0,6,-6
"16407","2929淘帝","110/07/15","永豐金-新莊",5,0,5
"16408","2929淘帝","110/07/15","兆豐-竹北",0,5,-5
"16409","2929淘帝","110/07/15","元大-南崁",4,0,4
"16410","2929淘帝","110/07/15","元大-文心興安",0,5,-5
"16411","5410國眾","110/07/15","香港上海匯豐",18,0,18
"16412","5410國眾","110/07/15","元大-南屯",0,18,-18
"16413","5410國眾","110/07/15","摩根大通",15,0,15
"16414","5410國眾","110/07/15","亞東-新竹",0,15,-15
"16415","5410國眾","110/07/15","日盛-士林",10,0,10
"16416","5410國眾","110/07/15","兆豐-台中港",0,15,-15
"16417","5410國眾","110/07/15","群益金鼎-嘉義",10,0,10
"16418","5410國眾","110/07/15","日盛-板橋",0,12,-12
"16419","5410國眾","110/07/15","元大-高雄",10,0,10
"16420","5410國眾","110/07/15","台中銀-豐原",0,9,-9
"16421","5410國眾","110/07/15","元大-東港",10,0,10
"16422","5410國眾","110/07/15","臺銀-臺南",3,10,-7
"16423","5410國眾","110/07/15","臺銀",10,5,5
"16424","5410國眾","110/07/15","瑞士信貸",0,5,-5
"16425","5410國眾","110/07/15","台新-新營",5,0,5
"16426","5410國眾","110/07/15","統一-員林",0,5,-5
"16427","5410國眾","110/07/15","富邦-台北",5,0,5
"16428","5410國眾","110/07/15","大昌-樹林",0,5,-5
"16429","5410國眾","110/07/15","日盛-屏東",4,0,4
"16430","5410國眾","110/07/15","兆豐-來福",0,5,-5
"16431","5410國眾","110/07/15","高橋",5,1,4
"16432","5410國眾","110/07/15","豐農",0,5,-5
"16433","5410國眾","110/07/15","中國信託-新竹",4,1,3
"16434","5410國眾","110/07/15","元大-大里",0,5,-5
"16435","5410國眾","110/07/15","富邦-建國",3,0,3
"16436","5410國眾","110/07/15","港商野村",0,3,-3
"16437","5410國眾","110/07/15","永豐金-桃園",3,0,3
"16438","5410國眾","110/07/15","中農",0,3,-3
"16439","5410國眾","110/07/15","大展",2,0,2
"16440","5410國眾","110/07/15","國泰-忠孝",0,3,-3
"16441","2841台開","110/07/15","日盛證券",310,0,310
"16442","2841台開","110/07/15","港商野村",0,97,-97
"16443","2841台開","110/07/15","元富-城東",100,0,100
"16444","2841台開","110/07/15","元大-員林",0,77,-77
"16445","2841台開","110/07/15","凱基-文心",30,0,30
"16446","2841台開","110/07/15","新光",3,73,-70
"16447","2841台開","110/07/15","日盛-雙和",24,0,24
"16448","2841台開","110/07/15","永豐金-北高雄",0,30,-30
"16449","2841台開","110/07/15","第一金-台中",20,0,20
"16450","2841台開","110/07/15","華南永昌",0,25,-25
"16451","2841台開","110/07/15","豐農",20,0,20
"16452","2841台開","110/07/15","日盛-台南",0,20,-20
"16453","2841台開","110/07/15","華南永昌-新莊",19,0,19
"16454","2841台開","110/07/15","致和-佳里",0,20,-20
"16455","2841台開","110/07/15","玉山-大里",12,0,12
"16456","2841台開","110/07/15","國票-中港",0,20,-20
"16457","2841台開","110/07/15","元富-安南",10,0,10
"16458","2841台開","110/07/15","元大-歸仁",0,20,-20
"16459","2841台開","110/07/15","凱基-市政",10,0,10
"16460","2841台開","110/07/15","統一-三多",0,19,-19
"16461","2841台開","110/07/15","凱基-竹科",10,0,10
"16462","2841台開","110/07/15","凱基-城中",0,18,-18
"16463","2841台開","110/07/15","國泰-板橋",10,1,9
"16464","2841台開","110/07/15","國票-中和",0,15,-15
"16465","2841台開","110/07/15","凱基-台北",9,0,9
"16466","2841台開","110/07/15","元大-彰化",0,15,-15
"16467","2841台開","110/07/15","合庫證券",6,0,6
"16468","2841台開","110/07/15","元大-復北",0,15,-15
"16469","2841台開","110/07/15","台中銀",6,0,6
"16470","2841台開","110/07/15","土銀-花蓮",0,14,-14
"16471","6207雷科","110/07/15","凱基-板橋",210,45,165
"16472","6207雷科","110/07/15","群益金鼎-台北",20,80,-60
"16473","6207雷科","110/07/15","富邦證券",150,0,150
"16474","6207雷科","110/07/15","元大-大天母",1,56,-55
"16475","6207雷科","110/07/15","凱基-復興",140,0,140
"16476","6207雷科","110/07/15","大慶-中壢",2,50,-48
"16477","6207雷科","110/07/15","華南永昌-中正",140,0,140
"16478","6207雷科","110/07/15","元富-林園",0,47,-47
"16479","6207雷科","110/07/15","永豐金-內湖",92,10,82
"16480","6207雷科","110/07/15","元大-東門",0,40,-40
"16481","6207雷科","110/07/15","富邦-彰化",81,11,70
"16482","6207雷科","110/07/15","第一金-安和",0,37,-37
"16483","6207雷科","110/07/15","(牛牛牛)亞-網路",67,0,67
"16484","6207雷科","110/07/15","凱基-台北",61,97,-36
"16485","6207雷科","110/07/15","台新證券",60,8,52
"16486","6207雷科","110/07/15","國票-南科",0,32,-32
"16487","6207雷科","110/07/15","華南永昌",50,3,47
"16488","6207雷科","110/07/15","元大-四維",0,32,-32
"16489","6207雷科","110/07/15","新加坡商瑞銀",68,26,42
"16490","6207雷科","110/07/15","元大-板橋",0,30,-30
"16491","6207雷科","110/07/15","日盛-景美",40,0,40
"16492","6207雷科","110/07/15","元大-南崁",1,30,-29
"16493","6207雷科","110/07/15","元富-大昌",40,0,40
"16494","6207雷科","110/07/15","凱基-岡山",0,27,-27
"16495","6207雷科","110/07/15","統一-高雄",38,5,33
"16496","6207雷科","110/07/15","統一-新竹",0,26,-26
"16497","6207雷科","110/07/15","日盛證券",32,0,32
"16498","6207雷科","110/07/15","群益金鼎-三民",1,27,-26
"16499","6207雷科","110/07/15","華南永昌-頭份",31,0,31
"16500","6207雷科","110/07/15","國票-台中",0,25,-25
"16501","3679新至陞","110/07/15","群益金鼎-大安",25,0,25
"16502","3679新至陞","110/07/15","元大-成功",0,10,-10
"16503","3679新至陞","110/07/15","元大-彰化",13,0,13
"16504","3679新至陞","110/07/15","群益金鼎-東大",0,8,-8
"16505","3679新至陞","110/07/15","國票-桃園",10,0,10
"16506","3679新至陞","110/07/15","凱基-台北",4,12,-8
"16507","3679新至陞","110/07/15","群益金鼎-台南",10,0,10
"16508","3679新至陞","110/07/15","第一金-華江",0,5,-5
"16509","3679新至陞","110/07/15","華南永昌-台中",10,0,10
"16510","3679新至陞","110/07/15","兆豐-來福",0,5,-5
"16511","3679新至陞","110/07/15","港商野村",9,0,9
"16512","3679新至陞","110/07/15","元大-北三重",0,5,-5
"16513","3679新至陞","110/07/15","元大-永春",6,0,6
"16514","3679新至陞","110/07/15","瑞士信貸",0,4,-4
"16515","3679新至陞","110/07/15","(牛牛牛)亞-網路",5,0,5
"16516","3679新至陞","110/07/15","新加坡商瑞銀",0,4,-4
"16517","3679新至陞","110/07/15","凱基-高雄",5,0,5
"16518","3679新至陞","110/07/15","元大-汐止",0,4,-4
"16519","3679新至陞","110/07/15","美商高盛",6,2,4
"16520","3679新至陞","110/07/15","台中銀-員林",0,3,-3
"16521","3679新至陞","110/07/15","台新證券",3,1,2
"16522","3679新至陞","110/07/15","兆豐-忠孝",0,3,-3
"16523","3679新至陞","110/07/15","群益金鼎-大興",2,0,2
"16524","3679新至陞","110/07/15","玉山-新莊",0,3,-3
"16525","3679新至陞","110/07/15","元大-六合",2,0,2
"16526","3679新至陞","110/07/15","永豐金-屏東",0,3,-3
"16527","3679新至陞","110/07/15","彰銀",1,0,1
"16528","3679新至陞","110/07/15","永豐金-敦南",0,3,-3
"16529","3679新至陞","110/07/15","美林",2,1,1
"16530","3679新至陞","110/07/15","永豐金-萬盛",0,3,-3
"16531","2727王品","110/07/15","兆豐-南京",101,0,101
"16532","2727王品","110/07/15","富邦-左營",0,102,-102
"16533","2727王品","110/07/15","港商野村",166,73,93
"16534","2727王品","110/07/15","日盛-忠孝",2,32,-30
"16535","2727王品","110/07/15","瑞士信貸",97,8,89
"16536","2727王品","110/07/15","群益金鼎-古亭",2,24,-22
"16537","2727王品","110/07/15","玉山證券",56,12,44
"16538","2727王品","110/07/15","日盛-八德",0,21,-21
"16539","2727王品","110/07/15","第一金-高雄",43,1,42
"16540","2727王品","110/07/15","元大-新盛",2,23,-21
"16541","2727王品","110/07/15","台新證券",74,45,29
"16542","2727王品","110/07/15","摩根大通",53,72,-19
"16543","2727王品","110/07/15","康和-澎湖",27,0,27
"16544","2727王品","110/07/15","富邦-彰化",8,26,-18
"16545","2727王品","110/07/15","富邦-陽明",31,4,27
"16546","2727王品","110/07/15","富邦-台中",7,24,-17
"16547","2727王品","110/07/15","國票-北高雄",27,1,26
"16548","2727王品","110/07/15","新加坡商瑞銀",13,29,-16
"16549","2727王品","110/07/15","國泰-板橋",38,12,26
"16550","2727王品","110/07/15","國泰-敦南",35,50,-15
"16551","2727王品","110/07/15","凱基-興隆",23,0,23
"16552","2727王品","110/07/15","元大-龍潭",0,14,-14
"16553","2727王品","110/07/15","凱基-板橋",29,7,22
"16554","2727王品","110/07/15","中國信託-文心",8,21,-13
"16555","2727王品","110/07/15","合庫-彰化",21,0,21
"16556","2727王品","110/07/15","永豐金-竹科",2,15,-13
"16557","2727王品","110/07/15","土銀-南港",20,0,20
"16558","2727王品","110/07/15","臺銀-臺南",2,14,-12
"16559","2727王品","110/07/15","美林",37,18,19
"16560","2727王品","110/07/15","凱基-台北",56,68,-12
"16561","1570力肯","110/07/15","群益金鼎-高雄",40,0,40
"16562","1570力肯","110/07/15","元大-高雄",0,12,-12
"16563","1570力肯","110/07/15","新光",40,8,32
"16564","1570力肯","110/07/15","永豐金-中正",0,10,-10
"16565","1570力肯","110/07/15","凱基-台北",20,2,18
"16566","1570力肯","110/07/15","國泰-松江",0,9,-9
"16567","1570力肯","110/07/15","凱基-天母",6,0,6
"16568","1570力肯","110/07/15","台新證券",0,8,-8
"16569","1570力肯","110/07/15","元富-新店",5,0,5
"16570","1570力肯","110/07/15","玉山證券",0,7,-7
"16571","1570力肯","110/07/15","凱基-中港",5,0,5
"16572","1570力肯","110/07/15","元大-府城",0,7,-7
"16573","1570力肯","110/07/15","富邦-園區",5,0,5
"16574","1570力肯","110/07/15","元大-板橋",0,6,-6
"16575","1570力肯","110/07/15","瑞士信貸",4,0,4
"16576","1570力肯","110/07/15","日盛-信義",0,5,-5
"16577","1570力肯","110/07/15","第一金-路竹",3,0,3
"16578","1570力肯","110/07/15","國票-和平",0,5,-5
"16579","1570力肯","110/07/15","摩根大通",3,0,3
"16580","1570力肯","110/07/15","元大-民雄",0,5,-5
"16581","1570力肯","110/07/15","凱基-桃園",3,0,3
"16582","1570力肯","110/07/15","統一-台中",0,4,-4
"16583","1570力肯","110/07/15","永豐金-苓雅",3,0,3
"16584","1570力肯","110/07/15","玉山-雙和",0,4,-4
"16585","1570力肯","110/07/15","統一-員林",2,0,2
"16586","1570力肯","110/07/15","凱基-敦北",0,4,-4
"16587","1570力肯","110/07/15","元大-永春",2,0,2
"16588","1570力肯","110/07/15","富邦-新店",0,4,-4
"16589","1570力肯","110/07/15","元大-土城永寧",2,0,2
"16590","1570力肯","110/07/15","日盛-板橋",0,3,-3
"16591","6180橘子","110/07/15","兆豐證券",130,0,130
"16592","6180橘子","110/07/15","港商野村",21,137,-116
"16593","6180橘子","110/07/15","摩根大通",111,0,111
"16594","6180橘子","110/07/15","高橋",0,40,-40
"16595","6180橘子","110/07/15","石橋證券",80,0,80
"16596","6180橘子","110/07/15","臺銀",1,40,-39
"16597","6180橘子","110/07/15","凱基-台北",78,26,52
"16598","6180橘子","110/07/15","玉山-桃園",0,35,-35
"16599","6180橘子","110/07/15","新加坡商瑞銀",38,1,37
"16600","6180橘子","110/07/15","玉山-台南",2,33,-31
"16601","6180橘子","110/07/15","富邦-員林",32,0,32
"16602","6180橘子","110/07/15","統一-南京",0,30,-30
"16603","6180橘子","110/07/15","日盛-文化",23,0,23
"16604","6180橘子","110/07/15","康和-台南",0,25,-25
"16605","6180橘子","110/07/15","元富-新店",20,0,20
"16606","6180橘子","110/07/15","大昌-樹林",0,22,-22
"16607","6180橘子","110/07/15","美林",15,0,15
"16608","6180橘子","110/07/15","康和-新竹",0,20,-20
"16609","6180橘子","110/07/15","新光-新竹",17,2,15
"16610","6180橘子","110/07/15","群益金鼎-台中",0,20,-20
"16611","6180橘子","110/07/15","富邦-嘉義",12,0,12
"16612","6180橘子","110/07/15","元大-彰化民生",0,18,-18
"16613","6180橘子","110/07/15","花旗環球",11,0,11
"16614","6180橘子","110/07/15","元大-草屯",0,16,-16
"16615","6180橘子","110/07/15","第一金-新興",11,0,11
"16616","6180橘子","110/07/15","元富-潮州",0,13,-13
"16617","6180橘子","110/07/15","第一金-桃園",10,0,10
"16618","6180橘子","110/07/15","宏遠-台南",0,11,-11
"16619","6180橘子","110/07/15","永興",10,0,10
"16620","6180橘子","110/07/15","大慶-泰山",0,10,-10
"16621","2390云辰","110/07/15","凱基",5007,0,5007
"16622","2390云辰","110/07/15","凱基-台北",382,616,-234
"16623","2390云辰","110/07/15","元大證券",1006,25,981
"16624","2390云辰","110/07/15","富邦-陽明",69,265,-196
"16625","2390云辰","110/07/15","元大-天母",456,20,436
"16626","2390云辰","110/07/15","永豐金-桃園",63,255,-192
"16627","2390云辰","110/07/15","港商野村",975,675,300
"16628","2390云辰","110/07/15","富邦-仁愛",17,187,-170
"16629","2390云辰","110/07/15","摩根大通",1318,1040,278
"16630","2390云辰","110/07/15","日盛-和美",2,165,-163
"16631","2390云辰","110/07/15","國票-博愛",184,7,177
"16632","2390云辰","110/07/15","國泰-敦南",142,290,-148
"16633","2390云辰","110/07/15","群益金鼎-大甲",113,13,100
"16634","2390云辰","110/07/15","台灣摩根士丹利",51,197,-146
"16635","2390云辰","110/07/15","凱基-大直",89,2,87
"16636","2390云辰","110/07/15","國票-嘉義",4,148,-144
"16637","2390云辰","110/07/15","玉山-台中",77,8,69
"16638","2390云辰","110/07/15","台中銀",8,139,-131
"16639","2390云辰","110/07/15","聯邦商銀",70,4,66
"16640","2390云辰","110/07/15","元大-彰化民生",7,138,-131
"16641","2390云辰","110/07/15","元大-大里",88,25,63
"16642","2390云辰","110/07/15","元富-成功",2,111,-109
"16643","2390云辰","110/07/15","富邦-嘉義",542,480,62
"16644","2390云辰","110/07/15","元大-東泰",3,106,-103
"16645","2390云辰","110/07/15","新加坡商瑞銀",158,97,61
"16646","2390云辰","110/07/15","合庫-三重",1,102,-101
"16647","2390云辰","110/07/15","華南永昌-台中",86,35,51
"16648","2390云辰","110/07/15","元富-大裕",4,87,-83
"16649","2390云辰","110/07/15","群益金鼎",51,6,45
"16650","2390云辰","110/07/15","凱基-和平",17,96,-79
"16651","2363矽統","110/07/14","台灣摩根士丹利",463,0,463
"16652","2363矽統","110/07/14","新加坡商瑞銀",568,1321,-753
"16653","2363矽統","110/07/14","台新證券",750,342,408
"16654","2363矽統","110/07/14","瑞士信貸",149,864,-715
"16655","2363矽統","110/07/14","玉山-台中",363,51,312
"16656","2363矽統","110/07/14","台新-屏東",115,380,-265
"16657","2363矽統","110/07/14","元大-斗六",223,25,198
"16658","2363矽統","110/07/14","永豐金證券",16,265,-249
"16659","2363矽統","110/07/14","華南永昌-朴子",208,38,170
"16660","2363矽統","110/07/14","美林",462,701,-239
"16661","2363矽統","110/07/14","元富-西松",169,12,157
"16662","2363矽統","110/07/14","宏遠-桃園",269,500,-231
"16663","2363矽統","110/07/14","永豐金-大園",146,6,140
"16664","2363矽統","110/07/14","凱基-竹北",36,254,-218
"16665","2363矽統","110/07/14","土銀-和平",134,0,134
"16666","2363矽統","110/07/14","港商法國興業",0,214,-214
"16667","2363矽統","110/07/14","富邦-新營",130,13,117
"16668","2363矽統","110/07/14","港商野村",835,1044,-209
"16669","2363矽統","110/07/14","元富-成功",118,11,107
"16670","2363矽統","110/07/14","北城證券",212,411,-199
"16671","2363矽統","110/07/14","元富-烏日",121,18,103
"16672","2363矽統","110/07/14","(牛牛牛)亞-鑫豐",51,241,-190
"16673","2363矽統","110/07/14","日盛-二林",120,18,102
"16674","2363矽統","110/07/14","國票-博愛",24,213,-189
"16675","2363矽統","110/07/14","兆豐-忠孝",98,2,96
"16676","2363矽統","110/07/14","大慶-蘆洲",134,316,-182
"16677","2363矽統","110/07/14","大慶-楊梅",92,3,89
"16678","2363矽統","110/07/14","彰銀-台中",15,193,-178
"16679","2363矽統","110/07/14","元富-三重",120,33,87
"16680","2363矽統","110/07/14","日盛-和美",18,185,-167
"16681","8112至上","110/07/14","新加坡商瑞銀",223,17,206
"16682","8112至上","110/07/14","瑞士信貸",8,170,-162
"16683","8112至上","110/07/14","摩根大通",285,129,156
"16684","8112至上","110/07/14","美林",55,202,-147
"16685","8112至上","110/07/14","花旗環球",124,0,124
"16686","8112至上","110/07/14","凱基-台北",325,436,-111
"16687","8112至上","110/07/14","兆豐-公益",117,4,113
"16688","8112至上","110/07/14","台中銀-台北",0,98,-98
"16689","8112至上","110/07/14","香港上海匯豐",111,0,111
"16690","8112至上","110/07/14","玉山-台大",17,107,-90
"16691","8112至上","110/07/14","永豐金-內湖",117,21,96
"16692","8112至上","110/07/14","康和-內湖",1,90,-89
"16693","8112至上","110/07/14","台灣摩根士丹利",108,16,92
"16694","8112至上","110/07/14","港商野村",21,84,-63
"16695","8112至上","110/07/14","元大-東蘆",77,0,77
"16696","8112至上","110/07/14","兆豐-北高雄",1,60,-59
"16697","8112至上","110/07/14","新光",108,48,60
"16698","8112至上","110/07/14","群益金鼎-海山",1,52,-51
"16699","8112至上","110/07/14","大慶-蘆洲",59,0,59
"16700","8112至上","110/07/14","群益金鼎-大安",0,50,-50
"16701","8112至上","110/07/14","華南永昌-台中",56,3,53
"16702","8112至上","110/07/14","富邦-仁愛",2,49,-47
"16703","8112至上","110/07/14","土銀-嘉義",52,2,50
"16704","8112至上","110/07/14","元大-金華",0,42,-42
"16705","8112至上","110/07/14","美商高盛",40,0,40
"16706","8112至上","110/07/14","元大-內湖",4,43,-39
"16707","8112至上","110/07/14","臺銀",63,29,34
"16708","8112至上","110/07/14","第一金-華江",2,37,-35
"16709","8112至上","110/07/14","元富-嘉義",31,0,31
"16710","8112至上","110/07/14","永豐金-苓雅",2,34,-32
"16711","1570力肯","110/07/14","國票-北高雄",68,0,68
"16712","1570力肯","110/07/14","摩根大通",0,21,-21
"16713","1570力肯","110/07/14","日盛-八德",30,1,29
"16714","1570力肯","110/07/14","新光",1,19,-18
"16715","1570力肯","110/07/14","玉山-高雄",7,0,7
"16716","1570力肯","110/07/14","(牛牛牛)亞-鑫豐",0,17,-17
"16717","1570力肯","110/07/14","臺銀-臺南",5,0,5
"16718","1570力肯","110/07/14","日盛-士林",0,10,-10
"16719","1570力肯","110/07/14","凱基-三峽",5,0,5
"16720","1570力肯","110/07/14","統一-員林",0,10,-10
"16721","1570力肯","110/07/14","元大-和平",5,0,5
"16722","1570力肯","110/07/14","國票-新莊",0,10,-10
"16723","1570力肯","110/07/14","合庫-三重",4,0,4
"16724","1570力肯","110/07/14","凱基-高美館",0,10,-10
"16725","1570力肯","110/07/14","瑞士信貸",4,0,4
"16726","1570力肯","110/07/14","元大-屏東民生",0,5,-5
"16727","1570力肯","110/07/14","統一-三多",4,0,4
"16728","1570力肯","110/07/14","元大-古亭",0,5,-5
"16729","1570力肯","110/07/14","華南永昌-古亭",4,0,4
"16730","1570力肯","110/07/14","日盛-木柵",0,4,-4
"16731","1570力肯","110/07/14","元大-高雄",3,0,3
"16732","1570力肯","110/07/14","大昌",0,4,-4
"16733","1570力肯","110/07/14","兆豐-忠孝",2,0,2
"16734","1570力肯","110/07/14","群益金鼎-東大",0,4,-4
"16735","1570力肯","110/07/14","富邦-陽明",2,0,2
"16736","1570力肯","110/07/14","凱基-台北",0,4,-4
"16737","1570力肯","110/07/14","元大-松山",2,0,2
"16738","1570力肯","110/07/14","元大-板橋",0,4,-4
"16739","1570力肯","110/07/14","元大-忠孝",2,0,2
"16740","1570力肯","110/07/14","第一金-中山",0,3,-3
"16741","2929淘帝","110/07/14","華南永昌-林口",60,0,60
"16742","2929淘帝","110/07/14","群益金鼎",25,540,-515
"16743","2929淘帝","110/07/14","美林",87,31,56
"16744","2929淘帝","110/07/14","國泰-台南",1,30,-29
"16745","2929淘帝","110/07/14","元富-台南",40,0,40
"16746","2929淘帝","110/07/14","宏遠-桃園",0,20,-20
"16747","2929淘帝","110/07/14","元大-民生",39,0,39
"16748","2929淘帝","110/07/14","摩根大通",11,31,-20
"16749","2929淘帝","110/07/14","臺銀-鳳山",34,0,34
"16750","2929淘帝","110/07/14","台新-建北",5,20,-15
"16751","2929淘帝","110/07/14","合庫-高雄",34,1,33
"16752","2929淘帝","110/07/14","新光",1,16,-15
"16753","2929淘帝","110/07/14","華南永昌-鶯歌",28,0,28
"16754","2929淘帝","110/07/14","玉山-板橋",0,15,-15
"16755","2929淘帝","110/07/14","永興",25,0,25
"16756","2929淘帝","110/07/14","凱基-羅東",0,15,-15
"16757","2929淘帝","110/07/14","元大-新盛",25,1,24
"16758","2929淘帝","110/07/14","元大-頭份",0,15,-15
"16759","2929淘帝","110/07/14","日盛-南京",23,0,23
"16760","2929淘帝","110/07/14","第一金-台南",0,13,-13
"16761","2929淘帝","110/07/14","日茂",20,0,20
"16762","2929淘帝","110/07/14","富邦-基隆",0,12,-12
"16763","2929淘帝","110/07/14","台新-台中",20,0,20
"16764","2929淘帝","110/07/14","日茂-南投",1,12,-11
"16765","2929淘帝","110/07/14","華南永昌",20,0,20
"16766","2929淘帝","110/07/14","元大-豐原站前",0,11,-11
"16767","2929淘帝","110/07/14","福勝",15,0,15
"16768","2929淘帝","110/07/14","玉山-士林",0,10,-10
"16769","2929淘帝","110/07/14","富邦-南屯",15,0,15
"16770","2929淘帝","110/07/14","富邦-台北",0,10,-10
"16771","5410國眾","110/07/14","兆豐-城中",35,0,35
"16772","5410國眾","110/07/14","瑞士信貸",0,29,-29
"16773","5410國眾","110/07/14","新光",21,1,20
"16774","5410國眾","110/07/14","國泰-板橋",1,30,-29
"16775","5410國眾","110/07/14","國泰-敦南",21,1,20
"16776","5410國眾","110/07/14","日盛-高雄",0,20,-20
"16777","5410國眾","110/07/14","國泰-台中",20,1,19
"16778","5410國眾","110/07/14","台新-左楠",1,20,-19
"16779","5410國眾","110/07/14","元大-崇德",19,0,19
"16780","5410國眾","110/07/14","元富-大昌",1,18,-17
"16781","5410國眾","110/07/14","土銀-士林",18,0,18
"16782","5410國眾","110/07/14","富邦-建國",0,15,-15
"16783","5410國眾","110/07/14","元大-新盛",20,2,18
"16784","5410國眾","110/07/14","元富-嘉義",0,12,-12
"16785","5410國眾","110/07/14","兆豐-高雄",15,0,15
"16786","5410國眾","110/07/14","永全-南崁",0,12,-12
"16787","5410國眾","110/07/14","宏遠-中和",10,0,10
"16788","5410國眾","110/07/14","元大-員林",0,11,-11
"16789","5410國眾","110/07/14","新光-桃園",10,0,10
"16790","5410國眾","110/07/14","高橋",0,10,-10
"16791","5410國眾","110/07/14","國泰-台南",10,0,10
"16792","5410國眾","110/07/14","永興",0,10,-10
"16793","5410國眾","110/07/14","元大-復北",10,0,10
"16794","5410國眾","110/07/14","華南永昌-三重",0,10,-10
"16795","5410國眾","110/07/14","元大-竹科",8,0,8
"16796","5410國眾","110/07/14","元大-苑裡",0,7,-7
"16797","5410國眾","110/07/14","台新-新營",6,0,6
"16798","5410國眾","110/07/14","港商野村",0,6,-6
"16799","5410國眾","110/07/14","日盛-士林",5,0,5
"16800","5410國眾","110/07/14","摩根大通",5,11,-6
"16801","2841台開","110/07/14","凱基-文心",73,0,73
"16802","2841台開","110/07/14","國泰-敦南",0,50,-50
"16803","2841台開","110/07/14","元富-潮州",30,0,30
"16804","2841台開","110/07/14","凱基-中壢",0,40,-40
"16805","2841台開","110/07/14","第一金-台中",20,0,20
"16806","2841台開","110/07/14","統一-新竹",0,24,-24
"16807","2841台開","110/07/14","華南永昌-新莊",20,0,20
"16808","2841台開","110/07/14","元富-草屯",0,20,-20
"16809","2841台開","110/07/14","永豐金-豐原",20,0,20
"16810","2841台開","110/07/14","台新-台南",0,20,-20
"16811","2841台開","110/07/14","國泰-館前",15,0,15
"16812","2841台開","110/07/14","永豐金-敦南",45,63,-18
"16813","2841台開","110/07/14","群益金鼎-基隆",12,0,12
"16814","2841台開","110/07/14","國票-北高雄",0,13,-13
"16815","2841台開","110/07/14","日盛-信義",10,0,10
"16816","2841台開","110/07/14","凱基-松山",0,10,-10
"16817","2841台開","110/07/14","台新-台中",10,0,10
"16818","2841台開","110/07/14","元大證券",0,10,-10
"16819","2841台開","110/07/14","新光",10,1,9
"16820","2841台開","110/07/14","元大-中壢",0,10,-10
"16821","2841台開","110/07/14","凱基-新店",8,0,8
"16822","2841台開","110/07/14","富邦-陽明",1,10,-9
"16823","2841台開","110/07/14","元大-斗信",7,0,7
"16824","2841台開","110/07/14","富邦-建國",0,9,-9
"16825","2841台開","110/07/14","元大-三重",6,0,6
"16826","2841台開","110/07/14","富邦-台南",0,8,-8
"16827","2841台開","110/07/14","永豐金-中和",6,0,6
"16828","2841台開","110/07/14","康和-澎湖",0,7,-7
"16829","2841台開","110/07/14","元富-成功",5,0,5
"16830","2841台開","110/07/14","日盛-斗六",0,6,-6
"16831","6207雷科","110/07/14","群益金鼎-台北",60,0,60
"16832","6207雷科","110/07/14","新加坡商瑞銀",10,56,-46
"16833","6207雷科","110/07/14","台新-高雄",43,3,40
"16834","6207雷科","110/07/14","國票-中和",0,41,-41
"16835","6207雷科","110/07/14","元大-高雄",19,0,19
"16836","6207雷科","110/07/14","元大-復北",0,33,-33
"16837","6207雷科","110/07/14","福勝",15,0,15
"16838","6207雷科","110/07/14","光和-和美",0,20,-20
"16839","6207雷科","110/07/14","群益金鼎-中山",15,0,15
"16840","6207雷科","110/07/14","群益金鼎-丹鳳",0,20,-20
"16841","6207雷科","110/07/14","元大-林園",15,0,15
"16842","6207雷科","110/07/14","第一金-路竹",0,10,-10
"16843","6207雷科","110/07/14","新光",12,0,12
"16844","6207雷科","110/07/14","元大-歸仁",0,10,-10
"16845","6207雷科","110/07/14","元大-大天母",10,0,10
"16846","6207雷科","110/07/14","宏遠-館前",0,9,-9
"16847","6207雷科","110/07/14","永豐金-忠孝",9,0,9
"16848","6207雷科","110/07/14","凱基-台北",12,20,-8
"16849","6207雷科","110/07/14","永豐金-新店",7,0,7
"16850","6207雷科","110/07/14","美林",0,7,-7
"16851","6207雷科","110/07/14","玉山-嘉義",6,0,6
"16852","6207雷科","110/07/14","摩根大通",16,23,-7
"16853","6207雷科","110/07/14","元大-屏東",6,0,6
"16854","6207雷科","110/07/14","凱基-高雄",1,7,-6
"16855","6207雷科","110/07/14","凱基-大安",5,0,5
"16856","6207雷科","110/07/14","台中銀-豐原",0,5,-5
"16857","6207雷科","110/07/14","富邦-台南",5,0,5
"16858","6207雷科","110/07/14","元大-新竹經國",0,5,-5
"16859","6207雷科","110/07/14","元大-成功",5,0,5
"16860","6207雷科","110/07/14","光和-田中",0,4,-4
"16861","3679新至陞","110/07/14","凱基-台北",31,6,25
"16862","3679新至陞","110/07/14","群益金鼎-東大",0,15,-15
"16863","3679新至陞","110/07/14","華南永昌-新莊",10,0,10
"16864","3679新至陞","110/07/14","瑞士信貸",0,12,-12
"16865","3679新至陞","110/07/14","新加坡商瑞銀",11,3,8
"16866","3679新至陞","110/07/14","群益金鼎-永和",0,10,-10
"16867","3679新至陞","110/07/14","美商高盛",6,0,6
"16868","3679新至陞","110/07/14","元大-成功",5,15,-10
"16869","3679新至陞","110/07/14","第一金-中壢",6,0,6
"16870","3679新至陞","110/07/14","統一-板橋",1,10,-9
"16871","3679新至陞","110/07/14","(牛牛牛)亞-網路",4,0,4
"16872","3679新至陞","110/07/14","玉山-左營",0,5,-5
"16873","3679新至陞","110/07/14","元大-六合",3,0,3
"16874","3679新至陞","110/07/14","群益金鼎-三民",0,4,-4
"16875","3679新至陞","110/07/14","合庫-自強",2,0,2
"16876","3679新至陞","110/07/14","富邦-宜蘭",0,4,-4
"16877","3679新至陞","110/07/14","高橋-內壢",2,0,2
"16878","3679新至陞","110/07/14","永豐金-苓雅",0,3,-3
"16879","3679新至陞","110/07/14","台中銀-員林",2,0,2
"16880","3679新至陞","110/07/14","摩根大通",5,7,-2
"16881","3679新至陞","110/07/14","凱基-高美館",2,0,2
"16882","3679新至陞","110/07/14","元大-板橋三民",0,2,-2
"16883","3679新至陞","110/07/14","元大-福營",2,0,2
"16884","3679新至陞","110/07/14","宏遠-中和",0,1,-1
"16885","3679新至陞","110/07/14","永豐金-松山",2,0,2
"16886","3679新至陞","110/07/14","元富-佳里",0,1,-1
"16887","3679新至陞","110/07/14","永豐金-萬盛",2,0,2
"16888","3679新至陞","110/07/14","(牛牛牛)亞-鑫豐",0,1,-1
"16889","3679新至陞","110/07/14","元富-松德",1,0,1
"16890","3679新至陞","110/07/14","中國信託-中壢",0,1,-1
"16891","2727王品","110/07/14","富邦-左營",102,1,101
"16892","2727王品","110/07/14","統一-城中",100,234,-134
"16893","2727王品","110/07/14","國泰-板橋",105,11,94
"16894","2727王品","110/07/14","富邦-台北",1,125,-124
"16895","2727王品","110/07/14","港商野村",149,72,77
"16896","2727王品","110/07/14","台灣摩根士丹利",1,48,-47
"16897","2727王品","110/07/14","合庫-台中",66,2,64
"16898","2727王品","110/07/14","國票-新莊",0,40,-40
"16899","2727王品","110/07/14","臺銀-金山",63,8,55
"16900","2727王品","110/07/14","永豐金-忠孝",2,39,-37
"16901","2727王品","110/07/14","摩根大通",83,39,44
"16902","2727王品","110/07/14","富邦-彰化",1,34,-33
"16903","2727王品","110/07/14","凱基-台北",84,42,42
"16904","2727王品","110/07/14","康和-高雄",0,30,-30
"16905","2727王品","110/07/14","土銀-台中",35,1,34
"16906","2727王品","110/07/14","安泰",0,26,-26
"16907","2727王品","110/07/14","華南永昌-麻豆",32,1,31
"16908","2727王品","110/07/14","富邦-新竹華信",0,21,-21
"16909","2727王品","110/07/14","元大證券",85,55,30
"16910","2727王品","110/07/14","元大-南崁",1,22,-21
"16911","2727王品","110/07/14","新加坡商瑞銀",40,15,25
"16912","2727王品","110/07/14","彰銀-台中",0,18,-18
"16913","2727王品","110/07/14","日盛-八德",19,0,19
"16914","2727王品","110/07/14","元富-同大",2,20,-18
"16915","2727王品","110/07/14","統一",35,17,18
"16916","2727王品","110/07/14","玉山-嘉義",1,17,-16
"16917","2727王品","110/07/14","元富-大昌",18,1,17
"16918","2727王品","110/07/14","國泰-館前",4,20,-16
"16919","2727王品","110/07/14","玉山-板橋",15,1,14
"16920","2727王品","110/07/14","第一金-嘉義",1,13,-12
"16921","1570力肯","110/07/14","國票-北高雄",68,0,68
"16922","1570力肯","110/07/14","摩根大通",0,21,-21
"16923","1570力肯","110/07/14","日盛-八德",30,1,29
"16924","1570力肯","110/07/14","新光",1,19,-18
"16925","1570力肯","110/07/14","玉山-高雄",7,0,7
"16926","1570力肯","110/07/14","(牛牛牛)亞-鑫豐",0,17,-17
"16927","1570力肯","110/07/14","臺銀-臺南",5,0,5
"16928","1570力肯","110/07/14","日盛-士林",0,10,-10
"16929","1570力肯","110/07/14","凱基-三峽",5,0,5
"16930","1570力肯","110/07/14","統一-員林",0,10,-10
"16931","1570力肯","110/07/14","元大-和平",5,0,5
"16932","1570力肯","110/07/14","國票-新莊",0,10,-10
"16933","1570力肯","110/07/14","合庫-三重",4,0,4
"16934","1570力肯","110/07/14","凱基-高美館",0,10,-10
"16935","1570力肯","110/07/14","瑞士信貸",4,0,4
"16936","1570力肯","110/07/14","元大-屏東民生",0,5,-5
"16937","1570力肯","110/07/14","統一-三多",4,0,4
"16938","1570力肯","110/07/14","元大-古亭",0,5,-5
"16939","1570力肯","110/07/14","華南永昌-古亭",4,0,4
"16940","1570力肯","110/07/14","日盛-木柵",0,4,-4
"16941","1570力肯","110/07/14","元大-高雄",3,0,3
"16942","1570力肯","110/07/14","大昌",0,4,-4
"16943","1570力肯","110/07/14","兆豐-忠孝",2,0,2
"16944","1570力肯","110/07/14","群益金鼎-東大",0,4,-4
"16945","1570力肯","110/07/14","富邦-陽明",2,0,2
"16946","1570力肯","110/07/14","凱基-台北",0,4,-4
"16947","1570力肯","110/07/14","元大-松山",2,0,2
"16948","1570力肯","110/07/14","元大-板橋",0,4,-4
"16949","1570力肯","110/07/14","元大-忠孝",2,0,2
"16950","1570力肯","110/07/14","第一金-中山",0,3,-3
"16951","6180橘子","110/07/14","新加坡商瑞銀",84,28,56
"16952","6180橘子","110/07/14","凱基-台北",4,37,-33
"16953","6180橘子","110/07/14","日盛-信義",29,1,28
"16954","6180橘子","110/07/14","玉山-台南",1,22,-21
"16955","6180橘子","110/07/14","豐農",28,4,24
"16956","6180橘子","110/07/14","日盛-新竹",1,21,-20
"16957","6180橘子","110/07/14","新光-新竹",24,1,23
"16958","6180橘子","110/07/14","元富-潮州",0,19,-19
"16959","6180橘子","110/07/14","華南永昌-高雄",20,0,20
"16960","6180橘子","110/07/14","元大-信義",0,17,-17
"16961","6180橘子","110/07/14","元大-羅東",20,0,20
"16962","6180橘子","110/07/14","台灣企銀-台中",1,16,-15
"16963","6180橘子","110/07/14","元大-台中中港",20,0,20
"16964","6180橘子","110/07/14","元大-北港",0,15,-15
"16965","6180橘子","110/07/14","富邦-嘉義",24,5,19
"16966","6180橘子","110/07/14","富邦-高雄",0,14,-14
"16967","6180橘子","110/07/14","富邦-仁愛",15,0,15
"16968","6180橘子","110/07/14","兆豐-埔墘",0,13,-13
"16969","6180橘子","110/07/14","國票-九鼎",13,0,13
"16970","6180橘子","110/07/14","第一金-中山",0,10,-10
"16971","6180橘子","110/07/14","日盛-木柵",12,0,12
"16972","6180橘子","110/07/14","元大-彰化民生",0,10,-10
"16973","6180橘子","110/07/14","元大-成功",10,0,10
"16974","6180橘子","110/07/14","福勝",1,10,-9
"16975","6180橘子","110/07/14","港商野村",10,2,8
"16976","6180橘子","110/07/14","群益金鼎-丹鳳",1,10,-9
"16977","6180橘子","110/07/14","玉山-左營",8,0,8
"16978","6180橘子","110/07/14","群益金鼎-板橋",0,8,-8
"16979","6180橘子","110/07/14","富邦-陽明",16,8,8
"16980","6180橘子","110/07/14","合庫-鳳山",0,7,-7
"16981","2390云辰","110/07/14","摩根大通",995,198,797
"16982","2390云辰","110/07/14","新加坡商瑞銀",28,399,-371
"16983","2390云辰","110/07/14","美林",383,22,361
"16984","2390云辰","110/07/14","凱基-新豐",3,198,-195
"16985","2390云辰","110/07/14","台灣摩根士丹利",684,358,326
"16986","2390云辰","110/07/14","元大-士林",1,152,-151
"16987","2390云辰","110/07/14","凱基-台北",656,402,254
"16988","2390云辰","110/07/14","元大-竹山",80,181,-101
"16989","2390云辰","110/07/14","日盛-和美",110,5,105
"16990","2390云辰","110/07/14","群益金鼎-開元",19,95,-76
"16991","2390云辰","110/07/14","元大-天母",72,0,72
"16992","2390云辰","110/07/14","新光",77,150,-73
"16993","2390云辰","110/07/14","永豐金-松山",57,0,57
"16994","2390云辰","110/07/14","元富-高雄",0,71,-71
"16995","2390云辰","110/07/14","統一-屏東",53,0,53
"16996","2390云辰","110/07/14","元大-土城學府",130,201,-71
"16997","2390云辰","110/07/14","港商野村",486,450,36
"16998","2390云辰","110/07/14","元大-善化",12,76,-64
"16999","2390云辰","110/07/14","致和-崇德",30,0,30
"17000","2390云辰","110/07/14","華南永昌-岡山",23,81,-58
"17001","2390云辰","110/07/14","富邦-台北",40,14,26
"17002","2390云辰","110/07/14","群益金鼎-大興",82,125,-43
"17003","2390云辰","110/07/14","台新-高雄",38,13,25
"17004","2390云辰","110/07/14","大慶-中壢",0,41,-41
"17005","2390云辰","110/07/14","富邦-板橋",32,7,25
"17006","2390云辰","110/07/14","玉山-板橋",6,47,-41
"17007","2390云辰","110/07/14","陽信-石牌",24,0,24
"17008","2390云辰","110/07/14","富邦-台東",2,42,-40
"17009","2390云辰","110/07/14","凱基-屏東",32,8,24
"17010","2390云辰","110/07/14","元大-新營",3,42,-39
"17011","2363矽統","110/07/14","台灣摩根士丹利",463,0,463
"17012","2363矽統","110/07/14","新加坡商瑞銀",568,1321,-753
"17013","2363矽統","110/07/14","台新證券",750,342,408
"17014","2363矽統","110/07/14","瑞士信貸",149,864,-715
"17015","2363矽統","110/07/14","玉山-台中",363,51,312
"17016","2363矽統","110/07/14","台新-屏東",115,380,-265
"17017","2363矽統","110/07/14","元大-斗六",223,25,198
"17018","2363矽統","110/07/14","永豐金證券",16,265,-249
"17019","2363矽統","110/07/14","華南永昌-朴子",208,38,170
"17020","2363矽統","110/07/14","美林",462,701,-239
"17021","2363矽統","110/07/14","元富-西松",169,12,157
"17022","2363矽統","110/07/14","宏遠-桃園",269,500,-231
"17023","2363矽統","110/07/14","永豐金-大園",146,6,140
"17024","2363矽統","110/07/14","凱基-竹北",36,254,-218
"17025","2363矽統","110/07/14","土銀-和平",134,0,134
"17026","2363矽統","110/07/14","港商法國興業",0,214,-214
"17027","2363矽統","110/07/14","富邦-新營",130,13,117
"17028","2363矽統","110/07/14","港商野村",835,1044,-209
"17029","2363矽統","110/07/14","元富-成功",118,11,107
"17030","2363矽統","110/07/14","北城證券",212,411,-199
"17031","2363矽統","110/07/14","元富-烏日",121,18,103
"17032","2363矽統","110/07/14","(牛牛牛)亞-鑫豐",51,241,-190
"17033","2363矽統","110/07/14","日盛-二林",120,18,102
"17034","2363矽統","110/07/14","國票-博愛",24,213,-189
"17035","2363矽統","110/07/14","兆豐-忠孝",98,2,96
"17036","2363矽統","110/07/14","大慶-蘆洲",134,316,-182
"17037","2363矽統","110/07/14","大慶-楊梅",92,3,89
"17038","2363矽統","110/07/14","彰銀-台中",15,193,-178
"17039","2363矽統","110/07/14","元富-三重",120,33,87
"17040","2363矽統","110/07/14","日盛-和美",18,185,-167
"17041","8112至上","110/07/14","新加坡商瑞銀",223,17,206
"17042","8112至上","110/07/14","瑞士信貸",8,170,-162
"17043","8112至上","110/07/14","摩根大通",285,129,156
"17044","8112至上","110/07/14","美林",55,202,-147
"17045","8112至上","110/07/14","花旗環球",124,0,124
"17046","8112至上","110/07/14","凱基-台北",325,436,-111
"17047","8112至上","110/07/14","兆豐-公益",117,4,113
"17048","8112至上","110/07/14","台中銀-台北",0,98,-98
"17049","8112至上","110/07/14","香港上海匯豐",111,0,111
"17050","8112至上","110/07/14","玉山-台大",17,107,-90
"17051","8112至上","110/07/14","永豐金-內湖",117,21,96
"17052","8112至上","110/07/14","康和-內湖",1,90,-89
"17053","8112至上","110/07/14","台灣摩根士丹利",108,16,92
"17054","8112至上","110/07/14","港商野村",21,84,-63
"17055","8112至上","110/07/14","元大-東蘆",77,0,77
"17056","8112至上","110/07/14","兆豐-北高雄",1,60,-59
"17057","8112至上","110/07/14","新光",108,48,60
"17058","8112至上","110/07/14","群益金鼎-海山",1,52,-51
"17059","8112至上","110/07/14","大慶-蘆洲",59,0,59
"17060","8112至上","110/07/14","群益金鼎-大安",0,50,-50
"17061","8112至上","110/07/14","華南永昌-台中",56,3,53
"17062","8112至上","110/07/14","富邦-仁愛",2,49,-47
"17063","8112至上","110/07/14","土銀-嘉義",52,2,50
"17064","8112至上","110/07/14","元大-金華",0,42,-42
"17065","8112至上","110/07/14","美商高盛",40,0,40
"17066","8112至上","110/07/14","元大-內湖",4,43,-39
"17067","8112至上","110/07/14","臺銀",63,29,34
"17068","8112至上","110/07/14","第一金-華江",2,37,-35
"17069","8112至上","110/07/14","元富-嘉義",31,0,31
"17070","8112至上","110/07/14","永豐金-苓雅",2,34,-32
"17071","1570力肯","110/07/14","國票-北高雄",68,0,68
"17072","1570力肯","110/07/14","摩根大通",0,21,-21
"17073","1570力肯","110/07/14","日盛-八德",30,1,29
"17074","1570力肯","110/07/14","新光",1,19,-18
"17075","1570力肯","110/07/14","玉山-高雄",7,0,7
"17076","1570力肯","110/07/14","(牛牛牛)亞-鑫豐",0,17,-17
"17077","1570力肯","110/07/14","臺銀-臺南",5,0,5
"17078","1570力肯","110/07/14","日盛-士林",0,10,-10
"17079","1570力肯","110/07/14","凱基-三峽",5,0,5
"17080","1570力肯","110/07/14","統一-員林",0,10,-10
"17081","1570力肯","110/07/14","元大-和平",5,0,5
"17082","1570力肯","110/07/14","國票-新莊",0,10,-10
"17083","1570力肯","110/07/14","合庫-三重",4,0,4
"17084","1570力肯","110/07/14","凱基-高美館",0,10,-10
"17085","1570力肯","110/07/14","瑞士信貸",4,0,4
"17086","1570力肯","110/07/14","元大-屏東民生",0,5,-5
"17087","1570力肯","110/07/14","統一-三多",4,0,4
"17088","1570力肯","110/07/14","元大-古亭",0,5,-5
"17089","1570力肯","110/07/14","華南永昌-古亭",4,0,4
"17090","1570力肯","110/07/14","日盛-木柵",0,4,-4
"17091","1570力肯","110/07/14","元大-高雄",3,0,3
"17092","1570力肯","110/07/14","大昌",0,4,-4
"17093","1570力肯","110/07/14","兆豐-忠孝",2,0,2
"17094","1570力肯","110/07/14","群益金鼎-東大",0,4,-4
"17095","1570力肯","110/07/14","富邦-陽明",2,0,2
"17096","1570力肯","110/07/14","凱基-台北",0,4,-4
"17097","1570力肯","110/07/14","元大-松山",2,0,2
"17098","1570力肯","110/07/14","元大-板橋",0,4,-4
"17099","1570力肯","110/07/14","元大-忠孝",2,0,2
"17100","1570力肯","110/07/14","第一金-中山",0,3,-3
"17101","2929淘帝","110/07/14","華南永昌-林口",60,0,60
"17102","2929淘帝","110/07/14","群益金鼎",25,540,-515
"17103","2929淘帝","110/07/14","美林",87,31,56
"17104","2929淘帝","110/07/14","國泰-台南",1,30,-29
"17105","2929淘帝","110/07/14","元富-台南",40,0,40
"17106","2929淘帝","110/07/14","宏遠-桃園",0,20,-20
"17107","2929淘帝","110/07/14","元大-民生",39,0,39
"17108","2929淘帝","110/07/14","摩根大通",11,31,-20
"17109","2929淘帝","110/07/14","臺銀-鳳山",34,0,34
"17110","2929淘帝","110/07/14","台新-建北",5,20,-15
"17111","2929淘帝","110/07/14","合庫-高雄",34,1,33
"17112","2929淘帝","110/07/14","新光",1,16,-15
"17113","2929淘帝","110/07/14","華南永昌-鶯歌",28,0,28
"17114","2929淘帝","110/07/14","玉山-板橋",0,15,-15
"17115","2929淘帝","110/07/14","永興",25,0,25
"17116","2929淘帝","110/07/14","凱基-羅東",0,15,-15
"17117","2929淘帝","110/07/14","元大-新盛",25,1,24
"17118","2929淘帝","110/07/14","元大-頭份",0,15,-15
"17119","2929淘帝","110/07/14","日盛-南京",23,0,23
"17120","2929淘帝","110/07/14","第一金-台南",0,13,-13
"17121","2929淘帝","110/07/14","日茂",20,0,20
"17122","2929淘帝","110/07/14","富邦-基隆",0,12,-12
"17123","2929淘帝","110/07/14","台新-台中",20,0,20
"17124","2929淘帝","110/07/14","日茂-南投",1,12,-11
"17125","2929淘帝","110/07/14","華南永昌",20,0,20
"17126","2929淘帝","110/07/14","元大-豐原站前",0,11,-11
"17127","2929淘帝","110/07/14","福勝",15,0,15
"17128","2929淘帝","110/07/14","玉山-士林",0,10,-10
"17129","2929淘帝","110/07/14","富邦-南屯",15,0,15
"17130","2929淘帝","110/07/14","富邦-台北",0,10,-10
"17131","5410國眾","110/07/14","兆豐-城中",35,0,35
"17132","5410國眾","110/07/14","瑞士信貸",0,29,-29
"17133","5410國眾","110/07/14","新光",21,1,20
"17134","5410國眾","110/07/14","國泰-板橋",1,30,-29
"17135","5410國眾","110/07/14","國泰-敦南",21,1,20
"17136","5410國眾","110/07/14","日盛-高雄",0,20,-20
"17137","5410國眾","110/07/14","國泰-台中",20,1,19
"17138","5410國眾","110/07/14","台新-左楠",1,20,-19
"17139","5410國眾","110/07/14","元大-崇德",19,0,19
"17140","5410國眾","110/07/14","元富-大昌",1,18,-17
"17141","5410國眾","110/07/14","土銀-士林",18,0,18
"17142","5410國眾","110/07/14","富邦-建國",0,15,-15
"17143","5410國眾","110/07/14","元大-新盛",20,2,18
"17144","5410國眾","110/07/14","元富-嘉義",0,12,-12
"17145","5410國眾","110/07/14","兆豐-高雄",15,0,15
"17146","5410國眾","110/07/14","永全-南崁",0,12,-12
"17147","5410國眾","110/07/14","宏遠-中和",10,0,10
"17148","5410國眾","110/07/14","元大-員林",0,11,-11
"17149","5410國眾","110/07/14","新光-桃園",10,0,10
"17150","5410國眾","110/07/14","高橋",0,10,-10
"17151","5410國眾","110/07/14","國泰-台南",10,0,10
"17152","5410國眾","110/07/14","永興",0,10,-10
"17153","5410國眾","110/07/14","元大-復北",10,0,10
"17154","5410國眾","110/07/14","華南永昌-三重",0,10,-10
"17155","5410國眾","110/07/14","元大-竹科",8,0,8
"17156","5410國眾","110/07/14","元大-苑裡",0,7,-7
"17157","5410國眾","110/07/14","台新-新營",6,0,6
"17158","5410國眾","110/07/14","港商野村",0,6,-6
"17159","5410國眾","110/07/14","日盛-士林",5,0,5
"17160","5410國眾","110/07/14","摩根大通",5,11,-6
"17161","2841台開","110/07/14","凱基-文心",73,0,73
"17162","2841台開","110/07/14","國泰-敦南",0,50,-50
"17163","2841台開","110/07/14","元富-潮州",30,0,30
"17164","2841台開","110/07/14","凱基-中壢",0,40,-40
"17165","2841台開","110/07/14","第一金-台中",20,0,20
"17166","2841台開","110/07/14","統一-新竹",0,24,-24
"17167","2841台開","110/07/14","華南永昌-新莊",20,0,20
"17168","2841台開","110/07/14","元富-草屯",0,20,-20
"17169","2841台開","110/07/14","永豐金-豐原",20,0,20
"17170","2841台開","110/07/14","台新-台南",0,20,-20
"17171","2841台開","110/07/14","國泰-館前",15,0,15
"17172","2841台開","110/07/14","永豐金-敦南",45,63,-18
"17173","2841台開","110/07/14","群益金鼎-基隆",12,0,12
"17174","2841台開","110/07/14","國票-北高雄",0,13,-13
"17175","2841台開","110/07/14","日盛-信義",10,0,10
"17176","2841台開","110/07/14","凱基-松山",0,10,-10
"17177","2841台開","110/07/14","台新-台中",10,0,10
"17178","2841台開","110/07/14","元大證券",0,10,-10
"17179","2841台開","110/07/14","新光",10,1,9
"17180","2841台開","110/07/14","元大-中壢",0,10,-10
"17181","2841台開","110/07/14","凱基-新店",8,0,8
"17182","2841台開","110/07/14","富邦-陽明",1,10,-9
"17183","2841台開","110/07/14","元大-斗信",7,0,7
"17184","2841台開","110/07/14","富邦-建國",0,9,-9
"17185","2841台開","110/07/14","元大-三重",6,0,6
"17186","2841台開","110/07/14","富邦-台南",0,8,-8
"17187","2841台開","110/07/14","永豐金-中和",6,0,6
"17188","2841台開","110/07/14","康和-澎湖",0,7,-7
"17189","2841台開","110/07/14","元富-成功",5,0,5
"17190","2841台開","110/07/14","日盛-斗六",0,6,-6
"17191","6207雷科","110/07/14","群益金鼎-台北",60,0,60
"17192","6207雷科","110/07/14","新加坡商瑞銀",10,56,-46
"17193","6207雷科","110/07/14","台新-高雄",43,3,40
"17194","6207雷科","110/07/14","國票-中和",0,41,-41
"17195","6207雷科","110/07/14","元大-高雄",19,0,19
"17196","6207雷科","110/07/14","元大-復北",0,33,-33
"17197","6207雷科","110/07/14","福勝",15,0,15
"17198","6207雷科","110/07/14","光和-和美",0,20,-20
"17199","6207雷科","110/07/14","群益金鼎-中山",15,0,15
"17200","6207雷科","110/07/14","群益金鼎-丹鳳",0,20,-20
"17201","6207雷科","110/07/14","元大-林園",15,0,15
"17202","6207雷科","110/07/14","第一金-路竹",0,10,-10
"17203","6207雷科","110/07/14","新光",12,0,12
"17204","6207雷科","110/07/14","元大-歸仁",0,10,-10
"17205","6207雷科","110/07/14","元大-大天母",10,0,10
"17206","6207雷科","110/07/14","宏遠-館前",0,9,-9
"17207","6207雷科","110/07/14","永豐金-忠孝",9,0,9
"17208","6207雷科","110/07/14","凱基-台北",12,20,-8
"17209","6207雷科","110/07/14","永豐金-新店",7,0,7
"17210","6207雷科","110/07/14","美林",0,7,-7
"17211","6207雷科","110/07/14","玉山-嘉義",6,0,6
"17212","6207雷科","110/07/14","摩根大通",16,23,-7
"17213","6207雷科","110/07/14","元大-屏東",6,0,6
"17214","6207雷科","110/07/14","凱基-高雄",1,7,-6
"17215","6207雷科","110/07/14","凱基-大安",5,0,5
"17216","6207雷科","110/07/14","台中銀-豐原",0,5,-5
"17217","6207雷科","110/07/14","富邦-台南",5,0,5
"17218","6207雷科","110/07/14","元大-新竹經國",0,5,-5
"17219","6207雷科","110/07/14","元大-成功",5,0,5
"17220","6207雷科","110/07/14","光和-田中",0,4,-4
"17221","3679新至陞","110/07/14","凱基-台北",31,6,25
"17222","3679新至陞","110/07/14","群益金鼎-東大",0,15,-15
"17223","3679新至陞","110/07/14","華南永昌-新莊",10,0,10
"17224","3679新至陞","110/07/14","瑞士信貸",0,12,-12
"17225","3679新至陞","110/07/14","新加坡商瑞銀",11,3,8
"17226","3679新至陞","110/07/14","群益金鼎-永和",0,10,-10
"17227","3679新至陞","110/07/14","美商高盛",6,0,6
"17228","3679新至陞","110/07/14","元大-成功",5,15,-10
"17229","3679新至陞","110/07/14","第一金-中壢",6,0,6
"17230","3679新至陞","110/07/14","統一-板橋",1,10,-9
"17231","3679新至陞","110/07/14","(牛牛牛)亞-網路",4,0,4
"17232","3679新至陞","110/07/14","玉山-左營",0,5,-5
"17233","3679新至陞","110/07/14","元大-六合",3,0,3
"17234","3679新至陞","110/07/14","群益金鼎-三民",0,4,-4
"17235","3679新至陞","110/07/14","合庫-自強",2,0,2
"17236","3679新至陞","110/07/14","富邦-宜蘭",0,4,-4
"17237","3679新至陞","110/07/14","高橋-內壢",2,0,2
"17238","3679新至陞","110/07/14","永豐金-苓雅",0,3,-3
"17239","3679新至陞","110/07/14","台中銀-員林",2,0,2
"17240","3679新至陞","110/07/14","摩根大通",5,7,-2
"17241","3679新至陞","110/07/14","凱基-高美館",2,0,2
"17242","3679新至陞","110/07/14","元大-板橋三民",0,2,-2
"17243","3679新至陞","110/07/14","元大-福營",2,0,2
"17244","3679新至陞","110/07/14","宏遠-中和",0,1,-1
"17245","3679新至陞","110/07/14","永豐金-松山",2,0,2
"17246","3679新至陞","110/07/14","元富-佳里",0,1,-1
"17247","3679新至陞","110/07/14","永豐金-萬盛",2,0,2
"17248","3679新至陞","110/07/14","(牛牛牛)亞-鑫豐",0,1,-1
"17249","3679新至陞","110/07/14","元富-松德",1,0,1
"17250","3679新至陞","110/07/14","中國信託-中壢",0,1,-1
"17251","2727王品","110/07/14","富邦-左營",102,1,101
"17252","2727王品","110/07/14","統一-城中",100,234,-134
"17253","2727王品","110/07/14","國泰-板橋",105,11,94
"17254","2727王品","110/07/14","富邦-台北",1,125,-124
"17255","2727王品","110/07/14","港商野村",149,72,77
"17256","2727王品","110/07/14","台灣摩根士丹利",1,48,-47
"17257","2727王品","110/07/14","合庫-台中",66,2,64
"17258","2727王品","110/07/14","國票-新莊",0,40,-40
"17259","2727王品","110/07/14","臺銀-金山",63,8,55
"17260","2727王品","110/07/14","永豐金-忠孝",2,39,-37
"17261","2727王品","110/07/14","摩根大通",83,39,44
"17262","2727王品","110/07/14","富邦-彰化",1,34,-33
"17263","2727王品","110/07/14","凱基-台北",84,42,42
"17264","2727王品","110/07/14","康和-高雄",0,30,-30
"17265","2727王品","110/07/14","土銀-台中",35,1,34
"17266","2727王品","110/07/14","安泰",0,26,-26
"17267","2727王品","110/07/14","華南永昌-麻豆",32,1,31
"17268","2727王品","110/07/14","富邦-新竹華信",0,21,-21
"17269","2727王品","110/07/14","元大證券",85,55,30
"17270","2727王品","110/07/14","元大-南崁",1,22,-21
"17271","2727王品","110/07/14","新加坡商瑞銀",40,15,25
"17272","2727王品","110/07/14","彰銀-台中",0,18,-18
"17273","2727王品","110/07/14","日盛-八德",19,0,19
"17274","2727王品","110/07/14","元富-同大",2,20,-18
"17275","2727王品","110/07/14","統一",35,17,18
"17276","2727王品","110/07/14","玉山-嘉義",1,17,-16
"17277","2727王品","110/07/14","元富-大昌",18,1,17
"17278","2727王品","110/07/14","國泰-館前",4,20,-16
"17279","2727王品","110/07/14","玉山-板橋",15,1,14
"17280","2727王品","110/07/14","第一金-嘉義",1,13,-12
"17281","1570力肯","110/07/14","國票-北高雄",68,0,68
"17282","1570力肯","110/07/14","摩根大通",0,21,-21
"17283","1570力肯","110/07/14","日盛-八德",30,1,29
"17284","1570力肯","110/07/14","新光",1,19,-18
"17285","1570力肯","110/07/14","玉山-高雄",7,0,7
"17286","1570力肯","110/07/14","(牛牛牛)亞-鑫豐",0,17,-17
"17287","1570力肯","110/07/14","臺銀-臺南",5,0,5
"17288","1570力肯","110/07/14","日盛-士林",0,10,-10
"17289","1570力肯","110/07/14","凱基-三峽",5,0,5
"17290","1570力肯","110/07/14","統一-員林",0,10,-10
"17291","1570力肯","110/07/14","元大-和平",5,0,5
"17292","1570力肯","110/07/14","國票-新莊",0,10,-10
"17293","1570力肯","110/07/14","合庫-三重",4,0,4
"17294","1570力肯","110/07/14","凱基-高美館",0,10,-10
"17295","1570力肯","110/07/14","瑞士信貸",4,0,4
"17296","1570力肯","110/07/14","元大-屏東民生",0,5,-5
"17297","1570力肯","110/07/14","統一-三多",4,0,4
"17298","1570力肯","110/07/14","元大-古亭",0,5,-5
"17299","1570力肯","110/07/14","華南永昌-古亭",4,0,4
"17300","1570力肯","110/07/14","日盛-木柵",0,4,-4
"17301","1570力肯","110/07/14","元大-高雄",3,0,3
"17302","1570力肯","110/07/14","大昌",0,4,-4
"17303","1570力肯","110/07/14","兆豐-忠孝",2,0,2
"17304","1570力肯","110/07/14","群益金鼎-東大",0,4,-4
"17305","1570力肯","110/07/14","富邦-陽明",2,0,2
"17306","1570力肯","110/07/14","凱基-台北",0,4,-4
"17307","1570力肯","110/07/14","元大-松山",2,0,2
"17308","1570力肯","110/07/14","元大-板橋",0,4,-4
"17309","1570力肯","110/07/14","元大-忠孝",2,0,2
"17310","1570力肯","110/07/14","第一金-中山",0,3,-3
"17311","6180橘子","110/07/14","新加坡商瑞銀",84,28,56
"17312","6180橘子","110/07/14","凱基-台北",4,37,-33
"17313","6180橘子","110/07/14","日盛-信義",29,1,28
"17314","6180橘子","110/07/14","玉山-台南",1,22,-21
"17315","6180橘子","110/07/14","豐農",28,4,24
"17316","6180橘子","110/07/14","日盛-新竹",1,21,-20
"17317","6180橘子","110/07/14","新光-新竹",24,1,23
"17318","6180橘子","110/07/14","元富-潮州",0,19,-19
"17319","6180橘子","110/07/14","華南永昌-高雄",20,0,20
"17320","6180橘子","110/07/14","元大-信義",0,17,-17
"17321","6180橘子","110/07/14","元大-羅東",20,0,20
"17322","6180橘子","110/07/14","台灣企銀-台中",1,16,-15
"17323","6180橘子","110/07/14","元大-台中中港",20,0,20
"17324","6180橘子","110/07/14","元大-北港",0,15,-15
"17325","6180橘子","110/07/14","富邦-嘉義",24,5,19
"17326","6180橘子","110/07/14","富邦-高雄",0,14,-14
"17327","6180橘子","110/07/14","富邦-仁愛",15,0,15
"17328","6180橘子","110/07/14","兆豐-埔墘",0,13,-13
"17329","6180橘子","110/07/14","國票-九鼎",13,0,13
"17330","6180橘子","110/07/14","第一金-中山",0,10,-10
"17331","6180橘子","110/07/14","日盛-木柵",12,0,12
"17332","6180橘子","110/07/14","元大-彰化民生",0,10,-10
"17333","6180橘子","110/07/14","元大-成功",10,0,10
"17334","6180橘子","110/07/14","福勝",1,10,-9
"17335","6180橘子","110/07/14","港商野村",10,2,8
"17336","6180橘子","110/07/14","群益金鼎-丹鳳",1,10,-9
"17337","6180橘子","110/07/14","玉山-左營",8,0,8
"17338","6180橘子","110/07/14","群益金鼎-板橋",0,8,-8
"17339","6180橘子","110/07/14","富邦-陽明",16,8,8
"17340","6180橘子","110/07/14","合庫-鳳山",0,7,-7
"17341","2390云辰","110/07/14","摩根大通",995,198,797
"17342","2390云辰","110/07/14","新加坡商瑞銀",28,399,-371
"17343","2390云辰","110/07/14","美林",383,22,361
"17344","2390云辰","110/07/14","凱基-新豐",3,198,-195
"17345","2390云辰","110/07/14","台灣摩根士丹利",684,358,326
"17346","2390云辰","110/07/14","元大-士林",1,152,-151
"17347","2390云辰","110/07/14","凱基-台北",656,402,254
"17348","2390云辰","110/07/14","元大-竹山",80,181,-101
"17349","2390云辰","110/07/14","日盛-和美",110,5,105
"17350","2390云辰","110/07/14","群益金鼎-開元",19,95,-76
"17351","2390云辰","110/07/14","元大-天母",72,0,72
"17352","2390云辰","110/07/14","新光",77,150,-73
"17353","2390云辰","110/07/14","永豐金-松山",57,0,57
"17354","2390云辰","110/07/14","元富-高雄",0,71,-71
"17355","2390云辰","110/07/14","統一-屏東",53,0,53
"17356","2390云辰","110/07/14","元大-土城學府",130,201,-71
"17357","2390云辰","110/07/14","港商野村",486,450,36
"17358","2390云辰","110/07/14","元大-善化",12,76,-64
"17359","2390云辰","110/07/14","致和-崇德",30,0,30
"17360","2390云辰","110/07/14","華南永昌-岡山",23,81,-58
"17361","2390云辰","110/07/14","富邦-台北",40,14,26
"17362","2390云辰","110/07/14","群益金鼎-大興",82,125,-43
"17363","2390云辰","110/07/14","台新-高雄",38,13,25
"17364","2390云辰","110/07/14","大慶-中壢",0,41,-41
"17365","2390云辰","110/07/14","富邦-板橋",32,7,25
"17366","2390云辰","110/07/14","玉山-板橋",6,47,-41
"17367","2390云辰","110/07/14","陽信-石牌",24,0,24
"17368","2390云辰","110/07/14","富邦-台東",2,42,-40
"17369","2390云辰","110/07/14","凱基-屏東",32,8,24
"17370","2390云辰","110/07/14","元大-新營",3,42,-39
"17371","2363矽統","110/07/14","台灣摩根士丹利",463,0,463
"17372","2363矽統","110/07/14","新加坡商瑞銀",568,1321,-753
"17373","2363矽統","110/07/14","台新證券",750,342,408
"17374","2363矽統","110/07/14","瑞士信貸",149,864,-715
"17375","2363矽統","110/07/14","玉山-台中",363,51,312
"17376","2363矽統","110/07/14","台新-屏東",115,380,-265
"17377","2363矽統","110/07/14","元大-斗六",223,25,198
"17378","2363矽統","110/07/14","永豐金證券",16,265,-249
"17379","2363矽統","110/07/14","華南永昌-朴子",208,38,170
"17380","2363矽統","110/07/14","美林",462,701,-239
"17381","2363矽統","110/07/14","元富-西松",169,12,157
"17382","2363矽統","110/07/14","宏遠-桃園",269,500,-231
"17383","2363矽統","110/07/14","永豐金-大園",146,6,140
"17384","2363矽統","110/07/14","凱基-竹北",36,254,-218
"17385","2363矽統","110/07/14","土銀-和平",134,0,134
"17386","2363矽統","110/07/14","港商法國興業",0,214,-214
"17387","2363矽統","110/07/14","富邦-新營",130,13,117
"17388","2363矽統","110/07/14","港商野村",835,1044,-209
"17389","2363矽統","110/07/14","元富-成功",118,11,107
"17390","2363矽統","110/07/14","北城證券",212,411,-199
"17391","2363矽統","110/07/14","元富-烏日",121,18,103
"17392","2363矽統","110/07/14","(牛牛牛)亞-鑫豐",51,241,-190
"17393","2363矽統","110/07/14","日盛-二林",120,18,102
"17394","2363矽統","110/07/14","國票-博愛",24,213,-189
"17395","2363矽統","110/07/14","兆豐-忠孝",98,2,96
"17396","2363矽統","110/07/14","大慶-蘆洲",134,316,-182
"17397","2363矽統","110/07/14","大慶-楊梅",92,3,89
"17398","2363矽統","110/07/14","彰銀-台中",15,193,-178
"17399","2363矽統","110/07/14","元富-三重",120,33,87
"17400","2363矽統","110/07/14","日盛-和美",18,185,-167
"17401","8112至上","110/07/14","新加坡商瑞銀",223,17,206
"17402","8112至上","110/07/14","瑞士信貸",8,170,-162
"17403","8112至上","110/07/14","摩根大通",285,129,156
"17404","8112至上","110/07/14","美林",55,202,-147
"17405","8112至上","110/07/14","花旗環球",124,0,124
"17406","8112至上","110/07/14","凱基-台北",325,436,-111
"17407","8112至上","110/07/14","兆豐-公益",117,4,113
"17408","8112至上","110/07/14","台中銀-台北",0,98,-98
"17409","8112至上","110/07/14","香港上海匯豐",111,0,111
"17410","8112至上","110/07/14","玉山-台大",17,107,-90
"17411","8112至上","110/07/14","永豐金-內湖",117,21,96
"17412","8112至上","110/07/14","康和-內湖",1,90,-89
"17413","8112至上","110/07/14","台灣摩根士丹利",108,16,92
"17414","8112至上","110/07/14","港商野村",21,84,-63
"17415","8112至上","110/07/14","元大-東蘆",77,0,77
"17416","8112至上","110/07/14","兆豐-北高雄",1,60,-59
"17417","8112至上","110/07/14","新光",108,48,60
"17418","8112至上","110/07/14","群益金鼎-海山",1,52,-51
"17419","8112至上","110/07/14","大慶-蘆洲",59,0,59
"17420","8112至上","110/07/14","群益金鼎-大安",0,50,-50
"17421","8112至上","110/07/14","華南永昌-台中",56,3,53
"17422","8112至上","110/07/14","富邦-仁愛",2,49,-47
"17423","8112至上","110/07/14","土銀-嘉義",52,2,50
"17424","8112至上","110/07/14","元大-金華",0,42,-42
"17425","8112至上","110/07/14","美商高盛",40,0,40
"17426","8112至上","110/07/14","元大-內湖",4,43,-39
"17427","8112至上","110/07/14","臺銀",63,29,34
"17428","8112至上","110/07/14","第一金-華江",2,37,-35
"17429","8112至上","110/07/14","元富-嘉義",31,0,31
"17430","8112至上","110/07/14","永豐金-苓雅",2,34,-32
"17431","1570力肯","110/07/14","國票-北高雄",68,0,68
"17432","1570力肯","110/07/14","摩根大通",0,21,-21
"17433","1570力肯","110/07/14","日盛-八德",30,1,29
"17434","1570力肯","110/07/14","新光",1,19,-18
"17435","1570力肯","110/07/14","玉山-高雄",7,0,7
"17436","1570力肯","110/07/14","(牛牛牛)亞-鑫豐",0,17,-17
"17437","1570力肯","110/07/14","臺銀-臺南",5,0,5
"17438","1570力肯","110/07/14","日盛-士林",0,10,-10
"17439","1570力肯","110/07/14","凱基-三峽",5,0,5
"17440","1570力肯","110/07/14","統一-員林",0,10,-10
"17441","1570力肯","110/07/14","元大-和平",5,0,5
"17442","1570力肯","110/07/14","國票-新莊",0,10,-10
"17443","1570力肯","110/07/14","合庫-三重",4,0,4
"17444","1570力肯","110/07/14","凱基-高美館",0,10,-10
"17445","1570力肯","110/07/14","瑞士信貸",4,0,4
"17446","1570力肯","110/07/14","元大-屏東民生",0,5,-5
"17447","1570力肯","110/07/14","統一-三多",4,0,4
"17448","1570力肯","110/07/14","元大-古亭",0,5,-5
"17449","1570力肯","110/07/14","華南永昌-古亭",4,0,4
"17450","1570力肯","110/07/14","日盛-木柵",0,4,-4
"17451","1570力肯","110/07/14","元大-高雄",3,0,3
"17452","1570力肯","110/07/14","大昌",0,4,-4
"17453","1570力肯","110/07/14","兆豐-忠孝",2,0,2
"17454","1570力肯","110/07/14","群益金鼎-東大",0,4,-4
"17455","1570力肯","110/07/14","富邦-陽明",2,0,2
"17456","1570力肯","110/07/14","凱基-台北",0,4,-4
"17457","1570力肯","110/07/14","元大-松山",2,0,2
"17458","1570力肯","110/07/14","元大-板橋",0,4,-4
"17459","1570力肯","110/07/14","元大-忠孝",2,0,2
"17460","1570力肯","110/07/14","第一金-中山",0,3,-3
"17461","2929淘帝","110/07/14","華南永昌-林口",60,0,60
"17462","2929淘帝","110/07/14","群益金鼎",25,540,-515
"17463","2929淘帝","110/07/14","美林",87,31,56
"17464","2929淘帝","110/07/14","國泰-台南",1,30,-29
"17465","2929淘帝","110/07/14","元富-台南",40,0,40
"17466","2929淘帝","110/07/14","宏遠-桃園",0,20,-20
"17467","2929淘帝","110/07/14","元大-民生",39,0,39
"17468","2929淘帝","110/07/14","摩根大通",11,31,-20
"17469","2929淘帝","110/07/14","臺銀-鳳山",34,0,34
"17470","2929淘帝","110/07/14","台新-建北",5,20,-15
"17471","2929淘帝","110/07/14","合庫-高雄",34,1,33
"17472","2929淘帝","110/07/14","新光",1,16,-15
"17473","2929淘帝","110/07/14","華南永昌-鶯歌",28,0,28
"17474","2929淘帝","110/07/14","玉山-板橋",0,15,-15
"17475","2929淘帝","110/07/14","永興",25,0,25
"17476","2929淘帝","110/07/14","凱基-羅東",0,15,-15
"17477","2929淘帝","110/07/14","元大-新盛",25,1,24
"17478","2929淘帝","110/07/14","元大-頭份",0,15,-15
"17479","2929淘帝","110/07/14","日盛-南京",23,0,23
"17480","2929淘帝","110/07/14","第一金-台南",0,13,-13
"17481","2929淘帝","110/07/14","日茂",20,0,20
"17482","2929淘帝","110/07/14","富邦-基隆",0,12,-12
"17483","2929淘帝","110/07/14","台新-台中",20,0,20
"17484","2929淘帝","110/07/14","日茂-南投",1,12,-11
"17485","2929淘帝","110/07/14","華南永昌",20,0,20
"17486","2929淘帝","110/07/14","元大-豐原站前",0,11,-11
"17487","2929淘帝","110/07/14","福勝",15,0,15
"17488","2929淘帝","110/07/14","玉山-士林",0,10,-10
"17489","2929淘帝","110/07/14","富邦-南屯",15,0,15
"17490","2929淘帝","110/07/14","富邦-台北",0,10,-10
"17491","5410國眾","110/07/14","兆豐-城中",35,0,35
"17492","5410國眾","110/07/14","瑞士信貸",0,29,-29
"17493","5410國眾","110/07/14","新光",21,1,20
"17494","5410國眾","110/07/14","國泰-板橋",1,30,-29
"17495","5410國眾","110/07/14","國泰-敦南",21,1,20
"17496","5410國眾","110/07/14","日盛-高雄",0,20,-20
"17497","5410國眾","110/07/14","國泰-台中",20,1,19
"17498","5410國眾","110/07/14","台新-左楠",1,20,-19
"17499","5410國眾","110/07/14","元大-崇德",19,0,19
"17500","5410國眾","110/07/14","元富-大昌",1,18,-17
"17501","5410國眾","110/07/14","土銀-士林",18,0,18
"17502","5410國眾","110/07/14","富邦-建國",0,15,-15
"17503","5410國眾","110/07/14","元大-新盛",20,2,18
"17504","5410國眾","110/07/14","元富-嘉義",0,12,-12
"17505","5410國眾","110/07/14","兆豐-高雄",15,0,15
"17506","5410國眾","110/07/14","永全-南崁",0,12,-12
"17507","5410國眾","110/07/14","宏遠-中和",10,0,10
"17508","5410國眾","110/07/14","元大-員林",0,11,-11
"17509","5410國眾","110/07/14","新光-桃園",10,0,10
"17510","5410國眾","110/07/14","高橋",0,10,-10
"17511","5410國眾","110/07/14","國泰-台南",10,0,10
"17512","5410國眾","110/07/14","永興",0,10,-10
"17513","5410國眾","110/07/14","元大-復北",10,0,10
"17514","5410國眾","110/07/14","華南永昌-三重",0,10,-10
"17515","5410國眾","110/07/14","元大-竹科",8,0,8
"17516","5410國眾","110/07/14","元大-苑裡",0,7,-7
"17517","5410國眾","110/07/14","台新-新營",6,0,6
"17518","5410國眾","110/07/14","港商野村",0,6,-6
"17519","5410國眾","110/07/14","日盛-士林",5,0,5
"17520","5410國眾","110/07/14","摩根大通",5,11,-6
"17521","2841台開","110/07/14","凱基-文心",73,0,73
"17522","2841台開","110/07/14","國泰-敦南",0,50,-50
"17523","2841台開","110/07/14","元富-潮州",30,0,30
"17524","2841台開","110/07/14","凱基-中壢",0,40,-40
"17525","2841台開","110/07/14","第一金-台中",20,0,20
"17526","2841台開","110/07/14","統一-新竹",0,24,-24
"17527","2841台開","110/07/14","華南永昌-新莊",20,0,20
"17528","2841台開","110/07/14","元富-草屯",0,20,-20
"17529","2841台開","110/07/14","永豐金-豐原",20,0,20
"17530","2841台開","110/07/14","台新-台南",0,20,-20
"17531","2841台開","110/07/14","國泰-館前",15,0,15
"17532","2841台開","110/07/14","永豐金-敦南",45,63,-18
"17533","2841台開","110/07/14","群益金鼎-基隆",12,0,12
"17534","2841台開","110/07/14","國票-北高雄",0,13,-13
"17535","2841台開","110/07/14","日盛-信義",10,0,10
"17536","2841台開","110/07/14","凱基-松山",0,10,-10
"17537","2841台開","110/07/14","台新-台中",10,0,10
"17538","2841台開","110/07/14","元大證券",0,10,-10
"17539","2841台開","110/07/14","新光",10,1,9
"17540","2841台開","110/07/14","元大-中壢",0,10,-10
"17541","2841台開","110/07/14","凱基-新店",8,0,8
"17542","2841台開","110/07/14","富邦-陽明",1,10,-9
"17543","2841台開","110/07/14","元大-斗信",7,0,7
"17544","2841台開","110/07/14","富邦-建國",0,9,-9
"17545","2841台開","110/07/14","元大-三重",6,0,6
"17546","2841台開","110/07/14","富邦-台南",0,8,-8
"17547","2841台開","110/07/14","永豐金-中和",6,0,6
"17548","2841台開","110/07/14","康和-澎湖",0,7,-7
"17549","2841台開","110/07/14","元富-成功",5,0,5
"17550","2841台開","110/07/14","日盛-斗六",0,6,-6
"17551","6207雷科","110/07/14","群益金鼎-台北",60,0,60
"17552","6207雷科","110/07/14","新加坡商瑞銀",10,56,-46
"17553","6207雷科","110/07/14","台新-高雄",43,3,40
"17554","6207雷科","110/07/14","國票-中和",0,41,-41
"17555","6207雷科","110/07/14","元大-高雄",19,0,19
"17556","6207雷科","110/07/14","元大-復北",0,33,-33
"17557","6207雷科","110/07/14","福勝",15,0,15
"17558","6207雷科","110/07/14","光和-和美",0,20,-20
"17559","6207雷科","110/07/14","群益金鼎-中山",15,0,15
"17560","6207雷科","110/07/14","群益金鼎-丹鳳",0,20,-20
"17561","6207雷科","110/07/14","元大-林園",15,0,15
"17562","6207雷科","110/07/14","第一金-路竹",0,10,-10
"17563","6207雷科","110/07/14","新光",12,0,12
"17564","6207雷科","110/07/14","元大-歸仁",0,10,-10
"17565","6207雷科","110/07/14","元大-大天母",10,0,10
"17566","6207雷科","110/07/14","宏遠-館前",0,9,-9
"17567","6207雷科","110/07/14","永豐金-忠孝",9,0,9
"17568","6207雷科","110/07/14","凱基-台北",12,20,-8
"17569","6207雷科","110/07/14","永豐金-新店",7,0,7
"17570","6207雷科","110/07/14","美林",0,7,-7
"17571","6207雷科","110/07/14","玉山-嘉義",6,0,6
"17572","6207雷科","110/07/14","摩根大通",16,23,-7
"17573","6207雷科","110/07/14","元大-屏東",6,0,6
"17574","6207雷科","110/07/14","凱基-高雄",1,7,-6
"17575","6207雷科","110/07/14","凱基-大安",5,0,5
"17576","6207雷科","110/07/14","台中銀-豐原",0,5,-5
"17577","6207雷科","110/07/14","富邦-台南",5,0,5
"17578","6207雷科","110/07/14","元大-新竹經國",0,5,-5
"17579","6207雷科","110/07/14","元大-成功",5,0,5
"17580","6207雷科","110/07/14","光和-田中",0,4,-4
"17581","3679新至陞","110/07/14","凱基-台北",31,6,25
"17582","3679新至陞","110/07/14","群益金鼎-東大",0,15,-15
"17583","3679新至陞","110/07/14","華南永昌-新莊",10,0,10
"17584","3679新至陞","110/07/14","瑞士信貸",0,12,-12
"17585","3679新至陞","110/07/14","新加坡商瑞銀",11,3,8
"17586","3679新至陞","110/07/14","群益金鼎-永和",0,10,-10
"17587","3679新至陞","110/07/14","美商高盛",6,0,6
"17588","3679新至陞","110/07/14","元大-成功",5,15,-10
"17589","3679新至陞","110/07/14","第一金-中壢",6,0,6
"17590","3679新至陞","110/07/14","統一-板橋",1,10,-9
"17591","3679新至陞","110/07/14","(牛牛牛)亞-網路",4,0,4
"17592","3679新至陞","110/07/14","玉山-左營",0,5,-5
"17593","3679新至陞","110/07/14","元大-六合",3,0,3
"17594","3679新至陞","110/07/14","群益金鼎-三民",0,4,-4
"17595","3679新至陞","110/07/14","合庫-自強",2,0,2
"17596","3679新至陞","110/07/14","富邦-宜蘭",0,4,-4
"17597","3679新至陞","110/07/14","高橋-內壢",2,0,2
"17598","3679新至陞","110/07/14","永豐金-苓雅",0,3,-3
"17599","3679新至陞","110/07/14","台中銀-員林",2,0,2
"17600","3679新至陞","110/07/14","摩根大通",5,7,-2
"17601","3679新至陞","110/07/14","凱基-高美館",2,0,2
"17602","3679新至陞","110/07/14","元大-板橋三民",0,2,-2
"17603","3679新至陞","110/07/14","元大-福營",2,0,2
"17604","3679新至陞","110/07/14","宏遠-中和",0,1,-1
"17605","3679新至陞","110/07/14","永豐金-松山",2,0,2
"17606","3679新至陞","110/07/14","元富-佳里",0,1,-1
"17607","3679新至陞","110/07/14","永豐金-萬盛",2,0,2
"17608","3679新至陞","110/07/14","(牛牛牛)亞-鑫豐",0,1,-1
"17609","3679新至陞","110/07/14","元富-松德",1,0,1
"17610","3679新至陞","110/07/14","中國信託-中壢",0,1,-1
"17611","2727王品","110/07/14","富邦-左營",102,1,101
"17612","2727王品","110/07/14","統一-城中",100,234,-134
"17613","2727王品","110/07/14","國泰-板橋",105,11,94
"17614","2727王品","110/07/14","富邦-台北",1,125,-124
"17615","2727王品","110/07/14","港商野村",149,72,77
"17616","2727王品","110/07/14","台灣摩根士丹利",1,48,-47
"17617","2727王品","110/07/14","合庫-台中",66,2,64
"17618","2727王品","110/07/14","國票-新莊",0,40,-40
"17619","2727王品","110/07/14","臺銀-金山",63,8,55
"17620","2727王品","110/07/14","永豐金-忠孝",2,39,-37
"17621","2727王品","110/07/14","摩根大通",83,39,44
"17622","2727王品","110/07/14","富邦-彰化",1,34,-33
"17623","2727王品","110/07/14","凱基-台北",84,42,42
"17624","2727王品","110/07/14","康和-高雄",0,30,-30
"17625","2727王品","110/07/14","土銀-台中",35,1,34
"17626","2727王品","110/07/14","安泰",0,26,-26
"17627","2727王品","110/07/14","華南永昌-麻豆",32,1,31
"17628","2727王品","110/07/14","富邦-新竹華信",0,21,-21
"17629","2727王品","110/07/14","元大證券",85,55,30
"17630","2727王品","110/07/14","元大-南崁",1,22,-21
"17631","2727王品","110/07/14","新加坡商瑞銀",40,15,25
"17632","2727王品","110/07/14","彰銀-台中",0,18,-18
"17633","2727王品","110/07/14","日盛-八德",19,0,19
"17634","2727王品","110/07/14","元富-同大",2,20,-18
"17635","2727王品","110/07/14","統一",35,17,18
"17636","2727王品","110/07/14","玉山-嘉義",1,17,-16
"17637","2727王品","110/07/14","元富-大昌",18,1,17
"17638","2727王品","110/07/14","國泰-館前",4,20,-16
"17639","2727王品","110/07/14","玉山-板橋",15,1,14
"17640","2727王品","110/07/14","第一金-嘉義",1,13,-12
"17641","1570力肯","110/07/14","國票-北高雄",68,0,68
"17642","1570力肯","110/07/14","摩根大通",0,21,-21
"17643","1570力肯","110/07/14","日盛-八德",30,1,29
"17644","1570力肯","110/07/14","新光",1,19,-18
"17645","1570力肯","110/07/14","玉山-高雄",7,0,7
"17646","1570力肯","110/07/14","(牛牛牛)亞-鑫豐",0,17,-17
"17647","1570力肯","110/07/14","臺銀-臺南",5,0,5
"17648","1570力肯","110/07/14","日盛-士林",0,10,-10
"17649","1570力肯","110/07/14","凱基-三峽",5,0,5
"17650","1570力肯","110/07/14","統一-員林",0,10,-10
"17651","1570力肯","110/07/14","元大-和平",5,0,5
"17652","1570力肯","110/07/14","國票-新莊",0,10,-10
"17653","1570力肯","110/07/14","合庫-三重",4,0,4
"17654","1570力肯","110/07/14","凱基-高美館",0,10,-10
"17655","1570力肯","110/07/14","瑞士信貸",4,0,4
"17656","1570力肯","110/07/14","元大-屏東民生",0,5,-5
"17657","1570力肯","110/07/14","統一-三多",4,0,4
"17658","1570力肯","110/07/14","元大-古亭",0,5,-5
"17659","1570力肯","110/07/14","華南永昌-古亭",4,0,4
"17660","1570力肯","110/07/14","日盛-木柵",0,4,-4
"17661","1570力肯","110/07/14","元大-高雄",3,0,3
"17662","1570力肯","110/07/14","大昌",0,4,-4
"17663","1570力肯","110/07/14","兆豐-忠孝",2,0,2
"17664","1570力肯","110/07/14","群益金鼎-東大",0,4,-4
"17665","1570力肯","110/07/14","富邦-陽明",2,0,2
"17666","1570力肯","110/07/14","凱基-台北",0,4,-4
"17667","1570力肯","110/07/14","元大-松山",2,0,2
"17668","1570力肯","110/07/14","元大-板橋",0,4,-4
"17669","1570力肯","110/07/14","元大-忠孝",2,0,2
"17670","1570力肯","110/07/14","第一金-中山",0,3,-3
"17671","6180橘子","110/07/14","新加坡商瑞銀",84,28,56
"17672","6180橘子","110/07/14","凱基-台北",4,37,-33
"17673","6180橘子","110/07/14","日盛-信義",29,1,28
"17674","6180橘子","110/07/14","玉山-台南",1,22,-21
"17675","6180橘子","110/07/14","豐農",28,4,24
"17676","6180橘子","110/07/14","日盛-新竹",1,21,-20
"17677","6180橘子","110/07/14","新光-新竹",24,1,23
"17678","6180橘子","110/07/14","元富-潮州",0,19,-19
"17679","6180橘子","110/07/14","華南永昌-高雄",20,0,20
"17680","6180橘子","110/07/14","元大-信義",0,17,-17
"17681","6180橘子","110/07/14","元大-羅東",20,0,20
"17682","6180橘子","110/07/14","台灣企銀-台中",1,16,-15
"17683","6180橘子","110/07/14","元大-台中中港",20,0,20
"17684","6180橘子","110/07/14","元大-北港",0,15,-15
"17685","6180橘子","110/07/14","富邦-嘉義",24,5,19
"17686","6180橘子","110/07/14","富邦-高雄",0,14,-14
"17687","6180橘子","110/07/14","富邦-仁愛",15,0,15
"17688","6180橘子","110/07/14","兆豐-埔墘",0,13,-13
"17689","6180橘子","110/07/14","國票-九鼎",13,0,13
"17690","6180橘子","110/07/14","第一金-中山",0,10,-10
"17691","6180橘子","110/07/14","日盛-木柵",12,0,12
"17692","6180橘子","110/07/14","元大-彰化民生",0,10,-10
"17693","6180橘子","110/07/14","元大-成功",10,0,10
"17694","6180橘子","110/07/14","福勝",1,10,-9
"17695","6180橘子","110/07/14","港商野村",10,2,8
"17696","6180橘子","110/07/14","群益金鼎-丹鳳",1,10,-9
"17697","6180橘子","110/07/14","玉山-左營",8,0,8
"17698","6180橘子","110/07/14","群益金鼎-板橋",0,8,-8
"17699","6180橘子","110/07/14","富邦-陽明",16,8,8
"17700","6180橘子","110/07/14","合庫-鳳山",0,7,-7
"17701","2390云辰","110/07/14","摩根大通",995,198,797
"17702","2390云辰","110/07/14","新加坡商瑞銀",28,399,-371
"17703","2390云辰","110/07/14","美林",383,22,361
"17704","2390云辰","110/07/14","凱基-新豐",3,198,-195
"17705","2390云辰","110/07/14","台灣摩根士丹利",684,358,326
"17706","2390云辰","110/07/14","元大-士林",1,152,-151
"17707","2390云辰","110/07/14","凱基-台北",656,402,254
"17708","2390云辰","110/07/14","元大-竹山",80,181,-101
"17709","2390云辰","110/07/14","日盛-和美",110,5,105
"17710","2390云辰","110/07/14","群益金鼎-開元",19,95,-76
"17711","2390云辰","110/07/14","元大-天母",72,0,72
"17712","2390云辰","110/07/14","新光",77,150,-73
"17713","2390云辰","110/07/14","永豐金-松山",57,0,57
"17714","2390云辰","110/07/14","元富-高雄",0,71,-71
"17715","2390云辰","110/07/14","統一-屏東",53,0,53
"17716","2390云辰","110/07/14","元大-土城學府",130,201,-71
"17717","2390云辰","110/07/14","港商野村",486,450,36
"17718","2390云辰","110/07/14","元大-善化",12,76,-64
"17719","2390云辰","110/07/14","致和-崇德",30,0,30
"17720","2390云辰","110/07/14","華南永昌-岡山",23,81,-58
"17721","2390云辰","110/07/14","富邦-台北",40,14,26
"17722","2390云辰","110/07/14","群益金鼎-大興",82,125,-43
"17723","2390云辰","110/07/14","台新-高雄",38,13,25
"17724","2390云辰","110/07/14","大慶-中壢",0,41,-41
"17725","2390云辰","110/07/14","富邦-板橋",32,7,25
"17726","2390云辰","110/07/14","玉山-板橋",6,47,-41
"17727","2390云辰","110/07/14","陽信-石牌",24,0,24
"17728","2390云辰","110/07/14","富邦-台東",2,42,-40
"17729","2390云辰","110/07/14","凱基-屏東",32,8,24
"17730","2390云辰","110/07/14","元大-新營",3,42,-39
"17731","2363矽統","110/07/14","台灣摩根士丹利",463,0,463
"17732","2363矽統","110/07/14","新加坡商瑞銀",568,1321,-753
"17733","2363矽統","110/07/14","台新證券",750,342,408
"17734","2363矽統","110/07/14","瑞士信貸",149,864,-715
"17735","2363矽統","110/07/14","玉山-台中",363,51,312
"17736","2363矽統","110/07/14","台新-屏東",115,380,-265
"17737","2363矽統","110/07/14","元大-斗六",223,25,198
"17738","2363矽統","110/07/14","永豐金證券",16,265,-249
"17739","2363矽統","110/07/14","華南永昌-朴子",208,38,170
"17740","2363矽統","110/07/14","美林",462,701,-239
"17741","2363矽統","110/07/14","元富-西松",169,12,157
"17742","2363矽統","110/07/14","宏遠-桃園",269,500,-231
"17743","2363矽統","110/07/14","永豐金-大園",146,6,140
"17744","2363矽統","110/07/14","凱基-竹北",36,254,-218
"17745","2363矽統","110/07/14","土銀-和平",134,0,134
"17746","2363矽統","110/07/14","港商法國興業",0,214,-214
"17747","2363矽統","110/07/14","富邦-新營",130,13,117
"17748","2363矽統","110/07/14","港商野村",835,1044,-209
"17749","2363矽統","110/07/14","元富-成功",118,11,107
"17750","2363矽統","110/07/14","北城證券",212,411,-199
"17751","2363矽統","110/07/14","元富-烏日",121,18,103
"17752","2363矽統","110/07/14","(牛牛牛)亞-鑫豐",51,241,-190
"17753","2363矽統","110/07/14","日盛-二林",120,18,102
"17754","2363矽統","110/07/14","國票-博愛",24,213,-189
"17755","2363矽統","110/07/14","兆豐-忠孝",98,2,96
"17756","2363矽統","110/07/14","大慶-蘆洲",134,316,-182
"17757","2363矽統","110/07/14","大慶-楊梅",92,3,89
"17758","2363矽統","110/07/14","彰銀-台中",15,193,-178
"17759","2363矽統","110/07/14","元富-三重",120,33,87
"17760","2363矽統","110/07/14","日盛-和美",18,185,-167
"17761","8112至上","110/07/14","新加坡商瑞銀",223,17,206
"17762","8112至上","110/07/14","瑞士信貸",8,170,-162
"17763","8112至上","110/07/14","摩根大通",285,129,156
"17764","8112至上","110/07/14","美林",55,202,-147
"17765","8112至上","110/07/14","花旗環球",124,0,124
"17766","8112至上","110/07/14","凱基-台北",325,436,-111
"17767","8112至上","110/07/14","兆豐-公益",117,4,113
"17768","8112至上","110/07/14","台中銀-台北",0,98,-98
"17769","8112至上","110/07/14","香港上海匯豐",111,0,111
"17770","8112至上","110/07/14","玉山-台大",17,107,-90
"17771","8112至上","110/07/14","永豐金-內湖",117,21,96
"17772","8112至上","110/07/14","康和-內湖",1,90,-89
"17773","8112至上","110/07/14","台灣摩根士丹利",108,16,92
"17774","8112至上","110/07/14","港商野村",21,84,-63
"17775","8112至上","110/07/14","元大-東蘆",77,0,77
"17776","8112至上","110/07/14","兆豐-北高雄",1,60,-59
"17777","8112至上","110/07/14","新光",108,48,60
"17778","8112至上","110/07/14","群益金鼎-海山",1,52,-51
"17779","8112至上","110/07/14","大慶-蘆洲",59,0,59
"17780","8112至上","110/07/14","群益金鼎-大安",0,50,-50
"17781","8112至上","110/07/14","華南永昌-台中",56,3,53
"17782","8112至上","110/07/14","富邦-仁愛",2,49,-47
"17783","8112至上","110/07/14","土銀-嘉義",52,2,50
"17784","8112至上","110/07/14","元大-金華",0,42,-42
"17785","8112至上","110/07/14","美商高盛",40,0,40
"17786","8112至上","110/07/14","元大-內湖",4,43,-39
"17787","8112至上","110/07/14","臺銀",63,29,34
"17788","8112至上","110/07/14","第一金-華江",2,37,-35
"17789","8112至上","110/07/14","元富-嘉義",31,0,31
"17790","8112至上","110/07/14","永豐金-苓雅",2,34,-32
"17791","1570力肯","110/07/14","國票-北高雄",68,0,68
"17792","1570力肯","110/07/14","摩根大通",0,21,-21
"17793","1570力肯","110/07/14","日盛-八德",30,1,29
"17794","1570力肯","110/07/14","新光",1,19,-18
"17795","1570力肯","110/07/14","玉山-高雄",7,0,7
"17796","1570力肯","110/07/14","(牛牛牛)亞-鑫豐",0,17,-17
"17797","1570力肯","110/07/14","臺銀-臺南",5,0,5
"17798","1570力肯","110/07/14","日盛-士林",0,10,-10
"17799","1570力肯","110/07/14","凱基-三峽",5,0,5
"17800","1570力肯","110/07/14","統一-員林",0,10,-10
"17801","1570力肯","110/07/14","元大-和平",5,0,5
"17802","1570力肯","110/07/14","國票-新莊",0,10,-10
"17803","1570力肯","110/07/14","合庫-三重",4,0,4
"17804","1570力肯","110/07/14","凱基-高美館",0,10,-10
"17805","1570力肯","110/07/14","瑞士信貸",4,0,4
"17806","1570力肯","110/07/14","元大-屏東民生",0,5,-5
"17807","1570力肯","110/07/14","統一-三多",4,0,4
"17808","1570力肯","110/07/14","元大-古亭",0,5,-5
"17809","1570力肯","110/07/14","華南永昌-古亭",4,0,4
"17810","1570力肯","110/07/14","日盛-木柵",0,4,-4
"17811","1570力肯","110/07/14","元大-高雄",3,0,3
"17812","1570力肯","110/07/14","大昌",0,4,-4
"17813","1570力肯","110/07/14","兆豐-忠孝",2,0,2
"17814","1570力肯","110/07/14","群益金鼎-東大",0,4,-4
"17815","1570力肯","110/07/14","富邦-陽明",2,0,2
"17816","1570力肯","110/07/14","凱基-台北",0,4,-4
"17817","1570力肯","110/07/14","元大-松山",2,0,2
"17818","1570力肯","110/07/14","元大-板橋",0,4,-4
"17819","1570力肯","110/07/14","元大-忠孝",2,0,2
"17820","1570力肯","110/07/14","第一金-中山",0,3,-3
"17821","2929淘帝","110/07/14","華南永昌-林口",60,0,60
"17822","2929淘帝","110/07/14","群益金鼎",25,540,-515
"17823","2929淘帝","110/07/14","美林",87,31,56
"17824","2929淘帝","110/07/14","國泰-台南",1,30,-29
"17825","2929淘帝","110/07/14","元富-台南",40,0,40
"17826","2929淘帝","110/07/14","宏遠-桃園",0,20,-20
"17827","2929淘帝","110/07/14","元大-民生",39,0,39
"17828","2929淘帝","110/07/14","摩根大通",11,31,-20
"17829","2929淘帝","110/07/14","臺銀-鳳山",34,0,34
"17830","2929淘帝","110/07/14","台新-建北",5,20,-15
"17831","2929淘帝","110/07/14","合庫-高雄",34,1,33
"17832","2929淘帝","110/07/14","新光",1,16,-15
"17833","2929淘帝","110/07/14","華南永昌-鶯歌",28,0,28
"17834","2929淘帝","110/07/14","玉山-板橋",0,15,-15
"17835","2929淘帝","110/07/14","永興",25,0,25
"17836","2929淘帝","110/07/14","凱基-羅東",0,15,-15
"17837","2929淘帝","110/07/14","元大-新盛",25,1,24
"17838","2929淘帝","110/07/14","元大-頭份",0,15,-15
"17839","2929淘帝","110/07/14","日盛-南京",23,0,23
"17840","2929淘帝","110/07/14","第一金-台南",0,13,-13
"17841","2929淘帝","110/07/14","日茂",20,0,20
"17842","2929淘帝","110/07/14","富邦-基隆",0,12,-12
"17843","2929淘帝","110/07/14","台新-台中",20,0,20
"17844","2929淘帝","110/07/14","日茂-南投",1,12,-11
"17845","2929淘帝","110/07/14","華南永昌",20,0,20
"17846","2929淘帝","110/07/14","元大-豐原站前",0,11,-11
"17847","2929淘帝","110/07/14","福勝",15,0,15
"17848","2929淘帝","110/07/14","玉山-士林",0,10,-10
"17849","2929淘帝","110/07/14","富邦-南屯",15,0,15
"17850","2929淘帝","110/07/14","富邦-台北",0,10,-10
"17851","5410國眾","110/07/14","兆豐-城中",35,0,35
"17852","5410國眾","110/07/14","瑞士信貸",0,29,-29
"17853","5410國眾","110/07/14","新光",21,1,20
"17854","5410國眾","110/07/14","國泰-板橋",1,30,-29
"17855","5410國眾","110/07/14","國泰-敦南",21,1,20
"17856","5410國眾","110/07/14","日盛-高雄",0,20,-20
"17857","5410國眾","110/07/14","國泰-台中",20,1,19
"17858","5410國眾","110/07/14","台新-左楠",1,20,-19
"17859","5410國眾","110/07/14","元大-崇德",19,0,19
"17860","5410國眾","110/07/14","元富-大昌",1,18,-17
"17861","5410國眾","110/07/14","土銀-士林",18,0,18
"17862","5410國眾","110/07/14","富邦-建國",0,15,-15
"17863","5410國眾","110/07/14","元大-新盛",20,2,18
"17864","5410國眾","110/07/14","元富-嘉義",0,12,-12
"17865","5410國眾","110/07/14","兆豐-高雄",15,0,15
"17866","5410國眾","110/07/14","永全-南崁",0,12,-12
"17867","5410國眾","110/07/14","宏遠-中和",10,0,10
"17868","5410國眾","110/07/14","元大-員林",0,11,-11
"17869","5410國眾","110/07/14","新光-桃園",10,0,10
"17870","5410國眾","110/07/14","高橋",0,10,-10
"17871","5410國眾","110/07/14","國泰-台南",10,0,10
"17872","5410國眾","110/07/14","永興",0,10,-10
"17873","5410國眾","110/07/14","元大-復北",10,0,10
"17874","5410國眾","110/07/14","華南永昌-三重",0,10,-10
"17875","5410國眾","110/07/14","元大-竹科",8,0,8
"17876","5410國眾","110/07/14","元大-苑裡",0,7,-7
"17877","5410國眾","110/07/14","台新-新營",6,0,6
"17878","5410國眾","110/07/14","港商野村",0,6,-6
"17879","5410國眾","110/07/14","日盛-士林",5,0,5
"17880","5410國眾","110/07/14","摩根大通",5,11,-6
"17881","2841台開","110/07/14","凱基-文心",73,0,73
"17882","2841台開","110/07/14","國泰-敦南",0,50,-50
"17883","2841台開","110/07/14","元富-潮州",30,0,30
"17884","2841台開","110/07/14","凱基-中壢",0,40,-40
"17885","2841台開","110/07/14","第一金-台中",20,0,20
"17886","2841台開","110/07/14","統一-新竹",0,24,-24
"17887","2841台開","110/07/14","華南永昌-新莊",20,0,20
"17888","2841台開","110/07/14","元富-草屯",0,20,-20
"17889","2841台開","110/07/14","永豐金-豐原",20,0,20
"17890","2841台開","110/07/14","台新-台南",0,20,-20
"17891","2841台開","110/07/14","國泰-館前",15,0,15
"17892","2841台開","110/07/14","永豐金-敦南",45,63,-18
"17893","2841台開","110/07/14","群益金鼎-基隆",12,0,12
"17894","2841台開","110/07/14","國票-北高雄",0,13,-13
"17895","2841台開","110/07/14","日盛-信義",10,0,10
"17896","2841台開","110/07/14","凱基-松山",0,10,-10
"17897","2841台開","110/07/14","台新-台中",10,0,10
"17898","2841台開","110/07/14","元大證券",0,10,-10
"17899","2841台開","110/07/14","新光",10,1,9
"17900","2841台開","110/07/14","元大-中壢",0,10,-10
"17901","2841台開","110/07/14","凱基-新店",8,0,8
"17902","2841台開","110/07/14","富邦-陽明",1,10,-9
"17903","2841台開","110/07/14","元大-斗信",7,0,7
"17904","2841台開","110/07/14","富邦-建國",0,9,-9
"17905","2841台開","110/07/14","元大-三重",6,0,6
"17906","2841台開","110/07/14","富邦-台南",0,8,-8
"17907","2841台開","110/07/14","永豐金-中和",6,0,6
"17908","2841台開","110/07/14","康和-澎湖",0,7,-7
"17909","2841台開","110/07/14","元富-成功",5,0,5
"17910","2841台開","110/07/14","日盛-斗六",0,6,-6
"17911","6207雷科","110/07/14","群益金鼎-台北",60,0,60
"17912","6207雷科","110/07/14","新加坡商瑞銀",10,56,-46
"17913","6207雷科","110/07/14","台新-高雄",43,3,40
"17914","6207雷科","110/07/14","國票-中和",0,41,-41
"17915","6207雷科","110/07/14","元大-高雄",19,0,19
"17916","6207雷科","110/07/14","元大-復北",0,33,-33
"17917","6207雷科","110/07/14","福勝",15,0,15
"17918","6207雷科","110/07/14","光和-和美",0,20,-20
"17919","6207雷科","110/07/14","群益金鼎-中山",15,0,15
"17920","6207雷科","110/07/14","群益金鼎-丹鳳",0,20,-20
"17921","6207雷科","110/07/14","元大-林園",15,0,15
"17922","6207雷科","110/07/14","第一金-路竹",0,10,-10
"17923","6207雷科","110/07/14","新光",12,0,12
"17924","6207雷科","110/07/14","元大-歸仁",0,10,-10
"17925","6207雷科","110/07/14","元大-大天母",10,0,10
"17926","6207雷科","110/07/14","宏遠-館前",0,9,-9
"17927","6207雷科","110/07/14","永豐金-忠孝",9,0,9
"17928","6207雷科","110/07/14","凱基-台北",12,20,-8
"17929","6207雷科","110/07/14","永豐金-新店",7,0,7
"17930","6207雷科","110/07/14","美林",0,7,-7
"17931","6207雷科","110/07/14","玉山-嘉義",6,0,6
"17932","6207雷科","110/07/14","摩根大通",16,23,-7
"17933","6207雷科","110/07/14","元大-屏東",6,0,6
"17934","6207雷科","110/07/14","凱基-高雄",1,7,-6
"17935","6207雷科","110/07/14","凱基-大安",5,0,5
"17936","6207雷科","110/07/14","台中銀-豐原",0,5,-5
"17937","6207雷科","110/07/14","富邦-台南",5,0,5
"17938","6207雷科","110/07/14","元大-新竹經國",0,5,-5
"17939","6207雷科","110/07/14","元大-成功",5,0,5
"17940","6207雷科","110/07/14","光和-田中",0,4,-4
"17941","3679新至陞","110/07/14","凱基-台北",31,6,25
"17942","3679新至陞","110/07/14","群益金鼎-東大",0,15,-15
"17943","3679新至陞","110/07/14","華南永昌-新莊",10,0,10
"17944","3679新至陞","110/07/14","瑞士信貸",0,12,-12
"17945","3679新至陞","110/07/14","新加坡商瑞銀",11,3,8
"17946","3679新至陞","110/07/14","群益金鼎-永和",0,10,-10
"17947","3679新至陞","110/07/14","美商高盛",6,0,6
"17948","3679新至陞","110/07/14","元大-成功",5,15,-10
"17949","3679新至陞","110/07/14","第一金-中壢",6,0,6
"17950","3679新至陞","110/07/14","統一-板橋",1,10,-9
"17951","3679新至陞","110/07/14","(牛牛牛)亞-網路",4,0,4
"17952","3679新至陞","110/07/14","玉山-左營",0,5,-5
"17953","3679新至陞","110/07/14","元大-六合",3,0,3
"17954","3679新至陞","110/07/14","群益金鼎-三民",0,4,-4
"17955","3679新至陞","110/07/14","合庫-自強",2,0,2
"17956","3679新至陞","110/07/14","富邦-宜蘭",0,4,-4
"17957","3679新至陞","110/07/14","高橋-內壢",2,0,2
"17958","3679新至陞","110/07/14","永豐金-苓雅",0,3,-3
"17959","3679新至陞","110/07/14","台中銀-員林",2,0,2
"17960","3679新至陞","110/07/14","摩根大通",5,7,-2
"17961","3679新至陞","110/07/14","凱基-高美館",2,0,2
"17962","3679新至陞","110/07/14","元大-板橋三民",0,2,-2
"17963","3679新至陞","110/07/14","元大-福營",2,0,2
"17964","3679新至陞","110/07/14","宏遠-中和",0,1,-1
"17965","3679新至陞","110/07/14","永豐金-松山",2,0,2
"17966","3679新至陞","110/07/14","元富-佳里",0,1,-1
"17967","3679新至陞","110/07/14","永豐金-萬盛",2,0,2
"17968","3679新至陞","110/07/14","(牛牛牛)亞-鑫豐",0,1,-1
"17969","3679新至陞","110/07/14","元富-松德",1,0,1
"17970","3679新至陞","110/07/14","中國信託-中壢",0,1,-1
"17971","2727王品","110/07/14","富邦-左營",102,1,101
"17972","2727王品","110/07/14","統一-城中",100,234,-134
"17973","2727王品","110/07/14","國泰-板橋",105,11,94
"17974","2727王品","110/07/14","富邦-台北",1,125,-124
"17975","2727王品","110/07/14","港商野村",149,72,77
"17976","2727王品","110/07/14","台灣摩根士丹利",1,48,-47
"17977","2727王品","110/07/14","合庫-台中",66,2,64
"17978","2727王品","110/07/14","國票-新莊",0,40,-40
"17979","2727王品","110/07/14","臺銀-金山",63,8,55
"17980","2727王品","110/07/14","永豐金-忠孝",2,39,-37
"17981","2727王品","110/07/14","摩根大通",83,39,44
"17982","2727王品","110/07/14","富邦-彰化",1,34,-33
"17983","2727王品","110/07/14","凱基-台北",84,42,42
"17984","2727王品","110/07/14","康和-高雄",0,30,-30
"17985","2727王品","110/07/14","土銀-台中",35,1,34
"17986","2727王品","110/07/14","安泰",0,26,-26
"17987","2727王品","110/07/14","華南永昌-麻豆",32,1,31
"17988","2727王品","110/07/14","富邦-新竹華信",0,21,-21
"17989","2727王品","110/07/14","元大證券",85,55,30
"17990","2727王品","110/07/14","元大-南崁",1,22,-21
"17991","2727王品","110/07/14","新加坡商瑞銀",40,15,25
"17992","2727王品","110/07/14","彰銀-台中",0,18,-18
"17993","2727王品","110/07/14","日盛-八德",19,0,19
"17994","2727王品","110/07/14","元富-同大",2,20,-18
"17995","2727王品","110/07/14","統一",35,17,18
"17996","2727王品","110/07/14","玉山-嘉義",1,17,-16
"17997","2727王品","110/07/14","元富-大昌",18,1,17
"17998","2727王品","110/07/14","國泰-館前",4,20,-16
"17999","2727王品","110/07/14","玉山-板橋",15,1,14
"18000","2727王品","110/07/14","第一金-嘉義",1,13,-12
"18001","1570力肯","110/07/14","國票-北高雄",68,0,68
"18002","1570力肯","110/07/14","摩根大通",0,21,-21
"18003","1570力肯","110/07/14","日盛-八德",30,1,29
"18004","1570力肯","110/07/14","新光",1,19,-18
"18005","1570力肯","110/07/14","玉山-高雄",7,0,7
"18006","1570力肯","110/07/14","(牛牛牛)亞-鑫豐",0,17,-17
"18007","1570力肯","110/07/14","臺銀-臺南",5,0,5
"18008","1570力肯","110/07/14","日盛-士林",0,10,-10
"18009","1570力肯","110/07/14","凱基-三峽",5,0,5
"18010","1570力肯","110/07/14","統一-員林",0,10,-10
"18011","1570力肯","110/07/14","元大-和平",5,0,5
"18012","1570力肯","110/07/14","國票-新莊",0,10,-10
"18013","1570力肯","110/07/14","合庫-三重",4,0,4
"18014","1570力肯","110/07/14","凱基-高美館",0,10,-10
"18015","1570力肯","110/07/14","瑞士信貸",4,0,4
"18016","1570力肯","110/07/14","元大-屏東民生",0,5,-5
"18017","1570力肯","110/07/14","統一-三多",4,0,4
"18018","1570力肯","110/07/14","元大-古亭",0,5,-5
"18019","1570力肯","110/07/14","華南永昌-古亭",4,0,4
"18020","1570力肯","110/07/14","日盛-木柵",0,4,-4
"18021","1570力肯","110/07/14","元大-高雄",3,0,3
"18022","1570力肯","110/07/14","大昌",0,4,-4
"18023","1570力肯","110/07/14","兆豐-忠孝",2,0,2
"18024","1570力肯","110/07/14","群益金鼎-東大",0,4,-4
"18025","1570力肯","110/07/14","富邦-陽明",2,0,2
"18026","1570力肯","110/07/14","凱基-台北",0,4,-4
"18027","1570力肯","110/07/14","元大-松山",2,0,2
"18028","1570力肯","110/07/14","元大-板橋",0,4,-4
"18029","1570力肯","110/07/14","元大-忠孝",2,0,2
"18030","1570力肯","110/07/14","第一金-中山",0,3,-3
"18031","6180橘子","110/07/14","新加坡商瑞銀",84,28,56
"18032","6180橘子","110/07/14","凱基-台北",4,37,-33
"18033","6180橘子","110/07/14","日盛-信義",29,1,28
"18034","6180橘子","110/07/14","玉山-台南",1,22,-21
"18035","6180橘子","110/07/14","豐農",28,4,24
"18036","6180橘子","110/07/14","日盛-新竹",1,21,-20
"18037","6180橘子","110/07/14","新光-新竹",24,1,23
"18038","6180橘子","110/07/14","元富-潮州",0,19,-19
"18039","6180橘子","110/07/14","華南永昌-高雄",20,0,20
"18040","6180橘子","110/07/14","元大-信義",0,17,-17
"18041","6180橘子","110/07/14","元大-羅東",20,0,20
"18042","6180橘子","110/07/14","台灣企銀-台中",1,16,-15
"18043","6180橘子","110/07/14","元大-台中中港",20,0,20
"18044","6180橘子","110/07/14","元大-北港",0,15,-15
"18045","6180橘子","110/07/14","富邦-嘉義",24,5,19
"18046","6180橘子","110/07/14","富邦-高雄",0,14,-14
"18047","6180橘子","110/07/14","富邦-仁愛",15,0,15
"18048","6180橘子","110/07/14","兆豐-埔墘",0,13,-13
"18049","6180橘子","110/07/14","國票-九鼎",13,0,13
"18050","6180橘子","110/07/14","第一金-中山",0,10,-10
"18051","6180橘子","110/07/14","日盛-木柵",12,0,12
"18052","6180橘子","110/07/14","元大-彰化民生",0,10,-10
"18053","6180橘子","110/07/14","元大-成功",10,0,10
"18054","6180橘子","110/07/14","福勝",1,10,-9
"18055","6180橘子","110/07/14","港商野村",10,2,8
"18056","6180橘子","110/07/14","群益金鼎-丹鳳",1,10,-9
"18057","6180橘子","110/07/14","玉山-左營",8,0,8
"18058","6180橘子","110/07/14","群益金鼎-板橋",0,8,-8
"18059","6180橘子","110/07/14","富邦-陽明",16,8,8
"18060","6180橘子","110/07/14","合庫-鳳山",0,7,-7
"18061","2390云辰","110/07/14","摩根大通",995,198,797
"18062","2390云辰","110/07/14","新加坡商瑞銀",28,399,-371
"18063","2390云辰","110/07/14","美林",383,22,361
"18064","2390云辰","110/07/14","凱基-新豐",3,198,-195
"18065","2390云辰","110/07/14","台灣摩根士丹利",684,358,326
"18066","2390云辰","110/07/14","元大-士林",1,152,-151
"18067","2390云辰","110/07/14","凱基-台北",656,402,254
"18068","2390云辰","110/07/14","元大-竹山",80,181,-101
"18069","2390云辰","110/07/14","日盛-和美",110,5,105
"18070","2390云辰","110/07/14","群益金鼎-開元",19,95,-76
"18071","2390云辰","110/07/14","元大-天母",72,0,72
"18072","2390云辰","110/07/14","新光",77,150,-73
"18073","2390云辰","110/07/14","永豐金-松山",57,0,57
"18074","2390云辰","110/07/14","元富-高雄",0,71,-71
"18075","2390云辰","110/07/14","統一-屏東",53,0,53
"18076","2390云辰","110/07/14","元大-土城學府",130,201,-71
"18077","2390云辰","110/07/14","港商野村",486,450,36
"18078","2390云辰","110/07/14","元大-善化",12,76,-64
"18079","2390云辰","110/07/14","致和-崇德",30,0,30
"18080","2390云辰","110/07/14","華南永昌-岡山",23,81,-58
"18081","2390云辰","110/07/14","富邦-台北",40,14,26
"18082","2390云辰","110/07/14","群益金鼎-大興",82,125,-43
"18083","2390云辰","110/07/14","台新-高雄",38,13,25
"18084","2390云辰","110/07/14","大慶-中壢",0,41,-41
"18085","2390云辰","110/07/14","富邦-板橋",32,7,25
"18086","2390云辰","110/07/14","玉山-板橋",6,47,-41
"18087","2390云辰","110/07/14","陽信-石牌",24,0,24
"18088","2390云辰","110/07/14","富邦-台東",2,42,-40
"18089","2390云辰","110/07/14","凱基-屏東",32,8,24
"18090","2390云辰","110/07/14","元大-新營",3,42,-39
"18091","2363矽統","110/07/14","台灣摩根士丹利",463,0,463
"18092","2363矽統","110/07/14","新加坡商瑞銀",568,1321,-753
"18093","2363矽統","110/07/14","台新證券",750,342,408
"18094","2363矽統","110/07/14","瑞士信貸",149,864,-715
"18095","2363矽統","110/07/14","玉山-台中",363,51,312
"18096","2363矽統","110/07/14","台新-屏東",115,380,-265
"18097","2363矽統","110/07/14","元大-斗六",223,25,198
"18098","2363矽統","110/07/14","永豐金證券",16,265,-249
"18099","2363矽統","110/07/14","華南永昌-朴子",208,38,170
"18100","2363矽統","110/07/14","美林",462,701,-239
"18101","2363矽統","110/07/14","元富-西松",169,12,157
"18102","2363矽統","110/07/14","宏遠-桃園",269,500,-231
"18103","2363矽統","110/07/14","永豐金-大園",146,6,140
"18104","2363矽統","110/07/14","凱基-竹北",36,254,-218
"18105","2363矽統","110/07/14","土銀-和平",134,0,134
"18106","2363矽統","110/07/14","港商法國興業",0,214,-214
"18107","2363矽統","110/07/14","富邦-新營",130,13,117
"18108","2363矽統","110/07/14","港商野村",835,1044,-209
"18109","2363矽統","110/07/14","元富-成功",118,11,107
"18110","2363矽統","110/07/14","北城證券",212,411,-199
"18111","2363矽統","110/07/14","元富-烏日",121,18,103
"18112","2363矽統","110/07/14","(牛牛牛)亞-鑫豐",51,241,-190
"18113","2363矽統","110/07/14","日盛-二林",120,18,102
"18114","2363矽統","110/07/14","國票-博愛",24,213,-189
"18115","2363矽統","110/07/14","兆豐-忠孝",98,2,96
"18116","2363矽統","110/07/14","大慶-蘆洲",134,316,-182
"18117","2363矽統","110/07/14","大慶-楊梅",92,3,89
"18118","2363矽統","110/07/14","彰銀-台中",15,193,-178
"18119","2363矽統","110/07/14","元富-三重",120,33,87
"18120","2363矽統","110/07/14","日盛-和美",18,185,-167
"18121","8112至上","110/07/14","新加坡商瑞銀",223,17,206
"18122","8112至上","110/07/14","瑞士信貸",8,170,-162
"18123","8112至上","110/07/14","摩根大通",285,129,156
"18124","8112至上","110/07/14","美林",55,202,-147
"18125","8112至上","110/07/14","花旗環球",124,0,124
"18126","8112至上","110/07/14","凱基-台北",325,436,-111
"18127","8112至上","110/07/14","兆豐-公益",117,4,113
"18128","8112至上","110/07/14","台中銀-台北",0,98,-98
"18129","8112至上","110/07/14","香港上海匯豐",111,0,111
"18130","8112至上","110/07/14","玉山-台大",17,107,-90
"18131","8112至上","110/07/14","永豐金-內湖",117,21,96
"18132","8112至上","110/07/14","康和-內湖",1,90,-89
"18133","8112至上","110/07/14","台灣摩根士丹利",108,16,92
"18134","8112至上","110/07/14","港商野村",21,84,-63
"18135","8112至上","110/07/14","元大-東蘆",77,0,77
"18136","8112至上","110/07/14","兆豐-北高雄",1,60,-59
"18137","8112至上","110/07/14","新光",108,48,60
"18138","8112至上","110/07/14","群益金鼎-海山",1,52,-51
"18139","8112至上","110/07/14","大慶-蘆洲",59,0,59
"18140","8112至上","110/07/14","群益金鼎-大安",0,50,-50
"18141","8112至上","110/07/14","華南永昌-台中",56,3,53
"18142","8112至上","110/07/14","富邦-仁愛",2,49,-47
"18143","8112至上","110/07/14","土銀-嘉義",52,2,50
"18144","8112至上","110/07/14","元大-金華",0,42,-42
"18145","8112至上","110/07/14","美商高盛",40,0,40
"18146","8112至上","110/07/14","元大-內湖",4,43,-39
"18147","8112至上","110/07/14","臺銀",63,29,34
"18148","8112至上","110/07/14","第一金-華江",2,37,-35
"18149","8112至上","110/07/14","元富-嘉義",31,0,31
"18150","8112至上","110/07/14","永豐金-苓雅",2,34,-32
"18151","1570力肯","110/07/14","國票-北高雄",68,0,68
"18152","1570力肯","110/07/14","摩根大通",0,21,-21
"18153","1570力肯","110/07/14","日盛-八德",30,1,29
"18154","1570力肯","110/07/14","新光",1,19,-18
"18155","1570力肯","110/07/14","玉山-高雄",7,0,7
"18156","1570力肯","110/07/14","(牛牛牛)亞-鑫豐",0,17,-17
"18157","1570力肯","110/07/14","臺銀-臺南",5,0,5
"18158","1570力肯","110/07/14","日盛-士林",0,10,-10
"18159","1570力肯","110/07/14","凱基-三峽",5,0,5
"18160","1570力肯","110/07/14","統一-員林",0,10,-10
"18161","1570力肯","110/07/14","元大-和平",5,0,5
"18162","1570力肯","110/07/14","國票-新莊",0,10,-10
"18163","1570力肯","110/07/14","合庫-三重",4,0,4
"18164","1570力肯","110/07/14","凱基-高美館",0,10,-10
"18165","1570力肯","110/07/14","瑞士信貸",4,0,4
"18166","1570力肯","110/07/14","元大-屏東民生",0,5,-5
"18167","1570力肯","110/07/14","統一-三多",4,0,4
"18168","1570力肯","110/07/14","元大-古亭",0,5,-5
"18169","1570力肯","110/07/14","華南永昌-古亭",4,0,4
"18170","1570力肯","110/07/14","日盛-木柵",0,4,-4
"18171","1570力肯","110/07/14","元大-高雄",3,0,3
"18172","1570力肯","110/07/14","大昌",0,4,-4
"18173","1570力肯","110/07/14","兆豐-忠孝",2,0,2
"18174","1570力肯","110/07/14","群益金鼎-東大",0,4,-4
"18175","1570力肯","110/07/14","富邦-陽明",2,0,2
"18176","1570力肯","110/07/14","凱基-台北",0,4,-4
"18177","1570力肯","110/07/14","元大-松山",2,0,2
"18178","1570力肯","110/07/14","元大-板橋",0,4,-4
"18179","1570力肯","110/07/14","元大-忠孝",2,0,2
"18180","1570力肯","110/07/14","第一金-中山",0,3,-3
"18181","2929淘帝","110/07/14","華南永昌-林口",60,0,60
"18182","2929淘帝","110/07/14","群益金鼎",25,540,-515
"18183","2929淘帝","110/07/14","美林",87,31,56
"18184","2929淘帝","110/07/14","國泰-台南",1,30,-29
"18185","2929淘帝","110/07/14","元富-台南",40,0,40
"18186","2929淘帝","110/07/14","宏遠-桃園",0,20,-20
"18187","2929淘帝","110/07/14","元大-民生",39,0,39
"18188","2929淘帝","110/07/14","摩根大通",11,31,-20
"18189","2929淘帝","110/07/14","臺銀-鳳山",34,0,34
"18190","2929淘帝","110/07/14","台新-建北",5,20,-15
"18191","2929淘帝","110/07/14","合庫-高雄",34,1,33
"18192","2929淘帝","110/07/14","新光",1,16,-15
"18193","2929淘帝","110/07/14","華南永昌-鶯歌",28,0,28
"18194","2929淘帝","110/07/14","玉山-板橋",0,15,-15
"18195","2929淘帝","110/07/14","永興",25,0,25
"18196","2929淘帝","110/07/14","凱基-羅東",0,15,-15
"18197","2929淘帝","110/07/14","元大-新盛",25,1,24
"18198","2929淘帝","110/07/14","元大-頭份",0,15,-15
"18199","2929淘帝","110/07/14","日盛-南京",23,0,23
"18200","2929淘帝","110/07/14","第一金-台南",0,13,-13
"18201","2929淘帝","110/07/14","日茂",20,0,20
"18202","2929淘帝","110/07/14","富邦-基隆",0,12,-12
"18203","2929淘帝","110/07/14","台新-台中",20,0,20
"18204","2929淘帝","110/07/14","日茂-南投",1,12,-11
"18205","2929淘帝","110/07/14","華南永昌",20,0,20
"18206","2929淘帝","110/07/14","元大-豐原站前",0,11,-11
"18207","2929淘帝","110/07/14","福勝",15,0,15
"18208","2929淘帝","110/07/14","玉山-士林",0,10,-10
"18209","2929淘帝","110/07/14","富邦-南屯",15,0,15
"18210","2929淘帝","110/07/14","富邦-台北",0,10,-10
"18211","5410國眾","110/07/14","兆豐-城中",35,0,35
"18212","5410國眾","110/07/14","瑞士信貸",0,29,-29
"18213","5410國眾","110/07/14","新光",21,1,20
"18214","5410國眾","110/07/14","國泰-板橋",1,30,-29
"18215","5410國眾","110/07/14","國泰-敦南",21,1,20
"18216","5410國眾","110/07/14","日盛-高雄",0,20,-20
"18217","5410國眾","110/07/14","國泰-台中",20,1,19
"18218","5410國眾","110/07/14","台新-左楠",1,20,-19
"18219","5410國眾","110/07/14","元大-崇德",19,0,19
"18220","5410國眾","110/07/14","元富-大昌",1,18,-17
"18221","5410國眾","110/07/14","土銀-士林",18,0,18
"18222","5410國眾","110/07/14","富邦-建國",0,15,-15
"18223","5410國眾","110/07/14","元大-新盛",20,2,18
"18224","5410國眾","110/07/14","元富-嘉義",0,12,-12
"18225","5410國眾","110/07/14","兆豐-高雄",15,0,15
"18226","5410國眾","110/07/14","永全-南崁",0,12,-12
"18227","5410國眾","110/07/14","宏遠-中和",10,0,10
"18228","5410國眾","110/07/14","元大-員林",0,11,-11
"18229","5410國眾","110/07/14","新光-桃園",10,0,10
"18230","5410國眾","110/07/14","高橋",0,10,-10
"18231","5410國眾","110/07/14","國泰-台南",10,0,10
"18232","5410國眾","110/07/14","永興",0,10,-10
"18233","5410國眾","110/07/14","元大-復北",10,0,10
"18234","5410國眾","110/07/14","華南永昌-三重",0,10,-10
"18235","5410國眾","110/07/14","元大-竹科",8,0,8
"18236","5410國眾","110/07/14","元大-苑裡",0,7,-7
"18237","5410國眾","110/07/14","台新-新營",6,0,6
"18238","5410國眾","110/07/14","港商野村",0,6,-6
"18239","5410國眾","110/07/14","日盛-士林",5,0,5
"18240","5410國眾","110/07/14","摩根大通",5,11,-6
"18241","2841台開","110/07/14","凱基-文心",73,0,73
"18242","2841台開","110/07/14","國泰-敦南",0,50,-50
"18243","2841台開","110/07/14","元富-潮州",30,0,30
"18244","2841台開","110/07/14","凱基-中壢",0,40,-40
"18245","2841台開","110/07/14","第一金-台中",20,0,20
"18246","2841台開","110/07/14","統一-新竹",0,24,-24
"18247","2841台開","110/07/14","華南永昌-新莊",20,0,20
"18248","2841台開","110/07/14","元富-草屯",0,20,-20
"18249","2841台開","110/07/14","永豐金-豐原",20,0,20
"18250","2841台開","110/07/14","台新-台南",0,20,-20
"18251","2841台開","110/07/14","國泰-館前",15,0,15
"18252","2841台開","110/07/14","永豐金-敦南",45,63,-18
"18253","2841台開","110/07/14","群益金鼎-基隆",12,0,12
"18254","2841台開","110/07/14","國票-北高雄",0,13,-13
"18255","2841台開","110/07/14","日盛-信義",10,0,10
"18256","2841台開","110/07/14","凱基-松山",0,10,-10
"18257","2841台開","110/07/14","台新-台中",10,0,10
"18258","2841台開","110/07/14","元大證券",0,10,-10
"18259","2841台開","110/07/14","新光",10,1,9
"18260","2841台開","110/07/14","元大-中壢",0,10,-10
"18261","2841台開","110/07/14","凱基-新店",8,0,8
"18262","2841台開","110/07/14","富邦-陽明",1,10,-9
"18263","2841台開","110/07/14","元大-斗信",7,0,7
"18264","2841台開","110/07/14","富邦-建國",0,9,-9
"18265","2841台開","110/07/14","元大-三重",6,0,6
"18266","2841台開","110/07/14","富邦-台南",0,8,-8
"18267","2841台開","110/07/14","永豐金-中和",6,0,6
"18268","2841台開","110/07/14","康和-澎湖",0,7,-7
"18269","2841台開","110/07/14","元富-成功",5,0,5
"18270","2841台開","110/07/14","日盛-斗六",0,6,-6
"18271","6207雷科","110/07/14","群益金鼎-台北",60,0,60
"18272","6207雷科","110/07/14","新加坡商瑞銀",10,56,-46
"18273","6207雷科","110/07/14","台新-高雄",43,3,40
"18274","6207雷科","110/07/14","國票-中和",0,41,-41
"18275","6207雷科","110/07/14","元大-高雄",19,0,19
"18276","6207雷科","110/07/14","元大-復北",0,33,-33
"18277","6207雷科","110/07/14","福勝",15,0,15
"18278","6207雷科","110/07/14","光和-和美",0,20,-20
"18279","6207雷科","110/07/14","群益金鼎-中山",15,0,15
"18280","6207雷科","110/07/14","群益金鼎-丹鳳",0,20,-20
"18281","6207雷科","110/07/14","元大-林園",15,0,15
"18282","6207雷科","110/07/14","第一金-路竹",0,10,-10
"18283","6207雷科","110/07/14","新光",12,0,12
"18284","6207雷科","110/07/14","元大-歸仁",0,10,-10
"18285","6207雷科","110/07/14","元大-大天母",10,0,10
"18286","6207雷科","110/07/14","宏遠-館前",0,9,-9
"18287","6207雷科","110/07/14","永豐金-忠孝",9,0,9
"18288","6207雷科","110/07/14","凱基-台北",12,20,-8
"18289","6207雷科","110/07/14","永豐金-新店",7,0,7
"18290","6207雷科","110/07/14","美林",0,7,-7
"18291","6207雷科","110/07/14","玉山-嘉義",6,0,6
"18292","6207雷科","110/07/14","摩根大通",16,23,-7
"18293","6207雷科","110/07/14","元大-屏東",6,0,6
"18294","6207雷科","110/07/14","凱基-高雄",1,7,-6
"18295","6207雷科","110/07/14","凱基-大安",5,0,5
"18296","6207雷科","110/07/14","台中銀-豐原",0,5,-5
"18297","6207雷科","110/07/14","富邦-台南",5,0,5
"18298","6207雷科","110/07/14","元大-新竹經國",0,5,-5
"18299","6207雷科","110/07/14","元大-成功",5,0,5
"18300","6207雷科","110/07/14","光和-田中",0,4,-4
"18301","3679新至陞","110/07/14","凱基-台北",31,6,25
"18302","3679新至陞","110/07/14","群益金鼎-東大",0,15,-15
"18303","3679新至陞","110/07/14","華南永昌-新莊",10,0,10
"18304","3679新至陞","110/07/14","瑞士信貸",0,12,-12
"18305","3679新至陞","110/07/14","新加坡商瑞銀",11,3,8
"18306","3679新至陞","110/07/14","群益金鼎-永和",0,10,-10
"18307","3679新至陞","110/07/14","美商高盛",6,0,6
"18308","3679新至陞","110/07/14","元大-成功",5,15,-10
"18309","3679新至陞","110/07/14","第一金-中壢",6,0,6
"18310","3679新至陞","110/07/14","統一-板橋",1,10,-9
"18311","3679新至陞","110/07/14","(牛牛牛)亞-網路",4,0,4
"18312","3679新至陞","110/07/14","玉山-左營",0,5,-5
"18313","3679新至陞","110/07/14","元大-六合",3,0,3
"18314","3679新至陞","110/07/14","群益金鼎-三民",0,4,-4
"18315","3679新至陞","110/07/14","合庫-自強",2,0,2
"18316","3679新至陞","110/07/14","富邦-宜蘭",0,4,-4
"18317","3679新至陞","110/07/14","高橋-內壢",2,0,2
"18318","3679新至陞","110/07/14","永豐金-苓雅",0,3,-3
"18319","3679新至陞","110/07/14","台中銀-員林",2,0,2
"18320","3679新至陞","110/07/14","摩根大通",5,7,-2
"18321","3679新至陞","110/07/14","凱基-高美館",2,0,2
"18322","3679新至陞","110/07/14","元大-板橋三民",0,2,-2
"18323","3679新至陞","110/07/14","元大-福營",2,0,2
"18324","3679新至陞","110/07/14","宏遠-中和",0,1,-1
"18325","3679新至陞","110/07/14","永豐金-松山",2,0,2
"18326","3679新至陞","110/07/14","元富-佳里",0,1,-1
"18327","3679新至陞","110/07/14","永豐金-萬盛",2,0,2
"18328","3679新至陞","110/07/14","(牛牛牛)亞-鑫豐",0,1,-1
"18329","3679新至陞","110/07/14","元富-松德",1,0,1
"18330","3679新至陞","110/07/14","中國信託-中壢",0,1,-1
"18331","2727王品","110/07/14","富邦-左營",102,1,101
"18332","2727王品","110/07/14","統一-城中",100,234,-134
"18333","2727王品","110/07/14","國泰-板橋",105,11,94
"18334","2727王品","110/07/14","富邦-台北",1,125,-124
"18335","2727王品","110/07/14","港商野村",149,72,77
"18336","2727王品","110/07/14","台灣摩根士丹利",1,48,-47
"18337","2727王品","110/07/14","合庫-台中",66,2,64
"18338","2727王品","110/07/14","國票-新莊",0,40,-40
"18339","2727王品","110/07/14","臺銀-金山",63,8,55
"18340","2727王品","110/07/14","永豐金-忠孝",2,39,-37
"18341","2727王品","110/07/14","摩根大通",83,39,44
"18342","2727王品","110/07/14","富邦-彰化",1,34,-33
"18343","2727王品","110/07/14","凱基-台北",84,42,42
"18344","2727王品","110/07/14","康和-高雄",0,30,-30
"18345","2727王品","110/07/14","土銀-台中",35,1,34
"18346","2727王品","110/07/14","安泰",0,26,-26
"18347","2727王品","110/07/14","華南永昌-麻豆",32,1,31
"18348","2727王品","110/07/14","富邦-新竹華信",0,21,-21
"18349","2727王品","110/07/14","元大證券",85,55,30
"18350","2727王品","110/07/14","元大-南崁",1,22,-21
"18351","2727王品","110/07/14","新加坡商瑞銀",40,15,25
"18352","2727王品","110/07/14","彰銀-台中",0,18,-18
"18353","2727王品","110/07/14","日盛-八德",19,0,19
"18354","2727王品","110/07/14","元富-同大",2,20,-18
"18355","2727王品","110/07/14","統一",35,17,18
"18356","2727王品","110/07/14","玉山-嘉義",1,17,-16
"18357","2727王品","110/07/14","元富-大昌",18,1,17
"18358","2727王品","110/07/14","國泰-館前",4,20,-16
"18359","2727王品","110/07/14","玉山-板橋",15,1,14
"18360","2727王品","110/07/14","第一金-嘉義",1,13,-12
"18361","1570力肯","110/07/14","國票-北高雄",68,0,68
"18362","1570力肯","110/07/14","摩根大通",0,21,-21
"18363","1570力肯","110/07/14","日盛-八德",30,1,29
"18364","1570力肯","110/07/14","新光",1,19,-18
"18365","1570力肯","110/07/14","玉山-高雄",7,0,7
"18366","1570力肯","110/07/14","(牛牛牛)亞-鑫豐",0,17,-17
"18367","1570力肯","110/07/14","臺銀-臺南",5,0,5
"18368","1570力肯","110/07/14","日盛-士林",0,10,-10
"18369","1570力肯","110/07/14","凱基-三峽",5,0,5
"18370","1570力肯","110/07/14","統一-員林",0,10,-10
"18371","1570力肯","110/07/14","元大-和平",5,0,5
"18372","1570力肯","110/07/14","國票-新莊",0,10,-10
"18373","1570力肯","110/07/14","合庫-三重",4,0,4
"18374","1570力肯","110/07/14","凱基-高美館",0,10,-10
"18375","1570力肯","110/07/14","瑞士信貸",4,0,4
"18376","1570力肯","110/07/14","元大-屏東民生",0,5,-5
"18377","1570力肯","110/07/14","統一-三多",4,0,4
"18378","1570力肯","110/07/14","元大-古亭",0,5,-5
"18379","1570力肯","110/07/14","華南永昌-古亭",4,0,4
"18380","1570力肯","110/07/14","日盛-木柵",0,4,-4
"18381","1570力肯","110/07/14","元大-高雄",3,0,3
"18382","1570力肯","110/07/14","大昌",0,4,-4
"18383","1570力肯","110/07/14","兆豐-忠孝",2,0,2
"18384","1570力肯","110/07/14","群益金鼎-東大",0,4,-4
"18385","1570力肯","110/07/14","富邦-陽明",2,0,2
"18386","1570力肯","110/07/14","凱基-台北",0,4,-4
"18387","1570力肯","110/07/14","元大-松山",2,0,2
"18388","1570力肯","110/07/14","元大-板橋",0,4,-4
"18389","1570力肯","110/07/14","元大-忠孝",2,0,2
"18390","1570力肯","110/07/14","第一金-中山",0,3,-3
"18391","6180橘子","110/07/14","新加坡商瑞銀",84,28,56
"18392","6180橘子","110/07/14","凱基-台北",4,37,-33
"18393","6180橘子","110/07/14","日盛-信義",29,1,28
"18394","6180橘子","110/07/14","玉山-台南",1,22,-21
"18395","6180橘子","110/07/14","豐農",28,4,24
"18396","6180橘子","110/07/14","日盛-新竹",1,21,-20
"18397","6180橘子","110/07/14","新光-新竹",24,1,23
"18398","6180橘子","110/07/14","元富-潮州",0,19,-19
"18399","6180橘子","110/07/14","華南永昌-高雄",20,0,20
"18400","6180橘子","110/07/14","元大-信義",0,17,-17
"18401","6180橘子","110/07/14","元大-羅東",20,0,20
"18402","6180橘子","110/07/14","台灣企銀-台中",1,16,-15
"18403","6180橘子","110/07/14","元大-台中中港",20,0,20
"18404","6180橘子","110/07/14","元大-北港",0,15,-15
"18405","6180橘子","110/07/14","富邦-嘉義",24,5,19
"18406","6180橘子","110/07/14","富邦-高雄",0,14,-14
"18407","6180橘子","110/07/14","富邦-仁愛",15,0,15
"18408","6180橘子","110/07/14","兆豐-埔墘",0,13,-13
"18409","6180橘子","110/07/14","國票-九鼎",13,0,13
"18410","6180橘子","110/07/14","第一金-中山",0,10,-10
"18411","6180橘子","110/07/14","日盛-木柵",12,0,12
"18412","6180橘子","110/07/14","元大-彰化民生",0,10,-10
"18413","6180橘子","110/07/14","元大-成功",10,0,10
"18414","6180橘子","110/07/14","福勝",1,10,-9
"18415","6180橘子","110/07/14","港商野村",10,2,8
"18416","6180橘子","110/07/14","群益金鼎-丹鳳",1,10,-9
"18417","6180橘子","110/07/14","玉山-左營",8,0,8
"18418","6180橘子","110/07/14","群益金鼎-板橋",0,8,-8
"18419","6180橘子","110/07/14","富邦-陽明",16,8,8
"18420","6180橘子","110/07/14","合庫-鳳山",0,7,-7
"18421","2390云辰","110/07/14","摩根大通",995,198,797
"18422","2390云辰","110/07/14","新加坡商瑞銀",28,399,-371
"18423","2390云辰","110/07/14","美林",383,22,361
"18424","2390云辰","110/07/14","凱基-新豐",3,198,-195
"18425","2390云辰","110/07/14","台灣摩根士丹利",684,358,326
"18426","2390云辰","110/07/14","元大-士林",1,152,-151
"18427","2390云辰","110/07/14","凱基-台北",656,402,254
"18428","2390云辰","110/07/14","元大-竹山",80,181,-101
"18429","2390云辰","110/07/14","日盛-和美",110,5,105
"18430","2390云辰","110/07/14","群益金鼎-開元",19,95,-76
"18431","2390云辰","110/07/14","元大-天母",72,0,72
"18432","2390云辰","110/07/14","新光",77,150,-73
"18433","2390云辰","110/07/14","永豐金-松山",57,0,57
"18434","2390云辰","110/07/14","元富-高雄",0,71,-71
"18435","2390云辰","110/07/14","統一-屏東",53,0,53
"18436","2390云辰","110/07/14","元大-土城學府",130,201,-71
"18437","2390云辰","110/07/14","港商野村",486,450,36
"18438","2390云辰","110/07/14","元大-善化",12,76,-64
"18439","2390云辰","110/07/14","致和-崇德",30,0,30
"18440","2390云辰","110/07/14","華南永昌-岡山",23,81,-58
"18441","2390云辰","110/07/14","富邦-台北",40,14,26
"18442","2390云辰","110/07/14","群益金鼎-大興",82,125,-43
"18443","2390云辰","110/07/14","台新-高雄",38,13,25
"18444","2390云辰","110/07/14","大慶-中壢",0,41,-41
"18445","2390云辰","110/07/14","富邦-板橋",32,7,25
"18446","2390云辰","110/07/14","玉山-板橋",6,47,-41
"18447","2390云辰","110/07/14","陽信-石牌",24,0,24
"18448","2390云辰","110/07/14","富邦-台東",2,42,-40
"18449","2390云辰","110/07/14","凱基-屏東",32,8,24
"18450","2390云辰","110/07/14","元大-新營",3,42,-39
"18451","2363矽統","110/07/14","台灣摩根士丹利",463,0,463
"18452","2363矽統","110/07/14","新加坡商瑞銀",568,1321,-753
"18453","2363矽統","110/07/14","台新證券",750,342,408
"18454","2363矽統","110/07/14","瑞士信貸",149,864,-715
"18455","2363矽統","110/07/14","玉山-台中",363,51,312
"18456","2363矽統","110/07/14","台新-屏東",115,380,-265
"18457","2363矽統","110/07/14","元大-斗六",223,25,198
"18458","2363矽統","110/07/14","永豐金證券",16,265,-249
"18459","2363矽統","110/07/14","華南永昌-朴子",208,38,170
"18460","2363矽統","110/07/14","美林",462,701,-239
"18461","2363矽統","110/07/14","元富-西松",169,12,157
"18462","2363矽統","110/07/14","宏遠-桃園",269,500,-231
"18463","2363矽統","110/07/14","永豐金-大園",146,6,140
"18464","2363矽統","110/07/14","凱基-竹北",36,254,-218
"18465","2363矽統","110/07/14","土銀-和平",134,0,134
"18466","2363矽統","110/07/14","港商法國興業",0,214,-214
"18467","2363矽統","110/07/14","富邦-新營",130,13,117
"18468","2363矽統","110/07/14","港商野村",835,1044,-209
"18469","2363矽統","110/07/14","元富-成功",118,11,107
"18470","2363矽統","110/07/14","北城證券",212,411,-199
"18471","2363矽統","110/07/14","元富-烏日",121,18,103
"18472","2363矽統","110/07/14","(牛牛牛)亞-鑫豐",51,241,-190
"18473","2363矽統","110/07/14","日盛-二林",120,18,102
"18474","2363矽統","110/07/14","國票-博愛",24,213,-189
"18475","2363矽統","110/07/14","兆豐-忠孝",98,2,96
"18476","2363矽統","110/07/14","大慶-蘆洲",134,316,-182
"18477","2363矽統","110/07/14","大慶-楊梅",92,3,89
"18478","2363矽統","110/07/14","彰銀-台中",15,193,-178
"18479","2363矽統","110/07/14","元富-三重",120,33,87
"18480","2363矽統","110/07/14","日盛-和美",18,185,-167
"18481","8112至上","110/07/14","新加坡商瑞銀",223,17,206
"18482","8112至上","110/07/14","瑞士信貸",8,170,-162
"18483","8112至上","110/07/14","摩根大通",285,129,156
"18484","8112至上","110/07/14","美林",55,202,-147
"18485","8112至上","110/07/14","花旗環球",124,0,124
"18486","8112至上","110/07/14","凱基-台北",325,436,-111
"18487","8112至上","110/07/14","兆豐-公益",117,4,113
"18488","8112至上","110/07/14","台中銀-台北",0,98,-98
"18489","8112至上","110/07/14","香港上海匯豐",111,0,111
"18490","8112至上","110/07/14","玉山-台大",17,107,-90
"18491","8112至上","110/07/14","永豐金-內湖",117,21,96
"18492","8112至上","110/07/14","康和-內湖",1,90,-89
"18493","8112至上","110/07/14","台灣摩根士丹利",108,16,92
"18494","8112至上","110/07/14","港商野村",21,84,-63
"18495","8112至上","110/07/14","元大-東蘆",77,0,77
"18496","8112至上","110/07/14","兆豐-北高雄",1,60,-59
"18497","8112至上","110/07/14","新光",108,48,60
"18498","8112至上","110/07/14","群益金鼎-海山",1,52,-51
"18499","8112至上","110/07/14","大慶-蘆洲",59,0,59
"18500","8112至上","110/07/14","群益金鼎-大安",0,50,-50
"18501","8112至上","110/07/14","華南永昌-台中",56,3,53
"18502","8112至上","110/07/14","富邦-仁愛",2,49,-47
"18503","8112至上","110/07/14","土銀-嘉義",52,2,50
"18504","8112至上","110/07/14","元大-金華",0,42,-42
"18505","8112至上","110/07/14","美商高盛",40,0,40
"18506","8112至上","110/07/14","元大-內湖",4,43,-39
"18507","8112至上","110/07/14","臺銀",63,29,34
"18508","8112至上","110/07/14","第一金-華江",2,37,-35
"18509","8112至上","110/07/14","元富-嘉義",31,0,31
"18510","8112至上","110/07/14","永豐金-苓雅",2,34,-32
"18511","1570力肯","110/07/14","國票-北高雄",68,0,68
"18512","1570力肯","110/07/14","摩根大通",0,21,-21
"18513","1570力肯","110/07/14","日盛-八德",30,1,29
"18514","1570力肯","110/07/14","新光",1,19,-18
"18515","1570力肯","110/07/14","玉山-高雄",7,0,7
"18516","1570力肯","110/07/14","(牛牛牛)亞-鑫豐",0,17,-17
"18517","1570力肯","110/07/14","臺銀-臺南",5,0,5
"18518","1570力肯","110/07/14","日盛-士林",0,10,-10
"18519","1570力肯","110/07/14","凱基-三峽",5,0,5
"18520","1570力肯","110/07/14","統一-員林",0,10,-10
"18521","1570力肯","110/07/14","元大-和平",5,0,5
"18522","1570力肯","110/07/14","國票-新莊",0,10,-10
"18523","1570力肯","110/07/14","合庫-三重",4,0,4
"18524","1570力肯","110/07/14","凱基-高美館",0,10,-10
"18525","1570力肯","110/07/14","瑞士信貸",4,0,4
"18526","1570力肯","110/07/14","元大-屏東民生",0,5,-5
"18527","1570力肯","110/07/14","統一-三多",4,0,4
"18528","1570力肯","110/07/14","元大-古亭",0,5,-5
"18529","1570力肯","110/07/14","華南永昌-古亭",4,0,4
"18530","1570力肯","110/07/14","日盛-木柵",0,4,-4
"18531","1570力肯","110/07/14","元大-高雄",3,0,3
"18532","1570力肯","110/07/14","大昌",0,4,-4
"18533","1570力肯","110/07/14","兆豐-忠孝",2,0,2
"18534","1570力肯","110/07/14","群益金鼎-東大",0,4,-4
"18535","1570力肯","110/07/14","富邦-陽明",2,0,2
"18536","1570力肯","110/07/14","凱基-台北",0,4,-4
"18537","1570力肯","110/07/14","元大-松山",2,0,2
"18538","1570力肯","110/07/14","元大-板橋",0,4,-4
"18539","1570力肯","110/07/14","元大-忠孝",2,0,2
"18540","1570力肯","110/07/14","第一金-中山",0,3,-3
"18541","2929淘帝","110/07/14","華南永昌-林口",60,0,60
"18542","2929淘帝","110/07/14","群益金鼎",25,540,-515
"18543","2929淘帝","110/07/14","美林",87,31,56
"18544","2929淘帝","110/07/14","國泰-台南",1,30,-29
"18545","2929淘帝","110/07/14","元富-台南",40,0,40
"18546","2929淘帝","110/07/14","宏遠-桃園",0,20,-20
"18547","2929淘帝","110/07/14","元大-民生",39,0,39
"18548","2929淘帝","110/07/14","摩根大通",11,31,-20
"18549","2929淘帝","110/07/14","臺銀-鳳山",34,0,34
"18550","2929淘帝","110/07/14","台新-建北",5,20,-15
"18551","2929淘帝","110/07/14","合庫-高雄",34,1,33
"18552","2929淘帝","110/07/14","新光",1,16,-15
"18553","2929淘帝","110/07/14","華南永昌-鶯歌",28,0,28
"18554","2929淘帝","110/07/14","玉山-板橋",0,15,-15
"18555","2929淘帝","110/07/14","永興",25,0,25
"18556","2929淘帝","110/07/14","凱基-羅東",0,15,-15
"18557","2929淘帝","110/07/14","元大-新盛",25,1,24
"18558","2929淘帝","110/07/14","元大-頭份",0,15,-15
"18559","2929淘帝","110/07/14","日盛-南京",23,0,23
"18560","2929淘帝","110/07/14","第一金-台南",0,13,-13
"18561","2929淘帝","110/07/14","日茂",20,0,20
"18562","2929淘帝","110/07/14","富邦-基隆",0,12,-12
"18563","2929淘帝","110/07/14","台新-台中",20,0,20
"18564","2929淘帝","110/07/14","日茂-南投",1,12,-11
"18565","2929淘帝","110/07/14","華南永昌",20,0,20
"18566","2929淘帝","110/07/14","元大-豐原站前",0,11,-11
"18567","2929淘帝","110/07/14","福勝",15,0,15
"18568","2929淘帝","110/07/14","玉山-士林",0,10,-10
"18569","2929淘帝","110/07/14","富邦-南屯",15,0,15
"18570","2929淘帝","110/07/14","富邦-台北",0,10,-10
"18571","5410國眾","110/07/14","兆豐-城中",35,0,35
"18572","5410國眾","110/07/14","瑞士信貸",0,29,-29
"18573","5410國眾","110/07/14","新光",21,1,20
"18574","5410國眾","110/07/14","國泰-板橋",1,30,-29
"18575","5410國眾","110/07/14","國泰-敦南",21,1,20
"18576","5410國眾","110/07/14","日盛-高雄",0,20,-20
"18577","5410國眾","110/07/14","國泰-台中",20,1,19
"18578","5410國眾","110/07/14","台新-左楠",1,20,-19
"18579","5410國眾","110/07/14","元大-崇德",19,0,19
"18580","5410國眾","110/07/14","元富-大昌",1,18,-17
"18581","5410國眾","110/07/14","土銀-士林",18,0,18
"18582","5410國眾","110/07/14","富邦-建國",0,15,-15
"18583","5410國眾","110/07/14","元大-新盛",20,2,18
"18584","5410國眾","110/07/14","元富-嘉義",0,12,-12
"18585","5410國眾","110/07/14","兆豐-高雄",15,0,15
"18586","5410國眾","110/07/14","永全-南崁",0,12,-12
"18587","5410國眾","110/07/14","宏遠-中和",10,0,10
"18588","5410國眾","110/07/14","元大-員林",0,11,-11
"18589","5410國眾","110/07/14","新光-桃園",10,0,10
"18590","5410國眾","110/07/14","高橋",0,10,-10
"18591","5410國眾","110/07/14","國泰-台南",10,0,10
"18592","5410國眾","110/07/14","永興",0,10,-10
"18593","5410國眾","110/07/14","元大-復北",10,0,10
"18594","5410國眾","110/07/14","華南永昌-三重",0,10,-10
"18595","5410國眾","110/07/14","元大-竹科",8,0,8
"18596","5410國眾","110/07/14","元大-苑裡",0,7,-7
"18597","5410國眾","110/07/14","台新-新營",6,0,6
"18598","5410國眾","110/07/14","港商野村",0,6,-6
"18599","5410國眾","110/07/14","日盛-士林",5,0,5
"18600","5410國眾","110/07/14","摩根大通",5,11,-6
"18601","2841台開","110/07/14","凱基-文心",73,0,73
"18602","2841台開","110/07/14","國泰-敦南",0,50,-50
"18603","2841台開","110/07/14","元富-潮州",30,0,30
"18604","2841台開","110/07/14","凱基-中壢",0,40,-40
"18605","2841台開","110/07/14","第一金-台中",20,0,20
"18606","2841台開","110/07/14","統一-新竹",0,24,-24
"18607","2841台開","110/07/14","華南永昌-新莊",20,0,20
"18608","2841台開","110/07/14","元富-草屯",0,20,-20
"18609","2841台開","110/07/14","永豐金-豐原",20,0,20
"18610","2841台開","110/07/14","台新-台南",0,20,-20
"18611","2841台開","110/07/14","國泰-館前",15,0,15
"18612","2841台開","110/07/14","永豐金-敦南",45,63,-18
"18613","2841台開","110/07/14","群益金鼎-基隆",12,0,12
"18614","2841台開","110/07/14","國票-北高雄",0,13,-13
"18615","2841台開","110/07/14","日盛-信義",10,0,10
"18616","2841台開","110/07/14","凱基-松山",0,10,-10
"18617","2841台開","110/07/14","台新-台中",10,0,10
"18618","2841台開","110/07/14","元大證券",0,10,-10
"18619","2841台開","110/07/14","新光",10,1,9
"18620","2841台開","110/07/14","元大-中壢",0,10,-10
"18621","2841台開","110/07/14","凱基-新店",8,0,8
"18622","2841台開","110/07/14","富邦-陽明",1,10,-9
"18623","2841台開","110/07/14","元大-斗信",7,0,7
"18624","2841台開","110/07/14","富邦-建國",0,9,-9
"18625","2841台開","110/07/14","元大-三重",6,0,6
"18626","2841台開","110/07/14","富邦-台南",0,8,-8
"18627","2841台開","110/07/14","永豐金-中和",6,0,6
"18628","2841台開","110/07/14","康和-澎湖",0,7,-7
"18629","2841台開","110/07/14","元富-成功",5,0,5
"18630","2841台開","110/07/14","日盛-斗六",0,6,-6
"18631","6207雷科","110/07/14","群益金鼎-台北",60,0,60
"18632","6207雷科","110/07/14","新加坡商瑞銀",10,56,-46
"18633","6207雷科","110/07/14","台新-高雄",43,3,40
"18634","6207雷科","110/07/14","國票-中和",0,41,-41
"18635","6207雷科","110/07/14","元大-高雄",19,0,19
"18636","6207雷科","110/07/14","元大-復北",0,33,-33
"18637","6207雷科","110/07/14","福勝",15,0,15
"18638","6207雷科","110/07/14","光和-和美",0,20,-20
"18639","6207雷科","110/07/14","群益金鼎-中山",15,0,15
"18640","6207雷科","110/07/14","群益金鼎-丹鳳",0,20,-20
"18641","6207雷科","110/07/14","元大-林園",15,0,15
"18642","6207雷科","110/07/14","第一金-路竹",0,10,-10
"18643","6207雷科","110/07/14","新光",12,0,12
"18644","6207雷科","110/07/14","元大-歸仁",0,10,-10
"18645","6207雷科","110/07/14","元大-大天母",10,0,10
"18646","6207雷科","110/07/14","宏遠-館前",0,9,-9
"18647","6207雷科","110/07/14","永豐金-忠孝",9,0,9
"18648","6207雷科","110/07/14","凱基-台北",12,20,-8
"18649","6207雷科","110/07/14","永豐金-新店",7,0,7
"18650","6207雷科","110/07/14","美林",0,7,-7
"18651","6207雷科","110/07/14","玉山-嘉義",6,0,6
"18652","6207雷科","110/07/14","摩根大通",16,23,-7
"18653","6207雷科","110/07/14","元大-屏東",6,0,6
"18654","6207雷科","110/07/14","凱基-高雄",1,7,-6
"18655","6207雷科","110/07/14","凱基-大安",5,0,5
"18656","6207雷科","110/07/14","台中銀-豐原",0,5,-5
"18657","6207雷科","110/07/14","富邦-台南",5,0,5
"18658","6207雷科","110/07/14","元大-新竹經國",0,5,-5
"18659","6207雷科","110/07/14","元大-成功",5,0,5
"18660","6207雷科","110/07/14","光和-田中",0,4,-4
"18661","3679新至陞","110/07/14","凱基-台北",31,6,25
"18662","3679新至陞","110/07/14","群益金鼎-東大",0,15,-15
"18663","3679新至陞","110/07/14","華南永昌-新莊",10,0,10
"18664","3679新至陞","110/07/14","瑞士信貸",0,12,-12
"18665","3679新至陞","110/07/14","新加坡商瑞銀",11,3,8
"18666","3679新至陞","110/07/14","群益金鼎-永和",0,10,-10
"18667","3679新至陞","110/07/14","美商高盛",6,0,6
"18668","3679新至陞","110/07/14","元大-成功",5,15,-10
"18669","3679新至陞","110/07/14","第一金-中壢",6,0,6
"18670","3679新至陞","110/07/14","統一-板橋",1,10,-9
"18671","3679新至陞","110/07/14","(牛牛牛)亞-網路",4,0,4
"18672","3679新至陞","110/07/14","玉山-左營",0,5,-5
"18673","3679新至陞","110/07/14","元大-六合",3,0,3
"18674","3679新至陞","110/07/14","群益金鼎-三民",0,4,-4
"18675","3679新至陞","110/07/14","合庫-自強",2,0,2
"18676","3679新至陞","110/07/14","富邦-宜蘭",0,4,-4
"18677","3679新至陞","110/07/14","高橋-內壢",2,0,2
"18678","3679新至陞","110/07/14","永豐金-苓雅",0,3,-3
"18679","3679新至陞","110/07/14","台中銀-員林",2,0,2
"18680","3679新至陞","110/07/14","摩根大通",5,7,-2
"18681","3679新至陞","110/07/14","凱基-高美館",2,0,2
"18682","3679新至陞","110/07/14","元大-板橋三民",0,2,-2
"18683","3679新至陞","110/07/14","元大-福營",2,0,2
"18684","3679新至陞","110/07/14","宏遠-中和",0,1,-1
"18685","3679新至陞","110/07/14","永豐金-松山",2,0,2
"18686","3679新至陞","110/07/14","元富-佳里",0,1,-1
"18687","3679新至陞","110/07/14","永豐金-萬盛",2,0,2
"18688","3679新至陞","110/07/14","(牛牛牛)亞-鑫豐",0,1,-1
"18689","3679新至陞","110/07/14","元富-松德",1,0,1
"18690","3679新至陞","110/07/14","中國信託-中壢",0,1,-1
"18691","2727王品","110/07/14","富邦-左營",102,1,101
"18692","2727王品","110/07/14","統一-城中",100,234,-134
"18693","2727王品","110/07/14","國泰-板橋",105,11,94
"18694","2727王品","110/07/14","富邦-台北",1,125,-124
"18695","2727王品","110/07/14","港商野村",149,72,77
"18696","2727王品","110/07/14","台灣摩根士丹利",1,48,-47
"18697","2727王品","110/07/14","合庫-台中",66,2,64
"18698","2727王品","110/07/14","國票-新莊",0,40,-40
"18699","2727王品","110/07/14","臺銀-金山",63,8,55
"18700","2727王品","110/07/14","永豐金-忠孝",2,39,-37
"18701","2727王品","110/07/14","摩根大通",83,39,44
"18702","2727王品","110/07/14","富邦-彰化",1,34,-33
"18703","2727王品","110/07/14","凱基-台北",84,42,42
"18704","2727王品","110/07/14","康和-高雄",0,30,-30
"18705","2727王品","110/07/14","土銀-台中",35,1,34
"18706","2727王品","110/07/14","安泰",0,26,-26
"18707","2727王品","110/07/14","華南永昌-麻豆",32,1,31
"18708","2727王品","110/07/14","富邦-新竹華信",0,21,-21
"18709","2727王品","110/07/14","元大證券",85,55,30
"18710","2727王品","110/07/14","元大-南崁",1,22,-21
"18711","2727王品","110/07/14","新加坡商瑞銀",40,15,25
"18712","2727王品","110/07/14","彰銀-台中",0,18,-18
"18713","2727王品","110/07/14","日盛-八德",19,0,19
"18714","2727王品","110/07/14","元富-同大",2,20,-18
"18715","2727王品","110/07/14","統一",35,17,18
"18716","2727王品","110/07/14","玉山-嘉義",1,17,-16
"18717","2727王品","110/07/14","元富-大昌",18,1,17
"18718","2727王品","110/07/14","國泰-館前",4,20,-16
"18719","2727王品","110/07/14","玉山-板橋",15,1,14
"18720","2727王品","110/07/14","第一金-嘉義",1,13,-12
"18721","1570力肯","110/07/14","國票-北高雄",68,0,68
"18722","1570力肯","110/07/14","摩根大通",0,21,-21
"18723","1570力肯","110/07/14","日盛-八德",30,1,29
"18724","1570力肯","110/07/14","新光",1,19,-18
"18725","1570力肯","110/07/14","玉山-高雄",7,0,7
"18726","1570力肯","110/07/14","(牛牛牛)亞-鑫豐",0,17,-17
"18727","1570力肯","110/07/14","臺銀-臺南",5,0,5
"18728","1570力肯","110/07/14","日盛-士林",0,10,-10
"18729","1570力肯","110/07/14","凱基-三峽",5,0,5
"18730","1570力肯","110/07/14","統一-員林",0,10,-10
"18731","1570力肯","110/07/14","元大-和平",5,0,5
"18732","1570力肯","110/07/14","國票-新莊",0,10,-10
"18733","1570力肯","110/07/14","合庫-三重",4,0,4
"18734","1570力肯","110/07/14","凱基-高美館",0,10,-10
"18735","1570力肯","110/07/14","瑞士信貸",4,0,4
"18736","1570力肯","110/07/14","元大-屏東民生",0,5,-5
"18737","1570力肯","110/07/14","統一-三多",4,0,4
"18738","1570力肯","110/07/14","元大-古亭",0,5,-5
"18739","1570力肯","110/07/14","華南永昌-古亭",4,0,4
"18740","1570力肯","110/07/14","日盛-木柵",0,4,-4
"18741","1570力肯","110/07/14","元大-高雄",3,0,3
"18742","1570力肯","110/07/14","大昌",0,4,-4
"18743","1570力肯","110/07/14","兆豐-忠孝",2,0,2
"18744","1570力肯","110/07/14","群益金鼎-東大",0,4,-4
"18745","1570力肯","110/07/14","富邦-陽明",2,0,2
"18746","1570力肯","110/07/14","凱基-台北",0,4,-4
"18747","1570力肯","110/07/14","元大-松山",2,0,2
"18748","1570力肯","110/07/14","元大-板橋",0,4,-4
"18749","1570力肯","110/07/14","元大-忠孝",2,0,2
"18750","1570力肯","110/07/14","第一金-中山",0,3,-3
"18751","6180橘子","110/07/14","新加坡商瑞銀",84,28,56
"18752","6180橘子","110/07/14","凱基-台北",4,37,-33
"18753","6180橘子","110/07/14","日盛-信義",29,1,28
"18754","6180橘子","110/07/14","玉山-台南",1,22,-21
"18755","6180橘子","110/07/14","豐農",28,4,24
"18756","6180橘子","110/07/14","日盛-新竹",1,21,-20
"18757","6180橘子","110/07/14","新光-新竹",24,1,23
"18758","6180橘子","110/07/14","元富-潮州",0,19,-19
"18759","6180橘子","110/07/14","華南永昌-高雄",20,0,20
"18760","6180橘子","110/07/14","元大-信義",0,17,-17
"18761","6180橘子","110/07/14","元大-羅東",20,0,20
"18762","6180橘子","110/07/14","台灣企銀-台中",1,16,-15
"18763","6180橘子","110/07/14","元大-台中中港",20,0,20
"18764","6180橘子","110/07/14","元大-北港",0,15,-15
"18765","6180橘子","110/07/14","富邦-嘉義",24,5,19
"18766","6180橘子","110/07/14","富邦-高雄",0,14,-14
"18767","6180橘子","110/07/14","富邦-仁愛",15,0,15
"18768","6180橘子","110/07/14","兆豐-埔墘",0,13,-13
"18769","6180橘子","110/07/14","國票-九鼎",13,0,13
"18770","6180橘子","110/07/14","第一金-中山",0,10,-10
"18771","6180橘子","110/07/14","日盛-木柵",12,0,12
"18772","6180橘子","110/07/14","元大-彰化民生",0,10,-10
"18773","6180橘子","110/07/14","元大-成功",10,0,10
"18774","6180橘子","110/07/14","福勝",1,10,-9
"18775","6180橘子","110/07/14","港商野村",10,2,8
"18776","6180橘子","110/07/14","群益金鼎-丹鳳",1,10,-9
"18777","6180橘子","110/07/14","玉山-左營",8,0,8
"18778","6180橘子","110/07/14","群益金鼎-板橋",0,8,-8
"18779","6180橘子","110/07/14","富邦-陽明",16,8,8
"18780","6180橘子","110/07/14","合庫-鳳山",0,7,-7
"18781","2390云辰","110/07/14","摩根大通",995,198,797
"18782","2390云辰","110/07/14","新加坡商瑞銀",28,399,-371
"18783","2390云辰","110/07/14","美林",383,22,361
"18784","2390云辰","110/07/14","凱基-新豐",3,198,-195
"18785","2390云辰","110/07/14","台灣摩根士丹利",684,358,326
"18786","2390云辰","110/07/14","元大-士林",1,152,-151
"18787","2390云辰","110/07/14","凱基-台北",656,402,254
"18788","2390云辰","110/07/14","元大-竹山",80,181,-101
"18789","2390云辰","110/07/14","日盛-和美",110,5,105
"18790","2390云辰","110/07/14","群益金鼎-開元",19,95,-76
"18791","2390云辰","110/07/14","元大-天母",72,0,72
"18792","2390云辰","110/07/14","新光",77,150,-73
"18793","2390云辰","110/07/14","永豐金-松山",57,0,57
"18794","2390云辰","110/07/14","元富-高雄",0,71,-71
"18795","2390云辰","110/07/14","統一-屏東",53,0,53
"18796","2390云辰","110/07/14","元大-土城學府",130,201,-71
"18797","2390云辰","110/07/14","港商野村",486,450,36
"18798","2390云辰","110/07/14","元大-善化",12,76,-64
"18799","2390云辰","110/07/14","致和-崇德",30,0,30
"18800","2390云辰","110/07/14","華南永昌-岡山",23,81,-58
"18801","2390云辰","110/07/14","富邦-台北",40,14,26
"18802","2390云辰","110/07/14","群益金鼎-大興",82,125,-43
"18803","2390云辰","110/07/14","台新-高雄",38,13,25
"18804","2390云辰","110/07/14","大慶-中壢",0,41,-41
"18805","2390云辰","110/07/14","富邦-板橋",32,7,25
"18806","2390云辰","110/07/14","玉山-板橋",6,47,-41
"18807","2390云辰","110/07/14","陽信-石牌",24,0,24
"18808","2390云辰","110/07/14","富邦-台東",2,42,-40
"18809","2390云辰","110/07/14","凱基-屏東",32,8,24
"18810","2390云辰","110/07/14","元大-新營",3,42,-39
"18811","2363矽統","110/07/13","凱基-南崁",2133,63,2070
"18812","2363矽統","110/07/13","凱基-幸福",36,4048,-4012
"18813","2363矽統","110/07/13","國泰-敦南",2195,1617,578
"18814","2363矽統","110/07/13","統一",192,3325,-3133
"18815","2363矽統","110/07/13","中農",670,139,531
"18816","2363矽統","110/07/13","新加坡商瑞銀",1000,2747,-1747
"18817","2363矽統","110/07/13","康和-台中",638,154,484
"18818","2363矽統","110/07/13","凱基-台北",5359,6609,-1250
"18819","2363矽統","110/07/13","群益金鼎-三民",577,137,440
"18820","2363矽統","110/07/13","摩根大通",1930,2858,-928
"18821","2363矽統","110/07/13","台新-屏東",510,88,422
"18822","2363矽統","110/07/13","港商野村",960,1679,-719
"18823","2363矽統","110/07/13","德信-中正",455,67,388
"18824","2363矽統","110/07/13","兆豐-復興",25,705,-680
"18825","2363矽統","110/07/13","日盛-竹北",365,70,295
"18826","2363矽統","110/07/13","統一-仁愛",114,755,-641
"18827","2363矽統","110/07/13","元大-佳里",452,189,263
"18828","2363矽統","110/07/13","統一-敦南",29,638,-609
"18829","2363矽統","110/07/13","國票-博愛",296,38,258
"18830","2363矽統","110/07/13","統一-土城",100,704,-604
"18831","2363矽統","110/07/13","元大-萬華",340,95,245
"18832","2363矽統","110/07/13","統一-城中",116,676,-560
"18833","2363矽統","110/07/13","新光",1259,1031,228
"18834","2363矽統","110/07/13","永豐金證券",306,859,-553
"18835","2363矽統","110/07/13","元富-成功",323,96,227
"18836","2363矽統","110/07/13","元富",54,567,-513
"18837","2363矽統","110/07/13","豐農",228,23,205
"18838","2363矽統","110/07/13","瑞士信貸",202,666,-464
"18839","2363矽統","110/07/13","台灣企銀-岡山",186,4,182
"18840","2363矽統","110/07/13","永豐金-嘉義",67,468,-401
"18841","8112至上","110/07/13","摩根大通",688,296,392
"18842","8112至上","110/07/13","國票-中和",0,401,-401
"18843","8112至上","110/07/13","港商野村",344,145,199
"18844","8112至上","110/07/13","永豐金-板盛",0,205,-205
"18845","8112至上","110/07/13","兆豐-公益",195,5,190
"18846","8112至上","110/07/13","凱基-五股",43,155,-112
"18847","8112至上","110/07/13","台灣摩根士丹利",183,0,183
"18848","8112至上","110/07/13","凱基-市政",0,100,-100
"18849","8112至上","110/07/13","群益金鼎-敦南",153,2,151
"18850","8112至上","110/07/13","元大-大里德芳",1,92,-91
"18851","8112至上","110/07/13","臺銀-金山",146,26,120
"18852","8112至上","110/07/13","玉山-桃園",26,110,-84
"18853","8112至上","110/07/13","臺銀",133,19,114
"18854","8112至上","110/07/13","兆豐-天母",0,81,-81
"18855","8112至上","110/07/13","合庫-台中",115,6,109
"18856","8112至上","110/07/13","凱基-城中",3,84,-81
"18857","8112至上","110/07/13","亞東-板橋",134,26,108
"18858","8112至上","110/07/13","日盛-新莊",9,85,-76
"18859","8112至上","110/07/13","凱基-台北",414,326,88
"18860","8112至上","110/07/13","日盛-台中",2,64,-62
"18861","8112至上","110/07/13","新加坡商瑞銀",181,100,81
"18862","8112至上","110/07/13","日盛-中壢",3,64,-61
"18863","8112至上","110/07/13","國泰-敦南",108,31,77
"18864","8112至上","110/07/13","元大-台中",2,59,-57
"18865","8112至上","110/07/13","第一金-華江",77,4,73
"18866","8112至上","110/07/13","元大-雙和",7,64,-57
"18867","8112至上","110/07/13","永豐金-內湖",73,1,72
"18868","8112至上","110/07/13","元大-高雄",8,62,-54
"18869","8112至上","110/07/13","元大-永和",68,1,67
"18870","8112至上","110/07/13","元大-館前",2,55,-53
"18871","1570力肯","110/07/13","新光",115,11,104
"18872","1570力肯","110/07/13","元大-北三重",0,162,-162
"18873","1570力肯","110/07/13","群益金鼎-高雄",54,0,54
"18874","1570力肯","110/07/13","元大-大灣",0,25,-25
"18875","1570力肯","110/07/13","國票-新莊",22,0,22
"18876","1570力肯","110/07/13","永豐金-苓雅",0,22,-22
"18877","1570力肯","110/07/13","日盛-桃園",12,0,12
"18878","1570力肯","110/07/13","永豐金-永康",0,19,-19
"18879","1570力肯","110/07/13","元大-高雄",12,0,12
"18880","1570力肯","110/07/13","富邦-員林",0,15,-15
"18881","1570力肯","110/07/13","合庫-自強",11,0,11
"18882","1570力肯","110/07/13","凱基-台南",0,11,-11
"18883","1570力肯","110/07/13","摩根大通",26,15,11
"18884","1570力肯","110/07/13","日盛-竹北",0,10,-10
"18885","1570力肯","110/07/13","永豐金-中盛",11,0,11
"18886","1570力肯","110/07/13","國票-九鼎",0,10,-10
"18887","1570力肯","110/07/13","兆豐-台中港",10,0,10
"18888","1570力肯","110/07/13","凱基-桃園",0,10,-10
"18889","1570力肯","110/07/13","國泰-松江",9,0,9
"18890","1570力肯","110/07/13","凱基-新豐",0,10,-10
"18891","1570力肯","110/07/13","元大-新盛",9,0,9
"18892","1570力肯","110/07/13","元大-學甲",0,10,-10
"18893","1570力肯","110/07/13","元富-緯城",6,0,6
"18894","1570力肯","110/07/13","群益金鼎-東湖",1,10,-9
"18895","1570力肯","110/07/13","統一-三重",5,0,5
"18896","1570力肯","110/07/13","大昌",0,6,-6
"18897","1570力肯","110/07/13","元大-前金",5,0,5
"18898","1570力肯","110/07/13","元大-土城學府",0,6,-6
"18899","1570力肯","110/07/13","永豐金證券",5,0,5
"18900","1570力肯","110/07/13","統一",0,5,-5
"18901","2929淘帝","110/07/13","玉山-新竹",130,0,130
"18902","2929淘帝","110/07/13","美商高盛",0,177,-177
"18903","2929淘帝","110/07/13","臺銀-民權",60,0,60
"18904","2929淘帝","110/07/13","凱基-台北",6,80,-74
"18905","2929淘帝","110/07/13","新百王",31,0,31
"18906","2929淘帝","110/07/13","元富-大裕",0,49,-49
"18907","2929淘帝","110/07/13","日盛-園區",30,0,30
"18908","2929淘帝","110/07/13","國泰-館前",3,51,-48
"18909","2929淘帝","110/07/13","元大-南投",31,1,30
"18910","2929淘帝","110/07/13","凱基-中壢",0,41,-41
"18911","2929淘帝","110/07/13","兆豐-忠孝",28,0,28
"18912","2929淘帝","110/07/13","港商野村",21,55,-34
"18913","2929淘帝","110/07/13","元大-民生",28,0,28
"18914","2929淘帝","110/07/13","華南永昌-南京",2,34,-32
"18915","2929淘帝","110/07/13","合庫-高雄",27,0,27
"18916","2929淘帝","110/07/13","群益金鼎-土城",0,30,-30
"18917","2929淘帝","110/07/13","凱基-豐中",27,0,27
"18918","2929淘帝","110/07/13","富邦-南屯",0,22,-22
"18919","2929淘帝","110/07/13","新光",21,4,17
"18920","2929淘帝","110/07/13","第一金-豐原",0,20,-20
"18921","2929淘帝","110/07/13","元大-天母",17,0,17
"18922","2929淘帝","110/07/13","元大-屏南",6,26,-20
"18923","2929淘帝","110/07/13","永興",14,0,14
"18924","2929淘帝","110/07/13","永豐金-敦南",1,21,-20
"18925","2929淘帝","110/07/13","富邦-台北",12,0,12
"18926","2929淘帝","110/07/13","凱基-三重",2,21,-19
"18927","2929淘帝","110/07/13","元大-永和",12,0,12
"18928","2929淘帝","110/07/13","富邦-仁愛",7,25,-18
"18929","2929淘帝","110/07/13","國票-天祥",11,0,11
"18930","2929淘帝","110/07/13","元大-北投",0,16,-16
"18931","5410國眾","110/07/13","兆豐-城中",274,0,274
"18932","5410國眾","110/07/13","元富-嘉義",0,103,-103
"18933","5410國眾","110/07/13","新光",50,4,46
"18934","5410國眾","110/07/13","凱基-台北",0,50,-50
"18935","5410國眾","110/07/13","國泰-台中",26,0,26
"18936","5410國眾","110/07/13","瑞士信貸",0,31,-31
"18937","5410國眾","110/07/13","新加坡商瑞銀",22,0,22
"18938","5410國眾","110/07/13","台新-新莊",0,27,-27
"18939","5410國眾","110/07/13","光和-嘉義",20,0,20
"18940","5410國眾","110/07/13","元大-汐止",0,20,-20
"18941","5410國眾","110/07/13","凱基-竹北",17,0,17
"18942","5410國眾","110/07/13","亞東-新竹",0,17,-17
"18943","5410國眾","110/07/13","新光-桃園",15,0,15
"18944","5410國眾","110/07/13","元大-南勢角",0,13,-13
"18945","5410國眾","110/07/13","凱基-台東",14,0,14
"18946","5410國眾","110/07/13","台新-台南",0,12,-12
"18947","5410國眾","110/07/13","富邦-竹北",11,0,11
"18948","5410國眾","110/07/13","中國信託",0,11,-11
"18949","5410國眾","110/07/13","元富-同大",10,0,10
"18950","5410國眾","110/07/13","華南永昌",0,11,-11
"18951","5410國眾","110/07/13","國泰-敦南",24,15,9
"18952","5410國眾","110/07/13","臺銀-臺南",0,10,-10
"18953","5410國眾","110/07/13","日盛-內湖",7,0,7
"18954","5410國眾","110/07/13","台灣企銀-民雄",0,10,-10
"18955","5410國眾","110/07/13","台新-左楠",7,0,7
"18956","5410國眾","110/07/13","高橋",0,10,-10
"18957","5410國眾","110/07/13","元大-新盛",18,12,6
"18958","5410國眾","110/07/13","康和-嘉義",0,10,-10
"18959","5410國眾","110/07/13","統一",5,0,5
"18960","5410國眾","110/07/13","凱基-基隆",0,10,-10
"18961","2841台開","110/07/13","中國信託-高雄",251,50,201
"18962","2841台開","110/07/13","兆豐-公益",0,177,-177
"18963","2841台開","110/07/13","日盛證券",210,13,197
"18964","2841台開","110/07/13","日進",0,152,-152
"18965","2841台開","110/07/13","第一金-台中",55,0,55
"18966","2841台開","110/07/13","港商野村",0,109,-109
"18967","2841台開","110/07/13","國泰-板橋",46,0,46
"18968","2841台開","110/07/13","日盛-信義",0,103,-103
"18969","2841台開","110/07/13","國泰-館前",48,3,45
"18970","2841台開","110/07/13","國泰-敦南",11,75,-64
"18971","2841台開","110/07/13","華南永昌-新莊",45,0,45
"18972","2841台開","110/07/13","永興",0,50,-50
"18973","2841台開","110/07/13","日盛-園區",42,0,42
"18974","2841台開","110/07/13","永豐金-敦南",61,104,-43
"18975","2841台開","110/07/13","台新證券",32,0,32
"18976","2841台開","110/07/13","富邦-台南",0,42,-42
"18977","2841台開","110/07/13","台新-高雄",32,2,30
"18978","2841台開","110/07/13","國票-安和",0,30,-30
"18979","2841台開","110/07/13","豐農",23,0,23
"18980","2841台開","110/07/13","元大-桃園",0,25,-25
"18981","2841台開","110/07/13","合庫-嘉義",20,0,20
"18982","2841台開","110/07/13","新光",8,32,-24
"18983","2841台開","110/07/13","華南永昌-高雄",20,0,20
"18984","2841台開","110/07/13","元大-仁愛",0,24,-24
"18985","2841台開","110/07/13","元大-樹林",16,0,16
"18986","2841台開","110/07/13","日盛-中和",0,20,-20
"18987","2841台開","110/07/13","第一金-華江",15,2,13
"18988","2841台開","110/07/13","元富",0,20,-20
"18989","2841台開","110/07/13","美商高盛",12,0,12
"18990","2841台開","110/07/13","富邦-宜蘭",0,20,-20
"18991","6207雷科","110/07/13","元大-高雄",121,0,121
"18992","6207雷科","110/07/13","華南永昌-朴子",1,60,-59
"18993","6207雷科","110/07/13","第一金-新興",20,0,20
"18994","6207雷科","110/07/13","元大-南海",0,36,-36
"18995","6207雷科","110/07/13","元富-三重",20,0,20
"18996","6207雷科","110/07/13","凱基-土城",0,35,-35
"18997","6207雷科","110/07/13","元大-林園",15,0,15
"18998","6207雷科","110/07/13","台灣企銀",0,20,-20
"18999","6207雷科","110/07/13","元大-金華",16,1,15
"19000","6207雷科","110/07/13","群益金鼎-丹鳳",0,20,-20
"19001","6207雷科","110/07/13","日盛證券",10,0,10
"19002","6207雷科","110/07/13","元大-博愛",0,17,-17
"19003","6207雷科","110/07/13","統一-台中",10,0,10
"19004","6207雷科","110/07/13","元大-北港",0,13,-13
"19005","6207雷科","110/07/13","群益金鼎-土城",10,0,10
"19006","6207雷科","110/07/13","新加坡商瑞銀",0,12,-12
"19007","6207雷科","110/07/13","群益金鼎-桃園",10,0,10
"19008","6207雷科","110/07/13","凱基-台北",4,16,-12
"19009","6207雷科","110/07/13","永豐金-新莊",10,0,10
"19010","6207雷科","110/07/13","日茂-埔里",0,11,-11
"19011","6207雷科","110/07/13","永豐金-新店",10,0,10
"19012","6207雷科","110/07/13","元大-莒光",0,11,-11
"19013","6207雷科","110/07/13","元大證券",9,0,9
"19014","6207雷科","110/07/13","統一-新竹",0,10,-10
"19015","6207雷科","110/07/13","日盛-木柵",9,1,8
"19016","6207雷科","110/07/13","元大-西螺",0,10,-10
"19017","6207雷科","110/07/13","兆豐-來福",8,0,8
"19018","6207雷科","110/07/13","康和-台中",0,8,-8
"19019","6207雷科","110/07/13","新光",7,0,7
"19020","6207雷科","110/07/13","兆豐-高雄",0,6,-6
"19021","3679新至陞","110/07/13","永豐金證券",50,0,50
"19022","3679新至陞","110/07/13","摩根大通",2,25,-23
"19023","3679新至陞","110/07/13","國泰-桃園",22,0,22
"19024","3679新至陞","110/07/13","元大-成功",0,22,-22
"19025","3679新至陞","110/07/13","台中銀-員林",11,0,11
"19026","3679新至陞","110/07/13","富邦-板橋",1,19,-18
"19027","3679新至陞","110/07/13","元大-文心興安",8,0,8
"19028","3679新至陞","110/07/13","日盛-新莊",0,10,-10
"19029","3679新至陞","110/07/13","美商高盛",6,0,6
"19030","3679新至陞","110/07/13","台新-台中",0,10,-10
"19031","3679新至陞","110/07/13","台新-高雄",6,0,6
"19032","3679新至陞","110/07/13","永豐金-新竹",0,8,-8
"19033","3679新至陞","110/07/13","凱基-台北",18,12,6
"19034","3679新至陞","110/07/13","瑞士信貸",12,19,-7
"19035","3679新至陞","110/07/13","日盛-復興",5,0,5
"19036","3679新至陞","110/07/13","統一-南京",0,7,-7
"19037","3679新至陞","110/07/13","(牛牛牛)亞-鑫豐",4,0,4
"19038","3679新至陞","110/07/13","凱基-新莊",0,7,-7
"19039","3679新至陞","110/07/13","元富-大昌",3,0,3
"19040","3679新至陞","110/07/13","新加坡商瑞銀",0,6,-6
"19041","3679新至陞","110/07/13","富邦-台北",3,0,3
"19042","3679新至陞","110/07/13","合庫-自強",0,5,-5
"19043","3679新至陞","110/07/13","日盛-樹林",2,0,2
"19044","3679新至陞","110/07/13","富邦-桃園",0,5,-5
"19045","3679新至陞","110/07/13","宏遠-光隆",2,0,2
"19046","3679新至陞","110/07/13","永豐金-潮州",0,4,-4
"19047","3679新至陞","110/07/13","美林",3,1,2
"19048","3679新至陞","110/07/13","臺銀-臺南",0,3,-3
"19049","3679新至陞","110/07/13","第一金-中壢",2,0,2
"19050","3679新至陞","110/07/13","元大-六合",0,3,-3
"19051","2727王品","110/07/13","富邦-台北",43,3,40
"19052","2727王品","110/07/13","台灣摩根士丹利",15,97,-82
"19053","2727王品","110/07/13","元大-基隆孝二",40,0,40
"19054","2727王品","110/07/13","玉山-台南",5,57,-52
"19055","2727王品","110/07/13","國票-新莊",40,1,39
"19056","2727王品","110/07/13","新加坡商瑞銀",0,48,-48
"19057","2727王品","110/07/13","第一金-豐原",66,42,24
"19058","2727王品","110/07/13","凱基-台北",41,77,-36
"19059","2727王品","110/07/13","永豐金-大園",34,10,24
"19060","2727王品","110/07/13","永豐金-永康",0,22,-22
"19061","2727王品","110/07/13","元大-北屯",22,0,22
"19062","2727王品","110/07/13","統一-台中",2,22,-20
"19063","2727王品","110/07/13","元大-東蘆",26,7,19
"19064","2727王品","110/07/13","國泰-台中",21,39,-18
"19065","2727王品","110/07/13","永豐金-萬盛",13,1,12
"19066","2727王品","110/07/13","合庫-彰化",3,20,-17
"19067","2727王品","110/07/13","日盛-嘉義",11,0,11
"19068","2727王品","110/07/13","港商野村",13,30,-17
"19069","2727王品","110/07/13","日盛-八德",11,0,11
"19070","2727王品","110/07/13","元大-楊梅",1,16,-15
"19071","2727王品","110/07/13","統一-竹南",11,0,11
"19072","2727王品","110/07/13","凱基-高美館",2,15,-13
"19073","2727王品","110/07/13","日盛-士林",12,2,10
"19074","2727王品","110/07/13","美商高盛",2,14,-12
"19075","2727王品","110/07/13","統一-敦南",10,0,10
"19076","2727王品","110/07/13","統一-平鎮",1,13,-12
"19077","2727王品","110/07/13","中國信託",15,5,10
"19078","2727王品","110/07/13","兆豐-台中港",4,16,-12
"19079","2727王品","110/07/13","兆豐-竹北",13,3,10
"19080","2727王品","110/07/13","凱基-八德",1,13,-12
"19081","1570力肯","110/07/13","新光",115,11,104
"19082","1570力肯","110/07/13","元大-北三重",0,162,-162
"19083","1570力肯","110/07/13","群益金鼎-高雄",54,0,54
"19084","1570力肯","110/07/13","元大-大灣",0,25,-25
"19085","1570力肯","110/07/13","國票-新莊",22,0,22
"19086","1570力肯","110/07/13","永豐金-苓雅",0,22,-22
"19087","1570力肯","110/07/13","日盛-桃園",12,0,12
"19088","1570力肯","110/07/13","永豐金-永康",0,19,-19
"19089","1570力肯","110/07/13","元大-高雄",12,0,12
"19090","1570力肯","110/07/13","富邦-員林",0,15,-15
"19091","1570力肯","110/07/13","合庫-自強",11,0,11
"19092","1570力肯","110/07/13","凱基-台南",0,11,-11
"19093","1570力肯","110/07/13","摩根大通",26,15,11
"19094","1570力肯","110/07/13","日盛-竹北",0,10,-10
"19095","1570力肯","110/07/13","永豐金-中盛",11,0,11
"19096","1570力肯","110/07/13","國票-九鼎",0,10,-10
"19097","1570力肯","110/07/13","兆豐-台中港",10,0,10
"19098","1570力肯","110/07/13","凱基-桃園",0,10,-10
"19099","1570力肯","110/07/13","國泰-松江",9,0,9
"19100","1570力肯","110/07/13","凱基-新豐",0,10,-10
"19101","1570力肯","110/07/13","元大-新盛",9,0,9
"19102","1570力肯","110/07/13","元大-學甲",0,10,-10
"19103","1570力肯","110/07/13","元富-緯城",6,0,6
"19104","1570力肯","110/07/13","群益金鼎-東湖",1,10,-9
"19105","1570力肯","110/07/13","統一-三重",5,0,5
"19106","1570力肯","110/07/13","大昌",0,6,-6
"19107","1570力肯","110/07/13","元大-前金",5,0,5
"19108","1570力肯","110/07/13","元大-土城學府",0,6,-6
"19109","1570力肯","110/07/13","永豐金證券",5,0,5
"19110","1570力肯","110/07/13","統一",0,5,-5
"19111","6180橘子","110/07/13","摩根大通",119,0,119
"19112","6180橘子","110/07/13","元大-崇德",2,61,-59
"19113","6180橘子","110/07/13","美商高盛",96,0,96
"19114","6180橘子","110/07/13","康和-台中",0,51,-51
"19115","6180橘子","110/07/13","新加坡商瑞銀",86,7,79
"19116","6180橘子","110/07/13","康和-台北",0,50,-50
"19117","6180橘子","110/07/13","元大-和平",40,0,40
"19118","6180橘子","110/07/13","元富-潮州",0,40,-40
"19119","6180橘子","110/07/13","凱基-台北",83,47,36
"19120","6180橘子","110/07/13","日盛-永康",0,26,-26
"19121","6180橘子","110/07/13","美林",39,5,34
"19122","6180橘子","110/07/13","永豐金-中正",0,24,-24
"19123","6180橘子","110/07/13","富邦-新竹華信",31,2,29
"19124","6180橘子","110/07/13","國泰-板橋",2,25,-23
"19125","6180橘子","110/07/13","統一-南京",21,0,21
"19126","6180橘子","110/07/13","日盛-大墩",0,20,-20
"19127","6180橘子","110/07/13","富邦-陽明",24,3,21
"19128","6180橘子","110/07/13","元大-草屯",13,32,-19
"19129","6180橘子","110/07/13","大昌-樹林",21,1,20
"19130","6180橘子","110/07/13","元富-林園",1,18,-17
"19131","6180橘子","110/07/13","花旗環球",19,0,19
"19132","6180橘子","110/07/13","新光-新竹",1,18,-17
"19133","6180橘子","110/07/13","華南永昌-台南",19,0,19
"19134","6180橘子","110/07/13","元大-土城永寧",0,17,-17
"19135","6180橘子","110/07/13","福勝",14,0,14
"19136","6180橘子","110/07/13","國泰-新莊",3,19,-16
"19137","6180橘子","110/07/13","富邦-嘉義",12,1,11
"19138","6180橘子","110/07/13","中國信託-永康",6,21,-15
"19139","6180橘子","110/07/13","元大-板橋三民",11,0,11
"19140","6180橘子","110/07/13","凱基-東港",1,15,-14
"19141","2390云辰","110/07/13","新加坡商瑞銀",562,75,487
"19142","2390云辰","110/07/13","大展-台南",0,532,-532
"19143","2390云辰","110/07/13","台灣摩根士丹利",330,155,175
"19144","2390云辰","110/07/13","凱基-台北",668,854,-186
"19145","2390云辰","110/07/13","兆豐-公益",126,25,101
"19146","2390云辰","110/07/13","凱基-三重",12,172,-160
"19147","2390云辰","110/07/13","元富-中港",100,2,98
"19148","2390云辰","110/07/13","兆豐-忠孝",4,161,-157
"19149","2390云辰","110/07/13","統一-新台中",106,9,97
"19150","2390云辰","110/07/13","元大-士林",19,170,-151
"19151","2390云辰","110/07/13","中國信託-松江",81,11,70
"19152","2390云辰","110/07/13","臺銀-新竹",14,117,-103
"19153","2390云辰","110/07/13","日盛-板橋",72,3,69
"19154","2390云辰","110/07/13","國票-台中",4,102,-98
"19155","2390云辰","110/07/13","日盛-和美",57,0,57
"19156","2390云辰","110/07/13","新光",147,232,-85
"19157","2390云辰","110/07/13","永豐金-桃園",88,36,52
"19158","2390云辰","110/07/13","致和-崇德",2,70,-68
"19159","2390云辰","110/07/13","玉山-士林",54,4,50
"19160","2390云辰","110/07/13","群益金鼎-屏東",2,70,-68
"19161","2390云辰","110/07/13","富邦-仁愛",56,6,50
"19162","2390云辰","110/07/13","元大-大里",35,98,-63
"19163","2390云辰","110/07/13","第一金-豐原",50,1,49
"19164","2390云辰","110/07/13","元大-萬華",35,94,-59
"19165","2390云辰","110/07/13","摩根大通",502,453,49
"19166","2390云辰","110/07/13","元富-吉利",2,60,-58
"19167","2390云辰","110/07/13","凱基-松山",61,13,48
"19168","2390云辰","110/07/13","兆豐-新竹",3,53,-50
"19169","2390云辰","110/07/13","大昌",64,22,42
"19170","2390云辰","110/07/13","富邦-嘉義",65,108,-43
"19171","2363矽統","110/07/13","凱基-南崁",2133,63,2070
"19172","2363矽統","110/07/13","凱基-幸福",36,4048,-4012
"19173","2363矽統","110/07/13","國泰-敦南",2195,1617,578
"19174","2363矽統","110/07/13","統一",192,3325,-3133
"19175","2363矽統","110/07/13","中農",670,139,531
"19176","2363矽統","110/07/13","新加坡商瑞銀",1000,2747,-1747
"19177","2363矽統","110/07/13","康和-台中",638,154,484
"19178","2363矽統","110/07/13","凱基-台北",5359,6609,-1250
"19179","2363矽統","110/07/13","群益金鼎-三民",577,137,440
"19180","2363矽統","110/07/13","摩根大通",1930,2858,-928
"19181","2363矽統","110/07/13","台新-屏東",510,88,422
"19182","2363矽統","110/07/13","港商野村",960,1679,-719
"19183","2363矽統","110/07/13","德信-中正",455,67,388
"19184","2363矽統","110/07/13","兆豐-復興",25,705,-680
"19185","2363矽統","110/07/13","日盛-竹北",365,70,295
"19186","2363矽統","110/07/13","統一-仁愛",114,755,-641
"19187","2363矽統","110/07/13","元大-佳里",452,189,263
"19188","2363矽統","110/07/13","統一-敦南",29,638,-609
"19189","2363矽統","110/07/13","國票-博愛",296,38,258
"19190","2363矽統","110/07/13","統一-土城",100,704,-604
"19191","2363矽統","110/07/13","元大-萬華",340,95,245
"19192","2363矽統","110/07/13","統一-城中",116,676,-560
"19193","2363矽統","110/07/13","新光",1259,1031,228
"19194","2363矽統","110/07/13","永豐金證券",306,859,-553
"19195","2363矽統","110/07/13","元富-成功",323,96,227
"19196","2363矽統","110/07/13","元富",54,567,-513
"19197","2363矽統","110/07/13","豐農",228,23,205
"19198","2363矽統","110/07/13","瑞士信貸",202,666,-464
"19199","2363矽統","110/07/13","台灣企銀-岡山",186,4,182
"19200","2363矽統","110/07/13","永豐金-嘉義",67,468,-401
"19201","8112至上","110/07/13","摩根大通",688,296,392
"19202","8112至上","110/07/13","國票-中和",0,401,-401
"19203","8112至上","110/07/13","港商野村",344,145,199
"19204","8112至上","110/07/13","永豐金-板盛",0,205,-205
"19205","8112至上","110/07/13","兆豐-公益",195,5,190
"19206","8112至上","110/07/13","凱基-五股",43,155,-112
"19207","8112至上","110/07/13","台灣摩根士丹利",183,0,183
"19208","8112至上","110/07/13","凱基-市政",0,100,-100
"19209","8112至上","110/07/13","群益金鼎-敦南",153,2,151
"19210","8112至上","110/07/13","元大-大里德芳",1,92,-91
"19211","8112至上","110/07/13","臺銀-金山",146,26,120
"19212","8112至上","110/07/13","玉山-桃園",26,110,-84
"19213","8112至上","110/07/13","臺銀",133,19,114
"19214","8112至上","110/07/13","兆豐-天母",0,81,-81
"19215","8112至上","110/07/13","合庫-台中",115,6,109
"19216","8112至上","110/07/13","凱基-城中",3,84,-81
"19217","8112至上","110/07/13","亞東-板橋",134,26,108
"19218","8112至上","110/07/13","日盛-新莊",9,85,-76
"19219","8112至上","110/07/13","凱基-台北",414,326,88
"19220","8112至上","110/07/13","日盛-台中",2,64,-62
"19221","8112至上","110/07/13","新加坡商瑞銀",181,100,81
"19222","8112至上","110/07/13","日盛-中壢",3,64,-61
"19223","8112至上","110/07/13","國泰-敦南",108,31,77
"19224","8112至上","110/07/13","元大-台中",2,59,-57
"19225","8112至上","110/07/13","第一金-華江",77,4,73
"19226","8112至上","110/07/13","元大-雙和",7,64,-57
"19227","8112至上","110/07/13","永豐金-內湖",73,1,72
"19228","8112至上","110/07/13","元大-高雄",8,62,-54
"19229","8112至上","110/07/13","元大-永和",68,1,67
"19230","8112至上","110/07/13","元大-館前",2,55,-53
"19231","1570力肯","110/07/13","新光",115,11,104
"19232","1570力肯","110/07/13","元大-北三重",0,162,-162
"19233","1570力肯","110/07/13","群益金鼎-高雄",54,0,54
"19234","1570力肯","110/07/13","元大-大灣",0,25,-25
"19235","1570力肯","110/07/13","國票-新莊",22,0,22
"19236","1570力肯","110/07/13","永豐金-苓雅",0,22,-22
"19237","1570力肯","110/07/13","日盛-桃園",12,0,12
"19238","1570力肯","110/07/13","永豐金-永康",0,19,-19
"19239","1570力肯","110/07/13","元大-高雄",12,0,12
"19240","1570力肯","110/07/13","富邦-員林",0,15,-15
"19241","1570力肯","110/07/13","合庫-自強",11,0,11
"19242","1570力肯","110/07/13","凱基-台南",0,11,-11
"19243","1570力肯","110/07/13","摩根大通",26,15,11
"19244","1570力肯","110/07/13","日盛-竹北",0,10,-10
"19245","1570力肯","110/07/13","永豐金-中盛",11,0,11
"19246","1570力肯","110/07/13","國票-九鼎",0,10,-10
"19247","1570力肯","110/07/13","兆豐-台中港",10,0,10
"19248","1570力肯","110/07/13","凱基-桃園",0,10,-10
"19249","1570力肯","110/07/13","國泰-松江",9,0,9
"19250","1570力肯","110/07/13","凱基-新豐",0,10,-10
"19251","1570力肯","110/07/13","元大-新盛",9,0,9
"19252","1570力肯","110/07/13","元大-學甲",0,10,-10
"19253","1570力肯","110/07/13","元富-緯城",6,0,6
"19254","1570力肯","110/07/13","群益金鼎-東湖",1,10,-9
"19255","1570力肯","110/07/13","統一-三重",5,0,5
"19256","1570力肯","110/07/13","大昌",0,6,-6
"19257","1570力肯","110/07/13","元大-前金",5,0,5
"19258","1570力肯","110/07/13","元大-土城學府",0,6,-6
"19259","1570力肯","110/07/13","永豐金證券",5,0,5
"19260","1570力肯","110/07/13","統一",0,5,-5
"19261","2929淘帝","110/07/13","玉山-新竹",130,0,130
"19262","2929淘帝","110/07/13","美商高盛",0,177,-177
"19263","2929淘帝","110/07/13","臺銀-民權",60,0,60
"19264","2929淘帝","110/07/13","凱基-台北",6,80,-74
"19265","2929淘帝","110/07/13","新百王",31,0,31
"19266","2929淘帝","110/07/13","元富-大裕",0,49,-49
"19267","2929淘帝","110/07/13","日盛-園區",30,0,30
"19268","2929淘帝","110/07/13","國泰-館前",3,51,-48
"19269","2929淘帝","110/07/13","元大-南投",31,1,30
"19270","2929淘帝","110/07/13","凱基-中壢",0,41,-41
"19271","2929淘帝","110/07/13","兆豐-忠孝",28,0,28
"19272","2929淘帝","110/07/13","港商野村",21,55,-34
"19273","2929淘帝","110/07/13","元大-民生",28,0,28
"19274","2929淘帝","110/07/13","華南永昌-南京",2,34,-32
"19275","2929淘帝","110/07/13","合庫-高雄",27,0,27
"19276","2929淘帝","110/07/13","群益金鼎-土城",0,30,-30
"19277","2929淘帝","110/07/13","凱基-豐中",27,0,27
"19278","2929淘帝","110/07/13","富邦-南屯",0,22,-22
"19279","2929淘帝","110/07/13","新光",21,4,17
"19280","2929淘帝","110/07/13","第一金-豐原",0,20,-20
"19281","2929淘帝","110/07/13","元大-天母",17,0,17
"19282","2929淘帝","110/07/13","元大-屏南",6,26,-20
"19283","2929淘帝","110/07/13","永興",14,0,14
"19284","2929淘帝","110/07/13","永豐金-敦南",1,21,-20
"19285","2929淘帝","110/07/13","富邦-台北",12,0,12
"19286","2929淘帝","110/07/13","凱基-三重",2,21,-19
"19287","2929淘帝","110/07/13","元大-永和",12,0,12
"19288","2929淘帝","110/07/13","富邦-仁愛",7,25,-18
"19289","2929淘帝","110/07/13","國票-天祥",11,0,11
"19290","2929淘帝","110/07/13","元大-北投",0,16,-16
"19291","5410國眾","110/07/13","兆豐-城中",274,0,274
"19292","5410國眾","110/07/13","元富-嘉義",0,103,-103
"19293","5410國眾","110/07/13","新光",50,4,46
"19294","5410國眾","110/07/13","凱基-台北",0,50,-50
"19295","5410國眾","110/07/13","國泰-台中",26,0,26
"19296","5410國眾","110/07/13","瑞士信貸",0,31,-31
"19297","5410國眾","110/07/13","新加坡商瑞銀",22,0,22
"19298","5410國眾","110/07/13","台新-新莊",0,27,-27
"19299","5410國眾","110/07/13","光和-嘉義",20,0,20
"19300","5410國眾","110/07/13","元大-汐止",0,20,-20
"19301","5410國眾","110/07/13","凱基-竹北",17,0,17
"19302","5410國眾","110/07/13","亞東-新竹",0,17,-17
"19303","5410國眾","110/07/13","新光-桃園",15,0,15
"19304","5410國眾","110/07/13","元大-南勢角",0,13,-13
"19305","5410國眾","110/07/13","凱基-台東",14,0,14
"19306","5410國眾","110/07/13","台新-台南",0,12,-12
"19307","5410國眾","110/07/13","富邦-竹北",11,0,11
"19308","5410國眾","110/07/13","中國信託",0,11,-11
"19309","5410國眾","110/07/13","元富-同大",10,0,10
"19310","5410國眾","110/07/13","華南永昌",0,11,-11
"19311","5410國眾","110/07/13","國泰-敦南",24,15,9
"19312","5410國眾","110/07/13","臺銀-臺南",0,10,-10
"19313","5410國眾","110/07/13","日盛-內湖",7,0,7
"19314","5410國眾","110/07/13","台灣企銀-民雄",0,10,-10
"19315","5410國眾","110/07/13","台新-左楠",7,0,7
"19316","5410國眾","110/07/13","高橋",0,10,-10
"19317","5410國眾","110/07/13","元大-新盛",18,12,6
"19318","5410國眾","110/07/13","康和-嘉義",0,10,-10
"19319","5410國眾","110/07/13","統一",5,0,5
"19320","5410國眾","110/07/13","凱基-基隆",0,10,-10
"19321","2841台開","110/07/13","中國信託-高雄",251,50,201
"19322","2841台開","110/07/13","兆豐-公益",0,177,-177
"19323","2841台開","110/07/13","日盛證券",210,13,197
"19324","2841台開","110/07/13","日進",0,152,-152
"19325","2841台開","110/07/13","第一金-台中",55,0,55
"19326","2841台開","110/07/13","港商野村",0,109,-109
"19327","2841台開","110/07/13","國泰-板橋",46,0,46
"19328","2841台開","110/07/13","日盛-信義",0,103,-103
"19329","2841台開","110/07/13","國泰-館前",48,3,45
"19330","2841台開","110/07/13","國泰-敦南",11,75,-64
"19331","2841台開","110/07/13","華南永昌-新莊",45,0,45
"19332","2841台開","110/07/13","永興",0,50,-50
"19333","2841台開","110/07/13","日盛-園區",42,0,42
"19334","2841台開","110/07/13","永豐金-敦南",61,104,-43
"19335","2841台開","110/07/13","台新證券",32,0,32
"19336","2841台開","110/07/13","富邦-台南",0,42,-42
"19337","2841台開","110/07/13","台新-高雄",32,2,30
"19338","2841台開","110/07/13","國票-安和",0,30,-30
"19339","2841台開","110/07/13","豐農",23,0,23
"19340","2841台開","110/07/13","元大-桃園",0,25,-25
"19341","2841台開","110/07/13","合庫-嘉義",20,0,20
"19342","2841台開","110/07/13","新光",8,32,-24
"19343","2841台開","110/07/13","華南永昌-高雄",20,0,20
"19344","2841台開","110/07/13","元大-仁愛",0,24,-24
"19345","2841台開","110/07/13","元大-樹林",16,0,16
"19346","2841台開","110/07/13","日盛-中和",0,20,-20
"19347","2841台開","110/07/13","第一金-華江",15,2,13
"19348","2841台開","110/07/13","元富",0,20,-20
"19349","2841台開","110/07/13","美商高盛",12,0,12
"19350","2841台開","110/07/13","富邦-宜蘭",0,20,-20
"19351","6207雷科","110/07/13","元大-高雄",121,0,121
"19352","6207雷科","110/07/13","華南永昌-朴子",1,60,-59
"19353","6207雷科","110/07/13","第一金-新興",20,0,20
"19354","6207雷科","110/07/13","元大-南海",0,36,-36
"19355","6207雷科","110/07/13","元富-三重",20,0,20
"19356","6207雷科","110/07/13","凱基-土城",0,35,-35
"19357","6207雷科","110/07/13","元大-林園",15,0,15
"19358","6207雷科","110/07/13","台灣企銀",0,20,-20
"19359","6207雷科","110/07/13","元大-金華",16,1,15
"19360","6207雷科","110/07/13","群益金鼎-丹鳳",0,20,-20
"19361","6207雷科","110/07/13","日盛證券",10,0,10
"19362","6207雷科","110/07/13","元大-博愛",0,17,-17
"19363","6207雷科","110/07/13","統一-台中",10,0,10
"19364","6207雷科","110/07/13","元大-北港",0,13,-13
"19365","6207雷科","110/07/13","群益金鼎-土城",10,0,10
"19366","6207雷科","110/07/13","新加坡商瑞銀",0,12,-12
"19367","6207雷科","110/07/13","群益金鼎-桃園",10,0,10
"19368","6207雷科","110/07/13","凱基-台北",4,16,-12
"19369","6207雷科","110/07/13","永豐金-新莊",10,0,10
"19370","6207雷科","110/07/13","日茂-埔里",0,11,-11
"19371","6207雷科","110/07/13","永豐金-新店",10,0,10
"19372","6207雷科","110/07/13","元大-莒光",0,11,-11
"19373","6207雷科","110/07/13","元大證券",9,0,9
"19374","6207雷科","110/07/13","統一-新竹",0,10,-10
"19375","6207雷科","110/07/13","日盛-木柵",9,1,8
"19376","6207雷科","110/07/13","元大-西螺",0,10,-10
"19377","6207雷科","110/07/13","兆豐-來福",8,0,8
"19378","6207雷科","110/07/13","康和-台中",0,8,-8
"19379","6207雷科","110/07/13","新光",7,0,7
"19380","6207雷科","110/07/13","兆豐-高雄",0,6,-6
"19381","3679新至陞","110/07/13","永豐金證券",50,0,50
"19382","3679新至陞","110/07/13","摩根大通",2,25,-23
"19383","3679新至陞","110/07/13","國泰-桃園",22,0,22
"19384","3679新至陞","110/07/13","元大-成功",0,22,-22
"19385","3679新至陞","110/07/13","台中銀-員林",11,0,11
"19386","3679新至陞","110/07/13","富邦-板橋",1,19,-18
"19387","3679新至陞","110/07/13","元大-文心興安",8,0,8
"19388","3679新至陞","110/07/13","日盛-新莊",0,10,-10
"19389","3679新至陞","110/07/13","美商高盛",6,0,6
"19390","3679新至陞","110/07/13","台新-台中",0,10,-10
"19391","3679新至陞","110/07/13","台新-高雄",6,0,6
"19392","3679新至陞","110/07/13","永豐金-新竹",0,8,-8
"19393","3679新至陞","110/07/13","凱基-台北",18,12,6
"19394","3679新至陞","110/07/13","瑞士信貸",12,19,-7
"19395","3679新至陞","110/07/13","日盛-復興",5,0,5
"19396","3679新至陞","110/07/13","統一-南京",0,7,-7
"19397","3679新至陞","110/07/13","(牛牛牛)亞-鑫豐",4,0,4
"19398","3679新至陞","110/07/13","凱基-新莊",0,7,-7
"19399","3679新至陞","110/07/13","元富-大昌",3,0,3
"19400","3679新至陞","110/07/13","新加坡商瑞銀",0,6,-6
"19401","3679新至陞","110/07/13","富邦-台北",3,0,3
"19402","3679新至陞","110/07/13","合庫-自強",0,5,-5
"19403","3679新至陞","110/07/13","日盛-樹林",2,0,2
"19404","3679新至陞","110/07/13","富邦-桃園",0,5,-5
"19405","3679新至陞","110/07/13","宏遠-光隆",2,0,2
"19406","3679新至陞","110/07/13","永豐金-潮州",0,4,-4
"19407","3679新至陞","110/07/13","美林",3,1,2
"19408","3679新至陞","110/07/13","臺銀-臺南",0,3,-3
"19409","3679新至陞","110/07/13","第一金-中壢",2,0,2
"19410","3679新至陞","110/07/13","元大-六合",0,3,-3
"19411","2727王品","110/07/13","富邦-台北",43,3,40
"19412","2727王品","110/07/13","台灣摩根士丹利",15,97,-82
"19413","2727王品","110/07/13","元大-基隆孝二",40,0,40
"19414","2727王品","110/07/13","玉山-台南",5,57,-52
"19415","2727王品","110/07/13","國票-新莊",40,1,39
"19416","2727王品","110/07/13","新加坡商瑞銀",0,48,-48
"19417","2727王品","110/07/13","第一金-豐原",66,42,24
"19418","2727王品","110/07/13","凱基-台北",41,77,-36
"19419","2727王品","110/07/13","永豐金-大園",34,10,24
"19420","2727王品","110/07/13","永豐金-永康",0,22,-22
"19421","2727王品","110/07/13","元大-北屯",22,0,22
"19422","2727王品","110/07/13","統一-台中",2,22,-20
"19423","2727王品","110/07/13","元大-東蘆",26,7,19
"19424","2727王品","110/07/13","國泰-台中",21,39,-18
"19425","2727王品","110/07/13","永豐金-萬盛",13,1,12
"19426","2727王品","110/07/13","合庫-彰化",3,20,-17
"19427","2727王品","110/07/13","日盛-嘉義",11,0,11
"19428","2727王品","110/07/13","港商野村",13,30,-17
"19429","2727王品","110/07/13","日盛-八德",11,0,11
"19430","2727王品","110/07/13","元大-楊梅",1,16,-15
"19431","2727王品","110/07/13","統一-竹南",11,0,11
"19432","2727王品","110/07/13","凱基-高美館",2,15,-13
"19433","2727王品","110/07/13","日盛-士林",12,2,10
"19434","2727王品","110/07/13","美商高盛",2,14,-12
"19435","2727王品","110/07/13","統一-敦南",10,0,10
"19436","2727王品","110/07/13","統一-平鎮",1,13,-12
"19437","2727王品","110/07/13","中國信託",15,5,10
"19438","2727王品","110/07/13","兆豐-台中港",4,16,-12
"19439","2727王品","110/07/13","兆豐-竹北",13,3,10
"19440","2727王品","110/07/13","凱基-八德",1,13,-12
"19441","1570力肯","110/07/13","新光",115,11,104
"19442","1570力肯","110/07/13","元大-北三重",0,162,-162
"19443","1570力肯","110/07/13","群益金鼎-高雄",54,0,54
"19444","1570力肯","110/07/13","元大-大灣",0,25,-25
"19445","1570力肯","110/07/13","國票-新莊",22,0,22
"19446","1570力肯","110/07/13","永豐金-苓雅",0,22,-22
"19447","1570力肯","110/07/13","日盛-桃園",12,0,12
"19448","1570力肯","110/07/13","永豐金-永康",0,19,-19
"19449","1570力肯","110/07/13","元大-高雄",12,0,12
"19450","1570力肯","110/07/13","富邦-員林",0,15,-15
"19451","1570力肯","110/07/13","合庫-自強",11,0,11
"19452","1570力肯","110/07/13","凱基-台南",0,11,-11
"19453","1570力肯","110/07/13","摩根大通",26,15,11
"19454","1570力肯","110/07/13","日盛-竹北",0,10,-10
"19455","1570力肯","110/07/13","永豐金-中盛",11,0,11
"19456","1570力肯","110/07/13","國票-九鼎",0,10,-10
"19457","1570力肯","110/07/13","兆豐-台中港",10,0,10
"19458","1570力肯","110/07/13","凱基-桃園",0,10,-10
"19459","1570力肯","110/07/13","國泰-松江",9,0,9
"19460","1570力肯","110/07/13","凱基-新豐",0,10,-10
"19461","1570力肯","110/07/13","元大-新盛",9,0,9
"19462","1570力肯","110/07/13","元大-學甲",0,10,-10
"19463","1570力肯","110/07/13","元富-緯城",6,0,6
"19464","1570力肯","110/07/13","群益金鼎-東湖",1,10,-9
"19465","1570力肯","110/07/13","統一-三重",5,0,5
"19466","1570力肯","110/07/13","大昌",0,6,-6
"19467","1570力肯","110/07/13","元大-前金",5,0,5
"19468","1570力肯","110/07/13","元大-土城學府",0,6,-6
"19469","1570力肯","110/07/13","永豐金證券",5,0,5
"19470","1570力肯","110/07/13","統一",0,5,-5
"19471","6180橘子","110/07/13","摩根大通",119,0,119
"19472","6180橘子","110/07/13","元大-崇德",2,61,-59
"19473","6180橘子","110/07/13","美商高盛",96,0,96
"19474","6180橘子","110/07/13","康和-台中",0,51,-51
"19475","6180橘子","110/07/13","新加坡商瑞銀",86,7,79
"19476","6180橘子","110/07/13","康和-台北",0,50,-50
"19477","6180橘子","110/07/13","元大-和平",40,0,40
"19478","6180橘子","110/07/13","元富-潮州",0,40,-40
"19479","6180橘子","110/07/13","凱基-台北",83,47,36
"19480","6180橘子","110/07/13","日盛-永康",0,26,-26
"19481","6180橘子","110/07/13","美林",39,5,34
"19482","6180橘子","110/07/13","永豐金-中正",0,24,-24
"19483","6180橘子","110/07/13","富邦-新竹華信",31,2,29
"19484","6180橘子","110/07/13","國泰-板橋",2,25,-23
"19485","6180橘子","110/07/13","統一-南京",21,0,21
"19486","6180橘子","110/07/13","日盛-大墩",0,20,-20
"19487","6180橘子","110/07/13","富邦-陽明",24,3,21
"19488","6180橘子","110/07/13","元大-草屯",13,32,-19
"19489","6180橘子","110/07/13","大昌-樹林",21,1,20
"19490","6180橘子","110/07/13","元富-林園",1,18,-17
"19491","6180橘子","110/07/13","花旗環球",19,0,19
"19492","6180橘子","110/07/13","新光-新竹",1,18,-17
"19493","6180橘子","110/07/13","華南永昌-台南",19,0,19
"19494","6180橘子","110/07/13","元大-土城永寧",0,17,-17
"19495","6180橘子","110/07/13","福勝",14,0,14
"19496","6180橘子","110/07/13","國泰-新莊",3,19,-16
"19497","6180橘子","110/07/13","富邦-嘉義",12,1,11
"19498","6180橘子","110/07/13","中國信託-永康",6,21,-15
"19499","6180橘子","110/07/13","元大-板橋三民",11,0,11
"19500","6180橘子","110/07/13","凱基-東港",1,15,-14
"19501","2390云辰","110/07/13","新加坡商瑞銀",562,75,487
"19502","2390云辰","110/07/13","大展-台南",0,532,-532
"19503","2390云辰","110/07/13","台灣摩根士丹利",330,155,175
"19504","2390云辰","110/07/13","凱基-台北",668,854,-186
"19505","2390云辰","110/07/13","兆豐-公益",126,25,101
"19506","2390云辰","110/07/13","凱基-三重",12,172,-160
"19507","2390云辰","110/07/13","元富-中港",100,2,98
"19508","2390云辰","110/07/13","兆豐-忠孝",4,161,-157
"19509","2390云辰","110/07/13","統一-新台中",106,9,97
"19510","2390云辰","110/07/13","元大-士林",19,170,-151
"19511","2390云辰","110/07/13","中國信託-松江",81,11,70
"19512","2390云辰","110/07/13","臺銀-新竹",14,117,-103
"19513","2390云辰","110/07/13","日盛-板橋",72,3,69
"19514","2390云辰","110/07/13","國票-台中",4,102,-98
"19515","2390云辰","110/07/13","日盛-和美",57,0,57
"19516","2390云辰","110/07/13","新光",147,232,-85
"19517","2390云辰","110/07/13","永豐金-桃園",88,36,52
"19518","2390云辰","110/07/13","致和-崇德",2,70,-68
"19519","2390云辰","110/07/13","玉山-士林",54,4,50
"19520","2390云辰","110/07/13","群益金鼎-屏東",2,70,-68
"19521","2390云辰","110/07/13","富邦-仁愛",56,6,50
"19522","2390云辰","110/07/13","元大-大里",35,98,-63
"19523","2390云辰","110/07/13","第一金-豐原",50,1,49
"19524","2390云辰","110/07/13","元大-萬華",35,94,-59
"19525","2390云辰","110/07/13","摩根大通",502,453,49
"19526","2390云辰","110/07/13","元富-吉利",2,60,-58
"19527","2390云辰","110/07/13","凱基-松山",61,13,48
"19528","2390云辰","110/07/13","兆豐-新竹",3,53,-50
"19529","2390云辰","110/07/13","大昌",64,22,42
"19530","2390云辰","110/07/13","富邦-嘉義",65,108,-43
"19531","2363矽統","110/07/13","凱基-南崁",2133,63,2070
"19532","2363矽統","110/07/13","凱基-幸福",36,4048,-4012
"19533","2363矽統","110/07/13","國泰-敦南",2195,1617,578
"19534","2363矽統","110/07/13","統一",192,3325,-3133
"19535","2363矽統","110/07/13","中農",670,139,531
"19536","2363矽統","110/07/13","新加坡商瑞銀",1000,2747,-1747
"19537","2363矽統","110/07/13","康和-台中",638,154,484
"19538","2363矽統","110/07/13","凱基-台北",5359,6609,-1250
"19539","2363矽統","110/07/13","群益金鼎-三民",577,137,440
"19540","2363矽統","110/07/13","摩根大通",1930,2858,-928
"19541","2363矽統","110/07/13","台新-屏東",510,88,422
"19542","2363矽統","110/07/13","港商野村",960,1679,-719
"19543","2363矽統","110/07/13","德信-中正",455,67,388
"19544","2363矽統","110/07/13","兆豐-復興",25,705,-680
"19545","2363矽統","110/07/13","日盛-竹北",365,70,295
"19546","2363矽統","110/07/13","統一-仁愛",114,755,-641
"19547","2363矽統","110/07/13","元大-佳里",452,189,263
"19548","2363矽統","110/07/13","統一-敦南",29,638,-609
"19549","2363矽統","110/07/13","國票-博愛",296,38,258
"19550","2363矽統","110/07/13","統一-土城",100,704,-604
"19551","2363矽統","110/07/13","元大-萬華",340,95,245
"19552","2363矽統","110/07/13","統一-城中",116,676,-560
"19553","2363矽統","110/07/13","新光",1259,1031,228
"19554","2363矽統","110/07/13","永豐金證券",306,859,-553
"19555","2363矽統","110/07/13","元富-成功",323,96,227
"19556","2363矽統","110/07/13","元富",54,567,-513
"19557","2363矽統","110/07/13","豐農",228,23,205
"19558","2363矽統","110/07/13","瑞士信貸",202,666,-464
"19559","2363矽統","110/07/13","台灣企銀-岡山",186,4,182
"19560","2363矽統","110/07/13","永豐金-嘉義",67,468,-401
"19561","2363矽統","110/07/13","凱基-南崁",2133,63,2070
"19562","2363矽統","110/07/13","凱基-幸福",36,4048,-4012
"19563","2363矽統","110/07/13","國泰-敦南",2195,1617,578
"19564","2363矽統","110/07/13","統一",192,3325,-3133
"19565","2363矽統","110/07/13","中農",670,139,531
"19566","2363矽統","110/07/13","新加坡商瑞銀",1000,2747,-1747
"19567","2363矽統","110/07/13","康和-台中",638,154,484
"19568","2363矽統","110/07/13","凱基-台北",5359,6609,-1250
"19569","2363矽統","110/07/13","群益金鼎-三民",577,137,440
"19570","2363矽統","110/07/13","摩根大通",1930,2858,-928
"19571","2363矽統","110/07/13","台新-屏東",510,88,422
"19572","2363矽統","110/07/13","港商野村",960,1679,-719
"19573","2363矽統","110/07/13","德信-中正",455,67,388
"19574","2363矽統","110/07/13","兆豐-復興",25,705,-680
"19575","2363矽統","110/07/13","日盛-竹北",365,70,295
"19576","2363矽統","110/07/13","統一-仁愛",114,755,-641
"19577","2363矽統","110/07/13","元大-佳里",452,189,263
"19578","2363矽統","110/07/13","統一-敦南",29,638,-609
"19579","2363矽統","110/07/13","國票-博愛",296,38,258
"19580","2363矽統","110/07/13","統一-土城",100,704,-604
"19581","2363矽統","110/07/13","元大-萬華",340,95,245
"19582","2363矽統","110/07/13","統一-城中",116,676,-560
"19583","2363矽統","110/07/13","新光",1259,1031,228
"19584","2363矽統","110/07/13","永豐金證券",306,859,-553
"19585","2363矽統","110/07/13","元富-成功",323,96,227
"19586","2363矽統","110/07/13","元富",54,567,-513
"19587","2363矽統","110/07/13","豐農",228,23,205
"19588","2363矽統","110/07/13","瑞士信貸",202,666,-464
"19589","2363矽統","110/07/13","台灣企銀-岡山",186,4,182
"19590","2363矽統","110/07/13","永豐金-嘉義",67,468,-401
"19591","2363矽統","110/07/13","凱基-南崁",2133,63,2070
"19592","2363矽統","110/07/13","凱基-幸福",36,4048,-4012
"19593","2363矽統","110/07/13","國泰-敦南",2195,1617,578
"19594","2363矽統","110/07/13","統一",192,3325,-3133
"19595","2363矽統","110/07/13","中農",670,139,531
"19596","2363矽統","110/07/13","新加坡商瑞銀",1000,2747,-1747
"19597","2363矽統","110/07/13","康和-台中",638,154,484
"19598","2363矽統","110/07/13","凱基-台北",5359,6609,-1250
"19599","2363矽統","110/07/13","群益金鼎-三民",577,137,440
"19600","2363矽統","110/07/13","摩根大通",1930,2858,-928
"19601","2363矽統","110/07/13","台新-屏東",510,88,422
"19602","2363矽統","110/07/13","港商野村",960,1679,-719
"19603","2363矽統","110/07/13","德信-中正",455,67,388
"19604","2363矽統","110/07/13","兆豐-復興",25,705,-680
"19605","2363矽統","110/07/13","日盛-竹北",365,70,295
"19606","2363矽統","110/07/13","統一-仁愛",114,755,-641
"19607","2363矽統","110/07/13","元大-佳里",452,189,263
"19608","2363矽統","110/07/13","統一-敦南",29,638,-609
"19609","2363矽統","110/07/13","國票-博愛",296,38,258
"19610","2363矽統","110/07/13","統一-土城",100,704,-604
"19611","2363矽統","110/07/13","元大-萬華",340,95,245
"19612","2363矽統","110/07/13","統一-城中",116,676,-560
"19613","2363矽統","110/07/13","新光",1259,1031,228
"19614","2363矽統","110/07/13","永豐金證券",306,859,-553
"19615","2363矽統","110/07/13","元富-成功",323,96,227
"19616","2363矽統","110/07/13","元富",54,567,-513
"19617","2363矽統","110/07/13","豐農",228,23,205
"19618","2363矽統","110/07/13","瑞士信貸",202,666,-464
"19619","2363矽統","110/07/13","台灣企銀-岡山",186,4,182
"19620","2363矽統","110/07/13","永豐金-嘉義",67,468,-401
"19621","1570力肯","110/07/13","新光",115,11,104
"19622","1570力肯","110/07/13","元大-北三重",0,162,-162
"19623","1570力肯","110/07/13","群益金鼎-高雄",54,0,54
"19624","1570力肯","110/07/13","元大-大灣",0,25,-25
"19625","1570力肯","110/07/13","國票-新莊",22,0,22
"19626","1570力肯","110/07/13","永豐金-苓雅",0,22,-22
"19627","1570力肯","110/07/13","日盛-桃園",12,0,12
"19628","1570力肯","110/07/13","永豐金-永康",0,19,-19
"19629","1570力肯","110/07/13","元大-高雄",12,0,12
"19630","1570力肯","110/07/13","富邦-員林",0,15,-15
"19631","1570力肯","110/07/13","合庫-自強",11,0,11
"19632","1570力肯","110/07/13","凱基-台南",0,11,-11
"19633","1570力肯","110/07/13","摩根大通",26,15,11
"19634","1570力肯","110/07/13","日盛-竹北",0,10,-10
"19635","1570力肯","110/07/13","永豐金-中盛",11,0,11
"19636","1570力肯","110/07/13","國票-九鼎",0,10,-10
"19637","1570力肯","110/07/13","兆豐-台中港",10,0,10
"19638","1570力肯","110/07/13","凱基-桃園",0,10,-10
"19639","1570力肯","110/07/13","國泰-松江",9,0,9
"19640","1570力肯","110/07/13","凱基-新豐",0,10,-10
"19641","1570力肯","110/07/13","元大-新盛",9,0,9
"19642","1570力肯","110/07/13","元大-學甲",0,10,-10
"19643","1570力肯","110/07/13","元富-緯城",6,0,6
"19644","1570力肯","110/07/13","群益金鼎-東湖",1,10,-9
"19645","1570力肯","110/07/13","統一-三重",5,0,5
"19646","1570力肯","110/07/13","大昌",0,6,-6
"19647","1570力肯","110/07/13","元大-前金",5,0,5
"19648","1570力肯","110/07/13","元大-土城學府",0,6,-6
"19649","1570力肯","110/07/13","永豐金證券",5,0,5
"19650","1570力肯","110/07/13","統一",0,5,-5
"19651","1570力肯","110/07/13","新光",115,11,104
"19652","1570力肯","110/07/13","元大-北三重",0,162,-162
"19653","1570力肯","110/07/13","群益金鼎-高雄",54,0,54
"19654","1570力肯","110/07/13","元大-大灣",0,25,-25
"19655","1570力肯","110/07/13","國票-新莊",22,0,22
"19656","1570力肯","110/07/13","永豐金-苓雅",0,22,-22
"19657","1570力肯","110/07/13","日盛-桃園",12,0,12
"19658","1570力肯","110/07/13","永豐金-永康",0,19,-19
"19659","1570力肯","110/07/13","元大-高雄",12,0,12
"19660","1570力肯","110/07/13","富邦-員林",0,15,-15
"19661","1570力肯","110/07/13","合庫-自強",11,0,11
"19662","1570力肯","110/07/13","凱基-台南",0,11,-11
"19663","1570力肯","110/07/13","摩根大通",26,15,11
"19664","1570力肯","110/07/13","日盛-竹北",0,10,-10
"19665","1570力肯","110/07/13","永豐金-中盛",11,0,11
"19666","1570力肯","110/07/13","國票-九鼎",0,10,-10
"19667","1570力肯","110/07/13","兆豐-台中港",10,0,10
"19668","1570力肯","110/07/13","凱基-桃園",0,10,-10
"19669","1570力肯","110/07/13","國泰-松江",9,0,9
"19670","1570力肯","110/07/13","凱基-新豐",0,10,-10
"19671","1570力肯","110/07/13","元大-新盛",9,0,9
"19672","1570力肯","110/07/13","元大-學甲",0,10,-10
"19673","1570力肯","110/07/13","元富-緯城",6,0,6
"19674","1570力肯","110/07/13","群益金鼎-東湖",1,10,-9
"19675","1570力肯","110/07/13","統一-三重",5,0,5
"19676","1570力肯","110/07/13","大昌",0,6,-6
"19677","1570力肯","110/07/13","元大-前金",5,0,5
"19678","1570力肯","110/07/13","元大-土城學府",0,6,-6
"19679","1570力肯","110/07/13","永豐金證券",5,0,5
"19680","1570力肯","110/07/13","統一",0,5,-5
"19681","6180橘子","110/07/13","摩根大通",119,0,119
"19682","6180橘子","110/07/13","元大-崇德",2,61,-59
"19683","6180橘子","110/07/13","美商高盛",96,0,96
"19684","6180橘子","110/07/13","康和-台中",0,51,-51
"19685","6180橘子","110/07/13","新加坡商瑞銀",86,7,79
"19686","6180橘子","110/07/13","康和-台北",0,50,-50
"19687","6180橘子","110/07/13","元大-和平",40,0,40
"19688","6180橘子","110/07/13","元富-潮州",0,40,-40
"19689","6180橘子","110/07/13","凱基-台北",83,47,36
"19690","6180橘子","110/07/13","日盛-永康",0,26,-26
"19691","6180橘子","110/07/13","美林",39,5,34
"19692","6180橘子","110/07/13","永豐金-中正",0,24,-24
"19693","6180橘子","110/07/13","富邦-新竹華信",31,2,29
"19694","6180橘子","110/07/13","國泰-板橋",2,25,-23
"19695","6180橘子","110/07/13","統一-南京",21,0,21
"19696","6180橘子","110/07/13","日盛-大墩",0,20,-20
"19697","6180橘子","110/07/13","富邦-陽明",24,3,21
"19698","6180橘子","110/07/13","元大-草屯",13,32,-19
"19699","6180橘子","110/07/13","大昌-樹林",21,1,20
"19700","6180橘子","110/07/13","元富-林園",1,18,-17
"19701","6180橘子","110/07/13","花旗環球",19,0,19
"19702","6180橘子","110/07/13","新光-新竹",1,18,-17
"19703","6180橘子","110/07/13","華南永昌-台南",19,0,19
"19704","6180橘子","110/07/13","元大-土城永寧",0,17,-17
"19705","6180橘子","110/07/13","福勝",14,0,14
"19706","6180橘子","110/07/13","國泰-新莊",3,19,-16
"19707","6180橘子","110/07/13","富邦-嘉義",12,1,11
"19708","6180橘子","110/07/13","中國信託-永康",6,21,-15
"19709","6180橘子","110/07/13","元大-板橋三民",11,0,11
"19710","6180橘子","110/07/13","凱基-東港",1,15,-14
"19711","1570力肯","110/07/13","新光",115,11,104
"19712","1570力肯","110/07/13","元大-北三重",0,162,-162
"19713","1570力肯","110/07/13","群益金鼎-高雄",54,0,54
"19714","1570力肯","110/07/13","元大-大灣",0,25,-25
"19715","1570力肯","110/07/13","國票-新莊",22,0,22
"19716","1570力肯","110/07/13","永豐金-苓雅",0,22,-22
"19717","1570力肯","110/07/13","日盛-桃園",12,0,12
"19718","1570力肯","110/07/13","永豐金-永康",0,19,-19
"19719","1570力肯","110/07/13","元大-高雄",12,0,12
"19720","1570力肯","110/07/13","富邦-員林",0,15,-15
"19721","1570力肯","110/07/13","合庫-自強",11,0,11
"19722","1570力肯","110/07/13","凱基-台南",0,11,-11
"19723","1570力肯","110/07/13","摩根大通",26,15,11
"19724","1570力肯","110/07/13","日盛-竹北",0,10,-10
"19725","1570力肯","110/07/13","永豐金-中盛",11,0,11
"19726","1570力肯","110/07/13","國票-九鼎",0,10,-10
"19727","1570力肯","110/07/13","兆豐-台中港",10,0,10
"19728","1570力肯","110/07/13","凱基-桃園",0,10,-10
"19729","1570力肯","110/07/13","國泰-松江",9,0,9
"19730","1570力肯","110/07/13","凱基-新豐",0,10,-10
"19731","1570力肯","110/07/13","元大-新盛",9,0,9
"19732","1570力肯","110/07/13","元大-學甲",0,10,-10
"19733","1570力肯","110/07/13","元富-緯城",6,0,6
"19734","1570力肯","110/07/13","群益金鼎-東湖",1,10,-9
"19735","1570力肯","110/07/13","統一-三重",5,0,5
"19736","1570力肯","110/07/13","大昌",0,6,-6
"19737","1570力肯","110/07/13","元大-前金",5,0,5
"19738","1570力肯","110/07/13","元大-土城學府",0,6,-6
"19739","1570力肯","110/07/13","永豐金證券",5,0,5
"19740","1570力肯","110/07/13","統一",0,5,-5
"19741","6180橘子","110/07/13","摩根大通",119,0,119
"19742","6180橘子","110/07/13","元大-崇德",2,61,-59
"19743","6180橘子","110/07/13","美商高盛",96,0,96
"19744","6180橘子","110/07/13","康和-台中",0,51,-51
"19745","6180橘子","110/07/13","新加坡商瑞銀",86,7,79
"19746","6180橘子","110/07/13","康和-台北",0,50,-50
"19747","6180橘子","110/07/13","元大-和平",40,0,40
"19748","6180橘子","110/07/13","元富-潮州",0,40,-40
"19749","6180橘子","110/07/13","凱基-台北",83,47,36
"19750","6180橘子","110/07/13","日盛-永康",0,26,-26
"19751","6180橘子","110/07/13","美林",39,5,34
"19752","6180橘子","110/07/13","永豐金-中正",0,24,-24
"19753","6180橘子","110/07/13","富邦-新竹華信",31,2,29
"19754","6180橘子","110/07/13","國泰-板橋",2,25,-23
"19755","6180橘子","110/07/13","統一-南京",21,0,21
"19756","6180橘子","110/07/13","日盛-大墩",0,20,-20
"19757","6180橘子","110/07/13","富邦-陽明",24,3,21
"19758","6180橘子","110/07/13","元大-草屯",13,32,-19
"19759","6180橘子","110/07/13","大昌-樹林",21,1,20
"19760","6180橘子","110/07/13","元富-林園",1,18,-17
"19761","6180橘子","110/07/13","花旗環球",19,0,19
"19762","6180橘子","110/07/13","新光-新竹",1,18,-17
"19763","6180橘子","110/07/13","華南永昌-台南",19,0,19
"19764","6180橘子","110/07/13","元大-土城永寧",0,17,-17
"19765","6180橘子","110/07/13","福勝",14,0,14
"19766","6180橘子","110/07/13","國泰-新莊",3,19,-16
"19767","6180橘子","110/07/13","富邦-嘉義",12,1,11
"19768","6180橘子","110/07/13","中國信託-永康",6,21,-15
"19769","6180橘子","110/07/13","元大-板橋三民",11,0,11
"19770","6180橘子","110/07/13","凱基-東港",1,15,-14
"19771","2390云辰","110/07/13","新加坡商瑞銀",562,75,487
"19772","2390云辰","110/07/13","大展-台南",0,532,-532
"19773","2390云辰","110/07/13","台灣摩根士丹利",330,155,175
"19774","2390云辰","110/07/13","凱基-台北",668,854,-186
"19775","2390云辰","110/07/13","兆豐-公益",126,25,101
"19776","2390云辰","110/07/13","凱基-三重",12,172,-160
"19777","2390云辰","110/07/13","元富-中港",100,2,98
"19778","2390云辰","110/07/13","兆豐-忠孝",4,161,-157
"19779","2390云辰","110/07/13","統一-新台中",106,9,97
"19780","2390云辰","110/07/13","元大-士林",19,170,-151
"19781","2390云辰","110/07/13","中國信託-松江",81,11,70
"19782","2390云辰","110/07/13","臺銀-新竹",14,117,-103
"19783","2390云辰","110/07/13","日盛-板橋",72,3,69
"19784","2390云辰","110/07/13","國票-台中",4,102,-98
"19785","2390云辰","110/07/13","日盛-和美",57,0,57
"19786","2390云辰","110/07/13","新光",147,232,-85
"19787","2390云辰","110/07/13","永豐金-桃園",88,36,52
"19788","2390云辰","110/07/13","致和-崇德",2,70,-68
"19789","2390云辰","110/07/13","玉山-士林",54,4,50
"19790","2390云辰","110/07/13","群益金鼎-屏東",2,70,-68
"19791","2390云辰","110/07/13","富邦-仁愛",56,6,50
"19792","2390云辰","110/07/13","元大-大里",35,98,-63
"19793","2390云辰","110/07/13","第一金-豐原",50,1,49
"19794","2390云辰","110/07/13","元大-萬華",35,94,-59
"19795","2390云辰","110/07/13","摩根大通",502,453,49
"19796","2390云辰","110/07/13","元富-吉利",2,60,-58
"19797","2390云辰","110/07/13","凱基-松山",61,13,48
"19798","2390云辰","110/07/13","兆豐-新竹",3,53,-50
"19799","2390云辰","110/07/13","大昌",64,22,42
"19800","2390云辰","110/07/13","富邦-嘉義",65,108,-43
"19801","2363矽統","110/07/13","凱基-南崁",2133,63,2070
"19802","2363矽統","110/07/13","凱基-幸福",36,4048,-4012
"19803","2363矽統","110/07/13","國泰-敦南",2195,1617,578
"19804","2363矽統","110/07/13","統一",192,3325,-3133
"19805","2363矽統","110/07/13","中農",670,139,531
"19806","2363矽統","110/07/13","新加坡商瑞銀",1000,2747,-1747
"19807","2363矽統","110/07/13","康和-台中",638,154,484
"19808","2363矽統","110/07/13","凱基-台北",5359,6609,-1250
"19809","2363矽統","110/07/13","群益金鼎-三民",577,137,440
"19810","2363矽統","110/07/13","摩根大通",1930,2858,-928
"19811","2363矽統","110/07/13","台新-屏東",510,88,422
"19812","2363矽統","110/07/13","港商野村",960,1679,-719
"19813","2363矽統","110/07/13","德信-中正",455,67,388
"19814","2363矽統","110/07/13","兆豐-復興",25,705,-680
"19815","2363矽統","110/07/13","日盛-竹北",365,70,295
"19816","2363矽統","110/07/13","統一-仁愛",114,755,-641
"19817","2363矽統","110/07/13","元大-佳里",452,189,263
"19818","2363矽統","110/07/13","統一-敦南",29,638,-609
"19819","2363矽統","110/07/13","國票-博愛",296,38,258
"19820","2363矽統","110/07/13","統一-土城",100,704,-604
"19821","2363矽統","110/07/13","元大-萬華",340,95,245
"19822","2363矽統","110/07/13","統一-城中",116,676,-560
"19823","2363矽統","110/07/13","新光",1259,1031,228
"19824","2363矽統","110/07/13","永豐金證券",306,859,-553
"19825","2363矽統","110/07/13","元富-成功",323,96,227
"19826","2363矽統","110/07/13","元富",54,567,-513
"19827","2363矽統","110/07/13","豐農",228,23,205
"19828","2363矽統","110/07/13","瑞士信貸",202,666,-464
"19829","2363矽統","110/07/13","台灣企銀-岡山",186,4,182
"19830","2363矽統","110/07/13","永豐金-嘉義",67,468,-401
"19831","8112至上","110/07/13","摩根大通",688,296,392
"19832","8112至上","110/07/13","國票-中和",0,401,-401
"19833","8112至上","110/07/13","港商野村",344,145,199
"19834","8112至上","110/07/13","永豐金-板盛",0,205,-205
"19835","8112至上","110/07/13","兆豐-公益",195,5,190
"19836","8112至上","110/07/13","凱基-五股",43,155,-112
"19837","8112至上","110/07/13","台灣摩根士丹利",183,0,183
"19838","8112至上","110/07/13","凱基-市政",0,100,-100
"19839","8112至上","110/07/13","群益金鼎-敦南",153,2,151
"19840","8112至上","110/07/13","元大-大里德芳",1,92,-91
"19841","8112至上","110/07/13","臺銀-金山",146,26,120
"19842","8112至上","110/07/13","玉山-桃園",26,110,-84
"19843","8112至上","110/07/13","臺銀",133,19,114
"19844","8112至上","110/07/13","兆豐-天母",0,81,-81
"19845","8112至上","110/07/13","合庫-台中",115,6,109
"19846","8112至上","110/07/13","凱基-城中",3,84,-81
"19847","8112至上","110/07/13","亞東-板橋",134,26,108
"19848","8112至上","110/07/13","日盛-新莊",9,85,-76
"19849","8112至上","110/07/13","凱基-台北",414,326,88
"19850","8112至上","110/07/13","日盛-台中",2,64,-62
"19851","8112至上","110/07/13","新加坡商瑞銀",181,100,81
"19852","8112至上","110/07/13","日盛-中壢",3,64,-61
"19853","8112至上","110/07/13","國泰-敦南",108,31,77
"19854","8112至上","110/07/13","元大-台中",2,59,-57
"19855","8112至上","110/07/13","第一金-華江",77,4,73
"19856","8112至上","110/07/13","元大-雙和",7,64,-57
"19857","8112至上","110/07/13","永豐金-內湖",73,1,72
"19858","8112至上","110/07/13","元大-高雄",8,62,-54
"19859","8112至上","110/07/13","元大-永和",68,1,67
"19860","8112至上","110/07/13","元大-館前",2,55,-53
"19861","2929淘帝","110/07/13","玉山-新竹",130,0,130
"19862","2929淘帝","110/07/13","美商高盛",0,177,-177
"19863","2929淘帝","110/07/13","臺銀-民權",60,0,60
"19864","2929淘帝","110/07/13","凱基-台北",6,80,-74
"19865","2929淘帝","110/07/13","新百王",31,0,31
"19866","2929淘帝","110/07/13","元富-大裕",0,49,-49
"19867","2929淘帝","110/07/13","日盛-園區",30,0,30
"19868","2929淘帝","110/07/13","國泰-館前",3,51,-48
"19869","2929淘帝","110/07/13","元大-南投",31,1,30
"19870","2929淘帝","110/07/13","凱基-中壢",0,41,-41
"19871","2929淘帝","110/07/13","兆豐-忠孝",28,0,28
"19872","2929淘帝","110/07/13","港商野村",21,55,-34
"19873","2929淘帝","110/07/13","元大-民生",28,0,28
"19874","2929淘帝","110/07/13","華南永昌-南京",2,34,-32
"19875","2929淘帝","110/07/13","合庫-高雄",27,0,27
"19876","2929淘帝","110/07/13","群益金鼎-土城",0,30,-30
"19877","2929淘帝","110/07/13","凱基-豐中",27,0,27
"19878","2929淘帝","110/07/13","富邦-南屯",0,22,-22
"19879","2929淘帝","110/07/13","新光",21,4,17
"19880","2929淘帝","110/07/13","第一金-豐原",0,20,-20
"19881","2929淘帝","110/07/13","元大-天母",17,0,17
"19882","2929淘帝","110/07/13","元大-屏南",6,26,-20
"19883","2929淘帝","110/07/13","永興",14,0,14
"19884","2929淘帝","110/07/13","永豐金-敦南",1,21,-20
"19885","2929淘帝","110/07/13","富邦-台北",12,0,12
"19886","2929淘帝","110/07/13","凱基-三重",2,21,-19
"19887","2929淘帝","110/07/13","元大-永和",12,0,12
"19888","2929淘帝","110/07/13","富邦-仁愛",7,25,-18
"19889","2929淘帝","110/07/13","國票-天祥",11,0,11
"19890","2929淘帝","110/07/13","元大-北投",0,16,-16
"19891","2841台開","110/07/13","中國信託-高雄",251,50,201
"19892","2841台開","110/07/13","兆豐-公益",0,177,-177
"19893","2841台開","110/07/13","日盛證券",210,13,197
"19894","2841台開","110/07/13","日進",0,152,-152
"19895","2841台開","110/07/13","第一金-台中",55,0,55
"19896","2841台開","110/07/13","港商野村",0,109,-109
"19897","2841台開","110/07/13","國泰-板橋",46,0,46
"19898","2841台開","110/07/13","日盛-信義",0,103,-103
"19899","2841台開","110/07/13","國泰-館前",48,3,45
"19900","2841台開","110/07/13","國泰-敦南",11,75,-64
"19901","2841台開","110/07/13","華南永昌-新莊",45,0,45
"19902","2841台開","110/07/13","永興",0,50,-50
"19903","2841台開","110/07/13","日盛-園區",42,0,42
"19904","2841台開","110/07/13","永豐金-敦南",61,104,-43
"19905","2841台開","110/07/13","台新證券",32,0,32
"19906","2841台開","110/07/13","富邦-台南",0,42,-42
"19907","2841台開","110/07/13","台新-高雄",32,2,30
"19908","2841台開","110/07/13","國票-安和",0,30,-30
"19909","2841台開","110/07/13","豐農",23,0,23
"19910","2841台開","110/07/13","元大-桃園",0,25,-25
"19911","2841台開","110/07/13","合庫-嘉義",20,0,20
"19912","2841台開","110/07/13","新光",8,32,-24
"19913","2841台開","110/07/13","華南永昌-高雄",20,0,20
"19914","2841台開","110/07/13","元大-仁愛",0,24,-24
"19915","2841台開","110/07/13","元大-樹林",16,0,16
"19916","2841台開","110/07/13","日盛-中和",0,20,-20
"19917","2841台開","110/07/13","第一金-華江",15,2,13
"19918","2841台開","110/07/13","元富",0,20,-20
"19919","2841台開","110/07/13","美商高盛",12,0,12
"19920","2841台開","110/07/13","富邦-宜蘭",0,20,-20
"19921","6207雷科","110/07/13","元大-高雄",121,0,121
"19922","6207雷科","110/07/13","華南永昌-朴子",1,60,-59
"19923","6207雷科","110/07/13","第一金-新興",20,0,20
"19924","6207雷科","110/07/13","元大-南海",0,36,-36
"19925","6207雷科","110/07/13","元富-三重",20,0,20
"19926","6207雷科","110/07/13","凱基-土城",0,35,-35
"19927","6207雷科","110/07/13","元大-林園",15,0,15
"19928","6207雷科","110/07/13","台灣企銀",0,20,-20
"19929","6207雷科","110/07/13","元大-金華",16,1,15
"19930","6207雷科","110/07/13","群益金鼎-丹鳳",0,20,-20
"19931","6207雷科","110/07/13","日盛證券",10,0,10
"19932","6207雷科","110/07/13","元大-博愛",0,17,-17
"19933","6207雷科","110/07/13","統一-台中",10,0,10
"19934","6207雷科","110/07/13","元大-北港",0,13,-13
"19935","6207雷科","110/07/13","群益金鼎-土城",10,0,10
"19936","6207雷科","110/07/13","新加坡商瑞銀",0,12,-12
"19937","6207雷科","110/07/13","群益金鼎-桃園",10,0,10
"19938","6207雷科","110/07/13","凱基-台北",4,16,-12
"19939","6207雷科","110/07/13","永豐金-新莊",10,0,10
"19940","6207雷科","110/07/13","日茂-埔里",0,11,-11
"19941","6207雷科","110/07/13","永豐金-新店",10,0,10
"19942","6207雷科","110/07/13","元大-莒光",0,11,-11
"19943","6207雷科","110/07/13","元大證券",9,0,9
"19944","6207雷科","110/07/13","統一-新竹",0,10,-10
"19945","6207雷科","110/07/13","日盛-木柵",9,1,8
"19946","6207雷科","110/07/13","元大-西螺",0,10,-10
"19947","6207雷科","110/07/13","兆豐-來福",8,0,8
"19948","6207雷科","110/07/13","康和-台中",0,8,-8
"19949","6207雷科","110/07/13","新光",7,0,7
"19950","6207雷科","110/07/13","兆豐-高雄",0,6,-6
"19951","3679新至陞","110/07/13","永豐金證券",50,0,50
"19952","3679新至陞","110/07/13","摩根大通",2,25,-23
"19953","3679新至陞","110/07/13","國泰-桃園",22,0,22
"19954","3679新至陞","110/07/13","元大-成功",0,22,-22
"19955","3679新至陞","110/07/13","台中銀-員林",11,0,11
"19956","3679新至陞","110/07/13","富邦-板橋",1,19,-18
"19957","3679新至陞","110/07/13","元大-文心興安",8,0,8
"19958","3679新至陞","110/07/13","日盛-新莊",0,10,-10
"19959","3679新至陞","110/07/13","美商高盛",6,0,6
"19960","3679新至陞","110/07/13","台新-台中",0,10,-10
"19961","3679新至陞","110/07/13","台新-高雄",6,0,6
"19962","3679新至陞","110/07/13","永豐金-新竹",0,8,-8
"19963","3679新至陞","110/07/13","凱基-台北",18,12,6
"19964","3679新至陞","110/07/13","瑞士信貸",12,19,-7
"19965","3679新至陞","110/07/13","日盛-復興",5,0,5
"19966","3679新至陞","110/07/13","統一-南京",0,7,-7
"19967","3679新至陞","110/07/13","(牛牛牛)亞-鑫豐",4,0,4
"19968","3679新至陞","110/07/13","凱基-新莊",0,7,-7
"19969","3679新至陞","110/07/13","元富-大昌",3,0,3
"19970","3679新至陞","110/07/13","新加坡商瑞銀",0,6,-6
"19971","3679新至陞","110/07/13","富邦-台北",3,0,3
"19972","3679新至陞","110/07/13","合庫-自強",0,5,-5
"19973","3679新至陞","110/07/13","日盛-樹林",2,0,2
"19974","3679新至陞","110/07/13","富邦-桃園",0,5,-5
"19975","3679新至陞","110/07/13","宏遠-光隆",2,0,2
"19976","3679新至陞","110/07/13","永豐金-潮州",0,4,-4
"19977","3679新至陞","110/07/13","美林",3,1,2
"19978","3679新至陞","110/07/13","臺銀-臺南",0,3,-3
"19979","3679新至陞","110/07/13","第一金-中壢",2,0,2
"19980","3679新至陞","110/07/13","元大-六合",0,3,-3
"19981","2727王品","110/07/13","富邦-台北",43,3,40
"19982","2727王品","110/07/13","台灣摩根士丹利",15,97,-82
"19983","2727王品","110/07/13","元大-基隆孝二",40,0,40
"19984","2727王品","110/07/13","玉山-台南",5,57,-52
"19985","2727王品","110/07/13","國票-新莊",40,1,39
"19986","2727王品","110/07/13","新加坡商瑞銀",0,48,-48
"19987","2727王品","110/07/13","第一金-豐原",66,42,24
"19988","2727王品","110/07/13","凱基-台北",41,77,-36
"19989","2727王品","110/07/13","永豐金-大園",34,10,24
"19990","2727王品","110/07/13","永豐金-永康",0,22,-22
"19991","2727王品","110/07/13","元大-北屯",22,0,22
"19992","2727王品","110/07/13","統一-台中",2,22,-20
"19993","2727王品","110/07/13","元大-東蘆",26,7,19
"19994","2727王品","110/07/13","國泰-台中",21,39,-18
"19995","2727王品","110/07/13","永豐金-萬盛",13,1,12
"19996","2727王品","110/07/13","合庫-彰化",3,20,-17
"19997","2727王品","110/07/13","日盛-嘉義",11,0,11
"19998","2727王品","110/07/13","港商野村",13,30,-17
"19999","2727王品","110/07/13","日盛-八德",11,0,11
"20000","2727王品","110/07/13","元大-楊梅",1,16,-15
"20001","2727王品","110/07/13","統一-竹南",11,0,11
"20002","2727王品","110/07/13","凱基-高美館",2,15,-13
"20003","2727王品","110/07/13","日盛-士林",12,2,10
"20004","2727王品","110/07/13","美商高盛",2,14,-12
"20005","2727王品","110/07/13","統一-敦南",10,0,10
"20006","2727王品","110/07/13","統一-平鎮",1,13,-12
"20007","2727王品","110/07/13","中國信託",15,5,10
"20008","2727王品","110/07/13","兆豐-台中港",4,16,-12
"20009","2727王品","110/07/13","兆豐-竹北",13,3,10
"20010","2727王品","110/07/13","凱基-八德",1,13,-12
"20011","1570力肯","110/07/13","新光",115,11,104
"20012","1570力肯","110/07/13","元大-北三重",0,162,-162
"20013","1570力肯","110/07/13","群益金鼎-高雄",54,0,54
"20014","1570力肯","110/07/13","元大-大灣",0,25,-25
"20015","1570力肯","110/07/13","國票-新莊",22,0,22
"20016","1570力肯","110/07/13","永豐金-苓雅",0,22,-22
"20017","1570力肯","110/07/13","日盛-桃園",12,0,12
"20018","1570力肯","110/07/13","永豐金-永康",0,19,-19
"20019","1570力肯","110/07/13","元大-高雄",12,0,12
"20020","1570力肯","110/07/13","富邦-員林",0,15,-15
"20021","1570力肯","110/07/13","合庫-自強",11,0,11
"20022","1570力肯","110/07/13","凱基-台南",0,11,-11
"20023","1570力肯","110/07/13","摩根大通",26,15,11
"20024","1570力肯","110/07/13","日盛-竹北",0,10,-10
"20025","1570力肯","110/07/13","永豐金-中盛",11,0,11
"20026","1570力肯","110/07/13","國票-九鼎",0,10,-10
"20027","1570力肯","110/07/13","兆豐-台中港",10,0,10
"20028","1570力肯","110/07/13","凱基-桃園",0,10,-10
"20029","1570力肯","110/07/13","國泰-松江",9,0,9
"20030","1570力肯","110/07/13","凱基-新豐",0,10,-10
"20031","1570力肯","110/07/13","元大-新盛",9,0,9
"20032","1570力肯","110/07/13","元大-學甲",0,10,-10
"20033","1570力肯","110/07/13","元富-緯城",6,0,6
"20034","1570力肯","110/07/13","群益金鼎-東湖",1,10,-9
"20035","1570力肯","110/07/13","統一-三重",5,0,5
"20036","1570力肯","110/07/13","大昌",0,6,-6
"20037","1570力肯","110/07/13","元大-前金",5,0,5
"20038","1570力肯","110/07/13","元大-土城學府",0,6,-6
"20039","1570力肯","110/07/13","永豐金證券",5,0,5
"20040","1570力肯","110/07/13","統一",0,5,-5
"20041","6180橘子","110/07/13","摩根大通",119,0,119
"20042","6180橘子","110/07/13","元大-崇德",2,61,-59
"20043","6180橘子","110/07/13","美商高盛",96,0,96
"20044","6180橘子","110/07/13","康和-台中",0,51,-51
"20045","6180橘子","110/07/13","新加坡商瑞銀",86,7,79
"20046","6180橘子","110/07/13","康和-台北",0,50,-50
"20047","6180橘子","110/07/13","元大-和平",40,0,40
"20048","6180橘子","110/07/13","元富-潮州",0,40,-40
"20049","6180橘子","110/07/13","凱基-台北",83,47,36
"20050","6180橘子","110/07/13","日盛-永康",0,26,-26
"20051","6180橘子","110/07/13","美林",39,5,34
"20052","6180橘子","110/07/13","永豐金-中正",0,24,-24
"20053","6180橘子","110/07/13","富邦-新竹華信",31,2,29
"20054","6180橘子","110/07/13","國泰-板橋",2,25,-23
"20055","6180橘子","110/07/13","統一-南京",21,0,21
"20056","6180橘子","110/07/13","日盛-大墩",0,20,-20
"20057","6180橘子","110/07/13","富邦-陽明",24,3,21
"20058","6180橘子","110/07/13","元大-草屯",13,32,-19
"20059","6180橘子","110/07/13","大昌-樹林",21,1,20
"20060","6180橘子","110/07/13","元富-林園",1,18,-17
"20061","6180橘子","110/07/13","花旗環球",19,0,19
"20062","6180橘子","110/07/13","新光-新竹",1,18,-17
"20063","6180橘子","110/07/13","華南永昌-台南",19,0,19
"20064","6180橘子","110/07/13","元大-土城永寧",0,17,-17
"20065","6180橘子","110/07/13","福勝",14,0,14
"20066","6180橘子","110/07/13","國泰-新莊",3,19,-16
"20067","6180橘子","110/07/13","富邦-嘉義",12,1,11
"20068","6180橘子","110/07/13","中國信託-永康",6,21,-15
"20069","6180橘子","110/07/13","元大-板橋三民",11,0,11
"20070","6180橘子","110/07/13","凱基-東港",1,15,-14
"20071","2390云辰","110/07/13","新加坡商瑞銀",562,75,487
"20072","2390云辰","110/07/13","大展-台南",0,532,-532
"20073","2390云辰","110/07/13","台灣摩根士丹利",330,155,175
"20074","2390云辰","110/07/13","凱基-台北",668,854,-186
"20075","2390云辰","110/07/13","兆豐-公益",126,25,101
"20076","2390云辰","110/07/13","凱基-三重",12,172,-160
"20077","2390云辰","110/07/13","元富-中港",100,2,98
"20078","2390云辰","110/07/13","兆豐-忠孝",4,161,-157
"20079","2390云辰","110/07/13","統一-新台中",106,9,97
"20080","2390云辰","110/07/13","元大-士林",19,170,-151
"20081","2390云辰","110/07/13","中國信託-松江",81,11,70
"20082","2390云辰","110/07/13","臺銀-新竹",14,117,-103
"20083","2390云辰","110/07/13","日盛-板橋",72,3,69
"20084","2390云辰","110/07/13","國票-台中",4,102,-98
"20085","2390云辰","110/07/13","日盛-和美",57,0,57
"20086","2390云辰","110/07/13","新光",147,232,-85
"20087","2390云辰","110/07/13","永豐金-桃園",88,36,52
"20088","2390云辰","110/07/13","致和-崇德",2,70,-68
"20089","2390云辰","110/07/13","玉山-士林",54,4,50
"20090","2390云辰","110/07/13","群益金鼎-屏東",2,70,-68
"20091","2390云辰","110/07/13","富邦-仁愛",56,6,50
"20092","2390云辰","110/07/13","元大-大里",35,98,-63
"20093","2390云辰","110/07/13","第一金-豐原",50,1,49
"20094","2390云辰","110/07/13","元大-萬華",35,94,-59
"20095","2390云辰","110/07/13","摩根大通",502,453,49
"20096","2390云辰","110/07/13","元富-吉利",2,60,-58
"20097","2390云辰","110/07/13","凱基-松山",61,13,48
"20098","2390云辰","110/07/13","兆豐-新竹",3,53,-50
"20099","2390云辰","110/07/13","大昌",64,22,42
"20100","2390云辰","110/07/13","富邦-嘉義",65,108,-43
"20101","2363矽統","110/07/13","凱基-南崁",2133,63,2070
"20102","2363矽統","110/07/13","凱基-幸福",36,4048,-4012
"20103","2363矽統","110/07/13","國泰-敦南",2195,1617,578
"20104","2363矽統","110/07/13","統一",192,3325,-3133
"20105","2363矽統","110/07/13","中農",670,139,531
"20106","2363矽統","110/07/13","新加坡商瑞銀",1000,2747,-1747
"20107","2363矽統","110/07/13","康和-台中",638,154,484
"20108","2363矽統","110/07/13","凱基-台北",5359,6609,-1250
"20109","2363矽統","110/07/13","群益金鼎-三民",577,137,440
"20110","2363矽統","110/07/13","摩根大通",1930,2858,-928
"20111","2363矽統","110/07/13","台新-屏東",510,88,422
"20112","2363矽統","110/07/13","港商野村",960,1679,-719
"20113","2363矽統","110/07/13","德信-中正",455,67,388
"20114","2363矽統","110/07/13","兆豐-復興",25,705,-680
"20115","2363矽統","110/07/13","日盛-竹北",365,70,295
"20116","2363矽統","110/07/13","統一-仁愛",114,755,-641
"20117","2363矽統","110/07/13","元大-佳里",452,189,263
"20118","2363矽統","110/07/13","統一-敦南",29,638,-609
"20119","2363矽統","110/07/13","國票-博愛",296,38,258
"20120","2363矽統","110/07/13","統一-土城",100,704,-604
"20121","2363矽統","110/07/13","元大-萬華",340,95,245
"20122","2363矽統","110/07/13","統一-城中",116,676,-560
"20123","2363矽統","110/07/13","新光",1259,1031,228
"20124","2363矽統","110/07/13","永豐金證券",306,859,-553
"20125","2363矽統","110/07/13","元富-成功",323,96,227
"20126","2363矽統","110/07/13","元富",54,567,-513
"20127","2363矽統","110/07/13","豐農",228,23,205
"20128","2363矽統","110/07/13","瑞士信貸",202,666,-464
"20129","2363矽統","110/07/13","台灣企銀-岡山",186,4,182
"20130","2363矽統","110/07/13","永豐金-嘉義",67,468,-401
"20131","8112至上","110/07/13","摩根大通",688,296,392
"20132","8112至上","110/07/13","國票-中和",0,401,-401
"20133","8112至上","110/07/13","港商野村",344,145,199
"20134","8112至上","110/07/13","永豐金-板盛",0,205,-205
"20135","8112至上","110/07/13","兆豐-公益",195,5,190
"20136","8112至上","110/07/13","凱基-五股",43,155,-112
"20137","8112至上","110/07/13","台灣摩根士丹利",183,0,183
"20138","8112至上","110/07/13","凱基-市政",0,100,-100
"20139","8112至上","110/07/13","群益金鼎-敦南",153,2,151
"20140","8112至上","110/07/13","元大-大里德芳",1,92,-91
"20141","8112至上","110/07/13","臺銀-金山",146,26,120
"20142","8112至上","110/07/13","玉山-桃園",26,110,-84
"20143","8112至上","110/07/13","臺銀",133,19,114
"20144","8112至上","110/07/13","兆豐-天母",0,81,-81
"20145","8112至上","110/07/13","合庫-台中",115,6,109
"20146","8112至上","110/07/13","凱基-城中",3,84,-81
"20147","8112至上","110/07/13","亞東-板橋",134,26,108
"20148","8112至上","110/07/13","日盛-新莊",9,85,-76
"20149","8112至上","110/07/13","凱基-台北",414,326,88
"20150","8112至上","110/07/13","日盛-台中",2,64,-62
"20151","8112至上","110/07/13","新加坡商瑞銀",181,100,81
"20152","8112至上","110/07/13","日盛-中壢",3,64,-61
"20153","8112至上","110/07/13","國泰-敦南",108,31,77
"20154","8112至上","110/07/13","元大-台中",2,59,-57
"20155","8112至上","110/07/13","第一金-華江",77,4,73
"20156","8112至上","110/07/13","元大-雙和",7,64,-57
"20157","8112至上","110/07/13","永豐金-內湖",73,1,72
"20158","8112至上","110/07/13","元大-高雄",8,62,-54
"20159","8112至上","110/07/13","元大-永和",68,1,67
"20160","8112至上","110/07/13","元大-館前",2,55,-53
"20161","2929淘帝","110/07/13","玉山-新竹",130,0,130
"20162","2929淘帝","110/07/13","美商高盛",0,177,-177
"20163","2929淘帝","110/07/13","臺銀-民權",60,0,60
"20164","2929淘帝","110/07/13","凱基-台北",6,80,-74
"20165","2929淘帝","110/07/13","新百王",31,0,31
"20166","2929淘帝","110/07/13","元富-大裕",0,49,-49
"20167","2929淘帝","110/07/13","日盛-園區",30,0,30
"20168","2929淘帝","110/07/13","國泰-館前",3,51,-48
"20169","2929淘帝","110/07/13","元大-南投",31,1,30
"20170","2929淘帝","110/07/13","凱基-中壢",0,41,-41
"20171","2929淘帝","110/07/13","兆豐-忠孝",28,0,28
"20172","2929淘帝","110/07/13","港商野村",21,55,-34
"20173","2929淘帝","110/07/13","元大-民生",28,0,28
"20174","2929淘帝","110/07/13","華南永昌-南京",2,34,-32
"20175","2929淘帝","110/07/13","合庫-高雄",27,0,27
"20176","2929淘帝","110/07/13","群益金鼎-土城",0,30,-30
"20177","2929淘帝","110/07/13","凱基-豐中",27,0,27
"20178","2929淘帝","110/07/13","富邦-南屯",0,22,-22
"20179","2929淘帝","110/07/13","新光",21,4,17
"20180","2929淘帝","110/07/13","第一金-豐原",0,20,-20
"20181","2929淘帝","110/07/13","元大-天母",17,0,17
"20182","2929淘帝","110/07/13","元大-屏南",6,26,-20
"20183","2929淘帝","110/07/13","永興",14,0,14
"20184","2929淘帝","110/07/13","永豐金-敦南",1,21,-20
"20185","2929淘帝","110/07/13","富邦-台北",12,0,12
"20186","2929淘帝","110/07/13","凱基-三重",2,21,-19
"20187","2929淘帝","110/07/13","元大-永和",12,0,12
"20188","2929淘帝","110/07/13","富邦-仁愛",7,25,-18
"20189","2929淘帝","110/07/13","國票-天祥",11,0,11
"20190","2929淘帝","110/07/13","元大-北投",0,16,-16
"20191","5410國眾","110/07/13","兆豐-城中",274,0,274
"20192","5410國眾","110/07/13","元富-嘉義",0,103,-103
"20193","5410國眾","110/07/13","新光",50,4,46
"20194","5410國眾","110/07/13","凱基-台北",0,50,-50
"20195","5410國眾","110/07/13","國泰-台中",26,0,26
"20196","5410國眾","110/07/13","瑞士信貸",0,31,-31
"20197","5410國眾","110/07/13","新加坡商瑞銀",22,0,22
"20198","5410國眾","110/07/13","台新-新莊",0,27,-27
"20199","5410國眾","110/07/13","光和-嘉義",20,0,20
"20200","5410國眾","110/07/13","元大-汐止",0,20,-20
"20201","5410國眾","110/07/13","凱基-竹北",17,0,17
"20202","5410國眾","110/07/13","亞東-新竹",0,17,-17
"20203","5410國眾","110/07/13","新光-桃園",15,0,15
"20204","5410國眾","110/07/13","元大-南勢角",0,13,-13
"20205","5410國眾","110/07/13","凱基-台東",14,0,14
"20206","5410國眾","110/07/13","台新-台南",0,12,-12
"20207","5410國眾","110/07/13","富邦-竹北",11,0,11
"20208","5410國眾","110/07/13","中國信託",0,11,-11
"20209","5410國眾","110/07/13","元富-同大",10,0,10
"20210","5410國眾","110/07/13","華南永昌",0,11,-11
"20211","5410國眾","110/07/13","國泰-敦南",24,15,9
"20212","5410國眾","110/07/13","臺銀-臺南",0,10,-10
"20213","5410國眾","110/07/13","日盛-內湖",7,0,7
"20214","5410國眾","110/07/13","台灣企銀-民雄",0,10,-10
"20215","5410國眾","110/07/13","台新-左楠",7,0,7
"20216","5410國眾","110/07/13","高橋",0,10,-10
"20217","5410國眾","110/07/13","元大-新盛",18,12,6
"20218","5410國眾","110/07/13","康和-嘉義",0,10,-10
"20219","5410國眾","110/07/13","統一",5,0,5
"20220","5410國眾","110/07/13","凱基-基隆",0,10,-10
"20221","2841台開","110/07/13","中國信託-高雄",251,50,201
"20222","2841台開","110/07/13","兆豐-公益",0,177,-177
"20223","2841台開","110/07/13","日盛證券",210,13,197
"20224","2841台開","110/07/13","日進",0,152,-152
"20225","2841台開","110/07/13","第一金-台中",55,0,55
"20226","2841台開","110/07/13","港商野村",0,109,-109
"20227","2841台開","110/07/13","國泰-板橋",46,0,46
"20228","2841台開","110/07/13","日盛-信義",0,103,-103
"20229","2841台開","110/07/13","國泰-館前",48,3,45
"20230","2841台開","110/07/13","國泰-敦南",11,75,-64
"20231","2841台開","110/07/13","華南永昌-新莊",45,0,45
"20232","2841台開","110/07/13","永興",0,50,-50
"20233","2841台開","110/07/13","日盛-園區",42,0,42
"20234","2841台開","110/07/13","永豐金-敦南",61,104,-43
"20235","2841台開","110/07/13","台新證券",32,0,32
"20236","2841台開","110/07/13","富邦-台南",0,42,-42
"20237","2841台開","110/07/13","台新-高雄",32,2,30
"20238","2841台開","110/07/13","國票-安和",0,30,-30
"20239","2841台開","110/07/13","豐農",23,0,23
"20240","2841台開","110/07/13","元大-桃園",0,25,-25
"20241","2841台開","110/07/13","合庫-嘉義",20,0,20
"20242","2841台開","110/07/13","新光",8,32,-24
"20243","2841台開","110/07/13","華南永昌-高雄",20,0,20
"20244","2841台開","110/07/13","元大-仁愛",0,24,-24
"20245","2841台開","110/07/13","元大-樹林",16,0,16
"20246","2841台開","110/07/13","日盛-中和",0,20,-20
"20247","2841台開","110/07/13","第一金-華江",15,2,13
"20248","2841台開","110/07/13","元富",0,20,-20
"20249","2841台開","110/07/13","美商高盛",12,0,12
"20250","2841台開","110/07/13","富邦-宜蘭",0,20,-20
"20251","6207雷科","110/07/13","元大-高雄",121,0,121
"20252","6207雷科","110/07/13","華南永昌-朴子",1,60,-59
"20253","6207雷科","110/07/13","第一金-新興",20,0,20
"20254","6207雷科","110/07/13","元大-南海",0,36,-36
"20255","6207雷科","110/07/13","元富-三重",20,0,20
"20256","6207雷科","110/07/13","凱基-土城",0,35,-35
"20257","6207雷科","110/07/13","元大-林園",15,0,15
"20258","6207雷科","110/07/13","台灣企銀",0,20,-20
"20259","6207雷科","110/07/13","元大-金華",16,1,15
"20260","6207雷科","110/07/13","群益金鼎-丹鳳",0,20,-20
"20261","6207雷科","110/07/13","日盛證券",10,0,10
"20262","6207雷科","110/07/13","元大-博愛",0,17,-17
"20263","6207雷科","110/07/13","統一-台中",10,0,10
"20264","6207雷科","110/07/13","元大-北港",0,13,-13
"20265","6207雷科","110/07/13","群益金鼎-土城",10,0,10
"20266","6207雷科","110/07/13","新加坡商瑞銀",0,12,-12
"20267","6207雷科","110/07/13","群益金鼎-桃園",10,0,10
"20268","6207雷科","110/07/13","凱基-台北",4,16,-12
"20269","6207雷科","110/07/13","永豐金-新莊",10,0,10
"20270","6207雷科","110/07/13","日茂-埔里",0,11,-11
"20271","6207雷科","110/07/13","永豐金-新店",10,0,10
"20272","6207雷科","110/07/13","元大-莒光",0,11,-11
"20273","6207雷科","110/07/13","元大證券",9,0,9
"20274","6207雷科","110/07/13","統一-新竹",0,10,-10
"20275","6207雷科","110/07/13","日盛-木柵",9,1,8
"20276","6207雷科","110/07/13","元大-西螺",0,10,-10
"20277","6207雷科","110/07/13","兆豐-來福",8,0,8
"20278","6207雷科","110/07/13","康和-台中",0,8,-8
"20279","6207雷科","110/07/13","新光",7,0,7
"20280","6207雷科","110/07/13","兆豐-高雄",0,6,-6
"20281","3679新至陞","110/07/13","永豐金證券",50,0,50
"20282","3679新至陞","110/07/13","摩根大通",2,25,-23
"20283","3679新至陞","110/07/13","國泰-桃園",22,0,22
"20284","3679新至陞","110/07/13","元大-成功",0,22,-22
"20285","3679新至陞","110/07/13","台中銀-員林",11,0,11
"20286","3679新至陞","110/07/13","富邦-板橋",1,19,-18
"20287","3679新至陞","110/07/13","元大-文心興安",8,0,8
"20288","3679新至陞","110/07/13","日盛-新莊",0,10,-10
"20289","3679新至陞","110/07/13","美商高盛",6,0,6
"20290","3679新至陞","110/07/13","台新-台中",0,10,-10
"20291","3679新至陞","110/07/13","台新-高雄",6,0,6
"20292","3679新至陞","110/07/13","永豐金-新竹",0,8,-8
"20293","3679新至陞","110/07/13","凱基-台北",18,12,6
"20294","3679新至陞","110/07/13","瑞士信貸",12,19,-7
"20295","3679新至陞","110/07/13","日盛-復興",5,0,5
"20296","3679新至陞","110/07/13","統一-南京",0,7,-7
"20297","3679新至陞","110/07/13","(牛牛牛)亞-鑫豐",4,0,4
"20298","3679新至陞","110/07/13","凱基-新莊",0,7,-7
"20299","3679新至陞","110/07/13","元富-大昌",3,0,3
"20300","3679新至陞","110/07/13","新加坡商瑞銀",0,6,-6
"20301","3679新至陞","110/07/13","富邦-台北",3,0,3
"20302","3679新至陞","110/07/13","合庫-自強",0,5,-5
"20303","3679新至陞","110/07/13","日盛-樹林",2,0,2
"20304","3679新至陞","110/07/13","富邦-桃園",0,5,-5
"20305","3679新至陞","110/07/13","宏遠-光隆",2,0,2
"20306","3679新至陞","110/07/13","永豐金-潮州",0,4,-4
"20307","3679新至陞","110/07/13","美林",3,1,2
"20308","3679新至陞","110/07/13","臺銀-臺南",0,3,-3
"20309","3679新至陞","110/07/13","第一金-中壢",2,0,2
"20310","3679新至陞","110/07/13","元大-六合",0,3,-3
"20311","2727王品","110/07/13","富邦-台北",43,3,40
"20312","2727王品","110/07/13","台灣摩根士丹利",15,97,-82
"20313","2727王品","110/07/13","元大-基隆孝二",40,0,40
"20314","2727王品","110/07/13","玉山-台南",5,57,-52
"20315","2727王品","110/07/13","國票-新莊",40,1,39
"20316","2727王品","110/07/13","新加坡商瑞銀",0,48,-48
"20317","2727王品","110/07/13","第一金-豐原",66,42,24
"20318","2727王品","110/07/13","凱基-台北",41,77,-36
"20319","2727王品","110/07/13","永豐金-大園",34,10,24
"20320","2727王品","110/07/13","永豐金-永康",0,22,-22
"20321","2727王品","110/07/13","元大-北屯",22,0,22
"20322","2727王品","110/07/13","統一-台中",2,22,-20
"20323","2727王品","110/07/13","元大-東蘆",26,7,19
"20324","2727王品","110/07/13","國泰-台中",21,39,-18
"20325","2727王品","110/07/13","永豐金-萬盛",13,1,12
"20326","2727王品","110/07/13","合庫-彰化",3,20,-17
"20327","2727王品","110/07/13","日盛-嘉義",11,0,11
"20328","2727王品","110/07/13","港商野村",13,30,-17
"20329","2727王品","110/07/13","日盛-八德",11,0,11
"20330","2727王品","110/07/13","元大-楊梅",1,16,-15
"20331","2727王品","110/07/13","統一-竹南",11,0,11
"20332","2727王品","110/07/13","凱基-高美館",2,15,-13
"20333","2727王品","110/07/13","日盛-士林",12,2,10
"20334","2727王品","110/07/13","美商高盛",2,14,-12
"20335","2727王品","110/07/13","統一-敦南",10,0,10
"20336","2727王品","110/07/13","統一-平鎮",1,13,-12
"20337","2727王品","110/07/13","中國信託",15,5,10
"20338","2727王品","110/07/13","兆豐-台中港",4,16,-12
"20339","2727王品","110/07/13","兆豐-竹北",13,3,10
"20340","2727王品","110/07/13","凱基-八德",1,13,-12
"20341","1570力肯","110/07/13","新光",115,11,104
"20342","1570力肯","110/07/13","元大-北三重",0,162,-162
"20343","1570力肯","110/07/13","群益金鼎-高雄",54,0,54
"20344","1570力肯","110/07/13","元大-大灣",0,25,-25
"20345","1570力肯","110/07/13","國票-新莊",22,0,22
"20346","1570力肯","110/07/13","永豐金-苓雅",0,22,-22
"20347","1570力肯","110/07/13","日盛-桃園",12,0,12
"20348","1570力肯","110/07/13","永豐金-永康",0,19,-19
"20349","1570力肯","110/07/13","元大-高雄",12,0,12
"20350","1570力肯","110/07/13","富邦-員林",0,15,-15
"20351","1570力肯","110/07/13","合庫-自強",11,0,11
"20352","1570力肯","110/07/13","凱基-台南",0,11,-11
"20353","1570力肯","110/07/13","摩根大通",26,15,11
"20354","1570力肯","110/07/13","日盛-竹北",0,10,-10
"20355","1570力肯","110/07/13","永豐金-中盛",11,0,11
"20356","1570力肯","110/07/13","國票-九鼎",0,10,-10
"20357","1570力肯","110/07/13","兆豐-台中港",10,0,10
"20358","1570力肯","110/07/13","凱基-桃園",0,10,-10
"20359","1570力肯","110/07/13","國泰-松江",9,0,9
"20360","1570力肯","110/07/13","凱基-新豐",0,10,-10
"20361","1570力肯","110/07/13","元大-新盛",9,0,9
"20362","1570力肯","110/07/13","元大-學甲",0,10,-10
"20363","1570力肯","110/07/13","元富-緯城",6,0,6
"20364","1570力肯","110/07/13","群益金鼎-東湖",1,10,-9
"20365","1570力肯","110/07/13","統一-三重",5,0,5
"20366","1570力肯","110/07/13","大昌",0,6,-6
"20367","1570力肯","110/07/13","元大-前金",5,0,5
"20368","1570力肯","110/07/13","元大-土城學府",0,6,-6
"20369","1570力肯","110/07/13","永豐金證券",5,0,5
"20370","1570力肯","110/07/13","統一",0,5,-5
"20371","6180橘子","110/07/13","摩根大通",119,0,119
"20372","6180橘子","110/07/13","元大-崇德",2,61,-59
"20373","6180橘子","110/07/13","美商高盛",96,0,96
"20374","6180橘子","110/07/13","康和-台中",0,51,-51
"20375","6180橘子","110/07/13","新加坡商瑞銀",86,7,79
"20376","6180橘子","110/07/13","康和-台北",0,50,-50
"20377","6180橘子","110/07/13","元大-和平",40,0,40
"20378","6180橘子","110/07/13","元富-潮州",0,40,-40
"20379","6180橘子","110/07/13","凱基-台北",83,47,36
"20380","6180橘子","110/07/13","日盛-永康",0,26,-26
"20381","6180橘子","110/07/13","美林",39,5,34
"20382","6180橘子","110/07/13","永豐金-中正",0,24,-24
"20383","6180橘子","110/07/13","富邦-新竹華信",31,2,29
"20384","6180橘子","110/07/13","國泰-板橋",2,25,-23
"20385","6180橘子","110/07/13","統一-南京",21,0,21
"20386","6180橘子","110/07/13","日盛-大墩",0,20,-20
"20387","6180橘子","110/07/13","富邦-陽明",24,3,21
"20388","6180橘子","110/07/13","元大-草屯",13,32,-19
"20389","6180橘子","110/07/13","大昌-樹林",21,1,20
"20390","6180橘子","110/07/13","元富-林園",1,18,-17
"20391","6180橘子","110/07/13","花旗環球",19,0,19
"20392","6180橘子","110/07/13","新光-新竹",1,18,-17
"20393","6180橘子","110/07/13","華南永昌-台南",19,0,19
"20394","6180橘子","110/07/13","元大-土城永寧",0,17,-17
"20395","6180橘子","110/07/13","福勝",14,0,14
"20396","6180橘子","110/07/13","國泰-新莊",3,19,-16
"20397","6180橘子","110/07/13","富邦-嘉義",12,1,11
"20398","6180橘子","110/07/13","中國信託-永康",6,21,-15
"20399","6180橘子","110/07/13","元大-板橋三民",11,0,11
"20400","6180橘子","110/07/13","凱基-東港",1,15,-14
"20401","2390云辰","110/07/13","新加坡商瑞銀",562,75,487
"20402","2390云辰","110/07/13","大展-台南",0,532,-532
"20403","2390云辰","110/07/13","台灣摩根士丹利",330,155,175
"20404","2390云辰","110/07/13","凱基-台北",668,854,-186
"20405","2390云辰","110/07/13","兆豐-公益",126,25,101
"20406","2390云辰","110/07/13","凱基-三重",12,172,-160
"20407","2390云辰","110/07/13","元富-中港",100,2,98
"20408","2390云辰","110/07/13","兆豐-忠孝",4,161,-157
"20409","2390云辰","110/07/13","統一-新台中",106,9,97
"20410","2390云辰","110/07/13","元大-士林",19,170,-151
"20411","2390云辰","110/07/13","中國信託-松江",81,11,70
"20412","2390云辰","110/07/13","臺銀-新竹",14,117,-103
"20413","2390云辰","110/07/13","日盛-板橋",72,3,69
"20414","2390云辰","110/07/13","國票-台中",4,102,-98
"20415","2390云辰","110/07/13","日盛-和美",57,0,57
"20416","2390云辰","110/07/13","新光",147,232,-85
"20417","2390云辰","110/07/13","永豐金-桃園",88,36,52
"20418","2390云辰","110/07/13","致和-崇德",2,70,-68
"20419","2390云辰","110/07/13","玉山-士林",54,4,50
"20420","2390云辰","110/07/13","群益金鼎-屏東",2,70,-68
"20421","2390云辰","110/07/13","富邦-仁愛",56,6,50
"20422","2390云辰","110/07/13","元大-大里",35,98,-63
"20423","2390云辰","110/07/13","第一金-豐原",50,1,49
"20424","2390云辰","110/07/13","元大-萬華",35,94,-59
"20425","2390云辰","110/07/13","摩根大通",502,453,49
"20426","2390云辰","110/07/13","元富-吉利",2,60,-58
"20427","2390云辰","110/07/13","凱基-松山",61,13,48
"20428","2390云辰","110/07/13","兆豐-新竹",3,53,-50
"20429","2390云辰","110/07/13","大昌",64,22,42
"20430","2390云辰","110/07/13","富邦-嘉義",65,108,-43
"20431","2363矽統","110/07/13","凱基-南崁",2133,63,2070
"20432","2363矽統","110/07/13","凱基-幸福",36,4048,-4012
"20433","2363矽統","110/07/13","國泰-敦南",2195,1617,578
"20434","2363矽統","110/07/13","統一",192,3325,-3133
"20435","2363矽統","110/07/13","中農",670,139,531
"20436","2363矽統","110/07/13","新加坡商瑞銀",1000,2747,-1747
"20437","2363矽統","110/07/13","康和-台中",638,154,484
"20438","2363矽統","110/07/13","凱基-台北",5359,6609,-1250
"20439","2363矽統","110/07/13","群益金鼎-三民",577,137,440
"20440","2363矽統","110/07/13","摩根大通",1930,2858,-928
"20441","2363矽統","110/07/13","台新-屏東",510,88,422
"20442","2363矽統","110/07/13","港商野村",960,1679,-719
"20443","2363矽統","110/07/13","德信-中正",455,67,388
"20444","2363矽統","110/07/13","兆豐-復興",25,705,-680
"20445","2363矽統","110/07/13","日盛-竹北",365,70,295
"20446","2363矽統","110/07/13","統一-仁愛",114,755,-641
"20447","2363矽統","110/07/13","元大-佳里",452,189,263
"20448","2363矽統","110/07/13","統一-敦南",29,638,-609
"20449","2363矽統","110/07/13","國票-博愛",296,38,258
"20450","2363矽統","110/07/13","統一-土城",100,704,-604
"20451","2363矽統","110/07/13","元大-萬華",340,95,245
"20452","2363矽統","110/07/13","統一-城中",116,676,-560
"20453","2363矽統","110/07/13","新光",1259,1031,228
"20454","2363矽統","110/07/13","永豐金證券",306,859,-553
"20455","2363矽統","110/07/13","元富-成功",323,96,227
"20456","2363矽統","110/07/13","元富",54,567,-513
"20457","2363矽統","110/07/13","豐農",228,23,205
"20458","2363矽統","110/07/13","瑞士信貸",202,666,-464
"20459","2363矽統","110/07/13","台灣企銀-岡山",186,4,182
"20460","2363矽統","110/07/13","永豐金-嘉義",67,468,-401
"20461","8112至上","110/07/13","摩根大通",688,296,392
"20462","8112至上","110/07/13","國票-中和",0,401,-401
"20463","8112至上","110/07/13","港商野村",344,145,199
"20464","8112至上","110/07/13","永豐金-板盛",0,205,-205
"20465","8112至上","110/07/13","兆豐-公益",195,5,190
"20466","8112至上","110/07/13","凱基-五股",43,155,-112
"20467","8112至上","110/07/13","台灣摩根士丹利",183,0,183
"20468","8112至上","110/07/13","凱基-市政",0,100,-100
"20469","8112至上","110/07/13","群益金鼎-敦南",153,2,151
"20470","8112至上","110/07/13","元大-大里德芳",1,92,-91
"20471","8112至上","110/07/13","臺銀-金山",146,26,120
"20472","8112至上","110/07/13","玉山-桃園",26,110,-84
"20473","8112至上","110/07/13","臺銀",133,19,114
"20474","8112至上","110/07/13","兆豐-天母",0,81,-81
"20475","8112至上","110/07/13","合庫-台中",115,6,109
"20476","8112至上","110/07/13","凱基-城中",3,84,-81
"20477","8112至上","110/07/13","亞東-板橋",134,26,108
"20478","8112至上","110/07/13","日盛-新莊",9,85,-76
"20479","8112至上","110/07/13","凱基-台北",414,326,88
"20480","8112至上","110/07/13","日盛-台中",2,64,-62
"20481","8112至上","110/07/13","新加坡商瑞銀",181,100,81
"20482","8112至上","110/07/13","日盛-中壢",3,64,-61
"20483","8112至上","110/07/13","國泰-敦南",108,31,77
"20484","8112至上","110/07/13","元大-台中",2,59,-57
"20485","8112至上","110/07/13","第一金-華江",77,4,73
"20486","8112至上","110/07/13","元大-雙和",7,64,-57
"20487","8112至上","110/07/13","永豐金-內湖",73,1,72
"20488","8112至上","110/07/13","元大-高雄",8,62,-54
"20489","8112至上","110/07/13","元大-永和",68,1,67
"20490","8112至上","110/07/13","元大-館前",2,55,-53
"20491","2929淘帝","110/07/13","玉山-新竹",130,0,130
"20492","2929淘帝","110/07/13","美商高盛",0,177,-177
"20493","2929淘帝","110/07/13","臺銀-民權",60,0,60
"20494","2929淘帝","110/07/13","凱基-台北",6,80,-74
"20495","2929淘帝","110/07/13","新百王",31,0,31
"20496","2929淘帝","110/07/13","元富-大裕",0,49,-49
"20497","2929淘帝","110/07/13","日盛-園區",30,0,30
"20498","2929淘帝","110/07/13","國泰-館前",3,51,-48
"20499","2929淘帝","110/07/13","元大-南投",31,1,30
"20500","2929淘帝","110/07/13","凱基-中壢",0,41,-41
"20501","2929淘帝","110/07/13","兆豐-忠孝",28,0,28
"20502","2929淘帝","110/07/13","港商野村",21,55,-34
"20503","2929淘帝","110/07/13","元大-民生",28,0,28
"20504","2929淘帝","110/07/13","華南永昌-南京",2,34,-32
"20505","2929淘帝","110/07/13","合庫-高雄",27,0,27
"20506","2929淘帝","110/07/13","群益金鼎-土城",0,30,-30
"20507","2929淘帝","110/07/13","凱基-豐中",27,0,27
"20508","2929淘帝","110/07/13","富邦-南屯",0,22,-22
"20509","2929淘帝","110/07/13","新光",21,4,17
"20510","2929淘帝","110/07/13","第一金-豐原",0,20,-20
"20511","2929淘帝","110/07/13","元大-天母",17,0,17
"20512","2929淘帝","110/07/13","元大-屏南",6,26,-20
"20513","2929淘帝","110/07/13","永興",14,0,14
"20514","2929淘帝","110/07/13","永豐金-敦南",1,21,-20
"20515","2929淘帝","110/07/13","富邦-台北",12,0,12
"20516","2929淘帝","110/07/13","凱基-三重",2,21,-19
"20517","2929淘帝","110/07/13","元大-永和",12,0,12
"20518","2929淘帝","110/07/13","富邦-仁愛",7,25,-18
"20519","2929淘帝","110/07/13","國票-天祥",11,0,11
"20520","2929淘帝","110/07/13","元大-北投",0,16,-16
"20521","5410國眾","110/07/13","兆豐-城中",274,0,274
"20522","5410國眾","110/07/13","元富-嘉義",0,103,-103
"20523","5410國眾","110/07/13","新光",50,4,46
"20524","5410國眾","110/07/13","凱基-台北",0,50,-50
"20525","5410國眾","110/07/13","國泰-台中",26,0,26
"20526","5410國眾","110/07/13","瑞士信貸",0,31,-31
"20527","5410國眾","110/07/13","新加坡商瑞銀",22,0,22
"20528","5410國眾","110/07/13","台新-新莊",0,27,-27
"20529","5410國眾","110/07/13","光和-嘉義",20,0,20
"20530","5410國眾","110/07/13","元大-汐止",0,20,-20
"20531","5410國眾","110/07/13","凱基-竹北",17,0,17
"20532","5410國眾","110/07/13","亞東-新竹",0,17,-17
"20533","5410國眾","110/07/13","新光-桃園",15,0,15
"20534","5410國眾","110/07/13","元大-南勢角",0,13,-13
"20535","5410國眾","110/07/13","凱基-台東",14,0,14
"20536","5410國眾","110/07/13","台新-台南",0,12,-12
"20537","5410國眾","110/07/13","富邦-竹北",11,0,11
"20538","5410國眾","110/07/13","中國信託",0,11,-11
"20539","5410國眾","110/07/13","元富-同大",10,0,10
"20540","5410國眾","110/07/13","華南永昌",0,11,-11
"20541","5410國眾","110/07/13","國泰-敦南",24,15,9
"20542","5410國眾","110/07/13","臺銀-臺南",0,10,-10
"20543","5410國眾","110/07/13","日盛-內湖",7,0,7
"20544","5410國眾","110/07/13","台灣企銀-民雄",0,10,-10
"20545","5410國眾","110/07/13","台新-左楠",7,0,7
"20546","5410國眾","110/07/13","高橋",0,10,-10
"20547","5410國眾","110/07/13","元大-新盛",18,12,6
"20548","5410國眾","110/07/13","康和-嘉義",0,10,-10
"20549","5410國眾","110/07/13","統一",5,0,5
"20550","5410國眾","110/07/13","凱基-基隆",0,10,-10
"20551","2841台開","110/07/13","中國信託-高雄",251,50,201
"20552","2841台開","110/07/13","兆豐-公益",0,177,-177
"20553","2841台開","110/07/13","日盛證券",210,13,197
"20554","2841台開","110/07/13","日進",0,152,-152
"20555","2841台開","110/07/13","第一金-台中",55,0,55
"20556","2841台開","110/07/13","港商野村",0,109,-109
"20557","2841台開","110/07/13","國泰-板橋",46,0,46
"20558","2841台開","110/07/13","日盛-信義",0,103,-103
"20559","2841台開","110/07/13","國泰-館前",48,3,45
"20560","2841台開","110/07/13","國泰-敦南",11,75,-64
"20561","2841台開","110/07/13","華南永昌-新莊",45,0,45
"20562","2841台開","110/07/13","永興",0,50,-50
"20563","2841台開","110/07/13","日盛-園區",42,0,42
"20564","2841台開","110/07/13","永豐金-敦南",61,104,-43
"20565","2841台開","110/07/13","台新證券",32,0,32
"20566","2841台開","110/07/13","富邦-台南",0,42,-42
"20567","2841台開","110/07/13","台新-高雄",32,2,30
"20568","2841台開","110/07/13","國票-安和",0,30,-30
"20569","2841台開","110/07/13","豐農",23,0,23
"20570","2841台開","110/07/13","元大-桃園",0,25,-25
"20571","2841台開","110/07/13","合庫-嘉義",20,0,20
"20572","2841台開","110/07/13","新光",8,32,-24
"20573","2841台開","110/07/13","華南永昌-高雄",20,0,20
"20574","2841台開","110/07/13","元大-仁愛",0,24,-24
"20575","2841台開","110/07/13","元大-樹林",16,0,16
"20576","2841台開","110/07/13","日盛-中和",0,20,-20
"20577","2841台開","110/07/13","第一金-華江",15,2,13
"20578","2841台開","110/07/13","元富",0,20,-20
"20579","2841台開","110/07/13","美商高盛",12,0,12
"20580","2841台開","110/07/13","富邦-宜蘭",0,20,-20
"20581","6207雷科","110/07/13","元大-高雄",121,0,121
"20582","6207雷科","110/07/13","華南永昌-朴子",1,60,-59
"20583","6207雷科","110/07/13","第一金-新興",20,0,20
"20584","6207雷科","110/07/13","元大-南海",0,36,-36
"20585","6207雷科","110/07/13","元富-三重",20,0,20
"20586","6207雷科","110/07/13","凱基-土城",0,35,-35
"20587","6207雷科","110/07/13","元大-林園",15,0,15
"20588","6207雷科","110/07/13","台灣企銀",0,20,-20
"20589","6207雷科","110/07/13","元大-金華",16,1,15
"20590","6207雷科","110/07/13","群益金鼎-丹鳳",0,20,-20
"20591","6207雷科","110/07/13","日盛證券",10,0,10
"20592","6207雷科","110/07/13","元大-博愛",0,17,-17
"20593","6207雷科","110/07/13","統一-台中",10,0,10
"20594","6207雷科","110/07/13","元大-北港",0,13,-13
"20595","6207雷科","110/07/13","群益金鼎-土城",10,0,10
"20596","6207雷科","110/07/13","新加坡商瑞銀",0,12,-12
"20597","6207雷科","110/07/13","群益金鼎-桃園",10,0,10
"20598","6207雷科","110/07/13","凱基-台北",4,16,-12
"20599","6207雷科","110/07/13","永豐金-新莊",10,0,10
"20600","6207雷科","110/07/13","日茂-埔里",0,11,-11
"20601","6207雷科","110/07/13","永豐金-新店",10,0,10
"20602","6207雷科","110/07/13","元大-莒光",0,11,-11
"20603","6207雷科","110/07/13","元大證券",9,0,9
"20604","6207雷科","110/07/13","統一-新竹",0,10,-10
"20605","6207雷科","110/07/13","日盛-木柵",9,1,8
"20606","6207雷科","110/07/13","元大-西螺",0,10,-10
"20607","6207雷科","110/07/13","兆豐-來福",8,0,8
"20608","6207雷科","110/07/13","康和-台中",0,8,-8
"20609","6207雷科","110/07/13","新光",7,0,7
"20610","6207雷科","110/07/13","兆豐-高雄",0,6,-6
"20611","3679新至陞","110/07/13","永豐金證券",50,0,50
"20612","3679新至陞","110/07/13","摩根大通",2,25,-23
"20613","3679新至陞","110/07/13","國泰-桃園",22,0,22
"20614","3679新至陞","110/07/13","元大-成功",0,22,-22
"20615","3679新至陞","110/07/13","台中銀-員林",11,0,11
"20616","3679新至陞","110/07/13","富邦-板橋",1,19,-18
"20617","3679新至陞","110/07/13","元大-文心興安",8,0,8
"20618","3679新至陞","110/07/13","日盛-新莊",0,10,-10
"20619","3679新至陞","110/07/13","美商高盛",6,0,6
"20620","3679新至陞","110/07/13","台新-台中",0,10,-10
"20621","3679新至陞","110/07/13","台新-高雄",6,0,6
"20622","3679新至陞","110/07/13","永豐金-新竹",0,8,-8
"20623","3679新至陞","110/07/13","凱基-台北",18,12,6
"20624","3679新至陞","110/07/13","瑞士信貸",12,19,-7
"20625","3679新至陞","110/07/13","日盛-復興",5,0,5
"20626","3679新至陞","110/07/13","統一-南京",0,7,-7
"20627","3679新至陞","110/07/13","(牛牛牛)亞-鑫豐",4,0,4
"20628","3679新至陞","110/07/13","凱基-新莊",0,7,-7
"20629","3679新至陞","110/07/13","元富-大昌",3,0,3
"20630","3679新至陞","110/07/13","新加坡商瑞銀",0,6,-6
"20631","3679新至陞","110/07/13","富邦-台北",3,0,3
"20632","3679新至陞","110/07/13","合庫-自強",0,5,-5
"20633","3679新至陞","110/07/13","日盛-樹林",2,0,2
"20634","3679新至陞","110/07/13","富邦-桃園",0,5,-5
"20635","3679新至陞","110/07/13","宏遠-光隆",2,0,2
"20636","3679新至陞","110/07/13","永豐金-潮州",0,4,-4
"20637","3679新至陞","110/07/13","美林",3,1,2
"20638","3679新至陞","110/07/13","臺銀-臺南",0,3,-3
"20639","3679新至陞","110/07/13","第一金-中壢",2,0,2
"20640","3679新至陞","110/07/13","元大-六合",0,3,-3
"20641","2727王品","110/07/13","富邦-台北",43,3,40
"20642","2727王品","110/07/13","台灣摩根士丹利",15,97,-82
"20643","2727王品","110/07/13","元大-基隆孝二",40,0,40
"20644","2727王品","110/07/13","玉山-台南",5,57,-52
"20645","2727王品","110/07/13","國票-新莊",40,1,39
"20646","2727王品","110/07/13","新加坡商瑞銀",0,48,-48
"20647","2727王品","110/07/13","第一金-豐原",66,42,24
"20648","2727王品","110/07/13","凱基-台北",41,77,-36
"20649","2727王品","110/07/13","永豐金-大園",34,10,24
"20650","2727王品","110/07/13","永豐金-永康",0,22,-22
"20651","2727王品","110/07/13","元大-北屯",22,0,22
"20652","2727王品","110/07/13","統一-台中",2,22,-20
"20653","2727王品","110/07/13","元大-東蘆",26,7,19
"20654","2727王品","110/07/13","國泰-台中",21,39,-18
"20655","2727王品","110/07/13","永豐金-萬盛",13,1,12
"20656","2727王品","110/07/13","合庫-彰化",3,20,-17
"20657","2727王品","110/07/13","日盛-嘉義",11,0,11
"20658","2727王品","110/07/13","港商野村",13,30,-17
"20659","2727王品","110/07/13","日盛-八德",11,0,11
"20660","2727王品","110/07/13","元大-楊梅",1,16,-15
"20661","2727王品","110/07/13","統一-竹南",11,0,11
"20662","2727王品","110/07/13","凱基-高美館",2,15,-13
"20663","2727王品","110/07/13","日盛-士林",12,2,10
"20664","2727王品","110/07/13","美商高盛",2,14,-12
"20665","2727王品","110/07/13","統一-敦南",10,0,10
"20666","2727王品","110/07/13","統一-平鎮",1,13,-12
"20667","2727王品","110/07/13","中國信託",15,5,10
"20668","2727王品","110/07/13","兆豐-台中港",4,16,-12
"20669","2727王品","110/07/13","兆豐-竹北",13,3,10
"20670","2727王品","110/07/13","凱基-八德",1,13,-12
"20671","1570力肯","110/07/13","新光",115,11,104
"20672","1570力肯","110/07/13","元大-北三重",0,162,-162
"20673","1570力肯","110/07/13","群益金鼎-高雄",54,0,54
"20674","1570力肯","110/07/13","元大-大灣",0,25,-25
"20675","1570力肯","110/07/13","國票-新莊",22,0,22
"20676","1570力肯","110/07/13","永豐金-苓雅",0,22,-22
"20677","1570力肯","110/07/13","日盛-桃園",12,0,12
"20678","1570力肯","110/07/13","永豐金-永康",0,19,-19
"20679","1570力肯","110/07/13","元大-高雄",12,0,12
"20680","1570力肯","110/07/13","富邦-員林",0,15,-15
"20681","1570力肯","110/07/13","合庫-自強",11,0,11
"20682","1570力肯","110/07/13","凱基-台南",0,11,-11
"20683","1570力肯","110/07/13","摩根大通",26,15,11
"20684","1570力肯","110/07/13","日盛-竹北",0,10,-10
"20685","1570力肯","110/07/13","永豐金-中盛",11,0,11
"20686","1570力肯","110/07/13","國票-九鼎",0,10,-10
"20687","1570力肯","110/07/13","兆豐-台中港",10,0,10
"20688","1570力肯","110/07/13","凱基-桃園",0,10,-10
"20689","1570力肯","110/07/13","國泰-松江",9,0,9
"20690","1570力肯","110/07/13","凱基-新豐",0,10,-10
"20691","1570力肯","110/07/13","元大-新盛",9,0,9
"20692","1570力肯","110/07/13","元大-學甲",0,10,-10
"20693","1570力肯","110/07/13","元富-緯城",6,0,6
"20694","1570力肯","110/07/13","群益金鼎-東湖",1,10,-9
"20695","1570力肯","110/07/13","統一-三重",5,0,5
"20696","1570力肯","110/07/13","大昌",0,6,-6
"20697","1570力肯","110/07/13","元大-前金",5,0,5
"20698","1570力肯","110/07/13","元大-土城學府",0,6,-6
"20699","1570力肯","110/07/13","永豐金證券",5,0,5
"20700","1570力肯","110/07/13","統一",0,5,-5
"20701","6180橘子","110/07/13","摩根大通",119,0,119
"20702","6180橘子","110/07/13","元大-崇德",2,61,-59
"20703","6180橘子","110/07/13","美商高盛",96,0,96
"20704","6180橘子","110/07/13","康和-台中",0,51,-51
"20705","6180橘子","110/07/13","新加坡商瑞銀",86,7,79
"20706","6180橘子","110/07/13","康和-台北",0,50,-50
"20707","6180橘子","110/07/13","元大-和平",40,0,40
"20708","6180橘子","110/07/13","元富-潮州",0,40,-40
"20709","6180橘子","110/07/13","凱基-台北",83,47,36
"20710","6180橘子","110/07/13","日盛-永康",0,26,-26
"20711","6180橘子","110/07/13","美林",39,5,34
"20712","6180橘子","110/07/13","永豐金-中正",0,24,-24
"20713","6180橘子","110/07/13","富邦-新竹華信",31,2,29
"20714","6180橘子","110/07/13","國泰-板橋",2,25,-23
"20715","6180橘子","110/07/13","統一-南京",21,0,21
"20716","6180橘子","110/07/13","日盛-大墩",0,20,-20
"20717","6180橘子","110/07/13","富邦-陽明",24,3,21
"20718","6180橘子","110/07/13","元大-草屯",13,32,-19
"20719","6180橘子","110/07/13","大昌-樹林",21,1,20
"20720","6180橘子","110/07/13","元富-林園",1,18,-17
"20721","6180橘子","110/07/13","花旗環球",19,0,19
"20722","6180橘子","110/07/13","新光-新竹",1,18,-17
"20723","6180橘子","110/07/13","華南永昌-台南",19,0,19
"20724","6180橘子","110/07/13","元大-土城永寧",0,17,-17
"20725","6180橘子","110/07/13","福勝",14,0,14
"20726","6180橘子","110/07/13","國泰-新莊",3,19,-16
"20727","6180橘子","110/07/13","富邦-嘉義",12,1,11
"20728","6180橘子","110/07/13","中國信託-永康",6,21,-15
"20729","6180橘子","110/07/13","元大-板橋三民",11,0,11
"20730","6180橘子","110/07/13","凱基-東港",1,15,-14
"20731","2390云辰","110/07/13","新加坡商瑞銀",562,75,487
"20732","2390云辰","110/07/13","大展-台南",0,532,-532
"20733","2390云辰","110/07/13","台灣摩根士丹利",330,155,175
"20734","2390云辰","110/07/13","凱基-台北",668,854,-186
"20735","2390云辰","110/07/13","兆豐-公益",126,25,101
"20736","2390云辰","110/07/13","凱基-三重",12,172,-160
"20737","2390云辰","110/07/13","元富-中港",100,2,98
"20738","2390云辰","110/07/13","兆豐-忠孝",4,161,-157
"20739","2390云辰","110/07/13","統一-新台中",106,9,97
"20740","2390云辰","110/07/13","元大-士林",19,170,-151
"20741","2390云辰","110/07/13","中國信託-松江",81,11,70
"20742","2390云辰","110/07/13","臺銀-新竹",14,117,-103
"20743","2390云辰","110/07/13","日盛-板橋",72,3,69
"20744","2390云辰","110/07/13","國票-台中",4,102,-98
"20745","2390云辰","110/07/13","日盛-和美",57,0,57
"20746","2390云辰","110/07/13","新光",147,232,-85
"20747","2390云辰","110/07/13","永豐金-桃園",88,36,52
"20748","2390云辰","110/07/13","致和-崇德",2,70,-68
"20749","2390云辰","110/07/13","玉山-士林",54,4,50
"20750","2390云辰","110/07/13","群益金鼎-屏東",2,70,-68
"20751","2390云辰","110/07/13","富邦-仁愛",56,6,50
"20752","2390云辰","110/07/13","元大-大里",35,98,-63
"20753","2390云辰","110/07/13","第一金-豐原",50,1,49
"20754","2390云辰","110/07/13","元大-萬華",35,94,-59
"20755","2390云辰","110/07/13","摩根大通",502,453,49
"20756","2390云辰","110/07/13","元富-吉利",2,60,-58
"20757","2390云辰","110/07/13","凱基-松山",61,13,48
"20758","2390云辰","110/07/13","兆豐-新竹",3,53,-50
"20759","2390云辰","110/07/13","大昌",64,22,42
"20760","2390云辰","110/07/13","富邦-嘉義",65,108,-43
"20761","2363矽統","110/07/13","凱基-南崁",2133,63,2070
"20762","2363矽統","110/07/13","凱基-幸福",36,4048,-4012
"20763","2363矽統","110/07/13","國泰-敦南",2195,1617,578
"20764","2363矽統","110/07/13","統一",192,3325,-3133
"20765","2363矽統","110/07/13","中農",670,139,531
"20766","2363矽統","110/07/13","新加坡商瑞銀",1000,2747,-1747
"20767","2363矽統","110/07/13","康和-台中",638,154,484
"20768","2363矽統","110/07/13","凱基-台北",5359,6609,-1250
"20769","2363矽統","110/07/13","群益金鼎-三民",577,137,440
"20770","2363矽統","110/07/13","摩根大通",1930,2858,-928
"20771","2363矽統","110/07/13","台新-屏東",510,88,422
"20772","2363矽統","110/07/13","港商野村",960,1679,-719
"20773","2363矽統","110/07/13","德信-中正",455,67,388
"20774","2363矽統","110/07/13","兆豐-復興",25,705,-680
"20775","2363矽統","110/07/13","日盛-竹北",365,70,295
"20776","2363矽統","110/07/13","統一-仁愛",114,755,-641
"20777","2363矽統","110/07/13","元大-佳里",452,189,263
"20778","2363矽統","110/07/13","統一-敦南",29,638,-609
"20779","2363矽統","110/07/13","國票-博愛",296,38,258
"20780","2363矽統","110/07/13","統一-土城",100,704,-604
"20781","2363矽統","110/07/13","元大-萬華",340,95,245
"20782","2363矽統","110/07/13","統一-城中",116,676,-560
"20783","2363矽統","110/07/13","新光",1259,1031,228
"20784","2363矽統","110/07/13","永豐金證券",306,859,-553
"20785","2363矽統","110/07/13","元富-成功",323,96,227
"20786","2363矽統","110/07/13","元富",54,567,-513
"20787","2363矽統","110/07/13","豐農",228,23,205
"20788","2363矽統","110/07/13","瑞士信貸",202,666,-464
"20789","2363矽統","110/07/13","台灣企銀-岡山",186,4,182
"20790","2363矽統","110/07/13","永豐金-嘉義",67,468,-401
"20791","8112至上","110/07/13","摩根大通",688,296,392
"20792","8112至上","110/07/13","國票-中和",0,401,-401
"20793","8112至上","110/07/13","港商野村",344,145,199
"20794","8112至上","110/07/13","永豐金-板盛",0,205,-205
"20795","8112至上","110/07/13","兆豐-公益",195,5,190
"20796","8112至上","110/07/13","凱基-五股",43,155,-112
"20797","8112至上","110/07/13","台灣摩根士丹利",183,0,183
"20798","8112至上","110/07/13","凱基-市政",0,100,-100
"20799","8112至上","110/07/13","群益金鼎-敦南",153,2,151
"20800","8112至上","110/07/13","元大-大里德芳",1,92,-91
"20801","8112至上","110/07/13","臺銀-金山",146,26,120
"20802","8112至上","110/07/13","玉山-桃園",26,110,-84
"20803","8112至上","110/07/13","臺銀",133,19,114
"20804","8112至上","110/07/13","兆豐-天母",0,81,-81
"20805","8112至上","110/07/13","合庫-台中",115,6,109
"20806","8112至上","110/07/13","凱基-城中",3,84,-81
"20807","8112至上","110/07/13","亞東-板橋",134,26,108
"20808","8112至上","110/07/13","日盛-新莊",9,85,-76
"20809","8112至上","110/07/13","凱基-台北",414,326,88
"20810","8112至上","110/07/13","日盛-台中",2,64,-62
"20811","8112至上","110/07/13","新加坡商瑞銀",181,100,81
"20812","8112至上","110/07/13","日盛-中壢",3,64,-61
"20813","8112至上","110/07/13","國泰-敦南",108,31,77
"20814","8112至上","110/07/13","元大-台中",2,59,-57
"20815","8112至上","110/07/13","第一金-華江",77,4,73
"20816","8112至上","110/07/13","元大-雙和",7,64,-57
"20817","8112至上","110/07/13","永豐金-內湖",73,1,72
"20818","8112至上","110/07/13","元大-高雄",8,62,-54
"20819","8112至上","110/07/13","元大-永和",68,1,67
"20820","8112至上","110/07/13","元大-館前",2,55,-53
"20821","4903聯光通","110/07/13","台灣企銀-太平",56,0,56
"20822","4903聯光通","110/07/13","土銀",0,32,-32
"20823","4903聯光通","110/07/13","元富-新興",23,0,23
"20824","4903聯光通","110/07/13","元大-樹林",0,19,-19
"20825","4903聯光通","110/07/13","日盛-樹林",22,0,22
"20826","4903聯光通","110/07/13","凱基-士林",0,17,-17
"20827","4903聯光通","110/07/13","兆豐-天母",20,0,20
"20828","4903聯光通","110/07/13","國票-博愛",0,14,-14
"20829","4903聯光通","110/07/13","華南永昌-桃園",20,0,20
"20830","4903聯光通","110/07/13","元富",0,10,-10
"20831","4903聯光通","110/07/13","富邦-新店",10,0,10
"20832","4903聯光通","110/07/13","新光",0,10,-10
"20833","4903聯光通","110/07/13","新光-台中",5,0,5
"20834","4903聯光通","110/07/13","玉山-南京東路",0,10,-10
"20835","4903聯光通","110/07/13","華南永昌-台中",5,0,5
"20836","4903聯光通","110/07/13","富邦-陽明",0,10,-10
"20837","4903聯光通","110/07/13","元大-崇德",5,0,5
"20838","4903聯光通","110/07/13","元大-大甲",0,8,-8
"20839","4903聯光通","110/07/13","元大-草屯",5,0,5
"20840","4903聯光通","110/07/13","富邦-台中",0,7,-7
"20841","4903聯光通","110/07/13","元富-草屯",4,0,4
"20842","4903聯光通","110/07/13","凱基-中壢",0,6,-6
"20843","4903聯光通","110/07/13","元大-清水",4,0,4
"20844","4903聯光通","110/07/13","臺銀-民權",0,5,-5
"20845","4903聯光通","110/07/13","元大-東泰",4,0,4
"20846","4903聯光通","110/07/13","日盛-板橋",0,5,-5
"20847","4903聯光通","110/07/13","元大-佳里",2,0,2
"20848","4903聯光通","110/07/13","中國信託-忠孝",0,5,-5
"20849","4903聯光通","110/07/13","永豐金-板橋",2,0,2
"20850","4903聯光通","110/07/13","永豐金-鳳山",0,5,-5
"20851","2929淘帝","110/07/13","玉山-新竹",130,0,130
"20852","2929淘帝","110/07/13","美商高盛",0,177,-177
"20853","2929淘帝","110/07/13","臺銀-民權",60,0,60
"20854","2929淘帝","110/07/13","凱基-台北",6,80,-74
"20855","2929淘帝","110/07/13","新百王",31,0,31
"20856","2929淘帝","110/07/13","元富-大裕",0,49,-49
"20857","2929淘帝","110/07/13","日盛-園區",30,0,30
"20858","2929淘帝","110/07/13","國泰-館前",3,51,-48
"20859","2929淘帝","110/07/13","元大-南投",31,1,30
"20860","2929淘帝","110/07/13","凱基-中壢",0,41,-41
"20861","2929淘帝","110/07/13","兆豐-忠孝",28,0,28
"20862","2929淘帝","110/07/13","港商野村",21,55,-34
"20863","2929淘帝","110/07/13","元大-民生",28,0,28
"20864","2929淘帝","110/07/13","華南永昌-南京",2,34,-32
"20865","2929淘帝","110/07/13","合庫-高雄",27,0,27
"20866","2929淘帝","110/07/13","群益金鼎-土城",0,30,-30
"20867","2929淘帝","110/07/13","凱基-豐中",27,0,27
"20868","2929淘帝","110/07/13","富邦-南屯",0,22,-22
"20869","2929淘帝","110/07/13","新光",21,4,17
"20870","2929淘帝","110/07/13","第一金-豐原",0,20,-20
"20871","2929淘帝","110/07/13","元大-天母",17,0,17
"20872","2929淘帝","110/07/13","元大-屏南",6,26,-20
"20873","2929淘帝","110/07/13","永興",14,0,14
"20874","2929淘帝","110/07/13","永豐金-敦南",1,21,-20
"20875","2929淘帝","110/07/13","富邦-台北",12,0,12
"20876","2929淘帝","110/07/13","凱基-三重",2,21,-19
"20877","2929淘帝","110/07/13","元大-永和",12,0,12
"20878","2929淘帝","110/07/13","富邦-仁愛",7,25,-18
"20879","2929淘帝","110/07/13","國票-天祥",11,0,11
"20880","2929淘帝","110/07/13","元大-北投",0,16,-16
"20881","5410國眾","110/07/13","兆豐-城中",274,0,274
"20882","5410國眾","110/07/13","元富-嘉義",0,103,-103
"20883","5410國眾","110/07/13","新光",50,4,46
"20884","5410國眾","110/07/13","凱基-台北",0,50,-50
"20885","5410國眾","110/07/13","國泰-台中",26,0,26
"20886","5410國眾","110/07/13","瑞士信貸",0,31,-31
"20887","5410國眾","110/07/13","新加坡商瑞銀",22,0,22
"20888","5410國眾","110/07/13","台新-新莊",0,27,-27
"20889","5410國眾","110/07/13","光和-嘉義",20,0,20
"20890","5410國眾","110/07/13","元大-汐止",0,20,-20
"20891","5410國眾","110/07/13","凱基-竹北",17,0,17
"20892","5410國眾","110/07/13","亞東-新竹",0,17,-17
"20893","5410國眾","110/07/13","新光-桃園",15,0,15
"20894","5410國眾","110/07/13","元大-南勢角",0,13,-13
"20895","5410國眾","110/07/13","凱基-台東",14,0,14
"20896","5410國眾","110/07/13","台新-台南",0,12,-12
"20897","5410國眾","110/07/13","富邦-竹北",11,0,11
"20898","5410國眾","110/07/13","中國信託",0,11,-11
"20899","5410國眾","110/07/13","元富-同大",10,0,10
"20900","5410國眾","110/07/13","華南永昌",0,11,-11
"20901","5410國眾","110/07/13","國泰-敦南",24,15,9
"20902","5410國眾","110/07/13","臺銀-臺南",0,10,-10
"20903","5410國眾","110/07/13","日盛-內湖",7,0,7
"20904","5410國眾","110/07/13","台灣企銀-民雄",0,10,-10
"20905","5410國眾","110/07/13","台新-左楠",7,0,7
"20906","5410國眾","110/07/13","高橋",0,10,-10
"20907","5410國眾","110/07/13","元大-新盛",18,12,6
"20908","5410國眾","110/07/13","康和-嘉義",0,10,-10
"20909","5410國眾","110/07/13","統一",5,0,5
"20910","5410國眾","110/07/13","凱基-基隆",0,10,-10
"20911","2841台開","110/07/13","中國信託-高雄",251,50,201
"20912","2841台開","110/07/13","兆豐-公益",0,177,-177
"20913","2841台開","110/07/13","日盛證券",210,13,197
"20914","2841台開","110/07/13","日進",0,152,-152
"20915","2841台開","110/07/13","第一金-台中",55,0,55
"20916","2841台開","110/07/13","港商野村",0,109,-109
"20917","2841台開","110/07/13","國泰-板橋",46,0,46
"20918","2841台開","110/07/13","日盛-信義",0,103,-103
"20919","2841台開","110/07/13","國泰-館前",48,3,45
"20920","2841台開","110/07/13","國泰-敦南",11,75,-64
"20921","2841台開","110/07/13","華南永昌-新莊",45,0,45
"20922","2841台開","110/07/13","永興",0,50,-50
"20923","2841台開","110/07/13","日盛-園區",42,0,42
"20924","2841台開","110/07/13","永豐金-敦南",61,104,-43
"20925","2841台開","110/07/13","台新證券",32,0,32
"20926","2841台開","110/07/13","富邦-台南",0,42,-42
"20927","2841台開","110/07/13","台新-高雄",32,2,30
"20928","2841台開","110/07/13","國票-安和",0,30,-30
"20929","2841台開","110/07/13","豐農",23,0,23
"20930","2841台開","110/07/13","元大-桃園",0,25,-25
"20931","2841台開","110/07/13","合庫-嘉義",20,0,20
"20932","2841台開","110/07/13","新光",8,32,-24
"20933","2841台開","110/07/13","華南永昌-高雄",20,0,20
"20934","2841台開","110/07/13","元大-仁愛",0,24,-24
"20935","2841台開","110/07/13","元大-樹林",16,0,16
"20936","2841台開","110/07/13","日盛-中和",0,20,-20
"20937","2841台開","110/07/13","第一金-華江",15,2,13
"20938","2841台開","110/07/13","元富",0,20,-20
"20939","2841台開","110/07/13","美商高盛",12,0,12
"20940","2841台開","110/07/13","富邦-宜蘭",0,20,-20
"20941","6207雷科","110/07/13","元大-高雄",121,0,121
"20942","6207雷科","110/07/13","華南永昌-朴子",1,60,-59
"20943","6207雷科","110/07/13","第一金-新興",20,0,20
"20944","6207雷科","110/07/13","元大-南海",0,36,-36
"20945","6207雷科","110/07/13","元富-三重",20,0,20
"20946","6207雷科","110/07/13","凱基-土城",0,35,-35
"20947","6207雷科","110/07/13","元大-林園",15,0,15
"20948","6207雷科","110/07/13","台灣企銀",0,20,-20
"20949","6207雷科","110/07/13","元大-金華",16,1,15
"20950","6207雷科","110/07/13","群益金鼎-丹鳳",0,20,-20
"20951","6207雷科","110/07/13","日盛證券",10,0,10
"20952","6207雷科","110/07/13","元大-博愛",0,17,-17
"20953","6207雷科","110/07/13","統一-台中",10,0,10
"20954","6207雷科","110/07/13","元大-北港",0,13,-13
"20955","6207雷科","110/07/13","群益金鼎-土城",10,0,10
"20956","6207雷科","110/07/13","新加坡商瑞銀",0,12,-12
"20957","6207雷科","110/07/13","群益金鼎-桃園",10,0,10
"20958","6207雷科","110/07/13","凱基-台北",4,16,-12
"20959","6207雷科","110/07/13","永豐金-新莊",10,0,10
"20960","6207雷科","110/07/13","日茂-埔里",0,11,-11
"20961","6207雷科","110/07/13","永豐金-新店",10,0,10
"20962","6207雷科","110/07/13","元大-莒光",0,11,-11
"20963","6207雷科","110/07/13","元大證券",9,0,9
"20964","6207雷科","110/07/13","統一-新竹",0,10,-10
"20965","6207雷科","110/07/13","日盛-木柵",9,1,8
"20966","6207雷科","110/07/13","元大-西螺",0,10,-10
"20967","6207雷科","110/07/13","兆豐-來福",8,0,8
"20968","6207雷科","110/07/13","康和-台中",0,8,-8
"20969","6207雷科","110/07/13","新光",7,0,7
"20970","6207雷科","110/07/13","兆豐-高雄",0,6,-6
"20971","3679新至陞","110/07/13","永豐金證券",50,0,50
"20972","3679新至陞","110/07/13","摩根大通",2,25,-23
"20973","3679新至陞","110/07/13","國泰-桃園",22,0,22
"20974","3679新至陞","110/07/13","元大-成功",0,22,-22
"20975","3679新至陞","110/07/13","台中銀-員林",11,0,11
"20976","3679新至陞","110/07/13","富邦-板橋",1,19,-18
"20977","3679新至陞","110/07/13","元大-文心興安",8,0,8
"20978","3679新至陞","110/07/13","日盛-新莊",0,10,-10
"20979","3679新至陞","110/07/13","美商高盛",6,0,6
"20980","3679新至陞","110/07/13","台新-台中",0,10,-10
"20981","3679新至陞","110/07/13","台新-高雄",6,0,6
"20982","3679新至陞","110/07/13","永豐金-新竹",0,8,-8
"20983","3679新至陞","110/07/13","凱基-台北",18,12,6
"20984","3679新至陞","110/07/13","瑞士信貸",12,19,-7
"20985","3679新至陞","110/07/13","日盛-復興",5,0,5
"20986","3679新至陞","110/07/13","統一-南京",0,7,-7
"20987","3679新至陞","110/07/13","(牛牛牛)亞-鑫豐",4,0,4
"20988","3679新至陞","110/07/13","凱基-新莊",0,7,-7
"20989","3679新至陞","110/07/13","元富-大昌",3,0,3
"20990","3679新至陞","110/07/13","新加坡商瑞銀",0,6,-6
"20991","3679新至陞","110/07/13","富邦-台北",3,0,3
"20992","3679新至陞","110/07/13","合庫-自強",0,5,-5
"20993","3679新至陞","110/07/13","日盛-樹林",2,0,2
"20994","3679新至陞","110/07/13","富邦-桃園",0,5,-5
"20995","3679新至陞","110/07/13","宏遠-光隆",2,0,2
"20996","3679新至陞","110/07/13","永豐金-潮州",0,4,-4
"20997","3679新至陞","110/07/13","美林",3,1,2
"20998","3679新至陞","110/07/13","臺銀-臺南",0,3,-3
"20999","3679新至陞","110/07/13","第一金-中壢",2,0,2
"21000","3679新至陞","110/07/13","元大-六合",0,3,-3
"21001","2727王品","110/07/13","富邦-台北",43,3,40
"21002","2727王品","110/07/13","台灣摩根士丹利",15,97,-82
"21003","2727王品","110/07/13","元大-基隆孝二",40,0,40
"21004","2727王品","110/07/13","玉山-台南",5,57,-52
"21005","2727王品","110/07/13","國票-新莊",40,1,39
"21006","2727王品","110/07/13","新加坡商瑞銀",0,48,-48
"21007","2727王品","110/07/13","第一金-豐原",66,42,24
"21008","2727王品","110/07/13","凱基-台北",41,77,-36
"21009","2727王品","110/07/13","永豐金-大園",34,10,24
"21010","2727王品","110/07/13","永豐金-永康",0,22,-22
"21011","2727王品","110/07/13","元大-北屯",22,0,22
"21012","2727王品","110/07/13","統一-台中",2,22,-20
"21013","2727王品","110/07/13","元大-東蘆",26,7,19
"21014","2727王品","110/07/13","國泰-台中",21,39,-18
"21015","2727王品","110/07/13","永豐金-萬盛",13,1,12
"21016","2727王品","110/07/13","合庫-彰化",3,20,-17
"21017","2727王品","110/07/13","日盛-嘉義",11,0,11
"21018","2727王品","110/07/13","港商野村",13,30,-17
"21019","2727王品","110/07/13","日盛-八德",11,0,11
"21020","2727王品","110/07/13","元大-楊梅",1,16,-15
"21021","2727王品","110/07/13","統一-竹南",11,0,11
"21022","2727王品","110/07/13","凱基-高美館",2,15,-13
"21023","2727王品","110/07/13","日盛-士林",12,2,10
"21024","2727王品","110/07/13","美商高盛",2,14,-12
"21025","2727王品","110/07/13","統一-敦南",10,0,10
"21026","2727王品","110/07/13","統一-平鎮",1,13,-12
"21027","2727王品","110/07/13","中國信託",15,5,10
"21028","2727王品","110/07/13","兆豐-台中港",4,16,-12
"21029","2727王品","110/07/13","兆豐-竹北",13,3,10
"21030","2727王品","110/07/13","凱基-八德",1,13,-12
"21031","1570力肯","110/07/13","新光",115,11,104
"21032","1570力肯","110/07/13","元大-北三重",0,162,-162
"21033","1570力肯","110/07/13","群益金鼎-高雄",54,0,54
"21034","1570力肯","110/07/13","元大-大灣",0,25,-25
"21035","1570力肯","110/07/13","國票-新莊",22,0,22
"21036","1570力肯","110/07/13","永豐金-苓雅",0,22,-22
"21037","1570力肯","110/07/13","日盛-桃園",12,0,12
"21038","1570力肯","110/07/13","永豐金-永康",0,19,-19
"21039","1570力肯","110/07/13","元大-高雄",12,0,12
"21040","1570力肯","110/07/13","富邦-員林",0,15,-15
"21041","1570力肯","110/07/13","合庫-自強",11,0,11
"21042","1570力肯","110/07/13","凱基-台南",0,11,-11
"21043","1570力肯","110/07/13","摩根大通",26,15,11
"21044","1570力肯","110/07/13","日盛-竹北",0,10,-10
"21045","1570力肯","110/07/13","永豐金-中盛",11,0,11
"21046","1570力肯","110/07/13","國票-九鼎",0,10,-10
"21047","1570力肯","110/07/13","兆豐-台中港",10,0,10
"21048","1570力肯","110/07/13","凱基-桃園",0,10,-10
"21049","1570力肯","110/07/13","國泰-松江",9,0,9
"21050","1570力肯","110/07/13","凱基-新豐",0,10,-10
"21051","1570力肯","110/07/13","元大-新盛",9,0,9
"21052","1570力肯","110/07/13","元大-學甲",0,10,-10
"21053","1570力肯","110/07/13","元富-緯城",6,0,6
"21054","1570力肯","110/07/13","群益金鼎-東湖",1,10,-9
"21055","1570力肯","110/07/13","統一-三重",5,0,5
"21056","1570力肯","110/07/13","大昌",0,6,-6
"21057","1570力肯","110/07/13","元大-前金",5,0,5
"21058","1570力肯","110/07/13","元大-土城學府",0,6,-6
"21059","1570力肯","110/07/13","永豐金證券",5,0,5
"21060","1570力肯","110/07/13","統一",0,5,-5
"21061","6180橘子","110/07/13","摩根大通",119,0,119
"21062","6180橘子","110/07/13","元大-崇德",2,61,-59
"21063","6180橘子","110/07/13","美商高盛",96,0,96
"21064","6180橘子","110/07/13","康和-台中",0,51,-51
"21065","6180橘子","110/07/13","新加坡商瑞銀",86,7,79
"21066","6180橘子","110/07/13","康和-台北",0,50,-50
"21067","6180橘子","110/07/13","元大-和平",40,0,40
"21068","6180橘子","110/07/13","元富-潮州",0,40,-40
"21069","6180橘子","110/07/13","凱基-台北",83,47,36
"21070","6180橘子","110/07/13","日盛-永康",0,26,-26
"21071","6180橘子","110/07/13","美林",39,5,34
"21072","6180橘子","110/07/13","永豐金-中正",0,24,-24
"21073","6180橘子","110/07/13","富邦-新竹華信",31,2,29
"21074","6180橘子","110/07/13","國泰-板橋",2,25,-23
"21075","6180橘子","110/07/13","統一-南京",21,0,21
"21076","6180橘子","110/07/13","日盛-大墩",0,20,-20
"21077","6180橘子","110/07/13","富邦-陽明",24,3,21
"21078","6180橘子","110/07/13","元大-草屯",13,32,-19
"21079","6180橘子","110/07/13","大昌-樹林",21,1,20
"21080","6180橘子","110/07/13","元富-林園",1,18,-17
"21081","6180橘子","110/07/13","花旗環球",19,0,19
"21082","6180橘子","110/07/13","新光-新竹",1,18,-17
"21083","6180橘子","110/07/13","華南永昌-台南",19,0,19
"21084","6180橘子","110/07/13","元大-土城永寧",0,17,-17
"21085","6180橘子","110/07/13","福勝",14,0,14
"21086","6180橘子","110/07/13","國泰-新莊",3,19,-16
"21087","6180橘子","110/07/13","富邦-嘉義",12,1,11
"21088","6180橘子","110/07/13","中國信託-永康",6,21,-15
"21089","6180橘子","110/07/13","元大-板橋三民",11,0,11
"21090","6180橘子","110/07/13","凱基-東港",1,15,-14
"21091","2390云辰","110/07/13","新加坡商瑞銀",562,75,487
"21092","2390云辰","110/07/13","大展-台南",0,532,-532
"21093","2390云辰","110/07/13","台灣摩根士丹利",330,155,175
"21094","2390云辰","110/07/13","凱基-台北",668,854,-186
"21095","2390云辰","110/07/13","兆豐-公益",126,25,101
"21096","2390云辰","110/07/13","凱基-三重",12,172,-160
"21097","2390云辰","110/07/13","元富-中港",100,2,98
"21098","2390云辰","110/07/13","兆豐-忠孝",4,161,-157
"21099","2390云辰","110/07/13","統一-新台中",106,9,97
"21100","2390云辰","110/07/13","元大-士林",19,170,-151
"21101","2390云辰","110/07/13","中國信託-松江",81,11,70
"21102","2390云辰","110/07/13","臺銀-新竹",14,117,-103
"21103","2390云辰","110/07/13","日盛-板橋",72,3,69
"21104","2390云辰","110/07/13","國票-台中",4,102,-98
"21105","2390云辰","110/07/13","日盛-和美",57,0,57
"21106","2390云辰","110/07/13","新光",147,232,-85
"21107","2390云辰","110/07/13","永豐金-桃園",88,36,52
"21108","2390云辰","110/07/13","致和-崇德",2,70,-68
"21109","2390云辰","110/07/13","玉山-士林",54,4,50
"21110","2390云辰","110/07/13","群益金鼎-屏東",2,70,-68
"21111","2390云辰","110/07/13","富邦-仁愛",56,6,50
"21112","2390云辰","110/07/13","元大-大里",35,98,-63
"21113","2390云辰","110/07/13","第一金-豐原",50,1,49
"21114","2390云辰","110/07/13","元大-萬華",35,94,-59
"21115","2390云辰","110/07/13","摩根大通",502,453,49
"21116","2390云辰","110/07/13","元富-吉利",2,60,-58
"21117","2390云辰","110/07/13","凱基-松山",61,13,48
"21118","2390云辰","110/07/13","兆豐-新竹",3,53,-50
"21119","2390云辰","110/07/13","大昌",64,22,42
"21120","2390云辰","110/07/13","富邦-嘉義",65,108,-43
"21121","2363矽統","110/07/13","凱基-南崁",2133,63,2070
"21122","2363矽統","110/07/13","凱基-幸福",36,4048,-4012
"21123","2363矽統","110/07/13","國泰-敦南",2195,1617,578
"21124","2363矽統","110/07/13","統一",192,3325,-3133
"21125","2363矽統","110/07/13","中農",670,139,531
"21126","2363矽統","110/07/13","新加坡商瑞銀",1000,2747,-1747
"21127","2363矽統","110/07/13","康和-台中",638,154,484
"21128","2363矽統","110/07/13","凱基-台北",5359,6609,-1250
"21129","2363矽統","110/07/13","群益金鼎-三民",577,137,440
"21130","2363矽統","110/07/13","摩根大通",1930,2858,-928
"21131","2363矽統","110/07/13","台新-屏東",510,88,422
"21132","2363矽統","110/07/13","港商野村",960,1679,-719
"21133","2363矽統","110/07/13","德信-中正",455,67,388
"21134","2363矽統","110/07/13","兆豐-復興",25,705,-680
"21135","2363矽統","110/07/13","日盛-竹北",365,70,295
"21136","2363矽統","110/07/13","統一-仁愛",114,755,-641
"21137","2363矽統","110/07/13","元大-佳里",452,189,263
"21138","2363矽統","110/07/13","統一-敦南",29,638,-609
"21139","2363矽統","110/07/13","國票-博愛",296,38,258
"21140","2363矽統","110/07/13","統一-土城",100,704,-604
"21141","2363矽統","110/07/13","元大-萬華",340,95,245
"21142","2363矽統","110/07/13","統一-城中",116,676,-560
"21143","2363矽統","110/07/13","新光",1259,1031,228
"21144","2363矽統","110/07/13","永豐金證券",306,859,-553
"21145","2363矽統","110/07/13","元富-成功",323,96,227
"21146","2363矽統","110/07/13","元富",54,567,-513
"21147","2363矽統","110/07/13","豐農",228,23,205
"21148","2363矽統","110/07/13","瑞士信貸",202,666,-464
"21149","2363矽統","110/07/13","台灣企銀-岡山",186,4,182
"21150","2363矽統","110/07/13","永豐金-嘉義",67,468,-401
"21151","8112至上","110/07/13","摩根大通",688,296,392
"21152","8112至上","110/07/13","國票-中和",0,401,-401
"21153","8112至上","110/07/13","港商野村",344,145,199
"21154","8112至上","110/07/13","永豐金-板盛",0,205,-205
"21155","8112至上","110/07/13","兆豐-公益",195,5,190
"21156","8112至上","110/07/13","凱基-五股",43,155,-112
"21157","8112至上","110/07/13","台灣摩根士丹利",183,0,183
"21158","8112至上","110/07/13","凱基-市政",0,100,-100
"21159","8112至上","110/07/13","群益金鼎-敦南",153,2,151
"21160","8112至上","110/07/13","元大-大里德芳",1,92,-91
"21161","8112至上","110/07/13","臺銀-金山",146,26,120
"21162","8112至上","110/07/13","玉山-桃園",26,110,-84
"21163","8112至上","110/07/13","臺銀",133,19,114
"21164","8112至上","110/07/13","兆豐-天母",0,81,-81
"21165","8112至上","110/07/13","合庫-台中",115,6,109
"21166","8112至上","110/07/13","凱基-城中",3,84,-81
"21167","8112至上","110/07/13","亞東-板橋",134,26,108
"21168","8112至上","110/07/13","日盛-新莊",9,85,-76
"21169","8112至上","110/07/13","凱基-台北",414,326,88
"21170","8112至上","110/07/13","日盛-台中",2,64,-62
"21171","8112至上","110/07/13","新加坡商瑞銀",181,100,81
"21172","8112至上","110/07/13","日盛-中壢",3,64,-61
"21173","8112至上","110/07/13","國泰-敦南",108,31,77
"21174","8112至上","110/07/13","元大-台中",2,59,-57
"21175","8112至上","110/07/13","第一金-華江",77,4,73
"21176","8112至上","110/07/13","元大-雙和",7,64,-57
"21177","8112至上","110/07/13","永豐金-內湖",73,1,72
"21178","8112至上","110/07/13","元大-高雄",8,62,-54
"21179","8112至上","110/07/13","元大-永和",68,1,67
"21180","8112至上","110/07/13","元大-館前",2,55,-53
"21181","4903聯光通","110/07/13","台灣企銀-太平",56,0,56
"21182","4903聯光通","110/07/13","土銀",0,32,-32
"21183","4903聯光通","110/07/13","元富-新興",23,0,23
"21184","4903聯光通","110/07/13","元大-樹林",0,19,-19
"21185","4903聯光通","110/07/13","日盛-樹林",22,0,22
"21186","4903聯光通","110/07/13","凱基-士林",0,17,-17
"21187","4903聯光通","110/07/13","兆豐-天母",20,0,20
"21188","4903聯光通","110/07/13","國票-博愛",0,14,-14
"21189","4903聯光通","110/07/13","華南永昌-桃園",20,0,20
"21190","4903聯光通","110/07/13","元富",0,10,-10
"21191","4903聯光通","110/07/13","富邦-新店",10,0,10
"21192","4903聯光通","110/07/13","新光",0,10,-10
"21193","4903聯光通","110/07/13","新光-台中",5,0,5
"21194","4903聯光通","110/07/13","玉山-南京東路",0,10,-10
"21195","4903聯光通","110/07/13","華南永昌-台中",5,0,5
"21196","4903聯光通","110/07/13","富邦-陽明",0,10,-10
"21197","4903聯光通","110/07/13","元大-崇德",5,0,5
"21198","4903聯光通","110/07/13","元大-大甲",0,8,-8
"21199","4903聯光通","110/07/13","元大-草屯",5,0,5
"21200","4903聯光通","110/07/13","富邦-台中",0,7,-7
"21201","4903聯光通","110/07/13","元富-草屯",4,0,4
"21202","4903聯光通","110/07/13","凱基-中壢",0,6,-6
"21203","4903聯光通","110/07/13","元大-清水",4,0,4
"21204","4903聯光通","110/07/13","臺銀-民權",0,5,-5
"21205","4903聯光通","110/07/13","元大-東泰",4,0,4
"21206","4903聯光通","110/07/13","日盛-板橋",0,5,-5
"21207","4903聯光通","110/07/13","元大-佳里",2,0,2
"21208","4903聯光通","110/07/13","中國信託-忠孝",0,5,-5
"21209","4903聯光通","110/07/13","永豐金-板橋",2,0,2
"21210","4903聯光通","110/07/13","永豐金-鳳山",0,5,-5
"21211","2929淘帝","110/07/13","玉山-新竹",130,0,130
"21212","2929淘帝","110/07/13","美商高盛",0,177,-177
"21213","2929淘帝","110/07/13","臺銀-民權",60,0,60
"21214","2929淘帝","110/07/13","凱基-台北",6,80,-74
"21215","2929淘帝","110/07/13","新百王",31,0,31
"21216","2929淘帝","110/07/13","元富-大裕",0,49,-49
"21217","2929淘帝","110/07/13","日盛-園區",30,0,30
"21218","2929淘帝","110/07/13","國泰-館前",3,51,-48
"21219","2929淘帝","110/07/13","元大-南投",31,1,30
"21220","2929淘帝","110/07/13","凱基-中壢",0,41,-41
"21221","2929淘帝","110/07/13","兆豐-忠孝",28,0,28
"21222","2929淘帝","110/07/13","港商野村",21,55,-34
"21223","2929淘帝","110/07/13","元大-民生",28,0,28
"21224","2929淘帝","110/07/13","華南永昌-南京",2,34,-32
"21225","2929淘帝","110/07/13","合庫-高雄",27,0,27
"21226","2929淘帝","110/07/13","群益金鼎-土城",0,30,-30
"21227","2929淘帝","110/07/13","凱基-豐中",27,0,27
"21228","2929淘帝","110/07/13","富邦-南屯",0,22,-22
"21229","2929淘帝","110/07/13","新光",21,4,17
"21230","2929淘帝","110/07/13","第一金-豐原",0,20,-20
"21231","2929淘帝","110/07/13","元大-天母",17,0,17
"21232","2929淘帝","110/07/13","元大-屏南",6,26,-20
"21233","2929淘帝","110/07/13","永興",14,0,14
"21234","2929淘帝","110/07/13","永豐金-敦南",1,21,-20
"21235","2929淘帝","110/07/13","富邦-台北",12,0,12
"21236","2929淘帝","110/07/13","凱基-三重",2,21,-19
"21237","2929淘帝","110/07/13","元大-永和",12,0,12
"21238","2929淘帝","110/07/13","富邦-仁愛",7,25,-18
"21239","2929淘帝","110/07/13","國票-天祥",11,0,11
"21240","2929淘帝","110/07/13","元大-北投",0,16,-16
"21241","5410國眾","110/07/13","兆豐-城中",274,0,274
"21242","5410國眾","110/07/13","元富-嘉義",0,103,-103
"21243","5410國眾","110/07/13","新光",50,4,46
"21244","5410國眾","110/07/13","凱基-台北",0,50,-50
"21245","5410國眾","110/07/13","國泰-台中",26,0,26
"21246","5410國眾","110/07/13","瑞士信貸",0,31,-31
"21247","5410國眾","110/07/13","新加坡商瑞銀",22,0,22
"21248","5410國眾","110/07/13","台新-新莊",0,27,-27
"21249","5410國眾","110/07/13","光和-嘉義",20,0,20
"21250","5410國眾","110/07/13","元大-汐止",0,20,-20
"21251","5410國眾","110/07/13","凱基-竹北",17,0,17
"21252","5410國眾","110/07/13","亞東-新竹",0,17,-17
"21253","5410國眾","110/07/13","新光-桃園",15,0,15
"21254","5410國眾","110/07/13","元大-南勢角",0,13,-13
"21255","5410國眾","110/07/13","凱基-台東",14,0,14
"21256","5410國眾","110/07/13","台新-台南",0,12,-12
"21257","5410國眾","110/07/13","富邦-竹北",11,0,11
"21258","5410國眾","110/07/13","中國信託",0,11,-11
"21259","5410國眾","110/07/13","元富-同大",10,0,10
"21260","5410國眾","110/07/13","華南永昌",0,11,-11
"21261","5410國眾","110/07/13","國泰-敦南",24,15,9
"21262","5410國眾","110/07/13","臺銀-臺南",0,10,-10
"21263","5410國眾","110/07/13","日盛-內湖",7,0,7
"21264","5410國眾","110/07/13","台灣企銀-民雄",0,10,-10
"21265","5410國眾","110/07/13","台新-左楠",7,0,7
"21266","5410國眾","110/07/13","高橋",0,10,-10
"21267","5410國眾","110/07/13","元大-新盛",18,12,6
"21268","5410國眾","110/07/13","康和-嘉義",0,10,-10
"21269","5410國眾","110/07/13","統一",5,0,5
"21270","5410國眾","110/07/13","凱基-基隆",0,10,-10
"21271","2841台開","110/07/13","中國信託-高雄",251,50,201
"21272","2841台開","110/07/13","兆豐-公益",0,177,-177
"21273","2841台開","110/07/13","日盛證券",210,13,197
"21274","2841台開","110/07/13","日進",0,152,-152
"21275","2841台開","110/07/13","第一金-台中",55,0,55
"21276","2841台開","110/07/13","港商野村",0,109,-109
"21277","2841台開","110/07/13","國泰-板橋",46,0,46
"21278","2841台開","110/07/13","日盛-信義",0,103,-103
"21279","2841台開","110/07/13","國泰-館前",48,3,45
"21280","2841台開","110/07/13","國泰-敦南",11,75,-64
"21281","2841台開","110/07/13","華南永昌-新莊",45,0,45
"21282","2841台開","110/07/13","永興",0,50,-50
"21283","2841台開","110/07/13","日盛-園區",42,0,42
"21284","2841台開","110/07/13","永豐金-敦南",61,104,-43
"21285","2841台開","110/07/13","台新證券",32,0,32
"21286","2841台開","110/07/13","富邦-台南",0,42,-42
"21287","2841台開","110/07/13","台新-高雄",32,2,30
"21288","2841台開","110/07/13","國票-安和",0,30,-30
"21289","2841台開","110/07/13","豐農",23,0,23
"21290","2841台開","110/07/13","元大-桃園",0,25,-25
"21291","2841台開","110/07/13","合庫-嘉義",20,0,20
"21292","2841台開","110/07/13","新光",8,32,-24
"21293","2841台開","110/07/13","華南永昌-高雄",20,0,20
"21294","2841台開","110/07/13","元大-仁愛",0,24,-24
"21295","2841台開","110/07/13","元大-樹林",16,0,16
"21296","2841台開","110/07/13","日盛-中和",0,20,-20
"21297","2841台開","110/07/13","第一金-華江",15,2,13
"21298","2841台開","110/07/13","元富",0,20,-20
"21299","2841台開","110/07/13","美商高盛",12,0,12
"21300","2841台開","110/07/13","富邦-宜蘭",0,20,-20
"21301","6207雷科","110/07/13","元大-高雄",121,0,121
"21302","6207雷科","110/07/13","華南永昌-朴子",1,60,-59
"21303","6207雷科","110/07/13","第一金-新興",20,0,20
"21304","6207雷科","110/07/13","元大-南海",0,36,-36
"21305","6207雷科","110/07/13","元富-三重",20,0,20
"21306","6207雷科","110/07/13","凱基-土城",0,35,-35
"21307","6207雷科","110/07/13","元大-林園",15,0,15
"21308","6207雷科","110/07/13","台灣企銀",0,20,-20
"21309","6207雷科","110/07/13","元大-金華",16,1,15
"21310","6207雷科","110/07/13","群益金鼎-丹鳳",0,20,-20
"21311","6207雷科","110/07/13","日盛證券",10,0,10
"21312","6207雷科","110/07/13","元大-博愛",0,17,-17
"21313","6207雷科","110/07/13","統一-台中",10,0,10
"21314","6207雷科","110/07/13","元大-北港",0,13,-13
"21315","6207雷科","110/07/13","群益金鼎-土城",10,0,10
"21316","6207雷科","110/07/13","新加坡商瑞銀",0,12,-12
"21317","6207雷科","110/07/13","群益金鼎-桃園",10,0,10
"21318","6207雷科","110/07/13","凱基-台北",4,16,-12
"21319","6207雷科","110/07/13","永豐金-新莊",10,0,10
"21320","6207雷科","110/07/13","日茂-埔里",0,11,-11
"21321","6207雷科","110/07/13","永豐金-新店",10,0,10
"21322","6207雷科","110/07/13","元大-莒光",0,11,-11
"21323","6207雷科","110/07/13","元大證券",9,0,9
"21324","6207雷科","110/07/13","統一-新竹",0,10,-10
"21325","6207雷科","110/07/13","日盛-木柵",9,1,8
"21326","6207雷科","110/07/13","元大-西螺",0,10,-10
"21327","6207雷科","110/07/13","兆豐-來福",8,0,8
"21328","6207雷科","110/07/13","康和-台中",0,8,-8
"21329","6207雷科","110/07/13","新光",7,0,7
"21330","6207雷科","110/07/13","兆豐-高雄",0,6,-6
"21331","3679新至陞","110/07/13","永豐金證券",50,0,50
"21332","3679新至陞","110/07/13","摩根大通",2,25,-23
"21333","3679新至陞","110/07/13","國泰-桃園",22,0,22
"21334","3679新至陞","110/07/13","元大-成功",0,22,-22
"21335","3679新至陞","110/07/13","台中銀-員林",11,0,11
"21336","3679新至陞","110/07/13","富邦-板橋",1,19,-18
"21337","3679新至陞","110/07/13","元大-文心興安",8,0,8
"21338","3679新至陞","110/07/13","日盛-新莊",0,10,-10
"21339","3679新至陞","110/07/13","美商高盛",6,0,6
"21340","3679新至陞","110/07/13","台新-台中",0,10,-10
"21341","3679新至陞","110/07/13","台新-高雄",6,0,6
"21342","3679新至陞","110/07/13","永豐金-新竹",0,8,-8
"21343","3679新至陞","110/07/13","凱基-台北",18,12,6
"21344","3679新至陞","110/07/13","瑞士信貸",12,19,-7
"21345","3679新至陞","110/07/13","日盛-復興",5,0,5
"21346","3679新至陞","110/07/13","統一-南京",0,7,-7
"21347","3679新至陞","110/07/13","(牛牛牛)亞-鑫豐",4,0,4
"21348","3679新至陞","110/07/13","凱基-新莊",0,7,-7
"21349","3679新至陞","110/07/13","元富-大昌",3,0,3
"21350","3679新至陞","110/07/13","新加坡商瑞銀",0,6,-6
"21351","3679新至陞","110/07/13","富邦-台北",3,0,3
"21352","3679新至陞","110/07/13","合庫-自強",0,5,-5
"21353","3679新至陞","110/07/13","日盛-樹林",2,0,2
"21354","3679新至陞","110/07/13","富邦-桃園",0,5,-5
"21355","3679新至陞","110/07/13","宏遠-光隆",2,0,2
"21356","3679新至陞","110/07/13","永豐金-潮州",0,4,-4
"21357","3679新至陞","110/07/13","美林",3,1,2
"21358","3679新至陞","110/07/13","臺銀-臺南",0,3,-3
"21359","3679新至陞","110/07/13","第一金-中壢",2,0,2
"21360","3679新至陞","110/07/13","元大-六合",0,3,-3
"21361","2727王品","110/07/13","富邦-台北",43,3,40
"21362","2727王品","110/07/13","台灣摩根士丹利",15,97,-82
"21363","2727王品","110/07/13","元大-基隆孝二",40,0,40
"21364","2727王品","110/07/13","玉山-台南",5,57,-52
"21365","2727王品","110/07/13","國票-新莊",40,1,39
"21366","2727王品","110/07/13","新加坡商瑞銀",0,48,-48
"21367","2727王品","110/07/13","第一金-豐原",66,42,24
"21368","2727王品","110/07/13","凱基-台北",41,77,-36
"21369","2727王品","110/07/13","永豐金-大園",34,10,24
"21370","2727王品","110/07/13","永豐金-永康",0,22,-22
"21371","2727王品","110/07/13","元大-北屯",22,0,22
"21372","2727王品","110/07/13","統一-台中",2,22,-20
"21373","2727王品","110/07/13","元大-東蘆",26,7,19
"21374","2727王品","110/07/13","國泰-台中",21,39,-18
"21375","2727王品","110/07/13","永豐金-萬盛",13,1,12
"21376","2727王品","110/07/13","合庫-彰化",3,20,-17
"21377","2727王品","110/07/13","日盛-嘉義",11,0,11
"21378","2727王品","110/07/13","港商野村",13,30,-17
"21379","2727王品","110/07/13","日盛-八德",11,0,11
"21380","2727王品","110/07/13","元大-楊梅",1,16,-15
"21381","2727王品","110/07/13","統一-竹南",11,0,11
"21382","2727王品","110/07/13","凱基-高美館",2,15,-13
"21383","2727王品","110/07/13","日盛-士林",12,2,10
"21384","2727王品","110/07/13","美商高盛",2,14,-12
"21385","2727王品","110/07/13","統一-敦南",10,0,10
"21386","2727王品","110/07/13","統一-平鎮",1,13,-12
"21387","2727王品","110/07/13","中國信託",15,5,10
"21388","2727王品","110/07/13","兆豐-台中港",4,16,-12
"21389","2727王品","110/07/13","兆豐-竹北",13,3,10
"21390","2727王品","110/07/13","凱基-八德",1,13,-12
"21391","1570力肯","110/07/13","新光",115,11,104
"21392","1570力肯","110/07/13","元大-北三重",0,162,-162
"21393","1570力肯","110/07/13","群益金鼎-高雄",54,0,54
"21394","1570力肯","110/07/13","元大-大灣",0,25,-25
"21395","1570力肯","110/07/13","國票-新莊",22,0,22
"21396","1570力肯","110/07/13","永豐金-苓雅",0,22,-22
"21397","1570力肯","110/07/13","日盛-桃園",12,0,12
"21398","1570力肯","110/07/13","永豐金-永康",0,19,-19
"21399","1570力肯","110/07/13","元大-高雄",12,0,12
"21400","1570力肯","110/07/13","富邦-員林",0,15,-15
"21401","1570力肯","110/07/13","合庫-自強",11,0,11
"21402","1570力肯","110/07/13","凱基-台南",0,11,-11
"21403","1570力肯","110/07/13","摩根大通",26,15,11
"21404","1570力肯","110/07/13","日盛-竹北",0,10,-10
"21405","1570力肯","110/07/13","永豐金-中盛",11,0,11
"21406","1570力肯","110/07/13","國票-九鼎",0,10,-10
"21407","1570力肯","110/07/13","兆豐-台中港",10,0,10
"21408","1570力肯","110/07/13","凱基-桃園",0,10,-10
"21409","1570力肯","110/07/13","國泰-松江",9,0,9
"21410","1570力肯","110/07/13","凱基-新豐",0,10,-10
"21411","1570力肯","110/07/13","元大-新盛",9,0,9
"21412","1570力肯","110/07/13","元大-學甲",0,10,-10
"21413","1570力肯","110/07/13","元富-緯城",6,0,6
"21414","1570力肯","110/07/13","群益金鼎-東湖",1,10,-9
"21415","1570力肯","110/07/13","統一-三重",5,0,5
"21416","1570力肯","110/07/13","大昌",0,6,-6
"21417","1570力肯","110/07/13","元大-前金",5,0,5
"21418","1570力肯","110/07/13","元大-土城學府",0,6,-6
"21419","1570力肯","110/07/13","永豐金證券",5,0,5
"21420","1570力肯","110/07/13","統一",0,5,-5
"21421","6180橘子","110/07/13","摩根大通",119,0,119
"21422","6180橘子","110/07/13","元大-崇德",2,61,-59
"21423","6180橘子","110/07/13","美商高盛",96,0,96
"21424","6180橘子","110/07/13","康和-台中",0,51,-51
"21425","6180橘子","110/07/13","新加坡商瑞銀",86,7,79
"21426","6180橘子","110/07/13","康和-台北",0,50,-50
"21427","6180橘子","110/07/13","元大-和平",40,0,40
"21428","6180橘子","110/07/13","元富-潮州",0,40,-40
"21429","6180橘子","110/07/13","凱基-台北",83,47,36
"21430","6180橘子","110/07/13","日盛-永康",0,26,-26
"21431","6180橘子","110/07/13","美林",39,5,34
"21432","6180橘子","110/07/13","永豐金-中正",0,24,-24
"21433","6180橘子","110/07/13","富邦-新竹華信",31,2,29
"21434","6180橘子","110/07/13","國泰-板橋",2,25,-23
"21435","6180橘子","110/07/13","統一-南京",21,0,21
"21436","6180橘子","110/07/13","日盛-大墩",0,20,-20
"21437","6180橘子","110/07/13","富邦-陽明",24,3,21
"21438","6180橘子","110/07/13","元大-草屯",13,32,-19
"21439","6180橘子","110/07/13","大昌-樹林",21,1,20
"21440","6180橘子","110/07/13","元富-林園",1,18,-17
"21441","6180橘子","110/07/13","花旗環球",19,0,19
"21442","6180橘子","110/07/13","新光-新竹",1,18,-17
"21443","6180橘子","110/07/13","華南永昌-台南",19,0,19
"21444","6180橘子","110/07/13","元大-土城永寧",0,17,-17
"21445","6180橘子","110/07/13","福勝",14,0,14
"21446","6180橘子","110/07/13","國泰-新莊",3,19,-16
"21447","6180橘子","110/07/13","富邦-嘉義",12,1,11
"21448","6180橘子","110/07/13","中國信託-永康",6,21,-15
"21449","6180橘子","110/07/13","元大-板橋三民",11,0,11
"21450","6180橘子","110/07/13","凱基-東港",1,15,-14
"21451","2390云辰","110/07/13","新加坡商瑞銀",562,75,487
"21452","2390云辰","110/07/13","大展-台南",0,532,-532
"21453","2390云辰","110/07/13","台灣摩根士丹利",330,155,175
"21454","2390云辰","110/07/13","凱基-台北",668,854,-186
"21455","2390云辰","110/07/13","兆豐-公益",126,25,101
"21456","2390云辰","110/07/13","凱基-三重",12,172,-160
"21457","2390云辰","110/07/13","元富-中港",100,2,98
"21458","2390云辰","110/07/13","兆豐-忠孝",4,161,-157
"21459","2390云辰","110/07/13","統一-新台中",106,9,97
"21460","2390云辰","110/07/13","元大-士林",19,170,-151
"21461","2390云辰","110/07/13","中國信託-松江",81,11,70
"21462","2390云辰","110/07/13","臺銀-新竹",14,117,-103
"21463","2390云辰","110/07/13","日盛-板橋",72,3,69
"21464","2390云辰","110/07/13","國票-台中",4,102,-98
"21465","2390云辰","110/07/13","日盛-和美",57,0,57
"21466","2390云辰","110/07/13","新光",147,232,-85
"21467","2390云辰","110/07/13","永豐金-桃園",88,36,52
"21468","2390云辰","110/07/13","致和-崇德",2,70,-68
"21469","2390云辰","110/07/13","玉山-士林",54,4,50
"21470","2390云辰","110/07/13","群益金鼎-屏東",2,70,-68
"21471","2390云辰","110/07/13","富邦-仁愛",56,6,50
"21472","2390云辰","110/07/13","元大-大里",35,98,-63
"21473","2390云辰","110/07/13","第一金-豐原",50,1,49
"21474","2390云辰","110/07/13","元大-萬華",35,94,-59
"21475","2390云辰","110/07/13","摩根大通",502,453,49
"21476","2390云辰","110/07/13","元富-吉利",2,60,-58
"21477","2390云辰","110/07/13","凱基-松山",61,13,48
"21478","2390云辰","110/07/13","兆豐-新竹",3,53,-50
"21479","2390云辰","110/07/13","大昌",64,22,42
"21480","2390云辰","110/07/13","富邦-嘉義",65,108,-43
"21481","2363矽統","110/07/13","凱基-南崁",2133,63,2070
"21482","2363矽統","110/07/13","凱基-幸福",36,4048,-4012
"21483","2363矽統","110/07/13","國泰-敦南",2195,1617,578
"21484","2363矽統","110/07/13","統一",192,3325,-3133
"21485","2363矽統","110/07/13","中農",670,139,531
"21486","2363矽統","110/07/13","新加坡商瑞銀",1000,2747,-1747
"21487","2363矽統","110/07/13","康和-台中",638,154,484
"21488","2363矽統","110/07/13","凱基-台北",5359,6609,-1250
"21489","2363矽統","110/07/13","群益金鼎-三民",577,137,440
"21490","2363矽統","110/07/13","摩根大通",1930,2858,-928
"21491","2363矽統","110/07/13","台新-屏東",510,88,422
"21492","2363矽統","110/07/13","港商野村",960,1679,-719
"21493","2363矽統","110/07/13","德信-中正",455,67,388
"21494","2363矽統","110/07/13","兆豐-復興",25,705,-680
"21495","2363矽統","110/07/13","日盛-竹北",365,70,295
"21496","2363矽統","110/07/13","統一-仁愛",114,755,-641
"21497","2363矽統","110/07/13","元大-佳里",452,189,263
"21498","2363矽統","110/07/13","統一-敦南",29,638,-609
"21499","2363矽統","110/07/13","國票-博愛",296,38,258
"21500","2363矽統","110/07/13","統一-土城",100,704,-604
"21501","2363矽統","110/07/13","元大-萬華",340,95,245
"21502","2363矽統","110/07/13","統一-城中",116,676,-560
"21503","2363矽統","110/07/13","新光",1259,1031,228
"21504","2363矽統","110/07/13","永豐金證券",306,859,-553
"21505","2363矽統","110/07/13","元富-成功",323,96,227
"21506","2363矽統","110/07/13","元富",54,567,-513
"21507","2363矽統","110/07/13","豐農",228,23,205
"21508","2363矽統","110/07/13","瑞士信貸",202,666,-464
"21509","2363矽統","110/07/13","台灣企銀-岡山",186,4,182
"21510","2363矽統","110/07/13","永豐金-嘉義",67,468,-401
"21511","8112至上","110/07/13","摩根大通",688,296,392
"21512","8112至上","110/07/13","國票-中和",0,401,-401
"21513","8112至上","110/07/13","港商野村",344,145,199
"21514","8112至上","110/07/13","永豐金-板盛",0,205,-205
"21515","8112至上","110/07/13","兆豐-公益",195,5,190
"21516","8112至上","110/07/13","凱基-五股",43,155,-112
"21517","8112至上","110/07/13","台灣摩根士丹利",183,0,183
"21518","8112至上","110/07/13","凱基-市政",0,100,-100
"21519","8112至上","110/07/13","群益金鼎-敦南",153,2,151
"21520","8112至上","110/07/13","元大-大里德芳",1,92,-91
"21521","8112至上","110/07/13","臺銀-金山",146,26,120
"21522","8112至上","110/07/13","玉山-桃園",26,110,-84
"21523","8112至上","110/07/13","臺銀",133,19,114
"21524","8112至上","110/07/13","兆豐-天母",0,81,-81
"21525","8112至上","110/07/13","合庫-台中",115,6,109
"21526","8112至上","110/07/13","凱基-城中",3,84,-81
"21527","8112至上","110/07/13","亞東-板橋",134,26,108
"21528","8112至上","110/07/13","日盛-新莊",9,85,-76
"21529","8112至上","110/07/13","凱基-台北",414,326,88
"21530","8112至上","110/07/13","日盛-台中",2,64,-62
"21531","8112至上","110/07/13","新加坡商瑞銀",181,100,81
"21532","8112至上","110/07/13","日盛-中壢",3,64,-61
"21533","8112至上","110/07/13","國泰-敦南",108,31,77
"21534","8112至上","110/07/13","元大-台中",2,59,-57
"21535","8112至上","110/07/13","第一金-華江",77,4,73
"21536","8112至上","110/07/13","元大-雙和",7,64,-57
"21537","8112至上","110/07/13","永豐金-內湖",73,1,72
"21538","8112至上","110/07/13","元大-高雄",8,62,-54
"21539","8112至上","110/07/13","元大-永和",68,1,67
"21540","8112至上","110/07/13","元大-館前",2,55,-53
"21541","4903聯光通","110/07/13","台灣企銀-太平",56,0,56
"21542","4903聯光通","110/07/13","土銀",0,32,-32
"21543","4903聯光通","110/07/13","元富-新興",23,0,23
"21544","4903聯光通","110/07/13","元大-樹林",0,19,-19
"21545","4903聯光通","110/07/13","日盛-樹林",22,0,22
"21546","4903聯光通","110/07/13","凱基-士林",0,17,-17
"21547","4903聯光通","110/07/13","兆豐-天母",20,0,20
"21548","4903聯光通","110/07/13","國票-博愛",0,14,-14
"21549","4903聯光通","110/07/13","華南永昌-桃園",20,0,20
"21550","4903聯光通","110/07/13","元富",0,10,-10
"21551","4903聯光通","110/07/13","富邦-新店",10,0,10
"21552","4903聯光通","110/07/13","新光",0,10,-10
"21553","4903聯光通","110/07/13","新光-台中",5,0,5
"21554","4903聯光通","110/07/13","玉山-南京東路",0,10,-10
"21555","4903聯光通","110/07/13","華南永昌-台中",5,0,5
"21556","4903聯光通","110/07/13","富邦-陽明",0,10,-10
"21557","4903聯光通","110/07/13","元大-崇德",5,0,5
"21558","4903聯光通","110/07/13","元大-大甲",0,8,-8
"21559","4903聯光通","110/07/13","元大-草屯",5,0,5
"21560","4903聯光通","110/07/13","富邦-台中",0,7,-7
"21561","4903聯光通","110/07/13","元富-草屯",4,0,4
"21562","4903聯光通","110/07/13","凱基-中壢",0,6,-6
"21563","4903聯光通","110/07/13","元大-清水",4,0,4
"21564","4903聯光通","110/07/13","臺銀-民權",0,5,-5
"21565","4903聯光通","110/07/13","元大-東泰",4,0,4
"21566","4903聯光通","110/07/13","日盛-板橋",0,5,-5
"21567","4903聯光通","110/07/13","元大-佳里",2,0,2
"21568","4903聯光通","110/07/13","中國信託-忠孝",0,5,-5
"21569","4903聯光通","110/07/13","永豐金-板橋",2,0,2
"21570","4903聯光通","110/07/13","永豐金-鳳山",0,5,-5
"21571","2929淘帝","110/07/13","玉山-新竹",130,0,130
"21572","2929淘帝","110/07/13","美商高盛",0,177,-177
"21573","2929淘帝","110/07/13","臺銀-民權",60,0,60
"21574","2929淘帝","110/07/13","凱基-台北",6,80,-74
"21575","2929淘帝","110/07/13","新百王",31,0,31
"21576","2929淘帝","110/07/13","元富-大裕",0,49,-49
"21577","2929淘帝","110/07/13","日盛-園區",30,0,30
"21578","2929淘帝","110/07/13","國泰-館前",3,51,-48
"21579","2929淘帝","110/07/13","元大-南投",31,1,30
"21580","2929淘帝","110/07/13","凱基-中壢",0,41,-41
"21581","2929淘帝","110/07/13","兆豐-忠孝",28,0,28
"21582","2929淘帝","110/07/13","港商野村",21,55,-34
"21583","2929淘帝","110/07/13","元大-民生",28,0,28
"21584","2929淘帝","110/07/13","華南永昌-南京",2,34,-32
"21585","2929淘帝","110/07/13","合庫-高雄",27,0,27
"21586","2929淘帝","110/07/13","群益金鼎-土城",0,30,-30
"21587","2929淘帝","110/07/13","凱基-豐中",27,0,27
"21588","2929淘帝","110/07/13","富邦-南屯",0,22,-22
"21589","2929淘帝","110/07/13","新光",21,4,17
"21590","2929淘帝","110/07/13","第一金-豐原",0,20,-20
"21591","2929淘帝","110/07/13","元大-天母",17,0,17
"21592","2929淘帝","110/07/13","元大-屏南",6,26,-20
"21593","2929淘帝","110/07/13","永興",14,0,14
"21594","2929淘帝","110/07/13","永豐金-敦南",1,21,-20
"21595","2929淘帝","110/07/13","富邦-台北",12,0,12
"21596","2929淘帝","110/07/13","凱基-三重",2,21,-19
"21597","2929淘帝","110/07/13","元大-永和",12,0,12
"21598","2929淘帝","110/07/13","富邦-仁愛",7,25,-18
"21599","2929淘帝","110/07/13","國票-天祥",11,0,11
"21600","2929淘帝","110/07/13","元大-北投",0,16,-16
"21601","5410國眾","110/07/13","兆豐-城中",274,0,274
"21602","5410國眾","110/07/13","元富-嘉義",0,103,-103
"21603","5410國眾","110/07/13","新光",50,4,46
"21604","5410國眾","110/07/13","凱基-台北",0,50,-50
"21605","5410國眾","110/07/13","國泰-台中",26,0,26
"21606","5410國眾","110/07/13","瑞士信貸",0,31,-31
"21607","5410國眾","110/07/13","新加坡商瑞銀",22,0,22
"21608","5410國眾","110/07/13","台新-新莊",0,27,-27
"21609","5410國眾","110/07/13","光和-嘉義",20,0,20
"21610","5410國眾","110/07/13","元大-汐止",0,20,-20
"21611","5410國眾","110/07/13","凱基-竹北",17,0,17
"21612","5410國眾","110/07/13","亞東-新竹",0,17,-17
"21613","5410國眾","110/07/13","新光-桃園",15,0,15
"21614","5410國眾","110/07/13","元大-南勢角",0,13,-13
"21615","5410國眾","110/07/13","凱基-台東",14,0,14
"21616","5410國眾","110/07/13","台新-台南",0,12,-12
"21617","5410國眾","110/07/13","富邦-竹北",11,0,11
"21618","5410國眾","110/07/13","中國信託",0,11,-11
"21619","5410國眾","110/07/13","元富-同大",10,0,10
"21620","5410國眾","110/07/13","華南永昌",0,11,-11
"21621","5410國眾","110/07/13","國泰-敦南",24,15,9
"21622","5410國眾","110/07/13","臺銀-臺南",0,10,-10
"21623","5410國眾","110/07/13","日盛-內湖",7,0,7
"21624","5410國眾","110/07/13","台灣企銀-民雄",0,10,-10
"21625","5410國眾","110/07/13","台新-左楠",7,0,7
"21626","5410國眾","110/07/13","高橋",0,10,-10
"21627","5410國眾","110/07/13","元大-新盛",18,12,6
"21628","5410國眾","110/07/13","康和-嘉義",0,10,-10
"21629","5410國眾","110/07/13","統一",5,0,5
"21630","5410國眾","110/07/13","凱基-基隆",0,10,-10
"21631","2841台開","110/07/13","中國信託-高雄",251,50,201
"21632","2841台開","110/07/13","兆豐-公益",0,177,-177
"21633","2841台開","110/07/13","日盛證券",210,13,197
"21634","2841台開","110/07/13","日進",0,152,-152
"21635","2841台開","110/07/13","第一金-台中",55,0,55
"21636","2841台開","110/07/13","港商野村",0,109,-109
"21637","2841台開","110/07/13","國泰-板橋",46,0,46
"21638","2841台開","110/07/13","日盛-信義",0,103,-103
"21639","2841台開","110/07/13","國泰-館前",48,3,45
"21640","2841台開","110/07/13","國泰-敦南",11,75,-64
"21641","2841台開","110/07/13","華南永昌-新莊",45,0,45
"21642","2841台開","110/07/13","永興",0,50,-50
"21643","2841台開","110/07/13","日盛-園區",42,0,42
"21644","2841台開","110/07/13","永豐金-敦南",61,104,-43
"21645","2841台開","110/07/13","台新證券",32,0,32
"21646","2841台開","110/07/13","富邦-台南",0,42,-42
"21647","2841台開","110/07/13","台新-高雄",32,2,30
"21648","2841台開","110/07/13","國票-安和",0,30,-30
"21649","2841台開","110/07/13","豐農",23,0,23
"21650","2841台開","110/07/13","元大-桃園",0,25,-25
"21651","2841台開","110/07/13","合庫-嘉義",20,0,20
"21652","2841台開","110/07/13","新光",8,32,-24
"21653","2841台開","110/07/13","華南永昌-高雄",20,0,20
"21654","2841台開","110/07/13","元大-仁愛",0,24,-24
"21655","2841台開","110/07/13","元大-樹林",16,0,16
"21656","2841台開","110/07/13","日盛-中和",0,20,-20
"21657","2841台開","110/07/13","第一金-華江",15,2,13
"21658","2841台開","110/07/13","元富",0,20,-20
"21659","2841台開","110/07/13","美商高盛",12,0,12
"21660","2841台開","110/07/13","富邦-宜蘭",0,20,-20
"21661","6207雷科","110/07/13","元大-高雄",121,0,121
"21662","6207雷科","110/07/13","華南永昌-朴子",1,60,-59
"21663","6207雷科","110/07/13","第一金-新興",20,0,20
"21664","6207雷科","110/07/13","元大-南海",0,36,-36
"21665","6207雷科","110/07/13","元富-三重",20,0,20
"21666","6207雷科","110/07/13","凱基-土城",0,35,-35
"21667","6207雷科","110/07/13","元大-林園",15,0,15
"21668","6207雷科","110/07/13","台灣企銀",0,20,-20
"21669","6207雷科","110/07/13","元大-金華",16,1,15
"21670","6207雷科","110/07/13","群益金鼎-丹鳳",0,20,-20
"21671","6207雷科","110/07/13","日盛證券",10,0,10
"21672","6207雷科","110/07/13","元大-博愛",0,17,-17
"21673","6207雷科","110/07/13","統一-台中",10,0,10
"21674","6207雷科","110/07/13","元大-北港",0,13,-13
"21675","6207雷科","110/07/13","群益金鼎-土城",10,0,10
"21676","6207雷科","110/07/13","新加坡商瑞銀",0,12,-12
"21677","6207雷科","110/07/13","群益金鼎-桃園",10,0,10
"21678","6207雷科","110/07/13","凱基-台北",4,16,-12
"21679","6207雷科","110/07/13","永豐金-新莊",10,0,10
"21680","6207雷科","110/07/13","日茂-埔里",0,11,-11
"21681","6207雷科","110/07/13","永豐金-新店",10,0,10
"21682","6207雷科","110/07/13","元大-莒光",0,11,-11
"21683","6207雷科","110/07/13","元大證券",9,0,9
"21684","6207雷科","110/07/13","統一-新竹",0,10,-10
"21685","6207雷科","110/07/13","日盛-木柵",9,1,8
"21686","6207雷科","110/07/13","元大-西螺",0,10,-10
"21687","6207雷科","110/07/13","兆豐-來福",8,0,8
"21688","6207雷科","110/07/13","康和-台中",0,8,-8
"21689","6207雷科","110/07/13","新光",7,0,7
"21690","6207雷科","110/07/13","兆豐-高雄",0,6,-6
"21691","3679新至陞","110/07/13","永豐金證券",50,0,50
"21692","3679新至陞","110/07/13","摩根大通",2,25,-23
"21693","3679新至陞","110/07/13","國泰-桃園",22,0,22
"21694","3679新至陞","110/07/13","元大-成功",0,22,-22
"21695","3679新至陞","110/07/13","台中銀-員林",11,0,11
"21696","3679新至陞","110/07/13","富邦-板橋",1,19,-18
"21697","3679新至陞","110/07/13","元大-文心興安",8,0,8
"21698","3679新至陞","110/07/13","日盛-新莊",0,10,-10
"21699","3679新至陞","110/07/13","美商高盛",6,0,6
"21700","3679新至陞","110/07/13","台新-台中",0,10,-10
"21701","3679新至陞","110/07/13","台新-高雄",6,0,6
"21702","3679新至陞","110/07/13","永豐金-新竹",0,8,-8
"21703","3679新至陞","110/07/13","凱基-台北",18,12,6
"21704","3679新至陞","110/07/13","瑞士信貸",12,19,-7
"21705","3679新至陞","110/07/13","日盛-復興",5,0,5
"21706","3679新至陞","110/07/13","統一-南京",0,7,-7
"21707","3679新至陞","110/07/13","(牛牛牛)亞-鑫豐",4,0,4
"21708","3679新至陞","110/07/13","凱基-新莊",0,7,-7
"21709","3679新至陞","110/07/13","元富-大昌",3,0,3
"21710","3679新至陞","110/07/13","新加坡商瑞銀",0,6,-6
"21711","3679新至陞","110/07/13","富邦-台北",3,0,3
"21712","3679新至陞","110/07/13","合庫-自強",0,5,-5
"21713","3679新至陞","110/07/13","日盛-樹林",2,0,2
"21714","3679新至陞","110/07/13","富邦-桃園",0,5,-5
"21715","3679新至陞","110/07/13","宏遠-光隆",2,0,2
"21716","3679新至陞","110/07/13","永豐金-潮州",0,4,-4
"21717","3679新至陞","110/07/13","美林",3,1,2
"21718","3679新至陞","110/07/13","臺銀-臺南",0,3,-3
"21719","3679新至陞","110/07/13","第一金-中壢",2,0,2
"21720","3679新至陞","110/07/13","元大-六合",0,3,-3
"21721","2727王品","110/07/13","富邦-台北",43,3,40
"21722","2727王品","110/07/13","台灣摩根士丹利",15,97,-82
"21723","2727王品","110/07/13","元大-基隆孝二",40,0,40
"21724","2727王品","110/07/13","玉山-台南",5,57,-52
"21725","2727王品","110/07/13","國票-新莊",40,1,39
"21726","2727王品","110/07/13","新加坡商瑞銀",0,48,-48
"21727","2727王品","110/07/13","第一金-豐原",66,42,24
"21728","2727王品","110/07/13","凱基-台北",41,77,-36
"21729","2727王品","110/07/13","永豐金-大園",34,10,24
"21730","2727王品","110/07/13","永豐金-永康",0,22,-22
"21731","2727王品","110/07/13","元大-北屯",22,0,22
"21732","2727王品","110/07/13","統一-台中",2,22,-20
"21733","2727王品","110/07/13","元大-東蘆",26,7,19
"21734","2727王品","110/07/13","國泰-台中",21,39,-18
"21735","2727王品","110/07/13","永豐金-萬盛",13,1,12
"21736","2727王品","110/07/13","合庫-彰化",3,20,-17
"21737","2727王品","110/07/13","日盛-嘉義",11,0,11
"21738","2727王品","110/07/13","港商野村",13,30,-17
"21739","2727王品","110/07/13","日盛-八德",11,0,11
"21740","2727王品","110/07/13","元大-楊梅",1,16,-15
"21741","2727王品","110/07/13","統一-竹南",11,0,11
"21742","2727王品","110/07/13","凱基-高美館",2,15,-13
"21743","2727王品","110/07/13","日盛-士林",12,2,10
"21744","2727王品","110/07/13","美商高盛",2,14,-12
"21745","2727王品","110/07/13","統一-敦南",10,0,10
"21746","2727王品","110/07/13","統一-平鎮",1,13,-12
"21747","2727王品","110/07/13","中國信託",15,5,10
"21748","2727王品","110/07/13","兆豐-台中港",4,16,-12
"21749","2727王品","110/07/13","兆豐-竹北",13,3,10
"21750","2727王品","110/07/13","凱基-八德",1,13,-12
"21751","1570力肯","110/07/13","新光",115,11,104
"21752","1570力肯","110/07/13","元大-北三重",0,162,-162
"21753","1570力肯","110/07/13","群益金鼎-高雄",54,0,54
"21754","1570力肯","110/07/13","元大-大灣",0,25,-25
"21755","1570力肯","110/07/13","國票-新莊",22,0,22
"21756","1570力肯","110/07/13","永豐金-苓雅",0,22,-22
"21757","1570力肯","110/07/13","日盛-桃園",12,0,12
"21758","1570力肯","110/07/13","永豐金-永康",0,19,-19
"21759","1570力肯","110/07/13","元大-高雄",12,0,12
"21760","1570力肯","110/07/13","富邦-員林",0,15,-15
"21761","1570力肯","110/07/13","合庫-自強",11,0,11
"21762","1570力肯","110/07/13","凱基-台南",0,11,-11
"21763","1570力肯","110/07/13","摩根大通",26,15,11
"21764","1570力肯","110/07/13","日盛-竹北",0,10,-10
"21765","1570力肯","110/07/13","永豐金-中盛",11,0,11
"21766","1570力肯","110/07/13","國票-九鼎",0,10,-10
"21767","1570力肯","110/07/13","兆豐-台中港",10,0,10
"21768","1570力肯","110/07/13","凱基-桃園",0,10,-10
"21769","1570力肯","110/07/13","國泰-松江",9,0,9
"21770","1570力肯","110/07/13","凱基-新豐",0,10,-10
"21771","1570力肯","110/07/13","元大-新盛",9,0,9
"21772","1570力肯","110/07/13","元大-學甲",0,10,-10
"21773","1570力肯","110/07/13","元富-緯城",6,0,6
"21774","1570力肯","110/07/13","群益金鼎-東湖",1,10,-9
"21775","1570力肯","110/07/13","統一-三重",5,0,5
"21776","1570力肯","110/07/13","大昌",0,6,-6
"21777","1570力肯","110/07/13","元大-前金",5,0,5
"21778","1570力肯","110/07/13","元大-土城學府",0,6,-6
"21779","1570力肯","110/07/13","永豐金證券",5,0,5
"21780","1570力肯","110/07/13","統一",0,5,-5
"21781","6180橘子","110/07/13","摩根大通",119,0,119
"21782","6180橘子","110/07/13","元大-崇德",2,61,-59
"21783","6180橘子","110/07/13","美商高盛",96,0,96
"21784","6180橘子","110/07/13","康和-台中",0,51,-51
"21785","6180橘子","110/07/13","新加坡商瑞銀",86,7,79
"21786","6180橘子","110/07/13","康和-台北",0,50,-50
"21787","6180橘子","110/07/13","元大-和平",40,0,40
"21788","6180橘子","110/07/13","元富-潮州",0,40,-40
"21789","6180橘子","110/07/13","凱基-台北",83,47,36
"21790","6180橘子","110/07/13","日盛-永康",0,26,-26
"21791","6180橘子","110/07/13","美林",39,5,34
"21792","6180橘子","110/07/13","永豐金-中正",0,24,-24
"21793","6180橘子","110/07/13","富邦-新竹華信",31,2,29
"21794","6180橘子","110/07/13","國泰-板橋",2,25,-23
"21795","6180橘子","110/07/13","統一-南京",21,0,21
"21796","6180橘子","110/07/13","日盛-大墩",0,20,-20
"21797","6180橘子","110/07/13","富邦-陽明",24,3,21
"21798","6180橘子","110/07/13","元大-草屯",13,32,-19
"21799","6180橘子","110/07/13","大昌-樹林",21,1,20
"21800","6180橘子","110/07/13","元富-林園",1,18,-17
"21801","6180橘子","110/07/13","花旗環球",19,0,19
"21802","6180橘子","110/07/13","新光-新竹",1,18,-17
"21803","6180橘子","110/07/13","華南永昌-台南",19,0,19
"21804","6180橘子","110/07/13","元大-土城永寧",0,17,-17
"21805","6180橘子","110/07/13","福勝",14,0,14
"21806","6180橘子","110/07/13","國泰-新莊",3,19,-16
"21807","6180橘子","110/07/13","富邦-嘉義",12,1,11
"21808","6180橘子","110/07/13","中國信託-永康",6,21,-15
"21809","6180橘子","110/07/13","元大-板橋三民",11,0,11
"21810","6180橘子","110/07/13","凱基-東港",1,15,-14
"21811","2390云辰","110/07/13","新加坡商瑞銀",562,75,487
"21812","2390云辰","110/07/13","大展-台南",0,532,-532
"21813","2390云辰","110/07/13","台灣摩根士丹利",330,155,175
"21814","2390云辰","110/07/13","凱基-台北",668,854,-186
"21815","2390云辰","110/07/13","兆豐-公益",126,25,101
"21816","2390云辰","110/07/13","凱基-三重",12,172,-160
"21817","2390云辰","110/07/13","元富-中港",100,2,98
"21818","2390云辰","110/07/13","兆豐-忠孝",4,161,-157
"21819","2390云辰","110/07/13","統一-新台中",106,9,97
"21820","2390云辰","110/07/13","元大-士林",19,170,-151
"21821","2390云辰","110/07/13","中國信託-松江",81,11,70
"21822","2390云辰","110/07/13","臺銀-新竹",14,117,-103
"21823","2390云辰","110/07/13","日盛-板橋",72,3,69
"21824","2390云辰","110/07/13","國票-台中",4,102,-98
"21825","2390云辰","110/07/13","日盛-和美",57,0,57
"21826","2390云辰","110/07/13","新光",147,232,-85
"21827","2390云辰","110/07/13","永豐金-桃園",88,36,52
"21828","2390云辰","110/07/13","致和-崇德",2,70,-68
"21829","2390云辰","110/07/13","玉山-士林",54,4,50
"21830","2390云辰","110/07/13","群益金鼎-屏東",2,70,-68
"21831","2390云辰","110/07/13","富邦-仁愛",56,6,50
"21832","2390云辰","110/07/13","元大-大里",35,98,-63
"21833","2390云辰","110/07/13","第一金-豐原",50,1,49
"21834","2390云辰","110/07/13","元大-萬華",35,94,-59
"21835","2390云辰","110/07/13","摩根大通",502,453,49
"21836","2390云辰","110/07/13","元富-吉利",2,60,-58
"21837","2390云辰","110/07/13","凱基-松山",61,13,48
"21838","2390云辰","110/07/13","兆豐-新竹",3,53,-50
"21839","2390云辰","110/07/13","大昌",64,22,42
"21840","2390云辰","110/07/13","富邦-嘉義",65,108,-43
"21841","2363矽統","110/07/13","凱基-南崁",2133,63,2070
"21842","2363矽統","110/07/13","凱基-幸福",36,4048,-4012
"21843","2363矽統","110/07/13","國泰-敦南",2195,1617,578
"21844","2363矽統","110/07/13","統一",192,3325,-3133
"21845","2363矽統","110/07/13","中農",670,139,531
"21846","2363矽統","110/07/13","新加坡商瑞銀",1000,2747,-1747
"21847","2363矽統","110/07/13","康和-台中",638,154,484
"21848","2363矽統","110/07/13","凱基-台北",5359,6609,-1250
"21849","2363矽統","110/07/13","群益金鼎-三民",577,137,440
"21850","2363矽統","110/07/13","摩根大通",1930,2858,-928
"21851","2363矽統","110/07/13","台新-屏東",510,88,422
"21852","2363矽統","110/07/13","港商野村",960,1679,-719
"21853","2363矽統","110/07/13","德信-中正",455,67,388
"21854","2363矽統","110/07/13","兆豐-復興",25,705,-680
"21855","2363矽統","110/07/13","日盛-竹北",365,70,295
"21856","2363矽統","110/07/13","統一-仁愛",114,755,-641
"21857","2363矽統","110/07/13","元大-佳里",452,189,263
"21858","2363矽統","110/07/13","統一-敦南",29,638,-609
"21859","2363矽統","110/07/13","國票-博愛",296,38,258
"21860","2363矽統","110/07/13","統一-土城",100,704,-604
"21861","2363矽統","110/07/13","元大-萬華",340,95,245
"21862","2363矽統","110/07/13","統一-城中",116,676,-560
"21863","2363矽統","110/07/13","新光",1259,1031,228
"21864","2363矽統","110/07/13","永豐金證券",306,859,-553
"21865","2363矽統","110/07/13","元富-成功",323,96,227
"21866","2363矽統","110/07/13","元富",54,567,-513
"21867","2363矽統","110/07/13","豐農",228,23,205
"21868","2363矽統","110/07/13","瑞士信貸",202,666,-464
"21869","2363矽統","110/07/13","台灣企銀-岡山",186,4,182
"21870","2363矽統","110/07/13","永豐金-嘉義",67,468,-401
"21871","8112至上","110/07/13","摩根大通",688,296,392
"21872","8112至上","110/07/13","國票-中和",0,401,-401
"21873","8112至上","110/07/13","港商野村",344,145,199
"21874","8112至上","110/07/13","永豐金-板盛",0,205,-205
"21875","8112至上","110/07/13","兆豐-公益",195,5,190
"21876","8112至上","110/07/13","凱基-五股",43,155,-112
"21877","8112至上","110/07/13","台灣摩根士丹利",183,0,183
"21878","8112至上","110/07/13","凱基-市政",0,100,-100
"21879","8112至上","110/07/13","群益金鼎-敦南",153,2,151
"21880","8112至上","110/07/13","元大-大里德芳",1,92,-91
"21881","8112至上","110/07/13","臺銀-金山",146,26,120
"21882","8112至上","110/07/13","玉山-桃園",26,110,-84
"21883","8112至上","110/07/13","臺銀",133,19,114
"21884","8112至上","110/07/13","兆豐-天母",0,81,-81
"21885","8112至上","110/07/13","合庫-台中",115,6,109
"21886","8112至上","110/07/13","凱基-城中",3,84,-81
"21887","8112至上","110/07/13","亞東-板橋",134,26,108
"21888","8112至上","110/07/13","日盛-新莊",9,85,-76
"21889","8112至上","110/07/13","凱基-台北",414,326,88
"21890","8112至上","110/07/13","日盛-台中",2,64,-62
"21891","8112至上","110/07/13","新加坡商瑞銀",181,100,81
"21892","8112至上","110/07/13","日盛-中壢",3,64,-61
"21893","8112至上","110/07/13","國泰-敦南",108,31,77
"21894","8112至上","110/07/13","元大-台中",2,59,-57
"21895","8112至上","110/07/13","第一金-華江",77,4,73
"21896","8112至上","110/07/13","元大-雙和",7,64,-57
"21897","8112至上","110/07/13","永豐金-內湖",73,1,72
"21898","8112至上","110/07/13","元大-高雄",8,62,-54
"21899","8112至上","110/07/13","元大-永和",68,1,67
"21900","8112至上","110/07/13","元大-館前",2,55,-53
"21901","4903聯光通","110/07/13","台灣企銀-太平",56,0,56
"21902","4903聯光通","110/07/13","土銀",0,32,-32
"21903","4903聯光通","110/07/13","元富-新興",23,0,23
"21904","4903聯光通","110/07/13","元大-樹林",0,19,-19
"21905","4903聯光通","110/07/13","日盛-樹林",22,0,22
"21906","4903聯光通","110/07/13","凱基-士林",0,17,-17
"21907","4903聯光通","110/07/13","兆豐-天母",20,0,20
"21908","4903聯光通","110/07/13","國票-博愛",0,14,-14
"21909","4903聯光通","110/07/13","華南永昌-桃園",20,0,20
"21910","4903聯光通","110/07/13","元富",0,10,-10
"21911","4903聯光通","110/07/13","富邦-新店",10,0,10
"21912","4903聯光通","110/07/13","新光",0,10,-10
"21913","4903聯光通","110/07/13","新光-台中",5,0,5
"21914","4903聯光通","110/07/13","玉山-南京東路",0,10,-10
"21915","4903聯光通","110/07/13","華南永昌-台中",5,0,5
"21916","4903聯光通","110/07/13","富邦-陽明",0,10,-10
"21917","4903聯光通","110/07/13","元大-崇德",5,0,5
"21918","4903聯光通","110/07/13","元大-大甲",0,8,-8
"21919","4903聯光通","110/07/13","元大-草屯",5,0,5
"21920","4903聯光通","110/07/13","富邦-台中",0,7,-7
"21921","4903聯光通","110/07/13","元富-草屯",4,0,4
"21922","4903聯光通","110/07/13","凱基-中壢",0,6,-6
"21923","4903聯光通","110/07/13","元大-清水",4,0,4
"21924","4903聯光通","110/07/13","臺銀-民權",0,5,-5
"21925","4903聯光通","110/07/13","元大-東泰",4,0,4
"21926","4903聯光通","110/07/13","日盛-板橋",0,5,-5
"21927","4903聯光通","110/07/13","元大-佳里",2,0,2
"21928","4903聯光通","110/07/13","中國信託-忠孝",0,5,-5
"21929","4903聯光通","110/07/13","永豐金-板橋",2,0,2
"21930","4903聯光通","110/07/13","永豐金-鳳山",0,5,-5
"21931","2929淘帝","110/07/13","玉山-新竹",130,0,130
"21932","2929淘帝","110/07/13","美商高盛",0,177,-177
"21933","2929淘帝","110/07/13","臺銀-民權",60,0,60
"21934","2929淘帝","110/07/13","凱基-台北",6,80,-74
"21935","2929淘帝","110/07/13","新百王",31,0,31
"21936","2929淘帝","110/07/13","元富-大裕",0,49,-49
"21937","2929淘帝","110/07/13","日盛-園區",30,0,30
"21938","2929淘帝","110/07/13","國泰-館前",3,51,-48
"21939","2929淘帝","110/07/13","元大-南投",31,1,30
"21940","2929淘帝","110/07/13","凱基-中壢",0,41,-41
"21941","2929淘帝","110/07/13","兆豐-忠孝",28,0,28
"21942","2929淘帝","110/07/13","港商野村",21,55,-34
"21943","2929淘帝","110/07/13","元大-民生",28,0,28
"21944","2929淘帝","110/07/13","華南永昌-南京",2,34,-32
"21945","2929淘帝","110/07/13","合庫-高雄",27,0,27
"21946","2929淘帝","110/07/13","群益金鼎-土城",0,30,-30
"21947","2929淘帝","110/07/13","凱基-豐中",27,0,27
"21948","2929淘帝","110/07/13","富邦-南屯",0,22,-22
"21949","2929淘帝","110/07/13","新光",21,4,17
"21950","2929淘帝","110/07/13","第一金-豐原",0,20,-20
"21951","2929淘帝","110/07/13","元大-天母",17,0,17
"21952","2929淘帝","110/07/13","元大-屏南",6,26,-20
"21953","2929淘帝","110/07/13","永興",14,0,14
"21954","2929淘帝","110/07/13","永豐金-敦南",1,21,-20
"21955","2929淘帝","110/07/13","富邦-台北",12,0,12
"21956","2929淘帝","110/07/13","凱基-三重",2,21,-19
"21957","2929淘帝","110/07/13","元大-永和",12,0,12
"21958","2929淘帝","110/07/13","富邦-仁愛",7,25,-18
"21959","2929淘帝","110/07/13","國票-天祥",11,0,11
"21960","2929淘帝","110/07/13","元大-北投",0,16,-16
"21961","5410國眾","110/07/13","兆豐-城中",274,0,274
"21962","5410國眾","110/07/13","元富-嘉義",0,103,-103
"21963","5410國眾","110/07/13","新光",50,4,46
"21964","5410國眾","110/07/13","凱基-台北",0,50,-50
"21965","5410國眾","110/07/13","國泰-台中",26,0,26
"21966","5410國眾","110/07/13","瑞士信貸",0,31,-31
"21967","5410國眾","110/07/13","新加坡商瑞銀",22,0,22
"21968","5410國眾","110/07/13","台新-新莊",0,27,-27
"21969","5410國眾","110/07/13","光和-嘉義",20,0,20
"21970","5410國眾","110/07/13","元大-汐止",0,20,-20
"21971","5410國眾","110/07/13","凱基-竹北",17,0,17
"21972","5410國眾","110/07/13","亞東-新竹",0,17,-17
"21973","5410國眾","110/07/13","新光-桃園",15,0,15
"21974","5410國眾","110/07/13","元大-南勢角",0,13,-13
"21975","5410國眾","110/07/13","凱基-台東",14,0,14
"21976","5410國眾","110/07/13","台新-台南",0,12,-12
"21977","5410國眾","110/07/13","富邦-竹北",11,0,11
"21978","5410國眾","110/07/13","中國信託",0,11,-11
"21979","5410國眾","110/07/13","元富-同大",10,0,10
"21980","5410國眾","110/07/13","華南永昌",0,11,-11
"21981","5410國眾","110/07/13","國泰-敦南",24,15,9
"21982","5410國眾","110/07/13","臺銀-臺南",0,10,-10
"21983","5410國眾","110/07/13","日盛-內湖",7,0,7
"21984","5410國眾","110/07/13","台灣企銀-民雄",0,10,-10
"21985","5410國眾","110/07/13","台新-左楠",7,0,7
"21986","5410國眾","110/07/13","高橋",0,10,-10
"21987","5410國眾","110/07/13","元大-新盛",18,12,6
"21988","5410國眾","110/07/13","康和-嘉義",0,10,-10
"21989","5410國眾","110/07/13","統一",5,0,5
"21990","5410國眾","110/07/13","凱基-基隆",0,10,-10
"21991","2841台開","110/07/13","中國信託-高雄",251,50,201
"21992","2841台開","110/07/13","兆豐-公益",0,177,-177
"21993","2841台開","110/07/13","日盛證券",210,13,197
"21994","2841台開","110/07/13","日進",0,152,-152
"21995","2841台開","110/07/13","第一金-台中",55,0,55
"21996","2841台開","110/07/13","港商野村",0,109,-109
"21997","2841台開","110/07/13","國泰-板橋",46,0,46
"21998","2841台開","110/07/13","日盛-信義",0,103,-103
"21999","2841台開","110/07/13","國泰-館前",48,3,45
"22000","2841台開","110/07/13","國泰-敦南",11,75,-64
"22001","2841台開","110/07/13","華南永昌-新莊",45,0,45
"22002","2841台開","110/07/13","永興",0,50,-50
"22003","2841台開","110/07/13","日盛-園區",42,0,42
"22004","2841台開","110/07/13","永豐金-敦南",61,104,-43
"22005","2841台開","110/07/13","台新證券",32,0,32
"22006","2841台開","110/07/13","富邦-台南",0,42,-42
"22007","2841台開","110/07/13","台新-高雄",32,2,30
"22008","2841台開","110/07/13","國票-安和",0,30,-30
"22009","2841台開","110/07/13","豐農",23,0,23
"22010","2841台開","110/07/13","元大-桃園",0,25,-25
"22011","2841台開","110/07/13","合庫-嘉義",20,0,20
"22012","2841台開","110/07/13","新光",8,32,-24
"22013","2841台開","110/07/13","華南永昌-高雄",20,0,20
"22014","2841台開","110/07/13","元大-仁愛",0,24,-24
"22015","2841台開","110/07/13","元大-樹林",16,0,16
"22016","2841台開","110/07/13","日盛-中和",0,20,-20
"22017","2841台開","110/07/13","第一金-華江",15,2,13
"22018","2841台開","110/07/13","元富",0,20,-20
"22019","2841台開","110/07/13","美商高盛",12,0,12
"22020","2841台開","110/07/13","富邦-宜蘭",0,20,-20
"22021","6207雷科","110/07/13","元大-高雄",121,0,121
"22022","6207雷科","110/07/13","華南永昌-朴子",1,60,-59
"22023","6207雷科","110/07/13","第一金-新興",20,0,20
"22024","6207雷科","110/07/13","元大-南海",0,36,-36
"22025","6207雷科","110/07/13","元富-三重",20,0,20
"22026","6207雷科","110/07/13","凱基-土城",0,35,-35
"22027","6207雷科","110/07/13","元大-林園",15,0,15
"22028","6207雷科","110/07/13","台灣企銀",0,20,-20
"22029","6207雷科","110/07/13","元大-金華",16,1,15
"22030","6207雷科","110/07/13","群益金鼎-丹鳳",0,20,-20
"22031","6207雷科","110/07/13","日盛證券",10,0,10
"22032","6207雷科","110/07/13","元大-博愛",0,17,-17
"22033","6207雷科","110/07/13","統一-台中",10,0,10
"22034","6207雷科","110/07/13","元大-北港",0,13,-13
"22035","6207雷科","110/07/13","群益金鼎-土城",10,0,10
"22036","6207雷科","110/07/13","新加坡商瑞銀",0,12,-12
"22037","6207雷科","110/07/13","群益金鼎-桃園",10,0,10
"22038","6207雷科","110/07/13","凱基-台北",4,16,-12
"22039","6207雷科","110/07/13","永豐金-新莊",10,0,10
"22040","6207雷科","110/07/13","日茂-埔里",0,11,-11
"22041","6207雷科","110/07/13","永豐金-新店",10,0,10
"22042","6207雷科","110/07/13","元大-莒光",0,11,-11
"22043","6207雷科","110/07/13","元大證券",9,0,9
"22044","6207雷科","110/07/13","統一-新竹",0,10,-10
"22045","6207雷科","110/07/13","日盛-木柵",9,1,8
"22046","6207雷科","110/07/13","元大-西螺",0,10,-10
"22047","6207雷科","110/07/13","兆豐-來福",8,0,8
"22048","6207雷科","110/07/13","康和-台中",0,8,-8
"22049","6207雷科","110/07/13","新光",7,0,7
"22050","6207雷科","110/07/13","兆豐-高雄",0,6,-6
"22051","3679新至陞","110/07/13","永豐金證券",50,0,50
"22052","3679新至陞","110/07/13","摩根大通",2,25,-23
"22053","3679新至陞","110/07/13","國泰-桃園",22,0,22
"22054","3679新至陞","110/07/13","元大-成功",0,22,-22
"22055","3679新至陞","110/07/13","台中銀-員林",11,0,11
"22056","3679新至陞","110/07/13","富邦-板橋",1,19,-18
"22057","3679新至陞","110/07/13","元大-文心興安",8,0,8
"22058","3679新至陞","110/07/13","日盛-新莊",0,10,-10
"22059","3679新至陞","110/07/13","美商高盛",6,0,6
"22060","3679新至陞","110/07/13","台新-台中",0,10,-10
"22061","3679新至陞","110/07/13","台新-高雄",6,0,6
"22062","3679新至陞","110/07/13","永豐金-新竹",0,8,-8
"22063","3679新至陞","110/07/13","凱基-台北",18,12,6
"22064","3679新至陞","110/07/13","瑞士信貸",12,19,-7
"22065","3679新至陞","110/07/13","日盛-復興",5,0,5
"22066","3679新至陞","110/07/13","統一-南京",0,7,-7
"22067","3679新至陞","110/07/13","(牛牛牛)亞-鑫豐",4,0,4
"22068","3679新至陞","110/07/13","凱基-新莊",0,7,-7
"22069","3679新至陞","110/07/13","元富-大昌",3,0,3
"22070","3679新至陞","110/07/13","新加坡商瑞銀",0,6,-6
"22071","3679新至陞","110/07/13","富邦-台北",3,0,3
"22072","3679新至陞","110/07/13","合庫-自強",0,5,-5
"22073","3679新至陞","110/07/13","日盛-樹林",2,0,2
"22074","3679新至陞","110/07/13","富邦-桃園",0,5,-5
"22075","3679新至陞","110/07/13","宏遠-光隆",2,0,2
"22076","3679新至陞","110/07/13","永豐金-潮州",0,4,-4
"22077","3679新至陞","110/07/13","美林",3,1,2
"22078","3679新至陞","110/07/13","臺銀-臺南",0,3,-3
"22079","3679新至陞","110/07/13","第一金-中壢",2,0,2
"22080","3679新至陞","110/07/13","元大-六合",0,3,-3
"22081","2727王品","110/07/13","富邦-台北",43,3,40
"22082","2727王品","110/07/13","台灣摩根士丹利",15,97,-82
"22083","2727王品","110/07/13","元大-基隆孝二",40,0,40
"22084","2727王品","110/07/13","玉山-台南",5,57,-52
"22085","2727王品","110/07/13","國票-新莊",40,1,39
"22086","2727王品","110/07/13","新加坡商瑞銀",0,48,-48
"22087","2727王品","110/07/13","第一金-豐原",66,42,24
"22088","2727王品","110/07/13","凱基-台北",41,77,-36
"22089","2727王品","110/07/13","永豐金-大園",34,10,24
"22090","2727王品","110/07/13","永豐金-永康",0,22,-22
"22091","2727王品","110/07/13","元大-北屯",22,0,22
"22092","2727王品","110/07/13","統一-台中",2,22,-20
"22093","2727王品","110/07/13","元大-東蘆",26,7,19
"22094","2727王品","110/07/13","國泰-台中",21,39,-18
"22095","2727王品","110/07/13","永豐金-萬盛",13,1,12
"22096","2727王品","110/07/13","合庫-彰化",3,20,-17
"22097","2727王品","110/07/13","日盛-嘉義",11,0,11
"22098","2727王品","110/07/13","港商野村",13,30,-17
"22099","2727王品","110/07/13","日盛-八德",11,0,11
"22100","2727王品","110/07/13","元大-楊梅",1,16,-15
"22101","2727王品","110/07/13","統一-竹南",11,0,11
"22102","2727王品","110/07/13","凱基-高美館",2,15,-13
"22103","2727王品","110/07/13","日盛-士林",12,2,10
"22104","2727王品","110/07/13","美商高盛",2,14,-12
"22105","2727王品","110/07/13","統一-敦南",10,0,10
"22106","2727王品","110/07/13","統一-平鎮",1,13,-12
"22107","2727王品","110/07/13","中國信託",15,5,10
"22108","2727王品","110/07/13","兆豐-台中港",4,16,-12
"22109","2727王品","110/07/13","兆豐-竹北",13,3,10
"22110","2727王品","110/07/13","凱基-八德",1,13,-12
"22111","1570力肯","110/07/13","新光",115,11,104
"22112","1570力肯","110/07/13","元大-北三重",0,162,-162
"22113","1570力肯","110/07/13","群益金鼎-高雄",54,0,54
"22114","1570力肯","110/07/13","元大-大灣",0,25,-25
"22115","1570力肯","110/07/13","國票-新莊",22,0,22
"22116","1570力肯","110/07/13","永豐金-苓雅",0,22,-22
"22117","1570力肯","110/07/13","日盛-桃園",12,0,12
"22118","1570力肯","110/07/13","永豐金-永康",0,19,-19
"22119","1570力肯","110/07/13","元大-高雄",12,0,12
"22120","1570力肯","110/07/13","富邦-員林",0,15,-15
"22121","1570力肯","110/07/13","合庫-自強",11,0,11
"22122","1570力肯","110/07/13","凱基-台南",0,11,-11
"22123","1570力肯","110/07/13","摩根大通",26,15,11
"22124","1570力肯","110/07/13","日盛-竹北",0,10,-10
"22125","1570力肯","110/07/13","永豐金-中盛",11,0,11
"22126","1570力肯","110/07/13","國票-九鼎",0,10,-10
"22127","1570力肯","110/07/13","兆豐-台中港",10,0,10
"22128","1570力肯","110/07/13","凱基-桃園",0,10,-10
"22129","1570力肯","110/07/13","國泰-松江",9,0,9
"22130","1570力肯","110/07/13","凱基-新豐",0,10,-10
"22131","1570力肯","110/07/13","元大-新盛",9,0,9
"22132","1570力肯","110/07/13","元大-學甲",0,10,-10
"22133","1570力肯","110/07/13","元富-緯城",6,0,6
"22134","1570力肯","110/07/13","群益金鼎-東湖",1,10,-9
"22135","1570力肯","110/07/13","統一-三重",5,0,5
"22136","1570力肯","110/07/13","大昌",0,6,-6
"22137","1570力肯","110/07/13","元大-前金",5,0,5
"22138","1570力肯","110/07/13","元大-土城學府",0,6,-6
"22139","1570力肯","110/07/13","永豐金證券",5,0,5
"22140","1570力肯","110/07/13","統一",0,5,-5
"22141","6180橘子","110/07/13","摩根大通",119,0,119
"22142","6180橘子","110/07/13","元大-崇德",2,61,-59
"22143","6180橘子","110/07/13","美商高盛",96,0,96
"22144","6180橘子","110/07/13","康和-台中",0,51,-51
"22145","6180橘子","110/07/13","新加坡商瑞銀",86,7,79
"22146","6180橘子","110/07/13","康和-台北",0,50,-50
"22147","6180橘子","110/07/13","元大-和平",40,0,40
"22148","6180橘子","110/07/13","元富-潮州",0,40,-40
"22149","6180橘子","110/07/13","凱基-台北",83,47,36
"22150","6180橘子","110/07/13","日盛-永康",0,26,-26
"22151","6180橘子","110/07/13","美林",39,5,34
"22152","6180橘子","110/07/13","永豐金-中正",0,24,-24
"22153","6180橘子","110/07/13","富邦-新竹華信",31,2,29
"22154","6180橘子","110/07/13","國泰-板橋",2,25,-23
"22155","6180橘子","110/07/13","統一-南京",21,0,21
"22156","6180橘子","110/07/13","日盛-大墩",0,20,-20
"22157","6180橘子","110/07/13","富邦-陽明",24,3,21
"22158","6180橘子","110/07/13","元大-草屯",13,32,-19
"22159","6180橘子","110/07/13","大昌-樹林",21,1,20
"22160","6180橘子","110/07/13","元富-林園",1,18,-17
"22161","6180橘子","110/07/13","花旗環球",19,0,19
"22162","6180橘子","110/07/13","新光-新竹",1,18,-17
"22163","6180橘子","110/07/13","華南永昌-台南",19,0,19
"22164","6180橘子","110/07/13","元大-土城永寧",0,17,-17
"22165","6180橘子","110/07/13","福勝",14,0,14
"22166","6180橘子","110/07/13","國泰-新莊",3,19,-16
"22167","6180橘子","110/07/13","富邦-嘉義",12,1,11
"22168","6180橘子","110/07/13","中國信託-永康",6,21,-15
"22169","6180橘子","110/07/13","元大-板橋三民",11,0,11
"22170","6180橘子","110/07/13","凱基-東港",1,15,-14
"22171","2390云辰","110/07/13","新加坡商瑞銀",562,75,487
"22172","2390云辰","110/07/13","大展-台南",0,532,-532
"22173","2390云辰","110/07/13","台灣摩根士丹利",330,155,175
"22174","2390云辰","110/07/13","凱基-台北",668,854,-186
"22175","2390云辰","110/07/13","兆豐-公益",126,25,101
"22176","2390云辰","110/07/13","凱基-三重",12,172,-160
"22177","2390云辰","110/07/13","元富-中港",100,2,98
"22178","2390云辰","110/07/13","兆豐-忠孝",4,161,-157
"22179","2390云辰","110/07/13","統一-新台中",106,9,97
"22180","2390云辰","110/07/13","元大-士林",19,170,-151
"22181","2390云辰","110/07/13","中國信託-松江",81,11,70
"22182","2390云辰","110/07/13","臺銀-新竹",14,117,-103
"22183","2390云辰","110/07/13","日盛-板橋",72,3,69
"22184","2390云辰","110/07/13","國票-台中",4,102,-98
"22185","2390云辰","110/07/13","日盛-和美",57,0,57
"22186","2390云辰","110/07/13","新光",147,232,-85
"22187","2390云辰","110/07/13","永豐金-桃園",88,36,52
"22188","2390云辰","110/07/13","致和-崇德",2,70,-68
"22189","2390云辰","110/07/13","玉山-士林",54,4,50
"22190","2390云辰","110/07/13","群益金鼎-屏東",2,70,-68
"22191","2390云辰","110/07/13","富邦-仁愛",56,6,50
"22192","2390云辰","110/07/13","元大-大里",35,98,-63
"22193","2390云辰","110/07/13","第一金-豐原",50,1,49
"22194","2390云辰","110/07/13","元大-萬華",35,94,-59
"22195","2390云辰","110/07/13","摩根大通",502,453,49
"22196","2390云辰","110/07/13","元富-吉利",2,60,-58
"22197","2390云辰","110/07/13","凱基-松山",61,13,48
"22198","2390云辰","110/07/13","兆豐-新竹",3,53,-50
"22199","2390云辰","110/07/13","大昌",64,22,42
"22200","2390云辰","110/07/13","富邦-嘉義",65,108,-43
"22201","2363矽統","110/07/13","凱基-南崁",2133,63,2070
"22202","2363矽統","110/07/13","凱基-幸福",36,4048,-4012
"22203","2363矽統","110/07/13","國泰-敦南",2195,1617,578
"22204","2363矽統","110/07/13","統一",192,3325,-3133
"22205","2363矽統","110/07/13","中農",670,139,531
"22206","2363矽統","110/07/13","新加坡商瑞銀",1000,2747,-1747
"22207","2363矽統","110/07/13","康和-台中",638,154,484
"22208","2363矽統","110/07/13","凱基-台北",5359,6609,-1250
"22209","2363矽統","110/07/13","群益金鼎-三民",577,137,440
"22210","2363矽統","110/07/13","摩根大通",1930,2858,-928
"22211","2363矽統","110/07/13","台新-屏東",510,88,422
"22212","2363矽統","110/07/13","港商野村",960,1679,-719
"22213","2363矽統","110/07/13","德信-中正",455,67,388
"22214","2363矽統","110/07/13","兆豐-復興",25,705,-680
"22215","2363矽統","110/07/13","日盛-竹北",365,70,295
"22216","2363矽統","110/07/13","統一-仁愛",114,755,-641
"22217","2363矽統","110/07/13","元大-佳里",452,189,263
"22218","2363矽統","110/07/13","統一-敦南",29,638,-609
"22219","2363矽統","110/07/13","國票-博愛",296,38,258
"22220","2363矽統","110/07/13","統一-土城",100,704,-604
"22221","2363矽統","110/07/13","元大-萬華",340,95,245
"22222","2363矽統","110/07/13","統一-城中",116,676,-560
"22223","2363矽統","110/07/13","新光",1259,1031,228
"22224","2363矽統","110/07/13","永豐金證券",306,859,-553
"22225","2363矽統","110/07/13","元富-成功",323,96,227
"22226","2363矽統","110/07/13","元富",54,567,-513
"22227","2363矽統","110/07/13","豐農",228,23,205
"22228","2363矽統","110/07/13","瑞士信貸",202,666,-464
"22229","2363矽統","110/07/13","台灣企銀-岡山",186,4,182
"22230","2363矽統","110/07/13","永豐金-嘉義",67,468,-401
"22231","8112至上","110/07/13","摩根大通",688,296,392
"22232","8112至上","110/07/13","國票-中和",0,401,-401
"22233","8112至上","110/07/13","港商野村",344,145,199
"22234","8112至上","110/07/13","永豐金-板盛",0,205,-205
"22235","8112至上","110/07/13","兆豐-公益",195,5,190
"22236","8112至上","110/07/13","凱基-五股",43,155,-112
"22237","8112至上","110/07/13","台灣摩根士丹利",183,0,183
"22238","8112至上","110/07/13","凱基-市政",0,100,-100
"22239","8112至上","110/07/13","群益金鼎-敦南",153,2,151
"22240","8112至上","110/07/13","元大-大里德芳",1,92,-91
"22241","8112至上","110/07/13","臺銀-金山",146,26,120
"22242","8112至上","110/07/13","玉山-桃園",26,110,-84
"22243","8112至上","110/07/13","臺銀",133,19,114
"22244","8112至上","110/07/13","兆豐-天母",0,81,-81
"22245","8112至上","110/07/13","合庫-台中",115,6,109
"22246","8112至上","110/07/13","凱基-城中",3,84,-81
"22247","8112至上","110/07/13","亞東-板橋",134,26,108
"22248","8112至上","110/07/13","日盛-新莊",9,85,-76
"22249","8112至上","110/07/13","凱基-台北",414,326,88
"22250","8112至上","110/07/13","日盛-台中",2,64,-62
"22251","8112至上","110/07/13","新加坡商瑞銀",181,100,81
"22252","8112至上","110/07/13","日盛-中壢",3,64,-61
"22253","8112至上","110/07/13","國泰-敦南",108,31,77
"22254","8112至上","110/07/13","元大-台中",2,59,-57
"22255","8112至上","110/07/13","第一金-華江",77,4,73
"22256","8112至上","110/07/13","元大-雙和",7,64,-57
"22257","8112至上","110/07/13","永豐金-內湖",73,1,72
"22258","8112至上","110/07/13","元大-高雄",8,62,-54
"22259","8112至上","110/07/13","元大-永和",68,1,67
"22260","8112至上","110/07/13","元大-館前",2,55,-53
"22261","4903聯光通","110/07/13","台灣企銀-太平",56,0,56
"22262","4903聯光通","110/07/13","土銀",0,32,-32
"22263","4903聯光通","110/07/13","元富-新興",23,0,23
"22264","4903聯光通","110/07/13","元大-樹林",0,19,-19
"22265","4903聯光通","110/07/13","日盛-樹林",22,0,22
"22266","4903聯光通","110/07/13","凱基-士林",0,17,-17
"22267","4903聯光通","110/07/13","兆豐-天母",20,0,20
"22268","4903聯光通","110/07/13","國票-博愛",0,14,-14
"22269","4903聯光通","110/07/13","華南永昌-桃園",20,0,20
"22270","4903聯光通","110/07/13","元富",0,10,-10
"22271","4903聯光通","110/07/13","富邦-新店",10,0,10
"22272","4903聯光通","110/07/13","新光",0,10,-10
"22273","4903聯光通","110/07/13","新光-台中",5,0,5
"22274","4903聯光通","110/07/13","玉山-南京東路",0,10,-10
"22275","4903聯光通","110/07/13","華南永昌-台中",5,0,5
"22276","4903聯光通","110/07/13","富邦-陽明",0,10,-10
"22277","4903聯光通","110/07/13","元大-崇德",5,0,5
"22278","4903聯光通","110/07/13","元大-大甲",0,8,-8
"22279","4903聯光通","110/07/13","元大-草屯",5,0,5
"22280","4903聯光通","110/07/13","富邦-台中",0,7,-7
"22281","4903聯光通","110/07/13","元富-草屯",4,0,4
"22282","4903聯光通","110/07/13","凱基-中壢",0,6,-6
"22283","4903聯光通","110/07/13","元大-清水",4,0,4
"22284","4903聯光通","110/07/13","臺銀-民權",0,5,-5
"22285","4903聯光通","110/07/13","元大-東泰",4,0,4
"22286","4903聯光通","110/07/13","日盛-板橋",0,5,-5
"22287","4903聯光通","110/07/13","元大-佳里",2,0,2
"22288","4903聯光通","110/07/13","中國信託-忠孝",0,5,-5
"22289","4903聯光通","110/07/13","永豐金-板橋",2,0,2
"22290","4903聯光通","110/07/13","永豐金-鳳山",0,5,-5
"22291","2929淘帝","110/07/13","玉山-新竹",130,0,130
"22292","2929淘帝","110/07/13","美商高盛",0,177,-177
"22293","2929淘帝","110/07/13","臺銀-民權",60,0,60
"22294","2929淘帝","110/07/13","凱基-台北",6,80,-74
"22295","2929淘帝","110/07/13","新百王",31,0,31
"22296","2929淘帝","110/07/13","元富-大裕",0,49,-49
"22297","2929淘帝","110/07/13","日盛-園區",30,0,30
"22298","2929淘帝","110/07/13","國泰-館前",3,51,-48
"22299","2929淘帝","110/07/13","元大-南投",31,1,30
"22300","2929淘帝","110/07/13","凱基-中壢",0,41,-41
"22301","2929淘帝","110/07/13","兆豐-忠孝",28,0,28
"22302","2929淘帝","110/07/13","港商野村",21,55,-34
"22303","2929淘帝","110/07/13","元大-民生",28,0,28
"22304","2929淘帝","110/07/13","華南永昌-南京",2,34,-32
"22305","2929淘帝","110/07/13","合庫-高雄",27,0,27
"22306","2929淘帝","110/07/13","群益金鼎-土城",0,30,-30
"22307","2929淘帝","110/07/13","凱基-豐中",27,0,27
"22308","2929淘帝","110/07/13","富邦-南屯",0,22,-22
"22309","2929淘帝","110/07/13","新光",21,4,17
"22310","2929淘帝","110/07/13","第一金-豐原",0,20,-20
"22311","2929淘帝","110/07/13","元大-天母",17,0,17
"22312","2929淘帝","110/07/13","元大-屏南",6,26,-20
"22313","2929淘帝","110/07/13","永興",14,0,14
"22314","2929淘帝","110/07/13","永豐金-敦南",1,21,-20
"22315","2929淘帝","110/07/13","富邦-台北",12,0,12
"22316","2929淘帝","110/07/13","凱基-三重",2,21,-19
"22317","2929淘帝","110/07/13","元大-永和",12,0,12
"22318","2929淘帝","110/07/13","富邦-仁愛",7,25,-18
"22319","2929淘帝","110/07/13","國票-天祥",11,0,11
"22320","2929淘帝","110/07/13","元大-北投",0,16,-16
"22321","5410國眾","110/07/13","兆豐-城中",274,0,274
"22322","5410國眾","110/07/13","元富-嘉義",0,103,-103
"22323","5410國眾","110/07/13","新光",50,4,46
"22324","5410國眾","110/07/13","凱基-台北",0,50,-50
"22325","5410國眾","110/07/13","國泰-台中",26,0,26
"22326","5410國眾","110/07/13","瑞士信貸",0,31,-31
"22327","5410國眾","110/07/13","新加坡商瑞銀",22,0,22
"22328","5410國眾","110/07/13","台新-新莊",0,27,-27
"22329","5410國眾","110/07/13","光和-嘉義",20,0,20
"22330","5410國眾","110/07/13","元大-汐止",0,20,-20
"22331","5410國眾","110/07/13","凱基-竹北",17,0,17
"22332","5410國眾","110/07/13","亞東-新竹",0,17,-17
"22333","5410國眾","110/07/13","新光-桃園",15,0,15
"22334","5410國眾","110/07/13","元大-南勢角",0,13,-13
"22335","5410國眾","110/07/13","凱基-台東",14,0,14
"22336","5410國眾","110/07/13","台新-台南",0,12,-12
"22337","5410國眾","110/07/13","富邦-竹北",11,0,11
"22338","5410國眾","110/07/13","中國信託",0,11,-11
"22339","5410國眾","110/07/13","元富-同大",10,0,10
"22340","5410國眾","110/07/13","華南永昌",0,11,-11
"22341","5410國眾","110/07/13","國泰-敦南",24,15,9
"22342","5410國眾","110/07/13","臺銀-臺南",0,10,-10
"22343","5410國眾","110/07/13","日盛-內湖",7,0,7
"22344","5410國眾","110/07/13","台灣企銀-民雄",0,10,-10
"22345","5410國眾","110/07/13","台新-左楠",7,0,7
"22346","5410國眾","110/07/13","高橋",0,10,-10
"22347","5410國眾","110/07/13","元大-新盛",18,12,6
"22348","5410國眾","110/07/13","康和-嘉義",0,10,-10
"22349","5410國眾","110/07/13","統一",5,0,5
"22350","5410國眾","110/07/13","凱基-基隆",0,10,-10
"22351","2841台開","110/07/13","中國信託-高雄",251,50,201
"22352","2841台開","110/07/13","兆豐-公益",0,177,-177
"22353","2841台開","110/07/13","日盛證券",210,13,197
"22354","2841台開","110/07/13","日進",0,152,-152
"22355","2841台開","110/07/13","第一金-台中",55,0,55
"22356","2841台開","110/07/13","港商野村",0,109,-109
"22357","2841台開","110/07/13","國泰-板橋",46,0,46
"22358","2841台開","110/07/13","日盛-信義",0,103,-103
"22359","2841台開","110/07/13","國泰-館前",48,3,45
"22360","2841台開","110/07/13","國泰-敦南",11,75,-64
"22361","2841台開","110/07/13","華南永昌-新莊",45,0,45
"22362","2841台開","110/07/13","永興",0,50,-50
"22363","2841台開","110/07/13","日盛-園區",42,0,42
"22364","2841台開","110/07/13","永豐金-敦南",61,104,-43
"22365","2841台開","110/07/13","台新證券",32,0,32
"22366","2841台開","110/07/13","富邦-台南",0,42,-42
"22367","2841台開","110/07/13","台新-高雄",32,2,30
"22368","2841台開","110/07/13","國票-安和",0,30,-30
"22369","2841台開","110/07/13","豐農",23,0,23
"22370","2841台開","110/07/13","元大-桃園",0,25,-25
"22371","2841台開","110/07/13","合庫-嘉義",20,0,20
"22372","2841台開","110/07/13","新光",8,32,-24
"22373","2841台開","110/07/13","華南永昌-高雄",20,0,20
"22374","2841台開","110/07/13","元大-仁愛",0,24,-24
"22375","2841台開","110/07/13","元大-樹林",16,0,16
"22376","2841台開","110/07/13","日盛-中和",0,20,-20
"22377","2841台開","110/07/13","第一金-華江",15,2,13
"22378","2841台開","110/07/13","元富",0,20,-20
"22379","2841台開","110/07/13","美商高盛",12,0,12
"22380","2841台開","110/07/13","富邦-宜蘭",0,20,-20
"22381","6207雷科","110/07/13","元大-高雄",121,0,121
"22382","6207雷科","110/07/13","華南永昌-朴子",1,60,-59
"22383","6207雷科","110/07/13","第一金-新興",20,0,20
"22384","6207雷科","110/07/13","元大-南海",0,36,-36
"22385","6207雷科","110/07/13","元富-三重",20,0,20
"22386","6207雷科","110/07/13","凱基-土城",0,35,-35
"22387","6207雷科","110/07/13","元大-林園",15,0,15
"22388","6207雷科","110/07/13","台灣企銀",0,20,-20
"22389","6207雷科","110/07/13","元大-金華",16,1,15
"22390","6207雷科","110/07/13","群益金鼎-丹鳳",0,20,-20
"22391","6207雷科","110/07/13","日盛證券",10,0,10
"22392","6207雷科","110/07/13","元大-博愛",0,17,-17
"22393","6207雷科","110/07/13","統一-台中",10,0,10
"22394","6207雷科","110/07/13","元大-北港",0,13,-13
"22395","6207雷科","110/07/13","群益金鼎-土城",10,0,10
"22396","6207雷科","110/07/13","新加坡商瑞銀",0,12,-12
"22397","6207雷科","110/07/13","群益金鼎-桃園",10,0,10
"22398","6207雷科","110/07/13","凱基-台北",4,16,-12
"22399","6207雷科","110/07/13","永豐金-新莊",10,0,10
"22400","6207雷科","110/07/13","日茂-埔里",0,11,-11
"22401","6207雷科","110/07/13","永豐金-新店",10,0,10
"22402","6207雷科","110/07/13","元大-莒光",0,11,-11
"22403","6207雷科","110/07/13","元大證券",9,0,9
"22404","6207雷科","110/07/13","統一-新竹",0,10,-10
"22405","6207雷科","110/07/13","日盛-木柵",9,1,8
"22406","6207雷科","110/07/13","元大-西螺",0,10,-10
"22407","6207雷科","110/07/13","兆豐-來福",8,0,8
"22408","6207雷科","110/07/13","康和-台中",0,8,-8
"22409","6207雷科","110/07/13","新光",7,0,7
"22410","6207雷科","110/07/13","兆豐-高雄",0,6,-6
"22411","3679新至陞","110/07/13","永豐金證券",50,0,50
"22412","3679新至陞","110/07/13","摩根大通",2,25,-23
"22413","3679新至陞","110/07/13","國泰-桃園",22,0,22
"22414","3679新至陞","110/07/13","元大-成功",0,22,-22
"22415","3679新至陞","110/07/13","台中銀-員林",11,0,11
"22416","3679新至陞","110/07/13","富邦-板橋",1,19,-18
"22417","3679新至陞","110/07/13","元大-文心興安",8,0,8
"22418","3679新至陞","110/07/13","日盛-新莊",0,10,-10
"22419","3679新至陞","110/07/13","美商高盛",6,0,6
"22420","3679新至陞","110/07/13","台新-台中",0,10,-10
"22421","3679新至陞","110/07/13","台新-高雄",6,0,6
"22422","3679新至陞","110/07/13","永豐金-新竹",0,8,-8
"22423","3679新至陞","110/07/13","凱基-台北",18,12,6
"22424","3679新至陞","110/07/13","瑞士信貸",12,19,-7
"22425","3679新至陞","110/07/13","日盛-復興",5,0,5
"22426","3679新至陞","110/07/13","統一-南京",0,7,-7
"22427","3679新至陞","110/07/13","(牛牛牛)亞-鑫豐",4,0,4
"22428","3679新至陞","110/07/13","凱基-新莊",0,7,-7
"22429","3679新至陞","110/07/13","元富-大昌",3,0,3
"22430","3679新至陞","110/07/13","新加坡商瑞銀",0,6,-6
"22431","3679新至陞","110/07/13","富邦-台北",3,0,3
"22432","3679新至陞","110/07/13","合庫-自強",0,5,-5
"22433","3679新至陞","110/07/13","日盛-樹林",2,0,2
"22434","3679新至陞","110/07/13","富邦-桃園",0,5,-5
"22435","3679新至陞","110/07/13","宏遠-光隆",2,0,2
"22436","3679新至陞","110/07/13","永豐金-潮州",0,4,-4
"22437","3679新至陞","110/07/13","美林",3,1,2
"22438","3679新至陞","110/07/13","臺銀-臺南",0,3,-3
"22439","3679新至陞","110/07/13","第一金-中壢",2,0,2
"22440","3679新至陞","110/07/13","元大-六合",0,3,-3
"22441","2727王品","110/07/13","富邦-台北",43,3,40
"22442","2727王品","110/07/13","台灣摩根士丹利",15,97,-82
"22443","2727王品","110/07/13","元大-基隆孝二",40,0,40
"22444","2727王品","110/07/13","玉山-台南",5,57,-52
"22445","2727王品","110/07/13","國票-新莊",40,1,39
"22446","2727王品","110/07/13","新加坡商瑞銀",0,48,-48
"22447","2727王品","110/07/13","第一金-豐原",66,42,24
"22448","2727王品","110/07/13","凱基-台北",41,77,-36
"22449","2727王品","110/07/13","永豐金-大園",34,10,24
"22450","2727王品","110/07/13","永豐金-永康",0,22,-22
"22451","2727王品","110/07/13","元大-北屯",22,0,22
"22452","2727王品","110/07/13","統一-台中",2,22,-20
"22453","2727王品","110/07/13","元大-東蘆",26,7,19
"22454","2727王品","110/07/13","國泰-台中",21,39,-18
"22455","2727王品","110/07/13","永豐金-萬盛",13,1,12
"22456","2727王品","110/07/13","合庫-彰化",3,20,-17
"22457","2727王品","110/07/13","日盛-嘉義",11,0,11
"22458","2727王品","110/07/13","港商野村",13,30,-17
"22459","2727王品","110/07/13","日盛-八德",11,0,11
"22460","2727王品","110/07/13","元大-楊梅",1,16,-15
"22461","2727王品","110/07/13","統一-竹南",11,0,11
"22462","2727王品","110/07/13","凱基-高美館",2,15,-13
"22463","2727王品","110/07/13","日盛-士林",12,2,10
"22464","2727王品","110/07/13","美商高盛",2,14,-12
"22465","2727王品","110/07/13","統一-敦南",10,0,10
"22466","2727王品","110/07/13","統一-平鎮",1,13,-12
"22467","2727王品","110/07/13","中國信託",15,5,10
"22468","2727王品","110/07/13","兆豐-台中港",4,16,-12
"22469","2727王品","110/07/13","兆豐-竹北",13,3,10
"22470","2727王品","110/07/13","凱基-八德",1,13,-12
"22471","1570力肯","110/07/13","新光",115,11,104
"22472","1570力肯","110/07/13","元大-北三重",0,162,-162
"22473","1570力肯","110/07/13","群益金鼎-高雄",54,0,54
"22474","1570力肯","110/07/13","元大-大灣",0,25,-25
"22475","1570力肯","110/07/13","國票-新莊",22,0,22
"22476","1570力肯","110/07/13","永豐金-苓雅",0,22,-22
"22477","1570力肯","110/07/13","日盛-桃園",12,0,12
"22478","1570力肯","110/07/13","永豐金-永康",0,19,-19
"22479","1570力肯","110/07/13","元大-高雄",12,0,12
"22480","1570力肯","110/07/13","富邦-員林",0,15,-15
"22481","1570力肯","110/07/13","合庫-自強",11,0,11
"22482","1570力肯","110/07/13","凱基-台南",0,11,-11
"22483","1570力肯","110/07/13","摩根大通",26,15,11
"22484","1570力肯","110/07/13","日盛-竹北",0,10,-10
"22485","1570力肯","110/07/13","永豐金-中盛",11,0,11
"22486","1570力肯","110/07/13","國票-九鼎",0,10,-10
"22487","1570力肯","110/07/13","兆豐-台中港",10,0,10
"22488","1570力肯","110/07/13","凱基-桃園",0,10,-10
"22489","1570力肯","110/07/13","國泰-松江",9,0,9
"22490","1570力肯","110/07/13","凱基-新豐",0,10,-10
"22491","1570力肯","110/07/13","元大-新盛",9,0,9
"22492","1570力肯","110/07/13","元大-學甲",0,10,-10
"22493","1570力肯","110/07/13","元富-緯城",6,0,6
"22494","1570力肯","110/07/13","群益金鼎-東湖",1,10,-9
"22495","1570力肯","110/07/13","統一-三重",5,0,5
"22496","1570力肯","110/07/13","大昌",0,6,-6
"22497","1570力肯","110/07/13","元大-前金",5,0,5
"22498","1570力肯","110/07/13","元大-土城學府",0,6,-6
"22499","1570力肯","110/07/13","永豐金證券",5,0,5
"22500","1570力肯","110/07/13","統一",0,5,-5
"22501","6180橘子","110/07/13","摩根大通",119,0,119
"22502","6180橘子","110/07/13","元大-崇德",2,61,-59
"22503","6180橘子","110/07/13","美商高盛",96,0,96
"22504","6180橘子","110/07/13","康和-台中",0,51,-51
"22505","6180橘子","110/07/13","新加坡商瑞銀",86,7,79
"22506","6180橘子","110/07/13","康和-台北",0,50,-50
"22507","6180橘子","110/07/13","元大-和平",40,0,40
"22508","6180橘子","110/07/13","元富-潮州",0,40,-40
"22509","6180橘子","110/07/13","凱基-台北",83,47,36
"22510","6180橘子","110/07/13","日盛-永康",0,26,-26
"22511","6180橘子","110/07/13","美林",39,5,34
"22512","6180橘子","110/07/13","永豐金-中正",0,24,-24
"22513","6180橘子","110/07/13","富邦-新竹華信",31,2,29
"22514","6180橘子","110/07/13","國泰-板橋",2,25,-23
"22515","6180橘子","110/07/13","統一-南京",21,0,21
"22516","6180橘子","110/07/13","日盛-大墩",0,20,-20
"22517","6180橘子","110/07/13","富邦-陽明",24,3,21
"22518","6180橘子","110/07/13","元大-草屯",13,32,-19
"22519","6180橘子","110/07/13","大昌-樹林",21,1,20
"22520","6180橘子","110/07/13","元富-林園",1,18,-17
"22521","6180橘子","110/07/13","花旗環球",19,0,19
"22522","6180橘子","110/07/13","新光-新竹",1,18,-17
"22523","6180橘子","110/07/13","華南永昌-台南",19,0,19
"22524","6180橘子","110/07/13","元大-土城永寧",0,17,-17
"22525","6180橘子","110/07/13","福勝",14,0,14
"22526","6180橘子","110/07/13","國泰-新莊",3,19,-16
"22527","6180橘子","110/07/13","富邦-嘉義",12,1,11
"22528","6180橘子","110/07/13","中國信託-永康",6,21,-15
"22529","6180橘子","110/07/13","元大-板橋三民",11,0,11
"22530","6180橘子","110/07/13","凱基-東港",1,15,-14
"22531","2390云辰","110/07/13","新加坡商瑞銀",562,75,487
"22532","2390云辰","110/07/13","大展-台南",0,532,-532
"22533","2390云辰","110/07/13","台灣摩根士丹利",330,155,175
"22534","2390云辰","110/07/13","凱基-台北",668,854,-186
"22535","2390云辰","110/07/13","兆豐-公益",126,25,101
"22536","2390云辰","110/07/13","凱基-三重",12,172,-160
"22537","2390云辰","110/07/13","元富-中港",100,2,98
"22538","2390云辰","110/07/13","兆豐-忠孝",4,161,-157
"22539","2390云辰","110/07/13","統一-新台中",106,9,97
"22540","2390云辰","110/07/13","元大-士林",19,170,-151
"22541","2390云辰","110/07/13","中國信託-松江",81,11,70
"22542","2390云辰","110/07/13","臺銀-新竹",14,117,-103
"22543","2390云辰","110/07/13","日盛-板橋",72,3,69
"22544","2390云辰","110/07/13","國票-台中",4,102,-98
"22545","2390云辰","110/07/13","日盛-和美",57,0,57
"22546","2390云辰","110/07/13","新光",147,232,-85
"22547","2390云辰","110/07/13","永豐金-桃園",88,36,52
"22548","2390云辰","110/07/13","致和-崇德",2,70,-68
"22549","2390云辰","110/07/13","玉山-士林",54,4,50
"22550","2390云辰","110/07/13","群益金鼎-屏東",2,70,-68
"22551","2390云辰","110/07/13","富邦-仁愛",56,6,50
"22552","2390云辰","110/07/13","元大-大里",35,98,-63
"22553","2390云辰","110/07/13","第一金-豐原",50,1,49
"22554","2390云辰","110/07/13","元大-萬華",35,94,-59
"22555","2390云辰","110/07/13","摩根大通",502,453,49
"22556","2390云辰","110/07/13","元富-吉利",2,60,-58
"22557","2390云辰","110/07/13","凱基-松山",61,13,48
"22558","2390云辰","110/07/13","兆豐-新竹",3,53,-50
"22559","2390云辰","110/07/13","大昌",64,22,42
"22560","2390云辰","110/07/13","富邦-嘉義",65,108,-43
"22561","2363矽統","110/07/12","凱基-幸福",4046,31,4015
"22562","2363矽統","110/07/12","台新證券",478,2105,-1627
"22563","2363矽統","110/07/12","統一",3504,120,3384
"22564","2363矽統","110/07/12","第一金-忠孝",4,1068,-1064
"22565","2363矽統","110/07/12","摩根大通",3006,2149,857
"22566","2363矽統","110/07/12","台新-台中",381,1003,-622
"22567","2363矽統","110/07/12","永豐金證券",1428,610,818
"22568","2363矽統","110/07/12","新光",1295,1822,-527
"22569","2363矽統","110/07/12","兆豐-復興",1936,1233,703
"22570","2363矽統","110/07/12","大昌-樹林",54,537,-483
"22571","2363矽統","110/07/12","台灣摩根士丹利",701,0,701
"22572","2363矽統","110/07/12","華南永昌-台中",90,549,-459
"22573","2363矽統","110/07/12","永豐金-南投",803,145,658
"22574","2363矽統","110/07/12","玉山-高雄",167,612,-445
"22575","2363矽統","110/07/12","統一-仁愛",1214,586,628
"22576","2363矽統","110/07/12","元富-同大",201,540,-339
"22577","2363矽統","110/07/12","統一-土城",688,75,613
"22578","2363矽統","110/07/12","華南永昌-東勢",31,367,-336
"22579","2363矽統","110/07/12","統一-城中",711,131,580
"22580","2363矽統","110/07/12","土銀-花蓮",9,333,-324
"22581","2363矽統","110/07/12","統一-敦南",632,54,578
"22582","2363矽統","110/07/12","凱基-豐中",120,434,-314
"22583","2363矽統","110/07/12","新加坡商瑞銀",1232,731,501
"22584","2363矽統","110/07/12","永豐金-竹科",54,323,-269
"22585","2363矽統","110/07/12","元富",2640,2142,498
"22586","2363矽統","110/07/12","元大-斗六",53,300,-247
"22587","2363矽統","110/07/12","凱基-永和",460,31,429
"22588","2363矽統","110/07/12","華南永昌-朴子",47,278,-231
"22589","2363矽統","110/07/12","第一金",380,22,358
"22590","2363矽統","110/07/12","永豐金-彰化",22,228,-206
"22591","8112至上","110/07/12","摩根大通",1167,290,877
"22592","8112至上","110/07/12","群益金鼎-新莊",1,156,-155
"22593","8112至上","110/07/12","凱基-台北",983,546,437
"22594","8112至上","110/07/12","國票-中港",0,131,-131
"22595","8112至上","110/07/12","新加坡商瑞銀",429,12,417
"22596","8112至上","110/07/12","元大證券",10,136,-126
"22597","8112至上","110/07/12","元大-屏南",360,2,358
"22598","8112至上","110/07/12","元大-中壢",11,135,-124
"22599","8112至上","110/07/12","美林",323,15,308
"22600","8112至上","110/07/12","合庫-基隆",0,122,-122
"22601","8112至上","110/07/12","台灣摩根士丹利",299,0,299
"22602","8112至上","110/07/12","群益金鼎-高盛",4,103,-99
"22603","8112至上","110/07/12","港商野村",267,28,239
"22604","8112至上","110/07/12","新光",110,202,-92
"22605","8112至上","110/07/12","大慶",165,3,162
"22606","8112至上","110/07/12","元大-府城",2,94,-92
"22607","8112至上","110/07/12","永豐金-台南",170,29,141
"22608","8112至上","110/07/12","富邦-板橋",5,92,-87
"22609","8112至上","110/07/12","華南永昌-長虹",128,2,126
"22610","8112至上","110/07/12","元大-土城",8,89,-81
"22611","8112至上","110/07/12","富邦-仁愛",157,51,106
"22612","8112至上","110/07/12","日盛-頭份",40,117,-77
"22613","8112至上","110/07/12","瑞士信貸",104,0,104
"22614","8112至上","110/07/12","玉山-嘉義",3,80,-77
"22615","8112至上","110/07/12","凱基-站前",100,11,89
"22616","8112至上","110/07/12","永豐金-松山",4,79,-75
"22617","8112至上","110/07/12","富邦-北港",90,3,87
"22618","8112至上","110/07/12","元大-敦南",3,75,-72
"22619","8112至上","110/07/12","元大-北港",101,20,81
"22620","8112至上","110/07/12","元富-大裕",6,77,-71
"22621","4903聯光通","110/07/12","台灣企銀-太平",19,0,19
"22622","4903聯光通","110/07/12","玉山-南京東路",0,16,-16
"22623","4903聯光通","110/07/12","統一-土城",17,0,17
"22624","4903聯光通","110/07/12","新光",0,14,-14
"22625","4903聯光通","110/07/12","國票-博愛",14,0,14
"22626","4903聯光通","110/07/12","兆豐-彰化",0,10,-10
"22627","4903聯光通","110/07/12","新光-台中",15,2,13
"22628","4903聯光通","110/07/12","國票",0,10,-10
"22629","4903聯光通","110/07/12","元大-彰化",11,0,11
"22630","4903聯光通","110/07/12","富邦-敦南",0,10,-10
"22631","4903聯光通","110/07/12","華南永昌-林口",10,0,10
"22632","4903聯光通","110/07/12","元大-前金",0,9,-9
"22633","4903聯光通","110/07/12","永豐金-南投",9,0,9
"22634","4903聯光通","110/07/12","日盛-頭份",0,8,-8
"22635","4903聯光通","110/07/12","元大-清水",8,0,8
"22636","4903聯光通","110/07/12","元大-太平",0,8,-8
"22637","4903聯光通","110/07/12","元大-博愛",8,0,8
"22638","4903聯光通","110/07/12","兆豐-埔墘",0,7,-7
"22639","4903聯光通","110/07/12","玉山-新莊",5,0,5
"22640","4903聯光通","110/07/12","臺銀-民權",0,5,-5
"22641","4903聯光通","110/07/12","凱基-士林",10,5,5
"22642","4903聯光通","110/07/12","富邦-板橋",0,5,-5
"22643","4903聯光通","110/07/12","元大-斗六",4,0,4
"22644","4903聯光通","110/07/12","元大-土城永寧",0,5,-5
"22645","4903聯光通","110/07/12","永豐金-羅東",4,0,4
"22646","4903聯光通","110/07/12","台新證券",0,4,-4
"22647","4903聯光通","110/07/12","日盛-樹林",3,0,3
"22648","4903聯光通","110/07/12","凱基-中壢",0,4,-4
"22649","4903聯光通","110/07/12","華南永昌-鶯歌",2,0,2
"22650","4903聯光通","110/07/12","元大-羅東",0,4,-4
"22651","2929淘帝","110/07/12","新光-台中",95,36,59
"22652","2929淘帝","110/07/12","華南永昌-林口",7,208,-201
"22653","2929淘帝","110/07/12","富邦-板橋",62,5,57
"22654","2929淘帝","110/07/12","富邦-台北",6,200,-194
"22655","2929淘帝","110/07/12","合庫-高雄",56,6,50
"22656","2929淘帝","110/07/12","元富-大裕",11,200,-189
"22657","2929淘帝","110/07/12","永興",41,0,41
"22658","2929淘帝","110/07/12","台中銀-台北",0,160,-160
"22659","2929淘帝","110/07/12","兆豐-忠孝",58,18,40
"22660","2929淘帝","110/07/12","日盛-園區",1,111,-110
"22661","2929淘帝","110/07/12","新光-高雄",39,3,36
"22662","2929淘帝","110/07/12","日盛-八德",0,88,-88
"22663","2929淘帝","110/07/12","凱基-豐中",36,0,36
"22664","2929淘帝","110/07/12","玉山-新竹",32,110,-78
"22665","2929淘帝","110/07/12","元大-民生",35,0,35
"22666","2929淘帝","110/07/12","元大-前金",0,72,-72
"22667","2929淘帝","110/07/12","臺銀-臺南",32,1,31
"22668","2929淘帝","110/07/12","元大-館前",12,83,-71
"22669","2929淘帝","110/07/12","台新證券",44,13,31
"22670","2929淘帝","110/07/12","華南永昌",1,57,-56
"22671","2929淘帝","110/07/12","新百王",30,0,30
"22672","2929淘帝","110/07/12","元大-南崁",4,59,-55
"22673","2929淘帝","110/07/12","群益金鼎-大興",30,0,30
"22674","2929淘帝","110/07/12","元大-嘉義",0,51,-51
"22675","2929淘帝","110/07/12","凱基-台北",32,5,27
"22676","2929淘帝","110/07/12","日茂",1,50,-49
"22677","2929淘帝","110/07/12","元富-城東",26,0,26
"22678","2929淘帝","110/07/12","新光",35,83,-48
"22679","2929淘帝","110/07/12","國泰-松江",26,0,26
"22680","2929淘帝","110/07/12","日盛-新竹",1,48,-47
"22681","5410國眾","110/07/12","群益金鼎-中壢",68,0,68
"22682","5410國眾","110/07/12","摩根大通",6,67,-61
"22683","5410國眾","110/07/12","凱基-市政",40,0,40
"22684","5410國眾","110/07/12","元富-嘉義",0,60,-60
"22685","5410國眾","110/07/12","凱基-竹北",38,0,38
"22686","5410國眾","110/07/12","凱基-台北",0,51,-51
"22687","5410國眾","110/07/12","華南永昌-三重",30,0,30
"22688","5410國眾","110/07/12","元富-大裕",0,33,-33
"22689","5410國眾","110/07/12","永興",20,0,20
"22690","5410國眾","110/07/12","日盛-木柵",0,15,-15
"22691","5410國眾","110/07/12","統一-新台中",20,0,20
"22692","5410國眾","110/07/12","群益金鼎-民權",0,15,-15
"22693","5410國眾","110/07/12","兆豐-三重",20,0,20
"22694","5410國眾","110/07/12","元富-緯城",0,14,-14
"22695","5410國眾","110/07/12","富邦-台中",20,0,20
"22696","5410國眾","110/07/12","元大-大同",0,12,-12
"22697","5410國眾","110/07/12","臺銀",15,0,15
"22698","5410國眾","110/07/12","元大-莒光",0,10,-10
"22699","5410國眾","110/07/12","新光-桃園",20,6,14
"22700","5410國眾","110/07/12","元大-博愛",0,10,-10
"22701","5410國眾","110/07/12","元大-員林",12,0,12
"22702","5410國眾","110/07/12","日盛-永康",0,8,-8
"22703","5410國眾","110/07/12","日盛-員林",10,0,10
"22704","5410國眾","110/07/12","元大-四維",5,13,-8
"22705","5410國眾","110/07/12","元大-新盛",10,0,10
"22706","5410國眾","110/07/12","新加坡商瑞銀",0,7,-7
"22707","5410國眾","110/07/12","永豐金-台南",10,0,10
"22708","5410國眾","110/07/12","致和-金華",0,7,-7
"22709","5410國眾","110/07/12","元富-新莊",8,0,8
"22710","5410國眾","110/07/12","新光-新竹",0,7,-7
"22711","2841台開","110/07/12","永豐金-敦南",139,26,113
"22712","2841台開","110/07/12","華南永昌-朴子",0,528,-528
"22713","2841台開","110/07/12","日盛-雙和",68,0,68
"22714","2841台開","110/07/12","元大-苑裡",2,50,-48
"22715","2841台開","110/07/12","台新證券",62,4,58
"22716","2841台開","110/07/12","群益金鼎-東湖",0,40,-40
"22717","2841台開","110/07/12","凱基-文心",50,0,50
"22718","2841台開","110/07/12","第一金-員林",0,30,-30
"22719","2841台開","110/07/12","第一金-台中",45,0,45
"22720","2841台開","110/07/12","德信-中正",0,20,-20
"22721","2841台開","110/07/12","富邦-嘉義",40,0,40
"22722","2841台開","110/07/12","兆豐-嘉義",0,20,-20
"22723","2841台開","110/07/12","日盛-木柵",30,0,30
"22724","2841台開","110/07/12","彰銀-七賢",0,15,-15
"22725","2841台開","110/07/12","中國信託-文心",31,3,28
"22726","2841台開","110/07/12","元大-承德",0,14,-14
"22727","2841台開","110/07/12","元大-福營",30,7,23
"22728","2841台開","110/07/12","元富",0,12,-12
"22729","2841台開","110/07/12","台中銀",20,0,20
"22730","2841台開","110/07/12","富邦-陽明",0,11,-11
"22731","2841台開","110/07/12","國泰-板橋",20,0,20
"22732","2841台開","110/07/12","元大證券",0,11,-11
"22733","2841台開","110/07/12","元大-前金",20,0,20
"22734","2841台開","110/07/12","元大-大甲",0,10,-10
"22735","2841台開","110/07/12","中國信託-高雄",16,1,15
"22736","2841台開","110/07/12","日盛-新竹",0,8,-8
"22737","2841台開","110/07/12","陽信-石牌",15,0,15
"22738","2841台開","110/07/12","元富-城東",0,8,-8
"22739","2841台開","110/07/12","永豐金-南投",15,0,15
"22740","2841台開","110/07/12","玉山-台南",2,10,-8
"22741","6207雷科","110/07/12","元大-高雄",34,0,34
"22742","6207雷科","110/07/12","永豐金-三重",1,32,-31
"22743","6207雷科","110/07/12","華南永昌-林口",16,1,15
"22744","6207雷科","110/07/12","永全-八德",0,30,-30
"22745","6207雷科","110/07/12","摩根大通",19,6,13
"22746","6207雷科","110/07/12","國泰-台中",0,14,-14
"22747","6207雷科","110/07/12","元富-埔里",10,0,10
"22748","6207雷科","110/07/12","第一金-澎湖",0,10,-10
"22749","6207雷科","110/07/12","凱基-台南",10,0,10
"22750","6207雷科","110/07/12","元富-林園",0,10,-10
"22751","6207雷科","110/07/12","新加坡商瑞銀",9,0,9
"22752","6207雷科","110/07/12","元大-東門",0,10,-10
"22753","6207雷科","110/07/12","瑞士信貸",8,0,8
"22754","6207雷科","110/07/12","兆豐-嘉義",0,4,-4
"22755","6207雷科","110/07/12","中國信託-高雄",9,1,8
"22756","6207雷科","110/07/12","新光",0,4,-4
"22757","6207雷科","110/07/12","凱基-高雄",6,0,6
"22758","6207雷科","110/07/12","新光-台中",0,4,-4
"22759","6207雷科","110/07/12","元大-六合",6,0,6
"22760","6207雷科","110/07/12","群益金鼎-開元",0,4,-4
"22761","6207雷科","110/07/12","永豐金-信義",6,0,6
"22762","6207雷科","110/07/12","凱基-桃園",0,4,-4
"22763","6207雷科","110/07/12","群益金鼎-土城",5,0,5
"22764","6207雷科","110/07/12","凱基-民權",0,4,-4
"22765","6207雷科","110/07/12","群益金鼎-竹南",5,0,5
"22766","6207雷科","110/07/12","玉山-新莊",0,3,-3
"22767","6207雷科","110/07/12","元大-大灣",5,1,4
"22768","6207雷科","110/07/12","國泰-松江",0,3,-3
"22769","6207雷科","110/07/12","永興",3,0,3
"22770","6207雷科","110/07/12","富邦-羅東",0,3,-3
"22771","3679新至陞","110/07/12","富邦-新竹華信",40,2,38
"22772","3679新至陞","110/07/12","瑞士信貸",0,45,-45
"22773","3679新至陞","110/07/12","台中銀-員林",28,2,26
"22774","3679新至陞","110/07/12","永豐金-天母",0,39,-39
"22775","3679新至陞","110/07/12","聯邦-大業",24,0,24
"22776","3679新至陞","110/07/12","摩根大通",7,35,-28
"22777","3679新至陞","110/07/12","永豐金證券",20,0,20
"22778","3679新至陞","110/07/12","凱基-台北",8,36,-28
"22779","3679新至陞","110/07/12","港商法國興業",14,0,14
"22780","3679新至陞","110/07/12","華南永昌-小港",1,23,-22
"22781","3679新至陞","110/07/12","日盛-樹林",13,1,12
"22782","3679新至陞","110/07/12","台新-台中",0,15,-15
"22783","3679新至陞","110/07/12","國泰-桃園",9,0,9
"22784","3679新至陞","110/07/12","統一-台中",0,12,-12
"22785","3679新至陞","110/07/12","宏遠-館前",8,0,8
"22786","3679新至陞","110/07/12","元大-成功",1,12,-11
"22787","3679新至陞","110/07/12","凱基",10,2,8
"22788","3679新至陞","110/07/12","康和-澎湖",0,8,-8
"22789","3679新至陞","110/07/12","(牛牛牛)亞-網路",7,0,7
"22790","3679新至陞","110/07/12","新加坡商瑞銀",0,7,-7
"22791","3679新至陞","110/07/12","兆豐-員林",7,0,7
"22792","3679新至陞","110/07/12","兆豐-來福",0,7,-7
"22793","3679新至陞","110/07/12","大慶-蘆洲",5,0,5
"22794","3679新至陞","110/07/12","元大-佳里",0,6,-6
"22795","3679新至陞","110/07/12","土銀-花蓮",4,0,4
"22796","3679新至陞","110/07/12","美商高盛",0,5,-5
"22797","3679新至陞","110/07/12","台新-高雄",5,1,4
"22798","3679新至陞","110/07/12","國票-新莊",0,5,-5
"22799","3679新至陞","110/07/12","元大-天母",4,0,4
"22800","3679新至陞","110/07/12","台新-屏東",0,5,-5
"22801","2727王品","110/07/12","凱基-台北",354,198,156
"22802","2727王品","110/07/12","台灣摩根士丹利",5,386,-381
"22803","2727王品","110/07/12","統一-城中",159,22,137
"22804","2727王品","110/07/12","元大-嘉義",4,60,-56
"22805","2727王品","110/07/12","日盛-忠孝",60,0,60
"22806","2727王品","110/07/12","元大-大同",2,44,-42
"22807","2727王品","110/07/12","永豐金-忠孝",45,5,40
"22808","2727王品","110/07/12","國泰-台中",32,73,-41
"22809","2727王品","110/07/12","合庫-新竹",31,0,31
"22810","2727王品","110/07/12","元大證券",127,163,-36
"22811","2727王品","110/07/12","富邦-台中",31,3,28
"22812","2727王品","110/07/12","凱基",1,33,-32
"22813","2727王品","110/07/12","元大-桃園",35,10,25
"22814","2727王品","110/07/12","永全-南崁",1,31,-30
"22815","2727王品","110/07/12","新加坡商瑞銀",28,4,24
"22816","2727王品","110/07/12","凱基-和平",2,32,-30
"22817","2727王品","110/07/12","群益金鼎-古亭",25,2,23
"22818","2727王品","110/07/12","永豐金-大園",8,38,-30
"22819","2727王品","110/07/12","元大-龍潭",29,7,22
"22820","2727王品","110/07/12","瑞士信貸",0,28,-28
"22821","2727王品","110/07/12","永豐金-永康",25,3,22
"22822","2727王品","110/07/12","元富",17,44,-27
"22823","2727王品","110/07/12","富邦-竹北",24,3,21
"22824","2727王品","110/07/12","元大-北屯",5,32,-27
"22825","2727王品","110/07/12","群益金鼎-松山",20,0,20
"22826","2727王品","110/07/12","華南永昌",3,28,-25
"22827","2727王品","110/07/12","元大-八德",20,0,20
"22828","2727王品","110/07/12","統一-竹南",1,23,-22
"22829","2727王品","110/07/12","元大-南京",25,6,19
"22830","2727王品","110/07/12","永豐金證券",4,26,-22
"22831","1570力肯","110/07/12","國票-北高雄",40,0,40
"22832","1570力肯","110/07/12","日盛-竹北",0,40,-40
"22833","1570力肯","110/07/12","摩根大通",16,0,16
"22834","1570力肯","110/07/12","第一金-華江",1,38,-37
"22835","1570力肯","110/07/12","新光",31,19,12
"22836","1570力肯","110/07/12","元大-永春",0,26,-26
"22837","1570力肯","110/07/12","元大-台中中港",12,0,12
"22838","1570力肯","110/07/12","元大-古亭",1,20,-19
"22839","1570力肯","110/07/12","日盛-高雄",10,0,10
"22840","1570力肯","110/07/12","國泰-松江",0,16,-16
"22841","1570力肯","110/07/12","第一金-路竹",10,0,10
"22842","1570力肯","110/07/12","台新-台南",0,15,-15
"22843","1570力肯","110/07/12","台新-新莊",10,0,10
"22844","1570力肯","110/07/12","康和-石牌",0,15,-15
"22845","1570力肯","110/07/12","元大-新盛",9,0,9
"22846","1570力肯","110/07/12","國泰-板橋",0,11,-11
"22847","1570力肯","110/07/12","凱基-台北",8,0,8
"22848","1570力肯","110/07/12","元大-高雄",0,11,-11
"22849","1570力肯","110/07/12","彰銀-七賢",6,0,6
"22850","1570力肯","110/07/12","兆豐-桃園",0,10,-10
"22851","1570力肯","110/07/12","元富-緯城",6,0,6
"22852","1570力肯","110/07/12","元大-大益",0,10,-10
"22853","1570力肯","110/07/12","華南永昌-古亭",6,0,6
"22854","1570力肯","110/07/12","中國信託-文心",0,5,-5
"22855","1570力肯","110/07/12","富邦-陽明",6,0,6
"22856","1570力肯","110/07/12","光和",0,5,-5
"22857","1570力肯","110/07/12","臺銀-臺南",5,0,5
"22858","1570力肯","110/07/12","陽信-石牌",0,5,-5
"22859","1570力肯","110/07/12","宏遠-館前",5,0,5
"22860","1570力肯","110/07/12","國泰-高雄",0,5,-5
"22861","6180橘子","110/07/12","康和-台中",32,2,30
"22862","6180橘子","110/07/12","新百王",1,40,-39
"22863","6180橘子","110/07/12","美林",32,3,29
"22864","6180橘子","110/07/12","富邦-陽明",4,42,-38
"22865","6180橘子","110/07/12","元大-羅東",21,0,21
"22866","6180橘子","110/07/12","新光",3,32,-29
"22867","6180橘子","110/07/12","兆豐-埔墘",16,0,16
"22868","6180橘子","110/07/12","日盛-文化",4,20,-16
"22869","6180橘子","110/07/12","元大-雙和",12,0,12
"22870","6180橘子","110/07/12","華南永昌-鶯歌",0,15,-15
"22871","6180橘子","110/07/12","美商高盛",18,7,11
"22872","6180橘子","110/07/12","中國信託-忠孝",7,20,-13
"22873","6180橘子","110/07/12","台新證券",14,3,11
"22874","6180橘子","110/07/12","凱基-台北",5,17,-12
"22875","6180橘子","110/07/12","元大-中壢",12,1,11
"22876","6180橘子","110/07/12","凱基-高雄",0,11,-11
"22877","6180橘子","110/07/12","統一-南京",10,0,10
"22878","6180橘子","110/07/12","凱基-大安",0,10,-10
"22879","6180橘子","110/07/12","致和-崇德",10,0,10
"22880","6180橘子","110/07/12","元大-北屯",0,10,-10
"22881","6180橘子","110/07/12","玉山-板橋",10,0,10
"22882","6180橘子","110/07/12","元大-南京",0,9,-9
"22883","6180橘子","110/07/12","富邦-仁愛",10,0,10
"22884","6180橘子","110/07/12","元大-台南",1,10,-9
"22885","6180橘子","110/07/12","摩根大通",10,1,9
"22886","6180橘子","110/07/12","康和-澎湖",0,8,-8
"22887","6180橘子","110/07/12","元富-林園",8,0,8
"22888","6180橘子","110/07/12","第一金-台中",0,7,-7
"22889","6180橘子","110/07/12","大慶-富順",7,0,7
"22890","6180橘子","110/07/12","台新-台南",1,8,-7
"22891","2390云辰","110/07/12","統一-新台中",170,0,170
"22892","2390云辰","110/07/12","元大-天母",2,450,-448
"22893","2390云辰","110/07/12","華南永昌-麻豆",137,2,135
"22894","2390云辰","110/07/12","國泰-忠孝",1,143,-142
"22895","2390云辰","110/07/12","元富-成功",103,14,89
"22896","2390云辰","110/07/12","摩根大通",377,512,-135
"22897","2390云辰","110/07/12","元大-土城學府",146,69,77
"22898","2390云辰","110/07/12","台灣摩根士丹利",0,91,-91
"22899","2390云辰","110/07/12","永豐金-永康",76,4,72
"22900","2390云辰","110/07/12","美林",84,146,-62
"22901","2390云辰","110/07/12","台中銀",73,2,71
"22902","2390云辰","110/07/12","華南永昌-嘉義",2,61,-59
"22903","2390云辰","110/07/12","大昌",63,3,60
"22904","2390云辰","110/07/12","永豐金-羅東",0,49,-49
"22905","2390云辰","110/07/12","合庫-三重",50,0,50
"22906","2390云辰","110/07/12","玉山-台中",6,53,-47
"22907","2390云辰","110/07/12","元富-高雄",93,50,43
"22908","2390云辰","110/07/12","玉山-新莊",2,48,-46
"22909","2390云辰","110/07/12","元大-館前",40,4,36
"22910","2390云辰","110/07/12","元大-大里",7,52,-45
"22911","2390云辰","110/07/12","港商野村",143,109,34
"22912","2390云辰","110/07/12","元大-內湖",3,48,-45
"22913","2390云辰","110/07/12","元大-雙和",34,0,34
"22914","2390云辰","110/07/12","永豐金-市政",1,42,-41
"22915","2390云辰","110/07/12","群益金鼎-民權",33,2,31
"22916","2390云辰","110/07/12","元大-學甲",1,41,-40
"22917","2390云辰","110/07/12","日盛-八德",40,10,30
"22918","2390云辰","110/07/12","兆豐-高雄",2,41,-39
"22919","2390云辰","110/07/12","國票-嘉義",30,0,30
"22920","2390云辰","110/07/12","新加坡商瑞銀",21,59,-38
"22921","4903聯光通","110/07/12","台灣企銀-太平",19,0,19
"22922","4903聯光通","110/07/12","玉山-南京東路",0,16,-16
"22923","4903聯光通","110/07/12","統一-土城",17,0,17
"22924","4903聯光通","110/07/12","新光",0,14,-14
"22925","4903聯光通","110/07/12","國票-博愛",14,0,14
"22926","4903聯光通","110/07/12","兆豐-彰化",0,10,-10
"22927","4903聯光通","110/07/12","新光-台中",15,2,13
"22928","4903聯光通","110/07/12","國票",0,10,-10
"22929","4903聯光通","110/07/12","元大-彰化",11,0,11
"22930","4903聯光通","110/07/12","富邦-敦南",0,10,-10
"22931","4903聯光通","110/07/12","華南永昌-林口",10,0,10
"22932","4903聯光通","110/07/12","元大-前金",0,9,-9
"22933","4903聯光通","110/07/12","永豐金-南投",9,0,9
"22934","4903聯光通","110/07/12","日盛-頭份",0,8,-8
"22935","4903聯光通","110/07/12","元大-清水",8,0,8
"22936","4903聯光通","110/07/12","元大-太平",0,8,-8
"22937","4903聯光通","110/07/12","元大-博愛",8,0,8
"22938","4903聯光通","110/07/12","兆豐-埔墘",0,7,-7
"22939","4903聯光通","110/07/12","玉山-新莊",5,0,5
"22940","4903聯光通","110/07/12","臺銀-民權",0,5,-5
"22941","4903聯光通","110/07/12","凱基-士林",10,5,5
"22942","4903聯光通","110/07/12","富邦-板橋",0,5,-5
"22943","4903聯光通","110/07/12","元大-斗六",4,0,4
"22944","4903聯光通","110/07/12","元大-土城永寧",0,5,-5
"22945","4903聯光通","110/07/12","永豐金-羅東",4,0,4
"22946","4903聯光通","110/07/12","台新證券",0,4,-4
"22947","4903聯光通","110/07/12","日盛-樹林",3,0,3
"22948","4903聯光通","110/07/12","凱基-中壢",0,4,-4
"22949","4903聯光通","110/07/12","華南永昌-鶯歌",2,0,2
"22950","4903聯光通","110/07/12","元大-羅東",0,4,-4
"22951","2929淘帝","110/07/12","新光-台中",95,36,59
"22952","2929淘帝","110/07/12","華南永昌-林口",7,208,-201
"22953","2929淘帝","110/07/12","富邦-板橋",62,5,57
"22954","2929淘帝","110/07/12","富邦-台北",6,200,-194
"22955","2929淘帝","110/07/12","合庫-高雄",56,6,50
"22956","2929淘帝","110/07/12","元富-大裕",11,200,-189
"22957","2929淘帝","110/07/12","永興",41,0,41
"22958","2929淘帝","110/07/12","台中銀-台北",0,160,-160
"22959","2929淘帝","110/07/12","兆豐-忠孝",58,18,40
"22960","2929淘帝","110/07/12","日盛-園區",1,111,-110
"22961","2929淘帝","110/07/12","新光-高雄",39,3,36
"22962","2929淘帝","110/07/12","日盛-八德",0,88,-88
"22963","2929淘帝","110/07/12","凱基-豐中",36,0,36
"22964","2929淘帝","110/07/12","玉山-新竹",32,110,-78
"22965","2929淘帝","110/07/12","元大-民生",35,0,35
"22966","2929淘帝","110/07/12","元大-前金",0,72,-72
"22967","2929淘帝","110/07/12","臺銀-臺南",32,1,31
"22968","2929淘帝","110/07/12","元大-館前",12,83,-71
"22969","2929淘帝","110/07/12","台新證券",44,13,31
"22970","2929淘帝","110/07/12","華南永昌",1,57,-56
"22971","2929淘帝","110/07/12","新百王",30,0,30
"22972","2929淘帝","110/07/12","元大-南崁",4,59,-55
"22973","2929淘帝","110/07/12","群益金鼎-大興",30,0,30
"22974","2929淘帝","110/07/12","元大-嘉義",0,51,-51
"22975","2929淘帝","110/07/12","凱基-台北",32,5,27
"22976","2929淘帝","110/07/12","日茂",1,50,-49
"22977","2929淘帝","110/07/12","元富-城東",26,0,26
"22978","2929淘帝","110/07/12","新光",35,83,-48
"22979","2929淘帝","110/07/12","國泰-松江",26,0,26
"22980","2929淘帝","110/07/12","日盛-新竹",1,48,-47
"22981","5410國眾","110/07/12","群益金鼎-中壢",68,0,68
"22982","5410國眾","110/07/12","摩根大通",6,67,-61
"22983","5410國眾","110/07/12","凱基-市政",40,0,40
"22984","5410國眾","110/07/12","元富-嘉義",0,60,-60
"22985","5410國眾","110/07/12","凱基-竹北",38,0,38
"22986","5410國眾","110/07/12","凱基-台北",0,51,-51
"22987","5410國眾","110/07/12","華南永昌-三重",30,0,30
"22988","5410國眾","110/07/12","元富-大裕",0,33,-33
"22989","5410國眾","110/07/12","永興",20,0,20
"22990","5410國眾","110/07/12","日盛-木柵",0,15,-15
"22991","5410國眾","110/07/12","統一-新台中",20,0,20
"22992","5410國眾","110/07/12","群益金鼎-民權",0,15,-15
"22993","5410國眾","110/07/12","兆豐-三重",20,0,20
"22994","5410國眾","110/07/12","元富-緯城",0,14,-14
"22995","5410國眾","110/07/12","富邦-台中",20,0,20
"22996","5410國眾","110/07/12","元大-大同",0,12,-12
"22997","5410國眾","110/07/12","臺銀",15,0,15
"22998","5410國眾","110/07/12","元大-莒光",0,10,-10
"22999","5410國眾","110/07/12","新光-桃園",20,6,14
"23000","5410國眾","110/07/12","元大-博愛",0,10,-10
"23001","5410國眾","110/07/12","元大-員林",12,0,12
"23002","5410國眾","110/07/12","日盛-永康",0,8,-8
"23003","5410國眾","110/07/12","日盛-員林",10,0,10
"23004","5410國眾","110/07/12","元大-四維",5,13,-8
"23005","5410國眾","110/07/12","元大-新盛",10,0,10
"23006","5410國眾","110/07/12","新加坡商瑞銀",0,7,-7
"23007","5410國眾","110/07/12","永豐金-台南",10,0,10
"23008","5410國眾","110/07/12","致和-金華",0,7,-7
"23009","5410國眾","110/07/12","元富-新莊",8,0,8
"23010","5410國眾","110/07/12","新光-新竹",0,7,-7
"23011","2841台開","110/07/12","永豐金-敦南",139,26,113
"23012","2841台開","110/07/12","華南永昌-朴子",0,528,-528
"23013","2841台開","110/07/12","日盛-雙和",68,0,68
"23014","2841台開","110/07/12","元大-苑裡",2,50,-48
"23015","2841台開","110/07/12","台新證券",62,4,58
"23016","2841台開","110/07/12","群益金鼎-東湖",0,40,-40
"23017","2841台開","110/07/12","凱基-文心",50,0,50
"23018","2841台開","110/07/12","第一金-員林",0,30,-30
"23019","2841台開","110/07/12","第一金-台中",45,0,45
"23020","2841台開","110/07/12","德信-中正",0,20,-20
"23021","2841台開","110/07/12","富邦-嘉義",40,0,40
"23022","2841台開","110/07/12","兆豐-嘉義",0,20,-20
"23023","2841台開","110/07/12","日盛-木柵",30,0,30
"23024","2841台開","110/07/12","彰銀-七賢",0,15,-15
"23025","2841台開","110/07/12","中國信託-文心",31,3,28
"23026","2841台開","110/07/12","元大-承德",0,14,-14
"23027","2841台開","110/07/12","元大-福營",30,7,23
"23028","2841台開","110/07/12","元富",0,12,-12
"23029","2841台開","110/07/12","台中銀",20,0,20
"23030","2841台開","110/07/12","富邦-陽明",0,11,-11
"23031","2841台開","110/07/12","國泰-板橋",20,0,20
"23032","2841台開","110/07/12","元大證券",0,11,-11
"23033","2841台開","110/07/12","元大-前金",20,0,20
"23034","2841台開","110/07/12","元大-大甲",0,10,-10
"23035","2841台開","110/07/12","中國信託-高雄",16,1,15
"23036","2841台開","110/07/12","日盛-新竹",0,8,-8
"23037","2841台開","110/07/12","陽信-石牌",15,0,15
"23038","2841台開","110/07/12","元富-城東",0,8,-8
"23039","2841台開","110/07/12","永豐金-南投",15,0,15
"23040","2841台開","110/07/12","玉山-台南",2,10,-8
"23041","6207雷科","110/07/12","元大-高雄",34,0,34
"23042","6207雷科","110/07/12","永豐金-三重",1,32,-31
"23043","6207雷科","110/07/12","華南永昌-林口",16,1,15
"23044","6207雷科","110/07/12","永全-八德",0,30,-30
"23045","6207雷科","110/07/12","摩根大通",19,6,13
"23046","6207雷科","110/07/12","國泰-台中",0,14,-14
"23047","6207雷科","110/07/12","元富-埔里",10,0,10
"23048","6207雷科","110/07/12","第一金-澎湖",0,10,-10
"23049","6207雷科","110/07/12","凱基-台南",10,0,10
"23050","6207雷科","110/07/12","元富-林園",0,10,-10
"23051","6207雷科","110/07/12","新加坡商瑞銀",9,0,9
"23052","6207雷科","110/07/12","元大-東門",0,10,-10
"23053","6207雷科","110/07/12","瑞士信貸",8,0,8
"23054","6207雷科","110/07/12","兆豐-嘉義",0,4,-4
"23055","6207雷科","110/07/12","中國信託-高雄",9,1,8
"23056","6207雷科","110/07/12","新光",0,4,-4
"23057","6207雷科","110/07/12","凱基-高雄",6,0,6
"23058","6207雷科","110/07/12","新光-台中",0,4,-4
"23059","6207雷科","110/07/12","元大-六合",6,0,6
"23060","6207雷科","110/07/12","群益金鼎-開元",0,4,-4
"23061","6207雷科","110/07/12","永豐金-信義",6,0,6
"23062","6207雷科","110/07/12","凱基-桃園",0,4,-4
"23063","6207雷科","110/07/12","群益金鼎-土城",5,0,5
"23064","6207雷科","110/07/12","凱基-民權",0,4,-4
"23065","6207雷科","110/07/12","群益金鼎-竹南",5,0,5
"23066","6207雷科","110/07/12","玉山-新莊",0,3,-3
"23067","6207雷科","110/07/12","元大-大灣",5,1,4
"23068","6207雷科","110/07/12","國泰-松江",0,3,-3
"23069","6207雷科","110/07/12","永興",3,0,3
"23070","6207雷科","110/07/12","富邦-羅東",0,3,-3
"23071","3679新至陞","110/07/12","富邦-新竹華信",40,2,38
"23072","3679新至陞","110/07/12","瑞士信貸",0,45,-45
"23073","3679新至陞","110/07/12","台中銀-員林",28,2,26
"23074","3679新至陞","110/07/12","永豐金-天母",0,39,-39
"23075","3679新至陞","110/07/12","聯邦-大業",24,0,24
"23076","3679新至陞","110/07/12","摩根大通",7,35,-28
"23077","3679新至陞","110/07/12","永豐金證券",20,0,20
"23078","3679新至陞","110/07/12","凱基-台北",8,36,-28
"23079","3679新至陞","110/07/12","港商法國興業",14,0,14
"23080","3679新至陞","110/07/12","華南永昌-小港",1,23,-22
"23081","3679新至陞","110/07/12","日盛-樹林",13,1,12
"23082","3679新至陞","110/07/12","台新-台中",0,15,-15
"23083","3679新至陞","110/07/12","國泰-桃園",9,0,9
"23084","3679新至陞","110/07/12","統一-台中",0,12,-12
"23085","3679新至陞","110/07/12","宏遠-館前",8,0,8
"23086","3679新至陞","110/07/12","元大-成功",1,12,-11
"23087","3679新至陞","110/07/12","凱基",10,2,8
"23088","3679新至陞","110/07/12","康和-澎湖",0,8,-8
"23089","3679新至陞","110/07/12","(牛牛牛)亞-網路",7,0,7
"23090","3679新至陞","110/07/12","新加坡商瑞銀",0,7,-7
"23091","3679新至陞","110/07/12","兆豐-員林",7,0,7
"23092","3679新至陞","110/07/12","兆豐-來福",0,7,-7
"23093","3679新至陞","110/07/12","大慶-蘆洲",5,0,5
"23094","3679新至陞","110/07/12","元大-佳里",0,6,-6
"23095","3679新至陞","110/07/12","土銀-花蓮",4,0,4
"23096","3679新至陞","110/07/12","美商高盛",0,5,-5
"23097","3679新至陞","110/07/12","台新-高雄",5,1,4
"23098","3679新至陞","110/07/12","國票-新莊",0,5,-5
"23099","3679新至陞","110/07/12","元大-天母",4,0,4
"23100","3679新至陞","110/07/12","台新-屏東",0,5,-5
"23101","2727王品","110/07/12","凱基-台北",354,198,156
"23102","2727王品","110/07/12","台灣摩根士丹利",5,386,-381
"23103","2727王品","110/07/12","統一-城中",159,22,137
"23104","2727王品","110/07/12","元大-嘉義",4,60,-56
"23105","2727王品","110/07/12","日盛-忠孝",60,0,60
"23106","2727王品","110/07/12","元大-大同",2,44,-42
"23107","2727王品","110/07/12","永豐金-忠孝",45,5,40
"23108","2727王品","110/07/12","國泰-台中",32,73,-41
"23109","2727王品","110/07/12","合庫-新竹",31,0,31
"23110","2727王品","110/07/12","元大證券",127,163,-36
"23111","2727王品","110/07/12","富邦-台中",31,3,28
"23112","2727王品","110/07/12","凱基",1,33,-32
"23113","2727王品","110/07/12","元大-桃園",35,10,25
"23114","2727王品","110/07/12","永全-南崁",1,31,-30
"23115","2727王品","110/07/12","新加坡商瑞銀",28,4,24
"23116","2727王品","110/07/12","凱基-和平",2,32,-30
"23117","2727王品","110/07/12","群益金鼎-古亭",25,2,23
"23118","2727王品","110/07/12","永豐金-大園",8,38,-30
"23119","2727王品","110/07/12","元大-龍潭",29,7,22
"23120","2727王品","110/07/12","瑞士信貸",0,28,-28
"23121","2727王品","110/07/12","永豐金-永康",25,3,22
"23122","2727王品","110/07/12","元富",17,44,-27
"23123","2727王品","110/07/12","富邦-竹北",24,3,21
"23124","2727王品","110/07/12","元大-北屯",5,32,-27
"23125","2727王品","110/07/12","群益金鼎-松山",20,0,20
"23126","2727王品","110/07/12","華南永昌",3,28,-25
"23127","2727王品","110/07/12","元大-八德",20,0,20
"23128","2727王品","110/07/12","統一-竹南",1,23,-22
"23129","2727王品","110/07/12","元大-南京",25,6,19
"23130","2727王品","110/07/12","永豐金證券",4,26,-22
"23131","1570力肯","110/07/12","國票-北高雄",40,0,40
"23132","1570力肯","110/07/12","日盛-竹北",0,40,-40
"23133","1570力肯","110/07/12","摩根大通",16,0,16
"23134","1570力肯","110/07/12","第一金-華江",1,38,-37
"23135","1570力肯","110/07/12","新光",31,19,12
"23136","1570力肯","110/07/12","元大-永春",0,26,-26
"23137","1570力肯","110/07/12","元大-台中中港",12,0,12
"23138","1570力肯","110/07/12","元大-古亭",1,20,-19
"23139","1570力肯","110/07/12","日盛-高雄",10,0,10
"23140","1570力肯","110/07/12","國泰-松江",0,16,-16
"23141","1570力肯","110/07/12","第一金-路竹",10,0,10
"23142","1570力肯","110/07/12","台新-台南",0,15,-15
"23143","1570力肯","110/07/12","台新-新莊",10,0,10
"23144","1570力肯","110/07/12","康和-石牌",0,15,-15
"23145","1570力肯","110/07/12","元大-新盛",9,0,9
"23146","1570力肯","110/07/12","國泰-板橋",0,11,-11
"23147","1570力肯","110/07/12","凱基-台北",8,0,8
"23148","1570力肯","110/07/12","元大-高雄",0,11,-11
"23149","1570力肯","110/07/12","彰銀-七賢",6,0,6
"23150","1570力肯","110/07/12","兆豐-桃園",0,10,-10
"23151","1570力肯","110/07/12","元富-緯城",6,0,6
"23152","1570力肯","110/07/12","元大-大益",0,10,-10
"23153","1570力肯","110/07/12","華南永昌-古亭",6,0,6
"23154","1570力肯","110/07/12","中國信託-文心",0,5,-5
"23155","1570力肯","110/07/12","富邦-陽明",6,0,6
"23156","1570力肯","110/07/12","光和",0,5,-5
"23157","1570力肯","110/07/12","臺銀-臺南",5,0,5
"23158","1570力肯","110/07/12","陽信-石牌",0,5,-5
"23159","1570力肯","110/07/12","宏遠-館前",5,0,5
"23160","1570力肯","110/07/12","國泰-高雄",0,5,-5
"23161","6180橘子","110/07/12","康和-台中",32,2,30
"23162","6180橘子","110/07/12","新百王",1,40,-39
"23163","6180橘子","110/07/12","美林",32,3,29
"23164","6180橘子","110/07/12","富邦-陽明",4,42,-38
"23165","6180橘子","110/07/12","元大-羅東",21,0,21
"23166","6180橘子","110/07/12","新光",3,32,-29
"23167","6180橘子","110/07/12","兆豐-埔墘",16,0,16
"23168","6180橘子","110/07/12","日盛-文化",4,20,-16
"23169","6180橘子","110/07/12","元大-雙和",12,0,12
"23170","6180橘子","110/07/12","華南永昌-鶯歌",0,15,-15
"23171","6180橘子","110/07/12","美商高盛",18,7,11
"23172","6180橘子","110/07/12","中國信託-忠孝",7,20,-13
"23173","6180橘子","110/07/12","台新證券",14,3,11
"23174","6180橘子","110/07/12","凱基-台北",5,17,-12
"23175","6180橘子","110/07/12","元大-中壢",12,1,11
"23176","6180橘子","110/07/12","凱基-高雄",0,11,-11
"23177","6180橘子","110/07/12","統一-南京",10,0,10
"23178","6180橘子","110/07/12","凱基-大安",0,10,-10
"23179","6180橘子","110/07/12","致和-崇德",10,0,10
"23180","6180橘子","110/07/12","元大-北屯",0,10,-10
"23181","6180橘子","110/07/12","玉山-板橋",10,0,10
"23182","6180橘子","110/07/12","元大-南京",0,9,-9
"23183","6180橘子","110/07/12","富邦-仁愛",10,0,10
"23184","6180橘子","110/07/12","元大-台南",1,10,-9
"23185","6180橘子","110/07/12","摩根大通",10,1,9
"23186","6180橘子","110/07/12","康和-澎湖",0,8,-8
"23187","6180橘子","110/07/12","元富-林園",8,0,8
"23188","6180橘子","110/07/12","第一金-台中",0,7,-7
"23189","6180橘子","110/07/12","大慶-富順",7,0,7
"23190","6180橘子","110/07/12","台新-台南",1,8,-7
"23191","2390云辰","110/07/12","統一-新台中",170,0,170
"23192","2390云辰","110/07/12","元大-天母",2,450,-448
"23193","2390云辰","110/07/12","華南永昌-麻豆",137,2,135
"23194","2390云辰","110/07/12","國泰-忠孝",1,143,-142
"23195","2390云辰","110/07/12","元富-成功",103,14,89
"23196","2390云辰","110/07/12","摩根大通",377,512,-135
"23197","2390云辰","110/07/12","元大-土城學府",146,69,77
"23198","2390云辰","110/07/12","台灣摩根士丹利",0,91,-91
"23199","2390云辰","110/07/12","永豐金-永康",76,4,72
"23200","2390云辰","110/07/12","美林",84,146,-62
"23201","2390云辰","110/07/12","台中銀",73,2,71
"23202","2390云辰","110/07/12","華南永昌-嘉義",2,61,-59
"23203","2390云辰","110/07/12","大昌",63,3,60
"23204","2390云辰","110/07/12","永豐金-羅東",0,49,-49
"23205","2390云辰","110/07/12","合庫-三重",50,0,50
"23206","2390云辰","110/07/12","玉山-台中",6,53,-47
"23207","2390云辰","110/07/12","元富-高雄",93,50,43
"23208","2390云辰","110/07/12","玉山-新莊",2,48,-46
"23209","2390云辰","110/07/12","元大-館前",40,4,36
"23210","2390云辰","110/07/12","元大-大里",7,52,-45
"23211","2390云辰","110/07/12","港商野村",143,109,34
"23212","2390云辰","110/07/12","元大-內湖",3,48,-45
"23213","2390云辰","110/07/12","元大-雙和",34,0,34
"23214","2390云辰","110/07/12","永豐金-市政",1,42,-41
"23215","2390云辰","110/07/12","群益金鼎-民權",33,2,31
"23216","2390云辰","110/07/12","元大-學甲",1,41,-40
"23217","2390云辰","110/07/12","日盛-八德",40,10,30
"23218","2390云辰","110/07/12","兆豐-高雄",2,41,-39
"23219","2390云辰","110/07/12","國票-嘉義",30,0,30
"23220","2390云辰","110/07/12","新加坡商瑞銀",21,59,-38
"23221","4903聯光通","110/07/09","元大-敦南",10,0,10
"23222","4903聯光通","110/07/09","第一金-台中",0,12,-12
"23223","4903聯光通","110/07/09","凱基-士林",5,0,5
"23224","4903聯光通","110/07/09","日盛-忠孝",0,3,-3
"23225","4903聯光通","110/07/09","元大-苗栗",5,0,5
"23226","4903聯光通","110/07/09","群益金鼎-崇德",0,3,-3
"23227","4903聯光通","110/07/09","元大-屏南",3,0,3
"23228","4903聯光通","110/07/09","國票-內壢",0,2,-2
"23229","4903聯光通","110/07/09","中國信託-永康",1,0,1
"23230","4903聯光通","110/07/09","康和-南崁",0,2,-2
"23231","4903聯光通","110/07/09","玉山證券",1,0,1
"23232","4903聯光通","110/07/09","新光-台中",0,2,-2
"23233","4903聯光通","110/07/09","元大-太平",4,3,1
"23234","4903聯光通","110/07/09","玉山-城中",0,2,-2
"23235","4903聯光通","110/07/09","永豐金-嘉義",1,0,1
"23236","4903聯光通","110/07/09","中國信託-文心",0,1,-1
"23237","4903聯光通","110/07/09","大昌",0,0,0
"23238","4903聯光通","110/07/09","大昌",0,0,0
"23239","4903聯光通","110/07/09","中農",0,0,0
"23240","4903聯光通","110/07/09","中農",0,0,0
"23241","4903聯光通","110/07/09","",NA,NA,NA
"23242","4903聯光通","110/07/09","",NA,NA,NA
"23243","4903聯光通","110/07/09","",NA,NA,NA
"23244","4903聯光通","110/07/09","",NA,NA,NA
"23245","4903聯光通","110/07/09","",NA,NA,NA
"23246","4903聯光通","110/07/09","",NA,NA,NA
"23247","4903聯光通","110/07/09","",NA,NA,NA
"23248","4903聯光通","110/07/09","",NA,NA,NA
"23249","4903聯光通","110/07/09","",NA,NA,NA
"23250","4903聯光通","110/07/09","",NA,NA,NA
"23251","2929淘帝","110/07/09","台中銀-台北",110,0,110
"23252","2929淘帝","110/07/09","新光",2,82,-80
"23253","2929淘帝","110/07/09","華南永昌-頭份",72,0,72
"23254","2929淘帝","110/07/09","摩根大通",2,63,-61
"23255","2929淘帝","110/07/09","合庫-高雄",71,0,71
"23256","2929淘帝","110/07/09","第一金-路竹",0,50,-50
"23257","2929淘帝","110/07/09","高橋-龍潭",37,0,37
"23258","2929淘帝","110/07/09","港商麥格理",0,42,-42
"23259","2929淘帝","110/07/09","新光-台中",60,26,34
"23260","2929淘帝","110/07/09","陽信-石牌",0,40,-40
"23261","2929淘帝","110/07/09","元富-大裕",22,1,21
"23262","2929淘帝","110/07/09","台新-左楠",1,39,-38
"23263","2929淘帝","110/07/09","合庫-鳳山",20,0,20
"23264","2929淘帝","110/07/09","凱基-桃園",3,29,-26
"23265","2929淘帝","110/07/09","元大-員林",22,2,20
"23266","2929淘帝","110/07/09","兆豐-內湖",0,25,-25
"23267","2929淘帝","110/07/09","台新-建北",15,0,15
"23268","2929淘帝","110/07/09","元大-北港",0,20,-20
"23269","2929淘帝","110/07/09","兆豐-桃園",13,0,13
"23270","2929淘帝","110/07/09","富邦-北港",0,19,-19
"23271","2929淘帝","110/07/09","兆豐-忠孝",10,0,10
"23272","2929淘帝","110/07/09","富邦-花蓮",0,17,-17
"23273","2929淘帝","110/07/09","國票-敦北法人",10,0,10
"23274","2929淘帝","110/07/09","國泰-台中",2,17,-15
"23275","2929淘帝","110/07/09","永豐金-博愛",10,0,10
"23276","2929淘帝","110/07/09","群益金鼎-彰化",0,15,-15
"23277","2929淘帝","110/07/09","群益金鼎-潭子",8,0,8
"23278","2929淘帝","110/07/09","元大-博愛",0,14,-14
"23279","2929淘帝","110/07/09","富邦-南屯",8,0,8
"23280","2929淘帝","110/07/09","日盛-板橋",0,13,-13
"23281","5410國眾","110/07/09","元大-新盛",14,0,14
"23282","5410國眾","110/07/09","(牛牛牛)亞-鑫豐",1,41,-40
"23283","5410國眾","110/07/09","台灣企銀-民雄",10,0,10
"23284","5410國眾","110/07/09","元富-嘉義",0,25,-25
"23285","5410國眾","110/07/09","元富-虎尾",9,0,9
"23286","5410國眾","110/07/09","凱基-高美館",0,10,-10
"23287","5410國眾","110/07/09","摩根大通",10,1,9
"23288","5410國眾","110/07/09","凱基-城中",0,10,-10
"23289","5410國眾","110/07/09","兆豐-北高雄",7,0,7
"23290","5410國眾","110/07/09","元大-頭份",0,10,-10
"23291","5410國眾","110/07/09","凱基-台北",8,1,7
"23292","5410國眾","110/07/09","群益金鼎-丹鳳",0,7,-7
"23293","5410國眾","110/07/09","華南永昌-公誠",7,0,7
"23294","5410國眾","110/07/09","凱基-復興",0,7,-7
"23295","5410國眾","110/07/09","香港上海匯豐",6,0,6
"23296","5410國眾","110/07/09","元大-員林",0,7,-7
"23297","5410國眾","110/07/09","凱基-中壢",6,0,6
"23298","5410國眾","110/07/09","富邦-竹東",0,6,-6
"23299","5410國眾","110/07/09","華南永昌-南京",6,0,6
"23300","5410國眾","110/07/09","亞東-高雄",0,5,-5
"23301","5410國眾","110/07/09","統一-三重",5,0,5
"23302","5410國眾","110/07/09","大慶-中壢",1,6,-5
"23303","5410國眾","110/07/09","富邦-宜蘭",5,0,5
"23304","5410國眾","110/07/09","群益金鼎-中港",0,5,-5
"23305","5410國眾","110/07/09","元大-崇德",5,0,5
"23306","5410國眾","110/07/09","元大-八德",0,5,-5
"23307","5410國眾","110/07/09","元大-博愛",5,0,5
"23308","5410國眾","110/07/09","富邦-基隆",0,4,-4
"23309","5410國眾","110/07/09","元大-龍潭",5,0,5
"23310","5410國眾","110/07/09","臺銀-新竹",0,3,-3
"23311","2841台開","110/07/09","日盛-雙和",102,0,102
"23312","2841台開","110/07/09","港商野村",0,129,-129
"23313","2841台開","110/07/09","元大-館前",70,0,70
"23314","2841台開","110/07/09","兆豐-永和",0,100,-100
"23315","2841台開","110/07/09","凱基-文心",50,0,50
"23316","2841台開","110/07/09","台新證券",7,28,-21
"23317","2841台開","110/07/09","富邦-嘉義",40,0,40
"23318","2841台開","110/07/09","國票-北高雄",0,20,-20
"23319","2841台開","110/07/09","美商高盛",15,0,15
"23320","2841台開","110/07/09","永豐金-敦南",29,46,-17
"23321","2841台開","110/07/09","台中銀",15,0,15
"23322","2841台開","110/07/09","合庫-基隆",0,12,-12
"23323","2841台開","110/07/09","新光",11,0,11
"23324","2841台開","110/07/09","中國信託-松江",0,12,-12
"23325","2841台開","110/07/09","華南永昌-長虹",10,0,10
"23326","2841台開","110/07/09","兆豐-城中",0,12,-12
"23327","2841台開","110/07/09","永豐金-南投",10,0,10
"23328","2841台開","110/07/09","台中銀-豐原",0,10,-10
"23329","2841台開","110/07/09","合庫-桃園",7,0,7
"23330","2841台開","110/07/09","兆豐-景美",0,10,-10
"23331","2841台開","110/07/09","群益金鼎-古亭",7,0,7
"23332","2841台開","110/07/09","群益金鼎-基隆",0,10,-10
"23333","2841台開","110/07/09","國泰-敦南",6,0,6
"23334","2841台開","110/07/09","元大-北三重",0,10,-10
"23335","2841台開","110/07/09","凱基-桃園",8,2,6
"23336","2841台開","110/07/09","(牛牛牛)亞-網路",0,9,-9
"23337","2841台開","110/07/09","日盛證券",5,0,5
"23338","2841台開","110/07/09","台新-高雄",1,10,-9
"23339","2841台開","110/07/09","元富-文心",5,0,5
"23340","2841台開","110/07/09","凱基-台北",0,7,-7
"23341","6207雷科","110/07/09","群益金鼎-新竹",47,0,47
"23342","6207雷科","110/07/09","新光",7,24,-17
"23343","6207雷科","110/07/09","永豐金-三重",31,0,31
"23344","6207雷科","110/07/09","日盛-和美",0,15,-15
"23345","6207雷科","110/07/09","新加坡商瑞銀",33,5,28
"23346","6207雷科","110/07/09","國泰-台南",0,15,-15
"23347","6207雷科","110/07/09","元大-高雄",26,0,26
"23348","6207雷科","110/07/09","華南永昌-古亭",0,14,-14
"23349","6207雷科","110/07/09","統一-員林",22,0,22
"23350","6207雷科","110/07/09","土銀-白河",0,11,-11
"23351","6207雷科","110/07/09","台新-高雄",22,0,22
"23352","6207雷科","110/07/09","日盛-台南",0,10,-10
"23353","6207雷科","110/07/09","摩根大通",34,17,17
"23354","6207雷科","110/07/09","元富-林園",0,10,-10
"23355","6207雷科","110/07/09","元大-博愛",17,1,16
"23356","6207雷科","110/07/09","富邦-園區",0,10,-10
"23357","6207雷科","110/07/09","日茂-埔里",12,0,12
"23358","6207雷科","110/07/09","元大-上新莊",0,10,-10
"23359","6207雷科","110/07/09","國泰-台中",17,6,11
"23360","6207雷科","110/07/09","永豐金-南京",0,10,-10
"23361","6207雷科","110/07/09","富邦-三重",10,0,10
"23362","6207雷科","110/07/09","兆豐-小港",0,6,-6
"23363","6207雷科","110/07/09","元大-沙鹿",10,0,10
"23364","6207雷科","110/07/09","富邦-羅東",1,7,-6
"23365","6207雷科","110/07/09","元大-八德",10,0,10
"23366","6207雷科","110/07/09","元大-土城永寧",0,6,-6
"23367","6207雷科","110/07/09","第一金-路竹",11,2,9
"23368","6207雷科","110/07/09","永豐金-板盛",0,6,-6
"23369","6207雷科","110/07/09","統一-南京",5,0,5
"23370","6207雷科","110/07/09","日盛-板橋",0,5,-5
"23371","3679新至陞","110/07/09","元大-大天母",10,0,10
"23372","3679新至陞","110/07/09","第一金-光復",0,11,-11
"23373","3679新至陞","110/07/09","日盛-樹林",9,0,9
"23374","3679新至陞","110/07/09","瑞士信貸",0,8,-8
"23375","3679新至陞","110/07/09","凱基-台北",11,2,9
"23376","3679新至陞","110/07/09","大慶-苗栗",0,5,-5
"23377","3679新至陞","110/07/09","華南永昌-小港",8,0,8
"23378","3679新至陞","110/07/09","元大-永春",0,5,-5
"23379","3679新至陞","110/07/09","兆豐-來福",7,0,7
"23380","3679新至陞","110/07/09","日盛-和美",0,4,-4
"23381","3679新至陞","110/07/09","香港上海匯豐",5,0,5
"23382","3679新至陞","110/07/09","元大-雙和",0,3,-3
"23383","3679新至陞","110/07/09","台中銀-員林",3,0,3
"23384","3679新至陞","110/07/09","永豐金-屏東",0,3,-3
"23385","3679新至陞","110/07/09","新光",3,0,3
"23386","3679新至陞","110/07/09","彰銀",0,2,-2
"23387","3679新至陞","110/07/09","土銀-花蓮",2,0,2
"23388","3679新至陞","110/07/09","宏遠-館前",0,2,-2
"23389","3679新至陞","110/07/09","第一金-澎湖",2,0,2
"23390","3679新至陞","110/07/09","港商野村",0,2,-2
"23391","3679新至陞","110/07/09","摩根大通",2,0,2
"23392","3679新至陞","110/07/09","大昌-新店",0,2,-2
"23393","3679新至陞","110/07/09","國泰-敦南",2,0,2
"23394","3679新至陞","110/07/09","元大-新莊",0,2,-2
"23395","3679新至陞","110/07/09","元大-淡水",4,2,2
"23396","3679新至陞","110/07/09","元大-板橋",0,2,-2
"23397","3679新至陞","110/07/09","日盛-士林",1,0,1
"23398","3679新至陞","110/07/09","台灣摩根士丹利",0,1,-1
"23399","3679新至陞","110/07/09","日盛-信義",1,0,1
"23400","3679新至陞","110/07/09","第一金-高雄",0,1,-1
"23401","2727王品","110/07/09","台灣匯立證券",90,0,90
"23402","2727王品","110/07/09","台灣摩根士丹利",0,267,-267
"23403","2727王品","110/07/09","國泰-敦南",166,84,82
"23404","2727王品","110/07/09","富邦-台北",35,299,-264
"23405","2727王品","110/07/09","富邦-仁愛",56,12,44
"23406","2727王品","110/07/09","凱基-台北",174,296,-122
"23407","2727王品","110/07/09","台新證券",109,66,43
"23408","2727王品","110/07/09","第一金",2,102,-100
"23409","2727王品","110/07/09","新光",117,87,30
"23410","2727王品","110/07/09","群益金鼎-大安",0,80,-80
"23411","2727王品","110/07/09","臺銀-臺中",35,6,29
"23412","2727王品","110/07/09","兆豐-大安",7,60,-53
"23413","2727王品","110/07/09","元大-桃園",32,3,29
"23414","2727王品","110/07/09","永豐金-南投",0,50,-50
"23415","2727王品","110/07/09","元富-宜蘭",34,6,28
"23416","2727王品","110/07/09","新加坡商瑞銀",6,46,-40
"23417","2727王品","110/07/09","玉山-台中",34,8,26
"23418","2727王品","110/07/09","合庫-彰化",11,50,-39
"23419","2727王品","110/07/09","群益金鼎-宜蘭",30,4,26
"23420","2727王品","110/07/09","永豐金-萬盛",13,52,-39
"23421","2727王品","110/07/09","富邦-台中",42,16,26
"23422","2727王品","110/07/09","瑞士信貸",0,34,-34
"23423","2727王品","110/07/09","第一金-豐原",25,1,24
"23424","2727王品","110/07/09","元大-和平",4,35,-31
"23425","2727王品","110/07/09","臺銀",30,8,22
"23426","2727王品","110/07/09","美林",14,44,-30
"23427","2727王品","110/07/09","兆豐-來福",23,1,22
"23428","2727王品","110/07/09","元大-員林",9,38,-29
"23429","2727王品","110/07/09","玉山-士林",22,2,20
"23430","2727王品","110/07/09","元富-西松",4,31,-27
"23431","1570力肯","110/07/09","凱基-台北",30,1,29
"23432","1570力肯","110/07/09","群益金鼎-彰化",0,20,-20
"23433","1570力肯","110/07/09","新光-台南",20,0,20
"23434","1570力肯","110/07/09","元大-土城學府",0,20,-20
"23435","1570力肯","110/07/09","元大-高雄",20,0,20
"23436","1570力肯","110/07/09","元大-大統",0,16,-16
"23437","1570力肯","110/07/09","國票-中正",12,0,12
"23438","1570力肯","110/07/09","元大-新營",0,11,-11
"23439","1570力肯","110/07/09","日盛-高雄",6,0,6
"23440","1570力肯","110/07/09","元大-和平",0,10,-10
"23441","1570力肯","110/07/09","元富-緯城",6,0,6
"23442","1570力肯","110/07/09","元大-草屯",0,10,-10
"23443","1570力肯","110/07/09","群益金鼎-台南",6,0,6
"23444","1570力肯","110/07/09","元大-鹿港",0,9,-9
"23445","1570力肯","110/07/09","華南永昌-岡山",6,0,6
"23446","1570力肯","110/07/09","合庫-基隆",0,7,-7
"23447","1570力肯","110/07/09","統一-中壢",5,0,5
"23448","1570力肯","110/07/09","摩根大通",2,8,-6
"23449","1570力肯","110/07/09","凱基-三峽",5,0,5
"23450","1570力肯","110/07/09","台灣企銀-豐原",0,4,-4
"23451","1570力肯","110/07/09","大昌-樹林",4,0,4
"23452","1570力肯","110/07/09","日盛-桃園",0,4,-4
"23453","1570力肯","110/07/09","新光",3,0,3
"23454","1570力肯","110/07/09","國泰-高雄",0,3,-3
"23455","1570力肯","110/07/09","富邦-新竹華信",3,0,3
"23456","1570力肯","110/07/09","永豐金-敦南",0,3,-3
"23457","1570力肯","110/07/09","合庫-台中",2,0,2
"23458","1570力肯","110/07/09","土銀-彰化",0,2,-2
"23459","1570力肯","110/07/09","臺銀-臺中",2,0,2
"23460","1570力肯","110/07/09","臺銀-鳳山",0,2,-2
"23461","6180橘子","110/07/09","摩根大通",63,1,62
"23462","6180橘子","110/07/09","元大-南京",1,32,-31
"23463","6180橘子","110/07/09","富邦-陽明",73,33,40
"23464","6180橘子","110/07/09","群益金鼎-台北",0,25,-25
"23465","6180橘子","110/07/09","新加坡商瑞銀",31,0,31
"23466","6180橘子","110/07/09","兆豐-復興",0,21,-21
"23467","6180橘子","110/07/09","美商高盛",25,0,25
"23468","6180橘子","110/07/09","永豐金-嘉義",0,21,-21
"23469","6180橘子","110/07/09","凱基-台北",26,10,16
"23470","6180橘子","110/07/09","凱基-中壢",8,24,-16
"23471","6180橘子","110/07/09","華南永昌-楠梓",13,0,13
"23472","6180橘子","110/07/09","致和-崇德",0,15,-15
"23473","6180橘子","110/07/09","華南永昌-朴子",11,0,11
"23474","6180橘子","110/07/09","群益金鼎-屏東",0,15,-15
"23475","6180橘子","110/07/09","元大-北港",11,0,11
"23476","6180橘子","110/07/09","群益金鼎-中山",0,15,-15
"23477","6180橘子","110/07/09","元大-成功",10,1,9
"23478","6180橘子","110/07/09","瑞士信貸",1,15,-14
"23479","6180橘子","110/07/09","新光",26,18,8
"23480","6180橘子","110/07/09","日盛-二林",0,10,-10
"23481","6180橘子","110/07/09","統一-三重",6,0,6
"23482","6180橘子","110/07/09","凱基-東門",0,10,-10
"23483","6180橘子","110/07/09","群益金鼎-嘉義",6,0,6
"23484","6180橘子","110/07/09","華南永昌-三重",0,10,-10
"23485","6180橘子","110/07/09","元大-員林中山",6,0,6
"23486","6180橘子","110/07/09","元大-彰化民生",1,11,-10
"23487","6180橘子","110/07/09","合庫-鳳山",5,0,5
"23488","6180橘子","110/07/09","永豐金-新店",1,11,-10
"23489","6180橘子","110/07/09","富邦-建國",6,1,5
"23490","6180橘子","110/07/09","群益金鼎-丹鳳",0,8,-8
"23491","2390云辰","110/07/09","摩根大通",279,56,223
"23492","2390云辰","110/07/09","元大-天母",0,127,-127
"23493","2390云辰","110/07/09","日盛-鳳山",110,2,108
"23494","2390云辰","110/07/09","中國信託-文心",5,109,-104
"23495","2390云辰","110/07/09","宏遠證券",100,0,100
"23496","2390云辰","110/07/09","永豐金-復興",0,55,-55
"23497","2390云辰","110/07/09","元大-大里",63,6,57
"23498","2390云辰","110/07/09","凱基-台北",239,286,-47
"23499","2390云辰","110/07/09","凱基-八德",59,10,49
"23500","2390云辰","110/07/09","德信",2,32,-30
"23501","2390云辰","110/07/09","合庫-新竹",40,0,40
"23502","2390云辰","110/07/09","兆豐-桃鶯",2,32,-30
"23503","2390云辰","110/07/09","國票",40,1,39
"23504","2390云辰","110/07/09","致和-南京",0,30,-30
"23505","2390云辰","110/07/09","新加坡商瑞銀",49,13,36
"23506","2390云辰","110/07/09","富邦-虎尾",1,31,-30
"23507","2390云辰","110/07/09","統一-新台中",36,2,34
"23508","2390云辰","110/07/09","元大-善化",2,31,-29
"23509","2390云辰","110/07/09","國票-嘉義",31,0,31
"23510","2390云辰","110/07/09","富邦-板橋",0,27,-27
"23511","2390云辰","110/07/09","華南永昌",35,7,28
"23512","2390云辰","110/07/09","富邦-永和",3,28,-25
"23513","2390云辰","110/07/09","玉山-台中",49,22,27
"23514","2390云辰","110/07/09","第一金-自由",20,44,-24
"23515","2390云辰","110/07/09","華南永昌-敦南",25,0,25
"23516","2390云辰","110/07/09","凱基-內湖",0,24,-24
"23517","2390云辰","110/07/09","新光-高雄",27,4,23
"23518","2390云辰","110/07/09","元大-汐止",1,24,-23
"23519","2390云辰","110/07/09","台灣摩根士丹利",85,63,22
"23520","2390云辰","110/07/09","新光-台中",12,33,-21
"23521","4903聯光通","110/07/09","元大-敦南",10,0,10
"23522","4903聯光通","110/07/09","第一金-台中",0,12,-12
"23523","4903聯光通","110/07/09","凱基-士林",5,0,5
"23524","4903聯光通","110/07/09","日盛-忠孝",0,3,-3
"23525","4903聯光通","110/07/09","元大-苗栗",5,0,5
"23526","4903聯光通","110/07/09","群益金鼎-崇德",0,3,-3
"23527","4903聯光通","110/07/09","元大-屏南",3,0,3
"23528","4903聯光通","110/07/09","國票-內壢",0,2,-2
"23529","4903聯光通","110/07/09","中國信託-永康",1,0,1
"23530","4903聯光通","110/07/09","康和-南崁",0,2,-2
"23531","4903聯光通","110/07/09","玉山證券",1,0,1
"23532","4903聯光通","110/07/09","新光-台中",0,2,-2
"23533","4903聯光通","110/07/09","元大-太平",4,3,1
"23534","4903聯光通","110/07/09","玉山-城中",0,2,-2
"23535","4903聯光通","110/07/09","永豐金-嘉義",1,0,1
"23536","4903聯光通","110/07/09","中國信託-文心",0,1,-1
"23537","4903聯光通","110/07/09","大昌",0,0,0
"23538","4903聯光通","110/07/09","大昌",0,0,0
"23539","4903聯光通","110/07/09","中農",0,0,0
"23540","4903聯光通","110/07/09","中農",0,0,0
"23541","4903聯光通","110/07/09","",NA,NA,NA
"23542","4903聯光通","110/07/09","",NA,NA,NA
"23543","4903聯光通","110/07/09","",NA,NA,NA
"23544","4903聯光通","110/07/09","",NA,NA,NA
"23545","4903聯光通","110/07/09","",NA,NA,NA
"23546","4903聯光通","110/07/09","",NA,NA,NA
"23547","4903聯光通","110/07/09","",NA,NA,NA
"23548","4903聯光通","110/07/09","",NA,NA,NA
"23549","4903聯光通","110/07/09","",NA,NA,NA
"23550","4903聯光通","110/07/09","",NA,NA,NA
"23551","2929淘帝","110/07/09","台中銀-台北",110,0,110
"23552","2929淘帝","110/07/09","新光",2,82,-80
"23553","2929淘帝","110/07/09","華南永昌-頭份",72,0,72
"23554","2929淘帝","110/07/09","摩根大通",2,63,-61
"23555","2929淘帝","110/07/09","合庫-高雄",71,0,71
"23556","2929淘帝","110/07/09","第一金-路竹",0,50,-50
"23557","2929淘帝","110/07/09","高橋-龍潭",37,0,37
"23558","2929淘帝","110/07/09","港商麥格理",0,42,-42
"23559","2929淘帝","110/07/09","新光-台中",60,26,34
"23560","2929淘帝","110/07/09","陽信-石牌",0,40,-40
"23561","2929淘帝","110/07/09","元富-大裕",22,1,21
"23562","2929淘帝","110/07/09","台新-左楠",1,39,-38
"23563","2929淘帝","110/07/09","合庫-鳳山",20,0,20
"23564","2929淘帝","110/07/09","凱基-桃園",3,29,-26
"23565","2929淘帝","110/07/09","元大-員林",22,2,20
"23566","2929淘帝","110/07/09","兆豐-內湖",0,25,-25
"23567","2929淘帝","110/07/09","台新-建北",15,0,15
"23568","2929淘帝","110/07/09","元大-北港",0,20,-20
"23569","2929淘帝","110/07/09","兆豐-桃園",13,0,13
"23570","2929淘帝","110/07/09","富邦-北港",0,19,-19
"23571","2929淘帝","110/07/09","兆豐-忠孝",10,0,10
"23572","2929淘帝","110/07/09","富邦-花蓮",0,17,-17
"23573","2929淘帝","110/07/09","國票-敦北法人",10,0,10
"23574","2929淘帝","110/07/09","國泰-台中",2,17,-15
"23575","2929淘帝","110/07/09","永豐金-博愛",10,0,10
"23576","2929淘帝","110/07/09","群益金鼎-彰化",0,15,-15
"23577","2929淘帝","110/07/09","群益金鼎-潭子",8,0,8
"23578","2929淘帝","110/07/09","元大-博愛",0,14,-14
"23579","2929淘帝","110/07/09","富邦-南屯",8,0,8
"23580","2929淘帝","110/07/09","日盛-板橋",0,13,-13
"23581","5410國眾","110/07/09","元大-新盛",14,0,14
"23582","5410國眾","110/07/09","(牛牛牛)亞-鑫豐",1,41,-40
"23583","5410國眾","110/07/09","台灣企銀-民雄",10,0,10
"23584","5410國眾","110/07/09","元富-嘉義",0,25,-25
"23585","5410國眾","110/07/09","元富-虎尾",9,0,9
"23586","5410國眾","110/07/09","凱基-高美館",0,10,-10
"23587","5410國眾","110/07/09","摩根大通",10,1,9
"23588","5410國眾","110/07/09","凱基-城中",0,10,-10
"23589","5410國眾","110/07/09","兆豐-北高雄",7,0,7
"23590","5410國眾","110/07/09","元大-頭份",0,10,-10
"23591","5410國眾","110/07/09","凱基-台北",8,1,7
"23592","5410國眾","110/07/09","群益金鼎-丹鳳",0,7,-7
"23593","5410國眾","110/07/09","華南永昌-公誠",7,0,7
"23594","5410國眾","110/07/09","凱基-復興",0,7,-7
"23595","5410國眾","110/07/09","香港上海匯豐",6,0,6
"23596","5410國眾","110/07/09","元大-員林",0,7,-7
"23597","5410國眾","110/07/09","凱基-中壢",6,0,6
"23598","5410國眾","110/07/09","富邦-竹東",0,6,-6
"23599","5410國眾","110/07/09","華南永昌-南京",6,0,6
"23600","5410國眾","110/07/09","亞東-高雄",0,5,-5
"23601","5410國眾","110/07/09","統一-三重",5,0,5
"23602","5410國眾","110/07/09","大慶-中壢",1,6,-5
"23603","5410國眾","110/07/09","富邦-宜蘭",5,0,5
"23604","5410國眾","110/07/09","群益金鼎-中港",0,5,-5
"23605","5410國眾","110/07/09","元大-崇德",5,0,5
"23606","5410國眾","110/07/09","元大-八德",0,5,-5
"23607","5410國眾","110/07/09","元大-博愛",5,0,5
"23608","5410國眾","110/07/09","富邦-基隆",0,4,-4
"23609","5410國眾","110/07/09","元大-龍潭",5,0,5
"23610","5410國眾","110/07/09","臺銀-新竹",0,3,-3
"23611","2841台開","110/07/09","日盛-雙和",102,0,102
"23612","2841台開","110/07/09","港商野村",0,129,-129
"23613","2841台開","110/07/09","元大-館前",70,0,70
"23614","2841台開","110/07/09","兆豐-永和",0,100,-100
"23615","2841台開","110/07/09","凱基-文心",50,0,50
"23616","2841台開","110/07/09","台新證券",7,28,-21
"23617","2841台開","110/07/09","富邦-嘉義",40,0,40
"23618","2841台開","110/07/09","國票-北高雄",0,20,-20
"23619","2841台開","110/07/09","美商高盛",15,0,15
"23620","2841台開","110/07/09","永豐金-敦南",29,46,-17
"23621","2841台開","110/07/09","台中銀",15,0,15
"23622","2841台開","110/07/09","合庫-基隆",0,12,-12
"23623","2841台開","110/07/09","新光",11,0,11
"23624","2841台開","110/07/09","中國信託-松江",0,12,-12
"23625","2841台開","110/07/09","華南永昌-長虹",10,0,10
"23626","2841台開","110/07/09","兆豐-城中",0,12,-12
"23627","2841台開","110/07/09","永豐金-南投",10,0,10
"23628","2841台開","110/07/09","台中銀-豐原",0,10,-10
"23629","2841台開","110/07/09","合庫-桃園",7,0,7
"23630","2841台開","110/07/09","兆豐-景美",0,10,-10
"23631","2841台開","110/07/09","群益金鼎-古亭",7,0,7
"23632","2841台開","110/07/09","群益金鼎-基隆",0,10,-10
"23633","2841台開","110/07/09","國泰-敦南",6,0,6
"23634","2841台開","110/07/09","元大-北三重",0,10,-10
"23635","2841台開","110/07/09","凱基-桃園",8,2,6
"23636","2841台開","110/07/09","(牛牛牛)亞-網路",0,9,-9
"23637","2841台開","110/07/09","日盛證券",5,0,5
"23638","2841台開","110/07/09","台新-高雄",1,10,-9
"23639","2841台開","110/07/09","元富-文心",5,0,5
"23640","2841台開","110/07/09","凱基-台北",0,7,-7
"23641","6207雷科","110/07/09","群益金鼎-新竹",47,0,47
"23642","6207雷科","110/07/09","新光",7,24,-17
"23643","6207雷科","110/07/09","永豐金-三重",31,0,31
"23644","6207雷科","110/07/09","日盛-和美",0,15,-15
"23645","6207雷科","110/07/09","新加坡商瑞銀",33,5,28
"23646","6207雷科","110/07/09","國泰-台南",0,15,-15
"23647","6207雷科","110/07/09","元大-高雄",26,0,26
"23648","6207雷科","110/07/09","華南永昌-古亭",0,14,-14
"23649","6207雷科","110/07/09","統一-員林",22,0,22
"23650","6207雷科","110/07/09","土銀-白河",0,11,-11
"23651","6207雷科","110/07/09","台新-高雄",22,0,22
"23652","6207雷科","110/07/09","日盛-台南",0,10,-10
"23653","6207雷科","110/07/09","摩根大通",34,17,17
"23654","6207雷科","110/07/09","元富-林園",0,10,-10
"23655","6207雷科","110/07/09","元大-博愛",17,1,16
"23656","6207雷科","110/07/09","富邦-園區",0,10,-10
"23657","6207雷科","110/07/09","日茂-埔里",12,0,12
"23658","6207雷科","110/07/09","元大-上新莊",0,10,-10
"23659","6207雷科","110/07/09","國泰-台中",17,6,11
"23660","6207雷科","110/07/09","永豐金-南京",0,10,-10
"23661","6207雷科","110/07/09","富邦-三重",10,0,10
"23662","6207雷科","110/07/09","兆豐-小港",0,6,-6
"23663","6207雷科","110/07/09","元大-沙鹿",10,0,10
"23664","6207雷科","110/07/09","富邦-羅東",1,7,-6
"23665","6207雷科","110/07/09","元大-八德",10,0,10
"23666","6207雷科","110/07/09","元大-土城永寧",0,6,-6
"23667","6207雷科","110/07/09","第一金-路竹",11,2,9
"23668","6207雷科","110/07/09","永豐金-板盛",0,6,-6
"23669","6207雷科","110/07/09","統一-南京",5,0,5
"23670","6207雷科","110/07/09","日盛-板橋",0,5,-5
"23671","3679新至陞","110/07/09","元大-大天母",10,0,10
"23672","3679新至陞","110/07/09","第一金-光復",0,11,-11
"23673","3679新至陞","110/07/09","日盛-樹林",9,0,9
"23674","3679新至陞","110/07/09","瑞士信貸",0,8,-8
"23675","3679新至陞","110/07/09","凱基-台北",11,2,9
"23676","3679新至陞","110/07/09","大慶-苗栗",0,5,-5
"23677","3679新至陞","110/07/09","華南永昌-小港",8,0,8
"23678","3679新至陞","110/07/09","元大-永春",0,5,-5
"23679","3679新至陞","110/07/09","兆豐-來福",7,0,7
"23680","3679新至陞","110/07/09","日盛-和美",0,4,-4
"23681","3679新至陞","110/07/09","香港上海匯豐",5,0,5
"23682","3679新至陞","110/07/09","元大-雙和",0,3,-3
"23683","3679新至陞","110/07/09","台中銀-員林",3,0,3
"23684","3679新至陞","110/07/09","永豐金-屏東",0,3,-3
"23685","3679新至陞","110/07/09","新光",3,0,3
"23686","3679新至陞","110/07/09","彰銀",0,2,-2
"23687","3679新至陞","110/07/09","土銀-花蓮",2,0,2
"23688","3679新至陞","110/07/09","宏遠-館前",0,2,-2
"23689","3679新至陞","110/07/09","第一金-澎湖",2,0,2
"23690","3679新至陞","110/07/09","港商野村",0,2,-2
"23691","3679新至陞","110/07/09","摩根大通",2,0,2
"23692","3679新至陞","110/07/09","大昌-新店",0,2,-2
"23693","3679新至陞","110/07/09","國泰-敦南",2,0,2
"23694","3679新至陞","110/07/09","元大-新莊",0,2,-2
"23695","3679新至陞","110/07/09","元大-淡水",4,2,2
"23696","3679新至陞","110/07/09","元大-板橋",0,2,-2
"23697","3679新至陞","110/07/09","日盛-士林",1,0,1
"23698","3679新至陞","110/07/09","台灣摩根士丹利",0,1,-1
"23699","3679新至陞","110/07/09","日盛-信義",1,0,1
"23700","3679新至陞","110/07/09","第一金-高雄",0,1,-1
"23701","2727王品","110/07/09","台灣匯立證券",90,0,90
"23702","2727王品","110/07/09","台灣摩根士丹利",0,267,-267
"23703","2727王品","110/07/09","國泰-敦南",166,84,82
"23704","2727王品","110/07/09","富邦-台北",35,299,-264
"23705","2727王品","110/07/09","富邦-仁愛",56,12,44
"23706","2727王品","110/07/09","凱基-台北",174,296,-122
"23707","2727王品","110/07/09","台新證券",109,66,43
"23708","2727王品","110/07/09","第一金",2,102,-100
"23709","2727王品","110/07/09","新光",117,87,30
"23710","2727王品","110/07/09","群益金鼎-大安",0,80,-80
"23711","2727王品","110/07/09","臺銀-臺中",35,6,29
"23712","2727王品","110/07/09","兆豐-大安",7,60,-53
"23713","2727王品","110/07/09","元大-桃園",32,3,29
"23714","2727王品","110/07/09","永豐金-南投",0,50,-50
"23715","2727王品","110/07/09","元富-宜蘭",34,6,28
"23716","2727王品","110/07/09","新加坡商瑞銀",6,46,-40
"23717","2727王品","110/07/09","玉山-台中",34,8,26
"23718","2727王品","110/07/09","合庫-彰化",11,50,-39
"23719","2727王品","110/07/09","群益金鼎-宜蘭",30,4,26
"23720","2727王品","110/07/09","永豐金-萬盛",13,52,-39
"23721","2727王品","110/07/09","富邦-台中",42,16,26
"23722","2727王品","110/07/09","瑞士信貸",0,34,-34
"23723","2727王品","110/07/09","第一金-豐原",25,1,24
"23724","2727王品","110/07/09","元大-和平",4,35,-31
"23725","2727王品","110/07/09","臺銀",30,8,22
"23726","2727王品","110/07/09","美林",14,44,-30
"23727","2727王品","110/07/09","兆豐-來福",23,1,22
"23728","2727王品","110/07/09","元大-員林",9,38,-29
"23729","2727王品","110/07/09","玉山-士林",22,2,20
"23730","2727王品","110/07/09","元富-西松",4,31,-27
"23731","1570力肯","110/07/09","凱基-台北",30,1,29
"23732","1570力肯","110/07/09","群益金鼎-彰化",0,20,-20
"23733","1570力肯","110/07/09","新光-台南",20,0,20
"23734","1570力肯","110/07/09","元大-土城學府",0,20,-20
"23735","1570力肯","110/07/09","元大-高雄",20,0,20
"23736","1570力肯","110/07/09","元大-大統",0,16,-16
"23737","1570力肯","110/07/09","國票-中正",12,0,12
"23738","1570力肯","110/07/09","元大-新營",0,11,-11
"23739","1570力肯","110/07/09","日盛-高雄",6,0,6
"23740","1570力肯","110/07/09","元大-和平",0,10,-10
"23741","1570力肯","110/07/09","元富-緯城",6,0,6
"23742","1570力肯","110/07/09","元大-草屯",0,10,-10
"23743","1570力肯","110/07/09","群益金鼎-台南",6,0,6
"23744","1570力肯","110/07/09","元大-鹿港",0,9,-9
"23745","1570力肯","110/07/09","華南永昌-岡山",6,0,6
"23746","1570力肯","110/07/09","合庫-基隆",0,7,-7
"23747","1570力肯","110/07/09","統一-中壢",5,0,5
"23748","1570力肯","110/07/09","摩根大通",2,8,-6
"23749","1570力肯","110/07/09","凱基-三峽",5,0,5
"23750","1570力肯","110/07/09","台灣企銀-豐原",0,4,-4
"23751","1570力肯","110/07/09","大昌-樹林",4,0,4
"23752","1570力肯","110/07/09","日盛-桃園",0,4,-4
"23753","1570力肯","110/07/09","新光",3,0,3
"23754","1570力肯","110/07/09","國泰-高雄",0,3,-3
"23755","1570力肯","110/07/09","富邦-新竹華信",3,0,3
"23756","1570力肯","110/07/09","永豐金-敦南",0,3,-3
"23757","1570力肯","110/07/09","合庫-台中",2,0,2
"23758","1570力肯","110/07/09","土銀-彰化",0,2,-2
"23759","1570力肯","110/07/09","臺銀-臺中",2,0,2
"23760","1570力肯","110/07/09","臺銀-鳳山",0,2,-2
"23761","6180橘子","110/07/09","摩根大通",63,1,62
"23762","6180橘子","110/07/09","元大-南京",1,32,-31
"23763","6180橘子","110/07/09","富邦-陽明",73,33,40
"23764","6180橘子","110/07/09","群益金鼎-台北",0,25,-25
"23765","6180橘子","110/07/09","新加坡商瑞銀",31,0,31
"23766","6180橘子","110/07/09","兆豐-復興",0,21,-21
"23767","6180橘子","110/07/09","美商高盛",25,0,25
"23768","6180橘子","110/07/09","永豐金-嘉義",0,21,-21
"23769","6180橘子","110/07/09","凱基-台北",26,10,16
"23770","6180橘子","110/07/09","凱基-中壢",8,24,-16
"23771","6180橘子","110/07/09","華南永昌-楠梓",13,0,13
"23772","6180橘子","110/07/09","致和-崇德",0,15,-15
"23773","6180橘子","110/07/09","華南永昌-朴子",11,0,11
"23774","6180橘子","110/07/09","群益金鼎-屏東",0,15,-15
"23775","6180橘子","110/07/09","元大-北港",11,0,11
"23776","6180橘子","110/07/09","群益金鼎-中山",0,15,-15
"23777","6180橘子","110/07/09","元大-成功",10,1,9
"23778","6180橘子","110/07/09","瑞士信貸",1,15,-14
"23779","6180橘子","110/07/09","新光",26,18,8
"23780","6180橘子","110/07/09","日盛-二林",0,10,-10
"23781","6180橘子","110/07/09","統一-三重",6,0,6
"23782","6180橘子","110/07/09","凱基-東門",0,10,-10
"23783","6180橘子","110/07/09","群益金鼎-嘉義",6,0,6
"23784","6180橘子","110/07/09","華南永昌-三重",0,10,-10
"23785","6180橘子","110/07/09","元大-員林中山",6,0,6
"23786","6180橘子","110/07/09","元大-彰化民生",1,11,-10
"23787","6180橘子","110/07/09","合庫-鳳山",5,0,5
"23788","6180橘子","110/07/09","永豐金-新店",1,11,-10
"23789","6180橘子","110/07/09","富邦-建國",6,1,5
"23790","6180橘子","110/07/09","群益金鼎-丹鳳",0,8,-8
"23791","2390云辰","110/07/09","摩根大通",279,56,223
"23792","2390云辰","110/07/09","元大-天母",0,127,-127
"23793","2390云辰","110/07/09","日盛-鳳山",110,2,108
"23794","2390云辰","110/07/09","中國信託-文心",5,109,-104
"23795","2390云辰","110/07/09","宏遠證券",100,0,100
"23796","2390云辰","110/07/09","永豐金-復興",0,55,-55
"23797","2390云辰","110/07/09","元大-大里",63,6,57
"23798","2390云辰","110/07/09","凱基-台北",239,286,-47
"23799","2390云辰","110/07/09","凱基-八德",59,10,49
"23800","2390云辰","110/07/09","德信",2,32,-30
"23801","2390云辰","110/07/09","合庫-新竹",40,0,40
"23802","2390云辰","110/07/09","兆豐-桃鶯",2,32,-30
"23803","2390云辰","110/07/09","國票",40,1,39
"23804","2390云辰","110/07/09","致和-南京",0,30,-30
"23805","2390云辰","110/07/09","新加坡商瑞銀",49,13,36
"23806","2390云辰","110/07/09","富邦-虎尾",1,31,-30
"23807","2390云辰","110/07/09","統一-新台中",36,2,34
"23808","2390云辰","110/07/09","元大-善化",2,31,-29
"23809","2390云辰","110/07/09","國票-嘉義",31,0,31
"23810","2390云辰","110/07/09","富邦-板橋",0,27,-27
"23811","2390云辰","110/07/09","華南永昌",35,7,28
"23812","2390云辰","110/07/09","富邦-永和",3,28,-25
"23813","2390云辰","110/07/09","玉山-台中",49,22,27
"23814","2390云辰","110/07/09","第一金-自由",20,44,-24
"23815","2390云辰","110/07/09","華南永昌-敦南",25,0,25
"23816","2390云辰","110/07/09","凱基-內湖",0,24,-24
"23817","2390云辰","110/07/09","新光-高雄",27,4,23
"23818","2390云辰","110/07/09","元大-汐止",1,24,-23
"23819","2390云辰","110/07/09","台灣摩根士丹利",85,63,22
"23820","2390云辰","110/07/09","新光-台中",12,33,-21
"23821","4903聯光通","110/07/09","元大-敦南",10,0,10
"23822","4903聯光通","110/07/09","第一金-台中",0,12,-12
"23823","4903聯光通","110/07/09","凱基-士林",5,0,5
"23824","4903聯光通","110/07/09","日盛-忠孝",0,3,-3
"23825","4903聯光通","110/07/09","元大-苗栗",5,0,5
"23826","4903聯光通","110/07/09","群益金鼎-崇德",0,3,-3
"23827","4903聯光通","110/07/09","元大-屏南",3,0,3
"23828","4903聯光通","110/07/09","國票-內壢",0,2,-2
"23829","4903聯光通","110/07/09","中國信託-永康",1,0,1
"23830","4903聯光通","110/07/09","康和-南崁",0,2,-2
"23831","4903聯光通","110/07/09","玉山證券",1,0,1
"23832","4903聯光通","110/07/09","新光-台中",0,2,-2
"23833","4903聯光通","110/07/09","元大-太平",4,3,1
"23834","4903聯光通","110/07/09","玉山-城中",0,2,-2
"23835","4903聯光通","110/07/09","永豐金-嘉義",1,0,1
"23836","4903聯光通","110/07/09","中國信託-文心",0,1,-1
"23837","4903聯光通","110/07/09","大昌",0,0,0
"23838","4903聯光通","110/07/09","大昌",0,0,0
"23839","4903聯光通","110/07/09","中農",0,0,0
"23840","4903聯光通","110/07/09","中農",0,0,0
"23841","4903聯光通","110/07/09","",NA,NA,NA
"23842","4903聯光通","110/07/09","",NA,NA,NA
"23843","4903聯光通","110/07/09","",NA,NA,NA
"23844","4903聯光通","110/07/09","",NA,NA,NA
"23845","4903聯光通","110/07/09","",NA,NA,NA
"23846","4903聯光通","110/07/09","",NA,NA,NA
"23847","4903聯光通","110/07/09","",NA,NA,NA
"23848","4903聯光通","110/07/09","",NA,NA,NA
"23849","4903聯光通","110/07/09","",NA,NA,NA
"23850","4903聯光通","110/07/09","",NA,NA,NA
"23851","2929淘帝","110/07/09","台中銀-台北",110,0,110
"23852","2929淘帝","110/07/09","新光",2,82,-80
"23853","2929淘帝","110/07/09","華南永昌-頭份",72,0,72
"23854","2929淘帝","110/07/09","摩根大通",2,63,-61
"23855","2929淘帝","110/07/09","合庫-高雄",71,0,71
"23856","2929淘帝","110/07/09","第一金-路竹",0,50,-50
"23857","2929淘帝","110/07/09","高橋-龍潭",37,0,37
"23858","2929淘帝","110/07/09","港商麥格理",0,42,-42
"23859","2929淘帝","110/07/09","新光-台中",60,26,34
"23860","2929淘帝","110/07/09","陽信-石牌",0,40,-40
"23861","2929淘帝","110/07/09","元富-大裕",22,1,21
"23862","2929淘帝","110/07/09","台新-左楠",1,39,-38
"23863","2929淘帝","110/07/09","合庫-鳳山",20,0,20
"23864","2929淘帝","110/07/09","凱基-桃園",3,29,-26
"23865","2929淘帝","110/07/09","元大-員林",22,2,20
"23866","2929淘帝","110/07/09","兆豐-內湖",0,25,-25
"23867","2929淘帝","110/07/09","台新-建北",15,0,15
"23868","2929淘帝","110/07/09","元大-北港",0,20,-20
"23869","2929淘帝","110/07/09","兆豐-桃園",13,0,13
"23870","2929淘帝","110/07/09","富邦-北港",0,19,-19
"23871","2929淘帝","110/07/09","兆豐-忠孝",10,0,10
"23872","2929淘帝","110/07/09","富邦-花蓮",0,17,-17
"23873","2929淘帝","110/07/09","國票-敦北法人",10,0,10
"23874","2929淘帝","110/07/09","國泰-台中",2,17,-15
"23875","2929淘帝","110/07/09","永豐金-博愛",10,0,10
"23876","2929淘帝","110/07/09","群益金鼎-彰化",0,15,-15
"23877","2929淘帝","110/07/09","群益金鼎-潭子",8,0,8
"23878","2929淘帝","110/07/09","元大-博愛",0,14,-14
"23879","2929淘帝","110/07/09","富邦-南屯",8,0,8
"23880","2929淘帝","110/07/09","日盛-板橋",0,13,-13
"23881","5410國眾","110/07/09","元大-新盛",14,0,14
"23882","5410國眾","110/07/09","(牛牛牛)亞-鑫豐",1,41,-40
"23883","5410國眾","110/07/09","台灣企銀-民雄",10,0,10
"23884","5410國眾","110/07/09","元富-嘉義",0,25,-25
"23885","5410國眾","110/07/09","元富-虎尾",9,0,9
"23886","5410國眾","110/07/09","凱基-高美館",0,10,-10
"23887","5410國眾","110/07/09","摩根大通",10,1,9
"23888","5410國眾","110/07/09","凱基-城中",0,10,-10
"23889","5410國眾","110/07/09","兆豐-北高雄",7,0,7
"23890","5410國眾","110/07/09","元大-頭份",0,10,-10
"23891","5410國眾","110/07/09","凱基-台北",8,1,7
"23892","5410國眾","110/07/09","群益金鼎-丹鳳",0,7,-7
"23893","5410國眾","110/07/09","華南永昌-公誠",7,0,7
"23894","5410國眾","110/07/09","凱基-復興",0,7,-7
"23895","5410國眾","110/07/09","香港上海匯豐",6,0,6
"23896","5410國眾","110/07/09","元大-員林",0,7,-7
"23897","5410國眾","110/07/09","凱基-中壢",6,0,6
"23898","5410國眾","110/07/09","富邦-竹東",0,6,-6
"23899","5410國眾","110/07/09","華南永昌-南京",6,0,6
"23900","5410國眾","110/07/09","亞東-高雄",0,5,-5
"23901","5410國眾","110/07/09","統一-三重",5,0,5
"23902","5410國眾","110/07/09","大慶-中壢",1,6,-5
"23903","5410國眾","110/07/09","富邦-宜蘭",5,0,5
"23904","5410國眾","110/07/09","群益金鼎-中港",0,5,-5
"23905","5410國眾","110/07/09","元大-崇德",5,0,5
"23906","5410國眾","110/07/09","元大-八德",0,5,-5
"23907","5410國眾","110/07/09","元大-博愛",5,0,5
"23908","5410國眾","110/07/09","富邦-基隆",0,4,-4
"23909","5410國眾","110/07/09","元大-龍潭",5,0,5
"23910","5410國眾","110/07/09","臺銀-新竹",0,3,-3
"23911","2841台開","110/07/09","日盛-雙和",102,0,102
"23912","2841台開","110/07/09","港商野村",0,129,-129
"23913","2841台開","110/07/09","元大-館前",70,0,70
"23914","2841台開","110/07/09","兆豐-永和",0,100,-100
"23915","2841台開","110/07/09","凱基-文心",50,0,50
"23916","2841台開","110/07/09","台新證券",7,28,-21
"23917","2841台開","110/07/09","富邦-嘉義",40,0,40
"23918","2841台開","110/07/09","國票-北高雄",0,20,-20
"23919","2841台開","110/07/09","美商高盛",15,0,15
"23920","2841台開","110/07/09","永豐金-敦南",29,46,-17
"23921","2841台開","110/07/09","台中銀",15,0,15
"23922","2841台開","110/07/09","合庫-基隆",0,12,-12
"23923","2841台開","110/07/09","新光",11,0,11
"23924","2841台開","110/07/09","中國信託-松江",0,12,-12
"23925","2841台開","110/07/09","華南永昌-長虹",10,0,10
"23926","2841台開","110/07/09","兆豐-城中",0,12,-12
"23927","2841台開","110/07/09","永豐金-南投",10,0,10
"23928","2841台開","110/07/09","台中銀-豐原",0,10,-10
"23929","2841台開","110/07/09","合庫-桃園",7,0,7
"23930","2841台開","110/07/09","兆豐-景美",0,10,-10
"23931","2841台開","110/07/09","群益金鼎-古亭",7,0,7
"23932","2841台開","110/07/09","群益金鼎-基隆",0,10,-10
"23933","2841台開","110/07/09","國泰-敦南",6,0,6
"23934","2841台開","110/07/09","元大-北三重",0,10,-10
"23935","2841台開","110/07/09","凱基-桃園",8,2,6
"23936","2841台開","110/07/09","(牛牛牛)亞-網路",0,9,-9
"23937","2841台開","110/07/09","日盛證券",5,0,5
"23938","2841台開","110/07/09","台新-高雄",1,10,-9
"23939","2841台開","110/07/09","元富-文心",5,0,5
"23940","2841台開","110/07/09","凱基-台北",0,7,-7
"23941","6207雷科","110/07/09","群益金鼎-新竹",47,0,47
"23942","6207雷科","110/07/09","新光",7,24,-17
"23943","6207雷科","110/07/09","永豐金-三重",31,0,31
"23944","6207雷科","110/07/09","日盛-和美",0,15,-15
"23945","6207雷科","110/07/09","新加坡商瑞銀",33,5,28
"23946","6207雷科","110/07/09","國泰-台南",0,15,-15
"23947","6207雷科","110/07/09","元大-高雄",26,0,26
"23948","6207雷科","110/07/09","華南永昌-古亭",0,14,-14
"23949","6207雷科","110/07/09","統一-員林",22,0,22
"23950","6207雷科","110/07/09","土銀-白河",0,11,-11
"23951","6207雷科","110/07/09","台新-高雄",22,0,22
"23952","6207雷科","110/07/09","日盛-台南",0,10,-10
"23953","6207雷科","110/07/09","摩根大通",34,17,17
"23954","6207雷科","110/07/09","元富-林園",0,10,-10
"23955","6207雷科","110/07/09","元大-博愛",17,1,16
"23956","6207雷科","110/07/09","富邦-園區",0,10,-10
"23957","6207雷科","110/07/09","日茂-埔里",12,0,12
"23958","6207雷科","110/07/09","元大-上新莊",0,10,-10
"23959","6207雷科","110/07/09","國泰-台中",17,6,11
"23960","6207雷科","110/07/09","永豐金-南京",0,10,-10
"23961","6207雷科","110/07/09","富邦-三重",10,0,10
"23962","6207雷科","110/07/09","兆豐-小港",0,6,-6
"23963","6207雷科","110/07/09","元大-沙鹿",10,0,10
"23964","6207雷科","110/07/09","富邦-羅東",1,7,-6
"23965","6207雷科","110/07/09","元大-八德",10,0,10
"23966","6207雷科","110/07/09","元大-土城永寧",0,6,-6
"23967","6207雷科","110/07/09","第一金-路竹",11,2,9
"23968","6207雷科","110/07/09","永豐金-板盛",0,6,-6
"23969","6207雷科","110/07/09","統一-南京",5,0,5
"23970","6207雷科","110/07/09","日盛-板橋",0,5,-5
"23971","3679新至陞","110/07/09","元大-大天母",10,0,10
"23972","3679新至陞","110/07/09","第一金-光復",0,11,-11
"23973","3679新至陞","110/07/09","日盛-樹林",9,0,9
"23974","3679新至陞","110/07/09","瑞士信貸",0,8,-8
"23975","3679新至陞","110/07/09","凱基-台北",11,2,9
"23976","3679新至陞","110/07/09","大慶-苗栗",0,5,-5
"23977","3679新至陞","110/07/09","華南永昌-小港",8,0,8
"23978","3679新至陞","110/07/09","元大-永春",0,5,-5
"23979","3679新至陞","110/07/09","兆豐-來福",7,0,7
"23980","3679新至陞","110/07/09","日盛-和美",0,4,-4
"23981","3679新至陞","110/07/09","香港上海匯豐",5,0,5
"23982","3679新至陞","110/07/09","元大-雙和",0,3,-3
"23983","3679新至陞","110/07/09","台中銀-員林",3,0,3
"23984","3679新至陞","110/07/09","永豐金-屏東",0,3,-3
"23985","3679新至陞","110/07/09","新光",3,0,3
"23986","3679新至陞","110/07/09","彰銀",0,2,-2
"23987","3679新至陞","110/07/09","土銀-花蓮",2,0,2
"23988","3679新至陞","110/07/09","宏遠-館前",0,2,-2
"23989","3679新至陞","110/07/09","第一金-澎湖",2,0,2
"23990","3679新至陞","110/07/09","港商野村",0,2,-2
"23991","3679新至陞","110/07/09","摩根大通",2,0,2
"23992","3679新至陞","110/07/09","大昌-新店",0,2,-2
"23993","3679新至陞","110/07/09","國泰-敦南",2,0,2
"23994","3679新至陞","110/07/09","元大-新莊",0,2,-2
"23995","3679新至陞","110/07/09","元大-淡水",4,2,2
"23996","3679新至陞","110/07/09","元大-板橋",0,2,-2
"23997","3679新至陞","110/07/09","日盛-士林",1,0,1
"23998","3679新至陞","110/07/09","台灣摩根士丹利",0,1,-1
"23999","3679新至陞","110/07/09","日盛-信義",1,0,1
"24000","3679新至陞","110/07/09","第一金-高雄",0,1,-1
"24001","2727王品","110/07/09","台灣匯立證券",90,0,90
"24002","2727王品","110/07/09","台灣摩根士丹利",0,267,-267
"24003","2727王品","110/07/09","國泰-敦南",166,84,82
"24004","2727王品","110/07/09","富邦-台北",35,299,-264
"24005","2727王品","110/07/09","富邦-仁愛",56,12,44
"24006","2727王品","110/07/09","凱基-台北",174,296,-122
"24007","2727王品","110/07/09","台新證券",109,66,43
"24008","2727王品","110/07/09","第一金",2,102,-100
"24009","2727王品","110/07/09","新光",117,87,30
"24010","2727王品","110/07/09","群益金鼎-大安",0,80,-80
"24011","2727王品","110/07/09","臺銀-臺中",35,6,29
"24012","2727王品","110/07/09","兆豐-大安",7,60,-53
"24013","2727王品","110/07/09","元大-桃園",32,3,29
"24014","2727王品","110/07/09","永豐金-南投",0,50,-50
"24015","2727王品","110/07/09","元富-宜蘭",34,6,28
"24016","2727王品","110/07/09","新加坡商瑞銀",6,46,-40
"24017","2727王品","110/07/09","玉山-台中",34,8,26
"24018","2727王品","110/07/09","合庫-彰化",11,50,-39
"24019","2727王品","110/07/09","群益金鼎-宜蘭",30,4,26
"24020","2727王品","110/07/09","永豐金-萬盛",13,52,-39
"24021","2727王品","110/07/09","富邦-台中",42,16,26
"24022","2727王品","110/07/09","瑞士信貸",0,34,-34
"24023","2727王品","110/07/09","第一金-豐原",25,1,24
"24024","2727王品","110/07/09","元大-和平",4,35,-31
"24025","2727王品","110/07/09","臺銀",30,8,22
"24026","2727王品","110/07/09","美林",14,44,-30
"24027","2727王品","110/07/09","兆豐-來福",23,1,22
"24028","2727王品","110/07/09","元大-員林",9,38,-29
"24029","2727王品","110/07/09","玉山-士林",22,2,20
"24030","2727王品","110/07/09","元富-西松",4,31,-27
"24031","1570力肯","110/07/09","凱基-台北",30,1,29
"24032","1570力肯","110/07/09","群益金鼎-彰化",0,20,-20
"24033","1570力肯","110/07/09","新光-台南",20,0,20
"24034","1570力肯","110/07/09","元大-土城學府",0,20,-20
"24035","1570力肯","110/07/09","元大-高雄",20,0,20
"24036","1570力肯","110/07/09","元大-大統",0,16,-16
"24037","1570力肯","110/07/09","國票-中正",12,0,12
"24038","1570力肯","110/07/09","元大-新營",0,11,-11
"24039","1570力肯","110/07/09","日盛-高雄",6,0,6
"24040","1570力肯","110/07/09","元大-和平",0,10,-10
"24041","1570力肯","110/07/09","元富-緯城",6,0,6
"24042","1570力肯","110/07/09","元大-草屯",0,10,-10
"24043","1570力肯","110/07/09","群益金鼎-台南",6,0,6
"24044","1570力肯","110/07/09","元大-鹿港",0,9,-9
"24045","1570力肯","110/07/09","華南永昌-岡山",6,0,6
"24046","1570力肯","110/07/09","合庫-基隆",0,7,-7
"24047","1570力肯","110/07/09","統一-中壢",5,0,5
"24048","1570力肯","110/07/09","摩根大通",2,8,-6
"24049","1570力肯","110/07/09","凱基-三峽",5,0,5
"24050","1570力肯","110/07/09","台灣企銀-豐原",0,4,-4
"24051","1570力肯","110/07/09","大昌-樹林",4,0,4
"24052","1570力肯","110/07/09","日盛-桃園",0,4,-4
"24053","1570力肯","110/07/09","新光",3,0,3
"24054","1570力肯","110/07/09","國泰-高雄",0,3,-3
"24055","1570力肯","110/07/09","富邦-新竹華信",3,0,3
"24056","1570力肯","110/07/09","永豐金-敦南",0,3,-3
"24057","1570力肯","110/07/09","合庫-台中",2,0,2
"24058","1570力肯","110/07/09","土銀-彰化",0,2,-2
"24059","1570力肯","110/07/09","臺銀-臺中",2,0,2
"24060","1570力肯","110/07/09","臺銀-鳳山",0,2,-2
"24061","6180橘子","110/07/09","摩根大通",63,1,62
"24062","6180橘子","110/07/09","元大-南京",1,32,-31
"24063","6180橘子","110/07/09","富邦-陽明",73,33,40
"24064","6180橘子","110/07/09","群益金鼎-台北",0,25,-25
"24065","6180橘子","110/07/09","新加坡商瑞銀",31,0,31
"24066","6180橘子","110/07/09","兆豐-復興",0,21,-21
"24067","6180橘子","110/07/09","美商高盛",25,0,25
"24068","6180橘子","110/07/09","永豐金-嘉義",0,21,-21
"24069","6180橘子","110/07/09","凱基-台北",26,10,16
"24070","6180橘子","110/07/09","凱基-中壢",8,24,-16
"24071","6180橘子","110/07/09","華南永昌-楠梓",13,0,13
"24072","6180橘子","110/07/09","致和-崇德",0,15,-15
"24073","6180橘子","110/07/09","華南永昌-朴子",11,0,11
"24074","6180橘子","110/07/09","群益金鼎-屏東",0,15,-15
"24075","6180橘子","110/07/09","元大-北港",11,0,11
"24076","6180橘子","110/07/09","群益金鼎-中山",0,15,-15
"24077","6180橘子","110/07/09","元大-成功",10,1,9
"24078","6180橘子","110/07/09","瑞士信貸",1,15,-14
"24079","6180橘子","110/07/09","新光",26,18,8
"24080","6180橘子","110/07/09","日盛-二林",0,10,-10
"24081","6180橘子","110/07/09","統一-三重",6,0,6
"24082","6180橘子","110/07/09","凱基-東門",0,10,-10
"24083","6180橘子","110/07/09","群益金鼎-嘉義",6,0,6
"24084","6180橘子","110/07/09","華南永昌-三重",0,10,-10
"24085","6180橘子","110/07/09","元大-員林中山",6,0,6
"24086","6180橘子","110/07/09","元大-彰化民生",1,11,-10
"24087","6180橘子","110/07/09","合庫-鳳山",5,0,5
"24088","6180橘子","110/07/09","永豐金-新店",1,11,-10
"24089","6180橘子","110/07/09","富邦-建國",6,1,5
"24090","6180橘子","110/07/09","群益金鼎-丹鳳",0,8,-8
"24091","2390云辰","110/07/09","摩根大通",279,56,223
"24092","2390云辰","110/07/09","元大-天母",0,127,-127
"24093","2390云辰","110/07/09","日盛-鳳山",110,2,108
"24094","2390云辰","110/07/09","中國信託-文心",5,109,-104
"24095","2390云辰","110/07/09","宏遠證券",100,0,100
"24096","2390云辰","110/07/09","永豐金-復興",0,55,-55
"24097","2390云辰","110/07/09","元大-大里",63,6,57
"24098","2390云辰","110/07/09","凱基-台北",239,286,-47
"24099","2390云辰","110/07/09","凱基-八德",59,10,49
"24100","2390云辰","110/07/09","德信",2,32,-30
"24101","2390云辰","110/07/09","合庫-新竹",40,0,40
"24102","2390云辰","110/07/09","兆豐-桃鶯",2,32,-30
"24103","2390云辰","110/07/09","國票",40,1,39
"24104","2390云辰","110/07/09","致和-南京",0,30,-30
"24105","2390云辰","110/07/09","新加坡商瑞銀",49,13,36
"24106","2390云辰","110/07/09","富邦-虎尾",1,31,-30
"24107","2390云辰","110/07/09","統一-新台中",36,2,34
"24108","2390云辰","110/07/09","元大-善化",2,31,-29
"24109","2390云辰","110/07/09","國票-嘉義",31,0,31
"24110","2390云辰","110/07/09","富邦-板橋",0,27,-27
"24111","2390云辰","110/07/09","華南永昌",35,7,28
"24112","2390云辰","110/07/09","富邦-永和",3,28,-25
"24113","2390云辰","110/07/09","玉山-台中",49,22,27
"24114","2390云辰","110/07/09","第一金-自由",20,44,-24
"24115","2390云辰","110/07/09","華南永昌-敦南",25,0,25
"24116","2390云辰","110/07/09","凱基-內湖",0,24,-24
"24117","2390云辰","110/07/09","新光-高雄",27,4,23
"24118","2390云辰","110/07/09","元大-汐止",1,24,-23
"24119","2390云辰","110/07/09","台灣摩根士丹利",85,63,22
"24120","2390云辰","110/07/09","新光-台中",12,33,-21
"24121","4903聯光通","110/07/09","元大-敦南",10,0,10
"24122","4903聯光通","110/07/09","第一金-台中",0,12,-12
"24123","4903聯光通","110/07/09","凱基-士林",5,0,5
"24124","4903聯光通","110/07/09","日盛-忠孝",0,3,-3
"24125","4903聯光通","110/07/09","元大-苗栗",5,0,5
"24126","4903聯光通","110/07/09","群益金鼎-崇德",0,3,-3
"24127","4903聯光通","110/07/09","元大-屏南",3,0,3
"24128","4903聯光通","110/07/09","國票-內壢",0,2,-2
"24129","4903聯光通","110/07/09","中國信託-永康",1,0,1
"24130","4903聯光通","110/07/09","康和-南崁",0,2,-2
"24131","4903聯光通","110/07/09","玉山證券",1,0,1
"24132","4903聯光通","110/07/09","新光-台中",0,2,-2
"24133","4903聯光通","110/07/09","元大-太平",4,3,1
"24134","4903聯光通","110/07/09","玉山-城中",0,2,-2
"24135","4903聯光通","110/07/09","永豐金-嘉義",1,0,1
"24136","4903聯光通","110/07/09","中國信託-文心",0,1,-1
"24137","4903聯光通","110/07/09","大昌",0,0,0
"24138","4903聯光通","110/07/09","大昌",0,0,0
"24139","4903聯光通","110/07/09","中農",0,0,0
"24140","4903聯光通","110/07/09","中農",0,0,0
"24141","4903聯光通","110/07/09","",NA,NA,NA
"24142","4903聯光通","110/07/09","",NA,NA,NA
"24143","4903聯光通","110/07/09","",NA,NA,NA
"24144","4903聯光通","110/07/09","",NA,NA,NA
"24145","4903聯光通","110/07/09","",NA,NA,NA
"24146","4903聯光通","110/07/09","",NA,NA,NA
"24147","4903聯光通","110/07/09","",NA,NA,NA
"24148","4903聯光通","110/07/09","",NA,NA,NA
"24149","4903聯光通","110/07/09","",NA,NA,NA
"24150","4903聯光通","110/07/09","",NA,NA,NA
"24151","2929淘帝","110/07/09","台中銀-台北",110,0,110
"24152","2929淘帝","110/07/09","新光",2,82,-80
"24153","2929淘帝","110/07/09","華南永昌-頭份",72,0,72
"24154","2929淘帝","110/07/09","摩根大通",2,63,-61
"24155","2929淘帝","110/07/09","合庫-高雄",71,0,71
"24156","2929淘帝","110/07/09","第一金-路竹",0,50,-50
"24157","2929淘帝","110/07/09","高橋-龍潭",37,0,37
"24158","2929淘帝","110/07/09","港商麥格理",0,42,-42
"24159","2929淘帝","110/07/09","新光-台中",60,26,34
"24160","2929淘帝","110/07/09","陽信-石牌",0,40,-40
"24161","2929淘帝","110/07/09","元富-大裕",22,1,21
"24162","2929淘帝","110/07/09","台新-左楠",1,39,-38
"24163","2929淘帝","110/07/09","合庫-鳳山",20,0,20
"24164","2929淘帝","110/07/09","凱基-桃園",3,29,-26
"24165","2929淘帝","110/07/09","元大-員林",22,2,20
"24166","2929淘帝","110/07/09","兆豐-內湖",0,25,-25
"24167","2929淘帝","110/07/09","台新-建北",15,0,15
"24168","2929淘帝","110/07/09","元大-北港",0,20,-20
"24169","2929淘帝","110/07/09","兆豐-桃園",13,0,13
"24170","2929淘帝","110/07/09","富邦-北港",0,19,-19
"24171","2929淘帝","110/07/09","兆豐-忠孝",10,0,10
"24172","2929淘帝","110/07/09","富邦-花蓮",0,17,-17
"24173","2929淘帝","110/07/09","國票-敦北法人",10,0,10
"24174","2929淘帝","110/07/09","國泰-台中",2,17,-15
"24175","2929淘帝","110/07/09","永豐金-博愛",10,0,10
"24176","2929淘帝","110/07/09","群益金鼎-彰化",0,15,-15
"24177","2929淘帝","110/07/09","群益金鼎-潭子",8,0,8
"24178","2929淘帝","110/07/09","元大-博愛",0,14,-14
"24179","2929淘帝","110/07/09","富邦-南屯",8,0,8
"24180","2929淘帝","110/07/09","日盛-板橋",0,13,-13
"24181","5410國眾","110/07/09","元大-新盛",14,0,14
"24182","5410國眾","110/07/09","(牛牛牛)亞-鑫豐",1,41,-40
"24183","5410國眾","110/07/09","台灣企銀-民雄",10,0,10
"24184","5410國眾","110/07/09","元富-嘉義",0,25,-25
"24185","5410國眾","110/07/09","元富-虎尾",9,0,9
"24186","5410國眾","110/07/09","凱基-高美館",0,10,-10
"24187","5410國眾","110/07/09","摩根大通",10,1,9
"24188","5410國眾","110/07/09","凱基-城中",0,10,-10
"24189","5410國眾","110/07/09","兆豐-北高雄",7,0,7
"24190","5410國眾","110/07/09","元大-頭份",0,10,-10
"24191","5410國眾","110/07/09","凱基-台北",8,1,7
"24192","5410國眾","110/07/09","群益金鼎-丹鳳",0,7,-7
"24193","5410國眾","110/07/09","華南永昌-公誠",7,0,7
"24194","5410國眾","110/07/09","凱基-復興",0,7,-7
"24195","5410國眾","110/07/09","香港上海匯豐",6,0,6
"24196","5410國眾","110/07/09","元大-員林",0,7,-7
"24197","5410國眾","110/07/09","凱基-中壢",6,0,6
"24198","5410國眾","110/07/09","富邦-竹東",0,6,-6
"24199","5410國眾","110/07/09","華南永昌-南京",6,0,6
"24200","5410國眾","110/07/09","亞東-高雄",0,5,-5
"24201","5410國眾","110/07/09","統一-三重",5,0,5
"24202","5410國眾","110/07/09","大慶-中壢",1,6,-5
"24203","5410國眾","110/07/09","富邦-宜蘭",5,0,5
"24204","5410國眾","110/07/09","群益金鼎-中港",0,5,-5
"24205","5410國眾","110/07/09","元大-崇德",5,0,5
"24206","5410國眾","110/07/09","元大-八德",0,5,-5
"24207","5410國眾","110/07/09","元大-博愛",5,0,5
"24208","5410國眾","110/07/09","富邦-基隆",0,4,-4
"24209","5410國眾","110/07/09","元大-龍潭",5,0,5
"24210","5410國眾","110/07/09","臺銀-新竹",0,3,-3
"24211","2841台開","110/07/09","日盛-雙和",102,0,102
"24212","2841台開","110/07/09","港商野村",0,129,-129
"24213","2841台開","110/07/09","元大-館前",70,0,70
"24214","2841台開","110/07/09","兆豐-永和",0,100,-100
"24215","2841台開","110/07/09","凱基-文心",50,0,50
"24216","2841台開","110/07/09","台新證券",7,28,-21
"24217","2841台開","110/07/09","富邦-嘉義",40,0,40
"24218","2841台開","110/07/09","國票-北高雄",0,20,-20
"24219","2841台開","110/07/09","美商高盛",15,0,15
"24220","2841台開","110/07/09","永豐金-敦南",29,46,-17
"24221","2841台開","110/07/09","台中銀",15,0,15
"24222","2841台開","110/07/09","合庫-基隆",0,12,-12
"24223","2841台開","110/07/09","新光",11,0,11
"24224","2841台開","110/07/09","中國信託-松江",0,12,-12
"24225","2841台開","110/07/09","華南永昌-長虹",10,0,10
"24226","2841台開","110/07/09","兆豐-城中",0,12,-12
"24227","2841台開","110/07/09","永豐金-南投",10,0,10
"24228","2841台開","110/07/09","台中銀-豐原",0,10,-10
"24229","2841台開","110/07/09","合庫-桃園",7,0,7
"24230","2841台開","110/07/09","兆豐-景美",0,10,-10
"24231","2841台開","110/07/09","群益金鼎-古亭",7,0,7
"24232","2841台開","110/07/09","群益金鼎-基隆",0,10,-10
"24233","2841台開","110/07/09","國泰-敦南",6,0,6
"24234","2841台開","110/07/09","元大-北三重",0,10,-10
"24235","2841台開","110/07/09","凱基-桃園",8,2,6
"24236","2841台開","110/07/09","(牛牛牛)亞-網路",0,9,-9
"24237","2841台開","110/07/09","日盛證券",5,0,5
"24238","2841台開","110/07/09","台新-高雄",1,10,-9
"24239","2841台開","110/07/09","元富-文心",5,0,5
"24240","2841台開","110/07/09","凱基-台北",0,7,-7
"24241","6207雷科","110/07/09","群益金鼎-新竹",47,0,47
"24242","6207雷科","110/07/09","新光",7,24,-17
"24243","6207雷科","110/07/09","永豐金-三重",31,0,31
"24244","6207雷科","110/07/09","日盛-和美",0,15,-15
"24245","6207雷科","110/07/09","新加坡商瑞銀",33,5,28
"24246","6207雷科","110/07/09","國泰-台南",0,15,-15
"24247","6207雷科","110/07/09","元大-高雄",26,0,26
"24248","6207雷科","110/07/09","華南永昌-古亭",0,14,-14
"24249","6207雷科","110/07/09","統一-員林",22,0,22
"24250","6207雷科","110/07/09","土銀-白河",0,11,-11
"24251","6207雷科","110/07/09","台新-高雄",22,0,22
"24252","6207雷科","110/07/09","日盛-台南",0,10,-10
"24253","6207雷科","110/07/09","摩根大通",34,17,17
"24254","6207雷科","110/07/09","元富-林園",0,10,-10
"24255","6207雷科","110/07/09","元大-博愛",17,1,16
"24256","6207雷科","110/07/09","富邦-園區",0,10,-10
"24257","6207雷科","110/07/09","日茂-埔里",12,0,12
"24258","6207雷科","110/07/09","元大-上新莊",0,10,-10
"24259","6207雷科","110/07/09","國泰-台中",17,6,11
"24260","6207雷科","110/07/09","永豐金-南京",0,10,-10
"24261","6207雷科","110/07/09","富邦-三重",10,0,10
"24262","6207雷科","110/07/09","兆豐-小港",0,6,-6
"24263","6207雷科","110/07/09","元大-沙鹿",10,0,10
"24264","6207雷科","110/07/09","富邦-羅東",1,7,-6
"24265","6207雷科","110/07/09","元大-八德",10,0,10
"24266","6207雷科","110/07/09","元大-土城永寧",0,6,-6
"24267","6207雷科","110/07/09","第一金-路竹",11,2,9
"24268","6207雷科","110/07/09","永豐金-板盛",0,6,-6
"24269","6207雷科","110/07/09","統一-南京",5,0,5
"24270","6207雷科","110/07/09","日盛-板橋",0,5,-5
"24271","3679新至陞","110/07/09","元大-大天母",10,0,10
"24272","3679新至陞","110/07/09","第一金-光復",0,11,-11
"24273","3679新至陞","110/07/09","日盛-樹林",9,0,9
"24274","3679新至陞","110/07/09","瑞士信貸",0,8,-8
"24275","3679新至陞","110/07/09","凱基-台北",11,2,9
"24276","3679新至陞","110/07/09","大慶-苗栗",0,5,-5
"24277","3679新至陞","110/07/09","華南永昌-小港",8,0,8
"24278","3679新至陞","110/07/09","元大-永春",0,5,-5
"24279","3679新至陞","110/07/09","兆豐-來福",7,0,7
"24280","3679新至陞","110/07/09","日盛-和美",0,4,-4
"24281","3679新至陞","110/07/09","香港上海匯豐",5,0,5
"24282","3679新至陞","110/07/09","元大-雙和",0,3,-3
"24283","3679新至陞","110/07/09","台中銀-員林",3,0,3
"24284","3679新至陞","110/07/09","永豐金-屏東",0,3,-3
"24285","3679新至陞","110/07/09","新光",3,0,3
"24286","3679新至陞","110/07/09","彰銀",0,2,-2
"24287","3679新至陞","110/07/09","土銀-花蓮",2,0,2
"24288","3679新至陞","110/07/09","宏遠-館前",0,2,-2
"24289","3679新至陞","110/07/09","第一金-澎湖",2,0,2
"24290","3679新至陞","110/07/09","港商野村",0,2,-2
"24291","3679新至陞","110/07/09","摩根大通",2,0,2
"24292","3679新至陞","110/07/09","大昌-新店",0,2,-2
"24293","3679新至陞","110/07/09","國泰-敦南",2,0,2
"24294","3679新至陞","110/07/09","元大-新莊",0,2,-2
"24295","3679新至陞","110/07/09","元大-淡水",4,2,2
"24296","3679新至陞","110/07/09","元大-板橋",0,2,-2
"24297","3679新至陞","110/07/09","日盛-士林",1,0,1
"24298","3679新至陞","110/07/09","台灣摩根士丹利",0,1,-1
"24299","3679新至陞","110/07/09","日盛-信義",1,0,1
"24300","3679新至陞","110/07/09","第一金-高雄",0,1,-1
"24301","2727王品","110/07/09","台灣匯立證券",90,0,90
"24302","2727王品","110/07/09","台灣摩根士丹利",0,267,-267
"24303","2727王品","110/07/09","國泰-敦南",166,84,82
"24304","2727王品","110/07/09","富邦-台北",35,299,-264
"24305","2727王品","110/07/09","富邦-仁愛",56,12,44
"24306","2727王品","110/07/09","凱基-台北",174,296,-122
"24307","2727王品","110/07/09","台新證券",109,66,43
"24308","2727王品","110/07/09","第一金",2,102,-100
"24309","2727王品","110/07/09","新光",117,87,30
"24310","2727王品","110/07/09","群益金鼎-大安",0,80,-80
"24311","2727王品","110/07/09","臺銀-臺中",35,6,29
"24312","2727王品","110/07/09","兆豐-大安",7,60,-53
"24313","2727王品","110/07/09","元大-桃園",32,3,29
"24314","2727王品","110/07/09","永豐金-南投",0,50,-50
"24315","2727王品","110/07/09","元富-宜蘭",34,6,28
"24316","2727王品","110/07/09","新加坡商瑞銀",6,46,-40
"24317","2727王品","110/07/09","玉山-台中",34,8,26
"24318","2727王品","110/07/09","合庫-彰化",11,50,-39
"24319","2727王品","110/07/09","群益金鼎-宜蘭",30,4,26
"24320","2727王品","110/07/09","永豐金-萬盛",13,52,-39
"24321","2727王品","110/07/09","富邦-台中",42,16,26
"24322","2727王品","110/07/09","瑞士信貸",0,34,-34
"24323","2727王品","110/07/09","第一金-豐原",25,1,24
"24324","2727王品","110/07/09","元大-和平",4,35,-31
"24325","2727王品","110/07/09","臺銀",30,8,22
"24326","2727王品","110/07/09","美林",14,44,-30
"24327","2727王品","110/07/09","兆豐-來福",23,1,22
"24328","2727王品","110/07/09","元大-員林",9,38,-29
"24329","2727王品","110/07/09","玉山-士林",22,2,20
"24330","2727王品","110/07/09","元富-西松",4,31,-27
"24331","1570力肯","110/07/09","凱基-台北",30,1,29
"24332","1570力肯","110/07/09","群益金鼎-彰化",0,20,-20
"24333","1570力肯","110/07/09","新光-台南",20,0,20
"24334","1570力肯","110/07/09","元大-土城學府",0,20,-20
"24335","1570力肯","110/07/09","元大-高雄",20,0,20
"24336","1570力肯","110/07/09","元大-大統",0,16,-16
"24337","1570力肯","110/07/09","國票-中正",12,0,12
"24338","1570力肯","110/07/09","元大-新營",0,11,-11
"24339","1570力肯","110/07/09","日盛-高雄",6,0,6
"24340","1570力肯","110/07/09","元大-和平",0,10,-10
"24341","1570力肯","110/07/09","元富-緯城",6,0,6
"24342","1570力肯","110/07/09","元大-草屯",0,10,-10
"24343","1570力肯","110/07/09","群益金鼎-台南",6,0,6
"24344","1570力肯","110/07/09","元大-鹿港",0,9,-9
"24345","1570力肯","110/07/09","華南永昌-岡山",6,0,6
"24346","1570力肯","110/07/09","合庫-基隆",0,7,-7
"24347","1570力肯","110/07/09","統一-中壢",5,0,5
"24348","1570力肯","110/07/09","摩根大通",2,8,-6
"24349","1570力肯","110/07/09","凱基-三峽",5,0,5
"24350","1570力肯","110/07/09","台灣企銀-豐原",0,4,-4
"24351","1570力肯","110/07/09","大昌-樹林",4,0,4
"24352","1570力肯","110/07/09","日盛-桃園",0,4,-4
"24353","1570力肯","110/07/09","新光",3,0,3
"24354","1570力肯","110/07/09","國泰-高雄",0,3,-3
"24355","1570力肯","110/07/09","富邦-新竹華信",3,0,3
"24356","1570力肯","110/07/09","永豐金-敦南",0,3,-3
"24357","1570力肯","110/07/09","合庫-台中",2,0,2
"24358","1570力肯","110/07/09","土銀-彰化",0,2,-2
"24359","1570力肯","110/07/09","臺銀-臺中",2,0,2
"24360","1570力肯","110/07/09","臺銀-鳳山",0,2,-2
"24361","6180橘子","110/07/09","摩根大通",63,1,62
"24362","6180橘子","110/07/09","元大-南京",1,32,-31
"24363","6180橘子","110/07/09","富邦-陽明",73,33,40
"24364","6180橘子","110/07/09","群益金鼎-台北",0,25,-25
"24365","6180橘子","110/07/09","新加坡商瑞銀",31,0,31
"24366","6180橘子","110/07/09","兆豐-復興",0,21,-21
"24367","6180橘子","110/07/09","美商高盛",25,0,25
"24368","6180橘子","110/07/09","永豐金-嘉義",0,21,-21
"24369","6180橘子","110/07/09","凱基-台北",26,10,16
"24370","6180橘子","110/07/09","凱基-中壢",8,24,-16
"24371","6180橘子","110/07/09","華南永昌-楠梓",13,0,13
"24372","6180橘子","110/07/09","致和-崇德",0,15,-15
"24373","6180橘子","110/07/09","華南永昌-朴子",11,0,11
"24374","6180橘子","110/07/09","群益金鼎-屏東",0,15,-15
"24375","6180橘子","110/07/09","元大-北港",11,0,11
"24376","6180橘子","110/07/09","群益金鼎-中山",0,15,-15
"24377","6180橘子","110/07/09","元大-成功",10,1,9
"24378","6180橘子","110/07/09","瑞士信貸",1,15,-14
"24379","6180橘子","110/07/09","新光",26,18,8
"24380","6180橘子","110/07/09","日盛-二林",0,10,-10
"24381","6180橘子","110/07/09","統一-三重",6,0,6
"24382","6180橘子","110/07/09","凱基-東門",0,10,-10
"24383","6180橘子","110/07/09","群益金鼎-嘉義",6,0,6
"24384","6180橘子","110/07/09","華南永昌-三重",0,10,-10
"24385","6180橘子","110/07/09","元大-員林中山",6,0,6
"24386","6180橘子","110/07/09","元大-彰化民生",1,11,-10
"24387","6180橘子","110/07/09","合庫-鳳山",5,0,5
"24388","6180橘子","110/07/09","永豐金-新店",1,11,-10
"24389","6180橘子","110/07/09","富邦-建國",6,1,5
"24390","6180橘子","110/07/09","群益金鼎-丹鳳",0,8,-8
"24391","2390云辰","110/07/09","摩根大通",279,56,223
"24392","2390云辰","110/07/09","元大-天母",0,127,-127
"24393","2390云辰","110/07/09","日盛-鳳山",110,2,108
"24394","2390云辰","110/07/09","中國信託-文心",5,109,-104
"24395","2390云辰","110/07/09","宏遠證券",100,0,100
"24396","2390云辰","110/07/09","永豐金-復興",0,55,-55
"24397","2390云辰","110/07/09","元大-大里",63,6,57
"24398","2390云辰","110/07/09","凱基-台北",239,286,-47
"24399","2390云辰","110/07/09","凱基-八德",59,10,49
"24400","2390云辰","110/07/09","德信",2,32,-30
"24401","2390云辰","110/07/09","合庫-新竹",40,0,40
"24402","2390云辰","110/07/09","兆豐-桃鶯",2,32,-30
"24403","2390云辰","110/07/09","國票",40,1,39
"24404","2390云辰","110/07/09","致和-南京",0,30,-30
"24405","2390云辰","110/07/09","新加坡商瑞銀",49,13,36
"24406","2390云辰","110/07/09","富邦-虎尾",1,31,-30
"24407","2390云辰","110/07/09","統一-新台中",36,2,34
"24408","2390云辰","110/07/09","元大-善化",2,31,-29
"24409","2390云辰","110/07/09","國票-嘉義",31,0,31
"24410","2390云辰","110/07/09","富邦-板橋",0,27,-27
"24411","2390云辰","110/07/09","華南永昌",35,7,28
"24412","2390云辰","110/07/09","富邦-永和",3,28,-25
"24413","2390云辰","110/07/09","玉山-台中",49,22,27
"24414","2390云辰","110/07/09","第一金-自由",20,44,-24
"24415","2390云辰","110/07/09","華南永昌-敦南",25,0,25
"24416","2390云辰","110/07/09","凱基-內湖",0,24,-24
"24417","2390云辰","110/07/09","新光-高雄",27,4,23
"24418","2390云辰","110/07/09","元大-汐止",1,24,-23
"24419","2390云辰","110/07/09","台灣摩根士丹利",85,63,22
"24420","2390云辰","110/07/09","新光-台中",12,33,-21
"24421","4903聯光通","110/07/09","元大-敦南",10,0,10
"24422","4903聯光通","110/07/09","第一金-台中",0,12,-12
"24423","4903聯光通","110/07/09","凱基-士林",5,0,5
"24424","4903聯光通","110/07/09","日盛-忠孝",0,3,-3
"24425","4903聯光通","110/07/09","元大-苗栗",5,0,5
"24426","4903聯光通","110/07/09","群益金鼎-崇德",0,3,-3
"24427","4903聯光通","110/07/09","元大-屏南",3,0,3
"24428","4903聯光通","110/07/09","國票-內壢",0,2,-2
"24429","4903聯光通","110/07/09","中國信託-永康",1,0,1
"24430","4903聯光通","110/07/09","康和-南崁",0,2,-2
"24431","4903聯光通","110/07/09","玉山證券",1,0,1
"24432","4903聯光通","110/07/09","新光-台中",0,2,-2
"24433","4903聯光通","110/07/09","元大-太平",4,3,1
"24434","4903聯光通","110/07/09","玉山-城中",0,2,-2
"24435","4903聯光通","110/07/09","永豐金-嘉義",1,0,1
"24436","4903聯光通","110/07/09","中國信託-文心",0,1,-1
"24437","4903聯光通","110/07/09","大昌",0,0,0
"24438","4903聯光通","110/07/09","大昌",0,0,0
"24439","4903聯光通","110/07/09","中農",0,0,0
"24440","4903聯光通","110/07/09","中農",0,0,0
"24441","4903聯光通","110/07/09","",NA,NA,NA
"24442","4903聯光通","110/07/09","",NA,NA,NA
"24443","4903聯光通","110/07/09","",NA,NA,NA
"24444","4903聯光通","110/07/09","",NA,NA,NA
"24445","4903聯光通","110/07/09","",NA,NA,NA
"24446","4903聯光通","110/07/09","",NA,NA,NA
"24447","4903聯光通","110/07/09","",NA,NA,NA
"24448","4903聯光通","110/07/09","",NA,NA,NA
"24449","4903聯光通","110/07/09","",NA,NA,NA
"24450","4903聯光通","110/07/09","",NA,NA,NA
"24451","2929淘帝","110/07/09","台中銀-台北",110,0,110
"24452","2929淘帝","110/07/09","新光",2,82,-80
"24453","2929淘帝","110/07/09","華南永昌-頭份",72,0,72
"24454","2929淘帝","110/07/09","摩根大通",2,63,-61
"24455","2929淘帝","110/07/09","合庫-高雄",71,0,71
"24456","2929淘帝","110/07/09","第一金-路竹",0,50,-50
"24457","2929淘帝","110/07/09","高橋-龍潭",37,0,37
"24458","2929淘帝","110/07/09","港商麥格理",0,42,-42
"24459","2929淘帝","110/07/09","新光-台中",60,26,34
"24460","2929淘帝","110/07/09","陽信-石牌",0,40,-40
"24461","2929淘帝","110/07/09","元富-大裕",22,1,21
"24462","2929淘帝","110/07/09","台新-左楠",1,39,-38
"24463","2929淘帝","110/07/09","合庫-鳳山",20,0,20
"24464","2929淘帝","110/07/09","凱基-桃園",3,29,-26
"24465","2929淘帝","110/07/09","元大-員林",22,2,20
"24466","2929淘帝","110/07/09","兆豐-內湖",0,25,-25
"24467","2929淘帝","110/07/09","台新-建北",15,0,15
"24468","2929淘帝","110/07/09","元大-北港",0,20,-20
"24469","2929淘帝","110/07/09","兆豐-桃園",13,0,13
"24470","2929淘帝","110/07/09","富邦-北港",0,19,-19
"24471","2929淘帝","110/07/09","兆豐-忠孝",10,0,10
"24472","2929淘帝","110/07/09","富邦-花蓮",0,17,-17
"24473","2929淘帝","110/07/09","國票-敦北法人",10,0,10
"24474","2929淘帝","110/07/09","國泰-台中",2,17,-15
"24475","2929淘帝","110/07/09","永豐金-博愛",10,0,10
"24476","2929淘帝","110/07/09","群益金鼎-彰化",0,15,-15
"24477","2929淘帝","110/07/09","群益金鼎-潭子",8,0,8
"24478","2929淘帝","110/07/09","元大-博愛",0,14,-14
"24479","2929淘帝","110/07/09","富邦-南屯",8,0,8
"24480","2929淘帝","110/07/09","日盛-板橋",0,13,-13
"24481","5410國眾","110/07/09","元大-新盛",14,0,14
"24482","5410國眾","110/07/09","(牛牛牛)亞-鑫豐",1,41,-40
"24483","5410國眾","110/07/09","台灣企銀-民雄",10,0,10
"24484","5410國眾","110/07/09","元富-嘉義",0,25,-25
"24485","5410國眾","110/07/09","元富-虎尾",9,0,9
"24486","5410國眾","110/07/09","凱基-高美館",0,10,-10
"24487","5410國眾","110/07/09","摩根大通",10,1,9
"24488","5410國眾","110/07/09","凱基-城中",0,10,-10
"24489","5410國眾","110/07/09","兆豐-北高雄",7,0,7
"24490","5410國眾","110/07/09","元大-頭份",0,10,-10
"24491","5410國眾","110/07/09","凱基-台北",8,1,7
"24492","5410國眾","110/07/09","群益金鼎-丹鳳",0,7,-7
"24493","5410國眾","110/07/09","華南永昌-公誠",7,0,7
"24494","5410國眾","110/07/09","凱基-復興",0,7,-7
"24495","5410國眾","110/07/09","香港上海匯豐",6,0,6
"24496","5410國眾","110/07/09","元大-員林",0,7,-7
"24497","5410國眾","110/07/09","凱基-中壢",6,0,6
"24498","5410國眾","110/07/09","富邦-竹東",0,6,-6
"24499","5410國眾","110/07/09","華南永昌-南京",6,0,6
"24500","5410國眾","110/07/09","亞東-高雄",0,5,-5
"24501","5410國眾","110/07/09","統一-三重",5,0,5
"24502","5410國眾","110/07/09","大慶-中壢",1,6,-5
"24503","5410國眾","110/07/09","富邦-宜蘭",5,0,5
"24504","5410國眾","110/07/09","群益金鼎-中港",0,5,-5
"24505","5410國眾","110/07/09","元大-崇德",5,0,5
"24506","5410國眾","110/07/09","元大-八德",0,5,-5
"24507","5410國眾","110/07/09","元大-博愛",5,0,5
"24508","5410國眾","110/07/09","富邦-基隆",0,4,-4
"24509","5410國眾","110/07/09","元大-龍潭",5,0,5
"24510","5410國眾","110/07/09","臺銀-新竹",0,3,-3
"24511","2841台開","110/07/09","日盛-雙和",102,0,102
"24512","2841台開","110/07/09","港商野村",0,129,-129
"24513","2841台開","110/07/09","元大-館前",70,0,70
"24514","2841台開","110/07/09","兆豐-永和",0,100,-100
"24515","2841台開","110/07/09","凱基-文心",50,0,50
"24516","2841台開","110/07/09","台新證券",7,28,-21
"24517","2841台開","110/07/09","富邦-嘉義",40,0,40
"24518","2841台開","110/07/09","國票-北高雄",0,20,-20
"24519","2841台開","110/07/09","美商高盛",15,0,15
"24520","2841台開","110/07/09","永豐金-敦南",29,46,-17
"24521","2841台開","110/07/09","台中銀",15,0,15
"24522","2841台開","110/07/09","合庫-基隆",0,12,-12
"24523","2841台開","110/07/09","新光",11,0,11
"24524","2841台開","110/07/09","中國信託-松江",0,12,-12
"24525","2841台開","110/07/09","華南永昌-長虹",10,0,10
"24526","2841台開","110/07/09","兆豐-城中",0,12,-12
"24527","2841台開","110/07/09","永豐金-南投",10,0,10
"24528","2841台開","110/07/09","台中銀-豐原",0,10,-10
"24529","2841台開","110/07/09","合庫-桃園",7,0,7
"24530","2841台開","110/07/09","兆豐-景美",0,10,-10
"24531","2841台開","110/07/09","群益金鼎-古亭",7,0,7
"24532","2841台開","110/07/09","群益金鼎-基隆",0,10,-10
"24533","2841台開","110/07/09","國泰-敦南",6,0,6
"24534","2841台開","110/07/09","元大-北三重",0,10,-10
"24535","2841台開","110/07/09","凱基-桃園",8,2,6
"24536","2841台開","110/07/09","(牛牛牛)亞-網路",0,9,-9
"24537","2841台開","110/07/09","日盛證券",5,0,5
"24538","2841台開","110/07/09","台新-高雄",1,10,-9
"24539","2841台開","110/07/09","元富-文心",5,0,5
"24540","2841台開","110/07/09","凱基-台北",0,7,-7
"24541","6207雷科","110/07/09","群益金鼎-新竹",47,0,47
"24542","6207雷科","110/07/09","新光",7,24,-17
"24543","6207雷科","110/07/09","永豐金-三重",31,0,31
"24544","6207雷科","110/07/09","日盛-和美",0,15,-15
"24545","6207雷科","110/07/09","新加坡商瑞銀",33,5,28
"24546","6207雷科","110/07/09","國泰-台南",0,15,-15
"24547","6207雷科","110/07/09","元大-高雄",26,0,26
"24548","6207雷科","110/07/09","華南永昌-古亭",0,14,-14
"24549","6207雷科","110/07/09","統一-員林",22,0,22
"24550","6207雷科","110/07/09","土銀-白河",0,11,-11
"24551","6207雷科","110/07/09","台新-高雄",22,0,22
"24552","6207雷科","110/07/09","日盛-台南",0,10,-10
"24553","6207雷科","110/07/09","摩根大通",34,17,17
"24554","6207雷科","110/07/09","元富-林園",0,10,-10
"24555","6207雷科","110/07/09","元大-博愛",17,1,16
"24556","6207雷科","110/07/09","富邦-園區",0,10,-10
"24557","6207雷科","110/07/09","日茂-埔里",12,0,12
"24558","6207雷科","110/07/09","元大-上新莊",0,10,-10
"24559","6207雷科","110/07/09","國泰-台中",17,6,11
"24560","6207雷科","110/07/09","永豐金-南京",0,10,-10
"24561","6207雷科","110/07/09","富邦-三重",10,0,10
"24562","6207雷科","110/07/09","兆豐-小港",0,6,-6
"24563","6207雷科","110/07/09","元大-沙鹿",10,0,10
"24564","6207雷科","110/07/09","富邦-羅東",1,7,-6
"24565","6207雷科","110/07/09","元大-八德",10,0,10
"24566","6207雷科","110/07/09","元大-土城永寧",0,6,-6
"24567","6207雷科","110/07/09","第一金-路竹",11,2,9
"24568","6207雷科","110/07/09","永豐金-板盛",0,6,-6
"24569","6207雷科","110/07/09","統一-南京",5,0,5
"24570","6207雷科","110/07/09","日盛-板橋",0,5,-5
"24571","3679新至陞","110/07/09","元大-大天母",10,0,10
"24572","3679新至陞","110/07/09","第一金-光復",0,11,-11
"24573","3679新至陞","110/07/09","日盛-樹林",9,0,9
"24574","3679新至陞","110/07/09","瑞士信貸",0,8,-8
"24575","3679新至陞","110/07/09","凱基-台北",11,2,9
"24576","3679新至陞","110/07/09","大慶-苗栗",0,5,-5
"24577","3679新至陞","110/07/09","華南永昌-小港",8,0,8
"24578","3679新至陞","110/07/09","元大-永春",0,5,-5
"24579","3679新至陞","110/07/09","兆豐-來福",7,0,7
"24580","3679新至陞","110/07/09","日盛-和美",0,4,-4
"24581","3679新至陞","110/07/09","香港上海匯豐",5,0,5
"24582","3679新至陞","110/07/09","元大-雙和",0,3,-3
"24583","3679新至陞","110/07/09","台中銀-員林",3,0,3
"24584","3679新至陞","110/07/09","永豐金-屏東",0,3,-3
"24585","3679新至陞","110/07/09","新光",3,0,3
"24586","3679新至陞","110/07/09","彰銀",0,2,-2
"24587","3679新至陞","110/07/09","土銀-花蓮",2,0,2
"24588","3679新至陞","110/07/09","宏遠-館前",0,2,-2
"24589","3679新至陞","110/07/09","第一金-澎湖",2,0,2
"24590","3679新至陞","110/07/09","港商野村",0,2,-2
"24591","3679新至陞","110/07/09","摩根大通",2,0,2
"24592","3679新至陞","110/07/09","大昌-新店",0,2,-2
"24593","3679新至陞","110/07/09","國泰-敦南",2,0,2
"24594","3679新至陞","110/07/09","元大-新莊",0,2,-2
"24595","3679新至陞","110/07/09","元大-淡水",4,2,2
"24596","3679新至陞","110/07/09","元大-板橋",0,2,-2
"24597","3679新至陞","110/07/09","日盛-士林",1,0,1
"24598","3679新至陞","110/07/09","台灣摩根士丹利",0,1,-1
"24599","3679新至陞","110/07/09","日盛-信義",1,0,1
"24600","3679新至陞","110/07/09","第一金-高雄",0,1,-1
"24601","2727王品","110/07/09","台灣匯立證券",90,0,90
"24602","2727王品","110/07/09","台灣摩根士丹利",0,267,-267
"24603","2727王品","110/07/09","國泰-敦南",166,84,82
"24604","2727王品","110/07/09","富邦-台北",35,299,-264
"24605","2727王品","110/07/09","富邦-仁愛",56,12,44
"24606","2727王品","110/07/09","凱基-台北",174,296,-122
"24607","2727王品","110/07/09","台新證券",109,66,43
"24608","2727王品","110/07/09","第一金",2,102,-100
"24609","2727王品","110/07/09","新光",117,87,30
"24610","2727王品","110/07/09","群益金鼎-大安",0,80,-80
"24611","2727王品","110/07/09","臺銀-臺中",35,6,29
"24612","2727王品","110/07/09","兆豐-大安",7,60,-53
"24613","2727王品","110/07/09","元大-桃園",32,3,29
"24614","2727王品","110/07/09","永豐金-南投",0,50,-50
"24615","2727王品","110/07/09","元富-宜蘭",34,6,28
"24616","2727王品","110/07/09","新加坡商瑞銀",6,46,-40
"24617","2727王品","110/07/09","玉山-台中",34,8,26
"24618","2727王品","110/07/09","合庫-彰化",11,50,-39
"24619","2727王品","110/07/09","群益金鼎-宜蘭",30,4,26
"24620","2727王品","110/07/09","永豐金-萬盛",13,52,-39
"24621","2727王品","110/07/09","富邦-台中",42,16,26
"24622","2727王品","110/07/09","瑞士信貸",0,34,-34
"24623","2727王品","110/07/09","第一金-豐原",25,1,24
"24624","2727王品","110/07/09","元大-和平",4,35,-31
"24625","2727王品","110/07/09","臺銀",30,8,22
"24626","2727王品","110/07/09","美林",14,44,-30
"24627","2727王品","110/07/09","兆豐-來福",23,1,22
"24628","2727王品","110/07/09","元大-員林",9,38,-29
"24629","2727王品","110/07/09","玉山-士林",22,2,20
"24630","2727王品","110/07/09","元富-西松",4,31,-27
"24631","1570力肯","110/07/09","凱基-台北",30,1,29
"24632","1570力肯","110/07/09","群益金鼎-彰化",0,20,-20
"24633","1570力肯","110/07/09","新光-台南",20,0,20
"24634","1570力肯","110/07/09","元大-土城學府",0,20,-20
"24635","1570力肯","110/07/09","元大-高雄",20,0,20
"24636","1570力肯","110/07/09","元大-大統",0,16,-16
"24637","1570力肯","110/07/09","國票-中正",12,0,12
"24638","1570力肯","110/07/09","元大-新營",0,11,-11
"24639","1570力肯","110/07/09","日盛-高雄",6,0,6
"24640","1570力肯","110/07/09","元大-和平",0,10,-10
"24641","1570力肯","110/07/09","元富-緯城",6,0,6
"24642","1570力肯","110/07/09","元大-草屯",0,10,-10
"24643","1570力肯","110/07/09","群益金鼎-台南",6,0,6
"24644","1570力肯","110/07/09","元大-鹿港",0,9,-9
"24645","1570力肯","110/07/09","華南永昌-岡山",6,0,6
"24646","1570力肯","110/07/09","合庫-基隆",0,7,-7
"24647","1570力肯","110/07/09","統一-中壢",5,0,5
"24648","1570力肯","110/07/09","摩根大通",2,8,-6
"24649","1570力肯","110/07/09","凱基-三峽",5,0,5
"24650","1570力肯","110/07/09","台灣企銀-豐原",0,4,-4
"24651","1570力肯","110/07/09","大昌-樹林",4,0,4
"24652","1570力肯","110/07/09","日盛-桃園",0,4,-4
"24653","1570力肯","110/07/09","新光",3,0,3
"24654","1570力肯","110/07/09","國泰-高雄",0,3,-3
"24655","1570力肯","110/07/09","富邦-新竹華信",3,0,3
"24656","1570力肯","110/07/09","永豐金-敦南",0,3,-3
"24657","1570力肯","110/07/09","合庫-台中",2,0,2
"24658","1570力肯","110/07/09","土銀-彰化",0,2,-2
"24659","1570力肯","110/07/09","臺銀-臺中",2,0,2
"24660","1570力肯","110/07/09","臺銀-鳳山",0,2,-2
"24661","6180橘子","110/07/09","摩根大通",63,1,62
"24662","6180橘子","110/07/09","元大-南京",1,32,-31
"24663","6180橘子","110/07/09","富邦-陽明",73,33,40
"24664","6180橘子","110/07/09","群益金鼎-台北",0,25,-25
"24665","6180橘子","110/07/09","新加坡商瑞銀",31,0,31
"24666","6180橘子","110/07/09","兆豐-復興",0,21,-21
"24667","6180橘子","110/07/09","美商高盛",25,0,25
"24668","6180橘子","110/07/09","永豐金-嘉義",0,21,-21
"24669","6180橘子","110/07/09","凱基-台北",26,10,16
"24670","6180橘子","110/07/09","凱基-中壢",8,24,-16
"24671","6180橘子","110/07/09","華南永昌-楠梓",13,0,13
"24672","6180橘子","110/07/09","致和-崇德",0,15,-15
"24673","6180橘子","110/07/09","華南永昌-朴子",11,0,11
"24674","6180橘子","110/07/09","群益金鼎-屏東",0,15,-15
"24675","6180橘子","110/07/09","元大-北港",11,0,11
"24676","6180橘子","110/07/09","群益金鼎-中山",0,15,-15
"24677","6180橘子","110/07/09","元大-成功",10,1,9
"24678","6180橘子","110/07/09","瑞士信貸",1,15,-14
"24679","6180橘子","110/07/09","新光",26,18,8
"24680","6180橘子","110/07/09","日盛-二林",0,10,-10
"24681","6180橘子","110/07/09","統一-三重",6,0,6
"24682","6180橘子","110/07/09","凱基-東門",0,10,-10
"24683","6180橘子","110/07/09","群益金鼎-嘉義",6,0,6
"24684","6180橘子","110/07/09","華南永昌-三重",0,10,-10
"24685","6180橘子","110/07/09","元大-員林中山",6,0,6
"24686","6180橘子","110/07/09","元大-彰化民生",1,11,-10
"24687","6180橘子","110/07/09","合庫-鳳山",5,0,5
"24688","6180橘子","110/07/09","永豐金-新店",1,11,-10
"24689","6180橘子","110/07/09","富邦-建國",6,1,5
"24690","6180橘子","110/07/09","群益金鼎-丹鳳",0,8,-8
"24691","2390云辰","110/07/09","摩根大通",279,56,223
"24692","2390云辰","110/07/09","元大-天母",0,127,-127
"24693","2390云辰","110/07/09","日盛-鳳山",110,2,108
"24694","2390云辰","110/07/09","中國信託-文心",5,109,-104
"24695","2390云辰","110/07/09","宏遠證券",100,0,100
"24696","2390云辰","110/07/09","永豐金-復興",0,55,-55
"24697","2390云辰","110/07/09","元大-大里",63,6,57
"24698","2390云辰","110/07/09","凱基-台北",239,286,-47
"24699","2390云辰","110/07/09","凱基-八德",59,10,49
"24700","2390云辰","110/07/09","德信",2,32,-30
"24701","2390云辰","110/07/09","合庫-新竹",40,0,40
"24702","2390云辰","110/07/09","兆豐-桃鶯",2,32,-30
"24703","2390云辰","110/07/09","國票",40,1,39
"24704","2390云辰","110/07/09","致和-南京",0,30,-30
"24705","2390云辰","110/07/09","新加坡商瑞銀",49,13,36
"24706","2390云辰","110/07/09","富邦-虎尾",1,31,-30
"24707","2390云辰","110/07/09","統一-新台中",36,2,34
"24708","2390云辰","110/07/09","元大-善化",2,31,-29
"24709","2390云辰","110/07/09","國票-嘉義",31,0,31
"24710","2390云辰","110/07/09","富邦-板橋",0,27,-27
"24711","2390云辰","110/07/09","華南永昌",35,7,28
"24712","2390云辰","110/07/09","富邦-永和",3,28,-25
"24713","2390云辰","110/07/09","玉山-台中",49,22,27
"24714","2390云辰","110/07/09","第一金-自由",20,44,-24
"24715","2390云辰","110/07/09","華南永昌-敦南",25,0,25
"24716","2390云辰","110/07/09","凱基-內湖",0,24,-24
"24717","2390云辰","110/07/09","新光-高雄",27,4,23
"24718","2390云辰","110/07/09","元大-汐止",1,24,-23
"24719","2390云辰","110/07/09","台灣摩根士丹利",85,63,22
"24720","2390云辰","110/07/09","新光-台中",12,33,-21
"24721","4903聯光通","110/07/09","元大-敦南",10,0,10
"24722","4903聯光通","110/07/09","第一金-台中",0,12,-12
"24723","4903聯光通","110/07/09","凱基-士林",5,0,5
"24724","4903聯光通","110/07/09","日盛-忠孝",0,3,-3
"24725","4903聯光通","110/07/09","元大-苗栗",5,0,5
"24726","4903聯光通","110/07/09","群益金鼎-崇德",0,3,-3
"24727","4903聯光通","110/07/09","元大-屏南",3,0,3
"24728","4903聯光通","110/07/09","國票-內壢",0,2,-2
"24729","4903聯光通","110/07/09","中國信託-永康",1,0,1
"24730","4903聯光通","110/07/09","康和-南崁",0,2,-2
"24731","4903聯光通","110/07/09","玉山證券",1,0,1
"24732","4903聯光通","110/07/09","新光-台中",0,2,-2
"24733","4903聯光通","110/07/09","元大-太平",4,3,1
"24734","4903聯光通","110/07/09","玉山-城中",0,2,-2
"24735","4903聯光通","110/07/09","永豐金-嘉義",1,0,1
"24736","4903聯光通","110/07/09","中國信託-文心",0,1,-1
"24737","4903聯光通","110/07/09","大昌",0,0,0
"24738","4903聯光通","110/07/09","大昌",0,0,0
"24739","4903聯光通","110/07/09","中農",0,0,0
"24740","4903聯光通","110/07/09","中農",0,0,0
"24741","4903聯光通","110/07/09","",NA,NA,NA
"24742","4903聯光通","110/07/09","",NA,NA,NA
"24743","4903聯光通","110/07/09","",NA,NA,NA
"24744","4903聯光通","110/07/09","",NA,NA,NA
"24745","4903聯光通","110/07/09","",NA,NA,NA
"24746","4903聯光通","110/07/09","",NA,NA,NA
"24747","4903聯光通","110/07/09","",NA,NA,NA
"24748","4903聯光通","110/07/09","",NA,NA,NA
"24749","4903聯光通","110/07/09","",NA,NA,NA
"24750","4903聯光通","110/07/09","",NA,NA,NA
"24751","2929淘帝","110/07/09","台中銀-台北",110,0,110
"24752","2929淘帝","110/07/09","新光",2,82,-80
"24753","2929淘帝","110/07/09","華南永昌-頭份",72,0,72
"24754","2929淘帝","110/07/09","摩根大通",2,63,-61
"24755","2929淘帝","110/07/09","合庫-高雄",71,0,71
"24756","2929淘帝","110/07/09","第一金-路竹",0,50,-50
"24757","2929淘帝","110/07/09","高橋-龍潭",37,0,37
"24758","2929淘帝","110/07/09","港商麥格理",0,42,-42
"24759","2929淘帝","110/07/09","新光-台中",60,26,34
"24760","2929淘帝","110/07/09","陽信-石牌",0,40,-40
"24761","2929淘帝","110/07/09","元富-大裕",22,1,21
"24762","2929淘帝","110/07/09","台新-左楠",1,39,-38
"24763","2929淘帝","110/07/09","合庫-鳳山",20,0,20
"24764","2929淘帝","110/07/09","凱基-桃園",3,29,-26
"24765","2929淘帝","110/07/09","元大-員林",22,2,20
"24766","2929淘帝","110/07/09","兆豐-內湖",0,25,-25
"24767","2929淘帝","110/07/09","台新-建北",15,0,15
"24768","2929淘帝","110/07/09","元大-北港",0,20,-20
"24769","2929淘帝","110/07/09","兆豐-桃園",13,0,13
"24770","2929淘帝","110/07/09","富邦-北港",0,19,-19
"24771","2929淘帝","110/07/09","兆豐-忠孝",10,0,10
"24772","2929淘帝","110/07/09","富邦-花蓮",0,17,-17
"24773","2929淘帝","110/07/09","國票-敦北法人",10,0,10
"24774","2929淘帝","110/07/09","國泰-台中",2,17,-15
"24775","2929淘帝","110/07/09","永豐金-博愛",10,0,10
"24776","2929淘帝","110/07/09","群益金鼎-彰化",0,15,-15
"24777","2929淘帝","110/07/09","群益金鼎-潭子",8,0,8
"24778","2929淘帝","110/07/09","元大-博愛",0,14,-14
"24779","2929淘帝","110/07/09","富邦-南屯",8,0,8
"24780","2929淘帝","110/07/09","日盛-板橋",0,13,-13
"24781","5410國眾","110/07/09","元大-新盛",14,0,14
"24782","5410國眾","110/07/09","(牛牛牛)亞-鑫豐",1,41,-40
"24783","5410國眾","110/07/09","台灣企銀-民雄",10,0,10
"24784","5410國眾","110/07/09","元富-嘉義",0,25,-25
"24785","5410國眾","110/07/09","元富-虎尾",9,0,9
"24786","5410國眾","110/07/09","凱基-高美館",0,10,-10
"24787","5410國眾","110/07/09","摩根大通",10,1,9
"24788","5410國眾","110/07/09","凱基-城中",0,10,-10
"24789","5410國眾","110/07/09","兆豐-北高雄",7,0,7
"24790","5410國眾","110/07/09","元大-頭份",0,10,-10
"24791","5410國眾","110/07/09","凱基-台北",8,1,7
"24792","5410國眾","110/07/09","群益金鼎-丹鳳",0,7,-7
"24793","5410國眾","110/07/09","華南永昌-公誠",7,0,7
"24794","5410國眾","110/07/09","凱基-復興",0,7,-7
"24795","5410國眾","110/07/09","香港上海匯豐",6,0,6
"24796","5410國眾","110/07/09","元大-員林",0,7,-7
"24797","5410國眾","110/07/09","凱基-中壢",6,0,6
"24798","5410國眾","110/07/09","富邦-竹東",0,6,-6
"24799","5410國眾","110/07/09","華南永昌-南京",6,0,6
"24800","5410國眾","110/07/09","亞東-高雄",0,5,-5
"24801","5410國眾","110/07/09","統一-三重",5,0,5
"24802","5410國眾","110/07/09","大慶-中壢",1,6,-5
"24803","5410國眾","110/07/09","富邦-宜蘭",5,0,5
"24804","5410國眾","110/07/09","群益金鼎-中港",0,5,-5
"24805","5410國眾","110/07/09","元大-崇德",5,0,5
"24806","5410國眾","110/07/09","元大-八德",0,5,-5
"24807","5410國眾","110/07/09","元大-博愛",5,0,5
"24808","5410國眾","110/07/09","富邦-基隆",0,4,-4
"24809","5410國眾","110/07/09","元大-龍潭",5,0,5
"24810","5410國眾","110/07/09","臺銀-新竹",0,3,-3
"24811","2841台開","110/07/09","日盛-雙和",102,0,102
"24812","2841台開","110/07/09","港商野村",0,129,-129
"24813","2841台開","110/07/09","元大-館前",70,0,70
"24814","2841台開","110/07/09","兆豐-永和",0,100,-100
"24815","2841台開","110/07/09","凱基-文心",50,0,50
"24816","2841台開","110/07/09","台新證券",7,28,-21
"24817","2841台開","110/07/09","富邦-嘉義",40,0,40
"24818","2841台開","110/07/09","國票-北高雄",0,20,-20
"24819","2841台開","110/07/09","美商高盛",15,0,15
"24820","2841台開","110/07/09","永豐金-敦南",29,46,-17
"24821","2841台開","110/07/09","台中銀",15,0,15
"24822","2841台開","110/07/09","合庫-基隆",0,12,-12
"24823","2841台開","110/07/09","新光",11,0,11
"24824","2841台開","110/07/09","中國信託-松江",0,12,-12
"24825","2841台開","110/07/09","華南永昌-長虹",10,0,10
"24826","2841台開","110/07/09","兆豐-城中",0,12,-12
"24827","2841台開","110/07/09","永豐金-南投",10,0,10
"24828","2841台開","110/07/09","台中銀-豐原",0,10,-10
"24829","2841台開","110/07/09","合庫-桃園",7,0,7
"24830","2841台開","110/07/09","兆豐-景美",0,10,-10
"24831","2841台開","110/07/09","群益金鼎-古亭",7,0,7
"24832","2841台開","110/07/09","群益金鼎-基隆",0,10,-10
"24833","2841台開","110/07/09","國泰-敦南",6,0,6
"24834","2841台開","110/07/09","元大-北三重",0,10,-10
"24835","2841台開","110/07/09","凱基-桃園",8,2,6
"24836","2841台開","110/07/09","(牛牛牛)亞-網路",0,9,-9
"24837","2841台開","110/07/09","日盛證券",5,0,5
"24838","2841台開","110/07/09","台新-高雄",1,10,-9
"24839","2841台開","110/07/09","元富-文心",5,0,5
"24840","2841台開","110/07/09","凱基-台北",0,7,-7
"24841","6207雷科","110/07/09","群益金鼎-新竹",47,0,47
"24842","6207雷科","110/07/09","新光",7,24,-17
"24843","6207雷科","110/07/09","永豐金-三重",31,0,31
"24844","6207雷科","110/07/09","日盛-和美",0,15,-15
"24845","6207雷科","110/07/09","新加坡商瑞銀",33,5,28
"24846","6207雷科","110/07/09","國泰-台南",0,15,-15
"24847","6207雷科","110/07/09","元大-高雄",26,0,26
"24848","6207雷科","110/07/09","華南永昌-古亭",0,14,-14
"24849","6207雷科","110/07/09","統一-員林",22,0,22
"24850","6207雷科","110/07/09","土銀-白河",0,11,-11
"24851","6207雷科","110/07/09","台新-高雄",22,0,22
"24852","6207雷科","110/07/09","日盛-台南",0,10,-10
"24853","6207雷科","110/07/09","摩根大通",34,17,17
"24854","6207雷科","110/07/09","元富-林園",0,10,-10
"24855","6207雷科","110/07/09","元大-博愛",17,1,16
"24856","6207雷科","110/07/09","富邦-園區",0,10,-10
"24857","6207雷科","110/07/09","日茂-埔里",12,0,12
"24858","6207雷科","110/07/09","元大-上新莊",0,10,-10
"24859","6207雷科","110/07/09","國泰-台中",17,6,11
"24860","6207雷科","110/07/09","永豐金-南京",0,10,-10
"24861","6207雷科","110/07/09","富邦-三重",10,0,10
"24862","6207雷科","110/07/09","兆豐-小港",0,6,-6
"24863","6207雷科","110/07/09","元大-沙鹿",10,0,10
"24864","6207雷科","110/07/09","富邦-羅東",1,7,-6
"24865","6207雷科","110/07/09","元大-八德",10,0,10
"24866","6207雷科","110/07/09","元大-土城永寧",0,6,-6
"24867","6207雷科","110/07/09","第一金-路竹",11,2,9
"24868","6207雷科","110/07/09","永豐金-板盛",0,6,-6
"24869","6207雷科","110/07/09","統一-南京",5,0,5
"24870","6207雷科","110/07/09","日盛-板橋",0,5,-5
"24871","3679新至陞","110/07/09","元大-大天母",10,0,10
"24872","3679新至陞","110/07/09","第一金-光復",0,11,-11
"24873","3679新至陞","110/07/09","日盛-樹林",9,0,9
"24874","3679新至陞","110/07/09","瑞士信貸",0,8,-8
"24875","3679新至陞","110/07/09","凱基-台北",11,2,9
"24876","3679新至陞","110/07/09","大慶-苗栗",0,5,-5
"24877","3679新至陞","110/07/09","華南永昌-小港",8,0,8
"24878","3679新至陞","110/07/09","元大-永春",0,5,-5
"24879","3679新至陞","110/07/09","兆豐-來福",7,0,7
"24880","3679新至陞","110/07/09","日盛-和美",0,4,-4
"24881","3679新至陞","110/07/09","香港上海匯豐",5,0,5
"24882","3679新至陞","110/07/09","元大-雙和",0,3,-3
"24883","3679新至陞","110/07/09","台中銀-員林",3,0,3
"24884","3679新至陞","110/07/09","永豐金-屏東",0,3,-3
"24885","3679新至陞","110/07/09","新光",3,0,3
"24886","3679新至陞","110/07/09","彰銀",0,2,-2
"24887","3679新至陞","110/07/09","土銀-花蓮",2,0,2
"24888","3679新至陞","110/07/09","宏遠-館前",0,2,-2
"24889","3679新至陞","110/07/09","第一金-澎湖",2,0,2
"24890","3679新至陞","110/07/09","港商野村",0,2,-2
"24891","3679新至陞","110/07/09","摩根大通",2,0,2
"24892","3679新至陞","110/07/09","大昌-新店",0,2,-2
"24893","3679新至陞","110/07/09","國泰-敦南",2,0,2
"24894","3679新至陞","110/07/09","元大-新莊",0,2,-2
"24895","3679新至陞","110/07/09","元大-淡水",4,2,2
"24896","3679新至陞","110/07/09","元大-板橋",0,2,-2
"24897","3679新至陞","110/07/09","日盛-士林",1,0,1
"24898","3679新至陞","110/07/09","台灣摩根士丹利",0,1,-1
"24899","3679新至陞","110/07/09","日盛-信義",1,0,1
"24900","3679新至陞","110/07/09","第一金-高雄",0,1,-1
"24901","2727王品","110/07/09","台灣匯立證券",90,0,90
"24902","2727王品","110/07/09","台灣摩根士丹利",0,267,-267
"24903","2727王品","110/07/09","國泰-敦南",166,84,82
"24904","2727王品","110/07/09","富邦-台北",35,299,-264
"24905","2727王品","110/07/09","富邦-仁愛",56,12,44
"24906","2727王品","110/07/09","凱基-台北",174,296,-122
"24907","2727王品","110/07/09","台新證券",109,66,43
"24908","2727王品","110/07/09","第一金",2,102,-100
"24909","2727王品","110/07/09","新光",117,87,30
"24910","2727王品","110/07/09","群益金鼎-大安",0,80,-80
"24911","2727王品","110/07/09","臺銀-臺中",35,6,29
"24912","2727王品","110/07/09","兆豐-大安",7,60,-53
"24913","2727王品","110/07/09","元大-桃園",32,3,29
"24914","2727王品","110/07/09","永豐金-南投",0,50,-50
"24915","2727王品","110/07/09","元富-宜蘭",34,6,28
"24916","2727王品","110/07/09","新加坡商瑞銀",6,46,-40
"24917","2727王品","110/07/09","玉山-台中",34,8,26
"24918","2727王品","110/07/09","合庫-彰化",11,50,-39
"24919","2727王品","110/07/09","群益金鼎-宜蘭",30,4,26
"24920","2727王品","110/07/09","永豐金-萬盛",13,52,-39
"24921","2727王品","110/07/09","富邦-台中",42,16,26
"24922","2727王品","110/07/09","瑞士信貸",0,34,-34
"24923","2727王品","110/07/09","第一金-豐原",25,1,24
"24924","2727王品","110/07/09","元大-和平",4,35,-31
"24925","2727王品","110/07/09","臺銀",30,8,22
"24926","2727王品","110/07/09","美林",14,44,-30
"24927","2727王品","110/07/09","兆豐-來福",23,1,22
"24928","2727王品","110/07/09","元大-員林",9,38,-29
"24929","2727王品","110/07/09","玉山-士林",22,2,20
"24930","2727王品","110/07/09","元富-西松",4,31,-27
"24931","1570力肯","110/07/09","凱基-台北",30,1,29
"24932","1570力肯","110/07/09","群益金鼎-彰化",0,20,-20
"24933","1570力肯","110/07/09","新光-台南",20,0,20
"24934","1570力肯","110/07/09","元大-土城學府",0,20,-20
"24935","1570力肯","110/07/09","元大-高雄",20,0,20
"24936","1570力肯","110/07/09","元大-大統",0,16,-16
"24937","1570力肯","110/07/09","國票-中正",12,0,12
"24938","1570力肯","110/07/09","元大-新營",0,11,-11
"24939","1570力肯","110/07/09","日盛-高雄",6,0,6
"24940","1570力肯","110/07/09","元大-和平",0,10,-10
"24941","1570力肯","110/07/09","元富-緯城",6,0,6
"24942","1570力肯","110/07/09","元大-草屯",0,10,-10
"24943","1570力肯","110/07/09","群益金鼎-台南",6,0,6
"24944","1570力肯","110/07/09","元大-鹿港",0,9,-9
"24945","1570力肯","110/07/09","華南永昌-岡山",6,0,6
"24946","1570力肯","110/07/09","合庫-基隆",0,7,-7
"24947","1570力肯","110/07/09","統一-中壢",5,0,5
"24948","1570力肯","110/07/09","摩根大通",2,8,-6
"24949","1570力肯","110/07/09","凱基-三峽",5,0,5
"24950","1570力肯","110/07/09","台灣企銀-豐原",0,4,-4
"24951","1570力肯","110/07/09","大昌-樹林",4,0,4
"24952","1570力肯","110/07/09","日盛-桃園",0,4,-4
"24953","1570力肯","110/07/09","新光",3,0,3
"24954","1570力肯","110/07/09","國泰-高雄",0,3,-3
"24955","1570力肯","110/07/09","富邦-新竹華信",3,0,3
"24956","1570力肯","110/07/09","永豐金-敦南",0,3,-3
"24957","1570力肯","110/07/09","合庫-台中",2,0,2
"24958","1570力肯","110/07/09","土銀-彰化",0,2,-2
"24959","1570力肯","110/07/09","臺銀-臺中",2,0,2
"24960","1570力肯","110/07/09","臺銀-鳳山",0,2,-2
"24961","6180橘子","110/07/09","摩根大通",63,1,62
"24962","6180橘子","110/07/09","元大-南京",1,32,-31
"24963","6180橘子","110/07/09","富邦-陽明",73,33,40
"24964","6180橘子","110/07/09","群益金鼎-台北",0,25,-25
"24965","6180橘子","110/07/09","新加坡商瑞銀",31,0,31
"24966","6180橘子","110/07/09","兆豐-復興",0,21,-21
"24967","6180橘子","110/07/09","美商高盛",25,0,25
"24968","6180橘子","110/07/09","永豐金-嘉義",0,21,-21
"24969","6180橘子","110/07/09","凱基-台北",26,10,16
"24970","6180橘子","110/07/09","凱基-中壢",8,24,-16
"24971","6180橘子","110/07/09","華南永昌-楠梓",13,0,13
"24972","6180橘子","110/07/09","致和-崇德",0,15,-15
"24973","6180橘子","110/07/09","華南永昌-朴子",11,0,11
"24974","6180橘子","110/07/09","群益金鼎-屏東",0,15,-15
"24975","6180橘子","110/07/09","元大-北港",11,0,11
"24976","6180橘子","110/07/09","群益金鼎-中山",0,15,-15
"24977","6180橘子","110/07/09","元大-成功",10,1,9
"24978","6180橘子","110/07/09","瑞士信貸",1,15,-14
"24979","6180橘子","110/07/09","新光",26,18,8
"24980","6180橘子","110/07/09","日盛-二林",0,10,-10
"24981","6180橘子","110/07/09","統一-三重",6,0,6
"24982","6180橘子","110/07/09","凱基-東門",0,10,-10
"24983","6180橘子","110/07/09","群益金鼎-嘉義",6,0,6
"24984","6180橘子","110/07/09","華南永昌-三重",0,10,-10
"24985","6180橘子","110/07/09","元大-員林中山",6,0,6
"24986","6180橘子","110/07/09","元大-彰化民生",1,11,-10
"24987","6180橘子","110/07/09","合庫-鳳山",5,0,5
"24988","6180橘子","110/07/09","永豐金-新店",1,11,-10
"24989","6180橘子","110/07/09","富邦-建國",6,1,5
"24990","6180橘子","110/07/09","群益金鼎-丹鳳",0,8,-8
"24991","2390云辰","110/07/09","摩根大通",279,56,223
"24992","2390云辰","110/07/09","元大-天母",0,127,-127
"24993","2390云辰","110/07/09","日盛-鳳山",110,2,108
"24994","2390云辰","110/07/09","中國信託-文心",5,109,-104
"24995","2390云辰","110/07/09","宏遠證券",100,0,100
"24996","2390云辰","110/07/09","永豐金-復興",0,55,-55
"24997","2390云辰","110/07/09","元大-大里",63,6,57
"24998","2390云辰","110/07/09","凱基-台北",239,286,-47
"24999","2390云辰","110/07/09","凱基-八德",59,10,49
"25000","2390云辰","110/07/09","德信",2,32,-30
"25001","2390云辰","110/07/09","合庫-新竹",40,0,40
"25002","2390云辰","110/07/09","兆豐-桃鶯",2,32,-30
"25003","2390云辰","110/07/09","國票",40,1,39
"25004","2390云辰","110/07/09","致和-南京",0,30,-30
"25005","2390云辰","110/07/09","新加坡商瑞銀",49,13,36
"25006","2390云辰","110/07/09","富邦-虎尾",1,31,-30
"25007","2390云辰","110/07/09","統一-新台中",36,2,34
"25008","2390云辰","110/07/09","元大-善化",2,31,-29
"25009","2390云辰","110/07/09","國票-嘉義",31,0,31
"25010","2390云辰","110/07/09","富邦-板橋",0,27,-27
"25011","2390云辰","110/07/09","華南永昌",35,7,28
"25012","2390云辰","110/07/09","富邦-永和",3,28,-25
"25013","2390云辰","110/07/09","玉山-台中",49,22,27
"25014","2390云辰","110/07/09","第一金-自由",20,44,-24
"25015","2390云辰","110/07/09","華南永昌-敦南",25,0,25
"25016","2390云辰","110/07/09","凱基-內湖",0,24,-24
"25017","2390云辰","110/07/09","新光-高雄",27,4,23
"25018","2390云辰","110/07/09","元大-汐止",1,24,-23
"25019","2390云辰","110/07/09","台灣摩根士丹利",85,63,22
"25020","2390云辰","110/07/09","新光-台中",12,33,-21
"25021","4903聯光通","110/07/09","元大-敦南",10,0,10
"25022","4903聯光通","110/07/09","第一金-台中",0,12,-12
"25023","4903聯光通","110/07/09","凱基-士林",5,0,5
"25024","4903聯光通","110/07/09","日盛-忠孝",0,3,-3
"25025","4903聯光通","110/07/09","元大-苗栗",5,0,5
"25026","4903聯光通","110/07/09","群益金鼎-崇德",0,3,-3
"25027","4903聯光通","110/07/09","元大-屏南",3,0,3
"25028","4903聯光通","110/07/09","國票-內壢",0,2,-2
"25029","4903聯光通","110/07/09","中國信託-永康",1,0,1
"25030","4903聯光通","110/07/09","康和-南崁",0,2,-2
"25031","4903聯光通","110/07/09","玉山證券",1,0,1
"25032","4903聯光通","110/07/09","新光-台中",0,2,-2
"25033","4903聯光通","110/07/09","元大-太平",4,3,1
"25034","4903聯光通","110/07/09","玉山-城中",0,2,-2
"25035","4903聯光通","110/07/09","永豐金-嘉義",1,0,1
"25036","4903聯光通","110/07/09","中國信託-文心",0,1,-1
"25037","4903聯光通","110/07/09","大昌",0,0,0
"25038","4903聯光通","110/07/09","大昌",0,0,0
"25039","4903聯光通","110/07/09","中農",0,0,0
"25040","4903聯光通","110/07/09","中農",0,0,0
"25041","4903聯光通","110/07/09","",NA,NA,NA
"25042","4903聯光通","110/07/09","",NA,NA,NA
"25043","4903聯光通","110/07/09","",NA,NA,NA
"25044","4903聯光通","110/07/09","",NA,NA,NA
"25045","4903聯光通","110/07/09","",NA,NA,NA
"25046","4903聯光通","110/07/09","",NA,NA,NA
"25047","4903聯光通","110/07/09","",NA,NA,NA
"25048","4903聯光通","110/07/09","",NA,NA,NA
"25049","4903聯光通","110/07/09","",NA,NA,NA
"25050","4903聯光通","110/07/09","",NA,NA,NA
"25051","2929淘帝","110/07/09","台中銀-台北",110,0,110
"25052","2929淘帝","110/07/09","新光",2,82,-80
"25053","2929淘帝","110/07/09","華南永昌-頭份",72,0,72
"25054","2929淘帝","110/07/09","摩根大通",2,63,-61
"25055","2929淘帝","110/07/09","合庫-高雄",71,0,71
"25056","2929淘帝","110/07/09","第一金-路竹",0,50,-50
"25057","2929淘帝","110/07/09","高橋-龍潭",37,0,37
"25058","2929淘帝","110/07/09","港商麥格理",0,42,-42
"25059","2929淘帝","110/07/09","新光-台中",60,26,34
"25060","2929淘帝","110/07/09","陽信-石牌",0,40,-40
"25061","2929淘帝","110/07/09","元富-大裕",22,1,21
"25062","2929淘帝","110/07/09","台新-左楠",1,39,-38
"25063","2929淘帝","110/07/09","合庫-鳳山",20,0,20
"25064","2929淘帝","110/07/09","凱基-桃園",3,29,-26
"25065","2929淘帝","110/07/09","元大-員林",22,2,20
"25066","2929淘帝","110/07/09","兆豐-內湖",0,25,-25
"25067","2929淘帝","110/07/09","台新-建北",15,0,15
"25068","2929淘帝","110/07/09","元大-北港",0,20,-20
"25069","2929淘帝","110/07/09","兆豐-桃園",13,0,13
"25070","2929淘帝","110/07/09","富邦-北港",0,19,-19
"25071","2929淘帝","110/07/09","兆豐-忠孝",10,0,10
"25072","2929淘帝","110/07/09","富邦-花蓮",0,17,-17
"25073","2929淘帝","110/07/09","國票-敦北法人",10,0,10
"25074","2929淘帝","110/07/09","國泰-台中",2,17,-15
"25075","2929淘帝","110/07/09","永豐金-博愛",10,0,10
"25076","2929淘帝","110/07/09","群益金鼎-彰化",0,15,-15
"25077","2929淘帝","110/07/09","群益金鼎-潭子",8,0,8
"25078","2929淘帝","110/07/09","元大-博愛",0,14,-14
"25079","2929淘帝","110/07/09","富邦-南屯",8,0,8
"25080","2929淘帝","110/07/09","日盛-板橋",0,13,-13
"25081","5410國眾","110/07/09","元大-新盛",14,0,14
"25082","5410國眾","110/07/09","(牛牛牛)亞-鑫豐",1,41,-40
"25083","5410國眾","110/07/09","台灣企銀-民雄",10,0,10
"25084","5410國眾","110/07/09","元富-嘉義",0,25,-25
"25085","5410國眾","110/07/09","元富-虎尾",9,0,9
"25086","5410國眾","110/07/09","凱基-高美館",0,10,-10
"25087","5410國眾","110/07/09","摩根大通",10,1,9
"25088","5410國眾","110/07/09","凱基-城中",0,10,-10
"25089","5410國眾","110/07/09","兆豐-北高雄",7,0,7
"25090","5410國眾","110/07/09","元大-頭份",0,10,-10
"25091","5410國眾","110/07/09","凱基-台北",8,1,7
"25092","5410國眾","110/07/09","群益金鼎-丹鳳",0,7,-7
"25093","5410國眾","110/07/09","華南永昌-公誠",7,0,7
"25094","5410國眾","110/07/09","凱基-復興",0,7,-7
"25095","5410國眾","110/07/09","香港上海匯豐",6,0,6
"25096","5410國眾","110/07/09","元大-員林",0,7,-7
"25097","5410國眾","110/07/09","凱基-中壢",6,0,6
"25098","5410國眾","110/07/09","富邦-竹東",0,6,-6
"25099","5410國眾","110/07/09","華南永昌-南京",6,0,6
"25100","5410國眾","110/07/09","亞東-高雄",0,5,-5
"25101","5410國眾","110/07/09","統一-三重",5,0,5
"25102","5410國眾","110/07/09","大慶-中壢",1,6,-5
"25103","5410國眾","110/07/09","富邦-宜蘭",5,0,5
"25104","5410國眾","110/07/09","群益金鼎-中港",0,5,-5
"25105","5410國眾","110/07/09","元大-崇德",5,0,5
"25106","5410國眾","110/07/09","元大-八德",0,5,-5
"25107","5410國眾","110/07/09","元大-博愛",5,0,5
"25108","5410國眾","110/07/09","富邦-基隆",0,4,-4
"25109","5410國眾","110/07/09","元大-龍潭",5,0,5
"25110","5410國眾","110/07/09","臺銀-新竹",0,3,-3
"25111","2841台開","110/07/09","日盛-雙和",102,0,102
"25112","2841台開","110/07/09","港商野村",0,129,-129
"25113","2841台開","110/07/09","元大-館前",70,0,70
"25114","2841台開","110/07/09","兆豐-永和",0,100,-100
"25115","2841台開","110/07/09","凱基-文心",50,0,50
"25116","2841台開","110/07/09","台新證券",7,28,-21
"25117","2841台開","110/07/09","富邦-嘉義",40,0,40
"25118","2841台開","110/07/09","國票-北高雄",0,20,-20
"25119","2841台開","110/07/09","美商高盛",15,0,15
"25120","2841台開","110/07/09","永豐金-敦南",29,46,-17
"25121","2841台開","110/07/09","台中銀",15,0,15
"25122","2841台開","110/07/09","合庫-基隆",0,12,-12
"25123","2841台開","110/07/09","新光",11,0,11
"25124","2841台開","110/07/09","中國信託-松江",0,12,-12
"25125","2841台開","110/07/09","華南永昌-長虹",10,0,10
"25126","2841台開","110/07/09","兆豐-城中",0,12,-12
"25127","2841台開","110/07/09","永豐金-南投",10,0,10
"25128","2841台開","110/07/09","台中銀-豐原",0,10,-10
"25129","2841台開","110/07/09","合庫-桃園",7,0,7
"25130","2841台開","110/07/09","兆豐-景美",0,10,-10
"25131","2841台開","110/07/09","群益金鼎-古亭",7,0,7
"25132","2841台開","110/07/09","群益金鼎-基隆",0,10,-10
"25133","2841台開","110/07/09","國泰-敦南",6,0,6
"25134","2841台開","110/07/09","元大-北三重",0,10,-10
"25135","2841台開","110/07/09","凱基-桃園",8,2,6
"25136","2841台開","110/07/09","(牛牛牛)亞-網路",0,9,-9
"25137","2841台開","110/07/09","日盛證券",5,0,5
"25138","2841台開","110/07/09","台新-高雄",1,10,-9
"25139","2841台開","110/07/09","元富-文心",5,0,5
"25140","2841台開","110/07/09","凱基-台北",0,7,-7
"25141","6207雷科","110/07/09","群益金鼎-新竹",47,0,47
"25142","6207雷科","110/07/09","新光",7,24,-17
"25143","6207雷科","110/07/09","永豐金-三重",31,0,31
"25144","6207雷科","110/07/09","日盛-和美",0,15,-15
"25145","6207雷科","110/07/09","新加坡商瑞銀",33,5,28
"25146","6207雷科","110/07/09","國泰-台南",0,15,-15
"25147","6207雷科","110/07/09","元大-高雄",26,0,26
"25148","6207雷科","110/07/09","華南永昌-古亭",0,14,-14
"25149","6207雷科","110/07/09","統一-員林",22,0,22
"25150","6207雷科","110/07/09","土銀-白河",0,11,-11
"25151","6207雷科","110/07/09","台新-高雄",22,0,22
"25152","6207雷科","110/07/09","日盛-台南",0,10,-10
"25153","6207雷科","110/07/09","摩根大通",34,17,17
"25154","6207雷科","110/07/09","元富-林園",0,10,-10
"25155","6207雷科","110/07/09","元大-博愛",17,1,16
"25156","6207雷科","110/07/09","富邦-園區",0,10,-10
"25157","6207雷科","110/07/09","日茂-埔里",12,0,12
"25158","6207雷科","110/07/09","元大-上新莊",0,10,-10
"25159","6207雷科","110/07/09","國泰-台中",17,6,11
"25160","6207雷科","110/07/09","永豐金-南京",0,10,-10
"25161","6207雷科","110/07/09","富邦-三重",10,0,10
"25162","6207雷科","110/07/09","兆豐-小港",0,6,-6
"25163","6207雷科","110/07/09","元大-沙鹿",10,0,10
"25164","6207雷科","110/07/09","富邦-羅東",1,7,-6
"25165","6207雷科","110/07/09","元大-八德",10,0,10
"25166","6207雷科","110/07/09","元大-土城永寧",0,6,-6
"25167","6207雷科","110/07/09","第一金-路竹",11,2,9
"25168","6207雷科","110/07/09","永豐金-板盛",0,6,-6
"25169","6207雷科","110/07/09","統一-南京",5,0,5
"25170","6207雷科","110/07/09","日盛-板橋",0,5,-5
"25171","3679新至陞","110/07/09","元大-大天母",10,0,10
"25172","3679新至陞","110/07/09","第一金-光復",0,11,-11
"25173","3679新至陞","110/07/09","日盛-樹林",9,0,9
"25174","3679新至陞","110/07/09","瑞士信貸",0,8,-8
"25175","3679新至陞","110/07/09","凱基-台北",11,2,9
"25176","3679新至陞","110/07/09","大慶-苗栗",0,5,-5
"25177","3679新至陞","110/07/09","華南永昌-小港",8,0,8
"25178","3679新至陞","110/07/09","元大-永春",0,5,-5
"25179","3679新至陞","110/07/09","兆豐-來福",7,0,7
"25180","3679新至陞","110/07/09","日盛-和美",0,4,-4
"25181","3679新至陞","110/07/09","香港上海匯豐",5,0,5
"25182","3679新至陞","110/07/09","元大-雙和",0,3,-3
"25183","3679新至陞","110/07/09","台中銀-員林",3,0,3
"25184","3679新至陞","110/07/09","永豐金-屏東",0,3,-3
"25185","3679新至陞","110/07/09","新光",3,0,3
"25186","3679新至陞","110/07/09","彰銀",0,2,-2
"25187","3679新至陞","110/07/09","土銀-花蓮",2,0,2
"25188","3679新至陞","110/07/09","宏遠-館前",0,2,-2
"25189","3679新至陞","110/07/09","第一金-澎湖",2,0,2
"25190","3679新至陞","110/07/09","港商野村",0,2,-2
"25191","3679新至陞","110/07/09","摩根大通",2,0,2
"25192","3679新至陞","110/07/09","大昌-新店",0,2,-2
"25193","3679新至陞","110/07/09","國泰-敦南",2,0,2
"25194","3679新至陞","110/07/09","元大-新莊",0,2,-2
"25195","3679新至陞","110/07/09","元大-淡水",4,2,2
"25196","3679新至陞","110/07/09","元大-板橋",0,2,-2
"25197","3679新至陞","110/07/09","日盛-士林",1,0,1
"25198","3679新至陞","110/07/09","台灣摩根士丹利",0,1,-1
"25199","3679新至陞","110/07/09","日盛-信義",1,0,1
"25200","3679新至陞","110/07/09","第一金-高雄",0,1,-1
"25201","2727王品","110/07/09","台灣匯立證券",90,0,90
"25202","2727王品","110/07/09","台灣摩根士丹利",0,267,-267
"25203","2727王品","110/07/09","國泰-敦南",166,84,82
"25204","2727王品","110/07/09","富邦-台北",35,299,-264
"25205","2727王品","110/07/09","富邦-仁愛",56,12,44
"25206","2727王品","110/07/09","凱基-台北",174,296,-122
"25207","2727王品","110/07/09","台新證券",109,66,43
"25208","2727王品","110/07/09","第一金",2,102,-100
"25209","2727王品","110/07/09","新光",117,87,30
"25210","2727王品","110/07/09","群益金鼎-大安",0,80,-80
"25211","2727王品","110/07/09","臺銀-臺中",35,6,29
"25212","2727王品","110/07/09","兆豐-大安",7,60,-53
"25213","2727王品","110/07/09","元大-桃園",32,3,29
"25214","2727王品","110/07/09","永豐金-南投",0,50,-50
"25215","2727王品","110/07/09","元富-宜蘭",34,6,28
"25216","2727王品","110/07/09","新加坡商瑞銀",6,46,-40
"25217","2727王品","110/07/09","玉山-台中",34,8,26
"25218","2727王品","110/07/09","合庫-彰化",11,50,-39
"25219","2727王品","110/07/09","群益金鼎-宜蘭",30,4,26
"25220","2727王品","110/07/09","永豐金-萬盛",13,52,-39
"25221","2727王品","110/07/09","富邦-台中",42,16,26
"25222","2727王品","110/07/09","瑞士信貸",0,34,-34
"25223","2727王品","110/07/09","第一金-豐原",25,1,24
"25224","2727王品","110/07/09","元大-和平",4,35,-31
"25225","2727王品","110/07/09","臺銀",30,8,22
"25226","2727王品","110/07/09","美林",14,44,-30
"25227","2727王品","110/07/09","兆豐-來福",23,1,22
"25228","2727王品","110/07/09","元大-員林",9,38,-29
"25229","2727王品","110/07/09","玉山-士林",22,2,20
"25230","2727王品","110/07/09","元富-西松",4,31,-27
"25231","1570力肯","110/07/09","凱基-台北",30,1,29
"25232","1570力肯","110/07/09","群益金鼎-彰化",0,20,-20
"25233","1570力肯","110/07/09","新光-台南",20,0,20
"25234","1570力肯","110/07/09","元大-土城學府",0,20,-20
"25235","1570力肯","110/07/09","元大-高雄",20,0,20
"25236","1570力肯","110/07/09","元大-大統",0,16,-16
"25237","1570力肯","110/07/09","國票-中正",12,0,12
"25238","1570力肯","110/07/09","元大-新營",0,11,-11
"25239","1570力肯","110/07/09","日盛-高雄",6,0,6
"25240","1570力肯","110/07/09","元大-和平",0,10,-10
"25241","1570力肯","110/07/09","元富-緯城",6,0,6
"25242","1570力肯","110/07/09","元大-草屯",0,10,-10
"25243","1570力肯","110/07/09","群益金鼎-台南",6,0,6
"25244","1570力肯","110/07/09","元大-鹿港",0,9,-9
"25245","1570力肯","110/07/09","華南永昌-岡山",6,0,6
"25246","1570力肯","110/07/09","合庫-基隆",0,7,-7
"25247","1570力肯","110/07/09","統一-中壢",5,0,5
"25248","1570力肯","110/07/09","摩根大通",2,8,-6
"25249","1570力肯","110/07/09","凱基-三峽",5,0,5
"25250","1570力肯","110/07/09","台灣企銀-豐原",0,4,-4
"25251","1570力肯","110/07/09","大昌-樹林",4,0,4
"25252","1570力肯","110/07/09","日盛-桃園",0,4,-4
"25253","1570力肯","110/07/09","新光",3,0,3
"25254","1570力肯","110/07/09","國泰-高雄",0,3,-3
"25255","1570力肯","110/07/09","富邦-新竹華信",3,0,3
"25256","1570力肯","110/07/09","永豐金-敦南",0,3,-3
"25257","1570力肯","110/07/09","合庫-台中",2,0,2
"25258","1570力肯","110/07/09","土銀-彰化",0,2,-2
"25259","1570力肯","110/07/09","臺銀-臺中",2,0,2
"25260","1570力肯","110/07/09","臺銀-鳳山",0,2,-2
"25261","6180橘子","110/07/09","摩根大通",63,1,62
"25262","6180橘子","110/07/09","元大-南京",1,32,-31
"25263","6180橘子","110/07/09","富邦-陽明",73,33,40
"25264","6180橘子","110/07/09","群益金鼎-台北",0,25,-25
"25265","6180橘子","110/07/09","新加坡商瑞銀",31,0,31
"25266","6180橘子","110/07/09","兆豐-復興",0,21,-21
"25267","6180橘子","110/07/09","美商高盛",25,0,25
"25268","6180橘子","110/07/09","永豐金-嘉義",0,21,-21
"25269","6180橘子","110/07/09","凱基-台北",26,10,16
"25270","6180橘子","110/07/09","凱基-中壢",8,24,-16
"25271","6180橘子","110/07/09","華南永昌-楠梓",13,0,13
"25272","6180橘子","110/07/09","致和-崇德",0,15,-15
"25273","6180橘子","110/07/09","華南永昌-朴子",11,0,11
"25274","6180橘子","110/07/09","群益金鼎-屏東",0,15,-15
"25275","6180橘子","110/07/09","元大-北港",11,0,11
"25276","6180橘子","110/07/09","群益金鼎-中山",0,15,-15
"25277","6180橘子","110/07/09","元大-成功",10,1,9
"25278","6180橘子","110/07/09","瑞士信貸",1,15,-14
"25279","6180橘子","110/07/09","新光",26,18,8
"25280","6180橘子","110/07/09","日盛-二林",0,10,-10
"25281","6180橘子","110/07/09","統一-三重",6,0,6
"25282","6180橘子","110/07/09","凱基-東門",0,10,-10
"25283","6180橘子","110/07/09","群益金鼎-嘉義",6,0,6
"25284","6180橘子","110/07/09","華南永昌-三重",0,10,-10
"25285","6180橘子","110/07/09","元大-員林中山",6,0,6
"25286","6180橘子","110/07/09","元大-彰化民生",1,11,-10
"25287","6180橘子","110/07/09","合庫-鳳山",5,0,5
"25288","6180橘子","110/07/09","永豐金-新店",1,11,-10
"25289","6180橘子","110/07/09","富邦-建國",6,1,5
"25290","6180橘子","110/07/09","群益金鼎-丹鳳",0,8,-8
"25291","2390云辰","110/07/09","摩根大通",279,56,223
"25292","2390云辰","110/07/09","元大-天母",0,127,-127
"25293","2390云辰","110/07/09","日盛-鳳山",110,2,108
"25294","2390云辰","110/07/09","中國信託-文心",5,109,-104
"25295","2390云辰","110/07/09","宏遠證券",100,0,100
"25296","2390云辰","110/07/09","永豐金-復興",0,55,-55
"25297","2390云辰","110/07/09","元大-大里",63,6,57
"25298","2390云辰","110/07/09","凱基-台北",239,286,-47
"25299","2390云辰","110/07/09","凱基-八德",59,10,49
"25300","2390云辰","110/07/09","德信",2,32,-30
"25301","2390云辰","110/07/09","合庫-新竹",40,0,40
"25302","2390云辰","110/07/09","兆豐-桃鶯",2,32,-30
"25303","2390云辰","110/07/09","國票",40,1,39
"25304","2390云辰","110/07/09","致和-南京",0,30,-30
"25305","2390云辰","110/07/09","新加坡商瑞銀",49,13,36
"25306","2390云辰","110/07/09","富邦-虎尾",1,31,-30
"25307","2390云辰","110/07/09","統一-新台中",36,2,34
"25308","2390云辰","110/07/09","元大-善化",2,31,-29
"25309","2390云辰","110/07/09","國票-嘉義",31,0,31
"25310","2390云辰","110/07/09","富邦-板橋",0,27,-27
"25311","2390云辰","110/07/09","華南永昌",35,7,28
"25312","2390云辰","110/07/09","富邦-永和",3,28,-25
"25313","2390云辰","110/07/09","玉山-台中",49,22,27
"25314","2390云辰","110/07/09","第一金-自由",20,44,-24
"25315","2390云辰","110/07/09","華南永昌-敦南",25,0,25
"25316","2390云辰","110/07/09","凱基-內湖",0,24,-24
"25317","2390云辰","110/07/09","新光-高雄",27,4,23
"25318","2390云辰","110/07/09","元大-汐止",1,24,-23
"25319","2390云辰","110/07/09","台灣摩根士丹利",85,63,22
"25320","2390云辰","110/07/09","新光-台中",12,33,-21
"25321","4903聯光通","110/07/09","元大-敦南",10,0,10
"25322","4903聯光通","110/07/09","第一金-台中",0,12,-12
"25323","4903聯光通","110/07/09","凱基-士林",5,0,5
"25324","4903聯光通","110/07/09","日盛-忠孝",0,3,-3
"25325","4903聯光通","110/07/09","元大-苗栗",5,0,5
"25326","4903聯光通","110/07/09","群益金鼎-崇德",0,3,-3
"25327","4903聯光通","110/07/09","元大-屏南",3,0,3
"25328","4903聯光通","110/07/09","國票-內壢",0,2,-2
"25329","4903聯光通","110/07/09","中國信託-永康",1,0,1
"25330","4903聯光通","110/07/09","康和-南崁",0,2,-2
"25331","4903聯光通","110/07/09","玉山證券",1,0,1
"25332","4903聯光通","110/07/09","新光-台中",0,2,-2
"25333","4903聯光通","110/07/09","元大-太平",4,3,1
"25334","4903聯光通","110/07/09","玉山-城中",0,2,-2
"25335","4903聯光通","110/07/09","永豐金-嘉義",1,0,1
"25336","4903聯光通","110/07/09","中國信託-文心",0,1,-1
"25337","4903聯光通","110/07/09","大昌",0,0,0
"25338","4903聯光通","110/07/09","大昌",0,0,0
"25339","4903聯光通","110/07/09","中農",0,0,0
"25340","4903聯光通","110/07/09","中農",0,0,0
"25341","4903聯光通","110/07/09","",NA,NA,NA
"25342","4903聯光通","110/07/09","",NA,NA,NA
"25343","4903聯光通","110/07/09","",NA,NA,NA
"25344","4903聯光通","110/07/09","",NA,NA,NA
"25345","4903聯光通","110/07/09","",NA,NA,NA
"25346","4903聯光通","110/07/09","",NA,NA,NA
"25347","4903聯光通","110/07/09","",NA,NA,NA
"25348","4903聯光通","110/07/09","",NA,NA,NA
"25349","4903聯光通","110/07/09","",NA,NA,NA
"25350","4903聯光通","110/07/09","",NA,NA,NA
"25351","2929淘帝","110/07/09","台中銀-台北",110,0,110
"25352","2929淘帝","110/07/09","新光",2,82,-80
"25353","2929淘帝","110/07/09","華南永昌-頭份",72,0,72
"25354","2929淘帝","110/07/09","摩根大通",2,63,-61
"25355","2929淘帝","110/07/09","合庫-高雄",71,0,71
"25356","2929淘帝","110/07/09","第一金-路竹",0,50,-50
"25357","2929淘帝","110/07/09","高橋-龍潭",37,0,37
"25358","2929淘帝","110/07/09","港商麥格理",0,42,-42
"25359","2929淘帝","110/07/09","新光-台中",60,26,34
"25360","2929淘帝","110/07/09","陽信-石牌",0,40,-40
"25361","2929淘帝","110/07/09","元富-大裕",22,1,21
"25362","2929淘帝","110/07/09","台新-左楠",1,39,-38
"25363","2929淘帝","110/07/09","合庫-鳳山",20,0,20
"25364","2929淘帝","110/07/09","凱基-桃園",3,29,-26
"25365","2929淘帝","110/07/09","元大-員林",22,2,20
"25366","2929淘帝","110/07/09","兆豐-內湖",0,25,-25
"25367","2929淘帝","110/07/09","台新-建北",15,0,15
"25368","2929淘帝","110/07/09","元大-北港",0,20,-20
"25369","2929淘帝","110/07/09","兆豐-桃園",13,0,13
"25370","2929淘帝","110/07/09","富邦-北港",0,19,-19
"25371","2929淘帝","110/07/09","兆豐-忠孝",10,0,10
"25372","2929淘帝","110/07/09","富邦-花蓮",0,17,-17
"25373","2929淘帝","110/07/09","國票-敦北法人",10,0,10
"25374","2929淘帝","110/07/09","國泰-台中",2,17,-15
"25375","2929淘帝","110/07/09","永豐金-博愛",10,0,10
"25376","2929淘帝","110/07/09","群益金鼎-彰化",0,15,-15
"25377","2929淘帝","110/07/09","群益金鼎-潭子",8,0,8
"25378","2929淘帝","110/07/09","元大-博愛",0,14,-14
"25379","2929淘帝","110/07/09","富邦-南屯",8,0,8
"25380","2929淘帝","110/07/09","日盛-板橋",0,13,-13
"25381","5410國眾","110/07/09","元大-新盛",14,0,14
"25382","5410國眾","110/07/09","(牛牛牛)亞-鑫豐",1,41,-40
"25383","5410國眾","110/07/09","台灣企銀-民雄",10,0,10
"25384","5410國眾","110/07/09","元富-嘉義",0,25,-25
"25385","5410國眾","110/07/09","元富-虎尾",9,0,9
"25386","5410國眾","110/07/09","凱基-高美館",0,10,-10
"25387","5410國眾","110/07/09","摩根大通",10,1,9
"25388","5410國眾","110/07/09","凱基-城中",0,10,-10
"25389","5410國眾","110/07/09","兆豐-北高雄",7,0,7
"25390","5410國眾","110/07/09","元大-頭份",0,10,-10
"25391","5410國眾","110/07/09","凱基-台北",8,1,7
"25392","5410國眾","110/07/09","群益金鼎-丹鳳",0,7,-7
"25393","5410國眾","110/07/09","華南永昌-公誠",7,0,7
"25394","5410國眾","110/07/09","凱基-復興",0,7,-7
"25395","5410國眾","110/07/09","香港上海匯豐",6,0,6
"25396","5410國眾","110/07/09","元大-員林",0,7,-7
"25397","5410國眾","110/07/09","凱基-中壢",6,0,6
"25398","5410國眾","110/07/09","富邦-竹東",0,6,-6
"25399","5410國眾","110/07/09","華南永昌-南京",6,0,6
"25400","5410國眾","110/07/09","亞東-高雄",0,5,-5
"25401","5410國眾","110/07/09","統一-三重",5,0,5
"25402","5410國眾","110/07/09","大慶-中壢",1,6,-5
"25403","5410國眾","110/07/09","富邦-宜蘭",5,0,5
"25404","5410國眾","110/07/09","群益金鼎-中港",0,5,-5
"25405","5410國眾","110/07/09","元大-崇德",5,0,5
"25406","5410國眾","110/07/09","元大-八德",0,5,-5
"25407","5410國眾","110/07/09","元大-博愛",5,0,5
"25408","5410國眾","110/07/09","富邦-基隆",0,4,-4
"25409","5410國眾","110/07/09","元大-龍潭",5,0,5
"25410","5410國眾","110/07/09","臺銀-新竹",0,3,-3
"25411","2841台開","110/07/09","日盛-雙和",102,0,102
"25412","2841台開","110/07/09","港商野村",0,129,-129
"25413","2841台開","110/07/09","元大-館前",70,0,70
"25414","2841台開","110/07/09","兆豐-永和",0,100,-100
"25415","2841台開","110/07/09","凱基-文心",50,0,50
"25416","2841台開","110/07/09","台新證券",7,28,-21
"25417","2841台開","110/07/09","富邦-嘉義",40,0,40
"25418","2841台開","110/07/09","國票-北高雄",0,20,-20
"25419","2841台開","110/07/09","美商高盛",15,0,15
"25420","2841台開","110/07/09","永豐金-敦南",29,46,-17
"25421","2841台開","110/07/09","台中銀",15,0,15
"25422","2841台開","110/07/09","合庫-基隆",0,12,-12
"25423","2841台開","110/07/09","新光",11,0,11
"25424","2841台開","110/07/09","中國信託-松江",0,12,-12
"25425","2841台開","110/07/09","華南永昌-長虹",10,0,10
"25426","2841台開","110/07/09","兆豐-城中",0,12,-12
"25427","2841台開","110/07/09","永豐金-南投",10,0,10
"25428","2841台開","110/07/09","台中銀-豐原",0,10,-10
"25429","2841台開","110/07/09","合庫-桃園",7,0,7
"25430","2841台開","110/07/09","兆豐-景美",0,10,-10
"25431","2841台開","110/07/09","群益金鼎-古亭",7,0,7
"25432","2841台開","110/07/09","群益金鼎-基隆",0,10,-10
"25433","2841台開","110/07/09","國泰-敦南",6,0,6
"25434","2841台開","110/07/09","元大-北三重",0,10,-10
"25435","2841台開","110/07/09","凱基-桃園",8,2,6
"25436","2841台開","110/07/09","(牛牛牛)亞-網路",0,9,-9
"25437","2841台開","110/07/09","日盛證券",5,0,5
"25438","2841台開","110/07/09","台新-高雄",1,10,-9
"25439","2841台開","110/07/09","元富-文心",5,0,5
"25440","2841台開","110/07/09","凱基-台北",0,7,-7
"25441","6207雷科","110/07/09","群益金鼎-新竹",47,0,47
"25442","6207雷科","110/07/09","新光",7,24,-17
"25443","6207雷科","110/07/09","永豐金-三重",31,0,31
"25444","6207雷科","110/07/09","日盛-和美",0,15,-15
"25445","6207雷科","110/07/09","新加坡商瑞銀",33,5,28
"25446","6207雷科","110/07/09","國泰-台南",0,15,-15
"25447","6207雷科","110/07/09","元大-高雄",26,0,26
"25448","6207雷科","110/07/09","華南永昌-古亭",0,14,-14
"25449","6207雷科","110/07/09","統一-員林",22,0,22
"25450","6207雷科","110/07/09","土銀-白河",0,11,-11
"25451","6207雷科","110/07/09","台新-高雄",22,0,22
"25452","6207雷科","110/07/09","日盛-台南",0,10,-10
"25453","6207雷科","110/07/09","摩根大通",34,17,17
"25454","6207雷科","110/07/09","元富-林園",0,10,-10
"25455","6207雷科","110/07/09","元大-博愛",17,1,16
"25456","6207雷科","110/07/09","富邦-園區",0,10,-10
"25457","6207雷科","110/07/09","日茂-埔里",12,0,12
"25458","6207雷科","110/07/09","元大-上新莊",0,10,-10
"25459","6207雷科","110/07/09","國泰-台中",17,6,11
"25460","6207雷科","110/07/09","永豐金-南京",0,10,-10
"25461","6207雷科","110/07/09","富邦-三重",10,0,10
"25462","6207雷科","110/07/09","兆豐-小港",0,6,-6
"25463","6207雷科","110/07/09","元大-沙鹿",10,0,10
"25464","6207雷科","110/07/09","富邦-羅東",1,7,-6
"25465","6207雷科","110/07/09","元大-八德",10,0,10
"25466","6207雷科","110/07/09","元大-土城永寧",0,6,-6
"25467","6207雷科","110/07/09","第一金-路竹",11,2,9
"25468","6207雷科","110/07/09","永豐金-板盛",0,6,-6
"25469","6207雷科","110/07/09","統一-南京",5,0,5
"25470","6207雷科","110/07/09","日盛-板橋",0,5,-5
"25471","3679新至陞","110/07/09","元大-大天母",10,0,10
"25472","3679新至陞","110/07/09","第一金-光復",0,11,-11
"25473","3679新至陞","110/07/09","日盛-樹林",9,0,9
"25474","3679新至陞","110/07/09","瑞士信貸",0,8,-8
"25475","3679新至陞","110/07/09","凱基-台北",11,2,9
"25476","3679新至陞","110/07/09","大慶-苗栗",0,5,-5
"25477","3679新至陞","110/07/09","華南永昌-小港",8,0,8
"25478","3679新至陞","110/07/09","元大-永春",0,5,-5
"25479","3679新至陞","110/07/09","兆豐-來福",7,0,7
"25480","3679新至陞","110/07/09","日盛-和美",0,4,-4
"25481","3679新至陞","110/07/09","香港上海匯豐",5,0,5
"25482","3679新至陞","110/07/09","元大-雙和",0,3,-3
"25483","3679新至陞","110/07/09","台中銀-員林",3,0,3
"25484","3679新至陞","110/07/09","永豐金-屏東",0,3,-3
"25485","3679新至陞","110/07/09","新光",3,0,3
"25486","3679新至陞","110/07/09","彰銀",0,2,-2
"25487","3679新至陞","110/07/09","土銀-花蓮",2,0,2
"25488","3679新至陞","110/07/09","宏遠-館前",0,2,-2
"25489","3679新至陞","110/07/09","第一金-澎湖",2,0,2
"25490","3679新至陞","110/07/09","港商野村",0,2,-2
"25491","3679新至陞","110/07/09","摩根大通",2,0,2
"25492","3679新至陞","110/07/09","大昌-新店",0,2,-2
"25493","3679新至陞","110/07/09","國泰-敦南",2,0,2
"25494","3679新至陞","110/07/09","元大-新莊",0,2,-2
"25495","3679新至陞","110/07/09","元大-淡水",4,2,2
"25496","3679新至陞","110/07/09","元大-板橋",0,2,-2
"25497","3679新至陞","110/07/09","日盛-士林",1,0,1
"25498","3679新至陞","110/07/09","台灣摩根士丹利",0,1,-1
"25499","3679新至陞","110/07/09","日盛-信義",1,0,1
"25500","3679新至陞","110/07/09","第一金-高雄",0,1,-1
"25501","2727王品","110/07/09","台灣匯立證券",90,0,90
"25502","2727王品","110/07/09","台灣摩根士丹利",0,267,-267
"25503","2727王品","110/07/09","國泰-敦南",166,84,82
"25504","2727王品","110/07/09","富邦-台北",35,299,-264
"25505","2727王品","110/07/09","富邦-仁愛",56,12,44
"25506","2727王品","110/07/09","凱基-台北",174,296,-122
"25507","2727王品","110/07/09","台新證券",109,66,43
"25508","2727王品","110/07/09","第一金",2,102,-100
"25509","2727王品","110/07/09","新光",117,87,30
"25510","2727王品","110/07/09","群益金鼎-大安",0,80,-80
"25511","2727王品","110/07/09","臺銀-臺中",35,6,29
"25512","2727王品","110/07/09","兆豐-大安",7,60,-53
"25513","2727王品","110/07/09","元大-桃園",32,3,29
"25514","2727王品","110/07/09","永豐金-南投",0,50,-50
"25515","2727王品","110/07/09","元富-宜蘭",34,6,28
"25516","2727王品","110/07/09","新加坡商瑞銀",6,46,-40
"25517","2727王品","110/07/09","玉山-台中",34,8,26
"25518","2727王品","110/07/09","合庫-彰化",11,50,-39
"25519","2727王品","110/07/09","群益金鼎-宜蘭",30,4,26
"25520","2727王品","110/07/09","永豐金-萬盛",13,52,-39
"25521","2727王品","110/07/09","富邦-台中",42,16,26
"25522","2727王品","110/07/09","瑞士信貸",0,34,-34
"25523","2727王品","110/07/09","第一金-豐原",25,1,24
"25524","2727王品","110/07/09","元大-和平",4,35,-31
"25525","2727王品","110/07/09","臺銀",30,8,22
"25526","2727王品","110/07/09","美林",14,44,-30
"25527","2727王品","110/07/09","兆豐-來福",23,1,22
"25528","2727王品","110/07/09","元大-員林",9,38,-29
"25529","2727王品","110/07/09","玉山-士林",22,2,20
"25530","2727王品","110/07/09","元富-西松",4,31,-27
"25531","1570力肯","110/07/09","凱基-台北",30,1,29
"25532","1570力肯","110/07/09","群益金鼎-彰化",0,20,-20
"25533","1570力肯","110/07/09","新光-台南",20,0,20
"25534","1570力肯","110/07/09","元大-土城學府",0,20,-20
"25535","1570力肯","110/07/09","元大-高雄",20,0,20
"25536","1570力肯","110/07/09","元大-大統",0,16,-16
"25537","1570力肯","110/07/09","國票-中正",12,0,12
"25538","1570力肯","110/07/09","元大-新營",0,11,-11
"25539","1570力肯","110/07/09","日盛-高雄",6,0,6
"25540","1570力肯","110/07/09","元大-和平",0,10,-10
"25541","1570力肯","110/07/09","元富-緯城",6,0,6
"25542","1570力肯","110/07/09","元大-草屯",0,10,-10
"25543","1570力肯","110/07/09","群益金鼎-台南",6,0,6
"25544","1570力肯","110/07/09","元大-鹿港",0,9,-9
"25545","1570力肯","110/07/09","華南永昌-岡山",6,0,6
"25546","1570力肯","110/07/09","合庫-基隆",0,7,-7
"25547","1570力肯","110/07/09","統一-中壢",5,0,5
"25548","1570力肯","110/07/09","摩根大通",2,8,-6
"25549","1570力肯","110/07/09","凱基-三峽",5,0,5
"25550","1570力肯","110/07/09","台灣企銀-豐原",0,4,-4
"25551","1570力肯","110/07/09","大昌-樹林",4,0,4
"25552","1570力肯","110/07/09","日盛-桃園",0,4,-4
"25553","1570力肯","110/07/09","新光",3,0,3
"25554","1570力肯","110/07/09","國泰-高雄",0,3,-3
"25555","1570力肯","110/07/09","富邦-新竹華信",3,0,3
"25556","1570力肯","110/07/09","永豐金-敦南",0,3,-3
"25557","1570力肯","110/07/09","合庫-台中",2,0,2
"25558","1570力肯","110/07/09","土銀-彰化",0,2,-2
"25559","1570力肯","110/07/09","臺銀-臺中",2,0,2
"25560","1570力肯","110/07/09","臺銀-鳳山",0,2,-2
"25561","6180橘子","110/07/09","摩根大通",63,1,62
"25562","6180橘子","110/07/09","元大-南京",1,32,-31
"25563","6180橘子","110/07/09","富邦-陽明",73,33,40
"25564","6180橘子","110/07/09","群益金鼎-台北",0,25,-25
"25565","6180橘子","110/07/09","新加坡商瑞銀",31,0,31
"25566","6180橘子","110/07/09","兆豐-復興",0,21,-21
"25567","6180橘子","110/07/09","美商高盛",25,0,25
"25568","6180橘子","110/07/09","永豐金-嘉義",0,21,-21
"25569","6180橘子","110/07/09","凱基-台北",26,10,16
"25570","6180橘子","110/07/09","凱基-中壢",8,24,-16
"25571","6180橘子","110/07/09","華南永昌-楠梓",13,0,13
"25572","6180橘子","110/07/09","致和-崇德",0,15,-15
"25573","6180橘子","110/07/09","華南永昌-朴子",11,0,11
"25574","6180橘子","110/07/09","群益金鼎-屏東",0,15,-15
"25575","6180橘子","110/07/09","元大-北港",11,0,11
"25576","6180橘子","110/07/09","群益金鼎-中山",0,15,-15
"25577","6180橘子","110/07/09","元大-成功",10,1,9
"25578","6180橘子","110/07/09","瑞士信貸",1,15,-14
"25579","6180橘子","110/07/09","新光",26,18,8
"25580","6180橘子","110/07/09","日盛-二林",0,10,-10
"25581","6180橘子","110/07/09","統一-三重",6,0,6
"25582","6180橘子","110/07/09","凱基-東門",0,10,-10
"25583","6180橘子","110/07/09","群益金鼎-嘉義",6,0,6
"25584","6180橘子","110/07/09","華南永昌-三重",0,10,-10
"25585","6180橘子","110/07/09","元大-員林中山",6,0,6
"25586","6180橘子","110/07/09","元大-彰化民生",1,11,-10
"25587","6180橘子","110/07/09","合庫-鳳山",5,0,5
"25588","6180橘子","110/07/09","永豐金-新店",1,11,-10
"25589","6180橘子","110/07/09","富邦-建國",6,1,5
"25590","6180橘子","110/07/09","群益金鼎-丹鳳",0,8,-8
"25591","2390云辰","110/07/09","摩根大通",279,56,223
"25592","2390云辰","110/07/09","元大-天母",0,127,-127
"25593","2390云辰","110/07/09","日盛-鳳山",110,2,108
"25594","2390云辰","110/07/09","中國信託-文心",5,109,-104
"25595","2390云辰","110/07/09","宏遠證券",100,0,100
"25596","2390云辰","110/07/09","永豐金-復興",0,55,-55
"25597","2390云辰","110/07/09","元大-大里",63,6,57
"25598","2390云辰","110/07/09","凱基-台北",239,286,-47
"25599","2390云辰","110/07/09","凱基-八德",59,10,49
"25600","2390云辰","110/07/09","德信",2,32,-30
"25601","2390云辰","110/07/09","合庫-新竹",40,0,40
"25602","2390云辰","110/07/09","兆豐-桃鶯",2,32,-30
"25603","2390云辰","110/07/09","國票",40,1,39
"25604","2390云辰","110/07/09","致和-南京",0,30,-30
"25605","2390云辰","110/07/09","新加坡商瑞銀",49,13,36
"25606","2390云辰","110/07/09","富邦-虎尾",1,31,-30
"25607","2390云辰","110/07/09","統一-新台中",36,2,34
"25608","2390云辰","110/07/09","元大-善化",2,31,-29
"25609","2390云辰","110/07/09","國票-嘉義",31,0,31
"25610","2390云辰","110/07/09","富邦-板橋",0,27,-27
"25611","2390云辰","110/07/09","華南永昌",35,7,28
"25612","2390云辰","110/07/09","富邦-永和",3,28,-25
"25613","2390云辰","110/07/09","玉山-台中",49,22,27
"25614","2390云辰","110/07/09","第一金-自由",20,44,-24
"25615","2390云辰","110/07/09","華南永昌-敦南",25,0,25
"25616","2390云辰","110/07/09","凱基-內湖",0,24,-24
"25617","2390云辰","110/07/09","新光-高雄",27,4,23
"25618","2390云辰","110/07/09","元大-汐止",1,24,-23
"25619","2390云辰","110/07/09","台灣摩根士丹利",85,63,22
"25620","2390云辰","110/07/09","新光-台中",12,33,-21
"25621","4903聯光通","110/07/09","元大-敦南",10,0,10
"25622","4903聯光通","110/07/09","第一金-台中",0,12,-12
"25623","4903聯光通","110/07/09","凱基-士林",5,0,5
"25624","4903聯光通","110/07/09","日盛-忠孝",0,3,-3
"25625","4903聯光通","110/07/09","元大-苗栗",5,0,5
"25626","4903聯光通","110/07/09","群益金鼎-崇德",0,3,-3
"25627","4903聯光通","110/07/09","元大-屏南",3,0,3
"25628","4903聯光通","110/07/09","國票-內壢",0,2,-2
"25629","4903聯光通","110/07/09","中國信託-永康",1,0,1
"25630","4903聯光通","110/07/09","康和-南崁",0,2,-2
"25631","4903聯光通","110/07/09","玉山證券",1,0,1
"25632","4903聯光通","110/07/09","新光-台中",0,2,-2
"25633","4903聯光通","110/07/09","元大-太平",4,3,1
"25634","4903聯光通","110/07/09","玉山-城中",0,2,-2
"25635","4903聯光通","110/07/09","永豐金-嘉義",1,0,1
"25636","4903聯光通","110/07/09","中國信託-文心",0,1,-1
"25637","4903聯光通","110/07/09","大昌",0,0,0
"25638","4903聯光通","110/07/09","大昌",0,0,0
"25639","4903聯光通","110/07/09","中農",0,0,0
"25640","4903聯光通","110/07/09","中農",0,0,0
"25641","2929淘帝","110/07/09","台中銀-台北",110,0,110
"25642","2929淘帝","110/07/09","新光",2,82,-80
"25643","2929淘帝","110/07/09","華南永昌-頭份",72,0,72
"25644","2929淘帝","110/07/09","摩根大通",2,63,-61
"25645","2929淘帝","110/07/09","合庫-高雄",71,0,71
"25646","2929淘帝","110/07/09","第一金-路竹",0,50,-50
"25647","2929淘帝","110/07/09","高橋-龍潭",37,0,37
"25648","2929淘帝","110/07/09","港商麥格理",0,42,-42
"25649","2929淘帝","110/07/09","新光-台中",60,26,34
"25650","2929淘帝","110/07/09","陽信-石牌",0,40,-40
"25651","2929淘帝","110/07/09","元富-大裕",22,1,21
"25652","2929淘帝","110/07/09","台新-左楠",1,39,-38
"25653","2929淘帝","110/07/09","合庫-鳳山",20,0,20
"25654","2929淘帝","110/07/09","凱基-桃園",3,29,-26
"25655","2929淘帝","110/07/09","元大-員林",22,2,20
"25656","2929淘帝","110/07/09","兆豐-內湖",0,25,-25
"25657","2929淘帝","110/07/09","台新-建北",15,0,15
"25658","2929淘帝","110/07/09","元大-北港",0,20,-20
"25659","2929淘帝","110/07/09","兆豐-桃園",13,0,13
"25660","2929淘帝","110/07/09","富邦-北港",0,19,-19
"25661","2929淘帝","110/07/09","兆豐-忠孝",10,0,10
"25662","2929淘帝","110/07/09","富邦-花蓮",0,17,-17
"25663","2929淘帝","110/07/09","國票-敦北法人",10,0,10
"25664","2929淘帝","110/07/09","國泰-台中",2,17,-15
"25665","2929淘帝","110/07/09","永豐金-博愛",10,0,10
"25666","2929淘帝","110/07/09","群益金鼎-彰化",0,15,-15
"25667","2929淘帝","110/07/09","群益金鼎-潭子",8,0,8
"25668","2929淘帝","110/07/09","元大-博愛",0,14,-14
"25669","2929淘帝","110/07/09","富邦-南屯",8,0,8
"25670","2929淘帝","110/07/09","日盛-板橋",0,13,-13
"25671","5410國眾","110/07/09","元大-新盛",14,0,14
"25672","5410國眾","110/07/09","(牛牛牛)亞-鑫豐",1,41,-40
"25673","5410國眾","110/07/09","台灣企銀-民雄",10,0,10
"25674","5410國眾","110/07/09","元富-嘉義",0,25,-25
"25675","5410國眾","110/07/09","元富-虎尾",9,0,9
"25676","5410國眾","110/07/09","凱基-高美館",0,10,-10
"25677","5410國眾","110/07/09","摩根大通",10,1,9
"25678","5410國眾","110/07/09","凱基-城中",0,10,-10
"25679","5410國眾","110/07/09","兆豐-北高雄",7,0,7
"25680","5410國眾","110/07/09","元大-頭份",0,10,-10
"25681","5410國眾","110/07/09","凱基-台北",8,1,7
"25682","5410國眾","110/07/09","群益金鼎-丹鳳",0,7,-7
"25683","5410國眾","110/07/09","華南永昌-公誠",7,0,7
"25684","5410國眾","110/07/09","凱基-復興",0,7,-7
"25685","5410國眾","110/07/09","香港上海匯豐",6,0,6
"25686","5410國眾","110/07/09","元大-員林",0,7,-7
"25687","5410國眾","110/07/09","凱基-中壢",6,0,6
"25688","5410國眾","110/07/09","富邦-竹東",0,6,-6
"25689","5410國眾","110/07/09","華南永昌-南京",6,0,6
"25690","5410國眾","110/07/09","亞東-高雄",0,5,-5
"25691","5410國眾","110/07/09","統一-三重",5,0,5
"25692","5410國眾","110/07/09","大慶-中壢",1,6,-5
"25693","5410國眾","110/07/09","富邦-宜蘭",5,0,5
"25694","5410國眾","110/07/09","群益金鼎-中港",0,5,-5
"25695","5410國眾","110/07/09","元大-崇德",5,0,5
"25696","5410國眾","110/07/09","元大-八德",0,5,-5
"25697","5410國眾","110/07/09","元大-博愛",5,0,5
"25698","5410國眾","110/07/09","富邦-基隆",0,4,-4
"25699","5410國眾","110/07/09","元大-龍潭",5,0,5
"25700","5410國眾","110/07/09","臺銀-新竹",0,3,-3
"25701","2841台開","110/07/09","日盛-雙和",102,0,102
"25702","2841台開","110/07/09","港商野村",0,129,-129
"25703","2841台開","110/07/09","元大-館前",70,0,70
"25704","2841台開","110/07/09","兆豐-永和",0,100,-100
"25705","2841台開","110/07/09","凱基-文心",50,0,50
"25706","2841台開","110/07/09","台新證券",7,28,-21
"25707","2841台開","110/07/09","富邦-嘉義",40,0,40
"25708","2841台開","110/07/09","國票-北高雄",0,20,-20
"25709","2841台開","110/07/09","美商高盛",15,0,15
"25710","2841台開","110/07/09","永豐金-敦南",29,46,-17
"25711","2841台開","110/07/09","台中銀",15,0,15
"25712","2841台開","110/07/09","合庫-基隆",0,12,-12
"25713","2841台開","110/07/09","新光",11,0,11
"25714","2841台開","110/07/09","中國信託-松江",0,12,-12
"25715","2841台開","110/07/09","華南永昌-長虹",10,0,10
"25716","2841台開","110/07/09","兆豐-城中",0,12,-12
"25717","2841台開","110/07/09","永豐金-南投",10,0,10
"25718","2841台開","110/07/09","台中銀-豐原",0,10,-10
"25719","2841台開","110/07/09","合庫-桃園",7,0,7
"25720","2841台開","110/07/09","兆豐-景美",0,10,-10
"25721","2841台開","110/07/09","群益金鼎-古亭",7,0,7
"25722","2841台開","110/07/09","群益金鼎-基隆",0,10,-10
"25723","2841台開","110/07/09","國泰-敦南",6,0,6
"25724","2841台開","110/07/09","元大-北三重",0,10,-10
"25725","2841台開","110/07/09","凱基-桃園",8,2,6
"25726","2841台開","110/07/09","(牛牛牛)亞-網路",0,9,-9
"25727","2841台開","110/07/09","日盛證券",5,0,5
"25728","2841台開","110/07/09","台新-高雄",1,10,-9
"25729","2841台開","110/07/09","元富-文心",5,0,5
"25730","2841台開","110/07/09","凱基-台北",0,7,-7
"25731","6207雷科","110/07/09","群益金鼎-新竹",47,0,47
"25732","6207雷科","110/07/09","新光",7,24,-17
"25733","6207雷科","110/07/09","永豐金-三重",31,0,31
"25734","6207雷科","110/07/09","日盛-和美",0,15,-15
"25735","6207雷科","110/07/09","新加坡商瑞銀",33,5,28
"25736","6207雷科","110/07/09","國泰-台南",0,15,-15
"25737","6207雷科","110/07/09","元大-高雄",26,0,26
"25738","6207雷科","110/07/09","華南永昌-古亭",0,14,-14
"25739","6207雷科","110/07/09","統一-員林",22,0,22
"25740","6207雷科","110/07/09","土銀-白河",0,11,-11
"25741","6207雷科","110/07/09","台新-高雄",22,0,22
"25742","6207雷科","110/07/09","日盛-台南",0,10,-10
"25743","6207雷科","110/07/09","摩根大通",34,17,17
"25744","6207雷科","110/07/09","元富-林園",0,10,-10
"25745","6207雷科","110/07/09","元大-博愛",17,1,16
"25746","6207雷科","110/07/09","富邦-園區",0,10,-10
"25747","6207雷科","110/07/09","日茂-埔里",12,0,12
"25748","6207雷科","110/07/09","元大-上新莊",0,10,-10
"25749","6207雷科","110/07/09","國泰-台中",17,6,11
"25750","6207雷科","110/07/09","永豐金-南京",0,10,-10
"25751","6207雷科","110/07/09","富邦-三重",10,0,10
"25752","6207雷科","110/07/09","兆豐-小港",0,6,-6
"25753","6207雷科","110/07/09","元大-沙鹿",10,0,10
"25754","6207雷科","110/07/09","富邦-羅東",1,7,-6
"25755","6207雷科","110/07/09","元大-八德",10,0,10
"25756","6207雷科","110/07/09","元大-土城永寧",0,6,-6
"25757","6207雷科","110/07/09","第一金-路竹",11,2,9
"25758","6207雷科","110/07/09","永豐金-板盛",0,6,-6
"25759","6207雷科","110/07/09","統一-南京",5,0,5
"25760","6207雷科","110/07/09","日盛-板橋",0,5,-5
"25761","3679新至陞","110/07/09","元大-大天母",10,0,10
"25762","3679新至陞","110/07/09","第一金-光復",0,11,-11
"25763","3679新至陞","110/07/09","日盛-樹林",9,0,9
"25764","3679新至陞","110/07/09","瑞士信貸",0,8,-8
"25765","3679新至陞","110/07/09","凱基-台北",11,2,9
"25766","3679新至陞","110/07/09","大慶-苗栗",0,5,-5
"25767","3679新至陞","110/07/09","華南永昌-小港",8,0,8
"25768","3679新至陞","110/07/09","元大-永春",0,5,-5
"25769","3679新至陞","110/07/09","兆豐-來福",7,0,7
"25770","3679新至陞","110/07/09","日盛-和美",0,4,-4
"25771","3679新至陞","110/07/09","香港上海匯豐",5,0,5
"25772","3679新至陞","110/07/09","元大-雙和",0,3,-3
"25773","3679新至陞","110/07/09","台中銀-員林",3,0,3
"25774","3679新至陞","110/07/09","永豐金-屏東",0,3,-3
"25775","3679新至陞","110/07/09","新光",3,0,3
"25776","3679新至陞","110/07/09","彰銀",0,2,-2
"25777","3679新至陞","110/07/09","土銀-花蓮",2,0,2
"25778","3679新至陞","110/07/09","宏遠-館前",0,2,-2
"25779","3679新至陞","110/07/09","第一金-澎湖",2,0,2
"25780","3679新至陞","110/07/09","港商野村",0,2,-2
"25781","3679新至陞","110/07/09","摩根大通",2,0,2
"25782","3679新至陞","110/07/09","大昌-新店",0,2,-2
"25783","3679新至陞","110/07/09","國泰-敦南",2,0,2
"25784","3679新至陞","110/07/09","元大-新莊",0,2,-2
"25785","3679新至陞","110/07/09","元大-淡水",4,2,2
"25786","3679新至陞","110/07/09","元大-板橋",0,2,-2
"25787","3679新至陞","110/07/09","日盛-士林",1,0,1
"25788","3679新至陞","110/07/09","台灣摩根士丹利",0,1,-1
"25789","3679新至陞","110/07/09","日盛-信義",1,0,1
"25790","3679新至陞","110/07/09","第一金-高雄",0,1,-1
"25791","2727王品","110/07/09","台灣匯立證券",90,0,90
"25792","2727王品","110/07/09","台灣摩根士丹利",0,267,-267
"25793","2727王品","110/07/09","國泰-敦南",166,84,82
"25794","2727王品","110/07/09","富邦-台北",35,299,-264
"25795","2727王品","110/07/09","富邦-仁愛",56,12,44
"25796","2727王品","110/07/09","凱基-台北",174,296,-122
"25797","2727王品","110/07/09","台新證券",109,66,43
"25798","2727王品","110/07/09","第一金",2,102,-100
"25799","2727王品","110/07/09","新光",117,87,30
"25800","2727王品","110/07/09","群益金鼎-大安",0,80,-80
"25801","2727王品","110/07/09","臺銀-臺中",35,6,29
"25802","2727王品","110/07/09","兆豐-大安",7,60,-53
"25803","2727王品","110/07/09","元大-桃園",32,3,29
"25804","2727王品","110/07/09","永豐金-南投",0,50,-50
"25805","2727王品","110/07/09","元富-宜蘭",34,6,28
"25806","2727王品","110/07/09","新加坡商瑞銀",6,46,-40
"25807","2727王品","110/07/09","玉山-台中",34,8,26
"25808","2727王品","110/07/09","合庫-彰化",11,50,-39
"25809","2727王品","110/07/09","群益金鼎-宜蘭",30,4,26
"25810","2727王品","110/07/09","永豐金-萬盛",13,52,-39
"25811","2727王品","110/07/09","富邦-台中",42,16,26
"25812","2727王品","110/07/09","瑞士信貸",0,34,-34
"25813","2727王品","110/07/09","第一金-豐原",25,1,24
"25814","2727王品","110/07/09","元大-和平",4,35,-31
"25815","2727王品","110/07/09","臺銀",30,8,22
"25816","2727王品","110/07/09","美林",14,44,-30
"25817","2727王品","110/07/09","兆豐-來福",23,1,22
"25818","2727王品","110/07/09","元大-員林",9,38,-29
"25819","2727王品","110/07/09","玉山-士林",22,2,20
"25820","2727王品","110/07/09","元富-西松",4,31,-27
"25821","1570力肯","110/07/09","凱基-台北",30,1,29
"25822","1570力肯","110/07/09","群益金鼎-彰化",0,20,-20
"25823","1570力肯","110/07/09","新光-台南",20,0,20
"25824","1570力肯","110/07/09","元大-土城學府",0,20,-20
"25825","1570力肯","110/07/09","元大-高雄",20,0,20
"25826","1570力肯","110/07/09","元大-大統",0,16,-16
"25827","1570力肯","110/07/09","國票-中正",12,0,12
"25828","1570力肯","110/07/09","元大-新營",0,11,-11
"25829","1570力肯","110/07/09","日盛-高雄",6,0,6
"25830","1570力肯","110/07/09","元大-和平",0,10,-10
"25831","1570力肯","110/07/09","元富-緯城",6,0,6
"25832","1570力肯","110/07/09","元大-草屯",0,10,-10
"25833","1570力肯","110/07/09","群益金鼎-台南",6,0,6
"25834","1570力肯","110/07/09","元大-鹿港",0,9,-9
"25835","1570力肯","110/07/09","華南永昌-岡山",6,0,6
"25836","1570力肯","110/07/09","合庫-基隆",0,7,-7
"25837","1570力肯","110/07/09","統一-中壢",5,0,5
"25838","1570力肯","110/07/09","摩根大通",2,8,-6
"25839","1570力肯","110/07/09","凱基-三峽",5,0,5
"25840","1570力肯","110/07/09","台灣企銀-豐原",0,4,-4
"25841","1570力肯","110/07/09","大昌-樹林",4,0,4
"25842","1570力肯","110/07/09","日盛-桃園",0,4,-4
"25843","1570力肯","110/07/09","新光",3,0,3
"25844","1570力肯","110/07/09","國泰-高雄",0,3,-3
"25845","1570力肯","110/07/09","富邦-新竹華信",3,0,3
"25846","1570力肯","110/07/09","永豐金-敦南",0,3,-3
"25847","1570力肯","110/07/09","合庫-台中",2,0,2
"25848","1570力肯","110/07/09","土銀-彰化",0,2,-2
"25849","1570力肯","110/07/09","臺銀-臺中",2,0,2
"25850","1570力肯","110/07/09","臺銀-鳳山",0,2,-2
"25851","6180橘子","110/07/09","摩根大通",63,1,62
"25852","6180橘子","110/07/09","元大-南京",1,32,-31
"25853","6180橘子","110/07/09","富邦-陽明",73,33,40
"25854","6180橘子","110/07/09","群益金鼎-台北",0,25,-25
"25855","6180橘子","110/07/09","新加坡商瑞銀",31,0,31
"25856","6180橘子","110/07/09","兆豐-復興",0,21,-21
"25857","6180橘子","110/07/09","美商高盛",25,0,25
"25858","6180橘子","110/07/09","永豐金-嘉義",0,21,-21
"25859","6180橘子","110/07/09","凱基-台北",26,10,16
"25860","6180橘子","110/07/09","凱基-中壢",8,24,-16
"25861","6180橘子","110/07/09","華南永昌-楠梓",13,0,13
"25862","6180橘子","110/07/09","致和-崇德",0,15,-15
"25863","6180橘子","110/07/09","華南永昌-朴子",11,0,11
"25864","6180橘子","110/07/09","群益金鼎-屏東",0,15,-15
"25865","6180橘子","110/07/09","元大-北港",11,0,11
"25866","6180橘子","110/07/09","群益金鼎-中山",0,15,-15
"25867","6180橘子","110/07/09","元大-成功",10,1,9
"25868","6180橘子","110/07/09","瑞士信貸",1,15,-14
"25869","6180橘子","110/07/09","新光",26,18,8
"25870","6180橘子","110/07/09","日盛-二林",0,10,-10
"25871","6180橘子","110/07/09","統一-三重",6,0,6
"25872","6180橘子","110/07/09","凱基-東門",0,10,-10
"25873","6180橘子","110/07/09","群益金鼎-嘉義",6,0,6
"25874","6180橘子","110/07/09","華南永昌-三重",0,10,-10
"25875","6180橘子","110/07/09","元大-員林中山",6,0,6
"25876","6180橘子","110/07/09","元大-彰化民生",1,11,-10
"25877","6180橘子","110/07/09","合庫-鳳山",5,0,5
"25878","6180橘子","110/07/09","永豐金-新店",1,11,-10
"25879","6180橘子","110/07/09","富邦-建國",6,1,5
"25880","6180橘子","110/07/09","群益金鼎-丹鳳",0,8,-8
"25881","2390云辰","110/07/09","摩根大通",279,56,223
"25882","2390云辰","110/07/09","元大-天母",0,127,-127
"25883","2390云辰","110/07/09","日盛-鳳山",110,2,108
"25884","2390云辰","110/07/09","中國信託-文心",5,109,-104
"25885","2390云辰","110/07/09","宏遠證券",100,0,100
"25886","2390云辰","110/07/09","永豐金-復興",0,55,-55
"25887","2390云辰","110/07/09","元大-大里",63,6,57
"25888","2390云辰","110/07/09","凱基-台北",239,286,-47
"25889","2390云辰","110/07/09","凱基-八德",59,10,49
"25890","2390云辰","110/07/09","德信",2,32,-30
"25891","2390云辰","110/07/09","合庫-新竹",40,0,40
"25892","2390云辰","110/07/09","兆豐-桃鶯",2,32,-30
"25893","2390云辰","110/07/09","國票",40,1,39
"25894","2390云辰","110/07/09","致和-南京",0,30,-30
"25895","2390云辰","110/07/09","新加坡商瑞銀",49,13,36
"25896","2390云辰","110/07/09","富邦-虎尾",1,31,-30
"25897","2390云辰","110/07/09","統一-新台中",36,2,34
"25898","2390云辰","110/07/09","元大-善化",2,31,-29
"25899","2390云辰","110/07/09","國票-嘉義",31,0,31
"25900","2390云辰","110/07/09","富邦-板橋",0,27,-27
"25901","2390云辰","110/07/09","華南永昌",35,7,28
"25902","2390云辰","110/07/09","富邦-永和",3,28,-25
"25903","2390云辰","110/07/09","玉山-台中",49,22,27
"25904","2390云辰","110/07/09","第一金-自由",20,44,-24
"25905","2390云辰","110/07/09","華南永昌-敦南",25,0,25
"25906","2390云辰","110/07/09","凱基-內湖",0,24,-24
"25907","2390云辰","110/07/09","新光-高雄",27,4,23
"25908","2390云辰","110/07/09","元大-汐止",1,24,-23
"25909","2390云辰","110/07/09","台灣摩根士丹利",85,63,22
"25910","2390云辰","110/07/09","新光-台中",12,33,-21
"25911","4903聯光通","110/07/08","元富-新興",18,0,18
"25912","4903聯光通","110/07/08","中國信託-中壢",0,14,-14
"25913","4903聯光通","110/07/08","元大-苗栗",9,0,9
"25914","4903聯光通","110/07/08","彰銀",0,7,-7
"25915","4903聯光通","110/07/08","兆豐-鹿港",3,0,3
"25916","4903聯光通","110/07/08","中國信託-松江",0,5,-5
"25917","4903聯光通","110/07/08","群益金鼎-萬華",2,0,2
"25918","4903聯光通","110/07/08","光和",0,2,-2
"25919","4903聯光通","110/07/08","元大-屏南",1,0,1
"25920","4903聯光通","110/07/08","元大-鶯歌",0,2,-2
"25921","4903聯光通","110/07/08","華南永昌-新莊",0,0,0
"25922","4903聯光通","110/07/08","群益金鼎-館前",0,1,-1
"25923","4903聯光通","110/07/08","元大-羅東",0,0,0
"25924","4903聯光通","110/07/08","華南永昌",0,1,-1
"25925","4903聯光通","110/07/08","元大-太平",2,3,-1
"25926","4903聯光通","110/07/08","華南永昌-新莊",0,0,0
"25927","4903聯光通","110/07/08","元大-羅東",0,0,0
"25928","2929淘帝","110/07/08","日盛-園區",90,6,84
"25929","2929淘帝","110/07/08","元大-太平",1,111,-110
"25930","2929淘帝","110/07/08","華南永昌-頭份",54,0,54
"25931","2929淘帝","110/07/08","港商野村",31,106,-75
"25932","2929淘帝","110/07/08","美商高盛",50,0,50
"25933","2929淘帝","110/07/08","凱基-板橋",62,111,-49
"25934","2929淘帝","110/07/08","台中銀-台北",50,0,50
"25935","2929淘帝","110/07/08","新光-台中",30,78,-48
"25936","2929淘帝","110/07/08","臺銀-臺南",30,0,30
"25937","2929淘帝","110/07/08","元富-永和",1,41,-40
"25938","2929淘帝","110/07/08","永豐金-大園",42,12,30
"25939","2929淘帝","110/07/08","永豐金-鳳山",0,28,-28
"25940","2929淘帝","110/07/08","元富-三重",30,1,29
"25941","2929淘帝","110/07/08","元大-南崁",0,26,-26
"25942","2929淘帝","110/07/08","兆豐-桃鶯",29,0,29
"25943","2929淘帝","110/07/08","元大-花蓮",2,27,-25
"25944","2929淘帝","110/07/08","元大-承德",20,3,17
"25945","2929淘帝","110/07/08","元大-府城",0,24,-24
"25946","2929淘帝","110/07/08","新光-新竹",13,0,13
"25947","2929淘帝","110/07/08","新光",21,43,-22
"25948","2929淘帝","110/07/08","富邦-內湖",13,0,13
"25949","2929淘帝","110/07/08","臺銀-民權",0,20,-20
"25950","2929淘帝","110/07/08","國泰-板橋",13,1,12
"25951","2929淘帝","110/07/08","摩根大通",66,84,-18
"25952","2929淘帝","110/07/08","第一金-大稻埕",10,0,10
"25953","2929淘帝","110/07/08","凱基-台北",0,17,-17
"25954","2929淘帝","110/07/08","統一-汐止",10,0,10
"25955","2929淘帝","110/07/08","元大-博愛",6,23,-17
"25956","2929淘帝","110/07/08","元富-大裕",10,0,10
"25957","2929淘帝","110/07/08","永豐金-桃盛",0,16,-16
"25958","5410國眾","110/07/08","元大-新盛",15,0,15
"25959","5410國眾","110/07/08","元大-旗山",0,50,-50
"25960","5410國眾","110/07/08","元大-屏南",10,0,10
"25961","5410國眾","110/07/08","元大-頭份",0,14,-14
"25962","5410國眾","110/07/08","元大-成功",10,0,10
"25963","5410國眾","110/07/08","國泰-高雄",0,8,-8
"25964","5410國眾","110/07/08","元大-東泰",7,0,7
"25965","5410國眾","110/07/08","元大-小港",0,7,-7
"25966","5410國眾","110/07/08","富邦-陽明",6,0,6
"25967","5410國眾","110/07/08","統一-嘉義",0,5,-5
"25968","5410國眾","110/07/08","臺銀-金山",5,0,5
"25969","5410國眾","110/07/08","兆豐-台中港",0,5,-5
"25970","5410國眾","110/07/08","日盛-員林",5,0,5
"25971","5410國眾","110/07/08","凱基-屏東",0,5,-5
"25972","5410國眾","110/07/08","摩根大通",5,0,5
"25973","5410國眾","110/07/08","元大-八德",0,5,-5
"25974","5410國眾","110/07/08","富邦-桃園",5,0,5
"25975","5410國眾","110/07/08","元富-嘉義",0,4,-4
"25976","5410國眾","110/07/08","元富-大昌",4,0,4
"25977","5410國眾","110/07/08","玉山-雙和",0,4,-4
"25978","5410國眾","110/07/08","台新-台中",4,0,4
"25979","5410國眾","110/07/08","凱基-高美館",1,5,-4
"25980","5410國眾","110/07/08","華南永昌-小港",5,1,4
"25981","5410國眾","110/07/08","統一-員林",0,3,-3
"25982","5410國眾","110/07/08","元大-新竹",5,1,4
"25983","5410國眾","110/07/08","臺銀-鳳山",0,2,-2
"25984","5410國眾","110/07/08","元大-土城學府",4,0,4
"25985","5410國眾","110/07/08","亞東",0,2,-2
"25986","5410國眾","110/07/08","元大-新莊",4,0,4
"25987","5410國眾","110/07/08","新光",0,2,-2
"25988","2841台開","110/07/08","元大-樹林",653,0,653
"25989","2841台開","110/07/08","港商野村",0,868,-868
"25990","2841台開","110/07/08","台新證券",115,0,115
"25991","2841台開","110/07/08","群益金鼎-忠孝",0,100,-100
"25992","2841台開","110/07/08","永豐金-豐原",105,0,105
"25993","2841台開","110/07/08","宏遠-高雄",0,56,-56
"25994","2841台開","110/07/08","元富-新興",100,0,100
"25995","2841台開","110/07/08","新光",3,38,-35
"25996","2841台開","110/07/08","凱基-文心",50,0,50
"25997","2841台開","110/07/08","花旗環球",0,29,-29
"25998","2841台開","110/07/08","元大-八德",40,0,40
"25999","2841台開","110/07/08","富邦-仁愛",2,30,-28
"26000","2841台開","110/07/08","日盛-雙和",30,0,30
"26001","2841台開","110/07/08","元富-潮州",0,24,-24
"26002","2841台開","110/07/08","統一-竹南",30,0,30
"26003","2841台開","110/07/08","元大-沙鹿",0,20,-20
"26004","2841台開","110/07/08","凱基-台南",30,0,30
"26005","2841台開","110/07/08","元大-汐止",0,20,-20
"26006","2841台開","110/07/08","元大-福營",30,0,30
"26007","2841台開","110/07/08","合庫-嘉義",2,20,-18
"26008","2841台開","110/07/08","合庫-台中",22,0,22
"26009","2841台開","110/07/08","國泰-敦南",3,21,-18
"26010","2841台開","110/07/08","大昌-安康",28,10,18
"26011","2841台開","110/07/08","日盛-竹北",0,15,-15
"26012","2841台開","110/07/08","元大-斗信",15,0,15
"26013","2841台開","110/07/08","元大-三重",0,15,-15
"26014","2841台開","110/07/08","富邦-台北",13,0,13
"26015","2841台開","110/07/08","永豐金-敦南",45,60,-15
"26016","2841台開","110/07/08","合庫-桃園",10,0,10
"26017","2841台開","110/07/08","(牛牛牛)亞-網路",0,12,-12
"26018","6207雷科","110/07/08","台新-高雄",54,2,52
"26019","6207雷科","110/07/08","群益金鼎-丹鳳",0,60,-60
"26020","6207雷科","110/07/08","新光-台中",18,0,18
"26021","6207雷科","110/07/08","元大-頭份",1,56,-55
"26022","6207雷科","110/07/08","日盛-嘉義",16,0,16
"26023","6207雷科","110/07/08","國票-中和",0,30,-30
"26024","6207雷科","110/07/08","合庫-鳳山",15,0,15
"26025","6207雷科","110/07/08","凱基-台北",1,29,-28
"26026","6207雷科","110/07/08","臺銀-臺中",12,0,12
"26027","6207雷科","110/07/08","兆豐-板橋",0,25,-25
"26028","6207雷科","110/07/08","群益金鼎-土城",12,0,12
"26029","6207雷科","110/07/08","凱基-城中",4,25,-21
"26030","6207雷科","110/07/08","新光",25,14,11
"26031","6207雷科","110/07/08","日進",0,20,-20
"26032","6207雷科","110/07/08","凱基-中壢",11,0,11
"26033","6207雷科","110/07/08","台新證券",3,20,-17
"26034","6207雷科","110/07/08","台灣企銀",10,0,10
"26035","6207雷科","110/07/08","群益金鼎-中山",0,16,-16
"26036","6207雷科","110/07/08","第一金-新興",11,1,10
"26037","6207雷科","110/07/08","元大-東門",0,16,-16
"26038","6207雷科","110/07/08","元富-吉利",10,0,10
"26039","6207雷科","110/07/08","群益金鼎-大甲",0,13,-13
"26040","6207雷科","110/07/08","光和-和美",10,0,10
"26041","6207雷科","110/07/08","日盛-板橋",0,10,-10
"26042","6207雷科","110/07/08","永豐金-南京",10,0,10
"26043","6207雷科","110/07/08","日盛-中壢",0,10,-10
"26044","6207雷科","110/07/08","土銀",8,0,8
"26045","6207雷科","110/07/08","摩根大通",125,135,-10
"26046","6207雷科","110/07/08","中國信託-高雄",8,0,8
"26047","6207雷科","110/07/08","凱基-五股",0,10,-10
"26048","3679新至陞","110/07/08","華南永昌-台中",17,0,17
"26049","3679新至陞","110/07/08","大慶-蘆洲",0,10,-10
"26050","3679新至陞","110/07/08","國泰-桃園",6,0,6
"26051","3679新至陞","110/07/08","華南永昌-小港",0,7,-7
"26052","3679新至陞","110/07/08","元大-永春",6,0,6
"26053","3679新至陞","110/07/08","國泰-館前",0,3,-3
"26054","3679新至陞","110/07/08","香港上海匯豐",4,0,4
"26055","3679新至陞","110/07/08","元大-板橋",0,3,-3
"26056","3679新至陞","110/07/08","中國信託-新竹",3,0,3
"26057","3679新至陞","110/07/08","港商法國興業",0,2,-2
"26058","3679新至陞","110/07/08","國票-敦北法人",3,0,3
"26059","3679新至陞","110/07/08","第一金-忠孝",0,2,-2
"26060","3679新至陞","110/07/08","群益金鼎-台南",2,0,2
"26061","3679新至陞","110/07/08","元富-古亭",0,2,-2
"26062","3679新至陞","110/07/08","凱基",2,0,2
"26063","3679新至陞","110/07/08","摩根大通",1,3,-2
"26064","3679新至陞","110/07/08","凱基-台北",6,4,2
"26065","3679新至陞","110/07/08","富邦-板橋",0,2,-2
"26066","3679新至陞","110/07/08","日盛-信義",1,0,1
"26067","3679新至陞","110/07/08","元大-文心興安",0,2,-2
"26068","3679新至陞","110/07/08","日盛-新莊",1,0,1
"26069","3679新至陞","110/07/08","臺銀-高雄",0,1,-1
"26070","3679新至陞","110/07/08","大慶",1,0,1
"26071","3679新至陞","110/07/08","日盛-高雄",0,1,-1
"26072","3679新至陞","110/07/08","兆豐-三重",1,0,1
"26073","3679新至陞","110/07/08","日盛-文化",0,1,-1
"26074","3679新至陞","110/07/08","致和-東門",1,0,1
"26075","3679新至陞","110/07/08","美商高盛",0,1,-1
"26076","3679新至陞","110/07/08","台新證券",1,0,1
"26077","3679新至陞","110/07/08","瑞士信貸",0,1,-1
"26078","2727王品","110/07/08","群益金鼎-大安",80,0,80
"26079","2727王品","110/07/08","台灣摩根士丹利",1,300,-299
"26080","2727王品","110/07/08","富邦-台北",237,165,72
"26081","2727王品","110/07/08","元大證券",173,439,-266
"26082","2727王品","110/07/08","永豐金-萬盛",55,5,50
"26083","2727王品","110/07/08","統一",33,200,-167
"26084","2727王品","110/07/08","永豐金-南投",53,10,43
"26085","2727王品","110/07/08","凱基-台北",476,615,-139
"26086","2727王品","110/07/08","國泰-敦南",190,148,42
"26087","2727王品","110/07/08","永豐金-松山",8,138,-130
"26088","2727王品","110/07/08","台新-高雄",71,36,35
"26089","2727王品","110/07/08","新加坡商瑞銀",38,138,-100
"26090","2727王品","110/07/08","富邦-建國",62,27,35
"26091","2727王品","110/07/08","富邦-嘉義",84,182,-98
"26092","2727王品","110/07/08","永豐金證券",50,15,35
"26093","2727王品","110/07/08","元富-台南",4,99,-95
"26094","2727王品","110/07/08","港商野村",185,152,33
"26095","2727王品","110/07/08","凱基-永華",4,92,-88
"26096","2727王品","110/07/08","元大-嘉義",35,3,32
"26097","2727王品","110/07/08","凱基-大直",2,73,-71
"26098","2727王品","110/07/08","台新-三民",35,4,31
"26099","2727王品","110/07/08","美林",105,164,-59
"26100","2727王品","110/07/08","凱基-桃園",35,4,31
"26101","2727王品","110/07/08","第一金-台南",11,63,-52
"26102","2727王品","110/07/08","元大-和平",41,10,31
"26103","2727王品","110/07/08","摩根大通",216,259,-43
"26104","2727王品","110/07/08","兆豐-大安",33,5,28
"26105","2727王品","110/07/08","元大-員林",9,50,-41
"26106","2727王品","110/07/08","元大-新盛",33,6,27
"26107","2727王品","110/07/08","兆豐-虎尾",1,41,-40
"26108","1570力肯","110/07/08","群益金鼎-三重",20,0,20
"26109","1570力肯","110/07/08","中國信託-永康",0,26,-26
"26110","1570力肯","110/07/08","凱基-中壢",20,0,20
"26111","1570力肯","110/07/08","統一-敦南",0,12,-12
"26112","1570力肯","110/07/08","群益金鼎-台南",14,0,14
"26113","1570力肯","110/07/08","國票-博愛",0,10,-10
"26114","1570力肯","110/07/08","元富-緯城",10,0,10
"26115","1570力肯","110/07/08","元大-西門",0,10,-10
"26116","1570力肯","110/07/08","瑞士信貸",7,0,7
"26117","1570力肯","110/07/08","新光",0,9,-9
"26118","1570力肯","110/07/08","摩根大通",6,0,6
"26119","1570力肯","110/07/08","永豐金-大園",0,9,-9
"26120","1570力肯","110/07/08","土銀-白河",5,0,5
"26121","1570力肯","110/07/08","日盛-大墩",0,6,-6
"26122","1570力肯","110/07/08","台灣摩根士丹利",4,0,4
"26123","1570力肯","110/07/08","台新證券",0,6,-6
"26124","1570力肯","110/07/08","元大-新莊",3,0,3
"26125","1570力肯","110/07/08","永全",0,5,-5
"26126","1570力肯","110/07/08","永豐金-苓雅",3,0,3
"26127","1570力肯","110/07/08","元大-天母",0,5,-5
"26128","1570力肯","110/07/08","合庫-三重",2,0,2
"26129","1570力肯","110/07/08","元富-吉利",0,3,-3
"26130","1570力肯","110/07/08","(牛牛牛)亞-鑫豐",2,0,2
"26131","1570力肯","110/07/08","國泰-高雄",0,3,-3
"26132","1570力肯","110/07/08","玉山-大里",2,0,2
"26133","1570力肯","110/07/08","群益金鼎-北高雄",0,3,-3
"26134","1570力肯","110/07/08","國泰-敦南",2,0,2
"26135","1570力肯","110/07/08","群益金鼎-東門",0,2,-2
"26136","1570力肯","110/07/08","華南永昌-岡山",2,0,2
"26137","1570力肯","110/07/08","日盛-高雄",5,6,-1
"26138","6180橘子","110/07/08","新光",30,4,26
"26139","6180橘子","110/07/08","元大-土城學府",0,89,-89
"26140","6180橘子","110/07/08","康和-台南",22,0,22
"26141","6180橘子","110/07/08","凱基-東勢",1,66,-65
"26142","6180橘子","110/07/08","國泰-板橋",22,0,22
"26143","6180橘子","110/07/08","光和",0,64,-64
"26144","6180橘子","110/07/08","日盛-文化",21,0,21
"26145","6180橘子","110/07/08","中國信託-忠孝",0,50,-50
"26146","6180橘子","110/07/08","中國信託-文心",20,2,18
"26147","6180橘子","110/07/08","元富-大裕",0,25,-25
"26148","6180橘子","110/07/08","凱基-台北",39,24,15
"26149","6180橘子","110/07/08","統一-基隆",1,25,-24
"26150","6180橘子","110/07/08","元富-新店",14,0,14
"26151","6180橘子","110/07/08","美商高盛",1,21,-20
"26152","6180橘子","110/07/08","元大-土城永寧",11,0,11
"26153","6180橘子","110/07/08","元大證券",1,19,-18
"26154","6180橘子","110/07/08","永豐金-南京",11,0,11
"26155","6180橘子","110/07/08","元大-太平",2,20,-18
"26156","6180橘子","110/07/08","宏遠-館前",10,0,10
"26157","6180橘子","110/07/08","合庫證券",2,18,-16
"26158","6180橘子","110/07/08","國泰-新莊",10,0,10
"26159","6180橘子","110/07/08","台灣摩根士丹利",1,12,-11
"26160","6180橘子","110/07/08","群益金鼎",10,0,10
"26161","6180橘子","110/07/08","瑞士信貸",0,11,-11
"26162","6180橘子","110/07/08","凱基-高雄",10,0,10
"26163","6180橘子","110/07/08","元富-嘉義",0,11,-11
"26164","6180橘子","110/07/08","凱基-大安",10,0,10
"26165","6180橘子","110/07/08","新光-高雄",0,11,-11
"26166","6180橘子","110/07/08","富邦-仁愛",10,0,10
"26167","6180橘子","110/07/08","大慶-苗栗",0,10,-10
"26168","2390云辰","110/07/08","統一-新台中",126,1,125
"26169","2390云辰","110/07/08","摩根大通",62,661,-599
"26170","2390云辰","110/07/08","元大-員林",111,0,111
"26171","2390云辰","110/07/08","新加坡商瑞銀",0,173,-173
"26172","2390云辰","110/07/08","合庫-高雄",105,0,105
"26173","2390云辰","110/07/08","元大-天母",7,150,-143
"26174","2390云辰","110/07/08","凱基-台北",255,177,78
"26175","2390云辰","110/07/08","台灣摩根士丹利",0,134,-134
"26176","2390云辰","110/07/08","新光",71,17,54
"26177","2390云辰","110/07/08","玉山-台中",17,120,-103
"26178","2390云辰","110/07/08","國票-嘉義",53,0,53
"26179","2390云辰","110/07/08","美商高盛",0,78,-78
"26180","2390云辰","110/07/08","富邦-仁愛",53,4,49
"26181","2390云辰","110/07/08","美林",11,82,-71
"26182","2390云辰","110/07/08","兆豐-城中",48,0,48
"26183","2390云辰","110/07/08","群益金鼎-大興",35,106,-71
"26184","2390云辰","110/07/08","元大-新營",47,0,47
"26185","2390云辰","110/07/08","光和",11,71,-60
"26186","2390云辰","110/07/08","國泰-敦南",89,55,34
"26187","2390云辰","110/07/08","國泰-台中",28,70,-42
"26188","2390云辰","110/07/08","兆豐-台中",40,7,33
"26189","2390云辰","110/07/08","玉山-新莊",6,46,-40
"26190","2390云辰","110/07/08","永豐金-中正",36,6,30
"26191","2390云辰","110/07/08","富邦-台北",21,57,-36
"26192","2390云辰","110/07/08","中國信託-三重",29,0,29
"26193","2390云辰","110/07/08","土銀-台中",0,30,-30
"26194","2390云辰","110/07/08","富邦-陽明",33,5,28
"26195","2390云辰","110/07/08","兆豐-埔墘",1,31,-30
"26196","2390云辰","110/07/08","元富-桃園",27,0,27
"26197","2390云辰","110/07/08","玉山-南京東路",3,33,-30
"26198","4903聯光通","110/07/07","元大-太平",47,4,43
"26199","4903聯光通","110/07/07","日盛-板橋",0,15,-15
"26200","4903聯光通","110/07/07","華南永昌-桃園",10,0,10
"26201","4903聯光通","110/07/07","元大-八德",0,9,-9
"26202","4903聯光通","110/07/07","元大-南投",9,0,9
"26203","4903聯光通","110/07/07","宏遠證券",0,7,-7
"26204","4903聯光通","110/07/07","新光-台中",3,0,3
"26205","4903聯光通","110/07/07","大慶",0,7,-7
"26206","4903聯光通","110/07/07","國泰-敦南",1,0,1
"26207","4903聯光通","110/07/07","群益金鼎-館前",0,6,-6
"26208","4903聯光通","110/07/07","國票-中正",0,0,0
"26209","4903聯光通","110/07/07","元大-羅東",0,5,-5
"26210","4903聯光通","110/07/07","康和-內湖",0,0,0
"26211","4903聯光通","110/07/07","新光",8,12,-4
"26212","4903聯光通","110/07/07","凱基-站前",0,0,0
"26213","4903聯光通","110/07/07","國泰-高雄",0,3,-3
"26214","4903聯光通","110/07/07","華南永昌",1,1,0
"26215","4903聯光通","110/07/07","第一金-台中",0,3,-3
"26216","4903聯光通","110/07/07","華南永昌-新莊",0,0,0
"26217","4903聯光通","110/07/07","中農",0,1,-1
"26218","4903聯光通","110/07/07","臺灣企銀-桃園",0,1,-1
"26219","4903聯光通","110/07/07","台新-新營",0,1,-1
"26220","4903聯光通","110/07/07","元大-鶯歌",2,3,-1
"26221","4903聯光通","110/07/07","元大-永和",0,1,-1
"26222","4903聯光通","110/07/07","元大-苑裡",0,1,-1
"26223","2929淘帝","110/07/07","統一",163,0,163
"26224","2929淘帝","110/07/07","新光-台中",57,142,-85
"26225","2929淘帝","110/07/07","港商野村",323,181,142
"26226","2929淘帝","110/07/07","兆豐-忠孝",0,76,-76
"26227","2929淘帝","110/07/07","日盛-中壢",132,10,122
"26228","2929淘帝","110/07/07","台新-建北",0,53,-53
"26229","2929淘帝","110/07/07","新加坡商瑞銀",140,19,121
"26230","2929淘帝","110/07/07","臺銀-鳳山",0,44,-44
"26231","2929淘帝","110/07/07","日盛-嘉義",101,0,101
"26232","2929淘帝","110/07/07","元大-新盛",0,42,-42
"26233","2929淘帝","110/07/07","摩根大通",101,16,85
"26234","2929淘帝","110/07/07","富邦-建國",6,47,-41
"26235","2929淘帝","110/07/07","元大-太平",55,2,53
"26236","2929淘帝","110/07/07","日盛-園區",0,40,-40
"26237","2929淘帝","110/07/07","元富-松德",50,1,49
"26238","2929淘帝","110/07/07","新光-高雄",1,38,-37
"26239","2929淘帝","110/07/07","凱基-板橋",53,5,48
"26240","2929淘帝","110/07/07","永豐金-三重",1,34,-33
"26241","2929淘帝","110/07/07","美林",80,34,46
"26242","2929淘帝","110/07/07","元大-彰化",0,31,-31
"26243","2929淘帝","110/07/07","元富-台南",41,0,41
"26244","2929淘帝","110/07/07","第一金-大稻埕",0,30,-30
"26245","2929淘帝","110/07/07","兆豐-竹北",39,0,39
"26246","2929淘帝","110/07/07","國泰-敦南",3,33,-30
"26247","2929淘帝","110/07/07","元大-西門",36,0,36
"26248","2929淘帝","110/07/07","富邦-員林",0,30,-30
"26249","2929淘帝","110/07/07","華南永昌",39,4,35
"26250","2929淘帝","110/07/07","元大-蘆洲",1,30,-29
"26251","2929淘帝","110/07/07","日盛-板橋中山",30,0,30
"26252","2929淘帝","110/07/07","台新-台南",4,32,-28
"26253","5410國眾","110/07/07","兆豐-城中",66,0,66
"26254","5410國眾","110/07/07","富邦-仁愛",0,115,-115
"26255","5410國眾","110/07/07","摩根大通",21,0,21
"26256","5410國眾","110/07/07","亞東-板橋",0,38,-38
"26257","5410國眾","110/07/07","元大-北投",21,0,21
"26258","5410國眾","110/07/07","凱基-台北",2,24,-22
"26259","5410國眾","110/07/07","亞東-新竹",15,0,15
"26260","5410國眾","110/07/07","彰銀-七賢",0,10,-10
"26261","5410國眾","110/07/07","元大-福營",12,0,12
"26262","5410國眾","110/07/07","凱基-基隆",0,10,-10
"26263","5410國眾","110/07/07","新光-高雄",11,0,11
"26264","5410國眾","110/07/07","凱基-屏東",0,10,-10
"26265","5410國眾","110/07/07","華南永昌-小港",10,0,10
"26266","5410國眾","110/07/07","凱基-鳳山",0,10,-10
"26267","5410國眾","110/07/07","元大-大灣",10,0,10
"26268","5410國眾","110/07/07","永豐金-忠孝",0,10,-10
"26269","5410國眾","110/07/07","元大-莒光",10,0,10
"26270","5410國眾","110/07/07","日盛-板橋中山",0,9,-9
"26271","5410國眾","110/07/07","台中銀-豐原",9,0,9
"26272","5410國眾","110/07/07","統一-高雄",0,5,-5
"26273","5410國眾","110/07/07","元大-南屯",9,0,9
"26274","5410國眾","110/07/07","元大-斗六",0,5,-5
"26275","5410國眾","110/07/07","日盛-新莊",7,0,7
"26276","5410國眾","110/07/07","元大-大益",0,5,-5
"26277","5410國眾","110/07/07","元富-大昌",6,0,6
"26278","5410國眾","110/07/07","元大-南投",0,5,-5
"26279","5410國眾","110/07/07","新光-新竹",6,0,6
"26280","5410國眾","110/07/07","永豐金-員林",0,5,-5
"26281","5410國眾","110/07/07","臺銀-金山",5,0,5
"26282","5410國眾","110/07/07","華南永昌-楠梓",0,4,-4
"26283","2841台開","110/07/07","永豐金-豐原",268,0,268
"26284","2841台開","110/07/07","凱基-市政",0,200,-200
"26285","2841台開","110/07/07","永豐金-南投",200,0,200
"26286","2841台開","110/07/07","永豐金-彰化",0,100,-100
"26287","2841台開","110/07/07","新光",139,9,130
"26288","2841台開","110/07/07","元大-開元",1,93,-92
"26289","2841台開","110/07/07","中國信託-高雄",50,1,49
"26290","2841台開","110/07/07","港商野村",0,80,-80
"26291","2841台開","110/07/07","元大-歸仁",40,0,40
"26292","2841台開","110/07/07","凱基-台南",25,85,-60
"26293","2841台開","110/07/07","台中銀",35,0,35
"26294","2841台開","110/07/07","美商高盛",1,58,-57
"26295","2841台開","110/07/07","台新-新營",30,0,30
"26296","2841台開","110/07/07","統一-三重",0,55,-55
"26297","2841台開","110/07/07","富邦-台南",30,0,30
"26298","2841台開","110/07/07","台新證券",12,50,-38
"26299","2841台開","110/07/07","國泰-板橋",30,1,29
"26300","2841台開","110/07/07","陽信-石牌",0,31,-31
"26301","2841台開","110/07/07","凱基-文心",28,0,28
"26302","2841台開","110/07/07","元大-福營",0,31,-31
"26303","2841台開","110/07/07","凱基-站前",27,0,27
"26304","2841台開","110/07/07","第一金-澎湖",0,30,-30
"26305","2841台開","110/07/07","大昌-安康",38,16,22
"26306","2841台開","110/07/07","元大-新莊",0,30,-30
"26307","2841台開","110/07/07","合庫-台中",20,0,20
"26308","2841台開","110/07/07","國泰-館前",0,28,-28
"26309","2841台開","110/07/07","日盛-台南",20,0,20
"26310","2841台開","110/07/07","元大-竹科",0,25,-25
"26311","2841台開","110/07/07","台中銀-員林",20,0,20
"26312","2841台開","110/07/07","富邦-仁愛",1,22,-21
"26313","6207雷科","110/07/07","元大-大天母",21,0,21
"26314","6207雷科","110/07/07","元大-高雄",0,105,-105
"26315","6207雷科","110/07/07","元大-頭份",18,0,18
"26316","6207雷科","110/07/07","永豐金-中正",0,35,-35
"26317","6207雷科","110/07/07","第一金-新興",16,0,16
"26318","6207雷科","110/07/07","摩根大通",8,39,-31
"26319","6207雷科","110/07/07","富邦-虎尾",12,0,12
"26320","6207雷科","110/07/07","元大-林園",0,30,-30
"26321","6207雷科","110/07/07","兆豐-板橋",10,0,10
"26322","6207雷科","110/07/07","凱基-台北",0,19,-19
"26323","6207雷科","110/07/07","玉山-台大",10,0,10
"26324","6207雷科","110/07/07","國票-中和",13,25,-12
"26325","6207雷科","110/07/07","元大-四維",10,0,10
"26326","6207雷科","110/07/07","新加坡商瑞銀",0,9,-9
"26327","6207雷科","110/07/07","元大-鹿港",10,0,10
"26328","6207雷科","110/07/07","玉山-高雄",0,8,-8
"26329","6207雷科","110/07/07","元大-信義",10,0,10
"26330","6207雷科","110/07/07","玉山-台南",0,8,-8
"26331","6207雷科","110/07/07","台新-三民",8,0,8
"26332","6207雷科","110/07/07","宏遠-高雄",0,5,-5
"26333","6207雷科","110/07/07","元大-上新莊",8,0,8
"26334","6207雷科","110/07/07","元大-南海",0,5,-5
"26335","6207雷科","110/07/07","大昌-桃園",7,0,7
"26336","6207雷科","110/07/07","元大-莒光",0,4,-4
"26337","6207雷科","110/07/07","新光-台中",10,4,6
"26338","6207雷科","110/07/07","港商野村",0,3,-3
"26339","6207雷科","110/07/07","日盛-頭份",5,0,5
"26340","6207雷科","110/07/07","大慶-台南",0,3,-3
"26341","6207雷科","110/07/07","日茂-埔里",5,0,5
"26342","6207雷科","110/07/07","凱基-站前",0,3,-3
"26343","3679新至陞","110/07/07","永豐金證券",18,0,18
"26344","3679新至陞","110/07/07","美林",0,13,-13
"26345","3679新至陞","110/07/07","元大-文心興安",6,0,6
"26346","3679新至陞","110/07/07","兆豐-大安",0,10,-10
"26347","3679新至陞","110/07/07","中農",5,0,5
"26348","3679新至陞","110/07/07","國泰-桃園",0,4,-4
"26349","3679新至陞","110/07/07","台新證券",4,0,4
"26350","3679新至陞","110/07/07","永豐金-虎尾",0,4,-4
"26351","3679新至陞","110/07/07","華南永昌-小港",4,0,4
"26352","3679新至陞","110/07/07","台灣摩根士丹利",0,3,-3
"26353","3679新至陞","110/07/07","元大-天母",4,0,4
"26354","3679新至陞","110/07/07","瑞士信貸",0,3,-3
"26355","3679新至陞","110/07/07","台中銀-員林",4,1,3
"26356","3679新至陞","110/07/07","統一-新竹",0,3,-3
"26357","3679新至陞","110/07/07","摩根大通",4,1,3
"26358","3679新至陞","110/07/07","統一-三重",0,3,-3
"26359","3679新至陞","110/07/07","凱基-台北",7,4,3
"26360","3679新至陞","110/07/07","凱基-竹北",0,3,-3
"26361","3679新至陞","110/07/07","華南永昌-高雄",3,0,3
"26362","3679新至陞","110/07/07","元富-世貿",0,2,-2
"26363","3679新至陞","110/07/07","永豐金-潮州",2,0,2
"26364","3679新至陞","110/07/07","兆豐-鹿港",0,2,-2
"26365","3679新至陞","110/07/07","合庫-新竹",1,0,1
"26366","3679新至陞","110/07/07","玉山-台大",0,2,-2
"26367","3679新至陞","110/07/07","土銀-高雄",1,0,1
"26368","3679新至陞","110/07/07","國泰-館前",0,2,-2
"26369","3679新至陞","110/07/07","元富-新興",1,0,1
"26370","3679新至陞","110/07/07","群益金鼎-新莊",0,2,-2
"26371","3679新至陞","110/07/07","富邦-中壢",1,0,1
"26372","3679新至陞","110/07/07","元大-桃園",0,2,-2
"26373","2727王品","110/07/07","第一金",62,0,62
"26374","2727王品","110/07/07","台灣摩根士丹利",1,177,-176
"26375","2727王品","110/07/07","凱基-埔墘",40,0,40
"26376","2727王品","110/07/07","凱基-台北",49,151,-102
"26377","2727王品","110/07/07","中國信託-忠孝",40,1,39
"26378","2727王品","110/07/07","摩根大通",19,107,-88
"26379","2727王品","110/07/07","玉山-板橋",40,6,34
"26380","2727王品","110/07/07","美商高盛",2,86,-84
"26381","2727王品","110/07/07","亞東-新竹",31,1,30
"26382","2727王品","110/07/07","元大-北屯",1,52,-51
"26383","2727王品","110/07/07","群益金鼎-宜蘭",25,1,24
"26384","2727王品","110/07/07","國泰證券",1,47,-46
"26385","2727王品","110/07/07","富邦-竹北",23,0,23
"26386","2727王品","110/07/07","統一",3,33,-30
"26387","2727王品","110/07/07","元大-旗山",23,0,23
"26388","2727王品","110/07/07","第一金-台中",1,30,-29
"26389","2727王品","110/07/07","元富-宜蘭",21,0,21
"26390","2727王品","110/07/07","華南永昌-中正",4,29,-25
"26391","2727王品","110/07/07","國票-長城",20,0,20
"26392","2727王品","110/07/07","美林",0,23,-23
"26393","2727王品","110/07/07","台新證券",47,28,19
"26394","2727王品","110/07/07","群益金鼎-館前",0,20,-20
"26395","2727王品","110/07/07","富邦-新竹華信",18,1,17
"26396","2727王品","110/07/07","國票-內壢",0,16,-16
"26397","2727王品","110/07/07","永豐金-中正",18,1,17
"26398","2727王品","110/07/07","兆豐-新莊",0,15,-15
"26399","2727王品","110/07/07","華南永昌-麻豆",17,1,16
"26400","2727王品","110/07/07","港商野村",15,28,-13
"26401","2727王品","110/07/07","永豐金-潮州",15,0,15
"26402","2727王品","110/07/07","元大-善化",1,13,-12
"26403","1570力肯","110/07/07","台新證券",88,0,88
"26404","1570力肯","110/07/07","新光",0,54,-54
"26405","1570力肯","110/07/07","摩根大通",49,15,34
"26406","1570力肯","110/07/07","元大-高雄",0,40,-40
"26407","1570力肯","110/07/07","合庫-桃園",20,0,20
"26408","1570力肯","110/07/07","國票-北高雄",38,50,-12
"26409","1570力肯","110/07/07","元大-土城學府",20,0,20
"26410","1570力肯","110/07/07","群益金鼎-嘉義",0,10,-10
"26411","1570力肯","110/07/07","永豐金-板盛",18,0,18
"26412","1570力肯","110/07/07","元大-草屯",0,10,-10
"26413","1570力肯","110/07/07","永豐金-永康",18,0,18
"26414","1570力肯","110/07/07","日盛-高雄",0,9,-9
"26415","1570力肯","110/07/07","統一-員林",14,0,14
"26416","1570力肯","110/07/07","第一金-路竹",0,9,-9
"26417","1570力肯","110/07/07","元大-竹山",6,0,6
"26418","1570力肯","110/07/07","元大-古亭",0,9,-9
"26419","1570力肯","110/07/07","統一-敦南",5,0,5
"26420","1570力肯","110/07/07","國票-中正",0,8,-8
"26421","1570力肯","110/07/07","元大-永和",5,0,5
"26422","1570力肯","110/07/07","群益金鼎-鳳山",0,6,-6
"26423","1570力肯","110/07/07","元富-大裕",4,0,4
"26424","1570力肯","110/07/07","元大-土城永寧",0,6,-6
"26425","1570力肯","110/07/07","華南永昌-斗六",4,0,4
"26426","1570力肯","110/07/07","中國信託",0,5,-5
"26427","1570力肯","110/07/07","永豐金-松山",6,3,3
"26428","1570力肯","110/07/07","日盛-板橋",0,4,-4
"26429","1570力肯","110/07/07","永豐金-南投",4,1,3
"26430","1570力肯","110/07/07","日盛-木柵",0,4,-4
"26431","1570力肯","110/07/07","土銀-彰化",2,0,2
"26432","1570力肯","110/07/07","玉山-桃園",0,4,-4
"26433","6180橘子","110/07/07","臺銀-金山",27,0,27
"26434","6180橘子","110/07/07","凱基-台北",6,36,-30
"26435","6180橘子","110/07/07","元富-潮州",20,0,20
"26436","6180橘子","110/07/07","元大-天母",1,26,-25
"26437","6180橘子","110/07/07","凱基-中山",20,0,20
"26438","6180橘子","110/07/07","富邦-陽明",0,22,-22
"26439","6180橘子","110/07/07","元大-太平",23,4,19
"26440","6180橘子","110/07/07","日盛-頭份",0,20,-20
"26441","6180橘子","110/07/07","摩根大通",17,0,17
"26442","6180橘子","110/07/07","富邦-仁愛",0,20,-20
"26443","6180橘子","110/07/07","元大-草屯",20,3,17
"26444","6180橘子","110/07/07","永豐金-新莊",0,20,-20
"26445","6180橘子","110/07/07","華南永昌-楠梓",15,1,14
"26446","6180橘子","110/07/07","台灣摩根士丹利",0,18,-18
"26447","6180橘子","110/07/07","中國信託-永康",12,0,12
"26448","6180橘子","110/07/07","華南永昌-長虹",1,16,-15
"26449","6180橘子","110/07/07","日盛-文化",10,0,10
"26450","6180橘子","110/07/07","新光-新竹",0,12,-12
"26451","6180橘子","110/07/07","國泰-館前",10,0,10
"26452","6180橘子","110/07/07","凱基-中壢",0,12,-12
"26453","6180橘子","110/07/07","華南永昌-鶯歌",10,0,10
"26454","6180橘子","110/07/07","第一金-忠孝",0,11,-11
"26455","6180橘子","110/07/07","元大-豐原站前",10,0,10
"26456","6180橘子","110/07/07","元大-沙鹿",0,11,-11
"26457","6180橘子","110/07/07","元大-北屯",10,0,10
"26458","6180橘子","110/07/07","永豐金-羅東",0,11,-11
"26459","6180橘子","110/07/07","兆豐-台中",10,1,9
"26460","6180橘子","110/07/07","兆豐-埔墘",0,10,-10
"26461","6180橘子","110/07/07","群益金鼎-開元",9,0,9
"26462","6180橘子","110/07/07","華南永昌-台中",0,10,-10
"26463","2390云辰","110/07/07","元大-向上",144,0,144
"26464","2390云辰","110/07/07","摩根大通",18,674,-656
"26465","2390云辰","110/07/07","元富-中港",102,0,102
"26466","2390云辰","110/07/07","凱基-台北",141,625,-484
"26467","2390云辰","110/07/07","群益金鼎-民權",104,4,100
"26468","2390云辰","110/07/07","美林",32,261,-229
"26469","2390云辰","110/07/07","兆豐-忠孝",81,0,81
"26470","2390云辰","110/07/07","新加坡商瑞銀",50,149,-99
"26471","2390云辰","110/07/07","合庫-新竹",60,0,60
"26472","2390云辰","110/07/07","台灣摩根士丹利",7,87,-80
"26473","2390云辰","110/07/07","元大-土城學府",59,1,58
"26474","2390云辰","110/07/07","元大-金華",2,68,-66
"26475","2390云辰","110/07/07","玉山-大里",58,3,55
"26476","2390云辰","110/07/07","國票-新莊",13,65,-52
"26477","2390云辰","110/07/07","元大-東蘆",54,1,53
"26478","2390云辰","110/07/07","凱基-三重",12,56,-44
"26479","2390云辰","110/07/07","元富-三重",51,0,51
"26480","2390云辰","110/07/07","新光-台中",23,65,-42
"26481","2390云辰","110/07/07","元富-埔里",50,0,50
"26482","2390云辰","110/07/07","第一金-中壢",5,45,-40
"26483","2390云辰","110/07/07","中國信託-三重",52,3,49
"26484","2390云辰","110/07/07","華南永昌-斗六",0,40,-40
"26485","2390云辰","110/07/07","元大-彰化民生",64,15,49
"26486","2390云辰","110/07/07","富邦-新竹華信",25,61,-36
"26487","2390云辰","110/07/07","元大-潮州",50,5,45
"26488","2390云辰","110/07/07","玉山-新莊",2,32,-30
"26489","2390云辰","110/07/07","元富-高雄",57,14,43
"26490","2390云辰","110/07/07","凱基-新豐",17,47,-30
"26491","2390云辰","110/07/07","凱基-和平",40,0,40
"26492","2390云辰","110/07/07","統一-汐止",1,29,-28
"26493","4903聯光通","110/07/06","元大-苗栗",10,0,10
"26494","4903聯光通","110/07/06","宏遠證券",0,13,-13
"26495","4903聯光通","110/07/06","彰銀",5,0,5
"26496","4903聯光通","110/07/06","富邦-新營",0,4,-4
"26497","4903聯光通","110/07/06","元大-松山",5,0,5
"26498","4903聯光通","110/07/06","元富-草屯",0,3,-3
"26499","4903聯光通","110/07/06","新光",3,0,3
"26500","4903聯光通","110/07/06","元大-羅東",0,3,-3
"26501","4903聯光通","110/07/06","群益金鼎-館前",1,0,1
"26502","4903聯光通","110/07/06","元大-北三重",0,2,-2
"26503","4903聯光通","110/07/06","華南永昌-鶯歌",1,0,1
"26504","4903聯光通","110/07/06","國泰-敦南",0,1,-1
"26505","4903聯光通","110/07/06","永豐金-市政",1,0,1
"26506","4903聯光通","110/07/06","元富-板橋",0,0,0
"26507","4903聯光通","110/07/06","元富-板橋",0,0,0
"26508","4903聯光通","110/07/06","華南永昌",0,0,0
"26509","4903聯光通","110/07/06","華南永昌",0,0,0
"26510","4903聯光通","110/07/06","元大-太平",2,2,0
"26511","4903聯光通","110/07/06","元大-太平",2,2,0
"26512","2929淘帝","110/07/06","新光",204,85,119
"26513","2929淘帝","110/07/06","港商野村",62,282,-220
"26514","2929淘帝","110/07/06","日盛-中壢",94,0,94
"26515","2929淘帝","110/07/06","摩根大通",64,264,-200
"26516","2929淘帝","110/07/06","元富-城東",84,0,84
"26517","2929淘帝","110/07/06","統一",0,163,-163
"26518","2929淘帝","110/07/06","日盛-雙和",55,0,55
"26519","2929淘帝","110/07/06","香港上海匯豐",0,141,-141
"26520","2929淘帝","110/07/06","第一金-路竹",71,17,54
"26521","2929淘帝","110/07/06","新加坡商瑞銀",54,179,-125
"26522","2929淘帝","110/07/06","元大-花蓮",44,2,42
"26523","2929淘帝","110/07/06","合庫-高雄",3,122,-119
"26524","2929淘帝","110/07/06","永豐金-大園",73,33,40
"26525","2929淘帝","110/07/06","美林",34,118,-84
"26526","2929淘帝","110/07/06","元大-太平",44,6,38
"26527","2929淘帝","110/07/06","元大-員林",2,82,-80
"26528","2929淘帝","110/07/06","國泰-板橋",40,5,35
"26529","2929淘帝","110/07/06","元富-松德",26,75,-49
"26530","2929淘帝","110/07/06","兆豐-內湖",33,1,32
"26531","2929淘帝","110/07/06","臺銀-臺南",9,52,-43
"26532","2929淘帝","110/07/06","元大-博愛",43,11,32
"26533","2929淘帝","110/07/06","元大-北投",5,48,-43
"26534","2929淘帝","110/07/06","日盛-竹北",40,10,30
"26535","2929淘帝","110/07/06","臺銀-民權",1,41,-40
"26536","2929淘帝","110/07/06","元大-善化",52,22,30
"26537","2929淘帝","110/07/06","兆豐-忠孝",1,41,-40
"26538","2929淘帝","110/07/06","富邦-北港",29,0,29
"26539","2929淘帝","110/07/06","元大-西門",1,36,-35
"26540","2929淘帝","110/07/06","凱基-湖口",27,0,27
"26541","2929淘帝","110/07/06","玉山-嘉義",3,35,-32
"26542","5410國眾","110/07/06","兆豐-城中",28,0,28
"26543","5410國眾","110/07/06","凱基-高美館",1,18,-17
"26544","5410國眾","110/07/06","元大-小港",20,0,20
"26545","5410國眾","110/07/06","國泰-館前",0,15,-15
"26546","5410國眾","110/07/06","元大-新盛",18,0,18
"26547","5410國眾","110/07/06","國泰-板橋",2,17,-15
"26548","5410國眾","110/07/06","香港上海匯豐",15,0,15
"26549","5410國眾","110/07/06","新光",0,13,-13
"26550","5410國眾","110/07/06","華南永昌-小港",15,0,15
"26551","5410國眾","110/07/06","元富-緯城",0,10,-10
"26552","5410國眾","110/07/06","元富-大昌",13,0,13
"26553","5410國眾","110/07/06","中農",0,10,-10
"26554","5410國眾","110/07/06","臺銀-臺南",10,0,10
"26555","5410國眾","110/07/06","凱基-屏東",0,10,-10
"26556","5410國眾","110/07/06","元富-延平",8,0,8
"26557","5410國眾","110/07/06","新光-桃園",0,6,-6
"26558","5410國眾","110/07/06","元大-八德",17,9,8
"26559","5410國眾","110/07/06","高橋-龍潭",0,5,-5
"26560","5410國眾","110/07/06","摩根大通",7,0,7
"26561","5410國眾","110/07/06","元富-世貿",0,5,-5
"26562","5410國眾","110/07/06","凱基-桃園",7,0,7
"26563","5410國眾","110/07/06","群益金鼎-瑞豐",0,5,-5
"26564","5410國眾","110/07/06","永豐金-屏東",7,0,7
"26565","5410國眾","110/07/06","富邦-台中",0,5,-5
"26566","5410國眾","110/07/06","台新-左楠",5,0,5
"26567","5410國眾","110/07/06","永豐金-板橋",0,5,-5
"26568","5410國眾","110/07/06","富邦-竹東",5,0,5
"26569","5410國眾","110/07/06","富邦-台南",0,4,-4
"26570","5410國眾","110/07/06","元大-新莊",5,0,5
"26571","5410國眾","110/07/06","凱基-站前",0,3,-3
"26572","2841台開","110/07/06","群益金鼎-忠孝",100,0,100
"26573","2841台開","110/07/06","港商野村",0,295,-295
"26574","2841台開","110/07/06","台新證券",58,0,58
"26575","2841台開","110/07/06","元大-善化",0,50,-50
"26576","2841台開","110/07/06","台新-台中",58,0,58
"26577","2841台開","110/07/06","元大-四維",0,50,-50
"26578","2841台開","110/07/06","永豐金-敦南",50,0,50
"26579","2841台開","110/07/06","台新-新營",0,30,-30
"26580","2841台開","110/07/06","元大-台中",45,0,45
"26581","2841台開","110/07/06","群益金鼎-桃園",0,21,-21
"26582","2841台開","110/07/06","凱基-文心",43,0,43
"26583","2841台開","110/07/06","台中銀-員林",0,20,-20
"26584","2841台開","110/07/06","永豐金-潮州",30,0,30
"26585","2841台開","110/07/06","群益金鼎-延平",0,15,-15
"26586","2841台開","110/07/06","第一金-自由",25,0,25
"26587","2841台開","110/07/06","元大-三重",0,13,-13
"26588","2841台開","110/07/06","美商高盛",17,0,17
"26589","2841台開","110/07/06","元富-古亭",0,10,-10
"26590","2841台開","110/07/06","大昌-安康",39,22,17
"26591","2841台開","110/07/06","群益金鼎-北高雄",0,10,-10
"26592","2841台開","110/07/06","台中銀",15,0,15
"26593","2841台開","110/07/06","華南永昌-南京",0,10,-10
"26594","2841台開","110/07/06","玉山-嘉義",15,0,15
"26595","2841台開","110/07/06","富邦-花蓮",0,10,-10
"26596","2841台開","110/07/06","新光",11,0,11
"26597","2841台開","110/07/06","富邦-高雄",0,10,-10
"26598","2841台開","110/07/06","兆豐-永和",10,0,10
"26599","2841台開","110/07/06","元大-竹山",0,10,-10
"26600","2841台開","110/07/06","康和-內湖",10,0,10
"26601","2841台開","110/07/06","元大-屏東",0,10,-10
"26602","6207雷科","110/07/06","新光",45,4,41
"26603","6207雷科","110/07/06","凱基-高美館",1,104,-103
"26604","6207雷科","110/07/06","統一-基隆",30,0,30
"26605","6207雷科","110/07/06","摩根大通",11,45,-34
"26606","6207雷科","110/07/06","康和-南崁",13,0,13
"26607","6207雷科","110/07/06","群益金鼎-新竹",0,22,-22
"26608","6207雷科","110/07/06","宏遠-台南",10,0,10
"26609","6207雷科","110/07/06","港商野村",2,23,-21
"26610","6207雷科","110/07/06","國票-和平",10,0,10
"26611","6207雷科","110/07/06","凱基-台北",0,14,-14
"26612","6207雷科","110/07/06","永豐金-天母",10,0,10
"26613","6207雷科","110/07/06","台新-三民",0,12,-12
"26614","6207雷科","110/07/06","台新證券",10,1,9
"26615","6207雷科","110/07/06","群益金鼎-開元",1,11,-10
"26616","6207雷科","110/07/06","群益金鼎-士林",8,0,8
"26617","6207雷科","110/07/06","富邦-南屯",0,8,-8
"26618","6207雷科","110/07/06","群益金鼎-瑞豐",7,0,7
"26619","6207雷科","110/07/06","元大-善化",0,8,-8
"26620","6207雷科","110/07/06","元大-四維",7,0,7
"26621","6207雷科","110/07/06","日盛-頭份",0,5,-5
"26622","6207雷科","110/07/06","國票-中和",6,0,6
"26623","6207雷科","110/07/06","第一金-高雄",0,5,-5
"26624","6207雷科","110/07/06","台新-中壢",6,0,6
"26625","6207雷科","110/07/06","凱基-八德",0,5,-5
"26626","6207雷科","110/07/06","凱基-高雄",6,0,6
"26627","6207雷科","110/07/06","凱基-頭份",0,5,-5
"26628","6207雷科","110/07/06","富邦-彰化",6,0,6
"26629","6207雷科","110/07/06","合庫-新竹",0,4,-4
"26630","6207雷科","110/07/06","凱基-大安",5,0,5
"26631","6207雷科","110/07/06","新光-高雄",0,4,-4
"26632","3679新至陞","110/07/06","凱基",11,0,11
"26633","3679新至陞","110/07/06","摩根大通",0,22,-22
"26634","3679新至陞","110/07/06","台中銀-員林",11,1,10
"26635","3679新至陞","110/07/06","凱基-台北",6,21,-15
"26636","3679新至陞","110/07/06","安泰-大發",10,0,10
"26637","3679新至陞","110/07/06","瑞士信貸",0,13,-13
"26638","3679新至陞","110/07/06","香港上海匯豐",8,0,8
"26639","3679新至陞","110/07/06","富邦-苗栗",0,10,-10
"26640","3679新至陞","110/07/06","永豐金證券",8,2,6
"26641","3679新至陞","110/07/06","元大-永春",0,6,-6
"26642","3679新至陞","110/07/06","第一金-高雄",5,0,5
"26643","3679新至陞","110/07/06","凱基-興隆",0,5,-5
"26644","3679新至陞","110/07/06","群益金鼎-高盛",3,0,3
"26645","3679新至陞","110/07/06","國泰-桃園",0,3,-3
"26646","3679新至陞","110/07/06","元大-嘉義",3,0,3
"26647","3679新至陞","110/07/06","元大-萬華",2,5,-3
"26648","3679新至陞","110/07/06","臺銀-高雄",2,0,2
"26649","3679新至陞","110/07/06","美林",0,2,-2
"26650","3679新至陞","110/07/06","日盛-復興",2,0,2
"26651","3679新至陞","110/07/06","第一金-華江",0,2,-2
"26652","3679新至陞","110/07/06","日盛-樹林",4,2,2
"26653","3679新至陞","110/07/06","新光-台中",0,2,-2
"26654","3679新至陞","110/07/06","宏遠-館前",2,0,2
"26655","3679新至陞","110/07/06","華南永昌-民權",0,2,-2
"26656","3679新至陞","110/07/06","台新證券",2,0,2
"26657","3679新至陞","110/07/06","元大-板橋",0,2,-2
"26658","3679新至陞","110/07/06","康和-板橋",2,0,2
"26659","3679新至陞","110/07/06","日盛-板橋中山",0,1,-1
"26660","3679新至陞","110/07/06","群益金鼎-台南",2,0,2
"26661","3679新至陞","110/07/06","宏遠證券",0,1,-1
"26662","2727王品","110/07/06","元大證券",1033,729,304
"26663","2727王品","110/07/06","台灣摩根士丹利",35,184,-149
"26664","2727王品","110/07/06","富邦-台北",332,46,286
"26665","2727王品","110/07/06","元大-北屯",11,79,-68
"26666","2727王品","110/07/06","統一",252,43,209
"26667","2727王品","110/07/06","元富-敦南",4,70,-66
"26668","2727王品","110/07/06","永豐金-松山",147,14,133
"26669","2727王品","110/07/06","元大-基隆孝二",11,75,-64
"26670","2727王品","110/07/06","富邦-嘉義",301,198,103
"26671","2727王品","110/07/06","臺銀-臺南",9,69,-60
"26672","2727王品","110/07/06","新加坡商瑞銀",128,34,94
"26673","2727王品","110/07/06","中國信託-忠孝",5,48,-43
"26674","2727王品","110/07/06","元富-台南",97,6,91
"26675","2727王品","110/07/06","永豐金-市政",5,46,-41
"26676","2727王品","110/07/06","台新證券",169,105,64
"26677","2727王品","110/07/06","彰銀-台中",19,56,-37
"26678","2727王品","110/07/06","美林",115,58,57
"26679","2727王品","110/07/06","玉山證券",30,67,-37
"26680","2727王品","110/07/06","華南永昌",75,23,52
"26681","2727王品","110/07/06","凱基-埔墘",4,41,-37
"26682","2727王品","110/07/06","凱基-台北",445,398,47
"26683","2727王品","110/07/06","永豐金-大園",3,40,-37
"26684","2727王品","110/07/06","凱基-大直",48,7,41
"26685","2727王品","110/07/06","元富",2,37,-35
"26686","2727王品","110/07/06","凱基-林口",45,4,41
"26687","2727王品","110/07/06","富邦-仁愛",32,64,-32
"26688","2727王品","110/07/06","德信",40,1,39
"26689","2727王品","110/07/06","玉山-板橋",52,82,-30
"26690","2727王品","110/07/06","第一金",42,5,37
"26691","2727王品","110/07/06","中國信託-文心",10,39,-29
"26692","1570力肯","110/07/06","香港上海匯豐",47,0,47
"26693","1570力肯","110/07/06","新光",2,107,-105
"26694","1570力肯","110/07/06","元大-高雄",55,16,39
"26695","1570力肯","110/07/06","摩根大通",11,58,-47
"26696","1570力肯","110/07/06","元富-緯城",37,0,37
"26697","1570力肯","110/07/06","高橋",4,50,-46
"26698","1570力肯","110/07/06","台新-台南",16,0,16
"26699","1570力肯","110/07/06","合庫-桃園",0,20,-20
"26700","1570力肯","110/07/06","元大-新竹經國",14,0,14
"26701","1570力肯","110/07/06","永豐金-板盛",0,18,-18
"26702","1570力肯","110/07/06","富邦-左營",12,0,12
"26703","1570力肯","110/07/06","華南永昌-公誠",0,9,-9
"26704","1570力肯","110/07/06","國票-中正",12,2,10
"26705","1570力肯","110/07/06","凱基-台北",1,9,-8
"26706","1570力肯","110/07/06","國票-博愛",10,0,10
"26707","1570力肯","110/07/06","臺銀-臺中",0,6,-6
"26708","1570力肯","110/07/06","統一-敦南",12,5,7
"26709","1570力肯","110/07/06","台新-三民",0,5,-5
"26710","1570力肯","110/07/06","群益金鼎-三重",7,0,7
"26711","1570力肯","110/07/06","華南永昌-麻豆",0,5,-5
"26712","1570力肯","110/07/06","臺銀-臺南",6,0,6
"26713","1570力肯","110/07/06","合庫-台南",0,4,-4
"26714","1570力肯","110/07/06","大慶-蘆洲",6,0,6
"26715","1570力肯","110/07/06","統一-員林",0,4,-4
"26716","1570力肯","110/07/06","元富-新店",6,0,6
"26717","1570力肯","110/07/06","康和-澎湖",0,4,-4
"26718","1570力肯","110/07/06","玉山-雙和",7,1,6
"26719","1570力肯","110/07/06","華南永昌-斗六",0,4,-4
"26720","1570力肯","110/07/06","永豐金-敦南",9,3,6
"26721","1570力肯","110/07/06","元大-和平",0,4,-4
"26722","6180橘子","110/07/06","凱基-台北",72,12,60
"26723","6180橘子","110/07/06","臺銀-金山",5,105,-100
"26724","6180橘子","110/07/06","美林",29,0,29
"26725","6180橘子","110/07/06","元大-台中",0,100,-100
"26726","6180橘子","110/07/06","合庫-自強",21,0,21
"26727","6180橘子","110/07/06","康和-台南",3,50,-47
"26728","6180橘子","110/07/06","凱基-三峽",17,0,17
"26729","6180橘子","110/07/06","元大-中和",0,35,-35
"26730","6180橘子","110/07/06","富邦-虎尾",15,1,14
"26731","6180橘子","110/07/06","中國信託-忠孝",0,16,-16
"26732","6180橘子","110/07/06","元富-潮州",13,0,13
"26733","6180橘子","110/07/06","玉山-高雄",0,12,-12
"26734","6180橘子","110/07/06","中國信託-永康",13,0,13
"26735","6180橘子","110/07/06","港商野村",0,11,-11
"26736","6180橘子","110/07/06","元大-草屯",18,5,13
"26737","6180橘子","110/07/06","群益金鼎-松山",0,11,-11
"26738","6180橘子","110/07/06","臺銀",11,0,11
"26739","6180橘子","110/07/06","永豐金-豐原",0,11,-11
"26740","6180橘子","110/07/06","新光",15,4,11
"26741","6180橘子","110/07/06","元富-嘉義",5,15,-10
"26742","6180橘子","110/07/06","元大-竹東",11,0,11
"26743","6180橘子","110/07/06","玉山-士林",0,10,-10
"26744","6180橘子","110/07/06","宏遠-台中",10,0,10
"26745","6180橘子","110/07/06","凱基-北門",0,10,-10
"26746","6180橘子","110/07/06","第一金-台南",10,0,10
"26747","6180橘子","110/07/06","第一金-忠孝",0,9,-9
"26748","6180橘子","110/07/06","國泰-敦南",10,0,10
"26749","6180橘子","110/07/06","統一-基隆",0,9,-9
"26750","6180橘子","110/07/06","富邦-嘉義",10,0,10
"26751","6180橘子","110/07/06","安泰-大發",1,10,-9
"26752","2390云辰","110/07/06","元大-天母",975,276,699
"26753","2390云辰","110/07/06","台灣摩根士丹利",3,265,-262
"26754","2390云辰","110/07/06","摩根大通",688,312,376
"26755","2390云辰","110/07/06","群益金鼎-海山",3,166,-163
"26756","2390云辰","110/07/06","國泰-忠孝",164,3,161
"26757","2390云辰","110/07/06","國泰-敦南",188,339,-151
"26758","2390云辰","110/07/06","富邦-北港",140,7,133
"26759","2390云辰","110/07/06","元大-土城學府",12,119,-107
"26760","2390云辰","110/07/06","聯邦商銀",151,22,129
"26761","2390云辰","110/07/06","永豐金-高雄",4,103,-99
"26762","2390云辰","110/07/06","中國信託-文心",143,17,126
"26763","2390云辰","110/07/06","土銀-士林",0,94,-94
"26764","2390云辰","110/07/06","永豐金-中正",133,7,126
"26765","2390云辰","110/07/06","元大-佳里",11,91,-80
"26766","2390云辰","110/07/06","群益金鼎-大興",178,76,102
"26767","2390云辰","110/07/06","玉山-台中",10,86,-76
"26768","2390云辰","110/07/06","元富-中港",103,3,100
"26769","2390云辰","110/07/06","新光",251,324,-73
"26770","2390云辰","110/07/06","統一-新台中",104,12,92
"26771","2390云辰","110/07/06","富邦-敦南",29,101,-72
"26772","2390云辰","110/07/06","新加坡商瑞銀",211,120,91
"26773","2390云辰","110/07/06","兆豐-台中",0,58,-58
"26774","2390云辰","110/07/06","兆豐-忠孝",100,11,89
"26775","2390云辰","110/07/06","日盛證券",16,73,-57
"26776","2390云辰","110/07/06","凱基-林口",87,9,78
"26777","2390云辰","110/07/06","元大-東泰",5,61,-56
"26778","2390云辰","110/07/06","元富-西松",72,4,68
"26779","2390云辰","110/07/06","台新證券",136,190,-54
"26780","2390云辰","110/07/06","台新-左楠",66,9,57
"26781","2390云辰","110/07/06","元大-六合",10,63,-53
