"","stake","date","name","buy","sell","total"
"1","2363矽統","110/07/12","凱基-幸福",4046,31,4015
"2","2363矽統","110/07/12","台新證券",478,2105,-1627
"3","2363矽統","110/07/12","統一",3504,120,3384
"4","2363矽統","110/07/12","第一金-忠孝",4,1068,-1064
"5","2363矽統","110/07/12","摩根大通",3006,2149,857
"6","2363矽統","110/07/12","台新-台中",381,1003,-622
"7","2363矽統","110/07/12","永豐金證券",1428,610,818
"8","2363矽統","110/07/12","新光",1295,1822,-527
"9","2363矽統","110/07/12","兆豐-復興",1936,1233,703
"10","2363矽統","110/07/12","大昌-樹林",54,537,-483
"11","2363矽統","110/07/12","台灣摩根士丹利",701,0,701
"12","2363矽統","110/07/12","華南永昌-台中",90,549,-459
"13","2363矽統","110/07/12","永豐金-南投",803,145,658
"14","2363矽統","110/07/12","玉山-高雄",167,612,-445
"15","2363矽統","110/07/12","統一-仁愛",1214,586,628
"16","2363矽統","110/07/12","元富-同大",201,540,-339
"17","2363矽統","110/07/12","統一-土城",688,75,613
"18","2363矽統","110/07/12","華南永昌-東勢",31,367,-336
"19","2363矽統","110/07/12","統一-城中",711,131,580
"20","2363矽統","110/07/12","土銀-花蓮",9,333,-324
"21","2363矽統","110/07/12","統一-敦南",632,54,578
"22","2363矽統","110/07/12","凱基-豐中",120,434,-314
"23","2363矽統","110/07/12","新加坡商瑞銀",1232,731,501
"24","2363矽統","110/07/12","永豐金-竹科",54,323,-269
"25","2363矽統","110/07/12","元富",2640,2142,498
"26","2363矽統","110/07/12","元大-斗六",53,300,-247
"27","2363矽統","110/07/12","凱基-永和",460,31,429
"28","2363矽統","110/07/12","華南永昌-朴子",47,278,-231
"29","2363矽統","110/07/12","第一金",380,22,358
"30","2363矽統","110/07/12","永豐金-彰化",22,228,-206
"31","8112至上","110/07/12","摩根大通",1167,290,877
"32","8112至上","110/07/12","群益金鼎-新莊",1,156,-155
"33","8112至上","110/07/12","凱基-台北",983,546,437
"34","8112至上","110/07/12","國票-中港",0,131,-131
"35","8112至上","110/07/12","新加坡商瑞銀",429,12,417
"36","8112至上","110/07/12","元大證券",10,136,-126
"37","8112至上","110/07/12","元大-屏南",360,2,358
"38","8112至上","110/07/12","元大-中壢",11,135,-124
"39","8112至上","110/07/12","美林",323,15,308
"40","8112至上","110/07/12","合庫-基隆",0,122,-122
"41","8112至上","110/07/12","台灣摩根士丹利",299,0,299
"42","8112至上","110/07/12","群益金鼎-高盛",4,103,-99
"43","8112至上","110/07/12","港商野村",267,28,239
"44","8112至上","110/07/12","新光",110,202,-92
"45","8112至上","110/07/12","大慶",165,3,162
"46","8112至上","110/07/12","元大-府城",2,94,-92
"47","8112至上","110/07/12","永豐金-台南",170,29,141
"48","8112至上","110/07/12","富邦-板橋",5,92,-87
"49","8112至上","110/07/12","華南永昌-長虹",128,2,126
"50","8112至上","110/07/12","元大-土城",8,89,-81
"51","8112至上","110/07/12","富邦-仁愛",157,51,106
"52","8112至上","110/07/12","日盛-頭份",40,117,-77
"53","8112至上","110/07/12","瑞士信貸",104,0,104
"54","8112至上","110/07/12","玉山-嘉義",3,80,-77
"55","8112至上","110/07/12","凱基-站前",100,11,89
"56","8112至上","110/07/12","永豐金-松山",4,79,-75
"57","8112至上","110/07/12","富邦-北港",90,3,87
"58","8112至上","110/07/12","元大-敦南",3,75,-72
"59","8112至上","110/07/12","元大-北港",101,20,81
"60","8112至上","110/07/12","元富-大裕",6,77,-71
"61","4903聯光通","110/07/12","台灣企銀-太平",19,0,19
"62","4903聯光通","110/07/12","玉山-南京東路",0,16,-16
"63","4903聯光通","110/07/12","統一-土城",17,0,17
"64","4903聯光通","110/07/12","新光",0,14,-14
"65","4903聯光通","110/07/12","國票-博愛",14,0,14
"66","4903聯光通","110/07/12","兆豐-彰化",0,10,-10
"67","4903聯光通","110/07/12","新光-台中",15,2,13
"68","4903聯光通","110/07/12","國票",0,10,-10
"69","4903聯光通","110/07/12","元大-彰化",11,0,11
"70","4903聯光通","110/07/12","富邦-敦南",0,10,-10
"71","4903聯光通","110/07/12","華南永昌-林口",10,0,10
"72","4903聯光通","110/07/12","元大-前金",0,9,-9
"73","4903聯光通","110/07/12","永豐金-南投",9,0,9
"74","4903聯光通","110/07/12","日盛-頭份",0,8,-8
"75","4903聯光通","110/07/12","元大-清水",8,0,8
"76","4903聯光通","110/07/12","元大-太平",0,8,-8
"77","4903聯光通","110/07/12","元大-博愛",8,0,8
"78","4903聯光通","110/07/12","兆豐-埔墘",0,7,-7
"79","4903聯光通","110/07/12","玉山-新莊",5,0,5
"80","4903聯光通","110/07/12","臺銀-民權",0,5,-5
"81","4903聯光通","110/07/12","凱基-士林",10,5,5
"82","4903聯光通","110/07/12","富邦-板橋",0,5,-5
"83","4903聯光通","110/07/12","元大-斗六",4,0,4
"84","4903聯光通","110/07/12","元大-土城永寧",0,5,-5
"85","4903聯光通","110/07/12","永豐金-羅東",4,0,4
"86","4903聯光通","110/07/12","台新證券",0,4,-4
"87","4903聯光通","110/07/12","日盛-樹林",3,0,3
"88","4903聯光通","110/07/12","凱基-中壢",0,4,-4
"89","4903聯光通","110/07/12","華南永昌-鶯歌",2,0,2
"90","4903聯光通","110/07/12","元大-羅東",0,4,-4
"91","2929淘帝","110/07/12","新光-台中",95,36,59
"92","2929淘帝","110/07/12","華南永昌-林口",7,208,-201
"93","2929淘帝","110/07/12","富邦-板橋",62,5,57
"94","2929淘帝","110/07/12","富邦-台北",6,200,-194
"95","2929淘帝","110/07/12","合庫-高雄",56,6,50
"96","2929淘帝","110/07/12","元富-大裕",11,200,-189
"97","2929淘帝","110/07/12","永興",41,0,41
"98","2929淘帝","110/07/12","台中銀-台北",0,160,-160
"99","2929淘帝","110/07/12","兆豐-忠孝",58,18,40
"100","2929淘帝","110/07/12","日盛-園區",1,111,-110
"101","2929淘帝","110/07/12","新光-高雄",39,3,36
"102","2929淘帝","110/07/12","日盛-八德",0,88,-88
"103","2929淘帝","110/07/12","凱基-豐中",36,0,36
"104","2929淘帝","110/07/12","玉山-新竹",32,110,-78
"105","2929淘帝","110/07/12","元大-民生",35,0,35
"106","2929淘帝","110/07/12","元大-前金",0,72,-72
"107","2929淘帝","110/07/12","臺銀-臺南",32,1,31
"108","2929淘帝","110/07/12","元大-館前",12,83,-71
"109","2929淘帝","110/07/12","台新證券",44,13,31
"110","2929淘帝","110/07/12","華南永昌",1,57,-56
"111","2929淘帝","110/07/12","新百王",30,0,30
"112","2929淘帝","110/07/12","元大-南崁",4,59,-55
"113","2929淘帝","110/07/12","群益金鼎-大興",30,0,30
"114","2929淘帝","110/07/12","元大-嘉義",0,51,-51
"115","2929淘帝","110/07/12","凱基-台北",32,5,27
"116","2929淘帝","110/07/12","日茂",1,50,-49
"117","2929淘帝","110/07/12","元富-城東",26,0,26
"118","2929淘帝","110/07/12","新光",35,83,-48
"119","2929淘帝","110/07/12","國泰-松江",26,0,26
"120","2929淘帝","110/07/12","日盛-新竹",1,48,-47
"121","5410國眾","110/07/12","群益金鼎-中壢",68,0,68
"122","5410國眾","110/07/12","摩根大通",6,67,-61
"123","5410國眾","110/07/12","凱基-市政",40,0,40
"124","5410國眾","110/07/12","元富-嘉義",0,60,-60
"125","5410國眾","110/07/12","凱基-竹北",38,0,38
"126","5410國眾","110/07/12","凱基-台北",0,51,-51
"127","5410國眾","110/07/12","華南永昌-三重",30,0,30
"128","5410國眾","110/07/12","元富-大裕",0,33,-33
"129","5410國眾","110/07/12","永興",20,0,20
"130","5410國眾","110/07/12","日盛-木柵",0,15,-15
"131","5410國眾","110/07/12","統一-新台中",20,0,20
"132","5410國眾","110/07/12","群益金鼎-民權",0,15,-15
"133","5410國眾","110/07/12","兆豐-三重",20,0,20
"134","5410國眾","110/07/12","元富-緯城",0,14,-14
"135","5410國眾","110/07/12","富邦-台中",20,0,20
"136","5410國眾","110/07/12","元大-大同",0,12,-12
"137","5410國眾","110/07/12","臺銀",15,0,15
"138","5410國眾","110/07/12","元大-莒光",0,10,-10
"139","5410國眾","110/07/12","新光-桃園",20,6,14
"140","5410國眾","110/07/12","元大-博愛",0,10,-10
"141","5410國眾","110/07/12","元大-員林",12,0,12
"142","5410國眾","110/07/12","日盛-永康",0,8,-8
"143","5410國眾","110/07/12","日盛-員林",10,0,10
"144","5410國眾","110/07/12","元大-四維",5,13,-8
"145","5410國眾","110/07/12","元大-新盛",10,0,10
"146","5410國眾","110/07/12","新加坡商瑞銀",0,7,-7
"147","5410國眾","110/07/12","永豐金-台南",10,0,10
"148","5410國眾","110/07/12","致和-金華",0,7,-7
"149","5410國眾","110/07/12","元富-新莊",8,0,8
"150","5410國眾","110/07/12","新光-新竹",0,7,-7
"151","2841台開","110/07/12","永豐金-敦南",139,26,113
"152","2841台開","110/07/12","華南永昌-朴子",0,528,-528
"153","2841台開","110/07/12","日盛-雙和",68,0,68
"154","2841台開","110/07/12","元大-苑裡",2,50,-48
"155","2841台開","110/07/12","台新證券",62,4,58
"156","2841台開","110/07/12","群益金鼎-東湖",0,40,-40
"157","2841台開","110/07/12","凱基-文心",50,0,50
"158","2841台開","110/07/12","第一金-員林",0,30,-30
"159","2841台開","110/07/12","第一金-台中",45,0,45
"160","2841台開","110/07/12","德信-中正",0,20,-20
"161","2841台開","110/07/12","富邦-嘉義",40,0,40
"162","2841台開","110/07/12","兆豐-嘉義",0,20,-20
"163","2841台開","110/07/12","日盛-木柵",30,0,30
"164","2841台開","110/07/12","彰銀-七賢",0,15,-15
"165","2841台開","110/07/12","中國信託-文心",31,3,28
"166","2841台開","110/07/12","元大-承德",0,14,-14
"167","2841台開","110/07/12","元大-福營",30,7,23
"168","2841台開","110/07/12","元富",0,12,-12
"169","2841台開","110/07/12","台中銀",20,0,20
"170","2841台開","110/07/12","富邦-陽明",0,11,-11
"171","2841台開","110/07/12","國泰-板橋",20,0,20
"172","2841台開","110/07/12","元大證券",0,11,-11
"173","2841台開","110/07/12","元大-前金",20,0,20
"174","2841台開","110/07/12","元大-大甲",0,10,-10
"175","2841台開","110/07/12","中國信託-高雄",16,1,15
"176","2841台開","110/07/12","日盛-新竹",0,8,-8
"177","2841台開","110/07/12","陽信-石牌",15,0,15
"178","2841台開","110/07/12","元富-城東",0,8,-8
"179","2841台開","110/07/12","永豐金-南投",15,0,15
"180","2841台開","110/07/12","玉山-台南",2,10,-8
"181","6207雷科","110/07/12","元大-高雄",34,0,34
"182","6207雷科","110/07/12","永豐金-三重",1,32,-31
"183","6207雷科","110/07/12","華南永昌-林口",16,1,15
"184","6207雷科","110/07/12","永全-八德",0,30,-30
"185","6207雷科","110/07/12","摩根大通",19,6,13
"186","6207雷科","110/07/12","國泰-台中",0,14,-14
"187","6207雷科","110/07/12","元富-埔里",10,0,10
"188","6207雷科","110/07/12","第一金-澎湖",0,10,-10
"189","6207雷科","110/07/12","凱基-台南",10,0,10
"190","6207雷科","110/07/12","元富-林園",0,10,-10
"191","6207雷科","110/07/12","新加坡商瑞銀",9,0,9
"192","6207雷科","110/07/12","元大-東門",0,10,-10
"193","6207雷科","110/07/12","瑞士信貸",8,0,8
"194","6207雷科","110/07/12","兆豐-嘉義",0,4,-4
"195","6207雷科","110/07/12","中國信託-高雄",9,1,8
"196","6207雷科","110/07/12","新光",0,4,-4
"197","6207雷科","110/07/12","凱基-高雄",6,0,6
"198","6207雷科","110/07/12","新光-台中",0,4,-4
"199","6207雷科","110/07/12","元大-六合",6,0,6
"200","6207雷科","110/07/12","群益金鼎-開元",0,4,-4
"201","6207雷科","110/07/12","永豐金-信義",6,0,6
"202","6207雷科","110/07/12","凱基-桃園",0,4,-4
"203","6207雷科","110/07/12","群益金鼎-土城",5,0,5
"204","6207雷科","110/07/12","凱基-民權",0,4,-4
"205","6207雷科","110/07/12","群益金鼎-竹南",5,0,5
"206","6207雷科","110/07/12","玉山-新莊",0,3,-3
"207","6207雷科","110/07/12","元大-大灣",5,1,4
"208","6207雷科","110/07/12","國泰-松江",0,3,-3
"209","6207雷科","110/07/12","永興",3,0,3
"210","6207雷科","110/07/12","富邦-羅東",0,3,-3
"211","3679新至陞","110/07/12","富邦-新竹華信",40,2,38
"212","3679新至陞","110/07/12","瑞士信貸",0,45,-45
"213","3679新至陞","110/07/12","台中銀-員林",28,2,26
"214","3679新至陞","110/07/12","永豐金-天母",0,39,-39
"215","3679新至陞","110/07/12","聯邦-大業",24,0,24
"216","3679新至陞","110/07/12","摩根大通",7,35,-28
"217","3679新至陞","110/07/12","永豐金證券",20,0,20
"218","3679新至陞","110/07/12","凱基-台北",8,36,-28
"219","3679新至陞","110/07/12","港商法國興業",14,0,14
"220","3679新至陞","110/07/12","華南永昌-小港",1,23,-22
"221","3679新至陞","110/07/12","日盛-樹林",13,1,12
"222","3679新至陞","110/07/12","台新-台中",0,15,-15
"223","3679新至陞","110/07/12","國泰-桃園",9,0,9
"224","3679新至陞","110/07/12","統一-台中",0,12,-12
"225","3679新至陞","110/07/12","宏遠-館前",8,0,8
"226","3679新至陞","110/07/12","元大-成功",1,12,-11
"227","3679新至陞","110/07/12","凱基",10,2,8
"228","3679新至陞","110/07/12","康和-澎湖",0,8,-8
"229","3679新至陞","110/07/12","(牛牛牛)亞-網路",7,0,7
"230","3679新至陞","110/07/12","新加坡商瑞銀",0,7,-7
"231","3679新至陞","110/07/12","兆豐-員林",7,0,7
"232","3679新至陞","110/07/12","兆豐-來福",0,7,-7
"233","3679新至陞","110/07/12","大慶-蘆洲",5,0,5
"234","3679新至陞","110/07/12","元大-佳里",0,6,-6
"235","3679新至陞","110/07/12","土銀-花蓮",4,0,4
"236","3679新至陞","110/07/12","美商高盛",0,5,-5
"237","3679新至陞","110/07/12","台新-高雄",5,1,4
"238","3679新至陞","110/07/12","國票-新莊",0,5,-5
"239","3679新至陞","110/07/12","元大-天母",4,0,4
"240","3679新至陞","110/07/12","台新-屏東",0,5,-5
"241","2727王品","110/07/12","凱基-台北",354,198,156
"242","2727王品","110/07/12","台灣摩根士丹利",5,386,-381
"243","2727王品","110/07/12","統一-城中",159,22,137
"244","2727王品","110/07/12","元大-嘉義",4,60,-56
"245","2727王品","110/07/12","日盛-忠孝",60,0,60
"246","2727王品","110/07/12","元大-大同",2,44,-42
"247","2727王品","110/07/12","永豐金-忠孝",45,5,40
"248","2727王品","110/07/12","國泰-台中",32,73,-41
"249","2727王品","110/07/12","合庫-新竹",31,0,31
"250","2727王品","110/07/12","元大證券",127,163,-36
"251","2727王品","110/07/12","富邦-台中",31,3,28
"252","2727王品","110/07/12","凱基",1,33,-32
"253","2727王品","110/07/12","元大-桃園",35,10,25
"254","2727王品","110/07/12","永全-南崁",1,31,-30
"255","2727王品","110/07/12","新加坡商瑞銀",28,4,24
"256","2727王品","110/07/12","凱基-和平",2,32,-30
"257","2727王品","110/07/12","群益金鼎-古亭",25,2,23
"258","2727王品","110/07/12","永豐金-大園",8,38,-30
"259","2727王品","110/07/12","元大-龍潭",29,7,22
"260","2727王品","110/07/12","瑞士信貸",0,28,-28
"261","2727王品","110/07/12","永豐金-永康",25,3,22
"262","2727王品","110/07/12","元富",17,44,-27
"263","2727王品","110/07/12","富邦-竹北",24,3,21
"264","2727王品","110/07/12","元大-北屯",5,32,-27
"265","2727王品","110/07/12","群益金鼎-松山",20,0,20
"266","2727王品","110/07/12","華南永昌",3,28,-25
"267","2727王品","110/07/12","元大-八德",20,0,20
"268","2727王品","110/07/12","統一-竹南",1,23,-22
"269","2727王品","110/07/12","元大-南京",25,6,19
"270","2727王品","110/07/12","永豐金證券",4,26,-22
"271","1570力肯","110/07/12","國票-北高雄",40,0,40
"272","1570力肯","110/07/12","日盛-竹北",0,40,-40
"273","1570力肯","110/07/12","摩根大通",16,0,16
"274","1570力肯","110/07/12","第一金-華江",1,38,-37
"275","1570力肯","110/07/12","新光",31,19,12
"276","1570力肯","110/07/12","元大-永春",0,26,-26
"277","1570力肯","110/07/12","元大-台中中港",12,0,12
"278","1570力肯","110/07/12","元大-古亭",1,20,-19
"279","1570力肯","110/07/12","日盛-高雄",10,0,10
"280","1570力肯","110/07/12","國泰-松江",0,16,-16
"281","1570力肯","110/07/12","第一金-路竹",10,0,10
"282","1570力肯","110/07/12","台新-台南",0,15,-15
"283","1570力肯","110/07/12","台新-新莊",10,0,10
"284","1570力肯","110/07/12","康和-石牌",0,15,-15
"285","1570力肯","110/07/12","元大-新盛",9,0,9
"286","1570力肯","110/07/12","國泰-板橋",0,11,-11
"287","1570力肯","110/07/12","凱基-台北",8,0,8
"288","1570力肯","110/07/12","元大-高雄",0,11,-11
"289","1570力肯","110/07/12","彰銀-七賢",6,0,6
"290","1570力肯","110/07/12","兆豐-桃園",0,10,-10
"291","1570力肯","110/07/12","元富-緯城",6,0,6
"292","1570力肯","110/07/12","元大-大益",0,10,-10
"293","1570力肯","110/07/12","華南永昌-古亭",6,0,6
"294","1570力肯","110/07/12","中國信託-文心",0,5,-5
"295","1570力肯","110/07/12","富邦-陽明",6,0,6
"296","1570力肯","110/07/12","光和",0,5,-5
"297","1570力肯","110/07/12","臺銀-臺南",5,0,5
"298","1570力肯","110/07/12","陽信-石牌",0,5,-5
"299","1570力肯","110/07/12","宏遠-館前",5,0,5
"300","1570力肯","110/07/12","國泰-高雄",0,5,-5
"301","6180橘子","110/07/12","康和-台中",32,2,30
"302","6180橘子","110/07/12","新百王",1,40,-39
"303","6180橘子","110/07/12","美林",32,3,29
"304","6180橘子","110/07/12","富邦-陽明",4,42,-38
"305","6180橘子","110/07/12","元大-羅東",21,0,21
"306","6180橘子","110/07/12","新光",3,32,-29
"307","6180橘子","110/07/12","兆豐-埔墘",16,0,16
"308","6180橘子","110/07/12","日盛-文化",4,20,-16
"309","6180橘子","110/07/12","元大-雙和",12,0,12
"310","6180橘子","110/07/12","華南永昌-鶯歌",0,15,-15
"311","6180橘子","110/07/12","美商高盛",18,7,11
"312","6180橘子","110/07/12","中國信託-忠孝",7,20,-13
"313","6180橘子","110/07/12","台新證券",14,3,11
"314","6180橘子","110/07/12","凱基-台北",5,17,-12
"315","6180橘子","110/07/12","元大-中壢",12,1,11
"316","6180橘子","110/07/12","凱基-高雄",0,11,-11
"317","6180橘子","110/07/12","統一-南京",10,0,10
"318","6180橘子","110/07/12","凱基-大安",0,10,-10
"319","6180橘子","110/07/12","致和-崇德",10,0,10
"320","6180橘子","110/07/12","元大-北屯",0,10,-10
"321","6180橘子","110/07/12","玉山-板橋",10,0,10
"322","6180橘子","110/07/12","元大-南京",0,9,-9
"323","6180橘子","110/07/12","富邦-仁愛",10,0,10
"324","6180橘子","110/07/12","元大-台南",1,10,-9
"325","6180橘子","110/07/12","摩根大通",10,1,9
"326","6180橘子","110/07/12","康和-澎湖",0,8,-8
"327","6180橘子","110/07/12","元富-林園",8,0,8
"328","6180橘子","110/07/12","第一金-台中",0,7,-7
"329","6180橘子","110/07/12","大慶-富順",7,0,7
"330","6180橘子","110/07/12","台新-台南",1,8,-7
"331","2390云辰","110/07/12","統一-新台中",170,0,170
"332","2390云辰","110/07/12","元大-天母",2,450,-448
"333","2390云辰","110/07/12","華南永昌-麻豆",137,2,135
"334","2390云辰","110/07/12","國泰-忠孝",1,143,-142
"335","2390云辰","110/07/12","元富-成功",103,14,89
"336","2390云辰","110/07/12","摩根大通",377,512,-135
"337","2390云辰","110/07/12","元大-土城學府",146,69,77
"338","2390云辰","110/07/12","台灣摩根士丹利",0,91,-91
"339","2390云辰","110/07/12","永豐金-永康",76,4,72
"340","2390云辰","110/07/12","美林",84,146,-62
"341","2390云辰","110/07/12","台中銀",73,2,71
"342","2390云辰","110/07/12","華南永昌-嘉義",2,61,-59
"343","2390云辰","110/07/12","大昌",63,3,60
"344","2390云辰","110/07/12","永豐金-羅東",0,49,-49
"345","2390云辰","110/07/12","合庫-三重",50,0,50
"346","2390云辰","110/07/12","玉山-台中",6,53,-47
"347","2390云辰","110/07/12","元富-高雄",93,50,43
"348","2390云辰","110/07/12","玉山-新莊",2,48,-46
"349","2390云辰","110/07/12","元大-館前",40,4,36
"350","2390云辰","110/07/12","元大-大里",7,52,-45
"351","2390云辰","110/07/12","港商野村",143,109,34
"352","2390云辰","110/07/12","元大-內湖",3,48,-45
"353","2390云辰","110/07/12","元大-雙和",34,0,34
"354","2390云辰","110/07/12","永豐金-市政",1,42,-41
"355","2390云辰","110/07/12","群益金鼎-民權",33,2,31
"356","2390云辰","110/07/12","元大-學甲",1,41,-40
"357","2390云辰","110/07/12","日盛-八德",40,10,30
"358","2390云辰","110/07/12","兆豐-高雄",2,41,-39
"359","2390云辰","110/07/12","國票-嘉義",30,0,30
"360","2390云辰","110/07/12","新加坡商瑞銀",21,59,-38
"361","4903聯光通","110/07/12","台灣企銀-太平",19,0,19
"362","4903聯光通","110/07/12","玉山-南京東路",0,16,-16
"363","4903聯光通","110/07/12","統一-土城",17,0,17
"364","4903聯光通","110/07/12","新光",0,14,-14
"365","4903聯光通","110/07/12","國票-博愛",14,0,14
"366","4903聯光通","110/07/12","兆豐-彰化",0,10,-10
"367","4903聯光通","110/07/12","新光-台中",15,2,13
"368","4903聯光通","110/07/12","國票",0,10,-10
"369","4903聯光通","110/07/12","元大-彰化",11,0,11
"370","4903聯光通","110/07/12","富邦-敦南",0,10,-10
"371","4903聯光通","110/07/12","華南永昌-林口",10,0,10
"372","4903聯光通","110/07/12","元大-前金",0,9,-9
"373","4903聯光通","110/07/12","永豐金-南投",9,0,9
"374","4903聯光通","110/07/12","日盛-頭份",0,8,-8
"375","4903聯光通","110/07/12","元大-清水",8,0,8
"376","4903聯光通","110/07/12","元大-太平",0,8,-8
"377","4903聯光通","110/07/12","元大-博愛",8,0,8
"378","4903聯光通","110/07/12","兆豐-埔墘",0,7,-7
"379","4903聯光通","110/07/12","玉山-新莊",5,0,5
"380","4903聯光通","110/07/12","臺銀-民權",0,5,-5
"381","4903聯光通","110/07/12","凱基-士林",10,5,5
"382","4903聯光通","110/07/12","富邦-板橋",0,5,-5
"383","4903聯光通","110/07/12","元大-斗六",4,0,4
"384","4903聯光通","110/07/12","元大-土城永寧",0,5,-5
"385","4903聯光通","110/07/12","永豐金-羅東",4,0,4
"386","4903聯光通","110/07/12","台新證券",0,4,-4
"387","4903聯光通","110/07/12","日盛-樹林",3,0,3
"388","4903聯光通","110/07/12","凱基-中壢",0,4,-4
"389","4903聯光通","110/07/12","華南永昌-鶯歌",2,0,2
"390","4903聯光通","110/07/12","元大-羅東",0,4,-4
"391","2929淘帝","110/07/12","新光-台中",95,36,59
"392","2929淘帝","110/07/12","華南永昌-林口",7,208,-201
"393","2929淘帝","110/07/12","富邦-板橋",62,5,57
"394","2929淘帝","110/07/12","富邦-台北",6,200,-194
"395","2929淘帝","110/07/12","合庫-高雄",56,6,50
"396","2929淘帝","110/07/12","元富-大裕",11,200,-189
"397","2929淘帝","110/07/12","永興",41,0,41
"398","2929淘帝","110/07/12","台中銀-台北",0,160,-160
"399","2929淘帝","110/07/12","兆豐-忠孝",58,18,40
"400","2929淘帝","110/07/12","日盛-園區",1,111,-110
"401","2929淘帝","110/07/12","新光-高雄",39,3,36
"402","2929淘帝","110/07/12","日盛-八德",0,88,-88
"403","2929淘帝","110/07/12","凱基-豐中",36,0,36
"404","2929淘帝","110/07/12","玉山-新竹",32,110,-78
"405","2929淘帝","110/07/12","元大-民生",35,0,35
"406","2929淘帝","110/07/12","元大-前金",0,72,-72
"407","2929淘帝","110/07/12","臺銀-臺南",32,1,31
"408","2929淘帝","110/07/12","元大-館前",12,83,-71
"409","2929淘帝","110/07/12","台新證券",44,13,31
"410","2929淘帝","110/07/12","華南永昌",1,57,-56
"411","2929淘帝","110/07/12","新百王",30,0,30
"412","2929淘帝","110/07/12","元大-南崁",4,59,-55
"413","2929淘帝","110/07/12","群益金鼎-大興",30,0,30
"414","2929淘帝","110/07/12","元大-嘉義",0,51,-51
"415","2929淘帝","110/07/12","凱基-台北",32,5,27
"416","2929淘帝","110/07/12","日茂",1,50,-49
"417","2929淘帝","110/07/12","元富-城東",26,0,26
"418","2929淘帝","110/07/12","新光",35,83,-48
"419","2929淘帝","110/07/12","國泰-松江",26,0,26
"420","2929淘帝","110/07/12","日盛-新竹",1,48,-47
"421","5410國眾","110/07/12","群益金鼎-中壢",68,0,68
"422","5410國眾","110/07/12","摩根大通",6,67,-61
"423","5410國眾","110/07/12","凱基-市政",40,0,40
"424","5410國眾","110/07/12","元富-嘉義",0,60,-60
"425","5410國眾","110/07/12","凱基-竹北",38,0,38
"426","5410國眾","110/07/12","凱基-台北",0,51,-51
"427","5410國眾","110/07/12","華南永昌-三重",30,0,30
"428","5410國眾","110/07/12","元富-大裕",0,33,-33
"429","5410國眾","110/07/12","永興",20,0,20
"430","5410國眾","110/07/12","日盛-木柵",0,15,-15
"431","5410國眾","110/07/12","統一-新台中",20,0,20
"432","5410國眾","110/07/12","群益金鼎-民權",0,15,-15
"433","5410國眾","110/07/12","兆豐-三重",20,0,20
"434","5410國眾","110/07/12","元富-緯城",0,14,-14
"435","5410國眾","110/07/12","富邦-台中",20,0,20
"436","5410國眾","110/07/12","元大-大同",0,12,-12
"437","5410國眾","110/07/12","臺銀",15,0,15
"438","5410國眾","110/07/12","元大-莒光",0,10,-10
"439","5410國眾","110/07/12","新光-桃園",20,6,14
"440","5410國眾","110/07/12","元大-博愛",0,10,-10
"441","5410國眾","110/07/12","元大-員林",12,0,12
"442","5410國眾","110/07/12","日盛-永康",0,8,-8
"443","5410國眾","110/07/12","日盛-員林",10,0,10
"444","5410國眾","110/07/12","元大-四維",5,13,-8
"445","5410國眾","110/07/12","元大-新盛",10,0,10
"446","5410國眾","110/07/12","新加坡商瑞銀",0,7,-7
"447","5410國眾","110/07/12","永豐金-台南",10,0,10
"448","5410國眾","110/07/12","致和-金華",0,7,-7
"449","5410國眾","110/07/12","元富-新莊",8,0,8
"450","5410國眾","110/07/12","新光-新竹",0,7,-7
"451","2841台開","110/07/12","永豐金-敦南",139,26,113
"452","2841台開","110/07/12","華南永昌-朴子",0,528,-528
"453","2841台開","110/07/12","日盛-雙和",68,0,68
"454","2841台開","110/07/12","元大-苑裡",2,50,-48
"455","2841台開","110/07/12","台新證券",62,4,58
"456","2841台開","110/07/12","群益金鼎-東湖",0,40,-40
"457","2841台開","110/07/12","凱基-文心",50,0,50
"458","2841台開","110/07/12","第一金-員林",0,30,-30
"459","2841台開","110/07/12","第一金-台中",45,0,45
"460","2841台開","110/07/12","德信-中正",0,20,-20
"461","2841台開","110/07/12","富邦-嘉義",40,0,40
"462","2841台開","110/07/12","兆豐-嘉義",0,20,-20
"463","2841台開","110/07/12","日盛-木柵",30,0,30
"464","2841台開","110/07/12","彰銀-七賢",0,15,-15
"465","2841台開","110/07/12","中國信託-文心",31,3,28
"466","2841台開","110/07/12","元大-承德",0,14,-14
"467","2841台開","110/07/12","元大-福營",30,7,23
"468","2841台開","110/07/12","元富",0,12,-12
"469","2841台開","110/07/12","台中銀",20,0,20
"470","2841台開","110/07/12","富邦-陽明",0,11,-11
"471","2841台開","110/07/12","國泰-板橋",20,0,20
"472","2841台開","110/07/12","元大證券",0,11,-11
"473","2841台開","110/07/12","元大-前金",20,0,20
"474","2841台開","110/07/12","元大-大甲",0,10,-10
"475","2841台開","110/07/12","中國信託-高雄",16,1,15
"476","2841台開","110/07/12","日盛-新竹",0,8,-8
"477","2841台開","110/07/12","陽信-石牌",15,0,15
"478","2841台開","110/07/12","元富-城東",0,8,-8
"479","2841台開","110/07/12","永豐金-南投",15,0,15
"480","2841台開","110/07/12","玉山-台南",2,10,-8
"481","6207雷科","110/07/12","元大-高雄",34,0,34
"482","6207雷科","110/07/12","永豐金-三重",1,32,-31
"483","6207雷科","110/07/12","華南永昌-林口",16,1,15
"484","6207雷科","110/07/12","永全-八德",0,30,-30
"485","6207雷科","110/07/12","摩根大通",19,6,13
"486","6207雷科","110/07/12","國泰-台中",0,14,-14
"487","6207雷科","110/07/12","元富-埔里",10,0,10
"488","6207雷科","110/07/12","第一金-澎湖",0,10,-10
"489","6207雷科","110/07/12","凱基-台南",10,0,10
"490","6207雷科","110/07/12","元富-林園",0,10,-10
"491","6207雷科","110/07/12","新加坡商瑞銀",9,0,9
"492","6207雷科","110/07/12","元大-東門",0,10,-10
"493","6207雷科","110/07/12","瑞士信貸",8,0,8
"494","6207雷科","110/07/12","兆豐-嘉義",0,4,-4
"495","6207雷科","110/07/12","中國信託-高雄",9,1,8
"496","6207雷科","110/07/12","新光",0,4,-4
"497","6207雷科","110/07/12","凱基-高雄",6,0,6
"498","6207雷科","110/07/12","新光-台中",0,4,-4
"499","6207雷科","110/07/12","元大-六合",6,0,6
"500","6207雷科","110/07/12","群益金鼎-開元",0,4,-4
"501","6207雷科","110/07/12","永豐金-信義",6,0,6
"502","6207雷科","110/07/12","凱基-桃園",0,4,-4
"503","6207雷科","110/07/12","群益金鼎-土城",5,0,5
"504","6207雷科","110/07/12","凱基-民權",0,4,-4
"505","6207雷科","110/07/12","群益金鼎-竹南",5,0,5
"506","6207雷科","110/07/12","玉山-新莊",0,3,-3
"507","6207雷科","110/07/12","元大-大灣",5,1,4
"508","6207雷科","110/07/12","國泰-松江",0,3,-3
"509","6207雷科","110/07/12","永興",3,0,3
"510","6207雷科","110/07/12","富邦-羅東",0,3,-3
"511","3679新至陞","110/07/12","富邦-新竹華信",40,2,38
"512","3679新至陞","110/07/12","瑞士信貸",0,45,-45
"513","3679新至陞","110/07/12","台中銀-員林",28,2,26
"514","3679新至陞","110/07/12","永豐金-天母",0,39,-39
"515","3679新至陞","110/07/12","聯邦-大業",24,0,24
"516","3679新至陞","110/07/12","摩根大通",7,35,-28
"517","3679新至陞","110/07/12","永豐金證券",20,0,20
"518","3679新至陞","110/07/12","凱基-台北",8,36,-28
"519","3679新至陞","110/07/12","港商法國興業",14,0,14
"520","3679新至陞","110/07/12","華南永昌-小港",1,23,-22
"521","3679新至陞","110/07/12","日盛-樹林",13,1,12
"522","3679新至陞","110/07/12","台新-台中",0,15,-15
"523","3679新至陞","110/07/12","國泰-桃園",9,0,9
"524","3679新至陞","110/07/12","統一-台中",0,12,-12
"525","3679新至陞","110/07/12","宏遠-館前",8,0,8
"526","3679新至陞","110/07/12","元大-成功",1,12,-11
"527","3679新至陞","110/07/12","凱基",10,2,8
"528","3679新至陞","110/07/12","康和-澎湖",0,8,-8
"529","3679新至陞","110/07/12","(牛牛牛)亞-網路",7,0,7
"530","3679新至陞","110/07/12","新加坡商瑞銀",0,7,-7
"531","3679新至陞","110/07/12","兆豐-員林",7,0,7
"532","3679新至陞","110/07/12","兆豐-來福",0,7,-7
"533","3679新至陞","110/07/12","大慶-蘆洲",5,0,5
"534","3679新至陞","110/07/12","元大-佳里",0,6,-6
"535","3679新至陞","110/07/12","土銀-花蓮",4,0,4
"536","3679新至陞","110/07/12","美商高盛",0,5,-5
"537","3679新至陞","110/07/12","台新-高雄",5,1,4
"538","3679新至陞","110/07/12","國票-新莊",0,5,-5
"539","3679新至陞","110/07/12","元大-天母",4,0,4
"540","3679新至陞","110/07/12","台新-屏東",0,5,-5
"541","2727王品","110/07/12","凱基-台北",354,198,156
"542","2727王品","110/07/12","台灣摩根士丹利",5,386,-381
"543","2727王品","110/07/12","統一-城中",159,22,137
"544","2727王品","110/07/12","元大-嘉義",4,60,-56
"545","2727王品","110/07/12","日盛-忠孝",60,0,60
"546","2727王品","110/07/12","元大-大同",2,44,-42
"547","2727王品","110/07/12","永豐金-忠孝",45,5,40
"548","2727王品","110/07/12","國泰-台中",32,73,-41
"549","2727王品","110/07/12","合庫-新竹",31,0,31
"550","2727王品","110/07/12","元大證券",127,163,-36
"551","2727王品","110/07/12","富邦-台中",31,3,28
"552","2727王品","110/07/12","凱基",1,33,-32
"553","2727王品","110/07/12","元大-桃園",35,10,25
"554","2727王品","110/07/12","永全-南崁",1,31,-30
"555","2727王品","110/07/12","新加坡商瑞銀",28,4,24
"556","2727王品","110/07/12","凱基-和平",2,32,-30
"557","2727王品","110/07/12","群益金鼎-古亭",25,2,23
"558","2727王品","110/07/12","永豐金-大園",8,38,-30
"559","2727王品","110/07/12","元大-龍潭",29,7,22
"560","2727王品","110/07/12","瑞士信貸",0,28,-28
"561","2727王品","110/07/12","永豐金-永康",25,3,22
"562","2727王品","110/07/12","元富",17,44,-27
"563","2727王品","110/07/12","富邦-竹北",24,3,21
"564","2727王品","110/07/12","元大-北屯",5,32,-27
"565","2727王品","110/07/12","群益金鼎-松山",20,0,20
"566","2727王品","110/07/12","華南永昌",3,28,-25
"567","2727王品","110/07/12","元大-八德",20,0,20
"568","2727王品","110/07/12","統一-竹南",1,23,-22
"569","2727王品","110/07/12","元大-南京",25,6,19
"570","2727王品","110/07/12","永豐金證券",4,26,-22
"571","1570力肯","110/07/12","國票-北高雄",40,0,40
"572","1570力肯","110/07/12","日盛-竹北",0,40,-40
"573","1570力肯","110/07/12","摩根大通",16,0,16
"574","1570力肯","110/07/12","第一金-華江",1,38,-37
"575","1570力肯","110/07/12","新光",31,19,12
"576","1570力肯","110/07/12","元大-永春",0,26,-26
"577","1570力肯","110/07/12","元大-台中中港",12,0,12
"578","1570力肯","110/07/12","元大-古亭",1,20,-19
"579","1570力肯","110/07/12","日盛-高雄",10,0,10
"580","1570力肯","110/07/12","國泰-松江",0,16,-16
"581","1570力肯","110/07/12","第一金-路竹",10,0,10
"582","1570力肯","110/07/12","台新-台南",0,15,-15
"583","1570力肯","110/07/12","台新-新莊",10,0,10
"584","1570力肯","110/07/12","康和-石牌",0,15,-15
"585","1570力肯","110/07/12","元大-新盛",9,0,9
"586","1570力肯","110/07/12","國泰-板橋",0,11,-11
"587","1570力肯","110/07/12","凱基-台北",8,0,8
"588","1570力肯","110/07/12","元大-高雄",0,11,-11
"589","1570力肯","110/07/12","彰銀-七賢",6,0,6
"590","1570力肯","110/07/12","兆豐-桃園",0,10,-10
"591","1570力肯","110/07/12","元富-緯城",6,0,6
"592","1570力肯","110/07/12","元大-大益",0,10,-10
"593","1570力肯","110/07/12","華南永昌-古亭",6,0,6
"594","1570力肯","110/07/12","中國信託-文心",0,5,-5
"595","1570力肯","110/07/12","富邦-陽明",6,0,6
"596","1570力肯","110/07/12","光和",0,5,-5
"597","1570力肯","110/07/12","臺銀-臺南",5,0,5
"598","1570力肯","110/07/12","陽信-石牌",0,5,-5
"599","1570力肯","110/07/12","宏遠-館前",5,0,5
"600","1570力肯","110/07/12","國泰-高雄",0,5,-5
"601","6180橘子","110/07/12","康和-台中",32,2,30
"602","6180橘子","110/07/12","新百王",1,40,-39
"603","6180橘子","110/07/12","美林",32,3,29
"604","6180橘子","110/07/12","富邦-陽明",4,42,-38
"605","6180橘子","110/07/12","元大-羅東",21,0,21
"606","6180橘子","110/07/12","新光",3,32,-29
"607","6180橘子","110/07/12","兆豐-埔墘",16,0,16
"608","6180橘子","110/07/12","日盛-文化",4,20,-16
"609","6180橘子","110/07/12","元大-雙和",12,0,12
"610","6180橘子","110/07/12","華南永昌-鶯歌",0,15,-15
"611","6180橘子","110/07/12","美商高盛",18,7,11
"612","6180橘子","110/07/12","中國信託-忠孝",7,20,-13
"613","6180橘子","110/07/12","台新證券",14,3,11
"614","6180橘子","110/07/12","凱基-台北",5,17,-12
"615","6180橘子","110/07/12","元大-中壢",12,1,11
"616","6180橘子","110/07/12","凱基-高雄",0,11,-11
"617","6180橘子","110/07/12","統一-南京",10,0,10
"618","6180橘子","110/07/12","凱基-大安",0,10,-10
"619","6180橘子","110/07/12","致和-崇德",10,0,10
"620","6180橘子","110/07/12","元大-北屯",0,10,-10
"621","6180橘子","110/07/12","玉山-板橋",10,0,10
"622","6180橘子","110/07/12","元大-南京",0,9,-9
"623","6180橘子","110/07/12","富邦-仁愛",10,0,10
"624","6180橘子","110/07/12","元大-台南",1,10,-9
"625","6180橘子","110/07/12","摩根大通",10,1,9
"626","6180橘子","110/07/12","康和-澎湖",0,8,-8
"627","6180橘子","110/07/12","元富-林園",8,0,8
"628","6180橘子","110/07/12","第一金-台中",0,7,-7
"629","6180橘子","110/07/12","大慶-富順",7,0,7
"630","6180橘子","110/07/12","台新-台南",1,8,-7
"631","2390云辰","110/07/12","統一-新台中",170,0,170
"632","2390云辰","110/07/12","元大-天母",2,450,-448
"633","2390云辰","110/07/12","華南永昌-麻豆",137,2,135
"634","2390云辰","110/07/12","國泰-忠孝",1,143,-142
"635","2390云辰","110/07/12","元富-成功",103,14,89
"636","2390云辰","110/07/12","摩根大通",377,512,-135
"637","2390云辰","110/07/12","元大-土城學府",146,69,77
"638","2390云辰","110/07/12","台灣摩根士丹利",0,91,-91
"639","2390云辰","110/07/12","永豐金-永康",76,4,72
"640","2390云辰","110/07/12","美林",84,146,-62
"641","2390云辰","110/07/12","台中銀",73,2,71
"642","2390云辰","110/07/12","華南永昌-嘉義",2,61,-59
"643","2390云辰","110/07/12","大昌",63,3,60
"644","2390云辰","110/07/12","永豐金-羅東",0,49,-49
"645","2390云辰","110/07/12","合庫-三重",50,0,50
"646","2390云辰","110/07/12","玉山-台中",6,53,-47
"647","2390云辰","110/07/12","元富-高雄",93,50,43
"648","2390云辰","110/07/12","玉山-新莊",2,48,-46
"649","2390云辰","110/07/12","元大-館前",40,4,36
"650","2390云辰","110/07/12","元大-大里",7,52,-45
"651","2390云辰","110/07/12","港商野村",143,109,34
"652","2390云辰","110/07/12","元大-內湖",3,48,-45
"653","2390云辰","110/07/12","元大-雙和",34,0,34
"654","2390云辰","110/07/12","永豐金-市政",1,42,-41
"655","2390云辰","110/07/12","群益金鼎-民權",33,2,31
"656","2390云辰","110/07/12","元大-學甲",1,41,-40
"657","2390云辰","110/07/12","日盛-八德",40,10,30
"658","2390云辰","110/07/12","兆豐-高雄",2,41,-39
"659","2390云辰","110/07/12","國票-嘉義",30,0,30
"660","2390云辰","110/07/12","新加坡商瑞銀",21,59,-38
"661","4903聯光通","110/07/09","元大-敦南",10,0,10
"662","4903聯光通","110/07/09","第一金-台中",0,12,-12
"663","4903聯光通","110/07/09","凱基-士林",5,0,5
"664","4903聯光通","110/07/09","日盛-忠孝",0,3,-3
"665","4903聯光通","110/07/09","元大-苗栗",5,0,5
"666","4903聯光通","110/07/09","群益金鼎-崇德",0,3,-3
"667","4903聯光通","110/07/09","元大-屏南",3,0,3
"668","4903聯光通","110/07/09","國票-內壢",0,2,-2
"669","4903聯光通","110/07/09","中國信託-永康",1,0,1
"670","4903聯光通","110/07/09","康和-南崁",0,2,-2
"671","4903聯光通","110/07/09","玉山證券",1,0,1
"672","4903聯光通","110/07/09","新光-台中",0,2,-2
"673","4903聯光通","110/07/09","元大-太平",4,3,1
"674","4903聯光通","110/07/09","玉山-城中",0,2,-2
"675","4903聯光通","110/07/09","永豐金-嘉義",1,0,1
"676","4903聯光通","110/07/09","中國信託-文心",0,1,-1
"677","4903聯光通","110/07/09","大昌",0,0,0
"678","4903聯光通","110/07/09","大昌",0,0,0
"679","4903聯光通","110/07/09","中農",0,0,0
"680","4903聯光通","110/07/09","中農",0,0,0
"681","4903聯光通","110/07/09","",NA,NA,NA
"682","4903聯光通","110/07/09","",NA,NA,NA
"683","4903聯光通","110/07/09","",NA,NA,NA
"684","4903聯光通","110/07/09","",NA,NA,NA
"685","4903聯光通","110/07/09","",NA,NA,NA
"686","4903聯光通","110/07/09","",NA,NA,NA
"687","4903聯光通","110/07/09","",NA,NA,NA
"688","4903聯光通","110/07/09","",NA,NA,NA
"689","4903聯光通","110/07/09","",NA,NA,NA
"690","4903聯光通","110/07/09","",NA,NA,NA
"691","2929淘帝","110/07/09","台中銀-台北",110,0,110
"692","2929淘帝","110/07/09","新光",2,82,-80
"693","2929淘帝","110/07/09","華南永昌-頭份",72,0,72
"694","2929淘帝","110/07/09","摩根大通",2,63,-61
"695","2929淘帝","110/07/09","合庫-高雄",71,0,71
"696","2929淘帝","110/07/09","第一金-路竹",0,50,-50
"697","2929淘帝","110/07/09","高橋-龍潭",37,0,37
"698","2929淘帝","110/07/09","港商麥格理",0,42,-42
"699","2929淘帝","110/07/09","新光-台中",60,26,34
"700","2929淘帝","110/07/09","陽信-石牌",0,40,-40
"701","2929淘帝","110/07/09","元富-大裕",22,1,21
"702","2929淘帝","110/07/09","台新-左楠",1,39,-38
"703","2929淘帝","110/07/09","合庫-鳳山",20,0,20
"704","2929淘帝","110/07/09","凱基-桃園",3,29,-26
"705","2929淘帝","110/07/09","元大-員林",22,2,20
"706","2929淘帝","110/07/09","兆豐-內湖",0,25,-25
"707","2929淘帝","110/07/09","台新-建北",15,0,15
"708","2929淘帝","110/07/09","元大-北港",0,20,-20
"709","2929淘帝","110/07/09","兆豐-桃園",13,0,13
"710","2929淘帝","110/07/09","富邦-北港",0,19,-19
"711","2929淘帝","110/07/09","兆豐-忠孝",10,0,10
"712","2929淘帝","110/07/09","富邦-花蓮",0,17,-17
"713","2929淘帝","110/07/09","國票-敦北法人",10,0,10
"714","2929淘帝","110/07/09","國泰-台中",2,17,-15
"715","2929淘帝","110/07/09","永豐金-博愛",10,0,10
"716","2929淘帝","110/07/09","群益金鼎-彰化",0,15,-15
"717","2929淘帝","110/07/09","群益金鼎-潭子",8,0,8
"718","2929淘帝","110/07/09","元大-博愛",0,14,-14
"719","2929淘帝","110/07/09","富邦-南屯",8,0,8
"720","2929淘帝","110/07/09","日盛-板橋",0,13,-13
"721","5410國眾","110/07/09","元大-新盛",14,0,14
"722","5410國眾","110/07/09","(牛牛牛)亞-鑫豐",1,41,-40
"723","5410國眾","110/07/09","台灣企銀-民雄",10,0,10
"724","5410國眾","110/07/09","元富-嘉義",0,25,-25
"725","5410國眾","110/07/09","元富-虎尾",9,0,9
"726","5410國眾","110/07/09","凱基-高美館",0,10,-10
"727","5410國眾","110/07/09","摩根大通",10,1,9
"728","5410國眾","110/07/09","凱基-城中",0,10,-10
"729","5410國眾","110/07/09","兆豐-北高雄",7,0,7
"730","5410國眾","110/07/09","元大-頭份",0,10,-10
"731","5410國眾","110/07/09","凱基-台北",8,1,7
"732","5410國眾","110/07/09","群益金鼎-丹鳳",0,7,-7
"733","5410國眾","110/07/09","華南永昌-公誠",7,0,7
"734","5410國眾","110/07/09","凱基-復興",0,7,-7
"735","5410國眾","110/07/09","香港上海匯豐",6,0,6
"736","5410國眾","110/07/09","元大-員林",0,7,-7
"737","5410國眾","110/07/09","凱基-中壢",6,0,6
"738","5410國眾","110/07/09","富邦-竹東",0,6,-6
"739","5410國眾","110/07/09","華南永昌-南京",6,0,6
"740","5410國眾","110/07/09","亞東-高雄",0,5,-5
"741","5410國眾","110/07/09","統一-三重",5,0,5
"742","5410國眾","110/07/09","大慶-中壢",1,6,-5
"743","5410國眾","110/07/09","富邦-宜蘭",5,0,5
"744","5410國眾","110/07/09","群益金鼎-中港",0,5,-5
"745","5410國眾","110/07/09","元大-崇德",5,0,5
"746","5410國眾","110/07/09","元大-八德",0,5,-5
"747","5410國眾","110/07/09","元大-博愛",5,0,5
"748","5410國眾","110/07/09","富邦-基隆",0,4,-4
"749","5410國眾","110/07/09","元大-龍潭",5,0,5
"750","5410國眾","110/07/09","臺銀-新竹",0,3,-3
"751","2841台開","110/07/09","日盛-雙和",102,0,102
"752","2841台開","110/07/09","港商野村",0,129,-129
"753","2841台開","110/07/09","元大-館前",70,0,70
"754","2841台開","110/07/09","兆豐-永和",0,100,-100
"755","2841台開","110/07/09","凱基-文心",50,0,50
"756","2841台開","110/07/09","台新證券",7,28,-21
"757","2841台開","110/07/09","富邦-嘉義",40,0,40
"758","2841台開","110/07/09","國票-北高雄",0,20,-20
"759","2841台開","110/07/09","美商高盛",15,0,15
"760","2841台開","110/07/09","永豐金-敦南",29,46,-17
"761","2841台開","110/07/09","台中銀",15,0,15
"762","2841台開","110/07/09","合庫-基隆",0,12,-12
"763","2841台開","110/07/09","新光",11,0,11
"764","2841台開","110/07/09","中國信託-松江",0,12,-12
"765","2841台開","110/07/09","華南永昌-長虹",10,0,10
"766","2841台開","110/07/09","兆豐-城中",0,12,-12
"767","2841台開","110/07/09","永豐金-南投",10,0,10
"768","2841台開","110/07/09","台中銀-豐原",0,10,-10
"769","2841台開","110/07/09","合庫-桃園",7,0,7
"770","2841台開","110/07/09","兆豐-景美",0,10,-10
"771","2841台開","110/07/09","群益金鼎-古亭",7,0,7
"772","2841台開","110/07/09","群益金鼎-基隆",0,10,-10
"773","2841台開","110/07/09","國泰-敦南",6,0,6
"774","2841台開","110/07/09","元大-北三重",0,10,-10
"775","2841台開","110/07/09","凱基-桃園",8,2,6
"776","2841台開","110/07/09","(牛牛牛)亞-網路",0,9,-9
"777","2841台開","110/07/09","日盛證券",5,0,5
"778","2841台開","110/07/09","台新-高雄",1,10,-9
"779","2841台開","110/07/09","元富-文心",5,0,5
"780","2841台開","110/07/09","凱基-台北",0,7,-7
"781","6207雷科","110/07/09","群益金鼎-新竹",47,0,47
"782","6207雷科","110/07/09","新光",7,24,-17
"783","6207雷科","110/07/09","永豐金-三重",31,0,31
"784","6207雷科","110/07/09","日盛-和美",0,15,-15
"785","6207雷科","110/07/09","新加坡商瑞銀",33,5,28
"786","6207雷科","110/07/09","國泰-台南",0,15,-15
"787","6207雷科","110/07/09","元大-高雄",26,0,26
"788","6207雷科","110/07/09","華南永昌-古亭",0,14,-14
"789","6207雷科","110/07/09","統一-員林",22,0,22
"790","6207雷科","110/07/09","土銀-白河",0,11,-11
"791","6207雷科","110/07/09","台新-高雄",22,0,22
"792","6207雷科","110/07/09","日盛-台南",0,10,-10
"793","6207雷科","110/07/09","摩根大通",34,17,17
"794","6207雷科","110/07/09","元富-林園",0,10,-10
"795","6207雷科","110/07/09","元大-博愛",17,1,16
"796","6207雷科","110/07/09","富邦-園區",0,10,-10
"797","6207雷科","110/07/09","日茂-埔里",12,0,12
"798","6207雷科","110/07/09","元大-上新莊",0,10,-10
"799","6207雷科","110/07/09","國泰-台中",17,6,11
"800","6207雷科","110/07/09","永豐金-南京",0,10,-10
"801","6207雷科","110/07/09","富邦-三重",10,0,10
"802","6207雷科","110/07/09","兆豐-小港",0,6,-6
"803","6207雷科","110/07/09","元大-沙鹿",10,0,10
"804","6207雷科","110/07/09","富邦-羅東",1,7,-6
"805","6207雷科","110/07/09","元大-八德",10,0,10
"806","6207雷科","110/07/09","元大-土城永寧",0,6,-6
"807","6207雷科","110/07/09","第一金-路竹",11,2,9
"808","6207雷科","110/07/09","永豐金-板盛",0,6,-6
"809","6207雷科","110/07/09","統一-南京",5,0,5
"810","6207雷科","110/07/09","日盛-板橋",0,5,-5
"811","3679新至陞","110/07/09","元大-大天母",10,0,10
"812","3679新至陞","110/07/09","第一金-光復",0,11,-11
"813","3679新至陞","110/07/09","日盛-樹林",9,0,9
"814","3679新至陞","110/07/09","瑞士信貸",0,8,-8
"815","3679新至陞","110/07/09","凱基-台北",11,2,9
"816","3679新至陞","110/07/09","大慶-苗栗",0,5,-5
"817","3679新至陞","110/07/09","華南永昌-小港",8,0,8
"818","3679新至陞","110/07/09","元大-永春",0,5,-5
"819","3679新至陞","110/07/09","兆豐-來福",7,0,7
"820","3679新至陞","110/07/09","日盛-和美",0,4,-4
"821","3679新至陞","110/07/09","香港上海匯豐",5,0,5
"822","3679新至陞","110/07/09","元大-雙和",0,3,-3
"823","3679新至陞","110/07/09","台中銀-員林",3,0,3
"824","3679新至陞","110/07/09","永豐金-屏東",0,3,-3
"825","3679新至陞","110/07/09","新光",3,0,3
"826","3679新至陞","110/07/09","彰銀",0,2,-2
"827","3679新至陞","110/07/09","土銀-花蓮",2,0,2
"828","3679新至陞","110/07/09","宏遠-館前",0,2,-2
"829","3679新至陞","110/07/09","第一金-澎湖",2,0,2
"830","3679新至陞","110/07/09","港商野村",0,2,-2
"831","3679新至陞","110/07/09","摩根大通",2,0,2
"832","3679新至陞","110/07/09","大昌-新店",0,2,-2
"833","3679新至陞","110/07/09","國泰-敦南",2,0,2
"834","3679新至陞","110/07/09","元大-新莊",0,2,-2
"835","3679新至陞","110/07/09","元大-淡水",4,2,2
"836","3679新至陞","110/07/09","元大-板橋",0,2,-2
"837","3679新至陞","110/07/09","日盛-士林",1,0,1
"838","3679新至陞","110/07/09","台灣摩根士丹利",0,1,-1
"839","3679新至陞","110/07/09","日盛-信義",1,0,1
"840","3679新至陞","110/07/09","第一金-高雄",0,1,-1
"841","2727王品","110/07/09","台灣匯立證券",90,0,90
"842","2727王品","110/07/09","台灣摩根士丹利",0,267,-267
"843","2727王品","110/07/09","國泰-敦南",166,84,82
"844","2727王品","110/07/09","富邦-台北",35,299,-264
"845","2727王品","110/07/09","富邦-仁愛",56,12,44
"846","2727王品","110/07/09","凱基-台北",174,296,-122
"847","2727王品","110/07/09","台新證券",109,66,43
"848","2727王品","110/07/09","第一金",2,102,-100
"849","2727王品","110/07/09","新光",117,87,30
"850","2727王品","110/07/09","群益金鼎-大安",0,80,-80
"851","2727王品","110/07/09","臺銀-臺中",35,6,29
"852","2727王品","110/07/09","兆豐-大安",7,60,-53
"853","2727王品","110/07/09","元大-桃園",32,3,29
"854","2727王品","110/07/09","永豐金-南投",0,50,-50
"855","2727王品","110/07/09","元富-宜蘭",34,6,28
"856","2727王品","110/07/09","新加坡商瑞銀",6,46,-40
"857","2727王品","110/07/09","玉山-台中",34,8,26
"858","2727王品","110/07/09","合庫-彰化",11,50,-39
"859","2727王品","110/07/09","群益金鼎-宜蘭",30,4,26
"860","2727王品","110/07/09","永豐金-萬盛",13,52,-39
"861","2727王品","110/07/09","富邦-台中",42,16,26
"862","2727王品","110/07/09","瑞士信貸",0,34,-34
"863","2727王品","110/07/09","第一金-豐原",25,1,24
"864","2727王品","110/07/09","元大-和平",4,35,-31
"865","2727王品","110/07/09","臺銀",30,8,22
"866","2727王品","110/07/09","美林",14,44,-30
"867","2727王品","110/07/09","兆豐-來福",23,1,22
"868","2727王品","110/07/09","元大-員林",9,38,-29
"869","2727王品","110/07/09","玉山-士林",22,2,20
"870","2727王品","110/07/09","元富-西松",4,31,-27
"871","1570力肯","110/07/09","凱基-台北",30,1,29
"872","1570力肯","110/07/09","群益金鼎-彰化",0,20,-20
"873","1570力肯","110/07/09","新光-台南",20,0,20
"874","1570力肯","110/07/09","元大-土城學府",0,20,-20
"875","1570力肯","110/07/09","元大-高雄",20,0,20
"876","1570力肯","110/07/09","元大-大統",0,16,-16
"877","1570力肯","110/07/09","國票-中正",12,0,12
"878","1570力肯","110/07/09","元大-新營",0,11,-11
"879","1570力肯","110/07/09","日盛-高雄",6,0,6
"880","1570力肯","110/07/09","元大-和平",0,10,-10
"881","1570力肯","110/07/09","元富-緯城",6,0,6
"882","1570力肯","110/07/09","元大-草屯",0,10,-10
"883","1570力肯","110/07/09","群益金鼎-台南",6,0,6
"884","1570力肯","110/07/09","元大-鹿港",0,9,-9
"885","1570力肯","110/07/09","華南永昌-岡山",6,0,6
"886","1570力肯","110/07/09","合庫-基隆",0,7,-7
"887","1570力肯","110/07/09","統一-中壢",5,0,5
"888","1570力肯","110/07/09","摩根大通",2,8,-6
"889","1570力肯","110/07/09","凱基-三峽",5,0,5
"890","1570力肯","110/07/09","台灣企銀-豐原",0,4,-4
"891","1570力肯","110/07/09","大昌-樹林",4,0,4
"892","1570力肯","110/07/09","日盛-桃園",0,4,-4
"893","1570力肯","110/07/09","新光",3,0,3
"894","1570力肯","110/07/09","國泰-高雄",0,3,-3
"895","1570力肯","110/07/09","富邦-新竹華信",3,0,3
"896","1570力肯","110/07/09","永豐金-敦南",0,3,-3
"897","1570力肯","110/07/09","合庫-台中",2,0,2
"898","1570力肯","110/07/09","土銀-彰化",0,2,-2
"899","1570力肯","110/07/09","臺銀-臺中",2,0,2
"900","1570力肯","110/07/09","臺銀-鳳山",0,2,-2
"901","6180橘子","110/07/09","摩根大通",63,1,62
"902","6180橘子","110/07/09","元大-南京",1,32,-31
"903","6180橘子","110/07/09","富邦-陽明",73,33,40
"904","6180橘子","110/07/09","群益金鼎-台北",0,25,-25
"905","6180橘子","110/07/09","新加坡商瑞銀",31,0,31
"906","6180橘子","110/07/09","兆豐-復興",0,21,-21
"907","6180橘子","110/07/09","美商高盛",25,0,25
"908","6180橘子","110/07/09","永豐金-嘉義",0,21,-21
"909","6180橘子","110/07/09","凱基-台北",26,10,16
"910","6180橘子","110/07/09","凱基-中壢",8,24,-16
"911","6180橘子","110/07/09","華南永昌-楠梓",13,0,13
"912","6180橘子","110/07/09","致和-崇德",0,15,-15
"913","6180橘子","110/07/09","華南永昌-朴子",11,0,11
"914","6180橘子","110/07/09","群益金鼎-屏東",0,15,-15
"915","6180橘子","110/07/09","元大-北港",11,0,11
"916","6180橘子","110/07/09","群益金鼎-中山",0,15,-15
"917","6180橘子","110/07/09","元大-成功",10,1,9
"918","6180橘子","110/07/09","瑞士信貸",1,15,-14
"919","6180橘子","110/07/09","新光",26,18,8
"920","6180橘子","110/07/09","日盛-二林",0,10,-10
"921","6180橘子","110/07/09","統一-三重",6,0,6
"922","6180橘子","110/07/09","凱基-東門",0,10,-10
"923","6180橘子","110/07/09","群益金鼎-嘉義",6,0,6
"924","6180橘子","110/07/09","華南永昌-三重",0,10,-10
"925","6180橘子","110/07/09","元大-員林中山",6,0,6
"926","6180橘子","110/07/09","元大-彰化民生",1,11,-10
"927","6180橘子","110/07/09","合庫-鳳山",5,0,5
"928","6180橘子","110/07/09","永豐金-新店",1,11,-10
"929","6180橘子","110/07/09","富邦-建國",6,1,5
"930","6180橘子","110/07/09","群益金鼎-丹鳳",0,8,-8
"931","2390云辰","110/07/09","摩根大通",279,56,223
"932","2390云辰","110/07/09","元大-天母",0,127,-127
"933","2390云辰","110/07/09","日盛-鳳山",110,2,108
"934","2390云辰","110/07/09","中國信託-文心",5,109,-104
"935","2390云辰","110/07/09","宏遠證券",100,0,100
"936","2390云辰","110/07/09","永豐金-復興",0,55,-55
"937","2390云辰","110/07/09","元大-大里",63,6,57
"938","2390云辰","110/07/09","凱基-台北",239,286,-47
"939","2390云辰","110/07/09","凱基-八德",59,10,49
"940","2390云辰","110/07/09","德信",2,32,-30
"941","2390云辰","110/07/09","合庫-新竹",40,0,40
"942","2390云辰","110/07/09","兆豐-桃鶯",2,32,-30
"943","2390云辰","110/07/09","國票",40,1,39
"944","2390云辰","110/07/09","致和-南京",0,30,-30
"945","2390云辰","110/07/09","新加坡商瑞銀",49,13,36
"946","2390云辰","110/07/09","富邦-虎尾",1,31,-30
"947","2390云辰","110/07/09","統一-新台中",36,2,34
"948","2390云辰","110/07/09","元大-善化",2,31,-29
"949","2390云辰","110/07/09","國票-嘉義",31,0,31
"950","2390云辰","110/07/09","富邦-板橋",0,27,-27
"951","2390云辰","110/07/09","華南永昌",35,7,28
"952","2390云辰","110/07/09","富邦-永和",3,28,-25
"953","2390云辰","110/07/09","玉山-台中",49,22,27
"954","2390云辰","110/07/09","第一金-自由",20,44,-24
"955","2390云辰","110/07/09","華南永昌-敦南",25,0,25
"956","2390云辰","110/07/09","凱基-內湖",0,24,-24
"957","2390云辰","110/07/09","新光-高雄",27,4,23
"958","2390云辰","110/07/09","元大-汐止",1,24,-23
"959","2390云辰","110/07/09","台灣摩根士丹利",85,63,22
"960","2390云辰","110/07/09","新光-台中",12,33,-21
"961","4903聯光通","110/07/09","元大-敦南",10,0,10
"962","4903聯光通","110/07/09","第一金-台中",0,12,-12
"963","4903聯光通","110/07/09","凱基-士林",5,0,5
"964","4903聯光通","110/07/09","日盛-忠孝",0,3,-3
"965","4903聯光通","110/07/09","元大-苗栗",5,0,5
"966","4903聯光通","110/07/09","群益金鼎-崇德",0,3,-3
"967","4903聯光通","110/07/09","元大-屏南",3,0,3
"968","4903聯光通","110/07/09","國票-內壢",0,2,-2
"969","4903聯光通","110/07/09","中國信託-永康",1,0,1
"970","4903聯光通","110/07/09","康和-南崁",0,2,-2
"971","4903聯光通","110/07/09","玉山證券",1,0,1
"972","4903聯光通","110/07/09","新光-台中",0,2,-2
"973","4903聯光通","110/07/09","元大-太平",4,3,1
"974","4903聯光通","110/07/09","玉山-城中",0,2,-2
"975","4903聯光通","110/07/09","永豐金-嘉義",1,0,1
"976","4903聯光通","110/07/09","中國信託-文心",0,1,-1
"977","4903聯光通","110/07/09","大昌",0,0,0
"978","4903聯光通","110/07/09","大昌",0,0,0
"979","4903聯光通","110/07/09","中農",0,0,0
"980","4903聯光通","110/07/09","中農",0,0,0
"981","4903聯光通","110/07/09","",NA,NA,NA
"982","4903聯光通","110/07/09","",NA,NA,NA
"983","4903聯光通","110/07/09","",NA,NA,NA
"984","4903聯光通","110/07/09","",NA,NA,NA
"985","4903聯光通","110/07/09","",NA,NA,NA
"986","4903聯光通","110/07/09","",NA,NA,NA
"987","4903聯光通","110/07/09","",NA,NA,NA
"988","4903聯光通","110/07/09","",NA,NA,NA
"989","4903聯光通","110/07/09","",NA,NA,NA
"990","4903聯光通","110/07/09","",NA,NA,NA
"991","2929淘帝","110/07/09","台中銀-台北",110,0,110
"992","2929淘帝","110/07/09","新光",2,82,-80
"993","2929淘帝","110/07/09","華南永昌-頭份",72,0,72
"994","2929淘帝","110/07/09","摩根大通",2,63,-61
"995","2929淘帝","110/07/09","合庫-高雄",71,0,71
"996","2929淘帝","110/07/09","第一金-路竹",0,50,-50
"997","2929淘帝","110/07/09","高橋-龍潭",37,0,37
"998","2929淘帝","110/07/09","港商麥格理",0,42,-42
"999","2929淘帝","110/07/09","新光-台中",60,26,34
"1000","2929淘帝","110/07/09","陽信-石牌",0,40,-40
"1001","2929淘帝","110/07/09","元富-大裕",22,1,21
"1002","2929淘帝","110/07/09","台新-左楠",1,39,-38
"1003","2929淘帝","110/07/09","合庫-鳳山",20,0,20
"1004","2929淘帝","110/07/09","凱基-桃園",3,29,-26
"1005","2929淘帝","110/07/09","元大-員林",22,2,20
"1006","2929淘帝","110/07/09","兆豐-內湖",0,25,-25
"1007","2929淘帝","110/07/09","台新-建北",15,0,15
"1008","2929淘帝","110/07/09","元大-北港",0,20,-20
"1009","2929淘帝","110/07/09","兆豐-桃園",13,0,13
"1010","2929淘帝","110/07/09","富邦-北港",0,19,-19
"1011","2929淘帝","110/07/09","兆豐-忠孝",10,0,10
"1012","2929淘帝","110/07/09","富邦-花蓮",0,17,-17
"1013","2929淘帝","110/07/09","國票-敦北法人",10,0,10
"1014","2929淘帝","110/07/09","國泰-台中",2,17,-15
"1015","2929淘帝","110/07/09","永豐金-博愛",10,0,10
"1016","2929淘帝","110/07/09","群益金鼎-彰化",0,15,-15
"1017","2929淘帝","110/07/09","群益金鼎-潭子",8,0,8
"1018","2929淘帝","110/07/09","元大-博愛",0,14,-14
"1019","2929淘帝","110/07/09","富邦-南屯",8,0,8
"1020","2929淘帝","110/07/09","日盛-板橋",0,13,-13
"1021","5410國眾","110/07/09","元大-新盛",14,0,14
"1022","5410國眾","110/07/09","(牛牛牛)亞-鑫豐",1,41,-40
"1023","5410國眾","110/07/09","台灣企銀-民雄",10,0,10
"1024","5410國眾","110/07/09","元富-嘉義",0,25,-25
"1025","5410國眾","110/07/09","元富-虎尾",9,0,9
"1026","5410國眾","110/07/09","凱基-高美館",0,10,-10
"1027","5410國眾","110/07/09","摩根大通",10,1,9
"1028","5410國眾","110/07/09","凱基-城中",0,10,-10
"1029","5410國眾","110/07/09","兆豐-北高雄",7,0,7
"1030","5410國眾","110/07/09","元大-頭份",0,10,-10
"1031","5410國眾","110/07/09","凱基-台北",8,1,7
"1032","5410國眾","110/07/09","群益金鼎-丹鳳",0,7,-7
"1033","5410國眾","110/07/09","華南永昌-公誠",7,0,7
"1034","5410國眾","110/07/09","凱基-復興",0,7,-7
"1035","5410國眾","110/07/09","香港上海匯豐",6,0,6
"1036","5410國眾","110/07/09","元大-員林",0,7,-7
"1037","5410國眾","110/07/09","凱基-中壢",6,0,6
"1038","5410國眾","110/07/09","富邦-竹東",0,6,-6
"1039","5410國眾","110/07/09","華南永昌-南京",6,0,6
"1040","5410國眾","110/07/09","亞東-高雄",0,5,-5
"1041","5410國眾","110/07/09","統一-三重",5,0,5
"1042","5410國眾","110/07/09","大慶-中壢",1,6,-5
"1043","5410國眾","110/07/09","富邦-宜蘭",5,0,5
"1044","5410國眾","110/07/09","群益金鼎-中港",0,5,-5
"1045","5410國眾","110/07/09","元大-崇德",5,0,5
"1046","5410國眾","110/07/09","元大-八德",0,5,-5
"1047","5410國眾","110/07/09","元大-博愛",5,0,5
"1048","5410國眾","110/07/09","富邦-基隆",0,4,-4
"1049","5410國眾","110/07/09","元大-龍潭",5,0,5
"1050","5410國眾","110/07/09","臺銀-新竹",0,3,-3
"1051","2841台開","110/07/09","日盛-雙和",102,0,102
"1052","2841台開","110/07/09","港商野村",0,129,-129
"1053","2841台開","110/07/09","元大-館前",70,0,70
"1054","2841台開","110/07/09","兆豐-永和",0,100,-100
"1055","2841台開","110/07/09","凱基-文心",50,0,50
"1056","2841台開","110/07/09","台新證券",7,28,-21
"1057","2841台開","110/07/09","富邦-嘉義",40,0,40
"1058","2841台開","110/07/09","國票-北高雄",0,20,-20
"1059","2841台開","110/07/09","美商高盛",15,0,15
"1060","2841台開","110/07/09","永豐金-敦南",29,46,-17
"1061","2841台開","110/07/09","台中銀",15,0,15
"1062","2841台開","110/07/09","合庫-基隆",0,12,-12
"1063","2841台開","110/07/09","新光",11,0,11
"1064","2841台開","110/07/09","中國信託-松江",0,12,-12
"1065","2841台開","110/07/09","華南永昌-長虹",10,0,10
"1066","2841台開","110/07/09","兆豐-城中",0,12,-12
"1067","2841台開","110/07/09","永豐金-南投",10,0,10
"1068","2841台開","110/07/09","台中銀-豐原",0,10,-10
"1069","2841台開","110/07/09","合庫-桃園",7,0,7
"1070","2841台開","110/07/09","兆豐-景美",0,10,-10
"1071","2841台開","110/07/09","群益金鼎-古亭",7,0,7
"1072","2841台開","110/07/09","群益金鼎-基隆",0,10,-10
"1073","2841台開","110/07/09","國泰-敦南",6,0,6
"1074","2841台開","110/07/09","元大-北三重",0,10,-10
"1075","2841台開","110/07/09","凱基-桃園",8,2,6
"1076","2841台開","110/07/09","(牛牛牛)亞-網路",0,9,-9
"1077","2841台開","110/07/09","日盛證券",5,0,5
"1078","2841台開","110/07/09","台新-高雄",1,10,-9
"1079","2841台開","110/07/09","元富-文心",5,0,5
"1080","2841台開","110/07/09","凱基-台北",0,7,-7
"1081","6207雷科","110/07/09","群益金鼎-新竹",47,0,47
"1082","6207雷科","110/07/09","新光",7,24,-17
"1083","6207雷科","110/07/09","永豐金-三重",31,0,31
"1084","6207雷科","110/07/09","日盛-和美",0,15,-15
"1085","6207雷科","110/07/09","新加坡商瑞銀",33,5,28
"1086","6207雷科","110/07/09","國泰-台南",0,15,-15
"1087","6207雷科","110/07/09","元大-高雄",26,0,26
"1088","6207雷科","110/07/09","華南永昌-古亭",0,14,-14
"1089","6207雷科","110/07/09","統一-員林",22,0,22
"1090","6207雷科","110/07/09","土銀-白河",0,11,-11
"1091","6207雷科","110/07/09","台新-高雄",22,0,22
"1092","6207雷科","110/07/09","日盛-台南",0,10,-10
"1093","6207雷科","110/07/09","摩根大通",34,17,17
"1094","6207雷科","110/07/09","元富-林園",0,10,-10
"1095","6207雷科","110/07/09","元大-博愛",17,1,16
"1096","6207雷科","110/07/09","富邦-園區",0,10,-10
"1097","6207雷科","110/07/09","日茂-埔里",12,0,12
"1098","6207雷科","110/07/09","元大-上新莊",0,10,-10
"1099","6207雷科","110/07/09","國泰-台中",17,6,11
"1100","6207雷科","110/07/09","永豐金-南京",0,10,-10
"1101","6207雷科","110/07/09","富邦-三重",10,0,10
"1102","6207雷科","110/07/09","兆豐-小港",0,6,-6
"1103","6207雷科","110/07/09","元大-沙鹿",10,0,10
"1104","6207雷科","110/07/09","富邦-羅東",1,7,-6
"1105","6207雷科","110/07/09","元大-八德",10,0,10
"1106","6207雷科","110/07/09","元大-土城永寧",0,6,-6
"1107","6207雷科","110/07/09","第一金-路竹",11,2,9
"1108","6207雷科","110/07/09","永豐金-板盛",0,6,-6
"1109","6207雷科","110/07/09","統一-南京",5,0,5
"1110","6207雷科","110/07/09","日盛-板橋",0,5,-5
"1111","3679新至陞","110/07/09","元大-大天母",10,0,10
"1112","3679新至陞","110/07/09","第一金-光復",0,11,-11
"1113","3679新至陞","110/07/09","日盛-樹林",9,0,9
"1114","3679新至陞","110/07/09","瑞士信貸",0,8,-8
"1115","3679新至陞","110/07/09","凱基-台北",11,2,9
"1116","3679新至陞","110/07/09","大慶-苗栗",0,5,-5
"1117","3679新至陞","110/07/09","華南永昌-小港",8,0,8
"1118","3679新至陞","110/07/09","元大-永春",0,5,-5
"1119","3679新至陞","110/07/09","兆豐-來福",7,0,7
"1120","3679新至陞","110/07/09","日盛-和美",0,4,-4
"1121","3679新至陞","110/07/09","香港上海匯豐",5,0,5
"1122","3679新至陞","110/07/09","元大-雙和",0,3,-3
"1123","3679新至陞","110/07/09","台中銀-員林",3,0,3
"1124","3679新至陞","110/07/09","永豐金-屏東",0,3,-3
"1125","3679新至陞","110/07/09","新光",3,0,3
"1126","3679新至陞","110/07/09","彰銀",0,2,-2
"1127","3679新至陞","110/07/09","土銀-花蓮",2,0,2
"1128","3679新至陞","110/07/09","宏遠-館前",0,2,-2
"1129","3679新至陞","110/07/09","第一金-澎湖",2,0,2
"1130","3679新至陞","110/07/09","港商野村",0,2,-2
"1131","3679新至陞","110/07/09","摩根大通",2,0,2
"1132","3679新至陞","110/07/09","大昌-新店",0,2,-2
"1133","3679新至陞","110/07/09","國泰-敦南",2,0,2
"1134","3679新至陞","110/07/09","元大-新莊",0,2,-2
"1135","3679新至陞","110/07/09","元大-淡水",4,2,2
"1136","3679新至陞","110/07/09","元大-板橋",0,2,-2
"1137","3679新至陞","110/07/09","日盛-士林",1,0,1
"1138","3679新至陞","110/07/09","台灣摩根士丹利",0,1,-1
"1139","3679新至陞","110/07/09","日盛-信義",1,0,1
"1140","3679新至陞","110/07/09","第一金-高雄",0,1,-1
"1141","2727王品","110/07/09","台灣匯立證券",90,0,90
"1142","2727王品","110/07/09","台灣摩根士丹利",0,267,-267
"1143","2727王品","110/07/09","國泰-敦南",166,84,82
"1144","2727王品","110/07/09","富邦-台北",35,299,-264
"1145","2727王品","110/07/09","富邦-仁愛",56,12,44
"1146","2727王品","110/07/09","凱基-台北",174,296,-122
"1147","2727王品","110/07/09","台新證券",109,66,43
"1148","2727王品","110/07/09","第一金",2,102,-100
"1149","2727王品","110/07/09","新光",117,87,30
"1150","2727王品","110/07/09","群益金鼎-大安",0,80,-80
"1151","2727王品","110/07/09","臺銀-臺中",35,6,29
"1152","2727王品","110/07/09","兆豐-大安",7,60,-53
"1153","2727王品","110/07/09","元大-桃園",32,3,29
"1154","2727王品","110/07/09","永豐金-南投",0,50,-50
"1155","2727王品","110/07/09","元富-宜蘭",34,6,28
"1156","2727王品","110/07/09","新加坡商瑞銀",6,46,-40
"1157","2727王品","110/07/09","玉山-台中",34,8,26
"1158","2727王品","110/07/09","合庫-彰化",11,50,-39
"1159","2727王品","110/07/09","群益金鼎-宜蘭",30,4,26
"1160","2727王品","110/07/09","永豐金-萬盛",13,52,-39
"1161","2727王品","110/07/09","富邦-台中",42,16,26
"1162","2727王品","110/07/09","瑞士信貸",0,34,-34
"1163","2727王品","110/07/09","第一金-豐原",25,1,24
"1164","2727王品","110/07/09","元大-和平",4,35,-31
"1165","2727王品","110/07/09","臺銀",30,8,22
"1166","2727王品","110/07/09","美林",14,44,-30
"1167","2727王品","110/07/09","兆豐-來福",23,1,22
"1168","2727王品","110/07/09","元大-員林",9,38,-29
"1169","2727王品","110/07/09","玉山-士林",22,2,20
"1170","2727王品","110/07/09","元富-西松",4,31,-27
"1171","1570力肯","110/07/09","凱基-台北",30,1,29
"1172","1570力肯","110/07/09","群益金鼎-彰化",0,20,-20
"1173","1570力肯","110/07/09","新光-台南",20,0,20
"1174","1570力肯","110/07/09","元大-土城學府",0,20,-20
"1175","1570力肯","110/07/09","元大-高雄",20,0,20
"1176","1570力肯","110/07/09","元大-大統",0,16,-16
"1177","1570力肯","110/07/09","國票-中正",12,0,12
"1178","1570力肯","110/07/09","元大-新營",0,11,-11
"1179","1570力肯","110/07/09","日盛-高雄",6,0,6
"1180","1570力肯","110/07/09","元大-和平",0,10,-10
"1181","1570力肯","110/07/09","元富-緯城",6,0,6
"1182","1570力肯","110/07/09","元大-草屯",0,10,-10
"1183","1570力肯","110/07/09","群益金鼎-台南",6,0,6
"1184","1570力肯","110/07/09","元大-鹿港",0,9,-9
"1185","1570力肯","110/07/09","華南永昌-岡山",6,0,6
"1186","1570力肯","110/07/09","合庫-基隆",0,7,-7
"1187","1570力肯","110/07/09","統一-中壢",5,0,5
"1188","1570力肯","110/07/09","摩根大通",2,8,-6
"1189","1570力肯","110/07/09","凱基-三峽",5,0,5
"1190","1570力肯","110/07/09","台灣企銀-豐原",0,4,-4
"1191","1570力肯","110/07/09","大昌-樹林",4,0,4
"1192","1570力肯","110/07/09","日盛-桃園",0,4,-4
"1193","1570力肯","110/07/09","新光",3,0,3
"1194","1570力肯","110/07/09","國泰-高雄",0,3,-3
"1195","1570力肯","110/07/09","富邦-新竹華信",3,0,3
"1196","1570力肯","110/07/09","永豐金-敦南",0,3,-3
"1197","1570力肯","110/07/09","合庫-台中",2,0,2
"1198","1570力肯","110/07/09","土銀-彰化",0,2,-2
"1199","1570力肯","110/07/09","臺銀-臺中",2,0,2
"1200","1570力肯","110/07/09","臺銀-鳳山",0,2,-2
"1201","6180橘子","110/07/09","摩根大通",63,1,62
"1202","6180橘子","110/07/09","元大-南京",1,32,-31
"1203","6180橘子","110/07/09","富邦-陽明",73,33,40
"1204","6180橘子","110/07/09","群益金鼎-台北",0,25,-25
"1205","6180橘子","110/07/09","新加坡商瑞銀",31,0,31
"1206","6180橘子","110/07/09","兆豐-復興",0,21,-21
"1207","6180橘子","110/07/09","美商高盛",25,0,25
"1208","6180橘子","110/07/09","永豐金-嘉義",0,21,-21
"1209","6180橘子","110/07/09","凱基-台北",26,10,16
"1210","6180橘子","110/07/09","凱基-中壢",8,24,-16
"1211","6180橘子","110/07/09","華南永昌-楠梓",13,0,13
"1212","6180橘子","110/07/09","致和-崇德",0,15,-15
"1213","6180橘子","110/07/09","華南永昌-朴子",11,0,11
"1214","6180橘子","110/07/09","群益金鼎-屏東",0,15,-15
"1215","6180橘子","110/07/09","元大-北港",11,0,11
"1216","6180橘子","110/07/09","群益金鼎-中山",0,15,-15
"1217","6180橘子","110/07/09","元大-成功",10,1,9
"1218","6180橘子","110/07/09","瑞士信貸",1,15,-14
"1219","6180橘子","110/07/09","新光",26,18,8
"1220","6180橘子","110/07/09","日盛-二林",0,10,-10
"1221","6180橘子","110/07/09","統一-三重",6,0,6
"1222","6180橘子","110/07/09","凱基-東門",0,10,-10
"1223","6180橘子","110/07/09","群益金鼎-嘉義",6,0,6
"1224","6180橘子","110/07/09","華南永昌-三重",0,10,-10
"1225","6180橘子","110/07/09","元大-員林中山",6,0,6
"1226","6180橘子","110/07/09","元大-彰化民生",1,11,-10
"1227","6180橘子","110/07/09","合庫-鳳山",5,0,5
"1228","6180橘子","110/07/09","永豐金-新店",1,11,-10
"1229","6180橘子","110/07/09","富邦-建國",6,1,5
"1230","6180橘子","110/07/09","群益金鼎-丹鳳",0,8,-8
"1231","2390云辰","110/07/09","摩根大通",279,56,223
"1232","2390云辰","110/07/09","元大-天母",0,127,-127
"1233","2390云辰","110/07/09","日盛-鳳山",110,2,108
"1234","2390云辰","110/07/09","中國信託-文心",5,109,-104
"1235","2390云辰","110/07/09","宏遠證券",100,0,100
"1236","2390云辰","110/07/09","永豐金-復興",0,55,-55
"1237","2390云辰","110/07/09","元大-大里",63,6,57
"1238","2390云辰","110/07/09","凱基-台北",239,286,-47
"1239","2390云辰","110/07/09","凱基-八德",59,10,49
"1240","2390云辰","110/07/09","德信",2,32,-30
"1241","2390云辰","110/07/09","合庫-新竹",40,0,40
"1242","2390云辰","110/07/09","兆豐-桃鶯",2,32,-30
"1243","2390云辰","110/07/09","國票",40,1,39
"1244","2390云辰","110/07/09","致和-南京",0,30,-30
"1245","2390云辰","110/07/09","新加坡商瑞銀",49,13,36
"1246","2390云辰","110/07/09","富邦-虎尾",1,31,-30
"1247","2390云辰","110/07/09","統一-新台中",36,2,34
"1248","2390云辰","110/07/09","元大-善化",2,31,-29
"1249","2390云辰","110/07/09","國票-嘉義",31,0,31
"1250","2390云辰","110/07/09","富邦-板橋",0,27,-27
"1251","2390云辰","110/07/09","華南永昌",35,7,28
"1252","2390云辰","110/07/09","富邦-永和",3,28,-25
"1253","2390云辰","110/07/09","玉山-台中",49,22,27
"1254","2390云辰","110/07/09","第一金-自由",20,44,-24
"1255","2390云辰","110/07/09","華南永昌-敦南",25,0,25
"1256","2390云辰","110/07/09","凱基-內湖",0,24,-24
"1257","2390云辰","110/07/09","新光-高雄",27,4,23
"1258","2390云辰","110/07/09","元大-汐止",1,24,-23
"1259","2390云辰","110/07/09","台灣摩根士丹利",85,63,22
"1260","2390云辰","110/07/09","新光-台中",12,33,-21
"1261","4903聯光通","110/07/09","元大-敦南",10,0,10
"1262","4903聯光通","110/07/09","第一金-台中",0,12,-12
"1263","4903聯光通","110/07/09","凱基-士林",5,0,5
"1264","4903聯光通","110/07/09","日盛-忠孝",0,3,-3
"1265","4903聯光通","110/07/09","元大-苗栗",5,0,5
"1266","4903聯光通","110/07/09","群益金鼎-崇德",0,3,-3
"1267","4903聯光通","110/07/09","元大-屏南",3,0,3
"1268","4903聯光通","110/07/09","國票-內壢",0,2,-2
"1269","4903聯光通","110/07/09","中國信託-永康",1,0,1
"1270","4903聯光通","110/07/09","康和-南崁",0,2,-2
"1271","4903聯光通","110/07/09","玉山證券",1,0,1
"1272","4903聯光通","110/07/09","新光-台中",0,2,-2
"1273","4903聯光通","110/07/09","元大-太平",4,3,1
"1274","4903聯光通","110/07/09","玉山-城中",0,2,-2
"1275","4903聯光通","110/07/09","永豐金-嘉義",1,0,1
"1276","4903聯光通","110/07/09","中國信託-文心",0,1,-1
"1277","4903聯光通","110/07/09","大昌",0,0,0
"1278","4903聯光通","110/07/09","大昌",0,0,0
"1279","4903聯光通","110/07/09","中農",0,0,0
"1280","4903聯光通","110/07/09","中農",0,0,0
"1281","4903聯光通","110/07/09","",NA,NA,NA
"1282","4903聯光通","110/07/09","",NA,NA,NA
"1283","4903聯光通","110/07/09","",NA,NA,NA
"1284","4903聯光通","110/07/09","",NA,NA,NA
"1285","4903聯光通","110/07/09","",NA,NA,NA
"1286","4903聯光通","110/07/09","",NA,NA,NA
"1287","4903聯光通","110/07/09","",NA,NA,NA
"1288","4903聯光通","110/07/09","",NA,NA,NA
"1289","4903聯光通","110/07/09","",NA,NA,NA
"1290","4903聯光通","110/07/09","",NA,NA,NA
"1291","2929淘帝","110/07/09","台中銀-台北",110,0,110
"1292","2929淘帝","110/07/09","新光",2,82,-80
"1293","2929淘帝","110/07/09","華南永昌-頭份",72,0,72
"1294","2929淘帝","110/07/09","摩根大通",2,63,-61
"1295","2929淘帝","110/07/09","合庫-高雄",71,0,71
"1296","2929淘帝","110/07/09","第一金-路竹",0,50,-50
"1297","2929淘帝","110/07/09","高橋-龍潭",37,0,37
"1298","2929淘帝","110/07/09","港商麥格理",0,42,-42
"1299","2929淘帝","110/07/09","新光-台中",60,26,34
"1300","2929淘帝","110/07/09","陽信-石牌",0,40,-40
"1301","2929淘帝","110/07/09","元富-大裕",22,1,21
"1302","2929淘帝","110/07/09","台新-左楠",1,39,-38
"1303","2929淘帝","110/07/09","合庫-鳳山",20,0,20
"1304","2929淘帝","110/07/09","凱基-桃園",3,29,-26
"1305","2929淘帝","110/07/09","元大-員林",22,2,20
"1306","2929淘帝","110/07/09","兆豐-內湖",0,25,-25
"1307","2929淘帝","110/07/09","台新-建北",15,0,15
"1308","2929淘帝","110/07/09","元大-北港",0,20,-20
"1309","2929淘帝","110/07/09","兆豐-桃園",13,0,13
"1310","2929淘帝","110/07/09","富邦-北港",0,19,-19
"1311","2929淘帝","110/07/09","兆豐-忠孝",10,0,10
"1312","2929淘帝","110/07/09","富邦-花蓮",0,17,-17
"1313","2929淘帝","110/07/09","國票-敦北法人",10,0,10
"1314","2929淘帝","110/07/09","國泰-台中",2,17,-15
"1315","2929淘帝","110/07/09","永豐金-博愛",10,0,10
"1316","2929淘帝","110/07/09","群益金鼎-彰化",0,15,-15
"1317","2929淘帝","110/07/09","群益金鼎-潭子",8,0,8
"1318","2929淘帝","110/07/09","元大-博愛",0,14,-14
"1319","2929淘帝","110/07/09","富邦-南屯",8,0,8
"1320","2929淘帝","110/07/09","日盛-板橋",0,13,-13
"1321","5410國眾","110/07/09","元大-新盛",14,0,14
"1322","5410國眾","110/07/09","(牛牛牛)亞-鑫豐",1,41,-40
"1323","5410國眾","110/07/09","台灣企銀-民雄",10,0,10
"1324","5410國眾","110/07/09","元富-嘉義",0,25,-25
"1325","5410國眾","110/07/09","元富-虎尾",9,0,9
"1326","5410國眾","110/07/09","凱基-高美館",0,10,-10
"1327","5410國眾","110/07/09","摩根大通",10,1,9
"1328","5410國眾","110/07/09","凱基-城中",0,10,-10
"1329","5410國眾","110/07/09","兆豐-北高雄",7,0,7
"1330","5410國眾","110/07/09","元大-頭份",0,10,-10
"1331","5410國眾","110/07/09","凱基-台北",8,1,7
"1332","5410國眾","110/07/09","群益金鼎-丹鳳",0,7,-7
"1333","5410國眾","110/07/09","華南永昌-公誠",7,0,7
"1334","5410國眾","110/07/09","凱基-復興",0,7,-7
"1335","5410國眾","110/07/09","香港上海匯豐",6,0,6
"1336","5410國眾","110/07/09","元大-員林",0,7,-7
"1337","5410國眾","110/07/09","凱基-中壢",6,0,6
"1338","5410國眾","110/07/09","富邦-竹東",0,6,-6
"1339","5410國眾","110/07/09","華南永昌-南京",6,0,6
"1340","5410國眾","110/07/09","亞東-高雄",0,5,-5
"1341","5410國眾","110/07/09","統一-三重",5,0,5
"1342","5410國眾","110/07/09","大慶-中壢",1,6,-5
"1343","5410國眾","110/07/09","富邦-宜蘭",5,0,5
"1344","5410國眾","110/07/09","群益金鼎-中港",0,5,-5
"1345","5410國眾","110/07/09","元大-崇德",5,0,5
"1346","5410國眾","110/07/09","元大-八德",0,5,-5
"1347","5410國眾","110/07/09","元大-博愛",5,0,5
"1348","5410國眾","110/07/09","富邦-基隆",0,4,-4
"1349","5410國眾","110/07/09","元大-龍潭",5,0,5
"1350","5410國眾","110/07/09","臺銀-新竹",0,3,-3
"1351","2841台開","110/07/09","日盛-雙和",102,0,102
"1352","2841台開","110/07/09","港商野村",0,129,-129
"1353","2841台開","110/07/09","元大-館前",70,0,70
"1354","2841台開","110/07/09","兆豐-永和",0,100,-100
"1355","2841台開","110/07/09","凱基-文心",50,0,50
"1356","2841台開","110/07/09","台新證券",7,28,-21
"1357","2841台開","110/07/09","富邦-嘉義",40,0,40
"1358","2841台開","110/07/09","國票-北高雄",0,20,-20
"1359","2841台開","110/07/09","美商高盛",15,0,15
"1360","2841台開","110/07/09","永豐金-敦南",29,46,-17
"1361","2841台開","110/07/09","台中銀",15,0,15
"1362","2841台開","110/07/09","合庫-基隆",0,12,-12
"1363","2841台開","110/07/09","新光",11,0,11
"1364","2841台開","110/07/09","中國信託-松江",0,12,-12
"1365","2841台開","110/07/09","華南永昌-長虹",10,0,10
"1366","2841台開","110/07/09","兆豐-城中",0,12,-12
"1367","2841台開","110/07/09","永豐金-南投",10,0,10
"1368","2841台開","110/07/09","台中銀-豐原",0,10,-10
"1369","2841台開","110/07/09","合庫-桃園",7,0,7
"1370","2841台開","110/07/09","兆豐-景美",0,10,-10
"1371","2841台開","110/07/09","群益金鼎-古亭",7,0,7
"1372","2841台開","110/07/09","群益金鼎-基隆",0,10,-10
"1373","2841台開","110/07/09","國泰-敦南",6,0,6
"1374","2841台開","110/07/09","元大-北三重",0,10,-10
"1375","2841台開","110/07/09","凱基-桃園",8,2,6
"1376","2841台開","110/07/09","(牛牛牛)亞-網路",0,9,-9
"1377","2841台開","110/07/09","日盛證券",5,0,5
"1378","2841台開","110/07/09","台新-高雄",1,10,-9
"1379","2841台開","110/07/09","元富-文心",5,0,5
"1380","2841台開","110/07/09","凱基-台北",0,7,-7
"1381","6207雷科","110/07/09","群益金鼎-新竹",47,0,47
"1382","6207雷科","110/07/09","新光",7,24,-17
"1383","6207雷科","110/07/09","永豐金-三重",31,0,31
"1384","6207雷科","110/07/09","日盛-和美",0,15,-15
"1385","6207雷科","110/07/09","新加坡商瑞銀",33,5,28
"1386","6207雷科","110/07/09","國泰-台南",0,15,-15
"1387","6207雷科","110/07/09","元大-高雄",26,0,26
"1388","6207雷科","110/07/09","華南永昌-古亭",0,14,-14
"1389","6207雷科","110/07/09","統一-員林",22,0,22
"1390","6207雷科","110/07/09","土銀-白河",0,11,-11
"1391","6207雷科","110/07/09","台新-高雄",22,0,22
"1392","6207雷科","110/07/09","日盛-台南",0,10,-10
"1393","6207雷科","110/07/09","摩根大通",34,17,17
"1394","6207雷科","110/07/09","元富-林園",0,10,-10
"1395","6207雷科","110/07/09","元大-博愛",17,1,16
"1396","6207雷科","110/07/09","富邦-園區",0,10,-10
"1397","6207雷科","110/07/09","日茂-埔里",12,0,12
"1398","6207雷科","110/07/09","元大-上新莊",0,10,-10
"1399","6207雷科","110/07/09","國泰-台中",17,6,11
"1400","6207雷科","110/07/09","永豐金-南京",0,10,-10
"1401","6207雷科","110/07/09","富邦-三重",10,0,10
"1402","6207雷科","110/07/09","兆豐-小港",0,6,-6
"1403","6207雷科","110/07/09","元大-沙鹿",10,0,10
"1404","6207雷科","110/07/09","富邦-羅東",1,7,-6
"1405","6207雷科","110/07/09","元大-八德",10,0,10
"1406","6207雷科","110/07/09","元大-土城永寧",0,6,-6
"1407","6207雷科","110/07/09","第一金-路竹",11,2,9
"1408","6207雷科","110/07/09","永豐金-板盛",0,6,-6
"1409","6207雷科","110/07/09","統一-南京",5,0,5
"1410","6207雷科","110/07/09","日盛-板橋",0,5,-5
"1411","3679新至陞","110/07/09","元大-大天母",10,0,10
"1412","3679新至陞","110/07/09","第一金-光復",0,11,-11
"1413","3679新至陞","110/07/09","日盛-樹林",9,0,9
"1414","3679新至陞","110/07/09","瑞士信貸",0,8,-8
"1415","3679新至陞","110/07/09","凱基-台北",11,2,9
"1416","3679新至陞","110/07/09","大慶-苗栗",0,5,-5
"1417","3679新至陞","110/07/09","華南永昌-小港",8,0,8
"1418","3679新至陞","110/07/09","元大-永春",0,5,-5
"1419","3679新至陞","110/07/09","兆豐-來福",7,0,7
"1420","3679新至陞","110/07/09","日盛-和美",0,4,-4
"1421","3679新至陞","110/07/09","香港上海匯豐",5,0,5
"1422","3679新至陞","110/07/09","元大-雙和",0,3,-3
"1423","3679新至陞","110/07/09","台中銀-員林",3,0,3
"1424","3679新至陞","110/07/09","永豐金-屏東",0,3,-3
"1425","3679新至陞","110/07/09","新光",3,0,3
"1426","3679新至陞","110/07/09","彰銀",0,2,-2
"1427","3679新至陞","110/07/09","土銀-花蓮",2,0,2
"1428","3679新至陞","110/07/09","宏遠-館前",0,2,-2
"1429","3679新至陞","110/07/09","第一金-澎湖",2,0,2
"1430","3679新至陞","110/07/09","港商野村",0,2,-2
"1431","3679新至陞","110/07/09","摩根大通",2,0,2
"1432","3679新至陞","110/07/09","大昌-新店",0,2,-2
"1433","3679新至陞","110/07/09","國泰-敦南",2,0,2
"1434","3679新至陞","110/07/09","元大-新莊",0,2,-2
"1435","3679新至陞","110/07/09","元大-淡水",4,2,2
"1436","3679新至陞","110/07/09","元大-板橋",0,2,-2
"1437","3679新至陞","110/07/09","日盛-士林",1,0,1
"1438","3679新至陞","110/07/09","台灣摩根士丹利",0,1,-1
"1439","3679新至陞","110/07/09","日盛-信義",1,0,1
"1440","3679新至陞","110/07/09","第一金-高雄",0,1,-1
"1441","2727王品","110/07/09","台灣匯立證券",90,0,90
"1442","2727王品","110/07/09","台灣摩根士丹利",0,267,-267
"1443","2727王品","110/07/09","國泰-敦南",166,84,82
"1444","2727王品","110/07/09","富邦-台北",35,299,-264
"1445","2727王品","110/07/09","富邦-仁愛",56,12,44
"1446","2727王品","110/07/09","凱基-台北",174,296,-122
"1447","2727王品","110/07/09","台新證券",109,66,43
"1448","2727王品","110/07/09","第一金",2,102,-100
"1449","2727王品","110/07/09","新光",117,87,30
"1450","2727王品","110/07/09","群益金鼎-大安",0,80,-80
"1451","2727王品","110/07/09","臺銀-臺中",35,6,29
"1452","2727王品","110/07/09","兆豐-大安",7,60,-53
"1453","2727王品","110/07/09","元大-桃園",32,3,29
"1454","2727王品","110/07/09","永豐金-南投",0,50,-50
"1455","2727王品","110/07/09","元富-宜蘭",34,6,28
"1456","2727王品","110/07/09","新加坡商瑞銀",6,46,-40
"1457","2727王品","110/07/09","玉山-台中",34,8,26
"1458","2727王品","110/07/09","合庫-彰化",11,50,-39
"1459","2727王品","110/07/09","群益金鼎-宜蘭",30,4,26
"1460","2727王品","110/07/09","永豐金-萬盛",13,52,-39
"1461","2727王品","110/07/09","富邦-台中",42,16,26
"1462","2727王品","110/07/09","瑞士信貸",0,34,-34
"1463","2727王品","110/07/09","第一金-豐原",25,1,24
"1464","2727王品","110/07/09","元大-和平",4,35,-31
"1465","2727王品","110/07/09","臺銀",30,8,22
"1466","2727王品","110/07/09","美林",14,44,-30
"1467","2727王品","110/07/09","兆豐-來福",23,1,22
"1468","2727王品","110/07/09","元大-員林",9,38,-29
"1469","2727王品","110/07/09","玉山-士林",22,2,20
"1470","2727王品","110/07/09","元富-西松",4,31,-27
"1471","1570力肯","110/07/09","凱基-台北",30,1,29
"1472","1570力肯","110/07/09","群益金鼎-彰化",0,20,-20
"1473","1570力肯","110/07/09","新光-台南",20,0,20
"1474","1570力肯","110/07/09","元大-土城學府",0,20,-20
"1475","1570力肯","110/07/09","元大-高雄",20,0,20
"1476","1570力肯","110/07/09","元大-大統",0,16,-16
"1477","1570力肯","110/07/09","國票-中正",12,0,12
"1478","1570力肯","110/07/09","元大-新營",0,11,-11
"1479","1570力肯","110/07/09","日盛-高雄",6,0,6
"1480","1570力肯","110/07/09","元大-和平",0,10,-10
"1481","1570力肯","110/07/09","元富-緯城",6,0,6
"1482","1570力肯","110/07/09","元大-草屯",0,10,-10
"1483","1570力肯","110/07/09","群益金鼎-台南",6,0,6
"1484","1570力肯","110/07/09","元大-鹿港",0,9,-9
"1485","1570力肯","110/07/09","華南永昌-岡山",6,0,6
"1486","1570力肯","110/07/09","合庫-基隆",0,7,-7
"1487","1570力肯","110/07/09","統一-中壢",5,0,5
"1488","1570力肯","110/07/09","摩根大通",2,8,-6
"1489","1570力肯","110/07/09","凱基-三峽",5,0,5
"1490","1570力肯","110/07/09","台灣企銀-豐原",0,4,-4
"1491","1570力肯","110/07/09","大昌-樹林",4,0,4
"1492","1570力肯","110/07/09","日盛-桃園",0,4,-4
"1493","1570力肯","110/07/09","新光",3,0,3
"1494","1570力肯","110/07/09","國泰-高雄",0,3,-3
"1495","1570力肯","110/07/09","富邦-新竹華信",3,0,3
"1496","1570力肯","110/07/09","永豐金-敦南",0,3,-3
"1497","1570力肯","110/07/09","合庫-台中",2,0,2
"1498","1570力肯","110/07/09","土銀-彰化",0,2,-2
"1499","1570力肯","110/07/09","臺銀-臺中",2,0,2
"1500","1570力肯","110/07/09","臺銀-鳳山",0,2,-2
"1501","6180橘子","110/07/09","摩根大通",63,1,62
"1502","6180橘子","110/07/09","元大-南京",1,32,-31
"1503","6180橘子","110/07/09","富邦-陽明",73,33,40
"1504","6180橘子","110/07/09","群益金鼎-台北",0,25,-25
"1505","6180橘子","110/07/09","新加坡商瑞銀",31,0,31
"1506","6180橘子","110/07/09","兆豐-復興",0,21,-21
"1507","6180橘子","110/07/09","美商高盛",25,0,25
"1508","6180橘子","110/07/09","永豐金-嘉義",0,21,-21
"1509","6180橘子","110/07/09","凱基-台北",26,10,16
"1510","6180橘子","110/07/09","凱基-中壢",8,24,-16
"1511","6180橘子","110/07/09","華南永昌-楠梓",13,0,13
"1512","6180橘子","110/07/09","致和-崇德",0,15,-15
"1513","6180橘子","110/07/09","華南永昌-朴子",11,0,11
"1514","6180橘子","110/07/09","群益金鼎-屏東",0,15,-15
"1515","6180橘子","110/07/09","元大-北港",11,0,11
"1516","6180橘子","110/07/09","群益金鼎-中山",0,15,-15
"1517","6180橘子","110/07/09","元大-成功",10,1,9
"1518","6180橘子","110/07/09","瑞士信貸",1,15,-14
"1519","6180橘子","110/07/09","新光",26,18,8
"1520","6180橘子","110/07/09","日盛-二林",0,10,-10
"1521","6180橘子","110/07/09","統一-三重",6,0,6
"1522","6180橘子","110/07/09","凱基-東門",0,10,-10
"1523","6180橘子","110/07/09","群益金鼎-嘉義",6,0,6
"1524","6180橘子","110/07/09","華南永昌-三重",0,10,-10
"1525","6180橘子","110/07/09","元大-員林中山",6,0,6
"1526","6180橘子","110/07/09","元大-彰化民生",1,11,-10
"1527","6180橘子","110/07/09","合庫-鳳山",5,0,5
"1528","6180橘子","110/07/09","永豐金-新店",1,11,-10
"1529","6180橘子","110/07/09","富邦-建國",6,1,5
"1530","6180橘子","110/07/09","群益金鼎-丹鳳",0,8,-8
"1531","2390云辰","110/07/09","摩根大通",279,56,223
"1532","2390云辰","110/07/09","元大-天母",0,127,-127
"1533","2390云辰","110/07/09","日盛-鳳山",110,2,108
"1534","2390云辰","110/07/09","中國信託-文心",5,109,-104
"1535","2390云辰","110/07/09","宏遠證券",100,0,100
"1536","2390云辰","110/07/09","永豐金-復興",0,55,-55
"1537","2390云辰","110/07/09","元大-大里",63,6,57
"1538","2390云辰","110/07/09","凱基-台北",239,286,-47
"1539","2390云辰","110/07/09","凱基-八德",59,10,49
"1540","2390云辰","110/07/09","德信",2,32,-30
"1541","2390云辰","110/07/09","合庫-新竹",40,0,40
"1542","2390云辰","110/07/09","兆豐-桃鶯",2,32,-30
"1543","2390云辰","110/07/09","國票",40,1,39
"1544","2390云辰","110/07/09","致和-南京",0,30,-30
"1545","2390云辰","110/07/09","新加坡商瑞銀",49,13,36
"1546","2390云辰","110/07/09","富邦-虎尾",1,31,-30
"1547","2390云辰","110/07/09","統一-新台中",36,2,34
"1548","2390云辰","110/07/09","元大-善化",2,31,-29
"1549","2390云辰","110/07/09","國票-嘉義",31,0,31
"1550","2390云辰","110/07/09","富邦-板橋",0,27,-27
"1551","2390云辰","110/07/09","華南永昌",35,7,28
"1552","2390云辰","110/07/09","富邦-永和",3,28,-25
"1553","2390云辰","110/07/09","玉山-台中",49,22,27
"1554","2390云辰","110/07/09","第一金-自由",20,44,-24
"1555","2390云辰","110/07/09","華南永昌-敦南",25,0,25
"1556","2390云辰","110/07/09","凱基-內湖",0,24,-24
"1557","2390云辰","110/07/09","新光-高雄",27,4,23
"1558","2390云辰","110/07/09","元大-汐止",1,24,-23
"1559","2390云辰","110/07/09","台灣摩根士丹利",85,63,22
"1560","2390云辰","110/07/09","新光-台中",12,33,-21
"1561","4903聯光通","110/07/09","元大-敦南",10,0,10
"1562","4903聯光通","110/07/09","第一金-台中",0,12,-12
"1563","4903聯光通","110/07/09","凱基-士林",5,0,5
"1564","4903聯光通","110/07/09","日盛-忠孝",0,3,-3
"1565","4903聯光通","110/07/09","元大-苗栗",5,0,5
"1566","4903聯光通","110/07/09","群益金鼎-崇德",0,3,-3
"1567","4903聯光通","110/07/09","元大-屏南",3,0,3
"1568","4903聯光通","110/07/09","國票-內壢",0,2,-2
"1569","4903聯光通","110/07/09","中國信託-永康",1,0,1
"1570","4903聯光通","110/07/09","康和-南崁",0,2,-2
"1571","4903聯光通","110/07/09","玉山證券",1,0,1
"1572","4903聯光通","110/07/09","新光-台中",0,2,-2
"1573","4903聯光通","110/07/09","元大-太平",4,3,1
"1574","4903聯光通","110/07/09","玉山-城中",0,2,-2
"1575","4903聯光通","110/07/09","永豐金-嘉義",1,0,1
"1576","4903聯光通","110/07/09","中國信託-文心",0,1,-1
"1577","4903聯光通","110/07/09","大昌",0,0,0
"1578","4903聯光通","110/07/09","大昌",0,0,0
"1579","4903聯光通","110/07/09","中農",0,0,0
"1580","4903聯光通","110/07/09","中農",0,0,0
"1581","4903聯光通","110/07/09","",NA,NA,NA
"1582","4903聯光通","110/07/09","",NA,NA,NA
"1583","4903聯光通","110/07/09","",NA,NA,NA
"1584","4903聯光通","110/07/09","",NA,NA,NA
"1585","4903聯光通","110/07/09","",NA,NA,NA
"1586","4903聯光通","110/07/09","",NA,NA,NA
"1587","4903聯光通","110/07/09","",NA,NA,NA
"1588","4903聯光通","110/07/09","",NA,NA,NA
"1589","4903聯光通","110/07/09","",NA,NA,NA
"1590","4903聯光通","110/07/09","",NA,NA,NA
"1591","2929淘帝","110/07/09","台中銀-台北",110,0,110
"1592","2929淘帝","110/07/09","新光",2,82,-80
"1593","2929淘帝","110/07/09","華南永昌-頭份",72,0,72
"1594","2929淘帝","110/07/09","摩根大通",2,63,-61
"1595","2929淘帝","110/07/09","合庫-高雄",71,0,71
"1596","2929淘帝","110/07/09","第一金-路竹",0,50,-50
"1597","2929淘帝","110/07/09","高橋-龍潭",37,0,37
"1598","2929淘帝","110/07/09","港商麥格理",0,42,-42
"1599","2929淘帝","110/07/09","新光-台中",60,26,34
"1600","2929淘帝","110/07/09","陽信-石牌",0,40,-40
"1601","2929淘帝","110/07/09","元富-大裕",22,1,21
"1602","2929淘帝","110/07/09","台新-左楠",1,39,-38
"1603","2929淘帝","110/07/09","合庫-鳳山",20,0,20
"1604","2929淘帝","110/07/09","凱基-桃園",3,29,-26
"1605","2929淘帝","110/07/09","元大-員林",22,2,20
"1606","2929淘帝","110/07/09","兆豐-內湖",0,25,-25
"1607","2929淘帝","110/07/09","台新-建北",15,0,15
"1608","2929淘帝","110/07/09","元大-北港",0,20,-20
"1609","2929淘帝","110/07/09","兆豐-桃園",13,0,13
"1610","2929淘帝","110/07/09","富邦-北港",0,19,-19
"1611","2929淘帝","110/07/09","兆豐-忠孝",10,0,10
"1612","2929淘帝","110/07/09","富邦-花蓮",0,17,-17
"1613","2929淘帝","110/07/09","國票-敦北法人",10,0,10
"1614","2929淘帝","110/07/09","國泰-台中",2,17,-15
"1615","2929淘帝","110/07/09","永豐金-博愛",10,0,10
"1616","2929淘帝","110/07/09","群益金鼎-彰化",0,15,-15
"1617","2929淘帝","110/07/09","群益金鼎-潭子",8,0,8
"1618","2929淘帝","110/07/09","元大-博愛",0,14,-14
"1619","2929淘帝","110/07/09","富邦-南屯",8,0,8
"1620","2929淘帝","110/07/09","日盛-板橋",0,13,-13
"1621","5410國眾","110/07/09","元大-新盛",14,0,14
"1622","5410國眾","110/07/09","(牛牛牛)亞-鑫豐",1,41,-40
"1623","5410國眾","110/07/09","台灣企銀-民雄",10,0,10
"1624","5410國眾","110/07/09","元富-嘉義",0,25,-25
"1625","5410國眾","110/07/09","元富-虎尾",9,0,9
"1626","5410國眾","110/07/09","凱基-高美館",0,10,-10
"1627","5410國眾","110/07/09","摩根大通",10,1,9
"1628","5410國眾","110/07/09","凱基-城中",0,10,-10
"1629","5410國眾","110/07/09","兆豐-北高雄",7,0,7
"1630","5410國眾","110/07/09","元大-頭份",0,10,-10
"1631","5410國眾","110/07/09","凱基-台北",8,1,7
"1632","5410國眾","110/07/09","群益金鼎-丹鳳",0,7,-7
"1633","5410國眾","110/07/09","華南永昌-公誠",7,0,7
"1634","5410國眾","110/07/09","凱基-復興",0,7,-7
"1635","5410國眾","110/07/09","香港上海匯豐",6,0,6
"1636","5410國眾","110/07/09","元大-員林",0,7,-7
"1637","5410國眾","110/07/09","凱基-中壢",6,0,6
"1638","5410國眾","110/07/09","富邦-竹東",0,6,-6
"1639","5410國眾","110/07/09","華南永昌-南京",6,0,6
"1640","5410國眾","110/07/09","亞東-高雄",0,5,-5
"1641","5410國眾","110/07/09","統一-三重",5,0,5
"1642","5410國眾","110/07/09","大慶-中壢",1,6,-5
"1643","5410國眾","110/07/09","富邦-宜蘭",5,0,5
"1644","5410國眾","110/07/09","群益金鼎-中港",0,5,-5
"1645","5410國眾","110/07/09","元大-崇德",5,0,5
"1646","5410國眾","110/07/09","元大-八德",0,5,-5
"1647","5410國眾","110/07/09","元大-博愛",5,0,5
"1648","5410國眾","110/07/09","富邦-基隆",0,4,-4
"1649","5410國眾","110/07/09","元大-龍潭",5,0,5
"1650","5410國眾","110/07/09","臺銀-新竹",0,3,-3
"1651","2841台開","110/07/09","日盛-雙和",102,0,102
"1652","2841台開","110/07/09","港商野村",0,129,-129
"1653","2841台開","110/07/09","元大-館前",70,0,70
"1654","2841台開","110/07/09","兆豐-永和",0,100,-100
"1655","2841台開","110/07/09","凱基-文心",50,0,50
"1656","2841台開","110/07/09","台新證券",7,28,-21
"1657","2841台開","110/07/09","富邦-嘉義",40,0,40
"1658","2841台開","110/07/09","國票-北高雄",0,20,-20
"1659","2841台開","110/07/09","美商高盛",15,0,15
"1660","2841台開","110/07/09","永豐金-敦南",29,46,-17
"1661","2841台開","110/07/09","台中銀",15,0,15
"1662","2841台開","110/07/09","合庫-基隆",0,12,-12
"1663","2841台開","110/07/09","新光",11,0,11
"1664","2841台開","110/07/09","中國信託-松江",0,12,-12
"1665","2841台開","110/07/09","華南永昌-長虹",10,0,10
"1666","2841台開","110/07/09","兆豐-城中",0,12,-12
"1667","2841台開","110/07/09","永豐金-南投",10,0,10
"1668","2841台開","110/07/09","台中銀-豐原",0,10,-10
"1669","2841台開","110/07/09","合庫-桃園",7,0,7
"1670","2841台開","110/07/09","兆豐-景美",0,10,-10
"1671","2841台開","110/07/09","群益金鼎-古亭",7,0,7
"1672","2841台開","110/07/09","群益金鼎-基隆",0,10,-10
"1673","2841台開","110/07/09","國泰-敦南",6,0,6
"1674","2841台開","110/07/09","元大-北三重",0,10,-10
"1675","2841台開","110/07/09","凱基-桃園",8,2,6
"1676","2841台開","110/07/09","(牛牛牛)亞-網路",0,9,-9
"1677","2841台開","110/07/09","日盛證券",5,0,5
"1678","2841台開","110/07/09","台新-高雄",1,10,-9
"1679","2841台開","110/07/09","元富-文心",5,0,5
"1680","2841台開","110/07/09","凱基-台北",0,7,-7
"1681","6207雷科","110/07/09","群益金鼎-新竹",47,0,47
"1682","6207雷科","110/07/09","新光",7,24,-17
"1683","6207雷科","110/07/09","永豐金-三重",31,0,31
"1684","6207雷科","110/07/09","日盛-和美",0,15,-15
"1685","6207雷科","110/07/09","新加坡商瑞銀",33,5,28
"1686","6207雷科","110/07/09","國泰-台南",0,15,-15
"1687","6207雷科","110/07/09","元大-高雄",26,0,26
"1688","6207雷科","110/07/09","華南永昌-古亭",0,14,-14
"1689","6207雷科","110/07/09","統一-員林",22,0,22
"1690","6207雷科","110/07/09","土銀-白河",0,11,-11
"1691","6207雷科","110/07/09","台新-高雄",22,0,22
"1692","6207雷科","110/07/09","日盛-台南",0,10,-10
"1693","6207雷科","110/07/09","摩根大通",34,17,17
"1694","6207雷科","110/07/09","元富-林園",0,10,-10
"1695","6207雷科","110/07/09","元大-博愛",17,1,16
"1696","6207雷科","110/07/09","富邦-園區",0,10,-10
"1697","6207雷科","110/07/09","日茂-埔里",12,0,12
"1698","6207雷科","110/07/09","元大-上新莊",0,10,-10
"1699","6207雷科","110/07/09","國泰-台中",17,6,11
"1700","6207雷科","110/07/09","永豐金-南京",0,10,-10
"1701","6207雷科","110/07/09","富邦-三重",10,0,10
"1702","6207雷科","110/07/09","兆豐-小港",0,6,-6
"1703","6207雷科","110/07/09","元大-沙鹿",10,0,10
"1704","6207雷科","110/07/09","富邦-羅東",1,7,-6
"1705","6207雷科","110/07/09","元大-八德",10,0,10
"1706","6207雷科","110/07/09","元大-土城永寧",0,6,-6
"1707","6207雷科","110/07/09","第一金-路竹",11,2,9
"1708","6207雷科","110/07/09","永豐金-板盛",0,6,-6
"1709","6207雷科","110/07/09","統一-南京",5,0,5
"1710","6207雷科","110/07/09","日盛-板橋",0,5,-5
"1711","3679新至陞","110/07/09","元大-大天母",10,0,10
"1712","3679新至陞","110/07/09","第一金-光復",0,11,-11
"1713","3679新至陞","110/07/09","日盛-樹林",9,0,9
"1714","3679新至陞","110/07/09","瑞士信貸",0,8,-8
"1715","3679新至陞","110/07/09","凱基-台北",11,2,9
"1716","3679新至陞","110/07/09","大慶-苗栗",0,5,-5
"1717","3679新至陞","110/07/09","華南永昌-小港",8,0,8
"1718","3679新至陞","110/07/09","元大-永春",0,5,-5
"1719","3679新至陞","110/07/09","兆豐-來福",7,0,7
"1720","3679新至陞","110/07/09","日盛-和美",0,4,-4
"1721","3679新至陞","110/07/09","香港上海匯豐",5,0,5
"1722","3679新至陞","110/07/09","元大-雙和",0,3,-3
"1723","3679新至陞","110/07/09","台中銀-員林",3,0,3
"1724","3679新至陞","110/07/09","永豐金-屏東",0,3,-3
"1725","3679新至陞","110/07/09","新光",3,0,3
"1726","3679新至陞","110/07/09","彰銀",0,2,-2
"1727","3679新至陞","110/07/09","土銀-花蓮",2,0,2
"1728","3679新至陞","110/07/09","宏遠-館前",0,2,-2
"1729","3679新至陞","110/07/09","第一金-澎湖",2,0,2
"1730","3679新至陞","110/07/09","港商野村",0,2,-2
"1731","3679新至陞","110/07/09","摩根大通",2,0,2
"1732","3679新至陞","110/07/09","大昌-新店",0,2,-2
"1733","3679新至陞","110/07/09","國泰-敦南",2,0,2
"1734","3679新至陞","110/07/09","元大-新莊",0,2,-2
"1735","3679新至陞","110/07/09","元大-淡水",4,2,2
"1736","3679新至陞","110/07/09","元大-板橋",0,2,-2
"1737","3679新至陞","110/07/09","日盛-士林",1,0,1
"1738","3679新至陞","110/07/09","台灣摩根士丹利",0,1,-1
"1739","3679新至陞","110/07/09","日盛-信義",1,0,1
"1740","3679新至陞","110/07/09","第一金-高雄",0,1,-1
"1741","2727王品","110/07/09","台灣匯立證券",90,0,90
"1742","2727王品","110/07/09","台灣摩根士丹利",0,267,-267
"1743","2727王品","110/07/09","國泰-敦南",166,84,82
"1744","2727王品","110/07/09","富邦-台北",35,299,-264
"1745","2727王品","110/07/09","富邦-仁愛",56,12,44
"1746","2727王品","110/07/09","凱基-台北",174,296,-122
"1747","2727王品","110/07/09","台新證券",109,66,43
"1748","2727王品","110/07/09","第一金",2,102,-100
"1749","2727王品","110/07/09","新光",117,87,30
"1750","2727王品","110/07/09","群益金鼎-大安",0,80,-80
"1751","2727王品","110/07/09","臺銀-臺中",35,6,29
"1752","2727王品","110/07/09","兆豐-大安",7,60,-53
"1753","2727王品","110/07/09","元大-桃園",32,3,29
"1754","2727王品","110/07/09","永豐金-南投",0,50,-50
"1755","2727王品","110/07/09","元富-宜蘭",34,6,28
"1756","2727王品","110/07/09","新加坡商瑞銀",6,46,-40
"1757","2727王品","110/07/09","玉山-台中",34,8,26
"1758","2727王品","110/07/09","合庫-彰化",11,50,-39
"1759","2727王品","110/07/09","群益金鼎-宜蘭",30,4,26
"1760","2727王品","110/07/09","永豐金-萬盛",13,52,-39
"1761","2727王品","110/07/09","富邦-台中",42,16,26
"1762","2727王品","110/07/09","瑞士信貸",0,34,-34
"1763","2727王品","110/07/09","第一金-豐原",25,1,24
"1764","2727王品","110/07/09","元大-和平",4,35,-31
"1765","2727王品","110/07/09","臺銀",30,8,22
"1766","2727王品","110/07/09","美林",14,44,-30
"1767","2727王品","110/07/09","兆豐-來福",23,1,22
"1768","2727王品","110/07/09","元大-員林",9,38,-29
"1769","2727王品","110/07/09","玉山-士林",22,2,20
"1770","2727王品","110/07/09","元富-西松",4,31,-27
"1771","1570力肯","110/07/09","凱基-台北",30,1,29
"1772","1570力肯","110/07/09","群益金鼎-彰化",0,20,-20
"1773","1570力肯","110/07/09","新光-台南",20,0,20
"1774","1570力肯","110/07/09","元大-土城學府",0,20,-20
"1775","1570力肯","110/07/09","元大-高雄",20,0,20
"1776","1570力肯","110/07/09","元大-大統",0,16,-16
"1777","1570力肯","110/07/09","國票-中正",12,0,12
"1778","1570力肯","110/07/09","元大-新營",0,11,-11
"1779","1570力肯","110/07/09","日盛-高雄",6,0,6
"1780","1570力肯","110/07/09","元大-和平",0,10,-10
"1781","1570力肯","110/07/09","元富-緯城",6,0,6
"1782","1570力肯","110/07/09","元大-草屯",0,10,-10
"1783","1570力肯","110/07/09","群益金鼎-台南",6,0,6
"1784","1570力肯","110/07/09","元大-鹿港",0,9,-9
"1785","1570力肯","110/07/09","華南永昌-岡山",6,0,6
"1786","1570力肯","110/07/09","合庫-基隆",0,7,-7
"1787","1570力肯","110/07/09","統一-中壢",5,0,5
"1788","1570力肯","110/07/09","摩根大通",2,8,-6
"1789","1570力肯","110/07/09","凱基-三峽",5,0,5
"1790","1570力肯","110/07/09","台灣企銀-豐原",0,4,-4
"1791","1570力肯","110/07/09","大昌-樹林",4,0,4
"1792","1570力肯","110/07/09","日盛-桃園",0,4,-4
"1793","1570力肯","110/07/09","新光",3,0,3
"1794","1570力肯","110/07/09","國泰-高雄",0,3,-3
"1795","1570力肯","110/07/09","富邦-新竹華信",3,0,3
"1796","1570力肯","110/07/09","永豐金-敦南",0,3,-3
"1797","1570力肯","110/07/09","合庫-台中",2,0,2
"1798","1570力肯","110/07/09","土銀-彰化",0,2,-2
"1799","1570力肯","110/07/09","臺銀-臺中",2,0,2
"1800","1570力肯","110/07/09","臺銀-鳳山",0,2,-2
"1801","6180橘子","110/07/09","摩根大通",63,1,62
"1802","6180橘子","110/07/09","元大-南京",1,32,-31
"1803","6180橘子","110/07/09","富邦-陽明",73,33,40
"1804","6180橘子","110/07/09","群益金鼎-台北",0,25,-25
"1805","6180橘子","110/07/09","新加坡商瑞銀",31,0,31
"1806","6180橘子","110/07/09","兆豐-復興",0,21,-21
"1807","6180橘子","110/07/09","美商高盛",25,0,25
"1808","6180橘子","110/07/09","永豐金-嘉義",0,21,-21
"1809","6180橘子","110/07/09","凱基-台北",26,10,16
"1810","6180橘子","110/07/09","凱基-中壢",8,24,-16
"1811","6180橘子","110/07/09","華南永昌-楠梓",13,0,13
"1812","6180橘子","110/07/09","致和-崇德",0,15,-15
"1813","6180橘子","110/07/09","華南永昌-朴子",11,0,11
"1814","6180橘子","110/07/09","群益金鼎-屏東",0,15,-15
"1815","6180橘子","110/07/09","元大-北港",11,0,11
"1816","6180橘子","110/07/09","群益金鼎-中山",0,15,-15
"1817","6180橘子","110/07/09","元大-成功",10,1,9
"1818","6180橘子","110/07/09","瑞士信貸",1,15,-14
"1819","6180橘子","110/07/09","新光",26,18,8
"1820","6180橘子","110/07/09","日盛-二林",0,10,-10
"1821","6180橘子","110/07/09","統一-三重",6,0,6
"1822","6180橘子","110/07/09","凱基-東門",0,10,-10
"1823","6180橘子","110/07/09","群益金鼎-嘉義",6,0,6
"1824","6180橘子","110/07/09","華南永昌-三重",0,10,-10
"1825","6180橘子","110/07/09","元大-員林中山",6,0,6
"1826","6180橘子","110/07/09","元大-彰化民生",1,11,-10
"1827","6180橘子","110/07/09","合庫-鳳山",5,0,5
"1828","6180橘子","110/07/09","永豐金-新店",1,11,-10
"1829","6180橘子","110/07/09","富邦-建國",6,1,5
"1830","6180橘子","110/07/09","群益金鼎-丹鳳",0,8,-8
"1831","2390云辰","110/07/09","摩根大通",279,56,223
"1832","2390云辰","110/07/09","元大-天母",0,127,-127
"1833","2390云辰","110/07/09","日盛-鳳山",110,2,108
"1834","2390云辰","110/07/09","中國信託-文心",5,109,-104
"1835","2390云辰","110/07/09","宏遠證券",100,0,100
"1836","2390云辰","110/07/09","永豐金-復興",0,55,-55
"1837","2390云辰","110/07/09","元大-大里",63,6,57
"1838","2390云辰","110/07/09","凱基-台北",239,286,-47
"1839","2390云辰","110/07/09","凱基-八德",59,10,49
"1840","2390云辰","110/07/09","德信",2,32,-30
"1841","2390云辰","110/07/09","合庫-新竹",40,0,40
"1842","2390云辰","110/07/09","兆豐-桃鶯",2,32,-30
"1843","2390云辰","110/07/09","國票",40,1,39
"1844","2390云辰","110/07/09","致和-南京",0,30,-30
"1845","2390云辰","110/07/09","新加坡商瑞銀",49,13,36
"1846","2390云辰","110/07/09","富邦-虎尾",1,31,-30
"1847","2390云辰","110/07/09","統一-新台中",36,2,34
"1848","2390云辰","110/07/09","元大-善化",2,31,-29
"1849","2390云辰","110/07/09","國票-嘉義",31,0,31
"1850","2390云辰","110/07/09","富邦-板橋",0,27,-27
"1851","2390云辰","110/07/09","華南永昌",35,7,28
"1852","2390云辰","110/07/09","富邦-永和",3,28,-25
"1853","2390云辰","110/07/09","玉山-台中",49,22,27
"1854","2390云辰","110/07/09","第一金-自由",20,44,-24
"1855","2390云辰","110/07/09","華南永昌-敦南",25,0,25
"1856","2390云辰","110/07/09","凱基-內湖",0,24,-24
"1857","2390云辰","110/07/09","新光-高雄",27,4,23
"1858","2390云辰","110/07/09","元大-汐止",1,24,-23
"1859","2390云辰","110/07/09","台灣摩根士丹利",85,63,22
"1860","2390云辰","110/07/09","新光-台中",12,33,-21
"1861","4903聯光通","110/07/09","元大-敦南",10,0,10
"1862","4903聯光通","110/07/09","第一金-台中",0,12,-12
"1863","4903聯光通","110/07/09","凱基-士林",5,0,5
"1864","4903聯光通","110/07/09","日盛-忠孝",0,3,-3
"1865","4903聯光通","110/07/09","元大-苗栗",5,0,5
"1866","4903聯光通","110/07/09","群益金鼎-崇德",0,3,-3
"1867","4903聯光通","110/07/09","元大-屏南",3,0,3
"1868","4903聯光通","110/07/09","國票-內壢",0,2,-2
"1869","4903聯光通","110/07/09","中國信託-永康",1,0,1
"1870","4903聯光通","110/07/09","康和-南崁",0,2,-2
"1871","4903聯光通","110/07/09","玉山證券",1,0,1
"1872","4903聯光通","110/07/09","新光-台中",0,2,-2
"1873","4903聯光通","110/07/09","元大-太平",4,3,1
"1874","4903聯光通","110/07/09","玉山-城中",0,2,-2
"1875","4903聯光通","110/07/09","永豐金-嘉義",1,0,1
"1876","4903聯光通","110/07/09","中國信託-文心",0,1,-1
"1877","4903聯光通","110/07/09","大昌",0,0,0
"1878","4903聯光通","110/07/09","大昌",0,0,0
"1879","4903聯光通","110/07/09","中農",0,0,0
"1880","4903聯光通","110/07/09","中農",0,0,0
"1881","4903聯光通","110/07/09","",NA,NA,NA
"1882","4903聯光通","110/07/09","",NA,NA,NA
"1883","4903聯光通","110/07/09","",NA,NA,NA
"1884","4903聯光通","110/07/09","",NA,NA,NA
"1885","4903聯光通","110/07/09","",NA,NA,NA
"1886","4903聯光通","110/07/09","",NA,NA,NA
"1887","4903聯光通","110/07/09","",NA,NA,NA
"1888","4903聯光通","110/07/09","",NA,NA,NA
"1889","4903聯光通","110/07/09","",NA,NA,NA
"1890","4903聯光通","110/07/09","",NA,NA,NA
"1891","2929淘帝","110/07/09","台中銀-台北",110,0,110
"1892","2929淘帝","110/07/09","新光",2,82,-80
"1893","2929淘帝","110/07/09","華南永昌-頭份",72,0,72
"1894","2929淘帝","110/07/09","摩根大通",2,63,-61
"1895","2929淘帝","110/07/09","合庫-高雄",71,0,71
"1896","2929淘帝","110/07/09","第一金-路竹",0,50,-50
"1897","2929淘帝","110/07/09","高橋-龍潭",37,0,37
"1898","2929淘帝","110/07/09","港商麥格理",0,42,-42
"1899","2929淘帝","110/07/09","新光-台中",60,26,34
"1900","2929淘帝","110/07/09","陽信-石牌",0,40,-40
"1901","2929淘帝","110/07/09","元富-大裕",22,1,21
"1902","2929淘帝","110/07/09","台新-左楠",1,39,-38
"1903","2929淘帝","110/07/09","合庫-鳳山",20,0,20
"1904","2929淘帝","110/07/09","凱基-桃園",3,29,-26
"1905","2929淘帝","110/07/09","元大-員林",22,2,20
"1906","2929淘帝","110/07/09","兆豐-內湖",0,25,-25
"1907","2929淘帝","110/07/09","台新-建北",15,0,15
"1908","2929淘帝","110/07/09","元大-北港",0,20,-20
"1909","2929淘帝","110/07/09","兆豐-桃園",13,0,13
"1910","2929淘帝","110/07/09","富邦-北港",0,19,-19
"1911","2929淘帝","110/07/09","兆豐-忠孝",10,0,10
"1912","2929淘帝","110/07/09","富邦-花蓮",0,17,-17
"1913","2929淘帝","110/07/09","國票-敦北法人",10,0,10
"1914","2929淘帝","110/07/09","國泰-台中",2,17,-15
"1915","2929淘帝","110/07/09","永豐金-博愛",10,0,10
"1916","2929淘帝","110/07/09","群益金鼎-彰化",0,15,-15
"1917","2929淘帝","110/07/09","群益金鼎-潭子",8,0,8
"1918","2929淘帝","110/07/09","元大-博愛",0,14,-14
"1919","2929淘帝","110/07/09","富邦-南屯",8,0,8
"1920","2929淘帝","110/07/09","日盛-板橋",0,13,-13
"1921","5410國眾","110/07/09","元大-新盛",14,0,14
"1922","5410國眾","110/07/09","(牛牛牛)亞-鑫豐",1,41,-40
"1923","5410國眾","110/07/09","台灣企銀-民雄",10,0,10
"1924","5410國眾","110/07/09","元富-嘉義",0,25,-25
"1925","5410國眾","110/07/09","元富-虎尾",9,0,9
"1926","5410國眾","110/07/09","凱基-高美館",0,10,-10
"1927","5410國眾","110/07/09","摩根大通",10,1,9
"1928","5410國眾","110/07/09","凱基-城中",0,10,-10
"1929","5410國眾","110/07/09","兆豐-北高雄",7,0,7
"1930","5410國眾","110/07/09","元大-頭份",0,10,-10
"1931","5410國眾","110/07/09","凱基-台北",8,1,7
"1932","5410國眾","110/07/09","群益金鼎-丹鳳",0,7,-7
"1933","5410國眾","110/07/09","華南永昌-公誠",7,0,7
"1934","5410國眾","110/07/09","凱基-復興",0,7,-7
"1935","5410國眾","110/07/09","香港上海匯豐",6,0,6
"1936","5410國眾","110/07/09","元大-員林",0,7,-7
"1937","5410國眾","110/07/09","凱基-中壢",6,0,6
"1938","5410國眾","110/07/09","富邦-竹東",0,6,-6
"1939","5410國眾","110/07/09","華南永昌-南京",6,0,6
"1940","5410國眾","110/07/09","亞東-高雄",0,5,-5
"1941","5410國眾","110/07/09","統一-三重",5,0,5
"1942","5410國眾","110/07/09","大慶-中壢",1,6,-5
"1943","5410國眾","110/07/09","富邦-宜蘭",5,0,5
"1944","5410國眾","110/07/09","群益金鼎-中港",0,5,-5
"1945","5410國眾","110/07/09","元大-崇德",5,0,5
"1946","5410國眾","110/07/09","元大-八德",0,5,-5
"1947","5410國眾","110/07/09","元大-博愛",5,0,5
"1948","5410國眾","110/07/09","富邦-基隆",0,4,-4
"1949","5410國眾","110/07/09","元大-龍潭",5,0,5
"1950","5410國眾","110/07/09","臺銀-新竹",0,3,-3
"1951","2841台開","110/07/09","日盛-雙和",102,0,102
"1952","2841台開","110/07/09","港商野村",0,129,-129
"1953","2841台開","110/07/09","元大-館前",70,0,70
"1954","2841台開","110/07/09","兆豐-永和",0,100,-100
"1955","2841台開","110/07/09","凱基-文心",50,0,50
"1956","2841台開","110/07/09","台新證券",7,28,-21
"1957","2841台開","110/07/09","富邦-嘉義",40,0,40
"1958","2841台開","110/07/09","國票-北高雄",0,20,-20
"1959","2841台開","110/07/09","美商高盛",15,0,15
"1960","2841台開","110/07/09","永豐金-敦南",29,46,-17
"1961","2841台開","110/07/09","台中銀",15,0,15
"1962","2841台開","110/07/09","合庫-基隆",0,12,-12
"1963","2841台開","110/07/09","新光",11,0,11
"1964","2841台開","110/07/09","中國信託-松江",0,12,-12
"1965","2841台開","110/07/09","華南永昌-長虹",10,0,10
"1966","2841台開","110/07/09","兆豐-城中",0,12,-12
"1967","2841台開","110/07/09","永豐金-南投",10,0,10
"1968","2841台開","110/07/09","台中銀-豐原",0,10,-10
"1969","2841台開","110/07/09","合庫-桃園",7,0,7
"1970","2841台開","110/07/09","兆豐-景美",0,10,-10
"1971","2841台開","110/07/09","群益金鼎-古亭",7,0,7
"1972","2841台開","110/07/09","群益金鼎-基隆",0,10,-10
"1973","2841台開","110/07/09","國泰-敦南",6,0,6
"1974","2841台開","110/07/09","元大-北三重",0,10,-10
"1975","2841台開","110/07/09","凱基-桃園",8,2,6
"1976","2841台開","110/07/09","(牛牛牛)亞-網路",0,9,-9
"1977","2841台開","110/07/09","日盛證券",5,0,5
"1978","2841台開","110/07/09","台新-高雄",1,10,-9
"1979","2841台開","110/07/09","元富-文心",5,0,5
"1980","2841台開","110/07/09","凱基-台北",0,7,-7
"1981","6207雷科","110/07/09","群益金鼎-新竹",47,0,47
"1982","6207雷科","110/07/09","新光",7,24,-17
"1983","6207雷科","110/07/09","永豐金-三重",31,0,31
"1984","6207雷科","110/07/09","日盛-和美",0,15,-15
"1985","6207雷科","110/07/09","新加坡商瑞銀",33,5,28
"1986","6207雷科","110/07/09","國泰-台南",0,15,-15
"1987","6207雷科","110/07/09","元大-高雄",26,0,26
"1988","6207雷科","110/07/09","華南永昌-古亭",0,14,-14
"1989","6207雷科","110/07/09","統一-員林",22,0,22
"1990","6207雷科","110/07/09","土銀-白河",0,11,-11
"1991","6207雷科","110/07/09","台新-高雄",22,0,22
"1992","6207雷科","110/07/09","日盛-台南",0,10,-10
"1993","6207雷科","110/07/09","摩根大通",34,17,17
"1994","6207雷科","110/07/09","元富-林園",0,10,-10
"1995","6207雷科","110/07/09","元大-博愛",17,1,16
"1996","6207雷科","110/07/09","富邦-園區",0,10,-10
"1997","6207雷科","110/07/09","日茂-埔里",12,0,12
"1998","6207雷科","110/07/09","元大-上新莊",0,10,-10
"1999","6207雷科","110/07/09","國泰-台中",17,6,11
"2000","6207雷科","110/07/09","永豐金-南京",0,10,-10
"2001","6207雷科","110/07/09","富邦-三重",10,0,10
"2002","6207雷科","110/07/09","兆豐-小港",0,6,-6
"2003","6207雷科","110/07/09","元大-沙鹿",10,0,10
"2004","6207雷科","110/07/09","富邦-羅東",1,7,-6
"2005","6207雷科","110/07/09","元大-八德",10,0,10
"2006","6207雷科","110/07/09","元大-土城永寧",0,6,-6
"2007","6207雷科","110/07/09","第一金-路竹",11,2,9
"2008","6207雷科","110/07/09","永豐金-板盛",0,6,-6
"2009","6207雷科","110/07/09","統一-南京",5,0,5
"2010","6207雷科","110/07/09","日盛-板橋",0,5,-5
"2011","3679新至陞","110/07/09","元大-大天母",10,0,10
"2012","3679新至陞","110/07/09","第一金-光復",0,11,-11
"2013","3679新至陞","110/07/09","日盛-樹林",9,0,9
"2014","3679新至陞","110/07/09","瑞士信貸",0,8,-8
"2015","3679新至陞","110/07/09","凱基-台北",11,2,9
"2016","3679新至陞","110/07/09","大慶-苗栗",0,5,-5
"2017","3679新至陞","110/07/09","華南永昌-小港",8,0,8
"2018","3679新至陞","110/07/09","元大-永春",0,5,-5
"2019","3679新至陞","110/07/09","兆豐-來福",7,0,7
"2020","3679新至陞","110/07/09","日盛-和美",0,4,-4
"2021","3679新至陞","110/07/09","香港上海匯豐",5,0,5
"2022","3679新至陞","110/07/09","元大-雙和",0,3,-3
"2023","3679新至陞","110/07/09","台中銀-員林",3,0,3
"2024","3679新至陞","110/07/09","永豐金-屏東",0,3,-3
"2025","3679新至陞","110/07/09","新光",3,0,3
"2026","3679新至陞","110/07/09","彰銀",0,2,-2
"2027","3679新至陞","110/07/09","土銀-花蓮",2,0,2
"2028","3679新至陞","110/07/09","宏遠-館前",0,2,-2
"2029","3679新至陞","110/07/09","第一金-澎湖",2,0,2
"2030","3679新至陞","110/07/09","港商野村",0,2,-2
"2031","3679新至陞","110/07/09","摩根大通",2,0,2
"2032","3679新至陞","110/07/09","大昌-新店",0,2,-2
"2033","3679新至陞","110/07/09","國泰-敦南",2,0,2
"2034","3679新至陞","110/07/09","元大-新莊",0,2,-2
"2035","3679新至陞","110/07/09","元大-淡水",4,2,2
"2036","3679新至陞","110/07/09","元大-板橋",0,2,-2
"2037","3679新至陞","110/07/09","日盛-士林",1,0,1
"2038","3679新至陞","110/07/09","台灣摩根士丹利",0,1,-1
"2039","3679新至陞","110/07/09","日盛-信義",1,0,1
"2040","3679新至陞","110/07/09","第一金-高雄",0,1,-1
"2041","2727王品","110/07/09","台灣匯立證券",90,0,90
"2042","2727王品","110/07/09","台灣摩根士丹利",0,267,-267
"2043","2727王品","110/07/09","國泰-敦南",166,84,82
"2044","2727王品","110/07/09","富邦-台北",35,299,-264
"2045","2727王品","110/07/09","富邦-仁愛",56,12,44
"2046","2727王品","110/07/09","凱基-台北",174,296,-122
"2047","2727王品","110/07/09","台新證券",109,66,43
"2048","2727王品","110/07/09","第一金",2,102,-100
"2049","2727王品","110/07/09","新光",117,87,30
"2050","2727王品","110/07/09","群益金鼎-大安",0,80,-80
"2051","2727王品","110/07/09","臺銀-臺中",35,6,29
"2052","2727王品","110/07/09","兆豐-大安",7,60,-53
"2053","2727王品","110/07/09","元大-桃園",32,3,29
"2054","2727王品","110/07/09","永豐金-南投",0,50,-50
"2055","2727王品","110/07/09","元富-宜蘭",34,6,28
"2056","2727王品","110/07/09","新加坡商瑞銀",6,46,-40
"2057","2727王品","110/07/09","玉山-台中",34,8,26
"2058","2727王品","110/07/09","合庫-彰化",11,50,-39
"2059","2727王品","110/07/09","群益金鼎-宜蘭",30,4,26
"2060","2727王品","110/07/09","永豐金-萬盛",13,52,-39
"2061","2727王品","110/07/09","富邦-台中",42,16,26
"2062","2727王品","110/07/09","瑞士信貸",0,34,-34
"2063","2727王品","110/07/09","第一金-豐原",25,1,24
"2064","2727王品","110/07/09","元大-和平",4,35,-31
"2065","2727王品","110/07/09","臺銀",30,8,22
"2066","2727王品","110/07/09","美林",14,44,-30
"2067","2727王品","110/07/09","兆豐-來福",23,1,22
"2068","2727王品","110/07/09","元大-員林",9,38,-29
"2069","2727王品","110/07/09","玉山-士林",22,2,20
"2070","2727王品","110/07/09","元富-西松",4,31,-27
"2071","1570力肯","110/07/09","凱基-台北",30,1,29
"2072","1570力肯","110/07/09","群益金鼎-彰化",0,20,-20
"2073","1570力肯","110/07/09","新光-台南",20,0,20
"2074","1570力肯","110/07/09","元大-土城學府",0,20,-20
"2075","1570力肯","110/07/09","元大-高雄",20,0,20
"2076","1570力肯","110/07/09","元大-大統",0,16,-16
"2077","1570力肯","110/07/09","國票-中正",12,0,12
"2078","1570力肯","110/07/09","元大-新營",0,11,-11
"2079","1570力肯","110/07/09","日盛-高雄",6,0,6
"2080","1570力肯","110/07/09","元大-和平",0,10,-10
"2081","1570力肯","110/07/09","元富-緯城",6,0,6
"2082","1570力肯","110/07/09","元大-草屯",0,10,-10
"2083","1570力肯","110/07/09","群益金鼎-台南",6,0,6
"2084","1570力肯","110/07/09","元大-鹿港",0,9,-9
"2085","1570力肯","110/07/09","華南永昌-岡山",6,0,6
"2086","1570力肯","110/07/09","合庫-基隆",0,7,-7
"2087","1570力肯","110/07/09","統一-中壢",5,0,5
"2088","1570力肯","110/07/09","摩根大通",2,8,-6
"2089","1570力肯","110/07/09","凱基-三峽",5,0,5
"2090","1570力肯","110/07/09","台灣企銀-豐原",0,4,-4
"2091","1570力肯","110/07/09","大昌-樹林",4,0,4
"2092","1570力肯","110/07/09","日盛-桃園",0,4,-4
"2093","1570力肯","110/07/09","新光",3,0,3
"2094","1570力肯","110/07/09","國泰-高雄",0,3,-3
"2095","1570力肯","110/07/09","富邦-新竹華信",3,0,3
"2096","1570力肯","110/07/09","永豐金-敦南",0,3,-3
"2097","1570力肯","110/07/09","合庫-台中",2,0,2
"2098","1570力肯","110/07/09","土銀-彰化",0,2,-2
"2099","1570力肯","110/07/09","臺銀-臺中",2,0,2
"2100","1570力肯","110/07/09","臺銀-鳳山",0,2,-2
"2101","6180橘子","110/07/09","摩根大通",63,1,62
"2102","6180橘子","110/07/09","元大-南京",1,32,-31
"2103","6180橘子","110/07/09","富邦-陽明",73,33,40
"2104","6180橘子","110/07/09","群益金鼎-台北",0,25,-25
"2105","6180橘子","110/07/09","新加坡商瑞銀",31,0,31
"2106","6180橘子","110/07/09","兆豐-復興",0,21,-21
"2107","6180橘子","110/07/09","美商高盛",25,0,25
"2108","6180橘子","110/07/09","永豐金-嘉義",0,21,-21
"2109","6180橘子","110/07/09","凱基-台北",26,10,16
"2110","6180橘子","110/07/09","凱基-中壢",8,24,-16
"2111","6180橘子","110/07/09","華南永昌-楠梓",13,0,13
"2112","6180橘子","110/07/09","致和-崇德",0,15,-15
"2113","6180橘子","110/07/09","華南永昌-朴子",11,0,11
"2114","6180橘子","110/07/09","群益金鼎-屏東",0,15,-15
"2115","6180橘子","110/07/09","元大-北港",11,0,11
"2116","6180橘子","110/07/09","群益金鼎-中山",0,15,-15
"2117","6180橘子","110/07/09","元大-成功",10,1,9
"2118","6180橘子","110/07/09","瑞士信貸",1,15,-14
"2119","6180橘子","110/07/09","新光",26,18,8
"2120","6180橘子","110/07/09","日盛-二林",0,10,-10
"2121","6180橘子","110/07/09","統一-三重",6,0,6
"2122","6180橘子","110/07/09","凱基-東門",0,10,-10
"2123","6180橘子","110/07/09","群益金鼎-嘉義",6,0,6
"2124","6180橘子","110/07/09","華南永昌-三重",0,10,-10
"2125","6180橘子","110/07/09","元大-員林中山",6,0,6
"2126","6180橘子","110/07/09","元大-彰化民生",1,11,-10
"2127","6180橘子","110/07/09","合庫-鳳山",5,0,5
"2128","6180橘子","110/07/09","永豐金-新店",1,11,-10
"2129","6180橘子","110/07/09","富邦-建國",6,1,5
"2130","6180橘子","110/07/09","群益金鼎-丹鳳",0,8,-8
"2131","2390云辰","110/07/09","摩根大通",279,56,223
"2132","2390云辰","110/07/09","元大-天母",0,127,-127
"2133","2390云辰","110/07/09","日盛-鳳山",110,2,108
"2134","2390云辰","110/07/09","中國信託-文心",5,109,-104
"2135","2390云辰","110/07/09","宏遠證券",100,0,100
"2136","2390云辰","110/07/09","永豐金-復興",0,55,-55
"2137","2390云辰","110/07/09","元大-大里",63,6,57
"2138","2390云辰","110/07/09","凱基-台北",239,286,-47
"2139","2390云辰","110/07/09","凱基-八德",59,10,49
"2140","2390云辰","110/07/09","德信",2,32,-30
"2141","2390云辰","110/07/09","合庫-新竹",40,0,40
"2142","2390云辰","110/07/09","兆豐-桃鶯",2,32,-30
"2143","2390云辰","110/07/09","國票",40,1,39
"2144","2390云辰","110/07/09","致和-南京",0,30,-30
"2145","2390云辰","110/07/09","新加坡商瑞銀",49,13,36
"2146","2390云辰","110/07/09","富邦-虎尾",1,31,-30
"2147","2390云辰","110/07/09","統一-新台中",36,2,34
"2148","2390云辰","110/07/09","元大-善化",2,31,-29
"2149","2390云辰","110/07/09","國票-嘉義",31,0,31
"2150","2390云辰","110/07/09","富邦-板橋",0,27,-27
"2151","2390云辰","110/07/09","華南永昌",35,7,28
"2152","2390云辰","110/07/09","富邦-永和",3,28,-25
"2153","2390云辰","110/07/09","玉山-台中",49,22,27
"2154","2390云辰","110/07/09","第一金-自由",20,44,-24
"2155","2390云辰","110/07/09","華南永昌-敦南",25,0,25
"2156","2390云辰","110/07/09","凱基-內湖",0,24,-24
"2157","2390云辰","110/07/09","新光-高雄",27,4,23
"2158","2390云辰","110/07/09","元大-汐止",1,24,-23
"2159","2390云辰","110/07/09","台灣摩根士丹利",85,63,22
"2160","2390云辰","110/07/09","新光-台中",12,33,-21
"2161","4903聯光通","110/07/09","元大-敦南",10,0,10
"2162","4903聯光通","110/07/09","第一金-台中",0,12,-12
"2163","4903聯光通","110/07/09","凱基-士林",5,0,5
"2164","4903聯光通","110/07/09","日盛-忠孝",0,3,-3
"2165","4903聯光通","110/07/09","元大-苗栗",5,0,5
"2166","4903聯光通","110/07/09","群益金鼎-崇德",0,3,-3
"2167","4903聯光通","110/07/09","元大-屏南",3,0,3
"2168","4903聯光通","110/07/09","國票-內壢",0,2,-2
"2169","4903聯光通","110/07/09","中國信託-永康",1,0,1
"2170","4903聯光通","110/07/09","康和-南崁",0,2,-2
"2171","4903聯光通","110/07/09","玉山證券",1,0,1
"2172","4903聯光通","110/07/09","新光-台中",0,2,-2
"2173","4903聯光通","110/07/09","元大-太平",4,3,1
"2174","4903聯光通","110/07/09","玉山-城中",0,2,-2
"2175","4903聯光通","110/07/09","永豐金-嘉義",1,0,1
"2176","4903聯光通","110/07/09","中國信託-文心",0,1,-1
"2177","4903聯光通","110/07/09","大昌",0,0,0
"2178","4903聯光通","110/07/09","大昌",0,0,0
"2179","4903聯光通","110/07/09","中農",0,0,0
"2180","4903聯光通","110/07/09","中農",0,0,0
"2181","4903聯光通","110/07/09","",NA,NA,NA
"2182","4903聯光通","110/07/09","",NA,NA,NA
"2183","4903聯光通","110/07/09","",NA,NA,NA
"2184","4903聯光通","110/07/09","",NA,NA,NA
"2185","4903聯光通","110/07/09","",NA,NA,NA
"2186","4903聯光通","110/07/09","",NA,NA,NA
"2187","4903聯光通","110/07/09","",NA,NA,NA
"2188","4903聯光通","110/07/09","",NA,NA,NA
"2189","4903聯光通","110/07/09","",NA,NA,NA
"2190","4903聯光通","110/07/09","",NA,NA,NA
"2191","2929淘帝","110/07/09","台中銀-台北",110,0,110
"2192","2929淘帝","110/07/09","新光",2,82,-80
"2193","2929淘帝","110/07/09","華南永昌-頭份",72,0,72
"2194","2929淘帝","110/07/09","摩根大通",2,63,-61
"2195","2929淘帝","110/07/09","合庫-高雄",71,0,71
"2196","2929淘帝","110/07/09","第一金-路竹",0,50,-50
"2197","2929淘帝","110/07/09","高橋-龍潭",37,0,37
"2198","2929淘帝","110/07/09","港商麥格理",0,42,-42
"2199","2929淘帝","110/07/09","新光-台中",60,26,34
"2200","2929淘帝","110/07/09","陽信-石牌",0,40,-40
"2201","2929淘帝","110/07/09","元富-大裕",22,1,21
"2202","2929淘帝","110/07/09","台新-左楠",1,39,-38
"2203","2929淘帝","110/07/09","合庫-鳳山",20,0,20
"2204","2929淘帝","110/07/09","凱基-桃園",3,29,-26
"2205","2929淘帝","110/07/09","元大-員林",22,2,20
"2206","2929淘帝","110/07/09","兆豐-內湖",0,25,-25
"2207","2929淘帝","110/07/09","台新-建北",15,0,15
"2208","2929淘帝","110/07/09","元大-北港",0,20,-20
"2209","2929淘帝","110/07/09","兆豐-桃園",13,0,13
"2210","2929淘帝","110/07/09","富邦-北港",0,19,-19
"2211","2929淘帝","110/07/09","兆豐-忠孝",10,0,10
"2212","2929淘帝","110/07/09","富邦-花蓮",0,17,-17
"2213","2929淘帝","110/07/09","國票-敦北法人",10,0,10
"2214","2929淘帝","110/07/09","國泰-台中",2,17,-15
"2215","2929淘帝","110/07/09","永豐金-博愛",10,0,10
"2216","2929淘帝","110/07/09","群益金鼎-彰化",0,15,-15
"2217","2929淘帝","110/07/09","群益金鼎-潭子",8,0,8
"2218","2929淘帝","110/07/09","元大-博愛",0,14,-14
"2219","2929淘帝","110/07/09","富邦-南屯",8,0,8
"2220","2929淘帝","110/07/09","日盛-板橋",0,13,-13
"2221","5410國眾","110/07/09","元大-新盛",14,0,14
"2222","5410國眾","110/07/09","(牛牛牛)亞-鑫豐",1,41,-40
"2223","5410國眾","110/07/09","台灣企銀-民雄",10,0,10
"2224","5410國眾","110/07/09","元富-嘉義",0,25,-25
"2225","5410國眾","110/07/09","元富-虎尾",9,0,9
"2226","5410國眾","110/07/09","凱基-高美館",0,10,-10
"2227","5410國眾","110/07/09","摩根大通",10,1,9
"2228","5410國眾","110/07/09","凱基-城中",0,10,-10
"2229","5410國眾","110/07/09","兆豐-北高雄",7,0,7
"2230","5410國眾","110/07/09","元大-頭份",0,10,-10
"2231","5410國眾","110/07/09","凱基-台北",8,1,7
"2232","5410國眾","110/07/09","群益金鼎-丹鳳",0,7,-7
"2233","5410國眾","110/07/09","華南永昌-公誠",7,0,7
"2234","5410國眾","110/07/09","凱基-復興",0,7,-7
"2235","5410國眾","110/07/09","香港上海匯豐",6,0,6
"2236","5410國眾","110/07/09","元大-員林",0,7,-7
"2237","5410國眾","110/07/09","凱基-中壢",6,0,6
"2238","5410國眾","110/07/09","富邦-竹東",0,6,-6
"2239","5410國眾","110/07/09","華南永昌-南京",6,0,6
"2240","5410國眾","110/07/09","亞東-高雄",0,5,-5
"2241","5410國眾","110/07/09","統一-三重",5,0,5
"2242","5410國眾","110/07/09","大慶-中壢",1,6,-5
"2243","5410國眾","110/07/09","富邦-宜蘭",5,0,5
"2244","5410國眾","110/07/09","群益金鼎-中港",0,5,-5
"2245","5410國眾","110/07/09","元大-崇德",5,0,5
"2246","5410國眾","110/07/09","元大-八德",0,5,-5
"2247","5410國眾","110/07/09","元大-博愛",5,0,5
"2248","5410國眾","110/07/09","富邦-基隆",0,4,-4
"2249","5410國眾","110/07/09","元大-龍潭",5,0,5
"2250","5410國眾","110/07/09","臺銀-新竹",0,3,-3
"2251","2841台開","110/07/09","日盛-雙和",102,0,102
"2252","2841台開","110/07/09","港商野村",0,129,-129
"2253","2841台開","110/07/09","元大-館前",70,0,70
"2254","2841台開","110/07/09","兆豐-永和",0,100,-100
"2255","2841台開","110/07/09","凱基-文心",50,0,50
"2256","2841台開","110/07/09","台新證券",7,28,-21
"2257","2841台開","110/07/09","富邦-嘉義",40,0,40
"2258","2841台開","110/07/09","國票-北高雄",0,20,-20
"2259","2841台開","110/07/09","美商高盛",15,0,15
"2260","2841台開","110/07/09","永豐金-敦南",29,46,-17
"2261","2841台開","110/07/09","台中銀",15,0,15
"2262","2841台開","110/07/09","合庫-基隆",0,12,-12
"2263","2841台開","110/07/09","新光",11,0,11
"2264","2841台開","110/07/09","中國信託-松江",0,12,-12
"2265","2841台開","110/07/09","華南永昌-長虹",10,0,10
"2266","2841台開","110/07/09","兆豐-城中",0,12,-12
"2267","2841台開","110/07/09","永豐金-南投",10,0,10
"2268","2841台開","110/07/09","台中銀-豐原",0,10,-10
"2269","2841台開","110/07/09","合庫-桃園",7,0,7
"2270","2841台開","110/07/09","兆豐-景美",0,10,-10
"2271","2841台開","110/07/09","群益金鼎-古亭",7,0,7
"2272","2841台開","110/07/09","群益金鼎-基隆",0,10,-10
"2273","2841台開","110/07/09","國泰-敦南",6,0,6
"2274","2841台開","110/07/09","元大-北三重",0,10,-10
"2275","2841台開","110/07/09","凱基-桃園",8,2,6
"2276","2841台開","110/07/09","(牛牛牛)亞-網路",0,9,-9
"2277","2841台開","110/07/09","日盛證券",5,0,5
"2278","2841台開","110/07/09","台新-高雄",1,10,-9
"2279","2841台開","110/07/09","元富-文心",5,0,5
"2280","2841台開","110/07/09","凱基-台北",0,7,-7
"2281","6207雷科","110/07/09","群益金鼎-新竹",47,0,47
"2282","6207雷科","110/07/09","新光",7,24,-17
"2283","6207雷科","110/07/09","永豐金-三重",31,0,31
"2284","6207雷科","110/07/09","日盛-和美",0,15,-15
"2285","6207雷科","110/07/09","新加坡商瑞銀",33,5,28
"2286","6207雷科","110/07/09","國泰-台南",0,15,-15
"2287","6207雷科","110/07/09","元大-高雄",26,0,26
"2288","6207雷科","110/07/09","華南永昌-古亭",0,14,-14
"2289","6207雷科","110/07/09","統一-員林",22,0,22
"2290","6207雷科","110/07/09","土銀-白河",0,11,-11
"2291","6207雷科","110/07/09","台新-高雄",22,0,22
"2292","6207雷科","110/07/09","日盛-台南",0,10,-10
"2293","6207雷科","110/07/09","摩根大通",34,17,17
"2294","6207雷科","110/07/09","元富-林園",0,10,-10
"2295","6207雷科","110/07/09","元大-博愛",17,1,16
"2296","6207雷科","110/07/09","富邦-園區",0,10,-10
"2297","6207雷科","110/07/09","日茂-埔里",12,0,12
"2298","6207雷科","110/07/09","元大-上新莊",0,10,-10
"2299","6207雷科","110/07/09","國泰-台中",17,6,11
"2300","6207雷科","110/07/09","永豐金-南京",0,10,-10
"2301","6207雷科","110/07/09","富邦-三重",10,0,10
"2302","6207雷科","110/07/09","兆豐-小港",0,6,-6
"2303","6207雷科","110/07/09","元大-沙鹿",10,0,10
"2304","6207雷科","110/07/09","富邦-羅東",1,7,-6
"2305","6207雷科","110/07/09","元大-八德",10,0,10
"2306","6207雷科","110/07/09","元大-土城永寧",0,6,-6
"2307","6207雷科","110/07/09","第一金-路竹",11,2,9
"2308","6207雷科","110/07/09","永豐金-板盛",0,6,-6
"2309","6207雷科","110/07/09","統一-南京",5,0,5
"2310","6207雷科","110/07/09","日盛-板橋",0,5,-5
"2311","3679新至陞","110/07/09","元大-大天母",10,0,10
"2312","3679新至陞","110/07/09","第一金-光復",0,11,-11
"2313","3679新至陞","110/07/09","日盛-樹林",9,0,9
"2314","3679新至陞","110/07/09","瑞士信貸",0,8,-8
"2315","3679新至陞","110/07/09","凱基-台北",11,2,9
"2316","3679新至陞","110/07/09","大慶-苗栗",0,5,-5
"2317","3679新至陞","110/07/09","華南永昌-小港",8,0,8
"2318","3679新至陞","110/07/09","元大-永春",0,5,-5
"2319","3679新至陞","110/07/09","兆豐-來福",7,0,7
"2320","3679新至陞","110/07/09","日盛-和美",0,4,-4
"2321","3679新至陞","110/07/09","香港上海匯豐",5,0,5
"2322","3679新至陞","110/07/09","元大-雙和",0,3,-3
"2323","3679新至陞","110/07/09","台中銀-員林",3,0,3
"2324","3679新至陞","110/07/09","永豐金-屏東",0,3,-3
"2325","3679新至陞","110/07/09","新光",3,0,3
"2326","3679新至陞","110/07/09","彰銀",0,2,-2
"2327","3679新至陞","110/07/09","土銀-花蓮",2,0,2
"2328","3679新至陞","110/07/09","宏遠-館前",0,2,-2
"2329","3679新至陞","110/07/09","第一金-澎湖",2,0,2
"2330","3679新至陞","110/07/09","港商野村",0,2,-2
"2331","3679新至陞","110/07/09","摩根大通",2,0,2
"2332","3679新至陞","110/07/09","大昌-新店",0,2,-2
"2333","3679新至陞","110/07/09","國泰-敦南",2,0,2
"2334","3679新至陞","110/07/09","元大-新莊",0,2,-2
"2335","3679新至陞","110/07/09","元大-淡水",4,2,2
"2336","3679新至陞","110/07/09","元大-板橋",0,2,-2
"2337","3679新至陞","110/07/09","日盛-士林",1,0,1
"2338","3679新至陞","110/07/09","台灣摩根士丹利",0,1,-1
"2339","3679新至陞","110/07/09","日盛-信義",1,0,1
"2340","3679新至陞","110/07/09","第一金-高雄",0,1,-1
"2341","2727王品","110/07/09","台灣匯立證券",90,0,90
"2342","2727王品","110/07/09","台灣摩根士丹利",0,267,-267
"2343","2727王品","110/07/09","國泰-敦南",166,84,82
"2344","2727王品","110/07/09","富邦-台北",35,299,-264
"2345","2727王品","110/07/09","富邦-仁愛",56,12,44
"2346","2727王品","110/07/09","凱基-台北",174,296,-122
"2347","2727王品","110/07/09","台新證券",109,66,43
"2348","2727王品","110/07/09","第一金",2,102,-100
"2349","2727王品","110/07/09","新光",117,87,30
"2350","2727王品","110/07/09","群益金鼎-大安",0,80,-80
"2351","2727王品","110/07/09","臺銀-臺中",35,6,29
"2352","2727王品","110/07/09","兆豐-大安",7,60,-53
"2353","2727王品","110/07/09","元大-桃園",32,3,29
"2354","2727王品","110/07/09","永豐金-南投",0,50,-50
"2355","2727王品","110/07/09","元富-宜蘭",34,6,28
"2356","2727王品","110/07/09","新加坡商瑞銀",6,46,-40
"2357","2727王品","110/07/09","玉山-台中",34,8,26
"2358","2727王品","110/07/09","合庫-彰化",11,50,-39
"2359","2727王品","110/07/09","群益金鼎-宜蘭",30,4,26
"2360","2727王品","110/07/09","永豐金-萬盛",13,52,-39
"2361","2727王品","110/07/09","富邦-台中",42,16,26
"2362","2727王品","110/07/09","瑞士信貸",0,34,-34
"2363","2727王品","110/07/09","第一金-豐原",25,1,24
"2364","2727王品","110/07/09","元大-和平",4,35,-31
"2365","2727王品","110/07/09","臺銀",30,8,22
"2366","2727王品","110/07/09","美林",14,44,-30
"2367","2727王品","110/07/09","兆豐-來福",23,1,22
"2368","2727王品","110/07/09","元大-員林",9,38,-29
"2369","2727王品","110/07/09","玉山-士林",22,2,20
"2370","2727王品","110/07/09","元富-西松",4,31,-27
"2371","1570力肯","110/07/09","凱基-台北",30,1,29
"2372","1570力肯","110/07/09","群益金鼎-彰化",0,20,-20
"2373","1570力肯","110/07/09","新光-台南",20,0,20
"2374","1570力肯","110/07/09","元大-土城學府",0,20,-20
"2375","1570力肯","110/07/09","元大-高雄",20,0,20
"2376","1570力肯","110/07/09","元大-大統",0,16,-16
"2377","1570力肯","110/07/09","國票-中正",12,0,12
"2378","1570力肯","110/07/09","元大-新營",0,11,-11
"2379","1570力肯","110/07/09","日盛-高雄",6,0,6
"2380","1570力肯","110/07/09","元大-和平",0,10,-10
"2381","1570力肯","110/07/09","元富-緯城",6,0,6
"2382","1570力肯","110/07/09","元大-草屯",0,10,-10
"2383","1570力肯","110/07/09","群益金鼎-台南",6,0,6
"2384","1570力肯","110/07/09","元大-鹿港",0,9,-9
"2385","1570力肯","110/07/09","華南永昌-岡山",6,0,6
"2386","1570力肯","110/07/09","合庫-基隆",0,7,-7
"2387","1570力肯","110/07/09","統一-中壢",5,0,5
"2388","1570力肯","110/07/09","摩根大通",2,8,-6
"2389","1570力肯","110/07/09","凱基-三峽",5,0,5
"2390","1570力肯","110/07/09","台灣企銀-豐原",0,4,-4
"2391","1570力肯","110/07/09","大昌-樹林",4,0,4
"2392","1570力肯","110/07/09","日盛-桃園",0,4,-4
"2393","1570力肯","110/07/09","新光",3,0,3
"2394","1570力肯","110/07/09","國泰-高雄",0,3,-3
"2395","1570力肯","110/07/09","富邦-新竹華信",3,0,3
"2396","1570力肯","110/07/09","永豐金-敦南",0,3,-3
"2397","1570力肯","110/07/09","合庫-台中",2,0,2
"2398","1570力肯","110/07/09","土銀-彰化",0,2,-2
"2399","1570力肯","110/07/09","臺銀-臺中",2,0,2
"2400","1570力肯","110/07/09","臺銀-鳳山",0,2,-2
"2401","6180橘子","110/07/09","摩根大通",63,1,62
"2402","6180橘子","110/07/09","元大-南京",1,32,-31
"2403","6180橘子","110/07/09","富邦-陽明",73,33,40
"2404","6180橘子","110/07/09","群益金鼎-台北",0,25,-25
"2405","6180橘子","110/07/09","新加坡商瑞銀",31,0,31
"2406","6180橘子","110/07/09","兆豐-復興",0,21,-21
"2407","6180橘子","110/07/09","美商高盛",25,0,25
"2408","6180橘子","110/07/09","永豐金-嘉義",0,21,-21
"2409","6180橘子","110/07/09","凱基-台北",26,10,16
"2410","6180橘子","110/07/09","凱基-中壢",8,24,-16
"2411","6180橘子","110/07/09","華南永昌-楠梓",13,0,13
"2412","6180橘子","110/07/09","致和-崇德",0,15,-15
"2413","6180橘子","110/07/09","華南永昌-朴子",11,0,11
"2414","6180橘子","110/07/09","群益金鼎-屏東",0,15,-15
"2415","6180橘子","110/07/09","元大-北港",11,0,11
"2416","6180橘子","110/07/09","群益金鼎-中山",0,15,-15
"2417","6180橘子","110/07/09","元大-成功",10,1,9
"2418","6180橘子","110/07/09","瑞士信貸",1,15,-14
"2419","6180橘子","110/07/09","新光",26,18,8
"2420","6180橘子","110/07/09","日盛-二林",0,10,-10
"2421","6180橘子","110/07/09","統一-三重",6,0,6
"2422","6180橘子","110/07/09","凱基-東門",0,10,-10
"2423","6180橘子","110/07/09","群益金鼎-嘉義",6,0,6
"2424","6180橘子","110/07/09","華南永昌-三重",0,10,-10
"2425","6180橘子","110/07/09","元大-員林中山",6,0,6
"2426","6180橘子","110/07/09","元大-彰化民生",1,11,-10
"2427","6180橘子","110/07/09","合庫-鳳山",5,0,5
"2428","6180橘子","110/07/09","永豐金-新店",1,11,-10
"2429","6180橘子","110/07/09","富邦-建國",6,1,5
"2430","6180橘子","110/07/09","群益金鼎-丹鳳",0,8,-8
"2431","2390云辰","110/07/09","摩根大通",279,56,223
"2432","2390云辰","110/07/09","元大-天母",0,127,-127
"2433","2390云辰","110/07/09","日盛-鳳山",110,2,108
"2434","2390云辰","110/07/09","中國信託-文心",5,109,-104
"2435","2390云辰","110/07/09","宏遠證券",100,0,100
"2436","2390云辰","110/07/09","永豐金-復興",0,55,-55
"2437","2390云辰","110/07/09","元大-大里",63,6,57
"2438","2390云辰","110/07/09","凱基-台北",239,286,-47
"2439","2390云辰","110/07/09","凱基-八德",59,10,49
"2440","2390云辰","110/07/09","德信",2,32,-30
"2441","2390云辰","110/07/09","合庫-新竹",40,0,40
"2442","2390云辰","110/07/09","兆豐-桃鶯",2,32,-30
"2443","2390云辰","110/07/09","國票",40,1,39
"2444","2390云辰","110/07/09","致和-南京",0,30,-30
"2445","2390云辰","110/07/09","新加坡商瑞銀",49,13,36
"2446","2390云辰","110/07/09","富邦-虎尾",1,31,-30
"2447","2390云辰","110/07/09","統一-新台中",36,2,34
"2448","2390云辰","110/07/09","元大-善化",2,31,-29
"2449","2390云辰","110/07/09","國票-嘉義",31,0,31
"2450","2390云辰","110/07/09","富邦-板橋",0,27,-27
"2451","2390云辰","110/07/09","華南永昌",35,7,28
"2452","2390云辰","110/07/09","富邦-永和",3,28,-25
"2453","2390云辰","110/07/09","玉山-台中",49,22,27
"2454","2390云辰","110/07/09","第一金-自由",20,44,-24
"2455","2390云辰","110/07/09","華南永昌-敦南",25,0,25
"2456","2390云辰","110/07/09","凱基-內湖",0,24,-24
"2457","2390云辰","110/07/09","新光-高雄",27,4,23
"2458","2390云辰","110/07/09","元大-汐止",1,24,-23
"2459","2390云辰","110/07/09","台灣摩根士丹利",85,63,22
"2460","2390云辰","110/07/09","新光-台中",12,33,-21
"2461","4903聯光通","110/07/09","元大-敦南",10,0,10
"2462","4903聯光通","110/07/09","第一金-台中",0,12,-12
"2463","4903聯光通","110/07/09","凱基-士林",5,0,5
"2464","4903聯光通","110/07/09","日盛-忠孝",0,3,-3
"2465","4903聯光通","110/07/09","元大-苗栗",5,0,5
"2466","4903聯光通","110/07/09","群益金鼎-崇德",0,3,-3
"2467","4903聯光通","110/07/09","元大-屏南",3,0,3
"2468","4903聯光通","110/07/09","國票-內壢",0,2,-2
"2469","4903聯光通","110/07/09","中國信託-永康",1,0,1
"2470","4903聯光通","110/07/09","康和-南崁",0,2,-2
"2471","4903聯光通","110/07/09","玉山證券",1,0,1
"2472","4903聯光通","110/07/09","新光-台中",0,2,-2
"2473","4903聯光通","110/07/09","元大-太平",4,3,1
"2474","4903聯光通","110/07/09","玉山-城中",0,2,-2
"2475","4903聯光通","110/07/09","永豐金-嘉義",1,0,1
"2476","4903聯光通","110/07/09","中國信託-文心",0,1,-1
"2477","4903聯光通","110/07/09","大昌",0,0,0
"2478","4903聯光通","110/07/09","大昌",0,0,0
"2479","4903聯光通","110/07/09","中農",0,0,0
"2480","4903聯光通","110/07/09","中農",0,0,0
"2481","4903聯光通","110/07/09","",NA,NA,NA
"2482","4903聯光通","110/07/09","",NA,NA,NA
"2483","4903聯光通","110/07/09","",NA,NA,NA
"2484","4903聯光通","110/07/09","",NA,NA,NA
"2485","4903聯光通","110/07/09","",NA,NA,NA
"2486","4903聯光通","110/07/09","",NA,NA,NA
"2487","4903聯光通","110/07/09","",NA,NA,NA
"2488","4903聯光通","110/07/09","",NA,NA,NA
"2489","4903聯光通","110/07/09","",NA,NA,NA
"2490","4903聯光通","110/07/09","",NA,NA,NA
"2491","2929淘帝","110/07/09","台中銀-台北",110,0,110
"2492","2929淘帝","110/07/09","新光",2,82,-80
"2493","2929淘帝","110/07/09","華南永昌-頭份",72,0,72
"2494","2929淘帝","110/07/09","摩根大通",2,63,-61
"2495","2929淘帝","110/07/09","合庫-高雄",71,0,71
"2496","2929淘帝","110/07/09","第一金-路竹",0,50,-50
"2497","2929淘帝","110/07/09","高橋-龍潭",37,0,37
"2498","2929淘帝","110/07/09","港商麥格理",0,42,-42
"2499","2929淘帝","110/07/09","新光-台中",60,26,34
"2500","2929淘帝","110/07/09","陽信-石牌",0,40,-40
"2501","2929淘帝","110/07/09","元富-大裕",22,1,21
"2502","2929淘帝","110/07/09","台新-左楠",1,39,-38
"2503","2929淘帝","110/07/09","合庫-鳳山",20,0,20
"2504","2929淘帝","110/07/09","凱基-桃園",3,29,-26
"2505","2929淘帝","110/07/09","元大-員林",22,2,20
"2506","2929淘帝","110/07/09","兆豐-內湖",0,25,-25
"2507","2929淘帝","110/07/09","台新-建北",15,0,15
"2508","2929淘帝","110/07/09","元大-北港",0,20,-20
"2509","2929淘帝","110/07/09","兆豐-桃園",13,0,13
"2510","2929淘帝","110/07/09","富邦-北港",0,19,-19
"2511","2929淘帝","110/07/09","兆豐-忠孝",10,0,10
"2512","2929淘帝","110/07/09","富邦-花蓮",0,17,-17
"2513","2929淘帝","110/07/09","國票-敦北法人",10,0,10
"2514","2929淘帝","110/07/09","國泰-台中",2,17,-15
"2515","2929淘帝","110/07/09","永豐金-博愛",10,0,10
"2516","2929淘帝","110/07/09","群益金鼎-彰化",0,15,-15
"2517","2929淘帝","110/07/09","群益金鼎-潭子",8,0,8
"2518","2929淘帝","110/07/09","元大-博愛",0,14,-14
"2519","2929淘帝","110/07/09","富邦-南屯",8,0,8
"2520","2929淘帝","110/07/09","日盛-板橋",0,13,-13
"2521","5410國眾","110/07/09","元大-新盛",14,0,14
"2522","5410國眾","110/07/09","(牛牛牛)亞-鑫豐",1,41,-40
"2523","5410國眾","110/07/09","台灣企銀-民雄",10,0,10
"2524","5410國眾","110/07/09","元富-嘉義",0,25,-25
"2525","5410國眾","110/07/09","元富-虎尾",9,0,9
"2526","5410國眾","110/07/09","凱基-高美館",0,10,-10
"2527","5410國眾","110/07/09","摩根大通",10,1,9
"2528","5410國眾","110/07/09","凱基-城中",0,10,-10
"2529","5410國眾","110/07/09","兆豐-北高雄",7,0,7
"2530","5410國眾","110/07/09","元大-頭份",0,10,-10
"2531","5410國眾","110/07/09","凱基-台北",8,1,7
"2532","5410國眾","110/07/09","群益金鼎-丹鳳",0,7,-7
"2533","5410國眾","110/07/09","華南永昌-公誠",7,0,7
"2534","5410國眾","110/07/09","凱基-復興",0,7,-7
"2535","5410國眾","110/07/09","香港上海匯豐",6,0,6
"2536","5410國眾","110/07/09","元大-員林",0,7,-7
"2537","5410國眾","110/07/09","凱基-中壢",6,0,6
"2538","5410國眾","110/07/09","富邦-竹東",0,6,-6
"2539","5410國眾","110/07/09","華南永昌-南京",6,0,6
"2540","5410國眾","110/07/09","亞東-高雄",0,5,-5
"2541","5410國眾","110/07/09","統一-三重",5,0,5
"2542","5410國眾","110/07/09","大慶-中壢",1,6,-5
"2543","5410國眾","110/07/09","富邦-宜蘭",5,0,5
"2544","5410國眾","110/07/09","群益金鼎-中港",0,5,-5
"2545","5410國眾","110/07/09","元大-崇德",5,0,5
"2546","5410國眾","110/07/09","元大-八德",0,5,-5
"2547","5410國眾","110/07/09","元大-博愛",5,0,5
"2548","5410國眾","110/07/09","富邦-基隆",0,4,-4
"2549","5410國眾","110/07/09","元大-龍潭",5,0,5
"2550","5410國眾","110/07/09","臺銀-新竹",0,3,-3
"2551","2841台開","110/07/09","日盛-雙和",102,0,102
"2552","2841台開","110/07/09","港商野村",0,129,-129
"2553","2841台開","110/07/09","元大-館前",70,0,70
"2554","2841台開","110/07/09","兆豐-永和",0,100,-100
"2555","2841台開","110/07/09","凱基-文心",50,0,50
"2556","2841台開","110/07/09","台新證券",7,28,-21
"2557","2841台開","110/07/09","富邦-嘉義",40,0,40
"2558","2841台開","110/07/09","國票-北高雄",0,20,-20
"2559","2841台開","110/07/09","美商高盛",15,0,15
"2560","2841台開","110/07/09","永豐金-敦南",29,46,-17
"2561","2841台開","110/07/09","台中銀",15,0,15
"2562","2841台開","110/07/09","合庫-基隆",0,12,-12
"2563","2841台開","110/07/09","新光",11,0,11
"2564","2841台開","110/07/09","中國信託-松江",0,12,-12
"2565","2841台開","110/07/09","華南永昌-長虹",10,0,10
"2566","2841台開","110/07/09","兆豐-城中",0,12,-12
"2567","2841台開","110/07/09","永豐金-南投",10,0,10
"2568","2841台開","110/07/09","台中銀-豐原",0,10,-10
"2569","2841台開","110/07/09","合庫-桃園",7,0,7
"2570","2841台開","110/07/09","兆豐-景美",0,10,-10
"2571","2841台開","110/07/09","群益金鼎-古亭",7,0,7
"2572","2841台開","110/07/09","群益金鼎-基隆",0,10,-10
"2573","2841台開","110/07/09","國泰-敦南",6,0,6
"2574","2841台開","110/07/09","元大-北三重",0,10,-10
"2575","2841台開","110/07/09","凱基-桃園",8,2,6
"2576","2841台開","110/07/09","(牛牛牛)亞-網路",0,9,-9
"2577","2841台開","110/07/09","日盛證券",5,0,5
"2578","2841台開","110/07/09","台新-高雄",1,10,-9
"2579","2841台開","110/07/09","元富-文心",5,0,5
"2580","2841台開","110/07/09","凱基-台北",0,7,-7
"2581","6207雷科","110/07/09","群益金鼎-新竹",47,0,47
"2582","6207雷科","110/07/09","新光",7,24,-17
"2583","6207雷科","110/07/09","永豐金-三重",31,0,31
"2584","6207雷科","110/07/09","日盛-和美",0,15,-15
"2585","6207雷科","110/07/09","新加坡商瑞銀",33,5,28
"2586","6207雷科","110/07/09","國泰-台南",0,15,-15
"2587","6207雷科","110/07/09","元大-高雄",26,0,26
"2588","6207雷科","110/07/09","華南永昌-古亭",0,14,-14
"2589","6207雷科","110/07/09","統一-員林",22,0,22
"2590","6207雷科","110/07/09","土銀-白河",0,11,-11
"2591","6207雷科","110/07/09","台新-高雄",22,0,22
"2592","6207雷科","110/07/09","日盛-台南",0,10,-10
"2593","6207雷科","110/07/09","摩根大通",34,17,17
"2594","6207雷科","110/07/09","元富-林園",0,10,-10
"2595","6207雷科","110/07/09","元大-博愛",17,1,16
"2596","6207雷科","110/07/09","富邦-園區",0,10,-10
"2597","6207雷科","110/07/09","日茂-埔里",12,0,12
"2598","6207雷科","110/07/09","元大-上新莊",0,10,-10
"2599","6207雷科","110/07/09","國泰-台中",17,6,11
"2600","6207雷科","110/07/09","永豐金-南京",0,10,-10
"2601","6207雷科","110/07/09","富邦-三重",10,0,10
"2602","6207雷科","110/07/09","兆豐-小港",0,6,-6
"2603","6207雷科","110/07/09","元大-沙鹿",10,0,10
"2604","6207雷科","110/07/09","富邦-羅東",1,7,-6
"2605","6207雷科","110/07/09","元大-八德",10,0,10
"2606","6207雷科","110/07/09","元大-土城永寧",0,6,-6
"2607","6207雷科","110/07/09","第一金-路竹",11,2,9
"2608","6207雷科","110/07/09","永豐金-板盛",0,6,-6
"2609","6207雷科","110/07/09","統一-南京",5,0,5
"2610","6207雷科","110/07/09","日盛-板橋",0,5,-5
"2611","3679新至陞","110/07/09","元大-大天母",10,0,10
"2612","3679新至陞","110/07/09","第一金-光復",0,11,-11
"2613","3679新至陞","110/07/09","日盛-樹林",9,0,9
"2614","3679新至陞","110/07/09","瑞士信貸",0,8,-8
"2615","3679新至陞","110/07/09","凱基-台北",11,2,9
"2616","3679新至陞","110/07/09","大慶-苗栗",0,5,-5
"2617","3679新至陞","110/07/09","華南永昌-小港",8,0,8
"2618","3679新至陞","110/07/09","元大-永春",0,5,-5
"2619","3679新至陞","110/07/09","兆豐-來福",7,0,7
"2620","3679新至陞","110/07/09","日盛-和美",0,4,-4
"2621","3679新至陞","110/07/09","香港上海匯豐",5,0,5
"2622","3679新至陞","110/07/09","元大-雙和",0,3,-3
"2623","3679新至陞","110/07/09","台中銀-員林",3,0,3
"2624","3679新至陞","110/07/09","永豐金-屏東",0,3,-3
"2625","3679新至陞","110/07/09","新光",3,0,3
"2626","3679新至陞","110/07/09","彰銀",0,2,-2
"2627","3679新至陞","110/07/09","土銀-花蓮",2,0,2
"2628","3679新至陞","110/07/09","宏遠-館前",0,2,-2
"2629","3679新至陞","110/07/09","第一金-澎湖",2,0,2
"2630","3679新至陞","110/07/09","港商野村",0,2,-2
"2631","3679新至陞","110/07/09","摩根大通",2,0,2
"2632","3679新至陞","110/07/09","大昌-新店",0,2,-2
"2633","3679新至陞","110/07/09","國泰-敦南",2,0,2
"2634","3679新至陞","110/07/09","元大-新莊",0,2,-2
"2635","3679新至陞","110/07/09","元大-淡水",4,2,2
"2636","3679新至陞","110/07/09","元大-板橋",0,2,-2
"2637","3679新至陞","110/07/09","日盛-士林",1,0,1
"2638","3679新至陞","110/07/09","台灣摩根士丹利",0,1,-1
"2639","3679新至陞","110/07/09","日盛-信義",1,0,1
"2640","3679新至陞","110/07/09","第一金-高雄",0,1,-1
"2641","2727王品","110/07/09","台灣匯立證券",90,0,90
"2642","2727王品","110/07/09","台灣摩根士丹利",0,267,-267
"2643","2727王品","110/07/09","國泰-敦南",166,84,82
"2644","2727王品","110/07/09","富邦-台北",35,299,-264
"2645","2727王品","110/07/09","富邦-仁愛",56,12,44
"2646","2727王品","110/07/09","凱基-台北",174,296,-122
"2647","2727王品","110/07/09","台新證券",109,66,43
"2648","2727王品","110/07/09","第一金",2,102,-100
"2649","2727王品","110/07/09","新光",117,87,30
"2650","2727王品","110/07/09","群益金鼎-大安",0,80,-80
"2651","2727王品","110/07/09","臺銀-臺中",35,6,29
"2652","2727王品","110/07/09","兆豐-大安",7,60,-53
"2653","2727王品","110/07/09","元大-桃園",32,3,29
"2654","2727王品","110/07/09","永豐金-南投",0,50,-50
"2655","2727王品","110/07/09","元富-宜蘭",34,6,28
"2656","2727王品","110/07/09","新加坡商瑞銀",6,46,-40
"2657","2727王品","110/07/09","玉山-台中",34,8,26
"2658","2727王品","110/07/09","合庫-彰化",11,50,-39
"2659","2727王品","110/07/09","群益金鼎-宜蘭",30,4,26
"2660","2727王品","110/07/09","永豐金-萬盛",13,52,-39
"2661","2727王品","110/07/09","富邦-台中",42,16,26
"2662","2727王品","110/07/09","瑞士信貸",0,34,-34
"2663","2727王品","110/07/09","第一金-豐原",25,1,24
"2664","2727王品","110/07/09","元大-和平",4,35,-31
"2665","2727王品","110/07/09","臺銀",30,8,22
"2666","2727王品","110/07/09","美林",14,44,-30
"2667","2727王品","110/07/09","兆豐-來福",23,1,22
"2668","2727王品","110/07/09","元大-員林",9,38,-29
"2669","2727王品","110/07/09","玉山-士林",22,2,20
"2670","2727王品","110/07/09","元富-西松",4,31,-27
"2671","1570力肯","110/07/09","凱基-台北",30,1,29
"2672","1570力肯","110/07/09","群益金鼎-彰化",0,20,-20
"2673","1570力肯","110/07/09","新光-台南",20,0,20
"2674","1570力肯","110/07/09","元大-土城學府",0,20,-20
"2675","1570力肯","110/07/09","元大-高雄",20,0,20
"2676","1570力肯","110/07/09","元大-大統",0,16,-16
"2677","1570力肯","110/07/09","國票-中正",12,0,12
"2678","1570力肯","110/07/09","元大-新營",0,11,-11
"2679","1570力肯","110/07/09","日盛-高雄",6,0,6
"2680","1570力肯","110/07/09","元大-和平",0,10,-10
"2681","1570力肯","110/07/09","元富-緯城",6,0,6
"2682","1570力肯","110/07/09","元大-草屯",0,10,-10
"2683","1570力肯","110/07/09","群益金鼎-台南",6,0,6
"2684","1570力肯","110/07/09","元大-鹿港",0,9,-9
"2685","1570力肯","110/07/09","華南永昌-岡山",6,0,6
"2686","1570力肯","110/07/09","合庫-基隆",0,7,-7
"2687","1570力肯","110/07/09","統一-中壢",5,0,5
"2688","1570力肯","110/07/09","摩根大通",2,8,-6
"2689","1570力肯","110/07/09","凱基-三峽",5,0,5
"2690","1570力肯","110/07/09","台灣企銀-豐原",0,4,-4
"2691","1570力肯","110/07/09","大昌-樹林",4,0,4
"2692","1570力肯","110/07/09","日盛-桃園",0,4,-4
"2693","1570力肯","110/07/09","新光",3,0,3
"2694","1570力肯","110/07/09","國泰-高雄",0,3,-3
"2695","1570力肯","110/07/09","富邦-新竹華信",3,0,3
"2696","1570力肯","110/07/09","永豐金-敦南",0,3,-3
"2697","1570力肯","110/07/09","合庫-台中",2,0,2
"2698","1570力肯","110/07/09","土銀-彰化",0,2,-2
"2699","1570力肯","110/07/09","臺銀-臺中",2,0,2
"2700","1570力肯","110/07/09","臺銀-鳳山",0,2,-2
"2701","6180橘子","110/07/09","摩根大通",63,1,62
"2702","6180橘子","110/07/09","元大-南京",1,32,-31
"2703","6180橘子","110/07/09","富邦-陽明",73,33,40
"2704","6180橘子","110/07/09","群益金鼎-台北",0,25,-25
"2705","6180橘子","110/07/09","新加坡商瑞銀",31,0,31
"2706","6180橘子","110/07/09","兆豐-復興",0,21,-21
"2707","6180橘子","110/07/09","美商高盛",25,0,25
"2708","6180橘子","110/07/09","永豐金-嘉義",0,21,-21
"2709","6180橘子","110/07/09","凱基-台北",26,10,16
"2710","6180橘子","110/07/09","凱基-中壢",8,24,-16
"2711","6180橘子","110/07/09","華南永昌-楠梓",13,0,13
"2712","6180橘子","110/07/09","致和-崇德",0,15,-15
"2713","6180橘子","110/07/09","華南永昌-朴子",11,0,11
"2714","6180橘子","110/07/09","群益金鼎-屏東",0,15,-15
"2715","6180橘子","110/07/09","元大-北港",11,0,11
"2716","6180橘子","110/07/09","群益金鼎-中山",0,15,-15
"2717","6180橘子","110/07/09","元大-成功",10,1,9
"2718","6180橘子","110/07/09","瑞士信貸",1,15,-14
"2719","6180橘子","110/07/09","新光",26,18,8
"2720","6180橘子","110/07/09","日盛-二林",0,10,-10
"2721","6180橘子","110/07/09","統一-三重",6,0,6
"2722","6180橘子","110/07/09","凱基-東門",0,10,-10
"2723","6180橘子","110/07/09","群益金鼎-嘉義",6,0,6
"2724","6180橘子","110/07/09","華南永昌-三重",0,10,-10
"2725","6180橘子","110/07/09","元大-員林中山",6,0,6
"2726","6180橘子","110/07/09","元大-彰化民生",1,11,-10
"2727","6180橘子","110/07/09","合庫-鳳山",5,0,5
"2728","6180橘子","110/07/09","永豐金-新店",1,11,-10
"2729","6180橘子","110/07/09","富邦-建國",6,1,5
"2730","6180橘子","110/07/09","群益金鼎-丹鳳",0,8,-8
"2731","2390云辰","110/07/09","摩根大通",279,56,223
"2732","2390云辰","110/07/09","元大-天母",0,127,-127
"2733","2390云辰","110/07/09","日盛-鳳山",110,2,108
"2734","2390云辰","110/07/09","中國信託-文心",5,109,-104
"2735","2390云辰","110/07/09","宏遠證券",100,0,100
"2736","2390云辰","110/07/09","永豐金-復興",0,55,-55
"2737","2390云辰","110/07/09","元大-大里",63,6,57
"2738","2390云辰","110/07/09","凱基-台北",239,286,-47
"2739","2390云辰","110/07/09","凱基-八德",59,10,49
"2740","2390云辰","110/07/09","德信",2,32,-30
"2741","2390云辰","110/07/09","合庫-新竹",40,0,40
"2742","2390云辰","110/07/09","兆豐-桃鶯",2,32,-30
"2743","2390云辰","110/07/09","國票",40,1,39
"2744","2390云辰","110/07/09","致和-南京",0,30,-30
"2745","2390云辰","110/07/09","新加坡商瑞銀",49,13,36
"2746","2390云辰","110/07/09","富邦-虎尾",1,31,-30
"2747","2390云辰","110/07/09","統一-新台中",36,2,34
"2748","2390云辰","110/07/09","元大-善化",2,31,-29
"2749","2390云辰","110/07/09","國票-嘉義",31,0,31
"2750","2390云辰","110/07/09","富邦-板橋",0,27,-27
"2751","2390云辰","110/07/09","華南永昌",35,7,28
"2752","2390云辰","110/07/09","富邦-永和",3,28,-25
"2753","2390云辰","110/07/09","玉山-台中",49,22,27
"2754","2390云辰","110/07/09","第一金-自由",20,44,-24
"2755","2390云辰","110/07/09","華南永昌-敦南",25,0,25
"2756","2390云辰","110/07/09","凱基-內湖",0,24,-24
"2757","2390云辰","110/07/09","新光-高雄",27,4,23
"2758","2390云辰","110/07/09","元大-汐止",1,24,-23
"2759","2390云辰","110/07/09","台灣摩根士丹利",85,63,22
"2760","2390云辰","110/07/09","新光-台中",12,33,-21
"2761","4903聯光通","110/07/09","元大-敦南",10,0,10
"2762","4903聯光通","110/07/09","第一金-台中",0,12,-12
"2763","4903聯光通","110/07/09","凱基-士林",5,0,5
"2764","4903聯光通","110/07/09","日盛-忠孝",0,3,-3
"2765","4903聯光通","110/07/09","元大-苗栗",5,0,5
"2766","4903聯光通","110/07/09","群益金鼎-崇德",0,3,-3
"2767","4903聯光通","110/07/09","元大-屏南",3,0,3
"2768","4903聯光通","110/07/09","國票-內壢",0,2,-2
"2769","4903聯光通","110/07/09","中國信託-永康",1,0,1
"2770","4903聯光通","110/07/09","康和-南崁",0,2,-2
"2771","4903聯光通","110/07/09","玉山證券",1,0,1
"2772","4903聯光通","110/07/09","新光-台中",0,2,-2
"2773","4903聯光通","110/07/09","元大-太平",4,3,1
"2774","4903聯光通","110/07/09","玉山-城中",0,2,-2
"2775","4903聯光通","110/07/09","永豐金-嘉義",1,0,1
"2776","4903聯光通","110/07/09","中國信託-文心",0,1,-1
"2777","4903聯光通","110/07/09","大昌",0,0,0
"2778","4903聯光通","110/07/09","大昌",0,0,0
"2779","4903聯光通","110/07/09","中農",0,0,0
"2780","4903聯光通","110/07/09","中農",0,0,0
"2781","4903聯光通","110/07/09","",NA,NA,NA
"2782","4903聯光通","110/07/09","",NA,NA,NA
"2783","4903聯光通","110/07/09","",NA,NA,NA
"2784","4903聯光通","110/07/09","",NA,NA,NA
"2785","4903聯光通","110/07/09","",NA,NA,NA
"2786","4903聯光通","110/07/09","",NA,NA,NA
"2787","4903聯光通","110/07/09","",NA,NA,NA
"2788","4903聯光通","110/07/09","",NA,NA,NA
"2789","4903聯光通","110/07/09","",NA,NA,NA
"2790","4903聯光通","110/07/09","",NA,NA,NA
"2791","2929淘帝","110/07/09","台中銀-台北",110,0,110
"2792","2929淘帝","110/07/09","新光",2,82,-80
"2793","2929淘帝","110/07/09","華南永昌-頭份",72,0,72
"2794","2929淘帝","110/07/09","摩根大通",2,63,-61
"2795","2929淘帝","110/07/09","合庫-高雄",71,0,71
"2796","2929淘帝","110/07/09","第一金-路竹",0,50,-50
"2797","2929淘帝","110/07/09","高橋-龍潭",37,0,37
"2798","2929淘帝","110/07/09","港商麥格理",0,42,-42
"2799","2929淘帝","110/07/09","新光-台中",60,26,34
"2800","2929淘帝","110/07/09","陽信-石牌",0,40,-40
"2801","2929淘帝","110/07/09","元富-大裕",22,1,21
"2802","2929淘帝","110/07/09","台新-左楠",1,39,-38
"2803","2929淘帝","110/07/09","合庫-鳳山",20,0,20
"2804","2929淘帝","110/07/09","凱基-桃園",3,29,-26
"2805","2929淘帝","110/07/09","元大-員林",22,2,20
"2806","2929淘帝","110/07/09","兆豐-內湖",0,25,-25
"2807","2929淘帝","110/07/09","台新-建北",15,0,15
"2808","2929淘帝","110/07/09","元大-北港",0,20,-20
"2809","2929淘帝","110/07/09","兆豐-桃園",13,0,13
"2810","2929淘帝","110/07/09","富邦-北港",0,19,-19
"2811","2929淘帝","110/07/09","兆豐-忠孝",10,0,10
"2812","2929淘帝","110/07/09","富邦-花蓮",0,17,-17
"2813","2929淘帝","110/07/09","國票-敦北法人",10,0,10
"2814","2929淘帝","110/07/09","國泰-台中",2,17,-15
"2815","2929淘帝","110/07/09","永豐金-博愛",10,0,10
"2816","2929淘帝","110/07/09","群益金鼎-彰化",0,15,-15
"2817","2929淘帝","110/07/09","群益金鼎-潭子",8,0,8
"2818","2929淘帝","110/07/09","元大-博愛",0,14,-14
"2819","2929淘帝","110/07/09","富邦-南屯",8,0,8
"2820","2929淘帝","110/07/09","日盛-板橋",0,13,-13
"2821","5410國眾","110/07/09","元大-新盛",14,0,14
"2822","5410國眾","110/07/09","(牛牛牛)亞-鑫豐",1,41,-40
"2823","5410國眾","110/07/09","台灣企銀-民雄",10,0,10
"2824","5410國眾","110/07/09","元富-嘉義",0,25,-25
"2825","5410國眾","110/07/09","元富-虎尾",9,0,9
"2826","5410國眾","110/07/09","凱基-高美館",0,10,-10
"2827","5410國眾","110/07/09","摩根大通",10,1,9
"2828","5410國眾","110/07/09","凱基-城中",0,10,-10
"2829","5410國眾","110/07/09","兆豐-北高雄",7,0,7
"2830","5410國眾","110/07/09","元大-頭份",0,10,-10
"2831","5410國眾","110/07/09","凱基-台北",8,1,7
"2832","5410國眾","110/07/09","群益金鼎-丹鳳",0,7,-7
"2833","5410國眾","110/07/09","華南永昌-公誠",7,0,7
"2834","5410國眾","110/07/09","凱基-復興",0,7,-7
"2835","5410國眾","110/07/09","香港上海匯豐",6,0,6
"2836","5410國眾","110/07/09","元大-員林",0,7,-7
"2837","5410國眾","110/07/09","凱基-中壢",6,0,6
"2838","5410國眾","110/07/09","富邦-竹東",0,6,-6
"2839","5410國眾","110/07/09","華南永昌-南京",6,0,6
"2840","5410國眾","110/07/09","亞東-高雄",0,5,-5
"2841","5410國眾","110/07/09","統一-三重",5,0,5
"2842","5410國眾","110/07/09","大慶-中壢",1,6,-5
"2843","5410國眾","110/07/09","富邦-宜蘭",5,0,5
"2844","5410國眾","110/07/09","群益金鼎-中港",0,5,-5
"2845","5410國眾","110/07/09","元大-崇德",5,0,5
"2846","5410國眾","110/07/09","元大-八德",0,5,-5
"2847","5410國眾","110/07/09","元大-博愛",5,0,5
"2848","5410國眾","110/07/09","富邦-基隆",0,4,-4
"2849","5410國眾","110/07/09","元大-龍潭",5,0,5
"2850","5410國眾","110/07/09","臺銀-新竹",0,3,-3
"2851","2841台開","110/07/09","日盛-雙和",102,0,102
"2852","2841台開","110/07/09","港商野村",0,129,-129
"2853","2841台開","110/07/09","元大-館前",70,0,70
"2854","2841台開","110/07/09","兆豐-永和",0,100,-100
"2855","2841台開","110/07/09","凱基-文心",50,0,50
"2856","2841台開","110/07/09","台新證券",7,28,-21
"2857","2841台開","110/07/09","富邦-嘉義",40,0,40
"2858","2841台開","110/07/09","國票-北高雄",0,20,-20
"2859","2841台開","110/07/09","美商高盛",15,0,15
"2860","2841台開","110/07/09","永豐金-敦南",29,46,-17
"2861","2841台開","110/07/09","台中銀",15,0,15
"2862","2841台開","110/07/09","合庫-基隆",0,12,-12
"2863","2841台開","110/07/09","新光",11,0,11
"2864","2841台開","110/07/09","中國信託-松江",0,12,-12
"2865","2841台開","110/07/09","華南永昌-長虹",10,0,10
"2866","2841台開","110/07/09","兆豐-城中",0,12,-12
"2867","2841台開","110/07/09","永豐金-南投",10,0,10
"2868","2841台開","110/07/09","台中銀-豐原",0,10,-10
"2869","2841台開","110/07/09","合庫-桃園",7,0,7
"2870","2841台開","110/07/09","兆豐-景美",0,10,-10
"2871","2841台開","110/07/09","群益金鼎-古亭",7,0,7
"2872","2841台開","110/07/09","群益金鼎-基隆",0,10,-10
"2873","2841台開","110/07/09","國泰-敦南",6,0,6
"2874","2841台開","110/07/09","元大-北三重",0,10,-10
"2875","2841台開","110/07/09","凱基-桃園",8,2,6
"2876","2841台開","110/07/09","(牛牛牛)亞-網路",0,9,-9
"2877","2841台開","110/07/09","日盛證券",5,0,5
"2878","2841台開","110/07/09","台新-高雄",1,10,-9
"2879","2841台開","110/07/09","元富-文心",5,0,5
"2880","2841台開","110/07/09","凱基-台北",0,7,-7
"2881","6207雷科","110/07/09","群益金鼎-新竹",47,0,47
"2882","6207雷科","110/07/09","新光",7,24,-17
"2883","6207雷科","110/07/09","永豐金-三重",31,0,31
"2884","6207雷科","110/07/09","日盛-和美",0,15,-15
"2885","6207雷科","110/07/09","新加坡商瑞銀",33,5,28
"2886","6207雷科","110/07/09","國泰-台南",0,15,-15
"2887","6207雷科","110/07/09","元大-高雄",26,0,26
"2888","6207雷科","110/07/09","華南永昌-古亭",0,14,-14
"2889","6207雷科","110/07/09","統一-員林",22,0,22
"2890","6207雷科","110/07/09","土銀-白河",0,11,-11
"2891","6207雷科","110/07/09","台新-高雄",22,0,22
"2892","6207雷科","110/07/09","日盛-台南",0,10,-10
"2893","6207雷科","110/07/09","摩根大通",34,17,17
"2894","6207雷科","110/07/09","元富-林園",0,10,-10
"2895","6207雷科","110/07/09","元大-博愛",17,1,16
"2896","6207雷科","110/07/09","富邦-園區",0,10,-10
"2897","6207雷科","110/07/09","日茂-埔里",12,0,12
"2898","6207雷科","110/07/09","元大-上新莊",0,10,-10
"2899","6207雷科","110/07/09","國泰-台中",17,6,11
"2900","6207雷科","110/07/09","永豐金-南京",0,10,-10
"2901","6207雷科","110/07/09","富邦-三重",10,0,10
"2902","6207雷科","110/07/09","兆豐-小港",0,6,-6
"2903","6207雷科","110/07/09","元大-沙鹿",10,0,10
"2904","6207雷科","110/07/09","富邦-羅東",1,7,-6
"2905","6207雷科","110/07/09","元大-八德",10,0,10
"2906","6207雷科","110/07/09","元大-土城永寧",0,6,-6
"2907","6207雷科","110/07/09","第一金-路竹",11,2,9
"2908","6207雷科","110/07/09","永豐金-板盛",0,6,-6
"2909","6207雷科","110/07/09","統一-南京",5,0,5
"2910","6207雷科","110/07/09","日盛-板橋",0,5,-5
"2911","3679新至陞","110/07/09","元大-大天母",10,0,10
"2912","3679新至陞","110/07/09","第一金-光復",0,11,-11
"2913","3679新至陞","110/07/09","日盛-樹林",9,0,9
"2914","3679新至陞","110/07/09","瑞士信貸",0,8,-8
"2915","3679新至陞","110/07/09","凱基-台北",11,2,9
"2916","3679新至陞","110/07/09","大慶-苗栗",0,5,-5
"2917","3679新至陞","110/07/09","華南永昌-小港",8,0,8
"2918","3679新至陞","110/07/09","元大-永春",0,5,-5
"2919","3679新至陞","110/07/09","兆豐-來福",7,0,7
"2920","3679新至陞","110/07/09","日盛-和美",0,4,-4
"2921","3679新至陞","110/07/09","香港上海匯豐",5,0,5
"2922","3679新至陞","110/07/09","元大-雙和",0,3,-3
"2923","3679新至陞","110/07/09","台中銀-員林",3,0,3
"2924","3679新至陞","110/07/09","永豐金-屏東",0,3,-3
"2925","3679新至陞","110/07/09","新光",3,0,3
"2926","3679新至陞","110/07/09","彰銀",0,2,-2
"2927","3679新至陞","110/07/09","土銀-花蓮",2,0,2
"2928","3679新至陞","110/07/09","宏遠-館前",0,2,-2
"2929","3679新至陞","110/07/09","第一金-澎湖",2,0,2
"2930","3679新至陞","110/07/09","港商野村",0,2,-2
"2931","3679新至陞","110/07/09","摩根大通",2,0,2
"2932","3679新至陞","110/07/09","大昌-新店",0,2,-2
"2933","3679新至陞","110/07/09","國泰-敦南",2,0,2
"2934","3679新至陞","110/07/09","元大-新莊",0,2,-2
"2935","3679新至陞","110/07/09","元大-淡水",4,2,2
"2936","3679新至陞","110/07/09","元大-板橋",0,2,-2
"2937","3679新至陞","110/07/09","日盛-士林",1,0,1
"2938","3679新至陞","110/07/09","台灣摩根士丹利",0,1,-1
"2939","3679新至陞","110/07/09","日盛-信義",1,0,1
"2940","3679新至陞","110/07/09","第一金-高雄",0,1,-1
"2941","2727王品","110/07/09","台灣匯立證券",90,0,90
"2942","2727王品","110/07/09","台灣摩根士丹利",0,267,-267
"2943","2727王品","110/07/09","國泰-敦南",166,84,82
"2944","2727王品","110/07/09","富邦-台北",35,299,-264
"2945","2727王品","110/07/09","富邦-仁愛",56,12,44
"2946","2727王品","110/07/09","凱基-台北",174,296,-122
"2947","2727王品","110/07/09","台新證券",109,66,43
"2948","2727王品","110/07/09","第一金",2,102,-100
"2949","2727王品","110/07/09","新光",117,87,30
"2950","2727王品","110/07/09","群益金鼎-大安",0,80,-80
"2951","2727王品","110/07/09","臺銀-臺中",35,6,29
"2952","2727王品","110/07/09","兆豐-大安",7,60,-53
"2953","2727王品","110/07/09","元大-桃園",32,3,29
"2954","2727王品","110/07/09","永豐金-南投",0,50,-50
"2955","2727王品","110/07/09","元富-宜蘭",34,6,28
"2956","2727王品","110/07/09","新加坡商瑞銀",6,46,-40
"2957","2727王品","110/07/09","玉山-台中",34,8,26
"2958","2727王品","110/07/09","合庫-彰化",11,50,-39
"2959","2727王品","110/07/09","群益金鼎-宜蘭",30,4,26
"2960","2727王品","110/07/09","永豐金-萬盛",13,52,-39
"2961","2727王品","110/07/09","富邦-台中",42,16,26
"2962","2727王品","110/07/09","瑞士信貸",0,34,-34
"2963","2727王品","110/07/09","第一金-豐原",25,1,24
"2964","2727王品","110/07/09","元大-和平",4,35,-31
"2965","2727王品","110/07/09","臺銀",30,8,22
"2966","2727王品","110/07/09","美林",14,44,-30
"2967","2727王品","110/07/09","兆豐-來福",23,1,22
"2968","2727王品","110/07/09","元大-員林",9,38,-29
"2969","2727王品","110/07/09","玉山-士林",22,2,20
"2970","2727王品","110/07/09","元富-西松",4,31,-27
"2971","1570力肯","110/07/09","凱基-台北",30,1,29
"2972","1570力肯","110/07/09","群益金鼎-彰化",0,20,-20
"2973","1570力肯","110/07/09","新光-台南",20,0,20
"2974","1570力肯","110/07/09","元大-土城學府",0,20,-20
"2975","1570力肯","110/07/09","元大-高雄",20,0,20
"2976","1570力肯","110/07/09","元大-大統",0,16,-16
"2977","1570力肯","110/07/09","國票-中正",12,0,12
"2978","1570力肯","110/07/09","元大-新營",0,11,-11
"2979","1570力肯","110/07/09","日盛-高雄",6,0,6
"2980","1570力肯","110/07/09","元大-和平",0,10,-10
"2981","1570力肯","110/07/09","元富-緯城",6,0,6
"2982","1570力肯","110/07/09","元大-草屯",0,10,-10
"2983","1570力肯","110/07/09","群益金鼎-台南",6,0,6
"2984","1570力肯","110/07/09","元大-鹿港",0,9,-9
"2985","1570力肯","110/07/09","華南永昌-岡山",6,0,6
"2986","1570力肯","110/07/09","合庫-基隆",0,7,-7
"2987","1570力肯","110/07/09","統一-中壢",5,0,5
"2988","1570力肯","110/07/09","摩根大通",2,8,-6
"2989","1570力肯","110/07/09","凱基-三峽",5,0,5
"2990","1570力肯","110/07/09","台灣企銀-豐原",0,4,-4
"2991","1570力肯","110/07/09","大昌-樹林",4,0,4
"2992","1570力肯","110/07/09","日盛-桃園",0,4,-4
"2993","1570力肯","110/07/09","新光",3,0,3
"2994","1570力肯","110/07/09","國泰-高雄",0,3,-3
"2995","1570力肯","110/07/09","富邦-新竹華信",3,0,3
"2996","1570力肯","110/07/09","永豐金-敦南",0,3,-3
"2997","1570力肯","110/07/09","合庫-台中",2,0,2
"2998","1570力肯","110/07/09","土銀-彰化",0,2,-2
"2999","1570力肯","110/07/09","臺銀-臺中",2,0,2
"3000","1570力肯","110/07/09","臺銀-鳳山",0,2,-2
"3001","6180橘子","110/07/09","摩根大通",63,1,62
"3002","6180橘子","110/07/09","元大-南京",1,32,-31
"3003","6180橘子","110/07/09","富邦-陽明",73,33,40
"3004","6180橘子","110/07/09","群益金鼎-台北",0,25,-25
"3005","6180橘子","110/07/09","新加坡商瑞銀",31,0,31
"3006","6180橘子","110/07/09","兆豐-復興",0,21,-21
"3007","6180橘子","110/07/09","美商高盛",25,0,25
"3008","6180橘子","110/07/09","永豐金-嘉義",0,21,-21
"3009","6180橘子","110/07/09","凱基-台北",26,10,16
"3010","6180橘子","110/07/09","凱基-中壢",8,24,-16
"3011","6180橘子","110/07/09","華南永昌-楠梓",13,0,13
"3012","6180橘子","110/07/09","致和-崇德",0,15,-15
"3013","6180橘子","110/07/09","華南永昌-朴子",11,0,11
"3014","6180橘子","110/07/09","群益金鼎-屏東",0,15,-15
"3015","6180橘子","110/07/09","元大-北港",11,0,11
"3016","6180橘子","110/07/09","群益金鼎-中山",0,15,-15
"3017","6180橘子","110/07/09","元大-成功",10,1,9
"3018","6180橘子","110/07/09","瑞士信貸",1,15,-14
"3019","6180橘子","110/07/09","新光",26,18,8
"3020","6180橘子","110/07/09","日盛-二林",0,10,-10
"3021","6180橘子","110/07/09","統一-三重",6,0,6
"3022","6180橘子","110/07/09","凱基-東門",0,10,-10
"3023","6180橘子","110/07/09","群益金鼎-嘉義",6,0,6
"3024","6180橘子","110/07/09","華南永昌-三重",0,10,-10
"3025","6180橘子","110/07/09","元大-員林中山",6,0,6
"3026","6180橘子","110/07/09","元大-彰化民生",1,11,-10
"3027","6180橘子","110/07/09","合庫-鳳山",5,0,5
"3028","6180橘子","110/07/09","永豐金-新店",1,11,-10
"3029","6180橘子","110/07/09","富邦-建國",6,1,5
"3030","6180橘子","110/07/09","群益金鼎-丹鳳",0,8,-8
"3031","2390云辰","110/07/09","摩根大通",279,56,223
"3032","2390云辰","110/07/09","元大-天母",0,127,-127
"3033","2390云辰","110/07/09","日盛-鳳山",110,2,108
"3034","2390云辰","110/07/09","中國信託-文心",5,109,-104
"3035","2390云辰","110/07/09","宏遠證券",100,0,100
"3036","2390云辰","110/07/09","永豐金-復興",0,55,-55
"3037","2390云辰","110/07/09","元大-大里",63,6,57
"3038","2390云辰","110/07/09","凱基-台北",239,286,-47
"3039","2390云辰","110/07/09","凱基-八德",59,10,49
"3040","2390云辰","110/07/09","德信",2,32,-30
"3041","2390云辰","110/07/09","合庫-新竹",40,0,40
"3042","2390云辰","110/07/09","兆豐-桃鶯",2,32,-30
"3043","2390云辰","110/07/09","國票",40,1,39
"3044","2390云辰","110/07/09","致和-南京",0,30,-30
"3045","2390云辰","110/07/09","新加坡商瑞銀",49,13,36
"3046","2390云辰","110/07/09","富邦-虎尾",1,31,-30
"3047","2390云辰","110/07/09","統一-新台中",36,2,34
"3048","2390云辰","110/07/09","元大-善化",2,31,-29
"3049","2390云辰","110/07/09","國票-嘉義",31,0,31
"3050","2390云辰","110/07/09","富邦-板橋",0,27,-27
"3051","2390云辰","110/07/09","華南永昌",35,7,28
"3052","2390云辰","110/07/09","富邦-永和",3,28,-25
"3053","2390云辰","110/07/09","玉山-台中",49,22,27
"3054","2390云辰","110/07/09","第一金-自由",20,44,-24
"3055","2390云辰","110/07/09","華南永昌-敦南",25,0,25
"3056","2390云辰","110/07/09","凱基-內湖",0,24,-24
"3057","2390云辰","110/07/09","新光-高雄",27,4,23
"3058","2390云辰","110/07/09","元大-汐止",1,24,-23
"3059","2390云辰","110/07/09","台灣摩根士丹利",85,63,22
"3060","2390云辰","110/07/09","新光-台中",12,33,-21
"3061","4903聯光通","110/07/09","元大-敦南",10,0,10
"3062","4903聯光通","110/07/09","第一金-台中",0,12,-12
"3063","4903聯光通","110/07/09","凱基-士林",5,0,5
"3064","4903聯光通","110/07/09","日盛-忠孝",0,3,-3
"3065","4903聯光通","110/07/09","元大-苗栗",5,0,5
"3066","4903聯光通","110/07/09","群益金鼎-崇德",0,3,-3
"3067","4903聯光通","110/07/09","元大-屏南",3,0,3
"3068","4903聯光通","110/07/09","國票-內壢",0,2,-2
"3069","4903聯光通","110/07/09","中國信託-永康",1,0,1
"3070","4903聯光通","110/07/09","康和-南崁",0,2,-2
"3071","4903聯光通","110/07/09","玉山證券",1,0,1
"3072","4903聯光通","110/07/09","新光-台中",0,2,-2
"3073","4903聯光通","110/07/09","元大-太平",4,3,1
"3074","4903聯光通","110/07/09","玉山-城中",0,2,-2
"3075","4903聯光通","110/07/09","永豐金-嘉義",1,0,1
"3076","4903聯光通","110/07/09","中國信託-文心",0,1,-1
"3077","4903聯光通","110/07/09","大昌",0,0,0
"3078","4903聯光通","110/07/09","大昌",0,0,0
"3079","4903聯光通","110/07/09","中農",0,0,0
"3080","4903聯光通","110/07/09","中農",0,0,0
"3081","2929淘帝","110/07/09","台中銀-台北",110,0,110
"3082","2929淘帝","110/07/09","新光",2,82,-80
"3083","2929淘帝","110/07/09","華南永昌-頭份",72,0,72
"3084","2929淘帝","110/07/09","摩根大通",2,63,-61
"3085","2929淘帝","110/07/09","合庫-高雄",71,0,71
"3086","2929淘帝","110/07/09","第一金-路竹",0,50,-50
"3087","2929淘帝","110/07/09","高橋-龍潭",37,0,37
"3088","2929淘帝","110/07/09","港商麥格理",0,42,-42
"3089","2929淘帝","110/07/09","新光-台中",60,26,34
"3090","2929淘帝","110/07/09","陽信-石牌",0,40,-40
"3091","2929淘帝","110/07/09","元富-大裕",22,1,21
"3092","2929淘帝","110/07/09","台新-左楠",1,39,-38
"3093","2929淘帝","110/07/09","合庫-鳳山",20,0,20
"3094","2929淘帝","110/07/09","凱基-桃園",3,29,-26
"3095","2929淘帝","110/07/09","元大-員林",22,2,20
"3096","2929淘帝","110/07/09","兆豐-內湖",0,25,-25
"3097","2929淘帝","110/07/09","台新-建北",15,0,15
"3098","2929淘帝","110/07/09","元大-北港",0,20,-20
"3099","2929淘帝","110/07/09","兆豐-桃園",13,0,13
"3100","2929淘帝","110/07/09","富邦-北港",0,19,-19
"3101","2929淘帝","110/07/09","兆豐-忠孝",10,0,10
"3102","2929淘帝","110/07/09","富邦-花蓮",0,17,-17
"3103","2929淘帝","110/07/09","國票-敦北法人",10,0,10
"3104","2929淘帝","110/07/09","國泰-台中",2,17,-15
"3105","2929淘帝","110/07/09","永豐金-博愛",10,0,10
"3106","2929淘帝","110/07/09","群益金鼎-彰化",0,15,-15
"3107","2929淘帝","110/07/09","群益金鼎-潭子",8,0,8
"3108","2929淘帝","110/07/09","元大-博愛",0,14,-14
"3109","2929淘帝","110/07/09","富邦-南屯",8,0,8
"3110","2929淘帝","110/07/09","日盛-板橋",0,13,-13
"3111","5410國眾","110/07/09","元大-新盛",14,0,14
"3112","5410國眾","110/07/09","(牛牛牛)亞-鑫豐",1,41,-40
"3113","5410國眾","110/07/09","台灣企銀-民雄",10,0,10
"3114","5410國眾","110/07/09","元富-嘉義",0,25,-25
"3115","5410國眾","110/07/09","元富-虎尾",9,0,9
"3116","5410國眾","110/07/09","凱基-高美館",0,10,-10
"3117","5410國眾","110/07/09","摩根大通",10,1,9
"3118","5410國眾","110/07/09","凱基-城中",0,10,-10
"3119","5410國眾","110/07/09","兆豐-北高雄",7,0,7
"3120","5410國眾","110/07/09","元大-頭份",0,10,-10
"3121","5410國眾","110/07/09","凱基-台北",8,1,7
"3122","5410國眾","110/07/09","群益金鼎-丹鳳",0,7,-7
"3123","5410國眾","110/07/09","華南永昌-公誠",7,0,7
"3124","5410國眾","110/07/09","凱基-復興",0,7,-7
"3125","5410國眾","110/07/09","香港上海匯豐",6,0,6
"3126","5410國眾","110/07/09","元大-員林",0,7,-7
"3127","5410國眾","110/07/09","凱基-中壢",6,0,6
"3128","5410國眾","110/07/09","富邦-竹東",0,6,-6
"3129","5410國眾","110/07/09","華南永昌-南京",6,0,6
"3130","5410國眾","110/07/09","亞東-高雄",0,5,-5
"3131","5410國眾","110/07/09","統一-三重",5,0,5
"3132","5410國眾","110/07/09","大慶-中壢",1,6,-5
"3133","5410國眾","110/07/09","富邦-宜蘭",5,0,5
"3134","5410國眾","110/07/09","群益金鼎-中港",0,5,-5
"3135","5410國眾","110/07/09","元大-崇德",5,0,5
"3136","5410國眾","110/07/09","元大-八德",0,5,-5
"3137","5410國眾","110/07/09","元大-博愛",5,0,5
"3138","5410國眾","110/07/09","富邦-基隆",0,4,-4
"3139","5410國眾","110/07/09","元大-龍潭",5,0,5
"3140","5410國眾","110/07/09","臺銀-新竹",0,3,-3
"3141","2841台開","110/07/09","日盛-雙和",102,0,102
"3142","2841台開","110/07/09","港商野村",0,129,-129
"3143","2841台開","110/07/09","元大-館前",70,0,70
"3144","2841台開","110/07/09","兆豐-永和",0,100,-100
"3145","2841台開","110/07/09","凱基-文心",50,0,50
"3146","2841台開","110/07/09","台新證券",7,28,-21
"3147","2841台開","110/07/09","富邦-嘉義",40,0,40
"3148","2841台開","110/07/09","國票-北高雄",0,20,-20
"3149","2841台開","110/07/09","美商高盛",15,0,15
"3150","2841台開","110/07/09","永豐金-敦南",29,46,-17
"3151","2841台開","110/07/09","台中銀",15,0,15
"3152","2841台開","110/07/09","合庫-基隆",0,12,-12
"3153","2841台開","110/07/09","新光",11,0,11
"3154","2841台開","110/07/09","中國信託-松江",0,12,-12
"3155","2841台開","110/07/09","華南永昌-長虹",10,0,10
"3156","2841台開","110/07/09","兆豐-城中",0,12,-12
"3157","2841台開","110/07/09","永豐金-南投",10,0,10
"3158","2841台開","110/07/09","台中銀-豐原",0,10,-10
"3159","2841台開","110/07/09","合庫-桃園",7,0,7
"3160","2841台開","110/07/09","兆豐-景美",0,10,-10
"3161","2841台開","110/07/09","群益金鼎-古亭",7,0,7
"3162","2841台開","110/07/09","群益金鼎-基隆",0,10,-10
"3163","2841台開","110/07/09","國泰-敦南",6,0,6
"3164","2841台開","110/07/09","元大-北三重",0,10,-10
"3165","2841台開","110/07/09","凱基-桃園",8,2,6
"3166","2841台開","110/07/09","(牛牛牛)亞-網路",0,9,-9
"3167","2841台開","110/07/09","日盛證券",5,0,5
"3168","2841台開","110/07/09","台新-高雄",1,10,-9
"3169","2841台開","110/07/09","元富-文心",5,0,5
"3170","2841台開","110/07/09","凱基-台北",0,7,-7
"3171","6207雷科","110/07/09","群益金鼎-新竹",47,0,47
"3172","6207雷科","110/07/09","新光",7,24,-17
"3173","6207雷科","110/07/09","永豐金-三重",31,0,31
"3174","6207雷科","110/07/09","日盛-和美",0,15,-15
"3175","6207雷科","110/07/09","新加坡商瑞銀",33,5,28
"3176","6207雷科","110/07/09","國泰-台南",0,15,-15
"3177","6207雷科","110/07/09","元大-高雄",26,0,26
"3178","6207雷科","110/07/09","華南永昌-古亭",0,14,-14
"3179","6207雷科","110/07/09","統一-員林",22,0,22
"3180","6207雷科","110/07/09","土銀-白河",0,11,-11
"3181","6207雷科","110/07/09","台新-高雄",22,0,22
"3182","6207雷科","110/07/09","日盛-台南",0,10,-10
"3183","6207雷科","110/07/09","摩根大通",34,17,17
"3184","6207雷科","110/07/09","元富-林園",0,10,-10
"3185","6207雷科","110/07/09","元大-博愛",17,1,16
"3186","6207雷科","110/07/09","富邦-園區",0,10,-10
"3187","6207雷科","110/07/09","日茂-埔里",12,0,12
"3188","6207雷科","110/07/09","元大-上新莊",0,10,-10
"3189","6207雷科","110/07/09","國泰-台中",17,6,11
"3190","6207雷科","110/07/09","永豐金-南京",0,10,-10
"3191","6207雷科","110/07/09","富邦-三重",10,0,10
"3192","6207雷科","110/07/09","兆豐-小港",0,6,-6
"3193","6207雷科","110/07/09","元大-沙鹿",10,0,10
"3194","6207雷科","110/07/09","富邦-羅東",1,7,-6
"3195","6207雷科","110/07/09","元大-八德",10,0,10
"3196","6207雷科","110/07/09","元大-土城永寧",0,6,-6
"3197","6207雷科","110/07/09","第一金-路竹",11,2,9
"3198","6207雷科","110/07/09","永豐金-板盛",0,6,-6
"3199","6207雷科","110/07/09","統一-南京",5,0,5
"3200","6207雷科","110/07/09","日盛-板橋",0,5,-5
"3201","3679新至陞","110/07/09","元大-大天母",10,0,10
"3202","3679新至陞","110/07/09","第一金-光復",0,11,-11
"3203","3679新至陞","110/07/09","日盛-樹林",9,0,9
"3204","3679新至陞","110/07/09","瑞士信貸",0,8,-8
"3205","3679新至陞","110/07/09","凱基-台北",11,2,9
"3206","3679新至陞","110/07/09","大慶-苗栗",0,5,-5
"3207","3679新至陞","110/07/09","華南永昌-小港",8,0,8
"3208","3679新至陞","110/07/09","元大-永春",0,5,-5
"3209","3679新至陞","110/07/09","兆豐-來福",7,0,7
"3210","3679新至陞","110/07/09","日盛-和美",0,4,-4
"3211","3679新至陞","110/07/09","香港上海匯豐",5,0,5
"3212","3679新至陞","110/07/09","元大-雙和",0,3,-3
"3213","3679新至陞","110/07/09","台中銀-員林",3,0,3
"3214","3679新至陞","110/07/09","永豐金-屏東",0,3,-3
"3215","3679新至陞","110/07/09","新光",3,0,3
"3216","3679新至陞","110/07/09","彰銀",0,2,-2
"3217","3679新至陞","110/07/09","土銀-花蓮",2,0,2
"3218","3679新至陞","110/07/09","宏遠-館前",0,2,-2
"3219","3679新至陞","110/07/09","第一金-澎湖",2,0,2
"3220","3679新至陞","110/07/09","港商野村",0,2,-2
"3221","3679新至陞","110/07/09","摩根大通",2,0,2
"3222","3679新至陞","110/07/09","大昌-新店",0,2,-2
"3223","3679新至陞","110/07/09","國泰-敦南",2,0,2
"3224","3679新至陞","110/07/09","元大-新莊",0,2,-2
"3225","3679新至陞","110/07/09","元大-淡水",4,2,2
"3226","3679新至陞","110/07/09","元大-板橋",0,2,-2
"3227","3679新至陞","110/07/09","日盛-士林",1,0,1
"3228","3679新至陞","110/07/09","台灣摩根士丹利",0,1,-1
"3229","3679新至陞","110/07/09","日盛-信義",1,0,1
"3230","3679新至陞","110/07/09","第一金-高雄",0,1,-1
"3231","2727王品","110/07/09","台灣匯立證券",90,0,90
"3232","2727王品","110/07/09","台灣摩根士丹利",0,267,-267
"3233","2727王品","110/07/09","國泰-敦南",166,84,82
"3234","2727王品","110/07/09","富邦-台北",35,299,-264
"3235","2727王品","110/07/09","富邦-仁愛",56,12,44
"3236","2727王品","110/07/09","凱基-台北",174,296,-122
"3237","2727王品","110/07/09","台新證券",109,66,43
"3238","2727王品","110/07/09","第一金",2,102,-100
"3239","2727王品","110/07/09","新光",117,87,30
"3240","2727王品","110/07/09","群益金鼎-大安",0,80,-80
"3241","2727王品","110/07/09","臺銀-臺中",35,6,29
"3242","2727王品","110/07/09","兆豐-大安",7,60,-53
"3243","2727王品","110/07/09","元大-桃園",32,3,29
"3244","2727王品","110/07/09","永豐金-南投",0,50,-50
"3245","2727王品","110/07/09","元富-宜蘭",34,6,28
"3246","2727王品","110/07/09","新加坡商瑞銀",6,46,-40
"3247","2727王品","110/07/09","玉山-台中",34,8,26
"3248","2727王品","110/07/09","合庫-彰化",11,50,-39
"3249","2727王品","110/07/09","群益金鼎-宜蘭",30,4,26
"3250","2727王品","110/07/09","永豐金-萬盛",13,52,-39
"3251","2727王品","110/07/09","富邦-台中",42,16,26
"3252","2727王品","110/07/09","瑞士信貸",0,34,-34
"3253","2727王品","110/07/09","第一金-豐原",25,1,24
"3254","2727王品","110/07/09","元大-和平",4,35,-31
"3255","2727王品","110/07/09","臺銀",30,8,22
"3256","2727王品","110/07/09","美林",14,44,-30
"3257","2727王品","110/07/09","兆豐-來福",23,1,22
"3258","2727王品","110/07/09","元大-員林",9,38,-29
"3259","2727王品","110/07/09","玉山-士林",22,2,20
"3260","2727王品","110/07/09","元富-西松",4,31,-27
"3261","1570力肯","110/07/09","凱基-台北",30,1,29
"3262","1570力肯","110/07/09","群益金鼎-彰化",0,20,-20
"3263","1570力肯","110/07/09","新光-台南",20,0,20
"3264","1570力肯","110/07/09","元大-土城學府",0,20,-20
"3265","1570力肯","110/07/09","元大-高雄",20,0,20
"3266","1570力肯","110/07/09","元大-大統",0,16,-16
"3267","1570力肯","110/07/09","國票-中正",12,0,12
"3268","1570力肯","110/07/09","元大-新營",0,11,-11
"3269","1570力肯","110/07/09","日盛-高雄",6,0,6
"3270","1570力肯","110/07/09","元大-和平",0,10,-10
"3271","1570力肯","110/07/09","元富-緯城",6,0,6
"3272","1570力肯","110/07/09","元大-草屯",0,10,-10
"3273","1570力肯","110/07/09","群益金鼎-台南",6,0,6
"3274","1570力肯","110/07/09","元大-鹿港",0,9,-9
"3275","1570力肯","110/07/09","華南永昌-岡山",6,0,6
"3276","1570力肯","110/07/09","合庫-基隆",0,7,-7
"3277","1570力肯","110/07/09","統一-中壢",5,0,5
"3278","1570力肯","110/07/09","摩根大通",2,8,-6
"3279","1570力肯","110/07/09","凱基-三峽",5,0,5
"3280","1570力肯","110/07/09","台灣企銀-豐原",0,4,-4
"3281","1570力肯","110/07/09","大昌-樹林",4,0,4
"3282","1570力肯","110/07/09","日盛-桃園",0,4,-4
"3283","1570力肯","110/07/09","新光",3,0,3
"3284","1570力肯","110/07/09","國泰-高雄",0,3,-3
"3285","1570力肯","110/07/09","富邦-新竹華信",3,0,3
"3286","1570力肯","110/07/09","永豐金-敦南",0,3,-3
"3287","1570力肯","110/07/09","合庫-台中",2,0,2
"3288","1570力肯","110/07/09","土銀-彰化",0,2,-2
"3289","1570力肯","110/07/09","臺銀-臺中",2,0,2
"3290","1570力肯","110/07/09","臺銀-鳳山",0,2,-2
"3291","6180橘子","110/07/09","摩根大通",63,1,62
"3292","6180橘子","110/07/09","元大-南京",1,32,-31
"3293","6180橘子","110/07/09","富邦-陽明",73,33,40
"3294","6180橘子","110/07/09","群益金鼎-台北",0,25,-25
"3295","6180橘子","110/07/09","新加坡商瑞銀",31,0,31
"3296","6180橘子","110/07/09","兆豐-復興",0,21,-21
"3297","6180橘子","110/07/09","美商高盛",25,0,25
"3298","6180橘子","110/07/09","永豐金-嘉義",0,21,-21
"3299","6180橘子","110/07/09","凱基-台北",26,10,16
"3300","6180橘子","110/07/09","凱基-中壢",8,24,-16
"3301","6180橘子","110/07/09","華南永昌-楠梓",13,0,13
"3302","6180橘子","110/07/09","致和-崇德",0,15,-15
"3303","6180橘子","110/07/09","華南永昌-朴子",11,0,11
"3304","6180橘子","110/07/09","群益金鼎-屏東",0,15,-15
"3305","6180橘子","110/07/09","元大-北港",11,0,11
"3306","6180橘子","110/07/09","群益金鼎-中山",0,15,-15
"3307","6180橘子","110/07/09","元大-成功",10,1,9
"3308","6180橘子","110/07/09","瑞士信貸",1,15,-14
"3309","6180橘子","110/07/09","新光",26,18,8
"3310","6180橘子","110/07/09","日盛-二林",0,10,-10
"3311","6180橘子","110/07/09","統一-三重",6,0,6
"3312","6180橘子","110/07/09","凱基-東門",0,10,-10
"3313","6180橘子","110/07/09","群益金鼎-嘉義",6,0,6
"3314","6180橘子","110/07/09","華南永昌-三重",0,10,-10
"3315","6180橘子","110/07/09","元大-員林中山",6,0,6
"3316","6180橘子","110/07/09","元大-彰化民生",1,11,-10
"3317","6180橘子","110/07/09","合庫-鳳山",5,0,5
"3318","6180橘子","110/07/09","永豐金-新店",1,11,-10
"3319","6180橘子","110/07/09","富邦-建國",6,1,5
"3320","6180橘子","110/07/09","群益金鼎-丹鳳",0,8,-8
"3321","2390云辰","110/07/09","摩根大通",279,56,223
"3322","2390云辰","110/07/09","元大-天母",0,127,-127
"3323","2390云辰","110/07/09","日盛-鳳山",110,2,108
"3324","2390云辰","110/07/09","中國信託-文心",5,109,-104
"3325","2390云辰","110/07/09","宏遠證券",100,0,100
"3326","2390云辰","110/07/09","永豐金-復興",0,55,-55
"3327","2390云辰","110/07/09","元大-大里",63,6,57
"3328","2390云辰","110/07/09","凱基-台北",239,286,-47
"3329","2390云辰","110/07/09","凱基-八德",59,10,49
"3330","2390云辰","110/07/09","德信",2,32,-30
"3331","2390云辰","110/07/09","合庫-新竹",40,0,40
"3332","2390云辰","110/07/09","兆豐-桃鶯",2,32,-30
"3333","2390云辰","110/07/09","國票",40,1,39
"3334","2390云辰","110/07/09","致和-南京",0,30,-30
"3335","2390云辰","110/07/09","新加坡商瑞銀",49,13,36
"3336","2390云辰","110/07/09","富邦-虎尾",1,31,-30
"3337","2390云辰","110/07/09","統一-新台中",36,2,34
"3338","2390云辰","110/07/09","元大-善化",2,31,-29
"3339","2390云辰","110/07/09","國票-嘉義",31,0,31
"3340","2390云辰","110/07/09","富邦-板橋",0,27,-27
"3341","2390云辰","110/07/09","華南永昌",35,7,28
"3342","2390云辰","110/07/09","富邦-永和",3,28,-25
"3343","2390云辰","110/07/09","玉山-台中",49,22,27
"3344","2390云辰","110/07/09","第一金-自由",20,44,-24
"3345","2390云辰","110/07/09","華南永昌-敦南",25,0,25
"3346","2390云辰","110/07/09","凱基-內湖",0,24,-24
"3347","2390云辰","110/07/09","新光-高雄",27,4,23
"3348","2390云辰","110/07/09","元大-汐止",1,24,-23
"3349","2390云辰","110/07/09","台灣摩根士丹利",85,63,22
"3350","2390云辰","110/07/09","新光-台中",12,33,-21
"3351","4903聯光通","110/07/08","元富-新興",18,0,18
"3352","4903聯光通","110/07/08","中國信託-中壢",0,14,-14
"3353","4903聯光通","110/07/08","元大-苗栗",9,0,9
"3354","4903聯光通","110/07/08","彰銀",0,7,-7
"3355","4903聯光通","110/07/08","兆豐-鹿港",3,0,3
"3356","4903聯光通","110/07/08","中國信託-松江",0,5,-5
"3357","4903聯光通","110/07/08","群益金鼎-萬華",2,0,2
"3358","4903聯光通","110/07/08","光和",0,2,-2
"3359","4903聯光通","110/07/08","元大-屏南",1,0,1
"3360","4903聯光通","110/07/08","元大-鶯歌",0,2,-2
"3361","4903聯光通","110/07/08","華南永昌-新莊",0,0,0
"3362","4903聯光通","110/07/08","群益金鼎-館前",0,1,-1
"3363","4903聯光通","110/07/08","元大-羅東",0,0,0
"3364","4903聯光通","110/07/08","華南永昌",0,1,-1
"3365","4903聯光通","110/07/08","元大-太平",2,3,-1
"3366","4903聯光通","110/07/08","華南永昌-新莊",0,0,0
"3367","4903聯光通","110/07/08","元大-羅東",0,0,0
"3368","2929淘帝","110/07/08","日盛-園區",90,6,84
"3369","2929淘帝","110/07/08","元大-太平",1,111,-110
"3370","2929淘帝","110/07/08","華南永昌-頭份",54,0,54
"3371","2929淘帝","110/07/08","港商野村",31,106,-75
"3372","2929淘帝","110/07/08","美商高盛",50,0,50
"3373","2929淘帝","110/07/08","凱基-板橋",62,111,-49
"3374","2929淘帝","110/07/08","台中銀-台北",50,0,50
"3375","2929淘帝","110/07/08","新光-台中",30,78,-48
"3376","2929淘帝","110/07/08","臺銀-臺南",30,0,30
"3377","2929淘帝","110/07/08","元富-永和",1,41,-40
"3378","2929淘帝","110/07/08","永豐金-大園",42,12,30
"3379","2929淘帝","110/07/08","永豐金-鳳山",0,28,-28
"3380","2929淘帝","110/07/08","元富-三重",30,1,29
"3381","2929淘帝","110/07/08","元大-南崁",0,26,-26
"3382","2929淘帝","110/07/08","兆豐-桃鶯",29,0,29
"3383","2929淘帝","110/07/08","元大-花蓮",2,27,-25
"3384","2929淘帝","110/07/08","元大-承德",20,3,17
"3385","2929淘帝","110/07/08","元大-府城",0,24,-24
"3386","2929淘帝","110/07/08","新光-新竹",13,0,13
"3387","2929淘帝","110/07/08","新光",21,43,-22
"3388","2929淘帝","110/07/08","富邦-內湖",13,0,13
"3389","2929淘帝","110/07/08","臺銀-民權",0,20,-20
"3390","2929淘帝","110/07/08","國泰-板橋",13,1,12
"3391","2929淘帝","110/07/08","摩根大通",66,84,-18
"3392","2929淘帝","110/07/08","第一金-大稻埕",10,0,10
"3393","2929淘帝","110/07/08","凱基-台北",0,17,-17
"3394","2929淘帝","110/07/08","統一-汐止",10,0,10
"3395","2929淘帝","110/07/08","元大-博愛",6,23,-17
"3396","2929淘帝","110/07/08","元富-大裕",10,0,10
"3397","2929淘帝","110/07/08","永豐金-桃盛",0,16,-16
"3398","5410國眾","110/07/08","元大-新盛",15,0,15
"3399","5410國眾","110/07/08","元大-旗山",0,50,-50
"3400","5410國眾","110/07/08","元大-屏南",10,0,10
"3401","5410國眾","110/07/08","元大-頭份",0,14,-14
"3402","5410國眾","110/07/08","元大-成功",10,0,10
"3403","5410國眾","110/07/08","國泰-高雄",0,8,-8
"3404","5410國眾","110/07/08","元大-東泰",7,0,7
"3405","5410國眾","110/07/08","元大-小港",0,7,-7
"3406","5410國眾","110/07/08","富邦-陽明",6,0,6
"3407","5410國眾","110/07/08","統一-嘉義",0,5,-5
"3408","5410國眾","110/07/08","臺銀-金山",5,0,5
"3409","5410國眾","110/07/08","兆豐-台中港",0,5,-5
"3410","5410國眾","110/07/08","日盛-員林",5,0,5
"3411","5410國眾","110/07/08","凱基-屏東",0,5,-5
"3412","5410國眾","110/07/08","摩根大通",5,0,5
"3413","5410國眾","110/07/08","元大-八德",0,5,-5
"3414","5410國眾","110/07/08","富邦-桃園",5,0,5
"3415","5410國眾","110/07/08","元富-嘉義",0,4,-4
"3416","5410國眾","110/07/08","元富-大昌",4,0,4
"3417","5410國眾","110/07/08","玉山-雙和",0,4,-4
"3418","5410國眾","110/07/08","台新-台中",4,0,4
"3419","5410國眾","110/07/08","凱基-高美館",1,5,-4
"3420","5410國眾","110/07/08","華南永昌-小港",5,1,4
"3421","5410國眾","110/07/08","統一-員林",0,3,-3
"3422","5410國眾","110/07/08","元大-新竹",5,1,4
"3423","5410國眾","110/07/08","臺銀-鳳山",0,2,-2
"3424","5410國眾","110/07/08","元大-土城學府",4,0,4
"3425","5410國眾","110/07/08","亞東",0,2,-2
"3426","5410國眾","110/07/08","元大-新莊",4,0,4
"3427","5410國眾","110/07/08","新光",0,2,-2
"3428","2841台開","110/07/08","元大-樹林",653,0,653
"3429","2841台開","110/07/08","港商野村",0,868,-868
"3430","2841台開","110/07/08","台新證券",115,0,115
"3431","2841台開","110/07/08","群益金鼎-忠孝",0,100,-100
"3432","2841台開","110/07/08","永豐金-豐原",105,0,105
"3433","2841台開","110/07/08","宏遠-高雄",0,56,-56
"3434","2841台開","110/07/08","元富-新興",100,0,100
"3435","2841台開","110/07/08","新光",3,38,-35
"3436","2841台開","110/07/08","凱基-文心",50,0,50
"3437","2841台開","110/07/08","花旗環球",0,29,-29
"3438","2841台開","110/07/08","元大-八德",40,0,40
"3439","2841台開","110/07/08","富邦-仁愛",2,30,-28
"3440","2841台開","110/07/08","日盛-雙和",30,0,30
"3441","2841台開","110/07/08","元富-潮州",0,24,-24
"3442","2841台開","110/07/08","統一-竹南",30,0,30
"3443","2841台開","110/07/08","元大-沙鹿",0,20,-20
"3444","2841台開","110/07/08","凱基-台南",30,0,30
"3445","2841台開","110/07/08","元大-汐止",0,20,-20
"3446","2841台開","110/07/08","元大-福營",30,0,30
"3447","2841台開","110/07/08","合庫-嘉義",2,20,-18
"3448","2841台開","110/07/08","合庫-台中",22,0,22
"3449","2841台開","110/07/08","國泰-敦南",3,21,-18
"3450","2841台開","110/07/08","大昌-安康",28,10,18
"3451","2841台開","110/07/08","日盛-竹北",0,15,-15
"3452","2841台開","110/07/08","元大-斗信",15,0,15
"3453","2841台開","110/07/08","元大-三重",0,15,-15
"3454","2841台開","110/07/08","富邦-台北",13,0,13
"3455","2841台開","110/07/08","永豐金-敦南",45,60,-15
"3456","2841台開","110/07/08","合庫-桃園",10,0,10
"3457","2841台開","110/07/08","(牛牛牛)亞-網路",0,12,-12
"3458","6207雷科","110/07/08","台新-高雄",54,2,52
"3459","6207雷科","110/07/08","群益金鼎-丹鳳",0,60,-60
"3460","6207雷科","110/07/08","新光-台中",18,0,18
"3461","6207雷科","110/07/08","元大-頭份",1,56,-55
"3462","6207雷科","110/07/08","日盛-嘉義",16,0,16
"3463","6207雷科","110/07/08","國票-中和",0,30,-30
"3464","6207雷科","110/07/08","合庫-鳳山",15,0,15
"3465","6207雷科","110/07/08","凱基-台北",1,29,-28
"3466","6207雷科","110/07/08","臺銀-臺中",12,0,12
"3467","6207雷科","110/07/08","兆豐-板橋",0,25,-25
"3468","6207雷科","110/07/08","群益金鼎-土城",12,0,12
"3469","6207雷科","110/07/08","凱基-城中",4,25,-21
"3470","6207雷科","110/07/08","新光",25,14,11
"3471","6207雷科","110/07/08","日進",0,20,-20
"3472","6207雷科","110/07/08","凱基-中壢",11,0,11
"3473","6207雷科","110/07/08","台新證券",3,20,-17
"3474","6207雷科","110/07/08","台灣企銀",10,0,10
"3475","6207雷科","110/07/08","群益金鼎-中山",0,16,-16
"3476","6207雷科","110/07/08","第一金-新興",11,1,10
"3477","6207雷科","110/07/08","元大-東門",0,16,-16
"3478","6207雷科","110/07/08","元富-吉利",10,0,10
"3479","6207雷科","110/07/08","群益金鼎-大甲",0,13,-13
"3480","6207雷科","110/07/08","光和-和美",10,0,10
"3481","6207雷科","110/07/08","日盛-板橋",0,10,-10
"3482","6207雷科","110/07/08","永豐金-南京",10,0,10
"3483","6207雷科","110/07/08","日盛-中壢",0,10,-10
"3484","6207雷科","110/07/08","土銀",8,0,8
"3485","6207雷科","110/07/08","摩根大通",125,135,-10
"3486","6207雷科","110/07/08","中國信託-高雄",8,0,8
"3487","6207雷科","110/07/08","凱基-五股",0,10,-10
"3488","3679新至陞","110/07/08","華南永昌-台中",17,0,17
"3489","3679新至陞","110/07/08","大慶-蘆洲",0,10,-10
"3490","3679新至陞","110/07/08","國泰-桃園",6,0,6
"3491","3679新至陞","110/07/08","華南永昌-小港",0,7,-7
"3492","3679新至陞","110/07/08","元大-永春",6,0,6
"3493","3679新至陞","110/07/08","國泰-館前",0,3,-3
"3494","3679新至陞","110/07/08","香港上海匯豐",4,0,4
"3495","3679新至陞","110/07/08","元大-板橋",0,3,-3
"3496","3679新至陞","110/07/08","中國信託-新竹",3,0,3
"3497","3679新至陞","110/07/08","港商法國興業",0,2,-2
"3498","3679新至陞","110/07/08","國票-敦北法人",3,0,3
"3499","3679新至陞","110/07/08","第一金-忠孝",0,2,-2
"3500","3679新至陞","110/07/08","群益金鼎-台南",2,0,2
"3501","3679新至陞","110/07/08","元富-古亭",0,2,-2
"3502","3679新至陞","110/07/08","凱基",2,0,2
"3503","3679新至陞","110/07/08","摩根大通",1,3,-2
"3504","3679新至陞","110/07/08","凱基-台北",6,4,2
"3505","3679新至陞","110/07/08","富邦-板橋",0,2,-2
"3506","3679新至陞","110/07/08","日盛-信義",1,0,1
"3507","3679新至陞","110/07/08","元大-文心興安",0,2,-2
"3508","3679新至陞","110/07/08","日盛-新莊",1,0,1
"3509","3679新至陞","110/07/08","臺銀-高雄",0,1,-1
"3510","3679新至陞","110/07/08","大慶",1,0,1
"3511","3679新至陞","110/07/08","日盛-高雄",0,1,-1
"3512","3679新至陞","110/07/08","兆豐-三重",1,0,1
"3513","3679新至陞","110/07/08","日盛-文化",0,1,-1
"3514","3679新至陞","110/07/08","致和-東門",1,0,1
"3515","3679新至陞","110/07/08","美商高盛",0,1,-1
"3516","3679新至陞","110/07/08","台新證券",1,0,1
"3517","3679新至陞","110/07/08","瑞士信貸",0,1,-1
"3518","2727王品","110/07/08","群益金鼎-大安",80,0,80
"3519","2727王品","110/07/08","台灣摩根士丹利",1,300,-299
"3520","2727王品","110/07/08","富邦-台北",237,165,72
"3521","2727王品","110/07/08","元大證券",173,439,-266
"3522","2727王品","110/07/08","永豐金-萬盛",55,5,50
"3523","2727王品","110/07/08","統一",33,200,-167
"3524","2727王品","110/07/08","永豐金-南投",53,10,43
"3525","2727王品","110/07/08","凱基-台北",476,615,-139
"3526","2727王品","110/07/08","國泰-敦南",190,148,42
"3527","2727王品","110/07/08","永豐金-松山",8,138,-130
"3528","2727王品","110/07/08","台新-高雄",71,36,35
"3529","2727王品","110/07/08","新加坡商瑞銀",38,138,-100
"3530","2727王品","110/07/08","富邦-建國",62,27,35
"3531","2727王品","110/07/08","富邦-嘉義",84,182,-98
"3532","2727王品","110/07/08","永豐金證券",50,15,35
"3533","2727王品","110/07/08","元富-台南",4,99,-95
"3534","2727王品","110/07/08","港商野村",185,152,33
"3535","2727王品","110/07/08","凱基-永華",4,92,-88
"3536","2727王品","110/07/08","元大-嘉義",35,3,32
"3537","2727王品","110/07/08","凱基-大直",2,73,-71
"3538","2727王品","110/07/08","台新-三民",35,4,31
"3539","2727王品","110/07/08","美林",105,164,-59
"3540","2727王品","110/07/08","凱基-桃園",35,4,31
"3541","2727王品","110/07/08","第一金-台南",11,63,-52
"3542","2727王品","110/07/08","元大-和平",41,10,31
"3543","2727王品","110/07/08","摩根大通",216,259,-43
"3544","2727王品","110/07/08","兆豐-大安",33,5,28
"3545","2727王品","110/07/08","元大-員林",9,50,-41
"3546","2727王品","110/07/08","元大-新盛",33,6,27
"3547","2727王品","110/07/08","兆豐-虎尾",1,41,-40
"3548","1570力肯","110/07/08","群益金鼎-三重",20,0,20
"3549","1570力肯","110/07/08","中國信託-永康",0,26,-26
"3550","1570力肯","110/07/08","凱基-中壢",20,0,20
"3551","1570力肯","110/07/08","統一-敦南",0,12,-12
"3552","1570力肯","110/07/08","群益金鼎-台南",14,0,14
"3553","1570力肯","110/07/08","國票-博愛",0,10,-10
"3554","1570力肯","110/07/08","元富-緯城",10,0,10
"3555","1570力肯","110/07/08","元大-西門",0,10,-10
"3556","1570力肯","110/07/08","瑞士信貸",7,0,7
"3557","1570力肯","110/07/08","新光",0,9,-9
"3558","1570力肯","110/07/08","摩根大通",6,0,6
"3559","1570力肯","110/07/08","永豐金-大園",0,9,-9
"3560","1570力肯","110/07/08","土銀-白河",5,0,5
"3561","1570力肯","110/07/08","日盛-大墩",0,6,-6
"3562","1570力肯","110/07/08","台灣摩根士丹利",4,0,4
"3563","1570力肯","110/07/08","台新證券",0,6,-6
"3564","1570力肯","110/07/08","元大-新莊",3,0,3
"3565","1570力肯","110/07/08","永全",0,5,-5
"3566","1570力肯","110/07/08","永豐金-苓雅",3,0,3
"3567","1570力肯","110/07/08","元大-天母",0,5,-5
"3568","1570力肯","110/07/08","合庫-三重",2,0,2
"3569","1570力肯","110/07/08","元富-吉利",0,3,-3
"3570","1570力肯","110/07/08","(牛牛牛)亞-鑫豐",2,0,2
"3571","1570力肯","110/07/08","國泰-高雄",0,3,-3
"3572","1570力肯","110/07/08","玉山-大里",2,0,2
"3573","1570力肯","110/07/08","群益金鼎-北高雄",0,3,-3
"3574","1570力肯","110/07/08","國泰-敦南",2,0,2
"3575","1570力肯","110/07/08","群益金鼎-東門",0,2,-2
"3576","1570力肯","110/07/08","華南永昌-岡山",2,0,2
"3577","1570力肯","110/07/08","日盛-高雄",5,6,-1
"3578","6180橘子","110/07/08","新光",30,4,26
"3579","6180橘子","110/07/08","元大-土城學府",0,89,-89
"3580","6180橘子","110/07/08","康和-台南",22,0,22
"3581","6180橘子","110/07/08","凱基-東勢",1,66,-65
"3582","6180橘子","110/07/08","國泰-板橋",22,0,22
"3583","6180橘子","110/07/08","光和",0,64,-64
"3584","6180橘子","110/07/08","日盛-文化",21,0,21
"3585","6180橘子","110/07/08","中國信託-忠孝",0,50,-50
"3586","6180橘子","110/07/08","中國信託-文心",20,2,18
"3587","6180橘子","110/07/08","元富-大裕",0,25,-25
"3588","6180橘子","110/07/08","凱基-台北",39,24,15
"3589","6180橘子","110/07/08","統一-基隆",1,25,-24
"3590","6180橘子","110/07/08","元富-新店",14,0,14
"3591","6180橘子","110/07/08","美商高盛",1,21,-20
"3592","6180橘子","110/07/08","元大-土城永寧",11,0,11
"3593","6180橘子","110/07/08","元大證券",1,19,-18
"3594","6180橘子","110/07/08","永豐金-南京",11,0,11
"3595","6180橘子","110/07/08","元大-太平",2,20,-18
"3596","6180橘子","110/07/08","宏遠-館前",10,0,10
"3597","6180橘子","110/07/08","合庫證券",2,18,-16
"3598","6180橘子","110/07/08","國泰-新莊",10,0,10
"3599","6180橘子","110/07/08","台灣摩根士丹利",1,12,-11
"3600","6180橘子","110/07/08","群益金鼎",10,0,10
"3601","6180橘子","110/07/08","瑞士信貸",0,11,-11
"3602","6180橘子","110/07/08","凱基-高雄",10,0,10
"3603","6180橘子","110/07/08","元富-嘉義",0,11,-11
"3604","6180橘子","110/07/08","凱基-大安",10,0,10
"3605","6180橘子","110/07/08","新光-高雄",0,11,-11
"3606","6180橘子","110/07/08","富邦-仁愛",10,0,10
"3607","6180橘子","110/07/08","大慶-苗栗",0,10,-10
"3608","2390云辰","110/07/08","統一-新台中",126,1,125
"3609","2390云辰","110/07/08","摩根大通",62,661,-599
"3610","2390云辰","110/07/08","元大-員林",111,0,111
"3611","2390云辰","110/07/08","新加坡商瑞銀",0,173,-173
"3612","2390云辰","110/07/08","合庫-高雄",105,0,105
"3613","2390云辰","110/07/08","元大-天母",7,150,-143
"3614","2390云辰","110/07/08","凱基-台北",255,177,78
"3615","2390云辰","110/07/08","台灣摩根士丹利",0,134,-134
"3616","2390云辰","110/07/08","新光",71,17,54
"3617","2390云辰","110/07/08","玉山-台中",17,120,-103
"3618","2390云辰","110/07/08","國票-嘉義",53,0,53
"3619","2390云辰","110/07/08","美商高盛",0,78,-78
"3620","2390云辰","110/07/08","富邦-仁愛",53,4,49
"3621","2390云辰","110/07/08","美林",11,82,-71
"3622","2390云辰","110/07/08","兆豐-城中",48,0,48
"3623","2390云辰","110/07/08","群益金鼎-大興",35,106,-71
"3624","2390云辰","110/07/08","元大-新營",47,0,47
"3625","2390云辰","110/07/08","光和",11,71,-60
"3626","2390云辰","110/07/08","國泰-敦南",89,55,34
"3627","2390云辰","110/07/08","國泰-台中",28,70,-42
"3628","2390云辰","110/07/08","兆豐-台中",40,7,33
"3629","2390云辰","110/07/08","玉山-新莊",6,46,-40
"3630","2390云辰","110/07/08","永豐金-中正",36,6,30
"3631","2390云辰","110/07/08","富邦-台北",21,57,-36
"3632","2390云辰","110/07/08","中國信託-三重",29,0,29
"3633","2390云辰","110/07/08","土銀-台中",0,30,-30
"3634","2390云辰","110/07/08","富邦-陽明",33,5,28
"3635","2390云辰","110/07/08","兆豐-埔墘",1,31,-30
"3636","2390云辰","110/07/08","元富-桃園",27,0,27
"3637","2390云辰","110/07/08","玉山-南京東路",3,33,-30
"3638","4903聯光通","110/07/07","元大-太平",47,4,43
"3639","4903聯光通","110/07/07","日盛-板橋",0,15,-15
"3640","4903聯光通","110/07/07","華南永昌-桃園",10,0,10
"3641","4903聯光通","110/07/07","元大-八德",0,9,-9
"3642","4903聯光通","110/07/07","元大-南投",9,0,9
"3643","4903聯光通","110/07/07","宏遠證券",0,7,-7
"3644","4903聯光通","110/07/07","新光-台中",3,0,3
"3645","4903聯光通","110/07/07","大慶",0,7,-7
"3646","4903聯光通","110/07/07","國泰-敦南",1,0,1
"3647","4903聯光通","110/07/07","群益金鼎-館前",0,6,-6
"3648","4903聯光通","110/07/07","國票-中正",0,0,0
"3649","4903聯光通","110/07/07","元大-羅東",0,5,-5
"3650","4903聯光通","110/07/07","康和-內湖",0,0,0
"3651","4903聯光通","110/07/07","新光",8,12,-4
"3652","4903聯光通","110/07/07","凱基-站前",0,0,0
"3653","4903聯光通","110/07/07","國泰-高雄",0,3,-3
"3654","4903聯光通","110/07/07","華南永昌",1,1,0
"3655","4903聯光通","110/07/07","第一金-台中",0,3,-3
"3656","4903聯光通","110/07/07","華南永昌-新莊",0,0,0
"3657","4903聯光通","110/07/07","中農",0,1,-1
"3658","4903聯光通","110/07/07","臺灣企銀-桃園",0,1,-1
"3659","4903聯光通","110/07/07","台新-新營",0,1,-1
"3660","4903聯光通","110/07/07","元大-鶯歌",2,3,-1
"3661","4903聯光通","110/07/07","元大-永和",0,1,-1
"3662","4903聯光通","110/07/07","元大-苑裡",0,1,-1
"3663","2929淘帝","110/07/07","統一",163,0,163
"3664","2929淘帝","110/07/07","新光-台中",57,142,-85
"3665","2929淘帝","110/07/07","港商野村",323,181,142
"3666","2929淘帝","110/07/07","兆豐-忠孝",0,76,-76
"3667","2929淘帝","110/07/07","日盛-中壢",132,10,122
"3668","2929淘帝","110/07/07","台新-建北",0,53,-53
"3669","2929淘帝","110/07/07","新加坡商瑞銀",140,19,121
"3670","2929淘帝","110/07/07","臺銀-鳳山",0,44,-44
"3671","2929淘帝","110/07/07","日盛-嘉義",101,0,101
"3672","2929淘帝","110/07/07","元大-新盛",0,42,-42
"3673","2929淘帝","110/07/07","摩根大通",101,16,85
"3674","2929淘帝","110/07/07","富邦-建國",6,47,-41
"3675","2929淘帝","110/07/07","元大-太平",55,2,53
"3676","2929淘帝","110/07/07","日盛-園區",0,40,-40
"3677","2929淘帝","110/07/07","元富-松德",50,1,49
"3678","2929淘帝","110/07/07","新光-高雄",1,38,-37
"3679","2929淘帝","110/07/07","凱基-板橋",53,5,48
"3680","2929淘帝","110/07/07","永豐金-三重",1,34,-33
"3681","2929淘帝","110/07/07","美林",80,34,46
"3682","2929淘帝","110/07/07","元大-彰化",0,31,-31
"3683","2929淘帝","110/07/07","元富-台南",41,0,41
"3684","2929淘帝","110/07/07","第一金-大稻埕",0,30,-30
"3685","2929淘帝","110/07/07","兆豐-竹北",39,0,39
"3686","2929淘帝","110/07/07","國泰-敦南",3,33,-30
"3687","2929淘帝","110/07/07","元大-西門",36,0,36
"3688","2929淘帝","110/07/07","富邦-員林",0,30,-30
"3689","2929淘帝","110/07/07","華南永昌",39,4,35
"3690","2929淘帝","110/07/07","元大-蘆洲",1,30,-29
"3691","2929淘帝","110/07/07","日盛-板橋中山",30,0,30
"3692","2929淘帝","110/07/07","台新-台南",4,32,-28
"3693","5410國眾","110/07/07","兆豐-城中",66,0,66
"3694","5410國眾","110/07/07","富邦-仁愛",0,115,-115
"3695","5410國眾","110/07/07","摩根大通",21,0,21
"3696","5410國眾","110/07/07","亞東-板橋",0,38,-38
"3697","5410國眾","110/07/07","元大-北投",21,0,21
"3698","5410國眾","110/07/07","凱基-台北",2,24,-22
"3699","5410國眾","110/07/07","亞東-新竹",15,0,15
"3700","5410國眾","110/07/07","彰銀-七賢",0,10,-10
"3701","5410國眾","110/07/07","元大-福營",12,0,12
"3702","5410國眾","110/07/07","凱基-基隆",0,10,-10
"3703","5410國眾","110/07/07","新光-高雄",11,0,11
"3704","5410國眾","110/07/07","凱基-屏東",0,10,-10
"3705","5410國眾","110/07/07","華南永昌-小港",10,0,10
"3706","5410國眾","110/07/07","凱基-鳳山",0,10,-10
"3707","5410國眾","110/07/07","元大-大灣",10,0,10
"3708","5410國眾","110/07/07","永豐金-忠孝",0,10,-10
"3709","5410國眾","110/07/07","元大-莒光",10,0,10
"3710","5410國眾","110/07/07","日盛-板橋中山",0,9,-9
"3711","5410國眾","110/07/07","台中銀-豐原",9,0,9
"3712","5410國眾","110/07/07","統一-高雄",0,5,-5
"3713","5410國眾","110/07/07","元大-南屯",9,0,9
"3714","5410國眾","110/07/07","元大-斗六",0,5,-5
"3715","5410國眾","110/07/07","日盛-新莊",7,0,7
"3716","5410國眾","110/07/07","元大-大益",0,5,-5
"3717","5410國眾","110/07/07","元富-大昌",6,0,6
"3718","5410國眾","110/07/07","元大-南投",0,5,-5
"3719","5410國眾","110/07/07","新光-新竹",6,0,6
"3720","5410國眾","110/07/07","永豐金-員林",0,5,-5
"3721","5410國眾","110/07/07","臺銀-金山",5,0,5
"3722","5410國眾","110/07/07","華南永昌-楠梓",0,4,-4
"3723","2841台開","110/07/07","永豐金-豐原",268,0,268
"3724","2841台開","110/07/07","凱基-市政",0,200,-200
"3725","2841台開","110/07/07","永豐金-南投",200,0,200
"3726","2841台開","110/07/07","永豐金-彰化",0,100,-100
"3727","2841台開","110/07/07","新光",139,9,130
"3728","2841台開","110/07/07","元大-開元",1,93,-92
"3729","2841台開","110/07/07","中國信託-高雄",50,1,49
"3730","2841台開","110/07/07","港商野村",0,80,-80
"3731","2841台開","110/07/07","元大-歸仁",40,0,40
"3732","2841台開","110/07/07","凱基-台南",25,85,-60
"3733","2841台開","110/07/07","台中銀",35,0,35
"3734","2841台開","110/07/07","美商高盛",1,58,-57
"3735","2841台開","110/07/07","台新-新營",30,0,30
"3736","2841台開","110/07/07","統一-三重",0,55,-55
"3737","2841台開","110/07/07","富邦-台南",30,0,30
"3738","2841台開","110/07/07","台新證券",12,50,-38
"3739","2841台開","110/07/07","國泰-板橋",30,1,29
"3740","2841台開","110/07/07","陽信-石牌",0,31,-31
"3741","2841台開","110/07/07","凱基-文心",28,0,28
"3742","2841台開","110/07/07","元大-福營",0,31,-31
"3743","2841台開","110/07/07","凱基-站前",27,0,27
"3744","2841台開","110/07/07","第一金-澎湖",0,30,-30
"3745","2841台開","110/07/07","大昌-安康",38,16,22
"3746","2841台開","110/07/07","元大-新莊",0,30,-30
"3747","2841台開","110/07/07","合庫-台中",20,0,20
"3748","2841台開","110/07/07","國泰-館前",0,28,-28
"3749","2841台開","110/07/07","日盛-台南",20,0,20
"3750","2841台開","110/07/07","元大-竹科",0,25,-25
"3751","2841台開","110/07/07","台中銀-員林",20,0,20
"3752","2841台開","110/07/07","富邦-仁愛",1,22,-21
"3753","6207雷科","110/07/07","元大-大天母",21,0,21
"3754","6207雷科","110/07/07","元大-高雄",0,105,-105
"3755","6207雷科","110/07/07","元大-頭份",18,0,18
"3756","6207雷科","110/07/07","永豐金-中正",0,35,-35
"3757","6207雷科","110/07/07","第一金-新興",16,0,16
"3758","6207雷科","110/07/07","摩根大通",8,39,-31
"3759","6207雷科","110/07/07","富邦-虎尾",12,0,12
"3760","6207雷科","110/07/07","元大-林園",0,30,-30
"3761","6207雷科","110/07/07","兆豐-板橋",10,0,10
"3762","6207雷科","110/07/07","凱基-台北",0,19,-19
"3763","6207雷科","110/07/07","玉山-台大",10,0,10
"3764","6207雷科","110/07/07","國票-中和",13,25,-12
"3765","6207雷科","110/07/07","元大-四維",10,0,10
"3766","6207雷科","110/07/07","新加坡商瑞銀",0,9,-9
"3767","6207雷科","110/07/07","元大-鹿港",10,0,10
"3768","6207雷科","110/07/07","玉山-高雄",0,8,-8
"3769","6207雷科","110/07/07","元大-信義",10,0,10
"3770","6207雷科","110/07/07","玉山-台南",0,8,-8
"3771","6207雷科","110/07/07","台新-三民",8,0,8
"3772","6207雷科","110/07/07","宏遠-高雄",0,5,-5
"3773","6207雷科","110/07/07","元大-上新莊",8,0,8
"3774","6207雷科","110/07/07","元大-南海",0,5,-5
"3775","6207雷科","110/07/07","大昌-桃園",7,0,7
"3776","6207雷科","110/07/07","元大-莒光",0,4,-4
"3777","6207雷科","110/07/07","新光-台中",10,4,6
"3778","6207雷科","110/07/07","港商野村",0,3,-3
"3779","6207雷科","110/07/07","日盛-頭份",5,0,5
"3780","6207雷科","110/07/07","大慶-台南",0,3,-3
"3781","6207雷科","110/07/07","日茂-埔里",5,0,5
"3782","6207雷科","110/07/07","凱基-站前",0,3,-3
"3783","3679新至陞","110/07/07","永豐金證券",18,0,18
"3784","3679新至陞","110/07/07","美林",0,13,-13
"3785","3679新至陞","110/07/07","元大-文心興安",6,0,6
"3786","3679新至陞","110/07/07","兆豐-大安",0,10,-10
"3787","3679新至陞","110/07/07","中農",5,0,5
"3788","3679新至陞","110/07/07","國泰-桃園",0,4,-4
"3789","3679新至陞","110/07/07","台新證券",4,0,4
"3790","3679新至陞","110/07/07","永豐金-虎尾",0,4,-4
"3791","3679新至陞","110/07/07","華南永昌-小港",4,0,4
"3792","3679新至陞","110/07/07","台灣摩根士丹利",0,3,-3
"3793","3679新至陞","110/07/07","元大-天母",4,0,4
"3794","3679新至陞","110/07/07","瑞士信貸",0,3,-3
"3795","3679新至陞","110/07/07","台中銀-員林",4,1,3
"3796","3679新至陞","110/07/07","統一-新竹",0,3,-3
"3797","3679新至陞","110/07/07","摩根大通",4,1,3
"3798","3679新至陞","110/07/07","統一-三重",0,3,-3
"3799","3679新至陞","110/07/07","凱基-台北",7,4,3
"3800","3679新至陞","110/07/07","凱基-竹北",0,3,-3
"3801","3679新至陞","110/07/07","華南永昌-高雄",3,0,3
"3802","3679新至陞","110/07/07","元富-世貿",0,2,-2
"3803","3679新至陞","110/07/07","永豐金-潮州",2,0,2
"3804","3679新至陞","110/07/07","兆豐-鹿港",0,2,-2
"3805","3679新至陞","110/07/07","合庫-新竹",1,0,1
"3806","3679新至陞","110/07/07","玉山-台大",0,2,-2
"3807","3679新至陞","110/07/07","土銀-高雄",1,0,1
"3808","3679新至陞","110/07/07","國泰-館前",0,2,-2
"3809","3679新至陞","110/07/07","元富-新興",1,0,1
"3810","3679新至陞","110/07/07","群益金鼎-新莊",0,2,-2
"3811","3679新至陞","110/07/07","富邦-中壢",1,0,1
"3812","3679新至陞","110/07/07","元大-桃園",0,2,-2
"3813","2727王品","110/07/07","第一金",62,0,62
"3814","2727王品","110/07/07","台灣摩根士丹利",1,177,-176
"3815","2727王品","110/07/07","凱基-埔墘",40,0,40
"3816","2727王品","110/07/07","凱基-台北",49,151,-102
"3817","2727王品","110/07/07","中國信託-忠孝",40,1,39
"3818","2727王品","110/07/07","摩根大通",19,107,-88
"3819","2727王品","110/07/07","玉山-板橋",40,6,34
"3820","2727王品","110/07/07","美商高盛",2,86,-84
"3821","2727王品","110/07/07","亞東-新竹",31,1,30
"3822","2727王品","110/07/07","元大-北屯",1,52,-51
"3823","2727王品","110/07/07","群益金鼎-宜蘭",25,1,24
"3824","2727王品","110/07/07","國泰證券",1,47,-46
"3825","2727王品","110/07/07","富邦-竹北",23,0,23
"3826","2727王品","110/07/07","統一",3,33,-30
"3827","2727王品","110/07/07","元大-旗山",23,0,23
"3828","2727王品","110/07/07","第一金-台中",1,30,-29
"3829","2727王品","110/07/07","元富-宜蘭",21,0,21
"3830","2727王品","110/07/07","華南永昌-中正",4,29,-25
"3831","2727王品","110/07/07","國票-長城",20,0,20
"3832","2727王品","110/07/07","美林",0,23,-23
"3833","2727王品","110/07/07","台新證券",47,28,19
"3834","2727王品","110/07/07","群益金鼎-館前",0,20,-20
"3835","2727王品","110/07/07","富邦-新竹華信",18,1,17
"3836","2727王品","110/07/07","國票-內壢",0,16,-16
"3837","2727王品","110/07/07","永豐金-中正",18,1,17
"3838","2727王品","110/07/07","兆豐-新莊",0,15,-15
"3839","2727王品","110/07/07","華南永昌-麻豆",17,1,16
"3840","2727王品","110/07/07","港商野村",15,28,-13
"3841","2727王品","110/07/07","永豐金-潮州",15,0,15
"3842","2727王品","110/07/07","元大-善化",1,13,-12
"3843","1570力肯","110/07/07","台新證券",88,0,88
"3844","1570力肯","110/07/07","新光",0,54,-54
"3845","1570力肯","110/07/07","摩根大通",49,15,34
"3846","1570力肯","110/07/07","元大-高雄",0,40,-40
"3847","1570力肯","110/07/07","合庫-桃園",20,0,20
"3848","1570力肯","110/07/07","國票-北高雄",38,50,-12
"3849","1570力肯","110/07/07","元大-土城學府",20,0,20
"3850","1570力肯","110/07/07","群益金鼎-嘉義",0,10,-10
"3851","1570力肯","110/07/07","永豐金-板盛",18,0,18
"3852","1570力肯","110/07/07","元大-草屯",0,10,-10
"3853","1570力肯","110/07/07","永豐金-永康",18,0,18
"3854","1570力肯","110/07/07","日盛-高雄",0,9,-9
"3855","1570力肯","110/07/07","統一-員林",14,0,14
"3856","1570力肯","110/07/07","第一金-路竹",0,9,-9
"3857","1570力肯","110/07/07","元大-竹山",6,0,6
"3858","1570力肯","110/07/07","元大-古亭",0,9,-9
"3859","1570力肯","110/07/07","統一-敦南",5,0,5
"3860","1570力肯","110/07/07","國票-中正",0,8,-8
"3861","1570力肯","110/07/07","元大-永和",5,0,5
"3862","1570力肯","110/07/07","群益金鼎-鳳山",0,6,-6
"3863","1570力肯","110/07/07","元富-大裕",4,0,4
"3864","1570力肯","110/07/07","元大-土城永寧",0,6,-6
"3865","1570力肯","110/07/07","華南永昌-斗六",4,0,4
"3866","1570力肯","110/07/07","中國信託",0,5,-5
"3867","1570力肯","110/07/07","永豐金-松山",6,3,3
"3868","1570力肯","110/07/07","日盛-板橋",0,4,-4
"3869","1570力肯","110/07/07","永豐金-南投",4,1,3
"3870","1570力肯","110/07/07","日盛-木柵",0,4,-4
"3871","1570力肯","110/07/07","土銀-彰化",2,0,2
"3872","1570力肯","110/07/07","玉山-桃園",0,4,-4
"3873","6180橘子","110/07/07","臺銀-金山",27,0,27
"3874","6180橘子","110/07/07","凱基-台北",6,36,-30
"3875","6180橘子","110/07/07","元富-潮州",20,0,20
"3876","6180橘子","110/07/07","元大-天母",1,26,-25
"3877","6180橘子","110/07/07","凱基-中山",20,0,20
"3878","6180橘子","110/07/07","富邦-陽明",0,22,-22
"3879","6180橘子","110/07/07","元大-太平",23,4,19
"3880","6180橘子","110/07/07","日盛-頭份",0,20,-20
"3881","6180橘子","110/07/07","摩根大通",17,0,17
"3882","6180橘子","110/07/07","富邦-仁愛",0,20,-20
"3883","6180橘子","110/07/07","元大-草屯",20,3,17
"3884","6180橘子","110/07/07","永豐金-新莊",0,20,-20
"3885","6180橘子","110/07/07","華南永昌-楠梓",15,1,14
"3886","6180橘子","110/07/07","台灣摩根士丹利",0,18,-18
"3887","6180橘子","110/07/07","中國信託-永康",12,0,12
"3888","6180橘子","110/07/07","華南永昌-長虹",1,16,-15
"3889","6180橘子","110/07/07","日盛-文化",10,0,10
"3890","6180橘子","110/07/07","新光-新竹",0,12,-12
"3891","6180橘子","110/07/07","國泰-館前",10,0,10
"3892","6180橘子","110/07/07","凱基-中壢",0,12,-12
"3893","6180橘子","110/07/07","華南永昌-鶯歌",10,0,10
"3894","6180橘子","110/07/07","第一金-忠孝",0,11,-11
"3895","6180橘子","110/07/07","元大-豐原站前",10,0,10
"3896","6180橘子","110/07/07","元大-沙鹿",0,11,-11
"3897","6180橘子","110/07/07","元大-北屯",10,0,10
"3898","6180橘子","110/07/07","永豐金-羅東",0,11,-11
"3899","6180橘子","110/07/07","兆豐-台中",10,1,9
"3900","6180橘子","110/07/07","兆豐-埔墘",0,10,-10
"3901","6180橘子","110/07/07","群益金鼎-開元",9,0,9
"3902","6180橘子","110/07/07","華南永昌-台中",0,10,-10
"3903","2390云辰","110/07/07","元大-向上",144,0,144
"3904","2390云辰","110/07/07","摩根大通",18,674,-656
"3905","2390云辰","110/07/07","元富-中港",102,0,102
"3906","2390云辰","110/07/07","凱基-台北",141,625,-484
"3907","2390云辰","110/07/07","群益金鼎-民權",104,4,100
"3908","2390云辰","110/07/07","美林",32,261,-229
"3909","2390云辰","110/07/07","兆豐-忠孝",81,0,81
"3910","2390云辰","110/07/07","新加坡商瑞銀",50,149,-99
"3911","2390云辰","110/07/07","合庫-新竹",60,0,60
"3912","2390云辰","110/07/07","台灣摩根士丹利",7,87,-80
"3913","2390云辰","110/07/07","元大-土城學府",59,1,58
"3914","2390云辰","110/07/07","元大-金華",2,68,-66
"3915","2390云辰","110/07/07","玉山-大里",58,3,55
"3916","2390云辰","110/07/07","國票-新莊",13,65,-52
"3917","2390云辰","110/07/07","元大-東蘆",54,1,53
"3918","2390云辰","110/07/07","凱基-三重",12,56,-44
"3919","2390云辰","110/07/07","元富-三重",51,0,51
"3920","2390云辰","110/07/07","新光-台中",23,65,-42
"3921","2390云辰","110/07/07","元富-埔里",50,0,50
"3922","2390云辰","110/07/07","第一金-中壢",5,45,-40
"3923","2390云辰","110/07/07","中國信託-三重",52,3,49
"3924","2390云辰","110/07/07","華南永昌-斗六",0,40,-40
"3925","2390云辰","110/07/07","元大-彰化民生",64,15,49
"3926","2390云辰","110/07/07","富邦-新竹華信",25,61,-36
"3927","2390云辰","110/07/07","元大-潮州",50,5,45
"3928","2390云辰","110/07/07","玉山-新莊",2,32,-30
"3929","2390云辰","110/07/07","元富-高雄",57,14,43
"3930","2390云辰","110/07/07","凱基-新豐",17,47,-30
"3931","2390云辰","110/07/07","凱基-和平",40,0,40
"3932","2390云辰","110/07/07","統一-汐止",1,29,-28
"3933","4903聯光通","110/07/06","元大-苗栗",10,0,10
"3934","4903聯光通","110/07/06","宏遠證券",0,13,-13
"3935","4903聯光通","110/07/06","彰銀",5,0,5
"3936","4903聯光通","110/07/06","富邦-新營",0,4,-4
"3937","4903聯光通","110/07/06","元大-松山",5,0,5
"3938","4903聯光通","110/07/06","元富-草屯",0,3,-3
"3939","4903聯光通","110/07/06","新光",3,0,3
"3940","4903聯光通","110/07/06","元大-羅東",0,3,-3
"3941","4903聯光通","110/07/06","群益金鼎-館前",1,0,1
"3942","4903聯光通","110/07/06","元大-北三重",0,2,-2
"3943","4903聯光通","110/07/06","華南永昌-鶯歌",1,0,1
"3944","4903聯光通","110/07/06","國泰-敦南",0,1,-1
"3945","4903聯光通","110/07/06","永豐金-市政",1,0,1
"3946","4903聯光通","110/07/06","元富-板橋",0,0,0
"3947","4903聯光通","110/07/06","元富-板橋",0,0,0
"3948","4903聯光通","110/07/06","華南永昌",0,0,0
"3949","4903聯光通","110/07/06","華南永昌",0,0,0
"3950","4903聯光通","110/07/06","元大-太平",2,2,0
"3951","4903聯光通","110/07/06","元大-太平",2,2,0
"3952","2929淘帝","110/07/06","新光",204,85,119
"3953","2929淘帝","110/07/06","港商野村",62,282,-220
"3954","2929淘帝","110/07/06","日盛-中壢",94,0,94
"3955","2929淘帝","110/07/06","摩根大通",64,264,-200
"3956","2929淘帝","110/07/06","元富-城東",84,0,84
"3957","2929淘帝","110/07/06","統一",0,163,-163
"3958","2929淘帝","110/07/06","日盛-雙和",55,0,55
"3959","2929淘帝","110/07/06","香港上海匯豐",0,141,-141
"3960","2929淘帝","110/07/06","第一金-路竹",71,17,54
"3961","2929淘帝","110/07/06","新加坡商瑞銀",54,179,-125
"3962","2929淘帝","110/07/06","元大-花蓮",44,2,42
"3963","2929淘帝","110/07/06","合庫-高雄",3,122,-119
"3964","2929淘帝","110/07/06","永豐金-大園",73,33,40
"3965","2929淘帝","110/07/06","美林",34,118,-84
"3966","2929淘帝","110/07/06","元大-太平",44,6,38
"3967","2929淘帝","110/07/06","元大-員林",2,82,-80
"3968","2929淘帝","110/07/06","國泰-板橋",40,5,35
"3969","2929淘帝","110/07/06","元富-松德",26,75,-49
"3970","2929淘帝","110/07/06","兆豐-內湖",33,1,32
"3971","2929淘帝","110/07/06","臺銀-臺南",9,52,-43
"3972","2929淘帝","110/07/06","元大-博愛",43,11,32
"3973","2929淘帝","110/07/06","元大-北投",5,48,-43
"3974","2929淘帝","110/07/06","日盛-竹北",40,10,30
"3975","2929淘帝","110/07/06","臺銀-民權",1,41,-40
"3976","2929淘帝","110/07/06","元大-善化",52,22,30
"3977","2929淘帝","110/07/06","兆豐-忠孝",1,41,-40
"3978","2929淘帝","110/07/06","富邦-北港",29,0,29
"3979","2929淘帝","110/07/06","元大-西門",1,36,-35
"3980","2929淘帝","110/07/06","凱基-湖口",27,0,27
"3981","2929淘帝","110/07/06","玉山-嘉義",3,35,-32
"3982","5410國眾","110/07/06","兆豐-城中",28,0,28
"3983","5410國眾","110/07/06","凱基-高美館",1,18,-17
"3984","5410國眾","110/07/06","元大-小港",20,0,20
"3985","5410國眾","110/07/06","國泰-館前",0,15,-15
"3986","5410國眾","110/07/06","元大-新盛",18,0,18
"3987","5410國眾","110/07/06","國泰-板橋",2,17,-15
"3988","5410國眾","110/07/06","香港上海匯豐",15,0,15
"3989","5410國眾","110/07/06","新光",0,13,-13
"3990","5410國眾","110/07/06","華南永昌-小港",15,0,15
"3991","5410國眾","110/07/06","元富-緯城",0,10,-10
"3992","5410國眾","110/07/06","元富-大昌",13,0,13
"3993","5410國眾","110/07/06","中農",0,10,-10
"3994","5410國眾","110/07/06","臺銀-臺南",10,0,10
"3995","5410國眾","110/07/06","凱基-屏東",0,10,-10
"3996","5410國眾","110/07/06","元富-延平",8,0,8
"3997","5410國眾","110/07/06","新光-桃園",0,6,-6
"3998","5410國眾","110/07/06","元大-八德",17,9,8
"3999","5410國眾","110/07/06","高橋-龍潭",0,5,-5
"4000","5410國眾","110/07/06","摩根大通",7,0,7
"4001","5410國眾","110/07/06","元富-世貿",0,5,-5
"4002","5410國眾","110/07/06","凱基-桃園",7,0,7
"4003","5410國眾","110/07/06","群益金鼎-瑞豐",0,5,-5
"4004","5410國眾","110/07/06","永豐金-屏東",7,0,7
"4005","5410國眾","110/07/06","富邦-台中",0,5,-5
"4006","5410國眾","110/07/06","台新-左楠",5,0,5
"4007","5410國眾","110/07/06","永豐金-板橋",0,5,-5
"4008","5410國眾","110/07/06","富邦-竹東",5,0,5
"4009","5410國眾","110/07/06","富邦-台南",0,4,-4
"4010","5410國眾","110/07/06","元大-新莊",5,0,5
"4011","5410國眾","110/07/06","凱基-站前",0,3,-3
"4012","2841台開","110/07/06","群益金鼎-忠孝",100,0,100
"4013","2841台開","110/07/06","港商野村",0,295,-295
"4014","2841台開","110/07/06","台新證券",58,0,58
"4015","2841台開","110/07/06","元大-善化",0,50,-50
"4016","2841台開","110/07/06","台新-台中",58,0,58
"4017","2841台開","110/07/06","元大-四維",0,50,-50
"4018","2841台開","110/07/06","永豐金-敦南",50,0,50
"4019","2841台開","110/07/06","台新-新營",0,30,-30
"4020","2841台開","110/07/06","元大-台中",45,0,45
"4021","2841台開","110/07/06","群益金鼎-桃園",0,21,-21
"4022","2841台開","110/07/06","凱基-文心",43,0,43
"4023","2841台開","110/07/06","台中銀-員林",0,20,-20
"4024","2841台開","110/07/06","永豐金-潮州",30,0,30
"4025","2841台開","110/07/06","群益金鼎-延平",0,15,-15
"4026","2841台開","110/07/06","第一金-自由",25,0,25
"4027","2841台開","110/07/06","元大-三重",0,13,-13
"4028","2841台開","110/07/06","美商高盛",17,0,17
"4029","2841台開","110/07/06","元富-古亭",0,10,-10
"4030","2841台開","110/07/06","大昌-安康",39,22,17
"4031","2841台開","110/07/06","群益金鼎-北高雄",0,10,-10
"4032","2841台開","110/07/06","台中銀",15,0,15
"4033","2841台開","110/07/06","華南永昌-南京",0,10,-10
"4034","2841台開","110/07/06","玉山-嘉義",15,0,15
"4035","2841台開","110/07/06","富邦-花蓮",0,10,-10
"4036","2841台開","110/07/06","新光",11,0,11
"4037","2841台開","110/07/06","富邦-高雄",0,10,-10
"4038","2841台開","110/07/06","兆豐-永和",10,0,10
"4039","2841台開","110/07/06","元大-竹山",0,10,-10
"4040","2841台開","110/07/06","康和-內湖",10,0,10
"4041","2841台開","110/07/06","元大-屏東",0,10,-10
"4042","6207雷科","110/07/06","新光",45,4,41
"4043","6207雷科","110/07/06","凱基-高美館",1,104,-103
"4044","6207雷科","110/07/06","統一-基隆",30,0,30
"4045","6207雷科","110/07/06","摩根大通",11,45,-34
"4046","6207雷科","110/07/06","康和-南崁",13,0,13
"4047","6207雷科","110/07/06","群益金鼎-新竹",0,22,-22
"4048","6207雷科","110/07/06","宏遠-台南",10,0,10
"4049","6207雷科","110/07/06","港商野村",2,23,-21
"4050","6207雷科","110/07/06","國票-和平",10,0,10
"4051","6207雷科","110/07/06","凱基-台北",0,14,-14
"4052","6207雷科","110/07/06","永豐金-天母",10,0,10
"4053","6207雷科","110/07/06","台新-三民",0,12,-12
"4054","6207雷科","110/07/06","台新證券",10,1,9
"4055","6207雷科","110/07/06","群益金鼎-開元",1,11,-10
"4056","6207雷科","110/07/06","群益金鼎-士林",8,0,8
"4057","6207雷科","110/07/06","富邦-南屯",0,8,-8
"4058","6207雷科","110/07/06","群益金鼎-瑞豐",7,0,7
"4059","6207雷科","110/07/06","元大-善化",0,8,-8
"4060","6207雷科","110/07/06","元大-四維",7,0,7
"4061","6207雷科","110/07/06","日盛-頭份",0,5,-5
"4062","6207雷科","110/07/06","國票-中和",6,0,6
"4063","6207雷科","110/07/06","第一金-高雄",0,5,-5
"4064","6207雷科","110/07/06","台新-中壢",6,0,6
"4065","6207雷科","110/07/06","凱基-八德",0,5,-5
"4066","6207雷科","110/07/06","凱基-高雄",6,0,6
"4067","6207雷科","110/07/06","凱基-頭份",0,5,-5
"4068","6207雷科","110/07/06","富邦-彰化",6,0,6
"4069","6207雷科","110/07/06","合庫-新竹",0,4,-4
"4070","6207雷科","110/07/06","凱基-大安",5,0,5
"4071","6207雷科","110/07/06","新光-高雄",0,4,-4
"4072","3679新至陞","110/07/06","凱基",11,0,11
"4073","3679新至陞","110/07/06","摩根大通",0,22,-22
"4074","3679新至陞","110/07/06","台中銀-員林",11,1,10
"4075","3679新至陞","110/07/06","凱基-台北",6,21,-15
"4076","3679新至陞","110/07/06","安泰-大發",10,0,10
"4077","3679新至陞","110/07/06","瑞士信貸",0,13,-13
"4078","3679新至陞","110/07/06","香港上海匯豐",8,0,8
"4079","3679新至陞","110/07/06","富邦-苗栗",0,10,-10
"4080","3679新至陞","110/07/06","永豐金證券",8,2,6
"4081","3679新至陞","110/07/06","元大-永春",0,6,-6
"4082","3679新至陞","110/07/06","第一金-高雄",5,0,5
"4083","3679新至陞","110/07/06","凱基-興隆",0,5,-5
"4084","3679新至陞","110/07/06","群益金鼎-高盛",3,0,3
"4085","3679新至陞","110/07/06","國泰-桃園",0,3,-3
"4086","3679新至陞","110/07/06","元大-嘉義",3,0,3
"4087","3679新至陞","110/07/06","元大-萬華",2,5,-3
"4088","3679新至陞","110/07/06","臺銀-高雄",2,0,2
"4089","3679新至陞","110/07/06","美林",0,2,-2
"4090","3679新至陞","110/07/06","日盛-復興",2,0,2
"4091","3679新至陞","110/07/06","第一金-華江",0,2,-2
"4092","3679新至陞","110/07/06","日盛-樹林",4,2,2
"4093","3679新至陞","110/07/06","新光-台中",0,2,-2
"4094","3679新至陞","110/07/06","宏遠-館前",2,0,2
"4095","3679新至陞","110/07/06","華南永昌-民權",0,2,-2
"4096","3679新至陞","110/07/06","台新證券",2,0,2
"4097","3679新至陞","110/07/06","元大-板橋",0,2,-2
"4098","3679新至陞","110/07/06","康和-板橋",2,0,2
"4099","3679新至陞","110/07/06","日盛-板橋中山",0,1,-1
"4100","3679新至陞","110/07/06","群益金鼎-台南",2,0,2
"4101","3679新至陞","110/07/06","宏遠證券",0,1,-1
"4102","2727王品","110/07/06","元大證券",1033,729,304
"4103","2727王品","110/07/06","台灣摩根士丹利",35,184,-149
"4104","2727王品","110/07/06","富邦-台北",332,46,286
"4105","2727王品","110/07/06","元大-北屯",11,79,-68
"4106","2727王品","110/07/06","統一",252,43,209
"4107","2727王品","110/07/06","元富-敦南",4,70,-66
"4108","2727王品","110/07/06","永豐金-松山",147,14,133
"4109","2727王品","110/07/06","元大-基隆孝二",11,75,-64
"4110","2727王品","110/07/06","富邦-嘉義",301,198,103
"4111","2727王品","110/07/06","臺銀-臺南",9,69,-60
"4112","2727王品","110/07/06","新加坡商瑞銀",128,34,94
"4113","2727王品","110/07/06","中國信託-忠孝",5,48,-43
"4114","2727王品","110/07/06","元富-台南",97,6,91
"4115","2727王品","110/07/06","永豐金-市政",5,46,-41
"4116","2727王品","110/07/06","台新證券",169,105,64
"4117","2727王品","110/07/06","彰銀-台中",19,56,-37
"4118","2727王品","110/07/06","美林",115,58,57
"4119","2727王品","110/07/06","玉山證券",30,67,-37
"4120","2727王品","110/07/06","華南永昌",75,23,52
"4121","2727王品","110/07/06","凱基-埔墘",4,41,-37
"4122","2727王品","110/07/06","凱基-台北",445,398,47
"4123","2727王品","110/07/06","永豐金-大園",3,40,-37
"4124","2727王品","110/07/06","凱基-大直",48,7,41
"4125","2727王品","110/07/06","元富",2,37,-35
"4126","2727王品","110/07/06","凱基-林口",45,4,41
"4127","2727王品","110/07/06","富邦-仁愛",32,64,-32
"4128","2727王品","110/07/06","德信",40,1,39
"4129","2727王品","110/07/06","玉山-板橋",52,82,-30
"4130","2727王品","110/07/06","第一金",42,5,37
"4131","2727王品","110/07/06","中國信託-文心",10,39,-29
"4132","1570力肯","110/07/06","香港上海匯豐",47,0,47
"4133","1570力肯","110/07/06","新光",2,107,-105
"4134","1570力肯","110/07/06","元大-高雄",55,16,39
"4135","1570力肯","110/07/06","摩根大通",11,58,-47
"4136","1570力肯","110/07/06","元富-緯城",37,0,37
"4137","1570力肯","110/07/06","高橋",4,50,-46
"4138","1570力肯","110/07/06","台新-台南",16,0,16
"4139","1570力肯","110/07/06","合庫-桃園",0,20,-20
"4140","1570力肯","110/07/06","元大-新竹經國",14,0,14
"4141","1570力肯","110/07/06","永豐金-板盛",0,18,-18
"4142","1570力肯","110/07/06","富邦-左營",12,0,12
"4143","1570力肯","110/07/06","華南永昌-公誠",0,9,-9
"4144","1570力肯","110/07/06","國票-中正",12,2,10
"4145","1570力肯","110/07/06","凱基-台北",1,9,-8
"4146","1570力肯","110/07/06","國票-博愛",10,0,10
"4147","1570力肯","110/07/06","臺銀-臺中",0,6,-6
"4148","1570力肯","110/07/06","統一-敦南",12,5,7
"4149","1570力肯","110/07/06","台新-三民",0,5,-5
"4150","1570力肯","110/07/06","群益金鼎-三重",7,0,7
"4151","1570力肯","110/07/06","華南永昌-麻豆",0,5,-5
"4152","1570力肯","110/07/06","臺銀-臺南",6,0,6
"4153","1570力肯","110/07/06","合庫-台南",0,4,-4
"4154","1570力肯","110/07/06","大慶-蘆洲",6,0,6
"4155","1570力肯","110/07/06","統一-員林",0,4,-4
"4156","1570力肯","110/07/06","元富-新店",6,0,6
"4157","1570力肯","110/07/06","康和-澎湖",0,4,-4
"4158","1570力肯","110/07/06","玉山-雙和",7,1,6
"4159","1570力肯","110/07/06","華南永昌-斗六",0,4,-4
"4160","1570力肯","110/07/06","永豐金-敦南",9,3,6
"4161","1570力肯","110/07/06","元大-和平",0,4,-4
"4162","6180橘子","110/07/06","凱基-台北",72,12,60
"4163","6180橘子","110/07/06","臺銀-金山",5,105,-100
"4164","6180橘子","110/07/06","美林",29,0,29
"4165","6180橘子","110/07/06","元大-台中",0,100,-100
"4166","6180橘子","110/07/06","合庫-自強",21,0,21
"4167","6180橘子","110/07/06","康和-台南",3,50,-47
"4168","6180橘子","110/07/06","凱基-三峽",17,0,17
"4169","6180橘子","110/07/06","元大-中和",0,35,-35
"4170","6180橘子","110/07/06","富邦-虎尾",15,1,14
"4171","6180橘子","110/07/06","中國信託-忠孝",0,16,-16
"4172","6180橘子","110/07/06","元富-潮州",13,0,13
"4173","6180橘子","110/07/06","玉山-高雄",0,12,-12
"4174","6180橘子","110/07/06","中國信託-永康",13,0,13
"4175","6180橘子","110/07/06","港商野村",0,11,-11
"4176","6180橘子","110/07/06","元大-草屯",18,5,13
"4177","6180橘子","110/07/06","群益金鼎-松山",0,11,-11
"4178","6180橘子","110/07/06","臺銀",11,0,11
"4179","6180橘子","110/07/06","永豐金-豐原",0,11,-11
"4180","6180橘子","110/07/06","新光",15,4,11
"4181","6180橘子","110/07/06","元富-嘉義",5,15,-10
"4182","6180橘子","110/07/06","元大-竹東",11,0,11
"4183","6180橘子","110/07/06","玉山-士林",0,10,-10
"4184","6180橘子","110/07/06","宏遠-台中",10,0,10
"4185","6180橘子","110/07/06","凱基-北門",0,10,-10
"4186","6180橘子","110/07/06","第一金-台南",10,0,10
"4187","6180橘子","110/07/06","第一金-忠孝",0,9,-9
"4188","6180橘子","110/07/06","國泰-敦南",10,0,10
"4189","6180橘子","110/07/06","統一-基隆",0,9,-9
"4190","6180橘子","110/07/06","富邦-嘉義",10,0,10
"4191","6180橘子","110/07/06","安泰-大發",1,10,-9
"4192","2390云辰","110/07/06","元大-天母",975,276,699
"4193","2390云辰","110/07/06","台灣摩根士丹利",3,265,-262
"4194","2390云辰","110/07/06","摩根大通",688,312,376
"4195","2390云辰","110/07/06","群益金鼎-海山",3,166,-163
"4196","2390云辰","110/07/06","國泰-忠孝",164,3,161
"4197","2390云辰","110/07/06","國泰-敦南",188,339,-151
"4198","2390云辰","110/07/06","富邦-北港",140,7,133
"4199","2390云辰","110/07/06","元大-土城學府",12,119,-107
"4200","2390云辰","110/07/06","聯邦商銀",151,22,129
"4201","2390云辰","110/07/06","永豐金-高雄",4,103,-99
"4202","2390云辰","110/07/06","中國信託-文心",143,17,126
"4203","2390云辰","110/07/06","土銀-士林",0,94,-94
"4204","2390云辰","110/07/06","永豐金-中正",133,7,126
"4205","2390云辰","110/07/06","元大-佳里",11,91,-80
"4206","2390云辰","110/07/06","群益金鼎-大興",178,76,102
"4207","2390云辰","110/07/06","玉山-台中",10,86,-76
"4208","2390云辰","110/07/06","元富-中港",103,3,100
"4209","2390云辰","110/07/06","新光",251,324,-73
"4210","2390云辰","110/07/06","統一-新台中",104,12,92
"4211","2390云辰","110/07/06","富邦-敦南",29,101,-72
"4212","2390云辰","110/07/06","新加坡商瑞銀",211,120,91
"4213","2390云辰","110/07/06","兆豐-台中",0,58,-58
"4214","2390云辰","110/07/06","兆豐-忠孝",100,11,89
"4215","2390云辰","110/07/06","日盛證券",16,73,-57
"4216","2390云辰","110/07/06","凱基-林口",87,9,78
"4217","2390云辰","110/07/06","元大-東泰",5,61,-56
"4218","2390云辰","110/07/06","元富-西松",72,4,68
"4219","2390云辰","110/07/06","台新證券",136,190,-54
"4220","2390云辰","110/07/06","台新-左楠",66,9,57
"4221","2390云辰","110/07/06","元大-六合",10,63,-53
