"","stake","date","name","buy","sell","total"
"1","2867三商壽","110/08/11","摩根大通",509,31,478
"2","2867三商壽","110/08/11","港商野村",13,188,-175
"3","2867三商壽","110/08/11","美商高盛",157,17,140
"4","2867三商壽","110/08/11","宏遠-高雄",0,150,-150
"5","2867三商壽","110/08/11","凱基-台北",123,14,109
"6","2867三商壽","110/08/11","日盛-鳳山",0,73,-73
"7","2867三商壽","110/08/11","凱基-八德",101,0,101
"8","2867三商壽","110/08/11","德信-中正",0,71,-71
"9","2867三商壽","110/08/11","統一-平鎮",100,0,100
"10","2867三商壽","110/08/11","凱基-新豐",1,67,-66
"11","2867三商壽","110/08/11","元大-土城永寧",94,5,89
"12","2867三商壽","110/08/11","土銀-新竹",0,60,-60
"13","2867三商壽","110/08/11","元大-沙鹿",63,0,63
"14","2867三商壽","110/08/11","凱基-中港",0,55,-55
"15","2867三商壽","110/08/11","新加坡商瑞銀",55,1,54
"16","2867三商壽","110/08/11","中國信託-文心",11,61,-50
"17","2867三商壽","110/08/11","台灣摩根士丹利",60,10,50
"18","2867三商壽","110/08/11","國泰-新莊",2,50,-48
"19","2867三商壽","110/08/11","元富-潮州",41,0,41
"20","2867三商壽","110/08/11","群益金鼎",0,40,-40
"21","2867三商壽","110/08/11","統一-汐止",40,0,40
"22","2867三商壽","110/08/11","元大-大益",0,40,-40
"23","2867三商壽","110/08/11","新光-高雄",40,4,36
"24","2867三商壽","110/08/11","富邦-板橋",5,38,-33
"25","2867三商壽","110/08/11","玉山-板橋",31,1,30
"26","2867三商壽","110/08/11","元富-古亭",0,30,-30
"27","2867三商壽","110/08/11","美林",194,168,26
"28","2867三商壽","110/08/11","元大-金華",0,30,-30
"29","2867三商壽","110/08/11","凱基",24,0,24
"30","2867三商壽","110/08/11","元大-汐止",13,42,-29
"31","5521工信","110/08/11","摩根大通",417,16,401
"32","5521工信","110/08/11","元大-沙鹿",0,103,-103
"33","5521工信","110/08/11","凱基-台北",86,5,81
"34","5521工信","110/08/11","華南永昌",0,43,-43
"35","5521工信","110/08/11","日進",73,0,73
"36","5521工信","110/08/11","聯邦-雙和",0,42,-42
"37","5521工信","110/08/11","日盛證券",70,0,70
"38","5521工信","110/08/11","元富-基隆",0,38,-38
"39","5521工信","110/08/11","富邦-台北",65,0,65
"40","5521工信","110/08/11","第一金-路竹",0,37,-37
"41","5521工信","110/08/11","富邦-苗栗",50,0,50
"42","5521工信","110/08/11","土銀-台中",0,35,-35
"43","5521工信","110/08/11","永豐金-鳳山",40,1,39
"44","5521工信","110/08/11","玉山-高雄",0,30,-30
"45","5521工信","110/08/11","台灣企銀-北高雄",30,0,30
"46","5521工信","110/08/11","凱基-台南",0,30,-30
"47","5521工信","110/08/11","美林",71,42,29
"48","5521工信","110/08/11","凱基-復興",0,30,-30
"49","5521工信","110/08/11","台新-台中",31,6,25
"50","5521工信","110/08/11","元大-屏南",0,30,-30
"51","5521工信","110/08/11","凱基-鳳山",20,0,20
"52","5521工信","110/08/11","永豐金-天母",0,30,-30
"53","5521工信","110/08/11","元大-東蘆",20,0,20
"54","5521工信","110/08/11","華南永昌-潮州",4,32,-28
"55","5521工信","110/08/11","群益金鼎-士林",21,3,18
"56","5521工信","110/08/11","華南永昌-彰化",13,39,-26
"57","5521工信","110/08/11","永豐金證券",14,0,14
"58","5521工信","110/08/11","日盛-新莊",0,25,-25
"59","5521工信","110/08/11","瑞士信貸",13,0,13
"60","5521工信","110/08/11","群益金鼎-敦南",0,25,-25
"61","1471首利","110/08/11","瑞士信貸",162,0,162
"62","1471首利","110/08/11","日盛-和美",1,55,-54
"63","1471首利","110/08/11","永全-八德",100,0,100
"64","1471首利","110/08/11","臺銀-臺中",3,55,-52
"65","1471首利","110/08/11","摩根大通",128,46,82
"66","1471首利","110/08/11","永豐金-板盛",0,42,-42
"67","1471首利","110/08/11","台新證券",48,7,41
"68","1471首利","110/08/11","兆豐-桃園",0,40,-40
"69","1471首利","110/08/11","凱基-台南",30,0,30
"70","1471首利","110/08/11","凱基-東門",0,40,-40
"71","1471首利","110/08/11","凱基-內埔",20,0,20
"72","1471首利","110/08/11","元大-新竹經國",0,40,-40
"73","1471首利","110/08/11","元大-蘆洲",20,0,20
"74","1471首利","110/08/11","群益金鼎-中港",0,35,-35
"75","1471首利","110/08/11","台新-高雄",16,0,16
"76","1471首利","110/08/11","元大-竹山",0,30,-30
"77","1471首利","110/08/11","大慶-富順",13,0,13
"78","1471首利","110/08/11","富邦-新竹",1,30,-29
"79","1471首利","110/08/11","群益金鼎-海山",13,0,13
"80","1471首利","110/08/11","日盛-八德",0,27,-27
"81","1471首利","110/08/11","日盛-大墩",12,0,12
"82","1471首利","110/08/11","大慶-蘆洲",5,30,-25
"83","1471首利","110/08/11","凱基-三重",12,0,12
"84","1471首利","110/08/11","元富-林園",0,25,-25
"85","1471首利","110/08/11","華南永昌-林口",12,0,12
"86","1471首利","110/08/11","元富-大昌",0,25,-25
"87","1471首利","110/08/11","富邦-中壢",13,2,11
"88","1471首利","110/08/11","新光",9,34,-25
"89","1471首利","110/08/11","合庫-台中",10,0,10
"90","1471首利","110/08/11","兆豐-寶成",0,24,-24
"91","2883開發金","110/08/11","瑞士信貸",5796,0,5796
"92","2883開發金","110/08/11","元富",772,4335,-3563
"93","2883開發金","110/08/11","元大-板橋三民",4182,53,4129
"94","2883開發金","110/08/11","美林",2516,5260,-2744
"95","2883開發金","110/08/11","合庫證券",3532,28,3504
"96","2883開發金","110/08/11","永豐金-彰化",42,2447,-2405
"97","2883開發金","110/08/11","兆豐證券",2123,44,2079
"98","2883開發金","110/08/11","元大證券",1279,3467,-2188
"99","2883開發金","110/08/11","台灣摩根士丹利",2946,1744,1202
"100","2883開發金","110/08/11","國票-長城",0,2014,-2014
"101","2883開發金","110/08/11","富邦-建國",1195,92,1103
"102","2883開發金","110/08/11","港商野村",3121,4600,-1479
"103","2883開發金","110/08/11","新光-新竹",1140,38,1102
"104","2883開發金","110/08/11","元大-金華",31,1341,-1310
"105","2883開發金","110/08/11","美商高盛",1600,535,1065
"106","2883開發金","110/08/11","元大-彰化",67,1218,-1151
"107","2883開發金","110/08/11","群益金鼎-南京",1083,202,881
"108","2883開發金","110/08/11","玉山-高雄",99,986,-887
"109","2883開發金","110/08/11","凱基-台北",5046,4258,788
"110","2883開發金","110/08/11","元富-彰化",27,813,-786
"111","2883開發金","110/08/11","港商法國興業",728,0,728
"112","2883開發金","110/08/11","摩根大通",3362,4085,-723
"113","2883開發金","110/08/11","玉山證券",716,98,618
"114","2883開發金","110/08/11","國泰證券",21,658,-637
"115","2883開發金","110/08/11","凱基-豐中",634,76,558
"116","2883開發金","110/08/11","富邦-新店",61,662,-601
"117","2883開發金","110/08/11","永豐金-忠孝",1406,858,548
"118","2883開發金","110/08/11","元大-小港",71,667,-596
"119","2883開發金","110/08/11","元大-民生",532,2,530
"120","2883開發金","110/08/11","富邦-台北",213,798,-585
"121","6205詮欣","110/08/11","臺銀-民權",25,0,25
"122","6205詮欣","110/08/11","摩根大通",2,46,-44
"123","6205詮欣","110/08/11","合庫-三重",20,0,20
"124","6205詮欣","110/08/11","永豐金-敦南",0,14,-14
"125","6205詮欣","110/08/11","元富-宜蘭",20,0,20
"126","6205詮欣","110/08/11","瑞士信貸",0,11,-11
"127","6205詮欣","110/08/11","德信-新營",10,0,10
"128","6205詮欣","110/08/11","永豐金-忠孝",0,10,-10
"129","6205詮欣","110/08/11","元大-西屯",10,0,10
"130","6205詮欣","110/08/11","統一-汐止",0,6,-6
"131","6205詮欣","110/08/11","永豐金-中正",9,0,9
"132","6205詮欣","110/08/11","港商野村",0,5,-5
"133","6205詮欣","110/08/11","日盛-三重",5,0,5
"134","6205詮欣","110/08/11","新光",0,5,-5
"135","6205詮欣","110/08/11","日盛-花蓮",5,0,5
"136","6205詮欣","110/08/11","群益金鼎-開元",0,5,-5
"137","6205詮欣","110/08/11","宏遠證券",5,0,5
"138","6205詮欣","110/08/11","富邦-陽明",0,5,-5
"139","6205詮欣","110/08/11","高橋",5,0,5
"140","6205詮欣","110/08/11","元大-館前",0,5,-5
"141","6205詮欣","110/08/11","亞東-板橋",4,0,4
"142","6205詮欣","110/08/11","大慶-中壢",0,4,-4
"143","6205詮欣","110/08/11","元富-基隆",3,0,3
"144","6205詮欣","110/08/11","凱基-和平",0,4,-4
"145","6205詮欣","110/08/11","元大-台中中港",3,0,3
"146","6205詮欣","110/08/11","富邦-台北",0,4,-4
"147","6205詮欣","110/08/11","合庫-彰化",2,0,2
"148","6205詮欣","110/08/11","元大-南投",0,4,-4
"149","6205詮欣","110/08/11","元大-西門",2,0,2
"150","6205詮欣","110/08/11","元大-東蘆",0,4,-4
"151","1540喬福","110/08/11","元富-中原",30,0,30
"152","1540喬福","110/08/11","統一-新台中",0,18,-18
"153","1540喬福","110/08/11","台中銀",17,0,17
"154","1540喬福","110/08/11","凱基-台北",0,16,-16
"155","1540喬福","110/08/11","富邦-竹北",11,0,11
"156","1540喬福","110/08/11","永豐金-板新",0,15,-15
"157","1540喬福","110/08/11","國泰-敦南",8,0,8
"158","1540喬福","110/08/11","永豐金-中盛",0,11,-11
"159","1540喬福","110/08/11","凱基-中壢",6,0,6
"160","1540喬福","110/08/11","元大-中壢",0,10,-10
"161","1540喬福","110/08/11","凱基-台南",5,0,5
"162","1540喬福","110/08/11","玉山-台南",0,4,-4
"163","1540喬福","110/08/11","元大-土城永寧",3,0,3
"164","1540喬福","110/08/11","國票-南科",0,3,-3
"165","1540喬福","110/08/11","臺銀-鳳山",2,0,2
"166","1540喬福","110/08/11","元大-龍潭",0,3,-3
"167","1540喬福","110/08/11","日盛-台中",2,0,2
"168","1540喬福","110/08/11","臺銀-臺中",0,2,-2
"169","1540喬福","110/08/11","兆豐-北高雄",2,0,2
"170","1540喬福","110/08/11","(牛牛牛)亞-網路",0,2,-2
"171","1540喬福","110/08/11","兆豐-三民",2,0,2
"172","1540喬福","110/08/11","新光-台南",0,2,-2
"173","1540喬福","110/08/11","合庫-桃園",1,0,1
"174","1540喬福","110/08/11","凱基-永和",0,2,-2
"175","1540喬福","110/08/11","臺銀-民權",1,0,1
"176","1540喬福","110/08/11","元大-南崁",0,2,-2
"177","1540喬福","110/08/11","臺銀-高雄",1,0,1
"178","1540喬福","110/08/11","美林",0,1,-1
"179","1540喬福","110/08/11","日盛-永康",1,0,1
"180","1540喬福","110/08/11","美商高盛",0,1,-1
"181","2888新光金","110/08/11","摩根大通",6950,1470,5480
"182","2888新光金","110/08/11","第一金-高雄",5,5018,-5013
"183","2888新光金","110/08/11","元大-忠孝鼎富",4314,11,4303
"184","2888新光金","110/08/11","永豐金-天母",0,2241,-2241
"185","2888新光金","110/08/11","美商高盛",4420,228,4192
"186","2888新光金","110/08/11","統一-中壢",11,1720,-1709
"187","2888新光金","110/08/11","瑞士信貸",2928,166,2762
"188","2888新光金","110/08/11","美林",1510,3170,-1660
"189","2888新光金","110/08/11","群益金鼎",1859,0,1859
"190","2888新光金","110/08/11","國票-台東",21,1606,-1585
"191","2888新光金","110/08/11","凱基-台北",5335,3700,1635
"192","2888新光金","110/08/11","元富-城東",25,1082,-1057
"193","2888新光金","110/08/11","新加坡商瑞銀",1506,65,1441
"194","2888新光金","110/08/11","台灣摩根士丹利",916,1951,-1035
"195","2888新光金","110/08/11","港商法國興業",1338,0,1338
"196","2888新光金","110/08/11","中國信託",25,740,-715
"197","2888新光金","110/08/11","元富-中港",1250,9,1241
"198","2888新光金","110/08/11","新光",391,1047,-656
"199","2888新光金","110/08/11","福邦-新竹",1176,0,1176
"200","2888新光金","110/08/11","合庫-高雄",1,567,-566
"201","2888新光金","110/08/11","凱基-林口",1005,35,970
"202","2888新光金","110/08/11","康和-台中",1,463,-462
"203","2888新光金","110/08/11","港商野村",1301,434,867
"204","2888新光金","110/08/11","玉山證券",260,691,-431
"205","2888新光金","110/08/11","國票-安和",1179,519,660
"206","2888新光金","110/08/11","元大-和平",4,382,-378
"207","2888新光金","110/08/11","富邦-敦南",569,19,550
"208","2888新光金","110/08/11","日盛-新莊",0,350,-350
"209","2888新光金","110/08/11","香港上海匯豐",441,0,441
"210","2888新光金","110/08/11","群益金鼎-大興",1,341,-340
"211","1340勝悅","110/08/11","華南永昌-高雄",24,4,20
"212","1340勝悅","110/08/11","元大-大統",0,42,-42
"213","1340勝悅","110/08/11","亞東-板橋",18,0,18
"214","1340勝悅","110/08/11","(牛牛牛)亞-鑫豐",0,25,-25
"215","1340勝悅","110/08/11","永豐金-台南",12,0,12
"216","1340勝悅","110/08/11","美林",0,20,-20
"217","1340勝悅","110/08/11","永豐金-板盛",10,0,10
"218","1340勝悅","110/08/11","摩根大通",0,18,-18
"219","1340勝悅","110/08/11","永豐金-天母",9,0,9
"220","1340勝悅","110/08/11","元富-基隆",0,12,-12
"221","1340勝悅","110/08/11","國泰-敦南",15,7,8
"222","1340勝悅","110/08/11","玉山-高雄",0,12,-12
"223","1340勝悅","110/08/11","群益金鼎-館前",8,0,8
"224","1340勝悅","110/08/11","元大-桃興",0,10,-10
"225","1340勝悅","110/08/11","凱基-台中",7,0,7
"226","1340勝悅","110/08/11","永豐金-博愛",0,10,-10
"227","1340勝悅","110/08/11","統一-城中",6,0,6
"228","1340勝悅","110/08/11","瑞士信貸",0,8,-8
"229","1340勝悅","110/08/11","群益金鼎-崇德",6,0,6
"230","1340勝悅","110/08/11","日盛-台中",0,6,-6
"231","1340勝悅","110/08/11","永豐金-松山",6,0,6
"232","1340勝悅","110/08/11","元大-景美",0,6,-6
"233","1340勝悅","110/08/11","臺銀-鳳山",5,0,5
"234","1340勝悅","110/08/11","日盛-信義",0,5,-5
"235","1340勝悅","110/08/11","永全-南崁",5,0,5
"236","1340勝悅","110/08/11","台新證券",0,5,-5
"237","1340勝悅","110/08/11","玉山-士林",5,0,5
"238","1340勝悅","110/08/11","元大-忠孝鼎富",0,5,-5
"239","1340勝悅","110/08/11","國泰-台中",15,10,5
"240","1340勝悅","110/08/11","元大-中壢",0,5,-5
"241","6246臺龍","110/08/11","永興",40,3,37
"242","6246臺龍","110/08/11","港商野村",6,139,-133
"243","6246臺龍","110/08/11","永豐金-內湖",42,9,33
"244","6246臺龍","110/08/11","統一",0,97,-97
"245","6246臺龍","110/08/11","元大-豐原站前",68,41,27
"246","6246臺龍","110/08/11","兆豐-松德",0,82,-82
"247","6246臺龍","110/08/11","日盛-員林",21,1,20
"248","6246臺龍","110/08/11","元大-新盛",24,80,-56
"249","6246臺龍","110/08/11","康和-澎湖",20,0,20
"250","6246臺龍","110/08/11","元大-北港",0,35,-35
"251","6246臺龍","110/08/11","元大-歸仁",18,0,18
"252","6246臺龍","110/08/11","元大-西門",0,28,-28
"253","6246臺龍","110/08/11","元大-中壢",35,17,18
"254","6246臺龍","110/08/11","永興-台中",0,27,-27
"255","6246臺龍","110/08/11","玉山-大里",17,0,17
"256","6246臺龍","110/08/11","永興-水湳",0,25,-25
"257","6246臺龍","110/08/11","大慶-泰山",15,0,15
"258","6246臺龍","110/08/11","元大-西螺",6,30,-24
"259","6246臺龍","110/08/11","永豐金-松山",15,1,14
"260","6246臺龍","110/08/11","元大-西屯",2,25,-23
"261","6246臺龍","110/08/11","凱基-永和",13,0,13
"262","6246臺龍","110/08/11","新光",45,67,-22
"263","6246臺龍","110/08/11","華南永昌-嘉義",13,0,13
"264","6246臺龍","110/08/11","第一金-台中",0,20,-20
"265","6246臺龍","110/08/11","富邦-三重",13,0,13
"266","6246臺龍","110/08/11","兆豐-南京",0,20,-20
"267","6246臺龍","110/08/11","日盛-高雄",12,0,12
"268","6246臺龍","110/08/11","日盛-頭份",2,20,-18
"269","6246臺龍","110/08/11","群益金鼎-北高雄",12,0,12
"270","6246臺龍","110/08/11","宏遠-桃園",0,17,-17
"271","00715L期街口布蘭特正2","110/08/11","元大證券",11593,2378,9215
"272","00715L期街口布蘭特正2","110/08/11","凱基-台北",313,3001,-2688
"273","00715L期街口布蘭特正2","110/08/11","永豐金-新店",1600,4,1596
"274","00715L期街口布蘭特正2","110/08/11","富邦-南屯",403,1908,-1505
"275","00715L期街口布蘭特正2","110/08/11","第一金-台中",1282,31,1251
"276","00715L期街口布蘭特正2","110/08/11","新光",152,1165,-1013
"277","00715L期街口布蘭特正2","110/08/11","元大-敦化",1200,20,1180
"278","00715L期街口布蘭特正2","110/08/11","第一金-台南",0,519,-519
"279","00715L期街口布蘭特正2","110/08/11","永豐金證券",1128,53,1075
"280","00715L期街口布蘭特正2","110/08/11","統一-新竹",13,506,-493
"281","00715L期街口布蘭特正2","110/08/11","元大-復北",556,21,535
"282","00715L期街口布蘭特正2","110/08/11","台新-三民",0,438,-438
"283","00715L期街口布蘭特正2","110/08/11","日盛-永康",340,0,340
"284","00715L期街口布蘭特正2","110/08/11","富邦-彰化",30,391,-361
"285","00715L期街口布蘭特正2","110/08/11","群益金鼎-板橋",350,17,333
"286","00715L期街口布蘭特正2","110/08/11","元富-中壢",5,316,-311
"287","00715L期街口布蘭特正2","110/08/11","元富",325,2,323
"288","00715L期街口布蘭特正2","110/08/11","凱基-豐中",0,302,-302
"289","00715L期街口布蘭特正2","110/08/11","凱基-科園",300,0,300
"290","00715L期街口布蘭特正2","110/08/11","康和",359,645,-286
"291","00715L期街口布蘭特正2","110/08/11","元大-蘆洲",311,59,252
"292","00715L期街口布蘭特正2","110/08/11","元富-成功",5,290,-285
"293","00715L期街口布蘭特正2","110/08/11","群益金鼎-崇德",251,20,231
"294","00715L期街口布蘭特正2","110/08/11","台新-松江",0,268,-268
"295","00715L期街口布蘭特正2","110/08/11","富邦-建國",265,42,223
"296","00715L期街口布蘭特正2","110/08/11","元大-前金",21,279,-258
"297","00715L期街口布蘭特正2","110/08/11","富邦-嘉義",300,99,201
"298","00715L期街口布蘭特正2","110/08/11","國泰-高雄",13,236,-223
"299","00715L期街口布蘭特正2","110/08/11","元大-竹科",314,115,199
"300","00715L期街口布蘭特正2","110/08/11","中國信託-嘉義",4,223,-219
"301","8941關中","110/08/11","凱基-市府",1,0,1
"302","8941關中","110/08/11","元大-古亭",0,1,-1
"303","8941關中","110/08/11","康和-板橋",0,0,0
"304","8941關中","110/08/11","康和-板橋",0,0,0
"305","8941關中","110/08/11","國泰-忠孝",0,0,0
"306","8941關中","110/08/11","國泰-忠孝",0,0,0
"307","8941關中","110/08/11","富邦-北港",0,0,0
"308","8941關中","110/08/11","富邦-北港",0,0,0
"309","8941關中","110/08/11","元大證券",0,0,0
"310","8941關中","110/08/11","元大證券",0,0,0
"311","8941關中","110/08/11","",NA,NA,NA
"312","8941關中","110/08/11","",NA,NA,NA
"313","8941關中","110/08/11","",NA,NA,NA
"314","8941關中","110/08/11","",NA,NA,NA
"315","8941關中","110/08/11","",NA,NA,NA
"316","8941關中","110/08/11","",NA,NA,NA
"317","8941關中","110/08/11","",NA,NA,NA
"318","8941關中","110/08/11","",NA,NA,NA
"319","8941關中","110/08/11","",NA,NA,NA
"320","8941關中","110/08/11","",NA,NA,NA
"321","8941關中","110/08/11","",NA,NA,NA
"322","8941關中","110/08/11","",NA,NA,NA
"323","8941關中","110/08/11","",NA,NA,NA
"324","8941關中","110/08/11","",NA,NA,NA
"325","8941關中","110/08/11","",NA,NA,NA
"326","8941關中","110/08/11","",NA,NA,NA
"327","8941關中","110/08/11","",NA,NA,NA
"328","8941關中","110/08/11","",NA,NA,NA
"329","8941關中","110/08/11","",NA,NA,NA
"330","8941關中","110/08/11","",NA,NA,NA
"331","8936國統","110/08/11","台新-高雄",218,1,217
"332","8936國統","110/08/11","凱基-內埔",0,70,-70
"333","8936國統","110/08/11","新光-桃園",105,3,102
"334","8936國統","110/08/11","元大-太平",0,60,-60
"335","8936國統","110/08/11","新加坡商瑞銀",124,59,65
"336","8936國統","110/08/11","永豐金-板盛",0,48,-48
"337","8936國統","110/08/11","美林",61,0,61
"338","8936國統","110/08/11","兆豐-高雄",0,29,-29
"339","8936國統","110/08/11","摩根大通",71,16,55
"340","8936國統","110/08/11","群益金鼎-屏東",0,27,-27
"341","8936國統","110/08/11","元富-同大",41,5,36
"342","8936國統","110/08/11","新光",0,24,-24
"343","8936國統","110/08/11","凱基-台北",38,6,32
"344","8936國統","110/08/11","凱基-台南",0,22,-22
"345","8936國統","110/08/11","華南永昌-高雄",22,0,22
"346","8936國統","110/08/11","合庫-高雄",0,20,-20
"347","8936國統","110/08/11","日盛-三峽",21,0,21
"348","8936國統","110/08/11","永豐金-大園",0,20,-20
"349","8936國統","110/08/11","兆豐-大同",30,9,21
"350","8936國統","110/08/11","永豐金-台中",0,20,-20
"351","8936國統","110/08/11","宏遠-台南",20,0,20
"352","8936國統","110/08/11","永豐金-竹科",0,20,-20
"353","8936國統","110/08/11","美商高盛",17,1,16
"354","8936國統","110/08/11","港商野村",49,67,-18
"355","8936國統","110/08/11","日盛-斗六",15,0,15
"356","8936國統","110/08/11","第一金-新興",0,16,-16
"357","8936國統","110/08/11","元富-大裕",15,0,15
"358","8936國統","110/08/11","新光-台中",14,29,-15
"359","8936國統","110/08/11","台新-台中",15,2,13
"360","8936國統","110/08/11","凱基-永和",0,15,-15
"361","6226光鼎","110/08/11","美商高盛",595,148,447
"362","6226光鼎","110/08/11","瑞士信貸",297,751,-454
"363","6226光鼎","110/08/11","凱基-台北",506,69,437
"364","6226光鼎","110/08/11","摩根大通",911,1317,-406
"365","6226光鼎","110/08/11","統一-高雄",503,150,353
"366","6226光鼎","110/08/11","凱基-站前",29,313,-284
"367","6226光鼎","110/08/11","美林",507,312,195
"368","6226光鼎","110/08/11","台中銀-台北",0,280,-280
"369","6226光鼎","110/08/11","合庫-台中",143,4,139
"370","6226光鼎","110/08/11","國泰-台中",75,176,-101
"371","6226光鼎","110/08/11","大昌",139,0,139
"372","6226光鼎","110/08/11","元富-潮州",10,107,-97
"373","6226光鼎","110/08/11","台灣摩根士丹利",229,101,128
"374","6226光鼎","110/08/11","中國信託-永康",63,159,-96
"375","6226光鼎","110/08/11","元大-北投",123,4,119
"376","6226光鼎","110/08/11","國泰-高雄",15,96,-81
"377","6226光鼎","110/08/11","富邦-南屯",170,63,107
"378","6226光鼎","110/08/11","凱基-三多",23,100,-77
"379","6226光鼎","110/08/11","群益金鼎-西松",176,93,83
"380","6226光鼎","110/08/11","玉山-高雄",17,90,-73
"381","6226光鼎","110/08/11","台新證券",167,99,68
"382","6226光鼎","110/08/11","元大-新盛",8,81,-73
"383","6226光鼎","110/08/11","永豐金-內湖",79,22,57
"384","6226光鼎","110/08/11","元大-府城",7,72,-65
"385","6226光鼎","110/08/11","日盛證券",51,6,45
"386","6226光鼎","110/08/11","統一-仁愛",13,75,-62
"387","6226光鼎","110/08/11","臺銀-高雄",70,26,44
"388","6226光鼎","110/08/11","高橋",4,61,-57
"389","6226光鼎","110/08/11","富邦-陽明",84,40,44
"390","6226光鼎","110/08/11","台新-屏東",16,71,-55
"391","2363矽統","110/08/11","瑞士信貸",547,0,547
"392","2363矽統","110/08/11","凱基-台北",2934,4385,-1451
"393","2363矽統","110/08/11","台灣摩根士丹利",677,160,517
"394","2363矽統","110/08/11","陽信-石牌",34,626,-592
"395","2363矽統","110/08/11","玉山-台中",331,139,192
"396","2363矽統","110/08/11","永豐金證券",103,405,-302
"397","2363矽統","110/08/11","台新-左楠",191,33,158
"398","2363矽統","110/08/11","元大-成功",60,289,-229
"399","2363矽統","110/08/11","華南永昌-頭份",197,45,152
"400","2363矽統","110/08/11","美林",747,959,-212
"401","2363矽統","110/08/11","元大-忠孝鼎富",196,51,145
"402","2363矽統","110/08/11","元大-員林中山",83,286,-203
"403","2363矽統","110/08/11","元大-汐止",279,150,129
"404","2363矽統","110/08/11","凱基-市府",42,242,-200
"405","2363矽統","110/08/11","大慶-蘆洲",135,26,109
"406","2363矽統","110/08/11","永豐金-埔里",4,181,-177
"407","2363矽統","110/08/11","合庫-高雄",135,30,105
"408","2363矽統","110/08/11","群益金鼎-內湖",41,195,-154
"409","2363矽統","110/08/11","兆豐證券",105,1,104
"410","2363矽統","110/08/11","元大-旗山",157,307,-150
"411","2363矽統","110/08/11","永豐金-竹科",112,15,97
"412","2363矽統","110/08/11","兆豐-台中港",38,178,-140
"413","2363矽統","110/08/11","國票-彰化",95,0,95
"414","2363矽統","110/08/11","元大-新竹",55,194,-139
"415","2363矽統","110/08/11","元大-斗信",152,65,87
"416","2363矽統","110/08/11","凱基-永和",32,161,-129
"417","2363矽統","110/08/11","亞東",95,10,85
"418","2363矽統","110/08/11","第一金-桃園",59,183,-124
"419","2363矽統","110/08/11","美商高盛",906,822,84
"420","2363矽統","110/08/11","台新證券",525,640,-115
"421","8112至上","110/08/11","港商野村",188,11,177
"422","8112至上","110/08/11","新加坡商瑞銀",35,847,-812
"423","8112至上","110/08/11","大昌-桃園",173,0,173
"424","8112至上","110/08/11","宏遠證券",2,536,-534
"425","8112至上","110/08/11","合庫證券",142,3,139
"426","8112至上","110/08/11","富邦-仁愛",67,324,-257
"427","8112至上","110/08/11","美商高盛",145,14,131
"428","8112至上","110/08/11","凱基-市政",0,202,-202
"429","8112至上","110/08/11","群益金鼎-內湖",132,10,122
"430","8112至上","110/08/11","凱基-復興",16,190,-174
"431","8112至上","110/08/11","國票-長城",130,30,100
"432","8112至上","110/08/11","瑞士信貸",136,306,-170
"433","8112至上","110/08/11","玉山-板橋",84,0,84
"434","8112至上","110/08/11","兆豐-公益",1,120,-119
"435","8112至上","110/08/11","臺灣企銀-桃園",60,0,60
"436","8112至上","110/08/11","元大-萬華",12,131,-119
"437","8112至上","110/08/11","新光",103,44,59
"438","8112至上","110/08/11","凱基-台北",211,321,-110
"439","8112至上","110/08/11","華南永昌-中正",52,0,52
"440","8112至上","110/08/11","美林",21,116,-95
"441","8112至上","110/08/11","元大-仁愛",50,0,50
"442","8112至上","110/08/11","永豐金-豐原",7,102,-95
"443","8112至上","110/08/11","元大-北成功",101,53,48
"444","8112至上","110/08/11","兆豐-民生",0,70,-70
"445","8112至上","110/08/11","合庫-嘉義",45,0,45
"446","8112至上","110/08/11","元富",2,71,-69
"447","8112至上","110/08/11","大慶-富順",46,1,45
"448","8112至上","110/08/11","玉山-士林",6,67,-61
"449","8112至上","110/08/11","臺銀-金山",45,1,44
"450","8112至上","110/08/11","凱基-埔墘",0,60,-60
"451","1570力肯","110/08/11","國票-內壢",386,0,386
"452","1570力肯","110/08/11","群益金鼎-大興",0,100,-100
"453","1570力肯","110/08/11","華南永昌-桃園",104,3,101
"454","1570力肯","110/08/11","新光",177,255,-78
"455","1570力肯","110/08/11","摩根大通",154,84,70
"456","1570力肯","110/08/11","富邦-台中",0,61,-61
"457","1570力肯","110/08/11","日盛-頭份",51,0,51
"458","1570力肯","110/08/11","群益金鼎-忠孝",1,60,-59
"459","1570力肯","110/08/11","永豐金-中壢",51,1,50
"460","1570力肯","110/08/11","元大-新店中正",2,61,-59
"461","1570力肯","110/08/11","永豐金-北高雄",50,0,50
"462","1570力肯","110/08/11","富邦-陽明",1,51,-50
"463","1570力肯","110/08/11","凱基-天母",51,2,49
"464","1570力肯","110/08/11","元大-太平",5,54,-49
"465","1570力肯","110/08/11","日盛-員林",52,5,47
"466","1570力肯","110/08/11","統一-松江",0,43,-43
"467","1570力肯","110/08/11","元富-高雄",40,0,40
"468","1570力肯","110/08/11","台新證券",6,44,-38
"469","1570力肯","110/08/11","中國信託-嘉義",34,0,34
"470","1570力肯","110/08/11","永豐金證券",1,36,-35
"471","1570力肯","110/08/11","元大-北成功",30,1,29
"472","1570力肯","110/08/11","瑞士信貸",0,27,-27
"473","1570力肯","110/08/11","亞東-台中",26,0,26
"474","1570力肯","110/08/11","元大-中壢",9,35,-26
"475","1570力肯","110/08/11","第一金-嘉義",26,0,26
"476","1570力肯","110/08/11","美商高盛",0,25,-25
"477","1570力肯","110/08/11","凱基-中壢",27,3,24
"478","1570力肯","110/08/11","國票-北高雄",128,153,-25
"479","1570力肯","110/08/11","元大-福營",25,1,24
"480","1570力肯","110/08/11","元富-新店",10,34,-24
"481","2929淘帝","110/08/11","美林",25,5,20
"482","2929淘帝","110/08/11","華南永昌",0,25,-25
"483","2929淘帝","110/08/11","永興",20,0,20
"484","2929淘帝","110/08/11","台新-台中",0,22,-22
"485","2929淘帝","110/08/11","新光",17,1,16
"486","2929淘帝","110/08/11","富邦-永和",1,21,-20
"487","2929淘帝","110/08/11","臺銀-臺南",12,0,12
"488","2929淘帝","110/08/11","元富-古亭",0,18,-18
"489","2929淘帝","110/08/11","第一金-大稻埕",10,0,10
"490","2929淘帝","110/08/11","永豐金-大園",5,23,-18
"491","2929淘帝","110/08/11","兆豐-桃園",10,0,10
"492","2929淘帝","110/08/11","富邦-新店",3,19,-16
"493","2929淘帝","110/08/11","國票-九鼎",10,0,10
"494","2929淘帝","110/08/11","新光-台中",16,31,-15
"495","2929淘帝","110/08/11","華南永昌-長虹",10,0,10
"496","2929淘帝","110/08/11","國泰-新莊",0,10,-10
"497","2929淘帝","110/08/11","凱基-長庚",7,0,7
"498","2929淘帝","110/08/11","元大-東泰",0,10,-10
"499","2929淘帝","110/08/11","凱基-林口",7,0,7
"500","2929淘帝","110/08/11","凱基-斗六",0,8,-8
"501","2929淘帝","110/08/11","日盛-中壢",5,0,5
"502","2929淘帝","110/08/11","永豐金證券",0,7,-7
"503","2929淘帝","110/08/11","港商法國興業",5,0,5
"504","2929淘帝","110/08/11","第一金-員林",0,5,-5
"505","2929淘帝","110/08/11","元富-中壢",5,0,5
"506","2929淘帝","110/08/11","元富-新竹",0,5,-5
"507","2929淘帝","110/08/11","元富-文心",5,0,5
"508","2929淘帝","110/08/11","凱基-東門",0,5,-5
"509","2929淘帝","110/08/11","凱基-台中",5,0,5
"510","2929淘帝","110/08/11","元大-桃園",0,5,-5
"511","5410國眾","110/08/11","群益金鼎",128,0,128
"512","5410國眾","110/08/11","國泰-敦南",12,206,-194
"513","5410國眾","110/08/11","富邦-建國",100,0,100
"514","5410國眾","110/08/11","凱基-竹北",2,112,-110
"515","5410國眾","110/08/11","玉山-新莊",35,0,35
"516","5410國眾","110/08/11","大昌-樹林",0,100,-100
"517","5410國眾","110/08/11","合庫-桃園",30,0,30
"518","5410國眾","110/08/11","凱基-市政",0,100,-100
"519","5410國眾","110/08/11","高橋",30,0,30
"520","5410國眾","110/08/11","摩根大通",20,68,-48
"521","5410國眾","110/08/11","元大-崇德",28,0,28
"522","5410國眾","110/08/11","凱基-台北",7,39,-32
"523","5410國眾","110/08/11","元大-新盛",28,0,28
"524","5410國眾","110/08/11","元大-復北",0,30,-30
"525","5410國眾","110/08/11","凱基-三峽",21,0,21
"526","5410國眾","110/08/11","大昌",0,26,-26
"527","5410國眾","110/08/11","臺銀-臺中",17,0,17
"528","5410國眾","110/08/11","第一金-豐原",0,23,-23
"529","5410國眾","110/08/11","新光",15,0,15
"530","5410國眾","110/08/11","元富-三重",0,22,-22
"531","5410國眾","110/08/11","國泰-台中",20,8,12
"532","5410國眾","110/08/11","元大-樹林",2,21,-19
"533","5410國眾","110/08/11","新光-桃園",11,0,11
"534","5410國眾","110/08/11","元大-成功",0,17,-17
"535","5410國眾","110/08/11","元大-旗山",11,0,11
"536","5410國眾","110/08/11","新光-台中",0,16,-16
"537","5410國眾","110/08/11","大昌-新店",10,0,10
"538","5410國眾","110/08/11","臺銀-臺南",1,14,-13
"539","5410國眾","110/08/11","豐農",10,0,10
"540","5410國眾","110/08/11","瑞士信貸",0,12,-12
"541","2841台開","110/08/11","宏遠-館前",402,0,402
"542","2841台開","110/08/11","永豐金-敦南",11,270,-259
"543","2841台開","110/08/11","日盛-信義",129,0,129
"544","2841台開","110/08/11","國票-天祥",0,100,-100
"545","2841台開","110/08/11","元大-南投",80,0,80
"546","2841台開","110/08/11","日盛證券",27,117,-90
"547","2841台開","110/08/11","日盛-園區",72,0,72
"548","2841台開","110/08/11","永興-水湳",0,30,-30
"549","2841台開","110/08/11","華南永昌-鶯歌",45,0,45
"550","2841台開","110/08/11","兆豐-寶成",0,30,-30
"551","2841台開","110/08/11","元大-福營",20,0,20
"552","2841台開","110/08/11","元富-四維",0,26,-26
"553","2841台開","110/08/11","元大-左營",20,0,20
"554","2841台開","110/08/11","統一-士林",0,25,-25
"555","2841台開","110/08/11","永豐金-員林",15,0,15
"556","2841台開","110/08/11","日盛-忠孝",0,20,-20
"557","2841台開","110/08/11","日盛-內湖",11,0,11
"558","2841台開","110/08/11","大慶-蘆洲",0,20,-20
"559","2841台開","110/08/11","國泰-館前",10,0,10
"560","2841台開","110/08/11","國票-中和",0,20,-20
"561","2841台開","110/08/11","華南永昌-潮州",10,0,10
"562","2841台開","110/08/11","元大-大灣",0,20,-20
"563","2841台開","110/08/11","元大-大里德芳",10,0,10
"564","2841台開","110/08/11","元大-雙和",0,20,-20
"565","2841台開","110/08/11","元大-小港",10,0,10
"566","2841台開","110/08/11","新光",28,47,-19
"567","2841台開","110/08/11","新光-台南",7,0,7
"568","2841台開","110/08/11","玉山-台中",0,13,-13
"569","2841台開","110/08/11","國泰-台中",6,0,6
"570","2841台開","110/08/11","富邦-建國",0,12,-12
"571","6207雷科","110/08/11","台新-高雄",136,8,128
"572","6207雷科","110/08/11","群益金鼎-東門",1,90,-89
"573","6207雷科","110/08/11","凱基-台北",108,21,87
"574","6207雷科","110/08/11","摩根大通",89,156,-67
"575","6207雷科","110/08/11","富邦-陽明",70,0,70
"576","6207雷科","110/08/11","元大-鳳山",22,60,-38
"577","6207雷科","110/08/11","永豐金證券",30,0,30
"578","6207雷科","110/08/11","凱基-三重",5,40,-35
"579","6207雷科","110/08/11","永豐金-高雄",29,5,24
"580","6207雷科","110/08/11","美林",5,35,-30
"581","6207雷科","110/08/11","元大-高雄",18,0,18
"582","6207雷科","110/08/11","港商野村",28,58,-30
"583","6207雷科","110/08/11","元大-竹山",17,0,17
"584","6207雷科","110/08/11","元大-路竹",3,30,-27
"585","6207雷科","110/08/11","國泰-台南",15,2,13
"586","6207雷科","110/08/11","元大-小港",3,30,-27
"587","6207雷科","110/08/11","元大-東門",12,0,12
"588","6207雷科","110/08/11","(牛牛牛)亞-網路",0,23,-23
"589","6207雷科","110/08/11","台灣企銀-太平",10,0,10
"590","6207雷科","110/08/11","台新證券",4,26,-22
"591","6207雷科","110/08/11","富邦-中壢",10,0,10
"592","6207雷科","110/08/11","新光",2,23,-21
"593","6207雷科","110/08/11","元大-博愛",10,0,10
"594","6207雷科","110/08/11","元大-雙和",0,19,-19
"595","6207雷科","110/08/11","富邦-內湖",9,0,9
"596","6207雷科","110/08/11","新加坡商瑞銀",25,41,-16
"597","6207雷科","110/08/11","中國信託-高雄",8,0,8
"598","6207雷科","110/08/11","玉山證券",3,19,-16
"599","6207雷科","110/08/11","國票-九鼎",8,0,8
"600","6207雷科","110/08/11","玉山-雙和",0,16,-16
"601","3679新至陞","110/08/11","摩根大通",62,3,59
"602","3679新至陞","110/08/11","港商野村",7,25,-18
"603","3679新至陞","110/08/11","台灣摩根士丹利",38,0,38
"604","3679新至陞","110/08/11","凱基-文心",0,9,-9
"605","3679新至陞","110/08/11","華南永昌-台中",16,0,16
"606","3679新至陞","110/08/11","北城證券",0,8,-8
"607","3679新至陞","110/08/11","凱基-台北",37,23,14
"608","3679新至陞","110/08/11","華南永昌-大安",2,10,-8
"609","3679新至陞","110/08/11","元大-成功",13,1,12
"610","3679新至陞","110/08/11","元大-板橋",0,8,-8
"611","3679新至陞","110/08/11","美林",22,16,6
"612","3679新至陞","110/08/11","致和-東門",0,7,-7
"613","3679新至陞","110/08/11","新加坡商瑞銀",12,6,6
"614","3679新至陞","110/08/11","凱基-長庚",0,7,-7
"615","3679新至陞","110/08/11","國泰-館前",5,0,5
"616","3679新至陞","110/08/11","花旗環球",0,6,-6
"617","3679新至陞","110/08/11","瑞士信貸",9,5,4
"618","3679新至陞","110/08/11","群益金鼎-古亭",0,6,-6
"619","3679新至陞","110/08/11","國泰-板橋",5,1,4
"620","3679新至陞","110/08/11","元大-大同",0,6,-6
"621","3679新至陞","110/08/11","日進",3,0,3
"622","3679新至陞","110/08/11","華南永昌-鶯歌",0,5,-5
"623","3679新至陞","110/08/11","(牛牛牛)亞-網路",4,1,3
"624","3679新至陞","110/08/11","永豐金-新竹",0,5,-5
"625","3679新至陞","110/08/11","康和-板橋",3,0,3
"626","3679新至陞","110/08/11","凱基-新豐",0,4,-4
"627","3679新至陞","110/08/11","高橋-內壢",2,0,2
"628","3679新至陞","110/08/11","臺銀-高雄",1,4,-3
"629","3679新至陞","110/08/11","富邦-台北",7,5,2
"630","3679新至陞","110/08/11","日盛-文化",0,3,-3
"631","2727王品","110/08/11","美林",113,23,90
"632","2727王品","110/08/11","台灣摩根士丹利",8,65,-57
"633","2727王品","110/08/11","富邦-左營",72,1,71
"634","2727王品","110/08/11","合庫-新竹",1,23,-22
"635","2727王品","110/08/11","凱基-台北",80,42,38
"636","2727王品","110/08/11","永豐金-忠孝",0,20,-20
"637","2727王品","110/08/11","港商野村",96,70,26
"638","2727王品","110/08/11","彰銀-台中",1,15,-14
"639","2727王品","110/08/11","國泰證券",23,1,22
"640","2727王品","110/08/11","國泰-敦南",10,24,-14
"641","2727王品","110/08/11","統一",28,8,20
"642","2727王品","110/08/11","凱基-南崁",0,11,-11
"643","2727王品","110/08/11","玉山-台南",20,1,19
"644","2727王品","110/08/11","永豐金-三重",0,10,-10
"645","2727王品","110/08/11","新光-台中",22,9,13
"646","2727王品","110/08/11","富邦-中壢",3,12,-9
"647","2727王品","110/08/11","凱基-興隆",11,0,11
"648","2727王品","110/08/11","新光",16,24,-8
"649","2727王品","110/08/11","元大證券",44,33,11
"650","2727王品","110/08/11","國泰-板橋",12,20,-8
"651","2727王品","110/08/11","日盛-樹林",12,2,10
"652","2727王品","110/08/11","元大-彰化",0,8,-8
"653","2727王品","110/08/11","第一金-新竹",10,0,10
"654","2727王品","110/08/11","日盛-木柵",0,7,-7
"655","2727王品","110/08/11","永全",10,0,10
"656","2727王品","110/08/11","第一金-頭份",0,7,-7
"657","2727王品","110/08/11","凱基-埔墘",10,0,10
"658","2727王品","110/08/11","中國信託-高雄",2,9,-7
"659","2727王品","110/08/11","摩根大通",42,33,9
"660","2727王品","110/08/11","兆豐-公益",0,7,-7
"661","1570力肯","110/08/11","國票-內壢",386,0,386
"662","1570力肯","110/08/11","群益金鼎-大興",0,100,-100
"663","1570力肯","110/08/11","華南永昌-桃園",104,3,101
"664","1570力肯","110/08/11","新光",177,255,-78
"665","1570力肯","110/08/11","摩根大通",154,84,70
"666","1570力肯","110/08/11","富邦-台中",0,61,-61
"667","1570力肯","110/08/11","日盛-頭份",51,0,51
"668","1570力肯","110/08/11","群益金鼎-忠孝",1,60,-59
"669","1570力肯","110/08/11","永豐金-中壢",51,1,50
"670","1570力肯","110/08/11","元大-新店中正",2,61,-59
"671","1570力肯","110/08/11","永豐金-北高雄",50,0,50
"672","1570力肯","110/08/11","富邦-陽明",1,51,-50
"673","1570力肯","110/08/11","凱基-天母",51,2,49
"674","1570力肯","110/08/11","元大-太平",5,54,-49
"675","1570力肯","110/08/11","日盛-員林",52,5,47
"676","1570力肯","110/08/11","統一-松江",0,43,-43
"677","1570力肯","110/08/11","元富-高雄",40,0,40
"678","1570力肯","110/08/11","台新證券",6,44,-38
"679","1570力肯","110/08/11","中國信託-嘉義",34,0,34
"680","1570力肯","110/08/11","永豐金證券",1,36,-35
"681","1570力肯","110/08/11","元大-北成功",30,1,29
"682","1570力肯","110/08/11","瑞士信貸",0,27,-27
"683","1570力肯","110/08/11","亞東-台中",26,0,26
"684","1570力肯","110/08/11","元大-中壢",9,35,-26
"685","1570力肯","110/08/11","第一金-嘉義",26,0,26
"686","1570力肯","110/08/11","美商高盛",0,25,-25
"687","1570力肯","110/08/11","凱基-中壢",27,3,24
"688","1570力肯","110/08/11","國票-北高雄",128,153,-25
"689","1570力肯","110/08/11","元大-福營",25,1,24
"690","1570力肯","110/08/11","元富-新店",10,34,-24
"691","6180橘子","110/08/11","台灣摩根士丹利",42,7,35
"692","6180橘子","110/08/11","港商野村",5,128,-123
"693","6180橘子","110/08/11","美商高盛",25,0,25
"694","6180橘子","110/08/11","合庫-高雄",0,31,-31
"695","6180橘子","110/08/11","元大-草屯",17,0,17
"696","6180橘子","110/08/11","摩根大通",13,36,-23
"697","6180橘子","110/08/11","日盛-文化",16,0,16
"698","6180橘子","110/08/11","凱基-台北",37,60,-23
"699","6180橘子","110/08/11","康和-嘉義",11,0,11
"700","6180橘子","110/08/11","北城證券",0,19,-19
"701","6180橘子","110/08/11","元大-左營",11,0,11
"702","6180橘子","110/08/11","元富-潮州",24,41,-17
"703","6180橘子","110/08/11","土銀-花蓮",10,0,10
"704","6180橘子","110/08/11","群益金鼎-新店",0,15,-15
"705","6180橘子","110/08/11","日盛證券",10,0,10
"706","6180橘子","110/08/11","兆豐-竹北",0,14,-14
"707","6180橘子","110/08/11","日盛-高雄",10,0,10
"708","6180橘子","110/08/11","元富-成功",0,13,-13
"709","6180橘子","110/08/11","國泰-新莊",10,0,10
"710","6180橘子","110/08/11","新加坡商瑞銀",0,10,-10
"711","6180橘子","110/08/11","群益金鼎-東門",10,0,10
"712","6180橘子","110/08/11","康和-高雄",0,10,-10
"713","6180橘子","110/08/11","凱基-中壢",10,0,10
"714","6180橘子","110/08/11","國泰-館前",0,10,-10
"715","6180橘子","110/08/11","元大-中壢",10,0,10
"716","6180橘子","110/08/11","群益金鼎-嘉義",1,11,-10
"717","6180橘子","110/08/11","元大-復北",10,0,10
"718","6180橘子","110/08/11","華南永昌-虎尾",0,10,-10
"719","6180橘子","110/08/11","美林",12,3,9
"720","6180橘子","110/08/11","元富-民權",0,8,-8
"721","2390云辰","110/08/11","臺銀-臺中",224,5,219
"722","2390云辰","110/08/11","摩根大通",194,707,-513
"723","2390云辰","110/08/11","兆豐-寶成",187,2,185
"724","2390云辰","110/08/11","美商高盛",18,229,-211
"725","2390云辰","110/08/11","元大-土城學府",143,69,74
"726","2390云辰","110/08/11","兆豐-岡山",5,103,-98
"727","2390云辰","110/08/11","凱基-民權",70,0,70
"728","2390云辰","110/08/11","台新證券",13,108,-95
"729","2390云辰","110/08/11","元大-草屯",67,2,65
"730","2390云辰","110/08/11","美林",23,98,-75
"731","2390云辰","110/08/11","兆豐-公益",60,0,60
"732","2390云辰","110/08/11","永豐金-竹科",0,71,-71
"733","2390云辰","110/08/11","國票-安和",56,0,56
"734","2390云辰","110/08/11","元富-花蓮",0,70,-70
"735","2390云辰","110/08/11","元富-中港",50,0,50
"736","2390云辰","110/08/11","統一-城中",5,66,-61
"737","2390云辰","110/08/11","元富-高雄",48,1,47
"738","2390云辰","110/08/11","國泰-台中",50,109,-59
"739","2390云辰","110/08/11","統一-新營",45,5,40
"740","2390云辰","110/08/11","元大-豐原站前",10,69,-59
"741","2390云辰","110/08/11","元大-板橋三民",39,1,38
"742","2390云辰","110/08/11","新加坡商瑞銀",18,75,-57
"743","2390云辰","110/08/11","元富-新店",52,17,35
"744","2390云辰","110/08/11","台新-左楠",15,67,-52
"745","2390云辰","110/08/11","永全-南崁",35,4,31
"746","2390云辰","110/08/11","凱基-中壢",7,59,-52
"747","2390云辰","110/08/11","群益金鼎-萬華",33,3,30
"748","2390云辰","110/08/11","國票-北高雄",23,69,-46
"749","2390云辰","110/08/11","日盛-宜蘭",25,0,25
"750","2390云辰","110/08/11","新光-高雄",11,53,-42
"751","2542興富發","110/08/06","瑞士信貸",747,10,737
"752","2542興富發","110/08/06","凱基-士林",5,972,-967
"753","2542興富發","110/08/06","摩根大通",837,107,730
"754","2542興富發","110/08/06","統一-台中",1,376,-375
"755","2542興富發","110/08/06","群益金鼎-敦南",681,1,680
"756","2542興富發","110/08/06","永豐金-豐原",16,133,-117
"757","2542興富發","110/08/06","凱基-台北",790,360,430
"758","2542興富發","110/08/06","元富-敦南",0,111,-111
"759","2542興富發","110/08/06","台灣摩根士丹利",259,20,239
"760","2542興富發","110/08/06","兆豐-南京",0,108,-108
"761","2542興富發","110/08/06","美商高盛",235,0,235
"762","2542興富發","110/08/06","元大-金華",0,100,-100
"763","2542興富發","110/08/06","新加坡商瑞銀",178,0,178
"764","2542興富發","110/08/06","陽信",0,80,-80
"765","2542興富發","110/08/06","凱基-中山",167,2,165
"766","2542興富發","110/08/06","統一-金門",0,78,-78
"767","2542興富發","110/08/06","凱基",121,14,107
"768","2542興富發","110/08/06","新光-台中",7,68,-61
"769","2542興富發","110/08/06","大慶-楊梅",101,4,97
"770","2542興富發","110/08/06","富邦-新店",2,58,-56
"771","2542興富發","110/08/06","美林",193,109,84
"772","2542興富發","110/08/06","元大-新竹",0,52,-52
"773","2542興富發","110/08/06","統一",64,5,59
"774","2542興富發","110/08/06","凱基-永和",0,51,-51
"775","2542興富發","110/08/06","富邦-南屯",60,1,59
"776","2542興富發","110/08/06","統一-中壢",0,50,-50
"777","2542興富發","110/08/06","群益金鼎",43,0,43
"778","2542興富發","110/08/06","元富",0,50,-50
"779","2542興富發","110/08/06","元大證券",128,85,43
"780","2542興富發","110/08/06","法銀巴黎",0,48,-48
"781","2867三商壽","110/08/06","摩根大通",410,157,253
"782","2867三商壽","110/08/06","日盛-新莊",0,719,-719
"783","2867三商壽","110/08/06","元大-北港",201,0,201
"784","2867三商壽","110/08/06","群益金鼎-桃園",0,400,-400
"785","2867三商壽","110/08/06","元大-斗信",200,0,200
"786","2867三商壽","110/08/06","中國信託-文心",1,301,-300
"787","2867三商壽","110/08/06","元大-沙鹿",199,0,199
"788","2867三商壽","110/08/06","美林",10,169,-159
"789","2867三商壽","110/08/06","永豐金-嘉義",130,0,130
"790","2867三商壽","110/08/06","法銀巴黎",0,122,-122
"791","2867三商壽","110/08/06","第一金-自由",100,0,100
"792","2867三商壽","110/08/06","國票-中和",0,100,-100
"793","2867三商壽","110/08/06","元大-大里德芳",100,0,100
"794","2867三商壽","110/08/06","台灣摩根士丹利",65,164,-99
"795","2867三商壽","110/08/06","元大-土城永寧",100,0,100
"796","2867三商壽","110/08/06","凱基-高美館",2,64,-62
"797","2867三商壽","110/08/06","瑞士信貸",94,0,94
"798","2867三商壽","110/08/06","元大證券",1,62,-61
"799","2867三商壽","110/08/06","元大-汐止",60,0,60
"800","2867三商壽","110/08/06","華南永昌-南京",0,50,-50
"801","2867三商壽","110/08/06","元富-大裕",52,0,52
"802","2867三商壽","110/08/06","凱基-頭份",0,45,-45
"803","2867三商壽","110/08/06","新光",53,1,52
"804","2867三商壽","110/08/06","凱基",0,44,-44
"805","2867三商壽","110/08/06","凱基-市府",51,0,51
"806","2867三商壽","110/08/06","康和-屏東",0,43,-43
"807","2867三商壽","110/08/06","安泰",49,0,49
"808","2867三商壽","110/08/06","凱基-八德",0,40,-40
"809","2867三商壽","110/08/06","富邦-桃園",50,2,48
"810","2867三商壽","110/08/06","凱基-虎尾",0,40,-40
"811","5521工信","110/08/06","日進",412,0,412
"812","5521工信","110/08/06","中國信託-嘉義",0,100,-100
"813","5521工信","110/08/06","瑞士信貸",48,0,48
"814","5521工信","110/08/06","美林",0,69,-69
"815","5521工信","110/08/06","日盛-雙和",34,0,34
"816","5521工信","110/08/06","統一-新竹",0,60,-60
"817","5521工信","110/08/06","聯邦-雙和",25,0,25
"818","5521工信","110/08/06","第一金-桃園",0,55,-55
"819","5521工信","110/08/06","台新證券",32,12,20
"820","5521工信","110/08/06","凱基-台北",0,54,-54
"821","5521工信","110/08/06","土銀-台中",17,0,17
"822","5521工信","110/08/06","華南永昌-桃園",0,49,-49
"823","5521工信","110/08/06","(牛牛牛)亞-鑫豐",15,0,15
"824","5521工信","110/08/06","第一金-安和",0,40,-40
"825","5521工信","110/08/06","元大-沙鹿",19,4,15
"826","5521工信","110/08/06","合庫-台南",0,36,-36
"827","5521工信","110/08/06","元富-安南",14,0,14
"828","5521工信","110/08/06","台灣摩根士丹利",7,34,-27
"829","5521工信","110/08/06","新加坡商瑞銀",10,0,10
"830","5521工信","110/08/06","摩根大通",22,48,-26
"831","5521工信","110/08/06","德信-中正",10,0,10
"832","5521工信","110/08/06","台新-台中",0,20,-20
"833","5521工信","110/08/06","國泰-敦南",22,12,10
"834","5521工信","110/08/06","元大-豐原",0,20,-20
"835","5521工信","110/08/06","群益金鼎-屏東",10,0,10
"836","5521工信","110/08/06","元大-北成功",0,20,-20
"837","5521工信","110/08/06","群益金鼎-東門",10,0,10
"838","5521工信","110/08/06","永豐金-埔里",0,20,-20
"839","5521工信","110/08/06","元大-西螺",10,0,10
"840","5521工信","110/08/06","港商野村",0,16,-16
"841","1471首利","110/08/06","國票-彰化",30,0,30
"842","1471首利","110/08/06","兆豐-麻豆",0,50,-50
"843","1471首利","110/08/06","凱基-宜蘭",27,0,27
"844","1471首利","110/08/06","台新證券",3,30,-27
"845","1471首利","110/08/06","玉山-桃園",22,0,22
"846","1471首利","110/08/06","美林",15,41,-26
"847","1471首利","110/08/06","新光-台中",17,0,17
"848","1471首利","110/08/06","永豐金-台南",0,25,-25
"849","1471首利","110/08/06","兆豐-埔墘",14,0,14
"850","1471首利","110/08/06","元富-草屯",0,19,-19
"851","1471首利","110/08/06","新光-高雄",11,0,11
"852","1471首利","110/08/06","新光-桃園",0,17,-17
"853","1471首利","110/08/06","合庫-鳳山",10,0,10
"854","1471首利","110/08/06","摩根大通",13,28,-15
"855","1471首利","110/08/06","統一-竹南",10,0,10
"856","1471首利","110/08/06","華南永昌-淡水",1,15,-14
"857","1471首利","110/08/06","(牛牛牛)亞-鑫豐",10,0,10
"858","1471首利","110/08/06","台中銀",1,14,-13
"859","1471首利","110/08/06","兆豐-岡山",10,0,10
"860","1471首利","110/08/06","玉山-板橋",0,12,-12
"861","1471首利","110/08/06","凱基-彰化",10,0,10
"862","1471首利","110/08/06","富邦-基隆",10,22,-12
"863","1471首利","110/08/06","富邦-永和",10,0,10
"864","1471首利","110/08/06","台灣企銀",0,10,-10
"865","1471首利","110/08/06","元大-竹山",10,0,10
"866","1471首利","110/08/06","元富-民權",0,10,-10
"867","1471首利","110/08/06","元大-民雄",10,0,10
"868","1471首利","110/08/06","元大-左營",0,10,-10
"869","1471首利","110/08/06","元大-南崁",10,1,9
"870","1471首利","110/08/06","大昌-新店",2,11,-9
"871","2883開發金","110/08/06","國泰證券",7766,49,7717
"872","2883開發金","110/08/06","永豐金-板橋",2,2245,-2243
"873","2883開發金","110/08/06","元富-城東",7094,124,6970
"874","2883開發金","110/08/06","玉山-台南",63,2130,-2067
"875","2883開發金","110/08/06","摩根大通",4922,1097,3825
"876","2883開發金","110/08/06","國泰-板橋",236,1871,-1635
"877","2883開發金","110/08/06","瑞士信貸",3230,108,3122
"878","2883開發金","110/08/06","港商野村",1243,2562,-1319
"879","2883開發金","110/08/06","凱基-台北",4810,2311,2499
"880","2883開發金","110/08/06","美林",1480,2782,-1302
"881","2883開發金","110/08/06","合庫證券",3551,2064,1487
"882","2883開發金","110/08/06","群益金鼎-中山",7,1151,-1144
"883","2883開發金","110/08/06","新加坡商瑞銀",3900,2689,1211
"884","2883開發金","110/08/06","日盛-員林",17,1100,-1083
"885","2883開發金","110/08/06","玉山證券",1332,183,1149
"886","2883開發金","110/08/06","台灣摩根士丹利",509,1544,-1035
"887","2883開發金","110/08/06","國票-長城",1003,0,1003
"888","2883開發金","110/08/06","台灣企銀-民雄",0,1004,-1004
"889","2883開發金","110/08/06","康和",720,0,720
"890","2883開發金","110/08/06","港商法國興業",7,981,-974
"891","2883開發金","110/08/06","福邦證券",590,15,575
"892","2883開發金","110/08/06","新光",240,1199,-959
"893","2883開發金","110/08/06","台灣企銀-九如",492,10,482
"894","2883開發金","110/08/06","元大-新莊",58,1017,-959
"895","2883開發金","110/08/06","宏遠-民生",502,54,448
"896","2883開發金","110/08/06","富邦-彰化",5,766,-761
"897","2883開發金","110/08/06","元大證券",803,358,445
"898","2883開發金","110/08/06","中國信託",270,931,-661
"899","2883開發金","110/08/06","玉山-高雄",476,80,396
"900","2883開發金","110/08/06","永豐金-彰化",33,655,-622
"901","6205詮欣","110/08/06","臺銀-民權",20,0,20
"902","6205詮欣","110/08/06","元大-板橋",0,50,-50
"903","6205詮欣","110/08/06","合庫-三重",15,0,15
"904","6205詮欣","110/08/06","摩根大通",0,29,-29
"905","6205詮欣","110/08/06","日盛-三重",15,4,11
"906","6205詮欣","110/08/06","臺銀-新竹",0,3,-3
"907","6205詮欣","110/08/06","凱基-長庚",10,0,10
"908","6205詮欣","110/08/06","日盛-頭份",0,3,-3
"909","6205詮欣","110/08/06","臺銀-臺中",5,0,5
"910","6205詮欣","110/08/06","群益金鼎-潭子",0,3,-3
"911","6205詮欣","110/08/06","兆豐-台中",4,0,4
"912","6205詮欣","110/08/06","永豐金-敦南",0,3,-3
"913","6205詮欣","110/08/06","凱基-台北",4,0,4
"914","6205詮欣","110/08/06","美林",0,2,-2
"915","6205詮欣","110/08/06","元大-龍潭",4,0,4
"916","6205詮欣","110/08/06","新加坡商瑞銀",6,8,-2
"917","6205詮欣","110/08/06","瑞士信貸",3,0,3
"918","6205詮欣","110/08/06","華南永昌-淡水",0,2,-2
"919","6205詮欣","110/08/06","國泰-板橋",3,0,3
"920","6205詮欣","110/08/06","元大-發財",0,2,-2
"921","6205詮欣","110/08/06","台中銀",2,0,2
"922","6205詮欣","110/08/06","元大-屏東民生",0,2,-2
"923","6205詮欣","110/08/06","德信-新營",2,0,2
"924","6205詮欣","110/08/06","統一-南京",0,1,-1
"925","6205詮欣","110/08/06","兆豐-竹北",2,0,2
"926","6205詮欣","110/08/06","新光-台中",0,1,-1
"927","6205詮欣","110/08/06","兆豐-景美",2,0,2
"928","6205詮欣","110/08/06","玉山證券",0,1,-1
"929","6205詮欣","110/08/06","台新-台中",2,0,2
"930","6205詮欣","110/08/06","富邦-左營",0,1,-1
"931","1540喬福","110/08/06","元富-中原",27,0,27
"932","1540喬福","110/08/06","統一-新台中",0,25,-25
"933","1540喬福","110/08/06","合庫-台中",24,0,24
"934","1540喬福","110/08/06","大慶-中壢",0,24,-24
"935","1540喬福","110/08/06","台新-台中",10,0,10
"936","1540喬福","110/08/06","福勝",0,7,-7
"937","1540喬福","110/08/06","富邦-竹北",7,0,7
"938","1540喬福","110/08/06","群益金鼎-高雄",0,5,-5
"939","1540喬福","110/08/06","華南永昌-中正",5,0,5
"940","1540喬福","110/08/06","富邦-高雄",0,5,-5
"941","1540喬福","110/08/06","玉山證券",4,0,4
"942","1540喬福","110/08/06","美林",0,3,-3
"943","1540喬福","110/08/06","兆豐-台中港",2,0,2
"944","1540喬福","110/08/06","元大-景美",0,3,-3
"945","1540喬福","110/08/06","國票-中正",2,0,2
"946","1540喬福","110/08/06","元大-和平",0,3,-3
"947","1540喬福","110/08/06","凱基-虎尾",2,0,2
"948","1540喬福","110/08/06","日盛-台中",0,2,-2
"949","1540喬福","110/08/06","凱基-台北",2,0,2
"950","1540喬福","110/08/06","日盛-中和",0,2,-2
"951","1540喬福","110/08/06","元大-府城",2,0,2
"952","1540喬福","110/08/06","台新-台南",0,2,-2
"953","1540喬福","110/08/06","土銀-玉里",1,0,1
"954","1540喬福","110/08/06","玉山-高雄",0,2,-2
"955","1540喬福","110/08/06","第一金-中壢",1,0,1
"956","1540喬福","110/08/06","凱基-中壢",0,2,-2
"957","1540喬福","110/08/06","國票-彰化",1,0,1
"958","1540喬福","110/08/06","致和-南京",0,1,-1
"959","1540喬福","110/08/06","國泰-敦南",1,0,1
"960","1540喬福","110/08/06","摩根大通",0,1,-1
"961","2888新光金","110/08/06","玉山-城中",3762,22,3740
"962","2888新光金","110/08/06","美林",583,3191,-2608
"963","2888新光金","110/08/06","瑞士信貸",1783,778,1005
"964","2888新光金","110/08/06","元富-城東",39,1594,-1555
"965","2888新光金","110/08/06","元大-土城永寧",1004,16,988
"966","2888新光金","110/08/06","日盛-板橋",19,1000,-981
"967","2888新光金","110/08/06","新加坡商瑞銀",1129,357,772
"968","2888新光金","110/08/06","摩根大通",2207,3153,-946
"969","2888新光金","110/08/06","中國信託",566,4,562
"970","2888新光金","110/08/06","新光",505,1390,-885
"971","2888新光金","110/08/06","富邦-員林",484,3,481
"972","2888新光金","110/08/06","台灣摩根士丹利",181,1022,-841
"973","2888新光金","110/08/06","臺銀-金山",432,3,429
"974","2888新光金","110/08/06","元大-四維",35,750,-715
"975","2888新光金","110/08/06","臺銀",418,2,416
"976","2888新光金","110/08/06","美商高盛",114,811,-697
"977","2888新光金","110/08/06","凱基-東勢",404,6,398
"978","2888新光金","110/08/06","法銀巴黎",274,867,-593
"979","2888新光金","110/08/06","玉山證券",416,73,343
"980","2888新光金","110/08/06","元大-員林",18,503,-485
"981","2888新光金","110/08/06","華南永昌-民權",305,0,305
"982","2888新光金","110/08/06","富邦-建國",57,471,-414
"983","2888新光金","110/08/06","永興",300,10,290
"984","2888新光金","110/08/06","富邦-台中",15,418,-403
"985","2888新光金","110/08/06","富邦-台北",319,48,271
"986","2888新光金","110/08/06","華南永昌-嘉義",2,324,-322
"987","2888新光金","110/08/06","兆豐-員林",274,28,246
"988","2888新光金","110/08/06","凱基-台北",839,1120,-281
"989","2888新光金","110/08/06","合庫-台中",240,10,230
"990","2888新光金","110/08/06","國泰-館前",20,289,-269
"991","1340勝悅","110/08/06","國泰-台中",30,0,30
"992","1340勝悅","110/08/06","凱基-三峽",0,20,-20
"993","1340勝悅","110/08/06","元富-彰化",10,0,10
"994","1340勝悅","110/08/06","富邦-台東",1,14,-13
"995","1340勝悅","110/08/06","華南永昌-忠孝",8,0,8
"996","1340勝悅","110/08/06","華南永昌-三重",0,12,-12
"997","1340勝悅","110/08/06","華南永昌-大安",7,0,7
"998","1340勝悅","110/08/06","華南永昌-台中",0,10,-10
"999","1340勝悅","110/08/06","永豐金-信義",6,0,6
"1000","1340勝悅","110/08/06","美林",0,8,-8
"1001","1340勝悅","110/08/06","臺灣企銀-埔墘",5,0,5
"1002","1340勝悅","110/08/06","第一金-豐原",0,8,-8
"1003","1340勝悅","110/08/06","元大-沙鹿",5,0,5
"1004","1340勝悅","110/08/06","凱基-城中",0,8,-8
"1005","1340勝悅","110/08/06","新光-高雄",4,0,4
"1006","1340勝悅","110/08/06","華南永昌-嘉義",0,6,-6
"1007","1340勝悅","110/08/06","群益金鼎-彰化",4,0,4
"1008","1340勝悅","110/08/06","元富",0,5,-5
"1009","1340勝悅","110/08/06","元大-仁愛",4,0,4
"1010","1340勝悅","110/08/06","光和-田中",0,5,-5
"1011","1340勝悅","110/08/06","美商高盛",3,0,3
"1012","1340勝悅","110/08/06","摩根大通",0,5,-5
"1013","1340勝悅","110/08/06","群益金鼎-館前",3,0,3
"1014","1340勝悅","110/08/06","元大-草屯",0,4,-4
"1015","1340勝悅","110/08/06","臺銀-臺中",2,0,2
"1016","1340勝悅","110/08/06","凱基-台北",1,4,-3
"1017","1340勝悅","110/08/06","永全-南崁",2,0,2
"1018","1340勝悅","110/08/06","元大-苑裡",0,3,-3
"1019","1340勝悅","110/08/06","群益金鼎-崇德",2,0,2
"1020","1340勝悅","110/08/06","日盛-員林",0,2,-2
"1021","6246臺龍","110/08/06","元大-西螺",120,1,119
"1022","6246臺龍","110/08/06","統一",0,247,-247
"1023","6246臺龍","110/08/06","富邦-敦南",111,0,111
"1024","6246臺龍","110/08/06","元大-林森",3,203,-200
"1025","6246臺龍","110/08/06","統一-台中",74,10,64
"1026","6246臺龍","110/08/06","凱基-大直",4,103,-99
"1027","6246臺龍","110/08/06","日盛證券",53,0,53
"1028","6246臺龍","110/08/06","大慶-富順",45,110,-65
"1029","6246臺龍","110/08/06","兆豐-高雄",81,38,43
"1030","6246臺龍","110/08/06","統一-南京",20,70,-50
"1031","6246臺龍","110/08/06","群益金鼎-東大",43,2,41
"1032","6246臺龍","110/08/06","港商野村",166,213,-47
"1033","6246臺龍","110/08/06","統一-永和",40,0,40
"1034","6246臺龍","110/08/06","台灣企銀",0,45,-45
"1035","6246臺龍","110/08/06","凱基-市府",48,8,40
"1036","6246臺龍","110/08/06","華南永昌-忠孝",1,45,-44
"1037","6246臺龍","110/08/06","凱基-員林",40,0,40
"1038","6246臺龍","110/08/06","永豐金-桃盛",0,35,-35
"1039","6246臺龍","110/08/06","新光-高雄",57,21,36
"1040","6246臺龍","110/08/06","康和-澎湖",0,30,-30
"1041","6246臺龍","110/08/06","國泰-敦南",104,69,35
"1042","6246臺龍","110/08/06","康和-石牌",0,30,-30
"1043","6246臺龍","110/08/06","元大-金門",39,5,34
"1044","6246臺龍","110/08/06","中國信託-永康",6,35,-29
"1045","6246臺龍","110/08/06","元大-西屯",29,2,27
"1046","6246臺龍","110/08/06","康和-內湖",2,30,-28
"1047","6246臺龍","110/08/06","永興-水湳",26,1,25
"1048","6246臺龍","110/08/06","大昌",16,43,-27
"1049","6246臺龍","110/08/06","元大-豐原站前",25,0,25
"1050","6246臺龍","110/08/06","台新證券",29,55,-26
"1051","00715L期街口布蘭特正2","110/08/06","華南永昌-長虹",810,50,760
"1052","00715L期街口布蘭特正2","110/08/06","永豐金證券",105,2122,-2017
"1053","00715L期街口布蘭特正2","110/08/06","富邦證券",557,0,557
"1054","00715L期街口布蘭特正2","110/08/06","(牛牛牛)亞-鑫豐",23,892,-869
"1055","00715L期街口布蘭特正2","110/08/06","新光",643,129,514
"1056","00715L期街口布蘭特正2","110/08/06","凱基-台北",1,789,-788
"1057","00715L期街口布蘭特正2","110/08/06","台新-新營",434,0,434
"1058","00715L期街口布蘭特正2","110/08/06","元大-永康",0,781,-781
"1059","00715L期街口布蘭特正2","110/08/06","群益金鼎-屏東",401,0,401
"1060","00715L期街口布蘭特正2","110/08/06","富邦-彰化",0,513,-513
"1061","00715L期街口布蘭特正2","110/08/06","永豐金-板盛",402,21,381
"1062","00715L期街口布蘭特正2","110/08/06","玉山-大里",0,488,-488
"1063","00715L期街口布蘭特正2","110/08/06","兆豐-員林",302,6,296
"1064","00715L期街口布蘭特正2","110/08/06","元大-中和",0,400,-400
"1065","00715L期街口布蘭特正2","110/08/06","兆豐-新莊",260,0,260
"1066","00715L期街口布蘭特正2","110/08/06","元富-安南",2,310,-308
"1067","00715L期街口布蘭特正2","110/08/06","宏遠-光隆",252,0,252
"1068","00715L期街口布蘭特正2","110/08/06","元大-羅東",5,304,-299
"1069","00715L期街口布蘭特正2","110/08/06","台中銀",207,0,207
"1070","00715L期街口布蘭特正2","110/08/06","第一金-路竹",13,273,-260
"1071","00715L期街口布蘭特正2","110/08/06","國票-北高雄",204,0,204
"1072","00715L期街口布蘭特正2","110/08/06","元大-新盛",5,247,-242
"1073","00715L期街口布蘭特正2","110/08/06","永豐金-新店",200,4,196
"1074","00715L期街口布蘭特正2","110/08/06","元大-忠孝",0,202,-202
"1075","00715L期街口布蘭特正2","110/08/06","元大-新莊",211,17,194
"1076","00715L期街口布蘭特正2","110/08/06","兆豐-嘉義",8,200,-192
"1077","00715L期街口布蘭特正2","110/08/06","聯邦-興中",185,0,185
"1078","00715L期街口布蘭特正2","110/08/06","元大-西屯",5,190,-185
"1079","00715L期街口布蘭特正2","110/08/06","元富-成功",244,62,182
"1080","00715L期街口布蘭特正2","110/08/06","元大-前金",1,181,-180
"1081","8941關中","110/08/06","第一金-台南",6,0,6
"1082","8941關中","110/08/06","富邦-員林",0,20,-20
"1083","8941關中","110/08/06","凱基-市府",6,0,6
"1084","8941關中","110/08/06","元大-金華",0,1,-1
"1085","8941關中","110/08/06","合庫-台中",5,0,5
"1086","8941關中","110/08/06","元大-淡水",0,1,-1
"1087","8941關中","110/08/06","永豐金-三重",2,0,2
"1088","8941關中","110/08/06","合庫證券",0,0,0
"1089","8941關中","110/08/06","(牛牛牛)亞-鑫豐",1,0,1
"1090","8941關中","110/08/06","元大證券",0,0,0
"1091","8941關中","110/08/06","群益金鼎-基隆",1,0,1
"1092","8941關中","110/08/06","元大-桃興",2,2,0
"1093","8941關中","110/08/06","元大-古亭",1,0,1
"1094","8941關中","110/08/06","元大-板橋",0,0,0
"1095","8941關中","110/08/06","合庫證券",0,0,0
"1096","8941關中","110/08/06","永豐金-萬盛",0,0,0
"1097","8941關中","110/08/06","元大證券",0,0,0
"1098","8941關中","110/08/06","",NA,NA,NA
"1099","8941關中","110/08/06","元大-桃興",2,2,0
"1100","8941關中","110/08/06","",NA,NA,NA
"1101","8941關中","110/08/06","元大-板橋",0,0,0
"1102","8941關中","110/08/06","",NA,NA,NA
"1103","8941關中","110/08/06","永豐金-萬盛",0,0,0
"1104","8941關中","110/08/06","",NA,NA,NA
"1105","8941關中","110/08/06","",NA,NA,NA
"1106","8941關中","110/08/06","",NA,NA,NA
"1107","8941關中","110/08/06","",NA,NA,NA
"1108","8941關中","110/08/06","",NA,NA,NA
"1109","8941關中","110/08/06","",NA,NA,NA
"1110","8941關中","110/08/06","",NA,NA,NA
"1111","8936國統","110/08/06","摩根大通",55,0,55
"1112","8936國統","110/08/06","大慶-蘆洲",1,63,-62
"1113","8936國統","110/08/06","凱基-台北",66,19,47
"1114","8936國統","110/08/06","宏遠-館前",0,50,-50
"1115","8936國統","110/08/06","國票-敦北法人",25,1,24
"1116","8936國統","110/08/06","凱基-長庚",0,46,-46
"1117","8936國統","110/08/06","元大-大里德芳",22,0,22
"1118","8936國統","110/08/06","台灣摩根士丹利",0,42,-42
"1119","8936國統","110/08/06","兆豐-新營",20,0,20
"1120","8936國統","110/08/06","永豐金-苓雅",15,48,-33
"1121","8936國統","110/08/06","新光-新竹",17,0,17
"1122","8936國統","110/08/06","元大-竹東",0,30,-30
"1123","8936國統","110/08/06","新光-台中",17,4,13
"1124","8936國統","110/08/06","新加坡商瑞銀",23,49,-26
"1125","8936國統","110/08/06","元富-新店",10,0,10
"1126","8936國統","110/08/06","國票-北高雄",0,25,-25
"1127","8936國統","110/08/06","中國信託-永康",10,0,10
"1128","8936國統","110/08/06","國泰-台南",0,20,-20
"1129","8936國統","110/08/06","台新-高雄",11,1,10
"1130","8936國統","110/08/06","國泰-敦南",7,24,-17
"1131","8936國統","110/08/06","國泰-板橋",10,0,10
"1132","8936國統","110/08/06","臺灣企銀-桃園",0,13,-13
"1133","8936國統","110/08/06","群益金鼎-東湖",10,0,10
"1134","8936國統","110/08/06","美商高盛",1,13,-12
"1135","8936國統","110/08/06","元大-北成功",10,0,10
"1136","8936國統","110/08/06","合庫-高雄",0,10,-10
"1137","8936國統","110/08/06","臺銀-高雄",9,0,9
"1138","8936國統","110/08/06","臺銀",0,10,-10
"1139","8936國統","110/08/06","日盛-和美",9,0,9
"1140","8936國統","110/08/06","元大-土城學府",0,10,-10
"1141","6226光鼎","110/08/06","國泰-敦南",183,87,96
"1142","6226光鼎","110/08/06","富邦-嘉義",286,537,-251
"1143","6226光鼎","110/08/06","台新-高雄",129,53,76
"1144","6226光鼎","110/08/06","統一-新竹",30,181,-151
"1145","6226光鼎","110/08/06","新光",81,25,56
"1146","6226光鼎","110/08/06","宏遠-台中",0,118,-118
"1147","6226光鼎","110/08/06","台新證券",112,57,55
"1148","6226光鼎","110/08/06","華南永昌-大安",2,82,-80
"1149","6226光鼎","110/08/06","台新-新營",56,4,52
"1150","6226光鼎","110/08/06","元富-西松",1,76,-75
"1151","6226光鼎","110/08/06","中國信託",48,7,41
"1152","6226光鼎","110/08/06","凱基-豐中",1,74,-73
"1153","6226光鼎","110/08/06","富邦-板橋",38,5,33
"1154","6226光鼎","110/08/06","凱基-長庚",3,64,-61
"1155","6226光鼎","110/08/06","台新-中壢",32,0,32
"1156","6226光鼎","110/08/06","元富-高雄",2,58,-56
"1157","6226光鼎","110/08/06","日盛-北高雄",32,1,31
"1158","6226光鼎","110/08/06","永豐金-萬盛",2,49,-47
"1159","6226光鼎","110/08/06","群益金鼎-桃園",31,0,31
"1160","6226光鼎","110/08/06","統一-仁愛",11,57,-46
"1161","6226光鼎","110/08/06","元大-屏東民生",31,0,31
"1162","6226光鼎","110/08/06","國票-台中",0,46,-46
"1163","6226光鼎","110/08/06","中國信託-永康",35,5,30
"1164","6226光鼎","110/08/06","群益金鼎-嘉義",11,55,-44
"1165","6226光鼎","110/08/06","國泰-台中",57,27,30
"1166","6226光鼎","110/08/06","元大-沙鹿",6,50,-44
"1167","6226光鼎","110/08/06","群益金鼎-板橋",30,0,30
"1168","6226光鼎","110/08/06","新光-高雄",17,58,-41
"1169","6226光鼎","110/08/06","寶盛",29,0,29
"1170","6226光鼎","110/08/06","元大-嘉義",3,36,-33
"1171","2363矽統","110/08/06","新加坡商瑞銀",1338,777,561
"1172","2363矽統","110/08/06","凱基-台北",4343,7347,-3004
"1173","2363矽統","110/08/06","日盛-三峽",475,86,389
"1174","2363矽統","110/08/06","摩根大通",1716,2908,-1192
"1175","2363矽統","110/08/06","中國信託-忠孝",433,44,389
"1176","2363矽統","110/08/06","美商高盛",315,1169,-854
"1177","2363矽統","110/08/06","陽信-石牌",448,73,375
"1178","2363矽統","110/08/06","永豐金證券",168,889,-721
"1179","2363矽統","110/08/06","國泰-台中",743,471,272
"1180","2363矽統","110/08/06","國票-敦北法人",29,513,-484
"1181","2363矽統","110/08/06","國泰-敦南",2177,1919,258
"1182","2363矽統","110/08/06","元富-嘉義",43,424,-381
"1183","2363矽統","110/08/06","台新-台中",565,347,218
"1184","2363矽統","110/08/06","元大-東泰",174,540,-366
"1185","2363矽統","110/08/06","元大-敦化",246,31,215
"1186","2363矽統","110/08/06","元大證券",187,522,-335
"1187","2363矽統","110/08/06","大昌-桃園",241,51,190
"1188","2363矽統","110/08/06","合庫證券",173,495,-322
"1189","2363矽統","110/08/06","華南永昌-淡水",230,48,182
"1190","2363矽統","110/08/06","元大-萬華",128,391,-263
"1191","2363矽統","110/08/06","港商野村",2381,2203,178
"1192","2363矽統","110/08/06","國票-博愛",93,350,-257
"1193","2363矽統","110/08/06","台新-高雄",529,361,168
"1194","2363矽統","110/08/06","台新-屏東",200,455,-255
"1195","2363矽統","110/08/06","元大-新竹",320,156,164
"1196","2363矽統","110/08/06","日盛-南京",74,327,-253
"1197","2363矽統","110/08/06","元大-中壢",454,292,162
"1198","2363矽統","110/08/06","兆豐-民生",16,227,-211
"1199","2363矽統","110/08/06","新光-台南",310,150,160
"1200","2363矽統","110/08/06","元大-旗山",168,364,-196
"1201","8112至上","110/08/06","新光-新竹",533,65,468
"1202","8112至上","110/08/06","摩根大通",12,2930,-2918
"1203","8112至上","110/08/06","國泰-新莊",192,0,192
"1204","8112至上","110/08/06","凱基-台北",388,1548,-1160
"1205","8112至上","110/08/06","合庫證券",195,11,184
"1206","8112至上","110/08/06","新加坡商瑞銀",17,1069,-1052
"1207","8112至上","110/08/06","元大-西門",178,2,176
"1208","8112至上","110/08/06","台灣摩根士丹利",48,955,-907
"1209","8112至上","110/08/06","(牛牛牛)亞-鑫豐",153,13,140
"1210","8112至上","110/08/06","元大-竹科",61,824,-763
"1211","8112至上","110/08/06","永豐金-中正",120,1,119
"1212","8112至上","110/08/06","美林",19,583,-564
"1213","8112至上","110/08/06","陽信",111,0,111
"1214","8112至上","110/08/06","瑞士信貸",0,547,-547
"1215","8112至上","110/08/06","康和-板橋",106,0,106
"1216","8112至上","110/08/06","康和",2,484,-482
"1217","8112至上","110/08/06","群益金鼎-延平",101,0,101
"1218","8112至上","110/08/06","永豐金-台中",17,430,-413
"1219","8112至上","110/08/06","元大-北成功",110,14,96
"1220","8112至上","110/08/06","元大-屏南",4,393,-389
"1221","8112至上","110/08/06","元富-古亭",141,46,95
"1222","8112至上","110/08/06","美商高盛",12,217,-205
"1223","8112至上","110/08/06","臺灣企銀-埔墘",92,1,91
"1224","8112至上","110/08/06","新光-桃園",42,204,-162
"1225","8112至上","110/08/06","第一金-桃園",89,0,89
"1226","8112至上","110/08/06","玉山證券",18,162,-144
"1227","8112至上","110/08/06","台新證券",105,16,89
"1228","8112至上","110/08/06","群益金鼎-基隆",7,151,-144
"1229","8112至上","110/08/06","玉山-板橋",96,10,86
"1230","8112至上","110/08/06","台新-新營",60,183,-123
"1231","1570力肯","110/08/06","國票-北高雄",246,40,206
"1232","1570力肯","110/08/06","富邦-高雄",0,47,-47
"1233","1570力肯","110/08/06","統一-松江",43,0,43
"1234","1570力肯","110/08/06","凱基-台北",55,101,-46
"1235","1570力肯","110/08/06","日茂-南投",42,2,40
"1236","1570力肯","110/08/06","台新證券",25,60,-35
"1237","1570力肯","110/08/06","群益金鼎-三重",34,2,32
"1238","1570力肯","110/08/06","元富-三重",0,32,-32
"1239","1570力肯","110/08/06","華南永昌-麻豆",32,4,28
"1240","1570力肯","110/08/06","台中銀-員林",0,32,-32
"1241","1570力肯","110/08/06","永豐金-中和",29,2,27
"1242","1570力肯","110/08/06","國泰-板橋",1,33,-32
"1243","1570力肯","110/08/06","永豐金-大園",21,0,21
"1244","1570力肯","110/08/06","摩根大通",83,112,-29
"1245","1570力肯","110/08/06","統一-三重",25,5,20
"1246","1570力肯","110/08/06","玉山-新莊",0,27,-27
"1247","1570力肯","110/08/06","元富-新店",20,0,20
"1248","1570力肯","110/08/06","永豐金-虎尾",0,27,-27
"1249","1570力肯","110/08/06","大昌-桃園",21,1,20
"1250","1570力肯","110/08/06","玉山-左營",0,25,-25
"1251","1570力肯","110/08/06","康和-高雄",18,1,17
"1252","1570力肯","110/08/06","富邦-仁愛",10,32,-22
"1253","1570力肯","110/08/06","元富-潮州",16,0,16
"1254","1570力肯","110/08/06","中國信託-忠孝",0,21,-21
"1255","1570力肯","110/08/06","元富-松德",15,0,15
"1256","1570力肯","110/08/06","臺銀-鳳山",4,24,-20
"1257","1570力肯","110/08/06","凱基-嘉義",15,0,15
"1258","1570力肯","110/08/06","台新-屏東",1,21,-20
"1259","1570力肯","110/08/06","凱基-埔墘",15,0,15
"1260","1570力肯","110/08/06","群益金鼎-西松",0,20,-20
"1261","2929淘帝","110/08/06","統一",155,0,155
"1262","2929淘帝","110/08/06","元富-敦南",0,100,-100
"1263","2929淘帝","110/08/06","港商野村",188,52,136
"1264","2929淘帝","110/08/06","兆豐-忠孝",0,60,-60
"1265","2929淘帝","110/08/06","摩根大通",72,3,69
"1266","2929淘帝","110/08/06","台新證券",9,68,-59
"1267","2929淘帝","110/08/06","新光-新竹",45,0,45
"1268","2929淘帝","110/08/06","凱基-台北",30,80,-50
"1269","2929淘帝","110/08/06","華南永昌",40,1,39
"1270","2929淘帝","110/08/06","台新-台中",0,45,-45
"1271","2929淘帝","110/08/06","美林",52,18,34
"1272","2929淘帝","110/08/06","國泰-台中",2,43,-41
"1273","2929淘帝","110/08/06","新加坡商瑞銀",48,14,34
"1274","2929淘帝","110/08/06","華南永昌-林口",0,37,-37
"1275","2929淘帝","110/08/06","日盛-頭份",32,0,32
"1276","2929淘帝","110/08/06","元大-屏南",0,30,-30
"1277","2929淘帝","110/08/06","日盛-板橋中山",30,0,30
"1278","2929淘帝","110/08/06","群益金鼎-潭子",0,26,-26
"1279","2929淘帝","110/08/06","元大-中壢",25,3,22
"1280","2929淘帝","110/08/06","元大-新莊",3,26,-23
"1281","2929淘帝","110/08/06","元大-莒光",21,0,21
"1282","2929淘帝","110/08/06","臺銀-臺南",0,22,-22
"1283","2929淘帝","110/08/06","福勝",20,0,20
"1284","2929淘帝","110/08/06","新光",2,24,-22
"1285","2929淘帝","110/08/06","元富-三重",17,0,17
"1286","2929淘帝","110/08/06","華南永昌-長虹",0,22,-22
"1287","2929淘帝","110/08/06","國票-南京",17,0,17
"1288","2929淘帝","110/08/06","富邦-高雄",0,20,-20
"1289","2929淘帝","110/08/06","合庫證券",16,0,16
"1290","2929淘帝","110/08/06","元大-竹科",0,20,-20
"1291","5410國眾","110/08/06","元大-中壢",15,1,14
"1292","5410國眾","110/08/06","凱基-台北",0,16,-16
"1293","5410國眾","110/08/06","玉山-嘉義",10,0,10
"1294","5410國眾","110/08/06","元大-松山",0,15,-15
"1295","5410國眾","110/08/06","元大-敦南",10,0,10
"1296","5410國眾","110/08/06","元大-斗信",0,10,-10
"1297","5410國眾","110/08/06","永豐金-板橋",10,0,10
"1298","5410國眾","110/08/06","臺銀-臺南",0,9,-9
"1299","5410國眾","110/08/06","華南永昌-新莊",9,0,9
"1300","5410國眾","110/08/06","新光-台中",0,9,-9
"1301","5410國眾","110/08/06","華南永昌-世貿",6,0,6
"1302","5410國眾","110/08/06","群益金鼎-中壢",0,7,-7
"1303","5410國眾","110/08/06","亞東",5,0,5
"1304","5410國眾","110/08/06","永豐金-中和",0,7,-7
"1305","5410國眾","110/08/06","大昌-新店",5,0,5
"1306","5410國眾","110/08/06","元大-北投",0,6,-6
"1307","5410國眾","110/08/06","凱基-民權",5,0,5
"1308","5410國眾","110/08/06","元大-豐原站前",0,6,-6
"1309","5410國眾","110/08/06","元大-士林",5,0,5
"1310","5410國眾","110/08/06","臺銀",0,5,-5
"1311","5410國眾","110/08/06","元大-北三重",5,0,5
"1312","5410國眾","110/08/06","台灣企銀-太平",0,5,-5
"1313","5410國眾","110/08/06","永豐金-桃園",5,0,5
"1314","5410國眾","110/08/06","元大-大益",0,5,-5
"1315","5410國眾","110/08/06","兆豐-員林",4,0,4
"1316","5410國眾","110/08/06","元大-和平",0,5,-5
"1317","5410國眾","110/08/06","台新-三民",4,0,4
"1318","5410國眾","110/08/06","元大-台南",0,5,-5
"1319","5410國眾","110/08/06","國泰-敦南",6,2,4
"1320","5410國眾","110/08/06","元大-古亭",0,5,-5
"1321","2841台開","110/08/06","宏遠-館前",520,0,520
"1322","2841台開","110/08/06","元富-台南",0,200,-200
"1323","2841台開","110/08/06","合庫證券",193,0,193
"1324","2841台開","110/08/06","元大-鹿港",0,182,-182
"1325","2841台開","110/08/06","永興-台中",100,0,100
"1326","2841台開","110/08/06","群益金鼎-桃園",0,132,-132
"1327","2841台開","110/08/06","永豐金-竹北",78,0,78
"1328","2841台開","110/08/06","中國信託-忠孝",0,130,-130
"1329","2841台開","110/08/06","元大證券",50,0,50
"1330","2841台開","110/08/06","元大-四維",3,116,-113
"1331","2841台開","110/08/06","元大-大天母",50,0,50
"1332","2841台開","110/08/06","元富-嘉義",0,50,-50
"1333","2841台開","110/08/06","永豐金-敦南",50,0,50
"1334","2841台開","110/08/06","元富-板橋",0,50,-50
"1335","2841台開","110/08/06","日盛-園區",49,0,49
"1336","2841台開","110/08/06","(牛牛牛)亞-鑫豐",0,50,-50
"1337","2841台開","110/08/06","元大-前金",38,0,38
"1338","2841台開","110/08/06","群益金鼎-新店",0,50,-50
"1339","2841台開","110/08/06","新光-台中",32,1,31
"1340","2841台開","110/08/06","統一-彰化",0,45,-45
"1341","2841台開","110/08/06","華南永昌-台中",30,0,30
"1342","2841台開","110/08/06","台中銀",12,50,-38
"1343","2841台開","110/08/06","第一金-忠孝",20,0,20
"1344","2841台開","110/08/06","國票-中和",0,30,-30
"1345","2841台開","110/08/06","富邦-台北",20,0,20
"1346","2841台開","110/08/06","富邦-竹北",0,29,-29
"1347","2841台開","110/08/06","元大-林園",20,0,20
"1348","2841台開","110/08/06","日盛-樹林",0,26,-26
"1349","2841台開","110/08/06","日盛-信義",18,0,18
"1350","2841台開","110/08/06","富邦-板橋",0,25,-25
"1351","6207雷科","110/08/06","凱基-台北",167,49,118
"1352","6207雷科","110/08/06","群益金鼎-古亭",0,80,-80
"1353","6207雷科","110/08/06","摩根大通",185,102,83
"1354","6207雷科","110/08/06","康和-台中",0,56,-56
"1355","6207雷科","110/08/06","新光-台中",65,1,64
"1356","6207雷科","110/08/06","統一-板橋",8,59,-51
"1357","6207雷科","110/08/06","元大-鳳山",77,40,37
"1358","6207雷科","110/08/06","臺銀",0,50,-50
"1359","6207雷科","110/08/06","德信",30,0,30
"1360","6207雷科","110/08/06","日盛-忠孝",0,50,-50
"1361","6207雷科","110/08/06","新加坡商瑞銀",47,19,28
"1362","6207雷科","110/08/06","永豐金-虎尾",0,29,-29
"1363","6207雷科","110/08/06","凱基-三重",30,2,28
"1364","6207雷科","110/08/06","凱基-敦北",0,23,-23
"1365","6207雷科","110/08/06","凱基-三峽",33,10,23
"1366","6207雷科","110/08/06","華南永昌-世貿",0,22,-22
"1367","6207雷科","110/08/06","玉山-台大",25,3,22
"1368","6207雷科","110/08/06","兆豐-來福",5,25,-20
"1369","6207雷科","110/08/06","元大-板橋",15,0,15
"1370","6207雷科","110/08/06","群益金鼎-中壢",1,21,-20
"1371","6207雷科","110/08/06","元大-南京",13,0,13
"1372","6207雷科","110/08/06","宏遠-台南",0,16,-16
"1373","6207雷科","110/08/06","元富-大昌",12,0,12
"1374","6207雷科","110/08/06","合庫-桃園",0,15,-15
"1375","6207雷科","110/08/06","德信-和平",11,0,11
"1376","6207雷科","110/08/06","玉山-新莊",1,16,-15
"1377","6207雷科","110/08/06","元大-承德",12,1,11
"1378","6207雷科","110/08/06","群益金鼎-敦南",0,15,-15
"1379","6207雷科","110/08/06","台新-高雄",18,8,10
"1380","6207雷科","110/08/06","台新-左楠",2,15,-13
"1381","3679新至陞","110/08/06","國票-安和",10,0,10
"1382","3679新至陞","110/08/06","摩根大通",1,32,-31
"1383","3679新至陞","110/08/06","元大-上新莊",10,0,10
"1384","3679新至陞","110/08/06","凱基-台北",2,17,-15
"1385","3679新至陞","110/08/06","富邦-台北",9,0,9
"1386","3679新至陞","110/08/06","台灣摩根士丹利",0,11,-11
"1387","3679新至陞","110/08/06","元大-板橋",9,3,6
"1388","3679新至陞","110/08/06","瑞士信貸",0,11,-11
"1389","3679新至陞","110/08/06","康和-板橋",5,0,5
"1390","3679新至陞","110/08/06","兆豐-員林",0,10,-10
"1391","3679新至陞","110/08/06","國泰-松江",5,0,5
"1392","3679新至陞","110/08/06","元大-蘆洲",0,10,-10
"1393","3679新至陞","110/08/06","凱基-三峽",5,0,5
"1394","3679新至陞","110/08/06","美林",1,8,-7
"1395","3679新至陞","110/08/06","華南永昌-大安",5,0,5
"1396","3679新至陞","110/08/06","群益金鼎-桃園",0,7,-7
"1397","3679新至陞","110/08/06","台新-屏東",4,0,4
"1398","3679新至陞","110/08/06","玉山-台大",0,5,-5
"1399","3679新至陞","110/08/06","群益金鼎-敦南",4,0,4
"1400","3679新至陞","110/08/06","日盛-新竹",0,4,-4
"1401","3679新至陞","110/08/06","元大-天母",4,0,4
"1402","3679新至陞","110/08/06","土銀-和平",2,5,-3
"1403","3679新至陞","110/08/06","臺銀-高雄",3,0,3
"1404","3679新至陞","110/08/06","元富-松德",0,3,-3
"1405","3679新至陞","110/08/06","台中銀-員林",3,0,3
"1406","3679新至陞","110/08/06","光和-田中",0,3,-3
"1407","3679新至陞","110/08/06","北城證券",3,0,3
"1408","3679新至陞","110/08/06","群益金鼎-台南",0,3,-3
"1409","3679新至陞","110/08/06","元大-景美",3,0,3
"1410","3679新至陞","110/08/06","元大證券",1,4,-3
"1411","2727王品","110/08/06","摩根大通",65,18,47
"1412","2727王品","110/08/06","美商高盛",12,258,-246
"1413","2727王品","110/08/06","華南永昌",18,0,18
"1414","2727王品","110/08/06","安泰",2,60,-58
"1415","2727王品","110/08/06","凱基-台北",41,25,16
"1416","2727王品","110/08/06","台灣摩根士丹利",10,59,-49
"1417","2727王品","110/08/06","元大-中壢",20,4,16
"1418","2727王品","110/08/06","台新證券",17,60,-43
"1419","2727王品","110/08/06","台新-高雄",27,13,14
"1420","2727王品","110/08/06","元大-桃園",0,32,-32
"1421","2727王品","110/08/06","永豐金-苓雅",14,1,13
"1422","2727王品","110/08/06","凱基-基隆",0,30,-30
"1423","2727王品","110/08/06","永豐金-中盛",14,1,13
"1424","2727王品","110/08/06","群益金鼎-台中",0,22,-22
"1425","2727王品","110/08/06","第一金-安和",12,0,12
"1426","2727王品","110/08/06","凱基-三重",1,20,-19
"1427","2727王品","110/08/06","台新-台南",12,0,12
"1428","2727王品","110/08/06","元大證券",23,42,-19
"1429","2727王品","110/08/06","元大-八德",12,0,12
"1430","2727王品","110/08/06","瑞士信貸",0,18,-18
"1431","2727王品","110/08/06","新加坡商瑞銀",14,3,11
"1432","2727王品","110/08/06","港商野村",32,50,-18
"1433","2727王品","110/08/06","美林",11,1,10
"1434","2727王品","110/08/06","元大-羅東",2,17,-15
"1435","2727王品","110/08/06","台新-中壢",10,0,10
"1436","2727王品","110/08/06","元大-彰化",3,15,-12
"1437","2727王品","110/08/06","大昌-新竹",9,0,9
"1438","2727王品","110/08/06","土銀-高雄",1,12,-11
"1439","2727王品","110/08/06","元大-文心興安",11,2,9
"1440","2727王品","110/08/06","台新-新莊",0,11,-11
"1441","1570力肯","110/08/06","國票-北高雄",246,40,206
"1442","1570力肯","110/08/06","富邦-高雄",0,47,-47
"1443","1570力肯","110/08/06","統一-松江",43,0,43
"1444","1570力肯","110/08/06","凱基-台北",55,101,-46
"1445","1570力肯","110/08/06","日茂-南投",42,2,40
"1446","1570力肯","110/08/06","台新證券",25,60,-35
"1447","1570力肯","110/08/06","群益金鼎-三重",34,2,32
"1448","1570力肯","110/08/06","元富-三重",0,32,-32
"1449","1570力肯","110/08/06","華南永昌-麻豆",32,4,28
"1450","1570力肯","110/08/06","台中銀-員林",0,32,-32
"1451","1570力肯","110/08/06","永豐金-中和",29,2,27
"1452","1570力肯","110/08/06","國泰-板橋",1,33,-32
"1453","1570力肯","110/08/06","永豐金-大園",21,0,21
"1454","1570力肯","110/08/06","摩根大通",83,112,-29
"1455","1570力肯","110/08/06","統一-三重",25,5,20
"1456","1570力肯","110/08/06","玉山-新莊",0,27,-27
"1457","1570力肯","110/08/06","元富-新店",20,0,20
"1458","1570力肯","110/08/06","永豐金-虎尾",0,27,-27
"1459","1570力肯","110/08/06","大昌-桃園",21,1,20
"1460","1570力肯","110/08/06","玉山-左營",0,25,-25
"1461","1570力肯","110/08/06","康和-高雄",18,1,17
"1462","1570力肯","110/08/06","富邦-仁愛",10,32,-22
"1463","1570力肯","110/08/06","元富-潮州",16,0,16
"1464","1570力肯","110/08/06","中國信託-忠孝",0,21,-21
"1465","1570力肯","110/08/06","元富-松德",15,0,15
"1466","1570力肯","110/08/06","臺銀-鳳山",4,24,-20
"1467","1570力肯","110/08/06","凱基-嘉義",15,0,15
"1468","1570力肯","110/08/06","台新-屏東",1,21,-20
"1469","1570力肯","110/08/06","凱基-埔墘",15,0,15
"1470","1570力肯","110/08/06","群益金鼎-西松",0,20,-20
"1471","6180橘子","110/08/06","凱基-中山",138,3,135
"1472","6180橘子","110/08/06","新光",6,37,-31
"1473","6180橘子","110/08/06","富邦-高雄",18,0,18
"1474","6180橘子","110/08/06","永豐金-板新",0,24,-24
"1475","6180橘子","110/08/06","美商高盛",14,0,14
"1476","6180橘子","110/08/06","國票-九鼎",0,20,-20
"1477","6180橘子","110/08/06","富邦-板橋",14,0,14
"1478","6180橘子","110/08/06","群益金鼎-古亭",0,20,-20
"1479","6180橘子","110/08/06","台灣摩根士丹利",18,6,12
"1480","6180橘子","110/08/06","凱基-台北",2,22,-20
"1481","6180橘子","110/08/06","聯邦-雙和",11,0,11
"1482","6180橘子","110/08/06","富邦-員林",1,20,-19
"1483","6180橘子","110/08/06","宏遠-光隆",10,0,10
"1484","6180橘子","110/08/06","富邦-基隆",0,14,-14
"1485","6180橘子","110/08/06","元富-四維",10,0,10
"1486","6180橘子","110/08/06","元富-永和",1,12,-11
"1487","6180橘子","110/08/06","摩根大通",11,1,10
"1488","6180橘子","110/08/06","玉山-台南",0,11,-11
"1489","6180橘子","110/08/06","日盛-中壢",9,0,9
"1490","6180橘子","110/08/06","元大-彰化民生",0,11,-11
"1491","6180橘子","110/08/06","中國信託",9,0,9
"1492","6180橘子","110/08/06","群益金鼎-忠孝",0,10,-10
"1493","6180橘子","110/08/06","凱基-板橋",10,1,9
"1494","6180橘子","110/08/06","元大-龍潭",0,10,-10
"1495","6180橘子","110/08/06","日盛-景美",9,2,7
"1496","6180橘子","110/08/06","元大-金華",1,11,-10
"1497","6180橘子","110/08/06","瑞士信貸",7,0,7
"1498","6180橘子","110/08/06","第一金-新興",0,8,-8
"1499","6180橘子","110/08/06","元大-高雄",5,0,5
"1500","6180橘子","110/08/06","美林",0,7,-7
"1501","2390云辰","110/08/06","元大證券",203,14,189
"1502","2390云辰","110/08/06","永豐金-豐原",0,174,-174
"1503","2390云辰","110/08/06","美商高盛",114,7,107
"1504","2390云辰","110/08/06","第一金-華江",0,83,-83
"1505","2390云辰","110/08/06","華南永昌-麻豆",103,0,103
"1506","2390云辰","110/08/06","凱基-台北",126,197,-71
"1507","2390云辰","110/08/06","國票-安和",76,11,65
"1508","2390云辰","110/08/06","摩根大通",129,187,-58
"1509","2390云辰","110/08/06","港商野村",188,138,50
"1510","2390云辰","110/08/06","臺銀-金山",0,50,-50
"1511","2390云辰","110/08/06","元大-土城學府",102,56,46
"1512","2390云辰","110/08/06","聯邦商銀",13,50,-37
"1513","2390云辰","110/08/06","元富-板橋",41,0,41
"1514","2390云辰","110/08/06","元大-上新莊",10,43,-33
"1515","2390云辰","110/08/06","新加坡商瑞銀",47,7,40
"1516","2390云辰","110/08/06","兆豐-三民",0,30,-30
"1517","2390云辰","110/08/06","元大-台南",35,0,35
"1518","2390云辰","110/08/06","富邦-桃園",0,30,-30
"1519","2390云辰","110/08/06","凱基-林口",31,0,31
"1520","2390云辰","110/08/06","國泰-敦南",33,60,-27
"1521","2390云辰","110/08/06","凱基-台中",23,0,23
"1522","2390云辰","110/08/06","元大-天母",1,28,-27
"1523","2390云辰","110/08/06","台新-左楠",22,0,22
"1524","2390云辰","110/08/06","統一-高雄",0,25,-25
"1525","2390云辰","110/08/06","元大-文心",24,2,22
"1526","2390云辰","110/08/06","元大-太平",0,22,-22
"1527","2390云辰","110/08/06","統一-三重",22,1,21
"1528","2390云辰","110/08/06","彰銀-台中",36,56,-20
"1529","2390云辰","110/08/06","台灣企銀-嘉義",20,0,20
"1530","2390云辰","110/08/06","統一-屏東",1,21,-20
"1531","2867三商壽","110/08/05","摩根大通",376,0,376
"1532","2867三商壽","110/08/05","日盛-新莊",0,253,-253
"1533","2867三商壽","110/08/05","玉山-大里",307,1,306
"1534","2867三商壽","110/08/05","宏遠-高雄",0,156,-156
"1535","2867三商壽","110/08/05","元大-土城永寧",250,0,250
"1536","2867三商壽","110/08/05","康和-台中",0,135,-135
"1537","2867三商壽","110/08/05","新加坡商瑞銀",137,0,137
"1538","2867三商壽","110/08/05","台灣摩根士丹利",17,133,-116
"1539","2867三商壽","110/08/05","大展",120,0,120
"1540","2867三商壽","110/08/05","台灣企銀-竹北",0,100,-100
"1541","2867三商壽","110/08/05","凱基-長庚",120,0,120
"1542","2867三商壽","110/08/05","群益金鼎-桃園",1,100,-99
"1543","2867三商壽","110/08/05","元大-大同",104,2,102
"1544","2867三商壽","110/08/05","永豐金-高雄",10,101,-91
"1545","2867三商壽","110/08/05","凱基-台北",98,30,68
"1546","2867三商壽","110/08/05","元富",0,70,-70
"1547","2867三商壽","110/08/05","華南永昌-朴子",60,0,60
"1548","2867三商壽","110/08/05","富邦-花蓮",0,53,-53
"1549","2867三商壽","110/08/05","永豐金-市政",50,0,50
"1550","2867三商壽","110/08/05","日盛-台南",0,43,-43
"1551","2867三商壽","110/08/05","富邦-台南",49,1,48
"1552","2867三商壽","110/08/05","宏遠-台中",6,45,-39
"1553","2867三商壽","110/08/05","永豐金-永康",30,0,30
"1554","2867三商壽","110/08/05","瑞士信貸",0,32,-32
"1555","2867三商壽","110/08/05","富邦-竹東",30,1,29
"1556","2867三商壽","110/08/05","致和-高雄",0,31,-31
"1557","2867三商壽","110/08/05","兆豐-高雄",30,10,20
"1558","2867三商壽","110/08/05","國泰-台南",1,32,-31
"1559","2867三商壽","110/08/05","群益金鼎-西松",20,0,20
"1560","2867三商壽","110/08/05","元大-松山",1,31,-30
"1561","5521工信","110/08/05","兆豐-桃園",72,0,72
"1562","5521工信","110/08/05","美林",5,100,-95
"1563","5521工信","110/08/05","(牛牛牛)亞-鑫豐",24,0,24
"1564","5521工信","110/08/05","華南永昌-桃園",0,76,-76
"1565","5521工信","110/08/05","富邦-建國",22,0,22
"1566","5521工信","110/08/05","第一金-桃園",0,43,-43
"1567","5521工信","110/08/05","日盛-雙和",16,0,16
"1568","5521工信","110/08/05","凱基-台北",0,26,-26
"1569","5521工信","110/08/05","元大-鳳山",16,0,16
"1570","5521工信","110/08/05","台灣摩根士丹利",0,22,-22
"1571","5521工信","110/08/05","元富-城東",12,0,12
"1572","5521工信","110/08/05","富邦-竹北",0,20,-20
"1573","5521工信","110/08/05","元大-東蘆",12,0,12
"1574","5521工信","110/08/05","富邦-員林",0,20,-20
"1575","5521工信","110/08/05","元大-路竹",11,0,11
"1576","5521工信","110/08/05","元大-豐原",0,20,-20
"1577","5521工信","110/08/05","元大-基隆孝二",11,0,11
"1578","5521工信","110/08/05","港商野村",0,17,-17
"1579","5521工信","110/08/05","日盛-園區",10,0,10
"1580","5521工信","110/08/05","元大-大同",0,14,-14
"1581","5521工信","110/08/05","玉山-台大",10,0,10
"1582","5521工信","110/08/05","永豐金證券",0,14,-14
"1583","5521工信","110/08/05","華南永昌-公誠",10,0,10
"1584","5521工信","110/08/05","兆豐-高雄",0,10,-10
"1585","5521工信","110/08/05","元大-斗六",10,0,10
"1586","5521工信","110/08/05","群益金鼎-永和",0,10,-10
"1587","5521工信","110/08/05","元大-屏東",10,0,10
"1588","5521工信","110/08/05","永豐金-中和",0,10,-10
"1589","5521工信","110/08/05","國泰-台中",9,0,9
"1590","5521工信","110/08/05","第一金-高雄",0,7,-7
"1591","1471首利","110/08/05","國票-北高雄",50,0,50
"1592","1471首利","110/08/05","永豐金-板盛",0,129,-129
"1593","1471首利","110/08/05","台灣摩根士丹利",49,0,49
"1594","1471首利","110/08/05","元大-三重",0,50,-50
"1595","1471首利","110/08/05","元大-太平",30,0,30
"1596","1471首利","110/08/05","瑞士信貸",0,42,-42
"1597","1471首利","110/08/05","國泰-敦南",24,0,24
"1598","1471首利","110/08/05","美林",0,37,-37
"1599","1471首利","110/08/05","玉山-桃園",21,0,21
"1600","1471首利","110/08/05","元富-草屯",0,30,-30
"1601","1471首利","110/08/05","宏遠-光隆",20,0,20
"1602","1471首利","110/08/05","元富-民權",0,25,-25
"1603","1471首利","110/08/05","富邦-嘉義",20,1,19
"1604","1471首利","110/08/05","台中銀",0,23,-23
"1605","1471首利","110/08/05","元大-博愛",30,13,17
"1606","1471首利","110/08/05","元富-新興",0,20,-20
"1607","1471首利","110/08/05","台新-高雄",16,0,16
"1608","1471首利","110/08/05","摩根大通",17,33,-16
"1609","1471首利","110/08/05","日盛-文化",15,0,15
"1610","1471首利","110/08/05","日盛-鳳山",0,15,-15
"1611","1471首利","110/08/05","群益金鼎-新莊",15,0,15
"1612","1471首利","110/08/05","高橋",0,14,-14
"1613","1471首利","110/08/05","凱基-科園",13,0,13
"1614","1471首利","110/08/05","富邦-羅東",0,13,-13
"1615","1471首利","110/08/05","元大-高雄",12,0,12
"1616","1471首利","110/08/05","德信-中正",0,12,-12
"1617","1471首利","110/08/05","第一金-桃園",11,0,11
"1618","1471首利","110/08/05","群益金鼎-中港",5,17,-12
"1619","1471首利","110/08/05","台灣企銀-太平",10,0,10
"1620","1471首利","110/08/05","第一金-台南",0,10,-10
"1621","2883開發金","110/08/05","元富",5268,0,5268
"1622","2883開發金","110/08/05","新光-高雄",309,4909,-4600
"1623","2883開發金","110/08/05","瑞士信貸",4963,0,4963
"1624","2883開發金","110/08/05","富邦-竹東",594,3509,-2915
"1625","2883開發金","110/08/05","富邦證券",3800,0,3800
"1626","2883開發金","110/08/05","永豐金-南京",2,1915,-1913
"1627","2883開發金","110/08/05","台灣摩根士丹利",3886,1250,2636
"1628","2883開發金","110/08/05","第一金-自由",2,1894,-1892
"1629","2883開發金","110/08/05","元富-城東",2119,68,2051
"1630","2883開發金","110/08/05","康和-仁愛",0,1820,-1820
"1631","2883開發金","110/08/05","港商野村",2397,395,2002
"1632","2883開發金","110/08/05","兆豐-台中港",22,1522,-1500
"1633","2883開發金","110/08/05","第一金-忠孝",2020,88,1932
"1634","2883開發金","110/08/05","元大-大同",43,1010,-967
"1635","2883開發金","110/08/05","國泰證券",1682,3,1679
"1636","2883開發金","110/08/05","國票",53,645,-592
"1637","2883開發金","110/08/05","大和國泰",1666,0,1666
"1638","2883開發金","110/08/05","富邦-新竹",86,674,-588
"1639","2883開發金","110/08/05","永豐金-板橋",1507,15,1492
"1640","2883開發金","110/08/05","富邦-建國",39,560,-521
"1641","2883開發金","110/08/05","台灣企銀-民雄",1002,0,1002
"1642","2883開發金","110/08/05","日盛-台南",7,525,-518
"1643","2883開發金","110/08/05","美林",1263,577,686
"1644","2883開發金","110/08/05","凱基-基隆",1,510,-509
"1645","2883開發金","110/08/05","康和",640,0,640
"1646","2883開發金","110/08/05","元富-民權",0,500,-500
"1647","2883開發金","110/08/05","凱基-台北",1262,679,583
"1648","2883開發金","110/08/05","永豐金-松山",9,509,-500
"1649","2883開發金","110/08/05","福邦證券",560,50,510
"1650","2883開發金","110/08/05","華南永昌-中正",25,511,-486
"1651","6205詮欣","110/08/05","富邦-高雄",27,0,27
"1652","6205詮欣","110/08/05","臺銀-鳳山",0,31,-31
"1653","6205詮欣","110/08/05","摩根大通",27,1,26
"1654","6205詮欣","110/08/05","合庫-三重",0,15,-15
"1655","6205詮欣","110/08/05","永豐金-敦南",14,0,14
"1656","6205詮欣","110/08/05","臺銀-民權",11,21,-10
"1657","6205詮欣","110/08/05","凱基-台北",14,1,13
"1658","6205詮欣","110/08/05","日盛-中壢",0,10,-10
"1659","6205詮欣","110/08/05","瑞士信貸",14,5,9
"1660","6205詮欣","110/08/05","統一-松江",0,10,-10
"1661","6205詮欣","110/08/05","凱基-湖口",9,0,9
"1662","6205詮欣","110/08/05","台新-三民",0,9,-9
"1663","6205詮欣","110/08/05","德信-新營",4,0,4
"1664","6205詮欣","110/08/05","臺銀-新竹",1,9,-8
"1665","6205詮欣","110/08/05","元大-東蘆",5,1,4
"1666","6205詮欣","110/08/05","康和",0,5,-5
"1667","6205詮欣","110/08/05","臺銀-高雄",3,0,3
"1668","6205詮欣","110/08/05","元大-館前",0,4,-4
"1669","6205詮欣","110/08/05","富邦-左營",3,0,3
"1670","6205詮欣","110/08/05","宏遠-新化",0,3,-3
"1671","6205詮欣","110/08/05","日盛-花蓮",2,0,2
"1672","6205詮欣","110/08/05","新加坡商瑞銀",4,7,-3
"1673","6205詮欣","110/08/05","元富-三重",2,0,2
"1674","6205詮欣","110/08/05","致和-高雄",0,3,-3
"1675","6205詮欣","110/08/05","北城證券",2,0,2
"1676","6205詮欣","110/08/05","國票",0,3,-3
"1677","6205詮欣","110/08/05","國票-南港",2,0,2
"1678","6205詮欣","110/08/05","富邦-嘉義",0,3,-3
"1679","6205詮欣","110/08/05","台新證券",2,0,2
"1680","6205詮欣","110/08/05","統一-士林",0,2,-2
"1681","1540喬福","110/08/05","元富-中原",24,0,24
"1682","1540喬福","110/08/05","統一-新台中",0,21,-21
"1683","1540喬福","110/08/05","台新-台南",10,0,10
"1684","1540喬福","110/08/05","國泰-敦南",0,15,-15
"1685","1540喬福","110/08/05","台新-台中",10,0,10
"1686","1540喬福","110/08/05","華南永昌-南京",0,10,-10
"1687","1540喬福","110/08/05","瑞士信貸",6,0,6
"1688","1540喬福","110/08/05","元大-台中中港",0,10,-10
"1689","1540喬福","110/08/05","台中銀-豐原",6,0,6
"1690","1540喬福","110/08/05","德信-新營",0,8,-8
"1691","1540喬福","110/08/05","凱基-台北",6,0,6
"1692","1540喬福","110/08/05","新光-台南",0,4,-4
"1693","1540喬福","110/08/05","凱基-台南",5,0,5
"1694","1540喬福","110/08/05","元大-大天母",6,10,-4
"1695","1540喬福","110/08/05","元大-士林",5,0,5
"1696","1540喬福","110/08/05","康和-新竹",0,3,-3
"1697","1540喬福","110/08/05","美林",2,0,2
"1698","1540喬福","110/08/05","元大-龍潭",0,3,-3
"1699","1540喬福","110/08/05","群益金鼎-崇德",2,0,2
"1700","1540喬福","110/08/05","第一金-員林",0,1,-1
"1701","1540喬福","110/08/05","凱基-苗栗",2,0,2
"1702","1540喬福","110/08/05","第一金-豐原",0,1,-1
"1703","1540喬福","110/08/05","凱基-中壢",2,0,2
"1704","1540喬福","110/08/05","台新-高雄",0,1,-1
"1705","1540喬福","110/08/05","土銀-士林",1,0,1
"1706","1540喬福","110/08/05","元大-崇德",0,1,-1
"1707","1540喬福","110/08/05","群益金鼎-丹鳳",1,0,1
"1708","1540喬福","110/08/05","元大-中壢",0,1,-1
"1709","1540喬福","110/08/05","元大-文心",1,0,1
"1710","1540喬福","110/08/05","元大-斗信",0,1,-1
"1711","2888新光金","110/08/05","華南永昌-南京",3753,8,3745
"1712","2888新光金","110/08/05","第一金-高雄",0,5007,-5007
"1713","2888新光金","110/08/05","玉山-城中",2004,28,1976
"1714","2888新光金","110/08/05","美商高盛",12,1719,-1707
"1715","2888新光金","110/08/05","元大-西門",906,18,888
"1716","2888新光金","110/08/05","香港上海匯豐",0,1437,-1437
"1717","2888新光金","110/08/05","日盛-和美",557,3,554
"1718","2888新光金","110/08/05","凱基-台南",46,802,-756
"1719","2888新光金","110/08/05","康和-台中",460,49,411
"1720","2888新光金","110/08/05","美林",538,1140,-602
"1721","2888新光金","110/08/05","元富-緯城",302,1,301
"1722","2888新光金","110/08/05","凱基-台北",686,1280,-594
"1723","2888新光金","110/08/05","彰銀",301,3,298
"1724","2888新光金","110/08/05","法銀巴黎",0,562,-562
"1725","2888新光金","110/08/05","花旗環球",356,84,272
"1726","2888新光金","110/08/05","瑞士信貸",1350,1798,-448
"1727","2888新光金","110/08/05","永全-南崁",240,0,240
"1728","2888新光金","110/08/05","群益金鼎-丹鳳",4,303,-299
"1729","2888新光金","110/08/05","永豐金-彰化",232,20,212
"1730","2888新光金","110/08/05","安泰-大發",10,300,-290
"1731","2888新光金","110/08/05","統一-新台中",214,7,207
"1732","2888新光金","110/08/05","摩根大通",1159,1428,-269
"1733","2888新光金","110/08/05","中國信託-永康",203,0,203
"1734","2888新光金","110/08/05","兆豐-員林",4,260,-256
"1735","2888新光金","110/08/05","日盛-景美",200,0,200
"1736","2888新光金","110/08/05","日盛-大墩",0,250,-250
"1737","2888新光金","110/08/05","元大-東泰",207,22,185
"1738","2888新光金","110/08/05","元大-大里",31,243,-212
"1739","2888新光金","110/08/05","合庫證券",181,2,179
"1740","2888新光金","110/08/05","北城證券",25,230,-205
"1741","1340勝悅","110/08/05","富邦-仁愛",20,0,20
"1742","1340勝悅","110/08/05","中國信託",0,36,-36
"1743","1340勝悅","110/08/05","華南永昌-忠孝",12,0,12
"1744","1340勝悅","110/08/05","新光-新竹",0,18,-18
"1745","1340勝悅","110/08/05","華南永昌-楠梓",10,0,10
"1746","1340勝悅","110/08/05","永豐金-嘉義",0,15,-15
"1747","1340勝悅","110/08/05","統一-城中",17,11,6
"1748","1340勝悅","110/08/05","日茂",0,10,-10
"1749","1340勝悅","110/08/05","臺灣企銀-埔墘",5,0,5
"1750","1340勝悅","110/08/05","富邦-宜蘭",0,10,-10
"1751","1340勝悅","110/08/05","國票-台東",5,0,5
"1752","1340勝悅","110/08/05","元富-花蓮",0,9,-9
"1753","1340勝悅","110/08/05","新光-高雄",5,0,5
"1754","1340勝悅","110/08/05","永豐金-南京",0,7,-7
"1755","1340勝悅","110/08/05","國泰-台中",6,1,5
"1756","1340勝悅","110/08/05","統一",0,6,-6
"1757","1340勝悅","110/08/05","富邦-陽明",5,0,5
"1758","1340勝悅","110/08/05","合庫-西台中",0,3,-3
"1759","1340勝悅","110/08/05","日盛-板橋",4,0,4
"1760","1340勝悅","110/08/05","港商野村",0,3,-3
"1761","1340勝悅","110/08/05","港商法國興業",4,0,4
"1762","1340勝悅","110/08/05","兆豐-新竹",0,3,-3
"1763","1340勝悅","110/08/05","臺銀-高雄",3,0,3
"1764","1340勝悅","110/08/05","亞東-台中",0,2,-2
"1765","1340勝悅","110/08/05","元富-新店",3,0,3
"1766","1340勝悅","110/08/05","元大-歸仁",0,2,-2
"1767","1340勝悅","110/08/05","康和-屏東",3,0,3
"1768","1340勝悅","110/08/05","日盛-斗六",0,1,-1
"1769","1340勝悅","110/08/05","群益金鼎-民權",3,0,3
"1770","1340勝悅","110/08/05","日盛-中和",0,1,-1
"1771","6246臺龍","110/08/05","元大-林森",200,0,200
"1772","6246臺龍","110/08/05","統一",0,180,-180
"1773","6246臺龍","110/08/05","元大證券",92,1,91
"1774","6246臺龍","110/08/05","大慶-富順",0,114,-114
"1775","6246臺龍","110/08/05","凱基-大直",99,19,80
"1776","6246臺龍","110/08/05","台新-三民",0,77,-77
"1777","6246臺龍","110/08/05","元大-北港",51,0,51
"1778","6246臺龍","110/08/05","永興",0,48,-48
"1779","6246臺龍","110/08/05","統一-南京",50,0,50
"1780","6246臺龍","110/08/05","華南永昌-嘉義",1,26,-25
"1781","6246臺龍","110/08/05","台灣企銀",40,0,40
"1782","6246臺龍","110/08/05","宏遠-民生",0,20,-20
"1783","6246臺龍","110/08/05","永豐金-虎尾",23,0,23
"1784","6246臺龍","110/08/05","兆豐-大同",0,20,-20
"1785","6246臺龍","110/08/05","凱基-台北",27,5,22
"1786","6246臺龍","110/08/05","華南永昌-林口",0,20,-20
"1787","6246臺龍","110/08/05","元富-新竹",20,0,20
"1788","6246臺龍","110/08/05","元大-永春",0,20,-20
"1789","6246臺龍","110/08/05","康和-石牌",20,0,20
"1790","6246臺龍","110/08/05","元大-東泰",0,19,-19
"1791","6246臺龍","110/08/05","聯邦-大業",20,0,20
"1792","6246臺龍","110/08/05","德信-新營",0,18,-18
"1793","6246臺龍","110/08/05","凱基-彰化",18,0,18
"1794","6246臺龍","110/08/05","永豐金-松山",10,28,-18
"1795","6246臺龍","110/08/05","永豐金-復興",17,1,16
"1796","6246臺龍","110/08/05","台新-台中",4,20,-16
"1797","6246臺龍","110/08/05","新光-台中",17,2,15
"1798","6246臺龍","110/08/05","兆豐-竹北",5,20,-15
"1799","6246臺龍","110/08/05","元大-路竹",15,1,14
"1800","6246臺龍","110/08/05","兆豐-南京",1,14,-13
"1801","00715L期街口布蘭特正2","110/08/05","(牛牛牛)亞-鑫豐",1195,20,1175
"1802","00715L期街口布蘭特正2","110/08/05","元大證券",1735,21716,-19981
"1803","00715L期街口布蘭特正2","110/08/05","元大-萬華",930,0,930
"1804","00715L期街口布蘭特正2","110/08/05","凱基-台北",182,11686,-11504
"1805","00715L期街口布蘭特正2","110/08/05","元大-永康",810,9,801
"1806","00715L期街口布蘭特正2","110/08/05","元富",8,6852,-6844
"1807","00715L期街口布蘭特正2","110/08/05","富邦-彰化",760,0,760
"1808","00715L期街口布蘭特正2","110/08/05","台新證券",598,4522,-3924
"1809","00715L期街口布蘭特正2","110/08/05","國泰-敦南",830,155,675
"1810","00715L期街口布蘭特正2","110/08/05","凱基",0,3168,-3168
"1811","00715L期街口布蘭特正2","110/08/05","新光-台中",698,33,665
"1812","00715L期街口布蘭特正2","110/08/05","群益金鼎",0,1742,-1742
"1813","00715L期街口布蘭特正2","110/08/05","富邦-南屯",621,5,616
"1814","00715L期街口布蘭特正2","110/08/05","國票",22,1607,-1585
"1815","00715L期街口布蘭特正2","110/08/05","群益金鼎-士林",620,40,580
"1816","00715L期街口布蘭特正2","110/08/05","永豐金證券",91,1254,-1163
"1817","00715L期街口布蘭特正2","110/08/05","兆豐-嘉義",510,0,510
"1818","00715L期街口布蘭特正2","110/08/05","富邦證券",140,1095,-955
"1819","00715L期街口布蘭特正2","110/08/05","統一-新竹",508,9,499
"1820","00715L期街口布蘭特正2","110/08/05","元大-雙和",22,850,-828
"1821","00715L期街口布蘭特正2","110/08/05","國泰-板橋",521,24,497
"1822","00715L期街口布蘭特正2","110/08/05","國票-台中",25,805,-780
"1823","00715L期街口布蘭特正2","110/08/05","元大-中和",481,3,478
"1824","00715L期街口布蘭特正2","110/08/05","華南永昌-長虹",145,820,-675
"1825","00715L期街口布蘭特正2","110/08/05","元大-羅東",470,0,470
"1826","00715L期街口布蘭特正2","110/08/05","日盛-大墩",121,455,-334
"1827","00715L期街口布蘭特正2","110/08/05","群益金鼎-嘉義",483,20,463
"1828","00715L期街口布蘭特正2","110/08/05","華南永昌-斗六",52,380,-328
"1829","00715L期街口布蘭特正2","110/08/05","群益金鼎-中壢",476,30,446
"1830","00715L期街口布蘭特正2","110/08/05","康和",0,250,-250
"1831","8941關中","110/08/05","第一金-台南",1,0,1
"1832","8941關中","110/08/05","元富-宜蘭",0,2,-2
"1833","8941關中","110/08/05","康和-嘉義",1,0,1
"1834","8941關中","110/08/05","統一-南京",0,1,-1
"1835","8941關中","110/08/05","群益金鼎-延平",1,0,1
"1836","8941關中","110/08/05","合庫證券",0,0,0
"1837","8941關中","110/08/05","合庫證券",0,0,0
"1838","8941關中","110/08/05","(牛牛牛)亞-鑫豐",0,0,0
"1839","8941關中","110/08/05","(牛牛牛)亞-鑫豐",0,0,0
"1840","8941關中","110/08/05","富邦-北港",0,0,0
"1841","8941關中","110/08/05","富邦-北港",0,0,0
"1842","8941關中","110/08/05","",NA,NA,NA
"1843","8941關中","110/08/05","",NA,NA,NA
"1844","8941關中","110/08/05","",NA,NA,NA
"1845","8941關中","110/08/05","",NA,NA,NA
"1846","8941關中","110/08/05","",NA,NA,NA
"1847","8941關中","110/08/05","",NA,NA,NA
"1848","8941關中","110/08/05","",NA,NA,NA
"1849","8941關中","110/08/05","",NA,NA,NA
"1850","8941關中","110/08/05","",NA,NA,NA
"1851","8941關中","110/08/05","",NA,NA,NA
"1852","8941關中","110/08/05","",NA,NA,NA
"1853","8941關中","110/08/05","",NA,NA,NA
"1854","8941關中","110/08/05","",NA,NA,NA
"1855","8941關中","110/08/05","",NA,NA,NA
"1856","8941關中","110/08/05","",NA,NA,NA
"1857","8941關中","110/08/05","",NA,NA,NA
"1858","8941關中","110/08/05","",NA,NA,NA
"1859","8941關中","110/08/05","",NA,NA,NA
"1860","8941關中","110/08/05","",NA,NA,NA
"1861","8936國統","110/08/05","國票-敦北法人",100,0,100
"1862","8936國統","110/08/05","摩根大通",16,240,-224
"1863","8936國統","110/08/05","第一金-光復",50,0,50
"1864","8936國統","110/08/05","台新-松江",0,205,-205
"1865","8936國統","110/08/05","元大-蘆洲",45,0,45
"1866","8936國統","110/08/05","凱基-台北",1,177,-176
"1867","8936國統","110/08/05","富邦-建國",34,0,34
"1868","8936國統","110/08/05","新加坡商瑞銀",14,119,-105
"1869","8936國統","110/08/05","富邦-高雄",33,1,32
"1870","8936國統","110/08/05","凱基-市政",0,35,-35
"1871","8936國統","110/08/05","元大-敦南",30,0,30
"1872","8936國統","110/08/05","瑞士信貸",0,31,-31
"1873","8936國統","110/08/05","元大-博愛",23,0,23
"1874","8936國統","110/08/05","合庫-高雄",22,49,-27
"1875","8936國統","110/08/05","國票-長城",20,0,20
"1876","8936國統","110/08/05","港商野村",15,41,-26
"1877","8936國統","110/08/05","凱基-岡山",20,0,20
"1878","8936國統","110/08/05","富邦-陽明",1,24,-23
"1879","8936國統","110/08/05","凱基-台南",20,0,20
"1880","8936國統","110/08/05","合庫-新竹",0,22,-22
"1881","8936國統","110/08/05","富邦-中壢",21,2,19
"1882","8936國統","110/08/05","美商高盛",0,20,-20
"1883","8936國統","110/08/05","永豐金-忠孝",17,0,17
"1884","8936國統","110/08/05","元大-雙和",0,20,-20
"1885","8936國統","110/08/05","玉山-台中",16,0,16
"1886","8936國統","110/08/05","彰銀-七賢",0,18,-18
"1887","8936國統","110/08/05","兆豐-景美",15,0,15
"1888","8936國統","110/08/05","台灣企銀-台中",0,15,-15
"1889","8936國統","110/08/05","富邦-南屯",15,0,15
"1890","8936國統","110/08/05","兆豐-大同",0,15,-15
"1891","6226光鼎","110/08/05","國泰-敦南",190,90,100
"1892","6226光鼎","110/08/05","富邦-嘉義",590,964,-374
"1893","6226光鼎","110/08/05","凱基-台中",98,2,96
"1894","6226光鼎","110/08/05","日盛-員林",9,200,-191
"1895","6226光鼎","110/08/05","華南永昌-大安",95,13,82
"1896","6226光鼎","110/08/05","華南永昌",5,157,-152
"1897","6226光鼎","110/08/05","凱基-豐中",68,2,66
"1898","6226光鼎","110/08/05","國票-敦北法人",0,106,-106
"1899","6226光鼎","110/08/05","元富-西松",76,15,61
"1900","6226光鼎","110/08/05","元大-雙和",27,118,-91
"1901","6226光鼎","110/08/05","群益金鼎-土城",61,0,61
"1902","6226光鼎","110/08/05","華南永昌-南京",48,137,-89
"1903","6226光鼎","110/08/05","新光-高雄",64,4,60
"1904","6226光鼎","110/08/05","統一-新竹",37,124,-87
"1905","6226光鼎","110/08/05","宏遠-台中",67,9,58
"1906","6226光鼎","110/08/05","大昌",3,78,-75
"1907","6226光鼎","110/08/05","元大-東港",53,0,53
"1908","6226光鼎","110/08/05","凱基-台北",1,74,-73
"1909","6226光鼎","110/08/05","群益金鼎-敦南",60,10,50
"1910","6226光鼎","110/08/05","中國信託-文心",10,65,-55
"1911","6226光鼎","110/08/05","日盛-高雄",53,7,46
"1912","6226光鼎","110/08/05","台新-新莊",1,54,-53
"1913","6226光鼎","110/08/05","台新-新營",49,4,45
"1914","6226光鼎","110/08/05","台新-台中",84,135,-51
"1915","6226光鼎","110/08/05","玉山-雙和",42,2,40
"1916","6226光鼎","110/08/05","元大-嘉義",77,128,-51
"1917","6226光鼎","110/08/05","永豐金-高雄",44,8,36
"1918","6226光鼎","110/08/05","日盛-大墩",1,43,-42
"1919","6226光鼎","110/08/05","元富-花蓮",42,7,35
"1920","6226光鼎","110/08/05","日茂-埔里",0,41,-41
"1921","2363矽統","110/08/05","瑞士信貸",3345,0,3345
"1922","2363矽統","110/08/05","新加坡商瑞銀",1909,2622,-713
"1923","2363矽統","110/08/05","台灣摩根士丹利",2917,53,2864
"1924","2363矽統","110/08/05","統一-板橋",37,650,-613
"1925","2363矽統","110/08/05","摩根大通",5124,3944,1180
"1926","2363矽統","110/08/05","美商高盛",702,1245,-543
"1927","2363矽統","110/08/05","康和-台中",911,292,619
"1928","2363矽統","110/08/05","元富-西松",367,902,-535
"1929","2363矽統","110/08/05","永豐金證券",951,339,612
"1930","2363矽統","110/08/05","華南永昌-斗六",55,584,-529
"1931","2363矽統","110/08/05","群益金鼎-三民",571,106,465
"1932","2363矽統","110/08/05","美林",2987,3501,-514
"1933","2363矽統","110/08/05","國票-敦北法人",484,51,433
"1934","2363矽統","110/08/05","群益金鼎-館前",331,802,-471
"1935","2363矽統","110/08/05","陽信-石牌",624,204,420
"1936","2363矽統","110/08/05","永豐金-三重",138,571,-433
"1937","2363矽統","110/08/05","合庫證券",520,118,402
"1938","2363矽統","110/08/05","富邦-中壢",348,774,-426
"1939","2363矽統","110/08/05","元大-承德",385,70,315
"1940","2363矽統","110/08/05","北城證券",53,459,-406
"1941","2363矽統","110/08/05","新光",2366,2079,287
"1942","2363矽統","110/08/05","凱基-興隆",370,717,-347
"1943","2363矽統","110/08/05","元大證券",601,329,272
"1944","2363矽統","110/08/05","元大-屏南",132,464,-332
"1945","2363矽統","110/08/05","國泰-敦南",4481,4216,265
"1946","2363矽統","110/08/05","日盛-中和",208,531,-323
"1947","2363矽統","110/08/05","元大-台中",562,349,213
"1948","2363矽統","110/08/05","土銀",28,340,-312
"1949","2363矽統","110/08/05","富邦-台北",584,380,204
"1950","2363矽統","110/08/05","永豐金-嘉義",97,401,-304
"1951","8112至上","110/08/05","元大-竹科",858,64,794
"1952","8112至上","110/08/05","摩根大通",461,775,-314
"1953","8112至上","110/08/05","港商野村",937,361,576
"1954","8112至上","110/08/05","台灣摩根士丹利",16,272,-256
"1955","8112至上","110/08/05","康和",484,0,484
"1956","8112至上","110/08/05","高橋",3,183,-180
"1957","8112至上","110/08/05","新加坡商瑞銀",514,58,456
"1958","8112至上","110/08/05","合庫證券",19,162,-143
"1959","8112至上","110/08/05","元大-屏南",391,4,387
"1960","8112至上","110/08/05","元大-北屯",3,145,-142
"1961","8112至上","110/08/05","國票-長城",427,142,285
"1962","8112至上","110/08/05","元大-府城",14,154,-140
"1963","8112至上","110/08/05","元大-萬華",246,12,234
"1964","8112至上","110/08/05","群益金鼎-三重",0,138,-138
"1965","8112至上","110/08/05","台灣匯立證券",210,0,210
"1966","8112至上","110/08/05","富邦-台北",25,129,-104
"1967","8112至上","110/08/05","凱基-敦北",200,4,196
"1968","8112至上","110/08/05","元富-佳里",7,100,-93
"1969","8112至上","110/08/05","元大-北成功",205,17,188
"1970","8112至上","110/08/05","元富-台南",0,86,-86
"1971","8112至上","110/08/05","元大-高雄",146,14,132
"1972","8112至上","110/08/05","臺灣企銀-桃園",0,82,-82
"1973","8112至上","110/08/05","美商高盛",161,47,114
"1974","8112至上","110/08/05","玉山-嘉義",10,88,-78
"1975","8112至上","110/08/05","花旗環球",102,0,102
"1976","8112至上","110/08/05","凱基-復興",1,67,-66
"1977","8112至上","110/08/05","統一-士林",108,8,100
"1978","8112至上","110/08/05","富邦-中壢",23,89,-66
"1979","8112至上","110/08/05","新光",244,159,85
"1980","8112至上","110/08/05","元大-上新莊",1,67,-66
"1981","1570力肯","110/08/05","國票",352,0,352
"1982","1570力肯","110/08/05","國票-和平",7,402,-395
"1983","1570力肯","110/08/05","台新證券",211,87,124
"1984","1570力肯","110/08/05","摩根大通",46,335,-289
"1985","1570力肯","110/08/05","國泰-敦南",206,125,81
"1986","1570力肯","110/08/05","國票-北高雄",79,306,-227
"1987","1570力肯","110/08/05","聯邦商銀",75,0,75
"1988","1570力肯","110/08/05","統一",3,226,-223
"1989","1570力肯","110/08/05","元大-東泰",61,4,57
"1990","1570力肯","110/08/05","凱基-台北",184,366,-182
"1991","1570力肯","110/08/05","元大-桃興",113,66,47
"1992","1570力肯","110/08/05","統一-土城",89,161,-72
"1993","1570力肯","110/08/05","國泰-板橋",96,50,46
"1994","1570力肯","110/08/05","統一-屏東",0,64,-64
"1995","1570力肯","110/08/05","合庫-桃園",92,48,44
"1996","1570力肯","110/08/05","大昌-新店",9,61,-52
"1997","1570力肯","110/08/05","華南永昌-高雄",53,12,41
"1998","1570力肯","110/08/05","群益金鼎-忠孝",11,60,-49
"1999","1570力肯","110/08/05","國泰-高雄",50,14,36
"2000","1570力肯","110/08/05","臺銀-臺南",12,52,-40
"2001","1570力肯","110/08/05","國泰-台中",60,25,35
"2002","1570力肯","110/08/05","凱基-岡山",28,68,-40
"2003","1570力肯","110/08/05","富邦-仁愛",52,17,35
"2004","1570力肯","110/08/05","元大-蘆洲",8,44,-36
"2005","1570力肯","110/08/05","中國信託-忠孝",37,3,34
"2006","1570力肯","110/08/05","統一-仁愛",25,60,-35
"2007","1570力肯","110/08/05","元大-中壢",44,10,34
"2008","1570力肯","110/08/05","富邦-高雄",8,43,-35
"2009","1570力肯","110/08/05","日盛-新竹",30,0,30
"2010","1570力肯","110/08/05","大慶-蘆洲",110,142,-32
"2011","2929淘帝","110/08/05","國泰-松江",60,0,60
"2012","2929淘帝","110/08/05","摩根大通",4,87,-83
"2013","2929淘帝","110/08/05","美林",79,30,49
"2014","2929淘帝","110/08/05","日盛-南京",0,80,-80
"2015","2929淘帝","110/08/05","港商野村",87,45,42
"2016","2929淘帝","110/08/05","華南永昌-頭份",0,80,-80
"2017","2929淘帝","110/08/05","兆豐-忠孝",40,0,40
"2018","2929淘帝","110/08/05","日盛-雙和",2,57,-55
"2019","2929淘帝","110/08/05","新光-新竹",41,2,39
"2020","2929淘帝","110/08/05","台新-台中",2,33,-31
"2021","2929淘帝","110/08/05","元大-民生",31,0,31
"2022","2929淘帝","110/08/05","群益金鼎-新竹",0,30,-30
"2023","2929淘帝","110/08/05","元富-中港",28,0,28
"2024","2929淘帝","110/08/05","元大-北成功",0,30,-30
"2025","2929淘帝","110/08/05","凱基-台北",66,41,25
"2026","2929淘帝","110/08/05","元大-天母",5,30,-25
"2027","2929淘帝","110/08/05","富邦-新店",20,0,20
"2028","2929淘帝","110/08/05","元大-北港",0,25,-25
"2029","2929淘帝","110/08/05","康和-台中",15,0,15
"2030","2929淘帝","110/08/05","兆豐-彰化",0,24,-24
"2031","2929淘帝","110/08/05","華南永昌-古亭",15,0,15
"2032","2929淘帝","110/08/05","國泰-台中",1,25,-24
"2033","2929淘帝","110/08/05","日盛-景美",11,0,11
"2034","2929淘帝","110/08/05","華南永昌-大安",0,22,-22
"2035","2929淘帝","110/08/05","台新證券",11,0,11
"2036","2929淘帝","110/08/05","國泰-館前",10,31,-21
"2037","2929淘帝","110/08/05","凱基-三重",11,0,11
"2038","2929淘帝","110/08/05","元富-安南",0,20,-20
"2039","2929淘帝","110/08/05","華南永昌-竹北",11,0,11
"2040","2929淘帝","110/08/05","元大-屏南",10,30,-20
"2041","5410國眾","110/08/05","凱基-市政",40,0,40
"2042","5410國眾","110/08/05","元富-台南",0,27,-27
"2043","5410國眾","110/08/05","安泰",16,0,16
"2044","5410國眾","110/08/05","群益金鼎-內湖",0,16,-16
"2045","5410國眾","110/08/05","元大-善化",12,0,12
"2046","5410國眾","110/08/05","中農",0,15,-15
"2047","5410國眾","110/08/05","元富-同大",10,0,10
"2048","5410國眾","110/08/05","新光-台南",0,15,-15
"2049","5410國眾","110/08/05","中國信託-新竹",10,0,10
"2050","5410國眾","110/08/05","統一-平鎮",0,13,-13
"2051","5410國眾","110/08/05","元大-敦南",10,0,10
"2052","5410國眾","110/08/05","臺銀",0,11,-11
"2053","5410國眾","110/08/05","台灣企銀-太平",8,0,8
"2054","5410國眾","110/08/05","凱基-城中",0,10,-10
"2055","5410國眾","110/08/05","瑞士信貸",7,0,7
"2056","5410國眾","110/08/05","元大-崇德",0,10,-10
"2057","5410國眾","110/08/05","元富-烏日",6,0,6
"2058","5410國眾","110/08/05","元大-和平",0,10,-10
"2059","5410國眾","110/08/05","摩根大通",7,1,6
"2060","5410國眾","110/08/05","新光-台中",1,9,-8
"2061","5410國眾","110/08/05","元富-三重",11,6,5
"2062","5410國眾","110/08/05","富邦-板橋",0,6,-6
"2063","5410國眾","110/08/05","中國信託-忠孝",5,0,5
"2064","5410國眾","110/08/05","新百王",0,5,-5
"2065","5410國眾","110/08/05","凱基-復興",5,0,5
"2066","5410國眾","110/08/05","元大-大益",0,5,-5
"2067","5410國眾","110/08/05","永豐金-台中",4,0,4
"2068","5410國眾","110/08/05","永豐金-板橋",0,5,-5
"2069","5410國眾","110/08/05","元富-板橋",3,0,3
"2070","5410國眾","110/08/05","台新-中壢",0,4,-4
"2071","2841台開","110/08/05","日盛證券",201,0,201
"2072","2841台開","110/08/05","第一金-自由",0,272,-272
"2073","2841台開","110/08/05","永豐金-敦南",202,1,201
"2074","2841台開","110/08/05","瑞士信貸",0,149,-149
"2075","2841台開","110/08/05","元大-大天母",200,0,200
"2076","2841台開","110/08/05","玉山-新竹",0,131,-131
"2077","2841台開","110/08/05","永豐金-鳳山",100,0,100
"2078","2841台開","110/08/05","元富-板橋",0,125,-125
"2079","2841台開","110/08/05","台新-三民",100,1,99
"2080","2841台開","110/08/05","元大-台中中港",0,109,-109
"2081","2841台開","110/08/05","凱基-竹科",67,0,67
"2082","2841台開","110/08/05","兆豐-東門",0,100,-100
"2083","2841台開","110/08/05","國泰-敦南",44,5,39
"2084","2841台開","110/08/05","(牛牛牛)亞-鑫豐",0,97,-97
"2085","2841台開","110/08/05","元大-中壢",35,0,35
"2086","2841台開","110/08/05","元富-嘉義",0,50,-50
"2087","2841台開","110/08/05","國泰-忠孝",33,0,33
"2088","2841台開","110/08/05","新光",20,67,-47
"2089","2841台開","110/08/05","元大-新竹經國",30,0,30
"2090","2841台開","110/08/05","永豐金-豐原",3,50,-47
"2091","2841台開","110/08/05","日盛-內湖",24,0,24
"2092","2841台開","110/08/05","統一-士林",0,31,-31
"2093","2841台開","110/08/05","新光-高雄",21,0,21
"2094","2841台開","110/08/05","元大-龍潭",0,30,-30
"2095","2841台開","110/08/05","元大-林園",20,0,20
"2096","2841台開","110/08/05","新光-台南",0,27,-27
"2097","2841台開","110/08/05","元大-仁愛",20,0,20
"2098","2841台開","110/08/05","台新-台中",0,22,-22
"2099","2841台開","110/08/05","群益金鼎-崇德",18,0,18
"2100","2841台開","110/08/05","大昌-安康",0,20,-20
"2101","6207雷科","110/08/05","摩根大通",313,64,249
"2102","6207雷科","110/08/05","日盛-忠孝",2,93,-91
"2103","6207雷科","110/08/05","新加坡商瑞銀",141,6,135
"2104","6207雷科","110/08/05","凱基-復興",0,90,-90
"2105","6207雷科","110/08/05","凱基-台北",142,20,122
"2106","6207雷科","110/08/05","群益金鼎-敦南",0,67,-67
"2107","6207雷科","110/08/05","台新-高雄",111,0,111
"2108","6207雷科","110/08/05","元大-鳳山",11,73,-62
"2109","6207雷科","110/08/05","瑞士信貸",58,0,58
"2110","6207雷科","110/08/05","群益金鼎-東門",0,56,-56
"2111","6207雷科","110/08/05","美林",45,0,45
"2112","6207雷科","110/08/05","元富-同大",1,41,-40
"2113","6207雷科","110/08/05","凱基-板橋",46,1,45
"2114","6207雷科","110/08/05","群益金鼎-屏東",1,41,-40
"2115","6207雷科","110/08/05","美商高盛",37,0,37
"2116","6207雷科","110/08/05","群益金鼎-延平",0,40,-40
"2117","6207雷科","110/08/05","凱基-三多",30,0,30
"2118","6207雷科","110/08/05","群益金鼎-瑞豐",1,33,-32
"2119","6207雷科","110/08/05","永豐金-虎尾",29,0,29
"2120","6207雷科","110/08/05","日盛證券",0,30,-30
"2121","6207雷科","110/08/05","第一金-中山",21,1,20
"2122","6207雷科","110/08/05","臺銀",1,30,-29
"2123","6207雷科","110/08/05","華南永昌-林口",20,0,20
"2124","6207雷科","110/08/05","群益金鼎-古亭",0,26,-26
"2125","6207雷科","110/08/05","兆豐-公益",18,0,18
"2126","6207雷科","110/08/05","凱基-高雄",4,30,-26
"2127","6207雷科","110/08/05","港商野村",62,46,16
"2128","6207雷科","110/08/05","富邦-竹東",0,25,-25
"2129","6207雷科","110/08/05","華南永昌-南京",16,0,16
"2130","6207雷科","110/08/05","元大-台中中港",2,25,-23
"2131","3679新至陞","110/08/05","新光",13,0,13
"2132","3679新至陞","110/08/05","凱基-台北",1,13,-12
"2133","3679新至陞","110/08/05","華南永昌-麻豆",3,0,3
"2134","3679新至陞","110/08/05","台灣摩根士丹利",0,5,-5
"2135","3679新至陞","110/08/05","臺灣企銀-埔墘",2,0,2
"2136","3679新至陞","110/08/05","元大-成功",0,5,-5
"2137","3679新至陞","110/08/05","彰銀",2,0,2
"2138","3679新至陞","110/08/05","元大證券",0,3,-3
"2139","3679新至陞","110/08/05","永全-南崁",2,0,2
"2140","3679新至陞","110/08/05","新加坡商瑞銀",0,2,-2
"2141","3679新至陞","110/08/05","群益金鼎",2,0,2
"2142","3679新至陞","110/08/05","摩根大通",0,2,-2
"2143","3679新至陞","110/08/05","富邦-三重",2,0,2
"2144","3679新至陞","110/08/05","國泰-館前",0,2,-2
"2145","3679新至陞","110/08/05","永豐金-敦北",2,0,2
"2146","3679新至陞","110/08/05","凱基-東港",0,2,-2
"2147","3679新至陞","110/08/05","臺銀-新竹",1,0,1
"2148","3679新至陞","110/08/05","元大-竹北",0,2,-2
"2149","3679新至陞","110/08/05","第一金-新興",1,0,1
"2150","3679新至陞","110/08/05","日盛-嘉義",0,1,-1
"2151","3679新至陞","110/08/05","統一-宜蘭",1,0,1
"2152","3679新至陞","110/08/05","美商高盛",1,2,-1
"2153","3679新至陞","110/08/05","元富-同大",1,0,1
"2154","3679新至陞","110/08/05","港商野村",0,1,-1
"2155","3679新至陞","110/08/05","中國信託-新竹",1,0,1
"2156","3679新至陞","110/08/05","第一金-員林",0,1,-1
"2157","3679新至陞","110/08/05","兆豐-民生",1,0,1
"2158","3679新至陞","110/08/05","統一-中壢",0,1,-1
"2159","3679新至陞","110/08/05","國泰-新莊",1,0,1
"2160","3679新至陞","110/08/05","統一-新竹",0,1,-1
"2161","2727王品","110/08/05","港商野村",68,43,25
"2162","2727王品","110/08/05","元富-宜蘭",6,96,-90
"2163","2727王品","110/08/05","花旗環球",24,0,24
"2164","2727王品","110/08/05","凱基-市政",1,89,-88
"2165","2727王品","110/08/05","新光",42,19,23
"2166","2727王品","110/08/05","群益金鼎-宜蘭",4,89,-85
"2167","2727王品","110/08/05","永豐金-忠孝",21,0,21
"2168","2727王品","110/08/05","永豐金-大園",4,66,-62
"2169","2727王品","110/08/05","凱基-埔墘",15,0,15
"2170","2727王品","110/08/05","康和-澎湖",1,60,-59
"2171","2727王品","110/08/05","新光-桃園",17,3,14
"2172","2727王品","110/08/05","日盛-八德",1,33,-32
"2173","2727王品","110/08/05","日盛-忠孝",16,3,13
"2174","2727王品","110/08/05","元大-桃園",0,29,-29
"2175","2727王品","110/08/05","統一",28,15,13
"2176","2727王品","110/08/05","凱基-竹科",4,31,-27
"2177","2727王品","110/08/05","富邦-員林",15,2,13
"2178","2727王品","110/08/05","富邦-新店",2,29,-27
"2179","2727王品","110/08/05","永豐金-桃盛",16,3,13
"2180","2727王品","110/08/05","兆豐-小港",2,26,-24
"2181","2727王品","110/08/05","元富-屏東",12,0,12
"2182","2727王品","110/08/05","華南永昌",6,25,-19
"2183","2727王品","110/08/05","凱基-台北",52,40,12
"2184","2727王品","110/08/05","台灣摩根士丹利",15,32,-17
"2185","2727王品","110/08/05","永豐金-彰化",12,0,12
"2186","2727王品","110/08/05","凱基-天母",0,15,-15
"2187","2727王品","110/08/05","美林",11,0,11
"2188","2727王品","110/08/05","富邦證券",0,15,-15
"2189","2727王品","110/08/05","群益金鼎-崇德",10,0,10
"2190","2727王品","110/08/05","永豐金證券",1,13,-12
"2191","1570力肯","110/08/05","國票",352,0,352
"2192","1570力肯","110/08/05","國票-和平",7,402,-395
"2193","1570力肯","110/08/05","台新證券",211,87,124
"2194","1570力肯","110/08/05","摩根大通",46,335,-289
"2195","1570力肯","110/08/05","國泰-敦南",206,125,81
"2196","1570力肯","110/08/05","國票-北高雄",79,306,-227
"2197","1570力肯","110/08/05","聯邦商銀",75,0,75
"2198","1570力肯","110/08/05","統一",3,226,-223
"2199","1570力肯","110/08/05","元大-東泰",61,4,57
"2200","1570力肯","110/08/05","凱基-台北",184,366,-182
"2201","1570力肯","110/08/05","元大-桃興",113,66,47
"2202","1570力肯","110/08/05","統一-土城",89,161,-72
"2203","1570力肯","110/08/05","國泰-板橋",96,50,46
"2204","1570力肯","110/08/05","統一-屏東",0,64,-64
"2205","1570力肯","110/08/05","合庫-桃園",92,48,44
"2206","1570力肯","110/08/05","大昌-新店",9,61,-52
"2207","1570力肯","110/08/05","華南永昌-高雄",53,12,41
"2208","1570力肯","110/08/05","群益金鼎-忠孝",11,60,-49
"2209","1570力肯","110/08/05","國泰-高雄",50,14,36
"2210","1570力肯","110/08/05","臺銀-臺南",12,52,-40
"2211","1570力肯","110/08/05","國泰-台中",60,25,35
"2212","1570力肯","110/08/05","凱基-岡山",28,68,-40
"2213","1570力肯","110/08/05","富邦-仁愛",52,17,35
"2214","1570力肯","110/08/05","元大-蘆洲",8,44,-36
"2215","1570力肯","110/08/05","中國信託-忠孝",37,3,34
"2216","1570力肯","110/08/05","統一-仁愛",25,60,-35
"2217","1570力肯","110/08/05","元大-中壢",44,10,34
"2218","1570力肯","110/08/05","富邦-高雄",8,43,-35
"2219","1570力肯","110/08/05","日盛-新竹",30,0,30
"2220","1570力肯","110/08/05","大慶-蘆洲",110,142,-32
"2221","6180橘子","110/08/05","永豐金-松山",51,0,51
"2222","6180橘子","110/08/05","凱基-板橋",0,80,-80
"2223","6180橘子","110/08/05","新光",40,2,38
"2224","6180橘子","110/08/05","康和-高雄",0,40,-40
"2225","6180橘子","110/08/05","兆豐證券",33,0,33
"2226","6180橘子","110/08/05","合庫-鳳山",0,32,-32
"2227","6180橘子","110/08/05","中國信託-文心",15,0,15
"2228","6180橘子","110/08/05","日盛-頭份",1,24,-23
"2229","6180橘子","110/08/05","富邦-陽明",15,0,15
"2230","6180橘子","110/08/05","兆豐-新營",0,22,-22
"2231","6180橘子","110/08/05","元大-龍潭",11,0,11
"2232","6180橘子","110/08/05","元大-福營",0,20,-20
"2233","6180橘子","110/08/05","日盛-新竹",10,0,10
"2234","6180橘子","110/08/05","新加坡商瑞銀",0,19,-19
"2235","6180橘子","110/08/05","凱基-汐止",10,0,10
"2236","6180橘子","110/08/05","永豐金-新竹",0,17,-17
"2237","6180橘子","110/08/05","元大-中壢",10,1,9
"2238","6180橘子","110/08/05","第一金-新興",1,16,-15
"2239","6180橘子","110/08/05","元富-潮州",8,0,8
"2240","6180橘子","110/08/05","凱基-中壢",0,12,-12
"2241","6180橘子","110/08/05","大慶",7,0,7
"2242","6180橘子","110/08/05","光和",0,10,-10
"2243","6180橘子","110/08/05","台新證券",7,0,7
"2244","6180橘子","110/08/05","統一-中壢",0,9,-9
"2245","6180橘子","110/08/05","聯邦-雙和",7,0,7
"2246","6180橘子","110/08/05","富邦-基隆",0,9,-9
"2247","6180橘子","110/08/05","元大證券",7,0,7
"2248","6180橘子","110/08/05","台灣摩根士丹利",0,8,-8
"2249","6180橘子","110/08/05","國泰-新莊",6,0,6
"2250","6180橘子","110/08/05","康和-仁愛",0,8,-8
"2251","2390云辰","110/08/05","日盛證券",100,0,100
"2252","2390云辰","110/08/05","摩根大通",45,525,-480
"2253","2390云辰","110/08/05","兆豐-岡山",63,0,63
"2254","2390云辰","110/08/05","統一-新台中",62,177,-115
"2255","2390云辰","110/08/05","凱基-基隆",65,10,55
"2256","2390云辰","110/08/05","富邦-中壢",0,81,-81
"2257","2390云辰","110/08/05","凱基-中壢",52,3,49
"2258","2390云辰","110/08/05","元大-大甲",3,73,-70
"2259","2390云辰","110/08/05","台新-左楠",30,0,30
"2260","2390云辰","110/08/05","元大-樹林",16,53,-37
"2261","2390云辰","110/08/05","富邦-台北",33,6,27
"2262","2390云辰","110/08/05","元富-大裕",17,46,-29
"2263","2390云辰","110/08/05","統一-中壢",27,1,26
"2264","2390云辰","110/08/05","凱基-台中",1,30,-29
"2265","2390云辰","110/08/05","元大-和平",47,22,25
"2266","2390云辰","110/08/05","大慶-蘆洲",2,30,-28
"2267","2390云辰","110/08/05","統一-士林",26,2,24
"2268","2390云辰","110/08/05","元大-大統",3,31,-28
"2269","2390云辰","110/08/05","富邦-新營",23,0,23
"2270","2390云辰","110/08/05","臺銀-金山",1,27,-26
"2271","2390云辰","110/08/05","元大-景美",22,1,21
"2272","2390云辰","110/08/05","國泰-台中",0,23,-23
"2273","2390云辰","110/08/05","合庫-嘉義",20,0,20
"2274","2390云辰","110/08/05","富邦-岡山",0,23,-23
"2275","2390云辰","110/08/05","台灣企銀-嘉義",20,0,20
"2276","2390云辰","110/08/05","元大-土城學府",24,47,-23
"2277","2390云辰","110/08/05","日盛-板橋",21,1,20
"2278","2390云辰","110/08/05","台新-台中",28,50,-22
"2279","2390云辰","110/08/05","凱基-竹科",28,8,20
"2280","2390云辰","110/08/05","群益金鼎-鳳山",0,21,-21
"2281","1471首利","110/08/04","玉山-桃園",51,0,51
"2282","1471首利","110/08/04","國票-九鼎",0,60,-60
"2283","1471首利","110/08/04","華南永昌-潮州",50,1,49
"2284","1471首利","110/08/04","日盛-士林",0,20,-20
"2285","1471首利","110/08/04","瑞士信貸",33,3,30
"2286","1471首利","110/08/04","元大-博愛",4,24,-20
"2287","1471首利","110/08/04","兆豐-板橋",20,0,20
"2288","1471首利","110/08/04","群益金鼎-台中",1,20,-19
"2289","1471首利","110/08/04","兆豐-台中港",30,13,17
"2290","1471首利","110/08/04","國泰-高雄",0,16,-16
"2291","1471首利","110/08/04","富邦-基隆",16,0,16
"2292","1471首利","110/08/04","元大-台南",1,17,-16
"2293","1471首利","110/08/04","美林",15,0,15
"2294","1471首利","110/08/04","國泰-敦南",18,32,-14
"2295","1471首利","110/08/04","永豐金-員林",12,0,12
"2296","1471首利","110/08/04","新光",21,33,-12
"2297","1471首利","110/08/04","第一金-台南",11,0,11
"2298","1471首利","110/08/04","凱基-土城",0,12,-12
"2299","1471首利","110/08/04","德信-中正",12,1,11
"2300","1471首利","110/08/04","合庫-高雄",0,10,-10
"2301","1471首利","110/08/04","合庫-台中",10,0,10
"2302","1471首利","110/08/04","元富-宜蘭",0,10,-10
"2303","1471首利","110/08/04","國泰-新莊",10,0,10
"2304","1471首利","110/08/04","國泰-板橋",0,10,-10
"2305","1471首利","110/08/04","富邦-桃園",10,0,10
"2306","1471首利","110/08/04","群益金鼎-鳳山",0,10,-10
"2307","1471首利","110/08/04","元大-苗栗",10,0,10
"2308","1471首利","110/08/04","元大-東泰",0,10,-10
"2309","1471首利","110/08/04","玉山-左營",10,1,9
"2310","1471首利","110/08/04","元大-林園",0,10,-10
"2311","2883開發金","110/08/04","國泰證券",3650,0,3650
"2312","2883開發金","110/08/04","康和-仁愛",3,1737,-1734
"2313","2883開發金","110/08/04","統一",2763,29,2734
"2314","2883開發金","110/08/04","新加坡商瑞銀",356,1472,-1116
"2315","2883開發金","110/08/04","凱基-台北",2041,429,1612
"2316","2883開發金","110/08/04","豐農",5,1025,-1020
"2317","2883開發金","110/08/04","元富-城東",1602,26,1576
"2318","2883開發金","110/08/04","富邦-建國",271,1004,-733
"2319","2883開發金","110/08/04","元富",1190,0,1190
"2320","2883開發金","110/08/04","元大-北成功",6,608,-602
"2321","2883開發金","110/08/04","美商高盛",1033,355,678
"2322","2883開發金","110/08/04","台灣摩根士丹利",573,1019,-446
"2323","2883開發金","110/08/04","康和",661,6,655
"2324","2883開發金","110/08/04","台新-中壢",2,431,-429
"2325","2883開發金","110/08/04","國票-長城",504,8,496
"2326","2883開發金","110/08/04","凱基-和平",1,400,-399
"2327","2883開發金","110/08/04","元大-大灣",734,304,430
"2328","2883開發金","110/08/04","元大-蘆洲",7,370,-363
"2329","2883開發金","110/08/04","永豐金-板橋",500,100,400
"2330","2883開發金","110/08/04","元大-民生",10,370,-360
"2331","2883開發金","110/08/04","永豐金-台南",389,11,378
"2332","2883開發金","110/08/04","中國信託-中壢",1,321,-320
"2333","2883開發金","110/08/04","日盛證券",608,255,353
"2334","2883開發金","110/08/04","港商法國興業",0,291,-291
"2335","2883開發金","110/08/04","花旗環球",343,0,343
"2336","2883開發金","110/08/04","日盛-北高雄",20,309,-289
"2337","2883開發金","110/08/04","瑞士信貸",462,121,341
"2338","2883開發金","110/08/04","日盛-花蓮",11,250,-239
"2339","2883開發金","110/08/04","凱基",320,0,320
"2340","2883開發金","110/08/04","群益金鼎-東湖",10,243,-233
"2341","6205詮欣","110/08/04","摩根大通",18,0,18
"2342","6205詮欣","110/08/04","永豐金-敦南",16,36,-20
"2343","6205詮欣","110/08/04","臺銀-民權",5,0,5
"2344","6205詮欣","110/08/04","瑞士信貸",6,10,-4
"2345","6205詮欣","110/08/04","凱基-台北",4,0,4
"2346","6205詮欣","110/08/04","致和-高雄",0,4,-4
"2347","6205詮欣","110/08/04","元富-潮州",3,0,3
"2348","6205詮欣","110/08/04","群益金鼎-台南",0,3,-3
"2349","6205詮欣","110/08/04","台中銀",3,0,3
"2350","6205詮欣","110/08/04","元大-路竹",0,3,-3
"2351","6205詮欣","110/08/04","華南永昌",3,0,3
"2352","6205詮欣","110/08/04","元大-北成功",0,3,-3
"2353","6205詮欣","110/08/04","美林",2,0,2
"2354","6205詮欣","110/08/04","凱基-東門",0,2,-2
"2355","6205詮欣","110/08/04","元富-新店",2,0,2
"2356","6205詮欣","110/08/04","凱基-基隆",0,2,-2
"2357","6205詮欣","110/08/04","元大-羅東",2,0,2
"2358","6205詮欣","110/08/04","凱基-大安",0,2,-2
"2359","6205詮欣","110/08/04","元大-館前",2,0,2
"2360","6205詮欣","110/08/04","元大-土城學府",0,2,-2
"2361","6205詮欣","110/08/04","元大-楊梅",2,0,2
"2362","6205詮欣","110/08/04","元大-民生",0,2,-2
"2363","6205詮欣","110/08/04","元大-信義",2,0,2
"2364","6205詮欣","110/08/04","日盛-八德",0,1,-1
"2365","6205詮欣","110/08/04","永豐金-埔里",2,0,2
"2366","6205詮欣","110/08/04","宏遠-高雄",0,1,-1
"2367","6205詮欣","110/08/04","日盛-板橋",1,0,1
"2368","6205詮欣","110/08/04","新加坡商瑞銀",0,1,-1
"2369","6205詮欣","110/08/04","日盛-木柵",1,0,1
"2370","6205詮欣","110/08/04","第一金-華江",0,1,-1
"2371","1540喬福","110/08/04","元富-中原",58,0,58
"2372","1540喬福","110/08/04","元大-大天母",0,60,-60
"2373","1540喬福","110/08/04","(牛牛牛)亞-鑫豐",26,0,26
"2374","1540喬福","110/08/04","統一-新台中",0,18,-18
"2375","1540喬福","110/08/04","國泰-敦南",10,0,10
"2376","1540喬福","110/08/04","群益金鼎-士林",0,7,-7
"2377","1540喬福","110/08/04","富邦-南屯",10,0,10
"2378","1540喬福","110/08/04","兆豐-北高雄",0,6,-6
"2379","1540喬福","110/08/04","兆豐-鹿港",3,0,3
"2380","1540喬福","110/08/04","凱基-市政",0,5,-5
"2381","1540喬福","110/08/04","元大-土城永寧",2,0,2
"2382","1540喬福","110/08/04","亞東-高雄",0,4,-4
"2383","1540喬福","110/08/04","第一金-桃園",1,0,1
"2384","1540喬福","110/08/04","永豐金-大園",0,4,-4
"2385","1540喬福","110/08/04","兆豐-高雄",1,0,1
"2386","1540喬福","110/08/04","永豐金-豐原",0,2,-2
"2387","1540喬福","110/08/04","元大-苑裡",1,0,1
"2388","1540喬福","110/08/04","兆豐-三重",0,1,-1
"2389","1540喬福","110/08/04","臺銀-鳳山",0,0,0
"2390","1540喬福","110/08/04","致和-南京",0,1,-1
"2391","1540喬福","110/08/04","大慶",0,0,0
"2392","1540喬福","110/08/04","國票-嘉義",0,1,-1
"2393","1540喬福","110/08/04","元富-信義",0,0,0
"2394","1540喬福","110/08/04","兆豐-嘉義",0,1,-1
"2395","1540喬福","110/08/04","德信-新營",1,1,0
"2396","1540喬福","110/08/04","華南永昌-林口",0,1,-1
"2397","1540喬福","110/08/04","國票-台中",1,1,0
"2398","1540喬福","110/08/04","華南永昌-潮州",0,1,-1
"2399","1540喬福","110/08/04","康和-板橋",0,0,0
"2400","1540喬福","110/08/04","國票-台中",1,1,0
"2401","2888新光金","110/08/04","港商麥格理",2490,0,2490
"2402","2888新光金","110/08/04","永豐金-苓雅",2,1543,-1541
"2403","2888新光金","110/08/04","凱基-八德",1000,1,999
"2404","2888新光金","110/08/04","美商高盛",196,1441,-1245
"2405","2888新光金","110/08/04","新光",1122,247,875
"2406","2888新光金","110/08/04","台灣摩根士丹利",724,1776,-1052
"2407","2888新光金","110/08/04","國票-桃園",1200,402,798
"2408","2888新光金","110/08/04","摩根大通",616,1665,-1049
"2409","2888新光金","110/08/04","華南永昌-南京",759,36,723
"2410","2888新光金","110/08/04","康和-台中",0,680,-680
"2411","2888新光金","110/08/04","港商法國興業",568,0,568
"2412","2888新光金","110/08/04","群益金鼎-高雄",0,533,-533
"2413","2888新光金","110/08/04","花旗環球",559,0,559
"2414","2888新光金","110/08/04","亞東",34,531,-497
"2415","2888新光金","110/08/04","法銀巴黎",801,242,559
"2416","2888新光金","110/08/04","群益金鼎-土城",25,464,-439
"2417","2888新光金","110/08/04","凱基-台北",889,355,534
"2418","2888新光金","110/08/04","國票-北高雄",2,425,-423
"2419","2888新光金","110/08/04","統一-松江",500,0,500
"2420","2888新光金","110/08/04","凱基-台南",0,400,-400
"2421","2888新光金","110/08/04","華南永昌-長虹",345,0,345
"2422","2888新光金","110/08/04","新加坡商瑞銀",128,486,-358
"2423","2888新光金","110/08/04","美林",884,551,333
"2424","2888新光金","110/08/04","統一-屏東",0,344,-344
"2425","2888新光金","110/08/04","群益金鼎-中壢",301,3,298
"2426","2888新光金","110/08/04","統一-宜蘭",8,326,-318
"2427","2888新光金","110/08/04","群益金鼎",278,0,278
"2428","2888新光金","110/08/04","群益金鼎-萬華",0,284,-284
"2429","2888新光金","110/08/04","元大-北投",249,5,244
"2430","2888新光金","110/08/04","富邦-仁愛",10,276,-266
"2431","1340勝悅","110/08/04","第一金-新竹",10,0,10
"2432","1340勝悅","110/08/04","中國信託",0,23,-23
"2433","1340勝悅","110/08/04","凱基-虎尾",8,0,8
"2434","1340勝悅","110/08/04","永豐金-潮州",0,19,-19
"2435","1340勝悅","110/08/04","凱基-台中",6,0,6
"2436","1340勝悅","110/08/04","元富-花蓮",0,10,-10
"2437","1340勝悅","110/08/04","臺灣企銀-埔墘",5,0,5
"2438","1340勝悅","110/08/04","中國信託-永康",0,10,-10
"2439","1340勝悅","110/08/04","第一金",5,0,5
"2440","1340勝悅","110/08/04","第一金-中壢",0,7,-7
"2441","1340勝悅","110/08/04","凱基-八德",5,0,5
"2442","1340勝悅","110/08/04","高橋-中壢",0,5,-5
"2443","1340勝悅","110/08/04","永豐金-博愛",5,0,5
"2444","1340勝悅","110/08/04","富邦-新店",0,5,-5
"2445","1340勝悅","110/08/04","摩根大通",6,2,4
"2446","1340勝悅","110/08/04","台新-高雄",0,4,-4
"2447","1340勝悅","110/08/04","凱基-三重",4,0,4
"2448","1340勝悅","110/08/04","新光",0,4,-4
"2449","1340勝悅","110/08/04","統一-城中",7,4,3
"2450","1340勝悅","110/08/04","兆豐-松德",0,2,-2
"2451","1340勝悅","110/08/04","群益金鼎-館前",3,0,3
"2452","1340勝悅","110/08/04","凱基-嘉義",0,2,-2
"2453","1340勝悅","110/08/04","元大-南京",3,0,3
"2454","1340勝悅","110/08/04","富邦-宜蘭",0,2,-2
"2455","1340勝悅","110/08/04","瑞士信貸",2,0,2
"2456","1340勝悅","110/08/04","永豐金-永康",0,2,-2
"2457","1340勝悅","110/08/04","大慶-富順",2,0,2
"2458","1340勝悅","110/08/04","永豐金-嘉義",0,2,-2
"2459","1340勝悅","110/08/04","國泰-高雄",2,0,2
"2460","1340勝悅","110/08/04","玉山證券",0,1,-1
"2461","6246臺龍","110/08/04","統一",347,0,347
"2462","6246臺龍","110/08/04","大慶-富順",0,168,-168
"2463","6246臺龍","110/08/04","元大-西螺",30,0,30
"2464","6246臺龍","110/08/04","元大-善化",1,91,-90
"2465","6246臺龍","110/08/04","華南永昌-嘉義",26,0,26
"2466","6246臺龍","110/08/04","新光-高雄",2,75,-73
"2467","6246臺龍","110/08/04","中國信託-永康",31,9,22
"2468","6246臺龍","110/08/04","元大-永春",1,40,-39
"2469","6246臺龍","110/08/04","元大-西屯",25,4,21
"2470","6246臺龍","110/08/04","元大-基隆孝二",1,35,-34
"2471","6246臺龍","110/08/04","凱基-竹科",23,3,20
"2472","6246臺龍","110/08/04","凱基-復興",10,43,-33
"2473","6246臺龍","110/08/04","凱基-大直",19,0,19
"2474","6246臺龍","110/08/04","國泰-台中",3,34,-31
"2475","6246臺龍","110/08/04","第一金-台南",18,0,18
"2476","6246臺龍","110/08/04","統一-屏東",0,26,-26
"2477","6246臺龍","110/08/04","萬泰",15,0,15
"2478","6246臺龍","110/08/04","台灣企銀-台南",1,25,-24
"2479","6246臺龍","110/08/04","華南永昌-台中",15,0,15
"2480","6246臺龍","110/08/04","宏遠-民生",0,22,-22
"2481","6246臺龍","110/08/04","凱基-板橋",13,0,13
"2482","6246臺龍","110/08/04","兆豐-來福",0,20,-20
"2483","6246臺龍","110/08/04","宏遠-高雄",12,0,12
"2484","6246臺龍","110/08/04","永豐金-市政",0,17,-17
"2485","6246臺龍","110/08/04","新光-台中",11,0,11
"2486","6246臺龍","110/08/04","台新-台中",5,21,-16
"2487","6246臺龍","110/08/04","玉山證券",13,2,11
"2488","6246臺龍","110/08/04","華南永昌-彰化",1,16,-15
"2489","6246臺龍","110/08/04","永豐金-高雄",12,1,11
"2490","6246臺龍","110/08/04","元大-博愛",13,28,-15
"2491","00715L期街口布蘭特正2","110/08/04","宏遠-高雄",1056,0,1056
"2492","00715L期街口布蘭特正2","110/08/04","元大證券",1348,7345,-5997
"2493","00715L期街口布蘭特正2","110/08/04","凱基-豐中",576,0,576
"2494","00715L期街口布蘭特正2","110/08/04","凱基-台北",37,5749,-5712
"2495","00715L期街口布蘭特正2","110/08/04","富邦-基隆",467,0,467
"2496","00715L期街口布蘭特正2","110/08/04","富邦證券",253,2075,-1822
"2497","00715L期街口布蘭特正2","110/08/04","國泰-板橋",470,30,440
"2498","00715L期街口布蘭特正2","110/08/04","第一金-頭份",11,400,-389
"2499","00715L期街口布蘭特正2","110/08/04","統一-高雄",358,3,355
"2500","00715L期街口布蘭特正2","110/08/04","富邦-永和",4,376,-372
"2501","00715L期街口布蘭特正2","110/08/04","中國信託-永康",219,1,218
"2502","00715L期街口布蘭特正2","110/08/04","永豐金-新店",0,370,-370
"2503","00715L期街口布蘭特正2","110/08/04","元大-中和",217,0,217
"2504","00715L期街口布蘭特正2","110/08/04","元富",53,412,-359
"2505","00715L期街口布蘭特正2","110/08/04","日盛-花蓮",201,1,200
"2506","00715L期街口布蘭特正2","110/08/04","臺銀-民權",15,366,-351
"2507","00715L期街口布蘭特正2","110/08/04","元大-中壢",201,12,189
"2508","00715L期街口布蘭特正2","110/08/04","兆豐-新莊",0,300,-300
"2509","00715L期街口布蘭特正2","110/08/04","宏遠-桃園",190,2,188
"2510","00715L期街口布蘭特正2","110/08/04","大昌-新店",17,300,-283
"2511","00715L期街口布蘭特正2","110/08/04","玉山-大里",182,0,182
"2512","00715L期街口布蘭特正2","110/08/04","元大-西螺",87,303,-216
"2513","00715L期街口布蘭特正2","110/08/04","新光",258,80,178
"2514","00715L期街口布蘭特正2","110/08/04","華南永昌-高雄",7,206,-199
"2515","00715L期街口布蘭特正2","110/08/04","元大-花蓮",178,0,178
"2516","00715L期街口布蘭特正2","110/08/04","國票-台中",8,200,-192
"2517","00715L期街口布蘭特正2","110/08/04","新光-台中",242,68,174
"2518","00715L期街口布蘭特正2","110/08/04","群益金鼎-鳳山",12,174,-162
"2519","00715L期街口布蘭特正2","110/08/04","(牛牛牛)亞-網路",166,0,166
"2520","00715L期街口布蘭特正2","110/08/04","國泰-台南",8,150,-142
"2521","8941關中","110/08/04","宏遠-館前",3,0,3
"2522","8941關中","110/08/04","元大-基隆",0,3,-3
"2523","8941關中","110/08/04","日盛-和美",1,0,1
"2524","8941關中","110/08/04","富邦-員林",0,2,-2
"2525","8941關中","110/08/04","元大-華山",1,0,1
"2526","8941關中","110/08/04","新光-高雄",0,0,0
"2527","8941關中","110/08/04","新光-高雄",0,0,0
"2528","8941關中","110/08/04","國泰-高雄",0,0,0
"2529","8941關中","110/08/04","國泰-高雄",0,0,0
"2530","8941關中","110/08/04","富邦-建國",0,0,0
"2531","8941關中","110/08/04","富邦-建國",0,0,0
"2532","8941關中","110/08/04","元大-西屯",0,0,0
"2533","8941關中","110/08/04","元大-西屯",0,0,0
"2534","8941關中","110/08/04","元大-花蓮",0,0,0
"2535","8941關中","110/08/04","元大-花蓮",0,0,0
"2536","8941關中","110/08/04","永豐金-萬盛",0,0,0
"2537","8941關中","110/08/04","永豐金-萬盛",0,0,0
"2538","8941關中","110/08/04","",NA,NA,NA
"2539","8941關中","110/08/04","",NA,NA,NA
"2540","8941關中","110/08/04","",NA,NA,NA
"2541","8941關中","110/08/04","",NA,NA,NA
"2542","8941關中","110/08/04","",NA,NA,NA
"2543","8941關中","110/08/04","",NA,NA,NA
"2544","8941關中","110/08/04","",NA,NA,NA
"2545","8941關中","110/08/04","",NA,NA,NA
"2546","8941關中","110/08/04","",NA,NA,NA
"2547","8941關中","110/08/04","",NA,NA,NA
"2548","8941關中","110/08/04","",NA,NA,NA
"2549","8941關中","110/08/04","",NA,NA,NA
"2550","8941關中","110/08/04","",NA,NA,NA
"2551","8936國統","110/08/04","第一金-光復",120,0,120
"2552","8936國統","110/08/04","兆豐-彰化",0,61,-61
"2553","8936國統","110/08/04","美林",99,3,96
"2554","8936國統","110/08/04","凱基-台北",4,56,-52
"2555","8936國統","110/08/04","華南永昌-楠梓",70,5,65
"2556","8936國統","110/08/04","凱基-內埔",0,50,-50
"2557","8936國統","110/08/04","永豐金-高雄",62,0,62
"2558","8936國統","110/08/04","台灣摩根士丹利",0,42,-42
"2559","8936國統","110/08/04","國票-台南",60,0,60
"2560","8936國統","110/08/04","永豐金-苓雅",1,40,-39
"2561","8936國統","110/08/04","永豐金-台中",30,0,30
"2562","8936國統","110/08/04","群益金鼎-內湖",0,30,-30
"2563","8936國統","110/08/04","第一金-豐原",20,0,20
"2564","8936國統","110/08/04","國票-北高雄",0,20,-20
"2565","8936國統","110/08/04","玉山-高雄",13,0,13
"2566","8936國統","110/08/04","宏遠-館前",0,19,-19
"2567","8936國統","110/08/04","元大-莒光",11,0,11
"2568","8936國統","110/08/04","美商高盛",3,22,-19
"2569","8936國統","110/08/04","亞東-高雄",10,0,10
"2570","8936國統","110/08/04","元大-大里德芳",4,21,-17
"2571","8936國統","110/08/04","第一金-路竹",10,0,10
"2572","8936國統","110/08/04","第一金-高雄",0,14,-14
"2573","8936國統","110/08/04","新光-台中",8,1,7
"2574","8936國統","110/08/04","日盛-竹北",0,12,-12
"2575","8936國統","110/08/04","統一-三多",5,0,5
"2576","8936國統","110/08/04","亞東",0,12,-12
"2577","8936國統","110/08/04","國票-內壢",5,0,5
"2578","8936國統","110/08/04","摩根大通",32,44,-12
"2579","8936國統","110/08/04","新光",10,5,5
"2580","8936國統","110/08/04","第一金-嘉義",0,10,-10
"2581","6226光鼎","110/08/04","富邦-嘉義",1247,573,674
"2582","6226光鼎","110/08/04","國泰-敦南",89,234,-145
"2583","6226光鼎","110/08/04","永豐金-桃盛",205,0,205
"2584","6226光鼎","110/08/04","日盛-嘉義",0,131,-131
"2585","6226光鼎","110/08/04","台新-左楠",120,1,119
"2586","6226光鼎","110/08/04","群益金鼎-東大",35,150,-115
"2587","6226光鼎","110/08/04","群益金鼎-敦南",127,8,119
"2588","6226光鼎","110/08/04","台中銀-員林",0,101,-101
"2589","6226光鼎","110/08/04","台灣摩根士丹利",135,55,80
"2590","6226光鼎","110/08/04","玉山-雙和",2,97,-95
"2591","6226光鼎","110/08/04","華南永昌-南京",89,14,75
"2592","6226光鼎","110/08/04","台新證券",76,167,-91
"2593","6226光鼎","110/08/04","台新-台中",101,32,69
"2594","6226光鼎","110/08/04","華南永昌-頭份",7,86,-79
"2595","6226光鼎","110/08/04","宏遠-台中",60,3,57
"2596","6226光鼎","110/08/04","高橋",0,70,-70
"2597","6226光鼎","110/08/04","大昌",79,26,53
"2598","6226光鼎","110/08/04","國泰-館前",18,62,-44
"2599","6226光鼎","110/08/04","台新-新莊",54,2,52
"2600","6226光鼎","110/08/04","凱基-永和",0,43,-43
"2601","6226光鼎","110/08/04","群益金鼎-三民",51,3,48
"2602","6226光鼎","110/08/04","日盛-景美",0,38,-38
"2603","6226光鼎","110/08/04","中國信託-永康",62,18,44
"2604","6226光鼎","110/08/04","華南永昌-高雄",9,47,-38
"2605","6226光鼎","110/08/04","國票-台中",45,2,43
"2606","6226光鼎","110/08/04","元大-太平",6,44,-38
"2607","6226光鼎","110/08/04","統一-士林",44,4,40
"2608","6226光鼎","110/08/04","元大-北投",0,37,-37
"2609","6226光鼎","110/08/04","統一-仁愛",51,14,37
"2610","6226光鼎","110/08/04","元大-板橋",0,37,-37
"2611","2363矽統","110/08/04","富邦-中壢",628,138,490
"2612","2363矽統","110/08/04","新加坡商瑞銀",986,2541,-1555
"2613","2363矽統","110/08/04","凱基-台北",7207,6730,477
"2614","2363矽統","110/08/04","台灣摩根士丹利",158,1373,-1215
"2615","2363矽統","110/08/04","元大-承德",449,81,368
"2616","2363矽統","110/08/04","摩根大通",2506,3701,-1195
"2617","2363矽統","110/08/04","群益金鼎-高雄",438,99,339
"2618","2363矽統","110/08/04","日盛-文化",121,1226,-1105
"2619","2363矽統","110/08/04","元富-嘉義",383,57,326
"2620","2363矽統","110/08/04","美林",2013,2637,-624
"2621","2363矽統","110/08/04","元大-旗山",446,147,299
"2622","2363矽統","110/08/04","凱基-新莊",44,445,-401
"2623","2363矽統","110/08/04","大慶-台中",304,14,290
"2624","2363矽統","110/08/04","台新-松江",60,449,-389
"2625","2363矽統","110/08/04","國票-博愛",425,150,275
"2626","2363矽統","110/08/04","統一-士林",649,1031,-382
"2627","2363矽統","110/08/04","台新-台南",494,230,264
"2628","2363矽統","110/08/04","新光",1494,1876,-382
"2629","2363矽統","110/08/04","群益金鼎-內湖",393,135,258
"2630","2363矽統","110/08/04","華南永昌",691,1068,-377
"2631","2363矽統","110/08/04","群益金鼎-桃園",295,68,227
"2632","2363矽統","110/08/04","富邦-彰化",122,486,-364
"2633","2363矽統","110/08/04","永豐金-羅東",397,182,215
"2634","2363矽統","110/08/04","凱基-永和",198,478,-280
"2635","2363矽統","110/08/04","元大-永春",347,142,205
"2636","2363矽統","110/08/04","富邦-嘉義",1358,1619,-261
"2637","2363矽統","110/08/04","台新-屏東",466,275,191
"2638","2363矽統","110/08/04","元大-前金",175,419,-244
"2639","2363矽統","110/08/04","元大-萬華",286,96,190
"2640","2363矽統","110/08/04","凱基-大直",681,912,-231
"2641","8112至上","110/08/04","台灣匯立證券",138,0,138
"2642","8112至上","110/08/04","日盛-高雄",1,355,-354
"2643","8112至上","110/08/04","元富-新興",94,8,86
"2644","8112至上","110/08/04","玉山-士林",0,150,-150
"2645","8112至上","110/08/04","合庫-西台中",55,7,48
"2646","8112至上","110/08/04","台灣摩根士丹利",20,143,-123
"2647","8112至上","110/08/04","摩根大通",145,97,48
"2648","8112至上","110/08/04","元富-大昌",0,120,-120
"2649","8112至上","110/08/04","台新證券",48,1,47
"2650","8112至上","110/08/04","華南永昌-林口",1,90,-89
"2651","8112至上","110/08/04","第一金-高雄",40,0,40
"2652","8112至上","110/08/04","元大-北屯",1,70,-69
"2653","8112至上","110/08/04","群益金鼎-大安",40,0,40
"2654","8112至上","110/08/04","凱基-台北",140,206,-66
"2655","8112至上","110/08/04","日盛-新竹",60,26,34
"2656","8112至上","110/08/04","新加坡商瑞銀",16,68,-52
"2657","8112至上","110/08/04","美林",69,38,31
"2658","8112至上","110/08/04","第一金-自由",0,50,-50
"2659","8112至上","110/08/04","凱基-虎尾",30,0,30
"2660","8112至上","110/08/04","康和-內湖",0,34,-34
"2661","8112至上","110/08/04","永豐金-台南",32,2,30
"2662","8112至上","110/08/04","聯邦商銀",0,34,-34
"2663","8112至上","110/08/04","港商野村",30,1,29
"2664","8112至上","110/08/04","臺銀-鳳山",0,28,-28
"2665","8112至上","110/08/04","國泰-館前",29,5,24
"2666","8112至上","110/08/04","兆豐-公益",0,28,-28
"2667","8112至上","110/08/04","元富-佳里",21,0,21
"2668","8112至上","110/08/04","元大-崇德",0,21,-21
"2669","8112至上","110/08/04","日進",20,0,20
"2670","8112至上","110/08/04","元大-土城永寧",0,20,-20
"2671","1570力肯","110/08/04","摩根大通",330,27,303
"2672","1570力肯","110/08/04","元大-板橋",0,86,-86
"2673","1570力肯","110/08/04","統一",224,0,224
"2674","1570力肯","110/08/04","群益金鼎-忠孝",0,80,-80
"2675","1570力肯","110/08/04","富邦-台中",84,1,83
"2676","1570力肯","110/08/04","元富-緯城",0,51,-51
"2677","1570力肯","110/08/04","統一-土城",287,222,65
"2678","1570力肯","110/08/04","國票-和平",0,51,-51
"2679","1570力肯","110/08/04","群益金鼎-中壢",60,0,60
"2680","1570力肯","110/08/04","日盛-二林",0,43,-43
"2681","1570力肯","110/08/04","富邦-高雄",69,10,59
"2682","1570力肯","110/08/04","國泰-板橋",0,43,-43
"2683","1570力肯","110/08/04","統一-屏東",61,4,57
"2684","1570力肯","110/08/04","元大-新莊",1,44,-43
"2685","1570力肯","110/08/04","凱基-岡山",53,1,52
"2686","1570力肯","110/08/04","凱基-嘉義",0,42,-42
"2687","1570力肯","110/08/04","新光-台中",43,12,31
"2688","1570力肯","110/08/04","華南永昌-鳳山",2,42,-40
"2689","1570力肯","110/08/04","台中銀-員林",30,1,29
"2690","1570力肯","110/08/04","凱基-三峽",0,37,-37
"2691","1570力肯","110/08/04","元富-三重",37,12,25
"2692","1570力肯","110/08/04","國票-中正",0,36,-36
"2693","1570力肯","110/08/04","統一-新台中",30,6,24
"2694","1570力肯","110/08/04","高橋",0,30,-30
"2695","1570力肯","110/08/04","致和-府前",25,1,24
"2696","1570力肯","110/08/04","日盛-高雄",0,29,-29
"2697","1570力肯","110/08/04","凱基-中港",22,0,22
"2698","1570力肯","110/08/04","(牛牛牛)亞-鑫豐",6,29,-23
"2699","1570力肯","110/08/04","宏遠證券",20,0,20
"2700","1570力肯","110/08/04","元富-松德",1,22,-21
"2701","2929淘帝","110/08/04","兆豐-忠孝",23,0,23
"2702","2929淘帝","110/08/04","美林",12,107,-95
"2703","2929淘帝","110/08/04","華南永昌-長虹",21,0,21
"2704","2929淘帝","110/08/04","兆豐-新莊",0,94,-94
"2705","2929淘帝","110/08/04","兆豐-桃園",20,0,20
"2706","2929淘帝","110/08/04","富邦-北港",0,30,-30
"2707","2929淘帝","110/08/04","新加坡商瑞銀",34,18,16
"2708","2929淘帝","110/08/04","永興-水湳",0,20,-20
"2709","2929淘帝","110/08/04","凱基-林口",15,0,15
"2710","2929淘帝","110/08/04","兆豐-復興",0,20,-20
"2711","2929淘帝","110/08/04","富邦-竹東",17,5,12
"2712","2929淘帝","110/08/04","國泰-高雄",1,15,-14
"2713","2929淘帝","110/08/04","台新-建北",11,0,11
"2714","2929淘帝","110/08/04","元大-上新莊",0,14,-14
"2715","2929淘帝","110/08/04","凱基-豐中",11,0,11
"2716","2929淘帝","110/08/04","凱基-敦北",0,11,-11
"2717","2929淘帝","110/08/04","統一-汐止",10,0,10
"2718","2929淘帝","110/08/04","臺銀-金山",0,10,-10
"2719","2929淘帝","110/08/04","新百王",10,0,10
"2720","2929淘帝","110/08/04","日盛-斗六",0,10,-10
"2721","2929淘帝","110/08/04","凱基-台北",16,6,10
"2722","2929淘帝","110/08/04","港商野村",16,26,-10
"2723","2929淘帝","110/08/04","華南永昌-苗栗",10,0,10
"2724","2929淘帝","110/08/04","第一金-自由",0,10,-10
"2725","2929淘帝","110/08/04","富邦-板橋",10,0,10
"2726","2929淘帝","110/08/04","玉山-台南",0,10,-10
"2727","2929淘帝","110/08/04","元大-路竹",10,0,10
"2728","2929淘帝","110/08/04","凱基-五股",0,10,-10
"2729","2929淘帝","110/08/04","元大-東蘆",10,0,10
"2730","2929淘帝","110/08/04","華南永昌-楠梓",0,10,-10
"2731","5410國眾","110/08/04","永豐金-內湖",100,1,99
"2732","5410國眾","110/08/04","群益金鼎-內湖",0,46,-46
"2733","5410國眾","110/08/04","永豐金-板新",36,0,36
"2734","5410國眾","110/08/04","新光",2,36,-34
"2735","5410國眾","110/08/04","兆豐-城中",27,0,27
"2736","5410國眾","110/08/04","元富-嘉義",0,20,-20
"2737","5410國眾","110/08/04","凱基-竹北",10,0,10
"2738","5410國眾","110/08/04","元大-博愛",0,20,-20
"2739","5410國眾","110/08/04","新光-高雄",9,0,9
"2740","5410國眾","110/08/04","永豐金-彰化",0,20,-20
"2741","5410國眾","110/08/04","兆豐-北高雄",8,0,8
"2742","5410國眾","110/08/04","元大-斗信",0,11,-11
"2743","5410國眾","110/08/04","元富-三重",9,3,6
"2744","5410國眾","110/08/04","統一-平鎮",0,10,-10
"2745","5410國眾","110/08/04","台新證券",7,1,6
"2746","5410國眾","110/08/04","元大-台北",0,10,-10
"2747","5410國眾","110/08/04","元大-中壢",10,4,6
"2748","5410國眾","110/08/04","元大-大灣",0,10,-10
"2749","5410國眾","110/08/04","北城證券",5,0,5
"2750","5410國眾","110/08/04","元大-前金",0,9,-9
"2751","5410國眾","110/08/04","國票-和平",5,0,5
"2752","5410國眾","110/08/04","致和證券",0,8,-8
"2753","5410國眾","110/08/04","元大-新盛",5,0,5
"2754","5410國眾","110/08/04","元大-崇德",0,7,-7
"2755","5410國眾","110/08/04","永豐金-中盛",5,0,5
"2756","5410國眾","110/08/04","臺銀-鳳山",0,6,-6
"2757","5410國眾","110/08/04","永豐金-桃園",5,0,5
"2758","5410國眾","110/08/04","玉山-左營",0,6,-6
"2759","5410國眾","110/08/04","凱基-台北",7,3,4
"2760","5410國眾","110/08/04","富邦-台中",0,6,-6
"2761","2841台開","110/08/04","永豐金-敦南",1166,0,1166
"2762","2841台開","110/08/04","統一-三重",0,943,-943
"2763","2841台開","110/08/04","永豐金-鳳山",206,50,156
"2764","2841台開","110/08/04","群益金鼎-東大",0,250,-250
"2765","2841台開","110/08/04","凱基-文心",136,0,136
"2766","2841台開","110/08/04","元富-城東",5,250,-245
"2767","2841台開","110/08/04","國泰-敦南",135,7,128
"2768","2841台開","110/08/04","元大-大灣",16,200,-184
"2769","2841台開","110/08/04","新光",109,4,105
"2770","2841台開","110/08/04","元大-新店中正",0,128,-128
"2771","2841台開","110/08/04","日盛-信義",102,0,102
"2772","2841台開","110/08/04","兆豐-麻豆",0,120,-120
"2773","2841台開","110/08/04","兆豐-東門",100,0,100
"2774","2841台開","110/08/04","土銀",0,100,-100
"2775","2841台開","110/08/04","台新-三民",100,0,100
"2776","2841台開","110/08/04","臺銀",0,100,-100
"2777","2841台開","110/08/04","群益金鼎-海山",100,0,100
"2778","2841台開","110/08/04","富邦-新店",4,90,-86
"2779","2841台開","110/08/04","國泰-板橋",106,13,93
"2780","2841台開","110/08/04","合庫-台中",23,104,-81
"2781","2841台開","110/08/04","永豐金-彰化",100,10,90
"2782","2841台開","110/08/04","統一-高雄",0,77,-77
"2783","2841台開","110/08/04","永豐金-萬盛",101,16,85
"2784","2841台開","110/08/04","群益金鼎-屏東",0,75,-75
"2785","2841台開","110/08/04","國票-天祥",80,0,80
"2786","2841台開","110/08/04","中國信託-高雄",2,70,-68
"2787","2841台開","110/08/04","群益金鼎-崇德",84,5,79
"2788","2841台開","110/08/04","凱基-三峽",0,61,-61
"2789","2841台開","110/08/04","群益金鼎-館前",82,3,79
"2790","2841台開","110/08/04","統一-彰化",0,60,-60
"2791","6207雷科","110/08/04","凱基-羅東",80,1,79
"2792","6207雷科","110/08/04","凱基-板橋",1,213,-212
"2793","6207雷科","110/08/04","元大-鳳山",76,2,74
"2794","6207雷科","110/08/04","摩根大通",105,209,-104
"2795","6207雷科","110/08/04","凱基-台南",37,1,36
"2796","6207雷科","110/08/04","凱基-台北",22,122,-100
"2797","6207雷科","110/08/04","富邦-竹東",35,0,35
"2798","6207雷科","110/08/04","華南永昌",12,100,-88
"2799","6207雷科","110/08/04","群益金鼎-東門",31,4,27
"2800","6207雷科","110/08/04","統一-高雄",3,74,-71
"2801","6207雷科","110/08/04","新光-高雄",30,4,26
"2802","6207雷科","110/08/04","群益金鼎-大興",0,70,-70
"2803","6207雷科","110/08/04","大慶-蘆洲",21,0,21
"2804","6207雷科","110/08/04","日盛-忠孝",0,62,-62
"2805","6207雷科","110/08/04","瑞士信貸",20,0,20
"2806","6207雷科","110/08/04","富邦-台中",0,50,-50
"2807","6207雷科","110/08/04","元大-羅東",20,0,20
"2808","6207雷科","110/08/04","永豐金-內湖",0,50,-50
"2809","6207雷科","110/08/04","群益金鼎-南京",20,2,18
"2810","6207雷科","110/08/04","美林",3,47,-44
"2811","6207雷科","110/08/04","元大-汐止",16,0,16
"2812","6207雷科","110/08/04","元富-大昌",0,40,-40
"2813","6207雷科","110/08/04","兆豐-來福",15,0,15
"2814","6207雷科","110/08/04","兆豐-景美",2,40,-38
"2815","6207雷科","110/08/04","國泰-敦南",21,6,15
"2816","6207雷科","110/08/04","新加坡商瑞銀",12,49,-37
"2817","6207雷科","110/08/04","永豐金-台中",15,0,15
"2818","6207雷科","110/08/04","群益金鼎-古亭",2,24,-22
"2819","6207雷科","110/08/04","元大-沙鹿",14,0,14
"2820","6207雷科","110/08/04","華南永昌-虎尾",0,21,-21
"2821","3679新至陞","110/08/04","凱基-台北",27,0,27
"2822","3679新至陞","110/08/04","香港上海匯豐",0,12,-12
"2823","3679新至陞","110/08/04","港商法國興業",20,0,20
"2824","3679新至陞","110/08/04","台灣摩根士丹利",0,10,-10
"2825","3679新至陞","110/08/04","新加坡商瑞銀",13,0,13
"2826","3679新至陞","110/08/04","港商野村",0,8,-8
"2827","3679新至陞","110/08/04","(牛牛牛)亞-網路",11,0,11
"2828","3679新至陞","110/08/04","玉山證券",2,9,-7
"2829","3679新至陞","110/08/04","摩根大通",9,4,5
"2830","3679新至陞","110/08/04","富邦-陽明",0,6,-6
"2831","3679新至陞","110/08/04","國泰-敦南",6,2,4
"2832","3679新至陞","110/08/04","統一",0,5,-5
"2833","3679新至陞","110/08/04","土銀-和平",3,0,3
"2834","3679新至陞","110/08/04","華南永昌-淡水",0,5,-5
"2835","3679新至陞","110/08/04","台中銀-員林",3,0,3
"2836","3679新至陞","110/08/04","元大-成功",0,5,-5
"2837","3679新至陞","110/08/04","元大-永春",3,0,3
"2838","3679新至陞","110/08/04","群益金鼎-內湖",0,4,-4
"2839","3679新至陞","110/08/04","國票-台東",2,0,2
"2840","3679新至陞","110/08/04","國泰-館前",0,3,-3
"2841","3679新至陞","110/08/04","富邦-新店",2,0,2
"2842","3679新至陞","110/08/04","凱基-板橋",0,3,-3
"2843","3679新至陞","110/08/04","富邦-三重",2,0,2
"2844","3679新至陞","110/08/04","凱基-三峽",0,3,-3
"2845","3679新至陞","110/08/04","元大-板橋三民",2,0,2
"2846","3679新至陞","110/08/04","凱基-中山",0,3,-3
"2847","3679新至陞","110/08/04","永豐金-敦南",2,0,2
"2848","3679新至陞","110/08/04","元大-承德",1,4,-3
"2849","3679新至陞","110/08/04","大昌-新店",1,0,1
"2850","3679新至陞","110/08/04","元大-大同",0,3,-3
"2851","2727王品","110/08/04","元富",46,0,46
"2852","2727王品","110/08/04","台灣摩根士丹利",20,277,-257
"2853","2727王品","110/08/04","台新證券",36,7,29
"2854","2727王品","110/08/04","群益金鼎-三民",2,104,-102
"2855","2727王品","110/08/04","國泰-敦南",42,13,29
"2856","2727王品","110/08/04","第一金",1,102,-101
"2857","2727王品","110/08/04","國泰-台中",19,2,17
"2858","2727王品","110/08/04","元大-東蘆",1,45,-44
"2859","2727王品","110/08/04","華南永昌-虎尾",13,0,13
"2860","2727王品","110/08/04","新光-台中",10,43,-33
"2861","2727王品","110/08/04","凱基-五股",11,0,11
"2862","2727王品","110/08/04","新光-桃園",9,42,-33
"2863","2727王品","110/08/04","國泰-館前",16,6,10
"2864","2727王品","110/08/04","凱基-興隆",1,21,-20
"2865","2727王品","110/08/04","凱基-基隆",10,0,10
"2866","2727王品","110/08/04","元大-龍潭",6,23,-17
"2867","2727王品","110/08/04","凱基-南崁",10,0,10
"2868","2727王品","110/08/04","日盛-士林",0,15,-15
"2869","2727王品","110/08/04","富邦-台北",12,2,10
"2870","2727王品","110/08/04","凱基-天母",0,15,-15
"2871","2727王品","110/08/04","新光",34,25,9
"2872","2727王品","110/08/04","日盛-台中",4,15,-11
"2873","2727王品","110/08/04","玉山證券",12,3,9
"2874","2727王品","110/08/04","永豐金-信義",1,12,-11
"2875","2727王品","110/08/04","國泰-高雄",10,2,8
"2876","2727王品","110/08/04","新加坡商瑞銀",2,12,-10
"2877","2727王品","110/08/04","群益金鼎-宜蘭",8,0,8
"2878","2727王品","110/08/04","元大-豐原",0,10,-10
"2879","2727王品","110/08/04","國泰-台南",7,0,7
"2880","2727王品","110/08/04","元大-樹林",1,11,-10
"2881","1570力肯","110/08/04","摩根大通",330,27,303
"2882","1570力肯","110/08/04","元大-板橋",0,86,-86
"2883","1570力肯","110/08/04","統一",224,0,224
"2884","1570力肯","110/08/04","群益金鼎-忠孝",0,80,-80
"2885","1570力肯","110/08/04","富邦-台中",84,1,83
"2886","1570力肯","110/08/04","元富-緯城",0,51,-51
"2887","1570力肯","110/08/04","統一-土城",287,222,65
"2888","1570力肯","110/08/04","國票-和平",0,51,-51
"2889","1570力肯","110/08/04","群益金鼎-中壢",60,0,60
"2890","1570力肯","110/08/04","日盛-二林",0,43,-43
"2891","1570力肯","110/08/04","富邦-高雄",69,10,59
"2892","1570力肯","110/08/04","國泰-板橋",0,43,-43
"2893","1570力肯","110/08/04","統一-屏東",61,4,57
"2894","1570力肯","110/08/04","元大-新莊",1,44,-43
"2895","1570力肯","110/08/04","凱基-岡山",53,1,52
"2896","1570力肯","110/08/04","凱基-嘉義",0,42,-42
"2897","1570力肯","110/08/04","新光-台中",43,12,31
"2898","1570力肯","110/08/04","華南永昌-鳳山",2,42,-40
"2899","1570力肯","110/08/04","台中銀-員林",30,1,29
"2900","1570力肯","110/08/04","凱基-三峽",0,37,-37
"2901","1570力肯","110/08/04","元富-三重",37,12,25
"2902","1570力肯","110/08/04","國票-中正",0,36,-36
"2903","1570力肯","110/08/04","統一-新台中",30,6,24
"2904","1570力肯","110/08/04","高橋",0,30,-30
"2905","1570力肯","110/08/04","致和-府前",25,1,24
"2906","1570力肯","110/08/04","日盛-高雄",0,29,-29
"2907","1570力肯","110/08/04","凱基-中港",22,0,22
"2908","1570力肯","110/08/04","(牛牛牛)亞-鑫豐",6,29,-23
"2909","1570力肯","110/08/04","宏遠證券",20,0,20
"2910","1570力肯","110/08/04","元富-松德",1,22,-21
"2911","6180橘子","110/08/04","新光",67,10,57
"2912","6180橘子","110/08/04","群益金鼎-桃園",0,30,-30
"2913","6180橘子","110/08/04","美林",15,0,15
"2914","6180橘子","110/08/04","華南永昌-苑裡",0,30,-30
"2915","6180橘子","110/08/04","第一金-中山",15,1,14
"2916","6180橘子","110/08/04","台灣摩根士丹利",0,19,-19
"2917","6180橘子","110/08/04","日盛-台中",10,0,10
"2918","6180橘子","110/08/04","台新-三民",0,16,-16
"2919","6180橘子","110/08/04","新光-桃園",10,0,10
"2920","6180橘子","110/08/04","群益金鼎-士林",0,13,-13
"2921","6180橘子","110/08/04","康和",9,0,9
"2922","6180橘子","110/08/04","群益金鼎-中港",0,11,-11
"2923","6180橘子","110/08/04","富邦-羅東",8,0,8
"2924","6180橘子","110/08/04","新加坡商瑞銀",0,10,-10
"2925","6180橘子","110/08/04","國票-九鼎",7,0,7
"2926","6180橘子","110/08/04","統一-彰化",0,10,-10
"2927","6180橘子","110/08/04","玉山-桃園",7,0,7
"2928","6180橘子","110/08/04","兆豐-埔墘",0,10,-10
"2929","6180橘子","110/08/04","元大-員林中山",7,0,7
"2930","6180橘子","110/08/04","摩根大通",3,13,-10
"2931","6180橘子","110/08/04","瑞士信貸",6,0,6
"2932","6180橘子","110/08/04","康和-延平",0,10,-10
"2933","6180橘子","110/08/04","富邦-新竹",7,1,6
"2934","6180橘子","110/08/04","大昌-安康",0,9,-9
"2935","6180橘子","110/08/04","富邦-宜蘭",6,0,6
"2936","6180橘子","110/08/04","富邦-仁愛",1,10,-9
"2937","6180橘子","110/08/04","統一-嘉義",5,0,5
"2938","6180橘子","110/08/04","花旗環球",0,8,-8
"2939","6180橘子","110/08/04","富邦-陽明",5,0,5
"2940","6180橘子","110/08/04","福勝",0,8,-8
"2941","2390云辰","110/08/04","元富-吉利",71,6,65
"2942","2390云辰","110/08/04","港商野村",180,422,-242
"2943","2390云辰","110/08/04","兆豐-新營",53,4,49
"2944","2390云辰","110/08/04","凱基-台北",75,264,-189
"2945","2390云辰","110/08/04","台新證券",83,37,46
"2946","2390云辰","110/08/04","美林",32,132,-100
"2947","2390云辰","110/08/04","日盛-新莊",53,12,41
"2948","2390云辰","110/08/04","華南永昌-鳳山",82,181,-99
"2949","2390云辰","110/08/04","兆豐-岡山",40,0,40
"2950","2390云辰","110/08/04","日盛-園區",1,91,-90
"2951","2390云辰","110/08/04","元大-新莊",42,6,36
"2952","2390云辰","110/08/04","統一-城中",3,82,-79
"2953","2390云辰","110/08/04","永豐金-鳳山",37,3,34
"2954","2390云辰","110/08/04","第一金-中壢",0,73,-73
"2955","2390云辰","110/08/04","德信-新營",37,4,33
"2956","2390云辰","110/08/04","元大-忠孝",8,74,-66
"2957","2390云辰","110/08/04","群益金鼎-三民",35,2,33
"2958","2390云辰","110/08/04","凱基-竹科",6,67,-61
"2959","2390云辰","110/08/04","玉山-雙和",39,7,32
"2960","2390云辰","110/08/04","統一-屏東",0,51,-51
"2961","2390云辰","110/08/04","凱基-三重",33,3,30
"2962","2390云辰","110/08/04","富邦-新店",2,50,-48
"2963","2390云辰","110/08/04","華南永昌-朴子",35,6,29
"2964","2390云辰","110/08/04","元富-大裕",21,56,-35
"2965","2390云辰","110/08/04","國票-和平",29,1,28
"2966","2390云辰","110/08/04","永豐金-三重",6,41,-35
"2967","2390云辰","110/08/04","元大-東蘆",31,3,28
"2968","2390云辰","110/08/04","臺銀",15,47,-32
"2969","2390云辰","110/08/04","日茂",59,33,26
"2970","2390云辰","110/08/04","凱基-台中",1,33,-32
"2971","1471首利","110/08/02","日盛-和美",31,0,31
"2972","1471首利","110/08/02","日盛-八德",0,63,-63
"2973","1471首利","110/08/02","宏遠-光隆",30,0,30
"2974","1471首利","110/08/02","凱基-幸福",0,49,-49
"2975","1471首利","110/08/02","元富-花蓮",25,0,25
"2976","1471首利","110/08/02","富邦-台北",0,30,-30
"2977","1471首利","110/08/02","凱基-台北",25,0,25
"2978","1471首利","110/08/02","元大-東蘆",0,30,-30
"2979","1471首利","110/08/02","日盛-木柵",20,0,20
"2980","1471首利","110/08/02","合庫-桃園",0,20,-20
"2981","1471首利","110/08/02","凱基-高美館",20,0,20
"2982","1471首利","110/08/02","康和-澎湖",0,15,-15
"2983","1471首利","110/08/02","新光-台中",24,5,19
"2984","1471首利","110/08/02","元大-斗信",0,15,-15
"2985","1471首利","110/08/02","富邦-羅東",15,0,15
"2986","1471首利","110/08/02","元富-民權",0,12,-12
"2987","1471首利","110/08/02","兆豐-鹿港",14,0,14
"2988","1471首利","110/08/02","玉山-新莊",0,12,-12
"2989","1471首利","110/08/02","美林",16,4,12
"2990","1471首利","110/08/02","宏遠-桃園",0,10,-10
"2991","1471首利","110/08/02","統一-桃園",12,0,12
"2992","1471首利","110/08/02","瑞士信貸",0,10,-10
"2993","1471首利","110/08/02","合庫-高雄",10,0,10
"2994","1471首利","110/08/02","大慶-苗栗",0,10,-10
"2995","1471首利","110/08/02","日盛-士林",10,0,10
"2996","1471首利","110/08/02","統一-新營",0,10,-10
"2997","1471首利","110/08/02","港商法國興業",10,0,10
"2998","1471首利","110/08/02","群益金鼎-三重",0,10,-10
"2999","1471首利","110/08/02","第一金-台南",10,0,10
"3000","1471首利","110/08/02","元大-基隆",0,10,-10
"3001","2883開發金","110/08/02","統一",3076,29,3047
"3002","2883開發金","110/08/02","中農",2,3126,-3124
"3003","2883開發金","110/08/02","凱基-台北",2789,192,2597
"3004","2883開發金","110/08/02","群益金鼎",11,2008,-1997
"3005","2883開發金","110/08/02","元富-城東",2139,5,2134
"3006","2883開發金","110/08/02","摩根大通",2081,3944,-1863
"3007","2883開發金","110/08/02","瑞士信貸",2184,316,1868
"3008","2883開發金","110/08/02","港商野村",949,2553,-1604
"3009","2883開發金","110/08/02","美林",1160,271,889
"3010","2883開發金","110/08/02","台灣匯立證券",198,1533,-1335
"3011","2883開發金","110/08/02","港商麥格理",855,0,855
"3012","2883開發金","110/08/02","中國信託",69,1041,-972
"3013","2883開發金","110/08/02","元大-金華",533,33,500
"3014","2883開發金","110/08/02","兆豐證券",1,863,-862
"3015","2883開發金","110/08/02","新加坡商瑞銀",1089,624,465
"3016","2883開發金","110/08/02","美商高盛",6,644,-638
"3017","2883開發金","110/08/02","法銀巴黎",441,0,441
"3018","2883開發金","110/08/02","華南永昌-中正",4,632,-628
"3019","2883開發金","110/08/02","富邦-嘉義",425,24,401
"3020","2883開發金","110/08/02","第一金-安和",156,757,-601
"3021","2883開發金","110/08/02","元富-烏日",367,3,364
"3022","2883開發金","110/08/02","國票",0,524,-524
"3023","2883開發金","110/08/02","台灣摩根士丹利",634,280,354
"3024","2883開發金","110/08/02","元富",266,770,-504
"3025","2883開發金","110/08/02","國泰-館前",516,180,336
"3026","2883開發金","110/08/02","新光",1651,1984,-333
"3027","2883開發金","110/08/02","聯邦-敦化",321,5,316
"3028","2883開發金","110/08/02","元富-安南",20,324,-304
"3029","2883開發金","110/08/02","玉山-士林",307,13,294
"3030","2883開發金","110/08/02","群益金鼎-東門",6,280,-274
"3031","6205詮欣","110/08/02","元大-館前",16,0,16
"3032","6205詮欣","110/08/02","永豐金-敦南",0,21,-21
"3033","6205詮欣","110/08/02","臺銀",11,0,11
"3034","6205詮欣","110/08/02","日盛-三重",0,17,-17
"3035","6205詮欣","110/08/02","臺銀-民權",10,0,10
"3036","6205詮欣","110/08/02","永豐金-博愛",0,10,-10
"3037","6205詮欣","110/08/02","摩根大通",11,1,10
"3038","6205詮欣","110/08/02","國票-台南",0,5,-5
"3039","6205詮欣","110/08/02","合庫-三重",5,0,5
"3040","6205詮欣","110/08/02","群益金鼎-三重",0,4,-4
"3041","6205詮欣","110/08/02","元大-東蘆",5,0,5
"3042","6205詮欣","110/08/02","元大-土城",0,4,-4
"3043","6205詮欣","110/08/02","凱基",3,0,3
"3044","6205詮欣","110/08/02","元大-草屯",0,4,-4
"3045","6205詮欣","110/08/02","日盛-雙和",2,0,2
"3046","6205詮欣","110/08/02","臺銀-新竹",1,4,-3
"3047","6205詮欣","110/08/02","兆豐-南京",2,0,2
"3048","6205詮欣","110/08/02","光和-嘉義",0,3,-3
"3049","6205詮欣","110/08/02","凱基-台北",3,1,2
"3050","6205詮欣","110/08/02","永豐金-內湖",0,3,-3
"3051","6205詮欣","110/08/02","元大-西螺",2,0,2
"3052","6205詮欣","110/08/02","第一金-華江",0,2,-2
"3053","6205詮欣","110/08/02","元大-新竹經國",2,0,2
"3054","6205詮欣","110/08/02","中國信託-高雄",0,2,-2
"3055","6205詮欣","110/08/02","元大-北成功",2,0,2
"3056","6205詮欣","110/08/02","兆豐-鹿港",0,2,-2
"3057","6205詮欣","110/08/02","臺銀-臺中",1,0,1
"3058","6205詮欣","110/08/02","統一-平鎮",0,1,-1
"3059","6205詮欣","110/08/02","德信-新營",1,0,1
"3060","6205詮欣","110/08/02","台新-台中",0,1,-1
"3061","1540喬福","110/08/02","富邦-南屯",10,0,10
"3062","1540喬福","110/08/02","永豐金-埔里",0,22,-22
"3063","1540喬福","110/08/02","元富-中原",10,2,8
"3064","1540喬福","110/08/02","統一-新台中",0,17,-17
"3065","1540喬福","110/08/02","德信-新營",6,0,6
"3066","1540喬福","110/08/02","統一-三多",0,3,-3
"3067","1540喬福","110/08/02","元大-龍潭",3,0,3
"3068","1540喬福","110/08/02","光和-高雄",0,2,-2
"3069","1540喬福","110/08/02","凱基-台北",3,0,3
"3070","1540喬福","110/08/02","兆豐-嘉義",0,2,-2
"3071","1540喬福","110/08/02","新光-桃園",3,0,3
"3072","1540喬福","110/08/02","台新-高雄",0,1,-1
"3073","1540喬福","110/08/02","永豐金-內湖",2,0,2
"3074","1540喬福","110/08/02","新光",0,1,-1
"3075","1540喬福","110/08/02","港商法國興業",2,0,2
"3076","1540喬福","110/08/02","國泰-館前",0,1,-1
"3077","1540喬福","110/08/02","統一-台南",2,0,2
"3078","1540喬福","110/08/02","群益金鼎-民權",0,1,-1
"3079","1540喬福","110/08/02","元富-桃園",2,0,2
"3080","1540喬福","110/08/02","富邦-嘉義",0,1,-1
"3081","1540喬福","110/08/02","台中銀-豐原",2,0,2
"3082","1540喬福","110/08/02","元大-新竹",0,1,-1
"3083","1540喬福","110/08/02","(牛牛牛)亞-網路",1,0,1
"3084","1540喬福","110/08/02","元大-豐原站前",0,1,-1
"3085","1540喬福","110/08/02","元富",1,0,1
"3086","1540喬福","110/08/02","臺銀-鳳山",0,0,0
"3087","1540喬福","110/08/02","第一金-桃園",1,0,1
"3088","1540喬福","110/08/02","第一金",0,0,0
"3089","1540喬福","110/08/02","瑞士信貸",1,0,1
"3090","1540喬福","110/08/02","華南永昌-南京",0,0,0
"3091","2888新光金","110/08/02","花旗環球",2291,0,2291
"3092","2888新光金","110/08/02","瑞士信貸",1405,3997,-2592
"3093","2888新光金","110/08/02","美林",2235,208,2027
"3094","2888新光金","110/08/02","新加坡商瑞銀",780,2173,-1393
"3095","2888新光金","110/08/02","群益金鼎-彰化",1014,2,1012
"3096","2888新光金","110/08/02","美商高盛",369,1356,-987
"3097","2888新光金","110/08/02","富邦-建國",823,9,814
"3098","2888新光金","110/08/02","元大-仁愛",69,795,-726
"3099","2888新光金","110/08/02","元大-華山",532,1,531
"3100","2888新光金","110/08/02","永興-台中",0,500,-500
"3101","2888新光金","110/08/02","法銀巴黎",666,166,500
"3102","2888新光金","110/08/02","凱基-站前",17,506,-489
"3103","2888新光金","110/08/02","台灣匯立證券",421,0,421
"3104","2888新光金","110/08/02","元富-城東",38,496,-458
"3105","2888新光金","110/08/02","凱基-台南",376,17,359
"3106","2888新光金","110/08/02","群益金鼎-中港",2,450,-448
"3107","2888新光金","110/08/02","永豐金-嘉義",352,0,352
"3108","2888新光金","110/08/02","華南永昌",25,461,-436
"3109","2888新光金","110/08/02","合庫-台中",339,1,338
"3110","2888新光金","110/08/02","港商野村",135,550,-415
"3111","2888新光金","110/08/02","港商麥格理",316,0,316
"3112","2888新光金","110/08/02","大慶-苗栗",1,406,-405
"3113","2888新光金","110/08/02","群益金鼎-建成",298,5,293
"3114","2888新光金","110/08/02","華南永昌-中正",34,419,-385
"3115","2888新光金","110/08/02","永豐金-板盛",221,0,221
"3116","2888新光金","110/08/02","玉山-台大",0,350,-350
"3117","2888新光金","110/08/02","台灣摩根士丹利",1700,1488,212
"3118","2888新光金","110/08/02","元大-汐止",66,363,-297
"3119","2888新光金","110/08/02","凱基-竹北",200,0,200
"3120","2888新光金","110/08/02","台新-新莊",14,265,-251
"3121","1340勝悅","110/08/02","國泰-台中",22,0,22
"3122","1340勝悅","110/08/02","中國信託",0,83,-83
"3123","1340勝悅","110/08/02","港商法國興業",14,0,14
"3124","1340勝悅","110/08/02","元大-開元",0,11,-11
"3125","1340勝悅","110/08/02","新光",18,5,13
"3126","1340勝悅","110/08/02","凱基-永康",0,10,-10
"3127","1340勝悅","110/08/02","元大-基隆孝二",11,0,11
"3128","1340勝悅","110/08/02","富邦-宜蘭",0,10,-10
"3129","1340勝悅","110/08/02","玉山-士林",10,0,10
"3130","1340勝悅","110/08/02","元大-大統",0,10,-10
"3131","1340勝悅","110/08/02","凱基",6,0,6
"3132","1340勝悅","110/08/02","富邦-板橋",0,5,-5
"3133","1340勝悅","110/08/02","摩根大通",4,0,4
"3134","1340勝悅","110/08/02","瑞士信貸",1,5,-4
"3135","1340勝悅","110/08/02","國泰-敦南",8,4,4
"3136","1340勝悅","110/08/02","華南永昌-忠孝",0,2,-2
"3137","1340勝悅","110/08/02","國泰-新莊",3,0,3
"3138","1340勝悅","110/08/02","元大-虎尾",0,2,-2
"3139","1340勝悅","110/08/02","凱基-嘉義",3,0,3
"3140","1340勝悅","110/08/02","元大-路竹",0,2,-2
"3141","1340勝悅","110/08/02","群益金鼎-館前",3,0,3
"3142","1340勝悅","110/08/02","元大-信義",0,2,-2
"3143","1340勝悅","110/08/02","國泰-館前",3,0,3
"3144","1340勝悅","110/08/02","華南永昌-高雄",0,1,-1
"3145","1340勝悅","110/08/02","臺銀-鳳山",3,0,3
"3146","1340勝悅","110/08/02","玉山-大里",0,0,0
"3147","1340勝悅","110/08/02","國泰-高雄",4,1,3
"3148","1340勝悅","110/08/02","群益金鼎-丹鳳",0,0,0
"3149","1340勝悅","110/08/02","美商高盛",3,0,3
"3150","1340勝悅","110/08/02","富邦-虎尾",0,0,0
"3151","6246臺龍","110/08/02","台新證券",19,1,18
"3152","6246臺龍","110/08/02","元大-新竹經國",0,6,-6
"3153","6246臺龍","110/08/02","凱基-台北",7,2,5
"3154","6246臺龍","110/08/02","台新-台南",0,5,-5
"3155","6246臺龍","110/08/02","國票-九鼎",3,0,3
"3156","6246臺龍","110/08/02","宏遠-新化",1,4,-3
"3157","6246臺龍","110/08/02","國票-南京",3,0,3
"3158","6246臺龍","110/08/02","元富-板橋",0,3,-3
"3159","6246臺龍","110/08/02","新光-台中",3,0,3
"3160","6246臺龍","110/08/02","國泰-敦南",0,3,-3
"3161","6246臺龍","110/08/02","元大-員林",3,0,3
"3162","6246臺龍","110/08/02","富邦-台中",0,3,-3
"3163","6246臺龍","110/08/02","元大-永和",3,0,3
"3164","6246臺龍","110/08/02","元大-大益",2,5,-3
"3165","6246臺龍","110/08/02","港商野村",2,0,2
"3166","6246臺龍","110/08/02","日盛-永康",0,2,-2
"3167","6246臺龍","110/08/02","台新-高雄",2,0,2
"3168","6246臺龍","110/08/02","日盛-宜蘭",0,2,-2
"3169","6246臺龍","110/08/02","新光-台南",2,0,2
"3170","6246臺龍","110/08/02","宏遠-台南",0,2,-2
"3171","6246臺龍","110/08/02","日盛-文化",1,0,1
"3172","6246臺龍","110/08/02","高橋-龍潭",0,2,-2
"3173","6246臺龍","110/08/02","國泰-忠孝",1,0,1
"3174","6246臺龍","110/08/02","群益金鼎-中壢",0,2,-2
"3175","6246臺龍","110/08/02","群益金鼎-崇德",3,2,1
"3176","6246臺龍","110/08/02","凱基-三多",0,2,-2
"3177","6246臺龍","110/08/02","富邦-員林",1,0,1
"3178","6246臺龍","110/08/02","統一-中壢",0,1,-1
"3179","6246臺龍","110/08/02","富邦-三重",1,0,1
"3180","6246臺龍","110/08/02","中國信託-嘉義",0,1,-1
"3181","00715L期街口布蘭特正2","110/08/02","元大證券",7296,1000,6296
"3182","00715L期街口布蘭特正2","110/08/02","富邦-基隆",0,850,-850
"3183","00715L期街口布蘭特正2","110/08/02","永豐金證券",2221,338,1883
"3184","00715L期街口布蘭特正2","110/08/02","(牛牛牛)亞-鑫豐",10,850,-840
"3185","00715L期街口布蘭特正2","110/08/02","統一",1460,100,1360
"3186","00715L期街口布蘭特正2","110/08/02","華南永昌-長虹",57,820,-763
"3187","00715L期街口布蘭特正2","110/08/02","國票-中港",1000,0,1000
"3188","00715L期街口布蘭特正2","110/08/02","富邦-彰化",0,700,-700
"3189","00715L期街口布蘭特正2","110/08/02","第一金-台中",900,13,887
"3190","00715L期街口布蘭特正2","110/08/02","第一金-路竹",0,682,-682
"3191","00715L期街口布蘭特正2","110/08/02","群益金鼎",728,0,728
"3192","00715L期街口布蘭特正2","110/08/02","台新證券",112,791,-679
"3193","00715L期街口布蘭特正2","110/08/02","群益金鼎-古亭",433,1,432
"3194","00715L期街口布蘭特正2","110/08/02","第一金-忠孝",45,483,-438
"3195","00715L期街口布蘭特正2","110/08/02","凱基-市政",525,125,400
"3196","00715L期街口布蘭特正2","110/08/02","玉山-台南",0,373,-373
"3197","00715L期街口布蘭特正2","110/08/02","元大-敦化",400,0,400
"3198","00715L期街口布蘭特正2","110/08/02","國泰-板橋",3,313,-310
"3199","00715L期街口布蘭特正2","110/08/02","元大-草屯",353,21,332
"3200","00715L期街口布蘭特正2","110/08/02","凱基",0,300,-300
"3201","00715L期街口布蘭特正2","110/08/02","元大-萬華",250,0,250
"3202","00715L期街口布蘭特正2","110/08/02","元大-嘉義",1,300,-299
"3203","00715L期街口布蘭特正2","110/08/02","統一-員林",180,0,180
"3204","00715L期街口布蘭特正2","110/08/02","元大-大灣",14,303,-289
"3205","00715L期街口布蘭特正2","110/08/02","富邦證券",282,152,130
"3206","00715L期街口布蘭特正2","110/08/02","新光-桃園",45,295,-250
"3207","00715L期街口布蘭特正2","110/08/02","元富-潮州",125,0,125
"3208","00715L期街口布蘭特正2","110/08/02","元大-新莊",76,306,-230
"3209","00715L期街口布蘭特正2","110/08/02","兆豐-台中港",106,0,106
"3210","00715L期街口布蘭特正2","110/08/02","富邦-台北",0,211,-211
"3211","8941關中","110/08/02","宏遠-館前",3,0,3
"3212","8941關中","110/08/02","富邦-台中",0,5,-5
"3213","8941關中","110/08/02","群益金鼎-彰化",2,0,2
"3214","8941關中","110/08/02","富邦-員林",0,4,-4
"3215","8941關中","110/08/02","第一金-台中",1,0,1
"3216","8941關中","110/08/02","元大-新竹經國",0,0,0
"3217","8941關中","110/08/02","台新-台中",1,0,1
"3218","8941關中","110/08/02","永豐金-萬盛",0,0,0
"3219","8941關中","110/08/02","華南永昌-南京",1,0,1
"3220","8941關中","110/08/02","",NA,NA,NA
"3221","8941關中","110/08/02","元大-桃興",2,1,1
"3222","8941關中","110/08/02","",NA,NA,NA
"3223","8941關中","110/08/02","元大-新竹經國",0,0,0
"3224","8941關中","110/08/02","",NA,NA,NA
"3225","8941關中","110/08/02","永豐金-萬盛",0,0,0
"3226","8941關中","110/08/02","",NA,NA,NA
"3227","8941關中","110/08/02","",NA,NA,NA
"3228","8941關中","110/08/02","",NA,NA,NA
"3229","8941關中","110/08/02","",NA,NA,NA
"3230","8941關中","110/08/02","",NA,NA,NA
"3231","8941關中","110/08/02","",NA,NA,NA
"3232","8941關中","110/08/02","",NA,NA,NA
"3233","8941關中","110/08/02","",NA,NA,NA
"3234","8941關中","110/08/02","",NA,NA,NA
"3235","8941關中","110/08/02","",NA,NA,NA
"3236","8941關中","110/08/02","",NA,NA,NA
"3237","8941關中","110/08/02","",NA,NA,NA
"3238","8941關中","110/08/02","",NA,NA,NA
"3239","8941關中","110/08/02","",NA,NA,NA
"3240","8941關中","110/08/02","",NA,NA,NA
"3241","8936國統","110/08/02","合庫-高雄",68,0,68
"3242","8936國統","110/08/02","凱基-台北",0,125,-125
"3243","8936國統","110/08/02","元大-蘆洲",33,0,33
"3244","8936國統","110/08/02","摩根大通",9,125,-116
"3245","8936國統","110/08/02","富邦-高雄",30,4,26
"3246","8936國統","110/08/02","永全-南崁",0,50,-50
"3247","8936國統","110/08/02","大慶-蘆洲",20,0,20
"3248","8936國統","110/08/02","新光-台中",16,55,-39
"3249","8936國統","110/08/02","兆豐-桃鶯",20,0,20
"3250","8936國統","110/08/02","凱基-市政",0,31,-31
"3251","8936國統","110/08/02","元大-東泰",20,0,20
"3252","8936國統","110/08/02","美商高盛",1,20,-19
"3253","8936國統","110/08/02","永豐金-忠孝",20,0,20
"3254","8936國統","110/08/02","元大-東港",3,20,-17
"3255","8936國統","110/08/02","元大-旗山",15,0,15
"3256","8936國統","110/08/02","台灣企銀-台中",0,15,-15
"3257","8936國統","110/08/02","中國信託-文心",12,0,12
"3258","8936國統","110/08/02","日盛-竹北",0,15,-15
"3259","8936國統","110/08/02","國泰-敦南",14,2,12
"3260","8936國統","110/08/02","瑞士信貸",0,11,-11
"3261","8936國統","110/08/02","元大-敦南",12,0,12
"3262","8936國統","110/08/02","港商野村",26,36,-10
"3263","8936國統","110/08/02","日盛-三峽",11,0,11
"3264","8936國統","110/08/02","統一-竹南",0,10,-10
"3265","8936國統","110/08/02","永豐金-苓雅",11,0,11
"3266","8936國統","110/08/02","國泰-高雄",1,11,-10
"3267","8936國統","110/08/02","宏遠-高雄",11,1,10
"3268","8936國統","110/08/02","元大-天母",0,9,-9
"3269","8936國統","110/08/02","第一金-嘉義",10,0,10
"3270","8936國統","110/08/02","元大-台中中港",0,9,-9
"3271","6226光鼎","110/08/02","新百王",283,0,283
"3272","6226光鼎","110/08/02","元富-安南",3,113,-110
"3273","6226光鼎","110/08/02","日盛-文化",219,3,216
"3274","6226光鼎","110/08/02","群益金鼎-東大",24,124,-100
"3275","6226光鼎","110/08/02","元大-嘉義",127,37,90
"3276","6226光鼎","110/08/02","富邦-南屯",3,100,-97
"3277","6226光鼎","110/08/02","統一-新竹",113,31,82
"3278","6226光鼎","110/08/02","元大-鳳中",2,99,-97
"3279","6226光鼎","110/08/02","台中銀-員林",111,47,64
"3280","6226光鼎","110/08/02","元大-忠孝鼎富",10,100,-90
"3281","6226光鼎","110/08/02","永豐金證券",66,5,61
"3282","6226光鼎","110/08/02","華南永昌-小港",0,84,-84
"3283","6226光鼎","110/08/02","日盛-員林",107,50,57
"3284","6226光鼎","110/08/02","國泰-敦南",247,324,-77
"3285","6226光鼎","110/08/02","國票-九鼎",72,24,48
"3286","6226光鼎","110/08/02","亞東",5,76,-71
"3287","6226光鼎","110/08/02","元大-士林",53,6,47
"3288","6226光鼎","110/08/02","中國信託-新竹",2,62,-60
"3289","6226光鼎","110/08/02","元大-鹿港",48,7,41
"3290","6226光鼎","110/08/02","元大-南屯",12,64,-52
"3291","6226光鼎","110/08/02","中國信託-文心",48,8,40
"3292","6226光鼎","110/08/02","元大-高雄",9,61,-52
"3293","6226光鼎","110/08/02","國泰-新莊",56,17,39
"3294","6226光鼎","110/08/02","元大-台北",2,53,-51
"3295","6226光鼎","110/08/02","元大-大同",39,0,39
"3296","6226光鼎","110/08/02","第一金-華江",8,52,-44
"3297","6226光鼎","110/08/02","富邦-建國",39,1,38
"3298","6226光鼎","110/08/02","元富-新莊",3,44,-41
"3299","6226光鼎","110/08/02","統一-三重",54,18,36
"3300","6226光鼎","110/08/02","玉山-桃園",3,40,-37
"3301","2363矽統","110/08/02","中國信託-忠孝",405,25,380
"3302","2363矽統","110/08/02","富邦證券",16,4082,-4066
"3303","2363矽統","110/08/02","群益金鼎-屏東",349,123,226
"3304","2363矽統","110/08/02","凱基-台北",2669,4466,-1797
"3305","2363矽統","110/08/02","群益金鼎-永和",233,20,213
"3306","2363矽統","110/08/02","台灣摩根士丹利",69,1749,-1680
"3307","2363矽統","110/08/02","富邦-中壢",299,91,208
"3308","2363矽統","110/08/02","新加坡商瑞銀",361,1486,-1125
"3309","2363矽統","110/08/02","永豐金-彰化",188,4,184
"3310","2363矽統","110/08/02","港商野村",619,1622,-1003
"3311","2363矽統","110/08/02","元大-承德",253,73,180
"3312","2363矽統","110/08/02","美商高盛",214,1077,-863
"3313","2363矽統","110/08/02","康和-台中",192,23,169
"3314","2363矽統","110/08/02","兆豐-復興",124,973,-849
"3315","2363矽統","110/08/02","新光",550,382,168
"3316","2363矽統","110/08/02","統一-仁愛",132,666,-534
"3317","2363矽統","110/08/02","元大-萬華",224,61,163
"3318","2363矽統","110/08/02","美林",520,1028,-508
"3319","2363矽統","110/08/02","元大-博愛",204,44,160
"3320","2363矽統","110/08/02","統一-土城",32,536,-504
"3321","2363矽統","110/08/02","兆豐-三民",171,17,154
"3322","2363矽統","110/08/02","華南永昌-斗六",33,526,-493
"3323","2363矽統","110/08/02","元大-新竹",196,44,152
"3324","2363矽統","110/08/02","統一-敦南",35,527,-492
"3325","2363矽統","110/08/02","凱基-三重",178,29,149
"3326","2363矽統","110/08/02","永豐金-員林",12,495,-483
"3327","2363矽統","110/08/02","元大-忠孝",181,38,143
"3328","2363矽統","110/08/02","統一-城中",117,589,-472
"3329","2363矽統","110/08/02","元富-世貿",142,4,138
"3330","2363矽統","110/08/02","摩根大通",1070,1471,-401
"3331","8112至上","110/08/02","合庫證券",213,0,213
"3332","8112至上","110/08/02","台灣摩根士丹利",9,287,-278
"3333","8112至上","110/08/02","凱基-台北",298,152,146
"3334","8112至上","110/08/02","凱基-三重",3,236,-233
"3335","8112至上","110/08/02","大慶",87,0,87
"3336","8112至上","110/08/02","臺銀-鳳山",11,124,-113
"3337","8112至上","110/08/02","凱基-新店",84,0,84
"3338","8112至上","110/08/02","合庫-台中",1,112,-111
"3339","8112至上","110/08/02","香港上海匯豐",76,0,76
"3340","8112至上","110/08/02","土銀-嘉義",0,105,-105
"3341","8112至上","110/08/02","群益金鼎-建成",65,1,64
"3342","8112至上","110/08/02","元大-新莊",2,106,-104
"3343","8112至上","110/08/02","玉山-板橋",63,0,63
"3344","8112至上","110/08/02","台新-建北",0,95,-95
"3345","8112至上","110/08/02","元大-前金",61,2,59
"3346","8112至上","110/08/02","華南永昌-彰化",2,64,-62
"3347","8112至上","110/08/02","台新-台中",58,5,53
"3348","8112至上","110/08/02","群益金鼎-北高雄",3,50,-47
"3349","8112至上","110/08/02","亞東",51,0,51
"3350","8112至上","110/08/02","元大-福營",1,45,-44
"3351","8112至上","110/08/02","美林",49,1,48
"3352","8112至上","110/08/02","永豐金-南京",2,38,-36
"3353","8112至上","110/08/02","摩根大通",114,67,47
"3354","8112至上","110/08/02","亞東-板橋",2,34,-32
"3355","8112至上","110/08/02","美商高盛",46,0,46
"3356","8112至上","110/08/02","元大-台南",2,33,-31
"3357","8112至上","110/08/02","凱基-松山",43,1,42
"3358","8112至上","110/08/02","統一-城中",0,30,-30
"3359","8112至上","110/08/02","群益金鼎-大安",40,0,40
"3360","8112至上","110/08/02","元富-板橋",5,35,-30
"3361","1570力肯","110/08/02","群益金鼎-高雄",11,0,11
"3362","1570力肯","110/08/02","大慶",0,5,-5
"3363","1570力肯","110/08/02","臺銀-臺南",4,0,4
"3364","1570力肯","110/08/02","元大-板橋",0,4,-4
"3365","1570力肯","110/08/02","新光-台中",4,0,4
"3366","1570力肯","110/08/02","玉山證券",0,4,-4
"3367","1570力肯","110/08/02","(牛牛牛)亞-鑫豐",3,0,3
"3368","1570力肯","110/08/02","國泰-台南",0,3,-3
"3369","1570力肯","110/08/02","土銀-白河",2,0,2
"3370","1570力肯","110/08/02","元富-新店",0,3,-3
"3371","1570力肯","110/08/02","統一-松江",2,0,2
"3372","1570力肯","110/08/02","元富-永和",0,2,-2
"3373","1570力肯","110/08/02","中國信託-永康",1,0,1
"3374","1570力肯","110/08/02","凱基-台北",0,2,-2
"3375","1570力肯","110/08/02","凱基-信義",1,0,1
"3376","1570力肯","110/08/02","統一-城中",0,2,-2
"3377","1570力肯","110/08/02","凱基-幸福",1,0,1
"3378","1570力肯","110/08/02","新光",0,1,-1
"3379","1570力肯","110/08/02","元大-歸仁",1,0,1
"3380","1570力肯","110/08/02","凱基-岡山",0,1,-1
"3381","1570力肯","110/08/02","合庫-台中",0,0,0
"3382","1570力肯","110/08/02","富邦-台南",0,1,-1
"3383","1570力肯","110/08/02","康和-板橋",0,0,0
"3384","1570力肯","110/08/02","元大-新盛",0,1,-1
"3385","1570力肯","110/08/02","群益金鼎-鳳山",0,0,0
"3386","1570力肯","110/08/02","永豐金-嘉義",0,1,-1
"3387","1570力肯","110/08/02","元大-樹林",0,0,0
"3388","1570力肯","110/08/02","康和-板橋",0,0,0
"3389","1570力肯","110/08/02","",NA,NA,NA
"3390","1570力肯","110/08/02","合庫-台中",0,0,0
"3391","2929淘帝","110/08/02","元大-民生",29,0,29
"3392","2929淘帝","110/08/02","新加坡商瑞銀",4,70,-66
"3393","2929淘帝","110/08/02","兆豐-桃園",20,0,20
"3394","2929淘帝","110/08/02","富邦-建國",0,26,-26
"3395","2929淘帝","110/08/02","新光",14,0,14
"3396","2929淘帝","110/08/02","美林",0,24,-24
"3397","2929淘帝","110/08/02","兆豐-忠孝",13,0,13
"3398","2929淘帝","110/08/02","元大-和平",0,13,-13
"3399","2929淘帝","110/08/02","兆豐-彰化",12,0,12
"3400","2929淘帝","110/08/02","元大-永和",0,10,-10
"3401","2929淘帝","110/08/02","合庫-高雄",10,0,10
"3402","2929淘帝","110/08/02","日盛-頭份",0,9,-9
"3403","2929淘帝","110/08/02","富邦-台北",10,0,10
"3404","2929淘帝","110/08/02","群益金鼎-中山",0,9,-9
"3405","2929淘帝","110/08/02","國泰-敦南",9,0,9
"3406","2929淘帝","110/08/02","華南永昌-頭份",0,7,-7
"3407","2929淘帝","110/08/02","元富-文心",10,2,8
"3408","2929淘帝","110/08/02","永豐金-敦南",0,7,-7
"3409","2929淘帝","110/08/02","台新-台中",7,0,7
"3410","2929淘帝","110/08/02","凱基-台北",5,11,-6
"3411","2929淘帝","110/08/02","元大-文心",6,0,6
"3412","2929淘帝","110/08/02","臺銀-鳳山",0,5,-5
"3413","2929淘帝","110/08/02","日盛-忠孝",5,0,5
"3414","2929淘帝","110/08/02","凱基-城中",0,5,-5
"3415","2929淘帝","110/08/02","第一金-高雄",5,0,5
"3416","2929淘帝","110/08/02","華南永昌-台中",0,5,-5
"3417","2929淘帝","110/08/02","富邦-基隆",6,1,5
"3418","2929淘帝","110/08/02","元大-博愛",0,5,-5
"3419","2929淘帝","110/08/02","富邦-新店",5,0,5
"3420","2929淘帝","110/08/02","元富-緯城",0,4,-4
"3421","5410國眾","110/08/02","新加坡商瑞銀",19,0,19
"3422","5410國眾","110/08/02","日盛-斗六",0,15,-15
"3423","5410國眾","110/08/02","兆豐-城中",18,0,18
"3424","5410國眾","110/08/02","元大-大同",0,15,-15
"3425","5410國眾","110/08/02","日盛-新莊",10,0,10
"3426","5410國眾","110/08/02","元大-博愛",0,10,-10
"3427","5410國眾","110/08/02","元富-佳里",10,0,10
"3428","5410國眾","110/08/02","凱基-台北",0,7,-7
"3429","5410國眾","110/08/02","摩根大通",9,0,9
"3430","5410國眾","110/08/02","臺銀-臺南",0,6,-6
"3431","5410國眾","110/08/02","國泰-桃園",6,0,6
"3432","5410國眾","110/08/02","元富-嘉義",0,6,-6
"3433","5410國眾","110/08/02","元富-新竹",5,0,5
"3434","5410國眾","110/08/02","第一金-中壢",0,5,-5
"3435","5410國眾","110/08/02","元大-復北",5,0,5
"3436","5410國眾","110/08/02","致和證券",0,5,-5
"3437","5410國眾","110/08/02","永豐金-桃園",5,0,5
"3438","5410國眾","110/08/02","群益金鼎-土城",0,5,-5
"3439","5410國眾","110/08/02","安泰-楠梓",4,0,4
"3440","5410國眾","110/08/02","華南永昌-中正",0,5,-5
"3441","5410國眾","110/08/02","台灣企銀-太平",3,0,3
"3442","5410國眾","110/08/02","元大-新莊",0,5,-5
"3443","5410國眾","110/08/02","新光",3,0,3
"3444","5410國眾","110/08/02","土銀-新竹",0,4,-4
"3445","5410國眾","110/08/02","富邦-內湖",3,0,3
"3446","5410國眾","110/08/02","日盛-員林",0,3,-3
"3447","5410國眾","110/08/02","中國信託-新竹",2,0,2
"3448","5410國眾","110/08/02","元大-新竹經國",0,3,-3
"3449","5410國眾","110/08/02","華南永昌-楠梓",2,0,2
"3450","5410國眾","110/08/02","元富-緯城",0,2,-2
"3451","2841台開","110/08/02","富邦-敦南",71,0,71
"3452","2841台開","110/08/02","永豐金-松山",0,91,-91
"3453","2841台開","110/08/02","國泰-館前",38,0,38
"3454","2841台開","110/08/02","元大-蘆洲",0,40,-40
"3455","2841台開","110/08/02","台中銀",19,0,19
"3456","2841台開","110/08/02","凱基-台北",2,33,-31
"3457","2841台開","110/08/02","元富-烏日",18,0,18
"3458","2841台開","110/08/02","兆豐-寶成",0,20,-20
"3459","2841台開","110/08/02","國泰-板橋",15,0,15
"3460","2841台開","110/08/02","華南永昌-民權",0,20,-20
"3461","2841台開","110/08/02","元大-台中",15,0,15
"3462","2841台開","110/08/02","國票-敦北法人",0,18,-18
"3463","2841台開","110/08/02","元大-福營",15,0,15
"3464","2841台開","110/08/02","第一金-路竹",0,17,-17
"3465","2841台開","110/08/02","日盛-花蓮",14,0,14
"3466","2841台開","110/08/02","中國信託-高雄",0,15,-15
"3467","2841台開","110/08/02","新光",12,0,12
"3468","2841台開","110/08/02","日進",0,10,-10
"3469","2841台開","110/08/02","永豐金-敦南",62,51,11
"3470","2841台開","110/08/02","統一-三多",0,10,-10
"3471","2841台開","110/08/02","日盛-台中",10,0,10
"3472","2841台開","110/08/02","元大-路竹",0,10,-10
"3473","2841台開","110/08/02","群益金鼎-崇德",10,0,10
"3474","2841台開","110/08/02","元大-中和",0,10,-10
"3475","2841台開","110/08/02","元大-南海",10,0,10
"3476","2841台開","110/08/02","宏遠-桃園",0,9,-9
"3477","2841台開","110/08/02","國泰-桃園",8,0,8
"3478","2841台開","110/08/02","大昌-新店",0,6,-6
"3479","2841台開","110/08/02","台新-台中",6,0,6
"3480","2841台開","110/08/02","國票-天祥",0,6,-6
"3481","6207雷科","110/08/02","摩根大通",173,19,154
"3482","6207雷科","110/08/02","凱基-高雄",0,50,-50
"3483","6207雷科","110/08/02","凱基-台北",150,10,140
"3484","6207雷科","110/08/02","群益金鼎-東門",0,26,-26
"3485","6207雷科","110/08/02","華南永昌-朴子",55,0,55
"3486","6207雷科","110/08/02","富邦-竹東",0,25,-25
"3487","6207雷科","110/08/02","新加坡商瑞銀",51,5,46
"3488","6207雷科","110/08/02","華南永昌-東勢",3,27,-24
"3489","6207雷科","110/08/02","元大-西門",54,12,42
"3490","6207雷科","110/08/02","富邦-岡山",1,25,-24
"3491","6207雷科","110/08/02","兆豐-景美",42,2,40
"3492","6207雷科","110/08/02","台灣摩根士丹利",0,22,-22
"3493","6207雷科","110/08/02","日盛-忠孝",35,0,35
"3494","6207雷科","110/08/02","國泰-高雄",1,23,-22
"3495","6207雷科","110/08/02","美林",25,0,25
"3496","6207雷科","110/08/02","富邦-建國",0,17,-17
"3497","6207雷科","110/08/02","日盛-北高雄",16,0,16
"3498","6207雷科","110/08/02","元大-上新莊",0,16,-16
"3499","6207雷科","110/08/02","統一-板橋",15,0,15
"3500","6207雷科","110/08/02","中國信託-高雄",0,15,-15
"3501","6207雷科","110/08/02","凱基-市政",15,0,15
"3502","6207雷科","110/08/02","宏遠證券",0,13,-13
"3503","6207雷科","110/08/02","新光-新竹",16,2,14
"3504","6207雷科","110/08/02","凱基-彰化",0,13,-13
"3505","6207雷科","110/08/02","港商野村",23,12,11
"3506","6207雷科","110/08/02","永豐金-內湖",0,13,-13
"3507","6207雷科","110/08/02","統一-南京",11,0,11
"3508","6207雷科","110/08/02","新百王",0,12,-12
"3509","6207雷科","110/08/02","元大-嘉義",11,0,11
"3510","6207雷科","110/08/02","玉山-大里",0,12,-12
"3511","3679新至陞","110/08/02","元大-成功",26,0,26
"3512","3679新至陞","110/08/02","富邦-陽明",1,34,-33
"3513","3679新至陞","110/08/02","元大-樹林",20,0,20
"3514","3679新至陞","110/08/02","富邦-中壢",0,20,-20
"3515","3679新至陞","110/08/02","(牛牛牛)亞-網路",18,0,18
"3516","3679新至陞","110/08/02","凱基-台北",34,48,-14
"3517","3679新至陞","110/08/02","凱基-中山",12,0,12
"3518","3679新至陞","110/08/02","永豐金證券",0,14,-14
"3519","3679新至陞","110/08/02","統一",21,11,10
"3520","3679新至陞","110/08/02","臺銀-臺南",2,14,-12
"3521","3679新至陞","110/08/02","玉山-台大",10,0,10
"3522","3679新至陞","110/08/02","摩根大通",20,32,-12
"3523","3679新至陞","110/08/02","台中銀",8,0,8
"3524","3679新至陞","110/08/02","富邦-嘉義",0,10,-10
"3525","3679新至陞","110/08/02","港商野村",8,2,6
"3526","3679新至陞","110/08/02","國票-北高雄",1,10,-9
"3527","3679新至陞","110/08/02","群益金鼎-丹鳳",6,0,6
"3528","3679新至陞","110/08/02","台新-台中",0,9,-9
"3529","3679新至陞","110/08/02","元大-高雄",6,0,6
"3530","3679新至陞","110/08/02","凱基-宜蘭",0,7,-7
"3531","3679新至陞","110/08/02","新加坡商瑞銀",5,0,5
"3532","3679新至陞","110/08/02","凱基-埔墘",0,7,-7
"3533","3679新至陞","110/08/02","台灣摩根士丹利",13,9,4
"3534","3679新至陞","110/08/02","永豐金-台中",0,7,-7
"3535","3679新至陞","110/08/02","第一金-華江",4,0,4
"3536","3679新至陞","110/08/02","永豐金-潮州",0,7,-7
"3537","3679新至陞","110/08/02","新光",11,7,4
"3538","3679新至陞","110/08/02","凱基-五股",0,6,-6
"3539","3679新至陞","110/08/02","國泰-館前",4,0,4
"3540","3679新至陞","110/08/02","富邦-建國",0,6,-6
"3541","2727王品","110/08/02","摩根大通",38,5,33
"3542","2727王品","110/08/02","台灣摩根士丹利",13,170,-157
"3543","2727王品","110/08/02","日盛-忠孝",33,3,30
"3544","2727王品","110/08/02","華南永昌",7,156,-149
"3545","2727王品","110/08/02","凱基-天母",30,0,30
"3546","2727王品","110/08/02","凱基-台北",37,57,-20
"3547","2727王品","110/08/02","花旗環球",17,0,17
"3548","2727王品","110/08/02","國票-北高雄",1,19,-18
"3549","2727王品","110/08/02","永豐金-竹科",20,5,15
"3550","2727王品","110/08/02","港商野村",39,54,-15
"3551","2727王品","110/08/02","彰銀-台中",16,2,14
"3552","2727王品","110/08/02","元大-四維",1,15,-14
"3553","2727王品","110/08/02","國票-內壢",14,0,14
"3554","2727王品","110/08/02","美林",12,25,-13
"3555","2727王品","110/08/02","新光-台中",17,3,14
"3556","2727王品","110/08/02","瑞士信貸",0,12,-12
"3557","2727王品","110/08/02","永豐金-南京",16,3,13
"3558","2727王品","110/08/02","元大-北成功",0,10,-10
"3559","2727王品","110/08/02","元大-樹林",13,1,12
"3560","2727王品","110/08/02","元大-崇德",0,8,-8
"3561","2727王品","110/08/02","國泰-板橋",17,7,10
"3562","2727王品","110/08/02","永豐金-內湖",3,10,-7
"3563","2727王品","110/08/02","凱基-埔墘",10,0,10
"3564","2727王品","110/08/02","大昌",5,11,-6
"3565","2727王品","110/08/02","元大-豐原",10,0,10
"3566","2727王品","110/08/02","華南永昌-斗六",2,8,-6
"3567","2727王品","110/08/02","元大-桃園",10,0,10
"3568","2727王品","110/08/02","國泰-台中",4,9,-5
"3569","2727王品","110/08/02","凱基-科園",9,0,9
"3570","2727王品","110/08/02","群益金鼎-土城",0,5,-5
"3571","1570力肯","110/08/02","群益金鼎-高雄",11,0,11
"3572","1570力肯","110/08/02","大慶",0,5,-5
"3573","1570力肯","110/08/02","臺銀-臺南",4,0,4
"3574","1570力肯","110/08/02","元大-板橋",0,4,-4
"3575","1570力肯","110/08/02","新光-台中",4,0,4
"3576","1570力肯","110/08/02","玉山證券",0,4,-4
"3577","1570力肯","110/08/02","(牛牛牛)亞-鑫豐",3,0,3
"3578","1570力肯","110/08/02","國泰-台南",0,3,-3
"3579","1570力肯","110/08/02","土銀-白河",2,0,2
"3580","1570力肯","110/08/02","元富-新店",0,3,-3
"3581","1570力肯","110/08/02","統一-松江",2,0,2
"3582","1570力肯","110/08/02","元富-永和",0,2,-2
"3583","1570力肯","110/08/02","中國信託-永康",1,0,1
"3584","1570力肯","110/08/02","凱基-台北",0,2,-2
"3585","1570力肯","110/08/02","凱基-信義",1,0,1
"3586","1570力肯","110/08/02","統一-城中",0,2,-2
"3587","1570力肯","110/08/02","凱基-幸福",1,0,1
"3588","1570力肯","110/08/02","新光",0,1,-1
"3589","1570力肯","110/08/02","元大-歸仁",1,0,1
"3590","1570力肯","110/08/02","凱基-岡山",0,1,-1
"3591","1570力肯","110/08/02","合庫-台中",0,0,0
"3592","1570力肯","110/08/02","富邦-台南",0,1,-1
"3593","1570力肯","110/08/02","康和-板橋",0,0,0
"3594","1570力肯","110/08/02","元大-新盛",0,1,-1
"3595","1570力肯","110/08/02","群益金鼎-鳳山",0,0,0
"3596","1570力肯","110/08/02","永豐金-嘉義",0,1,-1
"3597","1570力肯","110/08/02","元大-樹林",0,0,0
"3598","1570力肯","110/08/02","康和-板橋",0,0,0
"3599","1570力肯","110/08/02","",NA,NA,NA
"3600","1570力肯","110/08/02","合庫-台中",0,0,0
"3601","6180橘子","110/08/02","美商高盛",21,8,13
"3602","6180橘子","110/08/02","國票-嘉義",0,29,-29
"3603","6180橘子","110/08/02","統一-彰化",10,0,10
"3604","6180橘子","110/08/02","新加坡商瑞銀",0,21,-21
"3605","6180橘子","110/08/02","中國信託-高雄",10,0,10
"3606","6180橘子","110/08/02","凱基-台北",20,40,-20
"3607","6180橘子","110/08/02","兆豐-斗南",10,0,10
"3608","6180橘子","110/08/02","摩根大通",3,15,-12
"3609","6180橘子","110/08/02","兆豐-埔墘",10,0,10
"3610","6180橘子","110/08/02","第一金-桃園",0,10,-10
"3611","6180橘子","110/08/02","玉山證券",10,0,10
"3612","6180橘子","110/08/02","凱基-東港",0,10,-10
"3613","6180橘子","110/08/02","富邦-羅東",8,1,7
"3614","6180橘子","110/08/02","元大-桃園",0,10,-10
"3615","6180橘子","110/08/02","元大證券",7,0,7
"3616","6180橘子","110/08/02","元大-館前",0,9,-9
"3617","6180橘子","110/08/02","元大-復北",7,0,7
"3618","6180橘子","110/08/02","台灣摩根士丹利",3,10,-7
"3619","6180橘子","110/08/02","華南永昌-長虹",6,0,6
"3620","6180橘子","110/08/02","光和-花壇",0,5,-5
"3621","6180橘子","110/08/02","元富-文心",5,0,5
"3622","6180橘子","110/08/02","玉山-嘉義",0,5,-5
"3623","6180橘子","110/08/02","台新-新莊",5,0,5
"3624","6180橘子","110/08/02","凱基-松山",0,5,-5
"3625","6180橘子","110/08/02","康和-嘉義",5,0,5
"3626","6180橘子","110/08/02","永豐金-員林",0,4,-4
"3627","6180橘子","110/08/02","凱基-興隆",5,0,5
"3628","6180橘子","110/08/02","元富-大裕",0,3,-3
"3629","6180橘子","110/08/02","華南永昌-楠梓",5,0,5
"3630","6180橘子","110/08/02","富邦-板橋",0,3,-3
"3631","2390云辰","110/08/02","摩根大通",1945,913,1032
"3632","2390云辰","110/08/02","華南永昌-鳳山",154,448,-294
"3633","2390云辰","110/08/02","富邦-陽明",118,11,107
"3634","2390云辰","110/08/02","群益金鼎-三重",1,168,-167
"3635","2390云辰","110/08/02","兆豐-三民",153,62,91
"3636","2390云辰","110/08/02","統一-內湖",5,102,-97
"3637","2390云辰","110/08/02","光和-嘉義",83,4,79
"3638","2390云辰","110/08/02","台新證券",235,320,-85
"3639","2390云辰","110/08/02","華南永昌-新莊",78,4,74
"3640","2390云辰","110/08/02","統一-新台中",8,87,-79
"3641","2390云辰","110/08/02","統一-城中",182,111,71
"3642","2390云辰","110/08/02","美商高盛",10,88,-78
"3643","2390云辰","110/08/02","台灣摩根士丹利",153,85,68
"3644","2390云辰","110/08/02","元大-汐止",57,130,-73
"3645","2390云辰","110/08/02","凱基-和平",115,47,68
"3646","2390云辰","110/08/02","港商野村",580,638,-58
"3647","2390云辰","110/08/02","華南永昌-公誠",75,13,62
"3648","2390云辰","110/08/02","元富-板橋",5,61,-56
"3649","2390云辰","110/08/02","永豐金-竹科",71,9,62
"3650","2390云辰","110/08/02","新加坡商瑞銀",11,66,-55
"3651","2390云辰","110/08/02","新光",160,100,60
"3652","2390云辰","110/08/02","元大-豐原",6,56,-50
"3653","2390云辰","110/08/02","凱基-岡山",61,1,60
"3654","2390云辰","110/08/02","元大-土城",5,55,-50
"3655","2390云辰","110/08/02","美林",254,195,59
"3656","2390云辰","110/08/02","凱基-站前",1,49,-48
"3657","2390云辰","110/08/02","凱基-大里",76,22,54
"3658","2390云辰","110/08/02","元大-中壢",6,54,-48
"3659","2390云辰","110/08/02","元大-鳳中",60,8,52
"3660","2390云辰","110/08/02","日盛證券",48,95,-47
"3661","1471首利","110/07/29","宏遠-光隆",35,0,35
"3662","1471首利","110/07/29","摩根大通",24,132,-108
"3663","1471首利","110/07/29","玉山-桃園",33,3,30
"3664","1471首利","110/07/29","台灣企銀-太平",0,60,-60
"3665","1471首利","110/07/29","富邦-台南",30,0,30
"3666","1471首利","110/07/29","元大-斗六",0,40,-40
"3667","1471首利","110/07/29","臺灣企銀-桃園",25,0,25
"3668","1471首利","110/07/29","元大-歸仁",0,23,-23
"3669","1471首利","110/07/29","元富-草屯",15,0,15
"3670","1471首利","110/07/29","日盛-永康",0,20,-20
"3671","1471首利","110/07/29","新光-桃園",15,0,15
"3672","1471首利","110/07/29","台中銀-員林",0,20,-20
"3673","1471首利","110/07/29","元大-博愛",15,2,13
"3674","1471首利","110/07/29","凱基-東門",0,14,-14
"3675","1471首利","110/07/29","臺銀-鳳山",12,0,12
"3676","1471首利","110/07/29","元大-草屯",1,15,-14
"3677","1471首利","110/07/29","元富-新莊",11,0,11
"3678","1471首利","110/07/29","元大-新竹經國",0,13,-13
"3679","1471首利","110/07/29","兆豐-來福",11,0,11
"3680","1471首利","110/07/29","日盛-土城",0,10,-10
"3681","1471首利","110/07/29","統一-新營",10,0,10
"3682","1471首利","110/07/29","美林",0,10,-10
"3683","1471首利","110/07/29","光和-溪湖",10,0,10
"3684","1471首利","110/07/29","永興-水湳",0,10,-10
"3685","1471首利","110/07/29","台新-左楠",10,0,10
"3686","1471首利","110/07/29","玉山證券",0,10,-10
"3687","1471首利","110/07/29","群益金鼎-台中",10,0,10
"3688","1471首利","110/07/29","群益金鼎-海山",2,12,-10
"3689","1471首利","110/07/29","凱基-內埔",10,0,10
"3690","1471首利","110/07/29","凱基-羅東",0,10,-10
"3691","2883開發金","110/07/29","國泰證券",2782,3,2779
"3692","2883開發金","110/07/29","永豐金證券",223,3618,-3395
"3693","2883開發金","110/07/29","凱基-台北",2299,284,2015
"3694","2883開發金","110/07/29","摩根大通",411,2625,-2214
"3695","2883開發金","110/07/29","第一金",1539,7,1532
"3696","2883開發金","110/07/29","台灣企銀",5,1717,-1712
"3697","2883開發金","110/07/29","港商野村",1983,585,1398
"3698","2883開發金","110/07/29","新加坡商瑞銀",843,2324,-1481
"3699","2883開發金","110/07/29","元富",1805,427,1378
"3700","2883開發金","110/07/29","港商麥格理",0,1129,-1129
"3701","2883開發金","110/07/29","台灣摩根士丹利",1634,398,1236
"3702","2883開發金","110/07/29","元大-學甲",1,953,-952
"3703","2883開發金","110/07/29","花旗環球",932,0,932
"3704","2883開發金","110/07/29","國票-博愛",100,1025,-925
"3705","2883開發金","110/07/29","凱基-敦北",590,5,585
"3706","2883開發金","110/07/29","國泰-館前",220,944,-724
"3707","2883開發金","110/07/29","國票-長城",506,4,502
"3708","2883開發金","110/07/29","兆豐-高雄",33,650,-617
"3709","2883開發金","110/07/29","港商法國興業",506,18,488
"3710","2883開發金","110/07/29","元富-緯城",1,513,-512
"3711","2883開發金","110/07/29","台新證券",753,287,466
"3712","2883開發金","110/07/29","美林",232,698,-466
"3713","2883開發金","110/07/29","元大-鳳中",495,71,424
"3714","2883開發金","110/07/29","元富-城中",50,513,-463
"3715","2883開發金","110/07/29","日茂",374,3,371
"3716","2883開發金","110/07/29","致和-崇德",0,404,-404
"3717","2883開發金","110/07/29","大和國泰",368,0,368
"3718","2883開發金","110/07/29","永豐金-板橋",123,506,-383
"3719","2883開發金","110/07/29","新光",603,243,360
"3720","2883開發金","110/07/29","中國信託-忠孝",100,423,-323
"3721","6205詮欣","110/07/29","臺銀-鳳山",31,0,31
"3722","6205詮欣","110/07/29","永豐金-敦南",0,53,-53
"3723","6205詮欣","110/07/29","摩根大通",16,2,14
"3724","6205詮欣","110/07/29","元大-土城學府",2,16,-14
"3725","6205詮欣","110/07/29","臺銀",10,0,10
"3726","6205詮欣","110/07/29","元富-潮州",0,11,-11
"3727","6205詮欣","110/07/29","日盛證券",10,0,10
"3728","6205詮欣","110/07/29","元大-清水",0,10,-10
"3729","6205詮欣","110/07/29","兆豐-新莊",10,0,10
"3730","6205詮欣","110/07/29","日盛-三重",0,7,-7
"3731","6205詮欣","110/07/29","元大-南屯",10,0,10
"3732","6205詮欣","110/07/29","日盛-屏東",0,6,-6
"3733","6205詮欣","110/07/29","富邦-建國",4,0,4
"3734","6205詮欣","110/07/29","華南永昌-公誠",0,5,-5
"3735","6205詮欣","110/07/29","富邦-南屯",4,0,4
"3736","6205詮欣","110/07/29","元大-南京",0,5,-5
"3737","6205詮欣","110/07/29","臺銀-臺中",3,0,3
"3738","6205詮欣","110/07/29","瑞士信貸",0,4,-4
"3739","6205詮欣","110/07/29","日盛-和美",3,0,3
"3740","6205詮欣","110/07/29","凱基-大安",0,4,-4
"3741","6205詮欣","110/07/29","德信-新營",3,0,3
"3742","6205詮欣","110/07/29","元大-大里德芳",0,4,-4
"3743","6205詮欣","110/07/29","兆豐-景美",3,0,3
"3744","6205詮欣","110/07/29","合庫-基隆",0,2,-2
"3745","6205詮欣","110/07/29","國票",3,0,3
"3746","6205詮欣","110/07/29","中國信託-永康",0,2,-2
"3747","6205詮欣","110/07/29","國票-南崁",3,0,3
"3748","6205詮欣","110/07/29","兆豐-小港",0,2,-2
"3749","6205詮欣","110/07/29","元大-蘆洲",3,0,3
"3750","6205詮欣","110/07/29","康和-台中",0,2,-2
"3751","1540喬福","110/07/29","高橋-龍潭",10,0,10
"3752","1540喬福","110/07/29","統一-新台中",0,19,-19
"3753","1540喬福","110/07/29","富邦-南屯",10,0,10
"3754","1540喬福","110/07/29","元富-大昌",0,10,-10
"3755","1540喬福","110/07/29","元大-斗六",5,0,5
"3756","1540喬福","110/07/29","大昌-新店",0,6,-6
"3757","1540喬福","110/07/29","兆豐-北高雄",3,0,3
"3758","1540喬福","110/07/29","凱基-台北",0,3,-3
"3759","1540喬福","110/07/29","元大-大安",3,0,3
"3760","1540喬福","110/07/29","台新-台中",0,2,-2
"3761","1540喬福","110/07/29","永豐金-台中",3,0,3
"3762","1540喬福","110/07/29","群益金鼎-嘉義",0,2,-2
"3763","1540喬福","110/07/29","臺銀-金山",2,0,2
"3764","1540喬福","110/07/29","凱基-天母",0,2,-2
"3765","1540喬福","110/07/29","日盛-士林",2,0,2
"3766","1540喬福","110/07/29","花旗環球",0,1,-1
"3767","1540喬福","110/07/29","元大-土城學府",2,0,2
"3768","1540喬福","110/07/29","第一金-大稻埕",0,1,-1
"3769","1540喬福","110/07/29","元大-南京",2,0,2
"3770","1540喬福","110/07/29","統一-嘉義",0,1,-1
"3771","1540喬福","110/07/29","臺銀-臺南",1,0,1
"3772","1540喬福","110/07/29","元富-中港",0,1,-1
"3773","1540喬福","110/07/29","第一金-台南",1,0,1
"3774","1540喬福","110/07/29","(牛牛牛)亞-網路",0,1,-1
"3775","1540喬福","110/07/29","台中銀-豐原",1,0,1
"3776","1540喬福","110/07/29","玉山-高雄",0,1,-1
"3777","1540喬福","110/07/29","中國信託-高雄",1,0,1
"3778","1540喬福","110/07/29","群益金鼎-台南",0,1,-1
"3779","1540喬福","110/07/29","兆豐-台中港",1,0,1
"3780","1540喬福","110/07/29","凱基-鳳山",0,1,-1
"3781","2888新光金","110/07/29","美商高盛",6409,110,6299
"3782","2888新光金","110/07/29","元大-忠孝鼎富",0,6714,-6714
"3783","2888新光金","110/07/29","台灣摩根士丹利",4583,443,4140
"3784","2888新光金","110/07/29","凱基-台北",5855,11898,-6043
"3785","2888新光金","110/07/29","元富-草屯",2193,2,2191
"3786","2888新光金","110/07/29","瑞士信貸",161,6090,-5929
"3787","2888新光金","110/07/29","華南永昌-南京",2059,21,2038
"3788","2888新光金","110/07/29","永豐金-萬盛",124,3599,-3475
"3789","2888新光金","110/07/29","凱基-市政",1558,0,1558
"3790","2888新光金","110/07/29","群益金鼎-大安",2,3306,-3304
"3791","2888新光金","110/07/29","法銀巴黎",1234,0,1234
"3792","2888新光金","110/07/29","凱基-復興",15,3015,-3000
"3793","2888新光金","110/07/29","永豐金-台中",1166,49,1117
"3794","2888新光金","110/07/29","新加坡商瑞銀",1429,4265,-2836
"3795","2888新光金","110/07/29","群益金鼎-崇德",1083,10,1073
"3796","2888新光金","110/07/29","凱基-大安",10,2564,-2554
"3797","2888新光金","110/07/29","兆豐-竹北",1002,29,973
"3798","2888新光金","110/07/29","中國信託",46,2012,-1966
"3799","2888新光金","110/07/29","美林",1767,804,963
"3800","2888新光金","110/07/29","群益金鼎-台北",10,1875,-1865
"3801","2888新光金","110/07/29","元大-三重",882,0,882
"3802","2888新光金","110/07/29","元富-城東",142,1856,-1714
"3803","2888新光金","110/07/29","元大-豐原站前",983,114,869
"3804","2888新光金","110/07/29","華南永昌-忠孝",10,1600,-1590
"3805","2888新光金","110/07/29","元大-北港",868,5,863
"3806","2888新光金","110/07/29","永豐金-信義",10,1497,-1487
"3807","2888新光金","110/07/29","合庫-台中",891,54,837
"3808","2888新光金","110/07/29","富邦-建國",350,1736,-1386
"3809","2888新光金","110/07/29","統一-汐止",725,14,711
"3810","2888新光金","110/07/29","富邦-新營",60,1402,-1342
"3811","1340勝悅","110/07/29","新光-新竹",18,0,18
"3812","1340勝悅","110/07/29","瑞士信貸",0,8,-8
"3813","1340勝悅","110/07/29","華南永昌-彰化",5,0,5
"3814","1340勝悅","110/07/29","台新證券",0,7,-7
"3815","1340勝悅","110/07/29","元大-六合",5,0,5
"3816","1340勝悅","110/07/29","元富-緯城",0,5,-5
"3817","1340勝悅","110/07/29","第一金-自由",4,0,4
"3818","1340勝悅","110/07/29","兆豐-南京",0,5,-5
"3819","1340勝悅","110/07/29","新光",4,0,4
"3820","1340勝悅","110/07/29","富邦-南屯",0,5,-5
"3821","1340勝悅","110/07/29","美商高盛",3,0,3
"3822","1340勝悅","110/07/29","元富-安南",0,4,-4
"3823","1340勝悅","110/07/29","元富-彰化",3,0,3
"3824","1340勝悅","110/07/29","兆豐-三民",0,4,-4
"3825","1340勝悅","110/07/29","大昌",2,0,2
"3826","1340勝悅","110/07/29","兆豐-松德",0,4,-4
"3827","1340勝悅","110/07/29","兆豐-大安",2,0,2
"3828","1340勝悅","110/07/29","國票-台中",0,4,-4
"3829","1340勝悅","110/07/29","摩根大通",2,0,2
"3830","1340勝悅","110/07/29","第一金-路竹",0,3,-3
"3831","1340勝悅","110/07/29","新光-台中",2,0,2
"3832","1340勝悅","110/07/29","統一-城中",2,4,-2
"3833","1340勝悅","110/07/29","凱基-八德",2,0,2
"3834","1340勝悅","110/07/29","元富-同大",0,2,-2
"3835","1340勝悅","110/07/29","合庫-高雄",1,0,1
"3836","1340勝悅","110/07/29","台新-高雄",0,2,-2
"3837","1340勝悅","110/07/29","日進",1,0,1
"3838","1340勝悅","110/07/29","凱基-北門",0,2,-2
"3839","1340勝悅","110/07/29","新光-台南",1,0,1
"3840","1340勝悅","110/07/29","元大-汐止",0,2,-2
"3841","6246臺龍","110/07/29","港商野村",38,1,37
"3842","6246臺龍","110/07/29","玉山-台南",0,27,-27
"3843","6246臺龍","110/07/29","凱基-幸福",25,0,25
"3844","6246臺龍","110/07/29","國泰-忠孝",0,25,-25
"3845","6246臺龍","110/07/29","亞東-板橋",16,0,16
"3846","6246臺龍","110/07/29","光和",0,21,-21
"3847","6246臺龍","110/07/29","元大-台中",10,0,10
"3848","6246臺龍","110/07/29","第一金-安和",0,20,-20
"3849","6246臺龍","110/07/29","兆豐-松德",9,0,9
"3850","6246臺龍","110/07/29","兆豐-竹北",5,25,-20
"3851","6246臺龍","110/07/29","兆豐-公益",8,0,8
"3852","6246臺龍","110/07/29","元大-大里",0,20,-20
"3853","6246臺龍","110/07/29","華南永昌",7,0,7
"3854","6246臺龍","110/07/29","台新-台南",0,15,-15
"3855","6246臺龍","110/07/29","日盛-斗六",6,0,6
"3856","6246臺龍","110/07/29","永豐金-羅東",2,15,-13
"3857","6246臺龍","110/07/29","元富-中港",6,0,6
"3858","6246臺龍","110/07/29","元大-博愛",1,10,-9
"3859","6246臺龍","110/07/29","台新證券",8,2,6
"3860","6246臺龍","110/07/29","宏遠-台中",0,5,-5
"3861","6246臺龍","110/07/29","臺銀-臺中",5,0,5
"3862","6246臺龍","110/07/29","台新-左楠",0,5,-5
"3863","6246臺龍","110/07/29","元富-宜蘭",5,0,5
"3864","6246臺龍","110/07/29","中農",0,5,-5
"3865","6246臺龍","110/07/29","德信-新營",5,0,5
"3866","6246臺龍","110/07/29","群益金鼎-竹南",0,5,-5
"3867","6246臺龍","110/07/29","新光-新竹",5,0,5
"3868","6246臺龍","110/07/29","凱基-科園",0,5,-5
"3869","6246臺龍","110/07/29","國泰-敦南",10,5,5
"3870","6246臺龍","110/07/29","日盛-宜蘭",1,5,-4
"3871","00715L期街口布蘭特正2","110/07/29","永豐金證券",2129,2,2127
"3872","00715L期街口布蘭特正2","110/07/29","國票-博愛",55,702,-647
"3873","00715L期街口布蘭特正2","110/07/29","元大證券",1918,115,1803
"3874","00715L期街口布蘭特正2","110/07/29","富邦-彰化",0,605,-605
"3875","00715L期街口布蘭特正2","110/07/29","統一",1050,313,737
"3876","00715L期街口布蘭特正2","110/07/29","元大-前金",0,440,-440
"3877","00715L期街口布蘭特正2","110/07/29","港商野村",821,263,558
"3878","00715L期街口布蘭特正2","110/07/29","群益金鼎-崇德",0,340,-340
"3879","00715L期街口布蘭特正2","110/07/29","永豐金-內湖",500,0,500
"3880","00715L期街口布蘭特正2","110/07/29","元富-板橋",7,330,-323
"3881","00715L期街口布蘭特正2","110/07/29","元富-大裕",505,23,482
"3882","00715L期街口布蘭特正2","110/07/29","元大-三重",3,200,-197
"3883","00715L期街口布蘭特正2","110/07/29","國票-台中",276,0,276
"3884","00715L期街口布蘭特正2","110/07/29","凱基-東勢",5,194,-189
"3885","00715L期街口布蘭特正2","110/07/29","統一-高雄",300,118,182
"3886","00715L期街口布蘭特正2","110/07/29","富邦-台北",0,181,-181
"3887","00715L期街口布蘭特正2","110/07/29","群益金鼎-瑞豐",180,0,180
"3888","00715L期街口布蘭特正2","110/07/29","大慶-中和",0,174,-174
"3889","00715L期街口布蘭特正2","110/07/29","元大-南崁",128,0,128
"3890","00715L期街口布蘭特正2","110/07/29","永豐金-萬盛",0,153,-153
"3891","00715L期街口布蘭特正2","110/07/29","大慶-蘆洲",106,0,106
"3892","00715L期街口布蘭特正2","110/07/29","元大-開元",0,151,-151
"3893","00715L期街口布蘭特正2","110/07/29","統一-中壢",100,0,100
"3894","00715L期街口布蘭特正2","110/07/29","日盛-新竹",0,126,-126
"3895","00715L期街口布蘭特正2","110/07/29","第一金-自由",100,2,98
"3896","00715L期街口布蘭特正2","110/07/29","凱基-豐中",0,123,-123
"3897","00715L期街口布蘭特正2","110/07/29","華南永昌-內壢",100,2,98
"3898","00715L期街口布蘭特正2","110/07/29","元大-東泰",0,122,-122
"3899","00715L期街口布蘭特正2","110/07/29","永豐金-板橋",98,0,98
"3900","00715L期街口布蘭特正2","110/07/29","台新-高雄",0,121,-121
"3901","8941關中","110/07/29","富邦-仁愛",1,0,1
"3902","8941關中","110/07/29","富邦-員林",0,1,-1
"3903","8941關中","110/07/29","康和-板橋",0,0,0
"3904","8941關中","110/07/29","康和-板橋",0,0,0
"3905","8941關中","110/07/29","玉山證券",0,0,0
"3906","8941關中","110/07/29","玉山證券",0,0,0
"3907","8941關中","110/07/29","玉山-數位",0,0,0
"3908","8941關中","110/07/29","玉山-數位",0,0,0
"3909","8941關中","110/07/29","凱基-市府",0,0,0
"3910","8941關中","110/07/29","凱基-市府",0,0,0
"3911","8941關中","110/07/29","元大-鶯歌",0,0,0
"3912","8941關中","110/07/29","元大-鶯歌",0,0,0
"3913","8941關中","110/07/29","元大-花蓮",0,0,0
"3914","8941關中","110/07/29","元大-花蓮",0,0,0
"3915","8941關中","110/07/29","",NA,NA,NA
"3916","8941關中","110/07/29","",NA,NA,NA
"3917","8941關中","110/07/29","",NA,NA,NA
"3918","8941關中","110/07/29","",NA,NA,NA
"3919","8941關中","110/07/29","",NA,NA,NA
"3920","8941關中","110/07/29","",NA,NA,NA
"3921","8941關中","110/07/29","",NA,NA,NA
"3922","8941關中","110/07/29","",NA,NA,NA
"3923","8941關中","110/07/29","",NA,NA,NA
"3924","8941關中","110/07/29","",NA,NA,NA
"3925","8941關中","110/07/29","",NA,NA,NA
"3926","8941關中","110/07/29","",NA,NA,NA
"3927","8941關中","110/07/29","",NA,NA,NA
"3928","8941關中","110/07/29","",NA,NA,NA
"3929","8941關中","110/07/29","",NA,NA,NA
"3930","8941關中","110/07/29","",NA,NA,NA
"3931","8936國統","110/07/29","新加坡商瑞銀",89,19,70
"3932","8936國統","110/07/29","日盛-忠孝",11,135,-124
"3933","8936國統","110/07/29","瑞士信貸",55,3,52
"3934","8936國統","110/07/29","元富-敦南",0,80,-80
"3935","8936國統","110/07/29","凱基-台北",48,3,45
"3936","8936國統","110/07/29","康和",0,20,-20
"3937","8936國統","110/07/29","摩根大通",97,60,37
"3938","8936國統","110/07/29","元大-竹科",0,20,-20
"3939","8936國統","110/07/29","美林",27,2,25
"3940","8936國統","110/07/29","永豐金-桃園",0,19,-19
"3941","8936國統","110/07/29","凱基-三多",25,0,25
"3942","8936國統","110/07/29","群益金鼎-高盛",0,14,-14
"3943","8936國統","110/07/29","凱基-北門",27,2,25
"3944","8936國統","110/07/29","元富-安南",2,15,-13
"3945","8936國統","110/07/29","兆豐-桃鶯",30,10,20
"3946","8936國統","110/07/29","富邦-內湖",2,15,-13
"3947","8936國統","110/07/29","永豐金-台中",20,0,20
"3948","8936國統","110/07/29","元大-復北",0,11,-11
"3949","8936國統","110/07/29","台灣摩根士丹利",30,12,18
"3950","8936國統","110/07/29","合庫-鳳山",0,10,-10
"3951","8936國統","110/07/29","兆豐-大同",15,0,15
"3952","8936國統","110/07/29","元富-潮州",0,10,-10
"3953","8936國統","110/07/29","新光-台中",39,24,15
"3954","8936國統","110/07/29","群益金鼎-台北",0,10,-10
"3955","8936國統","110/07/29","兆豐-新營",10,0,10
"3956","8936國統","110/07/29","凱基-高雄",20,30,-10
"3957","8936國統","110/07/29","台新-高雄",10,0,10
"3958","8936國統","110/07/29","富邦-桃園",0,10,-10
"3959","8936國統","110/07/29","玉山-士林",10,0,10
"3960","8936國統","110/07/29","新光",1,10,-9
"3961","6226光鼎","110/07/29","台新-台中",396,46,350
"3962","6226光鼎","110/07/29","群益金鼎-東大",11,309,-298
"3963","6226光鼎","110/07/29","元富-永和",242,0,242
"3964","6226光鼎","110/07/29","日盛證券",2,176,-174
"3965","6226光鼎","110/07/29","永豐金-古亭",200,0,200
"3966","6226光鼎","110/07/29","國泰-敦南",90,197,-107
"3967","6226光鼎","110/07/29","華南永昌",216,46,170
"3968","6226光鼎","110/07/29","元大-雙和",16,111,-95
"3969","6226光鼎","110/07/29","國票-北高雄",188,36,152
"3970","6226光鼎","110/07/29","元大-大統",2,94,-92
"3971","6226光鼎","110/07/29","國票-台南",120,4,116
"3972","6226光鼎","110/07/29","元大-板橋",5,78,-73
"3973","6226光鼎","110/07/29","永豐金證券",101,3,98
"3974","6226光鼎","110/07/29","群益金鼎-萬華",46,111,-65
"3975","6226光鼎","110/07/29","富邦-建國",125,28,97
"3976","6226光鼎","110/07/29","華南永昌-竹北",1,60,-59
"3977","6226光鼎","110/07/29","群益金鼎-土城",94,9,85
"3978","6226光鼎","110/07/29","玉山證券",28,86,-58
"3979","6226光鼎","110/07/29","元富-四維",82,4,78
"3980","6226光鼎","110/07/29","元大-土城學府",13,68,-55
"3981","6226光鼎","110/07/29","元大-鳳中",69,15,54
"3982","6226光鼎","110/07/29","元大-豐原",5,59,-54
"3983","6226光鼎","110/07/29","台新-新莊",54,1,53
"3984","6226光鼎","110/07/29","統一",56,107,-51
"3985","6226光鼎","110/07/29","中國信託-新竹",63,13,50
"3986","6226光鼎","110/07/29","統一-內湖",0,48,-48
"3987","6226光鼎","110/07/29","群益金鼎-士林",50,0,50
"3988","6226光鼎","110/07/29","元大-東港",2,50,-48
"3989","6226光鼎","110/07/29","台新-高雄",125,80,45
"3990","6226光鼎","110/07/29","元大-太平",1,46,-45
"3991","2363矽統","110/07/29","凱基-台北",2235,1238,997
"3992","2363矽統","110/07/29","康和-台中",10,437,-427
"3993","2363矽統","110/07/29","摩根大通",1784,793,991
"3994","2363矽統","110/07/29","第一金-新興",11,310,-299
"3995","2363矽統","110/07/29","港商野村",1833,1300,533
"3996","2363矽統","110/07/29","瑞士信貸",9,190,-181
"3997","2363矽統","110/07/29","美林",652,288,364
"3998","2363矽統","110/07/29","台新證券",659,808,-149
"3999","2363矽統","110/07/29","元大-台中",376,38,338
"4000","2363矽統","110/07/29","元大-萬華",42,189,-147
"4001","2363矽統","110/07/29","新加坡商瑞銀",748,474,274
"4002","2363矽統","110/07/29","台新-左楠",26,171,-145
"4003","2363矽統","110/07/29","國泰-敦南",566,333,233
"4004","2363矽統","110/07/29","華南永昌-鳳山",116,241,-125
"4005","2363矽統","110/07/29","元大-旗山",299,66,233
"4006","2363矽統","110/07/29","永全-南崁",0,117,-117
"4007","2363矽統","110/07/29","美商高盛",600,433,167
"4008","2363矽統","110/07/29","群益金鼎-桃園",25,131,-106
"4009","2363矽統","110/07/29","元大-永和",146,12,134
"4010","2363矽統","110/07/29","宏遠-新化",3,103,-100
"4011","2363矽統","110/07/29","元大證券",137,9,128
"4012","2363矽統","110/07/29","新光",331,429,-98
"4013","2363矽統","110/07/29","永豐金-彰化",135,10,125
"4014","2363矽統","110/07/29","中國信託-忠孝",101,188,-87
"4015","2363矽統","110/07/29","北城證券",139,19,120
"4016","2363矽統","110/07/29","群益金鼎-建成",11,95,-84
"4017","2363矽統","110/07/29","富邦-高雄",153,34,119
"4018","2363矽統","110/07/29","群益金鼎-三民",23,105,-82
"4019","2363矽統","110/07/29","元大-蘆洲",120,19,101
"4020","2363矽統","110/07/29","元大-豐原",104,186,-82
"4021","8112至上","110/07/29","合庫證券",194,1,193
"4022","8112至上","110/07/29","摩根大通",4,424,-420
"4023","8112至上","110/07/29","美商高盛",154,5,149
"4024","8112至上","110/07/29","日盛-高雄",2,400,-398
"4025","8112至上","110/07/29","永豐金證券",144,0,144
"4026","8112至上","110/07/29","港商法國興業",0,374,-374
"4027","8112至上","110/07/29","新光-台中",123,12,111
"4028","8112至上","110/07/29","凱基-台北",50,312,-262
"4029","8112至上","110/07/29","新加坡商瑞銀",189,83,106
"4030","8112至上","110/07/29","美林",69,232,-163
"4031","8112至上","110/07/29","華南永昌-新莊",73,0,73
"4032","8112至上","110/07/29","兆豐-公益",0,120,-120
"4033","8112至上","110/07/29","新光",108,49,59
"4034","8112至上","110/07/29","瑞士信貸",1,109,-108
"4035","8112至上","110/07/29","元富-文心",45,3,42
"4036","8112至上","110/07/29","華南永昌-小港",4,30,-26
"4037","8112至上","110/07/29","華南永昌-林口",41,0,41
"4038","8112至上","110/07/29","富邦-中壢",1,24,-23
"4039","8112至上","110/07/29","港商野村",146,112,34
"4040","8112至上","110/07/29","元大-歸仁",2,24,-22
"4041","8112至上","110/07/29","臺銀-高雄",30,0,30
"4042","8112至上","110/07/29","華南永昌-麻豆",0,21,-21
"4043","8112至上","110/07/29","元富-佳里",30,0,30
"4044","8112至上","110/07/29","台新-松江",0,20,-20
"4045","8112至上","110/07/29","永豐金-內湖",30,1,29
"4046","8112至上","110/07/29","元大-新莊",1,20,-19
"4047","8112至上","110/07/29","台新-新營",31,3,28
"4048","8112至上","110/07/29","華南永昌-岡山",1,19,-18
"4049","8112至上","110/07/29","永豐金-彰化",27,0,27
"4050","8112至上","110/07/29","元大-崇德",3,20,-17
"4051","1570力肯","110/07/29","群益金鼎-高雄",20,0,20
"4052","1570力肯","110/07/29","聯邦-興中",0,17,-17
"4053","1570力肯","110/07/29","群益金鼎-板橋",16,0,16
"4054","1570力肯","110/07/29","富邦-建國",0,10,-10
"4055","1570力肯","110/07/29","統一-敦南",5,0,5
"4056","1570力肯","110/07/29","凱基-站前",0,5,-5
"4057","1570力肯","110/07/29","元富-松德",4,0,4
"4058","1570力肯","110/07/29","國泰-板橋",0,4,-4
"4059","1570力肯","110/07/29","元大-和平",4,0,4
"4060","1570力肯","110/07/29","統一-土城",0,3,-3
"4061","1570力肯","110/07/29","凱基-幸福",3,0,3
"4062","1570力肯","110/07/29","凱基-大里",0,3,-3
"4063","1570力肯","110/07/29","華南永昌-鳳山",3,0,3
"4064","1570力肯","110/07/29","凱基-台北",0,3,-3
"4065","1570力肯","110/07/29","元大-北港",4,2,2
"4066","1570力肯","110/07/29","元大-屏東民生",0,3,-3
"4067","1570力肯","110/07/29","美林",1,0,1
"4068","1570力肯","110/07/29","元富-緯城",0,2,-2
"4069","1570力肯","110/07/29","國泰-台南",1,0,1
"4070","1570力肯","110/07/29","台新-高雄",0,2,-2
"4071","1570力肯","110/07/29","元大-歸仁",1,0,1
"4072","1570力肯","110/07/29","華南永昌-楠梓",0,2,-2
"4073","1570力肯","110/07/29","元大-松山",1,0,1
"4074","1570力肯","110/07/29","元大-北成功",0,2,-2
"4075","1570力肯","110/07/29","元大-文心興安",1,0,1
"4076","1570力肯","110/07/29","元大-板橋",0,2,-2
"4077","1570力肯","110/07/29","元大-東蘆",1,0,1
"4078","1570力肯","110/07/29","統一-台南",0,1,-1
"4079","1570力肯","110/07/29","群益金鼎-鳳山",0,0,0
"4080","1570力肯","110/07/29","台新證券",0,1,-1
"4081","2929淘帝","110/07/29","新光-新竹",118,13,105
"4082","2929淘帝","110/07/29","元富-敦南",0,91,-91
"4083","2929淘帝","110/07/29","新加坡商瑞銀",56,0,56
"4084","2929淘帝","110/07/29","日盛-板橋中山",0,38,-38
"4085","2929淘帝","110/07/29","凱基-台北",39,4,35
"4086","2929淘帝","110/07/29","群益金鼎-士林",0,20,-20
"4087","2929淘帝","110/07/29","元大-民生",29,0,29
"4088","2929淘帝","110/07/29","華南永昌-敦南",0,20,-20
"4089","2929淘帝","110/07/29","美林",37,9,28
"4090","2929淘帝","110/07/29","高橋-龍潭",3,20,-17
"4091","2929淘帝","110/07/29","元大-承德",15,0,15
"4092","2929淘帝","110/07/29","凱基-中山",4,19,-15
"4093","2929淘帝","110/07/29","第一金-台南",10,0,10
"4094","2929淘帝","110/07/29","富邦-台北",0,15,-15
"4095","2929淘帝","110/07/29","富邦-桃園",9,0,9
"4096","2929淘帝","110/07/29","元富-台中",0,14,-14
"4097","2929淘帝","110/07/29","港商野村",17,10,7
"4098","2929淘帝","110/07/29","台新-建北",0,13,-13
"4099","2929淘帝","110/07/29","台中銀-豐原",6,0,6
"4100","2929淘帝","110/07/29","永豐金-敦南",0,12,-12
"4101","2929淘帝","110/07/29","元大-文心興安",6,0,6
"4102","2929淘帝","110/07/29","新光-台南",0,11,-11
"4103","2929淘帝","110/07/29","德信-新營",5,0,5
"4104","2929淘帝","110/07/29","宏遠-光隆",0,10,-10
"4105","2929淘帝","110/07/29","元大-博愛",5,0,5
"4106","2929淘帝","110/07/29","元大-嘉義",0,6,-6
"4107","2929淘帝","110/07/29","元大-員林",5,0,5
"4108","2929淘帝","110/07/29","日茂-南投",0,5,-5
"4109","2929淘帝","110/07/29","富邦-中壢",4,0,4
"4110","2929淘帝","110/07/29","新光",0,5,-5
"4111","5410國眾","110/07/29","兆豐-城中",32,0,32
"4112","5410國眾","110/07/29","第一金-台南",0,51,-51
"4113","5410國眾","110/07/29","新加坡商瑞銀",19,0,19
"4114","5410國眾","110/07/29","元富-大昌",0,13,-13
"4115","5410國眾","110/07/29","華南永昌-新莊",16,0,16
"4116","5410國眾","110/07/29","臺銀-臺南",0,12,-12
"4117","5410國眾","110/07/29","元大-小港",11,0,11
"4118","5410國眾","110/07/29","日盛-木柵",0,10,-10
"4119","5410國眾","110/07/29","臺銀",10,0,10
"4120","5410國眾","110/07/29","元富-安南",0,10,-10
"4121","5410國眾","110/07/29","臺銀-臺中",10,0,10
"4122","5410國眾","110/07/29","新光",4,13,-9
"4123","5410國眾","110/07/29","宏遠-館前",10,0,10
"4124","5410國眾","110/07/29","永豐金-屏東",0,5,-5
"4125","5410國眾","110/07/29","台新-中壢",10,0,10
"4126","5410國眾","110/07/29","永豐金-苓雅",0,5,-5
"4127","5410國眾","110/07/29","摩根大通",10,1,9
"4128","5410國眾","110/07/29","國票-台南",0,4,-4
"4129","5410國眾","110/07/29","元大-北投",9,0,9
"4130","5410國眾","110/07/29","永豐金-埔里",0,4,-4
"4131","5410國眾","110/07/29","台新證券",7,1,6
"4132","5410國眾","110/07/29","光和",0,3,-3
"4133","5410國眾","110/07/29","元富-新竹",5,0,5
"4134","5410國眾","110/07/29","凱基-汐止",0,3,-3
"4135","5410國眾","110/07/29","凱基-竹北",5,0,5
"4136","5410國眾","110/07/29","元大-善化",0,3,-3
"4137","5410國眾","110/07/29","永豐金-敦南",5,1,4
"4138","5410國眾","110/07/29","元大-員林",0,3,-3
"4139","5410國眾","110/07/29","美林",4,1,3
"4140","5410國眾","110/07/29","永豐金-台南",0,3,-3
"4141","2841台開","110/07/29","兆豐-台南",237,0,237
"4142","2841台開","110/07/29","元大-四維",0,184,-184
"4143","2841台開","110/07/29","永豐金-敦南",60,10,50
"4144","2841台開","110/07/29","玉山-新竹",0,145,-145
"4145","2841台開","110/07/29","永豐金-板新",50,0,50
"4146","2841台開","110/07/29","港商野村",0,124,-124
"4147","2841台開","110/07/29","華南永昌-南京",45,2,43
"4148","2841台開","110/07/29","永豐金-台南",0,32,-32
"4149","2841台開","110/07/29","群益金鼎-崇德",23,0,23
"4150","2841台開","110/07/29","華南永昌-公誠",0,23,-23
"4151","2841台開","110/07/29","日盛-園區",20,0,20
"4152","2841台開","110/07/29","元大-善化",0,22,-22
"4153","2841台開","110/07/29","台新-台中",20,0,20
"4154","2841台開","110/07/29","元大-豐原",0,20,-20
"4155","2841台開","110/07/29","華南永昌-新莊",20,0,20
"4156","2841台開","110/07/29","凱基-台北",0,15,-15
"4157","2841台開","110/07/29","富邦-仁愛",20,0,20
"4158","2841台開","110/07/29","富邦-台北",0,15,-15
"4159","2841台開","110/07/29","新光",15,0,15
"4160","2841台開","110/07/29","臺銀",0,10,-10
"4161","2841台開","110/07/29","華南永昌-台中",15,0,15
"4162","2841台開","110/07/29","元富-三重",0,10,-10
"4163","2841台開","110/07/29","凱基-彰化",13,0,13
"4164","2841台開","110/07/29","元大-林森",0,10,-10
"4165","2841台開","110/07/29","兆豐-台中",10,0,10
"4166","2841台開","110/07/29","光和-花壇",0,9,-9
"4167","2841台開","110/07/29","永豐金-松山",10,0,10
"4168","2841台開","110/07/29","國泰-桃園",1,10,-9
"4169","2841台開","110/07/29","國泰-館前",9,0,9
"4170","2841台開","110/07/29","玉山-嘉義",0,8,-8
"4171","6207雷科","110/07/29","永豐金-古亭",100,0,100
"4172","6207雷科","110/07/29","摩根大通",59,151,-92
"4173","6207雷科","110/07/29","國泰-館前",52,6,46
"4174","6207雷科","110/07/29","凱基-高雄",0,82,-82
"4175","6207雷科","110/07/29","新加坡商瑞銀",41,12,29
"4176","6207雷科","110/07/29","元大-松江",0,25,-25
"4177","6207雷科","110/07/29","大慶-蘆洲",29,6,23
"4178","6207雷科","110/07/29","元大-雙和",2,25,-23
"4179","6207雷科","110/07/29","永豐金-羅東",21,0,21
"4180","6207雷科","110/07/29","港商野村",16,36,-20
"4181","6207雷科","110/07/29","統一-南京",16,0,16
"4182","6207雷科","110/07/29","盈溢-楠梓",0,20,-20
"4183","6207雷科","110/07/29","凱基-台北",45,29,16
"4184","6207雷科","110/07/29","統一",2,20,-18
"4185","6207雷科","110/07/29","富邦-敦南",16,0,16
"4186","6207雷科","110/07/29","日盛-新竹",1,16,-15
"4187","6207雷科","110/07/29","統一-高雄",15,0,15
"4188","6207雷科","110/07/29","康和-台中",0,15,-15
"4189","6207雷科","110/07/29","台新-中壢",11,0,11
"4190","6207雷科","110/07/29","凱基-竹科",0,13,-13
"4191","6207雷科","110/07/29","台灣企銀-竹北",10,0,10
"4192","6207雷科","110/07/29","元大-鳳中",0,12,-12
"4193","6207雷科","110/07/29","宏遠證券",10,0,10
"4194","6207雷科","110/07/29","元大-土城",0,12,-12
"4195","6207雷科","110/07/29","中國信託-忠孝",10,0,10
"4196","6207雷科","110/07/29","華南永昌-高雄",0,11,-11
"4197","6207雷科","110/07/29","大昌-桃園",11,1,10
"4198","6207雷科","110/07/29","元大-木柵",0,10,-10
"4199","6207雷科","110/07/29","玉山-城中",11,1,10
"4200","6207雷科","110/07/29","日盛-板橋",1,10,-9
"4201","3679新至陞","110/07/29","華南永昌-淡水",5,0,5
"4202","3679新至陞","110/07/29","元富-板橋",0,16,-16
"4203","3679新至陞","110/07/29","富邦-新竹華信",5,0,5
"4204","3679新至陞","110/07/29","凱基-台北",0,8,-8
"4205","3679新至陞","110/07/29","永豐金-中和",5,0,5
"4206","3679新至陞","110/07/29","摩根大通",1,6,-5
"4207","3679新至陞","110/07/29","富邦-台北",4,0,4
"4208","3679新至陞","110/07/29","美林",0,4,-4
"4209","3679新至陞","110/07/29","元富-彰化",2,0,2
"4210","3679新至陞","110/07/29","瑞士信貸",0,4,-4
"4211","3679新至陞","110/07/29","兆豐-台中港",2,0,2
"4212","3679新至陞","110/07/29","元大-成功",0,3,-3
"4213","3679新至陞","110/07/29","富邦-三重",2,0,2
"4214","3679新至陞","110/07/29","統一-台南",0,2,-2
"4215","3679新至陞","110/07/29","元大-沙鹿",2,0,2
"4216","3679新至陞","110/07/29","元富-新興",0,2,-2
"4217","3679新至陞","110/07/29","元大-福營",2,0,2
"4218","3679新至陞","110/07/29","凱基-竹科",0,2,-2
"4219","3679新至陞","110/07/29","元大-花蓮",2,0,2
"4220","3679新至陞","110/07/29","元大證券",0,2,-2
"4221","3679新至陞","110/07/29","元大-板橋",2,0,2
"4222","3679新至陞","110/07/29","日盛-北高雄",0,1,-1
"4223","3679新至陞","110/07/29","永豐金-台南",2,0,2
"4224","3679新至陞","110/07/29","宏遠-高雄",0,1,-1
"4225","3679新至陞","110/07/29","合庫-彰化",1,0,1
"4226","3679新至陞","110/07/29","花旗環球",0,1,-1
"4227","3679新至陞","110/07/29","臺銀-臺南",1,0,1
"4228","3679新至陞","110/07/29","華南永昌-岡山",0,1,-1
"4229","3679新至陞","110/07/29","永興-水湳",1,0,1
"4230","3679新至陞","110/07/29","元大-佳里",0,1,-1
"4231","2727王品","110/07/29","第一金",30,0,30
"4232","2727王品","110/07/29","元大-高雄",1,93,-92
"4233","2727王品","110/07/29","港商麥格理",22,0,22
"4234","2727王品","110/07/29","新加坡商瑞銀",5,82,-77
"4235","2727王品","110/07/29","國票-北高雄",24,2,22
"4236","2727王品","110/07/29","美林",0,27,-27
"4237","2727王品","110/07/29","日盛-忠孝",21,0,21
"4238","2727王品","110/07/29","港商野村",21,48,-27
"4239","2727王品","110/07/29","新光",22,3,19
"4240","2727王品","110/07/29","凱基-台北",43,61,-18
"4241","2727王品","110/07/29","國泰-敦南",18,7,11
"4242","2727王品","110/07/29","華南永昌-麻豆",0,18,-18
"4243","2727王品","110/07/29","凱基-五股",11,0,11
"4244","2727王品","110/07/29","國泰-台中",2,17,-15
"4245","2727王品","110/07/29","兆豐-鹿港",12,2,10
"4246","2727王品","110/07/29","永豐金-桃盛",0,15,-15
"4247","2727王品","110/07/29","凱基-埔墘",10,0,10
"4248","2727王品","110/07/29","美商高盛",1,15,-14
"4249","2727王品","110/07/29","永豐金-潮州",10,0,10
"4250","2727王品","110/07/29","玉山證券",4,15,-11
"4251","2727王品","110/07/29","統一",12,4,8
"4252","2727王品","110/07/29","摩根大通",12,22,-10
"4253","2727王品","110/07/29","國泰-板橋",7,0,7
"4254","2727王品","110/07/29","元大-四維",2,12,-10
"4255","2727王品","110/07/29","彰銀-台中",7,1,6
"4256","2727王品","110/07/29","凱基-興隆",0,9,-9
"4257","2727王品","110/07/29","新光-高雄",12,6,6
"4258","2727王品","110/07/29","瑞士信貸",0,8,-8
"4259","2727王品","110/07/29","玉山-數位",6,0,6
"4260","2727王品","110/07/29","大昌-桃園",0,7,-7
"4261","1570力肯","110/07/29","群益金鼎-高雄",20,0,20
"4262","1570力肯","110/07/29","聯邦-興中",0,17,-17
"4263","1570力肯","110/07/29","群益金鼎-板橋",16,0,16
"4264","1570力肯","110/07/29","富邦-建國",0,10,-10
"4265","1570力肯","110/07/29","統一-敦南",5,0,5
"4266","1570力肯","110/07/29","凱基-站前",0,5,-5
"4267","1570力肯","110/07/29","元富-松德",4,0,4
"4268","1570力肯","110/07/29","國泰-板橋",0,4,-4
"4269","1570力肯","110/07/29","元大-和平",4,0,4
"4270","1570力肯","110/07/29","統一-土城",0,3,-3
"4271","1570力肯","110/07/29","凱基-幸福",3,0,3
"4272","1570力肯","110/07/29","凱基-大里",0,3,-3
"4273","1570力肯","110/07/29","華南永昌-鳳山",3,0,3
"4274","1570力肯","110/07/29","凱基-台北",0,3,-3
"4275","1570力肯","110/07/29","元大-北港",4,2,2
"4276","1570力肯","110/07/29","元大-屏東民生",0,3,-3
"4277","1570力肯","110/07/29","美林",1,0,1
"4278","1570力肯","110/07/29","元富-緯城",0,2,-2
"4279","1570力肯","110/07/29","國泰-台南",1,0,1
"4280","1570力肯","110/07/29","台新-高雄",0,2,-2
"4281","1570力肯","110/07/29","元大-歸仁",1,0,1
"4282","1570力肯","110/07/29","華南永昌-楠梓",0,2,-2
"4283","1570力肯","110/07/29","元大-松山",1,0,1
"4284","1570力肯","110/07/29","元大-北成功",0,2,-2
"4285","1570力肯","110/07/29","元大-文心興安",1,0,1
"4286","1570力肯","110/07/29","元大-板橋",0,2,-2
"4287","1570力肯","110/07/29","元大-東蘆",1,0,1
"4288","1570力肯","110/07/29","統一-台南",0,1,-1
"4289","1570力肯","110/07/29","群益金鼎-鳳山",0,0,0
"4290","1570力肯","110/07/29","台新證券",0,1,-1
"4291","6180橘子","110/07/29","凱基-台北",50,4,46
"4292","6180橘子","110/07/29","兆豐證券",0,95,-95
"4293","6180橘子","110/07/29","花旗環球",25,0,25
"4294","6180橘子","110/07/29","香港上海匯豐",0,74,-74
"4295","6180橘子","110/07/29","瑞士信貸",26,2,24
"4296","6180橘子","110/07/29","福勝",0,24,-24
"4297","6180橘子","110/07/29","兆豐-大同",20,0,20
"4298","6180橘子","110/07/29","第一金-安和",0,20,-20
"4299","6180橘子","110/07/29","新光-台中",17,0,17
"4300","6180橘子","110/07/29","永豐金-敦北",0,18,-18
"4301","6180橘子","110/07/29","元大-南屯",15,0,15
"4302","6180橘子","110/07/29","致和-崇德",0,10,-10
"4303","6180橘子","110/07/29","摩根大通",54,40,14
"4304","6180橘子","110/07/29","玉山-台大",0,10,-10
"4305","6180橘子","110/07/29","玉山-桃園",10,0,10
"4306","6180橘子","110/07/29","元大-四維",0,10,-10
"4307","6180橘子","110/07/29","永豐金-中正",10,0,10
"4308","6180橘子","110/07/29","元大-小港",0,8,-8
"4309","6180橘子","110/07/29","元富-三重",8,0,8
"4310","6180橘子","110/07/29","台灣摩根士丹利",7,13,-6
"4311","6180橘子","110/07/29","國泰-新莊",9,1,8
"4312","6180橘子","110/07/29","群益金鼎-丹鳳",0,6,-6
"4313","6180橘子","110/07/29","元大-木柵",8,0,8
"4314","6180橘子","110/07/29","永豐金-南京",2,8,-6
"4315","6180橘子","110/07/29","國票-敦北法人",7,0,7
"4316","6180橘子","110/07/29","日盛-頭份",5,10,-5
"4317","6180橘子","110/07/29","元大證券",7,0,7
"4318","6180橘子","110/07/29","宏遠-高雄",0,5,-5
"4319","6180橘子","110/07/29","高橋",6,0,6
"4320","6180橘子","110/07/29","第一金-中山",1,5,-4
"4321","2390云辰","110/07/29","元大-永和",561,61,500
"4322","2390云辰","110/07/29","摩根大通",152,377,-225
"4323","2390云辰","110/07/29","台灣摩根士丹利",163,1,162
"4324","2390云辰","110/07/29","元富-同大",3,139,-136
"4325","2390云辰","110/07/29","元大-善化",87,0,87
"4326","2390云辰","110/07/29","豐農",3,128,-125
"4327","2390云辰","110/07/29","元大-草屯",89,6,83
"4328","2390云辰","110/07/29","美商高盛",6,88,-82
"4329","2390云辰","110/07/29","富邦-羅東",74,10,64
"4330","2390云辰","110/07/29","美林",43,112,-69
"4331","2390云辰","110/07/29","元大-鑫永和",61,1,60
"4332","2390云辰","110/07/29","元大-發財",4,61,-57
"4333","2390云辰","110/07/29","元富-高雄",93,40,53
"4334","2390云辰","110/07/29","大慶-泰山",0,51,-51
"4335","2390云辰","110/07/29","台新-左楠",43,1,42
"4336","2390云辰","110/07/29","群益金鼎",5,49,-44
"4337","2390云辰","110/07/29","日盛-永康",35,2,33
"4338","2390云辰","110/07/29","元大-松江",0,40,-40
"4339","2390云辰","110/07/29","玉山-板橋",37,5,32
"4340","2390云辰","110/07/29","統一-新台中",123,161,-38
"4341","2390云辰","110/07/29","日盛-板橋中山",45,15,30
"4342","2390云辰","110/07/29","兆豐-員林",0,35,-35
"4343","2390云辰","110/07/29","元大-大統",30,0,30
"4344","2390云辰","110/07/29","第一金-新竹",1,35,-34
"4345","2390云辰","110/07/29","元大-竹北",30,1,29
"4346","2390云辰","110/07/29","日盛-員林",3,33,-30
"4347","2390云辰","110/07/29","元大-北屯",26,0,26
"4348","2390云辰","110/07/29","新光",40,70,-30
"4349","2390云辰","110/07/29","元大-林園",25,0,25
"4350","2390云辰","110/07/29","永豐金-松山",21,49,-28
"4351","1471首利","110/07/28","美林",138,26,112
"4352","1471首利","110/07/28","玉山-台大",0,234,-234
"4353","1471首利","110/07/28","摩根大通",164,80,84
"4354","1471首利","110/07/28","國票-九鼎",0,149,-149
"4355","1471首利","110/07/28","(牛牛牛)亞-鑫豐",65,0,65
"4356","1471首利","110/07/28","台中銀",0,69,-69
"4357","1471首利","110/07/28","大昌-新店",44,0,44
"4358","1471首利","110/07/28","元大-博愛",0,32,-32
"4359","1471首利","110/07/28","玉山-桃園",69,30,39
"4360","1471首利","110/07/28","凱基-竹北",0,30,-30
"4361","1471首利","110/07/28","兆豐-鹿港",28,0,28
"4362","1471首利","110/07/28","富邦-苗栗",0,30,-30
"4363","1471首利","110/07/28","聯邦-高雄",21,0,21
"4364","1471首利","110/07/28","港商法國興業",0,22,-22
"4365","1471首利","110/07/28","永豐金-中正",21,0,21
"4366","1471首利","110/07/28","國票-安和",0,20,-20
"4367","1471首利","110/07/28","第一金-高雄",16,0,16
"4368","1471首利","110/07/28","華南永昌-苑裡",0,15,-15
"4369","1471首利","110/07/28","統一-桃園",13,0,13
"4370","1471首利","110/07/28","日盛-中壢",0,13,-13
"4371","1471首利","110/07/28","新光-台中",19,6,13
"4372","1471首利","110/07/28","玉山-台南",0,13,-13
"4373","1471首利","110/07/28","彰銀-七賢",11,0,11
"4374","1471首利","110/07/28","凱基-桃園",0,12,-12
"4375","1471首利","110/07/28","第一金-台南",11,0,11
"4376","1471首利","110/07/28","聯邦-雙和",0,11,-11
"4377","1471首利","110/07/28","台新證券",11,0,11
"4378","1471首利","110/07/28","統一-新營",0,10,-10
"4379","1471首利","110/07/28","凱基-東勢",11,0,11
"4380","1471首利","110/07/28","凱基-城中",0,10,-10
"4381","2883開發金","110/07/28","摩根大通",5171,647,4524
"4382","2883開發金","110/07/28","台灣摩根士丹利",921,11451,-10530
"4383","2883開發金","110/07/28","瑞士信貸",4234,62,4172
"4384","2883開發金","110/07/28","美商高盛",522,3615,-3093
"4385","2883開發金","110/07/28","國泰證券",2247,28,2219
"4386","2883開發金","110/07/28","(牛牛牛)亞證券",0,3000,-3000
"4387","2883開發金","110/07/28","元大證券",2306,91,2215
"4388","2883開發金","110/07/28","康和-仁愛",17,3004,-2987
"4389","2883開發金","110/07/28","元富-城東",2203,113,2090
"4390","2883開發金","110/07/28","第一金",18,2301,-2283
"4391","2883開發金","110/07/28","新加坡商瑞銀",1840,81,1759
"4392","2883開發金","110/07/28","凱基-台北",3735,5169,-1434
"4393","2883開發金","110/07/28","永豐金-彰化",1682,27,1655
"4394","2883開發金","110/07/28","宏遠-高雄",4,1420,-1416
"4395","2883開發金","110/07/28","日盛證券",1637,9,1628
"4396","2883開發金","110/07/28","亞東-板橋",507,1722,-1215
"4397","2883開發金","110/07/28","元大-彰化",1183,11,1172
"4398","2883開發金","110/07/28","凱基-豐中",32,1127,-1095
"4399","2883開發金","110/07/28","美林",2507,1378,1129
"4400","2883開發金","110/07/28","群益金鼎-三重",65,993,-928
"4401","2883開發金","110/07/28","華南永昌",1204,239,965
"4402","2883開發金","110/07/28","元大-羅東",30,872,-842
"4403","2883開發金","110/07/28","日盛-台南",816,6,810
"4404","2883開發金","110/07/28","花旗環球",188,1004,-816
"4405","2883開發金","110/07/28","台新-松江",722,40,682
"4406","2883開發金","110/07/28","華南永昌-朴子",33,716,-683
"4407","2883開發金","110/07/28","新光-台中",858,231,627
"4408","2883開發金","110/07/28","元大-永和",31,700,-669
"4409","2883開發金","110/07/28","凱基-員林",634,25,609
"4410","2883開發金","110/07/28","玉山-台南",97,738,-641
"4411","6205詮欣","110/07/28","臺銀",30,0,30
"4412","6205詮欣","110/07/28","台灣摩根士丹利",0,59,-59
"4413","6205詮欣","110/07/28","元大-善化",30,0,30
"4414","6205詮欣","110/07/28","凱基-大安",0,50,-50
"4415","6205詮欣","110/07/28","日盛證券",16,0,16
"4416","6205詮欣","110/07/28","元大-板橋",0,20,-20
"4417","6205詮欣","110/07/28","元大-土城學府",15,3,12
"4418","6205詮欣","110/07/28","摩根大通",17,30,-13
"4419","6205詮欣","110/07/28","臺銀-民權",10,0,10
"4420","6205詮欣","110/07/28","凱基-台北",0,11,-11
"4421","6205詮欣","110/07/28","德信-新營",10,0,10
"4422","6205詮欣","110/07/28","新加坡商瑞銀",0,10,-10
"4423","6205詮欣","110/07/28","福勝",10,0,10
"4424","6205詮欣","110/07/28","第一金-新竹",0,10,-10
"4425","6205詮欣","110/07/28","元大-清水",10,0,10
"4426","6205詮欣","110/07/28","台新-高雄",0,6,-6
"4427","6205詮欣","110/07/28","新光",9,0,9
"4428","6205詮欣","110/07/28","凱基-三多",0,6,-6
"4429","6205詮欣","110/07/28","群益金鼎-屏東",7,0,7
"4430","6205詮欣","110/07/28","美林",2,7,-5
"4431","6205詮欣","110/07/28","元大-汐止",6,0,6
"4432","6205詮欣","110/07/28","瑞士信貸",0,5,-5
"4433","6205詮欣","110/07/28","統一-屏東",5,0,5
"4434","6205詮欣","110/07/28","中國信託-三重",0,5,-5
"4435","6205詮欣","110/07/28","日盛-三重",4,0,4
"4436","6205詮欣","110/07/28","日盛-雙和",0,4,-4
"4437","6205詮欣","110/07/28","亞東-板橋",4,0,4
"4438","6205詮欣","110/07/28","宏遠-光隆",0,4,-4
"4439","6205詮欣","110/07/28","台中銀",4,0,4
"4440","6205詮欣","110/07/28","兆豐-新莊",0,4,-4
"4441","1540喬福","110/07/28","兆豐-北高雄",48,0,48
"4442","1540喬福","110/07/28","合庫-台中",1,60,-59
"4443","1540喬福","110/07/28","兆豐-台中港",33,0,33
"4444","1540喬福","110/07/28","凱基-台北",0,44,-44
"4445","1540喬福","110/07/28","大慶-中壢",19,0,19
"4446","1540喬福","110/07/28","元大-學甲",0,35,-35
"4447","1540喬福","110/07/28","富邦-員林",18,0,18
"4448","1540喬福","110/07/28","統一-新台中",0,26,-26
"4449","1540喬福","110/07/28","(牛牛牛)亞-鑫豐",12,0,12
"4450","1540喬福","110/07/28","新光-新竹",0,21,-21
"4451","1540喬福","110/07/28","元富-文心",10,0,10
"4452","1540喬福","110/07/28","富邦-台北",0,20,-20
"4453","1540喬福","110/07/28","光和-和美",10,0,10
"4454","1540喬福","110/07/28","富邦-南屯",0,20,-20
"4455","1540喬福","110/07/28","永豐金-三重",9,0,9
"4456","1540喬福","110/07/28","元大-鶯歌",0,10,-10
"4457","1540喬福","110/07/28","臺銀-鳳山",8,0,8
"4458","1540喬福","110/07/28","元大-豐原",0,7,-7
"4459","1540喬福","110/07/28","元大-斗六",7,0,7
"4460","1540喬福","110/07/28","大昌-樹林",0,6,-6
"4461","1540喬福","110/07/28","台新-台中",6,0,6
"4462","1540喬福","110/07/28","新光-桃園",0,5,-5
"4463","1540喬福","110/07/28","華南永昌-中正",6,0,6
"4464","1540喬福","110/07/28","凱基-站前",0,5,-5
"4465","1540喬福","110/07/28","永豐金-台中",6,0,6
"4466","1540喬福","110/07/28","臺銀",0,4,-4
"4467","1540喬福","110/07/28","臺銀-民權",5,0,5
"4468","1540喬福","110/07/28","台新證券",0,3,-3
"4469","1540喬福","110/07/28","元富-中原",5,0,5
"4470","1540喬福","110/07/28","台新-高雄",0,3,-3
"4471","2888新光金","110/07/28","臺銀-高雄",3050,3,3047
"4472","2888新光金","110/07/28","摩根大通",2543,11316,-8773
"4473","2888新光金","110/07/28","元富-城東",2019,129,1890
"4474","2888新光金","110/07/28","香港上海匯豐",120,7576,-7456
"4475","2888新光金","110/07/28","元大證券",2106,407,1699
"4476","2888新光金","110/07/28","凱基-台北",1641,5238,-3597
"4477","2888新光金","110/07/28","凱基-台南",1068,33,1035
"4478","2888新光金","110/07/28","新加坡商瑞銀",0,3572,-3572
"4479","2888新光金","110/07/28","彰銀-台中",1098,75,1023
"4480","2888新光金","110/07/28","台灣摩根士丹利",4358,7129,-2771
"4481","2888新光金","110/07/28","元富-城中",1003,0,1003
"4482","2888新光金","110/07/28","元大-大統",103,2853,-2750
"4483","2888新光金","110/07/28","元大-大天母",1113,119,994
"4484","2888新光金","110/07/28","光和",204,2235,-2031
"4485","2888新光金","110/07/28","元大-仁愛",761,1,760
"4486","2888新光金","110/07/28","兆豐-鹿港",80,1755,-1675
"4487","2888新光金","110/07/28","日盛-雙和",927,179,748
"4488","2888新光金","110/07/28","凱基-市政",17,1447,-1430
"4489","2888新光金","110/07/28","元大-大里",648,0,648
"4490","2888新光金","110/07/28","華南永昌-敦南",66,1320,-1254
"4491","2888新光金","110/07/28","凱基-竹科",2665,2026,639
"4492","2888新光金","110/07/28","法銀巴黎",195,1423,-1228
"4493","2888新光金","110/07/28","日盛-高雄",619,11,608
"4494","2888新光金","110/07/28","臺銀",123,1343,-1220
"4495","2888新光金","110/07/28","群益金鼎-海山",710,151,559
"4496","2888新光金","110/07/28","花旗環球",0,865,-865
"4497","2888新光金","110/07/28","台新證券",855,305,550
"4498","2888新光金","110/07/28","元大-鹿港",46,848,-802
"4499","2888新光金","110/07/28","國泰-敦南",774,237,537
"4500","2888新光金","110/07/28","合庫-台中",121,800,-679
"4501","1340勝悅","110/07/28","新光-台南",50,0,50
"4502","1340勝悅","110/07/28","兆豐-南京",0,25,-25
"4503","1340勝悅","110/07/28","臺銀-臺中",6,0,6
"4504","1340勝悅","110/07/28","凱基-台北",0,22,-22
"4505","1340勝悅","110/07/28","新光",6,0,6
"4506","1340勝悅","110/07/28","美林",0,12,-12
"4507","1340勝悅","110/07/28","臺灣企銀-埔墘",5,0,5
"4508","1340勝悅","110/07/28","群益金鼎-台中",0,11,-11
"4509","1340勝悅","110/07/28","國票-敦北法人",5,0,5
"4510","1340勝悅","110/07/28","合庫-西台中",1,10,-9
"4511","1340勝悅","110/07/28","國泰-高雄",5,0,5
"4512","1340勝悅","110/07/28","元大-基隆孝二",0,8,-8
"4513","1340勝悅","110/07/28","國泰-台中",5,0,5
"4514","1340勝悅","110/07/28","統一-城中",0,7,-7
"4515","1340勝悅","110/07/28","群益金鼎-館前",5,0,5
"4516","1340勝悅","110/07/28","凱基-幸福",0,7,-7
"4517","1340勝悅","110/07/28","中國信託-文心",3,0,3
"4518","1340勝悅","110/07/28","臺銀-新竹",0,5,-5
"4519","1340勝悅","110/07/28","群益金鼎-崇德",3,0,3
"4520","1340勝悅","110/07/28","港商法國興業",0,5,-5
"4521","1340勝悅","110/07/28","元大-永春",3,0,3
"4522","1340勝悅","110/07/28","元大-新竹經國",0,5,-5
"4523","1340勝悅","110/07/28","永豐金-松山",3,0,3
"4524","1340勝悅","110/07/28","台新證券",0,4,-4
"4525","1340勝悅","110/07/28","永豐金-嘉義",3,0,3
"4526","1340勝悅","110/07/28","港商野村",0,3,-3
"4527","1340勝悅","110/07/28","日盛-木柵",2,0,2
"4528","1340勝悅","110/07/28","摩根大通",0,3,-3
"4529","1340勝悅","110/07/28","台新-台中",2,0,2
"4530","1340勝悅","110/07/28","富邦-台北",0,3,-3
"4531","6246臺龍","110/07/28","元大-基隆孝二",32,0,32
"4532","6246臺龍","110/07/28","永豐金-桃園",4,135,-131
"4533","6246臺龍","110/07/28","合庫-台中",30,0,30
"4534","6246臺龍","110/07/28","港商野村",5,93,-88
"4535","6246臺龍","110/07/28","元大-木柵",30,0,30
"4536","6246臺龍","110/07/28","凱基-台北",9,65,-56
"4537","6246臺龍","110/07/28","光和",21,0,21
"4538","6246臺龍","110/07/28","元大-西螺",0,31,-31
"4539","6246臺龍","110/07/28","宏遠-民生",20,0,20
"4540","6246臺龍","110/07/28","群益金鼎-鳳山",0,27,-27
"4541","6246臺龍","110/07/28","第一金-安和",20,0,20
"4542","6246臺龍","110/07/28","元大-西屯",0,25,-25
"4543","6246臺龍","110/07/28","兆豐-竹北",24,4,20
"4544","6246臺龍","110/07/28","永豐金-虎尾",6,27,-21
"4545","6246臺龍","110/07/28","凱基-幸福",20,0,20
"4546","6246臺龍","110/07/28","日盛-台中",1,20,-19
"4547","6246臺龍","110/07/28","德信-新營",19,0,19
"4548","6246臺龍","110/07/28","統一",0,16,-16
"4549","6246臺龍","110/07/28","台新證券",21,4,17
"4550","6246臺龍","110/07/28","群益金鼎-土城",0,16,-16
"4551","6246臺龍","110/07/28","華南永昌-公誠",17,0,17
"4552","6246臺龍","110/07/28","元大-員林",0,15,-15
"4553","6246臺龍","110/07/28","中國信託-文心",15,0,15
"4554","6246臺龍","110/07/28","華南永昌-長虹",0,11,-11
"4555","6246臺龍","110/07/28","群益金鼎-崇德",15,0,15
"4556","6246臺龍","110/07/28","日盛-中壢",0,10,-10
"4557","6246臺龍","110/07/28","兆豐-公益",12,0,12
"4558","6246臺龍","110/07/28","第一金-彰化",0,10,-10
"4559","6246臺龍","110/07/28","國票",12,0,12
"4560","6246臺龍","110/07/28","元富-中原",0,10,-10
"4561","00715L期街口布蘭特正2","110/07/28","永豐金證券",5725,30,5695
"4562","00715L期街口布蘭特正2","110/07/28","元大-四維",0,2013,-2013
"4563","00715L期街口布蘭特正2","110/07/28","元大證券",5235,705,4530
"4564","00715L期街口布蘭特正2","110/07/28","凱基-豐中",0,1536,-1536
"4565","00715L期街口布蘭特正2","110/07/28","國票",2733,11,2722
"4566","00715L期街口布蘭特正2","110/07/28","華南永昌-東昇",0,1010,-1010
"4567","00715L期街口布蘭特正2","110/07/28","富邦證券",2340,417,1923
"4568","00715L期街口布蘭特正2","110/07/28","兆豐-三民",0,1004,-1004
"4569","00715L期街口布蘭特正2","110/07/28","凱基-台北",2241,325,1916
"4570","00715L期街口布蘭特正2","110/07/28","元富-古亭",0,600,-600
"4571","00715L期街口布蘭特正2","110/07/28","統一",1635,132,1503
"4572","00715L期街口布蘭特正2","110/07/28","台新-新營",20,558,-538
"4573","00715L期街口布蘭特正2","110/07/28","國票-中港",1500,0,1500
"4574","00715L期街口布蘭特正2","110/07/28","富邦-台北",0,453,-453
"4575","00715L期街口布蘭特正2","110/07/28","兆豐-台中",525,6,519
"4576","00715L期街口布蘭特正2","110/07/28","港商野村",71,519,-448
"4577","00715L期街口布蘭特正2","110/07/28","合庫證券",1008,500,508
"4578","00715L期街口布蘭特正2","110/07/28","第一金-自由",10,405,-395
"4579","00715L期街口布蘭特正2","110/07/28","永豐金-三重",500,0,500
"4580","00715L期街口布蘭特正2","110/07/28","玉山-高雄",17,387,-370
"4581","00715L期街口布蘭特正2","110/07/28","凱基-市政",500,1,499
"4582","00715L期街口布蘭特正2","110/07/28","統一-桃園",0,331,-331
"4583","00715L期街口布蘭特正2","110/07/28","元富-大裕",500,8,492
"4584","00715L期街口布蘭特正2","110/07/28","元富-中壢",0,309,-309
"4585","00715L期街口布蘭特正2","110/07/28","永豐金-內湖",503,18,485
"4586","00715L期街口布蘭特正2","110/07/28","台新證券",21,329,-308
"4587","00715L期街口布蘭特正2","110/07/28","元富-吉利",280,0,280
"4588","00715L期街口布蘭特正2","110/07/28","國票-台中",0,275,-275
"4589","00715L期街口布蘭特正2","110/07/28","國票-博愛",200,0,200
"4590","00715L期街口布蘭特正2","110/07/28","日盛-木柵",0,268,-268
"4591","8941關中","110/07/28","第一金-台南",2,0,2
"4592","8941關中","110/07/28","聯邦-富強",0,3,-3
"4593","8941關中","110/07/28","元大-西屯",2,0,2
"4594","8941關中","110/07/28","富邦-員林",0,3,-3
"4595","8941關中","110/07/28","玉山證券",1,0,1
"4596","8941關中","110/07/28","第一金-安和",0,2,-2
"4597","8941關中","110/07/28","國泰-忠孝",1,0,1
"4598","8941關中","110/07/28","第一金-台中",0,1,-1
"4599","8941關中","110/07/28","凱基-岡山",1,0,1
"4600","8941關中","110/07/28","玉山-台中",0,0,0
"4601","8941關中","110/07/28","富邦-羅東",1,0,1
"4602","8941關中","110/07/28","元大-新竹經國",0,0,0
"4603","8941關中","110/07/28","永豐金-敦南",1,0,1
"4604","8941關中","110/07/28","元大-桃興",1,1,0
"4605","8941關中","110/07/28","玉山-台中",0,0,0
"4606","8941關中","110/07/28","",NA,NA,NA
"4607","8941關中","110/07/28","元大-新竹經國",0,0,0
"4608","8941關中","110/07/28","",NA,NA,NA
"4609","8941關中","110/07/28","元大-桃興",1,1,0
"4610","8941關中","110/07/28","",NA,NA,NA
"4611","8941關中","110/07/28","",NA,NA,NA
"4612","8941關中","110/07/28","",NA,NA,NA
"4613","8941關中","110/07/28","",NA,NA,NA
"4614","8941關中","110/07/28","",NA,NA,NA
"4615","8941關中","110/07/28","",NA,NA,NA
"4616","8941關中","110/07/28","",NA,NA,NA
"4617","8941關中","110/07/28","",NA,NA,NA
"4618","8941關中","110/07/28","",NA,NA,NA
"4619","8941關中","110/07/28","",NA,NA,NA
"4620","8941關中","110/07/28","",NA,NA,NA
"4621","8936國統","110/07/28","宏遠-高雄",141,1,140
"4622","8936國統","110/07/28","摩根大通",82,517,-435
"4623","8936國統","110/07/28","日盛-景美",100,0,100
"4624","8936國統","110/07/28","凱基-台北",5,290,-285
"4625","8936國統","110/07/28","永豐金-苓雅",67,0,67
"4626","8936國統","110/07/28","瑞士信貸",0,245,-245
"4627","8936國統","110/07/28","玉山-台南",64,0,64
"4628","8936國統","110/07/28","台灣摩根士丹利",16,176,-160
"4629","8936國統","110/07/28","國票-北高雄",61,1,60
"4630","8936國統","110/07/28","凱基-市政",11,110,-99
"4631","8936國統","110/07/28","玉山-高雄",49,0,49
"4632","8936國統","110/07/28","元大-東蘆",0,82,-82
"4633","8936國統","110/07/28","元大-小港",47,0,47
"4634","8936國統","110/07/28","新加坡商瑞銀",128,205,-77
"4635","8936國統","110/07/28","元大-台中",40,0,40
"4636","8936國統","110/07/28","元大-歸仁",30,75,-45
"4637","8936國統","110/07/28","新光-台中",41,7,34
"4638","8936國統","110/07/28","台新-台中",17,55,-38
"4639","8936國統","110/07/28","元大-豐原站前",32,0,32
"4640","8936國統","110/07/28","康和",20,58,-38
"4641","8936國統","110/07/28","玉山-台中",31,0,31
"4642","8936國統","110/07/28","第一金-新興",0,31,-31
"4643","8936國統","110/07/28","富邦-高雄",26,0,26
"4644","8936國統","110/07/28","元富-松德",0,30,-30
"4645","8936國統","110/07/28","元大-鳳中",30,5,25
"4646","8936國統","110/07/28","元大-中和",2,30,-28
"4647","8936國統","110/07/28","元富-林園",20,0,20
"4648","8936國統","110/07/28","兆豐-嘉義",0,22,-22
"4649","8936國統","110/07/28","兆豐-北高雄",20,0,20
"4650","8936國統","110/07/28","美林",11,32,-21
"4651","6226光鼎","110/07/28","群益金鼎-萬華",147,14,133
"4652","6226光鼎","110/07/28","群益金鼎-敦南",5,282,-277
"4653","6226光鼎","110/07/28","台新-台中",227,114,113
"4654","6226光鼎","110/07/28","華南永昌",19,142,-123
"4655","6226光鼎","110/07/28","摩根大通",109,0,109
"4656","6226光鼎","110/07/28","康和-台北",0,100,-100
"4657","6226光鼎","110/07/28","統一",107,0,107
"4658","6226光鼎","110/07/28","臺銀-民權",4,100,-96
"4659","6226光鼎","110/07/28","凱基-台北",103,1,102
"4660","6226光鼎","110/07/28","元大-潮州",11,102,-91
"4661","6226光鼎","110/07/28","台灣摩根士丹利",104,7,97
"4662","6226光鼎","110/07/28","華南永昌-嘉義",50,130,-80
"4663","6226光鼎","110/07/28","群益金鼎-館前",97,0,97
"4664","6226光鼎","110/07/28","台新證券",79,153,-74
"4665","6226光鼎","110/07/28","國泰-台中",97,20,77
"4666","6226光鼎","110/07/28","玉山-台南",4,74,-70
"4667","6226光鼎","110/07/28","元大-嘉義",83,16,67
"4668","6226光鼎","110/07/28","臺銀-臺中",6,65,-59
"4669","6226光鼎","110/07/28","新光-桃園",69,8,61
"4670","6226光鼎","110/07/28","富邦-仁愛",6,63,-57
"4671","6226光鼎","110/07/28","群益金鼎-三重",59,2,57
"4672","6226光鼎","110/07/28","凱基-大里",0,51,-51
"4673","6226光鼎","110/07/28","日盛-員林",63,12,51
"4674","6226光鼎","110/07/28","國泰-敦南",116,166,-50
"4675","6226光鼎","110/07/28","永豐金-松山",66,20,46
"4676","6226光鼎","110/07/28","元富-中港",2,51,-49
"4677","6226光鼎","110/07/28","統一-內湖",48,7,41
"4678","6226光鼎","110/07/28","群益金鼎-延平",0,49,-49
"4679","6226光鼎","110/07/28","凱基-高美館",51,10,41
"4680","6226光鼎","110/07/28","元大-新竹經國",5,53,-48
"4681","2363矽統","110/07/28","摩根大通",809,282,527
"4682","2363矽統","110/07/28","國泰-敦南",145,861,-716
"4683","2363矽統","110/07/28","美商高盛",532,264,268
"4684","2363矽統","110/07/28","元大-台中",18,384,-366
"4685","2363矽統","110/07/28","台新-三民",263,18,245
"4686","2363矽統","110/07/28","新光",197,525,-328
"4687","2363矽統","110/07/28","台新證券",929,703,226
"4688","2363矽統","110/07/28","群益金鼎-三民",24,266,-242
"4689","2363矽統","110/07/28","第一金-嘉義",154,0,154
"4690","2363矽統","110/07/28","凱基-斗六",0,187,-187
"4691","2363矽統","110/07/28","凱基-台北",1039,889,150
"4692","2363矽統","110/07/28","元大-上新莊",3,134,-131
"4693","2363矽統","110/07/28","永豐金-竹科",132,11,121
"4694","2363矽統","110/07/28","永豐金-彰化",5,134,-129
"4695","2363矽統","110/07/28","華南永昌-鳳山",146,34,112
"4696","2363矽統","110/07/28","日盛-二林",15,142,-127
"4697","2363矽統","110/07/28","第一金-新興",108,1,107
"4698","2363矽統","110/07/28","元大證券",18,125,-107
"4699","2363矽統","110/07/28","港商野村",673,568,105
"4700","2363矽統","110/07/28","新光-台南",25,129,-104
"4701","2363矽統","110/07/28","群益金鼎-桃園",111,11,100
"4702","2363矽統","110/07/28","統一",7,109,-102
"4703","2363矽統","110/07/28","台新-左楠",94,15,79
"4704","2363矽統","110/07/28","康和-南崁",11,108,-97
"4705","2363矽統","110/07/28","新加坡商瑞銀",789,711,78
"4706","2363矽統","110/07/28","國票",25,121,-96
"4707","2363矽統","110/07/28","國票-九鼎",99,26,73
"4708","2363矽統","110/07/28","群益金鼎-敦南",11,107,-96
"4709","2363矽統","110/07/28","兆豐-埔墘",62,0,62
"4710","2363矽統","110/07/28","兆豐-寶成",2,79,-77
"4711","8112至上","110/07/28","摩根大通",630,183,447
"4712","8112至上","110/07/28","永豐金-永康",0,242,-242
"4713","8112至上","110/07/28","合庫證券",317,21,296
"4714","8112至上","110/07/28","高橋",3,222,-219
"4715","8112至上","110/07/28","新加坡商瑞銀",417,132,285
"4716","8112至上","110/07/28","玉山證券",2,206,-204
"4717","8112至上","110/07/28","台灣摩根士丹利",253,58,195
"4718","8112至上","110/07/28","新光",50,206,-156
"4719","8112至上","110/07/28","港商野村",350,164,186
"4720","8112至上","110/07/28","永豐金-苓雅",2,102,-100
"4721","8112至上","110/07/28","美商高盛",184,7,177
"4722","8112至上","110/07/28","凱基-永和",0,80,-80
"4723","8112至上","110/07/28","美林",213,53,160
"4724","8112至上","110/07/28","華南永昌-新莊",60,134,-74
"4725","8112至上","110/07/28","花旗環球",86,16,70
"4726","8112至上","110/07/28","台新-松江",27,90,-63
"4727","8112至上","110/07/28","玉山-板橋",82,17,65
"4728","8112至上","110/07/28","宏遠證券",1,50,-49
"4729","8112至上","110/07/28","凱基-竹科",67,3,64
"4730","8112至上","110/07/28","元大-苑裡",23,72,-49
"4731","8112至上","110/07/28","元大-府城",56,0,56
"4732","8112至上","110/07/28","元大-基隆孝二",5,53,-48
"4733","8112至上","110/07/28","永豐金-內湖",37,0,37
"4734","8112至上","110/07/28","康和-仁愛",5,51,-46
"4735","8112至上","110/07/28","瑞士信貸",58,26,32
"4736","8112至上","110/07/28","台新證券",31,73,-42
"4737","8112至上","110/07/28","元大證券",60,29,31
"4738","8112至上","110/07/28","兆豐-公益",0,40,-40
"4739","8112至上","110/07/28","元富-新店",35,5,30
"4740","8112至上","110/07/28","中國信託-忠孝",1,37,-36
"4741","1570力肯","110/07/28","國泰-敦南",50,0,50
"4742","1570力肯","110/07/28","元大-高雄",0,42,-42
"4743","1570力肯","110/07/28","群益金鼎-高雄",31,0,31
"4744","1570力肯","110/07/28","國票-新莊",0,14,-14
"4745","1570力肯","110/07/28","元富-延平",15,0,15
"4746","1570力肯","110/07/28","凱基-站前",0,10,-10
"4747","1570力肯","110/07/28","(牛牛牛)亞-鑫豐",10,0,10
"4748","1570力肯","110/07/28","凱基-台北",0,10,-10
"4749","1570力肯","110/07/28","元富-緯城",6,0,6
"4750","1570力肯","110/07/28","元大-忠孝",0,10,-10
"4751","1570力肯","110/07/28","合庫-自強",5,0,5
"4752","1570力肯","110/07/28","台灣摩根士丹利",0,9,-9
"4753","1570力肯","110/07/28","臺銀-臺南",4,0,4
"4754","1570力肯","110/07/28","群益金鼎-板橋",0,8,-8
"4755","1570力肯","110/07/28","兆豐-台中港",3,0,3
"4756","1570力肯","110/07/28","永豐金-大園",0,7,-7
"4757","1570力肯","110/07/28","日盛-板橋",2,0,2
"4758","1570力肯","110/07/28","元大-台南",0,5,-5
"4759","1570力肯","110/07/28","統一-松江",2,0,2
"4760","1570力肯","110/07/28","合庫-台中",0,4,-4
"4761","1570力肯","110/07/28","台新-三民",2,0,2
"4762","1570力肯","110/07/28","富邦-板橋",0,3,-3
"4763","1570力肯","110/07/28","群益金鼎-土城",2,0,2
"4764","1570力肯","110/07/28","元大-板橋",0,3,-3
"4765","1570力肯","110/07/28","元大-和平",2,0,2
"4766","1570力肯","110/07/28","統一-桃園",0,2,-2
"4767","1570力肯","110/07/28","元大-土城永寧",2,0,2
"4768","1570力肯","110/07/28","凱基-三多",0,2,-2
"4769","1570力肯","110/07/28","大昌-樹林",1,0,1
"4770","1570力肯","110/07/28","華南永昌-高雄",0,2,-2
"4771","2929淘帝","110/07/28","日盛-八德",40,0,40
"4772","2929淘帝","110/07/28","凱基-林口",0,150,-150
"4773","2929淘帝","110/07/28","玉山-新竹",30,0,30
"4774","2929淘帝","110/07/28","日盛-台中",0,35,-35
"4775","2929淘帝","110/07/28","國泰-松江",33,3,30
"4776","2929淘帝","110/07/28","永豐金-永康",0,21,-21
"4777","2929淘帝","110/07/28","元大-民生",28,0,28
"4778","2929淘帝","110/07/28","新加坡商瑞銀",13,32,-19
"4779","2929淘帝","110/07/28","合庫-高雄",21,0,21
"4780","2929淘帝","110/07/28","國泰-敦南",2,20,-18
"4781","2929淘帝","110/07/28","華南永昌",20,0,20
"4782","2929淘帝","110/07/28","臺銀",2,17,-15
"4783","2929淘帝","110/07/28","台新證券",12,0,12
"4784","2929淘帝","110/07/28","群益金鼎-敦南",0,13,-13
"4785","2929淘帝","110/07/28","第一金-大稻埕",10,0,10
"4786","2929淘帝","110/07/28","富邦-建國",1,13,-12
"4787","2929淘帝","110/07/28","華南永昌-台中",10,0,10
"4788","2929淘帝","110/07/28","元富-城東",0,10,-10
"4789","2929淘帝","110/07/28","元大-士林",10,0,10
"4790","2929淘帝","110/07/28","兆豐-景美",0,8,-8
"4791","2929淘帝","110/07/28","元大-屏南",10,0,10
"4792","2929淘帝","110/07/28","美林",3,10,-7
"4793","2929淘帝","110/07/28","元大-員林",10,0,10
"4794","2929淘帝","110/07/28","元富-彰化",0,7,-7
"4795","2929淘帝","110/07/28","新光-桃園",9,0,9
"4796","2929淘帝","110/07/28","港商法國興業",0,6,-6
"4797","2929淘帝","110/07/28","日盛-景美",7,0,7
"4798","2929淘帝","110/07/28","新光-高雄",0,6,-6
"4799","2929淘帝","110/07/28","玉山證券",7,0,7
"4800","2929淘帝","110/07/28","港商野村",3,8,-5
"4801","5410國眾","110/07/28","兆豐-城中",38,0,38
"4802","5410國眾","110/07/28","兆豐-南門",3,80,-77
"4803","5410國眾","110/07/28","大展",20,0,20
"4804","5410國眾","110/07/28","摩根大通",12,56,-44
"4805","5410國眾","110/07/28","新光-桃園",20,0,20
"4806","5410國眾","110/07/28","凱基-台北",0,28,-28
"4807","5410國眾","110/07/28","凱基-竹北",20,0,20
"4808","5410國眾","110/07/28","亞東-板橋",0,20,-20
"4809","5410國眾","110/07/28","元大-新莊",17,0,17
"4810","5410國眾","110/07/28","統一-新台中",0,20,-20
"4811","5410國眾","110/07/28","新光",20,8,12
"4812","5410國眾","110/07/28","瑞士信貸",0,16,-16
"4813","5410國眾","110/07/28","國泰-敦南",11,0,11
"4814","5410國眾","110/07/28","新加坡商瑞銀",0,15,-15
"4815","5410國眾","110/07/28","日盛-內湖",10,0,10
"4816","5410國眾","110/07/28","統一-金門",0,15,-15
"4817","5410國眾","110/07/28","元富-新竹",10,0,10
"4818","5410國眾","110/07/28","元大-北投",0,12,-12
"4819","5410國眾","110/07/28","群益金鼎-永和",10,0,10
"4820","5410國眾","110/07/28","新百王",0,10,-10
"4821","5410國眾","110/07/28","華南永昌-中正",10,0,10
"4822","5410國眾","110/07/28","元大-館前",0,10,-10
"4823","5410國眾","110/07/28","元大-旗山",10,0,10
"4824","5410國眾","110/07/28","元富-安南",0,9,-9
"4825","5410國眾","110/07/28","元大-大天母",10,0,10
"4826","5410國眾","110/07/28","元大-龍潭",1,10,-9
"4827","5410國眾","110/07/28","大昌",9,0,9
"4828","5410國眾","110/07/28","港商野村",1,7,-6
"4829","5410國眾","110/07/28","臺銀-鳳山",8,0,8
"4830","5410國眾","110/07/28","元大-東泰",0,6,-6
"4831","2841台開","110/07/28","台新-台中",36,0,36
"4832","2841台開","110/07/28","元大-大雅",0,90,-90
"4833","2841台開","110/07/28","群益金鼎-大甲",24,0,24
"4834","2841台開","110/07/28","凱基-台北",0,73,-73
"4835","2841台開","110/07/28","永豐金-敦南",29,8,21
"4836","2841台開","110/07/28","港商野村",0,27,-27
"4837","2841台開","110/07/28","第一金-台中",20,0,20
"4838","2841台開","110/07/28","大慶-富順",0,20,-20
"4839","2841台開","110/07/28","元富-烏日",20,0,20
"4840","2841台開","110/07/28","豐農",0,17,-17
"4841","2841台開","110/07/28","元大-歸仁",20,0,20
"4842","2841台開","110/07/28","元大-大里德芳",0,15,-15
"4843","2841台開","110/07/28","永豐金-豐原",20,0,20
"4844","2841台開","110/07/28","日盛-大墩",0,10,-10
"4845","2841台開","110/07/28","日盛-花蓮",15,0,15
"4846","2841台開","110/07/28","元大-博愛",0,10,-10
"4847","2841台開","110/07/28","大昌-安康",18,3,15
"4848","2841台開","110/07/28","元大-豐原站前",0,10,-10
"4849","2841台開","110/07/28","陽信-石牌",13,0,13
"4850","2841台開","110/07/28","台新證券",6,13,-7
"4851","2841台開","110/07/28","台灣摩根士丹利",10,0,10
"4852","2841台開","110/07/28","台中銀",0,5,-5
"4853","2841台開","110/07/28","台新-高雄",10,0,10
"4854","2841台開","110/07/28","中國信託-中壢",0,5,-5
"4855","2841台開","110/07/28","國泰-忠孝",10,0,10
"4856","2841台開","110/07/28","元大-大同",0,5,-5
"4857","2841台開","110/07/28","元大-竹南",10,0,10
"4858","2841台開","110/07/28","元大-大益",0,4,-4
"4859","2841台開","110/07/28","元大-屏南",9,0,9
"4860","2841台開","110/07/28","元富-松德",0,3,-3
"4861","6207雷科","110/07/28","新加坡商瑞銀",153,44,109
"4862","6207雷科","110/07/28","康和-延平",0,48,-48
"4863","6207雷科","110/07/28","摩根大通",219,131,88
"4864","6207雷科","110/07/28","元富-大昌",0,33,-33
"4865","6207雷科","110/07/28","康和-台中",70,0,70
"4866","6207雷科","110/07/28","聯邦商銀",0,30,-30
"4867","6207雷科","110/07/28","凱基-台北",112,49,63
"4868","6207雷科","110/07/28","兆豐-三民",1,30,-29
"4869","6207雷科","110/07/28","凱基-復興",63,3,60
"4870","6207雷科","110/07/28","元大-龍潭",0,25,-25
"4871","6207雷科","110/07/28","群益金鼎-三民",59,8,51
"4872","6207雷科","110/07/28","宏遠證券",0,23,-23
"4873","6207雷科","110/07/28","永豐金-羅東",50,0,50
"4874","6207雷科","110/07/28","大昌-桃園",15,36,-21
"4875","6207雷科","110/07/28","美林",46,3,43
"4876","6207雷科","110/07/28","國泰-桃園",0,21,-21
"4877","6207雷科","110/07/28","群益金鼎-敦南",51,16,35
"4878","6207雷科","110/07/28","凱基-中壢",0,21,-21
"4879","6207雷科","110/07/28","日盛-忠孝",31,0,31
"4880","6207雷科","110/07/28","富邦-台北",4,24,-20
"4881","6207雷科","110/07/28","港商野村",32,8,24
"4882","6207雷科","110/07/28","臺銀-臺南",0,19,-19
"4883","6207雷科","110/07/28","群益金鼎-東門",22,0,22
"4884","6207雷科","110/07/28","新光",5,24,-19
"4885","6207雷科","110/07/28","統一-高雄",41,20,21
"4886","6207雷科","110/07/28","群益金鼎-大甲",1,20,-19
"4887","6207雷科","110/07/28","群益金鼎-延平",21,0,21
"4888","6207雷科","110/07/28","元大-中壢",10,28,-18
"4889","6207雷科","110/07/28","彰銀-台中",20,0,20
"4890","6207雷科","110/07/28","永豐金-北高雄",3,20,-17
"4891","3679新至陞","110/07/28","華南永昌-淡水",10,0,10
"4892","3679新至陞","110/07/28","瑞士信貸",0,25,-25
"4893","3679新至陞","110/07/28","富邦-嘉義",10,0,10
"4894","3679新至陞","110/07/28","凱基-台北",6,14,-8
"4895","3679新至陞","110/07/28","台中銀-員林",11,2,9
"4896","3679新至陞","110/07/28","美林",5,12,-7
"4897","3679新至陞","110/07/28","大昌-樹林",7,0,7
"4898","3679新至陞","110/07/28","摩根大通",5,11,-6
"4899","3679新至陞","110/07/28","康和-澎湖",5,0,5
"4900","3679新至陞","110/07/28","兆豐-新莊",0,5,-5
"4901","3679新至陞","110/07/28","富邦-台北",5,0,5
"4902","3679新至陞","110/07/28","群益金鼎-新莊",0,5,-5
"4903","3679新至陞","110/07/28","元大-成功",5,0,5
"4904","3679新至陞","110/07/28","台灣摩根士丹利",0,4,-4
"4905","3679新至陞","110/07/28","新加坡商瑞銀",3,0,3
"4906","3679新至陞","110/07/28","日盛-新竹",0,3,-3
"4907","3679新至陞","110/07/28","中國信託-新竹",3,0,3
"4908","3679新至陞","110/07/28","群益金鼎-東門",0,3,-3
"4909","3679新至陞","110/07/28","元大-新莊",3,0,3
"4910","3679新至陞","110/07/28","元大證券",0,3,-3
"4911","3679新至陞","110/07/28","宏遠-光隆",2,0,2
"4912","3679新至陞","110/07/28","元大-忠孝",0,3,-3
"4913","3679新至陞","110/07/28","大慶-蘆洲",2,0,2
"4914","3679新至陞","110/07/28","合庫-西台中",0,2,-2
"4915","3679新至陞","110/07/28","台新-左楠",2,0,2
"4916","3679新至陞","110/07/28","日盛-板橋",0,2,-2
"4917","3679新至陞","110/07/28","群益金鼎-三重",2,0,2
"4918","3679新至陞","110/07/28","國票-桃園",0,2,-2
"4919","3679新至陞","110/07/28","華南永昌-高雄",2,0,2
"4920","3679新至陞","110/07/28","台新-台南",0,2,-2
"4921","2727王品","110/07/28","凱基-台北",139,50,89
"4922","2727王品","110/07/28","新光-台中",9,68,-59
"4923","2727王品","110/07/28","美林",77,10,67
"4924","2727王品","110/07/28","瑞士信貸",16,54,-38
"4925","2727王品","110/07/28","港商野村",118,64,54
"4926","2727王品","110/07/28","華南永昌",4,41,-37
"4927","2727王品","110/07/28","國泰-敦南",51,30,21
"4928","2727王品","110/07/28","美商高盛",2,30,-28
"4929","2727王品","110/07/28","新加坡商瑞銀",58,38,20
"4930","2727王品","110/07/28","富邦-板橋",17,38,-21
"4931","2727王品","110/07/28","永豐金-中盛",24,4,20
"4932","2727王品","110/07/28","富邦-竹北",0,20,-20
"4933","2727王品","110/07/28","元大-南崁",20,2,18
"4934","2727王品","110/07/28","元大-小港",1,21,-20
"4935","2727王品","110/07/28","摩根大通",48,32,16
"4936","2727王品","110/07/28","凱基",0,18,-18
"4937","2727王品","110/07/28","臺銀-高雄",14,0,14
"4938","2727王品","110/07/28","統一",15,31,-16
"4939","2727王品","110/07/28","永豐金-桃盛",19,5,14
"4940","2727王品","110/07/28","國泰-台中",12,28,-16
"4941","2727王品","110/07/28","凱基-內湖",13,0,13
"4942","2727王品","110/07/28","元大-台中",7,22,-15
"4943","2727王品","110/07/28","永豐金-中正",15,2,13
"4944","2727王品","110/07/28","華南永昌-麻豆",0,14,-14
"4945","2727王品","110/07/28","富邦-建國",18,7,11
"4946","2727王品","110/07/28","永豐金-豐原",1,15,-14
"4947","2727王品","110/07/28","富邦-陽明",15,5,10
"4948","2727王品","110/07/28","國票-內壢",1,14,-13
"4949","2727王品","110/07/28","元大-南京",10,0,10
"4950","2727王品","110/07/28","永豐金證券",2,15,-13
"4951","1570力肯","110/07/28","國泰-敦南",50,0,50
"4952","1570力肯","110/07/28","元大-高雄",0,42,-42
"4953","1570力肯","110/07/28","群益金鼎-高雄",31,0,31
"4954","1570力肯","110/07/28","國票-新莊",0,14,-14
"4955","1570力肯","110/07/28","元富-延平",15,0,15
"4956","1570力肯","110/07/28","凱基-站前",0,10,-10
"4957","1570力肯","110/07/28","(牛牛牛)亞-鑫豐",10,0,10
"4958","1570力肯","110/07/28","凱基-台北",0,10,-10
"4959","1570力肯","110/07/28","元富-緯城",6,0,6
"4960","1570力肯","110/07/28","元大-忠孝",0,10,-10
"4961","1570力肯","110/07/28","合庫-自強",5,0,5
"4962","1570力肯","110/07/28","台灣摩根士丹利",0,9,-9
"4963","1570力肯","110/07/28","臺銀-臺南",4,0,4
"4964","1570力肯","110/07/28","群益金鼎-板橋",0,8,-8
"4965","1570力肯","110/07/28","兆豐-台中港",3,0,3
"4966","1570力肯","110/07/28","永豐金-大園",0,7,-7
"4967","1570力肯","110/07/28","日盛-板橋",2,0,2
"4968","1570力肯","110/07/28","元大-台南",0,5,-5
"4969","1570力肯","110/07/28","統一-松江",2,0,2
"4970","1570力肯","110/07/28","合庫-台中",0,4,-4
"4971","1570力肯","110/07/28","台新-三民",2,0,2
"4972","1570力肯","110/07/28","富邦-板橋",0,3,-3
"4973","1570力肯","110/07/28","群益金鼎-土城",2,0,2
"4974","1570力肯","110/07/28","元大-板橋",0,3,-3
"4975","1570力肯","110/07/28","元大-和平",2,0,2
"4976","1570力肯","110/07/28","統一-桃園",0,2,-2
"4977","1570力肯","110/07/28","元大-土城永寧",2,0,2
"4978","1570力肯","110/07/28","凱基-三多",0,2,-2
"4979","1570力肯","110/07/28","大昌-樹林",1,0,1
"4980","1570力肯","110/07/28","華南永昌-高雄",0,2,-2
"4981","6180橘子","110/07/28","凱基-台北",152,85,67
"4982","6180橘子","110/07/28","摩根大通",20,92,-72
"4983","6180橘子","110/07/28","新光",57,18,39
"4984","6180橘子","110/07/28","大慶-台中",0,33,-33
"4985","6180橘子","110/07/28","美商高盛",49,12,37
"4986","6180橘子","110/07/28","兆豐證券",0,25,-25
"4987","6180橘子","110/07/28","第一金-安和",20,0,20
"4988","6180橘子","110/07/28","元大-上新莊",0,22,-22
"4989","6180橘子","110/07/28","元富-桃園",20,0,20
"4990","6180橘子","110/07/28","新加坡商瑞銀",23,44,-21
"4991","6180橘子","110/07/28","第一金-員林",19,0,19
"4992","6180橘子","110/07/28","富邦-內湖",0,21,-21
"4993","6180橘子","110/07/28","富邦-嘉義",22,4,18
"4994","6180橘子","110/07/28","第一金-新興",0,20,-20
"4995","6180橘子","110/07/28","統一-嘉義",16,0,16
"4996","6180橘子","110/07/28","臺銀-臺南",5,22,-17
"4997","6180橘子","110/07/28","國票-九鼎",15,0,15
"4998","6180橘子","110/07/28","第一金-忠孝",0,10,-10
"4999","6180橘子","110/07/28","華南永昌-朴子",14,0,14
"5000","6180橘子","110/07/28","元富-屏東",0,10,-10
"5001","6180橘子","110/07/28","群益金鼎-台南",13,0,13
"5002","6180橘子","110/07/28","凱基-八德",1,11,-10
"5003","6180橘子","110/07/28","富邦-建國",13,1,12
"5004","6180橘子","110/07/28","元大-和平",1,11,-10
"5005","6180橘子","110/07/28","富邦-板橋",16,5,11
"5006","6180橘子","110/07/28","元大-台中中港",0,10,-10
"5007","6180橘子","110/07/28","元富-新店",10,0,10
"5008","6180橘子","110/07/28","元大-南屯",0,9,-9
"5009","6180橘子","110/07/28","元大-台南",10,0,10
"5010","6180橘子","110/07/28","永豐金-屏東",0,9,-9
"5011","2390云辰","110/07/28","摩根大通",1589,780,809
"5012","2390云辰","110/07/28","華南永昌-鳳山",34,290,-256
"5013","2390云辰","110/07/28","凱基-台北",457,300,157
"5014","2390云辰","110/07/28","凱基-基隆",0,224,-224
"5015","2390云辰","110/07/28","美林",330,206,124
"5016","2390云辰","110/07/28","元富-高雄",56,177,-121
"5017","2390云辰","110/07/28","元富-同大",159,35,124
"5018","2390云辰","110/07/28","元富-中港",1,100,-99
"5019","2390云辰","110/07/28","台灣摩根士丹利",193,71,122
"5020","2390云辰","110/07/28","兆豐-公益",4,100,-96
"5021","2390云辰","110/07/28","元大-前金",150,49,101
"5022","2390云辰","110/07/28","統一-新台中",180,274,-94
"5023","2390云辰","110/07/28","永豐金-鳳山",110,18,92
"5024","2390云辰","110/07/28","日盛-新莊",4,76,-72
"5025","2390云辰","110/07/28","元大-林園",99,11,88
"5026","2390云辰","110/07/28","永豐金-新店",0,57,-57
"5027","2390云辰","110/07/28","元大-信義",121,35,86
"5028","2390云辰","110/07/28","華南永昌-內壢",0,56,-56
"5029","2390云辰","110/07/28","美商高盛",206,123,83
"5030","2390云辰","110/07/28","第一金-豐原",9,63,-54
"5031","2390云辰","110/07/28","統一-城中",101,37,64
"5032","2390云辰","110/07/28","華南永昌-中正",13,67,-54
"5033","2390云辰","110/07/28","元大-竹山",75,20,55
"5034","2390云辰","110/07/28","元大-大益",7,59,-52
"5035","2390云辰","110/07/28","豐農",79,25,54
"5036","2390云辰","110/07/28","大慶",0,50,-50
"5037","2390云辰","110/07/28","新加坡商瑞銀",68,15,53
"5038","2390云辰","110/07/28","凱基-豐中",3,49,-46
"5039","2390云辰","110/07/28","統一-屏東",54,5,49
"5040","2390云辰","110/07/28","元大-彰化民生",7,51,-44
"5041","1471首利","110/07/27","永全-八德",50,0,50
"5042","1471首利","110/07/27","國票-九鼎",0,306,-306
"5043","1471首利","110/07/27","中國信託-松江",48,0,48
"5044","1471首利","110/07/27","兆豐-天母",1,115,-114
"5045","1471首利","110/07/27","富邦-嘉義",40,0,40
"5046","1471首利","110/07/27","美林",0,42,-42
"5047","1471首利","110/07/27","富邦-台南",33,0,33
"5048","1471首利","110/07/27","摩根大通",45,75,-30
"5049","1471首利","110/07/27","(牛牛牛)亞-鑫豐",32,0,32
"5050","1471首利","110/07/27","凱基-八德",0,30,-30
"5051","1471首利","110/07/27","台灣企銀-太平",25,0,25
"5052","1471首利","110/07/27","中國信託-高雄",0,25,-25
"5053","1471首利","110/07/27","群益金鼎-台中",23,0,23
"5054","1471首利","110/07/27","統一-新台中",0,24,-24
"5055","1471首利","110/07/27","元富-潮州",20,0,20
"5056","1471首利","110/07/27","聯邦-高雄",0,21,-21
"5057","1471首利","110/07/27","凱基-信義",20,0,20
"5058","1471首利","110/07/27","德信-中正",0,20,-20
"5059","1471首利","110/07/27","富邦-基隆",26,8,18
"5060","1471首利","110/07/27","元大-福營",3,20,-17
"5061","1471首利","110/07/27","日盛-高雄",17,0,17
"5062","1471首利","110/07/27","凱基-宜蘭",0,16,-16
"5063","1471首利","110/07/27","國泰-敦南",16,2,14
"5064","1471首利","110/07/27","凱基-天母",0,15,-15
"5065","1471首利","110/07/27","元大-大甲",13,0,13
"5066","1471首利","110/07/27","第一金-高雄",6,20,-14
"5067","1471首利","110/07/27","合庫-鳳山",12,0,12
"5068","1471首利","110/07/27","元大-中壢",0,13,-13
"5069","1471首利","110/07/27","日盛-大墩",12,0,12
"5070","1471首利","110/07/27","元富-安南",0,12,-12
"5071","2883開發金","110/07/27","元富",1762,67,1695
"5072","2883開發金","110/07/27","美林",0,11931,-11931
"5073","2883開發金","110/07/27","福邦證券",1450,0,1450
"5074","2883開發金","110/07/27","新加坡商瑞銀",1513,8370,-6857
"5075","2883開發金","110/07/27","凱基",1422,0,1422
"5076","2883開發金","110/07/27","凱基-台北",1081,5265,-4184
"5077","2883開發金","110/07/27","瑞士信貸",2044,731,1313
"5078","2883開發金","110/07/27","摩根大通",612,3392,-2780
"5079","2883開發金","110/07/27","台灣摩根士丹利",2112,921,1191
"5080","2883開發金","110/07/27","統一-仁愛",31,2002,-1971
"5081","2883開發金","110/07/27","新光",1474,461,1013
"5082","2883開發金","110/07/27","兆豐證券",192,1910,-1718
"5083","2883開發金","110/07/27","國票-長城",1003,20,983
"5084","2883開發金","110/07/27","(牛牛牛)亞-鑫豐",276,1815,-1539
"5085","2883開發金","110/07/27","台新證券",1207,362,845
"5086","2883開發金","110/07/27","永豐金-板橋",197,1610,-1413
"5087","2883開發金","110/07/27","港商野村",2209,1498,711
"5088","2883開發金","110/07/27","美商高盛",16,1337,-1321
"5089","2883開發金","110/07/27","永豐金-彰化",680,26,654
"5090","2883開發金","110/07/27","兆豐-北高雄",60,1360,-1300
"5091","2883開發金","110/07/27","台新-高雄",918,265,653
"5092","2883開發金","110/07/27","兆豐-景美",26,1070,-1044
"5093","2883開發金","110/07/27","國泰-敦南",1273,634,639
"5094","2883開發金","110/07/27","亞東-新竹",7,1001,-994
"5095","2883開發金","110/07/27","元大證券",876,246,630
"5096","2883開發金","110/07/27","富邦-羅東",201,1098,-897
"5097","2883開發金","110/07/27","致和證券",684,92,592
"5098","2883開發金","110/07/27","統一",159,811,-652
"5099","2883開發金","110/07/27","元大-民生",550,2,548
"5100","2883開發金","110/07/27","香港上海匯豐",0,584,-584
"5101","6205詮欣","110/07/27","土銀-和平",20,0,20
"5102","6205詮欣","110/07/27","摩根大通",3,22,-19
"5103","6205詮欣","110/07/27","臺銀-民權",20,6,14
"5104","6205詮欣","110/07/27","瑞士信貸",5,16,-11
"5105","6205詮欣","110/07/27","台新證券",5,0,5
"5106","6205詮欣","110/07/27","臺銀-鳳山",0,6,-6
"5107","6205詮欣","110/07/27","華南永昌-小港",5,0,5
"5108","6205詮欣","110/07/27","臺銀-新竹",0,5,-5
"5109","6205詮欣","110/07/27","日盛-新莊",4,0,4
"5110","6205詮欣","110/07/27","國票-和平",0,4,-4
"5111","6205詮欣","110/07/27","元富-三重",4,0,4
"5112","6205詮欣","110/07/27","凱基-東門",0,4,-4
"5113","6205詮欣","110/07/27","致和-佳里",4,1,3
"5114","6205詮欣","110/07/27","富邦-花蓮",0,3,-3
"5115","6205詮欣","110/07/27","華南永昌-岡山",3,0,3
"5116","6205詮欣","110/07/27","元大-北投",0,3,-3
"5117","6205詮欣","110/07/27","元大-成功",3,0,3
"5118","6205詮欣","110/07/27","元大-民生",2,5,-3
"5119","6205詮欣","110/07/27","土銀-嘉義",2,0,2
"5120","6205詮欣","110/07/27","日盛-三重",0,2,-2
"5121","6205詮欣","110/07/27","第一金-光復",2,0,2
"5122","6205詮欣","110/07/27","日盛-北高雄",0,2,-2
"5123","6205詮欣","110/07/27","統一-屏東",2,0,2
"5124","6205詮欣","110/07/27","港商野村",0,2,-2
"5125","6205詮欣","110/07/27","元富-新莊",2,0,2
"5126","6205詮欣","110/07/27","統一-彰化",0,2,-2
"5127","6205詮欣","110/07/27","兆豐-竹北",2,0,2
"5128","6205詮欣","110/07/27","永全",0,2,-2
"5129","6205詮欣","110/07/27","新光",2,0,2
"5130","6205詮欣","110/07/27","兆豐-西螺",0,2,-2
"5131","1540喬福","110/07/27","富邦-員林",10,0,10
"5132","1540喬福","110/07/27","合庫-台中",0,26,-26
"5133","1540喬福","110/07/27","元大-中壢",10,0,10
"5134","1540喬福","110/07/27","統一-新台中",0,25,-25
"5135","1540喬福","110/07/27","凱基-台中",8,0,8
"5136","1540喬福","110/07/27","元大-斗六",0,10,-10
"5137","1540喬福","110/07/27","大慶-中壢",5,0,5
"5138","1540喬福","110/07/27","凱基-中港",0,9,-9
"5139","1540喬福","110/07/27","兆豐-北高雄",5,0,5
"5140","1540喬福","110/07/27","國票-中正",0,8,-8
"5141","1540喬福","110/07/27","兆豐-三民",5,0,5
"5142","1540喬福","110/07/27","臺銀-臺中",0,5,-5
"5143","1540喬福","110/07/27","台新-台中",5,0,5
"5144","1540喬福","110/07/27","元富-中原",0,5,-5
"5145","1540喬福","110/07/27","國票-九鼎",4,0,4
"5146","1540喬福","110/07/27","新光-桃園",0,5,-5
"5147","1540喬福","110/07/27","富邦-高雄",5,1,4
"5148","1540喬福","110/07/27","大昌-新竹",0,4,-4
"5149","1540喬福","110/07/27","永豐金-羅東",4,0,4
"5150","1540喬福","110/07/27","元大-員林中山",0,4,-4
"5151","1540喬福","110/07/27","台新證券",3,0,3
"5152","1540喬福","110/07/27","群益金鼎-瑞豐",0,3,-3
"5153","1540喬福","110/07/27","華南永昌-台中",3,0,3
"5154","1540喬福","110/07/27","凱基-台北",0,3,-3
"5155","1540喬福","110/07/27","富邦-台東",3,0,3
"5156","1540喬福","110/07/27","富邦-建國",0,3,-3
"5157","1540喬福","110/07/27","元大-台中中港",3,0,3
"5158","1540喬福","110/07/27","國票-北投",0,2,-2
"5159","1540喬福","110/07/27","亞東",2,0,2
"5160","1540喬福","110/07/27","元大-鳳山",0,2,-2
"5161","2888新光金","110/07/27","台灣摩根士丹利",11737,746,10991
"5162","2888新光金","110/07/27","玉山-城中",112,6002,-5890
"5163","2888新光金","110/07/27","美林",3692,417,3275
"5164","2888新光金","110/07/27","新加坡商瑞銀",120,5935,-5815
"5165","2888新光金","110/07/27","凱基-台北",4378,2713,1665
"5166","2888新光金","110/07/27","摩根大通",1586,7187,-5601
"5167","2888新光金","110/07/27","凱基-台南",1551,3,1548
"5168","2888新光金","110/07/27","富邦-建國",298,5641,-5343
"5169","2888新光金","110/07/27","台新證券",1494,124,1370
"5170","2888新光金","110/07/27","第一金-高雄",81,5014,-4933
"5171","2888新光金","110/07/27","新光",2434,1212,1222
"5172","2888新光金","110/07/27","瑞士信貸",191,4524,-4333
"5173","2888新光金","110/07/27","元大-四維",1246,25,1221
"5174","2888新光金","110/07/27","兆豐-鹿港",45,2632,-2587
"5175","2888新光金","110/07/27","富隆-長安",1070,0,1070
"5176","2888新光金","110/07/27","國票-彰化",3,1803,-1800
"5177","2888新光金","110/07/27","永豐金-萬盛",1052,0,1052
"5178","2888新光金","110/07/27","港商野村",0,1434,-1434
"5179","2888新光金","110/07/27","法銀巴黎",1116,120,996
"5180","2888新光金","110/07/27","統一-高雄",173,1511,-1338
"5181","2888新光金","110/07/27","凱基-竹科",853,4,849
"5182","2888新光金","110/07/27","群益金鼎-古亭",40,1202,-1162
"5183","2888新光金","110/07/27","元大-斗信",874,50,824
"5184","2888新光金","110/07/27","日盛-樹林",34,1034,-1000
"5185","2888新光金","110/07/27","日盛-景美",811,119,692
"5186","2888新光金","110/07/27","統一-土城",18,1000,-982
"5187","2888新光金","110/07/27","元富-世貿",568,2,566
"5188","2888新光金","110/07/27","元大-鹿港",125,1057,-932
"5189","2888新光金","110/07/27","日盛-雙和",567,2,565
"5190","2888新光金","110/07/27","新光-桃園",91,993,-902
"5191","1340勝悅","110/07/27","亞東-台中",15,0,15
"5192","1340勝悅","110/07/27","凱基-岡山",0,25,-25
"5193","1340勝悅","110/07/27","元大-路竹",15,0,15
"5194","1340勝悅","110/07/27","合庫-嘉義",0,14,-14
"5195","1340勝悅","110/07/27","臺銀-臺中",7,0,7
"5196","1340勝悅","110/07/27","元大-北港",0,14,-14
"5197","1340勝悅","110/07/27","台新-台中",7,0,7
"5198","1340勝悅","110/07/27","凱基-台北",0,12,-12
"5199","1340勝悅","110/07/27","元大-屏南",6,0,6
"5200","1340勝悅","110/07/27","兆豐-三民",0,7,-7
"5201","1340勝悅","110/07/27","臺灣企銀-埔墘",5,0,5
"5202","1340勝悅","110/07/27","華南永昌-台中",1,7,-6
"5203","1340勝悅","110/07/27","日盛-板橋",5,0,5
"5204","1340勝悅","110/07/27","日盛-信義",0,5,-5
"5205","1340勝悅","110/07/27","日盛-新莊",5,0,5
"5206","1340勝悅","110/07/27","德信-和平",0,5,-5
"5207","1340勝悅","110/07/27","臺銀-鳳山",4,0,4
"5208","1340勝悅","110/07/27","台新證券",0,5,-5
"5209","1340勝悅","110/07/27","玉山-城中",4,0,4
"5210","1340勝悅","110/07/27","新光-高雄",0,4,-4
"5211","1340勝悅","110/07/27","美商高盛",3,0,3
"5212","1340勝悅","110/07/27","瑞士信貸",0,2,-2
"5213","1340勝悅","110/07/27","(牛牛牛)亞-鑫豐",3,0,3
"5214","1340勝悅","110/07/27","港商野村",0,2,-2
"5215","1340勝悅","110/07/27","國票-長城",2,0,2
"5216","1340勝悅","110/07/27","台新-高雄",1,3,-2
"5217","1340勝悅","110/07/27","新光",2,0,2
"5218","1340勝悅","110/07/27","玉山證券",0,2,-2
"5219","1340勝悅","110/07/27","群益金鼎-館前",2,0,2
"5220","1340勝悅","110/07/27","玉山-南京東路",0,2,-2
"5221","6246臺龍","110/07/27","永豐金-桃園",135,0,135
"5222","6246臺龍","110/07/27","元大-木柵",0,59,-59
"5223","6246臺龍","110/07/27","港商野村",111,30,81
"5224","6246臺龍","110/07/27","日盛-景美",0,52,-52
"5225","6246臺龍","110/07/27","元大-西螺",31,0,31
"5226","6246臺龍","110/07/27","華南永昌-彰化",0,46,-46
"5227","6246臺龍","110/07/27","群益金鼎-鳳山",27,0,27
"5228","6246臺龍","110/07/27","兆豐-松德",0,43,-43
"5229","6246臺龍","110/07/27","永豐金-虎尾",27,0,27
"5230","6246臺龍","110/07/27","華南永昌-公誠",5,35,-30
"5231","6246臺龍","110/07/27","玉山-台南",28,2,26
"5232","6246臺龍","110/07/27","凱基-幸福",0,28,-28
"5233","6246臺龍","110/07/27","元大-西屯",25,0,25
"5234","6246臺龍","110/07/27","元富-安南",0,22,-22
"5235","6246臺龍","110/07/27","國泰-忠孝",23,0,23
"5236","6246臺龍","110/07/27","日盛-文化",0,20,-20
"5237","6246臺龍","110/07/27","元大-大里",21,0,21
"5238","6246臺龍","110/07/27","兆豐-寶成",0,20,-20
"5239","6246臺龍","110/07/27","兆豐-竹北",20,0,20
"5240","6246臺龍","110/07/27","華南永昌-虎尾",0,20,-20
"5241","6246臺龍","110/07/27","元大-員林",20,0,20
"5242","6246臺龍","110/07/27","永豐金-埔里",0,19,-19
"5243","6246臺龍","110/07/27","永豐金-敦南",20,0,20
"5244","6246臺龍","110/07/27","兆豐-新營",2,20,-18
"5245","6246臺龍","110/07/27","永豐金-羅東",23,5,18
"5246","6246臺龍","110/07/27","新光-台中",3,20,-17
"5247","6246臺龍","110/07/27","永豐金-桃盛",18,0,18
"5248","6246臺龍","110/07/27","凱基-市政",0,17,-17
"5249","6246臺龍","110/07/27","統一",16,0,16
"5250","6246臺龍","110/07/27","元大-蘆洲",0,16,-16
"5251","00715L期街口布蘭特正2","110/07/27","元大證券",10436,28,10408
"5252","00715L期街口布蘭特正2","110/07/27","元大-萬華",0,751,-751
"5253","00715L期街口布蘭特正2","110/07/27","凱基-台北",4269,129,4140
"5254","00715L期街口布蘭特正2","110/07/27","元大-大里德芳",0,734,-734
"5255","00715L期街口布蘭特正2","110/07/27","群益金鼎",3798,0,3798
"5256","00715L期街口布蘭特正2","110/07/27","新光",380,1105,-725
"5257","00715L期街口布蘭特正2","110/07/27","永豐金證券",2610,22,2588
"5258","00715L期街口布蘭特正2","110/07/27","(牛牛牛)亞-網路",10,697,-687
"5259","00715L期街口布蘭特正2","110/07/27","國票",2605,21,2584
"5260","00715L期街口布蘭特正2","110/07/27","日盛-新莊",5,550,-545
"5261","00715L期街口布蘭特正2","110/07/27","富邦證券",1522,0,1522
"5262","00715L期街口布蘭特正2","110/07/27","玉山-高雄",7,494,-487
"5263","00715L期街口布蘭特正2","110/07/27","合庫證券",1507,239,1268
"5264","00715L期街口布蘭特正2","110/07/27","華南永昌",1,471,-470
"5265","00715L期街口布蘭特正2","110/07/27","元富",1102,0,1102
"5266","00715L期街口布蘭特正2","110/07/27","華南永昌-竹北",0,469,-469
"5267","00715L期街口布蘭特正2","110/07/27","凱基",980,0,980
"5268","00715L期街口布蘭特正2","110/07/27","兆豐-嘉義",0,420,-420
"5269","00715L期街口布蘭特正2","110/07/27","國票-博愛",702,0,702
"5270","00715L期街口布蘭特正2","110/07/27","國票-九鼎",0,409,-409
"5271","00715L期街口布蘭特正2","110/07/27","統一",796,117,679
"5272","00715L期街口布蘭特正2","110/07/27","統一-高雄",0,405,-405
"5273","00715L期街口布蘭特正2","110/07/27","華南永昌-長虹",810,185,625
"5274","00715L期街口布蘭特正2","110/07/27","富邦-彰化",0,402,-402
"5275","00715L期街口布蘭特正2","110/07/27","港商野村",1076,494,582
"5276","00715L期街口布蘭特正2","110/07/27","元大-羅東",0,400,-400
"5277","00715L期街口布蘭特正2","110/07/27","永豐金-三重",500,16,484
"5278","00715L期街口布蘭特正2","110/07/27","富邦-高雄",0,398,-398
"5279","00715L期街口布蘭特正2","110/07/27","元大-敦化",420,0,420
"5280","00715L期街口布蘭特正2","110/07/27","新光-台中",17,391,-374
"5281","8941關中","110/07/27","富邦-仁愛",4,0,4
"5282","8941關中","110/07/27","光和-溪湖",0,2,-2
"5283","8941關中","110/07/27","日盛-新莊",1,0,1
"5284","8941關中","110/07/27","富邦-園區",0,2,-2
"5285","8941關中","110/07/27","台新-高雄",1,0,1
"5286","8941關中","110/07/27","合庫-高雄",0,1,-1
"5287","8941關中","110/07/27","元大-金華",1,0,1
"5288","8941關中","110/07/27","凱基-台北",0,1,-1
"5289","8941關中","110/07/27","臺銀-鳳山",0,0,0
"5290","8941關中","110/07/27","富邦-台東",0,1,-1
"5291","8941關中","110/07/27","日盛-花蓮",0,0,0
"5292","8941關中","110/07/27","臺銀-鳳山",0,0,0
"5293","8941關中","110/07/27","康和-板橋",0,0,0
"5294","8941關中","110/07/27","日盛-花蓮",0,0,0
"5295","8941關中","110/07/27","富邦-宜蘭",0,0,0
"5296","8941關中","110/07/27","康和-板橋",0,0,0
"5297","8941關中","110/07/27","元大-新竹經國",0,0,0
"5298","8941關中","110/07/27","富邦-宜蘭",0,0,0
"5299","8941關中","110/07/27","永豐金-萬盛",0,0,0
"5300","8941關中","110/07/27","元大-新竹經國",0,0,0
"5301","8941關中","110/07/27","永豐金-桃盛",0,0,0
"5302","8941關中","110/07/27","永豐金-萬盛",0,0,0
"5303","8941關中","110/07/27","",NA,NA,NA
"5304","8941關中","110/07/27","永豐金-桃盛",0,0,0
"5305","8941關中","110/07/27","",NA,NA,NA
"5306","8941關中","110/07/27","",NA,NA,NA
"5307","8941關中","110/07/27","",NA,NA,NA
"5308","8941關中","110/07/27","",NA,NA,NA
"5309","8941關中","110/07/27","",NA,NA,NA
"5310","8941關中","110/07/27","",NA,NA,NA
"5311","8936國統","110/07/27","日盛-景美",100,0,100
"5312","8936國統","110/07/27","摩根大通",115,220,-105
"5313","8936國統","110/07/27","大慶-蘆洲",90,0,90
"5314","8936國統","110/07/27","玉山-桃園",0,75,-75
"5315","8936國統","110/07/27","台新-建北",60,0,60
"5316","8936國統","110/07/27","凱基-台北",13,77,-64
"5317","8936國統","110/07/27","日盛-忠孝",40,1,39
"5318","8936國統","110/07/27","元富-大昌",2,50,-48
"5319","8936國統","110/07/27","新加坡商瑞銀",109,71,38
"5320","8936國統","110/07/27","華南永昌-台中",4,45,-41
"5321","8936國統","110/07/27","華南永昌",30,0,30
"5322","8936國統","110/07/27","新光-台中",26,66,-40
"5323","8936國統","110/07/27","兆豐-來福",29,0,29
"5324","8936國統","110/07/27","台灣摩根士丹利",20,54,-34
"5325","8936國統","110/07/27","元大-旗山",28,0,28
"5326","8936國統","110/07/27","元大-東蘆",0,34,-34
"5327","8936國統","110/07/27","元大-松江",27,0,27
"5328","8936國統","110/07/27","富邦-仁愛",1,34,-33
"5329","8936國統","110/07/27","新光",41,19,22
"5330","8936國統","110/07/27","凱基-板橋",0,31,-31
"5331","8936國統","110/07/27","元富-林園",20,0,20
"5332","8936國統","110/07/27","凱基-信義",0,30,-30
"5333","8936國統","110/07/27","玉山-高雄",20,0,20
"5334","8936國統","110/07/27","瑞士信貸",1,30,-29
"5335","8936國統","110/07/27","凱基-桃園",23,3,20
"5336","8936國統","110/07/27","元大-花蓮",2,24,-22
"5337","8936國統","110/07/27","永豐金-永康",20,0,20
"5338","8936國統","110/07/27","元富-緯城",0,20,-20
"5339","8936國統","110/07/27","日盛-屏東",23,4,19
"5340","8936國統","110/07/27","群益金鼎-宜蘭",0,20,-20
"5341","6226光鼎","110/07/27","第一金-忠孝",405,4,401
"5342","6226光鼎","110/07/27","華南永昌-台南",5,240,-235
"5343","6226光鼎","110/07/27","台新-台中",272,75,197
"5344","6226光鼎","110/07/27","大慶-泰山",0,201,-201
"5345","6226光鼎","110/07/27","凱基-和平",155,7,148
"5346","6226光鼎","110/07/27","富邦-員林",2,151,-149
"5347","6226光鼎","110/07/27","新加坡商瑞銀",133,0,133
"5348","6226光鼎","110/07/27","群益金鼎-東大",23,165,-142
"5349","6226光鼎","110/07/27","統一-敦南",126,3,123
"5350","6226光鼎","110/07/27","元大-景美",3,132,-129
"5351","6226光鼎","110/07/27","台灣摩根士丹利",129,8,121
"5352","6226光鼎","110/07/27","台新-高雄",84,186,-102
"5353","6226光鼎","110/07/27","統一-新竹",117,1,116
"5354","6226光鼎","110/07/27","合庫證券",27,121,-94
"5355","6226光鼎","110/07/27","日盛證券",122,13,109
"5356","6226光鼎","110/07/27","致和-佳里",5,81,-76
"5357","6226光鼎","110/07/27","元大-潮州",101,1,100
"5358","6226光鼎","110/07/27","永豐金-南投",3,77,-74
"5359","6226光鼎","110/07/27","國泰-敦南",232,145,87
"5360","6226光鼎","110/07/27","台新-新莊",1,57,-56
"5361","6226光鼎","110/07/27","摩根大通",86,0,86
"5362","6226光鼎","110/07/27","日盛-中壢",11,64,-53
"5363","6226光鼎","110/07/27","元富",80,0,80
"5364","6226光鼎","110/07/27","日進",11,63,-52
"5365","6226光鼎","110/07/27","華南永昌-嘉義",80,1,79
"5366","6226光鼎","110/07/27","高橋",13,64,-51
"5367","6226光鼎","110/07/27","元大-高雄",70,3,67
"5368","6226光鼎","110/07/27","元大-土城",1,52,-51
"5369","6226光鼎","110/07/27","華南永昌",82,21,61
"5370","6226光鼎","110/07/27","華南永昌-林口",11,60,-49
"5371","2363矽統","110/07/27","國泰-敦南",541,118,423
"5372","2363矽統","110/07/27","摩根大通",317,1405,-1088
"5373","2363矽統","110/07/27","台新證券",564,333,231
"5374","2363矽統","110/07/27","美林",210,1095,-885
"5375","2363矽統","110/07/27","元大-沙鹿",196,9,187
"5376","2363矽統","110/07/27","港商野村",275,1065,-790
"5377","2363矽統","110/07/27","新光",300,151,149
"5378","2363矽統","110/07/27","凱基-台北",518,1192,-674
"5379","2363矽統","110/07/27","華南永昌-台南",108,3,105
"5380","2363矽統","110/07/27","新加坡商瑞銀",213,703,-490
"5381","2363矽統","110/07/27","華南永昌-朴子",140,43,97
"5382","2363矽統","110/07/27","富邦-南屯",6,272,-266
"5383","2363矽統","110/07/27","華南永昌-公誠",109,13,96
"5384","2363矽統","110/07/27","美商高盛",31,233,-202
"5385","2363矽統","110/07/27","元富-松德",95,1,94
"5386","2363矽統","110/07/27","元大證券",38,235,-197
"5387","2363矽統","110/07/27","中國信託-永康",102,8,94
"5388","2363矽統","110/07/27","永豐金證券",15,201,-186
"5389","2363矽統","110/07/27","台新-三民",111,21,90
"5390","2363矽統","110/07/27","亞東",46,206,-160
"5391","2363矽統","110/07/27","凱基-中港",85,3,82
"5392","2363矽統","110/07/27","群益金鼎",21,169,-148
"5393","2363矽統","110/07/27","元富-烏日",87,6,81
"5394","2363矽統","110/07/27","第一金-嘉義",0,100,-100
"5395","2363矽統","110/07/27","富邦-台北",135,56,79
"5396","2363矽統","110/07/27","凱基-彰化",9,100,-91
"5397","2363矽統","110/07/27","元大-復北",81,12,69
"5398","2363矽統","110/07/27","元富-佳里",27,97,-70
"5399","2363矽統","110/07/27","中國信託-忠孝",94,26,68
"5400","2363矽統","110/07/27","合庫-桃園",8,76,-68
"5401","8112至上","110/07/27","凱基-竹科",300,10,290
"5402","8112至上","110/07/27","凱基-三重",1,501,-500
"5403","8112至上","110/07/27","台灣摩根士丹利",271,49,222
"5404","8112至上","110/07/27","美林",21,339,-318
"5405","8112至上","110/07/27","摩根大通",488,427,61
"5406","8112至上","110/07/27","凱基-台北",423,615,-192
"5407","8112至上","110/07/27","香港上海匯豐",61,0,61
"5408","8112至上","110/07/27","港商野村",83,183,-100
"5409","8112至上","110/07/27","日盛證券",62,4,58
"5410","8112至上","110/07/27","永豐金-台南",2,79,-77
"5411","8112至上","110/07/27","元大-基隆孝二",52,0,52
"5412","8112至上","110/07/27","福邦證券",0,71,-71
"5413","8112至上","110/07/27","永豐金-中正",59,7,52
"5414","8112至上","110/07/27","兆豐-天母",0,50,-50
"5415","8112至上","110/07/27","群益金鼎-高盛",47,0,47
"5416","8112至上","110/07/27","元富-林園",3,52,-49
"5417","8112至上","110/07/27","永豐金-內湖",47,0,47
"5418","8112至上","110/07/27","永豐金-苓雅",1,50,-49
"5419","8112至上","110/07/27","富邦-台北",45,5,40
"5420","8112至上","110/07/27","元大-新莊",9,53,-44
"5421","8112至上","110/07/27","台新證券",78,39,39
"5422","8112至上","110/07/27","第一金-路竹",20,57,-37
"5423","8112至上","110/07/27","新光-台中",44,7,37
"5424","8112至上","110/07/27","新光-桃園",2,36,-34
"5425","8112至上","110/07/27","元大-羅東",38,1,37
"5426","8112至上","110/07/27","元大-東港",0,27,-27
"5427","8112至上","110/07/27","新光",101,65,36
"5428","8112至上","110/07/27","國泰-松江",2,28,-26
"5429","8112至上","110/07/27","元大-新竹",63,28,35
"5430","8112至上","110/07/27","群益金鼎-潭子",2,28,-26
"5431","1570力肯","110/07/27","國票-北高雄",7,0,7
"5432","1570力肯","110/07/27","元大-高雄",0,16,-16
"5433","1570力肯","110/07/27","富邦-陽明",5,0,5
"5434","1570力肯","110/07/27","國票-新莊",0,5,-5
"5435","1570力肯","110/07/27","元大-民雄",3,0,3
"5436","1570力肯","110/07/27","凱基-台北",0,5,-5
"5437","1570力肯","110/07/27","凱基-大里",3,0,3
"5438","1570力肯","110/07/27","美林",0,2,-2
"5439","1570力肯","110/07/27","凱基-長庚",3,0,3
"5440","1570力肯","110/07/27","富邦-南屯",0,2,-2
"5441","1570力肯","110/07/27","元大-新莊",2,0,2
"5442","1570力肯","110/07/27","元大-南崁",0,2,-2
"5443","1570力肯","110/07/27","大昌-樹林",2,0,2
"5444","1570力肯","110/07/27","元大-板橋",0,2,-2
"5445","1570力肯","110/07/27","台新-台中",2,0,2
"5446","1570力肯","110/07/27","新光",0,1,-1
"5447","1570力肯","110/07/27","新光-新竹",2,0,2
"5448","1570力肯","110/07/27","國泰-板橋",0,1,-1
"5449","1570力肯","110/07/27","富邦-左營",2,0,2
"5450","1570力肯","110/07/27","凱基-鳳山",0,1,-1
"5451","1570力肯","110/07/27","群益金鼎-土城",1,0,1
"5452","1570力肯","110/07/27","(牛牛牛)亞-鑫豐",2,2,0
"5453","1570力肯","110/07/27","凱基-竹東",1,0,1
"5454","1570力肯","110/07/27","元大-新盛",1,1,0
"5455","1570力肯","110/07/27","日盛-員林",1,0,1
"5456","1570力肯","110/07/27","",NA,NA,NA
"5457","1570力肯","110/07/27","玉山-板橋",1,0,1
"5458","1570力肯","110/07/27","",NA,NA,NA
"5459","1570力肯","110/07/27","元富-同大",1,0,1
"5460","1570力肯","110/07/27","",NA,NA,NA
"5461","2929淘帝","110/07/27","元大-民生",28,0,28
"5462","2929淘帝","110/07/27","元大-鳳山",0,20,-20
"5463","2929淘帝","110/07/27","臺銀-民權",18,0,18
"5464","2929淘帝","110/07/27","港商野村",1,18,-17
"5465","2929淘帝","110/07/27","合庫-高雄",13,0,13
"5466","2929淘帝","110/07/27","玉山-板橋",0,15,-15
"5467","2929淘帝","110/07/27","永興-水湳",10,0,10
"5468","2929淘帝","110/07/27","美林",0,10,-10
"5469","2929淘帝","110/07/27","富邦-陽明",10,0,10
"5470","2929淘帝","110/07/27","凱基-八德",0,10,-10
"5471","2929淘帝","110/07/27","元大-中和",10,0,10
"5472","2929淘帝","110/07/27","永豐金證券",0,9,-9
"5473","2929淘帝","110/07/27","國泰-館前",6,0,6
"5474","2929淘帝","110/07/27","新加坡商瑞銀",10,18,-8
"5475","2929淘帝","110/07/27","富邦-內湖",6,0,6
"5476","2929淘帝","110/07/27","富邦-台北",0,8,-8
"5477","2929淘帝","110/07/27","合庫-台南",5,0,5
"5478","2929淘帝","110/07/27","宏遠-台中",0,7,-7
"5479","2929淘帝","110/07/27","凱基-東門",5,0,5
"5480","2929淘帝","110/07/27","元富-潮州",0,7,-7
"5481","2929淘帝","110/07/27","元大-大益",5,0,5
"5482","2929淘帝","110/07/27","群益金鼎-延平",0,6,-6
"5483","2929淘帝","110/07/27","元大-屏南",5,0,5
"5484","2929淘帝","110/07/27","元大-文心",0,6,-6
"5485","2929淘帝","110/07/27","永豐金-板盛",5,0,5
"5486","2929淘帝","110/07/27","永豐金-中壢",0,6,-6
"5487","2929淘帝","110/07/27","臺銀",4,0,4
"5488","2929淘帝","110/07/27","美商高盛",0,5,-5
"5489","2929淘帝","110/07/27","永豐金-市政",4,0,4
"5490","2929淘帝","110/07/27","兆豐-南門",0,5,-5
"5491","5410國眾","110/07/27","摩根大通",47,0,47
"5492","5410國眾","110/07/27","元富-嘉義",0,48,-48
"5493","5410國眾","110/07/27","兆豐-城中",43,0,43
"5494","5410國眾","110/07/27","統一-平鎮",0,20,-20
"5495","5410國眾","110/07/27","香港上海匯豐",36,0,36
"5496","5410國眾","110/07/27","元大-大益",0,18,-18
"5497","5410國眾","110/07/27","港商麥格理",26,0,26
"5498","5410國眾","110/07/27","凱基-台北",0,16,-16
"5499","5410國眾","110/07/27","元富-大昌",21,0,21
"5500","5410國眾","110/07/27","凱基-站前",0,15,-15
"5501","5410國眾","110/07/27","元富-四維",20,0,20
"5502","5410國眾","110/07/27","元大-南勢角",0,13,-13
"5503","5410國眾","110/07/27","新光-台中",20,0,20
"5504","5410國眾","110/07/27","日盛-忠孝",0,11,-11
"5505","5410國眾","110/07/27","統一-金門",15,0,15
"5506","5410國眾","110/07/27","玉山-板橋",0,11,-11
"5507","5410國眾","110/07/27","玉山-高雄",15,0,15
"5508","5410國眾","110/07/27","元大-崇德",0,11,-11
"5509","5410國眾","110/07/27","凱基-竹北",15,0,15
"5510","5410國眾","110/07/27","元大-大天母",0,11,-11
"5511","5410國眾","110/07/27","元大-新莊",14,1,13
"5512","5410國眾","110/07/27","元富-松德",0,10,-10
"5513","5410國眾","110/07/27","華南永昌-中正",14,4,10
"5514","5410國眾","110/07/27","豐農",0,10,-10
"5515","5410國眾","110/07/27","元大-屏南",10,0,10
"5516","5410國眾","110/07/27","新光-新竹",0,10,-10
"5517","5410國眾","110/07/27","元大-中和",10,0,10
"5518","5410國眾","110/07/27","凱基-虎尾",0,10,-10
"5519","5410國眾","110/07/27","台新證券",10,1,9
"5520","5410國眾","110/07/27","元大-善化",0,10,-10
"5521","2841台開","110/07/27","日盛證券",620,0,620
"5522","2841台開","110/07/27","玉山-新竹",0,312,-312
"5523","2841台開","110/07/27","永豐金-豐原",65,0,65
"5524","2841台開","110/07/27","港商野村",0,216,-216
"5525","2841台開","110/07/27","元大-南投",50,0,50
"5526","2841台開","110/07/27","永興-水湳",0,90,-90
"5527","2841台開","110/07/27","台灣摩根士丹利",40,0,40
"5528","2841台開","110/07/27","凱基-興隆",0,64,-64
"5529","2841台開","110/07/27","玉山-高雄",29,0,29
"5530","2841台開","110/07/27","美林",0,30,-30
"5531","2841台開","110/07/27","第一金-台中",20,0,20
"5532","2841台開","110/07/27","國泰-松江",5,35,-30
"5533","2841台開","110/07/27","凱基-市政",20,0,20
"5534","2841台開","110/07/27","台新-左楠",0,25,-25
"5535","2841台開","110/07/27","群益金鼎-大甲",18,1,17
"5536","2841台開","110/07/27","大昌-樹林",0,20,-20
"5537","2841台開","110/07/27","台中銀",16,1,15
"5538","2841台開","110/07/27","富邦-仁愛",0,20,-20
"5539","2841台開","110/07/27","國泰-板橋",12,0,12
"5540","2841台開","110/07/27","致和-南京",0,16,-16
"5541","2841台開","110/07/27","群益金鼎-基隆",10,0,10
"5542","2841台開","110/07/27","凱基-台北",2,16,-14
"5543","2841台開","110/07/27","華南永昌-新莊",10,0,10
"5544","2841台開","110/07/27","日盛-台南",0,10,-10
"5545","2841台開","110/07/27","元大-福營",10,0,10
"5546","2841台開","110/07/27","國票-台東",0,10,-10
"5547","2841台開","110/07/27","元大-歸仁",10,0,10
"5548","2841台開","110/07/27","台新-台中",5,15,-10
"5549","2841台開","110/07/27","中國信託-文心",5,0,5
"5550","2841台開","110/07/27","凱基-台中",0,10,-10
"5551","6207雷科","110/07/27","摩根大通",249,119,130
"5552","6207雷科","110/07/27","永豐金-台南",2,82,-80
"5553","6207雷科","110/07/27","群益金鼎-丹鳳",70,0,70
"5554","6207雷科","110/07/27","永豐金-內湖",39,109,-70
"5555","6207雷科","110/07/27","群益金鼎-東門",42,0,42
"5556","6207雷科","110/07/27","新加坡商瑞銀",22,76,-54
"5557","6207雷科","110/07/27","永豐金-敦南",38,4,34
"5558","6207雷科","110/07/27","新光-高雄",4,57,-53
"5559","6207雷科","110/07/27","凱基-復興",30,0,30
"5560","6207雷科","110/07/27","瑞士信貸",0,40,-40
"5561","6207雷科","110/07/27","元大-東門",30,0,30
"5562","6207雷科","110/07/27","凱基-高雄",4,43,-39
"5563","6207雷科","110/07/27","大昌-桃園",33,8,25
"5564","6207雷科","110/07/27","華南永昌-高雄",4,40,-36
"5565","6207雷科","110/07/27","富邦-虎尾",24,0,24
"5566","6207雷科","110/07/27","新光",11,44,-33
"5567","6207雷科","110/07/27","凱基-羅東",24,2,22
"5568","6207雷科","110/07/27","日盛-板橋中山",0,29,-29
"5569","6207雷科","110/07/27","群益金鼎-延平",21,0,21
"5570","6207雷科","110/07/27","元大-六合",3,30,-27
"5571","6207雷科","110/07/27","群益金鼎-屏東",20,0,20
"5572","6207雷科","110/07/27","中國信託-新竹",7,33,-26
"5573","6207雷科","110/07/27","永豐金-埔里",20,0,20
"5574","6207雷科","110/07/27","元富-城中",0,23,-23
"5575","6207雷科","110/07/27","康和-延平",21,3,18
"5576","6207雷科","110/07/27","元大-大雅",2,20,-18
"5577","6207雷科","110/07/27","群益金鼎-中壢",20,2,18
"5578","6207雷科","110/07/27","永豐金-新莊",2,20,-18
"5579","6207雷科","110/07/27","宏遠證券",31,15,16
"5580","6207雷科","110/07/27","富邦-台中",5,21,-16
"5581","3679新至陞","110/07/27","凱基-市政",25,0,25
"5582","3679新至陞","110/07/27","瑞士信貸",0,13,-13
"5583","3679新至陞","110/07/27","兆豐-高雄",10,0,10
"5584","3679新至陞","110/07/27","元大-天母",0,9,-9
"5585","3679新至陞","110/07/27","光和-溪湖",8,0,8
"5586","3679新至陞","110/07/27","元大-彰化民生",0,6,-6
"5587","3679新至陞","110/07/27","臺銀-新竹",7,0,7
"5588","3679新至陞","110/07/27","康和-澎湖",2,7,-5
"5589","3679新至陞","110/07/27","新加坡商瑞銀",7,0,7
"5590","3679新至陞","110/07/27","聯邦-大業",0,5,-5
"5591","3679新至陞","110/07/27","永豐金-板橋",6,0,6
"5592","3679新至陞","110/07/27","元大-成功",0,5,-5
"5593","3679新至陞","110/07/27","宏遠-光隆",5,0,5
"5594","3679新至陞","110/07/27","康和-板橋",0,4,-4
"5595","3679新至陞","110/07/27","統一",5,0,5
"5596","3679新至陞","110/07/27","凱基-新豐",0,4,-4
"5597","3679新至陞","110/07/27","統一-新竹",5,0,5
"5598","3679新至陞","110/07/27","統一-高雄",0,3,-3
"5599","3679新至陞","110/07/27","元富-松德",5,0,5
"5600","3679新至陞","110/07/27","統一-新台中",0,3,-3
"5601","3679新至陞","110/07/27","元大-淡水",5,0,5
"5602","3679新至陞","110/07/27","元富-安南",0,3,-3
"5603","3679新至陞","110/07/27","日盛證券",4,0,4
"5604","3679新至陞","110/07/27","國票-北高雄",0,3,-3
"5605","3679新至陞","110/07/27","國泰-板橋",4,0,4
"5606","3679新至陞","110/07/27","玉山-新莊",0,3,-3
"5607","3679新至陞","110/07/27","(牛牛牛)亞-網路",3,0,3
"5608","3679新至陞","110/07/27","凱基-屏東",0,3,-3
"5609","3679新至陞","110/07/27","國票-九鼎",3,0,3
"5610","3679新至陞","110/07/27","台灣摩根士丹利",0,2,-2
"5611","2727王品","110/07/27","台灣摩根士丹利",103,12,91
"5612","2727王品","110/07/27","元大-彰化民生",11,420,-409
"5613","2727王品","110/07/27","華南永昌-麻豆",33,0,33
"5614","2727王品","110/07/27","美商高盛",0,247,-247
"5615","2727王品","110/07/27","元大-龍潭",31,1,30
"5616","2727王品","110/07/27","華南永昌",7,193,-186
"5617","2727王品","110/07/27","國泰-敦南",38,11,27
"5618","2727王品","110/07/27","花旗環球",0,86,-86
"5619","2727王品","110/07/27","群益金鼎-基隆",27,1,26
"5620","2727王品","110/07/27","凱基-台北",81,139,-58
"5621","2727王品","110/07/27","富邦-台中",26,0,26
"5622","2727王品","110/07/27","元大證券",23,64,-41
"5623","2727王品","110/07/27","元富",31,6,25
"5624","2727王品","110/07/27","瑞士信貸",0,37,-37
"5625","2727王品","110/07/27","元大-桃園",25,0,25
"5626","2727王品","110/07/27","富邦-建國",8,35,-27
"5627","2727王品","110/07/27","凱基-大直",21,1,20
"5628","2727王品","110/07/27","凱基-埔墘",6,29,-23
"5629","2727王品","110/07/27","日盛-士林",16,0,16
"5630","2727王品","110/07/27","美林",5,26,-21
"5631","2727王品","110/07/27","國票-敦北法人",17,1,16
"5632","2727王品","110/07/27","港商野村",12,30,-18
"5633","2727王品","110/07/27","群益金鼎-高雄",16,0,16
"5634","2727王品","110/07/27","華南永昌-林口",3,21,-18
"5635","2727王品","110/07/27","永豐金-忠孝",18,2,16
"5636","2727王品","110/07/27","彰銀-台中",4,20,-16
"5637","2727王品","110/07/27","臺銀-高雄",16,1,15
"5638","2727王品","110/07/27","統一",3,17,-14
"5639","2727王品","110/07/27","台新-台中",18,3,15
"5640","2727王品","110/07/27","富邦-新竹華信",2,15,-13
"5641","1570力肯","110/07/27","國票-北高雄",7,0,7
"5642","1570力肯","110/07/27","元大-高雄",0,16,-16
"5643","1570力肯","110/07/27","富邦-陽明",5,0,5
"5644","1570力肯","110/07/27","國票-新莊",0,5,-5
"5645","1570力肯","110/07/27","元大-民雄",3,0,3
"5646","1570力肯","110/07/27","凱基-台北",0,5,-5
"5647","1570力肯","110/07/27","凱基-大里",3,0,3
"5648","1570力肯","110/07/27","美林",0,2,-2
"5649","1570力肯","110/07/27","凱基-長庚",3,0,3
"5650","1570力肯","110/07/27","富邦-南屯",0,2,-2
"5651","1570力肯","110/07/27","元大-新莊",2,0,2
"5652","1570力肯","110/07/27","元大-南崁",0,2,-2
"5653","1570力肯","110/07/27","大昌-樹林",2,0,2
"5654","1570力肯","110/07/27","元大-板橋",0,2,-2
"5655","1570力肯","110/07/27","台新-台中",2,0,2
"5656","1570力肯","110/07/27","新光",0,1,-1
"5657","1570力肯","110/07/27","新光-新竹",2,0,2
"5658","1570力肯","110/07/27","國泰-板橋",0,1,-1
"5659","1570力肯","110/07/27","富邦-左營",2,0,2
"5660","1570力肯","110/07/27","凱基-鳳山",0,1,-1
"5661","1570力肯","110/07/27","群益金鼎-土城",1,0,1
"5662","1570力肯","110/07/27","(牛牛牛)亞-鑫豐",2,2,0
"5663","1570力肯","110/07/27","凱基-竹東",1,0,1
"5664","1570力肯","110/07/27","元大-新盛",1,1,0
"5665","1570力肯","110/07/27","日盛-員林",1,0,1
"5666","1570力肯","110/07/27","",NA,NA,NA
"5667","1570力肯","110/07/27","玉山-板橋",1,0,1
"5668","1570力肯","110/07/27","",NA,NA,NA
"5669","1570力肯","110/07/27","元富-同大",1,0,1
"5670","1570力肯","110/07/27","",NA,NA,NA
"5671","6180橘子","110/07/27","新加坡商瑞銀",166,24,142
"5672","6180橘子","110/07/27","花旗環球",31,87,-56
"5673","6180橘子","110/07/27","彰銀-台中",50,1,49
"5674","6180橘子","110/07/27","凱基-台北",53,108,-55
"5675","6180橘子","110/07/27","日盛-文化",48,8,40
"5676","6180橘子","110/07/27","新光",39,81,-42
"5677","6180橘子","110/07/27","美林",39,0,39
"5678","6180橘子","110/07/27","富邦-台北",1,25,-24
"5679","6180橘子","110/07/27","元大-草屯",54,17,37
"5680","6180橘子","110/07/27","第一金-員林",0,22,-22
"5681","6180橘子","110/07/27","美商高盛",35,1,34
"5682","6180橘子","110/07/27","富邦-新竹華信",7,28,-21
"5683","6180橘子","110/07/27","元大-上新莊",32,0,32
"5684","6180橘子","110/07/27","凱基-中山",5,24,-19
"5685","6180橘子","110/07/27","台灣摩根士丹利",30,0,30
"5686","6180橘子","110/07/27","國泰-敦南",22,37,-15
"5687","6180橘子","110/07/27","摩根大通",49,21,28
"5688","6180橘子","110/07/27","合庫-自強",2,16,-14
"5689","6180橘子","110/07/27","兆豐-大同",30,4,26
"5690","6180橘子","110/07/27","大昌-安康",1,14,-13
"5691","6180橘子","110/07/27","元大-羅東",21,0,21
"5692","6180橘子","110/07/27","高橋",0,11,-11
"5693","6180橘子","110/07/27","日盛-頭份",16,0,16
"5694","6180橘子","110/07/27","土銀-新竹",0,10,-10
"5695","6180橘子","110/07/27","瑞士信貸",24,8,16
"5696","6180橘子","110/07/27","兆豐-麻豆",0,10,-10
"5697","6180橘子","110/07/27","群益金鼎-士林",15,0,15
"5698","6180橘子","110/07/27","康和-永和",0,10,-10
"5699","6180橘子","110/07/27","永豐金-南京",15,1,14
"5700","6180橘子","110/07/27","永豐金-竹科",2,12,-10
"5701","2390云辰","110/07/27","凱基-基隆",207,3,204
"5702","2390云辰","110/07/27","凱基-台北",248,732,-484
"5703","2390云辰","110/07/27","摩根大通",730,560,170
"5704","2390云辰","110/07/27","美林",17,218,-201
"5705","2390云辰","110/07/27","華南永昌-中正",182,43,139
"5706","2390云辰","110/07/27","港商野村",85,277,-192
"5707","2390云辰","110/07/27","兆豐-北高雄",124,1,123
"5708","2390云辰","110/07/27","玉山-新莊",4,87,-83
"5709","2390云辰","110/07/27","元大-信義",108,5,103
"5710","2390云辰","110/07/27","新光",96,163,-67
"5711","2390云辰","110/07/27","富邦-陽明",94,22,72
"5712","2390云辰","110/07/27","新光-新竹",7,74,-67
"5713","2390云辰","110/07/27","日盛證券",140,71,69
"5714","2390云辰","110/07/27","富邦-左營",46,107,-61
"5715","2390云辰","110/07/27","第一金-豐原",56,0,56
"5716","2390云辰","110/07/27","大昌-新店",9,64,-55
"5717","2390云辰","110/07/27","統一-新台中",67,22,45
"5718","2390云辰","110/07/27","日盛-和美",28,81,-53
"5719","2390云辰","110/07/27","元大-復北",47,2,45
"5720","2390云辰","110/07/27","元大-台南",3,54,-51
"5721","2390云辰","110/07/27","富邦-建國",54,10,44
"5722","2390云辰","110/07/27","元富-世貿",10,60,-50
"5723","2390云辰","110/07/27","兆豐-桃鶯",46,5,41
"5724","2390云辰","110/07/27","華南永昌-鳳山",41,90,-49
"5725","2390云辰","110/07/27","富邦-中壢",45,4,41
"5726","2390云辰","110/07/27","聯邦商銀",6,52,-46
"5727","2390云辰","110/07/27","富邦-新竹華信",46,11,35
"5728","2390云辰","110/07/27","合庫-高雄",7,50,-43
"5729","2390云辰","110/07/27","第一金-華江",30,2,28
"5730","2390云辰","110/07/27","瑞士信貸",0,42,-42
"5731","2363矽統","110/07/26","凱基-台北",1994,468,1526
"5732","2363矽統","110/07/26","富邦-南屯",5,375,-370
"5733","2363矽統","110/07/26","新加坡商瑞銀",1537,208,1329
"5734","2363矽統","110/07/26","聯邦-興中",0,203,-203
"5735","2363矽統","110/07/26","摩根大通",2033,997,1036
"5736","2363矽統","110/07/26","台新證券",427,622,-195
"5737","2363矽統","110/07/26","瑞士信貸",930,0,930
"5738","2363矽統","110/07/26","元大-鳳中",10,203,-193
"5739","2363矽統","110/07/26","美林",985,76,909
"5740","2363矽統","110/07/26","國泰-板橋",69,209,-140
"5741","2363矽統","110/07/26","港商野村",1072,282,790
"5742","2363矽統","110/07/26","北城證券",6,132,-126
"5743","2363矽統","110/07/26","美商高盛",711,7,704
"5744","2363矽統","110/07/26","華南永昌-朴子",30,152,-122
"5745","2363矽統","110/07/26","新光",570,278,292
"5746","2363矽統","110/07/26","台新-台中",27,145,-118
"5747","2363矽統","110/07/26","台新-台南",244,39,205
"5748","2363矽統","110/07/26","群益金鼎-萬華",13,128,-115
"5749","2363矽統","110/07/26","元大證券",243,52,191
"5750","2363矽統","110/07/26","日盛-樹林",7,116,-109
"5751","2363矽統","110/07/26","永豐金證券",189,27,162
"5752","2363矽統","110/07/26","群益金鼎-屏東",200,303,-103
"5753","2363矽統","110/07/26","元大-楊梅",177,16,161
"5754","2363矽統","110/07/26","元大-潮州",6,102,-96
"5755","2363矽統","110/07/26","群益金鼎",158,21,137
"5756","2363矽統","110/07/26","新光-桃園",22,117,-95
"5757","2363矽統","110/07/26","元富-城東",107,8,99
"5758","2363矽統","110/07/26","凱基-和平",45,140,-95
"5759","2363矽統","110/07/26","日盛-雙和",109,14,95
"5760","2363矽統","110/07/26","合庫-台南",5,95,-90
"5761","8112至上","110/07/26","摩根大通",1728,41,1687
"5762","8112至上","110/07/26","玉山-左營",3,600,-597
"5763","8112至上","110/07/26","台灣摩根士丹利",408,10,398
"5764","8112至上","110/07/26","凱基-三重",1,527,-526
"5765","8112至上","110/07/26","凱基-台北",693,311,382
"5766","8112至上","110/07/26","中國信託-忠孝",0,103,-103
"5767","8112至上","110/07/26","港商法國興業",376,1,375
"5768","8112至上","110/07/26","凱基-站前",7,105,-98
"5769","8112至上","110/07/26","美商高盛",172,26,146
"5770","8112至上","110/07/26","國票-中港",0,96,-96
"5771","8112至上","110/07/26","新加坡商瑞銀",201,69,132
"5772","8112至上","110/07/26","兆豐-公益",3,84,-81
"5773","8112至上","110/07/26","美林",192,62,130
"5774","8112至上","110/07/26","玉山證券",2,65,-63
"5775","8112至上","110/07/26","港商野村",142,58,84
"5776","8112至上","110/07/26","統一-台中",1,62,-61
"5777","8112至上","110/07/26","凱基-永和",75,0,75
"5778","8112至上","110/07/26","富邦-陽明",3,60,-57
"5779","8112至上","110/07/26","凱基-竹科",65,2,63
"5780","8112至上","110/07/26","新光-新竹",86,141,-55
"5781","8112至上","110/07/26","華南永昌-敦南",63,1,62
"5782","8112至上","110/07/26","富邦-台北",2,57,-55
"5783","8112至上","110/07/26","兆豐-天母",50,0,50
"5784","8112至上","110/07/26","玉山-板橋",2,51,-49
"5785","8112至上","110/07/26","新光-桃園",57,11,46
"5786","8112至上","110/07/26","台新-新營",6,47,-41
"5787","8112至上","110/07/26","光和",35,1,34
"5788","8112至上","110/07/26","元大-虎尾",4,42,-38
"5789","8112至上","110/07/26","華南永昌-新莊",31,3,28
"5790","8112至上","110/07/26","日盛-新竹",1,38,-37
"5791","1570力肯","110/07/26","元大-民雄",10,0,10
"5792","1570力肯","110/07/26","元大-高雄",0,33,-33
"5793","1570力肯","110/07/26","新光-台中",10,1,9
"5794","1570力肯","110/07/26","日盛-宜蘭",0,8,-8
"5795","1570力肯","110/07/26","富邦-陽明",9,0,9
"5796","1570力肯","110/07/26","美林",0,5,-5
"5797","1570力肯","110/07/26","大慶-蘆洲",8,0,8
"5798","1570力肯","110/07/26","凱基-永康",0,5,-5
"5799","1570力肯","110/07/26","福勝",8,0,8
"5800","1570力肯","110/07/26","台新證券",0,4,-4
"5801","1570力肯","110/07/26","凱基-桃園",7,0,7
"5802","1570力肯","110/07/26","元大-汐止",0,4,-4
"5803","1570力肯","110/07/26","中國信託-永康",3,0,3
"5804","1570力肯","110/07/26","元大-桃興",0,3,-3
"5805","1570力肯","110/07/26","兆豐-台中港",3,0,3
"5806","1570力肯","110/07/26","元富-吉利",0,2,-2
"5807","1570力肯","110/07/26","國票-北高雄",3,0,3
"5808","1570力肯","110/07/26","國泰-板橋",0,2,-2
"5809","1570力肯","110/07/26","富邦-員林",3,0,3
"5810","1570力肯","110/07/26","元大-台中",0,2,-2
"5811","1570力肯","110/07/26","瑞士信貸",2,0,2
"5812","1570力肯","110/07/26","元大-西螺",0,2,-2
"5813","1570力肯","110/07/26","大昌-樹林",2,0,2
"5814","1570力肯","110/07/26","元大-苑裡",0,2,-2
"5815","1570力肯","110/07/26","兆豐-忠孝",2,0,2
"5816","1570力肯","110/07/26","合庫-三重",0,1,-1
"5817","1570力肯","110/07/26","新光",2,0,2
"5818","1570力肯","110/07/26","臺銀-臺南",0,1,-1
"5819","1570力肯","110/07/26","凱基-台北",2,0,2
"5820","1570力肯","110/07/26","元富-永和",0,1,-1
"5821","2929淘帝","110/07/26","合庫-高雄",47,0,47
"5822","2929淘帝","110/07/26","港商野村",11,42,-31
"5823","2929淘帝","110/07/26","元大-民生",28,0,28
"5824","2929淘帝","110/07/26","凱基-林口",0,30,-30
"5825","2929淘帝","110/07/26","臺銀-鳳山",10,0,10
"5826","2929淘帝","110/07/26","美林",1,28,-27
"5827","2929淘帝","110/07/26","華南永昌-鶯歌",10,0,10
"5828","2929淘帝","110/07/26","富邦-竹北",0,20,-20
"5829","2929淘帝","110/07/26","元大-永和",10,0,10
"5830","2929淘帝","110/07/26","凱基-台北",0,12,-12
"5831","2929淘帝","110/07/26","永豐金證券",8,0,8
"5832","2929淘帝","110/07/26","中國信託-永康",0,10,-10
"5833","2929淘帝","110/07/26","元大-太平",8,1,7
"5834","2929淘帝","110/07/26","摩根大通",0,10,-10
"5835","2929淘帝","110/07/26","德信-和平",6,0,6
"5836","2929淘帝","110/07/26","群益金鼎-高雄",0,10,-10
"5837","2929淘帝","110/07/26","兆豐-南門",6,0,6
"5838","2929淘帝","110/07/26","富邦-宜蘭",0,10,-10
"5839","2929淘帝","110/07/26","元大-新竹經國",6,0,6
"5840","2929淘帝","110/07/26","新加坡商瑞銀",4,13,-9
"5841","2929淘帝","110/07/26","合庫-台南",5,0,5
"5842","2929淘帝","110/07/26","元富-敦南",0,7,-7
"5843","2929淘帝","110/07/26","第一金-新興",5,0,5
"5844","2929淘帝","110/07/26","元大-基隆",0,6,-6
"5845","2929淘帝","110/07/26","玉山-新竹",5,0,5
"5846","2929淘帝","110/07/26","新光-台中",1,6,-5
"5847","2929淘帝","110/07/26","元大-金門",5,0,5
"5848","2929淘帝","110/07/26","華南永昌",0,5,-5
"5849","2929淘帝","110/07/26","台新-台中",4,0,4
"5850","2929淘帝","110/07/26","永豐金-中和",0,5,-5
"5851","5410國眾","110/07/26","摩根大通",71,0,71
"5852","5410國眾","110/07/26","日盛-忠孝",0,142,-142
"5853","5410國眾","110/07/26","凱基-台北",67,4,63
"5854","5410國眾","110/07/26","元富-嘉義",0,55,-55
"5855","5410國眾","110/07/26","兆豐-城中",47,0,47
"5856","5410國眾","110/07/26","國泰-敦南",2,30,-28
"5857","5410國眾","110/07/26","永豐金-內湖",45,0,45
"5858","5410國眾","110/07/26","群益金鼎-板橋",0,15,-15
"5859","5410國眾","110/07/26","元大-新莊",26,0,26
"5860","5410國眾","110/07/26","華南永昌-三重",0,11,-11
"5861","5410國眾","110/07/26","兆豐-麻豆",10,0,10
"5862","5410國眾","110/07/26","永全-南崁",0,10,-10
"5863","5410國眾","110/07/26","新光-台中",10,0,10
"5864","5410國眾","110/07/26","台新-建北",1,11,-10
"5865","5410國眾","110/07/26","元大-屏南",10,0,10
"5866","5410國眾","110/07/26","臺銀-臺南",0,8,-8
"5867","5410國眾","110/07/26","港商野村",9,0,9
"5868","5410國眾","110/07/26","群益金鼎-東大",0,7,-7
"5869","5410國眾","110/07/26","新光",13,4,9
"5870","5410國眾","110/07/26","永豐金-中正",0,7,-7
"5871","5410國眾","110/07/26","華南永昌-小港",7,0,7
"5872","5410國眾","110/07/26","永豐金-桃園",0,7,-7
"5873","5410國眾","110/07/26","玉山-左營",6,0,6
"5874","5410國眾","110/07/26","第一金-高雄",0,6,-6
"5875","5410國眾","110/07/26","土銀-台南",5,0,5
"5876","5410國眾","110/07/26","台中銀-豐原",0,6,-6
"5877","5410國眾","110/07/26","新加坡商瑞銀",5,0,5
"5878","5410國眾","110/07/26","亞東-高雄",0,5,-5
"5879","5410國眾","110/07/26","元富-三重",8,3,5
"5880","5410國眾","110/07/26","國票-北高雄",0,5,-5
"5881","2841台開","110/07/26","台新-台中",282,5,277
"5882","2841台開","110/07/26","港商野村",0,128,-128
"5883","2841台開","110/07/26","凱基-台北",41,0,41
"5884","2841台開","110/07/26","富邦-仁愛",0,70,-70
"5885","2841台開","110/07/26","台灣摩根士丹利",40,0,40
"5886","2841台開","110/07/26","元大-彰化",0,60,-60
"5887","2841台開","110/07/26","元富-緯城",40,0,40
"5888","2841台開","110/07/26","永興-水湳",0,30,-30
"5889","2841台開","110/07/26","玉山-高雄",38,0,38
"5890","2841台開","110/07/26","富邦-新竹華信",0,23,-23
"5891","2841台開","110/07/26","日盛-樹林",21,0,21
"5892","2841台開","110/07/26","宏遠-光隆",0,20,-20
"5893","2841台開","110/07/26","元大-松江",20,0,20
"5894","2841台開","110/07/26","玉山證券",0,20,-20
"5895","2841台開","110/07/26","元大-歸仁",20,0,20
"5896","2841台開","110/07/26","富邦-板橋",0,20,-20
"5897","2841台開","110/07/26","國泰-桃園",20,3,17
"5898","2841台開","110/07/26","元大-台中中港",0,19,-19
"5899","2841台開","110/07/26","新光-台中",15,0,15
"5900","2841台開","110/07/26","臺銀-臺南",0,18,-18
"5901","2841台開","110/07/26","群益金鼎-東門",11,0,11
"5902","2841台開","110/07/26","永豐金-敦南",3,19,-16
"5903","2841台開","110/07/26","華南永昌-內壢",11,0,11
"5904","2841台開","110/07/26","統一-桃園",0,13,-13
"5905","2841台開","110/07/26","元富-烏日",10,0,10
"5906","2841台開","110/07/26","國泰-台中",0,11,-11
"5907","2841台開","110/07/26","國泰-忠孝",10,2,8
"5908","2841台開","110/07/26","元大-福營",0,11,-11
"5909","2841台開","110/07/26","元大-潮州",6,0,6
"5910","2841台開","110/07/26","凱基-站前",0,10,-10
"5911","6207雷科","110/07/26","元大-向上",70,0,70
"5912","6207雷科","110/07/26","摩根大通",45,241,-196
"5913","6207雷科","110/07/26","國票-中和",67,5,62
"5914","6207雷科","110/07/26","華南永昌-台中",16,180,-164
"5915","6207雷科","110/07/26","永豐金-台南",63,2,61
"5916","6207雷科","110/07/26","瑞士信貸",4,69,-65
"5917","6207雷科","110/07/26","國泰-板橋",32,0,32
"5918","6207雷科","110/07/26","國票-天祥",11,76,-65
"5919","6207雷科","110/07/26","華南永昌-朴子",24,0,24
"5920","6207雷科","110/07/26","新加坡商瑞銀",15,78,-63
"5921","6207雷科","110/07/26","台新證券",35,12,23
"5922","6207雷科","110/07/26","凱基-台北",86,134,-48
"5923","6207雷科","110/07/26","永豐金-板盛",24,1,23
"5924","6207雷科","110/07/26","富邦-台中",58,100,-42
"5925","6207雷科","110/07/26","康和-台中",24,2,22
"5926","6207雷科","110/07/26","兆豐-大安",0,41,-41
"5927","6207雷科","110/07/26","台新-台南",22,2,20
"5928","6207雷科","110/07/26","群益金鼎-館前",0,40,-40
"5929","6207雷科","110/07/26","元大-大統",22,2,20
"5930","6207雷科","110/07/26","富邦-羅東",2,39,-37
"5931","6207雷科","110/07/26","元富-桃園",19,0,19
"5932","6207雷科","110/07/26","國票-台東",0,30,-30
"5933","6207雷科","110/07/26","高橋",17,0,17
"5934","6207雷科","110/07/26","凱基-士林",1,30,-29
"5935","6207雷科","110/07/26","元富-同大",30,13,17
"5936","6207雷科","110/07/26","元大-南京",3,31,-28
"5937","6207雷科","110/07/26","元大-內湖",17,0,17
"5938","6207雷科","110/07/26","宏遠-桃園",0,24,-24
"5939","6207雷科","110/07/26","永豐金-內湖",19,2,17
"5940","6207雷科","110/07/26","國票-和平",0,23,-23
"5941","3679新至陞","110/07/26","元富-板橋",16,0,16
"5942","3679新至陞","110/07/26","台新-台中",0,19,-19
"5943","3679新至陞","110/07/26","華南永昌-淡水",10,0,10
"5944","3679新至陞","110/07/26","元大-成功",0,10,-10
"5945","3679新至陞","110/07/26","光和-溪湖",8,0,8
"5946","3679新至陞","110/07/26","日進",0,9,-9
"5947","3679新至陞","110/07/26","宏遠-光隆",6,0,6
"5948","3679新至陞","110/07/26","臺銀-臺中",0,5,-5
"5949","3679新至陞","110/07/26","玉山-嘉義",5,0,5
"5950","3679新至陞","110/07/26","港商法國興業",0,4,-4
"5951","3679新至陞","110/07/26","元富-安南",3,0,3
"5952","3679新至陞","110/07/26","統一-新台中",0,3,-3
"5953","3679新至陞","110/07/26","摩根大通",4,1,3
"5954","3679新至陞","110/07/26","大慶-苗栗",1,3,-2
"5955","3679新至陞","110/07/26","凱基-台北",5,2,3
"5956","3679新至陞","110/07/26","元富-松德",0,2,-2
"5957","3679新至陞","110/07/26","凱基-站前",2,0,2
"5958","3679新至陞","110/07/26","富邦-仁愛",0,2,-2
"5959","3679新至陞","110/07/26","華南永昌",2,0,2
"5960","3679新至陞","110/07/26","元大-文心興安",0,2,-2
"5961","3679新至陞","110/07/26","元大-上新莊",2,0,2
"5962","3679新至陞","110/07/26","永豐金證券",0,2,-2
"5963","3679新至陞","110/07/26","美林",4,3,1
"5964","3679新至陞","110/07/26","臺銀-高雄",0,1,-1
"5965","3679新至陞","110/07/26","台灣摩根士丹利",2,1,1
"5966","3679新至陞","110/07/26","台灣企銀-屏東",0,1,-1
"5967","3679新至陞","110/07/26","美商高盛",1,0,1
"5968","3679新至陞","110/07/26","大慶-富順",0,1,-1
"5969","3679新至陞","110/07/26","富邦-台北",1,0,1
"5970","3679新至陞","110/07/26","統一-彰化",0,1,-1
"5971","2727王品","110/07/26","兆豐-南京",300,0,300
"5972","2727王品","110/07/26","元富-安南",0,62,-62
"5973","2727王品","110/07/26","凱基-台北",74,29,45
"5974","2727王品","110/07/26","瑞士信貸",0,44,-44
"5975","2727王品","110/07/26","富邦-建國",25,2,23
"5976","2727王品","110/07/26","新加坡商瑞銀",0,44,-44
"5977","2727王品","110/07/26","台灣摩根士丹利",22,0,22
"5978","2727王品","110/07/26","統一",11,54,-43
"5979","2727王品","110/07/26","永豐金-屏東",14,1,13
"5980","2727王品","110/07/26","美林",4,39,-35
"5981","2727王品","110/07/26","富邦-桃園",12,1,11
"5982","2727王品","110/07/26","第一金",0,30,-30
"5983","2727王品","110/07/26","日盛-鳳山",11,1,10
"5984","2727王品","110/07/26","康和-台中",0,30,-30
"5985","2727王品","110/07/26","元富-城中",10,0,10
"5986","2727王品","110/07/26","國泰證券",1,31,-30
"5987","2727王品","110/07/26","元大-龍潭",11,1,10
"5988","2727王品","110/07/26","元大證券",37,67,-30
"5989","2727王品","110/07/26","新光-台中",15,6,9
"5990","2727王品","110/07/26","康和",1,29,-28
"5991","2727王品","110/07/26","富邦-台中",10,1,9
"5992","2727王品","110/07/26","永豐金證券",0,27,-27
"5993","2727王品","110/07/26","元大-基隆孝二",10,1,9
"5994","2727王品","110/07/26","安泰",1,26,-25
"5995","2727王品","110/07/26","臺銀-臺中",10,2,8
"5996","2727王品","110/07/26","永豐金-古亭",2,20,-18
"5997","2727王品","110/07/26","元大-花蓮",8,0,8
"5998","2727王品","110/07/26","國票-天祥",0,16,-16
"5999","2727王品","110/07/26","元大-斗信",9,1,8
"6000","2727王品","110/07/26","摩根大通",17,33,-16
"6001","1570力肯","110/07/26","元大-民雄",10,0,10
"6002","1570力肯","110/07/26","元大-高雄",0,33,-33
"6003","1570力肯","110/07/26","新光-台中",10,1,9
"6004","1570力肯","110/07/26","日盛-宜蘭",0,8,-8
"6005","1570力肯","110/07/26","富邦-陽明",9,0,9
"6006","1570力肯","110/07/26","美林",0,5,-5
"6007","1570力肯","110/07/26","大慶-蘆洲",8,0,8
"6008","1570力肯","110/07/26","凱基-永康",0,5,-5
"6009","1570力肯","110/07/26","福勝",8,0,8
"6010","1570力肯","110/07/26","台新證券",0,4,-4
"6011","1570力肯","110/07/26","凱基-桃園",7,0,7
"6012","1570力肯","110/07/26","元大-汐止",0,4,-4
"6013","1570力肯","110/07/26","中國信託-永康",3,0,3
"6014","1570力肯","110/07/26","元大-桃興",0,3,-3
"6015","1570力肯","110/07/26","兆豐-台中港",3,0,3
"6016","1570力肯","110/07/26","元富-吉利",0,2,-2
"6017","1570力肯","110/07/26","國票-北高雄",3,0,3
"6018","1570力肯","110/07/26","國泰-板橋",0,2,-2
"6019","1570力肯","110/07/26","富邦-員林",3,0,3
"6020","1570力肯","110/07/26","元大-台中",0,2,-2
"6021","1570力肯","110/07/26","瑞士信貸",2,0,2
"6022","1570力肯","110/07/26","元大-西螺",0,2,-2
"6023","1570力肯","110/07/26","大昌-樹林",2,0,2
"6024","1570力肯","110/07/26","元大-苑裡",0,2,-2
"6025","1570力肯","110/07/26","兆豐-忠孝",2,0,2
"6026","1570力肯","110/07/26","合庫-三重",0,1,-1
"6027","1570力肯","110/07/26","新光",2,0,2
"6028","1570力肯","110/07/26","臺銀-臺南",0,1,-1
"6029","1570力肯","110/07/26","凱基-台北",2,0,2
"6030","1570力肯","110/07/26","元富-永和",0,1,-1
"6031","6180橘子","110/07/26","凱基-台北",121,1,120
"6032","6180橘子","110/07/26","元大-竹山",0,35,-35
"6033","6180橘子","110/07/26","新加坡商瑞銀",71,2,69
"6034","6180橘子","110/07/26","元大-和平",0,30,-30
"6035","6180橘子","110/07/26","摩根大通",70,4,66
"6036","6180橘子","110/07/26","元大-草屯",3,27,-24
"6037","6180橘子","110/07/26","美林",33,0,33
"6038","6180橘子","110/07/26","華南永昌-高雄",0,21,-21
"6039","6180橘子","110/07/26","台灣摩根士丹利",20,4,16
"6040","6180橘子","110/07/26","兆豐-埔墘",0,18,-18
"6041","6180橘子","110/07/26","合庫-高雄",11,0,11
"6042","6180橘子","110/07/26","元富-林園",0,17,-17
"6043","6180橘子","110/07/26","港商野村",10,0,10
"6044","6180橘子","110/07/26","元富-成功",0,16,-16
"6045","6180橘子","110/07/26","富邦-宜蘭",10,0,10
"6046","6180橘子","110/07/26","群益金鼎-台南",0,13,-13
"6047","6180橘子","110/07/26","統一-彰化",10,1,9
"6048","6180橘子","110/07/26","元大-開元",0,13,-13
"6049","6180橘子","110/07/26","兆豐-北高雄",9,1,8
"6050","6180橘子","110/07/26","富邦-台中",0,12,-12
"6051","6180橘子","110/07/26","元大-新店中正",10,2,8
"6052","6180橘子","110/07/26","(牛牛牛)亞-鑫豐",1,12,-11
"6053","6180橘子","110/07/26","國泰-敦南",10,3,7
"6054","6180橘子","110/07/26","台新-台南",0,11,-11
"6055","6180橘子","110/07/26","合庫-自強",5,0,5
"6056","6180橘子","110/07/26","聯邦-興中",0,11,-11
"6057","6180橘子","110/07/26","大慶-蘆洲",5,0,5
"6058","6180橘子","110/07/26","日盛-中和",0,10,-10
"6059","6180橘子","110/07/26","統一-中壢",5,0,5
"6060","6180橘子","110/07/26","康和-台北",0,10,-10
"6061","2390云辰","110/07/26","元大-大同",311,3,308
"6062","2390云辰","110/07/26","摩根大通",139,570,-431
"6063","2390云辰","110/07/26","華南永昌-鳳山",276,4,272
"6064","2390云辰","110/07/26","美林",103,243,-140
"6065","2390云辰","110/07/26","永豐金-竹北",201,6,195
"6066","2390云辰","110/07/26","元大-彰化民生",0,117,-117
"6067","2390云辰","110/07/26","富邦-左營",107,17,90
"6068","2390云辰","110/07/26","元富-中港",0,102,-102
"6069","2390云辰","110/07/26","元富-高雄",82,5,77
"6070","2390云辰","110/07/26","凱基-台北",161,249,-88
"6071","2390云辰","110/07/26","元大-太平",75,10,65
"6072","2390云辰","110/07/26","國票-新莊",15,78,-63
"6073","2390云辰","110/07/26","元大-大益",63,13,50
"6074","2390云辰","110/07/26","第一金-豐原",1,59,-58
"6075","2390云辰","110/07/26","元富-新竹",41,1,40
"6076","2390云辰","110/07/26","統一-竹南",5,48,-43
"6077","2390云辰","110/07/26","日盛-永康",42,4,38
"6078","2390云辰","110/07/26","第一金-台南",28,62,-34
"6079","2390云辰","110/07/26","群益金鼎-中壢",50,12,38
"6080","2390云辰","110/07/26","台灣摩根士丹利",38,70,-32
"6081","2390云辰","110/07/26","元大-鑫永和",54,18,36
"6082","2390云辰","110/07/26","群益金鼎-士林",20,52,-32
"6083","2390云辰","110/07/26","元富-同大",34,1,33
"6084","2390云辰","110/07/26","群益金鼎-延平",2,31,-29
"6085","2390云辰","110/07/26","致和-崇德",52,21,31
"6086","2390云辰","110/07/26","凱基-豐中",12,40,-28
"6087","2390云辰","110/07/26","永豐金-松山",32,2,30
"6088","2390云辰","110/07/26","富邦-中壢",19,47,-28
"6089","2390云辰","110/07/26","凱基-三重",36,8,28
"6090","2390云辰","110/07/26","統一-基隆",2,27,-25
"6091","2363矽統","110/07/20","第一金-忠孝",400,115,285
"6092","2363矽統","110/07/20","國票-長城",3,452,-449
"6093","2363矽統","110/07/20","第一金-高雄",188,0,188
"6094","2363矽統","110/07/20","美林",158,531,-373
"6095","2363矽統","110/07/20","凱基-高美館",199,14,185
"6096","2363矽統","110/07/20","台新-左楠",13,310,-297
"6097","2363矽統","110/07/20","凱基-台北",434,326,108
"6098","2363矽統","110/07/20","玉山-台大",4,228,-224
"6099","2363矽統","110/07/20","元富-松德",105,0,105
"6100","2363矽統","110/07/20","群益金鼎-大甲",11,227,-216
"6101","2363矽統","110/07/20","元大-竹科",109,7,102
"6102","2363矽統","110/07/20","群益金鼎-中港",2,111,-109
"6103","2363矽統","110/07/20","元大-成功",102,2,100
"6104","2363矽統","110/07/20","元大-大天母",0,109,-109
"6105","2363矽統","110/07/20","富邦-仁愛",116,17,99
"6106","2363矽統","110/07/20","國泰-敦南",114,218,-104
"6107","2363矽統","110/07/20","元大-上新莊",102,16,86
"6108","2363矽統","110/07/20","港商野村",250,350,-100
"6109","2363矽統","110/07/20","台新證券",286,208,78
"6110","2363矽統","110/07/20","康和-澎湖",0,90,-90
"6111","2363矽統","110/07/20","元大-新營",81,9,72
"6112","2363矽統","110/07/20","凱基-中壢",15,99,-84
"6113","2363矽統","110/07/20","華南永昌-鳳山",76,5,71
"6114","2363矽統","110/07/20","元大-學甲",0,81,-81
"6115","2363矽統","110/07/20","富邦-員林",65,2,63
"6116","2363矽統","110/07/20","凱基-三重",22,91,-69
"6117","2363矽統","110/07/20","元富-成功",67,6,61
"6118","2363矽統","110/07/20","永豐金-嘉義",24,92,-68
"6119","2363矽統","110/07/20","新光-新竹",62,1,61
"6120","2363矽統","110/07/20","大慶-蘆洲",23,89,-66
"6121","8112至上","110/07/20","摩根大通",1226,293,933
"6122","8112至上","110/07/20","凱基-三重",27,502,-475
"6123","8112至上","110/07/20","新加坡商瑞銀",358,83,275
"6124","8112至上","110/07/20","宏遠證券",0,418,-418
"6125","8112至上","110/07/20","台灣摩根士丹利",159,9,150
"6126","8112至上","110/07/20","台新-台中",11,291,-280
"6127","8112至上","110/07/20","統一-新竹",115,5,110
"6128","8112至上","110/07/20","美林",44,194,-150
"6129","8112至上","110/07/20","新光",233,126,107
"6130","8112至上","110/07/20","凱基-新莊",0,100,-100
"6131","8112至上","110/07/20","凱基-台北",367,260,107
"6132","8112至上","110/07/20","富邦-永和",14,104,-90
"6133","8112至上","110/07/20","兆豐-西螺",104,10,94
"6134","8112至上","110/07/20","國票-敦北法人",4,88,-84
"6135","8112至上","110/07/20","永豐金-中正",87,6,81
"6136","8112至上","110/07/20","凱基-市政",3,80,-77
"6137","8112至上","110/07/20","富邦-新店",102,24,78
"6138","8112至上","110/07/20","台新證券",68,142,-74
"6139","8112至上","110/07/20","元大-大同",83,5,78
"6140","8112至上","110/07/20","永豐金-中壢",11,80,-69
"6141","8112至上","110/07/20","富邦-園區",64,2,62
"6142","8112至上","110/07/20","永豐金-台南",22,91,-69
"6143","8112至上","110/07/20","新光-台南",73,14,59
"6144","8112至上","110/07/20","元大-大雅",22,87,-65
"6145","8112至上","110/07/20","統一-台中",60,2,58
"6146","8112至上","110/07/20","光和",10,67,-57
"6147","8112至上","110/07/20","元大-北成功",58,4,54
"6148","8112至上","110/07/20","元大-竹科",27,74,-47
"6149","8112至上","110/07/20","元富-林園",53,0,53
"6150","8112至上","110/07/20","兆豐-公益",1,47,-46
"6151","1570力肯","110/07/20","國票-北高雄",36,0,36
"6152","1570力肯","110/07/20","國泰-敦南",0,19,-19
"6153","1570力肯","110/07/20","群益金鼎-高雄",16,0,16
"6154","1570力肯","110/07/20","中國信託-永康",0,12,-12
"6155","1570力肯","110/07/20","臺銀-鳳山",10,0,10
"6156","1570力肯","110/07/20","第一金-路竹",0,10,-10
"6157","1570力肯","110/07/20","群益金鼎-新竹",6,0,6
"6158","1570力肯","110/07/20","福勝",0,10,-10
"6159","1570力肯","110/07/20","大昌-樹林",5,0,5
"6160","1570力肯","110/07/20","群益金鼎-板橋",0,10,-10
"6161","1570力肯","110/07/20","華南永昌-楠梓",5,0,5
"6162","1570力肯","110/07/20","日盛-鳳山",0,8,-8
"6163","1570力肯","110/07/20","元大-基隆孝二",5,0,5
"6164","1570力肯","110/07/20","永豐金-新竹",6,14,-8
"6165","1570力肯","110/07/20","元大-新竹經國",4,0,4
"6166","1570力肯","110/07/20","第一金-彰化",0,7,-7
"6167","1570力肯","110/07/20","土銀-高雄",2,0,2
"6168","1570力肯","110/07/20","元富-吉利",0,7,-7
"6169","1570力肯","110/07/20","台灣企銀-太平",2,0,2
"6170","1570力肯","110/07/20","台中銀-員林",0,7,-7
"6171","1570力肯","110/07/20","兆豐-忠孝",2,0,2
"6172","1570力肯","110/07/20","玉山證券",1,8,-7
"6173","1570力肯","110/07/20","玉山-城中",2,0,2
"6174","1570力肯","110/07/20","統一-三重",0,5,-5
"6175","1570力肯","110/07/20","國泰-板橋",2,0,2
"6176","1570力肯","110/07/20","光和-溪湖",0,3,-3
"6177","1570力肯","110/07/20","凱基-台北",2,0,2
"6178","1570力肯","110/07/20","康和-澎湖",0,3,-3
"6179","1570力肯","110/07/20","華南永昌-高雄",2,0,2
"6180","1570力肯","110/07/20","摩根大通",0,2,-2
"6181","2929淘帝","110/07/20","玉山-新竹",59,0,59
"6182","2929淘帝","110/07/20","臺銀",0,45,-45
"6183","2929淘帝","110/07/20","兆豐-新莊",50,0,50
"6184","2929淘帝","110/07/20","光和-嘉義",0,29,-29
"6185","2929淘帝","110/07/20","元大-大甲",30,0,30
"6186","2929淘帝","110/07/20","新加坡商瑞銀",27,55,-28
"6187","2929淘帝","110/07/20","元大-民生",29,0,29
"6188","2929淘帝","110/07/20","華南永昌-潮州",0,20,-20
"6189","2929淘帝","110/07/20","元大-員林",20,0,20
"6190","2929淘帝","110/07/20","玉山-高雄",0,14,-14
"6191","2929淘帝","110/07/20","元富-台南",18,0,18
"6192","2929淘帝","110/07/20","富邦-南屯",2,13,-11
"6193","2929淘帝","110/07/20","港商野村",63,50,13
"6194","2929淘帝","110/07/20","高橋-龍潭",0,10,-10
"6195","2929淘帝","110/07/20","高橋",10,0,10
"6196","2929淘帝","110/07/20","台新-建北",0,10,-10
"6197","2929淘帝","110/07/20","元富-林園",10,0,10
"6198","2929淘帝","110/07/20","群益金鼎-台中",0,10,-10
"6199","2929淘帝","110/07/20","玉山-台南",10,0,10
"6200","2929淘帝","110/07/20","華南永昌-苗栗",0,10,-10
"6201","2929淘帝","110/07/20","群益金鼎-士林",10,0,10
"6202","2929淘帝","110/07/20","群益金鼎-西松",0,9,-9
"6203","2929淘帝","110/07/20","凱基-台北",16,6,10
"6204","2929淘帝","110/07/20","台新-三民",0,8,-8
"6205","2929淘帝","110/07/20","合庫證券",9,0,9
"6206","2929淘帝","110/07/20","群益金鼎",0,8,-8
"6207","2929淘帝","110/07/20","永豐金證券",9,2,7
"6208","2929淘帝","110/07/20","富邦-永和",0,7,-7
"6209","2929淘帝","110/07/20","凱基-基隆",6,0,6
"6210","2929淘帝","110/07/20","國泰-台中",6,12,-6
"6211","5410國眾","110/07/20","日盛-內湖",27,0,27
"6212","5410國眾","110/07/20","永豐金-內湖",0,23,-23
"6213","5410國眾","110/07/20","富邦-新營",20,0,20
"6214","5410國眾","110/07/20","兆豐-台中港",0,20,-20
"6215","5410國眾","110/07/20","大昌",17,0,17
"6216","5410國眾","110/07/20","元富-嘉義",0,15,-15
"6217","5410國眾","110/07/20","永豐金-台南",17,0,17
"6218","5410國眾","110/07/20","元富-吉利",0,11,-11
"6219","5410國眾","110/07/20","凱基-站前",15,0,15
"6220","5410國眾","110/07/20","凱基-長庚",0,10,-10
"6221","5410國眾","110/07/20","凱基-竹北",11,0,11
"6222","5410國眾","110/07/20","元大-八德",0,10,-10
"6223","5410國眾","110/07/20","元富-民權",9,0,9
"6224","5410國眾","110/07/20","元大-天母",0,10,-10
"6225","5410國眾","110/07/20","群益金鼎-嘉義",6,0,6
"6226","5410國眾","110/07/20","國泰-桃園",0,9,-9
"6227","5410國眾","110/07/20","元大-土城學府",6,0,6
"6228","5410國眾","110/07/20","新光",5,12,-7
"6229","5410國眾","110/07/20","第一金-豐原",5,0,5
"6230","5410國眾","110/07/20","玉山-桃園",0,7,-7
"6231","5410國眾","110/07/20","華南永昌-林口",5,0,5
"6232","5410國眾","110/07/20","玉山-雙和",0,6,-6
"6233","5410國眾","110/07/20","元大-博愛",5,0,5
"6234","5410國眾","110/07/20","臺銀-臺南",0,5,-5
"6235","5410國眾","110/07/20","元大-竹南",5,0,5
"6236","5410國眾","110/07/20","彰銀-七賢",0,5,-5
"6237","5410國眾","110/07/20","元大-新店中正",5,0,5
"6238","5410國眾","110/07/20","宏遠證券",0,5,-5
"6239","5410國眾","110/07/20","元富-烏日",4,0,4
"6240","5410國眾","110/07/20","摩根大通",0,5,-5
"6241","2841台開","110/07/20","中國信託-忠孝",145,0,145
"6242","2841台開","110/07/20","凱基-松山",0,100,-100
"6243","2841台開","110/07/20","第一金-台中",68,0,68
"6244","2841台開","110/07/20","第一金-自由",0,33,-33
"6245","2841台開","110/07/20","美商高盛",37,0,37
"6246","2841台開","110/07/20","港商野村",0,29,-29
"6247","2841台開","110/07/20","台中銀",32,0,32
"6248","2841台開","110/07/20","國泰-敦南",11,31,-20
"6249","2841台開","110/07/20","台新-台中",20,0,20
"6250","2841台開","110/07/20","華南永昌-台中",0,20,-20
"6251","2841台開","110/07/20","凱基-東港",10,0,10
"6252","2841台開","110/07/20","元大-發財",0,15,-15
"6253","2841台開","110/07/20","大昌-安康",10,3,7
"6254","2841台開","110/07/20","元大-福營",9,23,-14
"6255","2841台開","110/07/20","豐農",7,0,7
"6256","2841台開","110/07/20","永豐金-敦南",5,18,-13
"6257","2841台開","110/07/20","元大-歸仁",7,0,7
"6258","2841台開","110/07/20","統一-城中",0,11,-11
"6259","2841台開","110/07/20","日盛-木柵",5,0,5
"6260","2841台開","110/07/20","日盛-台南",0,10,-10
"6261","2841台開","110/07/20","台新-台南",4,0,4
"6262","2841台開","110/07/20","兆豐-寶成",0,10,-10
"6263","2841台開","110/07/20","日盛證券",3,0,3
"6264","2841台開","110/07/20","國票-中港",0,10,-10
"6265","2841台開","110/07/20","台新證券",8,5,3
"6266","2841台開","110/07/20","群益金鼎",0,10,-10
"6267","2841台開","110/07/20","元大-沙鹿",3,0,3
"6268","2841台開","110/07/20","玉山證券",1,10,-9
"6269","2841台開","110/07/20","國泰-台中",2,0,2
"6270","2841台開","110/07/20","大昌-新店",0,6,-6
"6271","6207雷科","110/07/20","元大-西門",100,4,96
"6272","6207雷科","110/07/20","永豐金-內湖",0,109,-109
"6273","6207雷科","110/07/20","凱基-復興",50,0,50
"6274","6207雷科","110/07/20","國泰證券",0,90,-90
"6275","6207雷科","110/07/20","凱基-台北",47,1,46
"6276","6207雷科","110/07/20","元大-頭份",0,55,-55
"6277","6207雷科","110/07/20","玉山-城中",43,1,42
"6278","6207雷科","110/07/20","永豐金-虎尾",0,50,-50
"6279","6207雷科","110/07/20","華南永昌-長虹",44,5,39
"6280","6207雷科","110/07/20","元富-世貿",0,33,-33
"6281","6207雷科","110/07/20","凱基-板橋",38,1,37
"6282","6207雷科","110/07/20","元大-南崁",0,22,-22
"6283","6207雷科","110/07/20","元富-信義",39,3,36
"6284","6207雷科","110/07/20","永豐金-鳳山",0,21,-21
"6285","6207雷科","110/07/20","元富-彰化",35,0,35
"6286","6207雷科","110/07/20","永豐金-三重",6,27,-21
"6287","6207雷科","110/07/20","凱基-高美館",34,0,34
"6288","6207雷科","110/07/20","第一金-澎湖",0,20,-20
"6289","6207雷科","110/07/20","富邦-中壢",26,2,24
"6290","6207雷科","110/07/20","群益金鼎-東大",0,20,-20
"6291","6207雷科","110/07/20","大昌-桃園",23,0,23
"6292","6207雷科","110/07/20","兆豐-民生",0,19,-19
"6293","6207雷科","110/07/20","元大-四維",39,17,22
"6294","6207雷科","110/07/20","元大-北成功",1,20,-19
"6295","6207雷科","110/07/20","台灣摩根士丹利",18,0,18
"6296","6207雷科","110/07/20","元大-虎尾",1,18,-17
"6297","6207雷科","110/07/20","國票-中和",16,0,16
"6298","6207雷科","110/07/20","元大-文心興安",0,15,-15
"6299","6207雷科","110/07/20","永豐金-大園",16,0,16
"6300","6207雷科","110/07/20","瑞士信貸",0,14,-14
"6301","3679新至陞","110/07/20","國票-敦北法人",18,0,18
"6302","3679新至陞","110/07/20","華南永昌-台中",0,32,-32
"6303","3679新至陞","110/07/20","台中銀-員林",17,3,14
"6304","3679新至陞","110/07/20","凱基-台北",12,32,-20
"6305","3679新至陞","110/07/20","群益金鼎-高盛",13,0,13
"6306","3679新至陞","110/07/20","摩根大通",2,14,-12
"6307","3679新至陞","110/07/20","康和-澎湖",8,0,8
"6308","3679新至陞","110/07/20","國泰-桃園",0,11,-11
"6309","3679新至陞","110/07/20","台新證券",6,0,6
"6310","3679新至陞","110/07/20","群益金鼎-台南",0,10,-10
"6311","3679新至陞","110/07/20","宏遠-光隆",4,0,4
"6312","3679新至陞","110/07/20","群益金鼎-大安",0,10,-10
"6313","3679新至陞","110/07/20","玉山-大里",4,0,4
"6314","3679新至陞","110/07/20","永豐金證券",4,14,-10
"6315","3679新至陞","110/07/20","台中銀-豐原",3,0,3
"6316","3679新至陞","110/07/20","兆豐-大同",1,6,-5
"6317","3679新至陞","110/07/20","玉山-新莊",3,0,3
"6318","3679新至陞","110/07/20","群益金鼎-館前",0,4,-4
"6319","3679新至陞","110/07/20","凱基-中山",3,0,3
"6320","3679新至陞","110/07/20","富邦-南屯",0,4,-4
"6321","3679新至陞","110/07/20","富邦-台北",3,0,3
"6322","3679新至陞","110/07/20","瑞士信貸",3,6,-3
"6323","3679新至陞","110/07/20","元大-板橋",3,0,3
"6324","3679新至陞","110/07/20","國泰-板橋",0,3,-3
"6325","3679新至陞","110/07/20","日盛-八德",2,0,2
"6326","3679新至陞","110/07/20","富邦-中壢",1,4,-3
"6327","3679新至陞","110/07/20","日盛-復興",2,0,2
"6328","3679新至陞","110/07/20","台灣企銀",0,2,-2
"6329","3679新至陞","110/07/20","康和-板橋",2,0,2
"6330","3679新至陞","110/07/20","日盛-大墩",0,2,-2
"6331","2727王品","110/07/20","兆豐-南京",200,0,200
"6332","2727王品","110/07/20","凱基-市政",1,75,-74
"6333","2727王品","110/07/20","富邦證券",88,0,88
"6334","2727王品","110/07/20","美商高盛",6,38,-32
"6335","2727王品","110/07/20","台新證券",142,55,87
"6336","2727王品","110/07/20","富邦-陽明",7,38,-31
"6337","2727王品","110/07/20","瑞士信貸",50,0,50
"6338","2727王品","110/07/20","永豐金-中正",3,34,-31
"6339","2727王品","110/07/20","港商野村",106,57,49
"6340","2727王品","110/07/20","永豐金-潮州",0,31,-31
"6341","2727王品","110/07/20","凱基-台北",67,27,40
"6342","2727王品","110/07/20","兆豐-大安",0,30,-30
"6343","2727王品","110/07/20","永豐金-大園",29,2,27
"6344","2727王品","110/07/20","摩根大通",50,73,-23
"6345","2727王品","110/07/20","康和-高雄",20,0,20
"6346","2727王品","110/07/20","日盛證券",4,24,-20
"6347","2727王品","110/07/20","第一金-高雄",20,3,17
"6348","2727王品","110/07/20","凱基-大里",0,20,-20
"6349","2727王品","110/07/20","富邦-板橋",21,4,17
"6350","2727王品","110/07/20","群益金鼎-大甲",0,18,-18
"6351","2727王品","110/07/20","永豐金-桃盛",15,0,15
"6352","2727王品","110/07/20","統一",18,29,-11
"6353","2727王品","110/07/20","凱基",13,0,13
"6354","2727王品","110/07/20","國泰-台中",12,23,-11
"6355","2727王品","110/07/20","新加坡商瑞銀",23,11,12
"6356","2727王品","110/07/20","元大-彰化",0,11,-11
"6357","2727王品","110/07/20","亞東",10,0,10
"6358","2727王品","110/07/20","國泰-館前",4,14,-10
"6359","2727王品","110/07/20","康和-台中",13,4,9
"6360","2727王品","110/07/20","元大-學甲",0,10,-10
"6361","1570力肯","110/07/20","國票-北高雄",36,0,36
"6362","1570力肯","110/07/20","國泰-敦南",0,19,-19
"6363","1570力肯","110/07/20","群益金鼎-高雄",16,0,16
"6364","1570力肯","110/07/20","中國信託-永康",0,12,-12
"6365","1570力肯","110/07/20","臺銀-鳳山",10,0,10
"6366","1570力肯","110/07/20","第一金-路竹",0,10,-10
"6367","1570力肯","110/07/20","群益金鼎-新竹",6,0,6
"6368","1570力肯","110/07/20","福勝",0,10,-10
"6369","1570力肯","110/07/20","大昌-樹林",5,0,5
"6370","1570力肯","110/07/20","群益金鼎-板橋",0,10,-10
"6371","1570力肯","110/07/20","華南永昌-楠梓",5,0,5
"6372","1570力肯","110/07/20","日盛-鳳山",0,8,-8
"6373","1570力肯","110/07/20","元大-基隆孝二",5,0,5
"6374","1570力肯","110/07/20","永豐金-新竹",6,14,-8
"6375","1570力肯","110/07/20","元大-新竹經國",4,0,4
"6376","1570力肯","110/07/20","第一金-彰化",0,7,-7
"6377","1570力肯","110/07/20","土銀-高雄",2,0,2
"6378","1570力肯","110/07/20","元富-吉利",0,7,-7
"6379","1570力肯","110/07/20","台灣企銀-太平",2,0,2
"6380","1570力肯","110/07/20","台中銀-員林",0,7,-7
"6381","1570力肯","110/07/20","兆豐-忠孝",2,0,2
"6382","1570力肯","110/07/20","玉山證券",1,8,-7
"6383","1570力肯","110/07/20","玉山-城中",2,0,2
"6384","1570力肯","110/07/20","統一-三重",0,5,-5
"6385","1570力肯","110/07/20","國泰-板橋",2,0,2
"6386","1570力肯","110/07/20","光和-溪湖",0,3,-3
"6387","1570力肯","110/07/20","凱基-台北",2,0,2
"6388","1570力肯","110/07/20","康和-澎湖",0,3,-3
"6389","1570力肯","110/07/20","華南永昌-高雄",2,0,2
"6390","1570力肯","110/07/20","摩根大通",0,2,-2
"6391","6180橘子","110/07/20","摩根大通",89,31,58
"6392","6180橘子","110/07/20","群益金鼎-中山",0,80,-80
"6393","6180橘子","110/07/20","美商高盛",27,0,27
"6394","6180橘子","110/07/20","台中銀-台北",0,30,-30
"6395","6180橘子","110/07/20","新加坡商瑞銀",28,1,27
"6396","6180橘子","110/07/20","日盛-新莊",1,22,-21
"6397","6180橘子","110/07/20","新光",41,16,25
"6398","6180橘子","110/07/20","元富-緯城",2,20,-18
"6399","6180橘子","110/07/20","日盛-文化",21,0,21
"6400","6180橘子","110/07/20","日盛-新竹",2,15,-13
"6401","6180橘子","110/07/20","元富-潮州",20,0,20
"6402","6180橘子","110/07/20","元大-汐止",0,12,-12
"6403","6180橘子","110/07/20","凱基-台北",31,11,20
"6404","6180橘子","110/07/20","元大-豐原站前",0,12,-12
"6405","6180橘子","110/07/20","元大-草屯",18,0,18
"6406","6180橘子","110/07/20","德信-中正",0,10,-10
"6407","6180橘子","110/07/20","花旗環球",13,0,13
"6408","6180橘子","110/07/20","新光-台南",0,10,-10
"6409","6180橘子","110/07/20","元大-桃園",12,0,12
"6410","6180橘子","110/07/20","玉山-雙和",0,10,-10
"6411","6180橘子","110/07/20","群益金鼎",10,0,10
"6412","6180橘子","110/07/20","元大-四維",0,10,-10
"6413","6180橘子","110/07/20","元大-高雄",10,0,10
"6414","6180橘子","110/07/20","元大-永春",2,12,-10
"6415","6180橘子","110/07/20","群益金鼎-嘉義",9,0,9
"6416","6180橘子","110/07/20","凱基-高美館",0,8,-8
"6417","6180橘子","110/07/20","富邦-嘉義",9,0,9
"6418","6180橘子","110/07/20","華南永昌",2,10,-8
"6419","6180橘子","110/07/20","元富-草屯",10,2,8
"6420","6180橘子","110/07/20","富邦-台北",0,8,-8
"6421","2390云辰","110/07/20","元大證券",6043,11,6032
"6422","2390云辰","110/07/20","華南永昌-鳳山",2,312,-310
"6423","2390云辰","110/07/20","兆豐-復興",998,0,998
"6424","2390云辰","110/07/20","台灣摩根士丹利",0,247,-247
"6425","2390云辰","110/07/20","富邦-嘉義",775,7,768
"6426","2390云辰","110/07/20","元大-復北",4,239,-235
"6427","2390云辰","110/07/20","統一-台中",350,6,344
"6428","2390云辰","110/07/20","富邦-建國",25,236,-211
"6429","2390云辰","110/07/20","兆豐-城中",240,0,240
"6430","2390云辰","110/07/20","元富-中港",0,202,-202
"6431","2390云辰","110/07/20","群益金鼎-館前",204,2,202
"6432","2390云辰","110/07/20","國泰-敦南",20,194,-174
"6433","2390云辰","110/07/20","凱基-大直",187,0,187
"6434","2390云辰","110/07/20","元大-土城學府",10,156,-146
"6435","2390云辰","110/07/20","永豐金證券",160,10,150
"6436","2390云辰","110/07/20","中國信託-松江",0,130,-130
"6437","2390云辰","110/07/20","日盛-高雄",104,2,102
"6438","2390云辰","110/07/20","凱基-基隆",0,130,-130
"6439","2390云辰","110/07/20","凱基-中山",100,3,97
"6440","2390云辰","110/07/20","永豐金-中正",1,117,-116
"6441","2390云辰","110/07/20","元大-基隆",85,7,78
"6442","2390云辰","110/07/20","富邦-陽明",1,94,-93
"6443","2390云辰","110/07/20","群益金鼎-東大",64,2,62
"6444","2390云辰","110/07/20","元大-潮州",20,112,-92
"6445","2390云辰","110/07/20","元大-前金",60,1,59
"6446","2390云辰","110/07/20","宏遠證券",0,89,-89
"6447","2390云辰","110/07/20","國票-北高雄",63,14,49
"6448","2390云辰","110/07/20","兆豐-台中",0,75,-75
"6449","2390云辰","110/07/20","群益金鼎-三重",40,6,34
"6450","2390云辰","110/07/20","新光",8,82,-74
"6451","2363矽統","110/07/19","第一金-忠孝",210,0,210
"6452","2363矽統","110/07/19","富邦-仁愛",32,575,-543
"6453","2363矽統","110/07/19","中國信託-文心",191,9,182
"6454","2363矽統","110/07/19","新加坡商瑞銀",53,486,-433
"6455","2363矽統","110/07/19","華南永昌-鳳山",116,1,115
"6456","2363矽統","110/07/19","摩根大通",42,320,-278
"6457","2363矽統","110/07/19","元大-新竹",113,12,101
"6458","2363矽統","110/07/19","元大-竹科",3,201,-198
"6459","2363矽統","110/07/19","凱基-中山",89,1,88
"6460","2363矽統","110/07/19","元大-成功",7,183,-176
"6461","2363矽統","110/07/19","永豐金-嘉義",82,7,75
"6462","2363矽統","110/07/19","凱基-大里",0,150,-150
"6463","2363矽統","110/07/19","凱基-台南",72,4,68
"6464","2363矽統","110/07/19","瑞士信貸",80,215,-135
"6465","2363矽統","110/07/19","元富-城東",84,17,67
"6466","2363矽統","110/07/19","日盛-新莊",4,135,-131
"6467","2363矽統","110/07/19","群益金鼎-東湖",61,0,61
"6468","2363矽統","110/07/19","宏遠-桃園",20,150,-130
"6469","2363矽統","110/07/19","兆豐-中壢",55,0,55
"6470","2363矽統","110/07/19","凱基-三重",7,107,-100
"6471","2363矽統","110/07/19","康和-內湖",55,1,54
"6472","2363矽統","110/07/19","凱基-台北",384,476,-92
"6473","2363矽統","110/07/19","群益金鼎-桃園",55,2,53
"6474","2363矽統","110/07/19","合庫-台中",3,84,-81
"6475","2363矽統","110/07/19","群益金鼎-大興",50,0,50
"6476","2363矽統","110/07/19","致和-金華",1,80,-79
"6477","2363矽統","110/07/19","台新-台中",81,32,49
"6478","2363矽統","110/07/19","凱基-員林",5,77,-72
"6479","2363矽統","110/07/19","北城證券",58,10,48
"6480","2363矽統","110/07/19","華南永昌-合泰",2,70,-68
"6481","8112至上","110/07/19","摩根大通",1413,144,1269
"6482","8112至上","110/07/19","凱基-三重",3,600,-597
"6483","8112至上","110/07/19","凱基-台北",1053,266,787
"6484","8112至上","110/07/19","元大-府城",0,165,-165
"6485","8112至上","110/07/19","新加坡商瑞銀",523,2,521
"6486","8112至上","110/07/19","台灣企銀-台中",0,150,-150
"6487","8112至上","110/07/19","台灣摩根士丹利",487,8,479
"6488","8112至上","110/07/19","(牛牛牛)亞-鑫豐",26,119,-93
"6489","8112至上","110/07/19","美林",529,93,436
"6490","8112至上","110/07/19","永豐金-台南",15,95,-80
"6491","8112至上","110/07/19","港商野村",358,36,322
"6492","8112至上","110/07/19","亞東-板橋",2,81,-79
"6493","8112至上","110/07/19","美商高盛",276,3,273
"6494","8112至上","110/07/19","陽信",0,70,-70
"6495","8112至上","110/07/19","兆豐-公益",180,7,173
"6496","8112至上","110/07/19","元富-佳里",0,69,-69
"6497","8112至上","110/07/19","國泰-板橋",116,15,101
"6498","8112至上","110/07/19","臺銀-鳳山",7,72,-65
"6499","8112至上","110/07/19","凱基-新莊",100,1,99
"6500","8112至上","110/07/19","兆豐-竹北",4,65,-61
"6501","8112至上","110/07/19","凱基-市政",89,0,89
"6502","8112至上","110/07/19","國泰-新莊",2,62,-60
"6503","8112至上","110/07/19","玉山證券",73,7,66
"6504","8112至上","110/07/19","元富-大裕",2,60,-58
"6505","8112至上","110/07/19","花旗環球",64,0,64
"6506","8112至上","110/07/19","臺灣企銀-桃園",0,55,-55
"6507","8112至上","110/07/19","合庫-台中",55,3,52
"6508","8112至上","110/07/19","康和-台南",4,59,-55
"6509","8112至上","110/07/19","永豐金-中壢",50,1,49
"6510","8112至上","110/07/19","第一金-華江",3,55,-52
"6511","1570力肯","110/07/19","國票-北高雄",34,0,34
"6512","1570力肯","110/07/19","合庫-三重",0,8,-8
"6513","1570力肯","110/07/19","新光",30,3,27
"6514","1570力肯","110/07/19","元大-高雄",0,8,-8
"6515","1570力肯","110/07/19","凱基-台北",24,1,23
"6516","1570力肯","110/07/19","合庫-台中",0,7,-7
"6517","1570力肯","110/07/19","台灣摩根士丹利",7,0,7
"6518","1570力肯","110/07/19","臺銀-臺中",0,6,-6
"6519","1570力肯","110/07/19","元大-林森",5,0,5
"6520","1570力肯","110/07/19","摩根大通",6,11,-5
"6521","1570力肯","110/07/19","元大-士林",4,0,4
"6522","1570力肯","110/07/19","元富-緯城",0,4,-4
"6523","1570力肯","110/07/19","玉山證券",8,5,3
"6524","1570力肯","110/07/19","玉山-台大",0,4,-4
"6525","1570力肯","110/07/19","統一-城中",2,0,2
"6526","1570力肯","110/07/19","群益金鼎-三重",0,4,-4
"6527","1570力肯","110/07/19","元大-基隆孝二",2,0,2
"6528","1570力肯","110/07/19","凱基-鳳山",1,5,-4
"6529","1570力肯","110/07/19","土銀-建國",1,0,1
"6530","1570力肯","110/07/19","元大-板橋",0,4,-4
"6531","1570力肯","110/07/19","日盛-復興",1,0,1
"6532","1570力肯","110/07/19","日盛-和美",0,3,-3
"6533","1570力肯","110/07/19","瑞士信貸",1,0,1
"6534","1570力肯","110/07/19","元富-新店",2,5,-3
"6535","1570力肯","110/07/19","元富-四維",1,0,1
"6536","1570力肯","110/07/19","元大-新莊",0,3,-3
"6537","1570力肯","110/07/19","群益金鼎-北高雄",1,0,1
"6538","1570力肯","110/07/19","永豐金-敦南",0,3,-3
"6539","1570力肯","110/07/19","凱基-高美館",1,0,1
"6540","1570力肯","110/07/19","永豐金-台中",0,3,-3
"6541","2929淘帝","110/07/19","元大-民生",28,0,28
"6542","2929淘帝","110/07/19","元大-六合",0,40,-40
"6543","2929淘帝","110/07/19","宏遠-光隆",25,0,25
"6544","2929淘帝","110/07/19","新光-新竹",0,35,-35
"6545","2929淘帝","110/07/19","華南永昌-苗栗",20,0,20
"6546","2929淘帝","110/07/19","新加坡商瑞銀",1,30,-29
"6547","2929淘帝","110/07/19","元大-員林",20,0,20
"6548","2929淘帝","110/07/19","永豐金-永康",0,27,-27
"6549","2929淘帝","110/07/19","合庫-高雄",18,0,18
"6550","2929淘帝","110/07/19","凱基-復興",0,24,-24
"6551","2929淘帝","110/07/19","臺銀-鳳山",18,0,18
"6552","2929淘帝","110/07/19","日盛-豐原",0,22,-22
"6553","2929淘帝","110/07/19","日盛-雙和",17,0,17
"6554","2929淘帝","110/07/19","富邦-南屯",1,22,-21
"6555","2929淘帝","110/07/19","華南永昌-林口",15,0,15
"6556","2929淘帝","110/07/19","新光",1,21,-20
"6557","2929淘帝","110/07/19","元大-屏南",15,0,15
"6558","2929淘帝","110/07/19","華南永昌",0,20,-20
"6559","2929淘帝","110/07/19","台新-中壢",12,0,12
"6560","2929淘帝","110/07/19","富邦-竹東",2,22,-20
"6561","2929淘帝","110/07/19","新光-台中",11,0,11
"6562","2929淘帝","110/07/19","凱基-士林",0,16,-16
"6563","2929淘帝","110/07/19","凱基-台北",20,9,11
"6564","2929淘帝","110/07/19","福勝",0,15,-15
"6565","2929淘帝","110/07/19","富邦-台北",11,0,11
"6566","2929淘帝","110/07/19","港商野村",25,37,-12
"6567","2929淘帝","110/07/19","合庫-自強",10,0,10
"6568","2929淘帝","110/07/19","群益金鼎-建成",0,11,-11
"6569","2929淘帝","110/07/19","凱基-豐中",10,0,10
"6570","2929淘帝","110/07/19","華南永昌-朴子",0,11,-11
"6571","5410國眾","110/07/19","香港上海匯豐",28,0,28
"6572","5410國眾","110/07/19","群益金鼎-內湖",0,80,-80
"6573","5410國眾","110/07/19","大昌",26,0,26
"6574","5410國眾","110/07/19","永豐金-屏東",0,14,-14
"6575","5410國眾","110/07/19","兆豐-公益",20,0,20
"6576","5410國眾","110/07/19","永豐金-南京",0,10,-10
"6577","5410國眾","110/07/19","合庫-嘉義",10,0,10
"6578","5410國眾","110/07/19","元大-內湖",0,9,-9
"6579","5410國眾","110/07/19","台新-左楠",20,10,10
"6580","5410國眾","110/07/19","富邦-永和",0,8,-8
"6581","5410國眾","110/07/19","摩根大通",15,6,9
"6582","5410國眾","110/07/19","日盛-景美",0,6,-6
"6583","5410國眾","110/07/19","台灣企銀-民雄",8,0,8
"6584","5410國眾","110/07/19","光和",1,7,-6
"6585","5410國眾","110/07/19","元大-竹科",8,0,8
"6586","5410國眾","110/07/19","元大-士林",0,6,-6
"6587","5410國眾","110/07/19","凱基-台北",9,3,6
"6588","5410國眾","110/07/19","新光-台中",0,5,-5
"6589","5410國眾","110/07/19","元大-博愛",6,0,6
"6590","5410國眾","110/07/19","元大-景美",0,5,-5
"6591","5410國眾","110/07/19","台新-三民",5,0,5
"6592","5410國眾","110/07/19","大慶-蘆洲",0,4,-4
"6593","5410國眾","110/07/19","群益金鼎-中壢",5,0,5
"6594","5410國眾","110/07/19","中國信託-新竹",0,4,-4
"6595","5410國眾","110/07/19","群益金鼎-嘉義",5,0,5
"6596","5410國眾","110/07/19","新光",6,10,-4
"6597","5410國眾","110/07/19","日盛證券",4,0,4
"6598","5410國眾","110/07/19","元大-基隆孝二",0,4,-4
"6599","5410國眾","110/07/19","群益金鼎-新店",4,0,4
"6600","5410國眾","110/07/19","土銀-台中",0,3,-3
"6601","2841台開","110/07/19","元富-城東",150,0,150
"6602","2841台開","110/07/19","日進",0,80,-80
"6603","2841台開","110/07/19","中國信託-忠孝",80,0,80
"6604","2841台開","110/07/19","港商野村",0,77,-77
"6605","2841台開","110/07/19","凱基-台北",52,0,52
"6606","2841台開","110/07/19","摩根大通",0,41,-41
"6607","2841台開","110/07/19","美商高盛",48,0,48
"6608","2841台開","110/07/19","元大-三重",1,38,-37
"6609","2841台開","110/07/19","台中銀",43,0,43
"6610","2841台開","110/07/19","元大-福營",0,30,-30
"6611","2841台開","110/07/19","永豐金-豐原",32,0,32
"6612","2841台開","110/07/19","新光",4,28,-24
"6613","2841台開","110/07/19","豐農",20,0,20
"6614","2841台開","110/07/19","元大-竹科",0,22,-22
"6615","2841台開","110/07/19","台新-台中",30,10,20
"6616","2841台開","110/07/19","永豐金-敦南",33,55,-22
"6617","2841台開","110/07/19","華南永昌-新莊",20,0,20
"6618","2841台開","110/07/19","日盛-二林",0,15,-15
"6619","2841台開","110/07/19","第一金-台中",12,0,12
"6620","2841台開","110/07/19","元富-虎尾",0,15,-15
"6621","2841台開","110/07/19","國泰-台中",12,0,12
"6622","2841台開","110/07/19","華南永昌-世貿",0,15,-15
"6623","2841台開","110/07/19","日茂",10,0,10
"6624","2841台開","110/07/19","統一-三多",0,12,-12
"6625","2841台開","110/07/19","凱基-埔墘",10,0,10
"6626","2841台開","110/07/19","台中銀-豐原",0,10,-10
"6627","2841台開","110/07/19","永豐金-內湖",8,0,8
"6628","2841台開","110/07/19","元大-頭份",0,10,-10
"6629","2841台開","110/07/19","合庫-台中",7,0,7
"6630","2841台開","110/07/19","合庫-台南",0,8,-8
"6631","6207雷科","110/07/19","元富-信義",92,0,92
"6632","6207雷科","110/07/19","新加坡商瑞銀",5,104,-99
"6633","6207雷科","110/07/19","國泰證券",90,0,90
"6634","6207雷科","110/07/19","富邦-彰化",2,97,-95
"6635","6207雷科","110/07/19","元富-城中",80,4,76
"6636","6207雷科","110/07/19","永豐金-內湖",6,85,-79
"6637","6207雷科","110/07/19","元大-福營",71,5,66
"6638","6207雷科","110/07/19","摩根大通",102,164,-62
"6639","6207雷科","110/07/19","凱基-復興",60,0,60
"6640","6207雷科","110/07/19","瑞士信貸",0,51,-51
"6641","6207雷科","110/07/19","凱基-台北",91,46,45
"6642","6207雷科","110/07/19","凱基-板橋",10,55,-45
"6643","6207雷科","110/07/19","玉山-城中",42,0,42
"6644","6207雷科","110/07/19","華南永昌-大安",0,40,-40
"6645","6207雷科","110/07/19","華南永昌-長虹",40,0,40
"6646","6207雷科","110/07/19","群益金鼎-東大",1,40,-39
"6647","6207雷科","110/07/19","永豐金-羅東",38,0,38
"6648","6207雷科","110/07/19","台新-高雄",15,47,-32
"6649","6207雷科","110/07/19","日盛-忠孝",36,2,34
"6650","6207雷科","110/07/19","玉山-嘉義",1,32,-31
"6651","6207雷科","110/07/19","凱基-羅東",37,3,34
"6652","6207雷科","110/07/19","凱基-中港",0,30,-30
"6653","6207雷科","110/07/19","第一金-新竹",30,0,30
"6654","6207雷科","110/07/19","元大-六合",7,36,-29
"6655","6207雷科","110/07/19","玉山-數位",27,1,26
"6656","6207雷科","110/07/19","元富-花蓮",0,28,-28
"6657","6207雷科","110/07/19","凱基-長庚",22,0,22
"6658","6207雷科","110/07/19","群益金鼎-瑞豐",6,34,-28
"6659","6207雷科","110/07/19","台灣企銀-北高雄",20,0,20
"6660","6207雷科","110/07/19","新百王",0,26,-26
"6661","3679新至陞","110/07/19","元大-成功",7,0,7
"6662","3679新至陞","110/07/19","群益金鼎-大安",0,15,-15
"6663","3679新至陞","110/07/19","美商高盛",6,0,6
"6664","3679新至陞","110/07/19","凱基-民權",0,10,-10
"6665","3679新至陞","110/07/19","台新-高雄",5,0,5
"6666","3679新至陞","110/07/19","元大-西門",0,10,-10
"6667","3679新至陞","110/07/19","凱基-松山",5,0,5
"6668","3679新至陞","110/07/19","瑞士信貸",0,6,-6
"6669","3679新至陞","110/07/19","日盛-員林",4,0,4
"6670","3679新至陞","110/07/19","兆豐-高雄",0,6,-6
"6671","3679新至陞","110/07/19","台中銀-員林",4,0,4
"6672","3679新至陞","110/07/19","群益金鼎",0,5,-5
"6673","3679新至陞","110/07/19","(牛牛牛)亞-網路",3,0,3
"6674","3679新至陞","110/07/19","元大-永春",0,4,-4
"6675","3679新至陞","110/07/19","大昌-新店",3,0,3
"6676","3679新至陞","110/07/19","凱基-台北",2,5,-3
"6677","3679新至陞","110/07/19","凱基-埔墘",3,0,3
"6678","3679新至陞","110/07/19","港商法國興業",0,2,-2
"6679","3679新至陞","110/07/19","元大-板橋",3,0,3
"6680","3679新至陞","110/07/19","摩根大通",2,4,-2
"6681","3679新至陞","110/07/19","臺銀-金山",2,0,2
"6682","3679新至陞","110/07/19","元大-金門",0,2,-2
"6683","3679新至陞","110/07/19","日盛-樹林",2,0,2
"6684","3679新至陞","110/07/19","元大-土城",0,2,-2
"6685","3679新至陞","110/07/19","致和-東門",2,0,2
"6686","3679新至陞","110/07/19","日盛-鳳山",0,1,-1
"6687","3679新至陞","110/07/19","國票-敦北法人",2,0,2
"6688","3679新至陞","110/07/19","美林",1,2,-1
"6689","3679新至陞","110/07/19","台新證券",2,0,2
"6690","3679新至陞","110/07/19","第一金",0,1,-1
"6691","2727王品","110/07/19","台新證券",374,33,341
"6692","2727王品","110/07/19","台灣摩根士丹利",25,188,-163
"6693","2727王品","110/07/19","瑞士信貸",217,1,216
"6694","2727王品","110/07/19","港商野村",74,198,-124
"6695","2727王品","110/07/19","兆豐-南京",200,0,200
"6696","2727王品","110/07/19","統一",6,80,-74
"6697","2727王品","110/07/19","第一金",70,1,69
"6698","2727王品","110/07/19","合庫-台中",8,79,-71
"6699","2727王品","110/07/19","元大-小港",59,1,58
"6700","2727王品","110/07/19","凱基-台北",178,231,-53
"6701","2727王品","110/07/19","玉山-桃園",42,6,36
"6702","2727王品","110/07/19","富邦-中壢",3,52,-49
"6703","2727王品","110/07/19","永豐金-大園",31,0,31
"6704","2727王品","110/07/19","凱基-永華",0,43,-43
"6705","2727王品","110/07/19","兆豐-大安",30,0,30
"6706","2727王品","110/07/19","土銀-台中",0,36,-36
"6707","2727王品","110/07/19","美商高盛",38,15,23
"6708","2727王品","110/07/19","美林",8,41,-33
"6709","2727王品","110/07/19","康和-澎湖",23,1,22
"6710","2727王品","110/07/19","中國信託-忠孝",1,33,-32
"6711","2727王品","110/07/19","第一金-高雄",21,0,21
"6712","2727王品","110/07/19","新光",31,61,-30
"6713","2727王品","110/07/19","國票-內壢",21,0,21
"6714","2727王品","110/07/19","第一金-豐原",0,26,-26
"6715","2727王品","110/07/19","元大-桃興",19,3,16
"6716","2727王品","110/07/19","富邦-彰化",0,26,-26
"6717","2727王品","110/07/19","凱基-三重",16,1,15
"6718","2727王品","110/07/19","摩根大通",78,97,-19
"6719","2727王品","110/07/19","永豐金-南投",16,1,15
"6720","2727王品","110/07/19","國泰證券",2,21,-19
"6721","1570力肯","110/07/19","國票-北高雄",34,0,34
"6722","1570力肯","110/07/19","合庫-三重",0,8,-8
"6723","1570力肯","110/07/19","新光",30,3,27
"6724","1570力肯","110/07/19","元大-高雄",0,8,-8
"6725","1570力肯","110/07/19","凱基-台北",24,1,23
"6726","1570力肯","110/07/19","合庫-台中",0,7,-7
"6727","1570力肯","110/07/19","台灣摩根士丹利",7,0,7
"6728","1570力肯","110/07/19","臺銀-臺中",0,6,-6
"6729","1570力肯","110/07/19","元大-林森",5,0,5
"6730","1570力肯","110/07/19","摩根大通",6,11,-5
"6731","1570力肯","110/07/19","元大-士林",4,0,4
"6732","1570力肯","110/07/19","元富-緯城",0,4,-4
"6733","1570力肯","110/07/19","玉山證券",8,5,3
"6734","1570力肯","110/07/19","玉山-台大",0,4,-4
"6735","1570力肯","110/07/19","統一-城中",2,0,2
"6736","1570力肯","110/07/19","群益金鼎-三重",0,4,-4
"6737","1570力肯","110/07/19","元大-基隆孝二",2,0,2
"6738","1570力肯","110/07/19","凱基-鳳山",1,5,-4
"6739","1570力肯","110/07/19","土銀-建國",1,0,1
"6740","1570力肯","110/07/19","元大-板橋",0,4,-4
"6741","1570力肯","110/07/19","日盛-復興",1,0,1
"6742","1570力肯","110/07/19","日盛-和美",0,3,-3
"6743","1570力肯","110/07/19","瑞士信貸",1,0,1
"6744","1570力肯","110/07/19","元富-新店",2,5,-3
"6745","1570力肯","110/07/19","元富-四維",1,0,1
"6746","1570力肯","110/07/19","元大-新莊",0,3,-3
"6747","1570力肯","110/07/19","群益金鼎-北高雄",1,0,1
"6748","1570力肯","110/07/19","永豐金-敦南",0,3,-3
"6749","1570力肯","110/07/19","凱基-高美館",1,0,1
"6750","1570力肯","110/07/19","永豐金-台中",0,3,-3
"6751","6180橘子","110/07/19","兆豐證券",55,0,55
"6752","6180橘子","110/07/19","石橋證券",0,80,-80
"6753","6180橘子","110/07/19","凱基-台北",89,35,54
"6754","6180橘子","110/07/19","永豐金-大園",2,50,-48
"6755","6180橘子","110/07/19","合庫-自強",36,0,36
"6756","6180橘子","110/07/19","群益金鼎-屏東",0,40,-40
"6757","6180橘子","110/07/19","新光",50,25,25
"6758","6180橘子","110/07/19","國泰-敦南",0,19,-19
"6759","6180橘子","110/07/19","日盛-龍潭",20,0,20
"6760","6180橘子","110/07/19","日盛-新竹",2,20,-18
"6761","6180橘子","110/07/19","元大-斗信",16,1,15
"6762","6180橘子","110/07/19","摩根大通",17,35,-18
"6763","6180橘子","110/07/19","康和-台中",12,0,12
"6764","6180橘子","110/07/19","富邦-陽明",0,17,-17
"6765","6180橘子","110/07/19","國泰-台中",14,2,12
"6766","6180橘子","110/07/19","美商高盛",11,27,-16
"6767","6180橘子","110/07/19","富邦-嘉義",12,0,12
"6768","6180橘子","110/07/19","統一-宜蘭",0,14,-14
"6769","6180橘子","110/07/19","元大-草屯",12,0,12
"6770","6180橘子","110/07/19","凱基-興隆",0,12,-12
"6771","6180橘子","110/07/19","元富-桃園",11,0,11
"6772","6180橘子","110/07/19","台中銀-豐原",1,11,-10
"6773","6180橘子","110/07/19","兆豐-城中",10,0,10
"6774","6180橘子","110/07/19","永豐金-豐原",0,10,-10
"6775","6180橘子","110/07/19","元大-旗山",10,0,10
"6776","6180橘子","110/07/19","永豐金-竹科",0,10,-10
"6777","6180橘子","110/07/19","元大-大安",10,0,10
"6778","6180橘子","110/07/19","臺銀-鳳山",1,10,-9
"6779","6180橘子","110/07/19","大昌-新店",9,0,9
"6780","6180橘子","110/07/19","群益金鼎-台南",0,9,-9
"6781","2390云辰","110/07/19","摩根大通",1135,266,869
"6782","2390云辰","110/07/19","元富-成功",15,119,-104
"6783","2390云辰","110/07/19","台灣摩根士丹利",232,40,192
"6784","2390云辰","110/07/19","元富-中港",5,101,-96
"6785","2390云辰","110/07/19","凱基-台北",669,504,165
"6786","2390云辰","110/07/19","元富-嘉義",5,85,-80
"6787","2390云辰","110/07/19","美林",290,159,131
"6788","2390云辰","110/07/19","美商高盛",11,62,-51
"6789","2390云辰","110/07/19","統一",111,8,103
"6790","2390云辰","110/07/19","群益金鼎-西松",4,54,-50
"6791","2390云辰","110/07/19","元富-埔里",102,0,102
"6792","2390云辰","110/07/19","聯邦商銀",0,48,-48
"6793","2390云辰","110/07/19","華南永昌-台中",126,26,100
"6794","2390云辰","110/07/19","元大-萬華",15,57,-42
"6795","2390云辰","110/07/19","永豐金-豐原",100,32,68
"6796","2390云辰","110/07/19","群益金鼎-高雄",2,42,-40
"6797","2390云辰","110/07/19","台新-台南",87,25,62
"6798","2390云辰","110/07/19","國泰-敦南",117,154,-37
"6799","2390云辰","110/07/19","台新-左楠",67,11,56
"6800","2390云辰","110/07/19","中國信託-文心",5,40,-35
"6801","2390云辰","110/07/19","國泰-忠孝",52,0,52
"6802","2390云辰","110/07/19","凱基-城中",16,51,-35
"6803","2390云辰","110/07/19","台新證券",105,54,51
"6804","2390云辰","110/07/19","瑞士信貸",0,31,-31
"6805","2390云辰","110/07/19","華南永昌-頭份",53,3,50
"6806","2390云辰","110/07/19","中國信託-永康",1,32,-31
"6807","2390云辰","110/07/19","新光-台南",44,0,44
"6808","2390云辰","110/07/19","統一-彰化",2,32,-30
"6809","2390云辰","110/07/19","合庫-西台中",50,8,42
"6810","2390云辰","110/07/19","元大-館前",7,37,-30
"6811","2363矽統","110/07/16","國票-長城",461,21,440
"6812","2363矽統","110/07/16","新加坡商瑞銀",155,482,-327
"6813","2363矽統","110/07/16","凱基-豐中",201,3,198
"6814","2363矽統","110/07/16","港商野村",253,546,-293
"6815","2363矽統","110/07/16","凱基-土城",132,9,123
"6816","2363矽統","110/07/16","摩根大通",116,401,-285
"6817","2363矽統","110/07/16","台新證券",199,78,121
"6818","2363矽統","110/07/16","瑞士信貸",291,533,-242
"6819","2363矽統","110/07/16","日盛-中和",74,0,74
"6820","2363矽統","110/07/16","日盛-竹北",19,248,-229
"6821","2363矽統","110/07/16","日盛-員林",66,3,63
"6822","2363矽統","110/07/16","臺銀-金山",4,211,-207
"6823","2363矽統","110/07/16","國票-中和",60,3,57
"6824","2363矽統","110/07/16","元大-大統",13,138,-125
"6825","2363矽統","110/07/16","新光",240,184,56
"6826","2363矽統","110/07/16","永豐金證券",11,125,-114
"6827","2363矽統","110/07/16","富邦-竹東",65,9,56
"6828","2363矽統","110/07/16","兆豐-民生",2,101,-99
"6829","2363矽統","110/07/16","華南永昌-鳳山",56,1,55
"6830","2363矽統","110/07/16","群益金鼎-松山",2,100,-98
"6831","2363矽統","110/07/16","凱基-台北",520,466,54
"6832","2363矽統","110/07/16","元大-花蓮",8,99,-91
"6833","2363矽統","110/07/16","元富-城東",63,12,51
"6834","2363矽統","110/07/16","華南永昌-虎尾",68,154,-86
"6835","2363矽統","110/07/16","群益金鼎-桃園",56,5,51
"6836","2363矽統","110/07/16","富邦-新竹華信",7,89,-82
"6837","2363矽統","110/07/16","北城證券",60,10,50
"6838","2363矽統","110/07/16","元大-佳里",3,81,-78
"6839","2363矽統","110/07/16","國票-九鼎",57,7,50
"6840","2363矽統","110/07/16","玉山-南京東路",0,73,-73
"6841","8112至上","110/07/16","宏遠證券",551,6,545
"6842","8112至上","110/07/16","玉山-桃園",42,318,-276
"6843","8112至上","110/07/16","台灣摩根士丹利",317,11,306
"6844","8112至上","110/07/16","美林",64,305,-241
"6845","8112至上","110/07/16","新加坡商瑞銀",378,73,305
"6846","8112至上","110/07/16","宏遠-館前",16,212,-196
"6847","8112至上","110/07/16","凱基-台北",758,553,205
"6848","8112至上","110/07/16","玉山-嘉義",19,95,-76
"6849","8112至上","110/07/16","富邦證券",127,0,127
"6850","8112至上","110/07/16","群益金鼎-三民",7,82,-75
"6851","8112至上","110/07/16","台新證券",129,30,99
"6852","8112至上","110/07/16","日盛-二林",1,73,-72
"6853","8112至上","110/07/16","花旗環球",97,0,97
"6854","8112至上","110/07/16","玉山-台大",8,76,-68
"6855","8112至上","110/07/16","永豐金-台南",97,8,89
"6856","8112至上","110/07/16","元富-台南",1,68,-67
"6857","8112至上","110/07/16","元大-大天母",93,15,78
"6858","8112至上","110/07/16","玉山-板橋",4,71,-67
"6859","8112至上","110/07/16","亞東-板橋",72,2,70
"6860","8112至上","110/07/16","臺灣企銀-埔墘",0,60,-60
"6861","8112至上","110/07/16","永豐金-中正",64,9,55
"6862","8112至上","110/07/16","華南永昌-鶯歌",11,64,-53
"6863","8112至上","110/07/16","大昌-樹林",53,2,51
"6864","8112至上","110/07/16","元大-士林",7,59,-52
"6865","8112至上","110/07/16","凱基-永和",56,5,51
"6866","8112至上","110/07/16","元富-新店",8,57,-49
"6867","8112至上","110/07/16","兆豐-竹北",53,3,50
"6868","8112至上","110/07/16","富邦-陽明",9,58,-49
"6869","8112至上","110/07/16","日盛-豐原",48,0,48
"6870","8112至上","110/07/16","元大-發財",0,49,-49
"6871","1570力肯","110/07/16","新光",71,6,65
"6872","1570力肯","110/07/16","元大-高雄",0,23,-23
"6873","1570力肯","110/07/16","國票-北高雄",21,0,21
"6874","1570力肯","110/07/16","合庫-台南",0,20,-20
"6875","1570力肯","110/07/16","凱基-台北",17,1,16
"6876","1570力肯","110/07/16","元富-新店",0,15,-15
"6877","1570力肯","110/07/16","群益金鼎-高雄",15,0,15
"6878","1570力肯","110/07/16","元大-東港",0,10,-10
"6879","1570力肯","110/07/16","富邦-建國",10,0,10
"6880","1570力肯","110/07/16","中國信託",0,7,-7
"6881","1570力肯","110/07/16","元大-士林",5,0,5
"6882","1570力肯","110/07/16","台新證券",0,6,-6
"6883","1570力肯","110/07/16","瑞士信貸",3,0,3
"6884","1570力肯","110/07/16","日盛-信義",0,5,-5
"6885","1570力肯","110/07/16","臺銀-高雄",2,0,2
"6886","1570力肯","110/07/16","宏遠-館前",0,5,-5
"6887","1570力肯","110/07/16","華南永昌",2,0,2
"6888","1570力肯","110/07/16","國泰-館前",0,5,-5
"6889","1570力肯","110/07/16","元富-同大",1,0,1
"6890","1570力肯","110/07/16","富邦-園區",0,5,-5
"6891","1570力肯","110/07/16","兆豐-麻豆",1,0,1
"6892","1570力肯","110/07/16","永豐金-中正",0,5,-5
"6893","1570力肯","110/07/16","國泰-板橋",1,0,1
"6894","1570力肯","110/07/16","(牛牛牛)亞-鑫豐",0,4,-4
"6895","1570力肯","110/07/16","群益金鼎-東湖",1,0,1
"6896","1570力肯","110/07/16","台中銀-員林",0,3,-3
"6897","1570力肯","110/07/16","元大-東泰",1,0,1
"6898","1570力肯","110/07/16","玉山-新莊",0,3,-3
"6899","1570力肯","110/07/16","元大-南勢角",1,0,1
"6900","1570力肯","110/07/16","凱基-長庚",0,3,-3
"6901","2929淘帝","110/07/16","元大-民生",28,0,28
"6902","2929淘帝","110/07/16","玉山-新竹",0,30,-30
"6903","2929淘帝","110/07/16","元大-員林",20,0,20
"6904","2929淘帝","110/07/16","合庫證券",0,20,-20
"6905","2929淘帝","110/07/16","兆豐-桃鶯",12,0,12
"6906","2929淘帝","110/07/16","元大-六合",0,20,-20
"6907","2929淘帝","110/07/16","元大-大統",10,0,10
"6908","2929淘帝","110/07/16","摩根大通",0,12,-12
"6909","2929淘帝","110/07/16","新加坡商瑞銀",9,0,9
"6910","2929淘帝","110/07/16","永興",0,6,-6
"6911","2929淘帝","110/07/16","凱基-基隆",6,0,6
"6912","2929淘帝","110/07/16","凱基-長庚",0,5,-5
"6913","2929淘帝","110/07/16","合庫-高雄",5,0,5
"6914","2929淘帝","110/07/16","群益金鼎-潭子",0,4,-4
"6915","2929淘帝","110/07/16","台新-台中",6,1,5
"6916","2929淘帝","110/07/16","華南永昌-小港",2,6,-4
"6917","2929淘帝","110/07/16","元大-承德",5,0,5
"6918","2929淘帝","110/07/16","華南永昌-虎尾",0,4,-4
"6919","2929淘帝","110/07/16","元大-沙鹿",5,0,5
"6920","2929淘帝","110/07/16","日盛-和美",0,3,-3
"6921","2929淘帝","110/07/16","大慶-苗栗",5,1,4
"6922","2929淘帝","110/07/16","彰銀",0,3,-3
"6923","2929淘帝","110/07/16","台新-新營",4,0,4
"6924","2929淘帝","110/07/16","港商野村",7,10,-3
"6925","2929淘帝","110/07/16","凱基-台北",6,2,4
"6926","2929淘帝","110/07/16","群益金鼎-中山",1,4,-3
"6927","2929淘帝","110/07/16","兆豐-台中港",3,0,3
"6928","2929淘帝","110/07/16","凱基-嘉義",0,3,-3
"6929","2929淘帝","110/07/16","國票-北高雄",3,0,3
"6930","2929淘帝","110/07/16","元大-斗信",0,3,-3
"6931","5410國眾","110/07/16","盈溢-籬子內",49,0,49
"6932","5410國眾","110/07/16","元大-博愛",0,41,-41
"6933","5410國眾","110/07/16","香港上海匯豐",31,0,31
"6934","5410國眾","110/07/16","元富-嘉義",0,20,-20
"6935","5410國眾","110/07/16","元大-東泰",30,0,30
"6936","5410國眾","110/07/16","國泰-桃園",0,18,-18
"6937","5410國眾","110/07/16","兆豐-台中港",20,0,20
"6938","5410國眾","110/07/16","元富",0,17,-17
"6939","5410國眾","110/07/16","臺銀-臺南",11,0,11
"6940","5410國眾","110/07/16","元大-新竹",0,14,-14
"6941","5410國眾","110/07/16","富邦-新竹華信",11,0,11
"6942","5410國眾","110/07/16","安泰-大發",0,11,-11
"6943","5410國眾","110/07/16","臺銀",10,0,10
"6944","5410國眾","110/07/16","大昌-樹林",0,10,-10
"6945","5410國眾","110/07/16","凱基-台北",8,1,7
"6946","5410國眾","110/07/16","群益金鼎-內湖",0,10,-10
"6947","5410國眾","110/07/16","日盛-士林",5,0,5
"6948","5410國眾","110/07/16","元大-樹林",0,10,-10
"6949","5410國眾","110/07/16","新光-桃園",5,0,5
"6950","5410國眾","110/07/16","元大-內湖",0,9,-9
"6951","5410國眾","110/07/16","國泰-台南",5,0,5
"6952","5410國眾","110/07/16","群益金鼎-永和",0,5,-5
"6953","5410國眾","110/07/16","群益金鼎-嘉義",5,0,5
"6954","5410國眾","110/07/16","凱基-屏東",0,5,-5
"6955","5410國眾","110/07/16","元大-屏南",5,0,5
"6956","5410國眾","110/07/16","統一-員林",0,4,-4
"6957","5410國眾","110/07/16","日盛-員林",3,0,3
"6958","5410國眾","110/07/16","國泰-松江",0,4,-4
"6959","5410國眾","110/07/16","瑞士信貸",3,0,3
"6960","5410國眾","110/07/16","凱基-台南",0,4,-4
"6961","2841台開","110/07/16","日盛證券",250,0,250
"6962","2841台開","110/07/16","元大-歸仁",0,590,-590
"6963","2841台開","110/07/16","凱基-文心",204,0,204
"6964","2841台開","110/07/16","摩根大通",0,245,-245
"6965","2841台開","110/07/16","國泰-館前",114,0,114
"6966","2841台開","110/07/16","日盛-信義",0,145,-145
"6967","2841台開","110/07/16","永豐金-豐原",75,0,75
"6968","2841台開","110/07/16","港商野村",0,103,-103
"6969","2841台開","110/07/16","台新-台中",76,10,66
"6970","2841台開","110/07/16","玉山-嘉義",5,54,-49
"6971","2841台開","110/07/16","中國信託-文心",51,5,46
"6972","2841台開","110/07/16","台新證券",22,63,-41
"6973","2841台開","110/07/16","華南永昌-新莊",41,10,31
"6974","2841台開","110/07/16","美商高盛",0,39,-39
"6975","2841台開","110/07/16","富邦-嘉義",30,0,30
"6976","2841台開","110/07/16","亞東-板橋",0,30,-30
"6977","2841台開","110/07/16","新光",26,0,26
"6978","2841台開","110/07/16","永豐金-北高雄",0,30,-30
"6979","2841台開","110/07/16","富邦-板橋",25,0,25
"6980","2841台開","110/07/16","日盛-忠孝",0,20,-20
"6981","2841台開","110/07/16","新光-台中",22,0,22
"6982","2841台開","110/07/16","元富-草屯",0,15,-15
"6983","2841台開","110/07/16","元大-承德",22,0,22
"6984","2841台開","110/07/16","永豐金-板新",0,12,-12
"6985","2841台開","110/07/16","日盛-三重",20,0,20
"6986","2841台開","110/07/16","第一金-華江",0,10,-10
"6987","2841台開","110/07/16","日盛-新莊",20,0,20
"6988","2841台開","110/07/16","兆豐-南京",0,10,-10
"6989","2841台開","110/07/16","凱基-台南",20,0,20
"6990","2841台開","110/07/16","國票-中港",0,10,-10
"6991","6207雷科","110/07/16","統一-平鎮",215,4,211
"6992","6207雷科","110/07/16","凱基-台北",344,628,-284
"6993","6207雷科","110/07/16","凱基-復興",166,6,160
"6994","6207雷科","110/07/16","新加坡商瑞銀",104,370,-266
"6995","6207雷科","110/07/16","永豐金-南京",141,3,138
"6996","6207雷科","110/07/16","摩根大通",193,430,-237
"6997","6207雷科","110/07/16","永豐金-內湖",117,1,116
"6998","6207雷科","110/07/16","富邦證券",0,150,-150
"6999","6207雷科","110/07/16","日盛證券",104,2,102
"7000","6207雷科","110/07/16","華南永昌-中正",26,169,-143
"7001","6207雷科","110/07/16","群益金鼎-古亭",74,2,72
"7002","6207雷科","110/07/16","凱基-敦北",1,142,-141
"7003","6207雷科","110/07/16","群益金鼎-東門",76,12,64
"7004","6207雷科","110/07/16","凱基-板橋",0,120,-120
"7005","6207雷科","110/07/16","日盛-板橋",78,25,53
"7006","6207雷科","110/07/16","元富-大昌",30,136,-106
"7007","6207雷科","110/07/16","元大-斗六",57,6,51
"7008","6207雷科","110/07/16","元大-北成功",26,97,-71
"7009","6207雷科","110/07/16","元大-頭份",53,3,50
"7010","6207雷科","110/07/16","新光-桃園",29,93,-64
"7011","6207雷科","110/07/16","群益金鼎-東大",56,11,45
"7012","6207雷科","110/07/16","新百王",27,90,-63
"7013","6207雷科","110/07/16","永豐金-虎尾",50,8,42
"7014","6207雷科","110/07/16","玉山-左營",16,72,-56
"7015","6207雷科","110/07/16","元大-西門",39,1,38
"7016","6207雷科","110/07/16","群益金鼎-中壢",3,54,-51
"7017","6207雷科","110/07/16","凱基-竹科",38,1,37
"7018","6207雷科","110/07/16","元富-中原",21,67,-46
"7019","6207雷科","110/07/16","元富-世貿",50,15,35
"7020","6207雷科","110/07/16","大昌-桃園",26,70,-44
"7021","3679新至陞","110/07/16","元大-成功",17,1,16
"7022","3679新至陞","110/07/16","國票-桃園",0,11,-11
"7023","3679新至陞","110/07/16","玉山-台大",5,0,5
"7024","3679新至陞","110/07/16","富邦-台北",0,10,-10
"7025","3679新至陞","110/07/16","日盛-員林",4,0,4
"7026","3679新至陞","110/07/16","富邦-苗栗",0,10,-10
"7027","3679新至陞","110/07/16","凱基-台北",6,2,4
"7028","3679新至陞","110/07/16","元大-永春",0,6,-6
"7029","3679新至陞","110/07/16","台灣摩根士丹利",3,0,3
"7030","3679新至陞","110/07/16","美林",0,5,-5
"7031","3679新至陞","110/07/16","凱基-中山",3,0,3
"7032","3679新至陞","110/07/16","瑞士信貸",3,7,-4
"7033","3679新至陞","110/07/16","元大-承德",3,0,3
"7034","3679新至陞","110/07/16","宏遠-館前",0,3,-3
"7035","3679新至陞","110/07/16","元大-汐止",4,1,3
"7036","3679新至陞","110/07/16","元大-東港",0,3,-3
"7037","3679新至陞","110/07/16","日盛-大墩",2,0,2
"7038","3679新至陞","110/07/16","元大證券",0,2,-2
"7039","3679新至陞","110/07/16","玉山-城中",2,0,2
"7040","3679新至陞","110/07/16","永豐金-板新",0,2,-2
"7041","3679新至陞","110/07/16","華南永昌-內壢",2,0,2
"7042","3679新至陞","110/07/16","臺銀-民權",0,1,-1
"7043","3679新至陞","110/07/16","元大-台南",2,0,2
"7044","3679新至陞","110/07/16","日盛-台中",0,1,-1
"7045","3679新至陞","110/07/16","元大-大同",2,0,2
"7046","3679新至陞","110/07/16","日盛-鳳山",0,1,-1
"7047","3679新至陞","110/07/16","臺銀-高雄",1,0,1
"7048","3679新至陞","110/07/16","元富-古亭",0,1,-1
"7049","3679新至陞","110/07/16","日盛-樹林",1,0,1
"7050","3679新至陞","110/07/16","元富-新興",0,1,-1
"7051","2727王品","110/07/16","富邦證券",570,0,570
"7052","2727王品","110/07/16","台新證券",27,77,-50
"7053","2727王品","110/07/16","兆豐-南京",200,0,200
"7054","2727王品","110/07/16","台灣摩根士丹利",4,47,-43
"7055","2727王品","110/07/16","瑞士信貸",133,2,131
"7056","2727王品","110/07/16","永豐金-大園",0,33,-33
"7057","2727王品","110/07/16","美林",121,26,95
"7058","2727王品","110/07/16","元大-北屯",0,32,-32
"7059","2727王品","110/07/16","統一",103,43,60
"7060","2727王品","110/07/16","富邦-南屯",1,30,-29
"7061","2727王品","110/07/16","中國信託-忠孝",36,2,34
"7062","2727王品","110/07/16","元大-基隆孝二",0,29,-29
"7063","2727王品","110/07/16","元大證券",68,45,23
"7064","2727王品","110/07/16","日盛-忠孝",4,30,-26
"7065","2727王品","110/07/16","合庫-彰化",22,1,21
"7066","2727王品","110/07/16","新光-新竹",1,21,-20
"7067","2727王品","110/07/16","港商野村",126,105,21
"7068","2727王品","110/07/16","凱基-台北",94,113,-19
"7069","2727王品","110/07/16","元富-板橋",22,1,21
"7070","2727王品","110/07/16","富邦-虎尾",1,19,-18
"7071","2727王品","110/07/16","新加坡商瑞銀",36,18,18
"7072","2727王品","110/07/16","元大-南京",0,17,-17
"7073","2727王品","110/07/16","國泰證券",20,5,15
"7074","2727王品","110/07/16","日盛-鳳山",2,18,-16
"7075","2727王品","110/07/16","日盛-桃園",13,1,12
"7076","2727王品","110/07/16","新光",34,50,-16
"7077","2727王品","110/07/16","凱基-市政",12,1,11
"7078","2727王品","110/07/16","富邦-台北",2,18,-16
"7079","2727王品","110/07/16","元大-嘉義",14,3,11
"7080","2727王品","110/07/16","國票-內壢",1,15,-14
"7081","1570力肯","110/07/16","新光",71,6,65
"7082","1570力肯","110/07/16","元大-高雄",0,23,-23
"7083","1570力肯","110/07/16","國票-北高雄",21,0,21
"7084","1570力肯","110/07/16","合庫-台南",0,20,-20
"7085","1570力肯","110/07/16","凱基-台北",17,1,16
"7086","1570力肯","110/07/16","元富-新店",0,15,-15
"7087","1570力肯","110/07/16","群益金鼎-高雄",15,0,15
"7088","1570力肯","110/07/16","元大-東港",0,10,-10
"7089","1570力肯","110/07/16","富邦-建國",10,0,10
"7090","1570力肯","110/07/16","中國信託",0,7,-7
"7091","1570力肯","110/07/16","元大-士林",5,0,5
"7092","1570力肯","110/07/16","台新證券",0,6,-6
"7093","1570力肯","110/07/16","瑞士信貸",3,0,3
"7094","1570力肯","110/07/16","日盛-信義",0,5,-5
"7095","1570力肯","110/07/16","臺銀-高雄",2,0,2
"7096","1570力肯","110/07/16","宏遠-館前",0,5,-5
"7097","1570力肯","110/07/16","華南永昌",2,0,2
"7098","1570力肯","110/07/16","國泰-館前",0,5,-5
"7099","1570力肯","110/07/16","元富-同大",1,0,1
"7100","1570力肯","110/07/16","富邦-園區",0,5,-5
"7101","1570力肯","110/07/16","兆豐-麻豆",1,0,1
"7102","1570力肯","110/07/16","永豐金-中正",0,5,-5
"7103","1570力肯","110/07/16","國泰-板橋",1,0,1
"7104","1570力肯","110/07/16","(牛牛牛)亞-鑫豐",0,4,-4
"7105","1570力肯","110/07/16","群益金鼎-東湖",1,0,1
"7106","1570力肯","110/07/16","台中銀-員林",0,3,-3
"7107","1570力肯","110/07/16","元大-東泰",1,0,1
"7108","1570力肯","110/07/16","玉山-新莊",0,3,-3
"7109","1570力肯","110/07/16","元大-南勢角",1,0,1
"7110","1570力肯","110/07/16","凱基-長庚",0,3,-3
"7111","6180橘子","110/07/16","日盛-文化",71,5,66
"7112","6180橘子","110/07/16","凱基-台北",110,238,-128
"7113","6180橘子","110/07/16","新加坡商瑞銀",75,19,56
"7114","6180橘子","110/07/16","摩根大通",77,161,-84
"7115","6180橘子","110/07/16","瑞士信貸",51,0,51
"7116","6180橘子","110/07/16","元富-高雄",0,62,-62
"7117","6180橘子","110/07/16","台灣企銀-屏東",50,0,50
"7118","6180橘子","110/07/16","美商高盛",0,40,-40
"7119","6180橘子","110/07/16","元大-桃園",52,2,50
"7120","6180橘子","110/07/16","合庫-自強",0,37,-37
"7121","6180橘子","110/07/16","康和-台北",51,10,41
"7122","6180橘子","110/07/16","美林",15,48,-33
"7123","6180橘子","110/07/16","群益金鼎-屏東",61,20,41
"7124","6180橘子","110/07/16","元富-四維",0,32,-32
"7125","6180橘子","110/07/16","元大-彰化",33,2,31
"7126","6180橘子","110/07/16","新光",63,92,-29
"7127","6180橘子","110/07/16","台中銀-台北",30,0,30
"7128","6180橘子","110/07/16","新光-台南",6,28,-22
"7129","6180橘子","110/07/16","福勝",29,3,26
"7130","6180橘子","110/07/16","港商野村",28,49,-21
"7131","6180橘子","110/07/16","兆豐證券",21,0,21
"7132","6180橘子","110/07/16","統一",2,23,-21
"7133","6180橘子","110/07/16","華南永昌-頭份",20,0,20
"7134","6180橘子","110/07/16","元大-豐原站前",3,21,-18
"7135","6180橘子","110/07/16","富邦-台北",25,5,20
"7136","6180橘子","110/07/16","豐農",3,20,-17
"7137","6180橘子","110/07/16","富邦-員林",23,4,19
"7138","6180橘子","110/07/16","安泰-大發",0,17,-17
"7139","6180橘子","110/07/16","台新-新莊",20,2,18
"7140","6180橘子","110/07/16","群益金鼎",2,19,-17
"7141","2390云辰","110/07/16","兆豐-天母",642,7,635
"7142","2390云辰","110/07/16","凱基",0,5007,-5007
"7143","2390云辰","110/07/16","華南永昌-鳳山",339,35,304
"7144","2390云辰","110/07/16","凱基-台北",1224,2306,-1082
"7145","2390云辰","110/07/16","第一金-大稻埕",269,13,256
"7146","2390云辰","110/07/16","元大證券",206,1177,-971
"7147","2390云辰","110/07/16","國泰-敦南",665,427,238
"7148","2390云辰","110/07/16","摩根大通",1073,1967,-894
"7149","2390云辰","110/07/16","富邦-建國",272,50,222
"7150","2390云辰","110/07/16","台灣摩根士丹利",232,671,-439
"7151","2390云辰","110/07/16","元大-信義",180,15,165
"7152","2390云辰","110/07/16","美林",187,496,-309
"7153","2390云辰","110/07/16","瑞士信貸",155,0,155
"7154","2390云辰","110/07/16","港商野村",680,950,-270
"7155","2390云辰","110/07/16","台新證券",461,317,144
"7156","2390云辰","110/07/16","永豐金-中正",18,170,-152
"7157","2390云辰","110/07/16","兆豐-公益",148,11,137
"7158","2390云辰","110/07/16","元富-板橋",30,169,-139
"7159","2390云辰","110/07/16","元大-土城學府",197,61,136
"7160","2390云辰","110/07/16","新加坡商瑞銀",61,175,-114
"7161","2390云辰","110/07/16","元大-天母",232,122,110
"7162","2390云辰","110/07/16","聯邦商銀",54,167,-113
"7163","2390云辰","110/07/16","凱基-基隆",109,2,107
"7164","2390云辰","110/07/16","群益金鼎-大甲",13,111,-98
"7165","2390云辰","110/07/16","元富-成功",110,5,105
"7166","2390云辰","110/07/16","統一-屏東",4,92,-88
"7167","2390云辰","110/07/16","統一-新營",118,14,104
"7168","2390云辰","110/07/16","凱基-大直",3,80,-77
"7169","2390云辰","110/07/16","國泰-板橋",268,170,98
"7170","2390云辰","110/07/16","元大-桃興",46,117,-71
"7171","2363矽統","110/07/15","康和-台中",626,61,565
"7172","2363矽統","110/07/15","新加坡商瑞銀",202,838,-636
"7173","2363矽統","110/07/15","摩根大通",1271,932,339
"7174","2363矽統","110/07/15","美林",185,720,-535
"7175","2363矽統","110/07/15","瑞士信貸",530,230,300
"7176","2363矽統","110/07/15","富邦-仁愛",60,583,-523
"7177","2363矽統","110/07/15","宏遠-桃園",281,0,281
"7178","2363矽統","110/07/15","元大-板橋",35,368,-333
"7179","2363矽統","110/07/15","大展",252,19,233
"7180","2363矽統","110/07/15","花旗環球",0,308,-308
"7181","2363矽統","110/07/15","凱基-台北",683,498,185
"7182","2363矽統","110/07/15","元富-成功",2,113,-111
"7183","2363矽統","110/07/15","永豐金證券",166,11,155
"7184","2363矽統","110/07/15","富邦-新營",23,132,-109
"7185","2363矽統","110/07/15","群益金鼎",157,5,152
"7186","2363矽統","110/07/15","臺銀-金山",197,304,-107
"7187","2363矽統","110/07/15","新光",333,229,104
"7188","2363矽統","110/07/15","日盛-二林",13,116,-103
"7189","2363矽統","110/07/15","永豐金-台南",130,26,104
"7190","2363矽統","110/07/15","台新-左楠",40,126,-86
"7191","2363矽統","110/07/15","國票-南京",100,0,100
"7192","2363矽統","110/07/15","康和-南崁",15,100,-85
"7193","2363矽統","110/07/15","群益金鼎-松山",150,50,100
"7194","2363矽統","110/07/15","永豐金-員林",9,91,-82
"7195","2363矽統","110/07/15","中國信託-松江",103,5,98
"7196","2363矽統","110/07/15","光和-嘉義",5,78,-73
"7197","2363矽統","110/07/15","國票-新莊",187,92,95
"7198","2363矽統","110/07/15","日盛-板橋中山",3,73,-70
"7199","2363矽統","110/07/15","北城證券",216,126,90
"7200","2363矽統","110/07/15","元大證券",10,75,-65
"7201","8112至上","110/07/15","凱基-台北",535,32,503
"7202","8112至上","110/07/15","群益金鼎-台南",0,116,-116
"7203","8112至上","110/07/15","摩根大通",362,16,346
"7204","8112至上","110/07/15","華南永昌-高雄",2,112,-110
"7205","8112至上","110/07/15","台灣摩根士丹利",254,0,254
"7206","8112至上","110/07/15","永豐金-台南",27,128,-101
"7207","8112至上","110/07/15","花旗環球",159,0,159
"7208","8112至上","110/07/15","元大-東蘆",2,73,-71
"7209","8112至上","110/07/15","新加坡商瑞銀",95,2,93
"7210","8112至上","110/07/15","美林",3,66,-63
"7211","8112至上","110/07/15","玉山-嘉義",84,0,84
"7212","8112至上","110/07/15","元大-館前",0,62,-62
"7213","8112至上","110/07/15","新光",82,6,76
"7214","8112至上","110/07/15","元富-信義",0,50,-50
"7215","8112至上","110/07/15","瑞士信貸",80,7,73
"7216","8112至上","110/07/15","台新證券",35,82,-47
"7217","8112至上","110/07/15","美商高盛",64,0,64
"7218","8112至上","110/07/15","大慶-蘆洲",7,53,-46
"7219","8112至上","110/07/15","兆豐-小港",56,0,56
"7220","8112至上","110/07/15","國票-天祥",0,45,-45
"7221","8112至上","110/07/15","永豐金-內湖",60,11,49
"7222","8112至上","110/07/15","凱基-中山",1,45,-44
"7223","8112至上","110/07/15","永豐金-南投",46,1,45
"7224","8112至上","110/07/15","元大-士林",0,43,-43
"7225","8112至上","110/07/15","凱基-三重",40,0,40
"7226","8112至上","110/07/15","玉山-城中",4,44,-40
"7227","8112至上","110/07/15","台灣企銀",29,0,29
"7228","8112至上","110/07/15","凱基-彰化",0,39,-39
"7229","8112至上","110/07/15","元大-府城",42,14,28
"7230","8112至上","110/07/15","元富-花蓮",2,40,-38
"7231","1570力肯","110/07/15","群益金鼎-高雄",40,0,40
"7232","1570力肯","110/07/15","元大-高雄",0,12,-12
"7233","1570力肯","110/07/15","新光",40,8,32
"7234","1570力肯","110/07/15","永豐金-中正",0,10,-10
"7235","1570力肯","110/07/15","凱基-台北",20,2,18
"7236","1570力肯","110/07/15","國泰-松江",0,9,-9
"7237","1570力肯","110/07/15","凱基-天母",6,0,6
"7238","1570力肯","110/07/15","台新證券",0,8,-8
"7239","1570力肯","110/07/15","元富-新店",5,0,5
"7240","1570力肯","110/07/15","玉山證券",0,7,-7
"7241","1570力肯","110/07/15","凱基-中港",5,0,5
"7242","1570力肯","110/07/15","元大-府城",0,7,-7
"7243","1570力肯","110/07/15","富邦-園區",5,0,5
"7244","1570力肯","110/07/15","元大-板橋",0,6,-6
"7245","1570力肯","110/07/15","瑞士信貸",4,0,4
"7246","1570力肯","110/07/15","日盛-信義",0,5,-5
"7247","1570力肯","110/07/15","第一金-路竹",3,0,3
"7248","1570力肯","110/07/15","國票-和平",0,5,-5
"7249","1570力肯","110/07/15","摩根大通",3,0,3
"7250","1570力肯","110/07/15","元大-民雄",0,5,-5
"7251","1570力肯","110/07/15","凱基-桃園",3,0,3
"7252","1570力肯","110/07/15","統一-台中",0,4,-4
"7253","1570力肯","110/07/15","永豐金-苓雅",3,0,3
"7254","1570力肯","110/07/15","玉山-雙和",0,4,-4
"7255","1570力肯","110/07/15","統一-員林",2,0,2
"7256","1570力肯","110/07/15","凱基-敦北",0,4,-4
"7257","1570力肯","110/07/15","元大-永春",2,0,2
"7258","1570力肯","110/07/15","富邦-新店",0,4,-4
"7259","1570力肯","110/07/15","元大-土城永寧",2,0,2
"7260","1570力肯","110/07/15","日盛-板橋",0,3,-3
"7261","2929淘帝","110/07/15","港商野村",58,4,54
"7262","2929淘帝","110/07/15","日盛-園區",0,25,-25
"7263","2929淘帝","110/07/15","元大-民生",29,0,29
"7264","2929淘帝","110/07/15","兆豐-南京",0,20,-20
"7265","2929淘帝","110/07/15","新加坡商瑞銀",22,1,21
"7266","2929淘帝","110/07/15","玉山-高雄",0,18,-18
"7267","2929淘帝","110/07/15","凱基-台北",20,2,18
"7268","2929淘帝","110/07/15","富邦-南屯",1,15,-14
"7269","2929淘帝","110/07/15","大慶-中壢",15,1,14
"7270","2929淘帝","110/07/15","富邦-員林",0,13,-13
"7271","2929淘帝","110/07/15","日盛-和美",10,0,10
"7272","2929淘帝","110/07/15","凱基-站前",0,10,-10
"7273","2929淘帝","110/07/15","元大-員林",10,0,10
"7274","2929淘帝","110/07/15","元大-台中",0,10,-10
"7275","2929淘帝","110/07/15","凱基-基隆",6,0,6
"7276","2929淘帝","110/07/15","美林",10,19,-9
"7277","2929淘帝","110/07/15","臺銀-鳳山",5,0,5
"7278","2929淘帝","110/07/15","元大-新盛",0,8,-8
"7279","2929淘帝","110/07/15","第一金-路竹",5,0,5
"7280","2929淘帝","110/07/15","台新-台南",0,7,-7
"7281","2929淘帝","110/07/15","元富-大裕",5,0,5
"7282","2929淘帝","110/07/15","元大-大天母",0,7,-7
"7283","2929淘帝","110/07/15","玉山-大里",5,0,5
"7284","2929淘帝","110/07/15","華南永昌-虎尾",0,6,-6
"7285","2929淘帝","110/07/15","元大-博愛",5,0,5
"7286","2929淘帝","110/07/15","永豐金證券",0,6,-6
"7287","2929淘帝","110/07/15","永豐金-新莊",5,0,5
"7288","2929淘帝","110/07/15","兆豐-竹北",0,5,-5
"7289","2929淘帝","110/07/15","元大-南崁",4,0,4
"7290","2929淘帝","110/07/15","元大-文心興安",0,5,-5
"7291","5410國眾","110/07/15","香港上海匯豐",18,0,18
"7292","5410國眾","110/07/15","元大-南屯",0,18,-18
"7293","5410國眾","110/07/15","摩根大通",15,0,15
"7294","5410國眾","110/07/15","亞東-新竹",0,15,-15
"7295","5410國眾","110/07/15","日盛-士林",10,0,10
"7296","5410國眾","110/07/15","兆豐-台中港",0,15,-15
"7297","5410國眾","110/07/15","群益金鼎-嘉義",10,0,10
"7298","5410國眾","110/07/15","日盛-板橋",0,12,-12
"7299","5410國眾","110/07/15","元大-高雄",10,0,10
"7300","5410國眾","110/07/15","台中銀-豐原",0,9,-9
"7301","5410國眾","110/07/15","元大-東港",10,0,10
"7302","5410國眾","110/07/15","臺銀-臺南",3,10,-7
"7303","5410國眾","110/07/15","臺銀",10,5,5
"7304","5410國眾","110/07/15","瑞士信貸",0,5,-5
"7305","5410國眾","110/07/15","台新-新營",5,0,5
"7306","5410國眾","110/07/15","統一-員林",0,5,-5
"7307","5410國眾","110/07/15","富邦-台北",5,0,5
"7308","5410國眾","110/07/15","大昌-樹林",0,5,-5
"7309","5410國眾","110/07/15","日盛-屏東",4,0,4
"7310","5410國眾","110/07/15","兆豐-來福",0,5,-5
"7311","5410國眾","110/07/15","高橋",5,1,4
"7312","5410國眾","110/07/15","豐農",0,5,-5
"7313","5410國眾","110/07/15","中國信託-新竹",4,1,3
"7314","5410國眾","110/07/15","元大-大里",0,5,-5
"7315","5410國眾","110/07/15","富邦-建國",3,0,3
"7316","5410國眾","110/07/15","港商野村",0,3,-3
"7317","5410國眾","110/07/15","永豐金-桃園",3,0,3
"7318","5410國眾","110/07/15","中農",0,3,-3
"7319","5410國眾","110/07/15","大展",2,0,2
"7320","5410國眾","110/07/15","國泰-忠孝",0,3,-3
"7321","2841台開","110/07/15","日盛證券",310,0,310
"7322","2841台開","110/07/15","港商野村",0,97,-97
"7323","2841台開","110/07/15","元富-城東",100,0,100
"7324","2841台開","110/07/15","元大-員林",0,77,-77
"7325","2841台開","110/07/15","凱基-文心",30,0,30
"7326","2841台開","110/07/15","新光",3,73,-70
"7327","2841台開","110/07/15","日盛-雙和",24,0,24
"7328","2841台開","110/07/15","永豐金-北高雄",0,30,-30
"7329","2841台開","110/07/15","第一金-台中",20,0,20
"7330","2841台開","110/07/15","華南永昌",0,25,-25
"7331","2841台開","110/07/15","豐農",20,0,20
"7332","2841台開","110/07/15","日盛-台南",0,20,-20
"7333","2841台開","110/07/15","華南永昌-新莊",19,0,19
"7334","2841台開","110/07/15","致和-佳里",0,20,-20
"7335","2841台開","110/07/15","玉山-大里",12,0,12
"7336","2841台開","110/07/15","國票-中港",0,20,-20
"7337","2841台開","110/07/15","元富-安南",10,0,10
"7338","2841台開","110/07/15","元大-歸仁",0,20,-20
"7339","2841台開","110/07/15","凱基-市政",10,0,10
"7340","2841台開","110/07/15","統一-三多",0,19,-19
"7341","2841台開","110/07/15","凱基-竹科",10,0,10
"7342","2841台開","110/07/15","凱基-城中",0,18,-18
"7343","2841台開","110/07/15","國泰-板橋",10,1,9
"7344","2841台開","110/07/15","國票-中和",0,15,-15
"7345","2841台開","110/07/15","凱基-台北",9,0,9
"7346","2841台開","110/07/15","元大-彰化",0,15,-15
"7347","2841台開","110/07/15","合庫證券",6,0,6
"7348","2841台開","110/07/15","元大-復北",0,15,-15
"7349","2841台開","110/07/15","台中銀",6,0,6
"7350","2841台開","110/07/15","土銀-花蓮",0,14,-14
"7351","6207雷科","110/07/15","凱基-板橋",210,45,165
"7352","6207雷科","110/07/15","群益金鼎-台北",20,80,-60
"7353","6207雷科","110/07/15","富邦證券",150,0,150
"7354","6207雷科","110/07/15","元大-大天母",1,56,-55
"7355","6207雷科","110/07/15","凱基-復興",140,0,140
"7356","6207雷科","110/07/15","大慶-中壢",2,50,-48
"7357","6207雷科","110/07/15","華南永昌-中正",140,0,140
"7358","6207雷科","110/07/15","元富-林園",0,47,-47
"7359","6207雷科","110/07/15","永豐金-內湖",92,10,82
"7360","6207雷科","110/07/15","元大-東門",0,40,-40
"7361","6207雷科","110/07/15","富邦-彰化",81,11,70
"7362","6207雷科","110/07/15","第一金-安和",0,37,-37
"7363","6207雷科","110/07/15","(牛牛牛)亞-網路",67,0,67
"7364","6207雷科","110/07/15","凱基-台北",61,97,-36
"7365","6207雷科","110/07/15","台新證券",60,8,52
"7366","6207雷科","110/07/15","國票-南科",0,32,-32
"7367","6207雷科","110/07/15","華南永昌",50,3,47
"7368","6207雷科","110/07/15","元大-四維",0,32,-32
"7369","6207雷科","110/07/15","新加坡商瑞銀",68,26,42
"7370","6207雷科","110/07/15","元大-板橋",0,30,-30
"7371","6207雷科","110/07/15","日盛-景美",40,0,40
"7372","6207雷科","110/07/15","元大-南崁",1,30,-29
"7373","6207雷科","110/07/15","元富-大昌",40,0,40
"7374","6207雷科","110/07/15","凱基-岡山",0,27,-27
"7375","6207雷科","110/07/15","統一-高雄",38,5,33
"7376","6207雷科","110/07/15","統一-新竹",0,26,-26
"7377","6207雷科","110/07/15","日盛證券",32,0,32
"7378","6207雷科","110/07/15","群益金鼎-三民",1,27,-26
"7379","6207雷科","110/07/15","華南永昌-頭份",31,0,31
"7380","6207雷科","110/07/15","國票-台中",0,25,-25
"7381","3679新至陞","110/07/15","群益金鼎-大安",25,0,25
"7382","3679新至陞","110/07/15","元大-成功",0,10,-10
"7383","3679新至陞","110/07/15","元大-彰化",13,0,13
"7384","3679新至陞","110/07/15","群益金鼎-東大",0,8,-8
"7385","3679新至陞","110/07/15","國票-桃園",10,0,10
"7386","3679新至陞","110/07/15","凱基-台北",4,12,-8
"7387","3679新至陞","110/07/15","群益金鼎-台南",10,0,10
"7388","3679新至陞","110/07/15","第一金-華江",0,5,-5
"7389","3679新至陞","110/07/15","華南永昌-台中",10,0,10
"7390","3679新至陞","110/07/15","兆豐-來福",0,5,-5
"7391","3679新至陞","110/07/15","港商野村",9,0,9
"7392","3679新至陞","110/07/15","元大-北三重",0,5,-5
"7393","3679新至陞","110/07/15","元大-永春",6,0,6
"7394","3679新至陞","110/07/15","瑞士信貸",0,4,-4
"7395","3679新至陞","110/07/15","(牛牛牛)亞-網路",5,0,5
"7396","3679新至陞","110/07/15","新加坡商瑞銀",0,4,-4
"7397","3679新至陞","110/07/15","凱基-高雄",5,0,5
"7398","3679新至陞","110/07/15","元大-汐止",0,4,-4
"7399","3679新至陞","110/07/15","美商高盛",6,2,4
"7400","3679新至陞","110/07/15","台中銀-員林",0,3,-3
"7401","3679新至陞","110/07/15","台新證券",3,1,2
"7402","3679新至陞","110/07/15","兆豐-忠孝",0,3,-3
"7403","3679新至陞","110/07/15","群益金鼎-大興",2,0,2
"7404","3679新至陞","110/07/15","玉山-新莊",0,3,-3
"7405","3679新至陞","110/07/15","元大-六合",2,0,2
"7406","3679新至陞","110/07/15","永豐金-屏東",0,3,-3
"7407","3679新至陞","110/07/15","彰銀",1,0,1
"7408","3679新至陞","110/07/15","永豐金-敦南",0,3,-3
"7409","3679新至陞","110/07/15","美林",2,1,1
"7410","3679新至陞","110/07/15","永豐金-萬盛",0,3,-3
"7411","2727王品","110/07/15","兆豐-南京",101,0,101
"7412","2727王品","110/07/15","富邦-左營",0,102,-102
"7413","2727王品","110/07/15","港商野村",166,73,93
"7414","2727王品","110/07/15","日盛-忠孝",2,32,-30
"7415","2727王品","110/07/15","瑞士信貸",97,8,89
"7416","2727王品","110/07/15","群益金鼎-古亭",2,24,-22
"7417","2727王品","110/07/15","玉山證券",56,12,44
"7418","2727王品","110/07/15","日盛-八德",0,21,-21
"7419","2727王品","110/07/15","第一金-高雄",43,1,42
"7420","2727王品","110/07/15","元大-新盛",2,23,-21
"7421","2727王品","110/07/15","台新證券",74,45,29
"7422","2727王品","110/07/15","摩根大通",53,72,-19
"7423","2727王品","110/07/15","康和-澎湖",27,0,27
"7424","2727王品","110/07/15","富邦-彰化",8,26,-18
"7425","2727王品","110/07/15","富邦-陽明",31,4,27
"7426","2727王品","110/07/15","富邦-台中",7,24,-17
"7427","2727王品","110/07/15","國票-北高雄",27,1,26
"7428","2727王品","110/07/15","新加坡商瑞銀",13,29,-16
"7429","2727王品","110/07/15","國泰-板橋",38,12,26
"7430","2727王品","110/07/15","國泰-敦南",35,50,-15
"7431","2727王品","110/07/15","凱基-興隆",23,0,23
"7432","2727王品","110/07/15","元大-龍潭",0,14,-14
"7433","2727王品","110/07/15","凱基-板橋",29,7,22
"7434","2727王品","110/07/15","中國信託-文心",8,21,-13
"7435","2727王品","110/07/15","合庫-彰化",21,0,21
"7436","2727王品","110/07/15","永豐金-竹科",2,15,-13
"7437","2727王品","110/07/15","土銀-南港",20,0,20
"7438","2727王品","110/07/15","臺銀-臺南",2,14,-12
"7439","2727王品","110/07/15","美林",37,18,19
"7440","2727王品","110/07/15","凱基-台北",56,68,-12
"7441","1570力肯","110/07/15","群益金鼎-高雄",40,0,40
"7442","1570力肯","110/07/15","元大-高雄",0,12,-12
"7443","1570力肯","110/07/15","新光",40,8,32
"7444","1570力肯","110/07/15","永豐金-中正",0,10,-10
"7445","1570力肯","110/07/15","凱基-台北",20,2,18
"7446","1570力肯","110/07/15","國泰-松江",0,9,-9
"7447","1570力肯","110/07/15","凱基-天母",6,0,6
"7448","1570力肯","110/07/15","台新證券",0,8,-8
"7449","1570力肯","110/07/15","元富-新店",5,0,5
"7450","1570力肯","110/07/15","玉山證券",0,7,-7
"7451","1570力肯","110/07/15","凱基-中港",5,0,5
"7452","1570力肯","110/07/15","元大-府城",0,7,-7
"7453","1570力肯","110/07/15","富邦-園區",5,0,5
"7454","1570力肯","110/07/15","元大-板橋",0,6,-6
"7455","1570力肯","110/07/15","瑞士信貸",4,0,4
"7456","1570力肯","110/07/15","日盛-信義",0,5,-5
"7457","1570力肯","110/07/15","第一金-路竹",3,0,3
"7458","1570力肯","110/07/15","國票-和平",0,5,-5
"7459","1570力肯","110/07/15","摩根大通",3,0,3
"7460","1570力肯","110/07/15","元大-民雄",0,5,-5
"7461","1570力肯","110/07/15","凱基-桃園",3,0,3
"7462","1570力肯","110/07/15","統一-台中",0,4,-4
"7463","1570力肯","110/07/15","永豐金-苓雅",3,0,3
"7464","1570力肯","110/07/15","玉山-雙和",0,4,-4
"7465","1570力肯","110/07/15","統一-員林",2,0,2
"7466","1570力肯","110/07/15","凱基-敦北",0,4,-4
"7467","1570力肯","110/07/15","元大-永春",2,0,2
"7468","1570力肯","110/07/15","富邦-新店",0,4,-4
"7469","1570力肯","110/07/15","元大-土城永寧",2,0,2
"7470","1570力肯","110/07/15","日盛-板橋",0,3,-3
"7471","6180橘子","110/07/15","兆豐證券",130,0,130
"7472","6180橘子","110/07/15","港商野村",21,137,-116
"7473","6180橘子","110/07/15","摩根大通",111,0,111
"7474","6180橘子","110/07/15","高橋",0,40,-40
"7475","6180橘子","110/07/15","石橋證券",80,0,80
"7476","6180橘子","110/07/15","臺銀",1,40,-39
"7477","6180橘子","110/07/15","凱基-台北",78,26,52
"7478","6180橘子","110/07/15","玉山-桃園",0,35,-35
"7479","6180橘子","110/07/15","新加坡商瑞銀",38,1,37
"7480","6180橘子","110/07/15","玉山-台南",2,33,-31
"7481","6180橘子","110/07/15","富邦-員林",32,0,32
"7482","6180橘子","110/07/15","統一-南京",0,30,-30
"7483","6180橘子","110/07/15","日盛-文化",23,0,23
"7484","6180橘子","110/07/15","康和-台南",0,25,-25
"7485","6180橘子","110/07/15","元富-新店",20,0,20
"7486","6180橘子","110/07/15","大昌-樹林",0,22,-22
"7487","6180橘子","110/07/15","美林",15,0,15
"7488","6180橘子","110/07/15","康和-新竹",0,20,-20
"7489","6180橘子","110/07/15","新光-新竹",17,2,15
"7490","6180橘子","110/07/15","群益金鼎-台中",0,20,-20
"7491","6180橘子","110/07/15","富邦-嘉義",12,0,12
"7492","6180橘子","110/07/15","元大-彰化民生",0,18,-18
"7493","6180橘子","110/07/15","花旗環球",11,0,11
"7494","6180橘子","110/07/15","元大-草屯",0,16,-16
"7495","6180橘子","110/07/15","第一金-新興",11,0,11
"7496","6180橘子","110/07/15","元富-潮州",0,13,-13
"7497","6180橘子","110/07/15","第一金-桃園",10,0,10
"7498","6180橘子","110/07/15","宏遠-台南",0,11,-11
"7499","6180橘子","110/07/15","永興",10,0,10
"7500","6180橘子","110/07/15","大慶-泰山",0,10,-10
"7501","2390云辰","110/07/15","凱基",5007,0,5007
"7502","2390云辰","110/07/15","凱基-台北",382,616,-234
"7503","2390云辰","110/07/15","元大證券",1006,25,981
"7504","2390云辰","110/07/15","富邦-陽明",69,265,-196
"7505","2390云辰","110/07/15","元大-天母",456,20,436
"7506","2390云辰","110/07/15","永豐金-桃園",63,255,-192
"7507","2390云辰","110/07/15","港商野村",975,675,300
"7508","2390云辰","110/07/15","富邦-仁愛",17,187,-170
"7509","2390云辰","110/07/15","摩根大通",1318,1040,278
"7510","2390云辰","110/07/15","日盛-和美",2,165,-163
"7511","2390云辰","110/07/15","國票-博愛",184,7,177
"7512","2390云辰","110/07/15","國泰-敦南",142,290,-148
"7513","2390云辰","110/07/15","群益金鼎-大甲",113,13,100
"7514","2390云辰","110/07/15","台灣摩根士丹利",51,197,-146
"7515","2390云辰","110/07/15","凱基-大直",89,2,87
"7516","2390云辰","110/07/15","國票-嘉義",4,148,-144
"7517","2390云辰","110/07/15","玉山-台中",77,8,69
"7518","2390云辰","110/07/15","台中銀",8,139,-131
"7519","2390云辰","110/07/15","聯邦商銀",70,4,66
"7520","2390云辰","110/07/15","元大-彰化民生",7,138,-131
"7521","2390云辰","110/07/15","元大-大里",88,25,63
"7522","2390云辰","110/07/15","元富-成功",2,111,-109
"7523","2390云辰","110/07/15","富邦-嘉義",542,480,62
"7524","2390云辰","110/07/15","元大-東泰",3,106,-103
"7525","2390云辰","110/07/15","新加坡商瑞銀",158,97,61
"7526","2390云辰","110/07/15","合庫-三重",1,102,-101
"7527","2390云辰","110/07/15","華南永昌-台中",86,35,51
"7528","2390云辰","110/07/15","元富-大裕",4,87,-83
"7529","2390云辰","110/07/15","群益金鼎",51,6,45
"7530","2390云辰","110/07/15","凱基-和平",17,96,-79
"7531","2363矽統","110/07/14","台灣摩根士丹利",463,0,463
"7532","2363矽統","110/07/14","新加坡商瑞銀",568,1321,-753
"7533","2363矽統","110/07/14","台新證券",750,342,408
"7534","2363矽統","110/07/14","瑞士信貸",149,864,-715
"7535","2363矽統","110/07/14","玉山-台中",363,51,312
"7536","2363矽統","110/07/14","台新-屏東",115,380,-265
"7537","2363矽統","110/07/14","元大-斗六",223,25,198
"7538","2363矽統","110/07/14","永豐金證券",16,265,-249
"7539","2363矽統","110/07/14","華南永昌-朴子",208,38,170
"7540","2363矽統","110/07/14","美林",462,701,-239
"7541","2363矽統","110/07/14","元富-西松",169,12,157
"7542","2363矽統","110/07/14","宏遠-桃園",269,500,-231
"7543","2363矽統","110/07/14","永豐金-大園",146,6,140
"7544","2363矽統","110/07/14","凱基-竹北",36,254,-218
"7545","2363矽統","110/07/14","土銀-和平",134,0,134
"7546","2363矽統","110/07/14","港商法國興業",0,214,-214
"7547","2363矽統","110/07/14","富邦-新營",130,13,117
"7548","2363矽統","110/07/14","港商野村",835,1044,-209
"7549","2363矽統","110/07/14","元富-成功",118,11,107
"7550","2363矽統","110/07/14","北城證券",212,411,-199
"7551","2363矽統","110/07/14","元富-烏日",121,18,103
"7552","2363矽統","110/07/14","(牛牛牛)亞-鑫豐",51,241,-190
"7553","2363矽統","110/07/14","日盛-二林",120,18,102
"7554","2363矽統","110/07/14","國票-博愛",24,213,-189
"7555","2363矽統","110/07/14","兆豐-忠孝",98,2,96
"7556","2363矽統","110/07/14","大慶-蘆洲",134,316,-182
"7557","2363矽統","110/07/14","大慶-楊梅",92,3,89
"7558","2363矽統","110/07/14","彰銀-台中",15,193,-178
"7559","2363矽統","110/07/14","元富-三重",120,33,87
"7560","2363矽統","110/07/14","日盛-和美",18,185,-167
"7561","8112至上","110/07/14","新加坡商瑞銀",223,17,206
"7562","8112至上","110/07/14","瑞士信貸",8,170,-162
"7563","8112至上","110/07/14","摩根大通",285,129,156
"7564","8112至上","110/07/14","美林",55,202,-147
"7565","8112至上","110/07/14","花旗環球",124,0,124
"7566","8112至上","110/07/14","凱基-台北",325,436,-111
"7567","8112至上","110/07/14","兆豐-公益",117,4,113
"7568","8112至上","110/07/14","台中銀-台北",0,98,-98
"7569","8112至上","110/07/14","香港上海匯豐",111,0,111
"7570","8112至上","110/07/14","玉山-台大",17,107,-90
"7571","8112至上","110/07/14","永豐金-內湖",117,21,96
"7572","8112至上","110/07/14","康和-內湖",1,90,-89
"7573","8112至上","110/07/14","台灣摩根士丹利",108,16,92
"7574","8112至上","110/07/14","港商野村",21,84,-63
"7575","8112至上","110/07/14","元大-東蘆",77,0,77
"7576","8112至上","110/07/14","兆豐-北高雄",1,60,-59
"7577","8112至上","110/07/14","新光",108,48,60
"7578","8112至上","110/07/14","群益金鼎-海山",1,52,-51
"7579","8112至上","110/07/14","大慶-蘆洲",59,0,59
"7580","8112至上","110/07/14","群益金鼎-大安",0,50,-50
"7581","8112至上","110/07/14","華南永昌-台中",56,3,53
"7582","8112至上","110/07/14","富邦-仁愛",2,49,-47
"7583","8112至上","110/07/14","土銀-嘉義",52,2,50
"7584","8112至上","110/07/14","元大-金華",0,42,-42
"7585","8112至上","110/07/14","美商高盛",40,0,40
"7586","8112至上","110/07/14","元大-內湖",4,43,-39
"7587","8112至上","110/07/14","臺銀",63,29,34
"7588","8112至上","110/07/14","第一金-華江",2,37,-35
"7589","8112至上","110/07/14","元富-嘉義",31,0,31
"7590","8112至上","110/07/14","永豐金-苓雅",2,34,-32
"7591","1570力肯","110/07/14","國票-北高雄",68,0,68
"7592","1570力肯","110/07/14","摩根大通",0,21,-21
"7593","1570力肯","110/07/14","日盛-八德",30,1,29
"7594","1570力肯","110/07/14","新光",1,19,-18
"7595","1570力肯","110/07/14","玉山-高雄",7,0,7
"7596","1570力肯","110/07/14","(牛牛牛)亞-鑫豐",0,17,-17
"7597","1570力肯","110/07/14","臺銀-臺南",5,0,5
"7598","1570力肯","110/07/14","日盛-士林",0,10,-10
"7599","1570力肯","110/07/14","凱基-三峽",5,0,5
"7600","1570力肯","110/07/14","統一-員林",0,10,-10
"7601","1570力肯","110/07/14","元大-和平",5,0,5
"7602","1570力肯","110/07/14","國票-新莊",0,10,-10
"7603","1570力肯","110/07/14","合庫-三重",4,0,4
"7604","1570力肯","110/07/14","凱基-高美館",0,10,-10
"7605","1570力肯","110/07/14","瑞士信貸",4,0,4
"7606","1570力肯","110/07/14","元大-屏東民生",0,5,-5
"7607","1570力肯","110/07/14","統一-三多",4,0,4
"7608","1570力肯","110/07/14","元大-古亭",0,5,-5
"7609","1570力肯","110/07/14","華南永昌-古亭",4,0,4
"7610","1570力肯","110/07/14","日盛-木柵",0,4,-4
"7611","1570力肯","110/07/14","元大-高雄",3,0,3
"7612","1570力肯","110/07/14","大昌",0,4,-4
"7613","1570力肯","110/07/14","兆豐-忠孝",2,0,2
"7614","1570力肯","110/07/14","群益金鼎-東大",0,4,-4
"7615","1570力肯","110/07/14","富邦-陽明",2,0,2
"7616","1570力肯","110/07/14","凱基-台北",0,4,-4
"7617","1570力肯","110/07/14","元大-松山",2,0,2
"7618","1570力肯","110/07/14","元大-板橋",0,4,-4
"7619","1570力肯","110/07/14","元大-忠孝",2,0,2
"7620","1570力肯","110/07/14","第一金-中山",0,3,-3
"7621","2929淘帝","110/07/14","華南永昌-林口",60,0,60
"7622","2929淘帝","110/07/14","群益金鼎",25,540,-515
"7623","2929淘帝","110/07/14","美林",87,31,56
"7624","2929淘帝","110/07/14","國泰-台南",1,30,-29
"7625","2929淘帝","110/07/14","元富-台南",40,0,40
"7626","2929淘帝","110/07/14","宏遠-桃園",0,20,-20
"7627","2929淘帝","110/07/14","元大-民生",39,0,39
"7628","2929淘帝","110/07/14","摩根大通",11,31,-20
"7629","2929淘帝","110/07/14","臺銀-鳳山",34,0,34
"7630","2929淘帝","110/07/14","台新-建北",5,20,-15
"7631","2929淘帝","110/07/14","合庫-高雄",34,1,33
"7632","2929淘帝","110/07/14","新光",1,16,-15
"7633","2929淘帝","110/07/14","華南永昌-鶯歌",28,0,28
"7634","2929淘帝","110/07/14","玉山-板橋",0,15,-15
"7635","2929淘帝","110/07/14","永興",25,0,25
"7636","2929淘帝","110/07/14","凱基-羅東",0,15,-15
"7637","2929淘帝","110/07/14","元大-新盛",25,1,24
"7638","2929淘帝","110/07/14","元大-頭份",0,15,-15
"7639","2929淘帝","110/07/14","日盛-南京",23,0,23
"7640","2929淘帝","110/07/14","第一金-台南",0,13,-13
"7641","2929淘帝","110/07/14","日茂",20,0,20
"7642","2929淘帝","110/07/14","富邦-基隆",0,12,-12
"7643","2929淘帝","110/07/14","台新-台中",20,0,20
"7644","2929淘帝","110/07/14","日茂-南投",1,12,-11
"7645","2929淘帝","110/07/14","華南永昌",20,0,20
"7646","2929淘帝","110/07/14","元大-豐原站前",0,11,-11
"7647","2929淘帝","110/07/14","福勝",15,0,15
"7648","2929淘帝","110/07/14","玉山-士林",0,10,-10
"7649","2929淘帝","110/07/14","富邦-南屯",15,0,15
"7650","2929淘帝","110/07/14","富邦-台北",0,10,-10
"7651","5410國眾","110/07/14","兆豐-城中",35,0,35
"7652","5410國眾","110/07/14","瑞士信貸",0,29,-29
"7653","5410國眾","110/07/14","新光",21,1,20
"7654","5410國眾","110/07/14","國泰-板橋",1,30,-29
"7655","5410國眾","110/07/14","國泰-敦南",21,1,20
"7656","5410國眾","110/07/14","日盛-高雄",0,20,-20
"7657","5410國眾","110/07/14","國泰-台中",20,1,19
"7658","5410國眾","110/07/14","台新-左楠",1,20,-19
"7659","5410國眾","110/07/14","元大-崇德",19,0,19
"7660","5410國眾","110/07/14","元富-大昌",1,18,-17
"7661","5410國眾","110/07/14","土銀-士林",18,0,18
"7662","5410國眾","110/07/14","富邦-建國",0,15,-15
"7663","5410國眾","110/07/14","元大-新盛",20,2,18
"7664","5410國眾","110/07/14","元富-嘉義",0,12,-12
"7665","5410國眾","110/07/14","兆豐-高雄",15,0,15
"7666","5410國眾","110/07/14","永全-南崁",0,12,-12
"7667","5410國眾","110/07/14","宏遠-中和",10,0,10
"7668","5410國眾","110/07/14","元大-員林",0,11,-11
"7669","5410國眾","110/07/14","新光-桃園",10,0,10
"7670","5410國眾","110/07/14","高橋",0,10,-10
"7671","5410國眾","110/07/14","國泰-台南",10,0,10
"7672","5410國眾","110/07/14","永興",0,10,-10
"7673","5410國眾","110/07/14","元大-復北",10,0,10
"7674","5410國眾","110/07/14","華南永昌-三重",0,10,-10
"7675","5410國眾","110/07/14","元大-竹科",8,0,8
"7676","5410國眾","110/07/14","元大-苑裡",0,7,-7
"7677","5410國眾","110/07/14","台新-新營",6,0,6
"7678","5410國眾","110/07/14","港商野村",0,6,-6
"7679","5410國眾","110/07/14","日盛-士林",5,0,5
"7680","5410國眾","110/07/14","摩根大通",5,11,-6
"7681","2841台開","110/07/14","凱基-文心",73,0,73
"7682","2841台開","110/07/14","國泰-敦南",0,50,-50
"7683","2841台開","110/07/14","元富-潮州",30,0,30
"7684","2841台開","110/07/14","凱基-中壢",0,40,-40
"7685","2841台開","110/07/14","第一金-台中",20,0,20
"7686","2841台開","110/07/14","統一-新竹",0,24,-24
"7687","2841台開","110/07/14","華南永昌-新莊",20,0,20
"7688","2841台開","110/07/14","元富-草屯",0,20,-20
"7689","2841台開","110/07/14","永豐金-豐原",20,0,20
"7690","2841台開","110/07/14","台新-台南",0,20,-20
"7691","2841台開","110/07/14","國泰-館前",15,0,15
"7692","2841台開","110/07/14","永豐金-敦南",45,63,-18
"7693","2841台開","110/07/14","群益金鼎-基隆",12,0,12
"7694","2841台開","110/07/14","國票-北高雄",0,13,-13
"7695","2841台開","110/07/14","日盛-信義",10,0,10
"7696","2841台開","110/07/14","凱基-松山",0,10,-10
"7697","2841台開","110/07/14","台新-台中",10,0,10
"7698","2841台開","110/07/14","元大證券",0,10,-10
"7699","2841台開","110/07/14","新光",10,1,9
"7700","2841台開","110/07/14","元大-中壢",0,10,-10
"7701","2841台開","110/07/14","凱基-新店",8,0,8
"7702","2841台開","110/07/14","富邦-陽明",1,10,-9
"7703","2841台開","110/07/14","元大-斗信",7,0,7
"7704","2841台開","110/07/14","富邦-建國",0,9,-9
"7705","2841台開","110/07/14","元大-三重",6,0,6
"7706","2841台開","110/07/14","富邦-台南",0,8,-8
"7707","2841台開","110/07/14","永豐金-中和",6,0,6
"7708","2841台開","110/07/14","康和-澎湖",0,7,-7
"7709","2841台開","110/07/14","元富-成功",5,0,5
"7710","2841台開","110/07/14","日盛-斗六",0,6,-6
"7711","6207雷科","110/07/14","群益金鼎-台北",60,0,60
"7712","6207雷科","110/07/14","新加坡商瑞銀",10,56,-46
"7713","6207雷科","110/07/14","台新-高雄",43,3,40
"7714","6207雷科","110/07/14","國票-中和",0,41,-41
"7715","6207雷科","110/07/14","元大-高雄",19,0,19
"7716","6207雷科","110/07/14","元大-復北",0,33,-33
"7717","6207雷科","110/07/14","福勝",15,0,15
"7718","6207雷科","110/07/14","光和-和美",0,20,-20
"7719","6207雷科","110/07/14","群益金鼎-中山",15,0,15
"7720","6207雷科","110/07/14","群益金鼎-丹鳳",0,20,-20
"7721","6207雷科","110/07/14","元大-林園",15,0,15
"7722","6207雷科","110/07/14","第一金-路竹",0,10,-10
"7723","6207雷科","110/07/14","新光",12,0,12
"7724","6207雷科","110/07/14","元大-歸仁",0,10,-10
"7725","6207雷科","110/07/14","元大-大天母",10,0,10
"7726","6207雷科","110/07/14","宏遠-館前",0,9,-9
"7727","6207雷科","110/07/14","永豐金-忠孝",9,0,9
"7728","6207雷科","110/07/14","凱基-台北",12,20,-8
"7729","6207雷科","110/07/14","永豐金-新店",7,0,7
"7730","6207雷科","110/07/14","美林",0,7,-7
"7731","6207雷科","110/07/14","玉山-嘉義",6,0,6
"7732","6207雷科","110/07/14","摩根大通",16,23,-7
"7733","6207雷科","110/07/14","元大-屏東",6,0,6
"7734","6207雷科","110/07/14","凱基-高雄",1,7,-6
"7735","6207雷科","110/07/14","凱基-大安",5,0,5
"7736","6207雷科","110/07/14","台中銀-豐原",0,5,-5
"7737","6207雷科","110/07/14","富邦-台南",5,0,5
"7738","6207雷科","110/07/14","元大-新竹經國",0,5,-5
"7739","6207雷科","110/07/14","元大-成功",5,0,5
"7740","6207雷科","110/07/14","光和-田中",0,4,-4
"7741","3679新至陞","110/07/14","凱基-台北",31,6,25
"7742","3679新至陞","110/07/14","群益金鼎-東大",0,15,-15
"7743","3679新至陞","110/07/14","華南永昌-新莊",10,0,10
"7744","3679新至陞","110/07/14","瑞士信貸",0,12,-12
"7745","3679新至陞","110/07/14","新加坡商瑞銀",11,3,8
"7746","3679新至陞","110/07/14","群益金鼎-永和",0,10,-10
"7747","3679新至陞","110/07/14","美商高盛",6,0,6
"7748","3679新至陞","110/07/14","元大-成功",5,15,-10
"7749","3679新至陞","110/07/14","第一金-中壢",6,0,6
"7750","3679新至陞","110/07/14","統一-板橋",1,10,-9
"7751","3679新至陞","110/07/14","(牛牛牛)亞-網路",4,0,4
"7752","3679新至陞","110/07/14","玉山-左營",0,5,-5
"7753","3679新至陞","110/07/14","元大-六合",3,0,3
"7754","3679新至陞","110/07/14","群益金鼎-三民",0,4,-4
"7755","3679新至陞","110/07/14","合庫-自強",2,0,2
"7756","3679新至陞","110/07/14","富邦-宜蘭",0,4,-4
"7757","3679新至陞","110/07/14","高橋-內壢",2,0,2
"7758","3679新至陞","110/07/14","永豐金-苓雅",0,3,-3
"7759","3679新至陞","110/07/14","台中銀-員林",2,0,2
"7760","3679新至陞","110/07/14","摩根大通",5,7,-2
"7761","3679新至陞","110/07/14","凱基-高美館",2,0,2
"7762","3679新至陞","110/07/14","元大-板橋三民",0,2,-2
"7763","3679新至陞","110/07/14","元大-福營",2,0,2
"7764","3679新至陞","110/07/14","宏遠-中和",0,1,-1
"7765","3679新至陞","110/07/14","永豐金-松山",2,0,2
"7766","3679新至陞","110/07/14","元富-佳里",0,1,-1
"7767","3679新至陞","110/07/14","永豐金-萬盛",2,0,2
"7768","3679新至陞","110/07/14","(牛牛牛)亞-鑫豐",0,1,-1
"7769","3679新至陞","110/07/14","元富-松德",1,0,1
"7770","3679新至陞","110/07/14","中國信託-中壢",0,1,-1
"7771","2727王品","110/07/14","富邦-左營",102,1,101
"7772","2727王品","110/07/14","統一-城中",100,234,-134
"7773","2727王品","110/07/14","國泰-板橋",105,11,94
"7774","2727王品","110/07/14","富邦-台北",1,125,-124
"7775","2727王品","110/07/14","港商野村",149,72,77
"7776","2727王品","110/07/14","台灣摩根士丹利",1,48,-47
"7777","2727王品","110/07/14","合庫-台中",66,2,64
"7778","2727王品","110/07/14","國票-新莊",0,40,-40
"7779","2727王品","110/07/14","臺銀-金山",63,8,55
"7780","2727王品","110/07/14","永豐金-忠孝",2,39,-37
"7781","2727王品","110/07/14","摩根大通",83,39,44
"7782","2727王品","110/07/14","富邦-彰化",1,34,-33
"7783","2727王品","110/07/14","凱基-台北",84,42,42
"7784","2727王品","110/07/14","康和-高雄",0,30,-30
"7785","2727王品","110/07/14","土銀-台中",35,1,34
"7786","2727王品","110/07/14","安泰",0,26,-26
"7787","2727王品","110/07/14","華南永昌-麻豆",32,1,31
"7788","2727王品","110/07/14","富邦-新竹華信",0,21,-21
"7789","2727王品","110/07/14","元大證券",85,55,30
"7790","2727王品","110/07/14","元大-南崁",1,22,-21
"7791","2727王品","110/07/14","新加坡商瑞銀",40,15,25
"7792","2727王品","110/07/14","彰銀-台中",0,18,-18
"7793","2727王品","110/07/14","日盛-八德",19,0,19
"7794","2727王品","110/07/14","元富-同大",2,20,-18
"7795","2727王品","110/07/14","統一",35,17,18
"7796","2727王品","110/07/14","玉山-嘉義",1,17,-16
"7797","2727王品","110/07/14","元富-大昌",18,1,17
"7798","2727王品","110/07/14","國泰-館前",4,20,-16
"7799","2727王品","110/07/14","玉山-板橋",15,1,14
"7800","2727王品","110/07/14","第一金-嘉義",1,13,-12
"7801","1570力肯","110/07/14","國票-北高雄",68,0,68
"7802","1570力肯","110/07/14","摩根大通",0,21,-21
"7803","1570力肯","110/07/14","日盛-八德",30,1,29
"7804","1570力肯","110/07/14","新光",1,19,-18
"7805","1570力肯","110/07/14","玉山-高雄",7,0,7
"7806","1570力肯","110/07/14","(牛牛牛)亞-鑫豐",0,17,-17
"7807","1570力肯","110/07/14","臺銀-臺南",5,0,5
"7808","1570力肯","110/07/14","日盛-士林",0,10,-10
"7809","1570力肯","110/07/14","凱基-三峽",5,0,5
"7810","1570力肯","110/07/14","統一-員林",0,10,-10
"7811","1570力肯","110/07/14","元大-和平",5,0,5
"7812","1570力肯","110/07/14","國票-新莊",0,10,-10
"7813","1570力肯","110/07/14","合庫-三重",4,0,4
"7814","1570力肯","110/07/14","凱基-高美館",0,10,-10
"7815","1570力肯","110/07/14","瑞士信貸",4,0,4
"7816","1570力肯","110/07/14","元大-屏東民生",0,5,-5
"7817","1570力肯","110/07/14","統一-三多",4,0,4
"7818","1570力肯","110/07/14","元大-古亭",0,5,-5
"7819","1570力肯","110/07/14","華南永昌-古亭",4,0,4
"7820","1570力肯","110/07/14","日盛-木柵",0,4,-4
"7821","1570力肯","110/07/14","元大-高雄",3,0,3
"7822","1570力肯","110/07/14","大昌",0,4,-4
"7823","1570力肯","110/07/14","兆豐-忠孝",2,0,2
"7824","1570力肯","110/07/14","群益金鼎-東大",0,4,-4
"7825","1570力肯","110/07/14","富邦-陽明",2,0,2
"7826","1570力肯","110/07/14","凱基-台北",0,4,-4
"7827","1570力肯","110/07/14","元大-松山",2,0,2
"7828","1570力肯","110/07/14","元大-板橋",0,4,-4
"7829","1570力肯","110/07/14","元大-忠孝",2,0,2
"7830","1570力肯","110/07/14","第一金-中山",0,3,-3
"7831","6180橘子","110/07/14","新加坡商瑞銀",84,28,56
"7832","6180橘子","110/07/14","凱基-台北",4,37,-33
"7833","6180橘子","110/07/14","日盛-信義",29,1,28
"7834","6180橘子","110/07/14","玉山-台南",1,22,-21
"7835","6180橘子","110/07/14","豐農",28,4,24
"7836","6180橘子","110/07/14","日盛-新竹",1,21,-20
"7837","6180橘子","110/07/14","新光-新竹",24,1,23
"7838","6180橘子","110/07/14","元富-潮州",0,19,-19
"7839","6180橘子","110/07/14","華南永昌-高雄",20,0,20
"7840","6180橘子","110/07/14","元大-信義",0,17,-17
"7841","6180橘子","110/07/14","元大-羅東",20,0,20
"7842","6180橘子","110/07/14","台灣企銀-台中",1,16,-15
"7843","6180橘子","110/07/14","元大-台中中港",20,0,20
"7844","6180橘子","110/07/14","元大-北港",0,15,-15
"7845","6180橘子","110/07/14","富邦-嘉義",24,5,19
"7846","6180橘子","110/07/14","富邦-高雄",0,14,-14
"7847","6180橘子","110/07/14","富邦-仁愛",15,0,15
"7848","6180橘子","110/07/14","兆豐-埔墘",0,13,-13
"7849","6180橘子","110/07/14","國票-九鼎",13,0,13
"7850","6180橘子","110/07/14","第一金-中山",0,10,-10
"7851","6180橘子","110/07/14","日盛-木柵",12,0,12
"7852","6180橘子","110/07/14","元大-彰化民生",0,10,-10
"7853","6180橘子","110/07/14","元大-成功",10,0,10
"7854","6180橘子","110/07/14","福勝",1,10,-9
"7855","6180橘子","110/07/14","港商野村",10,2,8
"7856","6180橘子","110/07/14","群益金鼎-丹鳳",1,10,-9
"7857","6180橘子","110/07/14","玉山-左營",8,0,8
"7858","6180橘子","110/07/14","群益金鼎-板橋",0,8,-8
"7859","6180橘子","110/07/14","富邦-陽明",16,8,8
"7860","6180橘子","110/07/14","合庫-鳳山",0,7,-7
"7861","2390云辰","110/07/14","摩根大通",995,198,797
"7862","2390云辰","110/07/14","新加坡商瑞銀",28,399,-371
"7863","2390云辰","110/07/14","美林",383,22,361
"7864","2390云辰","110/07/14","凱基-新豐",3,198,-195
"7865","2390云辰","110/07/14","台灣摩根士丹利",684,358,326
"7866","2390云辰","110/07/14","元大-士林",1,152,-151
"7867","2390云辰","110/07/14","凱基-台北",656,402,254
"7868","2390云辰","110/07/14","元大-竹山",80,181,-101
"7869","2390云辰","110/07/14","日盛-和美",110,5,105
"7870","2390云辰","110/07/14","群益金鼎-開元",19,95,-76
"7871","2390云辰","110/07/14","元大-天母",72,0,72
"7872","2390云辰","110/07/14","新光",77,150,-73
"7873","2390云辰","110/07/14","永豐金-松山",57,0,57
"7874","2390云辰","110/07/14","元富-高雄",0,71,-71
"7875","2390云辰","110/07/14","統一-屏東",53,0,53
"7876","2390云辰","110/07/14","元大-土城學府",130,201,-71
"7877","2390云辰","110/07/14","港商野村",486,450,36
"7878","2390云辰","110/07/14","元大-善化",12,76,-64
"7879","2390云辰","110/07/14","致和-崇德",30,0,30
"7880","2390云辰","110/07/14","華南永昌-岡山",23,81,-58
"7881","2390云辰","110/07/14","富邦-台北",40,14,26
"7882","2390云辰","110/07/14","群益金鼎-大興",82,125,-43
"7883","2390云辰","110/07/14","台新-高雄",38,13,25
"7884","2390云辰","110/07/14","大慶-中壢",0,41,-41
"7885","2390云辰","110/07/14","富邦-板橋",32,7,25
"7886","2390云辰","110/07/14","玉山-板橋",6,47,-41
"7887","2390云辰","110/07/14","陽信-石牌",24,0,24
"7888","2390云辰","110/07/14","富邦-台東",2,42,-40
"7889","2390云辰","110/07/14","凱基-屏東",32,8,24
"7890","2390云辰","110/07/14","元大-新營",3,42,-39
"7891","2363矽統","110/07/14","台灣摩根士丹利",463,0,463
"7892","2363矽統","110/07/14","新加坡商瑞銀",568,1321,-753
"7893","2363矽統","110/07/14","台新證券",750,342,408
"7894","2363矽統","110/07/14","瑞士信貸",149,864,-715
"7895","2363矽統","110/07/14","玉山-台中",363,51,312
"7896","2363矽統","110/07/14","台新-屏東",115,380,-265
"7897","2363矽統","110/07/14","元大-斗六",223,25,198
"7898","2363矽統","110/07/14","永豐金證券",16,265,-249
"7899","2363矽統","110/07/14","華南永昌-朴子",208,38,170
"7900","2363矽統","110/07/14","美林",462,701,-239
"7901","2363矽統","110/07/14","元富-西松",169,12,157
"7902","2363矽統","110/07/14","宏遠-桃園",269,500,-231
"7903","2363矽統","110/07/14","永豐金-大園",146,6,140
"7904","2363矽統","110/07/14","凱基-竹北",36,254,-218
"7905","2363矽統","110/07/14","土銀-和平",134,0,134
"7906","2363矽統","110/07/14","港商法國興業",0,214,-214
"7907","2363矽統","110/07/14","富邦-新營",130,13,117
"7908","2363矽統","110/07/14","港商野村",835,1044,-209
"7909","2363矽統","110/07/14","元富-成功",118,11,107
"7910","2363矽統","110/07/14","北城證券",212,411,-199
"7911","2363矽統","110/07/14","元富-烏日",121,18,103
"7912","2363矽統","110/07/14","(牛牛牛)亞-鑫豐",51,241,-190
"7913","2363矽統","110/07/14","日盛-二林",120,18,102
"7914","2363矽統","110/07/14","國票-博愛",24,213,-189
"7915","2363矽統","110/07/14","兆豐-忠孝",98,2,96
"7916","2363矽統","110/07/14","大慶-蘆洲",134,316,-182
"7917","2363矽統","110/07/14","大慶-楊梅",92,3,89
"7918","2363矽統","110/07/14","彰銀-台中",15,193,-178
"7919","2363矽統","110/07/14","元富-三重",120,33,87
"7920","2363矽統","110/07/14","日盛-和美",18,185,-167
"7921","8112至上","110/07/14","新加坡商瑞銀",223,17,206
"7922","8112至上","110/07/14","瑞士信貸",8,170,-162
"7923","8112至上","110/07/14","摩根大通",285,129,156
"7924","8112至上","110/07/14","美林",55,202,-147
"7925","8112至上","110/07/14","花旗環球",124,0,124
"7926","8112至上","110/07/14","凱基-台北",325,436,-111
"7927","8112至上","110/07/14","兆豐-公益",117,4,113
"7928","8112至上","110/07/14","台中銀-台北",0,98,-98
"7929","8112至上","110/07/14","香港上海匯豐",111,0,111
"7930","8112至上","110/07/14","玉山-台大",17,107,-90
"7931","8112至上","110/07/14","永豐金-內湖",117,21,96
"7932","8112至上","110/07/14","康和-內湖",1,90,-89
"7933","8112至上","110/07/14","台灣摩根士丹利",108,16,92
"7934","8112至上","110/07/14","港商野村",21,84,-63
"7935","8112至上","110/07/14","元大-東蘆",77,0,77
"7936","8112至上","110/07/14","兆豐-北高雄",1,60,-59
"7937","8112至上","110/07/14","新光",108,48,60
"7938","8112至上","110/07/14","群益金鼎-海山",1,52,-51
"7939","8112至上","110/07/14","大慶-蘆洲",59,0,59
"7940","8112至上","110/07/14","群益金鼎-大安",0,50,-50
"7941","8112至上","110/07/14","華南永昌-台中",56,3,53
"7942","8112至上","110/07/14","富邦-仁愛",2,49,-47
"7943","8112至上","110/07/14","土銀-嘉義",52,2,50
"7944","8112至上","110/07/14","元大-金華",0,42,-42
"7945","8112至上","110/07/14","美商高盛",40,0,40
"7946","8112至上","110/07/14","元大-內湖",4,43,-39
"7947","8112至上","110/07/14","臺銀",63,29,34
"7948","8112至上","110/07/14","第一金-華江",2,37,-35
"7949","8112至上","110/07/14","元富-嘉義",31,0,31
"7950","8112至上","110/07/14","永豐金-苓雅",2,34,-32
"7951","1570力肯","110/07/14","國票-北高雄",68,0,68
"7952","1570力肯","110/07/14","摩根大通",0,21,-21
"7953","1570力肯","110/07/14","日盛-八德",30,1,29
"7954","1570力肯","110/07/14","新光",1,19,-18
"7955","1570力肯","110/07/14","玉山-高雄",7,0,7
"7956","1570力肯","110/07/14","(牛牛牛)亞-鑫豐",0,17,-17
"7957","1570力肯","110/07/14","臺銀-臺南",5,0,5
"7958","1570力肯","110/07/14","日盛-士林",0,10,-10
"7959","1570力肯","110/07/14","凱基-三峽",5,0,5
"7960","1570力肯","110/07/14","統一-員林",0,10,-10
"7961","1570力肯","110/07/14","元大-和平",5,0,5
"7962","1570力肯","110/07/14","國票-新莊",0,10,-10
"7963","1570力肯","110/07/14","合庫-三重",4,0,4
"7964","1570力肯","110/07/14","凱基-高美館",0,10,-10
"7965","1570力肯","110/07/14","瑞士信貸",4,0,4
"7966","1570力肯","110/07/14","元大-屏東民生",0,5,-5
"7967","1570力肯","110/07/14","統一-三多",4,0,4
"7968","1570力肯","110/07/14","元大-古亭",0,5,-5
"7969","1570力肯","110/07/14","華南永昌-古亭",4,0,4
"7970","1570力肯","110/07/14","日盛-木柵",0,4,-4
"7971","1570力肯","110/07/14","元大-高雄",3,0,3
"7972","1570力肯","110/07/14","大昌",0,4,-4
"7973","1570力肯","110/07/14","兆豐-忠孝",2,0,2
"7974","1570力肯","110/07/14","群益金鼎-東大",0,4,-4
"7975","1570力肯","110/07/14","富邦-陽明",2,0,2
"7976","1570力肯","110/07/14","凱基-台北",0,4,-4
"7977","1570力肯","110/07/14","元大-松山",2,0,2
"7978","1570力肯","110/07/14","元大-板橋",0,4,-4
"7979","1570力肯","110/07/14","元大-忠孝",2,0,2
"7980","1570力肯","110/07/14","第一金-中山",0,3,-3
"7981","2929淘帝","110/07/14","華南永昌-林口",60,0,60
"7982","2929淘帝","110/07/14","群益金鼎",25,540,-515
"7983","2929淘帝","110/07/14","美林",87,31,56
"7984","2929淘帝","110/07/14","國泰-台南",1,30,-29
"7985","2929淘帝","110/07/14","元富-台南",40,0,40
"7986","2929淘帝","110/07/14","宏遠-桃園",0,20,-20
"7987","2929淘帝","110/07/14","元大-民生",39,0,39
"7988","2929淘帝","110/07/14","摩根大通",11,31,-20
"7989","2929淘帝","110/07/14","臺銀-鳳山",34,0,34
"7990","2929淘帝","110/07/14","台新-建北",5,20,-15
"7991","2929淘帝","110/07/14","合庫-高雄",34,1,33
"7992","2929淘帝","110/07/14","新光",1,16,-15
"7993","2929淘帝","110/07/14","華南永昌-鶯歌",28,0,28
"7994","2929淘帝","110/07/14","玉山-板橋",0,15,-15
"7995","2929淘帝","110/07/14","永興",25,0,25
"7996","2929淘帝","110/07/14","凱基-羅東",0,15,-15
"7997","2929淘帝","110/07/14","元大-新盛",25,1,24
"7998","2929淘帝","110/07/14","元大-頭份",0,15,-15
"7999","2929淘帝","110/07/14","日盛-南京",23,0,23
"8000","2929淘帝","110/07/14","第一金-台南",0,13,-13
"8001","2929淘帝","110/07/14","日茂",20,0,20
"8002","2929淘帝","110/07/14","富邦-基隆",0,12,-12
"8003","2929淘帝","110/07/14","台新-台中",20,0,20
"8004","2929淘帝","110/07/14","日茂-南投",1,12,-11
"8005","2929淘帝","110/07/14","華南永昌",20,0,20
"8006","2929淘帝","110/07/14","元大-豐原站前",0,11,-11
"8007","2929淘帝","110/07/14","福勝",15,0,15
"8008","2929淘帝","110/07/14","玉山-士林",0,10,-10
"8009","2929淘帝","110/07/14","富邦-南屯",15,0,15
"8010","2929淘帝","110/07/14","富邦-台北",0,10,-10
"8011","5410國眾","110/07/14","兆豐-城中",35,0,35
"8012","5410國眾","110/07/14","瑞士信貸",0,29,-29
"8013","5410國眾","110/07/14","新光",21,1,20
"8014","5410國眾","110/07/14","國泰-板橋",1,30,-29
"8015","5410國眾","110/07/14","國泰-敦南",21,1,20
"8016","5410國眾","110/07/14","日盛-高雄",0,20,-20
"8017","5410國眾","110/07/14","國泰-台中",20,1,19
"8018","5410國眾","110/07/14","台新-左楠",1,20,-19
"8019","5410國眾","110/07/14","元大-崇德",19,0,19
"8020","5410國眾","110/07/14","元富-大昌",1,18,-17
"8021","5410國眾","110/07/14","土銀-士林",18,0,18
"8022","5410國眾","110/07/14","富邦-建國",0,15,-15
"8023","5410國眾","110/07/14","元大-新盛",20,2,18
"8024","5410國眾","110/07/14","元富-嘉義",0,12,-12
"8025","5410國眾","110/07/14","兆豐-高雄",15,0,15
"8026","5410國眾","110/07/14","永全-南崁",0,12,-12
"8027","5410國眾","110/07/14","宏遠-中和",10,0,10
"8028","5410國眾","110/07/14","元大-員林",0,11,-11
"8029","5410國眾","110/07/14","新光-桃園",10,0,10
"8030","5410國眾","110/07/14","高橋",0,10,-10
"8031","5410國眾","110/07/14","國泰-台南",10,0,10
"8032","5410國眾","110/07/14","永興",0,10,-10
"8033","5410國眾","110/07/14","元大-復北",10,0,10
"8034","5410國眾","110/07/14","華南永昌-三重",0,10,-10
"8035","5410國眾","110/07/14","元大-竹科",8,0,8
"8036","5410國眾","110/07/14","元大-苑裡",0,7,-7
"8037","5410國眾","110/07/14","台新-新營",6,0,6
"8038","5410國眾","110/07/14","港商野村",0,6,-6
"8039","5410國眾","110/07/14","日盛-士林",5,0,5
"8040","5410國眾","110/07/14","摩根大通",5,11,-6
"8041","2841台開","110/07/14","凱基-文心",73,0,73
"8042","2841台開","110/07/14","國泰-敦南",0,50,-50
"8043","2841台開","110/07/14","元富-潮州",30,0,30
"8044","2841台開","110/07/14","凱基-中壢",0,40,-40
"8045","2841台開","110/07/14","第一金-台中",20,0,20
"8046","2841台開","110/07/14","統一-新竹",0,24,-24
"8047","2841台開","110/07/14","華南永昌-新莊",20,0,20
"8048","2841台開","110/07/14","元富-草屯",0,20,-20
"8049","2841台開","110/07/14","永豐金-豐原",20,0,20
"8050","2841台開","110/07/14","台新-台南",0,20,-20
"8051","2841台開","110/07/14","國泰-館前",15,0,15
"8052","2841台開","110/07/14","永豐金-敦南",45,63,-18
"8053","2841台開","110/07/14","群益金鼎-基隆",12,0,12
"8054","2841台開","110/07/14","國票-北高雄",0,13,-13
"8055","2841台開","110/07/14","日盛-信義",10,0,10
"8056","2841台開","110/07/14","凱基-松山",0,10,-10
"8057","2841台開","110/07/14","台新-台中",10,0,10
"8058","2841台開","110/07/14","元大證券",0,10,-10
"8059","2841台開","110/07/14","新光",10,1,9
"8060","2841台開","110/07/14","元大-中壢",0,10,-10
"8061","2841台開","110/07/14","凱基-新店",8,0,8
"8062","2841台開","110/07/14","富邦-陽明",1,10,-9
"8063","2841台開","110/07/14","元大-斗信",7,0,7
"8064","2841台開","110/07/14","富邦-建國",0,9,-9
"8065","2841台開","110/07/14","元大-三重",6,0,6
"8066","2841台開","110/07/14","富邦-台南",0,8,-8
"8067","2841台開","110/07/14","永豐金-中和",6,0,6
"8068","2841台開","110/07/14","康和-澎湖",0,7,-7
"8069","2841台開","110/07/14","元富-成功",5,0,5
"8070","2841台開","110/07/14","日盛-斗六",0,6,-6
"8071","6207雷科","110/07/14","群益金鼎-台北",60,0,60
"8072","6207雷科","110/07/14","新加坡商瑞銀",10,56,-46
"8073","6207雷科","110/07/14","台新-高雄",43,3,40
"8074","6207雷科","110/07/14","國票-中和",0,41,-41
"8075","6207雷科","110/07/14","元大-高雄",19,0,19
"8076","6207雷科","110/07/14","元大-復北",0,33,-33
"8077","6207雷科","110/07/14","福勝",15,0,15
"8078","6207雷科","110/07/14","光和-和美",0,20,-20
"8079","6207雷科","110/07/14","群益金鼎-中山",15,0,15
"8080","6207雷科","110/07/14","群益金鼎-丹鳳",0,20,-20
"8081","6207雷科","110/07/14","元大-林園",15,0,15
"8082","6207雷科","110/07/14","第一金-路竹",0,10,-10
"8083","6207雷科","110/07/14","新光",12,0,12
"8084","6207雷科","110/07/14","元大-歸仁",0,10,-10
"8085","6207雷科","110/07/14","元大-大天母",10,0,10
"8086","6207雷科","110/07/14","宏遠-館前",0,9,-9
"8087","6207雷科","110/07/14","永豐金-忠孝",9,0,9
"8088","6207雷科","110/07/14","凱基-台北",12,20,-8
"8089","6207雷科","110/07/14","永豐金-新店",7,0,7
"8090","6207雷科","110/07/14","美林",0,7,-7
"8091","6207雷科","110/07/14","玉山-嘉義",6,0,6
"8092","6207雷科","110/07/14","摩根大通",16,23,-7
"8093","6207雷科","110/07/14","元大-屏東",6,0,6
"8094","6207雷科","110/07/14","凱基-高雄",1,7,-6
"8095","6207雷科","110/07/14","凱基-大安",5,0,5
"8096","6207雷科","110/07/14","台中銀-豐原",0,5,-5
"8097","6207雷科","110/07/14","富邦-台南",5,0,5
"8098","6207雷科","110/07/14","元大-新竹經國",0,5,-5
"8099","6207雷科","110/07/14","元大-成功",5,0,5
"8100","6207雷科","110/07/14","光和-田中",0,4,-4
"8101","3679新至陞","110/07/14","凱基-台北",31,6,25
"8102","3679新至陞","110/07/14","群益金鼎-東大",0,15,-15
"8103","3679新至陞","110/07/14","華南永昌-新莊",10,0,10
"8104","3679新至陞","110/07/14","瑞士信貸",0,12,-12
"8105","3679新至陞","110/07/14","新加坡商瑞銀",11,3,8
"8106","3679新至陞","110/07/14","群益金鼎-永和",0,10,-10
"8107","3679新至陞","110/07/14","美商高盛",6,0,6
"8108","3679新至陞","110/07/14","元大-成功",5,15,-10
"8109","3679新至陞","110/07/14","第一金-中壢",6,0,6
"8110","3679新至陞","110/07/14","統一-板橋",1,10,-9
"8111","3679新至陞","110/07/14","(牛牛牛)亞-網路",4,0,4
"8112","3679新至陞","110/07/14","玉山-左營",0,5,-5
"8113","3679新至陞","110/07/14","元大-六合",3,0,3
"8114","3679新至陞","110/07/14","群益金鼎-三民",0,4,-4
"8115","3679新至陞","110/07/14","合庫-自強",2,0,2
"8116","3679新至陞","110/07/14","富邦-宜蘭",0,4,-4
"8117","3679新至陞","110/07/14","高橋-內壢",2,0,2
"8118","3679新至陞","110/07/14","永豐金-苓雅",0,3,-3
"8119","3679新至陞","110/07/14","台中銀-員林",2,0,2
"8120","3679新至陞","110/07/14","摩根大通",5,7,-2
"8121","3679新至陞","110/07/14","凱基-高美館",2,0,2
"8122","3679新至陞","110/07/14","元大-板橋三民",0,2,-2
"8123","3679新至陞","110/07/14","元大-福營",2,0,2
"8124","3679新至陞","110/07/14","宏遠-中和",0,1,-1
"8125","3679新至陞","110/07/14","永豐金-松山",2,0,2
"8126","3679新至陞","110/07/14","元富-佳里",0,1,-1
"8127","3679新至陞","110/07/14","永豐金-萬盛",2,0,2
"8128","3679新至陞","110/07/14","(牛牛牛)亞-鑫豐",0,1,-1
"8129","3679新至陞","110/07/14","元富-松德",1,0,1
"8130","3679新至陞","110/07/14","中國信託-中壢",0,1,-1
"8131","2727王品","110/07/14","富邦-左營",102,1,101
"8132","2727王品","110/07/14","統一-城中",100,234,-134
"8133","2727王品","110/07/14","國泰-板橋",105,11,94
"8134","2727王品","110/07/14","富邦-台北",1,125,-124
"8135","2727王品","110/07/14","港商野村",149,72,77
"8136","2727王品","110/07/14","台灣摩根士丹利",1,48,-47
"8137","2727王品","110/07/14","合庫-台中",66,2,64
"8138","2727王品","110/07/14","國票-新莊",0,40,-40
"8139","2727王品","110/07/14","臺銀-金山",63,8,55
"8140","2727王品","110/07/14","永豐金-忠孝",2,39,-37
"8141","2727王品","110/07/14","摩根大通",83,39,44
"8142","2727王品","110/07/14","富邦-彰化",1,34,-33
"8143","2727王品","110/07/14","凱基-台北",84,42,42
"8144","2727王品","110/07/14","康和-高雄",0,30,-30
"8145","2727王品","110/07/14","土銀-台中",35,1,34
"8146","2727王品","110/07/14","安泰",0,26,-26
"8147","2727王品","110/07/14","華南永昌-麻豆",32,1,31
"8148","2727王品","110/07/14","富邦-新竹華信",0,21,-21
"8149","2727王品","110/07/14","元大證券",85,55,30
"8150","2727王品","110/07/14","元大-南崁",1,22,-21
"8151","2727王品","110/07/14","新加坡商瑞銀",40,15,25
"8152","2727王品","110/07/14","彰銀-台中",0,18,-18
"8153","2727王品","110/07/14","日盛-八德",19,0,19
"8154","2727王品","110/07/14","元富-同大",2,20,-18
"8155","2727王品","110/07/14","統一",35,17,18
"8156","2727王品","110/07/14","玉山-嘉義",1,17,-16
"8157","2727王品","110/07/14","元富-大昌",18,1,17
"8158","2727王品","110/07/14","國泰-館前",4,20,-16
"8159","2727王品","110/07/14","玉山-板橋",15,1,14
"8160","2727王品","110/07/14","第一金-嘉義",1,13,-12
"8161","1570力肯","110/07/14","國票-北高雄",68,0,68
"8162","1570力肯","110/07/14","摩根大通",0,21,-21
"8163","1570力肯","110/07/14","日盛-八德",30,1,29
"8164","1570力肯","110/07/14","新光",1,19,-18
"8165","1570力肯","110/07/14","玉山-高雄",7,0,7
"8166","1570力肯","110/07/14","(牛牛牛)亞-鑫豐",0,17,-17
"8167","1570力肯","110/07/14","臺銀-臺南",5,0,5
"8168","1570力肯","110/07/14","日盛-士林",0,10,-10
"8169","1570力肯","110/07/14","凱基-三峽",5,0,5
"8170","1570力肯","110/07/14","統一-員林",0,10,-10
"8171","1570力肯","110/07/14","元大-和平",5,0,5
"8172","1570力肯","110/07/14","國票-新莊",0,10,-10
"8173","1570力肯","110/07/14","合庫-三重",4,0,4
"8174","1570力肯","110/07/14","凱基-高美館",0,10,-10
"8175","1570力肯","110/07/14","瑞士信貸",4,0,4
"8176","1570力肯","110/07/14","元大-屏東民生",0,5,-5
"8177","1570力肯","110/07/14","統一-三多",4,0,4
"8178","1570力肯","110/07/14","元大-古亭",0,5,-5
"8179","1570力肯","110/07/14","華南永昌-古亭",4,0,4
"8180","1570力肯","110/07/14","日盛-木柵",0,4,-4
"8181","1570力肯","110/07/14","元大-高雄",3,0,3
"8182","1570力肯","110/07/14","大昌",0,4,-4
"8183","1570力肯","110/07/14","兆豐-忠孝",2,0,2
"8184","1570力肯","110/07/14","群益金鼎-東大",0,4,-4
"8185","1570力肯","110/07/14","富邦-陽明",2,0,2
"8186","1570力肯","110/07/14","凱基-台北",0,4,-4
"8187","1570力肯","110/07/14","元大-松山",2,0,2
"8188","1570力肯","110/07/14","元大-板橋",0,4,-4
"8189","1570力肯","110/07/14","元大-忠孝",2,0,2
"8190","1570力肯","110/07/14","第一金-中山",0,3,-3
"8191","6180橘子","110/07/14","新加坡商瑞銀",84,28,56
"8192","6180橘子","110/07/14","凱基-台北",4,37,-33
"8193","6180橘子","110/07/14","日盛-信義",29,1,28
"8194","6180橘子","110/07/14","玉山-台南",1,22,-21
"8195","6180橘子","110/07/14","豐農",28,4,24
"8196","6180橘子","110/07/14","日盛-新竹",1,21,-20
"8197","6180橘子","110/07/14","新光-新竹",24,1,23
"8198","6180橘子","110/07/14","元富-潮州",0,19,-19
"8199","6180橘子","110/07/14","華南永昌-高雄",20,0,20
"8200","6180橘子","110/07/14","元大-信義",0,17,-17
"8201","6180橘子","110/07/14","元大-羅東",20,0,20
"8202","6180橘子","110/07/14","台灣企銀-台中",1,16,-15
"8203","6180橘子","110/07/14","元大-台中中港",20,0,20
"8204","6180橘子","110/07/14","元大-北港",0,15,-15
"8205","6180橘子","110/07/14","富邦-嘉義",24,5,19
"8206","6180橘子","110/07/14","富邦-高雄",0,14,-14
"8207","6180橘子","110/07/14","富邦-仁愛",15,0,15
"8208","6180橘子","110/07/14","兆豐-埔墘",0,13,-13
"8209","6180橘子","110/07/14","國票-九鼎",13,0,13
"8210","6180橘子","110/07/14","第一金-中山",0,10,-10
"8211","6180橘子","110/07/14","日盛-木柵",12,0,12
"8212","6180橘子","110/07/14","元大-彰化民生",0,10,-10
"8213","6180橘子","110/07/14","元大-成功",10,0,10
"8214","6180橘子","110/07/14","福勝",1,10,-9
"8215","6180橘子","110/07/14","港商野村",10,2,8
"8216","6180橘子","110/07/14","群益金鼎-丹鳳",1,10,-9
"8217","6180橘子","110/07/14","玉山-左營",8,0,8
"8218","6180橘子","110/07/14","群益金鼎-板橋",0,8,-8
"8219","6180橘子","110/07/14","富邦-陽明",16,8,8
"8220","6180橘子","110/07/14","合庫-鳳山",0,7,-7
"8221","2390云辰","110/07/14","摩根大通",995,198,797
"8222","2390云辰","110/07/14","新加坡商瑞銀",28,399,-371
"8223","2390云辰","110/07/14","美林",383,22,361
"8224","2390云辰","110/07/14","凱基-新豐",3,198,-195
"8225","2390云辰","110/07/14","台灣摩根士丹利",684,358,326
"8226","2390云辰","110/07/14","元大-士林",1,152,-151
"8227","2390云辰","110/07/14","凱基-台北",656,402,254
"8228","2390云辰","110/07/14","元大-竹山",80,181,-101
"8229","2390云辰","110/07/14","日盛-和美",110,5,105
"8230","2390云辰","110/07/14","群益金鼎-開元",19,95,-76
"8231","2390云辰","110/07/14","元大-天母",72,0,72
"8232","2390云辰","110/07/14","新光",77,150,-73
"8233","2390云辰","110/07/14","永豐金-松山",57,0,57
"8234","2390云辰","110/07/14","元富-高雄",0,71,-71
"8235","2390云辰","110/07/14","統一-屏東",53,0,53
"8236","2390云辰","110/07/14","元大-土城學府",130,201,-71
"8237","2390云辰","110/07/14","港商野村",486,450,36
"8238","2390云辰","110/07/14","元大-善化",12,76,-64
"8239","2390云辰","110/07/14","致和-崇德",30,0,30
"8240","2390云辰","110/07/14","華南永昌-岡山",23,81,-58
"8241","2390云辰","110/07/14","富邦-台北",40,14,26
"8242","2390云辰","110/07/14","群益金鼎-大興",82,125,-43
"8243","2390云辰","110/07/14","台新-高雄",38,13,25
"8244","2390云辰","110/07/14","大慶-中壢",0,41,-41
"8245","2390云辰","110/07/14","富邦-板橋",32,7,25
"8246","2390云辰","110/07/14","玉山-板橋",6,47,-41
"8247","2390云辰","110/07/14","陽信-石牌",24,0,24
"8248","2390云辰","110/07/14","富邦-台東",2,42,-40
"8249","2390云辰","110/07/14","凱基-屏東",32,8,24
"8250","2390云辰","110/07/14","元大-新營",3,42,-39
"8251","2363矽統","110/07/14","台灣摩根士丹利",463,0,463
"8252","2363矽統","110/07/14","新加坡商瑞銀",568,1321,-753
"8253","2363矽統","110/07/14","台新證券",750,342,408
"8254","2363矽統","110/07/14","瑞士信貸",149,864,-715
"8255","2363矽統","110/07/14","玉山-台中",363,51,312
"8256","2363矽統","110/07/14","台新-屏東",115,380,-265
"8257","2363矽統","110/07/14","元大-斗六",223,25,198
"8258","2363矽統","110/07/14","永豐金證券",16,265,-249
"8259","2363矽統","110/07/14","華南永昌-朴子",208,38,170
"8260","2363矽統","110/07/14","美林",462,701,-239
"8261","2363矽統","110/07/14","元富-西松",169,12,157
"8262","2363矽統","110/07/14","宏遠-桃園",269,500,-231
"8263","2363矽統","110/07/14","永豐金-大園",146,6,140
"8264","2363矽統","110/07/14","凱基-竹北",36,254,-218
"8265","2363矽統","110/07/14","土銀-和平",134,0,134
"8266","2363矽統","110/07/14","港商法國興業",0,214,-214
"8267","2363矽統","110/07/14","富邦-新營",130,13,117
"8268","2363矽統","110/07/14","港商野村",835,1044,-209
"8269","2363矽統","110/07/14","元富-成功",118,11,107
"8270","2363矽統","110/07/14","北城證券",212,411,-199
"8271","2363矽統","110/07/14","元富-烏日",121,18,103
"8272","2363矽統","110/07/14","(牛牛牛)亞-鑫豐",51,241,-190
"8273","2363矽統","110/07/14","日盛-二林",120,18,102
"8274","2363矽統","110/07/14","國票-博愛",24,213,-189
"8275","2363矽統","110/07/14","兆豐-忠孝",98,2,96
"8276","2363矽統","110/07/14","大慶-蘆洲",134,316,-182
"8277","2363矽統","110/07/14","大慶-楊梅",92,3,89
"8278","2363矽統","110/07/14","彰銀-台中",15,193,-178
"8279","2363矽統","110/07/14","元富-三重",120,33,87
"8280","2363矽統","110/07/14","日盛-和美",18,185,-167
"8281","8112至上","110/07/14","新加坡商瑞銀",223,17,206
"8282","8112至上","110/07/14","瑞士信貸",8,170,-162
"8283","8112至上","110/07/14","摩根大通",285,129,156
"8284","8112至上","110/07/14","美林",55,202,-147
"8285","8112至上","110/07/14","花旗環球",124,0,124
"8286","8112至上","110/07/14","凱基-台北",325,436,-111
"8287","8112至上","110/07/14","兆豐-公益",117,4,113
"8288","8112至上","110/07/14","台中銀-台北",0,98,-98
"8289","8112至上","110/07/14","香港上海匯豐",111,0,111
"8290","8112至上","110/07/14","玉山-台大",17,107,-90
"8291","8112至上","110/07/14","永豐金-內湖",117,21,96
"8292","8112至上","110/07/14","康和-內湖",1,90,-89
"8293","8112至上","110/07/14","台灣摩根士丹利",108,16,92
"8294","8112至上","110/07/14","港商野村",21,84,-63
"8295","8112至上","110/07/14","元大-東蘆",77,0,77
"8296","8112至上","110/07/14","兆豐-北高雄",1,60,-59
"8297","8112至上","110/07/14","新光",108,48,60
"8298","8112至上","110/07/14","群益金鼎-海山",1,52,-51
"8299","8112至上","110/07/14","大慶-蘆洲",59,0,59
"8300","8112至上","110/07/14","群益金鼎-大安",0,50,-50
"8301","8112至上","110/07/14","華南永昌-台中",56,3,53
"8302","8112至上","110/07/14","富邦-仁愛",2,49,-47
"8303","8112至上","110/07/14","土銀-嘉義",52,2,50
"8304","8112至上","110/07/14","元大-金華",0,42,-42
"8305","8112至上","110/07/14","美商高盛",40,0,40
"8306","8112至上","110/07/14","元大-內湖",4,43,-39
"8307","8112至上","110/07/14","臺銀",63,29,34
"8308","8112至上","110/07/14","第一金-華江",2,37,-35
"8309","8112至上","110/07/14","元富-嘉義",31,0,31
"8310","8112至上","110/07/14","永豐金-苓雅",2,34,-32
"8311","1570力肯","110/07/14","國票-北高雄",68,0,68
"8312","1570力肯","110/07/14","摩根大通",0,21,-21
"8313","1570力肯","110/07/14","日盛-八德",30,1,29
"8314","1570力肯","110/07/14","新光",1,19,-18
"8315","1570力肯","110/07/14","玉山-高雄",7,0,7
"8316","1570力肯","110/07/14","(牛牛牛)亞-鑫豐",0,17,-17
"8317","1570力肯","110/07/14","臺銀-臺南",5,0,5
"8318","1570力肯","110/07/14","日盛-士林",0,10,-10
"8319","1570力肯","110/07/14","凱基-三峽",5,0,5
"8320","1570力肯","110/07/14","統一-員林",0,10,-10
"8321","1570力肯","110/07/14","元大-和平",5,0,5
"8322","1570力肯","110/07/14","國票-新莊",0,10,-10
"8323","1570力肯","110/07/14","合庫-三重",4,0,4
"8324","1570力肯","110/07/14","凱基-高美館",0,10,-10
"8325","1570力肯","110/07/14","瑞士信貸",4,0,4
"8326","1570力肯","110/07/14","元大-屏東民生",0,5,-5
"8327","1570力肯","110/07/14","統一-三多",4,0,4
"8328","1570力肯","110/07/14","元大-古亭",0,5,-5
"8329","1570力肯","110/07/14","華南永昌-古亭",4,0,4
"8330","1570力肯","110/07/14","日盛-木柵",0,4,-4
"8331","1570力肯","110/07/14","元大-高雄",3,0,3
"8332","1570力肯","110/07/14","大昌",0,4,-4
"8333","1570力肯","110/07/14","兆豐-忠孝",2,0,2
"8334","1570力肯","110/07/14","群益金鼎-東大",0,4,-4
"8335","1570力肯","110/07/14","富邦-陽明",2,0,2
"8336","1570力肯","110/07/14","凱基-台北",0,4,-4
"8337","1570力肯","110/07/14","元大-松山",2,0,2
"8338","1570力肯","110/07/14","元大-板橋",0,4,-4
"8339","1570力肯","110/07/14","元大-忠孝",2,0,2
"8340","1570力肯","110/07/14","第一金-中山",0,3,-3
"8341","2929淘帝","110/07/14","華南永昌-林口",60,0,60
"8342","2929淘帝","110/07/14","群益金鼎",25,540,-515
"8343","2929淘帝","110/07/14","美林",87,31,56
"8344","2929淘帝","110/07/14","國泰-台南",1,30,-29
"8345","2929淘帝","110/07/14","元富-台南",40,0,40
"8346","2929淘帝","110/07/14","宏遠-桃園",0,20,-20
"8347","2929淘帝","110/07/14","元大-民生",39,0,39
"8348","2929淘帝","110/07/14","摩根大通",11,31,-20
"8349","2929淘帝","110/07/14","臺銀-鳳山",34,0,34
"8350","2929淘帝","110/07/14","台新-建北",5,20,-15
"8351","2929淘帝","110/07/14","合庫-高雄",34,1,33
"8352","2929淘帝","110/07/14","新光",1,16,-15
"8353","2929淘帝","110/07/14","華南永昌-鶯歌",28,0,28
"8354","2929淘帝","110/07/14","玉山-板橋",0,15,-15
"8355","2929淘帝","110/07/14","永興",25,0,25
"8356","2929淘帝","110/07/14","凱基-羅東",0,15,-15
"8357","2929淘帝","110/07/14","元大-新盛",25,1,24
"8358","2929淘帝","110/07/14","元大-頭份",0,15,-15
"8359","2929淘帝","110/07/14","日盛-南京",23,0,23
"8360","2929淘帝","110/07/14","第一金-台南",0,13,-13
"8361","2929淘帝","110/07/14","日茂",20,0,20
"8362","2929淘帝","110/07/14","富邦-基隆",0,12,-12
"8363","2929淘帝","110/07/14","台新-台中",20,0,20
"8364","2929淘帝","110/07/14","日茂-南投",1,12,-11
"8365","2929淘帝","110/07/14","華南永昌",20,0,20
"8366","2929淘帝","110/07/14","元大-豐原站前",0,11,-11
"8367","2929淘帝","110/07/14","福勝",15,0,15
"8368","2929淘帝","110/07/14","玉山-士林",0,10,-10
"8369","2929淘帝","110/07/14","富邦-南屯",15,0,15
"8370","2929淘帝","110/07/14","富邦-台北",0,10,-10
"8371","5410國眾","110/07/14","兆豐-城中",35,0,35
"8372","5410國眾","110/07/14","瑞士信貸",0,29,-29
"8373","5410國眾","110/07/14","新光",21,1,20
"8374","5410國眾","110/07/14","國泰-板橋",1,30,-29
"8375","5410國眾","110/07/14","國泰-敦南",21,1,20
"8376","5410國眾","110/07/14","日盛-高雄",0,20,-20
"8377","5410國眾","110/07/14","國泰-台中",20,1,19
"8378","5410國眾","110/07/14","台新-左楠",1,20,-19
"8379","5410國眾","110/07/14","元大-崇德",19,0,19
"8380","5410國眾","110/07/14","元富-大昌",1,18,-17
"8381","5410國眾","110/07/14","土銀-士林",18,0,18
"8382","5410國眾","110/07/14","富邦-建國",0,15,-15
"8383","5410國眾","110/07/14","元大-新盛",20,2,18
"8384","5410國眾","110/07/14","元富-嘉義",0,12,-12
"8385","5410國眾","110/07/14","兆豐-高雄",15,0,15
"8386","5410國眾","110/07/14","永全-南崁",0,12,-12
"8387","5410國眾","110/07/14","宏遠-中和",10,0,10
"8388","5410國眾","110/07/14","元大-員林",0,11,-11
"8389","5410國眾","110/07/14","新光-桃園",10,0,10
"8390","5410國眾","110/07/14","高橋",0,10,-10
"8391","5410國眾","110/07/14","國泰-台南",10,0,10
"8392","5410國眾","110/07/14","永興",0,10,-10
"8393","5410國眾","110/07/14","元大-復北",10,0,10
"8394","5410國眾","110/07/14","華南永昌-三重",0,10,-10
"8395","5410國眾","110/07/14","元大-竹科",8,0,8
"8396","5410國眾","110/07/14","元大-苑裡",0,7,-7
"8397","5410國眾","110/07/14","台新-新營",6,0,6
"8398","5410國眾","110/07/14","港商野村",0,6,-6
"8399","5410國眾","110/07/14","日盛-士林",5,0,5
"8400","5410國眾","110/07/14","摩根大通",5,11,-6
"8401","2841台開","110/07/14","凱基-文心",73,0,73
"8402","2841台開","110/07/14","國泰-敦南",0,50,-50
"8403","2841台開","110/07/14","元富-潮州",30,0,30
"8404","2841台開","110/07/14","凱基-中壢",0,40,-40
"8405","2841台開","110/07/14","第一金-台中",20,0,20
"8406","2841台開","110/07/14","統一-新竹",0,24,-24
"8407","2841台開","110/07/14","華南永昌-新莊",20,0,20
"8408","2841台開","110/07/14","元富-草屯",0,20,-20
"8409","2841台開","110/07/14","永豐金-豐原",20,0,20
"8410","2841台開","110/07/14","台新-台南",0,20,-20
"8411","2841台開","110/07/14","國泰-館前",15,0,15
"8412","2841台開","110/07/14","永豐金-敦南",45,63,-18
"8413","2841台開","110/07/14","群益金鼎-基隆",12,0,12
"8414","2841台開","110/07/14","國票-北高雄",0,13,-13
"8415","2841台開","110/07/14","日盛-信義",10,0,10
"8416","2841台開","110/07/14","凱基-松山",0,10,-10
"8417","2841台開","110/07/14","台新-台中",10,0,10
"8418","2841台開","110/07/14","元大證券",0,10,-10
"8419","2841台開","110/07/14","新光",10,1,9
"8420","2841台開","110/07/14","元大-中壢",0,10,-10
"8421","2841台開","110/07/14","凱基-新店",8,0,8
"8422","2841台開","110/07/14","富邦-陽明",1,10,-9
"8423","2841台開","110/07/14","元大-斗信",7,0,7
"8424","2841台開","110/07/14","富邦-建國",0,9,-9
"8425","2841台開","110/07/14","元大-三重",6,0,6
"8426","2841台開","110/07/14","富邦-台南",0,8,-8
"8427","2841台開","110/07/14","永豐金-中和",6,0,6
"8428","2841台開","110/07/14","康和-澎湖",0,7,-7
"8429","2841台開","110/07/14","元富-成功",5,0,5
"8430","2841台開","110/07/14","日盛-斗六",0,6,-6
"8431","6207雷科","110/07/14","群益金鼎-台北",60,0,60
"8432","6207雷科","110/07/14","新加坡商瑞銀",10,56,-46
"8433","6207雷科","110/07/14","台新-高雄",43,3,40
"8434","6207雷科","110/07/14","國票-中和",0,41,-41
"8435","6207雷科","110/07/14","元大-高雄",19,0,19
"8436","6207雷科","110/07/14","元大-復北",0,33,-33
"8437","6207雷科","110/07/14","福勝",15,0,15
"8438","6207雷科","110/07/14","光和-和美",0,20,-20
"8439","6207雷科","110/07/14","群益金鼎-中山",15,0,15
"8440","6207雷科","110/07/14","群益金鼎-丹鳳",0,20,-20
"8441","6207雷科","110/07/14","元大-林園",15,0,15
"8442","6207雷科","110/07/14","第一金-路竹",0,10,-10
"8443","6207雷科","110/07/14","新光",12,0,12
"8444","6207雷科","110/07/14","元大-歸仁",0,10,-10
"8445","6207雷科","110/07/14","元大-大天母",10,0,10
"8446","6207雷科","110/07/14","宏遠-館前",0,9,-9
"8447","6207雷科","110/07/14","永豐金-忠孝",9,0,9
"8448","6207雷科","110/07/14","凱基-台北",12,20,-8
"8449","6207雷科","110/07/14","永豐金-新店",7,0,7
"8450","6207雷科","110/07/14","美林",0,7,-7
"8451","6207雷科","110/07/14","玉山-嘉義",6,0,6
"8452","6207雷科","110/07/14","摩根大通",16,23,-7
"8453","6207雷科","110/07/14","元大-屏東",6,0,6
"8454","6207雷科","110/07/14","凱基-高雄",1,7,-6
"8455","6207雷科","110/07/14","凱基-大安",5,0,5
"8456","6207雷科","110/07/14","台中銀-豐原",0,5,-5
"8457","6207雷科","110/07/14","富邦-台南",5,0,5
"8458","6207雷科","110/07/14","元大-新竹經國",0,5,-5
"8459","6207雷科","110/07/14","元大-成功",5,0,5
"8460","6207雷科","110/07/14","光和-田中",0,4,-4
"8461","3679新至陞","110/07/14","凱基-台北",31,6,25
"8462","3679新至陞","110/07/14","群益金鼎-東大",0,15,-15
"8463","3679新至陞","110/07/14","華南永昌-新莊",10,0,10
"8464","3679新至陞","110/07/14","瑞士信貸",0,12,-12
"8465","3679新至陞","110/07/14","新加坡商瑞銀",11,3,8
"8466","3679新至陞","110/07/14","群益金鼎-永和",0,10,-10
"8467","3679新至陞","110/07/14","美商高盛",6,0,6
"8468","3679新至陞","110/07/14","元大-成功",5,15,-10
"8469","3679新至陞","110/07/14","第一金-中壢",6,0,6
"8470","3679新至陞","110/07/14","統一-板橋",1,10,-9
"8471","3679新至陞","110/07/14","(牛牛牛)亞-網路",4,0,4
"8472","3679新至陞","110/07/14","玉山-左營",0,5,-5
"8473","3679新至陞","110/07/14","元大-六合",3,0,3
"8474","3679新至陞","110/07/14","群益金鼎-三民",0,4,-4
"8475","3679新至陞","110/07/14","合庫-自強",2,0,2
"8476","3679新至陞","110/07/14","富邦-宜蘭",0,4,-4
"8477","3679新至陞","110/07/14","高橋-內壢",2,0,2
"8478","3679新至陞","110/07/14","永豐金-苓雅",0,3,-3
"8479","3679新至陞","110/07/14","台中銀-員林",2,0,2
"8480","3679新至陞","110/07/14","摩根大通",5,7,-2
"8481","3679新至陞","110/07/14","凱基-高美館",2,0,2
"8482","3679新至陞","110/07/14","元大-板橋三民",0,2,-2
"8483","3679新至陞","110/07/14","元大-福營",2,0,2
"8484","3679新至陞","110/07/14","宏遠-中和",0,1,-1
"8485","3679新至陞","110/07/14","永豐金-松山",2,0,2
"8486","3679新至陞","110/07/14","元富-佳里",0,1,-1
"8487","3679新至陞","110/07/14","永豐金-萬盛",2,0,2
"8488","3679新至陞","110/07/14","(牛牛牛)亞-鑫豐",0,1,-1
"8489","3679新至陞","110/07/14","元富-松德",1,0,1
"8490","3679新至陞","110/07/14","中國信託-中壢",0,1,-1
"8491","2727王品","110/07/14","富邦-左營",102,1,101
"8492","2727王品","110/07/14","統一-城中",100,234,-134
"8493","2727王品","110/07/14","國泰-板橋",105,11,94
"8494","2727王品","110/07/14","富邦-台北",1,125,-124
"8495","2727王品","110/07/14","港商野村",149,72,77
"8496","2727王品","110/07/14","台灣摩根士丹利",1,48,-47
"8497","2727王品","110/07/14","合庫-台中",66,2,64
"8498","2727王品","110/07/14","國票-新莊",0,40,-40
"8499","2727王品","110/07/14","臺銀-金山",63,8,55
"8500","2727王品","110/07/14","永豐金-忠孝",2,39,-37
"8501","2727王品","110/07/14","摩根大通",83,39,44
"8502","2727王品","110/07/14","富邦-彰化",1,34,-33
"8503","2727王品","110/07/14","凱基-台北",84,42,42
"8504","2727王品","110/07/14","康和-高雄",0,30,-30
"8505","2727王品","110/07/14","土銀-台中",35,1,34
"8506","2727王品","110/07/14","安泰",0,26,-26
"8507","2727王品","110/07/14","華南永昌-麻豆",32,1,31
"8508","2727王品","110/07/14","富邦-新竹華信",0,21,-21
"8509","2727王品","110/07/14","元大證券",85,55,30
"8510","2727王品","110/07/14","元大-南崁",1,22,-21
"8511","2727王品","110/07/14","新加坡商瑞銀",40,15,25
"8512","2727王品","110/07/14","彰銀-台中",0,18,-18
"8513","2727王品","110/07/14","日盛-八德",19,0,19
"8514","2727王品","110/07/14","元富-同大",2,20,-18
"8515","2727王品","110/07/14","統一",35,17,18
"8516","2727王品","110/07/14","玉山-嘉義",1,17,-16
"8517","2727王品","110/07/14","元富-大昌",18,1,17
"8518","2727王品","110/07/14","國泰-館前",4,20,-16
"8519","2727王品","110/07/14","玉山-板橋",15,1,14
"8520","2727王品","110/07/14","第一金-嘉義",1,13,-12
"8521","1570力肯","110/07/14","國票-北高雄",68,0,68
"8522","1570力肯","110/07/14","摩根大通",0,21,-21
"8523","1570力肯","110/07/14","日盛-八德",30,1,29
"8524","1570力肯","110/07/14","新光",1,19,-18
"8525","1570力肯","110/07/14","玉山-高雄",7,0,7
"8526","1570力肯","110/07/14","(牛牛牛)亞-鑫豐",0,17,-17
"8527","1570力肯","110/07/14","臺銀-臺南",5,0,5
"8528","1570力肯","110/07/14","日盛-士林",0,10,-10
"8529","1570力肯","110/07/14","凱基-三峽",5,0,5
"8530","1570力肯","110/07/14","統一-員林",0,10,-10
"8531","1570力肯","110/07/14","元大-和平",5,0,5
"8532","1570力肯","110/07/14","國票-新莊",0,10,-10
"8533","1570力肯","110/07/14","合庫-三重",4,0,4
"8534","1570力肯","110/07/14","凱基-高美館",0,10,-10
"8535","1570力肯","110/07/14","瑞士信貸",4,0,4
"8536","1570力肯","110/07/14","元大-屏東民生",0,5,-5
"8537","1570力肯","110/07/14","統一-三多",4,0,4
"8538","1570力肯","110/07/14","元大-古亭",0,5,-5
"8539","1570力肯","110/07/14","華南永昌-古亭",4,0,4
"8540","1570力肯","110/07/14","日盛-木柵",0,4,-4
"8541","1570力肯","110/07/14","元大-高雄",3,0,3
"8542","1570力肯","110/07/14","大昌",0,4,-4
"8543","1570力肯","110/07/14","兆豐-忠孝",2,0,2
"8544","1570力肯","110/07/14","群益金鼎-東大",0,4,-4
"8545","1570力肯","110/07/14","富邦-陽明",2,0,2
"8546","1570力肯","110/07/14","凱基-台北",0,4,-4
"8547","1570力肯","110/07/14","元大-松山",2,0,2
"8548","1570力肯","110/07/14","元大-板橋",0,4,-4
"8549","1570力肯","110/07/14","元大-忠孝",2,0,2
"8550","1570力肯","110/07/14","第一金-中山",0,3,-3
"8551","6180橘子","110/07/14","新加坡商瑞銀",84,28,56
"8552","6180橘子","110/07/14","凱基-台北",4,37,-33
"8553","6180橘子","110/07/14","日盛-信義",29,1,28
"8554","6180橘子","110/07/14","玉山-台南",1,22,-21
"8555","6180橘子","110/07/14","豐農",28,4,24
"8556","6180橘子","110/07/14","日盛-新竹",1,21,-20
"8557","6180橘子","110/07/14","新光-新竹",24,1,23
"8558","6180橘子","110/07/14","元富-潮州",0,19,-19
"8559","6180橘子","110/07/14","華南永昌-高雄",20,0,20
"8560","6180橘子","110/07/14","元大-信義",0,17,-17
"8561","6180橘子","110/07/14","元大-羅東",20,0,20
"8562","6180橘子","110/07/14","台灣企銀-台中",1,16,-15
"8563","6180橘子","110/07/14","元大-台中中港",20,0,20
"8564","6180橘子","110/07/14","元大-北港",0,15,-15
"8565","6180橘子","110/07/14","富邦-嘉義",24,5,19
"8566","6180橘子","110/07/14","富邦-高雄",0,14,-14
"8567","6180橘子","110/07/14","富邦-仁愛",15,0,15
"8568","6180橘子","110/07/14","兆豐-埔墘",0,13,-13
"8569","6180橘子","110/07/14","國票-九鼎",13,0,13
"8570","6180橘子","110/07/14","第一金-中山",0,10,-10
"8571","6180橘子","110/07/14","日盛-木柵",12,0,12
"8572","6180橘子","110/07/14","元大-彰化民生",0,10,-10
"8573","6180橘子","110/07/14","元大-成功",10,0,10
"8574","6180橘子","110/07/14","福勝",1,10,-9
"8575","6180橘子","110/07/14","港商野村",10,2,8
"8576","6180橘子","110/07/14","群益金鼎-丹鳳",1,10,-9
"8577","6180橘子","110/07/14","玉山-左營",8,0,8
"8578","6180橘子","110/07/14","群益金鼎-板橋",0,8,-8
"8579","6180橘子","110/07/14","富邦-陽明",16,8,8
"8580","6180橘子","110/07/14","合庫-鳳山",0,7,-7
"8581","2390云辰","110/07/14","摩根大通",995,198,797
"8582","2390云辰","110/07/14","新加坡商瑞銀",28,399,-371
"8583","2390云辰","110/07/14","美林",383,22,361
"8584","2390云辰","110/07/14","凱基-新豐",3,198,-195
"8585","2390云辰","110/07/14","台灣摩根士丹利",684,358,326
"8586","2390云辰","110/07/14","元大-士林",1,152,-151
"8587","2390云辰","110/07/14","凱基-台北",656,402,254
"8588","2390云辰","110/07/14","元大-竹山",80,181,-101
"8589","2390云辰","110/07/14","日盛-和美",110,5,105
"8590","2390云辰","110/07/14","群益金鼎-開元",19,95,-76
"8591","2390云辰","110/07/14","元大-天母",72,0,72
"8592","2390云辰","110/07/14","新光",77,150,-73
"8593","2390云辰","110/07/14","永豐金-松山",57,0,57
"8594","2390云辰","110/07/14","元富-高雄",0,71,-71
"8595","2390云辰","110/07/14","統一-屏東",53,0,53
"8596","2390云辰","110/07/14","元大-土城學府",130,201,-71
"8597","2390云辰","110/07/14","港商野村",486,450,36
"8598","2390云辰","110/07/14","元大-善化",12,76,-64
"8599","2390云辰","110/07/14","致和-崇德",30,0,30
"8600","2390云辰","110/07/14","華南永昌-岡山",23,81,-58
"8601","2390云辰","110/07/14","富邦-台北",40,14,26
"8602","2390云辰","110/07/14","群益金鼎-大興",82,125,-43
"8603","2390云辰","110/07/14","台新-高雄",38,13,25
"8604","2390云辰","110/07/14","大慶-中壢",0,41,-41
"8605","2390云辰","110/07/14","富邦-板橋",32,7,25
"8606","2390云辰","110/07/14","玉山-板橋",6,47,-41
"8607","2390云辰","110/07/14","陽信-石牌",24,0,24
"8608","2390云辰","110/07/14","富邦-台東",2,42,-40
"8609","2390云辰","110/07/14","凱基-屏東",32,8,24
"8610","2390云辰","110/07/14","元大-新營",3,42,-39
"8611","2363矽統","110/07/14","台灣摩根士丹利",463,0,463
"8612","2363矽統","110/07/14","新加坡商瑞銀",568,1321,-753
"8613","2363矽統","110/07/14","台新證券",750,342,408
"8614","2363矽統","110/07/14","瑞士信貸",149,864,-715
"8615","2363矽統","110/07/14","玉山-台中",363,51,312
"8616","2363矽統","110/07/14","台新-屏東",115,380,-265
"8617","2363矽統","110/07/14","元大-斗六",223,25,198
"8618","2363矽統","110/07/14","永豐金證券",16,265,-249
"8619","2363矽統","110/07/14","華南永昌-朴子",208,38,170
"8620","2363矽統","110/07/14","美林",462,701,-239
"8621","2363矽統","110/07/14","元富-西松",169,12,157
"8622","2363矽統","110/07/14","宏遠-桃園",269,500,-231
"8623","2363矽統","110/07/14","永豐金-大園",146,6,140
"8624","2363矽統","110/07/14","凱基-竹北",36,254,-218
"8625","2363矽統","110/07/14","土銀-和平",134,0,134
"8626","2363矽統","110/07/14","港商法國興業",0,214,-214
"8627","2363矽統","110/07/14","富邦-新營",130,13,117
"8628","2363矽統","110/07/14","港商野村",835,1044,-209
"8629","2363矽統","110/07/14","元富-成功",118,11,107
"8630","2363矽統","110/07/14","北城證券",212,411,-199
"8631","2363矽統","110/07/14","元富-烏日",121,18,103
"8632","2363矽統","110/07/14","(牛牛牛)亞-鑫豐",51,241,-190
"8633","2363矽統","110/07/14","日盛-二林",120,18,102
"8634","2363矽統","110/07/14","國票-博愛",24,213,-189
"8635","2363矽統","110/07/14","兆豐-忠孝",98,2,96
"8636","2363矽統","110/07/14","大慶-蘆洲",134,316,-182
"8637","2363矽統","110/07/14","大慶-楊梅",92,3,89
"8638","2363矽統","110/07/14","彰銀-台中",15,193,-178
"8639","2363矽統","110/07/14","元富-三重",120,33,87
"8640","2363矽統","110/07/14","日盛-和美",18,185,-167
"8641","8112至上","110/07/14","新加坡商瑞銀",223,17,206
"8642","8112至上","110/07/14","瑞士信貸",8,170,-162
"8643","8112至上","110/07/14","摩根大通",285,129,156
"8644","8112至上","110/07/14","美林",55,202,-147
"8645","8112至上","110/07/14","花旗環球",124,0,124
"8646","8112至上","110/07/14","凱基-台北",325,436,-111
"8647","8112至上","110/07/14","兆豐-公益",117,4,113
"8648","8112至上","110/07/14","台中銀-台北",0,98,-98
"8649","8112至上","110/07/14","香港上海匯豐",111,0,111
"8650","8112至上","110/07/14","玉山-台大",17,107,-90
"8651","8112至上","110/07/14","永豐金-內湖",117,21,96
"8652","8112至上","110/07/14","康和-內湖",1,90,-89
"8653","8112至上","110/07/14","台灣摩根士丹利",108,16,92
"8654","8112至上","110/07/14","港商野村",21,84,-63
"8655","8112至上","110/07/14","元大-東蘆",77,0,77
"8656","8112至上","110/07/14","兆豐-北高雄",1,60,-59
"8657","8112至上","110/07/14","新光",108,48,60
"8658","8112至上","110/07/14","群益金鼎-海山",1,52,-51
"8659","8112至上","110/07/14","大慶-蘆洲",59,0,59
"8660","8112至上","110/07/14","群益金鼎-大安",0,50,-50
"8661","8112至上","110/07/14","華南永昌-台中",56,3,53
"8662","8112至上","110/07/14","富邦-仁愛",2,49,-47
"8663","8112至上","110/07/14","土銀-嘉義",52,2,50
"8664","8112至上","110/07/14","元大-金華",0,42,-42
"8665","8112至上","110/07/14","美商高盛",40,0,40
"8666","8112至上","110/07/14","元大-內湖",4,43,-39
"8667","8112至上","110/07/14","臺銀",63,29,34
"8668","8112至上","110/07/14","第一金-華江",2,37,-35
"8669","8112至上","110/07/14","元富-嘉義",31,0,31
"8670","8112至上","110/07/14","永豐金-苓雅",2,34,-32
"8671","1570力肯","110/07/14","國票-北高雄",68,0,68
"8672","1570力肯","110/07/14","摩根大通",0,21,-21
"8673","1570力肯","110/07/14","日盛-八德",30,1,29
"8674","1570力肯","110/07/14","新光",1,19,-18
"8675","1570力肯","110/07/14","玉山-高雄",7,0,7
"8676","1570力肯","110/07/14","(牛牛牛)亞-鑫豐",0,17,-17
"8677","1570力肯","110/07/14","臺銀-臺南",5,0,5
"8678","1570力肯","110/07/14","日盛-士林",0,10,-10
"8679","1570力肯","110/07/14","凱基-三峽",5,0,5
"8680","1570力肯","110/07/14","統一-員林",0,10,-10
"8681","1570力肯","110/07/14","元大-和平",5,0,5
"8682","1570力肯","110/07/14","國票-新莊",0,10,-10
"8683","1570力肯","110/07/14","合庫-三重",4,0,4
"8684","1570力肯","110/07/14","凱基-高美館",0,10,-10
"8685","1570力肯","110/07/14","瑞士信貸",4,0,4
"8686","1570力肯","110/07/14","元大-屏東民生",0,5,-5
"8687","1570力肯","110/07/14","統一-三多",4,0,4
"8688","1570力肯","110/07/14","元大-古亭",0,5,-5
"8689","1570力肯","110/07/14","華南永昌-古亭",4,0,4
"8690","1570力肯","110/07/14","日盛-木柵",0,4,-4
"8691","1570力肯","110/07/14","元大-高雄",3,0,3
"8692","1570力肯","110/07/14","大昌",0,4,-4
"8693","1570力肯","110/07/14","兆豐-忠孝",2,0,2
"8694","1570力肯","110/07/14","群益金鼎-東大",0,4,-4
"8695","1570力肯","110/07/14","富邦-陽明",2,0,2
"8696","1570力肯","110/07/14","凱基-台北",0,4,-4
"8697","1570力肯","110/07/14","元大-松山",2,0,2
"8698","1570力肯","110/07/14","元大-板橋",0,4,-4
"8699","1570力肯","110/07/14","元大-忠孝",2,0,2
"8700","1570力肯","110/07/14","第一金-中山",0,3,-3
"8701","2929淘帝","110/07/14","華南永昌-林口",60,0,60
"8702","2929淘帝","110/07/14","群益金鼎",25,540,-515
"8703","2929淘帝","110/07/14","美林",87,31,56
"8704","2929淘帝","110/07/14","國泰-台南",1,30,-29
"8705","2929淘帝","110/07/14","元富-台南",40,0,40
"8706","2929淘帝","110/07/14","宏遠-桃園",0,20,-20
"8707","2929淘帝","110/07/14","元大-民生",39,0,39
"8708","2929淘帝","110/07/14","摩根大通",11,31,-20
"8709","2929淘帝","110/07/14","臺銀-鳳山",34,0,34
"8710","2929淘帝","110/07/14","台新-建北",5,20,-15
"8711","2929淘帝","110/07/14","合庫-高雄",34,1,33
"8712","2929淘帝","110/07/14","新光",1,16,-15
"8713","2929淘帝","110/07/14","華南永昌-鶯歌",28,0,28
"8714","2929淘帝","110/07/14","玉山-板橋",0,15,-15
"8715","2929淘帝","110/07/14","永興",25,0,25
"8716","2929淘帝","110/07/14","凱基-羅東",0,15,-15
"8717","2929淘帝","110/07/14","元大-新盛",25,1,24
"8718","2929淘帝","110/07/14","元大-頭份",0,15,-15
"8719","2929淘帝","110/07/14","日盛-南京",23,0,23
"8720","2929淘帝","110/07/14","第一金-台南",0,13,-13
"8721","2929淘帝","110/07/14","日茂",20,0,20
"8722","2929淘帝","110/07/14","富邦-基隆",0,12,-12
"8723","2929淘帝","110/07/14","台新-台中",20,0,20
"8724","2929淘帝","110/07/14","日茂-南投",1,12,-11
"8725","2929淘帝","110/07/14","華南永昌",20,0,20
"8726","2929淘帝","110/07/14","元大-豐原站前",0,11,-11
"8727","2929淘帝","110/07/14","福勝",15,0,15
"8728","2929淘帝","110/07/14","玉山-士林",0,10,-10
"8729","2929淘帝","110/07/14","富邦-南屯",15,0,15
"8730","2929淘帝","110/07/14","富邦-台北",0,10,-10
"8731","5410國眾","110/07/14","兆豐-城中",35,0,35
"8732","5410國眾","110/07/14","瑞士信貸",0,29,-29
"8733","5410國眾","110/07/14","新光",21,1,20
"8734","5410國眾","110/07/14","國泰-板橋",1,30,-29
"8735","5410國眾","110/07/14","國泰-敦南",21,1,20
"8736","5410國眾","110/07/14","日盛-高雄",0,20,-20
"8737","5410國眾","110/07/14","國泰-台中",20,1,19
"8738","5410國眾","110/07/14","台新-左楠",1,20,-19
"8739","5410國眾","110/07/14","元大-崇德",19,0,19
"8740","5410國眾","110/07/14","元富-大昌",1,18,-17
"8741","5410國眾","110/07/14","土銀-士林",18,0,18
"8742","5410國眾","110/07/14","富邦-建國",0,15,-15
"8743","5410國眾","110/07/14","元大-新盛",20,2,18
"8744","5410國眾","110/07/14","元富-嘉義",0,12,-12
"8745","5410國眾","110/07/14","兆豐-高雄",15,0,15
"8746","5410國眾","110/07/14","永全-南崁",0,12,-12
"8747","5410國眾","110/07/14","宏遠-中和",10,0,10
"8748","5410國眾","110/07/14","元大-員林",0,11,-11
"8749","5410國眾","110/07/14","新光-桃園",10,0,10
"8750","5410國眾","110/07/14","高橋",0,10,-10
"8751","5410國眾","110/07/14","國泰-台南",10,0,10
"8752","5410國眾","110/07/14","永興",0,10,-10
"8753","5410國眾","110/07/14","元大-復北",10,0,10
"8754","5410國眾","110/07/14","華南永昌-三重",0,10,-10
"8755","5410國眾","110/07/14","元大-竹科",8,0,8
"8756","5410國眾","110/07/14","元大-苑裡",0,7,-7
"8757","5410國眾","110/07/14","台新-新營",6,0,6
"8758","5410國眾","110/07/14","港商野村",0,6,-6
"8759","5410國眾","110/07/14","日盛-士林",5,0,5
"8760","5410國眾","110/07/14","摩根大通",5,11,-6
"8761","2841台開","110/07/14","凱基-文心",73,0,73
"8762","2841台開","110/07/14","國泰-敦南",0,50,-50
"8763","2841台開","110/07/14","元富-潮州",30,0,30
"8764","2841台開","110/07/14","凱基-中壢",0,40,-40
"8765","2841台開","110/07/14","第一金-台中",20,0,20
"8766","2841台開","110/07/14","統一-新竹",0,24,-24
"8767","2841台開","110/07/14","華南永昌-新莊",20,0,20
"8768","2841台開","110/07/14","元富-草屯",0,20,-20
"8769","2841台開","110/07/14","永豐金-豐原",20,0,20
"8770","2841台開","110/07/14","台新-台南",0,20,-20
"8771","2841台開","110/07/14","國泰-館前",15,0,15
"8772","2841台開","110/07/14","永豐金-敦南",45,63,-18
"8773","2841台開","110/07/14","群益金鼎-基隆",12,0,12
"8774","2841台開","110/07/14","國票-北高雄",0,13,-13
"8775","2841台開","110/07/14","日盛-信義",10,0,10
"8776","2841台開","110/07/14","凱基-松山",0,10,-10
"8777","2841台開","110/07/14","台新-台中",10,0,10
"8778","2841台開","110/07/14","元大證券",0,10,-10
"8779","2841台開","110/07/14","新光",10,1,9
"8780","2841台開","110/07/14","元大-中壢",0,10,-10
"8781","2841台開","110/07/14","凱基-新店",8,0,8
"8782","2841台開","110/07/14","富邦-陽明",1,10,-9
"8783","2841台開","110/07/14","元大-斗信",7,0,7
"8784","2841台開","110/07/14","富邦-建國",0,9,-9
"8785","2841台開","110/07/14","元大-三重",6,0,6
"8786","2841台開","110/07/14","富邦-台南",0,8,-8
"8787","2841台開","110/07/14","永豐金-中和",6,0,6
"8788","2841台開","110/07/14","康和-澎湖",0,7,-7
"8789","2841台開","110/07/14","元富-成功",5,0,5
"8790","2841台開","110/07/14","日盛-斗六",0,6,-6
"8791","6207雷科","110/07/14","群益金鼎-台北",60,0,60
"8792","6207雷科","110/07/14","新加坡商瑞銀",10,56,-46
"8793","6207雷科","110/07/14","台新-高雄",43,3,40
"8794","6207雷科","110/07/14","國票-中和",0,41,-41
"8795","6207雷科","110/07/14","元大-高雄",19,0,19
"8796","6207雷科","110/07/14","元大-復北",0,33,-33
"8797","6207雷科","110/07/14","福勝",15,0,15
"8798","6207雷科","110/07/14","光和-和美",0,20,-20
"8799","6207雷科","110/07/14","群益金鼎-中山",15,0,15
"8800","6207雷科","110/07/14","群益金鼎-丹鳳",0,20,-20
"8801","6207雷科","110/07/14","元大-林園",15,0,15
"8802","6207雷科","110/07/14","第一金-路竹",0,10,-10
"8803","6207雷科","110/07/14","新光",12,0,12
"8804","6207雷科","110/07/14","元大-歸仁",0,10,-10
"8805","6207雷科","110/07/14","元大-大天母",10,0,10
"8806","6207雷科","110/07/14","宏遠-館前",0,9,-9
"8807","6207雷科","110/07/14","永豐金-忠孝",9,0,9
"8808","6207雷科","110/07/14","凱基-台北",12,20,-8
"8809","6207雷科","110/07/14","永豐金-新店",7,0,7
"8810","6207雷科","110/07/14","美林",0,7,-7
"8811","6207雷科","110/07/14","玉山-嘉義",6,0,6
"8812","6207雷科","110/07/14","摩根大通",16,23,-7
"8813","6207雷科","110/07/14","元大-屏東",6,0,6
"8814","6207雷科","110/07/14","凱基-高雄",1,7,-6
"8815","6207雷科","110/07/14","凱基-大安",5,0,5
"8816","6207雷科","110/07/14","台中銀-豐原",0,5,-5
"8817","6207雷科","110/07/14","富邦-台南",5,0,5
"8818","6207雷科","110/07/14","元大-新竹經國",0,5,-5
"8819","6207雷科","110/07/14","元大-成功",5,0,5
"8820","6207雷科","110/07/14","光和-田中",0,4,-4
"8821","3679新至陞","110/07/14","凱基-台北",31,6,25
"8822","3679新至陞","110/07/14","群益金鼎-東大",0,15,-15
"8823","3679新至陞","110/07/14","華南永昌-新莊",10,0,10
"8824","3679新至陞","110/07/14","瑞士信貸",0,12,-12
"8825","3679新至陞","110/07/14","新加坡商瑞銀",11,3,8
"8826","3679新至陞","110/07/14","群益金鼎-永和",0,10,-10
"8827","3679新至陞","110/07/14","美商高盛",6,0,6
"8828","3679新至陞","110/07/14","元大-成功",5,15,-10
"8829","3679新至陞","110/07/14","第一金-中壢",6,0,6
"8830","3679新至陞","110/07/14","統一-板橋",1,10,-9
"8831","3679新至陞","110/07/14","(牛牛牛)亞-網路",4,0,4
"8832","3679新至陞","110/07/14","玉山-左營",0,5,-5
"8833","3679新至陞","110/07/14","元大-六合",3,0,3
"8834","3679新至陞","110/07/14","群益金鼎-三民",0,4,-4
"8835","3679新至陞","110/07/14","合庫-自強",2,0,2
"8836","3679新至陞","110/07/14","富邦-宜蘭",0,4,-4
"8837","3679新至陞","110/07/14","高橋-內壢",2,0,2
"8838","3679新至陞","110/07/14","永豐金-苓雅",0,3,-3
"8839","3679新至陞","110/07/14","台中銀-員林",2,0,2
"8840","3679新至陞","110/07/14","摩根大通",5,7,-2
"8841","3679新至陞","110/07/14","凱基-高美館",2,0,2
"8842","3679新至陞","110/07/14","元大-板橋三民",0,2,-2
"8843","3679新至陞","110/07/14","元大-福營",2,0,2
"8844","3679新至陞","110/07/14","宏遠-中和",0,1,-1
"8845","3679新至陞","110/07/14","永豐金-松山",2,0,2
"8846","3679新至陞","110/07/14","元富-佳里",0,1,-1
"8847","3679新至陞","110/07/14","永豐金-萬盛",2,0,2
"8848","3679新至陞","110/07/14","(牛牛牛)亞-鑫豐",0,1,-1
"8849","3679新至陞","110/07/14","元富-松德",1,0,1
"8850","3679新至陞","110/07/14","中國信託-中壢",0,1,-1
"8851","2727王品","110/07/14","富邦-左營",102,1,101
"8852","2727王品","110/07/14","統一-城中",100,234,-134
"8853","2727王品","110/07/14","國泰-板橋",105,11,94
"8854","2727王品","110/07/14","富邦-台北",1,125,-124
"8855","2727王品","110/07/14","港商野村",149,72,77
"8856","2727王品","110/07/14","台灣摩根士丹利",1,48,-47
"8857","2727王品","110/07/14","合庫-台中",66,2,64
"8858","2727王品","110/07/14","國票-新莊",0,40,-40
"8859","2727王品","110/07/14","臺銀-金山",63,8,55
"8860","2727王品","110/07/14","永豐金-忠孝",2,39,-37
"8861","2727王品","110/07/14","摩根大通",83,39,44
"8862","2727王品","110/07/14","富邦-彰化",1,34,-33
"8863","2727王品","110/07/14","凱基-台北",84,42,42
"8864","2727王品","110/07/14","康和-高雄",0,30,-30
"8865","2727王品","110/07/14","土銀-台中",35,1,34
"8866","2727王品","110/07/14","安泰",0,26,-26
"8867","2727王品","110/07/14","華南永昌-麻豆",32,1,31
"8868","2727王品","110/07/14","富邦-新竹華信",0,21,-21
"8869","2727王品","110/07/14","元大證券",85,55,30
"8870","2727王品","110/07/14","元大-南崁",1,22,-21
"8871","2727王品","110/07/14","新加坡商瑞銀",40,15,25
"8872","2727王品","110/07/14","彰銀-台中",0,18,-18
"8873","2727王品","110/07/14","日盛-八德",19,0,19
"8874","2727王品","110/07/14","元富-同大",2,20,-18
"8875","2727王品","110/07/14","統一",35,17,18
"8876","2727王品","110/07/14","玉山-嘉義",1,17,-16
"8877","2727王品","110/07/14","元富-大昌",18,1,17
"8878","2727王品","110/07/14","國泰-館前",4,20,-16
"8879","2727王品","110/07/14","玉山-板橋",15,1,14
"8880","2727王品","110/07/14","第一金-嘉義",1,13,-12
"8881","1570力肯","110/07/14","國票-北高雄",68,0,68
"8882","1570力肯","110/07/14","摩根大通",0,21,-21
"8883","1570力肯","110/07/14","日盛-八德",30,1,29
"8884","1570力肯","110/07/14","新光",1,19,-18
"8885","1570力肯","110/07/14","玉山-高雄",7,0,7
"8886","1570力肯","110/07/14","(牛牛牛)亞-鑫豐",0,17,-17
"8887","1570力肯","110/07/14","臺銀-臺南",5,0,5
"8888","1570力肯","110/07/14","日盛-士林",0,10,-10
"8889","1570力肯","110/07/14","凱基-三峽",5,0,5
"8890","1570力肯","110/07/14","統一-員林",0,10,-10
"8891","1570力肯","110/07/14","元大-和平",5,0,5
"8892","1570力肯","110/07/14","國票-新莊",0,10,-10
"8893","1570力肯","110/07/14","合庫-三重",4,0,4
"8894","1570力肯","110/07/14","凱基-高美館",0,10,-10
"8895","1570力肯","110/07/14","瑞士信貸",4,0,4
"8896","1570力肯","110/07/14","元大-屏東民生",0,5,-5
"8897","1570力肯","110/07/14","統一-三多",4,0,4
"8898","1570力肯","110/07/14","元大-古亭",0,5,-5
"8899","1570力肯","110/07/14","華南永昌-古亭",4,0,4
"8900","1570力肯","110/07/14","日盛-木柵",0,4,-4
"8901","1570力肯","110/07/14","元大-高雄",3,0,3
"8902","1570力肯","110/07/14","大昌",0,4,-4
"8903","1570力肯","110/07/14","兆豐-忠孝",2,0,2
"8904","1570力肯","110/07/14","群益金鼎-東大",0,4,-4
"8905","1570力肯","110/07/14","富邦-陽明",2,0,2
"8906","1570力肯","110/07/14","凱基-台北",0,4,-4
"8907","1570力肯","110/07/14","元大-松山",2,0,2
"8908","1570力肯","110/07/14","元大-板橋",0,4,-4
"8909","1570力肯","110/07/14","元大-忠孝",2,0,2
"8910","1570力肯","110/07/14","第一金-中山",0,3,-3
"8911","6180橘子","110/07/14","新加坡商瑞銀",84,28,56
"8912","6180橘子","110/07/14","凱基-台北",4,37,-33
"8913","6180橘子","110/07/14","日盛-信義",29,1,28
"8914","6180橘子","110/07/14","玉山-台南",1,22,-21
"8915","6180橘子","110/07/14","豐農",28,4,24
"8916","6180橘子","110/07/14","日盛-新竹",1,21,-20
"8917","6180橘子","110/07/14","新光-新竹",24,1,23
"8918","6180橘子","110/07/14","元富-潮州",0,19,-19
"8919","6180橘子","110/07/14","華南永昌-高雄",20,0,20
"8920","6180橘子","110/07/14","元大-信義",0,17,-17
"8921","6180橘子","110/07/14","元大-羅東",20,0,20
"8922","6180橘子","110/07/14","台灣企銀-台中",1,16,-15
"8923","6180橘子","110/07/14","元大-台中中港",20,0,20
"8924","6180橘子","110/07/14","元大-北港",0,15,-15
"8925","6180橘子","110/07/14","富邦-嘉義",24,5,19
"8926","6180橘子","110/07/14","富邦-高雄",0,14,-14
"8927","6180橘子","110/07/14","富邦-仁愛",15,0,15
"8928","6180橘子","110/07/14","兆豐-埔墘",0,13,-13
"8929","6180橘子","110/07/14","國票-九鼎",13,0,13
"8930","6180橘子","110/07/14","第一金-中山",0,10,-10
"8931","6180橘子","110/07/14","日盛-木柵",12,0,12
"8932","6180橘子","110/07/14","元大-彰化民生",0,10,-10
"8933","6180橘子","110/07/14","元大-成功",10,0,10
"8934","6180橘子","110/07/14","福勝",1,10,-9
"8935","6180橘子","110/07/14","港商野村",10,2,8
"8936","6180橘子","110/07/14","群益金鼎-丹鳳",1,10,-9
"8937","6180橘子","110/07/14","玉山-左營",8,0,8
"8938","6180橘子","110/07/14","群益金鼎-板橋",0,8,-8
"8939","6180橘子","110/07/14","富邦-陽明",16,8,8
"8940","6180橘子","110/07/14","合庫-鳳山",0,7,-7
"8941","2390云辰","110/07/14","摩根大通",995,198,797
"8942","2390云辰","110/07/14","新加坡商瑞銀",28,399,-371
"8943","2390云辰","110/07/14","美林",383,22,361
"8944","2390云辰","110/07/14","凱基-新豐",3,198,-195
"8945","2390云辰","110/07/14","台灣摩根士丹利",684,358,326
"8946","2390云辰","110/07/14","元大-士林",1,152,-151
"8947","2390云辰","110/07/14","凱基-台北",656,402,254
"8948","2390云辰","110/07/14","元大-竹山",80,181,-101
"8949","2390云辰","110/07/14","日盛-和美",110,5,105
"8950","2390云辰","110/07/14","群益金鼎-開元",19,95,-76
"8951","2390云辰","110/07/14","元大-天母",72,0,72
"8952","2390云辰","110/07/14","新光",77,150,-73
"8953","2390云辰","110/07/14","永豐金-松山",57,0,57
"8954","2390云辰","110/07/14","元富-高雄",0,71,-71
"8955","2390云辰","110/07/14","統一-屏東",53,0,53
"8956","2390云辰","110/07/14","元大-土城學府",130,201,-71
"8957","2390云辰","110/07/14","港商野村",486,450,36
"8958","2390云辰","110/07/14","元大-善化",12,76,-64
"8959","2390云辰","110/07/14","致和-崇德",30,0,30
"8960","2390云辰","110/07/14","華南永昌-岡山",23,81,-58
"8961","2390云辰","110/07/14","富邦-台北",40,14,26
"8962","2390云辰","110/07/14","群益金鼎-大興",82,125,-43
"8963","2390云辰","110/07/14","台新-高雄",38,13,25
"8964","2390云辰","110/07/14","大慶-中壢",0,41,-41
"8965","2390云辰","110/07/14","富邦-板橋",32,7,25
"8966","2390云辰","110/07/14","玉山-板橋",6,47,-41
"8967","2390云辰","110/07/14","陽信-石牌",24,0,24
"8968","2390云辰","110/07/14","富邦-台東",2,42,-40
"8969","2390云辰","110/07/14","凱基-屏東",32,8,24
"8970","2390云辰","110/07/14","元大-新營",3,42,-39
"8971","2363矽統","110/07/14","台灣摩根士丹利",463,0,463
"8972","2363矽統","110/07/14","新加坡商瑞銀",568,1321,-753
"8973","2363矽統","110/07/14","台新證券",750,342,408
"8974","2363矽統","110/07/14","瑞士信貸",149,864,-715
"8975","2363矽統","110/07/14","玉山-台中",363,51,312
"8976","2363矽統","110/07/14","台新-屏東",115,380,-265
"8977","2363矽統","110/07/14","元大-斗六",223,25,198
"8978","2363矽統","110/07/14","永豐金證券",16,265,-249
"8979","2363矽統","110/07/14","華南永昌-朴子",208,38,170
"8980","2363矽統","110/07/14","美林",462,701,-239
"8981","2363矽統","110/07/14","元富-西松",169,12,157
"8982","2363矽統","110/07/14","宏遠-桃園",269,500,-231
"8983","2363矽統","110/07/14","永豐金-大園",146,6,140
"8984","2363矽統","110/07/14","凱基-竹北",36,254,-218
"8985","2363矽統","110/07/14","土銀-和平",134,0,134
"8986","2363矽統","110/07/14","港商法國興業",0,214,-214
"8987","2363矽統","110/07/14","富邦-新營",130,13,117
"8988","2363矽統","110/07/14","港商野村",835,1044,-209
"8989","2363矽統","110/07/14","元富-成功",118,11,107
"8990","2363矽統","110/07/14","北城證券",212,411,-199
"8991","2363矽統","110/07/14","元富-烏日",121,18,103
"8992","2363矽統","110/07/14","(牛牛牛)亞-鑫豐",51,241,-190
"8993","2363矽統","110/07/14","日盛-二林",120,18,102
"8994","2363矽統","110/07/14","國票-博愛",24,213,-189
"8995","2363矽統","110/07/14","兆豐-忠孝",98,2,96
"8996","2363矽統","110/07/14","大慶-蘆洲",134,316,-182
"8997","2363矽統","110/07/14","大慶-楊梅",92,3,89
"8998","2363矽統","110/07/14","彰銀-台中",15,193,-178
"8999","2363矽統","110/07/14","元富-三重",120,33,87
"9000","2363矽統","110/07/14","日盛-和美",18,185,-167
"9001","8112至上","110/07/14","新加坡商瑞銀",223,17,206
"9002","8112至上","110/07/14","瑞士信貸",8,170,-162
"9003","8112至上","110/07/14","摩根大通",285,129,156
"9004","8112至上","110/07/14","美林",55,202,-147
"9005","8112至上","110/07/14","花旗環球",124,0,124
"9006","8112至上","110/07/14","凱基-台北",325,436,-111
"9007","8112至上","110/07/14","兆豐-公益",117,4,113
"9008","8112至上","110/07/14","台中銀-台北",0,98,-98
"9009","8112至上","110/07/14","香港上海匯豐",111,0,111
"9010","8112至上","110/07/14","玉山-台大",17,107,-90
"9011","8112至上","110/07/14","永豐金-內湖",117,21,96
"9012","8112至上","110/07/14","康和-內湖",1,90,-89
"9013","8112至上","110/07/14","台灣摩根士丹利",108,16,92
"9014","8112至上","110/07/14","港商野村",21,84,-63
"9015","8112至上","110/07/14","元大-東蘆",77,0,77
"9016","8112至上","110/07/14","兆豐-北高雄",1,60,-59
"9017","8112至上","110/07/14","新光",108,48,60
"9018","8112至上","110/07/14","群益金鼎-海山",1,52,-51
"9019","8112至上","110/07/14","大慶-蘆洲",59,0,59
"9020","8112至上","110/07/14","群益金鼎-大安",0,50,-50
"9021","8112至上","110/07/14","華南永昌-台中",56,3,53
"9022","8112至上","110/07/14","富邦-仁愛",2,49,-47
"9023","8112至上","110/07/14","土銀-嘉義",52,2,50
"9024","8112至上","110/07/14","元大-金華",0,42,-42
"9025","8112至上","110/07/14","美商高盛",40,0,40
"9026","8112至上","110/07/14","元大-內湖",4,43,-39
"9027","8112至上","110/07/14","臺銀",63,29,34
"9028","8112至上","110/07/14","第一金-華江",2,37,-35
"9029","8112至上","110/07/14","元富-嘉義",31,0,31
"9030","8112至上","110/07/14","永豐金-苓雅",2,34,-32
"9031","1570力肯","110/07/14","國票-北高雄",68,0,68
"9032","1570力肯","110/07/14","摩根大通",0,21,-21
"9033","1570力肯","110/07/14","日盛-八德",30,1,29
"9034","1570力肯","110/07/14","新光",1,19,-18
"9035","1570力肯","110/07/14","玉山-高雄",7,0,7
"9036","1570力肯","110/07/14","(牛牛牛)亞-鑫豐",0,17,-17
"9037","1570力肯","110/07/14","臺銀-臺南",5,0,5
"9038","1570力肯","110/07/14","日盛-士林",0,10,-10
"9039","1570力肯","110/07/14","凱基-三峽",5,0,5
"9040","1570力肯","110/07/14","統一-員林",0,10,-10
"9041","1570力肯","110/07/14","元大-和平",5,0,5
"9042","1570力肯","110/07/14","國票-新莊",0,10,-10
"9043","1570力肯","110/07/14","合庫-三重",4,0,4
"9044","1570力肯","110/07/14","凱基-高美館",0,10,-10
"9045","1570力肯","110/07/14","瑞士信貸",4,0,4
"9046","1570力肯","110/07/14","元大-屏東民生",0,5,-5
"9047","1570力肯","110/07/14","統一-三多",4,0,4
"9048","1570力肯","110/07/14","元大-古亭",0,5,-5
"9049","1570力肯","110/07/14","華南永昌-古亭",4,0,4
"9050","1570力肯","110/07/14","日盛-木柵",0,4,-4
"9051","1570力肯","110/07/14","元大-高雄",3,0,3
"9052","1570力肯","110/07/14","大昌",0,4,-4
"9053","1570力肯","110/07/14","兆豐-忠孝",2,0,2
"9054","1570力肯","110/07/14","群益金鼎-東大",0,4,-4
"9055","1570力肯","110/07/14","富邦-陽明",2,0,2
"9056","1570力肯","110/07/14","凱基-台北",0,4,-4
"9057","1570力肯","110/07/14","元大-松山",2,0,2
"9058","1570力肯","110/07/14","元大-板橋",0,4,-4
"9059","1570力肯","110/07/14","元大-忠孝",2,0,2
"9060","1570力肯","110/07/14","第一金-中山",0,3,-3
"9061","2929淘帝","110/07/14","華南永昌-林口",60,0,60
"9062","2929淘帝","110/07/14","群益金鼎",25,540,-515
"9063","2929淘帝","110/07/14","美林",87,31,56
"9064","2929淘帝","110/07/14","國泰-台南",1,30,-29
"9065","2929淘帝","110/07/14","元富-台南",40,0,40
"9066","2929淘帝","110/07/14","宏遠-桃園",0,20,-20
"9067","2929淘帝","110/07/14","元大-民生",39,0,39
"9068","2929淘帝","110/07/14","摩根大通",11,31,-20
"9069","2929淘帝","110/07/14","臺銀-鳳山",34,0,34
"9070","2929淘帝","110/07/14","台新-建北",5,20,-15
"9071","2929淘帝","110/07/14","合庫-高雄",34,1,33
"9072","2929淘帝","110/07/14","新光",1,16,-15
"9073","2929淘帝","110/07/14","華南永昌-鶯歌",28,0,28
"9074","2929淘帝","110/07/14","玉山-板橋",0,15,-15
"9075","2929淘帝","110/07/14","永興",25,0,25
"9076","2929淘帝","110/07/14","凱基-羅東",0,15,-15
"9077","2929淘帝","110/07/14","元大-新盛",25,1,24
"9078","2929淘帝","110/07/14","元大-頭份",0,15,-15
"9079","2929淘帝","110/07/14","日盛-南京",23,0,23
"9080","2929淘帝","110/07/14","第一金-台南",0,13,-13
"9081","2929淘帝","110/07/14","日茂",20,0,20
"9082","2929淘帝","110/07/14","富邦-基隆",0,12,-12
"9083","2929淘帝","110/07/14","台新-台中",20,0,20
"9084","2929淘帝","110/07/14","日茂-南投",1,12,-11
"9085","2929淘帝","110/07/14","華南永昌",20,0,20
"9086","2929淘帝","110/07/14","元大-豐原站前",0,11,-11
"9087","2929淘帝","110/07/14","福勝",15,0,15
"9088","2929淘帝","110/07/14","玉山-士林",0,10,-10
"9089","2929淘帝","110/07/14","富邦-南屯",15,0,15
"9090","2929淘帝","110/07/14","富邦-台北",0,10,-10
"9091","5410國眾","110/07/14","兆豐-城中",35,0,35
"9092","5410國眾","110/07/14","瑞士信貸",0,29,-29
"9093","5410國眾","110/07/14","新光",21,1,20
"9094","5410國眾","110/07/14","國泰-板橋",1,30,-29
"9095","5410國眾","110/07/14","國泰-敦南",21,1,20
"9096","5410國眾","110/07/14","日盛-高雄",0,20,-20
"9097","5410國眾","110/07/14","國泰-台中",20,1,19
"9098","5410國眾","110/07/14","台新-左楠",1,20,-19
"9099","5410國眾","110/07/14","元大-崇德",19,0,19
"9100","5410國眾","110/07/14","元富-大昌",1,18,-17
"9101","5410國眾","110/07/14","土銀-士林",18,0,18
"9102","5410國眾","110/07/14","富邦-建國",0,15,-15
"9103","5410國眾","110/07/14","元大-新盛",20,2,18
"9104","5410國眾","110/07/14","元富-嘉義",0,12,-12
"9105","5410國眾","110/07/14","兆豐-高雄",15,0,15
"9106","5410國眾","110/07/14","永全-南崁",0,12,-12
"9107","5410國眾","110/07/14","宏遠-中和",10,0,10
"9108","5410國眾","110/07/14","元大-員林",0,11,-11
"9109","5410國眾","110/07/14","新光-桃園",10,0,10
"9110","5410國眾","110/07/14","高橋",0,10,-10
"9111","5410國眾","110/07/14","國泰-台南",10,0,10
"9112","5410國眾","110/07/14","永興",0,10,-10
"9113","5410國眾","110/07/14","元大-復北",10,0,10
"9114","5410國眾","110/07/14","華南永昌-三重",0,10,-10
"9115","5410國眾","110/07/14","元大-竹科",8,0,8
"9116","5410國眾","110/07/14","元大-苑裡",0,7,-7
"9117","5410國眾","110/07/14","台新-新營",6,0,6
"9118","5410國眾","110/07/14","港商野村",0,6,-6
"9119","5410國眾","110/07/14","日盛-士林",5,0,5
"9120","5410國眾","110/07/14","摩根大通",5,11,-6
"9121","2841台開","110/07/14","凱基-文心",73,0,73
"9122","2841台開","110/07/14","國泰-敦南",0,50,-50
"9123","2841台開","110/07/14","元富-潮州",30,0,30
"9124","2841台開","110/07/14","凱基-中壢",0,40,-40
"9125","2841台開","110/07/14","第一金-台中",20,0,20
"9126","2841台開","110/07/14","統一-新竹",0,24,-24
"9127","2841台開","110/07/14","華南永昌-新莊",20,0,20
"9128","2841台開","110/07/14","元富-草屯",0,20,-20
"9129","2841台開","110/07/14","永豐金-豐原",20,0,20
"9130","2841台開","110/07/14","台新-台南",0,20,-20
"9131","2841台開","110/07/14","國泰-館前",15,0,15
"9132","2841台開","110/07/14","永豐金-敦南",45,63,-18
"9133","2841台開","110/07/14","群益金鼎-基隆",12,0,12
"9134","2841台開","110/07/14","國票-北高雄",0,13,-13
"9135","2841台開","110/07/14","日盛-信義",10,0,10
"9136","2841台開","110/07/14","凱基-松山",0,10,-10
"9137","2841台開","110/07/14","台新-台中",10,0,10
"9138","2841台開","110/07/14","元大證券",0,10,-10
"9139","2841台開","110/07/14","新光",10,1,9
"9140","2841台開","110/07/14","元大-中壢",0,10,-10
"9141","2841台開","110/07/14","凱基-新店",8,0,8
"9142","2841台開","110/07/14","富邦-陽明",1,10,-9
"9143","2841台開","110/07/14","元大-斗信",7,0,7
"9144","2841台開","110/07/14","富邦-建國",0,9,-9
"9145","2841台開","110/07/14","元大-三重",6,0,6
"9146","2841台開","110/07/14","富邦-台南",0,8,-8
"9147","2841台開","110/07/14","永豐金-中和",6,0,6
"9148","2841台開","110/07/14","康和-澎湖",0,7,-7
"9149","2841台開","110/07/14","元富-成功",5,0,5
"9150","2841台開","110/07/14","日盛-斗六",0,6,-6
"9151","6207雷科","110/07/14","群益金鼎-台北",60,0,60
"9152","6207雷科","110/07/14","新加坡商瑞銀",10,56,-46
"9153","6207雷科","110/07/14","台新-高雄",43,3,40
"9154","6207雷科","110/07/14","國票-中和",0,41,-41
"9155","6207雷科","110/07/14","元大-高雄",19,0,19
"9156","6207雷科","110/07/14","元大-復北",0,33,-33
"9157","6207雷科","110/07/14","福勝",15,0,15
"9158","6207雷科","110/07/14","光和-和美",0,20,-20
"9159","6207雷科","110/07/14","群益金鼎-中山",15,0,15
"9160","6207雷科","110/07/14","群益金鼎-丹鳳",0,20,-20
"9161","6207雷科","110/07/14","元大-林園",15,0,15
"9162","6207雷科","110/07/14","第一金-路竹",0,10,-10
"9163","6207雷科","110/07/14","新光",12,0,12
"9164","6207雷科","110/07/14","元大-歸仁",0,10,-10
"9165","6207雷科","110/07/14","元大-大天母",10,0,10
"9166","6207雷科","110/07/14","宏遠-館前",0,9,-9
"9167","6207雷科","110/07/14","永豐金-忠孝",9,0,9
"9168","6207雷科","110/07/14","凱基-台北",12,20,-8
"9169","6207雷科","110/07/14","永豐金-新店",7,0,7
"9170","6207雷科","110/07/14","美林",0,7,-7
"9171","6207雷科","110/07/14","玉山-嘉義",6,0,6
"9172","6207雷科","110/07/14","摩根大通",16,23,-7
"9173","6207雷科","110/07/14","元大-屏東",6,0,6
"9174","6207雷科","110/07/14","凱基-高雄",1,7,-6
"9175","6207雷科","110/07/14","凱基-大安",5,0,5
"9176","6207雷科","110/07/14","台中銀-豐原",0,5,-5
"9177","6207雷科","110/07/14","富邦-台南",5,0,5
"9178","6207雷科","110/07/14","元大-新竹經國",0,5,-5
"9179","6207雷科","110/07/14","元大-成功",5,0,5
"9180","6207雷科","110/07/14","光和-田中",0,4,-4
"9181","3679新至陞","110/07/14","凱基-台北",31,6,25
"9182","3679新至陞","110/07/14","群益金鼎-東大",0,15,-15
"9183","3679新至陞","110/07/14","華南永昌-新莊",10,0,10
"9184","3679新至陞","110/07/14","瑞士信貸",0,12,-12
"9185","3679新至陞","110/07/14","新加坡商瑞銀",11,3,8
"9186","3679新至陞","110/07/14","群益金鼎-永和",0,10,-10
"9187","3679新至陞","110/07/14","美商高盛",6,0,6
"9188","3679新至陞","110/07/14","元大-成功",5,15,-10
"9189","3679新至陞","110/07/14","第一金-中壢",6,0,6
"9190","3679新至陞","110/07/14","統一-板橋",1,10,-9
"9191","3679新至陞","110/07/14","(牛牛牛)亞-網路",4,0,4
"9192","3679新至陞","110/07/14","玉山-左營",0,5,-5
"9193","3679新至陞","110/07/14","元大-六合",3,0,3
"9194","3679新至陞","110/07/14","群益金鼎-三民",0,4,-4
"9195","3679新至陞","110/07/14","合庫-自強",2,0,2
"9196","3679新至陞","110/07/14","富邦-宜蘭",0,4,-4
"9197","3679新至陞","110/07/14","高橋-內壢",2,0,2
"9198","3679新至陞","110/07/14","永豐金-苓雅",0,3,-3
"9199","3679新至陞","110/07/14","台中銀-員林",2,0,2
"9200","3679新至陞","110/07/14","摩根大通",5,7,-2
"9201","3679新至陞","110/07/14","凱基-高美館",2,0,2
"9202","3679新至陞","110/07/14","元大-板橋三民",0,2,-2
"9203","3679新至陞","110/07/14","元大-福營",2,0,2
"9204","3679新至陞","110/07/14","宏遠-中和",0,1,-1
"9205","3679新至陞","110/07/14","永豐金-松山",2,0,2
"9206","3679新至陞","110/07/14","元富-佳里",0,1,-1
"9207","3679新至陞","110/07/14","永豐金-萬盛",2,0,2
"9208","3679新至陞","110/07/14","(牛牛牛)亞-鑫豐",0,1,-1
"9209","3679新至陞","110/07/14","元富-松德",1,0,1
"9210","3679新至陞","110/07/14","中國信託-中壢",0,1,-1
"9211","2727王品","110/07/14","富邦-左營",102,1,101
"9212","2727王品","110/07/14","統一-城中",100,234,-134
"9213","2727王品","110/07/14","國泰-板橋",105,11,94
"9214","2727王品","110/07/14","富邦-台北",1,125,-124
"9215","2727王品","110/07/14","港商野村",149,72,77
"9216","2727王品","110/07/14","台灣摩根士丹利",1,48,-47
"9217","2727王品","110/07/14","合庫-台中",66,2,64
"9218","2727王品","110/07/14","國票-新莊",0,40,-40
"9219","2727王品","110/07/14","臺銀-金山",63,8,55
"9220","2727王品","110/07/14","永豐金-忠孝",2,39,-37
"9221","2727王品","110/07/14","摩根大通",83,39,44
"9222","2727王品","110/07/14","富邦-彰化",1,34,-33
"9223","2727王品","110/07/14","凱基-台北",84,42,42
"9224","2727王品","110/07/14","康和-高雄",0,30,-30
"9225","2727王品","110/07/14","土銀-台中",35,1,34
"9226","2727王品","110/07/14","安泰",0,26,-26
"9227","2727王品","110/07/14","華南永昌-麻豆",32,1,31
"9228","2727王品","110/07/14","富邦-新竹華信",0,21,-21
"9229","2727王品","110/07/14","元大證券",85,55,30
"9230","2727王品","110/07/14","元大-南崁",1,22,-21
"9231","2727王品","110/07/14","新加坡商瑞銀",40,15,25
"9232","2727王品","110/07/14","彰銀-台中",0,18,-18
"9233","2727王品","110/07/14","日盛-八德",19,0,19
"9234","2727王品","110/07/14","元富-同大",2,20,-18
"9235","2727王品","110/07/14","統一",35,17,18
"9236","2727王品","110/07/14","玉山-嘉義",1,17,-16
"9237","2727王品","110/07/14","元富-大昌",18,1,17
"9238","2727王品","110/07/14","國泰-館前",4,20,-16
"9239","2727王品","110/07/14","玉山-板橋",15,1,14
"9240","2727王品","110/07/14","第一金-嘉義",1,13,-12
"9241","1570力肯","110/07/14","國票-北高雄",68,0,68
"9242","1570力肯","110/07/14","摩根大通",0,21,-21
"9243","1570力肯","110/07/14","日盛-八德",30,1,29
"9244","1570力肯","110/07/14","新光",1,19,-18
"9245","1570力肯","110/07/14","玉山-高雄",7,0,7
"9246","1570力肯","110/07/14","(牛牛牛)亞-鑫豐",0,17,-17
"9247","1570力肯","110/07/14","臺銀-臺南",5,0,5
"9248","1570力肯","110/07/14","日盛-士林",0,10,-10
"9249","1570力肯","110/07/14","凱基-三峽",5,0,5
"9250","1570力肯","110/07/14","統一-員林",0,10,-10
"9251","1570力肯","110/07/14","元大-和平",5,0,5
"9252","1570力肯","110/07/14","國票-新莊",0,10,-10
"9253","1570力肯","110/07/14","合庫-三重",4,0,4
"9254","1570力肯","110/07/14","凱基-高美館",0,10,-10
"9255","1570力肯","110/07/14","瑞士信貸",4,0,4
"9256","1570力肯","110/07/14","元大-屏東民生",0,5,-5
"9257","1570力肯","110/07/14","統一-三多",4,0,4
"9258","1570力肯","110/07/14","元大-古亭",0,5,-5
"9259","1570力肯","110/07/14","華南永昌-古亭",4,0,4
"9260","1570力肯","110/07/14","日盛-木柵",0,4,-4
"9261","1570力肯","110/07/14","元大-高雄",3,0,3
"9262","1570力肯","110/07/14","大昌",0,4,-4
"9263","1570力肯","110/07/14","兆豐-忠孝",2,0,2
"9264","1570力肯","110/07/14","群益金鼎-東大",0,4,-4
"9265","1570力肯","110/07/14","富邦-陽明",2,0,2
"9266","1570力肯","110/07/14","凱基-台北",0,4,-4
"9267","1570力肯","110/07/14","元大-松山",2,0,2
"9268","1570力肯","110/07/14","元大-板橋",0,4,-4
"9269","1570力肯","110/07/14","元大-忠孝",2,0,2
"9270","1570力肯","110/07/14","第一金-中山",0,3,-3
"9271","6180橘子","110/07/14","新加坡商瑞銀",84,28,56
"9272","6180橘子","110/07/14","凱基-台北",4,37,-33
"9273","6180橘子","110/07/14","日盛-信義",29,1,28
"9274","6180橘子","110/07/14","玉山-台南",1,22,-21
"9275","6180橘子","110/07/14","豐農",28,4,24
"9276","6180橘子","110/07/14","日盛-新竹",1,21,-20
"9277","6180橘子","110/07/14","新光-新竹",24,1,23
"9278","6180橘子","110/07/14","元富-潮州",0,19,-19
"9279","6180橘子","110/07/14","華南永昌-高雄",20,0,20
"9280","6180橘子","110/07/14","元大-信義",0,17,-17
"9281","6180橘子","110/07/14","元大-羅東",20,0,20
"9282","6180橘子","110/07/14","台灣企銀-台中",1,16,-15
"9283","6180橘子","110/07/14","元大-台中中港",20,0,20
"9284","6180橘子","110/07/14","元大-北港",0,15,-15
"9285","6180橘子","110/07/14","富邦-嘉義",24,5,19
"9286","6180橘子","110/07/14","富邦-高雄",0,14,-14
"9287","6180橘子","110/07/14","富邦-仁愛",15,0,15
"9288","6180橘子","110/07/14","兆豐-埔墘",0,13,-13
"9289","6180橘子","110/07/14","國票-九鼎",13,0,13
"9290","6180橘子","110/07/14","第一金-中山",0,10,-10
"9291","6180橘子","110/07/14","日盛-木柵",12,0,12
"9292","6180橘子","110/07/14","元大-彰化民生",0,10,-10
"9293","6180橘子","110/07/14","元大-成功",10,0,10
"9294","6180橘子","110/07/14","福勝",1,10,-9
"9295","6180橘子","110/07/14","港商野村",10,2,8
"9296","6180橘子","110/07/14","群益金鼎-丹鳳",1,10,-9
"9297","6180橘子","110/07/14","玉山-左營",8,0,8
"9298","6180橘子","110/07/14","群益金鼎-板橋",0,8,-8
"9299","6180橘子","110/07/14","富邦-陽明",16,8,8
"9300","6180橘子","110/07/14","合庫-鳳山",0,7,-7
"9301","2390云辰","110/07/14","摩根大通",995,198,797
"9302","2390云辰","110/07/14","新加坡商瑞銀",28,399,-371
"9303","2390云辰","110/07/14","美林",383,22,361
"9304","2390云辰","110/07/14","凱基-新豐",3,198,-195
"9305","2390云辰","110/07/14","台灣摩根士丹利",684,358,326
"9306","2390云辰","110/07/14","元大-士林",1,152,-151
"9307","2390云辰","110/07/14","凱基-台北",656,402,254
"9308","2390云辰","110/07/14","元大-竹山",80,181,-101
"9309","2390云辰","110/07/14","日盛-和美",110,5,105
"9310","2390云辰","110/07/14","群益金鼎-開元",19,95,-76
"9311","2390云辰","110/07/14","元大-天母",72,0,72
"9312","2390云辰","110/07/14","新光",77,150,-73
"9313","2390云辰","110/07/14","永豐金-松山",57,0,57
"9314","2390云辰","110/07/14","元富-高雄",0,71,-71
"9315","2390云辰","110/07/14","統一-屏東",53,0,53
"9316","2390云辰","110/07/14","元大-土城學府",130,201,-71
"9317","2390云辰","110/07/14","港商野村",486,450,36
"9318","2390云辰","110/07/14","元大-善化",12,76,-64
"9319","2390云辰","110/07/14","致和-崇德",30,0,30
"9320","2390云辰","110/07/14","華南永昌-岡山",23,81,-58
"9321","2390云辰","110/07/14","富邦-台北",40,14,26
"9322","2390云辰","110/07/14","群益金鼎-大興",82,125,-43
"9323","2390云辰","110/07/14","台新-高雄",38,13,25
"9324","2390云辰","110/07/14","大慶-中壢",0,41,-41
"9325","2390云辰","110/07/14","富邦-板橋",32,7,25
"9326","2390云辰","110/07/14","玉山-板橋",6,47,-41
"9327","2390云辰","110/07/14","陽信-石牌",24,0,24
"9328","2390云辰","110/07/14","富邦-台東",2,42,-40
"9329","2390云辰","110/07/14","凱基-屏東",32,8,24
"9330","2390云辰","110/07/14","元大-新營",3,42,-39
"9331","2363矽統","110/07/14","台灣摩根士丹利",463,0,463
"9332","2363矽統","110/07/14","新加坡商瑞銀",568,1321,-753
"9333","2363矽統","110/07/14","台新證券",750,342,408
"9334","2363矽統","110/07/14","瑞士信貸",149,864,-715
"9335","2363矽統","110/07/14","玉山-台中",363,51,312
"9336","2363矽統","110/07/14","台新-屏東",115,380,-265
"9337","2363矽統","110/07/14","元大-斗六",223,25,198
"9338","2363矽統","110/07/14","永豐金證券",16,265,-249
"9339","2363矽統","110/07/14","華南永昌-朴子",208,38,170
"9340","2363矽統","110/07/14","美林",462,701,-239
"9341","2363矽統","110/07/14","元富-西松",169,12,157
"9342","2363矽統","110/07/14","宏遠-桃園",269,500,-231
"9343","2363矽統","110/07/14","永豐金-大園",146,6,140
"9344","2363矽統","110/07/14","凱基-竹北",36,254,-218
"9345","2363矽統","110/07/14","土銀-和平",134,0,134
"9346","2363矽統","110/07/14","港商法國興業",0,214,-214
"9347","2363矽統","110/07/14","富邦-新營",130,13,117
"9348","2363矽統","110/07/14","港商野村",835,1044,-209
"9349","2363矽統","110/07/14","元富-成功",118,11,107
"9350","2363矽統","110/07/14","北城證券",212,411,-199
"9351","2363矽統","110/07/14","元富-烏日",121,18,103
"9352","2363矽統","110/07/14","(牛牛牛)亞-鑫豐",51,241,-190
"9353","2363矽統","110/07/14","日盛-二林",120,18,102
"9354","2363矽統","110/07/14","國票-博愛",24,213,-189
"9355","2363矽統","110/07/14","兆豐-忠孝",98,2,96
"9356","2363矽統","110/07/14","大慶-蘆洲",134,316,-182
"9357","2363矽統","110/07/14","大慶-楊梅",92,3,89
"9358","2363矽統","110/07/14","彰銀-台中",15,193,-178
"9359","2363矽統","110/07/14","元富-三重",120,33,87
"9360","2363矽統","110/07/14","日盛-和美",18,185,-167
"9361","8112至上","110/07/14","新加坡商瑞銀",223,17,206
"9362","8112至上","110/07/14","瑞士信貸",8,170,-162
"9363","8112至上","110/07/14","摩根大通",285,129,156
"9364","8112至上","110/07/14","美林",55,202,-147
"9365","8112至上","110/07/14","花旗環球",124,0,124
"9366","8112至上","110/07/14","凱基-台北",325,436,-111
"9367","8112至上","110/07/14","兆豐-公益",117,4,113
"9368","8112至上","110/07/14","台中銀-台北",0,98,-98
"9369","8112至上","110/07/14","香港上海匯豐",111,0,111
"9370","8112至上","110/07/14","玉山-台大",17,107,-90
"9371","8112至上","110/07/14","永豐金-內湖",117,21,96
"9372","8112至上","110/07/14","康和-內湖",1,90,-89
"9373","8112至上","110/07/14","台灣摩根士丹利",108,16,92
"9374","8112至上","110/07/14","港商野村",21,84,-63
"9375","8112至上","110/07/14","元大-東蘆",77,0,77
"9376","8112至上","110/07/14","兆豐-北高雄",1,60,-59
"9377","8112至上","110/07/14","新光",108,48,60
"9378","8112至上","110/07/14","群益金鼎-海山",1,52,-51
"9379","8112至上","110/07/14","大慶-蘆洲",59,0,59
"9380","8112至上","110/07/14","群益金鼎-大安",0,50,-50
"9381","8112至上","110/07/14","華南永昌-台中",56,3,53
"9382","8112至上","110/07/14","富邦-仁愛",2,49,-47
"9383","8112至上","110/07/14","土銀-嘉義",52,2,50
"9384","8112至上","110/07/14","元大-金華",0,42,-42
"9385","8112至上","110/07/14","美商高盛",40,0,40
"9386","8112至上","110/07/14","元大-內湖",4,43,-39
"9387","8112至上","110/07/14","臺銀",63,29,34
"9388","8112至上","110/07/14","第一金-華江",2,37,-35
"9389","8112至上","110/07/14","元富-嘉義",31,0,31
"9390","8112至上","110/07/14","永豐金-苓雅",2,34,-32
"9391","1570力肯","110/07/14","國票-北高雄",68,0,68
"9392","1570力肯","110/07/14","摩根大通",0,21,-21
"9393","1570力肯","110/07/14","日盛-八德",30,1,29
"9394","1570力肯","110/07/14","新光",1,19,-18
"9395","1570力肯","110/07/14","玉山-高雄",7,0,7
"9396","1570力肯","110/07/14","(牛牛牛)亞-鑫豐",0,17,-17
"9397","1570力肯","110/07/14","臺銀-臺南",5,0,5
"9398","1570力肯","110/07/14","日盛-士林",0,10,-10
"9399","1570力肯","110/07/14","凱基-三峽",5,0,5
"9400","1570力肯","110/07/14","統一-員林",0,10,-10
"9401","1570力肯","110/07/14","元大-和平",5,0,5
"9402","1570力肯","110/07/14","國票-新莊",0,10,-10
"9403","1570力肯","110/07/14","合庫-三重",4,0,4
"9404","1570力肯","110/07/14","凱基-高美館",0,10,-10
"9405","1570力肯","110/07/14","瑞士信貸",4,0,4
"9406","1570力肯","110/07/14","元大-屏東民生",0,5,-5
"9407","1570力肯","110/07/14","統一-三多",4,0,4
"9408","1570力肯","110/07/14","元大-古亭",0,5,-5
"9409","1570力肯","110/07/14","華南永昌-古亭",4,0,4
"9410","1570力肯","110/07/14","日盛-木柵",0,4,-4
"9411","1570力肯","110/07/14","元大-高雄",3,0,3
"9412","1570力肯","110/07/14","大昌",0,4,-4
"9413","1570力肯","110/07/14","兆豐-忠孝",2,0,2
"9414","1570力肯","110/07/14","群益金鼎-東大",0,4,-4
"9415","1570力肯","110/07/14","富邦-陽明",2,0,2
"9416","1570力肯","110/07/14","凱基-台北",0,4,-4
"9417","1570力肯","110/07/14","元大-松山",2,0,2
"9418","1570力肯","110/07/14","元大-板橋",0,4,-4
"9419","1570力肯","110/07/14","元大-忠孝",2,0,2
"9420","1570力肯","110/07/14","第一金-中山",0,3,-3
"9421","2929淘帝","110/07/14","華南永昌-林口",60,0,60
"9422","2929淘帝","110/07/14","群益金鼎",25,540,-515
"9423","2929淘帝","110/07/14","美林",87,31,56
"9424","2929淘帝","110/07/14","國泰-台南",1,30,-29
"9425","2929淘帝","110/07/14","元富-台南",40,0,40
"9426","2929淘帝","110/07/14","宏遠-桃園",0,20,-20
"9427","2929淘帝","110/07/14","元大-民生",39,0,39
"9428","2929淘帝","110/07/14","摩根大通",11,31,-20
"9429","2929淘帝","110/07/14","臺銀-鳳山",34,0,34
"9430","2929淘帝","110/07/14","台新-建北",5,20,-15
"9431","2929淘帝","110/07/14","合庫-高雄",34,1,33
"9432","2929淘帝","110/07/14","新光",1,16,-15
"9433","2929淘帝","110/07/14","華南永昌-鶯歌",28,0,28
"9434","2929淘帝","110/07/14","玉山-板橋",0,15,-15
"9435","2929淘帝","110/07/14","永興",25,0,25
"9436","2929淘帝","110/07/14","凱基-羅東",0,15,-15
"9437","2929淘帝","110/07/14","元大-新盛",25,1,24
"9438","2929淘帝","110/07/14","元大-頭份",0,15,-15
"9439","2929淘帝","110/07/14","日盛-南京",23,0,23
"9440","2929淘帝","110/07/14","第一金-台南",0,13,-13
"9441","2929淘帝","110/07/14","日茂",20,0,20
"9442","2929淘帝","110/07/14","富邦-基隆",0,12,-12
"9443","2929淘帝","110/07/14","台新-台中",20,0,20
"9444","2929淘帝","110/07/14","日茂-南投",1,12,-11
"9445","2929淘帝","110/07/14","華南永昌",20,0,20
"9446","2929淘帝","110/07/14","元大-豐原站前",0,11,-11
"9447","2929淘帝","110/07/14","福勝",15,0,15
"9448","2929淘帝","110/07/14","玉山-士林",0,10,-10
"9449","2929淘帝","110/07/14","富邦-南屯",15,0,15
"9450","2929淘帝","110/07/14","富邦-台北",0,10,-10
"9451","5410國眾","110/07/14","兆豐-城中",35,0,35
"9452","5410國眾","110/07/14","瑞士信貸",0,29,-29
"9453","5410國眾","110/07/14","新光",21,1,20
"9454","5410國眾","110/07/14","國泰-板橋",1,30,-29
"9455","5410國眾","110/07/14","國泰-敦南",21,1,20
"9456","5410國眾","110/07/14","日盛-高雄",0,20,-20
"9457","5410國眾","110/07/14","國泰-台中",20,1,19
"9458","5410國眾","110/07/14","台新-左楠",1,20,-19
"9459","5410國眾","110/07/14","元大-崇德",19,0,19
"9460","5410國眾","110/07/14","元富-大昌",1,18,-17
"9461","5410國眾","110/07/14","土銀-士林",18,0,18
"9462","5410國眾","110/07/14","富邦-建國",0,15,-15
"9463","5410國眾","110/07/14","元大-新盛",20,2,18
"9464","5410國眾","110/07/14","元富-嘉義",0,12,-12
"9465","5410國眾","110/07/14","兆豐-高雄",15,0,15
"9466","5410國眾","110/07/14","永全-南崁",0,12,-12
"9467","5410國眾","110/07/14","宏遠-中和",10,0,10
"9468","5410國眾","110/07/14","元大-員林",0,11,-11
"9469","5410國眾","110/07/14","新光-桃園",10,0,10
"9470","5410國眾","110/07/14","高橋",0,10,-10
"9471","5410國眾","110/07/14","國泰-台南",10,0,10
"9472","5410國眾","110/07/14","永興",0,10,-10
"9473","5410國眾","110/07/14","元大-復北",10,0,10
"9474","5410國眾","110/07/14","華南永昌-三重",0,10,-10
"9475","5410國眾","110/07/14","元大-竹科",8,0,8
"9476","5410國眾","110/07/14","元大-苑裡",0,7,-7
"9477","5410國眾","110/07/14","台新-新營",6,0,6
"9478","5410國眾","110/07/14","港商野村",0,6,-6
"9479","5410國眾","110/07/14","日盛-士林",5,0,5
"9480","5410國眾","110/07/14","摩根大通",5,11,-6
"9481","2841台開","110/07/14","凱基-文心",73,0,73
"9482","2841台開","110/07/14","國泰-敦南",0,50,-50
"9483","2841台開","110/07/14","元富-潮州",30,0,30
"9484","2841台開","110/07/14","凱基-中壢",0,40,-40
"9485","2841台開","110/07/14","第一金-台中",20,0,20
"9486","2841台開","110/07/14","統一-新竹",0,24,-24
"9487","2841台開","110/07/14","華南永昌-新莊",20,0,20
"9488","2841台開","110/07/14","元富-草屯",0,20,-20
"9489","2841台開","110/07/14","永豐金-豐原",20,0,20
"9490","2841台開","110/07/14","台新-台南",0,20,-20
"9491","2841台開","110/07/14","國泰-館前",15,0,15
"9492","2841台開","110/07/14","永豐金-敦南",45,63,-18
"9493","2841台開","110/07/14","群益金鼎-基隆",12,0,12
"9494","2841台開","110/07/14","國票-北高雄",0,13,-13
"9495","2841台開","110/07/14","日盛-信義",10,0,10
"9496","2841台開","110/07/14","凱基-松山",0,10,-10
"9497","2841台開","110/07/14","台新-台中",10,0,10
"9498","2841台開","110/07/14","元大證券",0,10,-10
"9499","2841台開","110/07/14","新光",10,1,9
"9500","2841台開","110/07/14","元大-中壢",0,10,-10
"9501","2841台開","110/07/14","凱基-新店",8,0,8
"9502","2841台開","110/07/14","富邦-陽明",1,10,-9
"9503","2841台開","110/07/14","元大-斗信",7,0,7
"9504","2841台開","110/07/14","富邦-建國",0,9,-9
"9505","2841台開","110/07/14","元大-三重",6,0,6
"9506","2841台開","110/07/14","富邦-台南",0,8,-8
"9507","2841台開","110/07/14","永豐金-中和",6,0,6
"9508","2841台開","110/07/14","康和-澎湖",0,7,-7
"9509","2841台開","110/07/14","元富-成功",5,0,5
"9510","2841台開","110/07/14","日盛-斗六",0,6,-6
"9511","6207雷科","110/07/14","群益金鼎-台北",60,0,60
"9512","6207雷科","110/07/14","新加坡商瑞銀",10,56,-46
"9513","6207雷科","110/07/14","台新-高雄",43,3,40
"9514","6207雷科","110/07/14","國票-中和",0,41,-41
"9515","6207雷科","110/07/14","元大-高雄",19,0,19
"9516","6207雷科","110/07/14","元大-復北",0,33,-33
"9517","6207雷科","110/07/14","福勝",15,0,15
"9518","6207雷科","110/07/14","光和-和美",0,20,-20
"9519","6207雷科","110/07/14","群益金鼎-中山",15,0,15
"9520","6207雷科","110/07/14","群益金鼎-丹鳳",0,20,-20
"9521","6207雷科","110/07/14","元大-林園",15,0,15
"9522","6207雷科","110/07/14","第一金-路竹",0,10,-10
"9523","6207雷科","110/07/14","新光",12,0,12
"9524","6207雷科","110/07/14","元大-歸仁",0,10,-10
"9525","6207雷科","110/07/14","元大-大天母",10,0,10
"9526","6207雷科","110/07/14","宏遠-館前",0,9,-9
"9527","6207雷科","110/07/14","永豐金-忠孝",9,0,9
"9528","6207雷科","110/07/14","凱基-台北",12,20,-8
"9529","6207雷科","110/07/14","永豐金-新店",7,0,7
"9530","6207雷科","110/07/14","美林",0,7,-7
"9531","6207雷科","110/07/14","玉山-嘉義",6,0,6
"9532","6207雷科","110/07/14","摩根大通",16,23,-7
"9533","6207雷科","110/07/14","元大-屏東",6,0,6
"9534","6207雷科","110/07/14","凱基-高雄",1,7,-6
"9535","6207雷科","110/07/14","凱基-大安",5,0,5
"9536","6207雷科","110/07/14","台中銀-豐原",0,5,-5
"9537","6207雷科","110/07/14","富邦-台南",5,0,5
"9538","6207雷科","110/07/14","元大-新竹經國",0,5,-5
"9539","6207雷科","110/07/14","元大-成功",5,0,5
"9540","6207雷科","110/07/14","光和-田中",0,4,-4
"9541","3679新至陞","110/07/14","凱基-台北",31,6,25
"9542","3679新至陞","110/07/14","群益金鼎-東大",0,15,-15
"9543","3679新至陞","110/07/14","華南永昌-新莊",10,0,10
"9544","3679新至陞","110/07/14","瑞士信貸",0,12,-12
"9545","3679新至陞","110/07/14","新加坡商瑞銀",11,3,8
"9546","3679新至陞","110/07/14","群益金鼎-永和",0,10,-10
"9547","3679新至陞","110/07/14","美商高盛",6,0,6
"9548","3679新至陞","110/07/14","元大-成功",5,15,-10
"9549","3679新至陞","110/07/14","第一金-中壢",6,0,6
"9550","3679新至陞","110/07/14","統一-板橋",1,10,-9
"9551","3679新至陞","110/07/14","(牛牛牛)亞-網路",4,0,4
"9552","3679新至陞","110/07/14","玉山-左營",0,5,-5
"9553","3679新至陞","110/07/14","元大-六合",3,0,3
"9554","3679新至陞","110/07/14","群益金鼎-三民",0,4,-4
"9555","3679新至陞","110/07/14","合庫-自強",2,0,2
"9556","3679新至陞","110/07/14","富邦-宜蘭",0,4,-4
"9557","3679新至陞","110/07/14","高橋-內壢",2,0,2
"9558","3679新至陞","110/07/14","永豐金-苓雅",0,3,-3
"9559","3679新至陞","110/07/14","台中銀-員林",2,0,2
"9560","3679新至陞","110/07/14","摩根大通",5,7,-2
"9561","3679新至陞","110/07/14","凱基-高美館",2,0,2
"9562","3679新至陞","110/07/14","元大-板橋三民",0,2,-2
"9563","3679新至陞","110/07/14","元大-福營",2,0,2
"9564","3679新至陞","110/07/14","宏遠-中和",0,1,-1
"9565","3679新至陞","110/07/14","永豐金-松山",2,0,2
"9566","3679新至陞","110/07/14","元富-佳里",0,1,-1
"9567","3679新至陞","110/07/14","永豐金-萬盛",2,0,2
"9568","3679新至陞","110/07/14","(牛牛牛)亞-鑫豐",0,1,-1
"9569","3679新至陞","110/07/14","元富-松德",1,0,1
"9570","3679新至陞","110/07/14","中國信託-中壢",0,1,-1
"9571","2727王品","110/07/14","富邦-左營",102,1,101
"9572","2727王品","110/07/14","統一-城中",100,234,-134
"9573","2727王品","110/07/14","國泰-板橋",105,11,94
"9574","2727王品","110/07/14","富邦-台北",1,125,-124
"9575","2727王品","110/07/14","港商野村",149,72,77
"9576","2727王品","110/07/14","台灣摩根士丹利",1,48,-47
"9577","2727王品","110/07/14","合庫-台中",66,2,64
"9578","2727王品","110/07/14","國票-新莊",0,40,-40
"9579","2727王品","110/07/14","臺銀-金山",63,8,55
"9580","2727王品","110/07/14","永豐金-忠孝",2,39,-37
"9581","2727王品","110/07/14","摩根大通",83,39,44
"9582","2727王品","110/07/14","富邦-彰化",1,34,-33
"9583","2727王品","110/07/14","凱基-台北",84,42,42
"9584","2727王品","110/07/14","康和-高雄",0,30,-30
"9585","2727王品","110/07/14","土銀-台中",35,1,34
"9586","2727王品","110/07/14","安泰",0,26,-26
"9587","2727王品","110/07/14","華南永昌-麻豆",32,1,31
"9588","2727王品","110/07/14","富邦-新竹華信",0,21,-21
"9589","2727王品","110/07/14","元大證券",85,55,30
"9590","2727王品","110/07/14","元大-南崁",1,22,-21
"9591","2727王品","110/07/14","新加坡商瑞銀",40,15,25
"9592","2727王品","110/07/14","彰銀-台中",0,18,-18
"9593","2727王品","110/07/14","日盛-八德",19,0,19
"9594","2727王品","110/07/14","元富-同大",2,20,-18
"9595","2727王品","110/07/14","統一",35,17,18
"9596","2727王品","110/07/14","玉山-嘉義",1,17,-16
"9597","2727王品","110/07/14","元富-大昌",18,1,17
"9598","2727王品","110/07/14","國泰-館前",4,20,-16
"9599","2727王品","110/07/14","玉山-板橋",15,1,14
"9600","2727王品","110/07/14","第一金-嘉義",1,13,-12
"9601","1570力肯","110/07/14","國票-北高雄",68,0,68
"9602","1570力肯","110/07/14","摩根大通",0,21,-21
"9603","1570力肯","110/07/14","日盛-八德",30,1,29
"9604","1570力肯","110/07/14","新光",1,19,-18
"9605","1570力肯","110/07/14","玉山-高雄",7,0,7
"9606","1570力肯","110/07/14","(牛牛牛)亞-鑫豐",0,17,-17
"9607","1570力肯","110/07/14","臺銀-臺南",5,0,5
"9608","1570力肯","110/07/14","日盛-士林",0,10,-10
"9609","1570力肯","110/07/14","凱基-三峽",5,0,5
"9610","1570力肯","110/07/14","統一-員林",0,10,-10
"9611","1570力肯","110/07/14","元大-和平",5,0,5
"9612","1570力肯","110/07/14","國票-新莊",0,10,-10
"9613","1570力肯","110/07/14","合庫-三重",4,0,4
"9614","1570力肯","110/07/14","凱基-高美館",0,10,-10
"9615","1570力肯","110/07/14","瑞士信貸",4,0,4
"9616","1570力肯","110/07/14","元大-屏東民生",0,5,-5
"9617","1570力肯","110/07/14","統一-三多",4,0,4
"9618","1570力肯","110/07/14","元大-古亭",0,5,-5
"9619","1570力肯","110/07/14","華南永昌-古亭",4,0,4
"9620","1570力肯","110/07/14","日盛-木柵",0,4,-4
"9621","1570力肯","110/07/14","元大-高雄",3,0,3
"9622","1570力肯","110/07/14","大昌",0,4,-4
"9623","1570力肯","110/07/14","兆豐-忠孝",2,0,2
"9624","1570力肯","110/07/14","群益金鼎-東大",0,4,-4
"9625","1570力肯","110/07/14","富邦-陽明",2,0,2
"9626","1570力肯","110/07/14","凱基-台北",0,4,-4
"9627","1570力肯","110/07/14","元大-松山",2,0,2
"9628","1570力肯","110/07/14","元大-板橋",0,4,-4
"9629","1570力肯","110/07/14","元大-忠孝",2,0,2
"9630","1570力肯","110/07/14","第一金-中山",0,3,-3
"9631","6180橘子","110/07/14","新加坡商瑞銀",84,28,56
"9632","6180橘子","110/07/14","凱基-台北",4,37,-33
"9633","6180橘子","110/07/14","日盛-信義",29,1,28
"9634","6180橘子","110/07/14","玉山-台南",1,22,-21
"9635","6180橘子","110/07/14","豐農",28,4,24
"9636","6180橘子","110/07/14","日盛-新竹",1,21,-20
"9637","6180橘子","110/07/14","新光-新竹",24,1,23
"9638","6180橘子","110/07/14","元富-潮州",0,19,-19
"9639","6180橘子","110/07/14","華南永昌-高雄",20,0,20
"9640","6180橘子","110/07/14","元大-信義",0,17,-17
"9641","6180橘子","110/07/14","元大-羅東",20,0,20
"9642","6180橘子","110/07/14","台灣企銀-台中",1,16,-15
"9643","6180橘子","110/07/14","元大-台中中港",20,0,20
"9644","6180橘子","110/07/14","元大-北港",0,15,-15
"9645","6180橘子","110/07/14","富邦-嘉義",24,5,19
"9646","6180橘子","110/07/14","富邦-高雄",0,14,-14
"9647","6180橘子","110/07/14","富邦-仁愛",15,0,15
"9648","6180橘子","110/07/14","兆豐-埔墘",0,13,-13
"9649","6180橘子","110/07/14","國票-九鼎",13,0,13
"9650","6180橘子","110/07/14","第一金-中山",0,10,-10
"9651","6180橘子","110/07/14","日盛-木柵",12,0,12
"9652","6180橘子","110/07/14","元大-彰化民生",0,10,-10
"9653","6180橘子","110/07/14","元大-成功",10,0,10
"9654","6180橘子","110/07/14","福勝",1,10,-9
"9655","6180橘子","110/07/14","港商野村",10,2,8
"9656","6180橘子","110/07/14","群益金鼎-丹鳳",1,10,-9
"9657","6180橘子","110/07/14","玉山-左營",8,0,8
"9658","6180橘子","110/07/14","群益金鼎-板橋",0,8,-8
"9659","6180橘子","110/07/14","富邦-陽明",16,8,8
"9660","6180橘子","110/07/14","合庫-鳳山",0,7,-7
"9661","2390云辰","110/07/14","摩根大通",995,198,797
"9662","2390云辰","110/07/14","新加坡商瑞銀",28,399,-371
"9663","2390云辰","110/07/14","美林",383,22,361
"9664","2390云辰","110/07/14","凱基-新豐",3,198,-195
"9665","2390云辰","110/07/14","台灣摩根士丹利",684,358,326
"9666","2390云辰","110/07/14","元大-士林",1,152,-151
"9667","2390云辰","110/07/14","凱基-台北",656,402,254
"9668","2390云辰","110/07/14","元大-竹山",80,181,-101
"9669","2390云辰","110/07/14","日盛-和美",110,5,105
"9670","2390云辰","110/07/14","群益金鼎-開元",19,95,-76
"9671","2390云辰","110/07/14","元大-天母",72,0,72
"9672","2390云辰","110/07/14","新光",77,150,-73
"9673","2390云辰","110/07/14","永豐金-松山",57,0,57
"9674","2390云辰","110/07/14","元富-高雄",0,71,-71
"9675","2390云辰","110/07/14","統一-屏東",53,0,53
"9676","2390云辰","110/07/14","元大-土城學府",130,201,-71
"9677","2390云辰","110/07/14","港商野村",486,450,36
"9678","2390云辰","110/07/14","元大-善化",12,76,-64
"9679","2390云辰","110/07/14","致和-崇德",30,0,30
"9680","2390云辰","110/07/14","華南永昌-岡山",23,81,-58
"9681","2390云辰","110/07/14","富邦-台北",40,14,26
"9682","2390云辰","110/07/14","群益金鼎-大興",82,125,-43
"9683","2390云辰","110/07/14","台新-高雄",38,13,25
"9684","2390云辰","110/07/14","大慶-中壢",0,41,-41
"9685","2390云辰","110/07/14","富邦-板橋",32,7,25
"9686","2390云辰","110/07/14","玉山-板橋",6,47,-41
"9687","2390云辰","110/07/14","陽信-石牌",24,0,24
"9688","2390云辰","110/07/14","富邦-台東",2,42,-40
"9689","2390云辰","110/07/14","凱基-屏東",32,8,24
"9690","2390云辰","110/07/14","元大-新營",3,42,-39
"9691","2363矽統","110/07/13","凱基-南崁",2133,63,2070
"9692","2363矽統","110/07/13","凱基-幸福",36,4048,-4012
"9693","2363矽統","110/07/13","國泰-敦南",2195,1617,578
"9694","2363矽統","110/07/13","統一",192,3325,-3133
"9695","2363矽統","110/07/13","中農",670,139,531
"9696","2363矽統","110/07/13","新加坡商瑞銀",1000,2747,-1747
"9697","2363矽統","110/07/13","康和-台中",638,154,484
"9698","2363矽統","110/07/13","凱基-台北",5359,6609,-1250
"9699","2363矽統","110/07/13","群益金鼎-三民",577,137,440
"9700","2363矽統","110/07/13","摩根大通",1930,2858,-928
"9701","2363矽統","110/07/13","台新-屏東",510,88,422
"9702","2363矽統","110/07/13","港商野村",960,1679,-719
"9703","2363矽統","110/07/13","德信-中正",455,67,388
"9704","2363矽統","110/07/13","兆豐-復興",25,705,-680
"9705","2363矽統","110/07/13","日盛-竹北",365,70,295
"9706","2363矽統","110/07/13","統一-仁愛",114,755,-641
"9707","2363矽統","110/07/13","元大-佳里",452,189,263
"9708","2363矽統","110/07/13","統一-敦南",29,638,-609
"9709","2363矽統","110/07/13","國票-博愛",296,38,258
"9710","2363矽統","110/07/13","統一-土城",100,704,-604
"9711","2363矽統","110/07/13","元大-萬華",340,95,245
"9712","2363矽統","110/07/13","統一-城中",116,676,-560
"9713","2363矽統","110/07/13","新光",1259,1031,228
"9714","2363矽統","110/07/13","永豐金證券",306,859,-553
"9715","2363矽統","110/07/13","元富-成功",323,96,227
"9716","2363矽統","110/07/13","元富",54,567,-513
"9717","2363矽統","110/07/13","豐農",228,23,205
"9718","2363矽統","110/07/13","瑞士信貸",202,666,-464
"9719","2363矽統","110/07/13","台灣企銀-岡山",186,4,182
"9720","2363矽統","110/07/13","永豐金-嘉義",67,468,-401
"9721","8112至上","110/07/13","摩根大通",688,296,392
"9722","8112至上","110/07/13","國票-中和",0,401,-401
"9723","8112至上","110/07/13","港商野村",344,145,199
"9724","8112至上","110/07/13","永豐金-板盛",0,205,-205
"9725","8112至上","110/07/13","兆豐-公益",195,5,190
"9726","8112至上","110/07/13","凱基-五股",43,155,-112
"9727","8112至上","110/07/13","台灣摩根士丹利",183,0,183
"9728","8112至上","110/07/13","凱基-市政",0,100,-100
"9729","8112至上","110/07/13","群益金鼎-敦南",153,2,151
"9730","8112至上","110/07/13","元大-大里德芳",1,92,-91
"9731","8112至上","110/07/13","臺銀-金山",146,26,120
"9732","8112至上","110/07/13","玉山-桃園",26,110,-84
"9733","8112至上","110/07/13","臺銀",133,19,114
"9734","8112至上","110/07/13","兆豐-天母",0,81,-81
"9735","8112至上","110/07/13","合庫-台中",115,6,109
"9736","8112至上","110/07/13","凱基-城中",3,84,-81
"9737","8112至上","110/07/13","亞東-板橋",134,26,108
"9738","8112至上","110/07/13","日盛-新莊",9,85,-76
"9739","8112至上","110/07/13","凱基-台北",414,326,88
"9740","8112至上","110/07/13","日盛-台中",2,64,-62
"9741","8112至上","110/07/13","新加坡商瑞銀",181,100,81
"9742","8112至上","110/07/13","日盛-中壢",3,64,-61
"9743","8112至上","110/07/13","國泰-敦南",108,31,77
"9744","8112至上","110/07/13","元大-台中",2,59,-57
"9745","8112至上","110/07/13","第一金-華江",77,4,73
"9746","8112至上","110/07/13","元大-雙和",7,64,-57
"9747","8112至上","110/07/13","永豐金-內湖",73,1,72
"9748","8112至上","110/07/13","元大-高雄",8,62,-54
"9749","8112至上","110/07/13","元大-永和",68,1,67
"9750","8112至上","110/07/13","元大-館前",2,55,-53
"9751","1570力肯","110/07/13","新光",115,11,104
"9752","1570力肯","110/07/13","元大-北三重",0,162,-162
"9753","1570力肯","110/07/13","群益金鼎-高雄",54,0,54
"9754","1570力肯","110/07/13","元大-大灣",0,25,-25
"9755","1570力肯","110/07/13","國票-新莊",22,0,22
"9756","1570力肯","110/07/13","永豐金-苓雅",0,22,-22
"9757","1570力肯","110/07/13","日盛-桃園",12,0,12
"9758","1570力肯","110/07/13","永豐金-永康",0,19,-19
"9759","1570力肯","110/07/13","元大-高雄",12,0,12
"9760","1570力肯","110/07/13","富邦-員林",0,15,-15
"9761","1570力肯","110/07/13","合庫-自強",11,0,11
"9762","1570力肯","110/07/13","凱基-台南",0,11,-11
"9763","1570力肯","110/07/13","摩根大通",26,15,11
"9764","1570力肯","110/07/13","日盛-竹北",0,10,-10
"9765","1570力肯","110/07/13","永豐金-中盛",11,0,11
"9766","1570力肯","110/07/13","國票-九鼎",0,10,-10
"9767","1570力肯","110/07/13","兆豐-台中港",10,0,10
"9768","1570力肯","110/07/13","凱基-桃園",0,10,-10
"9769","1570力肯","110/07/13","國泰-松江",9,0,9
"9770","1570力肯","110/07/13","凱基-新豐",0,10,-10
"9771","1570力肯","110/07/13","元大-新盛",9,0,9
"9772","1570力肯","110/07/13","元大-學甲",0,10,-10
"9773","1570力肯","110/07/13","元富-緯城",6,0,6
"9774","1570力肯","110/07/13","群益金鼎-東湖",1,10,-9
"9775","1570力肯","110/07/13","統一-三重",5,0,5
"9776","1570力肯","110/07/13","大昌",0,6,-6
"9777","1570力肯","110/07/13","元大-前金",5,0,5
"9778","1570力肯","110/07/13","元大-土城學府",0,6,-6
"9779","1570力肯","110/07/13","永豐金證券",5,0,5
"9780","1570力肯","110/07/13","統一",0,5,-5
"9781","2929淘帝","110/07/13","玉山-新竹",130,0,130
"9782","2929淘帝","110/07/13","美商高盛",0,177,-177
"9783","2929淘帝","110/07/13","臺銀-民權",60,0,60
"9784","2929淘帝","110/07/13","凱基-台北",6,80,-74
"9785","2929淘帝","110/07/13","新百王",31,0,31
"9786","2929淘帝","110/07/13","元富-大裕",0,49,-49
"9787","2929淘帝","110/07/13","日盛-園區",30,0,30
"9788","2929淘帝","110/07/13","國泰-館前",3,51,-48
"9789","2929淘帝","110/07/13","元大-南投",31,1,30
"9790","2929淘帝","110/07/13","凱基-中壢",0,41,-41
"9791","2929淘帝","110/07/13","兆豐-忠孝",28,0,28
"9792","2929淘帝","110/07/13","港商野村",21,55,-34
"9793","2929淘帝","110/07/13","元大-民生",28,0,28
"9794","2929淘帝","110/07/13","華南永昌-南京",2,34,-32
"9795","2929淘帝","110/07/13","合庫-高雄",27,0,27
"9796","2929淘帝","110/07/13","群益金鼎-土城",0,30,-30
"9797","2929淘帝","110/07/13","凱基-豐中",27,0,27
"9798","2929淘帝","110/07/13","富邦-南屯",0,22,-22
"9799","2929淘帝","110/07/13","新光",21,4,17
"9800","2929淘帝","110/07/13","第一金-豐原",0,20,-20
"9801","2929淘帝","110/07/13","元大-天母",17,0,17
"9802","2929淘帝","110/07/13","元大-屏南",6,26,-20
"9803","2929淘帝","110/07/13","永興",14,0,14
"9804","2929淘帝","110/07/13","永豐金-敦南",1,21,-20
"9805","2929淘帝","110/07/13","富邦-台北",12,0,12
"9806","2929淘帝","110/07/13","凱基-三重",2,21,-19
"9807","2929淘帝","110/07/13","元大-永和",12,0,12
"9808","2929淘帝","110/07/13","富邦-仁愛",7,25,-18
"9809","2929淘帝","110/07/13","國票-天祥",11,0,11
"9810","2929淘帝","110/07/13","元大-北投",0,16,-16
"9811","5410國眾","110/07/13","兆豐-城中",274,0,274
"9812","5410國眾","110/07/13","元富-嘉義",0,103,-103
"9813","5410國眾","110/07/13","新光",50,4,46
"9814","5410國眾","110/07/13","凱基-台北",0,50,-50
"9815","5410國眾","110/07/13","國泰-台中",26,0,26
"9816","5410國眾","110/07/13","瑞士信貸",0,31,-31
"9817","5410國眾","110/07/13","新加坡商瑞銀",22,0,22
"9818","5410國眾","110/07/13","台新-新莊",0,27,-27
"9819","5410國眾","110/07/13","光和-嘉義",20,0,20
"9820","5410國眾","110/07/13","元大-汐止",0,20,-20
"9821","5410國眾","110/07/13","凱基-竹北",17,0,17
"9822","5410國眾","110/07/13","亞東-新竹",0,17,-17
"9823","5410國眾","110/07/13","新光-桃園",15,0,15
"9824","5410國眾","110/07/13","元大-南勢角",0,13,-13
"9825","5410國眾","110/07/13","凱基-台東",14,0,14
"9826","5410國眾","110/07/13","台新-台南",0,12,-12
"9827","5410國眾","110/07/13","富邦-竹北",11,0,11
"9828","5410國眾","110/07/13","中國信託",0,11,-11
"9829","5410國眾","110/07/13","元富-同大",10,0,10
"9830","5410國眾","110/07/13","華南永昌",0,11,-11
"9831","5410國眾","110/07/13","國泰-敦南",24,15,9
"9832","5410國眾","110/07/13","臺銀-臺南",0,10,-10
"9833","5410國眾","110/07/13","日盛-內湖",7,0,7
"9834","5410國眾","110/07/13","台灣企銀-民雄",0,10,-10
"9835","5410國眾","110/07/13","台新-左楠",7,0,7
"9836","5410國眾","110/07/13","高橋",0,10,-10
"9837","5410國眾","110/07/13","元大-新盛",18,12,6
"9838","5410國眾","110/07/13","康和-嘉義",0,10,-10
"9839","5410國眾","110/07/13","統一",5,0,5
"9840","5410國眾","110/07/13","凱基-基隆",0,10,-10
"9841","2841台開","110/07/13","中國信託-高雄",251,50,201
"9842","2841台開","110/07/13","兆豐-公益",0,177,-177
"9843","2841台開","110/07/13","日盛證券",210,13,197
"9844","2841台開","110/07/13","日進",0,152,-152
"9845","2841台開","110/07/13","第一金-台中",55,0,55
"9846","2841台開","110/07/13","港商野村",0,109,-109
"9847","2841台開","110/07/13","國泰-板橋",46,0,46
"9848","2841台開","110/07/13","日盛-信義",0,103,-103
"9849","2841台開","110/07/13","國泰-館前",48,3,45
"9850","2841台開","110/07/13","國泰-敦南",11,75,-64
"9851","2841台開","110/07/13","華南永昌-新莊",45,0,45
"9852","2841台開","110/07/13","永興",0,50,-50
"9853","2841台開","110/07/13","日盛-園區",42,0,42
"9854","2841台開","110/07/13","永豐金-敦南",61,104,-43
"9855","2841台開","110/07/13","台新證券",32,0,32
"9856","2841台開","110/07/13","富邦-台南",0,42,-42
"9857","2841台開","110/07/13","台新-高雄",32,2,30
"9858","2841台開","110/07/13","國票-安和",0,30,-30
"9859","2841台開","110/07/13","豐農",23,0,23
"9860","2841台開","110/07/13","元大-桃園",0,25,-25
"9861","2841台開","110/07/13","合庫-嘉義",20,0,20
"9862","2841台開","110/07/13","新光",8,32,-24
"9863","2841台開","110/07/13","華南永昌-高雄",20,0,20
"9864","2841台開","110/07/13","元大-仁愛",0,24,-24
"9865","2841台開","110/07/13","元大-樹林",16,0,16
"9866","2841台開","110/07/13","日盛-中和",0,20,-20
"9867","2841台開","110/07/13","第一金-華江",15,2,13
"9868","2841台開","110/07/13","元富",0,20,-20
"9869","2841台開","110/07/13","美商高盛",12,0,12
"9870","2841台開","110/07/13","富邦-宜蘭",0,20,-20
"9871","6207雷科","110/07/13","元大-高雄",121,0,121
"9872","6207雷科","110/07/13","華南永昌-朴子",1,60,-59
"9873","6207雷科","110/07/13","第一金-新興",20,0,20
"9874","6207雷科","110/07/13","元大-南海",0,36,-36
"9875","6207雷科","110/07/13","元富-三重",20,0,20
"9876","6207雷科","110/07/13","凱基-土城",0,35,-35
"9877","6207雷科","110/07/13","元大-林園",15,0,15
"9878","6207雷科","110/07/13","台灣企銀",0,20,-20
"9879","6207雷科","110/07/13","元大-金華",16,1,15
"9880","6207雷科","110/07/13","群益金鼎-丹鳳",0,20,-20
"9881","6207雷科","110/07/13","日盛證券",10,0,10
"9882","6207雷科","110/07/13","元大-博愛",0,17,-17
"9883","6207雷科","110/07/13","統一-台中",10,0,10
"9884","6207雷科","110/07/13","元大-北港",0,13,-13
"9885","6207雷科","110/07/13","群益金鼎-土城",10,0,10
"9886","6207雷科","110/07/13","新加坡商瑞銀",0,12,-12
"9887","6207雷科","110/07/13","群益金鼎-桃園",10,0,10
"9888","6207雷科","110/07/13","凱基-台北",4,16,-12
"9889","6207雷科","110/07/13","永豐金-新莊",10,0,10
"9890","6207雷科","110/07/13","日茂-埔里",0,11,-11
"9891","6207雷科","110/07/13","永豐金-新店",10,0,10
"9892","6207雷科","110/07/13","元大-莒光",0,11,-11
"9893","6207雷科","110/07/13","元大證券",9,0,9
"9894","6207雷科","110/07/13","統一-新竹",0,10,-10
"9895","6207雷科","110/07/13","日盛-木柵",9,1,8
"9896","6207雷科","110/07/13","元大-西螺",0,10,-10
"9897","6207雷科","110/07/13","兆豐-來福",8,0,8
"9898","6207雷科","110/07/13","康和-台中",0,8,-8
"9899","6207雷科","110/07/13","新光",7,0,7
"9900","6207雷科","110/07/13","兆豐-高雄",0,6,-6
"9901","3679新至陞","110/07/13","永豐金證券",50,0,50
"9902","3679新至陞","110/07/13","摩根大通",2,25,-23
"9903","3679新至陞","110/07/13","國泰-桃園",22,0,22
"9904","3679新至陞","110/07/13","元大-成功",0,22,-22
"9905","3679新至陞","110/07/13","台中銀-員林",11,0,11
"9906","3679新至陞","110/07/13","富邦-板橋",1,19,-18
"9907","3679新至陞","110/07/13","元大-文心興安",8,0,8
"9908","3679新至陞","110/07/13","日盛-新莊",0,10,-10
"9909","3679新至陞","110/07/13","美商高盛",6,0,6
"9910","3679新至陞","110/07/13","台新-台中",0,10,-10
"9911","3679新至陞","110/07/13","台新-高雄",6,0,6
"9912","3679新至陞","110/07/13","永豐金-新竹",0,8,-8
"9913","3679新至陞","110/07/13","凱基-台北",18,12,6
"9914","3679新至陞","110/07/13","瑞士信貸",12,19,-7
"9915","3679新至陞","110/07/13","日盛-復興",5,0,5
"9916","3679新至陞","110/07/13","統一-南京",0,7,-7
"9917","3679新至陞","110/07/13","(牛牛牛)亞-鑫豐",4,0,4
"9918","3679新至陞","110/07/13","凱基-新莊",0,7,-7
"9919","3679新至陞","110/07/13","元富-大昌",3,0,3
"9920","3679新至陞","110/07/13","新加坡商瑞銀",0,6,-6
"9921","3679新至陞","110/07/13","富邦-台北",3,0,3
"9922","3679新至陞","110/07/13","合庫-自強",0,5,-5
"9923","3679新至陞","110/07/13","日盛-樹林",2,0,2
"9924","3679新至陞","110/07/13","富邦-桃園",0,5,-5
"9925","3679新至陞","110/07/13","宏遠-光隆",2,0,2
"9926","3679新至陞","110/07/13","永豐金-潮州",0,4,-4
"9927","3679新至陞","110/07/13","美林",3,1,2
"9928","3679新至陞","110/07/13","臺銀-臺南",0,3,-3
"9929","3679新至陞","110/07/13","第一金-中壢",2,0,2
"9930","3679新至陞","110/07/13","元大-六合",0,3,-3
"9931","2727王品","110/07/13","富邦-台北",43,3,40
"9932","2727王品","110/07/13","台灣摩根士丹利",15,97,-82
"9933","2727王品","110/07/13","元大-基隆孝二",40,0,40
"9934","2727王品","110/07/13","玉山-台南",5,57,-52
"9935","2727王品","110/07/13","國票-新莊",40,1,39
"9936","2727王品","110/07/13","新加坡商瑞銀",0,48,-48
"9937","2727王品","110/07/13","第一金-豐原",66,42,24
"9938","2727王品","110/07/13","凱基-台北",41,77,-36
"9939","2727王品","110/07/13","永豐金-大園",34,10,24
"9940","2727王品","110/07/13","永豐金-永康",0,22,-22
"9941","2727王品","110/07/13","元大-北屯",22,0,22
"9942","2727王品","110/07/13","統一-台中",2,22,-20
"9943","2727王品","110/07/13","元大-東蘆",26,7,19
"9944","2727王品","110/07/13","國泰-台中",21,39,-18
"9945","2727王品","110/07/13","永豐金-萬盛",13,1,12
"9946","2727王品","110/07/13","合庫-彰化",3,20,-17
"9947","2727王品","110/07/13","日盛-嘉義",11,0,11
"9948","2727王品","110/07/13","港商野村",13,30,-17
"9949","2727王品","110/07/13","日盛-八德",11,0,11
"9950","2727王品","110/07/13","元大-楊梅",1,16,-15
"9951","2727王品","110/07/13","統一-竹南",11,0,11
"9952","2727王品","110/07/13","凱基-高美館",2,15,-13
"9953","2727王品","110/07/13","日盛-士林",12,2,10
"9954","2727王品","110/07/13","美商高盛",2,14,-12
"9955","2727王品","110/07/13","統一-敦南",10,0,10
"9956","2727王品","110/07/13","統一-平鎮",1,13,-12
"9957","2727王品","110/07/13","中國信託",15,5,10
"9958","2727王品","110/07/13","兆豐-台中港",4,16,-12
"9959","2727王品","110/07/13","兆豐-竹北",13,3,10
"9960","2727王品","110/07/13","凱基-八德",1,13,-12
"9961","1570力肯","110/07/13","新光",115,11,104
"9962","1570力肯","110/07/13","元大-北三重",0,162,-162
"9963","1570力肯","110/07/13","群益金鼎-高雄",54,0,54
"9964","1570力肯","110/07/13","元大-大灣",0,25,-25
"9965","1570力肯","110/07/13","國票-新莊",22,0,22
"9966","1570力肯","110/07/13","永豐金-苓雅",0,22,-22
"9967","1570力肯","110/07/13","日盛-桃園",12,0,12
"9968","1570力肯","110/07/13","永豐金-永康",0,19,-19
"9969","1570力肯","110/07/13","元大-高雄",12,0,12
"9970","1570力肯","110/07/13","富邦-員林",0,15,-15
"9971","1570力肯","110/07/13","合庫-自強",11,0,11
"9972","1570力肯","110/07/13","凱基-台南",0,11,-11
"9973","1570力肯","110/07/13","摩根大通",26,15,11
"9974","1570力肯","110/07/13","日盛-竹北",0,10,-10
"9975","1570力肯","110/07/13","永豐金-中盛",11,0,11
"9976","1570力肯","110/07/13","國票-九鼎",0,10,-10
"9977","1570力肯","110/07/13","兆豐-台中港",10,0,10
"9978","1570力肯","110/07/13","凱基-桃園",0,10,-10
"9979","1570力肯","110/07/13","國泰-松江",9,0,9
"9980","1570力肯","110/07/13","凱基-新豐",0,10,-10
"9981","1570力肯","110/07/13","元大-新盛",9,0,9
"9982","1570力肯","110/07/13","元大-學甲",0,10,-10
"9983","1570力肯","110/07/13","元富-緯城",6,0,6
"9984","1570力肯","110/07/13","群益金鼎-東湖",1,10,-9
"9985","1570力肯","110/07/13","統一-三重",5,0,5
"9986","1570力肯","110/07/13","大昌",0,6,-6
"9987","1570力肯","110/07/13","元大-前金",5,0,5
"9988","1570力肯","110/07/13","元大-土城學府",0,6,-6
"9989","1570力肯","110/07/13","永豐金證券",5,0,5
"9990","1570力肯","110/07/13","統一",0,5,-5
"9991","6180橘子","110/07/13","摩根大通",119,0,119
"9992","6180橘子","110/07/13","元大-崇德",2,61,-59
"9993","6180橘子","110/07/13","美商高盛",96,0,96
"9994","6180橘子","110/07/13","康和-台中",0,51,-51
"9995","6180橘子","110/07/13","新加坡商瑞銀",86,7,79
"9996","6180橘子","110/07/13","康和-台北",0,50,-50
"9997","6180橘子","110/07/13","元大-和平",40,0,40
"9998","6180橘子","110/07/13","元富-潮州",0,40,-40
"9999","6180橘子","110/07/13","凱基-台北",83,47,36
"10000","6180橘子","110/07/13","日盛-永康",0,26,-26
"10001","6180橘子","110/07/13","美林",39,5,34
"10002","6180橘子","110/07/13","永豐金-中正",0,24,-24
"10003","6180橘子","110/07/13","富邦-新竹華信",31,2,29
"10004","6180橘子","110/07/13","國泰-板橋",2,25,-23
"10005","6180橘子","110/07/13","統一-南京",21,0,21
"10006","6180橘子","110/07/13","日盛-大墩",0,20,-20
"10007","6180橘子","110/07/13","富邦-陽明",24,3,21
"10008","6180橘子","110/07/13","元大-草屯",13,32,-19
"10009","6180橘子","110/07/13","大昌-樹林",21,1,20
"10010","6180橘子","110/07/13","元富-林園",1,18,-17
"10011","6180橘子","110/07/13","花旗環球",19,0,19
"10012","6180橘子","110/07/13","新光-新竹",1,18,-17
"10013","6180橘子","110/07/13","華南永昌-台南",19,0,19
"10014","6180橘子","110/07/13","元大-土城永寧",0,17,-17
"10015","6180橘子","110/07/13","福勝",14,0,14
"10016","6180橘子","110/07/13","國泰-新莊",3,19,-16
"10017","6180橘子","110/07/13","富邦-嘉義",12,1,11
"10018","6180橘子","110/07/13","中國信託-永康",6,21,-15
"10019","6180橘子","110/07/13","元大-板橋三民",11,0,11
"10020","6180橘子","110/07/13","凱基-東港",1,15,-14
"10021","2390云辰","110/07/13","新加坡商瑞銀",562,75,487
"10022","2390云辰","110/07/13","大展-台南",0,532,-532
"10023","2390云辰","110/07/13","台灣摩根士丹利",330,155,175
"10024","2390云辰","110/07/13","凱基-台北",668,854,-186
"10025","2390云辰","110/07/13","兆豐-公益",126,25,101
"10026","2390云辰","110/07/13","凱基-三重",12,172,-160
"10027","2390云辰","110/07/13","元富-中港",100,2,98
"10028","2390云辰","110/07/13","兆豐-忠孝",4,161,-157
"10029","2390云辰","110/07/13","統一-新台中",106,9,97
"10030","2390云辰","110/07/13","元大-士林",19,170,-151
"10031","2390云辰","110/07/13","中國信託-松江",81,11,70
"10032","2390云辰","110/07/13","臺銀-新竹",14,117,-103
"10033","2390云辰","110/07/13","日盛-板橋",72,3,69
"10034","2390云辰","110/07/13","國票-台中",4,102,-98
"10035","2390云辰","110/07/13","日盛-和美",57,0,57
"10036","2390云辰","110/07/13","新光",147,232,-85
"10037","2390云辰","110/07/13","永豐金-桃園",88,36,52
"10038","2390云辰","110/07/13","致和-崇德",2,70,-68
"10039","2390云辰","110/07/13","玉山-士林",54,4,50
"10040","2390云辰","110/07/13","群益金鼎-屏東",2,70,-68
"10041","2390云辰","110/07/13","富邦-仁愛",56,6,50
"10042","2390云辰","110/07/13","元大-大里",35,98,-63
"10043","2390云辰","110/07/13","第一金-豐原",50,1,49
"10044","2390云辰","110/07/13","元大-萬華",35,94,-59
"10045","2390云辰","110/07/13","摩根大通",502,453,49
"10046","2390云辰","110/07/13","元富-吉利",2,60,-58
"10047","2390云辰","110/07/13","凱基-松山",61,13,48
"10048","2390云辰","110/07/13","兆豐-新竹",3,53,-50
"10049","2390云辰","110/07/13","大昌",64,22,42
"10050","2390云辰","110/07/13","富邦-嘉義",65,108,-43
"10051","2363矽統","110/07/13","凱基-南崁",2133,63,2070
"10052","2363矽統","110/07/13","凱基-幸福",36,4048,-4012
"10053","2363矽統","110/07/13","國泰-敦南",2195,1617,578
"10054","2363矽統","110/07/13","統一",192,3325,-3133
"10055","2363矽統","110/07/13","中農",670,139,531
"10056","2363矽統","110/07/13","新加坡商瑞銀",1000,2747,-1747
"10057","2363矽統","110/07/13","康和-台中",638,154,484
"10058","2363矽統","110/07/13","凱基-台北",5359,6609,-1250
"10059","2363矽統","110/07/13","群益金鼎-三民",577,137,440
"10060","2363矽統","110/07/13","摩根大通",1930,2858,-928
"10061","2363矽統","110/07/13","台新-屏東",510,88,422
"10062","2363矽統","110/07/13","港商野村",960,1679,-719
"10063","2363矽統","110/07/13","德信-中正",455,67,388
"10064","2363矽統","110/07/13","兆豐-復興",25,705,-680
"10065","2363矽統","110/07/13","日盛-竹北",365,70,295
"10066","2363矽統","110/07/13","統一-仁愛",114,755,-641
"10067","2363矽統","110/07/13","元大-佳里",452,189,263
"10068","2363矽統","110/07/13","統一-敦南",29,638,-609
"10069","2363矽統","110/07/13","國票-博愛",296,38,258
"10070","2363矽統","110/07/13","統一-土城",100,704,-604
"10071","2363矽統","110/07/13","元大-萬華",340,95,245
"10072","2363矽統","110/07/13","統一-城中",116,676,-560
"10073","2363矽統","110/07/13","新光",1259,1031,228
"10074","2363矽統","110/07/13","永豐金證券",306,859,-553
"10075","2363矽統","110/07/13","元富-成功",323,96,227
"10076","2363矽統","110/07/13","元富",54,567,-513
"10077","2363矽統","110/07/13","豐農",228,23,205
"10078","2363矽統","110/07/13","瑞士信貸",202,666,-464
"10079","2363矽統","110/07/13","台灣企銀-岡山",186,4,182
"10080","2363矽統","110/07/13","永豐金-嘉義",67,468,-401
"10081","8112至上","110/07/13","摩根大通",688,296,392
"10082","8112至上","110/07/13","國票-中和",0,401,-401
"10083","8112至上","110/07/13","港商野村",344,145,199
"10084","8112至上","110/07/13","永豐金-板盛",0,205,-205
"10085","8112至上","110/07/13","兆豐-公益",195,5,190
"10086","8112至上","110/07/13","凱基-五股",43,155,-112
"10087","8112至上","110/07/13","台灣摩根士丹利",183,0,183
"10088","8112至上","110/07/13","凱基-市政",0,100,-100
"10089","8112至上","110/07/13","群益金鼎-敦南",153,2,151
"10090","8112至上","110/07/13","元大-大里德芳",1,92,-91
"10091","8112至上","110/07/13","臺銀-金山",146,26,120
"10092","8112至上","110/07/13","玉山-桃園",26,110,-84
"10093","8112至上","110/07/13","臺銀",133,19,114
"10094","8112至上","110/07/13","兆豐-天母",0,81,-81
"10095","8112至上","110/07/13","合庫-台中",115,6,109
"10096","8112至上","110/07/13","凱基-城中",3,84,-81
"10097","8112至上","110/07/13","亞東-板橋",134,26,108
"10098","8112至上","110/07/13","日盛-新莊",9,85,-76
"10099","8112至上","110/07/13","凱基-台北",414,326,88
"10100","8112至上","110/07/13","日盛-台中",2,64,-62
"10101","8112至上","110/07/13","新加坡商瑞銀",181,100,81
"10102","8112至上","110/07/13","日盛-中壢",3,64,-61
"10103","8112至上","110/07/13","國泰-敦南",108,31,77
"10104","8112至上","110/07/13","元大-台中",2,59,-57
"10105","8112至上","110/07/13","第一金-華江",77,4,73
"10106","8112至上","110/07/13","元大-雙和",7,64,-57
"10107","8112至上","110/07/13","永豐金-內湖",73,1,72
"10108","8112至上","110/07/13","元大-高雄",8,62,-54
"10109","8112至上","110/07/13","元大-永和",68,1,67
"10110","8112至上","110/07/13","元大-館前",2,55,-53
"10111","1570力肯","110/07/13","新光",115,11,104
"10112","1570力肯","110/07/13","元大-北三重",0,162,-162
"10113","1570力肯","110/07/13","群益金鼎-高雄",54,0,54
"10114","1570力肯","110/07/13","元大-大灣",0,25,-25
"10115","1570力肯","110/07/13","國票-新莊",22,0,22
"10116","1570力肯","110/07/13","永豐金-苓雅",0,22,-22
"10117","1570力肯","110/07/13","日盛-桃園",12,0,12
"10118","1570力肯","110/07/13","永豐金-永康",0,19,-19
"10119","1570力肯","110/07/13","元大-高雄",12,0,12
"10120","1570力肯","110/07/13","富邦-員林",0,15,-15
"10121","1570力肯","110/07/13","合庫-自強",11,0,11
"10122","1570力肯","110/07/13","凱基-台南",0,11,-11
"10123","1570力肯","110/07/13","摩根大通",26,15,11
"10124","1570力肯","110/07/13","日盛-竹北",0,10,-10
"10125","1570力肯","110/07/13","永豐金-中盛",11,0,11
"10126","1570力肯","110/07/13","國票-九鼎",0,10,-10
"10127","1570力肯","110/07/13","兆豐-台中港",10,0,10
"10128","1570力肯","110/07/13","凱基-桃園",0,10,-10
"10129","1570力肯","110/07/13","國泰-松江",9,0,9
"10130","1570力肯","110/07/13","凱基-新豐",0,10,-10
"10131","1570力肯","110/07/13","元大-新盛",9,0,9
"10132","1570力肯","110/07/13","元大-學甲",0,10,-10
"10133","1570力肯","110/07/13","元富-緯城",6,0,6
"10134","1570力肯","110/07/13","群益金鼎-東湖",1,10,-9
"10135","1570力肯","110/07/13","統一-三重",5,0,5
"10136","1570力肯","110/07/13","大昌",0,6,-6
"10137","1570力肯","110/07/13","元大-前金",5,0,5
"10138","1570力肯","110/07/13","元大-土城學府",0,6,-6
"10139","1570力肯","110/07/13","永豐金證券",5,0,5
"10140","1570力肯","110/07/13","統一",0,5,-5
"10141","2929淘帝","110/07/13","玉山-新竹",130,0,130
"10142","2929淘帝","110/07/13","美商高盛",0,177,-177
"10143","2929淘帝","110/07/13","臺銀-民權",60,0,60
"10144","2929淘帝","110/07/13","凱基-台北",6,80,-74
"10145","2929淘帝","110/07/13","新百王",31,0,31
"10146","2929淘帝","110/07/13","元富-大裕",0,49,-49
"10147","2929淘帝","110/07/13","日盛-園區",30,0,30
"10148","2929淘帝","110/07/13","國泰-館前",3,51,-48
"10149","2929淘帝","110/07/13","元大-南投",31,1,30
"10150","2929淘帝","110/07/13","凱基-中壢",0,41,-41
"10151","2929淘帝","110/07/13","兆豐-忠孝",28,0,28
"10152","2929淘帝","110/07/13","港商野村",21,55,-34
"10153","2929淘帝","110/07/13","元大-民生",28,0,28
"10154","2929淘帝","110/07/13","華南永昌-南京",2,34,-32
"10155","2929淘帝","110/07/13","合庫-高雄",27,0,27
"10156","2929淘帝","110/07/13","群益金鼎-土城",0,30,-30
"10157","2929淘帝","110/07/13","凱基-豐中",27,0,27
"10158","2929淘帝","110/07/13","富邦-南屯",0,22,-22
"10159","2929淘帝","110/07/13","新光",21,4,17
"10160","2929淘帝","110/07/13","第一金-豐原",0,20,-20
"10161","2929淘帝","110/07/13","元大-天母",17,0,17
"10162","2929淘帝","110/07/13","元大-屏南",6,26,-20
"10163","2929淘帝","110/07/13","永興",14,0,14
"10164","2929淘帝","110/07/13","永豐金-敦南",1,21,-20
"10165","2929淘帝","110/07/13","富邦-台北",12,0,12
"10166","2929淘帝","110/07/13","凱基-三重",2,21,-19
"10167","2929淘帝","110/07/13","元大-永和",12,0,12
"10168","2929淘帝","110/07/13","富邦-仁愛",7,25,-18
"10169","2929淘帝","110/07/13","國票-天祥",11,0,11
"10170","2929淘帝","110/07/13","元大-北投",0,16,-16
"10171","5410國眾","110/07/13","兆豐-城中",274,0,274
"10172","5410國眾","110/07/13","元富-嘉義",0,103,-103
"10173","5410國眾","110/07/13","新光",50,4,46
"10174","5410國眾","110/07/13","凱基-台北",0,50,-50
"10175","5410國眾","110/07/13","國泰-台中",26,0,26
"10176","5410國眾","110/07/13","瑞士信貸",0,31,-31
"10177","5410國眾","110/07/13","新加坡商瑞銀",22,0,22
"10178","5410國眾","110/07/13","台新-新莊",0,27,-27
"10179","5410國眾","110/07/13","光和-嘉義",20,0,20
"10180","5410國眾","110/07/13","元大-汐止",0,20,-20
"10181","5410國眾","110/07/13","凱基-竹北",17,0,17
"10182","5410國眾","110/07/13","亞東-新竹",0,17,-17
"10183","5410國眾","110/07/13","新光-桃園",15,0,15
"10184","5410國眾","110/07/13","元大-南勢角",0,13,-13
"10185","5410國眾","110/07/13","凱基-台東",14,0,14
"10186","5410國眾","110/07/13","台新-台南",0,12,-12
"10187","5410國眾","110/07/13","富邦-竹北",11,0,11
"10188","5410國眾","110/07/13","中國信託",0,11,-11
"10189","5410國眾","110/07/13","元富-同大",10,0,10
"10190","5410國眾","110/07/13","華南永昌",0,11,-11
"10191","5410國眾","110/07/13","國泰-敦南",24,15,9
"10192","5410國眾","110/07/13","臺銀-臺南",0,10,-10
"10193","5410國眾","110/07/13","日盛-內湖",7,0,7
"10194","5410國眾","110/07/13","台灣企銀-民雄",0,10,-10
"10195","5410國眾","110/07/13","台新-左楠",7,0,7
"10196","5410國眾","110/07/13","高橋",0,10,-10
"10197","5410國眾","110/07/13","元大-新盛",18,12,6
"10198","5410國眾","110/07/13","康和-嘉義",0,10,-10
"10199","5410國眾","110/07/13","統一",5,0,5
"10200","5410國眾","110/07/13","凱基-基隆",0,10,-10
"10201","2841台開","110/07/13","中國信託-高雄",251,50,201
"10202","2841台開","110/07/13","兆豐-公益",0,177,-177
"10203","2841台開","110/07/13","日盛證券",210,13,197
"10204","2841台開","110/07/13","日進",0,152,-152
"10205","2841台開","110/07/13","第一金-台中",55,0,55
"10206","2841台開","110/07/13","港商野村",0,109,-109
"10207","2841台開","110/07/13","國泰-板橋",46,0,46
"10208","2841台開","110/07/13","日盛-信義",0,103,-103
"10209","2841台開","110/07/13","國泰-館前",48,3,45
"10210","2841台開","110/07/13","國泰-敦南",11,75,-64
"10211","2841台開","110/07/13","華南永昌-新莊",45,0,45
"10212","2841台開","110/07/13","永興",0,50,-50
"10213","2841台開","110/07/13","日盛-園區",42,0,42
"10214","2841台開","110/07/13","永豐金-敦南",61,104,-43
"10215","2841台開","110/07/13","台新證券",32,0,32
"10216","2841台開","110/07/13","富邦-台南",0,42,-42
"10217","2841台開","110/07/13","台新-高雄",32,2,30
"10218","2841台開","110/07/13","國票-安和",0,30,-30
"10219","2841台開","110/07/13","豐農",23,0,23
"10220","2841台開","110/07/13","元大-桃園",0,25,-25
"10221","2841台開","110/07/13","合庫-嘉義",20,0,20
"10222","2841台開","110/07/13","新光",8,32,-24
"10223","2841台開","110/07/13","華南永昌-高雄",20,0,20
"10224","2841台開","110/07/13","元大-仁愛",0,24,-24
"10225","2841台開","110/07/13","元大-樹林",16,0,16
"10226","2841台開","110/07/13","日盛-中和",0,20,-20
"10227","2841台開","110/07/13","第一金-華江",15,2,13
"10228","2841台開","110/07/13","元富",0,20,-20
"10229","2841台開","110/07/13","美商高盛",12,0,12
"10230","2841台開","110/07/13","富邦-宜蘭",0,20,-20
"10231","6207雷科","110/07/13","元大-高雄",121,0,121
"10232","6207雷科","110/07/13","華南永昌-朴子",1,60,-59
"10233","6207雷科","110/07/13","第一金-新興",20,0,20
"10234","6207雷科","110/07/13","元大-南海",0,36,-36
"10235","6207雷科","110/07/13","元富-三重",20,0,20
"10236","6207雷科","110/07/13","凱基-土城",0,35,-35
"10237","6207雷科","110/07/13","元大-林園",15,0,15
"10238","6207雷科","110/07/13","台灣企銀",0,20,-20
"10239","6207雷科","110/07/13","元大-金華",16,1,15
"10240","6207雷科","110/07/13","群益金鼎-丹鳳",0,20,-20
"10241","6207雷科","110/07/13","日盛證券",10,0,10
"10242","6207雷科","110/07/13","元大-博愛",0,17,-17
"10243","6207雷科","110/07/13","統一-台中",10,0,10
"10244","6207雷科","110/07/13","元大-北港",0,13,-13
"10245","6207雷科","110/07/13","群益金鼎-土城",10,0,10
"10246","6207雷科","110/07/13","新加坡商瑞銀",0,12,-12
"10247","6207雷科","110/07/13","群益金鼎-桃園",10,0,10
"10248","6207雷科","110/07/13","凱基-台北",4,16,-12
"10249","6207雷科","110/07/13","永豐金-新莊",10,0,10
"10250","6207雷科","110/07/13","日茂-埔里",0,11,-11
"10251","6207雷科","110/07/13","永豐金-新店",10,0,10
"10252","6207雷科","110/07/13","元大-莒光",0,11,-11
"10253","6207雷科","110/07/13","元大證券",9,0,9
"10254","6207雷科","110/07/13","統一-新竹",0,10,-10
"10255","6207雷科","110/07/13","日盛-木柵",9,1,8
"10256","6207雷科","110/07/13","元大-西螺",0,10,-10
"10257","6207雷科","110/07/13","兆豐-來福",8,0,8
"10258","6207雷科","110/07/13","康和-台中",0,8,-8
"10259","6207雷科","110/07/13","新光",7,0,7
"10260","6207雷科","110/07/13","兆豐-高雄",0,6,-6
"10261","3679新至陞","110/07/13","永豐金證券",50,0,50
"10262","3679新至陞","110/07/13","摩根大通",2,25,-23
"10263","3679新至陞","110/07/13","國泰-桃園",22,0,22
"10264","3679新至陞","110/07/13","元大-成功",0,22,-22
"10265","3679新至陞","110/07/13","台中銀-員林",11,0,11
"10266","3679新至陞","110/07/13","富邦-板橋",1,19,-18
"10267","3679新至陞","110/07/13","元大-文心興安",8,0,8
"10268","3679新至陞","110/07/13","日盛-新莊",0,10,-10
"10269","3679新至陞","110/07/13","美商高盛",6,0,6
"10270","3679新至陞","110/07/13","台新-台中",0,10,-10
"10271","3679新至陞","110/07/13","台新-高雄",6,0,6
"10272","3679新至陞","110/07/13","永豐金-新竹",0,8,-8
"10273","3679新至陞","110/07/13","凱基-台北",18,12,6
"10274","3679新至陞","110/07/13","瑞士信貸",12,19,-7
"10275","3679新至陞","110/07/13","日盛-復興",5,0,5
"10276","3679新至陞","110/07/13","統一-南京",0,7,-7
"10277","3679新至陞","110/07/13","(牛牛牛)亞-鑫豐",4,0,4
"10278","3679新至陞","110/07/13","凱基-新莊",0,7,-7
"10279","3679新至陞","110/07/13","元富-大昌",3,0,3
"10280","3679新至陞","110/07/13","新加坡商瑞銀",0,6,-6
"10281","3679新至陞","110/07/13","富邦-台北",3,0,3
"10282","3679新至陞","110/07/13","合庫-自強",0,5,-5
"10283","3679新至陞","110/07/13","日盛-樹林",2,0,2
"10284","3679新至陞","110/07/13","富邦-桃園",0,5,-5
"10285","3679新至陞","110/07/13","宏遠-光隆",2,0,2
"10286","3679新至陞","110/07/13","永豐金-潮州",0,4,-4
"10287","3679新至陞","110/07/13","美林",3,1,2
"10288","3679新至陞","110/07/13","臺銀-臺南",0,3,-3
"10289","3679新至陞","110/07/13","第一金-中壢",2,0,2
"10290","3679新至陞","110/07/13","元大-六合",0,3,-3
"10291","2727王品","110/07/13","富邦-台北",43,3,40
"10292","2727王品","110/07/13","台灣摩根士丹利",15,97,-82
"10293","2727王品","110/07/13","元大-基隆孝二",40,0,40
"10294","2727王品","110/07/13","玉山-台南",5,57,-52
"10295","2727王品","110/07/13","國票-新莊",40,1,39
"10296","2727王品","110/07/13","新加坡商瑞銀",0,48,-48
"10297","2727王品","110/07/13","第一金-豐原",66,42,24
"10298","2727王品","110/07/13","凱基-台北",41,77,-36
"10299","2727王品","110/07/13","永豐金-大園",34,10,24
"10300","2727王品","110/07/13","永豐金-永康",0,22,-22
"10301","2727王品","110/07/13","元大-北屯",22,0,22
"10302","2727王品","110/07/13","統一-台中",2,22,-20
"10303","2727王品","110/07/13","元大-東蘆",26,7,19
"10304","2727王品","110/07/13","國泰-台中",21,39,-18
"10305","2727王品","110/07/13","永豐金-萬盛",13,1,12
"10306","2727王品","110/07/13","合庫-彰化",3,20,-17
"10307","2727王品","110/07/13","日盛-嘉義",11,0,11
"10308","2727王品","110/07/13","港商野村",13,30,-17
"10309","2727王品","110/07/13","日盛-八德",11,0,11
"10310","2727王品","110/07/13","元大-楊梅",1,16,-15
"10311","2727王品","110/07/13","統一-竹南",11,0,11
"10312","2727王品","110/07/13","凱基-高美館",2,15,-13
"10313","2727王品","110/07/13","日盛-士林",12,2,10
"10314","2727王品","110/07/13","美商高盛",2,14,-12
"10315","2727王品","110/07/13","統一-敦南",10,0,10
"10316","2727王品","110/07/13","統一-平鎮",1,13,-12
"10317","2727王品","110/07/13","中國信託",15,5,10
"10318","2727王品","110/07/13","兆豐-台中港",4,16,-12
"10319","2727王品","110/07/13","兆豐-竹北",13,3,10
"10320","2727王品","110/07/13","凱基-八德",1,13,-12
"10321","1570力肯","110/07/13","新光",115,11,104
"10322","1570力肯","110/07/13","元大-北三重",0,162,-162
"10323","1570力肯","110/07/13","群益金鼎-高雄",54,0,54
"10324","1570力肯","110/07/13","元大-大灣",0,25,-25
"10325","1570力肯","110/07/13","國票-新莊",22,0,22
"10326","1570力肯","110/07/13","永豐金-苓雅",0,22,-22
"10327","1570力肯","110/07/13","日盛-桃園",12,0,12
"10328","1570力肯","110/07/13","永豐金-永康",0,19,-19
"10329","1570力肯","110/07/13","元大-高雄",12,0,12
"10330","1570力肯","110/07/13","富邦-員林",0,15,-15
"10331","1570力肯","110/07/13","合庫-自強",11,0,11
"10332","1570力肯","110/07/13","凱基-台南",0,11,-11
"10333","1570力肯","110/07/13","摩根大通",26,15,11
"10334","1570力肯","110/07/13","日盛-竹北",0,10,-10
"10335","1570力肯","110/07/13","永豐金-中盛",11,0,11
"10336","1570力肯","110/07/13","國票-九鼎",0,10,-10
"10337","1570力肯","110/07/13","兆豐-台中港",10,0,10
"10338","1570力肯","110/07/13","凱基-桃園",0,10,-10
"10339","1570力肯","110/07/13","國泰-松江",9,0,9
"10340","1570力肯","110/07/13","凱基-新豐",0,10,-10
"10341","1570力肯","110/07/13","元大-新盛",9,0,9
"10342","1570力肯","110/07/13","元大-學甲",0,10,-10
"10343","1570力肯","110/07/13","元富-緯城",6,0,6
"10344","1570力肯","110/07/13","群益金鼎-東湖",1,10,-9
"10345","1570力肯","110/07/13","統一-三重",5,0,5
"10346","1570力肯","110/07/13","大昌",0,6,-6
"10347","1570力肯","110/07/13","元大-前金",5,0,5
"10348","1570力肯","110/07/13","元大-土城學府",0,6,-6
"10349","1570力肯","110/07/13","永豐金證券",5,0,5
"10350","1570力肯","110/07/13","統一",0,5,-5
"10351","6180橘子","110/07/13","摩根大通",119,0,119
"10352","6180橘子","110/07/13","元大-崇德",2,61,-59
"10353","6180橘子","110/07/13","美商高盛",96,0,96
"10354","6180橘子","110/07/13","康和-台中",0,51,-51
"10355","6180橘子","110/07/13","新加坡商瑞銀",86,7,79
"10356","6180橘子","110/07/13","康和-台北",0,50,-50
"10357","6180橘子","110/07/13","元大-和平",40,0,40
"10358","6180橘子","110/07/13","元富-潮州",0,40,-40
"10359","6180橘子","110/07/13","凱基-台北",83,47,36
"10360","6180橘子","110/07/13","日盛-永康",0,26,-26
"10361","6180橘子","110/07/13","美林",39,5,34
"10362","6180橘子","110/07/13","永豐金-中正",0,24,-24
"10363","6180橘子","110/07/13","富邦-新竹華信",31,2,29
"10364","6180橘子","110/07/13","國泰-板橋",2,25,-23
"10365","6180橘子","110/07/13","統一-南京",21,0,21
"10366","6180橘子","110/07/13","日盛-大墩",0,20,-20
"10367","6180橘子","110/07/13","富邦-陽明",24,3,21
"10368","6180橘子","110/07/13","元大-草屯",13,32,-19
"10369","6180橘子","110/07/13","大昌-樹林",21,1,20
"10370","6180橘子","110/07/13","元富-林園",1,18,-17
"10371","6180橘子","110/07/13","花旗環球",19,0,19
"10372","6180橘子","110/07/13","新光-新竹",1,18,-17
"10373","6180橘子","110/07/13","華南永昌-台南",19,0,19
"10374","6180橘子","110/07/13","元大-土城永寧",0,17,-17
"10375","6180橘子","110/07/13","福勝",14,0,14
"10376","6180橘子","110/07/13","國泰-新莊",3,19,-16
"10377","6180橘子","110/07/13","富邦-嘉義",12,1,11
"10378","6180橘子","110/07/13","中國信託-永康",6,21,-15
"10379","6180橘子","110/07/13","元大-板橋三民",11,0,11
"10380","6180橘子","110/07/13","凱基-東港",1,15,-14
"10381","2390云辰","110/07/13","新加坡商瑞銀",562,75,487
"10382","2390云辰","110/07/13","大展-台南",0,532,-532
"10383","2390云辰","110/07/13","台灣摩根士丹利",330,155,175
"10384","2390云辰","110/07/13","凱基-台北",668,854,-186
"10385","2390云辰","110/07/13","兆豐-公益",126,25,101
"10386","2390云辰","110/07/13","凱基-三重",12,172,-160
"10387","2390云辰","110/07/13","元富-中港",100,2,98
"10388","2390云辰","110/07/13","兆豐-忠孝",4,161,-157
"10389","2390云辰","110/07/13","統一-新台中",106,9,97
"10390","2390云辰","110/07/13","元大-士林",19,170,-151
"10391","2390云辰","110/07/13","中國信託-松江",81,11,70
"10392","2390云辰","110/07/13","臺銀-新竹",14,117,-103
"10393","2390云辰","110/07/13","日盛-板橋",72,3,69
"10394","2390云辰","110/07/13","國票-台中",4,102,-98
"10395","2390云辰","110/07/13","日盛-和美",57,0,57
"10396","2390云辰","110/07/13","新光",147,232,-85
"10397","2390云辰","110/07/13","永豐金-桃園",88,36,52
"10398","2390云辰","110/07/13","致和-崇德",2,70,-68
"10399","2390云辰","110/07/13","玉山-士林",54,4,50
"10400","2390云辰","110/07/13","群益金鼎-屏東",2,70,-68
"10401","2390云辰","110/07/13","富邦-仁愛",56,6,50
"10402","2390云辰","110/07/13","元大-大里",35,98,-63
"10403","2390云辰","110/07/13","第一金-豐原",50,1,49
"10404","2390云辰","110/07/13","元大-萬華",35,94,-59
"10405","2390云辰","110/07/13","摩根大通",502,453,49
"10406","2390云辰","110/07/13","元富-吉利",2,60,-58
"10407","2390云辰","110/07/13","凱基-松山",61,13,48
"10408","2390云辰","110/07/13","兆豐-新竹",3,53,-50
"10409","2390云辰","110/07/13","大昌",64,22,42
"10410","2390云辰","110/07/13","富邦-嘉義",65,108,-43
"10411","2363矽統","110/07/13","凱基-南崁",2133,63,2070
"10412","2363矽統","110/07/13","凱基-幸福",36,4048,-4012
"10413","2363矽統","110/07/13","國泰-敦南",2195,1617,578
"10414","2363矽統","110/07/13","統一",192,3325,-3133
"10415","2363矽統","110/07/13","中農",670,139,531
"10416","2363矽統","110/07/13","新加坡商瑞銀",1000,2747,-1747
"10417","2363矽統","110/07/13","康和-台中",638,154,484
"10418","2363矽統","110/07/13","凱基-台北",5359,6609,-1250
"10419","2363矽統","110/07/13","群益金鼎-三民",577,137,440
"10420","2363矽統","110/07/13","摩根大通",1930,2858,-928
"10421","2363矽統","110/07/13","台新-屏東",510,88,422
"10422","2363矽統","110/07/13","港商野村",960,1679,-719
"10423","2363矽統","110/07/13","德信-中正",455,67,388
"10424","2363矽統","110/07/13","兆豐-復興",25,705,-680
"10425","2363矽統","110/07/13","日盛-竹北",365,70,295
"10426","2363矽統","110/07/13","統一-仁愛",114,755,-641
"10427","2363矽統","110/07/13","元大-佳里",452,189,263
"10428","2363矽統","110/07/13","統一-敦南",29,638,-609
"10429","2363矽統","110/07/13","國票-博愛",296,38,258
"10430","2363矽統","110/07/13","統一-土城",100,704,-604
"10431","2363矽統","110/07/13","元大-萬華",340,95,245
"10432","2363矽統","110/07/13","統一-城中",116,676,-560
"10433","2363矽統","110/07/13","新光",1259,1031,228
"10434","2363矽統","110/07/13","永豐金證券",306,859,-553
"10435","2363矽統","110/07/13","元富-成功",323,96,227
"10436","2363矽統","110/07/13","元富",54,567,-513
"10437","2363矽統","110/07/13","豐農",228,23,205
"10438","2363矽統","110/07/13","瑞士信貸",202,666,-464
"10439","2363矽統","110/07/13","台灣企銀-岡山",186,4,182
"10440","2363矽統","110/07/13","永豐金-嘉義",67,468,-401
"10441","2363矽統","110/07/13","凱基-南崁",2133,63,2070
"10442","2363矽統","110/07/13","凱基-幸福",36,4048,-4012
"10443","2363矽統","110/07/13","國泰-敦南",2195,1617,578
"10444","2363矽統","110/07/13","統一",192,3325,-3133
"10445","2363矽統","110/07/13","中農",670,139,531
"10446","2363矽統","110/07/13","新加坡商瑞銀",1000,2747,-1747
"10447","2363矽統","110/07/13","康和-台中",638,154,484
"10448","2363矽統","110/07/13","凱基-台北",5359,6609,-1250
"10449","2363矽統","110/07/13","群益金鼎-三民",577,137,440
"10450","2363矽統","110/07/13","摩根大通",1930,2858,-928
"10451","2363矽統","110/07/13","台新-屏東",510,88,422
"10452","2363矽統","110/07/13","港商野村",960,1679,-719
"10453","2363矽統","110/07/13","德信-中正",455,67,388
"10454","2363矽統","110/07/13","兆豐-復興",25,705,-680
"10455","2363矽統","110/07/13","日盛-竹北",365,70,295
"10456","2363矽統","110/07/13","統一-仁愛",114,755,-641
"10457","2363矽統","110/07/13","元大-佳里",452,189,263
"10458","2363矽統","110/07/13","統一-敦南",29,638,-609
"10459","2363矽統","110/07/13","國票-博愛",296,38,258
"10460","2363矽統","110/07/13","統一-土城",100,704,-604
"10461","2363矽統","110/07/13","元大-萬華",340,95,245
"10462","2363矽統","110/07/13","統一-城中",116,676,-560
"10463","2363矽統","110/07/13","新光",1259,1031,228
"10464","2363矽統","110/07/13","永豐金證券",306,859,-553
"10465","2363矽統","110/07/13","元富-成功",323,96,227
"10466","2363矽統","110/07/13","元富",54,567,-513
"10467","2363矽統","110/07/13","豐農",228,23,205
"10468","2363矽統","110/07/13","瑞士信貸",202,666,-464
"10469","2363矽統","110/07/13","台灣企銀-岡山",186,4,182
"10470","2363矽統","110/07/13","永豐金-嘉義",67,468,-401
"10471","2363矽統","110/07/13","凱基-南崁",2133,63,2070
"10472","2363矽統","110/07/13","凱基-幸福",36,4048,-4012
"10473","2363矽統","110/07/13","國泰-敦南",2195,1617,578
"10474","2363矽統","110/07/13","統一",192,3325,-3133
"10475","2363矽統","110/07/13","中農",670,139,531
"10476","2363矽統","110/07/13","新加坡商瑞銀",1000,2747,-1747
"10477","2363矽統","110/07/13","康和-台中",638,154,484
"10478","2363矽統","110/07/13","凱基-台北",5359,6609,-1250
"10479","2363矽統","110/07/13","群益金鼎-三民",577,137,440
"10480","2363矽統","110/07/13","摩根大通",1930,2858,-928
"10481","2363矽統","110/07/13","台新-屏東",510,88,422
"10482","2363矽統","110/07/13","港商野村",960,1679,-719
"10483","2363矽統","110/07/13","德信-中正",455,67,388
"10484","2363矽統","110/07/13","兆豐-復興",25,705,-680
"10485","2363矽統","110/07/13","日盛-竹北",365,70,295
"10486","2363矽統","110/07/13","統一-仁愛",114,755,-641
"10487","2363矽統","110/07/13","元大-佳里",452,189,263
"10488","2363矽統","110/07/13","統一-敦南",29,638,-609
"10489","2363矽統","110/07/13","國票-博愛",296,38,258
"10490","2363矽統","110/07/13","統一-土城",100,704,-604
"10491","2363矽統","110/07/13","元大-萬華",340,95,245
"10492","2363矽統","110/07/13","統一-城中",116,676,-560
"10493","2363矽統","110/07/13","新光",1259,1031,228
"10494","2363矽統","110/07/13","永豐金證券",306,859,-553
"10495","2363矽統","110/07/13","元富-成功",323,96,227
"10496","2363矽統","110/07/13","元富",54,567,-513
"10497","2363矽統","110/07/13","豐農",228,23,205
"10498","2363矽統","110/07/13","瑞士信貸",202,666,-464
"10499","2363矽統","110/07/13","台灣企銀-岡山",186,4,182
"10500","2363矽統","110/07/13","永豐金-嘉義",67,468,-401
"10501","1570力肯","110/07/13","新光",115,11,104
"10502","1570力肯","110/07/13","元大-北三重",0,162,-162
"10503","1570力肯","110/07/13","群益金鼎-高雄",54,0,54
"10504","1570力肯","110/07/13","元大-大灣",0,25,-25
"10505","1570力肯","110/07/13","國票-新莊",22,0,22
"10506","1570力肯","110/07/13","永豐金-苓雅",0,22,-22
"10507","1570力肯","110/07/13","日盛-桃園",12,0,12
"10508","1570力肯","110/07/13","永豐金-永康",0,19,-19
"10509","1570力肯","110/07/13","元大-高雄",12,0,12
"10510","1570力肯","110/07/13","富邦-員林",0,15,-15
"10511","1570力肯","110/07/13","合庫-自強",11,0,11
"10512","1570力肯","110/07/13","凱基-台南",0,11,-11
"10513","1570力肯","110/07/13","摩根大通",26,15,11
"10514","1570力肯","110/07/13","日盛-竹北",0,10,-10
"10515","1570力肯","110/07/13","永豐金-中盛",11,0,11
"10516","1570力肯","110/07/13","國票-九鼎",0,10,-10
"10517","1570力肯","110/07/13","兆豐-台中港",10,0,10
"10518","1570力肯","110/07/13","凱基-桃園",0,10,-10
"10519","1570力肯","110/07/13","國泰-松江",9,0,9
"10520","1570力肯","110/07/13","凱基-新豐",0,10,-10
"10521","1570力肯","110/07/13","元大-新盛",9,0,9
"10522","1570力肯","110/07/13","元大-學甲",0,10,-10
"10523","1570力肯","110/07/13","元富-緯城",6,0,6
"10524","1570力肯","110/07/13","群益金鼎-東湖",1,10,-9
"10525","1570力肯","110/07/13","統一-三重",5,0,5
"10526","1570力肯","110/07/13","大昌",0,6,-6
"10527","1570力肯","110/07/13","元大-前金",5,0,5
"10528","1570力肯","110/07/13","元大-土城學府",0,6,-6
"10529","1570力肯","110/07/13","永豐金證券",5,0,5
"10530","1570力肯","110/07/13","統一",0,5,-5
"10531","1570力肯","110/07/13","新光",115,11,104
"10532","1570力肯","110/07/13","元大-北三重",0,162,-162
"10533","1570力肯","110/07/13","群益金鼎-高雄",54,0,54
"10534","1570力肯","110/07/13","元大-大灣",0,25,-25
"10535","1570力肯","110/07/13","國票-新莊",22,0,22
"10536","1570力肯","110/07/13","永豐金-苓雅",0,22,-22
"10537","1570力肯","110/07/13","日盛-桃園",12,0,12
"10538","1570力肯","110/07/13","永豐金-永康",0,19,-19
"10539","1570力肯","110/07/13","元大-高雄",12,0,12
"10540","1570力肯","110/07/13","富邦-員林",0,15,-15
"10541","1570力肯","110/07/13","合庫-自強",11,0,11
"10542","1570力肯","110/07/13","凱基-台南",0,11,-11
"10543","1570力肯","110/07/13","摩根大通",26,15,11
"10544","1570力肯","110/07/13","日盛-竹北",0,10,-10
"10545","1570力肯","110/07/13","永豐金-中盛",11,0,11
"10546","1570力肯","110/07/13","國票-九鼎",0,10,-10
"10547","1570力肯","110/07/13","兆豐-台中港",10,0,10
"10548","1570力肯","110/07/13","凱基-桃園",0,10,-10
"10549","1570力肯","110/07/13","國泰-松江",9,0,9
"10550","1570力肯","110/07/13","凱基-新豐",0,10,-10
"10551","1570力肯","110/07/13","元大-新盛",9,0,9
"10552","1570力肯","110/07/13","元大-學甲",0,10,-10
"10553","1570力肯","110/07/13","元富-緯城",6,0,6
"10554","1570力肯","110/07/13","群益金鼎-東湖",1,10,-9
"10555","1570力肯","110/07/13","統一-三重",5,0,5
"10556","1570力肯","110/07/13","大昌",0,6,-6
"10557","1570力肯","110/07/13","元大-前金",5,0,5
"10558","1570力肯","110/07/13","元大-土城學府",0,6,-6
"10559","1570力肯","110/07/13","永豐金證券",5,0,5
"10560","1570力肯","110/07/13","統一",0,5,-5
"10561","6180橘子","110/07/13","摩根大通",119,0,119
"10562","6180橘子","110/07/13","元大-崇德",2,61,-59
"10563","6180橘子","110/07/13","美商高盛",96,0,96
"10564","6180橘子","110/07/13","康和-台中",0,51,-51
"10565","6180橘子","110/07/13","新加坡商瑞銀",86,7,79
"10566","6180橘子","110/07/13","康和-台北",0,50,-50
"10567","6180橘子","110/07/13","元大-和平",40,0,40
"10568","6180橘子","110/07/13","元富-潮州",0,40,-40
"10569","6180橘子","110/07/13","凱基-台北",83,47,36
"10570","6180橘子","110/07/13","日盛-永康",0,26,-26
"10571","6180橘子","110/07/13","美林",39,5,34
"10572","6180橘子","110/07/13","永豐金-中正",0,24,-24
"10573","6180橘子","110/07/13","富邦-新竹華信",31,2,29
"10574","6180橘子","110/07/13","國泰-板橋",2,25,-23
"10575","6180橘子","110/07/13","統一-南京",21,0,21
"10576","6180橘子","110/07/13","日盛-大墩",0,20,-20
"10577","6180橘子","110/07/13","富邦-陽明",24,3,21
"10578","6180橘子","110/07/13","元大-草屯",13,32,-19
"10579","6180橘子","110/07/13","大昌-樹林",21,1,20
"10580","6180橘子","110/07/13","元富-林園",1,18,-17
"10581","6180橘子","110/07/13","花旗環球",19,0,19
"10582","6180橘子","110/07/13","新光-新竹",1,18,-17
"10583","6180橘子","110/07/13","華南永昌-台南",19,0,19
"10584","6180橘子","110/07/13","元大-土城永寧",0,17,-17
"10585","6180橘子","110/07/13","福勝",14,0,14
"10586","6180橘子","110/07/13","國泰-新莊",3,19,-16
"10587","6180橘子","110/07/13","富邦-嘉義",12,1,11
"10588","6180橘子","110/07/13","中國信託-永康",6,21,-15
"10589","6180橘子","110/07/13","元大-板橋三民",11,0,11
"10590","6180橘子","110/07/13","凱基-東港",1,15,-14
"10591","1570力肯","110/07/13","新光",115,11,104
"10592","1570力肯","110/07/13","元大-北三重",0,162,-162
"10593","1570力肯","110/07/13","群益金鼎-高雄",54,0,54
"10594","1570力肯","110/07/13","元大-大灣",0,25,-25
"10595","1570力肯","110/07/13","國票-新莊",22,0,22
"10596","1570力肯","110/07/13","永豐金-苓雅",0,22,-22
"10597","1570力肯","110/07/13","日盛-桃園",12,0,12
"10598","1570力肯","110/07/13","永豐金-永康",0,19,-19
"10599","1570力肯","110/07/13","元大-高雄",12,0,12
"10600","1570力肯","110/07/13","富邦-員林",0,15,-15
"10601","1570力肯","110/07/13","合庫-自強",11,0,11
"10602","1570力肯","110/07/13","凱基-台南",0,11,-11
"10603","1570力肯","110/07/13","摩根大通",26,15,11
"10604","1570力肯","110/07/13","日盛-竹北",0,10,-10
"10605","1570力肯","110/07/13","永豐金-中盛",11,0,11
"10606","1570力肯","110/07/13","國票-九鼎",0,10,-10
"10607","1570力肯","110/07/13","兆豐-台中港",10,0,10
"10608","1570力肯","110/07/13","凱基-桃園",0,10,-10
"10609","1570力肯","110/07/13","國泰-松江",9,0,9
"10610","1570力肯","110/07/13","凱基-新豐",0,10,-10
"10611","1570力肯","110/07/13","元大-新盛",9,0,9
"10612","1570力肯","110/07/13","元大-學甲",0,10,-10
"10613","1570力肯","110/07/13","元富-緯城",6,0,6
"10614","1570力肯","110/07/13","群益金鼎-東湖",1,10,-9
"10615","1570力肯","110/07/13","統一-三重",5,0,5
"10616","1570力肯","110/07/13","大昌",0,6,-6
"10617","1570力肯","110/07/13","元大-前金",5,0,5
"10618","1570力肯","110/07/13","元大-土城學府",0,6,-6
"10619","1570力肯","110/07/13","永豐金證券",5,0,5
"10620","1570力肯","110/07/13","統一",0,5,-5
"10621","6180橘子","110/07/13","摩根大通",119,0,119
"10622","6180橘子","110/07/13","元大-崇德",2,61,-59
"10623","6180橘子","110/07/13","美商高盛",96,0,96
"10624","6180橘子","110/07/13","康和-台中",0,51,-51
"10625","6180橘子","110/07/13","新加坡商瑞銀",86,7,79
"10626","6180橘子","110/07/13","康和-台北",0,50,-50
"10627","6180橘子","110/07/13","元大-和平",40,0,40
"10628","6180橘子","110/07/13","元富-潮州",0,40,-40
"10629","6180橘子","110/07/13","凱基-台北",83,47,36
"10630","6180橘子","110/07/13","日盛-永康",0,26,-26
"10631","6180橘子","110/07/13","美林",39,5,34
"10632","6180橘子","110/07/13","永豐金-中正",0,24,-24
"10633","6180橘子","110/07/13","富邦-新竹華信",31,2,29
"10634","6180橘子","110/07/13","國泰-板橋",2,25,-23
"10635","6180橘子","110/07/13","統一-南京",21,0,21
"10636","6180橘子","110/07/13","日盛-大墩",0,20,-20
"10637","6180橘子","110/07/13","富邦-陽明",24,3,21
"10638","6180橘子","110/07/13","元大-草屯",13,32,-19
"10639","6180橘子","110/07/13","大昌-樹林",21,1,20
"10640","6180橘子","110/07/13","元富-林園",1,18,-17
"10641","6180橘子","110/07/13","花旗環球",19,0,19
"10642","6180橘子","110/07/13","新光-新竹",1,18,-17
"10643","6180橘子","110/07/13","華南永昌-台南",19,0,19
"10644","6180橘子","110/07/13","元大-土城永寧",0,17,-17
"10645","6180橘子","110/07/13","福勝",14,0,14
"10646","6180橘子","110/07/13","國泰-新莊",3,19,-16
"10647","6180橘子","110/07/13","富邦-嘉義",12,1,11
"10648","6180橘子","110/07/13","中國信託-永康",6,21,-15
"10649","6180橘子","110/07/13","元大-板橋三民",11,0,11
"10650","6180橘子","110/07/13","凱基-東港",1,15,-14
"10651","2390云辰","110/07/13","新加坡商瑞銀",562,75,487
"10652","2390云辰","110/07/13","大展-台南",0,532,-532
"10653","2390云辰","110/07/13","台灣摩根士丹利",330,155,175
"10654","2390云辰","110/07/13","凱基-台北",668,854,-186
"10655","2390云辰","110/07/13","兆豐-公益",126,25,101
"10656","2390云辰","110/07/13","凱基-三重",12,172,-160
"10657","2390云辰","110/07/13","元富-中港",100,2,98
"10658","2390云辰","110/07/13","兆豐-忠孝",4,161,-157
"10659","2390云辰","110/07/13","統一-新台中",106,9,97
"10660","2390云辰","110/07/13","元大-士林",19,170,-151
"10661","2390云辰","110/07/13","中國信託-松江",81,11,70
"10662","2390云辰","110/07/13","臺銀-新竹",14,117,-103
"10663","2390云辰","110/07/13","日盛-板橋",72,3,69
"10664","2390云辰","110/07/13","國票-台中",4,102,-98
"10665","2390云辰","110/07/13","日盛-和美",57,0,57
"10666","2390云辰","110/07/13","新光",147,232,-85
"10667","2390云辰","110/07/13","永豐金-桃園",88,36,52
"10668","2390云辰","110/07/13","致和-崇德",2,70,-68
"10669","2390云辰","110/07/13","玉山-士林",54,4,50
"10670","2390云辰","110/07/13","群益金鼎-屏東",2,70,-68
"10671","2390云辰","110/07/13","富邦-仁愛",56,6,50
"10672","2390云辰","110/07/13","元大-大里",35,98,-63
"10673","2390云辰","110/07/13","第一金-豐原",50,1,49
"10674","2390云辰","110/07/13","元大-萬華",35,94,-59
"10675","2390云辰","110/07/13","摩根大通",502,453,49
"10676","2390云辰","110/07/13","元富-吉利",2,60,-58
"10677","2390云辰","110/07/13","凱基-松山",61,13,48
"10678","2390云辰","110/07/13","兆豐-新竹",3,53,-50
"10679","2390云辰","110/07/13","大昌",64,22,42
"10680","2390云辰","110/07/13","富邦-嘉義",65,108,-43
"10681","2363矽統","110/07/13","凱基-南崁",2133,63,2070
"10682","2363矽統","110/07/13","凱基-幸福",36,4048,-4012
"10683","2363矽統","110/07/13","國泰-敦南",2195,1617,578
"10684","2363矽統","110/07/13","統一",192,3325,-3133
"10685","2363矽統","110/07/13","中農",670,139,531
"10686","2363矽統","110/07/13","新加坡商瑞銀",1000,2747,-1747
"10687","2363矽統","110/07/13","康和-台中",638,154,484
"10688","2363矽統","110/07/13","凱基-台北",5359,6609,-1250
"10689","2363矽統","110/07/13","群益金鼎-三民",577,137,440
"10690","2363矽統","110/07/13","摩根大通",1930,2858,-928
"10691","2363矽統","110/07/13","台新-屏東",510,88,422
"10692","2363矽統","110/07/13","港商野村",960,1679,-719
"10693","2363矽統","110/07/13","德信-中正",455,67,388
"10694","2363矽統","110/07/13","兆豐-復興",25,705,-680
"10695","2363矽統","110/07/13","日盛-竹北",365,70,295
"10696","2363矽統","110/07/13","統一-仁愛",114,755,-641
"10697","2363矽統","110/07/13","元大-佳里",452,189,263
"10698","2363矽統","110/07/13","統一-敦南",29,638,-609
"10699","2363矽統","110/07/13","國票-博愛",296,38,258
"10700","2363矽統","110/07/13","統一-土城",100,704,-604
"10701","2363矽統","110/07/13","元大-萬華",340,95,245
"10702","2363矽統","110/07/13","統一-城中",116,676,-560
"10703","2363矽統","110/07/13","新光",1259,1031,228
"10704","2363矽統","110/07/13","永豐金證券",306,859,-553
"10705","2363矽統","110/07/13","元富-成功",323,96,227
"10706","2363矽統","110/07/13","元富",54,567,-513
"10707","2363矽統","110/07/13","豐農",228,23,205
"10708","2363矽統","110/07/13","瑞士信貸",202,666,-464
"10709","2363矽統","110/07/13","台灣企銀-岡山",186,4,182
"10710","2363矽統","110/07/13","永豐金-嘉義",67,468,-401
"10711","8112至上","110/07/13","摩根大通",688,296,392
"10712","8112至上","110/07/13","國票-中和",0,401,-401
"10713","8112至上","110/07/13","港商野村",344,145,199
"10714","8112至上","110/07/13","永豐金-板盛",0,205,-205
"10715","8112至上","110/07/13","兆豐-公益",195,5,190
"10716","8112至上","110/07/13","凱基-五股",43,155,-112
"10717","8112至上","110/07/13","台灣摩根士丹利",183,0,183
"10718","8112至上","110/07/13","凱基-市政",0,100,-100
"10719","8112至上","110/07/13","群益金鼎-敦南",153,2,151
"10720","8112至上","110/07/13","元大-大里德芳",1,92,-91
"10721","8112至上","110/07/13","臺銀-金山",146,26,120
"10722","8112至上","110/07/13","玉山-桃園",26,110,-84
"10723","8112至上","110/07/13","臺銀",133,19,114
"10724","8112至上","110/07/13","兆豐-天母",0,81,-81
"10725","8112至上","110/07/13","合庫-台中",115,6,109
"10726","8112至上","110/07/13","凱基-城中",3,84,-81
"10727","8112至上","110/07/13","亞東-板橋",134,26,108
"10728","8112至上","110/07/13","日盛-新莊",9,85,-76
"10729","8112至上","110/07/13","凱基-台北",414,326,88
"10730","8112至上","110/07/13","日盛-台中",2,64,-62
"10731","8112至上","110/07/13","新加坡商瑞銀",181,100,81
"10732","8112至上","110/07/13","日盛-中壢",3,64,-61
"10733","8112至上","110/07/13","國泰-敦南",108,31,77
"10734","8112至上","110/07/13","元大-台中",2,59,-57
"10735","8112至上","110/07/13","第一金-華江",77,4,73
"10736","8112至上","110/07/13","元大-雙和",7,64,-57
"10737","8112至上","110/07/13","永豐金-內湖",73,1,72
"10738","8112至上","110/07/13","元大-高雄",8,62,-54
"10739","8112至上","110/07/13","元大-永和",68,1,67
"10740","8112至上","110/07/13","元大-館前",2,55,-53
"10741","2929淘帝","110/07/13","玉山-新竹",130,0,130
"10742","2929淘帝","110/07/13","美商高盛",0,177,-177
"10743","2929淘帝","110/07/13","臺銀-民權",60,0,60
"10744","2929淘帝","110/07/13","凱基-台北",6,80,-74
"10745","2929淘帝","110/07/13","新百王",31,0,31
"10746","2929淘帝","110/07/13","元富-大裕",0,49,-49
"10747","2929淘帝","110/07/13","日盛-園區",30,0,30
"10748","2929淘帝","110/07/13","國泰-館前",3,51,-48
"10749","2929淘帝","110/07/13","元大-南投",31,1,30
"10750","2929淘帝","110/07/13","凱基-中壢",0,41,-41
"10751","2929淘帝","110/07/13","兆豐-忠孝",28,0,28
"10752","2929淘帝","110/07/13","港商野村",21,55,-34
"10753","2929淘帝","110/07/13","元大-民生",28,0,28
"10754","2929淘帝","110/07/13","華南永昌-南京",2,34,-32
"10755","2929淘帝","110/07/13","合庫-高雄",27,0,27
"10756","2929淘帝","110/07/13","群益金鼎-土城",0,30,-30
"10757","2929淘帝","110/07/13","凱基-豐中",27,0,27
"10758","2929淘帝","110/07/13","富邦-南屯",0,22,-22
"10759","2929淘帝","110/07/13","新光",21,4,17
"10760","2929淘帝","110/07/13","第一金-豐原",0,20,-20
"10761","2929淘帝","110/07/13","元大-天母",17,0,17
"10762","2929淘帝","110/07/13","元大-屏南",6,26,-20
"10763","2929淘帝","110/07/13","永興",14,0,14
"10764","2929淘帝","110/07/13","永豐金-敦南",1,21,-20
"10765","2929淘帝","110/07/13","富邦-台北",12,0,12
"10766","2929淘帝","110/07/13","凱基-三重",2,21,-19
"10767","2929淘帝","110/07/13","元大-永和",12,0,12
"10768","2929淘帝","110/07/13","富邦-仁愛",7,25,-18
"10769","2929淘帝","110/07/13","國票-天祥",11,0,11
"10770","2929淘帝","110/07/13","元大-北投",0,16,-16
"10771","2841台開","110/07/13","中國信託-高雄",251,50,201
"10772","2841台開","110/07/13","兆豐-公益",0,177,-177
"10773","2841台開","110/07/13","日盛證券",210,13,197
"10774","2841台開","110/07/13","日進",0,152,-152
"10775","2841台開","110/07/13","第一金-台中",55,0,55
"10776","2841台開","110/07/13","港商野村",0,109,-109
"10777","2841台開","110/07/13","國泰-板橋",46,0,46
"10778","2841台開","110/07/13","日盛-信義",0,103,-103
"10779","2841台開","110/07/13","國泰-館前",48,3,45
"10780","2841台開","110/07/13","國泰-敦南",11,75,-64
"10781","2841台開","110/07/13","華南永昌-新莊",45,0,45
"10782","2841台開","110/07/13","永興",0,50,-50
"10783","2841台開","110/07/13","日盛-園區",42,0,42
"10784","2841台開","110/07/13","永豐金-敦南",61,104,-43
"10785","2841台開","110/07/13","台新證券",32,0,32
"10786","2841台開","110/07/13","富邦-台南",0,42,-42
"10787","2841台開","110/07/13","台新-高雄",32,2,30
"10788","2841台開","110/07/13","國票-安和",0,30,-30
"10789","2841台開","110/07/13","豐農",23,0,23
"10790","2841台開","110/07/13","元大-桃園",0,25,-25
"10791","2841台開","110/07/13","合庫-嘉義",20,0,20
"10792","2841台開","110/07/13","新光",8,32,-24
"10793","2841台開","110/07/13","華南永昌-高雄",20,0,20
"10794","2841台開","110/07/13","元大-仁愛",0,24,-24
"10795","2841台開","110/07/13","元大-樹林",16,0,16
"10796","2841台開","110/07/13","日盛-中和",0,20,-20
"10797","2841台開","110/07/13","第一金-華江",15,2,13
"10798","2841台開","110/07/13","元富",0,20,-20
"10799","2841台開","110/07/13","美商高盛",12,0,12
"10800","2841台開","110/07/13","富邦-宜蘭",0,20,-20
"10801","6207雷科","110/07/13","元大-高雄",121,0,121
"10802","6207雷科","110/07/13","華南永昌-朴子",1,60,-59
"10803","6207雷科","110/07/13","第一金-新興",20,0,20
"10804","6207雷科","110/07/13","元大-南海",0,36,-36
"10805","6207雷科","110/07/13","元富-三重",20,0,20
"10806","6207雷科","110/07/13","凱基-土城",0,35,-35
"10807","6207雷科","110/07/13","元大-林園",15,0,15
"10808","6207雷科","110/07/13","台灣企銀",0,20,-20
"10809","6207雷科","110/07/13","元大-金華",16,1,15
"10810","6207雷科","110/07/13","群益金鼎-丹鳳",0,20,-20
"10811","6207雷科","110/07/13","日盛證券",10,0,10
"10812","6207雷科","110/07/13","元大-博愛",0,17,-17
"10813","6207雷科","110/07/13","統一-台中",10,0,10
"10814","6207雷科","110/07/13","元大-北港",0,13,-13
"10815","6207雷科","110/07/13","群益金鼎-土城",10,0,10
"10816","6207雷科","110/07/13","新加坡商瑞銀",0,12,-12
"10817","6207雷科","110/07/13","群益金鼎-桃園",10,0,10
"10818","6207雷科","110/07/13","凱基-台北",4,16,-12
"10819","6207雷科","110/07/13","永豐金-新莊",10,0,10
"10820","6207雷科","110/07/13","日茂-埔里",0,11,-11
"10821","6207雷科","110/07/13","永豐金-新店",10,0,10
"10822","6207雷科","110/07/13","元大-莒光",0,11,-11
"10823","6207雷科","110/07/13","元大證券",9,0,9
"10824","6207雷科","110/07/13","統一-新竹",0,10,-10
"10825","6207雷科","110/07/13","日盛-木柵",9,1,8
"10826","6207雷科","110/07/13","元大-西螺",0,10,-10
"10827","6207雷科","110/07/13","兆豐-來福",8,0,8
"10828","6207雷科","110/07/13","康和-台中",0,8,-8
"10829","6207雷科","110/07/13","新光",7,0,7
"10830","6207雷科","110/07/13","兆豐-高雄",0,6,-6
"10831","3679新至陞","110/07/13","永豐金證券",50,0,50
"10832","3679新至陞","110/07/13","摩根大通",2,25,-23
"10833","3679新至陞","110/07/13","國泰-桃園",22,0,22
"10834","3679新至陞","110/07/13","元大-成功",0,22,-22
"10835","3679新至陞","110/07/13","台中銀-員林",11,0,11
"10836","3679新至陞","110/07/13","富邦-板橋",1,19,-18
"10837","3679新至陞","110/07/13","元大-文心興安",8,0,8
"10838","3679新至陞","110/07/13","日盛-新莊",0,10,-10
"10839","3679新至陞","110/07/13","美商高盛",6,0,6
"10840","3679新至陞","110/07/13","台新-台中",0,10,-10
"10841","3679新至陞","110/07/13","台新-高雄",6,0,6
"10842","3679新至陞","110/07/13","永豐金-新竹",0,8,-8
"10843","3679新至陞","110/07/13","凱基-台北",18,12,6
"10844","3679新至陞","110/07/13","瑞士信貸",12,19,-7
"10845","3679新至陞","110/07/13","日盛-復興",5,0,5
"10846","3679新至陞","110/07/13","統一-南京",0,7,-7
"10847","3679新至陞","110/07/13","(牛牛牛)亞-鑫豐",4,0,4
"10848","3679新至陞","110/07/13","凱基-新莊",0,7,-7
"10849","3679新至陞","110/07/13","元富-大昌",3,0,3
"10850","3679新至陞","110/07/13","新加坡商瑞銀",0,6,-6
"10851","3679新至陞","110/07/13","富邦-台北",3,0,3
"10852","3679新至陞","110/07/13","合庫-自強",0,5,-5
"10853","3679新至陞","110/07/13","日盛-樹林",2,0,2
"10854","3679新至陞","110/07/13","富邦-桃園",0,5,-5
"10855","3679新至陞","110/07/13","宏遠-光隆",2,0,2
"10856","3679新至陞","110/07/13","永豐金-潮州",0,4,-4
"10857","3679新至陞","110/07/13","美林",3,1,2
"10858","3679新至陞","110/07/13","臺銀-臺南",0,3,-3
"10859","3679新至陞","110/07/13","第一金-中壢",2,0,2
"10860","3679新至陞","110/07/13","元大-六合",0,3,-3
"10861","2727王品","110/07/13","富邦-台北",43,3,40
"10862","2727王品","110/07/13","台灣摩根士丹利",15,97,-82
"10863","2727王品","110/07/13","元大-基隆孝二",40,0,40
"10864","2727王品","110/07/13","玉山-台南",5,57,-52
"10865","2727王品","110/07/13","國票-新莊",40,1,39
"10866","2727王品","110/07/13","新加坡商瑞銀",0,48,-48
"10867","2727王品","110/07/13","第一金-豐原",66,42,24
"10868","2727王品","110/07/13","凱基-台北",41,77,-36
"10869","2727王品","110/07/13","永豐金-大園",34,10,24
"10870","2727王品","110/07/13","永豐金-永康",0,22,-22
"10871","2727王品","110/07/13","元大-北屯",22,0,22
"10872","2727王品","110/07/13","統一-台中",2,22,-20
"10873","2727王品","110/07/13","元大-東蘆",26,7,19
"10874","2727王品","110/07/13","國泰-台中",21,39,-18
"10875","2727王品","110/07/13","永豐金-萬盛",13,1,12
"10876","2727王品","110/07/13","合庫-彰化",3,20,-17
"10877","2727王品","110/07/13","日盛-嘉義",11,0,11
"10878","2727王品","110/07/13","港商野村",13,30,-17
"10879","2727王品","110/07/13","日盛-八德",11,0,11
"10880","2727王品","110/07/13","元大-楊梅",1,16,-15
"10881","2727王品","110/07/13","統一-竹南",11,0,11
"10882","2727王品","110/07/13","凱基-高美館",2,15,-13
"10883","2727王品","110/07/13","日盛-士林",12,2,10
"10884","2727王品","110/07/13","美商高盛",2,14,-12
"10885","2727王品","110/07/13","統一-敦南",10,0,10
"10886","2727王品","110/07/13","統一-平鎮",1,13,-12
"10887","2727王品","110/07/13","中國信託",15,5,10
"10888","2727王品","110/07/13","兆豐-台中港",4,16,-12
"10889","2727王品","110/07/13","兆豐-竹北",13,3,10
"10890","2727王品","110/07/13","凱基-八德",1,13,-12
"10891","1570力肯","110/07/13","新光",115,11,104
"10892","1570力肯","110/07/13","元大-北三重",0,162,-162
"10893","1570力肯","110/07/13","群益金鼎-高雄",54,0,54
"10894","1570力肯","110/07/13","元大-大灣",0,25,-25
"10895","1570力肯","110/07/13","國票-新莊",22,0,22
"10896","1570力肯","110/07/13","永豐金-苓雅",0,22,-22
"10897","1570力肯","110/07/13","日盛-桃園",12,0,12
"10898","1570力肯","110/07/13","永豐金-永康",0,19,-19
"10899","1570力肯","110/07/13","元大-高雄",12,0,12
"10900","1570力肯","110/07/13","富邦-員林",0,15,-15
"10901","1570力肯","110/07/13","合庫-自強",11,0,11
"10902","1570力肯","110/07/13","凱基-台南",0,11,-11
"10903","1570力肯","110/07/13","摩根大通",26,15,11
"10904","1570力肯","110/07/13","日盛-竹北",0,10,-10
"10905","1570力肯","110/07/13","永豐金-中盛",11,0,11
"10906","1570力肯","110/07/13","國票-九鼎",0,10,-10
"10907","1570力肯","110/07/13","兆豐-台中港",10,0,10
"10908","1570力肯","110/07/13","凱基-桃園",0,10,-10
"10909","1570力肯","110/07/13","國泰-松江",9,0,9
"10910","1570力肯","110/07/13","凱基-新豐",0,10,-10
"10911","1570力肯","110/07/13","元大-新盛",9,0,9
"10912","1570力肯","110/07/13","元大-學甲",0,10,-10
"10913","1570力肯","110/07/13","元富-緯城",6,0,6
"10914","1570力肯","110/07/13","群益金鼎-東湖",1,10,-9
"10915","1570力肯","110/07/13","統一-三重",5,0,5
"10916","1570力肯","110/07/13","大昌",0,6,-6
"10917","1570力肯","110/07/13","元大-前金",5,0,5
"10918","1570力肯","110/07/13","元大-土城學府",0,6,-6
"10919","1570力肯","110/07/13","永豐金證券",5,0,5
"10920","1570力肯","110/07/13","統一",0,5,-5
"10921","6180橘子","110/07/13","摩根大通",119,0,119
"10922","6180橘子","110/07/13","元大-崇德",2,61,-59
"10923","6180橘子","110/07/13","美商高盛",96,0,96
"10924","6180橘子","110/07/13","康和-台中",0,51,-51
"10925","6180橘子","110/07/13","新加坡商瑞銀",86,7,79
"10926","6180橘子","110/07/13","康和-台北",0,50,-50
"10927","6180橘子","110/07/13","元大-和平",40,0,40
"10928","6180橘子","110/07/13","元富-潮州",0,40,-40
"10929","6180橘子","110/07/13","凱基-台北",83,47,36
"10930","6180橘子","110/07/13","日盛-永康",0,26,-26
"10931","6180橘子","110/07/13","美林",39,5,34
"10932","6180橘子","110/07/13","永豐金-中正",0,24,-24
"10933","6180橘子","110/07/13","富邦-新竹華信",31,2,29
"10934","6180橘子","110/07/13","國泰-板橋",2,25,-23
"10935","6180橘子","110/07/13","統一-南京",21,0,21
"10936","6180橘子","110/07/13","日盛-大墩",0,20,-20
"10937","6180橘子","110/07/13","富邦-陽明",24,3,21
"10938","6180橘子","110/07/13","元大-草屯",13,32,-19
"10939","6180橘子","110/07/13","大昌-樹林",21,1,20
"10940","6180橘子","110/07/13","元富-林園",1,18,-17
"10941","6180橘子","110/07/13","花旗環球",19,0,19
"10942","6180橘子","110/07/13","新光-新竹",1,18,-17
"10943","6180橘子","110/07/13","華南永昌-台南",19,0,19
"10944","6180橘子","110/07/13","元大-土城永寧",0,17,-17
"10945","6180橘子","110/07/13","福勝",14,0,14
"10946","6180橘子","110/07/13","國泰-新莊",3,19,-16
"10947","6180橘子","110/07/13","富邦-嘉義",12,1,11
"10948","6180橘子","110/07/13","中國信託-永康",6,21,-15
"10949","6180橘子","110/07/13","元大-板橋三民",11,0,11
"10950","6180橘子","110/07/13","凱基-東港",1,15,-14
"10951","2390云辰","110/07/13","新加坡商瑞銀",562,75,487
"10952","2390云辰","110/07/13","大展-台南",0,532,-532
"10953","2390云辰","110/07/13","台灣摩根士丹利",330,155,175
"10954","2390云辰","110/07/13","凱基-台北",668,854,-186
"10955","2390云辰","110/07/13","兆豐-公益",126,25,101
"10956","2390云辰","110/07/13","凱基-三重",12,172,-160
"10957","2390云辰","110/07/13","元富-中港",100,2,98
"10958","2390云辰","110/07/13","兆豐-忠孝",4,161,-157
"10959","2390云辰","110/07/13","統一-新台中",106,9,97
"10960","2390云辰","110/07/13","元大-士林",19,170,-151
"10961","2390云辰","110/07/13","中國信託-松江",81,11,70
"10962","2390云辰","110/07/13","臺銀-新竹",14,117,-103
"10963","2390云辰","110/07/13","日盛-板橋",72,3,69
"10964","2390云辰","110/07/13","國票-台中",4,102,-98
"10965","2390云辰","110/07/13","日盛-和美",57,0,57
"10966","2390云辰","110/07/13","新光",147,232,-85
"10967","2390云辰","110/07/13","永豐金-桃園",88,36,52
"10968","2390云辰","110/07/13","致和-崇德",2,70,-68
"10969","2390云辰","110/07/13","玉山-士林",54,4,50
"10970","2390云辰","110/07/13","群益金鼎-屏東",2,70,-68
"10971","2390云辰","110/07/13","富邦-仁愛",56,6,50
"10972","2390云辰","110/07/13","元大-大里",35,98,-63
"10973","2390云辰","110/07/13","第一金-豐原",50,1,49
"10974","2390云辰","110/07/13","元大-萬華",35,94,-59
"10975","2390云辰","110/07/13","摩根大通",502,453,49
"10976","2390云辰","110/07/13","元富-吉利",2,60,-58
"10977","2390云辰","110/07/13","凱基-松山",61,13,48
"10978","2390云辰","110/07/13","兆豐-新竹",3,53,-50
"10979","2390云辰","110/07/13","大昌",64,22,42
"10980","2390云辰","110/07/13","富邦-嘉義",65,108,-43
"10981","2363矽統","110/07/13","凱基-南崁",2133,63,2070
"10982","2363矽統","110/07/13","凱基-幸福",36,4048,-4012
"10983","2363矽統","110/07/13","國泰-敦南",2195,1617,578
"10984","2363矽統","110/07/13","統一",192,3325,-3133
"10985","2363矽統","110/07/13","中農",670,139,531
"10986","2363矽統","110/07/13","新加坡商瑞銀",1000,2747,-1747
"10987","2363矽統","110/07/13","康和-台中",638,154,484
"10988","2363矽統","110/07/13","凱基-台北",5359,6609,-1250
"10989","2363矽統","110/07/13","群益金鼎-三民",577,137,440
"10990","2363矽統","110/07/13","摩根大通",1930,2858,-928
"10991","2363矽統","110/07/13","台新-屏東",510,88,422
"10992","2363矽統","110/07/13","港商野村",960,1679,-719
"10993","2363矽統","110/07/13","德信-中正",455,67,388
"10994","2363矽統","110/07/13","兆豐-復興",25,705,-680
"10995","2363矽統","110/07/13","日盛-竹北",365,70,295
"10996","2363矽統","110/07/13","統一-仁愛",114,755,-641
"10997","2363矽統","110/07/13","元大-佳里",452,189,263
"10998","2363矽統","110/07/13","統一-敦南",29,638,-609
"10999","2363矽統","110/07/13","國票-博愛",296,38,258
"11000","2363矽統","110/07/13","統一-土城",100,704,-604
"11001","2363矽統","110/07/13","元大-萬華",340,95,245
"11002","2363矽統","110/07/13","統一-城中",116,676,-560
"11003","2363矽統","110/07/13","新光",1259,1031,228
"11004","2363矽統","110/07/13","永豐金證券",306,859,-553
"11005","2363矽統","110/07/13","元富-成功",323,96,227
"11006","2363矽統","110/07/13","元富",54,567,-513
"11007","2363矽統","110/07/13","豐農",228,23,205
"11008","2363矽統","110/07/13","瑞士信貸",202,666,-464
"11009","2363矽統","110/07/13","台灣企銀-岡山",186,4,182
"11010","2363矽統","110/07/13","永豐金-嘉義",67,468,-401
"11011","8112至上","110/07/13","摩根大通",688,296,392
"11012","8112至上","110/07/13","國票-中和",0,401,-401
"11013","8112至上","110/07/13","港商野村",344,145,199
"11014","8112至上","110/07/13","永豐金-板盛",0,205,-205
"11015","8112至上","110/07/13","兆豐-公益",195,5,190
"11016","8112至上","110/07/13","凱基-五股",43,155,-112
"11017","8112至上","110/07/13","台灣摩根士丹利",183,0,183
"11018","8112至上","110/07/13","凱基-市政",0,100,-100
"11019","8112至上","110/07/13","群益金鼎-敦南",153,2,151
"11020","8112至上","110/07/13","元大-大里德芳",1,92,-91
"11021","8112至上","110/07/13","臺銀-金山",146,26,120
"11022","8112至上","110/07/13","玉山-桃園",26,110,-84
"11023","8112至上","110/07/13","臺銀",133,19,114
"11024","8112至上","110/07/13","兆豐-天母",0,81,-81
"11025","8112至上","110/07/13","合庫-台中",115,6,109
"11026","8112至上","110/07/13","凱基-城中",3,84,-81
"11027","8112至上","110/07/13","亞東-板橋",134,26,108
"11028","8112至上","110/07/13","日盛-新莊",9,85,-76
"11029","8112至上","110/07/13","凱基-台北",414,326,88
"11030","8112至上","110/07/13","日盛-台中",2,64,-62
"11031","8112至上","110/07/13","新加坡商瑞銀",181,100,81
"11032","8112至上","110/07/13","日盛-中壢",3,64,-61
"11033","8112至上","110/07/13","國泰-敦南",108,31,77
"11034","8112至上","110/07/13","元大-台中",2,59,-57
"11035","8112至上","110/07/13","第一金-華江",77,4,73
"11036","8112至上","110/07/13","元大-雙和",7,64,-57
"11037","8112至上","110/07/13","永豐金-內湖",73,1,72
"11038","8112至上","110/07/13","元大-高雄",8,62,-54
"11039","8112至上","110/07/13","元大-永和",68,1,67
"11040","8112至上","110/07/13","元大-館前",2,55,-53
"11041","2929淘帝","110/07/13","玉山-新竹",130,0,130
"11042","2929淘帝","110/07/13","美商高盛",0,177,-177
"11043","2929淘帝","110/07/13","臺銀-民權",60,0,60
"11044","2929淘帝","110/07/13","凱基-台北",6,80,-74
"11045","2929淘帝","110/07/13","新百王",31,0,31
"11046","2929淘帝","110/07/13","元富-大裕",0,49,-49
"11047","2929淘帝","110/07/13","日盛-園區",30,0,30
"11048","2929淘帝","110/07/13","國泰-館前",3,51,-48
"11049","2929淘帝","110/07/13","元大-南投",31,1,30
"11050","2929淘帝","110/07/13","凱基-中壢",0,41,-41
"11051","2929淘帝","110/07/13","兆豐-忠孝",28,0,28
"11052","2929淘帝","110/07/13","港商野村",21,55,-34
"11053","2929淘帝","110/07/13","元大-民生",28,0,28
"11054","2929淘帝","110/07/13","華南永昌-南京",2,34,-32
"11055","2929淘帝","110/07/13","合庫-高雄",27,0,27
"11056","2929淘帝","110/07/13","群益金鼎-土城",0,30,-30
"11057","2929淘帝","110/07/13","凱基-豐中",27,0,27
"11058","2929淘帝","110/07/13","富邦-南屯",0,22,-22
"11059","2929淘帝","110/07/13","新光",21,4,17
"11060","2929淘帝","110/07/13","第一金-豐原",0,20,-20
"11061","2929淘帝","110/07/13","元大-天母",17,0,17
"11062","2929淘帝","110/07/13","元大-屏南",6,26,-20
"11063","2929淘帝","110/07/13","永興",14,0,14
"11064","2929淘帝","110/07/13","永豐金-敦南",1,21,-20
"11065","2929淘帝","110/07/13","富邦-台北",12,0,12
"11066","2929淘帝","110/07/13","凱基-三重",2,21,-19
"11067","2929淘帝","110/07/13","元大-永和",12,0,12
"11068","2929淘帝","110/07/13","富邦-仁愛",7,25,-18
"11069","2929淘帝","110/07/13","國票-天祥",11,0,11
"11070","2929淘帝","110/07/13","元大-北投",0,16,-16
"11071","5410國眾","110/07/13","兆豐-城中",274,0,274
"11072","5410國眾","110/07/13","元富-嘉義",0,103,-103
"11073","5410國眾","110/07/13","新光",50,4,46
"11074","5410國眾","110/07/13","凱基-台北",0,50,-50
"11075","5410國眾","110/07/13","國泰-台中",26,0,26
"11076","5410國眾","110/07/13","瑞士信貸",0,31,-31
"11077","5410國眾","110/07/13","新加坡商瑞銀",22,0,22
"11078","5410國眾","110/07/13","台新-新莊",0,27,-27
"11079","5410國眾","110/07/13","光和-嘉義",20,0,20
"11080","5410國眾","110/07/13","元大-汐止",0,20,-20
"11081","5410國眾","110/07/13","凱基-竹北",17,0,17
"11082","5410國眾","110/07/13","亞東-新竹",0,17,-17
"11083","5410國眾","110/07/13","新光-桃園",15,0,15
"11084","5410國眾","110/07/13","元大-南勢角",0,13,-13
"11085","5410國眾","110/07/13","凱基-台東",14,0,14
"11086","5410國眾","110/07/13","台新-台南",0,12,-12
"11087","5410國眾","110/07/13","富邦-竹北",11,0,11
"11088","5410國眾","110/07/13","中國信託",0,11,-11
"11089","5410國眾","110/07/13","元富-同大",10,0,10
"11090","5410國眾","110/07/13","華南永昌",0,11,-11
"11091","5410國眾","110/07/13","國泰-敦南",24,15,9
"11092","5410國眾","110/07/13","臺銀-臺南",0,10,-10
"11093","5410國眾","110/07/13","日盛-內湖",7,0,7
"11094","5410國眾","110/07/13","台灣企銀-民雄",0,10,-10
"11095","5410國眾","110/07/13","台新-左楠",7,0,7
"11096","5410國眾","110/07/13","高橋",0,10,-10
"11097","5410國眾","110/07/13","元大-新盛",18,12,6
"11098","5410國眾","110/07/13","康和-嘉義",0,10,-10
"11099","5410國眾","110/07/13","統一",5,0,5
"11100","5410國眾","110/07/13","凱基-基隆",0,10,-10
"11101","2841台開","110/07/13","中國信託-高雄",251,50,201
"11102","2841台開","110/07/13","兆豐-公益",0,177,-177
"11103","2841台開","110/07/13","日盛證券",210,13,197
"11104","2841台開","110/07/13","日進",0,152,-152
"11105","2841台開","110/07/13","第一金-台中",55,0,55
"11106","2841台開","110/07/13","港商野村",0,109,-109
"11107","2841台開","110/07/13","國泰-板橋",46,0,46
"11108","2841台開","110/07/13","日盛-信義",0,103,-103
"11109","2841台開","110/07/13","國泰-館前",48,3,45
"11110","2841台開","110/07/13","國泰-敦南",11,75,-64
"11111","2841台開","110/07/13","華南永昌-新莊",45,0,45
"11112","2841台開","110/07/13","永興",0,50,-50
"11113","2841台開","110/07/13","日盛-園區",42,0,42
"11114","2841台開","110/07/13","永豐金-敦南",61,104,-43
"11115","2841台開","110/07/13","台新證券",32,0,32
"11116","2841台開","110/07/13","富邦-台南",0,42,-42
"11117","2841台開","110/07/13","台新-高雄",32,2,30
"11118","2841台開","110/07/13","國票-安和",0,30,-30
"11119","2841台開","110/07/13","豐農",23,0,23
"11120","2841台開","110/07/13","元大-桃園",0,25,-25
"11121","2841台開","110/07/13","合庫-嘉義",20,0,20
"11122","2841台開","110/07/13","新光",8,32,-24
"11123","2841台開","110/07/13","華南永昌-高雄",20,0,20
"11124","2841台開","110/07/13","元大-仁愛",0,24,-24
"11125","2841台開","110/07/13","元大-樹林",16,0,16
"11126","2841台開","110/07/13","日盛-中和",0,20,-20
"11127","2841台開","110/07/13","第一金-華江",15,2,13
"11128","2841台開","110/07/13","元富",0,20,-20
"11129","2841台開","110/07/13","美商高盛",12,0,12
"11130","2841台開","110/07/13","富邦-宜蘭",0,20,-20
"11131","6207雷科","110/07/13","元大-高雄",121,0,121
"11132","6207雷科","110/07/13","華南永昌-朴子",1,60,-59
"11133","6207雷科","110/07/13","第一金-新興",20,0,20
"11134","6207雷科","110/07/13","元大-南海",0,36,-36
"11135","6207雷科","110/07/13","元富-三重",20,0,20
"11136","6207雷科","110/07/13","凱基-土城",0,35,-35
"11137","6207雷科","110/07/13","元大-林園",15,0,15
"11138","6207雷科","110/07/13","台灣企銀",0,20,-20
"11139","6207雷科","110/07/13","元大-金華",16,1,15
"11140","6207雷科","110/07/13","群益金鼎-丹鳳",0,20,-20
"11141","6207雷科","110/07/13","日盛證券",10,0,10
"11142","6207雷科","110/07/13","元大-博愛",0,17,-17
"11143","6207雷科","110/07/13","統一-台中",10,0,10
"11144","6207雷科","110/07/13","元大-北港",0,13,-13
"11145","6207雷科","110/07/13","群益金鼎-土城",10,0,10
"11146","6207雷科","110/07/13","新加坡商瑞銀",0,12,-12
"11147","6207雷科","110/07/13","群益金鼎-桃園",10,0,10
"11148","6207雷科","110/07/13","凱基-台北",4,16,-12
"11149","6207雷科","110/07/13","永豐金-新莊",10,0,10
"11150","6207雷科","110/07/13","日茂-埔里",0,11,-11
"11151","6207雷科","110/07/13","永豐金-新店",10,0,10
"11152","6207雷科","110/07/13","元大-莒光",0,11,-11
"11153","6207雷科","110/07/13","元大證券",9,0,9
"11154","6207雷科","110/07/13","統一-新竹",0,10,-10
"11155","6207雷科","110/07/13","日盛-木柵",9,1,8
"11156","6207雷科","110/07/13","元大-西螺",0,10,-10
"11157","6207雷科","110/07/13","兆豐-來福",8,0,8
"11158","6207雷科","110/07/13","康和-台中",0,8,-8
"11159","6207雷科","110/07/13","新光",7,0,7
"11160","6207雷科","110/07/13","兆豐-高雄",0,6,-6
"11161","3679新至陞","110/07/13","永豐金證券",50,0,50
"11162","3679新至陞","110/07/13","摩根大通",2,25,-23
"11163","3679新至陞","110/07/13","國泰-桃園",22,0,22
"11164","3679新至陞","110/07/13","元大-成功",0,22,-22
"11165","3679新至陞","110/07/13","台中銀-員林",11,0,11
"11166","3679新至陞","110/07/13","富邦-板橋",1,19,-18
"11167","3679新至陞","110/07/13","元大-文心興安",8,0,8
"11168","3679新至陞","110/07/13","日盛-新莊",0,10,-10
"11169","3679新至陞","110/07/13","美商高盛",6,0,6
"11170","3679新至陞","110/07/13","台新-台中",0,10,-10
"11171","3679新至陞","110/07/13","台新-高雄",6,0,6
"11172","3679新至陞","110/07/13","永豐金-新竹",0,8,-8
"11173","3679新至陞","110/07/13","凱基-台北",18,12,6
"11174","3679新至陞","110/07/13","瑞士信貸",12,19,-7
"11175","3679新至陞","110/07/13","日盛-復興",5,0,5
"11176","3679新至陞","110/07/13","統一-南京",0,7,-7
"11177","3679新至陞","110/07/13","(牛牛牛)亞-鑫豐",4,0,4
"11178","3679新至陞","110/07/13","凱基-新莊",0,7,-7
"11179","3679新至陞","110/07/13","元富-大昌",3,0,3
"11180","3679新至陞","110/07/13","新加坡商瑞銀",0,6,-6
"11181","3679新至陞","110/07/13","富邦-台北",3,0,3
"11182","3679新至陞","110/07/13","合庫-自強",0,5,-5
"11183","3679新至陞","110/07/13","日盛-樹林",2,0,2
"11184","3679新至陞","110/07/13","富邦-桃園",0,5,-5
"11185","3679新至陞","110/07/13","宏遠-光隆",2,0,2
"11186","3679新至陞","110/07/13","永豐金-潮州",0,4,-4
"11187","3679新至陞","110/07/13","美林",3,1,2
"11188","3679新至陞","110/07/13","臺銀-臺南",0,3,-3
"11189","3679新至陞","110/07/13","第一金-中壢",2,0,2
"11190","3679新至陞","110/07/13","元大-六合",0,3,-3
"11191","2727王品","110/07/13","富邦-台北",43,3,40
"11192","2727王品","110/07/13","台灣摩根士丹利",15,97,-82
"11193","2727王品","110/07/13","元大-基隆孝二",40,0,40
"11194","2727王品","110/07/13","玉山-台南",5,57,-52
"11195","2727王品","110/07/13","國票-新莊",40,1,39
"11196","2727王品","110/07/13","新加坡商瑞銀",0,48,-48
"11197","2727王品","110/07/13","第一金-豐原",66,42,24
"11198","2727王品","110/07/13","凱基-台北",41,77,-36
"11199","2727王品","110/07/13","永豐金-大園",34,10,24
"11200","2727王品","110/07/13","永豐金-永康",0,22,-22
"11201","2727王品","110/07/13","元大-北屯",22,0,22
"11202","2727王品","110/07/13","統一-台中",2,22,-20
"11203","2727王品","110/07/13","元大-東蘆",26,7,19
"11204","2727王品","110/07/13","國泰-台中",21,39,-18
"11205","2727王品","110/07/13","永豐金-萬盛",13,1,12
"11206","2727王品","110/07/13","合庫-彰化",3,20,-17
"11207","2727王品","110/07/13","日盛-嘉義",11,0,11
"11208","2727王品","110/07/13","港商野村",13,30,-17
"11209","2727王品","110/07/13","日盛-八德",11,0,11
"11210","2727王品","110/07/13","元大-楊梅",1,16,-15
"11211","2727王品","110/07/13","統一-竹南",11,0,11
"11212","2727王品","110/07/13","凱基-高美館",2,15,-13
"11213","2727王品","110/07/13","日盛-士林",12,2,10
"11214","2727王品","110/07/13","美商高盛",2,14,-12
"11215","2727王品","110/07/13","統一-敦南",10,0,10
"11216","2727王品","110/07/13","統一-平鎮",1,13,-12
"11217","2727王品","110/07/13","中國信託",15,5,10
"11218","2727王品","110/07/13","兆豐-台中港",4,16,-12
"11219","2727王品","110/07/13","兆豐-竹北",13,3,10
"11220","2727王品","110/07/13","凱基-八德",1,13,-12
"11221","1570力肯","110/07/13","新光",115,11,104
"11222","1570力肯","110/07/13","元大-北三重",0,162,-162
"11223","1570力肯","110/07/13","群益金鼎-高雄",54,0,54
"11224","1570力肯","110/07/13","元大-大灣",0,25,-25
"11225","1570力肯","110/07/13","國票-新莊",22,0,22
"11226","1570力肯","110/07/13","永豐金-苓雅",0,22,-22
"11227","1570力肯","110/07/13","日盛-桃園",12,0,12
"11228","1570力肯","110/07/13","永豐金-永康",0,19,-19
"11229","1570力肯","110/07/13","元大-高雄",12,0,12
"11230","1570力肯","110/07/13","富邦-員林",0,15,-15
"11231","1570力肯","110/07/13","合庫-自強",11,0,11
"11232","1570力肯","110/07/13","凱基-台南",0,11,-11
"11233","1570力肯","110/07/13","摩根大通",26,15,11
"11234","1570力肯","110/07/13","日盛-竹北",0,10,-10
"11235","1570力肯","110/07/13","永豐金-中盛",11,0,11
"11236","1570力肯","110/07/13","國票-九鼎",0,10,-10
"11237","1570力肯","110/07/13","兆豐-台中港",10,0,10
"11238","1570力肯","110/07/13","凱基-桃園",0,10,-10
"11239","1570力肯","110/07/13","國泰-松江",9,0,9
"11240","1570力肯","110/07/13","凱基-新豐",0,10,-10
"11241","1570力肯","110/07/13","元大-新盛",9,0,9
"11242","1570力肯","110/07/13","元大-學甲",0,10,-10
"11243","1570力肯","110/07/13","元富-緯城",6,0,6
"11244","1570力肯","110/07/13","群益金鼎-東湖",1,10,-9
"11245","1570力肯","110/07/13","統一-三重",5,0,5
"11246","1570力肯","110/07/13","大昌",0,6,-6
"11247","1570力肯","110/07/13","元大-前金",5,0,5
"11248","1570力肯","110/07/13","元大-土城學府",0,6,-6
"11249","1570力肯","110/07/13","永豐金證券",5,0,5
"11250","1570力肯","110/07/13","統一",0,5,-5
"11251","6180橘子","110/07/13","摩根大通",119,0,119
"11252","6180橘子","110/07/13","元大-崇德",2,61,-59
"11253","6180橘子","110/07/13","美商高盛",96,0,96
"11254","6180橘子","110/07/13","康和-台中",0,51,-51
"11255","6180橘子","110/07/13","新加坡商瑞銀",86,7,79
"11256","6180橘子","110/07/13","康和-台北",0,50,-50
"11257","6180橘子","110/07/13","元大-和平",40,0,40
"11258","6180橘子","110/07/13","元富-潮州",0,40,-40
"11259","6180橘子","110/07/13","凱基-台北",83,47,36
"11260","6180橘子","110/07/13","日盛-永康",0,26,-26
"11261","6180橘子","110/07/13","美林",39,5,34
"11262","6180橘子","110/07/13","永豐金-中正",0,24,-24
"11263","6180橘子","110/07/13","富邦-新竹華信",31,2,29
"11264","6180橘子","110/07/13","國泰-板橋",2,25,-23
"11265","6180橘子","110/07/13","統一-南京",21,0,21
"11266","6180橘子","110/07/13","日盛-大墩",0,20,-20
"11267","6180橘子","110/07/13","富邦-陽明",24,3,21
"11268","6180橘子","110/07/13","元大-草屯",13,32,-19
"11269","6180橘子","110/07/13","大昌-樹林",21,1,20
"11270","6180橘子","110/07/13","元富-林園",1,18,-17
"11271","6180橘子","110/07/13","花旗環球",19,0,19
"11272","6180橘子","110/07/13","新光-新竹",1,18,-17
"11273","6180橘子","110/07/13","華南永昌-台南",19,0,19
"11274","6180橘子","110/07/13","元大-土城永寧",0,17,-17
"11275","6180橘子","110/07/13","福勝",14,0,14
"11276","6180橘子","110/07/13","國泰-新莊",3,19,-16
"11277","6180橘子","110/07/13","富邦-嘉義",12,1,11
"11278","6180橘子","110/07/13","中國信託-永康",6,21,-15
"11279","6180橘子","110/07/13","元大-板橋三民",11,0,11
"11280","6180橘子","110/07/13","凱基-東港",1,15,-14
"11281","2390云辰","110/07/13","新加坡商瑞銀",562,75,487
"11282","2390云辰","110/07/13","大展-台南",0,532,-532
"11283","2390云辰","110/07/13","台灣摩根士丹利",330,155,175
"11284","2390云辰","110/07/13","凱基-台北",668,854,-186
"11285","2390云辰","110/07/13","兆豐-公益",126,25,101
"11286","2390云辰","110/07/13","凱基-三重",12,172,-160
"11287","2390云辰","110/07/13","元富-中港",100,2,98
"11288","2390云辰","110/07/13","兆豐-忠孝",4,161,-157
"11289","2390云辰","110/07/13","統一-新台中",106,9,97
"11290","2390云辰","110/07/13","元大-士林",19,170,-151
"11291","2390云辰","110/07/13","中國信託-松江",81,11,70
"11292","2390云辰","110/07/13","臺銀-新竹",14,117,-103
"11293","2390云辰","110/07/13","日盛-板橋",72,3,69
"11294","2390云辰","110/07/13","國票-台中",4,102,-98
"11295","2390云辰","110/07/13","日盛-和美",57,0,57
"11296","2390云辰","110/07/13","新光",147,232,-85
"11297","2390云辰","110/07/13","永豐金-桃園",88,36,52
"11298","2390云辰","110/07/13","致和-崇德",2,70,-68
"11299","2390云辰","110/07/13","玉山-士林",54,4,50
"11300","2390云辰","110/07/13","群益金鼎-屏東",2,70,-68
"11301","2390云辰","110/07/13","富邦-仁愛",56,6,50
"11302","2390云辰","110/07/13","元大-大里",35,98,-63
"11303","2390云辰","110/07/13","第一金-豐原",50,1,49
"11304","2390云辰","110/07/13","元大-萬華",35,94,-59
"11305","2390云辰","110/07/13","摩根大通",502,453,49
"11306","2390云辰","110/07/13","元富-吉利",2,60,-58
"11307","2390云辰","110/07/13","凱基-松山",61,13,48
"11308","2390云辰","110/07/13","兆豐-新竹",3,53,-50
"11309","2390云辰","110/07/13","大昌",64,22,42
"11310","2390云辰","110/07/13","富邦-嘉義",65,108,-43
"11311","2363矽統","110/07/13","凱基-南崁",2133,63,2070
"11312","2363矽統","110/07/13","凱基-幸福",36,4048,-4012
"11313","2363矽統","110/07/13","國泰-敦南",2195,1617,578
"11314","2363矽統","110/07/13","統一",192,3325,-3133
"11315","2363矽統","110/07/13","中農",670,139,531
"11316","2363矽統","110/07/13","新加坡商瑞銀",1000,2747,-1747
"11317","2363矽統","110/07/13","康和-台中",638,154,484
"11318","2363矽統","110/07/13","凱基-台北",5359,6609,-1250
"11319","2363矽統","110/07/13","群益金鼎-三民",577,137,440
"11320","2363矽統","110/07/13","摩根大通",1930,2858,-928
"11321","2363矽統","110/07/13","台新-屏東",510,88,422
"11322","2363矽統","110/07/13","港商野村",960,1679,-719
"11323","2363矽統","110/07/13","德信-中正",455,67,388
"11324","2363矽統","110/07/13","兆豐-復興",25,705,-680
"11325","2363矽統","110/07/13","日盛-竹北",365,70,295
"11326","2363矽統","110/07/13","統一-仁愛",114,755,-641
"11327","2363矽統","110/07/13","元大-佳里",452,189,263
"11328","2363矽統","110/07/13","統一-敦南",29,638,-609
"11329","2363矽統","110/07/13","國票-博愛",296,38,258
"11330","2363矽統","110/07/13","統一-土城",100,704,-604
"11331","2363矽統","110/07/13","元大-萬華",340,95,245
"11332","2363矽統","110/07/13","統一-城中",116,676,-560
"11333","2363矽統","110/07/13","新光",1259,1031,228
"11334","2363矽統","110/07/13","永豐金證券",306,859,-553
"11335","2363矽統","110/07/13","元富-成功",323,96,227
"11336","2363矽統","110/07/13","元富",54,567,-513
"11337","2363矽統","110/07/13","豐農",228,23,205
"11338","2363矽統","110/07/13","瑞士信貸",202,666,-464
"11339","2363矽統","110/07/13","台灣企銀-岡山",186,4,182
"11340","2363矽統","110/07/13","永豐金-嘉義",67,468,-401
"11341","8112至上","110/07/13","摩根大通",688,296,392
"11342","8112至上","110/07/13","國票-中和",0,401,-401
"11343","8112至上","110/07/13","港商野村",344,145,199
"11344","8112至上","110/07/13","永豐金-板盛",0,205,-205
"11345","8112至上","110/07/13","兆豐-公益",195,5,190
"11346","8112至上","110/07/13","凱基-五股",43,155,-112
"11347","8112至上","110/07/13","台灣摩根士丹利",183,0,183
"11348","8112至上","110/07/13","凱基-市政",0,100,-100
"11349","8112至上","110/07/13","群益金鼎-敦南",153,2,151
"11350","8112至上","110/07/13","元大-大里德芳",1,92,-91
"11351","8112至上","110/07/13","臺銀-金山",146,26,120
"11352","8112至上","110/07/13","玉山-桃園",26,110,-84
"11353","8112至上","110/07/13","臺銀",133,19,114
"11354","8112至上","110/07/13","兆豐-天母",0,81,-81
"11355","8112至上","110/07/13","合庫-台中",115,6,109
"11356","8112至上","110/07/13","凱基-城中",3,84,-81
"11357","8112至上","110/07/13","亞東-板橋",134,26,108
"11358","8112至上","110/07/13","日盛-新莊",9,85,-76
"11359","8112至上","110/07/13","凱基-台北",414,326,88
"11360","8112至上","110/07/13","日盛-台中",2,64,-62
"11361","8112至上","110/07/13","新加坡商瑞銀",181,100,81
"11362","8112至上","110/07/13","日盛-中壢",3,64,-61
"11363","8112至上","110/07/13","國泰-敦南",108,31,77
"11364","8112至上","110/07/13","元大-台中",2,59,-57
"11365","8112至上","110/07/13","第一金-華江",77,4,73
"11366","8112至上","110/07/13","元大-雙和",7,64,-57
"11367","8112至上","110/07/13","永豐金-內湖",73,1,72
"11368","8112至上","110/07/13","元大-高雄",8,62,-54
"11369","8112至上","110/07/13","元大-永和",68,1,67
"11370","8112至上","110/07/13","元大-館前",2,55,-53
"11371","2929淘帝","110/07/13","玉山-新竹",130,0,130
"11372","2929淘帝","110/07/13","美商高盛",0,177,-177
"11373","2929淘帝","110/07/13","臺銀-民權",60,0,60
"11374","2929淘帝","110/07/13","凱基-台北",6,80,-74
"11375","2929淘帝","110/07/13","新百王",31,0,31
"11376","2929淘帝","110/07/13","元富-大裕",0,49,-49
"11377","2929淘帝","110/07/13","日盛-園區",30,0,30
"11378","2929淘帝","110/07/13","國泰-館前",3,51,-48
"11379","2929淘帝","110/07/13","元大-南投",31,1,30
"11380","2929淘帝","110/07/13","凱基-中壢",0,41,-41
"11381","2929淘帝","110/07/13","兆豐-忠孝",28,0,28
"11382","2929淘帝","110/07/13","港商野村",21,55,-34
"11383","2929淘帝","110/07/13","元大-民生",28,0,28
"11384","2929淘帝","110/07/13","華南永昌-南京",2,34,-32
"11385","2929淘帝","110/07/13","合庫-高雄",27,0,27
"11386","2929淘帝","110/07/13","群益金鼎-土城",0,30,-30
"11387","2929淘帝","110/07/13","凱基-豐中",27,0,27
"11388","2929淘帝","110/07/13","富邦-南屯",0,22,-22
"11389","2929淘帝","110/07/13","新光",21,4,17
"11390","2929淘帝","110/07/13","第一金-豐原",0,20,-20
"11391","2929淘帝","110/07/13","元大-天母",17,0,17
"11392","2929淘帝","110/07/13","元大-屏南",6,26,-20
"11393","2929淘帝","110/07/13","永興",14,0,14
"11394","2929淘帝","110/07/13","永豐金-敦南",1,21,-20
"11395","2929淘帝","110/07/13","富邦-台北",12,0,12
"11396","2929淘帝","110/07/13","凱基-三重",2,21,-19
"11397","2929淘帝","110/07/13","元大-永和",12,0,12
"11398","2929淘帝","110/07/13","富邦-仁愛",7,25,-18
"11399","2929淘帝","110/07/13","國票-天祥",11,0,11
"11400","2929淘帝","110/07/13","元大-北投",0,16,-16
"11401","5410國眾","110/07/13","兆豐-城中",274,0,274
"11402","5410國眾","110/07/13","元富-嘉義",0,103,-103
"11403","5410國眾","110/07/13","新光",50,4,46
"11404","5410國眾","110/07/13","凱基-台北",0,50,-50
"11405","5410國眾","110/07/13","國泰-台中",26,0,26
"11406","5410國眾","110/07/13","瑞士信貸",0,31,-31
"11407","5410國眾","110/07/13","新加坡商瑞銀",22,0,22
"11408","5410國眾","110/07/13","台新-新莊",0,27,-27
"11409","5410國眾","110/07/13","光和-嘉義",20,0,20
"11410","5410國眾","110/07/13","元大-汐止",0,20,-20
"11411","5410國眾","110/07/13","凱基-竹北",17,0,17
"11412","5410國眾","110/07/13","亞東-新竹",0,17,-17
"11413","5410國眾","110/07/13","新光-桃園",15,0,15
"11414","5410國眾","110/07/13","元大-南勢角",0,13,-13
"11415","5410國眾","110/07/13","凱基-台東",14,0,14
"11416","5410國眾","110/07/13","台新-台南",0,12,-12
"11417","5410國眾","110/07/13","富邦-竹北",11,0,11
"11418","5410國眾","110/07/13","中國信託",0,11,-11
"11419","5410國眾","110/07/13","元富-同大",10,0,10
"11420","5410國眾","110/07/13","華南永昌",0,11,-11
"11421","5410國眾","110/07/13","國泰-敦南",24,15,9
"11422","5410國眾","110/07/13","臺銀-臺南",0,10,-10
"11423","5410國眾","110/07/13","日盛-內湖",7,0,7
"11424","5410國眾","110/07/13","台灣企銀-民雄",0,10,-10
"11425","5410國眾","110/07/13","台新-左楠",7,0,7
"11426","5410國眾","110/07/13","高橋",0,10,-10
"11427","5410國眾","110/07/13","元大-新盛",18,12,6
"11428","5410國眾","110/07/13","康和-嘉義",0,10,-10
"11429","5410國眾","110/07/13","統一",5,0,5
"11430","5410國眾","110/07/13","凱基-基隆",0,10,-10
"11431","2841台開","110/07/13","中國信託-高雄",251,50,201
"11432","2841台開","110/07/13","兆豐-公益",0,177,-177
"11433","2841台開","110/07/13","日盛證券",210,13,197
"11434","2841台開","110/07/13","日進",0,152,-152
"11435","2841台開","110/07/13","第一金-台中",55,0,55
"11436","2841台開","110/07/13","港商野村",0,109,-109
"11437","2841台開","110/07/13","國泰-板橋",46,0,46
"11438","2841台開","110/07/13","日盛-信義",0,103,-103
"11439","2841台開","110/07/13","國泰-館前",48,3,45
"11440","2841台開","110/07/13","國泰-敦南",11,75,-64
"11441","2841台開","110/07/13","華南永昌-新莊",45,0,45
"11442","2841台開","110/07/13","永興",0,50,-50
"11443","2841台開","110/07/13","日盛-園區",42,0,42
"11444","2841台開","110/07/13","永豐金-敦南",61,104,-43
"11445","2841台開","110/07/13","台新證券",32,0,32
"11446","2841台開","110/07/13","富邦-台南",0,42,-42
"11447","2841台開","110/07/13","台新-高雄",32,2,30
"11448","2841台開","110/07/13","國票-安和",0,30,-30
"11449","2841台開","110/07/13","豐農",23,0,23
"11450","2841台開","110/07/13","元大-桃園",0,25,-25
"11451","2841台開","110/07/13","合庫-嘉義",20,0,20
"11452","2841台開","110/07/13","新光",8,32,-24
"11453","2841台開","110/07/13","華南永昌-高雄",20,0,20
"11454","2841台開","110/07/13","元大-仁愛",0,24,-24
"11455","2841台開","110/07/13","元大-樹林",16,0,16
"11456","2841台開","110/07/13","日盛-中和",0,20,-20
"11457","2841台開","110/07/13","第一金-華江",15,2,13
"11458","2841台開","110/07/13","元富",0,20,-20
"11459","2841台開","110/07/13","美商高盛",12,0,12
"11460","2841台開","110/07/13","富邦-宜蘭",0,20,-20
"11461","6207雷科","110/07/13","元大-高雄",121,0,121
"11462","6207雷科","110/07/13","華南永昌-朴子",1,60,-59
"11463","6207雷科","110/07/13","第一金-新興",20,0,20
"11464","6207雷科","110/07/13","元大-南海",0,36,-36
"11465","6207雷科","110/07/13","元富-三重",20,0,20
"11466","6207雷科","110/07/13","凱基-土城",0,35,-35
"11467","6207雷科","110/07/13","元大-林園",15,0,15
"11468","6207雷科","110/07/13","台灣企銀",0,20,-20
"11469","6207雷科","110/07/13","元大-金華",16,1,15
"11470","6207雷科","110/07/13","群益金鼎-丹鳳",0,20,-20
"11471","6207雷科","110/07/13","日盛證券",10,0,10
"11472","6207雷科","110/07/13","元大-博愛",0,17,-17
"11473","6207雷科","110/07/13","統一-台中",10,0,10
"11474","6207雷科","110/07/13","元大-北港",0,13,-13
"11475","6207雷科","110/07/13","群益金鼎-土城",10,0,10
"11476","6207雷科","110/07/13","新加坡商瑞銀",0,12,-12
"11477","6207雷科","110/07/13","群益金鼎-桃園",10,0,10
"11478","6207雷科","110/07/13","凱基-台北",4,16,-12
"11479","6207雷科","110/07/13","永豐金-新莊",10,0,10
"11480","6207雷科","110/07/13","日茂-埔里",0,11,-11
"11481","6207雷科","110/07/13","永豐金-新店",10,0,10
"11482","6207雷科","110/07/13","元大-莒光",0,11,-11
"11483","6207雷科","110/07/13","元大證券",9,0,9
"11484","6207雷科","110/07/13","統一-新竹",0,10,-10
"11485","6207雷科","110/07/13","日盛-木柵",9,1,8
"11486","6207雷科","110/07/13","元大-西螺",0,10,-10
"11487","6207雷科","110/07/13","兆豐-來福",8,0,8
"11488","6207雷科","110/07/13","康和-台中",0,8,-8
"11489","6207雷科","110/07/13","新光",7,0,7
"11490","6207雷科","110/07/13","兆豐-高雄",0,6,-6
"11491","3679新至陞","110/07/13","永豐金證券",50,0,50
"11492","3679新至陞","110/07/13","摩根大通",2,25,-23
"11493","3679新至陞","110/07/13","國泰-桃園",22,0,22
"11494","3679新至陞","110/07/13","元大-成功",0,22,-22
"11495","3679新至陞","110/07/13","台中銀-員林",11,0,11
"11496","3679新至陞","110/07/13","富邦-板橋",1,19,-18
"11497","3679新至陞","110/07/13","元大-文心興安",8,0,8
"11498","3679新至陞","110/07/13","日盛-新莊",0,10,-10
"11499","3679新至陞","110/07/13","美商高盛",6,0,6
"11500","3679新至陞","110/07/13","台新-台中",0,10,-10
"11501","3679新至陞","110/07/13","台新-高雄",6,0,6
"11502","3679新至陞","110/07/13","永豐金-新竹",0,8,-8
"11503","3679新至陞","110/07/13","凱基-台北",18,12,6
"11504","3679新至陞","110/07/13","瑞士信貸",12,19,-7
"11505","3679新至陞","110/07/13","日盛-復興",5,0,5
"11506","3679新至陞","110/07/13","統一-南京",0,7,-7
"11507","3679新至陞","110/07/13","(牛牛牛)亞-鑫豐",4,0,4
"11508","3679新至陞","110/07/13","凱基-新莊",0,7,-7
"11509","3679新至陞","110/07/13","元富-大昌",3,0,3
"11510","3679新至陞","110/07/13","新加坡商瑞銀",0,6,-6
"11511","3679新至陞","110/07/13","富邦-台北",3,0,3
"11512","3679新至陞","110/07/13","合庫-自強",0,5,-5
"11513","3679新至陞","110/07/13","日盛-樹林",2,0,2
"11514","3679新至陞","110/07/13","富邦-桃園",0,5,-5
"11515","3679新至陞","110/07/13","宏遠-光隆",2,0,2
"11516","3679新至陞","110/07/13","永豐金-潮州",0,4,-4
"11517","3679新至陞","110/07/13","美林",3,1,2
"11518","3679新至陞","110/07/13","臺銀-臺南",0,3,-3
"11519","3679新至陞","110/07/13","第一金-中壢",2,0,2
"11520","3679新至陞","110/07/13","元大-六合",0,3,-3
"11521","2727王品","110/07/13","富邦-台北",43,3,40
"11522","2727王品","110/07/13","台灣摩根士丹利",15,97,-82
"11523","2727王品","110/07/13","元大-基隆孝二",40,0,40
"11524","2727王品","110/07/13","玉山-台南",5,57,-52
"11525","2727王品","110/07/13","國票-新莊",40,1,39
"11526","2727王品","110/07/13","新加坡商瑞銀",0,48,-48
"11527","2727王品","110/07/13","第一金-豐原",66,42,24
"11528","2727王品","110/07/13","凱基-台北",41,77,-36
"11529","2727王品","110/07/13","永豐金-大園",34,10,24
"11530","2727王品","110/07/13","永豐金-永康",0,22,-22
"11531","2727王品","110/07/13","元大-北屯",22,0,22
"11532","2727王品","110/07/13","統一-台中",2,22,-20
"11533","2727王品","110/07/13","元大-東蘆",26,7,19
"11534","2727王品","110/07/13","國泰-台中",21,39,-18
"11535","2727王品","110/07/13","永豐金-萬盛",13,1,12
"11536","2727王品","110/07/13","合庫-彰化",3,20,-17
"11537","2727王品","110/07/13","日盛-嘉義",11,0,11
"11538","2727王品","110/07/13","港商野村",13,30,-17
"11539","2727王品","110/07/13","日盛-八德",11,0,11
"11540","2727王品","110/07/13","元大-楊梅",1,16,-15
"11541","2727王品","110/07/13","統一-竹南",11,0,11
"11542","2727王品","110/07/13","凱基-高美館",2,15,-13
"11543","2727王品","110/07/13","日盛-士林",12,2,10
"11544","2727王品","110/07/13","美商高盛",2,14,-12
"11545","2727王品","110/07/13","統一-敦南",10,0,10
"11546","2727王品","110/07/13","統一-平鎮",1,13,-12
"11547","2727王品","110/07/13","中國信託",15,5,10
"11548","2727王品","110/07/13","兆豐-台中港",4,16,-12
"11549","2727王品","110/07/13","兆豐-竹北",13,3,10
"11550","2727王品","110/07/13","凱基-八德",1,13,-12
"11551","1570力肯","110/07/13","新光",115,11,104
"11552","1570力肯","110/07/13","元大-北三重",0,162,-162
"11553","1570力肯","110/07/13","群益金鼎-高雄",54,0,54
"11554","1570力肯","110/07/13","元大-大灣",0,25,-25
"11555","1570力肯","110/07/13","國票-新莊",22,0,22
"11556","1570力肯","110/07/13","永豐金-苓雅",0,22,-22
"11557","1570力肯","110/07/13","日盛-桃園",12,0,12
"11558","1570力肯","110/07/13","永豐金-永康",0,19,-19
"11559","1570力肯","110/07/13","元大-高雄",12,0,12
"11560","1570力肯","110/07/13","富邦-員林",0,15,-15
"11561","1570力肯","110/07/13","合庫-自強",11,0,11
"11562","1570力肯","110/07/13","凱基-台南",0,11,-11
"11563","1570力肯","110/07/13","摩根大通",26,15,11
"11564","1570力肯","110/07/13","日盛-竹北",0,10,-10
"11565","1570力肯","110/07/13","永豐金-中盛",11,0,11
"11566","1570力肯","110/07/13","國票-九鼎",0,10,-10
"11567","1570力肯","110/07/13","兆豐-台中港",10,0,10
"11568","1570力肯","110/07/13","凱基-桃園",0,10,-10
"11569","1570力肯","110/07/13","國泰-松江",9,0,9
"11570","1570力肯","110/07/13","凱基-新豐",0,10,-10
"11571","1570力肯","110/07/13","元大-新盛",9,0,9
"11572","1570力肯","110/07/13","元大-學甲",0,10,-10
"11573","1570力肯","110/07/13","元富-緯城",6,0,6
"11574","1570力肯","110/07/13","群益金鼎-東湖",1,10,-9
"11575","1570力肯","110/07/13","統一-三重",5,0,5
"11576","1570力肯","110/07/13","大昌",0,6,-6
"11577","1570力肯","110/07/13","元大-前金",5,0,5
"11578","1570力肯","110/07/13","元大-土城學府",0,6,-6
"11579","1570力肯","110/07/13","永豐金證券",5,0,5
"11580","1570力肯","110/07/13","統一",0,5,-5
"11581","6180橘子","110/07/13","摩根大通",119,0,119
"11582","6180橘子","110/07/13","元大-崇德",2,61,-59
"11583","6180橘子","110/07/13","美商高盛",96,0,96
"11584","6180橘子","110/07/13","康和-台中",0,51,-51
"11585","6180橘子","110/07/13","新加坡商瑞銀",86,7,79
"11586","6180橘子","110/07/13","康和-台北",0,50,-50
"11587","6180橘子","110/07/13","元大-和平",40,0,40
"11588","6180橘子","110/07/13","元富-潮州",0,40,-40
"11589","6180橘子","110/07/13","凱基-台北",83,47,36
"11590","6180橘子","110/07/13","日盛-永康",0,26,-26
"11591","6180橘子","110/07/13","美林",39,5,34
"11592","6180橘子","110/07/13","永豐金-中正",0,24,-24
"11593","6180橘子","110/07/13","富邦-新竹華信",31,2,29
"11594","6180橘子","110/07/13","國泰-板橋",2,25,-23
"11595","6180橘子","110/07/13","統一-南京",21,0,21
"11596","6180橘子","110/07/13","日盛-大墩",0,20,-20
"11597","6180橘子","110/07/13","富邦-陽明",24,3,21
"11598","6180橘子","110/07/13","元大-草屯",13,32,-19
"11599","6180橘子","110/07/13","大昌-樹林",21,1,20
"11600","6180橘子","110/07/13","元富-林園",1,18,-17
"11601","6180橘子","110/07/13","花旗環球",19,0,19
"11602","6180橘子","110/07/13","新光-新竹",1,18,-17
"11603","6180橘子","110/07/13","華南永昌-台南",19,0,19
"11604","6180橘子","110/07/13","元大-土城永寧",0,17,-17
"11605","6180橘子","110/07/13","福勝",14,0,14
"11606","6180橘子","110/07/13","國泰-新莊",3,19,-16
"11607","6180橘子","110/07/13","富邦-嘉義",12,1,11
"11608","6180橘子","110/07/13","中國信託-永康",6,21,-15
"11609","6180橘子","110/07/13","元大-板橋三民",11,0,11
"11610","6180橘子","110/07/13","凱基-東港",1,15,-14
"11611","2390云辰","110/07/13","新加坡商瑞銀",562,75,487
"11612","2390云辰","110/07/13","大展-台南",0,532,-532
"11613","2390云辰","110/07/13","台灣摩根士丹利",330,155,175
"11614","2390云辰","110/07/13","凱基-台北",668,854,-186
"11615","2390云辰","110/07/13","兆豐-公益",126,25,101
"11616","2390云辰","110/07/13","凱基-三重",12,172,-160
"11617","2390云辰","110/07/13","元富-中港",100,2,98
"11618","2390云辰","110/07/13","兆豐-忠孝",4,161,-157
"11619","2390云辰","110/07/13","統一-新台中",106,9,97
"11620","2390云辰","110/07/13","元大-士林",19,170,-151
"11621","2390云辰","110/07/13","中國信託-松江",81,11,70
"11622","2390云辰","110/07/13","臺銀-新竹",14,117,-103
"11623","2390云辰","110/07/13","日盛-板橋",72,3,69
"11624","2390云辰","110/07/13","國票-台中",4,102,-98
"11625","2390云辰","110/07/13","日盛-和美",57,0,57
"11626","2390云辰","110/07/13","新光",147,232,-85
"11627","2390云辰","110/07/13","永豐金-桃園",88,36,52
"11628","2390云辰","110/07/13","致和-崇德",2,70,-68
"11629","2390云辰","110/07/13","玉山-士林",54,4,50
"11630","2390云辰","110/07/13","群益金鼎-屏東",2,70,-68
"11631","2390云辰","110/07/13","富邦-仁愛",56,6,50
"11632","2390云辰","110/07/13","元大-大里",35,98,-63
"11633","2390云辰","110/07/13","第一金-豐原",50,1,49
"11634","2390云辰","110/07/13","元大-萬華",35,94,-59
"11635","2390云辰","110/07/13","摩根大通",502,453,49
"11636","2390云辰","110/07/13","元富-吉利",2,60,-58
"11637","2390云辰","110/07/13","凱基-松山",61,13,48
"11638","2390云辰","110/07/13","兆豐-新竹",3,53,-50
"11639","2390云辰","110/07/13","大昌",64,22,42
"11640","2390云辰","110/07/13","富邦-嘉義",65,108,-43
"11641","2363矽統","110/07/13","凱基-南崁",2133,63,2070
"11642","2363矽統","110/07/13","凱基-幸福",36,4048,-4012
"11643","2363矽統","110/07/13","國泰-敦南",2195,1617,578
"11644","2363矽統","110/07/13","統一",192,3325,-3133
"11645","2363矽統","110/07/13","中農",670,139,531
"11646","2363矽統","110/07/13","新加坡商瑞銀",1000,2747,-1747
"11647","2363矽統","110/07/13","康和-台中",638,154,484
"11648","2363矽統","110/07/13","凱基-台北",5359,6609,-1250
"11649","2363矽統","110/07/13","群益金鼎-三民",577,137,440
"11650","2363矽統","110/07/13","摩根大通",1930,2858,-928
"11651","2363矽統","110/07/13","台新-屏東",510,88,422
"11652","2363矽統","110/07/13","港商野村",960,1679,-719
"11653","2363矽統","110/07/13","德信-中正",455,67,388
"11654","2363矽統","110/07/13","兆豐-復興",25,705,-680
"11655","2363矽統","110/07/13","日盛-竹北",365,70,295
"11656","2363矽統","110/07/13","統一-仁愛",114,755,-641
"11657","2363矽統","110/07/13","元大-佳里",452,189,263
"11658","2363矽統","110/07/13","統一-敦南",29,638,-609
"11659","2363矽統","110/07/13","國票-博愛",296,38,258
"11660","2363矽統","110/07/13","統一-土城",100,704,-604
"11661","2363矽統","110/07/13","元大-萬華",340,95,245
"11662","2363矽統","110/07/13","統一-城中",116,676,-560
"11663","2363矽統","110/07/13","新光",1259,1031,228
"11664","2363矽統","110/07/13","永豐金證券",306,859,-553
"11665","2363矽統","110/07/13","元富-成功",323,96,227
"11666","2363矽統","110/07/13","元富",54,567,-513
"11667","2363矽統","110/07/13","豐農",228,23,205
"11668","2363矽統","110/07/13","瑞士信貸",202,666,-464
"11669","2363矽統","110/07/13","台灣企銀-岡山",186,4,182
"11670","2363矽統","110/07/13","永豐金-嘉義",67,468,-401
"11671","8112至上","110/07/13","摩根大通",688,296,392
"11672","8112至上","110/07/13","國票-中和",0,401,-401
"11673","8112至上","110/07/13","港商野村",344,145,199
"11674","8112至上","110/07/13","永豐金-板盛",0,205,-205
"11675","8112至上","110/07/13","兆豐-公益",195,5,190
"11676","8112至上","110/07/13","凱基-五股",43,155,-112
"11677","8112至上","110/07/13","台灣摩根士丹利",183,0,183
"11678","8112至上","110/07/13","凱基-市政",0,100,-100
"11679","8112至上","110/07/13","群益金鼎-敦南",153,2,151
"11680","8112至上","110/07/13","元大-大里德芳",1,92,-91
"11681","8112至上","110/07/13","臺銀-金山",146,26,120
"11682","8112至上","110/07/13","玉山-桃園",26,110,-84
"11683","8112至上","110/07/13","臺銀",133,19,114
"11684","8112至上","110/07/13","兆豐-天母",0,81,-81
"11685","8112至上","110/07/13","合庫-台中",115,6,109
"11686","8112至上","110/07/13","凱基-城中",3,84,-81
"11687","8112至上","110/07/13","亞東-板橋",134,26,108
"11688","8112至上","110/07/13","日盛-新莊",9,85,-76
"11689","8112至上","110/07/13","凱基-台北",414,326,88
"11690","8112至上","110/07/13","日盛-台中",2,64,-62
"11691","8112至上","110/07/13","新加坡商瑞銀",181,100,81
"11692","8112至上","110/07/13","日盛-中壢",3,64,-61
"11693","8112至上","110/07/13","國泰-敦南",108,31,77
"11694","8112至上","110/07/13","元大-台中",2,59,-57
"11695","8112至上","110/07/13","第一金-華江",77,4,73
"11696","8112至上","110/07/13","元大-雙和",7,64,-57
"11697","8112至上","110/07/13","永豐金-內湖",73,1,72
"11698","8112至上","110/07/13","元大-高雄",8,62,-54
"11699","8112至上","110/07/13","元大-永和",68,1,67
"11700","8112至上","110/07/13","元大-館前",2,55,-53
"11701","4903聯光通","110/07/13","台灣企銀-太平",56,0,56
"11702","4903聯光通","110/07/13","土銀",0,32,-32
"11703","4903聯光通","110/07/13","元富-新興",23,0,23
"11704","4903聯光通","110/07/13","元大-樹林",0,19,-19
"11705","4903聯光通","110/07/13","日盛-樹林",22,0,22
"11706","4903聯光通","110/07/13","凱基-士林",0,17,-17
"11707","4903聯光通","110/07/13","兆豐-天母",20,0,20
"11708","4903聯光通","110/07/13","國票-博愛",0,14,-14
"11709","4903聯光通","110/07/13","華南永昌-桃園",20,0,20
"11710","4903聯光通","110/07/13","元富",0,10,-10
"11711","4903聯光通","110/07/13","富邦-新店",10,0,10
"11712","4903聯光通","110/07/13","新光",0,10,-10
"11713","4903聯光通","110/07/13","新光-台中",5,0,5
"11714","4903聯光通","110/07/13","玉山-南京東路",0,10,-10
"11715","4903聯光通","110/07/13","華南永昌-台中",5,0,5
"11716","4903聯光通","110/07/13","富邦-陽明",0,10,-10
"11717","4903聯光通","110/07/13","元大-崇德",5,0,5
"11718","4903聯光通","110/07/13","元大-大甲",0,8,-8
"11719","4903聯光通","110/07/13","元大-草屯",5,0,5
"11720","4903聯光通","110/07/13","富邦-台中",0,7,-7
"11721","4903聯光通","110/07/13","元富-草屯",4,0,4
"11722","4903聯光通","110/07/13","凱基-中壢",0,6,-6
"11723","4903聯光通","110/07/13","元大-清水",4,0,4
"11724","4903聯光通","110/07/13","臺銀-民權",0,5,-5
"11725","4903聯光通","110/07/13","元大-東泰",4,0,4
"11726","4903聯光通","110/07/13","日盛-板橋",0,5,-5
"11727","4903聯光通","110/07/13","元大-佳里",2,0,2
"11728","4903聯光通","110/07/13","中國信託-忠孝",0,5,-5
"11729","4903聯光通","110/07/13","永豐金-板橋",2,0,2
"11730","4903聯光通","110/07/13","永豐金-鳳山",0,5,-5
"11731","2929淘帝","110/07/13","玉山-新竹",130,0,130
"11732","2929淘帝","110/07/13","美商高盛",0,177,-177
"11733","2929淘帝","110/07/13","臺銀-民權",60,0,60
"11734","2929淘帝","110/07/13","凱基-台北",6,80,-74
"11735","2929淘帝","110/07/13","新百王",31,0,31
"11736","2929淘帝","110/07/13","元富-大裕",0,49,-49
"11737","2929淘帝","110/07/13","日盛-園區",30,0,30
"11738","2929淘帝","110/07/13","國泰-館前",3,51,-48
"11739","2929淘帝","110/07/13","元大-南投",31,1,30
"11740","2929淘帝","110/07/13","凱基-中壢",0,41,-41
"11741","2929淘帝","110/07/13","兆豐-忠孝",28,0,28
"11742","2929淘帝","110/07/13","港商野村",21,55,-34
"11743","2929淘帝","110/07/13","元大-民生",28,0,28
"11744","2929淘帝","110/07/13","華南永昌-南京",2,34,-32
"11745","2929淘帝","110/07/13","合庫-高雄",27,0,27
"11746","2929淘帝","110/07/13","群益金鼎-土城",0,30,-30
"11747","2929淘帝","110/07/13","凱基-豐中",27,0,27
"11748","2929淘帝","110/07/13","富邦-南屯",0,22,-22
"11749","2929淘帝","110/07/13","新光",21,4,17
"11750","2929淘帝","110/07/13","第一金-豐原",0,20,-20
"11751","2929淘帝","110/07/13","元大-天母",17,0,17
"11752","2929淘帝","110/07/13","元大-屏南",6,26,-20
"11753","2929淘帝","110/07/13","永興",14,0,14
"11754","2929淘帝","110/07/13","永豐金-敦南",1,21,-20
"11755","2929淘帝","110/07/13","富邦-台北",12,0,12
"11756","2929淘帝","110/07/13","凱基-三重",2,21,-19
"11757","2929淘帝","110/07/13","元大-永和",12,0,12
"11758","2929淘帝","110/07/13","富邦-仁愛",7,25,-18
"11759","2929淘帝","110/07/13","國票-天祥",11,0,11
"11760","2929淘帝","110/07/13","元大-北投",0,16,-16
"11761","5410國眾","110/07/13","兆豐-城中",274,0,274
"11762","5410國眾","110/07/13","元富-嘉義",0,103,-103
"11763","5410國眾","110/07/13","新光",50,4,46
"11764","5410國眾","110/07/13","凱基-台北",0,50,-50
"11765","5410國眾","110/07/13","國泰-台中",26,0,26
"11766","5410國眾","110/07/13","瑞士信貸",0,31,-31
"11767","5410國眾","110/07/13","新加坡商瑞銀",22,0,22
"11768","5410國眾","110/07/13","台新-新莊",0,27,-27
"11769","5410國眾","110/07/13","光和-嘉義",20,0,20
"11770","5410國眾","110/07/13","元大-汐止",0,20,-20
"11771","5410國眾","110/07/13","凱基-竹北",17,0,17
"11772","5410國眾","110/07/13","亞東-新竹",0,17,-17
"11773","5410國眾","110/07/13","新光-桃園",15,0,15
"11774","5410國眾","110/07/13","元大-南勢角",0,13,-13
"11775","5410國眾","110/07/13","凱基-台東",14,0,14
"11776","5410國眾","110/07/13","台新-台南",0,12,-12
"11777","5410國眾","110/07/13","富邦-竹北",11,0,11
"11778","5410國眾","110/07/13","中國信託",0,11,-11
"11779","5410國眾","110/07/13","元富-同大",10,0,10
"11780","5410國眾","110/07/13","華南永昌",0,11,-11
"11781","5410國眾","110/07/13","國泰-敦南",24,15,9
"11782","5410國眾","110/07/13","臺銀-臺南",0,10,-10
"11783","5410國眾","110/07/13","日盛-內湖",7,0,7
"11784","5410國眾","110/07/13","台灣企銀-民雄",0,10,-10
"11785","5410國眾","110/07/13","台新-左楠",7,0,7
"11786","5410國眾","110/07/13","高橋",0,10,-10
"11787","5410國眾","110/07/13","元大-新盛",18,12,6
"11788","5410國眾","110/07/13","康和-嘉義",0,10,-10
"11789","5410國眾","110/07/13","統一",5,0,5
"11790","5410國眾","110/07/13","凱基-基隆",0,10,-10
"11791","2841台開","110/07/13","中國信託-高雄",251,50,201
"11792","2841台開","110/07/13","兆豐-公益",0,177,-177
"11793","2841台開","110/07/13","日盛證券",210,13,197
"11794","2841台開","110/07/13","日進",0,152,-152
"11795","2841台開","110/07/13","第一金-台中",55,0,55
"11796","2841台開","110/07/13","港商野村",0,109,-109
"11797","2841台開","110/07/13","國泰-板橋",46,0,46
"11798","2841台開","110/07/13","日盛-信義",0,103,-103
"11799","2841台開","110/07/13","國泰-館前",48,3,45
"11800","2841台開","110/07/13","國泰-敦南",11,75,-64
"11801","2841台開","110/07/13","華南永昌-新莊",45,0,45
"11802","2841台開","110/07/13","永興",0,50,-50
"11803","2841台開","110/07/13","日盛-園區",42,0,42
"11804","2841台開","110/07/13","永豐金-敦南",61,104,-43
"11805","2841台開","110/07/13","台新證券",32,0,32
"11806","2841台開","110/07/13","富邦-台南",0,42,-42
"11807","2841台開","110/07/13","台新-高雄",32,2,30
"11808","2841台開","110/07/13","國票-安和",0,30,-30
"11809","2841台開","110/07/13","豐農",23,0,23
"11810","2841台開","110/07/13","元大-桃園",0,25,-25
"11811","2841台開","110/07/13","合庫-嘉義",20,0,20
"11812","2841台開","110/07/13","新光",8,32,-24
"11813","2841台開","110/07/13","華南永昌-高雄",20,0,20
"11814","2841台開","110/07/13","元大-仁愛",0,24,-24
"11815","2841台開","110/07/13","元大-樹林",16,0,16
"11816","2841台開","110/07/13","日盛-中和",0,20,-20
"11817","2841台開","110/07/13","第一金-華江",15,2,13
"11818","2841台開","110/07/13","元富",0,20,-20
"11819","2841台開","110/07/13","美商高盛",12,0,12
"11820","2841台開","110/07/13","富邦-宜蘭",0,20,-20
"11821","6207雷科","110/07/13","元大-高雄",121,0,121
"11822","6207雷科","110/07/13","華南永昌-朴子",1,60,-59
"11823","6207雷科","110/07/13","第一金-新興",20,0,20
"11824","6207雷科","110/07/13","元大-南海",0,36,-36
"11825","6207雷科","110/07/13","元富-三重",20,0,20
"11826","6207雷科","110/07/13","凱基-土城",0,35,-35
"11827","6207雷科","110/07/13","元大-林園",15,0,15
"11828","6207雷科","110/07/13","台灣企銀",0,20,-20
"11829","6207雷科","110/07/13","元大-金華",16,1,15
"11830","6207雷科","110/07/13","群益金鼎-丹鳳",0,20,-20
"11831","6207雷科","110/07/13","日盛證券",10,0,10
"11832","6207雷科","110/07/13","元大-博愛",0,17,-17
"11833","6207雷科","110/07/13","統一-台中",10,0,10
"11834","6207雷科","110/07/13","元大-北港",0,13,-13
"11835","6207雷科","110/07/13","群益金鼎-土城",10,0,10
"11836","6207雷科","110/07/13","新加坡商瑞銀",0,12,-12
"11837","6207雷科","110/07/13","群益金鼎-桃園",10,0,10
"11838","6207雷科","110/07/13","凱基-台北",4,16,-12
"11839","6207雷科","110/07/13","永豐金-新莊",10,0,10
"11840","6207雷科","110/07/13","日茂-埔里",0,11,-11
"11841","6207雷科","110/07/13","永豐金-新店",10,0,10
"11842","6207雷科","110/07/13","元大-莒光",0,11,-11
"11843","6207雷科","110/07/13","元大證券",9,0,9
"11844","6207雷科","110/07/13","統一-新竹",0,10,-10
"11845","6207雷科","110/07/13","日盛-木柵",9,1,8
"11846","6207雷科","110/07/13","元大-西螺",0,10,-10
"11847","6207雷科","110/07/13","兆豐-來福",8,0,8
"11848","6207雷科","110/07/13","康和-台中",0,8,-8
"11849","6207雷科","110/07/13","新光",7,0,7
"11850","6207雷科","110/07/13","兆豐-高雄",0,6,-6
"11851","3679新至陞","110/07/13","永豐金證券",50,0,50
"11852","3679新至陞","110/07/13","摩根大通",2,25,-23
"11853","3679新至陞","110/07/13","國泰-桃園",22,0,22
"11854","3679新至陞","110/07/13","元大-成功",0,22,-22
"11855","3679新至陞","110/07/13","台中銀-員林",11,0,11
"11856","3679新至陞","110/07/13","富邦-板橋",1,19,-18
"11857","3679新至陞","110/07/13","元大-文心興安",8,0,8
"11858","3679新至陞","110/07/13","日盛-新莊",0,10,-10
"11859","3679新至陞","110/07/13","美商高盛",6,0,6
"11860","3679新至陞","110/07/13","台新-台中",0,10,-10
"11861","3679新至陞","110/07/13","台新-高雄",6,0,6
"11862","3679新至陞","110/07/13","永豐金-新竹",0,8,-8
"11863","3679新至陞","110/07/13","凱基-台北",18,12,6
"11864","3679新至陞","110/07/13","瑞士信貸",12,19,-7
"11865","3679新至陞","110/07/13","日盛-復興",5,0,5
"11866","3679新至陞","110/07/13","統一-南京",0,7,-7
"11867","3679新至陞","110/07/13","(牛牛牛)亞-鑫豐",4,0,4
"11868","3679新至陞","110/07/13","凱基-新莊",0,7,-7
"11869","3679新至陞","110/07/13","元富-大昌",3,0,3
"11870","3679新至陞","110/07/13","新加坡商瑞銀",0,6,-6
"11871","3679新至陞","110/07/13","富邦-台北",3,0,3
"11872","3679新至陞","110/07/13","合庫-自強",0,5,-5
"11873","3679新至陞","110/07/13","日盛-樹林",2,0,2
"11874","3679新至陞","110/07/13","富邦-桃園",0,5,-5
"11875","3679新至陞","110/07/13","宏遠-光隆",2,0,2
"11876","3679新至陞","110/07/13","永豐金-潮州",0,4,-4
"11877","3679新至陞","110/07/13","美林",3,1,2
"11878","3679新至陞","110/07/13","臺銀-臺南",0,3,-3
"11879","3679新至陞","110/07/13","第一金-中壢",2,0,2
"11880","3679新至陞","110/07/13","元大-六合",0,3,-3
"11881","2727王品","110/07/13","富邦-台北",43,3,40
"11882","2727王品","110/07/13","台灣摩根士丹利",15,97,-82
"11883","2727王品","110/07/13","元大-基隆孝二",40,0,40
"11884","2727王品","110/07/13","玉山-台南",5,57,-52
"11885","2727王品","110/07/13","國票-新莊",40,1,39
"11886","2727王品","110/07/13","新加坡商瑞銀",0,48,-48
"11887","2727王品","110/07/13","第一金-豐原",66,42,24
"11888","2727王品","110/07/13","凱基-台北",41,77,-36
"11889","2727王品","110/07/13","永豐金-大園",34,10,24
"11890","2727王品","110/07/13","永豐金-永康",0,22,-22
"11891","2727王品","110/07/13","元大-北屯",22,0,22
"11892","2727王品","110/07/13","統一-台中",2,22,-20
"11893","2727王品","110/07/13","元大-東蘆",26,7,19
"11894","2727王品","110/07/13","國泰-台中",21,39,-18
"11895","2727王品","110/07/13","永豐金-萬盛",13,1,12
"11896","2727王品","110/07/13","合庫-彰化",3,20,-17
"11897","2727王品","110/07/13","日盛-嘉義",11,0,11
"11898","2727王品","110/07/13","港商野村",13,30,-17
"11899","2727王品","110/07/13","日盛-八德",11,0,11
"11900","2727王品","110/07/13","元大-楊梅",1,16,-15
"11901","2727王品","110/07/13","統一-竹南",11,0,11
"11902","2727王品","110/07/13","凱基-高美館",2,15,-13
"11903","2727王品","110/07/13","日盛-士林",12,2,10
"11904","2727王品","110/07/13","美商高盛",2,14,-12
"11905","2727王品","110/07/13","統一-敦南",10,0,10
"11906","2727王品","110/07/13","統一-平鎮",1,13,-12
"11907","2727王品","110/07/13","中國信託",15,5,10
"11908","2727王品","110/07/13","兆豐-台中港",4,16,-12
"11909","2727王品","110/07/13","兆豐-竹北",13,3,10
"11910","2727王品","110/07/13","凱基-八德",1,13,-12
"11911","1570力肯","110/07/13","新光",115,11,104
"11912","1570力肯","110/07/13","元大-北三重",0,162,-162
"11913","1570力肯","110/07/13","群益金鼎-高雄",54,0,54
"11914","1570力肯","110/07/13","元大-大灣",0,25,-25
"11915","1570力肯","110/07/13","國票-新莊",22,0,22
"11916","1570力肯","110/07/13","永豐金-苓雅",0,22,-22
"11917","1570力肯","110/07/13","日盛-桃園",12,0,12
"11918","1570力肯","110/07/13","永豐金-永康",0,19,-19
"11919","1570力肯","110/07/13","元大-高雄",12,0,12
"11920","1570力肯","110/07/13","富邦-員林",0,15,-15
"11921","1570力肯","110/07/13","合庫-自強",11,0,11
"11922","1570力肯","110/07/13","凱基-台南",0,11,-11
"11923","1570力肯","110/07/13","摩根大通",26,15,11
"11924","1570力肯","110/07/13","日盛-竹北",0,10,-10
"11925","1570力肯","110/07/13","永豐金-中盛",11,0,11
"11926","1570力肯","110/07/13","國票-九鼎",0,10,-10
"11927","1570力肯","110/07/13","兆豐-台中港",10,0,10
"11928","1570力肯","110/07/13","凱基-桃園",0,10,-10
"11929","1570力肯","110/07/13","國泰-松江",9,0,9
"11930","1570力肯","110/07/13","凱基-新豐",0,10,-10
"11931","1570力肯","110/07/13","元大-新盛",9,0,9
"11932","1570力肯","110/07/13","元大-學甲",0,10,-10
"11933","1570力肯","110/07/13","元富-緯城",6,0,6
"11934","1570力肯","110/07/13","群益金鼎-東湖",1,10,-9
"11935","1570力肯","110/07/13","統一-三重",5,0,5
"11936","1570力肯","110/07/13","大昌",0,6,-6
"11937","1570力肯","110/07/13","元大-前金",5,0,5
"11938","1570力肯","110/07/13","元大-土城學府",0,6,-6
"11939","1570力肯","110/07/13","永豐金證券",5,0,5
"11940","1570力肯","110/07/13","統一",0,5,-5
"11941","6180橘子","110/07/13","摩根大通",119,0,119
"11942","6180橘子","110/07/13","元大-崇德",2,61,-59
"11943","6180橘子","110/07/13","美商高盛",96,0,96
"11944","6180橘子","110/07/13","康和-台中",0,51,-51
"11945","6180橘子","110/07/13","新加坡商瑞銀",86,7,79
"11946","6180橘子","110/07/13","康和-台北",0,50,-50
"11947","6180橘子","110/07/13","元大-和平",40,0,40
"11948","6180橘子","110/07/13","元富-潮州",0,40,-40
"11949","6180橘子","110/07/13","凱基-台北",83,47,36
"11950","6180橘子","110/07/13","日盛-永康",0,26,-26
"11951","6180橘子","110/07/13","美林",39,5,34
"11952","6180橘子","110/07/13","永豐金-中正",0,24,-24
"11953","6180橘子","110/07/13","富邦-新竹華信",31,2,29
"11954","6180橘子","110/07/13","國泰-板橋",2,25,-23
"11955","6180橘子","110/07/13","統一-南京",21,0,21
"11956","6180橘子","110/07/13","日盛-大墩",0,20,-20
"11957","6180橘子","110/07/13","富邦-陽明",24,3,21
"11958","6180橘子","110/07/13","元大-草屯",13,32,-19
"11959","6180橘子","110/07/13","大昌-樹林",21,1,20
"11960","6180橘子","110/07/13","元富-林園",1,18,-17
"11961","6180橘子","110/07/13","花旗環球",19,0,19
"11962","6180橘子","110/07/13","新光-新竹",1,18,-17
"11963","6180橘子","110/07/13","華南永昌-台南",19,0,19
"11964","6180橘子","110/07/13","元大-土城永寧",0,17,-17
"11965","6180橘子","110/07/13","福勝",14,0,14
"11966","6180橘子","110/07/13","國泰-新莊",3,19,-16
"11967","6180橘子","110/07/13","富邦-嘉義",12,1,11
"11968","6180橘子","110/07/13","中國信託-永康",6,21,-15
"11969","6180橘子","110/07/13","元大-板橋三民",11,0,11
"11970","6180橘子","110/07/13","凱基-東港",1,15,-14
"11971","2390云辰","110/07/13","新加坡商瑞銀",562,75,487
"11972","2390云辰","110/07/13","大展-台南",0,532,-532
"11973","2390云辰","110/07/13","台灣摩根士丹利",330,155,175
"11974","2390云辰","110/07/13","凱基-台北",668,854,-186
"11975","2390云辰","110/07/13","兆豐-公益",126,25,101
"11976","2390云辰","110/07/13","凱基-三重",12,172,-160
"11977","2390云辰","110/07/13","元富-中港",100,2,98
"11978","2390云辰","110/07/13","兆豐-忠孝",4,161,-157
"11979","2390云辰","110/07/13","統一-新台中",106,9,97
"11980","2390云辰","110/07/13","元大-士林",19,170,-151
"11981","2390云辰","110/07/13","中國信託-松江",81,11,70
"11982","2390云辰","110/07/13","臺銀-新竹",14,117,-103
"11983","2390云辰","110/07/13","日盛-板橋",72,3,69
"11984","2390云辰","110/07/13","國票-台中",4,102,-98
"11985","2390云辰","110/07/13","日盛-和美",57,0,57
"11986","2390云辰","110/07/13","新光",147,232,-85
"11987","2390云辰","110/07/13","永豐金-桃園",88,36,52
"11988","2390云辰","110/07/13","致和-崇德",2,70,-68
"11989","2390云辰","110/07/13","玉山-士林",54,4,50
"11990","2390云辰","110/07/13","群益金鼎-屏東",2,70,-68
"11991","2390云辰","110/07/13","富邦-仁愛",56,6,50
"11992","2390云辰","110/07/13","元大-大里",35,98,-63
"11993","2390云辰","110/07/13","第一金-豐原",50,1,49
"11994","2390云辰","110/07/13","元大-萬華",35,94,-59
"11995","2390云辰","110/07/13","摩根大通",502,453,49
"11996","2390云辰","110/07/13","元富-吉利",2,60,-58
"11997","2390云辰","110/07/13","凱基-松山",61,13,48
"11998","2390云辰","110/07/13","兆豐-新竹",3,53,-50
"11999","2390云辰","110/07/13","大昌",64,22,42
"12000","2390云辰","110/07/13","富邦-嘉義",65,108,-43
"12001","2363矽統","110/07/13","凱基-南崁",2133,63,2070
"12002","2363矽統","110/07/13","凱基-幸福",36,4048,-4012
"12003","2363矽統","110/07/13","國泰-敦南",2195,1617,578
"12004","2363矽統","110/07/13","統一",192,3325,-3133
"12005","2363矽統","110/07/13","中農",670,139,531
"12006","2363矽統","110/07/13","新加坡商瑞銀",1000,2747,-1747
"12007","2363矽統","110/07/13","康和-台中",638,154,484
"12008","2363矽統","110/07/13","凱基-台北",5359,6609,-1250
"12009","2363矽統","110/07/13","群益金鼎-三民",577,137,440
"12010","2363矽統","110/07/13","摩根大通",1930,2858,-928
"12011","2363矽統","110/07/13","台新-屏東",510,88,422
"12012","2363矽統","110/07/13","港商野村",960,1679,-719
"12013","2363矽統","110/07/13","德信-中正",455,67,388
"12014","2363矽統","110/07/13","兆豐-復興",25,705,-680
"12015","2363矽統","110/07/13","日盛-竹北",365,70,295
"12016","2363矽統","110/07/13","統一-仁愛",114,755,-641
"12017","2363矽統","110/07/13","元大-佳里",452,189,263
"12018","2363矽統","110/07/13","統一-敦南",29,638,-609
"12019","2363矽統","110/07/13","國票-博愛",296,38,258
"12020","2363矽統","110/07/13","統一-土城",100,704,-604
"12021","2363矽統","110/07/13","元大-萬華",340,95,245
"12022","2363矽統","110/07/13","統一-城中",116,676,-560
"12023","2363矽統","110/07/13","新光",1259,1031,228
"12024","2363矽統","110/07/13","永豐金證券",306,859,-553
"12025","2363矽統","110/07/13","元富-成功",323,96,227
"12026","2363矽統","110/07/13","元富",54,567,-513
"12027","2363矽統","110/07/13","豐農",228,23,205
"12028","2363矽統","110/07/13","瑞士信貸",202,666,-464
"12029","2363矽統","110/07/13","台灣企銀-岡山",186,4,182
"12030","2363矽統","110/07/13","永豐金-嘉義",67,468,-401
"12031","8112至上","110/07/13","摩根大通",688,296,392
"12032","8112至上","110/07/13","國票-中和",0,401,-401
"12033","8112至上","110/07/13","港商野村",344,145,199
"12034","8112至上","110/07/13","永豐金-板盛",0,205,-205
"12035","8112至上","110/07/13","兆豐-公益",195,5,190
"12036","8112至上","110/07/13","凱基-五股",43,155,-112
"12037","8112至上","110/07/13","台灣摩根士丹利",183,0,183
"12038","8112至上","110/07/13","凱基-市政",0,100,-100
"12039","8112至上","110/07/13","群益金鼎-敦南",153,2,151
"12040","8112至上","110/07/13","元大-大里德芳",1,92,-91
"12041","8112至上","110/07/13","臺銀-金山",146,26,120
"12042","8112至上","110/07/13","玉山-桃園",26,110,-84
"12043","8112至上","110/07/13","臺銀",133,19,114
"12044","8112至上","110/07/13","兆豐-天母",0,81,-81
"12045","8112至上","110/07/13","合庫-台中",115,6,109
"12046","8112至上","110/07/13","凱基-城中",3,84,-81
"12047","8112至上","110/07/13","亞東-板橋",134,26,108
"12048","8112至上","110/07/13","日盛-新莊",9,85,-76
"12049","8112至上","110/07/13","凱基-台北",414,326,88
"12050","8112至上","110/07/13","日盛-台中",2,64,-62
"12051","8112至上","110/07/13","新加坡商瑞銀",181,100,81
"12052","8112至上","110/07/13","日盛-中壢",3,64,-61
"12053","8112至上","110/07/13","國泰-敦南",108,31,77
"12054","8112至上","110/07/13","元大-台中",2,59,-57
"12055","8112至上","110/07/13","第一金-華江",77,4,73
"12056","8112至上","110/07/13","元大-雙和",7,64,-57
"12057","8112至上","110/07/13","永豐金-內湖",73,1,72
"12058","8112至上","110/07/13","元大-高雄",8,62,-54
"12059","8112至上","110/07/13","元大-永和",68,1,67
"12060","8112至上","110/07/13","元大-館前",2,55,-53
"12061","4903聯光通","110/07/13","台灣企銀-太平",56,0,56
"12062","4903聯光通","110/07/13","土銀",0,32,-32
"12063","4903聯光通","110/07/13","元富-新興",23,0,23
"12064","4903聯光通","110/07/13","元大-樹林",0,19,-19
"12065","4903聯光通","110/07/13","日盛-樹林",22,0,22
"12066","4903聯光通","110/07/13","凱基-士林",0,17,-17
"12067","4903聯光通","110/07/13","兆豐-天母",20,0,20
"12068","4903聯光通","110/07/13","國票-博愛",0,14,-14
"12069","4903聯光通","110/07/13","華南永昌-桃園",20,0,20
"12070","4903聯光通","110/07/13","元富",0,10,-10
"12071","4903聯光通","110/07/13","富邦-新店",10,0,10
"12072","4903聯光通","110/07/13","新光",0,10,-10
"12073","4903聯光通","110/07/13","新光-台中",5,0,5
"12074","4903聯光通","110/07/13","玉山-南京東路",0,10,-10
"12075","4903聯光通","110/07/13","華南永昌-台中",5,0,5
"12076","4903聯光通","110/07/13","富邦-陽明",0,10,-10
"12077","4903聯光通","110/07/13","元大-崇德",5,0,5
"12078","4903聯光通","110/07/13","元大-大甲",0,8,-8
"12079","4903聯光通","110/07/13","元大-草屯",5,0,5
"12080","4903聯光通","110/07/13","富邦-台中",0,7,-7
"12081","4903聯光通","110/07/13","元富-草屯",4,0,4
"12082","4903聯光通","110/07/13","凱基-中壢",0,6,-6
"12083","4903聯光通","110/07/13","元大-清水",4,0,4
"12084","4903聯光通","110/07/13","臺銀-民權",0,5,-5
"12085","4903聯光通","110/07/13","元大-東泰",4,0,4
"12086","4903聯光通","110/07/13","日盛-板橋",0,5,-5
"12087","4903聯光通","110/07/13","元大-佳里",2,0,2
"12088","4903聯光通","110/07/13","中國信託-忠孝",0,5,-5
"12089","4903聯光通","110/07/13","永豐金-板橋",2,0,2
"12090","4903聯光通","110/07/13","永豐金-鳳山",0,5,-5
"12091","2929淘帝","110/07/13","玉山-新竹",130,0,130
"12092","2929淘帝","110/07/13","美商高盛",0,177,-177
"12093","2929淘帝","110/07/13","臺銀-民權",60,0,60
"12094","2929淘帝","110/07/13","凱基-台北",6,80,-74
"12095","2929淘帝","110/07/13","新百王",31,0,31
"12096","2929淘帝","110/07/13","元富-大裕",0,49,-49
"12097","2929淘帝","110/07/13","日盛-園區",30,0,30
"12098","2929淘帝","110/07/13","國泰-館前",3,51,-48
"12099","2929淘帝","110/07/13","元大-南投",31,1,30
"12100","2929淘帝","110/07/13","凱基-中壢",0,41,-41
"12101","2929淘帝","110/07/13","兆豐-忠孝",28,0,28
"12102","2929淘帝","110/07/13","港商野村",21,55,-34
"12103","2929淘帝","110/07/13","元大-民生",28,0,28
"12104","2929淘帝","110/07/13","華南永昌-南京",2,34,-32
"12105","2929淘帝","110/07/13","合庫-高雄",27,0,27
"12106","2929淘帝","110/07/13","群益金鼎-土城",0,30,-30
"12107","2929淘帝","110/07/13","凱基-豐中",27,0,27
"12108","2929淘帝","110/07/13","富邦-南屯",0,22,-22
"12109","2929淘帝","110/07/13","新光",21,4,17
"12110","2929淘帝","110/07/13","第一金-豐原",0,20,-20
"12111","2929淘帝","110/07/13","元大-天母",17,0,17
"12112","2929淘帝","110/07/13","元大-屏南",6,26,-20
"12113","2929淘帝","110/07/13","永興",14,0,14
"12114","2929淘帝","110/07/13","永豐金-敦南",1,21,-20
"12115","2929淘帝","110/07/13","富邦-台北",12,0,12
"12116","2929淘帝","110/07/13","凱基-三重",2,21,-19
"12117","2929淘帝","110/07/13","元大-永和",12,0,12
"12118","2929淘帝","110/07/13","富邦-仁愛",7,25,-18
"12119","2929淘帝","110/07/13","國票-天祥",11,0,11
"12120","2929淘帝","110/07/13","元大-北投",0,16,-16
"12121","5410國眾","110/07/13","兆豐-城中",274,0,274
"12122","5410國眾","110/07/13","元富-嘉義",0,103,-103
"12123","5410國眾","110/07/13","新光",50,4,46
"12124","5410國眾","110/07/13","凱基-台北",0,50,-50
"12125","5410國眾","110/07/13","國泰-台中",26,0,26
"12126","5410國眾","110/07/13","瑞士信貸",0,31,-31
"12127","5410國眾","110/07/13","新加坡商瑞銀",22,0,22
"12128","5410國眾","110/07/13","台新-新莊",0,27,-27
"12129","5410國眾","110/07/13","光和-嘉義",20,0,20
"12130","5410國眾","110/07/13","元大-汐止",0,20,-20
"12131","5410國眾","110/07/13","凱基-竹北",17,0,17
"12132","5410國眾","110/07/13","亞東-新竹",0,17,-17
"12133","5410國眾","110/07/13","新光-桃園",15,0,15
"12134","5410國眾","110/07/13","元大-南勢角",0,13,-13
"12135","5410國眾","110/07/13","凱基-台東",14,0,14
"12136","5410國眾","110/07/13","台新-台南",0,12,-12
"12137","5410國眾","110/07/13","富邦-竹北",11,0,11
"12138","5410國眾","110/07/13","中國信託",0,11,-11
"12139","5410國眾","110/07/13","元富-同大",10,0,10
"12140","5410國眾","110/07/13","華南永昌",0,11,-11
"12141","5410國眾","110/07/13","國泰-敦南",24,15,9
"12142","5410國眾","110/07/13","臺銀-臺南",0,10,-10
"12143","5410國眾","110/07/13","日盛-內湖",7,0,7
"12144","5410國眾","110/07/13","台灣企銀-民雄",0,10,-10
"12145","5410國眾","110/07/13","台新-左楠",7,0,7
"12146","5410國眾","110/07/13","高橋",0,10,-10
"12147","5410國眾","110/07/13","元大-新盛",18,12,6
"12148","5410國眾","110/07/13","康和-嘉義",0,10,-10
"12149","5410國眾","110/07/13","統一",5,0,5
"12150","5410國眾","110/07/13","凱基-基隆",0,10,-10
"12151","2841台開","110/07/13","中國信託-高雄",251,50,201
"12152","2841台開","110/07/13","兆豐-公益",0,177,-177
"12153","2841台開","110/07/13","日盛證券",210,13,197
"12154","2841台開","110/07/13","日進",0,152,-152
"12155","2841台開","110/07/13","第一金-台中",55,0,55
"12156","2841台開","110/07/13","港商野村",0,109,-109
"12157","2841台開","110/07/13","國泰-板橋",46,0,46
"12158","2841台開","110/07/13","日盛-信義",0,103,-103
"12159","2841台開","110/07/13","國泰-館前",48,3,45
"12160","2841台開","110/07/13","國泰-敦南",11,75,-64
"12161","2841台開","110/07/13","華南永昌-新莊",45,0,45
"12162","2841台開","110/07/13","永興",0,50,-50
"12163","2841台開","110/07/13","日盛-園區",42,0,42
"12164","2841台開","110/07/13","永豐金-敦南",61,104,-43
"12165","2841台開","110/07/13","台新證券",32,0,32
"12166","2841台開","110/07/13","富邦-台南",0,42,-42
"12167","2841台開","110/07/13","台新-高雄",32,2,30
"12168","2841台開","110/07/13","國票-安和",0,30,-30
"12169","2841台開","110/07/13","豐農",23,0,23
"12170","2841台開","110/07/13","元大-桃園",0,25,-25
"12171","2841台開","110/07/13","合庫-嘉義",20,0,20
"12172","2841台開","110/07/13","新光",8,32,-24
"12173","2841台開","110/07/13","華南永昌-高雄",20,0,20
"12174","2841台開","110/07/13","元大-仁愛",0,24,-24
"12175","2841台開","110/07/13","元大-樹林",16,0,16
"12176","2841台開","110/07/13","日盛-中和",0,20,-20
"12177","2841台開","110/07/13","第一金-華江",15,2,13
"12178","2841台開","110/07/13","元富",0,20,-20
"12179","2841台開","110/07/13","美商高盛",12,0,12
"12180","2841台開","110/07/13","富邦-宜蘭",0,20,-20
"12181","6207雷科","110/07/13","元大-高雄",121,0,121
"12182","6207雷科","110/07/13","華南永昌-朴子",1,60,-59
"12183","6207雷科","110/07/13","第一金-新興",20,0,20
"12184","6207雷科","110/07/13","元大-南海",0,36,-36
"12185","6207雷科","110/07/13","元富-三重",20,0,20
"12186","6207雷科","110/07/13","凱基-土城",0,35,-35
"12187","6207雷科","110/07/13","元大-林園",15,0,15
"12188","6207雷科","110/07/13","台灣企銀",0,20,-20
"12189","6207雷科","110/07/13","元大-金華",16,1,15
"12190","6207雷科","110/07/13","群益金鼎-丹鳳",0,20,-20
"12191","6207雷科","110/07/13","日盛證券",10,0,10
"12192","6207雷科","110/07/13","元大-博愛",0,17,-17
"12193","6207雷科","110/07/13","統一-台中",10,0,10
"12194","6207雷科","110/07/13","元大-北港",0,13,-13
"12195","6207雷科","110/07/13","群益金鼎-土城",10,0,10
"12196","6207雷科","110/07/13","新加坡商瑞銀",0,12,-12
"12197","6207雷科","110/07/13","群益金鼎-桃園",10,0,10
"12198","6207雷科","110/07/13","凱基-台北",4,16,-12
"12199","6207雷科","110/07/13","永豐金-新莊",10,0,10
"12200","6207雷科","110/07/13","日茂-埔里",0,11,-11
"12201","6207雷科","110/07/13","永豐金-新店",10,0,10
"12202","6207雷科","110/07/13","元大-莒光",0,11,-11
"12203","6207雷科","110/07/13","元大證券",9,0,9
"12204","6207雷科","110/07/13","統一-新竹",0,10,-10
"12205","6207雷科","110/07/13","日盛-木柵",9,1,8
"12206","6207雷科","110/07/13","元大-西螺",0,10,-10
"12207","6207雷科","110/07/13","兆豐-來福",8,0,8
"12208","6207雷科","110/07/13","康和-台中",0,8,-8
"12209","6207雷科","110/07/13","新光",7,0,7
"12210","6207雷科","110/07/13","兆豐-高雄",0,6,-6
"12211","3679新至陞","110/07/13","永豐金證券",50,0,50
"12212","3679新至陞","110/07/13","摩根大通",2,25,-23
"12213","3679新至陞","110/07/13","國泰-桃園",22,0,22
"12214","3679新至陞","110/07/13","元大-成功",0,22,-22
"12215","3679新至陞","110/07/13","台中銀-員林",11,0,11
"12216","3679新至陞","110/07/13","富邦-板橋",1,19,-18
"12217","3679新至陞","110/07/13","元大-文心興安",8,0,8
"12218","3679新至陞","110/07/13","日盛-新莊",0,10,-10
"12219","3679新至陞","110/07/13","美商高盛",6,0,6
"12220","3679新至陞","110/07/13","台新-台中",0,10,-10
"12221","3679新至陞","110/07/13","台新-高雄",6,0,6
"12222","3679新至陞","110/07/13","永豐金-新竹",0,8,-8
"12223","3679新至陞","110/07/13","凱基-台北",18,12,6
"12224","3679新至陞","110/07/13","瑞士信貸",12,19,-7
"12225","3679新至陞","110/07/13","日盛-復興",5,0,5
"12226","3679新至陞","110/07/13","統一-南京",0,7,-7
"12227","3679新至陞","110/07/13","(牛牛牛)亞-鑫豐",4,0,4
"12228","3679新至陞","110/07/13","凱基-新莊",0,7,-7
"12229","3679新至陞","110/07/13","元富-大昌",3,0,3
"12230","3679新至陞","110/07/13","新加坡商瑞銀",0,6,-6
"12231","3679新至陞","110/07/13","富邦-台北",3,0,3
"12232","3679新至陞","110/07/13","合庫-自強",0,5,-5
"12233","3679新至陞","110/07/13","日盛-樹林",2,0,2
"12234","3679新至陞","110/07/13","富邦-桃園",0,5,-5
"12235","3679新至陞","110/07/13","宏遠-光隆",2,0,2
"12236","3679新至陞","110/07/13","永豐金-潮州",0,4,-4
"12237","3679新至陞","110/07/13","美林",3,1,2
"12238","3679新至陞","110/07/13","臺銀-臺南",0,3,-3
"12239","3679新至陞","110/07/13","第一金-中壢",2,0,2
"12240","3679新至陞","110/07/13","元大-六合",0,3,-3
"12241","2727王品","110/07/13","富邦-台北",43,3,40
"12242","2727王品","110/07/13","台灣摩根士丹利",15,97,-82
"12243","2727王品","110/07/13","元大-基隆孝二",40,0,40
"12244","2727王品","110/07/13","玉山-台南",5,57,-52
"12245","2727王品","110/07/13","國票-新莊",40,1,39
"12246","2727王品","110/07/13","新加坡商瑞銀",0,48,-48
"12247","2727王品","110/07/13","第一金-豐原",66,42,24
"12248","2727王品","110/07/13","凱基-台北",41,77,-36
"12249","2727王品","110/07/13","永豐金-大園",34,10,24
"12250","2727王品","110/07/13","永豐金-永康",0,22,-22
"12251","2727王品","110/07/13","元大-北屯",22,0,22
"12252","2727王品","110/07/13","統一-台中",2,22,-20
"12253","2727王品","110/07/13","元大-東蘆",26,7,19
"12254","2727王品","110/07/13","國泰-台中",21,39,-18
"12255","2727王品","110/07/13","永豐金-萬盛",13,1,12
"12256","2727王品","110/07/13","合庫-彰化",3,20,-17
"12257","2727王品","110/07/13","日盛-嘉義",11,0,11
"12258","2727王品","110/07/13","港商野村",13,30,-17
"12259","2727王品","110/07/13","日盛-八德",11,0,11
"12260","2727王品","110/07/13","元大-楊梅",1,16,-15
"12261","2727王品","110/07/13","統一-竹南",11,0,11
"12262","2727王品","110/07/13","凱基-高美館",2,15,-13
"12263","2727王品","110/07/13","日盛-士林",12,2,10
"12264","2727王品","110/07/13","美商高盛",2,14,-12
"12265","2727王品","110/07/13","統一-敦南",10,0,10
"12266","2727王品","110/07/13","統一-平鎮",1,13,-12
"12267","2727王品","110/07/13","中國信託",15,5,10
"12268","2727王品","110/07/13","兆豐-台中港",4,16,-12
"12269","2727王品","110/07/13","兆豐-竹北",13,3,10
"12270","2727王品","110/07/13","凱基-八德",1,13,-12
"12271","1570力肯","110/07/13","新光",115,11,104
"12272","1570力肯","110/07/13","元大-北三重",0,162,-162
"12273","1570力肯","110/07/13","群益金鼎-高雄",54,0,54
"12274","1570力肯","110/07/13","元大-大灣",0,25,-25
"12275","1570力肯","110/07/13","國票-新莊",22,0,22
"12276","1570力肯","110/07/13","永豐金-苓雅",0,22,-22
"12277","1570力肯","110/07/13","日盛-桃園",12,0,12
"12278","1570力肯","110/07/13","永豐金-永康",0,19,-19
"12279","1570力肯","110/07/13","元大-高雄",12,0,12
"12280","1570力肯","110/07/13","富邦-員林",0,15,-15
"12281","1570力肯","110/07/13","合庫-自強",11,0,11
"12282","1570力肯","110/07/13","凱基-台南",0,11,-11
"12283","1570力肯","110/07/13","摩根大通",26,15,11
"12284","1570力肯","110/07/13","日盛-竹北",0,10,-10
"12285","1570力肯","110/07/13","永豐金-中盛",11,0,11
"12286","1570力肯","110/07/13","國票-九鼎",0,10,-10
"12287","1570力肯","110/07/13","兆豐-台中港",10,0,10
"12288","1570力肯","110/07/13","凱基-桃園",0,10,-10
"12289","1570力肯","110/07/13","國泰-松江",9,0,9
"12290","1570力肯","110/07/13","凱基-新豐",0,10,-10
"12291","1570力肯","110/07/13","元大-新盛",9,0,9
"12292","1570力肯","110/07/13","元大-學甲",0,10,-10
"12293","1570力肯","110/07/13","元富-緯城",6,0,6
"12294","1570力肯","110/07/13","群益金鼎-東湖",1,10,-9
"12295","1570力肯","110/07/13","統一-三重",5,0,5
"12296","1570力肯","110/07/13","大昌",0,6,-6
"12297","1570力肯","110/07/13","元大-前金",5,0,5
"12298","1570力肯","110/07/13","元大-土城學府",0,6,-6
"12299","1570力肯","110/07/13","永豐金證券",5,0,5
"12300","1570力肯","110/07/13","統一",0,5,-5
"12301","6180橘子","110/07/13","摩根大通",119,0,119
"12302","6180橘子","110/07/13","元大-崇德",2,61,-59
"12303","6180橘子","110/07/13","美商高盛",96,0,96
"12304","6180橘子","110/07/13","康和-台中",0,51,-51
"12305","6180橘子","110/07/13","新加坡商瑞銀",86,7,79
"12306","6180橘子","110/07/13","康和-台北",0,50,-50
"12307","6180橘子","110/07/13","元大-和平",40,0,40
"12308","6180橘子","110/07/13","元富-潮州",0,40,-40
"12309","6180橘子","110/07/13","凱基-台北",83,47,36
"12310","6180橘子","110/07/13","日盛-永康",0,26,-26
"12311","6180橘子","110/07/13","美林",39,5,34
"12312","6180橘子","110/07/13","永豐金-中正",0,24,-24
"12313","6180橘子","110/07/13","富邦-新竹華信",31,2,29
"12314","6180橘子","110/07/13","國泰-板橋",2,25,-23
"12315","6180橘子","110/07/13","統一-南京",21,0,21
"12316","6180橘子","110/07/13","日盛-大墩",0,20,-20
"12317","6180橘子","110/07/13","富邦-陽明",24,3,21
"12318","6180橘子","110/07/13","元大-草屯",13,32,-19
"12319","6180橘子","110/07/13","大昌-樹林",21,1,20
"12320","6180橘子","110/07/13","元富-林園",1,18,-17
"12321","6180橘子","110/07/13","花旗環球",19,0,19
"12322","6180橘子","110/07/13","新光-新竹",1,18,-17
"12323","6180橘子","110/07/13","華南永昌-台南",19,0,19
"12324","6180橘子","110/07/13","元大-土城永寧",0,17,-17
"12325","6180橘子","110/07/13","福勝",14,0,14
"12326","6180橘子","110/07/13","國泰-新莊",3,19,-16
"12327","6180橘子","110/07/13","富邦-嘉義",12,1,11
"12328","6180橘子","110/07/13","中國信託-永康",6,21,-15
"12329","6180橘子","110/07/13","元大-板橋三民",11,0,11
"12330","6180橘子","110/07/13","凱基-東港",1,15,-14
"12331","2390云辰","110/07/13","新加坡商瑞銀",562,75,487
"12332","2390云辰","110/07/13","大展-台南",0,532,-532
"12333","2390云辰","110/07/13","台灣摩根士丹利",330,155,175
"12334","2390云辰","110/07/13","凱基-台北",668,854,-186
"12335","2390云辰","110/07/13","兆豐-公益",126,25,101
"12336","2390云辰","110/07/13","凱基-三重",12,172,-160
"12337","2390云辰","110/07/13","元富-中港",100,2,98
"12338","2390云辰","110/07/13","兆豐-忠孝",4,161,-157
"12339","2390云辰","110/07/13","統一-新台中",106,9,97
"12340","2390云辰","110/07/13","元大-士林",19,170,-151
"12341","2390云辰","110/07/13","中國信託-松江",81,11,70
"12342","2390云辰","110/07/13","臺銀-新竹",14,117,-103
"12343","2390云辰","110/07/13","日盛-板橋",72,3,69
"12344","2390云辰","110/07/13","國票-台中",4,102,-98
"12345","2390云辰","110/07/13","日盛-和美",57,0,57
"12346","2390云辰","110/07/13","新光",147,232,-85
"12347","2390云辰","110/07/13","永豐金-桃園",88,36,52
"12348","2390云辰","110/07/13","致和-崇德",2,70,-68
"12349","2390云辰","110/07/13","玉山-士林",54,4,50
"12350","2390云辰","110/07/13","群益金鼎-屏東",2,70,-68
"12351","2390云辰","110/07/13","富邦-仁愛",56,6,50
"12352","2390云辰","110/07/13","元大-大里",35,98,-63
"12353","2390云辰","110/07/13","第一金-豐原",50,1,49
"12354","2390云辰","110/07/13","元大-萬華",35,94,-59
"12355","2390云辰","110/07/13","摩根大通",502,453,49
"12356","2390云辰","110/07/13","元富-吉利",2,60,-58
"12357","2390云辰","110/07/13","凱基-松山",61,13,48
"12358","2390云辰","110/07/13","兆豐-新竹",3,53,-50
"12359","2390云辰","110/07/13","大昌",64,22,42
"12360","2390云辰","110/07/13","富邦-嘉義",65,108,-43
"12361","2363矽統","110/07/13","凱基-南崁",2133,63,2070
"12362","2363矽統","110/07/13","凱基-幸福",36,4048,-4012
"12363","2363矽統","110/07/13","國泰-敦南",2195,1617,578
"12364","2363矽統","110/07/13","統一",192,3325,-3133
"12365","2363矽統","110/07/13","中農",670,139,531
"12366","2363矽統","110/07/13","新加坡商瑞銀",1000,2747,-1747
"12367","2363矽統","110/07/13","康和-台中",638,154,484
"12368","2363矽統","110/07/13","凱基-台北",5359,6609,-1250
"12369","2363矽統","110/07/13","群益金鼎-三民",577,137,440
"12370","2363矽統","110/07/13","摩根大通",1930,2858,-928
"12371","2363矽統","110/07/13","台新-屏東",510,88,422
"12372","2363矽統","110/07/13","港商野村",960,1679,-719
"12373","2363矽統","110/07/13","德信-中正",455,67,388
"12374","2363矽統","110/07/13","兆豐-復興",25,705,-680
"12375","2363矽統","110/07/13","日盛-竹北",365,70,295
"12376","2363矽統","110/07/13","統一-仁愛",114,755,-641
"12377","2363矽統","110/07/13","元大-佳里",452,189,263
"12378","2363矽統","110/07/13","統一-敦南",29,638,-609
"12379","2363矽統","110/07/13","國票-博愛",296,38,258
"12380","2363矽統","110/07/13","統一-土城",100,704,-604
"12381","2363矽統","110/07/13","元大-萬華",340,95,245
"12382","2363矽統","110/07/13","統一-城中",116,676,-560
"12383","2363矽統","110/07/13","新光",1259,1031,228
"12384","2363矽統","110/07/13","永豐金證券",306,859,-553
"12385","2363矽統","110/07/13","元富-成功",323,96,227
"12386","2363矽統","110/07/13","元富",54,567,-513
"12387","2363矽統","110/07/13","豐農",228,23,205
"12388","2363矽統","110/07/13","瑞士信貸",202,666,-464
"12389","2363矽統","110/07/13","台灣企銀-岡山",186,4,182
"12390","2363矽統","110/07/13","永豐金-嘉義",67,468,-401
"12391","8112至上","110/07/13","摩根大通",688,296,392
"12392","8112至上","110/07/13","國票-中和",0,401,-401
"12393","8112至上","110/07/13","港商野村",344,145,199
"12394","8112至上","110/07/13","永豐金-板盛",0,205,-205
"12395","8112至上","110/07/13","兆豐-公益",195,5,190
"12396","8112至上","110/07/13","凱基-五股",43,155,-112
"12397","8112至上","110/07/13","台灣摩根士丹利",183,0,183
"12398","8112至上","110/07/13","凱基-市政",0,100,-100
"12399","8112至上","110/07/13","群益金鼎-敦南",153,2,151
"12400","8112至上","110/07/13","元大-大里德芳",1,92,-91
"12401","8112至上","110/07/13","臺銀-金山",146,26,120
"12402","8112至上","110/07/13","玉山-桃園",26,110,-84
"12403","8112至上","110/07/13","臺銀",133,19,114
"12404","8112至上","110/07/13","兆豐-天母",0,81,-81
"12405","8112至上","110/07/13","合庫-台中",115,6,109
"12406","8112至上","110/07/13","凱基-城中",3,84,-81
"12407","8112至上","110/07/13","亞東-板橋",134,26,108
"12408","8112至上","110/07/13","日盛-新莊",9,85,-76
"12409","8112至上","110/07/13","凱基-台北",414,326,88
"12410","8112至上","110/07/13","日盛-台中",2,64,-62
"12411","8112至上","110/07/13","新加坡商瑞銀",181,100,81
"12412","8112至上","110/07/13","日盛-中壢",3,64,-61
"12413","8112至上","110/07/13","國泰-敦南",108,31,77
"12414","8112至上","110/07/13","元大-台中",2,59,-57
"12415","8112至上","110/07/13","第一金-華江",77,4,73
"12416","8112至上","110/07/13","元大-雙和",7,64,-57
"12417","8112至上","110/07/13","永豐金-內湖",73,1,72
"12418","8112至上","110/07/13","元大-高雄",8,62,-54
"12419","8112至上","110/07/13","元大-永和",68,1,67
"12420","8112至上","110/07/13","元大-館前",2,55,-53
"12421","4903聯光通","110/07/13","台灣企銀-太平",56,0,56
"12422","4903聯光通","110/07/13","土銀",0,32,-32
"12423","4903聯光通","110/07/13","元富-新興",23,0,23
"12424","4903聯光通","110/07/13","元大-樹林",0,19,-19
"12425","4903聯光通","110/07/13","日盛-樹林",22,0,22
"12426","4903聯光通","110/07/13","凱基-士林",0,17,-17
"12427","4903聯光通","110/07/13","兆豐-天母",20,0,20
"12428","4903聯光通","110/07/13","國票-博愛",0,14,-14
"12429","4903聯光通","110/07/13","華南永昌-桃園",20,0,20
"12430","4903聯光通","110/07/13","元富",0,10,-10
"12431","4903聯光通","110/07/13","富邦-新店",10,0,10
"12432","4903聯光通","110/07/13","新光",0,10,-10
"12433","4903聯光通","110/07/13","新光-台中",5,0,5
"12434","4903聯光通","110/07/13","玉山-南京東路",0,10,-10
"12435","4903聯光通","110/07/13","華南永昌-台中",5,0,5
"12436","4903聯光通","110/07/13","富邦-陽明",0,10,-10
"12437","4903聯光通","110/07/13","元大-崇德",5,0,5
"12438","4903聯光通","110/07/13","元大-大甲",0,8,-8
"12439","4903聯光通","110/07/13","元大-草屯",5,0,5
"12440","4903聯光通","110/07/13","富邦-台中",0,7,-7
"12441","4903聯光通","110/07/13","元富-草屯",4,0,4
"12442","4903聯光通","110/07/13","凱基-中壢",0,6,-6
"12443","4903聯光通","110/07/13","元大-清水",4,0,4
"12444","4903聯光通","110/07/13","臺銀-民權",0,5,-5
"12445","4903聯光通","110/07/13","元大-東泰",4,0,4
"12446","4903聯光通","110/07/13","日盛-板橋",0,5,-5
"12447","4903聯光通","110/07/13","元大-佳里",2,0,2
"12448","4903聯光通","110/07/13","中國信託-忠孝",0,5,-5
"12449","4903聯光通","110/07/13","永豐金-板橋",2,0,2
"12450","4903聯光通","110/07/13","永豐金-鳳山",0,5,-5
"12451","2929淘帝","110/07/13","玉山-新竹",130,0,130
"12452","2929淘帝","110/07/13","美商高盛",0,177,-177
"12453","2929淘帝","110/07/13","臺銀-民權",60,0,60
"12454","2929淘帝","110/07/13","凱基-台北",6,80,-74
"12455","2929淘帝","110/07/13","新百王",31,0,31
"12456","2929淘帝","110/07/13","元富-大裕",0,49,-49
"12457","2929淘帝","110/07/13","日盛-園區",30,0,30
"12458","2929淘帝","110/07/13","國泰-館前",3,51,-48
"12459","2929淘帝","110/07/13","元大-南投",31,1,30
"12460","2929淘帝","110/07/13","凱基-中壢",0,41,-41
"12461","2929淘帝","110/07/13","兆豐-忠孝",28,0,28
"12462","2929淘帝","110/07/13","港商野村",21,55,-34
"12463","2929淘帝","110/07/13","元大-民生",28,0,28
"12464","2929淘帝","110/07/13","華南永昌-南京",2,34,-32
"12465","2929淘帝","110/07/13","合庫-高雄",27,0,27
"12466","2929淘帝","110/07/13","群益金鼎-土城",0,30,-30
"12467","2929淘帝","110/07/13","凱基-豐中",27,0,27
"12468","2929淘帝","110/07/13","富邦-南屯",0,22,-22
"12469","2929淘帝","110/07/13","新光",21,4,17
"12470","2929淘帝","110/07/13","第一金-豐原",0,20,-20
"12471","2929淘帝","110/07/13","元大-天母",17,0,17
"12472","2929淘帝","110/07/13","元大-屏南",6,26,-20
"12473","2929淘帝","110/07/13","永興",14,0,14
"12474","2929淘帝","110/07/13","永豐金-敦南",1,21,-20
"12475","2929淘帝","110/07/13","富邦-台北",12,0,12
"12476","2929淘帝","110/07/13","凱基-三重",2,21,-19
"12477","2929淘帝","110/07/13","元大-永和",12,0,12
"12478","2929淘帝","110/07/13","富邦-仁愛",7,25,-18
"12479","2929淘帝","110/07/13","國票-天祥",11,0,11
"12480","2929淘帝","110/07/13","元大-北投",0,16,-16
"12481","5410國眾","110/07/13","兆豐-城中",274,0,274
"12482","5410國眾","110/07/13","元富-嘉義",0,103,-103
"12483","5410國眾","110/07/13","新光",50,4,46
"12484","5410國眾","110/07/13","凱基-台北",0,50,-50
"12485","5410國眾","110/07/13","國泰-台中",26,0,26
"12486","5410國眾","110/07/13","瑞士信貸",0,31,-31
"12487","5410國眾","110/07/13","新加坡商瑞銀",22,0,22
"12488","5410國眾","110/07/13","台新-新莊",0,27,-27
"12489","5410國眾","110/07/13","光和-嘉義",20,0,20
"12490","5410國眾","110/07/13","元大-汐止",0,20,-20
"12491","5410國眾","110/07/13","凱基-竹北",17,0,17
"12492","5410國眾","110/07/13","亞東-新竹",0,17,-17
"12493","5410國眾","110/07/13","新光-桃園",15,0,15
"12494","5410國眾","110/07/13","元大-南勢角",0,13,-13
"12495","5410國眾","110/07/13","凱基-台東",14,0,14
"12496","5410國眾","110/07/13","台新-台南",0,12,-12
"12497","5410國眾","110/07/13","富邦-竹北",11,0,11
"12498","5410國眾","110/07/13","中國信託",0,11,-11
"12499","5410國眾","110/07/13","元富-同大",10,0,10
"12500","5410國眾","110/07/13","華南永昌",0,11,-11
"12501","5410國眾","110/07/13","國泰-敦南",24,15,9
"12502","5410國眾","110/07/13","臺銀-臺南",0,10,-10
"12503","5410國眾","110/07/13","日盛-內湖",7,0,7
"12504","5410國眾","110/07/13","台灣企銀-民雄",0,10,-10
"12505","5410國眾","110/07/13","台新-左楠",7,0,7
"12506","5410國眾","110/07/13","高橋",0,10,-10
"12507","5410國眾","110/07/13","元大-新盛",18,12,6
"12508","5410國眾","110/07/13","康和-嘉義",0,10,-10
"12509","5410國眾","110/07/13","統一",5,0,5
"12510","5410國眾","110/07/13","凱基-基隆",0,10,-10
"12511","2841台開","110/07/13","中國信託-高雄",251,50,201
"12512","2841台開","110/07/13","兆豐-公益",0,177,-177
"12513","2841台開","110/07/13","日盛證券",210,13,197
"12514","2841台開","110/07/13","日進",0,152,-152
"12515","2841台開","110/07/13","第一金-台中",55,0,55
"12516","2841台開","110/07/13","港商野村",0,109,-109
"12517","2841台開","110/07/13","國泰-板橋",46,0,46
"12518","2841台開","110/07/13","日盛-信義",0,103,-103
"12519","2841台開","110/07/13","國泰-館前",48,3,45
"12520","2841台開","110/07/13","國泰-敦南",11,75,-64
"12521","2841台開","110/07/13","華南永昌-新莊",45,0,45
"12522","2841台開","110/07/13","永興",0,50,-50
"12523","2841台開","110/07/13","日盛-園區",42,0,42
"12524","2841台開","110/07/13","永豐金-敦南",61,104,-43
"12525","2841台開","110/07/13","台新證券",32,0,32
"12526","2841台開","110/07/13","富邦-台南",0,42,-42
"12527","2841台開","110/07/13","台新-高雄",32,2,30
"12528","2841台開","110/07/13","國票-安和",0,30,-30
"12529","2841台開","110/07/13","豐農",23,0,23
"12530","2841台開","110/07/13","元大-桃園",0,25,-25
"12531","2841台開","110/07/13","合庫-嘉義",20,0,20
"12532","2841台開","110/07/13","新光",8,32,-24
"12533","2841台開","110/07/13","華南永昌-高雄",20,0,20
"12534","2841台開","110/07/13","元大-仁愛",0,24,-24
"12535","2841台開","110/07/13","元大-樹林",16,0,16
"12536","2841台開","110/07/13","日盛-中和",0,20,-20
"12537","2841台開","110/07/13","第一金-華江",15,2,13
"12538","2841台開","110/07/13","元富",0,20,-20
"12539","2841台開","110/07/13","美商高盛",12,0,12
"12540","2841台開","110/07/13","富邦-宜蘭",0,20,-20
"12541","6207雷科","110/07/13","元大-高雄",121,0,121
"12542","6207雷科","110/07/13","華南永昌-朴子",1,60,-59
"12543","6207雷科","110/07/13","第一金-新興",20,0,20
"12544","6207雷科","110/07/13","元大-南海",0,36,-36
"12545","6207雷科","110/07/13","元富-三重",20,0,20
"12546","6207雷科","110/07/13","凱基-土城",0,35,-35
"12547","6207雷科","110/07/13","元大-林園",15,0,15
"12548","6207雷科","110/07/13","台灣企銀",0,20,-20
"12549","6207雷科","110/07/13","元大-金華",16,1,15
"12550","6207雷科","110/07/13","群益金鼎-丹鳳",0,20,-20
"12551","6207雷科","110/07/13","日盛證券",10,0,10
"12552","6207雷科","110/07/13","元大-博愛",0,17,-17
"12553","6207雷科","110/07/13","統一-台中",10,0,10
"12554","6207雷科","110/07/13","元大-北港",0,13,-13
"12555","6207雷科","110/07/13","群益金鼎-土城",10,0,10
"12556","6207雷科","110/07/13","新加坡商瑞銀",0,12,-12
"12557","6207雷科","110/07/13","群益金鼎-桃園",10,0,10
"12558","6207雷科","110/07/13","凱基-台北",4,16,-12
"12559","6207雷科","110/07/13","永豐金-新莊",10,0,10
"12560","6207雷科","110/07/13","日茂-埔里",0,11,-11
"12561","6207雷科","110/07/13","永豐金-新店",10,0,10
"12562","6207雷科","110/07/13","元大-莒光",0,11,-11
"12563","6207雷科","110/07/13","元大證券",9,0,9
"12564","6207雷科","110/07/13","統一-新竹",0,10,-10
"12565","6207雷科","110/07/13","日盛-木柵",9,1,8
"12566","6207雷科","110/07/13","元大-西螺",0,10,-10
"12567","6207雷科","110/07/13","兆豐-來福",8,0,8
"12568","6207雷科","110/07/13","康和-台中",0,8,-8
"12569","6207雷科","110/07/13","新光",7,0,7
"12570","6207雷科","110/07/13","兆豐-高雄",0,6,-6
"12571","3679新至陞","110/07/13","永豐金證券",50,0,50
"12572","3679新至陞","110/07/13","摩根大通",2,25,-23
"12573","3679新至陞","110/07/13","國泰-桃園",22,0,22
"12574","3679新至陞","110/07/13","元大-成功",0,22,-22
"12575","3679新至陞","110/07/13","台中銀-員林",11,0,11
"12576","3679新至陞","110/07/13","富邦-板橋",1,19,-18
"12577","3679新至陞","110/07/13","元大-文心興安",8,0,8
"12578","3679新至陞","110/07/13","日盛-新莊",0,10,-10
"12579","3679新至陞","110/07/13","美商高盛",6,0,6
"12580","3679新至陞","110/07/13","台新-台中",0,10,-10
"12581","3679新至陞","110/07/13","台新-高雄",6,0,6
"12582","3679新至陞","110/07/13","永豐金-新竹",0,8,-8
"12583","3679新至陞","110/07/13","凱基-台北",18,12,6
"12584","3679新至陞","110/07/13","瑞士信貸",12,19,-7
"12585","3679新至陞","110/07/13","日盛-復興",5,0,5
"12586","3679新至陞","110/07/13","統一-南京",0,7,-7
"12587","3679新至陞","110/07/13","(牛牛牛)亞-鑫豐",4,0,4
"12588","3679新至陞","110/07/13","凱基-新莊",0,7,-7
"12589","3679新至陞","110/07/13","元富-大昌",3,0,3
"12590","3679新至陞","110/07/13","新加坡商瑞銀",0,6,-6
"12591","3679新至陞","110/07/13","富邦-台北",3,0,3
"12592","3679新至陞","110/07/13","合庫-自強",0,5,-5
"12593","3679新至陞","110/07/13","日盛-樹林",2,0,2
"12594","3679新至陞","110/07/13","富邦-桃園",0,5,-5
"12595","3679新至陞","110/07/13","宏遠-光隆",2,0,2
"12596","3679新至陞","110/07/13","永豐金-潮州",0,4,-4
"12597","3679新至陞","110/07/13","美林",3,1,2
"12598","3679新至陞","110/07/13","臺銀-臺南",0,3,-3
"12599","3679新至陞","110/07/13","第一金-中壢",2,0,2
"12600","3679新至陞","110/07/13","元大-六合",0,3,-3
"12601","2727王品","110/07/13","富邦-台北",43,3,40
"12602","2727王品","110/07/13","台灣摩根士丹利",15,97,-82
"12603","2727王品","110/07/13","元大-基隆孝二",40,0,40
"12604","2727王品","110/07/13","玉山-台南",5,57,-52
"12605","2727王品","110/07/13","國票-新莊",40,1,39
"12606","2727王品","110/07/13","新加坡商瑞銀",0,48,-48
"12607","2727王品","110/07/13","第一金-豐原",66,42,24
"12608","2727王品","110/07/13","凱基-台北",41,77,-36
"12609","2727王品","110/07/13","永豐金-大園",34,10,24
"12610","2727王品","110/07/13","永豐金-永康",0,22,-22
"12611","2727王品","110/07/13","元大-北屯",22,0,22
"12612","2727王品","110/07/13","統一-台中",2,22,-20
"12613","2727王品","110/07/13","元大-東蘆",26,7,19
"12614","2727王品","110/07/13","國泰-台中",21,39,-18
"12615","2727王品","110/07/13","永豐金-萬盛",13,1,12
"12616","2727王品","110/07/13","合庫-彰化",3,20,-17
"12617","2727王品","110/07/13","日盛-嘉義",11,0,11
"12618","2727王品","110/07/13","港商野村",13,30,-17
"12619","2727王品","110/07/13","日盛-八德",11,0,11
"12620","2727王品","110/07/13","元大-楊梅",1,16,-15
"12621","2727王品","110/07/13","統一-竹南",11,0,11
"12622","2727王品","110/07/13","凱基-高美館",2,15,-13
"12623","2727王品","110/07/13","日盛-士林",12,2,10
"12624","2727王品","110/07/13","美商高盛",2,14,-12
"12625","2727王品","110/07/13","統一-敦南",10,0,10
"12626","2727王品","110/07/13","統一-平鎮",1,13,-12
"12627","2727王品","110/07/13","中國信託",15,5,10
"12628","2727王品","110/07/13","兆豐-台中港",4,16,-12
"12629","2727王品","110/07/13","兆豐-竹北",13,3,10
"12630","2727王品","110/07/13","凱基-八德",1,13,-12
"12631","1570力肯","110/07/13","新光",115,11,104
"12632","1570力肯","110/07/13","元大-北三重",0,162,-162
"12633","1570力肯","110/07/13","群益金鼎-高雄",54,0,54
"12634","1570力肯","110/07/13","元大-大灣",0,25,-25
"12635","1570力肯","110/07/13","國票-新莊",22,0,22
"12636","1570力肯","110/07/13","永豐金-苓雅",0,22,-22
"12637","1570力肯","110/07/13","日盛-桃園",12,0,12
"12638","1570力肯","110/07/13","永豐金-永康",0,19,-19
"12639","1570力肯","110/07/13","元大-高雄",12,0,12
"12640","1570力肯","110/07/13","富邦-員林",0,15,-15
"12641","1570力肯","110/07/13","合庫-自強",11,0,11
"12642","1570力肯","110/07/13","凱基-台南",0,11,-11
"12643","1570力肯","110/07/13","摩根大通",26,15,11
"12644","1570力肯","110/07/13","日盛-竹北",0,10,-10
"12645","1570力肯","110/07/13","永豐金-中盛",11,0,11
"12646","1570力肯","110/07/13","國票-九鼎",0,10,-10
"12647","1570力肯","110/07/13","兆豐-台中港",10,0,10
"12648","1570力肯","110/07/13","凱基-桃園",0,10,-10
"12649","1570力肯","110/07/13","國泰-松江",9,0,9
"12650","1570力肯","110/07/13","凱基-新豐",0,10,-10
"12651","1570力肯","110/07/13","元大-新盛",9,0,9
"12652","1570力肯","110/07/13","元大-學甲",0,10,-10
"12653","1570力肯","110/07/13","元富-緯城",6,0,6
"12654","1570力肯","110/07/13","群益金鼎-東湖",1,10,-9
"12655","1570力肯","110/07/13","統一-三重",5,0,5
"12656","1570力肯","110/07/13","大昌",0,6,-6
"12657","1570力肯","110/07/13","元大-前金",5,0,5
"12658","1570力肯","110/07/13","元大-土城學府",0,6,-6
"12659","1570力肯","110/07/13","永豐金證券",5,0,5
"12660","1570力肯","110/07/13","統一",0,5,-5
"12661","6180橘子","110/07/13","摩根大通",119,0,119
"12662","6180橘子","110/07/13","元大-崇德",2,61,-59
"12663","6180橘子","110/07/13","美商高盛",96,0,96
"12664","6180橘子","110/07/13","康和-台中",0,51,-51
"12665","6180橘子","110/07/13","新加坡商瑞銀",86,7,79
"12666","6180橘子","110/07/13","康和-台北",0,50,-50
"12667","6180橘子","110/07/13","元大-和平",40,0,40
"12668","6180橘子","110/07/13","元富-潮州",0,40,-40
"12669","6180橘子","110/07/13","凱基-台北",83,47,36
"12670","6180橘子","110/07/13","日盛-永康",0,26,-26
"12671","6180橘子","110/07/13","美林",39,5,34
"12672","6180橘子","110/07/13","永豐金-中正",0,24,-24
"12673","6180橘子","110/07/13","富邦-新竹華信",31,2,29
"12674","6180橘子","110/07/13","國泰-板橋",2,25,-23
"12675","6180橘子","110/07/13","統一-南京",21,0,21
"12676","6180橘子","110/07/13","日盛-大墩",0,20,-20
"12677","6180橘子","110/07/13","富邦-陽明",24,3,21
"12678","6180橘子","110/07/13","元大-草屯",13,32,-19
"12679","6180橘子","110/07/13","大昌-樹林",21,1,20
"12680","6180橘子","110/07/13","元富-林園",1,18,-17
"12681","6180橘子","110/07/13","花旗環球",19,0,19
"12682","6180橘子","110/07/13","新光-新竹",1,18,-17
"12683","6180橘子","110/07/13","華南永昌-台南",19,0,19
"12684","6180橘子","110/07/13","元大-土城永寧",0,17,-17
"12685","6180橘子","110/07/13","福勝",14,0,14
"12686","6180橘子","110/07/13","國泰-新莊",3,19,-16
"12687","6180橘子","110/07/13","富邦-嘉義",12,1,11
"12688","6180橘子","110/07/13","中國信託-永康",6,21,-15
"12689","6180橘子","110/07/13","元大-板橋三民",11,0,11
"12690","6180橘子","110/07/13","凱基-東港",1,15,-14
"12691","2390云辰","110/07/13","新加坡商瑞銀",562,75,487
"12692","2390云辰","110/07/13","大展-台南",0,532,-532
"12693","2390云辰","110/07/13","台灣摩根士丹利",330,155,175
"12694","2390云辰","110/07/13","凱基-台北",668,854,-186
"12695","2390云辰","110/07/13","兆豐-公益",126,25,101
"12696","2390云辰","110/07/13","凱基-三重",12,172,-160
"12697","2390云辰","110/07/13","元富-中港",100,2,98
"12698","2390云辰","110/07/13","兆豐-忠孝",4,161,-157
"12699","2390云辰","110/07/13","統一-新台中",106,9,97
"12700","2390云辰","110/07/13","元大-士林",19,170,-151
"12701","2390云辰","110/07/13","中國信託-松江",81,11,70
"12702","2390云辰","110/07/13","臺銀-新竹",14,117,-103
"12703","2390云辰","110/07/13","日盛-板橋",72,3,69
"12704","2390云辰","110/07/13","國票-台中",4,102,-98
"12705","2390云辰","110/07/13","日盛-和美",57,0,57
"12706","2390云辰","110/07/13","新光",147,232,-85
"12707","2390云辰","110/07/13","永豐金-桃園",88,36,52
"12708","2390云辰","110/07/13","致和-崇德",2,70,-68
"12709","2390云辰","110/07/13","玉山-士林",54,4,50
"12710","2390云辰","110/07/13","群益金鼎-屏東",2,70,-68
"12711","2390云辰","110/07/13","富邦-仁愛",56,6,50
"12712","2390云辰","110/07/13","元大-大里",35,98,-63
"12713","2390云辰","110/07/13","第一金-豐原",50,1,49
"12714","2390云辰","110/07/13","元大-萬華",35,94,-59
"12715","2390云辰","110/07/13","摩根大通",502,453,49
"12716","2390云辰","110/07/13","元富-吉利",2,60,-58
"12717","2390云辰","110/07/13","凱基-松山",61,13,48
"12718","2390云辰","110/07/13","兆豐-新竹",3,53,-50
"12719","2390云辰","110/07/13","大昌",64,22,42
"12720","2390云辰","110/07/13","富邦-嘉義",65,108,-43
"12721","2363矽統","110/07/13","凱基-南崁",2133,63,2070
"12722","2363矽統","110/07/13","凱基-幸福",36,4048,-4012
"12723","2363矽統","110/07/13","國泰-敦南",2195,1617,578
"12724","2363矽統","110/07/13","統一",192,3325,-3133
"12725","2363矽統","110/07/13","中農",670,139,531
"12726","2363矽統","110/07/13","新加坡商瑞銀",1000,2747,-1747
"12727","2363矽統","110/07/13","康和-台中",638,154,484
"12728","2363矽統","110/07/13","凱基-台北",5359,6609,-1250
"12729","2363矽統","110/07/13","群益金鼎-三民",577,137,440
"12730","2363矽統","110/07/13","摩根大通",1930,2858,-928
"12731","2363矽統","110/07/13","台新-屏東",510,88,422
"12732","2363矽統","110/07/13","港商野村",960,1679,-719
"12733","2363矽統","110/07/13","德信-中正",455,67,388
"12734","2363矽統","110/07/13","兆豐-復興",25,705,-680
"12735","2363矽統","110/07/13","日盛-竹北",365,70,295
"12736","2363矽統","110/07/13","統一-仁愛",114,755,-641
"12737","2363矽統","110/07/13","元大-佳里",452,189,263
"12738","2363矽統","110/07/13","統一-敦南",29,638,-609
"12739","2363矽統","110/07/13","國票-博愛",296,38,258
"12740","2363矽統","110/07/13","統一-土城",100,704,-604
"12741","2363矽統","110/07/13","元大-萬華",340,95,245
"12742","2363矽統","110/07/13","統一-城中",116,676,-560
"12743","2363矽統","110/07/13","新光",1259,1031,228
"12744","2363矽統","110/07/13","永豐金證券",306,859,-553
"12745","2363矽統","110/07/13","元富-成功",323,96,227
"12746","2363矽統","110/07/13","元富",54,567,-513
"12747","2363矽統","110/07/13","豐農",228,23,205
"12748","2363矽統","110/07/13","瑞士信貸",202,666,-464
"12749","2363矽統","110/07/13","台灣企銀-岡山",186,4,182
"12750","2363矽統","110/07/13","永豐金-嘉義",67,468,-401
"12751","8112至上","110/07/13","摩根大通",688,296,392
"12752","8112至上","110/07/13","國票-中和",0,401,-401
"12753","8112至上","110/07/13","港商野村",344,145,199
"12754","8112至上","110/07/13","永豐金-板盛",0,205,-205
"12755","8112至上","110/07/13","兆豐-公益",195,5,190
"12756","8112至上","110/07/13","凱基-五股",43,155,-112
"12757","8112至上","110/07/13","台灣摩根士丹利",183,0,183
"12758","8112至上","110/07/13","凱基-市政",0,100,-100
"12759","8112至上","110/07/13","群益金鼎-敦南",153,2,151
"12760","8112至上","110/07/13","元大-大里德芳",1,92,-91
"12761","8112至上","110/07/13","臺銀-金山",146,26,120
"12762","8112至上","110/07/13","玉山-桃園",26,110,-84
"12763","8112至上","110/07/13","臺銀",133,19,114
"12764","8112至上","110/07/13","兆豐-天母",0,81,-81
"12765","8112至上","110/07/13","合庫-台中",115,6,109
"12766","8112至上","110/07/13","凱基-城中",3,84,-81
"12767","8112至上","110/07/13","亞東-板橋",134,26,108
"12768","8112至上","110/07/13","日盛-新莊",9,85,-76
"12769","8112至上","110/07/13","凱基-台北",414,326,88
"12770","8112至上","110/07/13","日盛-台中",2,64,-62
"12771","8112至上","110/07/13","新加坡商瑞銀",181,100,81
"12772","8112至上","110/07/13","日盛-中壢",3,64,-61
"12773","8112至上","110/07/13","國泰-敦南",108,31,77
"12774","8112至上","110/07/13","元大-台中",2,59,-57
"12775","8112至上","110/07/13","第一金-華江",77,4,73
"12776","8112至上","110/07/13","元大-雙和",7,64,-57
"12777","8112至上","110/07/13","永豐金-內湖",73,1,72
"12778","8112至上","110/07/13","元大-高雄",8,62,-54
"12779","8112至上","110/07/13","元大-永和",68,1,67
"12780","8112至上","110/07/13","元大-館前",2,55,-53
"12781","4903聯光通","110/07/13","台灣企銀-太平",56,0,56
"12782","4903聯光通","110/07/13","土銀",0,32,-32
"12783","4903聯光通","110/07/13","元富-新興",23,0,23
"12784","4903聯光通","110/07/13","元大-樹林",0,19,-19
"12785","4903聯光通","110/07/13","日盛-樹林",22,0,22
"12786","4903聯光通","110/07/13","凱基-士林",0,17,-17
"12787","4903聯光通","110/07/13","兆豐-天母",20,0,20
"12788","4903聯光通","110/07/13","國票-博愛",0,14,-14
"12789","4903聯光通","110/07/13","華南永昌-桃園",20,0,20
"12790","4903聯光通","110/07/13","元富",0,10,-10
"12791","4903聯光通","110/07/13","富邦-新店",10,0,10
"12792","4903聯光通","110/07/13","新光",0,10,-10
"12793","4903聯光通","110/07/13","新光-台中",5,0,5
"12794","4903聯光通","110/07/13","玉山-南京東路",0,10,-10
"12795","4903聯光通","110/07/13","華南永昌-台中",5,0,5
"12796","4903聯光通","110/07/13","富邦-陽明",0,10,-10
"12797","4903聯光通","110/07/13","元大-崇德",5,0,5
"12798","4903聯光通","110/07/13","元大-大甲",0,8,-8
"12799","4903聯光通","110/07/13","元大-草屯",5,0,5
"12800","4903聯光通","110/07/13","富邦-台中",0,7,-7
"12801","4903聯光通","110/07/13","元富-草屯",4,0,4
"12802","4903聯光通","110/07/13","凱基-中壢",0,6,-6
"12803","4903聯光通","110/07/13","元大-清水",4,0,4
"12804","4903聯光通","110/07/13","臺銀-民權",0,5,-5
"12805","4903聯光通","110/07/13","元大-東泰",4,0,4
"12806","4903聯光通","110/07/13","日盛-板橋",0,5,-5
"12807","4903聯光通","110/07/13","元大-佳里",2,0,2
"12808","4903聯光通","110/07/13","中國信託-忠孝",0,5,-5
"12809","4903聯光通","110/07/13","永豐金-板橋",2,0,2
"12810","4903聯光通","110/07/13","永豐金-鳳山",0,5,-5
"12811","2929淘帝","110/07/13","玉山-新竹",130,0,130
"12812","2929淘帝","110/07/13","美商高盛",0,177,-177
"12813","2929淘帝","110/07/13","臺銀-民權",60,0,60
"12814","2929淘帝","110/07/13","凱基-台北",6,80,-74
"12815","2929淘帝","110/07/13","新百王",31,0,31
"12816","2929淘帝","110/07/13","元富-大裕",0,49,-49
"12817","2929淘帝","110/07/13","日盛-園區",30,0,30
"12818","2929淘帝","110/07/13","國泰-館前",3,51,-48
"12819","2929淘帝","110/07/13","元大-南投",31,1,30
"12820","2929淘帝","110/07/13","凱基-中壢",0,41,-41
"12821","2929淘帝","110/07/13","兆豐-忠孝",28,0,28
"12822","2929淘帝","110/07/13","港商野村",21,55,-34
"12823","2929淘帝","110/07/13","元大-民生",28,0,28
"12824","2929淘帝","110/07/13","華南永昌-南京",2,34,-32
"12825","2929淘帝","110/07/13","合庫-高雄",27,0,27
"12826","2929淘帝","110/07/13","群益金鼎-土城",0,30,-30
"12827","2929淘帝","110/07/13","凱基-豐中",27,0,27
"12828","2929淘帝","110/07/13","富邦-南屯",0,22,-22
"12829","2929淘帝","110/07/13","新光",21,4,17
"12830","2929淘帝","110/07/13","第一金-豐原",0,20,-20
"12831","2929淘帝","110/07/13","元大-天母",17,0,17
"12832","2929淘帝","110/07/13","元大-屏南",6,26,-20
"12833","2929淘帝","110/07/13","永興",14,0,14
"12834","2929淘帝","110/07/13","永豐金-敦南",1,21,-20
"12835","2929淘帝","110/07/13","富邦-台北",12,0,12
"12836","2929淘帝","110/07/13","凱基-三重",2,21,-19
"12837","2929淘帝","110/07/13","元大-永和",12,0,12
"12838","2929淘帝","110/07/13","富邦-仁愛",7,25,-18
"12839","2929淘帝","110/07/13","國票-天祥",11,0,11
"12840","2929淘帝","110/07/13","元大-北投",0,16,-16
"12841","5410國眾","110/07/13","兆豐-城中",274,0,274
"12842","5410國眾","110/07/13","元富-嘉義",0,103,-103
"12843","5410國眾","110/07/13","新光",50,4,46
"12844","5410國眾","110/07/13","凱基-台北",0,50,-50
"12845","5410國眾","110/07/13","國泰-台中",26,0,26
"12846","5410國眾","110/07/13","瑞士信貸",0,31,-31
"12847","5410國眾","110/07/13","新加坡商瑞銀",22,0,22
"12848","5410國眾","110/07/13","台新-新莊",0,27,-27
"12849","5410國眾","110/07/13","光和-嘉義",20,0,20
"12850","5410國眾","110/07/13","元大-汐止",0,20,-20
"12851","5410國眾","110/07/13","凱基-竹北",17,0,17
"12852","5410國眾","110/07/13","亞東-新竹",0,17,-17
"12853","5410國眾","110/07/13","新光-桃園",15,0,15
"12854","5410國眾","110/07/13","元大-南勢角",0,13,-13
"12855","5410國眾","110/07/13","凱基-台東",14,0,14
"12856","5410國眾","110/07/13","台新-台南",0,12,-12
"12857","5410國眾","110/07/13","富邦-竹北",11,0,11
"12858","5410國眾","110/07/13","中國信託",0,11,-11
"12859","5410國眾","110/07/13","元富-同大",10,0,10
"12860","5410國眾","110/07/13","華南永昌",0,11,-11
"12861","5410國眾","110/07/13","國泰-敦南",24,15,9
"12862","5410國眾","110/07/13","臺銀-臺南",0,10,-10
"12863","5410國眾","110/07/13","日盛-內湖",7,0,7
"12864","5410國眾","110/07/13","台灣企銀-民雄",0,10,-10
"12865","5410國眾","110/07/13","台新-左楠",7,0,7
"12866","5410國眾","110/07/13","高橋",0,10,-10
"12867","5410國眾","110/07/13","元大-新盛",18,12,6
"12868","5410國眾","110/07/13","康和-嘉義",0,10,-10
"12869","5410國眾","110/07/13","統一",5,0,5
"12870","5410國眾","110/07/13","凱基-基隆",0,10,-10
"12871","2841台開","110/07/13","中國信託-高雄",251,50,201
"12872","2841台開","110/07/13","兆豐-公益",0,177,-177
"12873","2841台開","110/07/13","日盛證券",210,13,197
"12874","2841台開","110/07/13","日進",0,152,-152
"12875","2841台開","110/07/13","第一金-台中",55,0,55
"12876","2841台開","110/07/13","港商野村",0,109,-109
"12877","2841台開","110/07/13","國泰-板橋",46,0,46
"12878","2841台開","110/07/13","日盛-信義",0,103,-103
"12879","2841台開","110/07/13","國泰-館前",48,3,45
"12880","2841台開","110/07/13","國泰-敦南",11,75,-64
"12881","2841台開","110/07/13","華南永昌-新莊",45,0,45
"12882","2841台開","110/07/13","永興",0,50,-50
"12883","2841台開","110/07/13","日盛-園區",42,0,42
"12884","2841台開","110/07/13","永豐金-敦南",61,104,-43
"12885","2841台開","110/07/13","台新證券",32,0,32
"12886","2841台開","110/07/13","富邦-台南",0,42,-42
"12887","2841台開","110/07/13","台新-高雄",32,2,30
"12888","2841台開","110/07/13","國票-安和",0,30,-30
"12889","2841台開","110/07/13","豐農",23,0,23
"12890","2841台開","110/07/13","元大-桃園",0,25,-25
"12891","2841台開","110/07/13","合庫-嘉義",20,0,20
"12892","2841台開","110/07/13","新光",8,32,-24
"12893","2841台開","110/07/13","華南永昌-高雄",20,0,20
"12894","2841台開","110/07/13","元大-仁愛",0,24,-24
"12895","2841台開","110/07/13","元大-樹林",16,0,16
"12896","2841台開","110/07/13","日盛-中和",0,20,-20
"12897","2841台開","110/07/13","第一金-華江",15,2,13
"12898","2841台開","110/07/13","元富",0,20,-20
"12899","2841台開","110/07/13","美商高盛",12,0,12
"12900","2841台開","110/07/13","富邦-宜蘭",0,20,-20
"12901","6207雷科","110/07/13","元大-高雄",121,0,121
"12902","6207雷科","110/07/13","華南永昌-朴子",1,60,-59
"12903","6207雷科","110/07/13","第一金-新興",20,0,20
"12904","6207雷科","110/07/13","元大-南海",0,36,-36
"12905","6207雷科","110/07/13","元富-三重",20,0,20
"12906","6207雷科","110/07/13","凱基-土城",0,35,-35
"12907","6207雷科","110/07/13","元大-林園",15,0,15
"12908","6207雷科","110/07/13","台灣企銀",0,20,-20
"12909","6207雷科","110/07/13","元大-金華",16,1,15
"12910","6207雷科","110/07/13","群益金鼎-丹鳳",0,20,-20
"12911","6207雷科","110/07/13","日盛證券",10,0,10
"12912","6207雷科","110/07/13","元大-博愛",0,17,-17
"12913","6207雷科","110/07/13","統一-台中",10,0,10
"12914","6207雷科","110/07/13","元大-北港",0,13,-13
"12915","6207雷科","110/07/13","群益金鼎-土城",10,0,10
"12916","6207雷科","110/07/13","新加坡商瑞銀",0,12,-12
"12917","6207雷科","110/07/13","群益金鼎-桃園",10,0,10
"12918","6207雷科","110/07/13","凱基-台北",4,16,-12
"12919","6207雷科","110/07/13","永豐金-新莊",10,0,10
"12920","6207雷科","110/07/13","日茂-埔里",0,11,-11
"12921","6207雷科","110/07/13","永豐金-新店",10,0,10
"12922","6207雷科","110/07/13","元大-莒光",0,11,-11
"12923","6207雷科","110/07/13","元大證券",9,0,9
"12924","6207雷科","110/07/13","統一-新竹",0,10,-10
"12925","6207雷科","110/07/13","日盛-木柵",9,1,8
"12926","6207雷科","110/07/13","元大-西螺",0,10,-10
"12927","6207雷科","110/07/13","兆豐-來福",8,0,8
"12928","6207雷科","110/07/13","康和-台中",0,8,-8
"12929","6207雷科","110/07/13","新光",7,0,7
"12930","6207雷科","110/07/13","兆豐-高雄",0,6,-6
"12931","3679新至陞","110/07/13","永豐金證券",50,0,50
"12932","3679新至陞","110/07/13","摩根大通",2,25,-23
"12933","3679新至陞","110/07/13","國泰-桃園",22,0,22
"12934","3679新至陞","110/07/13","元大-成功",0,22,-22
"12935","3679新至陞","110/07/13","台中銀-員林",11,0,11
"12936","3679新至陞","110/07/13","富邦-板橋",1,19,-18
"12937","3679新至陞","110/07/13","元大-文心興安",8,0,8
"12938","3679新至陞","110/07/13","日盛-新莊",0,10,-10
"12939","3679新至陞","110/07/13","美商高盛",6,0,6
"12940","3679新至陞","110/07/13","台新-台中",0,10,-10
"12941","3679新至陞","110/07/13","台新-高雄",6,0,6
"12942","3679新至陞","110/07/13","永豐金-新竹",0,8,-8
"12943","3679新至陞","110/07/13","凱基-台北",18,12,6
"12944","3679新至陞","110/07/13","瑞士信貸",12,19,-7
"12945","3679新至陞","110/07/13","日盛-復興",5,0,5
"12946","3679新至陞","110/07/13","統一-南京",0,7,-7
"12947","3679新至陞","110/07/13","(牛牛牛)亞-鑫豐",4,0,4
"12948","3679新至陞","110/07/13","凱基-新莊",0,7,-7
"12949","3679新至陞","110/07/13","元富-大昌",3,0,3
"12950","3679新至陞","110/07/13","新加坡商瑞銀",0,6,-6
"12951","3679新至陞","110/07/13","富邦-台北",3,0,3
"12952","3679新至陞","110/07/13","合庫-自強",0,5,-5
"12953","3679新至陞","110/07/13","日盛-樹林",2,0,2
"12954","3679新至陞","110/07/13","富邦-桃園",0,5,-5
"12955","3679新至陞","110/07/13","宏遠-光隆",2,0,2
"12956","3679新至陞","110/07/13","永豐金-潮州",0,4,-4
"12957","3679新至陞","110/07/13","美林",3,1,2
"12958","3679新至陞","110/07/13","臺銀-臺南",0,3,-3
"12959","3679新至陞","110/07/13","第一金-中壢",2,0,2
"12960","3679新至陞","110/07/13","元大-六合",0,3,-3
"12961","2727王品","110/07/13","富邦-台北",43,3,40
"12962","2727王品","110/07/13","台灣摩根士丹利",15,97,-82
"12963","2727王品","110/07/13","元大-基隆孝二",40,0,40
"12964","2727王品","110/07/13","玉山-台南",5,57,-52
"12965","2727王品","110/07/13","國票-新莊",40,1,39
"12966","2727王品","110/07/13","新加坡商瑞銀",0,48,-48
"12967","2727王品","110/07/13","第一金-豐原",66,42,24
"12968","2727王品","110/07/13","凱基-台北",41,77,-36
"12969","2727王品","110/07/13","永豐金-大園",34,10,24
"12970","2727王品","110/07/13","永豐金-永康",0,22,-22
"12971","2727王品","110/07/13","元大-北屯",22,0,22
"12972","2727王品","110/07/13","統一-台中",2,22,-20
"12973","2727王品","110/07/13","元大-東蘆",26,7,19
"12974","2727王品","110/07/13","國泰-台中",21,39,-18
"12975","2727王品","110/07/13","永豐金-萬盛",13,1,12
"12976","2727王品","110/07/13","合庫-彰化",3,20,-17
"12977","2727王品","110/07/13","日盛-嘉義",11,0,11
"12978","2727王品","110/07/13","港商野村",13,30,-17
"12979","2727王品","110/07/13","日盛-八德",11,0,11
"12980","2727王品","110/07/13","元大-楊梅",1,16,-15
"12981","2727王品","110/07/13","統一-竹南",11,0,11
"12982","2727王品","110/07/13","凱基-高美館",2,15,-13
"12983","2727王品","110/07/13","日盛-士林",12,2,10
"12984","2727王品","110/07/13","美商高盛",2,14,-12
"12985","2727王品","110/07/13","統一-敦南",10,0,10
"12986","2727王品","110/07/13","統一-平鎮",1,13,-12
"12987","2727王品","110/07/13","中國信託",15,5,10
"12988","2727王品","110/07/13","兆豐-台中港",4,16,-12
"12989","2727王品","110/07/13","兆豐-竹北",13,3,10
"12990","2727王品","110/07/13","凱基-八德",1,13,-12
"12991","1570力肯","110/07/13","新光",115,11,104
"12992","1570力肯","110/07/13","元大-北三重",0,162,-162
"12993","1570力肯","110/07/13","群益金鼎-高雄",54,0,54
"12994","1570力肯","110/07/13","元大-大灣",0,25,-25
"12995","1570力肯","110/07/13","國票-新莊",22,0,22
"12996","1570力肯","110/07/13","永豐金-苓雅",0,22,-22
"12997","1570力肯","110/07/13","日盛-桃園",12,0,12
"12998","1570力肯","110/07/13","永豐金-永康",0,19,-19
"12999","1570力肯","110/07/13","元大-高雄",12,0,12
"13000","1570力肯","110/07/13","富邦-員林",0,15,-15
"13001","1570力肯","110/07/13","合庫-自強",11,0,11
"13002","1570力肯","110/07/13","凱基-台南",0,11,-11
"13003","1570力肯","110/07/13","摩根大通",26,15,11
"13004","1570力肯","110/07/13","日盛-竹北",0,10,-10
"13005","1570力肯","110/07/13","永豐金-中盛",11,0,11
"13006","1570力肯","110/07/13","國票-九鼎",0,10,-10
"13007","1570力肯","110/07/13","兆豐-台中港",10,0,10
"13008","1570力肯","110/07/13","凱基-桃園",0,10,-10
"13009","1570力肯","110/07/13","國泰-松江",9,0,9
"13010","1570力肯","110/07/13","凱基-新豐",0,10,-10
"13011","1570力肯","110/07/13","元大-新盛",9,0,9
"13012","1570力肯","110/07/13","元大-學甲",0,10,-10
"13013","1570力肯","110/07/13","元富-緯城",6,0,6
"13014","1570力肯","110/07/13","群益金鼎-東湖",1,10,-9
"13015","1570力肯","110/07/13","統一-三重",5,0,5
"13016","1570力肯","110/07/13","大昌",0,6,-6
"13017","1570力肯","110/07/13","元大-前金",5,0,5
"13018","1570力肯","110/07/13","元大-土城學府",0,6,-6
"13019","1570力肯","110/07/13","永豐金證券",5,0,5
"13020","1570力肯","110/07/13","統一",0,5,-5
"13021","6180橘子","110/07/13","摩根大通",119,0,119
"13022","6180橘子","110/07/13","元大-崇德",2,61,-59
"13023","6180橘子","110/07/13","美商高盛",96,0,96
"13024","6180橘子","110/07/13","康和-台中",0,51,-51
"13025","6180橘子","110/07/13","新加坡商瑞銀",86,7,79
"13026","6180橘子","110/07/13","康和-台北",0,50,-50
"13027","6180橘子","110/07/13","元大-和平",40,0,40
"13028","6180橘子","110/07/13","元富-潮州",0,40,-40
"13029","6180橘子","110/07/13","凱基-台北",83,47,36
"13030","6180橘子","110/07/13","日盛-永康",0,26,-26
"13031","6180橘子","110/07/13","美林",39,5,34
"13032","6180橘子","110/07/13","永豐金-中正",0,24,-24
"13033","6180橘子","110/07/13","富邦-新竹華信",31,2,29
"13034","6180橘子","110/07/13","國泰-板橋",2,25,-23
"13035","6180橘子","110/07/13","統一-南京",21,0,21
"13036","6180橘子","110/07/13","日盛-大墩",0,20,-20
"13037","6180橘子","110/07/13","富邦-陽明",24,3,21
"13038","6180橘子","110/07/13","元大-草屯",13,32,-19
"13039","6180橘子","110/07/13","大昌-樹林",21,1,20
"13040","6180橘子","110/07/13","元富-林園",1,18,-17
"13041","6180橘子","110/07/13","花旗環球",19,0,19
"13042","6180橘子","110/07/13","新光-新竹",1,18,-17
"13043","6180橘子","110/07/13","華南永昌-台南",19,0,19
"13044","6180橘子","110/07/13","元大-土城永寧",0,17,-17
"13045","6180橘子","110/07/13","福勝",14,0,14
"13046","6180橘子","110/07/13","國泰-新莊",3,19,-16
"13047","6180橘子","110/07/13","富邦-嘉義",12,1,11
"13048","6180橘子","110/07/13","中國信託-永康",6,21,-15
"13049","6180橘子","110/07/13","元大-板橋三民",11,0,11
"13050","6180橘子","110/07/13","凱基-東港",1,15,-14
"13051","2390云辰","110/07/13","新加坡商瑞銀",562,75,487
"13052","2390云辰","110/07/13","大展-台南",0,532,-532
"13053","2390云辰","110/07/13","台灣摩根士丹利",330,155,175
"13054","2390云辰","110/07/13","凱基-台北",668,854,-186
"13055","2390云辰","110/07/13","兆豐-公益",126,25,101
"13056","2390云辰","110/07/13","凱基-三重",12,172,-160
"13057","2390云辰","110/07/13","元富-中港",100,2,98
"13058","2390云辰","110/07/13","兆豐-忠孝",4,161,-157
"13059","2390云辰","110/07/13","統一-新台中",106,9,97
"13060","2390云辰","110/07/13","元大-士林",19,170,-151
"13061","2390云辰","110/07/13","中國信託-松江",81,11,70
"13062","2390云辰","110/07/13","臺銀-新竹",14,117,-103
"13063","2390云辰","110/07/13","日盛-板橋",72,3,69
"13064","2390云辰","110/07/13","國票-台中",4,102,-98
"13065","2390云辰","110/07/13","日盛-和美",57,0,57
"13066","2390云辰","110/07/13","新光",147,232,-85
"13067","2390云辰","110/07/13","永豐金-桃園",88,36,52
"13068","2390云辰","110/07/13","致和-崇德",2,70,-68
"13069","2390云辰","110/07/13","玉山-士林",54,4,50
"13070","2390云辰","110/07/13","群益金鼎-屏東",2,70,-68
"13071","2390云辰","110/07/13","富邦-仁愛",56,6,50
"13072","2390云辰","110/07/13","元大-大里",35,98,-63
"13073","2390云辰","110/07/13","第一金-豐原",50,1,49
"13074","2390云辰","110/07/13","元大-萬華",35,94,-59
"13075","2390云辰","110/07/13","摩根大通",502,453,49
"13076","2390云辰","110/07/13","元富-吉利",2,60,-58
"13077","2390云辰","110/07/13","凱基-松山",61,13,48
"13078","2390云辰","110/07/13","兆豐-新竹",3,53,-50
"13079","2390云辰","110/07/13","大昌",64,22,42
"13080","2390云辰","110/07/13","富邦-嘉義",65,108,-43
"13081","2363矽統","110/07/13","凱基-南崁",2133,63,2070
"13082","2363矽統","110/07/13","凱基-幸福",36,4048,-4012
"13083","2363矽統","110/07/13","國泰-敦南",2195,1617,578
"13084","2363矽統","110/07/13","統一",192,3325,-3133
"13085","2363矽統","110/07/13","中農",670,139,531
"13086","2363矽統","110/07/13","新加坡商瑞銀",1000,2747,-1747
"13087","2363矽統","110/07/13","康和-台中",638,154,484
"13088","2363矽統","110/07/13","凱基-台北",5359,6609,-1250
"13089","2363矽統","110/07/13","群益金鼎-三民",577,137,440
"13090","2363矽統","110/07/13","摩根大通",1930,2858,-928
"13091","2363矽統","110/07/13","台新-屏東",510,88,422
"13092","2363矽統","110/07/13","港商野村",960,1679,-719
"13093","2363矽統","110/07/13","德信-中正",455,67,388
"13094","2363矽統","110/07/13","兆豐-復興",25,705,-680
"13095","2363矽統","110/07/13","日盛-竹北",365,70,295
"13096","2363矽統","110/07/13","統一-仁愛",114,755,-641
"13097","2363矽統","110/07/13","元大-佳里",452,189,263
"13098","2363矽統","110/07/13","統一-敦南",29,638,-609
"13099","2363矽統","110/07/13","國票-博愛",296,38,258
"13100","2363矽統","110/07/13","統一-土城",100,704,-604
"13101","2363矽統","110/07/13","元大-萬華",340,95,245
"13102","2363矽統","110/07/13","統一-城中",116,676,-560
"13103","2363矽統","110/07/13","新光",1259,1031,228
"13104","2363矽統","110/07/13","永豐金證券",306,859,-553
"13105","2363矽統","110/07/13","元富-成功",323,96,227
"13106","2363矽統","110/07/13","元富",54,567,-513
"13107","2363矽統","110/07/13","豐農",228,23,205
"13108","2363矽統","110/07/13","瑞士信貸",202,666,-464
"13109","2363矽統","110/07/13","台灣企銀-岡山",186,4,182
"13110","2363矽統","110/07/13","永豐金-嘉義",67,468,-401
"13111","8112至上","110/07/13","摩根大通",688,296,392
"13112","8112至上","110/07/13","國票-中和",0,401,-401
"13113","8112至上","110/07/13","港商野村",344,145,199
"13114","8112至上","110/07/13","永豐金-板盛",0,205,-205
"13115","8112至上","110/07/13","兆豐-公益",195,5,190
"13116","8112至上","110/07/13","凱基-五股",43,155,-112
"13117","8112至上","110/07/13","台灣摩根士丹利",183,0,183
"13118","8112至上","110/07/13","凱基-市政",0,100,-100
"13119","8112至上","110/07/13","群益金鼎-敦南",153,2,151
"13120","8112至上","110/07/13","元大-大里德芳",1,92,-91
"13121","8112至上","110/07/13","臺銀-金山",146,26,120
"13122","8112至上","110/07/13","玉山-桃園",26,110,-84
"13123","8112至上","110/07/13","臺銀",133,19,114
"13124","8112至上","110/07/13","兆豐-天母",0,81,-81
"13125","8112至上","110/07/13","合庫-台中",115,6,109
"13126","8112至上","110/07/13","凱基-城中",3,84,-81
"13127","8112至上","110/07/13","亞東-板橋",134,26,108
"13128","8112至上","110/07/13","日盛-新莊",9,85,-76
"13129","8112至上","110/07/13","凱基-台北",414,326,88
"13130","8112至上","110/07/13","日盛-台中",2,64,-62
"13131","8112至上","110/07/13","新加坡商瑞銀",181,100,81
"13132","8112至上","110/07/13","日盛-中壢",3,64,-61
"13133","8112至上","110/07/13","國泰-敦南",108,31,77
"13134","8112至上","110/07/13","元大-台中",2,59,-57
"13135","8112至上","110/07/13","第一金-華江",77,4,73
"13136","8112至上","110/07/13","元大-雙和",7,64,-57
"13137","8112至上","110/07/13","永豐金-內湖",73,1,72
"13138","8112至上","110/07/13","元大-高雄",8,62,-54
"13139","8112至上","110/07/13","元大-永和",68,1,67
"13140","8112至上","110/07/13","元大-館前",2,55,-53
"13141","4903聯光通","110/07/13","台灣企銀-太平",56,0,56
"13142","4903聯光通","110/07/13","土銀",0,32,-32
"13143","4903聯光通","110/07/13","元富-新興",23,0,23
"13144","4903聯光通","110/07/13","元大-樹林",0,19,-19
"13145","4903聯光通","110/07/13","日盛-樹林",22,0,22
"13146","4903聯光通","110/07/13","凱基-士林",0,17,-17
"13147","4903聯光通","110/07/13","兆豐-天母",20,0,20
"13148","4903聯光通","110/07/13","國票-博愛",0,14,-14
"13149","4903聯光通","110/07/13","華南永昌-桃園",20,0,20
"13150","4903聯光通","110/07/13","元富",0,10,-10
"13151","4903聯光通","110/07/13","富邦-新店",10,0,10
"13152","4903聯光通","110/07/13","新光",0,10,-10
"13153","4903聯光通","110/07/13","新光-台中",5,0,5
"13154","4903聯光通","110/07/13","玉山-南京東路",0,10,-10
"13155","4903聯光通","110/07/13","華南永昌-台中",5,0,5
"13156","4903聯光通","110/07/13","富邦-陽明",0,10,-10
"13157","4903聯光通","110/07/13","元大-崇德",5,0,5
"13158","4903聯光通","110/07/13","元大-大甲",0,8,-8
"13159","4903聯光通","110/07/13","元大-草屯",5,0,5
"13160","4903聯光通","110/07/13","富邦-台中",0,7,-7
"13161","4903聯光通","110/07/13","元富-草屯",4,0,4
"13162","4903聯光通","110/07/13","凱基-中壢",0,6,-6
"13163","4903聯光通","110/07/13","元大-清水",4,0,4
"13164","4903聯光通","110/07/13","臺銀-民權",0,5,-5
"13165","4903聯光通","110/07/13","元大-東泰",4,0,4
"13166","4903聯光通","110/07/13","日盛-板橋",0,5,-5
"13167","4903聯光通","110/07/13","元大-佳里",2,0,2
"13168","4903聯光通","110/07/13","中國信託-忠孝",0,5,-5
"13169","4903聯光通","110/07/13","永豐金-板橋",2,0,2
"13170","4903聯光通","110/07/13","永豐金-鳳山",0,5,-5
"13171","2929淘帝","110/07/13","玉山-新竹",130,0,130
"13172","2929淘帝","110/07/13","美商高盛",0,177,-177
"13173","2929淘帝","110/07/13","臺銀-民權",60,0,60
"13174","2929淘帝","110/07/13","凱基-台北",6,80,-74
"13175","2929淘帝","110/07/13","新百王",31,0,31
"13176","2929淘帝","110/07/13","元富-大裕",0,49,-49
"13177","2929淘帝","110/07/13","日盛-園區",30,0,30
"13178","2929淘帝","110/07/13","國泰-館前",3,51,-48
"13179","2929淘帝","110/07/13","元大-南投",31,1,30
"13180","2929淘帝","110/07/13","凱基-中壢",0,41,-41
"13181","2929淘帝","110/07/13","兆豐-忠孝",28,0,28
"13182","2929淘帝","110/07/13","港商野村",21,55,-34
"13183","2929淘帝","110/07/13","元大-民生",28,0,28
"13184","2929淘帝","110/07/13","華南永昌-南京",2,34,-32
"13185","2929淘帝","110/07/13","合庫-高雄",27,0,27
"13186","2929淘帝","110/07/13","群益金鼎-土城",0,30,-30
"13187","2929淘帝","110/07/13","凱基-豐中",27,0,27
"13188","2929淘帝","110/07/13","富邦-南屯",0,22,-22
"13189","2929淘帝","110/07/13","新光",21,4,17
"13190","2929淘帝","110/07/13","第一金-豐原",0,20,-20
"13191","2929淘帝","110/07/13","元大-天母",17,0,17
"13192","2929淘帝","110/07/13","元大-屏南",6,26,-20
"13193","2929淘帝","110/07/13","永興",14,0,14
"13194","2929淘帝","110/07/13","永豐金-敦南",1,21,-20
"13195","2929淘帝","110/07/13","富邦-台北",12,0,12
"13196","2929淘帝","110/07/13","凱基-三重",2,21,-19
"13197","2929淘帝","110/07/13","元大-永和",12,0,12
"13198","2929淘帝","110/07/13","富邦-仁愛",7,25,-18
"13199","2929淘帝","110/07/13","國票-天祥",11,0,11
"13200","2929淘帝","110/07/13","元大-北投",0,16,-16
"13201","5410國眾","110/07/13","兆豐-城中",274,0,274
"13202","5410國眾","110/07/13","元富-嘉義",0,103,-103
"13203","5410國眾","110/07/13","新光",50,4,46
"13204","5410國眾","110/07/13","凱基-台北",0,50,-50
"13205","5410國眾","110/07/13","國泰-台中",26,0,26
"13206","5410國眾","110/07/13","瑞士信貸",0,31,-31
"13207","5410國眾","110/07/13","新加坡商瑞銀",22,0,22
"13208","5410國眾","110/07/13","台新-新莊",0,27,-27
"13209","5410國眾","110/07/13","光和-嘉義",20,0,20
"13210","5410國眾","110/07/13","元大-汐止",0,20,-20
"13211","5410國眾","110/07/13","凱基-竹北",17,0,17
"13212","5410國眾","110/07/13","亞東-新竹",0,17,-17
"13213","5410國眾","110/07/13","新光-桃園",15,0,15
"13214","5410國眾","110/07/13","元大-南勢角",0,13,-13
"13215","5410國眾","110/07/13","凱基-台東",14,0,14
"13216","5410國眾","110/07/13","台新-台南",0,12,-12
"13217","5410國眾","110/07/13","富邦-竹北",11,0,11
"13218","5410國眾","110/07/13","中國信託",0,11,-11
"13219","5410國眾","110/07/13","元富-同大",10,0,10
"13220","5410國眾","110/07/13","華南永昌",0,11,-11
"13221","5410國眾","110/07/13","國泰-敦南",24,15,9
"13222","5410國眾","110/07/13","臺銀-臺南",0,10,-10
"13223","5410國眾","110/07/13","日盛-內湖",7,0,7
"13224","5410國眾","110/07/13","台灣企銀-民雄",0,10,-10
"13225","5410國眾","110/07/13","台新-左楠",7,0,7
"13226","5410國眾","110/07/13","高橋",0,10,-10
"13227","5410國眾","110/07/13","元大-新盛",18,12,6
"13228","5410國眾","110/07/13","康和-嘉義",0,10,-10
"13229","5410國眾","110/07/13","統一",5,0,5
"13230","5410國眾","110/07/13","凱基-基隆",0,10,-10
"13231","2841台開","110/07/13","中國信託-高雄",251,50,201
"13232","2841台開","110/07/13","兆豐-公益",0,177,-177
"13233","2841台開","110/07/13","日盛證券",210,13,197
"13234","2841台開","110/07/13","日進",0,152,-152
"13235","2841台開","110/07/13","第一金-台中",55,0,55
"13236","2841台開","110/07/13","港商野村",0,109,-109
"13237","2841台開","110/07/13","國泰-板橋",46,0,46
"13238","2841台開","110/07/13","日盛-信義",0,103,-103
"13239","2841台開","110/07/13","國泰-館前",48,3,45
"13240","2841台開","110/07/13","國泰-敦南",11,75,-64
"13241","2841台開","110/07/13","華南永昌-新莊",45,0,45
"13242","2841台開","110/07/13","永興",0,50,-50
"13243","2841台開","110/07/13","日盛-園區",42,0,42
"13244","2841台開","110/07/13","永豐金-敦南",61,104,-43
"13245","2841台開","110/07/13","台新證券",32,0,32
"13246","2841台開","110/07/13","富邦-台南",0,42,-42
"13247","2841台開","110/07/13","台新-高雄",32,2,30
"13248","2841台開","110/07/13","國票-安和",0,30,-30
"13249","2841台開","110/07/13","豐農",23,0,23
"13250","2841台開","110/07/13","元大-桃園",0,25,-25
"13251","2841台開","110/07/13","合庫-嘉義",20,0,20
"13252","2841台開","110/07/13","新光",8,32,-24
"13253","2841台開","110/07/13","華南永昌-高雄",20,0,20
"13254","2841台開","110/07/13","元大-仁愛",0,24,-24
"13255","2841台開","110/07/13","元大-樹林",16,0,16
"13256","2841台開","110/07/13","日盛-中和",0,20,-20
"13257","2841台開","110/07/13","第一金-華江",15,2,13
"13258","2841台開","110/07/13","元富",0,20,-20
"13259","2841台開","110/07/13","美商高盛",12,0,12
"13260","2841台開","110/07/13","富邦-宜蘭",0,20,-20
"13261","6207雷科","110/07/13","元大-高雄",121,0,121
"13262","6207雷科","110/07/13","華南永昌-朴子",1,60,-59
"13263","6207雷科","110/07/13","第一金-新興",20,0,20
"13264","6207雷科","110/07/13","元大-南海",0,36,-36
"13265","6207雷科","110/07/13","元富-三重",20,0,20
"13266","6207雷科","110/07/13","凱基-土城",0,35,-35
"13267","6207雷科","110/07/13","元大-林園",15,0,15
"13268","6207雷科","110/07/13","台灣企銀",0,20,-20
"13269","6207雷科","110/07/13","元大-金華",16,1,15
"13270","6207雷科","110/07/13","群益金鼎-丹鳳",0,20,-20
"13271","6207雷科","110/07/13","日盛證券",10,0,10
"13272","6207雷科","110/07/13","元大-博愛",0,17,-17
"13273","6207雷科","110/07/13","統一-台中",10,0,10
"13274","6207雷科","110/07/13","元大-北港",0,13,-13
"13275","6207雷科","110/07/13","群益金鼎-土城",10,0,10
"13276","6207雷科","110/07/13","新加坡商瑞銀",0,12,-12
"13277","6207雷科","110/07/13","群益金鼎-桃園",10,0,10
"13278","6207雷科","110/07/13","凱基-台北",4,16,-12
"13279","6207雷科","110/07/13","永豐金-新莊",10,0,10
"13280","6207雷科","110/07/13","日茂-埔里",0,11,-11
"13281","6207雷科","110/07/13","永豐金-新店",10,0,10
"13282","6207雷科","110/07/13","元大-莒光",0,11,-11
"13283","6207雷科","110/07/13","元大證券",9,0,9
"13284","6207雷科","110/07/13","統一-新竹",0,10,-10
"13285","6207雷科","110/07/13","日盛-木柵",9,1,8
"13286","6207雷科","110/07/13","元大-西螺",0,10,-10
"13287","6207雷科","110/07/13","兆豐-來福",8,0,8
"13288","6207雷科","110/07/13","康和-台中",0,8,-8
"13289","6207雷科","110/07/13","新光",7,0,7
"13290","6207雷科","110/07/13","兆豐-高雄",0,6,-6
"13291","3679新至陞","110/07/13","永豐金證券",50,0,50
"13292","3679新至陞","110/07/13","摩根大通",2,25,-23
"13293","3679新至陞","110/07/13","國泰-桃園",22,0,22
"13294","3679新至陞","110/07/13","元大-成功",0,22,-22
"13295","3679新至陞","110/07/13","台中銀-員林",11,0,11
"13296","3679新至陞","110/07/13","富邦-板橋",1,19,-18
"13297","3679新至陞","110/07/13","元大-文心興安",8,0,8
"13298","3679新至陞","110/07/13","日盛-新莊",0,10,-10
"13299","3679新至陞","110/07/13","美商高盛",6,0,6
"13300","3679新至陞","110/07/13","台新-台中",0,10,-10
"13301","3679新至陞","110/07/13","台新-高雄",6,0,6
"13302","3679新至陞","110/07/13","永豐金-新竹",0,8,-8
"13303","3679新至陞","110/07/13","凱基-台北",18,12,6
"13304","3679新至陞","110/07/13","瑞士信貸",12,19,-7
"13305","3679新至陞","110/07/13","日盛-復興",5,0,5
"13306","3679新至陞","110/07/13","統一-南京",0,7,-7
"13307","3679新至陞","110/07/13","(牛牛牛)亞-鑫豐",4,0,4
"13308","3679新至陞","110/07/13","凱基-新莊",0,7,-7
"13309","3679新至陞","110/07/13","元富-大昌",3,0,3
"13310","3679新至陞","110/07/13","新加坡商瑞銀",0,6,-6
"13311","3679新至陞","110/07/13","富邦-台北",3,0,3
"13312","3679新至陞","110/07/13","合庫-自強",0,5,-5
"13313","3679新至陞","110/07/13","日盛-樹林",2,0,2
"13314","3679新至陞","110/07/13","富邦-桃園",0,5,-5
"13315","3679新至陞","110/07/13","宏遠-光隆",2,0,2
"13316","3679新至陞","110/07/13","永豐金-潮州",0,4,-4
"13317","3679新至陞","110/07/13","美林",3,1,2
"13318","3679新至陞","110/07/13","臺銀-臺南",0,3,-3
"13319","3679新至陞","110/07/13","第一金-中壢",2,0,2
"13320","3679新至陞","110/07/13","元大-六合",0,3,-3
"13321","2727王品","110/07/13","富邦-台北",43,3,40
"13322","2727王品","110/07/13","台灣摩根士丹利",15,97,-82
"13323","2727王品","110/07/13","元大-基隆孝二",40,0,40
"13324","2727王品","110/07/13","玉山-台南",5,57,-52
"13325","2727王品","110/07/13","國票-新莊",40,1,39
"13326","2727王品","110/07/13","新加坡商瑞銀",0,48,-48
"13327","2727王品","110/07/13","第一金-豐原",66,42,24
"13328","2727王品","110/07/13","凱基-台北",41,77,-36
"13329","2727王品","110/07/13","永豐金-大園",34,10,24
"13330","2727王品","110/07/13","永豐金-永康",0,22,-22
"13331","2727王品","110/07/13","元大-北屯",22,0,22
"13332","2727王品","110/07/13","統一-台中",2,22,-20
"13333","2727王品","110/07/13","元大-東蘆",26,7,19
"13334","2727王品","110/07/13","國泰-台中",21,39,-18
"13335","2727王品","110/07/13","永豐金-萬盛",13,1,12
"13336","2727王品","110/07/13","合庫-彰化",3,20,-17
"13337","2727王品","110/07/13","日盛-嘉義",11,0,11
"13338","2727王品","110/07/13","港商野村",13,30,-17
"13339","2727王品","110/07/13","日盛-八德",11,0,11
"13340","2727王品","110/07/13","元大-楊梅",1,16,-15
"13341","2727王品","110/07/13","統一-竹南",11,0,11
"13342","2727王品","110/07/13","凱基-高美館",2,15,-13
"13343","2727王品","110/07/13","日盛-士林",12,2,10
"13344","2727王品","110/07/13","美商高盛",2,14,-12
"13345","2727王品","110/07/13","統一-敦南",10,0,10
"13346","2727王品","110/07/13","統一-平鎮",1,13,-12
"13347","2727王品","110/07/13","中國信託",15,5,10
"13348","2727王品","110/07/13","兆豐-台中港",4,16,-12
"13349","2727王品","110/07/13","兆豐-竹北",13,3,10
"13350","2727王品","110/07/13","凱基-八德",1,13,-12
"13351","1570力肯","110/07/13","新光",115,11,104
"13352","1570力肯","110/07/13","元大-北三重",0,162,-162
"13353","1570力肯","110/07/13","群益金鼎-高雄",54,0,54
"13354","1570力肯","110/07/13","元大-大灣",0,25,-25
"13355","1570力肯","110/07/13","國票-新莊",22,0,22
"13356","1570力肯","110/07/13","永豐金-苓雅",0,22,-22
"13357","1570力肯","110/07/13","日盛-桃園",12,0,12
"13358","1570力肯","110/07/13","永豐金-永康",0,19,-19
"13359","1570力肯","110/07/13","元大-高雄",12,0,12
"13360","1570力肯","110/07/13","富邦-員林",0,15,-15
"13361","1570力肯","110/07/13","合庫-自強",11,0,11
"13362","1570力肯","110/07/13","凱基-台南",0,11,-11
"13363","1570力肯","110/07/13","摩根大通",26,15,11
"13364","1570力肯","110/07/13","日盛-竹北",0,10,-10
"13365","1570力肯","110/07/13","永豐金-中盛",11,0,11
"13366","1570力肯","110/07/13","國票-九鼎",0,10,-10
"13367","1570力肯","110/07/13","兆豐-台中港",10,0,10
"13368","1570力肯","110/07/13","凱基-桃園",0,10,-10
"13369","1570力肯","110/07/13","國泰-松江",9,0,9
"13370","1570力肯","110/07/13","凱基-新豐",0,10,-10
"13371","1570力肯","110/07/13","元大-新盛",9,0,9
"13372","1570力肯","110/07/13","元大-學甲",0,10,-10
"13373","1570力肯","110/07/13","元富-緯城",6,0,6
"13374","1570力肯","110/07/13","群益金鼎-東湖",1,10,-9
"13375","1570力肯","110/07/13","統一-三重",5,0,5
"13376","1570力肯","110/07/13","大昌",0,6,-6
"13377","1570力肯","110/07/13","元大-前金",5,0,5
"13378","1570力肯","110/07/13","元大-土城學府",0,6,-6
"13379","1570力肯","110/07/13","永豐金證券",5,0,5
"13380","1570力肯","110/07/13","統一",0,5,-5
"13381","6180橘子","110/07/13","摩根大通",119,0,119
"13382","6180橘子","110/07/13","元大-崇德",2,61,-59
"13383","6180橘子","110/07/13","美商高盛",96,0,96
"13384","6180橘子","110/07/13","康和-台中",0,51,-51
"13385","6180橘子","110/07/13","新加坡商瑞銀",86,7,79
"13386","6180橘子","110/07/13","康和-台北",0,50,-50
"13387","6180橘子","110/07/13","元大-和平",40,0,40
"13388","6180橘子","110/07/13","元富-潮州",0,40,-40
"13389","6180橘子","110/07/13","凱基-台北",83,47,36
"13390","6180橘子","110/07/13","日盛-永康",0,26,-26
"13391","6180橘子","110/07/13","美林",39,5,34
"13392","6180橘子","110/07/13","永豐金-中正",0,24,-24
"13393","6180橘子","110/07/13","富邦-新竹華信",31,2,29
"13394","6180橘子","110/07/13","國泰-板橋",2,25,-23
"13395","6180橘子","110/07/13","統一-南京",21,0,21
"13396","6180橘子","110/07/13","日盛-大墩",0,20,-20
"13397","6180橘子","110/07/13","富邦-陽明",24,3,21
"13398","6180橘子","110/07/13","元大-草屯",13,32,-19
"13399","6180橘子","110/07/13","大昌-樹林",21,1,20
"13400","6180橘子","110/07/13","元富-林園",1,18,-17
"13401","6180橘子","110/07/13","花旗環球",19,0,19
"13402","6180橘子","110/07/13","新光-新竹",1,18,-17
"13403","6180橘子","110/07/13","華南永昌-台南",19,0,19
"13404","6180橘子","110/07/13","元大-土城永寧",0,17,-17
"13405","6180橘子","110/07/13","福勝",14,0,14
"13406","6180橘子","110/07/13","國泰-新莊",3,19,-16
"13407","6180橘子","110/07/13","富邦-嘉義",12,1,11
"13408","6180橘子","110/07/13","中國信託-永康",6,21,-15
"13409","6180橘子","110/07/13","元大-板橋三民",11,0,11
"13410","6180橘子","110/07/13","凱基-東港",1,15,-14
"13411","2390云辰","110/07/13","新加坡商瑞銀",562,75,487
"13412","2390云辰","110/07/13","大展-台南",0,532,-532
"13413","2390云辰","110/07/13","台灣摩根士丹利",330,155,175
"13414","2390云辰","110/07/13","凱基-台北",668,854,-186
"13415","2390云辰","110/07/13","兆豐-公益",126,25,101
"13416","2390云辰","110/07/13","凱基-三重",12,172,-160
"13417","2390云辰","110/07/13","元富-中港",100,2,98
"13418","2390云辰","110/07/13","兆豐-忠孝",4,161,-157
"13419","2390云辰","110/07/13","統一-新台中",106,9,97
"13420","2390云辰","110/07/13","元大-士林",19,170,-151
"13421","2390云辰","110/07/13","中國信託-松江",81,11,70
"13422","2390云辰","110/07/13","臺銀-新竹",14,117,-103
"13423","2390云辰","110/07/13","日盛-板橋",72,3,69
"13424","2390云辰","110/07/13","國票-台中",4,102,-98
"13425","2390云辰","110/07/13","日盛-和美",57,0,57
"13426","2390云辰","110/07/13","新光",147,232,-85
"13427","2390云辰","110/07/13","永豐金-桃園",88,36,52
"13428","2390云辰","110/07/13","致和-崇德",2,70,-68
"13429","2390云辰","110/07/13","玉山-士林",54,4,50
"13430","2390云辰","110/07/13","群益金鼎-屏東",2,70,-68
"13431","2390云辰","110/07/13","富邦-仁愛",56,6,50
"13432","2390云辰","110/07/13","元大-大里",35,98,-63
"13433","2390云辰","110/07/13","第一金-豐原",50,1,49
"13434","2390云辰","110/07/13","元大-萬華",35,94,-59
"13435","2390云辰","110/07/13","摩根大通",502,453,49
"13436","2390云辰","110/07/13","元富-吉利",2,60,-58
"13437","2390云辰","110/07/13","凱基-松山",61,13,48
"13438","2390云辰","110/07/13","兆豐-新竹",3,53,-50
"13439","2390云辰","110/07/13","大昌",64,22,42
"13440","2390云辰","110/07/13","富邦-嘉義",65,108,-43
"13441","2363矽統","110/07/12","凱基-幸福",4046,31,4015
"13442","2363矽統","110/07/12","台新證券",478,2105,-1627
"13443","2363矽統","110/07/12","統一",3504,120,3384
"13444","2363矽統","110/07/12","第一金-忠孝",4,1068,-1064
"13445","2363矽統","110/07/12","摩根大通",3006,2149,857
"13446","2363矽統","110/07/12","台新-台中",381,1003,-622
"13447","2363矽統","110/07/12","永豐金證券",1428,610,818
"13448","2363矽統","110/07/12","新光",1295,1822,-527
"13449","2363矽統","110/07/12","兆豐-復興",1936,1233,703
"13450","2363矽統","110/07/12","大昌-樹林",54,537,-483
"13451","2363矽統","110/07/12","台灣摩根士丹利",701,0,701
"13452","2363矽統","110/07/12","華南永昌-台中",90,549,-459
"13453","2363矽統","110/07/12","永豐金-南投",803,145,658
"13454","2363矽統","110/07/12","玉山-高雄",167,612,-445
"13455","2363矽統","110/07/12","統一-仁愛",1214,586,628
"13456","2363矽統","110/07/12","元富-同大",201,540,-339
"13457","2363矽統","110/07/12","統一-土城",688,75,613
"13458","2363矽統","110/07/12","華南永昌-東勢",31,367,-336
"13459","2363矽統","110/07/12","統一-城中",711,131,580
"13460","2363矽統","110/07/12","土銀-花蓮",9,333,-324
"13461","2363矽統","110/07/12","統一-敦南",632,54,578
"13462","2363矽統","110/07/12","凱基-豐中",120,434,-314
"13463","2363矽統","110/07/12","新加坡商瑞銀",1232,731,501
"13464","2363矽統","110/07/12","永豐金-竹科",54,323,-269
"13465","2363矽統","110/07/12","元富",2640,2142,498
"13466","2363矽統","110/07/12","元大-斗六",53,300,-247
"13467","2363矽統","110/07/12","凱基-永和",460,31,429
"13468","2363矽統","110/07/12","華南永昌-朴子",47,278,-231
"13469","2363矽統","110/07/12","第一金",380,22,358
"13470","2363矽統","110/07/12","永豐金-彰化",22,228,-206
"13471","8112至上","110/07/12","摩根大通",1167,290,877
"13472","8112至上","110/07/12","群益金鼎-新莊",1,156,-155
"13473","8112至上","110/07/12","凱基-台北",983,546,437
"13474","8112至上","110/07/12","國票-中港",0,131,-131
"13475","8112至上","110/07/12","新加坡商瑞銀",429,12,417
"13476","8112至上","110/07/12","元大證券",10,136,-126
"13477","8112至上","110/07/12","元大-屏南",360,2,358
"13478","8112至上","110/07/12","元大-中壢",11,135,-124
"13479","8112至上","110/07/12","美林",323,15,308
"13480","8112至上","110/07/12","合庫-基隆",0,122,-122
"13481","8112至上","110/07/12","台灣摩根士丹利",299,0,299
"13482","8112至上","110/07/12","群益金鼎-高盛",4,103,-99
"13483","8112至上","110/07/12","港商野村",267,28,239
"13484","8112至上","110/07/12","新光",110,202,-92
"13485","8112至上","110/07/12","大慶",165,3,162
"13486","8112至上","110/07/12","元大-府城",2,94,-92
"13487","8112至上","110/07/12","永豐金-台南",170,29,141
"13488","8112至上","110/07/12","富邦-板橋",5,92,-87
"13489","8112至上","110/07/12","華南永昌-長虹",128,2,126
"13490","8112至上","110/07/12","元大-土城",8,89,-81
"13491","8112至上","110/07/12","富邦-仁愛",157,51,106
"13492","8112至上","110/07/12","日盛-頭份",40,117,-77
"13493","8112至上","110/07/12","瑞士信貸",104,0,104
"13494","8112至上","110/07/12","玉山-嘉義",3,80,-77
"13495","8112至上","110/07/12","凱基-站前",100,11,89
"13496","8112至上","110/07/12","永豐金-松山",4,79,-75
"13497","8112至上","110/07/12","富邦-北港",90,3,87
"13498","8112至上","110/07/12","元大-敦南",3,75,-72
"13499","8112至上","110/07/12","元大-北港",101,20,81
"13500","8112至上","110/07/12","元富-大裕",6,77,-71
"13501","4903聯光通","110/07/12","台灣企銀-太平",19,0,19
"13502","4903聯光通","110/07/12","玉山-南京東路",0,16,-16
"13503","4903聯光通","110/07/12","統一-土城",17,0,17
"13504","4903聯光通","110/07/12","新光",0,14,-14
"13505","4903聯光通","110/07/12","國票-博愛",14,0,14
"13506","4903聯光通","110/07/12","兆豐-彰化",0,10,-10
"13507","4903聯光通","110/07/12","新光-台中",15,2,13
"13508","4903聯光通","110/07/12","國票",0,10,-10
"13509","4903聯光通","110/07/12","元大-彰化",11,0,11
"13510","4903聯光通","110/07/12","富邦-敦南",0,10,-10
"13511","4903聯光通","110/07/12","華南永昌-林口",10,0,10
"13512","4903聯光通","110/07/12","元大-前金",0,9,-9
"13513","4903聯光通","110/07/12","永豐金-南投",9,0,9
"13514","4903聯光通","110/07/12","日盛-頭份",0,8,-8
"13515","4903聯光通","110/07/12","元大-清水",8,0,8
"13516","4903聯光通","110/07/12","元大-太平",0,8,-8
"13517","4903聯光通","110/07/12","元大-博愛",8,0,8
"13518","4903聯光通","110/07/12","兆豐-埔墘",0,7,-7
"13519","4903聯光通","110/07/12","玉山-新莊",5,0,5
"13520","4903聯光通","110/07/12","臺銀-民權",0,5,-5
"13521","4903聯光通","110/07/12","凱基-士林",10,5,5
"13522","4903聯光通","110/07/12","富邦-板橋",0,5,-5
"13523","4903聯光通","110/07/12","元大-斗六",4,0,4
"13524","4903聯光通","110/07/12","元大-土城永寧",0,5,-5
"13525","4903聯光通","110/07/12","永豐金-羅東",4,0,4
"13526","4903聯光通","110/07/12","台新證券",0,4,-4
"13527","4903聯光通","110/07/12","日盛-樹林",3,0,3
"13528","4903聯光通","110/07/12","凱基-中壢",0,4,-4
"13529","4903聯光通","110/07/12","華南永昌-鶯歌",2,0,2
"13530","4903聯光通","110/07/12","元大-羅東",0,4,-4
"13531","2929淘帝","110/07/12","新光-台中",95,36,59
"13532","2929淘帝","110/07/12","華南永昌-林口",7,208,-201
"13533","2929淘帝","110/07/12","富邦-板橋",62,5,57
"13534","2929淘帝","110/07/12","富邦-台北",6,200,-194
"13535","2929淘帝","110/07/12","合庫-高雄",56,6,50
"13536","2929淘帝","110/07/12","元富-大裕",11,200,-189
"13537","2929淘帝","110/07/12","永興",41,0,41
"13538","2929淘帝","110/07/12","台中銀-台北",0,160,-160
"13539","2929淘帝","110/07/12","兆豐-忠孝",58,18,40
"13540","2929淘帝","110/07/12","日盛-園區",1,111,-110
"13541","2929淘帝","110/07/12","新光-高雄",39,3,36
"13542","2929淘帝","110/07/12","日盛-八德",0,88,-88
"13543","2929淘帝","110/07/12","凱基-豐中",36,0,36
"13544","2929淘帝","110/07/12","玉山-新竹",32,110,-78
"13545","2929淘帝","110/07/12","元大-民生",35,0,35
"13546","2929淘帝","110/07/12","元大-前金",0,72,-72
"13547","2929淘帝","110/07/12","臺銀-臺南",32,1,31
"13548","2929淘帝","110/07/12","元大-館前",12,83,-71
"13549","2929淘帝","110/07/12","台新證券",44,13,31
"13550","2929淘帝","110/07/12","華南永昌",1,57,-56
"13551","2929淘帝","110/07/12","新百王",30,0,30
"13552","2929淘帝","110/07/12","元大-南崁",4,59,-55
"13553","2929淘帝","110/07/12","群益金鼎-大興",30,0,30
"13554","2929淘帝","110/07/12","元大-嘉義",0,51,-51
"13555","2929淘帝","110/07/12","凱基-台北",32,5,27
"13556","2929淘帝","110/07/12","日茂",1,50,-49
"13557","2929淘帝","110/07/12","元富-城東",26,0,26
"13558","2929淘帝","110/07/12","新光",35,83,-48
"13559","2929淘帝","110/07/12","國泰-松江",26,0,26
"13560","2929淘帝","110/07/12","日盛-新竹",1,48,-47
"13561","5410國眾","110/07/12","群益金鼎-中壢",68,0,68
"13562","5410國眾","110/07/12","摩根大通",6,67,-61
"13563","5410國眾","110/07/12","凱基-市政",40,0,40
"13564","5410國眾","110/07/12","元富-嘉義",0,60,-60
"13565","5410國眾","110/07/12","凱基-竹北",38,0,38
"13566","5410國眾","110/07/12","凱基-台北",0,51,-51
"13567","5410國眾","110/07/12","華南永昌-三重",30,0,30
"13568","5410國眾","110/07/12","元富-大裕",0,33,-33
"13569","5410國眾","110/07/12","永興",20,0,20
"13570","5410國眾","110/07/12","日盛-木柵",0,15,-15
"13571","5410國眾","110/07/12","統一-新台中",20,0,20
"13572","5410國眾","110/07/12","群益金鼎-民權",0,15,-15
"13573","5410國眾","110/07/12","兆豐-三重",20,0,20
"13574","5410國眾","110/07/12","元富-緯城",0,14,-14
"13575","5410國眾","110/07/12","富邦-台中",20,0,20
"13576","5410國眾","110/07/12","元大-大同",0,12,-12
"13577","5410國眾","110/07/12","臺銀",15,0,15
"13578","5410國眾","110/07/12","元大-莒光",0,10,-10
"13579","5410國眾","110/07/12","新光-桃園",20,6,14
"13580","5410國眾","110/07/12","元大-博愛",0,10,-10
"13581","5410國眾","110/07/12","元大-員林",12,0,12
"13582","5410國眾","110/07/12","日盛-永康",0,8,-8
"13583","5410國眾","110/07/12","日盛-員林",10,0,10
"13584","5410國眾","110/07/12","元大-四維",5,13,-8
"13585","5410國眾","110/07/12","元大-新盛",10,0,10
"13586","5410國眾","110/07/12","新加坡商瑞銀",0,7,-7
"13587","5410國眾","110/07/12","永豐金-台南",10,0,10
"13588","5410國眾","110/07/12","致和-金華",0,7,-7
"13589","5410國眾","110/07/12","元富-新莊",8,0,8
"13590","5410國眾","110/07/12","新光-新竹",0,7,-7
"13591","2841台開","110/07/12","永豐金-敦南",139,26,113
"13592","2841台開","110/07/12","華南永昌-朴子",0,528,-528
"13593","2841台開","110/07/12","日盛-雙和",68,0,68
"13594","2841台開","110/07/12","元大-苑裡",2,50,-48
"13595","2841台開","110/07/12","台新證券",62,4,58
"13596","2841台開","110/07/12","群益金鼎-東湖",0,40,-40
"13597","2841台開","110/07/12","凱基-文心",50,0,50
"13598","2841台開","110/07/12","第一金-員林",0,30,-30
"13599","2841台開","110/07/12","第一金-台中",45,0,45
"13600","2841台開","110/07/12","德信-中正",0,20,-20
"13601","2841台開","110/07/12","富邦-嘉義",40,0,40
"13602","2841台開","110/07/12","兆豐-嘉義",0,20,-20
"13603","2841台開","110/07/12","日盛-木柵",30,0,30
"13604","2841台開","110/07/12","彰銀-七賢",0,15,-15
"13605","2841台開","110/07/12","中國信託-文心",31,3,28
"13606","2841台開","110/07/12","元大-承德",0,14,-14
"13607","2841台開","110/07/12","元大-福營",30,7,23
"13608","2841台開","110/07/12","元富",0,12,-12
"13609","2841台開","110/07/12","台中銀",20,0,20
"13610","2841台開","110/07/12","富邦-陽明",0,11,-11
"13611","2841台開","110/07/12","國泰-板橋",20,0,20
"13612","2841台開","110/07/12","元大證券",0,11,-11
"13613","2841台開","110/07/12","元大-前金",20,0,20
"13614","2841台開","110/07/12","元大-大甲",0,10,-10
"13615","2841台開","110/07/12","中國信託-高雄",16,1,15
"13616","2841台開","110/07/12","日盛-新竹",0,8,-8
"13617","2841台開","110/07/12","陽信-石牌",15,0,15
"13618","2841台開","110/07/12","元富-城東",0,8,-8
"13619","2841台開","110/07/12","永豐金-南投",15,0,15
"13620","2841台開","110/07/12","玉山-台南",2,10,-8
"13621","6207雷科","110/07/12","元大-高雄",34,0,34
"13622","6207雷科","110/07/12","永豐金-三重",1,32,-31
"13623","6207雷科","110/07/12","華南永昌-林口",16,1,15
"13624","6207雷科","110/07/12","永全-八德",0,30,-30
"13625","6207雷科","110/07/12","摩根大通",19,6,13
"13626","6207雷科","110/07/12","國泰-台中",0,14,-14
"13627","6207雷科","110/07/12","元富-埔里",10,0,10
"13628","6207雷科","110/07/12","第一金-澎湖",0,10,-10
"13629","6207雷科","110/07/12","凱基-台南",10,0,10
"13630","6207雷科","110/07/12","元富-林園",0,10,-10
"13631","6207雷科","110/07/12","新加坡商瑞銀",9,0,9
"13632","6207雷科","110/07/12","元大-東門",0,10,-10
"13633","6207雷科","110/07/12","瑞士信貸",8,0,8
"13634","6207雷科","110/07/12","兆豐-嘉義",0,4,-4
"13635","6207雷科","110/07/12","中國信託-高雄",9,1,8
"13636","6207雷科","110/07/12","新光",0,4,-4
"13637","6207雷科","110/07/12","凱基-高雄",6,0,6
"13638","6207雷科","110/07/12","新光-台中",0,4,-4
"13639","6207雷科","110/07/12","元大-六合",6,0,6
"13640","6207雷科","110/07/12","群益金鼎-開元",0,4,-4
"13641","6207雷科","110/07/12","永豐金-信義",6,0,6
"13642","6207雷科","110/07/12","凱基-桃園",0,4,-4
"13643","6207雷科","110/07/12","群益金鼎-土城",5,0,5
"13644","6207雷科","110/07/12","凱基-民權",0,4,-4
"13645","6207雷科","110/07/12","群益金鼎-竹南",5,0,5
"13646","6207雷科","110/07/12","玉山-新莊",0,3,-3
"13647","6207雷科","110/07/12","元大-大灣",5,1,4
"13648","6207雷科","110/07/12","國泰-松江",0,3,-3
"13649","6207雷科","110/07/12","永興",3,0,3
"13650","6207雷科","110/07/12","富邦-羅東",0,3,-3
"13651","3679新至陞","110/07/12","富邦-新竹華信",40,2,38
"13652","3679新至陞","110/07/12","瑞士信貸",0,45,-45
"13653","3679新至陞","110/07/12","台中銀-員林",28,2,26
"13654","3679新至陞","110/07/12","永豐金-天母",0,39,-39
"13655","3679新至陞","110/07/12","聯邦-大業",24,0,24
"13656","3679新至陞","110/07/12","摩根大通",7,35,-28
"13657","3679新至陞","110/07/12","永豐金證券",20,0,20
"13658","3679新至陞","110/07/12","凱基-台北",8,36,-28
"13659","3679新至陞","110/07/12","港商法國興業",14,0,14
"13660","3679新至陞","110/07/12","華南永昌-小港",1,23,-22
"13661","3679新至陞","110/07/12","日盛-樹林",13,1,12
"13662","3679新至陞","110/07/12","台新-台中",0,15,-15
"13663","3679新至陞","110/07/12","國泰-桃園",9,0,9
"13664","3679新至陞","110/07/12","統一-台中",0,12,-12
"13665","3679新至陞","110/07/12","宏遠-館前",8,0,8
"13666","3679新至陞","110/07/12","元大-成功",1,12,-11
"13667","3679新至陞","110/07/12","凱基",10,2,8
"13668","3679新至陞","110/07/12","康和-澎湖",0,8,-8
"13669","3679新至陞","110/07/12","(牛牛牛)亞-網路",7,0,7
"13670","3679新至陞","110/07/12","新加坡商瑞銀",0,7,-7
"13671","3679新至陞","110/07/12","兆豐-員林",7,0,7
"13672","3679新至陞","110/07/12","兆豐-來福",0,7,-7
"13673","3679新至陞","110/07/12","大慶-蘆洲",5,0,5
"13674","3679新至陞","110/07/12","元大-佳里",0,6,-6
"13675","3679新至陞","110/07/12","土銀-花蓮",4,0,4
"13676","3679新至陞","110/07/12","美商高盛",0,5,-5
"13677","3679新至陞","110/07/12","台新-高雄",5,1,4
"13678","3679新至陞","110/07/12","國票-新莊",0,5,-5
"13679","3679新至陞","110/07/12","元大-天母",4,0,4
"13680","3679新至陞","110/07/12","台新-屏東",0,5,-5
"13681","2727王品","110/07/12","凱基-台北",354,198,156
"13682","2727王品","110/07/12","台灣摩根士丹利",5,386,-381
"13683","2727王品","110/07/12","統一-城中",159,22,137
"13684","2727王品","110/07/12","元大-嘉義",4,60,-56
"13685","2727王品","110/07/12","日盛-忠孝",60,0,60
"13686","2727王品","110/07/12","元大-大同",2,44,-42
"13687","2727王品","110/07/12","永豐金-忠孝",45,5,40
"13688","2727王品","110/07/12","國泰-台中",32,73,-41
"13689","2727王品","110/07/12","合庫-新竹",31,0,31
"13690","2727王品","110/07/12","元大證券",127,163,-36
"13691","2727王品","110/07/12","富邦-台中",31,3,28
"13692","2727王品","110/07/12","凱基",1,33,-32
"13693","2727王品","110/07/12","元大-桃園",35,10,25
"13694","2727王品","110/07/12","永全-南崁",1,31,-30
"13695","2727王品","110/07/12","新加坡商瑞銀",28,4,24
"13696","2727王品","110/07/12","凱基-和平",2,32,-30
"13697","2727王品","110/07/12","群益金鼎-古亭",25,2,23
"13698","2727王品","110/07/12","永豐金-大園",8,38,-30
"13699","2727王品","110/07/12","元大-龍潭",29,7,22
"13700","2727王品","110/07/12","瑞士信貸",0,28,-28
"13701","2727王品","110/07/12","永豐金-永康",25,3,22
"13702","2727王品","110/07/12","元富",17,44,-27
"13703","2727王品","110/07/12","富邦-竹北",24,3,21
"13704","2727王品","110/07/12","元大-北屯",5,32,-27
"13705","2727王品","110/07/12","群益金鼎-松山",20,0,20
"13706","2727王品","110/07/12","華南永昌",3,28,-25
"13707","2727王品","110/07/12","元大-八德",20,0,20
"13708","2727王品","110/07/12","統一-竹南",1,23,-22
"13709","2727王品","110/07/12","元大-南京",25,6,19
"13710","2727王品","110/07/12","永豐金證券",4,26,-22
"13711","1570力肯","110/07/12","國票-北高雄",40,0,40
"13712","1570力肯","110/07/12","日盛-竹北",0,40,-40
"13713","1570力肯","110/07/12","摩根大通",16,0,16
"13714","1570力肯","110/07/12","第一金-華江",1,38,-37
"13715","1570力肯","110/07/12","新光",31,19,12
"13716","1570力肯","110/07/12","元大-永春",0,26,-26
"13717","1570力肯","110/07/12","元大-台中中港",12,0,12
"13718","1570力肯","110/07/12","元大-古亭",1,20,-19
"13719","1570力肯","110/07/12","日盛-高雄",10,0,10
"13720","1570力肯","110/07/12","國泰-松江",0,16,-16
"13721","1570力肯","110/07/12","第一金-路竹",10,0,10
"13722","1570力肯","110/07/12","台新-台南",0,15,-15
"13723","1570力肯","110/07/12","台新-新莊",10,0,10
"13724","1570力肯","110/07/12","康和-石牌",0,15,-15
"13725","1570力肯","110/07/12","元大-新盛",9,0,9
"13726","1570力肯","110/07/12","國泰-板橋",0,11,-11
"13727","1570力肯","110/07/12","凱基-台北",8,0,8
"13728","1570力肯","110/07/12","元大-高雄",0,11,-11
"13729","1570力肯","110/07/12","彰銀-七賢",6,0,6
"13730","1570力肯","110/07/12","兆豐-桃園",0,10,-10
"13731","1570力肯","110/07/12","元富-緯城",6,0,6
"13732","1570力肯","110/07/12","元大-大益",0,10,-10
"13733","1570力肯","110/07/12","華南永昌-古亭",6,0,6
"13734","1570力肯","110/07/12","中國信託-文心",0,5,-5
"13735","1570力肯","110/07/12","富邦-陽明",6,0,6
"13736","1570力肯","110/07/12","光和",0,5,-5
"13737","1570力肯","110/07/12","臺銀-臺南",5,0,5
"13738","1570力肯","110/07/12","陽信-石牌",0,5,-5
"13739","1570力肯","110/07/12","宏遠-館前",5,0,5
"13740","1570力肯","110/07/12","國泰-高雄",0,5,-5
"13741","6180橘子","110/07/12","康和-台中",32,2,30
"13742","6180橘子","110/07/12","新百王",1,40,-39
"13743","6180橘子","110/07/12","美林",32,3,29
"13744","6180橘子","110/07/12","富邦-陽明",4,42,-38
"13745","6180橘子","110/07/12","元大-羅東",21,0,21
"13746","6180橘子","110/07/12","新光",3,32,-29
"13747","6180橘子","110/07/12","兆豐-埔墘",16,0,16
"13748","6180橘子","110/07/12","日盛-文化",4,20,-16
"13749","6180橘子","110/07/12","元大-雙和",12,0,12
"13750","6180橘子","110/07/12","華南永昌-鶯歌",0,15,-15
"13751","6180橘子","110/07/12","美商高盛",18,7,11
"13752","6180橘子","110/07/12","中國信託-忠孝",7,20,-13
"13753","6180橘子","110/07/12","台新證券",14,3,11
"13754","6180橘子","110/07/12","凱基-台北",5,17,-12
"13755","6180橘子","110/07/12","元大-中壢",12,1,11
"13756","6180橘子","110/07/12","凱基-高雄",0,11,-11
"13757","6180橘子","110/07/12","統一-南京",10,0,10
"13758","6180橘子","110/07/12","凱基-大安",0,10,-10
"13759","6180橘子","110/07/12","致和-崇德",10,0,10
"13760","6180橘子","110/07/12","元大-北屯",0,10,-10
"13761","6180橘子","110/07/12","玉山-板橋",10,0,10
"13762","6180橘子","110/07/12","元大-南京",0,9,-9
"13763","6180橘子","110/07/12","富邦-仁愛",10,0,10
"13764","6180橘子","110/07/12","元大-台南",1,10,-9
"13765","6180橘子","110/07/12","摩根大通",10,1,9
"13766","6180橘子","110/07/12","康和-澎湖",0,8,-8
"13767","6180橘子","110/07/12","元富-林園",8,0,8
"13768","6180橘子","110/07/12","第一金-台中",0,7,-7
"13769","6180橘子","110/07/12","大慶-富順",7,0,7
"13770","6180橘子","110/07/12","台新-台南",1,8,-7
"13771","2390云辰","110/07/12","統一-新台中",170,0,170
"13772","2390云辰","110/07/12","元大-天母",2,450,-448
"13773","2390云辰","110/07/12","華南永昌-麻豆",137,2,135
"13774","2390云辰","110/07/12","國泰-忠孝",1,143,-142
"13775","2390云辰","110/07/12","元富-成功",103,14,89
"13776","2390云辰","110/07/12","摩根大通",377,512,-135
"13777","2390云辰","110/07/12","元大-土城學府",146,69,77
"13778","2390云辰","110/07/12","台灣摩根士丹利",0,91,-91
"13779","2390云辰","110/07/12","永豐金-永康",76,4,72
"13780","2390云辰","110/07/12","美林",84,146,-62
"13781","2390云辰","110/07/12","台中銀",73,2,71
"13782","2390云辰","110/07/12","華南永昌-嘉義",2,61,-59
"13783","2390云辰","110/07/12","大昌",63,3,60
"13784","2390云辰","110/07/12","永豐金-羅東",0,49,-49
"13785","2390云辰","110/07/12","合庫-三重",50,0,50
"13786","2390云辰","110/07/12","玉山-台中",6,53,-47
"13787","2390云辰","110/07/12","元富-高雄",93,50,43
"13788","2390云辰","110/07/12","玉山-新莊",2,48,-46
"13789","2390云辰","110/07/12","元大-館前",40,4,36
"13790","2390云辰","110/07/12","元大-大里",7,52,-45
"13791","2390云辰","110/07/12","港商野村",143,109,34
"13792","2390云辰","110/07/12","元大-內湖",3,48,-45
"13793","2390云辰","110/07/12","元大-雙和",34,0,34
"13794","2390云辰","110/07/12","永豐金-市政",1,42,-41
"13795","2390云辰","110/07/12","群益金鼎-民權",33,2,31
"13796","2390云辰","110/07/12","元大-學甲",1,41,-40
"13797","2390云辰","110/07/12","日盛-八德",40,10,30
"13798","2390云辰","110/07/12","兆豐-高雄",2,41,-39
"13799","2390云辰","110/07/12","國票-嘉義",30,0,30
"13800","2390云辰","110/07/12","新加坡商瑞銀",21,59,-38
"13801","4903聯光通","110/07/12","台灣企銀-太平",19,0,19
"13802","4903聯光通","110/07/12","玉山-南京東路",0,16,-16
"13803","4903聯光通","110/07/12","統一-土城",17,0,17
"13804","4903聯光通","110/07/12","新光",0,14,-14
"13805","4903聯光通","110/07/12","國票-博愛",14,0,14
"13806","4903聯光通","110/07/12","兆豐-彰化",0,10,-10
"13807","4903聯光通","110/07/12","新光-台中",15,2,13
"13808","4903聯光通","110/07/12","國票",0,10,-10
"13809","4903聯光通","110/07/12","元大-彰化",11,0,11
"13810","4903聯光通","110/07/12","富邦-敦南",0,10,-10
"13811","4903聯光通","110/07/12","華南永昌-林口",10,0,10
"13812","4903聯光通","110/07/12","元大-前金",0,9,-9
"13813","4903聯光通","110/07/12","永豐金-南投",9,0,9
"13814","4903聯光通","110/07/12","日盛-頭份",0,8,-8
"13815","4903聯光通","110/07/12","元大-清水",8,0,8
"13816","4903聯光通","110/07/12","元大-太平",0,8,-8
"13817","4903聯光通","110/07/12","元大-博愛",8,0,8
"13818","4903聯光通","110/07/12","兆豐-埔墘",0,7,-7
"13819","4903聯光通","110/07/12","玉山-新莊",5,0,5
"13820","4903聯光通","110/07/12","臺銀-民權",0,5,-5
"13821","4903聯光通","110/07/12","凱基-士林",10,5,5
"13822","4903聯光通","110/07/12","富邦-板橋",0,5,-5
"13823","4903聯光通","110/07/12","元大-斗六",4,0,4
"13824","4903聯光通","110/07/12","元大-土城永寧",0,5,-5
"13825","4903聯光通","110/07/12","永豐金-羅東",4,0,4
"13826","4903聯光通","110/07/12","台新證券",0,4,-4
"13827","4903聯光通","110/07/12","日盛-樹林",3,0,3
"13828","4903聯光通","110/07/12","凱基-中壢",0,4,-4
"13829","4903聯光通","110/07/12","華南永昌-鶯歌",2,0,2
"13830","4903聯光通","110/07/12","元大-羅東",0,4,-4
"13831","2929淘帝","110/07/12","新光-台中",95,36,59
"13832","2929淘帝","110/07/12","華南永昌-林口",7,208,-201
"13833","2929淘帝","110/07/12","富邦-板橋",62,5,57
"13834","2929淘帝","110/07/12","富邦-台北",6,200,-194
"13835","2929淘帝","110/07/12","合庫-高雄",56,6,50
"13836","2929淘帝","110/07/12","元富-大裕",11,200,-189
"13837","2929淘帝","110/07/12","永興",41,0,41
"13838","2929淘帝","110/07/12","台中銀-台北",0,160,-160
"13839","2929淘帝","110/07/12","兆豐-忠孝",58,18,40
"13840","2929淘帝","110/07/12","日盛-園區",1,111,-110
"13841","2929淘帝","110/07/12","新光-高雄",39,3,36
"13842","2929淘帝","110/07/12","日盛-八德",0,88,-88
"13843","2929淘帝","110/07/12","凱基-豐中",36,0,36
"13844","2929淘帝","110/07/12","玉山-新竹",32,110,-78
"13845","2929淘帝","110/07/12","元大-民生",35,0,35
"13846","2929淘帝","110/07/12","元大-前金",0,72,-72
"13847","2929淘帝","110/07/12","臺銀-臺南",32,1,31
"13848","2929淘帝","110/07/12","元大-館前",12,83,-71
"13849","2929淘帝","110/07/12","台新證券",44,13,31
"13850","2929淘帝","110/07/12","華南永昌",1,57,-56
"13851","2929淘帝","110/07/12","新百王",30,0,30
"13852","2929淘帝","110/07/12","元大-南崁",4,59,-55
"13853","2929淘帝","110/07/12","群益金鼎-大興",30,0,30
"13854","2929淘帝","110/07/12","元大-嘉義",0,51,-51
"13855","2929淘帝","110/07/12","凱基-台北",32,5,27
"13856","2929淘帝","110/07/12","日茂",1,50,-49
"13857","2929淘帝","110/07/12","元富-城東",26,0,26
"13858","2929淘帝","110/07/12","新光",35,83,-48
"13859","2929淘帝","110/07/12","國泰-松江",26,0,26
"13860","2929淘帝","110/07/12","日盛-新竹",1,48,-47
"13861","5410國眾","110/07/12","群益金鼎-中壢",68,0,68
"13862","5410國眾","110/07/12","摩根大通",6,67,-61
"13863","5410國眾","110/07/12","凱基-市政",40,0,40
"13864","5410國眾","110/07/12","元富-嘉義",0,60,-60
"13865","5410國眾","110/07/12","凱基-竹北",38,0,38
"13866","5410國眾","110/07/12","凱基-台北",0,51,-51
"13867","5410國眾","110/07/12","華南永昌-三重",30,0,30
"13868","5410國眾","110/07/12","元富-大裕",0,33,-33
"13869","5410國眾","110/07/12","永興",20,0,20
"13870","5410國眾","110/07/12","日盛-木柵",0,15,-15
"13871","5410國眾","110/07/12","統一-新台中",20,0,20
"13872","5410國眾","110/07/12","群益金鼎-民權",0,15,-15
"13873","5410國眾","110/07/12","兆豐-三重",20,0,20
"13874","5410國眾","110/07/12","元富-緯城",0,14,-14
"13875","5410國眾","110/07/12","富邦-台中",20,0,20
"13876","5410國眾","110/07/12","元大-大同",0,12,-12
"13877","5410國眾","110/07/12","臺銀",15,0,15
"13878","5410國眾","110/07/12","元大-莒光",0,10,-10
"13879","5410國眾","110/07/12","新光-桃園",20,6,14
"13880","5410國眾","110/07/12","元大-博愛",0,10,-10
"13881","5410國眾","110/07/12","元大-員林",12,0,12
"13882","5410國眾","110/07/12","日盛-永康",0,8,-8
"13883","5410國眾","110/07/12","日盛-員林",10,0,10
"13884","5410國眾","110/07/12","元大-四維",5,13,-8
"13885","5410國眾","110/07/12","元大-新盛",10,0,10
"13886","5410國眾","110/07/12","新加坡商瑞銀",0,7,-7
"13887","5410國眾","110/07/12","永豐金-台南",10,0,10
"13888","5410國眾","110/07/12","致和-金華",0,7,-7
"13889","5410國眾","110/07/12","元富-新莊",8,0,8
"13890","5410國眾","110/07/12","新光-新竹",0,7,-7
"13891","2841台開","110/07/12","永豐金-敦南",139,26,113
"13892","2841台開","110/07/12","華南永昌-朴子",0,528,-528
"13893","2841台開","110/07/12","日盛-雙和",68,0,68
"13894","2841台開","110/07/12","元大-苑裡",2,50,-48
"13895","2841台開","110/07/12","台新證券",62,4,58
"13896","2841台開","110/07/12","群益金鼎-東湖",0,40,-40
"13897","2841台開","110/07/12","凱基-文心",50,0,50
"13898","2841台開","110/07/12","第一金-員林",0,30,-30
"13899","2841台開","110/07/12","第一金-台中",45,0,45
"13900","2841台開","110/07/12","德信-中正",0,20,-20
"13901","2841台開","110/07/12","富邦-嘉義",40,0,40
"13902","2841台開","110/07/12","兆豐-嘉義",0,20,-20
"13903","2841台開","110/07/12","日盛-木柵",30,0,30
"13904","2841台開","110/07/12","彰銀-七賢",0,15,-15
"13905","2841台開","110/07/12","中國信託-文心",31,3,28
"13906","2841台開","110/07/12","元大-承德",0,14,-14
"13907","2841台開","110/07/12","元大-福營",30,7,23
"13908","2841台開","110/07/12","元富",0,12,-12
"13909","2841台開","110/07/12","台中銀",20,0,20
"13910","2841台開","110/07/12","富邦-陽明",0,11,-11
"13911","2841台開","110/07/12","國泰-板橋",20,0,20
"13912","2841台開","110/07/12","元大證券",0,11,-11
"13913","2841台開","110/07/12","元大-前金",20,0,20
"13914","2841台開","110/07/12","元大-大甲",0,10,-10
"13915","2841台開","110/07/12","中國信託-高雄",16,1,15
"13916","2841台開","110/07/12","日盛-新竹",0,8,-8
"13917","2841台開","110/07/12","陽信-石牌",15,0,15
"13918","2841台開","110/07/12","元富-城東",0,8,-8
"13919","2841台開","110/07/12","永豐金-南投",15,0,15
"13920","2841台開","110/07/12","玉山-台南",2,10,-8
"13921","6207雷科","110/07/12","元大-高雄",34,0,34
"13922","6207雷科","110/07/12","永豐金-三重",1,32,-31
"13923","6207雷科","110/07/12","華南永昌-林口",16,1,15
"13924","6207雷科","110/07/12","永全-八德",0,30,-30
"13925","6207雷科","110/07/12","摩根大通",19,6,13
"13926","6207雷科","110/07/12","國泰-台中",0,14,-14
"13927","6207雷科","110/07/12","元富-埔里",10,0,10
"13928","6207雷科","110/07/12","第一金-澎湖",0,10,-10
"13929","6207雷科","110/07/12","凱基-台南",10,0,10
"13930","6207雷科","110/07/12","元富-林園",0,10,-10
"13931","6207雷科","110/07/12","新加坡商瑞銀",9,0,9
"13932","6207雷科","110/07/12","元大-東門",0,10,-10
"13933","6207雷科","110/07/12","瑞士信貸",8,0,8
"13934","6207雷科","110/07/12","兆豐-嘉義",0,4,-4
"13935","6207雷科","110/07/12","中國信託-高雄",9,1,8
"13936","6207雷科","110/07/12","新光",0,4,-4
"13937","6207雷科","110/07/12","凱基-高雄",6,0,6
"13938","6207雷科","110/07/12","新光-台中",0,4,-4
"13939","6207雷科","110/07/12","元大-六合",6,0,6
"13940","6207雷科","110/07/12","群益金鼎-開元",0,4,-4
"13941","6207雷科","110/07/12","永豐金-信義",6,0,6
"13942","6207雷科","110/07/12","凱基-桃園",0,4,-4
"13943","6207雷科","110/07/12","群益金鼎-土城",5,0,5
"13944","6207雷科","110/07/12","凱基-民權",0,4,-4
"13945","6207雷科","110/07/12","群益金鼎-竹南",5,0,5
"13946","6207雷科","110/07/12","玉山-新莊",0,3,-3
"13947","6207雷科","110/07/12","元大-大灣",5,1,4
"13948","6207雷科","110/07/12","國泰-松江",0,3,-3
"13949","6207雷科","110/07/12","永興",3,0,3
"13950","6207雷科","110/07/12","富邦-羅東",0,3,-3
"13951","3679新至陞","110/07/12","富邦-新竹華信",40,2,38
"13952","3679新至陞","110/07/12","瑞士信貸",0,45,-45
"13953","3679新至陞","110/07/12","台中銀-員林",28,2,26
"13954","3679新至陞","110/07/12","永豐金-天母",0,39,-39
"13955","3679新至陞","110/07/12","聯邦-大業",24,0,24
"13956","3679新至陞","110/07/12","摩根大通",7,35,-28
"13957","3679新至陞","110/07/12","永豐金證券",20,0,20
"13958","3679新至陞","110/07/12","凱基-台北",8,36,-28
"13959","3679新至陞","110/07/12","港商法國興業",14,0,14
"13960","3679新至陞","110/07/12","華南永昌-小港",1,23,-22
"13961","3679新至陞","110/07/12","日盛-樹林",13,1,12
"13962","3679新至陞","110/07/12","台新-台中",0,15,-15
"13963","3679新至陞","110/07/12","國泰-桃園",9,0,9
"13964","3679新至陞","110/07/12","統一-台中",0,12,-12
"13965","3679新至陞","110/07/12","宏遠-館前",8,0,8
"13966","3679新至陞","110/07/12","元大-成功",1,12,-11
"13967","3679新至陞","110/07/12","凱基",10,2,8
"13968","3679新至陞","110/07/12","康和-澎湖",0,8,-8
"13969","3679新至陞","110/07/12","(牛牛牛)亞-網路",7,0,7
"13970","3679新至陞","110/07/12","新加坡商瑞銀",0,7,-7
"13971","3679新至陞","110/07/12","兆豐-員林",7,0,7
"13972","3679新至陞","110/07/12","兆豐-來福",0,7,-7
"13973","3679新至陞","110/07/12","大慶-蘆洲",5,0,5
"13974","3679新至陞","110/07/12","元大-佳里",0,6,-6
"13975","3679新至陞","110/07/12","土銀-花蓮",4,0,4
"13976","3679新至陞","110/07/12","美商高盛",0,5,-5
"13977","3679新至陞","110/07/12","台新-高雄",5,1,4
"13978","3679新至陞","110/07/12","國票-新莊",0,5,-5
"13979","3679新至陞","110/07/12","元大-天母",4,0,4
"13980","3679新至陞","110/07/12","台新-屏東",0,5,-5
"13981","2727王品","110/07/12","凱基-台北",354,198,156
"13982","2727王品","110/07/12","台灣摩根士丹利",5,386,-381
"13983","2727王品","110/07/12","統一-城中",159,22,137
"13984","2727王品","110/07/12","元大-嘉義",4,60,-56
"13985","2727王品","110/07/12","日盛-忠孝",60,0,60
"13986","2727王品","110/07/12","元大-大同",2,44,-42
"13987","2727王品","110/07/12","永豐金-忠孝",45,5,40
"13988","2727王品","110/07/12","國泰-台中",32,73,-41
"13989","2727王品","110/07/12","合庫-新竹",31,0,31
"13990","2727王品","110/07/12","元大證券",127,163,-36
"13991","2727王品","110/07/12","富邦-台中",31,3,28
"13992","2727王品","110/07/12","凱基",1,33,-32
"13993","2727王品","110/07/12","元大-桃園",35,10,25
"13994","2727王品","110/07/12","永全-南崁",1,31,-30
"13995","2727王品","110/07/12","新加坡商瑞銀",28,4,24
"13996","2727王品","110/07/12","凱基-和平",2,32,-30
"13997","2727王品","110/07/12","群益金鼎-古亭",25,2,23
"13998","2727王品","110/07/12","永豐金-大園",8,38,-30
"13999","2727王品","110/07/12","元大-龍潭",29,7,22
"14000","2727王品","110/07/12","瑞士信貸",0,28,-28
"14001","2727王品","110/07/12","永豐金-永康",25,3,22
"14002","2727王品","110/07/12","元富",17,44,-27
"14003","2727王品","110/07/12","富邦-竹北",24,3,21
"14004","2727王品","110/07/12","元大-北屯",5,32,-27
"14005","2727王品","110/07/12","群益金鼎-松山",20,0,20
"14006","2727王品","110/07/12","華南永昌",3,28,-25
"14007","2727王品","110/07/12","元大-八德",20,0,20
"14008","2727王品","110/07/12","統一-竹南",1,23,-22
"14009","2727王品","110/07/12","元大-南京",25,6,19
"14010","2727王品","110/07/12","永豐金證券",4,26,-22
"14011","1570力肯","110/07/12","國票-北高雄",40,0,40
"14012","1570力肯","110/07/12","日盛-竹北",0,40,-40
"14013","1570力肯","110/07/12","摩根大通",16,0,16
"14014","1570力肯","110/07/12","第一金-華江",1,38,-37
"14015","1570力肯","110/07/12","新光",31,19,12
"14016","1570力肯","110/07/12","元大-永春",0,26,-26
"14017","1570力肯","110/07/12","元大-台中中港",12,0,12
"14018","1570力肯","110/07/12","元大-古亭",1,20,-19
"14019","1570力肯","110/07/12","日盛-高雄",10,0,10
"14020","1570力肯","110/07/12","國泰-松江",0,16,-16
"14021","1570力肯","110/07/12","第一金-路竹",10,0,10
"14022","1570力肯","110/07/12","台新-台南",0,15,-15
"14023","1570力肯","110/07/12","台新-新莊",10,0,10
"14024","1570力肯","110/07/12","康和-石牌",0,15,-15
"14025","1570力肯","110/07/12","元大-新盛",9,0,9
"14026","1570力肯","110/07/12","國泰-板橋",0,11,-11
"14027","1570力肯","110/07/12","凱基-台北",8,0,8
"14028","1570力肯","110/07/12","元大-高雄",0,11,-11
"14029","1570力肯","110/07/12","彰銀-七賢",6,0,6
"14030","1570力肯","110/07/12","兆豐-桃園",0,10,-10
"14031","1570力肯","110/07/12","元富-緯城",6,0,6
"14032","1570力肯","110/07/12","元大-大益",0,10,-10
"14033","1570力肯","110/07/12","華南永昌-古亭",6,0,6
"14034","1570力肯","110/07/12","中國信託-文心",0,5,-5
"14035","1570力肯","110/07/12","富邦-陽明",6,0,6
"14036","1570力肯","110/07/12","光和",0,5,-5
"14037","1570力肯","110/07/12","臺銀-臺南",5,0,5
"14038","1570力肯","110/07/12","陽信-石牌",0,5,-5
"14039","1570力肯","110/07/12","宏遠-館前",5,0,5
"14040","1570力肯","110/07/12","國泰-高雄",0,5,-5
"14041","6180橘子","110/07/12","康和-台中",32,2,30
"14042","6180橘子","110/07/12","新百王",1,40,-39
"14043","6180橘子","110/07/12","美林",32,3,29
"14044","6180橘子","110/07/12","富邦-陽明",4,42,-38
"14045","6180橘子","110/07/12","元大-羅東",21,0,21
"14046","6180橘子","110/07/12","新光",3,32,-29
"14047","6180橘子","110/07/12","兆豐-埔墘",16,0,16
"14048","6180橘子","110/07/12","日盛-文化",4,20,-16
"14049","6180橘子","110/07/12","元大-雙和",12,0,12
"14050","6180橘子","110/07/12","華南永昌-鶯歌",0,15,-15
"14051","6180橘子","110/07/12","美商高盛",18,7,11
"14052","6180橘子","110/07/12","中國信託-忠孝",7,20,-13
"14053","6180橘子","110/07/12","台新證券",14,3,11
"14054","6180橘子","110/07/12","凱基-台北",5,17,-12
"14055","6180橘子","110/07/12","元大-中壢",12,1,11
"14056","6180橘子","110/07/12","凱基-高雄",0,11,-11
"14057","6180橘子","110/07/12","統一-南京",10,0,10
"14058","6180橘子","110/07/12","凱基-大安",0,10,-10
"14059","6180橘子","110/07/12","致和-崇德",10,0,10
"14060","6180橘子","110/07/12","元大-北屯",0,10,-10
"14061","6180橘子","110/07/12","玉山-板橋",10,0,10
"14062","6180橘子","110/07/12","元大-南京",0,9,-9
"14063","6180橘子","110/07/12","富邦-仁愛",10,0,10
"14064","6180橘子","110/07/12","元大-台南",1,10,-9
"14065","6180橘子","110/07/12","摩根大通",10,1,9
"14066","6180橘子","110/07/12","康和-澎湖",0,8,-8
"14067","6180橘子","110/07/12","元富-林園",8,0,8
"14068","6180橘子","110/07/12","第一金-台中",0,7,-7
"14069","6180橘子","110/07/12","大慶-富順",7,0,7
"14070","6180橘子","110/07/12","台新-台南",1,8,-7
"14071","2390云辰","110/07/12","統一-新台中",170,0,170
"14072","2390云辰","110/07/12","元大-天母",2,450,-448
"14073","2390云辰","110/07/12","華南永昌-麻豆",137,2,135
"14074","2390云辰","110/07/12","國泰-忠孝",1,143,-142
"14075","2390云辰","110/07/12","元富-成功",103,14,89
"14076","2390云辰","110/07/12","摩根大通",377,512,-135
"14077","2390云辰","110/07/12","元大-土城學府",146,69,77
"14078","2390云辰","110/07/12","台灣摩根士丹利",0,91,-91
"14079","2390云辰","110/07/12","永豐金-永康",76,4,72
"14080","2390云辰","110/07/12","美林",84,146,-62
"14081","2390云辰","110/07/12","台中銀",73,2,71
"14082","2390云辰","110/07/12","華南永昌-嘉義",2,61,-59
"14083","2390云辰","110/07/12","大昌",63,3,60
"14084","2390云辰","110/07/12","永豐金-羅東",0,49,-49
"14085","2390云辰","110/07/12","合庫-三重",50,0,50
"14086","2390云辰","110/07/12","玉山-台中",6,53,-47
"14087","2390云辰","110/07/12","元富-高雄",93,50,43
"14088","2390云辰","110/07/12","玉山-新莊",2,48,-46
"14089","2390云辰","110/07/12","元大-館前",40,4,36
"14090","2390云辰","110/07/12","元大-大里",7,52,-45
"14091","2390云辰","110/07/12","港商野村",143,109,34
"14092","2390云辰","110/07/12","元大-內湖",3,48,-45
"14093","2390云辰","110/07/12","元大-雙和",34,0,34
"14094","2390云辰","110/07/12","永豐金-市政",1,42,-41
"14095","2390云辰","110/07/12","群益金鼎-民權",33,2,31
"14096","2390云辰","110/07/12","元大-學甲",1,41,-40
"14097","2390云辰","110/07/12","日盛-八德",40,10,30
"14098","2390云辰","110/07/12","兆豐-高雄",2,41,-39
"14099","2390云辰","110/07/12","國票-嘉義",30,0,30
"14100","2390云辰","110/07/12","新加坡商瑞銀",21,59,-38
"14101","4903聯光通","110/07/09","元大-敦南",10,0,10
"14102","4903聯光通","110/07/09","第一金-台中",0,12,-12
"14103","4903聯光通","110/07/09","凱基-士林",5,0,5
"14104","4903聯光通","110/07/09","日盛-忠孝",0,3,-3
"14105","4903聯光通","110/07/09","元大-苗栗",5,0,5
"14106","4903聯光通","110/07/09","群益金鼎-崇德",0,3,-3
"14107","4903聯光通","110/07/09","元大-屏南",3,0,3
"14108","4903聯光通","110/07/09","國票-內壢",0,2,-2
"14109","4903聯光通","110/07/09","中國信託-永康",1,0,1
"14110","4903聯光通","110/07/09","康和-南崁",0,2,-2
"14111","4903聯光通","110/07/09","玉山證券",1,0,1
"14112","4903聯光通","110/07/09","新光-台中",0,2,-2
"14113","4903聯光通","110/07/09","元大-太平",4,3,1
"14114","4903聯光通","110/07/09","玉山-城中",0,2,-2
"14115","4903聯光通","110/07/09","永豐金-嘉義",1,0,1
"14116","4903聯光通","110/07/09","中國信託-文心",0,1,-1
"14117","4903聯光通","110/07/09","大昌",0,0,0
"14118","4903聯光通","110/07/09","大昌",0,0,0
"14119","4903聯光通","110/07/09","中農",0,0,0
"14120","4903聯光通","110/07/09","中農",0,0,0
"14121","4903聯光通","110/07/09","",NA,NA,NA
"14122","4903聯光通","110/07/09","",NA,NA,NA
"14123","4903聯光通","110/07/09","",NA,NA,NA
"14124","4903聯光通","110/07/09","",NA,NA,NA
"14125","4903聯光通","110/07/09","",NA,NA,NA
"14126","4903聯光通","110/07/09","",NA,NA,NA
"14127","4903聯光通","110/07/09","",NA,NA,NA
"14128","4903聯光通","110/07/09","",NA,NA,NA
"14129","4903聯光通","110/07/09","",NA,NA,NA
"14130","4903聯光通","110/07/09","",NA,NA,NA
"14131","2929淘帝","110/07/09","台中銀-台北",110,0,110
"14132","2929淘帝","110/07/09","新光",2,82,-80
"14133","2929淘帝","110/07/09","華南永昌-頭份",72,0,72
"14134","2929淘帝","110/07/09","摩根大通",2,63,-61
"14135","2929淘帝","110/07/09","合庫-高雄",71,0,71
"14136","2929淘帝","110/07/09","第一金-路竹",0,50,-50
"14137","2929淘帝","110/07/09","高橋-龍潭",37,0,37
"14138","2929淘帝","110/07/09","港商麥格理",0,42,-42
"14139","2929淘帝","110/07/09","新光-台中",60,26,34
"14140","2929淘帝","110/07/09","陽信-石牌",0,40,-40
"14141","2929淘帝","110/07/09","元富-大裕",22,1,21
"14142","2929淘帝","110/07/09","台新-左楠",1,39,-38
"14143","2929淘帝","110/07/09","合庫-鳳山",20,0,20
"14144","2929淘帝","110/07/09","凱基-桃園",3,29,-26
"14145","2929淘帝","110/07/09","元大-員林",22,2,20
"14146","2929淘帝","110/07/09","兆豐-內湖",0,25,-25
"14147","2929淘帝","110/07/09","台新-建北",15,0,15
"14148","2929淘帝","110/07/09","元大-北港",0,20,-20
"14149","2929淘帝","110/07/09","兆豐-桃園",13,0,13
"14150","2929淘帝","110/07/09","富邦-北港",0,19,-19
"14151","2929淘帝","110/07/09","兆豐-忠孝",10,0,10
"14152","2929淘帝","110/07/09","富邦-花蓮",0,17,-17
"14153","2929淘帝","110/07/09","國票-敦北法人",10,0,10
"14154","2929淘帝","110/07/09","國泰-台中",2,17,-15
"14155","2929淘帝","110/07/09","永豐金-博愛",10,0,10
"14156","2929淘帝","110/07/09","群益金鼎-彰化",0,15,-15
"14157","2929淘帝","110/07/09","群益金鼎-潭子",8,0,8
"14158","2929淘帝","110/07/09","元大-博愛",0,14,-14
"14159","2929淘帝","110/07/09","富邦-南屯",8,0,8
"14160","2929淘帝","110/07/09","日盛-板橋",0,13,-13
"14161","5410國眾","110/07/09","元大-新盛",14,0,14
"14162","5410國眾","110/07/09","(牛牛牛)亞-鑫豐",1,41,-40
"14163","5410國眾","110/07/09","台灣企銀-民雄",10,0,10
"14164","5410國眾","110/07/09","元富-嘉義",0,25,-25
"14165","5410國眾","110/07/09","元富-虎尾",9,0,9
"14166","5410國眾","110/07/09","凱基-高美館",0,10,-10
"14167","5410國眾","110/07/09","摩根大通",10,1,9
"14168","5410國眾","110/07/09","凱基-城中",0,10,-10
"14169","5410國眾","110/07/09","兆豐-北高雄",7,0,7
"14170","5410國眾","110/07/09","元大-頭份",0,10,-10
"14171","5410國眾","110/07/09","凱基-台北",8,1,7
"14172","5410國眾","110/07/09","群益金鼎-丹鳳",0,7,-7
"14173","5410國眾","110/07/09","華南永昌-公誠",7,0,7
"14174","5410國眾","110/07/09","凱基-復興",0,7,-7
"14175","5410國眾","110/07/09","香港上海匯豐",6,0,6
"14176","5410國眾","110/07/09","元大-員林",0,7,-7
"14177","5410國眾","110/07/09","凱基-中壢",6,0,6
"14178","5410國眾","110/07/09","富邦-竹東",0,6,-6
"14179","5410國眾","110/07/09","華南永昌-南京",6,0,6
"14180","5410國眾","110/07/09","亞東-高雄",0,5,-5
"14181","5410國眾","110/07/09","統一-三重",5,0,5
"14182","5410國眾","110/07/09","大慶-中壢",1,6,-5
"14183","5410國眾","110/07/09","富邦-宜蘭",5,0,5
"14184","5410國眾","110/07/09","群益金鼎-中港",0,5,-5
"14185","5410國眾","110/07/09","元大-崇德",5,0,5
"14186","5410國眾","110/07/09","元大-八德",0,5,-5
"14187","5410國眾","110/07/09","元大-博愛",5,0,5
"14188","5410國眾","110/07/09","富邦-基隆",0,4,-4
"14189","5410國眾","110/07/09","元大-龍潭",5,0,5
"14190","5410國眾","110/07/09","臺銀-新竹",0,3,-3
"14191","2841台開","110/07/09","日盛-雙和",102,0,102
"14192","2841台開","110/07/09","港商野村",0,129,-129
"14193","2841台開","110/07/09","元大-館前",70,0,70
"14194","2841台開","110/07/09","兆豐-永和",0,100,-100
"14195","2841台開","110/07/09","凱基-文心",50,0,50
"14196","2841台開","110/07/09","台新證券",7,28,-21
"14197","2841台開","110/07/09","富邦-嘉義",40,0,40
"14198","2841台開","110/07/09","國票-北高雄",0,20,-20
"14199","2841台開","110/07/09","美商高盛",15,0,15
"14200","2841台開","110/07/09","永豐金-敦南",29,46,-17
"14201","2841台開","110/07/09","台中銀",15,0,15
"14202","2841台開","110/07/09","合庫-基隆",0,12,-12
"14203","2841台開","110/07/09","新光",11,0,11
"14204","2841台開","110/07/09","中國信託-松江",0,12,-12
"14205","2841台開","110/07/09","華南永昌-長虹",10,0,10
"14206","2841台開","110/07/09","兆豐-城中",0,12,-12
"14207","2841台開","110/07/09","永豐金-南投",10,0,10
"14208","2841台開","110/07/09","台中銀-豐原",0,10,-10
"14209","2841台開","110/07/09","合庫-桃園",7,0,7
"14210","2841台開","110/07/09","兆豐-景美",0,10,-10
"14211","2841台開","110/07/09","群益金鼎-古亭",7,0,7
"14212","2841台開","110/07/09","群益金鼎-基隆",0,10,-10
"14213","2841台開","110/07/09","國泰-敦南",6,0,6
"14214","2841台開","110/07/09","元大-北三重",0,10,-10
"14215","2841台開","110/07/09","凱基-桃園",8,2,6
"14216","2841台開","110/07/09","(牛牛牛)亞-網路",0,9,-9
"14217","2841台開","110/07/09","日盛證券",5,0,5
"14218","2841台開","110/07/09","台新-高雄",1,10,-9
"14219","2841台開","110/07/09","元富-文心",5,0,5
"14220","2841台開","110/07/09","凱基-台北",0,7,-7
"14221","6207雷科","110/07/09","群益金鼎-新竹",47,0,47
"14222","6207雷科","110/07/09","新光",7,24,-17
"14223","6207雷科","110/07/09","永豐金-三重",31,0,31
"14224","6207雷科","110/07/09","日盛-和美",0,15,-15
"14225","6207雷科","110/07/09","新加坡商瑞銀",33,5,28
"14226","6207雷科","110/07/09","國泰-台南",0,15,-15
"14227","6207雷科","110/07/09","元大-高雄",26,0,26
"14228","6207雷科","110/07/09","華南永昌-古亭",0,14,-14
"14229","6207雷科","110/07/09","統一-員林",22,0,22
"14230","6207雷科","110/07/09","土銀-白河",0,11,-11
"14231","6207雷科","110/07/09","台新-高雄",22,0,22
"14232","6207雷科","110/07/09","日盛-台南",0,10,-10
"14233","6207雷科","110/07/09","摩根大通",34,17,17
"14234","6207雷科","110/07/09","元富-林園",0,10,-10
"14235","6207雷科","110/07/09","元大-博愛",17,1,16
"14236","6207雷科","110/07/09","富邦-園區",0,10,-10
"14237","6207雷科","110/07/09","日茂-埔里",12,0,12
"14238","6207雷科","110/07/09","元大-上新莊",0,10,-10
"14239","6207雷科","110/07/09","國泰-台中",17,6,11
"14240","6207雷科","110/07/09","永豐金-南京",0,10,-10
"14241","6207雷科","110/07/09","富邦-三重",10,0,10
"14242","6207雷科","110/07/09","兆豐-小港",0,6,-6
"14243","6207雷科","110/07/09","元大-沙鹿",10,0,10
"14244","6207雷科","110/07/09","富邦-羅東",1,7,-6
"14245","6207雷科","110/07/09","元大-八德",10,0,10
"14246","6207雷科","110/07/09","元大-土城永寧",0,6,-6
"14247","6207雷科","110/07/09","第一金-路竹",11,2,9
"14248","6207雷科","110/07/09","永豐金-板盛",0,6,-6
"14249","6207雷科","110/07/09","統一-南京",5,0,5
"14250","6207雷科","110/07/09","日盛-板橋",0,5,-5
"14251","3679新至陞","110/07/09","元大-大天母",10,0,10
"14252","3679新至陞","110/07/09","第一金-光復",0,11,-11
"14253","3679新至陞","110/07/09","日盛-樹林",9,0,9
"14254","3679新至陞","110/07/09","瑞士信貸",0,8,-8
"14255","3679新至陞","110/07/09","凱基-台北",11,2,9
"14256","3679新至陞","110/07/09","大慶-苗栗",0,5,-5
"14257","3679新至陞","110/07/09","華南永昌-小港",8,0,8
"14258","3679新至陞","110/07/09","元大-永春",0,5,-5
"14259","3679新至陞","110/07/09","兆豐-來福",7,0,7
"14260","3679新至陞","110/07/09","日盛-和美",0,4,-4
"14261","3679新至陞","110/07/09","香港上海匯豐",5,0,5
"14262","3679新至陞","110/07/09","元大-雙和",0,3,-3
"14263","3679新至陞","110/07/09","台中銀-員林",3,0,3
"14264","3679新至陞","110/07/09","永豐金-屏東",0,3,-3
"14265","3679新至陞","110/07/09","新光",3,0,3
"14266","3679新至陞","110/07/09","彰銀",0,2,-2
"14267","3679新至陞","110/07/09","土銀-花蓮",2,0,2
"14268","3679新至陞","110/07/09","宏遠-館前",0,2,-2
"14269","3679新至陞","110/07/09","第一金-澎湖",2,0,2
"14270","3679新至陞","110/07/09","港商野村",0,2,-2
"14271","3679新至陞","110/07/09","摩根大通",2,0,2
"14272","3679新至陞","110/07/09","大昌-新店",0,2,-2
"14273","3679新至陞","110/07/09","國泰-敦南",2,0,2
"14274","3679新至陞","110/07/09","元大-新莊",0,2,-2
"14275","3679新至陞","110/07/09","元大-淡水",4,2,2
"14276","3679新至陞","110/07/09","元大-板橋",0,2,-2
"14277","3679新至陞","110/07/09","日盛-士林",1,0,1
"14278","3679新至陞","110/07/09","台灣摩根士丹利",0,1,-1
"14279","3679新至陞","110/07/09","日盛-信義",1,0,1
"14280","3679新至陞","110/07/09","第一金-高雄",0,1,-1
"14281","2727王品","110/07/09","台灣匯立證券",90,0,90
"14282","2727王品","110/07/09","台灣摩根士丹利",0,267,-267
"14283","2727王品","110/07/09","國泰-敦南",166,84,82
"14284","2727王品","110/07/09","富邦-台北",35,299,-264
"14285","2727王品","110/07/09","富邦-仁愛",56,12,44
"14286","2727王品","110/07/09","凱基-台北",174,296,-122
"14287","2727王品","110/07/09","台新證券",109,66,43
"14288","2727王品","110/07/09","第一金",2,102,-100
"14289","2727王品","110/07/09","新光",117,87,30
"14290","2727王品","110/07/09","群益金鼎-大安",0,80,-80
"14291","2727王品","110/07/09","臺銀-臺中",35,6,29
"14292","2727王品","110/07/09","兆豐-大安",7,60,-53
"14293","2727王品","110/07/09","元大-桃園",32,3,29
"14294","2727王品","110/07/09","永豐金-南投",0,50,-50
"14295","2727王品","110/07/09","元富-宜蘭",34,6,28
"14296","2727王品","110/07/09","新加坡商瑞銀",6,46,-40
"14297","2727王品","110/07/09","玉山-台中",34,8,26
"14298","2727王品","110/07/09","合庫-彰化",11,50,-39
"14299","2727王品","110/07/09","群益金鼎-宜蘭",30,4,26
"14300","2727王品","110/07/09","永豐金-萬盛",13,52,-39
"14301","2727王品","110/07/09","富邦-台中",42,16,26
"14302","2727王品","110/07/09","瑞士信貸",0,34,-34
"14303","2727王品","110/07/09","第一金-豐原",25,1,24
"14304","2727王品","110/07/09","元大-和平",4,35,-31
"14305","2727王品","110/07/09","臺銀",30,8,22
"14306","2727王品","110/07/09","美林",14,44,-30
"14307","2727王品","110/07/09","兆豐-來福",23,1,22
"14308","2727王品","110/07/09","元大-員林",9,38,-29
"14309","2727王品","110/07/09","玉山-士林",22,2,20
"14310","2727王品","110/07/09","元富-西松",4,31,-27
"14311","1570力肯","110/07/09","凱基-台北",30,1,29
"14312","1570力肯","110/07/09","群益金鼎-彰化",0,20,-20
"14313","1570力肯","110/07/09","新光-台南",20,0,20
"14314","1570力肯","110/07/09","元大-土城學府",0,20,-20
"14315","1570力肯","110/07/09","元大-高雄",20,0,20
"14316","1570力肯","110/07/09","元大-大統",0,16,-16
"14317","1570力肯","110/07/09","國票-中正",12,0,12
"14318","1570力肯","110/07/09","元大-新營",0,11,-11
"14319","1570力肯","110/07/09","日盛-高雄",6,0,6
"14320","1570力肯","110/07/09","元大-和平",0,10,-10
"14321","1570力肯","110/07/09","元富-緯城",6,0,6
"14322","1570力肯","110/07/09","元大-草屯",0,10,-10
"14323","1570力肯","110/07/09","群益金鼎-台南",6,0,6
"14324","1570力肯","110/07/09","元大-鹿港",0,9,-9
"14325","1570力肯","110/07/09","華南永昌-岡山",6,0,6
"14326","1570力肯","110/07/09","合庫-基隆",0,7,-7
"14327","1570力肯","110/07/09","統一-中壢",5,0,5
"14328","1570力肯","110/07/09","摩根大通",2,8,-6
"14329","1570力肯","110/07/09","凱基-三峽",5,0,5
"14330","1570力肯","110/07/09","台灣企銀-豐原",0,4,-4
"14331","1570力肯","110/07/09","大昌-樹林",4,0,4
"14332","1570力肯","110/07/09","日盛-桃園",0,4,-4
"14333","1570力肯","110/07/09","新光",3,0,3
"14334","1570力肯","110/07/09","國泰-高雄",0,3,-3
"14335","1570力肯","110/07/09","富邦-新竹華信",3,0,3
"14336","1570力肯","110/07/09","永豐金-敦南",0,3,-3
"14337","1570力肯","110/07/09","合庫-台中",2,0,2
"14338","1570力肯","110/07/09","土銀-彰化",0,2,-2
"14339","1570力肯","110/07/09","臺銀-臺中",2,0,2
"14340","1570力肯","110/07/09","臺銀-鳳山",0,2,-2
"14341","6180橘子","110/07/09","摩根大通",63,1,62
"14342","6180橘子","110/07/09","元大-南京",1,32,-31
"14343","6180橘子","110/07/09","富邦-陽明",73,33,40
"14344","6180橘子","110/07/09","群益金鼎-台北",0,25,-25
"14345","6180橘子","110/07/09","新加坡商瑞銀",31,0,31
"14346","6180橘子","110/07/09","兆豐-復興",0,21,-21
"14347","6180橘子","110/07/09","美商高盛",25,0,25
"14348","6180橘子","110/07/09","永豐金-嘉義",0,21,-21
"14349","6180橘子","110/07/09","凱基-台北",26,10,16
"14350","6180橘子","110/07/09","凱基-中壢",8,24,-16
"14351","6180橘子","110/07/09","華南永昌-楠梓",13,0,13
"14352","6180橘子","110/07/09","致和-崇德",0,15,-15
"14353","6180橘子","110/07/09","華南永昌-朴子",11,0,11
"14354","6180橘子","110/07/09","群益金鼎-屏東",0,15,-15
"14355","6180橘子","110/07/09","元大-北港",11,0,11
"14356","6180橘子","110/07/09","群益金鼎-中山",0,15,-15
"14357","6180橘子","110/07/09","元大-成功",10,1,9
"14358","6180橘子","110/07/09","瑞士信貸",1,15,-14
"14359","6180橘子","110/07/09","新光",26,18,8
"14360","6180橘子","110/07/09","日盛-二林",0,10,-10
"14361","6180橘子","110/07/09","統一-三重",6,0,6
"14362","6180橘子","110/07/09","凱基-東門",0,10,-10
"14363","6180橘子","110/07/09","群益金鼎-嘉義",6,0,6
"14364","6180橘子","110/07/09","華南永昌-三重",0,10,-10
"14365","6180橘子","110/07/09","元大-員林中山",6,0,6
"14366","6180橘子","110/07/09","元大-彰化民生",1,11,-10
"14367","6180橘子","110/07/09","合庫-鳳山",5,0,5
"14368","6180橘子","110/07/09","永豐金-新店",1,11,-10
"14369","6180橘子","110/07/09","富邦-建國",6,1,5
"14370","6180橘子","110/07/09","群益金鼎-丹鳳",0,8,-8
"14371","2390云辰","110/07/09","摩根大通",279,56,223
"14372","2390云辰","110/07/09","元大-天母",0,127,-127
"14373","2390云辰","110/07/09","日盛-鳳山",110,2,108
"14374","2390云辰","110/07/09","中國信託-文心",5,109,-104
"14375","2390云辰","110/07/09","宏遠證券",100,0,100
"14376","2390云辰","110/07/09","永豐金-復興",0,55,-55
"14377","2390云辰","110/07/09","元大-大里",63,6,57
"14378","2390云辰","110/07/09","凱基-台北",239,286,-47
"14379","2390云辰","110/07/09","凱基-八德",59,10,49
"14380","2390云辰","110/07/09","德信",2,32,-30
"14381","2390云辰","110/07/09","合庫-新竹",40,0,40
"14382","2390云辰","110/07/09","兆豐-桃鶯",2,32,-30
"14383","2390云辰","110/07/09","國票",40,1,39
"14384","2390云辰","110/07/09","致和-南京",0,30,-30
"14385","2390云辰","110/07/09","新加坡商瑞銀",49,13,36
"14386","2390云辰","110/07/09","富邦-虎尾",1,31,-30
"14387","2390云辰","110/07/09","統一-新台中",36,2,34
"14388","2390云辰","110/07/09","元大-善化",2,31,-29
"14389","2390云辰","110/07/09","國票-嘉義",31,0,31
"14390","2390云辰","110/07/09","富邦-板橋",0,27,-27
"14391","2390云辰","110/07/09","華南永昌",35,7,28
"14392","2390云辰","110/07/09","富邦-永和",3,28,-25
"14393","2390云辰","110/07/09","玉山-台中",49,22,27
"14394","2390云辰","110/07/09","第一金-自由",20,44,-24
"14395","2390云辰","110/07/09","華南永昌-敦南",25,0,25
"14396","2390云辰","110/07/09","凱基-內湖",0,24,-24
"14397","2390云辰","110/07/09","新光-高雄",27,4,23
"14398","2390云辰","110/07/09","元大-汐止",1,24,-23
"14399","2390云辰","110/07/09","台灣摩根士丹利",85,63,22
"14400","2390云辰","110/07/09","新光-台中",12,33,-21
"14401","4903聯光通","110/07/09","元大-敦南",10,0,10
"14402","4903聯光通","110/07/09","第一金-台中",0,12,-12
"14403","4903聯光通","110/07/09","凱基-士林",5,0,5
"14404","4903聯光通","110/07/09","日盛-忠孝",0,3,-3
"14405","4903聯光通","110/07/09","元大-苗栗",5,0,5
"14406","4903聯光通","110/07/09","群益金鼎-崇德",0,3,-3
"14407","4903聯光通","110/07/09","元大-屏南",3,0,3
"14408","4903聯光通","110/07/09","國票-內壢",0,2,-2
"14409","4903聯光通","110/07/09","中國信託-永康",1,0,1
"14410","4903聯光通","110/07/09","康和-南崁",0,2,-2
"14411","4903聯光通","110/07/09","玉山證券",1,0,1
"14412","4903聯光通","110/07/09","新光-台中",0,2,-2
"14413","4903聯光通","110/07/09","元大-太平",4,3,1
"14414","4903聯光通","110/07/09","玉山-城中",0,2,-2
"14415","4903聯光通","110/07/09","永豐金-嘉義",1,0,1
"14416","4903聯光通","110/07/09","中國信託-文心",0,1,-1
"14417","4903聯光通","110/07/09","大昌",0,0,0
"14418","4903聯光通","110/07/09","大昌",0,0,0
"14419","4903聯光通","110/07/09","中農",0,0,0
"14420","4903聯光通","110/07/09","中農",0,0,0
"14421","4903聯光通","110/07/09","",NA,NA,NA
"14422","4903聯光通","110/07/09","",NA,NA,NA
"14423","4903聯光通","110/07/09","",NA,NA,NA
"14424","4903聯光通","110/07/09","",NA,NA,NA
"14425","4903聯光通","110/07/09","",NA,NA,NA
"14426","4903聯光通","110/07/09","",NA,NA,NA
"14427","4903聯光通","110/07/09","",NA,NA,NA
"14428","4903聯光通","110/07/09","",NA,NA,NA
"14429","4903聯光通","110/07/09","",NA,NA,NA
"14430","4903聯光通","110/07/09","",NA,NA,NA
"14431","2929淘帝","110/07/09","台中銀-台北",110,0,110
"14432","2929淘帝","110/07/09","新光",2,82,-80
"14433","2929淘帝","110/07/09","華南永昌-頭份",72,0,72
"14434","2929淘帝","110/07/09","摩根大通",2,63,-61
"14435","2929淘帝","110/07/09","合庫-高雄",71,0,71
"14436","2929淘帝","110/07/09","第一金-路竹",0,50,-50
"14437","2929淘帝","110/07/09","高橋-龍潭",37,0,37
"14438","2929淘帝","110/07/09","港商麥格理",0,42,-42
"14439","2929淘帝","110/07/09","新光-台中",60,26,34
"14440","2929淘帝","110/07/09","陽信-石牌",0,40,-40
"14441","2929淘帝","110/07/09","元富-大裕",22,1,21
"14442","2929淘帝","110/07/09","台新-左楠",1,39,-38
"14443","2929淘帝","110/07/09","合庫-鳳山",20,0,20
"14444","2929淘帝","110/07/09","凱基-桃園",3,29,-26
"14445","2929淘帝","110/07/09","元大-員林",22,2,20
"14446","2929淘帝","110/07/09","兆豐-內湖",0,25,-25
"14447","2929淘帝","110/07/09","台新-建北",15,0,15
"14448","2929淘帝","110/07/09","元大-北港",0,20,-20
"14449","2929淘帝","110/07/09","兆豐-桃園",13,0,13
"14450","2929淘帝","110/07/09","富邦-北港",0,19,-19
"14451","2929淘帝","110/07/09","兆豐-忠孝",10,0,10
"14452","2929淘帝","110/07/09","富邦-花蓮",0,17,-17
"14453","2929淘帝","110/07/09","國票-敦北法人",10,0,10
"14454","2929淘帝","110/07/09","國泰-台中",2,17,-15
"14455","2929淘帝","110/07/09","永豐金-博愛",10,0,10
"14456","2929淘帝","110/07/09","群益金鼎-彰化",0,15,-15
"14457","2929淘帝","110/07/09","群益金鼎-潭子",8,0,8
"14458","2929淘帝","110/07/09","元大-博愛",0,14,-14
"14459","2929淘帝","110/07/09","富邦-南屯",8,0,8
"14460","2929淘帝","110/07/09","日盛-板橋",0,13,-13
"14461","5410國眾","110/07/09","元大-新盛",14,0,14
"14462","5410國眾","110/07/09","(牛牛牛)亞-鑫豐",1,41,-40
"14463","5410國眾","110/07/09","台灣企銀-民雄",10,0,10
"14464","5410國眾","110/07/09","元富-嘉義",0,25,-25
"14465","5410國眾","110/07/09","元富-虎尾",9,0,9
"14466","5410國眾","110/07/09","凱基-高美館",0,10,-10
"14467","5410國眾","110/07/09","摩根大通",10,1,9
"14468","5410國眾","110/07/09","凱基-城中",0,10,-10
"14469","5410國眾","110/07/09","兆豐-北高雄",7,0,7
"14470","5410國眾","110/07/09","元大-頭份",0,10,-10
"14471","5410國眾","110/07/09","凱基-台北",8,1,7
"14472","5410國眾","110/07/09","群益金鼎-丹鳳",0,7,-7
"14473","5410國眾","110/07/09","華南永昌-公誠",7,0,7
"14474","5410國眾","110/07/09","凱基-復興",0,7,-7
"14475","5410國眾","110/07/09","香港上海匯豐",6,0,6
"14476","5410國眾","110/07/09","元大-員林",0,7,-7
"14477","5410國眾","110/07/09","凱基-中壢",6,0,6
"14478","5410國眾","110/07/09","富邦-竹東",0,6,-6
"14479","5410國眾","110/07/09","華南永昌-南京",6,0,6
"14480","5410國眾","110/07/09","亞東-高雄",0,5,-5
"14481","5410國眾","110/07/09","統一-三重",5,0,5
"14482","5410國眾","110/07/09","大慶-中壢",1,6,-5
"14483","5410國眾","110/07/09","富邦-宜蘭",5,0,5
"14484","5410國眾","110/07/09","群益金鼎-中港",0,5,-5
"14485","5410國眾","110/07/09","元大-崇德",5,0,5
"14486","5410國眾","110/07/09","元大-八德",0,5,-5
"14487","5410國眾","110/07/09","元大-博愛",5,0,5
"14488","5410國眾","110/07/09","富邦-基隆",0,4,-4
"14489","5410國眾","110/07/09","元大-龍潭",5,0,5
"14490","5410國眾","110/07/09","臺銀-新竹",0,3,-3
"14491","2841台開","110/07/09","日盛-雙和",102,0,102
"14492","2841台開","110/07/09","港商野村",0,129,-129
"14493","2841台開","110/07/09","元大-館前",70,0,70
"14494","2841台開","110/07/09","兆豐-永和",0,100,-100
"14495","2841台開","110/07/09","凱基-文心",50,0,50
"14496","2841台開","110/07/09","台新證券",7,28,-21
"14497","2841台開","110/07/09","富邦-嘉義",40,0,40
"14498","2841台開","110/07/09","國票-北高雄",0,20,-20
"14499","2841台開","110/07/09","美商高盛",15,0,15
"14500","2841台開","110/07/09","永豐金-敦南",29,46,-17
"14501","2841台開","110/07/09","台中銀",15,0,15
"14502","2841台開","110/07/09","合庫-基隆",0,12,-12
"14503","2841台開","110/07/09","新光",11,0,11
"14504","2841台開","110/07/09","中國信託-松江",0,12,-12
"14505","2841台開","110/07/09","華南永昌-長虹",10,0,10
"14506","2841台開","110/07/09","兆豐-城中",0,12,-12
"14507","2841台開","110/07/09","永豐金-南投",10,0,10
"14508","2841台開","110/07/09","台中銀-豐原",0,10,-10
"14509","2841台開","110/07/09","合庫-桃園",7,0,7
"14510","2841台開","110/07/09","兆豐-景美",0,10,-10
"14511","2841台開","110/07/09","群益金鼎-古亭",7,0,7
"14512","2841台開","110/07/09","群益金鼎-基隆",0,10,-10
"14513","2841台開","110/07/09","國泰-敦南",6,0,6
"14514","2841台開","110/07/09","元大-北三重",0,10,-10
"14515","2841台開","110/07/09","凱基-桃園",8,2,6
"14516","2841台開","110/07/09","(牛牛牛)亞-網路",0,9,-9
"14517","2841台開","110/07/09","日盛證券",5,0,5
"14518","2841台開","110/07/09","台新-高雄",1,10,-9
"14519","2841台開","110/07/09","元富-文心",5,0,5
"14520","2841台開","110/07/09","凱基-台北",0,7,-7
"14521","6207雷科","110/07/09","群益金鼎-新竹",47,0,47
"14522","6207雷科","110/07/09","新光",7,24,-17
"14523","6207雷科","110/07/09","永豐金-三重",31,0,31
"14524","6207雷科","110/07/09","日盛-和美",0,15,-15
"14525","6207雷科","110/07/09","新加坡商瑞銀",33,5,28
"14526","6207雷科","110/07/09","國泰-台南",0,15,-15
"14527","6207雷科","110/07/09","元大-高雄",26,0,26
"14528","6207雷科","110/07/09","華南永昌-古亭",0,14,-14
"14529","6207雷科","110/07/09","統一-員林",22,0,22
"14530","6207雷科","110/07/09","土銀-白河",0,11,-11
"14531","6207雷科","110/07/09","台新-高雄",22,0,22
"14532","6207雷科","110/07/09","日盛-台南",0,10,-10
"14533","6207雷科","110/07/09","摩根大通",34,17,17
"14534","6207雷科","110/07/09","元富-林園",0,10,-10
"14535","6207雷科","110/07/09","元大-博愛",17,1,16
"14536","6207雷科","110/07/09","富邦-園區",0,10,-10
"14537","6207雷科","110/07/09","日茂-埔里",12,0,12
"14538","6207雷科","110/07/09","元大-上新莊",0,10,-10
"14539","6207雷科","110/07/09","國泰-台中",17,6,11
"14540","6207雷科","110/07/09","永豐金-南京",0,10,-10
"14541","6207雷科","110/07/09","富邦-三重",10,0,10
"14542","6207雷科","110/07/09","兆豐-小港",0,6,-6
"14543","6207雷科","110/07/09","元大-沙鹿",10,0,10
"14544","6207雷科","110/07/09","富邦-羅東",1,7,-6
"14545","6207雷科","110/07/09","元大-八德",10,0,10
"14546","6207雷科","110/07/09","元大-土城永寧",0,6,-6
"14547","6207雷科","110/07/09","第一金-路竹",11,2,9
"14548","6207雷科","110/07/09","永豐金-板盛",0,6,-6
"14549","6207雷科","110/07/09","統一-南京",5,0,5
"14550","6207雷科","110/07/09","日盛-板橋",0,5,-5
"14551","3679新至陞","110/07/09","元大-大天母",10,0,10
"14552","3679新至陞","110/07/09","第一金-光復",0,11,-11
"14553","3679新至陞","110/07/09","日盛-樹林",9,0,9
"14554","3679新至陞","110/07/09","瑞士信貸",0,8,-8
"14555","3679新至陞","110/07/09","凱基-台北",11,2,9
"14556","3679新至陞","110/07/09","大慶-苗栗",0,5,-5
"14557","3679新至陞","110/07/09","華南永昌-小港",8,0,8
"14558","3679新至陞","110/07/09","元大-永春",0,5,-5
"14559","3679新至陞","110/07/09","兆豐-來福",7,0,7
"14560","3679新至陞","110/07/09","日盛-和美",0,4,-4
"14561","3679新至陞","110/07/09","香港上海匯豐",5,0,5
"14562","3679新至陞","110/07/09","元大-雙和",0,3,-3
"14563","3679新至陞","110/07/09","台中銀-員林",3,0,3
"14564","3679新至陞","110/07/09","永豐金-屏東",0,3,-3
"14565","3679新至陞","110/07/09","新光",3,0,3
"14566","3679新至陞","110/07/09","彰銀",0,2,-2
"14567","3679新至陞","110/07/09","土銀-花蓮",2,0,2
"14568","3679新至陞","110/07/09","宏遠-館前",0,2,-2
"14569","3679新至陞","110/07/09","第一金-澎湖",2,0,2
"14570","3679新至陞","110/07/09","港商野村",0,2,-2
"14571","3679新至陞","110/07/09","摩根大通",2,0,2
"14572","3679新至陞","110/07/09","大昌-新店",0,2,-2
"14573","3679新至陞","110/07/09","國泰-敦南",2,0,2
"14574","3679新至陞","110/07/09","元大-新莊",0,2,-2
"14575","3679新至陞","110/07/09","元大-淡水",4,2,2
"14576","3679新至陞","110/07/09","元大-板橋",0,2,-2
"14577","3679新至陞","110/07/09","日盛-士林",1,0,1
"14578","3679新至陞","110/07/09","台灣摩根士丹利",0,1,-1
"14579","3679新至陞","110/07/09","日盛-信義",1,0,1
"14580","3679新至陞","110/07/09","第一金-高雄",0,1,-1
"14581","2727王品","110/07/09","台灣匯立證券",90,0,90
"14582","2727王品","110/07/09","台灣摩根士丹利",0,267,-267
"14583","2727王品","110/07/09","國泰-敦南",166,84,82
"14584","2727王品","110/07/09","富邦-台北",35,299,-264
"14585","2727王品","110/07/09","富邦-仁愛",56,12,44
"14586","2727王品","110/07/09","凱基-台北",174,296,-122
"14587","2727王品","110/07/09","台新證券",109,66,43
"14588","2727王品","110/07/09","第一金",2,102,-100
"14589","2727王品","110/07/09","新光",117,87,30
"14590","2727王品","110/07/09","群益金鼎-大安",0,80,-80
"14591","2727王品","110/07/09","臺銀-臺中",35,6,29
"14592","2727王品","110/07/09","兆豐-大安",7,60,-53
"14593","2727王品","110/07/09","元大-桃園",32,3,29
"14594","2727王品","110/07/09","永豐金-南投",0,50,-50
"14595","2727王品","110/07/09","元富-宜蘭",34,6,28
"14596","2727王品","110/07/09","新加坡商瑞銀",6,46,-40
"14597","2727王品","110/07/09","玉山-台中",34,8,26
"14598","2727王品","110/07/09","合庫-彰化",11,50,-39
"14599","2727王品","110/07/09","群益金鼎-宜蘭",30,4,26
"14600","2727王品","110/07/09","永豐金-萬盛",13,52,-39
"14601","2727王品","110/07/09","富邦-台中",42,16,26
"14602","2727王品","110/07/09","瑞士信貸",0,34,-34
"14603","2727王品","110/07/09","第一金-豐原",25,1,24
"14604","2727王品","110/07/09","元大-和平",4,35,-31
"14605","2727王品","110/07/09","臺銀",30,8,22
"14606","2727王品","110/07/09","美林",14,44,-30
"14607","2727王品","110/07/09","兆豐-來福",23,1,22
"14608","2727王品","110/07/09","元大-員林",9,38,-29
"14609","2727王品","110/07/09","玉山-士林",22,2,20
"14610","2727王品","110/07/09","元富-西松",4,31,-27
"14611","1570力肯","110/07/09","凱基-台北",30,1,29
"14612","1570力肯","110/07/09","群益金鼎-彰化",0,20,-20
"14613","1570力肯","110/07/09","新光-台南",20,0,20
"14614","1570力肯","110/07/09","元大-土城學府",0,20,-20
"14615","1570力肯","110/07/09","元大-高雄",20,0,20
"14616","1570力肯","110/07/09","元大-大統",0,16,-16
"14617","1570力肯","110/07/09","國票-中正",12,0,12
"14618","1570力肯","110/07/09","元大-新營",0,11,-11
"14619","1570力肯","110/07/09","日盛-高雄",6,0,6
"14620","1570力肯","110/07/09","元大-和平",0,10,-10
"14621","1570力肯","110/07/09","元富-緯城",6,0,6
"14622","1570力肯","110/07/09","元大-草屯",0,10,-10
"14623","1570力肯","110/07/09","群益金鼎-台南",6,0,6
"14624","1570力肯","110/07/09","元大-鹿港",0,9,-9
"14625","1570力肯","110/07/09","華南永昌-岡山",6,0,6
"14626","1570力肯","110/07/09","合庫-基隆",0,7,-7
"14627","1570力肯","110/07/09","統一-中壢",5,0,5
"14628","1570力肯","110/07/09","摩根大通",2,8,-6
"14629","1570力肯","110/07/09","凱基-三峽",5,0,5
"14630","1570力肯","110/07/09","台灣企銀-豐原",0,4,-4
"14631","1570力肯","110/07/09","大昌-樹林",4,0,4
"14632","1570力肯","110/07/09","日盛-桃園",0,4,-4
"14633","1570力肯","110/07/09","新光",3,0,3
"14634","1570力肯","110/07/09","國泰-高雄",0,3,-3
"14635","1570力肯","110/07/09","富邦-新竹華信",3,0,3
"14636","1570力肯","110/07/09","永豐金-敦南",0,3,-3
"14637","1570力肯","110/07/09","合庫-台中",2,0,2
"14638","1570力肯","110/07/09","土銀-彰化",0,2,-2
"14639","1570力肯","110/07/09","臺銀-臺中",2,0,2
"14640","1570力肯","110/07/09","臺銀-鳳山",0,2,-2
"14641","6180橘子","110/07/09","摩根大通",63,1,62
"14642","6180橘子","110/07/09","元大-南京",1,32,-31
"14643","6180橘子","110/07/09","富邦-陽明",73,33,40
"14644","6180橘子","110/07/09","群益金鼎-台北",0,25,-25
"14645","6180橘子","110/07/09","新加坡商瑞銀",31,0,31
"14646","6180橘子","110/07/09","兆豐-復興",0,21,-21
"14647","6180橘子","110/07/09","美商高盛",25,0,25
"14648","6180橘子","110/07/09","永豐金-嘉義",0,21,-21
"14649","6180橘子","110/07/09","凱基-台北",26,10,16
"14650","6180橘子","110/07/09","凱基-中壢",8,24,-16
"14651","6180橘子","110/07/09","華南永昌-楠梓",13,0,13
"14652","6180橘子","110/07/09","致和-崇德",0,15,-15
"14653","6180橘子","110/07/09","華南永昌-朴子",11,0,11
"14654","6180橘子","110/07/09","群益金鼎-屏東",0,15,-15
"14655","6180橘子","110/07/09","元大-北港",11,0,11
"14656","6180橘子","110/07/09","群益金鼎-中山",0,15,-15
"14657","6180橘子","110/07/09","元大-成功",10,1,9
"14658","6180橘子","110/07/09","瑞士信貸",1,15,-14
"14659","6180橘子","110/07/09","新光",26,18,8
"14660","6180橘子","110/07/09","日盛-二林",0,10,-10
"14661","6180橘子","110/07/09","統一-三重",6,0,6
"14662","6180橘子","110/07/09","凱基-東門",0,10,-10
"14663","6180橘子","110/07/09","群益金鼎-嘉義",6,0,6
"14664","6180橘子","110/07/09","華南永昌-三重",0,10,-10
"14665","6180橘子","110/07/09","元大-員林中山",6,0,6
"14666","6180橘子","110/07/09","元大-彰化民生",1,11,-10
"14667","6180橘子","110/07/09","合庫-鳳山",5,0,5
"14668","6180橘子","110/07/09","永豐金-新店",1,11,-10
"14669","6180橘子","110/07/09","富邦-建國",6,1,5
"14670","6180橘子","110/07/09","群益金鼎-丹鳳",0,8,-8
"14671","2390云辰","110/07/09","摩根大通",279,56,223
"14672","2390云辰","110/07/09","元大-天母",0,127,-127
"14673","2390云辰","110/07/09","日盛-鳳山",110,2,108
"14674","2390云辰","110/07/09","中國信託-文心",5,109,-104
"14675","2390云辰","110/07/09","宏遠證券",100,0,100
"14676","2390云辰","110/07/09","永豐金-復興",0,55,-55
"14677","2390云辰","110/07/09","元大-大里",63,6,57
"14678","2390云辰","110/07/09","凱基-台北",239,286,-47
"14679","2390云辰","110/07/09","凱基-八德",59,10,49
"14680","2390云辰","110/07/09","德信",2,32,-30
"14681","2390云辰","110/07/09","合庫-新竹",40,0,40
"14682","2390云辰","110/07/09","兆豐-桃鶯",2,32,-30
"14683","2390云辰","110/07/09","國票",40,1,39
"14684","2390云辰","110/07/09","致和-南京",0,30,-30
"14685","2390云辰","110/07/09","新加坡商瑞銀",49,13,36
"14686","2390云辰","110/07/09","富邦-虎尾",1,31,-30
"14687","2390云辰","110/07/09","統一-新台中",36,2,34
"14688","2390云辰","110/07/09","元大-善化",2,31,-29
"14689","2390云辰","110/07/09","國票-嘉義",31,0,31
"14690","2390云辰","110/07/09","富邦-板橋",0,27,-27
"14691","2390云辰","110/07/09","華南永昌",35,7,28
"14692","2390云辰","110/07/09","富邦-永和",3,28,-25
"14693","2390云辰","110/07/09","玉山-台中",49,22,27
"14694","2390云辰","110/07/09","第一金-自由",20,44,-24
"14695","2390云辰","110/07/09","華南永昌-敦南",25,0,25
"14696","2390云辰","110/07/09","凱基-內湖",0,24,-24
"14697","2390云辰","110/07/09","新光-高雄",27,4,23
"14698","2390云辰","110/07/09","元大-汐止",1,24,-23
"14699","2390云辰","110/07/09","台灣摩根士丹利",85,63,22
"14700","2390云辰","110/07/09","新光-台中",12,33,-21
"14701","4903聯光通","110/07/09","元大-敦南",10,0,10
"14702","4903聯光通","110/07/09","第一金-台中",0,12,-12
"14703","4903聯光通","110/07/09","凱基-士林",5,0,5
"14704","4903聯光通","110/07/09","日盛-忠孝",0,3,-3
"14705","4903聯光通","110/07/09","元大-苗栗",5,0,5
"14706","4903聯光通","110/07/09","群益金鼎-崇德",0,3,-3
"14707","4903聯光通","110/07/09","元大-屏南",3,0,3
"14708","4903聯光通","110/07/09","國票-內壢",0,2,-2
"14709","4903聯光通","110/07/09","中國信託-永康",1,0,1
"14710","4903聯光通","110/07/09","康和-南崁",0,2,-2
"14711","4903聯光通","110/07/09","玉山證券",1,0,1
"14712","4903聯光通","110/07/09","新光-台中",0,2,-2
"14713","4903聯光通","110/07/09","元大-太平",4,3,1
"14714","4903聯光通","110/07/09","玉山-城中",0,2,-2
"14715","4903聯光通","110/07/09","永豐金-嘉義",1,0,1
"14716","4903聯光通","110/07/09","中國信託-文心",0,1,-1
"14717","4903聯光通","110/07/09","大昌",0,0,0
"14718","4903聯光通","110/07/09","大昌",0,0,0
"14719","4903聯光通","110/07/09","中農",0,0,0
"14720","4903聯光通","110/07/09","中農",0,0,0
"14721","4903聯光通","110/07/09","",NA,NA,NA
"14722","4903聯光通","110/07/09","",NA,NA,NA
"14723","4903聯光通","110/07/09","",NA,NA,NA
"14724","4903聯光通","110/07/09","",NA,NA,NA
"14725","4903聯光通","110/07/09","",NA,NA,NA
"14726","4903聯光通","110/07/09","",NA,NA,NA
"14727","4903聯光通","110/07/09","",NA,NA,NA
"14728","4903聯光通","110/07/09","",NA,NA,NA
"14729","4903聯光通","110/07/09","",NA,NA,NA
"14730","4903聯光通","110/07/09","",NA,NA,NA
"14731","2929淘帝","110/07/09","台中銀-台北",110,0,110
"14732","2929淘帝","110/07/09","新光",2,82,-80
"14733","2929淘帝","110/07/09","華南永昌-頭份",72,0,72
"14734","2929淘帝","110/07/09","摩根大通",2,63,-61
"14735","2929淘帝","110/07/09","合庫-高雄",71,0,71
"14736","2929淘帝","110/07/09","第一金-路竹",0,50,-50
"14737","2929淘帝","110/07/09","高橋-龍潭",37,0,37
"14738","2929淘帝","110/07/09","港商麥格理",0,42,-42
"14739","2929淘帝","110/07/09","新光-台中",60,26,34
"14740","2929淘帝","110/07/09","陽信-石牌",0,40,-40
"14741","2929淘帝","110/07/09","元富-大裕",22,1,21
"14742","2929淘帝","110/07/09","台新-左楠",1,39,-38
"14743","2929淘帝","110/07/09","合庫-鳳山",20,0,20
"14744","2929淘帝","110/07/09","凱基-桃園",3,29,-26
"14745","2929淘帝","110/07/09","元大-員林",22,2,20
"14746","2929淘帝","110/07/09","兆豐-內湖",0,25,-25
"14747","2929淘帝","110/07/09","台新-建北",15,0,15
"14748","2929淘帝","110/07/09","元大-北港",0,20,-20
"14749","2929淘帝","110/07/09","兆豐-桃園",13,0,13
"14750","2929淘帝","110/07/09","富邦-北港",0,19,-19
"14751","2929淘帝","110/07/09","兆豐-忠孝",10,0,10
"14752","2929淘帝","110/07/09","富邦-花蓮",0,17,-17
"14753","2929淘帝","110/07/09","國票-敦北法人",10,0,10
"14754","2929淘帝","110/07/09","國泰-台中",2,17,-15
"14755","2929淘帝","110/07/09","永豐金-博愛",10,0,10
"14756","2929淘帝","110/07/09","群益金鼎-彰化",0,15,-15
"14757","2929淘帝","110/07/09","群益金鼎-潭子",8,0,8
"14758","2929淘帝","110/07/09","元大-博愛",0,14,-14
"14759","2929淘帝","110/07/09","富邦-南屯",8,0,8
"14760","2929淘帝","110/07/09","日盛-板橋",0,13,-13
"14761","5410國眾","110/07/09","元大-新盛",14,0,14
"14762","5410國眾","110/07/09","(牛牛牛)亞-鑫豐",1,41,-40
"14763","5410國眾","110/07/09","台灣企銀-民雄",10,0,10
"14764","5410國眾","110/07/09","元富-嘉義",0,25,-25
"14765","5410國眾","110/07/09","元富-虎尾",9,0,9
"14766","5410國眾","110/07/09","凱基-高美館",0,10,-10
"14767","5410國眾","110/07/09","摩根大通",10,1,9
"14768","5410國眾","110/07/09","凱基-城中",0,10,-10
"14769","5410國眾","110/07/09","兆豐-北高雄",7,0,7
"14770","5410國眾","110/07/09","元大-頭份",0,10,-10
"14771","5410國眾","110/07/09","凱基-台北",8,1,7
"14772","5410國眾","110/07/09","群益金鼎-丹鳳",0,7,-7
"14773","5410國眾","110/07/09","華南永昌-公誠",7,0,7
"14774","5410國眾","110/07/09","凱基-復興",0,7,-7
"14775","5410國眾","110/07/09","香港上海匯豐",6,0,6
"14776","5410國眾","110/07/09","元大-員林",0,7,-7
"14777","5410國眾","110/07/09","凱基-中壢",6,0,6
"14778","5410國眾","110/07/09","富邦-竹東",0,6,-6
"14779","5410國眾","110/07/09","華南永昌-南京",6,0,6
"14780","5410國眾","110/07/09","亞東-高雄",0,5,-5
"14781","5410國眾","110/07/09","統一-三重",5,0,5
"14782","5410國眾","110/07/09","大慶-中壢",1,6,-5
"14783","5410國眾","110/07/09","富邦-宜蘭",5,0,5
"14784","5410國眾","110/07/09","群益金鼎-中港",0,5,-5
"14785","5410國眾","110/07/09","元大-崇德",5,0,5
"14786","5410國眾","110/07/09","元大-八德",0,5,-5
"14787","5410國眾","110/07/09","元大-博愛",5,0,5
"14788","5410國眾","110/07/09","富邦-基隆",0,4,-4
"14789","5410國眾","110/07/09","元大-龍潭",5,0,5
"14790","5410國眾","110/07/09","臺銀-新竹",0,3,-3
"14791","2841台開","110/07/09","日盛-雙和",102,0,102
"14792","2841台開","110/07/09","港商野村",0,129,-129
"14793","2841台開","110/07/09","元大-館前",70,0,70
"14794","2841台開","110/07/09","兆豐-永和",0,100,-100
"14795","2841台開","110/07/09","凱基-文心",50,0,50
"14796","2841台開","110/07/09","台新證券",7,28,-21
"14797","2841台開","110/07/09","富邦-嘉義",40,0,40
"14798","2841台開","110/07/09","國票-北高雄",0,20,-20
"14799","2841台開","110/07/09","美商高盛",15,0,15
"14800","2841台開","110/07/09","永豐金-敦南",29,46,-17
"14801","2841台開","110/07/09","台中銀",15,0,15
"14802","2841台開","110/07/09","合庫-基隆",0,12,-12
"14803","2841台開","110/07/09","新光",11,0,11
"14804","2841台開","110/07/09","中國信託-松江",0,12,-12
"14805","2841台開","110/07/09","華南永昌-長虹",10,0,10
"14806","2841台開","110/07/09","兆豐-城中",0,12,-12
"14807","2841台開","110/07/09","永豐金-南投",10,0,10
"14808","2841台開","110/07/09","台中銀-豐原",0,10,-10
"14809","2841台開","110/07/09","合庫-桃園",7,0,7
"14810","2841台開","110/07/09","兆豐-景美",0,10,-10
"14811","2841台開","110/07/09","群益金鼎-古亭",7,0,7
"14812","2841台開","110/07/09","群益金鼎-基隆",0,10,-10
"14813","2841台開","110/07/09","國泰-敦南",6,0,6
"14814","2841台開","110/07/09","元大-北三重",0,10,-10
"14815","2841台開","110/07/09","凱基-桃園",8,2,6
"14816","2841台開","110/07/09","(牛牛牛)亞-網路",0,9,-9
"14817","2841台開","110/07/09","日盛證券",5,0,5
"14818","2841台開","110/07/09","台新-高雄",1,10,-9
"14819","2841台開","110/07/09","元富-文心",5,0,5
"14820","2841台開","110/07/09","凱基-台北",0,7,-7
"14821","6207雷科","110/07/09","群益金鼎-新竹",47,0,47
"14822","6207雷科","110/07/09","新光",7,24,-17
"14823","6207雷科","110/07/09","永豐金-三重",31,0,31
"14824","6207雷科","110/07/09","日盛-和美",0,15,-15
"14825","6207雷科","110/07/09","新加坡商瑞銀",33,5,28
"14826","6207雷科","110/07/09","國泰-台南",0,15,-15
"14827","6207雷科","110/07/09","元大-高雄",26,0,26
"14828","6207雷科","110/07/09","華南永昌-古亭",0,14,-14
"14829","6207雷科","110/07/09","統一-員林",22,0,22
"14830","6207雷科","110/07/09","土銀-白河",0,11,-11
"14831","6207雷科","110/07/09","台新-高雄",22,0,22
"14832","6207雷科","110/07/09","日盛-台南",0,10,-10
"14833","6207雷科","110/07/09","摩根大通",34,17,17
"14834","6207雷科","110/07/09","元富-林園",0,10,-10
"14835","6207雷科","110/07/09","元大-博愛",17,1,16
"14836","6207雷科","110/07/09","富邦-園區",0,10,-10
"14837","6207雷科","110/07/09","日茂-埔里",12,0,12
"14838","6207雷科","110/07/09","元大-上新莊",0,10,-10
"14839","6207雷科","110/07/09","國泰-台中",17,6,11
"14840","6207雷科","110/07/09","永豐金-南京",0,10,-10
"14841","6207雷科","110/07/09","富邦-三重",10,0,10
"14842","6207雷科","110/07/09","兆豐-小港",0,6,-6
"14843","6207雷科","110/07/09","元大-沙鹿",10,0,10
"14844","6207雷科","110/07/09","富邦-羅東",1,7,-6
"14845","6207雷科","110/07/09","元大-八德",10,0,10
"14846","6207雷科","110/07/09","元大-土城永寧",0,6,-6
"14847","6207雷科","110/07/09","第一金-路竹",11,2,9
"14848","6207雷科","110/07/09","永豐金-板盛",0,6,-6
"14849","6207雷科","110/07/09","統一-南京",5,0,5
"14850","6207雷科","110/07/09","日盛-板橋",0,5,-5
"14851","3679新至陞","110/07/09","元大-大天母",10,0,10
"14852","3679新至陞","110/07/09","第一金-光復",0,11,-11
"14853","3679新至陞","110/07/09","日盛-樹林",9,0,9
"14854","3679新至陞","110/07/09","瑞士信貸",0,8,-8
"14855","3679新至陞","110/07/09","凱基-台北",11,2,9
"14856","3679新至陞","110/07/09","大慶-苗栗",0,5,-5
"14857","3679新至陞","110/07/09","華南永昌-小港",8,0,8
"14858","3679新至陞","110/07/09","元大-永春",0,5,-5
"14859","3679新至陞","110/07/09","兆豐-來福",7,0,7
"14860","3679新至陞","110/07/09","日盛-和美",0,4,-4
"14861","3679新至陞","110/07/09","香港上海匯豐",5,0,5
"14862","3679新至陞","110/07/09","元大-雙和",0,3,-3
"14863","3679新至陞","110/07/09","台中銀-員林",3,0,3
"14864","3679新至陞","110/07/09","永豐金-屏東",0,3,-3
"14865","3679新至陞","110/07/09","新光",3,0,3
"14866","3679新至陞","110/07/09","彰銀",0,2,-2
"14867","3679新至陞","110/07/09","土銀-花蓮",2,0,2
"14868","3679新至陞","110/07/09","宏遠-館前",0,2,-2
"14869","3679新至陞","110/07/09","第一金-澎湖",2,0,2
"14870","3679新至陞","110/07/09","港商野村",0,2,-2
"14871","3679新至陞","110/07/09","摩根大通",2,0,2
"14872","3679新至陞","110/07/09","大昌-新店",0,2,-2
"14873","3679新至陞","110/07/09","國泰-敦南",2,0,2
"14874","3679新至陞","110/07/09","元大-新莊",0,2,-2
"14875","3679新至陞","110/07/09","元大-淡水",4,2,2
"14876","3679新至陞","110/07/09","元大-板橋",0,2,-2
"14877","3679新至陞","110/07/09","日盛-士林",1,0,1
"14878","3679新至陞","110/07/09","台灣摩根士丹利",0,1,-1
"14879","3679新至陞","110/07/09","日盛-信義",1,0,1
"14880","3679新至陞","110/07/09","第一金-高雄",0,1,-1
"14881","2727王品","110/07/09","台灣匯立證券",90,0,90
"14882","2727王品","110/07/09","台灣摩根士丹利",0,267,-267
"14883","2727王品","110/07/09","國泰-敦南",166,84,82
"14884","2727王品","110/07/09","富邦-台北",35,299,-264
"14885","2727王品","110/07/09","富邦-仁愛",56,12,44
"14886","2727王品","110/07/09","凱基-台北",174,296,-122
"14887","2727王品","110/07/09","台新證券",109,66,43
"14888","2727王品","110/07/09","第一金",2,102,-100
"14889","2727王品","110/07/09","新光",117,87,30
"14890","2727王品","110/07/09","群益金鼎-大安",0,80,-80
"14891","2727王品","110/07/09","臺銀-臺中",35,6,29
"14892","2727王品","110/07/09","兆豐-大安",7,60,-53
"14893","2727王品","110/07/09","元大-桃園",32,3,29
"14894","2727王品","110/07/09","永豐金-南投",0,50,-50
"14895","2727王品","110/07/09","元富-宜蘭",34,6,28
"14896","2727王品","110/07/09","新加坡商瑞銀",6,46,-40
"14897","2727王品","110/07/09","玉山-台中",34,8,26
"14898","2727王品","110/07/09","合庫-彰化",11,50,-39
"14899","2727王品","110/07/09","群益金鼎-宜蘭",30,4,26
"14900","2727王品","110/07/09","永豐金-萬盛",13,52,-39
"14901","2727王品","110/07/09","富邦-台中",42,16,26
"14902","2727王品","110/07/09","瑞士信貸",0,34,-34
"14903","2727王品","110/07/09","第一金-豐原",25,1,24
"14904","2727王品","110/07/09","元大-和平",4,35,-31
"14905","2727王品","110/07/09","臺銀",30,8,22
"14906","2727王品","110/07/09","美林",14,44,-30
"14907","2727王品","110/07/09","兆豐-來福",23,1,22
"14908","2727王品","110/07/09","元大-員林",9,38,-29
"14909","2727王品","110/07/09","玉山-士林",22,2,20
"14910","2727王品","110/07/09","元富-西松",4,31,-27
"14911","1570力肯","110/07/09","凱基-台北",30,1,29
"14912","1570力肯","110/07/09","群益金鼎-彰化",0,20,-20
"14913","1570力肯","110/07/09","新光-台南",20,0,20
"14914","1570力肯","110/07/09","元大-土城學府",0,20,-20
"14915","1570力肯","110/07/09","元大-高雄",20,0,20
"14916","1570力肯","110/07/09","元大-大統",0,16,-16
"14917","1570力肯","110/07/09","國票-中正",12,0,12
"14918","1570力肯","110/07/09","元大-新營",0,11,-11
"14919","1570力肯","110/07/09","日盛-高雄",6,0,6
"14920","1570力肯","110/07/09","元大-和平",0,10,-10
"14921","1570力肯","110/07/09","元富-緯城",6,0,6
"14922","1570力肯","110/07/09","元大-草屯",0,10,-10
"14923","1570力肯","110/07/09","群益金鼎-台南",6,0,6
"14924","1570力肯","110/07/09","元大-鹿港",0,9,-9
"14925","1570力肯","110/07/09","華南永昌-岡山",6,0,6
"14926","1570力肯","110/07/09","合庫-基隆",0,7,-7
"14927","1570力肯","110/07/09","統一-中壢",5,0,5
"14928","1570力肯","110/07/09","摩根大通",2,8,-6
"14929","1570力肯","110/07/09","凱基-三峽",5,0,5
"14930","1570力肯","110/07/09","台灣企銀-豐原",0,4,-4
"14931","1570力肯","110/07/09","大昌-樹林",4,0,4
"14932","1570力肯","110/07/09","日盛-桃園",0,4,-4
"14933","1570力肯","110/07/09","新光",3,0,3
"14934","1570力肯","110/07/09","國泰-高雄",0,3,-3
"14935","1570力肯","110/07/09","富邦-新竹華信",3,0,3
"14936","1570力肯","110/07/09","永豐金-敦南",0,3,-3
"14937","1570力肯","110/07/09","合庫-台中",2,0,2
"14938","1570力肯","110/07/09","土銀-彰化",0,2,-2
"14939","1570力肯","110/07/09","臺銀-臺中",2,0,2
"14940","1570力肯","110/07/09","臺銀-鳳山",0,2,-2
"14941","6180橘子","110/07/09","摩根大通",63,1,62
"14942","6180橘子","110/07/09","元大-南京",1,32,-31
"14943","6180橘子","110/07/09","富邦-陽明",73,33,40
"14944","6180橘子","110/07/09","群益金鼎-台北",0,25,-25
"14945","6180橘子","110/07/09","新加坡商瑞銀",31,0,31
"14946","6180橘子","110/07/09","兆豐-復興",0,21,-21
"14947","6180橘子","110/07/09","美商高盛",25,0,25
"14948","6180橘子","110/07/09","永豐金-嘉義",0,21,-21
"14949","6180橘子","110/07/09","凱基-台北",26,10,16
"14950","6180橘子","110/07/09","凱基-中壢",8,24,-16
"14951","6180橘子","110/07/09","華南永昌-楠梓",13,0,13
"14952","6180橘子","110/07/09","致和-崇德",0,15,-15
"14953","6180橘子","110/07/09","華南永昌-朴子",11,0,11
"14954","6180橘子","110/07/09","群益金鼎-屏東",0,15,-15
"14955","6180橘子","110/07/09","元大-北港",11,0,11
"14956","6180橘子","110/07/09","群益金鼎-中山",0,15,-15
"14957","6180橘子","110/07/09","元大-成功",10,1,9
"14958","6180橘子","110/07/09","瑞士信貸",1,15,-14
"14959","6180橘子","110/07/09","新光",26,18,8
"14960","6180橘子","110/07/09","日盛-二林",0,10,-10
"14961","6180橘子","110/07/09","統一-三重",6,0,6
"14962","6180橘子","110/07/09","凱基-東門",0,10,-10
"14963","6180橘子","110/07/09","群益金鼎-嘉義",6,0,6
"14964","6180橘子","110/07/09","華南永昌-三重",0,10,-10
"14965","6180橘子","110/07/09","元大-員林中山",6,0,6
"14966","6180橘子","110/07/09","元大-彰化民生",1,11,-10
"14967","6180橘子","110/07/09","合庫-鳳山",5,0,5
"14968","6180橘子","110/07/09","永豐金-新店",1,11,-10
"14969","6180橘子","110/07/09","富邦-建國",6,1,5
"14970","6180橘子","110/07/09","群益金鼎-丹鳳",0,8,-8
"14971","2390云辰","110/07/09","摩根大通",279,56,223
"14972","2390云辰","110/07/09","元大-天母",0,127,-127
"14973","2390云辰","110/07/09","日盛-鳳山",110,2,108
"14974","2390云辰","110/07/09","中國信託-文心",5,109,-104
"14975","2390云辰","110/07/09","宏遠證券",100,0,100
"14976","2390云辰","110/07/09","永豐金-復興",0,55,-55
"14977","2390云辰","110/07/09","元大-大里",63,6,57
"14978","2390云辰","110/07/09","凱基-台北",239,286,-47
"14979","2390云辰","110/07/09","凱基-八德",59,10,49
"14980","2390云辰","110/07/09","德信",2,32,-30
"14981","2390云辰","110/07/09","合庫-新竹",40,0,40
"14982","2390云辰","110/07/09","兆豐-桃鶯",2,32,-30
"14983","2390云辰","110/07/09","國票",40,1,39
"14984","2390云辰","110/07/09","致和-南京",0,30,-30
"14985","2390云辰","110/07/09","新加坡商瑞銀",49,13,36
"14986","2390云辰","110/07/09","富邦-虎尾",1,31,-30
"14987","2390云辰","110/07/09","統一-新台中",36,2,34
"14988","2390云辰","110/07/09","元大-善化",2,31,-29
"14989","2390云辰","110/07/09","國票-嘉義",31,0,31
"14990","2390云辰","110/07/09","富邦-板橋",0,27,-27
"14991","2390云辰","110/07/09","華南永昌",35,7,28
"14992","2390云辰","110/07/09","富邦-永和",3,28,-25
"14993","2390云辰","110/07/09","玉山-台中",49,22,27
"14994","2390云辰","110/07/09","第一金-自由",20,44,-24
"14995","2390云辰","110/07/09","華南永昌-敦南",25,0,25
"14996","2390云辰","110/07/09","凱基-內湖",0,24,-24
"14997","2390云辰","110/07/09","新光-高雄",27,4,23
"14998","2390云辰","110/07/09","元大-汐止",1,24,-23
"14999","2390云辰","110/07/09","台灣摩根士丹利",85,63,22
"15000","2390云辰","110/07/09","新光-台中",12,33,-21
"15001","4903聯光通","110/07/09","元大-敦南",10,0,10
"15002","4903聯光通","110/07/09","第一金-台中",0,12,-12
"15003","4903聯光通","110/07/09","凱基-士林",5,0,5
"15004","4903聯光通","110/07/09","日盛-忠孝",0,3,-3
"15005","4903聯光通","110/07/09","元大-苗栗",5,0,5
"15006","4903聯光通","110/07/09","群益金鼎-崇德",0,3,-3
"15007","4903聯光通","110/07/09","元大-屏南",3,0,3
"15008","4903聯光通","110/07/09","國票-內壢",0,2,-2
"15009","4903聯光通","110/07/09","中國信託-永康",1,0,1
"15010","4903聯光通","110/07/09","康和-南崁",0,2,-2
"15011","4903聯光通","110/07/09","玉山證券",1,0,1
"15012","4903聯光通","110/07/09","新光-台中",0,2,-2
"15013","4903聯光通","110/07/09","元大-太平",4,3,1
"15014","4903聯光通","110/07/09","玉山-城中",0,2,-2
"15015","4903聯光通","110/07/09","永豐金-嘉義",1,0,1
"15016","4903聯光通","110/07/09","中國信託-文心",0,1,-1
"15017","4903聯光通","110/07/09","大昌",0,0,0
"15018","4903聯光通","110/07/09","大昌",0,0,0
"15019","4903聯光通","110/07/09","中農",0,0,0
"15020","4903聯光通","110/07/09","中農",0,0,0
"15021","4903聯光通","110/07/09","",NA,NA,NA
"15022","4903聯光通","110/07/09","",NA,NA,NA
"15023","4903聯光通","110/07/09","",NA,NA,NA
"15024","4903聯光通","110/07/09","",NA,NA,NA
"15025","4903聯光通","110/07/09","",NA,NA,NA
"15026","4903聯光通","110/07/09","",NA,NA,NA
"15027","4903聯光通","110/07/09","",NA,NA,NA
"15028","4903聯光通","110/07/09","",NA,NA,NA
"15029","4903聯光通","110/07/09","",NA,NA,NA
"15030","4903聯光通","110/07/09","",NA,NA,NA
"15031","2929淘帝","110/07/09","台中銀-台北",110,0,110
"15032","2929淘帝","110/07/09","新光",2,82,-80
"15033","2929淘帝","110/07/09","華南永昌-頭份",72,0,72
"15034","2929淘帝","110/07/09","摩根大通",2,63,-61
"15035","2929淘帝","110/07/09","合庫-高雄",71,0,71
"15036","2929淘帝","110/07/09","第一金-路竹",0,50,-50
"15037","2929淘帝","110/07/09","高橋-龍潭",37,0,37
"15038","2929淘帝","110/07/09","港商麥格理",0,42,-42
"15039","2929淘帝","110/07/09","新光-台中",60,26,34
"15040","2929淘帝","110/07/09","陽信-石牌",0,40,-40
"15041","2929淘帝","110/07/09","元富-大裕",22,1,21
"15042","2929淘帝","110/07/09","台新-左楠",1,39,-38
"15043","2929淘帝","110/07/09","合庫-鳳山",20,0,20
"15044","2929淘帝","110/07/09","凱基-桃園",3,29,-26
"15045","2929淘帝","110/07/09","元大-員林",22,2,20
"15046","2929淘帝","110/07/09","兆豐-內湖",0,25,-25
"15047","2929淘帝","110/07/09","台新-建北",15,0,15
"15048","2929淘帝","110/07/09","元大-北港",0,20,-20
"15049","2929淘帝","110/07/09","兆豐-桃園",13,0,13
"15050","2929淘帝","110/07/09","富邦-北港",0,19,-19
"15051","2929淘帝","110/07/09","兆豐-忠孝",10,0,10
"15052","2929淘帝","110/07/09","富邦-花蓮",0,17,-17
"15053","2929淘帝","110/07/09","國票-敦北法人",10,0,10
"15054","2929淘帝","110/07/09","國泰-台中",2,17,-15
"15055","2929淘帝","110/07/09","永豐金-博愛",10,0,10
"15056","2929淘帝","110/07/09","群益金鼎-彰化",0,15,-15
"15057","2929淘帝","110/07/09","群益金鼎-潭子",8,0,8
"15058","2929淘帝","110/07/09","元大-博愛",0,14,-14
"15059","2929淘帝","110/07/09","富邦-南屯",8,0,8
"15060","2929淘帝","110/07/09","日盛-板橋",0,13,-13
"15061","5410國眾","110/07/09","元大-新盛",14,0,14
"15062","5410國眾","110/07/09","(牛牛牛)亞-鑫豐",1,41,-40
"15063","5410國眾","110/07/09","台灣企銀-民雄",10,0,10
"15064","5410國眾","110/07/09","元富-嘉義",0,25,-25
"15065","5410國眾","110/07/09","元富-虎尾",9,0,9
"15066","5410國眾","110/07/09","凱基-高美館",0,10,-10
"15067","5410國眾","110/07/09","摩根大通",10,1,9
"15068","5410國眾","110/07/09","凱基-城中",0,10,-10
"15069","5410國眾","110/07/09","兆豐-北高雄",7,0,7
"15070","5410國眾","110/07/09","元大-頭份",0,10,-10
"15071","5410國眾","110/07/09","凱基-台北",8,1,7
"15072","5410國眾","110/07/09","群益金鼎-丹鳳",0,7,-7
"15073","5410國眾","110/07/09","華南永昌-公誠",7,0,7
"15074","5410國眾","110/07/09","凱基-復興",0,7,-7
"15075","5410國眾","110/07/09","香港上海匯豐",6,0,6
"15076","5410國眾","110/07/09","元大-員林",0,7,-7
"15077","5410國眾","110/07/09","凱基-中壢",6,0,6
"15078","5410國眾","110/07/09","富邦-竹東",0,6,-6
"15079","5410國眾","110/07/09","華南永昌-南京",6,0,6
"15080","5410國眾","110/07/09","亞東-高雄",0,5,-5
"15081","5410國眾","110/07/09","統一-三重",5,0,5
"15082","5410國眾","110/07/09","大慶-中壢",1,6,-5
"15083","5410國眾","110/07/09","富邦-宜蘭",5,0,5
"15084","5410國眾","110/07/09","群益金鼎-中港",0,5,-5
"15085","5410國眾","110/07/09","元大-崇德",5,0,5
"15086","5410國眾","110/07/09","元大-八德",0,5,-5
"15087","5410國眾","110/07/09","元大-博愛",5,0,5
"15088","5410國眾","110/07/09","富邦-基隆",0,4,-4
"15089","5410國眾","110/07/09","元大-龍潭",5,0,5
"15090","5410國眾","110/07/09","臺銀-新竹",0,3,-3
"15091","2841台開","110/07/09","日盛-雙和",102,0,102
"15092","2841台開","110/07/09","港商野村",0,129,-129
"15093","2841台開","110/07/09","元大-館前",70,0,70
"15094","2841台開","110/07/09","兆豐-永和",0,100,-100
"15095","2841台開","110/07/09","凱基-文心",50,0,50
"15096","2841台開","110/07/09","台新證券",7,28,-21
"15097","2841台開","110/07/09","富邦-嘉義",40,0,40
"15098","2841台開","110/07/09","國票-北高雄",0,20,-20
"15099","2841台開","110/07/09","美商高盛",15,0,15
"15100","2841台開","110/07/09","永豐金-敦南",29,46,-17
"15101","2841台開","110/07/09","台中銀",15,0,15
"15102","2841台開","110/07/09","合庫-基隆",0,12,-12
"15103","2841台開","110/07/09","新光",11,0,11
"15104","2841台開","110/07/09","中國信託-松江",0,12,-12
"15105","2841台開","110/07/09","華南永昌-長虹",10,0,10
"15106","2841台開","110/07/09","兆豐-城中",0,12,-12
"15107","2841台開","110/07/09","永豐金-南投",10,0,10
"15108","2841台開","110/07/09","台中銀-豐原",0,10,-10
"15109","2841台開","110/07/09","合庫-桃園",7,0,7
"15110","2841台開","110/07/09","兆豐-景美",0,10,-10
"15111","2841台開","110/07/09","群益金鼎-古亭",7,0,7
"15112","2841台開","110/07/09","群益金鼎-基隆",0,10,-10
"15113","2841台開","110/07/09","國泰-敦南",6,0,6
"15114","2841台開","110/07/09","元大-北三重",0,10,-10
"15115","2841台開","110/07/09","凱基-桃園",8,2,6
"15116","2841台開","110/07/09","(牛牛牛)亞-網路",0,9,-9
"15117","2841台開","110/07/09","日盛證券",5,0,5
"15118","2841台開","110/07/09","台新-高雄",1,10,-9
"15119","2841台開","110/07/09","元富-文心",5,0,5
"15120","2841台開","110/07/09","凱基-台北",0,7,-7
"15121","6207雷科","110/07/09","群益金鼎-新竹",47,0,47
"15122","6207雷科","110/07/09","新光",7,24,-17
"15123","6207雷科","110/07/09","永豐金-三重",31,0,31
"15124","6207雷科","110/07/09","日盛-和美",0,15,-15
"15125","6207雷科","110/07/09","新加坡商瑞銀",33,5,28
"15126","6207雷科","110/07/09","國泰-台南",0,15,-15
"15127","6207雷科","110/07/09","元大-高雄",26,0,26
"15128","6207雷科","110/07/09","華南永昌-古亭",0,14,-14
"15129","6207雷科","110/07/09","統一-員林",22,0,22
"15130","6207雷科","110/07/09","土銀-白河",0,11,-11
"15131","6207雷科","110/07/09","台新-高雄",22,0,22
"15132","6207雷科","110/07/09","日盛-台南",0,10,-10
"15133","6207雷科","110/07/09","摩根大通",34,17,17
"15134","6207雷科","110/07/09","元富-林園",0,10,-10
"15135","6207雷科","110/07/09","元大-博愛",17,1,16
"15136","6207雷科","110/07/09","富邦-園區",0,10,-10
"15137","6207雷科","110/07/09","日茂-埔里",12,0,12
"15138","6207雷科","110/07/09","元大-上新莊",0,10,-10
"15139","6207雷科","110/07/09","國泰-台中",17,6,11
"15140","6207雷科","110/07/09","永豐金-南京",0,10,-10
"15141","6207雷科","110/07/09","富邦-三重",10,0,10
"15142","6207雷科","110/07/09","兆豐-小港",0,6,-6
"15143","6207雷科","110/07/09","元大-沙鹿",10,0,10
"15144","6207雷科","110/07/09","富邦-羅東",1,7,-6
"15145","6207雷科","110/07/09","元大-八德",10,0,10
"15146","6207雷科","110/07/09","元大-土城永寧",0,6,-6
"15147","6207雷科","110/07/09","第一金-路竹",11,2,9
"15148","6207雷科","110/07/09","永豐金-板盛",0,6,-6
"15149","6207雷科","110/07/09","統一-南京",5,0,5
"15150","6207雷科","110/07/09","日盛-板橋",0,5,-5
"15151","3679新至陞","110/07/09","元大-大天母",10,0,10
"15152","3679新至陞","110/07/09","第一金-光復",0,11,-11
"15153","3679新至陞","110/07/09","日盛-樹林",9,0,9
"15154","3679新至陞","110/07/09","瑞士信貸",0,8,-8
"15155","3679新至陞","110/07/09","凱基-台北",11,2,9
"15156","3679新至陞","110/07/09","大慶-苗栗",0,5,-5
"15157","3679新至陞","110/07/09","華南永昌-小港",8,0,8
"15158","3679新至陞","110/07/09","元大-永春",0,5,-5
"15159","3679新至陞","110/07/09","兆豐-來福",7,0,7
"15160","3679新至陞","110/07/09","日盛-和美",0,4,-4
"15161","3679新至陞","110/07/09","香港上海匯豐",5,0,5
"15162","3679新至陞","110/07/09","元大-雙和",0,3,-3
"15163","3679新至陞","110/07/09","台中銀-員林",3,0,3
"15164","3679新至陞","110/07/09","永豐金-屏東",0,3,-3
"15165","3679新至陞","110/07/09","新光",3,0,3
"15166","3679新至陞","110/07/09","彰銀",0,2,-2
"15167","3679新至陞","110/07/09","土銀-花蓮",2,0,2
"15168","3679新至陞","110/07/09","宏遠-館前",0,2,-2
"15169","3679新至陞","110/07/09","第一金-澎湖",2,0,2
"15170","3679新至陞","110/07/09","港商野村",0,2,-2
"15171","3679新至陞","110/07/09","摩根大通",2,0,2
"15172","3679新至陞","110/07/09","大昌-新店",0,2,-2
"15173","3679新至陞","110/07/09","國泰-敦南",2,0,2
"15174","3679新至陞","110/07/09","元大-新莊",0,2,-2
"15175","3679新至陞","110/07/09","元大-淡水",4,2,2
"15176","3679新至陞","110/07/09","元大-板橋",0,2,-2
"15177","3679新至陞","110/07/09","日盛-士林",1,0,1
"15178","3679新至陞","110/07/09","台灣摩根士丹利",0,1,-1
"15179","3679新至陞","110/07/09","日盛-信義",1,0,1
"15180","3679新至陞","110/07/09","第一金-高雄",0,1,-1
"15181","2727王品","110/07/09","台灣匯立證券",90,0,90
"15182","2727王品","110/07/09","台灣摩根士丹利",0,267,-267
"15183","2727王品","110/07/09","國泰-敦南",166,84,82
"15184","2727王品","110/07/09","富邦-台北",35,299,-264
"15185","2727王品","110/07/09","富邦-仁愛",56,12,44
"15186","2727王品","110/07/09","凱基-台北",174,296,-122
"15187","2727王品","110/07/09","台新證券",109,66,43
"15188","2727王品","110/07/09","第一金",2,102,-100
"15189","2727王品","110/07/09","新光",117,87,30
"15190","2727王品","110/07/09","群益金鼎-大安",0,80,-80
"15191","2727王品","110/07/09","臺銀-臺中",35,6,29
"15192","2727王品","110/07/09","兆豐-大安",7,60,-53
"15193","2727王品","110/07/09","元大-桃園",32,3,29
"15194","2727王品","110/07/09","永豐金-南投",0,50,-50
"15195","2727王品","110/07/09","元富-宜蘭",34,6,28
"15196","2727王品","110/07/09","新加坡商瑞銀",6,46,-40
"15197","2727王品","110/07/09","玉山-台中",34,8,26
"15198","2727王品","110/07/09","合庫-彰化",11,50,-39
"15199","2727王品","110/07/09","群益金鼎-宜蘭",30,4,26
"15200","2727王品","110/07/09","永豐金-萬盛",13,52,-39
"15201","2727王品","110/07/09","富邦-台中",42,16,26
"15202","2727王品","110/07/09","瑞士信貸",0,34,-34
"15203","2727王品","110/07/09","第一金-豐原",25,1,24
"15204","2727王品","110/07/09","元大-和平",4,35,-31
"15205","2727王品","110/07/09","臺銀",30,8,22
"15206","2727王品","110/07/09","美林",14,44,-30
"15207","2727王品","110/07/09","兆豐-來福",23,1,22
"15208","2727王品","110/07/09","元大-員林",9,38,-29
"15209","2727王品","110/07/09","玉山-士林",22,2,20
"15210","2727王品","110/07/09","元富-西松",4,31,-27
"15211","1570力肯","110/07/09","凱基-台北",30,1,29
"15212","1570力肯","110/07/09","群益金鼎-彰化",0,20,-20
"15213","1570力肯","110/07/09","新光-台南",20,0,20
"15214","1570力肯","110/07/09","元大-土城學府",0,20,-20
"15215","1570力肯","110/07/09","元大-高雄",20,0,20
"15216","1570力肯","110/07/09","元大-大統",0,16,-16
"15217","1570力肯","110/07/09","國票-中正",12,0,12
"15218","1570力肯","110/07/09","元大-新營",0,11,-11
"15219","1570力肯","110/07/09","日盛-高雄",6,0,6
"15220","1570力肯","110/07/09","元大-和平",0,10,-10
"15221","1570力肯","110/07/09","元富-緯城",6,0,6
"15222","1570力肯","110/07/09","元大-草屯",0,10,-10
"15223","1570力肯","110/07/09","群益金鼎-台南",6,0,6
"15224","1570力肯","110/07/09","元大-鹿港",0,9,-9
"15225","1570力肯","110/07/09","華南永昌-岡山",6,0,6
"15226","1570力肯","110/07/09","合庫-基隆",0,7,-7
"15227","1570力肯","110/07/09","統一-中壢",5,0,5
"15228","1570力肯","110/07/09","摩根大通",2,8,-6
"15229","1570力肯","110/07/09","凱基-三峽",5,0,5
"15230","1570力肯","110/07/09","台灣企銀-豐原",0,4,-4
"15231","1570力肯","110/07/09","大昌-樹林",4,0,4
"15232","1570力肯","110/07/09","日盛-桃園",0,4,-4
"15233","1570力肯","110/07/09","新光",3,0,3
"15234","1570力肯","110/07/09","國泰-高雄",0,3,-3
"15235","1570力肯","110/07/09","富邦-新竹華信",3,0,3
"15236","1570力肯","110/07/09","永豐金-敦南",0,3,-3
"15237","1570力肯","110/07/09","合庫-台中",2,0,2
"15238","1570力肯","110/07/09","土銀-彰化",0,2,-2
"15239","1570力肯","110/07/09","臺銀-臺中",2,0,2
"15240","1570力肯","110/07/09","臺銀-鳳山",0,2,-2
"15241","6180橘子","110/07/09","摩根大通",63,1,62
"15242","6180橘子","110/07/09","元大-南京",1,32,-31
"15243","6180橘子","110/07/09","富邦-陽明",73,33,40
"15244","6180橘子","110/07/09","群益金鼎-台北",0,25,-25
"15245","6180橘子","110/07/09","新加坡商瑞銀",31,0,31
"15246","6180橘子","110/07/09","兆豐-復興",0,21,-21
"15247","6180橘子","110/07/09","美商高盛",25,0,25
"15248","6180橘子","110/07/09","永豐金-嘉義",0,21,-21
"15249","6180橘子","110/07/09","凱基-台北",26,10,16
"15250","6180橘子","110/07/09","凱基-中壢",8,24,-16
"15251","6180橘子","110/07/09","華南永昌-楠梓",13,0,13
"15252","6180橘子","110/07/09","致和-崇德",0,15,-15
"15253","6180橘子","110/07/09","華南永昌-朴子",11,0,11
"15254","6180橘子","110/07/09","群益金鼎-屏東",0,15,-15
"15255","6180橘子","110/07/09","元大-北港",11,0,11
"15256","6180橘子","110/07/09","群益金鼎-中山",0,15,-15
"15257","6180橘子","110/07/09","元大-成功",10,1,9
"15258","6180橘子","110/07/09","瑞士信貸",1,15,-14
"15259","6180橘子","110/07/09","新光",26,18,8
"15260","6180橘子","110/07/09","日盛-二林",0,10,-10
"15261","6180橘子","110/07/09","統一-三重",6,0,6
"15262","6180橘子","110/07/09","凱基-東門",0,10,-10
"15263","6180橘子","110/07/09","群益金鼎-嘉義",6,0,6
"15264","6180橘子","110/07/09","華南永昌-三重",0,10,-10
"15265","6180橘子","110/07/09","元大-員林中山",6,0,6
"15266","6180橘子","110/07/09","元大-彰化民生",1,11,-10
"15267","6180橘子","110/07/09","合庫-鳳山",5,0,5
"15268","6180橘子","110/07/09","永豐金-新店",1,11,-10
"15269","6180橘子","110/07/09","富邦-建國",6,1,5
"15270","6180橘子","110/07/09","群益金鼎-丹鳳",0,8,-8
"15271","2390云辰","110/07/09","摩根大通",279,56,223
"15272","2390云辰","110/07/09","元大-天母",0,127,-127
"15273","2390云辰","110/07/09","日盛-鳳山",110,2,108
"15274","2390云辰","110/07/09","中國信託-文心",5,109,-104
"15275","2390云辰","110/07/09","宏遠證券",100,0,100
"15276","2390云辰","110/07/09","永豐金-復興",0,55,-55
"15277","2390云辰","110/07/09","元大-大里",63,6,57
"15278","2390云辰","110/07/09","凱基-台北",239,286,-47
"15279","2390云辰","110/07/09","凱基-八德",59,10,49
"15280","2390云辰","110/07/09","德信",2,32,-30
"15281","2390云辰","110/07/09","合庫-新竹",40,0,40
"15282","2390云辰","110/07/09","兆豐-桃鶯",2,32,-30
"15283","2390云辰","110/07/09","國票",40,1,39
"15284","2390云辰","110/07/09","致和-南京",0,30,-30
"15285","2390云辰","110/07/09","新加坡商瑞銀",49,13,36
"15286","2390云辰","110/07/09","富邦-虎尾",1,31,-30
"15287","2390云辰","110/07/09","統一-新台中",36,2,34
"15288","2390云辰","110/07/09","元大-善化",2,31,-29
"15289","2390云辰","110/07/09","國票-嘉義",31,0,31
"15290","2390云辰","110/07/09","富邦-板橋",0,27,-27
"15291","2390云辰","110/07/09","華南永昌",35,7,28
"15292","2390云辰","110/07/09","富邦-永和",3,28,-25
"15293","2390云辰","110/07/09","玉山-台中",49,22,27
"15294","2390云辰","110/07/09","第一金-自由",20,44,-24
"15295","2390云辰","110/07/09","華南永昌-敦南",25,0,25
"15296","2390云辰","110/07/09","凱基-內湖",0,24,-24
"15297","2390云辰","110/07/09","新光-高雄",27,4,23
"15298","2390云辰","110/07/09","元大-汐止",1,24,-23
"15299","2390云辰","110/07/09","台灣摩根士丹利",85,63,22
"15300","2390云辰","110/07/09","新光-台中",12,33,-21
"15301","4903聯光通","110/07/09","元大-敦南",10,0,10
"15302","4903聯光通","110/07/09","第一金-台中",0,12,-12
"15303","4903聯光通","110/07/09","凱基-士林",5,0,5
"15304","4903聯光通","110/07/09","日盛-忠孝",0,3,-3
"15305","4903聯光通","110/07/09","元大-苗栗",5,0,5
"15306","4903聯光通","110/07/09","群益金鼎-崇德",0,3,-3
"15307","4903聯光通","110/07/09","元大-屏南",3,0,3
"15308","4903聯光通","110/07/09","國票-內壢",0,2,-2
"15309","4903聯光通","110/07/09","中國信託-永康",1,0,1
"15310","4903聯光通","110/07/09","康和-南崁",0,2,-2
"15311","4903聯光通","110/07/09","玉山證券",1,0,1
"15312","4903聯光通","110/07/09","新光-台中",0,2,-2
"15313","4903聯光通","110/07/09","元大-太平",4,3,1
"15314","4903聯光通","110/07/09","玉山-城中",0,2,-2
"15315","4903聯光通","110/07/09","永豐金-嘉義",1,0,1
"15316","4903聯光通","110/07/09","中國信託-文心",0,1,-1
"15317","4903聯光通","110/07/09","大昌",0,0,0
"15318","4903聯光通","110/07/09","大昌",0,0,0
"15319","4903聯光通","110/07/09","中農",0,0,0
"15320","4903聯光通","110/07/09","中農",0,0,0
"15321","4903聯光通","110/07/09","",NA,NA,NA
"15322","4903聯光通","110/07/09","",NA,NA,NA
"15323","4903聯光通","110/07/09","",NA,NA,NA
"15324","4903聯光通","110/07/09","",NA,NA,NA
"15325","4903聯光通","110/07/09","",NA,NA,NA
"15326","4903聯光通","110/07/09","",NA,NA,NA
"15327","4903聯光通","110/07/09","",NA,NA,NA
"15328","4903聯光通","110/07/09","",NA,NA,NA
"15329","4903聯光通","110/07/09","",NA,NA,NA
"15330","4903聯光通","110/07/09","",NA,NA,NA
"15331","2929淘帝","110/07/09","台中銀-台北",110,0,110
"15332","2929淘帝","110/07/09","新光",2,82,-80
"15333","2929淘帝","110/07/09","華南永昌-頭份",72,0,72
"15334","2929淘帝","110/07/09","摩根大通",2,63,-61
"15335","2929淘帝","110/07/09","合庫-高雄",71,0,71
"15336","2929淘帝","110/07/09","第一金-路竹",0,50,-50
"15337","2929淘帝","110/07/09","高橋-龍潭",37,0,37
"15338","2929淘帝","110/07/09","港商麥格理",0,42,-42
"15339","2929淘帝","110/07/09","新光-台中",60,26,34
"15340","2929淘帝","110/07/09","陽信-石牌",0,40,-40
"15341","2929淘帝","110/07/09","元富-大裕",22,1,21
"15342","2929淘帝","110/07/09","台新-左楠",1,39,-38
"15343","2929淘帝","110/07/09","合庫-鳳山",20,0,20
"15344","2929淘帝","110/07/09","凱基-桃園",3,29,-26
"15345","2929淘帝","110/07/09","元大-員林",22,2,20
"15346","2929淘帝","110/07/09","兆豐-內湖",0,25,-25
"15347","2929淘帝","110/07/09","台新-建北",15,0,15
"15348","2929淘帝","110/07/09","元大-北港",0,20,-20
"15349","2929淘帝","110/07/09","兆豐-桃園",13,0,13
"15350","2929淘帝","110/07/09","富邦-北港",0,19,-19
"15351","2929淘帝","110/07/09","兆豐-忠孝",10,0,10
"15352","2929淘帝","110/07/09","富邦-花蓮",0,17,-17
"15353","2929淘帝","110/07/09","國票-敦北法人",10,0,10
"15354","2929淘帝","110/07/09","國泰-台中",2,17,-15
"15355","2929淘帝","110/07/09","永豐金-博愛",10,0,10
"15356","2929淘帝","110/07/09","群益金鼎-彰化",0,15,-15
"15357","2929淘帝","110/07/09","群益金鼎-潭子",8,0,8
"15358","2929淘帝","110/07/09","元大-博愛",0,14,-14
"15359","2929淘帝","110/07/09","富邦-南屯",8,0,8
"15360","2929淘帝","110/07/09","日盛-板橋",0,13,-13
"15361","5410國眾","110/07/09","元大-新盛",14,0,14
"15362","5410國眾","110/07/09","(牛牛牛)亞-鑫豐",1,41,-40
"15363","5410國眾","110/07/09","台灣企銀-民雄",10,0,10
"15364","5410國眾","110/07/09","元富-嘉義",0,25,-25
"15365","5410國眾","110/07/09","元富-虎尾",9,0,9
"15366","5410國眾","110/07/09","凱基-高美館",0,10,-10
"15367","5410國眾","110/07/09","摩根大通",10,1,9
"15368","5410國眾","110/07/09","凱基-城中",0,10,-10
"15369","5410國眾","110/07/09","兆豐-北高雄",7,0,7
"15370","5410國眾","110/07/09","元大-頭份",0,10,-10
"15371","5410國眾","110/07/09","凱基-台北",8,1,7
"15372","5410國眾","110/07/09","群益金鼎-丹鳳",0,7,-7
"15373","5410國眾","110/07/09","華南永昌-公誠",7,0,7
"15374","5410國眾","110/07/09","凱基-復興",0,7,-7
"15375","5410國眾","110/07/09","香港上海匯豐",6,0,6
"15376","5410國眾","110/07/09","元大-員林",0,7,-7
"15377","5410國眾","110/07/09","凱基-中壢",6,0,6
"15378","5410國眾","110/07/09","富邦-竹東",0,6,-6
"15379","5410國眾","110/07/09","華南永昌-南京",6,0,6
"15380","5410國眾","110/07/09","亞東-高雄",0,5,-5
"15381","5410國眾","110/07/09","統一-三重",5,0,5
"15382","5410國眾","110/07/09","大慶-中壢",1,6,-5
"15383","5410國眾","110/07/09","富邦-宜蘭",5,0,5
"15384","5410國眾","110/07/09","群益金鼎-中港",0,5,-5
"15385","5410國眾","110/07/09","元大-崇德",5,0,5
"15386","5410國眾","110/07/09","元大-八德",0,5,-5
"15387","5410國眾","110/07/09","元大-博愛",5,0,5
"15388","5410國眾","110/07/09","富邦-基隆",0,4,-4
"15389","5410國眾","110/07/09","元大-龍潭",5,0,5
"15390","5410國眾","110/07/09","臺銀-新竹",0,3,-3
"15391","2841台開","110/07/09","日盛-雙和",102,0,102
"15392","2841台開","110/07/09","港商野村",0,129,-129
"15393","2841台開","110/07/09","元大-館前",70,0,70
"15394","2841台開","110/07/09","兆豐-永和",0,100,-100
"15395","2841台開","110/07/09","凱基-文心",50,0,50
"15396","2841台開","110/07/09","台新證券",7,28,-21
"15397","2841台開","110/07/09","富邦-嘉義",40,0,40
"15398","2841台開","110/07/09","國票-北高雄",0,20,-20
"15399","2841台開","110/07/09","美商高盛",15,0,15
"15400","2841台開","110/07/09","永豐金-敦南",29,46,-17
"15401","2841台開","110/07/09","台中銀",15,0,15
"15402","2841台開","110/07/09","合庫-基隆",0,12,-12
"15403","2841台開","110/07/09","新光",11,0,11
"15404","2841台開","110/07/09","中國信託-松江",0,12,-12
"15405","2841台開","110/07/09","華南永昌-長虹",10,0,10
"15406","2841台開","110/07/09","兆豐-城中",0,12,-12
"15407","2841台開","110/07/09","永豐金-南投",10,0,10
"15408","2841台開","110/07/09","台中銀-豐原",0,10,-10
"15409","2841台開","110/07/09","合庫-桃園",7,0,7
"15410","2841台開","110/07/09","兆豐-景美",0,10,-10
"15411","2841台開","110/07/09","群益金鼎-古亭",7,0,7
"15412","2841台開","110/07/09","群益金鼎-基隆",0,10,-10
"15413","2841台開","110/07/09","國泰-敦南",6,0,6
"15414","2841台開","110/07/09","元大-北三重",0,10,-10
"15415","2841台開","110/07/09","凱基-桃園",8,2,6
"15416","2841台開","110/07/09","(牛牛牛)亞-網路",0,9,-9
"15417","2841台開","110/07/09","日盛證券",5,0,5
"15418","2841台開","110/07/09","台新-高雄",1,10,-9
"15419","2841台開","110/07/09","元富-文心",5,0,5
"15420","2841台開","110/07/09","凱基-台北",0,7,-7
"15421","6207雷科","110/07/09","群益金鼎-新竹",47,0,47
"15422","6207雷科","110/07/09","新光",7,24,-17
"15423","6207雷科","110/07/09","永豐金-三重",31,0,31
"15424","6207雷科","110/07/09","日盛-和美",0,15,-15
"15425","6207雷科","110/07/09","新加坡商瑞銀",33,5,28
"15426","6207雷科","110/07/09","國泰-台南",0,15,-15
"15427","6207雷科","110/07/09","元大-高雄",26,0,26
"15428","6207雷科","110/07/09","華南永昌-古亭",0,14,-14
"15429","6207雷科","110/07/09","統一-員林",22,0,22
"15430","6207雷科","110/07/09","土銀-白河",0,11,-11
"15431","6207雷科","110/07/09","台新-高雄",22,0,22
"15432","6207雷科","110/07/09","日盛-台南",0,10,-10
"15433","6207雷科","110/07/09","摩根大通",34,17,17
"15434","6207雷科","110/07/09","元富-林園",0,10,-10
"15435","6207雷科","110/07/09","元大-博愛",17,1,16
"15436","6207雷科","110/07/09","富邦-園區",0,10,-10
"15437","6207雷科","110/07/09","日茂-埔里",12,0,12
"15438","6207雷科","110/07/09","元大-上新莊",0,10,-10
"15439","6207雷科","110/07/09","國泰-台中",17,6,11
"15440","6207雷科","110/07/09","永豐金-南京",0,10,-10
"15441","6207雷科","110/07/09","富邦-三重",10,0,10
"15442","6207雷科","110/07/09","兆豐-小港",0,6,-6
"15443","6207雷科","110/07/09","元大-沙鹿",10,0,10
"15444","6207雷科","110/07/09","富邦-羅東",1,7,-6
"15445","6207雷科","110/07/09","元大-八德",10,0,10
"15446","6207雷科","110/07/09","元大-土城永寧",0,6,-6
"15447","6207雷科","110/07/09","第一金-路竹",11,2,9
"15448","6207雷科","110/07/09","永豐金-板盛",0,6,-6
"15449","6207雷科","110/07/09","統一-南京",5,0,5
"15450","6207雷科","110/07/09","日盛-板橋",0,5,-5
"15451","3679新至陞","110/07/09","元大-大天母",10,0,10
"15452","3679新至陞","110/07/09","第一金-光復",0,11,-11
"15453","3679新至陞","110/07/09","日盛-樹林",9,0,9
"15454","3679新至陞","110/07/09","瑞士信貸",0,8,-8
"15455","3679新至陞","110/07/09","凱基-台北",11,2,9
"15456","3679新至陞","110/07/09","大慶-苗栗",0,5,-5
"15457","3679新至陞","110/07/09","華南永昌-小港",8,0,8
"15458","3679新至陞","110/07/09","元大-永春",0,5,-5
"15459","3679新至陞","110/07/09","兆豐-來福",7,0,7
"15460","3679新至陞","110/07/09","日盛-和美",0,4,-4
"15461","3679新至陞","110/07/09","香港上海匯豐",5,0,5
"15462","3679新至陞","110/07/09","元大-雙和",0,3,-3
"15463","3679新至陞","110/07/09","台中銀-員林",3,0,3
"15464","3679新至陞","110/07/09","永豐金-屏東",0,3,-3
"15465","3679新至陞","110/07/09","新光",3,0,3
"15466","3679新至陞","110/07/09","彰銀",0,2,-2
"15467","3679新至陞","110/07/09","土銀-花蓮",2,0,2
"15468","3679新至陞","110/07/09","宏遠-館前",0,2,-2
"15469","3679新至陞","110/07/09","第一金-澎湖",2,0,2
"15470","3679新至陞","110/07/09","港商野村",0,2,-2
"15471","3679新至陞","110/07/09","摩根大通",2,0,2
"15472","3679新至陞","110/07/09","大昌-新店",0,2,-2
"15473","3679新至陞","110/07/09","國泰-敦南",2,0,2
"15474","3679新至陞","110/07/09","元大-新莊",0,2,-2
"15475","3679新至陞","110/07/09","元大-淡水",4,2,2
"15476","3679新至陞","110/07/09","元大-板橋",0,2,-2
"15477","3679新至陞","110/07/09","日盛-士林",1,0,1
"15478","3679新至陞","110/07/09","台灣摩根士丹利",0,1,-1
"15479","3679新至陞","110/07/09","日盛-信義",1,0,1
"15480","3679新至陞","110/07/09","第一金-高雄",0,1,-1
"15481","2727王品","110/07/09","台灣匯立證券",90,0,90
"15482","2727王品","110/07/09","台灣摩根士丹利",0,267,-267
"15483","2727王品","110/07/09","國泰-敦南",166,84,82
"15484","2727王品","110/07/09","富邦-台北",35,299,-264
"15485","2727王品","110/07/09","富邦-仁愛",56,12,44
"15486","2727王品","110/07/09","凱基-台北",174,296,-122
"15487","2727王品","110/07/09","台新證券",109,66,43
"15488","2727王品","110/07/09","第一金",2,102,-100
"15489","2727王品","110/07/09","新光",117,87,30
"15490","2727王品","110/07/09","群益金鼎-大安",0,80,-80
"15491","2727王品","110/07/09","臺銀-臺中",35,6,29
"15492","2727王品","110/07/09","兆豐-大安",7,60,-53
"15493","2727王品","110/07/09","元大-桃園",32,3,29
"15494","2727王品","110/07/09","永豐金-南投",0,50,-50
"15495","2727王品","110/07/09","元富-宜蘭",34,6,28
"15496","2727王品","110/07/09","新加坡商瑞銀",6,46,-40
"15497","2727王品","110/07/09","玉山-台中",34,8,26
"15498","2727王品","110/07/09","合庫-彰化",11,50,-39
"15499","2727王品","110/07/09","群益金鼎-宜蘭",30,4,26
"15500","2727王品","110/07/09","永豐金-萬盛",13,52,-39
"15501","2727王品","110/07/09","富邦-台中",42,16,26
"15502","2727王品","110/07/09","瑞士信貸",0,34,-34
"15503","2727王品","110/07/09","第一金-豐原",25,1,24
"15504","2727王品","110/07/09","元大-和平",4,35,-31
"15505","2727王品","110/07/09","臺銀",30,8,22
"15506","2727王品","110/07/09","美林",14,44,-30
"15507","2727王品","110/07/09","兆豐-來福",23,1,22
"15508","2727王品","110/07/09","元大-員林",9,38,-29
"15509","2727王品","110/07/09","玉山-士林",22,2,20
"15510","2727王品","110/07/09","元富-西松",4,31,-27
"15511","1570力肯","110/07/09","凱基-台北",30,1,29
"15512","1570力肯","110/07/09","群益金鼎-彰化",0,20,-20
"15513","1570力肯","110/07/09","新光-台南",20,0,20
"15514","1570力肯","110/07/09","元大-土城學府",0,20,-20
"15515","1570力肯","110/07/09","元大-高雄",20,0,20
"15516","1570力肯","110/07/09","元大-大統",0,16,-16
"15517","1570力肯","110/07/09","國票-中正",12,0,12
"15518","1570力肯","110/07/09","元大-新營",0,11,-11
"15519","1570力肯","110/07/09","日盛-高雄",6,0,6
"15520","1570力肯","110/07/09","元大-和平",0,10,-10
"15521","1570力肯","110/07/09","元富-緯城",6,0,6
"15522","1570力肯","110/07/09","元大-草屯",0,10,-10
"15523","1570力肯","110/07/09","群益金鼎-台南",6,0,6
"15524","1570力肯","110/07/09","元大-鹿港",0,9,-9
"15525","1570力肯","110/07/09","華南永昌-岡山",6,0,6
"15526","1570力肯","110/07/09","合庫-基隆",0,7,-7
"15527","1570力肯","110/07/09","統一-中壢",5,0,5
"15528","1570力肯","110/07/09","摩根大通",2,8,-6
"15529","1570力肯","110/07/09","凱基-三峽",5,0,5
"15530","1570力肯","110/07/09","台灣企銀-豐原",0,4,-4
"15531","1570力肯","110/07/09","大昌-樹林",4,0,4
"15532","1570力肯","110/07/09","日盛-桃園",0,4,-4
"15533","1570力肯","110/07/09","新光",3,0,3
"15534","1570力肯","110/07/09","國泰-高雄",0,3,-3
"15535","1570力肯","110/07/09","富邦-新竹華信",3,0,3
"15536","1570力肯","110/07/09","永豐金-敦南",0,3,-3
"15537","1570力肯","110/07/09","合庫-台中",2,0,2
"15538","1570力肯","110/07/09","土銀-彰化",0,2,-2
"15539","1570力肯","110/07/09","臺銀-臺中",2,0,2
"15540","1570力肯","110/07/09","臺銀-鳳山",0,2,-2
"15541","6180橘子","110/07/09","摩根大通",63,1,62
"15542","6180橘子","110/07/09","元大-南京",1,32,-31
"15543","6180橘子","110/07/09","富邦-陽明",73,33,40
"15544","6180橘子","110/07/09","群益金鼎-台北",0,25,-25
"15545","6180橘子","110/07/09","新加坡商瑞銀",31,0,31
"15546","6180橘子","110/07/09","兆豐-復興",0,21,-21
"15547","6180橘子","110/07/09","美商高盛",25,0,25
"15548","6180橘子","110/07/09","永豐金-嘉義",0,21,-21
"15549","6180橘子","110/07/09","凱基-台北",26,10,16
"15550","6180橘子","110/07/09","凱基-中壢",8,24,-16
"15551","6180橘子","110/07/09","華南永昌-楠梓",13,0,13
"15552","6180橘子","110/07/09","致和-崇德",0,15,-15
"15553","6180橘子","110/07/09","華南永昌-朴子",11,0,11
"15554","6180橘子","110/07/09","群益金鼎-屏東",0,15,-15
"15555","6180橘子","110/07/09","元大-北港",11,0,11
"15556","6180橘子","110/07/09","群益金鼎-中山",0,15,-15
"15557","6180橘子","110/07/09","元大-成功",10,1,9
"15558","6180橘子","110/07/09","瑞士信貸",1,15,-14
"15559","6180橘子","110/07/09","新光",26,18,8
"15560","6180橘子","110/07/09","日盛-二林",0,10,-10
"15561","6180橘子","110/07/09","統一-三重",6,0,6
"15562","6180橘子","110/07/09","凱基-東門",0,10,-10
"15563","6180橘子","110/07/09","群益金鼎-嘉義",6,0,6
"15564","6180橘子","110/07/09","華南永昌-三重",0,10,-10
"15565","6180橘子","110/07/09","元大-員林中山",6,0,6
"15566","6180橘子","110/07/09","元大-彰化民生",1,11,-10
"15567","6180橘子","110/07/09","合庫-鳳山",5,0,5
"15568","6180橘子","110/07/09","永豐金-新店",1,11,-10
"15569","6180橘子","110/07/09","富邦-建國",6,1,5
"15570","6180橘子","110/07/09","群益金鼎-丹鳳",0,8,-8
"15571","2390云辰","110/07/09","摩根大通",279,56,223
"15572","2390云辰","110/07/09","元大-天母",0,127,-127
"15573","2390云辰","110/07/09","日盛-鳳山",110,2,108
"15574","2390云辰","110/07/09","中國信託-文心",5,109,-104
"15575","2390云辰","110/07/09","宏遠證券",100,0,100
"15576","2390云辰","110/07/09","永豐金-復興",0,55,-55
"15577","2390云辰","110/07/09","元大-大里",63,6,57
"15578","2390云辰","110/07/09","凱基-台北",239,286,-47
"15579","2390云辰","110/07/09","凱基-八德",59,10,49
"15580","2390云辰","110/07/09","德信",2,32,-30
"15581","2390云辰","110/07/09","合庫-新竹",40,0,40
"15582","2390云辰","110/07/09","兆豐-桃鶯",2,32,-30
"15583","2390云辰","110/07/09","國票",40,1,39
"15584","2390云辰","110/07/09","致和-南京",0,30,-30
"15585","2390云辰","110/07/09","新加坡商瑞銀",49,13,36
"15586","2390云辰","110/07/09","富邦-虎尾",1,31,-30
"15587","2390云辰","110/07/09","統一-新台中",36,2,34
"15588","2390云辰","110/07/09","元大-善化",2,31,-29
"15589","2390云辰","110/07/09","國票-嘉義",31,0,31
"15590","2390云辰","110/07/09","富邦-板橋",0,27,-27
"15591","2390云辰","110/07/09","華南永昌",35,7,28
"15592","2390云辰","110/07/09","富邦-永和",3,28,-25
"15593","2390云辰","110/07/09","玉山-台中",49,22,27
"15594","2390云辰","110/07/09","第一金-自由",20,44,-24
"15595","2390云辰","110/07/09","華南永昌-敦南",25,0,25
"15596","2390云辰","110/07/09","凱基-內湖",0,24,-24
"15597","2390云辰","110/07/09","新光-高雄",27,4,23
"15598","2390云辰","110/07/09","元大-汐止",1,24,-23
"15599","2390云辰","110/07/09","台灣摩根士丹利",85,63,22
"15600","2390云辰","110/07/09","新光-台中",12,33,-21
"15601","4903聯光通","110/07/09","元大-敦南",10,0,10
"15602","4903聯光通","110/07/09","第一金-台中",0,12,-12
"15603","4903聯光通","110/07/09","凱基-士林",5,0,5
"15604","4903聯光通","110/07/09","日盛-忠孝",0,3,-3
"15605","4903聯光通","110/07/09","元大-苗栗",5,0,5
"15606","4903聯光通","110/07/09","群益金鼎-崇德",0,3,-3
"15607","4903聯光通","110/07/09","元大-屏南",3,0,3
"15608","4903聯光通","110/07/09","國票-內壢",0,2,-2
"15609","4903聯光通","110/07/09","中國信託-永康",1,0,1
"15610","4903聯光通","110/07/09","康和-南崁",0,2,-2
"15611","4903聯光通","110/07/09","玉山證券",1,0,1
"15612","4903聯光通","110/07/09","新光-台中",0,2,-2
"15613","4903聯光通","110/07/09","元大-太平",4,3,1
"15614","4903聯光通","110/07/09","玉山-城中",0,2,-2
"15615","4903聯光通","110/07/09","永豐金-嘉義",1,0,1
"15616","4903聯光通","110/07/09","中國信託-文心",0,1,-1
"15617","4903聯光通","110/07/09","大昌",0,0,0
"15618","4903聯光通","110/07/09","大昌",0,0,0
"15619","4903聯光通","110/07/09","中農",0,0,0
"15620","4903聯光通","110/07/09","中農",0,0,0
"15621","4903聯光通","110/07/09","",NA,NA,NA
"15622","4903聯光通","110/07/09","",NA,NA,NA
"15623","4903聯光通","110/07/09","",NA,NA,NA
"15624","4903聯光通","110/07/09","",NA,NA,NA
"15625","4903聯光通","110/07/09","",NA,NA,NA
"15626","4903聯光通","110/07/09","",NA,NA,NA
"15627","4903聯光通","110/07/09","",NA,NA,NA
"15628","4903聯光通","110/07/09","",NA,NA,NA
"15629","4903聯光通","110/07/09","",NA,NA,NA
"15630","4903聯光通","110/07/09","",NA,NA,NA
"15631","2929淘帝","110/07/09","台中銀-台北",110,0,110
"15632","2929淘帝","110/07/09","新光",2,82,-80
"15633","2929淘帝","110/07/09","華南永昌-頭份",72,0,72
"15634","2929淘帝","110/07/09","摩根大通",2,63,-61
"15635","2929淘帝","110/07/09","合庫-高雄",71,0,71
"15636","2929淘帝","110/07/09","第一金-路竹",0,50,-50
"15637","2929淘帝","110/07/09","高橋-龍潭",37,0,37
"15638","2929淘帝","110/07/09","港商麥格理",0,42,-42
"15639","2929淘帝","110/07/09","新光-台中",60,26,34
"15640","2929淘帝","110/07/09","陽信-石牌",0,40,-40
"15641","2929淘帝","110/07/09","元富-大裕",22,1,21
"15642","2929淘帝","110/07/09","台新-左楠",1,39,-38
"15643","2929淘帝","110/07/09","合庫-鳳山",20,0,20
"15644","2929淘帝","110/07/09","凱基-桃園",3,29,-26
"15645","2929淘帝","110/07/09","元大-員林",22,2,20
"15646","2929淘帝","110/07/09","兆豐-內湖",0,25,-25
"15647","2929淘帝","110/07/09","台新-建北",15,0,15
"15648","2929淘帝","110/07/09","元大-北港",0,20,-20
"15649","2929淘帝","110/07/09","兆豐-桃園",13,0,13
"15650","2929淘帝","110/07/09","富邦-北港",0,19,-19
"15651","2929淘帝","110/07/09","兆豐-忠孝",10,0,10
"15652","2929淘帝","110/07/09","富邦-花蓮",0,17,-17
"15653","2929淘帝","110/07/09","國票-敦北法人",10,0,10
"15654","2929淘帝","110/07/09","國泰-台中",2,17,-15
"15655","2929淘帝","110/07/09","永豐金-博愛",10,0,10
"15656","2929淘帝","110/07/09","群益金鼎-彰化",0,15,-15
"15657","2929淘帝","110/07/09","群益金鼎-潭子",8,0,8
"15658","2929淘帝","110/07/09","元大-博愛",0,14,-14
"15659","2929淘帝","110/07/09","富邦-南屯",8,0,8
"15660","2929淘帝","110/07/09","日盛-板橋",0,13,-13
"15661","5410國眾","110/07/09","元大-新盛",14,0,14
"15662","5410國眾","110/07/09","(牛牛牛)亞-鑫豐",1,41,-40
"15663","5410國眾","110/07/09","台灣企銀-民雄",10,0,10
"15664","5410國眾","110/07/09","元富-嘉義",0,25,-25
"15665","5410國眾","110/07/09","元富-虎尾",9,0,9
"15666","5410國眾","110/07/09","凱基-高美館",0,10,-10
"15667","5410國眾","110/07/09","摩根大通",10,1,9
"15668","5410國眾","110/07/09","凱基-城中",0,10,-10
"15669","5410國眾","110/07/09","兆豐-北高雄",7,0,7
"15670","5410國眾","110/07/09","元大-頭份",0,10,-10
"15671","5410國眾","110/07/09","凱基-台北",8,1,7
"15672","5410國眾","110/07/09","群益金鼎-丹鳳",0,7,-7
"15673","5410國眾","110/07/09","華南永昌-公誠",7,0,7
"15674","5410國眾","110/07/09","凱基-復興",0,7,-7
"15675","5410國眾","110/07/09","香港上海匯豐",6,0,6
"15676","5410國眾","110/07/09","元大-員林",0,7,-7
"15677","5410國眾","110/07/09","凱基-中壢",6,0,6
"15678","5410國眾","110/07/09","富邦-竹東",0,6,-6
"15679","5410國眾","110/07/09","華南永昌-南京",6,0,6
"15680","5410國眾","110/07/09","亞東-高雄",0,5,-5
"15681","5410國眾","110/07/09","統一-三重",5,0,5
"15682","5410國眾","110/07/09","大慶-中壢",1,6,-5
"15683","5410國眾","110/07/09","富邦-宜蘭",5,0,5
"15684","5410國眾","110/07/09","群益金鼎-中港",0,5,-5
"15685","5410國眾","110/07/09","元大-崇德",5,0,5
"15686","5410國眾","110/07/09","元大-八德",0,5,-5
"15687","5410國眾","110/07/09","元大-博愛",5,0,5
"15688","5410國眾","110/07/09","富邦-基隆",0,4,-4
"15689","5410國眾","110/07/09","元大-龍潭",5,0,5
"15690","5410國眾","110/07/09","臺銀-新竹",0,3,-3
"15691","2841台開","110/07/09","日盛-雙和",102,0,102
"15692","2841台開","110/07/09","港商野村",0,129,-129
"15693","2841台開","110/07/09","元大-館前",70,0,70
"15694","2841台開","110/07/09","兆豐-永和",0,100,-100
"15695","2841台開","110/07/09","凱基-文心",50,0,50
"15696","2841台開","110/07/09","台新證券",7,28,-21
"15697","2841台開","110/07/09","富邦-嘉義",40,0,40
"15698","2841台開","110/07/09","國票-北高雄",0,20,-20
"15699","2841台開","110/07/09","美商高盛",15,0,15
"15700","2841台開","110/07/09","永豐金-敦南",29,46,-17
"15701","2841台開","110/07/09","台中銀",15,0,15
"15702","2841台開","110/07/09","合庫-基隆",0,12,-12
"15703","2841台開","110/07/09","新光",11,0,11
"15704","2841台開","110/07/09","中國信託-松江",0,12,-12
"15705","2841台開","110/07/09","華南永昌-長虹",10,0,10
"15706","2841台開","110/07/09","兆豐-城中",0,12,-12
"15707","2841台開","110/07/09","永豐金-南投",10,0,10
"15708","2841台開","110/07/09","台中銀-豐原",0,10,-10
"15709","2841台開","110/07/09","合庫-桃園",7,0,7
"15710","2841台開","110/07/09","兆豐-景美",0,10,-10
"15711","2841台開","110/07/09","群益金鼎-古亭",7,0,7
"15712","2841台開","110/07/09","群益金鼎-基隆",0,10,-10
"15713","2841台開","110/07/09","國泰-敦南",6,0,6
"15714","2841台開","110/07/09","元大-北三重",0,10,-10
"15715","2841台開","110/07/09","凱基-桃園",8,2,6
"15716","2841台開","110/07/09","(牛牛牛)亞-網路",0,9,-9
"15717","2841台開","110/07/09","日盛證券",5,0,5
"15718","2841台開","110/07/09","台新-高雄",1,10,-9
"15719","2841台開","110/07/09","元富-文心",5,0,5
"15720","2841台開","110/07/09","凱基-台北",0,7,-7
"15721","6207雷科","110/07/09","群益金鼎-新竹",47,0,47
"15722","6207雷科","110/07/09","新光",7,24,-17
"15723","6207雷科","110/07/09","永豐金-三重",31,0,31
"15724","6207雷科","110/07/09","日盛-和美",0,15,-15
"15725","6207雷科","110/07/09","新加坡商瑞銀",33,5,28
"15726","6207雷科","110/07/09","國泰-台南",0,15,-15
"15727","6207雷科","110/07/09","元大-高雄",26,0,26
"15728","6207雷科","110/07/09","華南永昌-古亭",0,14,-14
"15729","6207雷科","110/07/09","統一-員林",22,0,22
"15730","6207雷科","110/07/09","土銀-白河",0,11,-11
"15731","6207雷科","110/07/09","台新-高雄",22,0,22
"15732","6207雷科","110/07/09","日盛-台南",0,10,-10
"15733","6207雷科","110/07/09","摩根大通",34,17,17
"15734","6207雷科","110/07/09","元富-林園",0,10,-10
"15735","6207雷科","110/07/09","元大-博愛",17,1,16
"15736","6207雷科","110/07/09","富邦-園區",0,10,-10
"15737","6207雷科","110/07/09","日茂-埔里",12,0,12
"15738","6207雷科","110/07/09","元大-上新莊",0,10,-10
"15739","6207雷科","110/07/09","國泰-台中",17,6,11
"15740","6207雷科","110/07/09","永豐金-南京",0,10,-10
"15741","6207雷科","110/07/09","富邦-三重",10,0,10
"15742","6207雷科","110/07/09","兆豐-小港",0,6,-6
"15743","6207雷科","110/07/09","元大-沙鹿",10,0,10
"15744","6207雷科","110/07/09","富邦-羅東",1,7,-6
"15745","6207雷科","110/07/09","元大-八德",10,0,10
"15746","6207雷科","110/07/09","元大-土城永寧",0,6,-6
"15747","6207雷科","110/07/09","第一金-路竹",11,2,9
"15748","6207雷科","110/07/09","永豐金-板盛",0,6,-6
"15749","6207雷科","110/07/09","統一-南京",5,0,5
"15750","6207雷科","110/07/09","日盛-板橋",0,5,-5
"15751","3679新至陞","110/07/09","元大-大天母",10,0,10
"15752","3679新至陞","110/07/09","第一金-光復",0,11,-11
"15753","3679新至陞","110/07/09","日盛-樹林",9,0,9
"15754","3679新至陞","110/07/09","瑞士信貸",0,8,-8
"15755","3679新至陞","110/07/09","凱基-台北",11,2,9
"15756","3679新至陞","110/07/09","大慶-苗栗",0,5,-5
"15757","3679新至陞","110/07/09","華南永昌-小港",8,0,8
"15758","3679新至陞","110/07/09","元大-永春",0,5,-5
"15759","3679新至陞","110/07/09","兆豐-來福",7,0,7
"15760","3679新至陞","110/07/09","日盛-和美",0,4,-4
"15761","3679新至陞","110/07/09","香港上海匯豐",5,0,5
"15762","3679新至陞","110/07/09","元大-雙和",0,3,-3
"15763","3679新至陞","110/07/09","台中銀-員林",3,0,3
"15764","3679新至陞","110/07/09","永豐金-屏東",0,3,-3
"15765","3679新至陞","110/07/09","新光",3,0,3
"15766","3679新至陞","110/07/09","彰銀",0,2,-2
"15767","3679新至陞","110/07/09","土銀-花蓮",2,0,2
"15768","3679新至陞","110/07/09","宏遠-館前",0,2,-2
"15769","3679新至陞","110/07/09","第一金-澎湖",2,0,2
"15770","3679新至陞","110/07/09","港商野村",0,2,-2
"15771","3679新至陞","110/07/09","摩根大通",2,0,2
"15772","3679新至陞","110/07/09","大昌-新店",0,2,-2
"15773","3679新至陞","110/07/09","國泰-敦南",2,0,2
"15774","3679新至陞","110/07/09","元大-新莊",0,2,-2
"15775","3679新至陞","110/07/09","元大-淡水",4,2,2
"15776","3679新至陞","110/07/09","元大-板橋",0,2,-2
"15777","3679新至陞","110/07/09","日盛-士林",1,0,1
"15778","3679新至陞","110/07/09","台灣摩根士丹利",0,1,-1
"15779","3679新至陞","110/07/09","日盛-信義",1,0,1
"15780","3679新至陞","110/07/09","第一金-高雄",0,1,-1
"15781","2727王品","110/07/09","台灣匯立證券",90,0,90
"15782","2727王品","110/07/09","台灣摩根士丹利",0,267,-267
"15783","2727王品","110/07/09","國泰-敦南",166,84,82
"15784","2727王品","110/07/09","富邦-台北",35,299,-264
"15785","2727王品","110/07/09","富邦-仁愛",56,12,44
"15786","2727王品","110/07/09","凱基-台北",174,296,-122
"15787","2727王品","110/07/09","台新證券",109,66,43
"15788","2727王品","110/07/09","第一金",2,102,-100
"15789","2727王品","110/07/09","新光",117,87,30
"15790","2727王品","110/07/09","群益金鼎-大安",0,80,-80
"15791","2727王品","110/07/09","臺銀-臺中",35,6,29
"15792","2727王品","110/07/09","兆豐-大安",7,60,-53
"15793","2727王品","110/07/09","元大-桃園",32,3,29
"15794","2727王品","110/07/09","永豐金-南投",0,50,-50
"15795","2727王品","110/07/09","元富-宜蘭",34,6,28
"15796","2727王品","110/07/09","新加坡商瑞銀",6,46,-40
"15797","2727王品","110/07/09","玉山-台中",34,8,26
"15798","2727王品","110/07/09","合庫-彰化",11,50,-39
"15799","2727王品","110/07/09","群益金鼎-宜蘭",30,4,26
"15800","2727王品","110/07/09","永豐金-萬盛",13,52,-39
"15801","2727王品","110/07/09","富邦-台中",42,16,26
"15802","2727王品","110/07/09","瑞士信貸",0,34,-34
"15803","2727王品","110/07/09","第一金-豐原",25,1,24
"15804","2727王品","110/07/09","元大-和平",4,35,-31
"15805","2727王品","110/07/09","臺銀",30,8,22
"15806","2727王品","110/07/09","美林",14,44,-30
"15807","2727王品","110/07/09","兆豐-來福",23,1,22
"15808","2727王品","110/07/09","元大-員林",9,38,-29
"15809","2727王品","110/07/09","玉山-士林",22,2,20
"15810","2727王品","110/07/09","元富-西松",4,31,-27
"15811","1570力肯","110/07/09","凱基-台北",30,1,29
"15812","1570力肯","110/07/09","群益金鼎-彰化",0,20,-20
"15813","1570力肯","110/07/09","新光-台南",20,0,20
"15814","1570力肯","110/07/09","元大-土城學府",0,20,-20
"15815","1570力肯","110/07/09","元大-高雄",20,0,20
"15816","1570力肯","110/07/09","元大-大統",0,16,-16
"15817","1570力肯","110/07/09","國票-中正",12,0,12
"15818","1570力肯","110/07/09","元大-新營",0,11,-11
"15819","1570力肯","110/07/09","日盛-高雄",6,0,6
"15820","1570力肯","110/07/09","元大-和平",0,10,-10
"15821","1570力肯","110/07/09","元富-緯城",6,0,6
"15822","1570力肯","110/07/09","元大-草屯",0,10,-10
"15823","1570力肯","110/07/09","群益金鼎-台南",6,0,6
"15824","1570力肯","110/07/09","元大-鹿港",0,9,-9
"15825","1570力肯","110/07/09","華南永昌-岡山",6,0,6
"15826","1570力肯","110/07/09","合庫-基隆",0,7,-7
"15827","1570力肯","110/07/09","統一-中壢",5,0,5
"15828","1570力肯","110/07/09","摩根大通",2,8,-6
"15829","1570力肯","110/07/09","凱基-三峽",5,0,5
"15830","1570力肯","110/07/09","台灣企銀-豐原",0,4,-4
"15831","1570力肯","110/07/09","大昌-樹林",4,0,4
"15832","1570力肯","110/07/09","日盛-桃園",0,4,-4
"15833","1570力肯","110/07/09","新光",3,0,3
"15834","1570力肯","110/07/09","國泰-高雄",0,3,-3
"15835","1570力肯","110/07/09","富邦-新竹華信",3,0,3
"15836","1570力肯","110/07/09","永豐金-敦南",0,3,-3
"15837","1570力肯","110/07/09","合庫-台中",2,0,2
"15838","1570力肯","110/07/09","土銀-彰化",0,2,-2
"15839","1570力肯","110/07/09","臺銀-臺中",2,0,2
"15840","1570力肯","110/07/09","臺銀-鳳山",0,2,-2
"15841","6180橘子","110/07/09","摩根大通",63,1,62
"15842","6180橘子","110/07/09","元大-南京",1,32,-31
"15843","6180橘子","110/07/09","富邦-陽明",73,33,40
"15844","6180橘子","110/07/09","群益金鼎-台北",0,25,-25
"15845","6180橘子","110/07/09","新加坡商瑞銀",31,0,31
"15846","6180橘子","110/07/09","兆豐-復興",0,21,-21
"15847","6180橘子","110/07/09","美商高盛",25,0,25
"15848","6180橘子","110/07/09","永豐金-嘉義",0,21,-21
"15849","6180橘子","110/07/09","凱基-台北",26,10,16
"15850","6180橘子","110/07/09","凱基-中壢",8,24,-16
"15851","6180橘子","110/07/09","華南永昌-楠梓",13,0,13
"15852","6180橘子","110/07/09","致和-崇德",0,15,-15
"15853","6180橘子","110/07/09","華南永昌-朴子",11,0,11
"15854","6180橘子","110/07/09","群益金鼎-屏東",0,15,-15
"15855","6180橘子","110/07/09","元大-北港",11,0,11
"15856","6180橘子","110/07/09","群益金鼎-中山",0,15,-15
"15857","6180橘子","110/07/09","元大-成功",10,1,9
"15858","6180橘子","110/07/09","瑞士信貸",1,15,-14
"15859","6180橘子","110/07/09","新光",26,18,8
"15860","6180橘子","110/07/09","日盛-二林",0,10,-10
"15861","6180橘子","110/07/09","統一-三重",6,0,6
"15862","6180橘子","110/07/09","凱基-東門",0,10,-10
"15863","6180橘子","110/07/09","群益金鼎-嘉義",6,0,6
"15864","6180橘子","110/07/09","華南永昌-三重",0,10,-10
"15865","6180橘子","110/07/09","元大-員林中山",6,0,6
"15866","6180橘子","110/07/09","元大-彰化民生",1,11,-10
"15867","6180橘子","110/07/09","合庫-鳳山",5,0,5
"15868","6180橘子","110/07/09","永豐金-新店",1,11,-10
"15869","6180橘子","110/07/09","富邦-建國",6,1,5
"15870","6180橘子","110/07/09","群益金鼎-丹鳳",0,8,-8
"15871","2390云辰","110/07/09","摩根大通",279,56,223
"15872","2390云辰","110/07/09","元大-天母",0,127,-127
"15873","2390云辰","110/07/09","日盛-鳳山",110,2,108
"15874","2390云辰","110/07/09","中國信託-文心",5,109,-104
"15875","2390云辰","110/07/09","宏遠證券",100,0,100
"15876","2390云辰","110/07/09","永豐金-復興",0,55,-55
"15877","2390云辰","110/07/09","元大-大里",63,6,57
"15878","2390云辰","110/07/09","凱基-台北",239,286,-47
"15879","2390云辰","110/07/09","凱基-八德",59,10,49
"15880","2390云辰","110/07/09","德信",2,32,-30
"15881","2390云辰","110/07/09","合庫-新竹",40,0,40
"15882","2390云辰","110/07/09","兆豐-桃鶯",2,32,-30
"15883","2390云辰","110/07/09","國票",40,1,39
"15884","2390云辰","110/07/09","致和-南京",0,30,-30
"15885","2390云辰","110/07/09","新加坡商瑞銀",49,13,36
"15886","2390云辰","110/07/09","富邦-虎尾",1,31,-30
"15887","2390云辰","110/07/09","統一-新台中",36,2,34
"15888","2390云辰","110/07/09","元大-善化",2,31,-29
"15889","2390云辰","110/07/09","國票-嘉義",31,0,31
"15890","2390云辰","110/07/09","富邦-板橋",0,27,-27
"15891","2390云辰","110/07/09","華南永昌",35,7,28
"15892","2390云辰","110/07/09","富邦-永和",3,28,-25
"15893","2390云辰","110/07/09","玉山-台中",49,22,27
"15894","2390云辰","110/07/09","第一金-自由",20,44,-24
"15895","2390云辰","110/07/09","華南永昌-敦南",25,0,25
"15896","2390云辰","110/07/09","凱基-內湖",0,24,-24
"15897","2390云辰","110/07/09","新光-高雄",27,4,23
"15898","2390云辰","110/07/09","元大-汐止",1,24,-23
"15899","2390云辰","110/07/09","台灣摩根士丹利",85,63,22
"15900","2390云辰","110/07/09","新光-台中",12,33,-21
"15901","4903聯光通","110/07/09","元大-敦南",10,0,10
"15902","4903聯光通","110/07/09","第一金-台中",0,12,-12
"15903","4903聯光通","110/07/09","凱基-士林",5,0,5
"15904","4903聯光通","110/07/09","日盛-忠孝",0,3,-3
"15905","4903聯光通","110/07/09","元大-苗栗",5,0,5
"15906","4903聯光通","110/07/09","群益金鼎-崇德",0,3,-3
"15907","4903聯光通","110/07/09","元大-屏南",3,0,3
"15908","4903聯光通","110/07/09","國票-內壢",0,2,-2
"15909","4903聯光通","110/07/09","中國信託-永康",1,0,1
"15910","4903聯光通","110/07/09","康和-南崁",0,2,-2
"15911","4903聯光通","110/07/09","玉山證券",1,0,1
"15912","4903聯光通","110/07/09","新光-台中",0,2,-2
"15913","4903聯光通","110/07/09","元大-太平",4,3,1
"15914","4903聯光通","110/07/09","玉山-城中",0,2,-2
"15915","4903聯光通","110/07/09","永豐金-嘉義",1,0,1
"15916","4903聯光通","110/07/09","中國信託-文心",0,1,-1
"15917","4903聯光通","110/07/09","大昌",0,0,0
"15918","4903聯光通","110/07/09","大昌",0,0,0
"15919","4903聯光通","110/07/09","中農",0,0,0
"15920","4903聯光通","110/07/09","中農",0,0,0
"15921","4903聯光通","110/07/09","",NA,NA,NA
"15922","4903聯光通","110/07/09","",NA,NA,NA
"15923","4903聯光通","110/07/09","",NA,NA,NA
"15924","4903聯光通","110/07/09","",NA,NA,NA
"15925","4903聯光通","110/07/09","",NA,NA,NA
"15926","4903聯光通","110/07/09","",NA,NA,NA
"15927","4903聯光通","110/07/09","",NA,NA,NA
"15928","4903聯光通","110/07/09","",NA,NA,NA
"15929","4903聯光通","110/07/09","",NA,NA,NA
"15930","4903聯光通","110/07/09","",NA,NA,NA
"15931","2929淘帝","110/07/09","台中銀-台北",110,0,110
"15932","2929淘帝","110/07/09","新光",2,82,-80
"15933","2929淘帝","110/07/09","華南永昌-頭份",72,0,72
"15934","2929淘帝","110/07/09","摩根大通",2,63,-61
"15935","2929淘帝","110/07/09","合庫-高雄",71,0,71
"15936","2929淘帝","110/07/09","第一金-路竹",0,50,-50
"15937","2929淘帝","110/07/09","高橋-龍潭",37,0,37
"15938","2929淘帝","110/07/09","港商麥格理",0,42,-42
"15939","2929淘帝","110/07/09","新光-台中",60,26,34
"15940","2929淘帝","110/07/09","陽信-石牌",0,40,-40
"15941","2929淘帝","110/07/09","元富-大裕",22,1,21
"15942","2929淘帝","110/07/09","台新-左楠",1,39,-38
"15943","2929淘帝","110/07/09","合庫-鳳山",20,0,20
"15944","2929淘帝","110/07/09","凱基-桃園",3,29,-26
"15945","2929淘帝","110/07/09","元大-員林",22,2,20
"15946","2929淘帝","110/07/09","兆豐-內湖",0,25,-25
"15947","2929淘帝","110/07/09","台新-建北",15,0,15
"15948","2929淘帝","110/07/09","元大-北港",0,20,-20
"15949","2929淘帝","110/07/09","兆豐-桃園",13,0,13
"15950","2929淘帝","110/07/09","富邦-北港",0,19,-19
"15951","2929淘帝","110/07/09","兆豐-忠孝",10,0,10
"15952","2929淘帝","110/07/09","富邦-花蓮",0,17,-17
"15953","2929淘帝","110/07/09","國票-敦北法人",10,0,10
"15954","2929淘帝","110/07/09","國泰-台中",2,17,-15
"15955","2929淘帝","110/07/09","永豐金-博愛",10,0,10
"15956","2929淘帝","110/07/09","群益金鼎-彰化",0,15,-15
"15957","2929淘帝","110/07/09","群益金鼎-潭子",8,0,8
"15958","2929淘帝","110/07/09","元大-博愛",0,14,-14
"15959","2929淘帝","110/07/09","富邦-南屯",8,0,8
"15960","2929淘帝","110/07/09","日盛-板橋",0,13,-13
"15961","5410國眾","110/07/09","元大-新盛",14,0,14
"15962","5410國眾","110/07/09","(牛牛牛)亞-鑫豐",1,41,-40
"15963","5410國眾","110/07/09","台灣企銀-民雄",10,0,10
"15964","5410國眾","110/07/09","元富-嘉義",0,25,-25
"15965","5410國眾","110/07/09","元富-虎尾",9,0,9
"15966","5410國眾","110/07/09","凱基-高美館",0,10,-10
"15967","5410國眾","110/07/09","摩根大通",10,1,9
"15968","5410國眾","110/07/09","凱基-城中",0,10,-10
"15969","5410國眾","110/07/09","兆豐-北高雄",7,0,7
"15970","5410國眾","110/07/09","元大-頭份",0,10,-10
"15971","5410國眾","110/07/09","凱基-台北",8,1,7
"15972","5410國眾","110/07/09","群益金鼎-丹鳳",0,7,-7
"15973","5410國眾","110/07/09","華南永昌-公誠",7,0,7
"15974","5410國眾","110/07/09","凱基-復興",0,7,-7
"15975","5410國眾","110/07/09","香港上海匯豐",6,0,6
"15976","5410國眾","110/07/09","元大-員林",0,7,-7
"15977","5410國眾","110/07/09","凱基-中壢",6,0,6
"15978","5410國眾","110/07/09","富邦-竹東",0,6,-6
"15979","5410國眾","110/07/09","華南永昌-南京",6,0,6
"15980","5410國眾","110/07/09","亞東-高雄",0,5,-5
"15981","5410國眾","110/07/09","統一-三重",5,0,5
"15982","5410國眾","110/07/09","大慶-中壢",1,6,-5
"15983","5410國眾","110/07/09","富邦-宜蘭",5,0,5
"15984","5410國眾","110/07/09","群益金鼎-中港",0,5,-5
"15985","5410國眾","110/07/09","元大-崇德",5,0,5
"15986","5410國眾","110/07/09","元大-八德",0,5,-5
"15987","5410國眾","110/07/09","元大-博愛",5,0,5
"15988","5410國眾","110/07/09","富邦-基隆",0,4,-4
"15989","5410國眾","110/07/09","元大-龍潭",5,0,5
"15990","5410國眾","110/07/09","臺銀-新竹",0,3,-3
"15991","2841台開","110/07/09","日盛-雙和",102,0,102
"15992","2841台開","110/07/09","港商野村",0,129,-129
"15993","2841台開","110/07/09","元大-館前",70,0,70
"15994","2841台開","110/07/09","兆豐-永和",0,100,-100
"15995","2841台開","110/07/09","凱基-文心",50,0,50
"15996","2841台開","110/07/09","台新證券",7,28,-21
"15997","2841台開","110/07/09","富邦-嘉義",40,0,40
"15998","2841台開","110/07/09","國票-北高雄",0,20,-20
"15999","2841台開","110/07/09","美商高盛",15,0,15
"16000","2841台開","110/07/09","永豐金-敦南",29,46,-17
"16001","2841台開","110/07/09","台中銀",15,0,15
"16002","2841台開","110/07/09","合庫-基隆",0,12,-12
"16003","2841台開","110/07/09","新光",11,0,11
"16004","2841台開","110/07/09","中國信託-松江",0,12,-12
"16005","2841台開","110/07/09","華南永昌-長虹",10,0,10
"16006","2841台開","110/07/09","兆豐-城中",0,12,-12
"16007","2841台開","110/07/09","永豐金-南投",10,0,10
"16008","2841台開","110/07/09","台中銀-豐原",0,10,-10
"16009","2841台開","110/07/09","合庫-桃園",7,0,7
"16010","2841台開","110/07/09","兆豐-景美",0,10,-10
"16011","2841台開","110/07/09","群益金鼎-古亭",7,0,7
"16012","2841台開","110/07/09","群益金鼎-基隆",0,10,-10
"16013","2841台開","110/07/09","國泰-敦南",6,0,6
"16014","2841台開","110/07/09","元大-北三重",0,10,-10
"16015","2841台開","110/07/09","凱基-桃園",8,2,6
"16016","2841台開","110/07/09","(牛牛牛)亞-網路",0,9,-9
"16017","2841台開","110/07/09","日盛證券",5,0,5
"16018","2841台開","110/07/09","台新-高雄",1,10,-9
"16019","2841台開","110/07/09","元富-文心",5,0,5
"16020","2841台開","110/07/09","凱基-台北",0,7,-7
"16021","6207雷科","110/07/09","群益金鼎-新竹",47,0,47
"16022","6207雷科","110/07/09","新光",7,24,-17
"16023","6207雷科","110/07/09","永豐金-三重",31,0,31
"16024","6207雷科","110/07/09","日盛-和美",0,15,-15
"16025","6207雷科","110/07/09","新加坡商瑞銀",33,5,28
"16026","6207雷科","110/07/09","國泰-台南",0,15,-15
"16027","6207雷科","110/07/09","元大-高雄",26,0,26
"16028","6207雷科","110/07/09","華南永昌-古亭",0,14,-14
"16029","6207雷科","110/07/09","統一-員林",22,0,22
"16030","6207雷科","110/07/09","土銀-白河",0,11,-11
"16031","6207雷科","110/07/09","台新-高雄",22,0,22
"16032","6207雷科","110/07/09","日盛-台南",0,10,-10
"16033","6207雷科","110/07/09","摩根大通",34,17,17
"16034","6207雷科","110/07/09","元富-林園",0,10,-10
"16035","6207雷科","110/07/09","元大-博愛",17,1,16
"16036","6207雷科","110/07/09","富邦-園區",0,10,-10
"16037","6207雷科","110/07/09","日茂-埔里",12,0,12
"16038","6207雷科","110/07/09","元大-上新莊",0,10,-10
"16039","6207雷科","110/07/09","國泰-台中",17,6,11
"16040","6207雷科","110/07/09","永豐金-南京",0,10,-10
"16041","6207雷科","110/07/09","富邦-三重",10,0,10
"16042","6207雷科","110/07/09","兆豐-小港",0,6,-6
"16043","6207雷科","110/07/09","元大-沙鹿",10,0,10
"16044","6207雷科","110/07/09","富邦-羅東",1,7,-6
"16045","6207雷科","110/07/09","元大-八德",10,0,10
"16046","6207雷科","110/07/09","元大-土城永寧",0,6,-6
"16047","6207雷科","110/07/09","第一金-路竹",11,2,9
"16048","6207雷科","110/07/09","永豐金-板盛",0,6,-6
"16049","6207雷科","110/07/09","統一-南京",5,0,5
"16050","6207雷科","110/07/09","日盛-板橋",0,5,-5
"16051","3679新至陞","110/07/09","元大-大天母",10,0,10
"16052","3679新至陞","110/07/09","第一金-光復",0,11,-11
"16053","3679新至陞","110/07/09","日盛-樹林",9,0,9
"16054","3679新至陞","110/07/09","瑞士信貸",0,8,-8
"16055","3679新至陞","110/07/09","凱基-台北",11,2,9
"16056","3679新至陞","110/07/09","大慶-苗栗",0,5,-5
"16057","3679新至陞","110/07/09","華南永昌-小港",8,0,8
"16058","3679新至陞","110/07/09","元大-永春",0,5,-5
"16059","3679新至陞","110/07/09","兆豐-來福",7,0,7
"16060","3679新至陞","110/07/09","日盛-和美",0,4,-4
"16061","3679新至陞","110/07/09","香港上海匯豐",5,0,5
"16062","3679新至陞","110/07/09","元大-雙和",0,3,-3
"16063","3679新至陞","110/07/09","台中銀-員林",3,0,3
"16064","3679新至陞","110/07/09","永豐金-屏東",0,3,-3
"16065","3679新至陞","110/07/09","新光",3,0,3
"16066","3679新至陞","110/07/09","彰銀",0,2,-2
"16067","3679新至陞","110/07/09","土銀-花蓮",2,0,2
"16068","3679新至陞","110/07/09","宏遠-館前",0,2,-2
"16069","3679新至陞","110/07/09","第一金-澎湖",2,0,2
"16070","3679新至陞","110/07/09","港商野村",0,2,-2
"16071","3679新至陞","110/07/09","摩根大通",2,0,2
"16072","3679新至陞","110/07/09","大昌-新店",0,2,-2
"16073","3679新至陞","110/07/09","國泰-敦南",2,0,2
"16074","3679新至陞","110/07/09","元大-新莊",0,2,-2
"16075","3679新至陞","110/07/09","元大-淡水",4,2,2
"16076","3679新至陞","110/07/09","元大-板橋",0,2,-2
"16077","3679新至陞","110/07/09","日盛-士林",1,0,1
"16078","3679新至陞","110/07/09","台灣摩根士丹利",0,1,-1
"16079","3679新至陞","110/07/09","日盛-信義",1,0,1
"16080","3679新至陞","110/07/09","第一金-高雄",0,1,-1
"16081","2727王品","110/07/09","台灣匯立證券",90,0,90
"16082","2727王品","110/07/09","台灣摩根士丹利",0,267,-267
"16083","2727王品","110/07/09","國泰-敦南",166,84,82
"16084","2727王品","110/07/09","富邦-台北",35,299,-264
"16085","2727王品","110/07/09","富邦-仁愛",56,12,44
"16086","2727王品","110/07/09","凱基-台北",174,296,-122
"16087","2727王品","110/07/09","台新證券",109,66,43
"16088","2727王品","110/07/09","第一金",2,102,-100
"16089","2727王品","110/07/09","新光",117,87,30
"16090","2727王品","110/07/09","群益金鼎-大安",0,80,-80
"16091","2727王品","110/07/09","臺銀-臺中",35,6,29
"16092","2727王品","110/07/09","兆豐-大安",7,60,-53
"16093","2727王品","110/07/09","元大-桃園",32,3,29
"16094","2727王品","110/07/09","永豐金-南投",0,50,-50
"16095","2727王品","110/07/09","元富-宜蘭",34,6,28
"16096","2727王品","110/07/09","新加坡商瑞銀",6,46,-40
"16097","2727王品","110/07/09","玉山-台中",34,8,26
"16098","2727王品","110/07/09","合庫-彰化",11,50,-39
"16099","2727王品","110/07/09","群益金鼎-宜蘭",30,4,26
"16100","2727王品","110/07/09","永豐金-萬盛",13,52,-39
"16101","2727王品","110/07/09","富邦-台中",42,16,26
"16102","2727王品","110/07/09","瑞士信貸",0,34,-34
"16103","2727王品","110/07/09","第一金-豐原",25,1,24
"16104","2727王品","110/07/09","元大-和平",4,35,-31
"16105","2727王品","110/07/09","臺銀",30,8,22
"16106","2727王品","110/07/09","美林",14,44,-30
"16107","2727王品","110/07/09","兆豐-來福",23,1,22
"16108","2727王品","110/07/09","元大-員林",9,38,-29
"16109","2727王品","110/07/09","玉山-士林",22,2,20
"16110","2727王品","110/07/09","元富-西松",4,31,-27
"16111","1570力肯","110/07/09","凱基-台北",30,1,29
"16112","1570力肯","110/07/09","群益金鼎-彰化",0,20,-20
"16113","1570力肯","110/07/09","新光-台南",20,0,20
"16114","1570力肯","110/07/09","元大-土城學府",0,20,-20
"16115","1570力肯","110/07/09","元大-高雄",20,0,20
"16116","1570力肯","110/07/09","元大-大統",0,16,-16
"16117","1570力肯","110/07/09","國票-中正",12,0,12
"16118","1570力肯","110/07/09","元大-新營",0,11,-11
"16119","1570力肯","110/07/09","日盛-高雄",6,0,6
"16120","1570力肯","110/07/09","元大-和平",0,10,-10
"16121","1570力肯","110/07/09","元富-緯城",6,0,6
"16122","1570力肯","110/07/09","元大-草屯",0,10,-10
"16123","1570力肯","110/07/09","群益金鼎-台南",6,0,6
"16124","1570力肯","110/07/09","元大-鹿港",0,9,-9
"16125","1570力肯","110/07/09","華南永昌-岡山",6,0,6
"16126","1570力肯","110/07/09","合庫-基隆",0,7,-7
"16127","1570力肯","110/07/09","統一-中壢",5,0,5
"16128","1570力肯","110/07/09","摩根大通",2,8,-6
"16129","1570力肯","110/07/09","凱基-三峽",5,0,5
"16130","1570力肯","110/07/09","台灣企銀-豐原",0,4,-4
"16131","1570力肯","110/07/09","大昌-樹林",4,0,4
"16132","1570力肯","110/07/09","日盛-桃園",0,4,-4
"16133","1570力肯","110/07/09","新光",3,0,3
"16134","1570力肯","110/07/09","國泰-高雄",0,3,-3
"16135","1570力肯","110/07/09","富邦-新竹華信",3,0,3
"16136","1570力肯","110/07/09","永豐金-敦南",0,3,-3
"16137","1570力肯","110/07/09","合庫-台中",2,0,2
"16138","1570力肯","110/07/09","土銀-彰化",0,2,-2
"16139","1570力肯","110/07/09","臺銀-臺中",2,0,2
"16140","1570力肯","110/07/09","臺銀-鳳山",0,2,-2
"16141","6180橘子","110/07/09","摩根大通",63,1,62
"16142","6180橘子","110/07/09","元大-南京",1,32,-31
"16143","6180橘子","110/07/09","富邦-陽明",73,33,40
"16144","6180橘子","110/07/09","群益金鼎-台北",0,25,-25
"16145","6180橘子","110/07/09","新加坡商瑞銀",31,0,31
"16146","6180橘子","110/07/09","兆豐-復興",0,21,-21
"16147","6180橘子","110/07/09","美商高盛",25,0,25
"16148","6180橘子","110/07/09","永豐金-嘉義",0,21,-21
"16149","6180橘子","110/07/09","凱基-台北",26,10,16
"16150","6180橘子","110/07/09","凱基-中壢",8,24,-16
"16151","6180橘子","110/07/09","華南永昌-楠梓",13,0,13
"16152","6180橘子","110/07/09","致和-崇德",0,15,-15
"16153","6180橘子","110/07/09","華南永昌-朴子",11,0,11
"16154","6180橘子","110/07/09","群益金鼎-屏東",0,15,-15
"16155","6180橘子","110/07/09","元大-北港",11,0,11
"16156","6180橘子","110/07/09","群益金鼎-中山",0,15,-15
"16157","6180橘子","110/07/09","元大-成功",10,1,9
"16158","6180橘子","110/07/09","瑞士信貸",1,15,-14
"16159","6180橘子","110/07/09","新光",26,18,8
"16160","6180橘子","110/07/09","日盛-二林",0,10,-10
"16161","6180橘子","110/07/09","統一-三重",6,0,6
"16162","6180橘子","110/07/09","凱基-東門",0,10,-10
"16163","6180橘子","110/07/09","群益金鼎-嘉義",6,0,6
"16164","6180橘子","110/07/09","華南永昌-三重",0,10,-10
"16165","6180橘子","110/07/09","元大-員林中山",6,0,6
"16166","6180橘子","110/07/09","元大-彰化民生",1,11,-10
"16167","6180橘子","110/07/09","合庫-鳳山",5,0,5
"16168","6180橘子","110/07/09","永豐金-新店",1,11,-10
"16169","6180橘子","110/07/09","富邦-建國",6,1,5
"16170","6180橘子","110/07/09","群益金鼎-丹鳳",0,8,-8
"16171","2390云辰","110/07/09","摩根大通",279,56,223
"16172","2390云辰","110/07/09","元大-天母",0,127,-127
"16173","2390云辰","110/07/09","日盛-鳳山",110,2,108
"16174","2390云辰","110/07/09","中國信託-文心",5,109,-104
"16175","2390云辰","110/07/09","宏遠證券",100,0,100
"16176","2390云辰","110/07/09","永豐金-復興",0,55,-55
"16177","2390云辰","110/07/09","元大-大里",63,6,57
"16178","2390云辰","110/07/09","凱基-台北",239,286,-47
"16179","2390云辰","110/07/09","凱基-八德",59,10,49
"16180","2390云辰","110/07/09","德信",2,32,-30
"16181","2390云辰","110/07/09","合庫-新竹",40,0,40
"16182","2390云辰","110/07/09","兆豐-桃鶯",2,32,-30
"16183","2390云辰","110/07/09","國票",40,1,39
"16184","2390云辰","110/07/09","致和-南京",0,30,-30
"16185","2390云辰","110/07/09","新加坡商瑞銀",49,13,36
"16186","2390云辰","110/07/09","富邦-虎尾",1,31,-30
"16187","2390云辰","110/07/09","統一-新台中",36,2,34
"16188","2390云辰","110/07/09","元大-善化",2,31,-29
"16189","2390云辰","110/07/09","國票-嘉義",31,0,31
"16190","2390云辰","110/07/09","富邦-板橋",0,27,-27
"16191","2390云辰","110/07/09","華南永昌",35,7,28
"16192","2390云辰","110/07/09","富邦-永和",3,28,-25
"16193","2390云辰","110/07/09","玉山-台中",49,22,27
"16194","2390云辰","110/07/09","第一金-自由",20,44,-24
"16195","2390云辰","110/07/09","華南永昌-敦南",25,0,25
"16196","2390云辰","110/07/09","凱基-內湖",0,24,-24
"16197","2390云辰","110/07/09","新光-高雄",27,4,23
"16198","2390云辰","110/07/09","元大-汐止",1,24,-23
"16199","2390云辰","110/07/09","台灣摩根士丹利",85,63,22
"16200","2390云辰","110/07/09","新光-台中",12,33,-21
"16201","4903聯光通","110/07/09","元大-敦南",10,0,10
"16202","4903聯光通","110/07/09","第一金-台中",0,12,-12
"16203","4903聯光通","110/07/09","凱基-士林",5,0,5
"16204","4903聯光通","110/07/09","日盛-忠孝",0,3,-3
"16205","4903聯光通","110/07/09","元大-苗栗",5,0,5
"16206","4903聯光通","110/07/09","群益金鼎-崇德",0,3,-3
"16207","4903聯光通","110/07/09","元大-屏南",3,0,3
"16208","4903聯光通","110/07/09","國票-內壢",0,2,-2
"16209","4903聯光通","110/07/09","中國信託-永康",1,0,1
"16210","4903聯光通","110/07/09","康和-南崁",0,2,-2
"16211","4903聯光通","110/07/09","玉山證券",1,0,1
"16212","4903聯光通","110/07/09","新光-台中",0,2,-2
"16213","4903聯光通","110/07/09","元大-太平",4,3,1
"16214","4903聯光通","110/07/09","玉山-城中",0,2,-2
"16215","4903聯光通","110/07/09","永豐金-嘉義",1,0,1
"16216","4903聯光通","110/07/09","中國信託-文心",0,1,-1
"16217","4903聯光通","110/07/09","大昌",0,0,0
"16218","4903聯光通","110/07/09","大昌",0,0,0
"16219","4903聯光通","110/07/09","中農",0,0,0
"16220","4903聯光通","110/07/09","中農",0,0,0
"16221","4903聯光通","110/07/09","",NA,NA,NA
"16222","4903聯光通","110/07/09","",NA,NA,NA
"16223","4903聯光通","110/07/09","",NA,NA,NA
"16224","4903聯光通","110/07/09","",NA,NA,NA
"16225","4903聯光通","110/07/09","",NA,NA,NA
"16226","4903聯光通","110/07/09","",NA,NA,NA
"16227","4903聯光通","110/07/09","",NA,NA,NA
"16228","4903聯光通","110/07/09","",NA,NA,NA
"16229","4903聯光通","110/07/09","",NA,NA,NA
"16230","4903聯光通","110/07/09","",NA,NA,NA
"16231","2929淘帝","110/07/09","台中銀-台北",110,0,110
"16232","2929淘帝","110/07/09","新光",2,82,-80
"16233","2929淘帝","110/07/09","華南永昌-頭份",72,0,72
"16234","2929淘帝","110/07/09","摩根大通",2,63,-61
"16235","2929淘帝","110/07/09","合庫-高雄",71,0,71
"16236","2929淘帝","110/07/09","第一金-路竹",0,50,-50
"16237","2929淘帝","110/07/09","高橋-龍潭",37,0,37
"16238","2929淘帝","110/07/09","港商麥格理",0,42,-42
"16239","2929淘帝","110/07/09","新光-台中",60,26,34
"16240","2929淘帝","110/07/09","陽信-石牌",0,40,-40
"16241","2929淘帝","110/07/09","元富-大裕",22,1,21
"16242","2929淘帝","110/07/09","台新-左楠",1,39,-38
"16243","2929淘帝","110/07/09","合庫-鳳山",20,0,20
"16244","2929淘帝","110/07/09","凱基-桃園",3,29,-26
"16245","2929淘帝","110/07/09","元大-員林",22,2,20
"16246","2929淘帝","110/07/09","兆豐-內湖",0,25,-25
"16247","2929淘帝","110/07/09","台新-建北",15,0,15
"16248","2929淘帝","110/07/09","元大-北港",0,20,-20
"16249","2929淘帝","110/07/09","兆豐-桃園",13,0,13
"16250","2929淘帝","110/07/09","富邦-北港",0,19,-19
"16251","2929淘帝","110/07/09","兆豐-忠孝",10,0,10
"16252","2929淘帝","110/07/09","富邦-花蓮",0,17,-17
"16253","2929淘帝","110/07/09","國票-敦北法人",10,0,10
"16254","2929淘帝","110/07/09","國泰-台中",2,17,-15
"16255","2929淘帝","110/07/09","永豐金-博愛",10,0,10
"16256","2929淘帝","110/07/09","群益金鼎-彰化",0,15,-15
"16257","2929淘帝","110/07/09","群益金鼎-潭子",8,0,8
"16258","2929淘帝","110/07/09","元大-博愛",0,14,-14
"16259","2929淘帝","110/07/09","富邦-南屯",8,0,8
"16260","2929淘帝","110/07/09","日盛-板橋",0,13,-13
"16261","5410國眾","110/07/09","元大-新盛",14,0,14
"16262","5410國眾","110/07/09","(牛牛牛)亞-鑫豐",1,41,-40
"16263","5410國眾","110/07/09","台灣企銀-民雄",10,0,10
"16264","5410國眾","110/07/09","元富-嘉義",0,25,-25
"16265","5410國眾","110/07/09","元富-虎尾",9,0,9
"16266","5410國眾","110/07/09","凱基-高美館",0,10,-10
"16267","5410國眾","110/07/09","摩根大通",10,1,9
"16268","5410國眾","110/07/09","凱基-城中",0,10,-10
"16269","5410國眾","110/07/09","兆豐-北高雄",7,0,7
"16270","5410國眾","110/07/09","元大-頭份",0,10,-10
"16271","5410國眾","110/07/09","凱基-台北",8,1,7
"16272","5410國眾","110/07/09","群益金鼎-丹鳳",0,7,-7
"16273","5410國眾","110/07/09","華南永昌-公誠",7,0,7
"16274","5410國眾","110/07/09","凱基-復興",0,7,-7
"16275","5410國眾","110/07/09","香港上海匯豐",6,0,6
"16276","5410國眾","110/07/09","元大-員林",0,7,-7
"16277","5410國眾","110/07/09","凱基-中壢",6,0,6
"16278","5410國眾","110/07/09","富邦-竹東",0,6,-6
"16279","5410國眾","110/07/09","華南永昌-南京",6,0,6
"16280","5410國眾","110/07/09","亞東-高雄",0,5,-5
"16281","5410國眾","110/07/09","統一-三重",5,0,5
"16282","5410國眾","110/07/09","大慶-中壢",1,6,-5
"16283","5410國眾","110/07/09","富邦-宜蘭",5,0,5
"16284","5410國眾","110/07/09","群益金鼎-中港",0,5,-5
"16285","5410國眾","110/07/09","元大-崇德",5,0,5
"16286","5410國眾","110/07/09","元大-八德",0,5,-5
"16287","5410國眾","110/07/09","元大-博愛",5,0,5
"16288","5410國眾","110/07/09","富邦-基隆",0,4,-4
"16289","5410國眾","110/07/09","元大-龍潭",5,0,5
"16290","5410國眾","110/07/09","臺銀-新竹",0,3,-3
"16291","2841台開","110/07/09","日盛-雙和",102,0,102
"16292","2841台開","110/07/09","港商野村",0,129,-129
"16293","2841台開","110/07/09","元大-館前",70,0,70
"16294","2841台開","110/07/09","兆豐-永和",0,100,-100
"16295","2841台開","110/07/09","凱基-文心",50,0,50
"16296","2841台開","110/07/09","台新證券",7,28,-21
"16297","2841台開","110/07/09","富邦-嘉義",40,0,40
"16298","2841台開","110/07/09","國票-北高雄",0,20,-20
"16299","2841台開","110/07/09","美商高盛",15,0,15
"16300","2841台開","110/07/09","永豐金-敦南",29,46,-17
"16301","2841台開","110/07/09","台中銀",15,0,15
"16302","2841台開","110/07/09","合庫-基隆",0,12,-12
"16303","2841台開","110/07/09","新光",11,0,11
"16304","2841台開","110/07/09","中國信託-松江",0,12,-12
"16305","2841台開","110/07/09","華南永昌-長虹",10,0,10
"16306","2841台開","110/07/09","兆豐-城中",0,12,-12
"16307","2841台開","110/07/09","永豐金-南投",10,0,10
"16308","2841台開","110/07/09","台中銀-豐原",0,10,-10
"16309","2841台開","110/07/09","合庫-桃園",7,0,7
"16310","2841台開","110/07/09","兆豐-景美",0,10,-10
"16311","2841台開","110/07/09","群益金鼎-古亭",7,0,7
"16312","2841台開","110/07/09","群益金鼎-基隆",0,10,-10
"16313","2841台開","110/07/09","國泰-敦南",6,0,6
"16314","2841台開","110/07/09","元大-北三重",0,10,-10
"16315","2841台開","110/07/09","凱基-桃園",8,2,6
"16316","2841台開","110/07/09","(牛牛牛)亞-網路",0,9,-9
"16317","2841台開","110/07/09","日盛證券",5,0,5
"16318","2841台開","110/07/09","台新-高雄",1,10,-9
"16319","2841台開","110/07/09","元富-文心",5,0,5
"16320","2841台開","110/07/09","凱基-台北",0,7,-7
"16321","6207雷科","110/07/09","群益金鼎-新竹",47,0,47
"16322","6207雷科","110/07/09","新光",7,24,-17
"16323","6207雷科","110/07/09","永豐金-三重",31,0,31
"16324","6207雷科","110/07/09","日盛-和美",0,15,-15
"16325","6207雷科","110/07/09","新加坡商瑞銀",33,5,28
"16326","6207雷科","110/07/09","國泰-台南",0,15,-15
"16327","6207雷科","110/07/09","元大-高雄",26,0,26
"16328","6207雷科","110/07/09","華南永昌-古亭",0,14,-14
"16329","6207雷科","110/07/09","統一-員林",22,0,22
"16330","6207雷科","110/07/09","土銀-白河",0,11,-11
"16331","6207雷科","110/07/09","台新-高雄",22,0,22
"16332","6207雷科","110/07/09","日盛-台南",0,10,-10
"16333","6207雷科","110/07/09","摩根大通",34,17,17
"16334","6207雷科","110/07/09","元富-林園",0,10,-10
"16335","6207雷科","110/07/09","元大-博愛",17,1,16
"16336","6207雷科","110/07/09","富邦-園區",0,10,-10
"16337","6207雷科","110/07/09","日茂-埔里",12,0,12
"16338","6207雷科","110/07/09","元大-上新莊",0,10,-10
"16339","6207雷科","110/07/09","國泰-台中",17,6,11
"16340","6207雷科","110/07/09","永豐金-南京",0,10,-10
"16341","6207雷科","110/07/09","富邦-三重",10,0,10
"16342","6207雷科","110/07/09","兆豐-小港",0,6,-6
"16343","6207雷科","110/07/09","元大-沙鹿",10,0,10
"16344","6207雷科","110/07/09","富邦-羅東",1,7,-6
"16345","6207雷科","110/07/09","元大-八德",10,0,10
"16346","6207雷科","110/07/09","元大-土城永寧",0,6,-6
"16347","6207雷科","110/07/09","第一金-路竹",11,2,9
"16348","6207雷科","110/07/09","永豐金-板盛",0,6,-6
"16349","6207雷科","110/07/09","統一-南京",5,0,5
"16350","6207雷科","110/07/09","日盛-板橋",0,5,-5
"16351","3679新至陞","110/07/09","元大-大天母",10,0,10
"16352","3679新至陞","110/07/09","第一金-光復",0,11,-11
"16353","3679新至陞","110/07/09","日盛-樹林",9,0,9
"16354","3679新至陞","110/07/09","瑞士信貸",0,8,-8
"16355","3679新至陞","110/07/09","凱基-台北",11,2,9
"16356","3679新至陞","110/07/09","大慶-苗栗",0,5,-5
"16357","3679新至陞","110/07/09","華南永昌-小港",8,0,8
"16358","3679新至陞","110/07/09","元大-永春",0,5,-5
"16359","3679新至陞","110/07/09","兆豐-來福",7,0,7
"16360","3679新至陞","110/07/09","日盛-和美",0,4,-4
"16361","3679新至陞","110/07/09","香港上海匯豐",5,0,5
"16362","3679新至陞","110/07/09","元大-雙和",0,3,-3
"16363","3679新至陞","110/07/09","台中銀-員林",3,0,3
"16364","3679新至陞","110/07/09","永豐金-屏東",0,3,-3
"16365","3679新至陞","110/07/09","新光",3,0,3
"16366","3679新至陞","110/07/09","彰銀",0,2,-2
"16367","3679新至陞","110/07/09","土銀-花蓮",2,0,2
"16368","3679新至陞","110/07/09","宏遠-館前",0,2,-2
"16369","3679新至陞","110/07/09","第一金-澎湖",2,0,2
"16370","3679新至陞","110/07/09","港商野村",0,2,-2
"16371","3679新至陞","110/07/09","摩根大通",2,0,2
"16372","3679新至陞","110/07/09","大昌-新店",0,2,-2
"16373","3679新至陞","110/07/09","國泰-敦南",2,0,2
"16374","3679新至陞","110/07/09","元大-新莊",0,2,-2
"16375","3679新至陞","110/07/09","元大-淡水",4,2,2
"16376","3679新至陞","110/07/09","元大-板橋",0,2,-2
"16377","3679新至陞","110/07/09","日盛-士林",1,0,1
"16378","3679新至陞","110/07/09","台灣摩根士丹利",0,1,-1
"16379","3679新至陞","110/07/09","日盛-信義",1,0,1
"16380","3679新至陞","110/07/09","第一金-高雄",0,1,-1
"16381","2727王品","110/07/09","台灣匯立證券",90,0,90
"16382","2727王品","110/07/09","台灣摩根士丹利",0,267,-267
"16383","2727王品","110/07/09","國泰-敦南",166,84,82
"16384","2727王品","110/07/09","富邦-台北",35,299,-264
"16385","2727王品","110/07/09","富邦-仁愛",56,12,44
"16386","2727王品","110/07/09","凱基-台北",174,296,-122
"16387","2727王品","110/07/09","台新證券",109,66,43
"16388","2727王品","110/07/09","第一金",2,102,-100
"16389","2727王品","110/07/09","新光",117,87,30
"16390","2727王品","110/07/09","群益金鼎-大安",0,80,-80
"16391","2727王品","110/07/09","臺銀-臺中",35,6,29
"16392","2727王品","110/07/09","兆豐-大安",7,60,-53
"16393","2727王品","110/07/09","元大-桃園",32,3,29
"16394","2727王品","110/07/09","永豐金-南投",0,50,-50
"16395","2727王品","110/07/09","元富-宜蘭",34,6,28
"16396","2727王品","110/07/09","新加坡商瑞銀",6,46,-40
"16397","2727王品","110/07/09","玉山-台中",34,8,26
"16398","2727王品","110/07/09","合庫-彰化",11,50,-39
"16399","2727王品","110/07/09","群益金鼎-宜蘭",30,4,26
"16400","2727王品","110/07/09","永豐金-萬盛",13,52,-39
"16401","2727王品","110/07/09","富邦-台中",42,16,26
"16402","2727王品","110/07/09","瑞士信貸",0,34,-34
"16403","2727王品","110/07/09","第一金-豐原",25,1,24
"16404","2727王品","110/07/09","元大-和平",4,35,-31
"16405","2727王品","110/07/09","臺銀",30,8,22
"16406","2727王品","110/07/09","美林",14,44,-30
"16407","2727王品","110/07/09","兆豐-來福",23,1,22
"16408","2727王品","110/07/09","元大-員林",9,38,-29
"16409","2727王品","110/07/09","玉山-士林",22,2,20
"16410","2727王品","110/07/09","元富-西松",4,31,-27
"16411","1570力肯","110/07/09","凱基-台北",30,1,29
"16412","1570力肯","110/07/09","群益金鼎-彰化",0,20,-20
"16413","1570力肯","110/07/09","新光-台南",20,0,20
"16414","1570力肯","110/07/09","元大-土城學府",0,20,-20
"16415","1570力肯","110/07/09","元大-高雄",20,0,20
"16416","1570力肯","110/07/09","元大-大統",0,16,-16
"16417","1570力肯","110/07/09","國票-中正",12,0,12
"16418","1570力肯","110/07/09","元大-新營",0,11,-11
"16419","1570力肯","110/07/09","日盛-高雄",6,0,6
"16420","1570力肯","110/07/09","元大-和平",0,10,-10
"16421","1570力肯","110/07/09","元富-緯城",6,0,6
"16422","1570力肯","110/07/09","元大-草屯",0,10,-10
"16423","1570力肯","110/07/09","群益金鼎-台南",6,0,6
"16424","1570力肯","110/07/09","元大-鹿港",0,9,-9
"16425","1570力肯","110/07/09","華南永昌-岡山",6,0,6
"16426","1570力肯","110/07/09","合庫-基隆",0,7,-7
"16427","1570力肯","110/07/09","統一-中壢",5,0,5
"16428","1570力肯","110/07/09","摩根大通",2,8,-6
"16429","1570力肯","110/07/09","凱基-三峽",5,0,5
"16430","1570力肯","110/07/09","台灣企銀-豐原",0,4,-4
"16431","1570力肯","110/07/09","大昌-樹林",4,0,4
"16432","1570力肯","110/07/09","日盛-桃園",0,4,-4
"16433","1570力肯","110/07/09","新光",3,0,3
"16434","1570力肯","110/07/09","國泰-高雄",0,3,-3
"16435","1570力肯","110/07/09","富邦-新竹華信",3,0,3
"16436","1570力肯","110/07/09","永豐金-敦南",0,3,-3
"16437","1570力肯","110/07/09","合庫-台中",2,0,2
"16438","1570力肯","110/07/09","土銀-彰化",0,2,-2
"16439","1570力肯","110/07/09","臺銀-臺中",2,0,2
"16440","1570力肯","110/07/09","臺銀-鳳山",0,2,-2
"16441","6180橘子","110/07/09","摩根大通",63,1,62
"16442","6180橘子","110/07/09","元大-南京",1,32,-31
"16443","6180橘子","110/07/09","富邦-陽明",73,33,40
"16444","6180橘子","110/07/09","群益金鼎-台北",0,25,-25
"16445","6180橘子","110/07/09","新加坡商瑞銀",31,0,31
"16446","6180橘子","110/07/09","兆豐-復興",0,21,-21
"16447","6180橘子","110/07/09","美商高盛",25,0,25
"16448","6180橘子","110/07/09","永豐金-嘉義",0,21,-21
"16449","6180橘子","110/07/09","凱基-台北",26,10,16
"16450","6180橘子","110/07/09","凱基-中壢",8,24,-16
"16451","6180橘子","110/07/09","華南永昌-楠梓",13,0,13
"16452","6180橘子","110/07/09","致和-崇德",0,15,-15
"16453","6180橘子","110/07/09","華南永昌-朴子",11,0,11
"16454","6180橘子","110/07/09","群益金鼎-屏東",0,15,-15
"16455","6180橘子","110/07/09","元大-北港",11,0,11
"16456","6180橘子","110/07/09","群益金鼎-中山",0,15,-15
"16457","6180橘子","110/07/09","元大-成功",10,1,9
"16458","6180橘子","110/07/09","瑞士信貸",1,15,-14
"16459","6180橘子","110/07/09","新光",26,18,8
"16460","6180橘子","110/07/09","日盛-二林",0,10,-10
"16461","6180橘子","110/07/09","統一-三重",6,0,6
"16462","6180橘子","110/07/09","凱基-東門",0,10,-10
"16463","6180橘子","110/07/09","群益金鼎-嘉義",6,0,6
"16464","6180橘子","110/07/09","華南永昌-三重",0,10,-10
"16465","6180橘子","110/07/09","元大-員林中山",6,0,6
"16466","6180橘子","110/07/09","元大-彰化民生",1,11,-10
"16467","6180橘子","110/07/09","合庫-鳳山",5,0,5
"16468","6180橘子","110/07/09","永豐金-新店",1,11,-10
"16469","6180橘子","110/07/09","富邦-建國",6,1,5
"16470","6180橘子","110/07/09","群益金鼎-丹鳳",0,8,-8
"16471","2390云辰","110/07/09","摩根大通",279,56,223
"16472","2390云辰","110/07/09","元大-天母",0,127,-127
"16473","2390云辰","110/07/09","日盛-鳳山",110,2,108
"16474","2390云辰","110/07/09","中國信託-文心",5,109,-104
"16475","2390云辰","110/07/09","宏遠證券",100,0,100
"16476","2390云辰","110/07/09","永豐金-復興",0,55,-55
"16477","2390云辰","110/07/09","元大-大里",63,6,57
"16478","2390云辰","110/07/09","凱基-台北",239,286,-47
"16479","2390云辰","110/07/09","凱基-八德",59,10,49
"16480","2390云辰","110/07/09","德信",2,32,-30
"16481","2390云辰","110/07/09","合庫-新竹",40,0,40
"16482","2390云辰","110/07/09","兆豐-桃鶯",2,32,-30
"16483","2390云辰","110/07/09","國票",40,1,39
"16484","2390云辰","110/07/09","致和-南京",0,30,-30
"16485","2390云辰","110/07/09","新加坡商瑞銀",49,13,36
"16486","2390云辰","110/07/09","富邦-虎尾",1,31,-30
"16487","2390云辰","110/07/09","統一-新台中",36,2,34
"16488","2390云辰","110/07/09","元大-善化",2,31,-29
"16489","2390云辰","110/07/09","國票-嘉義",31,0,31
"16490","2390云辰","110/07/09","富邦-板橋",0,27,-27
"16491","2390云辰","110/07/09","華南永昌",35,7,28
"16492","2390云辰","110/07/09","富邦-永和",3,28,-25
"16493","2390云辰","110/07/09","玉山-台中",49,22,27
"16494","2390云辰","110/07/09","第一金-自由",20,44,-24
"16495","2390云辰","110/07/09","華南永昌-敦南",25,0,25
"16496","2390云辰","110/07/09","凱基-內湖",0,24,-24
"16497","2390云辰","110/07/09","新光-高雄",27,4,23
"16498","2390云辰","110/07/09","元大-汐止",1,24,-23
"16499","2390云辰","110/07/09","台灣摩根士丹利",85,63,22
"16500","2390云辰","110/07/09","新光-台中",12,33,-21
"16501","4903聯光通","110/07/09","元大-敦南",10,0,10
"16502","4903聯光通","110/07/09","第一金-台中",0,12,-12
"16503","4903聯光通","110/07/09","凱基-士林",5,0,5
"16504","4903聯光通","110/07/09","日盛-忠孝",0,3,-3
"16505","4903聯光通","110/07/09","元大-苗栗",5,0,5
"16506","4903聯光通","110/07/09","群益金鼎-崇德",0,3,-3
"16507","4903聯光通","110/07/09","元大-屏南",3,0,3
"16508","4903聯光通","110/07/09","國票-內壢",0,2,-2
"16509","4903聯光通","110/07/09","中國信託-永康",1,0,1
"16510","4903聯光通","110/07/09","康和-南崁",0,2,-2
"16511","4903聯光通","110/07/09","玉山證券",1,0,1
"16512","4903聯光通","110/07/09","新光-台中",0,2,-2
"16513","4903聯光通","110/07/09","元大-太平",4,3,1
"16514","4903聯光通","110/07/09","玉山-城中",0,2,-2
"16515","4903聯光通","110/07/09","永豐金-嘉義",1,0,1
"16516","4903聯光通","110/07/09","中國信託-文心",0,1,-1
"16517","4903聯光通","110/07/09","大昌",0,0,0
"16518","4903聯光通","110/07/09","大昌",0,0,0
"16519","4903聯光通","110/07/09","中農",0,0,0
"16520","4903聯光通","110/07/09","中農",0,0,0
"16521","2929淘帝","110/07/09","台中銀-台北",110,0,110
"16522","2929淘帝","110/07/09","新光",2,82,-80
"16523","2929淘帝","110/07/09","華南永昌-頭份",72,0,72
"16524","2929淘帝","110/07/09","摩根大通",2,63,-61
"16525","2929淘帝","110/07/09","合庫-高雄",71,0,71
"16526","2929淘帝","110/07/09","第一金-路竹",0,50,-50
"16527","2929淘帝","110/07/09","高橋-龍潭",37,0,37
"16528","2929淘帝","110/07/09","港商麥格理",0,42,-42
"16529","2929淘帝","110/07/09","新光-台中",60,26,34
"16530","2929淘帝","110/07/09","陽信-石牌",0,40,-40
"16531","2929淘帝","110/07/09","元富-大裕",22,1,21
"16532","2929淘帝","110/07/09","台新-左楠",1,39,-38
"16533","2929淘帝","110/07/09","合庫-鳳山",20,0,20
"16534","2929淘帝","110/07/09","凱基-桃園",3,29,-26
"16535","2929淘帝","110/07/09","元大-員林",22,2,20
"16536","2929淘帝","110/07/09","兆豐-內湖",0,25,-25
"16537","2929淘帝","110/07/09","台新-建北",15,0,15
"16538","2929淘帝","110/07/09","元大-北港",0,20,-20
"16539","2929淘帝","110/07/09","兆豐-桃園",13,0,13
"16540","2929淘帝","110/07/09","富邦-北港",0,19,-19
"16541","2929淘帝","110/07/09","兆豐-忠孝",10,0,10
"16542","2929淘帝","110/07/09","富邦-花蓮",0,17,-17
"16543","2929淘帝","110/07/09","國票-敦北法人",10,0,10
"16544","2929淘帝","110/07/09","國泰-台中",2,17,-15
"16545","2929淘帝","110/07/09","永豐金-博愛",10,0,10
"16546","2929淘帝","110/07/09","群益金鼎-彰化",0,15,-15
"16547","2929淘帝","110/07/09","群益金鼎-潭子",8,0,8
"16548","2929淘帝","110/07/09","元大-博愛",0,14,-14
"16549","2929淘帝","110/07/09","富邦-南屯",8,0,8
"16550","2929淘帝","110/07/09","日盛-板橋",0,13,-13
"16551","5410國眾","110/07/09","元大-新盛",14,0,14
"16552","5410國眾","110/07/09","(牛牛牛)亞-鑫豐",1,41,-40
"16553","5410國眾","110/07/09","台灣企銀-民雄",10,0,10
"16554","5410國眾","110/07/09","元富-嘉義",0,25,-25
"16555","5410國眾","110/07/09","元富-虎尾",9,0,9
"16556","5410國眾","110/07/09","凱基-高美館",0,10,-10
"16557","5410國眾","110/07/09","摩根大通",10,1,9
"16558","5410國眾","110/07/09","凱基-城中",0,10,-10
"16559","5410國眾","110/07/09","兆豐-北高雄",7,0,7
"16560","5410國眾","110/07/09","元大-頭份",0,10,-10
"16561","5410國眾","110/07/09","凱基-台北",8,1,7
"16562","5410國眾","110/07/09","群益金鼎-丹鳳",0,7,-7
"16563","5410國眾","110/07/09","華南永昌-公誠",7,0,7
"16564","5410國眾","110/07/09","凱基-復興",0,7,-7
"16565","5410國眾","110/07/09","香港上海匯豐",6,0,6
"16566","5410國眾","110/07/09","元大-員林",0,7,-7
"16567","5410國眾","110/07/09","凱基-中壢",6,0,6
"16568","5410國眾","110/07/09","富邦-竹東",0,6,-6
"16569","5410國眾","110/07/09","華南永昌-南京",6,0,6
"16570","5410國眾","110/07/09","亞東-高雄",0,5,-5
"16571","5410國眾","110/07/09","統一-三重",5,0,5
"16572","5410國眾","110/07/09","大慶-中壢",1,6,-5
"16573","5410國眾","110/07/09","富邦-宜蘭",5,0,5
"16574","5410國眾","110/07/09","群益金鼎-中港",0,5,-5
"16575","5410國眾","110/07/09","元大-崇德",5,0,5
"16576","5410國眾","110/07/09","元大-八德",0,5,-5
"16577","5410國眾","110/07/09","元大-博愛",5,0,5
"16578","5410國眾","110/07/09","富邦-基隆",0,4,-4
"16579","5410國眾","110/07/09","元大-龍潭",5,0,5
"16580","5410國眾","110/07/09","臺銀-新竹",0,3,-3
"16581","2841台開","110/07/09","日盛-雙和",102,0,102
"16582","2841台開","110/07/09","港商野村",0,129,-129
"16583","2841台開","110/07/09","元大-館前",70,0,70
"16584","2841台開","110/07/09","兆豐-永和",0,100,-100
"16585","2841台開","110/07/09","凱基-文心",50,0,50
"16586","2841台開","110/07/09","台新證券",7,28,-21
"16587","2841台開","110/07/09","富邦-嘉義",40,0,40
"16588","2841台開","110/07/09","國票-北高雄",0,20,-20
"16589","2841台開","110/07/09","美商高盛",15,0,15
"16590","2841台開","110/07/09","永豐金-敦南",29,46,-17
"16591","2841台開","110/07/09","台中銀",15,0,15
"16592","2841台開","110/07/09","合庫-基隆",0,12,-12
"16593","2841台開","110/07/09","新光",11,0,11
"16594","2841台開","110/07/09","中國信託-松江",0,12,-12
"16595","2841台開","110/07/09","華南永昌-長虹",10,0,10
"16596","2841台開","110/07/09","兆豐-城中",0,12,-12
"16597","2841台開","110/07/09","永豐金-南投",10,0,10
"16598","2841台開","110/07/09","台中銀-豐原",0,10,-10
"16599","2841台開","110/07/09","合庫-桃園",7,0,7
"16600","2841台開","110/07/09","兆豐-景美",0,10,-10
"16601","2841台開","110/07/09","群益金鼎-古亭",7,0,7
"16602","2841台開","110/07/09","群益金鼎-基隆",0,10,-10
"16603","2841台開","110/07/09","國泰-敦南",6,0,6
"16604","2841台開","110/07/09","元大-北三重",0,10,-10
"16605","2841台開","110/07/09","凱基-桃園",8,2,6
"16606","2841台開","110/07/09","(牛牛牛)亞-網路",0,9,-9
"16607","2841台開","110/07/09","日盛證券",5,0,5
"16608","2841台開","110/07/09","台新-高雄",1,10,-9
"16609","2841台開","110/07/09","元富-文心",5,0,5
"16610","2841台開","110/07/09","凱基-台北",0,7,-7
"16611","6207雷科","110/07/09","群益金鼎-新竹",47,0,47
"16612","6207雷科","110/07/09","新光",7,24,-17
"16613","6207雷科","110/07/09","永豐金-三重",31,0,31
"16614","6207雷科","110/07/09","日盛-和美",0,15,-15
"16615","6207雷科","110/07/09","新加坡商瑞銀",33,5,28
"16616","6207雷科","110/07/09","國泰-台南",0,15,-15
"16617","6207雷科","110/07/09","元大-高雄",26,0,26
"16618","6207雷科","110/07/09","華南永昌-古亭",0,14,-14
"16619","6207雷科","110/07/09","統一-員林",22,0,22
"16620","6207雷科","110/07/09","土銀-白河",0,11,-11
"16621","6207雷科","110/07/09","台新-高雄",22,0,22
"16622","6207雷科","110/07/09","日盛-台南",0,10,-10
"16623","6207雷科","110/07/09","摩根大通",34,17,17
"16624","6207雷科","110/07/09","元富-林園",0,10,-10
"16625","6207雷科","110/07/09","元大-博愛",17,1,16
"16626","6207雷科","110/07/09","富邦-園區",0,10,-10
"16627","6207雷科","110/07/09","日茂-埔里",12,0,12
"16628","6207雷科","110/07/09","元大-上新莊",0,10,-10
"16629","6207雷科","110/07/09","國泰-台中",17,6,11
"16630","6207雷科","110/07/09","永豐金-南京",0,10,-10
"16631","6207雷科","110/07/09","富邦-三重",10,0,10
"16632","6207雷科","110/07/09","兆豐-小港",0,6,-6
"16633","6207雷科","110/07/09","元大-沙鹿",10,0,10
"16634","6207雷科","110/07/09","富邦-羅東",1,7,-6
"16635","6207雷科","110/07/09","元大-八德",10,0,10
"16636","6207雷科","110/07/09","元大-土城永寧",0,6,-6
"16637","6207雷科","110/07/09","第一金-路竹",11,2,9
"16638","6207雷科","110/07/09","永豐金-板盛",0,6,-6
"16639","6207雷科","110/07/09","統一-南京",5,0,5
"16640","6207雷科","110/07/09","日盛-板橋",0,5,-5
"16641","3679新至陞","110/07/09","元大-大天母",10,0,10
"16642","3679新至陞","110/07/09","第一金-光復",0,11,-11
"16643","3679新至陞","110/07/09","日盛-樹林",9,0,9
"16644","3679新至陞","110/07/09","瑞士信貸",0,8,-8
"16645","3679新至陞","110/07/09","凱基-台北",11,2,9
"16646","3679新至陞","110/07/09","大慶-苗栗",0,5,-5
"16647","3679新至陞","110/07/09","華南永昌-小港",8,0,8
"16648","3679新至陞","110/07/09","元大-永春",0,5,-5
"16649","3679新至陞","110/07/09","兆豐-來福",7,0,7
"16650","3679新至陞","110/07/09","日盛-和美",0,4,-4
"16651","3679新至陞","110/07/09","香港上海匯豐",5,0,5
"16652","3679新至陞","110/07/09","元大-雙和",0,3,-3
"16653","3679新至陞","110/07/09","台中銀-員林",3,0,3
"16654","3679新至陞","110/07/09","永豐金-屏東",0,3,-3
"16655","3679新至陞","110/07/09","新光",3,0,3
"16656","3679新至陞","110/07/09","彰銀",0,2,-2
"16657","3679新至陞","110/07/09","土銀-花蓮",2,0,2
"16658","3679新至陞","110/07/09","宏遠-館前",0,2,-2
"16659","3679新至陞","110/07/09","第一金-澎湖",2,0,2
"16660","3679新至陞","110/07/09","港商野村",0,2,-2
"16661","3679新至陞","110/07/09","摩根大通",2,0,2
"16662","3679新至陞","110/07/09","大昌-新店",0,2,-2
"16663","3679新至陞","110/07/09","國泰-敦南",2,0,2
"16664","3679新至陞","110/07/09","元大-新莊",0,2,-2
"16665","3679新至陞","110/07/09","元大-淡水",4,2,2
"16666","3679新至陞","110/07/09","元大-板橋",0,2,-2
"16667","3679新至陞","110/07/09","日盛-士林",1,0,1
"16668","3679新至陞","110/07/09","台灣摩根士丹利",0,1,-1
"16669","3679新至陞","110/07/09","日盛-信義",1,0,1
"16670","3679新至陞","110/07/09","第一金-高雄",0,1,-1
"16671","2727王品","110/07/09","台灣匯立證券",90,0,90
"16672","2727王品","110/07/09","台灣摩根士丹利",0,267,-267
"16673","2727王品","110/07/09","國泰-敦南",166,84,82
"16674","2727王品","110/07/09","富邦-台北",35,299,-264
"16675","2727王品","110/07/09","富邦-仁愛",56,12,44
"16676","2727王品","110/07/09","凱基-台北",174,296,-122
"16677","2727王品","110/07/09","台新證券",109,66,43
"16678","2727王品","110/07/09","第一金",2,102,-100
"16679","2727王品","110/07/09","新光",117,87,30
"16680","2727王品","110/07/09","群益金鼎-大安",0,80,-80
"16681","2727王品","110/07/09","臺銀-臺中",35,6,29
"16682","2727王品","110/07/09","兆豐-大安",7,60,-53
"16683","2727王品","110/07/09","元大-桃園",32,3,29
"16684","2727王品","110/07/09","永豐金-南投",0,50,-50
"16685","2727王品","110/07/09","元富-宜蘭",34,6,28
"16686","2727王品","110/07/09","新加坡商瑞銀",6,46,-40
"16687","2727王品","110/07/09","玉山-台中",34,8,26
"16688","2727王品","110/07/09","合庫-彰化",11,50,-39
"16689","2727王品","110/07/09","群益金鼎-宜蘭",30,4,26
"16690","2727王品","110/07/09","永豐金-萬盛",13,52,-39
"16691","2727王品","110/07/09","富邦-台中",42,16,26
"16692","2727王品","110/07/09","瑞士信貸",0,34,-34
"16693","2727王品","110/07/09","第一金-豐原",25,1,24
"16694","2727王品","110/07/09","元大-和平",4,35,-31
"16695","2727王品","110/07/09","臺銀",30,8,22
"16696","2727王品","110/07/09","美林",14,44,-30
"16697","2727王品","110/07/09","兆豐-來福",23,1,22
"16698","2727王品","110/07/09","元大-員林",9,38,-29
"16699","2727王品","110/07/09","玉山-士林",22,2,20
"16700","2727王品","110/07/09","元富-西松",4,31,-27
"16701","1570力肯","110/07/09","凱基-台北",30,1,29
"16702","1570力肯","110/07/09","群益金鼎-彰化",0,20,-20
"16703","1570力肯","110/07/09","新光-台南",20,0,20
"16704","1570力肯","110/07/09","元大-土城學府",0,20,-20
"16705","1570力肯","110/07/09","元大-高雄",20,0,20
"16706","1570力肯","110/07/09","元大-大統",0,16,-16
"16707","1570力肯","110/07/09","國票-中正",12,0,12
"16708","1570力肯","110/07/09","元大-新營",0,11,-11
"16709","1570力肯","110/07/09","日盛-高雄",6,0,6
"16710","1570力肯","110/07/09","元大-和平",0,10,-10
"16711","1570力肯","110/07/09","元富-緯城",6,0,6
"16712","1570力肯","110/07/09","元大-草屯",0,10,-10
"16713","1570力肯","110/07/09","群益金鼎-台南",6,0,6
"16714","1570力肯","110/07/09","元大-鹿港",0,9,-9
"16715","1570力肯","110/07/09","華南永昌-岡山",6,0,6
"16716","1570力肯","110/07/09","合庫-基隆",0,7,-7
"16717","1570力肯","110/07/09","統一-中壢",5,0,5
"16718","1570力肯","110/07/09","摩根大通",2,8,-6
"16719","1570力肯","110/07/09","凱基-三峽",5,0,5
"16720","1570力肯","110/07/09","台灣企銀-豐原",0,4,-4
"16721","1570力肯","110/07/09","大昌-樹林",4,0,4
"16722","1570力肯","110/07/09","日盛-桃園",0,4,-4
"16723","1570力肯","110/07/09","新光",3,0,3
"16724","1570力肯","110/07/09","國泰-高雄",0,3,-3
"16725","1570力肯","110/07/09","富邦-新竹華信",3,0,3
"16726","1570力肯","110/07/09","永豐金-敦南",0,3,-3
"16727","1570力肯","110/07/09","合庫-台中",2,0,2
"16728","1570力肯","110/07/09","土銀-彰化",0,2,-2
"16729","1570力肯","110/07/09","臺銀-臺中",2,0,2
"16730","1570力肯","110/07/09","臺銀-鳳山",0,2,-2
"16731","6180橘子","110/07/09","摩根大通",63,1,62
"16732","6180橘子","110/07/09","元大-南京",1,32,-31
"16733","6180橘子","110/07/09","富邦-陽明",73,33,40
"16734","6180橘子","110/07/09","群益金鼎-台北",0,25,-25
"16735","6180橘子","110/07/09","新加坡商瑞銀",31,0,31
"16736","6180橘子","110/07/09","兆豐-復興",0,21,-21
"16737","6180橘子","110/07/09","美商高盛",25,0,25
"16738","6180橘子","110/07/09","永豐金-嘉義",0,21,-21
"16739","6180橘子","110/07/09","凱基-台北",26,10,16
"16740","6180橘子","110/07/09","凱基-中壢",8,24,-16
"16741","6180橘子","110/07/09","華南永昌-楠梓",13,0,13
"16742","6180橘子","110/07/09","致和-崇德",0,15,-15
"16743","6180橘子","110/07/09","華南永昌-朴子",11,0,11
"16744","6180橘子","110/07/09","群益金鼎-屏東",0,15,-15
"16745","6180橘子","110/07/09","元大-北港",11,0,11
"16746","6180橘子","110/07/09","群益金鼎-中山",0,15,-15
"16747","6180橘子","110/07/09","元大-成功",10,1,9
"16748","6180橘子","110/07/09","瑞士信貸",1,15,-14
"16749","6180橘子","110/07/09","新光",26,18,8
"16750","6180橘子","110/07/09","日盛-二林",0,10,-10
"16751","6180橘子","110/07/09","統一-三重",6,0,6
"16752","6180橘子","110/07/09","凱基-東門",0,10,-10
"16753","6180橘子","110/07/09","群益金鼎-嘉義",6,0,6
"16754","6180橘子","110/07/09","華南永昌-三重",0,10,-10
"16755","6180橘子","110/07/09","元大-員林中山",6,0,6
"16756","6180橘子","110/07/09","元大-彰化民生",1,11,-10
"16757","6180橘子","110/07/09","合庫-鳳山",5,0,5
"16758","6180橘子","110/07/09","永豐金-新店",1,11,-10
"16759","6180橘子","110/07/09","富邦-建國",6,1,5
"16760","6180橘子","110/07/09","群益金鼎-丹鳳",0,8,-8
"16761","2390云辰","110/07/09","摩根大通",279,56,223
"16762","2390云辰","110/07/09","元大-天母",0,127,-127
"16763","2390云辰","110/07/09","日盛-鳳山",110,2,108
"16764","2390云辰","110/07/09","中國信託-文心",5,109,-104
"16765","2390云辰","110/07/09","宏遠證券",100,0,100
"16766","2390云辰","110/07/09","永豐金-復興",0,55,-55
"16767","2390云辰","110/07/09","元大-大里",63,6,57
"16768","2390云辰","110/07/09","凱基-台北",239,286,-47
"16769","2390云辰","110/07/09","凱基-八德",59,10,49
"16770","2390云辰","110/07/09","德信",2,32,-30
"16771","2390云辰","110/07/09","合庫-新竹",40,0,40
"16772","2390云辰","110/07/09","兆豐-桃鶯",2,32,-30
"16773","2390云辰","110/07/09","國票",40,1,39
"16774","2390云辰","110/07/09","致和-南京",0,30,-30
"16775","2390云辰","110/07/09","新加坡商瑞銀",49,13,36
"16776","2390云辰","110/07/09","富邦-虎尾",1,31,-30
"16777","2390云辰","110/07/09","統一-新台中",36,2,34
"16778","2390云辰","110/07/09","元大-善化",2,31,-29
"16779","2390云辰","110/07/09","國票-嘉義",31,0,31
"16780","2390云辰","110/07/09","富邦-板橋",0,27,-27
"16781","2390云辰","110/07/09","華南永昌",35,7,28
"16782","2390云辰","110/07/09","富邦-永和",3,28,-25
"16783","2390云辰","110/07/09","玉山-台中",49,22,27
"16784","2390云辰","110/07/09","第一金-自由",20,44,-24
"16785","2390云辰","110/07/09","華南永昌-敦南",25,0,25
"16786","2390云辰","110/07/09","凱基-內湖",0,24,-24
"16787","2390云辰","110/07/09","新光-高雄",27,4,23
"16788","2390云辰","110/07/09","元大-汐止",1,24,-23
"16789","2390云辰","110/07/09","台灣摩根士丹利",85,63,22
"16790","2390云辰","110/07/09","新光-台中",12,33,-21
"16791","4903聯光通","110/07/08","元富-新興",18,0,18
"16792","4903聯光通","110/07/08","中國信託-中壢",0,14,-14
"16793","4903聯光通","110/07/08","元大-苗栗",9,0,9
"16794","4903聯光通","110/07/08","彰銀",0,7,-7
"16795","4903聯光通","110/07/08","兆豐-鹿港",3,0,3
"16796","4903聯光通","110/07/08","中國信託-松江",0,5,-5
"16797","4903聯光通","110/07/08","群益金鼎-萬華",2,0,2
"16798","4903聯光通","110/07/08","光和",0,2,-2
"16799","4903聯光通","110/07/08","元大-屏南",1,0,1
"16800","4903聯光通","110/07/08","元大-鶯歌",0,2,-2
"16801","4903聯光通","110/07/08","華南永昌-新莊",0,0,0
"16802","4903聯光通","110/07/08","群益金鼎-館前",0,1,-1
"16803","4903聯光通","110/07/08","元大-羅東",0,0,0
"16804","4903聯光通","110/07/08","華南永昌",0,1,-1
"16805","4903聯光通","110/07/08","元大-太平",2,3,-1
"16806","4903聯光通","110/07/08","華南永昌-新莊",0,0,0
"16807","4903聯光通","110/07/08","元大-羅東",0,0,0
"16808","2929淘帝","110/07/08","日盛-園區",90,6,84
"16809","2929淘帝","110/07/08","元大-太平",1,111,-110
"16810","2929淘帝","110/07/08","華南永昌-頭份",54,0,54
"16811","2929淘帝","110/07/08","港商野村",31,106,-75
"16812","2929淘帝","110/07/08","美商高盛",50,0,50
"16813","2929淘帝","110/07/08","凱基-板橋",62,111,-49
"16814","2929淘帝","110/07/08","台中銀-台北",50,0,50
"16815","2929淘帝","110/07/08","新光-台中",30,78,-48
"16816","2929淘帝","110/07/08","臺銀-臺南",30,0,30
"16817","2929淘帝","110/07/08","元富-永和",1,41,-40
"16818","2929淘帝","110/07/08","永豐金-大園",42,12,30
"16819","2929淘帝","110/07/08","永豐金-鳳山",0,28,-28
"16820","2929淘帝","110/07/08","元富-三重",30,1,29
"16821","2929淘帝","110/07/08","元大-南崁",0,26,-26
"16822","2929淘帝","110/07/08","兆豐-桃鶯",29,0,29
"16823","2929淘帝","110/07/08","元大-花蓮",2,27,-25
"16824","2929淘帝","110/07/08","元大-承德",20,3,17
"16825","2929淘帝","110/07/08","元大-府城",0,24,-24
"16826","2929淘帝","110/07/08","新光-新竹",13,0,13
"16827","2929淘帝","110/07/08","新光",21,43,-22
"16828","2929淘帝","110/07/08","富邦-內湖",13,0,13
"16829","2929淘帝","110/07/08","臺銀-民權",0,20,-20
"16830","2929淘帝","110/07/08","國泰-板橋",13,1,12
"16831","2929淘帝","110/07/08","摩根大通",66,84,-18
"16832","2929淘帝","110/07/08","第一金-大稻埕",10,0,10
"16833","2929淘帝","110/07/08","凱基-台北",0,17,-17
"16834","2929淘帝","110/07/08","統一-汐止",10,0,10
"16835","2929淘帝","110/07/08","元大-博愛",6,23,-17
"16836","2929淘帝","110/07/08","元富-大裕",10,0,10
"16837","2929淘帝","110/07/08","永豐金-桃盛",0,16,-16
"16838","5410國眾","110/07/08","元大-新盛",15,0,15
"16839","5410國眾","110/07/08","元大-旗山",0,50,-50
"16840","5410國眾","110/07/08","元大-屏南",10,0,10
"16841","5410國眾","110/07/08","元大-頭份",0,14,-14
"16842","5410國眾","110/07/08","元大-成功",10,0,10
"16843","5410國眾","110/07/08","國泰-高雄",0,8,-8
"16844","5410國眾","110/07/08","元大-東泰",7,0,7
"16845","5410國眾","110/07/08","元大-小港",0,7,-7
"16846","5410國眾","110/07/08","富邦-陽明",6,0,6
"16847","5410國眾","110/07/08","統一-嘉義",0,5,-5
"16848","5410國眾","110/07/08","臺銀-金山",5,0,5
"16849","5410國眾","110/07/08","兆豐-台中港",0,5,-5
"16850","5410國眾","110/07/08","日盛-員林",5,0,5
"16851","5410國眾","110/07/08","凱基-屏東",0,5,-5
"16852","5410國眾","110/07/08","摩根大通",5,0,5
"16853","5410國眾","110/07/08","元大-八德",0,5,-5
"16854","5410國眾","110/07/08","富邦-桃園",5,0,5
"16855","5410國眾","110/07/08","元富-嘉義",0,4,-4
"16856","5410國眾","110/07/08","元富-大昌",4,0,4
"16857","5410國眾","110/07/08","玉山-雙和",0,4,-4
"16858","5410國眾","110/07/08","台新-台中",4,0,4
"16859","5410國眾","110/07/08","凱基-高美館",1,5,-4
"16860","5410國眾","110/07/08","華南永昌-小港",5,1,4
"16861","5410國眾","110/07/08","統一-員林",0,3,-3
"16862","5410國眾","110/07/08","元大-新竹",5,1,4
"16863","5410國眾","110/07/08","臺銀-鳳山",0,2,-2
"16864","5410國眾","110/07/08","元大-土城學府",4,0,4
"16865","5410國眾","110/07/08","亞東",0,2,-2
"16866","5410國眾","110/07/08","元大-新莊",4,0,4
"16867","5410國眾","110/07/08","新光",0,2,-2
"16868","2841台開","110/07/08","元大-樹林",653,0,653
"16869","2841台開","110/07/08","港商野村",0,868,-868
"16870","2841台開","110/07/08","台新證券",115,0,115
"16871","2841台開","110/07/08","群益金鼎-忠孝",0,100,-100
"16872","2841台開","110/07/08","永豐金-豐原",105,0,105
"16873","2841台開","110/07/08","宏遠-高雄",0,56,-56
"16874","2841台開","110/07/08","元富-新興",100,0,100
"16875","2841台開","110/07/08","新光",3,38,-35
"16876","2841台開","110/07/08","凱基-文心",50,0,50
"16877","2841台開","110/07/08","花旗環球",0,29,-29
"16878","2841台開","110/07/08","元大-八德",40,0,40
"16879","2841台開","110/07/08","富邦-仁愛",2,30,-28
"16880","2841台開","110/07/08","日盛-雙和",30,0,30
"16881","2841台開","110/07/08","元富-潮州",0,24,-24
"16882","2841台開","110/07/08","統一-竹南",30,0,30
"16883","2841台開","110/07/08","元大-沙鹿",0,20,-20
"16884","2841台開","110/07/08","凱基-台南",30,0,30
"16885","2841台開","110/07/08","元大-汐止",0,20,-20
"16886","2841台開","110/07/08","元大-福營",30,0,30
"16887","2841台開","110/07/08","合庫-嘉義",2,20,-18
"16888","2841台開","110/07/08","合庫-台中",22,0,22
"16889","2841台開","110/07/08","國泰-敦南",3,21,-18
"16890","2841台開","110/07/08","大昌-安康",28,10,18
"16891","2841台開","110/07/08","日盛-竹北",0,15,-15
"16892","2841台開","110/07/08","元大-斗信",15,0,15
"16893","2841台開","110/07/08","元大-三重",0,15,-15
"16894","2841台開","110/07/08","富邦-台北",13,0,13
"16895","2841台開","110/07/08","永豐金-敦南",45,60,-15
"16896","2841台開","110/07/08","合庫-桃園",10,0,10
"16897","2841台開","110/07/08","(牛牛牛)亞-網路",0,12,-12
"16898","6207雷科","110/07/08","台新-高雄",54,2,52
"16899","6207雷科","110/07/08","群益金鼎-丹鳳",0,60,-60
"16900","6207雷科","110/07/08","新光-台中",18,0,18
"16901","6207雷科","110/07/08","元大-頭份",1,56,-55
"16902","6207雷科","110/07/08","日盛-嘉義",16,0,16
"16903","6207雷科","110/07/08","國票-中和",0,30,-30
"16904","6207雷科","110/07/08","合庫-鳳山",15,0,15
"16905","6207雷科","110/07/08","凱基-台北",1,29,-28
"16906","6207雷科","110/07/08","臺銀-臺中",12,0,12
"16907","6207雷科","110/07/08","兆豐-板橋",0,25,-25
"16908","6207雷科","110/07/08","群益金鼎-土城",12,0,12
"16909","6207雷科","110/07/08","凱基-城中",4,25,-21
"16910","6207雷科","110/07/08","新光",25,14,11
"16911","6207雷科","110/07/08","日進",0,20,-20
"16912","6207雷科","110/07/08","凱基-中壢",11,0,11
"16913","6207雷科","110/07/08","台新證券",3,20,-17
"16914","6207雷科","110/07/08","台灣企銀",10,0,10
"16915","6207雷科","110/07/08","群益金鼎-中山",0,16,-16
"16916","6207雷科","110/07/08","第一金-新興",11,1,10
"16917","6207雷科","110/07/08","元大-東門",0,16,-16
"16918","6207雷科","110/07/08","元富-吉利",10,0,10
"16919","6207雷科","110/07/08","群益金鼎-大甲",0,13,-13
"16920","6207雷科","110/07/08","光和-和美",10,0,10
"16921","6207雷科","110/07/08","日盛-板橋",0,10,-10
"16922","6207雷科","110/07/08","永豐金-南京",10,0,10
"16923","6207雷科","110/07/08","日盛-中壢",0,10,-10
"16924","6207雷科","110/07/08","土銀",8,0,8
"16925","6207雷科","110/07/08","摩根大通",125,135,-10
"16926","6207雷科","110/07/08","中國信託-高雄",8,0,8
"16927","6207雷科","110/07/08","凱基-五股",0,10,-10
"16928","3679新至陞","110/07/08","華南永昌-台中",17,0,17
"16929","3679新至陞","110/07/08","大慶-蘆洲",0,10,-10
"16930","3679新至陞","110/07/08","國泰-桃園",6,0,6
"16931","3679新至陞","110/07/08","華南永昌-小港",0,7,-7
"16932","3679新至陞","110/07/08","元大-永春",6,0,6
"16933","3679新至陞","110/07/08","國泰-館前",0,3,-3
"16934","3679新至陞","110/07/08","香港上海匯豐",4,0,4
"16935","3679新至陞","110/07/08","元大-板橋",0,3,-3
"16936","3679新至陞","110/07/08","中國信託-新竹",3,0,3
"16937","3679新至陞","110/07/08","港商法國興業",0,2,-2
"16938","3679新至陞","110/07/08","國票-敦北法人",3,0,3
"16939","3679新至陞","110/07/08","第一金-忠孝",0,2,-2
"16940","3679新至陞","110/07/08","群益金鼎-台南",2,0,2
"16941","3679新至陞","110/07/08","元富-古亭",0,2,-2
"16942","3679新至陞","110/07/08","凱基",2,0,2
"16943","3679新至陞","110/07/08","摩根大通",1,3,-2
"16944","3679新至陞","110/07/08","凱基-台北",6,4,2
"16945","3679新至陞","110/07/08","富邦-板橋",0,2,-2
"16946","3679新至陞","110/07/08","日盛-信義",1,0,1
"16947","3679新至陞","110/07/08","元大-文心興安",0,2,-2
"16948","3679新至陞","110/07/08","日盛-新莊",1,0,1
"16949","3679新至陞","110/07/08","臺銀-高雄",0,1,-1
"16950","3679新至陞","110/07/08","大慶",1,0,1
"16951","3679新至陞","110/07/08","日盛-高雄",0,1,-1
"16952","3679新至陞","110/07/08","兆豐-三重",1,0,1
"16953","3679新至陞","110/07/08","日盛-文化",0,1,-1
"16954","3679新至陞","110/07/08","致和-東門",1,0,1
"16955","3679新至陞","110/07/08","美商高盛",0,1,-1
"16956","3679新至陞","110/07/08","台新證券",1,0,1
"16957","3679新至陞","110/07/08","瑞士信貸",0,1,-1
"16958","2727王品","110/07/08","群益金鼎-大安",80,0,80
"16959","2727王品","110/07/08","台灣摩根士丹利",1,300,-299
"16960","2727王品","110/07/08","富邦-台北",237,165,72
"16961","2727王品","110/07/08","元大證券",173,439,-266
"16962","2727王品","110/07/08","永豐金-萬盛",55,5,50
"16963","2727王品","110/07/08","統一",33,200,-167
"16964","2727王品","110/07/08","永豐金-南投",53,10,43
"16965","2727王品","110/07/08","凱基-台北",476,615,-139
"16966","2727王品","110/07/08","國泰-敦南",190,148,42
"16967","2727王品","110/07/08","永豐金-松山",8,138,-130
"16968","2727王品","110/07/08","台新-高雄",71,36,35
"16969","2727王品","110/07/08","新加坡商瑞銀",38,138,-100
"16970","2727王品","110/07/08","富邦-建國",62,27,35
"16971","2727王品","110/07/08","富邦-嘉義",84,182,-98
"16972","2727王品","110/07/08","永豐金證券",50,15,35
"16973","2727王品","110/07/08","元富-台南",4,99,-95
"16974","2727王品","110/07/08","港商野村",185,152,33
"16975","2727王品","110/07/08","凱基-永華",4,92,-88
"16976","2727王品","110/07/08","元大-嘉義",35,3,32
"16977","2727王品","110/07/08","凱基-大直",2,73,-71
"16978","2727王品","110/07/08","台新-三民",35,4,31
"16979","2727王品","110/07/08","美林",105,164,-59
"16980","2727王品","110/07/08","凱基-桃園",35,4,31
"16981","2727王品","110/07/08","第一金-台南",11,63,-52
"16982","2727王品","110/07/08","元大-和平",41,10,31
"16983","2727王品","110/07/08","摩根大通",216,259,-43
"16984","2727王品","110/07/08","兆豐-大安",33,5,28
"16985","2727王品","110/07/08","元大-員林",9,50,-41
"16986","2727王品","110/07/08","元大-新盛",33,6,27
"16987","2727王品","110/07/08","兆豐-虎尾",1,41,-40
"16988","1570力肯","110/07/08","群益金鼎-三重",20,0,20
"16989","1570力肯","110/07/08","中國信託-永康",0,26,-26
"16990","1570力肯","110/07/08","凱基-中壢",20,0,20
"16991","1570力肯","110/07/08","統一-敦南",0,12,-12
"16992","1570力肯","110/07/08","群益金鼎-台南",14,0,14
"16993","1570力肯","110/07/08","國票-博愛",0,10,-10
"16994","1570力肯","110/07/08","元富-緯城",10,0,10
"16995","1570力肯","110/07/08","元大-西門",0,10,-10
"16996","1570力肯","110/07/08","瑞士信貸",7,0,7
"16997","1570力肯","110/07/08","新光",0,9,-9
"16998","1570力肯","110/07/08","摩根大通",6,0,6
"16999","1570力肯","110/07/08","永豐金-大園",0,9,-9
"17000","1570力肯","110/07/08","土銀-白河",5,0,5
"17001","1570力肯","110/07/08","日盛-大墩",0,6,-6
"17002","1570力肯","110/07/08","台灣摩根士丹利",4,0,4
"17003","1570力肯","110/07/08","台新證券",0,6,-6
"17004","1570力肯","110/07/08","元大-新莊",3,0,3
"17005","1570力肯","110/07/08","永全",0,5,-5
"17006","1570力肯","110/07/08","永豐金-苓雅",3,0,3
"17007","1570力肯","110/07/08","元大-天母",0,5,-5
"17008","1570力肯","110/07/08","合庫-三重",2,0,2
"17009","1570力肯","110/07/08","元富-吉利",0,3,-3
"17010","1570力肯","110/07/08","(牛牛牛)亞-鑫豐",2,0,2
"17011","1570力肯","110/07/08","國泰-高雄",0,3,-3
"17012","1570力肯","110/07/08","玉山-大里",2,0,2
"17013","1570力肯","110/07/08","群益金鼎-北高雄",0,3,-3
"17014","1570力肯","110/07/08","國泰-敦南",2,0,2
"17015","1570力肯","110/07/08","群益金鼎-東門",0,2,-2
"17016","1570力肯","110/07/08","華南永昌-岡山",2,0,2
"17017","1570力肯","110/07/08","日盛-高雄",5,6,-1
"17018","6180橘子","110/07/08","新光",30,4,26
"17019","6180橘子","110/07/08","元大-土城學府",0,89,-89
"17020","6180橘子","110/07/08","康和-台南",22,0,22
"17021","6180橘子","110/07/08","凱基-東勢",1,66,-65
"17022","6180橘子","110/07/08","國泰-板橋",22,0,22
"17023","6180橘子","110/07/08","光和",0,64,-64
"17024","6180橘子","110/07/08","日盛-文化",21,0,21
"17025","6180橘子","110/07/08","中國信託-忠孝",0,50,-50
"17026","6180橘子","110/07/08","中國信託-文心",20,2,18
"17027","6180橘子","110/07/08","元富-大裕",0,25,-25
"17028","6180橘子","110/07/08","凱基-台北",39,24,15
"17029","6180橘子","110/07/08","統一-基隆",1,25,-24
"17030","6180橘子","110/07/08","元富-新店",14,0,14
"17031","6180橘子","110/07/08","美商高盛",1,21,-20
"17032","6180橘子","110/07/08","元大-土城永寧",11,0,11
"17033","6180橘子","110/07/08","元大證券",1,19,-18
"17034","6180橘子","110/07/08","永豐金-南京",11,0,11
"17035","6180橘子","110/07/08","元大-太平",2,20,-18
"17036","6180橘子","110/07/08","宏遠-館前",10,0,10
"17037","6180橘子","110/07/08","合庫證券",2,18,-16
"17038","6180橘子","110/07/08","國泰-新莊",10,0,10
"17039","6180橘子","110/07/08","台灣摩根士丹利",1,12,-11
"17040","6180橘子","110/07/08","群益金鼎",10,0,10
"17041","6180橘子","110/07/08","瑞士信貸",0,11,-11
"17042","6180橘子","110/07/08","凱基-高雄",10,0,10
"17043","6180橘子","110/07/08","元富-嘉義",0,11,-11
"17044","6180橘子","110/07/08","凱基-大安",10,0,10
"17045","6180橘子","110/07/08","新光-高雄",0,11,-11
"17046","6180橘子","110/07/08","富邦-仁愛",10,0,10
"17047","6180橘子","110/07/08","大慶-苗栗",0,10,-10
"17048","2390云辰","110/07/08","統一-新台中",126,1,125
"17049","2390云辰","110/07/08","摩根大通",62,661,-599
"17050","2390云辰","110/07/08","元大-員林",111,0,111
"17051","2390云辰","110/07/08","新加坡商瑞銀",0,173,-173
"17052","2390云辰","110/07/08","合庫-高雄",105,0,105
"17053","2390云辰","110/07/08","元大-天母",7,150,-143
"17054","2390云辰","110/07/08","凱基-台北",255,177,78
"17055","2390云辰","110/07/08","台灣摩根士丹利",0,134,-134
"17056","2390云辰","110/07/08","新光",71,17,54
"17057","2390云辰","110/07/08","玉山-台中",17,120,-103
"17058","2390云辰","110/07/08","國票-嘉義",53,0,53
"17059","2390云辰","110/07/08","美商高盛",0,78,-78
"17060","2390云辰","110/07/08","富邦-仁愛",53,4,49
"17061","2390云辰","110/07/08","美林",11,82,-71
"17062","2390云辰","110/07/08","兆豐-城中",48,0,48
"17063","2390云辰","110/07/08","群益金鼎-大興",35,106,-71
"17064","2390云辰","110/07/08","元大-新營",47,0,47
"17065","2390云辰","110/07/08","光和",11,71,-60
"17066","2390云辰","110/07/08","國泰-敦南",89,55,34
"17067","2390云辰","110/07/08","國泰-台中",28,70,-42
"17068","2390云辰","110/07/08","兆豐-台中",40,7,33
"17069","2390云辰","110/07/08","玉山-新莊",6,46,-40
"17070","2390云辰","110/07/08","永豐金-中正",36,6,30
"17071","2390云辰","110/07/08","富邦-台北",21,57,-36
"17072","2390云辰","110/07/08","中國信託-三重",29,0,29
"17073","2390云辰","110/07/08","土銀-台中",0,30,-30
"17074","2390云辰","110/07/08","富邦-陽明",33,5,28
"17075","2390云辰","110/07/08","兆豐-埔墘",1,31,-30
"17076","2390云辰","110/07/08","元富-桃園",27,0,27
"17077","2390云辰","110/07/08","玉山-南京東路",3,33,-30
"17078","4903聯光通","110/07/07","元大-太平",47,4,43
"17079","4903聯光通","110/07/07","日盛-板橋",0,15,-15
"17080","4903聯光通","110/07/07","華南永昌-桃園",10,0,10
"17081","4903聯光通","110/07/07","元大-八德",0,9,-9
"17082","4903聯光通","110/07/07","元大-南投",9,0,9
"17083","4903聯光通","110/07/07","宏遠證券",0,7,-7
"17084","4903聯光通","110/07/07","新光-台中",3,0,3
"17085","4903聯光通","110/07/07","大慶",0,7,-7
"17086","4903聯光通","110/07/07","國泰-敦南",1,0,1
"17087","4903聯光通","110/07/07","群益金鼎-館前",0,6,-6
"17088","4903聯光通","110/07/07","國票-中正",0,0,0
"17089","4903聯光通","110/07/07","元大-羅東",0,5,-5
"17090","4903聯光通","110/07/07","康和-內湖",0,0,0
"17091","4903聯光通","110/07/07","新光",8,12,-4
"17092","4903聯光通","110/07/07","凱基-站前",0,0,0
"17093","4903聯光通","110/07/07","國泰-高雄",0,3,-3
"17094","4903聯光通","110/07/07","華南永昌",1,1,0
"17095","4903聯光通","110/07/07","第一金-台中",0,3,-3
"17096","4903聯光通","110/07/07","華南永昌-新莊",0,0,0
"17097","4903聯光通","110/07/07","中農",0,1,-1
"17098","4903聯光通","110/07/07","臺灣企銀-桃園",0,1,-1
"17099","4903聯光通","110/07/07","台新-新營",0,1,-1
"17100","4903聯光通","110/07/07","元大-鶯歌",2,3,-1
"17101","4903聯光通","110/07/07","元大-永和",0,1,-1
"17102","4903聯光通","110/07/07","元大-苑裡",0,1,-1
"17103","2929淘帝","110/07/07","統一",163,0,163
"17104","2929淘帝","110/07/07","新光-台中",57,142,-85
"17105","2929淘帝","110/07/07","港商野村",323,181,142
"17106","2929淘帝","110/07/07","兆豐-忠孝",0,76,-76
"17107","2929淘帝","110/07/07","日盛-中壢",132,10,122
"17108","2929淘帝","110/07/07","台新-建北",0,53,-53
"17109","2929淘帝","110/07/07","新加坡商瑞銀",140,19,121
"17110","2929淘帝","110/07/07","臺銀-鳳山",0,44,-44
"17111","2929淘帝","110/07/07","日盛-嘉義",101,0,101
"17112","2929淘帝","110/07/07","元大-新盛",0,42,-42
"17113","2929淘帝","110/07/07","摩根大通",101,16,85
"17114","2929淘帝","110/07/07","富邦-建國",6,47,-41
"17115","2929淘帝","110/07/07","元大-太平",55,2,53
"17116","2929淘帝","110/07/07","日盛-園區",0,40,-40
"17117","2929淘帝","110/07/07","元富-松德",50,1,49
"17118","2929淘帝","110/07/07","新光-高雄",1,38,-37
"17119","2929淘帝","110/07/07","凱基-板橋",53,5,48
"17120","2929淘帝","110/07/07","永豐金-三重",1,34,-33
"17121","2929淘帝","110/07/07","美林",80,34,46
"17122","2929淘帝","110/07/07","元大-彰化",0,31,-31
"17123","2929淘帝","110/07/07","元富-台南",41,0,41
"17124","2929淘帝","110/07/07","第一金-大稻埕",0,30,-30
"17125","2929淘帝","110/07/07","兆豐-竹北",39,0,39
"17126","2929淘帝","110/07/07","國泰-敦南",3,33,-30
"17127","2929淘帝","110/07/07","元大-西門",36,0,36
"17128","2929淘帝","110/07/07","富邦-員林",0,30,-30
"17129","2929淘帝","110/07/07","華南永昌",39,4,35
"17130","2929淘帝","110/07/07","元大-蘆洲",1,30,-29
"17131","2929淘帝","110/07/07","日盛-板橋中山",30,0,30
"17132","2929淘帝","110/07/07","台新-台南",4,32,-28
"17133","5410國眾","110/07/07","兆豐-城中",66,0,66
"17134","5410國眾","110/07/07","富邦-仁愛",0,115,-115
"17135","5410國眾","110/07/07","摩根大通",21,0,21
"17136","5410國眾","110/07/07","亞東-板橋",0,38,-38
"17137","5410國眾","110/07/07","元大-北投",21,0,21
"17138","5410國眾","110/07/07","凱基-台北",2,24,-22
"17139","5410國眾","110/07/07","亞東-新竹",15,0,15
"17140","5410國眾","110/07/07","彰銀-七賢",0,10,-10
"17141","5410國眾","110/07/07","元大-福營",12,0,12
"17142","5410國眾","110/07/07","凱基-基隆",0,10,-10
"17143","5410國眾","110/07/07","新光-高雄",11,0,11
"17144","5410國眾","110/07/07","凱基-屏東",0,10,-10
"17145","5410國眾","110/07/07","華南永昌-小港",10,0,10
"17146","5410國眾","110/07/07","凱基-鳳山",0,10,-10
"17147","5410國眾","110/07/07","元大-大灣",10,0,10
"17148","5410國眾","110/07/07","永豐金-忠孝",0,10,-10
"17149","5410國眾","110/07/07","元大-莒光",10,0,10
"17150","5410國眾","110/07/07","日盛-板橋中山",0,9,-9
"17151","5410國眾","110/07/07","台中銀-豐原",9,0,9
"17152","5410國眾","110/07/07","統一-高雄",0,5,-5
"17153","5410國眾","110/07/07","元大-南屯",9,0,9
"17154","5410國眾","110/07/07","元大-斗六",0,5,-5
"17155","5410國眾","110/07/07","日盛-新莊",7,0,7
"17156","5410國眾","110/07/07","元大-大益",0,5,-5
"17157","5410國眾","110/07/07","元富-大昌",6,0,6
"17158","5410國眾","110/07/07","元大-南投",0,5,-5
"17159","5410國眾","110/07/07","新光-新竹",6,0,6
"17160","5410國眾","110/07/07","永豐金-員林",0,5,-5
"17161","5410國眾","110/07/07","臺銀-金山",5,0,5
"17162","5410國眾","110/07/07","華南永昌-楠梓",0,4,-4
"17163","2841台開","110/07/07","永豐金-豐原",268,0,268
"17164","2841台開","110/07/07","凱基-市政",0,200,-200
"17165","2841台開","110/07/07","永豐金-南投",200,0,200
"17166","2841台開","110/07/07","永豐金-彰化",0,100,-100
"17167","2841台開","110/07/07","新光",139,9,130
"17168","2841台開","110/07/07","元大-開元",1,93,-92
"17169","2841台開","110/07/07","中國信託-高雄",50,1,49
"17170","2841台開","110/07/07","港商野村",0,80,-80
"17171","2841台開","110/07/07","元大-歸仁",40,0,40
"17172","2841台開","110/07/07","凱基-台南",25,85,-60
"17173","2841台開","110/07/07","台中銀",35,0,35
"17174","2841台開","110/07/07","美商高盛",1,58,-57
"17175","2841台開","110/07/07","台新-新營",30,0,30
"17176","2841台開","110/07/07","統一-三重",0,55,-55
"17177","2841台開","110/07/07","富邦-台南",30,0,30
"17178","2841台開","110/07/07","台新證券",12,50,-38
"17179","2841台開","110/07/07","國泰-板橋",30,1,29
"17180","2841台開","110/07/07","陽信-石牌",0,31,-31
"17181","2841台開","110/07/07","凱基-文心",28,0,28
"17182","2841台開","110/07/07","元大-福營",0,31,-31
"17183","2841台開","110/07/07","凱基-站前",27,0,27
"17184","2841台開","110/07/07","第一金-澎湖",0,30,-30
"17185","2841台開","110/07/07","大昌-安康",38,16,22
"17186","2841台開","110/07/07","元大-新莊",0,30,-30
"17187","2841台開","110/07/07","合庫-台中",20,0,20
"17188","2841台開","110/07/07","國泰-館前",0,28,-28
"17189","2841台開","110/07/07","日盛-台南",20,0,20
"17190","2841台開","110/07/07","元大-竹科",0,25,-25
"17191","2841台開","110/07/07","台中銀-員林",20,0,20
"17192","2841台開","110/07/07","富邦-仁愛",1,22,-21
"17193","6207雷科","110/07/07","元大-大天母",21,0,21
"17194","6207雷科","110/07/07","元大-高雄",0,105,-105
"17195","6207雷科","110/07/07","元大-頭份",18,0,18
"17196","6207雷科","110/07/07","永豐金-中正",0,35,-35
"17197","6207雷科","110/07/07","第一金-新興",16,0,16
"17198","6207雷科","110/07/07","摩根大通",8,39,-31
"17199","6207雷科","110/07/07","富邦-虎尾",12,0,12
"17200","6207雷科","110/07/07","元大-林園",0,30,-30
"17201","6207雷科","110/07/07","兆豐-板橋",10,0,10
"17202","6207雷科","110/07/07","凱基-台北",0,19,-19
"17203","6207雷科","110/07/07","玉山-台大",10,0,10
"17204","6207雷科","110/07/07","國票-中和",13,25,-12
"17205","6207雷科","110/07/07","元大-四維",10,0,10
"17206","6207雷科","110/07/07","新加坡商瑞銀",0,9,-9
"17207","6207雷科","110/07/07","元大-鹿港",10,0,10
"17208","6207雷科","110/07/07","玉山-高雄",0,8,-8
"17209","6207雷科","110/07/07","元大-信義",10,0,10
"17210","6207雷科","110/07/07","玉山-台南",0,8,-8
"17211","6207雷科","110/07/07","台新-三民",8,0,8
"17212","6207雷科","110/07/07","宏遠-高雄",0,5,-5
"17213","6207雷科","110/07/07","元大-上新莊",8,0,8
"17214","6207雷科","110/07/07","元大-南海",0,5,-5
"17215","6207雷科","110/07/07","大昌-桃園",7,0,7
"17216","6207雷科","110/07/07","元大-莒光",0,4,-4
"17217","6207雷科","110/07/07","新光-台中",10,4,6
"17218","6207雷科","110/07/07","港商野村",0,3,-3
"17219","6207雷科","110/07/07","日盛-頭份",5,0,5
"17220","6207雷科","110/07/07","大慶-台南",0,3,-3
"17221","6207雷科","110/07/07","日茂-埔里",5,0,5
"17222","6207雷科","110/07/07","凱基-站前",0,3,-3
"17223","3679新至陞","110/07/07","永豐金證券",18,0,18
"17224","3679新至陞","110/07/07","美林",0,13,-13
"17225","3679新至陞","110/07/07","元大-文心興安",6,0,6
"17226","3679新至陞","110/07/07","兆豐-大安",0,10,-10
"17227","3679新至陞","110/07/07","中農",5,0,5
"17228","3679新至陞","110/07/07","國泰-桃園",0,4,-4
"17229","3679新至陞","110/07/07","台新證券",4,0,4
"17230","3679新至陞","110/07/07","永豐金-虎尾",0,4,-4
"17231","3679新至陞","110/07/07","華南永昌-小港",4,0,4
"17232","3679新至陞","110/07/07","台灣摩根士丹利",0,3,-3
"17233","3679新至陞","110/07/07","元大-天母",4,0,4
"17234","3679新至陞","110/07/07","瑞士信貸",0,3,-3
"17235","3679新至陞","110/07/07","台中銀-員林",4,1,3
"17236","3679新至陞","110/07/07","統一-新竹",0,3,-3
"17237","3679新至陞","110/07/07","摩根大通",4,1,3
"17238","3679新至陞","110/07/07","統一-三重",0,3,-3
"17239","3679新至陞","110/07/07","凱基-台北",7,4,3
"17240","3679新至陞","110/07/07","凱基-竹北",0,3,-3
"17241","3679新至陞","110/07/07","華南永昌-高雄",3,0,3
"17242","3679新至陞","110/07/07","元富-世貿",0,2,-2
"17243","3679新至陞","110/07/07","永豐金-潮州",2,0,2
"17244","3679新至陞","110/07/07","兆豐-鹿港",0,2,-2
"17245","3679新至陞","110/07/07","合庫-新竹",1,0,1
"17246","3679新至陞","110/07/07","玉山-台大",0,2,-2
"17247","3679新至陞","110/07/07","土銀-高雄",1,0,1
"17248","3679新至陞","110/07/07","國泰-館前",0,2,-2
"17249","3679新至陞","110/07/07","元富-新興",1,0,1
"17250","3679新至陞","110/07/07","群益金鼎-新莊",0,2,-2
"17251","3679新至陞","110/07/07","富邦-中壢",1,0,1
"17252","3679新至陞","110/07/07","元大-桃園",0,2,-2
"17253","2727王品","110/07/07","第一金",62,0,62
"17254","2727王品","110/07/07","台灣摩根士丹利",1,177,-176
"17255","2727王品","110/07/07","凱基-埔墘",40,0,40
"17256","2727王品","110/07/07","凱基-台北",49,151,-102
"17257","2727王品","110/07/07","中國信託-忠孝",40,1,39
"17258","2727王品","110/07/07","摩根大通",19,107,-88
"17259","2727王品","110/07/07","玉山-板橋",40,6,34
"17260","2727王品","110/07/07","美商高盛",2,86,-84
"17261","2727王品","110/07/07","亞東-新竹",31,1,30
"17262","2727王品","110/07/07","元大-北屯",1,52,-51
"17263","2727王品","110/07/07","群益金鼎-宜蘭",25,1,24
"17264","2727王品","110/07/07","國泰證券",1,47,-46
"17265","2727王品","110/07/07","富邦-竹北",23,0,23
"17266","2727王品","110/07/07","統一",3,33,-30
"17267","2727王品","110/07/07","元大-旗山",23,0,23
"17268","2727王品","110/07/07","第一金-台中",1,30,-29
"17269","2727王品","110/07/07","元富-宜蘭",21,0,21
"17270","2727王品","110/07/07","華南永昌-中正",4,29,-25
"17271","2727王品","110/07/07","國票-長城",20,0,20
"17272","2727王品","110/07/07","美林",0,23,-23
"17273","2727王品","110/07/07","台新證券",47,28,19
"17274","2727王品","110/07/07","群益金鼎-館前",0,20,-20
"17275","2727王品","110/07/07","富邦-新竹華信",18,1,17
"17276","2727王品","110/07/07","國票-內壢",0,16,-16
"17277","2727王品","110/07/07","永豐金-中正",18,1,17
"17278","2727王品","110/07/07","兆豐-新莊",0,15,-15
"17279","2727王品","110/07/07","華南永昌-麻豆",17,1,16
"17280","2727王品","110/07/07","港商野村",15,28,-13
"17281","2727王品","110/07/07","永豐金-潮州",15,0,15
"17282","2727王品","110/07/07","元大-善化",1,13,-12
"17283","1570力肯","110/07/07","台新證券",88,0,88
"17284","1570力肯","110/07/07","新光",0,54,-54
"17285","1570力肯","110/07/07","摩根大通",49,15,34
"17286","1570力肯","110/07/07","元大-高雄",0,40,-40
"17287","1570力肯","110/07/07","合庫-桃園",20,0,20
"17288","1570力肯","110/07/07","國票-北高雄",38,50,-12
"17289","1570力肯","110/07/07","元大-土城學府",20,0,20
"17290","1570力肯","110/07/07","群益金鼎-嘉義",0,10,-10
"17291","1570力肯","110/07/07","永豐金-板盛",18,0,18
"17292","1570力肯","110/07/07","元大-草屯",0,10,-10
"17293","1570力肯","110/07/07","永豐金-永康",18,0,18
"17294","1570力肯","110/07/07","日盛-高雄",0,9,-9
"17295","1570力肯","110/07/07","統一-員林",14,0,14
"17296","1570力肯","110/07/07","第一金-路竹",0,9,-9
"17297","1570力肯","110/07/07","元大-竹山",6,0,6
"17298","1570力肯","110/07/07","元大-古亭",0,9,-9
"17299","1570力肯","110/07/07","統一-敦南",5,0,5
"17300","1570力肯","110/07/07","國票-中正",0,8,-8
"17301","1570力肯","110/07/07","元大-永和",5,0,5
"17302","1570力肯","110/07/07","群益金鼎-鳳山",0,6,-6
"17303","1570力肯","110/07/07","元富-大裕",4,0,4
"17304","1570力肯","110/07/07","元大-土城永寧",0,6,-6
"17305","1570力肯","110/07/07","華南永昌-斗六",4,0,4
"17306","1570力肯","110/07/07","中國信託",0,5,-5
"17307","1570力肯","110/07/07","永豐金-松山",6,3,3
"17308","1570力肯","110/07/07","日盛-板橋",0,4,-4
"17309","1570力肯","110/07/07","永豐金-南投",4,1,3
"17310","1570力肯","110/07/07","日盛-木柵",0,4,-4
"17311","1570力肯","110/07/07","土銀-彰化",2,0,2
"17312","1570力肯","110/07/07","玉山-桃園",0,4,-4
"17313","6180橘子","110/07/07","臺銀-金山",27,0,27
"17314","6180橘子","110/07/07","凱基-台北",6,36,-30
"17315","6180橘子","110/07/07","元富-潮州",20,0,20
"17316","6180橘子","110/07/07","元大-天母",1,26,-25
"17317","6180橘子","110/07/07","凱基-中山",20,0,20
"17318","6180橘子","110/07/07","富邦-陽明",0,22,-22
"17319","6180橘子","110/07/07","元大-太平",23,4,19
"17320","6180橘子","110/07/07","日盛-頭份",0,20,-20
"17321","6180橘子","110/07/07","摩根大通",17,0,17
"17322","6180橘子","110/07/07","富邦-仁愛",0,20,-20
"17323","6180橘子","110/07/07","元大-草屯",20,3,17
"17324","6180橘子","110/07/07","永豐金-新莊",0,20,-20
"17325","6180橘子","110/07/07","華南永昌-楠梓",15,1,14
"17326","6180橘子","110/07/07","台灣摩根士丹利",0,18,-18
"17327","6180橘子","110/07/07","中國信託-永康",12,0,12
"17328","6180橘子","110/07/07","華南永昌-長虹",1,16,-15
"17329","6180橘子","110/07/07","日盛-文化",10,0,10
"17330","6180橘子","110/07/07","新光-新竹",0,12,-12
"17331","6180橘子","110/07/07","國泰-館前",10,0,10
"17332","6180橘子","110/07/07","凱基-中壢",0,12,-12
"17333","6180橘子","110/07/07","華南永昌-鶯歌",10,0,10
"17334","6180橘子","110/07/07","第一金-忠孝",0,11,-11
"17335","6180橘子","110/07/07","元大-豐原站前",10,0,10
"17336","6180橘子","110/07/07","元大-沙鹿",0,11,-11
"17337","6180橘子","110/07/07","元大-北屯",10,0,10
"17338","6180橘子","110/07/07","永豐金-羅東",0,11,-11
"17339","6180橘子","110/07/07","兆豐-台中",10,1,9
"17340","6180橘子","110/07/07","兆豐-埔墘",0,10,-10
"17341","6180橘子","110/07/07","群益金鼎-開元",9,0,9
"17342","6180橘子","110/07/07","華南永昌-台中",0,10,-10
"17343","2390云辰","110/07/07","元大-向上",144,0,144
"17344","2390云辰","110/07/07","摩根大通",18,674,-656
"17345","2390云辰","110/07/07","元富-中港",102,0,102
"17346","2390云辰","110/07/07","凱基-台北",141,625,-484
"17347","2390云辰","110/07/07","群益金鼎-民權",104,4,100
"17348","2390云辰","110/07/07","美林",32,261,-229
"17349","2390云辰","110/07/07","兆豐-忠孝",81,0,81
"17350","2390云辰","110/07/07","新加坡商瑞銀",50,149,-99
"17351","2390云辰","110/07/07","合庫-新竹",60,0,60
"17352","2390云辰","110/07/07","台灣摩根士丹利",7,87,-80
"17353","2390云辰","110/07/07","元大-土城學府",59,1,58
"17354","2390云辰","110/07/07","元大-金華",2,68,-66
"17355","2390云辰","110/07/07","玉山-大里",58,3,55
"17356","2390云辰","110/07/07","國票-新莊",13,65,-52
"17357","2390云辰","110/07/07","元大-東蘆",54,1,53
"17358","2390云辰","110/07/07","凱基-三重",12,56,-44
"17359","2390云辰","110/07/07","元富-三重",51,0,51
"17360","2390云辰","110/07/07","新光-台中",23,65,-42
"17361","2390云辰","110/07/07","元富-埔里",50,0,50
"17362","2390云辰","110/07/07","第一金-中壢",5,45,-40
"17363","2390云辰","110/07/07","中國信託-三重",52,3,49
"17364","2390云辰","110/07/07","華南永昌-斗六",0,40,-40
"17365","2390云辰","110/07/07","元大-彰化民生",64,15,49
"17366","2390云辰","110/07/07","富邦-新竹華信",25,61,-36
"17367","2390云辰","110/07/07","元大-潮州",50,5,45
"17368","2390云辰","110/07/07","玉山-新莊",2,32,-30
"17369","2390云辰","110/07/07","元富-高雄",57,14,43
"17370","2390云辰","110/07/07","凱基-新豐",17,47,-30
"17371","2390云辰","110/07/07","凱基-和平",40,0,40
"17372","2390云辰","110/07/07","統一-汐止",1,29,-28
"17373","4903聯光通","110/07/06","元大-苗栗",10,0,10
"17374","4903聯光通","110/07/06","宏遠證券",0,13,-13
"17375","4903聯光通","110/07/06","彰銀",5,0,5
"17376","4903聯光通","110/07/06","富邦-新營",0,4,-4
"17377","4903聯光通","110/07/06","元大-松山",5,0,5
"17378","4903聯光通","110/07/06","元富-草屯",0,3,-3
"17379","4903聯光通","110/07/06","新光",3,0,3
"17380","4903聯光通","110/07/06","元大-羅東",0,3,-3
"17381","4903聯光通","110/07/06","群益金鼎-館前",1,0,1
"17382","4903聯光通","110/07/06","元大-北三重",0,2,-2
"17383","4903聯光通","110/07/06","華南永昌-鶯歌",1,0,1
"17384","4903聯光通","110/07/06","國泰-敦南",0,1,-1
"17385","4903聯光通","110/07/06","永豐金-市政",1,0,1
"17386","4903聯光通","110/07/06","元富-板橋",0,0,0
"17387","4903聯光通","110/07/06","元富-板橋",0,0,0
"17388","4903聯光通","110/07/06","華南永昌",0,0,0
"17389","4903聯光通","110/07/06","華南永昌",0,0,0
"17390","4903聯光通","110/07/06","元大-太平",2,2,0
"17391","4903聯光通","110/07/06","元大-太平",2,2,0
"17392","2929淘帝","110/07/06","新光",204,85,119
"17393","2929淘帝","110/07/06","港商野村",62,282,-220
"17394","2929淘帝","110/07/06","日盛-中壢",94,0,94
"17395","2929淘帝","110/07/06","摩根大通",64,264,-200
"17396","2929淘帝","110/07/06","元富-城東",84,0,84
"17397","2929淘帝","110/07/06","統一",0,163,-163
"17398","2929淘帝","110/07/06","日盛-雙和",55,0,55
"17399","2929淘帝","110/07/06","香港上海匯豐",0,141,-141
"17400","2929淘帝","110/07/06","第一金-路竹",71,17,54
"17401","2929淘帝","110/07/06","新加坡商瑞銀",54,179,-125
"17402","2929淘帝","110/07/06","元大-花蓮",44,2,42
"17403","2929淘帝","110/07/06","合庫-高雄",3,122,-119
"17404","2929淘帝","110/07/06","永豐金-大園",73,33,40
"17405","2929淘帝","110/07/06","美林",34,118,-84
"17406","2929淘帝","110/07/06","元大-太平",44,6,38
"17407","2929淘帝","110/07/06","元大-員林",2,82,-80
"17408","2929淘帝","110/07/06","國泰-板橋",40,5,35
"17409","2929淘帝","110/07/06","元富-松德",26,75,-49
"17410","2929淘帝","110/07/06","兆豐-內湖",33,1,32
"17411","2929淘帝","110/07/06","臺銀-臺南",9,52,-43
"17412","2929淘帝","110/07/06","元大-博愛",43,11,32
"17413","2929淘帝","110/07/06","元大-北投",5,48,-43
"17414","2929淘帝","110/07/06","日盛-竹北",40,10,30
"17415","2929淘帝","110/07/06","臺銀-民權",1,41,-40
"17416","2929淘帝","110/07/06","元大-善化",52,22,30
"17417","2929淘帝","110/07/06","兆豐-忠孝",1,41,-40
"17418","2929淘帝","110/07/06","富邦-北港",29,0,29
"17419","2929淘帝","110/07/06","元大-西門",1,36,-35
"17420","2929淘帝","110/07/06","凱基-湖口",27,0,27
"17421","2929淘帝","110/07/06","玉山-嘉義",3,35,-32
"17422","5410國眾","110/07/06","兆豐-城中",28,0,28
"17423","5410國眾","110/07/06","凱基-高美館",1,18,-17
"17424","5410國眾","110/07/06","元大-小港",20,0,20
"17425","5410國眾","110/07/06","國泰-館前",0,15,-15
"17426","5410國眾","110/07/06","元大-新盛",18,0,18
"17427","5410國眾","110/07/06","國泰-板橋",2,17,-15
"17428","5410國眾","110/07/06","香港上海匯豐",15,0,15
"17429","5410國眾","110/07/06","新光",0,13,-13
"17430","5410國眾","110/07/06","華南永昌-小港",15,0,15
"17431","5410國眾","110/07/06","元富-緯城",0,10,-10
"17432","5410國眾","110/07/06","元富-大昌",13,0,13
"17433","5410國眾","110/07/06","中農",0,10,-10
"17434","5410國眾","110/07/06","臺銀-臺南",10,0,10
"17435","5410國眾","110/07/06","凱基-屏東",0,10,-10
"17436","5410國眾","110/07/06","元富-延平",8,0,8
"17437","5410國眾","110/07/06","新光-桃園",0,6,-6
"17438","5410國眾","110/07/06","元大-八德",17,9,8
"17439","5410國眾","110/07/06","高橋-龍潭",0,5,-5
"17440","5410國眾","110/07/06","摩根大通",7,0,7
"17441","5410國眾","110/07/06","元富-世貿",0,5,-5
"17442","5410國眾","110/07/06","凱基-桃園",7,0,7
"17443","5410國眾","110/07/06","群益金鼎-瑞豐",0,5,-5
"17444","5410國眾","110/07/06","永豐金-屏東",7,0,7
"17445","5410國眾","110/07/06","富邦-台中",0,5,-5
"17446","5410國眾","110/07/06","台新-左楠",5,0,5
"17447","5410國眾","110/07/06","永豐金-板橋",0,5,-5
"17448","5410國眾","110/07/06","富邦-竹東",5,0,5
"17449","5410國眾","110/07/06","富邦-台南",0,4,-4
"17450","5410國眾","110/07/06","元大-新莊",5,0,5
"17451","5410國眾","110/07/06","凱基-站前",0,3,-3
"17452","2841台開","110/07/06","群益金鼎-忠孝",100,0,100
"17453","2841台開","110/07/06","港商野村",0,295,-295
"17454","2841台開","110/07/06","台新證券",58,0,58
"17455","2841台開","110/07/06","元大-善化",0,50,-50
"17456","2841台開","110/07/06","台新-台中",58,0,58
"17457","2841台開","110/07/06","元大-四維",0,50,-50
"17458","2841台開","110/07/06","永豐金-敦南",50,0,50
"17459","2841台開","110/07/06","台新-新營",0,30,-30
"17460","2841台開","110/07/06","元大-台中",45,0,45
"17461","2841台開","110/07/06","群益金鼎-桃園",0,21,-21
"17462","2841台開","110/07/06","凱基-文心",43,0,43
"17463","2841台開","110/07/06","台中銀-員林",0,20,-20
"17464","2841台開","110/07/06","永豐金-潮州",30,0,30
"17465","2841台開","110/07/06","群益金鼎-延平",0,15,-15
"17466","2841台開","110/07/06","第一金-自由",25,0,25
"17467","2841台開","110/07/06","元大-三重",0,13,-13
"17468","2841台開","110/07/06","美商高盛",17,0,17
"17469","2841台開","110/07/06","元富-古亭",0,10,-10
"17470","2841台開","110/07/06","大昌-安康",39,22,17
"17471","2841台開","110/07/06","群益金鼎-北高雄",0,10,-10
"17472","2841台開","110/07/06","台中銀",15,0,15
"17473","2841台開","110/07/06","華南永昌-南京",0,10,-10
"17474","2841台開","110/07/06","玉山-嘉義",15,0,15
"17475","2841台開","110/07/06","富邦-花蓮",0,10,-10
"17476","2841台開","110/07/06","新光",11,0,11
"17477","2841台開","110/07/06","富邦-高雄",0,10,-10
"17478","2841台開","110/07/06","兆豐-永和",10,0,10
"17479","2841台開","110/07/06","元大-竹山",0,10,-10
"17480","2841台開","110/07/06","康和-內湖",10,0,10
"17481","2841台開","110/07/06","元大-屏東",0,10,-10
"17482","6207雷科","110/07/06","新光",45,4,41
"17483","6207雷科","110/07/06","凱基-高美館",1,104,-103
"17484","6207雷科","110/07/06","統一-基隆",30,0,30
"17485","6207雷科","110/07/06","摩根大通",11,45,-34
"17486","6207雷科","110/07/06","康和-南崁",13,0,13
"17487","6207雷科","110/07/06","群益金鼎-新竹",0,22,-22
"17488","6207雷科","110/07/06","宏遠-台南",10,0,10
"17489","6207雷科","110/07/06","港商野村",2,23,-21
"17490","6207雷科","110/07/06","國票-和平",10,0,10
"17491","6207雷科","110/07/06","凱基-台北",0,14,-14
"17492","6207雷科","110/07/06","永豐金-天母",10,0,10
"17493","6207雷科","110/07/06","台新-三民",0,12,-12
"17494","6207雷科","110/07/06","台新證券",10,1,9
"17495","6207雷科","110/07/06","群益金鼎-開元",1,11,-10
"17496","6207雷科","110/07/06","群益金鼎-士林",8,0,8
"17497","6207雷科","110/07/06","富邦-南屯",0,8,-8
"17498","6207雷科","110/07/06","群益金鼎-瑞豐",7,0,7
"17499","6207雷科","110/07/06","元大-善化",0,8,-8
"17500","6207雷科","110/07/06","元大-四維",7,0,7
"17501","6207雷科","110/07/06","日盛-頭份",0,5,-5
"17502","6207雷科","110/07/06","國票-中和",6,0,6
"17503","6207雷科","110/07/06","第一金-高雄",0,5,-5
"17504","6207雷科","110/07/06","台新-中壢",6,0,6
"17505","6207雷科","110/07/06","凱基-八德",0,5,-5
"17506","6207雷科","110/07/06","凱基-高雄",6,0,6
"17507","6207雷科","110/07/06","凱基-頭份",0,5,-5
"17508","6207雷科","110/07/06","富邦-彰化",6,0,6
"17509","6207雷科","110/07/06","合庫-新竹",0,4,-4
"17510","6207雷科","110/07/06","凱基-大安",5,0,5
"17511","6207雷科","110/07/06","新光-高雄",0,4,-4
"17512","3679新至陞","110/07/06","凱基",11,0,11
"17513","3679新至陞","110/07/06","摩根大通",0,22,-22
"17514","3679新至陞","110/07/06","台中銀-員林",11,1,10
"17515","3679新至陞","110/07/06","凱基-台北",6,21,-15
"17516","3679新至陞","110/07/06","安泰-大發",10,0,10
"17517","3679新至陞","110/07/06","瑞士信貸",0,13,-13
"17518","3679新至陞","110/07/06","香港上海匯豐",8,0,8
"17519","3679新至陞","110/07/06","富邦-苗栗",0,10,-10
"17520","3679新至陞","110/07/06","永豐金證券",8,2,6
"17521","3679新至陞","110/07/06","元大-永春",0,6,-6
"17522","3679新至陞","110/07/06","第一金-高雄",5,0,5
"17523","3679新至陞","110/07/06","凱基-興隆",0,5,-5
"17524","3679新至陞","110/07/06","群益金鼎-高盛",3,0,3
"17525","3679新至陞","110/07/06","國泰-桃園",0,3,-3
"17526","3679新至陞","110/07/06","元大-嘉義",3,0,3
"17527","3679新至陞","110/07/06","元大-萬華",2,5,-3
"17528","3679新至陞","110/07/06","臺銀-高雄",2,0,2
"17529","3679新至陞","110/07/06","美林",0,2,-2
"17530","3679新至陞","110/07/06","日盛-復興",2,0,2
"17531","3679新至陞","110/07/06","第一金-華江",0,2,-2
"17532","3679新至陞","110/07/06","日盛-樹林",4,2,2
"17533","3679新至陞","110/07/06","新光-台中",0,2,-2
"17534","3679新至陞","110/07/06","宏遠-館前",2,0,2
"17535","3679新至陞","110/07/06","華南永昌-民權",0,2,-2
"17536","3679新至陞","110/07/06","台新證券",2,0,2
"17537","3679新至陞","110/07/06","元大-板橋",0,2,-2
"17538","3679新至陞","110/07/06","康和-板橋",2,0,2
"17539","3679新至陞","110/07/06","日盛-板橋中山",0,1,-1
"17540","3679新至陞","110/07/06","群益金鼎-台南",2,0,2
"17541","3679新至陞","110/07/06","宏遠證券",0,1,-1
"17542","2727王品","110/07/06","元大證券",1033,729,304
"17543","2727王品","110/07/06","台灣摩根士丹利",35,184,-149
"17544","2727王品","110/07/06","富邦-台北",332,46,286
"17545","2727王品","110/07/06","元大-北屯",11,79,-68
"17546","2727王品","110/07/06","統一",252,43,209
"17547","2727王品","110/07/06","元富-敦南",4,70,-66
"17548","2727王品","110/07/06","永豐金-松山",147,14,133
"17549","2727王品","110/07/06","元大-基隆孝二",11,75,-64
"17550","2727王品","110/07/06","富邦-嘉義",301,198,103
"17551","2727王品","110/07/06","臺銀-臺南",9,69,-60
"17552","2727王品","110/07/06","新加坡商瑞銀",128,34,94
"17553","2727王品","110/07/06","中國信託-忠孝",5,48,-43
"17554","2727王品","110/07/06","元富-台南",97,6,91
"17555","2727王品","110/07/06","永豐金-市政",5,46,-41
"17556","2727王品","110/07/06","台新證券",169,105,64
"17557","2727王品","110/07/06","彰銀-台中",19,56,-37
"17558","2727王品","110/07/06","美林",115,58,57
"17559","2727王品","110/07/06","玉山證券",30,67,-37
"17560","2727王品","110/07/06","華南永昌",75,23,52
"17561","2727王品","110/07/06","凱基-埔墘",4,41,-37
"17562","2727王品","110/07/06","凱基-台北",445,398,47
"17563","2727王品","110/07/06","永豐金-大園",3,40,-37
"17564","2727王品","110/07/06","凱基-大直",48,7,41
"17565","2727王品","110/07/06","元富",2,37,-35
"17566","2727王品","110/07/06","凱基-林口",45,4,41
"17567","2727王品","110/07/06","富邦-仁愛",32,64,-32
"17568","2727王品","110/07/06","德信",40,1,39
"17569","2727王品","110/07/06","玉山-板橋",52,82,-30
"17570","2727王品","110/07/06","第一金",42,5,37
"17571","2727王品","110/07/06","中國信託-文心",10,39,-29
"17572","1570力肯","110/07/06","香港上海匯豐",47,0,47
"17573","1570力肯","110/07/06","新光",2,107,-105
"17574","1570力肯","110/07/06","元大-高雄",55,16,39
"17575","1570力肯","110/07/06","摩根大通",11,58,-47
"17576","1570力肯","110/07/06","元富-緯城",37,0,37
"17577","1570力肯","110/07/06","高橋",4,50,-46
"17578","1570力肯","110/07/06","台新-台南",16,0,16
"17579","1570力肯","110/07/06","合庫-桃園",0,20,-20
"17580","1570力肯","110/07/06","元大-新竹經國",14,0,14
"17581","1570力肯","110/07/06","永豐金-板盛",0,18,-18
"17582","1570力肯","110/07/06","富邦-左營",12,0,12
"17583","1570力肯","110/07/06","華南永昌-公誠",0,9,-9
"17584","1570力肯","110/07/06","國票-中正",12,2,10
"17585","1570力肯","110/07/06","凱基-台北",1,9,-8
"17586","1570力肯","110/07/06","國票-博愛",10,0,10
"17587","1570力肯","110/07/06","臺銀-臺中",0,6,-6
"17588","1570力肯","110/07/06","統一-敦南",12,5,7
"17589","1570力肯","110/07/06","台新-三民",0,5,-5
"17590","1570力肯","110/07/06","群益金鼎-三重",7,0,7
"17591","1570力肯","110/07/06","華南永昌-麻豆",0,5,-5
"17592","1570力肯","110/07/06","臺銀-臺南",6,0,6
"17593","1570力肯","110/07/06","合庫-台南",0,4,-4
"17594","1570力肯","110/07/06","大慶-蘆洲",6,0,6
"17595","1570力肯","110/07/06","統一-員林",0,4,-4
"17596","1570力肯","110/07/06","元富-新店",6,0,6
"17597","1570力肯","110/07/06","康和-澎湖",0,4,-4
"17598","1570力肯","110/07/06","玉山-雙和",7,1,6
"17599","1570力肯","110/07/06","華南永昌-斗六",0,4,-4
"17600","1570力肯","110/07/06","永豐金-敦南",9,3,6
"17601","1570力肯","110/07/06","元大-和平",0,4,-4
"17602","6180橘子","110/07/06","凱基-台北",72,12,60
"17603","6180橘子","110/07/06","臺銀-金山",5,105,-100
"17604","6180橘子","110/07/06","美林",29,0,29
"17605","6180橘子","110/07/06","元大-台中",0,100,-100
"17606","6180橘子","110/07/06","合庫-自強",21,0,21
"17607","6180橘子","110/07/06","康和-台南",3,50,-47
"17608","6180橘子","110/07/06","凱基-三峽",17,0,17
"17609","6180橘子","110/07/06","元大-中和",0,35,-35
"17610","6180橘子","110/07/06","富邦-虎尾",15,1,14
"17611","6180橘子","110/07/06","中國信託-忠孝",0,16,-16
"17612","6180橘子","110/07/06","元富-潮州",13,0,13
"17613","6180橘子","110/07/06","玉山-高雄",0,12,-12
"17614","6180橘子","110/07/06","中國信託-永康",13,0,13
"17615","6180橘子","110/07/06","港商野村",0,11,-11
"17616","6180橘子","110/07/06","元大-草屯",18,5,13
"17617","6180橘子","110/07/06","群益金鼎-松山",0,11,-11
"17618","6180橘子","110/07/06","臺銀",11,0,11
"17619","6180橘子","110/07/06","永豐金-豐原",0,11,-11
"17620","6180橘子","110/07/06","新光",15,4,11
"17621","6180橘子","110/07/06","元富-嘉義",5,15,-10
"17622","6180橘子","110/07/06","元大-竹東",11,0,11
"17623","6180橘子","110/07/06","玉山-士林",0,10,-10
"17624","6180橘子","110/07/06","宏遠-台中",10,0,10
"17625","6180橘子","110/07/06","凱基-北門",0,10,-10
"17626","6180橘子","110/07/06","第一金-台南",10,0,10
"17627","6180橘子","110/07/06","第一金-忠孝",0,9,-9
"17628","6180橘子","110/07/06","國泰-敦南",10,0,10
"17629","6180橘子","110/07/06","統一-基隆",0,9,-9
"17630","6180橘子","110/07/06","富邦-嘉義",10,0,10
"17631","6180橘子","110/07/06","安泰-大發",1,10,-9
"17632","2390云辰","110/07/06","元大-天母",975,276,699
"17633","2390云辰","110/07/06","台灣摩根士丹利",3,265,-262
"17634","2390云辰","110/07/06","摩根大通",688,312,376
"17635","2390云辰","110/07/06","群益金鼎-海山",3,166,-163
"17636","2390云辰","110/07/06","國泰-忠孝",164,3,161
"17637","2390云辰","110/07/06","國泰-敦南",188,339,-151
"17638","2390云辰","110/07/06","富邦-北港",140,7,133
"17639","2390云辰","110/07/06","元大-土城學府",12,119,-107
"17640","2390云辰","110/07/06","聯邦商銀",151,22,129
"17641","2390云辰","110/07/06","永豐金-高雄",4,103,-99
"17642","2390云辰","110/07/06","中國信託-文心",143,17,126
"17643","2390云辰","110/07/06","土銀-士林",0,94,-94
"17644","2390云辰","110/07/06","永豐金-中正",133,7,126
"17645","2390云辰","110/07/06","元大-佳里",11,91,-80
"17646","2390云辰","110/07/06","群益金鼎-大興",178,76,102
"17647","2390云辰","110/07/06","玉山-台中",10,86,-76
"17648","2390云辰","110/07/06","元富-中港",103,3,100
"17649","2390云辰","110/07/06","新光",251,324,-73
"17650","2390云辰","110/07/06","統一-新台中",104,12,92
"17651","2390云辰","110/07/06","富邦-敦南",29,101,-72
"17652","2390云辰","110/07/06","新加坡商瑞銀",211,120,91
"17653","2390云辰","110/07/06","兆豐-台中",0,58,-58
"17654","2390云辰","110/07/06","兆豐-忠孝",100,11,89
"17655","2390云辰","110/07/06","日盛證券",16,73,-57
"17656","2390云辰","110/07/06","凱基-林口",87,9,78
"17657","2390云辰","110/07/06","元大-東泰",5,61,-56
"17658","2390云辰","110/07/06","元富-西松",72,4,68
"17659","2390云辰","110/07/06","台新證券",136,190,-54
"17660","2390云辰","110/07/06","台新-左楠",66,9,57
"17661","2390云辰","110/07/06","元大-六合",10,63,-53
