"","stake","date","name","buy","sell","total"
"1","2542興富發","110/08/06","瑞士信貸",747,10,737
"2","2542興富發","110/08/06","凱基-士林",5,972,-967
"3","2542興富發","110/08/06","摩根大通",837,107,730
"4","2542興富發","110/08/06","統一-台中",1,376,-375
"5","2542興富發","110/08/06","群益金鼎-敦南",681,1,680
"6","2542興富發","110/08/06","永豐金-豐原",16,133,-117
"7","2542興富發","110/08/06","凱基-台北",790,360,430
"8","2542興富發","110/08/06","元富-敦南",0,111,-111
"9","2542興富發","110/08/06","台灣摩根士丹利",259,20,239
"10","2542興富發","110/08/06","兆豐-南京",0,108,-108
"11","2542興富發","110/08/06","美商高盛",235,0,235
"12","2542興富發","110/08/06","元大-金華",0,100,-100
"13","2542興富發","110/08/06","新加坡商瑞銀",178,0,178
"14","2542興富發","110/08/06","陽信",0,80,-80
"15","2542興富發","110/08/06","凱基-中山",167,2,165
"16","2542興富發","110/08/06","統一-金門",0,78,-78
"17","2542興富發","110/08/06","凱基",121,14,107
"18","2542興富發","110/08/06","新光-台中",7,68,-61
"19","2542興富發","110/08/06","大慶-楊梅",101,4,97
"20","2542興富發","110/08/06","富邦-新店",2,58,-56
"21","2542興富發","110/08/06","美林",193,109,84
"22","2542興富發","110/08/06","元大-新竹",0,52,-52
"23","2542興富發","110/08/06","統一",64,5,59
"24","2542興富發","110/08/06","凱基-永和",0,51,-51
"25","2542興富發","110/08/06","富邦-南屯",60,1,59
"26","2542興富發","110/08/06","統一-中壢",0,50,-50
"27","2542興富發","110/08/06","群益金鼎",43,0,43
"28","2542興富發","110/08/06","元富",0,50,-50
"29","2542興富發","110/08/06","元大證券",128,85,43
"30","2542興富發","110/08/06","法銀巴黎",0,48,-48
"31","2867三商壽","110/08/06","摩根大通",410,157,253
"32","2867三商壽","110/08/06","日盛-新莊",0,719,-719
"33","2867三商壽","110/08/06","元大-北港",201,0,201
"34","2867三商壽","110/08/06","群益金鼎-桃園",0,400,-400
"35","2867三商壽","110/08/06","元大-斗信",200,0,200
"36","2867三商壽","110/08/06","中國信託-文心",1,301,-300
"37","2867三商壽","110/08/06","元大-沙鹿",199,0,199
"38","2867三商壽","110/08/06","美林",10,169,-159
"39","2867三商壽","110/08/06","永豐金-嘉義",130,0,130
"40","2867三商壽","110/08/06","法銀巴黎",0,122,-122
"41","2867三商壽","110/08/06","第一金-自由",100,0,100
"42","2867三商壽","110/08/06","國票-中和",0,100,-100
"43","2867三商壽","110/08/06","元大-大里德芳",100,0,100
"44","2867三商壽","110/08/06","台灣摩根士丹利",65,164,-99
"45","2867三商壽","110/08/06","元大-土城永寧",100,0,100
"46","2867三商壽","110/08/06","凱基-高美館",2,64,-62
"47","2867三商壽","110/08/06","瑞士信貸",94,0,94
"48","2867三商壽","110/08/06","元大證券",1,62,-61
"49","2867三商壽","110/08/06","元大-汐止",60,0,60
"50","2867三商壽","110/08/06","華南永昌-南京",0,50,-50
"51","2867三商壽","110/08/06","元富-大裕",52,0,52
"52","2867三商壽","110/08/06","凱基-頭份",0,45,-45
"53","2867三商壽","110/08/06","新光",53,1,52
"54","2867三商壽","110/08/06","凱基",0,44,-44
"55","2867三商壽","110/08/06","凱基-市府",51,0,51
"56","2867三商壽","110/08/06","康和-屏東",0,43,-43
"57","2867三商壽","110/08/06","安泰",49,0,49
"58","2867三商壽","110/08/06","凱基-八德",0,40,-40
"59","2867三商壽","110/08/06","富邦-桃園",50,2,48
"60","2867三商壽","110/08/06","凱基-虎尾",0,40,-40
"61","5521工信","110/08/06","日進",412,0,412
"62","5521工信","110/08/06","中國信託-嘉義",0,100,-100
"63","5521工信","110/08/06","瑞士信貸",48,0,48
"64","5521工信","110/08/06","美林",0,69,-69
"65","5521工信","110/08/06","日盛-雙和",34,0,34
"66","5521工信","110/08/06","統一-新竹",0,60,-60
"67","5521工信","110/08/06","聯邦-雙和",25,0,25
"68","5521工信","110/08/06","第一金-桃園",0,55,-55
"69","5521工信","110/08/06","台新證券",32,12,20
"70","5521工信","110/08/06","凱基-台北",0,54,-54
"71","5521工信","110/08/06","土銀-台中",17,0,17
"72","5521工信","110/08/06","華南永昌-桃園",0,49,-49
"73","5521工信","110/08/06","(牛牛牛)亞-鑫豐",15,0,15
"74","5521工信","110/08/06","第一金-安和",0,40,-40
"75","5521工信","110/08/06","元大-沙鹿",19,4,15
"76","5521工信","110/08/06","合庫-台南",0,36,-36
"77","5521工信","110/08/06","元富-安南",14,0,14
"78","5521工信","110/08/06","台灣摩根士丹利",7,34,-27
"79","5521工信","110/08/06","新加坡商瑞銀",10,0,10
"80","5521工信","110/08/06","摩根大通",22,48,-26
"81","5521工信","110/08/06","德信-中正",10,0,10
"82","5521工信","110/08/06","台新-台中",0,20,-20
"83","5521工信","110/08/06","國泰-敦南",22,12,10
"84","5521工信","110/08/06","元大-豐原",0,20,-20
"85","5521工信","110/08/06","群益金鼎-屏東",10,0,10
"86","5521工信","110/08/06","元大-北成功",0,20,-20
"87","5521工信","110/08/06","群益金鼎-東門",10,0,10
"88","5521工信","110/08/06","永豐金-埔里",0,20,-20
"89","5521工信","110/08/06","元大-西螺",10,0,10
"90","5521工信","110/08/06","港商野村",0,16,-16
"91","1471首利","110/08/06","國票-彰化",30,0,30
"92","1471首利","110/08/06","兆豐-麻豆",0,50,-50
"93","1471首利","110/08/06","凱基-宜蘭",27,0,27
"94","1471首利","110/08/06","台新證券",3,30,-27
"95","1471首利","110/08/06","玉山-桃園",22,0,22
"96","1471首利","110/08/06","美林",15,41,-26
"97","1471首利","110/08/06","新光-台中",17,0,17
"98","1471首利","110/08/06","永豐金-台南",0,25,-25
"99","1471首利","110/08/06","兆豐-埔墘",14,0,14
"100","1471首利","110/08/06","元富-草屯",0,19,-19
"101","1471首利","110/08/06","新光-高雄",11,0,11
"102","1471首利","110/08/06","新光-桃園",0,17,-17
"103","1471首利","110/08/06","合庫-鳳山",10,0,10
"104","1471首利","110/08/06","摩根大通",13,28,-15
"105","1471首利","110/08/06","統一-竹南",10,0,10
"106","1471首利","110/08/06","華南永昌-淡水",1,15,-14
"107","1471首利","110/08/06","(牛牛牛)亞-鑫豐",10,0,10
"108","1471首利","110/08/06","台中銀",1,14,-13
"109","1471首利","110/08/06","兆豐-岡山",10,0,10
"110","1471首利","110/08/06","玉山-板橋",0,12,-12
"111","1471首利","110/08/06","凱基-彰化",10,0,10
"112","1471首利","110/08/06","富邦-基隆",10,22,-12
"113","1471首利","110/08/06","富邦-永和",10,0,10
"114","1471首利","110/08/06","台灣企銀",0,10,-10
"115","1471首利","110/08/06","元大-竹山",10,0,10
"116","1471首利","110/08/06","元富-民權",0,10,-10
"117","1471首利","110/08/06","元大-民雄",10,0,10
"118","1471首利","110/08/06","元大-左營",0,10,-10
"119","1471首利","110/08/06","元大-南崁",10,1,9
"120","1471首利","110/08/06","大昌-新店",2,11,-9
"121","2883開發金","110/08/06","國泰證券",7766,49,7717
"122","2883開發金","110/08/06","永豐金-板橋",2,2245,-2243
"123","2883開發金","110/08/06","元富-城東",7094,124,6970
"124","2883開發金","110/08/06","玉山-台南",63,2130,-2067
"125","2883開發金","110/08/06","摩根大通",4922,1097,3825
"126","2883開發金","110/08/06","國泰-板橋",236,1871,-1635
"127","2883開發金","110/08/06","瑞士信貸",3230,108,3122
"128","2883開發金","110/08/06","港商野村",1243,2562,-1319
"129","2883開發金","110/08/06","凱基-台北",4810,2311,2499
"130","2883開發金","110/08/06","美林",1480,2782,-1302
"131","2883開發金","110/08/06","合庫證券",3551,2064,1487
"132","2883開發金","110/08/06","群益金鼎-中山",7,1151,-1144
"133","2883開發金","110/08/06","新加坡商瑞銀",3900,2689,1211
"134","2883開發金","110/08/06","日盛-員林",17,1100,-1083
"135","2883開發金","110/08/06","玉山證券",1332,183,1149
"136","2883開發金","110/08/06","台灣摩根士丹利",509,1544,-1035
"137","2883開發金","110/08/06","國票-長城",1003,0,1003
"138","2883開發金","110/08/06","台灣企銀-民雄",0,1004,-1004
"139","2883開發金","110/08/06","康和",720,0,720
"140","2883開發金","110/08/06","港商法國興業",7,981,-974
"141","2883開發金","110/08/06","福邦證券",590,15,575
"142","2883開發金","110/08/06","新光",240,1199,-959
"143","2883開發金","110/08/06","台灣企銀-九如",492,10,482
"144","2883開發金","110/08/06","元大-新莊",58,1017,-959
"145","2883開發金","110/08/06","宏遠-民生",502,54,448
"146","2883開發金","110/08/06","富邦-彰化",5,766,-761
"147","2883開發金","110/08/06","元大證券",803,358,445
"148","2883開發金","110/08/06","中國信託",270,931,-661
"149","2883開發金","110/08/06","玉山-高雄",476,80,396
"150","2883開發金","110/08/06","永豐金-彰化",33,655,-622
"151","6205詮欣","110/08/06","臺銀-民權",20,0,20
"152","6205詮欣","110/08/06","元大-板橋",0,50,-50
"153","6205詮欣","110/08/06","合庫-三重",15,0,15
"154","6205詮欣","110/08/06","摩根大通",0,29,-29
"155","6205詮欣","110/08/06","日盛-三重",15,4,11
"156","6205詮欣","110/08/06","臺銀-新竹",0,3,-3
"157","6205詮欣","110/08/06","凱基-長庚",10,0,10
"158","6205詮欣","110/08/06","日盛-頭份",0,3,-3
"159","6205詮欣","110/08/06","臺銀-臺中",5,0,5
"160","6205詮欣","110/08/06","群益金鼎-潭子",0,3,-3
"161","6205詮欣","110/08/06","兆豐-台中",4,0,4
"162","6205詮欣","110/08/06","永豐金-敦南",0,3,-3
"163","6205詮欣","110/08/06","凱基-台北",4,0,4
"164","6205詮欣","110/08/06","美林",0,2,-2
"165","6205詮欣","110/08/06","元大-龍潭",4,0,4
"166","6205詮欣","110/08/06","新加坡商瑞銀",6,8,-2
"167","6205詮欣","110/08/06","瑞士信貸",3,0,3
"168","6205詮欣","110/08/06","華南永昌-淡水",0,2,-2
"169","6205詮欣","110/08/06","國泰-板橋",3,0,3
"170","6205詮欣","110/08/06","元大-發財",0,2,-2
"171","6205詮欣","110/08/06","台中銀",2,0,2
"172","6205詮欣","110/08/06","元大-屏東民生",0,2,-2
"173","6205詮欣","110/08/06","德信-新營",2,0,2
"174","6205詮欣","110/08/06","統一-南京",0,1,-1
"175","6205詮欣","110/08/06","兆豐-竹北",2,0,2
"176","6205詮欣","110/08/06","新光-台中",0,1,-1
"177","6205詮欣","110/08/06","兆豐-景美",2,0,2
"178","6205詮欣","110/08/06","玉山證券",0,1,-1
"179","6205詮欣","110/08/06","台新-台中",2,0,2
"180","6205詮欣","110/08/06","富邦-左營",0,1,-1
"181","1540喬福","110/08/06","元富-中原",27,0,27
"182","1540喬福","110/08/06","統一-新台中",0,25,-25
"183","1540喬福","110/08/06","合庫-台中",24,0,24
"184","1540喬福","110/08/06","大慶-中壢",0,24,-24
"185","1540喬福","110/08/06","台新-台中",10,0,10
"186","1540喬福","110/08/06","福勝",0,7,-7
"187","1540喬福","110/08/06","富邦-竹北",7,0,7
"188","1540喬福","110/08/06","群益金鼎-高雄",0,5,-5
"189","1540喬福","110/08/06","華南永昌-中正",5,0,5
"190","1540喬福","110/08/06","富邦-高雄",0,5,-5
"191","1540喬福","110/08/06","玉山證券",4,0,4
"192","1540喬福","110/08/06","美林",0,3,-3
"193","1540喬福","110/08/06","兆豐-台中港",2,0,2
"194","1540喬福","110/08/06","元大-景美",0,3,-3
"195","1540喬福","110/08/06","國票-中正",2,0,2
"196","1540喬福","110/08/06","元大-和平",0,3,-3
"197","1540喬福","110/08/06","凱基-虎尾",2,0,2
"198","1540喬福","110/08/06","日盛-台中",0,2,-2
"199","1540喬福","110/08/06","凱基-台北",2,0,2
"200","1540喬福","110/08/06","日盛-中和",0,2,-2
"201","1540喬福","110/08/06","元大-府城",2,0,2
"202","1540喬福","110/08/06","台新-台南",0,2,-2
"203","1540喬福","110/08/06","土銀-玉里",1,0,1
"204","1540喬福","110/08/06","玉山-高雄",0,2,-2
"205","1540喬福","110/08/06","第一金-中壢",1,0,1
"206","1540喬福","110/08/06","凱基-中壢",0,2,-2
"207","1540喬福","110/08/06","國票-彰化",1,0,1
"208","1540喬福","110/08/06","致和-南京",0,1,-1
"209","1540喬福","110/08/06","國泰-敦南",1,0,1
"210","1540喬福","110/08/06","摩根大通",0,1,-1
"211","2888新光金","110/08/06","玉山-城中",3762,22,3740
"212","2888新光金","110/08/06","美林",583,3191,-2608
"213","2888新光金","110/08/06","瑞士信貸",1783,778,1005
"214","2888新光金","110/08/06","元富-城東",39,1594,-1555
"215","2888新光金","110/08/06","元大-土城永寧",1004,16,988
"216","2888新光金","110/08/06","日盛-板橋",19,1000,-981
"217","2888新光金","110/08/06","新加坡商瑞銀",1129,357,772
"218","2888新光金","110/08/06","摩根大通",2207,3153,-946
"219","2888新光金","110/08/06","中國信託",566,4,562
"220","2888新光金","110/08/06","新光",505,1390,-885
"221","2888新光金","110/08/06","富邦-員林",484,3,481
"222","2888新光金","110/08/06","台灣摩根士丹利",181,1022,-841
"223","2888新光金","110/08/06","臺銀-金山",432,3,429
"224","2888新光金","110/08/06","元大-四維",35,750,-715
"225","2888新光金","110/08/06","臺銀",418,2,416
"226","2888新光金","110/08/06","美商高盛",114,811,-697
"227","2888新光金","110/08/06","凱基-東勢",404,6,398
"228","2888新光金","110/08/06","法銀巴黎",274,867,-593
"229","2888新光金","110/08/06","玉山證券",416,73,343
"230","2888新光金","110/08/06","元大-員林",18,503,-485
"231","2888新光金","110/08/06","華南永昌-民權",305,0,305
"232","2888新光金","110/08/06","富邦-建國",57,471,-414
"233","2888新光金","110/08/06","永興",300,10,290
"234","2888新光金","110/08/06","富邦-台中",15,418,-403
"235","2888新光金","110/08/06","富邦-台北",319,48,271
"236","2888新光金","110/08/06","華南永昌-嘉義",2,324,-322
"237","2888新光金","110/08/06","兆豐-員林",274,28,246
"238","2888新光金","110/08/06","凱基-台北",839,1120,-281
"239","2888新光金","110/08/06","合庫-台中",240,10,230
"240","2888新光金","110/08/06","國泰-館前",20,289,-269
"241","1340勝悅","110/08/06","國泰-台中",30,0,30
"242","1340勝悅","110/08/06","凱基-三峽",0,20,-20
"243","1340勝悅","110/08/06","元富-彰化",10,0,10
"244","1340勝悅","110/08/06","富邦-台東",1,14,-13
"245","1340勝悅","110/08/06","華南永昌-忠孝",8,0,8
"246","1340勝悅","110/08/06","華南永昌-三重",0,12,-12
"247","1340勝悅","110/08/06","華南永昌-大安",7,0,7
"248","1340勝悅","110/08/06","華南永昌-台中",0,10,-10
"249","1340勝悅","110/08/06","永豐金-信義",6,0,6
"250","1340勝悅","110/08/06","美林",0,8,-8
"251","1340勝悅","110/08/06","臺灣企銀-埔墘",5,0,5
"252","1340勝悅","110/08/06","第一金-豐原",0,8,-8
"253","1340勝悅","110/08/06","元大-沙鹿",5,0,5
"254","1340勝悅","110/08/06","凱基-城中",0,8,-8
"255","1340勝悅","110/08/06","新光-高雄",4,0,4
"256","1340勝悅","110/08/06","華南永昌-嘉義",0,6,-6
"257","1340勝悅","110/08/06","群益金鼎-彰化",4,0,4
"258","1340勝悅","110/08/06","元富",0,5,-5
"259","1340勝悅","110/08/06","元大-仁愛",4,0,4
"260","1340勝悅","110/08/06","光和-田中",0,5,-5
"261","1340勝悅","110/08/06","美商高盛",3,0,3
"262","1340勝悅","110/08/06","摩根大通",0,5,-5
"263","1340勝悅","110/08/06","群益金鼎-館前",3,0,3
"264","1340勝悅","110/08/06","元大-草屯",0,4,-4
"265","1340勝悅","110/08/06","臺銀-臺中",2,0,2
"266","1340勝悅","110/08/06","凱基-台北",1,4,-3
"267","1340勝悅","110/08/06","永全-南崁",2,0,2
"268","1340勝悅","110/08/06","元大-苑裡",0,3,-3
"269","1340勝悅","110/08/06","群益金鼎-崇德",2,0,2
"270","1340勝悅","110/08/06","日盛-員林",0,2,-2
"271","6246臺龍","110/08/06","元大-西螺",120,1,119
"272","6246臺龍","110/08/06","統一",0,247,-247
"273","6246臺龍","110/08/06","富邦-敦南",111,0,111
"274","6246臺龍","110/08/06","元大-林森",3,203,-200
"275","6246臺龍","110/08/06","統一-台中",74,10,64
"276","6246臺龍","110/08/06","凱基-大直",4,103,-99
"277","6246臺龍","110/08/06","日盛證券",53,0,53
"278","6246臺龍","110/08/06","大慶-富順",45,110,-65
"279","6246臺龍","110/08/06","兆豐-高雄",81,38,43
"280","6246臺龍","110/08/06","統一-南京",20,70,-50
"281","6246臺龍","110/08/06","群益金鼎-東大",43,2,41
"282","6246臺龍","110/08/06","港商野村",166,213,-47
"283","6246臺龍","110/08/06","統一-永和",40,0,40
"284","6246臺龍","110/08/06","台灣企銀",0,45,-45
"285","6246臺龍","110/08/06","凱基-市府",48,8,40
"286","6246臺龍","110/08/06","華南永昌-忠孝",1,45,-44
"287","6246臺龍","110/08/06","凱基-員林",40,0,40
"288","6246臺龍","110/08/06","永豐金-桃盛",0,35,-35
"289","6246臺龍","110/08/06","新光-高雄",57,21,36
"290","6246臺龍","110/08/06","康和-澎湖",0,30,-30
"291","6246臺龍","110/08/06","國泰-敦南",104,69,35
"292","6246臺龍","110/08/06","康和-石牌",0,30,-30
"293","6246臺龍","110/08/06","元大-金門",39,5,34
"294","6246臺龍","110/08/06","中國信託-永康",6,35,-29
"295","6246臺龍","110/08/06","元大-西屯",29,2,27
"296","6246臺龍","110/08/06","康和-內湖",2,30,-28
"297","6246臺龍","110/08/06","永興-水湳",26,1,25
"298","6246臺龍","110/08/06","大昌",16,43,-27
"299","6246臺龍","110/08/06","元大-豐原站前",25,0,25
"300","6246臺龍","110/08/06","台新證券",29,55,-26
"301","00715L期街口布蘭特正2","110/08/06","華南永昌-長虹",810,50,760
"302","00715L期街口布蘭特正2","110/08/06","永豐金證券",105,2122,-2017
"303","00715L期街口布蘭特正2","110/08/06","富邦證券",557,0,557
"304","00715L期街口布蘭特正2","110/08/06","(牛牛牛)亞-鑫豐",23,892,-869
"305","00715L期街口布蘭特正2","110/08/06","新光",643,129,514
"306","00715L期街口布蘭特正2","110/08/06","凱基-台北",1,789,-788
"307","00715L期街口布蘭特正2","110/08/06","台新-新營",434,0,434
"308","00715L期街口布蘭特正2","110/08/06","元大-永康",0,781,-781
"309","00715L期街口布蘭特正2","110/08/06","群益金鼎-屏東",401,0,401
"310","00715L期街口布蘭特正2","110/08/06","富邦-彰化",0,513,-513
"311","00715L期街口布蘭特正2","110/08/06","永豐金-板盛",402,21,381
"312","00715L期街口布蘭特正2","110/08/06","玉山-大里",0,488,-488
"313","00715L期街口布蘭特正2","110/08/06","兆豐-員林",302,6,296
"314","00715L期街口布蘭特正2","110/08/06","元大-中和",0,400,-400
"315","00715L期街口布蘭特正2","110/08/06","兆豐-新莊",260,0,260
"316","00715L期街口布蘭特正2","110/08/06","元富-安南",2,310,-308
"317","00715L期街口布蘭特正2","110/08/06","宏遠-光隆",252,0,252
"318","00715L期街口布蘭特正2","110/08/06","元大-羅東",5,304,-299
"319","00715L期街口布蘭特正2","110/08/06","台中銀",207,0,207
"320","00715L期街口布蘭特正2","110/08/06","第一金-路竹",13,273,-260
"321","00715L期街口布蘭特正2","110/08/06","國票-北高雄",204,0,204
"322","00715L期街口布蘭特正2","110/08/06","元大-新盛",5,247,-242
"323","00715L期街口布蘭特正2","110/08/06","永豐金-新店",200,4,196
"324","00715L期街口布蘭特正2","110/08/06","元大-忠孝",0,202,-202
"325","00715L期街口布蘭特正2","110/08/06","元大-新莊",211,17,194
"326","00715L期街口布蘭特正2","110/08/06","兆豐-嘉義",8,200,-192
"327","00715L期街口布蘭特正2","110/08/06","聯邦-興中",185,0,185
"328","00715L期街口布蘭特正2","110/08/06","元大-西屯",5,190,-185
"329","00715L期街口布蘭特正2","110/08/06","元富-成功",244,62,182
"330","00715L期街口布蘭特正2","110/08/06","元大-前金",1,181,-180
"331","8941關中","110/08/06","第一金-台南",6,0,6
"332","8941關中","110/08/06","富邦-員林",0,20,-20
"333","8941關中","110/08/06","凱基-市府",6,0,6
"334","8941關中","110/08/06","元大-金華",0,1,-1
"335","8941關中","110/08/06","合庫-台中",5,0,5
"336","8941關中","110/08/06","元大-淡水",0,1,-1
"337","8941關中","110/08/06","永豐金-三重",2,0,2
"338","8941關中","110/08/06","合庫證券",0,0,0
"339","8941關中","110/08/06","(牛牛牛)亞-鑫豐",1,0,1
"340","8941關中","110/08/06","元大證券",0,0,0
"341","8941關中","110/08/06","群益金鼎-基隆",1,0,1
"342","8941關中","110/08/06","元大-桃興",2,2,0
"343","8941關中","110/08/06","元大-古亭",1,0,1
"344","8941關中","110/08/06","元大-板橋",0,0,0
"345","8941關中","110/08/06","合庫證券",0,0,0
"346","8941關中","110/08/06","永豐金-萬盛",0,0,0
"347","8941關中","110/08/06","元大證券",0,0,0
"348","8941關中","110/08/06","",NA,NA,NA
"349","8941關中","110/08/06","元大-桃興",2,2,0
"350","8941關中","110/08/06","",NA,NA,NA
"351","8941關中","110/08/06","元大-板橋",0,0,0
"352","8941關中","110/08/06","",NA,NA,NA
"353","8941關中","110/08/06","永豐金-萬盛",0,0,0
"354","8941關中","110/08/06","",NA,NA,NA
"355","8941關中","110/08/06","",NA,NA,NA
"356","8941關中","110/08/06","",NA,NA,NA
"357","8941關中","110/08/06","",NA,NA,NA
"358","8941關中","110/08/06","",NA,NA,NA
"359","8941關中","110/08/06","",NA,NA,NA
"360","8941關中","110/08/06","",NA,NA,NA
"361","8936國統","110/08/06","摩根大通",55,0,55
"362","8936國統","110/08/06","大慶-蘆洲",1,63,-62
"363","8936國統","110/08/06","凱基-台北",66,19,47
"364","8936國統","110/08/06","宏遠-館前",0,50,-50
"365","8936國統","110/08/06","國票-敦北法人",25,1,24
"366","8936國統","110/08/06","凱基-長庚",0,46,-46
"367","8936國統","110/08/06","元大-大里德芳",22,0,22
"368","8936國統","110/08/06","台灣摩根士丹利",0,42,-42
"369","8936國統","110/08/06","兆豐-新營",20,0,20
"370","8936國統","110/08/06","永豐金-苓雅",15,48,-33
"371","8936國統","110/08/06","新光-新竹",17,0,17
"372","8936國統","110/08/06","元大-竹東",0,30,-30
"373","8936國統","110/08/06","新光-台中",17,4,13
"374","8936國統","110/08/06","新加坡商瑞銀",23,49,-26
"375","8936國統","110/08/06","元富-新店",10,0,10
"376","8936國統","110/08/06","國票-北高雄",0,25,-25
"377","8936國統","110/08/06","中國信託-永康",10,0,10
"378","8936國統","110/08/06","國泰-台南",0,20,-20
"379","8936國統","110/08/06","台新-高雄",11,1,10
"380","8936國統","110/08/06","國泰-敦南",7,24,-17
"381","8936國統","110/08/06","國泰-板橋",10,0,10
"382","8936國統","110/08/06","臺灣企銀-桃園",0,13,-13
"383","8936國統","110/08/06","群益金鼎-東湖",10,0,10
"384","8936國統","110/08/06","美商高盛",1,13,-12
"385","8936國統","110/08/06","元大-北成功",10,0,10
"386","8936國統","110/08/06","合庫-高雄",0,10,-10
"387","8936國統","110/08/06","臺銀-高雄",9,0,9
"388","8936國統","110/08/06","臺銀",0,10,-10
"389","8936國統","110/08/06","日盛-和美",9,0,9
"390","8936國統","110/08/06","元大-土城學府",0,10,-10
"391","6226光鼎","110/08/06","國泰-敦南",183,87,96
"392","6226光鼎","110/08/06","富邦-嘉義",286,537,-251
"393","6226光鼎","110/08/06","台新-高雄",129,53,76
"394","6226光鼎","110/08/06","統一-新竹",30,181,-151
"395","6226光鼎","110/08/06","新光",81,25,56
"396","6226光鼎","110/08/06","宏遠-台中",0,118,-118
"397","6226光鼎","110/08/06","台新證券",112,57,55
"398","6226光鼎","110/08/06","華南永昌-大安",2,82,-80
"399","6226光鼎","110/08/06","台新-新營",56,4,52
"400","6226光鼎","110/08/06","元富-西松",1,76,-75
"401","6226光鼎","110/08/06","中國信託",48,7,41
"402","6226光鼎","110/08/06","凱基-豐中",1,74,-73
"403","6226光鼎","110/08/06","富邦-板橋",38,5,33
"404","6226光鼎","110/08/06","凱基-長庚",3,64,-61
"405","6226光鼎","110/08/06","台新-中壢",32,0,32
"406","6226光鼎","110/08/06","元富-高雄",2,58,-56
"407","6226光鼎","110/08/06","日盛-北高雄",32,1,31
"408","6226光鼎","110/08/06","永豐金-萬盛",2,49,-47
"409","6226光鼎","110/08/06","群益金鼎-桃園",31,0,31
"410","6226光鼎","110/08/06","統一-仁愛",11,57,-46
"411","6226光鼎","110/08/06","元大-屏東民生",31,0,31
"412","6226光鼎","110/08/06","國票-台中",0,46,-46
"413","6226光鼎","110/08/06","中國信託-永康",35,5,30
"414","6226光鼎","110/08/06","群益金鼎-嘉義",11,55,-44
"415","6226光鼎","110/08/06","國泰-台中",57,27,30
"416","6226光鼎","110/08/06","元大-沙鹿",6,50,-44
"417","6226光鼎","110/08/06","群益金鼎-板橋",30,0,30
"418","6226光鼎","110/08/06","新光-高雄",17,58,-41
"419","6226光鼎","110/08/06","寶盛",29,0,29
"420","6226光鼎","110/08/06","元大-嘉義",3,36,-33
"421","2363矽統","110/08/06","新加坡商瑞銀",1338,777,561
"422","2363矽統","110/08/06","凱基-台北",4343,7347,-3004
"423","2363矽統","110/08/06","日盛-三峽",475,86,389
"424","2363矽統","110/08/06","摩根大通",1716,2908,-1192
"425","2363矽統","110/08/06","中國信託-忠孝",433,44,389
"426","2363矽統","110/08/06","美商高盛",315,1169,-854
"427","2363矽統","110/08/06","陽信-石牌",448,73,375
"428","2363矽統","110/08/06","永豐金證券",168,889,-721
"429","2363矽統","110/08/06","國泰-台中",743,471,272
"430","2363矽統","110/08/06","國票-敦北法人",29,513,-484
"431","2363矽統","110/08/06","國泰-敦南",2177,1919,258
"432","2363矽統","110/08/06","元富-嘉義",43,424,-381
"433","2363矽統","110/08/06","台新-台中",565,347,218
"434","2363矽統","110/08/06","元大-東泰",174,540,-366
"435","2363矽統","110/08/06","元大-敦化",246,31,215
"436","2363矽統","110/08/06","元大證券",187,522,-335
"437","2363矽統","110/08/06","大昌-桃園",241,51,190
"438","2363矽統","110/08/06","合庫證券",173,495,-322
"439","2363矽統","110/08/06","華南永昌-淡水",230,48,182
"440","2363矽統","110/08/06","元大-萬華",128,391,-263
"441","2363矽統","110/08/06","港商野村",2381,2203,178
"442","2363矽統","110/08/06","國票-博愛",93,350,-257
"443","2363矽統","110/08/06","台新-高雄",529,361,168
"444","2363矽統","110/08/06","台新-屏東",200,455,-255
"445","2363矽統","110/08/06","元大-新竹",320,156,164
"446","2363矽統","110/08/06","日盛-南京",74,327,-253
"447","2363矽統","110/08/06","元大-中壢",454,292,162
"448","2363矽統","110/08/06","兆豐-民生",16,227,-211
"449","2363矽統","110/08/06","新光-台南",310,150,160
"450","2363矽統","110/08/06","元大-旗山",168,364,-196
"451","8112至上","110/08/06","新光-新竹",533,65,468
"452","8112至上","110/08/06","摩根大通",12,2930,-2918
"453","8112至上","110/08/06","國泰-新莊",192,0,192
"454","8112至上","110/08/06","凱基-台北",388,1548,-1160
"455","8112至上","110/08/06","合庫證券",195,11,184
"456","8112至上","110/08/06","新加坡商瑞銀",17,1069,-1052
"457","8112至上","110/08/06","元大-西門",178,2,176
"458","8112至上","110/08/06","台灣摩根士丹利",48,955,-907
"459","8112至上","110/08/06","(牛牛牛)亞-鑫豐",153,13,140
"460","8112至上","110/08/06","元大-竹科",61,824,-763
"461","8112至上","110/08/06","永豐金-中正",120,1,119
"462","8112至上","110/08/06","美林",19,583,-564
"463","8112至上","110/08/06","陽信",111,0,111
"464","8112至上","110/08/06","瑞士信貸",0,547,-547
"465","8112至上","110/08/06","康和-板橋",106,0,106
"466","8112至上","110/08/06","康和",2,484,-482
"467","8112至上","110/08/06","群益金鼎-延平",101,0,101
"468","8112至上","110/08/06","永豐金-台中",17,430,-413
"469","8112至上","110/08/06","元大-北成功",110,14,96
"470","8112至上","110/08/06","元大-屏南",4,393,-389
"471","8112至上","110/08/06","元富-古亭",141,46,95
"472","8112至上","110/08/06","美商高盛",12,217,-205
"473","8112至上","110/08/06","臺灣企銀-埔墘",92,1,91
"474","8112至上","110/08/06","新光-桃園",42,204,-162
"475","8112至上","110/08/06","第一金-桃園",89,0,89
"476","8112至上","110/08/06","玉山證券",18,162,-144
"477","8112至上","110/08/06","台新證券",105,16,89
"478","8112至上","110/08/06","群益金鼎-基隆",7,151,-144
"479","8112至上","110/08/06","玉山-板橋",96,10,86
"480","8112至上","110/08/06","台新-新營",60,183,-123
"481","1570力肯","110/08/06","國票-北高雄",246,40,206
"482","1570力肯","110/08/06","富邦-高雄",0,47,-47
"483","1570力肯","110/08/06","統一-松江",43,0,43
"484","1570力肯","110/08/06","凱基-台北",55,101,-46
"485","1570力肯","110/08/06","日茂-南投",42,2,40
"486","1570力肯","110/08/06","台新證券",25,60,-35
"487","1570力肯","110/08/06","群益金鼎-三重",34,2,32
"488","1570力肯","110/08/06","元富-三重",0,32,-32
"489","1570力肯","110/08/06","華南永昌-麻豆",32,4,28
"490","1570力肯","110/08/06","台中銀-員林",0,32,-32
"491","1570力肯","110/08/06","永豐金-中和",29,2,27
"492","1570力肯","110/08/06","國泰-板橋",1,33,-32
"493","1570力肯","110/08/06","永豐金-大園",21,0,21
"494","1570力肯","110/08/06","摩根大通",83,112,-29
"495","1570力肯","110/08/06","統一-三重",25,5,20
"496","1570力肯","110/08/06","玉山-新莊",0,27,-27
"497","1570力肯","110/08/06","元富-新店",20,0,20
"498","1570力肯","110/08/06","永豐金-虎尾",0,27,-27
"499","1570力肯","110/08/06","大昌-桃園",21,1,20
"500","1570力肯","110/08/06","玉山-左營",0,25,-25
"501","1570力肯","110/08/06","康和-高雄",18,1,17
"502","1570力肯","110/08/06","富邦-仁愛",10,32,-22
"503","1570力肯","110/08/06","元富-潮州",16,0,16
"504","1570力肯","110/08/06","中國信託-忠孝",0,21,-21
"505","1570力肯","110/08/06","元富-松德",15,0,15
"506","1570力肯","110/08/06","臺銀-鳳山",4,24,-20
"507","1570力肯","110/08/06","凱基-嘉義",15,0,15
"508","1570力肯","110/08/06","台新-屏東",1,21,-20
"509","1570力肯","110/08/06","凱基-埔墘",15,0,15
"510","1570力肯","110/08/06","群益金鼎-西松",0,20,-20
"511","2929淘帝","110/08/06","統一",155,0,155
"512","2929淘帝","110/08/06","元富-敦南",0,100,-100
"513","2929淘帝","110/08/06","港商野村",188,52,136
"514","2929淘帝","110/08/06","兆豐-忠孝",0,60,-60
"515","2929淘帝","110/08/06","摩根大通",72,3,69
"516","2929淘帝","110/08/06","台新證券",9,68,-59
"517","2929淘帝","110/08/06","新光-新竹",45,0,45
"518","2929淘帝","110/08/06","凱基-台北",30,80,-50
"519","2929淘帝","110/08/06","華南永昌",40,1,39
"520","2929淘帝","110/08/06","台新-台中",0,45,-45
"521","2929淘帝","110/08/06","美林",52,18,34
"522","2929淘帝","110/08/06","國泰-台中",2,43,-41
"523","2929淘帝","110/08/06","新加坡商瑞銀",48,14,34
"524","2929淘帝","110/08/06","華南永昌-林口",0,37,-37
"525","2929淘帝","110/08/06","日盛-頭份",32,0,32
"526","2929淘帝","110/08/06","元大-屏南",0,30,-30
"527","2929淘帝","110/08/06","日盛-板橋中山",30,0,30
"528","2929淘帝","110/08/06","群益金鼎-潭子",0,26,-26
"529","2929淘帝","110/08/06","元大-中壢",25,3,22
"530","2929淘帝","110/08/06","元大-新莊",3,26,-23
"531","2929淘帝","110/08/06","元大-莒光",21,0,21
"532","2929淘帝","110/08/06","臺銀-臺南",0,22,-22
"533","2929淘帝","110/08/06","福勝",20,0,20
"534","2929淘帝","110/08/06","新光",2,24,-22
"535","2929淘帝","110/08/06","元富-三重",17,0,17
"536","2929淘帝","110/08/06","華南永昌-長虹",0,22,-22
"537","2929淘帝","110/08/06","國票-南京",17,0,17
"538","2929淘帝","110/08/06","富邦-高雄",0,20,-20
"539","2929淘帝","110/08/06","合庫證券",16,0,16
"540","2929淘帝","110/08/06","元大-竹科",0,20,-20
"541","5410國眾","110/08/06","元大-中壢",15,1,14
"542","5410國眾","110/08/06","凱基-台北",0,16,-16
"543","5410國眾","110/08/06","玉山-嘉義",10,0,10
"544","5410國眾","110/08/06","元大-松山",0,15,-15
"545","5410國眾","110/08/06","元大-敦南",10,0,10
"546","5410國眾","110/08/06","元大-斗信",0,10,-10
"547","5410國眾","110/08/06","永豐金-板橋",10,0,10
"548","5410國眾","110/08/06","臺銀-臺南",0,9,-9
"549","5410國眾","110/08/06","華南永昌-新莊",9,0,9
"550","5410國眾","110/08/06","新光-台中",0,9,-9
"551","5410國眾","110/08/06","華南永昌-世貿",6,0,6
"552","5410國眾","110/08/06","群益金鼎-中壢",0,7,-7
"553","5410國眾","110/08/06","亞東",5,0,5
"554","5410國眾","110/08/06","永豐金-中和",0,7,-7
"555","5410國眾","110/08/06","大昌-新店",5,0,5
"556","5410國眾","110/08/06","元大-北投",0,6,-6
"557","5410國眾","110/08/06","凱基-民權",5,0,5
"558","5410國眾","110/08/06","元大-豐原站前",0,6,-6
"559","5410國眾","110/08/06","元大-士林",5,0,5
"560","5410國眾","110/08/06","臺銀",0,5,-5
"561","5410國眾","110/08/06","元大-北三重",5,0,5
"562","5410國眾","110/08/06","台灣企銀-太平",0,5,-5
"563","5410國眾","110/08/06","永豐金-桃園",5,0,5
"564","5410國眾","110/08/06","元大-大益",0,5,-5
"565","5410國眾","110/08/06","兆豐-員林",4,0,4
"566","5410國眾","110/08/06","元大-和平",0,5,-5
"567","5410國眾","110/08/06","台新-三民",4,0,4
"568","5410國眾","110/08/06","元大-台南",0,5,-5
"569","5410國眾","110/08/06","國泰-敦南",6,2,4
"570","5410國眾","110/08/06","元大-古亭",0,5,-5
"571","2841台開","110/08/06","宏遠-館前",520,0,520
"572","2841台開","110/08/06","元富-台南",0,200,-200
"573","2841台開","110/08/06","合庫證券",193,0,193
"574","2841台開","110/08/06","元大-鹿港",0,182,-182
"575","2841台開","110/08/06","永興-台中",100,0,100
"576","2841台開","110/08/06","群益金鼎-桃園",0,132,-132
"577","2841台開","110/08/06","永豐金-竹北",78,0,78
"578","2841台開","110/08/06","中國信託-忠孝",0,130,-130
"579","2841台開","110/08/06","元大證券",50,0,50
"580","2841台開","110/08/06","元大-四維",3,116,-113
"581","2841台開","110/08/06","元大-大天母",50,0,50
"582","2841台開","110/08/06","元富-嘉義",0,50,-50
"583","2841台開","110/08/06","永豐金-敦南",50,0,50
"584","2841台開","110/08/06","元富-板橋",0,50,-50
"585","2841台開","110/08/06","日盛-園區",49,0,49
"586","2841台開","110/08/06","(牛牛牛)亞-鑫豐",0,50,-50
"587","2841台開","110/08/06","元大-前金",38,0,38
"588","2841台開","110/08/06","群益金鼎-新店",0,50,-50
"589","2841台開","110/08/06","新光-台中",32,1,31
"590","2841台開","110/08/06","統一-彰化",0,45,-45
"591","2841台開","110/08/06","華南永昌-台中",30,0,30
"592","2841台開","110/08/06","台中銀",12,50,-38
"593","2841台開","110/08/06","第一金-忠孝",20,0,20
"594","2841台開","110/08/06","國票-中和",0,30,-30
"595","2841台開","110/08/06","富邦-台北",20,0,20
"596","2841台開","110/08/06","富邦-竹北",0,29,-29
"597","2841台開","110/08/06","元大-林園",20,0,20
"598","2841台開","110/08/06","日盛-樹林",0,26,-26
"599","2841台開","110/08/06","日盛-信義",18,0,18
"600","2841台開","110/08/06","富邦-板橋",0,25,-25
"601","6207雷科","110/08/06","凱基-台北",167,49,118
"602","6207雷科","110/08/06","群益金鼎-古亭",0,80,-80
"603","6207雷科","110/08/06","摩根大通",185,102,83
"604","6207雷科","110/08/06","康和-台中",0,56,-56
"605","6207雷科","110/08/06","新光-台中",65,1,64
"606","6207雷科","110/08/06","統一-板橋",8,59,-51
"607","6207雷科","110/08/06","元大-鳳山",77,40,37
"608","6207雷科","110/08/06","臺銀",0,50,-50
"609","6207雷科","110/08/06","德信",30,0,30
"610","6207雷科","110/08/06","日盛-忠孝",0,50,-50
"611","6207雷科","110/08/06","新加坡商瑞銀",47,19,28
"612","6207雷科","110/08/06","永豐金-虎尾",0,29,-29
"613","6207雷科","110/08/06","凱基-三重",30,2,28
"614","6207雷科","110/08/06","凱基-敦北",0,23,-23
"615","6207雷科","110/08/06","凱基-三峽",33,10,23
"616","6207雷科","110/08/06","華南永昌-世貿",0,22,-22
"617","6207雷科","110/08/06","玉山-台大",25,3,22
"618","6207雷科","110/08/06","兆豐-來福",5,25,-20
"619","6207雷科","110/08/06","元大-板橋",15,0,15
"620","6207雷科","110/08/06","群益金鼎-中壢",1,21,-20
"621","6207雷科","110/08/06","元大-南京",13,0,13
"622","6207雷科","110/08/06","宏遠-台南",0,16,-16
"623","6207雷科","110/08/06","元富-大昌",12,0,12
"624","6207雷科","110/08/06","合庫-桃園",0,15,-15
"625","6207雷科","110/08/06","德信-和平",11,0,11
"626","6207雷科","110/08/06","玉山-新莊",1,16,-15
"627","6207雷科","110/08/06","元大-承德",12,1,11
"628","6207雷科","110/08/06","群益金鼎-敦南",0,15,-15
"629","6207雷科","110/08/06","台新-高雄",18,8,10
"630","6207雷科","110/08/06","台新-左楠",2,15,-13
"631","3679新至陞","110/08/06","國票-安和",10,0,10
"632","3679新至陞","110/08/06","摩根大通",1,32,-31
"633","3679新至陞","110/08/06","元大-上新莊",10,0,10
"634","3679新至陞","110/08/06","凱基-台北",2,17,-15
"635","3679新至陞","110/08/06","富邦-台北",9,0,9
"636","3679新至陞","110/08/06","台灣摩根士丹利",0,11,-11
"637","3679新至陞","110/08/06","元大-板橋",9,3,6
"638","3679新至陞","110/08/06","瑞士信貸",0,11,-11
"639","3679新至陞","110/08/06","康和-板橋",5,0,5
"640","3679新至陞","110/08/06","兆豐-員林",0,10,-10
"641","3679新至陞","110/08/06","國泰-松江",5,0,5
"642","3679新至陞","110/08/06","元大-蘆洲",0,10,-10
"643","3679新至陞","110/08/06","凱基-三峽",5,0,5
"644","3679新至陞","110/08/06","美林",1,8,-7
"645","3679新至陞","110/08/06","華南永昌-大安",5,0,5
"646","3679新至陞","110/08/06","群益金鼎-桃園",0,7,-7
"647","3679新至陞","110/08/06","台新-屏東",4,0,4
"648","3679新至陞","110/08/06","玉山-台大",0,5,-5
"649","3679新至陞","110/08/06","群益金鼎-敦南",4,0,4
"650","3679新至陞","110/08/06","日盛-新竹",0,4,-4
"651","3679新至陞","110/08/06","元大-天母",4,0,4
"652","3679新至陞","110/08/06","土銀-和平",2,5,-3
"653","3679新至陞","110/08/06","臺銀-高雄",3,0,3
"654","3679新至陞","110/08/06","元富-松德",0,3,-3
"655","3679新至陞","110/08/06","台中銀-員林",3,0,3
"656","3679新至陞","110/08/06","光和-田中",0,3,-3
"657","3679新至陞","110/08/06","北城證券",3,0,3
"658","3679新至陞","110/08/06","群益金鼎-台南",0,3,-3
"659","3679新至陞","110/08/06","元大-景美",3,0,3
"660","3679新至陞","110/08/06","元大證券",1,4,-3
"661","2727王品","110/08/06","摩根大通",65,18,47
"662","2727王品","110/08/06","美商高盛",12,258,-246
"663","2727王品","110/08/06","華南永昌",18,0,18
"664","2727王品","110/08/06","安泰",2,60,-58
"665","2727王品","110/08/06","凱基-台北",41,25,16
"666","2727王品","110/08/06","台灣摩根士丹利",10,59,-49
"667","2727王品","110/08/06","元大-中壢",20,4,16
"668","2727王品","110/08/06","台新證券",17,60,-43
"669","2727王品","110/08/06","台新-高雄",27,13,14
"670","2727王品","110/08/06","元大-桃園",0,32,-32
"671","2727王品","110/08/06","永豐金-苓雅",14,1,13
"672","2727王品","110/08/06","凱基-基隆",0,30,-30
"673","2727王品","110/08/06","永豐金-中盛",14,1,13
"674","2727王品","110/08/06","群益金鼎-台中",0,22,-22
"675","2727王品","110/08/06","第一金-安和",12,0,12
"676","2727王品","110/08/06","凱基-三重",1,20,-19
"677","2727王品","110/08/06","台新-台南",12,0,12
"678","2727王品","110/08/06","元大證券",23,42,-19
"679","2727王品","110/08/06","元大-八德",12,0,12
"680","2727王品","110/08/06","瑞士信貸",0,18,-18
"681","2727王品","110/08/06","新加坡商瑞銀",14,3,11
"682","2727王品","110/08/06","港商野村",32,50,-18
"683","2727王品","110/08/06","美林",11,1,10
"684","2727王品","110/08/06","元大-羅東",2,17,-15
"685","2727王品","110/08/06","台新-中壢",10,0,10
"686","2727王品","110/08/06","元大-彰化",3,15,-12
"687","2727王品","110/08/06","大昌-新竹",9,0,9
"688","2727王品","110/08/06","土銀-高雄",1,12,-11
"689","2727王品","110/08/06","元大-文心興安",11,2,9
"690","2727王品","110/08/06","台新-新莊",0,11,-11
"691","1570力肯","110/08/06","國票-北高雄",246,40,206
"692","1570力肯","110/08/06","富邦-高雄",0,47,-47
"693","1570力肯","110/08/06","統一-松江",43,0,43
"694","1570力肯","110/08/06","凱基-台北",55,101,-46
"695","1570力肯","110/08/06","日茂-南投",42,2,40
"696","1570力肯","110/08/06","台新證券",25,60,-35
"697","1570力肯","110/08/06","群益金鼎-三重",34,2,32
"698","1570力肯","110/08/06","元富-三重",0,32,-32
"699","1570力肯","110/08/06","華南永昌-麻豆",32,4,28
"700","1570力肯","110/08/06","台中銀-員林",0,32,-32
"701","1570力肯","110/08/06","永豐金-中和",29,2,27
"702","1570力肯","110/08/06","國泰-板橋",1,33,-32
"703","1570力肯","110/08/06","永豐金-大園",21,0,21
"704","1570力肯","110/08/06","摩根大通",83,112,-29
"705","1570力肯","110/08/06","統一-三重",25,5,20
"706","1570力肯","110/08/06","玉山-新莊",0,27,-27
"707","1570力肯","110/08/06","元富-新店",20,0,20
"708","1570力肯","110/08/06","永豐金-虎尾",0,27,-27
"709","1570力肯","110/08/06","大昌-桃園",21,1,20
"710","1570力肯","110/08/06","玉山-左營",0,25,-25
"711","1570力肯","110/08/06","康和-高雄",18,1,17
"712","1570力肯","110/08/06","富邦-仁愛",10,32,-22
"713","1570力肯","110/08/06","元富-潮州",16,0,16
"714","1570力肯","110/08/06","中國信託-忠孝",0,21,-21
"715","1570力肯","110/08/06","元富-松德",15,0,15
"716","1570力肯","110/08/06","臺銀-鳳山",4,24,-20
"717","1570力肯","110/08/06","凱基-嘉義",15,0,15
"718","1570力肯","110/08/06","台新-屏東",1,21,-20
"719","1570力肯","110/08/06","凱基-埔墘",15,0,15
"720","1570力肯","110/08/06","群益金鼎-西松",0,20,-20
"721","6180橘子","110/08/06","凱基-中山",138,3,135
"722","6180橘子","110/08/06","新光",6,37,-31
"723","6180橘子","110/08/06","富邦-高雄",18,0,18
"724","6180橘子","110/08/06","永豐金-板新",0,24,-24
"725","6180橘子","110/08/06","美商高盛",14,0,14
"726","6180橘子","110/08/06","國票-九鼎",0,20,-20
"727","6180橘子","110/08/06","富邦-板橋",14,0,14
"728","6180橘子","110/08/06","群益金鼎-古亭",0,20,-20
"729","6180橘子","110/08/06","台灣摩根士丹利",18,6,12
"730","6180橘子","110/08/06","凱基-台北",2,22,-20
"731","6180橘子","110/08/06","聯邦-雙和",11,0,11
"732","6180橘子","110/08/06","富邦-員林",1,20,-19
"733","6180橘子","110/08/06","宏遠-光隆",10,0,10
"734","6180橘子","110/08/06","富邦-基隆",0,14,-14
"735","6180橘子","110/08/06","元富-四維",10,0,10
"736","6180橘子","110/08/06","元富-永和",1,12,-11
"737","6180橘子","110/08/06","摩根大通",11,1,10
"738","6180橘子","110/08/06","玉山-台南",0,11,-11
"739","6180橘子","110/08/06","日盛-中壢",9,0,9
"740","6180橘子","110/08/06","元大-彰化民生",0,11,-11
"741","6180橘子","110/08/06","中國信託",9,0,9
"742","6180橘子","110/08/06","群益金鼎-忠孝",0,10,-10
"743","6180橘子","110/08/06","凱基-板橋",10,1,9
"744","6180橘子","110/08/06","元大-龍潭",0,10,-10
"745","6180橘子","110/08/06","日盛-景美",9,2,7
"746","6180橘子","110/08/06","元大-金華",1,11,-10
"747","6180橘子","110/08/06","瑞士信貸",7,0,7
"748","6180橘子","110/08/06","第一金-新興",0,8,-8
"749","6180橘子","110/08/06","元大-高雄",5,0,5
"750","6180橘子","110/08/06","美林",0,7,-7
"751","2390云辰","110/08/06","元大證券",203,14,189
"752","2390云辰","110/08/06","永豐金-豐原",0,174,-174
"753","2390云辰","110/08/06","美商高盛",114,7,107
"754","2390云辰","110/08/06","第一金-華江",0,83,-83
"755","2390云辰","110/08/06","華南永昌-麻豆",103,0,103
"756","2390云辰","110/08/06","凱基-台北",126,197,-71
"757","2390云辰","110/08/06","國票-安和",76,11,65
"758","2390云辰","110/08/06","摩根大通",129,187,-58
"759","2390云辰","110/08/06","港商野村",188,138,50
"760","2390云辰","110/08/06","臺銀-金山",0,50,-50
"761","2390云辰","110/08/06","元大-土城學府",102,56,46
"762","2390云辰","110/08/06","聯邦商銀",13,50,-37
"763","2390云辰","110/08/06","元富-板橋",41,0,41
"764","2390云辰","110/08/06","元大-上新莊",10,43,-33
"765","2390云辰","110/08/06","新加坡商瑞銀",47,7,40
"766","2390云辰","110/08/06","兆豐-三民",0,30,-30
"767","2390云辰","110/08/06","元大-台南",35,0,35
"768","2390云辰","110/08/06","富邦-桃園",0,30,-30
"769","2390云辰","110/08/06","凱基-林口",31,0,31
"770","2390云辰","110/08/06","國泰-敦南",33,60,-27
"771","2390云辰","110/08/06","凱基-台中",23,0,23
"772","2390云辰","110/08/06","元大-天母",1,28,-27
"773","2390云辰","110/08/06","台新-左楠",22,0,22
"774","2390云辰","110/08/06","統一-高雄",0,25,-25
"775","2390云辰","110/08/06","元大-文心",24,2,22
"776","2390云辰","110/08/06","元大-太平",0,22,-22
"777","2390云辰","110/08/06","統一-三重",22,1,21
"778","2390云辰","110/08/06","彰銀-台中",36,56,-20
"779","2390云辰","110/08/06","台灣企銀-嘉義",20,0,20
"780","2390云辰","110/08/06","統一-屏東",1,21,-20
"781","2867三商壽","110/08/05","摩根大通",376,0,376
"782","2867三商壽","110/08/05","日盛-新莊",0,253,-253
"783","2867三商壽","110/08/05","玉山-大里",307,1,306
"784","2867三商壽","110/08/05","宏遠-高雄",0,156,-156
"785","2867三商壽","110/08/05","元大-土城永寧",250,0,250
"786","2867三商壽","110/08/05","康和-台中",0,135,-135
"787","2867三商壽","110/08/05","新加坡商瑞銀",137,0,137
"788","2867三商壽","110/08/05","台灣摩根士丹利",17,133,-116
"789","2867三商壽","110/08/05","大展",120,0,120
"790","2867三商壽","110/08/05","台灣企銀-竹北",0,100,-100
"791","2867三商壽","110/08/05","凱基-長庚",120,0,120
"792","2867三商壽","110/08/05","群益金鼎-桃園",1,100,-99
"793","2867三商壽","110/08/05","元大-大同",104,2,102
"794","2867三商壽","110/08/05","永豐金-高雄",10,101,-91
"795","2867三商壽","110/08/05","凱基-台北",98,30,68
"796","2867三商壽","110/08/05","元富",0,70,-70
"797","2867三商壽","110/08/05","華南永昌-朴子",60,0,60
"798","2867三商壽","110/08/05","富邦-花蓮",0,53,-53
"799","2867三商壽","110/08/05","永豐金-市政",50,0,50
"800","2867三商壽","110/08/05","日盛-台南",0,43,-43
"801","2867三商壽","110/08/05","富邦-台南",49,1,48
"802","2867三商壽","110/08/05","宏遠-台中",6,45,-39
"803","2867三商壽","110/08/05","永豐金-永康",30,0,30
"804","2867三商壽","110/08/05","瑞士信貸",0,32,-32
"805","2867三商壽","110/08/05","富邦-竹東",30,1,29
"806","2867三商壽","110/08/05","致和-高雄",0,31,-31
"807","2867三商壽","110/08/05","兆豐-高雄",30,10,20
"808","2867三商壽","110/08/05","國泰-台南",1,32,-31
"809","2867三商壽","110/08/05","群益金鼎-西松",20,0,20
"810","2867三商壽","110/08/05","元大-松山",1,31,-30
"811","5521工信","110/08/05","兆豐-桃園",72,0,72
"812","5521工信","110/08/05","美林",5,100,-95
"813","5521工信","110/08/05","(牛牛牛)亞-鑫豐",24,0,24
"814","5521工信","110/08/05","華南永昌-桃園",0,76,-76
"815","5521工信","110/08/05","富邦-建國",22,0,22
"816","5521工信","110/08/05","第一金-桃園",0,43,-43
"817","5521工信","110/08/05","日盛-雙和",16,0,16
"818","5521工信","110/08/05","凱基-台北",0,26,-26
"819","5521工信","110/08/05","元大-鳳山",16,0,16
"820","5521工信","110/08/05","台灣摩根士丹利",0,22,-22
"821","5521工信","110/08/05","元富-城東",12,0,12
"822","5521工信","110/08/05","富邦-竹北",0,20,-20
"823","5521工信","110/08/05","元大-東蘆",12,0,12
"824","5521工信","110/08/05","富邦-員林",0,20,-20
"825","5521工信","110/08/05","元大-路竹",11,0,11
"826","5521工信","110/08/05","元大-豐原",0,20,-20
"827","5521工信","110/08/05","元大-基隆孝二",11,0,11
"828","5521工信","110/08/05","港商野村",0,17,-17
"829","5521工信","110/08/05","日盛-園區",10,0,10
"830","5521工信","110/08/05","元大-大同",0,14,-14
"831","5521工信","110/08/05","玉山-台大",10,0,10
"832","5521工信","110/08/05","永豐金證券",0,14,-14
"833","5521工信","110/08/05","華南永昌-公誠",10,0,10
"834","5521工信","110/08/05","兆豐-高雄",0,10,-10
"835","5521工信","110/08/05","元大-斗六",10,0,10
"836","5521工信","110/08/05","群益金鼎-永和",0,10,-10
"837","5521工信","110/08/05","元大-屏東",10,0,10
"838","5521工信","110/08/05","永豐金-中和",0,10,-10
"839","5521工信","110/08/05","國泰-台中",9,0,9
"840","5521工信","110/08/05","第一金-高雄",0,7,-7
"841","1471首利","110/08/05","國票-北高雄",50,0,50
"842","1471首利","110/08/05","永豐金-板盛",0,129,-129
"843","1471首利","110/08/05","台灣摩根士丹利",49,0,49
"844","1471首利","110/08/05","元大-三重",0,50,-50
"845","1471首利","110/08/05","元大-太平",30,0,30
"846","1471首利","110/08/05","瑞士信貸",0,42,-42
"847","1471首利","110/08/05","國泰-敦南",24,0,24
"848","1471首利","110/08/05","美林",0,37,-37
"849","1471首利","110/08/05","玉山-桃園",21,0,21
"850","1471首利","110/08/05","元富-草屯",0,30,-30
"851","1471首利","110/08/05","宏遠-光隆",20,0,20
"852","1471首利","110/08/05","元富-民權",0,25,-25
"853","1471首利","110/08/05","富邦-嘉義",20,1,19
"854","1471首利","110/08/05","台中銀",0,23,-23
"855","1471首利","110/08/05","元大-博愛",30,13,17
"856","1471首利","110/08/05","元富-新興",0,20,-20
"857","1471首利","110/08/05","台新-高雄",16,0,16
"858","1471首利","110/08/05","摩根大通",17,33,-16
"859","1471首利","110/08/05","日盛-文化",15,0,15
"860","1471首利","110/08/05","日盛-鳳山",0,15,-15
"861","1471首利","110/08/05","群益金鼎-新莊",15,0,15
"862","1471首利","110/08/05","高橋",0,14,-14
"863","1471首利","110/08/05","凱基-科園",13,0,13
"864","1471首利","110/08/05","富邦-羅東",0,13,-13
"865","1471首利","110/08/05","元大-高雄",12,0,12
"866","1471首利","110/08/05","德信-中正",0,12,-12
"867","1471首利","110/08/05","第一金-桃園",11,0,11
"868","1471首利","110/08/05","群益金鼎-中港",5,17,-12
"869","1471首利","110/08/05","台灣企銀-太平",10,0,10
"870","1471首利","110/08/05","第一金-台南",0,10,-10
"871","2883開發金","110/08/05","元富",5268,0,5268
"872","2883開發金","110/08/05","新光-高雄",309,4909,-4600
"873","2883開發金","110/08/05","瑞士信貸",4963,0,4963
"874","2883開發金","110/08/05","富邦-竹東",594,3509,-2915
"875","2883開發金","110/08/05","富邦證券",3800,0,3800
"876","2883開發金","110/08/05","永豐金-南京",2,1915,-1913
"877","2883開發金","110/08/05","台灣摩根士丹利",3886,1250,2636
"878","2883開發金","110/08/05","第一金-自由",2,1894,-1892
"879","2883開發金","110/08/05","元富-城東",2119,68,2051
"880","2883開發金","110/08/05","康和-仁愛",0,1820,-1820
"881","2883開發金","110/08/05","港商野村",2397,395,2002
"882","2883開發金","110/08/05","兆豐-台中港",22,1522,-1500
"883","2883開發金","110/08/05","第一金-忠孝",2020,88,1932
"884","2883開發金","110/08/05","元大-大同",43,1010,-967
"885","2883開發金","110/08/05","國泰證券",1682,3,1679
"886","2883開發金","110/08/05","國票",53,645,-592
"887","2883開發金","110/08/05","大和國泰",1666,0,1666
"888","2883開發金","110/08/05","富邦-新竹",86,674,-588
"889","2883開發金","110/08/05","永豐金-板橋",1507,15,1492
"890","2883開發金","110/08/05","富邦-建國",39,560,-521
"891","2883開發金","110/08/05","台灣企銀-民雄",1002,0,1002
"892","2883開發金","110/08/05","日盛-台南",7,525,-518
"893","2883開發金","110/08/05","美林",1263,577,686
"894","2883開發金","110/08/05","凱基-基隆",1,510,-509
"895","2883開發金","110/08/05","康和",640,0,640
"896","2883開發金","110/08/05","元富-民權",0,500,-500
"897","2883開發金","110/08/05","凱基-台北",1262,679,583
"898","2883開發金","110/08/05","永豐金-松山",9,509,-500
"899","2883開發金","110/08/05","福邦證券",560,50,510
"900","2883開發金","110/08/05","華南永昌-中正",25,511,-486
"901","6205詮欣","110/08/05","富邦-高雄",27,0,27
"902","6205詮欣","110/08/05","臺銀-鳳山",0,31,-31
"903","6205詮欣","110/08/05","摩根大通",27,1,26
"904","6205詮欣","110/08/05","合庫-三重",0,15,-15
"905","6205詮欣","110/08/05","永豐金-敦南",14,0,14
"906","6205詮欣","110/08/05","臺銀-民權",11,21,-10
"907","6205詮欣","110/08/05","凱基-台北",14,1,13
"908","6205詮欣","110/08/05","日盛-中壢",0,10,-10
"909","6205詮欣","110/08/05","瑞士信貸",14,5,9
"910","6205詮欣","110/08/05","統一-松江",0,10,-10
"911","6205詮欣","110/08/05","凱基-湖口",9,0,9
"912","6205詮欣","110/08/05","台新-三民",0,9,-9
"913","6205詮欣","110/08/05","德信-新營",4,0,4
"914","6205詮欣","110/08/05","臺銀-新竹",1,9,-8
"915","6205詮欣","110/08/05","元大-東蘆",5,1,4
"916","6205詮欣","110/08/05","康和",0,5,-5
"917","6205詮欣","110/08/05","臺銀-高雄",3,0,3
"918","6205詮欣","110/08/05","元大-館前",0,4,-4
"919","6205詮欣","110/08/05","富邦-左營",3,0,3
"920","6205詮欣","110/08/05","宏遠-新化",0,3,-3
"921","6205詮欣","110/08/05","日盛-花蓮",2,0,2
"922","6205詮欣","110/08/05","新加坡商瑞銀",4,7,-3
"923","6205詮欣","110/08/05","元富-三重",2,0,2
"924","6205詮欣","110/08/05","致和-高雄",0,3,-3
"925","6205詮欣","110/08/05","北城證券",2,0,2
"926","6205詮欣","110/08/05","國票",0,3,-3
"927","6205詮欣","110/08/05","國票-南港",2,0,2
"928","6205詮欣","110/08/05","富邦-嘉義",0,3,-3
"929","6205詮欣","110/08/05","台新證券",2,0,2
"930","6205詮欣","110/08/05","統一-士林",0,2,-2
"931","1540喬福","110/08/05","元富-中原",24,0,24
"932","1540喬福","110/08/05","統一-新台中",0,21,-21
"933","1540喬福","110/08/05","台新-台南",10,0,10
"934","1540喬福","110/08/05","國泰-敦南",0,15,-15
"935","1540喬福","110/08/05","台新-台中",10,0,10
"936","1540喬福","110/08/05","華南永昌-南京",0,10,-10
"937","1540喬福","110/08/05","瑞士信貸",6,0,6
"938","1540喬福","110/08/05","元大-台中中港",0,10,-10
"939","1540喬福","110/08/05","台中銀-豐原",6,0,6
"940","1540喬福","110/08/05","德信-新營",0,8,-8
"941","1540喬福","110/08/05","凱基-台北",6,0,6
"942","1540喬福","110/08/05","新光-台南",0,4,-4
"943","1540喬福","110/08/05","凱基-台南",5,0,5
"944","1540喬福","110/08/05","元大-大天母",6,10,-4
"945","1540喬福","110/08/05","元大-士林",5,0,5
"946","1540喬福","110/08/05","康和-新竹",0,3,-3
"947","1540喬福","110/08/05","美林",2,0,2
"948","1540喬福","110/08/05","元大-龍潭",0,3,-3
"949","1540喬福","110/08/05","群益金鼎-崇德",2,0,2
"950","1540喬福","110/08/05","第一金-員林",0,1,-1
"951","1540喬福","110/08/05","凱基-苗栗",2,0,2
"952","1540喬福","110/08/05","第一金-豐原",0,1,-1
"953","1540喬福","110/08/05","凱基-中壢",2,0,2
"954","1540喬福","110/08/05","台新-高雄",0,1,-1
"955","1540喬福","110/08/05","土銀-士林",1,0,1
"956","1540喬福","110/08/05","元大-崇德",0,1,-1
"957","1540喬福","110/08/05","群益金鼎-丹鳳",1,0,1
"958","1540喬福","110/08/05","元大-中壢",0,1,-1
"959","1540喬福","110/08/05","元大-文心",1,0,1
"960","1540喬福","110/08/05","元大-斗信",0,1,-1
"961","2888新光金","110/08/05","華南永昌-南京",3753,8,3745
"962","2888新光金","110/08/05","第一金-高雄",0,5007,-5007
"963","2888新光金","110/08/05","玉山-城中",2004,28,1976
"964","2888新光金","110/08/05","美商高盛",12,1719,-1707
"965","2888新光金","110/08/05","元大-西門",906,18,888
"966","2888新光金","110/08/05","香港上海匯豐",0,1437,-1437
"967","2888新光金","110/08/05","日盛-和美",557,3,554
"968","2888新光金","110/08/05","凱基-台南",46,802,-756
"969","2888新光金","110/08/05","康和-台中",460,49,411
"970","2888新光金","110/08/05","美林",538,1140,-602
"971","2888新光金","110/08/05","元富-緯城",302,1,301
"972","2888新光金","110/08/05","凱基-台北",686,1280,-594
"973","2888新光金","110/08/05","彰銀",301,3,298
"974","2888新光金","110/08/05","法銀巴黎",0,562,-562
"975","2888新光金","110/08/05","花旗環球",356,84,272
"976","2888新光金","110/08/05","瑞士信貸",1350,1798,-448
"977","2888新光金","110/08/05","永全-南崁",240,0,240
"978","2888新光金","110/08/05","群益金鼎-丹鳳",4,303,-299
"979","2888新光金","110/08/05","永豐金-彰化",232,20,212
"980","2888新光金","110/08/05","安泰-大發",10,300,-290
"981","2888新光金","110/08/05","統一-新台中",214,7,207
"982","2888新光金","110/08/05","摩根大通",1159,1428,-269
"983","2888新光金","110/08/05","中國信託-永康",203,0,203
"984","2888新光金","110/08/05","兆豐-員林",4,260,-256
"985","2888新光金","110/08/05","日盛-景美",200,0,200
"986","2888新光金","110/08/05","日盛-大墩",0,250,-250
"987","2888新光金","110/08/05","元大-東泰",207,22,185
"988","2888新光金","110/08/05","元大-大里",31,243,-212
"989","2888新光金","110/08/05","合庫證券",181,2,179
"990","2888新光金","110/08/05","北城證券",25,230,-205
"991","1340勝悅","110/08/05","富邦-仁愛",20,0,20
"992","1340勝悅","110/08/05","中國信託",0,36,-36
"993","1340勝悅","110/08/05","華南永昌-忠孝",12,0,12
"994","1340勝悅","110/08/05","新光-新竹",0,18,-18
"995","1340勝悅","110/08/05","華南永昌-楠梓",10,0,10
"996","1340勝悅","110/08/05","永豐金-嘉義",0,15,-15
"997","1340勝悅","110/08/05","統一-城中",17,11,6
"998","1340勝悅","110/08/05","日茂",0,10,-10
"999","1340勝悅","110/08/05","臺灣企銀-埔墘",5,0,5
"1000","1340勝悅","110/08/05","富邦-宜蘭",0,10,-10
"1001","1340勝悅","110/08/05","國票-台東",5,0,5
"1002","1340勝悅","110/08/05","元富-花蓮",0,9,-9
"1003","1340勝悅","110/08/05","新光-高雄",5,0,5
"1004","1340勝悅","110/08/05","永豐金-南京",0,7,-7
"1005","1340勝悅","110/08/05","國泰-台中",6,1,5
"1006","1340勝悅","110/08/05","統一",0,6,-6
"1007","1340勝悅","110/08/05","富邦-陽明",5,0,5
"1008","1340勝悅","110/08/05","合庫-西台中",0,3,-3
"1009","1340勝悅","110/08/05","日盛-板橋",4,0,4
"1010","1340勝悅","110/08/05","港商野村",0,3,-3
"1011","1340勝悅","110/08/05","港商法國興業",4,0,4
"1012","1340勝悅","110/08/05","兆豐-新竹",0,3,-3
"1013","1340勝悅","110/08/05","臺銀-高雄",3,0,3
"1014","1340勝悅","110/08/05","亞東-台中",0,2,-2
"1015","1340勝悅","110/08/05","元富-新店",3,0,3
"1016","1340勝悅","110/08/05","元大-歸仁",0,2,-2
"1017","1340勝悅","110/08/05","康和-屏東",3,0,3
"1018","1340勝悅","110/08/05","日盛-斗六",0,1,-1
"1019","1340勝悅","110/08/05","群益金鼎-民權",3,0,3
"1020","1340勝悅","110/08/05","日盛-中和",0,1,-1
"1021","6246臺龍","110/08/05","元大-林森",200,0,200
"1022","6246臺龍","110/08/05","統一",0,180,-180
"1023","6246臺龍","110/08/05","元大證券",92,1,91
"1024","6246臺龍","110/08/05","大慶-富順",0,114,-114
"1025","6246臺龍","110/08/05","凱基-大直",99,19,80
"1026","6246臺龍","110/08/05","台新-三民",0,77,-77
"1027","6246臺龍","110/08/05","元大-北港",51,0,51
"1028","6246臺龍","110/08/05","永興",0,48,-48
"1029","6246臺龍","110/08/05","統一-南京",50,0,50
"1030","6246臺龍","110/08/05","華南永昌-嘉義",1,26,-25
"1031","6246臺龍","110/08/05","台灣企銀",40,0,40
"1032","6246臺龍","110/08/05","宏遠-民生",0,20,-20
"1033","6246臺龍","110/08/05","永豐金-虎尾",23,0,23
"1034","6246臺龍","110/08/05","兆豐-大同",0,20,-20
"1035","6246臺龍","110/08/05","凱基-台北",27,5,22
"1036","6246臺龍","110/08/05","華南永昌-林口",0,20,-20
"1037","6246臺龍","110/08/05","元富-新竹",20,0,20
"1038","6246臺龍","110/08/05","元大-永春",0,20,-20
"1039","6246臺龍","110/08/05","康和-石牌",20,0,20
"1040","6246臺龍","110/08/05","元大-東泰",0,19,-19
"1041","6246臺龍","110/08/05","聯邦-大業",20,0,20
"1042","6246臺龍","110/08/05","德信-新營",0,18,-18
"1043","6246臺龍","110/08/05","凱基-彰化",18,0,18
"1044","6246臺龍","110/08/05","永豐金-松山",10,28,-18
"1045","6246臺龍","110/08/05","永豐金-復興",17,1,16
"1046","6246臺龍","110/08/05","台新-台中",4,20,-16
"1047","6246臺龍","110/08/05","新光-台中",17,2,15
"1048","6246臺龍","110/08/05","兆豐-竹北",5,20,-15
"1049","6246臺龍","110/08/05","元大-路竹",15,1,14
"1050","6246臺龍","110/08/05","兆豐-南京",1,14,-13
"1051","00715L期街口布蘭特正2","110/08/05","(牛牛牛)亞-鑫豐",1195,20,1175
"1052","00715L期街口布蘭特正2","110/08/05","元大證券",1735,21716,-19981
"1053","00715L期街口布蘭特正2","110/08/05","元大-萬華",930,0,930
"1054","00715L期街口布蘭特正2","110/08/05","凱基-台北",182,11686,-11504
"1055","00715L期街口布蘭特正2","110/08/05","元大-永康",810,9,801
"1056","00715L期街口布蘭特正2","110/08/05","元富",8,6852,-6844
"1057","00715L期街口布蘭特正2","110/08/05","富邦-彰化",760,0,760
"1058","00715L期街口布蘭特正2","110/08/05","台新證券",598,4522,-3924
"1059","00715L期街口布蘭特正2","110/08/05","國泰-敦南",830,155,675
"1060","00715L期街口布蘭特正2","110/08/05","凱基",0,3168,-3168
"1061","00715L期街口布蘭特正2","110/08/05","新光-台中",698,33,665
"1062","00715L期街口布蘭特正2","110/08/05","群益金鼎",0,1742,-1742
"1063","00715L期街口布蘭特正2","110/08/05","富邦-南屯",621,5,616
"1064","00715L期街口布蘭特正2","110/08/05","國票",22,1607,-1585
"1065","00715L期街口布蘭特正2","110/08/05","群益金鼎-士林",620,40,580
"1066","00715L期街口布蘭特正2","110/08/05","永豐金證券",91,1254,-1163
"1067","00715L期街口布蘭特正2","110/08/05","兆豐-嘉義",510,0,510
"1068","00715L期街口布蘭特正2","110/08/05","富邦證券",140,1095,-955
"1069","00715L期街口布蘭特正2","110/08/05","統一-新竹",508,9,499
"1070","00715L期街口布蘭特正2","110/08/05","元大-雙和",22,850,-828
"1071","00715L期街口布蘭特正2","110/08/05","國泰-板橋",521,24,497
"1072","00715L期街口布蘭特正2","110/08/05","國票-台中",25,805,-780
"1073","00715L期街口布蘭特正2","110/08/05","元大-中和",481,3,478
"1074","00715L期街口布蘭特正2","110/08/05","華南永昌-長虹",145,820,-675
"1075","00715L期街口布蘭特正2","110/08/05","元大-羅東",470,0,470
"1076","00715L期街口布蘭特正2","110/08/05","日盛-大墩",121,455,-334
"1077","00715L期街口布蘭特正2","110/08/05","群益金鼎-嘉義",483,20,463
"1078","00715L期街口布蘭特正2","110/08/05","華南永昌-斗六",52,380,-328
"1079","00715L期街口布蘭特正2","110/08/05","群益金鼎-中壢",476,30,446
"1080","00715L期街口布蘭特正2","110/08/05","康和",0,250,-250
"1081","8941關中","110/08/05","第一金-台南",1,0,1
"1082","8941關中","110/08/05","元富-宜蘭",0,2,-2
"1083","8941關中","110/08/05","康和-嘉義",1,0,1
"1084","8941關中","110/08/05","統一-南京",0,1,-1
"1085","8941關中","110/08/05","群益金鼎-延平",1,0,1
"1086","8941關中","110/08/05","合庫證券",0,0,0
"1087","8941關中","110/08/05","合庫證券",0,0,0
"1088","8941關中","110/08/05","(牛牛牛)亞-鑫豐",0,0,0
"1089","8941關中","110/08/05","(牛牛牛)亞-鑫豐",0,0,0
"1090","8941關中","110/08/05","富邦-北港",0,0,0
"1091","8941關中","110/08/05","富邦-北港",0,0,0
"1092","8941關中","110/08/05","",NA,NA,NA
"1093","8941關中","110/08/05","",NA,NA,NA
"1094","8941關中","110/08/05","",NA,NA,NA
"1095","8941關中","110/08/05","",NA,NA,NA
"1096","8941關中","110/08/05","",NA,NA,NA
"1097","8941關中","110/08/05","",NA,NA,NA
"1098","8941關中","110/08/05","",NA,NA,NA
"1099","8941關中","110/08/05","",NA,NA,NA
"1100","8941關中","110/08/05","",NA,NA,NA
"1101","8941關中","110/08/05","",NA,NA,NA
"1102","8941關中","110/08/05","",NA,NA,NA
"1103","8941關中","110/08/05","",NA,NA,NA
"1104","8941關中","110/08/05","",NA,NA,NA
"1105","8941關中","110/08/05","",NA,NA,NA
"1106","8941關中","110/08/05","",NA,NA,NA
"1107","8941關中","110/08/05","",NA,NA,NA
"1108","8941關中","110/08/05","",NA,NA,NA
"1109","8941關中","110/08/05","",NA,NA,NA
"1110","8941關中","110/08/05","",NA,NA,NA
"1111","8936國統","110/08/05","國票-敦北法人",100,0,100
"1112","8936國統","110/08/05","摩根大通",16,240,-224
"1113","8936國統","110/08/05","第一金-光復",50,0,50
"1114","8936國統","110/08/05","台新-松江",0,205,-205
"1115","8936國統","110/08/05","元大-蘆洲",45,0,45
"1116","8936國統","110/08/05","凱基-台北",1,177,-176
"1117","8936國統","110/08/05","富邦-建國",34,0,34
"1118","8936國統","110/08/05","新加坡商瑞銀",14,119,-105
"1119","8936國統","110/08/05","富邦-高雄",33,1,32
"1120","8936國統","110/08/05","凱基-市政",0,35,-35
"1121","8936國統","110/08/05","元大-敦南",30,0,30
"1122","8936國統","110/08/05","瑞士信貸",0,31,-31
"1123","8936國統","110/08/05","元大-博愛",23,0,23
"1124","8936國統","110/08/05","合庫-高雄",22,49,-27
"1125","8936國統","110/08/05","國票-長城",20,0,20
"1126","8936國統","110/08/05","港商野村",15,41,-26
"1127","8936國統","110/08/05","凱基-岡山",20,0,20
"1128","8936國統","110/08/05","富邦-陽明",1,24,-23
"1129","8936國統","110/08/05","凱基-台南",20,0,20
"1130","8936國統","110/08/05","合庫-新竹",0,22,-22
"1131","8936國統","110/08/05","富邦-中壢",21,2,19
"1132","8936國統","110/08/05","美商高盛",0,20,-20
"1133","8936國統","110/08/05","永豐金-忠孝",17,0,17
"1134","8936國統","110/08/05","元大-雙和",0,20,-20
"1135","8936國統","110/08/05","玉山-台中",16,0,16
"1136","8936國統","110/08/05","彰銀-七賢",0,18,-18
"1137","8936國統","110/08/05","兆豐-景美",15,0,15
"1138","8936國統","110/08/05","台灣企銀-台中",0,15,-15
"1139","8936國統","110/08/05","富邦-南屯",15,0,15
"1140","8936國統","110/08/05","兆豐-大同",0,15,-15
"1141","6226光鼎","110/08/05","國泰-敦南",190,90,100
"1142","6226光鼎","110/08/05","富邦-嘉義",590,964,-374
"1143","6226光鼎","110/08/05","凱基-台中",98,2,96
"1144","6226光鼎","110/08/05","日盛-員林",9,200,-191
"1145","6226光鼎","110/08/05","華南永昌-大安",95,13,82
"1146","6226光鼎","110/08/05","華南永昌",5,157,-152
"1147","6226光鼎","110/08/05","凱基-豐中",68,2,66
"1148","6226光鼎","110/08/05","國票-敦北法人",0,106,-106
"1149","6226光鼎","110/08/05","元富-西松",76,15,61
"1150","6226光鼎","110/08/05","元大-雙和",27,118,-91
"1151","6226光鼎","110/08/05","群益金鼎-土城",61,0,61
"1152","6226光鼎","110/08/05","華南永昌-南京",48,137,-89
"1153","6226光鼎","110/08/05","新光-高雄",64,4,60
"1154","6226光鼎","110/08/05","統一-新竹",37,124,-87
"1155","6226光鼎","110/08/05","宏遠-台中",67,9,58
"1156","6226光鼎","110/08/05","大昌",3,78,-75
"1157","6226光鼎","110/08/05","元大-東港",53,0,53
"1158","6226光鼎","110/08/05","凱基-台北",1,74,-73
"1159","6226光鼎","110/08/05","群益金鼎-敦南",60,10,50
"1160","6226光鼎","110/08/05","中國信託-文心",10,65,-55
"1161","6226光鼎","110/08/05","日盛-高雄",53,7,46
"1162","6226光鼎","110/08/05","台新-新莊",1,54,-53
"1163","6226光鼎","110/08/05","台新-新營",49,4,45
"1164","6226光鼎","110/08/05","台新-台中",84,135,-51
"1165","6226光鼎","110/08/05","玉山-雙和",42,2,40
"1166","6226光鼎","110/08/05","元大-嘉義",77,128,-51
"1167","6226光鼎","110/08/05","永豐金-高雄",44,8,36
"1168","6226光鼎","110/08/05","日盛-大墩",1,43,-42
"1169","6226光鼎","110/08/05","元富-花蓮",42,7,35
"1170","6226光鼎","110/08/05","日茂-埔里",0,41,-41
"1171","2363矽統","110/08/05","瑞士信貸",3345,0,3345
"1172","2363矽統","110/08/05","新加坡商瑞銀",1909,2622,-713
"1173","2363矽統","110/08/05","台灣摩根士丹利",2917,53,2864
"1174","2363矽統","110/08/05","統一-板橋",37,650,-613
"1175","2363矽統","110/08/05","摩根大通",5124,3944,1180
"1176","2363矽統","110/08/05","美商高盛",702,1245,-543
"1177","2363矽統","110/08/05","康和-台中",911,292,619
"1178","2363矽統","110/08/05","元富-西松",367,902,-535
"1179","2363矽統","110/08/05","永豐金證券",951,339,612
"1180","2363矽統","110/08/05","華南永昌-斗六",55,584,-529
"1181","2363矽統","110/08/05","群益金鼎-三民",571,106,465
"1182","2363矽統","110/08/05","美林",2987,3501,-514
"1183","2363矽統","110/08/05","國票-敦北法人",484,51,433
"1184","2363矽統","110/08/05","群益金鼎-館前",331,802,-471
"1185","2363矽統","110/08/05","陽信-石牌",624,204,420
"1186","2363矽統","110/08/05","永豐金-三重",138,571,-433
"1187","2363矽統","110/08/05","合庫證券",520,118,402
"1188","2363矽統","110/08/05","富邦-中壢",348,774,-426
"1189","2363矽統","110/08/05","元大-承德",385,70,315
"1190","2363矽統","110/08/05","北城證券",53,459,-406
"1191","2363矽統","110/08/05","新光",2366,2079,287
"1192","2363矽統","110/08/05","凱基-興隆",370,717,-347
"1193","2363矽統","110/08/05","元大證券",601,329,272
"1194","2363矽統","110/08/05","元大-屏南",132,464,-332
"1195","2363矽統","110/08/05","國泰-敦南",4481,4216,265
"1196","2363矽統","110/08/05","日盛-中和",208,531,-323
"1197","2363矽統","110/08/05","元大-台中",562,349,213
"1198","2363矽統","110/08/05","土銀",28,340,-312
"1199","2363矽統","110/08/05","富邦-台北",584,380,204
"1200","2363矽統","110/08/05","永豐金-嘉義",97,401,-304
"1201","8112至上","110/08/05","元大-竹科",858,64,794
"1202","8112至上","110/08/05","摩根大通",461,775,-314
"1203","8112至上","110/08/05","港商野村",937,361,576
"1204","8112至上","110/08/05","台灣摩根士丹利",16,272,-256
"1205","8112至上","110/08/05","康和",484,0,484
"1206","8112至上","110/08/05","高橋",3,183,-180
"1207","8112至上","110/08/05","新加坡商瑞銀",514,58,456
"1208","8112至上","110/08/05","合庫證券",19,162,-143
"1209","8112至上","110/08/05","元大-屏南",391,4,387
"1210","8112至上","110/08/05","元大-北屯",3,145,-142
"1211","8112至上","110/08/05","國票-長城",427,142,285
"1212","8112至上","110/08/05","元大-府城",14,154,-140
"1213","8112至上","110/08/05","元大-萬華",246,12,234
"1214","8112至上","110/08/05","群益金鼎-三重",0,138,-138
"1215","8112至上","110/08/05","台灣匯立證券",210,0,210
"1216","8112至上","110/08/05","富邦-台北",25,129,-104
"1217","8112至上","110/08/05","凱基-敦北",200,4,196
"1218","8112至上","110/08/05","元富-佳里",7,100,-93
"1219","8112至上","110/08/05","元大-北成功",205,17,188
"1220","8112至上","110/08/05","元富-台南",0,86,-86
"1221","8112至上","110/08/05","元大-高雄",146,14,132
"1222","8112至上","110/08/05","臺灣企銀-桃園",0,82,-82
"1223","8112至上","110/08/05","美商高盛",161,47,114
"1224","8112至上","110/08/05","玉山-嘉義",10,88,-78
"1225","8112至上","110/08/05","花旗環球",102,0,102
"1226","8112至上","110/08/05","凱基-復興",1,67,-66
"1227","8112至上","110/08/05","統一-士林",108,8,100
"1228","8112至上","110/08/05","富邦-中壢",23,89,-66
"1229","8112至上","110/08/05","新光",244,159,85
"1230","8112至上","110/08/05","元大-上新莊",1,67,-66
"1231","1570力肯","110/08/05","國票",352,0,352
"1232","1570力肯","110/08/05","國票-和平",7,402,-395
"1233","1570力肯","110/08/05","台新證券",211,87,124
"1234","1570力肯","110/08/05","摩根大通",46,335,-289
"1235","1570力肯","110/08/05","國泰-敦南",206,125,81
"1236","1570力肯","110/08/05","國票-北高雄",79,306,-227
"1237","1570力肯","110/08/05","聯邦商銀",75,0,75
"1238","1570力肯","110/08/05","統一",3,226,-223
"1239","1570力肯","110/08/05","元大-東泰",61,4,57
"1240","1570力肯","110/08/05","凱基-台北",184,366,-182
"1241","1570力肯","110/08/05","元大-桃興",113,66,47
"1242","1570力肯","110/08/05","統一-土城",89,161,-72
"1243","1570力肯","110/08/05","國泰-板橋",96,50,46
"1244","1570力肯","110/08/05","統一-屏東",0,64,-64
"1245","1570力肯","110/08/05","合庫-桃園",92,48,44
"1246","1570力肯","110/08/05","大昌-新店",9,61,-52
"1247","1570力肯","110/08/05","華南永昌-高雄",53,12,41
"1248","1570力肯","110/08/05","群益金鼎-忠孝",11,60,-49
"1249","1570力肯","110/08/05","國泰-高雄",50,14,36
"1250","1570力肯","110/08/05","臺銀-臺南",12,52,-40
"1251","1570力肯","110/08/05","國泰-台中",60,25,35
"1252","1570力肯","110/08/05","凱基-岡山",28,68,-40
"1253","1570力肯","110/08/05","富邦-仁愛",52,17,35
"1254","1570力肯","110/08/05","元大-蘆洲",8,44,-36
"1255","1570力肯","110/08/05","中國信託-忠孝",37,3,34
"1256","1570力肯","110/08/05","統一-仁愛",25,60,-35
"1257","1570力肯","110/08/05","元大-中壢",44,10,34
"1258","1570力肯","110/08/05","富邦-高雄",8,43,-35
"1259","1570力肯","110/08/05","日盛-新竹",30,0,30
"1260","1570力肯","110/08/05","大慶-蘆洲",110,142,-32
"1261","2929淘帝","110/08/05","國泰-松江",60,0,60
"1262","2929淘帝","110/08/05","摩根大通",4,87,-83
"1263","2929淘帝","110/08/05","美林",79,30,49
"1264","2929淘帝","110/08/05","日盛-南京",0,80,-80
"1265","2929淘帝","110/08/05","港商野村",87,45,42
"1266","2929淘帝","110/08/05","華南永昌-頭份",0,80,-80
"1267","2929淘帝","110/08/05","兆豐-忠孝",40,0,40
"1268","2929淘帝","110/08/05","日盛-雙和",2,57,-55
"1269","2929淘帝","110/08/05","新光-新竹",41,2,39
"1270","2929淘帝","110/08/05","台新-台中",2,33,-31
"1271","2929淘帝","110/08/05","元大-民生",31,0,31
"1272","2929淘帝","110/08/05","群益金鼎-新竹",0,30,-30
"1273","2929淘帝","110/08/05","元富-中港",28,0,28
"1274","2929淘帝","110/08/05","元大-北成功",0,30,-30
"1275","2929淘帝","110/08/05","凱基-台北",66,41,25
"1276","2929淘帝","110/08/05","元大-天母",5,30,-25
"1277","2929淘帝","110/08/05","富邦-新店",20,0,20
"1278","2929淘帝","110/08/05","元大-北港",0,25,-25
"1279","2929淘帝","110/08/05","康和-台中",15,0,15
"1280","2929淘帝","110/08/05","兆豐-彰化",0,24,-24
"1281","2929淘帝","110/08/05","華南永昌-古亭",15,0,15
"1282","2929淘帝","110/08/05","國泰-台中",1,25,-24
"1283","2929淘帝","110/08/05","日盛-景美",11,0,11
"1284","2929淘帝","110/08/05","華南永昌-大安",0,22,-22
"1285","2929淘帝","110/08/05","台新證券",11,0,11
"1286","2929淘帝","110/08/05","國泰-館前",10,31,-21
"1287","2929淘帝","110/08/05","凱基-三重",11,0,11
"1288","2929淘帝","110/08/05","元富-安南",0,20,-20
"1289","2929淘帝","110/08/05","華南永昌-竹北",11,0,11
"1290","2929淘帝","110/08/05","元大-屏南",10,30,-20
"1291","5410國眾","110/08/05","凱基-市政",40,0,40
"1292","5410國眾","110/08/05","元富-台南",0,27,-27
"1293","5410國眾","110/08/05","安泰",16,0,16
"1294","5410國眾","110/08/05","群益金鼎-內湖",0,16,-16
"1295","5410國眾","110/08/05","元大-善化",12,0,12
"1296","5410國眾","110/08/05","中農",0,15,-15
"1297","5410國眾","110/08/05","元富-同大",10,0,10
"1298","5410國眾","110/08/05","新光-台南",0,15,-15
"1299","5410國眾","110/08/05","中國信託-新竹",10,0,10
"1300","5410國眾","110/08/05","統一-平鎮",0,13,-13
"1301","5410國眾","110/08/05","元大-敦南",10,0,10
"1302","5410國眾","110/08/05","臺銀",0,11,-11
"1303","5410國眾","110/08/05","台灣企銀-太平",8,0,8
"1304","5410國眾","110/08/05","凱基-城中",0,10,-10
"1305","5410國眾","110/08/05","瑞士信貸",7,0,7
"1306","5410國眾","110/08/05","元大-崇德",0,10,-10
"1307","5410國眾","110/08/05","元富-烏日",6,0,6
"1308","5410國眾","110/08/05","元大-和平",0,10,-10
"1309","5410國眾","110/08/05","摩根大通",7,1,6
"1310","5410國眾","110/08/05","新光-台中",1,9,-8
"1311","5410國眾","110/08/05","元富-三重",11,6,5
"1312","5410國眾","110/08/05","富邦-板橋",0,6,-6
"1313","5410國眾","110/08/05","中國信託-忠孝",5,0,5
"1314","5410國眾","110/08/05","新百王",0,5,-5
"1315","5410國眾","110/08/05","凱基-復興",5,0,5
"1316","5410國眾","110/08/05","元大-大益",0,5,-5
"1317","5410國眾","110/08/05","永豐金-台中",4,0,4
"1318","5410國眾","110/08/05","永豐金-板橋",0,5,-5
"1319","5410國眾","110/08/05","元富-板橋",3,0,3
"1320","5410國眾","110/08/05","台新-中壢",0,4,-4
"1321","2841台開","110/08/05","日盛證券",201,0,201
"1322","2841台開","110/08/05","第一金-自由",0,272,-272
"1323","2841台開","110/08/05","永豐金-敦南",202,1,201
"1324","2841台開","110/08/05","瑞士信貸",0,149,-149
"1325","2841台開","110/08/05","元大-大天母",200,0,200
"1326","2841台開","110/08/05","玉山-新竹",0,131,-131
"1327","2841台開","110/08/05","永豐金-鳳山",100,0,100
"1328","2841台開","110/08/05","元富-板橋",0,125,-125
"1329","2841台開","110/08/05","台新-三民",100,1,99
"1330","2841台開","110/08/05","元大-台中中港",0,109,-109
"1331","2841台開","110/08/05","凱基-竹科",67,0,67
"1332","2841台開","110/08/05","兆豐-東門",0,100,-100
"1333","2841台開","110/08/05","國泰-敦南",44,5,39
"1334","2841台開","110/08/05","(牛牛牛)亞-鑫豐",0,97,-97
"1335","2841台開","110/08/05","元大-中壢",35,0,35
"1336","2841台開","110/08/05","元富-嘉義",0,50,-50
"1337","2841台開","110/08/05","國泰-忠孝",33,0,33
"1338","2841台開","110/08/05","新光",20,67,-47
"1339","2841台開","110/08/05","元大-新竹經國",30,0,30
"1340","2841台開","110/08/05","永豐金-豐原",3,50,-47
"1341","2841台開","110/08/05","日盛-內湖",24,0,24
"1342","2841台開","110/08/05","統一-士林",0,31,-31
"1343","2841台開","110/08/05","新光-高雄",21,0,21
"1344","2841台開","110/08/05","元大-龍潭",0,30,-30
"1345","2841台開","110/08/05","元大-林園",20,0,20
"1346","2841台開","110/08/05","新光-台南",0,27,-27
"1347","2841台開","110/08/05","元大-仁愛",20,0,20
"1348","2841台開","110/08/05","台新-台中",0,22,-22
"1349","2841台開","110/08/05","群益金鼎-崇德",18,0,18
"1350","2841台開","110/08/05","大昌-安康",0,20,-20
"1351","6207雷科","110/08/05","摩根大通",313,64,249
"1352","6207雷科","110/08/05","日盛-忠孝",2,93,-91
"1353","6207雷科","110/08/05","新加坡商瑞銀",141,6,135
"1354","6207雷科","110/08/05","凱基-復興",0,90,-90
"1355","6207雷科","110/08/05","凱基-台北",142,20,122
"1356","6207雷科","110/08/05","群益金鼎-敦南",0,67,-67
"1357","6207雷科","110/08/05","台新-高雄",111,0,111
"1358","6207雷科","110/08/05","元大-鳳山",11,73,-62
"1359","6207雷科","110/08/05","瑞士信貸",58,0,58
"1360","6207雷科","110/08/05","群益金鼎-東門",0,56,-56
"1361","6207雷科","110/08/05","美林",45,0,45
"1362","6207雷科","110/08/05","元富-同大",1,41,-40
"1363","6207雷科","110/08/05","凱基-板橋",46,1,45
"1364","6207雷科","110/08/05","群益金鼎-屏東",1,41,-40
"1365","6207雷科","110/08/05","美商高盛",37,0,37
"1366","6207雷科","110/08/05","群益金鼎-延平",0,40,-40
"1367","6207雷科","110/08/05","凱基-三多",30,0,30
"1368","6207雷科","110/08/05","群益金鼎-瑞豐",1,33,-32
"1369","6207雷科","110/08/05","永豐金-虎尾",29,0,29
"1370","6207雷科","110/08/05","日盛證券",0,30,-30
"1371","6207雷科","110/08/05","第一金-中山",21,1,20
"1372","6207雷科","110/08/05","臺銀",1,30,-29
"1373","6207雷科","110/08/05","華南永昌-林口",20,0,20
"1374","6207雷科","110/08/05","群益金鼎-古亭",0,26,-26
"1375","6207雷科","110/08/05","兆豐-公益",18,0,18
"1376","6207雷科","110/08/05","凱基-高雄",4,30,-26
"1377","6207雷科","110/08/05","港商野村",62,46,16
"1378","6207雷科","110/08/05","富邦-竹東",0,25,-25
"1379","6207雷科","110/08/05","華南永昌-南京",16,0,16
"1380","6207雷科","110/08/05","元大-台中中港",2,25,-23
"1381","3679新至陞","110/08/05","新光",13,0,13
"1382","3679新至陞","110/08/05","凱基-台北",1,13,-12
"1383","3679新至陞","110/08/05","華南永昌-麻豆",3,0,3
"1384","3679新至陞","110/08/05","台灣摩根士丹利",0,5,-5
"1385","3679新至陞","110/08/05","臺灣企銀-埔墘",2,0,2
"1386","3679新至陞","110/08/05","元大-成功",0,5,-5
"1387","3679新至陞","110/08/05","彰銀",2,0,2
"1388","3679新至陞","110/08/05","元大證券",0,3,-3
"1389","3679新至陞","110/08/05","永全-南崁",2,0,2
"1390","3679新至陞","110/08/05","新加坡商瑞銀",0,2,-2
"1391","3679新至陞","110/08/05","群益金鼎",2,0,2
"1392","3679新至陞","110/08/05","摩根大通",0,2,-2
"1393","3679新至陞","110/08/05","富邦-三重",2,0,2
"1394","3679新至陞","110/08/05","國泰-館前",0,2,-2
"1395","3679新至陞","110/08/05","永豐金-敦北",2,0,2
"1396","3679新至陞","110/08/05","凱基-東港",0,2,-2
"1397","3679新至陞","110/08/05","臺銀-新竹",1,0,1
"1398","3679新至陞","110/08/05","元大-竹北",0,2,-2
"1399","3679新至陞","110/08/05","第一金-新興",1,0,1
"1400","3679新至陞","110/08/05","日盛-嘉義",0,1,-1
"1401","3679新至陞","110/08/05","統一-宜蘭",1,0,1
"1402","3679新至陞","110/08/05","美商高盛",1,2,-1
"1403","3679新至陞","110/08/05","元富-同大",1,0,1
"1404","3679新至陞","110/08/05","港商野村",0,1,-1
"1405","3679新至陞","110/08/05","中國信託-新竹",1,0,1
"1406","3679新至陞","110/08/05","第一金-員林",0,1,-1
"1407","3679新至陞","110/08/05","兆豐-民生",1,0,1
"1408","3679新至陞","110/08/05","統一-中壢",0,1,-1
"1409","3679新至陞","110/08/05","國泰-新莊",1,0,1
"1410","3679新至陞","110/08/05","統一-新竹",0,1,-1
"1411","2727王品","110/08/05","港商野村",68,43,25
"1412","2727王品","110/08/05","元富-宜蘭",6,96,-90
"1413","2727王品","110/08/05","花旗環球",24,0,24
"1414","2727王品","110/08/05","凱基-市政",1,89,-88
"1415","2727王品","110/08/05","新光",42,19,23
"1416","2727王品","110/08/05","群益金鼎-宜蘭",4,89,-85
"1417","2727王品","110/08/05","永豐金-忠孝",21,0,21
"1418","2727王品","110/08/05","永豐金-大園",4,66,-62
"1419","2727王品","110/08/05","凱基-埔墘",15,0,15
"1420","2727王品","110/08/05","康和-澎湖",1,60,-59
"1421","2727王品","110/08/05","新光-桃園",17,3,14
"1422","2727王品","110/08/05","日盛-八德",1,33,-32
"1423","2727王品","110/08/05","日盛-忠孝",16,3,13
"1424","2727王品","110/08/05","元大-桃園",0,29,-29
"1425","2727王品","110/08/05","統一",28,15,13
"1426","2727王品","110/08/05","凱基-竹科",4,31,-27
"1427","2727王品","110/08/05","富邦-員林",15,2,13
"1428","2727王品","110/08/05","富邦-新店",2,29,-27
"1429","2727王品","110/08/05","永豐金-桃盛",16,3,13
"1430","2727王品","110/08/05","兆豐-小港",2,26,-24
"1431","2727王品","110/08/05","元富-屏東",12,0,12
"1432","2727王品","110/08/05","華南永昌",6,25,-19
"1433","2727王品","110/08/05","凱基-台北",52,40,12
"1434","2727王品","110/08/05","台灣摩根士丹利",15,32,-17
"1435","2727王品","110/08/05","永豐金-彰化",12,0,12
"1436","2727王品","110/08/05","凱基-天母",0,15,-15
"1437","2727王品","110/08/05","美林",11,0,11
"1438","2727王品","110/08/05","富邦證券",0,15,-15
"1439","2727王品","110/08/05","群益金鼎-崇德",10,0,10
"1440","2727王品","110/08/05","永豐金證券",1,13,-12
"1441","1570力肯","110/08/05","國票",352,0,352
"1442","1570力肯","110/08/05","國票-和平",7,402,-395
"1443","1570力肯","110/08/05","台新證券",211,87,124
"1444","1570力肯","110/08/05","摩根大通",46,335,-289
"1445","1570力肯","110/08/05","國泰-敦南",206,125,81
"1446","1570力肯","110/08/05","國票-北高雄",79,306,-227
"1447","1570力肯","110/08/05","聯邦商銀",75,0,75
"1448","1570力肯","110/08/05","統一",3,226,-223
"1449","1570力肯","110/08/05","元大-東泰",61,4,57
"1450","1570力肯","110/08/05","凱基-台北",184,366,-182
"1451","1570力肯","110/08/05","元大-桃興",113,66,47
"1452","1570力肯","110/08/05","統一-土城",89,161,-72
"1453","1570力肯","110/08/05","國泰-板橋",96,50,46
"1454","1570力肯","110/08/05","統一-屏東",0,64,-64
"1455","1570力肯","110/08/05","合庫-桃園",92,48,44
"1456","1570力肯","110/08/05","大昌-新店",9,61,-52
"1457","1570力肯","110/08/05","華南永昌-高雄",53,12,41
"1458","1570力肯","110/08/05","群益金鼎-忠孝",11,60,-49
"1459","1570力肯","110/08/05","國泰-高雄",50,14,36
"1460","1570力肯","110/08/05","臺銀-臺南",12,52,-40
"1461","1570力肯","110/08/05","國泰-台中",60,25,35
"1462","1570力肯","110/08/05","凱基-岡山",28,68,-40
"1463","1570力肯","110/08/05","富邦-仁愛",52,17,35
"1464","1570力肯","110/08/05","元大-蘆洲",8,44,-36
"1465","1570力肯","110/08/05","中國信託-忠孝",37,3,34
"1466","1570力肯","110/08/05","統一-仁愛",25,60,-35
"1467","1570力肯","110/08/05","元大-中壢",44,10,34
"1468","1570力肯","110/08/05","富邦-高雄",8,43,-35
"1469","1570力肯","110/08/05","日盛-新竹",30,0,30
"1470","1570力肯","110/08/05","大慶-蘆洲",110,142,-32
"1471","6180橘子","110/08/05","永豐金-松山",51,0,51
"1472","6180橘子","110/08/05","凱基-板橋",0,80,-80
"1473","6180橘子","110/08/05","新光",40,2,38
"1474","6180橘子","110/08/05","康和-高雄",0,40,-40
"1475","6180橘子","110/08/05","兆豐證券",33,0,33
"1476","6180橘子","110/08/05","合庫-鳳山",0,32,-32
"1477","6180橘子","110/08/05","中國信託-文心",15,0,15
"1478","6180橘子","110/08/05","日盛-頭份",1,24,-23
"1479","6180橘子","110/08/05","富邦-陽明",15,0,15
"1480","6180橘子","110/08/05","兆豐-新營",0,22,-22
"1481","6180橘子","110/08/05","元大-龍潭",11,0,11
"1482","6180橘子","110/08/05","元大-福營",0,20,-20
"1483","6180橘子","110/08/05","日盛-新竹",10,0,10
"1484","6180橘子","110/08/05","新加坡商瑞銀",0,19,-19
"1485","6180橘子","110/08/05","凱基-汐止",10,0,10
"1486","6180橘子","110/08/05","永豐金-新竹",0,17,-17
"1487","6180橘子","110/08/05","元大-中壢",10,1,9
"1488","6180橘子","110/08/05","第一金-新興",1,16,-15
"1489","6180橘子","110/08/05","元富-潮州",8,0,8
"1490","6180橘子","110/08/05","凱基-中壢",0,12,-12
"1491","6180橘子","110/08/05","大慶",7,0,7
"1492","6180橘子","110/08/05","光和",0,10,-10
"1493","6180橘子","110/08/05","台新證券",7,0,7
"1494","6180橘子","110/08/05","統一-中壢",0,9,-9
"1495","6180橘子","110/08/05","聯邦-雙和",7,0,7
"1496","6180橘子","110/08/05","富邦-基隆",0,9,-9
"1497","6180橘子","110/08/05","元大證券",7,0,7
"1498","6180橘子","110/08/05","台灣摩根士丹利",0,8,-8
"1499","6180橘子","110/08/05","國泰-新莊",6,0,6
"1500","6180橘子","110/08/05","康和-仁愛",0,8,-8
"1501","2390云辰","110/08/05","日盛證券",100,0,100
"1502","2390云辰","110/08/05","摩根大通",45,525,-480
"1503","2390云辰","110/08/05","兆豐-岡山",63,0,63
"1504","2390云辰","110/08/05","統一-新台中",62,177,-115
"1505","2390云辰","110/08/05","凱基-基隆",65,10,55
"1506","2390云辰","110/08/05","富邦-中壢",0,81,-81
"1507","2390云辰","110/08/05","凱基-中壢",52,3,49
"1508","2390云辰","110/08/05","元大-大甲",3,73,-70
"1509","2390云辰","110/08/05","台新-左楠",30,0,30
"1510","2390云辰","110/08/05","元大-樹林",16,53,-37
"1511","2390云辰","110/08/05","富邦-台北",33,6,27
"1512","2390云辰","110/08/05","元富-大裕",17,46,-29
"1513","2390云辰","110/08/05","統一-中壢",27,1,26
"1514","2390云辰","110/08/05","凱基-台中",1,30,-29
"1515","2390云辰","110/08/05","元大-和平",47,22,25
"1516","2390云辰","110/08/05","大慶-蘆洲",2,30,-28
"1517","2390云辰","110/08/05","統一-士林",26,2,24
"1518","2390云辰","110/08/05","元大-大統",3,31,-28
"1519","2390云辰","110/08/05","富邦-新營",23,0,23
"1520","2390云辰","110/08/05","臺銀-金山",1,27,-26
"1521","2390云辰","110/08/05","元大-景美",22,1,21
"1522","2390云辰","110/08/05","國泰-台中",0,23,-23
"1523","2390云辰","110/08/05","合庫-嘉義",20,0,20
"1524","2390云辰","110/08/05","富邦-岡山",0,23,-23
"1525","2390云辰","110/08/05","台灣企銀-嘉義",20,0,20
"1526","2390云辰","110/08/05","元大-土城學府",24,47,-23
"1527","2390云辰","110/08/05","日盛-板橋",21,1,20
"1528","2390云辰","110/08/05","台新-台中",28,50,-22
"1529","2390云辰","110/08/05","凱基-竹科",28,8,20
"1530","2390云辰","110/08/05","群益金鼎-鳳山",0,21,-21
"1531","1471首利","110/08/04","玉山-桃園",51,0,51
"1532","1471首利","110/08/04","國票-九鼎",0,60,-60
"1533","1471首利","110/08/04","華南永昌-潮州",50,1,49
"1534","1471首利","110/08/04","日盛-士林",0,20,-20
"1535","1471首利","110/08/04","瑞士信貸",33,3,30
"1536","1471首利","110/08/04","元大-博愛",4,24,-20
"1537","1471首利","110/08/04","兆豐-板橋",20,0,20
"1538","1471首利","110/08/04","群益金鼎-台中",1,20,-19
"1539","1471首利","110/08/04","兆豐-台中港",30,13,17
"1540","1471首利","110/08/04","國泰-高雄",0,16,-16
"1541","1471首利","110/08/04","富邦-基隆",16,0,16
"1542","1471首利","110/08/04","元大-台南",1,17,-16
"1543","1471首利","110/08/04","美林",15,0,15
"1544","1471首利","110/08/04","國泰-敦南",18,32,-14
"1545","1471首利","110/08/04","永豐金-員林",12,0,12
"1546","1471首利","110/08/04","新光",21,33,-12
"1547","1471首利","110/08/04","第一金-台南",11,0,11
"1548","1471首利","110/08/04","凱基-土城",0,12,-12
"1549","1471首利","110/08/04","德信-中正",12,1,11
"1550","1471首利","110/08/04","合庫-高雄",0,10,-10
"1551","1471首利","110/08/04","合庫-台中",10,0,10
"1552","1471首利","110/08/04","元富-宜蘭",0,10,-10
"1553","1471首利","110/08/04","國泰-新莊",10,0,10
"1554","1471首利","110/08/04","國泰-板橋",0,10,-10
"1555","1471首利","110/08/04","富邦-桃園",10,0,10
"1556","1471首利","110/08/04","群益金鼎-鳳山",0,10,-10
"1557","1471首利","110/08/04","元大-苗栗",10,0,10
"1558","1471首利","110/08/04","元大-東泰",0,10,-10
"1559","1471首利","110/08/04","玉山-左營",10,1,9
"1560","1471首利","110/08/04","元大-林園",0,10,-10
"1561","2883開發金","110/08/04","國泰證券",3650,0,3650
"1562","2883開發金","110/08/04","康和-仁愛",3,1737,-1734
"1563","2883開發金","110/08/04","統一",2763,29,2734
"1564","2883開發金","110/08/04","新加坡商瑞銀",356,1472,-1116
"1565","2883開發金","110/08/04","凱基-台北",2041,429,1612
"1566","2883開發金","110/08/04","豐農",5,1025,-1020
"1567","2883開發金","110/08/04","元富-城東",1602,26,1576
"1568","2883開發金","110/08/04","富邦-建國",271,1004,-733
"1569","2883開發金","110/08/04","元富",1190,0,1190
"1570","2883開發金","110/08/04","元大-北成功",6,608,-602
"1571","2883開發金","110/08/04","美商高盛",1033,355,678
"1572","2883開發金","110/08/04","台灣摩根士丹利",573,1019,-446
"1573","2883開發金","110/08/04","康和",661,6,655
"1574","2883開發金","110/08/04","台新-中壢",2,431,-429
"1575","2883開發金","110/08/04","國票-長城",504,8,496
"1576","2883開發金","110/08/04","凱基-和平",1,400,-399
"1577","2883開發金","110/08/04","元大-大灣",734,304,430
"1578","2883開發金","110/08/04","元大-蘆洲",7,370,-363
"1579","2883開發金","110/08/04","永豐金-板橋",500,100,400
"1580","2883開發金","110/08/04","元大-民生",10,370,-360
"1581","2883開發金","110/08/04","永豐金-台南",389,11,378
"1582","2883開發金","110/08/04","中國信託-中壢",1,321,-320
"1583","2883開發金","110/08/04","日盛證券",608,255,353
"1584","2883開發金","110/08/04","港商法國興業",0,291,-291
"1585","2883開發金","110/08/04","花旗環球",343,0,343
"1586","2883開發金","110/08/04","日盛-北高雄",20,309,-289
"1587","2883開發金","110/08/04","瑞士信貸",462,121,341
"1588","2883開發金","110/08/04","日盛-花蓮",11,250,-239
"1589","2883開發金","110/08/04","凱基",320,0,320
"1590","2883開發金","110/08/04","群益金鼎-東湖",10,243,-233
"1591","6205詮欣","110/08/04","摩根大通",18,0,18
"1592","6205詮欣","110/08/04","永豐金-敦南",16,36,-20
"1593","6205詮欣","110/08/04","臺銀-民權",5,0,5
"1594","6205詮欣","110/08/04","瑞士信貸",6,10,-4
"1595","6205詮欣","110/08/04","凱基-台北",4,0,4
"1596","6205詮欣","110/08/04","致和-高雄",0,4,-4
"1597","6205詮欣","110/08/04","元富-潮州",3,0,3
"1598","6205詮欣","110/08/04","群益金鼎-台南",0,3,-3
"1599","6205詮欣","110/08/04","台中銀",3,0,3
"1600","6205詮欣","110/08/04","元大-路竹",0,3,-3
"1601","6205詮欣","110/08/04","華南永昌",3,0,3
"1602","6205詮欣","110/08/04","元大-北成功",0,3,-3
"1603","6205詮欣","110/08/04","美林",2,0,2
"1604","6205詮欣","110/08/04","凱基-東門",0,2,-2
"1605","6205詮欣","110/08/04","元富-新店",2,0,2
"1606","6205詮欣","110/08/04","凱基-基隆",0,2,-2
"1607","6205詮欣","110/08/04","元大-羅東",2,0,2
"1608","6205詮欣","110/08/04","凱基-大安",0,2,-2
"1609","6205詮欣","110/08/04","元大-館前",2,0,2
"1610","6205詮欣","110/08/04","元大-土城學府",0,2,-2
"1611","6205詮欣","110/08/04","元大-楊梅",2,0,2
"1612","6205詮欣","110/08/04","元大-民生",0,2,-2
"1613","6205詮欣","110/08/04","元大-信義",2,0,2
"1614","6205詮欣","110/08/04","日盛-八德",0,1,-1
"1615","6205詮欣","110/08/04","永豐金-埔里",2,0,2
"1616","6205詮欣","110/08/04","宏遠-高雄",0,1,-1
"1617","6205詮欣","110/08/04","日盛-板橋",1,0,1
"1618","6205詮欣","110/08/04","新加坡商瑞銀",0,1,-1
"1619","6205詮欣","110/08/04","日盛-木柵",1,0,1
"1620","6205詮欣","110/08/04","第一金-華江",0,1,-1
"1621","1540喬福","110/08/04","元富-中原",58,0,58
"1622","1540喬福","110/08/04","元大-大天母",0,60,-60
"1623","1540喬福","110/08/04","(牛牛牛)亞-鑫豐",26,0,26
"1624","1540喬福","110/08/04","統一-新台中",0,18,-18
"1625","1540喬福","110/08/04","國泰-敦南",10,0,10
"1626","1540喬福","110/08/04","群益金鼎-士林",0,7,-7
"1627","1540喬福","110/08/04","富邦-南屯",10,0,10
"1628","1540喬福","110/08/04","兆豐-北高雄",0,6,-6
"1629","1540喬福","110/08/04","兆豐-鹿港",3,0,3
"1630","1540喬福","110/08/04","凱基-市政",0,5,-5
"1631","1540喬福","110/08/04","元大-土城永寧",2,0,2
"1632","1540喬福","110/08/04","亞東-高雄",0,4,-4
"1633","1540喬福","110/08/04","第一金-桃園",1,0,1
"1634","1540喬福","110/08/04","永豐金-大園",0,4,-4
"1635","1540喬福","110/08/04","兆豐-高雄",1,0,1
"1636","1540喬福","110/08/04","永豐金-豐原",0,2,-2
"1637","1540喬福","110/08/04","元大-苑裡",1,0,1
"1638","1540喬福","110/08/04","兆豐-三重",0,1,-1
"1639","1540喬福","110/08/04","臺銀-鳳山",0,0,0
"1640","1540喬福","110/08/04","致和-南京",0,1,-1
"1641","1540喬福","110/08/04","大慶",0,0,0
"1642","1540喬福","110/08/04","國票-嘉義",0,1,-1
"1643","1540喬福","110/08/04","元富-信義",0,0,0
"1644","1540喬福","110/08/04","兆豐-嘉義",0,1,-1
"1645","1540喬福","110/08/04","德信-新營",1,1,0
"1646","1540喬福","110/08/04","華南永昌-林口",0,1,-1
"1647","1540喬福","110/08/04","國票-台中",1,1,0
"1648","1540喬福","110/08/04","華南永昌-潮州",0,1,-1
"1649","1540喬福","110/08/04","康和-板橋",0,0,0
"1650","1540喬福","110/08/04","國票-台中",1,1,0
"1651","2888新光金","110/08/04","港商麥格理",2490,0,2490
"1652","2888新光金","110/08/04","永豐金-苓雅",2,1543,-1541
"1653","2888新光金","110/08/04","凱基-八德",1000,1,999
"1654","2888新光金","110/08/04","美商高盛",196,1441,-1245
"1655","2888新光金","110/08/04","新光",1122,247,875
"1656","2888新光金","110/08/04","台灣摩根士丹利",724,1776,-1052
"1657","2888新光金","110/08/04","國票-桃園",1200,402,798
"1658","2888新光金","110/08/04","摩根大通",616,1665,-1049
"1659","2888新光金","110/08/04","華南永昌-南京",759,36,723
"1660","2888新光金","110/08/04","康和-台中",0,680,-680
"1661","2888新光金","110/08/04","港商法國興業",568,0,568
"1662","2888新光金","110/08/04","群益金鼎-高雄",0,533,-533
"1663","2888新光金","110/08/04","花旗環球",559,0,559
"1664","2888新光金","110/08/04","亞東",34,531,-497
"1665","2888新光金","110/08/04","法銀巴黎",801,242,559
"1666","2888新光金","110/08/04","群益金鼎-土城",25,464,-439
"1667","2888新光金","110/08/04","凱基-台北",889,355,534
"1668","2888新光金","110/08/04","國票-北高雄",2,425,-423
"1669","2888新光金","110/08/04","統一-松江",500,0,500
"1670","2888新光金","110/08/04","凱基-台南",0,400,-400
"1671","2888新光金","110/08/04","華南永昌-長虹",345,0,345
"1672","2888新光金","110/08/04","新加坡商瑞銀",128,486,-358
"1673","2888新光金","110/08/04","美林",884,551,333
"1674","2888新光金","110/08/04","統一-屏東",0,344,-344
"1675","2888新光金","110/08/04","群益金鼎-中壢",301,3,298
"1676","2888新光金","110/08/04","統一-宜蘭",8,326,-318
"1677","2888新光金","110/08/04","群益金鼎",278,0,278
"1678","2888新光金","110/08/04","群益金鼎-萬華",0,284,-284
"1679","2888新光金","110/08/04","元大-北投",249,5,244
"1680","2888新光金","110/08/04","富邦-仁愛",10,276,-266
"1681","1340勝悅","110/08/04","第一金-新竹",10,0,10
"1682","1340勝悅","110/08/04","中國信託",0,23,-23
"1683","1340勝悅","110/08/04","凱基-虎尾",8,0,8
"1684","1340勝悅","110/08/04","永豐金-潮州",0,19,-19
"1685","1340勝悅","110/08/04","凱基-台中",6,0,6
"1686","1340勝悅","110/08/04","元富-花蓮",0,10,-10
"1687","1340勝悅","110/08/04","臺灣企銀-埔墘",5,0,5
"1688","1340勝悅","110/08/04","中國信託-永康",0,10,-10
"1689","1340勝悅","110/08/04","第一金",5,0,5
"1690","1340勝悅","110/08/04","第一金-中壢",0,7,-7
"1691","1340勝悅","110/08/04","凱基-八德",5,0,5
"1692","1340勝悅","110/08/04","高橋-中壢",0,5,-5
"1693","1340勝悅","110/08/04","永豐金-博愛",5,0,5
"1694","1340勝悅","110/08/04","富邦-新店",0,5,-5
"1695","1340勝悅","110/08/04","摩根大通",6,2,4
"1696","1340勝悅","110/08/04","台新-高雄",0,4,-4
"1697","1340勝悅","110/08/04","凱基-三重",4,0,4
"1698","1340勝悅","110/08/04","新光",0,4,-4
"1699","1340勝悅","110/08/04","統一-城中",7,4,3
"1700","1340勝悅","110/08/04","兆豐-松德",0,2,-2
"1701","1340勝悅","110/08/04","群益金鼎-館前",3,0,3
"1702","1340勝悅","110/08/04","凱基-嘉義",0,2,-2
"1703","1340勝悅","110/08/04","元大-南京",3,0,3
"1704","1340勝悅","110/08/04","富邦-宜蘭",0,2,-2
"1705","1340勝悅","110/08/04","瑞士信貸",2,0,2
"1706","1340勝悅","110/08/04","永豐金-永康",0,2,-2
"1707","1340勝悅","110/08/04","大慶-富順",2,0,2
"1708","1340勝悅","110/08/04","永豐金-嘉義",0,2,-2
"1709","1340勝悅","110/08/04","國泰-高雄",2,0,2
"1710","1340勝悅","110/08/04","玉山證券",0,1,-1
"1711","6246臺龍","110/08/04","統一",347,0,347
"1712","6246臺龍","110/08/04","大慶-富順",0,168,-168
"1713","6246臺龍","110/08/04","元大-西螺",30,0,30
"1714","6246臺龍","110/08/04","元大-善化",1,91,-90
"1715","6246臺龍","110/08/04","華南永昌-嘉義",26,0,26
"1716","6246臺龍","110/08/04","新光-高雄",2,75,-73
"1717","6246臺龍","110/08/04","中國信託-永康",31,9,22
"1718","6246臺龍","110/08/04","元大-永春",1,40,-39
"1719","6246臺龍","110/08/04","元大-西屯",25,4,21
"1720","6246臺龍","110/08/04","元大-基隆孝二",1,35,-34
"1721","6246臺龍","110/08/04","凱基-竹科",23,3,20
"1722","6246臺龍","110/08/04","凱基-復興",10,43,-33
"1723","6246臺龍","110/08/04","凱基-大直",19,0,19
"1724","6246臺龍","110/08/04","國泰-台中",3,34,-31
"1725","6246臺龍","110/08/04","第一金-台南",18,0,18
"1726","6246臺龍","110/08/04","統一-屏東",0,26,-26
"1727","6246臺龍","110/08/04","萬泰",15,0,15
"1728","6246臺龍","110/08/04","台灣企銀-台南",1,25,-24
"1729","6246臺龍","110/08/04","華南永昌-台中",15,0,15
"1730","6246臺龍","110/08/04","宏遠-民生",0,22,-22
"1731","6246臺龍","110/08/04","凱基-板橋",13,0,13
"1732","6246臺龍","110/08/04","兆豐-來福",0,20,-20
"1733","6246臺龍","110/08/04","宏遠-高雄",12,0,12
"1734","6246臺龍","110/08/04","永豐金-市政",0,17,-17
"1735","6246臺龍","110/08/04","新光-台中",11,0,11
"1736","6246臺龍","110/08/04","台新-台中",5,21,-16
"1737","6246臺龍","110/08/04","玉山證券",13,2,11
"1738","6246臺龍","110/08/04","華南永昌-彰化",1,16,-15
"1739","6246臺龍","110/08/04","永豐金-高雄",12,1,11
"1740","6246臺龍","110/08/04","元大-博愛",13,28,-15
"1741","00715L期街口布蘭特正2","110/08/04","宏遠-高雄",1056,0,1056
"1742","00715L期街口布蘭特正2","110/08/04","元大證券",1348,7345,-5997
"1743","00715L期街口布蘭特正2","110/08/04","凱基-豐中",576,0,576
"1744","00715L期街口布蘭特正2","110/08/04","凱基-台北",37,5749,-5712
"1745","00715L期街口布蘭特正2","110/08/04","富邦-基隆",467,0,467
"1746","00715L期街口布蘭特正2","110/08/04","富邦證券",253,2075,-1822
"1747","00715L期街口布蘭特正2","110/08/04","國泰-板橋",470,30,440
"1748","00715L期街口布蘭特正2","110/08/04","第一金-頭份",11,400,-389
"1749","00715L期街口布蘭特正2","110/08/04","統一-高雄",358,3,355
"1750","00715L期街口布蘭特正2","110/08/04","富邦-永和",4,376,-372
"1751","00715L期街口布蘭特正2","110/08/04","中國信託-永康",219,1,218
"1752","00715L期街口布蘭特正2","110/08/04","永豐金-新店",0,370,-370
"1753","00715L期街口布蘭特正2","110/08/04","元大-中和",217,0,217
"1754","00715L期街口布蘭特正2","110/08/04","元富",53,412,-359
"1755","00715L期街口布蘭特正2","110/08/04","日盛-花蓮",201,1,200
"1756","00715L期街口布蘭特正2","110/08/04","臺銀-民權",15,366,-351
"1757","00715L期街口布蘭特正2","110/08/04","元大-中壢",201,12,189
"1758","00715L期街口布蘭特正2","110/08/04","兆豐-新莊",0,300,-300
"1759","00715L期街口布蘭特正2","110/08/04","宏遠-桃園",190,2,188
"1760","00715L期街口布蘭特正2","110/08/04","大昌-新店",17,300,-283
"1761","00715L期街口布蘭特正2","110/08/04","玉山-大里",182,0,182
"1762","00715L期街口布蘭特正2","110/08/04","元大-西螺",87,303,-216
"1763","00715L期街口布蘭特正2","110/08/04","新光",258,80,178
"1764","00715L期街口布蘭特正2","110/08/04","華南永昌-高雄",7,206,-199
"1765","00715L期街口布蘭特正2","110/08/04","元大-花蓮",178,0,178
"1766","00715L期街口布蘭特正2","110/08/04","國票-台中",8,200,-192
"1767","00715L期街口布蘭特正2","110/08/04","新光-台中",242,68,174
"1768","00715L期街口布蘭特正2","110/08/04","群益金鼎-鳳山",12,174,-162
"1769","00715L期街口布蘭特正2","110/08/04","(牛牛牛)亞-網路",166,0,166
"1770","00715L期街口布蘭特正2","110/08/04","國泰-台南",8,150,-142
"1771","8941關中","110/08/04","宏遠-館前",3,0,3
"1772","8941關中","110/08/04","元大-基隆",0,3,-3
"1773","8941關中","110/08/04","日盛-和美",1,0,1
"1774","8941關中","110/08/04","富邦-員林",0,2,-2
"1775","8941關中","110/08/04","元大-華山",1,0,1
"1776","8941關中","110/08/04","新光-高雄",0,0,0
"1777","8941關中","110/08/04","新光-高雄",0,0,0
"1778","8941關中","110/08/04","國泰-高雄",0,0,0
"1779","8941關中","110/08/04","國泰-高雄",0,0,0
"1780","8941關中","110/08/04","富邦-建國",0,0,0
"1781","8941關中","110/08/04","富邦-建國",0,0,0
"1782","8941關中","110/08/04","元大-西屯",0,0,0
"1783","8941關中","110/08/04","元大-西屯",0,0,0
"1784","8941關中","110/08/04","元大-花蓮",0,0,0
"1785","8941關中","110/08/04","元大-花蓮",0,0,0
"1786","8941關中","110/08/04","永豐金-萬盛",0,0,0
"1787","8941關中","110/08/04","永豐金-萬盛",0,0,0
"1788","8941關中","110/08/04","",NA,NA,NA
"1789","8941關中","110/08/04","",NA,NA,NA
"1790","8941關中","110/08/04","",NA,NA,NA
"1791","8941關中","110/08/04","",NA,NA,NA
"1792","8941關中","110/08/04","",NA,NA,NA
"1793","8941關中","110/08/04","",NA,NA,NA
"1794","8941關中","110/08/04","",NA,NA,NA
"1795","8941關中","110/08/04","",NA,NA,NA
"1796","8941關中","110/08/04","",NA,NA,NA
"1797","8941關中","110/08/04","",NA,NA,NA
"1798","8941關中","110/08/04","",NA,NA,NA
"1799","8941關中","110/08/04","",NA,NA,NA
"1800","8941關中","110/08/04","",NA,NA,NA
"1801","8936國統","110/08/04","第一金-光復",120,0,120
"1802","8936國統","110/08/04","兆豐-彰化",0,61,-61
"1803","8936國統","110/08/04","美林",99,3,96
"1804","8936國統","110/08/04","凱基-台北",4,56,-52
"1805","8936國統","110/08/04","華南永昌-楠梓",70,5,65
"1806","8936國統","110/08/04","凱基-內埔",0,50,-50
"1807","8936國統","110/08/04","永豐金-高雄",62,0,62
"1808","8936國統","110/08/04","台灣摩根士丹利",0,42,-42
"1809","8936國統","110/08/04","國票-台南",60,0,60
"1810","8936國統","110/08/04","永豐金-苓雅",1,40,-39
"1811","8936國統","110/08/04","永豐金-台中",30,0,30
"1812","8936國統","110/08/04","群益金鼎-內湖",0,30,-30
"1813","8936國統","110/08/04","第一金-豐原",20,0,20
"1814","8936國統","110/08/04","國票-北高雄",0,20,-20
"1815","8936國統","110/08/04","玉山-高雄",13,0,13
"1816","8936國統","110/08/04","宏遠-館前",0,19,-19
"1817","8936國統","110/08/04","元大-莒光",11,0,11
"1818","8936國統","110/08/04","美商高盛",3,22,-19
"1819","8936國統","110/08/04","亞東-高雄",10,0,10
"1820","8936國統","110/08/04","元大-大里德芳",4,21,-17
"1821","8936國統","110/08/04","第一金-路竹",10,0,10
"1822","8936國統","110/08/04","第一金-高雄",0,14,-14
"1823","8936國統","110/08/04","新光-台中",8,1,7
"1824","8936國統","110/08/04","日盛-竹北",0,12,-12
"1825","8936國統","110/08/04","統一-三多",5,0,5
"1826","8936國統","110/08/04","亞東",0,12,-12
"1827","8936國統","110/08/04","國票-內壢",5,0,5
"1828","8936國統","110/08/04","摩根大通",32,44,-12
"1829","8936國統","110/08/04","新光",10,5,5
"1830","8936國統","110/08/04","第一金-嘉義",0,10,-10
"1831","6226光鼎","110/08/04","富邦-嘉義",1247,573,674
"1832","6226光鼎","110/08/04","國泰-敦南",89,234,-145
"1833","6226光鼎","110/08/04","永豐金-桃盛",205,0,205
"1834","6226光鼎","110/08/04","日盛-嘉義",0,131,-131
"1835","6226光鼎","110/08/04","台新-左楠",120,1,119
"1836","6226光鼎","110/08/04","群益金鼎-東大",35,150,-115
"1837","6226光鼎","110/08/04","群益金鼎-敦南",127,8,119
"1838","6226光鼎","110/08/04","台中銀-員林",0,101,-101
"1839","6226光鼎","110/08/04","台灣摩根士丹利",135,55,80
"1840","6226光鼎","110/08/04","玉山-雙和",2,97,-95
"1841","6226光鼎","110/08/04","華南永昌-南京",89,14,75
"1842","6226光鼎","110/08/04","台新證券",76,167,-91
"1843","6226光鼎","110/08/04","台新-台中",101,32,69
"1844","6226光鼎","110/08/04","華南永昌-頭份",7,86,-79
"1845","6226光鼎","110/08/04","宏遠-台中",60,3,57
"1846","6226光鼎","110/08/04","高橋",0,70,-70
"1847","6226光鼎","110/08/04","大昌",79,26,53
"1848","6226光鼎","110/08/04","國泰-館前",18,62,-44
"1849","6226光鼎","110/08/04","台新-新莊",54,2,52
"1850","6226光鼎","110/08/04","凱基-永和",0,43,-43
"1851","6226光鼎","110/08/04","群益金鼎-三民",51,3,48
"1852","6226光鼎","110/08/04","日盛-景美",0,38,-38
"1853","6226光鼎","110/08/04","中國信託-永康",62,18,44
"1854","6226光鼎","110/08/04","華南永昌-高雄",9,47,-38
"1855","6226光鼎","110/08/04","國票-台中",45,2,43
"1856","6226光鼎","110/08/04","元大-太平",6,44,-38
"1857","6226光鼎","110/08/04","統一-士林",44,4,40
"1858","6226光鼎","110/08/04","元大-北投",0,37,-37
"1859","6226光鼎","110/08/04","統一-仁愛",51,14,37
"1860","6226光鼎","110/08/04","元大-板橋",0,37,-37
"1861","2363矽統","110/08/04","富邦-中壢",628,138,490
"1862","2363矽統","110/08/04","新加坡商瑞銀",986,2541,-1555
"1863","2363矽統","110/08/04","凱基-台北",7207,6730,477
"1864","2363矽統","110/08/04","台灣摩根士丹利",158,1373,-1215
"1865","2363矽統","110/08/04","元大-承德",449,81,368
"1866","2363矽統","110/08/04","摩根大通",2506,3701,-1195
"1867","2363矽統","110/08/04","群益金鼎-高雄",438,99,339
"1868","2363矽統","110/08/04","日盛-文化",121,1226,-1105
"1869","2363矽統","110/08/04","元富-嘉義",383,57,326
"1870","2363矽統","110/08/04","美林",2013,2637,-624
"1871","2363矽統","110/08/04","元大-旗山",446,147,299
"1872","2363矽統","110/08/04","凱基-新莊",44,445,-401
"1873","2363矽統","110/08/04","大慶-台中",304,14,290
"1874","2363矽統","110/08/04","台新-松江",60,449,-389
"1875","2363矽統","110/08/04","國票-博愛",425,150,275
"1876","2363矽統","110/08/04","統一-士林",649,1031,-382
"1877","2363矽統","110/08/04","台新-台南",494,230,264
"1878","2363矽統","110/08/04","新光",1494,1876,-382
"1879","2363矽統","110/08/04","群益金鼎-內湖",393,135,258
"1880","2363矽統","110/08/04","華南永昌",691,1068,-377
"1881","2363矽統","110/08/04","群益金鼎-桃園",295,68,227
"1882","2363矽統","110/08/04","富邦-彰化",122,486,-364
"1883","2363矽統","110/08/04","永豐金-羅東",397,182,215
"1884","2363矽統","110/08/04","凱基-永和",198,478,-280
"1885","2363矽統","110/08/04","元大-永春",347,142,205
"1886","2363矽統","110/08/04","富邦-嘉義",1358,1619,-261
"1887","2363矽統","110/08/04","台新-屏東",466,275,191
"1888","2363矽統","110/08/04","元大-前金",175,419,-244
"1889","2363矽統","110/08/04","元大-萬華",286,96,190
"1890","2363矽統","110/08/04","凱基-大直",681,912,-231
"1891","8112至上","110/08/04","台灣匯立證券",138,0,138
"1892","8112至上","110/08/04","日盛-高雄",1,355,-354
"1893","8112至上","110/08/04","元富-新興",94,8,86
"1894","8112至上","110/08/04","玉山-士林",0,150,-150
"1895","8112至上","110/08/04","合庫-西台中",55,7,48
"1896","8112至上","110/08/04","台灣摩根士丹利",20,143,-123
"1897","8112至上","110/08/04","摩根大通",145,97,48
"1898","8112至上","110/08/04","元富-大昌",0,120,-120
"1899","8112至上","110/08/04","台新證券",48,1,47
"1900","8112至上","110/08/04","華南永昌-林口",1,90,-89
"1901","8112至上","110/08/04","第一金-高雄",40,0,40
"1902","8112至上","110/08/04","元大-北屯",1,70,-69
"1903","8112至上","110/08/04","群益金鼎-大安",40,0,40
"1904","8112至上","110/08/04","凱基-台北",140,206,-66
"1905","8112至上","110/08/04","日盛-新竹",60,26,34
"1906","8112至上","110/08/04","新加坡商瑞銀",16,68,-52
"1907","8112至上","110/08/04","美林",69,38,31
"1908","8112至上","110/08/04","第一金-自由",0,50,-50
"1909","8112至上","110/08/04","凱基-虎尾",30,0,30
"1910","8112至上","110/08/04","康和-內湖",0,34,-34
"1911","8112至上","110/08/04","永豐金-台南",32,2,30
"1912","8112至上","110/08/04","聯邦商銀",0,34,-34
"1913","8112至上","110/08/04","港商野村",30,1,29
"1914","8112至上","110/08/04","臺銀-鳳山",0,28,-28
"1915","8112至上","110/08/04","國泰-館前",29,5,24
"1916","8112至上","110/08/04","兆豐-公益",0,28,-28
"1917","8112至上","110/08/04","元富-佳里",21,0,21
"1918","8112至上","110/08/04","元大-崇德",0,21,-21
"1919","8112至上","110/08/04","日進",20,0,20
"1920","8112至上","110/08/04","元大-土城永寧",0,20,-20
"1921","1570力肯","110/08/04","摩根大通",330,27,303
"1922","1570力肯","110/08/04","元大-板橋",0,86,-86
"1923","1570力肯","110/08/04","統一",224,0,224
"1924","1570力肯","110/08/04","群益金鼎-忠孝",0,80,-80
"1925","1570力肯","110/08/04","富邦-台中",84,1,83
"1926","1570力肯","110/08/04","元富-緯城",0,51,-51
"1927","1570力肯","110/08/04","統一-土城",287,222,65
"1928","1570力肯","110/08/04","國票-和平",0,51,-51
"1929","1570力肯","110/08/04","群益金鼎-中壢",60,0,60
"1930","1570力肯","110/08/04","日盛-二林",0,43,-43
"1931","1570力肯","110/08/04","富邦-高雄",69,10,59
"1932","1570力肯","110/08/04","國泰-板橋",0,43,-43
"1933","1570力肯","110/08/04","統一-屏東",61,4,57
"1934","1570力肯","110/08/04","元大-新莊",1,44,-43
"1935","1570力肯","110/08/04","凱基-岡山",53,1,52
"1936","1570力肯","110/08/04","凱基-嘉義",0,42,-42
"1937","1570力肯","110/08/04","新光-台中",43,12,31
"1938","1570力肯","110/08/04","華南永昌-鳳山",2,42,-40
"1939","1570力肯","110/08/04","台中銀-員林",30,1,29
"1940","1570力肯","110/08/04","凱基-三峽",0,37,-37
"1941","1570力肯","110/08/04","元富-三重",37,12,25
"1942","1570力肯","110/08/04","國票-中正",0,36,-36
"1943","1570力肯","110/08/04","統一-新台中",30,6,24
"1944","1570力肯","110/08/04","高橋",0,30,-30
"1945","1570力肯","110/08/04","致和-府前",25,1,24
"1946","1570力肯","110/08/04","日盛-高雄",0,29,-29
"1947","1570力肯","110/08/04","凱基-中港",22,0,22
"1948","1570力肯","110/08/04","(牛牛牛)亞-鑫豐",6,29,-23
"1949","1570力肯","110/08/04","宏遠證券",20,0,20
"1950","1570力肯","110/08/04","元富-松德",1,22,-21
"1951","2929淘帝","110/08/04","兆豐-忠孝",23,0,23
"1952","2929淘帝","110/08/04","美林",12,107,-95
"1953","2929淘帝","110/08/04","華南永昌-長虹",21,0,21
"1954","2929淘帝","110/08/04","兆豐-新莊",0,94,-94
"1955","2929淘帝","110/08/04","兆豐-桃園",20,0,20
"1956","2929淘帝","110/08/04","富邦-北港",0,30,-30
"1957","2929淘帝","110/08/04","新加坡商瑞銀",34,18,16
"1958","2929淘帝","110/08/04","永興-水湳",0,20,-20
"1959","2929淘帝","110/08/04","凱基-林口",15,0,15
"1960","2929淘帝","110/08/04","兆豐-復興",0,20,-20
"1961","2929淘帝","110/08/04","富邦-竹東",17,5,12
"1962","2929淘帝","110/08/04","國泰-高雄",1,15,-14
"1963","2929淘帝","110/08/04","台新-建北",11,0,11
"1964","2929淘帝","110/08/04","元大-上新莊",0,14,-14
"1965","2929淘帝","110/08/04","凱基-豐中",11,0,11
"1966","2929淘帝","110/08/04","凱基-敦北",0,11,-11
"1967","2929淘帝","110/08/04","統一-汐止",10,0,10
"1968","2929淘帝","110/08/04","臺銀-金山",0,10,-10
"1969","2929淘帝","110/08/04","新百王",10,0,10
"1970","2929淘帝","110/08/04","日盛-斗六",0,10,-10
"1971","2929淘帝","110/08/04","凱基-台北",16,6,10
"1972","2929淘帝","110/08/04","港商野村",16,26,-10
"1973","2929淘帝","110/08/04","華南永昌-苗栗",10,0,10
"1974","2929淘帝","110/08/04","第一金-自由",0,10,-10
"1975","2929淘帝","110/08/04","富邦-板橋",10,0,10
"1976","2929淘帝","110/08/04","玉山-台南",0,10,-10
"1977","2929淘帝","110/08/04","元大-路竹",10,0,10
"1978","2929淘帝","110/08/04","凱基-五股",0,10,-10
"1979","2929淘帝","110/08/04","元大-東蘆",10,0,10
"1980","2929淘帝","110/08/04","華南永昌-楠梓",0,10,-10
"1981","5410國眾","110/08/04","永豐金-內湖",100,1,99
"1982","5410國眾","110/08/04","群益金鼎-內湖",0,46,-46
"1983","5410國眾","110/08/04","永豐金-板新",36,0,36
"1984","5410國眾","110/08/04","新光",2,36,-34
"1985","5410國眾","110/08/04","兆豐-城中",27,0,27
"1986","5410國眾","110/08/04","元富-嘉義",0,20,-20
"1987","5410國眾","110/08/04","凱基-竹北",10,0,10
"1988","5410國眾","110/08/04","元大-博愛",0,20,-20
"1989","5410國眾","110/08/04","新光-高雄",9,0,9
"1990","5410國眾","110/08/04","永豐金-彰化",0,20,-20
"1991","5410國眾","110/08/04","兆豐-北高雄",8,0,8
"1992","5410國眾","110/08/04","元大-斗信",0,11,-11
"1993","5410國眾","110/08/04","元富-三重",9,3,6
"1994","5410國眾","110/08/04","統一-平鎮",0,10,-10
"1995","5410國眾","110/08/04","台新證券",7,1,6
"1996","5410國眾","110/08/04","元大-台北",0,10,-10
"1997","5410國眾","110/08/04","元大-中壢",10,4,6
"1998","5410國眾","110/08/04","元大-大灣",0,10,-10
"1999","5410國眾","110/08/04","北城證券",5,0,5
"2000","5410國眾","110/08/04","元大-前金",0,9,-9
"2001","5410國眾","110/08/04","國票-和平",5,0,5
"2002","5410國眾","110/08/04","致和證券",0,8,-8
"2003","5410國眾","110/08/04","元大-新盛",5,0,5
"2004","5410國眾","110/08/04","元大-崇德",0,7,-7
"2005","5410國眾","110/08/04","永豐金-中盛",5,0,5
"2006","5410國眾","110/08/04","臺銀-鳳山",0,6,-6
"2007","5410國眾","110/08/04","永豐金-桃園",5,0,5
"2008","5410國眾","110/08/04","玉山-左營",0,6,-6
"2009","5410國眾","110/08/04","凱基-台北",7,3,4
"2010","5410國眾","110/08/04","富邦-台中",0,6,-6
"2011","2841台開","110/08/04","永豐金-敦南",1166,0,1166
"2012","2841台開","110/08/04","統一-三重",0,943,-943
"2013","2841台開","110/08/04","永豐金-鳳山",206,50,156
"2014","2841台開","110/08/04","群益金鼎-東大",0,250,-250
"2015","2841台開","110/08/04","凱基-文心",136,0,136
"2016","2841台開","110/08/04","元富-城東",5,250,-245
"2017","2841台開","110/08/04","國泰-敦南",135,7,128
"2018","2841台開","110/08/04","元大-大灣",16,200,-184
"2019","2841台開","110/08/04","新光",109,4,105
"2020","2841台開","110/08/04","元大-新店中正",0,128,-128
"2021","2841台開","110/08/04","日盛-信義",102,0,102
"2022","2841台開","110/08/04","兆豐-麻豆",0,120,-120
"2023","2841台開","110/08/04","兆豐-東門",100,0,100
"2024","2841台開","110/08/04","土銀",0,100,-100
"2025","2841台開","110/08/04","台新-三民",100,0,100
"2026","2841台開","110/08/04","臺銀",0,100,-100
"2027","2841台開","110/08/04","群益金鼎-海山",100,0,100
"2028","2841台開","110/08/04","富邦-新店",4,90,-86
"2029","2841台開","110/08/04","國泰-板橋",106,13,93
"2030","2841台開","110/08/04","合庫-台中",23,104,-81
"2031","2841台開","110/08/04","永豐金-彰化",100,10,90
"2032","2841台開","110/08/04","統一-高雄",0,77,-77
"2033","2841台開","110/08/04","永豐金-萬盛",101,16,85
"2034","2841台開","110/08/04","群益金鼎-屏東",0,75,-75
"2035","2841台開","110/08/04","國票-天祥",80,0,80
"2036","2841台開","110/08/04","中國信託-高雄",2,70,-68
"2037","2841台開","110/08/04","群益金鼎-崇德",84,5,79
"2038","2841台開","110/08/04","凱基-三峽",0,61,-61
"2039","2841台開","110/08/04","群益金鼎-館前",82,3,79
"2040","2841台開","110/08/04","統一-彰化",0,60,-60
"2041","6207雷科","110/08/04","凱基-羅東",80,1,79
"2042","6207雷科","110/08/04","凱基-板橋",1,213,-212
"2043","6207雷科","110/08/04","元大-鳳山",76,2,74
"2044","6207雷科","110/08/04","摩根大通",105,209,-104
"2045","6207雷科","110/08/04","凱基-台南",37,1,36
"2046","6207雷科","110/08/04","凱基-台北",22,122,-100
"2047","6207雷科","110/08/04","富邦-竹東",35,0,35
"2048","6207雷科","110/08/04","華南永昌",12,100,-88
"2049","6207雷科","110/08/04","群益金鼎-東門",31,4,27
"2050","6207雷科","110/08/04","統一-高雄",3,74,-71
"2051","6207雷科","110/08/04","新光-高雄",30,4,26
"2052","6207雷科","110/08/04","群益金鼎-大興",0,70,-70
"2053","6207雷科","110/08/04","大慶-蘆洲",21,0,21
"2054","6207雷科","110/08/04","日盛-忠孝",0,62,-62
"2055","6207雷科","110/08/04","瑞士信貸",20,0,20
"2056","6207雷科","110/08/04","富邦-台中",0,50,-50
"2057","6207雷科","110/08/04","元大-羅東",20,0,20
"2058","6207雷科","110/08/04","永豐金-內湖",0,50,-50
"2059","6207雷科","110/08/04","群益金鼎-南京",20,2,18
"2060","6207雷科","110/08/04","美林",3,47,-44
"2061","6207雷科","110/08/04","元大-汐止",16,0,16
"2062","6207雷科","110/08/04","元富-大昌",0,40,-40
"2063","6207雷科","110/08/04","兆豐-來福",15,0,15
"2064","6207雷科","110/08/04","兆豐-景美",2,40,-38
"2065","6207雷科","110/08/04","國泰-敦南",21,6,15
"2066","6207雷科","110/08/04","新加坡商瑞銀",12,49,-37
"2067","6207雷科","110/08/04","永豐金-台中",15,0,15
"2068","6207雷科","110/08/04","群益金鼎-古亭",2,24,-22
"2069","6207雷科","110/08/04","元大-沙鹿",14,0,14
"2070","6207雷科","110/08/04","華南永昌-虎尾",0,21,-21
"2071","3679新至陞","110/08/04","凱基-台北",27,0,27
"2072","3679新至陞","110/08/04","香港上海匯豐",0,12,-12
"2073","3679新至陞","110/08/04","港商法國興業",20,0,20
"2074","3679新至陞","110/08/04","台灣摩根士丹利",0,10,-10
"2075","3679新至陞","110/08/04","新加坡商瑞銀",13,0,13
"2076","3679新至陞","110/08/04","港商野村",0,8,-8
"2077","3679新至陞","110/08/04","(牛牛牛)亞-網路",11,0,11
"2078","3679新至陞","110/08/04","玉山證券",2,9,-7
"2079","3679新至陞","110/08/04","摩根大通",9,4,5
"2080","3679新至陞","110/08/04","富邦-陽明",0,6,-6
"2081","3679新至陞","110/08/04","國泰-敦南",6,2,4
"2082","3679新至陞","110/08/04","統一",0,5,-5
"2083","3679新至陞","110/08/04","土銀-和平",3,0,3
"2084","3679新至陞","110/08/04","華南永昌-淡水",0,5,-5
"2085","3679新至陞","110/08/04","台中銀-員林",3,0,3
"2086","3679新至陞","110/08/04","元大-成功",0,5,-5
"2087","3679新至陞","110/08/04","元大-永春",3,0,3
"2088","3679新至陞","110/08/04","群益金鼎-內湖",0,4,-4
"2089","3679新至陞","110/08/04","國票-台東",2,0,2
"2090","3679新至陞","110/08/04","國泰-館前",0,3,-3
"2091","3679新至陞","110/08/04","富邦-新店",2,0,2
"2092","3679新至陞","110/08/04","凱基-板橋",0,3,-3
"2093","3679新至陞","110/08/04","富邦-三重",2,0,2
"2094","3679新至陞","110/08/04","凱基-三峽",0,3,-3
"2095","3679新至陞","110/08/04","元大-板橋三民",2,0,2
"2096","3679新至陞","110/08/04","凱基-中山",0,3,-3
"2097","3679新至陞","110/08/04","永豐金-敦南",2,0,2
"2098","3679新至陞","110/08/04","元大-承德",1,4,-3
"2099","3679新至陞","110/08/04","大昌-新店",1,0,1
"2100","3679新至陞","110/08/04","元大-大同",0,3,-3
"2101","2727王品","110/08/04","元富",46,0,46
"2102","2727王品","110/08/04","台灣摩根士丹利",20,277,-257
"2103","2727王品","110/08/04","台新證券",36,7,29
"2104","2727王品","110/08/04","群益金鼎-三民",2,104,-102
"2105","2727王品","110/08/04","國泰-敦南",42,13,29
"2106","2727王品","110/08/04","第一金",1,102,-101
"2107","2727王品","110/08/04","國泰-台中",19,2,17
"2108","2727王品","110/08/04","元大-東蘆",1,45,-44
"2109","2727王品","110/08/04","華南永昌-虎尾",13,0,13
"2110","2727王品","110/08/04","新光-台中",10,43,-33
"2111","2727王品","110/08/04","凱基-五股",11,0,11
"2112","2727王品","110/08/04","新光-桃園",9,42,-33
"2113","2727王品","110/08/04","國泰-館前",16,6,10
"2114","2727王品","110/08/04","凱基-興隆",1,21,-20
"2115","2727王品","110/08/04","凱基-基隆",10,0,10
"2116","2727王品","110/08/04","元大-龍潭",6,23,-17
"2117","2727王品","110/08/04","凱基-南崁",10,0,10
"2118","2727王品","110/08/04","日盛-士林",0,15,-15
"2119","2727王品","110/08/04","富邦-台北",12,2,10
"2120","2727王品","110/08/04","凱基-天母",0,15,-15
"2121","2727王品","110/08/04","新光",34,25,9
"2122","2727王品","110/08/04","日盛-台中",4,15,-11
"2123","2727王品","110/08/04","玉山證券",12,3,9
"2124","2727王品","110/08/04","永豐金-信義",1,12,-11
"2125","2727王品","110/08/04","國泰-高雄",10,2,8
"2126","2727王品","110/08/04","新加坡商瑞銀",2,12,-10
"2127","2727王品","110/08/04","群益金鼎-宜蘭",8,0,8
"2128","2727王品","110/08/04","元大-豐原",0,10,-10
"2129","2727王品","110/08/04","國泰-台南",7,0,7
"2130","2727王品","110/08/04","元大-樹林",1,11,-10
"2131","1570力肯","110/08/04","摩根大通",330,27,303
"2132","1570力肯","110/08/04","元大-板橋",0,86,-86
"2133","1570力肯","110/08/04","統一",224,0,224
"2134","1570力肯","110/08/04","群益金鼎-忠孝",0,80,-80
"2135","1570力肯","110/08/04","富邦-台中",84,1,83
"2136","1570力肯","110/08/04","元富-緯城",0,51,-51
"2137","1570力肯","110/08/04","統一-土城",287,222,65
"2138","1570力肯","110/08/04","國票-和平",0,51,-51
"2139","1570力肯","110/08/04","群益金鼎-中壢",60,0,60
"2140","1570力肯","110/08/04","日盛-二林",0,43,-43
"2141","1570力肯","110/08/04","富邦-高雄",69,10,59
"2142","1570力肯","110/08/04","國泰-板橋",0,43,-43
"2143","1570力肯","110/08/04","統一-屏東",61,4,57
"2144","1570力肯","110/08/04","元大-新莊",1,44,-43
"2145","1570力肯","110/08/04","凱基-岡山",53,1,52
"2146","1570力肯","110/08/04","凱基-嘉義",0,42,-42
"2147","1570力肯","110/08/04","新光-台中",43,12,31
"2148","1570力肯","110/08/04","華南永昌-鳳山",2,42,-40
"2149","1570力肯","110/08/04","台中銀-員林",30,1,29
"2150","1570力肯","110/08/04","凱基-三峽",0,37,-37
"2151","1570力肯","110/08/04","元富-三重",37,12,25
"2152","1570力肯","110/08/04","國票-中正",0,36,-36
"2153","1570力肯","110/08/04","統一-新台中",30,6,24
"2154","1570力肯","110/08/04","高橋",0,30,-30
"2155","1570力肯","110/08/04","致和-府前",25,1,24
"2156","1570力肯","110/08/04","日盛-高雄",0,29,-29
"2157","1570力肯","110/08/04","凱基-中港",22,0,22
"2158","1570力肯","110/08/04","(牛牛牛)亞-鑫豐",6,29,-23
"2159","1570力肯","110/08/04","宏遠證券",20,0,20
"2160","1570力肯","110/08/04","元富-松德",1,22,-21
"2161","6180橘子","110/08/04","新光",67,10,57
"2162","6180橘子","110/08/04","群益金鼎-桃園",0,30,-30
"2163","6180橘子","110/08/04","美林",15,0,15
"2164","6180橘子","110/08/04","華南永昌-苑裡",0,30,-30
"2165","6180橘子","110/08/04","第一金-中山",15,1,14
"2166","6180橘子","110/08/04","台灣摩根士丹利",0,19,-19
"2167","6180橘子","110/08/04","日盛-台中",10,0,10
"2168","6180橘子","110/08/04","台新-三民",0,16,-16
"2169","6180橘子","110/08/04","新光-桃園",10,0,10
"2170","6180橘子","110/08/04","群益金鼎-士林",0,13,-13
"2171","6180橘子","110/08/04","康和",9,0,9
"2172","6180橘子","110/08/04","群益金鼎-中港",0,11,-11
"2173","6180橘子","110/08/04","富邦-羅東",8,0,8
"2174","6180橘子","110/08/04","新加坡商瑞銀",0,10,-10
"2175","6180橘子","110/08/04","國票-九鼎",7,0,7
"2176","6180橘子","110/08/04","統一-彰化",0,10,-10
"2177","6180橘子","110/08/04","玉山-桃園",7,0,7
"2178","6180橘子","110/08/04","兆豐-埔墘",0,10,-10
"2179","6180橘子","110/08/04","元大-員林中山",7,0,7
"2180","6180橘子","110/08/04","摩根大通",3,13,-10
"2181","6180橘子","110/08/04","瑞士信貸",6,0,6
"2182","6180橘子","110/08/04","康和-延平",0,10,-10
"2183","6180橘子","110/08/04","富邦-新竹",7,1,6
"2184","6180橘子","110/08/04","大昌-安康",0,9,-9
"2185","6180橘子","110/08/04","富邦-宜蘭",6,0,6
"2186","6180橘子","110/08/04","富邦-仁愛",1,10,-9
"2187","6180橘子","110/08/04","統一-嘉義",5,0,5
"2188","6180橘子","110/08/04","花旗環球",0,8,-8
"2189","6180橘子","110/08/04","富邦-陽明",5,0,5
"2190","6180橘子","110/08/04","福勝",0,8,-8
"2191","2390云辰","110/08/04","元富-吉利",71,6,65
"2192","2390云辰","110/08/04","港商野村",180,422,-242
"2193","2390云辰","110/08/04","兆豐-新營",53,4,49
"2194","2390云辰","110/08/04","凱基-台北",75,264,-189
"2195","2390云辰","110/08/04","台新證券",83,37,46
"2196","2390云辰","110/08/04","美林",32,132,-100
"2197","2390云辰","110/08/04","日盛-新莊",53,12,41
"2198","2390云辰","110/08/04","華南永昌-鳳山",82,181,-99
"2199","2390云辰","110/08/04","兆豐-岡山",40,0,40
"2200","2390云辰","110/08/04","日盛-園區",1,91,-90
"2201","2390云辰","110/08/04","元大-新莊",42,6,36
"2202","2390云辰","110/08/04","統一-城中",3,82,-79
"2203","2390云辰","110/08/04","永豐金-鳳山",37,3,34
"2204","2390云辰","110/08/04","第一金-中壢",0,73,-73
"2205","2390云辰","110/08/04","德信-新營",37,4,33
"2206","2390云辰","110/08/04","元大-忠孝",8,74,-66
"2207","2390云辰","110/08/04","群益金鼎-三民",35,2,33
"2208","2390云辰","110/08/04","凱基-竹科",6,67,-61
"2209","2390云辰","110/08/04","玉山-雙和",39,7,32
"2210","2390云辰","110/08/04","統一-屏東",0,51,-51
"2211","2390云辰","110/08/04","凱基-三重",33,3,30
"2212","2390云辰","110/08/04","富邦-新店",2,50,-48
"2213","2390云辰","110/08/04","華南永昌-朴子",35,6,29
"2214","2390云辰","110/08/04","元富-大裕",21,56,-35
"2215","2390云辰","110/08/04","國票-和平",29,1,28
"2216","2390云辰","110/08/04","永豐金-三重",6,41,-35
"2217","2390云辰","110/08/04","元大-東蘆",31,3,28
"2218","2390云辰","110/08/04","臺銀",15,47,-32
"2219","2390云辰","110/08/04","日茂",59,33,26
"2220","2390云辰","110/08/04","凱基-台中",1,33,-32
"2221","1471首利","110/08/02","日盛-和美",31,0,31
"2222","1471首利","110/08/02","日盛-八德",0,63,-63
"2223","1471首利","110/08/02","宏遠-光隆",30,0,30
"2224","1471首利","110/08/02","凱基-幸福",0,49,-49
"2225","1471首利","110/08/02","元富-花蓮",25,0,25
"2226","1471首利","110/08/02","富邦-台北",0,30,-30
"2227","1471首利","110/08/02","凱基-台北",25,0,25
"2228","1471首利","110/08/02","元大-東蘆",0,30,-30
"2229","1471首利","110/08/02","日盛-木柵",20,0,20
"2230","1471首利","110/08/02","合庫-桃園",0,20,-20
"2231","1471首利","110/08/02","凱基-高美館",20,0,20
"2232","1471首利","110/08/02","康和-澎湖",0,15,-15
"2233","1471首利","110/08/02","新光-台中",24,5,19
"2234","1471首利","110/08/02","元大-斗信",0,15,-15
"2235","1471首利","110/08/02","富邦-羅東",15,0,15
"2236","1471首利","110/08/02","元富-民權",0,12,-12
"2237","1471首利","110/08/02","兆豐-鹿港",14,0,14
"2238","1471首利","110/08/02","玉山-新莊",0,12,-12
"2239","1471首利","110/08/02","美林",16,4,12
"2240","1471首利","110/08/02","宏遠-桃園",0,10,-10
"2241","1471首利","110/08/02","統一-桃園",12,0,12
"2242","1471首利","110/08/02","瑞士信貸",0,10,-10
"2243","1471首利","110/08/02","合庫-高雄",10,0,10
"2244","1471首利","110/08/02","大慶-苗栗",0,10,-10
"2245","1471首利","110/08/02","日盛-士林",10,0,10
"2246","1471首利","110/08/02","統一-新營",0,10,-10
"2247","1471首利","110/08/02","港商法國興業",10,0,10
"2248","1471首利","110/08/02","群益金鼎-三重",0,10,-10
"2249","1471首利","110/08/02","第一金-台南",10,0,10
"2250","1471首利","110/08/02","元大-基隆",0,10,-10
"2251","2883開發金","110/08/02","統一",3076,29,3047
"2252","2883開發金","110/08/02","中農",2,3126,-3124
"2253","2883開發金","110/08/02","凱基-台北",2789,192,2597
"2254","2883開發金","110/08/02","群益金鼎",11,2008,-1997
"2255","2883開發金","110/08/02","元富-城東",2139,5,2134
"2256","2883開發金","110/08/02","摩根大通",2081,3944,-1863
"2257","2883開發金","110/08/02","瑞士信貸",2184,316,1868
"2258","2883開發金","110/08/02","港商野村",949,2553,-1604
"2259","2883開發金","110/08/02","美林",1160,271,889
"2260","2883開發金","110/08/02","台灣匯立證券",198,1533,-1335
"2261","2883開發金","110/08/02","港商麥格理",855,0,855
"2262","2883開發金","110/08/02","中國信託",69,1041,-972
"2263","2883開發金","110/08/02","元大-金華",533,33,500
"2264","2883開發金","110/08/02","兆豐證券",1,863,-862
"2265","2883開發金","110/08/02","新加坡商瑞銀",1089,624,465
"2266","2883開發金","110/08/02","美商高盛",6,644,-638
"2267","2883開發金","110/08/02","法銀巴黎",441,0,441
"2268","2883開發金","110/08/02","華南永昌-中正",4,632,-628
"2269","2883開發金","110/08/02","富邦-嘉義",425,24,401
"2270","2883開發金","110/08/02","第一金-安和",156,757,-601
"2271","2883開發金","110/08/02","元富-烏日",367,3,364
"2272","2883開發金","110/08/02","國票",0,524,-524
"2273","2883開發金","110/08/02","台灣摩根士丹利",634,280,354
"2274","2883開發金","110/08/02","元富",266,770,-504
"2275","2883開發金","110/08/02","國泰-館前",516,180,336
"2276","2883開發金","110/08/02","新光",1651,1984,-333
"2277","2883開發金","110/08/02","聯邦-敦化",321,5,316
"2278","2883開發金","110/08/02","元富-安南",20,324,-304
"2279","2883開發金","110/08/02","玉山-士林",307,13,294
"2280","2883開發金","110/08/02","群益金鼎-東門",6,280,-274
"2281","6205詮欣","110/08/02","元大-館前",16,0,16
"2282","6205詮欣","110/08/02","永豐金-敦南",0,21,-21
"2283","6205詮欣","110/08/02","臺銀",11,0,11
"2284","6205詮欣","110/08/02","日盛-三重",0,17,-17
"2285","6205詮欣","110/08/02","臺銀-民權",10,0,10
"2286","6205詮欣","110/08/02","永豐金-博愛",0,10,-10
"2287","6205詮欣","110/08/02","摩根大通",11,1,10
"2288","6205詮欣","110/08/02","國票-台南",0,5,-5
"2289","6205詮欣","110/08/02","合庫-三重",5,0,5
"2290","6205詮欣","110/08/02","群益金鼎-三重",0,4,-4
"2291","6205詮欣","110/08/02","元大-東蘆",5,0,5
"2292","6205詮欣","110/08/02","元大-土城",0,4,-4
"2293","6205詮欣","110/08/02","凱基",3,0,3
"2294","6205詮欣","110/08/02","元大-草屯",0,4,-4
"2295","6205詮欣","110/08/02","日盛-雙和",2,0,2
"2296","6205詮欣","110/08/02","臺銀-新竹",1,4,-3
"2297","6205詮欣","110/08/02","兆豐-南京",2,0,2
"2298","6205詮欣","110/08/02","光和-嘉義",0,3,-3
"2299","6205詮欣","110/08/02","凱基-台北",3,1,2
"2300","6205詮欣","110/08/02","永豐金-內湖",0,3,-3
"2301","6205詮欣","110/08/02","元大-西螺",2,0,2
"2302","6205詮欣","110/08/02","第一金-華江",0,2,-2
"2303","6205詮欣","110/08/02","元大-新竹經國",2,0,2
"2304","6205詮欣","110/08/02","中國信託-高雄",0,2,-2
"2305","6205詮欣","110/08/02","元大-北成功",2,0,2
"2306","6205詮欣","110/08/02","兆豐-鹿港",0,2,-2
"2307","6205詮欣","110/08/02","臺銀-臺中",1,0,1
"2308","6205詮欣","110/08/02","統一-平鎮",0,1,-1
"2309","6205詮欣","110/08/02","德信-新營",1,0,1
"2310","6205詮欣","110/08/02","台新-台中",0,1,-1
"2311","1540喬福","110/08/02","富邦-南屯",10,0,10
"2312","1540喬福","110/08/02","永豐金-埔里",0,22,-22
"2313","1540喬福","110/08/02","元富-中原",10,2,8
"2314","1540喬福","110/08/02","統一-新台中",0,17,-17
"2315","1540喬福","110/08/02","德信-新營",6,0,6
"2316","1540喬福","110/08/02","統一-三多",0,3,-3
"2317","1540喬福","110/08/02","元大-龍潭",3,0,3
"2318","1540喬福","110/08/02","光和-高雄",0,2,-2
"2319","1540喬福","110/08/02","凱基-台北",3,0,3
"2320","1540喬福","110/08/02","兆豐-嘉義",0,2,-2
"2321","1540喬福","110/08/02","新光-桃園",3,0,3
"2322","1540喬福","110/08/02","台新-高雄",0,1,-1
"2323","1540喬福","110/08/02","永豐金-內湖",2,0,2
"2324","1540喬福","110/08/02","新光",0,1,-1
"2325","1540喬福","110/08/02","港商法國興業",2,0,2
"2326","1540喬福","110/08/02","國泰-館前",0,1,-1
"2327","1540喬福","110/08/02","統一-台南",2,0,2
"2328","1540喬福","110/08/02","群益金鼎-民權",0,1,-1
"2329","1540喬福","110/08/02","元富-桃園",2,0,2
"2330","1540喬福","110/08/02","富邦-嘉義",0,1,-1
"2331","1540喬福","110/08/02","台中銀-豐原",2,0,2
"2332","1540喬福","110/08/02","元大-新竹",0,1,-1
"2333","1540喬福","110/08/02","(牛牛牛)亞-網路",1,0,1
"2334","1540喬福","110/08/02","元大-豐原站前",0,1,-1
"2335","1540喬福","110/08/02","元富",1,0,1
"2336","1540喬福","110/08/02","臺銀-鳳山",0,0,0
"2337","1540喬福","110/08/02","第一金-桃園",1,0,1
"2338","1540喬福","110/08/02","第一金",0,0,0
"2339","1540喬福","110/08/02","瑞士信貸",1,0,1
"2340","1540喬福","110/08/02","華南永昌-南京",0,0,0
"2341","2888新光金","110/08/02","花旗環球",2291,0,2291
"2342","2888新光金","110/08/02","瑞士信貸",1405,3997,-2592
"2343","2888新光金","110/08/02","美林",2235,208,2027
"2344","2888新光金","110/08/02","新加坡商瑞銀",780,2173,-1393
"2345","2888新光金","110/08/02","群益金鼎-彰化",1014,2,1012
"2346","2888新光金","110/08/02","美商高盛",369,1356,-987
"2347","2888新光金","110/08/02","富邦-建國",823,9,814
"2348","2888新光金","110/08/02","元大-仁愛",69,795,-726
"2349","2888新光金","110/08/02","元大-華山",532,1,531
"2350","2888新光金","110/08/02","永興-台中",0,500,-500
"2351","2888新光金","110/08/02","法銀巴黎",666,166,500
"2352","2888新光金","110/08/02","凱基-站前",17,506,-489
"2353","2888新光金","110/08/02","台灣匯立證券",421,0,421
"2354","2888新光金","110/08/02","元富-城東",38,496,-458
"2355","2888新光金","110/08/02","凱基-台南",376,17,359
"2356","2888新光金","110/08/02","群益金鼎-中港",2,450,-448
"2357","2888新光金","110/08/02","永豐金-嘉義",352,0,352
"2358","2888新光金","110/08/02","華南永昌",25,461,-436
"2359","2888新光金","110/08/02","合庫-台中",339,1,338
"2360","2888新光金","110/08/02","港商野村",135,550,-415
"2361","2888新光金","110/08/02","港商麥格理",316,0,316
"2362","2888新光金","110/08/02","大慶-苗栗",1,406,-405
"2363","2888新光金","110/08/02","群益金鼎-建成",298,5,293
"2364","2888新光金","110/08/02","華南永昌-中正",34,419,-385
"2365","2888新光金","110/08/02","永豐金-板盛",221,0,221
"2366","2888新光金","110/08/02","玉山-台大",0,350,-350
"2367","2888新光金","110/08/02","台灣摩根士丹利",1700,1488,212
"2368","2888新光金","110/08/02","元大-汐止",66,363,-297
"2369","2888新光金","110/08/02","凱基-竹北",200,0,200
"2370","2888新光金","110/08/02","台新-新莊",14,265,-251
"2371","1340勝悅","110/08/02","國泰-台中",22,0,22
"2372","1340勝悅","110/08/02","中國信託",0,83,-83
"2373","1340勝悅","110/08/02","港商法國興業",14,0,14
"2374","1340勝悅","110/08/02","元大-開元",0,11,-11
"2375","1340勝悅","110/08/02","新光",18,5,13
"2376","1340勝悅","110/08/02","凱基-永康",0,10,-10
"2377","1340勝悅","110/08/02","元大-基隆孝二",11,0,11
"2378","1340勝悅","110/08/02","富邦-宜蘭",0,10,-10
"2379","1340勝悅","110/08/02","玉山-士林",10,0,10
"2380","1340勝悅","110/08/02","元大-大統",0,10,-10
"2381","1340勝悅","110/08/02","凱基",6,0,6
"2382","1340勝悅","110/08/02","富邦-板橋",0,5,-5
"2383","1340勝悅","110/08/02","摩根大通",4,0,4
"2384","1340勝悅","110/08/02","瑞士信貸",1,5,-4
"2385","1340勝悅","110/08/02","國泰-敦南",8,4,4
"2386","1340勝悅","110/08/02","華南永昌-忠孝",0,2,-2
"2387","1340勝悅","110/08/02","國泰-新莊",3,0,3
"2388","1340勝悅","110/08/02","元大-虎尾",0,2,-2
"2389","1340勝悅","110/08/02","凱基-嘉義",3,0,3
"2390","1340勝悅","110/08/02","元大-路竹",0,2,-2
"2391","1340勝悅","110/08/02","群益金鼎-館前",3,0,3
"2392","1340勝悅","110/08/02","元大-信義",0,2,-2
"2393","1340勝悅","110/08/02","國泰-館前",3,0,3
"2394","1340勝悅","110/08/02","華南永昌-高雄",0,1,-1
"2395","1340勝悅","110/08/02","臺銀-鳳山",3,0,3
"2396","1340勝悅","110/08/02","玉山-大里",0,0,0
"2397","1340勝悅","110/08/02","國泰-高雄",4,1,3
"2398","1340勝悅","110/08/02","群益金鼎-丹鳳",0,0,0
"2399","1340勝悅","110/08/02","美商高盛",3,0,3
"2400","1340勝悅","110/08/02","富邦-虎尾",0,0,0
"2401","6246臺龍","110/08/02","台新證券",19,1,18
"2402","6246臺龍","110/08/02","元大-新竹經國",0,6,-6
"2403","6246臺龍","110/08/02","凱基-台北",7,2,5
"2404","6246臺龍","110/08/02","台新-台南",0,5,-5
"2405","6246臺龍","110/08/02","國票-九鼎",3,0,3
"2406","6246臺龍","110/08/02","宏遠-新化",1,4,-3
"2407","6246臺龍","110/08/02","國票-南京",3,0,3
"2408","6246臺龍","110/08/02","元富-板橋",0,3,-3
"2409","6246臺龍","110/08/02","新光-台中",3,0,3
"2410","6246臺龍","110/08/02","國泰-敦南",0,3,-3
"2411","6246臺龍","110/08/02","元大-員林",3,0,3
"2412","6246臺龍","110/08/02","富邦-台中",0,3,-3
"2413","6246臺龍","110/08/02","元大-永和",3,0,3
"2414","6246臺龍","110/08/02","元大-大益",2,5,-3
"2415","6246臺龍","110/08/02","港商野村",2,0,2
"2416","6246臺龍","110/08/02","日盛-永康",0,2,-2
"2417","6246臺龍","110/08/02","台新-高雄",2,0,2
"2418","6246臺龍","110/08/02","日盛-宜蘭",0,2,-2
"2419","6246臺龍","110/08/02","新光-台南",2,0,2
"2420","6246臺龍","110/08/02","宏遠-台南",0,2,-2
"2421","6246臺龍","110/08/02","日盛-文化",1,0,1
"2422","6246臺龍","110/08/02","高橋-龍潭",0,2,-2
"2423","6246臺龍","110/08/02","國泰-忠孝",1,0,1
"2424","6246臺龍","110/08/02","群益金鼎-中壢",0,2,-2
"2425","6246臺龍","110/08/02","群益金鼎-崇德",3,2,1
"2426","6246臺龍","110/08/02","凱基-三多",0,2,-2
"2427","6246臺龍","110/08/02","富邦-員林",1,0,1
"2428","6246臺龍","110/08/02","統一-中壢",0,1,-1
"2429","6246臺龍","110/08/02","富邦-三重",1,0,1
"2430","6246臺龍","110/08/02","中國信託-嘉義",0,1,-1
"2431","00715L期街口布蘭特正2","110/08/02","元大證券",7296,1000,6296
"2432","00715L期街口布蘭特正2","110/08/02","富邦-基隆",0,850,-850
"2433","00715L期街口布蘭特正2","110/08/02","永豐金證券",2221,338,1883
"2434","00715L期街口布蘭特正2","110/08/02","(牛牛牛)亞-鑫豐",10,850,-840
"2435","00715L期街口布蘭特正2","110/08/02","統一",1460,100,1360
"2436","00715L期街口布蘭特正2","110/08/02","華南永昌-長虹",57,820,-763
"2437","00715L期街口布蘭特正2","110/08/02","國票-中港",1000,0,1000
"2438","00715L期街口布蘭特正2","110/08/02","富邦-彰化",0,700,-700
"2439","00715L期街口布蘭特正2","110/08/02","第一金-台中",900,13,887
"2440","00715L期街口布蘭特正2","110/08/02","第一金-路竹",0,682,-682
"2441","00715L期街口布蘭特正2","110/08/02","群益金鼎",728,0,728
"2442","00715L期街口布蘭特正2","110/08/02","台新證券",112,791,-679
"2443","00715L期街口布蘭特正2","110/08/02","群益金鼎-古亭",433,1,432
"2444","00715L期街口布蘭特正2","110/08/02","第一金-忠孝",45,483,-438
"2445","00715L期街口布蘭特正2","110/08/02","凱基-市政",525,125,400
"2446","00715L期街口布蘭特正2","110/08/02","玉山-台南",0,373,-373
"2447","00715L期街口布蘭特正2","110/08/02","元大-敦化",400,0,400
"2448","00715L期街口布蘭特正2","110/08/02","國泰-板橋",3,313,-310
"2449","00715L期街口布蘭特正2","110/08/02","元大-草屯",353,21,332
"2450","00715L期街口布蘭特正2","110/08/02","凱基",0,300,-300
"2451","00715L期街口布蘭特正2","110/08/02","元大-萬華",250,0,250
"2452","00715L期街口布蘭特正2","110/08/02","元大-嘉義",1,300,-299
"2453","00715L期街口布蘭特正2","110/08/02","統一-員林",180,0,180
"2454","00715L期街口布蘭特正2","110/08/02","元大-大灣",14,303,-289
"2455","00715L期街口布蘭特正2","110/08/02","富邦證券",282,152,130
"2456","00715L期街口布蘭特正2","110/08/02","新光-桃園",45,295,-250
"2457","00715L期街口布蘭特正2","110/08/02","元富-潮州",125,0,125
"2458","00715L期街口布蘭特正2","110/08/02","元大-新莊",76,306,-230
"2459","00715L期街口布蘭特正2","110/08/02","兆豐-台中港",106,0,106
"2460","00715L期街口布蘭特正2","110/08/02","富邦-台北",0,211,-211
"2461","8941關中","110/08/02","宏遠-館前",3,0,3
"2462","8941關中","110/08/02","富邦-台中",0,5,-5
"2463","8941關中","110/08/02","群益金鼎-彰化",2,0,2
"2464","8941關中","110/08/02","富邦-員林",0,4,-4
"2465","8941關中","110/08/02","第一金-台中",1,0,1
"2466","8941關中","110/08/02","元大-新竹經國",0,0,0
"2467","8941關中","110/08/02","台新-台中",1,0,1
"2468","8941關中","110/08/02","永豐金-萬盛",0,0,0
"2469","8941關中","110/08/02","華南永昌-南京",1,0,1
"2470","8941關中","110/08/02","",NA,NA,NA
"2471","8941關中","110/08/02","元大-桃興",2,1,1
"2472","8941關中","110/08/02","",NA,NA,NA
"2473","8941關中","110/08/02","元大-新竹經國",0,0,0
"2474","8941關中","110/08/02","",NA,NA,NA
"2475","8941關中","110/08/02","永豐金-萬盛",0,0,0
"2476","8941關中","110/08/02","",NA,NA,NA
"2477","8941關中","110/08/02","",NA,NA,NA
"2478","8941關中","110/08/02","",NA,NA,NA
"2479","8941關中","110/08/02","",NA,NA,NA
"2480","8941關中","110/08/02","",NA,NA,NA
"2481","8941關中","110/08/02","",NA,NA,NA
"2482","8941關中","110/08/02","",NA,NA,NA
"2483","8941關中","110/08/02","",NA,NA,NA
"2484","8941關中","110/08/02","",NA,NA,NA
"2485","8941關中","110/08/02","",NA,NA,NA
"2486","8941關中","110/08/02","",NA,NA,NA
"2487","8941關中","110/08/02","",NA,NA,NA
"2488","8941關中","110/08/02","",NA,NA,NA
"2489","8941關中","110/08/02","",NA,NA,NA
"2490","8941關中","110/08/02","",NA,NA,NA
"2491","8936國統","110/08/02","合庫-高雄",68,0,68
"2492","8936國統","110/08/02","凱基-台北",0,125,-125
"2493","8936國統","110/08/02","元大-蘆洲",33,0,33
"2494","8936國統","110/08/02","摩根大通",9,125,-116
"2495","8936國統","110/08/02","富邦-高雄",30,4,26
"2496","8936國統","110/08/02","永全-南崁",0,50,-50
"2497","8936國統","110/08/02","大慶-蘆洲",20,0,20
"2498","8936國統","110/08/02","新光-台中",16,55,-39
"2499","8936國統","110/08/02","兆豐-桃鶯",20,0,20
"2500","8936國統","110/08/02","凱基-市政",0,31,-31
"2501","8936國統","110/08/02","元大-東泰",20,0,20
"2502","8936國統","110/08/02","美商高盛",1,20,-19
"2503","8936國統","110/08/02","永豐金-忠孝",20,0,20
"2504","8936國統","110/08/02","元大-東港",3,20,-17
"2505","8936國統","110/08/02","元大-旗山",15,0,15
"2506","8936國統","110/08/02","台灣企銀-台中",0,15,-15
"2507","8936國統","110/08/02","中國信託-文心",12,0,12
"2508","8936國統","110/08/02","日盛-竹北",0,15,-15
"2509","8936國統","110/08/02","國泰-敦南",14,2,12
"2510","8936國統","110/08/02","瑞士信貸",0,11,-11
"2511","8936國統","110/08/02","元大-敦南",12,0,12
"2512","8936國統","110/08/02","港商野村",26,36,-10
"2513","8936國統","110/08/02","日盛-三峽",11,0,11
"2514","8936國統","110/08/02","統一-竹南",0,10,-10
"2515","8936國統","110/08/02","永豐金-苓雅",11,0,11
"2516","8936國統","110/08/02","國泰-高雄",1,11,-10
"2517","8936國統","110/08/02","宏遠-高雄",11,1,10
"2518","8936國統","110/08/02","元大-天母",0,9,-9
"2519","8936國統","110/08/02","第一金-嘉義",10,0,10
"2520","8936國統","110/08/02","元大-台中中港",0,9,-9
"2521","6226光鼎","110/08/02","新百王",283,0,283
"2522","6226光鼎","110/08/02","元富-安南",3,113,-110
"2523","6226光鼎","110/08/02","日盛-文化",219,3,216
"2524","6226光鼎","110/08/02","群益金鼎-東大",24,124,-100
"2525","6226光鼎","110/08/02","元大-嘉義",127,37,90
"2526","6226光鼎","110/08/02","富邦-南屯",3,100,-97
"2527","6226光鼎","110/08/02","統一-新竹",113,31,82
"2528","6226光鼎","110/08/02","元大-鳳中",2,99,-97
"2529","6226光鼎","110/08/02","台中銀-員林",111,47,64
"2530","6226光鼎","110/08/02","元大-忠孝鼎富",10,100,-90
"2531","6226光鼎","110/08/02","永豐金證券",66,5,61
"2532","6226光鼎","110/08/02","華南永昌-小港",0,84,-84
"2533","6226光鼎","110/08/02","日盛-員林",107,50,57
"2534","6226光鼎","110/08/02","國泰-敦南",247,324,-77
"2535","6226光鼎","110/08/02","國票-九鼎",72,24,48
"2536","6226光鼎","110/08/02","亞東",5,76,-71
"2537","6226光鼎","110/08/02","元大-士林",53,6,47
"2538","6226光鼎","110/08/02","中國信託-新竹",2,62,-60
"2539","6226光鼎","110/08/02","元大-鹿港",48,7,41
"2540","6226光鼎","110/08/02","元大-南屯",12,64,-52
"2541","6226光鼎","110/08/02","中國信託-文心",48,8,40
"2542","6226光鼎","110/08/02","元大-高雄",9,61,-52
"2543","6226光鼎","110/08/02","國泰-新莊",56,17,39
"2544","6226光鼎","110/08/02","元大-台北",2,53,-51
"2545","6226光鼎","110/08/02","元大-大同",39,0,39
"2546","6226光鼎","110/08/02","第一金-華江",8,52,-44
"2547","6226光鼎","110/08/02","富邦-建國",39,1,38
"2548","6226光鼎","110/08/02","元富-新莊",3,44,-41
"2549","6226光鼎","110/08/02","統一-三重",54,18,36
"2550","6226光鼎","110/08/02","玉山-桃園",3,40,-37
"2551","2363矽統","110/08/02","中國信託-忠孝",405,25,380
"2552","2363矽統","110/08/02","富邦證券",16,4082,-4066
"2553","2363矽統","110/08/02","群益金鼎-屏東",349,123,226
"2554","2363矽統","110/08/02","凱基-台北",2669,4466,-1797
"2555","2363矽統","110/08/02","群益金鼎-永和",233,20,213
"2556","2363矽統","110/08/02","台灣摩根士丹利",69,1749,-1680
"2557","2363矽統","110/08/02","富邦-中壢",299,91,208
"2558","2363矽統","110/08/02","新加坡商瑞銀",361,1486,-1125
"2559","2363矽統","110/08/02","永豐金-彰化",188,4,184
"2560","2363矽統","110/08/02","港商野村",619,1622,-1003
"2561","2363矽統","110/08/02","元大-承德",253,73,180
"2562","2363矽統","110/08/02","美商高盛",214,1077,-863
"2563","2363矽統","110/08/02","康和-台中",192,23,169
"2564","2363矽統","110/08/02","兆豐-復興",124,973,-849
"2565","2363矽統","110/08/02","新光",550,382,168
"2566","2363矽統","110/08/02","統一-仁愛",132,666,-534
"2567","2363矽統","110/08/02","元大-萬華",224,61,163
"2568","2363矽統","110/08/02","美林",520,1028,-508
"2569","2363矽統","110/08/02","元大-博愛",204,44,160
"2570","2363矽統","110/08/02","統一-土城",32,536,-504
"2571","2363矽統","110/08/02","兆豐-三民",171,17,154
"2572","2363矽統","110/08/02","華南永昌-斗六",33,526,-493
"2573","2363矽統","110/08/02","元大-新竹",196,44,152
"2574","2363矽統","110/08/02","統一-敦南",35,527,-492
"2575","2363矽統","110/08/02","凱基-三重",178,29,149
"2576","2363矽統","110/08/02","永豐金-員林",12,495,-483
"2577","2363矽統","110/08/02","元大-忠孝",181,38,143
"2578","2363矽統","110/08/02","統一-城中",117,589,-472
"2579","2363矽統","110/08/02","元富-世貿",142,4,138
"2580","2363矽統","110/08/02","摩根大通",1070,1471,-401
"2581","8112至上","110/08/02","合庫證券",213,0,213
"2582","8112至上","110/08/02","台灣摩根士丹利",9,287,-278
"2583","8112至上","110/08/02","凱基-台北",298,152,146
"2584","8112至上","110/08/02","凱基-三重",3,236,-233
"2585","8112至上","110/08/02","大慶",87,0,87
"2586","8112至上","110/08/02","臺銀-鳳山",11,124,-113
"2587","8112至上","110/08/02","凱基-新店",84,0,84
"2588","8112至上","110/08/02","合庫-台中",1,112,-111
"2589","8112至上","110/08/02","香港上海匯豐",76,0,76
"2590","8112至上","110/08/02","土銀-嘉義",0,105,-105
"2591","8112至上","110/08/02","群益金鼎-建成",65,1,64
"2592","8112至上","110/08/02","元大-新莊",2,106,-104
"2593","8112至上","110/08/02","玉山-板橋",63,0,63
"2594","8112至上","110/08/02","台新-建北",0,95,-95
"2595","8112至上","110/08/02","元大-前金",61,2,59
"2596","8112至上","110/08/02","華南永昌-彰化",2,64,-62
"2597","8112至上","110/08/02","台新-台中",58,5,53
"2598","8112至上","110/08/02","群益金鼎-北高雄",3,50,-47
"2599","8112至上","110/08/02","亞東",51,0,51
"2600","8112至上","110/08/02","元大-福營",1,45,-44
"2601","8112至上","110/08/02","美林",49,1,48
"2602","8112至上","110/08/02","永豐金-南京",2,38,-36
"2603","8112至上","110/08/02","摩根大通",114,67,47
"2604","8112至上","110/08/02","亞東-板橋",2,34,-32
"2605","8112至上","110/08/02","美商高盛",46,0,46
"2606","8112至上","110/08/02","元大-台南",2,33,-31
"2607","8112至上","110/08/02","凱基-松山",43,1,42
"2608","8112至上","110/08/02","統一-城中",0,30,-30
"2609","8112至上","110/08/02","群益金鼎-大安",40,0,40
"2610","8112至上","110/08/02","元富-板橋",5,35,-30
"2611","1570力肯","110/08/02","群益金鼎-高雄",11,0,11
"2612","1570力肯","110/08/02","大慶",0,5,-5
"2613","1570力肯","110/08/02","臺銀-臺南",4,0,4
"2614","1570力肯","110/08/02","元大-板橋",0,4,-4
"2615","1570力肯","110/08/02","新光-台中",4,0,4
"2616","1570力肯","110/08/02","玉山證券",0,4,-4
"2617","1570力肯","110/08/02","(牛牛牛)亞-鑫豐",3,0,3
"2618","1570力肯","110/08/02","國泰-台南",0,3,-3
"2619","1570力肯","110/08/02","土銀-白河",2,0,2
"2620","1570力肯","110/08/02","元富-新店",0,3,-3
"2621","1570力肯","110/08/02","統一-松江",2,0,2
"2622","1570力肯","110/08/02","元富-永和",0,2,-2
"2623","1570力肯","110/08/02","中國信託-永康",1,0,1
"2624","1570力肯","110/08/02","凱基-台北",0,2,-2
"2625","1570力肯","110/08/02","凱基-信義",1,0,1
"2626","1570力肯","110/08/02","統一-城中",0,2,-2
"2627","1570力肯","110/08/02","凱基-幸福",1,0,1
"2628","1570力肯","110/08/02","新光",0,1,-1
"2629","1570力肯","110/08/02","元大-歸仁",1,0,1
"2630","1570力肯","110/08/02","凱基-岡山",0,1,-1
"2631","1570力肯","110/08/02","合庫-台中",0,0,0
"2632","1570力肯","110/08/02","富邦-台南",0,1,-1
"2633","1570力肯","110/08/02","康和-板橋",0,0,0
"2634","1570力肯","110/08/02","元大-新盛",0,1,-1
"2635","1570力肯","110/08/02","群益金鼎-鳳山",0,0,0
"2636","1570力肯","110/08/02","永豐金-嘉義",0,1,-1
"2637","1570力肯","110/08/02","元大-樹林",0,0,0
"2638","1570力肯","110/08/02","康和-板橋",0,0,0
"2639","1570力肯","110/08/02","",NA,NA,NA
"2640","1570力肯","110/08/02","合庫-台中",0,0,0
"2641","2929淘帝","110/08/02","元大-民生",29,0,29
"2642","2929淘帝","110/08/02","新加坡商瑞銀",4,70,-66
"2643","2929淘帝","110/08/02","兆豐-桃園",20,0,20
"2644","2929淘帝","110/08/02","富邦-建國",0,26,-26
"2645","2929淘帝","110/08/02","新光",14,0,14
"2646","2929淘帝","110/08/02","美林",0,24,-24
"2647","2929淘帝","110/08/02","兆豐-忠孝",13,0,13
"2648","2929淘帝","110/08/02","元大-和平",0,13,-13
"2649","2929淘帝","110/08/02","兆豐-彰化",12,0,12
"2650","2929淘帝","110/08/02","元大-永和",0,10,-10
"2651","2929淘帝","110/08/02","合庫-高雄",10,0,10
"2652","2929淘帝","110/08/02","日盛-頭份",0,9,-9
"2653","2929淘帝","110/08/02","富邦-台北",10,0,10
"2654","2929淘帝","110/08/02","群益金鼎-中山",0,9,-9
"2655","2929淘帝","110/08/02","國泰-敦南",9,0,9
"2656","2929淘帝","110/08/02","華南永昌-頭份",0,7,-7
"2657","2929淘帝","110/08/02","元富-文心",10,2,8
"2658","2929淘帝","110/08/02","永豐金-敦南",0,7,-7
"2659","2929淘帝","110/08/02","台新-台中",7,0,7
"2660","2929淘帝","110/08/02","凱基-台北",5,11,-6
"2661","2929淘帝","110/08/02","元大-文心",6,0,6
"2662","2929淘帝","110/08/02","臺銀-鳳山",0,5,-5
"2663","2929淘帝","110/08/02","日盛-忠孝",5,0,5
"2664","2929淘帝","110/08/02","凱基-城中",0,5,-5
"2665","2929淘帝","110/08/02","第一金-高雄",5,0,5
"2666","2929淘帝","110/08/02","華南永昌-台中",0,5,-5
"2667","2929淘帝","110/08/02","富邦-基隆",6,1,5
"2668","2929淘帝","110/08/02","元大-博愛",0,5,-5
"2669","2929淘帝","110/08/02","富邦-新店",5,0,5
"2670","2929淘帝","110/08/02","元富-緯城",0,4,-4
"2671","5410國眾","110/08/02","新加坡商瑞銀",19,0,19
"2672","5410國眾","110/08/02","日盛-斗六",0,15,-15
"2673","5410國眾","110/08/02","兆豐-城中",18,0,18
"2674","5410國眾","110/08/02","元大-大同",0,15,-15
"2675","5410國眾","110/08/02","日盛-新莊",10,0,10
"2676","5410國眾","110/08/02","元大-博愛",0,10,-10
"2677","5410國眾","110/08/02","元富-佳里",10,0,10
"2678","5410國眾","110/08/02","凱基-台北",0,7,-7
"2679","5410國眾","110/08/02","摩根大通",9,0,9
"2680","5410國眾","110/08/02","臺銀-臺南",0,6,-6
"2681","5410國眾","110/08/02","國泰-桃園",6,0,6
"2682","5410國眾","110/08/02","元富-嘉義",0,6,-6
"2683","5410國眾","110/08/02","元富-新竹",5,0,5
"2684","5410國眾","110/08/02","第一金-中壢",0,5,-5
"2685","5410國眾","110/08/02","元大-復北",5,0,5
"2686","5410國眾","110/08/02","致和證券",0,5,-5
"2687","5410國眾","110/08/02","永豐金-桃園",5,0,5
"2688","5410國眾","110/08/02","群益金鼎-土城",0,5,-5
"2689","5410國眾","110/08/02","安泰-楠梓",4,0,4
"2690","5410國眾","110/08/02","華南永昌-中正",0,5,-5
"2691","5410國眾","110/08/02","台灣企銀-太平",3,0,3
"2692","5410國眾","110/08/02","元大-新莊",0,5,-5
"2693","5410國眾","110/08/02","新光",3,0,3
"2694","5410國眾","110/08/02","土銀-新竹",0,4,-4
"2695","5410國眾","110/08/02","富邦-內湖",3,0,3
"2696","5410國眾","110/08/02","日盛-員林",0,3,-3
"2697","5410國眾","110/08/02","中國信託-新竹",2,0,2
"2698","5410國眾","110/08/02","元大-新竹經國",0,3,-3
"2699","5410國眾","110/08/02","華南永昌-楠梓",2,0,2
"2700","5410國眾","110/08/02","元富-緯城",0,2,-2
"2701","2841台開","110/08/02","富邦-敦南",71,0,71
"2702","2841台開","110/08/02","永豐金-松山",0,91,-91
"2703","2841台開","110/08/02","國泰-館前",38,0,38
"2704","2841台開","110/08/02","元大-蘆洲",0,40,-40
"2705","2841台開","110/08/02","台中銀",19,0,19
"2706","2841台開","110/08/02","凱基-台北",2,33,-31
"2707","2841台開","110/08/02","元富-烏日",18,0,18
"2708","2841台開","110/08/02","兆豐-寶成",0,20,-20
"2709","2841台開","110/08/02","國泰-板橋",15,0,15
"2710","2841台開","110/08/02","華南永昌-民權",0,20,-20
"2711","2841台開","110/08/02","元大-台中",15,0,15
"2712","2841台開","110/08/02","國票-敦北法人",0,18,-18
"2713","2841台開","110/08/02","元大-福營",15,0,15
"2714","2841台開","110/08/02","第一金-路竹",0,17,-17
"2715","2841台開","110/08/02","日盛-花蓮",14,0,14
"2716","2841台開","110/08/02","中國信託-高雄",0,15,-15
"2717","2841台開","110/08/02","新光",12,0,12
"2718","2841台開","110/08/02","日進",0,10,-10
"2719","2841台開","110/08/02","永豐金-敦南",62,51,11
"2720","2841台開","110/08/02","統一-三多",0,10,-10
"2721","2841台開","110/08/02","日盛-台中",10,0,10
"2722","2841台開","110/08/02","元大-路竹",0,10,-10
"2723","2841台開","110/08/02","群益金鼎-崇德",10,0,10
"2724","2841台開","110/08/02","元大-中和",0,10,-10
"2725","2841台開","110/08/02","元大-南海",10,0,10
"2726","2841台開","110/08/02","宏遠-桃園",0,9,-9
"2727","2841台開","110/08/02","國泰-桃園",8,0,8
"2728","2841台開","110/08/02","大昌-新店",0,6,-6
"2729","2841台開","110/08/02","台新-台中",6,0,6
"2730","2841台開","110/08/02","國票-天祥",0,6,-6
"2731","6207雷科","110/08/02","摩根大通",173,19,154
"2732","6207雷科","110/08/02","凱基-高雄",0,50,-50
"2733","6207雷科","110/08/02","凱基-台北",150,10,140
"2734","6207雷科","110/08/02","群益金鼎-東門",0,26,-26
"2735","6207雷科","110/08/02","華南永昌-朴子",55,0,55
"2736","6207雷科","110/08/02","富邦-竹東",0,25,-25
"2737","6207雷科","110/08/02","新加坡商瑞銀",51,5,46
"2738","6207雷科","110/08/02","華南永昌-東勢",3,27,-24
"2739","6207雷科","110/08/02","元大-西門",54,12,42
"2740","6207雷科","110/08/02","富邦-岡山",1,25,-24
"2741","6207雷科","110/08/02","兆豐-景美",42,2,40
"2742","6207雷科","110/08/02","台灣摩根士丹利",0,22,-22
"2743","6207雷科","110/08/02","日盛-忠孝",35,0,35
"2744","6207雷科","110/08/02","國泰-高雄",1,23,-22
"2745","6207雷科","110/08/02","美林",25,0,25
"2746","6207雷科","110/08/02","富邦-建國",0,17,-17
"2747","6207雷科","110/08/02","日盛-北高雄",16,0,16
"2748","6207雷科","110/08/02","元大-上新莊",0,16,-16
"2749","6207雷科","110/08/02","統一-板橋",15,0,15
"2750","6207雷科","110/08/02","中國信託-高雄",0,15,-15
"2751","6207雷科","110/08/02","凱基-市政",15,0,15
"2752","6207雷科","110/08/02","宏遠證券",0,13,-13
"2753","6207雷科","110/08/02","新光-新竹",16,2,14
"2754","6207雷科","110/08/02","凱基-彰化",0,13,-13
"2755","6207雷科","110/08/02","港商野村",23,12,11
"2756","6207雷科","110/08/02","永豐金-內湖",0,13,-13
"2757","6207雷科","110/08/02","統一-南京",11,0,11
"2758","6207雷科","110/08/02","新百王",0,12,-12
"2759","6207雷科","110/08/02","元大-嘉義",11,0,11
"2760","6207雷科","110/08/02","玉山-大里",0,12,-12
"2761","3679新至陞","110/08/02","元大-成功",26,0,26
"2762","3679新至陞","110/08/02","富邦-陽明",1,34,-33
"2763","3679新至陞","110/08/02","元大-樹林",20,0,20
"2764","3679新至陞","110/08/02","富邦-中壢",0,20,-20
"2765","3679新至陞","110/08/02","(牛牛牛)亞-網路",18,0,18
"2766","3679新至陞","110/08/02","凱基-台北",34,48,-14
"2767","3679新至陞","110/08/02","凱基-中山",12,0,12
"2768","3679新至陞","110/08/02","永豐金證券",0,14,-14
"2769","3679新至陞","110/08/02","統一",21,11,10
"2770","3679新至陞","110/08/02","臺銀-臺南",2,14,-12
"2771","3679新至陞","110/08/02","玉山-台大",10,0,10
"2772","3679新至陞","110/08/02","摩根大通",20,32,-12
"2773","3679新至陞","110/08/02","台中銀",8,0,8
"2774","3679新至陞","110/08/02","富邦-嘉義",0,10,-10
"2775","3679新至陞","110/08/02","港商野村",8,2,6
"2776","3679新至陞","110/08/02","國票-北高雄",1,10,-9
"2777","3679新至陞","110/08/02","群益金鼎-丹鳳",6,0,6
"2778","3679新至陞","110/08/02","台新-台中",0,9,-9
"2779","3679新至陞","110/08/02","元大-高雄",6,0,6
"2780","3679新至陞","110/08/02","凱基-宜蘭",0,7,-7
"2781","3679新至陞","110/08/02","新加坡商瑞銀",5,0,5
"2782","3679新至陞","110/08/02","凱基-埔墘",0,7,-7
"2783","3679新至陞","110/08/02","台灣摩根士丹利",13,9,4
"2784","3679新至陞","110/08/02","永豐金-台中",0,7,-7
"2785","3679新至陞","110/08/02","第一金-華江",4,0,4
"2786","3679新至陞","110/08/02","永豐金-潮州",0,7,-7
"2787","3679新至陞","110/08/02","新光",11,7,4
"2788","3679新至陞","110/08/02","凱基-五股",0,6,-6
"2789","3679新至陞","110/08/02","國泰-館前",4,0,4
"2790","3679新至陞","110/08/02","富邦-建國",0,6,-6
"2791","2727王品","110/08/02","摩根大通",38,5,33
"2792","2727王品","110/08/02","台灣摩根士丹利",13,170,-157
"2793","2727王品","110/08/02","日盛-忠孝",33,3,30
"2794","2727王品","110/08/02","華南永昌",7,156,-149
"2795","2727王品","110/08/02","凱基-天母",30,0,30
"2796","2727王品","110/08/02","凱基-台北",37,57,-20
"2797","2727王品","110/08/02","花旗環球",17,0,17
"2798","2727王品","110/08/02","國票-北高雄",1,19,-18
"2799","2727王品","110/08/02","永豐金-竹科",20,5,15
"2800","2727王品","110/08/02","港商野村",39,54,-15
"2801","2727王品","110/08/02","彰銀-台中",16,2,14
"2802","2727王品","110/08/02","元大-四維",1,15,-14
"2803","2727王品","110/08/02","國票-內壢",14,0,14
"2804","2727王品","110/08/02","美林",12,25,-13
"2805","2727王品","110/08/02","新光-台中",17,3,14
"2806","2727王品","110/08/02","瑞士信貸",0,12,-12
"2807","2727王品","110/08/02","永豐金-南京",16,3,13
"2808","2727王品","110/08/02","元大-北成功",0,10,-10
"2809","2727王品","110/08/02","元大-樹林",13,1,12
"2810","2727王品","110/08/02","元大-崇德",0,8,-8
"2811","2727王品","110/08/02","國泰-板橋",17,7,10
"2812","2727王品","110/08/02","永豐金-內湖",3,10,-7
"2813","2727王品","110/08/02","凱基-埔墘",10,0,10
"2814","2727王品","110/08/02","大昌",5,11,-6
"2815","2727王品","110/08/02","元大-豐原",10,0,10
"2816","2727王品","110/08/02","華南永昌-斗六",2,8,-6
"2817","2727王品","110/08/02","元大-桃園",10,0,10
"2818","2727王品","110/08/02","國泰-台中",4,9,-5
"2819","2727王品","110/08/02","凱基-科園",9,0,9
"2820","2727王品","110/08/02","群益金鼎-土城",0,5,-5
"2821","1570力肯","110/08/02","群益金鼎-高雄",11,0,11
"2822","1570力肯","110/08/02","大慶",0,5,-5
"2823","1570力肯","110/08/02","臺銀-臺南",4,0,4
"2824","1570力肯","110/08/02","元大-板橋",0,4,-4
"2825","1570力肯","110/08/02","新光-台中",4,0,4
"2826","1570力肯","110/08/02","玉山證券",0,4,-4
"2827","1570力肯","110/08/02","(牛牛牛)亞-鑫豐",3,0,3
"2828","1570力肯","110/08/02","國泰-台南",0,3,-3
"2829","1570力肯","110/08/02","土銀-白河",2,0,2
"2830","1570力肯","110/08/02","元富-新店",0,3,-3
"2831","1570力肯","110/08/02","統一-松江",2,0,2
"2832","1570力肯","110/08/02","元富-永和",0,2,-2
"2833","1570力肯","110/08/02","中國信託-永康",1,0,1
"2834","1570力肯","110/08/02","凱基-台北",0,2,-2
"2835","1570力肯","110/08/02","凱基-信義",1,0,1
"2836","1570力肯","110/08/02","統一-城中",0,2,-2
"2837","1570力肯","110/08/02","凱基-幸福",1,0,1
"2838","1570力肯","110/08/02","新光",0,1,-1
"2839","1570力肯","110/08/02","元大-歸仁",1,0,1
"2840","1570力肯","110/08/02","凱基-岡山",0,1,-1
"2841","1570力肯","110/08/02","合庫-台中",0,0,0
"2842","1570力肯","110/08/02","富邦-台南",0,1,-1
"2843","1570力肯","110/08/02","康和-板橋",0,0,0
"2844","1570力肯","110/08/02","元大-新盛",0,1,-1
"2845","1570力肯","110/08/02","群益金鼎-鳳山",0,0,0
"2846","1570力肯","110/08/02","永豐金-嘉義",0,1,-1
"2847","1570力肯","110/08/02","元大-樹林",0,0,0
"2848","1570力肯","110/08/02","康和-板橋",0,0,0
"2849","1570力肯","110/08/02","",NA,NA,NA
"2850","1570力肯","110/08/02","合庫-台中",0,0,0
"2851","6180橘子","110/08/02","美商高盛",21,8,13
"2852","6180橘子","110/08/02","國票-嘉義",0,29,-29
"2853","6180橘子","110/08/02","統一-彰化",10,0,10
"2854","6180橘子","110/08/02","新加坡商瑞銀",0,21,-21
"2855","6180橘子","110/08/02","中國信託-高雄",10,0,10
"2856","6180橘子","110/08/02","凱基-台北",20,40,-20
"2857","6180橘子","110/08/02","兆豐-斗南",10,0,10
"2858","6180橘子","110/08/02","摩根大通",3,15,-12
"2859","6180橘子","110/08/02","兆豐-埔墘",10,0,10
"2860","6180橘子","110/08/02","第一金-桃園",0,10,-10
"2861","6180橘子","110/08/02","玉山證券",10,0,10
"2862","6180橘子","110/08/02","凱基-東港",0,10,-10
"2863","6180橘子","110/08/02","富邦-羅東",8,1,7
"2864","6180橘子","110/08/02","元大-桃園",0,10,-10
"2865","6180橘子","110/08/02","元大證券",7,0,7
"2866","6180橘子","110/08/02","元大-館前",0,9,-9
"2867","6180橘子","110/08/02","元大-復北",7,0,7
"2868","6180橘子","110/08/02","台灣摩根士丹利",3,10,-7
"2869","6180橘子","110/08/02","華南永昌-長虹",6,0,6
"2870","6180橘子","110/08/02","光和-花壇",0,5,-5
"2871","6180橘子","110/08/02","元富-文心",5,0,5
"2872","6180橘子","110/08/02","玉山-嘉義",0,5,-5
"2873","6180橘子","110/08/02","台新-新莊",5,0,5
"2874","6180橘子","110/08/02","凱基-松山",0,5,-5
"2875","6180橘子","110/08/02","康和-嘉義",5,0,5
"2876","6180橘子","110/08/02","永豐金-員林",0,4,-4
"2877","6180橘子","110/08/02","凱基-興隆",5,0,5
"2878","6180橘子","110/08/02","元富-大裕",0,3,-3
"2879","6180橘子","110/08/02","華南永昌-楠梓",5,0,5
"2880","6180橘子","110/08/02","富邦-板橋",0,3,-3
"2881","2390云辰","110/08/02","摩根大通",1945,913,1032
"2882","2390云辰","110/08/02","華南永昌-鳳山",154,448,-294
"2883","2390云辰","110/08/02","富邦-陽明",118,11,107
"2884","2390云辰","110/08/02","群益金鼎-三重",1,168,-167
"2885","2390云辰","110/08/02","兆豐-三民",153,62,91
"2886","2390云辰","110/08/02","統一-內湖",5,102,-97
"2887","2390云辰","110/08/02","光和-嘉義",83,4,79
"2888","2390云辰","110/08/02","台新證券",235,320,-85
"2889","2390云辰","110/08/02","華南永昌-新莊",78,4,74
"2890","2390云辰","110/08/02","統一-新台中",8,87,-79
"2891","2390云辰","110/08/02","統一-城中",182,111,71
"2892","2390云辰","110/08/02","美商高盛",10,88,-78
"2893","2390云辰","110/08/02","台灣摩根士丹利",153,85,68
"2894","2390云辰","110/08/02","元大-汐止",57,130,-73
"2895","2390云辰","110/08/02","凱基-和平",115,47,68
"2896","2390云辰","110/08/02","港商野村",580,638,-58
"2897","2390云辰","110/08/02","華南永昌-公誠",75,13,62
"2898","2390云辰","110/08/02","元富-板橋",5,61,-56
"2899","2390云辰","110/08/02","永豐金-竹科",71,9,62
"2900","2390云辰","110/08/02","新加坡商瑞銀",11,66,-55
"2901","2390云辰","110/08/02","新光",160,100,60
"2902","2390云辰","110/08/02","元大-豐原",6,56,-50
"2903","2390云辰","110/08/02","凱基-岡山",61,1,60
"2904","2390云辰","110/08/02","元大-土城",5,55,-50
"2905","2390云辰","110/08/02","美林",254,195,59
"2906","2390云辰","110/08/02","凱基-站前",1,49,-48
"2907","2390云辰","110/08/02","凱基-大里",76,22,54
"2908","2390云辰","110/08/02","元大-中壢",6,54,-48
"2909","2390云辰","110/08/02","元大-鳳中",60,8,52
"2910","2390云辰","110/08/02","日盛證券",48,95,-47
"2911","1471首利","110/07/29","宏遠-光隆",35,0,35
"2912","1471首利","110/07/29","摩根大通",24,132,-108
"2913","1471首利","110/07/29","玉山-桃園",33,3,30
"2914","1471首利","110/07/29","台灣企銀-太平",0,60,-60
"2915","1471首利","110/07/29","富邦-台南",30,0,30
"2916","1471首利","110/07/29","元大-斗六",0,40,-40
"2917","1471首利","110/07/29","臺灣企銀-桃園",25,0,25
"2918","1471首利","110/07/29","元大-歸仁",0,23,-23
"2919","1471首利","110/07/29","元富-草屯",15,0,15
"2920","1471首利","110/07/29","日盛-永康",0,20,-20
"2921","1471首利","110/07/29","新光-桃園",15,0,15
"2922","1471首利","110/07/29","台中銀-員林",0,20,-20
"2923","1471首利","110/07/29","元大-博愛",15,2,13
"2924","1471首利","110/07/29","凱基-東門",0,14,-14
"2925","1471首利","110/07/29","臺銀-鳳山",12,0,12
"2926","1471首利","110/07/29","元大-草屯",1,15,-14
"2927","1471首利","110/07/29","元富-新莊",11,0,11
"2928","1471首利","110/07/29","元大-新竹經國",0,13,-13
"2929","1471首利","110/07/29","兆豐-來福",11,0,11
"2930","1471首利","110/07/29","日盛-土城",0,10,-10
"2931","1471首利","110/07/29","統一-新營",10,0,10
"2932","1471首利","110/07/29","美林",0,10,-10
"2933","1471首利","110/07/29","光和-溪湖",10,0,10
"2934","1471首利","110/07/29","永興-水湳",0,10,-10
"2935","1471首利","110/07/29","台新-左楠",10,0,10
"2936","1471首利","110/07/29","玉山證券",0,10,-10
"2937","1471首利","110/07/29","群益金鼎-台中",10,0,10
"2938","1471首利","110/07/29","群益金鼎-海山",2,12,-10
"2939","1471首利","110/07/29","凱基-內埔",10,0,10
"2940","1471首利","110/07/29","凱基-羅東",0,10,-10
"2941","2883開發金","110/07/29","國泰證券",2782,3,2779
"2942","2883開發金","110/07/29","永豐金證券",223,3618,-3395
"2943","2883開發金","110/07/29","凱基-台北",2299,284,2015
"2944","2883開發金","110/07/29","摩根大通",411,2625,-2214
"2945","2883開發金","110/07/29","第一金",1539,7,1532
"2946","2883開發金","110/07/29","台灣企銀",5,1717,-1712
"2947","2883開發金","110/07/29","港商野村",1983,585,1398
"2948","2883開發金","110/07/29","新加坡商瑞銀",843,2324,-1481
"2949","2883開發金","110/07/29","元富",1805,427,1378
"2950","2883開發金","110/07/29","港商麥格理",0,1129,-1129
"2951","2883開發金","110/07/29","台灣摩根士丹利",1634,398,1236
"2952","2883開發金","110/07/29","元大-學甲",1,953,-952
"2953","2883開發金","110/07/29","花旗環球",932,0,932
"2954","2883開發金","110/07/29","國票-博愛",100,1025,-925
"2955","2883開發金","110/07/29","凱基-敦北",590,5,585
"2956","2883開發金","110/07/29","國泰-館前",220,944,-724
"2957","2883開發金","110/07/29","國票-長城",506,4,502
"2958","2883開發金","110/07/29","兆豐-高雄",33,650,-617
"2959","2883開發金","110/07/29","港商法國興業",506,18,488
"2960","2883開發金","110/07/29","元富-緯城",1,513,-512
"2961","2883開發金","110/07/29","台新證券",753,287,466
"2962","2883開發金","110/07/29","美林",232,698,-466
"2963","2883開發金","110/07/29","元大-鳳中",495,71,424
"2964","2883開發金","110/07/29","元富-城中",50,513,-463
"2965","2883開發金","110/07/29","日茂",374,3,371
"2966","2883開發金","110/07/29","致和-崇德",0,404,-404
"2967","2883開發金","110/07/29","大和國泰",368,0,368
"2968","2883開發金","110/07/29","永豐金-板橋",123,506,-383
"2969","2883開發金","110/07/29","新光",603,243,360
"2970","2883開發金","110/07/29","中國信託-忠孝",100,423,-323
"2971","6205詮欣","110/07/29","臺銀-鳳山",31,0,31
"2972","6205詮欣","110/07/29","永豐金-敦南",0,53,-53
"2973","6205詮欣","110/07/29","摩根大通",16,2,14
"2974","6205詮欣","110/07/29","元大-土城學府",2,16,-14
"2975","6205詮欣","110/07/29","臺銀",10,0,10
"2976","6205詮欣","110/07/29","元富-潮州",0,11,-11
"2977","6205詮欣","110/07/29","日盛證券",10,0,10
"2978","6205詮欣","110/07/29","元大-清水",0,10,-10
"2979","6205詮欣","110/07/29","兆豐-新莊",10,0,10
"2980","6205詮欣","110/07/29","日盛-三重",0,7,-7
"2981","6205詮欣","110/07/29","元大-南屯",10,0,10
"2982","6205詮欣","110/07/29","日盛-屏東",0,6,-6
"2983","6205詮欣","110/07/29","富邦-建國",4,0,4
"2984","6205詮欣","110/07/29","華南永昌-公誠",0,5,-5
"2985","6205詮欣","110/07/29","富邦-南屯",4,0,4
"2986","6205詮欣","110/07/29","元大-南京",0,5,-5
"2987","6205詮欣","110/07/29","臺銀-臺中",3,0,3
"2988","6205詮欣","110/07/29","瑞士信貸",0,4,-4
"2989","6205詮欣","110/07/29","日盛-和美",3,0,3
"2990","6205詮欣","110/07/29","凱基-大安",0,4,-4
"2991","6205詮欣","110/07/29","德信-新營",3,0,3
"2992","6205詮欣","110/07/29","元大-大里德芳",0,4,-4
"2993","6205詮欣","110/07/29","兆豐-景美",3,0,3
"2994","6205詮欣","110/07/29","合庫-基隆",0,2,-2
"2995","6205詮欣","110/07/29","國票",3,0,3
"2996","6205詮欣","110/07/29","中國信託-永康",0,2,-2
"2997","6205詮欣","110/07/29","國票-南崁",3,0,3
"2998","6205詮欣","110/07/29","兆豐-小港",0,2,-2
"2999","6205詮欣","110/07/29","元大-蘆洲",3,0,3
"3000","6205詮欣","110/07/29","康和-台中",0,2,-2
"3001","1540喬福","110/07/29","高橋-龍潭",10,0,10
"3002","1540喬福","110/07/29","統一-新台中",0,19,-19
"3003","1540喬福","110/07/29","富邦-南屯",10,0,10
"3004","1540喬福","110/07/29","元富-大昌",0,10,-10
"3005","1540喬福","110/07/29","元大-斗六",5,0,5
"3006","1540喬福","110/07/29","大昌-新店",0,6,-6
"3007","1540喬福","110/07/29","兆豐-北高雄",3,0,3
"3008","1540喬福","110/07/29","凱基-台北",0,3,-3
"3009","1540喬福","110/07/29","元大-大安",3,0,3
"3010","1540喬福","110/07/29","台新-台中",0,2,-2
"3011","1540喬福","110/07/29","永豐金-台中",3,0,3
"3012","1540喬福","110/07/29","群益金鼎-嘉義",0,2,-2
"3013","1540喬福","110/07/29","臺銀-金山",2,0,2
"3014","1540喬福","110/07/29","凱基-天母",0,2,-2
"3015","1540喬福","110/07/29","日盛-士林",2,0,2
"3016","1540喬福","110/07/29","花旗環球",0,1,-1
"3017","1540喬福","110/07/29","元大-土城學府",2,0,2
"3018","1540喬福","110/07/29","第一金-大稻埕",0,1,-1
"3019","1540喬福","110/07/29","元大-南京",2,0,2
"3020","1540喬福","110/07/29","統一-嘉義",0,1,-1
"3021","1540喬福","110/07/29","臺銀-臺南",1,0,1
"3022","1540喬福","110/07/29","元富-中港",0,1,-1
"3023","1540喬福","110/07/29","第一金-台南",1,0,1
"3024","1540喬福","110/07/29","(牛牛牛)亞-網路",0,1,-1
"3025","1540喬福","110/07/29","台中銀-豐原",1,0,1
"3026","1540喬福","110/07/29","玉山-高雄",0,1,-1
"3027","1540喬福","110/07/29","中國信託-高雄",1,0,1
"3028","1540喬福","110/07/29","群益金鼎-台南",0,1,-1
"3029","1540喬福","110/07/29","兆豐-台中港",1,0,1
"3030","1540喬福","110/07/29","凱基-鳳山",0,1,-1
"3031","2888新光金","110/07/29","美商高盛",6409,110,6299
"3032","2888新光金","110/07/29","元大-忠孝鼎富",0,6714,-6714
"3033","2888新光金","110/07/29","台灣摩根士丹利",4583,443,4140
"3034","2888新光金","110/07/29","凱基-台北",5855,11898,-6043
"3035","2888新光金","110/07/29","元富-草屯",2193,2,2191
"3036","2888新光金","110/07/29","瑞士信貸",161,6090,-5929
"3037","2888新光金","110/07/29","華南永昌-南京",2059,21,2038
"3038","2888新光金","110/07/29","永豐金-萬盛",124,3599,-3475
"3039","2888新光金","110/07/29","凱基-市政",1558,0,1558
"3040","2888新光金","110/07/29","群益金鼎-大安",2,3306,-3304
"3041","2888新光金","110/07/29","法銀巴黎",1234,0,1234
"3042","2888新光金","110/07/29","凱基-復興",15,3015,-3000
"3043","2888新光金","110/07/29","永豐金-台中",1166,49,1117
"3044","2888新光金","110/07/29","新加坡商瑞銀",1429,4265,-2836
"3045","2888新光金","110/07/29","群益金鼎-崇德",1083,10,1073
"3046","2888新光金","110/07/29","凱基-大安",10,2564,-2554
"3047","2888新光金","110/07/29","兆豐-竹北",1002,29,973
"3048","2888新光金","110/07/29","中國信託",46,2012,-1966
"3049","2888新光金","110/07/29","美林",1767,804,963
"3050","2888新光金","110/07/29","群益金鼎-台北",10,1875,-1865
"3051","2888新光金","110/07/29","元大-三重",882,0,882
"3052","2888新光金","110/07/29","元富-城東",142,1856,-1714
"3053","2888新光金","110/07/29","元大-豐原站前",983,114,869
"3054","2888新光金","110/07/29","華南永昌-忠孝",10,1600,-1590
"3055","2888新光金","110/07/29","元大-北港",868,5,863
"3056","2888新光金","110/07/29","永豐金-信義",10,1497,-1487
"3057","2888新光金","110/07/29","合庫-台中",891,54,837
"3058","2888新光金","110/07/29","富邦-建國",350,1736,-1386
"3059","2888新光金","110/07/29","統一-汐止",725,14,711
"3060","2888新光金","110/07/29","富邦-新營",60,1402,-1342
"3061","1340勝悅","110/07/29","新光-新竹",18,0,18
"3062","1340勝悅","110/07/29","瑞士信貸",0,8,-8
"3063","1340勝悅","110/07/29","華南永昌-彰化",5,0,5
"3064","1340勝悅","110/07/29","台新證券",0,7,-7
"3065","1340勝悅","110/07/29","元大-六合",5,0,5
"3066","1340勝悅","110/07/29","元富-緯城",0,5,-5
"3067","1340勝悅","110/07/29","第一金-自由",4,0,4
"3068","1340勝悅","110/07/29","兆豐-南京",0,5,-5
"3069","1340勝悅","110/07/29","新光",4,0,4
"3070","1340勝悅","110/07/29","富邦-南屯",0,5,-5
"3071","1340勝悅","110/07/29","美商高盛",3,0,3
"3072","1340勝悅","110/07/29","元富-安南",0,4,-4
"3073","1340勝悅","110/07/29","元富-彰化",3,0,3
"3074","1340勝悅","110/07/29","兆豐-三民",0,4,-4
"3075","1340勝悅","110/07/29","大昌",2,0,2
"3076","1340勝悅","110/07/29","兆豐-松德",0,4,-4
"3077","1340勝悅","110/07/29","兆豐-大安",2,0,2
"3078","1340勝悅","110/07/29","國票-台中",0,4,-4
"3079","1340勝悅","110/07/29","摩根大通",2,0,2
"3080","1340勝悅","110/07/29","第一金-路竹",0,3,-3
"3081","1340勝悅","110/07/29","新光-台中",2,0,2
"3082","1340勝悅","110/07/29","統一-城中",2,4,-2
"3083","1340勝悅","110/07/29","凱基-八德",2,0,2
"3084","1340勝悅","110/07/29","元富-同大",0,2,-2
"3085","1340勝悅","110/07/29","合庫-高雄",1,0,1
"3086","1340勝悅","110/07/29","台新-高雄",0,2,-2
"3087","1340勝悅","110/07/29","日進",1,0,1
"3088","1340勝悅","110/07/29","凱基-北門",0,2,-2
"3089","1340勝悅","110/07/29","新光-台南",1,0,1
"3090","1340勝悅","110/07/29","元大-汐止",0,2,-2
"3091","6246臺龍","110/07/29","港商野村",38,1,37
"3092","6246臺龍","110/07/29","玉山-台南",0,27,-27
"3093","6246臺龍","110/07/29","凱基-幸福",25,0,25
"3094","6246臺龍","110/07/29","國泰-忠孝",0,25,-25
"3095","6246臺龍","110/07/29","亞東-板橋",16,0,16
"3096","6246臺龍","110/07/29","光和",0,21,-21
"3097","6246臺龍","110/07/29","元大-台中",10,0,10
"3098","6246臺龍","110/07/29","第一金-安和",0,20,-20
"3099","6246臺龍","110/07/29","兆豐-松德",9,0,9
"3100","6246臺龍","110/07/29","兆豐-竹北",5,25,-20
"3101","6246臺龍","110/07/29","兆豐-公益",8,0,8
"3102","6246臺龍","110/07/29","元大-大里",0,20,-20
"3103","6246臺龍","110/07/29","華南永昌",7,0,7
"3104","6246臺龍","110/07/29","台新-台南",0,15,-15
"3105","6246臺龍","110/07/29","日盛-斗六",6,0,6
"3106","6246臺龍","110/07/29","永豐金-羅東",2,15,-13
"3107","6246臺龍","110/07/29","元富-中港",6,0,6
"3108","6246臺龍","110/07/29","元大-博愛",1,10,-9
"3109","6246臺龍","110/07/29","台新證券",8,2,6
"3110","6246臺龍","110/07/29","宏遠-台中",0,5,-5
"3111","6246臺龍","110/07/29","臺銀-臺中",5,0,5
"3112","6246臺龍","110/07/29","台新-左楠",0,5,-5
"3113","6246臺龍","110/07/29","元富-宜蘭",5,0,5
"3114","6246臺龍","110/07/29","中農",0,5,-5
"3115","6246臺龍","110/07/29","德信-新營",5,0,5
"3116","6246臺龍","110/07/29","群益金鼎-竹南",0,5,-5
"3117","6246臺龍","110/07/29","新光-新竹",5,0,5
"3118","6246臺龍","110/07/29","凱基-科園",0,5,-5
"3119","6246臺龍","110/07/29","國泰-敦南",10,5,5
"3120","6246臺龍","110/07/29","日盛-宜蘭",1,5,-4
"3121","00715L期街口布蘭特正2","110/07/29","永豐金證券",2129,2,2127
"3122","00715L期街口布蘭特正2","110/07/29","國票-博愛",55,702,-647
"3123","00715L期街口布蘭特正2","110/07/29","元大證券",1918,115,1803
"3124","00715L期街口布蘭特正2","110/07/29","富邦-彰化",0,605,-605
"3125","00715L期街口布蘭特正2","110/07/29","統一",1050,313,737
"3126","00715L期街口布蘭特正2","110/07/29","元大-前金",0,440,-440
"3127","00715L期街口布蘭特正2","110/07/29","港商野村",821,263,558
"3128","00715L期街口布蘭特正2","110/07/29","群益金鼎-崇德",0,340,-340
"3129","00715L期街口布蘭特正2","110/07/29","永豐金-內湖",500,0,500
"3130","00715L期街口布蘭特正2","110/07/29","元富-板橋",7,330,-323
"3131","00715L期街口布蘭特正2","110/07/29","元富-大裕",505,23,482
"3132","00715L期街口布蘭特正2","110/07/29","元大-三重",3,200,-197
"3133","00715L期街口布蘭特正2","110/07/29","國票-台中",276,0,276
"3134","00715L期街口布蘭特正2","110/07/29","凱基-東勢",5,194,-189
"3135","00715L期街口布蘭特正2","110/07/29","統一-高雄",300,118,182
"3136","00715L期街口布蘭特正2","110/07/29","富邦-台北",0,181,-181
"3137","00715L期街口布蘭特正2","110/07/29","群益金鼎-瑞豐",180,0,180
"3138","00715L期街口布蘭特正2","110/07/29","大慶-中和",0,174,-174
"3139","00715L期街口布蘭特正2","110/07/29","元大-南崁",128,0,128
"3140","00715L期街口布蘭特正2","110/07/29","永豐金-萬盛",0,153,-153
"3141","00715L期街口布蘭特正2","110/07/29","大慶-蘆洲",106,0,106
"3142","00715L期街口布蘭特正2","110/07/29","元大-開元",0,151,-151
"3143","00715L期街口布蘭特正2","110/07/29","統一-中壢",100,0,100
"3144","00715L期街口布蘭特正2","110/07/29","日盛-新竹",0,126,-126
"3145","00715L期街口布蘭特正2","110/07/29","第一金-自由",100,2,98
"3146","00715L期街口布蘭特正2","110/07/29","凱基-豐中",0,123,-123
"3147","00715L期街口布蘭特正2","110/07/29","華南永昌-內壢",100,2,98
"3148","00715L期街口布蘭特正2","110/07/29","元大-東泰",0,122,-122
"3149","00715L期街口布蘭特正2","110/07/29","永豐金-板橋",98,0,98
"3150","00715L期街口布蘭特正2","110/07/29","台新-高雄",0,121,-121
"3151","8941關中","110/07/29","富邦-仁愛",1,0,1
"3152","8941關中","110/07/29","富邦-員林",0,1,-1
"3153","8941關中","110/07/29","康和-板橋",0,0,0
"3154","8941關中","110/07/29","康和-板橋",0,0,0
"3155","8941關中","110/07/29","玉山證券",0,0,0
"3156","8941關中","110/07/29","玉山證券",0,0,0
"3157","8941關中","110/07/29","玉山-數位",0,0,0
"3158","8941關中","110/07/29","玉山-數位",0,0,0
"3159","8941關中","110/07/29","凱基-市府",0,0,0
"3160","8941關中","110/07/29","凱基-市府",0,0,0
"3161","8941關中","110/07/29","元大-鶯歌",0,0,0
"3162","8941關中","110/07/29","元大-鶯歌",0,0,0
"3163","8941關中","110/07/29","元大-花蓮",0,0,0
"3164","8941關中","110/07/29","元大-花蓮",0,0,0
"3165","8941關中","110/07/29","",NA,NA,NA
"3166","8941關中","110/07/29","",NA,NA,NA
"3167","8941關中","110/07/29","",NA,NA,NA
"3168","8941關中","110/07/29","",NA,NA,NA
"3169","8941關中","110/07/29","",NA,NA,NA
"3170","8941關中","110/07/29","",NA,NA,NA
"3171","8941關中","110/07/29","",NA,NA,NA
"3172","8941關中","110/07/29","",NA,NA,NA
"3173","8941關中","110/07/29","",NA,NA,NA
"3174","8941關中","110/07/29","",NA,NA,NA
"3175","8941關中","110/07/29","",NA,NA,NA
"3176","8941關中","110/07/29","",NA,NA,NA
"3177","8941關中","110/07/29","",NA,NA,NA
"3178","8941關中","110/07/29","",NA,NA,NA
"3179","8941關中","110/07/29","",NA,NA,NA
"3180","8941關中","110/07/29","",NA,NA,NA
"3181","8936國統","110/07/29","新加坡商瑞銀",89,19,70
"3182","8936國統","110/07/29","日盛-忠孝",11,135,-124
"3183","8936國統","110/07/29","瑞士信貸",55,3,52
"3184","8936國統","110/07/29","元富-敦南",0,80,-80
"3185","8936國統","110/07/29","凱基-台北",48,3,45
"3186","8936國統","110/07/29","康和",0,20,-20
"3187","8936國統","110/07/29","摩根大通",97,60,37
"3188","8936國統","110/07/29","元大-竹科",0,20,-20
"3189","8936國統","110/07/29","美林",27,2,25
"3190","8936國統","110/07/29","永豐金-桃園",0,19,-19
"3191","8936國統","110/07/29","凱基-三多",25,0,25
"3192","8936國統","110/07/29","群益金鼎-高盛",0,14,-14
"3193","8936國統","110/07/29","凱基-北門",27,2,25
"3194","8936國統","110/07/29","元富-安南",2,15,-13
"3195","8936國統","110/07/29","兆豐-桃鶯",30,10,20
"3196","8936國統","110/07/29","富邦-內湖",2,15,-13
"3197","8936國統","110/07/29","永豐金-台中",20,0,20
"3198","8936國統","110/07/29","元大-復北",0,11,-11
"3199","8936國統","110/07/29","台灣摩根士丹利",30,12,18
"3200","8936國統","110/07/29","合庫-鳳山",0,10,-10
"3201","8936國統","110/07/29","兆豐-大同",15,0,15
"3202","8936國統","110/07/29","元富-潮州",0,10,-10
"3203","8936國統","110/07/29","新光-台中",39,24,15
"3204","8936國統","110/07/29","群益金鼎-台北",0,10,-10
"3205","8936國統","110/07/29","兆豐-新營",10,0,10
"3206","8936國統","110/07/29","凱基-高雄",20,30,-10
"3207","8936國統","110/07/29","台新-高雄",10,0,10
"3208","8936國統","110/07/29","富邦-桃園",0,10,-10
"3209","8936國統","110/07/29","玉山-士林",10,0,10
"3210","8936國統","110/07/29","新光",1,10,-9
"3211","6226光鼎","110/07/29","台新-台中",396,46,350
"3212","6226光鼎","110/07/29","群益金鼎-東大",11,309,-298
"3213","6226光鼎","110/07/29","元富-永和",242,0,242
"3214","6226光鼎","110/07/29","日盛證券",2,176,-174
"3215","6226光鼎","110/07/29","永豐金-古亭",200,0,200
"3216","6226光鼎","110/07/29","國泰-敦南",90,197,-107
"3217","6226光鼎","110/07/29","華南永昌",216,46,170
"3218","6226光鼎","110/07/29","元大-雙和",16,111,-95
"3219","6226光鼎","110/07/29","國票-北高雄",188,36,152
"3220","6226光鼎","110/07/29","元大-大統",2,94,-92
"3221","6226光鼎","110/07/29","國票-台南",120,4,116
"3222","6226光鼎","110/07/29","元大-板橋",5,78,-73
"3223","6226光鼎","110/07/29","永豐金證券",101,3,98
"3224","6226光鼎","110/07/29","群益金鼎-萬華",46,111,-65
"3225","6226光鼎","110/07/29","富邦-建國",125,28,97
"3226","6226光鼎","110/07/29","華南永昌-竹北",1,60,-59
"3227","6226光鼎","110/07/29","群益金鼎-土城",94,9,85
"3228","6226光鼎","110/07/29","玉山證券",28,86,-58
"3229","6226光鼎","110/07/29","元富-四維",82,4,78
"3230","6226光鼎","110/07/29","元大-土城學府",13,68,-55
"3231","6226光鼎","110/07/29","元大-鳳中",69,15,54
"3232","6226光鼎","110/07/29","元大-豐原",5,59,-54
"3233","6226光鼎","110/07/29","台新-新莊",54,1,53
"3234","6226光鼎","110/07/29","統一",56,107,-51
"3235","6226光鼎","110/07/29","中國信託-新竹",63,13,50
"3236","6226光鼎","110/07/29","統一-內湖",0,48,-48
"3237","6226光鼎","110/07/29","群益金鼎-士林",50,0,50
"3238","6226光鼎","110/07/29","元大-東港",2,50,-48
"3239","6226光鼎","110/07/29","台新-高雄",125,80,45
"3240","6226光鼎","110/07/29","元大-太平",1,46,-45
"3241","2363矽統","110/07/29","凱基-台北",2235,1238,997
"3242","2363矽統","110/07/29","康和-台中",10,437,-427
"3243","2363矽統","110/07/29","摩根大通",1784,793,991
"3244","2363矽統","110/07/29","第一金-新興",11,310,-299
"3245","2363矽統","110/07/29","港商野村",1833,1300,533
"3246","2363矽統","110/07/29","瑞士信貸",9,190,-181
"3247","2363矽統","110/07/29","美林",652,288,364
"3248","2363矽統","110/07/29","台新證券",659,808,-149
"3249","2363矽統","110/07/29","元大-台中",376,38,338
"3250","2363矽統","110/07/29","元大-萬華",42,189,-147
"3251","2363矽統","110/07/29","新加坡商瑞銀",748,474,274
"3252","2363矽統","110/07/29","台新-左楠",26,171,-145
"3253","2363矽統","110/07/29","國泰-敦南",566,333,233
"3254","2363矽統","110/07/29","華南永昌-鳳山",116,241,-125
"3255","2363矽統","110/07/29","元大-旗山",299,66,233
"3256","2363矽統","110/07/29","永全-南崁",0,117,-117
"3257","2363矽統","110/07/29","美商高盛",600,433,167
"3258","2363矽統","110/07/29","群益金鼎-桃園",25,131,-106
"3259","2363矽統","110/07/29","元大-永和",146,12,134
"3260","2363矽統","110/07/29","宏遠-新化",3,103,-100
"3261","2363矽統","110/07/29","元大證券",137,9,128
"3262","2363矽統","110/07/29","新光",331,429,-98
"3263","2363矽統","110/07/29","永豐金-彰化",135,10,125
"3264","2363矽統","110/07/29","中國信託-忠孝",101,188,-87
"3265","2363矽統","110/07/29","北城證券",139,19,120
"3266","2363矽統","110/07/29","群益金鼎-建成",11,95,-84
"3267","2363矽統","110/07/29","富邦-高雄",153,34,119
"3268","2363矽統","110/07/29","群益金鼎-三民",23,105,-82
"3269","2363矽統","110/07/29","元大-蘆洲",120,19,101
"3270","2363矽統","110/07/29","元大-豐原",104,186,-82
"3271","8112至上","110/07/29","合庫證券",194,1,193
"3272","8112至上","110/07/29","摩根大通",4,424,-420
"3273","8112至上","110/07/29","美商高盛",154,5,149
"3274","8112至上","110/07/29","日盛-高雄",2,400,-398
"3275","8112至上","110/07/29","永豐金證券",144,0,144
"3276","8112至上","110/07/29","港商法國興業",0,374,-374
"3277","8112至上","110/07/29","新光-台中",123,12,111
"3278","8112至上","110/07/29","凱基-台北",50,312,-262
"3279","8112至上","110/07/29","新加坡商瑞銀",189,83,106
"3280","8112至上","110/07/29","美林",69,232,-163
"3281","8112至上","110/07/29","華南永昌-新莊",73,0,73
"3282","8112至上","110/07/29","兆豐-公益",0,120,-120
"3283","8112至上","110/07/29","新光",108,49,59
"3284","8112至上","110/07/29","瑞士信貸",1,109,-108
"3285","8112至上","110/07/29","元富-文心",45,3,42
"3286","8112至上","110/07/29","華南永昌-小港",4,30,-26
"3287","8112至上","110/07/29","華南永昌-林口",41,0,41
"3288","8112至上","110/07/29","富邦-中壢",1,24,-23
"3289","8112至上","110/07/29","港商野村",146,112,34
"3290","8112至上","110/07/29","元大-歸仁",2,24,-22
"3291","8112至上","110/07/29","臺銀-高雄",30,0,30
"3292","8112至上","110/07/29","華南永昌-麻豆",0,21,-21
"3293","8112至上","110/07/29","元富-佳里",30,0,30
"3294","8112至上","110/07/29","台新-松江",0,20,-20
"3295","8112至上","110/07/29","永豐金-內湖",30,1,29
"3296","8112至上","110/07/29","元大-新莊",1,20,-19
"3297","8112至上","110/07/29","台新-新營",31,3,28
"3298","8112至上","110/07/29","華南永昌-岡山",1,19,-18
"3299","8112至上","110/07/29","永豐金-彰化",27,0,27
"3300","8112至上","110/07/29","元大-崇德",3,20,-17
"3301","1570力肯","110/07/29","群益金鼎-高雄",20,0,20
"3302","1570力肯","110/07/29","聯邦-興中",0,17,-17
"3303","1570力肯","110/07/29","群益金鼎-板橋",16,0,16
"3304","1570力肯","110/07/29","富邦-建國",0,10,-10
"3305","1570力肯","110/07/29","統一-敦南",5,0,5
"3306","1570力肯","110/07/29","凱基-站前",0,5,-5
"3307","1570力肯","110/07/29","元富-松德",4,0,4
"3308","1570力肯","110/07/29","國泰-板橋",0,4,-4
"3309","1570力肯","110/07/29","元大-和平",4,0,4
"3310","1570力肯","110/07/29","統一-土城",0,3,-3
"3311","1570力肯","110/07/29","凱基-幸福",3,0,3
"3312","1570力肯","110/07/29","凱基-大里",0,3,-3
"3313","1570力肯","110/07/29","華南永昌-鳳山",3,0,3
"3314","1570力肯","110/07/29","凱基-台北",0,3,-3
"3315","1570力肯","110/07/29","元大-北港",4,2,2
"3316","1570力肯","110/07/29","元大-屏東民生",0,3,-3
"3317","1570力肯","110/07/29","美林",1,0,1
"3318","1570力肯","110/07/29","元富-緯城",0,2,-2
"3319","1570力肯","110/07/29","國泰-台南",1,0,1
"3320","1570力肯","110/07/29","台新-高雄",0,2,-2
"3321","1570力肯","110/07/29","元大-歸仁",1,0,1
"3322","1570力肯","110/07/29","華南永昌-楠梓",0,2,-2
"3323","1570力肯","110/07/29","元大-松山",1,0,1
"3324","1570力肯","110/07/29","元大-北成功",0,2,-2
"3325","1570力肯","110/07/29","元大-文心興安",1,0,1
"3326","1570力肯","110/07/29","元大-板橋",0,2,-2
"3327","1570力肯","110/07/29","元大-東蘆",1,0,1
"3328","1570力肯","110/07/29","統一-台南",0,1,-1
"3329","1570力肯","110/07/29","群益金鼎-鳳山",0,0,0
"3330","1570力肯","110/07/29","台新證券",0,1,-1
"3331","2929淘帝","110/07/29","新光-新竹",118,13,105
"3332","2929淘帝","110/07/29","元富-敦南",0,91,-91
"3333","2929淘帝","110/07/29","新加坡商瑞銀",56,0,56
"3334","2929淘帝","110/07/29","日盛-板橋中山",0,38,-38
"3335","2929淘帝","110/07/29","凱基-台北",39,4,35
"3336","2929淘帝","110/07/29","群益金鼎-士林",0,20,-20
"3337","2929淘帝","110/07/29","元大-民生",29,0,29
"3338","2929淘帝","110/07/29","華南永昌-敦南",0,20,-20
"3339","2929淘帝","110/07/29","美林",37,9,28
"3340","2929淘帝","110/07/29","高橋-龍潭",3,20,-17
"3341","2929淘帝","110/07/29","元大-承德",15,0,15
"3342","2929淘帝","110/07/29","凱基-中山",4,19,-15
"3343","2929淘帝","110/07/29","第一金-台南",10,0,10
"3344","2929淘帝","110/07/29","富邦-台北",0,15,-15
"3345","2929淘帝","110/07/29","富邦-桃園",9,0,9
"3346","2929淘帝","110/07/29","元富-台中",0,14,-14
"3347","2929淘帝","110/07/29","港商野村",17,10,7
"3348","2929淘帝","110/07/29","台新-建北",0,13,-13
"3349","2929淘帝","110/07/29","台中銀-豐原",6,0,6
"3350","2929淘帝","110/07/29","永豐金-敦南",0,12,-12
"3351","2929淘帝","110/07/29","元大-文心興安",6,0,6
"3352","2929淘帝","110/07/29","新光-台南",0,11,-11
"3353","2929淘帝","110/07/29","德信-新營",5,0,5
"3354","2929淘帝","110/07/29","宏遠-光隆",0,10,-10
"3355","2929淘帝","110/07/29","元大-博愛",5,0,5
"3356","2929淘帝","110/07/29","元大-嘉義",0,6,-6
"3357","2929淘帝","110/07/29","元大-員林",5,0,5
"3358","2929淘帝","110/07/29","日茂-南投",0,5,-5
"3359","2929淘帝","110/07/29","富邦-中壢",4,0,4
"3360","2929淘帝","110/07/29","新光",0,5,-5
"3361","5410國眾","110/07/29","兆豐-城中",32,0,32
"3362","5410國眾","110/07/29","第一金-台南",0,51,-51
"3363","5410國眾","110/07/29","新加坡商瑞銀",19,0,19
"3364","5410國眾","110/07/29","元富-大昌",0,13,-13
"3365","5410國眾","110/07/29","華南永昌-新莊",16,0,16
"3366","5410國眾","110/07/29","臺銀-臺南",0,12,-12
"3367","5410國眾","110/07/29","元大-小港",11,0,11
"3368","5410國眾","110/07/29","日盛-木柵",0,10,-10
"3369","5410國眾","110/07/29","臺銀",10,0,10
"3370","5410國眾","110/07/29","元富-安南",0,10,-10
"3371","5410國眾","110/07/29","臺銀-臺中",10,0,10
"3372","5410國眾","110/07/29","新光",4,13,-9
"3373","5410國眾","110/07/29","宏遠-館前",10,0,10
"3374","5410國眾","110/07/29","永豐金-屏東",0,5,-5
"3375","5410國眾","110/07/29","台新-中壢",10,0,10
"3376","5410國眾","110/07/29","永豐金-苓雅",0,5,-5
"3377","5410國眾","110/07/29","摩根大通",10,1,9
"3378","5410國眾","110/07/29","國票-台南",0,4,-4
"3379","5410國眾","110/07/29","元大-北投",9,0,9
"3380","5410國眾","110/07/29","永豐金-埔里",0,4,-4
"3381","5410國眾","110/07/29","台新證券",7,1,6
"3382","5410國眾","110/07/29","光和",0,3,-3
"3383","5410國眾","110/07/29","元富-新竹",5,0,5
"3384","5410國眾","110/07/29","凱基-汐止",0,3,-3
"3385","5410國眾","110/07/29","凱基-竹北",5,0,5
"3386","5410國眾","110/07/29","元大-善化",0,3,-3
"3387","5410國眾","110/07/29","永豐金-敦南",5,1,4
"3388","5410國眾","110/07/29","元大-員林",0,3,-3
"3389","5410國眾","110/07/29","美林",4,1,3
"3390","5410國眾","110/07/29","永豐金-台南",0,3,-3
"3391","2841台開","110/07/29","兆豐-台南",237,0,237
"3392","2841台開","110/07/29","元大-四維",0,184,-184
"3393","2841台開","110/07/29","永豐金-敦南",60,10,50
"3394","2841台開","110/07/29","玉山-新竹",0,145,-145
"3395","2841台開","110/07/29","永豐金-板新",50,0,50
"3396","2841台開","110/07/29","港商野村",0,124,-124
"3397","2841台開","110/07/29","華南永昌-南京",45,2,43
"3398","2841台開","110/07/29","永豐金-台南",0,32,-32
"3399","2841台開","110/07/29","群益金鼎-崇德",23,0,23
"3400","2841台開","110/07/29","華南永昌-公誠",0,23,-23
"3401","2841台開","110/07/29","日盛-園區",20,0,20
"3402","2841台開","110/07/29","元大-善化",0,22,-22
"3403","2841台開","110/07/29","台新-台中",20,0,20
"3404","2841台開","110/07/29","元大-豐原",0,20,-20
"3405","2841台開","110/07/29","華南永昌-新莊",20,0,20
"3406","2841台開","110/07/29","凱基-台北",0,15,-15
"3407","2841台開","110/07/29","富邦-仁愛",20,0,20
"3408","2841台開","110/07/29","富邦-台北",0,15,-15
"3409","2841台開","110/07/29","新光",15,0,15
"3410","2841台開","110/07/29","臺銀",0,10,-10
"3411","2841台開","110/07/29","華南永昌-台中",15,0,15
"3412","2841台開","110/07/29","元富-三重",0,10,-10
"3413","2841台開","110/07/29","凱基-彰化",13,0,13
"3414","2841台開","110/07/29","元大-林森",0,10,-10
"3415","2841台開","110/07/29","兆豐-台中",10,0,10
"3416","2841台開","110/07/29","光和-花壇",0,9,-9
"3417","2841台開","110/07/29","永豐金-松山",10,0,10
"3418","2841台開","110/07/29","國泰-桃園",1,10,-9
"3419","2841台開","110/07/29","國泰-館前",9,0,9
"3420","2841台開","110/07/29","玉山-嘉義",0,8,-8
"3421","6207雷科","110/07/29","永豐金-古亭",100,0,100
"3422","6207雷科","110/07/29","摩根大通",59,151,-92
"3423","6207雷科","110/07/29","國泰-館前",52,6,46
"3424","6207雷科","110/07/29","凱基-高雄",0,82,-82
"3425","6207雷科","110/07/29","新加坡商瑞銀",41,12,29
"3426","6207雷科","110/07/29","元大-松江",0,25,-25
"3427","6207雷科","110/07/29","大慶-蘆洲",29,6,23
"3428","6207雷科","110/07/29","元大-雙和",2,25,-23
"3429","6207雷科","110/07/29","永豐金-羅東",21,0,21
"3430","6207雷科","110/07/29","港商野村",16,36,-20
"3431","6207雷科","110/07/29","統一-南京",16,0,16
"3432","6207雷科","110/07/29","盈溢-楠梓",0,20,-20
"3433","6207雷科","110/07/29","凱基-台北",45,29,16
"3434","6207雷科","110/07/29","統一",2,20,-18
"3435","6207雷科","110/07/29","富邦-敦南",16,0,16
"3436","6207雷科","110/07/29","日盛-新竹",1,16,-15
"3437","6207雷科","110/07/29","統一-高雄",15,0,15
"3438","6207雷科","110/07/29","康和-台中",0,15,-15
"3439","6207雷科","110/07/29","台新-中壢",11,0,11
"3440","6207雷科","110/07/29","凱基-竹科",0,13,-13
"3441","6207雷科","110/07/29","台灣企銀-竹北",10,0,10
"3442","6207雷科","110/07/29","元大-鳳中",0,12,-12
"3443","6207雷科","110/07/29","宏遠證券",10,0,10
"3444","6207雷科","110/07/29","元大-土城",0,12,-12
"3445","6207雷科","110/07/29","中國信託-忠孝",10,0,10
"3446","6207雷科","110/07/29","華南永昌-高雄",0,11,-11
"3447","6207雷科","110/07/29","大昌-桃園",11,1,10
"3448","6207雷科","110/07/29","元大-木柵",0,10,-10
"3449","6207雷科","110/07/29","玉山-城中",11,1,10
"3450","6207雷科","110/07/29","日盛-板橋",1,10,-9
"3451","3679新至陞","110/07/29","華南永昌-淡水",5,0,5
"3452","3679新至陞","110/07/29","元富-板橋",0,16,-16
"3453","3679新至陞","110/07/29","富邦-新竹華信",5,0,5
"3454","3679新至陞","110/07/29","凱基-台北",0,8,-8
"3455","3679新至陞","110/07/29","永豐金-中和",5,0,5
"3456","3679新至陞","110/07/29","摩根大通",1,6,-5
"3457","3679新至陞","110/07/29","富邦-台北",4,0,4
"3458","3679新至陞","110/07/29","美林",0,4,-4
"3459","3679新至陞","110/07/29","元富-彰化",2,0,2
"3460","3679新至陞","110/07/29","瑞士信貸",0,4,-4
"3461","3679新至陞","110/07/29","兆豐-台中港",2,0,2
"3462","3679新至陞","110/07/29","元大-成功",0,3,-3
"3463","3679新至陞","110/07/29","富邦-三重",2,0,2
"3464","3679新至陞","110/07/29","統一-台南",0,2,-2
"3465","3679新至陞","110/07/29","元大-沙鹿",2,0,2
"3466","3679新至陞","110/07/29","元富-新興",0,2,-2
"3467","3679新至陞","110/07/29","元大-福營",2,0,2
"3468","3679新至陞","110/07/29","凱基-竹科",0,2,-2
"3469","3679新至陞","110/07/29","元大-花蓮",2,0,2
"3470","3679新至陞","110/07/29","元大證券",0,2,-2
"3471","3679新至陞","110/07/29","元大-板橋",2,0,2
"3472","3679新至陞","110/07/29","日盛-北高雄",0,1,-1
"3473","3679新至陞","110/07/29","永豐金-台南",2,0,2
"3474","3679新至陞","110/07/29","宏遠-高雄",0,1,-1
"3475","3679新至陞","110/07/29","合庫-彰化",1,0,1
"3476","3679新至陞","110/07/29","花旗環球",0,1,-1
"3477","3679新至陞","110/07/29","臺銀-臺南",1,0,1
"3478","3679新至陞","110/07/29","華南永昌-岡山",0,1,-1
"3479","3679新至陞","110/07/29","永興-水湳",1,0,1
"3480","3679新至陞","110/07/29","元大-佳里",0,1,-1
"3481","2727王品","110/07/29","第一金",30,0,30
"3482","2727王品","110/07/29","元大-高雄",1,93,-92
"3483","2727王品","110/07/29","港商麥格理",22,0,22
"3484","2727王品","110/07/29","新加坡商瑞銀",5,82,-77
"3485","2727王品","110/07/29","國票-北高雄",24,2,22
"3486","2727王品","110/07/29","美林",0,27,-27
"3487","2727王品","110/07/29","日盛-忠孝",21,0,21
"3488","2727王品","110/07/29","港商野村",21,48,-27
"3489","2727王品","110/07/29","新光",22,3,19
"3490","2727王品","110/07/29","凱基-台北",43,61,-18
"3491","2727王品","110/07/29","國泰-敦南",18,7,11
"3492","2727王品","110/07/29","華南永昌-麻豆",0,18,-18
"3493","2727王品","110/07/29","凱基-五股",11,0,11
"3494","2727王品","110/07/29","國泰-台中",2,17,-15
"3495","2727王品","110/07/29","兆豐-鹿港",12,2,10
"3496","2727王品","110/07/29","永豐金-桃盛",0,15,-15
"3497","2727王品","110/07/29","凱基-埔墘",10,0,10
"3498","2727王品","110/07/29","美商高盛",1,15,-14
"3499","2727王品","110/07/29","永豐金-潮州",10,0,10
"3500","2727王品","110/07/29","玉山證券",4,15,-11
"3501","2727王品","110/07/29","統一",12,4,8
"3502","2727王品","110/07/29","摩根大通",12,22,-10
"3503","2727王品","110/07/29","國泰-板橋",7,0,7
"3504","2727王品","110/07/29","元大-四維",2,12,-10
"3505","2727王品","110/07/29","彰銀-台中",7,1,6
"3506","2727王品","110/07/29","凱基-興隆",0,9,-9
"3507","2727王品","110/07/29","新光-高雄",12,6,6
"3508","2727王品","110/07/29","瑞士信貸",0,8,-8
"3509","2727王品","110/07/29","玉山-數位",6,0,6
"3510","2727王品","110/07/29","大昌-桃園",0,7,-7
"3511","1570力肯","110/07/29","群益金鼎-高雄",20,0,20
"3512","1570力肯","110/07/29","聯邦-興中",0,17,-17
"3513","1570力肯","110/07/29","群益金鼎-板橋",16,0,16
"3514","1570力肯","110/07/29","富邦-建國",0,10,-10
"3515","1570力肯","110/07/29","統一-敦南",5,0,5
"3516","1570力肯","110/07/29","凱基-站前",0,5,-5
"3517","1570力肯","110/07/29","元富-松德",4,0,4
"3518","1570力肯","110/07/29","國泰-板橋",0,4,-4
"3519","1570力肯","110/07/29","元大-和平",4,0,4
"3520","1570力肯","110/07/29","統一-土城",0,3,-3
"3521","1570力肯","110/07/29","凱基-幸福",3,0,3
"3522","1570力肯","110/07/29","凱基-大里",0,3,-3
"3523","1570力肯","110/07/29","華南永昌-鳳山",3,0,3
"3524","1570力肯","110/07/29","凱基-台北",0,3,-3
"3525","1570力肯","110/07/29","元大-北港",4,2,2
"3526","1570力肯","110/07/29","元大-屏東民生",0,3,-3
"3527","1570力肯","110/07/29","美林",1,0,1
"3528","1570力肯","110/07/29","元富-緯城",0,2,-2
"3529","1570力肯","110/07/29","國泰-台南",1,0,1
"3530","1570力肯","110/07/29","台新-高雄",0,2,-2
"3531","1570力肯","110/07/29","元大-歸仁",1,0,1
"3532","1570力肯","110/07/29","華南永昌-楠梓",0,2,-2
"3533","1570力肯","110/07/29","元大-松山",1,0,1
"3534","1570力肯","110/07/29","元大-北成功",0,2,-2
"3535","1570力肯","110/07/29","元大-文心興安",1,0,1
"3536","1570力肯","110/07/29","元大-板橋",0,2,-2
"3537","1570力肯","110/07/29","元大-東蘆",1,0,1
"3538","1570力肯","110/07/29","統一-台南",0,1,-1
"3539","1570力肯","110/07/29","群益金鼎-鳳山",0,0,0
"3540","1570力肯","110/07/29","台新證券",0,1,-1
"3541","6180橘子","110/07/29","凱基-台北",50,4,46
"3542","6180橘子","110/07/29","兆豐證券",0,95,-95
"3543","6180橘子","110/07/29","花旗環球",25,0,25
"3544","6180橘子","110/07/29","香港上海匯豐",0,74,-74
"3545","6180橘子","110/07/29","瑞士信貸",26,2,24
"3546","6180橘子","110/07/29","福勝",0,24,-24
"3547","6180橘子","110/07/29","兆豐-大同",20,0,20
"3548","6180橘子","110/07/29","第一金-安和",0,20,-20
"3549","6180橘子","110/07/29","新光-台中",17,0,17
"3550","6180橘子","110/07/29","永豐金-敦北",0,18,-18
"3551","6180橘子","110/07/29","元大-南屯",15,0,15
"3552","6180橘子","110/07/29","致和-崇德",0,10,-10
"3553","6180橘子","110/07/29","摩根大通",54,40,14
"3554","6180橘子","110/07/29","玉山-台大",0,10,-10
"3555","6180橘子","110/07/29","玉山-桃園",10,0,10
"3556","6180橘子","110/07/29","元大-四維",0,10,-10
"3557","6180橘子","110/07/29","永豐金-中正",10,0,10
"3558","6180橘子","110/07/29","元大-小港",0,8,-8
"3559","6180橘子","110/07/29","元富-三重",8,0,8
"3560","6180橘子","110/07/29","台灣摩根士丹利",7,13,-6
"3561","6180橘子","110/07/29","國泰-新莊",9,1,8
"3562","6180橘子","110/07/29","群益金鼎-丹鳳",0,6,-6
"3563","6180橘子","110/07/29","元大-木柵",8,0,8
"3564","6180橘子","110/07/29","永豐金-南京",2,8,-6
"3565","6180橘子","110/07/29","國票-敦北法人",7,0,7
"3566","6180橘子","110/07/29","日盛-頭份",5,10,-5
"3567","6180橘子","110/07/29","元大證券",7,0,7
"3568","6180橘子","110/07/29","宏遠-高雄",0,5,-5
"3569","6180橘子","110/07/29","高橋",6,0,6
"3570","6180橘子","110/07/29","第一金-中山",1,5,-4
"3571","2390云辰","110/07/29","元大-永和",561,61,500
"3572","2390云辰","110/07/29","摩根大通",152,377,-225
"3573","2390云辰","110/07/29","台灣摩根士丹利",163,1,162
"3574","2390云辰","110/07/29","元富-同大",3,139,-136
"3575","2390云辰","110/07/29","元大-善化",87,0,87
"3576","2390云辰","110/07/29","豐農",3,128,-125
"3577","2390云辰","110/07/29","元大-草屯",89,6,83
"3578","2390云辰","110/07/29","美商高盛",6,88,-82
"3579","2390云辰","110/07/29","富邦-羅東",74,10,64
"3580","2390云辰","110/07/29","美林",43,112,-69
"3581","2390云辰","110/07/29","元大-鑫永和",61,1,60
"3582","2390云辰","110/07/29","元大-發財",4,61,-57
"3583","2390云辰","110/07/29","元富-高雄",93,40,53
"3584","2390云辰","110/07/29","大慶-泰山",0,51,-51
"3585","2390云辰","110/07/29","台新-左楠",43,1,42
"3586","2390云辰","110/07/29","群益金鼎",5,49,-44
"3587","2390云辰","110/07/29","日盛-永康",35,2,33
"3588","2390云辰","110/07/29","元大-松江",0,40,-40
"3589","2390云辰","110/07/29","玉山-板橋",37,5,32
"3590","2390云辰","110/07/29","統一-新台中",123,161,-38
"3591","2390云辰","110/07/29","日盛-板橋中山",45,15,30
"3592","2390云辰","110/07/29","兆豐-員林",0,35,-35
"3593","2390云辰","110/07/29","元大-大統",30,0,30
"3594","2390云辰","110/07/29","第一金-新竹",1,35,-34
"3595","2390云辰","110/07/29","元大-竹北",30,1,29
"3596","2390云辰","110/07/29","日盛-員林",3,33,-30
"3597","2390云辰","110/07/29","元大-北屯",26,0,26
"3598","2390云辰","110/07/29","新光",40,70,-30
"3599","2390云辰","110/07/29","元大-林園",25,0,25
"3600","2390云辰","110/07/29","永豐金-松山",21,49,-28
"3601","1471首利","110/07/28","美林",138,26,112
"3602","1471首利","110/07/28","玉山-台大",0,234,-234
"3603","1471首利","110/07/28","摩根大通",164,80,84
"3604","1471首利","110/07/28","國票-九鼎",0,149,-149
"3605","1471首利","110/07/28","(牛牛牛)亞-鑫豐",65,0,65
"3606","1471首利","110/07/28","台中銀",0,69,-69
"3607","1471首利","110/07/28","大昌-新店",44,0,44
"3608","1471首利","110/07/28","元大-博愛",0,32,-32
"3609","1471首利","110/07/28","玉山-桃園",69,30,39
"3610","1471首利","110/07/28","凱基-竹北",0,30,-30
"3611","1471首利","110/07/28","兆豐-鹿港",28,0,28
"3612","1471首利","110/07/28","富邦-苗栗",0,30,-30
"3613","1471首利","110/07/28","聯邦-高雄",21,0,21
"3614","1471首利","110/07/28","港商法國興業",0,22,-22
"3615","1471首利","110/07/28","永豐金-中正",21,0,21
"3616","1471首利","110/07/28","國票-安和",0,20,-20
"3617","1471首利","110/07/28","第一金-高雄",16,0,16
"3618","1471首利","110/07/28","華南永昌-苑裡",0,15,-15
"3619","1471首利","110/07/28","統一-桃園",13,0,13
"3620","1471首利","110/07/28","日盛-中壢",0,13,-13
"3621","1471首利","110/07/28","新光-台中",19,6,13
"3622","1471首利","110/07/28","玉山-台南",0,13,-13
"3623","1471首利","110/07/28","彰銀-七賢",11,0,11
"3624","1471首利","110/07/28","凱基-桃園",0,12,-12
"3625","1471首利","110/07/28","第一金-台南",11,0,11
"3626","1471首利","110/07/28","聯邦-雙和",0,11,-11
"3627","1471首利","110/07/28","台新證券",11,0,11
"3628","1471首利","110/07/28","統一-新營",0,10,-10
"3629","1471首利","110/07/28","凱基-東勢",11,0,11
"3630","1471首利","110/07/28","凱基-城中",0,10,-10
"3631","2883開發金","110/07/28","摩根大通",5171,647,4524
"3632","2883開發金","110/07/28","台灣摩根士丹利",921,11451,-10530
"3633","2883開發金","110/07/28","瑞士信貸",4234,62,4172
"3634","2883開發金","110/07/28","美商高盛",522,3615,-3093
"3635","2883開發金","110/07/28","國泰證券",2247,28,2219
"3636","2883開發金","110/07/28","(牛牛牛)亞證券",0,3000,-3000
"3637","2883開發金","110/07/28","元大證券",2306,91,2215
"3638","2883開發金","110/07/28","康和-仁愛",17,3004,-2987
"3639","2883開發金","110/07/28","元富-城東",2203,113,2090
"3640","2883開發金","110/07/28","第一金",18,2301,-2283
"3641","2883開發金","110/07/28","新加坡商瑞銀",1840,81,1759
"3642","2883開發金","110/07/28","凱基-台北",3735,5169,-1434
"3643","2883開發金","110/07/28","永豐金-彰化",1682,27,1655
"3644","2883開發金","110/07/28","宏遠-高雄",4,1420,-1416
"3645","2883開發金","110/07/28","日盛證券",1637,9,1628
"3646","2883開發金","110/07/28","亞東-板橋",507,1722,-1215
"3647","2883開發金","110/07/28","元大-彰化",1183,11,1172
"3648","2883開發金","110/07/28","凱基-豐中",32,1127,-1095
"3649","2883開發金","110/07/28","美林",2507,1378,1129
"3650","2883開發金","110/07/28","群益金鼎-三重",65,993,-928
"3651","2883開發金","110/07/28","華南永昌",1204,239,965
"3652","2883開發金","110/07/28","元大-羅東",30,872,-842
"3653","2883開發金","110/07/28","日盛-台南",816,6,810
"3654","2883開發金","110/07/28","花旗環球",188,1004,-816
"3655","2883開發金","110/07/28","台新-松江",722,40,682
"3656","2883開發金","110/07/28","華南永昌-朴子",33,716,-683
"3657","2883開發金","110/07/28","新光-台中",858,231,627
"3658","2883開發金","110/07/28","元大-永和",31,700,-669
"3659","2883開發金","110/07/28","凱基-員林",634,25,609
"3660","2883開發金","110/07/28","玉山-台南",97,738,-641
"3661","6205詮欣","110/07/28","臺銀",30,0,30
"3662","6205詮欣","110/07/28","台灣摩根士丹利",0,59,-59
"3663","6205詮欣","110/07/28","元大-善化",30,0,30
"3664","6205詮欣","110/07/28","凱基-大安",0,50,-50
"3665","6205詮欣","110/07/28","日盛證券",16,0,16
"3666","6205詮欣","110/07/28","元大-板橋",0,20,-20
"3667","6205詮欣","110/07/28","元大-土城學府",15,3,12
"3668","6205詮欣","110/07/28","摩根大通",17,30,-13
"3669","6205詮欣","110/07/28","臺銀-民權",10,0,10
"3670","6205詮欣","110/07/28","凱基-台北",0,11,-11
"3671","6205詮欣","110/07/28","德信-新營",10,0,10
"3672","6205詮欣","110/07/28","新加坡商瑞銀",0,10,-10
"3673","6205詮欣","110/07/28","福勝",10,0,10
"3674","6205詮欣","110/07/28","第一金-新竹",0,10,-10
"3675","6205詮欣","110/07/28","元大-清水",10,0,10
"3676","6205詮欣","110/07/28","台新-高雄",0,6,-6
"3677","6205詮欣","110/07/28","新光",9,0,9
"3678","6205詮欣","110/07/28","凱基-三多",0,6,-6
"3679","6205詮欣","110/07/28","群益金鼎-屏東",7,0,7
"3680","6205詮欣","110/07/28","美林",2,7,-5
"3681","6205詮欣","110/07/28","元大-汐止",6,0,6
"3682","6205詮欣","110/07/28","瑞士信貸",0,5,-5
"3683","6205詮欣","110/07/28","統一-屏東",5,0,5
"3684","6205詮欣","110/07/28","中國信託-三重",0,5,-5
"3685","6205詮欣","110/07/28","日盛-三重",4,0,4
"3686","6205詮欣","110/07/28","日盛-雙和",0,4,-4
"3687","6205詮欣","110/07/28","亞東-板橋",4,0,4
"3688","6205詮欣","110/07/28","宏遠-光隆",0,4,-4
"3689","6205詮欣","110/07/28","台中銀",4,0,4
"3690","6205詮欣","110/07/28","兆豐-新莊",0,4,-4
"3691","1540喬福","110/07/28","兆豐-北高雄",48,0,48
"3692","1540喬福","110/07/28","合庫-台中",1,60,-59
"3693","1540喬福","110/07/28","兆豐-台中港",33,0,33
"3694","1540喬福","110/07/28","凱基-台北",0,44,-44
"3695","1540喬福","110/07/28","大慶-中壢",19,0,19
"3696","1540喬福","110/07/28","元大-學甲",0,35,-35
"3697","1540喬福","110/07/28","富邦-員林",18,0,18
"3698","1540喬福","110/07/28","統一-新台中",0,26,-26
"3699","1540喬福","110/07/28","(牛牛牛)亞-鑫豐",12,0,12
"3700","1540喬福","110/07/28","新光-新竹",0,21,-21
"3701","1540喬福","110/07/28","元富-文心",10,0,10
"3702","1540喬福","110/07/28","富邦-台北",0,20,-20
"3703","1540喬福","110/07/28","光和-和美",10,0,10
"3704","1540喬福","110/07/28","富邦-南屯",0,20,-20
"3705","1540喬福","110/07/28","永豐金-三重",9,0,9
"3706","1540喬福","110/07/28","元大-鶯歌",0,10,-10
"3707","1540喬福","110/07/28","臺銀-鳳山",8,0,8
"3708","1540喬福","110/07/28","元大-豐原",0,7,-7
"3709","1540喬福","110/07/28","元大-斗六",7,0,7
"3710","1540喬福","110/07/28","大昌-樹林",0,6,-6
"3711","1540喬福","110/07/28","台新-台中",6,0,6
"3712","1540喬福","110/07/28","新光-桃園",0,5,-5
"3713","1540喬福","110/07/28","華南永昌-中正",6,0,6
"3714","1540喬福","110/07/28","凱基-站前",0,5,-5
"3715","1540喬福","110/07/28","永豐金-台中",6,0,6
"3716","1540喬福","110/07/28","臺銀",0,4,-4
"3717","1540喬福","110/07/28","臺銀-民權",5,0,5
"3718","1540喬福","110/07/28","台新證券",0,3,-3
"3719","1540喬福","110/07/28","元富-中原",5,0,5
"3720","1540喬福","110/07/28","台新-高雄",0,3,-3
"3721","2888新光金","110/07/28","臺銀-高雄",3050,3,3047
"3722","2888新光金","110/07/28","摩根大通",2543,11316,-8773
"3723","2888新光金","110/07/28","元富-城東",2019,129,1890
"3724","2888新光金","110/07/28","香港上海匯豐",120,7576,-7456
"3725","2888新光金","110/07/28","元大證券",2106,407,1699
"3726","2888新光金","110/07/28","凱基-台北",1641,5238,-3597
"3727","2888新光金","110/07/28","凱基-台南",1068,33,1035
"3728","2888新光金","110/07/28","新加坡商瑞銀",0,3572,-3572
"3729","2888新光金","110/07/28","彰銀-台中",1098,75,1023
"3730","2888新光金","110/07/28","台灣摩根士丹利",4358,7129,-2771
"3731","2888新光金","110/07/28","元富-城中",1003,0,1003
"3732","2888新光金","110/07/28","元大-大統",103,2853,-2750
"3733","2888新光金","110/07/28","元大-大天母",1113,119,994
"3734","2888新光金","110/07/28","光和",204,2235,-2031
"3735","2888新光金","110/07/28","元大-仁愛",761,1,760
"3736","2888新光金","110/07/28","兆豐-鹿港",80,1755,-1675
"3737","2888新光金","110/07/28","日盛-雙和",927,179,748
"3738","2888新光金","110/07/28","凱基-市政",17,1447,-1430
"3739","2888新光金","110/07/28","元大-大里",648,0,648
"3740","2888新光金","110/07/28","華南永昌-敦南",66,1320,-1254
"3741","2888新光金","110/07/28","凱基-竹科",2665,2026,639
"3742","2888新光金","110/07/28","法銀巴黎",195,1423,-1228
"3743","2888新光金","110/07/28","日盛-高雄",619,11,608
"3744","2888新光金","110/07/28","臺銀",123,1343,-1220
"3745","2888新光金","110/07/28","群益金鼎-海山",710,151,559
"3746","2888新光金","110/07/28","花旗環球",0,865,-865
"3747","2888新光金","110/07/28","台新證券",855,305,550
"3748","2888新光金","110/07/28","元大-鹿港",46,848,-802
"3749","2888新光金","110/07/28","國泰-敦南",774,237,537
"3750","2888新光金","110/07/28","合庫-台中",121,800,-679
"3751","1340勝悅","110/07/28","新光-台南",50,0,50
"3752","1340勝悅","110/07/28","兆豐-南京",0,25,-25
"3753","1340勝悅","110/07/28","臺銀-臺中",6,0,6
"3754","1340勝悅","110/07/28","凱基-台北",0,22,-22
"3755","1340勝悅","110/07/28","新光",6,0,6
"3756","1340勝悅","110/07/28","美林",0,12,-12
"3757","1340勝悅","110/07/28","臺灣企銀-埔墘",5,0,5
"3758","1340勝悅","110/07/28","群益金鼎-台中",0,11,-11
"3759","1340勝悅","110/07/28","國票-敦北法人",5,0,5
"3760","1340勝悅","110/07/28","合庫-西台中",1,10,-9
"3761","1340勝悅","110/07/28","國泰-高雄",5,0,5
"3762","1340勝悅","110/07/28","元大-基隆孝二",0,8,-8
"3763","1340勝悅","110/07/28","國泰-台中",5,0,5
"3764","1340勝悅","110/07/28","統一-城中",0,7,-7
"3765","1340勝悅","110/07/28","群益金鼎-館前",5,0,5
"3766","1340勝悅","110/07/28","凱基-幸福",0,7,-7
"3767","1340勝悅","110/07/28","中國信託-文心",3,0,3
"3768","1340勝悅","110/07/28","臺銀-新竹",0,5,-5
"3769","1340勝悅","110/07/28","群益金鼎-崇德",3,0,3
"3770","1340勝悅","110/07/28","港商法國興業",0,5,-5
"3771","1340勝悅","110/07/28","元大-永春",3,0,3
"3772","1340勝悅","110/07/28","元大-新竹經國",0,5,-5
"3773","1340勝悅","110/07/28","永豐金-松山",3,0,3
"3774","1340勝悅","110/07/28","台新證券",0,4,-4
"3775","1340勝悅","110/07/28","永豐金-嘉義",3,0,3
"3776","1340勝悅","110/07/28","港商野村",0,3,-3
"3777","1340勝悅","110/07/28","日盛-木柵",2,0,2
"3778","1340勝悅","110/07/28","摩根大通",0,3,-3
"3779","1340勝悅","110/07/28","台新-台中",2,0,2
"3780","1340勝悅","110/07/28","富邦-台北",0,3,-3
"3781","6246臺龍","110/07/28","元大-基隆孝二",32,0,32
"3782","6246臺龍","110/07/28","永豐金-桃園",4,135,-131
"3783","6246臺龍","110/07/28","合庫-台中",30,0,30
"3784","6246臺龍","110/07/28","港商野村",5,93,-88
"3785","6246臺龍","110/07/28","元大-木柵",30,0,30
"3786","6246臺龍","110/07/28","凱基-台北",9,65,-56
"3787","6246臺龍","110/07/28","光和",21,0,21
"3788","6246臺龍","110/07/28","元大-西螺",0,31,-31
"3789","6246臺龍","110/07/28","宏遠-民生",20,0,20
"3790","6246臺龍","110/07/28","群益金鼎-鳳山",0,27,-27
"3791","6246臺龍","110/07/28","第一金-安和",20,0,20
"3792","6246臺龍","110/07/28","元大-西屯",0,25,-25
"3793","6246臺龍","110/07/28","兆豐-竹北",24,4,20
"3794","6246臺龍","110/07/28","永豐金-虎尾",6,27,-21
"3795","6246臺龍","110/07/28","凱基-幸福",20,0,20
"3796","6246臺龍","110/07/28","日盛-台中",1,20,-19
"3797","6246臺龍","110/07/28","德信-新營",19,0,19
"3798","6246臺龍","110/07/28","統一",0,16,-16
"3799","6246臺龍","110/07/28","台新證券",21,4,17
"3800","6246臺龍","110/07/28","群益金鼎-土城",0,16,-16
"3801","6246臺龍","110/07/28","華南永昌-公誠",17,0,17
"3802","6246臺龍","110/07/28","元大-員林",0,15,-15
"3803","6246臺龍","110/07/28","中國信託-文心",15,0,15
"3804","6246臺龍","110/07/28","華南永昌-長虹",0,11,-11
"3805","6246臺龍","110/07/28","群益金鼎-崇德",15,0,15
"3806","6246臺龍","110/07/28","日盛-中壢",0,10,-10
"3807","6246臺龍","110/07/28","兆豐-公益",12,0,12
"3808","6246臺龍","110/07/28","第一金-彰化",0,10,-10
"3809","6246臺龍","110/07/28","國票",12,0,12
"3810","6246臺龍","110/07/28","元富-中原",0,10,-10
"3811","00715L期街口布蘭特正2","110/07/28","永豐金證券",5725,30,5695
"3812","00715L期街口布蘭特正2","110/07/28","元大-四維",0,2013,-2013
"3813","00715L期街口布蘭特正2","110/07/28","元大證券",5235,705,4530
"3814","00715L期街口布蘭特正2","110/07/28","凱基-豐中",0,1536,-1536
"3815","00715L期街口布蘭特正2","110/07/28","國票",2733,11,2722
"3816","00715L期街口布蘭特正2","110/07/28","華南永昌-東昇",0,1010,-1010
"3817","00715L期街口布蘭特正2","110/07/28","富邦證券",2340,417,1923
"3818","00715L期街口布蘭特正2","110/07/28","兆豐-三民",0,1004,-1004
"3819","00715L期街口布蘭特正2","110/07/28","凱基-台北",2241,325,1916
"3820","00715L期街口布蘭特正2","110/07/28","元富-古亭",0,600,-600
"3821","00715L期街口布蘭特正2","110/07/28","統一",1635,132,1503
"3822","00715L期街口布蘭特正2","110/07/28","台新-新營",20,558,-538
"3823","00715L期街口布蘭特正2","110/07/28","國票-中港",1500,0,1500
"3824","00715L期街口布蘭特正2","110/07/28","富邦-台北",0,453,-453
"3825","00715L期街口布蘭特正2","110/07/28","兆豐-台中",525,6,519
"3826","00715L期街口布蘭特正2","110/07/28","港商野村",71,519,-448
"3827","00715L期街口布蘭特正2","110/07/28","合庫證券",1008,500,508
"3828","00715L期街口布蘭特正2","110/07/28","第一金-自由",10,405,-395
"3829","00715L期街口布蘭特正2","110/07/28","永豐金-三重",500,0,500
"3830","00715L期街口布蘭特正2","110/07/28","玉山-高雄",17,387,-370
"3831","00715L期街口布蘭特正2","110/07/28","凱基-市政",500,1,499
"3832","00715L期街口布蘭特正2","110/07/28","統一-桃園",0,331,-331
"3833","00715L期街口布蘭特正2","110/07/28","元富-大裕",500,8,492
"3834","00715L期街口布蘭特正2","110/07/28","元富-中壢",0,309,-309
"3835","00715L期街口布蘭特正2","110/07/28","永豐金-內湖",503,18,485
"3836","00715L期街口布蘭特正2","110/07/28","台新證券",21,329,-308
"3837","00715L期街口布蘭特正2","110/07/28","元富-吉利",280,0,280
"3838","00715L期街口布蘭特正2","110/07/28","國票-台中",0,275,-275
"3839","00715L期街口布蘭特正2","110/07/28","國票-博愛",200,0,200
"3840","00715L期街口布蘭特正2","110/07/28","日盛-木柵",0,268,-268
"3841","8941關中","110/07/28","第一金-台南",2,0,2
"3842","8941關中","110/07/28","聯邦-富強",0,3,-3
"3843","8941關中","110/07/28","元大-西屯",2,0,2
"3844","8941關中","110/07/28","富邦-員林",0,3,-3
"3845","8941關中","110/07/28","玉山證券",1,0,1
"3846","8941關中","110/07/28","第一金-安和",0,2,-2
"3847","8941關中","110/07/28","國泰-忠孝",1,0,1
"3848","8941關中","110/07/28","第一金-台中",0,1,-1
"3849","8941關中","110/07/28","凱基-岡山",1,0,1
"3850","8941關中","110/07/28","玉山-台中",0,0,0
"3851","8941關中","110/07/28","富邦-羅東",1,0,1
"3852","8941關中","110/07/28","元大-新竹經國",0,0,0
"3853","8941關中","110/07/28","永豐金-敦南",1,0,1
"3854","8941關中","110/07/28","元大-桃興",1,1,0
"3855","8941關中","110/07/28","玉山-台中",0,0,0
"3856","8941關中","110/07/28","",NA,NA,NA
"3857","8941關中","110/07/28","元大-新竹經國",0,0,0
"3858","8941關中","110/07/28","",NA,NA,NA
"3859","8941關中","110/07/28","元大-桃興",1,1,0
"3860","8941關中","110/07/28","",NA,NA,NA
"3861","8941關中","110/07/28","",NA,NA,NA
"3862","8941關中","110/07/28","",NA,NA,NA
"3863","8941關中","110/07/28","",NA,NA,NA
"3864","8941關中","110/07/28","",NA,NA,NA
"3865","8941關中","110/07/28","",NA,NA,NA
"3866","8941關中","110/07/28","",NA,NA,NA
"3867","8941關中","110/07/28","",NA,NA,NA
"3868","8941關中","110/07/28","",NA,NA,NA
"3869","8941關中","110/07/28","",NA,NA,NA
"3870","8941關中","110/07/28","",NA,NA,NA
"3871","8936國統","110/07/28","宏遠-高雄",141,1,140
"3872","8936國統","110/07/28","摩根大通",82,517,-435
"3873","8936國統","110/07/28","日盛-景美",100,0,100
"3874","8936國統","110/07/28","凱基-台北",5,290,-285
"3875","8936國統","110/07/28","永豐金-苓雅",67,0,67
"3876","8936國統","110/07/28","瑞士信貸",0,245,-245
"3877","8936國統","110/07/28","玉山-台南",64,0,64
"3878","8936國統","110/07/28","台灣摩根士丹利",16,176,-160
"3879","8936國統","110/07/28","國票-北高雄",61,1,60
"3880","8936國統","110/07/28","凱基-市政",11,110,-99
"3881","8936國統","110/07/28","玉山-高雄",49,0,49
"3882","8936國統","110/07/28","元大-東蘆",0,82,-82
"3883","8936國統","110/07/28","元大-小港",47,0,47
"3884","8936國統","110/07/28","新加坡商瑞銀",128,205,-77
"3885","8936國統","110/07/28","元大-台中",40,0,40
"3886","8936國統","110/07/28","元大-歸仁",30,75,-45
"3887","8936國統","110/07/28","新光-台中",41,7,34
"3888","8936國統","110/07/28","台新-台中",17,55,-38
"3889","8936國統","110/07/28","元大-豐原站前",32,0,32
"3890","8936國統","110/07/28","康和",20,58,-38
"3891","8936國統","110/07/28","玉山-台中",31,0,31
"3892","8936國統","110/07/28","第一金-新興",0,31,-31
"3893","8936國統","110/07/28","富邦-高雄",26,0,26
"3894","8936國統","110/07/28","元富-松德",0,30,-30
"3895","8936國統","110/07/28","元大-鳳中",30,5,25
"3896","8936國統","110/07/28","元大-中和",2,30,-28
"3897","8936國統","110/07/28","元富-林園",20,0,20
"3898","8936國統","110/07/28","兆豐-嘉義",0,22,-22
"3899","8936國統","110/07/28","兆豐-北高雄",20,0,20
"3900","8936國統","110/07/28","美林",11,32,-21
"3901","6226光鼎","110/07/28","群益金鼎-萬華",147,14,133
"3902","6226光鼎","110/07/28","群益金鼎-敦南",5,282,-277
"3903","6226光鼎","110/07/28","台新-台中",227,114,113
"3904","6226光鼎","110/07/28","華南永昌",19,142,-123
"3905","6226光鼎","110/07/28","摩根大通",109,0,109
"3906","6226光鼎","110/07/28","康和-台北",0,100,-100
"3907","6226光鼎","110/07/28","統一",107,0,107
"3908","6226光鼎","110/07/28","臺銀-民權",4,100,-96
"3909","6226光鼎","110/07/28","凱基-台北",103,1,102
"3910","6226光鼎","110/07/28","元大-潮州",11,102,-91
"3911","6226光鼎","110/07/28","台灣摩根士丹利",104,7,97
"3912","6226光鼎","110/07/28","華南永昌-嘉義",50,130,-80
"3913","6226光鼎","110/07/28","群益金鼎-館前",97,0,97
"3914","6226光鼎","110/07/28","台新證券",79,153,-74
"3915","6226光鼎","110/07/28","國泰-台中",97,20,77
"3916","6226光鼎","110/07/28","玉山-台南",4,74,-70
"3917","6226光鼎","110/07/28","元大-嘉義",83,16,67
"3918","6226光鼎","110/07/28","臺銀-臺中",6,65,-59
"3919","6226光鼎","110/07/28","新光-桃園",69,8,61
"3920","6226光鼎","110/07/28","富邦-仁愛",6,63,-57
"3921","6226光鼎","110/07/28","群益金鼎-三重",59,2,57
"3922","6226光鼎","110/07/28","凱基-大里",0,51,-51
"3923","6226光鼎","110/07/28","日盛-員林",63,12,51
"3924","6226光鼎","110/07/28","國泰-敦南",116,166,-50
"3925","6226光鼎","110/07/28","永豐金-松山",66,20,46
"3926","6226光鼎","110/07/28","元富-中港",2,51,-49
"3927","6226光鼎","110/07/28","統一-內湖",48,7,41
"3928","6226光鼎","110/07/28","群益金鼎-延平",0,49,-49
"3929","6226光鼎","110/07/28","凱基-高美館",51,10,41
"3930","6226光鼎","110/07/28","元大-新竹經國",5,53,-48
"3931","2363矽統","110/07/28","摩根大通",809,282,527
"3932","2363矽統","110/07/28","國泰-敦南",145,861,-716
"3933","2363矽統","110/07/28","美商高盛",532,264,268
"3934","2363矽統","110/07/28","元大-台中",18,384,-366
"3935","2363矽統","110/07/28","台新-三民",263,18,245
"3936","2363矽統","110/07/28","新光",197,525,-328
"3937","2363矽統","110/07/28","台新證券",929,703,226
"3938","2363矽統","110/07/28","群益金鼎-三民",24,266,-242
"3939","2363矽統","110/07/28","第一金-嘉義",154,0,154
"3940","2363矽統","110/07/28","凱基-斗六",0,187,-187
"3941","2363矽統","110/07/28","凱基-台北",1039,889,150
"3942","2363矽統","110/07/28","元大-上新莊",3,134,-131
"3943","2363矽統","110/07/28","永豐金-竹科",132,11,121
"3944","2363矽統","110/07/28","永豐金-彰化",5,134,-129
"3945","2363矽統","110/07/28","華南永昌-鳳山",146,34,112
"3946","2363矽統","110/07/28","日盛-二林",15,142,-127
"3947","2363矽統","110/07/28","第一金-新興",108,1,107
"3948","2363矽統","110/07/28","元大證券",18,125,-107
"3949","2363矽統","110/07/28","港商野村",673,568,105
"3950","2363矽統","110/07/28","新光-台南",25,129,-104
"3951","2363矽統","110/07/28","群益金鼎-桃園",111,11,100
"3952","2363矽統","110/07/28","統一",7,109,-102
"3953","2363矽統","110/07/28","台新-左楠",94,15,79
"3954","2363矽統","110/07/28","康和-南崁",11,108,-97
"3955","2363矽統","110/07/28","新加坡商瑞銀",789,711,78
"3956","2363矽統","110/07/28","國票",25,121,-96
"3957","2363矽統","110/07/28","國票-九鼎",99,26,73
"3958","2363矽統","110/07/28","群益金鼎-敦南",11,107,-96
"3959","2363矽統","110/07/28","兆豐-埔墘",62,0,62
"3960","2363矽統","110/07/28","兆豐-寶成",2,79,-77
"3961","8112至上","110/07/28","摩根大通",630,183,447
"3962","8112至上","110/07/28","永豐金-永康",0,242,-242
"3963","8112至上","110/07/28","合庫證券",317,21,296
"3964","8112至上","110/07/28","高橋",3,222,-219
"3965","8112至上","110/07/28","新加坡商瑞銀",417,132,285
"3966","8112至上","110/07/28","玉山證券",2,206,-204
"3967","8112至上","110/07/28","台灣摩根士丹利",253,58,195
"3968","8112至上","110/07/28","新光",50,206,-156
"3969","8112至上","110/07/28","港商野村",350,164,186
"3970","8112至上","110/07/28","永豐金-苓雅",2,102,-100
"3971","8112至上","110/07/28","美商高盛",184,7,177
"3972","8112至上","110/07/28","凱基-永和",0,80,-80
"3973","8112至上","110/07/28","美林",213,53,160
"3974","8112至上","110/07/28","華南永昌-新莊",60,134,-74
"3975","8112至上","110/07/28","花旗環球",86,16,70
"3976","8112至上","110/07/28","台新-松江",27,90,-63
"3977","8112至上","110/07/28","玉山-板橋",82,17,65
"3978","8112至上","110/07/28","宏遠證券",1,50,-49
"3979","8112至上","110/07/28","凱基-竹科",67,3,64
"3980","8112至上","110/07/28","元大-苑裡",23,72,-49
"3981","8112至上","110/07/28","元大-府城",56,0,56
"3982","8112至上","110/07/28","元大-基隆孝二",5,53,-48
"3983","8112至上","110/07/28","永豐金-內湖",37,0,37
"3984","8112至上","110/07/28","康和-仁愛",5,51,-46
"3985","8112至上","110/07/28","瑞士信貸",58,26,32
"3986","8112至上","110/07/28","台新證券",31,73,-42
"3987","8112至上","110/07/28","元大證券",60,29,31
"3988","8112至上","110/07/28","兆豐-公益",0,40,-40
"3989","8112至上","110/07/28","元富-新店",35,5,30
"3990","8112至上","110/07/28","中國信託-忠孝",1,37,-36
"3991","1570力肯","110/07/28","國泰-敦南",50,0,50
"3992","1570力肯","110/07/28","元大-高雄",0,42,-42
"3993","1570力肯","110/07/28","群益金鼎-高雄",31,0,31
"3994","1570力肯","110/07/28","國票-新莊",0,14,-14
"3995","1570力肯","110/07/28","元富-延平",15,0,15
"3996","1570力肯","110/07/28","凱基-站前",0,10,-10
"3997","1570力肯","110/07/28","(牛牛牛)亞-鑫豐",10,0,10
"3998","1570力肯","110/07/28","凱基-台北",0,10,-10
"3999","1570力肯","110/07/28","元富-緯城",6,0,6
"4000","1570力肯","110/07/28","元大-忠孝",0,10,-10
"4001","1570力肯","110/07/28","合庫-自強",5,0,5
"4002","1570力肯","110/07/28","台灣摩根士丹利",0,9,-9
"4003","1570力肯","110/07/28","臺銀-臺南",4,0,4
"4004","1570力肯","110/07/28","群益金鼎-板橋",0,8,-8
"4005","1570力肯","110/07/28","兆豐-台中港",3,0,3
"4006","1570力肯","110/07/28","永豐金-大園",0,7,-7
"4007","1570力肯","110/07/28","日盛-板橋",2,0,2
"4008","1570力肯","110/07/28","元大-台南",0,5,-5
"4009","1570力肯","110/07/28","統一-松江",2,0,2
"4010","1570力肯","110/07/28","合庫-台中",0,4,-4
"4011","1570力肯","110/07/28","台新-三民",2,0,2
"4012","1570力肯","110/07/28","富邦-板橋",0,3,-3
"4013","1570力肯","110/07/28","群益金鼎-土城",2,0,2
"4014","1570力肯","110/07/28","元大-板橋",0,3,-3
"4015","1570力肯","110/07/28","元大-和平",2,0,2
"4016","1570力肯","110/07/28","統一-桃園",0,2,-2
"4017","1570力肯","110/07/28","元大-土城永寧",2,0,2
"4018","1570力肯","110/07/28","凱基-三多",0,2,-2
"4019","1570力肯","110/07/28","大昌-樹林",1,0,1
"4020","1570力肯","110/07/28","華南永昌-高雄",0,2,-2
"4021","2929淘帝","110/07/28","日盛-八德",40,0,40
"4022","2929淘帝","110/07/28","凱基-林口",0,150,-150
"4023","2929淘帝","110/07/28","玉山-新竹",30,0,30
"4024","2929淘帝","110/07/28","日盛-台中",0,35,-35
"4025","2929淘帝","110/07/28","國泰-松江",33,3,30
"4026","2929淘帝","110/07/28","永豐金-永康",0,21,-21
"4027","2929淘帝","110/07/28","元大-民生",28,0,28
"4028","2929淘帝","110/07/28","新加坡商瑞銀",13,32,-19
"4029","2929淘帝","110/07/28","合庫-高雄",21,0,21
"4030","2929淘帝","110/07/28","國泰-敦南",2,20,-18
"4031","2929淘帝","110/07/28","華南永昌",20,0,20
"4032","2929淘帝","110/07/28","臺銀",2,17,-15
"4033","2929淘帝","110/07/28","台新證券",12,0,12
"4034","2929淘帝","110/07/28","群益金鼎-敦南",0,13,-13
"4035","2929淘帝","110/07/28","第一金-大稻埕",10,0,10
"4036","2929淘帝","110/07/28","富邦-建國",1,13,-12
"4037","2929淘帝","110/07/28","華南永昌-台中",10,0,10
"4038","2929淘帝","110/07/28","元富-城東",0,10,-10
"4039","2929淘帝","110/07/28","元大-士林",10,0,10
"4040","2929淘帝","110/07/28","兆豐-景美",0,8,-8
"4041","2929淘帝","110/07/28","元大-屏南",10,0,10
"4042","2929淘帝","110/07/28","美林",3,10,-7
"4043","2929淘帝","110/07/28","元大-員林",10,0,10
"4044","2929淘帝","110/07/28","元富-彰化",0,7,-7
"4045","2929淘帝","110/07/28","新光-桃園",9,0,9
"4046","2929淘帝","110/07/28","港商法國興業",0,6,-6
"4047","2929淘帝","110/07/28","日盛-景美",7,0,7
"4048","2929淘帝","110/07/28","新光-高雄",0,6,-6
"4049","2929淘帝","110/07/28","玉山證券",7,0,7
"4050","2929淘帝","110/07/28","港商野村",3,8,-5
"4051","5410國眾","110/07/28","兆豐-城中",38,0,38
"4052","5410國眾","110/07/28","兆豐-南門",3,80,-77
"4053","5410國眾","110/07/28","大展",20,0,20
"4054","5410國眾","110/07/28","摩根大通",12,56,-44
"4055","5410國眾","110/07/28","新光-桃園",20,0,20
"4056","5410國眾","110/07/28","凱基-台北",0,28,-28
"4057","5410國眾","110/07/28","凱基-竹北",20,0,20
"4058","5410國眾","110/07/28","亞東-板橋",0,20,-20
"4059","5410國眾","110/07/28","元大-新莊",17,0,17
"4060","5410國眾","110/07/28","統一-新台中",0,20,-20
"4061","5410國眾","110/07/28","新光",20,8,12
"4062","5410國眾","110/07/28","瑞士信貸",0,16,-16
"4063","5410國眾","110/07/28","國泰-敦南",11,0,11
"4064","5410國眾","110/07/28","新加坡商瑞銀",0,15,-15
"4065","5410國眾","110/07/28","日盛-內湖",10,0,10
"4066","5410國眾","110/07/28","統一-金門",0,15,-15
"4067","5410國眾","110/07/28","元富-新竹",10,0,10
"4068","5410國眾","110/07/28","元大-北投",0,12,-12
"4069","5410國眾","110/07/28","群益金鼎-永和",10,0,10
"4070","5410國眾","110/07/28","新百王",0,10,-10
"4071","5410國眾","110/07/28","華南永昌-中正",10,0,10
"4072","5410國眾","110/07/28","元大-館前",0,10,-10
"4073","5410國眾","110/07/28","元大-旗山",10,0,10
"4074","5410國眾","110/07/28","元富-安南",0,9,-9
"4075","5410國眾","110/07/28","元大-大天母",10,0,10
"4076","5410國眾","110/07/28","元大-龍潭",1,10,-9
"4077","5410國眾","110/07/28","大昌",9,0,9
"4078","5410國眾","110/07/28","港商野村",1,7,-6
"4079","5410國眾","110/07/28","臺銀-鳳山",8,0,8
"4080","5410國眾","110/07/28","元大-東泰",0,6,-6
"4081","2841台開","110/07/28","台新-台中",36,0,36
"4082","2841台開","110/07/28","元大-大雅",0,90,-90
"4083","2841台開","110/07/28","群益金鼎-大甲",24,0,24
"4084","2841台開","110/07/28","凱基-台北",0,73,-73
"4085","2841台開","110/07/28","永豐金-敦南",29,8,21
"4086","2841台開","110/07/28","港商野村",0,27,-27
"4087","2841台開","110/07/28","第一金-台中",20,0,20
"4088","2841台開","110/07/28","大慶-富順",0,20,-20
"4089","2841台開","110/07/28","元富-烏日",20,0,20
"4090","2841台開","110/07/28","豐農",0,17,-17
"4091","2841台開","110/07/28","元大-歸仁",20,0,20
"4092","2841台開","110/07/28","元大-大里德芳",0,15,-15
"4093","2841台開","110/07/28","永豐金-豐原",20,0,20
"4094","2841台開","110/07/28","日盛-大墩",0,10,-10
"4095","2841台開","110/07/28","日盛-花蓮",15,0,15
"4096","2841台開","110/07/28","元大-博愛",0,10,-10
"4097","2841台開","110/07/28","大昌-安康",18,3,15
"4098","2841台開","110/07/28","元大-豐原站前",0,10,-10
"4099","2841台開","110/07/28","陽信-石牌",13,0,13
"4100","2841台開","110/07/28","台新證券",6,13,-7
"4101","2841台開","110/07/28","台灣摩根士丹利",10,0,10
"4102","2841台開","110/07/28","台中銀",0,5,-5
"4103","2841台開","110/07/28","台新-高雄",10,0,10
"4104","2841台開","110/07/28","中國信託-中壢",0,5,-5
"4105","2841台開","110/07/28","國泰-忠孝",10,0,10
"4106","2841台開","110/07/28","元大-大同",0,5,-5
"4107","2841台開","110/07/28","元大-竹南",10,0,10
"4108","2841台開","110/07/28","元大-大益",0,4,-4
"4109","2841台開","110/07/28","元大-屏南",9,0,9
"4110","2841台開","110/07/28","元富-松德",0,3,-3
"4111","6207雷科","110/07/28","新加坡商瑞銀",153,44,109
"4112","6207雷科","110/07/28","康和-延平",0,48,-48
"4113","6207雷科","110/07/28","摩根大通",219,131,88
"4114","6207雷科","110/07/28","元富-大昌",0,33,-33
"4115","6207雷科","110/07/28","康和-台中",70,0,70
"4116","6207雷科","110/07/28","聯邦商銀",0,30,-30
"4117","6207雷科","110/07/28","凱基-台北",112,49,63
"4118","6207雷科","110/07/28","兆豐-三民",1,30,-29
"4119","6207雷科","110/07/28","凱基-復興",63,3,60
"4120","6207雷科","110/07/28","元大-龍潭",0,25,-25
"4121","6207雷科","110/07/28","群益金鼎-三民",59,8,51
"4122","6207雷科","110/07/28","宏遠證券",0,23,-23
"4123","6207雷科","110/07/28","永豐金-羅東",50,0,50
"4124","6207雷科","110/07/28","大昌-桃園",15,36,-21
"4125","6207雷科","110/07/28","美林",46,3,43
"4126","6207雷科","110/07/28","國泰-桃園",0,21,-21
"4127","6207雷科","110/07/28","群益金鼎-敦南",51,16,35
"4128","6207雷科","110/07/28","凱基-中壢",0,21,-21
"4129","6207雷科","110/07/28","日盛-忠孝",31,0,31
"4130","6207雷科","110/07/28","富邦-台北",4,24,-20
"4131","6207雷科","110/07/28","港商野村",32,8,24
"4132","6207雷科","110/07/28","臺銀-臺南",0,19,-19
"4133","6207雷科","110/07/28","群益金鼎-東門",22,0,22
"4134","6207雷科","110/07/28","新光",5,24,-19
"4135","6207雷科","110/07/28","統一-高雄",41,20,21
"4136","6207雷科","110/07/28","群益金鼎-大甲",1,20,-19
"4137","6207雷科","110/07/28","群益金鼎-延平",21,0,21
"4138","6207雷科","110/07/28","元大-中壢",10,28,-18
"4139","6207雷科","110/07/28","彰銀-台中",20,0,20
"4140","6207雷科","110/07/28","永豐金-北高雄",3,20,-17
"4141","3679新至陞","110/07/28","華南永昌-淡水",10,0,10
"4142","3679新至陞","110/07/28","瑞士信貸",0,25,-25
"4143","3679新至陞","110/07/28","富邦-嘉義",10,0,10
"4144","3679新至陞","110/07/28","凱基-台北",6,14,-8
"4145","3679新至陞","110/07/28","台中銀-員林",11,2,9
"4146","3679新至陞","110/07/28","美林",5,12,-7
"4147","3679新至陞","110/07/28","大昌-樹林",7,0,7
"4148","3679新至陞","110/07/28","摩根大通",5,11,-6
"4149","3679新至陞","110/07/28","康和-澎湖",5,0,5
"4150","3679新至陞","110/07/28","兆豐-新莊",0,5,-5
"4151","3679新至陞","110/07/28","富邦-台北",5,0,5
"4152","3679新至陞","110/07/28","群益金鼎-新莊",0,5,-5
"4153","3679新至陞","110/07/28","元大-成功",5,0,5
"4154","3679新至陞","110/07/28","台灣摩根士丹利",0,4,-4
"4155","3679新至陞","110/07/28","新加坡商瑞銀",3,0,3
"4156","3679新至陞","110/07/28","日盛-新竹",0,3,-3
"4157","3679新至陞","110/07/28","中國信託-新竹",3,0,3
"4158","3679新至陞","110/07/28","群益金鼎-東門",0,3,-3
"4159","3679新至陞","110/07/28","元大-新莊",3,0,3
"4160","3679新至陞","110/07/28","元大證券",0,3,-3
"4161","3679新至陞","110/07/28","宏遠-光隆",2,0,2
"4162","3679新至陞","110/07/28","元大-忠孝",0,3,-3
"4163","3679新至陞","110/07/28","大慶-蘆洲",2,0,2
"4164","3679新至陞","110/07/28","合庫-西台中",0,2,-2
"4165","3679新至陞","110/07/28","台新-左楠",2,0,2
"4166","3679新至陞","110/07/28","日盛-板橋",0,2,-2
"4167","3679新至陞","110/07/28","群益金鼎-三重",2,0,2
"4168","3679新至陞","110/07/28","國票-桃園",0,2,-2
"4169","3679新至陞","110/07/28","華南永昌-高雄",2,0,2
"4170","3679新至陞","110/07/28","台新-台南",0,2,-2
"4171","2727王品","110/07/28","凱基-台北",139,50,89
"4172","2727王品","110/07/28","新光-台中",9,68,-59
"4173","2727王品","110/07/28","美林",77,10,67
"4174","2727王品","110/07/28","瑞士信貸",16,54,-38
"4175","2727王品","110/07/28","港商野村",118,64,54
"4176","2727王品","110/07/28","華南永昌",4,41,-37
"4177","2727王品","110/07/28","國泰-敦南",51,30,21
"4178","2727王品","110/07/28","美商高盛",2,30,-28
"4179","2727王品","110/07/28","新加坡商瑞銀",58,38,20
"4180","2727王品","110/07/28","富邦-板橋",17,38,-21
"4181","2727王品","110/07/28","永豐金-中盛",24,4,20
"4182","2727王品","110/07/28","富邦-竹北",0,20,-20
"4183","2727王品","110/07/28","元大-南崁",20,2,18
"4184","2727王品","110/07/28","元大-小港",1,21,-20
"4185","2727王品","110/07/28","摩根大通",48,32,16
"4186","2727王品","110/07/28","凱基",0,18,-18
"4187","2727王品","110/07/28","臺銀-高雄",14,0,14
"4188","2727王品","110/07/28","統一",15,31,-16
"4189","2727王品","110/07/28","永豐金-桃盛",19,5,14
"4190","2727王品","110/07/28","國泰-台中",12,28,-16
"4191","2727王品","110/07/28","凱基-內湖",13,0,13
"4192","2727王品","110/07/28","元大-台中",7,22,-15
"4193","2727王品","110/07/28","永豐金-中正",15,2,13
"4194","2727王品","110/07/28","華南永昌-麻豆",0,14,-14
"4195","2727王品","110/07/28","富邦-建國",18,7,11
"4196","2727王品","110/07/28","永豐金-豐原",1,15,-14
"4197","2727王品","110/07/28","富邦-陽明",15,5,10
"4198","2727王品","110/07/28","國票-內壢",1,14,-13
"4199","2727王品","110/07/28","元大-南京",10,0,10
"4200","2727王品","110/07/28","永豐金證券",2,15,-13
"4201","1570力肯","110/07/28","國泰-敦南",50,0,50
"4202","1570力肯","110/07/28","元大-高雄",0,42,-42
"4203","1570力肯","110/07/28","群益金鼎-高雄",31,0,31
"4204","1570力肯","110/07/28","國票-新莊",0,14,-14
"4205","1570力肯","110/07/28","元富-延平",15,0,15
"4206","1570力肯","110/07/28","凱基-站前",0,10,-10
"4207","1570力肯","110/07/28","(牛牛牛)亞-鑫豐",10,0,10
"4208","1570力肯","110/07/28","凱基-台北",0,10,-10
"4209","1570力肯","110/07/28","元富-緯城",6,0,6
"4210","1570力肯","110/07/28","元大-忠孝",0,10,-10
"4211","1570力肯","110/07/28","合庫-自強",5,0,5
"4212","1570力肯","110/07/28","台灣摩根士丹利",0,9,-9
"4213","1570力肯","110/07/28","臺銀-臺南",4,0,4
"4214","1570力肯","110/07/28","群益金鼎-板橋",0,8,-8
"4215","1570力肯","110/07/28","兆豐-台中港",3,0,3
"4216","1570力肯","110/07/28","永豐金-大園",0,7,-7
"4217","1570力肯","110/07/28","日盛-板橋",2,0,2
"4218","1570力肯","110/07/28","元大-台南",0,5,-5
"4219","1570力肯","110/07/28","統一-松江",2,0,2
"4220","1570力肯","110/07/28","合庫-台中",0,4,-4
"4221","1570力肯","110/07/28","台新-三民",2,0,2
"4222","1570力肯","110/07/28","富邦-板橋",0,3,-3
"4223","1570力肯","110/07/28","群益金鼎-土城",2,0,2
"4224","1570力肯","110/07/28","元大-板橋",0,3,-3
"4225","1570力肯","110/07/28","元大-和平",2,0,2
"4226","1570力肯","110/07/28","統一-桃園",0,2,-2
"4227","1570力肯","110/07/28","元大-土城永寧",2,0,2
"4228","1570力肯","110/07/28","凱基-三多",0,2,-2
"4229","1570力肯","110/07/28","大昌-樹林",1,0,1
"4230","1570力肯","110/07/28","華南永昌-高雄",0,2,-2
"4231","6180橘子","110/07/28","凱基-台北",152,85,67
"4232","6180橘子","110/07/28","摩根大通",20,92,-72
"4233","6180橘子","110/07/28","新光",57,18,39
"4234","6180橘子","110/07/28","大慶-台中",0,33,-33
"4235","6180橘子","110/07/28","美商高盛",49,12,37
"4236","6180橘子","110/07/28","兆豐證券",0,25,-25
"4237","6180橘子","110/07/28","第一金-安和",20,0,20
"4238","6180橘子","110/07/28","元大-上新莊",0,22,-22
"4239","6180橘子","110/07/28","元富-桃園",20,0,20
"4240","6180橘子","110/07/28","新加坡商瑞銀",23,44,-21
"4241","6180橘子","110/07/28","第一金-員林",19,0,19
"4242","6180橘子","110/07/28","富邦-內湖",0,21,-21
"4243","6180橘子","110/07/28","富邦-嘉義",22,4,18
"4244","6180橘子","110/07/28","第一金-新興",0,20,-20
"4245","6180橘子","110/07/28","統一-嘉義",16,0,16
"4246","6180橘子","110/07/28","臺銀-臺南",5,22,-17
"4247","6180橘子","110/07/28","國票-九鼎",15,0,15
"4248","6180橘子","110/07/28","第一金-忠孝",0,10,-10
"4249","6180橘子","110/07/28","華南永昌-朴子",14,0,14
"4250","6180橘子","110/07/28","元富-屏東",0,10,-10
"4251","6180橘子","110/07/28","群益金鼎-台南",13,0,13
"4252","6180橘子","110/07/28","凱基-八德",1,11,-10
"4253","6180橘子","110/07/28","富邦-建國",13,1,12
"4254","6180橘子","110/07/28","元大-和平",1,11,-10
"4255","6180橘子","110/07/28","富邦-板橋",16,5,11
"4256","6180橘子","110/07/28","元大-台中中港",0,10,-10
"4257","6180橘子","110/07/28","元富-新店",10,0,10
"4258","6180橘子","110/07/28","元大-南屯",0,9,-9
"4259","6180橘子","110/07/28","元大-台南",10,0,10
"4260","6180橘子","110/07/28","永豐金-屏東",0,9,-9
"4261","2390云辰","110/07/28","摩根大通",1589,780,809
"4262","2390云辰","110/07/28","華南永昌-鳳山",34,290,-256
"4263","2390云辰","110/07/28","凱基-台北",457,300,157
"4264","2390云辰","110/07/28","凱基-基隆",0,224,-224
"4265","2390云辰","110/07/28","美林",330,206,124
"4266","2390云辰","110/07/28","元富-高雄",56,177,-121
"4267","2390云辰","110/07/28","元富-同大",159,35,124
"4268","2390云辰","110/07/28","元富-中港",1,100,-99
"4269","2390云辰","110/07/28","台灣摩根士丹利",193,71,122
"4270","2390云辰","110/07/28","兆豐-公益",4,100,-96
"4271","2390云辰","110/07/28","元大-前金",150,49,101
"4272","2390云辰","110/07/28","統一-新台中",180,274,-94
"4273","2390云辰","110/07/28","永豐金-鳳山",110,18,92
"4274","2390云辰","110/07/28","日盛-新莊",4,76,-72
"4275","2390云辰","110/07/28","元大-林園",99,11,88
"4276","2390云辰","110/07/28","永豐金-新店",0,57,-57
"4277","2390云辰","110/07/28","元大-信義",121,35,86
"4278","2390云辰","110/07/28","華南永昌-內壢",0,56,-56
"4279","2390云辰","110/07/28","美商高盛",206,123,83
"4280","2390云辰","110/07/28","第一金-豐原",9,63,-54
"4281","2390云辰","110/07/28","統一-城中",101,37,64
"4282","2390云辰","110/07/28","華南永昌-中正",13,67,-54
"4283","2390云辰","110/07/28","元大-竹山",75,20,55
"4284","2390云辰","110/07/28","元大-大益",7,59,-52
"4285","2390云辰","110/07/28","豐農",79,25,54
"4286","2390云辰","110/07/28","大慶",0,50,-50
"4287","2390云辰","110/07/28","新加坡商瑞銀",68,15,53
"4288","2390云辰","110/07/28","凱基-豐中",3,49,-46
"4289","2390云辰","110/07/28","統一-屏東",54,5,49
"4290","2390云辰","110/07/28","元大-彰化民生",7,51,-44
"4291","1471首利","110/07/27","永全-八德",50,0,50
"4292","1471首利","110/07/27","國票-九鼎",0,306,-306
"4293","1471首利","110/07/27","中國信託-松江",48,0,48
"4294","1471首利","110/07/27","兆豐-天母",1,115,-114
"4295","1471首利","110/07/27","富邦-嘉義",40,0,40
"4296","1471首利","110/07/27","美林",0,42,-42
"4297","1471首利","110/07/27","富邦-台南",33,0,33
"4298","1471首利","110/07/27","摩根大通",45,75,-30
"4299","1471首利","110/07/27","(牛牛牛)亞-鑫豐",32,0,32
"4300","1471首利","110/07/27","凱基-八德",0,30,-30
"4301","1471首利","110/07/27","台灣企銀-太平",25,0,25
"4302","1471首利","110/07/27","中國信託-高雄",0,25,-25
"4303","1471首利","110/07/27","群益金鼎-台中",23,0,23
"4304","1471首利","110/07/27","統一-新台中",0,24,-24
"4305","1471首利","110/07/27","元富-潮州",20,0,20
"4306","1471首利","110/07/27","聯邦-高雄",0,21,-21
"4307","1471首利","110/07/27","凱基-信義",20,0,20
"4308","1471首利","110/07/27","德信-中正",0,20,-20
"4309","1471首利","110/07/27","富邦-基隆",26,8,18
"4310","1471首利","110/07/27","元大-福營",3,20,-17
"4311","1471首利","110/07/27","日盛-高雄",17,0,17
"4312","1471首利","110/07/27","凱基-宜蘭",0,16,-16
"4313","1471首利","110/07/27","國泰-敦南",16,2,14
"4314","1471首利","110/07/27","凱基-天母",0,15,-15
"4315","1471首利","110/07/27","元大-大甲",13,0,13
"4316","1471首利","110/07/27","第一金-高雄",6,20,-14
"4317","1471首利","110/07/27","合庫-鳳山",12,0,12
"4318","1471首利","110/07/27","元大-中壢",0,13,-13
"4319","1471首利","110/07/27","日盛-大墩",12,0,12
"4320","1471首利","110/07/27","元富-安南",0,12,-12
"4321","2883開發金","110/07/27","元富",1762,67,1695
"4322","2883開發金","110/07/27","美林",0,11931,-11931
"4323","2883開發金","110/07/27","福邦證券",1450,0,1450
"4324","2883開發金","110/07/27","新加坡商瑞銀",1513,8370,-6857
"4325","2883開發金","110/07/27","凱基",1422,0,1422
"4326","2883開發金","110/07/27","凱基-台北",1081,5265,-4184
"4327","2883開發金","110/07/27","瑞士信貸",2044,731,1313
"4328","2883開發金","110/07/27","摩根大通",612,3392,-2780
"4329","2883開發金","110/07/27","台灣摩根士丹利",2112,921,1191
"4330","2883開發金","110/07/27","統一-仁愛",31,2002,-1971
"4331","2883開發金","110/07/27","新光",1474,461,1013
"4332","2883開發金","110/07/27","兆豐證券",192,1910,-1718
"4333","2883開發金","110/07/27","國票-長城",1003,20,983
"4334","2883開發金","110/07/27","(牛牛牛)亞-鑫豐",276,1815,-1539
"4335","2883開發金","110/07/27","台新證券",1207,362,845
"4336","2883開發金","110/07/27","永豐金-板橋",197,1610,-1413
"4337","2883開發金","110/07/27","港商野村",2209,1498,711
"4338","2883開發金","110/07/27","美商高盛",16,1337,-1321
"4339","2883開發金","110/07/27","永豐金-彰化",680,26,654
"4340","2883開發金","110/07/27","兆豐-北高雄",60,1360,-1300
"4341","2883開發金","110/07/27","台新-高雄",918,265,653
"4342","2883開發金","110/07/27","兆豐-景美",26,1070,-1044
"4343","2883開發金","110/07/27","國泰-敦南",1273,634,639
"4344","2883開發金","110/07/27","亞東-新竹",7,1001,-994
"4345","2883開發金","110/07/27","元大證券",876,246,630
"4346","2883開發金","110/07/27","富邦-羅東",201,1098,-897
"4347","2883開發金","110/07/27","致和證券",684,92,592
"4348","2883開發金","110/07/27","統一",159,811,-652
"4349","2883開發金","110/07/27","元大-民生",550,2,548
"4350","2883開發金","110/07/27","香港上海匯豐",0,584,-584
"4351","6205詮欣","110/07/27","土銀-和平",20,0,20
"4352","6205詮欣","110/07/27","摩根大通",3,22,-19
"4353","6205詮欣","110/07/27","臺銀-民權",20,6,14
"4354","6205詮欣","110/07/27","瑞士信貸",5,16,-11
"4355","6205詮欣","110/07/27","台新證券",5,0,5
"4356","6205詮欣","110/07/27","臺銀-鳳山",0,6,-6
"4357","6205詮欣","110/07/27","華南永昌-小港",5,0,5
"4358","6205詮欣","110/07/27","臺銀-新竹",0,5,-5
"4359","6205詮欣","110/07/27","日盛-新莊",4,0,4
"4360","6205詮欣","110/07/27","國票-和平",0,4,-4
"4361","6205詮欣","110/07/27","元富-三重",4,0,4
"4362","6205詮欣","110/07/27","凱基-東門",0,4,-4
"4363","6205詮欣","110/07/27","致和-佳里",4,1,3
"4364","6205詮欣","110/07/27","富邦-花蓮",0,3,-3
"4365","6205詮欣","110/07/27","華南永昌-岡山",3,0,3
"4366","6205詮欣","110/07/27","元大-北投",0,3,-3
"4367","6205詮欣","110/07/27","元大-成功",3,0,3
"4368","6205詮欣","110/07/27","元大-民生",2,5,-3
"4369","6205詮欣","110/07/27","土銀-嘉義",2,0,2
"4370","6205詮欣","110/07/27","日盛-三重",0,2,-2
"4371","6205詮欣","110/07/27","第一金-光復",2,0,2
"4372","6205詮欣","110/07/27","日盛-北高雄",0,2,-2
"4373","6205詮欣","110/07/27","統一-屏東",2,0,2
"4374","6205詮欣","110/07/27","港商野村",0,2,-2
"4375","6205詮欣","110/07/27","元富-新莊",2,0,2
"4376","6205詮欣","110/07/27","統一-彰化",0,2,-2
"4377","6205詮欣","110/07/27","兆豐-竹北",2,0,2
"4378","6205詮欣","110/07/27","永全",0,2,-2
"4379","6205詮欣","110/07/27","新光",2,0,2
"4380","6205詮欣","110/07/27","兆豐-西螺",0,2,-2
"4381","1540喬福","110/07/27","富邦-員林",10,0,10
"4382","1540喬福","110/07/27","合庫-台中",0,26,-26
"4383","1540喬福","110/07/27","元大-中壢",10,0,10
"4384","1540喬福","110/07/27","統一-新台中",0,25,-25
"4385","1540喬福","110/07/27","凱基-台中",8,0,8
"4386","1540喬福","110/07/27","元大-斗六",0,10,-10
"4387","1540喬福","110/07/27","大慶-中壢",5,0,5
"4388","1540喬福","110/07/27","凱基-中港",0,9,-9
"4389","1540喬福","110/07/27","兆豐-北高雄",5,0,5
"4390","1540喬福","110/07/27","國票-中正",0,8,-8
"4391","1540喬福","110/07/27","兆豐-三民",5,0,5
"4392","1540喬福","110/07/27","臺銀-臺中",0,5,-5
"4393","1540喬福","110/07/27","台新-台中",5,0,5
"4394","1540喬福","110/07/27","元富-中原",0,5,-5
"4395","1540喬福","110/07/27","國票-九鼎",4,0,4
"4396","1540喬福","110/07/27","新光-桃園",0,5,-5
"4397","1540喬福","110/07/27","富邦-高雄",5,1,4
"4398","1540喬福","110/07/27","大昌-新竹",0,4,-4
"4399","1540喬福","110/07/27","永豐金-羅東",4,0,4
"4400","1540喬福","110/07/27","元大-員林中山",0,4,-4
"4401","1540喬福","110/07/27","台新證券",3,0,3
"4402","1540喬福","110/07/27","群益金鼎-瑞豐",0,3,-3
"4403","1540喬福","110/07/27","華南永昌-台中",3,0,3
"4404","1540喬福","110/07/27","凱基-台北",0,3,-3
"4405","1540喬福","110/07/27","富邦-台東",3,0,3
"4406","1540喬福","110/07/27","富邦-建國",0,3,-3
"4407","1540喬福","110/07/27","元大-台中中港",3,0,3
"4408","1540喬福","110/07/27","國票-北投",0,2,-2
"4409","1540喬福","110/07/27","亞東",2,0,2
"4410","1540喬福","110/07/27","元大-鳳山",0,2,-2
"4411","2888新光金","110/07/27","台灣摩根士丹利",11737,746,10991
"4412","2888新光金","110/07/27","玉山-城中",112,6002,-5890
"4413","2888新光金","110/07/27","美林",3692,417,3275
"4414","2888新光金","110/07/27","新加坡商瑞銀",120,5935,-5815
"4415","2888新光金","110/07/27","凱基-台北",4378,2713,1665
"4416","2888新光金","110/07/27","摩根大通",1586,7187,-5601
"4417","2888新光金","110/07/27","凱基-台南",1551,3,1548
"4418","2888新光金","110/07/27","富邦-建國",298,5641,-5343
"4419","2888新光金","110/07/27","台新證券",1494,124,1370
"4420","2888新光金","110/07/27","第一金-高雄",81,5014,-4933
"4421","2888新光金","110/07/27","新光",2434,1212,1222
"4422","2888新光金","110/07/27","瑞士信貸",191,4524,-4333
"4423","2888新光金","110/07/27","元大-四維",1246,25,1221
"4424","2888新光金","110/07/27","兆豐-鹿港",45,2632,-2587
"4425","2888新光金","110/07/27","富隆-長安",1070,0,1070
"4426","2888新光金","110/07/27","國票-彰化",3,1803,-1800
"4427","2888新光金","110/07/27","永豐金-萬盛",1052,0,1052
"4428","2888新光金","110/07/27","港商野村",0,1434,-1434
"4429","2888新光金","110/07/27","法銀巴黎",1116,120,996
"4430","2888新光金","110/07/27","統一-高雄",173,1511,-1338
"4431","2888新光金","110/07/27","凱基-竹科",853,4,849
"4432","2888新光金","110/07/27","群益金鼎-古亭",40,1202,-1162
"4433","2888新光金","110/07/27","元大-斗信",874,50,824
"4434","2888新光金","110/07/27","日盛-樹林",34,1034,-1000
"4435","2888新光金","110/07/27","日盛-景美",811,119,692
"4436","2888新光金","110/07/27","統一-土城",18,1000,-982
"4437","2888新光金","110/07/27","元富-世貿",568,2,566
"4438","2888新光金","110/07/27","元大-鹿港",125,1057,-932
"4439","2888新光金","110/07/27","日盛-雙和",567,2,565
"4440","2888新光金","110/07/27","新光-桃園",91,993,-902
"4441","1340勝悅","110/07/27","亞東-台中",15,0,15
"4442","1340勝悅","110/07/27","凱基-岡山",0,25,-25
"4443","1340勝悅","110/07/27","元大-路竹",15,0,15
"4444","1340勝悅","110/07/27","合庫-嘉義",0,14,-14
"4445","1340勝悅","110/07/27","臺銀-臺中",7,0,7
"4446","1340勝悅","110/07/27","元大-北港",0,14,-14
"4447","1340勝悅","110/07/27","台新-台中",7,0,7
"4448","1340勝悅","110/07/27","凱基-台北",0,12,-12
"4449","1340勝悅","110/07/27","元大-屏南",6,0,6
"4450","1340勝悅","110/07/27","兆豐-三民",0,7,-7
"4451","1340勝悅","110/07/27","臺灣企銀-埔墘",5,0,5
"4452","1340勝悅","110/07/27","華南永昌-台中",1,7,-6
"4453","1340勝悅","110/07/27","日盛-板橋",5,0,5
"4454","1340勝悅","110/07/27","日盛-信義",0,5,-5
"4455","1340勝悅","110/07/27","日盛-新莊",5,0,5
"4456","1340勝悅","110/07/27","德信-和平",0,5,-5
"4457","1340勝悅","110/07/27","臺銀-鳳山",4,0,4
"4458","1340勝悅","110/07/27","台新證券",0,5,-5
"4459","1340勝悅","110/07/27","玉山-城中",4,0,4
"4460","1340勝悅","110/07/27","新光-高雄",0,4,-4
"4461","1340勝悅","110/07/27","美商高盛",3,0,3
"4462","1340勝悅","110/07/27","瑞士信貸",0,2,-2
"4463","1340勝悅","110/07/27","(牛牛牛)亞-鑫豐",3,0,3
"4464","1340勝悅","110/07/27","港商野村",0,2,-2
"4465","1340勝悅","110/07/27","國票-長城",2,0,2
"4466","1340勝悅","110/07/27","台新-高雄",1,3,-2
"4467","1340勝悅","110/07/27","新光",2,0,2
"4468","1340勝悅","110/07/27","玉山證券",0,2,-2
"4469","1340勝悅","110/07/27","群益金鼎-館前",2,0,2
"4470","1340勝悅","110/07/27","玉山-南京東路",0,2,-2
"4471","6246臺龍","110/07/27","永豐金-桃園",135,0,135
"4472","6246臺龍","110/07/27","元大-木柵",0,59,-59
"4473","6246臺龍","110/07/27","港商野村",111,30,81
"4474","6246臺龍","110/07/27","日盛-景美",0,52,-52
"4475","6246臺龍","110/07/27","元大-西螺",31,0,31
"4476","6246臺龍","110/07/27","華南永昌-彰化",0,46,-46
"4477","6246臺龍","110/07/27","群益金鼎-鳳山",27,0,27
"4478","6246臺龍","110/07/27","兆豐-松德",0,43,-43
"4479","6246臺龍","110/07/27","永豐金-虎尾",27,0,27
"4480","6246臺龍","110/07/27","華南永昌-公誠",5,35,-30
"4481","6246臺龍","110/07/27","玉山-台南",28,2,26
"4482","6246臺龍","110/07/27","凱基-幸福",0,28,-28
"4483","6246臺龍","110/07/27","元大-西屯",25,0,25
"4484","6246臺龍","110/07/27","元富-安南",0,22,-22
"4485","6246臺龍","110/07/27","國泰-忠孝",23,0,23
"4486","6246臺龍","110/07/27","日盛-文化",0,20,-20
"4487","6246臺龍","110/07/27","元大-大里",21,0,21
"4488","6246臺龍","110/07/27","兆豐-寶成",0,20,-20
"4489","6246臺龍","110/07/27","兆豐-竹北",20,0,20
"4490","6246臺龍","110/07/27","華南永昌-虎尾",0,20,-20
"4491","6246臺龍","110/07/27","元大-員林",20,0,20
"4492","6246臺龍","110/07/27","永豐金-埔里",0,19,-19
"4493","6246臺龍","110/07/27","永豐金-敦南",20,0,20
"4494","6246臺龍","110/07/27","兆豐-新營",2,20,-18
"4495","6246臺龍","110/07/27","永豐金-羅東",23,5,18
"4496","6246臺龍","110/07/27","新光-台中",3,20,-17
"4497","6246臺龍","110/07/27","永豐金-桃盛",18,0,18
"4498","6246臺龍","110/07/27","凱基-市政",0,17,-17
"4499","6246臺龍","110/07/27","統一",16,0,16
"4500","6246臺龍","110/07/27","元大-蘆洲",0,16,-16
"4501","00715L期街口布蘭特正2","110/07/27","元大證券",10436,28,10408
"4502","00715L期街口布蘭特正2","110/07/27","元大-萬華",0,751,-751
"4503","00715L期街口布蘭特正2","110/07/27","凱基-台北",4269,129,4140
"4504","00715L期街口布蘭特正2","110/07/27","元大-大里德芳",0,734,-734
"4505","00715L期街口布蘭特正2","110/07/27","群益金鼎",3798,0,3798
"4506","00715L期街口布蘭特正2","110/07/27","新光",380,1105,-725
"4507","00715L期街口布蘭特正2","110/07/27","永豐金證券",2610,22,2588
"4508","00715L期街口布蘭特正2","110/07/27","(牛牛牛)亞-網路",10,697,-687
"4509","00715L期街口布蘭特正2","110/07/27","國票",2605,21,2584
"4510","00715L期街口布蘭特正2","110/07/27","日盛-新莊",5,550,-545
"4511","00715L期街口布蘭特正2","110/07/27","富邦證券",1522,0,1522
"4512","00715L期街口布蘭特正2","110/07/27","玉山-高雄",7,494,-487
"4513","00715L期街口布蘭特正2","110/07/27","合庫證券",1507,239,1268
"4514","00715L期街口布蘭特正2","110/07/27","華南永昌",1,471,-470
"4515","00715L期街口布蘭特正2","110/07/27","元富",1102,0,1102
"4516","00715L期街口布蘭特正2","110/07/27","華南永昌-竹北",0,469,-469
"4517","00715L期街口布蘭特正2","110/07/27","凱基",980,0,980
"4518","00715L期街口布蘭特正2","110/07/27","兆豐-嘉義",0,420,-420
"4519","00715L期街口布蘭特正2","110/07/27","國票-博愛",702,0,702
"4520","00715L期街口布蘭特正2","110/07/27","國票-九鼎",0,409,-409
"4521","00715L期街口布蘭特正2","110/07/27","統一",796,117,679
"4522","00715L期街口布蘭特正2","110/07/27","統一-高雄",0,405,-405
"4523","00715L期街口布蘭特正2","110/07/27","華南永昌-長虹",810,185,625
"4524","00715L期街口布蘭特正2","110/07/27","富邦-彰化",0,402,-402
"4525","00715L期街口布蘭特正2","110/07/27","港商野村",1076,494,582
"4526","00715L期街口布蘭特正2","110/07/27","元大-羅東",0,400,-400
"4527","00715L期街口布蘭特正2","110/07/27","永豐金-三重",500,16,484
"4528","00715L期街口布蘭特正2","110/07/27","富邦-高雄",0,398,-398
"4529","00715L期街口布蘭特正2","110/07/27","元大-敦化",420,0,420
"4530","00715L期街口布蘭特正2","110/07/27","新光-台中",17,391,-374
"4531","8941關中","110/07/27","富邦-仁愛",4,0,4
"4532","8941關中","110/07/27","光和-溪湖",0,2,-2
"4533","8941關中","110/07/27","日盛-新莊",1,0,1
"4534","8941關中","110/07/27","富邦-園區",0,2,-2
"4535","8941關中","110/07/27","台新-高雄",1,0,1
"4536","8941關中","110/07/27","合庫-高雄",0,1,-1
"4537","8941關中","110/07/27","元大-金華",1,0,1
"4538","8941關中","110/07/27","凱基-台北",0,1,-1
"4539","8941關中","110/07/27","臺銀-鳳山",0,0,0
"4540","8941關中","110/07/27","富邦-台東",0,1,-1
"4541","8941關中","110/07/27","日盛-花蓮",0,0,0
"4542","8941關中","110/07/27","臺銀-鳳山",0,0,0
"4543","8941關中","110/07/27","康和-板橋",0,0,0
"4544","8941關中","110/07/27","日盛-花蓮",0,0,0
"4545","8941關中","110/07/27","富邦-宜蘭",0,0,0
"4546","8941關中","110/07/27","康和-板橋",0,0,0
"4547","8941關中","110/07/27","元大-新竹經國",0,0,0
"4548","8941關中","110/07/27","富邦-宜蘭",0,0,0
"4549","8941關中","110/07/27","永豐金-萬盛",0,0,0
"4550","8941關中","110/07/27","元大-新竹經國",0,0,0
"4551","8941關中","110/07/27","永豐金-桃盛",0,0,0
"4552","8941關中","110/07/27","永豐金-萬盛",0,0,0
"4553","8941關中","110/07/27","",NA,NA,NA
"4554","8941關中","110/07/27","永豐金-桃盛",0,0,0
"4555","8941關中","110/07/27","",NA,NA,NA
"4556","8941關中","110/07/27","",NA,NA,NA
"4557","8941關中","110/07/27","",NA,NA,NA
"4558","8941關中","110/07/27","",NA,NA,NA
"4559","8941關中","110/07/27","",NA,NA,NA
"4560","8941關中","110/07/27","",NA,NA,NA
"4561","8936國統","110/07/27","日盛-景美",100,0,100
"4562","8936國統","110/07/27","摩根大通",115,220,-105
"4563","8936國統","110/07/27","大慶-蘆洲",90,0,90
"4564","8936國統","110/07/27","玉山-桃園",0,75,-75
"4565","8936國統","110/07/27","台新-建北",60,0,60
"4566","8936國統","110/07/27","凱基-台北",13,77,-64
"4567","8936國統","110/07/27","日盛-忠孝",40,1,39
"4568","8936國統","110/07/27","元富-大昌",2,50,-48
"4569","8936國統","110/07/27","新加坡商瑞銀",109,71,38
"4570","8936國統","110/07/27","華南永昌-台中",4,45,-41
"4571","8936國統","110/07/27","華南永昌",30,0,30
"4572","8936國統","110/07/27","新光-台中",26,66,-40
"4573","8936國統","110/07/27","兆豐-來福",29,0,29
"4574","8936國統","110/07/27","台灣摩根士丹利",20,54,-34
"4575","8936國統","110/07/27","元大-旗山",28,0,28
"4576","8936國統","110/07/27","元大-東蘆",0,34,-34
"4577","8936國統","110/07/27","元大-松江",27,0,27
"4578","8936國統","110/07/27","富邦-仁愛",1,34,-33
"4579","8936國統","110/07/27","新光",41,19,22
"4580","8936國統","110/07/27","凱基-板橋",0,31,-31
"4581","8936國統","110/07/27","元富-林園",20,0,20
"4582","8936國統","110/07/27","凱基-信義",0,30,-30
"4583","8936國統","110/07/27","玉山-高雄",20,0,20
"4584","8936國統","110/07/27","瑞士信貸",1,30,-29
"4585","8936國統","110/07/27","凱基-桃園",23,3,20
"4586","8936國統","110/07/27","元大-花蓮",2,24,-22
"4587","8936國統","110/07/27","永豐金-永康",20,0,20
"4588","8936國統","110/07/27","元富-緯城",0,20,-20
"4589","8936國統","110/07/27","日盛-屏東",23,4,19
"4590","8936國統","110/07/27","群益金鼎-宜蘭",0,20,-20
"4591","6226光鼎","110/07/27","第一金-忠孝",405,4,401
"4592","6226光鼎","110/07/27","華南永昌-台南",5,240,-235
"4593","6226光鼎","110/07/27","台新-台中",272,75,197
"4594","6226光鼎","110/07/27","大慶-泰山",0,201,-201
"4595","6226光鼎","110/07/27","凱基-和平",155,7,148
"4596","6226光鼎","110/07/27","富邦-員林",2,151,-149
"4597","6226光鼎","110/07/27","新加坡商瑞銀",133,0,133
"4598","6226光鼎","110/07/27","群益金鼎-東大",23,165,-142
"4599","6226光鼎","110/07/27","統一-敦南",126,3,123
"4600","6226光鼎","110/07/27","元大-景美",3,132,-129
"4601","6226光鼎","110/07/27","台灣摩根士丹利",129,8,121
"4602","6226光鼎","110/07/27","台新-高雄",84,186,-102
"4603","6226光鼎","110/07/27","統一-新竹",117,1,116
"4604","6226光鼎","110/07/27","合庫證券",27,121,-94
"4605","6226光鼎","110/07/27","日盛證券",122,13,109
"4606","6226光鼎","110/07/27","致和-佳里",5,81,-76
"4607","6226光鼎","110/07/27","元大-潮州",101,1,100
"4608","6226光鼎","110/07/27","永豐金-南投",3,77,-74
"4609","6226光鼎","110/07/27","國泰-敦南",232,145,87
"4610","6226光鼎","110/07/27","台新-新莊",1,57,-56
"4611","6226光鼎","110/07/27","摩根大通",86,0,86
"4612","6226光鼎","110/07/27","日盛-中壢",11,64,-53
"4613","6226光鼎","110/07/27","元富",80,0,80
"4614","6226光鼎","110/07/27","日進",11,63,-52
"4615","6226光鼎","110/07/27","華南永昌-嘉義",80,1,79
"4616","6226光鼎","110/07/27","高橋",13,64,-51
"4617","6226光鼎","110/07/27","元大-高雄",70,3,67
"4618","6226光鼎","110/07/27","元大-土城",1,52,-51
"4619","6226光鼎","110/07/27","華南永昌",82,21,61
"4620","6226光鼎","110/07/27","華南永昌-林口",11,60,-49
"4621","2363矽統","110/07/27","國泰-敦南",541,118,423
"4622","2363矽統","110/07/27","摩根大通",317,1405,-1088
"4623","2363矽統","110/07/27","台新證券",564,333,231
"4624","2363矽統","110/07/27","美林",210,1095,-885
"4625","2363矽統","110/07/27","元大-沙鹿",196,9,187
"4626","2363矽統","110/07/27","港商野村",275,1065,-790
"4627","2363矽統","110/07/27","新光",300,151,149
"4628","2363矽統","110/07/27","凱基-台北",518,1192,-674
"4629","2363矽統","110/07/27","華南永昌-台南",108,3,105
"4630","2363矽統","110/07/27","新加坡商瑞銀",213,703,-490
"4631","2363矽統","110/07/27","華南永昌-朴子",140,43,97
"4632","2363矽統","110/07/27","富邦-南屯",6,272,-266
"4633","2363矽統","110/07/27","華南永昌-公誠",109,13,96
"4634","2363矽統","110/07/27","美商高盛",31,233,-202
"4635","2363矽統","110/07/27","元富-松德",95,1,94
"4636","2363矽統","110/07/27","元大證券",38,235,-197
"4637","2363矽統","110/07/27","中國信託-永康",102,8,94
"4638","2363矽統","110/07/27","永豐金證券",15,201,-186
"4639","2363矽統","110/07/27","台新-三民",111,21,90
"4640","2363矽統","110/07/27","亞東",46,206,-160
"4641","2363矽統","110/07/27","凱基-中港",85,3,82
"4642","2363矽統","110/07/27","群益金鼎",21,169,-148
"4643","2363矽統","110/07/27","元富-烏日",87,6,81
"4644","2363矽統","110/07/27","第一金-嘉義",0,100,-100
"4645","2363矽統","110/07/27","富邦-台北",135,56,79
"4646","2363矽統","110/07/27","凱基-彰化",9,100,-91
"4647","2363矽統","110/07/27","元大-復北",81,12,69
"4648","2363矽統","110/07/27","元富-佳里",27,97,-70
"4649","2363矽統","110/07/27","中國信託-忠孝",94,26,68
"4650","2363矽統","110/07/27","合庫-桃園",8,76,-68
"4651","8112至上","110/07/27","凱基-竹科",300,10,290
"4652","8112至上","110/07/27","凱基-三重",1,501,-500
"4653","8112至上","110/07/27","台灣摩根士丹利",271,49,222
"4654","8112至上","110/07/27","美林",21,339,-318
"4655","8112至上","110/07/27","摩根大通",488,427,61
"4656","8112至上","110/07/27","凱基-台北",423,615,-192
"4657","8112至上","110/07/27","香港上海匯豐",61,0,61
"4658","8112至上","110/07/27","港商野村",83,183,-100
"4659","8112至上","110/07/27","日盛證券",62,4,58
"4660","8112至上","110/07/27","永豐金-台南",2,79,-77
"4661","8112至上","110/07/27","元大-基隆孝二",52,0,52
"4662","8112至上","110/07/27","福邦證券",0,71,-71
"4663","8112至上","110/07/27","永豐金-中正",59,7,52
"4664","8112至上","110/07/27","兆豐-天母",0,50,-50
"4665","8112至上","110/07/27","群益金鼎-高盛",47,0,47
"4666","8112至上","110/07/27","元富-林園",3,52,-49
"4667","8112至上","110/07/27","永豐金-內湖",47,0,47
"4668","8112至上","110/07/27","永豐金-苓雅",1,50,-49
"4669","8112至上","110/07/27","富邦-台北",45,5,40
"4670","8112至上","110/07/27","元大-新莊",9,53,-44
"4671","8112至上","110/07/27","台新證券",78,39,39
"4672","8112至上","110/07/27","第一金-路竹",20,57,-37
"4673","8112至上","110/07/27","新光-台中",44,7,37
"4674","8112至上","110/07/27","新光-桃園",2,36,-34
"4675","8112至上","110/07/27","元大-羅東",38,1,37
"4676","8112至上","110/07/27","元大-東港",0,27,-27
"4677","8112至上","110/07/27","新光",101,65,36
"4678","8112至上","110/07/27","國泰-松江",2,28,-26
"4679","8112至上","110/07/27","元大-新竹",63,28,35
"4680","8112至上","110/07/27","群益金鼎-潭子",2,28,-26
"4681","1570力肯","110/07/27","國票-北高雄",7,0,7
"4682","1570力肯","110/07/27","元大-高雄",0,16,-16
"4683","1570力肯","110/07/27","富邦-陽明",5,0,5
"4684","1570力肯","110/07/27","國票-新莊",0,5,-5
"4685","1570力肯","110/07/27","元大-民雄",3,0,3
"4686","1570力肯","110/07/27","凱基-台北",0,5,-5
"4687","1570力肯","110/07/27","凱基-大里",3,0,3
"4688","1570力肯","110/07/27","美林",0,2,-2
"4689","1570力肯","110/07/27","凱基-長庚",3,0,3
"4690","1570力肯","110/07/27","富邦-南屯",0,2,-2
"4691","1570力肯","110/07/27","元大-新莊",2,0,2
"4692","1570力肯","110/07/27","元大-南崁",0,2,-2
"4693","1570力肯","110/07/27","大昌-樹林",2,0,2
"4694","1570力肯","110/07/27","元大-板橋",0,2,-2
"4695","1570力肯","110/07/27","台新-台中",2,0,2
"4696","1570力肯","110/07/27","新光",0,1,-1
"4697","1570力肯","110/07/27","新光-新竹",2,0,2
"4698","1570力肯","110/07/27","國泰-板橋",0,1,-1
"4699","1570力肯","110/07/27","富邦-左營",2,0,2
"4700","1570力肯","110/07/27","凱基-鳳山",0,1,-1
"4701","1570力肯","110/07/27","群益金鼎-土城",1,0,1
"4702","1570力肯","110/07/27","(牛牛牛)亞-鑫豐",2,2,0
"4703","1570力肯","110/07/27","凱基-竹東",1,0,1
"4704","1570力肯","110/07/27","元大-新盛",1,1,0
"4705","1570力肯","110/07/27","日盛-員林",1,0,1
"4706","1570力肯","110/07/27","",NA,NA,NA
"4707","1570力肯","110/07/27","玉山-板橋",1,0,1
"4708","1570力肯","110/07/27","",NA,NA,NA
"4709","1570力肯","110/07/27","元富-同大",1,0,1
"4710","1570力肯","110/07/27","",NA,NA,NA
"4711","2929淘帝","110/07/27","元大-民生",28,0,28
"4712","2929淘帝","110/07/27","元大-鳳山",0,20,-20
"4713","2929淘帝","110/07/27","臺銀-民權",18,0,18
"4714","2929淘帝","110/07/27","港商野村",1,18,-17
"4715","2929淘帝","110/07/27","合庫-高雄",13,0,13
"4716","2929淘帝","110/07/27","玉山-板橋",0,15,-15
"4717","2929淘帝","110/07/27","永興-水湳",10,0,10
"4718","2929淘帝","110/07/27","美林",0,10,-10
"4719","2929淘帝","110/07/27","富邦-陽明",10,0,10
"4720","2929淘帝","110/07/27","凱基-八德",0,10,-10
"4721","2929淘帝","110/07/27","元大-中和",10,0,10
"4722","2929淘帝","110/07/27","永豐金證券",0,9,-9
"4723","2929淘帝","110/07/27","國泰-館前",6,0,6
"4724","2929淘帝","110/07/27","新加坡商瑞銀",10,18,-8
"4725","2929淘帝","110/07/27","富邦-內湖",6,0,6
"4726","2929淘帝","110/07/27","富邦-台北",0,8,-8
"4727","2929淘帝","110/07/27","合庫-台南",5,0,5
"4728","2929淘帝","110/07/27","宏遠-台中",0,7,-7
"4729","2929淘帝","110/07/27","凱基-東門",5,0,5
"4730","2929淘帝","110/07/27","元富-潮州",0,7,-7
"4731","2929淘帝","110/07/27","元大-大益",5,0,5
"4732","2929淘帝","110/07/27","群益金鼎-延平",0,6,-6
"4733","2929淘帝","110/07/27","元大-屏南",5,0,5
"4734","2929淘帝","110/07/27","元大-文心",0,6,-6
"4735","2929淘帝","110/07/27","永豐金-板盛",5,0,5
"4736","2929淘帝","110/07/27","永豐金-中壢",0,6,-6
"4737","2929淘帝","110/07/27","臺銀",4,0,4
"4738","2929淘帝","110/07/27","美商高盛",0,5,-5
"4739","2929淘帝","110/07/27","永豐金-市政",4,0,4
"4740","2929淘帝","110/07/27","兆豐-南門",0,5,-5
"4741","5410國眾","110/07/27","摩根大通",47,0,47
"4742","5410國眾","110/07/27","元富-嘉義",0,48,-48
"4743","5410國眾","110/07/27","兆豐-城中",43,0,43
"4744","5410國眾","110/07/27","統一-平鎮",0,20,-20
"4745","5410國眾","110/07/27","香港上海匯豐",36,0,36
"4746","5410國眾","110/07/27","元大-大益",0,18,-18
"4747","5410國眾","110/07/27","港商麥格理",26,0,26
"4748","5410國眾","110/07/27","凱基-台北",0,16,-16
"4749","5410國眾","110/07/27","元富-大昌",21,0,21
"4750","5410國眾","110/07/27","凱基-站前",0,15,-15
"4751","5410國眾","110/07/27","元富-四維",20,0,20
"4752","5410國眾","110/07/27","元大-南勢角",0,13,-13
"4753","5410國眾","110/07/27","新光-台中",20,0,20
"4754","5410國眾","110/07/27","日盛-忠孝",0,11,-11
"4755","5410國眾","110/07/27","統一-金門",15,0,15
"4756","5410國眾","110/07/27","玉山-板橋",0,11,-11
"4757","5410國眾","110/07/27","玉山-高雄",15,0,15
"4758","5410國眾","110/07/27","元大-崇德",0,11,-11
"4759","5410國眾","110/07/27","凱基-竹北",15,0,15
"4760","5410國眾","110/07/27","元大-大天母",0,11,-11
"4761","5410國眾","110/07/27","元大-新莊",14,1,13
"4762","5410國眾","110/07/27","元富-松德",0,10,-10
"4763","5410國眾","110/07/27","華南永昌-中正",14,4,10
"4764","5410國眾","110/07/27","豐農",0,10,-10
"4765","5410國眾","110/07/27","元大-屏南",10,0,10
"4766","5410國眾","110/07/27","新光-新竹",0,10,-10
"4767","5410國眾","110/07/27","元大-中和",10,0,10
"4768","5410國眾","110/07/27","凱基-虎尾",0,10,-10
"4769","5410國眾","110/07/27","台新證券",10,1,9
"4770","5410國眾","110/07/27","元大-善化",0,10,-10
"4771","2841台開","110/07/27","日盛證券",620,0,620
"4772","2841台開","110/07/27","玉山-新竹",0,312,-312
"4773","2841台開","110/07/27","永豐金-豐原",65,0,65
"4774","2841台開","110/07/27","港商野村",0,216,-216
"4775","2841台開","110/07/27","元大-南投",50,0,50
"4776","2841台開","110/07/27","永興-水湳",0,90,-90
"4777","2841台開","110/07/27","台灣摩根士丹利",40,0,40
"4778","2841台開","110/07/27","凱基-興隆",0,64,-64
"4779","2841台開","110/07/27","玉山-高雄",29,0,29
"4780","2841台開","110/07/27","美林",0,30,-30
"4781","2841台開","110/07/27","第一金-台中",20,0,20
"4782","2841台開","110/07/27","國泰-松江",5,35,-30
"4783","2841台開","110/07/27","凱基-市政",20,0,20
"4784","2841台開","110/07/27","台新-左楠",0,25,-25
"4785","2841台開","110/07/27","群益金鼎-大甲",18,1,17
"4786","2841台開","110/07/27","大昌-樹林",0,20,-20
"4787","2841台開","110/07/27","台中銀",16,1,15
"4788","2841台開","110/07/27","富邦-仁愛",0,20,-20
"4789","2841台開","110/07/27","國泰-板橋",12,0,12
"4790","2841台開","110/07/27","致和-南京",0,16,-16
"4791","2841台開","110/07/27","群益金鼎-基隆",10,0,10
"4792","2841台開","110/07/27","凱基-台北",2,16,-14
"4793","2841台開","110/07/27","華南永昌-新莊",10,0,10
"4794","2841台開","110/07/27","日盛-台南",0,10,-10
"4795","2841台開","110/07/27","元大-福營",10,0,10
"4796","2841台開","110/07/27","國票-台東",0,10,-10
"4797","2841台開","110/07/27","元大-歸仁",10,0,10
"4798","2841台開","110/07/27","台新-台中",5,15,-10
"4799","2841台開","110/07/27","中國信託-文心",5,0,5
"4800","2841台開","110/07/27","凱基-台中",0,10,-10
"4801","6207雷科","110/07/27","摩根大通",249,119,130
"4802","6207雷科","110/07/27","永豐金-台南",2,82,-80
"4803","6207雷科","110/07/27","群益金鼎-丹鳳",70,0,70
"4804","6207雷科","110/07/27","永豐金-內湖",39,109,-70
"4805","6207雷科","110/07/27","群益金鼎-東門",42,0,42
"4806","6207雷科","110/07/27","新加坡商瑞銀",22,76,-54
"4807","6207雷科","110/07/27","永豐金-敦南",38,4,34
"4808","6207雷科","110/07/27","新光-高雄",4,57,-53
"4809","6207雷科","110/07/27","凱基-復興",30,0,30
"4810","6207雷科","110/07/27","瑞士信貸",0,40,-40
"4811","6207雷科","110/07/27","元大-東門",30,0,30
"4812","6207雷科","110/07/27","凱基-高雄",4,43,-39
"4813","6207雷科","110/07/27","大昌-桃園",33,8,25
"4814","6207雷科","110/07/27","華南永昌-高雄",4,40,-36
"4815","6207雷科","110/07/27","富邦-虎尾",24,0,24
"4816","6207雷科","110/07/27","新光",11,44,-33
"4817","6207雷科","110/07/27","凱基-羅東",24,2,22
"4818","6207雷科","110/07/27","日盛-板橋中山",0,29,-29
"4819","6207雷科","110/07/27","群益金鼎-延平",21,0,21
"4820","6207雷科","110/07/27","元大-六合",3,30,-27
"4821","6207雷科","110/07/27","群益金鼎-屏東",20,0,20
"4822","6207雷科","110/07/27","中國信託-新竹",7,33,-26
"4823","6207雷科","110/07/27","永豐金-埔里",20,0,20
"4824","6207雷科","110/07/27","元富-城中",0,23,-23
"4825","6207雷科","110/07/27","康和-延平",21,3,18
"4826","6207雷科","110/07/27","元大-大雅",2,20,-18
"4827","6207雷科","110/07/27","群益金鼎-中壢",20,2,18
"4828","6207雷科","110/07/27","永豐金-新莊",2,20,-18
"4829","6207雷科","110/07/27","宏遠證券",31,15,16
"4830","6207雷科","110/07/27","富邦-台中",5,21,-16
"4831","3679新至陞","110/07/27","凱基-市政",25,0,25
"4832","3679新至陞","110/07/27","瑞士信貸",0,13,-13
"4833","3679新至陞","110/07/27","兆豐-高雄",10,0,10
"4834","3679新至陞","110/07/27","元大-天母",0,9,-9
"4835","3679新至陞","110/07/27","光和-溪湖",8,0,8
"4836","3679新至陞","110/07/27","元大-彰化民生",0,6,-6
"4837","3679新至陞","110/07/27","臺銀-新竹",7,0,7
"4838","3679新至陞","110/07/27","康和-澎湖",2,7,-5
"4839","3679新至陞","110/07/27","新加坡商瑞銀",7,0,7
"4840","3679新至陞","110/07/27","聯邦-大業",0,5,-5
"4841","3679新至陞","110/07/27","永豐金-板橋",6,0,6
"4842","3679新至陞","110/07/27","元大-成功",0,5,-5
"4843","3679新至陞","110/07/27","宏遠-光隆",5,0,5
"4844","3679新至陞","110/07/27","康和-板橋",0,4,-4
"4845","3679新至陞","110/07/27","統一",5,0,5
"4846","3679新至陞","110/07/27","凱基-新豐",0,4,-4
"4847","3679新至陞","110/07/27","統一-新竹",5,0,5
"4848","3679新至陞","110/07/27","統一-高雄",0,3,-3
"4849","3679新至陞","110/07/27","元富-松德",5,0,5
"4850","3679新至陞","110/07/27","統一-新台中",0,3,-3
"4851","3679新至陞","110/07/27","元大-淡水",5,0,5
"4852","3679新至陞","110/07/27","元富-安南",0,3,-3
"4853","3679新至陞","110/07/27","日盛證券",4,0,4
"4854","3679新至陞","110/07/27","國票-北高雄",0,3,-3
"4855","3679新至陞","110/07/27","國泰-板橋",4,0,4
"4856","3679新至陞","110/07/27","玉山-新莊",0,3,-3
"4857","3679新至陞","110/07/27","(牛牛牛)亞-網路",3,0,3
"4858","3679新至陞","110/07/27","凱基-屏東",0,3,-3
"4859","3679新至陞","110/07/27","國票-九鼎",3,0,3
"4860","3679新至陞","110/07/27","台灣摩根士丹利",0,2,-2
"4861","2727王品","110/07/27","台灣摩根士丹利",103,12,91
"4862","2727王品","110/07/27","元大-彰化民生",11,420,-409
"4863","2727王品","110/07/27","華南永昌-麻豆",33,0,33
"4864","2727王品","110/07/27","美商高盛",0,247,-247
"4865","2727王品","110/07/27","元大-龍潭",31,1,30
"4866","2727王品","110/07/27","華南永昌",7,193,-186
"4867","2727王品","110/07/27","國泰-敦南",38,11,27
"4868","2727王品","110/07/27","花旗環球",0,86,-86
"4869","2727王品","110/07/27","群益金鼎-基隆",27,1,26
"4870","2727王品","110/07/27","凱基-台北",81,139,-58
"4871","2727王品","110/07/27","富邦-台中",26,0,26
"4872","2727王品","110/07/27","元大證券",23,64,-41
"4873","2727王品","110/07/27","元富",31,6,25
"4874","2727王品","110/07/27","瑞士信貸",0,37,-37
"4875","2727王品","110/07/27","元大-桃園",25,0,25
"4876","2727王品","110/07/27","富邦-建國",8,35,-27
"4877","2727王品","110/07/27","凱基-大直",21,1,20
"4878","2727王品","110/07/27","凱基-埔墘",6,29,-23
"4879","2727王品","110/07/27","日盛-士林",16,0,16
"4880","2727王品","110/07/27","美林",5,26,-21
"4881","2727王品","110/07/27","國票-敦北法人",17,1,16
"4882","2727王品","110/07/27","港商野村",12,30,-18
"4883","2727王品","110/07/27","群益金鼎-高雄",16,0,16
"4884","2727王品","110/07/27","華南永昌-林口",3,21,-18
"4885","2727王品","110/07/27","永豐金-忠孝",18,2,16
"4886","2727王品","110/07/27","彰銀-台中",4,20,-16
"4887","2727王品","110/07/27","臺銀-高雄",16,1,15
"4888","2727王品","110/07/27","統一",3,17,-14
"4889","2727王品","110/07/27","台新-台中",18,3,15
"4890","2727王品","110/07/27","富邦-新竹華信",2,15,-13
"4891","1570力肯","110/07/27","國票-北高雄",7,0,7
"4892","1570力肯","110/07/27","元大-高雄",0,16,-16
"4893","1570力肯","110/07/27","富邦-陽明",5,0,5
"4894","1570力肯","110/07/27","國票-新莊",0,5,-5
"4895","1570力肯","110/07/27","元大-民雄",3,0,3
"4896","1570力肯","110/07/27","凱基-台北",0,5,-5
"4897","1570力肯","110/07/27","凱基-大里",3,0,3
"4898","1570力肯","110/07/27","美林",0,2,-2
"4899","1570力肯","110/07/27","凱基-長庚",3,0,3
"4900","1570力肯","110/07/27","富邦-南屯",0,2,-2
"4901","1570力肯","110/07/27","元大-新莊",2,0,2
"4902","1570力肯","110/07/27","元大-南崁",0,2,-2
"4903","1570力肯","110/07/27","大昌-樹林",2,0,2
"4904","1570力肯","110/07/27","元大-板橋",0,2,-2
"4905","1570力肯","110/07/27","台新-台中",2,0,2
"4906","1570力肯","110/07/27","新光",0,1,-1
"4907","1570力肯","110/07/27","新光-新竹",2,0,2
"4908","1570力肯","110/07/27","國泰-板橋",0,1,-1
"4909","1570力肯","110/07/27","富邦-左營",2,0,2
"4910","1570力肯","110/07/27","凱基-鳳山",0,1,-1
"4911","1570力肯","110/07/27","群益金鼎-土城",1,0,1
"4912","1570力肯","110/07/27","(牛牛牛)亞-鑫豐",2,2,0
"4913","1570力肯","110/07/27","凱基-竹東",1,0,1
"4914","1570力肯","110/07/27","元大-新盛",1,1,0
"4915","1570力肯","110/07/27","日盛-員林",1,0,1
"4916","1570力肯","110/07/27","",NA,NA,NA
"4917","1570力肯","110/07/27","玉山-板橋",1,0,1
"4918","1570力肯","110/07/27","",NA,NA,NA
"4919","1570力肯","110/07/27","元富-同大",1,0,1
"4920","1570力肯","110/07/27","",NA,NA,NA
"4921","6180橘子","110/07/27","新加坡商瑞銀",166,24,142
"4922","6180橘子","110/07/27","花旗環球",31,87,-56
"4923","6180橘子","110/07/27","彰銀-台中",50,1,49
"4924","6180橘子","110/07/27","凱基-台北",53,108,-55
"4925","6180橘子","110/07/27","日盛-文化",48,8,40
"4926","6180橘子","110/07/27","新光",39,81,-42
"4927","6180橘子","110/07/27","美林",39,0,39
"4928","6180橘子","110/07/27","富邦-台北",1,25,-24
"4929","6180橘子","110/07/27","元大-草屯",54,17,37
"4930","6180橘子","110/07/27","第一金-員林",0,22,-22
"4931","6180橘子","110/07/27","美商高盛",35,1,34
"4932","6180橘子","110/07/27","富邦-新竹華信",7,28,-21
"4933","6180橘子","110/07/27","元大-上新莊",32,0,32
"4934","6180橘子","110/07/27","凱基-中山",5,24,-19
"4935","6180橘子","110/07/27","台灣摩根士丹利",30,0,30
"4936","6180橘子","110/07/27","國泰-敦南",22,37,-15
"4937","6180橘子","110/07/27","摩根大通",49,21,28
"4938","6180橘子","110/07/27","合庫-自強",2,16,-14
"4939","6180橘子","110/07/27","兆豐-大同",30,4,26
"4940","6180橘子","110/07/27","大昌-安康",1,14,-13
"4941","6180橘子","110/07/27","元大-羅東",21,0,21
"4942","6180橘子","110/07/27","高橋",0,11,-11
"4943","6180橘子","110/07/27","日盛-頭份",16,0,16
"4944","6180橘子","110/07/27","土銀-新竹",0,10,-10
"4945","6180橘子","110/07/27","瑞士信貸",24,8,16
"4946","6180橘子","110/07/27","兆豐-麻豆",0,10,-10
"4947","6180橘子","110/07/27","群益金鼎-士林",15,0,15
"4948","6180橘子","110/07/27","康和-永和",0,10,-10
"4949","6180橘子","110/07/27","永豐金-南京",15,1,14
"4950","6180橘子","110/07/27","永豐金-竹科",2,12,-10
"4951","2390云辰","110/07/27","凱基-基隆",207,3,204
"4952","2390云辰","110/07/27","凱基-台北",248,732,-484
"4953","2390云辰","110/07/27","摩根大通",730,560,170
"4954","2390云辰","110/07/27","美林",17,218,-201
"4955","2390云辰","110/07/27","華南永昌-中正",182,43,139
"4956","2390云辰","110/07/27","港商野村",85,277,-192
"4957","2390云辰","110/07/27","兆豐-北高雄",124,1,123
"4958","2390云辰","110/07/27","玉山-新莊",4,87,-83
"4959","2390云辰","110/07/27","元大-信義",108,5,103
"4960","2390云辰","110/07/27","新光",96,163,-67
"4961","2390云辰","110/07/27","富邦-陽明",94,22,72
"4962","2390云辰","110/07/27","新光-新竹",7,74,-67
"4963","2390云辰","110/07/27","日盛證券",140,71,69
"4964","2390云辰","110/07/27","富邦-左營",46,107,-61
"4965","2390云辰","110/07/27","第一金-豐原",56,0,56
"4966","2390云辰","110/07/27","大昌-新店",9,64,-55
"4967","2390云辰","110/07/27","統一-新台中",67,22,45
"4968","2390云辰","110/07/27","日盛-和美",28,81,-53
"4969","2390云辰","110/07/27","元大-復北",47,2,45
"4970","2390云辰","110/07/27","元大-台南",3,54,-51
"4971","2390云辰","110/07/27","富邦-建國",54,10,44
"4972","2390云辰","110/07/27","元富-世貿",10,60,-50
"4973","2390云辰","110/07/27","兆豐-桃鶯",46,5,41
"4974","2390云辰","110/07/27","華南永昌-鳳山",41,90,-49
"4975","2390云辰","110/07/27","富邦-中壢",45,4,41
"4976","2390云辰","110/07/27","聯邦商銀",6,52,-46
"4977","2390云辰","110/07/27","富邦-新竹華信",46,11,35
"4978","2390云辰","110/07/27","合庫-高雄",7,50,-43
"4979","2390云辰","110/07/27","第一金-華江",30,2,28
"4980","2390云辰","110/07/27","瑞士信貸",0,42,-42
"4981","2363矽統","110/07/26","凱基-台北",1994,468,1526
"4982","2363矽統","110/07/26","富邦-南屯",5,375,-370
"4983","2363矽統","110/07/26","新加坡商瑞銀",1537,208,1329
"4984","2363矽統","110/07/26","聯邦-興中",0,203,-203
"4985","2363矽統","110/07/26","摩根大通",2033,997,1036
"4986","2363矽統","110/07/26","台新證券",427,622,-195
"4987","2363矽統","110/07/26","瑞士信貸",930,0,930
"4988","2363矽統","110/07/26","元大-鳳中",10,203,-193
"4989","2363矽統","110/07/26","美林",985,76,909
"4990","2363矽統","110/07/26","國泰-板橋",69,209,-140
"4991","2363矽統","110/07/26","港商野村",1072,282,790
"4992","2363矽統","110/07/26","北城證券",6,132,-126
"4993","2363矽統","110/07/26","美商高盛",711,7,704
"4994","2363矽統","110/07/26","華南永昌-朴子",30,152,-122
"4995","2363矽統","110/07/26","新光",570,278,292
"4996","2363矽統","110/07/26","台新-台中",27,145,-118
"4997","2363矽統","110/07/26","台新-台南",244,39,205
"4998","2363矽統","110/07/26","群益金鼎-萬華",13,128,-115
"4999","2363矽統","110/07/26","元大證券",243,52,191
"5000","2363矽統","110/07/26","日盛-樹林",7,116,-109
"5001","2363矽統","110/07/26","永豐金證券",189,27,162
"5002","2363矽統","110/07/26","群益金鼎-屏東",200,303,-103
"5003","2363矽統","110/07/26","元大-楊梅",177,16,161
"5004","2363矽統","110/07/26","元大-潮州",6,102,-96
"5005","2363矽統","110/07/26","群益金鼎",158,21,137
"5006","2363矽統","110/07/26","新光-桃園",22,117,-95
"5007","2363矽統","110/07/26","元富-城東",107,8,99
"5008","2363矽統","110/07/26","凱基-和平",45,140,-95
"5009","2363矽統","110/07/26","日盛-雙和",109,14,95
"5010","2363矽統","110/07/26","合庫-台南",5,95,-90
"5011","8112至上","110/07/26","摩根大通",1728,41,1687
"5012","8112至上","110/07/26","玉山-左營",3,600,-597
"5013","8112至上","110/07/26","台灣摩根士丹利",408,10,398
"5014","8112至上","110/07/26","凱基-三重",1,527,-526
"5015","8112至上","110/07/26","凱基-台北",693,311,382
"5016","8112至上","110/07/26","中國信託-忠孝",0,103,-103
"5017","8112至上","110/07/26","港商法國興業",376,1,375
"5018","8112至上","110/07/26","凱基-站前",7,105,-98
"5019","8112至上","110/07/26","美商高盛",172,26,146
"5020","8112至上","110/07/26","國票-中港",0,96,-96
"5021","8112至上","110/07/26","新加坡商瑞銀",201,69,132
"5022","8112至上","110/07/26","兆豐-公益",3,84,-81
"5023","8112至上","110/07/26","美林",192,62,130
"5024","8112至上","110/07/26","玉山證券",2,65,-63
"5025","8112至上","110/07/26","港商野村",142,58,84
"5026","8112至上","110/07/26","統一-台中",1,62,-61
"5027","8112至上","110/07/26","凱基-永和",75,0,75
"5028","8112至上","110/07/26","富邦-陽明",3,60,-57
"5029","8112至上","110/07/26","凱基-竹科",65,2,63
"5030","8112至上","110/07/26","新光-新竹",86,141,-55
"5031","8112至上","110/07/26","華南永昌-敦南",63,1,62
"5032","8112至上","110/07/26","富邦-台北",2,57,-55
"5033","8112至上","110/07/26","兆豐-天母",50,0,50
"5034","8112至上","110/07/26","玉山-板橋",2,51,-49
"5035","8112至上","110/07/26","新光-桃園",57,11,46
"5036","8112至上","110/07/26","台新-新營",6,47,-41
"5037","8112至上","110/07/26","光和",35,1,34
"5038","8112至上","110/07/26","元大-虎尾",4,42,-38
"5039","8112至上","110/07/26","華南永昌-新莊",31,3,28
"5040","8112至上","110/07/26","日盛-新竹",1,38,-37
"5041","1570力肯","110/07/26","元大-民雄",10,0,10
"5042","1570力肯","110/07/26","元大-高雄",0,33,-33
"5043","1570力肯","110/07/26","新光-台中",10,1,9
"5044","1570力肯","110/07/26","日盛-宜蘭",0,8,-8
"5045","1570力肯","110/07/26","富邦-陽明",9,0,9
"5046","1570力肯","110/07/26","美林",0,5,-5
"5047","1570力肯","110/07/26","大慶-蘆洲",8,0,8
"5048","1570力肯","110/07/26","凱基-永康",0,5,-5
"5049","1570力肯","110/07/26","福勝",8,0,8
"5050","1570力肯","110/07/26","台新證券",0,4,-4
"5051","1570力肯","110/07/26","凱基-桃園",7,0,7
"5052","1570力肯","110/07/26","元大-汐止",0,4,-4
"5053","1570力肯","110/07/26","中國信託-永康",3,0,3
"5054","1570力肯","110/07/26","元大-桃興",0,3,-3
"5055","1570力肯","110/07/26","兆豐-台中港",3,0,3
"5056","1570力肯","110/07/26","元富-吉利",0,2,-2
"5057","1570力肯","110/07/26","國票-北高雄",3,0,3
"5058","1570力肯","110/07/26","國泰-板橋",0,2,-2
"5059","1570力肯","110/07/26","富邦-員林",3,0,3
"5060","1570力肯","110/07/26","元大-台中",0,2,-2
"5061","1570力肯","110/07/26","瑞士信貸",2,0,2
"5062","1570力肯","110/07/26","元大-西螺",0,2,-2
"5063","1570力肯","110/07/26","大昌-樹林",2,0,2
"5064","1570力肯","110/07/26","元大-苑裡",0,2,-2
"5065","1570力肯","110/07/26","兆豐-忠孝",2,0,2
"5066","1570力肯","110/07/26","合庫-三重",0,1,-1
"5067","1570力肯","110/07/26","新光",2,0,2
"5068","1570力肯","110/07/26","臺銀-臺南",0,1,-1
"5069","1570力肯","110/07/26","凱基-台北",2,0,2
"5070","1570力肯","110/07/26","元富-永和",0,1,-1
"5071","2929淘帝","110/07/26","合庫-高雄",47,0,47
"5072","2929淘帝","110/07/26","港商野村",11,42,-31
"5073","2929淘帝","110/07/26","元大-民生",28,0,28
"5074","2929淘帝","110/07/26","凱基-林口",0,30,-30
"5075","2929淘帝","110/07/26","臺銀-鳳山",10,0,10
"5076","2929淘帝","110/07/26","美林",1,28,-27
"5077","2929淘帝","110/07/26","華南永昌-鶯歌",10,0,10
"5078","2929淘帝","110/07/26","富邦-竹北",0,20,-20
"5079","2929淘帝","110/07/26","元大-永和",10,0,10
"5080","2929淘帝","110/07/26","凱基-台北",0,12,-12
"5081","2929淘帝","110/07/26","永豐金證券",8,0,8
"5082","2929淘帝","110/07/26","中國信託-永康",0,10,-10
"5083","2929淘帝","110/07/26","元大-太平",8,1,7
"5084","2929淘帝","110/07/26","摩根大通",0,10,-10
"5085","2929淘帝","110/07/26","德信-和平",6,0,6
"5086","2929淘帝","110/07/26","群益金鼎-高雄",0,10,-10
"5087","2929淘帝","110/07/26","兆豐-南門",6,0,6
"5088","2929淘帝","110/07/26","富邦-宜蘭",0,10,-10
"5089","2929淘帝","110/07/26","元大-新竹經國",6,0,6
"5090","2929淘帝","110/07/26","新加坡商瑞銀",4,13,-9
"5091","2929淘帝","110/07/26","合庫-台南",5,0,5
"5092","2929淘帝","110/07/26","元富-敦南",0,7,-7
"5093","2929淘帝","110/07/26","第一金-新興",5,0,5
"5094","2929淘帝","110/07/26","元大-基隆",0,6,-6
"5095","2929淘帝","110/07/26","玉山-新竹",5,0,5
"5096","2929淘帝","110/07/26","新光-台中",1,6,-5
"5097","2929淘帝","110/07/26","元大-金門",5,0,5
"5098","2929淘帝","110/07/26","華南永昌",0,5,-5
"5099","2929淘帝","110/07/26","台新-台中",4,0,4
"5100","2929淘帝","110/07/26","永豐金-中和",0,5,-5
"5101","5410國眾","110/07/26","摩根大通",71,0,71
"5102","5410國眾","110/07/26","日盛-忠孝",0,142,-142
"5103","5410國眾","110/07/26","凱基-台北",67,4,63
"5104","5410國眾","110/07/26","元富-嘉義",0,55,-55
"5105","5410國眾","110/07/26","兆豐-城中",47,0,47
"5106","5410國眾","110/07/26","國泰-敦南",2,30,-28
"5107","5410國眾","110/07/26","永豐金-內湖",45,0,45
"5108","5410國眾","110/07/26","群益金鼎-板橋",0,15,-15
"5109","5410國眾","110/07/26","元大-新莊",26,0,26
"5110","5410國眾","110/07/26","華南永昌-三重",0,11,-11
"5111","5410國眾","110/07/26","兆豐-麻豆",10,0,10
"5112","5410國眾","110/07/26","永全-南崁",0,10,-10
"5113","5410國眾","110/07/26","新光-台中",10,0,10
"5114","5410國眾","110/07/26","台新-建北",1,11,-10
"5115","5410國眾","110/07/26","元大-屏南",10,0,10
"5116","5410國眾","110/07/26","臺銀-臺南",0,8,-8
"5117","5410國眾","110/07/26","港商野村",9,0,9
"5118","5410國眾","110/07/26","群益金鼎-東大",0,7,-7
"5119","5410國眾","110/07/26","新光",13,4,9
"5120","5410國眾","110/07/26","永豐金-中正",0,7,-7
"5121","5410國眾","110/07/26","華南永昌-小港",7,0,7
"5122","5410國眾","110/07/26","永豐金-桃園",0,7,-7
"5123","5410國眾","110/07/26","玉山-左營",6,0,6
"5124","5410國眾","110/07/26","第一金-高雄",0,6,-6
"5125","5410國眾","110/07/26","土銀-台南",5,0,5
"5126","5410國眾","110/07/26","台中銀-豐原",0,6,-6
"5127","5410國眾","110/07/26","新加坡商瑞銀",5,0,5
"5128","5410國眾","110/07/26","亞東-高雄",0,5,-5
"5129","5410國眾","110/07/26","元富-三重",8,3,5
"5130","5410國眾","110/07/26","國票-北高雄",0,5,-5
"5131","2841台開","110/07/26","台新-台中",282,5,277
"5132","2841台開","110/07/26","港商野村",0,128,-128
"5133","2841台開","110/07/26","凱基-台北",41,0,41
"5134","2841台開","110/07/26","富邦-仁愛",0,70,-70
"5135","2841台開","110/07/26","台灣摩根士丹利",40,0,40
"5136","2841台開","110/07/26","元大-彰化",0,60,-60
"5137","2841台開","110/07/26","元富-緯城",40,0,40
"5138","2841台開","110/07/26","永興-水湳",0,30,-30
"5139","2841台開","110/07/26","玉山-高雄",38,0,38
"5140","2841台開","110/07/26","富邦-新竹華信",0,23,-23
"5141","2841台開","110/07/26","日盛-樹林",21,0,21
"5142","2841台開","110/07/26","宏遠-光隆",0,20,-20
"5143","2841台開","110/07/26","元大-松江",20,0,20
"5144","2841台開","110/07/26","玉山證券",0,20,-20
"5145","2841台開","110/07/26","元大-歸仁",20,0,20
"5146","2841台開","110/07/26","富邦-板橋",0,20,-20
"5147","2841台開","110/07/26","國泰-桃園",20,3,17
"5148","2841台開","110/07/26","元大-台中中港",0,19,-19
"5149","2841台開","110/07/26","新光-台中",15,0,15
"5150","2841台開","110/07/26","臺銀-臺南",0,18,-18
"5151","2841台開","110/07/26","群益金鼎-東門",11,0,11
"5152","2841台開","110/07/26","永豐金-敦南",3,19,-16
"5153","2841台開","110/07/26","華南永昌-內壢",11,0,11
"5154","2841台開","110/07/26","統一-桃園",0,13,-13
"5155","2841台開","110/07/26","元富-烏日",10,0,10
"5156","2841台開","110/07/26","國泰-台中",0,11,-11
"5157","2841台開","110/07/26","國泰-忠孝",10,2,8
"5158","2841台開","110/07/26","元大-福營",0,11,-11
"5159","2841台開","110/07/26","元大-潮州",6,0,6
"5160","2841台開","110/07/26","凱基-站前",0,10,-10
"5161","6207雷科","110/07/26","元大-向上",70,0,70
"5162","6207雷科","110/07/26","摩根大通",45,241,-196
"5163","6207雷科","110/07/26","國票-中和",67,5,62
"5164","6207雷科","110/07/26","華南永昌-台中",16,180,-164
"5165","6207雷科","110/07/26","永豐金-台南",63,2,61
"5166","6207雷科","110/07/26","瑞士信貸",4,69,-65
"5167","6207雷科","110/07/26","國泰-板橋",32,0,32
"5168","6207雷科","110/07/26","國票-天祥",11,76,-65
"5169","6207雷科","110/07/26","華南永昌-朴子",24,0,24
"5170","6207雷科","110/07/26","新加坡商瑞銀",15,78,-63
"5171","6207雷科","110/07/26","台新證券",35,12,23
"5172","6207雷科","110/07/26","凱基-台北",86,134,-48
"5173","6207雷科","110/07/26","永豐金-板盛",24,1,23
"5174","6207雷科","110/07/26","富邦-台中",58,100,-42
"5175","6207雷科","110/07/26","康和-台中",24,2,22
"5176","6207雷科","110/07/26","兆豐-大安",0,41,-41
"5177","6207雷科","110/07/26","台新-台南",22,2,20
"5178","6207雷科","110/07/26","群益金鼎-館前",0,40,-40
"5179","6207雷科","110/07/26","元大-大統",22,2,20
"5180","6207雷科","110/07/26","富邦-羅東",2,39,-37
"5181","6207雷科","110/07/26","元富-桃園",19,0,19
"5182","6207雷科","110/07/26","國票-台東",0,30,-30
"5183","6207雷科","110/07/26","高橋",17,0,17
"5184","6207雷科","110/07/26","凱基-士林",1,30,-29
"5185","6207雷科","110/07/26","元富-同大",30,13,17
"5186","6207雷科","110/07/26","元大-南京",3,31,-28
"5187","6207雷科","110/07/26","元大-內湖",17,0,17
"5188","6207雷科","110/07/26","宏遠-桃園",0,24,-24
"5189","6207雷科","110/07/26","永豐金-內湖",19,2,17
"5190","6207雷科","110/07/26","國票-和平",0,23,-23
"5191","3679新至陞","110/07/26","元富-板橋",16,0,16
"5192","3679新至陞","110/07/26","台新-台中",0,19,-19
"5193","3679新至陞","110/07/26","華南永昌-淡水",10,0,10
"5194","3679新至陞","110/07/26","元大-成功",0,10,-10
"5195","3679新至陞","110/07/26","光和-溪湖",8,0,8
"5196","3679新至陞","110/07/26","日進",0,9,-9
"5197","3679新至陞","110/07/26","宏遠-光隆",6,0,6
"5198","3679新至陞","110/07/26","臺銀-臺中",0,5,-5
"5199","3679新至陞","110/07/26","玉山-嘉義",5,0,5
"5200","3679新至陞","110/07/26","港商法國興業",0,4,-4
"5201","3679新至陞","110/07/26","元富-安南",3,0,3
"5202","3679新至陞","110/07/26","統一-新台中",0,3,-3
"5203","3679新至陞","110/07/26","摩根大通",4,1,3
"5204","3679新至陞","110/07/26","大慶-苗栗",1,3,-2
"5205","3679新至陞","110/07/26","凱基-台北",5,2,3
"5206","3679新至陞","110/07/26","元富-松德",0,2,-2
"5207","3679新至陞","110/07/26","凱基-站前",2,0,2
"5208","3679新至陞","110/07/26","富邦-仁愛",0,2,-2
"5209","3679新至陞","110/07/26","華南永昌",2,0,2
"5210","3679新至陞","110/07/26","元大-文心興安",0,2,-2
"5211","3679新至陞","110/07/26","元大-上新莊",2,0,2
"5212","3679新至陞","110/07/26","永豐金證券",0,2,-2
"5213","3679新至陞","110/07/26","美林",4,3,1
"5214","3679新至陞","110/07/26","臺銀-高雄",0,1,-1
"5215","3679新至陞","110/07/26","台灣摩根士丹利",2,1,1
"5216","3679新至陞","110/07/26","台灣企銀-屏東",0,1,-1
"5217","3679新至陞","110/07/26","美商高盛",1,0,1
"5218","3679新至陞","110/07/26","大慶-富順",0,1,-1
"5219","3679新至陞","110/07/26","富邦-台北",1,0,1
"5220","3679新至陞","110/07/26","統一-彰化",0,1,-1
"5221","2727王品","110/07/26","兆豐-南京",300,0,300
"5222","2727王品","110/07/26","元富-安南",0,62,-62
"5223","2727王品","110/07/26","凱基-台北",74,29,45
"5224","2727王品","110/07/26","瑞士信貸",0,44,-44
"5225","2727王品","110/07/26","富邦-建國",25,2,23
"5226","2727王品","110/07/26","新加坡商瑞銀",0,44,-44
"5227","2727王品","110/07/26","台灣摩根士丹利",22,0,22
"5228","2727王品","110/07/26","統一",11,54,-43
"5229","2727王品","110/07/26","永豐金-屏東",14,1,13
"5230","2727王品","110/07/26","美林",4,39,-35
"5231","2727王品","110/07/26","富邦-桃園",12,1,11
"5232","2727王品","110/07/26","第一金",0,30,-30
"5233","2727王品","110/07/26","日盛-鳳山",11,1,10
"5234","2727王品","110/07/26","康和-台中",0,30,-30
"5235","2727王品","110/07/26","元富-城中",10,0,10
"5236","2727王品","110/07/26","國泰證券",1,31,-30
"5237","2727王品","110/07/26","元大-龍潭",11,1,10
"5238","2727王品","110/07/26","元大證券",37,67,-30
"5239","2727王品","110/07/26","新光-台中",15,6,9
"5240","2727王品","110/07/26","康和",1,29,-28
"5241","2727王品","110/07/26","富邦-台中",10,1,9
"5242","2727王品","110/07/26","永豐金證券",0,27,-27
"5243","2727王品","110/07/26","元大-基隆孝二",10,1,9
"5244","2727王品","110/07/26","安泰",1,26,-25
"5245","2727王品","110/07/26","臺銀-臺中",10,2,8
"5246","2727王品","110/07/26","永豐金-古亭",2,20,-18
"5247","2727王品","110/07/26","元大-花蓮",8,0,8
"5248","2727王品","110/07/26","國票-天祥",0,16,-16
"5249","2727王品","110/07/26","元大-斗信",9,1,8
"5250","2727王品","110/07/26","摩根大通",17,33,-16
"5251","1570力肯","110/07/26","元大-民雄",10,0,10
"5252","1570力肯","110/07/26","元大-高雄",0,33,-33
"5253","1570力肯","110/07/26","新光-台中",10,1,9
"5254","1570力肯","110/07/26","日盛-宜蘭",0,8,-8
"5255","1570力肯","110/07/26","富邦-陽明",9,0,9
"5256","1570力肯","110/07/26","美林",0,5,-5
"5257","1570力肯","110/07/26","大慶-蘆洲",8,0,8
"5258","1570力肯","110/07/26","凱基-永康",0,5,-5
"5259","1570力肯","110/07/26","福勝",8,0,8
"5260","1570力肯","110/07/26","台新證券",0,4,-4
"5261","1570力肯","110/07/26","凱基-桃園",7,0,7
"5262","1570力肯","110/07/26","元大-汐止",0,4,-4
"5263","1570力肯","110/07/26","中國信託-永康",3,0,3
"5264","1570力肯","110/07/26","元大-桃興",0,3,-3
"5265","1570力肯","110/07/26","兆豐-台中港",3,0,3
"5266","1570力肯","110/07/26","元富-吉利",0,2,-2
"5267","1570力肯","110/07/26","國票-北高雄",3,0,3
"5268","1570力肯","110/07/26","國泰-板橋",0,2,-2
"5269","1570力肯","110/07/26","富邦-員林",3,0,3
"5270","1570力肯","110/07/26","元大-台中",0,2,-2
"5271","1570力肯","110/07/26","瑞士信貸",2,0,2
"5272","1570力肯","110/07/26","元大-西螺",0,2,-2
"5273","1570力肯","110/07/26","大昌-樹林",2,0,2
"5274","1570力肯","110/07/26","元大-苑裡",0,2,-2
"5275","1570力肯","110/07/26","兆豐-忠孝",2,0,2
"5276","1570力肯","110/07/26","合庫-三重",0,1,-1
"5277","1570力肯","110/07/26","新光",2,0,2
"5278","1570力肯","110/07/26","臺銀-臺南",0,1,-1
"5279","1570力肯","110/07/26","凱基-台北",2,0,2
"5280","1570力肯","110/07/26","元富-永和",0,1,-1
"5281","6180橘子","110/07/26","凱基-台北",121,1,120
"5282","6180橘子","110/07/26","元大-竹山",0,35,-35
"5283","6180橘子","110/07/26","新加坡商瑞銀",71,2,69
"5284","6180橘子","110/07/26","元大-和平",0,30,-30
"5285","6180橘子","110/07/26","摩根大通",70,4,66
"5286","6180橘子","110/07/26","元大-草屯",3,27,-24
"5287","6180橘子","110/07/26","美林",33,0,33
"5288","6180橘子","110/07/26","華南永昌-高雄",0,21,-21
"5289","6180橘子","110/07/26","台灣摩根士丹利",20,4,16
"5290","6180橘子","110/07/26","兆豐-埔墘",0,18,-18
"5291","6180橘子","110/07/26","合庫-高雄",11,0,11
"5292","6180橘子","110/07/26","元富-林園",0,17,-17
"5293","6180橘子","110/07/26","港商野村",10,0,10
"5294","6180橘子","110/07/26","元富-成功",0,16,-16
"5295","6180橘子","110/07/26","富邦-宜蘭",10,0,10
"5296","6180橘子","110/07/26","群益金鼎-台南",0,13,-13
"5297","6180橘子","110/07/26","統一-彰化",10,1,9
"5298","6180橘子","110/07/26","元大-開元",0,13,-13
"5299","6180橘子","110/07/26","兆豐-北高雄",9,1,8
"5300","6180橘子","110/07/26","富邦-台中",0,12,-12
"5301","6180橘子","110/07/26","元大-新店中正",10,2,8
"5302","6180橘子","110/07/26","(牛牛牛)亞-鑫豐",1,12,-11
"5303","6180橘子","110/07/26","國泰-敦南",10,3,7
"5304","6180橘子","110/07/26","台新-台南",0,11,-11
"5305","6180橘子","110/07/26","合庫-自強",5,0,5
"5306","6180橘子","110/07/26","聯邦-興中",0,11,-11
"5307","6180橘子","110/07/26","大慶-蘆洲",5,0,5
"5308","6180橘子","110/07/26","日盛-中和",0,10,-10
"5309","6180橘子","110/07/26","統一-中壢",5,0,5
"5310","6180橘子","110/07/26","康和-台北",0,10,-10
"5311","2390云辰","110/07/26","元大-大同",311,3,308
"5312","2390云辰","110/07/26","摩根大通",139,570,-431
"5313","2390云辰","110/07/26","華南永昌-鳳山",276,4,272
"5314","2390云辰","110/07/26","美林",103,243,-140
"5315","2390云辰","110/07/26","永豐金-竹北",201,6,195
"5316","2390云辰","110/07/26","元大-彰化民生",0,117,-117
"5317","2390云辰","110/07/26","富邦-左營",107,17,90
"5318","2390云辰","110/07/26","元富-中港",0,102,-102
"5319","2390云辰","110/07/26","元富-高雄",82,5,77
"5320","2390云辰","110/07/26","凱基-台北",161,249,-88
"5321","2390云辰","110/07/26","元大-太平",75,10,65
"5322","2390云辰","110/07/26","國票-新莊",15,78,-63
"5323","2390云辰","110/07/26","元大-大益",63,13,50
"5324","2390云辰","110/07/26","第一金-豐原",1,59,-58
"5325","2390云辰","110/07/26","元富-新竹",41,1,40
"5326","2390云辰","110/07/26","統一-竹南",5,48,-43
"5327","2390云辰","110/07/26","日盛-永康",42,4,38
"5328","2390云辰","110/07/26","第一金-台南",28,62,-34
"5329","2390云辰","110/07/26","群益金鼎-中壢",50,12,38
"5330","2390云辰","110/07/26","台灣摩根士丹利",38,70,-32
"5331","2390云辰","110/07/26","元大-鑫永和",54,18,36
"5332","2390云辰","110/07/26","群益金鼎-士林",20,52,-32
"5333","2390云辰","110/07/26","元富-同大",34,1,33
"5334","2390云辰","110/07/26","群益金鼎-延平",2,31,-29
"5335","2390云辰","110/07/26","致和-崇德",52,21,31
"5336","2390云辰","110/07/26","凱基-豐中",12,40,-28
"5337","2390云辰","110/07/26","永豐金-松山",32,2,30
"5338","2390云辰","110/07/26","富邦-中壢",19,47,-28
"5339","2390云辰","110/07/26","凱基-三重",36,8,28
"5340","2390云辰","110/07/26","統一-基隆",2,27,-25
"5341","2363矽統","110/07/20","第一金-忠孝",400,115,285
"5342","2363矽統","110/07/20","國票-長城",3,452,-449
"5343","2363矽統","110/07/20","第一金-高雄",188,0,188
"5344","2363矽統","110/07/20","美林",158,531,-373
"5345","2363矽統","110/07/20","凱基-高美館",199,14,185
"5346","2363矽統","110/07/20","台新-左楠",13,310,-297
"5347","2363矽統","110/07/20","凱基-台北",434,326,108
"5348","2363矽統","110/07/20","玉山-台大",4,228,-224
"5349","2363矽統","110/07/20","元富-松德",105,0,105
"5350","2363矽統","110/07/20","群益金鼎-大甲",11,227,-216
"5351","2363矽統","110/07/20","元大-竹科",109,7,102
"5352","2363矽統","110/07/20","群益金鼎-中港",2,111,-109
"5353","2363矽統","110/07/20","元大-成功",102,2,100
"5354","2363矽統","110/07/20","元大-大天母",0,109,-109
"5355","2363矽統","110/07/20","富邦-仁愛",116,17,99
"5356","2363矽統","110/07/20","國泰-敦南",114,218,-104
"5357","2363矽統","110/07/20","元大-上新莊",102,16,86
"5358","2363矽統","110/07/20","港商野村",250,350,-100
"5359","2363矽統","110/07/20","台新證券",286,208,78
"5360","2363矽統","110/07/20","康和-澎湖",0,90,-90
"5361","2363矽統","110/07/20","元大-新營",81,9,72
"5362","2363矽統","110/07/20","凱基-中壢",15,99,-84
"5363","2363矽統","110/07/20","華南永昌-鳳山",76,5,71
"5364","2363矽統","110/07/20","元大-學甲",0,81,-81
"5365","2363矽統","110/07/20","富邦-員林",65,2,63
"5366","2363矽統","110/07/20","凱基-三重",22,91,-69
"5367","2363矽統","110/07/20","元富-成功",67,6,61
"5368","2363矽統","110/07/20","永豐金-嘉義",24,92,-68
"5369","2363矽統","110/07/20","新光-新竹",62,1,61
"5370","2363矽統","110/07/20","大慶-蘆洲",23,89,-66
"5371","8112至上","110/07/20","摩根大通",1226,293,933
"5372","8112至上","110/07/20","凱基-三重",27,502,-475
"5373","8112至上","110/07/20","新加坡商瑞銀",358,83,275
"5374","8112至上","110/07/20","宏遠證券",0,418,-418
"5375","8112至上","110/07/20","台灣摩根士丹利",159,9,150
"5376","8112至上","110/07/20","台新-台中",11,291,-280
"5377","8112至上","110/07/20","統一-新竹",115,5,110
"5378","8112至上","110/07/20","美林",44,194,-150
"5379","8112至上","110/07/20","新光",233,126,107
"5380","8112至上","110/07/20","凱基-新莊",0,100,-100
"5381","8112至上","110/07/20","凱基-台北",367,260,107
"5382","8112至上","110/07/20","富邦-永和",14,104,-90
"5383","8112至上","110/07/20","兆豐-西螺",104,10,94
"5384","8112至上","110/07/20","國票-敦北法人",4,88,-84
"5385","8112至上","110/07/20","永豐金-中正",87,6,81
"5386","8112至上","110/07/20","凱基-市政",3,80,-77
"5387","8112至上","110/07/20","富邦-新店",102,24,78
"5388","8112至上","110/07/20","台新證券",68,142,-74
"5389","8112至上","110/07/20","元大-大同",83,5,78
"5390","8112至上","110/07/20","永豐金-中壢",11,80,-69
"5391","8112至上","110/07/20","富邦-園區",64,2,62
"5392","8112至上","110/07/20","永豐金-台南",22,91,-69
"5393","8112至上","110/07/20","新光-台南",73,14,59
"5394","8112至上","110/07/20","元大-大雅",22,87,-65
"5395","8112至上","110/07/20","統一-台中",60,2,58
"5396","8112至上","110/07/20","光和",10,67,-57
"5397","8112至上","110/07/20","元大-北成功",58,4,54
"5398","8112至上","110/07/20","元大-竹科",27,74,-47
"5399","8112至上","110/07/20","元富-林園",53,0,53
"5400","8112至上","110/07/20","兆豐-公益",1,47,-46
"5401","1570力肯","110/07/20","國票-北高雄",36,0,36
"5402","1570力肯","110/07/20","國泰-敦南",0,19,-19
"5403","1570力肯","110/07/20","群益金鼎-高雄",16,0,16
"5404","1570力肯","110/07/20","中國信託-永康",0,12,-12
"5405","1570力肯","110/07/20","臺銀-鳳山",10,0,10
"5406","1570力肯","110/07/20","第一金-路竹",0,10,-10
"5407","1570力肯","110/07/20","群益金鼎-新竹",6,0,6
"5408","1570力肯","110/07/20","福勝",0,10,-10
"5409","1570力肯","110/07/20","大昌-樹林",5,0,5
"5410","1570力肯","110/07/20","群益金鼎-板橋",0,10,-10
"5411","1570力肯","110/07/20","華南永昌-楠梓",5,0,5
"5412","1570力肯","110/07/20","日盛-鳳山",0,8,-8
"5413","1570力肯","110/07/20","元大-基隆孝二",5,0,5
"5414","1570力肯","110/07/20","永豐金-新竹",6,14,-8
"5415","1570力肯","110/07/20","元大-新竹經國",4,0,4
"5416","1570力肯","110/07/20","第一金-彰化",0,7,-7
"5417","1570力肯","110/07/20","土銀-高雄",2,0,2
"5418","1570力肯","110/07/20","元富-吉利",0,7,-7
"5419","1570力肯","110/07/20","台灣企銀-太平",2,0,2
"5420","1570力肯","110/07/20","台中銀-員林",0,7,-7
"5421","1570力肯","110/07/20","兆豐-忠孝",2,0,2
"5422","1570力肯","110/07/20","玉山證券",1,8,-7
"5423","1570力肯","110/07/20","玉山-城中",2,0,2
"5424","1570力肯","110/07/20","統一-三重",0,5,-5
"5425","1570力肯","110/07/20","國泰-板橋",2,0,2
"5426","1570力肯","110/07/20","光和-溪湖",0,3,-3
"5427","1570力肯","110/07/20","凱基-台北",2,0,2
"5428","1570力肯","110/07/20","康和-澎湖",0,3,-3
"5429","1570力肯","110/07/20","華南永昌-高雄",2,0,2
"5430","1570力肯","110/07/20","摩根大通",0,2,-2
"5431","2929淘帝","110/07/20","玉山-新竹",59,0,59
"5432","2929淘帝","110/07/20","臺銀",0,45,-45
"5433","2929淘帝","110/07/20","兆豐-新莊",50,0,50
"5434","2929淘帝","110/07/20","光和-嘉義",0,29,-29
"5435","2929淘帝","110/07/20","元大-大甲",30,0,30
"5436","2929淘帝","110/07/20","新加坡商瑞銀",27,55,-28
"5437","2929淘帝","110/07/20","元大-民生",29,0,29
"5438","2929淘帝","110/07/20","華南永昌-潮州",0,20,-20
"5439","2929淘帝","110/07/20","元大-員林",20,0,20
"5440","2929淘帝","110/07/20","玉山-高雄",0,14,-14
"5441","2929淘帝","110/07/20","元富-台南",18,0,18
"5442","2929淘帝","110/07/20","富邦-南屯",2,13,-11
"5443","2929淘帝","110/07/20","港商野村",63,50,13
"5444","2929淘帝","110/07/20","高橋-龍潭",0,10,-10
"5445","2929淘帝","110/07/20","高橋",10,0,10
"5446","2929淘帝","110/07/20","台新-建北",0,10,-10
"5447","2929淘帝","110/07/20","元富-林園",10,0,10
"5448","2929淘帝","110/07/20","群益金鼎-台中",0,10,-10
"5449","2929淘帝","110/07/20","玉山-台南",10,0,10
"5450","2929淘帝","110/07/20","華南永昌-苗栗",0,10,-10
"5451","2929淘帝","110/07/20","群益金鼎-士林",10,0,10
"5452","2929淘帝","110/07/20","群益金鼎-西松",0,9,-9
"5453","2929淘帝","110/07/20","凱基-台北",16,6,10
"5454","2929淘帝","110/07/20","台新-三民",0,8,-8
"5455","2929淘帝","110/07/20","合庫證券",9,0,9
"5456","2929淘帝","110/07/20","群益金鼎",0,8,-8
"5457","2929淘帝","110/07/20","永豐金證券",9,2,7
"5458","2929淘帝","110/07/20","富邦-永和",0,7,-7
"5459","2929淘帝","110/07/20","凱基-基隆",6,0,6
"5460","2929淘帝","110/07/20","國泰-台中",6,12,-6
"5461","5410國眾","110/07/20","日盛-內湖",27,0,27
"5462","5410國眾","110/07/20","永豐金-內湖",0,23,-23
"5463","5410國眾","110/07/20","富邦-新營",20,0,20
"5464","5410國眾","110/07/20","兆豐-台中港",0,20,-20
"5465","5410國眾","110/07/20","大昌",17,0,17
"5466","5410國眾","110/07/20","元富-嘉義",0,15,-15
"5467","5410國眾","110/07/20","永豐金-台南",17,0,17
"5468","5410國眾","110/07/20","元富-吉利",0,11,-11
"5469","5410國眾","110/07/20","凱基-站前",15,0,15
"5470","5410國眾","110/07/20","凱基-長庚",0,10,-10
"5471","5410國眾","110/07/20","凱基-竹北",11,0,11
"5472","5410國眾","110/07/20","元大-八德",0,10,-10
"5473","5410國眾","110/07/20","元富-民權",9,0,9
"5474","5410國眾","110/07/20","元大-天母",0,10,-10
"5475","5410國眾","110/07/20","群益金鼎-嘉義",6,0,6
"5476","5410國眾","110/07/20","國泰-桃園",0,9,-9
"5477","5410國眾","110/07/20","元大-土城學府",6,0,6
"5478","5410國眾","110/07/20","新光",5,12,-7
"5479","5410國眾","110/07/20","第一金-豐原",5,0,5
"5480","5410國眾","110/07/20","玉山-桃園",0,7,-7
"5481","5410國眾","110/07/20","華南永昌-林口",5,0,5
"5482","5410國眾","110/07/20","玉山-雙和",0,6,-6
"5483","5410國眾","110/07/20","元大-博愛",5,0,5
"5484","5410國眾","110/07/20","臺銀-臺南",0,5,-5
"5485","5410國眾","110/07/20","元大-竹南",5,0,5
"5486","5410國眾","110/07/20","彰銀-七賢",0,5,-5
"5487","5410國眾","110/07/20","元大-新店中正",5,0,5
"5488","5410國眾","110/07/20","宏遠證券",0,5,-5
"5489","5410國眾","110/07/20","元富-烏日",4,0,4
"5490","5410國眾","110/07/20","摩根大通",0,5,-5
"5491","2841台開","110/07/20","中國信託-忠孝",145,0,145
"5492","2841台開","110/07/20","凱基-松山",0,100,-100
"5493","2841台開","110/07/20","第一金-台中",68,0,68
"5494","2841台開","110/07/20","第一金-自由",0,33,-33
"5495","2841台開","110/07/20","美商高盛",37,0,37
"5496","2841台開","110/07/20","港商野村",0,29,-29
"5497","2841台開","110/07/20","台中銀",32,0,32
"5498","2841台開","110/07/20","國泰-敦南",11,31,-20
"5499","2841台開","110/07/20","台新-台中",20,0,20
"5500","2841台開","110/07/20","華南永昌-台中",0,20,-20
"5501","2841台開","110/07/20","凱基-東港",10,0,10
"5502","2841台開","110/07/20","元大-發財",0,15,-15
"5503","2841台開","110/07/20","大昌-安康",10,3,7
"5504","2841台開","110/07/20","元大-福營",9,23,-14
"5505","2841台開","110/07/20","豐農",7,0,7
"5506","2841台開","110/07/20","永豐金-敦南",5,18,-13
"5507","2841台開","110/07/20","元大-歸仁",7,0,7
"5508","2841台開","110/07/20","統一-城中",0,11,-11
"5509","2841台開","110/07/20","日盛-木柵",5,0,5
"5510","2841台開","110/07/20","日盛-台南",0,10,-10
"5511","2841台開","110/07/20","台新-台南",4,0,4
"5512","2841台開","110/07/20","兆豐-寶成",0,10,-10
"5513","2841台開","110/07/20","日盛證券",3,0,3
"5514","2841台開","110/07/20","國票-中港",0,10,-10
"5515","2841台開","110/07/20","台新證券",8,5,3
"5516","2841台開","110/07/20","群益金鼎",0,10,-10
"5517","2841台開","110/07/20","元大-沙鹿",3,0,3
"5518","2841台開","110/07/20","玉山證券",1,10,-9
"5519","2841台開","110/07/20","國泰-台中",2,0,2
"5520","2841台開","110/07/20","大昌-新店",0,6,-6
"5521","6207雷科","110/07/20","元大-西門",100,4,96
"5522","6207雷科","110/07/20","永豐金-內湖",0,109,-109
"5523","6207雷科","110/07/20","凱基-復興",50,0,50
"5524","6207雷科","110/07/20","國泰證券",0,90,-90
"5525","6207雷科","110/07/20","凱基-台北",47,1,46
"5526","6207雷科","110/07/20","元大-頭份",0,55,-55
"5527","6207雷科","110/07/20","玉山-城中",43,1,42
"5528","6207雷科","110/07/20","永豐金-虎尾",0,50,-50
"5529","6207雷科","110/07/20","華南永昌-長虹",44,5,39
"5530","6207雷科","110/07/20","元富-世貿",0,33,-33
"5531","6207雷科","110/07/20","凱基-板橋",38,1,37
"5532","6207雷科","110/07/20","元大-南崁",0,22,-22
"5533","6207雷科","110/07/20","元富-信義",39,3,36
"5534","6207雷科","110/07/20","永豐金-鳳山",0,21,-21
"5535","6207雷科","110/07/20","元富-彰化",35,0,35
"5536","6207雷科","110/07/20","永豐金-三重",6,27,-21
"5537","6207雷科","110/07/20","凱基-高美館",34,0,34
"5538","6207雷科","110/07/20","第一金-澎湖",0,20,-20
"5539","6207雷科","110/07/20","富邦-中壢",26,2,24
"5540","6207雷科","110/07/20","群益金鼎-東大",0,20,-20
"5541","6207雷科","110/07/20","大昌-桃園",23,0,23
"5542","6207雷科","110/07/20","兆豐-民生",0,19,-19
"5543","6207雷科","110/07/20","元大-四維",39,17,22
"5544","6207雷科","110/07/20","元大-北成功",1,20,-19
"5545","6207雷科","110/07/20","台灣摩根士丹利",18,0,18
"5546","6207雷科","110/07/20","元大-虎尾",1,18,-17
"5547","6207雷科","110/07/20","國票-中和",16,0,16
"5548","6207雷科","110/07/20","元大-文心興安",0,15,-15
"5549","6207雷科","110/07/20","永豐金-大園",16,0,16
"5550","6207雷科","110/07/20","瑞士信貸",0,14,-14
"5551","3679新至陞","110/07/20","國票-敦北法人",18,0,18
"5552","3679新至陞","110/07/20","華南永昌-台中",0,32,-32
"5553","3679新至陞","110/07/20","台中銀-員林",17,3,14
"5554","3679新至陞","110/07/20","凱基-台北",12,32,-20
"5555","3679新至陞","110/07/20","群益金鼎-高盛",13,0,13
"5556","3679新至陞","110/07/20","摩根大通",2,14,-12
"5557","3679新至陞","110/07/20","康和-澎湖",8,0,8
"5558","3679新至陞","110/07/20","國泰-桃園",0,11,-11
"5559","3679新至陞","110/07/20","台新證券",6,0,6
"5560","3679新至陞","110/07/20","群益金鼎-台南",0,10,-10
"5561","3679新至陞","110/07/20","宏遠-光隆",4,0,4
"5562","3679新至陞","110/07/20","群益金鼎-大安",0,10,-10
"5563","3679新至陞","110/07/20","玉山-大里",4,0,4
"5564","3679新至陞","110/07/20","永豐金證券",4,14,-10
"5565","3679新至陞","110/07/20","台中銀-豐原",3,0,3
"5566","3679新至陞","110/07/20","兆豐-大同",1,6,-5
"5567","3679新至陞","110/07/20","玉山-新莊",3,0,3
"5568","3679新至陞","110/07/20","群益金鼎-館前",0,4,-4
"5569","3679新至陞","110/07/20","凱基-中山",3,0,3
"5570","3679新至陞","110/07/20","富邦-南屯",0,4,-4
"5571","3679新至陞","110/07/20","富邦-台北",3,0,3
"5572","3679新至陞","110/07/20","瑞士信貸",3,6,-3
"5573","3679新至陞","110/07/20","元大-板橋",3,0,3
"5574","3679新至陞","110/07/20","國泰-板橋",0,3,-3
"5575","3679新至陞","110/07/20","日盛-八德",2,0,2
"5576","3679新至陞","110/07/20","富邦-中壢",1,4,-3
"5577","3679新至陞","110/07/20","日盛-復興",2,0,2
"5578","3679新至陞","110/07/20","台灣企銀",0,2,-2
"5579","3679新至陞","110/07/20","康和-板橋",2,0,2
"5580","3679新至陞","110/07/20","日盛-大墩",0,2,-2
"5581","2727王品","110/07/20","兆豐-南京",200,0,200
"5582","2727王品","110/07/20","凱基-市政",1,75,-74
"5583","2727王品","110/07/20","富邦證券",88,0,88
"5584","2727王品","110/07/20","美商高盛",6,38,-32
"5585","2727王品","110/07/20","台新證券",142,55,87
"5586","2727王品","110/07/20","富邦-陽明",7,38,-31
"5587","2727王品","110/07/20","瑞士信貸",50,0,50
"5588","2727王品","110/07/20","永豐金-中正",3,34,-31
"5589","2727王品","110/07/20","港商野村",106,57,49
"5590","2727王品","110/07/20","永豐金-潮州",0,31,-31
"5591","2727王品","110/07/20","凱基-台北",67,27,40
"5592","2727王品","110/07/20","兆豐-大安",0,30,-30
"5593","2727王品","110/07/20","永豐金-大園",29,2,27
"5594","2727王品","110/07/20","摩根大通",50,73,-23
"5595","2727王品","110/07/20","康和-高雄",20,0,20
"5596","2727王品","110/07/20","日盛證券",4,24,-20
"5597","2727王品","110/07/20","第一金-高雄",20,3,17
"5598","2727王品","110/07/20","凱基-大里",0,20,-20
"5599","2727王品","110/07/20","富邦-板橋",21,4,17
"5600","2727王品","110/07/20","群益金鼎-大甲",0,18,-18
"5601","2727王品","110/07/20","永豐金-桃盛",15,0,15
"5602","2727王品","110/07/20","統一",18,29,-11
"5603","2727王品","110/07/20","凱基",13,0,13
"5604","2727王品","110/07/20","國泰-台中",12,23,-11
"5605","2727王品","110/07/20","新加坡商瑞銀",23,11,12
"5606","2727王品","110/07/20","元大-彰化",0,11,-11
"5607","2727王品","110/07/20","亞東",10,0,10
"5608","2727王品","110/07/20","國泰-館前",4,14,-10
"5609","2727王品","110/07/20","康和-台中",13,4,9
"5610","2727王品","110/07/20","元大-學甲",0,10,-10
"5611","1570力肯","110/07/20","國票-北高雄",36,0,36
"5612","1570力肯","110/07/20","國泰-敦南",0,19,-19
"5613","1570力肯","110/07/20","群益金鼎-高雄",16,0,16
"5614","1570力肯","110/07/20","中國信託-永康",0,12,-12
"5615","1570力肯","110/07/20","臺銀-鳳山",10,0,10
"5616","1570力肯","110/07/20","第一金-路竹",0,10,-10
"5617","1570力肯","110/07/20","群益金鼎-新竹",6,0,6
"5618","1570力肯","110/07/20","福勝",0,10,-10
"5619","1570力肯","110/07/20","大昌-樹林",5,0,5
"5620","1570力肯","110/07/20","群益金鼎-板橋",0,10,-10
"5621","1570力肯","110/07/20","華南永昌-楠梓",5,0,5
"5622","1570力肯","110/07/20","日盛-鳳山",0,8,-8
"5623","1570力肯","110/07/20","元大-基隆孝二",5,0,5
"5624","1570力肯","110/07/20","永豐金-新竹",6,14,-8
"5625","1570力肯","110/07/20","元大-新竹經國",4,0,4
"5626","1570力肯","110/07/20","第一金-彰化",0,7,-7
"5627","1570力肯","110/07/20","土銀-高雄",2,0,2
"5628","1570力肯","110/07/20","元富-吉利",0,7,-7
"5629","1570力肯","110/07/20","台灣企銀-太平",2,0,2
"5630","1570力肯","110/07/20","台中銀-員林",0,7,-7
"5631","1570力肯","110/07/20","兆豐-忠孝",2,0,2
"5632","1570力肯","110/07/20","玉山證券",1,8,-7
"5633","1570力肯","110/07/20","玉山-城中",2,0,2
"5634","1570力肯","110/07/20","統一-三重",0,5,-5
"5635","1570力肯","110/07/20","國泰-板橋",2,0,2
"5636","1570力肯","110/07/20","光和-溪湖",0,3,-3
"5637","1570力肯","110/07/20","凱基-台北",2,0,2
"5638","1570力肯","110/07/20","康和-澎湖",0,3,-3
"5639","1570力肯","110/07/20","華南永昌-高雄",2,0,2
"5640","1570力肯","110/07/20","摩根大通",0,2,-2
"5641","6180橘子","110/07/20","摩根大通",89,31,58
"5642","6180橘子","110/07/20","群益金鼎-中山",0,80,-80
"5643","6180橘子","110/07/20","美商高盛",27,0,27
"5644","6180橘子","110/07/20","台中銀-台北",0,30,-30
"5645","6180橘子","110/07/20","新加坡商瑞銀",28,1,27
"5646","6180橘子","110/07/20","日盛-新莊",1,22,-21
"5647","6180橘子","110/07/20","新光",41,16,25
"5648","6180橘子","110/07/20","元富-緯城",2,20,-18
"5649","6180橘子","110/07/20","日盛-文化",21,0,21
"5650","6180橘子","110/07/20","日盛-新竹",2,15,-13
"5651","6180橘子","110/07/20","元富-潮州",20,0,20
"5652","6180橘子","110/07/20","元大-汐止",0,12,-12
"5653","6180橘子","110/07/20","凱基-台北",31,11,20
"5654","6180橘子","110/07/20","元大-豐原站前",0,12,-12
"5655","6180橘子","110/07/20","元大-草屯",18,0,18
"5656","6180橘子","110/07/20","德信-中正",0,10,-10
"5657","6180橘子","110/07/20","花旗環球",13,0,13
"5658","6180橘子","110/07/20","新光-台南",0,10,-10
"5659","6180橘子","110/07/20","元大-桃園",12,0,12
"5660","6180橘子","110/07/20","玉山-雙和",0,10,-10
"5661","6180橘子","110/07/20","群益金鼎",10,0,10
"5662","6180橘子","110/07/20","元大-四維",0,10,-10
"5663","6180橘子","110/07/20","元大-高雄",10,0,10
"5664","6180橘子","110/07/20","元大-永春",2,12,-10
"5665","6180橘子","110/07/20","群益金鼎-嘉義",9,0,9
"5666","6180橘子","110/07/20","凱基-高美館",0,8,-8
"5667","6180橘子","110/07/20","富邦-嘉義",9,0,9
"5668","6180橘子","110/07/20","華南永昌",2,10,-8
"5669","6180橘子","110/07/20","元富-草屯",10,2,8
"5670","6180橘子","110/07/20","富邦-台北",0,8,-8
"5671","2390云辰","110/07/20","元大證券",6043,11,6032
"5672","2390云辰","110/07/20","華南永昌-鳳山",2,312,-310
"5673","2390云辰","110/07/20","兆豐-復興",998,0,998
"5674","2390云辰","110/07/20","台灣摩根士丹利",0,247,-247
"5675","2390云辰","110/07/20","富邦-嘉義",775,7,768
"5676","2390云辰","110/07/20","元大-復北",4,239,-235
"5677","2390云辰","110/07/20","統一-台中",350,6,344
"5678","2390云辰","110/07/20","富邦-建國",25,236,-211
"5679","2390云辰","110/07/20","兆豐-城中",240,0,240
"5680","2390云辰","110/07/20","元富-中港",0,202,-202
"5681","2390云辰","110/07/20","群益金鼎-館前",204,2,202
"5682","2390云辰","110/07/20","國泰-敦南",20,194,-174
"5683","2390云辰","110/07/20","凱基-大直",187,0,187
"5684","2390云辰","110/07/20","元大-土城學府",10,156,-146
"5685","2390云辰","110/07/20","永豐金證券",160,10,150
"5686","2390云辰","110/07/20","中國信託-松江",0,130,-130
"5687","2390云辰","110/07/20","日盛-高雄",104,2,102
"5688","2390云辰","110/07/20","凱基-基隆",0,130,-130
"5689","2390云辰","110/07/20","凱基-中山",100,3,97
"5690","2390云辰","110/07/20","永豐金-中正",1,117,-116
"5691","2390云辰","110/07/20","元大-基隆",85,7,78
"5692","2390云辰","110/07/20","富邦-陽明",1,94,-93
"5693","2390云辰","110/07/20","群益金鼎-東大",64,2,62
"5694","2390云辰","110/07/20","元大-潮州",20,112,-92
"5695","2390云辰","110/07/20","元大-前金",60,1,59
"5696","2390云辰","110/07/20","宏遠證券",0,89,-89
"5697","2390云辰","110/07/20","國票-北高雄",63,14,49
"5698","2390云辰","110/07/20","兆豐-台中",0,75,-75
"5699","2390云辰","110/07/20","群益金鼎-三重",40,6,34
"5700","2390云辰","110/07/20","新光",8,82,-74
"5701","2363矽統","110/07/19","第一金-忠孝",210,0,210
"5702","2363矽統","110/07/19","富邦-仁愛",32,575,-543
"5703","2363矽統","110/07/19","中國信託-文心",191,9,182
"5704","2363矽統","110/07/19","新加坡商瑞銀",53,486,-433
"5705","2363矽統","110/07/19","華南永昌-鳳山",116,1,115
"5706","2363矽統","110/07/19","摩根大通",42,320,-278
"5707","2363矽統","110/07/19","元大-新竹",113,12,101
"5708","2363矽統","110/07/19","元大-竹科",3,201,-198
"5709","2363矽統","110/07/19","凱基-中山",89,1,88
"5710","2363矽統","110/07/19","元大-成功",7,183,-176
"5711","2363矽統","110/07/19","永豐金-嘉義",82,7,75
"5712","2363矽統","110/07/19","凱基-大里",0,150,-150
"5713","2363矽統","110/07/19","凱基-台南",72,4,68
"5714","2363矽統","110/07/19","瑞士信貸",80,215,-135
"5715","2363矽統","110/07/19","元富-城東",84,17,67
"5716","2363矽統","110/07/19","日盛-新莊",4,135,-131
"5717","2363矽統","110/07/19","群益金鼎-東湖",61,0,61
"5718","2363矽統","110/07/19","宏遠-桃園",20,150,-130
"5719","2363矽統","110/07/19","兆豐-中壢",55,0,55
"5720","2363矽統","110/07/19","凱基-三重",7,107,-100
"5721","2363矽統","110/07/19","康和-內湖",55,1,54
"5722","2363矽統","110/07/19","凱基-台北",384,476,-92
"5723","2363矽統","110/07/19","群益金鼎-桃園",55,2,53
"5724","2363矽統","110/07/19","合庫-台中",3,84,-81
"5725","2363矽統","110/07/19","群益金鼎-大興",50,0,50
"5726","2363矽統","110/07/19","致和-金華",1,80,-79
"5727","2363矽統","110/07/19","台新-台中",81,32,49
"5728","2363矽統","110/07/19","凱基-員林",5,77,-72
"5729","2363矽統","110/07/19","北城證券",58,10,48
"5730","2363矽統","110/07/19","華南永昌-合泰",2,70,-68
"5731","8112至上","110/07/19","摩根大通",1413,144,1269
"5732","8112至上","110/07/19","凱基-三重",3,600,-597
"5733","8112至上","110/07/19","凱基-台北",1053,266,787
"5734","8112至上","110/07/19","元大-府城",0,165,-165
"5735","8112至上","110/07/19","新加坡商瑞銀",523,2,521
"5736","8112至上","110/07/19","台灣企銀-台中",0,150,-150
"5737","8112至上","110/07/19","台灣摩根士丹利",487,8,479
"5738","8112至上","110/07/19","(牛牛牛)亞-鑫豐",26,119,-93
"5739","8112至上","110/07/19","美林",529,93,436
"5740","8112至上","110/07/19","永豐金-台南",15,95,-80
"5741","8112至上","110/07/19","港商野村",358,36,322
"5742","8112至上","110/07/19","亞東-板橋",2,81,-79
"5743","8112至上","110/07/19","美商高盛",276,3,273
"5744","8112至上","110/07/19","陽信",0,70,-70
"5745","8112至上","110/07/19","兆豐-公益",180,7,173
"5746","8112至上","110/07/19","元富-佳里",0,69,-69
"5747","8112至上","110/07/19","國泰-板橋",116,15,101
"5748","8112至上","110/07/19","臺銀-鳳山",7,72,-65
"5749","8112至上","110/07/19","凱基-新莊",100,1,99
"5750","8112至上","110/07/19","兆豐-竹北",4,65,-61
"5751","8112至上","110/07/19","凱基-市政",89,0,89
"5752","8112至上","110/07/19","國泰-新莊",2,62,-60
"5753","8112至上","110/07/19","玉山證券",73,7,66
"5754","8112至上","110/07/19","元富-大裕",2,60,-58
"5755","8112至上","110/07/19","花旗環球",64,0,64
"5756","8112至上","110/07/19","臺灣企銀-桃園",0,55,-55
"5757","8112至上","110/07/19","合庫-台中",55,3,52
"5758","8112至上","110/07/19","康和-台南",4,59,-55
"5759","8112至上","110/07/19","永豐金-中壢",50,1,49
"5760","8112至上","110/07/19","第一金-華江",3,55,-52
"5761","1570力肯","110/07/19","國票-北高雄",34,0,34
"5762","1570力肯","110/07/19","合庫-三重",0,8,-8
"5763","1570力肯","110/07/19","新光",30,3,27
"5764","1570力肯","110/07/19","元大-高雄",0,8,-8
"5765","1570力肯","110/07/19","凱基-台北",24,1,23
"5766","1570力肯","110/07/19","合庫-台中",0,7,-7
"5767","1570力肯","110/07/19","台灣摩根士丹利",7,0,7
"5768","1570力肯","110/07/19","臺銀-臺中",0,6,-6
"5769","1570力肯","110/07/19","元大-林森",5,0,5
"5770","1570力肯","110/07/19","摩根大通",6,11,-5
"5771","1570力肯","110/07/19","元大-士林",4,0,4
"5772","1570力肯","110/07/19","元富-緯城",0,4,-4
"5773","1570力肯","110/07/19","玉山證券",8,5,3
"5774","1570力肯","110/07/19","玉山-台大",0,4,-4
"5775","1570力肯","110/07/19","統一-城中",2,0,2
"5776","1570力肯","110/07/19","群益金鼎-三重",0,4,-4
"5777","1570力肯","110/07/19","元大-基隆孝二",2,0,2
"5778","1570力肯","110/07/19","凱基-鳳山",1,5,-4
"5779","1570力肯","110/07/19","土銀-建國",1,0,1
"5780","1570力肯","110/07/19","元大-板橋",0,4,-4
"5781","1570力肯","110/07/19","日盛-復興",1,0,1
"5782","1570力肯","110/07/19","日盛-和美",0,3,-3
"5783","1570力肯","110/07/19","瑞士信貸",1,0,1
"5784","1570力肯","110/07/19","元富-新店",2,5,-3
"5785","1570力肯","110/07/19","元富-四維",1,0,1
"5786","1570力肯","110/07/19","元大-新莊",0,3,-3
"5787","1570力肯","110/07/19","群益金鼎-北高雄",1,0,1
"5788","1570力肯","110/07/19","永豐金-敦南",0,3,-3
"5789","1570力肯","110/07/19","凱基-高美館",1,0,1
"5790","1570力肯","110/07/19","永豐金-台中",0,3,-3
"5791","2929淘帝","110/07/19","元大-民生",28,0,28
"5792","2929淘帝","110/07/19","元大-六合",0,40,-40
"5793","2929淘帝","110/07/19","宏遠-光隆",25,0,25
"5794","2929淘帝","110/07/19","新光-新竹",0,35,-35
"5795","2929淘帝","110/07/19","華南永昌-苗栗",20,0,20
"5796","2929淘帝","110/07/19","新加坡商瑞銀",1,30,-29
"5797","2929淘帝","110/07/19","元大-員林",20,0,20
"5798","2929淘帝","110/07/19","永豐金-永康",0,27,-27
"5799","2929淘帝","110/07/19","合庫-高雄",18,0,18
"5800","2929淘帝","110/07/19","凱基-復興",0,24,-24
"5801","2929淘帝","110/07/19","臺銀-鳳山",18,0,18
"5802","2929淘帝","110/07/19","日盛-豐原",0,22,-22
"5803","2929淘帝","110/07/19","日盛-雙和",17,0,17
"5804","2929淘帝","110/07/19","富邦-南屯",1,22,-21
"5805","2929淘帝","110/07/19","華南永昌-林口",15,0,15
"5806","2929淘帝","110/07/19","新光",1,21,-20
"5807","2929淘帝","110/07/19","元大-屏南",15,0,15
"5808","2929淘帝","110/07/19","華南永昌",0,20,-20
"5809","2929淘帝","110/07/19","台新-中壢",12,0,12
"5810","2929淘帝","110/07/19","富邦-竹東",2,22,-20
"5811","2929淘帝","110/07/19","新光-台中",11,0,11
"5812","2929淘帝","110/07/19","凱基-士林",0,16,-16
"5813","2929淘帝","110/07/19","凱基-台北",20,9,11
"5814","2929淘帝","110/07/19","福勝",0,15,-15
"5815","2929淘帝","110/07/19","富邦-台北",11,0,11
"5816","2929淘帝","110/07/19","港商野村",25,37,-12
"5817","2929淘帝","110/07/19","合庫-自強",10,0,10
"5818","2929淘帝","110/07/19","群益金鼎-建成",0,11,-11
"5819","2929淘帝","110/07/19","凱基-豐中",10,0,10
"5820","2929淘帝","110/07/19","華南永昌-朴子",0,11,-11
"5821","5410國眾","110/07/19","香港上海匯豐",28,0,28
"5822","5410國眾","110/07/19","群益金鼎-內湖",0,80,-80
"5823","5410國眾","110/07/19","大昌",26,0,26
"5824","5410國眾","110/07/19","永豐金-屏東",0,14,-14
"5825","5410國眾","110/07/19","兆豐-公益",20,0,20
"5826","5410國眾","110/07/19","永豐金-南京",0,10,-10
"5827","5410國眾","110/07/19","合庫-嘉義",10,0,10
"5828","5410國眾","110/07/19","元大-內湖",0,9,-9
"5829","5410國眾","110/07/19","台新-左楠",20,10,10
"5830","5410國眾","110/07/19","富邦-永和",0,8,-8
"5831","5410國眾","110/07/19","摩根大通",15,6,9
"5832","5410國眾","110/07/19","日盛-景美",0,6,-6
"5833","5410國眾","110/07/19","台灣企銀-民雄",8,0,8
"5834","5410國眾","110/07/19","光和",1,7,-6
"5835","5410國眾","110/07/19","元大-竹科",8,0,8
"5836","5410國眾","110/07/19","元大-士林",0,6,-6
"5837","5410國眾","110/07/19","凱基-台北",9,3,6
"5838","5410國眾","110/07/19","新光-台中",0,5,-5
"5839","5410國眾","110/07/19","元大-博愛",6,0,6
"5840","5410國眾","110/07/19","元大-景美",0,5,-5
"5841","5410國眾","110/07/19","台新-三民",5,0,5
"5842","5410國眾","110/07/19","大慶-蘆洲",0,4,-4
"5843","5410國眾","110/07/19","群益金鼎-中壢",5,0,5
"5844","5410國眾","110/07/19","中國信託-新竹",0,4,-4
"5845","5410國眾","110/07/19","群益金鼎-嘉義",5,0,5
"5846","5410國眾","110/07/19","新光",6,10,-4
"5847","5410國眾","110/07/19","日盛證券",4,0,4
"5848","5410國眾","110/07/19","元大-基隆孝二",0,4,-4
"5849","5410國眾","110/07/19","群益金鼎-新店",4,0,4
"5850","5410國眾","110/07/19","土銀-台中",0,3,-3
"5851","2841台開","110/07/19","元富-城東",150,0,150
"5852","2841台開","110/07/19","日進",0,80,-80
"5853","2841台開","110/07/19","中國信託-忠孝",80,0,80
"5854","2841台開","110/07/19","港商野村",0,77,-77
"5855","2841台開","110/07/19","凱基-台北",52,0,52
"5856","2841台開","110/07/19","摩根大通",0,41,-41
"5857","2841台開","110/07/19","美商高盛",48,0,48
"5858","2841台開","110/07/19","元大-三重",1,38,-37
"5859","2841台開","110/07/19","台中銀",43,0,43
"5860","2841台開","110/07/19","元大-福營",0,30,-30
"5861","2841台開","110/07/19","永豐金-豐原",32,0,32
"5862","2841台開","110/07/19","新光",4,28,-24
"5863","2841台開","110/07/19","豐農",20,0,20
"5864","2841台開","110/07/19","元大-竹科",0,22,-22
"5865","2841台開","110/07/19","台新-台中",30,10,20
"5866","2841台開","110/07/19","永豐金-敦南",33,55,-22
"5867","2841台開","110/07/19","華南永昌-新莊",20,0,20
"5868","2841台開","110/07/19","日盛-二林",0,15,-15
"5869","2841台開","110/07/19","第一金-台中",12,0,12
"5870","2841台開","110/07/19","元富-虎尾",0,15,-15
"5871","2841台開","110/07/19","國泰-台中",12,0,12
"5872","2841台開","110/07/19","華南永昌-世貿",0,15,-15
"5873","2841台開","110/07/19","日茂",10,0,10
"5874","2841台開","110/07/19","統一-三多",0,12,-12
"5875","2841台開","110/07/19","凱基-埔墘",10,0,10
"5876","2841台開","110/07/19","台中銀-豐原",0,10,-10
"5877","2841台開","110/07/19","永豐金-內湖",8,0,8
"5878","2841台開","110/07/19","元大-頭份",0,10,-10
"5879","2841台開","110/07/19","合庫-台中",7,0,7
"5880","2841台開","110/07/19","合庫-台南",0,8,-8
"5881","6207雷科","110/07/19","元富-信義",92,0,92
"5882","6207雷科","110/07/19","新加坡商瑞銀",5,104,-99
"5883","6207雷科","110/07/19","國泰證券",90,0,90
"5884","6207雷科","110/07/19","富邦-彰化",2,97,-95
"5885","6207雷科","110/07/19","元富-城中",80,4,76
"5886","6207雷科","110/07/19","永豐金-內湖",6,85,-79
"5887","6207雷科","110/07/19","元大-福營",71,5,66
"5888","6207雷科","110/07/19","摩根大通",102,164,-62
"5889","6207雷科","110/07/19","凱基-復興",60,0,60
"5890","6207雷科","110/07/19","瑞士信貸",0,51,-51
"5891","6207雷科","110/07/19","凱基-台北",91,46,45
"5892","6207雷科","110/07/19","凱基-板橋",10,55,-45
"5893","6207雷科","110/07/19","玉山-城中",42,0,42
"5894","6207雷科","110/07/19","華南永昌-大安",0,40,-40
"5895","6207雷科","110/07/19","華南永昌-長虹",40,0,40
"5896","6207雷科","110/07/19","群益金鼎-東大",1,40,-39
"5897","6207雷科","110/07/19","永豐金-羅東",38,0,38
"5898","6207雷科","110/07/19","台新-高雄",15,47,-32
"5899","6207雷科","110/07/19","日盛-忠孝",36,2,34
"5900","6207雷科","110/07/19","玉山-嘉義",1,32,-31
"5901","6207雷科","110/07/19","凱基-羅東",37,3,34
"5902","6207雷科","110/07/19","凱基-中港",0,30,-30
"5903","6207雷科","110/07/19","第一金-新竹",30,0,30
"5904","6207雷科","110/07/19","元大-六合",7,36,-29
"5905","6207雷科","110/07/19","玉山-數位",27,1,26
"5906","6207雷科","110/07/19","元富-花蓮",0,28,-28
"5907","6207雷科","110/07/19","凱基-長庚",22,0,22
"5908","6207雷科","110/07/19","群益金鼎-瑞豐",6,34,-28
"5909","6207雷科","110/07/19","台灣企銀-北高雄",20,0,20
"5910","6207雷科","110/07/19","新百王",0,26,-26
"5911","3679新至陞","110/07/19","元大-成功",7,0,7
"5912","3679新至陞","110/07/19","群益金鼎-大安",0,15,-15
"5913","3679新至陞","110/07/19","美商高盛",6,0,6
"5914","3679新至陞","110/07/19","凱基-民權",0,10,-10
"5915","3679新至陞","110/07/19","台新-高雄",5,0,5
"5916","3679新至陞","110/07/19","元大-西門",0,10,-10
"5917","3679新至陞","110/07/19","凱基-松山",5,0,5
"5918","3679新至陞","110/07/19","瑞士信貸",0,6,-6
"5919","3679新至陞","110/07/19","日盛-員林",4,0,4
"5920","3679新至陞","110/07/19","兆豐-高雄",0,6,-6
"5921","3679新至陞","110/07/19","台中銀-員林",4,0,4
"5922","3679新至陞","110/07/19","群益金鼎",0,5,-5
"5923","3679新至陞","110/07/19","(牛牛牛)亞-網路",3,0,3
"5924","3679新至陞","110/07/19","元大-永春",0,4,-4
"5925","3679新至陞","110/07/19","大昌-新店",3,0,3
"5926","3679新至陞","110/07/19","凱基-台北",2,5,-3
"5927","3679新至陞","110/07/19","凱基-埔墘",3,0,3
"5928","3679新至陞","110/07/19","港商法國興業",0,2,-2
"5929","3679新至陞","110/07/19","元大-板橋",3,0,3
"5930","3679新至陞","110/07/19","摩根大通",2,4,-2
"5931","3679新至陞","110/07/19","臺銀-金山",2,0,2
"5932","3679新至陞","110/07/19","元大-金門",0,2,-2
"5933","3679新至陞","110/07/19","日盛-樹林",2,0,2
"5934","3679新至陞","110/07/19","元大-土城",0,2,-2
"5935","3679新至陞","110/07/19","致和-東門",2,0,2
"5936","3679新至陞","110/07/19","日盛-鳳山",0,1,-1
"5937","3679新至陞","110/07/19","國票-敦北法人",2,0,2
"5938","3679新至陞","110/07/19","美林",1,2,-1
"5939","3679新至陞","110/07/19","台新證券",2,0,2
"5940","3679新至陞","110/07/19","第一金",0,1,-1
"5941","2727王品","110/07/19","台新證券",374,33,341
"5942","2727王品","110/07/19","台灣摩根士丹利",25,188,-163
"5943","2727王品","110/07/19","瑞士信貸",217,1,216
"5944","2727王品","110/07/19","港商野村",74,198,-124
"5945","2727王品","110/07/19","兆豐-南京",200,0,200
"5946","2727王品","110/07/19","統一",6,80,-74
"5947","2727王品","110/07/19","第一金",70,1,69
"5948","2727王品","110/07/19","合庫-台中",8,79,-71
"5949","2727王品","110/07/19","元大-小港",59,1,58
"5950","2727王品","110/07/19","凱基-台北",178,231,-53
"5951","2727王品","110/07/19","玉山-桃園",42,6,36
"5952","2727王品","110/07/19","富邦-中壢",3,52,-49
"5953","2727王品","110/07/19","永豐金-大園",31,0,31
"5954","2727王品","110/07/19","凱基-永華",0,43,-43
"5955","2727王品","110/07/19","兆豐-大安",30,0,30
"5956","2727王品","110/07/19","土銀-台中",0,36,-36
"5957","2727王品","110/07/19","美商高盛",38,15,23
"5958","2727王品","110/07/19","美林",8,41,-33
"5959","2727王品","110/07/19","康和-澎湖",23,1,22
"5960","2727王品","110/07/19","中國信託-忠孝",1,33,-32
"5961","2727王品","110/07/19","第一金-高雄",21,0,21
"5962","2727王品","110/07/19","新光",31,61,-30
"5963","2727王品","110/07/19","國票-內壢",21,0,21
"5964","2727王品","110/07/19","第一金-豐原",0,26,-26
"5965","2727王品","110/07/19","元大-桃興",19,3,16
"5966","2727王品","110/07/19","富邦-彰化",0,26,-26
"5967","2727王品","110/07/19","凱基-三重",16,1,15
"5968","2727王品","110/07/19","摩根大通",78,97,-19
"5969","2727王品","110/07/19","永豐金-南投",16,1,15
"5970","2727王品","110/07/19","國泰證券",2,21,-19
"5971","1570力肯","110/07/19","國票-北高雄",34,0,34
"5972","1570力肯","110/07/19","合庫-三重",0,8,-8
"5973","1570力肯","110/07/19","新光",30,3,27
"5974","1570力肯","110/07/19","元大-高雄",0,8,-8
"5975","1570力肯","110/07/19","凱基-台北",24,1,23
"5976","1570力肯","110/07/19","合庫-台中",0,7,-7
"5977","1570力肯","110/07/19","台灣摩根士丹利",7,0,7
"5978","1570力肯","110/07/19","臺銀-臺中",0,6,-6
"5979","1570力肯","110/07/19","元大-林森",5,0,5
"5980","1570力肯","110/07/19","摩根大通",6,11,-5
"5981","1570力肯","110/07/19","元大-士林",4,0,4
"5982","1570力肯","110/07/19","元富-緯城",0,4,-4
"5983","1570力肯","110/07/19","玉山證券",8,5,3
"5984","1570力肯","110/07/19","玉山-台大",0,4,-4
"5985","1570力肯","110/07/19","統一-城中",2,0,2
"5986","1570力肯","110/07/19","群益金鼎-三重",0,4,-4
"5987","1570力肯","110/07/19","元大-基隆孝二",2,0,2
"5988","1570力肯","110/07/19","凱基-鳳山",1,5,-4
"5989","1570力肯","110/07/19","土銀-建國",1,0,1
"5990","1570力肯","110/07/19","元大-板橋",0,4,-4
"5991","1570力肯","110/07/19","日盛-復興",1,0,1
"5992","1570力肯","110/07/19","日盛-和美",0,3,-3
"5993","1570力肯","110/07/19","瑞士信貸",1,0,1
"5994","1570力肯","110/07/19","元富-新店",2,5,-3
"5995","1570力肯","110/07/19","元富-四維",1,0,1
"5996","1570力肯","110/07/19","元大-新莊",0,3,-3
"5997","1570力肯","110/07/19","群益金鼎-北高雄",1,0,1
"5998","1570力肯","110/07/19","永豐金-敦南",0,3,-3
"5999","1570力肯","110/07/19","凱基-高美館",1,0,1
"6000","1570力肯","110/07/19","永豐金-台中",0,3,-3
"6001","6180橘子","110/07/19","兆豐證券",55,0,55
"6002","6180橘子","110/07/19","石橋證券",0,80,-80
"6003","6180橘子","110/07/19","凱基-台北",89,35,54
"6004","6180橘子","110/07/19","永豐金-大園",2,50,-48
"6005","6180橘子","110/07/19","合庫-自強",36,0,36
"6006","6180橘子","110/07/19","群益金鼎-屏東",0,40,-40
"6007","6180橘子","110/07/19","新光",50,25,25
"6008","6180橘子","110/07/19","國泰-敦南",0,19,-19
"6009","6180橘子","110/07/19","日盛-龍潭",20,0,20
"6010","6180橘子","110/07/19","日盛-新竹",2,20,-18
"6011","6180橘子","110/07/19","元大-斗信",16,1,15
"6012","6180橘子","110/07/19","摩根大通",17,35,-18
"6013","6180橘子","110/07/19","康和-台中",12,0,12
"6014","6180橘子","110/07/19","富邦-陽明",0,17,-17
"6015","6180橘子","110/07/19","國泰-台中",14,2,12
"6016","6180橘子","110/07/19","美商高盛",11,27,-16
"6017","6180橘子","110/07/19","富邦-嘉義",12,0,12
"6018","6180橘子","110/07/19","統一-宜蘭",0,14,-14
"6019","6180橘子","110/07/19","元大-草屯",12,0,12
"6020","6180橘子","110/07/19","凱基-興隆",0,12,-12
"6021","6180橘子","110/07/19","元富-桃園",11,0,11
"6022","6180橘子","110/07/19","台中銀-豐原",1,11,-10
"6023","6180橘子","110/07/19","兆豐-城中",10,0,10
"6024","6180橘子","110/07/19","永豐金-豐原",0,10,-10
"6025","6180橘子","110/07/19","元大-旗山",10,0,10
"6026","6180橘子","110/07/19","永豐金-竹科",0,10,-10
"6027","6180橘子","110/07/19","元大-大安",10,0,10
"6028","6180橘子","110/07/19","臺銀-鳳山",1,10,-9
"6029","6180橘子","110/07/19","大昌-新店",9,0,9
"6030","6180橘子","110/07/19","群益金鼎-台南",0,9,-9
"6031","2390云辰","110/07/19","摩根大通",1135,266,869
"6032","2390云辰","110/07/19","元富-成功",15,119,-104
"6033","2390云辰","110/07/19","台灣摩根士丹利",232,40,192
"6034","2390云辰","110/07/19","元富-中港",5,101,-96
"6035","2390云辰","110/07/19","凱基-台北",669,504,165
"6036","2390云辰","110/07/19","元富-嘉義",5,85,-80
"6037","2390云辰","110/07/19","美林",290,159,131
"6038","2390云辰","110/07/19","美商高盛",11,62,-51
"6039","2390云辰","110/07/19","統一",111,8,103
"6040","2390云辰","110/07/19","群益金鼎-西松",4,54,-50
"6041","2390云辰","110/07/19","元富-埔里",102,0,102
"6042","2390云辰","110/07/19","聯邦商銀",0,48,-48
"6043","2390云辰","110/07/19","華南永昌-台中",126,26,100
"6044","2390云辰","110/07/19","元大-萬華",15,57,-42
"6045","2390云辰","110/07/19","永豐金-豐原",100,32,68
"6046","2390云辰","110/07/19","群益金鼎-高雄",2,42,-40
"6047","2390云辰","110/07/19","台新-台南",87,25,62
"6048","2390云辰","110/07/19","國泰-敦南",117,154,-37
"6049","2390云辰","110/07/19","台新-左楠",67,11,56
"6050","2390云辰","110/07/19","中國信託-文心",5,40,-35
"6051","2390云辰","110/07/19","國泰-忠孝",52,0,52
"6052","2390云辰","110/07/19","凱基-城中",16,51,-35
"6053","2390云辰","110/07/19","台新證券",105,54,51
"6054","2390云辰","110/07/19","瑞士信貸",0,31,-31
"6055","2390云辰","110/07/19","華南永昌-頭份",53,3,50
"6056","2390云辰","110/07/19","中國信託-永康",1,32,-31
"6057","2390云辰","110/07/19","新光-台南",44,0,44
"6058","2390云辰","110/07/19","統一-彰化",2,32,-30
"6059","2390云辰","110/07/19","合庫-西台中",50,8,42
"6060","2390云辰","110/07/19","元大-館前",7,37,-30
"6061","2363矽統","110/07/16","國票-長城",461,21,440
"6062","2363矽統","110/07/16","新加坡商瑞銀",155,482,-327
"6063","2363矽統","110/07/16","凱基-豐中",201,3,198
"6064","2363矽統","110/07/16","港商野村",253,546,-293
"6065","2363矽統","110/07/16","凱基-土城",132,9,123
"6066","2363矽統","110/07/16","摩根大通",116,401,-285
"6067","2363矽統","110/07/16","台新證券",199,78,121
"6068","2363矽統","110/07/16","瑞士信貸",291,533,-242
"6069","2363矽統","110/07/16","日盛-中和",74,0,74
"6070","2363矽統","110/07/16","日盛-竹北",19,248,-229
"6071","2363矽統","110/07/16","日盛-員林",66,3,63
"6072","2363矽統","110/07/16","臺銀-金山",4,211,-207
"6073","2363矽統","110/07/16","國票-中和",60,3,57
"6074","2363矽統","110/07/16","元大-大統",13,138,-125
"6075","2363矽統","110/07/16","新光",240,184,56
"6076","2363矽統","110/07/16","永豐金證券",11,125,-114
"6077","2363矽統","110/07/16","富邦-竹東",65,9,56
"6078","2363矽統","110/07/16","兆豐-民生",2,101,-99
"6079","2363矽統","110/07/16","華南永昌-鳳山",56,1,55
"6080","2363矽統","110/07/16","群益金鼎-松山",2,100,-98
"6081","2363矽統","110/07/16","凱基-台北",520,466,54
"6082","2363矽統","110/07/16","元大-花蓮",8,99,-91
"6083","2363矽統","110/07/16","元富-城東",63,12,51
"6084","2363矽統","110/07/16","華南永昌-虎尾",68,154,-86
"6085","2363矽統","110/07/16","群益金鼎-桃園",56,5,51
"6086","2363矽統","110/07/16","富邦-新竹華信",7,89,-82
"6087","2363矽統","110/07/16","北城證券",60,10,50
"6088","2363矽統","110/07/16","元大-佳里",3,81,-78
"6089","2363矽統","110/07/16","國票-九鼎",57,7,50
"6090","2363矽統","110/07/16","玉山-南京東路",0,73,-73
"6091","8112至上","110/07/16","宏遠證券",551,6,545
"6092","8112至上","110/07/16","玉山-桃園",42,318,-276
"6093","8112至上","110/07/16","台灣摩根士丹利",317,11,306
"6094","8112至上","110/07/16","美林",64,305,-241
"6095","8112至上","110/07/16","新加坡商瑞銀",378,73,305
"6096","8112至上","110/07/16","宏遠-館前",16,212,-196
"6097","8112至上","110/07/16","凱基-台北",758,553,205
"6098","8112至上","110/07/16","玉山-嘉義",19,95,-76
"6099","8112至上","110/07/16","富邦證券",127,0,127
"6100","8112至上","110/07/16","群益金鼎-三民",7,82,-75
"6101","8112至上","110/07/16","台新證券",129,30,99
"6102","8112至上","110/07/16","日盛-二林",1,73,-72
"6103","8112至上","110/07/16","花旗環球",97,0,97
"6104","8112至上","110/07/16","玉山-台大",8,76,-68
"6105","8112至上","110/07/16","永豐金-台南",97,8,89
"6106","8112至上","110/07/16","元富-台南",1,68,-67
"6107","8112至上","110/07/16","元大-大天母",93,15,78
"6108","8112至上","110/07/16","玉山-板橋",4,71,-67
"6109","8112至上","110/07/16","亞東-板橋",72,2,70
"6110","8112至上","110/07/16","臺灣企銀-埔墘",0,60,-60
"6111","8112至上","110/07/16","永豐金-中正",64,9,55
"6112","8112至上","110/07/16","華南永昌-鶯歌",11,64,-53
"6113","8112至上","110/07/16","大昌-樹林",53,2,51
"6114","8112至上","110/07/16","元大-士林",7,59,-52
"6115","8112至上","110/07/16","凱基-永和",56,5,51
"6116","8112至上","110/07/16","元富-新店",8,57,-49
"6117","8112至上","110/07/16","兆豐-竹北",53,3,50
"6118","8112至上","110/07/16","富邦-陽明",9,58,-49
"6119","8112至上","110/07/16","日盛-豐原",48,0,48
"6120","8112至上","110/07/16","元大-發財",0,49,-49
"6121","1570力肯","110/07/16","新光",71,6,65
"6122","1570力肯","110/07/16","元大-高雄",0,23,-23
"6123","1570力肯","110/07/16","國票-北高雄",21,0,21
"6124","1570力肯","110/07/16","合庫-台南",0,20,-20
"6125","1570力肯","110/07/16","凱基-台北",17,1,16
"6126","1570力肯","110/07/16","元富-新店",0,15,-15
"6127","1570力肯","110/07/16","群益金鼎-高雄",15,0,15
"6128","1570力肯","110/07/16","元大-東港",0,10,-10
"6129","1570力肯","110/07/16","富邦-建國",10,0,10
"6130","1570力肯","110/07/16","中國信託",0,7,-7
"6131","1570力肯","110/07/16","元大-士林",5,0,5
"6132","1570力肯","110/07/16","台新證券",0,6,-6
"6133","1570力肯","110/07/16","瑞士信貸",3,0,3
"6134","1570力肯","110/07/16","日盛-信義",0,5,-5
"6135","1570力肯","110/07/16","臺銀-高雄",2,0,2
"6136","1570力肯","110/07/16","宏遠-館前",0,5,-5
"6137","1570力肯","110/07/16","華南永昌",2,0,2
"6138","1570力肯","110/07/16","國泰-館前",0,5,-5
"6139","1570力肯","110/07/16","元富-同大",1,0,1
"6140","1570力肯","110/07/16","富邦-園區",0,5,-5
"6141","1570力肯","110/07/16","兆豐-麻豆",1,0,1
"6142","1570力肯","110/07/16","永豐金-中正",0,5,-5
"6143","1570力肯","110/07/16","國泰-板橋",1,0,1
"6144","1570力肯","110/07/16","(牛牛牛)亞-鑫豐",0,4,-4
"6145","1570力肯","110/07/16","群益金鼎-東湖",1,0,1
"6146","1570力肯","110/07/16","台中銀-員林",0,3,-3
"6147","1570力肯","110/07/16","元大-東泰",1,0,1
"6148","1570力肯","110/07/16","玉山-新莊",0,3,-3
"6149","1570力肯","110/07/16","元大-南勢角",1,0,1
"6150","1570力肯","110/07/16","凱基-長庚",0,3,-3
"6151","2929淘帝","110/07/16","元大-民生",28,0,28
"6152","2929淘帝","110/07/16","玉山-新竹",0,30,-30
"6153","2929淘帝","110/07/16","元大-員林",20,0,20
"6154","2929淘帝","110/07/16","合庫證券",0,20,-20
"6155","2929淘帝","110/07/16","兆豐-桃鶯",12,0,12
"6156","2929淘帝","110/07/16","元大-六合",0,20,-20
"6157","2929淘帝","110/07/16","元大-大統",10,0,10
"6158","2929淘帝","110/07/16","摩根大通",0,12,-12
"6159","2929淘帝","110/07/16","新加坡商瑞銀",9,0,9
"6160","2929淘帝","110/07/16","永興",0,6,-6
"6161","2929淘帝","110/07/16","凱基-基隆",6,0,6
"6162","2929淘帝","110/07/16","凱基-長庚",0,5,-5
"6163","2929淘帝","110/07/16","合庫-高雄",5,0,5
"6164","2929淘帝","110/07/16","群益金鼎-潭子",0,4,-4
"6165","2929淘帝","110/07/16","台新-台中",6,1,5
"6166","2929淘帝","110/07/16","華南永昌-小港",2,6,-4
"6167","2929淘帝","110/07/16","元大-承德",5,0,5
"6168","2929淘帝","110/07/16","華南永昌-虎尾",0,4,-4
"6169","2929淘帝","110/07/16","元大-沙鹿",5,0,5
"6170","2929淘帝","110/07/16","日盛-和美",0,3,-3
"6171","2929淘帝","110/07/16","大慶-苗栗",5,1,4
"6172","2929淘帝","110/07/16","彰銀",0,3,-3
"6173","2929淘帝","110/07/16","台新-新營",4,0,4
"6174","2929淘帝","110/07/16","港商野村",7,10,-3
"6175","2929淘帝","110/07/16","凱基-台北",6,2,4
"6176","2929淘帝","110/07/16","群益金鼎-中山",1,4,-3
"6177","2929淘帝","110/07/16","兆豐-台中港",3,0,3
"6178","2929淘帝","110/07/16","凱基-嘉義",0,3,-3
"6179","2929淘帝","110/07/16","國票-北高雄",3,0,3
"6180","2929淘帝","110/07/16","元大-斗信",0,3,-3
"6181","5410國眾","110/07/16","盈溢-籬子內",49,0,49
"6182","5410國眾","110/07/16","元大-博愛",0,41,-41
"6183","5410國眾","110/07/16","香港上海匯豐",31,0,31
"6184","5410國眾","110/07/16","元富-嘉義",0,20,-20
"6185","5410國眾","110/07/16","元大-東泰",30,0,30
"6186","5410國眾","110/07/16","國泰-桃園",0,18,-18
"6187","5410國眾","110/07/16","兆豐-台中港",20,0,20
"6188","5410國眾","110/07/16","元富",0,17,-17
"6189","5410國眾","110/07/16","臺銀-臺南",11,0,11
"6190","5410國眾","110/07/16","元大-新竹",0,14,-14
"6191","5410國眾","110/07/16","富邦-新竹華信",11,0,11
"6192","5410國眾","110/07/16","安泰-大發",0,11,-11
"6193","5410國眾","110/07/16","臺銀",10,0,10
"6194","5410國眾","110/07/16","大昌-樹林",0,10,-10
"6195","5410國眾","110/07/16","凱基-台北",8,1,7
"6196","5410國眾","110/07/16","群益金鼎-內湖",0,10,-10
"6197","5410國眾","110/07/16","日盛-士林",5,0,5
"6198","5410國眾","110/07/16","元大-樹林",0,10,-10
"6199","5410國眾","110/07/16","新光-桃園",5,0,5
"6200","5410國眾","110/07/16","元大-內湖",0,9,-9
"6201","5410國眾","110/07/16","國泰-台南",5,0,5
"6202","5410國眾","110/07/16","群益金鼎-永和",0,5,-5
"6203","5410國眾","110/07/16","群益金鼎-嘉義",5,0,5
"6204","5410國眾","110/07/16","凱基-屏東",0,5,-5
"6205","5410國眾","110/07/16","元大-屏南",5,0,5
"6206","5410國眾","110/07/16","統一-員林",0,4,-4
"6207","5410國眾","110/07/16","日盛-員林",3,0,3
"6208","5410國眾","110/07/16","國泰-松江",0,4,-4
"6209","5410國眾","110/07/16","瑞士信貸",3,0,3
"6210","5410國眾","110/07/16","凱基-台南",0,4,-4
"6211","2841台開","110/07/16","日盛證券",250,0,250
"6212","2841台開","110/07/16","元大-歸仁",0,590,-590
"6213","2841台開","110/07/16","凱基-文心",204,0,204
"6214","2841台開","110/07/16","摩根大通",0,245,-245
"6215","2841台開","110/07/16","國泰-館前",114,0,114
"6216","2841台開","110/07/16","日盛-信義",0,145,-145
"6217","2841台開","110/07/16","永豐金-豐原",75,0,75
"6218","2841台開","110/07/16","港商野村",0,103,-103
"6219","2841台開","110/07/16","台新-台中",76,10,66
"6220","2841台開","110/07/16","玉山-嘉義",5,54,-49
"6221","2841台開","110/07/16","中國信託-文心",51,5,46
"6222","2841台開","110/07/16","台新證券",22,63,-41
"6223","2841台開","110/07/16","華南永昌-新莊",41,10,31
"6224","2841台開","110/07/16","美商高盛",0,39,-39
"6225","2841台開","110/07/16","富邦-嘉義",30,0,30
"6226","2841台開","110/07/16","亞東-板橋",0,30,-30
"6227","2841台開","110/07/16","新光",26,0,26
"6228","2841台開","110/07/16","永豐金-北高雄",0,30,-30
"6229","2841台開","110/07/16","富邦-板橋",25,0,25
"6230","2841台開","110/07/16","日盛-忠孝",0,20,-20
"6231","2841台開","110/07/16","新光-台中",22,0,22
"6232","2841台開","110/07/16","元富-草屯",0,15,-15
"6233","2841台開","110/07/16","元大-承德",22,0,22
"6234","2841台開","110/07/16","永豐金-板新",0,12,-12
"6235","2841台開","110/07/16","日盛-三重",20,0,20
"6236","2841台開","110/07/16","第一金-華江",0,10,-10
"6237","2841台開","110/07/16","日盛-新莊",20,0,20
"6238","2841台開","110/07/16","兆豐-南京",0,10,-10
"6239","2841台開","110/07/16","凱基-台南",20,0,20
"6240","2841台開","110/07/16","國票-中港",0,10,-10
"6241","6207雷科","110/07/16","統一-平鎮",215,4,211
"6242","6207雷科","110/07/16","凱基-台北",344,628,-284
"6243","6207雷科","110/07/16","凱基-復興",166,6,160
"6244","6207雷科","110/07/16","新加坡商瑞銀",104,370,-266
"6245","6207雷科","110/07/16","永豐金-南京",141,3,138
"6246","6207雷科","110/07/16","摩根大通",193,430,-237
"6247","6207雷科","110/07/16","永豐金-內湖",117,1,116
"6248","6207雷科","110/07/16","富邦證券",0,150,-150
"6249","6207雷科","110/07/16","日盛證券",104,2,102
"6250","6207雷科","110/07/16","華南永昌-中正",26,169,-143
"6251","6207雷科","110/07/16","群益金鼎-古亭",74,2,72
"6252","6207雷科","110/07/16","凱基-敦北",1,142,-141
"6253","6207雷科","110/07/16","群益金鼎-東門",76,12,64
"6254","6207雷科","110/07/16","凱基-板橋",0,120,-120
"6255","6207雷科","110/07/16","日盛-板橋",78,25,53
"6256","6207雷科","110/07/16","元富-大昌",30,136,-106
"6257","6207雷科","110/07/16","元大-斗六",57,6,51
"6258","6207雷科","110/07/16","元大-北成功",26,97,-71
"6259","6207雷科","110/07/16","元大-頭份",53,3,50
"6260","6207雷科","110/07/16","新光-桃園",29,93,-64
"6261","6207雷科","110/07/16","群益金鼎-東大",56,11,45
"6262","6207雷科","110/07/16","新百王",27,90,-63
"6263","6207雷科","110/07/16","永豐金-虎尾",50,8,42
"6264","6207雷科","110/07/16","玉山-左營",16,72,-56
"6265","6207雷科","110/07/16","元大-西門",39,1,38
"6266","6207雷科","110/07/16","群益金鼎-中壢",3,54,-51
"6267","6207雷科","110/07/16","凱基-竹科",38,1,37
"6268","6207雷科","110/07/16","元富-中原",21,67,-46
"6269","6207雷科","110/07/16","元富-世貿",50,15,35
"6270","6207雷科","110/07/16","大昌-桃園",26,70,-44
"6271","3679新至陞","110/07/16","元大-成功",17,1,16
"6272","3679新至陞","110/07/16","國票-桃園",0,11,-11
"6273","3679新至陞","110/07/16","玉山-台大",5,0,5
"6274","3679新至陞","110/07/16","富邦-台北",0,10,-10
"6275","3679新至陞","110/07/16","日盛-員林",4,0,4
"6276","3679新至陞","110/07/16","富邦-苗栗",0,10,-10
"6277","3679新至陞","110/07/16","凱基-台北",6,2,4
"6278","3679新至陞","110/07/16","元大-永春",0,6,-6
"6279","3679新至陞","110/07/16","台灣摩根士丹利",3,0,3
"6280","3679新至陞","110/07/16","美林",0,5,-5
"6281","3679新至陞","110/07/16","凱基-中山",3,0,3
"6282","3679新至陞","110/07/16","瑞士信貸",3,7,-4
"6283","3679新至陞","110/07/16","元大-承德",3,0,3
"6284","3679新至陞","110/07/16","宏遠-館前",0,3,-3
"6285","3679新至陞","110/07/16","元大-汐止",4,1,3
"6286","3679新至陞","110/07/16","元大-東港",0,3,-3
"6287","3679新至陞","110/07/16","日盛-大墩",2,0,2
"6288","3679新至陞","110/07/16","元大證券",0,2,-2
"6289","3679新至陞","110/07/16","玉山-城中",2,0,2
"6290","3679新至陞","110/07/16","永豐金-板新",0,2,-2
"6291","3679新至陞","110/07/16","華南永昌-內壢",2,0,2
"6292","3679新至陞","110/07/16","臺銀-民權",0,1,-1
"6293","3679新至陞","110/07/16","元大-台南",2,0,2
"6294","3679新至陞","110/07/16","日盛-台中",0,1,-1
"6295","3679新至陞","110/07/16","元大-大同",2,0,2
"6296","3679新至陞","110/07/16","日盛-鳳山",0,1,-1
"6297","3679新至陞","110/07/16","臺銀-高雄",1,0,1
"6298","3679新至陞","110/07/16","元富-古亭",0,1,-1
"6299","3679新至陞","110/07/16","日盛-樹林",1,0,1
"6300","3679新至陞","110/07/16","元富-新興",0,1,-1
"6301","2727王品","110/07/16","富邦證券",570,0,570
"6302","2727王品","110/07/16","台新證券",27,77,-50
"6303","2727王品","110/07/16","兆豐-南京",200,0,200
"6304","2727王品","110/07/16","台灣摩根士丹利",4,47,-43
"6305","2727王品","110/07/16","瑞士信貸",133,2,131
"6306","2727王品","110/07/16","永豐金-大園",0,33,-33
"6307","2727王品","110/07/16","美林",121,26,95
"6308","2727王品","110/07/16","元大-北屯",0,32,-32
"6309","2727王品","110/07/16","統一",103,43,60
"6310","2727王品","110/07/16","富邦-南屯",1,30,-29
"6311","2727王品","110/07/16","中國信託-忠孝",36,2,34
"6312","2727王品","110/07/16","元大-基隆孝二",0,29,-29
"6313","2727王品","110/07/16","元大證券",68,45,23
"6314","2727王品","110/07/16","日盛-忠孝",4,30,-26
"6315","2727王品","110/07/16","合庫-彰化",22,1,21
"6316","2727王品","110/07/16","新光-新竹",1,21,-20
"6317","2727王品","110/07/16","港商野村",126,105,21
"6318","2727王品","110/07/16","凱基-台北",94,113,-19
"6319","2727王品","110/07/16","元富-板橋",22,1,21
"6320","2727王品","110/07/16","富邦-虎尾",1,19,-18
"6321","2727王品","110/07/16","新加坡商瑞銀",36,18,18
"6322","2727王品","110/07/16","元大-南京",0,17,-17
"6323","2727王品","110/07/16","國泰證券",20,5,15
"6324","2727王品","110/07/16","日盛-鳳山",2,18,-16
"6325","2727王品","110/07/16","日盛-桃園",13,1,12
"6326","2727王品","110/07/16","新光",34,50,-16
"6327","2727王品","110/07/16","凱基-市政",12,1,11
"6328","2727王品","110/07/16","富邦-台北",2,18,-16
"6329","2727王品","110/07/16","元大-嘉義",14,3,11
"6330","2727王品","110/07/16","國票-內壢",1,15,-14
"6331","1570力肯","110/07/16","新光",71,6,65
"6332","1570力肯","110/07/16","元大-高雄",0,23,-23
"6333","1570力肯","110/07/16","國票-北高雄",21,0,21
"6334","1570力肯","110/07/16","合庫-台南",0,20,-20
"6335","1570力肯","110/07/16","凱基-台北",17,1,16
"6336","1570力肯","110/07/16","元富-新店",0,15,-15
"6337","1570力肯","110/07/16","群益金鼎-高雄",15,0,15
"6338","1570力肯","110/07/16","元大-東港",0,10,-10
"6339","1570力肯","110/07/16","富邦-建國",10,0,10
"6340","1570力肯","110/07/16","中國信託",0,7,-7
"6341","1570力肯","110/07/16","元大-士林",5,0,5
"6342","1570力肯","110/07/16","台新證券",0,6,-6
"6343","1570力肯","110/07/16","瑞士信貸",3,0,3
"6344","1570力肯","110/07/16","日盛-信義",0,5,-5
"6345","1570力肯","110/07/16","臺銀-高雄",2,0,2
"6346","1570力肯","110/07/16","宏遠-館前",0,5,-5
"6347","1570力肯","110/07/16","華南永昌",2,0,2
"6348","1570力肯","110/07/16","國泰-館前",0,5,-5
"6349","1570力肯","110/07/16","元富-同大",1,0,1
"6350","1570力肯","110/07/16","富邦-園區",0,5,-5
"6351","1570力肯","110/07/16","兆豐-麻豆",1,0,1
"6352","1570力肯","110/07/16","永豐金-中正",0,5,-5
"6353","1570力肯","110/07/16","國泰-板橋",1,0,1
"6354","1570力肯","110/07/16","(牛牛牛)亞-鑫豐",0,4,-4
"6355","1570力肯","110/07/16","群益金鼎-東湖",1,0,1
"6356","1570力肯","110/07/16","台中銀-員林",0,3,-3
"6357","1570力肯","110/07/16","元大-東泰",1,0,1
"6358","1570力肯","110/07/16","玉山-新莊",0,3,-3
"6359","1570力肯","110/07/16","元大-南勢角",1,0,1
"6360","1570力肯","110/07/16","凱基-長庚",0,3,-3
"6361","6180橘子","110/07/16","日盛-文化",71,5,66
"6362","6180橘子","110/07/16","凱基-台北",110,238,-128
"6363","6180橘子","110/07/16","新加坡商瑞銀",75,19,56
"6364","6180橘子","110/07/16","摩根大通",77,161,-84
"6365","6180橘子","110/07/16","瑞士信貸",51,0,51
"6366","6180橘子","110/07/16","元富-高雄",0,62,-62
"6367","6180橘子","110/07/16","台灣企銀-屏東",50,0,50
"6368","6180橘子","110/07/16","美商高盛",0,40,-40
"6369","6180橘子","110/07/16","元大-桃園",52,2,50
"6370","6180橘子","110/07/16","合庫-自強",0,37,-37
"6371","6180橘子","110/07/16","康和-台北",51,10,41
"6372","6180橘子","110/07/16","美林",15,48,-33
"6373","6180橘子","110/07/16","群益金鼎-屏東",61,20,41
"6374","6180橘子","110/07/16","元富-四維",0,32,-32
"6375","6180橘子","110/07/16","元大-彰化",33,2,31
"6376","6180橘子","110/07/16","新光",63,92,-29
"6377","6180橘子","110/07/16","台中銀-台北",30,0,30
"6378","6180橘子","110/07/16","新光-台南",6,28,-22
"6379","6180橘子","110/07/16","福勝",29,3,26
"6380","6180橘子","110/07/16","港商野村",28,49,-21
"6381","6180橘子","110/07/16","兆豐證券",21,0,21
"6382","6180橘子","110/07/16","統一",2,23,-21
"6383","6180橘子","110/07/16","華南永昌-頭份",20,0,20
"6384","6180橘子","110/07/16","元大-豐原站前",3,21,-18
"6385","6180橘子","110/07/16","富邦-台北",25,5,20
"6386","6180橘子","110/07/16","豐農",3,20,-17
"6387","6180橘子","110/07/16","富邦-員林",23,4,19
"6388","6180橘子","110/07/16","安泰-大發",0,17,-17
"6389","6180橘子","110/07/16","台新-新莊",20,2,18
"6390","6180橘子","110/07/16","群益金鼎",2,19,-17
"6391","2390云辰","110/07/16","兆豐-天母",642,7,635
"6392","2390云辰","110/07/16","凱基",0,5007,-5007
"6393","2390云辰","110/07/16","華南永昌-鳳山",339,35,304
"6394","2390云辰","110/07/16","凱基-台北",1224,2306,-1082
"6395","2390云辰","110/07/16","第一金-大稻埕",269,13,256
"6396","2390云辰","110/07/16","元大證券",206,1177,-971
"6397","2390云辰","110/07/16","國泰-敦南",665,427,238
"6398","2390云辰","110/07/16","摩根大通",1073,1967,-894
"6399","2390云辰","110/07/16","富邦-建國",272,50,222
"6400","2390云辰","110/07/16","台灣摩根士丹利",232,671,-439
"6401","2390云辰","110/07/16","元大-信義",180,15,165
"6402","2390云辰","110/07/16","美林",187,496,-309
"6403","2390云辰","110/07/16","瑞士信貸",155,0,155
"6404","2390云辰","110/07/16","港商野村",680,950,-270
"6405","2390云辰","110/07/16","台新證券",461,317,144
"6406","2390云辰","110/07/16","永豐金-中正",18,170,-152
"6407","2390云辰","110/07/16","兆豐-公益",148,11,137
"6408","2390云辰","110/07/16","元富-板橋",30,169,-139
"6409","2390云辰","110/07/16","元大-土城學府",197,61,136
"6410","2390云辰","110/07/16","新加坡商瑞銀",61,175,-114
"6411","2390云辰","110/07/16","元大-天母",232,122,110
"6412","2390云辰","110/07/16","聯邦商銀",54,167,-113
"6413","2390云辰","110/07/16","凱基-基隆",109,2,107
"6414","2390云辰","110/07/16","群益金鼎-大甲",13,111,-98
"6415","2390云辰","110/07/16","元富-成功",110,5,105
"6416","2390云辰","110/07/16","統一-屏東",4,92,-88
"6417","2390云辰","110/07/16","統一-新營",118,14,104
"6418","2390云辰","110/07/16","凱基-大直",3,80,-77
"6419","2390云辰","110/07/16","國泰-板橋",268,170,98
"6420","2390云辰","110/07/16","元大-桃興",46,117,-71
"6421","2363矽統","110/07/15","康和-台中",626,61,565
"6422","2363矽統","110/07/15","新加坡商瑞銀",202,838,-636
"6423","2363矽統","110/07/15","摩根大通",1271,932,339
"6424","2363矽統","110/07/15","美林",185,720,-535
"6425","2363矽統","110/07/15","瑞士信貸",530,230,300
"6426","2363矽統","110/07/15","富邦-仁愛",60,583,-523
"6427","2363矽統","110/07/15","宏遠-桃園",281,0,281
"6428","2363矽統","110/07/15","元大-板橋",35,368,-333
"6429","2363矽統","110/07/15","大展",252,19,233
"6430","2363矽統","110/07/15","花旗環球",0,308,-308
"6431","2363矽統","110/07/15","凱基-台北",683,498,185
"6432","2363矽統","110/07/15","元富-成功",2,113,-111
"6433","2363矽統","110/07/15","永豐金證券",166,11,155
"6434","2363矽統","110/07/15","富邦-新營",23,132,-109
"6435","2363矽統","110/07/15","群益金鼎",157,5,152
"6436","2363矽統","110/07/15","臺銀-金山",197,304,-107
"6437","2363矽統","110/07/15","新光",333,229,104
"6438","2363矽統","110/07/15","日盛-二林",13,116,-103
"6439","2363矽統","110/07/15","永豐金-台南",130,26,104
"6440","2363矽統","110/07/15","台新-左楠",40,126,-86
"6441","2363矽統","110/07/15","國票-南京",100,0,100
"6442","2363矽統","110/07/15","康和-南崁",15,100,-85
"6443","2363矽統","110/07/15","群益金鼎-松山",150,50,100
"6444","2363矽統","110/07/15","永豐金-員林",9,91,-82
"6445","2363矽統","110/07/15","中國信託-松江",103,5,98
"6446","2363矽統","110/07/15","光和-嘉義",5,78,-73
"6447","2363矽統","110/07/15","國票-新莊",187,92,95
"6448","2363矽統","110/07/15","日盛-板橋中山",3,73,-70
"6449","2363矽統","110/07/15","北城證券",216,126,90
"6450","2363矽統","110/07/15","元大證券",10,75,-65
"6451","8112至上","110/07/15","凱基-台北",535,32,503
"6452","8112至上","110/07/15","群益金鼎-台南",0,116,-116
"6453","8112至上","110/07/15","摩根大通",362,16,346
"6454","8112至上","110/07/15","華南永昌-高雄",2,112,-110
"6455","8112至上","110/07/15","台灣摩根士丹利",254,0,254
"6456","8112至上","110/07/15","永豐金-台南",27,128,-101
"6457","8112至上","110/07/15","花旗環球",159,0,159
"6458","8112至上","110/07/15","元大-東蘆",2,73,-71
"6459","8112至上","110/07/15","新加坡商瑞銀",95,2,93
"6460","8112至上","110/07/15","美林",3,66,-63
"6461","8112至上","110/07/15","玉山-嘉義",84,0,84
"6462","8112至上","110/07/15","元大-館前",0,62,-62
"6463","8112至上","110/07/15","新光",82,6,76
"6464","8112至上","110/07/15","元富-信義",0,50,-50
"6465","8112至上","110/07/15","瑞士信貸",80,7,73
"6466","8112至上","110/07/15","台新證券",35,82,-47
"6467","8112至上","110/07/15","美商高盛",64,0,64
"6468","8112至上","110/07/15","大慶-蘆洲",7,53,-46
"6469","8112至上","110/07/15","兆豐-小港",56,0,56
"6470","8112至上","110/07/15","國票-天祥",0,45,-45
"6471","8112至上","110/07/15","永豐金-內湖",60,11,49
"6472","8112至上","110/07/15","凱基-中山",1,45,-44
"6473","8112至上","110/07/15","永豐金-南投",46,1,45
"6474","8112至上","110/07/15","元大-士林",0,43,-43
"6475","8112至上","110/07/15","凱基-三重",40,0,40
"6476","8112至上","110/07/15","玉山-城中",4,44,-40
"6477","8112至上","110/07/15","台灣企銀",29,0,29
"6478","8112至上","110/07/15","凱基-彰化",0,39,-39
"6479","8112至上","110/07/15","元大-府城",42,14,28
"6480","8112至上","110/07/15","元富-花蓮",2,40,-38
"6481","1570力肯","110/07/15","群益金鼎-高雄",40,0,40
"6482","1570力肯","110/07/15","元大-高雄",0,12,-12
"6483","1570力肯","110/07/15","新光",40,8,32
"6484","1570力肯","110/07/15","永豐金-中正",0,10,-10
"6485","1570力肯","110/07/15","凱基-台北",20,2,18
"6486","1570力肯","110/07/15","國泰-松江",0,9,-9
"6487","1570力肯","110/07/15","凱基-天母",6,0,6
"6488","1570力肯","110/07/15","台新證券",0,8,-8
"6489","1570力肯","110/07/15","元富-新店",5,0,5
"6490","1570力肯","110/07/15","玉山證券",0,7,-7
"6491","1570力肯","110/07/15","凱基-中港",5,0,5
"6492","1570力肯","110/07/15","元大-府城",0,7,-7
"6493","1570力肯","110/07/15","富邦-園區",5,0,5
"6494","1570力肯","110/07/15","元大-板橋",0,6,-6
"6495","1570力肯","110/07/15","瑞士信貸",4,0,4
"6496","1570力肯","110/07/15","日盛-信義",0,5,-5
"6497","1570力肯","110/07/15","第一金-路竹",3,0,3
"6498","1570力肯","110/07/15","國票-和平",0,5,-5
"6499","1570力肯","110/07/15","摩根大通",3,0,3
"6500","1570力肯","110/07/15","元大-民雄",0,5,-5
"6501","1570力肯","110/07/15","凱基-桃園",3,0,3
"6502","1570力肯","110/07/15","統一-台中",0,4,-4
"6503","1570力肯","110/07/15","永豐金-苓雅",3,0,3
"6504","1570力肯","110/07/15","玉山-雙和",0,4,-4
"6505","1570力肯","110/07/15","統一-員林",2,0,2
"6506","1570力肯","110/07/15","凱基-敦北",0,4,-4
"6507","1570力肯","110/07/15","元大-永春",2,0,2
"6508","1570力肯","110/07/15","富邦-新店",0,4,-4
"6509","1570力肯","110/07/15","元大-土城永寧",2,0,2
"6510","1570力肯","110/07/15","日盛-板橋",0,3,-3
"6511","2929淘帝","110/07/15","港商野村",58,4,54
"6512","2929淘帝","110/07/15","日盛-園區",0,25,-25
"6513","2929淘帝","110/07/15","元大-民生",29,0,29
"6514","2929淘帝","110/07/15","兆豐-南京",0,20,-20
"6515","2929淘帝","110/07/15","新加坡商瑞銀",22,1,21
"6516","2929淘帝","110/07/15","玉山-高雄",0,18,-18
"6517","2929淘帝","110/07/15","凱基-台北",20,2,18
"6518","2929淘帝","110/07/15","富邦-南屯",1,15,-14
"6519","2929淘帝","110/07/15","大慶-中壢",15,1,14
"6520","2929淘帝","110/07/15","富邦-員林",0,13,-13
"6521","2929淘帝","110/07/15","日盛-和美",10,0,10
"6522","2929淘帝","110/07/15","凱基-站前",0,10,-10
"6523","2929淘帝","110/07/15","元大-員林",10,0,10
"6524","2929淘帝","110/07/15","元大-台中",0,10,-10
"6525","2929淘帝","110/07/15","凱基-基隆",6,0,6
"6526","2929淘帝","110/07/15","美林",10,19,-9
"6527","2929淘帝","110/07/15","臺銀-鳳山",5,0,5
"6528","2929淘帝","110/07/15","元大-新盛",0,8,-8
"6529","2929淘帝","110/07/15","第一金-路竹",5,0,5
"6530","2929淘帝","110/07/15","台新-台南",0,7,-7
"6531","2929淘帝","110/07/15","元富-大裕",5,0,5
"6532","2929淘帝","110/07/15","元大-大天母",0,7,-7
"6533","2929淘帝","110/07/15","玉山-大里",5,0,5
"6534","2929淘帝","110/07/15","華南永昌-虎尾",0,6,-6
"6535","2929淘帝","110/07/15","元大-博愛",5,0,5
"6536","2929淘帝","110/07/15","永豐金證券",0,6,-6
"6537","2929淘帝","110/07/15","永豐金-新莊",5,0,5
"6538","2929淘帝","110/07/15","兆豐-竹北",0,5,-5
"6539","2929淘帝","110/07/15","元大-南崁",4,0,4
"6540","2929淘帝","110/07/15","元大-文心興安",0,5,-5
"6541","5410國眾","110/07/15","香港上海匯豐",18,0,18
"6542","5410國眾","110/07/15","元大-南屯",0,18,-18
"6543","5410國眾","110/07/15","摩根大通",15,0,15
"6544","5410國眾","110/07/15","亞東-新竹",0,15,-15
"6545","5410國眾","110/07/15","日盛-士林",10,0,10
"6546","5410國眾","110/07/15","兆豐-台中港",0,15,-15
"6547","5410國眾","110/07/15","群益金鼎-嘉義",10,0,10
"6548","5410國眾","110/07/15","日盛-板橋",0,12,-12
"6549","5410國眾","110/07/15","元大-高雄",10,0,10
"6550","5410國眾","110/07/15","台中銀-豐原",0,9,-9
"6551","5410國眾","110/07/15","元大-東港",10,0,10
"6552","5410國眾","110/07/15","臺銀-臺南",3,10,-7
"6553","5410國眾","110/07/15","臺銀",10,5,5
"6554","5410國眾","110/07/15","瑞士信貸",0,5,-5
"6555","5410國眾","110/07/15","台新-新營",5,0,5
"6556","5410國眾","110/07/15","統一-員林",0,5,-5
"6557","5410國眾","110/07/15","富邦-台北",5,0,5
"6558","5410國眾","110/07/15","大昌-樹林",0,5,-5
"6559","5410國眾","110/07/15","日盛-屏東",4,0,4
"6560","5410國眾","110/07/15","兆豐-來福",0,5,-5
"6561","5410國眾","110/07/15","高橋",5,1,4
"6562","5410國眾","110/07/15","豐農",0,5,-5
"6563","5410國眾","110/07/15","中國信託-新竹",4,1,3
"6564","5410國眾","110/07/15","元大-大里",0,5,-5
"6565","5410國眾","110/07/15","富邦-建國",3,0,3
"6566","5410國眾","110/07/15","港商野村",0,3,-3
"6567","5410國眾","110/07/15","永豐金-桃園",3,0,3
"6568","5410國眾","110/07/15","中農",0,3,-3
"6569","5410國眾","110/07/15","大展",2,0,2
"6570","5410國眾","110/07/15","國泰-忠孝",0,3,-3
"6571","2841台開","110/07/15","日盛證券",310,0,310
"6572","2841台開","110/07/15","港商野村",0,97,-97
"6573","2841台開","110/07/15","元富-城東",100,0,100
"6574","2841台開","110/07/15","元大-員林",0,77,-77
"6575","2841台開","110/07/15","凱基-文心",30,0,30
"6576","2841台開","110/07/15","新光",3,73,-70
"6577","2841台開","110/07/15","日盛-雙和",24,0,24
"6578","2841台開","110/07/15","永豐金-北高雄",0,30,-30
"6579","2841台開","110/07/15","第一金-台中",20,0,20
"6580","2841台開","110/07/15","華南永昌",0,25,-25
"6581","2841台開","110/07/15","豐農",20,0,20
"6582","2841台開","110/07/15","日盛-台南",0,20,-20
"6583","2841台開","110/07/15","華南永昌-新莊",19,0,19
"6584","2841台開","110/07/15","致和-佳里",0,20,-20
"6585","2841台開","110/07/15","玉山-大里",12,0,12
"6586","2841台開","110/07/15","國票-中港",0,20,-20
"6587","2841台開","110/07/15","元富-安南",10,0,10
"6588","2841台開","110/07/15","元大-歸仁",0,20,-20
"6589","2841台開","110/07/15","凱基-市政",10,0,10
"6590","2841台開","110/07/15","統一-三多",0,19,-19
"6591","2841台開","110/07/15","凱基-竹科",10,0,10
"6592","2841台開","110/07/15","凱基-城中",0,18,-18
"6593","2841台開","110/07/15","國泰-板橋",10,1,9
"6594","2841台開","110/07/15","國票-中和",0,15,-15
"6595","2841台開","110/07/15","凱基-台北",9,0,9
"6596","2841台開","110/07/15","元大-彰化",0,15,-15
"6597","2841台開","110/07/15","合庫證券",6,0,6
"6598","2841台開","110/07/15","元大-復北",0,15,-15
"6599","2841台開","110/07/15","台中銀",6,0,6
"6600","2841台開","110/07/15","土銀-花蓮",0,14,-14
"6601","6207雷科","110/07/15","凱基-板橋",210,45,165
"6602","6207雷科","110/07/15","群益金鼎-台北",20,80,-60
"6603","6207雷科","110/07/15","富邦證券",150,0,150
"6604","6207雷科","110/07/15","元大-大天母",1,56,-55
"6605","6207雷科","110/07/15","凱基-復興",140,0,140
"6606","6207雷科","110/07/15","大慶-中壢",2,50,-48
"6607","6207雷科","110/07/15","華南永昌-中正",140,0,140
"6608","6207雷科","110/07/15","元富-林園",0,47,-47
"6609","6207雷科","110/07/15","永豐金-內湖",92,10,82
"6610","6207雷科","110/07/15","元大-東門",0,40,-40
"6611","6207雷科","110/07/15","富邦-彰化",81,11,70
"6612","6207雷科","110/07/15","第一金-安和",0,37,-37
"6613","6207雷科","110/07/15","(牛牛牛)亞-網路",67,0,67
"6614","6207雷科","110/07/15","凱基-台北",61,97,-36
"6615","6207雷科","110/07/15","台新證券",60,8,52
"6616","6207雷科","110/07/15","國票-南科",0,32,-32
"6617","6207雷科","110/07/15","華南永昌",50,3,47
"6618","6207雷科","110/07/15","元大-四維",0,32,-32
"6619","6207雷科","110/07/15","新加坡商瑞銀",68,26,42
"6620","6207雷科","110/07/15","元大-板橋",0,30,-30
"6621","6207雷科","110/07/15","日盛-景美",40,0,40
"6622","6207雷科","110/07/15","元大-南崁",1,30,-29
"6623","6207雷科","110/07/15","元富-大昌",40,0,40
"6624","6207雷科","110/07/15","凱基-岡山",0,27,-27
"6625","6207雷科","110/07/15","統一-高雄",38,5,33
"6626","6207雷科","110/07/15","統一-新竹",0,26,-26
"6627","6207雷科","110/07/15","日盛證券",32,0,32
"6628","6207雷科","110/07/15","群益金鼎-三民",1,27,-26
"6629","6207雷科","110/07/15","華南永昌-頭份",31,0,31
"6630","6207雷科","110/07/15","國票-台中",0,25,-25
"6631","3679新至陞","110/07/15","群益金鼎-大安",25,0,25
"6632","3679新至陞","110/07/15","元大-成功",0,10,-10
"6633","3679新至陞","110/07/15","元大-彰化",13,0,13
"6634","3679新至陞","110/07/15","群益金鼎-東大",0,8,-8
"6635","3679新至陞","110/07/15","國票-桃園",10,0,10
"6636","3679新至陞","110/07/15","凱基-台北",4,12,-8
"6637","3679新至陞","110/07/15","群益金鼎-台南",10,0,10
"6638","3679新至陞","110/07/15","第一金-華江",0,5,-5
"6639","3679新至陞","110/07/15","華南永昌-台中",10,0,10
"6640","3679新至陞","110/07/15","兆豐-來福",0,5,-5
"6641","3679新至陞","110/07/15","港商野村",9,0,9
"6642","3679新至陞","110/07/15","元大-北三重",0,5,-5
"6643","3679新至陞","110/07/15","元大-永春",6,0,6
"6644","3679新至陞","110/07/15","瑞士信貸",0,4,-4
"6645","3679新至陞","110/07/15","(牛牛牛)亞-網路",5,0,5
"6646","3679新至陞","110/07/15","新加坡商瑞銀",0,4,-4
"6647","3679新至陞","110/07/15","凱基-高雄",5,0,5
"6648","3679新至陞","110/07/15","元大-汐止",0,4,-4
"6649","3679新至陞","110/07/15","美商高盛",6,2,4
"6650","3679新至陞","110/07/15","台中銀-員林",0,3,-3
"6651","3679新至陞","110/07/15","台新證券",3,1,2
"6652","3679新至陞","110/07/15","兆豐-忠孝",0,3,-3
"6653","3679新至陞","110/07/15","群益金鼎-大興",2,0,2
"6654","3679新至陞","110/07/15","玉山-新莊",0,3,-3
"6655","3679新至陞","110/07/15","元大-六合",2,0,2
"6656","3679新至陞","110/07/15","永豐金-屏東",0,3,-3
"6657","3679新至陞","110/07/15","彰銀",1,0,1
"6658","3679新至陞","110/07/15","永豐金-敦南",0,3,-3
"6659","3679新至陞","110/07/15","美林",2,1,1
"6660","3679新至陞","110/07/15","永豐金-萬盛",0,3,-3
"6661","2727王品","110/07/15","兆豐-南京",101,0,101
"6662","2727王品","110/07/15","富邦-左營",0,102,-102
"6663","2727王品","110/07/15","港商野村",166,73,93
"6664","2727王品","110/07/15","日盛-忠孝",2,32,-30
"6665","2727王品","110/07/15","瑞士信貸",97,8,89
"6666","2727王品","110/07/15","群益金鼎-古亭",2,24,-22
"6667","2727王品","110/07/15","玉山證券",56,12,44
"6668","2727王品","110/07/15","日盛-八德",0,21,-21
"6669","2727王品","110/07/15","第一金-高雄",43,1,42
"6670","2727王品","110/07/15","元大-新盛",2,23,-21
"6671","2727王品","110/07/15","台新證券",74,45,29
"6672","2727王品","110/07/15","摩根大通",53,72,-19
"6673","2727王品","110/07/15","康和-澎湖",27,0,27
"6674","2727王品","110/07/15","富邦-彰化",8,26,-18
"6675","2727王品","110/07/15","富邦-陽明",31,4,27
"6676","2727王品","110/07/15","富邦-台中",7,24,-17
"6677","2727王品","110/07/15","國票-北高雄",27,1,26
"6678","2727王品","110/07/15","新加坡商瑞銀",13,29,-16
"6679","2727王品","110/07/15","國泰-板橋",38,12,26
"6680","2727王品","110/07/15","國泰-敦南",35,50,-15
"6681","2727王品","110/07/15","凱基-興隆",23,0,23
"6682","2727王品","110/07/15","元大-龍潭",0,14,-14
"6683","2727王品","110/07/15","凱基-板橋",29,7,22
"6684","2727王品","110/07/15","中國信託-文心",8,21,-13
"6685","2727王品","110/07/15","合庫-彰化",21,0,21
"6686","2727王品","110/07/15","永豐金-竹科",2,15,-13
"6687","2727王品","110/07/15","土銀-南港",20,0,20
"6688","2727王品","110/07/15","臺銀-臺南",2,14,-12
"6689","2727王品","110/07/15","美林",37,18,19
"6690","2727王品","110/07/15","凱基-台北",56,68,-12
"6691","1570力肯","110/07/15","群益金鼎-高雄",40,0,40
"6692","1570力肯","110/07/15","元大-高雄",0,12,-12
"6693","1570力肯","110/07/15","新光",40,8,32
"6694","1570力肯","110/07/15","永豐金-中正",0,10,-10
"6695","1570力肯","110/07/15","凱基-台北",20,2,18
"6696","1570力肯","110/07/15","國泰-松江",0,9,-9
"6697","1570力肯","110/07/15","凱基-天母",6,0,6
"6698","1570力肯","110/07/15","台新證券",0,8,-8
"6699","1570力肯","110/07/15","元富-新店",5,0,5
"6700","1570力肯","110/07/15","玉山證券",0,7,-7
"6701","1570力肯","110/07/15","凱基-中港",5,0,5
"6702","1570力肯","110/07/15","元大-府城",0,7,-7
"6703","1570力肯","110/07/15","富邦-園區",5,0,5
"6704","1570力肯","110/07/15","元大-板橋",0,6,-6
"6705","1570力肯","110/07/15","瑞士信貸",4,0,4
"6706","1570力肯","110/07/15","日盛-信義",0,5,-5
"6707","1570力肯","110/07/15","第一金-路竹",3,0,3
"6708","1570力肯","110/07/15","國票-和平",0,5,-5
"6709","1570力肯","110/07/15","摩根大通",3,0,3
"6710","1570力肯","110/07/15","元大-民雄",0,5,-5
"6711","1570力肯","110/07/15","凱基-桃園",3,0,3
"6712","1570力肯","110/07/15","統一-台中",0,4,-4
"6713","1570力肯","110/07/15","永豐金-苓雅",3,0,3
"6714","1570力肯","110/07/15","玉山-雙和",0,4,-4
"6715","1570力肯","110/07/15","統一-員林",2,0,2
"6716","1570力肯","110/07/15","凱基-敦北",0,4,-4
"6717","1570力肯","110/07/15","元大-永春",2,0,2
"6718","1570力肯","110/07/15","富邦-新店",0,4,-4
"6719","1570力肯","110/07/15","元大-土城永寧",2,0,2
"6720","1570力肯","110/07/15","日盛-板橋",0,3,-3
"6721","6180橘子","110/07/15","兆豐證券",130,0,130
"6722","6180橘子","110/07/15","港商野村",21,137,-116
"6723","6180橘子","110/07/15","摩根大通",111,0,111
"6724","6180橘子","110/07/15","高橋",0,40,-40
"6725","6180橘子","110/07/15","石橋證券",80,0,80
"6726","6180橘子","110/07/15","臺銀",1,40,-39
"6727","6180橘子","110/07/15","凱基-台北",78,26,52
"6728","6180橘子","110/07/15","玉山-桃園",0,35,-35
"6729","6180橘子","110/07/15","新加坡商瑞銀",38,1,37
"6730","6180橘子","110/07/15","玉山-台南",2,33,-31
"6731","6180橘子","110/07/15","富邦-員林",32,0,32
"6732","6180橘子","110/07/15","統一-南京",0,30,-30
"6733","6180橘子","110/07/15","日盛-文化",23,0,23
"6734","6180橘子","110/07/15","康和-台南",0,25,-25
"6735","6180橘子","110/07/15","元富-新店",20,0,20
"6736","6180橘子","110/07/15","大昌-樹林",0,22,-22
"6737","6180橘子","110/07/15","美林",15,0,15
"6738","6180橘子","110/07/15","康和-新竹",0,20,-20
"6739","6180橘子","110/07/15","新光-新竹",17,2,15
"6740","6180橘子","110/07/15","群益金鼎-台中",0,20,-20
"6741","6180橘子","110/07/15","富邦-嘉義",12,0,12
"6742","6180橘子","110/07/15","元大-彰化民生",0,18,-18
"6743","6180橘子","110/07/15","花旗環球",11,0,11
"6744","6180橘子","110/07/15","元大-草屯",0,16,-16
"6745","6180橘子","110/07/15","第一金-新興",11,0,11
"6746","6180橘子","110/07/15","元富-潮州",0,13,-13
"6747","6180橘子","110/07/15","第一金-桃園",10,0,10
"6748","6180橘子","110/07/15","宏遠-台南",0,11,-11
"6749","6180橘子","110/07/15","永興",10,0,10
"6750","6180橘子","110/07/15","大慶-泰山",0,10,-10
"6751","2390云辰","110/07/15","凱基",5007,0,5007
"6752","2390云辰","110/07/15","凱基-台北",382,616,-234
"6753","2390云辰","110/07/15","元大證券",1006,25,981
"6754","2390云辰","110/07/15","富邦-陽明",69,265,-196
"6755","2390云辰","110/07/15","元大-天母",456,20,436
"6756","2390云辰","110/07/15","永豐金-桃園",63,255,-192
"6757","2390云辰","110/07/15","港商野村",975,675,300
"6758","2390云辰","110/07/15","富邦-仁愛",17,187,-170
"6759","2390云辰","110/07/15","摩根大通",1318,1040,278
"6760","2390云辰","110/07/15","日盛-和美",2,165,-163
"6761","2390云辰","110/07/15","國票-博愛",184,7,177
"6762","2390云辰","110/07/15","國泰-敦南",142,290,-148
"6763","2390云辰","110/07/15","群益金鼎-大甲",113,13,100
"6764","2390云辰","110/07/15","台灣摩根士丹利",51,197,-146
"6765","2390云辰","110/07/15","凱基-大直",89,2,87
"6766","2390云辰","110/07/15","國票-嘉義",4,148,-144
"6767","2390云辰","110/07/15","玉山-台中",77,8,69
"6768","2390云辰","110/07/15","台中銀",8,139,-131
"6769","2390云辰","110/07/15","聯邦商銀",70,4,66
"6770","2390云辰","110/07/15","元大-彰化民生",7,138,-131
"6771","2390云辰","110/07/15","元大-大里",88,25,63
"6772","2390云辰","110/07/15","元富-成功",2,111,-109
"6773","2390云辰","110/07/15","富邦-嘉義",542,480,62
"6774","2390云辰","110/07/15","元大-東泰",3,106,-103
"6775","2390云辰","110/07/15","新加坡商瑞銀",158,97,61
"6776","2390云辰","110/07/15","合庫-三重",1,102,-101
"6777","2390云辰","110/07/15","華南永昌-台中",86,35,51
"6778","2390云辰","110/07/15","元富-大裕",4,87,-83
"6779","2390云辰","110/07/15","群益金鼎",51,6,45
"6780","2390云辰","110/07/15","凱基-和平",17,96,-79
"6781","2363矽統","110/07/14","台灣摩根士丹利",463,0,463
"6782","2363矽統","110/07/14","新加坡商瑞銀",568,1321,-753
"6783","2363矽統","110/07/14","台新證券",750,342,408
"6784","2363矽統","110/07/14","瑞士信貸",149,864,-715
"6785","2363矽統","110/07/14","玉山-台中",363,51,312
"6786","2363矽統","110/07/14","台新-屏東",115,380,-265
"6787","2363矽統","110/07/14","元大-斗六",223,25,198
"6788","2363矽統","110/07/14","永豐金證券",16,265,-249
"6789","2363矽統","110/07/14","華南永昌-朴子",208,38,170
"6790","2363矽統","110/07/14","美林",462,701,-239
"6791","2363矽統","110/07/14","元富-西松",169,12,157
"6792","2363矽統","110/07/14","宏遠-桃園",269,500,-231
"6793","2363矽統","110/07/14","永豐金-大園",146,6,140
"6794","2363矽統","110/07/14","凱基-竹北",36,254,-218
"6795","2363矽統","110/07/14","土銀-和平",134,0,134
"6796","2363矽統","110/07/14","港商法國興業",0,214,-214
"6797","2363矽統","110/07/14","富邦-新營",130,13,117
"6798","2363矽統","110/07/14","港商野村",835,1044,-209
"6799","2363矽統","110/07/14","元富-成功",118,11,107
"6800","2363矽統","110/07/14","北城證券",212,411,-199
"6801","2363矽統","110/07/14","元富-烏日",121,18,103
"6802","2363矽統","110/07/14","(牛牛牛)亞-鑫豐",51,241,-190
"6803","2363矽統","110/07/14","日盛-二林",120,18,102
"6804","2363矽統","110/07/14","國票-博愛",24,213,-189
"6805","2363矽統","110/07/14","兆豐-忠孝",98,2,96
"6806","2363矽統","110/07/14","大慶-蘆洲",134,316,-182
"6807","2363矽統","110/07/14","大慶-楊梅",92,3,89
"6808","2363矽統","110/07/14","彰銀-台中",15,193,-178
"6809","2363矽統","110/07/14","元富-三重",120,33,87
"6810","2363矽統","110/07/14","日盛-和美",18,185,-167
"6811","8112至上","110/07/14","新加坡商瑞銀",223,17,206
"6812","8112至上","110/07/14","瑞士信貸",8,170,-162
"6813","8112至上","110/07/14","摩根大通",285,129,156
"6814","8112至上","110/07/14","美林",55,202,-147
"6815","8112至上","110/07/14","花旗環球",124,0,124
"6816","8112至上","110/07/14","凱基-台北",325,436,-111
"6817","8112至上","110/07/14","兆豐-公益",117,4,113
"6818","8112至上","110/07/14","台中銀-台北",0,98,-98
"6819","8112至上","110/07/14","香港上海匯豐",111,0,111
"6820","8112至上","110/07/14","玉山-台大",17,107,-90
"6821","8112至上","110/07/14","永豐金-內湖",117,21,96
"6822","8112至上","110/07/14","康和-內湖",1,90,-89
"6823","8112至上","110/07/14","台灣摩根士丹利",108,16,92
"6824","8112至上","110/07/14","港商野村",21,84,-63
"6825","8112至上","110/07/14","元大-東蘆",77,0,77
"6826","8112至上","110/07/14","兆豐-北高雄",1,60,-59
"6827","8112至上","110/07/14","新光",108,48,60
"6828","8112至上","110/07/14","群益金鼎-海山",1,52,-51
"6829","8112至上","110/07/14","大慶-蘆洲",59,0,59
"6830","8112至上","110/07/14","群益金鼎-大安",0,50,-50
"6831","8112至上","110/07/14","華南永昌-台中",56,3,53
"6832","8112至上","110/07/14","富邦-仁愛",2,49,-47
"6833","8112至上","110/07/14","土銀-嘉義",52,2,50
"6834","8112至上","110/07/14","元大-金華",0,42,-42
"6835","8112至上","110/07/14","美商高盛",40,0,40
"6836","8112至上","110/07/14","元大-內湖",4,43,-39
"6837","8112至上","110/07/14","臺銀",63,29,34
"6838","8112至上","110/07/14","第一金-華江",2,37,-35
"6839","8112至上","110/07/14","元富-嘉義",31,0,31
"6840","8112至上","110/07/14","永豐金-苓雅",2,34,-32
"6841","1570力肯","110/07/14","國票-北高雄",68,0,68
"6842","1570力肯","110/07/14","摩根大通",0,21,-21
"6843","1570力肯","110/07/14","日盛-八德",30,1,29
"6844","1570力肯","110/07/14","新光",1,19,-18
"6845","1570力肯","110/07/14","玉山-高雄",7,0,7
"6846","1570力肯","110/07/14","(牛牛牛)亞-鑫豐",0,17,-17
"6847","1570力肯","110/07/14","臺銀-臺南",5,0,5
"6848","1570力肯","110/07/14","日盛-士林",0,10,-10
"6849","1570力肯","110/07/14","凱基-三峽",5,0,5
"6850","1570力肯","110/07/14","統一-員林",0,10,-10
"6851","1570力肯","110/07/14","元大-和平",5,0,5
"6852","1570力肯","110/07/14","國票-新莊",0,10,-10
"6853","1570力肯","110/07/14","合庫-三重",4,0,4
"6854","1570力肯","110/07/14","凱基-高美館",0,10,-10
"6855","1570力肯","110/07/14","瑞士信貸",4,0,4
"6856","1570力肯","110/07/14","元大-屏東民生",0,5,-5
"6857","1570力肯","110/07/14","統一-三多",4,0,4
"6858","1570力肯","110/07/14","元大-古亭",0,5,-5
"6859","1570力肯","110/07/14","華南永昌-古亭",4,0,4
"6860","1570力肯","110/07/14","日盛-木柵",0,4,-4
"6861","1570力肯","110/07/14","元大-高雄",3,0,3
"6862","1570力肯","110/07/14","大昌",0,4,-4
"6863","1570力肯","110/07/14","兆豐-忠孝",2,0,2
"6864","1570力肯","110/07/14","群益金鼎-東大",0,4,-4
"6865","1570力肯","110/07/14","富邦-陽明",2,0,2
"6866","1570力肯","110/07/14","凱基-台北",0,4,-4
"6867","1570力肯","110/07/14","元大-松山",2,0,2
"6868","1570力肯","110/07/14","元大-板橋",0,4,-4
"6869","1570力肯","110/07/14","元大-忠孝",2,0,2
"6870","1570力肯","110/07/14","第一金-中山",0,3,-3
"6871","2929淘帝","110/07/14","華南永昌-林口",60,0,60
"6872","2929淘帝","110/07/14","群益金鼎",25,540,-515
"6873","2929淘帝","110/07/14","美林",87,31,56
"6874","2929淘帝","110/07/14","國泰-台南",1,30,-29
"6875","2929淘帝","110/07/14","元富-台南",40,0,40
"6876","2929淘帝","110/07/14","宏遠-桃園",0,20,-20
"6877","2929淘帝","110/07/14","元大-民生",39,0,39
"6878","2929淘帝","110/07/14","摩根大通",11,31,-20
"6879","2929淘帝","110/07/14","臺銀-鳳山",34,0,34
"6880","2929淘帝","110/07/14","台新-建北",5,20,-15
"6881","2929淘帝","110/07/14","合庫-高雄",34,1,33
"6882","2929淘帝","110/07/14","新光",1,16,-15
"6883","2929淘帝","110/07/14","華南永昌-鶯歌",28,0,28
"6884","2929淘帝","110/07/14","玉山-板橋",0,15,-15
"6885","2929淘帝","110/07/14","永興",25,0,25
"6886","2929淘帝","110/07/14","凱基-羅東",0,15,-15
"6887","2929淘帝","110/07/14","元大-新盛",25,1,24
"6888","2929淘帝","110/07/14","元大-頭份",0,15,-15
"6889","2929淘帝","110/07/14","日盛-南京",23,0,23
"6890","2929淘帝","110/07/14","第一金-台南",0,13,-13
"6891","2929淘帝","110/07/14","日茂",20,0,20
"6892","2929淘帝","110/07/14","富邦-基隆",0,12,-12
"6893","2929淘帝","110/07/14","台新-台中",20,0,20
"6894","2929淘帝","110/07/14","日茂-南投",1,12,-11
"6895","2929淘帝","110/07/14","華南永昌",20,0,20
"6896","2929淘帝","110/07/14","元大-豐原站前",0,11,-11
"6897","2929淘帝","110/07/14","福勝",15,0,15
"6898","2929淘帝","110/07/14","玉山-士林",0,10,-10
"6899","2929淘帝","110/07/14","富邦-南屯",15,0,15
"6900","2929淘帝","110/07/14","富邦-台北",0,10,-10
"6901","5410國眾","110/07/14","兆豐-城中",35,0,35
"6902","5410國眾","110/07/14","瑞士信貸",0,29,-29
"6903","5410國眾","110/07/14","新光",21,1,20
"6904","5410國眾","110/07/14","國泰-板橋",1,30,-29
"6905","5410國眾","110/07/14","國泰-敦南",21,1,20
"6906","5410國眾","110/07/14","日盛-高雄",0,20,-20
"6907","5410國眾","110/07/14","國泰-台中",20,1,19
"6908","5410國眾","110/07/14","台新-左楠",1,20,-19
"6909","5410國眾","110/07/14","元大-崇德",19,0,19
"6910","5410國眾","110/07/14","元富-大昌",1,18,-17
"6911","5410國眾","110/07/14","土銀-士林",18,0,18
"6912","5410國眾","110/07/14","富邦-建國",0,15,-15
"6913","5410國眾","110/07/14","元大-新盛",20,2,18
"6914","5410國眾","110/07/14","元富-嘉義",0,12,-12
"6915","5410國眾","110/07/14","兆豐-高雄",15,0,15
"6916","5410國眾","110/07/14","永全-南崁",0,12,-12
"6917","5410國眾","110/07/14","宏遠-中和",10,0,10
"6918","5410國眾","110/07/14","元大-員林",0,11,-11
"6919","5410國眾","110/07/14","新光-桃園",10,0,10
"6920","5410國眾","110/07/14","高橋",0,10,-10
"6921","5410國眾","110/07/14","國泰-台南",10,0,10
"6922","5410國眾","110/07/14","永興",0,10,-10
"6923","5410國眾","110/07/14","元大-復北",10,0,10
"6924","5410國眾","110/07/14","華南永昌-三重",0,10,-10
"6925","5410國眾","110/07/14","元大-竹科",8,0,8
"6926","5410國眾","110/07/14","元大-苑裡",0,7,-7
"6927","5410國眾","110/07/14","台新-新營",6,0,6
"6928","5410國眾","110/07/14","港商野村",0,6,-6
"6929","5410國眾","110/07/14","日盛-士林",5,0,5
"6930","5410國眾","110/07/14","摩根大通",5,11,-6
"6931","2841台開","110/07/14","凱基-文心",73,0,73
"6932","2841台開","110/07/14","國泰-敦南",0,50,-50
"6933","2841台開","110/07/14","元富-潮州",30,0,30
"6934","2841台開","110/07/14","凱基-中壢",0,40,-40
"6935","2841台開","110/07/14","第一金-台中",20,0,20
"6936","2841台開","110/07/14","統一-新竹",0,24,-24
"6937","2841台開","110/07/14","華南永昌-新莊",20,0,20
"6938","2841台開","110/07/14","元富-草屯",0,20,-20
"6939","2841台開","110/07/14","永豐金-豐原",20,0,20
"6940","2841台開","110/07/14","台新-台南",0,20,-20
"6941","2841台開","110/07/14","國泰-館前",15,0,15
"6942","2841台開","110/07/14","永豐金-敦南",45,63,-18
"6943","2841台開","110/07/14","群益金鼎-基隆",12,0,12
"6944","2841台開","110/07/14","國票-北高雄",0,13,-13
"6945","2841台開","110/07/14","日盛-信義",10,0,10
"6946","2841台開","110/07/14","凱基-松山",0,10,-10
"6947","2841台開","110/07/14","台新-台中",10,0,10
"6948","2841台開","110/07/14","元大證券",0,10,-10
"6949","2841台開","110/07/14","新光",10,1,9
"6950","2841台開","110/07/14","元大-中壢",0,10,-10
"6951","2841台開","110/07/14","凱基-新店",8,0,8
"6952","2841台開","110/07/14","富邦-陽明",1,10,-9
"6953","2841台開","110/07/14","元大-斗信",7,0,7
"6954","2841台開","110/07/14","富邦-建國",0,9,-9
"6955","2841台開","110/07/14","元大-三重",6,0,6
"6956","2841台開","110/07/14","富邦-台南",0,8,-8
"6957","2841台開","110/07/14","永豐金-中和",6,0,6
"6958","2841台開","110/07/14","康和-澎湖",0,7,-7
"6959","2841台開","110/07/14","元富-成功",5,0,5
"6960","2841台開","110/07/14","日盛-斗六",0,6,-6
"6961","6207雷科","110/07/14","群益金鼎-台北",60,0,60
"6962","6207雷科","110/07/14","新加坡商瑞銀",10,56,-46
"6963","6207雷科","110/07/14","台新-高雄",43,3,40
"6964","6207雷科","110/07/14","國票-中和",0,41,-41
"6965","6207雷科","110/07/14","元大-高雄",19,0,19
"6966","6207雷科","110/07/14","元大-復北",0,33,-33
"6967","6207雷科","110/07/14","福勝",15,0,15
"6968","6207雷科","110/07/14","光和-和美",0,20,-20
"6969","6207雷科","110/07/14","群益金鼎-中山",15,0,15
"6970","6207雷科","110/07/14","群益金鼎-丹鳳",0,20,-20
"6971","6207雷科","110/07/14","元大-林園",15,0,15
"6972","6207雷科","110/07/14","第一金-路竹",0,10,-10
"6973","6207雷科","110/07/14","新光",12,0,12
"6974","6207雷科","110/07/14","元大-歸仁",0,10,-10
"6975","6207雷科","110/07/14","元大-大天母",10,0,10
"6976","6207雷科","110/07/14","宏遠-館前",0,9,-9
"6977","6207雷科","110/07/14","永豐金-忠孝",9,0,9
"6978","6207雷科","110/07/14","凱基-台北",12,20,-8
"6979","6207雷科","110/07/14","永豐金-新店",7,0,7
"6980","6207雷科","110/07/14","美林",0,7,-7
"6981","6207雷科","110/07/14","玉山-嘉義",6,0,6
"6982","6207雷科","110/07/14","摩根大通",16,23,-7
"6983","6207雷科","110/07/14","元大-屏東",6,0,6
"6984","6207雷科","110/07/14","凱基-高雄",1,7,-6
"6985","6207雷科","110/07/14","凱基-大安",5,0,5
"6986","6207雷科","110/07/14","台中銀-豐原",0,5,-5
"6987","6207雷科","110/07/14","富邦-台南",5,0,5
"6988","6207雷科","110/07/14","元大-新竹經國",0,5,-5
"6989","6207雷科","110/07/14","元大-成功",5,0,5
"6990","6207雷科","110/07/14","光和-田中",0,4,-4
"6991","3679新至陞","110/07/14","凱基-台北",31,6,25
"6992","3679新至陞","110/07/14","群益金鼎-東大",0,15,-15
"6993","3679新至陞","110/07/14","華南永昌-新莊",10,0,10
"6994","3679新至陞","110/07/14","瑞士信貸",0,12,-12
"6995","3679新至陞","110/07/14","新加坡商瑞銀",11,3,8
"6996","3679新至陞","110/07/14","群益金鼎-永和",0,10,-10
"6997","3679新至陞","110/07/14","美商高盛",6,0,6
"6998","3679新至陞","110/07/14","元大-成功",5,15,-10
"6999","3679新至陞","110/07/14","第一金-中壢",6,0,6
"7000","3679新至陞","110/07/14","統一-板橋",1,10,-9
"7001","3679新至陞","110/07/14","(牛牛牛)亞-網路",4,0,4
"7002","3679新至陞","110/07/14","玉山-左營",0,5,-5
"7003","3679新至陞","110/07/14","元大-六合",3,0,3
"7004","3679新至陞","110/07/14","群益金鼎-三民",0,4,-4
"7005","3679新至陞","110/07/14","合庫-自強",2,0,2
"7006","3679新至陞","110/07/14","富邦-宜蘭",0,4,-4
"7007","3679新至陞","110/07/14","高橋-內壢",2,0,2
"7008","3679新至陞","110/07/14","永豐金-苓雅",0,3,-3
"7009","3679新至陞","110/07/14","台中銀-員林",2,0,2
"7010","3679新至陞","110/07/14","摩根大通",5,7,-2
"7011","3679新至陞","110/07/14","凱基-高美館",2,0,2
"7012","3679新至陞","110/07/14","元大-板橋三民",0,2,-2
"7013","3679新至陞","110/07/14","元大-福營",2,0,2
"7014","3679新至陞","110/07/14","宏遠-中和",0,1,-1
"7015","3679新至陞","110/07/14","永豐金-松山",2,0,2
"7016","3679新至陞","110/07/14","元富-佳里",0,1,-1
"7017","3679新至陞","110/07/14","永豐金-萬盛",2,0,2
"7018","3679新至陞","110/07/14","(牛牛牛)亞-鑫豐",0,1,-1
"7019","3679新至陞","110/07/14","元富-松德",1,0,1
"7020","3679新至陞","110/07/14","中國信託-中壢",0,1,-1
"7021","2727王品","110/07/14","富邦-左營",102,1,101
"7022","2727王品","110/07/14","統一-城中",100,234,-134
"7023","2727王品","110/07/14","國泰-板橋",105,11,94
"7024","2727王品","110/07/14","富邦-台北",1,125,-124
"7025","2727王品","110/07/14","港商野村",149,72,77
"7026","2727王品","110/07/14","台灣摩根士丹利",1,48,-47
"7027","2727王品","110/07/14","合庫-台中",66,2,64
"7028","2727王品","110/07/14","國票-新莊",0,40,-40
"7029","2727王品","110/07/14","臺銀-金山",63,8,55
"7030","2727王品","110/07/14","永豐金-忠孝",2,39,-37
"7031","2727王品","110/07/14","摩根大通",83,39,44
"7032","2727王品","110/07/14","富邦-彰化",1,34,-33
"7033","2727王品","110/07/14","凱基-台北",84,42,42
"7034","2727王品","110/07/14","康和-高雄",0,30,-30
"7035","2727王品","110/07/14","土銀-台中",35,1,34
"7036","2727王品","110/07/14","安泰",0,26,-26
"7037","2727王品","110/07/14","華南永昌-麻豆",32,1,31
"7038","2727王品","110/07/14","富邦-新竹華信",0,21,-21
"7039","2727王品","110/07/14","元大證券",85,55,30
"7040","2727王品","110/07/14","元大-南崁",1,22,-21
"7041","2727王品","110/07/14","新加坡商瑞銀",40,15,25
"7042","2727王品","110/07/14","彰銀-台中",0,18,-18
"7043","2727王品","110/07/14","日盛-八德",19,0,19
"7044","2727王品","110/07/14","元富-同大",2,20,-18
"7045","2727王品","110/07/14","統一",35,17,18
"7046","2727王品","110/07/14","玉山-嘉義",1,17,-16
"7047","2727王品","110/07/14","元富-大昌",18,1,17
"7048","2727王品","110/07/14","國泰-館前",4,20,-16
"7049","2727王品","110/07/14","玉山-板橋",15,1,14
"7050","2727王品","110/07/14","第一金-嘉義",1,13,-12
"7051","1570力肯","110/07/14","國票-北高雄",68,0,68
"7052","1570力肯","110/07/14","摩根大通",0,21,-21
"7053","1570力肯","110/07/14","日盛-八德",30,1,29
"7054","1570力肯","110/07/14","新光",1,19,-18
"7055","1570力肯","110/07/14","玉山-高雄",7,0,7
"7056","1570力肯","110/07/14","(牛牛牛)亞-鑫豐",0,17,-17
"7057","1570力肯","110/07/14","臺銀-臺南",5,0,5
"7058","1570力肯","110/07/14","日盛-士林",0,10,-10
"7059","1570力肯","110/07/14","凱基-三峽",5,0,5
"7060","1570力肯","110/07/14","統一-員林",0,10,-10
"7061","1570力肯","110/07/14","元大-和平",5,0,5
"7062","1570力肯","110/07/14","國票-新莊",0,10,-10
"7063","1570力肯","110/07/14","合庫-三重",4,0,4
"7064","1570力肯","110/07/14","凱基-高美館",0,10,-10
"7065","1570力肯","110/07/14","瑞士信貸",4,0,4
"7066","1570力肯","110/07/14","元大-屏東民生",0,5,-5
"7067","1570力肯","110/07/14","統一-三多",4,0,4
"7068","1570力肯","110/07/14","元大-古亭",0,5,-5
"7069","1570力肯","110/07/14","華南永昌-古亭",4,0,4
"7070","1570力肯","110/07/14","日盛-木柵",0,4,-4
"7071","1570力肯","110/07/14","元大-高雄",3,0,3
"7072","1570力肯","110/07/14","大昌",0,4,-4
"7073","1570力肯","110/07/14","兆豐-忠孝",2,0,2
"7074","1570力肯","110/07/14","群益金鼎-東大",0,4,-4
"7075","1570力肯","110/07/14","富邦-陽明",2,0,2
"7076","1570力肯","110/07/14","凱基-台北",0,4,-4
"7077","1570力肯","110/07/14","元大-松山",2,0,2
"7078","1570力肯","110/07/14","元大-板橋",0,4,-4
"7079","1570力肯","110/07/14","元大-忠孝",2,0,2
"7080","1570力肯","110/07/14","第一金-中山",0,3,-3
"7081","6180橘子","110/07/14","新加坡商瑞銀",84,28,56
"7082","6180橘子","110/07/14","凱基-台北",4,37,-33
"7083","6180橘子","110/07/14","日盛-信義",29,1,28
"7084","6180橘子","110/07/14","玉山-台南",1,22,-21
"7085","6180橘子","110/07/14","豐農",28,4,24
"7086","6180橘子","110/07/14","日盛-新竹",1,21,-20
"7087","6180橘子","110/07/14","新光-新竹",24,1,23
"7088","6180橘子","110/07/14","元富-潮州",0,19,-19
"7089","6180橘子","110/07/14","華南永昌-高雄",20,0,20
"7090","6180橘子","110/07/14","元大-信義",0,17,-17
"7091","6180橘子","110/07/14","元大-羅東",20,0,20
"7092","6180橘子","110/07/14","台灣企銀-台中",1,16,-15
"7093","6180橘子","110/07/14","元大-台中中港",20,0,20
"7094","6180橘子","110/07/14","元大-北港",0,15,-15
"7095","6180橘子","110/07/14","富邦-嘉義",24,5,19
"7096","6180橘子","110/07/14","富邦-高雄",0,14,-14
"7097","6180橘子","110/07/14","富邦-仁愛",15,0,15
"7098","6180橘子","110/07/14","兆豐-埔墘",0,13,-13
"7099","6180橘子","110/07/14","國票-九鼎",13,0,13
"7100","6180橘子","110/07/14","第一金-中山",0,10,-10
"7101","6180橘子","110/07/14","日盛-木柵",12,0,12
"7102","6180橘子","110/07/14","元大-彰化民生",0,10,-10
"7103","6180橘子","110/07/14","元大-成功",10,0,10
"7104","6180橘子","110/07/14","福勝",1,10,-9
"7105","6180橘子","110/07/14","港商野村",10,2,8
"7106","6180橘子","110/07/14","群益金鼎-丹鳳",1,10,-9
"7107","6180橘子","110/07/14","玉山-左營",8,0,8
"7108","6180橘子","110/07/14","群益金鼎-板橋",0,8,-8
"7109","6180橘子","110/07/14","富邦-陽明",16,8,8
"7110","6180橘子","110/07/14","合庫-鳳山",0,7,-7
"7111","2390云辰","110/07/14","摩根大通",995,198,797
"7112","2390云辰","110/07/14","新加坡商瑞銀",28,399,-371
"7113","2390云辰","110/07/14","美林",383,22,361
"7114","2390云辰","110/07/14","凱基-新豐",3,198,-195
"7115","2390云辰","110/07/14","台灣摩根士丹利",684,358,326
"7116","2390云辰","110/07/14","元大-士林",1,152,-151
"7117","2390云辰","110/07/14","凱基-台北",656,402,254
"7118","2390云辰","110/07/14","元大-竹山",80,181,-101
"7119","2390云辰","110/07/14","日盛-和美",110,5,105
"7120","2390云辰","110/07/14","群益金鼎-開元",19,95,-76
"7121","2390云辰","110/07/14","元大-天母",72,0,72
"7122","2390云辰","110/07/14","新光",77,150,-73
"7123","2390云辰","110/07/14","永豐金-松山",57,0,57
"7124","2390云辰","110/07/14","元富-高雄",0,71,-71
"7125","2390云辰","110/07/14","統一-屏東",53,0,53
"7126","2390云辰","110/07/14","元大-土城學府",130,201,-71
"7127","2390云辰","110/07/14","港商野村",486,450,36
"7128","2390云辰","110/07/14","元大-善化",12,76,-64
"7129","2390云辰","110/07/14","致和-崇德",30,0,30
"7130","2390云辰","110/07/14","華南永昌-岡山",23,81,-58
"7131","2390云辰","110/07/14","富邦-台北",40,14,26
"7132","2390云辰","110/07/14","群益金鼎-大興",82,125,-43
"7133","2390云辰","110/07/14","台新-高雄",38,13,25
"7134","2390云辰","110/07/14","大慶-中壢",0,41,-41
"7135","2390云辰","110/07/14","富邦-板橋",32,7,25
"7136","2390云辰","110/07/14","玉山-板橋",6,47,-41
"7137","2390云辰","110/07/14","陽信-石牌",24,0,24
"7138","2390云辰","110/07/14","富邦-台東",2,42,-40
"7139","2390云辰","110/07/14","凱基-屏東",32,8,24
"7140","2390云辰","110/07/14","元大-新營",3,42,-39
"7141","2363矽統","110/07/14","台灣摩根士丹利",463,0,463
"7142","2363矽統","110/07/14","新加坡商瑞銀",568,1321,-753
"7143","2363矽統","110/07/14","台新證券",750,342,408
"7144","2363矽統","110/07/14","瑞士信貸",149,864,-715
"7145","2363矽統","110/07/14","玉山-台中",363,51,312
"7146","2363矽統","110/07/14","台新-屏東",115,380,-265
"7147","2363矽統","110/07/14","元大-斗六",223,25,198
"7148","2363矽統","110/07/14","永豐金證券",16,265,-249
"7149","2363矽統","110/07/14","華南永昌-朴子",208,38,170
"7150","2363矽統","110/07/14","美林",462,701,-239
"7151","2363矽統","110/07/14","元富-西松",169,12,157
"7152","2363矽統","110/07/14","宏遠-桃園",269,500,-231
"7153","2363矽統","110/07/14","永豐金-大園",146,6,140
"7154","2363矽統","110/07/14","凱基-竹北",36,254,-218
"7155","2363矽統","110/07/14","土銀-和平",134,0,134
"7156","2363矽統","110/07/14","港商法國興業",0,214,-214
"7157","2363矽統","110/07/14","富邦-新營",130,13,117
"7158","2363矽統","110/07/14","港商野村",835,1044,-209
"7159","2363矽統","110/07/14","元富-成功",118,11,107
"7160","2363矽統","110/07/14","北城證券",212,411,-199
"7161","2363矽統","110/07/14","元富-烏日",121,18,103
"7162","2363矽統","110/07/14","(牛牛牛)亞-鑫豐",51,241,-190
"7163","2363矽統","110/07/14","日盛-二林",120,18,102
"7164","2363矽統","110/07/14","國票-博愛",24,213,-189
"7165","2363矽統","110/07/14","兆豐-忠孝",98,2,96
"7166","2363矽統","110/07/14","大慶-蘆洲",134,316,-182
"7167","2363矽統","110/07/14","大慶-楊梅",92,3,89
"7168","2363矽統","110/07/14","彰銀-台中",15,193,-178
"7169","2363矽統","110/07/14","元富-三重",120,33,87
"7170","2363矽統","110/07/14","日盛-和美",18,185,-167
"7171","8112至上","110/07/14","新加坡商瑞銀",223,17,206
"7172","8112至上","110/07/14","瑞士信貸",8,170,-162
"7173","8112至上","110/07/14","摩根大通",285,129,156
"7174","8112至上","110/07/14","美林",55,202,-147
"7175","8112至上","110/07/14","花旗環球",124,0,124
"7176","8112至上","110/07/14","凱基-台北",325,436,-111
"7177","8112至上","110/07/14","兆豐-公益",117,4,113
"7178","8112至上","110/07/14","台中銀-台北",0,98,-98
"7179","8112至上","110/07/14","香港上海匯豐",111,0,111
"7180","8112至上","110/07/14","玉山-台大",17,107,-90
"7181","8112至上","110/07/14","永豐金-內湖",117,21,96
"7182","8112至上","110/07/14","康和-內湖",1,90,-89
"7183","8112至上","110/07/14","台灣摩根士丹利",108,16,92
"7184","8112至上","110/07/14","港商野村",21,84,-63
"7185","8112至上","110/07/14","元大-東蘆",77,0,77
"7186","8112至上","110/07/14","兆豐-北高雄",1,60,-59
"7187","8112至上","110/07/14","新光",108,48,60
"7188","8112至上","110/07/14","群益金鼎-海山",1,52,-51
"7189","8112至上","110/07/14","大慶-蘆洲",59,0,59
"7190","8112至上","110/07/14","群益金鼎-大安",0,50,-50
"7191","8112至上","110/07/14","華南永昌-台中",56,3,53
"7192","8112至上","110/07/14","富邦-仁愛",2,49,-47
"7193","8112至上","110/07/14","土銀-嘉義",52,2,50
"7194","8112至上","110/07/14","元大-金華",0,42,-42
"7195","8112至上","110/07/14","美商高盛",40,0,40
"7196","8112至上","110/07/14","元大-內湖",4,43,-39
"7197","8112至上","110/07/14","臺銀",63,29,34
"7198","8112至上","110/07/14","第一金-華江",2,37,-35
"7199","8112至上","110/07/14","元富-嘉義",31,0,31
"7200","8112至上","110/07/14","永豐金-苓雅",2,34,-32
"7201","1570力肯","110/07/14","國票-北高雄",68,0,68
"7202","1570力肯","110/07/14","摩根大通",0,21,-21
"7203","1570力肯","110/07/14","日盛-八德",30,1,29
"7204","1570力肯","110/07/14","新光",1,19,-18
"7205","1570力肯","110/07/14","玉山-高雄",7,0,7
"7206","1570力肯","110/07/14","(牛牛牛)亞-鑫豐",0,17,-17
"7207","1570力肯","110/07/14","臺銀-臺南",5,0,5
"7208","1570力肯","110/07/14","日盛-士林",0,10,-10
"7209","1570力肯","110/07/14","凱基-三峽",5,0,5
"7210","1570力肯","110/07/14","統一-員林",0,10,-10
"7211","1570力肯","110/07/14","元大-和平",5,0,5
"7212","1570力肯","110/07/14","國票-新莊",0,10,-10
"7213","1570力肯","110/07/14","合庫-三重",4,0,4
"7214","1570力肯","110/07/14","凱基-高美館",0,10,-10
"7215","1570力肯","110/07/14","瑞士信貸",4,0,4
"7216","1570力肯","110/07/14","元大-屏東民生",0,5,-5
"7217","1570力肯","110/07/14","統一-三多",4,0,4
"7218","1570力肯","110/07/14","元大-古亭",0,5,-5
"7219","1570力肯","110/07/14","華南永昌-古亭",4,0,4
"7220","1570力肯","110/07/14","日盛-木柵",0,4,-4
"7221","1570力肯","110/07/14","元大-高雄",3,0,3
"7222","1570力肯","110/07/14","大昌",0,4,-4
"7223","1570力肯","110/07/14","兆豐-忠孝",2,0,2
"7224","1570力肯","110/07/14","群益金鼎-東大",0,4,-4
"7225","1570力肯","110/07/14","富邦-陽明",2,0,2
"7226","1570力肯","110/07/14","凱基-台北",0,4,-4
"7227","1570力肯","110/07/14","元大-松山",2,0,2
"7228","1570力肯","110/07/14","元大-板橋",0,4,-4
"7229","1570力肯","110/07/14","元大-忠孝",2,0,2
"7230","1570力肯","110/07/14","第一金-中山",0,3,-3
"7231","2929淘帝","110/07/14","華南永昌-林口",60,0,60
"7232","2929淘帝","110/07/14","群益金鼎",25,540,-515
"7233","2929淘帝","110/07/14","美林",87,31,56
"7234","2929淘帝","110/07/14","國泰-台南",1,30,-29
"7235","2929淘帝","110/07/14","元富-台南",40,0,40
"7236","2929淘帝","110/07/14","宏遠-桃園",0,20,-20
"7237","2929淘帝","110/07/14","元大-民生",39,0,39
"7238","2929淘帝","110/07/14","摩根大通",11,31,-20
"7239","2929淘帝","110/07/14","臺銀-鳳山",34,0,34
"7240","2929淘帝","110/07/14","台新-建北",5,20,-15
"7241","2929淘帝","110/07/14","合庫-高雄",34,1,33
"7242","2929淘帝","110/07/14","新光",1,16,-15
"7243","2929淘帝","110/07/14","華南永昌-鶯歌",28,0,28
"7244","2929淘帝","110/07/14","玉山-板橋",0,15,-15
"7245","2929淘帝","110/07/14","永興",25,0,25
"7246","2929淘帝","110/07/14","凱基-羅東",0,15,-15
"7247","2929淘帝","110/07/14","元大-新盛",25,1,24
"7248","2929淘帝","110/07/14","元大-頭份",0,15,-15
"7249","2929淘帝","110/07/14","日盛-南京",23,0,23
"7250","2929淘帝","110/07/14","第一金-台南",0,13,-13
"7251","2929淘帝","110/07/14","日茂",20,0,20
"7252","2929淘帝","110/07/14","富邦-基隆",0,12,-12
"7253","2929淘帝","110/07/14","台新-台中",20,0,20
"7254","2929淘帝","110/07/14","日茂-南投",1,12,-11
"7255","2929淘帝","110/07/14","華南永昌",20,0,20
"7256","2929淘帝","110/07/14","元大-豐原站前",0,11,-11
"7257","2929淘帝","110/07/14","福勝",15,0,15
"7258","2929淘帝","110/07/14","玉山-士林",0,10,-10
"7259","2929淘帝","110/07/14","富邦-南屯",15,0,15
"7260","2929淘帝","110/07/14","富邦-台北",0,10,-10
"7261","5410國眾","110/07/14","兆豐-城中",35,0,35
"7262","5410國眾","110/07/14","瑞士信貸",0,29,-29
"7263","5410國眾","110/07/14","新光",21,1,20
"7264","5410國眾","110/07/14","國泰-板橋",1,30,-29
"7265","5410國眾","110/07/14","國泰-敦南",21,1,20
"7266","5410國眾","110/07/14","日盛-高雄",0,20,-20
"7267","5410國眾","110/07/14","國泰-台中",20,1,19
"7268","5410國眾","110/07/14","台新-左楠",1,20,-19
"7269","5410國眾","110/07/14","元大-崇德",19,0,19
"7270","5410國眾","110/07/14","元富-大昌",1,18,-17
"7271","5410國眾","110/07/14","土銀-士林",18,0,18
"7272","5410國眾","110/07/14","富邦-建國",0,15,-15
"7273","5410國眾","110/07/14","元大-新盛",20,2,18
"7274","5410國眾","110/07/14","元富-嘉義",0,12,-12
"7275","5410國眾","110/07/14","兆豐-高雄",15,0,15
"7276","5410國眾","110/07/14","永全-南崁",0,12,-12
"7277","5410國眾","110/07/14","宏遠-中和",10,0,10
"7278","5410國眾","110/07/14","元大-員林",0,11,-11
"7279","5410國眾","110/07/14","新光-桃園",10,0,10
"7280","5410國眾","110/07/14","高橋",0,10,-10
"7281","5410國眾","110/07/14","國泰-台南",10,0,10
"7282","5410國眾","110/07/14","永興",0,10,-10
"7283","5410國眾","110/07/14","元大-復北",10,0,10
"7284","5410國眾","110/07/14","華南永昌-三重",0,10,-10
"7285","5410國眾","110/07/14","元大-竹科",8,0,8
"7286","5410國眾","110/07/14","元大-苑裡",0,7,-7
"7287","5410國眾","110/07/14","台新-新營",6,0,6
"7288","5410國眾","110/07/14","港商野村",0,6,-6
"7289","5410國眾","110/07/14","日盛-士林",5,0,5
"7290","5410國眾","110/07/14","摩根大通",5,11,-6
"7291","2841台開","110/07/14","凱基-文心",73,0,73
"7292","2841台開","110/07/14","國泰-敦南",0,50,-50
"7293","2841台開","110/07/14","元富-潮州",30,0,30
"7294","2841台開","110/07/14","凱基-中壢",0,40,-40
"7295","2841台開","110/07/14","第一金-台中",20,0,20
"7296","2841台開","110/07/14","統一-新竹",0,24,-24
"7297","2841台開","110/07/14","華南永昌-新莊",20,0,20
"7298","2841台開","110/07/14","元富-草屯",0,20,-20
"7299","2841台開","110/07/14","永豐金-豐原",20,0,20
"7300","2841台開","110/07/14","台新-台南",0,20,-20
"7301","2841台開","110/07/14","國泰-館前",15,0,15
"7302","2841台開","110/07/14","永豐金-敦南",45,63,-18
"7303","2841台開","110/07/14","群益金鼎-基隆",12,0,12
"7304","2841台開","110/07/14","國票-北高雄",0,13,-13
"7305","2841台開","110/07/14","日盛-信義",10,0,10
"7306","2841台開","110/07/14","凱基-松山",0,10,-10
"7307","2841台開","110/07/14","台新-台中",10,0,10
"7308","2841台開","110/07/14","元大證券",0,10,-10
"7309","2841台開","110/07/14","新光",10,1,9
"7310","2841台開","110/07/14","元大-中壢",0,10,-10
"7311","2841台開","110/07/14","凱基-新店",8,0,8
"7312","2841台開","110/07/14","富邦-陽明",1,10,-9
"7313","2841台開","110/07/14","元大-斗信",7,0,7
"7314","2841台開","110/07/14","富邦-建國",0,9,-9
"7315","2841台開","110/07/14","元大-三重",6,0,6
"7316","2841台開","110/07/14","富邦-台南",0,8,-8
"7317","2841台開","110/07/14","永豐金-中和",6,0,6
"7318","2841台開","110/07/14","康和-澎湖",0,7,-7
"7319","2841台開","110/07/14","元富-成功",5,0,5
"7320","2841台開","110/07/14","日盛-斗六",0,6,-6
"7321","6207雷科","110/07/14","群益金鼎-台北",60,0,60
"7322","6207雷科","110/07/14","新加坡商瑞銀",10,56,-46
"7323","6207雷科","110/07/14","台新-高雄",43,3,40
"7324","6207雷科","110/07/14","國票-中和",0,41,-41
"7325","6207雷科","110/07/14","元大-高雄",19,0,19
"7326","6207雷科","110/07/14","元大-復北",0,33,-33
"7327","6207雷科","110/07/14","福勝",15,0,15
"7328","6207雷科","110/07/14","光和-和美",0,20,-20
"7329","6207雷科","110/07/14","群益金鼎-中山",15,0,15
"7330","6207雷科","110/07/14","群益金鼎-丹鳳",0,20,-20
"7331","6207雷科","110/07/14","元大-林園",15,0,15
"7332","6207雷科","110/07/14","第一金-路竹",0,10,-10
"7333","6207雷科","110/07/14","新光",12,0,12
"7334","6207雷科","110/07/14","元大-歸仁",0,10,-10
"7335","6207雷科","110/07/14","元大-大天母",10,0,10
"7336","6207雷科","110/07/14","宏遠-館前",0,9,-9
"7337","6207雷科","110/07/14","永豐金-忠孝",9,0,9
"7338","6207雷科","110/07/14","凱基-台北",12,20,-8
"7339","6207雷科","110/07/14","永豐金-新店",7,0,7
"7340","6207雷科","110/07/14","美林",0,7,-7
"7341","6207雷科","110/07/14","玉山-嘉義",6,0,6
"7342","6207雷科","110/07/14","摩根大通",16,23,-7
"7343","6207雷科","110/07/14","元大-屏東",6,0,6
"7344","6207雷科","110/07/14","凱基-高雄",1,7,-6
"7345","6207雷科","110/07/14","凱基-大安",5,0,5
"7346","6207雷科","110/07/14","台中銀-豐原",0,5,-5
"7347","6207雷科","110/07/14","富邦-台南",5,0,5
"7348","6207雷科","110/07/14","元大-新竹經國",0,5,-5
"7349","6207雷科","110/07/14","元大-成功",5,0,5
"7350","6207雷科","110/07/14","光和-田中",0,4,-4
"7351","3679新至陞","110/07/14","凱基-台北",31,6,25
"7352","3679新至陞","110/07/14","群益金鼎-東大",0,15,-15
"7353","3679新至陞","110/07/14","華南永昌-新莊",10,0,10
"7354","3679新至陞","110/07/14","瑞士信貸",0,12,-12
"7355","3679新至陞","110/07/14","新加坡商瑞銀",11,3,8
"7356","3679新至陞","110/07/14","群益金鼎-永和",0,10,-10
"7357","3679新至陞","110/07/14","美商高盛",6,0,6
"7358","3679新至陞","110/07/14","元大-成功",5,15,-10
"7359","3679新至陞","110/07/14","第一金-中壢",6,0,6
"7360","3679新至陞","110/07/14","統一-板橋",1,10,-9
"7361","3679新至陞","110/07/14","(牛牛牛)亞-網路",4,0,4
"7362","3679新至陞","110/07/14","玉山-左營",0,5,-5
"7363","3679新至陞","110/07/14","元大-六合",3,0,3
"7364","3679新至陞","110/07/14","群益金鼎-三民",0,4,-4
"7365","3679新至陞","110/07/14","合庫-自強",2,0,2
"7366","3679新至陞","110/07/14","富邦-宜蘭",0,4,-4
"7367","3679新至陞","110/07/14","高橋-內壢",2,0,2
"7368","3679新至陞","110/07/14","永豐金-苓雅",0,3,-3
"7369","3679新至陞","110/07/14","台中銀-員林",2,0,2
"7370","3679新至陞","110/07/14","摩根大通",5,7,-2
"7371","3679新至陞","110/07/14","凱基-高美館",2,0,2
"7372","3679新至陞","110/07/14","元大-板橋三民",0,2,-2
"7373","3679新至陞","110/07/14","元大-福營",2,0,2
"7374","3679新至陞","110/07/14","宏遠-中和",0,1,-1
"7375","3679新至陞","110/07/14","永豐金-松山",2,0,2
"7376","3679新至陞","110/07/14","元富-佳里",0,1,-1
"7377","3679新至陞","110/07/14","永豐金-萬盛",2,0,2
"7378","3679新至陞","110/07/14","(牛牛牛)亞-鑫豐",0,1,-1
"7379","3679新至陞","110/07/14","元富-松德",1,0,1
"7380","3679新至陞","110/07/14","中國信託-中壢",0,1,-1
"7381","2727王品","110/07/14","富邦-左營",102,1,101
"7382","2727王品","110/07/14","統一-城中",100,234,-134
"7383","2727王品","110/07/14","國泰-板橋",105,11,94
"7384","2727王品","110/07/14","富邦-台北",1,125,-124
"7385","2727王品","110/07/14","港商野村",149,72,77
"7386","2727王品","110/07/14","台灣摩根士丹利",1,48,-47
"7387","2727王品","110/07/14","合庫-台中",66,2,64
"7388","2727王品","110/07/14","國票-新莊",0,40,-40
"7389","2727王品","110/07/14","臺銀-金山",63,8,55
"7390","2727王品","110/07/14","永豐金-忠孝",2,39,-37
"7391","2727王品","110/07/14","摩根大通",83,39,44
"7392","2727王品","110/07/14","富邦-彰化",1,34,-33
"7393","2727王品","110/07/14","凱基-台北",84,42,42
"7394","2727王品","110/07/14","康和-高雄",0,30,-30
"7395","2727王品","110/07/14","土銀-台中",35,1,34
"7396","2727王品","110/07/14","安泰",0,26,-26
"7397","2727王品","110/07/14","華南永昌-麻豆",32,1,31
"7398","2727王品","110/07/14","富邦-新竹華信",0,21,-21
"7399","2727王品","110/07/14","元大證券",85,55,30
"7400","2727王品","110/07/14","元大-南崁",1,22,-21
"7401","2727王品","110/07/14","新加坡商瑞銀",40,15,25
"7402","2727王品","110/07/14","彰銀-台中",0,18,-18
"7403","2727王品","110/07/14","日盛-八德",19,0,19
"7404","2727王品","110/07/14","元富-同大",2,20,-18
"7405","2727王品","110/07/14","統一",35,17,18
"7406","2727王品","110/07/14","玉山-嘉義",1,17,-16
"7407","2727王品","110/07/14","元富-大昌",18,1,17
"7408","2727王品","110/07/14","國泰-館前",4,20,-16
"7409","2727王品","110/07/14","玉山-板橋",15,1,14
"7410","2727王品","110/07/14","第一金-嘉義",1,13,-12
"7411","1570力肯","110/07/14","國票-北高雄",68,0,68
"7412","1570力肯","110/07/14","摩根大通",0,21,-21
"7413","1570力肯","110/07/14","日盛-八德",30,1,29
"7414","1570力肯","110/07/14","新光",1,19,-18
"7415","1570力肯","110/07/14","玉山-高雄",7,0,7
"7416","1570力肯","110/07/14","(牛牛牛)亞-鑫豐",0,17,-17
"7417","1570力肯","110/07/14","臺銀-臺南",5,0,5
"7418","1570力肯","110/07/14","日盛-士林",0,10,-10
"7419","1570力肯","110/07/14","凱基-三峽",5,0,5
"7420","1570力肯","110/07/14","統一-員林",0,10,-10
"7421","1570力肯","110/07/14","元大-和平",5,0,5
"7422","1570力肯","110/07/14","國票-新莊",0,10,-10
"7423","1570力肯","110/07/14","合庫-三重",4,0,4
"7424","1570力肯","110/07/14","凱基-高美館",0,10,-10
"7425","1570力肯","110/07/14","瑞士信貸",4,0,4
"7426","1570力肯","110/07/14","元大-屏東民生",0,5,-5
"7427","1570力肯","110/07/14","統一-三多",4,0,4
"7428","1570力肯","110/07/14","元大-古亭",0,5,-5
"7429","1570力肯","110/07/14","華南永昌-古亭",4,0,4
"7430","1570力肯","110/07/14","日盛-木柵",0,4,-4
"7431","1570力肯","110/07/14","元大-高雄",3,0,3
"7432","1570力肯","110/07/14","大昌",0,4,-4
"7433","1570力肯","110/07/14","兆豐-忠孝",2,0,2
"7434","1570力肯","110/07/14","群益金鼎-東大",0,4,-4
"7435","1570力肯","110/07/14","富邦-陽明",2,0,2
"7436","1570力肯","110/07/14","凱基-台北",0,4,-4
"7437","1570力肯","110/07/14","元大-松山",2,0,2
"7438","1570力肯","110/07/14","元大-板橋",0,4,-4
"7439","1570力肯","110/07/14","元大-忠孝",2,0,2
"7440","1570力肯","110/07/14","第一金-中山",0,3,-3
"7441","6180橘子","110/07/14","新加坡商瑞銀",84,28,56
"7442","6180橘子","110/07/14","凱基-台北",4,37,-33
"7443","6180橘子","110/07/14","日盛-信義",29,1,28
"7444","6180橘子","110/07/14","玉山-台南",1,22,-21
"7445","6180橘子","110/07/14","豐農",28,4,24
"7446","6180橘子","110/07/14","日盛-新竹",1,21,-20
"7447","6180橘子","110/07/14","新光-新竹",24,1,23
"7448","6180橘子","110/07/14","元富-潮州",0,19,-19
"7449","6180橘子","110/07/14","華南永昌-高雄",20,0,20
"7450","6180橘子","110/07/14","元大-信義",0,17,-17
"7451","6180橘子","110/07/14","元大-羅東",20,0,20
"7452","6180橘子","110/07/14","台灣企銀-台中",1,16,-15
"7453","6180橘子","110/07/14","元大-台中中港",20,0,20
"7454","6180橘子","110/07/14","元大-北港",0,15,-15
"7455","6180橘子","110/07/14","富邦-嘉義",24,5,19
"7456","6180橘子","110/07/14","富邦-高雄",0,14,-14
"7457","6180橘子","110/07/14","富邦-仁愛",15,0,15
"7458","6180橘子","110/07/14","兆豐-埔墘",0,13,-13
"7459","6180橘子","110/07/14","國票-九鼎",13,0,13
"7460","6180橘子","110/07/14","第一金-中山",0,10,-10
"7461","6180橘子","110/07/14","日盛-木柵",12,0,12
"7462","6180橘子","110/07/14","元大-彰化民生",0,10,-10
"7463","6180橘子","110/07/14","元大-成功",10,0,10
"7464","6180橘子","110/07/14","福勝",1,10,-9
"7465","6180橘子","110/07/14","港商野村",10,2,8
"7466","6180橘子","110/07/14","群益金鼎-丹鳳",1,10,-9
"7467","6180橘子","110/07/14","玉山-左營",8,0,8
"7468","6180橘子","110/07/14","群益金鼎-板橋",0,8,-8
"7469","6180橘子","110/07/14","富邦-陽明",16,8,8
"7470","6180橘子","110/07/14","合庫-鳳山",0,7,-7
"7471","2390云辰","110/07/14","摩根大通",995,198,797
"7472","2390云辰","110/07/14","新加坡商瑞銀",28,399,-371
"7473","2390云辰","110/07/14","美林",383,22,361
"7474","2390云辰","110/07/14","凱基-新豐",3,198,-195
"7475","2390云辰","110/07/14","台灣摩根士丹利",684,358,326
"7476","2390云辰","110/07/14","元大-士林",1,152,-151
"7477","2390云辰","110/07/14","凱基-台北",656,402,254
"7478","2390云辰","110/07/14","元大-竹山",80,181,-101
"7479","2390云辰","110/07/14","日盛-和美",110,5,105
"7480","2390云辰","110/07/14","群益金鼎-開元",19,95,-76
"7481","2390云辰","110/07/14","元大-天母",72,0,72
"7482","2390云辰","110/07/14","新光",77,150,-73
"7483","2390云辰","110/07/14","永豐金-松山",57,0,57
"7484","2390云辰","110/07/14","元富-高雄",0,71,-71
"7485","2390云辰","110/07/14","統一-屏東",53,0,53
"7486","2390云辰","110/07/14","元大-土城學府",130,201,-71
"7487","2390云辰","110/07/14","港商野村",486,450,36
"7488","2390云辰","110/07/14","元大-善化",12,76,-64
"7489","2390云辰","110/07/14","致和-崇德",30,0,30
"7490","2390云辰","110/07/14","華南永昌-岡山",23,81,-58
"7491","2390云辰","110/07/14","富邦-台北",40,14,26
"7492","2390云辰","110/07/14","群益金鼎-大興",82,125,-43
"7493","2390云辰","110/07/14","台新-高雄",38,13,25
"7494","2390云辰","110/07/14","大慶-中壢",0,41,-41
"7495","2390云辰","110/07/14","富邦-板橋",32,7,25
"7496","2390云辰","110/07/14","玉山-板橋",6,47,-41
"7497","2390云辰","110/07/14","陽信-石牌",24,0,24
"7498","2390云辰","110/07/14","富邦-台東",2,42,-40
"7499","2390云辰","110/07/14","凱基-屏東",32,8,24
"7500","2390云辰","110/07/14","元大-新營",3,42,-39
"7501","2363矽統","110/07/14","台灣摩根士丹利",463,0,463
"7502","2363矽統","110/07/14","新加坡商瑞銀",568,1321,-753
"7503","2363矽統","110/07/14","台新證券",750,342,408
"7504","2363矽統","110/07/14","瑞士信貸",149,864,-715
"7505","2363矽統","110/07/14","玉山-台中",363,51,312
"7506","2363矽統","110/07/14","台新-屏東",115,380,-265
"7507","2363矽統","110/07/14","元大-斗六",223,25,198
"7508","2363矽統","110/07/14","永豐金證券",16,265,-249
"7509","2363矽統","110/07/14","華南永昌-朴子",208,38,170
"7510","2363矽統","110/07/14","美林",462,701,-239
"7511","2363矽統","110/07/14","元富-西松",169,12,157
"7512","2363矽統","110/07/14","宏遠-桃園",269,500,-231
"7513","2363矽統","110/07/14","永豐金-大園",146,6,140
"7514","2363矽統","110/07/14","凱基-竹北",36,254,-218
"7515","2363矽統","110/07/14","土銀-和平",134,0,134
"7516","2363矽統","110/07/14","港商法國興業",0,214,-214
"7517","2363矽統","110/07/14","富邦-新營",130,13,117
"7518","2363矽統","110/07/14","港商野村",835,1044,-209
"7519","2363矽統","110/07/14","元富-成功",118,11,107
"7520","2363矽統","110/07/14","北城證券",212,411,-199
"7521","2363矽統","110/07/14","元富-烏日",121,18,103
"7522","2363矽統","110/07/14","(牛牛牛)亞-鑫豐",51,241,-190
"7523","2363矽統","110/07/14","日盛-二林",120,18,102
"7524","2363矽統","110/07/14","國票-博愛",24,213,-189
"7525","2363矽統","110/07/14","兆豐-忠孝",98,2,96
"7526","2363矽統","110/07/14","大慶-蘆洲",134,316,-182
"7527","2363矽統","110/07/14","大慶-楊梅",92,3,89
"7528","2363矽統","110/07/14","彰銀-台中",15,193,-178
"7529","2363矽統","110/07/14","元富-三重",120,33,87
"7530","2363矽統","110/07/14","日盛-和美",18,185,-167
"7531","8112至上","110/07/14","新加坡商瑞銀",223,17,206
"7532","8112至上","110/07/14","瑞士信貸",8,170,-162
"7533","8112至上","110/07/14","摩根大通",285,129,156
"7534","8112至上","110/07/14","美林",55,202,-147
"7535","8112至上","110/07/14","花旗環球",124,0,124
"7536","8112至上","110/07/14","凱基-台北",325,436,-111
"7537","8112至上","110/07/14","兆豐-公益",117,4,113
"7538","8112至上","110/07/14","台中銀-台北",0,98,-98
"7539","8112至上","110/07/14","香港上海匯豐",111,0,111
"7540","8112至上","110/07/14","玉山-台大",17,107,-90
"7541","8112至上","110/07/14","永豐金-內湖",117,21,96
"7542","8112至上","110/07/14","康和-內湖",1,90,-89
"7543","8112至上","110/07/14","台灣摩根士丹利",108,16,92
"7544","8112至上","110/07/14","港商野村",21,84,-63
"7545","8112至上","110/07/14","元大-東蘆",77,0,77
"7546","8112至上","110/07/14","兆豐-北高雄",1,60,-59
"7547","8112至上","110/07/14","新光",108,48,60
"7548","8112至上","110/07/14","群益金鼎-海山",1,52,-51
"7549","8112至上","110/07/14","大慶-蘆洲",59,0,59
"7550","8112至上","110/07/14","群益金鼎-大安",0,50,-50
"7551","8112至上","110/07/14","華南永昌-台中",56,3,53
"7552","8112至上","110/07/14","富邦-仁愛",2,49,-47
"7553","8112至上","110/07/14","土銀-嘉義",52,2,50
"7554","8112至上","110/07/14","元大-金華",0,42,-42
"7555","8112至上","110/07/14","美商高盛",40,0,40
"7556","8112至上","110/07/14","元大-內湖",4,43,-39
"7557","8112至上","110/07/14","臺銀",63,29,34
"7558","8112至上","110/07/14","第一金-華江",2,37,-35
"7559","8112至上","110/07/14","元富-嘉義",31,0,31
"7560","8112至上","110/07/14","永豐金-苓雅",2,34,-32
"7561","1570力肯","110/07/14","國票-北高雄",68,0,68
"7562","1570力肯","110/07/14","摩根大通",0,21,-21
"7563","1570力肯","110/07/14","日盛-八德",30,1,29
"7564","1570力肯","110/07/14","新光",1,19,-18
"7565","1570力肯","110/07/14","玉山-高雄",7,0,7
"7566","1570力肯","110/07/14","(牛牛牛)亞-鑫豐",0,17,-17
"7567","1570力肯","110/07/14","臺銀-臺南",5,0,5
"7568","1570力肯","110/07/14","日盛-士林",0,10,-10
"7569","1570力肯","110/07/14","凱基-三峽",5,0,5
"7570","1570力肯","110/07/14","統一-員林",0,10,-10
"7571","1570力肯","110/07/14","元大-和平",5,0,5
"7572","1570力肯","110/07/14","國票-新莊",0,10,-10
"7573","1570力肯","110/07/14","合庫-三重",4,0,4
"7574","1570力肯","110/07/14","凱基-高美館",0,10,-10
"7575","1570力肯","110/07/14","瑞士信貸",4,0,4
"7576","1570力肯","110/07/14","元大-屏東民生",0,5,-5
"7577","1570力肯","110/07/14","統一-三多",4,0,4
"7578","1570力肯","110/07/14","元大-古亭",0,5,-5
"7579","1570力肯","110/07/14","華南永昌-古亭",4,0,4
"7580","1570力肯","110/07/14","日盛-木柵",0,4,-4
"7581","1570力肯","110/07/14","元大-高雄",3,0,3
"7582","1570力肯","110/07/14","大昌",0,4,-4
"7583","1570力肯","110/07/14","兆豐-忠孝",2,0,2
"7584","1570力肯","110/07/14","群益金鼎-東大",0,4,-4
"7585","1570力肯","110/07/14","富邦-陽明",2,0,2
"7586","1570力肯","110/07/14","凱基-台北",0,4,-4
"7587","1570力肯","110/07/14","元大-松山",2,0,2
"7588","1570力肯","110/07/14","元大-板橋",0,4,-4
"7589","1570力肯","110/07/14","元大-忠孝",2,0,2
"7590","1570力肯","110/07/14","第一金-中山",0,3,-3
"7591","2929淘帝","110/07/14","華南永昌-林口",60,0,60
"7592","2929淘帝","110/07/14","群益金鼎",25,540,-515
"7593","2929淘帝","110/07/14","美林",87,31,56
"7594","2929淘帝","110/07/14","國泰-台南",1,30,-29
"7595","2929淘帝","110/07/14","元富-台南",40,0,40
"7596","2929淘帝","110/07/14","宏遠-桃園",0,20,-20
"7597","2929淘帝","110/07/14","元大-民生",39,0,39
"7598","2929淘帝","110/07/14","摩根大通",11,31,-20
"7599","2929淘帝","110/07/14","臺銀-鳳山",34,0,34
"7600","2929淘帝","110/07/14","台新-建北",5,20,-15
"7601","2929淘帝","110/07/14","合庫-高雄",34,1,33
"7602","2929淘帝","110/07/14","新光",1,16,-15
"7603","2929淘帝","110/07/14","華南永昌-鶯歌",28,0,28
"7604","2929淘帝","110/07/14","玉山-板橋",0,15,-15
"7605","2929淘帝","110/07/14","永興",25,0,25
"7606","2929淘帝","110/07/14","凱基-羅東",0,15,-15
"7607","2929淘帝","110/07/14","元大-新盛",25,1,24
"7608","2929淘帝","110/07/14","元大-頭份",0,15,-15
"7609","2929淘帝","110/07/14","日盛-南京",23,0,23
"7610","2929淘帝","110/07/14","第一金-台南",0,13,-13
"7611","2929淘帝","110/07/14","日茂",20,0,20
"7612","2929淘帝","110/07/14","富邦-基隆",0,12,-12
"7613","2929淘帝","110/07/14","台新-台中",20,0,20
"7614","2929淘帝","110/07/14","日茂-南投",1,12,-11
"7615","2929淘帝","110/07/14","華南永昌",20,0,20
"7616","2929淘帝","110/07/14","元大-豐原站前",0,11,-11
"7617","2929淘帝","110/07/14","福勝",15,0,15
"7618","2929淘帝","110/07/14","玉山-士林",0,10,-10
"7619","2929淘帝","110/07/14","富邦-南屯",15,0,15
"7620","2929淘帝","110/07/14","富邦-台北",0,10,-10
"7621","5410國眾","110/07/14","兆豐-城中",35,0,35
"7622","5410國眾","110/07/14","瑞士信貸",0,29,-29
"7623","5410國眾","110/07/14","新光",21,1,20
"7624","5410國眾","110/07/14","國泰-板橋",1,30,-29
"7625","5410國眾","110/07/14","國泰-敦南",21,1,20
"7626","5410國眾","110/07/14","日盛-高雄",0,20,-20
"7627","5410國眾","110/07/14","國泰-台中",20,1,19
"7628","5410國眾","110/07/14","台新-左楠",1,20,-19
"7629","5410國眾","110/07/14","元大-崇德",19,0,19
"7630","5410國眾","110/07/14","元富-大昌",1,18,-17
"7631","5410國眾","110/07/14","土銀-士林",18,0,18
"7632","5410國眾","110/07/14","富邦-建國",0,15,-15
"7633","5410國眾","110/07/14","元大-新盛",20,2,18
"7634","5410國眾","110/07/14","元富-嘉義",0,12,-12
"7635","5410國眾","110/07/14","兆豐-高雄",15,0,15
"7636","5410國眾","110/07/14","永全-南崁",0,12,-12
"7637","5410國眾","110/07/14","宏遠-中和",10,0,10
"7638","5410國眾","110/07/14","元大-員林",0,11,-11
"7639","5410國眾","110/07/14","新光-桃園",10,0,10
"7640","5410國眾","110/07/14","高橋",0,10,-10
"7641","5410國眾","110/07/14","國泰-台南",10,0,10
"7642","5410國眾","110/07/14","永興",0,10,-10
"7643","5410國眾","110/07/14","元大-復北",10,0,10
"7644","5410國眾","110/07/14","華南永昌-三重",0,10,-10
"7645","5410國眾","110/07/14","元大-竹科",8,0,8
"7646","5410國眾","110/07/14","元大-苑裡",0,7,-7
"7647","5410國眾","110/07/14","台新-新營",6,0,6
"7648","5410國眾","110/07/14","港商野村",0,6,-6
"7649","5410國眾","110/07/14","日盛-士林",5,0,5
"7650","5410國眾","110/07/14","摩根大通",5,11,-6
"7651","2841台開","110/07/14","凱基-文心",73,0,73
"7652","2841台開","110/07/14","國泰-敦南",0,50,-50
"7653","2841台開","110/07/14","元富-潮州",30,0,30
"7654","2841台開","110/07/14","凱基-中壢",0,40,-40
"7655","2841台開","110/07/14","第一金-台中",20,0,20
"7656","2841台開","110/07/14","統一-新竹",0,24,-24
"7657","2841台開","110/07/14","華南永昌-新莊",20,0,20
"7658","2841台開","110/07/14","元富-草屯",0,20,-20
"7659","2841台開","110/07/14","永豐金-豐原",20,0,20
"7660","2841台開","110/07/14","台新-台南",0,20,-20
"7661","2841台開","110/07/14","國泰-館前",15,0,15
"7662","2841台開","110/07/14","永豐金-敦南",45,63,-18
"7663","2841台開","110/07/14","群益金鼎-基隆",12,0,12
"7664","2841台開","110/07/14","國票-北高雄",0,13,-13
"7665","2841台開","110/07/14","日盛-信義",10,0,10
"7666","2841台開","110/07/14","凱基-松山",0,10,-10
"7667","2841台開","110/07/14","台新-台中",10,0,10
"7668","2841台開","110/07/14","元大證券",0,10,-10
"7669","2841台開","110/07/14","新光",10,1,9
"7670","2841台開","110/07/14","元大-中壢",0,10,-10
"7671","2841台開","110/07/14","凱基-新店",8,0,8
"7672","2841台開","110/07/14","富邦-陽明",1,10,-9
"7673","2841台開","110/07/14","元大-斗信",7,0,7
"7674","2841台開","110/07/14","富邦-建國",0,9,-9
"7675","2841台開","110/07/14","元大-三重",6,0,6
"7676","2841台開","110/07/14","富邦-台南",0,8,-8
"7677","2841台開","110/07/14","永豐金-中和",6,0,6
"7678","2841台開","110/07/14","康和-澎湖",0,7,-7
"7679","2841台開","110/07/14","元富-成功",5,0,5
"7680","2841台開","110/07/14","日盛-斗六",0,6,-6
"7681","6207雷科","110/07/14","群益金鼎-台北",60,0,60
"7682","6207雷科","110/07/14","新加坡商瑞銀",10,56,-46
"7683","6207雷科","110/07/14","台新-高雄",43,3,40
"7684","6207雷科","110/07/14","國票-中和",0,41,-41
"7685","6207雷科","110/07/14","元大-高雄",19,0,19
"7686","6207雷科","110/07/14","元大-復北",0,33,-33
"7687","6207雷科","110/07/14","福勝",15,0,15
"7688","6207雷科","110/07/14","光和-和美",0,20,-20
"7689","6207雷科","110/07/14","群益金鼎-中山",15,0,15
"7690","6207雷科","110/07/14","群益金鼎-丹鳳",0,20,-20
"7691","6207雷科","110/07/14","元大-林園",15,0,15
"7692","6207雷科","110/07/14","第一金-路竹",0,10,-10
"7693","6207雷科","110/07/14","新光",12,0,12
"7694","6207雷科","110/07/14","元大-歸仁",0,10,-10
"7695","6207雷科","110/07/14","元大-大天母",10,0,10
"7696","6207雷科","110/07/14","宏遠-館前",0,9,-9
"7697","6207雷科","110/07/14","永豐金-忠孝",9,0,9
"7698","6207雷科","110/07/14","凱基-台北",12,20,-8
"7699","6207雷科","110/07/14","永豐金-新店",7,0,7
"7700","6207雷科","110/07/14","美林",0,7,-7
"7701","6207雷科","110/07/14","玉山-嘉義",6,0,6
"7702","6207雷科","110/07/14","摩根大通",16,23,-7
"7703","6207雷科","110/07/14","元大-屏東",6,0,6
"7704","6207雷科","110/07/14","凱基-高雄",1,7,-6
"7705","6207雷科","110/07/14","凱基-大安",5,0,5
"7706","6207雷科","110/07/14","台中銀-豐原",0,5,-5
"7707","6207雷科","110/07/14","富邦-台南",5,0,5
"7708","6207雷科","110/07/14","元大-新竹經國",0,5,-5
"7709","6207雷科","110/07/14","元大-成功",5,0,5
"7710","6207雷科","110/07/14","光和-田中",0,4,-4
"7711","3679新至陞","110/07/14","凱基-台北",31,6,25
"7712","3679新至陞","110/07/14","群益金鼎-東大",0,15,-15
"7713","3679新至陞","110/07/14","華南永昌-新莊",10,0,10
"7714","3679新至陞","110/07/14","瑞士信貸",0,12,-12
"7715","3679新至陞","110/07/14","新加坡商瑞銀",11,3,8
"7716","3679新至陞","110/07/14","群益金鼎-永和",0,10,-10
"7717","3679新至陞","110/07/14","美商高盛",6,0,6
"7718","3679新至陞","110/07/14","元大-成功",5,15,-10
"7719","3679新至陞","110/07/14","第一金-中壢",6,0,6
"7720","3679新至陞","110/07/14","統一-板橋",1,10,-9
"7721","3679新至陞","110/07/14","(牛牛牛)亞-網路",4,0,4
"7722","3679新至陞","110/07/14","玉山-左營",0,5,-5
"7723","3679新至陞","110/07/14","元大-六合",3,0,3
"7724","3679新至陞","110/07/14","群益金鼎-三民",0,4,-4
"7725","3679新至陞","110/07/14","合庫-自強",2,0,2
"7726","3679新至陞","110/07/14","富邦-宜蘭",0,4,-4
"7727","3679新至陞","110/07/14","高橋-內壢",2,0,2
"7728","3679新至陞","110/07/14","永豐金-苓雅",0,3,-3
"7729","3679新至陞","110/07/14","台中銀-員林",2,0,2
"7730","3679新至陞","110/07/14","摩根大通",5,7,-2
"7731","3679新至陞","110/07/14","凱基-高美館",2,0,2
"7732","3679新至陞","110/07/14","元大-板橋三民",0,2,-2
"7733","3679新至陞","110/07/14","元大-福營",2,0,2
"7734","3679新至陞","110/07/14","宏遠-中和",0,1,-1
"7735","3679新至陞","110/07/14","永豐金-松山",2,0,2
"7736","3679新至陞","110/07/14","元富-佳里",0,1,-1
"7737","3679新至陞","110/07/14","永豐金-萬盛",2,0,2
"7738","3679新至陞","110/07/14","(牛牛牛)亞-鑫豐",0,1,-1
"7739","3679新至陞","110/07/14","元富-松德",1,0,1
"7740","3679新至陞","110/07/14","中國信託-中壢",0,1,-1
"7741","2727王品","110/07/14","富邦-左營",102,1,101
"7742","2727王品","110/07/14","統一-城中",100,234,-134
"7743","2727王品","110/07/14","國泰-板橋",105,11,94
"7744","2727王品","110/07/14","富邦-台北",1,125,-124
"7745","2727王品","110/07/14","港商野村",149,72,77
"7746","2727王品","110/07/14","台灣摩根士丹利",1,48,-47
"7747","2727王品","110/07/14","合庫-台中",66,2,64
"7748","2727王品","110/07/14","國票-新莊",0,40,-40
"7749","2727王品","110/07/14","臺銀-金山",63,8,55
"7750","2727王品","110/07/14","永豐金-忠孝",2,39,-37
"7751","2727王品","110/07/14","摩根大通",83,39,44
"7752","2727王品","110/07/14","富邦-彰化",1,34,-33
"7753","2727王品","110/07/14","凱基-台北",84,42,42
"7754","2727王品","110/07/14","康和-高雄",0,30,-30
"7755","2727王品","110/07/14","土銀-台中",35,1,34
"7756","2727王品","110/07/14","安泰",0,26,-26
"7757","2727王品","110/07/14","華南永昌-麻豆",32,1,31
"7758","2727王品","110/07/14","富邦-新竹華信",0,21,-21
"7759","2727王品","110/07/14","元大證券",85,55,30
"7760","2727王品","110/07/14","元大-南崁",1,22,-21
"7761","2727王品","110/07/14","新加坡商瑞銀",40,15,25
"7762","2727王品","110/07/14","彰銀-台中",0,18,-18
"7763","2727王品","110/07/14","日盛-八德",19,0,19
"7764","2727王品","110/07/14","元富-同大",2,20,-18
"7765","2727王品","110/07/14","統一",35,17,18
"7766","2727王品","110/07/14","玉山-嘉義",1,17,-16
"7767","2727王品","110/07/14","元富-大昌",18,1,17
"7768","2727王品","110/07/14","國泰-館前",4,20,-16
"7769","2727王品","110/07/14","玉山-板橋",15,1,14
"7770","2727王品","110/07/14","第一金-嘉義",1,13,-12
"7771","1570力肯","110/07/14","國票-北高雄",68,0,68
"7772","1570力肯","110/07/14","摩根大通",0,21,-21
"7773","1570力肯","110/07/14","日盛-八德",30,1,29
"7774","1570力肯","110/07/14","新光",1,19,-18
"7775","1570力肯","110/07/14","玉山-高雄",7,0,7
"7776","1570力肯","110/07/14","(牛牛牛)亞-鑫豐",0,17,-17
"7777","1570力肯","110/07/14","臺銀-臺南",5,0,5
"7778","1570力肯","110/07/14","日盛-士林",0,10,-10
"7779","1570力肯","110/07/14","凱基-三峽",5,0,5
"7780","1570力肯","110/07/14","統一-員林",0,10,-10
"7781","1570力肯","110/07/14","元大-和平",5,0,5
"7782","1570力肯","110/07/14","國票-新莊",0,10,-10
"7783","1570力肯","110/07/14","合庫-三重",4,0,4
"7784","1570力肯","110/07/14","凱基-高美館",0,10,-10
"7785","1570力肯","110/07/14","瑞士信貸",4,0,4
"7786","1570力肯","110/07/14","元大-屏東民生",0,5,-5
"7787","1570力肯","110/07/14","統一-三多",4,0,4
"7788","1570力肯","110/07/14","元大-古亭",0,5,-5
"7789","1570力肯","110/07/14","華南永昌-古亭",4,0,4
"7790","1570力肯","110/07/14","日盛-木柵",0,4,-4
"7791","1570力肯","110/07/14","元大-高雄",3,0,3
"7792","1570力肯","110/07/14","大昌",0,4,-4
"7793","1570力肯","110/07/14","兆豐-忠孝",2,0,2
"7794","1570力肯","110/07/14","群益金鼎-東大",0,4,-4
"7795","1570力肯","110/07/14","富邦-陽明",2,0,2
"7796","1570力肯","110/07/14","凱基-台北",0,4,-4
"7797","1570力肯","110/07/14","元大-松山",2,0,2
"7798","1570力肯","110/07/14","元大-板橋",0,4,-4
"7799","1570力肯","110/07/14","元大-忠孝",2,0,2
"7800","1570力肯","110/07/14","第一金-中山",0,3,-3
"7801","6180橘子","110/07/14","新加坡商瑞銀",84,28,56
"7802","6180橘子","110/07/14","凱基-台北",4,37,-33
"7803","6180橘子","110/07/14","日盛-信義",29,1,28
"7804","6180橘子","110/07/14","玉山-台南",1,22,-21
"7805","6180橘子","110/07/14","豐農",28,4,24
"7806","6180橘子","110/07/14","日盛-新竹",1,21,-20
"7807","6180橘子","110/07/14","新光-新竹",24,1,23
"7808","6180橘子","110/07/14","元富-潮州",0,19,-19
"7809","6180橘子","110/07/14","華南永昌-高雄",20,0,20
"7810","6180橘子","110/07/14","元大-信義",0,17,-17
"7811","6180橘子","110/07/14","元大-羅東",20,0,20
"7812","6180橘子","110/07/14","台灣企銀-台中",1,16,-15
"7813","6180橘子","110/07/14","元大-台中中港",20,0,20
"7814","6180橘子","110/07/14","元大-北港",0,15,-15
"7815","6180橘子","110/07/14","富邦-嘉義",24,5,19
"7816","6180橘子","110/07/14","富邦-高雄",0,14,-14
"7817","6180橘子","110/07/14","富邦-仁愛",15,0,15
"7818","6180橘子","110/07/14","兆豐-埔墘",0,13,-13
"7819","6180橘子","110/07/14","國票-九鼎",13,0,13
"7820","6180橘子","110/07/14","第一金-中山",0,10,-10
"7821","6180橘子","110/07/14","日盛-木柵",12,0,12
"7822","6180橘子","110/07/14","元大-彰化民生",0,10,-10
"7823","6180橘子","110/07/14","元大-成功",10,0,10
"7824","6180橘子","110/07/14","福勝",1,10,-9
"7825","6180橘子","110/07/14","港商野村",10,2,8
"7826","6180橘子","110/07/14","群益金鼎-丹鳳",1,10,-9
"7827","6180橘子","110/07/14","玉山-左營",8,0,8
"7828","6180橘子","110/07/14","群益金鼎-板橋",0,8,-8
"7829","6180橘子","110/07/14","富邦-陽明",16,8,8
"7830","6180橘子","110/07/14","合庫-鳳山",0,7,-7
"7831","2390云辰","110/07/14","摩根大通",995,198,797
"7832","2390云辰","110/07/14","新加坡商瑞銀",28,399,-371
"7833","2390云辰","110/07/14","美林",383,22,361
"7834","2390云辰","110/07/14","凱基-新豐",3,198,-195
"7835","2390云辰","110/07/14","台灣摩根士丹利",684,358,326
"7836","2390云辰","110/07/14","元大-士林",1,152,-151
"7837","2390云辰","110/07/14","凱基-台北",656,402,254
"7838","2390云辰","110/07/14","元大-竹山",80,181,-101
"7839","2390云辰","110/07/14","日盛-和美",110,5,105
"7840","2390云辰","110/07/14","群益金鼎-開元",19,95,-76
"7841","2390云辰","110/07/14","元大-天母",72,0,72
"7842","2390云辰","110/07/14","新光",77,150,-73
"7843","2390云辰","110/07/14","永豐金-松山",57,0,57
"7844","2390云辰","110/07/14","元富-高雄",0,71,-71
"7845","2390云辰","110/07/14","統一-屏東",53,0,53
"7846","2390云辰","110/07/14","元大-土城學府",130,201,-71
"7847","2390云辰","110/07/14","港商野村",486,450,36
"7848","2390云辰","110/07/14","元大-善化",12,76,-64
"7849","2390云辰","110/07/14","致和-崇德",30,0,30
"7850","2390云辰","110/07/14","華南永昌-岡山",23,81,-58
"7851","2390云辰","110/07/14","富邦-台北",40,14,26
"7852","2390云辰","110/07/14","群益金鼎-大興",82,125,-43
"7853","2390云辰","110/07/14","台新-高雄",38,13,25
"7854","2390云辰","110/07/14","大慶-中壢",0,41,-41
"7855","2390云辰","110/07/14","富邦-板橋",32,7,25
"7856","2390云辰","110/07/14","玉山-板橋",6,47,-41
"7857","2390云辰","110/07/14","陽信-石牌",24,0,24
"7858","2390云辰","110/07/14","富邦-台東",2,42,-40
"7859","2390云辰","110/07/14","凱基-屏東",32,8,24
"7860","2390云辰","110/07/14","元大-新營",3,42,-39
"7861","2363矽統","110/07/14","台灣摩根士丹利",463,0,463
"7862","2363矽統","110/07/14","新加坡商瑞銀",568,1321,-753
"7863","2363矽統","110/07/14","台新證券",750,342,408
"7864","2363矽統","110/07/14","瑞士信貸",149,864,-715
"7865","2363矽統","110/07/14","玉山-台中",363,51,312
"7866","2363矽統","110/07/14","台新-屏東",115,380,-265
"7867","2363矽統","110/07/14","元大-斗六",223,25,198
"7868","2363矽統","110/07/14","永豐金證券",16,265,-249
"7869","2363矽統","110/07/14","華南永昌-朴子",208,38,170
"7870","2363矽統","110/07/14","美林",462,701,-239
"7871","2363矽統","110/07/14","元富-西松",169,12,157
"7872","2363矽統","110/07/14","宏遠-桃園",269,500,-231
"7873","2363矽統","110/07/14","永豐金-大園",146,6,140
"7874","2363矽統","110/07/14","凱基-竹北",36,254,-218
"7875","2363矽統","110/07/14","土銀-和平",134,0,134
"7876","2363矽統","110/07/14","港商法國興業",0,214,-214
"7877","2363矽統","110/07/14","富邦-新營",130,13,117
"7878","2363矽統","110/07/14","港商野村",835,1044,-209
"7879","2363矽統","110/07/14","元富-成功",118,11,107
"7880","2363矽統","110/07/14","北城證券",212,411,-199
"7881","2363矽統","110/07/14","元富-烏日",121,18,103
"7882","2363矽統","110/07/14","(牛牛牛)亞-鑫豐",51,241,-190
"7883","2363矽統","110/07/14","日盛-二林",120,18,102
"7884","2363矽統","110/07/14","國票-博愛",24,213,-189
"7885","2363矽統","110/07/14","兆豐-忠孝",98,2,96
"7886","2363矽統","110/07/14","大慶-蘆洲",134,316,-182
"7887","2363矽統","110/07/14","大慶-楊梅",92,3,89
"7888","2363矽統","110/07/14","彰銀-台中",15,193,-178
"7889","2363矽統","110/07/14","元富-三重",120,33,87
"7890","2363矽統","110/07/14","日盛-和美",18,185,-167
"7891","8112至上","110/07/14","新加坡商瑞銀",223,17,206
"7892","8112至上","110/07/14","瑞士信貸",8,170,-162
"7893","8112至上","110/07/14","摩根大通",285,129,156
"7894","8112至上","110/07/14","美林",55,202,-147
"7895","8112至上","110/07/14","花旗環球",124,0,124
"7896","8112至上","110/07/14","凱基-台北",325,436,-111
"7897","8112至上","110/07/14","兆豐-公益",117,4,113
"7898","8112至上","110/07/14","台中銀-台北",0,98,-98
"7899","8112至上","110/07/14","香港上海匯豐",111,0,111
"7900","8112至上","110/07/14","玉山-台大",17,107,-90
"7901","8112至上","110/07/14","永豐金-內湖",117,21,96
"7902","8112至上","110/07/14","康和-內湖",1,90,-89
"7903","8112至上","110/07/14","台灣摩根士丹利",108,16,92
"7904","8112至上","110/07/14","港商野村",21,84,-63
"7905","8112至上","110/07/14","元大-東蘆",77,0,77
"7906","8112至上","110/07/14","兆豐-北高雄",1,60,-59
"7907","8112至上","110/07/14","新光",108,48,60
"7908","8112至上","110/07/14","群益金鼎-海山",1,52,-51
"7909","8112至上","110/07/14","大慶-蘆洲",59,0,59
"7910","8112至上","110/07/14","群益金鼎-大安",0,50,-50
"7911","8112至上","110/07/14","華南永昌-台中",56,3,53
"7912","8112至上","110/07/14","富邦-仁愛",2,49,-47
"7913","8112至上","110/07/14","土銀-嘉義",52,2,50
"7914","8112至上","110/07/14","元大-金華",0,42,-42
"7915","8112至上","110/07/14","美商高盛",40,0,40
"7916","8112至上","110/07/14","元大-內湖",4,43,-39
"7917","8112至上","110/07/14","臺銀",63,29,34
"7918","8112至上","110/07/14","第一金-華江",2,37,-35
"7919","8112至上","110/07/14","元富-嘉義",31,0,31
"7920","8112至上","110/07/14","永豐金-苓雅",2,34,-32
"7921","1570力肯","110/07/14","國票-北高雄",68,0,68
"7922","1570力肯","110/07/14","摩根大通",0,21,-21
"7923","1570力肯","110/07/14","日盛-八德",30,1,29
"7924","1570力肯","110/07/14","新光",1,19,-18
"7925","1570力肯","110/07/14","玉山-高雄",7,0,7
"7926","1570力肯","110/07/14","(牛牛牛)亞-鑫豐",0,17,-17
"7927","1570力肯","110/07/14","臺銀-臺南",5,0,5
"7928","1570力肯","110/07/14","日盛-士林",0,10,-10
"7929","1570力肯","110/07/14","凱基-三峽",5,0,5
"7930","1570力肯","110/07/14","統一-員林",0,10,-10
"7931","1570力肯","110/07/14","元大-和平",5,0,5
"7932","1570力肯","110/07/14","國票-新莊",0,10,-10
"7933","1570力肯","110/07/14","合庫-三重",4,0,4
"7934","1570力肯","110/07/14","凱基-高美館",0,10,-10
"7935","1570力肯","110/07/14","瑞士信貸",4,0,4
"7936","1570力肯","110/07/14","元大-屏東民生",0,5,-5
"7937","1570力肯","110/07/14","統一-三多",4,0,4
"7938","1570力肯","110/07/14","元大-古亭",0,5,-5
"7939","1570力肯","110/07/14","華南永昌-古亭",4,0,4
"7940","1570力肯","110/07/14","日盛-木柵",0,4,-4
"7941","1570力肯","110/07/14","元大-高雄",3,0,3
"7942","1570力肯","110/07/14","大昌",0,4,-4
"7943","1570力肯","110/07/14","兆豐-忠孝",2,0,2
"7944","1570力肯","110/07/14","群益金鼎-東大",0,4,-4
"7945","1570力肯","110/07/14","富邦-陽明",2,0,2
"7946","1570力肯","110/07/14","凱基-台北",0,4,-4
"7947","1570力肯","110/07/14","元大-松山",2,0,2
"7948","1570力肯","110/07/14","元大-板橋",0,4,-4
"7949","1570力肯","110/07/14","元大-忠孝",2,0,2
"7950","1570力肯","110/07/14","第一金-中山",0,3,-3
"7951","2929淘帝","110/07/14","華南永昌-林口",60,0,60
"7952","2929淘帝","110/07/14","群益金鼎",25,540,-515
"7953","2929淘帝","110/07/14","美林",87,31,56
"7954","2929淘帝","110/07/14","國泰-台南",1,30,-29
"7955","2929淘帝","110/07/14","元富-台南",40,0,40
"7956","2929淘帝","110/07/14","宏遠-桃園",0,20,-20
"7957","2929淘帝","110/07/14","元大-民生",39,0,39
"7958","2929淘帝","110/07/14","摩根大通",11,31,-20
"7959","2929淘帝","110/07/14","臺銀-鳳山",34,0,34
"7960","2929淘帝","110/07/14","台新-建北",5,20,-15
"7961","2929淘帝","110/07/14","合庫-高雄",34,1,33
"7962","2929淘帝","110/07/14","新光",1,16,-15
"7963","2929淘帝","110/07/14","華南永昌-鶯歌",28,0,28
"7964","2929淘帝","110/07/14","玉山-板橋",0,15,-15
"7965","2929淘帝","110/07/14","永興",25,0,25
"7966","2929淘帝","110/07/14","凱基-羅東",0,15,-15
"7967","2929淘帝","110/07/14","元大-新盛",25,1,24
"7968","2929淘帝","110/07/14","元大-頭份",0,15,-15
"7969","2929淘帝","110/07/14","日盛-南京",23,0,23
"7970","2929淘帝","110/07/14","第一金-台南",0,13,-13
"7971","2929淘帝","110/07/14","日茂",20,0,20
"7972","2929淘帝","110/07/14","富邦-基隆",0,12,-12
"7973","2929淘帝","110/07/14","台新-台中",20,0,20
"7974","2929淘帝","110/07/14","日茂-南投",1,12,-11
"7975","2929淘帝","110/07/14","華南永昌",20,0,20
"7976","2929淘帝","110/07/14","元大-豐原站前",0,11,-11
"7977","2929淘帝","110/07/14","福勝",15,0,15
"7978","2929淘帝","110/07/14","玉山-士林",0,10,-10
"7979","2929淘帝","110/07/14","富邦-南屯",15,0,15
"7980","2929淘帝","110/07/14","富邦-台北",0,10,-10
"7981","5410國眾","110/07/14","兆豐-城中",35,0,35
"7982","5410國眾","110/07/14","瑞士信貸",0,29,-29
"7983","5410國眾","110/07/14","新光",21,1,20
"7984","5410國眾","110/07/14","國泰-板橋",1,30,-29
"7985","5410國眾","110/07/14","國泰-敦南",21,1,20
"7986","5410國眾","110/07/14","日盛-高雄",0,20,-20
"7987","5410國眾","110/07/14","國泰-台中",20,1,19
"7988","5410國眾","110/07/14","台新-左楠",1,20,-19
"7989","5410國眾","110/07/14","元大-崇德",19,0,19
"7990","5410國眾","110/07/14","元富-大昌",1,18,-17
"7991","5410國眾","110/07/14","土銀-士林",18,0,18
"7992","5410國眾","110/07/14","富邦-建國",0,15,-15
"7993","5410國眾","110/07/14","元大-新盛",20,2,18
"7994","5410國眾","110/07/14","元富-嘉義",0,12,-12
"7995","5410國眾","110/07/14","兆豐-高雄",15,0,15
"7996","5410國眾","110/07/14","永全-南崁",0,12,-12
"7997","5410國眾","110/07/14","宏遠-中和",10,0,10
"7998","5410國眾","110/07/14","元大-員林",0,11,-11
"7999","5410國眾","110/07/14","新光-桃園",10,0,10
"8000","5410國眾","110/07/14","高橋",0,10,-10
"8001","5410國眾","110/07/14","國泰-台南",10,0,10
"8002","5410國眾","110/07/14","永興",0,10,-10
"8003","5410國眾","110/07/14","元大-復北",10,0,10
"8004","5410國眾","110/07/14","華南永昌-三重",0,10,-10
"8005","5410國眾","110/07/14","元大-竹科",8,0,8
"8006","5410國眾","110/07/14","元大-苑裡",0,7,-7
"8007","5410國眾","110/07/14","台新-新營",6,0,6
"8008","5410國眾","110/07/14","港商野村",0,6,-6
"8009","5410國眾","110/07/14","日盛-士林",5,0,5
"8010","5410國眾","110/07/14","摩根大通",5,11,-6
"8011","2841台開","110/07/14","凱基-文心",73,0,73
"8012","2841台開","110/07/14","國泰-敦南",0,50,-50
"8013","2841台開","110/07/14","元富-潮州",30,0,30
"8014","2841台開","110/07/14","凱基-中壢",0,40,-40
"8015","2841台開","110/07/14","第一金-台中",20,0,20
"8016","2841台開","110/07/14","統一-新竹",0,24,-24
"8017","2841台開","110/07/14","華南永昌-新莊",20,0,20
"8018","2841台開","110/07/14","元富-草屯",0,20,-20
"8019","2841台開","110/07/14","永豐金-豐原",20,0,20
"8020","2841台開","110/07/14","台新-台南",0,20,-20
"8021","2841台開","110/07/14","國泰-館前",15,0,15
"8022","2841台開","110/07/14","永豐金-敦南",45,63,-18
"8023","2841台開","110/07/14","群益金鼎-基隆",12,0,12
"8024","2841台開","110/07/14","國票-北高雄",0,13,-13
"8025","2841台開","110/07/14","日盛-信義",10,0,10
"8026","2841台開","110/07/14","凱基-松山",0,10,-10
"8027","2841台開","110/07/14","台新-台中",10,0,10
"8028","2841台開","110/07/14","元大證券",0,10,-10
"8029","2841台開","110/07/14","新光",10,1,9
"8030","2841台開","110/07/14","元大-中壢",0,10,-10
"8031","2841台開","110/07/14","凱基-新店",8,0,8
"8032","2841台開","110/07/14","富邦-陽明",1,10,-9
"8033","2841台開","110/07/14","元大-斗信",7,0,7
"8034","2841台開","110/07/14","富邦-建國",0,9,-9
"8035","2841台開","110/07/14","元大-三重",6,0,6
"8036","2841台開","110/07/14","富邦-台南",0,8,-8
"8037","2841台開","110/07/14","永豐金-中和",6,0,6
"8038","2841台開","110/07/14","康和-澎湖",0,7,-7
"8039","2841台開","110/07/14","元富-成功",5,0,5
"8040","2841台開","110/07/14","日盛-斗六",0,6,-6
"8041","6207雷科","110/07/14","群益金鼎-台北",60,0,60
"8042","6207雷科","110/07/14","新加坡商瑞銀",10,56,-46
"8043","6207雷科","110/07/14","台新-高雄",43,3,40
"8044","6207雷科","110/07/14","國票-中和",0,41,-41
"8045","6207雷科","110/07/14","元大-高雄",19,0,19
"8046","6207雷科","110/07/14","元大-復北",0,33,-33
"8047","6207雷科","110/07/14","福勝",15,0,15
"8048","6207雷科","110/07/14","光和-和美",0,20,-20
"8049","6207雷科","110/07/14","群益金鼎-中山",15,0,15
"8050","6207雷科","110/07/14","群益金鼎-丹鳳",0,20,-20
"8051","6207雷科","110/07/14","元大-林園",15,0,15
"8052","6207雷科","110/07/14","第一金-路竹",0,10,-10
"8053","6207雷科","110/07/14","新光",12,0,12
"8054","6207雷科","110/07/14","元大-歸仁",0,10,-10
"8055","6207雷科","110/07/14","元大-大天母",10,0,10
"8056","6207雷科","110/07/14","宏遠-館前",0,9,-9
"8057","6207雷科","110/07/14","永豐金-忠孝",9,0,9
"8058","6207雷科","110/07/14","凱基-台北",12,20,-8
"8059","6207雷科","110/07/14","永豐金-新店",7,0,7
"8060","6207雷科","110/07/14","美林",0,7,-7
"8061","6207雷科","110/07/14","玉山-嘉義",6,0,6
"8062","6207雷科","110/07/14","摩根大通",16,23,-7
"8063","6207雷科","110/07/14","元大-屏東",6,0,6
"8064","6207雷科","110/07/14","凱基-高雄",1,7,-6
"8065","6207雷科","110/07/14","凱基-大安",5,0,5
"8066","6207雷科","110/07/14","台中銀-豐原",0,5,-5
"8067","6207雷科","110/07/14","富邦-台南",5,0,5
"8068","6207雷科","110/07/14","元大-新竹經國",0,5,-5
"8069","6207雷科","110/07/14","元大-成功",5,0,5
"8070","6207雷科","110/07/14","光和-田中",0,4,-4
"8071","3679新至陞","110/07/14","凱基-台北",31,6,25
"8072","3679新至陞","110/07/14","群益金鼎-東大",0,15,-15
"8073","3679新至陞","110/07/14","華南永昌-新莊",10,0,10
"8074","3679新至陞","110/07/14","瑞士信貸",0,12,-12
"8075","3679新至陞","110/07/14","新加坡商瑞銀",11,3,8
"8076","3679新至陞","110/07/14","群益金鼎-永和",0,10,-10
"8077","3679新至陞","110/07/14","美商高盛",6,0,6
"8078","3679新至陞","110/07/14","元大-成功",5,15,-10
"8079","3679新至陞","110/07/14","第一金-中壢",6,0,6
"8080","3679新至陞","110/07/14","統一-板橋",1,10,-9
"8081","3679新至陞","110/07/14","(牛牛牛)亞-網路",4,0,4
"8082","3679新至陞","110/07/14","玉山-左營",0,5,-5
"8083","3679新至陞","110/07/14","元大-六合",3,0,3
"8084","3679新至陞","110/07/14","群益金鼎-三民",0,4,-4
"8085","3679新至陞","110/07/14","合庫-自強",2,0,2
"8086","3679新至陞","110/07/14","富邦-宜蘭",0,4,-4
"8087","3679新至陞","110/07/14","高橋-內壢",2,0,2
"8088","3679新至陞","110/07/14","永豐金-苓雅",0,3,-3
"8089","3679新至陞","110/07/14","台中銀-員林",2,0,2
"8090","3679新至陞","110/07/14","摩根大通",5,7,-2
"8091","3679新至陞","110/07/14","凱基-高美館",2,0,2
"8092","3679新至陞","110/07/14","元大-板橋三民",0,2,-2
"8093","3679新至陞","110/07/14","元大-福營",2,0,2
"8094","3679新至陞","110/07/14","宏遠-中和",0,1,-1
"8095","3679新至陞","110/07/14","永豐金-松山",2,0,2
"8096","3679新至陞","110/07/14","元富-佳里",0,1,-1
"8097","3679新至陞","110/07/14","永豐金-萬盛",2,0,2
"8098","3679新至陞","110/07/14","(牛牛牛)亞-鑫豐",0,1,-1
"8099","3679新至陞","110/07/14","元富-松德",1,0,1
"8100","3679新至陞","110/07/14","中國信託-中壢",0,1,-1
"8101","2727王品","110/07/14","富邦-左營",102,1,101
"8102","2727王品","110/07/14","統一-城中",100,234,-134
"8103","2727王品","110/07/14","國泰-板橋",105,11,94
"8104","2727王品","110/07/14","富邦-台北",1,125,-124
"8105","2727王品","110/07/14","港商野村",149,72,77
"8106","2727王品","110/07/14","台灣摩根士丹利",1,48,-47
"8107","2727王品","110/07/14","合庫-台中",66,2,64
"8108","2727王品","110/07/14","國票-新莊",0,40,-40
"8109","2727王品","110/07/14","臺銀-金山",63,8,55
"8110","2727王品","110/07/14","永豐金-忠孝",2,39,-37
"8111","2727王品","110/07/14","摩根大通",83,39,44
"8112","2727王品","110/07/14","富邦-彰化",1,34,-33
"8113","2727王品","110/07/14","凱基-台北",84,42,42
"8114","2727王品","110/07/14","康和-高雄",0,30,-30
"8115","2727王品","110/07/14","土銀-台中",35,1,34
"8116","2727王品","110/07/14","安泰",0,26,-26
"8117","2727王品","110/07/14","華南永昌-麻豆",32,1,31
"8118","2727王品","110/07/14","富邦-新竹華信",0,21,-21
"8119","2727王品","110/07/14","元大證券",85,55,30
"8120","2727王品","110/07/14","元大-南崁",1,22,-21
"8121","2727王品","110/07/14","新加坡商瑞銀",40,15,25
"8122","2727王品","110/07/14","彰銀-台中",0,18,-18
"8123","2727王品","110/07/14","日盛-八德",19,0,19
"8124","2727王品","110/07/14","元富-同大",2,20,-18
"8125","2727王品","110/07/14","統一",35,17,18
"8126","2727王品","110/07/14","玉山-嘉義",1,17,-16
"8127","2727王品","110/07/14","元富-大昌",18,1,17
"8128","2727王品","110/07/14","國泰-館前",4,20,-16
"8129","2727王品","110/07/14","玉山-板橋",15,1,14
"8130","2727王品","110/07/14","第一金-嘉義",1,13,-12
"8131","1570力肯","110/07/14","國票-北高雄",68,0,68
"8132","1570力肯","110/07/14","摩根大通",0,21,-21
"8133","1570力肯","110/07/14","日盛-八德",30,1,29
"8134","1570力肯","110/07/14","新光",1,19,-18
"8135","1570力肯","110/07/14","玉山-高雄",7,0,7
"8136","1570力肯","110/07/14","(牛牛牛)亞-鑫豐",0,17,-17
"8137","1570力肯","110/07/14","臺銀-臺南",5,0,5
"8138","1570力肯","110/07/14","日盛-士林",0,10,-10
"8139","1570力肯","110/07/14","凱基-三峽",5,0,5
"8140","1570力肯","110/07/14","統一-員林",0,10,-10
"8141","1570力肯","110/07/14","元大-和平",5,0,5
"8142","1570力肯","110/07/14","國票-新莊",0,10,-10
"8143","1570力肯","110/07/14","合庫-三重",4,0,4
"8144","1570力肯","110/07/14","凱基-高美館",0,10,-10
"8145","1570力肯","110/07/14","瑞士信貸",4,0,4
"8146","1570力肯","110/07/14","元大-屏東民生",0,5,-5
"8147","1570力肯","110/07/14","統一-三多",4,0,4
"8148","1570力肯","110/07/14","元大-古亭",0,5,-5
"8149","1570力肯","110/07/14","華南永昌-古亭",4,0,4
"8150","1570力肯","110/07/14","日盛-木柵",0,4,-4
"8151","1570力肯","110/07/14","元大-高雄",3,0,3
"8152","1570力肯","110/07/14","大昌",0,4,-4
"8153","1570力肯","110/07/14","兆豐-忠孝",2,0,2
"8154","1570力肯","110/07/14","群益金鼎-東大",0,4,-4
"8155","1570力肯","110/07/14","富邦-陽明",2,0,2
"8156","1570力肯","110/07/14","凱基-台北",0,4,-4
"8157","1570力肯","110/07/14","元大-松山",2,0,2
"8158","1570力肯","110/07/14","元大-板橋",0,4,-4
"8159","1570力肯","110/07/14","元大-忠孝",2,0,2
"8160","1570力肯","110/07/14","第一金-中山",0,3,-3
"8161","6180橘子","110/07/14","新加坡商瑞銀",84,28,56
"8162","6180橘子","110/07/14","凱基-台北",4,37,-33
"8163","6180橘子","110/07/14","日盛-信義",29,1,28
"8164","6180橘子","110/07/14","玉山-台南",1,22,-21
"8165","6180橘子","110/07/14","豐農",28,4,24
"8166","6180橘子","110/07/14","日盛-新竹",1,21,-20
"8167","6180橘子","110/07/14","新光-新竹",24,1,23
"8168","6180橘子","110/07/14","元富-潮州",0,19,-19
"8169","6180橘子","110/07/14","華南永昌-高雄",20,0,20
"8170","6180橘子","110/07/14","元大-信義",0,17,-17
"8171","6180橘子","110/07/14","元大-羅東",20,0,20
"8172","6180橘子","110/07/14","台灣企銀-台中",1,16,-15
"8173","6180橘子","110/07/14","元大-台中中港",20,0,20
"8174","6180橘子","110/07/14","元大-北港",0,15,-15
"8175","6180橘子","110/07/14","富邦-嘉義",24,5,19
"8176","6180橘子","110/07/14","富邦-高雄",0,14,-14
"8177","6180橘子","110/07/14","富邦-仁愛",15,0,15
"8178","6180橘子","110/07/14","兆豐-埔墘",0,13,-13
"8179","6180橘子","110/07/14","國票-九鼎",13,0,13
"8180","6180橘子","110/07/14","第一金-中山",0,10,-10
"8181","6180橘子","110/07/14","日盛-木柵",12,0,12
"8182","6180橘子","110/07/14","元大-彰化民生",0,10,-10
"8183","6180橘子","110/07/14","元大-成功",10,0,10
"8184","6180橘子","110/07/14","福勝",1,10,-9
"8185","6180橘子","110/07/14","港商野村",10,2,8
"8186","6180橘子","110/07/14","群益金鼎-丹鳳",1,10,-9
"8187","6180橘子","110/07/14","玉山-左營",8,0,8
"8188","6180橘子","110/07/14","群益金鼎-板橋",0,8,-8
"8189","6180橘子","110/07/14","富邦-陽明",16,8,8
"8190","6180橘子","110/07/14","合庫-鳳山",0,7,-7
"8191","2390云辰","110/07/14","摩根大通",995,198,797
"8192","2390云辰","110/07/14","新加坡商瑞銀",28,399,-371
"8193","2390云辰","110/07/14","美林",383,22,361
"8194","2390云辰","110/07/14","凱基-新豐",3,198,-195
"8195","2390云辰","110/07/14","台灣摩根士丹利",684,358,326
"8196","2390云辰","110/07/14","元大-士林",1,152,-151
"8197","2390云辰","110/07/14","凱基-台北",656,402,254
"8198","2390云辰","110/07/14","元大-竹山",80,181,-101
"8199","2390云辰","110/07/14","日盛-和美",110,5,105
"8200","2390云辰","110/07/14","群益金鼎-開元",19,95,-76
"8201","2390云辰","110/07/14","元大-天母",72,0,72
"8202","2390云辰","110/07/14","新光",77,150,-73
"8203","2390云辰","110/07/14","永豐金-松山",57,0,57
"8204","2390云辰","110/07/14","元富-高雄",0,71,-71
"8205","2390云辰","110/07/14","統一-屏東",53,0,53
"8206","2390云辰","110/07/14","元大-土城學府",130,201,-71
"8207","2390云辰","110/07/14","港商野村",486,450,36
"8208","2390云辰","110/07/14","元大-善化",12,76,-64
"8209","2390云辰","110/07/14","致和-崇德",30,0,30
"8210","2390云辰","110/07/14","華南永昌-岡山",23,81,-58
"8211","2390云辰","110/07/14","富邦-台北",40,14,26
"8212","2390云辰","110/07/14","群益金鼎-大興",82,125,-43
"8213","2390云辰","110/07/14","台新-高雄",38,13,25
"8214","2390云辰","110/07/14","大慶-中壢",0,41,-41
"8215","2390云辰","110/07/14","富邦-板橋",32,7,25
"8216","2390云辰","110/07/14","玉山-板橋",6,47,-41
"8217","2390云辰","110/07/14","陽信-石牌",24,0,24
"8218","2390云辰","110/07/14","富邦-台東",2,42,-40
"8219","2390云辰","110/07/14","凱基-屏東",32,8,24
"8220","2390云辰","110/07/14","元大-新營",3,42,-39
"8221","2363矽統","110/07/14","台灣摩根士丹利",463,0,463
"8222","2363矽統","110/07/14","新加坡商瑞銀",568,1321,-753
"8223","2363矽統","110/07/14","台新證券",750,342,408
"8224","2363矽統","110/07/14","瑞士信貸",149,864,-715
"8225","2363矽統","110/07/14","玉山-台中",363,51,312
"8226","2363矽統","110/07/14","台新-屏東",115,380,-265
"8227","2363矽統","110/07/14","元大-斗六",223,25,198
"8228","2363矽統","110/07/14","永豐金證券",16,265,-249
"8229","2363矽統","110/07/14","華南永昌-朴子",208,38,170
"8230","2363矽統","110/07/14","美林",462,701,-239
"8231","2363矽統","110/07/14","元富-西松",169,12,157
"8232","2363矽統","110/07/14","宏遠-桃園",269,500,-231
"8233","2363矽統","110/07/14","永豐金-大園",146,6,140
"8234","2363矽統","110/07/14","凱基-竹北",36,254,-218
"8235","2363矽統","110/07/14","土銀-和平",134,0,134
"8236","2363矽統","110/07/14","港商法國興業",0,214,-214
"8237","2363矽統","110/07/14","富邦-新營",130,13,117
"8238","2363矽統","110/07/14","港商野村",835,1044,-209
"8239","2363矽統","110/07/14","元富-成功",118,11,107
"8240","2363矽統","110/07/14","北城證券",212,411,-199
"8241","2363矽統","110/07/14","元富-烏日",121,18,103
"8242","2363矽統","110/07/14","(牛牛牛)亞-鑫豐",51,241,-190
"8243","2363矽統","110/07/14","日盛-二林",120,18,102
"8244","2363矽統","110/07/14","國票-博愛",24,213,-189
"8245","2363矽統","110/07/14","兆豐-忠孝",98,2,96
"8246","2363矽統","110/07/14","大慶-蘆洲",134,316,-182
"8247","2363矽統","110/07/14","大慶-楊梅",92,3,89
"8248","2363矽統","110/07/14","彰銀-台中",15,193,-178
"8249","2363矽統","110/07/14","元富-三重",120,33,87
"8250","2363矽統","110/07/14","日盛-和美",18,185,-167
"8251","8112至上","110/07/14","新加坡商瑞銀",223,17,206
"8252","8112至上","110/07/14","瑞士信貸",8,170,-162
"8253","8112至上","110/07/14","摩根大通",285,129,156
"8254","8112至上","110/07/14","美林",55,202,-147
"8255","8112至上","110/07/14","花旗環球",124,0,124
"8256","8112至上","110/07/14","凱基-台北",325,436,-111
"8257","8112至上","110/07/14","兆豐-公益",117,4,113
"8258","8112至上","110/07/14","台中銀-台北",0,98,-98
"8259","8112至上","110/07/14","香港上海匯豐",111,0,111
"8260","8112至上","110/07/14","玉山-台大",17,107,-90
"8261","8112至上","110/07/14","永豐金-內湖",117,21,96
"8262","8112至上","110/07/14","康和-內湖",1,90,-89
"8263","8112至上","110/07/14","台灣摩根士丹利",108,16,92
"8264","8112至上","110/07/14","港商野村",21,84,-63
"8265","8112至上","110/07/14","元大-東蘆",77,0,77
"8266","8112至上","110/07/14","兆豐-北高雄",1,60,-59
"8267","8112至上","110/07/14","新光",108,48,60
"8268","8112至上","110/07/14","群益金鼎-海山",1,52,-51
"8269","8112至上","110/07/14","大慶-蘆洲",59,0,59
"8270","8112至上","110/07/14","群益金鼎-大安",0,50,-50
"8271","8112至上","110/07/14","華南永昌-台中",56,3,53
"8272","8112至上","110/07/14","富邦-仁愛",2,49,-47
"8273","8112至上","110/07/14","土銀-嘉義",52,2,50
"8274","8112至上","110/07/14","元大-金華",0,42,-42
"8275","8112至上","110/07/14","美商高盛",40,0,40
"8276","8112至上","110/07/14","元大-內湖",4,43,-39
"8277","8112至上","110/07/14","臺銀",63,29,34
"8278","8112至上","110/07/14","第一金-華江",2,37,-35
"8279","8112至上","110/07/14","元富-嘉義",31,0,31
"8280","8112至上","110/07/14","永豐金-苓雅",2,34,-32
"8281","1570力肯","110/07/14","國票-北高雄",68,0,68
"8282","1570力肯","110/07/14","摩根大通",0,21,-21
"8283","1570力肯","110/07/14","日盛-八德",30,1,29
"8284","1570力肯","110/07/14","新光",1,19,-18
"8285","1570力肯","110/07/14","玉山-高雄",7,0,7
"8286","1570力肯","110/07/14","(牛牛牛)亞-鑫豐",0,17,-17
"8287","1570力肯","110/07/14","臺銀-臺南",5,0,5
"8288","1570力肯","110/07/14","日盛-士林",0,10,-10
"8289","1570力肯","110/07/14","凱基-三峽",5,0,5
"8290","1570力肯","110/07/14","統一-員林",0,10,-10
"8291","1570力肯","110/07/14","元大-和平",5,0,5
"8292","1570力肯","110/07/14","國票-新莊",0,10,-10
"8293","1570力肯","110/07/14","合庫-三重",4,0,4
"8294","1570力肯","110/07/14","凱基-高美館",0,10,-10
"8295","1570力肯","110/07/14","瑞士信貸",4,0,4
"8296","1570力肯","110/07/14","元大-屏東民生",0,5,-5
"8297","1570力肯","110/07/14","統一-三多",4,0,4
"8298","1570力肯","110/07/14","元大-古亭",0,5,-5
"8299","1570力肯","110/07/14","華南永昌-古亭",4,0,4
"8300","1570力肯","110/07/14","日盛-木柵",0,4,-4
"8301","1570力肯","110/07/14","元大-高雄",3,0,3
"8302","1570力肯","110/07/14","大昌",0,4,-4
"8303","1570力肯","110/07/14","兆豐-忠孝",2,0,2
"8304","1570力肯","110/07/14","群益金鼎-東大",0,4,-4
"8305","1570力肯","110/07/14","富邦-陽明",2,0,2
"8306","1570力肯","110/07/14","凱基-台北",0,4,-4
"8307","1570力肯","110/07/14","元大-松山",2,0,2
"8308","1570力肯","110/07/14","元大-板橋",0,4,-4
"8309","1570力肯","110/07/14","元大-忠孝",2,0,2
"8310","1570力肯","110/07/14","第一金-中山",0,3,-3
"8311","2929淘帝","110/07/14","華南永昌-林口",60,0,60
"8312","2929淘帝","110/07/14","群益金鼎",25,540,-515
"8313","2929淘帝","110/07/14","美林",87,31,56
"8314","2929淘帝","110/07/14","國泰-台南",1,30,-29
"8315","2929淘帝","110/07/14","元富-台南",40,0,40
"8316","2929淘帝","110/07/14","宏遠-桃園",0,20,-20
"8317","2929淘帝","110/07/14","元大-民生",39,0,39
"8318","2929淘帝","110/07/14","摩根大通",11,31,-20
"8319","2929淘帝","110/07/14","臺銀-鳳山",34,0,34
"8320","2929淘帝","110/07/14","台新-建北",5,20,-15
"8321","2929淘帝","110/07/14","合庫-高雄",34,1,33
"8322","2929淘帝","110/07/14","新光",1,16,-15
"8323","2929淘帝","110/07/14","華南永昌-鶯歌",28,0,28
"8324","2929淘帝","110/07/14","玉山-板橋",0,15,-15
"8325","2929淘帝","110/07/14","永興",25,0,25
"8326","2929淘帝","110/07/14","凱基-羅東",0,15,-15
"8327","2929淘帝","110/07/14","元大-新盛",25,1,24
"8328","2929淘帝","110/07/14","元大-頭份",0,15,-15
"8329","2929淘帝","110/07/14","日盛-南京",23,0,23
"8330","2929淘帝","110/07/14","第一金-台南",0,13,-13
"8331","2929淘帝","110/07/14","日茂",20,0,20
"8332","2929淘帝","110/07/14","富邦-基隆",0,12,-12
"8333","2929淘帝","110/07/14","台新-台中",20,0,20
"8334","2929淘帝","110/07/14","日茂-南投",1,12,-11
"8335","2929淘帝","110/07/14","華南永昌",20,0,20
"8336","2929淘帝","110/07/14","元大-豐原站前",0,11,-11
"8337","2929淘帝","110/07/14","福勝",15,0,15
"8338","2929淘帝","110/07/14","玉山-士林",0,10,-10
"8339","2929淘帝","110/07/14","富邦-南屯",15,0,15
"8340","2929淘帝","110/07/14","富邦-台北",0,10,-10
"8341","5410國眾","110/07/14","兆豐-城中",35,0,35
"8342","5410國眾","110/07/14","瑞士信貸",0,29,-29
"8343","5410國眾","110/07/14","新光",21,1,20
"8344","5410國眾","110/07/14","國泰-板橋",1,30,-29
"8345","5410國眾","110/07/14","國泰-敦南",21,1,20
"8346","5410國眾","110/07/14","日盛-高雄",0,20,-20
"8347","5410國眾","110/07/14","國泰-台中",20,1,19
"8348","5410國眾","110/07/14","台新-左楠",1,20,-19
"8349","5410國眾","110/07/14","元大-崇德",19,0,19
"8350","5410國眾","110/07/14","元富-大昌",1,18,-17
"8351","5410國眾","110/07/14","土銀-士林",18,0,18
"8352","5410國眾","110/07/14","富邦-建國",0,15,-15
"8353","5410國眾","110/07/14","元大-新盛",20,2,18
"8354","5410國眾","110/07/14","元富-嘉義",0,12,-12
"8355","5410國眾","110/07/14","兆豐-高雄",15,0,15
"8356","5410國眾","110/07/14","永全-南崁",0,12,-12
"8357","5410國眾","110/07/14","宏遠-中和",10,0,10
"8358","5410國眾","110/07/14","元大-員林",0,11,-11
"8359","5410國眾","110/07/14","新光-桃園",10,0,10
"8360","5410國眾","110/07/14","高橋",0,10,-10
"8361","5410國眾","110/07/14","國泰-台南",10,0,10
"8362","5410國眾","110/07/14","永興",0,10,-10
"8363","5410國眾","110/07/14","元大-復北",10,0,10
"8364","5410國眾","110/07/14","華南永昌-三重",0,10,-10
"8365","5410國眾","110/07/14","元大-竹科",8,0,8
"8366","5410國眾","110/07/14","元大-苑裡",0,7,-7
"8367","5410國眾","110/07/14","台新-新營",6,0,6
"8368","5410國眾","110/07/14","港商野村",0,6,-6
"8369","5410國眾","110/07/14","日盛-士林",5,0,5
"8370","5410國眾","110/07/14","摩根大通",5,11,-6
"8371","2841台開","110/07/14","凱基-文心",73,0,73
"8372","2841台開","110/07/14","國泰-敦南",0,50,-50
"8373","2841台開","110/07/14","元富-潮州",30,0,30
"8374","2841台開","110/07/14","凱基-中壢",0,40,-40
"8375","2841台開","110/07/14","第一金-台中",20,0,20
"8376","2841台開","110/07/14","統一-新竹",0,24,-24
"8377","2841台開","110/07/14","華南永昌-新莊",20,0,20
"8378","2841台開","110/07/14","元富-草屯",0,20,-20
"8379","2841台開","110/07/14","永豐金-豐原",20,0,20
"8380","2841台開","110/07/14","台新-台南",0,20,-20
"8381","2841台開","110/07/14","國泰-館前",15,0,15
"8382","2841台開","110/07/14","永豐金-敦南",45,63,-18
"8383","2841台開","110/07/14","群益金鼎-基隆",12,0,12
"8384","2841台開","110/07/14","國票-北高雄",0,13,-13
"8385","2841台開","110/07/14","日盛-信義",10,0,10
"8386","2841台開","110/07/14","凱基-松山",0,10,-10
"8387","2841台開","110/07/14","台新-台中",10,0,10
"8388","2841台開","110/07/14","元大證券",0,10,-10
"8389","2841台開","110/07/14","新光",10,1,9
"8390","2841台開","110/07/14","元大-中壢",0,10,-10
"8391","2841台開","110/07/14","凱基-新店",8,0,8
"8392","2841台開","110/07/14","富邦-陽明",1,10,-9
"8393","2841台開","110/07/14","元大-斗信",7,0,7
"8394","2841台開","110/07/14","富邦-建國",0,9,-9
"8395","2841台開","110/07/14","元大-三重",6,0,6
"8396","2841台開","110/07/14","富邦-台南",0,8,-8
"8397","2841台開","110/07/14","永豐金-中和",6,0,6
"8398","2841台開","110/07/14","康和-澎湖",0,7,-7
"8399","2841台開","110/07/14","元富-成功",5,0,5
"8400","2841台開","110/07/14","日盛-斗六",0,6,-6
"8401","6207雷科","110/07/14","群益金鼎-台北",60,0,60
"8402","6207雷科","110/07/14","新加坡商瑞銀",10,56,-46
"8403","6207雷科","110/07/14","台新-高雄",43,3,40
"8404","6207雷科","110/07/14","國票-中和",0,41,-41
"8405","6207雷科","110/07/14","元大-高雄",19,0,19
"8406","6207雷科","110/07/14","元大-復北",0,33,-33
"8407","6207雷科","110/07/14","福勝",15,0,15
"8408","6207雷科","110/07/14","光和-和美",0,20,-20
"8409","6207雷科","110/07/14","群益金鼎-中山",15,0,15
"8410","6207雷科","110/07/14","群益金鼎-丹鳳",0,20,-20
"8411","6207雷科","110/07/14","元大-林園",15,0,15
"8412","6207雷科","110/07/14","第一金-路竹",0,10,-10
"8413","6207雷科","110/07/14","新光",12,0,12
"8414","6207雷科","110/07/14","元大-歸仁",0,10,-10
"8415","6207雷科","110/07/14","元大-大天母",10,0,10
"8416","6207雷科","110/07/14","宏遠-館前",0,9,-9
"8417","6207雷科","110/07/14","永豐金-忠孝",9,0,9
"8418","6207雷科","110/07/14","凱基-台北",12,20,-8
"8419","6207雷科","110/07/14","永豐金-新店",7,0,7
"8420","6207雷科","110/07/14","美林",0,7,-7
"8421","6207雷科","110/07/14","玉山-嘉義",6,0,6
"8422","6207雷科","110/07/14","摩根大通",16,23,-7
"8423","6207雷科","110/07/14","元大-屏東",6,0,6
"8424","6207雷科","110/07/14","凱基-高雄",1,7,-6
"8425","6207雷科","110/07/14","凱基-大安",5,0,5
"8426","6207雷科","110/07/14","台中銀-豐原",0,5,-5
"8427","6207雷科","110/07/14","富邦-台南",5,0,5
"8428","6207雷科","110/07/14","元大-新竹經國",0,5,-5
"8429","6207雷科","110/07/14","元大-成功",5,0,5
"8430","6207雷科","110/07/14","光和-田中",0,4,-4
"8431","3679新至陞","110/07/14","凱基-台北",31,6,25
"8432","3679新至陞","110/07/14","群益金鼎-東大",0,15,-15
"8433","3679新至陞","110/07/14","華南永昌-新莊",10,0,10
"8434","3679新至陞","110/07/14","瑞士信貸",0,12,-12
"8435","3679新至陞","110/07/14","新加坡商瑞銀",11,3,8
"8436","3679新至陞","110/07/14","群益金鼎-永和",0,10,-10
"8437","3679新至陞","110/07/14","美商高盛",6,0,6
"8438","3679新至陞","110/07/14","元大-成功",5,15,-10
"8439","3679新至陞","110/07/14","第一金-中壢",6,0,6
"8440","3679新至陞","110/07/14","統一-板橋",1,10,-9
"8441","3679新至陞","110/07/14","(牛牛牛)亞-網路",4,0,4
"8442","3679新至陞","110/07/14","玉山-左營",0,5,-5
"8443","3679新至陞","110/07/14","元大-六合",3,0,3
"8444","3679新至陞","110/07/14","群益金鼎-三民",0,4,-4
"8445","3679新至陞","110/07/14","合庫-自強",2,0,2
"8446","3679新至陞","110/07/14","富邦-宜蘭",0,4,-4
"8447","3679新至陞","110/07/14","高橋-內壢",2,0,2
"8448","3679新至陞","110/07/14","永豐金-苓雅",0,3,-3
"8449","3679新至陞","110/07/14","台中銀-員林",2,0,2
"8450","3679新至陞","110/07/14","摩根大通",5,7,-2
"8451","3679新至陞","110/07/14","凱基-高美館",2,0,2
"8452","3679新至陞","110/07/14","元大-板橋三民",0,2,-2
"8453","3679新至陞","110/07/14","元大-福營",2,0,2
"8454","3679新至陞","110/07/14","宏遠-中和",0,1,-1
"8455","3679新至陞","110/07/14","永豐金-松山",2,0,2
"8456","3679新至陞","110/07/14","元富-佳里",0,1,-1
"8457","3679新至陞","110/07/14","永豐金-萬盛",2,0,2
"8458","3679新至陞","110/07/14","(牛牛牛)亞-鑫豐",0,1,-1
"8459","3679新至陞","110/07/14","元富-松德",1,0,1
"8460","3679新至陞","110/07/14","中國信託-中壢",0,1,-1
"8461","2727王品","110/07/14","富邦-左營",102,1,101
"8462","2727王品","110/07/14","統一-城中",100,234,-134
"8463","2727王品","110/07/14","國泰-板橋",105,11,94
"8464","2727王品","110/07/14","富邦-台北",1,125,-124
"8465","2727王品","110/07/14","港商野村",149,72,77
"8466","2727王品","110/07/14","台灣摩根士丹利",1,48,-47
"8467","2727王品","110/07/14","合庫-台中",66,2,64
"8468","2727王品","110/07/14","國票-新莊",0,40,-40
"8469","2727王品","110/07/14","臺銀-金山",63,8,55
"8470","2727王品","110/07/14","永豐金-忠孝",2,39,-37
"8471","2727王品","110/07/14","摩根大通",83,39,44
"8472","2727王品","110/07/14","富邦-彰化",1,34,-33
"8473","2727王品","110/07/14","凱基-台北",84,42,42
"8474","2727王品","110/07/14","康和-高雄",0,30,-30
"8475","2727王品","110/07/14","土銀-台中",35,1,34
"8476","2727王品","110/07/14","安泰",0,26,-26
"8477","2727王品","110/07/14","華南永昌-麻豆",32,1,31
"8478","2727王品","110/07/14","富邦-新竹華信",0,21,-21
"8479","2727王品","110/07/14","元大證券",85,55,30
"8480","2727王品","110/07/14","元大-南崁",1,22,-21
"8481","2727王品","110/07/14","新加坡商瑞銀",40,15,25
"8482","2727王品","110/07/14","彰銀-台中",0,18,-18
"8483","2727王品","110/07/14","日盛-八德",19,0,19
"8484","2727王品","110/07/14","元富-同大",2,20,-18
"8485","2727王品","110/07/14","統一",35,17,18
"8486","2727王品","110/07/14","玉山-嘉義",1,17,-16
"8487","2727王品","110/07/14","元富-大昌",18,1,17
"8488","2727王品","110/07/14","國泰-館前",4,20,-16
"8489","2727王品","110/07/14","玉山-板橋",15,1,14
"8490","2727王品","110/07/14","第一金-嘉義",1,13,-12
"8491","1570力肯","110/07/14","國票-北高雄",68,0,68
"8492","1570力肯","110/07/14","摩根大通",0,21,-21
"8493","1570力肯","110/07/14","日盛-八德",30,1,29
"8494","1570力肯","110/07/14","新光",1,19,-18
"8495","1570力肯","110/07/14","玉山-高雄",7,0,7
"8496","1570力肯","110/07/14","(牛牛牛)亞-鑫豐",0,17,-17
"8497","1570力肯","110/07/14","臺銀-臺南",5,0,5
"8498","1570力肯","110/07/14","日盛-士林",0,10,-10
"8499","1570力肯","110/07/14","凱基-三峽",5,0,5
"8500","1570力肯","110/07/14","統一-員林",0,10,-10
"8501","1570力肯","110/07/14","元大-和平",5,0,5
"8502","1570力肯","110/07/14","國票-新莊",0,10,-10
"8503","1570力肯","110/07/14","合庫-三重",4,0,4
"8504","1570力肯","110/07/14","凱基-高美館",0,10,-10
"8505","1570力肯","110/07/14","瑞士信貸",4,0,4
"8506","1570力肯","110/07/14","元大-屏東民生",0,5,-5
"8507","1570力肯","110/07/14","統一-三多",4,0,4
"8508","1570力肯","110/07/14","元大-古亭",0,5,-5
"8509","1570力肯","110/07/14","華南永昌-古亭",4,0,4
"8510","1570力肯","110/07/14","日盛-木柵",0,4,-4
"8511","1570力肯","110/07/14","元大-高雄",3,0,3
"8512","1570力肯","110/07/14","大昌",0,4,-4
"8513","1570力肯","110/07/14","兆豐-忠孝",2,0,2
"8514","1570力肯","110/07/14","群益金鼎-東大",0,4,-4
"8515","1570力肯","110/07/14","富邦-陽明",2,0,2
"8516","1570力肯","110/07/14","凱基-台北",0,4,-4
"8517","1570力肯","110/07/14","元大-松山",2,0,2
"8518","1570力肯","110/07/14","元大-板橋",0,4,-4
"8519","1570力肯","110/07/14","元大-忠孝",2,0,2
"8520","1570力肯","110/07/14","第一金-中山",0,3,-3
"8521","6180橘子","110/07/14","新加坡商瑞銀",84,28,56
"8522","6180橘子","110/07/14","凱基-台北",4,37,-33
"8523","6180橘子","110/07/14","日盛-信義",29,1,28
"8524","6180橘子","110/07/14","玉山-台南",1,22,-21
"8525","6180橘子","110/07/14","豐農",28,4,24
"8526","6180橘子","110/07/14","日盛-新竹",1,21,-20
"8527","6180橘子","110/07/14","新光-新竹",24,1,23
"8528","6180橘子","110/07/14","元富-潮州",0,19,-19
"8529","6180橘子","110/07/14","華南永昌-高雄",20,0,20
"8530","6180橘子","110/07/14","元大-信義",0,17,-17
"8531","6180橘子","110/07/14","元大-羅東",20,0,20
"8532","6180橘子","110/07/14","台灣企銀-台中",1,16,-15
"8533","6180橘子","110/07/14","元大-台中中港",20,0,20
"8534","6180橘子","110/07/14","元大-北港",0,15,-15
"8535","6180橘子","110/07/14","富邦-嘉義",24,5,19
"8536","6180橘子","110/07/14","富邦-高雄",0,14,-14
"8537","6180橘子","110/07/14","富邦-仁愛",15,0,15
"8538","6180橘子","110/07/14","兆豐-埔墘",0,13,-13
"8539","6180橘子","110/07/14","國票-九鼎",13,0,13
"8540","6180橘子","110/07/14","第一金-中山",0,10,-10
"8541","6180橘子","110/07/14","日盛-木柵",12,0,12
"8542","6180橘子","110/07/14","元大-彰化民生",0,10,-10
"8543","6180橘子","110/07/14","元大-成功",10,0,10
"8544","6180橘子","110/07/14","福勝",1,10,-9
"8545","6180橘子","110/07/14","港商野村",10,2,8
"8546","6180橘子","110/07/14","群益金鼎-丹鳳",1,10,-9
"8547","6180橘子","110/07/14","玉山-左營",8,0,8
"8548","6180橘子","110/07/14","群益金鼎-板橋",0,8,-8
"8549","6180橘子","110/07/14","富邦-陽明",16,8,8
"8550","6180橘子","110/07/14","合庫-鳳山",0,7,-7
"8551","2390云辰","110/07/14","摩根大通",995,198,797
"8552","2390云辰","110/07/14","新加坡商瑞銀",28,399,-371
"8553","2390云辰","110/07/14","美林",383,22,361
"8554","2390云辰","110/07/14","凱基-新豐",3,198,-195
"8555","2390云辰","110/07/14","台灣摩根士丹利",684,358,326
"8556","2390云辰","110/07/14","元大-士林",1,152,-151
"8557","2390云辰","110/07/14","凱基-台北",656,402,254
"8558","2390云辰","110/07/14","元大-竹山",80,181,-101
"8559","2390云辰","110/07/14","日盛-和美",110,5,105
"8560","2390云辰","110/07/14","群益金鼎-開元",19,95,-76
"8561","2390云辰","110/07/14","元大-天母",72,0,72
"8562","2390云辰","110/07/14","新光",77,150,-73
"8563","2390云辰","110/07/14","永豐金-松山",57,0,57
"8564","2390云辰","110/07/14","元富-高雄",0,71,-71
"8565","2390云辰","110/07/14","統一-屏東",53,0,53
"8566","2390云辰","110/07/14","元大-土城學府",130,201,-71
"8567","2390云辰","110/07/14","港商野村",486,450,36
"8568","2390云辰","110/07/14","元大-善化",12,76,-64
"8569","2390云辰","110/07/14","致和-崇德",30,0,30
"8570","2390云辰","110/07/14","華南永昌-岡山",23,81,-58
"8571","2390云辰","110/07/14","富邦-台北",40,14,26
"8572","2390云辰","110/07/14","群益金鼎-大興",82,125,-43
"8573","2390云辰","110/07/14","台新-高雄",38,13,25
"8574","2390云辰","110/07/14","大慶-中壢",0,41,-41
"8575","2390云辰","110/07/14","富邦-板橋",32,7,25
"8576","2390云辰","110/07/14","玉山-板橋",6,47,-41
"8577","2390云辰","110/07/14","陽信-石牌",24,0,24
"8578","2390云辰","110/07/14","富邦-台東",2,42,-40
"8579","2390云辰","110/07/14","凱基-屏東",32,8,24
"8580","2390云辰","110/07/14","元大-新營",3,42,-39
"8581","2363矽統","110/07/14","台灣摩根士丹利",463,0,463
"8582","2363矽統","110/07/14","新加坡商瑞銀",568,1321,-753
"8583","2363矽統","110/07/14","台新證券",750,342,408
"8584","2363矽統","110/07/14","瑞士信貸",149,864,-715
"8585","2363矽統","110/07/14","玉山-台中",363,51,312
"8586","2363矽統","110/07/14","台新-屏東",115,380,-265
"8587","2363矽統","110/07/14","元大-斗六",223,25,198
"8588","2363矽統","110/07/14","永豐金證券",16,265,-249
"8589","2363矽統","110/07/14","華南永昌-朴子",208,38,170
"8590","2363矽統","110/07/14","美林",462,701,-239
"8591","2363矽統","110/07/14","元富-西松",169,12,157
"8592","2363矽統","110/07/14","宏遠-桃園",269,500,-231
"8593","2363矽統","110/07/14","永豐金-大園",146,6,140
"8594","2363矽統","110/07/14","凱基-竹北",36,254,-218
"8595","2363矽統","110/07/14","土銀-和平",134,0,134
"8596","2363矽統","110/07/14","港商法國興業",0,214,-214
"8597","2363矽統","110/07/14","富邦-新營",130,13,117
"8598","2363矽統","110/07/14","港商野村",835,1044,-209
"8599","2363矽統","110/07/14","元富-成功",118,11,107
"8600","2363矽統","110/07/14","北城證券",212,411,-199
"8601","2363矽統","110/07/14","元富-烏日",121,18,103
"8602","2363矽統","110/07/14","(牛牛牛)亞-鑫豐",51,241,-190
"8603","2363矽統","110/07/14","日盛-二林",120,18,102
"8604","2363矽統","110/07/14","國票-博愛",24,213,-189
"8605","2363矽統","110/07/14","兆豐-忠孝",98,2,96
"8606","2363矽統","110/07/14","大慶-蘆洲",134,316,-182
"8607","2363矽統","110/07/14","大慶-楊梅",92,3,89
"8608","2363矽統","110/07/14","彰銀-台中",15,193,-178
"8609","2363矽統","110/07/14","元富-三重",120,33,87
"8610","2363矽統","110/07/14","日盛-和美",18,185,-167
"8611","8112至上","110/07/14","新加坡商瑞銀",223,17,206
"8612","8112至上","110/07/14","瑞士信貸",8,170,-162
"8613","8112至上","110/07/14","摩根大通",285,129,156
"8614","8112至上","110/07/14","美林",55,202,-147
"8615","8112至上","110/07/14","花旗環球",124,0,124
"8616","8112至上","110/07/14","凱基-台北",325,436,-111
"8617","8112至上","110/07/14","兆豐-公益",117,4,113
"8618","8112至上","110/07/14","台中銀-台北",0,98,-98
"8619","8112至上","110/07/14","香港上海匯豐",111,0,111
"8620","8112至上","110/07/14","玉山-台大",17,107,-90
"8621","8112至上","110/07/14","永豐金-內湖",117,21,96
"8622","8112至上","110/07/14","康和-內湖",1,90,-89
"8623","8112至上","110/07/14","台灣摩根士丹利",108,16,92
"8624","8112至上","110/07/14","港商野村",21,84,-63
"8625","8112至上","110/07/14","元大-東蘆",77,0,77
"8626","8112至上","110/07/14","兆豐-北高雄",1,60,-59
"8627","8112至上","110/07/14","新光",108,48,60
"8628","8112至上","110/07/14","群益金鼎-海山",1,52,-51
"8629","8112至上","110/07/14","大慶-蘆洲",59,0,59
"8630","8112至上","110/07/14","群益金鼎-大安",0,50,-50
"8631","8112至上","110/07/14","華南永昌-台中",56,3,53
"8632","8112至上","110/07/14","富邦-仁愛",2,49,-47
"8633","8112至上","110/07/14","土銀-嘉義",52,2,50
"8634","8112至上","110/07/14","元大-金華",0,42,-42
"8635","8112至上","110/07/14","美商高盛",40,0,40
"8636","8112至上","110/07/14","元大-內湖",4,43,-39
"8637","8112至上","110/07/14","臺銀",63,29,34
"8638","8112至上","110/07/14","第一金-華江",2,37,-35
"8639","8112至上","110/07/14","元富-嘉義",31,0,31
"8640","8112至上","110/07/14","永豐金-苓雅",2,34,-32
"8641","1570力肯","110/07/14","國票-北高雄",68,0,68
"8642","1570力肯","110/07/14","摩根大通",0,21,-21
"8643","1570力肯","110/07/14","日盛-八德",30,1,29
"8644","1570力肯","110/07/14","新光",1,19,-18
"8645","1570力肯","110/07/14","玉山-高雄",7,0,7
"8646","1570力肯","110/07/14","(牛牛牛)亞-鑫豐",0,17,-17
"8647","1570力肯","110/07/14","臺銀-臺南",5,0,5
"8648","1570力肯","110/07/14","日盛-士林",0,10,-10
"8649","1570力肯","110/07/14","凱基-三峽",5,0,5
"8650","1570力肯","110/07/14","統一-員林",0,10,-10
"8651","1570力肯","110/07/14","元大-和平",5,0,5
"8652","1570力肯","110/07/14","國票-新莊",0,10,-10
"8653","1570力肯","110/07/14","合庫-三重",4,0,4
"8654","1570力肯","110/07/14","凱基-高美館",0,10,-10
"8655","1570力肯","110/07/14","瑞士信貸",4,0,4
"8656","1570力肯","110/07/14","元大-屏東民生",0,5,-5
"8657","1570力肯","110/07/14","統一-三多",4,0,4
"8658","1570力肯","110/07/14","元大-古亭",0,5,-5
"8659","1570力肯","110/07/14","華南永昌-古亭",4,0,4
"8660","1570力肯","110/07/14","日盛-木柵",0,4,-4
"8661","1570力肯","110/07/14","元大-高雄",3,0,3
"8662","1570力肯","110/07/14","大昌",0,4,-4
"8663","1570力肯","110/07/14","兆豐-忠孝",2,0,2
"8664","1570力肯","110/07/14","群益金鼎-東大",0,4,-4
"8665","1570力肯","110/07/14","富邦-陽明",2,0,2
"8666","1570力肯","110/07/14","凱基-台北",0,4,-4
"8667","1570力肯","110/07/14","元大-松山",2,0,2
"8668","1570力肯","110/07/14","元大-板橋",0,4,-4
"8669","1570力肯","110/07/14","元大-忠孝",2,0,2
"8670","1570力肯","110/07/14","第一金-中山",0,3,-3
"8671","2929淘帝","110/07/14","華南永昌-林口",60,0,60
"8672","2929淘帝","110/07/14","群益金鼎",25,540,-515
"8673","2929淘帝","110/07/14","美林",87,31,56
"8674","2929淘帝","110/07/14","國泰-台南",1,30,-29
"8675","2929淘帝","110/07/14","元富-台南",40,0,40
"8676","2929淘帝","110/07/14","宏遠-桃園",0,20,-20
"8677","2929淘帝","110/07/14","元大-民生",39,0,39
"8678","2929淘帝","110/07/14","摩根大通",11,31,-20
"8679","2929淘帝","110/07/14","臺銀-鳳山",34,0,34
"8680","2929淘帝","110/07/14","台新-建北",5,20,-15
"8681","2929淘帝","110/07/14","合庫-高雄",34,1,33
"8682","2929淘帝","110/07/14","新光",1,16,-15
"8683","2929淘帝","110/07/14","華南永昌-鶯歌",28,0,28
"8684","2929淘帝","110/07/14","玉山-板橋",0,15,-15
"8685","2929淘帝","110/07/14","永興",25,0,25
"8686","2929淘帝","110/07/14","凱基-羅東",0,15,-15
"8687","2929淘帝","110/07/14","元大-新盛",25,1,24
"8688","2929淘帝","110/07/14","元大-頭份",0,15,-15
"8689","2929淘帝","110/07/14","日盛-南京",23,0,23
"8690","2929淘帝","110/07/14","第一金-台南",0,13,-13
"8691","2929淘帝","110/07/14","日茂",20,0,20
"8692","2929淘帝","110/07/14","富邦-基隆",0,12,-12
"8693","2929淘帝","110/07/14","台新-台中",20,0,20
"8694","2929淘帝","110/07/14","日茂-南投",1,12,-11
"8695","2929淘帝","110/07/14","華南永昌",20,0,20
"8696","2929淘帝","110/07/14","元大-豐原站前",0,11,-11
"8697","2929淘帝","110/07/14","福勝",15,0,15
"8698","2929淘帝","110/07/14","玉山-士林",0,10,-10
"8699","2929淘帝","110/07/14","富邦-南屯",15,0,15
"8700","2929淘帝","110/07/14","富邦-台北",0,10,-10
"8701","5410國眾","110/07/14","兆豐-城中",35,0,35
"8702","5410國眾","110/07/14","瑞士信貸",0,29,-29
"8703","5410國眾","110/07/14","新光",21,1,20
"8704","5410國眾","110/07/14","國泰-板橋",1,30,-29
"8705","5410國眾","110/07/14","國泰-敦南",21,1,20
"8706","5410國眾","110/07/14","日盛-高雄",0,20,-20
"8707","5410國眾","110/07/14","國泰-台中",20,1,19
"8708","5410國眾","110/07/14","台新-左楠",1,20,-19
"8709","5410國眾","110/07/14","元大-崇德",19,0,19
"8710","5410國眾","110/07/14","元富-大昌",1,18,-17
"8711","5410國眾","110/07/14","土銀-士林",18,0,18
"8712","5410國眾","110/07/14","富邦-建國",0,15,-15
"8713","5410國眾","110/07/14","元大-新盛",20,2,18
"8714","5410國眾","110/07/14","元富-嘉義",0,12,-12
"8715","5410國眾","110/07/14","兆豐-高雄",15,0,15
"8716","5410國眾","110/07/14","永全-南崁",0,12,-12
"8717","5410國眾","110/07/14","宏遠-中和",10,0,10
"8718","5410國眾","110/07/14","元大-員林",0,11,-11
"8719","5410國眾","110/07/14","新光-桃園",10,0,10
"8720","5410國眾","110/07/14","高橋",0,10,-10
"8721","5410國眾","110/07/14","國泰-台南",10,0,10
"8722","5410國眾","110/07/14","永興",0,10,-10
"8723","5410國眾","110/07/14","元大-復北",10,0,10
"8724","5410國眾","110/07/14","華南永昌-三重",0,10,-10
"8725","5410國眾","110/07/14","元大-竹科",8,0,8
"8726","5410國眾","110/07/14","元大-苑裡",0,7,-7
"8727","5410國眾","110/07/14","台新-新營",6,0,6
"8728","5410國眾","110/07/14","港商野村",0,6,-6
"8729","5410國眾","110/07/14","日盛-士林",5,0,5
"8730","5410國眾","110/07/14","摩根大通",5,11,-6
"8731","2841台開","110/07/14","凱基-文心",73,0,73
"8732","2841台開","110/07/14","國泰-敦南",0,50,-50
"8733","2841台開","110/07/14","元富-潮州",30,0,30
"8734","2841台開","110/07/14","凱基-中壢",0,40,-40
"8735","2841台開","110/07/14","第一金-台中",20,0,20
"8736","2841台開","110/07/14","統一-新竹",0,24,-24
"8737","2841台開","110/07/14","華南永昌-新莊",20,0,20
"8738","2841台開","110/07/14","元富-草屯",0,20,-20
"8739","2841台開","110/07/14","永豐金-豐原",20,0,20
"8740","2841台開","110/07/14","台新-台南",0,20,-20
"8741","2841台開","110/07/14","國泰-館前",15,0,15
"8742","2841台開","110/07/14","永豐金-敦南",45,63,-18
"8743","2841台開","110/07/14","群益金鼎-基隆",12,0,12
"8744","2841台開","110/07/14","國票-北高雄",0,13,-13
"8745","2841台開","110/07/14","日盛-信義",10,0,10
"8746","2841台開","110/07/14","凱基-松山",0,10,-10
"8747","2841台開","110/07/14","台新-台中",10,0,10
"8748","2841台開","110/07/14","元大證券",0,10,-10
"8749","2841台開","110/07/14","新光",10,1,9
"8750","2841台開","110/07/14","元大-中壢",0,10,-10
"8751","2841台開","110/07/14","凱基-新店",8,0,8
"8752","2841台開","110/07/14","富邦-陽明",1,10,-9
"8753","2841台開","110/07/14","元大-斗信",7,0,7
"8754","2841台開","110/07/14","富邦-建國",0,9,-9
"8755","2841台開","110/07/14","元大-三重",6,0,6
"8756","2841台開","110/07/14","富邦-台南",0,8,-8
"8757","2841台開","110/07/14","永豐金-中和",6,0,6
"8758","2841台開","110/07/14","康和-澎湖",0,7,-7
"8759","2841台開","110/07/14","元富-成功",5,0,5
"8760","2841台開","110/07/14","日盛-斗六",0,6,-6
"8761","6207雷科","110/07/14","群益金鼎-台北",60,0,60
"8762","6207雷科","110/07/14","新加坡商瑞銀",10,56,-46
"8763","6207雷科","110/07/14","台新-高雄",43,3,40
"8764","6207雷科","110/07/14","國票-中和",0,41,-41
"8765","6207雷科","110/07/14","元大-高雄",19,0,19
"8766","6207雷科","110/07/14","元大-復北",0,33,-33
"8767","6207雷科","110/07/14","福勝",15,0,15
"8768","6207雷科","110/07/14","光和-和美",0,20,-20
"8769","6207雷科","110/07/14","群益金鼎-中山",15,0,15
"8770","6207雷科","110/07/14","群益金鼎-丹鳳",0,20,-20
"8771","6207雷科","110/07/14","元大-林園",15,0,15
"8772","6207雷科","110/07/14","第一金-路竹",0,10,-10
"8773","6207雷科","110/07/14","新光",12,0,12
"8774","6207雷科","110/07/14","元大-歸仁",0,10,-10
"8775","6207雷科","110/07/14","元大-大天母",10,0,10
"8776","6207雷科","110/07/14","宏遠-館前",0,9,-9
"8777","6207雷科","110/07/14","永豐金-忠孝",9,0,9
"8778","6207雷科","110/07/14","凱基-台北",12,20,-8
"8779","6207雷科","110/07/14","永豐金-新店",7,0,7
"8780","6207雷科","110/07/14","美林",0,7,-7
"8781","6207雷科","110/07/14","玉山-嘉義",6,0,6
"8782","6207雷科","110/07/14","摩根大通",16,23,-7
"8783","6207雷科","110/07/14","元大-屏東",6,0,6
"8784","6207雷科","110/07/14","凱基-高雄",1,7,-6
"8785","6207雷科","110/07/14","凱基-大安",5,0,5
"8786","6207雷科","110/07/14","台中銀-豐原",0,5,-5
"8787","6207雷科","110/07/14","富邦-台南",5,0,5
"8788","6207雷科","110/07/14","元大-新竹經國",0,5,-5
"8789","6207雷科","110/07/14","元大-成功",5,0,5
"8790","6207雷科","110/07/14","光和-田中",0,4,-4
"8791","3679新至陞","110/07/14","凱基-台北",31,6,25
"8792","3679新至陞","110/07/14","群益金鼎-東大",0,15,-15
"8793","3679新至陞","110/07/14","華南永昌-新莊",10,0,10
"8794","3679新至陞","110/07/14","瑞士信貸",0,12,-12
"8795","3679新至陞","110/07/14","新加坡商瑞銀",11,3,8
"8796","3679新至陞","110/07/14","群益金鼎-永和",0,10,-10
"8797","3679新至陞","110/07/14","美商高盛",6,0,6
"8798","3679新至陞","110/07/14","元大-成功",5,15,-10
"8799","3679新至陞","110/07/14","第一金-中壢",6,0,6
"8800","3679新至陞","110/07/14","統一-板橋",1,10,-9
"8801","3679新至陞","110/07/14","(牛牛牛)亞-網路",4,0,4
"8802","3679新至陞","110/07/14","玉山-左營",0,5,-5
"8803","3679新至陞","110/07/14","元大-六合",3,0,3
"8804","3679新至陞","110/07/14","群益金鼎-三民",0,4,-4
"8805","3679新至陞","110/07/14","合庫-自強",2,0,2
"8806","3679新至陞","110/07/14","富邦-宜蘭",0,4,-4
"8807","3679新至陞","110/07/14","高橋-內壢",2,0,2
"8808","3679新至陞","110/07/14","永豐金-苓雅",0,3,-3
"8809","3679新至陞","110/07/14","台中銀-員林",2,0,2
"8810","3679新至陞","110/07/14","摩根大通",5,7,-2
"8811","3679新至陞","110/07/14","凱基-高美館",2,0,2
"8812","3679新至陞","110/07/14","元大-板橋三民",0,2,-2
"8813","3679新至陞","110/07/14","元大-福營",2,0,2
"8814","3679新至陞","110/07/14","宏遠-中和",0,1,-1
"8815","3679新至陞","110/07/14","永豐金-松山",2,0,2
"8816","3679新至陞","110/07/14","元富-佳里",0,1,-1
"8817","3679新至陞","110/07/14","永豐金-萬盛",2,0,2
"8818","3679新至陞","110/07/14","(牛牛牛)亞-鑫豐",0,1,-1
"8819","3679新至陞","110/07/14","元富-松德",1,0,1
"8820","3679新至陞","110/07/14","中國信託-中壢",0,1,-1
"8821","2727王品","110/07/14","富邦-左營",102,1,101
"8822","2727王品","110/07/14","統一-城中",100,234,-134
"8823","2727王品","110/07/14","國泰-板橋",105,11,94
"8824","2727王品","110/07/14","富邦-台北",1,125,-124
"8825","2727王品","110/07/14","港商野村",149,72,77
"8826","2727王品","110/07/14","台灣摩根士丹利",1,48,-47
"8827","2727王品","110/07/14","合庫-台中",66,2,64
"8828","2727王品","110/07/14","國票-新莊",0,40,-40
"8829","2727王品","110/07/14","臺銀-金山",63,8,55
"8830","2727王品","110/07/14","永豐金-忠孝",2,39,-37
"8831","2727王品","110/07/14","摩根大通",83,39,44
"8832","2727王品","110/07/14","富邦-彰化",1,34,-33
"8833","2727王品","110/07/14","凱基-台北",84,42,42
"8834","2727王品","110/07/14","康和-高雄",0,30,-30
"8835","2727王品","110/07/14","土銀-台中",35,1,34
"8836","2727王品","110/07/14","安泰",0,26,-26
"8837","2727王品","110/07/14","華南永昌-麻豆",32,1,31
"8838","2727王品","110/07/14","富邦-新竹華信",0,21,-21
"8839","2727王品","110/07/14","元大證券",85,55,30
"8840","2727王品","110/07/14","元大-南崁",1,22,-21
"8841","2727王品","110/07/14","新加坡商瑞銀",40,15,25
"8842","2727王品","110/07/14","彰銀-台中",0,18,-18
"8843","2727王品","110/07/14","日盛-八德",19,0,19
"8844","2727王品","110/07/14","元富-同大",2,20,-18
"8845","2727王品","110/07/14","統一",35,17,18
"8846","2727王品","110/07/14","玉山-嘉義",1,17,-16
"8847","2727王品","110/07/14","元富-大昌",18,1,17
"8848","2727王品","110/07/14","國泰-館前",4,20,-16
"8849","2727王品","110/07/14","玉山-板橋",15,1,14
"8850","2727王品","110/07/14","第一金-嘉義",1,13,-12
"8851","1570力肯","110/07/14","國票-北高雄",68,0,68
"8852","1570力肯","110/07/14","摩根大通",0,21,-21
"8853","1570力肯","110/07/14","日盛-八德",30,1,29
"8854","1570力肯","110/07/14","新光",1,19,-18
"8855","1570力肯","110/07/14","玉山-高雄",7,0,7
"8856","1570力肯","110/07/14","(牛牛牛)亞-鑫豐",0,17,-17
"8857","1570力肯","110/07/14","臺銀-臺南",5,0,5
"8858","1570力肯","110/07/14","日盛-士林",0,10,-10
"8859","1570力肯","110/07/14","凱基-三峽",5,0,5
"8860","1570力肯","110/07/14","統一-員林",0,10,-10
"8861","1570力肯","110/07/14","元大-和平",5,0,5
"8862","1570力肯","110/07/14","國票-新莊",0,10,-10
"8863","1570力肯","110/07/14","合庫-三重",4,0,4
"8864","1570力肯","110/07/14","凱基-高美館",0,10,-10
"8865","1570力肯","110/07/14","瑞士信貸",4,0,4
"8866","1570力肯","110/07/14","元大-屏東民生",0,5,-5
"8867","1570力肯","110/07/14","統一-三多",4,0,4
"8868","1570力肯","110/07/14","元大-古亭",0,5,-5
"8869","1570力肯","110/07/14","華南永昌-古亭",4,0,4
"8870","1570力肯","110/07/14","日盛-木柵",0,4,-4
"8871","1570力肯","110/07/14","元大-高雄",3,0,3
"8872","1570力肯","110/07/14","大昌",0,4,-4
"8873","1570力肯","110/07/14","兆豐-忠孝",2,0,2
"8874","1570力肯","110/07/14","群益金鼎-東大",0,4,-4
"8875","1570力肯","110/07/14","富邦-陽明",2,0,2
"8876","1570力肯","110/07/14","凱基-台北",0,4,-4
"8877","1570力肯","110/07/14","元大-松山",2,0,2
"8878","1570力肯","110/07/14","元大-板橋",0,4,-4
"8879","1570力肯","110/07/14","元大-忠孝",2,0,2
"8880","1570力肯","110/07/14","第一金-中山",0,3,-3
"8881","6180橘子","110/07/14","新加坡商瑞銀",84,28,56
"8882","6180橘子","110/07/14","凱基-台北",4,37,-33
"8883","6180橘子","110/07/14","日盛-信義",29,1,28
"8884","6180橘子","110/07/14","玉山-台南",1,22,-21
"8885","6180橘子","110/07/14","豐農",28,4,24
"8886","6180橘子","110/07/14","日盛-新竹",1,21,-20
"8887","6180橘子","110/07/14","新光-新竹",24,1,23
"8888","6180橘子","110/07/14","元富-潮州",0,19,-19
"8889","6180橘子","110/07/14","華南永昌-高雄",20,0,20
"8890","6180橘子","110/07/14","元大-信義",0,17,-17
"8891","6180橘子","110/07/14","元大-羅東",20,0,20
"8892","6180橘子","110/07/14","台灣企銀-台中",1,16,-15
"8893","6180橘子","110/07/14","元大-台中中港",20,0,20
"8894","6180橘子","110/07/14","元大-北港",0,15,-15
"8895","6180橘子","110/07/14","富邦-嘉義",24,5,19
"8896","6180橘子","110/07/14","富邦-高雄",0,14,-14
"8897","6180橘子","110/07/14","富邦-仁愛",15,0,15
"8898","6180橘子","110/07/14","兆豐-埔墘",0,13,-13
"8899","6180橘子","110/07/14","國票-九鼎",13,0,13
"8900","6180橘子","110/07/14","第一金-中山",0,10,-10
"8901","6180橘子","110/07/14","日盛-木柵",12,0,12
"8902","6180橘子","110/07/14","元大-彰化民生",0,10,-10
"8903","6180橘子","110/07/14","元大-成功",10,0,10
"8904","6180橘子","110/07/14","福勝",1,10,-9
"8905","6180橘子","110/07/14","港商野村",10,2,8
"8906","6180橘子","110/07/14","群益金鼎-丹鳳",1,10,-9
"8907","6180橘子","110/07/14","玉山-左營",8,0,8
"8908","6180橘子","110/07/14","群益金鼎-板橋",0,8,-8
"8909","6180橘子","110/07/14","富邦-陽明",16,8,8
"8910","6180橘子","110/07/14","合庫-鳳山",0,7,-7
"8911","2390云辰","110/07/14","摩根大通",995,198,797
"8912","2390云辰","110/07/14","新加坡商瑞銀",28,399,-371
"8913","2390云辰","110/07/14","美林",383,22,361
"8914","2390云辰","110/07/14","凱基-新豐",3,198,-195
"8915","2390云辰","110/07/14","台灣摩根士丹利",684,358,326
"8916","2390云辰","110/07/14","元大-士林",1,152,-151
"8917","2390云辰","110/07/14","凱基-台北",656,402,254
"8918","2390云辰","110/07/14","元大-竹山",80,181,-101
"8919","2390云辰","110/07/14","日盛-和美",110,5,105
"8920","2390云辰","110/07/14","群益金鼎-開元",19,95,-76
"8921","2390云辰","110/07/14","元大-天母",72,0,72
"8922","2390云辰","110/07/14","新光",77,150,-73
"8923","2390云辰","110/07/14","永豐金-松山",57,0,57
"8924","2390云辰","110/07/14","元富-高雄",0,71,-71
"8925","2390云辰","110/07/14","統一-屏東",53,0,53
"8926","2390云辰","110/07/14","元大-土城學府",130,201,-71
"8927","2390云辰","110/07/14","港商野村",486,450,36
"8928","2390云辰","110/07/14","元大-善化",12,76,-64
"8929","2390云辰","110/07/14","致和-崇德",30,0,30
"8930","2390云辰","110/07/14","華南永昌-岡山",23,81,-58
"8931","2390云辰","110/07/14","富邦-台北",40,14,26
"8932","2390云辰","110/07/14","群益金鼎-大興",82,125,-43
"8933","2390云辰","110/07/14","台新-高雄",38,13,25
"8934","2390云辰","110/07/14","大慶-中壢",0,41,-41
"8935","2390云辰","110/07/14","富邦-板橋",32,7,25
"8936","2390云辰","110/07/14","玉山-板橋",6,47,-41
"8937","2390云辰","110/07/14","陽信-石牌",24,0,24
"8938","2390云辰","110/07/14","富邦-台東",2,42,-40
"8939","2390云辰","110/07/14","凱基-屏東",32,8,24
"8940","2390云辰","110/07/14","元大-新營",3,42,-39
"8941","2363矽統","110/07/13","凱基-南崁",2133,63,2070
"8942","2363矽統","110/07/13","凱基-幸福",36,4048,-4012
"8943","2363矽統","110/07/13","國泰-敦南",2195,1617,578
"8944","2363矽統","110/07/13","統一",192,3325,-3133
"8945","2363矽統","110/07/13","中農",670,139,531
"8946","2363矽統","110/07/13","新加坡商瑞銀",1000,2747,-1747
"8947","2363矽統","110/07/13","康和-台中",638,154,484
"8948","2363矽統","110/07/13","凱基-台北",5359,6609,-1250
"8949","2363矽統","110/07/13","群益金鼎-三民",577,137,440
"8950","2363矽統","110/07/13","摩根大通",1930,2858,-928
"8951","2363矽統","110/07/13","台新-屏東",510,88,422
"8952","2363矽統","110/07/13","港商野村",960,1679,-719
"8953","2363矽統","110/07/13","德信-中正",455,67,388
"8954","2363矽統","110/07/13","兆豐-復興",25,705,-680
"8955","2363矽統","110/07/13","日盛-竹北",365,70,295
"8956","2363矽統","110/07/13","統一-仁愛",114,755,-641
"8957","2363矽統","110/07/13","元大-佳里",452,189,263
"8958","2363矽統","110/07/13","統一-敦南",29,638,-609
"8959","2363矽統","110/07/13","國票-博愛",296,38,258
"8960","2363矽統","110/07/13","統一-土城",100,704,-604
"8961","2363矽統","110/07/13","元大-萬華",340,95,245
"8962","2363矽統","110/07/13","統一-城中",116,676,-560
"8963","2363矽統","110/07/13","新光",1259,1031,228
"8964","2363矽統","110/07/13","永豐金證券",306,859,-553
"8965","2363矽統","110/07/13","元富-成功",323,96,227
"8966","2363矽統","110/07/13","元富",54,567,-513
"8967","2363矽統","110/07/13","豐農",228,23,205
"8968","2363矽統","110/07/13","瑞士信貸",202,666,-464
"8969","2363矽統","110/07/13","台灣企銀-岡山",186,4,182
"8970","2363矽統","110/07/13","永豐金-嘉義",67,468,-401
"8971","8112至上","110/07/13","摩根大通",688,296,392
"8972","8112至上","110/07/13","國票-中和",0,401,-401
"8973","8112至上","110/07/13","港商野村",344,145,199
"8974","8112至上","110/07/13","永豐金-板盛",0,205,-205
"8975","8112至上","110/07/13","兆豐-公益",195,5,190
"8976","8112至上","110/07/13","凱基-五股",43,155,-112
"8977","8112至上","110/07/13","台灣摩根士丹利",183,0,183
"8978","8112至上","110/07/13","凱基-市政",0,100,-100
"8979","8112至上","110/07/13","群益金鼎-敦南",153,2,151
"8980","8112至上","110/07/13","元大-大里德芳",1,92,-91
"8981","8112至上","110/07/13","臺銀-金山",146,26,120
"8982","8112至上","110/07/13","玉山-桃園",26,110,-84
"8983","8112至上","110/07/13","臺銀",133,19,114
"8984","8112至上","110/07/13","兆豐-天母",0,81,-81
"8985","8112至上","110/07/13","合庫-台中",115,6,109
"8986","8112至上","110/07/13","凱基-城中",3,84,-81
"8987","8112至上","110/07/13","亞東-板橋",134,26,108
"8988","8112至上","110/07/13","日盛-新莊",9,85,-76
"8989","8112至上","110/07/13","凱基-台北",414,326,88
"8990","8112至上","110/07/13","日盛-台中",2,64,-62
"8991","8112至上","110/07/13","新加坡商瑞銀",181,100,81
"8992","8112至上","110/07/13","日盛-中壢",3,64,-61
"8993","8112至上","110/07/13","國泰-敦南",108,31,77
"8994","8112至上","110/07/13","元大-台中",2,59,-57
"8995","8112至上","110/07/13","第一金-華江",77,4,73
"8996","8112至上","110/07/13","元大-雙和",7,64,-57
"8997","8112至上","110/07/13","永豐金-內湖",73,1,72
"8998","8112至上","110/07/13","元大-高雄",8,62,-54
"8999","8112至上","110/07/13","元大-永和",68,1,67
"9000","8112至上","110/07/13","元大-館前",2,55,-53
"9001","1570力肯","110/07/13","新光",115,11,104
"9002","1570力肯","110/07/13","元大-北三重",0,162,-162
"9003","1570力肯","110/07/13","群益金鼎-高雄",54,0,54
"9004","1570力肯","110/07/13","元大-大灣",0,25,-25
"9005","1570力肯","110/07/13","國票-新莊",22,0,22
"9006","1570力肯","110/07/13","永豐金-苓雅",0,22,-22
"9007","1570力肯","110/07/13","日盛-桃園",12,0,12
"9008","1570力肯","110/07/13","永豐金-永康",0,19,-19
"9009","1570力肯","110/07/13","元大-高雄",12,0,12
"9010","1570力肯","110/07/13","富邦-員林",0,15,-15
"9011","1570力肯","110/07/13","合庫-自強",11,0,11
"9012","1570力肯","110/07/13","凱基-台南",0,11,-11
"9013","1570力肯","110/07/13","摩根大通",26,15,11
"9014","1570力肯","110/07/13","日盛-竹北",0,10,-10
"9015","1570力肯","110/07/13","永豐金-中盛",11,0,11
"9016","1570力肯","110/07/13","國票-九鼎",0,10,-10
"9017","1570力肯","110/07/13","兆豐-台中港",10,0,10
"9018","1570力肯","110/07/13","凱基-桃園",0,10,-10
"9019","1570力肯","110/07/13","國泰-松江",9,0,9
"9020","1570力肯","110/07/13","凱基-新豐",0,10,-10
"9021","1570力肯","110/07/13","元大-新盛",9,0,9
"9022","1570力肯","110/07/13","元大-學甲",0,10,-10
"9023","1570力肯","110/07/13","元富-緯城",6,0,6
"9024","1570力肯","110/07/13","群益金鼎-東湖",1,10,-9
"9025","1570力肯","110/07/13","統一-三重",5,0,5
"9026","1570力肯","110/07/13","大昌",0,6,-6
"9027","1570力肯","110/07/13","元大-前金",5,0,5
"9028","1570力肯","110/07/13","元大-土城學府",0,6,-6
"9029","1570力肯","110/07/13","永豐金證券",5,0,5
"9030","1570力肯","110/07/13","統一",0,5,-5
"9031","2929淘帝","110/07/13","玉山-新竹",130,0,130
"9032","2929淘帝","110/07/13","美商高盛",0,177,-177
"9033","2929淘帝","110/07/13","臺銀-民權",60,0,60
"9034","2929淘帝","110/07/13","凱基-台北",6,80,-74
"9035","2929淘帝","110/07/13","新百王",31,0,31
"9036","2929淘帝","110/07/13","元富-大裕",0,49,-49
"9037","2929淘帝","110/07/13","日盛-園區",30,0,30
"9038","2929淘帝","110/07/13","國泰-館前",3,51,-48
"9039","2929淘帝","110/07/13","元大-南投",31,1,30
"9040","2929淘帝","110/07/13","凱基-中壢",0,41,-41
"9041","2929淘帝","110/07/13","兆豐-忠孝",28,0,28
"9042","2929淘帝","110/07/13","港商野村",21,55,-34
"9043","2929淘帝","110/07/13","元大-民生",28,0,28
"9044","2929淘帝","110/07/13","華南永昌-南京",2,34,-32
"9045","2929淘帝","110/07/13","合庫-高雄",27,0,27
"9046","2929淘帝","110/07/13","群益金鼎-土城",0,30,-30
"9047","2929淘帝","110/07/13","凱基-豐中",27,0,27
"9048","2929淘帝","110/07/13","富邦-南屯",0,22,-22
"9049","2929淘帝","110/07/13","新光",21,4,17
"9050","2929淘帝","110/07/13","第一金-豐原",0,20,-20
"9051","2929淘帝","110/07/13","元大-天母",17,0,17
"9052","2929淘帝","110/07/13","元大-屏南",6,26,-20
"9053","2929淘帝","110/07/13","永興",14,0,14
"9054","2929淘帝","110/07/13","永豐金-敦南",1,21,-20
"9055","2929淘帝","110/07/13","富邦-台北",12,0,12
"9056","2929淘帝","110/07/13","凱基-三重",2,21,-19
"9057","2929淘帝","110/07/13","元大-永和",12,0,12
"9058","2929淘帝","110/07/13","富邦-仁愛",7,25,-18
"9059","2929淘帝","110/07/13","國票-天祥",11,0,11
"9060","2929淘帝","110/07/13","元大-北投",0,16,-16
"9061","5410國眾","110/07/13","兆豐-城中",274,0,274
"9062","5410國眾","110/07/13","元富-嘉義",0,103,-103
"9063","5410國眾","110/07/13","新光",50,4,46
"9064","5410國眾","110/07/13","凱基-台北",0,50,-50
"9065","5410國眾","110/07/13","國泰-台中",26,0,26
"9066","5410國眾","110/07/13","瑞士信貸",0,31,-31
"9067","5410國眾","110/07/13","新加坡商瑞銀",22,0,22
"9068","5410國眾","110/07/13","台新-新莊",0,27,-27
"9069","5410國眾","110/07/13","光和-嘉義",20,0,20
"9070","5410國眾","110/07/13","元大-汐止",0,20,-20
"9071","5410國眾","110/07/13","凱基-竹北",17,0,17
"9072","5410國眾","110/07/13","亞東-新竹",0,17,-17
"9073","5410國眾","110/07/13","新光-桃園",15,0,15
"9074","5410國眾","110/07/13","元大-南勢角",0,13,-13
"9075","5410國眾","110/07/13","凱基-台東",14,0,14
"9076","5410國眾","110/07/13","台新-台南",0,12,-12
"9077","5410國眾","110/07/13","富邦-竹北",11,0,11
"9078","5410國眾","110/07/13","中國信託",0,11,-11
"9079","5410國眾","110/07/13","元富-同大",10,0,10
"9080","5410國眾","110/07/13","華南永昌",0,11,-11
"9081","5410國眾","110/07/13","國泰-敦南",24,15,9
"9082","5410國眾","110/07/13","臺銀-臺南",0,10,-10
"9083","5410國眾","110/07/13","日盛-內湖",7,0,7
"9084","5410國眾","110/07/13","台灣企銀-民雄",0,10,-10
"9085","5410國眾","110/07/13","台新-左楠",7,0,7
"9086","5410國眾","110/07/13","高橋",0,10,-10
"9087","5410國眾","110/07/13","元大-新盛",18,12,6
"9088","5410國眾","110/07/13","康和-嘉義",0,10,-10
"9089","5410國眾","110/07/13","統一",5,0,5
"9090","5410國眾","110/07/13","凱基-基隆",0,10,-10
"9091","2841台開","110/07/13","中國信託-高雄",251,50,201
"9092","2841台開","110/07/13","兆豐-公益",0,177,-177
"9093","2841台開","110/07/13","日盛證券",210,13,197
"9094","2841台開","110/07/13","日進",0,152,-152
"9095","2841台開","110/07/13","第一金-台中",55,0,55
"9096","2841台開","110/07/13","港商野村",0,109,-109
"9097","2841台開","110/07/13","國泰-板橋",46,0,46
"9098","2841台開","110/07/13","日盛-信義",0,103,-103
"9099","2841台開","110/07/13","國泰-館前",48,3,45
"9100","2841台開","110/07/13","國泰-敦南",11,75,-64
"9101","2841台開","110/07/13","華南永昌-新莊",45,0,45
"9102","2841台開","110/07/13","永興",0,50,-50
"9103","2841台開","110/07/13","日盛-園區",42,0,42
"9104","2841台開","110/07/13","永豐金-敦南",61,104,-43
"9105","2841台開","110/07/13","台新證券",32,0,32
"9106","2841台開","110/07/13","富邦-台南",0,42,-42
"9107","2841台開","110/07/13","台新-高雄",32,2,30
"9108","2841台開","110/07/13","國票-安和",0,30,-30
"9109","2841台開","110/07/13","豐農",23,0,23
"9110","2841台開","110/07/13","元大-桃園",0,25,-25
"9111","2841台開","110/07/13","合庫-嘉義",20,0,20
"9112","2841台開","110/07/13","新光",8,32,-24
"9113","2841台開","110/07/13","華南永昌-高雄",20,0,20
"9114","2841台開","110/07/13","元大-仁愛",0,24,-24
"9115","2841台開","110/07/13","元大-樹林",16,0,16
"9116","2841台開","110/07/13","日盛-中和",0,20,-20
"9117","2841台開","110/07/13","第一金-華江",15,2,13
"9118","2841台開","110/07/13","元富",0,20,-20
"9119","2841台開","110/07/13","美商高盛",12,0,12
"9120","2841台開","110/07/13","富邦-宜蘭",0,20,-20
"9121","6207雷科","110/07/13","元大-高雄",121,0,121
"9122","6207雷科","110/07/13","華南永昌-朴子",1,60,-59
"9123","6207雷科","110/07/13","第一金-新興",20,0,20
"9124","6207雷科","110/07/13","元大-南海",0,36,-36
"9125","6207雷科","110/07/13","元富-三重",20,0,20
"9126","6207雷科","110/07/13","凱基-土城",0,35,-35
"9127","6207雷科","110/07/13","元大-林園",15,0,15
"9128","6207雷科","110/07/13","台灣企銀",0,20,-20
"9129","6207雷科","110/07/13","元大-金華",16,1,15
"9130","6207雷科","110/07/13","群益金鼎-丹鳳",0,20,-20
"9131","6207雷科","110/07/13","日盛證券",10,0,10
"9132","6207雷科","110/07/13","元大-博愛",0,17,-17
"9133","6207雷科","110/07/13","統一-台中",10,0,10
"9134","6207雷科","110/07/13","元大-北港",0,13,-13
"9135","6207雷科","110/07/13","群益金鼎-土城",10,0,10
"9136","6207雷科","110/07/13","新加坡商瑞銀",0,12,-12
"9137","6207雷科","110/07/13","群益金鼎-桃園",10,0,10
"9138","6207雷科","110/07/13","凱基-台北",4,16,-12
"9139","6207雷科","110/07/13","永豐金-新莊",10,0,10
"9140","6207雷科","110/07/13","日茂-埔里",0,11,-11
"9141","6207雷科","110/07/13","永豐金-新店",10,0,10
"9142","6207雷科","110/07/13","元大-莒光",0,11,-11
"9143","6207雷科","110/07/13","元大證券",9,0,9
"9144","6207雷科","110/07/13","統一-新竹",0,10,-10
"9145","6207雷科","110/07/13","日盛-木柵",9,1,8
"9146","6207雷科","110/07/13","元大-西螺",0,10,-10
"9147","6207雷科","110/07/13","兆豐-來福",8,0,8
"9148","6207雷科","110/07/13","康和-台中",0,8,-8
"9149","6207雷科","110/07/13","新光",7,0,7
"9150","6207雷科","110/07/13","兆豐-高雄",0,6,-6
"9151","3679新至陞","110/07/13","永豐金證券",50,0,50
"9152","3679新至陞","110/07/13","摩根大通",2,25,-23
"9153","3679新至陞","110/07/13","國泰-桃園",22,0,22
"9154","3679新至陞","110/07/13","元大-成功",0,22,-22
"9155","3679新至陞","110/07/13","台中銀-員林",11,0,11
"9156","3679新至陞","110/07/13","富邦-板橋",1,19,-18
"9157","3679新至陞","110/07/13","元大-文心興安",8,0,8
"9158","3679新至陞","110/07/13","日盛-新莊",0,10,-10
"9159","3679新至陞","110/07/13","美商高盛",6,0,6
"9160","3679新至陞","110/07/13","台新-台中",0,10,-10
"9161","3679新至陞","110/07/13","台新-高雄",6,0,6
"9162","3679新至陞","110/07/13","永豐金-新竹",0,8,-8
"9163","3679新至陞","110/07/13","凱基-台北",18,12,6
"9164","3679新至陞","110/07/13","瑞士信貸",12,19,-7
"9165","3679新至陞","110/07/13","日盛-復興",5,0,5
"9166","3679新至陞","110/07/13","統一-南京",0,7,-7
"9167","3679新至陞","110/07/13","(牛牛牛)亞-鑫豐",4,0,4
"9168","3679新至陞","110/07/13","凱基-新莊",0,7,-7
"9169","3679新至陞","110/07/13","元富-大昌",3,0,3
"9170","3679新至陞","110/07/13","新加坡商瑞銀",0,6,-6
"9171","3679新至陞","110/07/13","富邦-台北",3,0,3
"9172","3679新至陞","110/07/13","合庫-自強",0,5,-5
"9173","3679新至陞","110/07/13","日盛-樹林",2,0,2
"9174","3679新至陞","110/07/13","富邦-桃園",0,5,-5
"9175","3679新至陞","110/07/13","宏遠-光隆",2,0,2
"9176","3679新至陞","110/07/13","永豐金-潮州",0,4,-4
"9177","3679新至陞","110/07/13","美林",3,1,2
"9178","3679新至陞","110/07/13","臺銀-臺南",0,3,-3
"9179","3679新至陞","110/07/13","第一金-中壢",2,0,2
"9180","3679新至陞","110/07/13","元大-六合",0,3,-3
"9181","2727王品","110/07/13","富邦-台北",43,3,40
"9182","2727王品","110/07/13","台灣摩根士丹利",15,97,-82
"9183","2727王品","110/07/13","元大-基隆孝二",40,0,40
"9184","2727王品","110/07/13","玉山-台南",5,57,-52
"9185","2727王品","110/07/13","國票-新莊",40,1,39
"9186","2727王品","110/07/13","新加坡商瑞銀",0,48,-48
"9187","2727王品","110/07/13","第一金-豐原",66,42,24
"9188","2727王品","110/07/13","凱基-台北",41,77,-36
"9189","2727王品","110/07/13","永豐金-大園",34,10,24
"9190","2727王品","110/07/13","永豐金-永康",0,22,-22
"9191","2727王品","110/07/13","元大-北屯",22,0,22
"9192","2727王品","110/07/13","統一-台中",2,22,-20
"9193","2727王品","110/07/13","元大-東蘆",26,7,19
"9194","2727王品","110/07/13","國泰-台中",21,39,-18
"9195","2727王品","110/07/13","永豐金-萬盛",13,1,12
"9196","2727王品","110/07/13","合庫-彰化",3,20,-17
"9197","2727王品","110/07/13","日盛-嘉義",11,0,11
"9198","2727王品","110/07/13","港商野村",13,30,-17
"9199","2727王品","110/07/13","日盛-八德",11,0,11
"9200","2727王品","110/07/13","元大-楊梅",1,16,-15
"9201","2727王品","110/07/13","統一-竹南",11,0,11
"9202","2727王品","110/07/13","凱基-高美館",2,15,-13
"9203","2727王品","110/07/13","日盛-士林",12,2,10
"9204","2727王品","110/07/13","美商高盛",2,14,-12
"9205","2727王品","110/07/13","統一-敦南",10,0,10
"9206","2727王品","110/07/13","統一-平鎮",1,13,-12
"9207","2727王品","110/07/13","中國信託",15,5,10
"9208","2727王品","110/07/13","兆豐-台中港",4,16,-12
"9209","2727王品","110/07/13","兆豐-竹北",13,3,10
"9210","2727王品","110/07/13","凱基-八德",1,13,-12
"9211","1570力肯","110/07/13","新光",115,11,104
"9212","1570力肯","110/07/13","元大-北三重",0,162,-162
"9213","1570力肯","110/07/13","群益金鼎-高雄",54,0,54
"9214","1570力肯","110/07/13","元大-大灣",0,25,-25
"9215","1570力肯","110/07/13","國票-新莊",22,0,22
"9216","1570力肯","110/07/13","永豐金-苓雅",0,22,-22
"9217","1570力肯","110/07/13","日盛-桃園",12,0,12
"9218","1570力肯","110/07/13","永豐金-永康",0,19,-19
"9219","1570力肯","110/07/13","元大-高雄",12,0,12
"9220","1570力肯","110/07/13","富邦-員林",0,15,-15
"9221","1570力肯","110/07/13","合庫-自強",11,0,11
"9222","1570力肯","110/07/13","凱基-台南",0,11,-11
"9223","1570力肯","110/07/13","摩根大通",26,15,11
"9224","1570力肯","110/07/13","日盛-竹北",0,10,-10
"9225","1570力肯","110/07/13","永豐金-中盛",11,0,11
"9226","1570力肯","110/07/13","國票-九鼎",0,10,-10
"9227","1570力肯","110/07/13","兆豐-台中港",10,0,10
"9228","1570力肯","110/07/13","凱基-桃園",0,10,-10
"9229","1570力肯","110/07/13","國泰-松江",9,0,9
"9230","1570力肯","110/07/13","凱基-新豐",0,10,-10
"9231","1570力肯","110/07/13","元大-新盛",9,0,9
"9232","1570力肯","110/07/13","元大-學甲",0,10,-10
"9233","1570力肯","110/07/13","元富-緯城",6,0,6
"9234","1570力肯","110/07/13","群益金鼎-東湖",1,10,-9
"9235","1570力肯","110/07/13","統一-三重",5,0,5
"9236","1570力肯","110/07/13","大昌",0,6,-6
"9237","1570力肯","110/07/13","元大-前金",5,0,5
"9238","1570力肯","110/07/13","元大-土城學府",0,6,-6
"9239","1570力肯","110/07/13","永豐金證券",5,0,5
"9240","1570力肯","110/07/13","統一",0,5,-5
"9241","6180橘子","110/07/13","摩根大通",119,0,119
"9242","6180橘子","110/07/13","元大-崇德",2,61,-59
"9243","6180橘子","110/07/13","美商高盛",96,0,96
"9244","6180橘子","110/07/13","康和-台中",0,51,-51
"9245","6180橘子","110/07/13","新加坡商瑞銀",86,7,79
"9246","6180橘子","110/07/13","康和-台北",0,50,-50
"9247","6180橘子","110/07/13","元大-和平",40,0,40
"9248","6180橘子","110/07/13","元富-潮州",0,40,-40
"9249","6180橘子","110/07/13","凱基-台北",83,47,36
"9250","6180橘子","110/07/13","日盛-永康",0,26,-26
"9251","6180橘子","110/07/13","美林",39,5,34
"9252","6180橘子","110/07/13","永豐金-中正",0,24,-24
"9253","6180橘子","110/07/13","富邦-新竹華信",31,2,29
"9254","6180橘子","110/07/13","國泰-板橋",2,25,-23
"9255","6180橘子","110/07/13","統一-南京",21,0,21
"9256","6180橘子","110/07/13","日盛-大墩",0,20,-20
"9257","6180橘子","110/07/13","富邦-陽明",24,3,21
"9258","6180橘子","110/07/13","元大-草屯",13,32,-19
"9259","6180橘子","110/07/13","大昌-樹林",21,1,20
"9260","6180橘子","110/07/13","元富-林園",1,18,-17
"9261","6180橘子","110/07/13","花旗環球",19,0,19
"9262","6180橘子","110/07/13","新光-新竹",1,18,-17
"9263","6180橘子","110/07/13","華南永昌-台南",19,0,19
"9264","6180橘子","110/07/13","元大-土城永寧",0,17,-17
"9265","6180橘子","110/07/13","福勝",14,0,14
"9266","6180橘子","110/07/13","國泰-新莊",3,19,-16
"9267","6180橘子","110/07/13","富邦-嘉義",12,1,11
"9268","6180橘子","110/07/13","中國信託-永康",6,21,-15
"9269","6180橘子","110/07/13","元大-板橋三民",11,0,11
"9270","6180橘子","110/07/13","凱基-東港",1,15,-14
"9271","2390云辰","110/07/13","新加坡商瑞銀",562,75,487
"9272","2390云辰","110/07/13","大展-台南",0,532,-532
"9273","2390云辰","110/07/13","台灣摩根士丹利",330,155,175
"9274","2390云辰","110/07/13","凱基-台北",668,854,-186
"9275","2390云辰","110/07/13","兆豐-公益",126,25,101
"9276","2390云辰","110/07/13","凱基-三重",12,172,-160
"9277","2390云辰","110/07/13","元富-中港",100,2,98
"9278","2390云辰","110/07/13","兆豐-忠孝",4,161,-157
"9279","2390云辰","110/07/13","統一-新台中",106,9,97
"9280","2390云辰","110/07/13","元大-士林",19,170,-151
"9281","2390云辰","110/07/13","中國信託-松江",81,11,70
"9282","2390云辰","110/07/13","臺銀-新竹",14,117,-103
"9283","2390云辰","110/07/13","日盛-板橋",72,3,69
"9284","2390云辰","110/07/13","國票-台中",4,102,-98
"9285","2390云辰","110/07/13","日盛-和美",57,0,57
"9286","2390云辰","110/07/13","新光",147,232,-85
"9287","2390云辰","110/07/13","永豐金-桃園",88,36,52
"9288","2390云辰","110/07/13","致和-崇德",2,70,-68
"9289","2390云辰","110/07/13","玉山-士林",54,4,50
"9290","2390云辰","110/07/13","群益金鼎-屏東",2,70,-68
"9291","2390云辰","110/07/13","富邦-仁愛",56,6,50
"9292","2390云辰","110/07/13","元大-大里",35,98,-63
"9293","2390云辰","110/07/13","第一金-豐原",50,1,49
"9294","2390云辰","110/07/13","元大-萬華",35,94,-59
"9295","2390云辰","110/07/13","摩根大通",502,453,49
"9296","2390云辰","110/07/13","元富-吉利",2,60,-58
"9297","2390云辰","110/07/13","凱基-松山",61,13,48
"9298","2390云辰","110/07/13","兆豐-新竹",3,53,-50
"9299","2390云辰","110/07/13","大昌",64,22,42
"9300","2390云辰","110/07/13","富邦-嘉義",65,108,-43
"9301","2363矽統","110/07/13","凱基-南崁",2133,63,2070
"9302","2363矽統","110/07/13","凱基-幸福",36,4048,-4012
"9303","2363矽統","110/07/13","國泰-敦南",2195,1617,578
"9304","2363矽統","110/07/13","統一",192,3325,-3133
"9305","2363矽統","110/07/13","中農",670,139,531
"9306","2363矽統","110/07/13","新加坡商瑞銀",1000,2747,-1747
"9307","2363矽統","110/07/13","康和-台中",638,154,484
"9308","2363矽統","110/07/13","凱基-台北",5359,6609,-1250
"9309","2363矽統","110/07/13","群益金鼎-三民",577,137,440
"9310","2363矽統","110/07/13","摩根大通",1930,2858,-928
"9311","2363矽統","110/07/13","台新-屏東",510,88,422
"9312","2363矽統","110/07/13","港商野村",960,1679,-719
"9313","2363矽統","110/07/13","德信-中正",455,67,388
"9314","2363矽統","110/07/13","兆豐-復興",25,705,-680
"9315","2363矽統","110/07/13","日盛-竹北",365,70,295
"9316","2363矽統","110/07/13","統一-仁愛",114,755,-641
"9317","2363矽統","110/07/13","元大-佳里",452,189,263
"9318","2363矽統","110/07/13","統一-敦南",29,638,-609
"9319","2363矽統","110/07/13","國票-博愛",296,38,258
"9320","2363矽統","110/07/13","統一-土城",100,704,-604
"9321","2363矽統","110/07/13","元大-萬華",340,95,245
"9322","2363矽統","110/07/13","統一-城中",116,676,-560
"9323","2363矽統","110/07/13","新光",1259,1031,228
"9324","2363矽統","110/07/13","永豐金證券",306,859,-553
"9325","2363矽統","110/07/13","元富-成功",323,96,227
"9326","2363矽統","110/07/13","元富",54,567,-513
"9327","2363矽統","110/07/13","豐農",228,23,205
"9328","2363矽統","110/07/13","瑞士信貸",202,666,-464
"9329","2363矽統","110/07/13","台灣企銀-岡山",186,4,182
"9330","2363矽統","110/07/13","永豐金-嘉義",67,468,-401
"9331","8112至上","110/07/13","摩根大通",688,296,392
"9332","8112至上","110/07/13","國票-中和",0,401,-401
"9333","8112至上","110/07/13","港商野村",344,145,199
"9334","8112至上","110/07/13","永豐金-板盛",0,205,-205
"9335","8112至上","110/07/13","兆豐-公益",195,5,190
"9336","8112至上","110/07/13","凱基-五股",43,155,-112
"9337","8112至上","110/07/13","台灣摩根士丹利",183,0,183
"9338","8112至上","110/07/13","凱基-市政",0,100,-100
"9339","8112至上","110/07/13","群益金鼎-敦南",153,2,151
"9340","8112至上","110/07/13","元大-大里德芳",1,92,-91
"9341","8112至上","110/07/13","臺銀-金山",146,26,120
"9342","8112至上","110/07/13","玉山-桃園",26,110,-84
"9343","8112至上","110/07/13","臺銀",133,19,114
"9344","8112至上","110/07/13","兆豐-天母",0,81,-81
"9345","8112至上","110/07/13","合庫-台中",115,6,109
"9346","8112至上","110/07/13","凱基-城中",3,84,-81
"9347","8112至上","110/07/13","亞東-板橋",134,26,108
"9348","8112至上","110/07/13","日盛-新莊",9,85,-76
"9349","8112至上","110/07/13","凱基-台北",414,326,88
"9350","8112至上","110/07/13","日盛-台中",2,64,-62
"9351","8112至上","110/07/13","新加坡商瑞銀",181,100,81
"9352","8112至上","110/07/13","日盛-中壢",3,64,-61
"9353","8112至上","110/07/13","國泰-敦南",108,31,77
"9354","8112至上","110/07/13","元大-台中",2,59,-57
"9355","8112至上","110/07/13","第一金-華江",77,4,73
"9356","8112至上","110/07/13","元大-雙和",7,64,-57
"9357","8112至上","110/07/13","永豐金-內湖",73,1,72
"9358","8112至上","110/07/13","元大-高雄",8,62,-54
"9359","8112至上","110/07/13","元大-永和",68,1,67
"9360","8112至上","110/07/13","元大-館前",2,55,-53
"9361","1570力肯","110/07/13","新光",115,11,104
"9362","1570力肯","110/07/13","元大-北三重",0,162,-162
"9363","1570力肯","110/07/13","群益金鼎-高雄",54,0,54
"9364","1570力肯","110/07/13","元大-大灣",0,25,-25
"9365","1570力肯","110/07/13","國票-新莊",22,0,22
"9366","1570力肯","110/07/13","永豐金-苓雅",0,22,-22
"9367","1570力肯","110/07/13","日盛-桃園",12,0,12
"9368","1570力肯","110/07/13","永豐金-永康",0,19,-19
"9369","1570力肯","110/07/13","元大-高雄",12,0,12
"9370","1570力肯","110/07/13","富邦-員林",0,15,-15
"9371","1570力肯","110/07/13","合庫-自強",11,0,11
"9372","1570力肯","110/07/13","凱基-台南",0,11,-11
"9373","1570力肯","110/07/13","摩根大通",26,15,11
"9374","1570力肯","110/07/13","日盛-竹北",0,10,-10
"9375","1570力肯","110/07/13","永豐金-中盛",11,0,11
"9376","1570力肯","110/07/13","國票-九鼎",0,10,-10
"9377","1570力肯","110/07/13","兆豐-台中港",10,0,10
"9378","1570力肯","110/07/13","凱基-桃園",0,10,-10
"9379","1570力肯","110/07/13","國泰-松江",9,0,9
"9380","1570力肯","110/07/13","凱基-新豐",0,10,-10
"9381","1570力肯","110/07/13","元大-新盛",9,0,9
"9382","1570力肯","110/07/13","元大-學甲",0,10,-10
"9383","1570力肯","110/07/13","元富-緯城",6,0,6
"9384","1570力肯","110/07/13","群益金鼎-東湖",1,10,-9
"9385","1570力肯","110/07/13","統一-三重",5,0,5
"9386","1570力肯","110/07/13","大昌",0,6,-6
"9387","1570力肯","110/07/13","元大-前金",5,0,5
"9388","1570力肯","110/07/13","元大-土城學府",0,6,-6
"9389","1570力肯","110/07/13","永豐金證券",5,0,5
"9390","1570力肯","110/07/13","統一",0,5,-5
"9391","2929淘帝","110/07/13","玉山-新竹",130,0,130
"9392","2929淘帝","110/07/13","美商高盛",0,177,-177
"9393","2929淘帝","110/07/13","臺銀-民權",60,0,60
"9394","2929淘帝","110/07/13","凱基-台北",6,80,-74
"9395","2929淘帝","110/07/13","新百王",31,0,31
"9396","2929淘帝","110/07/13","元富-大裕",0,49,-49
"9397","2929淘帝","110/07/13","日盛-園區",30,0,30
"9398","2929淘帝","110/07/13","國泰-館前",3,51,-48
"9399","2929淘帝","110/07/13","元大-南投",31,1,30
"9400","2929淘帝","110/07/13","凱基-中壢",0,41,-41
"9401","2929淘帝","110/07/13","兆豐-忠孝",28,0,28
"9402","2929淘帝","110/07/13","港商野村",21,55,-34
"9403","2929淘帝","110/07/13","元大-民生",28,0,28
"9404","2929淘帝","110/07/13","華南永昌-南京",2,34,-32
"9405","2929淘帝","110/07/13","合庫-高雄",27,0,27
"9406","2929淘帝","110/07/13","群益金鼎-土城",0,30,-30
"9407","2929淘帝","110/07/13","凱基-豐中",27,0,27
"9408","2929淘帝","110/07/13","富邦-南屯",0,22,-22
"9409","2929淘帝","110/07/13","新光",21,4,17
"9410","2929淘帝","110/07/13","第一金-豐原",0,20,-20
"9411","2929淘帝","110/07/13","元大-天母",17,0,17
"9412","2929淘帝","110/07/13","元大-屏南",6,26,-20
"9413","2929淘帝","110/07/13","永興",14,0,14
"9414","2929淘帝","110/07/13","永豐金-敦南",1,21,-20
"9415","2929淘帝","110/07/13","富邦-台北",12,0,12
"9416","2929淘帝","110/07/13","凱基-三重",2,21,-19
"9417","2929淘帝","110/07/13","元大-永和",12,0,12
"9418","2929淘帝","110/07/13","富邦-仁愛",7,25,-18
"9419","2929淘帝","110/07/13","國票-天祥",11,0,11
"9420","2929淘帝","110/07/13","元大-北投",0,16,-16
"9421","5410國眾","110/07/13","兆豐-城中",274,0,274
"9422","5410國眾","110/07/13","元富-嘉義",0,103,-103
"9423","5410國眾","110/07/13","新光",50,4,46
"9424","5410國眾","110/07/13","凱基-台北",0,50,-50
"9425","5410國眾","110/07/13","國泰-台中",26,0,26
"9426","5410國眾","110/07/13","瑞士信貸",0,31,-31
"9427","5410國眾","110/07/13","新加坡商瑞銀",22,0,22
"9428","5410國眾","110/07/13","台新-新莊",0,27,-27
"9429","5410國眾","110/07/13","光和-嘉義",20,0,20
"9430","5410國眾","110/07/13","元大-汐止",0,20,-20
"9431","5410國眾","110/07/13","凱基-竹北",17,0,17
"9432","5410國眾","110/07/13","亞東-新竹",0,17,-17
"9433","5410國眾","110/07/13","新光-桃園",15,0,15
"9434","5410國眾","110/07/13","元大-南勢角",0,13,-13
"9435","5410國眾","110/07/13","凱基-台東",14,0,14
"9436","5410國眾","110/07/13","台新-台南",0,12,-12
"9437","5410國眾","110/07/13","富邦-竹北",11,0,11
"9438","5410國眾","110/07/13","中國信託",0,11,-11
"9439","5410國眾","110/07/13","元富-同大",10,0,10
"9440","5410國眾","110/07/13","華南永昌",0,11,-11
"9441","5410國眾","110/07/13","國泰-敦南",24,15,9
"9442","5410國眾","110/07/13","臺銀-臺南",0,10,-10
"9443","5410國眾","110/07/13","日盛-內湖",7,0,7
"9444","5410國眾","110/07/13","台灣企銀-民雄",0,10,-10
"9445","5410國眾","110/07/13","台新-左楠",7,0,7
"9446","5410國眾","110/07/13","高橋",0,10,-10
"9447","5410國眾","110/07/13","元大-新盛",18,12,6
"9448","5410國眾","110/07/13","康和-嘉義",0,10,-10
"9449","5410國眾","110/07/13","統一",5,0,5
"9450","5410國眾","110/07/13","凱基-基隆",0,10,-10
"9451","2841台開","110/07/13","中國信託-高雄",251,50,201
"9452","2841台開","110/07/13","兆豐-公益",0,177,-177
"9453","2841台開","110/07/13","日盛證券",210,13,197
"9454","2841台開","110/07/13","日進",0,152,-152
"9455","2841台開","110/07/13","第一金-台中",55,0,55
"9456","2841台開","110/07/13","港商野村",0,109,-109
"9457","2841台開","110/07/13","國泰-板橋",46,0,46
"9458","2841台開","110/07/13","日盛-信義",0,103,-103
"9459","2841台開","110/07/13","國泰-館前",48,3,45
"9460","2841台開","110/07/13","國泰-敦南",11,75,-64
"9461","2841台開","110/07/13","華南永昌-新莊",45,0,45
"9462","2841台開","110/07/13","永興",0,50,-50
"9463","2841台開","110/07/13","日盛-園區",42,0,42
"9464","2841台開","110/07/13","永豐金-敦南",61,104,-43
"9465","2841台開","110/07/13","台新證券",32,0,32
"9466","2841台開","110/07/13","富邦-台南",0,42,-42
"9467","2841台開","110/07/13","台新-高雄",32,2,30
"9468","2841台開","110/07/13","國票-安和",0,30,-30
"9469","2841台開","110/07/13","豐農",23,0,23
"9470","2841台開","110/07/13","元大-桃園",0,25,-25
"9471","2841台開","110/07/13","合庫-嘉義",20,0,20
"9472","2841台開","110/07/13","新光",8,32,-24
"9473","2841台開","110/07/13","華南永昌-高雄",20,0,20
"9474","2841台開","110/07/13","元大-仁愛",0,24,-24
"9475","2841台開","110/07/13","元大-樹林",16,0,16
"9476","2841台開","110/07/13","日盛-中和",0,20,-20
"9477","2841台開","110/07/13","第一金-華江",15,2,13
"9478","2841台開","110/07/13","元富",0,20,-20
"9479","2841台開","110/07/13","美商高盛",12,0,12
"9480","2841台開","110/07/13","富邦-宜蘭",0,20,-20
"9481","6207雷科","110/07/13","元大-高雄",121,0,121
"9482","6207雷科","110/07/13","華南永昌-朴子",1,60,-59
"9483","6207雷科","110/07/13","第一金-新興",20,0,20
"9484","6207雷科","110/07/13","元大-南海",0,36,-36
"9485","6207雷科","110/07/13","元富-三重",20,0,20
"9486","6207雷科","110/07/13","凱基-土城",0,35,-35
"9487","6207雷科","110/07/13","元大-林園",15,0,15
"9488","6207雷科","110/07/13","台灣企銀",0,20,-20
"9489","6207雷科","110/07/13","元大-金華",16,1,15
"9490","6207雷科","110/07/13","群益金鼎-丹鳳",0,20,-20
"9491","6207雷科","110/07/13","日盛證券",10,0,10
"9492","6207雷科","110/07/13","元大-博愛",0,17,-17
"9493","6207雷科","110/07/13","統一-台中",10,0,10
"9494","6207雷科","110/07/13","元大-北港",0,13,-13
"9495","6207雷科","110/07/13","群益金鼎-土城",10,0,10
"9496","6207雷科","110/07/13","新加坡商瑞銀",0,12,-12
"9497","6207雷科","110/07/13","群益金鼎-桃園",10,0,10
"9498","6207雷科","110/07/13","凱基-台北",4,16,-12
"9499","6207雷科","110/07/13","永豐金-新莊",10,0,10
"9500","6207雷科","110/07/13","日茂-埔里",0,11,-11
"9501","6207雷科","110/07/13","永豐金-新店",10,0,10
"9502","6207雷科","110/07/13","元大-莒光",0,11,-11
"9503","6207雷科","110/07/13","元大證券",9,0,9
"9504","6207雷科","110/07/13","統一-新竹",0,10,-10
"9505","6207雷科","110/07/13","日盛-木柵",9,1,8
"9506","6207雷科","110/07/13","元大-西螺",0,10,-10
"9507","6207雷科","110/07/13","兆豐-來福",8,0,8
"9508","6207雷科","110/07/13","康和-台中",0,8,-8
"9509","6207雷科","110/07/13","新光",7,0,7
"9510","6207雷科","110/07/13","兆豐-高雄",0,6,-6
"9511","3679新至陞","110/07/13","永豐金證券",50,0,50
"9512","3679新至陞","110/07/13","摩根大通",2,25,-23
"9513","3679新至陞","110/07/13","國泰-桃園",22,0,22
"9514","3679新至陞","110/07/13","元大-成功",0,22,-22
"9515","3679新至陞","110/07/13","台中銀-員林",11,0,11
"9516","3679新至陞","110/07/13","富邦-板橋",1,19,-18
"9517","3679新至陞","110/07/13","元大-文心興安",8,0,8
"9518","3679新至陞","110/07/13","日盛-新莊",0,10,-10
"9519","3679新至陞","110/07/13","美商高盛",6,0,6
"9520","3679新至陞","110/07/13","台新-台中",0,10,-10
"9521","3679新至陞","110/07/13","台新-高雄",6,0,6
"9522","3679新至陞","110/07/13","永豐金-新竹",0,8,-8
"9523","3679新至陞","110/07/13","凱基-台北",18,12,6
"9524","3679新至陞","110/07/13","瑞士信貸",12,19,-7
"9525","3679新至陞","110/07/13","日盛-復興",5,0,5
"9526","3679新至陞","110/07/13","統一-南京",0,7,-7
"9527","3679新至陞","110/07/13","(牛牛牛)亞-鑫豐",4,0,4
"9528","3679新至陞","110/07/13","凱基-新莊",0,7,-7
"9529","3679新至陞","110/07/13","元富-大昌",3,0,3
"9530","3679新至陞","110/07/13","新加坡商瑞銀",0,6,-6
"9531","3679新至陞","110/07/13","富邦-台北",3,0,3
"9532","3679新至陞","110/07/13","合庫-自強",0,5,-5
"9533","3679新至陞","110/07/13","日盛-樹林",2,0,2
"9534","3679新至陞","110/07/13","富邦-桃園",0,5,-5
"9535","3679新至陞","110/07/13","宏遠-光隆",2,0,2
"9536","3679新至陞","110/07/13","永豐金-潮州",0,4,-4
"9537","3679新至陞","110/07/13","美林",3,1,2
"9538","3679新至陞","110/07/13","臺銀-臺南",0,3,-3
"9539","3679新至陞","110/07/13","第一金-中壢",2,0,2
"9540","3679新至陞","110/07/13","元大-六合",0,3,-3
"9541","2727王品","110/07/13","富邦-台北",43,3,40
"9542","2727王品","110/07/13","台灣摩根士丹利",15,97,-82
"9543","2727王品","110/07/13","元大-基隆孝二",40,0,40
"9544","2727王品","110/07/13","玉山-台南",5,57,-52
"9545","2727王品","110/07/13","國票-新莊",40,1,39
"9546","2727王品","110/07/13","新加坡商瑞銀",0,48,-48
"9547","2727王品","110/07/13","第一金-豐原",66,42,24
"9548","2727王品","110/07/13","凱基-台北",41,77,-36
"9549","2727王品","110/07/13","永豐金-大園",34,10,24
"9550","2727王品","110/07/13","永豐金-永康",0,22,-22
"9551","2727王品","110/07/13","元大-北屯",22,0,22
"9552","2727王品","110/07/13","統一-台中",2,22,-20
"9553","2727王品","110/07/13","元大-東蘆",26,7,19
"9554","2727王品","110/07/13","國泰-台中",21,39,-18
"9555","2727王品","110/07/13","永豐金-萬盛",13,1,12
"9556","2727王品","110/07/13","合庫-彰化",3,20,-17
"9557","2727王品","110/07/13","日盛-嘉義",11,0,11
"9558","2727王品","110/07/13","港商野村",13,30,-17
"9559","2727王品","110/07/13","日盛-八德",11,0,11
"9560","2727王品","110/07/13","元大-楊梅",1,16,-15
"9561","2727王品","110/07/13","統一-竹南",11,0,11
"9562","2727王品","110/07/13","凱基-高美館",2,15,-13
"9563","2727王品","110/07/13","日盛-士林",12,2,10
"9564","2727王品","110/07/13","美商高盛",2,14,-12
"9565","2727王品","110/07/13","統一-敦南",10,0,10
"9566","2727王品","110/07/13","統一-平鎮",1,13,-12
"9567","2727王品","110/07/13","中國信託",15,5,10
"9568","2727王品","110/07/13","兆豐-台中港",4,16,-12
"9569","2727王品","110/07/13","兆豐-竹北",13,3,10
"9570","2727王品","110/07/13","凱基-八德",1,13,-12
"9571","1570力肯","110/07/13","新光",115,11,104
"9572","1570力肯","110/07/13","元大-北三重",0,162,-162
"9573","1570力肯","110/07/13","群益金鼎-高雄",54,0,54
"9574","1570力肯","110/07/13","元大-大灣",0,25,-25
"9575","1570力肯","110/07/13","國票-新莊",22,0,22
"9576","1570力肯","110/07/13","永豐金-苓雅",0,22,-22
"9577","1570力肯","110/07/13","日盛-桃園",12,0,12
"9578","1570力肯","110/07/13","永豐金-永康",0,19,-19
"9579","1570力肯","110/07/13","元大-高雄",12,0,12
"9580","1570力肯","110/07/13","富邦-員林",0,15,-15
"9581","1570力肯","110/07/13","合庫-自強",11,0,11
"9582","1570力肯","110/07/13","凱基-台南",0,11,-11
"9583","1570力肯","110/07/13","摩根大通",26,15,11
"9584","1570力肯","110/07/13","日盛-竹北",0,10,-10
"9585","1570力肯","110/07/13","永豐金-中盛",11,0,11
"9586","1570力肯","110/07/13","國票-九鼎",0,10,-10
"9587","1570力肯","110/07/13","兆豐-台中港",10,0,10
"9588","1570力肯","110/07/13","凱基-桃園",0,10,-10
"9589","1570力肯","110/07/13","國泰-松江",9,0,9
"9590","1570力肯","110/07/13","凱基-新豐",0,10,-10
"9591","1570力肯","110/07/13","元大-新盛",9,0,9
"9592","1570力肯","110/07/13","元大-學甲",0,10,-10
"9593","1570力肯","110/07/13","元富-緯城",6,0,6
"9594","1570力肯","110/07/13","群益金鼎-東湖",1,10,-9
"9595","1570力肯","110/07/13","統一-三重",5,0,5
"9596","1570力肯","110/07/13","大昌",0,6,-6
"9597","1570力肯","110/07/13","元大-前金",5,0,5
"9598","1570力肯","110/07/13","元大-土城學府",0,6,-6
"9599","1570力肯","110/07/13","永豐金證券",5,0,5
"9600","1570力肯","110/07/13","統一",0,5,-5
"9601","6180橘子","110/07/13","摩根大通",119,0,119
"9602","6180橘子","110/07/13","元大-崇德",2,61,-59
"9603","6180橘子","110/07/13","美商高盛",96,0,96
"9604","6180橘子","110/07/13","康和-台中",0,51,-51
"9605","6180橘子","110/07/13","新加坡商瑞銀",86,7,79
"9606","6180橘子","110/07/13","康和-台北",0,50,-50
"9607","6180橘子","110/07/13","元大-和平",40,0,40
"9608","6180橘子","110/07/13","元富-潮州",0,40,-40
"9609","6180橘子","110/07/13","凱基-台北",83,47,36
"9610","6180橘子","110/07/13","日盛-永康",0,26,-26
"9611","6180橘子","110/07/13","美林",39,5,34
"9612","6180橘子","110/07/13","永豐金-中正",0,24,-24
"9613","6180橘子","110/07/13","富邦-新竹華信",31,2,29
"9614","6180橘子","110/07/13","國泰-板橋",2,25,-23
"9615","6180橘子","110/07/13","統一-南京",21,0,21
"9616","6180橘子","110/07/13","日盛-大墩",0,20,-20
"9617","6180橘子","110/07/13","富邦-陽明",24,3,21
"9618","6180橘子","110/07/13","元大-草屯",13,32,-19
"9619","6180橘子","110/07/13","大昌-樹林",21,1,20
"9620","6180橘子","110/07/13","元富-林園",1,18,-17
"9621","6180橘子","110/07/13","花旗環球",19,0,19
"9622","6180橘子","110/07/13","新光-新竹",1,18,-17
"9623","6180橘子","110/07/13","華南永昌-台南",19,0,19
"9624","6180橘子","110/07/13","元大-土城永寧",0,17,-17
"9625","6180橘子","110/07/13","福勝",14,0,14
"9626","6180橘子","110/07/13","國泰-新莊",3,19,-16
"9627","6180橘子","110/07/13","富邦-嘉義",12,1,11
"9628","6180橘子","110/07/13","中國信託-永康",6,21,-15
"9629","6180橘子","110/07/13","元大-板橋三民",11,0,11
"9630","6180橘子","110/07/13","凱基-東港",1,15,-14
"9631","2390云辰","110/07/13","新加坡商瑞銀",562,75,487
"9632","2390云辰","110/07/13","大展-台南",0,532,-532
"9633","2390云辰","110/07/13","台灣摩根士丹利",330,155,175
"9634","2390云辰","110/07/13","凱基-台北",668,854,-186
"9635","2390云辰","110/07/13","兆豐-公益",126,25,101
"9636","2390云辰","110/07/13","凱基-三重",12,172,-160
"9637","2390云辰","110/07/13","元富-中港",100,2,98
"9638","2390云辰","110/07/13","兆豐-忠孝",4,161,-157
"9639","2390云辰","110/07/13","統一-新台中",106,9,97
"9640","2390云辰","110/07/13","元大-士林",19,170,-151
"9641","2390云辰","110/07/13","中國信託-松江",81,11,70
"9642","2390云辰","110/07/13","臺銀-新竹",14,117,-103
"9643","2390云辰","110/07/13","日盛-板橋",72,3,69
"9644","2390云辰","110/07/13","國票-台中",4,102,-98
"9645","2390云辰","110/07/13","日盛-和美",57,0,57
"9646","2390云辰","110/07/13","新光",147,232,-85
"9647","2390云辰","110/07/13","永豐金-桃園",88,36,52
"9648","2390云辰","110/07/13","致和-崇德",2,70,-68
"9649","2390云辰","110/07/13","玉山-士林",54,4,50
"9650","2390云辰","110/07/13","群益金鼎-屏東",2,70,-68
"9651","2390云辰","110/07/13","富邦-仁愛",56,6,50
"9652","2390云辰","110/07/13","元大-大里",35,98,-63
"9653","2390云辰","110/07/13","第一金-豐原",50,1,49
"9654","2390云辰","110/07/13","元大-萬華",35,94,-59
"9655","2390云辰","110/07/13","摩根大通",502,453,49
"9656","2390云辰","110/07/13","元富-吉利",2,60,-58
"9657","2390云辰","110/07/13","凱基-松山",61,13,48
"9658","2390云辰","110/07/13","兆豐-新竹",3,53,-50
"9659","2390云辰","110/07/13","大昌",64,22,42
"9660","2390云辰","110/07/13","富邦-嘉義",65,108,-43
"9661","2363矽統","110/07/13","凱基-南崁",2133,63,2070
"9662","2363矽統","110/07/13","凱基-幸福",36,4048,-4012
"9663","2363矽統","110/07/13","國泰-敦南",2195,1617,578
"9664","2363矽統","110/07/13","統一",192,3325,-3133
"9665","2363矽統","110/07/13","中農",670,139,531
"9666","2363矽統","110/07/13","新加坡商瑞銀",1000,2747,-1747
"9667","2363矽統","110/07/13","康和-台中",638,154,484
"9668","2363矽統","110/07/13","凱基-台北",5359,6609,-1250
"9669","2363矽統","110/07/13","群益金鼎-三民",577,137,440
"9670","2363矽統","110/07/13","摩根大通",1930,2858,-928
"9671","2363矽統","110/07/13","台新-屏東",510,88,422
"9672","2363矽統","110/07/13","港商野村",960,1679,-719
"9673","2363矽統","110/07/13","德信-中正",455,67,388
"9674","2363矽統","110/07/13","兆豐-復興",25,705,-680
"9675","2363矽統","110/07/13","日盛-竹北",365,70,295
"9676","2363矽統","110/07/13","統一-仁愛",114,755,-641
"9677","2363矽統","110/07/13","元大-佳里",452,189,263
"9678","2363矽統","110/07/13","統一-敦南",29,638,-609
"9679","2363矽統","110/07/13","國票-博愛",296,38,258
"9680","2363矽統","110/07/13","統一-土城",100,704,-604
"9681","2363矽統","110/07/13","元大-萬華",340,95,245
"9682","2363矽統","110/07/13","統一-城中",116,676,-560
"9683","2363矽統","110/07/13","新光",1259,1031,228
"9684","2363矽統","110/07/13","永豐金證券",306,859,-553
"9685","2363矽統","110/07/13","元富-成功",323,96,227
"9686","2363矽統","110/07/13","元富",54,567,-513
"9687","2363矽統","110/07/13","豐農",228,23,205
"9688","2363矽統","110/07/13","瑞士信貸",202,666,-464
"9689","2363矽統","110/07/13","台灣企銀-岡山",186,4,182
"9690","2363矽統","110/07/13","永豐金-嘉義",67,468,-401
"9691","2363矽統","110/07/13","凱基-南崁",2133,63,2070
"9692","2363矽統","110/07/13","凱基-幸福",36,4048,-4012
"9693","2363矽統","110/07/13","國泰-敦南",2195,1617,578
"9694","2363矽統","110/07/13","統一",192,3325,-3133
"9695","2363矽統","110/07/13","中農",670,139,531
"9696","2363矽統","110/07/13","新加坡商瑞銀",1000,2747,-1747
"9697","2363矽統","110/07/13","康和-台中",638,154,484
"9698","2363矽統","110/07/13","凱基-台北",5359,6609,-1250
"9699","2363矽統","110/07/13","群益金鼎-三民",577,137,440
"9700","2363矽統","110/07/13","摩根大通",1930,2858,-928
"9701","2363矽統","110/07/13","台新-屏東",510,88,422
"9702","2363矽統","110/07/13","港商野村",960,1679,-719
"9703","2363矽統","110/07/13","德信-中正",455,67,388
"9704","2363矽統","110/07/13","兆豐-復興",25,705,-680
"9705","2363矽統","110/07/13","日盛-竹北",365,70,295
"9706","2363矽統","110/07/13","統一-仁愛",114,755,-641
"9707","2363矽統","110/07/13","元大-佳里",452,189,263
"9708","2363矽統","110/07/13","統一-敦南",29,638,-609
"9709","2363矽統","110/07/13","國票-博愛",296,38,258
"9710","2363矽統","110/07/13","統一-土城",100,704,-604
"9711","2363矽統","110/07/13","元大-萬華",340,95,245
"9712","2363矽統","110/07/13","統一-城中",116,676,-560
"9713","2363矽統","110/07/13","新光",1259,1031,228
"9714","2363矽統","110/07/13","永豐金證券",306,859,-553
"9715","2363矽統","110/07/13","元富-成功",323,96,227
"9716","2363矽統","110/07/13","元富",54,567,-513
"9717","2363矽統","110/07/13","豐農",228,23,205
"9718","2363矽統","110/07/13","瑞士信貸",202,666,-464
"9719","2363矽統","110/07/13","台灣企銀-岡山",186,4,182
"9720","2363矽統","110/07/13","永豐金-嘉義",67,468,-401
"9721","2363矽統","110/07/13","凱基-南崁",2133,63,2070
"9722","2363矽統","110/07/13","凱基-幸福",36,4048,-4012
"9723","2363矽統","110/07/13","國泰-敦南",2195,1617,578
"9724","2363矽統","110/07/13","統一",192,3325,-3133
"9725","2363矽統","110/07/13","中農",670,139,531
"9726","2363矽統","110/07/13","新加坡商瑞銀",1000,2747,-1747
"9727","2363矽統","110/07/13","康和-台中",638,154,484
"9728","2363矽統","110/07/13","凱基-台北",5359,6609,-1250
"9729","2363矽統","110/07/13","群益金鼎-三民",577,137,440
"9730","2363矽統","110/07/13","摩根大通",1930,2858,-928
"9731","2363矽統","110/07/13","台新-屏東",510,88,422
"9732","2363矽統","110/07/13","港商野村",960,1679,-719
"9733","2363矽統","110/07/13","德信-中正",455,67,388
"9734","2363矽統","110/07/13","兆豐-復興",25,705,-680
"9735","2363矽統","110/07/13","日盛-竹北",365,70,295
"9736","2363矽統","110/07/13","統一-仁愛",114,755,-641
"9737","2363矽統","110/07/13","元大-佳里",452,189,263
"9738","2363矽統","110/07/13","統一-敦南",29,638,-609
"9739","2363矽統","110/07/13","國票-博愛",296,38,258
"9740","2363矽統","110/07/13","統一-土城",100,704,-604
"9741","2363矽統","110/07/13","元大-萬華",340,95,245
"9742","2363矽統","110/07/13","統一-城中",116,676,-560
"9743","2363矽統","110/07/13","新光",1259,1031,228
"9744","2363矽統","110/07/13","永豐金證券",306,859,-553
"9745","2363矽統","110/07/13","元富-成功",323,96,227
"9746","2363矽統","110/07/13","元富",54,567,-513
"9747","2363矽統","110/07/13","豐農",228,23,205
"9748","2363矽統","110/07/13","瑞士信貸",202,666,-464
"9749","2363矽統","110/07/13","台灣企銀-岡山",186,4,182
"9750","2363矽統","110/07/13","永豐金-嘉義",67,468,-401
"9751","1570力肯","110/07/13","新光",115,11,104
"9752","1570力肯","110/07/13","元大-北三重",0,162,-162
"9753","1570力肯","110/07/13","群益金鼎-高雄",54,0,54
"9754","1570力肯","110/07/13","元大-大灣",0,25,-25
"9755","1570力肯","110/07/13","國票-新莊",22,0,22
"9756","1570力肯","110/07/13","永豐金-苓雅",0,22,-22
"9757","1570力肯","110/07/13","日盛-桃園",12,0,12
"9758","1570力肯","110/07/13","永豐金-永康",0,19,-19
"9759","1570力肯","110/07/13","元大-高雄",12,0,12
"9760","1570力肯","110/07/13","富邦-員林",0,15,-15
"9761","1570力肯","110/07/13","合庫-自強",11,0,11
"9762","1570力肯","110/07/13","凱基-台南",0,11,-11
"9763","1570力肯","110/07/13","摩根大通",26,15,11
"9764","1570力肯","110/07/13","日盛-竹北",0,10,-10
"9765","1570力肯","110/07/13","永豐金-中盛",11,0,11
"9766","1570力肯","110/07/13","國票-九鼎",0,10,-10
"9767","1570力肯","110/07/13","兆豐-台中港",10,0,10
"9768","1570力肯","110/07/13","凱基-桃園",0,10,-10
"9769","1570力肯","110/07/13","國泰-松江",9,0,9
"9770","1570力肯","110/07/13","凱基-新豐",0,10,-10
"9771","1570力肯","110/07/13","元大-新盛",9,0,9
"9772","1570力肯","110/07/13","元大-學甲",0,10,-10
"9773","1570力肯","110/07/13","元富-緯城",6,0,6
"9774","1570力肯","110/07/13","群益金鼎-東湖",1,10,-9
"9775","1570力肯","110/07/13","統一-三重",5,0,5
"9776","1570力肯","110/07/13","大昌",0,6,-6
"9777","1570力肯","110/07/13","元大-前金",5,0,5
"9778","1570力肯","110/07/13","元大-土城學府",0,6,-6
"9779","1570力肯","110/07/13","永豐金證券",5,0,5
"9780","1570力肯","110/07/13","統一",0,5,-5
"9781","1570力肯","110/07/13","新光",115,11,104
"9782","1570力肯","110/07/13","元大-北三重",0,162,-162
"9783","1570力肯","110/07/13","群益金鼎-高雄",54,0,54
"9784","1570力肯","110/07/13","元大-大灣",0,25,-25
"9785","1570力肯","110/07/13","國票-新莊",22,0,22
"9786","1570力肯","110/07/13","永豐金-苓雅",0,22,-22
"9787","1570力肯","110/07/13","日盛-桃園",12,0,12
"9788","1570力肯","110/07/13","永豐金-永康",0,19,-19
"9789","1570力肯","110/07/13","元大-高雄",12,0,12
"9790","1570力肯","110/07/13","富邦-員林",0,15,-15
"9791","1570力肯","110/07/13","合庫-自強",11,0,11
"9792","1570力肯","110/07/13","凱基-台南",0,11,-11
"9793","1570力肯","110/07/13","摩根大通",26,15,11
"9794","1570力肯","110/07/13","日盛-竹北",0,10,-10
"9795","1570力肯","110/07/13","永豐金-中盛",11,0,11
"9796","1570力肯","110/07/13","國票-九鼎",0,10,-10
"9797","1570力肯","110/07/13","兆豐-台中港",10,0,10
"9798","1570力肯","110/07/13","凱基-桃園",0,10,-10
"9799","1570力肯","110/07/13","國泰-松江",9,0,9
"9800","1570力肯","110/07/13","凱基-新豐",0,10,-10
"9801","1570力肯","110/07/13","元大-新盛",9,0,9
"9802","1570力肯","110/07/13","元大-學甲",0,10,-10
"9803","1570力肯","110/07/13","元富-緯城",6,0,6
"9804","1570力肯","110/07/13","群益金鼎-東湖",1,10,-9
"9805","1570力肯","110/07/13","統一-三重",5,0,5
"9806","1570力肯","110/07/13","大昌",0,6,-6
"9807","1570力肯","110/07/13","元大-前金",5,0,5
"9808","1570力肯","110/07/13","元大-土城學府",0,6,-6
"9809","1570力肯","110/07/13","永豐金證券",5,0,5
"9810","1570力肯","110/07/13","統一",0,5,-5
"9811","6180橘子","110/07/13","摩根大通",119,0,119
"9812","6180橘子","110/07/13","元大-崇德",2,61,-59
"9813","6180橘子","110/07/13","美商高盛",96,0,96
"9814","6180橘子","110/07/13","康和-台中",0,51,-51
"9815","6180橘子","110/07/13","新加坡商瑞銀",86,7,79
"9816","6180橘子","110/07/13","康和-台北",0,50,-50
"9817","6180橘子","110/07/13","元大-和平",40,0,40
"9818","6180橘子","110/07/13","元富-潮州",0,40,-40
"9819","6180橘子","110/07/13","凱基-台北",83,47,36
"9820","6180橘子","110/07/13","日盛-永康",0,26,-26
"9821","6180橘子","110/07/13","美林",39,5,34
"9822","6180橘子","110/07/13","永豐金-中正",0,24,-24
"9823","6180橘子","110/07/13","富邦-新竹華信",31,2,29
"9824","6180橘子","110/07/13","國泰-板橋",2,25,-23
"9825","6180橘子","110/07/13","統一-南京",21,0,21
"9826","6180橘子","110/07/13","日盛-大墩",0,20,-20
"9827","6180橘子","110/07/13","富邦-陽明",24,3,21
"9828","6180橘子","110/07/13","元大-草屯",13,32,-19
"9829","6180橘子","110/07/13","大昌-樹林",21,1,20
"9830","6180橘子","110/07/13","元富-林園",1,18,-17
"9831","6180橘子","110/07/13","花旗環球",19,0,19
"9832","6180橘子","110/07/13","新光-新竹",1,18,-17
"9833","6180橘子","110/07/13","華南永昌-台南",19,0,19
"9834","6180橘子","110/07/13","元大-土城永寧",0,17,-17
"9835","6180橘子","110/07/13","福勝",14,0,14
"9836","6180橘子","110/07/13","國泰-新莊",3,19,-16
"9837","6180橘子","110/07/13","富邦-嘉義",12,1,11
"9838","6180橘子","110/07/13","中國信託-永康",6,21,-15
"9839","6180橘子","110/07/13","元大-板橋三民",11,0,11
"9840","6180橘子","110/07/13","凱基-東港",1,15,-14
"9841","1570力肯","110/07/13","新光",115,11,104
"9842","1570力肯","110/07/13","元大-北三重",0,162,-162
"9843","1570力肯","110/07/13","群益金鼎-高雄",54,0,54
"9844","1570力肯","110/07/13","元大-大灣",0,25,-25
"9845","1570力肯","110/07/13","國票-新莊",22,0,22
"9846","1570力肯","110/07/13","永豐金-苓雅",0,22,-22
"9847","1570力肯","110/07/13","日盛-桃園",12,0,12
"9848","1570力肯","110/07/13","永豐金-永康",0,19,-19
"9849","1570力肯","110/07/13","元大-高雄",12,0,12
"9850","1570力肯","110/07/13","富邦-員林",0,15,-15
"9851","1570力肯","110/07/13","合庫-自強",11,0,11
"9852","1570力肯","110/07/13","凱基-台南",0,11,-11
"9853","1570力肯","110/07/13","摩根大通",26,15,11
"9854","1570力肯","110/07/13","日盛-竹北",0,10,-10
"9855","1570力肯","110/07/13","永豐金-中盛",11,0,11
"9856","1570力肯","110/07/13","國票-九鼎",0,10,-10
"9857","1570力肯","110/07/13","兆豐-台中港",10,0,10
"9858","1570力肯","110/07/13","凱基-桃園",0,10,-10
"9859","1570力肯","110/07/13","國泰-松江",9,0,9
"9860","1570力肯","110/07/13","凱基-新豐",0,10,-10
"9861","1570力肯","110/07/13","元大-新盛",9,0,9
"9862","1570力肯","110/07/13","元大-學甲",0,10,-10
"9863","1570力肯","110/07/13","元富-緯城",6,0,6
"9864","1570力肯","110/07/13","群益金鼎-東湖",1,10,-9
"9865","1570力肯","110/07/13","統一-三重",5,0,5
"9866","1570力肯","110/07/13","大昌",0,6,-6
"9867","1570力肯","110/07/13","元大-前金",5,0,5
"9868","1570力肯","110/07/13","元大-土城學府",0,6,-6
"9869","1570力肯","110/07/13","永豐金證券",5,0,5
"9870","1570力肯","110/07/13","統一",0,5,-5
"9871","6180橘子","110/07/13","摩根大通",119,0,119
"9872","6180橘子","110/07/13","元大-崇德",2,61,-59
"9873","6180橘子","110/07/13","美商高盛",96,0,96
"9874","6180橘子","110/07/13","康和-台中",0,51,-51
"9875","6180橘子","110/07/13","新加坡商瑞銀",86,7,79
"9876","6180橘子","110/07/13","康和-台北",0,50,-50
"9877","6180橘子","110/07/13","元大-和平",40,0,40
"9878","6180橘子","110/07/13","元富-潮州",0,40,-40
"9879","6180橘子","110/07/13","凱基-台北",83,47,36
"9880","6180橘子","110/07/13","日盛-永康",0,26,-26
"9881","6180橘子","110/07/13","美林",39,5,34
"9882","6180橘子","110/07/13","永豐金-中正",0,24,-24
"9883","6180橘子","110/07/13","富邦-新竹華信",31,2,29
"9884","6180橘子","110/07/13","國泰-板橋",2,25,-23
"9885","6180橘子","110/07/13","統一-南京",21,0,21
"9886","6180橘子","110/07/13","日盛-大墩",0,20,-20
"9887","6180橘子","110/07/13","富邦-陽明",24,3,21
"9888","6180橘子","110/07/13","元大-草屯",13,32,-19
"9889","6180橘子","110/07/13","大昌-樹林",21,1,20
"9890","6180橘子","110/07/13","元富-林園",1,18,-17
"9891","6180橘子","110/07/13","花旗環球",19,0,19
"9892","6180橘子","110/07/13","新光-新竹",1,18,-17
"9893","6180橘子","110/07/13","華南永昌-台南",19,0,19
"9894","6180橘子","110/07/13","元大-土城永寧",0,17,-17
"9895","6180橘子","110/07/13","福勝",14,0,14
"9896","6180橘子","110/07/13","國泰-新莊",3,19,-16
"9897","6180橘子","110/07/13","富邦-嘉義",12,1,11
"9898","6180橘子","110/07/13","中國信託-永康",6,21,-15
"9899","6180橘子","110/07/13","元大-板橋三民",11,0,11
"9900","6180橘子","110/07/13","凱基-東港",1,15,-14
"9901","2390云辰","110/07/13","新加坡商瑞銀",562,75,487
"9902","2390云辰","110/07/13","大展-台南",0,532,-532
"9903","2390云辰","110/07/13","台灣摩根士丹利",330,155,175
"9904","2390云辰","110/07/13","凱基-台北",668,854,-186
"9905","2390云辰","110/07/13","兆豐-公益",126,25,101
"9906","2390云辰","110/07/13","凱基-三重",12,172,-160
"9907","2390云辰","110/07/13","元富-中港",100,2,98
"9908","2390云辰","110/07/13","兆豐-忠孝",4,161,-157
"9909","2390云辰","110/07/13","統一-新台中",106,9,97
"9910","2390云辰","110/07/13","元大-士林",19,170,-151
"9911","2390云辰","110/07/13","中國信託-松江",81,11,70
"9912","2390云辰","110/07/13","臺銀-新竹",14,117,-103
"9913","2390云辰","110/07/13","日盛-板橋",72,3,69
"9914","2390云辰","110/07/13","國票-台中",4,102,-98
"9915","2390云辰","110/07/13","日盛-和美",57,0,57
"9916","2390云辰","110/07/13","新光",147,232,-85
"9917","2390云辰","110/07/13","永豐金-桃園",88,36,52
"9918","2390云辰","110/07/13","致和-崇德",2,70,-68
"9919","2390云辰","110/07/13","玉山-士林",54,4,50
"9920","2390云辰","110/07/13","群益金鼎-屏東",2,70,-68
"9921","2390云辰","110/07/13","富邦-仁愛",56,6,50
"9922","2390云辰","110/07/13","元大-大里",35,98,-63
"9923","2390云辰","110/07/13","第一金-豐原",50,1,49
"9924","2390云辰","110/07/13","元大-萬華",35,94,-59
"9925","2390云辰","110/07/13","摩根大通",502,453,49
"9926","2390云辰","110/07/13","元富-吉利",2,60,-58
"9927","2390云辰","110/07/13","凱基-松山",61,13,48
"9928","2390云辰","110/07/13","兆豐-新竹",3,53,-50
"9929","2390云辰","110/07/13","大昌",64,22,42
"9930","2390云辰","110/07/13","富邦-嘉義",65,108,-43
"9931","2363矽統","110/07/13","凱基-南崁",2133,63,2070
"9932","2363矽統","110/07/13","凱基-幸福",36,4048,-4012
"9933","2363矽統","110/07/13","國泰-敦南",2195,1617,578
"9934","2363矽統","110/07/13","統一",192,3325,-3133
"9935","2363矽統","110/07/13","中農",670,139,531
"9936","2363矽統","110/07/13","新加坡商瑞銀",1000,2747,-1747
"9937","2363矽統","110/07/13","康和-台中",638,154,484
"9938","2363矽統","110/07/13","凱基-台北",5359,6609,-1250
"9939","2363矽統","110/07/13","群益金鼎-三民",577,137,440
"9940","2363矽統","110/07/13","摩根大通",1930,2858,-928
"9941","2363矽統","110/07/13","台新-屏東",510,88,422
"9942","2363矽統","110/07/13","港商野村",960,1679,-719
"9943","2363矽統","110/07/13","德信-中正",455,67,388
"9944","2363矽統","110/07/13","兆豐-復興",25,705,-680
"9945","2363矽統","110/07/13","日盛-竹北",365,70,295
"9946","2363矽統","110/07/13","統一-仁愛",114,755,-641
"9947","2363矽統","110/07/13","元大-佳里",452,189,263
"9948","2363矽統","110/07/13","統一-敦南",29,638,-609
"9949","2363矽統","110/07/13","國票-博愛",296,38,258
"9950","2363矽統","110/07/13","統一-土城",100,704,-604
"9951","2363矽統","110/07/13","元大-萬華",340,95,245
"9952","2363矽統","110/07/13","統一-城中",116,676,-560
"9953","2363矽統","110/07/13","新光",1259,1031,228
"9954","2363矽統","110/07/13","永豐金證券",306,859,-553
"9955","2363矽統","110/07/13","元富-成功",323,96,227
"9956","2363矽統","110/07/13","元富",54,567,-513
"9957","2363矽統","110/07/13","豐農",228,23,205
"9958","2363矽統","110/07/13","瑞士信貸",202,666,-464
"9959","2363矽統","110/07/13","台灣企銀-岡山",186,4,182
"9960","2363矽統","110/07/13","永豐金-嘉義",67,468,-401
"9961","8112至上","110/07/13","摩根大通",688,296,392
"9962","8112至上","110/07/13","國票-中和",0,401,-401
"9963","8112至上","110/07/13","港商野村",344,145,199
"9964","8112至上","110/07/13","永豐金-板盛",0,205,-205
"9965","8112至上","110/07/13","兆豐-公益",195,5,190
"9966","8112至上","110/07/13","凱基-五股",43,155,-112
"9967","8112至上","110/07/13","台灣摩根士丹利",183,0,183
"9968","8112至上","110/07/13","凱基-市政",0,100,-100
"9969","8112至上","110/07/13","群益金鼎-敦南",153,2,151
"9970","8112至上","110/07/13","元大-大里德芳",1,92,-91
"9971","8112至上","110/07/13","臺銀-金山",146,26,120
"9972","8112至上","110/07/13","玉山-桃園",26,110,-84
"9973","8112至上","110/07/13","臺銀",133,19,114
"9974","8112至上","110/07/13","兆豐-天母",0,81,-81
"9975","8112至上","110/07/13","合庫-台中",115,6,109
"9976","8112至上","110/07/13","凱基-城中",3,84,-81
"9977","8112至上","110/07/13","亞東-板橋",134,26,108
"9978","8112至上","110/07/13","日盛-新莊",9,85,-76
"9979","8112至上","110/07/13","凱基-台北",414,326,88
"9980","8112至上","110/07/13","日盛-台中",2,64,-62
"9981","8112至上","110/07/13","新加坡商瑞銀",181,100,81
"9982","8112至上","110/07/13","日盛-中壢",3,64,-61
"9983","8112至上","110/07/13","國泰-敦南",108,31,77
"9984","8112至上","110/07/13","元大-台中",2,59,-57
"9985","8112至上","110/07/13","第一金-華江",77,4,73
"9986","8112至上","110/07/13","元大-雙和",7,64,-57
"9987","8112至上","110/07/13","永豐金-內湖",73,1,72
"9988","8112至上","110/07/13","元大-高雄",8,62,-54
"9989","8112至上","110/07/13","元大-永和",68,1,67
"9990","8112至上","110/07/13","元大-館前",2,55,-53
"9991","2929淘帝","110/07/13","玉山-新竹",130,0,130
"9992","2929淘帝","110/07/13","美商高盛",0,177,-177
"9993","2929淘帝","110/07/13","臺銀-民權",60,0,60
"9994","2929淘帝","110/07/13","凱基-台北",6,80,-74
"9995","2929淘帝","110/07/13","新百王",31,0,31
"9996","2929淘帝","110/07/13","元富-大裕",0,49,-49
"9997","2929淘帝","110/07/13","日盛-園區",30,0,30
"9998","2929淘帝","110/07/13","國泰-館前",3,51,-48
"9999","2929淘帝","110/07/13","元大-南投",31,1,30
"10000","2929淘帝","110/07/13","凱基-中壢",0,41,-41
"10001","2929淘帝","110/07/13","兆豐-忠孝",28,0,28
"10002","2929淘帝","110/07/13","港商野村",21,55,-34
"10003","2929淘帝","110/07/13","元大-民生",28,0,28
"10004","2929淘帝","110/07/13","華南永昌-南京",2,34,-32
"10005","2929淘帝","110/07/13","合庫-高雄",27,0,27
"10006","2929淘帝","110/07/13","群益金鼎-土城",0,30,-30
"10007","2929淘帝","110/07/13","凱基-豐中",27,0,27
"10008","2929淘帝","110/07/13","富邦-南屯",0,22,-22
"10009","2929淘帝","110/07/13","新光",21,4,17
"10010","2929淘帝","110/07/13","第一金-豐原",0,20,-20
"10011","2929淘帝","110/07/13","元大-天母",17,0,17
"10012","2929淘帝","110/07/13","元大-屏南",6,26,-20
"10013","2929淘帝","110/07/13","永興",14,0,14
"10014","2929淘帝","110/07/13","永豐金-敦南",1,21,-20
"10015","2929淘帝","110/07/13","富邦-台北",12,0,12
"10016","2929淘帝","110/07/13","凱基-三重",2,21,-19
"10017","2929淘帝","110/07/13","元大-永和",12,0,12
"10018","2929淘帝","110/07/13","富邦-仁愛",7,25,-18
"10019","2929淘帝","110/07/13","國票-天祥",11,0,11
"10020","2929淘帝","110/07/13","元大-北投",0,16,-16
"10021","2841台開","110/07/13","中國信託-高雄",251,50,201
"10022","2841台開","110/07/13","兆豐-公益",0,177,-177
"10023","2841台開","110/07/13","日盛證券",210,13,197
"10024","2841台開","110/07/13","日進",0,152,-152
"10025","2841台開","110/07/13","第一金-台中",55,0,55
"10026","2841台開","110/07/13","港商野村",0,109,-109
"10027","2841台開","110/07/13","國泰-板橋",46,0,46
"10028","2841台開","110/07/13","日盛-信義",0,103,-103
"10029","2841台開","110/07/13","國泰-館前",48,3,45
"10030","2841台開","110/07/13","國泰-敦南",11,75,-64
"10031","2841台開","110/07/13","華南永昌-新莊",45,0,45
"10032","2841台開","110/07/13","永興",0,50,-50
"10033","2841台開","110/07/13","日盛-園區",42,0,42
"10034","2841台開","110/07/13","永豐金-敦南",61,104,-43
"10035","2841台開","110/07/13","台新證券",32,0,32
"10036","2841台開","110/07/13","富邦-台南",0,42,-42
"10037","2841台開","110/07/13","台新-高雄",32,2,30
"10038","2841台開","110/07/13","國票-安和",0,30,-30
"10039","2841台開","110/07/13","豐農",23,0,23
"10040","2841台開","110/07/13","元大-桃園",0,25,-25
"10041","2841台開","110/07/13","合庫-嘉義",20,0,20
"10042","2841台開","110/07/13","新光",8,32,-24
"10043","2841台開","110/07/13","華南永昌-高雄",20,0,20
"10044","2841台開","110/07/13","元大-仁愛",0,24,-24
"10045","2841台開","110/07/13","元大-樹林",16,0,16
"10046","2841台開","110/07/13","日盛-中和",0,20,-20
"10047","2841台開","110/07/13","第一金-華江",15,2,13
"10048","2841台開","110/07/13","元富",0,20,-20
"10049","2841台開","110/07/13","美商高盛",12,0,12
"10050","2841台開","110/07/13","富邦-宜蘭",0,20,-20
"10051","6207雷科","110/07/13","元大-高雄",121,0,121
"10052","6207雷科","110/07/13","華南永昌-朴子",1,60,-59
"10053","6207雷科","110/07/13","第一金-新興",20,0,20
"10054","6207雷科","110/07/13","元大-南海",0,36,-36
"10055","6207雷科","110/07/13","元富-三重",20,0,20
"10056","6207雷科","110/07/13","凱基-土城",0,35,-35
"10057","6207雷科","110/07/13","元大-林園",15,0,15
"10058","6207雷科","110/07/13","台灣企銀",0,20,-20
"10059","6207雷科","110/07/13","元大-金華",16,1,15
"10060","6207雷科","110/07/13","群益金鼎-丹鳳",0,20,-20
"10061","6207雷科","110/07/13","日盛證券",10,0,10
"10062","6207雷科","110/07/13","元大-博愛",0,17,-17
"10063","6207雷科","110/07/13","統一-台中",10,0,10
"10064","6207雷科","110/07/13","元大-北港",0,13,-13
"10065","6207雷科","110/07/13","群益金鼎-土城",10,0,10
"10066","6207雷科","110/07/13","新加坡商瑞銀",0,12,-12
"10067","6207雷科","110/07/13","群益金鼎-桃園",10,0,10
"10068","6207雷科","110/07/13","凱基-台北",4,16,-12
"10069","6207雷科","110/07/13","永豐金-新莊",10,0,10
"10070","6207雷科","110/07/13","日茂-埔里",0,11,-11
"10071","6207雷科","110/07/13","永豐金-新店",10,0,10
"10072","6207雷科","110/07/13","元大-莒光",0,11,-11
"10073","6207雷科","110/07/13","元大證券",9,0,9
"10074","6207雷科","110/07/13","統一-新竹",0,10,-10
"10075","6207雷科","110/07/13","日盛-木柵",9,1,8
"10076","6207雷科","110/07/13","元大-西螺",0,10,-10
"10077","6207雷科","110/07/13","兆豐-來福",8,0,8
"10078","6207雷科","110/07/13","康和-台中",0,8,-8
"10079","6207雷科","110/07/13","新光",7,0,7
"10080","6207雷科","110/07/13","兆豐-高雄",0,6,-6
"10081","3679新至陞","110/07/13","永豐金證券",50,0,50
"10082","3679新至陞","110/07/13","摩根大通",2,25,-23
"10083","3679新至陞","110/07/13","國泰-桃園",22,0,22
"10084","3679新至陞","110/07/13","元大-成功",0,22,-22
"10085","3679新至陞","110/07/13","台中銀-員林",11,0,11
"10086","3679新至陞","110/07/13","富邦-板橋",1,19,-18
"10087","3679新至陞","110/07/13","元大-文心興安",8,0,8
"10088","3679新至陞","110/07/13","日盛-新莊",0,10,-10
"10089","3679新至陞","110/07/13","美商高盛",6,0,6
"10090","3679新至陞","110/07/13","台新-台中",0,10,-10
"10091","3679新至陞","110/07/13","台新-高雄",6,0,6
"10092","3679新至陞","110/07/13","永豐金-新竹",0,8,-8
"10093","3679新至陞","110/07/13","凱基-台北",18,12,6
"10094","3679新至陞","110/07/13","瑞士信貸",12,19,-7
"10095","3679新至陞","110/07/13","日盛-復興",5,0,5
"10096","3679新至陞","110/07/13","統一-南京",0,7,-7
"10097","3679新至陞","110/07/13","(牛牛牛)亞-鑫豐",4,0,4
"10098","3679新至陞","110/07/13","凱基-新莊",0,7,-7
"10099","3679新至陞","110/07/13","元富-大昌",3,0,3
"10100","3679新至陞","110/07/13","新加坡商瑞銀",0,6,-6
"10101","3679新至陞","110/07/13","富邦-台北",3,0,3
"10102","3679新至陞","110/07/13","合庫-自強",0,5,-5
"10103","3679新至陞","110/07/13","日盛-樹林",2,0,2
"10104","3679新至陞","110/07/13","富邦-桃園",0,5,-5
"10105","3679新至陞","110/07/13","宏遠-光隆",2,0,2
"10106","3679新至陞","110/07/13","永豐金-潮州",0,4,-4
"10107","3679新至陞","110/07/13","美林",3,1,2
"10108","3679新至陞","110/07/13","臺銀-臺南",0,3,-3
"10109","3679新至陞","110/07/13","第一金-中壢",2,0,2
"10110","3679新至陞","110/07/13","元大-六合",0,3,-3
"10111","2727王品","110/07/13","富邦-台北",43,3,40
"10112","2727王品","110/07/13","台灣摩根士丹利",15,97,-82
"10113","2727王品","110/07/13","元大-基隆孝二",40,0,40
"10114","2727王品","110/07/13","玉山-台南",5,57,-52
"10115","2727王品","110/07/13","國票-新莊",40,1,39
"10116","2727王品","110/07/13","新加坡商瑞銀",0,48,-48
"10117","2727王品","110/07/13","第一金-豐原",66,42,24
"10118","2727王品","110/07/13","凱基-台北",41,77,-36
"10119","2727王品","110/07/13","永豐金-大園",34,10,24
"10120","2727王品","110/07/13","永豐金-永康",0,22,-22
"10121","2727王品","110/07/13","元大-北屯",22,0,22
"10122","2727王品","110/07/13","統一-台中",2,22,-20
"10123","2727王品","110/07/13","元大-東蘆",26,7,19
"10124","2727王品","110/07/13","國泰-台中",21,39,-18
"10125","2727王品","110/07/13","永豐金-萬盛",13,1,12
"10126","2727王品","110/07/13","合庫-彰化",3,20,-17
"10127","2727王品","110/07/13","日盛-嘉義",11,0,11
"10128","2727王品","110/07/13","港商野村",13,30,-17
"10129","2727王品","110/07/13","日盛-八德",11,0,11
"10130","2727王品","110/07/13","元大-楊梅",1,16,-15
"10131","2727王品","110/07/13","統一-竹南",11,0,11
"10132","2727王品","110/07/13","凱基-高美館",2,15,-13
"10133","2727王品","110/07/13","日盛-士林",12,2,10
"10134","2727王品","110/07/13","美商高盛",2,14,-12
"10135","2727王品","110/07/13","統一-敦南",10,0,10
"10136","2727王品","110/07/13","統一-平鎮",1,13,-12
"10137","2727王品","110/07/13","中國信託",15,5,10
"10138","2727王品","110/07/13","兆豐-台中港",4,16,-12
"10139","2727王品","110/07/13","兆豐-竹北",13,3,10
"10140","2727王品","110/07/13","凱基-八德",1,13,-12
"10141","1570力肯","110/07/13","新光",115,11,104
"10142","1570力肯","110/07/13","元大-北三重",0,162,-162
"10143","1570力肯","110/07/13","群益金鼎-高雄",54,0,54
"10144","1570力肯","110/07/13","元大-大灣",0,25,-25
"10145","1570力肯","110/07/13","國票-新莊",22,0,22
"10146","1570力肯","110/07/13","永豐金-苓雅",0,22,-22
"10147","1570力肯","110/07/13","日盛-桃園",12,0,12
"10148","1570力肯","110/07/13","永豐金-永康",0,19,-19
"10149","1570力肯","110/07/13","元大-高雄",12,0,12
"10150","1570力肯","110/07/13","富邦-員林",0,15,-15
"10151","1570力肯","110/07/13","合庫-自強",11,0,11
"10152","1570力肯","110/07/13","凱基-台南",0,11,-11
"10153","1570力肯","110/07/13","摩根大通",26,15,11
"10154","1570力肯","110/07/13","日盛-竹北",0,10,-10
"10155","1570力肯","110/07/13","永豐金-中盛",11,0,11
"10156","1570力肯","110/07/13","國票-九鼎",0,10,-10
"10157","1570力肯","110/07/13","兆豐-台中港",10,0,10
"10158","1570力肯","110/07/13","凱基-桃園",0,10,-10
"10159","1570力肯","110/07/13","國泰-松江",9,0,9
"10160","1570力肯","110/07/13","凱基-新豐",0,10,-10
"10161","1570力肯","110/07/13","元大-新盛",9,0,9
"10162","1570力肯","110/07/13","元大-學甲",0,10,-10
"10163","1570力肯","110/07/13","元富-緯城",6,0,6
"10164","1570力肯","110/07/13","群益金鼎-東湖",1,10,-9
"10165","1570力肯","110/07/13","統一-三重",5,0,5
"10166","1570力肯","110/07/13","大昌",0,6,-6
"10167","1570力肯","110/07/13","元大-前金",5,0,5
"10168","1570力肯","110/07/13","元大-土城學府",0,6,-6
"10169","1570力肯","110/07/13","永豐金證券",5,0,5
"10170","1570力肯","110/07/13","統一",0,5,-5
"10171","6180橘子","110/07/13","摩根大通",119,0,119
"10172","6180橘子","110/07/13","元大-崇德",2,61,-59
"10173","6180橘子","110/07/13","美商高盛",96,0,96
"10174","6180橘子","110/07/13","康和-台中",0,51,-51
"10175","6180橘子","110/07/13","新加坡商瑞銀",86,7,79
"10176","6180橘子","110/07/13","康和-台北",0,50,-50
"10177","6180橘子","110/07/13","元大-和平",40,0,40
"10178","6180橘子","110/07/13","元富-潮州",0,40,-40
"10179","6180橘子","110/07/13","凱基-台北",83,47,36
"10180","6180橘子","110/07/13","日盛-永康",0,26,-26
"10181","6180橘子","110/07/13","美林",39,5,34
"10182","6180橘子","110/07/13","永豐金-中正",0,24,-24
"10183","6180橘子","110/07/13","富邦-新竹華信",31,2,29
"10184","6180橘子","110/07/13","國泰-板橋",2,25,-23
"10185","6180橘子","110/07/13","統一-南京",21,0,21
"10186","6180橘子","110/07/13","日盛-大墩",0,20,-20
"10187","6180橘子","110/07/13","富邦-陽明",24,3,21
"10188","6180橘子","110/07/13","元大-草屯",13,32,-19
"10189","6180橘子","110/07/13","大昌-樹林",21,1,20
"10190","6180橘子","110/07/13","元富-林園",1,18,-17
"10191","6180橘子","110/07/13","花旗環球",19,0,19
"10192","6180橘子","110/07/13","新光-新竹",1,18,-17
"10193","6180橘子","110/07/13","華南永昌-台南",19,0,19
"10194","6180橘子","110/07/13","元大-土城永寧",0,17,-17
"10195","6180橘子","110/07/13","福勝",14,0,14
"10196","6180橘子","110/07/13","國泰-新莊",3,19,-16
"10197","6180橘子","110/07/13","富邦-嘉義",12,1,11
"10198","6180橘子","110/07/13","中國信託-永康",6,21,-15
"10199","6180橘子","110/07/13","元大-板橋三民",11,0,11
"10200","6180橘子","110/07/13","凱基-東港",1,15,-14
"10201","2390云辰","110/07/13","新加坡商瑞銀",562,75,487
"10202","2390云辰","110/07/13","大展-台南",0,532,-532
"10203","2390云辰","110/07/13","台灣摩根士丹利",330,155,175
"10204","2390云辰","110/07/13","凱基-台北",668,854,-186
"10205","2390云辰","110/07/13","兆豐-公益",126,25,101
"10206","2390云辰","110/07/13","凱基-三重",12,172,-160
"10207","2390云辰","110/07/13","元富-中港",100,2,98
"10208","2390云辰","110/07/13","兆豐-忠孝",4,161,-157
"10209","2390云辰","110/07/13","統一-新台中",106,9,97
"10210","2390云辰","110/07/13","元大-士林",19,170,-151
"10211","2390云辰","110/07/13","中國信託-松江",81,11,70
"10212","2390云辰","110/07/13","臺銀-新竹",14,117,-103
"10213","2390云辰","110/07/13","日盛-板橋",72,3,69
"10214","2390云辰","110/07/13","國票-台中",4,102,-98
"10215","2390云辰","110/07/13","日盛-和美",57,0,57
"10216","2390云辰","110/07/13","新光",147,232,-85
"10217","2390云辰","110/07/13","永豐金-桃園",88,36,52
"10218","2390云辰","110/07/13","致和-崇德",2,70,-68
"10219","2390云辰","110/07/13","玉山-士林",54,4,50
"10220","2390云辰","110/07/13","群益金鼎-屏東",2,70,-68
"10221","2390云辰","110/07/13","富邦-仁愛",56,6,50
"10222","2390云辰","110/07/13","元大-大里",35,98,-63
"10223","2390云辰","110/07/13","第一金-豐原",50,1,49
"10224","2390云辰","110/07/13","元大-萬華",35,94,-59
"10225","2390云辰","110/07/13","摩根大通",502,453,49
"10226","2390云辰","110/07/13","元富-吉利",2,60,-58
"10227","2390云辰","110/07/13","凱基-松山",61,13,48
"10228","2390云辰","110/07/13","兆豐-新竹",3,53,-50
"10229","2390云辰","110/07/13","大昌",64,22,42
"10230","2390云辰","110/07/13","富邦-嘉義",65,108,-43
"10231","2363矽統","110/07/13","凱基-南崁",2133,63,2070
"10232","2363矽統","110/07/13","凱基-幸福",36,4048,-4012
"10233","2363矽統","110/07/13","國泰-敦南",2195,1617,578
"10234","2363矽統","110/07/13","統一",192,3325,-3133
"10235","2363矽統","110/07/13","中農",670,139,531
"10236","2363矽統","110/07/13","新加坡商瑞銀",1000,2747,-1747
"10237","2363矽統","110/07/13","康和-台中",638,154,484
"10238","2363矽統","110/07/13","凱基-台北",5359,6609,-1250
"10239","2363矽統","110/07/13","群益金鼎-三民",577,137,440
"10240","2363矽統","110/07/13","摩根大通",1930,2858,-928
"10241","2363矽統","110/07/13","台新-屏東",510,88,422
"10242","2363矽統","110/07/13","港商野村",960,1679,-719
"10243","2363矽統","110/07/13","德信-中正",455,67,388
"10244","2363矽統","110/07/13","兆豐-復興",25,705,-680
"10245","2363矽統","110/07/13","日盛-竹北",365,70,295
"10246","2363矽統","110/07/13","統一-仁愛",114,755,-641
"10247","2363矽統","110/07/13","元大-佳里",452,189,263
"10248","2363矽統","110/07/13","統一-敦南",29,638,-609
"10249","2363矽統","110/07/13","國票-博愛",296,38,258
"10250","2363矽統","110/07/13","統一-土城",100,704,-604
"10251","2363矽統","110/07/13","元大-萬華",340,95,245
"10252","2363矽統","110/07/13","統一-城中",116,676,-560
"10253","2363矽統","110/07/13","新光",1259,1031,228
"10254","2363矽統","110/07/13","永豐金證券",306,859,-553
"10255","2363矽統","110/07/13","元富-成功",323,96,227
"10256","2363矽統","110/07/13","元富",54,567,-513
"10257","2363矽統","110/07/13","豐農",228,23,205
"10258","2363矽統","110/07/13","瑞士信貸",202,666,-464
"10259","2363矽統","110/07/13","台灣企銀-岡山",186,4,182
"10260","2363矽統","110/07/13","永豐金-嘉義",67,468,-401
"10261","8112至上","110/07/13","摩根大通",688,296,392
"10262","8112至上","110/07/13","國票-中和",0,401,-401
"10263","8112至上","110/07/13","港商野村",344,145,199
"10264","8112至上","110/07/13","永豐金-板盛",0,205,-205
"10265","8112至上","110/07/13","兆豐-公益",195,5,190
"10266","8112至上","110/07/13","凱基-五股",43,155,-112
"10267","8112至上","110/07/13","台灣摩根士丹利",183,0,183
"10268","8112至上","110/07/13","凱基-市政",0,100,-100
"10269","8112至上","110/07/13","群益金鼎-敦南",153,2,151
"10270","8112至上","110/07/13","元大-大里德芳",1,92,-91
"10271","8112至上","110/07/13","臺銀-金山",146,26,120
"10272","8112至上","110/07/13","玉山-桃園",26,110,-84
"10273","8112至上","110/07/13","臺銀",133,19,114
"10274","8112至上","110/07/13","兆豐-天母",0,81,-81
"10275","8112至上","110/07/13","合庫-台中",115,6,109
"10276","8112至上","110/07/13","凱基-城中",3,84,-81
"10277","8112至上","110/07/13","亞東-板橋",134,26,108
"10278","8112至上","110/07/13","日盛-新莊",9,85,-76
"10279","8112至上","110/07/13","凱基-台北",414,326,88
"10280","8112至上","110/07/13","日盛-台中",2,64,-62
"10281","8112至上","110/07/13","新加坡商瑞銀",181,100,81
"10282","8112至上","110/07/13","日盛-中壢",3,64,-61
"10283","8112至上","110/07/13","國泰-敦南",108,31,77
"10284","8112至上","110/07/13","元大-台中",2,59,-57
"10285","8112至上","110/07/13","第一金-華江",77,4,73
"10286","8112至上","110/07/13","元大-雙和",7,64,-57
"10287","8112至上","110/07/13","永豐金-內湖",73,1,72
"10288","8112至上","110/07/13","元大-高雄",8,62,-54
"10289","8112至上","110/07/13","元大-永和",68,1,67
"10290","8112至上","110/07/13","元大-館前",2,55,-53
"10291","2929淘帝","110/07/13","玉山-新竹",130,0,130
"10292","2929淘帝","110/07/13","美商高盛",0,177,-177
"10293","2929淘帝","110/07/13","臺銀-民權",60,0,60
"10294","2929淘帝","110/07/13","凱基-台北",6,80,-74
"10295","2929淘帝","110/07/13","新百王",31,0,31
"10296","2929淘帝","110/07/13","元富-大裕",0,49,-49
"10297","2929淘帝","110/07/13","日盛-園區",30,0,30
"10298","2929淘帝","110/07/13","國泰-館前",3,51,-48
"10299","2929淘帝","110/07/13","元大-南投",31,1,30
"10300","2929淘帝","110/07/13","凱基-中壢",0,41,-41
"10301","2929淘帝","110/07/13","兆豐-忠孝",28,0,28
"10302","2929淘帝","110/07/13","港商野村",21,55,-34
"10303","2929淘帝","110/07/13","元大-民生",28,0,28
"10304","2929淘帝","110/07/13","華南永昌-南京",2,34,-32
"10305","2929淘帝","110/07/13","合庫-高雄",27,0,27
"10306","2929淘帝","110/07/13","群益金鼎-土城",0,30,-30
"10307","2929淘帝","110/07/13","凱基-豐中",27,0,27
"10308","2929淘帝","110/07/13","富邦-南屯",0,22,-22
"10309","2929淘帝","110/07/13","新光",21,4,17
"10310","2929淘帝","110/07/13","第一金-豐原",0,20,-20
"10311","2929淘帝","110/07/13","元大-天母",17,0,17
"10312","2929淘帝","110/07/13","元大-屏南",6,26,-20
"10313","2929淘帝","110/07/13","永興",14,0,14
"10314","2929淘帝","110/07/13","永豐金-敦南",1,21,-20
"10315","2929淘帝","110/07/13","富邦-台北",12,0,12
"10316","2929淘帝","110/07/13","凱基-三重",2,21,-19
"10317","2929淘帝","110/07/13","元大-永和",12,0,12
"10318","2929淘帝","110/07/13","富邦-仁愛",7,25,-18
"10319","2929淘帝","110/07/13","國票-天祥",11,0,11
"10320","2929淘帝","110/07/13","元大-北投",0,16,-16
"10321","5410國眾","110/07/13","兆豐-城中",274,0,274
"10322","5410國眾","110/07/13","元富-嘉義",0,103,-103
"10323","5410國眾","110/07/13","新光",50,4,46
"10324","5410國眾","110/07/13","凱基-台北",0,50,-50
"10325","5410國眾","110/07/13","國泰-台中",26,0,26
"10326","5410國眾","110/07/13","瑞士信貸",0,31,-31
"10327","5410國眾","110/07/13","新加坡商瑞銀",22,0,22
"10328","5410國眾","110/07/13","台新-新莊",0,27,-27
"10329","5410國眾","110/07/13","光和-嘉義",20,0,20
"10330","5410國眾","110/07/13","元大-汐止",0,20,-20
"10331","5410國眾","110/07/13","凱基-竹北",17,0,17
"10332","5410國眾","110/07/13","亞東-新竹",0,17,-17
"10333","5410國眾","110/07/13","新光-桃園",15,0,15
"10334","5410國眾","110/07/13","元大-南勢角",0,13,-13
"10335","5410國眾","110/07/13","凱基-台東",14,0,14
"10336","5410國眾","110/07/13","台新-台南",0,12,-12
"10337","5410國眾","110/07/13","富邦-竹北",11,0,11
"10338","5410國眾","110/07/13","中國信託",0,11,-11
"10339","5410國眾","110/07/13","元富-同大",10,0,10
"10340","5410國眾","110/07/13","華南永昌",0,11,-11
"10341","5410國眾","110/07/13","國泰-敦南",24,15,9
"10342","5410國眾","110/07/13","臺銀-臺南",0,10,-10
"10343","5410國眾","110/07/13","日盛-內湖",7,0,7
"10344","5410國眾","110/07/13","台灣企銀-民雄",0,10,-10
"10345","5410國眾","110/07/13","台新-左楠",7,0,7
"10346","5410國眾","110/07/13","高橋",0,10,-10
"10347","5410國眾","110/07/13","元大-新盛",18,12,6
"10348","5410國眾","110/07/13","康和-嘉義",0,10,-10
"10349","5410國眾","110/07/13","統一",5,0,5
"10350","5410國眾","110/07/13","凱基-基隆",0,10,-10
"10351","2841台開","110/07/13","中國信託-高雄",251,50,201
"10352","2841台開","110/07/13","兆豐-公益",0,177,-177
"10353","2841台開","110/07/13","日盛證券",210,13,197
"10354","2841台開","110/07/13","日進",0,152,-152
"10355","2841台開","110/07/13","第一金-台中",55,0,55
"10356","2841台開","110/07/13","港商野村",0,109,-109
"10357","2841台開","110/07/13","國泰-板橋",46,0,46
"10358","2841台開","110/07/13","日盛-信義",0,103,-103
"10359","2841台開","110/07/13","國泰-館前",48,3,45
"10360","2841台開","110/07/13","國泰-敦南",11,75,-64
"10361","2841台開","110/07/13","華南永昌-新莊",45,0,45
"10362","2841台開","110/07/13","永興",0,50,-50
"10363","2841台開","110/07/13","日盛-園區",42,0,42
"10364","2841台開","110/07/13","永豐金-敦南",61,104,-43
"10365","2841台開","110/07/13","台新證券",32,0,32
"10366","2841台開","110/07/13","富邦-台南",0,42,-42
"10367","2841台開","110/07/13","台新-高雄",32,2,30
"10368","2841台開","110/07/13","國票-安和",0,30,-30
"10369","2841台開","110/07/13","豐農",23,0,23
"10370","2841台開","110/07/13","元大-桃園",0,25,-25
"10371","2841台開","110/07/13","合庫-嘉義",20,0,20
"10372","2841台開","110/07/13","新光",8,32,-24
"10373","2841台開","110/07/13","華南永昌-高雄",20,0,20
"10374","2841台開","110/07/13","元大-仁愛",0,24,-24
"10375","2841台開","110/07/13","元大-樹林",16,0,16
"10376","2841台開","110/07/13","日盛-中和",0,20,-20
"10377","2841台開","110/07/13","第一金-華江",15,2,13
"10378","2841台開","110/07/13","元富",0,20,-20
"10379","2841台開","110/07/13","美商高盛",12,0,12
"10380","2841台開","110/07/13","富邦-宜蘭",0,20,-20
"10381","6207雷科","110/07/13","元大-高雄",121,0,121
"10382","6207雷科","110/07/13","華南永昌-朴子",1,60,-59
"10383","6207雷科","110/07/13","第一金-新興",20,0,20
"10384","6207雷科","110/07/13","元大-南海",0,36,-36
"10385","6207雷科","110/07/13","元富-三重",20,0,20
"10386","6207雷科","110/07/13","凱基-土城",0,35,-35
"10387","6207雷科","110/07/13","元大-林園",15,0,15
"10388","6207雷科","110/07/13","台灣企銀",0,20,-20
"10389","6207雷科","110/07/13","元大-金華",16,1,15
"10390","6207雷科","110/07/13","群益金鼎-丹鳳",0,20,-20
"10391","6207雷科","110/07/13","日盛證券",10,0,10
"10392","6207雷科","110/07/13","元大-博愛",0,17,-17
"10393","6207雷科","110/07/13","統一-台中",10,0,10
"10394","6207雷科","110/07/13","元大-北港",0,13,-13
"10395","6207雷科","110/07/13","群益金鼎-土城",10,0,10
"10396","6207雷科","110/07/13","新加坡商瑞銀",0,12,-12
"10397","6207雷科","110/07/13","群益金鼎-桃園",10,0,10
"10398","6207雷科","110/07/13","凱基-台北",4,16,-12
"10399","6207雷科","110/07/13","永豐金-新莊",10,0,10
"10400","6207雷科","110/07/13","日茂-埔里",0,11,-11
"10401","6207雷科","110/07/13","永豐金-新店",10,0,10
"10402","6207雷科","110/07/13","元大-莒光",0,11,-11
"10403","6207雷科","110/07/13","元大證券",9,0,9
"10404","6207雷科","110/07/13","統一-新竹",0,10,-10
"10405","6207雷科","110/07/13","日盛-木柵",9,1,8
"10406","6207雷科","110/07/13","元大-西螺",0,10,-10
"10407","6207雷科","110/07/13","兆豐-來福",8,0,8
"10408","6207雷科","110/07/13","康和-台中",0,8,-8
"10409","6207雷科","110/07/13","新光",7,0,7
"10410","6207雷科","110/07/13","兆豐-高雄",0,6,-6
"10411","3679新至陞","110/07/13","永豐金證券",50,0,50
"10412","3679新至陞","110/07/13","摩根大通",2,25,-23
"10413","3679新至陞","110/07/13","國泰-桃園",22,0,22
"10414","3679新至陞","110/07/13","元大-成功",0,22,-22
"10415","3679新至陞","110/07/13","台中銀-員林",11,0,11
"10416","3679新至陞","110/07/13","富邦-板橋",1,19,-18
"10417","3679新至陞","110/07/13","元大-文心興安",8,0,8
"10418","3679新至陞","110/07/13","日盛-新莊",0,10,-10
"10419","3679新至陞","110/07/13","美商高盛",6,0,6
"10420","3679新至陞","110/07/13","台新-台中",0,10,-10
"10421","3679新至陞","110/07/13","台新-高雄",6,0,6
"10422","3679新至陞","110/07/13","永豐金-新竹",0,8,-8
"10423","3679新至陞","110/07/13","凱基-台北",18,12,6
"10424","3679新至陞","110/07/13","瑞士信貸",12,19,-7
"10425","3679新至陞","110/07/13","日盛-復興",5,0,5
"10426","3679新至陞","110/07/13","統一-南京",0,7,-7
"10427","3679新至陞","110/07/13","(牛牛牛)亞-鑫豐",4,0,4
"10428","3679新至陞","110/07/13","凱基-新莊",0,7,-7
"10429","3679新至陞","110/07/13","元富-大昌",3,0,3
"10430","3679新至陞","110/07/13","新加坡商瑞銀",0,6,-6
"10431","3679新至陞","110/07/13","富邦-台北",3,0,3
"10432","3679新至陞","110/07/13","合庫-自強",0,5,-5
"10433","3679新至陞","110/07/13","日盛-樹林",2,0,2
"10434","3679新至陞","110/07/13","富邦-桃園",0,5,-5
"10435","3679新至陞","110/07/13","宏遠-光隆",2,0,2
"10436","3679新至陞","110/07/13","永豐金-潮州",0,4,-4
"10437","3679新至陞","110/07/13","美林",3,1,2
"10438","3679新至陞","110/07/13","臺銀-臺南",0,3,-3
"10439","3679新至陞","110/07/13","第一金-中壢",2,0,2
"10440","3679新至陞","110/07/13","元大-六合",0,3,-3
"10441","2727王品","110/07/13","富邦-台北",43,3,40
"10442","2727王品","110/07/13","台灣摩根士丹利",15,97,-82
"10443","2727王品","110/07/13","元大-基隆孝二",40,0,40
"10444","2727王品","110/07/13","玉山-台南",5,57,-52
"10445","2727王品","110/07/13","國票-新莊",40,1,39
"10446","2727王品","110/07/13","新加坡商瑞銀",0,48,-48
"10447","2727王品","110/07/13","第一金-豐原",66,42,24
"10448","2727王品","110/07/13","凱基-台北",41,77,-36
"10449","2727王品","110/07/13","永豐金-大園",34,10,24
"10450","2727王品","110/07/13","永豐金-永康",0,22,-22
"10451","2727王品","110/07/13","元大-北屯",22,0,22
"10452","2727王品","110/07/13","統一-台中",2,22,-20
"10453","2727王品","110/07/13","元大-東蘆",26,7,19
"10454","2727王品","110/07/13","國泰-台中",21,39,-18
"10455","2727王品","110/07/13","永豐金-萬盛",13,1,12
"10456","2727王品","110/07/13","合庫-彰化",3,20,-17
"10457","2727王品","110/07/13","日盛-嘉義",11,0,11
"10458","2727王品","110/07/13","港商野村",13,30,-17
"10459","2727王品","110/07/13","日盛-八德",11,0,11
"10460","2727王品","110/07/13","元大-楊梅",1,16,-15
"10461","2727王品","110/07/13","統一-竹南",11,0,11
"10462","2727王品","110/07/13","凱基-高美館",2,15,-13
"10463","2727王品","110/07/13","日盛-士林",12,2,10
"10464","2727王品","110/07/13","美商高盛",2,14,-12
"10465","2727王品","110/07/13","統一-敦南",10,0,10
"10466","2727王品","110/07/13","統一-平鎮",1,13,-12
"10467","2727王品","110/07/13","中國信託",15,5,10
"10468","2727王品","110/07/13","兆豐-台中港",4,16,-12
"10469","2727王品","110/07/13","兆豐-竹北",13,3,10
"10470","2727王品","110/07/13","凱基-八德",1,13,-12
"10471","1570力肯","110/07/13","新光",115,11,104
"10472","1570力肯","110/07/13","元大-北三重",0,162,-162
"10473","1570力肯","110/07/13","群益金鼎-高雄",54,0,54
"10474","1570力肯","110/07/13","元大-大灣",0,25,-25
"10475","1570力肯","110/07/13","國票-新莊",22,0,22
"10476","1570力肯","110/07/13","永豐金-苓雅",0,22,-22
"10477","1570力肯","110/07/13","日盛-桃園",12,0,12
"10478","1570力肯","110/07/13","永豐金-永康",0,19,-19
"10479","1570力肯","110/07/13","元大-高雄",12,0,12
"10480","1570力肯","110/07/13","富邦-員林",0,15,-15
"10481","1570力肯","110/07/13","合庫-自強",11,0,11
"10482","1570力肯","110/07/13","凱基-台南",0,11,-11
"10483","1570力肯","110/07/13","摩根大通",26,15,11
"10484","1570力肯","110/07/13","日盛-竹北",0,10,-10
"10485","1570力肯","110/07/13","永豐金-中盛",11,0,11
"10486","1570力肯","110/07/13","國票-九鼎",0,10,-10
"10487","1570力肯","110/07/13","兆豐-台中港",10,0,10
"10488","1570力肯","110/07/13","凱基-桃園",0,10,-10
"10489","1570力肯","110/07/13","國泰-松江",9,0,9
"10490","1570力肯","110/07/13","凱基-新豐",0,10,-10
"10491","1570力肯","110/07/13","元大-新盛",9,0,9
"10492","1570力肯","110/07/13","元大-學甲",0,10,-10
"10493","1570力肯","110/07/13","元富-緯城",6,0,6
"10494","1570力肯","110/07/13","群益金鼎-東湖",1,10,-9
"10495","1570力肯","110/07/13","統一-三重",5,0,5
"10496","1570力肯","110/07/13","大昌",0,6,-6
"10497","1570力肯","110/07/13","元大-前金",5,0,5
"10498","1570力肯","110/07/13","元大-土城學府",0,6,-6
"10499","1570力肯","110/07/13","永豐金證券",5,0,5
"10500","1570力肯","110/07/13","統一",0,5,-5
"10501","6180橘子","110/07/13","摩根大通",119,0,119
"10502","6180橘子","110/07/13","元大-崇德",2,61,-59
"10503","6180橘子","110/07/13","美商高盛",96,0,96
"10504","6180橘子","110/07/13","康和-台中",0,51,-51
"10505","6180橘子","110/07/13","新加坡商瑞銀",86,7,79
"10506","6180橘子","110/07/13","康和-台北",0,50,-50
"10507","6180橘子","110/07/13","元大-和平",40,0,40
"10508","6180橘子","110/07/13","元富-潮州",0,40,-40
"10509","6180橘子","110/07/13","凱基-台北",83,47,36
"10510","6180橘子","110/07/13","日盛-永康",0,26,-26
"10511","6180橘子","110/07/13","美林",39,5,34
"10512","6180橘子","110/07/13","永豐金-中正",0,24,-24
"10513","6180橘子","110/07/13","富邦-新竹華信",31,2,29
"10514","6180橘子","110/07/13","國泰-板橋",2,25,-23
"10515","6180橘子","110/07/13","統一-南京",21,0,21
"10516","6180橘子","110/07/13","日盛-大墩",0,20,-20
"10517","6180橘子","110/07/13","富邦-陽明",24,3,21
"10518","6180橘子","110/07/13","元大-草屯",13,32,-19
"10519","6180橘子","110/07/13","大昌-樹林",21,1,20
"10520","6180橘子","110/07/13","元富-林園",1,18,-17
"10521","6180橘子","110/07/13","花旗環球",19,0,19
"10522","6180橘子","110/07/13","新光-新竹",1,18,-17
"10523","6180橘子","110/07/13","華南永昌-台南",19,0,19
"10524","6180橘子","110/07/13","元大-土城永寧",0,17,-17
"10525","6180橘子","110/07/13","福勝",14,0,14
"10526","6180橘子","110/07/13","國泰-新莊",3,19,-16
"10527","6180橘子","110/07/13","富邦-嘉義",12,1,11
"10528","6180橘子","110/07/13","中國信託-永康",6,21,-15
"10529","6180橘子","110/07/13","元大-板橋三民",11,0,11
"10530","6180橘子","110/07/13","凱基-東港",1,15,-14
"10531","2390云辰","110/07/13","新加坡商瑞銀",562,75,487
"10532","2390云辰","110/07/13","大展-台南",0,532,-532
"10533","2390云辰","110/07/13","台灣摩根士丹利",330,155,175
"10534","2390云辰","110/07/13","凱基-台北",668,854,-186
"10535","2390云辰","110/07/13","兆豐-公益",126,25,101
"10536","2390云辰","110/07/13","凱基-三重",12,172,-160
"10537","2390云辰","110/07/13","元富-中港",100,2,98
"10538","2390云辰","110/07/13","兆豐-忠孝",4,161,-157
"10539","2390云辰","110/07/13","統一-新台中",106,9,97
"10540","2390云辰","110/07/13","元大-士林",19,170,-151
"10541","2390云辰","110/07/13","中國信託-松江",81,11,70
"10542","2390云辰","110/07/13","臺銀-新竹",14,117,-103
"10543","2390云辰","110/07/13","日盛-板橋",72,3,69
"10544","2390云辰","110/07/13","國票-台中",4,102,-98
"10545","2390云辰","110/07/13","日盛-和美",57,0,57
"10546","2390云辰","110/07/13","新光",147,232,-85
"10547","2390云辰","110/07/13","永豐金-桃園",88,36,52
"10548","2390云辰","110/07/13","致和-崇德",2,70,-68
"10549","2390云辰","110/07/13","玉山-士林",54,4,50
"10550","2390云辰","110/07/13","群益金鼎-屏東",2,70,-68
"10551","2390云辰","110/07/13","富邦-仁愛",56,6,50
"10552","2390云辰","110/07/13","元大-大里",35,98,-63
"10553","2390云辰","110/07/13","第一金-豐原",50,1,49
"10554","2390云辰","110/07/13","元大-萬華",35,94,-59
"10555","2390云辰","110/07/13","摩根大通",502,453,49
"10556","2390云辰","110/07/13","元富-吉利",2,60,-58
"10557","2390云辰","110/07/13","凱基-松山",61,13,48
"10558","2390云辰","110/07/13","兆豐-新竹",3,53,-50
"10559","2390云辰","110/07/13","大昌",64,22,42
"10560","2390云辰","110/07/13","富邦-嘉義",65,108,-43
"10561","2363矽統","110/07/13","凱基-南崁",2133,63,2070
"10562","2363矽統","110/07/13","凱基-幸福",36,4048,-4012
"10563","2363矽統","110/07/13","國泰-敦南",2195,1617,578
"10564","2363矽統","110/07/13","統一",192,3325,-3133
"10565","2363矽統","110/07/13","中農",670,139,531
"10566","2363矽統","110/07/13","新加坡商瑞銀",1000,2747,-1747
"10567","2363矽統","110/07/13","康和-台中",638,154,484
"10568","2363矽統","110/07/13","凱基-台北",5359,6609,-1250
"10569","2363矽統","110/07/13","群益金鼎-三民",577,137,440
"10570","2363矽統","110/07/13","摩根大通",1930,2858,-928
"10571","2363矽統","110/07/13","台新-屏東",510,88,422
"10572","2363矽統","110/07/13","港商野村",960,1679,-719
"10573","2363矽統","110/07/13","德信-中正",455,67,388
"10574","2363矽統","110/07/13","兆豐-復興",25,705,-680
"10575","2363矽統","110/07/13","日盛-竹北",365,70,295
"10576","2363矽統","110/07/13","統一-仁愛",114,755,-641
"10577","2363矽統","110/07/13","元大-佳里",452,189,263
"10578","2363矽統","110/07/13","統一-敦南",29,638,-609
"10579","2363矽統","110/07/13","國票-博愛",296,38,258
"10580","2363矽統","110/07/13","統一-土城",100,704,-604
"10581","2363矽統","110/07/13","元大-萬華",340,95,245
"10582","2363矽統","110/07/13","統一-城中",116,676,-560
"10583","2363矽統","110/07/13","新光",1259,1031,228
"10584","2363矽統","110/07/13","永豐金證券",306,859,-553
"10585","2363矽統","110/07/13","元富-成功",323,96,227
"10586","2363矽統","110/07/13","元富",54,567,-513
"10587","2363矽統","110/07/13","豐農",228,23,205
"10588","2363矽統","110/07/13","瑞士信貸",202,666,-464
"10589","2363矽統","110/07/13","台灣企銀-岡山",186,4,182
"10590","2363矽統","110/07/13","永豐金-嘉義",67,468,-401
"10591","8112至上","110/07/13","摩根大通",688,296,392
"10592","8112至上","110/07/13","國票-中和",0,401,-401
"10593","8112至上","110/07/13","港商野村",344,145,199
"10594","8112至上","110/07/13","永豐金-板盛",0,205,-205
"10595","8112至上","110/07/13","兆豐-公益",195,5,190
"10596","8112至上","110/07/13","凱基-五股",43,155,-112
"10597","8112至上","110/07/13","台灣摩根士丹利",183,0,183
"10598","8112至上","110/07/13","凱基-市政",0,100,-100
"10599","8112至上","110/07/13","群益金鼎-敦南",153,2,151
"10600","8112至上","110/07/13","元大-大里德芳",1,92,-91
"10601","8112至上","110/07/13","臺銀-金山",146,26,120
"10602","8112至上","110/07/13","玉山-桃園",26,110,-84
"10603","8112至上","110/07/13","臺銀",133,19,114
"10604","8112至上","110/07/13","兆豐-天母",0,81,-81
"10605","8112至上","110/07/13","合庫-台中",115,6,109
"10606","8112至上","110/07/13","凱基-城中",3,84,-81
"10607","8112至上","110/07/13","亞東-板橋",134,26,108
"10608","8112至上","110/07/13","日盛-新莊",9,85,-76
"10609","8112至上","110/07/13","凱基-台北",414,326,88
"10610","8112至上","110/07/13","日盛-台中",2,64,-62
"10611","8112至上","110/07/13","新加坡商瑞銀",181,100,81
"10612","8112至上","110/07/13","日盛-中壢",3,64,-61
"10613","8112至上","110/07/13","國泰-敦南",108,31,77
"10614","8112至上","110/07/13","元大-台中",2,59,-57
"10615","8112至上","110/07/13","第一金-華江",77,4,73
"10616","8112至上","110/07/13","元大-雙和",7,64,-57
"10617","8112至上","110/07/13","永豐金-內湖",73,1,72
"10618","8112至上","110/07/13","元大-高雄",8,62,-54
"10619","8112至上","110/07/13","元大-永和",68,1,67
"10620","8112至上","110/07/13","元大-館前",2,55,-53
"10621","2929淘帝","110/07/13","玉山-新竹",130,0,130
"10622","2929淘帝","110/07/13","美商高盛",0,177,-177
"10623","2929淘帝","110/07/13","臺銀-民權",60,0,60
"10624","2929淘帝","110/07/13","凱基-台北",6,80,-74
"10625","2929淘帝","110/07/13","新百王",31,0,31
"10626","2929淘帝","110/07/13","元富-大裕",0,49,-49
"10627","2929淘帝","110/07/13","日盛-園區",30,0,30
"10628","2929淘帝","110/07/13","國泰-館前",3,51,-48
"10629","2929淘帝","110/07/13","元大-南投",31,1,30
"10630","2929淘帝","110/07/13","凱基-中壢",0,41,-41
"10631","2929淘帝","110/07/13","兆豐-忠孝",28,0,28
"10632","2929淘帝","110/07/13","港商野村",21,55,-34
"10633","2929淘帝","110/07/13","元大-民生",28,0,28
"10634","2929淘帝","110/07/13","華南永昌-南京",2,34,-32
"10635","2929淘帝","110/07/13","合庫-高雄",27,0,27
"10636","2929淘帝","110/07/13","群益金鼎-土城",0,30,-30
"10637","2929淘帝","110/07/13","凱基-豐中",27,0,27
"10638","2929淘帝","110/07/13","富邦-南屯",0,22,-22
"10639","2929淘帝","110/07/13","新光",21,4,17
"10640","2929淘帝","110/07/13","第一金-豐原",0,20,-20
"10641","2929淘帝","110/07/13","元大-天母",17,0,17
"10642","2929淘帝","110/07/13","元大-屏南",6,26,-20
"10643","2929淘帝","110/07/13","永興",14,0,14
"10644","2929淘帝","110/07/13","永豐金-敦南",1,21,-20
"10645","2929淘帝","110/07/13","富邦-台北",12,0,12
"10646","2929淘帝","110/07/13","凱基-三重",2,21,-19
"10647","2929淘帝","110/07/13","元大-永和",12,0,12
"10648","2929淘帝","110/07/13","富邦-仁愛",7,25,-18
"10649","2929淘帝","110/07/13","國票-天祥",11,0,11
"10650","2929淘帝","110/07/13","元大-北投",0,16,-16
"10651","5410國眾","110/07/13","兆豐-城中",274,0,274
"10652","5410國眾","110/07/13","元富-嘉義",0,103,-103
"10653","5410國眾","110/07/13","新光",50,4,46
"10654","5410國眾","110/07/13","凱基-台北",0,50,-50
"10655","5410國眾","110/07/13","國泰-台中",26,0,26
"10656","5410國眾","110/07/13","瑞士信貸",0,31,-31
"10657","5410國眾","110/07/13","新加坡商瑞銀",22,0,22
"10658","5410國眾","110/07/13","台新-新莊",0,27,-27
"10659","5410國眾","110/07/13","光和-嘉義",20,0,20
"10660","5410國眾","110/07/13","元大-汐止",0,20,-20
"10661","5410國眾","110/07/13","凱基-竹北",17,0,17
"10662","5410國眾","110/07/13","亞東-新竹",0,17,-17
"10663","5410國眾","110/07/13","新光-桃園",15,0,15
"10664","5410國眾","110/07/13","元大-南勢角",0,13,-13
"10665","5410國眾","110/07/13","凱基-台東",14,0,14
"10666","5410國眾","110/07/13","台新-台南",0,12,-12
"10667","5410國眾","110/07/13","富邦-竹北",11,0,11
"10668","5410國眾","110/07/13","中國信託",0,11,-11
"10669","5410國眾","110/07/13","元富-同大",10,0,10
"10670","5410國眾","110/07/13","華南永昌",0,11,-11
"10671","5410國眾","110/07/13","國泰-敦南",24,15,9
"10672","5410國眾","110/07/13","臺銀-臺南",0,10,-10
"10673","5410國眾","110/07/13","日盛-內湖",7,0,7
"10674","5410國眾","110/07/13","台灣企銀-民雄",0,10,-10
"10675","5410國眾","110/07/13","台新-左楠",7,0,7
"10676","5410國眾","110/07/13","高橋",0,10,-10
"10677","5410國眾","110/07/13","元大-新盛",18,12,6
"10678","5410國眾","110/07/13","康和-嘉義",0,10,-10
"10679","5410國眾","110/07/13","統一",5,0,5
"10680","5410國眾","110/07/13","凱基-基隆",0,10,-10
"10681","2841台開","110/07/13","中國信託-高雄",251,50,201
"10682","2841台開","110/07/13","兆豐-公益",0,177,-177
"10683","2841台開","110/07/13","日盛證券",210,13,197
"10684","2841台開","110/07/13","日進",0,152,-152
"10685","2841台開","110/07/13","第一金-台中",55,0,55
"10686","2841台開","110/07/13","港商野村",0,109,-109
"10687","2841台開","110/07/13","國泰-板橋",46,0,46
"10688","2841台開","110/07/13","日盛-信義",0,103,-103
"10689","2841台開","110/07/13","國泰-館前",48,3,45
"10690","2841台開","110/07/13","國泰-敦南",11,75,-64
"10691","2841台開","110/07/13","華南永昌-新莊",45,0,45
"10692","2841台開","110/07/13","永興",0,50,-50
"10693","2841台開","110/07/13","日盛-園區",42,0,42
"10694","2841台開","110/07/13","永豐金-敦南",61,104,-43
"10695","2841台開","110/07/13","台新證券",32,0,32
"10696","2841台開","110/07/13","富邦-台南",0,42,-42
"10697","2841台開","110/07/13","台新-高雄",32,2,30
"10698","2841台開","110/07/13","國票-安和",0,30,-30
"10699","2841台開","110/07/13","豐農",23,0,23
"10700","2841台開","110/07/13","元大-桃園",0,25,-25
"10701","2841台開","110/07/13","合庫-嘉義",20,0,20
"10702","2841台開","110/07/13","新光",8,32,-24
"10703","2841台開","110/07/13","華南永昌-高雄",20,0,20
"10704","2841台開","110/07/13","元大-仁愛",0,24,-24
"10705","2841台開","110/07/13","元大-樹林",16,0,16
"10706","2841台開","110/07/13","日盛-中和",0,20,-20
"10707","2841台開","110/07/13","第一金-華江",15,2,13
"10708","2841台開","110/07/13","元富",0,20,-20
"10709","2841台開","110/07/13","美商高盛",12,0,12
"10710","2841台開","110/07/13","富邦-宜蘭",0,20,-20
"10711","6207雷科","110/07/13","元大-高雄",121,0,121
"10712","6207雷科","110/07/13","華南永昌-朴子",1,60,-59
"10713","6207雷科","110/07/13","第一金-新興",20,0,20
"10714","6207雷科","110/07/13","元大-南海",0,36,-36
"10715","6207雷科","110/07/13","元富-三重",20,0,20
"10716","6207雷科","110/07/13","凱基-土城",0,35,-35
"10717","6207雷科","110/07/13","元大-林園",15,0,15
"10718","6207雷科","110/07/13","台灣企銀",0,20,-20
"10719","6207雷科","110/07/13","元大-金華",16,1,15
"10720","6207雷科","110/07/13","群益金鼎-丹鳳",0,20,-20
"10721","6207雷科","110/07/13","日盛證券",10,0,10
"10722","6207雷科","110/07/13","元大-博愛",0,17,-17
"10723","6207雷科","110/07/13","統一-台中",10,0,10
"10724","6207雷科","110/07/13","元大-北港",0,13,-13
"10725","6207雷科","110/07/13","群益金鼎-土城",10,0,10
"10726","6207雷科","110/07/13","新加坡商瑞銀",0,12,-12
"10727","6207雷科","110/07/13","群益金鼎-桃園",10,0,10
"10728","6207雷科","110/07/13","凱基-台北",4,16,-12
"10729","6207雷科","110/07/13","永豐金-新莊",10,0,10
"10730","6207雷科","110/07/13","日茂-埔里",0,11,-11
"10731","6207雷科","110/07/13","永豐金-新店",10,0,10
"10732","6207雷科","110/07/13","元大-莒光",0,11,-11
"10733","6207雷科","110/07/13","元大證券",9,0,9
"10734","6207雷科","110/07/13","統一-新竹",0,10,-10
"10735","6207雷科","110/07/13","日盛-木柵",9,1,8
"10736","6207雷科","110/07/13","元大-西螺",0,10,-10
"10737","6207雷科","110/07/13","兆豐-來福",8,0,8
"10738","6207雷科","110/07/13","康和-台中",0,8,-8
"10739","6207雷科","110/07/13","新光",7,0,7
"10740","6207雷科","110/07/13","兆豐-高雄",0,6,-6
"10741","3679新至陞","110/07/13","永豐金證券",50,0,50
"10742","3679新至陞","110/07/13","摩根大通",2,25,-23
"10743","3679新至陞","110/07/13","國泰-桃園",22,0,22
"10744","3679新至陞","110/07/13","元大-成功",0,22,-22
"10745","3679新至陞","110/07/13","台中銀-員林",11,0,11
"10746","3679新至陞","110/07/13","富邦-板橋",1,19,-18
"10747","3679新至陞","110/07/13","元大-文心興安",8,0,8
"10748","3679新至陞","110/07/13","日盛-新莊",0,10,-10
"10749","3679新至陞","110/07/13","美商高盛",6,0,6
"10750","3679新至陞","110/07/13","台新-台中",0,10,-10
"10751","3679新至陞","110/07/13","台新-高雄",6,0,6
"10752","3679新至陞","110/07/13","永豐金-新竹",0,8,-8
"10753","3679新至陞","110/07/13","凱基-台北",18,12,6
"10754","3679新至陞","110/07/13","瑞士信貸",12,19,-7
"10755","3679新至陞","110/07/13","日盛-復興",5,0,5
"10756","3679新至陞","110/07/13","統一-南京",0,7,-7
"10757","3679新至陞","110/07/13","(牛牛牛)亞-鑫豐",4,0,4
"10758","3679新至陞","110/07/13","凱基-新莊",0,7,-7
"10759","3679新至陞","110/07/13","元富-大昌",3,0,3
"10760","3679新至陞","110/07/13","新加坡商瑞銀",0,6,-6
"10761","3679新至陞","110/07/13","富邦-台北",3,0,3
"10762","3679新至陞","110/07/13","合庫-自強",0,5,-5
"10763","3679新至陞","110/07/13","日盛-樹林",2,0,2
"10764","3679新至陞","110/07/13","富邦-桃園",0,5,-5
"10765","3679新至陞","110/07/13","宏遠-光隆",2,0,2
"10766","3679新至陞","110/07/13","永豐金-潮州",0,4,-4
"10767","3679新至陞","110/07/13","美林",3,1,2
"10768","3679新至陞","110/07/13","臺銀-臺南",0,3,-3
"10769","3679新至陞","110/07/13","第一金-中壢",2,0,2
"10770","3679新至陞","110/07/13","元大-六合",0,3,-3
"10771","2727王品","110/07/13","富邦-台北",43,3,40
"10772","2727王品","110/07/13","台灣摩根士丹利",15,97,-82
"10773","2727王品","110/07/13","元大-基隆孝二",40,0,40
"10774","2727王品","110/07/13","玉山-台南",5,57,-52
"10775","2727王品","110/07/13","國票-新莊",40,1,39
"10776","2727王品","110/07/13","新加坡商瑞銀",0,48,-48
"10777","2727王品","110/07/13","第一金-豐原",66,42,24
"10778","2727王品","110/07/13","凱基-台北",41,77,-36
"10779","2727王品","110/07/13","永豐金-大園",34,10,24
"10780","2727王品","110/07/13","永豐金-永康",0,22,-22
"10781","2727王品","110/07/13","元大-北屯",22,0,22
"10782","2727王品","110/07/13","統一-台中",2,22,-20
"10783","2727王品","110/07/13","元大-東蘆",26,7,19
"10784","2727王品","110/07/13","國泰-台中",21,39,-18
"10785","2727王品","110/07/13","永豐金-萬盛",13,1,12
"10786","2727王品","110/07/13","合庫-彰化",3,20,-17
"10787","2727王品","110/07/13","日盛-嘉義",11,0,11
"10788","2727王品","110/07/13","港商野村",13,30,-17
"10789","2727王品","110/07/13","日盛-八德",11,0,11
"10790","2727王品","110/07/13","元大-楊梅",1,16,-15
"10791","2727王品","110/07/13","統一-竹南",11,0,11
"10792","2727王品","110/07/13","凱基-高美館",2,15,-13
"10793","2727王品","110/07/13","日盛-士林",12,2,10
"10794","2727王品","110/07/13","美商高盛",2,14,-12
"10795","2727王品","110/07/13","統一-敦南",10,0,10
"10796","2727王品","110/07/13","統一-平鎮",1,13,-12
"10797","2727王品","110/07/13","中國信託",15,5,10
"10798","2727王品","110/07/13","兆豐-台中港",4,16,-12
"10799","2727王品","110/07/13","兆豐-竹北",13,3,10
"10800","2727王品","110/07/13","凱基-八德",1,13,-12
"10801","1570力肯","110/07/13","新光",115,11,104
"10802","1570力肯","110/07/13","元大-北三重",0,162,-162
"10803","1570力肯","110/07/13","群益金鼎-高雄",54,0,54
"10804","1570力肯","110/07/13","元大-大灣",0,25,-25
"10805","1570力肯","110/07/13","國票-新莊",22,0,22
"10806","1570力肯","110/07/13","永豐金-苓雅",0,22,-22
"10807","1570力肯","110/07/13","日盛-桃園",12,0,12
"10808","1570力肯","110/07/13","永豐金-永康",0,19,-19
"10809","1570力肯","110/07/13","元大-高雄",12,0,12
"10810","1570力肯","110/07/13","富邦-員林",0,15,-15
"10811","1570力肯","110/07/13","合庫-自強",11,0,11
"10812","1570力肯","110/07/13","凱基-台南",0,11,-11
"10813","1570力肯","110/07/13","摩根大通",26,15,11
"10814","1570力肯","110/07/13","日盛-竹北",0,10,-10
"10815","1570力肯","110/07/13","永豐金-中盛",11,0,11
"10816","1570力肯","110/07/13","國票-九鼎",0,10,-10
"10817","1570力肯","110/07/13","兆豐-台中港",10,0,10
"10818","1570力肯","110/07/13","凱基-桃園",0,10,-10
"10819","1570力肯","110/07/13","國泰-松江",9,0,9
"10820","1570力肯","110/07/13","凱基-新豐",0,10,-10
"10821","1570力肯","110/07/13","元大-新盛",9,0,9
"10822","1570力肯","110/07/13","元大-學甲",0,10,-10
"10823","1570力肯","110/07/13","元富-緯城",6,0,6
"10824","1570力肯","110/07/13","群益金鼎-東湖",1,10,-9
"10825","1570力肯","110/07/13","統一-三重",5,0,5
"10826","1570力肯","110/07/13","大昌",0,6,-6
"10827","1570力肯","110/07/13","元大-前金",5,0,5
"10828","1570力肯","110/07/13","元大-土城學府",0,6,-6
"10829","1570力肯","110/07/13","永豐金證券",5,0,5
"10830","1570力肯","110/07/13","統一",0,5,-5
"10831","6180橘子","110/07/13","摩根大通",119,0,119
"10832","6180橘子","110/07/13","元大-崇德",2,61,-59
"10833","6180橘子","110/07/13","美商高盛",96,0,96
"10834","6180橘子","110/07/13","康和-台中",0,51,-51
"10835","6180橘子","110/07/13","新加坡商瑞銀",86,7,79
"10836","6180橘子","110/07/13","康和-台北",0,50,-50
"10837","6180橘子","110/07/13","元大-和平",40,0,40
"10838","6180橘子","110/07/13","元富-潮州",0,40,-40
"10839","6180橘子","110/07/13","凱基-台北",83,47,36
"10840","6180橘子","110/07/13","日盛-永康",0,26,-26
"10841","6180橘子","110/07/13","美林",39,5,34
"10842","6180橘子","110/07/13","永豐金-中正",0,24,-24
"10843","6180橘子","110/07/13","富邦-新竹華信",31,2,29
"10844","6180橘子","110/07/13","國泰-板橋",2,25,-23
"10845","6180橘子","110/07/13","統一-南京",21,0,21
"10846","6180橘子","110/07/13","日盛-大墩",0,20,-20
"10847","6180橘子","110/07/13","富邦-陽明",24,3,21
"10848","6180橘子","110/07/13","元大-草屯",13,32,-19
"10849","6180橘子","110/07/13","大昌-樹林",21,1,20
"10850","6180橘子","110/07/13","元富-林園",1,18,-17
"10851","6180橘子","110/07/13","花旗環球",19,0,19
"10852","6180橘子","110/07/13","新光-新竹",1,18,-17
"10853","6180橘子","110/07/13","華南永昌-台南",19,0,19
"10854","6180橘子","110/07/13","元大-土城永寧",0,17,-17
"10855","6180橘子","110/07/13","福勝",14,0,14
"10856","6180橘子","110/07/13","國泰-新莊",3,19,-16
"10857","6180橘子","110/07/13","富邦-嘉義",12,1,11
"10858","6180橘子","110/07/13","中國信託-永康",6,21,-15
"10859","6180橘子","110/07/13","元大-板橋三民",11,0,11
"10860","6180橘子","110/07/13","凱基-東港",1,15,-14
"10861","2390云辰","110/07/13","新加坡商瑞銀",562,75,487
"10862","2390云辰","110/07/13","大展-台南",0,532,-532
"10863","2390云辰","110/07/13","台灣摩根士丹利",330,155,175
"10864","2390云辰","110/07/13","凱基-台北",668,854,-186
"10865","2390云辰","110/07/13","兆豐-公益",126,25,101
"10866","2390云辰","110/07/13","凱基-三重",12,172,-160
"10867","2390云辰","110/07/13","元富-中港",100,2,98
"10868","2390云辰","110/07/13","兆豐-忠孝",4,161,-157
"10869","2390云辰","110/07/13","統一-新台中",106,9,97
"10870","2390云辰","110/07/13","元大-士林",19,170,-151
"10871","2390云辰","110/07/13","中國信託-松江",81,11,70
"10872","2390云辰","110/07/13","臺銀-新竹",14,117,-103
"10873","2390云辰","110/07/13","日盛-板橋",72,3,69
"10874","2390云辰","110/07/13","國票-台中",4,102,-98
"10875","2390云辰","110/07/13","日盛-和美",57,0,57
"10876","2390云辰","110/07/13","新光",147,232,-85
"10877","2390云辰","110/07/13","永豐金-桃園",88,36,52
"10878","2390云辰","110/07/13","致和-崇德",2,70,-68
"10879","2390云辰","110/07/13","玉山-士林",54,4,50
"10880","2390云辰","110/07/13","群益金鼎-屏東",2,70,-68
"10881","2390云辰","110/07/13","富邦-仁愛",56,6,50
"10882","2390云辰","110/07/13","元大-大里",35,98,-63
"10883","2390云辰","110/07/13","第一金-豐原",50,1,49
"10884","2390云辰","110/07/13","元大-萬華",35,94,-59
"10885","2390云辰","110/07/13","摩根大通",502,453,49
"10886","2390云辰","110/07/13","元富-吉利",2,60,-58
"10887","2390云辰","110/07/13","凱基-松山",61,13,48
"10888","2390云辰","110/07/13","兆豐-新竹",3,53,-50
"10889","2390云辰","110/07/13","大昌",64,22,42
"10890","2390云辰","110/07/13","富邦-嘉義",65,108,-43
"10891","2363矽統","110/07/13","凱基-南崁",2133,63,2070
"10892","2363矽統","110/07/13","凱基-幸福",36,4048,-4012
"10893","2363矽統","110/07/13","國泰-敦南",2195,1617,578
"10894","2363矽統","110/07/13","統一",192,3325,-3133
"10895","2363矽統","110/07/13","中農",670,139,531
"10896","2363矽統","110/07/13","新加坡商瑞銀",1000,2747,-1747
"10897","2363矽統","110/07/13","康和-台中",638,154,484
"10898","2363矽統","110/07/13","凱基-台北",5359,6609,-1250
"10899","2363矽統","110/07/13","群益金鼎-三民",577,137,440
"10900","2363矽統","110/07/13","摩根大通",1930,2858,-928
"10901","2363矽統","110/07/13","台新-屏東",510,88,422
"10902","2363矽統","110/07/13","港商野村",960,1679,-719
"10903","2363矽統","110/07/13","德信-中正",455,67,388
"10904","2363矽統","110/07/13","兆豐-復興",25,705,-680
"10905","2363矽統","110/07/13","日盛-竹北",365,70,295
"10906","2363矽統","110/07/13","統一-仁愛",114,755,-641
"10907","2363矽統","110/07/13","元大-佳里",452,189,263
"10908","2363矽統","110/07/13","統一-敦南",29,638,-609
"10909","2363矽統","110/07/13","國票-博愛",296,38,258
"10910","2363矽統","110/07/13","統一-土城",100,704,-604
"10911","2363矽統","110/07/13","元大-萬華",340,95,245
"10912","2363矽統","110/07/13","統一-城中",116,676,-560
"10913","2363矽統","110/07/13","新光",1259,1031,228
"10914","2363矽統","110/07/13","永豐金證券",306,859,-553
"10915","2363矽統","110/07/13","元富-成功",323,96,227
"10916","2363矽統","110/07/13","元富",54,567,-513
"10917","2363矽統","110/07/13","豐農",228,23,205
"10918","2363矽統","110/07/13","瑞士信貸",202,666,-464
"10919","2363矽統","110/07/13","台灣企銀-岡山",186,4,182
"10920","2363矽統","110/07/13","永豐金-嘉義",67,468,-401
"10921","8112至上","110/07/13","摩根大通",688,296,392
"10922","8112至上","110/07/13","國票-中和",0,401,-401
"10923","8112至上","110/07/13","港商野村",344,145,199
"10924","8112至上","110/07/13","永豐金-板盛",0,205,-205
"10925","8112至上","110/07/13","兆豐-公益",195,5,190
"10926","8112至上","110/07/13","凱基-五股",43,155,-112
"10927","8112至上","110/07/13","台灣摩根士丹利",183,0,183
"10928","8112至上","110/07/13","凱基-市政",0,100,-100
"10929","8112至上","110/07/13","群益金鼎-敦南",153,2,151
"10930","8112至上","110/07/13","元大-大里德芳",1,92,-91
"10931","8112至上","110/07/13","臺銀-金山",146,26,120
"10932","8112至上","110/07/13","玉山-桃園",26,110,-84
"10933","8112至上","110/07/13","臺銀",133,19,114
"10934","8112至上","110/07/13","兆豐-天母",0,81,-81
"10935","8112至上","110/07/13","合庫-台中",115,6,109
"10936","8112至上","110/07/13","凱基-城中",3,84,-81
"10937","8112至上","110/07/13","亞東-板橋",134,26,108
"10938","8112至上","110/07/13","日盛-新莊",9,85,-76
"10939","8112至上","110/07/13","凱基-台北",414,326,88
"10940","8112至上","110/07/13","日盛-台中",2,64,-62
"10941","8112至上","110/07/13","新加坡商瑞銀",181,100,81
"10942","8112至上","110/07/13","日盛-中壢",3,64,-61
"10943","8112至上","110/07/13","國泰-敦南",108,31,77
"10944","8112至上","110/07/13","元大-台中",2,59,-57
"10945","8112至上","110/07/13","第一金-華江",77,4,73
"10946","8112至上","110/07/13","元大-雙和",7,64,-57
"10947","8112至上","110/07/13","永豐金-內湖",73,1,72
"10948","8112至上","110/07/13","元大-高雄",8,62,-54
"10949","8112至上","110/07/13","元大-永和",68,1,67
"10950","8112至上","110/07/13","元大-館前",2,55,-53
"10951","4903聯光通","110/07/13","台灣企銀-太平",56,0,56
"10952","4903聯光通","110/07/13","土銀",0,32,-32
"10953","4903聯光通","110/07/13","元富-新興",23,0,23
"10954","4903聯光通","110/07/13","元大-樹林",0,19,-19
"10955","4903聯光通","110/07/13","日盛-樹林",22,0,22
"10956","4903聯光通","110/07/13","凱基-士林",0,17,-17
"10957","4903聯光通","110/07/13","兆豐-天母",20,0,20
"10958","4903聯光通","110/07/13","國票-博愛",0,14,-14
"10959","4903聯光通","110/07/13","華南永昌-桃園",20,0,20
"10960","4903聯光通","110/07/13","元富",0,10,-10
"10961","4903聯光通","110/07/13","富邦-新店",10,0,10
"10962","4903聯光通","110/07/13","新光",0,10,-10
"10963","4903聯光通","110/07/13","新光-台中",5,0,5
"10964","4903聯光通","110/07/13","玉山-南京東路",0,10,-10
"10965","4903聯光通","110/07/13","華南永昌-台中",5,0,5
"10966","4903聯光通","110/07/13","富邦-陽明",0,10,-10
"10967","4903聯光通","110/07/13","元大-崇德",5,0,5
"10968","4903聯光通","110/07/13","元大-大甲",0,8,-8
"10969","4903聯光通","110/07/13","元大-草屯",5,0,5
"10970","4903聯光通","110/07/13","富邦-台中",0,7,-7
"10971","4903聯光通","110/07/13","元富-草屯",4,0,4
"10972","4903聯光通","110/07/13","凱基-中壢",0,6,-6
"10973","4903聯光通","110/07/13","元大-清水",4,0,4
"10974","4903聯光通","110/07/13","臺銀-民權",0,5,-5
"10975","4903聯光通","110/07/13","元大-東泰",4,0,4
"10976","4903聯光通","110/07/13","日盛-板橋",0,5,-5
"10977","4903聯光通","110/07/13","元大-佳里",2,0,2
"10978","4903聯光通","110/07/13","中國信託-忠孝",0,5,-5
"10979","4903聯光通","110/07/13","永豐金-板橋",2,0,2
"10980","4903聯光通","110/07/13","永豐金-鳳山",0,5,-5
"10981","2929淘帝","110/07/13","玉山-新竹",130,0,130
"10982","2929淘帝","110/07/13","美商高盛",0,177,-177
"10983","2929淘帝","110/07/13","臺銀-民權",60,0,60
"10984","2929淘帝","110/07/13","凱基-台北",6,80,-74
"10985","2929淘帝","110/07/13","新百王",31,0,31
"10986","2929淘帝","110/07/13","元富-大裕",0,49,-49
"10987","2929淘帝","110/07/13","日盛-園區",30,0,30
"10988","2929淘帝","110/07/13","國泰-館前",3,51,-48
"10989","2929淘帝","110/07/13","元大-南投",31,1,30
"10990","2929淘帝","110/07/13","凱基-中壢",0,41,-41
"10991","2929淘帝","110/07/13","兆豐-忠孝",28,0,28
"10992","2929淘帝","110/07/13","港商野村",21,55,-34
"10993","2929淘帝","110/07/13","元大-民生",28,0,28
"10994","2929淘帝","110/07/13","華南永昌-南京",2,34,-32
"10995","2929淘帝","110/07/13","合庫-高雄",27,0,27
"10996","2929淘帝","110/07/13","群益金鼎-土城",0,30,-30
"10997","2929淘帝","110/07/13","凱基-豐中",27,0,27
"10998","2929淘帝","110/07/13","富邦-南屯",0,22,-22
"10999","2929淘帝","110/07/13","新光",21,4,17
"11000","2929淘帝","110/07/13","第一金-豐原",0,20,-20
"11001","2929淘帝","110/07/13","元大-天母",17,0,17
"11002","2929淘帝","110/07/13","元大-屏南",6,26,-20
"11003","2929淘帝","110/07/13","永興",14,0,14
"11004","2929淘帝","110/07/13","永豐金-敦南",1,21,-20
"11005","2929淘帝","110/07/13","富邦-台北",12,0,12
"11006","2929淘帝","110/07/13","凱基-三重",2,21,-19
"11007","2929淘帝","110/07/13","元大-永和",12,0,12
"11008","2929淘帝","110/07/13","富邦-仁愛",7,25,-18
"11009","2929淘帝","110/07/13","國票-天祥",11,0,11
"11010","2929淘帝","110/07/13","元大-北投",0,16,-16
"11011","5410國眾","110/07/13","兆豐-城中",274,0,274
"11012","5410國眾","110/07/13","元富-嘉義",0,103,-103
"11013","5410國眾","110/07/13","新光",50,4,46
"11014","5410國眾","110/07/13","凱基-台北",0,50,-50
"11015","5410國眾","110/07/13","國泰-台中",26,0,26
"11016","5410國眾","110/07/13","瑞士信貸",0,31,-31
"11017","5410國眾","110/07/13","新加坡商瑞銀",22,0,22
"11018","5410國眾","110/07/13","台新-新莊",0,27,-27
"11019","5410國眾","110/07/13","光和-嘉義",20,0,20
"11020","5410國眾","110/07/13","元大-汐止",0,20,-20
"11021","5410國眾","110/07/13","凱基-竹北",17,0,17
"11022","5410國眾","110/07/13","亞東-新竹",0,17,-17
"11023","5410國眾","110/07/13","新光-桃園",15,0,15
"11024","5410國眾","110/07/13","元大-南勢角",0,13,-13
"11025","5410國眾","110/07/13","凱基-台東",14,0,14
"11026","5410國眾","110/07/13","台新-台南",0,12,-12
"11027","5410國眾","110/07/13","富邦-竹北",11,0,11
"11028","5410國眾","110/07/13","中國信託",0,11,-11
"11029","5410國眾","110/07/13","元富-同大",10,0,10
"11030","5410國眾","110/07/13","華南永昌",0,11,-11
"11031","5410國眾","110/07/13","國泰-敦南",24,15,9
"11032","5410國眾","110/07/13","臺銀-臺南",0,10,-10
"11033","5410國眾","110/07/13","日盛-內湖",7,0,7
"11034","5410國眾","110/07/13","台灣企銀-民雄",0,10,-10
"11035","5410國眾","110/07/13","台新-左楠",7,0,7
"11036","5410國眾","110/07/13","高橋",0,10,-10
"11037","5410國眾","110/07/13","元大-新盛",18,12,6
"11038","5410國眾","110/07/13","康和-嘉義",0,10,-10
"11039","5410國眾","110/07/13","統一",5,0,5
"11040","5410國眾","110/07/13","凱基-基隆",0,10,-10
"11041","2841台開","110/07/13","中國信託-高雄",251,50,201
"11042","2841台開","110/07/13","兆豐-公益",0,177,-177
"11043","2841台開","110/07/13","日盛證券",210,13,197
"11044","2841台開","110/07/13","日進",0,152,-152
"11045","2841台開","110/07/13","第一金-台中",55,0,55
"11046","2841台開","110/07/13","港商野村",0,109,-109
"11047","2841台開","110/07/13","國泰-板橋",46,0,46
"11048","2841台開","110/07/13","日盛-信義",0,103,-103
"11049","2841台開","110/07/13","國泰-館前",48,3,45
"11050","2841台開","110/07/13","國泰-敦南",11,75,-64
"11051","2841台開","110/07/13","華南永昌-新莊",45,0,45
"11052","2841台開","110/07/13","永興",0,50,-50
"11053","2841台開","110/07/13","日盛-園區",42,0,42
"11054","2841台開","110/07/13","永豐金-敦南",61,104,-43
"11055","2841台開","110/07/13","台新證券",32,0,32
"11056","2841台開","110/07/13","富邦-台南",0,42,-42
"11057","2841台開","110/07/13","台新-高雄",32,2,30
"11058","2841台開","110/07/13","國票-安和",0,30,-30
"11059","2841台開","110/07/13","豐農",23,0,23
"11060","2841台開","110/07/13","元大-桃園",0,25,-25
"11061","2841台開","110/07/13","合庫-嘉義",20,0,20
"11062","2841台開","110/07/13","新光",8,32,-24
"11063","2841台開","110/07/13","華南永昌-高雄",20,0,20
"11064","2841台開","110/07/13","元大-仁愛",0,24,-24
"11065","2841台開","110/07/13","元大-樹林",16,0,16
"11066","2841台開","110/07/13","日盛-中和",0,20,-20
"11067","2841台開","110/07/13","第一金-華江",15,2,13
"11068","2841台開","110/07/13","元富",0,20,-20
"11069","2841台開","110/07/13","美商高盛",12,0,12
"11070","2841台開","110/07/13","富邦-宜蘭",0,20,-20
"11071","6207雷科","110/07/13","元大-高雄",121,0,121
"11072","6207雷科","110/07/13","華南永昌-朴子",1,60,-59
"11073","6207雷科","110/07/13","第一金-新興",20,0,20
"11074","6207雷科","110/07/13","元大-南海",0,36,-36
"11075","6207雷科","110/07/13","元富-三重",20,0,20
"11076","6207雷科","110/07/13","凱基-土城",0,35,-35
"11077","6207雷科","110/07/13","元大-林園",15,0,15
"11078","6207雷科","110/07/13","台灣企銀",0,20,-20
"11079","6207雷科","110/07/13","元大-金華",16,1,15
"11080","6207雷科","110/07/13","群益金鼎-丹鳳",0,20,-20
"11081","6207雷科","110/07/13","日盛證券",10,0,10
"11082","6207雷科","110/07/13","元大-博愛",0,17,-17
"11083","6207雷科","110/07/13","統一-台中",10,0,10
"11084","6207雷科","110/07/13","元大-北港",0,13,-13
"11085","6207雷科","110/07/13","群益金鼎-土城",10,0,10
"11086","6207雷科","110/07/13","新加坡商瑞銀",0,12,-12
"11087","6207雷科","110/07/13","群益金鼎-桃園",10,0,10
"11088","6207雷科","110/07/13","凱基-台北",4,16,-12
"11089","6207雷科","110/07/13","永豐金-新莊",10,0,10
"11090","6207雷科","110/07/13","日茂-埔里",0,11,-11
"11091","6207雷科","110/07/13","永豐金-新店",10,0,10
"11092","6207雷科","110/07/13","元大-莒光",0,11,-11
"11093","6207雷科","110/07/13","元大證券",9,0,9
"11094","6207雷科","110/07/13","統一-新竹",0,10,-10
"11095","6207雷科","110/07/13","日盛-木柵",9,1,8
"11096","6207雷科","110/07/13","元大-西螺",0,10,-10
"11097","6207雷科","110/07/13","兆豐-來福",8,0,8
"11098","6207雷科","110/07/13","康和-台中",0,8,-8
"11099","6207雷科","110/07/13","新光",7,0,7
"11100","6207雷科","110/07/13","兆豐-高雄",0,6,-6
"11101","3679新至陞","110/07/13","永豐金證券",50,0,50
"11102","3679新至陞","110/07/13","摩根大通",2,25,-23
"11103","3679新至陞","110/07/13","國泰-桃園",22,0,22
"11104","3679新至陞","110/07/13","元大-成功",0,22,-22
"11105","3679新至陞","110/07/13","台中銀-員林",11,0,11
"11106","3679新至陞","110/07/13","富邦-板橋",1,19,-18
"11107","3679新至陞","110/07/13","元大-文心興安",8,0,8
"11108","3679新至陞","110/07/13","日盛-新莊",0,10,-10
"11109","3679新至陞","110/07/13","美商高盛",6,0,6
"11110","3679新至陞","110/07/13","台新-台中",0,10,-10
"11111","3679新至陞","110/07/13","台新-高雄",6,0,6
"11112","3679新至陞","110/07/13","永豐金-新竹",0,8,-8
"11113","3679新至陞","110/07/13","凱基-台北",18,12,6
"11114","3679新至陞","110/07/13","瑞士信貸",12,19,-7
"11115","3679新至陞","110/07/13","日盛-復興",5,0,5
"11116","3679新至陞","110/07/13","統一-南京",0,7,-7
"11117","3679新至陞","110/07/13","(牛牛牛)亞-鑫豐",4,0,4
"11118","3679新至陞","110/07/13","凱基-新莊",0,7,-7
"11119","3679新至陞","110/07/13","元富-大昌",3,0,3
"11120","3679新至陞","110/07/13","新加坡商瑞銀",0,6,-6
"11121","3679新至陞","110/07/13","富邦-台北",3,0,3
"11122","3679新至陞","110/07/13","合庫-自強",0,5,-5
"11123","3679新至陞","110/07/13","日盛-樹林",2,0,2
"11124","3679新至陞","110/07/13","富邦-桃園",0,5,-5
"11125","3679新至陞","110/07/13","宏遠-光隆",2,0,2
"11126","3679新至陞","110/07/13","永豐金-潮州",0,4,-4
"11127","3679新至陞","110/07/13","美林",3,1,2
"11128","3679新至陞","110/07/13","臺銀-臺南",0,3,-3
"11129","3679新至陞","110/07/13","第一金-中壢",2,0,2
"11130","3679新至陞","110/07/13","元大-六合",0,3,-3
"11131","2727王品","110/07/13","富邦-台北",43,3,40
"11132","2727王品","110/07/13","台灣摩根士丹利",15,97,-82
"11133","2727王品","110/07/13","元大-基隆孝二",40,0,40
"11134","2727王品","110/07/13","玉山-台南",5,57,-52
"11135","2727王品","110/07/13","國票-新莊",40,1,39
"11136","2727王品","110/07/13","新加坡商瑞銀",0,48,-48
"11137","2727王品","110/07/13","第一金-豐原",66,42,24
"11138","2727王品","110/07/13","凱基-台北",41,77,-36
"11139","2727王品","110/07/13","永豐金-大園",34,10,24
"11140","2727王品","110/07/13","永豐金-永康",0,22,-22
"11141","2727王品","110/07/13","元大-北屯",22,0,22
"11142","2727王品","110/07/13","統一-台中",2,22,-20
"11143","2727王品","110/07/13","元大-東蘆",26,7,19
"11144","2727王品","110/07/13","國泰-台中",21,39,-18
"11145","2727王品","110/07/13","永豐金-萬盛",13,1,12
"11146","2727王品","110/07/13","合庫-彰化",3,20,-17
"11147","2727王品","110/07/13","日盛-嘉義",11,0,11
"11148","2727王品","110/07/13","港商野村",13,30,-17
"11149","2727王品","110/07/13","日盛-八德",11,0,11
"11150","2727王品","110/07/13","元大-楊梅",1,16,-15
"11151","2727王品","110/07/13","統一-竹南",11,0,11
"11152","2727王品","110/07/13","凱基-高美館",2,15,-13
"11153","2727王品","110/07/13","日盛-士林",12,2,10
"11154","2727王品","110/07/13","美商高盛",2,14,-12
"11155","2727王品","110/07/13","統一-敦南",10,0,10
"11156","2727王品","110/07/13","統一-平鎮",1,13,-12
"11157","2727王品","110/07/13","中國信託",15,5,10
"11158","2727王品","110/07/13","兆豐-台中港",4,16,-12
"11159","2727王品","110/07/13","兆豐-竹北",13,3,10
"11160","2727王品","110/07/13","凱基-八德",1,13,-12
"11161","1570力肯","110/07/13","新光",115,11,104
"11162","1570力肯","110/07/13","元大-北三重",0,162,-162
"11163","1570力肯","110/07/13","群益金鼎-高雄",54,0,54
"11164","1570力肯","110/07/13","元大-大灣",0,25,-25
"11165","1570力肯","110/07/13","國票-新莊",22,0,22
"11166","1570力肯","110/07/13","永豐金-苓雅",0,22,-22
"11167","1570力肯","110/07/13","日盛-桃園",12,0,12
"11168","1570力肯","110/07/13","永豐金-永康",0,19,-19
"11169","1570力肯","110/07/13","元大-高雄",12,0,12
"11170","1570力肯","110/07/13","富邦-員林",0,15,-15
"11171","1570力肯","110/07/13","合庫-自強",11,0,11
"11172","1570力肯","110/07/13","凱基-台南",0,11,-11
"11173","1570力肯","110/07/13","摩根大通",26,15,11
"11174","1570力肯","110/07/13","日盛-竹北",0,10,-10
"11175","1570力肯","110/07/13","永豐金-中盛",11,0,11
"11176","1570力肯","110/07/13","國票-九鼎",0,10,-10
"11177","1570力肯","110/07/13","兆豐-台中港",10,0,10
"11178","1570力肯","110/07/13","凱基-桃園",0,10,-10
"11179","1570力肯","110/07/13","國泰-松江",9,0,9
"11180","1570力肯","110/07/13","凱基-新豐",0,10,-10
"11181","1570力肯","110/07/13","元大-新盛",9,0,9
"11182","1570力肯","110/07/13","元大-學甲",0,10,-10
"11183","1570力肯","110/07/13","元富-緯城",6,0,6
"11184","1570力肯","110/07/13","群益金鼎-東湖",1,10,-9
"11185","1570力肯","110/07/13","統一-三重",5,0,5
"11186","1570力肯","110/07/13","大昌",0,6,-6
"11187","1570力肯","110/07/13","元大-前金",5,0,5
"11188","1570力肯","110/07/13","元大-土城學府",0,6,-6
"11189","1570力肯","110/07/13","永豐金證券",5,0,5
"11190","1570力肯","110/07/13","統一",0,5,-5
"11191","6180橘子","110/07/13","摩根大通",119,0,119
"11192","6180橘子","110/07/13","元大-崇德",2,61,-59
"11193","6180橘子","110/07/13","美商高盛",96,0,96
"11194","6180橘子","110/07/13","康和-台中",0,51,-51
"11195","6180橘子","110/07/13","新加坡商瑞銀",86,7,79
"11196","6180橘子","110/07/13","康和-台北",0,50,-50
"11197","6180橘子","110/07/13","元大-和平",40,0,40
"11198","6180橘子","110/07/13","元富-潮州",0,40,-40
"11199","6180橘子","110/07/13","凱基-台北",83,47,36
"11200","6180橘子","110/07/13","日盛-永康",0,26,-26
"11201","6180橘子","110/07/13","美林",39,5,34
"11202","6180橘子","110/07/13","永豐金-中正",0,24,-24
"11203","6180橘子","110/07/13","富邦-新竹華信",31,2,29
"11204","6180橘子","110/07/13","國泰-板橋",2,25,-23
"11205","6180橘子","110/07/13","統一-南京",21,0,21
"11206","6180橘子","110/07/13","日盛-大墩",0,20,-20
"11207","6180橘子","110/07/13","富邦-陽明",24,3,21
"11208","6180橘子","110/07/13","元大-草屯",13,32,-19
"11209","6180橘子","110/07/13","大昌-樹林",21,1,20
"11210","6180橘子","110/07/13","元富-林園",1,18,-17
"11211","6180橘子","110/07/13","花旗環球",19,0,19
"11212","6180橘子","110/07/13","新光-新竹",1,18,-17
"11213","6180橘子","110/07/13","華南永昌-台南",19,0,19
"11214","6180橘子","110/07/13","元大-土城永寧",0,17,-17
"11215","6180橘子","110/07/13","福勝",14,0,14
"11216","6180橘子","110/07/13","國泰-新莊",3,19,-16
"11217","6180橘子","110/07/13","富邦-嘉義",12,1,11
"11218","6180橘子","110/07/13","中國信託-永康",6,21,-15
"11219","6180橘子","110/07/13","元大-板橋三民",11,0,11
"11220","6180橘子","110/07/13","凱基-東港",1,15,-14
"11221","2390云辰","110/07/13","新加坡商瑞銀",562,75,487
"11222","2390云辰","110/07/13","大展-台南",0,532,-532
"11223","2390云辰","110/07/13","台灣摩根士丹利",330,155,175
"11224","2390云辰","110/07/13","凱基-台北",668,854,-186
"11225","2390云辰","110/07/13","兆豐-公益",126,25,101
"11226","2390云辰","110/07/13","凱基-三重",12,172,-160
"11227","2390云辰","110/07/13","元富-中港",100,2,98
"11228","2390云辰","110/07/13","兆豐-忠孝",4,161,-157
"11229","2390云辰","110/07/13","統一-新台中",106,9,97
"11230","2390云辰","110/07/13","元大-士林",19,170,-151
"11231","2390云辰","110/07/13","中國信託-松江",81,11,70
"11232","2390云辰","110/07/13","臺銀-新竹",14,117,-103
"11233","2390云辰","110/07/13","日盛-板橋",72,3,69
"11234","2390云辰","110/07/13","國票-台中",4,102,-98
"11235","2390云辰","110/07/13","日盛-和美",57,0,57
"11236","2390云辰","110/07/13","新光",147,232,-85
"11237","2390云辰","110/07/13","永豐金-桃園",88,36,52
"11238","2390云辰","110/07/13","致和-崇德",2,70,-68
"11239","2390云辰","110/07/13","玉山-士林",54,4,50
"11240","2390云辰","110/07/13","群益金鼎-屏東",2,70,-68
"11241","2390云辰","110/07/13","富邦-仁愛",56,6,50
"11242","2390云辰","110/07/13","元大-大里",35,98,-63
"11243","2390云辰","110/07/13","第一金-豐原",50,1,49
"11244","2390云辰","110/07/13","元大-萬華",35,94,-59
"11245","2390云辰","110/07/13","摩根大通",502,453,49
"11246","2390云辰","110/07/13","元富-吉利",2,60,-58
"11247","2390云辰","110/07/13","凱基-松山",61,13,48
"11248","2390云辰","110/07/13","兆豐-新竹",3,53,-50
"11249","2390云辰","110/07/13","大昌",64,22,42
"11250","2390云辰","110/07/13","富邦-嘉義",65,108,-43
"11251","2363矽統","110/07/13","凱基-南崁",2133,63,2070
"11252","2363矽統","110/07/13","凱基-幸福",36,4048,-4012
"11253","2363矽統","110/07/13","國泰-敦南",2195,1617,578
"11254","2363矽統","110/07/13","統一",192,3325,-3133
"11255","2363矽統","110/07/13","中農",670,139,531
"11256","2363矽統","110/07/13","新加坡商瑞銀",1000,2747,-1747
"11257","2363矽統","110/07/13","康和-台中",638,154,484
"11258","2363矽統","110/07/13","凱基-台北",5359,6609,-1250
"11259","2363矽統","110/07/13","群益金鼎-三民",577,137,440
"11260","2363矽統","110/07/13","摩根大通",1930,2858,-928
"11261","2363矽統","110/07/13","台新-屏東",510,88,422
"11262","2363矽統","110/07/13","港商野村",960,1679,-719
"11263","2363矽統","110/07/13","德信-中正",455,67,388
"11264","2363矽統","110/07/13","兆豐-復興",25,705,-680
"11265","2363矽統","110/07/13","日盛-竹北",365,70,295
"11266","2363矽統","110/07/13","統一-仁愛",114,755,-641
"11267","2363矽統","110/07/13","元大-佳里",452,189,263
"11268","2363矽統","110/07/13","統一-敦南",29,638,-609
"11269","2363矽統","110/07/13","國票-博愛",296,38,258
"11270","2363矽統","110/07/13","統一-土城",100,704,-604
"11271","2363矽統","110/07/13","元大-萬華",340,95,245
"11272","2363矽統","110/07/13","統一-城中",116,676,-560
"11273","2363矽統","110/07/13","新光",1259,1031,228
"11274","2363矽統","110/07/13","永豐金證券",306,859,-553
"11275","2363矽統","110/07/13","元富-成功",323,96,227
"11276","2363矽統","110/07/13","元富",54,567,-513
"11277","2363矽統","110/07/13","豐農",228,23,205
"11278","2363矽統","110/07/13","瑞士信貸",202,666,-464
"11279","2363矽統","110/07/13","台灣企銀-岡山",186,4,182
"11280","2363矽統","110/07/13","永豐金-嘉義",67,468,-401
"11281","8112至上","110/07/13","摩根大通",688,296,392
"11282","8112至上","110/07/13","國票-中和",0,401,-401
"11283","8112至上","110/07/13","港商野村",344,145,199
"11284","8112至上","110/07/13","永豐金-板盛",0,205,-205
"11285","8112至上","110/07/13","兆豐-公益",195,5,190
"11286","8112至上","110/07/13","凱基-五股",43,155,-112
"11287","8112至上","110/07/13","台灣摩根士丹利",183,0,183
"11288","8112至上","110/07/13","凱基-市政",0,100,-100
"11289","8112至上","110/07/13","群益金鼎-敦南",153,2,151
"11290","8112至上","110/07/13","元大-大里德芳",1,92,-91
"11291","8112至上","110/07/13","臺銀-金山",146,26,120
"11292","8112至上","110/07/13","玉山-桃園",26,110,-84
"11293","8112至上","110/07/13","臺銀",133,19,114
"11294","8112至上","110/07/13","兆豐-天母",0,81,-81
"11295","8112至上","110/07/13","合庫-台中",115,6,109
"11296","8112至上","110/07/13","凱基-城中",3,84,-81
"11297","8112至上","110/07/13","亞東-板橋",134,26,108
"11298","8112至上","110/07/13","日盛-新莊",9,85,-76
"11299","8112至上","110/07/13","凱基-台北",414,326,88
"11300","8112至上","110/07/13","日盛-台中",2,64,-62
"11301","8112至上","110/07/13","新加坡商瑞銀",181,100,81
"11302","8112至上","110/07/13","日盛-中壢",3,64,-61
"11303","8112至上","110/07/13","國泰-敦南",108,31,77
"11304","8112至上","110/07/13","元大-台中",2,59,-57
"11305","8112至上","110/07/13","第一金-華江",77,4,73
"11306","8112至上","110/07/13","元大-雙和",7,64,-57
"11307","8112至上","110/07/13","永豐金-內湖",73,1,72
"11308","8112至上","110/07/13","元大-高雄",8,62,-54
"11309","8112至上","110/07/13","元大-永和",68,1,67
"11310","8112至上","110/07/13","元大-館前",2,55,-53
"11311","4903聯光通","110/07/13","台灣企銀-太平",56,0,56
"11312","4903聯光通","110/07/13","土銀",0,32,-32
"11313","4903聯光通","110/07/13","元富-新興",23,0,23
"11314","4903聯光通","110/07/13","元大-樹林",0,19,-19
"11315","4903聯光通","110/07/13","日盛-樹林",22,0,22
"11316","4903聯光通","110/07/13","凱基-士林",0,17,-17
"11317","4903聯光通","110/07/13","兆豐-天母",20,0,20
"11318","4903聯光通","110/07/13","國票-博愛",0,14,-14
"11319","4903聯光通","110/07/13","華南永昌-桃園",20,0,20
"11320","4903聯光通","110/07/13","元富",0,10,-10
"11321","4903聯光通","110/07/13","富邦-新店",10,0,10
"11322","4903聯光通","110/07/13","新光",0,10,-10
"11323","4903聯光通","110/07/13","新光-台中",5,0,5
"11324","4903聯光通","110/07/13","玉山-南京東路",0,10,-10
"11325","4903聯光通","110/07/13","華南永昌-台中",5,0,5
"11326","4903聯光通","110/07/13","富邦-陽明",0,10,-10
"11327","4903聯光通","110/07/13","元大-崇德",5,0,5
"11328","4903聯光通","110/07/13","元大-大甲",0,8,-8
"11329","4903聯光通","110/07/13","元大-草屯",5,0,5
"11330","4903聯光通","110/07/13","富邦-台中",0,7,-7
"11331","4903聯光通","110/07/13","元富-草屯",4,0,4
"11332","4903聯光通","110/07/13","凱基-中壢",0,6,-6
"11333","4903聯光通","110/07/13","元大-清水",4,0,4
"11334","4903聯光通","110/07/13","臺銀-民權",0,5,-5
"11335","4903聯光通","110/07/13","元大-東泰",4,0,4
"11336","4903聯光通","110/07/13","日盛-板橋",0,5,-5
"11337","4903聯光通","110/07/13","元大-佳里",2,0,2
"11338","4903聯光通","110/07/13","中國信託-忠孝",0,5,-5
"11339","4903聯光通","110/07/13","永豐金-板橋",2,0,2
"11340","4903聯光通","110/07/13","永豐金-鳳山",0,5,-5
"11341","2929淘帝","110/07/13","玉山-新竹",130,0,130
"11342","2929淘帝","110/07/13","美商高盛",0,177,-177
"11343","2929淘帝","110/07/13","臺銀-民權",60,0,60
"11344","2929淘帝","110/07/13","凱基-台北",6,80,-74
"11345","2929淘帝","110/07/13","新百王",31,0,31
"11346","2929淘帝","110/07/13","元富-大裕",0,49,-49
"11347","2929淘帝","110/07/13","日盛-園區",30,0,30
"11348","2929淘帝","110/07/13","國泰-館前",3,51,-48
"11349","2929淘帝","110/07/13","元大-南投",31,1,30
"11350","2929淘帝","110/07/13","凱基-中壢",0,41,-41
"11351","2929淘帝","110/07/13","兆豐-忠孝",28,0,28
"11352","2929淘帝","110/07/13","港商野村",21,55,-34
"11353","2929淘帝","110/07/13","元大-民生",28,0,28
"11354","2929淘帝","110/07/13","華南永昌-南京",2,34,-32
"11355","2929淘帝","110/07/13","合庫-高雄",27,0,27
"11356","2929淘帝","110/07/13","群益金鼎-土城",0,30,-30
"11357","2929淘帝","110/07/13","凱基-豐中",27,0,27
"11358","2929淘帝","110/07/13","富邦-南屯",0,22,-22
"11359","2929淘帝","110/07/13","新光",21,4,17
"11360","2929淘帝","110/07/13","第一金-豐原",0,20,-20
"11361","2929淘帝","110/07/13","元大-天母",17,0,17
"11362","2929淘帝","110/07/13","元大-屏南",6,26,-20
"11363","2929淘帝","110/07/13","永興",14,0,14
"11364","2929淘帝","110/07/13","永豐金-敦南",1,21,-20
"11365","2929淘帝","110/07/13","富邦-台北",12,0,12
"11366","2929淘帝","110/07/13","凱基-三重",2,21,-19
"11367","2929淘帝","110/07/13","元大-永和",12,0,12
"11368","2929淘帝","110/07/13","富邦-仁愛",7,25,-18
"11369","2929淘帝","110/07/13","國票-天祥",11,0,11
"11370","2929淘帝","110/07/13","元大-北投",0,16,-16
"11371","5410國眾","110/07/13","兆豐-城中",274,0,274
"11372","5410國眾","110/07/13","元富-嘉義",0,103,-103
"11373","5410國眾","110/07/13","新光",50,4,46
"11374","5410國眾","110/07/13","凱基-台北",0,50,-50
"11375","5410國眾","110/07/13","國泰-台中",26,0,26
"11376","5410國眾","110/07/13","瑞士信貸",0,31,-31
"11377","5410國眾","110/07/13","新加坡商瑞銀",22,0,22
"11378","5410國眾","110/07/13","台新-新莊",0,27,-27
"11379","5410國眾","110/07/13","光和-嘉義",20,0,20
"11380","5410國眾","110/07/13","元大-汐止",0,20,-20
"11381","5410國眾","110/07/13","凱基-竹北",17,0,17
"11382","5410國眾","110/07/13","亞東-新竹",0,17,-17
"11383","5410國眾","110/07/13","新光-桃園",15,0,15
"11384","5410國眾","110/07/13","元大-南勢角",0,13,-13
"11385","5410國眾","110/07/13","凱基-台東",14,0,14
"11386","5410國眾","110/07/13","台新-台南",0,12,-12
"11387","5410國眾","110/07/13","富邦-竹北",11,0,11
"11388","5410國眾","110/07/13","中國信託",0,11,-11
"11389","5410國眾","110/07/13","元富-同大",10,0,10
"11390","5410國眾","110/07/13","華南永昌",0,11,-11
"11391","5410國眾","110/07/13","國泰-敦南",24,15,9
"11392","5410國眾","110/07/13","臺銀-臺南",0,10,-10
"11393","5410國眾","110/07/13","日盛-內湖",7,0,7
"11394","5410國眾","110/07/13","台灣企銀-民雄",0,10,-10
"11395","5410國眾","110/07/13","台新-左楠",7,0,7
"11396","5410國眾","110/07/13","高橋",0,10,-10
"11397","5410國眾","110/07/13","元大-新盛",18,12,6
"11398","5410國眾","110/07/13","康和-嘉義",0,10,-10
"11399","5410國眾","110/07/13","統一",5,0,5
"11400","5410國眾","110/07/13","凱基-基隆",0,10,-10
"11401","2841台開","110/07/13","中國信託-高雄",251,50,201
"11402","2841台開","110/07/13","兆豐-公益",0,177,-177
"11403","2841台開","110/07/13","日盛證券",210,13,197
"11404","2841台開","110/07/13","日進",0,152,-152
"11405","2841台開","110/07/13","第一金-台中",55,0,55
"11406","2841台開","110/07/13","港商野村",0,109,-109
"11407","2841台開","110/07/13","國泰-板橋",46,0,46
"11408","2841台開","110/07/13","日盛-信義",0,103,-103
"11409","2841台開","110/07/13","國泰-館前",48,3,45
"11410","2841台開","110/07/13","國泰-敦南",11,75,-64
"11411","2841台開","110/07/13","華南永昌-新莊",45,0,45
"11412","2841台開","110/07/13","永興",0,50,-50
"11413","2841台開","110/07/13","日盛-園區",42,0,42
"11414","2841台開","110/07/13","永豐金-敦南",61,104,-43
"11415","2841台開","110/07/13","台新證券",32,0,32
"11416","2841台開","110/07/13","富邦-台南",0,42,-42
"11417","2841台開","110/07/13","台新-高雄",32,2,30
"11418","2841台開","110/07/13","國票-安和",0,30,-30
"11419","2841台開","110/07/13","豐農",23,0,23
"11420","2841台開","110/07/13","元大-桃園",0,25,-25
"11421","2841台開","110/07/13","合庫-嘉義",20,0,20
"11422","2841台開","110/07/13","新光",8,32,-24
"11423","2841台開","110/07/13","華南永昌-高雄",20,0,20
"11424","2841台開","110/07/13","元大-仁愛",0,24,-24
"11425","2841台開","110/07/13","元大-樹林",16,0,16
"11426","2841台開","110/07/13","日盛-中和",0,20,-20
"11427","2841台開","110/07/13","第一金-華江",15,2,13
"11428","2841台開","110/07/13","元富",0,20,-20
"11429","2841台開","110/07/13","美商高盛",12,0,12
"11430","2841台開","110/07/13","富邦-宜蘭",0,20,-20
"11431","6207雷科","110/07/13","元大-高雄",121,0,121
"11432","6207雷科","110/07/13","華南永昌-朴子",1,60,-59
"11433","6207雷科","110/07/13","第一金-新興",20,0,20
"11434","6207雷科","110/07/13","元大-南海",0,36,-36
"11435","6207雷科","110/07/13","元富-三重",20,0,20
"11436","6207雷科","110/07/13","凱基-土城",0,35,-35
"11437","6207雷科","110/07/13","元大-林園",15,0,15
"11438","6207雷科","110/07/13","台灣企銀",0,20,-20
"11439","6207雷科","110/07/13","元大-金華",16,1,15
"11440","6207雷科","110/07/13","群益金鼎-丹鳳",0,20,-20
"11441","6207雷科","110/07/13","日盛證券",10,0,10
"11442","6207雷科","110/07/13","元大-博愛",0,17,-17
"11443","6207雷科","110/07/13","統一-台中",10,0,10
"11444","6207雷科","110/07/13","元大-北港",0,13,-13
"11445","6207雷科","110/07/13","群益金鼎-土城",10,0,10
"11446","6207雷科","110/07/13","新加坡商瑞銀",0,12,-12
"11447","6207雷科","110/07/13","群益金鼎-桃園",10,0,10
"11448","6207雷科","110/07/13","凱基-台北",4,16,-12
"11449","6207雷科","110/07/13","永豐金-新莊",10,0,10
"11450","6207雷科","110/07/13","日茂-埔里",0,11,-11
"11451","6207雷科","110/07/13","永豐金-新店",10,0,10
"11452","6207雷科","110/07/13","元大-莒光",0,11,-11
"11453","6207雷科","110/07/13","元大證券",9,0,9
"11454","6207雷科","110/07/13","統一-新竹",0,10,-10
"11455","6207雷科","110/07/13","日盛-木柵",9,1,8
"11456","6207雷科","110/07/13","元大-西螺",0,10,-10
"11457","6207雷科","110/07/13","兆豐-來福",8,0,8
"11458","6207雷科","110/07/13","康和-台中",0,8,-8
"11459","6207雷科","110/07/13","新光",7,0,7
"11460","6207雷科","110/07/13","兆豐-高雄",0,6,-6
"11461","3679新至陞","110/07/13","永豐金證券",50,0,50
"11462","3679新至陞","110/07/13","摩根大通",2,25,-23
"11463","3679新至陞","110/07/13","國泰-桃園",22,0,22
"11464","3679新至陞","110/07/13","元大-成功",0,22,-22
"11465","3679新至陞","110/07/13","台中銀-員林",11,0,11
"11466","3679新至陞","110/07/13","富邦-板橋",1,19,-18
"11467","3679新至陞","110/07/13","元大-文心興安",8,0,8
"11468","3679新至陞","110/07/13","日盛-新莊",0,10,-10
"11469","3679新至陞","110/07/13","美商高盛",6,0,6
"11470","3679新至陞","110/07/13","台新-台中",0,10,-10
"11471","3679新至陞","110/07/13","台新-高雄",6,0,6
"11472","3679新至陞","110/07/13","永豐金-新竹",0,8,-8
"11473","3679新至陞","110/07/13","凱基-台北",18,12,6
"11474","3679新至陞","110/07/13","瑞士信貸",12,19,-7
"11475","3679新至陞","110/07/13","日盛-復興",5,0,5
"11476","3679新至陞","110/07/13","統一-南京",0,7,-7
"11477","3679新至陞","110/07/13","(牛牛牛)亞-鑫豐",4,0,4
"11478","3679新至陞","110/07/13","凱基-新莊",0,7,-7
"11479","3679新至陞","110/07/13","元富-大昌",3,0,3
"11480","3679新至陞","110/07/13","新加坡商瑞銀",0,6,-6
"11481","3679新至陞","110/07/13","富邦-台北",3,0,3
"11482","3679新至陞","110/07/13","合庫-自強",0,5,-5
"11483","3679新至陞","110/07/13","日盛-樹林",2,0,2
"11484","3679新至陞","110/07/13","富邦-桃園",0,5,-5
"11485","3679新至陞","110/07/13","宏遠-光隆",2,0,2
"11486","3679新至陞","110/07/13","永豐金-潮州",0,4,-4
"11487","3679新至陞","110/07/13","美林",3,1,2
"11488","3679新至陞","110/07/13","臺銀-臺南",0,3,-3
"11489","3679新至陞","110/07/13","第一金-中壢",2,0,2
"11490","3679新至陞","110/07/13","元大-六合",0,3,-3
"11491","2727王品","110/07/13","富邦-台北",43,3,40
"11492","2727王品","110/07/13","台灣摩根士丹利",15,97,-82
"11493","2727王品","110/07/13","元大-基隆孝二",40,0,40
"11494","2727王品","110/07/13","玉山-台南",5,57,-52
"11495","2727王品","110/07/13","國票-新莊",40,1,39
"11496","2727王品","110/07/13","新加坡商瑞銀",0,48,-48
"11497","2727王品","110/07/13","第一金-豐原",66,42,24
"11498","2727王品","110/07/13","凱基-台北",41,77,-36
"11499","2727王品","110/07/13","永豐金-大園",34,10,24
"11500","2727王品","110/07/13","永豐金-永康",0,22,-22
"11501","2727王品","110/07/13","元大-北屯",22,0,22
"11502","2727王品","110/07/13","統一-台中",2,22,-20
"11503","2727王品","110/07/13","元大-東蘆",26,7,19
"11504","2727王品","110/07/13","國泰-台中",21,39,-18
"11505","2727王品","110/07/13","永豐金-萬盛",13,1,12
"11506","2727王品","110/07/13","合庫-彰化",3,20,-17
"11507","2727王品","110/07/13","日盛-嘉義",11,0,11
"11508","2727王品","110/07/13","港商野村",13,30,-17
"11509","2727王品","110/07/13","日盛-八德",11,0,11
"11510","2727王品","110/07/13","元大-楊梅",1,16,-15
"11511","2727王品","110/07/13","統一-竹南",11,0,11
"11512","2727王品","110/07/13","凱基-高美館",2,15,-13
"11513","2727王品","110/07/13","日盛-士林",12,2,10
"11514","2727王品","110/07/13","美商高盛",2,14,-12
"11515","2727王品","110/07/13","統一-敦南",10,0,10
"11516","2727王品","110/07/13","統一-平鎮",1,13,-12
"11517","2727王品","110/07/13","中國信託",15,5,10
"11518","2727王品","110/07/13","兆豐-台中港",4,16,-12
"11519","2727王品","110/07/13","兆豐-竹北",13,3,10
"11520","2727王品","110/07/13","凱基-八德",1,13,-12
"11521","1570力肯","110/07/13","新光",115,11,104
"11522","1570力肯","110/07/13","元大-北三重",0,162,-162
"11523","1570力肯","110/07/13","群益金鼎-高雄",54,0,54
"11524","1570力肯","110/07/13","元大-大灣",0,25,-25
"11525","1570力肯","110/07/13","國票-新莊",22,0,22
"11526","1570力肯","110/07/13","永豐金-苓雅",0,22,-22
"11527","1570力肯","110/07/13","日盛-桃園",12,0,12
"11528","1570力肯","110/07/13","永豐金-永康",0,19,-19
"11529","1570力肯","110/07/13","元大-高雄",12,0,12
"11530","1570力肯","110/07/13","富邦-員林",0,15,-15
"11531","1570力肯","110/07/13","合庫-自強",11,0,11
"11532","1570力肯","110/07/13","凱基-台南",0,11,-11
"11533","1570力肯","110/07/13","摩根大通",26,15,11
"11534","1570力肯","110/07/13","日盛-竹北",0,10,-10
"11535","1570力肯","110/07/13","永豐金-中盛",11,0,11
"11536","1570力肯","110/07/13","國票-九鼎",0,10,-10
"11537","1570力肯","110/07/13","兆豐-台中港",10,0,10
"11538","1570力肯","110/07/13","凱基-桃園",0,10,-10
"11539","1570力肯","110/07/13","國泰-松江",9,0,9
"11540","1570力肯","110/07/13","凱基-新豐",0,10,-10
"11541","1570力肯","110/07/13","元大-新盛",9,0,9
"11542","1570力肯","110/07/13","元大-學甲",0,10,-10
"11543","1570力肯","110/07/13","元富-緯城",6,0,6
"11544","1570力肯","110/07/13","群益金鼎-東湖",1,10,-9
"11545","1570力肯","110/07/13","統一-三重",5,0,5
"11546","1570力肯","110/07/13","大昌",0,6,-6
"11547","1570力肯","110/07/13","元大-前金",5,0,5
"11548","1570力肯","110/07/13","元大-土城學府",0,6,-6
"11549","1570力肯","110/07/13","永豐金證券",5,0,5
"11550","1570力肯","110/07/13","統一",0,5,-5
"11551","6180橘子","110/07/13","摩根大通",119,0,119
"11552","6180橘子","110/07/13","元大-崇德",2,61,-59
"11553","6180橘子","110/07/13","美商高盛",96,0,96
"11554","6180橘子","110/07/13","康和-台中",0,51,-51
"11555","6180橘子","110/07/13","新加坡商瑞銀",86,7,79
"11556","6180橘子","110/07/13","康和-台北",0,50,-50
"11557","6180橘子","110/07/13","元大-和平",40,0,40
"11558","6180橘子","110/07/13","元富-潮州",0,40,-40
"11559","6180橘子","110/07/13","凱基-台北",83,47,36
"11560","6180橘子","110/07/13","日盛-永康",0,26,-26
"11561","6180橘子","110/07/13","美林",39,5,34
"11562","6180橘子","110/07/13","永豐金-中正",0,24,-24
"11563","6180橘子","110/07/13","富邦-新竹華信",31,2,29
"11564","6180橘子","110/07/13","國泰-板橋",2,25,-23
"11565","6180橘子","110/07/13","統一-南京",21,0,21
"11566","6180橘子","110/07/13","日盛-大墩",0,20,-20
"11567","6180橘子","110/07/13","富邦-陽明",24,3,21
"11568","6180橘子","110/07/13","元大-草屯",13,32,-19
"11569","6180橘子","110/07/13","大昌-樹林",21,1,20
"11570","6180橘子","110/07/13","元富-林園",1,18,-17
"11571","6180橘子","110/07/13","花旗環球",19,0,19
"11572","6180橘子","110/07/13","新光-新竹",1,18,-17
"11573","6180橘子","110/07/13","華南永昌-台南",19,0,19
"11574","6180橘子","110/07/13","元大-土城永寧",0,17,-17
"11575","6180橘子","110/07/13","福勝",14,0,14
"11576","6180橘子","110/07/13","國泰-新莊",3,19,-16
"11577","6180橘子","110/07/13","富邦-嘉義",12,1,11
"11578","6180橘子","110/07/13","中國信託-永康",6,21,-15
"11579","6180橘子","110/07/13","元大-板橋三民",11,0,11
"11580","6180橘子","110/07/13","凱基-東港",1,15,-14
"11581","2390云辰","110/07/13","新加坡商瑞銀",562,75,487
"11582","2390云辰","110/07/13","大展-台南",0,532,-532
"11583","2390云辰","110/07/13","台灣摩根士丹利",330,155,175
"11584","2390云辰","110/07/13","凱基-台北",668,854,-186
"11585","2390云辰","110/07/13","兆豐-公益",126,25,101
"11586","2390云辰","110/07/13","凱基-三重",12,172,-160
"11587","2390云辰","110/07/13","元富-中港",100,2,98
"11588","2390云辰","110/07/13","兆豐-忠孝",4,161,-157
"11589","2390云辰","110/07/13","統一-新台中",106,9,97
"11590","2390云辰","110/07/13","元大-士林",19,170,-151
"11591","2390云辰","110/07/13","中國信託-松江",81,11,70
"11592","2390云辰","110/07/13","臺銀-新竹",14,117,-103
"11593","2390云辰","110/07/13","日盛-板橋",72,3,69
"11594","2390云辰","110/07/13","國票-台中",4,102,-98
"11595","2390云辰","110/07/13","日盛-和美",57,0,57
"11596","2390云辰","110/07/13","新光",147,232,-85
"11597","2390云辰","110/07/13","永豐金-桃園",88,36,52
"11598","2390云辰","110/07/13","致和-崇德",2,70,-68
"11599","2390云辰","110/07/13","玉山-士林",54,4,50
"11600","2390云辰","110/07/13","群益金鼎-屏東",2,70,-68
"11601","2390云辰","110/07/13","富邦-仁愛",56,6,50
"11602","2390云辰","110/07/13","元大-大里",35,98,-63
"11603","2390云辰","110/07/13","第一金-豐原",50,1,49
"11604","2390云辰","110/07/13","元大-萬華",35,94,-59
"11605","2390云辰","110/07/13","摩根大通",502,453,49
"11606","2390云辰","110/07/13","元富-吉利",2,60,-58
"11607","2390云辰","110/07/13","凱基-松山",61,13,48
"11608","2390云辰","110/07/13","兆豐-新竹",3,53,-50
"11609","2390云辰","110/07/13","大昌",64,22,42
"11610","2390云辰","110/07/13","富邦-嘉義",65,108,-43
"11611","2363矽統","110/07/13","凱基-南崁",2133,63,2070
"11612","2363矽統","110/07/13","凱基-幸福",36,4048,-4012
"11613","2363矽統","110/07/13","國泰-敦南",2195,1617,578
"11614","2363矽統","110/07/13","統一",192,3325,-3133
"11615","2363矽統","110/07/13","中農",670,139,531
"11616","2363矽統","110/07/13","新加坡商瑞銀",1000,2747,-1747
"11617","2363矽統","110/07/13","康和-台中",638,154,484
"11618","2363矽統","110/07/13","凱基-台北",5359,6609,-1250
"11619","2363矽統","110/07/13","群益金鼎-三民",577,137,440
"11620","2363矽統","110/07/13","摩根大通",1930,2858,-928
"11621","2363矽統","110/07/13","台新-屏東",510,88,422
"11622","2363矽統","110/07/13","港商野村",960,1679,-719
"11623","2363矽統","110/07/13","德信-中正",455,67,388
"11624","2363矽統","110/07/13","兆豐-復興",25,705,-680
"11625","2363矽統","110/07/13","日盛-竹北",365,70,295
"11626","2363矽統","110/07/13","統一-仁愛",114,755,-641
"11627","2363矽統","110/07/13","元大-佳里",452,189,263
"11628","2363矽統","110/07/13","統一-敦南",29,638,-609
"11629","2363矽統","110/07/13","國票-博愛",296,38,258
"11630","2363矽統","110/07/13","統一-土城",100,704,-604
"11631","2363矽統","110/07/13","元大-萬華",340,95,245
"11632","2363矽統","110/07/13","統一-城中",116,676,-560
"11633","2363矽統","110/07/13","新光",1259,1031,228
"11634","2363矽統","110/07/13","永豐金證券",306,859,-553
"11635","2363矽統","110/07/13","元富-成功",323,96,227
"11636","2363矽統","110/07/13","元富",54,567,-513
"11637","2363矽統","110/07/13","豐農",228,23,205
"11638","2363矽統","110/07/13","瑞士信貸",202,666,-464
"11639","2363矽統","110/07/13","台灣企銀-岡山",186,4,182
"11640","2363矽統","110/07/13","永豐金-嘉義",67,468,-401
"11641","8112至上","110/07/13","摩根大通",688,296,392
"11642","8112至上","110/07/13","國票-中和",0,401,-401
"11643","8112至上","110/07/13","港商野村",344,145,199
"11644","8112至上","110/07/13","永豐金-板盛",0,205,-205
"11645","8112至上","110/07/13","兆豐-公益",195,5,190
"11646","8112至上","110/07/13","凱基-五股",43,155,-112
"11647","8112至上","110/07/13","台灣摩根士丹利",183,0,183
"11648","8112至上","110/07/13","凱基-市政",0,100,-100
"11649","8112至上","110/07/13","群益金鼎-敦南",153,2,151
"11650","8112至上","110/07/13","元大-大里德芳",1,92,-91
"11651","8112至上","110/07/13","臺銀-金山",146,26,120
"11652","8112至上","110/07/13","玉山-桃園",26,110,-84
"11653","8112至上","110/07/13","臺銀",133,19,114
"11654","8112至上","110/07/13","兆豐-天母",0,81,-81
"11655","8112至上","110/07/13","合庫-台中",115,6,109
"11656","8112至上","110/07/13","凱基-城中",3,84,-81
"11657","8112至上","110/07/13","亞東-板橋",134,26,108
"11658","8112至上","110/07/13","日盛-新莊",9,85,-76
"11659","8112至上","110/07/13","凱基-台北",414,326,88
"11660","8112至上","110/07/13","日盛-台中",2,64,-62
"11661","8112至上","110/07/13","新加坡商瑞銀",181,100,81
"11662","8112至上","110/07/13","日盛-中壢",3,64,-61
"11663","8112至上","110/07/13","國泰-敦南",108,31,77
"11664","8112至上","110/07/13","元大-台中",2,59,-57
"11665","8112至上","110/07/13","第一金-華江",77,4,73
"11666","8112至上","110/07/13","元大-雙和",7,64,-57
"11667","8112至上","110/07/13","永豐金-內湖",73,1,72
"11668","8112至上","110/07/13","元大-高雄",8,62,-54
"11669","8112至上","110/07/13","元大-永和",68,1,67
"11670","8112至上","110/07/13","元大-館前",2,55,-53
"11671","4903聯光通","110/07/13","台灣企銀-太平",56,0,56
"11672","4903聯光通","110/07/13","土銀",0,32,-32
"11673","4903聯光通","110/07/13","元富-新興",23,0,23
"11674","4903聯光通","110/07/13","元大-樹林",0,19,-19
"11675","4903聯光通","110/07/13","日盛-樹林",22,0,22
"11676","4903聯光通","110/07/13","凱基-士林",0,17,-17
"11677","4903聯光通","110/07/13","兆豐-天母",20,0,20
"11678","4903聯光通","110/07/13","國票-博愛",0,14,-14
"11679","4903聯光通","110/07/13","華南永昌-桃園",20,0,20
"11680","4903聯光通","110/07/13","元富",0,10,-10
"11681","4903聯光通","110/07/13","富邦-新店",10,0,10
"11682","4903聯光通","110/07/13","新光",0,10,-10
"11683","4903聯光通","110/07/13","新光-台中",5,0,5
"11684","4903聯光通","110/07/13","玉山-南京東路",0,10,-10
"11685","4903聯光通","110/07/13","華南永昌-台中",5,0,5
"11686","4903聯光通","110/07/13","富邦-陽明",0,10,-10
"11687","4903聯光通","110/07/13","元大-崇德",5,0,5
"11688","4903聯光通","110/07/13","元大-大甲",0,8,-8
"11689","4903聯光通","110/07/13","元大-草屯",5,0,5
"11690","4903聯光通","110/07/13","富邦-台中",0,7,-7
"11691","4903聯光通","110/07/13","元富-草屯",4,0,4
"11692","4903聯光通","110/07/13","凱基-中壢",0,6,-6
"11693","4903聯光通","110/07/13","元大-清水",4,0,4
"11694","4903聯光通","110/07/13","臺銀-民權",0,5,-5
"11695","4903聯光通","110/07/13","元大-東泰",4,0,4
"11696","4903聯光通","110/07/13","日盛-板橋",0,5,-5
"11697","4903聯光通","110/07/13","元大-佳里",2,0,2
"11698","4903聯光通","110/07/13","中國信託-忠孝",0,5,-5
"11699","4903聯光通","110/07/13","永豐金-板橋",2,0,2
"11700","4903聯光通","110/07/13","永豐金-鳳山",0,5,-5
"11701","2929淘帝","110/07/13","玉山-新竹",130,0,130
"11702","2929淘帝","110/07/13","美商高盛",0,177,-177
"11703","2929淘帝","110/07/13","臺銀-民權",60,0,60
"11704","2929淘帝","110/07/13","凱基-台北",6,80,-74
"11705","2929淘帝","110/07/13","新百王",31,0,31
"11706","2929淘帝","110/07/13","元富-大裕",0,49,-49
"11707","2929淘帝","110/07/13","日盛-園區",30,0,30
"11708","2929淘帝","110/07/13","國泰-館前",3,51,-48
"11709","2929淘帝","110/07/13","元大-南投",31,1,30
"11710","2929淘帝","110/07/13","凱基-中壢",0,41,-41
"11711","2929淘帝","110/07/13","兆豐-忠孝",28,0,28
"11712","2929淘帝","110/07/13","港商野村",21,55,-34
"11713","2929淘帝","110/07/13","元大-民生",28,0,28
"11714","2929淘帝","110/07/13","華南永昌-南京",2,34,-32
"11715","2929淘帝","110/07/13","合庫-高雄",27,0,27
"11716","2929淘帝","110/07/13","群益金鼎-土城",0,30,-30
"11717","2929淘帝","110/07/13","凱基-豐中",27,0,27
"11718","2929淘帝","110/07/13","富邦-南屯",0,22,-22
"11719","2929淘帝","110/07/13","新光",21,4,17
"11720","2929淘帝","110/07/13","第一金-豐原",0,20,-20
"11721","2929淘帝","110/07/13","元大-天母",17,0,17
"11722","2929淘帝","110/07/13","元大-屏南",6,26,-20
"11723","2929淘帝","110/07/13","永興",14,0,14
"11724","2929淘帝","110/07/13","永豐金-敦南",1,21,-20
"11725","2929淘帝","110/07/13","富邦-台北",12,0,12
"11726","2929淘帝","110/07/13","凱基-三重",2,21,-19
"11727","2929淘帝","110/07/13","元大-永和",12,0,12
"11728","2929淘帝","110/07/13","富邦-仁愛",7,25,-18
"11729","2929淘帝","110/07/13","國票-天祥",11,0,11
"11730","2929淘帝","110/07/13","元大-北投",0,16,-16
"11731","5410國眾","110/07/13","兆豐-城中",274,0,274
"11732","5410國眾","110/07/13","元富-嘉義",0,103,-103
"11733","5410國眾","110/07/13","新光",50,4,46
"11734","5410國眾","110/07/13","凱基-台北",0,50,-50
"11735","5410國眾","110/07/13","國泰-台中",26,0,26
"11736","5410國眾","110/07/13","瑞士信貸",0,31,-31
"11737","5410國眾","110/07/13","新加坡商瑞銀",22,0,22
"11738","5410國眾","110/07/13","台新-新莊",0,27,-27
"11739","5410國眾","110/07/13","光和-嘉義",20,0,20
"11740","5410國眾","110/07/13","元大-汐止",0,20,-20
"11741","5410國眾","110/07/13","凱基-竹北",17,0,17
"11742","5410國眾","110/07/13","亞東-新竹",0,17,-17
"11743","5410國眾","110/07/13","新光-桃園",15,0,15
"11744","5410國眾","110/07/13","元大-南勢角",0,13,-13
"11745","5410國眾","110/07/13","凱基-台東",14,0,14
"11746","5410國眾","110/07/13","台新-台南",0,12,-12
"11747","5410國眾","110/07/13","富邦-竹北",11,0,11
"11748","5410國眾","110/07/13","中國信託",0,11,-11
"11749","5410國眾","110/07/13","元富-同大",10,0,10
"11750","5410國眾","110/07/13","華南永昌",0,11,-11
"11751","5410國眾","110/07/13","國泰-敦南",24,15,9
"11752","5410國眾","110/07/13","臺銀-臺南",0,10,-10
"11753","5410國眾","110/07/13","日盛-內湖",7,0,7
"11754","5410國眾","110/07/13","台灣企銀-民雄",0,10,-10
"11755","5410國眾","110/07/13","台新-左楠",7,0,7
"11756","5410國眾","110/07/13","高橋",0,10,-10
"11757","5410國眾","110/07/13","元大-新盛",18,12,6
"11758","5410國眾","110/07/13","康和-嘉義",0,10,-10
"11759","5410國眾","110/07/13","統一",5,0,5
"11760","5410國眾","110/07/13","凱基-基隆",0,10,-10
"11761","2841台開","110/07/13","中國信託-高雄",251,50,201
"11762","2841台開","110/07/13","兆豐-公益",0,177,-177
"11763","2841台開","110/07/13","日盛證券",210,13,197
"11764","2841台開","110/07/13","日進",0,152,-152
"11765","2841台開","110/07/13","第一金-台中",55,0,55
"11766","2841台開","110/07/13","港商野村",0,109,-109
"11767","2841台開","110/07/13","國泰-板橋",46,0,46
"11768","2841台開","110/07/13","日盛-信義",0,103,-103
"11769","2841台開","110/07/13","國泰-館前",48,3,45
"11770","2841台開","110/07/13","國泰-敦南",11,75,-64
"11771","2841台開","110/07/13","華南永昌-新莊",45,0,45
"11772","2841台開","110/07/13","永興",0,50,-50
"11773","2841台開","110/07/13","日盛-園區",42,0,42
"11774","2841台開","110/07/13","永豐金-敦南",61,104,-43
"11775","2841台開","110/07/13","台新證券",32,0,32
"11776","2841台開","110/07/13","富邦-台南",0,42,-42
"11777","2841台開","110/07/13","台新-高雄",32,2,30
"11778","2841台開","110/07/13","國票-安和",0,30,-30
"11779","2841台開","110/07/13","豐農",23,0,23
"11780","2841台開","110/07/13","元大-桃園",0,25,-25
"11781","2841台開","110/07/13","合庫-嘉義",20,0,20
"11782","2841台開","110/07/13","新光",8,32,-24
"11783","2841台開","110/07/13","華南永昌-高雄",20,0,20
"11784","2841台開","110/07/13","元大-仁愛",0,24,-24
"11785","2841台開","110/07/13","元大-樹林",16,0,16
"11786","2841台開","110/07/13","日盛-中和",0,20,-20
"11787","2841台開","110/07/13","第一金-華江",15,2,13
"11788","2841台開","110/07/13","元富",0,20,-20
"11789","2841台開","110/07/13","美商高盛",12,0,12
"11790","2841台開","110/07/13","富邦-宜蘭",0,20,-20
"11791","6207雷科","110/07/13","元大-高雄",121,0,121
"11792","6207雷科","110/07/13","華南永昌-朴子",1,60,-59
"11793","6207雷科","110/07/13","第一金-新興",20,0,20
"11794","6207雷科","110/07/13","元大-南海",0,36,-36
"11795","6207雷科","110/07/13","元富-三重",20,0,20
"11796","6207雷科","110/07/13","凱基-土城",0,35,-35
"11797","6207雷科","110/07/13","元大-林園",15,0,15
"11798","6207雷科","110/07/13","台灣企銀",0,20,-20
"11799","6207雷科","110/07/13","元大-金華",16,1,15
"11800","6207雷科","110/07/13","群益金鼎-丹鳳",0,20,-20
"11801","6207雷科","110/07/13","日盛證券",10,0,10
"11802","6207雷科","110/07/13","元大-博愛",0,17,-17
"11803","6207雷科","110/07/13","統一-台中",10,0,10
"11804","6207雷科","110/07/13","元大-北港",0,13,-13
"11805","6207雷科","110/07/13","群益金鼎-土城",10,0,10
"11806","6207雷科","110/07/13","新加坡商瑞銀",0,12,-12
"11807","6207雷科","110/07/13","群益金鼎-桃園",10,0,10
"11808","6207雷科","110/07/13","凱基-台北",4,16,-12
"11809","6207雷科","110/07/13","永豐金-新莊",10,0,10
"11810","6207雷科","110/07/13","日茂-埔里",0,11,-11
"11811","6207雷科","110/07/13","永豐金-新店",10,0,10
"11812","6207雷科","110/07/13","元大-莒光",0,11,-11
"11813","6207雷科","110/07/13","元大證券",9,0,9
"11814","6207雷科","110/07/13","統一-新竹",0,10,-10
"11815","6207雷科","110/07/13","日盛-木柵",9,1,8
"11816","6207雷科","110/07/13","元大-西螺",0,10,-10
"11817","6207雷科","110/07/13","兆豐-來福",8,0,8
"11818","6207雷科","110/07/13","康和-台中",0,8,-8
"11819","6207雷科","110/07/13","新光",7,0,7
"11820","6207雷科","110/07/13","兆豐-高雄",0,6,-6
"11821","3679新至陞","110/07/13","永豐金證券",50,0,50
"11822","3679新至陞","110/07/13","摩根大通",2,25,-23
"11823","3679新至陞","110/07/13","國泰-桃園",22,0,22
"11824","3679新至陞","110/07/13","元大-成功",0,22,-22
"11825","3679新至陞","110/07/13","台中銀-員林",11,0,11
"11826","3679新至陞","110/07/13","富邦-板橋",1,19,-18
"11827","3679新至陞","110/07/13","元大-文心興安",8,0,8
"11828","3679新至陞","110/07/13","日盛-新莊",0,10,-10
"11829","3679新至陞","110/07/13","美商高盛",6,0,6
"11830","3679新至陞","110/07/13","台新-台中",0,10,-10
"11831","3679新至陞","110/07/13","台新-高雄",6,0,6
"11832","3679新至陞","110/07/13","永豐金-新竹",0,8,-8
"11833","3679新至陞","110/07/13","凱基-台北",18,12,6
"11834","3679新至陞","110/07/13","瑞士信貸",12,19,-7
"11835","3679新至陞","110/07/13","日盛-復興",5,0,5
"11836","3679新至陞","110/07/13","統一-南京",0,7,-7
"11837","3679新至陞","110/07/13","(牛牛牛)亞-鑫豐",4,0,4
"11838","3679新至陞","110/07/13","凱基-新莊",0,7,-7
"11839","3679新至陞","110/07/13","元富-大昌",3,0,3
"11840","3679新至陞","110/07/13","新加坡商瑞銀",0,6,-6
"11841","3679新至陞","110/07/13","富邦-台北",3,0,3
"11842","3679新至陞","110/07/13","合庫-自強",0,5,-5
"11843","3679新至陞","110/07/13","日盛-樹林",2,0,2
"11844","3679新至陞","110/07/13","富邦-桃園",0,5,-5
"11845","3679新至陞","110/07/13","宏遠-光隆",2,0,2
"11846","3679新至陞","110/07/13","永豐金-潮州",0,4,-4
"11847","3679新至陞","110/07/13","美林",3,1,2
"11848","3679新至陞","110/07/13","臺銀-臺南",0,3,-3
"11849","3679新至陞","110/07/13","第一金-中壢",2,0,2
"11850","3679新至陞","110/07/13","元大-六合",0,3,-3
"11851","2727王品","110/07/13","富邦-台北",43,3,40
"11852","2727王品","110/07/13","台灣摩根士丹利",15,97,-82
"11853","2727王品","110/07/13","元大-基隆孝二",40,0,40
"11854","2727王品","110/07/13","玉山-台南",5,57,-52
"11855","2727王品","110/07/13","國票-新莊",40,1,39
"11856","2727王品","110/07/13","新加坡商瑞銀",0,48,-48
"11857","2727王品","110/07/13","第一金-豐原",66,42,24
"11858","2727王品","110/07/13","凱基-台北",41,77,-36
"11859","2727王品","110/07/13","永豐金-大園",34,10,24
"11860","2727王品","110/07/13","永豐金-永康",0,22,-22
"11861","2727王品","110/07/13","元大-北屯",22,0,22
"11862","2727王品","110/07/13","統一-台中",2,22,-20
"11863","2727王品","110/07/13","元大-東蘆",26,7,19
"11864","2727王品","110/07/13","國泰-台中",21,39,-18
"11865","2727王品","110/07/13","永豐金-萬盛",13,1,12
"11866","2727王品","110/07/13","合庫-彰化",3,20,-17
"11867","2727王品","110/07/13","日盛-嘉義",11,0,11
"11868","2727王品","110/07/13","港商野村",13,30,-17
"11869","2727王品","110/07/13","日盛-八德",11,0,11
"11870","2727王品","110/07/13","元大-楊梅",1,16,-15
"11871","2727王品","110/07/13","統一-竹南",11,0,11
"11872","2727王品","110/07/13","凱基-高美館",2,15,-13
"11873","2727王品","110/07/13","日盛-士林",12,2,10
"11874","2727王品","110/07/13","美商高盛",2,14,-12
"11875","2727王品","110/07/13","統一-敦南",10,0,10
"11876","2727王品","110/07/13","統一-平鎮",1,13,-12
"11877","2727王品","110/07/13","中國信託",15,5,10
"11878","2727王品","110/07/13","兆豐-台中港",4,16,-12
"11879","2727王品","110/07/13","兆豐-竹北",13,3,10
"11880","2727王品","110/07/13","凱基-八德",1,13,-12
"11881","1570力肯","110/07/13","新光",115,11,104
"11882","1570力肯","110/07/13","元大-北三重",0,162,-162
"11883","1570力肯","110/07/13","群益金鼎-高雄",54,0,54
"11884","1570力肯","110/07/13","元大-大灣",0,25,-25
"11885","1570力肯","110/07/13","國票-新莊",22,0,22
"11886","1570力肯","110/07/13","永豐金-苓雅",0,22,-22
"11887","1570力肯","110/07/13","日盛-桃園",12,0,12
"11888","1570力肯","110/07/13","永豐金-永康",0,19,-19
"11889","1570力肯","110/07/13","元大-高雄",12,0,12
"11890","1570力肯","110/07/13","富邦-員林",0,15,-15
"11891","1570力肯","110/07/13","合庫-自強",11,0,11
"11892","1570力肯","110/07/13","凱基-台南",0,11,-11
"11893","1570力肯","110/07/13","摩根大通",26,15,11
"11894","1570力肯","110/07/13","日盛-竹北",0,10,-10
"11895","1570力肯","110/07/13","永豐金-中盛",11,0,11
"11896","1570力肯","110/07/13","國票-九鼎",0,10,-10
"11897","1570力肯","110/07/13","兆豐-台中港",10,0,10
"11898","1570力肯","110/07/13","凱基-桃園",0,10,-10
"11899","1570力肯","110/07/13","國泰-松江",9,0,9
"11900","1570力肯","110/07/13","凱基-新豐",0,10,-10
"11901","1570力肯","110/07/13","元大-新盛",9,0,9
"11902","1570力肯","110/07/13","元大-學甲",0,10,-10
"11903","1570力肯","110/07/13","元富-緯城",6,0,6
"11904","1570力肯","110/07/13","群益金鼎-東湖",1,10,-9
"11905","1570力肯","110/07/13","統一-三重",5,0,5
"11906","1570力肯","110/07/13","大昌",0,6,-6
"11907","1570力肯","110/07/13","元大-前金",5,0,5
"11908","1570力肯","110/07/13","元大-土城學府",0,6,-6
"11909","1570力肯","110/07/13","永豐金證券",5,0,5
"11910","1570力肯","110/07/13","統一",0,5,-5
"11911","6180橘子","110/07/13","摩根大通",119,0,119
"11912","6180橘子","110/07/13","元大-崇德",2,61,-59
"11913","6180橘子","110/07/13","美商高盛",96,0,96
"11914","6180橘子","110/07/13","康和-台中",0,51,-51
"11915","6180橘子","110/07/13","新加坡商瑞銀",86,7,79
"11916","6180橘子","110/07/13","康和-台北",0,50,-50
"11917","6180橘子","110/07/13","元大-和平",40,0,40
"11918","6180橘子","110/07/13","元富-潮州",0,40,-40
"11919","6180橘子","110/07/13","凱基-台北",83,47,36
"11920","6180橘子","110/07/13","日盛-永康",0,26,-26
"11921","6180橘子","110/07/13","美林",39,5,34
"11922","6180橘子","110/07/13","永豐金-中正",0,24,-24
"11923","6180橘子","110/07/13","富邦-新竹華信",31,2,29
"11924","6180橘子","110/07/13","國泰-板橋",2,25,-23
"11925","6180橘子","110/07/13","統一-南京",21,0,21
"11926","6180橘子","110/07/13","日盛-大墩",0,20,-20
"11927","6180橘子","110/07/13","富邦-陽明",24,3,21
"11928","6180橘子","110/07/13","元大-草屯",13,32,-19
"11929","6180橘子","110/07/13","大昌-樹林",21,1,20
"11930","6180橘子","110/07/13","元富-林園",1,18,-17
"11931","6180橘子","110/07/13","花旗環球",19,0,19
"11932","6180橘子","110/07/13","新光-新竹",1,18,-17
"11933","6180橘子","110/07/13","華南永昌-台南",19,0,19
"11934","6180橘子","110/07/13","元大-土城永寧",0,17,-17
"11935","6180橘子","110/07/13","福勝",14,0,14
"11936","6180橘子","110/07/13","國泰-新莊",3,19,-16
"11937","6180橘子","110/07/13","富邦-嘉義",12,1,11
"11938","6180橘子","110/07/13","中國信託-永康",6,21,-15
"11939","6180橘子","110/07/13","元大-板橋三民",11,0,11
"11940","6180橘子","110/07/13","凱基-東港",1,15,-14
"11941","2390云辰","110/07/13","新加坡商瑞銀",562,75,487
"11942","2390云辰","110/07/13","大展-台南",0,532,-532
"11943","2390云辰","110/07/13","台灣摩根士丹利",330,155,175
"11944","2390云辰","110/07/13","凱基-台北",668,854,-186
"11945","2390云辰","110/07/13","兆豐-公益",126,25,101
"11946","2390云辰","110/07/13","凱基-三重",12,172,-160
"11947","2390云辰","110/07/13","元富-中港",100,2,98
"11948","2390云辰","110/07/13","兆豐-忠孝",4,161,-157
"11949","2390云辰","110/07/13","統一-新台中",106,9,97
"11950","2390云辰","110/07/13","元大-士林",19,170,-151
"11951","2390云辰","110/07/13","中國信託-松江",81,11,70
"11952","2390云辰","110/07/13","臺銀-新竹",14,117,-103
"11953","2390云辰","110/07/13","日盛-板橋",72,3,69
"11954","2390云辰","110/07/13","國票-台中",4,102,-98
"11955","2390云辰","110/07/13","日盛-和美",57,0,57
"11956","2390云辰","110/07/13","新光",147,232,-85
"11957","2390云辰","110/07/13","永豐金-桃園",88,36,52
"11958","2390云辰","110/07/13","致和-崇德",2,70,-68
"11959","2390云辰","110/07/13","玉山-士林",54,4,50
"11960","2390云辰","110/07/13","群益金鼎-屏東",2,70,-68
"11961","2390云辰","110/07/13","富邦-仁愛",56,6,50
"11962","2390云辰","110/07/13","元大-大里",35,98,-63
"11963","2390云辰","110/07/13","第一金-豐原",50,1,49
"11964","2390云辰","110/07/13","元大-萬華",35,94,-59
"11965","2390云辰","110/07/13","摩根大通",502,453,49
"11966","2390云辰","110/07/13","元富-吉利",2,60,-58
"11967","2390云辰","110/07/13","凱基-松山",61,13,48
"11968","2390云辰","110/07/13","兆豐-新竹",3,53,-50
"11969","2390云辰","110/07/13","大昌",64,22,42
"11970","2390云辰","110/07/13","富邦-嘉義",65,108,-43
"11971","2363矽統","110/07/13","凱基-南崁",2133,63,2070
"11972","2363矽統","110/07/13","凱基-幸福",36,4048,-4012
"11973","2363矽統","110/07/13","國泰-敦南",2195,1617,578
"11974","2363矽統","110/07/13","統一",192,3325,-3133
"11975","2363矽統","110/07/13","中農",670,139,531
"11976","2363矽統","110/07/13","新加坡商瑞銀",1000,2747,-1747
"11977","2363矽統","110/07/13","康和-台中",638,154,484
"11978","2363矽統","110/07/13","凱基-台北",5359,6609,-1250
"11979","2363矽統","110/07/13","群益金鼎-三民",577,137,440
"11980","2363矽統","110/07/13","摩根大通",1930,2858,-928
"11981","2363矽統","110/07/13","台新-屏東",510,88,422
"11982","2363矽統","110/07/13","港商野村",960,1679,-719
"11983","2363矽統","110/07/13","德信-中正",455,67,388
"11984","2363矽統","110/07/13","兆豐-復興",25,705,-680
"11985","2363矽統","110/07/13","日盛-竹北",365,70,295
"11986","2363矽統","110/07/13","統一-仁愛",114,755,-641
"11987","2363矽統","110/07/13","元大-佳里",452,189,263
"11988","2363矽統","110/07/13","統一-敦南",29,638,-609
"11989","2363矽統","110/07/13","國票-博愛",296,38,258
"11990","2363矽統","110/07/13","統一-土城",100,704,-604
"11991","2363矽統","110/07/13","元大-萬華",340,95,245
"11992","2363矽統","110/07/13","統一-城中",116,676,-560
"11993","2363矽統","110/07/13","新光",1259,1031,228
"11994","2363矽統","110/07/13","永豐金證券",306,859,-553
"11995","2363矽統","110/07/13","元富-成功",323,96,227
"11996","2363矽統","110/07/13","元富",54,567,-513
"11997","2363矽統","110/07/13","豐農",228,23,205
"11998","2363矽統","110/07/13","瑞士信貸",202,666,-464
"11999","2363矽統","110/07/13","台灣企銀-岡山",186,4,182
"12000","2363矽統","110/07/13","永豐金-嘉義",67,468,-401
"12001","8112至上","110/07/13","摩根大通",688,296,392
"12002","8112至上","110/07/13","國票-中和",0,401,-401
"12003","8112至上","110/07/13","港商野村",344,145,199
"12004","8112至上","110/07/13","永豐金-板盛",0,205,-205
"12005","8112至上","110/07/13","兆豐-公益",195,5,190
"12006","8112至上","110/07/13","凱基-五股",43,155,-112
"12007","8112至上","110/07/13","台灣摩根士丹利",183,0,183
"12008","8112至上","110/07/13","凱基-市政",0,100,-100
"12009","8112至上","110/07/13","群益金鼎-敦南",153,2,151
"12010","8112至上","110/07/13","元大-大里德芳",1,92,-91
"12011","8112至上","110/07/13","臺銀-金山",146,26,120
"12012","8112至上","110/07/13","玉山-桃園",26,110,-84
"12013","8112至上","110/07/13","臺銀",133,19,114
"12014","8112至上","110/07/13","兆豐-天母",0,81,-81
"12015","8112至上","110/07/13","合庫-台中",115,6,109
"12016","8112至上","110/07/13","凱基-城中",3,84,-81
"12017","8112至上","110/07/13","亞東-板橋",134,26,108
"12018","8112至上","110/07/13","日盛-新莊",9,85,-76
"12019","8112至上","110/07/13","凱基-台北",414,326,88
"12020","8112至上","110/07/13","日盛-台中",2,64,-62
"12021","8112至上","110/07/13","新加坡商瑞銀",181,100,81
"12022","8112至上","110/07/13","日盛-中壢",3,64,-61
"12023","8112至上","110/07/13","國泰-敦南",108,31,77
"12024","8112至上","110/07/13","元大-台中",2,59,-57
"12025","8112至上","110/07/13","第一金-華江",77,4,73
"12026","8112至上","110/07/13","元大-雙和",7,64,-57
"12027","8112至上","110/07/13","永豐金-內湖",73,1,72
"12028","8112至上","110/07/13","元大-高雄",8,62,-54
"12029","8112至上","110/07/13","元大-永和",68,1,67
"12030","8112至上","110/07/13","元大-館前",2,55,-53
"12031","4903聯光通","110/07/13","台灣企銀-太平",56,0,56
"12032","4903聯光通","110/07/13","土銀",0,32,-32
"12033","4903聯光通","110/07/13","元富-新興",23,0,23
"12034","4903聯光通","110/07/13","元大-樹林",0,19,-19
"12035","4903聯光通","110/07/13","日盛-樹林",22,0,22
"12036","4903聯光通","110/07/13","凱基-士林",0,17,-17
"12037","4903聯光通","110/07/13","兆豐-天母",20,0,20
"12038","4903聯光通","110/07/13","國票-博愛",0,14,-14
"12039","4903聯光通","110/07/13","華南永昌-桃園",20,0,20
"12040","4903聯光通","110/07/13","元富",0,10,-10
"12041","4903聯光通","110/07/13","富邦-新店",10,0,10
"12042","4903聯光通","110/07/13","新光",0,10,-10
"12043","4903聯光通","110/07/13","新光-台中",5,0,5
"12044","4903聯光通","110/07/13","玉山-南京東路",0,10,-10
"12045","4903聯光通","110/07/13","華南永昌-台中",5,0,5
"12046","4903聯光通","110/07/13","富邦-陽明",0,10,-10
"12047","4903聯光通","110/07/13","元大-崇德",5,0,5
"12048","4903聯光通","110/07/13","元大-大甲",0,8,-8
"12049","4903聯光通","110/07/13","元大-草屯",5,0,5
"12050","4903聯光通","110/07/13","富邦-台中",0,7,-7
"12051","4903聯光通","110/07/13","元富-草屯",4,0,4
"12052","4903聯光通","110/07/13","凱基-中壢",0,6,-6
"12053","4903聯光通","110/07/13","元大-清水",4,0,4
"12054","4903聯光通","110/07/13","臺銀-民權",0,5,-5
"12055","4903聯光通","110/07/13","元大-東泰",4,0,4
"12056","4903聯光通","110/07/13","日盛-板橋",0,5,-5
"12057","4903聯光通","110/07/13","元大-佳里",2,0,2
"12058","4903聯光通","110/07/13","中國信託-忠孝",0,5,-5
"12059","4903聯光通","110/07/13","永豐金-板橋",2,0,2
"12060","4903聯光通","110/07/13","永豐金-鳳山",0,5,-5
"12061","2929淘帝","110/07/13","玉山-新竹",130,0,130
"12062","2929淘帝","110/07/13","美商高盛",0,177,-177
"12063","2929淘帝","110/07/13","臺銀-民權",60,0,60
"12064","2929淘帝","110/07/13","凱基-台北",6,80,-74
"12065","2929淘帝","110/07/13","新百王",31,0,31
"12066","2929淘帝","110/07/13","元富-大裕",0,49,-49
"12067","2929淘帝","110/07/13","日盛-園區",30,0,30
"12068","2929淘帝","110/07/13","國泰-館前",3,51,-48
"12069","2929淘帝","110/07/13","元大-南投",31,1,30
"12070","2929淘帝","110/07/13","凱基-中壢",0,41,-41
"12071","2929淘帝","110/07/13","兆豐-忠孝",28,0,28
"12072","2929淘帝","110/07/13","港商野村",21,55,-34
"12073","2929淘帝","110/07/13","元大-民生",28,0,28
"12074","2929淘帝","110/07/13","華南永昌-南京",2,34,-32
"12075","2929淘帝","110/07/13","合庫-高雄",27,0,27
"12076","2929淘帝","110/07/13","群益金鼎-土城",0,30,-30
"12077","2929淘帝","110/07/13","凱基-豐中",27,0,27
"12078","2929淘帝","110/07/13","富邦-南屯",0,22,-22
"12079","2929淘帝","110/07/13","新光",21,4,17
"12080","2929淘帝","110/07/13","第一金-豐原",0,20,-20
"12081","2929淘帝","110/07/13","元大-天母",17,0,17
"12082","2929淘帝","110/07/13","元大-屏南",6,26,-20
"12083","2929淘帝","110/07/13","永興",14,0,14
"12084","2929淘帝","110/07/13","永豐金-敦南",1,21,-20
"12085","2929淘帝","110/07/13","富邦-台北",12,0,12
"12086","2929淘帝","110/07/13","凱基-三重",2,21,-19
"12087","2929淘帝","110/07/13","元大-永和",12,0,12
"12088","2929淘帝","110/07/13","富邦-仁愛",7,25,-18
"12089","2929淘帝","110/07/13","國票-天祥",11,0,11
"12090","2929淘帝","110/07/13","元大-北投",0,16,-16
"12091","5410國眾","110/07/13","兆豐-城中",274,0,274
"12092","5410國眾","110/07/13","元富-嘉義",0,103,-103
"12093","5410國眾","110/07/13","新光",50,4,46
"12094","5410國眾","110/07/13","凱基-台北",0,50,-50
"12095","5410國眾","110/07/13","國泰-台中",26,0,26
"12096","5410國眾","110/07/13","瑞士信貸",0,31,-31
"12097","5410國眾","110/07/13","新加坡商瑞銀",22,0,22
"12098","5410國眾","110/07/13","台新-新莊",0,27,-27
"12099","5410國眾","110/07/13","光和-嘉義",20,0,20
"12100","5410國眾","110/07/13","元大-汐止",0,20,-20
"12101","5410國眾","110/07/13","凱基-竹北",17,0,17
"12102","5410國眾","110/07/13","亞東-新竹",0,17,-17
"12103","5410國眾","110/07/13","新光-桃園",15,0,15
"12104","5410國眾","110/07/13","元大-南勢角",0,13,-13
"12105","5410國眾","110/07/13","凱基-台東",14,0,14
"12106","5410國眾","110/07/13","台新-台南",0,12,-12
"12107","5410國眾","110/07/13","富邦-竹北",11,0,11
"12108","5410國眾","110/07/13","中國信託",0,11,-11
"12109","5410國眾","110/07/13","元富-同大",10,0,10
"12110","5410國眾","110/07/13","華南永昌",0,11,-11
"12111","5410國眾","110/07/13","國泰-敦南",24,15,9
"12112","5410國眾","110/07/13","臺銀-臺南",0,10,-10
"12113","5410國眾","110/07/13","日盛-內湖",7,0,7
"12114","5410國眾","110/07/13","台灣企銀-民雄",0,10,-10
"12115","5410國眾","110/07/13","台新-左楠",7,0,7
"12116","5410國眾","110/07/13","高橋",0,10,-10
"12117","5410國眾","110/07/13","元大-新盛",18,12,6
"12118","5410國眾","110/07/13","康和-嘉義",0,10,-10
"12119","5410國眾","110/07/13","統一",5,0,5
"12120","5410國眾","110/07/13","凱基-基隆",0,10,-10
"12121","2841台開","110/07/13","中國信託-高雄",251,50,201
"12122","2841台開","110/07/13","兆豐-公益",0,177,-177
"12123","2841台開","110/07/13","日盛證券",210,13,197
"12124","2841台開","110/07/13","日進",0,152,-152
"12125","2841台開","110/07/13","第一金-台中",55,0,55
"12126","2841台開","110/07/13","港商野村",0,109,-109
"12127","2841台開","110/07/13","國泰-板橋",46,0,46
"12128","2841台開","110/07/13","日盛-信義",0,103,-103
"12129","2841台開","110/07/13","國泰-館前",48,3,45
"12130","2841台開","110/07/13","國泰-敦南",11,75,-64
"12131","2841台開","110/07/13","華南永昌-新莊",45,0,45
"12132","2841台開","110/07/13","永興",0,50,-50
"12133","2841台開","110/07/13","日盛-園區",42,0,42
"12134","2841台開","110/07/13","永豐金-敦南",61,104,-43
"12135","2841台開","110/07/13","台新證券",32,0,32
"12136","2841台開","110/07/13","富邦-台南",0,42,-42
"12137","2841台開","110/07/13","台新-高雄",32,2,30
"12138","2841台開","110/07/13","國票-安和",0,30,-30
"12139","2841台開","110/07/13","豐農",23,0,23
"12140","2841台開","110/07/13","元大-桃園",0,25,-25
"12141","2841台開","110/07/13","合庫-嘉義",20,0,20
"12142","2841台開","110/07/13","新光",8,32,-24
"12143","2841台開","110/07/13","華南永昌-高雄",20,0,20
"12144","2841台開","110/07/13","元大-仁愛",0,24,-24
"12145","2841台開","110/07/13","元大-樹林",16,0,16
"12146","2841台開","110/07/13","日盛-中和",0,20,-20
"12147","2841台開","110/07/13","第一金-華江",15,2,13
"12148","2841台開","110/07/13","元富",0,20,-20
"12149","2841台開","110/07/13","美商高盛",12,0,12
"12150","2841台開","110/07/13","富邦-宜蘭",0,20,-20
"12151","6207雷科","110/07/13","元大-高雄",121,0,121
"12152","6207雷科","110/07/13","華南永昌-朴子",1,60,-59
"12153","6207雷科","110/07/13","第一金-新興",20,0,20
"12154","6207雷科","110/07/13","元大-南海",0,36,-36
"12155","6207雷科","110/07/13","元富-三重",20,0,20
"12156","6207雷科","110/07/13","凱基-土城",0,35,-35
"12157","6207雷科","110/07/13","元大-林園",15,0,15
"12158","6207雷科","110/07/13","台灣企銀",0,20,-20
"12159","6207雷科","110/07/13","元大-金華",16,1,15
"12160","6207雷科","110/07/13","群益金鼎-丹鳳",0,20,-20
"12161","6207雷科","110/07/13","日盛證券",10,0,10
"12162","6207雷科","110/07/13","元大-博愛",0,17,-17
"12163","6207雷科","110/07/13","統一-台中",10,0,10
"12164","6207雷科","110/07/13","元大-北港",0,13,-13
"12165","6207雷科","110/07/13","群益金鼎-土城",10,0,10
"12166","6207雷科","110/07/13","新加坡商瑞銀",0,12,-12
"12167","6207雷科","110/07/13","群益金鼎-桃園",10,0,10
"12168","6207雷科","110/07/13","凱基-台北",4,16,-12
"12169","6207雷科","110/07/13","永豐金-新莊",10,0,10
"12170","6207雷科","110/07/13","日茂-埔里",0,11,-11
"12171","6207雷科","110/07/13","永豐金-新店",10,0,10
"12172","6207雷科","110/07/13","元大-莒光",0,11,-11
"12173","6207雷科","110/07/13","元大證券",9,0,9
"12174","6207雷科","110/07/13","統一-新竹",0,10,-10
"12175","6207雷科","110/07/13","日盛-木柵",9,1,8
"12176","6207雷科","110/07/13","元大-西螺",0,10,-10
"12177","6207雷科","110/07/13","兆豐-來福",8,0,8
"12178","6207雷科","110/07/13","康和-台中",0,8,-8
"12179","6207雷科","110/07/13","新光",7,0,7
"12180","6207雷科","110/07/13","兆豐-高雄",0,6,-6
"12181","3679新至陞","110/07/13","永豐金證券",50,0,50
"12182","3679新至陞","110/07/13","摩根大通",2,25,-23
"12183","3679新至陞","110/07/13","國泰-桃園",22,0,22
"12184","3679新至陞","110/07/13","元大-成功",0,22,-22
"12185","3679新至陞","110/07/13","台中銀-員林",11,0,11
"12186","3679新至陞","110/07/13","富邦-板橋",1,19,-18
"12187","3679新至陞","110/07/13","元大-文心興安",8,0,8
"12188","3679新至陞","110/07/13","日盛-新莊",0,10,-10
"12189","3679新至陞","110/07/13","美商高盛",6,0,6
"12190","3679新至陞","110/07/13","台新-台中",0,10,-10
"12191","3679新至陞","110/07/13","台新-高雄",6,0,6
"12192","3679新至陞","110/07/13","永豐金-新竹",0,8,-8
"12193","3679新至陞","110/07/13","凱基-台北",18,12,6
"12194","3679新至陞","110/07/13","瑞士信貸",12,19,-7
"12195","3679新至陞","110/07/13","日盛-復興",5,0,5
"12196","3679新至陞","110/07/13","統一-南京",0,7,-7
"12197","3679新至陞","110/07/13","(牛牛牛)亞-鑫豐",4,0,4
"12198","3679新至陞","110/07/13","凱基-新莊",0,7,-7
"12199","3679新至陞","110/07/13","元富-大昌",3,0,3
"12200","3679新至陞","110/07/13","新加坡商瑞銀",0,6,-6
"12201","3679新至陞","110/07/13","富邦-台北",3,0,3
"12202","3679新至陞","110/07/13","合庫-自強",0,5,-5
"12203","3679新至陞","110/07/13","日盛-樹林",2,0,2
"12204","3679新至陞","110/07/13","富邦-桃園",0,5,-5
"12205","3679新至陞","110/07/13","宏遠-光隆",2,0,2
"12206","3679新至陞","110/07/13","永豐金-潮州",0,4,-4
"12207","3679新至陞","110/07/13","美林",3,1,2
"12208","3679新至陞","110/07/13","臺銀-臺南",0,3,-3
"12209","3679新至陞","110/07/13","第一金-中壢",2,0,2
"12210","3679新至陞","110/07/13","元大-六合",0,3,-3
"12211","2727王品","110/07/13","富邦-台北",43,3,40
"12212","2727王品","110/07/13","台灣摩根士丹利",15,97,-82
"12213","2727王品","110/07/13","元大-基隆孝二",40,0,40
"12214","2727王品","110/07/13","玉山-台南",5,57,-52
"12215","2727王品","110/07/13","國票-新莊",40,1,39
"12216","2727王品","110/07/13","新加坡商瑞銀",0,48,-48
"12217","2727王品","110/07/13","第一金-豐原",66,42,24
"12218","2727王品","110/07/13","凱基-台北",41,77,-36
"12219","2727王品","110/07/13","永豐金-大園",34,10,24
"12220","2727王品","110/07/13","永豐金-永康",0,22,-22
"12221","2727王品","110/07/13","元大-北屯",22,0,22
"12222","2727王品","110/07/13","統一-台中",2,22,-20
"12223","2727王品","110/07/13","元大-東蘆",26,7,19
"12224","2727王品","110/07/13","國泰-台中",21,39,-18
"12225","2727王品","110/07/13","永豐金-萬盛",13,1,12
"12226","2727王品","110/07/13","合庫-彰化",3,20,-17
"12227","2727王品","110/07/13","日盛-嘉義",11,0,11
"12228","2727王品","110/07/13","港商野村",13,30,-17
"12229","2727王品","110/07/13","日盛-八德",11,0,11
"12230","2727王品","110/07/13","元大-楊梅",1,16,-15
"12231","2727王品","110/07/13","統一-竹南",11,0,11
"12232","2727王品","110/07/13","凱基-高美館",2,15,-13
"12233","2727王品","110/07/13","日盛-士林",12,2,10
"12234","2727王品","110/07/13","美商高盛",2,14,-12
"12235","2727王品","110/07/13","統一-敦南",10,0,10
"12236","2727王品","110/07/13","統一-平鎮",1,13,-12
"12237","2727王品","110/07/13","中國信託",15,5,10
"12238","2727王品","110/07/13","兆豐-台中港",4,16,-12
"12239","2727王品","110/07/13","兆豐-竹北",13,3,10
"12240","2727王品","110/07/13","凱基-八德",1,13,-12
"12241","1570力肯","110/07/13","新光",115,11,104
"12242","1570力肯","110/07/13","元大-北三重",0,162,-162
"12243","1570力肯","110/07/13","群益金鼎-高雄",54,0,54
"12244","1570力肯","110/07/13","元大-大灣",0,25,-25
"12245","1570力肯","110/07/13","國票-新莊",22,0,22
"12246","1570力肯","110/07/13","永豐金-苓雅",0,22,-22
"12247","1570力肯","110/07/13","日盛-桃園",12,0,12
"12248","1570力肯","110/07/13","永豐金-永康",0,19,-19
"12249","1570力肯","110/07/13","元大-高雄",12,0,12
"12250","1570力肯","110/07/13","富邦-員林",0,15,-15
"12251","1570力肯","110/07/13","合庫-自強",11,0,11
"12252","1570力肯","110/07/13","凱基-台南",0,11,-11
"12253","1570力肯","110/07/13","摩根大通",26,15,11
"12254","1570力肯","110/07/13","日盛-竹北",0,10,-10
"12255","1570力肯","110/07/13","永豐金-中盛",11,0,11
"12256","1570力肯","110/07/13","國票-九鼎",0,10,-10
"12257","1570力肯","110/07/13","兆豐-台中港",10,0,10
"12258","1570力肯","110/07/13","凱基-桃園",0,10,-10
"12259","1570力肯","110/07/13","國泰-松江",9,0,9
"12260","1570力肯","110/07/13","凱基-新豐",0,10,-10
"12261","1570力肯","110/07/13","元大-新盛",9,0,9
"12262","1570力肯","110/07/13","元大-學甲",0,10,-10
"12263","1570力肯","110/07/13","元富-緯城",6,0,6
"12264","1570力肯","110/07/13","群益金鼎-東湖",1,10,-9
"12265","1570力肯","110/07/13","統一-三重",5,0,5
"12266","1570力肯","110/07/13","大昌",0,6,-6
"12267","1570力肯","110/07/13","元大-前金",5,0,5
"12268","1570力肯","110/07/13","元大-土城學府",0,6,-6
"12269","1570力肯","110/07/13","永豐金證券",5,0,5
"12270","1570力肯","110/07/13","統一",0,5,-5
"12271","6180橘子","110/07/13","摩根大通",119,0,119
"12272","6180橘子","110/07/13","元大-崇德",2,61,-59
"12273","6180橘子","110/07/13","美商高盛",96,0,96
"12274","6180橘子","110/07/13","康和-台中",0,51,-51
"12275","6180橘子","110/07/13","新加坡商瑞銀",86,7,79
"12276","6180橘子","110/07/13","康和-台北",0,50,-50
"12277","6180橘子","110/07/13","元大-和平",40,0,40
"12278","6180橘子","110/07/13","元富-潮州",0,40,-40
"12279","6180橘子","110/07/13","凱基-台北",83,47,36
"12280","6180橘子","110/07/13","日盛-永康",0,26,-26
"12281","6180橘子","110/07/13","美林",39,5,34
"12282","6180橘子","110/07/13","永豐金-中正",0,24,-24
"12283","6180橘子","110/07/13","富邦-新竹華信",31,2,29
"12284","6180橘子","110/07/13","國泰-板橋",2,25,-23
"12285","6180橘子","110/07/13","統一-南京",21,0,21
"12286","6180橘子","110/07/13","日盛-大墩",0,20,-20
"12287","6180橘子","110/07/13","富邦-陽明",24,3,21
"12288","6180橘子","110/07/13","元大-草屯",13,32,-19
"12289","6180橘子","110/07/13","大昌-樹林",21,1,20
"12290","6180橘子","110/07/13","元富-林園",1,18,-17
"12291","6180橘子","110/07/13","花旗環球",19,0,19
"12292","6180橘子","110/07/13","新光-新竹",1,18,-17
"12293","6180橘子","110/07/13","華南永昌-台南",19,0,19
"12294","6180橘子","110/07/13","元大-土城永寧",0,17,-17
"12295","6180橘子","110/07/13","福勝",14,0,14
"12296","6180橘子","110/07/13","國泰-新莊",3,19,-16
"12297","6180橘子","110/07/13","富邦-嘉義",12,1,11
"12298","6180橘子","110/07/13","中國信託-永康",6,21,-15
"12299","6180橘子","110/07/13","元大-板橋三民",11,0,11
"12300","6180橘子","110/07/13","凱基-東港",1,15,-14
"12301","2390云辰","110/07/13","新加坡商瑞銀",562,75,487
"12302","2390云辰","110/07/13","大展-台南",0,532,-532
"12303","2390云辰","110/07/13","台灣摩根士丹利",330,155,175
"12304","2390云辰","110/07/13","凱基-台北",668,854,-186
"12305","2390云辰","110/07/13","兆豐-公益",126,25,101
"12306","2390云辰","110/07/13","凱基-三重",12,172,-160
"12307","2390云辰","110/07/13","元富-中港",100,2,98
"12308","2390云辰","110/07/13","兆豐-忠孝",4,161,-157
"12309","2390云辰","110/07/13","統一-新台中",106,9,97
"12310","2390云辰","110/07/13","元大-士林",19,170,-151
"12311","2390云辰","110/07/13","中國信託-松江",81,11,70
"12312","2390云辰","110/07/13","臺銀-新竹",14,117,-103
"12313","2390云辰","110/07/13","日盛-板橋",72,3,69
"12314","2390云辰","110/07/13","國票-台中",4,102,-98
"12315","2390云辰","110/07/13","日盛-和美",57,0,57
"12316","2390云辰","110/07/13","新光",147,232,-85
"12317","2390云辰","110/07/13","永豐金-桃園",88,36,52
"12318","2390云辰","110/07/13","致和-崇德",2,70,-68
"12319","2390云辰","110/07/13","玉山-士林",54,4,50
"12320","2390云辰","110/07/13","群益金鼎-屏東",2,70,-68
"12321","2390云辰","110/07/13","富邦-仁愛",56,6,50
"12322","2390云辰","110/07/13","元大-大里",35,98,-63
"12323","2390云辰","110/07/13","第一金-豐原",50,1,49
"12324","2390云辰","110/07/13","元大-萬華",35,94,-59
"12325","2390云辰","110/07/13","摩根大通",502,453,49
"12326","2390云辰","110/07/13","元富-吉利",2,60,-58
"12327","2390云辰","110/07/13","凱基-松山",61,13,48
"12328","2390云辰","110/07/13","兆豐-新竹",3,53,-50
"12329","2390云辰","110/07/13","大昌",64,22,42
"12330","2390云辰","110/07/13","富邦-嘉義",65,108,-43
"12331","2363矽統","110/07/13","凱基-南崁",2133,63,2070
"12332","2363矽統","110/07/13","凱基-幸福",36,4048,-4012
"12333","2363矽統","110/07/13","國泰-敦南",2195,1617,578
"12334","2363矽統","110/07/13","統一",192,3325,-3133
"12335","2363矽統","110/07/13","中農",670,139,531
"12336","2363矽統","110/07/13","新加坡商瑞銀",1000,2747,-1747
"12337","2363矽統","110/07/13","康和-台中",638,154,484
"12338","2363矽統","110/07/13","凱基-台北",5359,6609,-1250
"12339","2363矽統","110/07/13","群益金鼎-三民",577,137,440
"12340","2363矽統","110/07/13","摩根大通",1930,2858,-928
"12341","2363矽統","110/07/13","台新-屏東",510,88,422
"12342","2363矽統","110/07/13","港商野村",960,1679,-719
"12343","2363矽統","110/07/13","德信-中正",455,67,388
"12344","2363矽統","110/07/13","兆豐-復興",25,705,-680
"12345","2363矽統","110/07/13","日盛-竹北",365,70,295
"12346","2363矽統","110/07/13","統一-仁愛",114,755,-641
"12347","2363矽統","110/07/13","元大-佳里",452,189,263
"12348","2363矽統","110/07/13","統一-敦南",29,638,-609
"12349","2363矽統","110/07/13","國票-博愛",296,38,258
"12350","2363矽統","110/07/13","統一-土城",100,704,-604
"12351","2363矽統","110/07/13","元大-萬華",340,95,245
"12352","2363矽統","110/07/13","統一-城中",116,676,-560
"12353","2363矽統","110/07/13","新光",1259,1031,228
"12354","2363矽統","110/07/13","永豐金證券",306,859,-553
"12355","2363矽統","110/07/13","元富-成功",323,96,227
"12356","2363矽統","110/07/13","元富",54,567,-513
"12357","2363矽統","110/07/13","豐農",228,23,205
"12358","2363矽統","110/07/13","瑞士信貸",202,666,-464
"12359","2363矽統","110/07/13","台灣企銀-岡山",186,4,182
"12360","2363矽統","110/07/13","永豐金-嘉義",67,468,-401
"12361","8112至上","110/07/13","摩根大通",688,296,392
"12362","8112至上","110/07/13","國票-中和",0,401,-401
"12363","8112至上","110/07/13","港商野村",344,145,199
"12364","8112至上","110/07/13","永豐金-板盛",0,205,-205
"12365","8112至上","110/07/13","兆豐-公益",195,5,190
"12366","8112至上","110/07/13","凱基-五股",43,155,-112
"12367","8112至上","110/07/13","台灣摩根士丹利",183,0,183
"12368","8112至上","110/07/13","凱基-市政",0,100,-100
"12369","8112至上","110/07/13","群益金鼎-敦南",153,2,151
"12370","8112至上","110/07/13","元大-大里德芳",1,92,-91
"12371","8112至上","110/07/13","臺銀-金山",146,26,120
"12372","8112至上","110/07/13","玉山-桃園",26,110,-84
"12373","8112至上","110/07/13","臺銀",133,19,114
"12374","8112至上","110/07/13","兆豐-天母",0,81,-81
"12375","8112至上","110/07/13","合庫-台中",115,6,109
"12376","8112至上","110/07/13","凱基-城中",3,84,-81
"12377","8112至上","110/07/13","亞東-板橋",134,26,108
"12378","8112至上","110/07/13","日盛-新莊",9,85,-76
"12379","8112至上","110/07/13","凱基-台北",414,326,88
"12380","8112至上","110/07/13","日盛-台中",2,64,-62
"12381","8112至上","110/07/13","新加坡商瑞銀",181,100,81
"12382","8112至上","110/07/13","日盛-中壢",3,64,-61
"12383","8112至上","110/07/13","國泰-敦南",108,31,77
"12384","8112至上","110/07/13","元大-台中",2,59,-57
"12385","8112至上","110/07/13","第一金-華江",77,4,73
"12386","8112至上","110/07/13","元大-雙和",7,64,-57
"12387","8112至上","110/07/13","永豐金-內湖",73,1,72
"12388","8112至上","110/07/13","元大-高雄",8,62,-54
"12389","8112至上","110/07/13","元大-永和",68,1,67
"12390","8112至上","110/07/13","元大-館前",2,55,-53
"12391","4903聯光通","110/07/13","台灣企銀-太平",56,0,56
"12392","4903聯光通","110/07/13","土銀",0,32,-32
"12393","4903聯光通","110/07/13","元富-新興",23,0,23
"12394","4903聯光通","110/07/13","元大-樹林",0,19,-19
"12395","4903聯光通","110/07/13","日盛-樹林",22,0,22
"12396","4903聯光通","110/07/13","凱基-士林",0,17,-17
"12397","4903聯光通","110/07/13","兆豐-天母",20,0,20
"12398","4903聯光通","110/07/13","國票-博愛",0,14,-14
"12399","4903聯光通","110/07/13","華南永昌-桃園",20,0,20
"12400","4903聯光通","110/07/13","元富",0,10,-10
"12401","4903聯光通","110/07/13","富邦-新店",10,0,10
"12402","4903聯光通","110/07/13","新光",0,10,-10
"12403","4903聯光通","110/07/13","新光-台中",5,0,5
"12404","4903聯光通","110/07/13","玉山-南京東路",0,10,-10
"12405","4903聯光通","110/07/13","華南永昌-台中",5,0,5
"12406","4903聯光通","110/07/13","富邦-陽明",0,10,-10
"12407","4903聯光通","110/07/13","元大-崇德",5,0,5
"12408","4903聯光通","110/07/13","元大-大甲",0,8,-8
"12409","4903聯光通","110/07/13","元大-草屯",5,0,5
"12410","4903聯光通","110/07/13","富邦-台中",0,7,-7
"12411","4903聯光通","110/07/13","元富-草屯",4,0,4
"12412","4903聯光通","110/07/13","凱基-中壢",0,6,-6
"12413","4903聯光通","110/07/13","元大-清水",4,0,4
"12414","4903聯光通","110/07/13","臺銀-民權",0,5,-5
"12415","4903聯光通","110/07/13","元大-東泰",4,0,4
"12416","4903聯光通","110/07/13","日盛-板橋",0,5,-5
"12417","4903聯光通","110/07/13","元大-佳里",2,0,2
"12418","4903聯光通","110/07/13","中國信託-忠孝",0,5,-5
"12419","4903聯光通","110/07/13","永豐金-板橋",2,0,2
"12420","4903聯光通","110/07/13","永豐金-鳳山",0,5,-5
"12421","2929淘帝","110/07/13","玉山-新竹",130,0,130
"12422","2929淘帝","110/07/13","美商高盛",0,177,-177
"12423","2929淘帝","110/07/13","臺銀-民權",60,0,60
"12424","2929淘帝","110/07/13","凱基-台北",6,80,-74
"12425","2929淘帝","110/07/13","新百王",31,0,31
"12426","2929淘帝","110/07/13","元富-大裕",0,49,-49
"12427","2929淘帝","110/07/13","日盛-園區",30,0,30
"12428","2929淘帝","110/07/13","國泰-館前",3,51,-48
"12429","2929淘帝","110/07/13","元大-南投",31,1,30
"12430","2929淘帝","110/07/13","凱基-中壢",0,41,-41
"12431","2929淘帝","110/07/13","兆豐-忠孝",28,0,28
"12432","2929淘帝","110/07/13","港商野村",21,55,-34
"12433","2929淘帝","110/07/13","元大-民生",28,0,28
"12434","2929淘帝","110/07/13","華南永昌-南京",2,34,-32
"12435","2929淘帝","110/07/13","合庫-高雄",27,0,27
"12436","2929淘帝","110/07/13","群益金鼎-土城",0,30,-30
"12437","2929淘帝","110/07/13","凱基-豐中",27,0,27
"12438","2929淘帝","110/07/13","富邦-南屯",0,22,-22
"12439","2929淘帝","110/07/13","新光",21,4,17
"12440","2929淘帝","110/07/13","第一金-豐原",0,20,-20
"12441","2929淘帝","110/07/13","元大-天母",17,0,17
"12442","2929淘帝","110/07/13","元大-屏南",6,26,-20
"12443","2929淘帝","110/07/13","永興",14,0,14
"12444","2929淘帝","110/07/13","永豐金-敦南",1,21,-20
"12445","2929淘帝","110/07/13","富邦-台北",12,0,12
"12446","2929淘帝","110/07/13","凱基-三重",2,21,-19
"12447","2929淘帝","110/07/13","元大-永和",12,0,12
"12448","2929淘帝","110/07/13","富邦-仁愛",7,25,-18
"12449","2929淘帝","110/07/13","國票-天祥",11,0,11
"12450","2929淘帝","110/07/13","元大-北投",0,16,-16
"12451","5410國眾","110/07/13","兆豐-城中",274,0,274
"12452","5410國眾","110/07/13","元富-嘉義",0,103,-103
"12453","5410國眾","110/07/13","新光",50,4,46
"12454","5410國眾","110/07/13","凱基-台北",0,50,-50
"12455","5410國眾","110/07/13","國泰-台中",26,0,26
"12456","5410國眾","110/07/13","瑞士信貸",0,31,-31
"12457","5410國眾","110/07/13","新加坡商瑞銀",22,0,22
"12458","5410國眾","110/07/13","台新-新莊",0,27,-27
"12459","5410國眾","110/07/13","光和-嘉義",20,0,20
"12460","5410國眾","110/07/13","元大-汐止",0,20,-20
"12461","5410國眾","110/07/13","凱基-竹北",17,0,17
"12462","5410國眾","110/07/13","亞東-新竹",0,17,-17
"12463","5410國眾","110/07/13","新光-桃園",15,0,15
"12464","5410國眾","110/07/13","元大-南勢角",0,13,-13
"12465","5410國眾","110/07/13","凱基-台東",14,0,14
"12466","5410國眾","110/07/13","台新-台南",0,12,-12
"12467","5410國眾","110/07/13","富邦-竹北",11,0,11
"12468","5410國眾","110/07/13","中國信託",0,11,-11
"12469","5410國眾","110/07/13","元富-同大",10,0,10
"12470","5410國眾","110/07/13","華南永昌",0,11,-11
"12471","5410國眾","110/07/13","國泰-敦南",24,15,9
"12472","5410國眾","110/07/13","臺銀-臺南",0,10,-10
"12473","5410國眾","110/07/13","日盛-內湖",7,0,7
"12474","5410國眾","110/07/13","台灣企銀-民雄",0,10,-10
"12475","5410國眾","110/07/13","台新-左楠",7,0,7
"12476","5410國眾","110/07/13","高橋",0,10,-10
"12477","5410國眾","110/07/13","元大-新盛",18,12,6
"12478","5410國眾","110/07/13","康和-嘉義",0,10,-10
"12479","5410國眾","110/07/13","統一",5,0,5
"12480","5410國眾","110/07/13","凱基-基隆",0,10,-10
"12481","2841台開","110/07/13","中國信託-高雄",251,50,201
"12482","2841台開","110/07/13","兆豐-公益",0,177,-177
"12483","2841台開","110/07/13","日盛證券",210,13,197
"12484","2841台開","110/07/13","日進",0,152,-152
"12485","2841台開","110/07/13","第一金-台中",55,0,55
"12486","2841台開","110/07/13","港商野村",0,109,-109
"12487","2841台開","110/07/13","國泰-板橋",46,0,46
"12488","2841台開","110/07/13","日盛-信義",0,103,-103
"12489","2841台開","110/07/13","國泰-館前",48,3,45
"12490","2841台開","110/07/13","國泰-敦南",11,75,-64
"12491","2841台開","110/07/13","華南永昌-新莊",45,0,45
"12492","2841台開","110/07/13","永興",0,50,-50
"12493","2841台開","110/07/13","日盛-園區",42,0,42
"12494","2841台開","110/07/13","永豐金-敦南",61,104,-43
"12495","2841台開","110/07/13","台新證券",32,0,32
"12496","2841台開","110/07/13","富邦-台南",0,42,-42
"12497","2841台開","110/07/13","台新-高雄",32,2,30
"12498","2841台開","110/07/13","國票-安和",0,30,-30
"12499","2841台開","110/07/13","豐農",23,0,23
"12500","2841台開","110/07/13","元大-桃園",0,25,-25
"12501","2841台開","110/07/13","合庫-嘉義",20,0,20
"12502","2841台開","110/07/13","新光",8,32,-24
"12503","2841台開","110/07/13","華南永昌-高雄",20,0,20
"12504","2841台開","110/07/13","元大-仁愛",0,24,-24
"12505","2841台開","110/07/13","元大-樹林",16,0,16
"12506","2841台開","110/07/13","日盛-中和",0,20,-20
"12507","2841台開","110/07/13","第一金-華江",15,2,13
"12508","2841台開","110/07/13","元富",0,20,-20
"12509","2841台開","110/07/13","美商高盛",12,0,12
"12510","2841台開","110/07/13","富邦-宜蘭",0,20,-20
"12511","6207雷科","110/07/13","元大-高雄",121,0,121
"12512","6207雷科","110/07/13","華南永昌-朴子",1,60,-59
"12513","6207雷科","110/07/13","第一金-新興",20,0,20
"12514","6207雷科","110/07/13","元大-南海",0,36,-36
"12515","6207雷科","110/07/13","元富-三重",20,0,20
"12516","6207雷科","110/07/13","凱基-土城",0,35,-35
"12517","6207雷科","110/07/13","元大-林園",15,0,15
"12518","6207雷科","110/07/13","台灣企銀",0,20,-20
"12519","6207雷科","110/07/13","元大-金華",16,1,15
"12520","6207雷科","110/07/13","群益金鼎-丹鳳",0,20,-20
"12521","6207雷科","110/07/13","日盛證券",10,0,10
"12522","6207雷科","110/07/13","元大-博愛",0,17,-17
"12523","6207雷科","110/07/13","統一-台中",10,0,10
"12524","6207雷科","110/07/13","元大-北港",0,13,-13
"12525","6207雷科","110/07/13","群益金鼎-土城",10,0,10
"12526","6207雷科","110/07/13","新加坡商瑞銀",0,12,-12
"12527","6207雷科","110/07/13","群益金鼎-桃園",10,0,10
"12528","6207雷科","110/07/13","凱基-台北",4,16,-12
"12529","6207雷科","110/07/13","永豐金-新莊",10,0,10
"12530","6207雷科","110/07/13","日茂-埔里",0,11,-11
"12531","6207雷科","110/07/13","永豐金-新店",10,0,10
"12532","6207雷科","110/07/13","元大-莒光",0,11,-11
"12533","6207雷科","110/07/13","元大證券",9,0,9
"12534","6207雷科","110/07/13","統一-新竹",0,10,-10
"12535","6207雷科","110/07/13","日盛-木柵",9,1,8
"12536","6207雷科","110/07/13","元大-西螺",0,10,-10
"12537","6207雷科","110/07/13","兆豐-來福",8,0,8
"12538","6207雷科","110/07/13","康和-台中",0,8,-8
"12539","6207雷科","110/07/13","新光",7,0,7
"12540","6207雷科","110/07/13","兆豐-高雄",0,6,-6
"12541","3679新至陞","110/07/13","永豐金證券",50,0,50
"12542","3679新至陞","110/07/13","摩根大通",2,25,-23
"12543","3679新至陞","110/07/13","國泰-桃園",22,0,22
"12544","3679新至陞","110/07/13","元大-成功",0,22,-22
"12545","3679新至陞","110/07/13","台中銀-員林",11,0,11
"12546","3679新至陞","110/07/13","富邦-板橋",1,19,-18
"12547","3679新至陞","110/07/13","元大-文心興安",8,0,8
"12548","3679新至陞","110/07/13","日盛-新莊",0,10,-10
"12549","3679新至陞","110/07/13","美商高盛",6,0,6
"12550","3679新至陞","110/07/13","台新-台中",0,10,-10
"12551","3679新至陞","110/07/13","台新-高雄",6,0,6
"12552","3679新至陞","110/07/13","永豐金-新竹",0,8,-8
"12553","3679新至陞","110/07/13","凱基-台北",18,12,6
"12554","3679新至陞","110/07/13","瑞士信貸",12,19,-7
"12555","3679新至陞","110/07/13","日盛-復興",5,0,5
"12556","3679新至陞","110/07/13","統一-南京",0,7,-7
"12557","3679新至陞","110/07/13","(牛牛牛)亞-鑫豐",4,0,4
"12558","3679新至陞","110/07/13","凱基-新莊",0,7,-7
"12559","3679新至陞","110/07/13","元富-大昌",3,0,3
"12560","3679新至陞","110/07/13","新加坡商瑞銀",0,6,-6
"12561","3679新至陞","110/07/13","富邦-台北",3,0,3
"12562","3679新至陞","110/07/13","合庫-自強",0,5,-5
"12563","3679新至陞","110/07/13","日盛-樹林",2,0,2
"12564","3679新至陞","110/07/13","富邦-桃園",0,5,-5
"12565","3679新至陞","110/07/13","宏遠-光隆",2,0,2
"12566","3679新至陞","110/07/13","永豐金-潮州",0,4,-4
"12567","3679新至陞","110/07/13","美林",3,1,2
"12568","3679新至陞","110/07/13","臺銀-臺南",0,3,-3
"12569","3679新至陞","110/07/13","第一金-中壢",2,0,2
"12570","3679新至陞","110/07/13","元大-六合",0,3,-3
"12571","2727王品","110/07/13","富邦-台北",43,3,40
"12572","2727王品","110/07/13","台灣摩根士丹利",15,97,-82
"12573","2727王品","110/07/13","元大-基隆孝二",40,0,40
"12574","2727王品","110/07/13","玉山-台南",5,57,-52
"12575","2727王品","110/07/13","國票-新莊",40,1,39
"12576","2727王品","110/07/13","新加坡商瑞銀",0,48,-48
"12577","2727王品","110/07/13","第一金-豐原",66,42,24
"12578","2727王品","110/07/13","凱基-台北",41,77,-36
"12579","2727王品","110/07/13","永豐金-大園",34,10,24
"12580","2727王品","110/07/13","永豐金-永康",0,22,-22
"12581","2727王品","110/07/13","元大-北屯",22,0,22
"12582","2727王品","110/07/13","統一-台中",2,22,-20
"12583","2727王品","110/07/13","元大-東蘆",26,7,19
"12584","2727王品","110/07/13","國泰-台中",21,39,-18
"12585","2727王品","110/07/13","永豐金-萬盛",13,1,12
"12586","2727王品","110/07/13","合庫-彰化",3,20,-17
"12587","2727王品","110/07/13","日盛-嘉義",11,0,11
"12588","2727王品","110/07/13","港商野村",13,30,-17
"12589","2727王品","110/07/13","日盛-八德",11,0,11
"12590","2727王品","110/07/13","元大-楊梅",1,16,-15
"12591","2727王品","110/07/13","統一-竹南",11,0,11
"12592","2727王品","110/07/13","凱基-高美館",2,15,-13
"12593","2727王品","110/07/13","日盛-士林",12,2,10
"12594","2727王品","110/07/13","美商高盛",2,14,-12
"12595","2727王品","110/07/13","統一-敦南",10,0,10
"12596","2727王品","110/07/13","統一-平鎮",1,13,-12
"12597","2727王品","110/07/13","中國信託",15,5,10
"12598","2727王品","110/07/13","兆豐-台中港",4,16,-12
"12599","2727王品","110/07/13","兆豐-竹北",13,3,10
"12600","2727王品","110/07/13","凱基-八德",1,13,-12
"12601","1570力肯","110/07/13","新光",115,11,104
"12602","1570力肯","110/07/13","元大-北三重",0,162,-162
"12603","1570力肯","110/07/13","群益金鼎-高雄",54,0,54
"12604","1570力肯","110/07/13","元大-大灣",0,25,-25
"12605","1570力肯","110/07/13","國票-新莊",22,0,22
"12606","1570力肯","110/07/13","永豐金-苓雅",0,22,-22
"12607","1570力肯","110/07/13","日盛-桃園",12,0,12
"12608","1570力肯","110/07/13","永豐金-永康",0,19,-19
"12609","1570力肯","110/07/13","元大-高雄",12,0,12
"12610","1570力肯","110/07/13","富邦-員林",0,15,-15
"12611","1570力肯","110/07/13","合庫-自強",11,0,11
"12612","1570力肯","110/07/13","凱基-台南",0,11,-11
"12613","1570力肯","110/07/13","摩根大通",26,15,11
"12614","1570力肯","110/07/13","日盛-竹北",0,10,-10
"12615","1570力肯","110/07/13","永豐金-中盛",11,0,11
"12616","1570力肯","110/07/13","國票-九鼎",0,10,-10
"12617","1570力肯","110/07/13","兆豐-台中港",10,0,10
"12618","1570力肯","110/07/13","凱基-桃園",0,10,-10
"12619","1570力肯","110/07/13","國泰-松江",9,0,9
"12620","1570力肯","110/07/13","凱基-新豐",0,10,-10
"12621","1570力肯","110/07/13","元大-新盛",9,0,9
"12622","1570力肯","110/07/13","元大-學甲",0,10,-10
"12623","1570力肯","110/07/13","元富-緯城",6,0,6
"12624","1570力肯","110/07/13","群益金鼎-東湖",1,10,-9
"12625","1570力肯","110/07/13","統一-三重",5,0,5
"12626","1570力肯","110/07/13","大昌",0,6,-6
"12627","1570力肯","110/07/13","元大-前金",5,0,5
"12628","1570力肯","110/07/13","元大-土城學府",0,6,-6
"12629","1570力肯","110/07/13","永豐金證券",5,0,5
"12630","1570力肯","110/07/13","統一",0,5,-5
"12631","6180橘子","110/07/13","摩根大通",119,0,119
"12632","6180橘子","110/07/13","元大-崇德",2,61,-59
"12633","6180橘子","110/07/13","美商高盛",96,0,96
"12634","6180橘子","110/07/13","康和-台中",0,51,-51
"12635","6180橘子","110/07/13","新加坡商瑞銀",86,7,79
"12636","6180橘子","110/07/13","康和-台北",0,50,-50
"12637","6180橘子","110/07/13","元大-和平",40,0,40
"12638","6180橘子","110/07/13","元富-潮州",0,40,-40
"12639","6180橘子","110/07/13","凱基-台北",83,47,36
"12640","6180橘子","110/07/13","日盛-永康",0,26,-26
"12641","6180橘子","110/07/13","美林",39,5,34
"12642","6180橘子","110/07/13","永豐金-中正",0,24,-24
"12643","6180橘子","110/07/13","富邦-新竹華信",31,2,29
"12644","6180橘子","110/07/13","國泰-板橋",2,25,-23
"12645","6180橘子","110/07/13","統一-南京",21,0,21
"12646","6180橘子","110/07/13","日盛-大墩",0,20,-20
"12647","6180橘子","110/07/13","富邦-陽明",24,3,21
"12648","6180橘子","110/07/13","元大-草屯",13,32,-19
"12649","6180橘子","110/07/13","大昌-樹林",21,1,20
"12650","6180橘子","110/07/13","元富-林園",1,18,-17
"12651","6180橘子","110/07/13","花旗環球",19,0,19
"12652","6180橘子","110/07/13","新光-新竹",1,18,-17
"12653","6180橘子","110/07/13","華南永昌-台南",19,0,19
"12654","6180橘子","110/07/13","元大-土城永寧",0,17,-17
"12655","6180橘子","110/07/13","福勝",14,0,14
"12656","6180橘子","110/07/13","國泰-新莊",3,19,-16
"12657","6180橘子","110/07/13","富邦-嘉義",12,1,11
"12658","6180橘子","110/07/13","中國信託-永康",6,21,-15
"12659","6180橘子","110/07/13","元大-板橋三民",11,0,11
"12660","6180橘子","110/07/13","凱基-東港",1,15,-14
"12661","2390云辰","110/07/13","新加坡商瑞銀",562,75,487
"12662","2390云辰","110/07/13","大展-台南",0,532,-532
"12663","2390云辰","110/07/13","台灣摩根士丹利",330,155,175
"12664","2390云辰","110/07/13","凱基-台北",668,854,-186
"12665","2390云辰","110/07/13","兆豐-公益",126,25,101
"12666","2390云辰","110/07/13","凱基-三重",12,172,-160
"12667","2390云辰","110/07/13","元富-中港",100,2,98
"12668","2390云辰","110/07/13","兆豐-忠孝",4,161,-157
"12669","2390云辰","110/07/13","統一-新台中",106,9,97
"12670","2390云辰","110/07/13","元大-士林",19,170,-151
"12671","2390云辰","110/07/13","中國信託-松江",81,11,70
"12672","2390云辰","110/07/13","臺銀-新竹",14,117,-103
"12673","2390云辰","110/07/13","日盛-板橋",72,3,69
"12674","2390云辰","110/07/13","國票-台中",4,102,-98
"12675","2390云辰","110/07/13","日盛-和美",57,0,57
"12676","2390云辰","110/07/13","新光",147,232,-85
"12677","2390云辰","110/07/13","永豐金-桃園",88,36,52
"12678","2390云辰","110/07/13","致和-崇德",2,70,-68
"12679","2390云辰","110/07/13","玉山-士林",54,4,50
"12680","2390云辰","110/07/13","群益金鼎-屏東",2,70,-68
"12681","2390云辰","110/07/13","富邦-仁愛",56,6,50
"12682","2390云辰","110/07/13","元大-大里",35,98,-63
"12683","2390云辰","110/07/13","第一金-豐原",50,1,49
"12684","2390云辰","110/07/13","元大-萬華",35,94,-59
"12685","2390云辰","110/07/13","摩根大通",502,453,49
"12686","2390云辰","110/07/13","元富-吉利",2,60,-58
"12687","2390云辰","110/07/13","凱基-松山",61,13,48
"12688","2390云辰","110/07/13","兆豐-新竹",3,53,-50
"12689","2390云辰","110/07/13","大昌",64,22,42
"12690","2390云辰","110/07/13","富邦-嘉義",65,108,-43
"12691","2363矽統","110/07/12","凱基-幸福",4046,31,4015
"12692","2363矽統","110/07/12","台新證券",478,2105,-1627
"12693","2363矽統","110/07/12","統一",3504,120,3384
"12694","2363矽統","110/07/12","第一金-忠孝",4,1068,-1064
"12695","2363矽統","110/07/12","摩根大通",3006,2149,857
"12696","2363矽統","110/07/12","台新-台中",381,1003,-622
"12697","2363矽統","110/07/12","永豐金證券",1428,610,818
"12698","2363矽統","110/07/12","新光",1295,1822,-527
"12699","2363矽統","110/07/12","兆豐-復興",1936,1233,703
"12700","2363矽統","110/07/12","大昌-樹林",54,537,-483
"12701","2363矽統","110/07/12","台灣摩根士丹利",701,0,701
"12702","2363矽統","110/07/12","華南永昌-台中",90,549,-459
"12703","2363矽統","110/07/12","永豐金-南投",803,145,658
"12704","2363矽統","110/07/12","玉山-高雄",167,612,-445
"12705","2363矽統","110/07/12","統一-仁愛",1214,586,628
"12706","2363矽統","110/07/12","元富-同大",201,540,-339
"12707","2363矽統","110/07/12","統一-土城",688,75,613
"12708","2363矽統","110/07/12","華南永昌-東勢",31,367,-336
"12709","2363矽統","110/07/12","統一-城中",711,131,580
"12710","2363矽統","110/07/12","土銀-花蓮",9,333,-324
"12711","2363矽統","110/07/12","統一-敦南",632,54,578
"12712","2363矽統","110/07/12","凱基-豐中",120,434,-314
"12713","2363矽統","110/07/12","新加坡商瑞銀",1232,731,501
"12714","2363矽統","110/07/12","永豐金-竹科",54,323,-269
"12715","2363矽統","110/07/12","元富",2640,2142,498
"12716","2363矽統","110/07/12","元大-斗六",53,300,-247
"12717","2363矽統","110/07/12","凱基-永和",460,31,429
"12718","2363矽統","110/07/12","華南永昌-朴子",47,278,-231
"12719","2363矽統","110/07/12","第一金",380,22,358
"12720","2363矽統","110/07/12","永豐金-彰化",22,228,-206
"12721","8112至上","110/07/12","摩根大通",1167,290,877
"12722","8112至上","110/07/12","群益金鼎-新莊",1,156,-155
"12723","8112至上","110/07/12","凱基-台北",983,546,437
"12724","8112至上","110/07/12","國票-中港",0,131,-131
"12725","8112至上","110/07/12","新加坡商瑞銀",429,12,417
"12726","8112至上","110/07/12","元大證券",10,136,-126
"12727","8112至上","110/07/12","元大-屏南",360,2,358
"12728","8112至上","110/07/12","元大-中壢",11,135,-124
"12729","8112至上","110/07/12","美林",323,15,308
"12730","8112至上","110/07/12","合庫-基隆",0,122,-122
"12731","8112至上","110/07/12","台灣摩根士丹利",299,0,299
"12732","8112至上","110/07/12","群益金鼎-高盛",4,103,-99
"12733","8112至上","110/07/12","港商野村",267,28,239
"12734","8112至上","110/07/12","新光",110,202,-92
"12735","8112至上","110/07/12","大慶",165,3,162
"12736","8112至上","110/07/12","元大-府城",2,94,-92
"12737","8112至上","110/07/12","永豐金-台南",170,29,141
"12738","8112至上","110/07/12","富邦-板橋",5,92,-87
"12739","8112至上","110/07/12","華南永昌-長虹",128,2,126
"12740","8112至上","110/07/12","元大-土城",8,89,-81
"12741","8112至上","110/07/12","富邦-仁愛",157,51,106
"12742","8112至上","110/07/12","日盛-頭份",40,117,-77
"12743","8112至上","110/07/12","瑞士信貸",104,0,104
"12744","8112至上","110/07/12","玉山-嘉義",3,80,-77
"12745","8112至上","110/07/12","凱基-站前",100,11,89
"12746","8112至上","110/07/12","永豐金-松山",4,79,-75
"12747","8112至上","110/07/12","富邦-北港",90,3,87
"12748","8112至上","110/07/12","元大-敦南",3,75,-72
"12749","8112至上","110/07/12","元大-北港",101,20,81
"12750","8112至上","110/07/12","元富-大裕",6,77,-71
"12751","4903聯光通","110/07/12","台灣企銀-太平",19,0,19
"12752","4903聯光通","110/07/12","玉山-南京東路",0,16,-16
"12753","4903聯光通","110/07/12","統一-土城",17,0,17
"12754","4903聯光通","110/07/12","新光",0,14,-14
"12755","4903聯光通","110/07/12","國票-博愛",14,0,14
"12756","4903聯光通","110/07/12","兆豐-彰化",0,10,-10
"12757","4903聯光通","110/07/12","新光-台中",15,2,13
"12758","4903聯光通","110/07/12","國票",0,10,-10
"12759","4903聯光通","110/07/12","元大-彰化",11,0,11
"12760","4903聯光通","110/07/12","富邦-敦南",0,10,-10
"12761","4903聯光通","110/07/12","華南永昌-林口",10,0,10
"12762","4903聯光通","110/07/12","元大-前金",0,9,-9
"12763","4903聯光通","110/07/12","永豐金-南投",9,0,9
"12764","4903聯光通","110/07/12","日盛-頭份",0,8,-8
"12765","4903聯光通","110/07/12","元大-清水",8,0,8
"12766","4903聯光通","110/07/12","元大-太平",0,8,-8
"12767","4903聯光通","110/07/12","元大-博愛",8,0,8
"12768","4903聯光通","110/07/12","兆豐-埔墘",0,7,-7
"12769","4903聯光通","110/07/12","玉山-新莊",5,0,5
"12770","4903聯光通","110/07/12","臺銀-民權",0,5,-5
"12771","4903聯光通","110/07/12","凱基-士林",10,5,5
"12772","4903聯光通","110/07/12","富邦-板橋",0,5,-5
"12773","4903聯光通","110/07/12","元大-斗六",4,0,4
"12774","4903聯光通","110/07/12","元大-土城永寧",0,5,-5
"12775","4903聯光通","110/07/12","永豐金-羅東",4,0,4
"12776","4903聯光通","110/07/12","台新證券",0,4,-4
"12777","4903聯光通","110/07/12","日盛-樹林",3,0,3
"12778","4903聯光通","110/07/12","凱基-中壢",0,4,-4
"12779","4903聯光通","110/07/12","華南永昌-鶯歌",2,0,2
"12780","4903聯光通","110/07/12","元大-羅東",0,4,-4
"12781","2929淘帝","110/07/12","新光-台中",95,36,59
"12782","2929淘帝","110/07/12","華南永昌-林口",7,208,-201
"12783","2929淘帝","110/07/12","富邦-板橋",62,5,57
"12784","2929淘帝","110/07/12","富邦-台北",6,200,-194
"12785","2929淘帝","110/07/12","合庫-高雄",56,6,50
"12786","2929淘帝","110/07/12","元富-大裕",11,200,-189
"12787","2929淘帝","110/07/12","永興",41,0,41
"12788","2929淘帝","110/07/12","台中銀-台北",0,160,-160
"12789","2929淘帝","110/07/12","兆豐-忠孝",58,18,40
"12790","2929淘帝","110/07/12","日盛-園區",1,111,-110
"12791","2929淘帝","110/07/12","新光-高雄",39,3,36
"12792","2929淘帝","110/07/12","日盛-八德",0,88,-88
"12793","2929淘帝","110/07/12","凱基-豐中",36,0,36
"12794","2929淘帝","110/07/12","玉山-新竹",32,110,-78
"12795","2929淘帝","110/07/12","元大-民生",35,0,35
"12796","2929淘帝","110/07/12","元大-前金",0,72,-72
"12797","2929淘帝","110/07/12","臺銀-臺南",32,1,31
"12798","2929淘帝","110/07/12","元大-館前",12,83,-71
"12799","2929淘帝","110/07/12","台新證券",44,13,31
"12800","2929淘帝","110/07/12","華南永昌",1,57,-56
"12801","2929淘帝","110/07/12","新百王",30,0,30
"12802","2929淘帝","110/07/12","元大-南崁",4,59,-55
"12803","2929淘帝","110/07/12","群益金鼎-大興",30,0,30
"12804","2929淘帝","110/07/12","元大-嘉義",0,51,-51
"12805","2929淘帝","110/07/12","凱基-台北",32,5,27
"12806","2929淘帝","110/07/12","日茂",1,50,-49
"12807","2929淘帝","110/07/12","元富-城東",26,0,26
"12808","2929淘帝","110/07/12","新光",35,83,-48
"12809","2929淘帝","110/07/12","國泰-松江",26,0,26
"12810","2929淘帝","110/07/12","日盛-新竹",1,48,-47
"12811","5410國眾","110/07/12","群益金鼎-中壢",68,0,68
"12812","5410國眾","110/07/12","摩根大通",6,67,-61
"12813","5410國眾","110/07/12","凱基-市政",40,0,40
"12814","5410國眾","110/07/12","元富-嘉義",0,60,-60
"12815","5410國眾","110/07/12","凱基-竹北",38,0,38
"12816","5410國眾","110/07/12","凱基-台北",0,51,-51
"12817","5410國眾","110/07/12","華南永昌-三重",30,0,30
"12818","5410國眾","110/07/12","元富-大裕",0,33,-33
"12819","5410國眾","110/07/12","永興",20,0,20
"12820","5410國眾","110/07/12","日盛-木柵",0,15,-15
"12821","5410國眾","110/07/12","統一-新台中",20,0,20
"12822","5410國眾","110/07/12","群益金鼎-民權",0,15,-15
"12823","5410國眾","110/07/12","兆豐-三重",20,0,20
"12824","5410國眾","110/07/12","元富-緯城",0,14,-14
"12825","5410國眾","110/07/12","富邦-台中",20,0,20
"12826","5410國眾","110/07/12","元大-大同",0,12,-12
"12827","5410國眾","110/07/12","臺銀",15,0,15
"12828","5410國眾","110/07/12","元大-莒光",0,10,-10
"12829","5410國眾","110/07/12","新光-桃園",20,6,14
"12830","5410國眾","110/07/12","元大-博愛",0,10,-10
"12831","5410國眾","110/07/12","元大-員林",12,0,12
"12832","5410國眾","110/07/12","日盛-永康",0,8,-8
"12833","5410國眾","110/07/12","日盛-員林",10,0,10
"12834","5410國眾","110/07/12","元大-四維",5,13,-8
"12835","5410國眾","110/07/12","元大-新盛",10,0,10
"12836","5410國眾","110/07/12","新加坡商瑞銀",0,7,-7
"12837","5410國眾","110/07/12","永豐金-台南",10,0,10
"12838","5410國眾","110/07/12","致和-金華",0,7,-7
"12839","5410國眾","110/07/12","元富-新莊",8,0,8
"12840","5410國眾","110/07/12","新光-新竹",0,7,-7
"12841","2841台開","110/07/12","永豐金-敦南",139,26,113
"12842","2841台開","110/07/12","華南永昌-朴子",0,528,-528
"12843","2841台開","110/07/12","日盛-雙和",68,0,68
"12844","2841台開","110/07/12","元大-苑裡",2,50,-48
"12845","2841台開","110/07/12","台新證券",62,4,58
"12846","2841台開","110/07/12","群益金鼎-東湖",0,40,-40
"12847","2841台開","110/07/12","凱基-文心",50,0,50
"12848","2841台開","110/07/12","第一金-員林",0,30,-30
"12849","2841台開","110/07/12","第一金-台中",45,0,45
"12850","2841台開","110/07/12","德信-中正",0,20,-20
"12851","2841台開","110/07/12","富邦-嘉義",40,0,40
"12852","2841台開","110/07/12","兆豐-嘉義",0,20,-20
"12853","2841台開","110/07/12","日盛-木柵",30,0,30
"12854","2841台開","110/07/12","彰銀-七賢",0,15,-15
"12855","2841台開","110/07/12","中國信託-文心",31,3,28
"12856","2841台開","110/07/12","元大-承德",0,14,-14
"12857","2841台開","110/07/12","元大-福營",30,7,23
"12858","2841台開","110/07/12","元富",0,12,-12
"12859","2841台開","110/07/12","台中銀",20,0,20
"12860","2841台開","110/07/12","富邦-陽明",0,11,-11
"12861","2841台開","110/07/12","國泰-板橋",20,0,20
"12862","2841台開","110/07/12","元大證券",0,11,-11
"12863","2841台開","110/07/12","元大-前金",20,0,20
"12864","2841台開","110/07/12","元大-大甲",0,10,-10
"12865","2841台開","110/07/12","中國信託-高雄",16,1,15
"12866","2841台開","110/07/12","日盛-新竹",0,8,-8
"12867","2841台開","110/07/12","陽信-石牌",15,0,15
"12868","2841台開","110/07/12","元富-城東",0,8,-8
"12869","2841台開","110/07/12","永豐金-南投",15,0,15
"12870","2841台開","110/07/12","玉山-台南",2,10,-8
"12871","6207雷科","110/07/12","元大-高雄",34,0,34
"12872","6207雷科","110/07/12","永豐金-三重",1,32,-31
"12873","6207雷科","110/07/12","華南永昌-林口",16,1,15
"12874","6207雷科","110/07/12","永全-八德",0,30,-30
"12875","6207雷科","110/07/12","摩根大通",19,6,13
"12876","6207雷科","110/07/12","國泰-台中",0,14,-14
"12877","6207雷科","110/07/12","元富-埔里",10,0,10
"12878","6207雷科","110/07/12","第一金-澎湖",0,10,-10
"12879","6207雷科","110/07/12","凱基-台南",10,0,10
"12880","6207雷科","110/07/12","元富-林園",0,10,-10
"12881","6207雷科","110/07/12","新加坡商瑞銀",9,0,9
"12882","6207雷科","110/07/12","元大-東門",0,10,-10
"12883","6207雷科","110/07/12","瑞士信貸",8,0,8
"12884","6207雷科","110/07/12","兆豐-嘉義",0,4,-4
"12885","6207雷科","110/07/12","中國信託-高雄",9,1,8
"12886","6207雷科","110/07/12","新光",0,4,-4
"12887","6207雷科","110/07/12","凱基-高雄",6,0,6
"12888","6207雷科","110/07/12","新光-台中",0,4,-4
"12889","6207雷科","110/07/12","元大-六合",6,0,6
"12890","6207雷科","110/07/12","群益金鼎-開元",0,4,-4
"12891","6207雷科","110/07/12","永豐金-信義",6,0,6
"12892","6207雷科","110/07/12","凱基-桃園",0,4,-4
"12893","6207雷科","110/07/12","群益金鼎-土城",5,0,5
"12894","6207雷科","110/07/12","凱基-民權",0,4,-4
"12895","6207雷科","110/07/12","群益金鼎-竹南",5,0,5
"12896","6207雷科","110/07/12","玉山-新莊",0,3,-3
"12897","6207雷科","110/07/12","元大-大灣",5,1,4
"12898","6207雷科","110/07/12","國泰-松江",0,3,-3
"12899","6207雷科","110/07/12","永興",3,0,3
"12900","6207雷科","110/07/12","富邦-羅東",0,3,-3
"12901","3679新至陞","110/07/12","富邦-新竹華信",40,2,38
"12902","3679新至陞","110/07/12","瑞士信貸",0,45,-45
"12903","3679新至陞","110/07/12","台中銀-員林",28,2,26
"12904","3679新至陞","110/07/12","永豐金-天母",0,39,-39
"12905","3679新至陞","110/07/12","聯邦-大業",24,0,24
"12906","3679新至陞","110/07/12","摩根大通",7,35,-28
"12907","3679新至陞","110/07/12","永豐金證券",20,0,20
"12908","3679新至陞","110/07/12","凱基-台北",8,36,-28
"12909","3679新至陞","110/07/12","港商法國興業",14,0,14
"12910","3679新至陞","110/07/12","華南永昌-小港",1,23,-22
"12911","3679新至陞","110/07/12","日盛-樹林",13,1,12
"12912","3679新至陞","110/07/12","台新-台中",0,15,-15
"12913","3679新至陞","110/07/12","國泰-桃園",9,0,9
"12914","3679新至陞","110/07/12","統一-台中",0,12,-12
"12915","3679新至陞","110/07/12","宏遠-館前",8,0,8
"12916","3679新至陞","110/07/12","元大-成功",1,12,-11
"12917","3679新至陞","110/07/12","凱基",10,2,8
"12918","3679新至陞","110/07/12","康和-澎湖",0,8,-8
"12919","3679新至陞","110/07/12","(牛牛牛)亞-網路",7,0,7
"12920","3679新至陞","110/07/12","新加坡商瑞銀",0,7,-7
"12921","3679新至陞","110/07/12","兆豐-員林",7,0,7
"12922","3679新至陞","110/07/12","兆豐-來福",0,7,-7
"12923","3679新至陞","110/07/12","大慶-蘆洲",5,0,5
"12924","3679新至陞","110/07/12","元大-佳里",0,6,-6
"12925","3679新至陞","110/07/12","土銀-花蓮",4,0,4
"12926","3679新至陞","110/07/12","美商高盛",0,5,-5
"12927","3679新至陞","110/07/12","台新-高雄",5,1,4
"12928","3679新至陞","110/07/12","國票-新莊",0,5,-5
"12929","3679新至陞","110/07/12","元大-天母",4,0,4
"12930","3679新至陞","110/07/12","台新-屏東",0,5,-5
"12931","2727王品","110/07/12","凱基-台北",354,198,156
"12932","2727王品","110/07/12","台灣摩根士丹利",5,386,-381
"12933","2727王品","110/07/12","統一-城中",159,22,137
"12934","2727王品","110/07/12","元大-嘉義",4,60,-56
"12935","2727王品","110/07/12","日盛-忠孝",60,0,60
"12936","2727王品","110/07/12","元大-大同",2,44,-42
"12937","2727王品","110/07/12","永豐金-忠孝",45,5,40
"12938","2727王品","110/07/12","國泰-台中",32,73,-41
"12939","2727王品","110/07/12","合庫-新竹",31,0,31
"12940","2727王品","110/07/12","元大證券",127,163,-36
"12941","2727王品","110/07/12","富邦-台中",31,3,28
"12942","2727王品","110/07/12","凱基",1,33,-32
"12943","2727王品","110/07/12","元大-桃園",35,10,25
"12944","2727王品","110/07/12","永全-南崁",1,31,-30
"12945","2727王品","110/07/12","新加坡商瑞銀",28,4,24
"12946","2727王品","110/07/12","凱基-和平",2,32,-30
"12947","2727王品","110/07/12","群益金鼎-古亭",25,2,23
"12948","2727王品","110/07/12","永豐金-大園",8,38,-30
"12949","2727王品","110/07/12","元大-龍潭",29,7,22
"12950","2727王品","110/07/12","瑞士信貸",0,28,-28
"12951","2727王品","110/07/12","永豐金-永康",25,3,22
"12952","2727王品","110/07/12","元富",17,44,-27
"12953","2727王品","110/07/12","富邦-竹北",24,3,21
"12954","2727王品","110/07/12","元大-北屯",5,32,-27
"12955","2727王品","110/07/12","群益金鼎-松山",20,0,20
"12956","2727王品","110/07/12","華南永昌",3,28,-25
"12957","2727王品","110/07/12","元大-八德",20,0,20
"12958","2727王品","110/07/12","統一-竹南",1,23,-22
"12959","2727王品","110/07/12","元大-南京",25,6,19
"12960","2727王品","110/07/12","永豐金證券",4,26,-22
"12961","1570力肯","110/07/12","國票-北高雄",40,0,40
"12962","1570力肯","110/07/12","日盛-竹北",0,40,-40
"12963","1570力肯","110/07/12","摩根大通",16,0,16
"12964","1570力肯","110/07/12","第一金-華江",1,38,-37
"12965","1570力肯","110/07/12","新光",31,19,12
"12966","1570力肯","110/07/12","元大-永春",0,26,-26
"12967","1570力肯","110/07/12","元大-台中中港",12,0,12
"12968","1570力肯","110/07/12","元大-古亭",1,20,-19
"12969","1570力肯","110/07/12","日盛-高雄",10,0,10
"12970","1570力肯","110/07/12","國泰-松江",0,16,-16
"12971","1570力肯","110/07/12","第一金-路竹",10,0,10
"12972","1570力肯","110/07/12","台新-台南",0,15,-15
"12973","1570力肯","110/07/12","台新-新莊",10,0,10
"12974","1570力肯","110/07/12","康和-石牌",0,15,-15
"12975","1570力肯","110/07/12","元大-新盛",9,0,9
"12976","1570力肯","110/07/12","國泰-板橋",0,11,-11
"12977","1570力肯","110/07/12","凱基-台北",8,0,8
"12978","1570力肯","110/07/12","元大-高雄",0,11,-11
"12979","1570力肯","110/07/12","彰銀-七賢",6,0,6
"12980","1570力肯","110/07/12","兆豐-桃園",0,10,-10
"12981","1570力肯","110/07/12","元富-緯城",6,0,6
"12982","1570力肯","110/07/12","元大-大益",0,10,-10
"12983","1570力肯","110/07/12","華南永昌-古亭",6,0,6
"12984","1570力肯","110/07/12","中國信託-文心",0,5,-5
"12985","1570力肯","110/07/12","富邦-陽明",6,0,6
"12986","1570力肯","110/07/12","光和",0,5,-5
"12987","1570力肯","110/07/12","臺銀-臺南",5,0,5
"12988","1570力肯","110/07/12","陽信-石牌",0,5,-5
"12989","1570力肯","110/07/12","宏遠-館前",5,0,5
"12990","1570力肯","110/07/12","國泰-高雄",0,5,-5
"12991","6180橘子","110/07/12","康和-台中",32,2,30
"12992","6180橘子","110/07/12","新百王",1,40,-39
"12993","6180橘子","110/07/12","美林",32,3,29
"12994","6180橘子","110/07/12","富邦-陽明",4,42,-38
"12995","6180橘子","110/07/12","元大-羅東",21,0,21
"12996","6180橘子","110/07/12","新光",3,32,-29
"12997","6180橘子","110/07/12","兆豐-埔墘",16,0,16
"12998","6180橘子","110/07/12","日盛-文化",4,20,-16
"12999","6180橘子","110/07/12","元大-雙和",12,0,12
"13000","6180橘子","110/07/12","華南永昌-鶯歌",0,15,-15
"13001","6180橘子","110/07/12","美商高盛",18,7,11
"13002","6180橘子","110/07/12","中國信託-忠孝",7,20,-13
"13003","6180橘子","110/07/12","台新證券",14,3,11
"13004","6180橘子","110/07/12","凱基-台北",5,17,-12
"13005","6180橘子","110/07/12","元大-中壢",12,1,11
"13006","6180橘子","110/07/12","凱基-高雄",0,11,-11
"13007","6180橘子","110/07/12","統一-南京",10,0,10
"13008","6180橘子","110/07/12","凱基-大安",0,10,-10
"13009","6180橘子","110/07/12","致和-崇德",10,0,10
"13010","6180橘子","110/07/12","元大-北屯",0,10,-10
"13011","6180橘子","110/07/12","玉山-板橋",10,0,10
"13012","6180橘子","110/07/12","元大-南京",0,9,-9
"13013","6180橘子","110/07/12","富邦-仁愛",10,0,10
"13014","6180橘子","110/07/12","元大-台南",1,10,-9
"13015","6180橘子","110/07/12","摩根大通",10,1,9
"13016","6180橘子","110/07/12","康和-澎湖",0,8,-8
"13017","6180橘子","110/07/12","元富-林園",8,0,8
"13018","6180橘子","110/07/12","第一金-台中",0,7,-7
"13019","6180橘子","110/07/12","大慶-富順",7,0,7
"13020","6180橘子","110/07/12","台新-台南",1,8,-7
"13021","2390云辰","110/07/12","統一-新台中",170,0,170
"13022","2390云辰","110/07/12","元大-天母",2,450,-448
"13023","2390云辰","110/07/12","華南永昌-麻豆",137,2,135
"13024","2390云辰","110/07/12","國泰-忠孝",1,143,-142
"13025","2390云辰","110/07/12","元富-成功",103,14,89
"13026","2390云辰","110/07/12","摩根大通",377,512,-135
"13027","2390云辰","110/07/12","元大-土城學府",146,69,77
"13028","2390云辰","110/07/12","台灣摩根士丹利",0,91,-91
"13029","2390云辰","110/07/12","永豐金-永康",76,4,72
"13030","2390云辰","110/07/12","美林",84,146,-62
"13031","2390云辰","110/07/12","台中銀",73,2,71
"13032","2390云辰","110/07/12","華南永昌-嘉義",2,61,-59
"13033","2390云辰","110/07/12","大昌",63,3,60
"13034","2390云辰","110/07/12","永豐金-羅東",0,49,-49
"13035","2390云辰","110/07/12","合庫-三重",50,0,50
"13036","2390云辰","110/07/12","玉山-台中",6,53,-47
"13037","2390云辰","110/07/12","元富-高雄",93,50,43
"13038","2390云辰","110/07/12","玉山-新莊",2,48,-46
"13039","2390云辰","110/07/12","元大-館前",40,4,36
"13040","2390云辰","110/07/12","元大-大里",7,52,-45
"13041","2390云辰","110/07/12","港商野村",143,109,34
"13042","2390云辰","110/07/12","元大-內湖",3,48,-45
"13043","2390云辰","110/07/12","元大-雙和",34,0,34
"13044","2390云辰","110/07/12","永豐金-市政",1,42,-41
"13045","2390云辰","110/07/12","群益金鼎-民權",33,2,31
"13046","2390云辰","110/07/12","元大-學甲",1,41,-40
"13047","2390云辰","110/07/12","日盛-八德",40,10,30
"13048","2390云辰","110/07/12","兆豐-高雄",2,41,-39
"13049","2390云辰","110/07/12","國票-嘉義",30,0,30
"13050","2390云辰","110/07/12","新加坡商瑞銀",21,59,-38
"13051","4903聯光通","110/07/12","台灣企銀-太平",19,0,19
"13052","4903聯光通","110/07/12","玉山-南京東路",0,16,-16
"13053","4903聯光通","110/07/12","統一-土城",17,0,17
"13054","4903聯光通","110/07/12","新光",0,14,-14
"13055","4903聯光通","110/07/12","國票-博愛",14,0,14
"13056","4903聯光通","110/07/12","兆豐-彰化",0,10,-10
"13057","4903聯光通","110/07/12","新光-台中",15,2,13
"13058","4903聯光通","110/07/12","國票",0,10,-10
"13059","4903聯光通","110/07/12","元大-彰化",11,0,11
"13060","4903聯光通","110/07/12","富邦-敦南",0,10,-10
"13061","4903聯光通","110/07/12","華南永昌-林口",10,0,10
"13062","4903聯光通","110/07/12","元大-前金",0,9,-9
"13063","4903聯光通","110/07/12","永豐金-南投",9,0,9
"13064","4903聯光通","110/07/12","日盛-頭份",0,8,-8
"13065","4903聯光通","110/07/12","元大-清水",8,0,8
"13066","4903聯光通","110/07/12","元大-太平",0,8,-8
"13067","4903聯光通","110/07/12","元大-博愛",8,0,8
"13068","4903聯光通","110/07/12","兆豐-埔墘",0,7,-7
"13069","4903聯光通","110/07/12","玉山-新莊",5,0,5
"13070","4903聯光通","110/07/12","臺銀-民權",0,5,-5
"13071","4903聯光通","110/07/12","凱基-士林",10,5,5
"13072","4903聯光通","110/07/12","富邦-板橋",0,5,-5
"13073","4903聯光通","110/07/12","元大-斗六",4,0,4
"13074","4903聯光通","110/07/12","元大-土城永寧",0,5,-5
"13075","4903聯光通","110/07/12","永豐金-羅東",4,0,4
"13076","4903聯光通","110/07/12","台新證券",0,4,-4
"13077","4903聯光通","110/07/12","日盛-樹林",3,0,3
"13078","4903聯光通","110/07/12","凱基-中壢",0,4,-4
"13079","4903聯光通","110/07/12","華南永昌-鶯歌",2,0,2
"13080","4903聯光通","110/07/12","元大-羅東",0,4,-4
"13081","2929淘帝","110/07/12","新光-台中",95,36,59
"13082","2929淘帝","110/07/12","華南永昌-林口",7,208,-201
"13083","2929淘帝","110/07/12","富邦-板橋",62,5,57
"13084","2929淘帝","110/07/12","富邦-台北",6,200,-194
"13085","2929淘帝","110/07/12","合庫-高雄",56,6,50
"13086","2929淘帝","110/07/12","元富-大裕",11,200,-189
"13087","2929淘帝","110/07/12","永興",41,0,41
"13088","2929淘帝","110/07/12","台中銀-台北",0,160,-160
"13089","2929淘帝","110/07/12","兆豐-忠孝",58,18,40
"13090","2929淘帝","110/07/12","日盛-園區",1,111,-110
"13091","2929淘帝","110/07/12","新光-高雄",39,3,36
"13092","2929淘帝","110/07/12","日盛-八德",0,88,-88
"13093","2929淘帝","110/07/12","凱基-豐中",36,0,36
"13094","2929淘帝","110/07/12","玉山-新竹",32,110,-78
"13095","2929淘帝","110/07/12","元大-民生",35,0,35
"13096","2929淘帝","110/07/12","元大-前金",0,72,-72
"13097","2929淘帝","110/07/12","臺銀-臺南",32,1,31
"13098","2929淘帝","110/07/12","元大-館前",12,83,-71
"13099","2929淘帝","110/07/12","台新證券",44,13,31
"13100","2929淘帝","110/07/12","華南永昌",1,57,-56
"13101","2929淘帝","110/07/12","新百王",30,0,30
"13102","2929淘帝","110/07/12","元大-南崁",4,59,-55
"13103","2929淘帝","110/07/12","群益金鼎-大興",30,0,30
"13104","2929淘帝","110/07/12","元大-嘉義",0,51,-51
"13105","2929淘帝","110/07/12","凱基-台北",32,5,27
"13106","2929淘帝","110/07/12","日茂",1,50,-49
"13107","2929淘帝","110/07/12","元富-城東",26,0,26
"13108","2929淘帝","110/07/12","新光",35,83,-48
"13109","2929淘帝","110/07/12","國泰-松江",26,0,26
"13110","2929淘帝","110/07/12","日盛-新竹",1,48,-47
"13111","5410國眾","110/07/12","群益金鼎-中壢",68,0,68
"13112","5410國眾","110/07/12","摩根大通",6,67,-61
"13113","5410國眾","110/07/12","凱基-市政",40,0,40
"13114","5410國眾","110/07/12","元富-嘉義",0,60,-60
"13115","5410國眾","110/07/12","凱基-竹北",38,0,38
"13116","5410國眾","110/07/12","凱基-台北",0,51,-51
"13117","5410國眾","110/07/12","華南永昌-三重",30,0,30
"13118","5410國眾","110/07/12","元富-大裕",0,33,-33
"13119","5410國眾","110/07/12","永興",20,0,20
"13120","5410國眾","110/07/12","日盛-木柵",0,15,-15
"13121","5410國眾","110/07/12","統一-新台中",20,0,20
"13122","5410國眾","110/07/12","群益金鼎-民權",0,15,-15
"13123","5410國眾","110/07/12","兆豐-三重",20,0,20
"13124","5410國眾","110/07/12","元富-緯城",0,14,-14
"13125","5410國眾","110/07/12","富邦-台中",20,0,20
"13126","5410國眾","110/07/12","元大-大同",0,12,-12
"13127","5410國眾","110/07/12","臺銀",15,0,15
"13128","5410國眾","110/07/12","元大-莒光",0,10,-10
"13129","5410國眾","110/07/12","新光-桃園",20,6,14
"13130","5410國眾","110/07/12","元大-博愛",0,10,-10
"13131","5410國眾","110/07/12","元大-員林",12,0,12
"13132","5410國眾","110/07/12","日盛-永康",0,8,-8
"13133","5410國眾","110/07/12","日盛-員林",10,0,10
"13134","5410國眾","110/07/12","元大-四維",5,13,-8
"13135","5410國眾","110/07/12","元大-新盛",10,0,10
"13136","5410國眾","110/07/12","新加坡商瑞銀",0,7,-7
"13137","5410國眾","110/07/12","永豐金-台南",10,0,10
"13138","5410國眾","110/07/12","致和-金華",0,7,-7
"13139","5410國眾","110/07/12","元富-新莊",8,0,8
"13140","5410國眾","110/07/12","新光-新竹",0,7,-7
"13141","2841台開","110/07/12","永豐金-敦南",139,26,113
"13142","2841台開","110/07/12","華南永昌-朴子",0,528,-528
"13143","2841台開","110/07/12","日盛-雙和",68,0,68
"13144","2841台開","110/07/12","元大-苑裡",2,50,-48
"13145","2841台開","110/07/12","台新證券",62,4,58
"13146","2841台開","110/07/12","群益金鼎-東湖",0,40,-40
"13147","2841台開","110/07/12","凱基-文心",50,0,50
"13148","2841台開","110/07/12","第一金-員林",0,30,-30
"13149","2841台開","110/07/12","第一金-台中",45,0,45
"13150","2841台開","110/07/12","德信-中正",0,20,-20
"13151","2841台開","110/07/12","富邦-嘉義",40,0,40
"13152","2841台開","110/07/12","兆豐-嘉義",0,20,-20
"13153","2841台開","110/07/12","日盛-木柵",30,0,30
"13154","2841台開","110/07/12","彰銀-七賢",0,15,-15
"13155","2841台開","110/07/12","中國信託-文心",31,3,28
"13156","2841台開","110/07/12","元大-承德",0,14,-14
"13157","2841台開","110/07/12","元大-福營",30,7,23
"13158","2841台開","110/07/12","元富",0,12,-12
"13159","2841台開","110/07/12","台中銀",20,0,20
"13160","2841台開","110/07/12","富邦-陽明",0,11,-11
"13161","2841台開","110/07/12","國泰-板橋",20,0,20
"13162","2841台開","110/07/12","元大證券",0,11,-11
"13163","2841台開","110/07/12","元大-前金",20,0,20
"13164","2841台開","110/07/12","元大-大甲",0,10,-10
"13165","2841台開","110/07/12","中國信託-高雄",16,1,15
"13166","2841台開","110/07/12","日盛-新竹",0,8,-8
"13167","2841台開","110/07/12","陽信-石牌",15,0,15
"13168","2841台開","110/07/12","元富-城東",0,8,-8
"13169","2841台開","110/07/12","永豐金-南投",15,0,15
"13170","2841台開","110/07/12","玉山-台南",2,10,-8
"13171","6207雷科","110/07/12","元大-高雄",34,0,34
"13172","6207雷科","110/07/12","永豐金-三重",1,32,-31
"13173","6207雷科","110/07/12","華南永昌-林口",16,1,15
"13174","6207雷科","110/07/12","永全-八德",0,30,-30
"13175","6207雷科","110/07/12","摩根大通",19,6,13
"13176","6207雷科","110/07/12","國泰-台中",0,14,-14
"13177","6207雷科","110/07/12","元富-埔里",10,0,10
"13178","6207雷科","110/07/12","第一金-澎湖",0,10,-10
"13179","6207雷科","110/07/12","凱基-台南",10,0,10
"13180","6207雷科","110/07/12","元富-林園",0,10,-10
"13181","6207雷科","110/07/12","新加坡商瑞銀",9,0,9
"13182","6207雷科","110/07/12","元大-東門",0,10,-10
"13183","6207雷科","110/07/12","瑞士信貸",8,0,8
"13184","6207雷科","110/07/12","兆豐-嘉義",0,4,-4
"13185","6207雷科","110/07/12","中國信託-高雄",9,1,8
"13186","6207雷科","110/07/12","新光",0,4,-4
"13187","6207雷科","110/07/12","凱基-高雄",6,0,6
"13188","6207雷科","110/07/12","新光-台中",0,4,-4
"13189","6207雷科","110/07/12","元大-六合",6,0,6
"13190","6207雷科","110/07/12","群益金鼎-開元",0,4,-4
"13191","6207雷科","110/07/12","永豐金-信義",6,0,6
"13192","6207雷科","110/07/12","凱基-桃園",0,4,-4
"13193","6207雷科","110/07/12","群益金鼎-土城",5,0,5
"13194","6207雷科","110/07/12","凱基-民權",0,4,-4
"13195","6207雷科","110/07/12","群益金鼎-竹南",5,0,5
"13196","6207雷科","110/07/12","玉山-新莊",0,3,-3
"13197","6207雷科","110/07/12","元大-大灣",5,1,4
"13198","6207雷科","110/07/12","國泰-松江",0,3,-3
"13199","6207雷科","110/07/12","永興",3,0,3
"13200","6207雷科","110/07/12","富邦-羅東",0,3,-3
"13201","3679新至陞","110/07/12","富邦-新竹華信",40,2,38
"13202","3679新至陞","110/07/12","瑞士信貸",0,45,-45
"13203","3679新至陞","110/07/12","台中銀-員林",28,2,26
"13204","3679新至陞","110/07/12","永豐金-天母",0,39,-39
"13205","3679新至陞","110/07/12","聯邦-大業",24,0,24
"13206","3679新至陞","110/07/12","摩根大通",7,35,-28
"13207","3679新至陞","110/07/12","永豐金證券",20,0,20
"13208","3679新至陞","110/07/12","凱基-台北",8,36,-28
"13209","3679新至陞","110/07/12","港商法國興業",14,0,14
"13210","3679新至陞","110/07/12","華南永昌-小港",1,23,-22
"13211","3679新至陞","110/07/12","日盛-樹林",13,1,12
"13212","3679新至陞","110/07/12","台新-台中",0,15,-15
"13213","3679新至陞","110/07/12","國泰-桃園",9,0,9
"13214","3679新至陞","110/07/12","統一-台中",0,12,-12
"13215","3679新至陞","110/07/12","宏遠-館前",8,0,8
"13216","3679新至陞","110/07/12","元大-成功",1,12,-11
"13217","3679新至陞","110/07/12","凱基",10,2,8
"13218","3679新至陞","110/07/12","康和-澎湖",0,8,-8
"13219","3679新至陞","110/07/12","(牛牛牛)亞-網路",7,0,7
"13220","3679新至陞","110/07/12","新加坡商瑞銀",0,7,-7
"13221","3679新至陞","110/07/12","兆豐-員林",7,0,7
"13222","3679新至陞","110/07/12","兆豐-來福",0,7,-7
"13223","3679新至陞","110/07/12","大慶-蘆洲",5,0,5
"13224","3679新至陞","110/07/12","元大-佳里",0,6,-6
"13225","3679新至陞","110/07/12","土銀-花蓮",4,0,4
"13226","3679新至陞","110/07/12","美商高盛",0,5,-5
"13227","3679新至陞","110/07/12","台新-高雄",5,1,4
"13228","3679新至陞","110/07/12","國票-新莊",0,5,-5
"13229","3679新至陞","110/07/12","元大-天母",4,0,4
"13230","3679新至陞","110/07/12","台新-屏東",0,5,-5
"13231","2727王品","110/07/12","凱基-台北",354,198,156
"13232","2727王品","110/07/12","台灣摩根士丹利",5,386,-381
"13233","2727王品","110/07/12","統一-城中",159,22,137
"13234","2727王品","110/07/12","元大-嘉義",4,60,-56
"13235","2727王品","110/07/12","日盛-忠孝",60,0,60
"13236","2727王品","110/07/12","元大-大同",2,44,-42
"13237","2727王品","110/07/12","永豐金-忠孝",45,5,40
"13238","2727王品","110/07/12","國泰-台中",32,73,-41
"13239","2727王品","110/07/12","合庫-新竹",31,0,31
"13240","2727王品","110/07/12","元大證券",127,163,-36
"13241","2727王品","110/07/12","富邦-台中",31,3,28
"13242","2727王品","110/07/12","凱基",1,33,-32
"13243","2727王品","110/07/12","元大-桃園",35,10,25
"13244","2727王品","110/07/12","永全-南崁",1,31,-30
"13245","2727王品","110/07/12","新加坡商瑞銀",28,4,24
"13246","2727王品","110/07/12","凱基-和平",2,32,-30
"13247","2727王品","110/07/12","群益金鼎-古亭",25,2,23
"13248","2727王品","110/07/12","永豐金-大園",8,38,-30
"13249","2727王品","110/07/12","元大-龍潭",29,7,22
"13250","2727王品","110/07/12","瑞士信貸",0,28,-28
"13251","2727王品","110/07/12","永豐金-永康",25,3,22
"13252","2727王品","110/07/12","元富",17,44,-27
"13253","2727王品","110/07/12","富邦-竹北",24,3,21
"13254","2727王品","110/07/12","元大-北屯",5,32,-27
"13255","2727王品","110/07/12","群益金鼎-松山",20,0,20
"13256","2727王品","110/07/12","華南永昌",3,28,-25
"13257","2727王品","110/07/12","元大-八德",20,0,20
"13258","2727王品","110/07/12","統一-竹南",1,23,-22
"13259","2727王品","110/07/12","元大-南京",25,6,19
"13260","2727王品","110/07/12","永豐金證券",4,26,-22
"13261","1570力肯","110/07/12","國票-北高雄",40,0,40
"13262","1570力肯","110/07/12","日盛-竹北",0,40,-40
"13263","1570力肯","110/07/12","摩根大通",16,0,16
"13264","1570力肯","110/07/12","第一金-華江",1,38,-37
"13265","1570力肯","110/07/12","新光",31,19,12
"13266","1570力肯","110/07/12","元大-永春",0,26,-26
"13267","1570力肯","110/07/12","元大-台中中港",12,0,12
"13268","1570力肯","110/07/12","元大-古亭",1,20,-19
"13269","1570力肯","110/07/12","日盛-高雄",10,0,10
"13270","1570力肯","110/07/12","國泰-松江",0,16,-16
"13271","1570力肯","110/07/12","第一金-路竹",10,0,10
"13272","1570力肯","110/07/12","台新-台南",0,15,-15
"13273","1570力肯","110/07/12","台新-新莊",10,0,10
"13274","1570力肯","110/07/12","康和-石牌",0,15,-15
"13275","1570力肯","110/07/12","元大-新盛",9,0,9
"13276","1570力肯","110/07/12","國泰-板橋",0,11,-11
"13277","1570力肯","110/07/12","凱基-台北",8,0,8
"13278","1570力肯","110/07/12","元大-高雄",0,11,-11
"13279","1570力肯","110/07/12","彰銀-七賢",6,0,6
"13280","1570力肯","110/07/12","兆豐-桃園",0,10,-10
"13281","1570力肯","110/07/12","元富-緯城",6,0,6
"13282","1570力肯","110/07/12","元大-大益",0,10,-10
"13283","1570力肯","110/07/12","華南永昌-古亭",6,0,6
"13284","1570力肯","110/07/12","中國信託-文心",0,5,-5
"13285","1570力肯","110/07/12","富邦-陽明",6,0,6
"13286","1570力肯","110/07/12","光和",0,5,-5
"13287","1570力肯","110/07/12","臺銀-臺南",5,0,5
"13288","1570力肯","110/07/12","陽信-石牌",0,5,-5
"13289","1570力肯","110/07/12","宏遠-館前",5,0,5
"13290","1570力肯","110/07/12","國泰-高雄",0,5,-5
"13291","6180橘子","110/07/12","康和-台中",32,2,30
"13292","6180橘子","110/07/12","新百王",1,40,-39
"13293","6180橘子","110/07/12","美林",32,3,29
"13294","6180橘子","110/07/12","富邦-陽明",4,42,-38
"13295","6180橘子","110/07/12","元大-羅東",21,0,21
"13296","6180橘子","110/07/12","新光",3,32,-29
"13297","6180橘子","110/07/12","兆豐-埔墘",16,0,16
"13298","6180橘子","110/07/12","日盛-文化",4,20,-16
"13299","6180橘子","110/07/12","元大-雙和",12,0,12
"13300","6180橘子","110/07/12","華南永昌-鶯歌",0,15,-15
"13301","6180橘子","110/07/12","美商高盛",18,7,11
"13302","6180橘子","110/07/12","中國信託-忠孝",7,20,-13
"13303","6180橘子","110/07/12","台新證券",14,3,11
"13304","6180橘子","110/07/12","凱基-台北",5,17,-12
"13305","6180橘子","110/07/12","元大-中壢",12,1,11
"13306","6180橘子","110/07/12","凱基-高雄",0,11,-11
"13307","6180橘子","110/07/12","統一-南京",10,0,10
"13308","6180橘子","110/07/12","凱基-大安",0,10,-10
"13309","6180橘子","110/07/12","致和-崇德",10,0,10
"13310","6180橘子","110/07/12","元大-北屯",0,10,-10
"13311","6180橘子","110/07/12","玉山-板橋",10,0,10
"13312","6180橘子","110/07/12","元大-南京",0,9,-9
"13313","6180橘子","110/07/12","富邦-仁愛",10,0,10
"13314","6180橘子","110/07/12","元大-台南",1,10,-9
"13315","6180橘子","110/07/12","摩根大通",10,1,9
"13316","6180橘子","110/07/12","康和-澎湖",0,8,-8
"13317","6180橘子","110/07/12","元富-林園",8,0,8
"13318","6180橘子","110/07/12","第一金-台中",0,7,-7
"13319","6180橘子","110/07/12","大慶-富順",7,0,7
"13320","6180橘子","110/07/12","台新-台南",1,8,-7
"13321","2390云辰","110/07/12","統一-新台中",170,0,170
"13322","2390云辰","110/07/12","元大-天母",2,450,-448
"13323","2390云辰","110/07/12","華南永昌-麻豆",137,2,135
"13324","2390云辰","110/07/12","國泰-忠孝",1,143,-142
"13325","2390云辰","110/07/12","元富-成功",103,14,89
"13326","2390云辰","110/07/12","摩根大通",377,512,-135
"13327","2390云辰","110/07/12","元大-土城學府",146,69,77
"13328","2390云辰","110/07/12","台灣摩根士丹利",0,91,-91
"13329","2390云辰","110/07/12","永豐金-永康",76,4,72
"13330","2390云辰","110/07/12","美林",84,146,-62
"13331","2390云辰","110/07/12","台中銀",73,2,71
"13332","2390云辰","110/07/12","華南永昌-嘉義",2,61,-59
"13333","2390云辰","110/07/12","大昌",63,3,60
"13334","2390云辰","110/07/12","永豐金-羅東",0,49,-49
"13335","2390云辰","110/07/12","合庫-三重",50,0,50
"13336","2390云辰","110/07/12","玉山-台中",6,53,-47
"13337","2390云辰","110/07/12","元富-高雄",93,50,43
"13338","2390云辰","110/07/12","玉山-新莊",2,48,-46
"13339","2390云辰","110/07/12","元大-館前",40,4,36
"13340","2390云辰","110/07/12","元大-大里",7,52,-45
"13341","2390云辰","110/07/12","港商野村",143,109,34
"13342","2390云辰","110/07/12","元大-內湖",3,48,-45
"13343","2390云辰","110/07/12","元大-雙和",34,0,34
"13344","2390云辰","110/07/12","永豐金-市政",1,42,-41
"13345","2390云辰","110/07/12","群益金鼎-民權",33,2,31
"13346","2390云辰","110/07/12","元大-學甲",1,41,-40
"13347","2390云辰","110/07/12","日盛-八德",40,10,30
"13348","2390云辰","110/07/12","兆豐-高雄",2,41,-39
"13349","2390云辰","110/07/12","國票-嘉義",30,0,30
"13350","2390云辰","110/07/12","新加坡商瑞銀",21,59,-38
"13351","4903聯光通","110/07/09","元大-敦南",10,0,10
"13352","4903聯光通","110/07/09","第一金-台中",0,12,-12
"13353","4903聯光通","110/07/09","凱基-士林",5,0,5
"13354","4903聯光通","110/07/09","日盛-忠孝",0,3,-3
"13355","4903聯光通","110/07/09","元大-苗栗",5,0,5
"13356","4903聯光通","110/07/09","群益金鼎-崇德",0,3,-3
"13357","4903聯光通","110/07/09","元大-屏南",3,0,3
"13358","4903聯光通","110/07/09","國票-內壢",0,2,-2
"13359","4903聯光通","110/07/09","中國信託-永康",1,0,1
"13360","4903聯光通","110/07/09","康和-南崁",0,2,-2
"13361","4903聯光通","110/07/09","玉山證券",1,0,1
"13362","4903聯光通","110/07/09","新光-台中",0,2,-2
"13363","4903聯光通","110/07/09","元大-太平",4,3,1
"13364","4903聯光通","110/07/09","玉山-城中",0,2,-2
"13365","4903聯光通","110/07/09","永豐金-嘉義",1,0,1
"13366","4903聯光通","110/07/09","中國信託-文心",0,1,-1
"13367","4903聯光通","110/07/09","大昌",0,0,0
"13368","4903聯光通","110/07/09","大昌",0,0,0
"13369","4903聯光通","110/07/09","中農",0,0,0
"13370","4903聯光通","110/07/09","中農",0,0,0
"13371","4903聯光通","110/07/09","",NA,NA,NA
"13372","4903聯光通","110/07/09","",NA,NA,NA
"13373","4903聯光通","110/07/09","",NA,NA,NA
"13374","4903聯光通","110/07/09","",NA,NA,NA
"13375","4903聯光通","110/07/09","",NA,NA,NA
"13376","4903聯光通","110/07/09","",NA,NA,NA
"13377","4903聯光通","110/07/09","",NA,NA,NA
"13378","4903聯光通","110/07/09","",NA,NA,NA
"13379","4903聯光通","110/07/09","",NA,NA,NA
"13380","4903聯光通","110/07/09","",NA,NA,NA
"13381","2929淘帝","110/07/09","台中銀-台北",110,0,110
"13382","2929淘帝","110/07/09","新光",2,82,-80
"13383","2929淘帝","110/07/09","華南永昌-頭份",72,0,72
"13384","2929淘帝","110/07/09","摩根大通",2,63,-61
"13385","2929淘帝","110/07/09","合庫-高雄",71,0,71
"13386","2929淘帝","110/07/09","第一金-路竹",0,50,-50
"13387","2929淘帝","110/07/09","高橋-龍潭",37,0,37
"13388","2929淘帝","110/07/09","港商麥格理",0,42,-42
"13389","2929淘帝","110/07/09","新光-台中",60,26,34
"13390","2929淘帝","110/07/09","陽信-石牌",0,40,-40
"13391","2929淘帝","110/07/09","元富-大裕",22,1,21
"13392","2929淘帝","110/07/09","台新-左楠",1,39,-38
"13393","2929淘帝","110/07/09","合庫-鳳山",20,0,20
"13394","2929淘帝","110/07/09","凱基-桃園",3,29,-26
"13395","2929淘帝","110/07/09","元大-員林",22,2,20
"13396","2929淘帝","110/07/09","兆豐-內湖",0,25,-25
"13397","2929淘帝","110/07/09","台新-建北",15,0,15
"13398","2929淘帝","110/07/09","元大-北港",0,20,-20
"13399","2929淘帝","110/07/09","兆豐-桃園",13,0,13
"13400","2929淘帝","110/07/09","富邦-北港",0,19,-19
"13401","2929淘帝","110/07/09","兆豐-忠孝",10,0,10
"13402","2929淘帝","110/07/09","富邦-花蓮",0,17,-17
"13403","2929淘帝","110/07/09","國票-敦北法人",10,0,10
"13404","2929淘帝","110/07/09","國泰-台中",2,17,-15
"13405","2929淘帝","110/07/09","永豐金-博愛",10,0,10
"13406","2929淘帝","110/07/09","群益金鼎-彰化",0,15,-15
"13407","2929淘帝","110/07/09","群益金鼎-潭子",8,0,8
"13408","2929淘帝","110/07/09","元大-博愛",0,14,-14
"13409","2929淘帝","110/07/09","富邦-南屯",8,0,8
"13410","2929淘帝","110/07/09","日盛-板橋",0,13,-13
"13411","5410國眾","110/07/09","元大-新盛",14,0,14
"13412","5410國眾","110/07/09","(牛牛牛)亞-鑫豐",1,41,-40
"13413","5410國眾","110/07/09","台灣企銀-民雄",10,0,10
"13414","5410國眾","110/07/09","元富-嘉義",0,25,-25
"13415","5410國眾","110/07/09","元富-虎尾",9,0,9
"13416","5410國眾","110/07/09","凱基-高美館",0,10,-10
"13417","5410國眾","110/07/09","摩根大通",10,1,9
"13418","5410國眾","110/07/09","凱基-城中",0,10,-10
"13419","5410國眾","110/07/09","兆豐-北高雄",7,0,7
"13420","5410國眾","110/07/09","元大-頭份",0,10,-10
"13421","5410國眾","110/07/09","凱基-台北",8,1,7
"13422","5410國眾","110/07/09","群益金鼎-丹鳳",0,7,-7
"13423","5410國眾","110/07/09","華南永昌-公誠",7,0,7
"13424","5410國眾","110/07/09","凱基-復興",0,7,-7
"13425","5410國眾","110/07/09","香港上海匯豐",6,0,6
"13426","5410國眾","110/07/09","元大-員林",0,7,-7
"13427","5410國眾","110/07/09","凱基-中壢",6,0,6
"13428","5410國眾","110/07/09","富邦-竹東",0,6,-6
"13429","5410國眾","110/07/09","華南永昌-南京",6,0,6
"13430","5410國眾","110/07/09","亞東-高雄",0,5,-5
"13431","5410國眾","110/07/09","統一-三重",5,0,5
"13432","5410國眾","110/07/09","大慶-中壢",1,6,-5
"13433","5410國眾","110/07/09","富邦-宜蘭",5,0,5
"13434","5410國眾","110/07/09","群益金鼎-中港",0,5,-5
"13435","5410國眾","110/07/09","元大-崇德",5,0,5
"13436","5410國眾","110/07/09","元大-八德",0,5,-5
"13437","5410國眾","110/07/09","元大-博愛",5,0,5
"13438","5410國眾","110/07/09","富邦-基隆",0,4,-4
"13439","5410國眾","110/07/09","元大-龍潭",5,0,5
"13440","5410國眾","110/07/09","臺銀-新竹",0,3,-3
"13441","2841台開","110/07/09","日盛-雙和",102,0,102
"13442","2841台開","110/07/09","港商野村",0,129,-129
"13443","2841台開","110/07/09","元大-館前",70,0,70
"13444","2841台開","110/07/09","兆豐-永和",0,100,-100
"13445","2841台開","110/07/09","凱基-文心",50,0,50
"13446","2841台開","110/07/09","台新證券",7,28,-21
"13447","2841台開","110/07/09","富邦-嘉義",40,0,40
"13448","2841台開","110/07/09","國票-北高雄",0,20,-20
"13449","2841台開","110/07/09","美商高盛",15,0,15
"13450","2841台開","110/07/09","永豐金-敦南",29,46,-17
"13451","2841台開","110/07/09","台中銀",15,0,15
"13452","2841台開","110/07/09","合庫-基隆",0,12,-12
"13453","2841台開","110/07/09","新光",11,0,11
"13454","2841台開","110/07/09","中國信託-松江",0,12,-12
"13455","2841台開","110/07/09","華南永昌-長虹",10,0,10
"13456","2841台開","110/07/09","兆豐-城中",0,12,-12
"13457","2841台開","110/07/09","永豐金-南投",10,0,10
"13458","2841台開","110/07/09","台中銀-豐原",0,10,-10
"13459","2841台開","110/07/09","合庫-桃園",7,0,7
"13460","2841台開","110/07/09","兆豐-景美",0,10,-10
"13461","2841台開","110/07/09","群益金鼎-古亭",7,0,7
"13462","2841台開","110/07/09","群益金鼎-基隆",0,10,-10
"13463","2841台開","110/07/09","國泰-敦南",6,0,6
"13464","2841台開","110/07/09","元大-北三重",0,10,-10
"13465","2841台開","110/07/09","凱基-桃園",8,2,6
"13466","2841台開","110/07/09","(牛牛牛)亞-網路",0,9,-9
"13467","2841台開","110/07/09","日盛證券",5,0,5
"13468","2841台開","110/07/09","台新-高雄",1,10,-9
"13469","2841台開","110/07/09","元富-文心",5,0,5
"13470","2841台開","110/07/09","凱基-台北",0,7,-7
"13471","6207雷科","110/07/09","群益金鼎-新竹",47,0,47
"13472","6207雷科","110/07/09","新光",7,24,-17
"13473","6207雷科","110/07/09","永豐金-三重",31,0,31
"13474","6207雷科","110/07/09","日盛-和美",0,15,-15
"13475","6207雷科","110/07/09","新加坡商瑞銀",33,5,28
"13476","6207雷科","110/07/09","國泰-台南",0,15,-15
"13477","6207雷科","110/07/09","元大-高雄",26,0,26
"13478","6207雷科","110/07/09","華南永昌-古亭",0,14,-14
"13479","6207雷科","110/07/09","統一-員林",22,0,22
"13480","6207雷科","110/07/09","土銀-白河",0,11,-11
"13481","6207雷科","110/07/09","台新-高雄",22,0,22
"13482","6207雷科","110/07/09","日盛-台南",0,10,-10
"13483","6207雷科","110/07/09","摩根大通",34,17,17
"13484","6207雷科","110/07/09","元富-林園",0,10,-10
"13485","6207雷科","110/07/09","元大-博愛",17,1,16
"13486","6207雷科","110/07/09","富邦-園區",0,10,-10
"13487","6207雷科","110/07/09","日茂-埔里",12,0,12
"13488","6207雷科","110/07/09","元大-上新莊",0,10,-10
"13489","6207雷科","110/07/09","國泰-台中",17,6,11
"13490","6207雷科","110/07/09","永豐金-南京",0,10,-10
"13491","6207雷科","110/07/09","富邦-三重",10,0,10
"13492","6207雷科","110/07/09","兆豐-小港",0,6,-6
"13493","6207雷科","110/07/09","元大-沙鹿",10,0,10
"13494","6207雷科","110/07/09","富邦-羅東",1,7,-6
"13495","6207雷科","110/07/09","元大-八德",10,0,10
"13496","6207雷科","110/07/09","元大-土城永寧",0,6,-6
"13497","6207雷科","110/07/09","第一金-路竹",11,2,9
"13498","6207雷科","110/07/09","永豐金-板盛",0,6,-6
"13499","6207雷科","110/07/09","統一-南京",5,0,5
"13500","6207雷科","110/07/09","日盛-板橋",0,5,-5
"13501","3679新至陞","110/07/09","元大-大天母",10,0,10
"13502","3679新至陞","110/07/09","第一金-光復",0,11,-11
"13503","3679新至陞","110/07/09","日盛-樹林",9,0,9
"13504","3679新至陞","110/07/09","瑞士信貸",0,8,-8
"13505","3679新至陞","110/07/09","凱基-台北",11,2,9
"13506","3679新至陞","110/07/09","大慶-苗栗",0,5,-5
"13507","3679新至陞","110/07/09","華南永昌-小港",8,0,8
"13508","3679新至陞","110/07/09","元大-永春",0,5,-5
"13509","3679新至陞","110/07/09","兆豐-來福",7,0,7
"13510","3679新至陞","110/07/09","日盛-和美",0,4,-4
"13511","3679新至陞","110/07/09","香港上海匯豐",5,0,5
"13512","3679新至陞","110/07/09","元大-雙和",0,3,-3
"13513","3679新至陞","110/07/09","台中銀-員林",3,0,3
"13514","3679新至陞","110/07/09","永豐金-屏東",0,3,-3
"13515","3679新至陞","110/07/09","新光",3,0,3
"13516","3679新至陞","110/07/09","彰銀",0,2,-2
"13517","3679新至陞","110/07/09","土銀-花蓮",2,0,2
"13518","3679新至陞","110/07/09","宏遠-館前",0,2,-2
"13519","3679新至陞","110/07/09","第一金-澎湖",2,0,2
"13520","3679新至陞","110/07/09","港商野村",0,2,-2
"13521","3679新至陞","110/07/09","摩根大通",2,0,2
"13522","3679新至陞","110/07/09","大昌-新店",0,2,-2
"13523","3679新至陞","110/07/09","國泰-敦南",2,0,2
"13524","3679新至陞","110/07/09","元大-新莊",0,2,-2
"13525","3679新至陞","110/07/09","元大-淡水",4,2,2
"13526","3679新至陞","110/07/09","元大-板橋",0,2,-2
"13527","3679新至陞","110/07/09","日盛-士林",1,0,1
"13528","3679新至陞","110/07/09","台灣摩根士丹利",0,1,-1
"13529","3679新至陞","110/07/09","日盛-信義",1,0,1
"13530","3679新至陞","110/07/09","第一金-高雄",0,1,-1
"13531","2727王品","110/07/09","台灣匯立證券",90,0,90
"13532","2727王品","110/07/09","台灣摩根士丹利",0,267,-267
"13533","2727王品","110/07/09","國泰-敦南",166,84,82
"13534","2727王品","110/07/09","富邦-台北",35,299,-264
"13535","2727王品","110/07/09","富邦-仁愛",56,12,44
"13536","2727王品","110/07/09","凱基-台北",174,296,-122
"13537","2727王品","110/07/09","台新證券",109,66,43
"13538","2727王品","110/07/09","第一金",2,102,-100
"13539","2727王品","110/07/09","新光",117,87,30
"13540","2727王品","110/07/09","群益金鼎-大安",0,80,-80
"13541","2727王品","110/07/09","臺銀-臺中",35,6,29
"13542","2727王品","110/07/09","兆豐-大安",7,60,-53
"13543","2727王品","110/07/09","元大-桃園",32,3,29
"13544","2727王品","110/07/09","永豐金-南投",0,50,-50
"13545","2727王品","110/07/09","元富-宜蘭",34,6,28
"13546","2727王品","110/07/09","新加坡商瑞銀",6,46,-40
"13547","2727王品","110/07/09","玉山-台中",34,8,26
"13548","2727王品","110/07/09","合庫-彰化",11,50,-39
"13549","2727王品","110/07/09","群益金鼎-宜蘭",30,4,26
"13550","2727王品","110/07/09","永豐金-萬盛",13,52,-39
"13551","2727王品","110/07/09","富邦-台中",42,16,26
"13552","2727王品","110/07/09","瑞士信貸",0,34,-34
"13553","2727王品","110/07/09","第一金-豐原",25,1,24
"13554","2727王品","110/07/09","元大-和平",4,35,-31
"13555","2727王品","110/07/09","臺銀",30,8,22
"13556","2727王品","110/07/09","美林",14,44,-30
"13557","2727王品","110/07/09","兆豐-來福",23,1,22
"13558","2727王品","110/07/09","元大-員林",9,38,-29
"13559","2727王品","110/07/09","玉山-士林",22,2,20
"13560","2727王品","110/07/09","元富-西松",4,31,-27
"13561","1570力肯","110/07/09","凱基-台北",30,1,29
"13562","1570力肯","110/07/09","群益金鼎-彰化",0,20,-20
"13563","1570力肯","110/07/09","新光-台南",20,0,20
"13564","1570力肯","110/07/09","元大-土城學府",0,20,-20
"13565","1570力肯","110/07/09","元大-高雄",20,0,20
"13566","1570力肯","110/07/09","元大-大統",0,16,-16
"13567","1570力肯","110/07/09","國票-中正",12,0,12
"13568","1570力肯","110/07/09","元大-新營",0,11,-11
"13569","1570力肯","110/07/09","日盛-高雄",6,0,6
"13570","1570力肯","110/07/09","元大-和平",0,10,-10
"13571","1570力肯","110/07/09","元富-緯城",6,0,6
"13572","1570力肯","110/07/09","元大-草屯",0,10,-10
"13573","1570力肯","110/07/09","群益金鼎-台南",6,0,6
"13574","1570力肯","110/07/09","元大-鹿港",0,9,-9
"13575","1570力肯","110/07/09","華南永昌-岡山",6,0,6
"13576","1570力肯","110/07/09","合庫-基隆",0,7,-7
"13577","1570力肯","110/07/09","統一-中壢",5,0,5
"13578","1570力肯","110/07/09","摩根大通",2,8,-6
"13579","1570力肯","110/07/09","凱基-三峽",5,0,5
"13580","1570力肯","110/07/09","台灣企銀-豐原",0,4,-4
"13581","1570力肯","110/07/09","大昌-樹林",4,0,4
"13582","1570力肯","110/07/09","日盛-桃園",0,4,-4
"13583","1570力肯","110/07/09","新光",3,0,3
"13584","1570力肯","110/07/09","國泰-高雄",0,3,-3
"13585","1570力肯","110/07/09","富邦-新竹華信",3,0,3
"13586","1570力肯","110/07/09","永豐金-敦南",0,3,-3
"13587","1570力肯","110/07/09","合庫-台中",2,0,2
"13588","1570力肯","110/07/09","土銀-彰化",0,2,-2
"13589","1570力肯","110/07/09","臺銀-臺中",2,0,2
"13590","1570力肯","110/07/09","臺銀-鳳山",0,2,-2
"13591","6180橘子","110/07/09","摩根大通",63,1,62
"13592","6180橘子","110/07/09","元大-南京",1,32,-31
"13593","6180橘子","110/07/09","富邦-陽明",73,33,40
"13594","6180橘子","110/07/09","群益金鼎-台北",0,25,-25
"13595","6180橘子","110/07/09","新加坡商瑞銀",31,0,31
"13596","6180橘子","110/07/09","兆豐-復興",0,21,-21
"13597","6180橘子","110/07/09","美商高盛",25,0,25
"13598","6180橘子","110/07/09","永豐金-嘉義",0,21,-21
"13599","6180橘子","110/07/09","凱基-台北",26,10,16
"13600","6180橘子","110/07/09","凱基-中壢",8,24,-16
"13601","6180橘子","110/07/09","華南永昌-楠梓",13,0,13
"13602","6180橘子","110/07/09","致和-崇德",0,15,-15
"13603","6180橘子","110/07/09","華南永昌-朴子",11,0,11
"13604","6180橘子","110/07/09","群益金鼎-屏東",0,15,-15
"13605","6180橘子","110/07/09","元大-北港",11,0,11
"13606","6180橘子","110/07/09","群益金鼎-中山",0,15,-15
"13607","6180橘子","110/07/09","元大-成功",10,1,9
"13608","6180橘子","110/07/09","瑞士信貸",1,15,-14
"13609","6180橘子","110/07/09","新光",26,18,8
"13610","6180橘子","110/07/09","日盛-二林",0,10,-10
"13611","6180橘子","110/07/09","統一-三重",6,0,6
"13612","6180橘子","110/07/09","凱基-東門",0,10,-10
"13613","6180橘子","110/07/09","群益金鼎-嘉義",6,0,6
"13614","6180橘子","110/07/09","華南永昌-三重",0,10,-10
"13615","6180橘子","110/07/09","元大-員林中山",6,0,6
"13616","6180橘子","110/07/09","元大-彰化民生",1,11,-10
"13617","6180橘子","110/07/09","合庫-鳳山",5,0,5
"13618","6180橘子","110/07/09","永豐金-新店",1,11,-10
"13619","6180橘子","110/07/09","富邦-建國",6,1,5
"13620","6180橘子","110/07/09","群益金鼎-丹鳳",0,8,-8
"13621","2390云辰","110/07/09","摩根大通",279,56,223
"13622","2390云辰","110/07/09","元大-天母",0,127,-127
"13623","2390云辰","110/07/09","日盛-鳳山",110,2,108
"13624","2390云辰","110/07/09","中國信託-文心",5,109,-104
"13625","2390云辰","110/07/09","宏遠證券",100,0,100
"13626","2390云辰","110/07/09","永豐金-復興",0,55,-55
"13627","2390云辰","110/07/09","元大-大里",63,6,57
"13628","2390云辰","110/07/09","凱基-台北",239,286,-47
"13629","2390云辰","110/07/09","凱基-八德",59,10,49
"13630","2390云辰","110/07/09","德信",2,32,-30
"13631","2390云辰","110/07/09","合庫-新竹",40,0,40
"13632","2390云辰","110/07/09","兆豐-桃鶯",2,32,-30
"13633","2390云辰","110/07/09","國票",40,1,39
"13634","2390云辰","110/07/09","致和-南京",0,30,-30
"13635","2390云辰","110/07/09","新加坡商瑞銀",49,13,36
"13636","2390云辰","110/07/09","富邦-虎尾",1,31,-30
"13637","2390云辰","110/07/09","統一-新台中",36,2,34
"13638","2390云辰","110/07/09","元大-善化",2,31,-29
"13639","2390云辰","110/07/09","國票-嘉義",31,0,31
"13640","2390云辰","110/07/09","富邦-板橋",0,27,-27
"13641","2390云辰","110/07/09","華南永昌",35,7,28
"13642","2390云辰","110/07/09","富邦-永和",3,28,-25
"13643","2390云辰","110/07/09","玉山-台中",49,22,27
"13644","2390云辰","110/07/09","第一金-自由",20,44,-24
"13645","2390云辰","110/07/09","華南永昌-敦南",25,0,25
"13646","2390云辰","110/07/09","凱基-內湖",0,24,-24
"13647","2390云辰","110/07/09","新光-高雄",27,4,23
"13648","2390云辰","110/07/09","元大-汐止",1,24,-23
"13649","2390云辰","110/07/09","台灣摩根士丹利",85,63,22
"13650","2390云辰","110/07/09","新光-台中",12,33,-21
"13651","4903聯光通","110/07/09","元大-敦南",10,0,10
"13652","4903聯光通","110/07/09","第一金-台中",0,12,-12
"13653","4903聯光通","110/07/09","凱基-士林",5,0,5
"13654","4903聯光通","110/07/09","日盛-忠孝",0,3,-3
"13655","4903聯光通","110/07/09","元大-苗栗",5,0,5
"13656","4903聯光通","110/07/09","群益金鼎-崇德",0,3,-3
"13657","4903聯光通","110/07/09","元大-屏南",3,0,3
"13658","4903聯光通","110/07/09","國票-內壢",0,2,-2
"13659","4903聯光通","110/07/09","中國信託-永康",1,0,1
"13660","4903聯光通","110/07/09","康和-南崁",0,2,-2
"13661","4903聯光通","110/07/09","玉山證券",1,0,1
"13662","4903聯光通","110/07/09","新光-台中",0,2,-2
"13663","4903聯光通","110/07/09","元大-太平",4,3,1
"13664","4903聯光通","110/07/09","玉山-城中",0,2,-2
"13665","4903聯光通","110/07/09","永豐金-嘉義",1,0,1
"13666","4903聯光通","110/07/09","中國信託-文心",0,1,-1
"13667","4903聯光通","110/07/09","大昌",0,0,0
"13668","4903聯光通","110/07/09","大昌",0,0,0
"13669","4903聯光通","110/07/09","中農",0,0,0
"13670","4903聯光通","110/07/09","中農",0,0,0
"13671","4903聯光通","110/07/09","",NA,NA,NA
"13672","4903聯光通","110/07/09","",NA,NA,NA
"13673","4903聯光通","110/07/09","",NA,NA,NA
"13674","4903聯光通","110/07/09","",NA,NA,NA
"13675","4903聯光通","110/07/09","",NA,NA,NA
"13676","4903聯光通","110/07/09","",NA,NA,NA
"13677","4903聯光通","110/07/09","",NA,NA,NA
"13678","4903聯光通","110/07/09","",NA,NA,NA
"13679","4903聯光通","110/07/09","",NA,NA,NA
"13680","4903聯光通","110/07/09","",NA,NA,NA
"13681","2929淘帝","110/07/09","台中銀-台北",110,0,110
"13682","2929淘帝","110/07/09","新光",2,82,-80
"13683","2929淘帝","110/07/09","華南永昌-頭份",72,0,72
"13684","2929淘帝","110/07/09","摩根大通",2,63,-61
"13685","2929淘帝","110/07/09","合庫-高雄",71,0,71
"13686","2929淘帝","110/07/09","第一金-路竹",0,50,-50
"13687","2929淘帝","110/07/09","高橋-龍潭",37,0,37
"13688","2929淘帝","110/07/09","港商麥格理",0,42,-42
"13689","2929淘帝","110/07/09","新光-台中",60,26,34
"13690","2929淘帝","110/07/09","陽信-石牌",0,40,-40
"13691","2929淘帝","110/07/09","元富-大裕",22,1,21
"13692","2929淘帝","110/07/09","台新-左楠",1,39,-38
"13693","2929淘帝","110/07/09","合庫-鳳山",20,0,20
"13694","2929淘帝","110/07/09","凱基-桃園",3,29,-26
"13695","2929淘帝","110/07/09","元大-員林",22,2,20
"13696","2929淘帝","110/07/09","兆豐-內湖",0,25,-25
"13697","2929淘帝","110/07/09","台新-建北",15,0,15
"13698","2929淘帝","110/07/09","元大-北港",0,20,-20
"13699","2929淘帝","110/07/09","兆豐-桃園",13,0,13
"13700","2929淘帝","110/07/09","富邦-北港",0,19,-19
"13701","2929淘帝","110/07/09","兆豐-忠孝",10,0,10
"13702","2929淘帝","110/07/09","富邦-花蓮",0,17,-17
"13703","2929淘帝","110/07/09","國票-敦北法人",10,0,10
"13704","2929淘帝","110/07/09","國泰-台中",2,17,-15
"13705","2929淘帝","110/07/09","永豐金-博愛",10,0,10
"13706","2929淘帝","110/07/09","群益金鼎-彰化",0,15,-15
"13707","2929淘帝","110/07/09","群益金鼎-潭子",8,0,8
"13708","2929淘帝","110/07/09","元大-博愛",0,14,-14
"13709","2929淘帝","110/07/09","富邦-南屯",8,0,8
"13710","2929淘帝","110/07/09","日盛-板橋",0,13,-13
"13711","5410國眾","110/07/09","元大-新盛",14,0,14
"13712","5410國眾","110/07/09","(牛牛牛)亞-鑫豐",1,41,-40
"13713","5410國眾","110/07/09","台灣企銀-民雄",10,0,10
"13714","5410國眾","110/07/09","元富-嘉義",0,25,-25
"13715","5410國眾","110/07/09","元富-虎尾",9,0,9
"13716","5410國眾","110/07/09","凱基-高美館",0,10,-10
"13717","5410國眾","110/07/09","摩根大通",10,1,9
"13718","5410國眾","110/07/09","凱基-城中",0,10,-10
"13719","5410國眾","110/07/09","兆豐-北高雄",7,0,7
"13720","5410國眾","110/07/09","元大-頭份",0,10,-10
"13721","5410國眾","110/07/09","凱基-台北",8,1,7
"13722","5410國眾","110/07/09","群益金鼎-丹鳳",0,7,-7
"13723","5410國眾","110/07/09","華南永昌-公誠",7,0,7
"13724","5410國眾","110/07/09","凱基-復興",0,7,-7
"13725","5410國眾","110/07/09","香港上海匯豐",6,0,6
"13726","5410國眾","110/07/09","元大-員林",0,7,-7
"13727","5410國眾","110/07/09","凱基-中壢",6,0,6
"13728","5410國眾","110/07/09","富邦-竹東",0,6,-6
"13729","5410國眾","110/07/09","華南永昌-南京",6,0,6
"13730","5410國眾","110/07/09","亞東-高雄",0,5,-5
"13731","5410國眾","110/07/09","統一-三重",5,0,5
"13732","5410國眾","110/07/09","大慶-中壢",1,6,-5
"13733","5410國眾","110/07/09","富邦-宜蘭",5,0,5
"13734","5410國眾","110/07/09","群益金鼎-中港",0,5,-5
"13735","5410國眾","110/07/09","元大-崇德",5,0,5
"13736","5410國眾","110/07/09","元大-八德",0,5,-5
"13737","5410國眾","110/07/09","元大-博愛",5,0,5
"13738","5410國眾","110/07/09","富邦-基隆",0,4,-4
"13739","5410國眾","110/07/09","元大-龍潭",5,0,5
"13740","5410國眾","110/07/09","臺銀-新竹",0,3,-3
"13741","2841台開","110/07/09","日盛-雙和",102,0,102
"13742","2841台開","110/07/09","港商野村",0,129,-129
"13743","2841台開","110/07/09","元大-館前",70,0,70
"13744","2841台開","110/07/09","兆豐-永和",0,100,-100
"13745","2841台開","110/07/09","凱基-文心",50,0,50
"13746","2841台開","110/07/09","台新證券",7,28,-21
"13747","2841台開","110/07/09","富邦-嘉義",40,0,40
"13748","2841台開","110/07/09","國票-北高雄",0,20,-20
"13749","2841台開","110/07/09","美商高盛",15,0,15
"13750","2841台開","110/07/09","永豐金-敦南",29,46,-17
"13751","2841台開","110/07/09","台中銀",15,0,15
"13752","2841台開","110/07/09","合庫-基隆",0,12,-12
"13753","2841台開","110/07/09","新光",11,0,11
"13754","2841台開","110/07/09","中國信託-松江",0,12,-12
"13755","2841台開","110/07/09","華南永昌-長虹",10,0,10
"13756","2841台開","110/07/09","兆豐-城中",0,12,-12
"13757","2841台開","110/07/09","永豐金-南投",10,0,10
"13758","2841台開","110/07/09","台中銀-豐原",0,10,-10
"13759","2841台開","110/07/09","合庫-桃園",7,0,7
"13760","2841台開","110/07/09","兆豐-景美",0,10,-10
"13761","2841台開","110/07/09","群益金鼎-古亭",7,0,7
"13762","2841台開","110/07/09","群益金鼎-基隆",0,10,-10
"13763","2841台開","110/07/09","國泰-敦南",6,0,6
"13764","2841台開","110/07/09","元大-北三重",0,10,-10
"13765","2841台開","110/07/09","凱基-桃園",8,2,6
"13766","2841台開","110/07/09","(牛牛牛)亞-網路",0,9,-9
"13767","2841台開","110/07/09","日盛證券",5,0,5
"13768","2841台開","110/07/09","台新-高雄",1,10,-9
"13769","2841台開","110/07/09","元富-文心",5,0,5
"13770","2841台開","110/07/09","凱基-台北",0,7,-7
"13771","6207雷科","110/07/09","群益金鼎-新竹",47,0,47
"13772","6207雷科","110/07/09","新光",7,24,-17
"13773","6207雷科","110/07/09","永豐金-三重",31,0,31
"13774","6207雷科","110/07/09","日盛-和美",0,15,-15
"13775","6207雷科","110/07/09","新加坡商瑞銀",33,5,28
"13776","6207雷科","110/07/09","國泰-台南",0,15,-15
"13777","6207雷科","110/07/09","元大-高雄",26,0,26
"13778","6207雷科","110/07/09","華南永昌-古亭",0,14,-14
"13779","6207雷科","110/07/09","統一-員林",22,0,22
"13780","6207雷科","110/07/09","土銀-白河",0,11,-11
"13781","6207雷科","110/07/09","台新-高雄",22,0,22
"13782","6207雷科","110/07/09","日盛-台南",0,10,-10
"13783","6207雷科","110/07/09","摩根大通",34,17,17
"13784","6207雷科","110/07/09","元富-林園",0,10,-10
"13785","6207雷科","110/07/09","元大-博愛",17,1,16
"13786","6207雷科","110/07/09","富邦-園區",0,10,-10
"13787","6207雷科","110/07/09","日茂-埔里",12,0,12
"13788","6207雷科","110/07/09","元大-上新莊",0,10,-10
"13789","6207雷科","110/07/09","國泰-台中",17,6,11
"13790","6207雷科","110/07/09","永豐金-南京",0,10,-10
"13791","6207雷科","110/07/09","富邦-三重",10,0,10
"13792","6207雷科","110/07/09","兆豐-小港",0,6,-6
"13793","6207雷科","110/07/09","元大-沙鹿",10,0,10
"13794","6207雷科","110/07/09","富邦-羅東",1,7,-6
"13795","6207雷科","110/07/09","元大-八德",10,0,10
"13796","6207雷科","110/07/09","元大-土城永寧",0,6,-6
"13797","6207雷科","110/07/09","第一金-路竹",11,2,9
"13798","6207雷科","110/07/09","永豐金-板盛",0,6,-6
"13799","6207雷科","110/07/09","統一-南京",5,0,5
"13800","6207雷科","110/07/09","日盛-板橋",0,5,-5
"13801","3679新至陞","110/07/09","元大-大天母",10,0,10
"13802","3679新至陞","110/07/09","第一金-光復",0,11,-11
"13803","3679新至陞","110/07/09","日盛-樹林",9,0,9
"13804","3679新至陞","110/07/09","瑞士信貸",0,8,-8
"13805","3679新至陞","110/07/09","凱基-台北",11,2,9
"13806","3679新至陞","110/07/09","大慶-苗栗",0,5,-5
"13807","3679新至陞","110/07/09","華南永昌-小港",8,0,8
"13808","3679新至陞","110/07/09","元大-永春",0,5,-5
"13809","3679新至陞","110/07/09","兆豐-來福",7,0,7
"13810","3679新至陞","110/07/09","日盛-和美",0,4,-4
"13811","3679新至陞","110/07/09","香港上海匯豐",5,0,5
"13812","3679新至陞","110/07/09","元大-雙和",0,3,-3
"13813","3679新至陞","110/07/09","台中銀-員林",3,0,3
"13814","3679新至陞","110/07/09","永豐金-屏東",0,3,-3
"13815","3679新至陞","110/07/09","新光",3,0,3
"13816","3679新至陞","110/07/09","彰銀",0,2,-2
"13817","3679新至陞","110/07/09","土銀-花蓮",2,0,2
"13818","3679新至陞","110/07/09","宏遠-館前",0,2,-2
"13819","3679新至陞","110/07/09","第一金-澎湖",2,0,2
"13820","3679新至陞","110/07/09","港商野村",0,2,-2
"13821","3679新至陞","110/07/09","摩根大通",2,0,2
"13822","3679新至陞","110/07/09","大昌-新店",0,2,-2
"13823","3679新至陞","110/07/09","國泰-敦南",2,0,2
"13824","3679新至陞","110/07/09","元大-新莊",0,2,-2
"13825","3679新至陞","110/07/09","元大-淡水",4,2,2
"13826","3679新至陞","110/07/09","元大-板橋",0,2,-2
"13827","3679新至陞","110/07/09","日盛-士林",1,0,1
"13828","3679新至陞","110/07/09","台灣摩根士丹利",0,1,-1
"13829","3679新至陞","110/07/09","日盛-信義",1,0,1
"13830","3679新至陞","110/07/09","第一金-高雄",0,1,-1
"13831","2727王品","110/07/09","台灣匯立證券",90,0,90
"13832","2727王品","110/07/09","台灣摩根士丹利",0,267,-267
"13833","2727王品","110/07/09","國泰-敦南",166,84,82
"13834","2727王品","110/07/09","富邦-台北",35,299,-264
"13835","2727王品","110/07/09","富邦-仁愛",56,12,44
"13836","2727王品","110/07/09","凱基-台北",174,296,-122
"13837","2727王品","110/07/09","台新證券",109,66,43
"13838","2727王品","110/07/09","第一金",2,102,-100
"13839","2727王品","110/07/09","新光",117,87,30
"13840","2727王品","110/07/09","群益金鼎-大安",0,80,-80
"13841","2727王品","110/07/09","臺銀-臺中",35,6,29
"13842","2727王品","110/07/09","兆豐-大安",7,60,-53
"13843","2727王品","110/07/09","元大-桃園",32,3,29
"13844","2727王品","110/07/09","永豐金-南投",0,50,-50
"13845","2727王品","110/07/09","元富-宜蘭",34,6,28
"13846","2727王品","110/07/09","新加坡商瑞銀",6,46,-40
"13847","2727王品","110/07/09","玉山-台中",34,8,26
"13848","2727王品","110/07/09","合庫-彰化",11,50,-39
"13849","2727王品","110/07/09","群益金鼎-宜蘭",30,4,26
"13850","2727王品","110/07/09","永豐金-萬盛",13,52,-39
"13851","2727王品","110/07/09","富邦-台中",42,16,26
"13852","2727王品","110/07/09","瑞士信貸",0,34,-34
"13853","2727王品","110/07/09","第一金-豐原",25,1,24
"13854","2727王品","110/07/09","元大-和平",4,35,-31
"13855","2727王品","110/07/09","臺銀",30,8,22
"13856","2727王品","110/07/09","美林",14,44,-30
"13857","2727王品","110/07/09","兆豐-來福",23,1,22
"13858","2727王品","110/07/09","元大-員林",9,38,-29
"13859","2727王品","110/07/09","玉山-士林",22,2,20
"13860","2727王品","110/07/09","元富-西松",4,31,-27
"13861","1570力肯","110/07/09","凱基-台北",30,1,29
"13862","1570力肯","110/07/09","群益金鼎-彰化",0,20,-20
"13863","1570力肯","110/07/09","新光-台南",20,0,20
"13864","1570力肯","110/07/09","元大-土城學府",0,20,-20
"13865","1570力肯","110/07/09","元大-高雄",20,0,20
"13866","1570力肯","110/07/09","元大-大統",0,16,-16
"13867","1570力肯","110/07/09","國票-中正",12,0,12
"13868","1570力肯","110/07/09","元大-新營",0,11,-11
"13869","1570力肯","110/07/09","日盛-高雄",6,0,6
"13870","1570力肯","110/07/09","元大-和平",0,10,-10
"13871","1570力肯","110/07/09","元富-緯城",6,0,6
"13872","1570力肯","110/07/09","元大-草屯",0,10,-10
"13873","1570力肯","110/07/09","群益金鼎-台南",6,0,6
"13874","1570力肯","110/07/09","元大-鹿港",0,9,-9
"13875","1570力肯","110/07/09","華南永昌-岡山",6,0,6
"13876","1570力肯","110/07/09","合庫-基隆",0,7,-7
"13877","1570力肯","110/07/09","統一-中壢",5,0,5
"13878","1570力肯","110/07/09","摩根大通",2,8,-6
"13879","1570力肯","110/07/09","凱基-三峽",5,0,5
"13880","1570力肯","110/07/09","台灣企銀-豐原",0,4,-4
"13881","1570力肯","110/07/09","大昌-樹林",4,0,4
"13882","1570力肯","110/07/09","日盛-桃園",0,4,-4
"13883","1570力肯","110/07/09","新光",3,0,3
"13884","1570力肯","110/07/09","國泰-高雄",0,3,-3
"13885","1570力肯","110/07/09","富邦-新竹華信",3,0,3
"13886","1570力肯","110/07/09","永豐金-敦南",0,3,-3
"13887","1570力肯","110/07/09","合庫-台中",2,0,2
"13888","1570力肯","110/07/09","土銀-彰化",0,2,-2
"13889","1570力肯","110/07/09","臺銀-臺中",2,0,2
"13890","1570力肯","110/07/09","臺銀-鳳山",0,2,-2
"13891","6180橘子","110/07/09","摩根大通",63,1,62
"13892","6180橘子","110/07/09","元大-南京",1,32,-31
"13893","6180橘子","110/07/09","富邦-陽明",73,33,40
"13894","6180橘子","110/07/09","群益金鼎-台北",0,25,-25
"13895","6180橘子","110/07/09","新加坡商瑞銀",31,0,31
"13896","6180橘子","110/07/09","兆豐-復興",0,21,-21
"13897","6180橘子","110/07/09","美商高盛",25,0,25
"13898","6180橘子","110/07/09","永豐金-嘉義",0,21,-21
"13899","6180橘子","110/07/09","凱基-台北",26,10,16
"13900","6180橘子","110/07/09","凱基-中壢",8,24,-16
"13901","6180橘子","110/07/09","華南永昌-楠梓",13,0,13
"13902","6180橘子","110/07/09","致和-崇德",0,15,-15
"13903","6180橘子","110/07/09","華南永昌-朴子",11,0,11
"13904","6180橘子","110/07/09","群益金鼎-屏東",0,15,-15
"13905","6180橘子","110/07/09","元大-北港",11,0,11
"13906","6180橘子","110/07/09","群益金鼎-中山",0,15,-15
"13907","6180橘子","110/07/09","元大-成功",10,1,9
"13908","6180橘子","110/07/09","瑞士信貸",1,15,-14
"13909","6180橘子","110/07/09","新光",26,18,8
"13910","6180橘子","110/07/09","日盛-二林",0,10,-10
"13911","6180橘子","110/07/09","統一-三重",6,0,6
"13912","6180橘子","110/07/09","凱基-東門",0,10,-10
"13913","6180橘子","110/07/09","群益金鼎-嘉義",6,0,6
"13914","6180橘子","110/07/09","華南永昌-三重",0,10,-10
"13915","6180橘子","110/07/09","元大-員林中山",6,0,6
"13916","6180橘子","110/07/09","元大-彰化民生",1,11,-10
"13917","6180橘子","110/07/09","合庫-鳳山",5,0,5
"13918","6180橘子","110/07/09","永豐金-新店",1,11,-10
"13919","6180橘子","110/07/09","富邦-建國",6,1,5
"13920","6180橘子","110/07/09","群益金鼎-丹鳳",0,8,-8
"13921","2390云辰","110/07/09","摩根大通",279,56,223
"13922","2390云辰","110/07/09","元大-天母",0,127,-127
"13923","2390云辰","110/07/09","日盛-鳳山",110,2,108
"13924","2390云辰","110/07/09","中國信託-文心",5,109,-104
"13925","2390云辰","110/07/09","宏遠證券",100,0,100
"13926","2390云辰","110/07/09","永豐金-復興",0,55,-55
"13927","2390云辰","110/07/09","元大-大里",63,6,57
"13928","2390云辰","110/07/09","凱基-台北",239,286,-47
"13929","2390云辰","110/07/09","凱基-八德",59,10,49
"13930","2390云辰","110/07/09","德信",2,32,-30
"13931","2390云辰","110/07/09","合庫-新竹",40,0,40
"13932","2390云辰","110/07/09","兆豐-桃鶯",2,32,-30
"13933","2390云辰","110/07/09","國票",40,1,39
"13934","2390云辰","110/07/09","致和-南京",0,30,-30
"13935","2390云辰","110/07/09","新加坡商瑞銀",49,13,36
"13936","2390云辰","110/07/09","富邦-虎尾",1,31,-30
"13937","2390云辰","110/07/09","統一-新台中",36,2,34
"13938","2390云辰","110/07/09","元大-善化",2,31,-29
"13939","2390云辰","110/07/09","國票-嘉義",31,0,31
"13940","2390云辰","110/07/09","富邦-板橋",0,27,-27
"13941","2390云辰","110/07/09","華南永昌",35,7,28
"13942","2390云辰","110/07/09","富邦-永和",3,28,-25
"13943","2390云辰","110/07/09","玉山-台中",49,22,27
"13944","2390云辰","110/07/09","第一金-自由",20,44,-24
"13945","2390云辰","110/07/09","華南永昌-敦南",25,0,25
"13946","2390云辰","110/07/09","凱基-內湖",0,24,-24
"13947","2390云辰","110/07/09","新光-高雄",27,4,23
"13948","2390云辰","110/07/09","元大-汐止",1,24,-23
"13949","2390云辰","110/07/09","台灣摩根士丹利",85,63,22
"13950","2390云辰","110/07/09","新光-台中",12,33,-21
"13951","4903聯光通","110/07/09","元大-敦南",10,0,10
"13952","4903聯光通","110/07/09","第一金-台中",0,12,-12
"13953","4903聯光通","110/07/09","凱基-士林",5,0,5
"13954","4903聯光通","110/07/09","日盛-忠孝",0,3,-3
"13955","4903聯光通","110/07/09","元大-苗栗",5,0,5
"13956","4903聯光通","110/07/09","群益金鼎-崇德",0,3,-3
"13957","4903聯光通","110/07/09","元大-屏南",3,0,3
"13958","4903聯光通","110/07/09","國票-內壢",0,2,-2
"13959","4903聯光通","110/07/09","中國信託-永康",1,0,1
"13960","4903聯光通","110/07/09","康和-南崁",0,2,-2
"13961","4903聯光通","110/07/09","玉山證券",1,0,1
"13962","4903聯光通","110/07/09","新光-台中",0,2,-2
"13963","4903聯光通","110/07/09","元大-太平",4,3,1
"13964","4903聯光通","110/07/09","玉山-城中",0,2,-2
"13965","4903聯光通","110/07/09","永豐金-嘉義",1,0,1
"13966","4903聯光通","110/07/09","中國信託-文心",0,1,-1
"13967","4903聯光通","110/07/09","大昌",0,0,0
"13968","4903聯光通","110/07/09","大昌",0,0,0
"13969","4903聯光通","110/07/09","中農",0,0,0
"13970","4903聯光通","110/07/09","中農",0,0,0
"13971","4903聯光通","110/07/09","",NA,NA,NA
"13972","4903聯光通","110/07/09","",NA,NA,NA
"13973","4903聯光通","110/07/09","",NA,NA,NA
"13974","4903聯光通","110/07/09","",NA,NA,NA
"13975","4903聯光通","110/07/09","",NA,NA,NA
"13976","4903聯光通","110/07/09","",NA,NA,NA
"13977","4903聯光通","110/07/09","",NA,NA,NA
"13978","4903聯光通","110/07/09","",NA,NA,NA
"13979","4903聯光通","110/07/09","",NA,NA,NA
"13980","4903聯光通","110/07/09","",NA,NA,NA
"13981","2929淘帝","110/07/09","台中銀-台北",110,0,110
"13982","2929淘帝","110/07/09","新光",2,82,-80
"13983","2929淘帝","110/07/09","華南永昌-頭份",72,0,72
"13984","2929淘帝","110/07/09","摩根大通",2,63,-61
"13985","2929淘帝","110/07/09","合庫-高雄",71,0,71
"13986","2929淘帝","110/07/09","第一金-路竹",0,50,-50
"13987","2929淘帝","110/07/09","高橋-龍潭",37,0,37
"13988","2929淘帝","110/07/09","港商麥格理",0,42,-42
"13989","2929淘帝","110/07/09","新光-台中",60,26,34
"13990","2929淘帝","110/07/09","陽信-石牌",0,40,-40
"13991","2929淘帝","110/07/09","元富-大裕",22,1,21
"13992","2929淘帝","110/07/09","台新-左楠",1,39,-38
"13993","2929淘帝","110/07/09","合庫-鳳山",20,0,20
"13994","2929淘帝","110/07/09","凱基-桃園",3,29,-26
"13995","2929淘帝","110/07/09","元大-員林",22,2,20
"13996","2929淘帝","110/07/09","兆豐-內湖",0,25,-25
"13997","2929淘帝","110/07/09","台新-建北",15,0,15
"13998","2929淘帝","110/07/09","元大-北港",0,20,-20
"13999","2929淘帝","110/07/09","兆豐-桃園",13,0,13
"14000","2929淘帝","110/07/09","富邦-北港",0,19,-19
"14001","2929淘帝","110/07/09","兆豐-忠孝",10,0,10
"14002","2929淘帝","110/07/09","富邦-花蓮",0,17,-17
"14003","2929淘帝","110/07/09","國票-敦北法人",10,0,10
"14004","2929淘帝","110/07/09","國泰-台中",2,17,-15
"14005","2929淘帝","110/07/09","永豐金-博愛",10,0,10
"14006","2929淘帝","110/07/09","群益金鼎-彰化",0,15,-15
"14007","2929淘帝","110/07/09","群益金鼎-潭子",8,0,8
"14008","2929淘帝","110/07/09","元大-博愛",0,14,-14
"14009","2929淘帝","110/07/09","富邦-南屯",8,0,8
"14010","2929淘帝","110/07/09","日盛-板橋",0,13,-13
"14011","5410國眾","110/07/09","元大-新盛",14,0,14
"14012","5410國眾","110/07/09","(牛牛牛)亞-鑫豐",1,41,-40
"14013","5410國眾","110/07/09","台灣企銀-民雄",10,0,10
"14014","5410國眾","110/07/09","元富-嘉義",0,25,-25
"14015","5410國眾","110/07/09","元富-虎尾",9,0,9
"14016","5410國眾","110/07/09","凱基-高美館",0,10,-10
"14017","5410國眾","110/07/09","摩根大通",10,1,9
"14018","5410國眾","110/07/09","凱基-城中",0,10,-10
"14019","5410國眾","110/07/09","兆豐-北高雄",7,0,7
"14020","5410國眾","110/07/09","元大-頭份",0,10,-10
"14021","5410國眾","110/07/09","凱基-台北",8,1,7
"14022","5410國眾","110/07/09","群益金鼎-丹鳳",0,7,-7
"14023","5410國眾","110/07/09","華南永昌-公誠",7,0,7
"14024","5410國眾","110/07/09","凱基-復興",0,7,-7
"14025","5410國眾","110/07/09","香港上海匯豐",6,0,6
"14026","5410國眾","110/07/09","元大-員林",0,7,-7
"14027","5410國眾","110/07/09","凱基-中壢",6,0,6
"14028","5410國眾","110/07/09","富邦-竹東",0,6,-6
"14029","5410國眾","110/07/09","華南永昌-南京",6,0,6
"14030","5410國眾","110/07/09","亞東-高雄",0,5,-5
"14031","5410國眾","110/07/09","統一-三重",5,0,5
"14032","5410國眾","110/07/09","大慶-中壢",1,6,-5
"14033","5410國眾","110/07/09","富邦-宜蘭",5,0,5
"14034","5410國眾","110/07/09","群益金鼎-中港",0,5,-5
"14035","5410國眾","110/07/09","元大-崇德",5,0,5
"14036","5410國眾","110/07/09","元大-八德",0,5,-5
"14037","5410國眾","110/07/09","元大-博愛",5,0,5
"14038","5410國眾","110/07/09","富邦-基隆",0,4,-4
"14039","5410國眾","110/07/09","元大-龍潭",5,0,5
"14040","5410國眾","110/07/09","臺銀-新竹",0,3,-3
"14041","2841台開","110/07/09","日盛-雙和",102,0,102
"14042","2841台開","110/07/09","港商野村",0,129,-129
"14043","2841台開","110/07/09","元大-館前",70,0,70
"14044","2841台開","110/07/09","兆豐-永和",0,100,-100
"14045","2841台開","110/07/09","凱基-文心",50,0,50
"14046","2841台開","110/07/09","台新證券",7,28,-21
"14047","2841台開","110/07/09","富邦-嘉義",40,0,40
"14048","2841台開","110/07/09","國票-北高雄",0,20,-20
"14049","2841台開","110/07/09","美商高盛",15,0,15
"14050","2841台開","110/07/09","永豐金-敦南",29,46,-17
"14051","2841台開","110/07/09","台中銀",15,0,15
"14052","2841台開","110/07/09","合庫-基隆",0,12,-12
"14053","2841台開","110/07/09","新光",11,0,11
"14054","2841台開","110/07/09","中國信託-松江",0,12,-12
"14055","2841台開","110/07/09","華南永昌-長虹",10,0,10
"14056","2841台開","110/07/09","兆豐-城中",0,12,-12
"14057","2841台開","110/07/09","永豐金-南投",10,0,10
"14058","2841台開","110/07/09","台中銀-豐原",0,10,-10
"14059","2841台開","110/07/09","合庫-桃園",7,0,7
"14060","2841台開","110/07/09","兆豐-景美",0,10,-10
"14061","2841台開","110/07/09","群益金鼎-古亭",7,0,7
"14062","2841台開","110/07/09","群益金鼎-基隆",0,10,-10
"14063","2841台開","110/07/09","國泰-敦南",6,0,6
"14064","2841台開","110/07/09","元大-北三重",0,10,-10
"14065","2841台開","110/07/09","凱基-桃園",8,2,6
"14066","2841台開","110/07/09","(牛牛牛)亞-網路",0,9,-9
"14067","2841台開","110/07/09","日盛證券",5,0,5
"14068","2841台開","110/07/09","台新-高雄",1,10,-9
"14069","2841台開","110/07/09","元富-文心",5,0,5
"14070","2841台開","110/07/09","凱基-台北",0,7,-7
"14071","6207雷科","110/07/09","群益金鼎-新竹",47,0,47
"14072","6207雷科","110/07/09","新光",7,24,-17
"14073","6207雷科","110/07/09","永豐金-三重",31,0,31
"14074","6207雷科","110/07/09","日盛-和美",0,15,-15
"14075","6207雷科","110/07/09","新加坡商瑞銀",33,5,28
"14076","6207雷科","110/07/09","國泰-台南",0,15,-15
"14077","6207雷科","110/07/09","元大-高雄",26,0,26
"14078","6207雷科","110/07/09","華南永昌-古亭",0,14,-14
"14079","6207雷科","110/07/09","統一-員林",22,0,22
"14080","6207雷科","110/07/09","土銀-白河",0,11,-11
"14081","6207雷科","110/07/09","台新-高雄",22,0,22
"14082","6207雷科","110/07/09","日盛-台南",0,10,-10
"14083","6207雷科","110/07/09","摩根大通",34,17,17
"14084","6207雷科","110/07/09","元富-林園",0,10,-10
"14085","6207雷科","110/07/09","元大-博愛",17,1,16
"14086","6207雷科","110/07/09","富邦-園區",0,10,-10
"14087","6207雷科","110/07/09","日茂-埔里",12,0,12
"14088","6207雷科","110/07/09","元大-上新莊",0,10,-10
"14089","6207雷科","110/07/09","國泰-台中",17,6,11
"14090","6207雷科","110/07/09","永豐金-南京",0,10,-10
"14091","6207雷科","110/07/09","富邦-三重",10,0,10
"14092","6207雷科","110/07/09","兆豐-小港",0,6,-6
"14093","6207雷科","110/07/09","元大-沙鹿",10,0,10
"14094","6207雷科","110/07/09","富邦-羅東",1,7,-6
"14095","6207雷科","110/07/09","元大-八德",10,0,10
"14096","6207雷科","110/07/09","元大-土城永寧",0,6,-6
"14097","6207雷科","110/07/09","第一金-路竹",11,2,9
"14098","6207雷科","110/07/09","永豐金-板盛",0,6,-6
"14099","6207雷科","110/07/09","統一-南京",5,0,5
"14100","6207雷科","110/07/09","日盛-板橋",0,5,-5
"14101","3679新至陞","110/07/09","元大-大天母",10,0,10
"14102","3679新至陞","110/07/09","第一金-光復",0,11,-11
"14103","3679新至陞","110/07/09","日盛-樹林",9,0,9
"14104","3679新至陞","110/07/09","瑞士信貸",0,8,-8
"14105","3679新至陞","110/07/09","凱基-台北",11,2,9
"14106","3679新至陞","110/07/09","大慶-苗栗",0,5,-5
"14107","3679新至陞","110/07/09","華南永昌-小港",8,0,8
"14108","3679新至陞","110/07/09","元大-永春",0,5,-5
"14109","3679新至陞","110/07/09","兆豐-來福",7,0,7
"14110","3679新至陞","110/07/09","日盛-和美",0,4,-4
"14111","3679新至陞","110/07/09","香港上海匯豐",5,0,5
"14112","3679新至陞","110/07/09","元大-雙和",0,3,-3
"14113","3679新至陞","110/07/09","台中銀-員林",3,0,3
"14114","3679新至陞","110/07/09","永豐金-屏東",0,3,-3
"14115","3679新至陞","110/07/09","新光",3,0,3
"14116","3679新至陞","110/07/09","彰銀",0,2,-2
"14117","3679新至陞","110/07/09","土銀-花蓮",2,0,2
"14118","3679新至陞","110/07/09","宏遠-館前",0,2,-2
"14119","3679新至陞","110/07/09","第一金-澎湖",2,0,2
"14120","3679新至陞","110/07/09","港商野村",0,2,-2
"14121","3679新至陞","110/07/09","摩根大通",2,0,2
"14122","3679新至陞","110/07/09","大昌-新店",0,2,-2
"14123","3679新至陞","110/07/09","國泰-敦南",2,0,2
"14124","3679新至陞","110/07/09","元大-新莊",0,2,-2
"14125","3679新至陞","110/07/09","元大-淡水",4,2,2
"14126","3679新至陞","110/07/09","元大-板橋",0,2,-2
"14127","3679新至陞","110/07/09","日盛-士林",1,0,1
"14128","3679新至陞","110/07/09","台灣摩根士丹利",0,1,-1
"14129","3679新至陞","110/07/09","日盛-信義",1,0,1
"14130","3679新至陞","110/07/09","第一金-高雄",0,1,-1
"14131","2727王品","110/07/09","台灣匯立證券",90,0,90
"14132","2727王品","110/07/09","台灣摩根士丹利",0,267,-267
"14133","2727王品","110/07/09","國泰-敦南",166,84,82
"14134","2727王品","110/07/09","富邦-台北",35,299,-264
"14135","2727王品","110/07/09","富邦-仁愛",56,12,44
"14136","2727王品","110/07/09","凱基-台北",174,296,-122
"14137","2727王品","110/07/09","台新證券",109,66,43
"14138","2727王品","110/07/09","第一金",2,102,-100
"14139","2727王品","110/07/09","新光",117,87,30
"14140","2727王品","110/07/09","群益金鼎-大安",0,80,-80
"14141","2727王品","110/07/09","臺銀-臺中",35,6,29
"14142","2727王品","110/07/09","兆豐-大安",7,60,-53
"14143","2727王品","110/07/09","元大-桃園",32,3,29
"14144","2727王品","110/07/09","永豐金-南投",0,50,-50
"14145","2727王品","110/07/09","元富-宜蘭",34,6,28
"14146","2727王品","110/07/09","新加坡商瑞銀",6,46,-40
"14147","2727王品","110/07/09","玉山-台中",34,8,26
"14148","2727王品","110/07/09","合庫-彰化",11,50,-39
"14149","2727王品","110/07/09","群益金鼎-宜蘭",30,4,26
"14150","2727王品","110/07/09","永豐金-萬盛",13,52,-39
"14151","2727王品","110/07/09","富邦-台中",42,16,26
"14152","2727王品","110/07/09","瑞士信貸",0,34,-34
"14153","2727王品","110/07/09","第一金-豐原",25,1,24
"14154","2727王品","110/07/09","元大-和平",4,35,-31
"14155","2727王品","110/07/09","臺銀",30,8,22
"14156","2727王品","110/07/09","美林",14,44,-30
"14157","2727王品","110/07/09","兆豐-來福",23,1,22
"14158","2727王品","110/07/09","元大-員林",9,38,-29
"14159","2727王品","110/07/09","玉山-士林",22,2,20
"14160","2727王品","110/07/09","元富-西松",4,31,-27
"14161","1570力肯","110/07/09","凱基-台北",30,1,29
"14162","1570力肯","110/07/09","群益金鼎-彰化",0,20,-20
"14163","1570力肯","110/07/09","新光-台南",20,0,20
"14164","1570力肯","110/07/09","元大-土城學府",0,20,-20
"14165","1570力肯","110/07/09","元大-高雄",20,0,20
"14166","1570力肯","110/07/09","元大-大統",0,16,-16
"14167","1570力肯","110/07/09","國票-中正",12,0,12
"14168","1570力肯","110/07/09","元大-新營",0,11,-11
"14169","1570力肯","110/07/09","日盛-高雄",6,0,6
"14170","1570力肯","110/07/09","元大-和平",0,10,-10
"14171","1570力肯","110/07/09","元富-緯城",6,0,6
"14172","1570力肯","110/07/09","元大-草屯",0,10,-10
"14173","1570力肯","110/07/09","群益金鼎-台南",6,0,6
"14174","1570力肯","110/07/09","元大-鹿港",0,9,-9
"14175","1570力肯","110/07/09","華南永昌-岡山",6,0,6
"14176","1570力肯","110/07/09","合庫-基隆",0,7,-7
"14177","1570力肯","110/07/09","統一-中壢",5,0,5
"14178","1570力肯","110/07/09","摩根大通",2,8,-6
"14179","1570力肯","110/07/09","凱基-三峽",5,0,5
"14180","1570力肯","110/07/09","台灣企銀-豐原",0,4,-4
"14181","1570力肯","110/07/09","大昌-樹林",4,0,4
"14182","1570力肯","110/07/09","日盛-桃園",0,4,-4
"14183","1570力肯","110/07/09","新光",3,0,3
"14184","1570力肯","110/07/09","國泰-高雄",0,3,-3
"14185","1570力肯","110/07/09","富邦-新竹華信",3,0,3
"14186","1570力肯","110/07/09","永豐金-敦南",0,3,-3
"14187","1570力肯","110/07/09","合庫-台中",2,0,2
"14188","1570力肯","110/07/09","土銀-彰化",0,2,-2
"14189","1570力肯","110/07/09","臺銀-臺中",2,0,2
"14190","1570力肯","110/07/09","臺銀-鳳山",0,2,-2
"14191","6180橘子","110/07/09","摩根大通",63,1,62
"14192","6180橘子","110/07/09","元大-南京",1,32,-31
"14193","6180橘子","110/07/09","富邦-陽明",73,33,40
"14194","6180橘子","110/07/09","群益金鼎-台北",0,25,-25
"14195","6180橘子","110/07/09","新加坡商瑞銀",31,0,31
"14196","6180橘子","110/07/09","兆豐-復興",0,21,-21
"14197","6180橘子","110/07/09","美商高盛",25,0,25
"14198","6180橘子","110/07/09","永豐金-嘉義",0,21,-21
"14199","6180橘子","110/07/09","凱基-台北",26,10,16
"14200","6180橘子","110/07/09","凱基-中壢",8,24,-16
"14201","6180橘子","110/07/09","華南永昌-楠梓",13,0,13
"14202","6180橘子","110/07/09","致和-崇德",0,15,-15
"14203","6180橘子","110/07/09","華南永昌-朴子",11,0,11
"14204","6180橘子","110/07/09","群益金鼎-屏東",0,15,-15
"14205","6180橘子","110/07/09","元大-北港",11,0,11
"14206","6180橘子","110/07/09","群益金鼎-中山",0,15,-15
"14207","6180橘子","110/07/09","元大-成功",10,1,9
"14208","6180橘子","110/07/09","瑞士信貸",1,15,-14
"14209","6180橘子","110/07/09","新光",26,18,8
"14210","6180橘子","110/07/09","日盛-二林",0,10,-10
"14211","6180橘子","110/07/09","統一-三重",6,0,6
"14212","6180橘子","110/07/09","凱基-東門",0,10,-10
"14213","6180橘子","110/07/09","群益金鼎-嘉義",6,0,6
"14214","6180橘子","110/07/09","華南永昌-三重",0,10,-10
"14215","6180橘子","110/07/09","元大-員林中山",6,0,6
"14216","6180橘子","110/07/09","元大-彰化民生",1,11,-10
"14217","6180橘子","110/07/09","合庫-鳳山",5,0,5
"14218","6180橘子","110/07/09","永豐金-新店",1,11,-10
"14219","6180橘子","110/07/09","富邦-建國",6,1,5
"14220","6180橘子","110/07/09","群益金鼎-丹鳳",0,8,-8
"14221","2390云辰","110/07/09","摩根大通",279,56,223
"14222","2390云辰","110/07/09","元大-天母",0,127,-127
"14223","2390云辰","110/07/09","日盛-鳳山",110,2,108
"14224","2390云辰","110/07/09","中國信託-文心",5,109,-104
"14225","2390云辰","110/07/09","宏遠證券",100,0,100
"14226","2390云辰","110/07/09","永豐金-復興",0,55,-55
"14227","2390云辰","110/07/09","元大-大里",63,6,57
"14228","2390云辰","110/07/09","凱基-台北",239,286,-47
"14229","2390云辰","110/07/09","凱基-八德",59,10,49
"14230","2390云辰","110/07/09","德信",2,32,-30
"14231","2390云辰","110/07/09","合庫-新竹",40,0,40
"14232","2390云辰","110/07/09","兆豐-桃鶯",2,32,-30
"14233","2390云辰","110/07/09","國票",40,1,39
"14234","2390云辰","110/07/09","致和-南京",0,30,-30
"14235","2390云辰","110/07/09","新加坡商瑞銀",49,13,36
"14236","2390云辰","110/07/09","富邦-虎尾",1,31,-30
"14237","2390云辰","110/07/09","統一-新台中",36,2,34
"14238","2390云辰","110/07/09","元大-善化",2,31,-29
"14239","2390云辰","110/07/09","國票-嘉義",31,0,31
"14240","2390云辰","110/07/09","富邦-板橋",0,27,-27
"14241","2390云辰","110/07/09","華南永昌",35,7,28
"14242","2390云辰","110/07/09","富邦-永和",3,28,-25
"14243","2390云辰","110/07/09","玉山-台中",49,22,27
"14244","2390云辰","110/07/09","第一金-自由",20,44,-24
"14245","2390云辰","110/07/09","華南永昌-敦南",25,0,25
"14246","2390云辰","110/07/09","凱基-內湖",0,24,-24
"14247","2390云辰","110/07/09","新光-高雄",27,4,23
"14248","2390云辰","110/07/09","元大-汐止",1,24,-23
"14249","2390云辰","110/07/09","台灣摩根士丹利",85,63,22
"14250","2390云辰","110/07/09","新光-台中",12,33,-21
"14251","4903聯光通","110/07/09","元大-敦南",10,0,10
"14252","4903聯光通","110/07/09","第一金-台中",0,12,-12
"14253","4903聯光通","110/07/09","凱基-士林",5,0,5
"14254","4903聯光通","110/07/09","日盛-忠孝",0,3,-3
"14255","4903聯光通","110/07/09","元大-苗栗",5,0,5
"14256","4903聯光通","110/07/09","群益金鼎-崇德",0,3,-3
"14257","4903聯光通","110/07/09","元大-屏南",3,0,3
"14258","4903聯光通","110/07/09","國票-內壢",0,2,-2
"14259","4903聯光通","110/07/09","中國信託-永康",1,0,1
"14260","4903聯光通","110/07/09","康和-南崁",0,2,-2
"14261","4903聯光通","110/07/09","玉山證券",1,0,1
"14262","4903聯光通","110/07/09","新光-台中",0,2,-2
"14263","4903聯光通","110/07/09","元大-太平",4,3,1
"14264","4903聯光通","110/07/09","玉山-城中",0,2,-2
"14265","4903聯光通","110/07/09","永豐金-嘉義",1,0,1
"14266","4903聯光通","110/07/09","中國信託-文心",0,1,-1
"14267","4903聯光通","110/07/09","大昌",0,0,0
"14268","4903聯光通","110/07/09","大昌",0,0,0
"14269","4903聯光通","110/07/09","中農",0,0,0
"14270","4903聯光通","110/07/09","中農",0,0,0
"14271","4903聯光通","110/07/09","",NA,NA,NA
"14272","4903聯光通","110/07/09","",NA,NA,NA
"14273","4903聯光通","110/07/09","",NA,NA,NA
"14274","4903聯光通","110/07/09","",NA,NA,NA
"14275","4903聯光通","110/07/09","",NA,NA,NA
"14276","4903聯光通","110/07/09","",NA,NA,NA
"14277","4903聯光通","110/07/09","",NA,NA,NA
"14278","4903聯光通","110/07/09","",NA,NA,NA
"14279","4903聯光通","110/07/09","",NA,NA,NA
"14280","4903聯光通","110/07/09","",NA,NA,NA
"14281","2929淘帝","110/07/09","台中銀-台北",110,0,110
"14282","2929淘帝","110/07/09","新光",2,82,-80
"14283","2929淘帝","110/07/09","華南永昌-頭份",72,0,72
"14284","2929淘帝","110/07/09","摩根大通",2,63,-61
"14285","2929淘帝","110/07/09","合庫-高雄",71,0,71
"14286","2929淘帝","110/07/09","第一金-路竹",0,50,-50
"14287","2929淘帝","110/07/09","高橋-龍潭",37,0,37
"14288","2929淘帝","110/07/09","港商麥格理",0,42,-42
"14289","2929淘帝","110/07/09","新光-台中",60,26,34
"14290","2929淘帝","110/07/09","陽信-石牌",0,40,-40
"14291","2929淘帝","110/07/09","元富-大裕",22,1,21
"14292","2929淘帝","110/07/09","台新-左楠",1,39,-38
"14293","2929淘帝","110/07/09","合庫-鳳山",20,0,20
"14294","2929淘帝","110/07/09","凱基-桃園",3,29,-26
"14295","2929淘帝","110/07/09","元大-員林",22,2,20
"14296","2929淘帝","110/07/09","兆豐-內湖",0,25,-25
"14297","2929淘帝","110/07/09","台新-建北",15,0,15
"14298","2929淘帝","110/07/09","元大-北港",0,20,-20
"14299","2929淘帝","110/07/09","兆豐-桃園",13,0,13
"14300","2929淘帝","110/07/09","富邦-北港",0,19,-19
"14301","2929淘帝","110/07/09","兆豐-忠孝",10,0,10
"14302","2929淘帝","110/07/09","富邦-花蓮",0,17,-17
"14303","2929淘帝","110/07/09","國票-敦北法人",10,0,10
"14304","2929淘帝","110/07/09","國泰-台中",2,17,-15
"14305","2929淘帝","110/07/09","永豐金-博愛",10,0,10
"14306","2929淘帝","110/07/09","群益金鼎-彰化",0,15,-15
"14307","2929淘帝","110/07/09","群益金鼎-潭子",8,0,8
"14308","2929淘帝","110/07/09","元大-博愛",0,14,-14
"14309","2929淘帝","110/07/09","富邦-南屯",8,0,8
"14310","2929淘帝","110/07/09","日盛-板橋",0,13,-13
"14311","5410國眾","110/07/09","元大-新盛",14,0,14
"14312","5410國眾","110/07/09","(牛牛牛)亞-鑫豐",1,41,-40
"14313","5410國眾","110/07/09","台灣企銀-民雄",10,0,10
"14314","5410國眾","110/07/09","元富-嘉義",0,25,-25
"14315","5410國眾","110/07/09","元富-虎尾",9,0,9
"14316","5410國眾","110/07/09","凱基-高美館",0,10,-10
"14317","5410國眾","110/07/09","摩根大通",10,1,9
"14318","5410國眾","110/07/09","凱基-城中",0,10,-10
"14319","5410國眾","110/07/09","兆豐-北高雄",7,0,7
"14320","5410國眾","110/07/09","元大-頭份",0,10,-10
"14321","5410國眾","110/07/09","凱基-台北",8,1,7
"14322","5410國眾","110/07/09","群益金鼎-丹鳳",0,7,-7
"14323","5410國眾","110/07/09","華南永昌-公誠",7,0,7
"14324","5410國眾","110/07/09","凱基-復興",0,7,-7
"14325","5410國眾","110/07/09","香港上海匯豐",6,0,6
"14326","5410國眾","110/07/09","元大-員林",0,7,-7
"14327","5410國眾","110/07/09","凱基-中壢",6,0,6
"14328","5410國眾","110/07/09","富邦-竹東",0,6,-6
"14329","5410國眾","110/07/09","華南永昌-南京",6,0,6
"14330","5410國眾","110/07/09","亞東-高雄",0,5,-5
"14331","5410國眾","110/07/09","統一-三重",5,0,5
"14332","5410國眾","110/07/09","大慶-中壢",1,6,-5
"14333","5410國眾","110/07/09","富邦-宜蘭",5,0,5
"14334","5410國眾","110/07/09","群益金鼎-中港",0,5,-5
"14335","5410國眾","110/07/09","元大-崇德",5,0,5
"14336","5410國眾","110/07/09","元大-八德",0,5,-5
"14337","5410國眾","110/07/09","元大-博愛",5,0,5
"14338","5410國眾","110/07/09","富邦-基隆",0,4,-4
"14339","5410國眾","110/07/09","元大-龍潭",5,0,5
"14340","5410國眾","110/07/09","臺銀-新竹",0,3,-3
"14341","2841台開","110/07/09","日盛-雙和",102,0,102
"14342","2841台開","110/07/09","港商野村",0,129,-129
"14343","2841台開","110/07/09","元大-館前",70,0,70
"14344","2841台開","110/07/09","兆豐-永和",0,100,-100
"14345","2841台開","110/07/09","凱基-文心",50,0,50
"14346","2841台開","110/07/09","台新證券",7,28,-21
"14347","2841台開","110/07/09","富邦-嘉義",40,0,40
"14348","2841台開","110/07/09","國票-北高雄",0,20,-20
"14349","2841台開","110/07/09","美商高盛",15,0,15
"14350","2841台開","110/07/09","永豐金-敦南",29,46,-17
"14351","2841台開","110/07/09","台中銀",15,0,15
"14352","2841台開","110/07/09","合庫-基隆",0,12,-12
"14353","2841台開","110/07/09","新光",11,0,11
"14354","2841台開","110/07/09","中國信託-松江",0,12,-12
"14355","2841台開","110/07/09","華南永昌-長虹",10,0,10
"14356","2841台開","110/07/09","兆豐-城中",0,12,-12
"14357","2841台開","110/07/09","永豐金-南投",10,0,10
"14358","2841台開","110/07/09","台中銀-豐原",0,10,-10
"14359","2841台開","110/07/09","合庫-桃園",7,0,7
"14360","2841台開","110/07/09","兆豐-景美",0,10,-10
"14361","2841台開","110/07/09","群益金鼎-古亭",7,0,7
"14362","2841台開","110/07/09","群益金鼎-基隆",0,10,-10
"14363","2841台開","110/07/09","國泰-敦南",6,0,6
"14364","2841台開","110/07/09","元大-北三重",0,10,-10
"14365","2841台開","110/07/09","凱基-桃園",8,2,6
"14366","2841台開","110/07/09","(牛牛牛)亞-網路",0,9,-9
"14367","2841台開","110/07/09","日盛證券",5,0,5
"14368","2841台開","110/07/09","台新-高雄",1,10,-9
"14369","2841台開","110/07/09","元富-文心",5,0,5
"14370","2841台開","110/07/09","凱基-台北",0,7,-7
"14371","6207雷科","110/07/09","群益金鼎-新竹",47,0,47
"14372","6207雷科","110/07/09","新光",7,24,-17
"14373","6207雷科","110/07/09","永豐金-三重",31,0,31
"14374","6207雷科","110/07/09","日盛-和美",0,15,-15
"14375","6207雷科","110/07/09","新加坡商瑞銀",33,5,28
"14376","6207雷科","110/07/09","國泰-台南",0,15,-15
"14377","6207雷科","110/07/09","元大-高雄",26,0,26
"14378","6207雷科","110/07/09","華南永昌-古亭",0,14,-14
"14379","6207雷科","110/07/09","統一-員林",22,0,22
"14380","6207雷科","110/07/09","土銀-白河",0,11,-11
"14381","6207雷科","110/07/09","台新-高雄",22,0,22
"14382","6207雷科","110/07/09","日盛-台南",0,10,-10
"14383","6207雷科","110/07/09","摩根大通",34,17,17
"14384","6207雷科","110/07/09","元富-林園",0,10,-10
"14385","6207雷科","110/07/09","元大-博愛",17,1,16
"14386","6207雷科","110/07/09","富邦-園區",0,10,-10
"14387","6207雷科","110/07/09","日茂-埔里",12,0,12
"14388","6207雷科","110/07/09","元大-上新莊",0,10,-10
"14389","6207雷科","110/07/09","國泰-台中",17,6,11
"14390","6207雷科","110/07/09","永豐金-南京",0,10,-10
"14391","6207雷科","110/07/09","富邦-三重",10,0,10
"14392","6207雷科","110/07/09","兆豐-小港",0,6,-6
"14393","6207雷科","110/07/09","元大-沙鹿",10,0,10
"14394","6207雷科","110/07/09","富邦-羅東",1,7,-6
"14395","6207雷科","110/07/09","元大-八德",10,0,10
"14396","6207雷科","110/07/09","元大-土城永寧",0,6,-6
"14397","6207雷科","110/07/09","第一金-路竹",11,2,9
"14398","6207雷科","110/07/09","永豐金-板盛",0,6,-6
"14399","6207雷科","110/07/09","統一-南京",5,0,5
"14400","6207雷科","110/07/09","日盛-板橋",0,5,-5
"14401","3679新至陞","110/07/09","元大-大天母",10,0,10
"14402","3679新至陞","110/07/09","第一金-光復",0,11,-11
"14403","3679新至陞","110/07/09","日盛-樹林",9,0,9
"14404","3679新至陞","110/07/09","瑞士信貸",0,8,-8
"14405","3679新至陞","110/07/09","凱基-台北",11,2,9
"14406","3679新至陞","110/07/09","大慶-苗栗",0,5,-5
"14407","3679新至陞","110/07/09","華南永昌-小港",8,0,8
"14408","3679新至陞","110/07/09","元大-永春",0,5,-5
"14409","3679新至陞","110/07/09","兆豐-來福",7,0,7
"14410","3679新至陞","110/07/09","日盛-和美",0,4,-4
"14411","3679新至陞","110/07/09","香港上海匯豐",5,0,5
"14412","3679新至陞","110/07/09","元大-雙和",0,3,-3
"14413","3679新至陞","110/07/09","台中銀-員林",3,0,3
"14414","3679新至陞","110/07/09","永豐金-屏東",0,3,-3
"14415","3679新至陞","110/07/09","新光",3,0,3
"14416","3679新至陞","110/07/09","彰銀",0,2,-2
"14417","3679新至陞","110/07/09","土銀-花蓮",2,0,2
"14418","3679新至陞","110/07/09","宏遠-館前",0,2,-2
"14419","3679新至陞","110/07/09","第一金-澎湖",2,0,2
"14420","3679新至陞","110/07/09","港商野村",0,2,-2
"14421","3679新至陞","110/07/09","摩根大通",2,0,2
"14422","3679新至陞","110/07/09","大昌-新店",0,2,-2
"14423","3679新至陞","110/07/09","國泰-敦南",2,0,2
"14424","3679新至陞","110/07/09","元大-新莊",0,2,-2
"14425","3679新至陞","110/07/09","元大-淡水",4,2,2
"14426","3679新至陞","110/07/09","元大-板橋",0,2,-2
"14427","3679新至陞","110/07/09","日盛-士林",1,0,1
"14428","3679新至陞","110/07/09","台灣摩根士丹利",0,1,-1
"14429","3679新至陞","110/07/09","日盛-信義",1,0,1
"14430","3679新至陞","110/07/09","第一金-高雄",0,1,-1
"14431","2727王品","110/07/09","台灣匯立證券",90,0,90
"14432","2727王品","110/07/09","台灣摩根士丹利",0,267,-267
"14433","2727王品","110/07/09","國泰-敦南",166,84,82
"14434","2727王品","110/07/09","富邦-台北",35,299,-264
"14435","2727王品","110/07/09","富邦-仁愛",56,12,44
"14436","2727王品","110/07/09","凱基-台北",174,296,-122
"14437","2727王品","110/07/09","台新證券",109,66,43
"14438","2727王品","110/07/09","第一金",2,102,-100
"14439","2727王品","110/07/09","新光",117,87,30
"14440","2727王品","110/07/09","群益金鼎-大安",0,80,-80
"14441","2727王品","110/07/09","臺銀-臺中",35,6,29
"14442","2727王品","110/07/09","兆豐-大安",7,60,-53
"14443","2727王品","110/07/09","元大-桃園",32,3,29
"14444","2727王品","110/07/09","永豐金-南投",0,50,-50
"14445","2727王品","110/07/09","元富-宜蘭",34,6,28
"14446","2727王品","110/07/09","新加坡商瑞銀",6,46,-40
"14447","2727王品","110/07/09","玉山-台中",34,8,26
"14448","2727王品","110/07/09","合庫-彰化",11,50,-39
"14449","2727王品","110/07/09","群益金鼎-宜蘭",30,4,26
"14450","2727王品","110/07/09","永豐金-萬盛",13,52,-39
"14451","2727王品","110/07/09","富邦-台中",42,16,26
"14452","2727王品","110/07/09","瑞士信貸",0,34,-34
"14453","2727王品","110/07/09","第一金-豐原",25,1,24
"14454","2727王品","110/07/09","元大-和平",4,35,-31
"14455","2727王品","110/07/09","臺銀",30,8,22
"14456","2727王品","110/07/09","美林",14,44,-30
"14457","2727王品","110/07/09","兆豐-來福",23,1,22
"14458","2727王品","110/07/09","元大-員林",9,38,-29
"14459","2727王品","110/07/09","玉山-士林",22,2,20
"14460","2727王品","110/07/09","元富-西松",4,31,-27
"14461","1570力肯","110/07/09","凱基-台北",30,1,29
"14462","1570力肯","110/07/09","群益金鼎-彰化",0,20,-20
"14463","1570力肯","110/07/09","新光-台南",20,0,20
"14464","1570力肯","110/07/09","元大-土城學府",0,20,-20
"14465","1570力肯","110/07/09","元大-高雄",20,0,20
"14466","1570力肯","110/07/09","元大-大統",0,16,-16
"14467","1570力肯","110/07/09","國票-中正",12,0,12
"14468","1570力肯","110/07/09","元大-新營",0,11,-11
"14469","1570力肯","110/07/09","日盛-高雄",6,0,6
"14470","1570力肯","110/07/09","元大-和平",0,10,-10
"14471","1570力肯","110/07/09","元富-緯城",6,0,6
"14472","1570力肯","110/07/09","元大-草屯",0,10,-10
"14473","1570力肯","110/07/09","群益金鼎-台南",6,0,6
"14474","1570力肯","110/07/09","元大-鹿港",0,9,-9
"14475","1570力肯","110/07/09","華南永昌-岡山",6,0,6
"14476","1570力肯","110/07/09","合庫-基隆",0,7,-7
"14477","1570力肯","110/07/09","統一-中壢",5,0,5
"14478","1570力肯","110/07/09","摩根大通",2,8,-6
"14479","1570力肯","110/07/09","凱基-三峽",5,0,5
"14480","1570力肯","110/07/09","台灣企銀-豐原",0,4,-4
"14481","1570力肯","110/07/09","大昌-樹林",4,0,4
"14482","1570力肯","110/07/09","日盛-桃園",0,4,-4
"14483","1570力肯","110/07/09","新光",3,0,3
"14484","1570力肯","110/07/09","國泰-高雄",0,3,-3
"14485","1570力肯","110/07/09","富邦-新竹華信",3,0,3
"14486","1570力肯","110/07/09","永豐金-敦南",0,3,-3
"14487","1570力肯","110/07/09","合庫-台中",2,0,2
"14488","1570力肯","110/07/09","土銀-彰化",0,2,-2
"14489","1570力肯","110/07/09","臺銀-臺中",2,0,2
"14490","1570力肯","110/07/09","臺銀-鳳山",0,2,-2
"14491","6180橘子","110/07/09","摩根大通",63,1,62
"14492","6180橘子","110/07/09","元大-南京",1,32,-31
"14493","6180橘子","110/07/09","富邦-陽明",73,33,40
"14494","6180橘子","110/07/09","群益金鼎-台北",0,25,-25
"14495","6180橘子","110/07/09","新加坡商瑞銀",31,0,31
"14496","6180橘子","110/07/09","兆豐-復興",0,21,-21
"14497","6180橘子","110/07/09","美商高盛",25,0,25
"14498","6180橘子","110/07/09","永豐金-嘉義",0,21,-21
"14499","6180橘子","110/07/09","凱基-台北",26,10,16
"14500","6180橘子","110/07/09","凱基-中壢",8,24,-16
"14501","6180橘子","110/07/09","華南永昌-楠梓",13,0,13
"14502","6180橘子","110/07/09","致和-崇德",0,15,-15
"14503","6180橘子","110/07/09","華南永昌-朴子",11,0,11
"14504","6180橘子","110/07/09","群益金鼎-屏東",0,15,-15
"14505","6180橘子","110/07/09","元大-北港",11,0,11
"14506","6180橘子","110/07/09","群益金鼎-中山",0,15,-15
"14507","6180橘子","110/07/09","元大-成功",10,1,9
"14508","6180橘子","110/07/09","瑞士信貸",1,15,-14
"14509","6180橘子","110/07/09","新光",26,18,8
"14510","6180橘子","110/07/09","日盛-二林",0,10,-10
"14511","6180橘子","110/07/09","統一-三重",6,0,6
"14512","6180橘子","110/07/09","凱基-東門",0,10,-10
"14513","6180橘子","110/07/09","群益金鼎-嘉義",6,0,6
"14514","6180橘子","110/07/09","華南永昌-三重",0,10,-10
"14515","6180橘子","110/07/09","元大-員林中山",6,0,6
"14516","6180橘子","110/07/09","元大-彰化民生",1,11,-10
"14517","6180橘子","110/07/09","合庫-鳳山",5,0,5
"14518","6180橘子","110/07/09","永豐金-新店",1,11,-10
"14519","6180橘子","110/07/09","富邦-建國",6,1,5
"14520","6180橘子","110/07/09","群益金鼎-丹鳳",0,8,-8
"14521","2390云辰","110/07/09","摩根大通",279,56,223
"14522","2390云辰","110/07/09","元大-天母",0,127,-127
"14523","2390云辰","110/07/09","日盛-鳳山",110,2,108
"14524","2390云辰","110/07/09","中國信託-文心",5,109,-104
"14525","2390云辰","110/07/09","宏遠證券",100,0,100
"14526","2390云辰","110/07/09","永豐金-復興",0,55,-55
"14527","2390云辰","110/07/09","元大-大里",63,6,57
"14528","2390云辰","110/07/09","凱基-台北",239,286,-47
"14529","2390云辰","110/07/09","凱基-八德",59,10,49
"14530","2390云辰","110/07/09","德信",2,32,-30
"14531","2390云辰","110/07/09","合庫-新竹",40,0,40
"14532","2390云辰","110/07/09","兆豐-桃鶯",2,32,-30
"14533","2390云辰","110/07/09","國票",40,1,39
"14534","2390云辰","110/07/09","致和-南京",0,30,-30
"14535","2390云辰","110/07/09","新加坡商瑞銀",49,13,36
"14536","2390云辰","110/07/09","富邦-虎尾",1,31,-30
"14537","2390云辰","110/07/09","統一-新台中",36,2,34
"14538","2390云辰","110/07/09","元大-善化",2,31,-29
"14539","2390云辰","110/07/09","國票-嘉義",31,0,31
"14540","2390云辰","110/07/09","富邦-板橋",0,27,-27
"14541","2390云辰","110/07/09","華南永昌",35,7,28
"14542","2390云辰","110/07/09","富邦-永和",3,28,-25
"14543","2390云辰","110/07/09","玉山-台中",49,22,27
"14544","2390云辰","110/07/09","第一金-自由",20,44,-24
"14545","2390云辰","110/07/09","華南永昌-敦南",25,0,25
"14546","2390云辰","110/07/09","凱基-內湖",0,24,-24
"14547","2390云辰","110/07/09","新光-高雄",27,4,23
"14548","2390云辰","110/07/09","元大-汐止",1,24,-23
"14549","2390云辰","110/07/09","台灣摩根士丹利",85,63,22
"14550","2390云辰","110/07/09","新光-台中",12,33,-21
"14551","4903聯光通","110/07/09","元大-敦南",10,0,10
"14552","4903聯光通","110/07/09","第一金-台中",0,12,-12
"14553","4903聯光通","110/07/09","凱基-士林",5,0,5
"14554","4903聯光通","110/07/09","日盛-忠孝",0,3,-3
"14555","4903聯光通","110/07/09","元大-苗栗",5,0,5
"14556","4903聯光通","110/07/09","群益金鼎-崇德",0,3,-3
"14557","4903聯光通","110/07/09","元大-屏南",3,0,3
"14558","4903聯光通","110/07/09","國票-內壢",0,2,-2
"14559","4903聯光通","110/07/09","中國信託-永康",1,0,1
"14560","4903聯光通","110/07/09","康和-南崁",0,2,-2
"14561","4903聯光通","110/07/09","玉山證券",1,0,1
"14562","4903聯光通","110/07/09","新光-台中",0,2,-2
"14563","4903聯光通","110/07/09","元大-太平",4,3,1
"14564","4903聯光通","110/07/09","玉山-城中",0,2,-2
"14565","4903聯光通","110/07/09","永豐金-嘉義",1,0,1
"14566","4903聯光通","110/07/09","中國信託-文心",0,1,-1
"14567","4903聯光通","110/07/09","大昌",0,0,0
"14568","4903聯光通","110/07/09","大昌",0,0,0
"14569","4903聯光通","110/07/09","中農",0,0,0
"14570","4903聯光通","110/07/09","中農",0,0,0
"14571","4903聯光通","110/07/09","",NA,NA,NA
"14572","4903聯光通","110/07/09","",NA,NA,NA
"14573","4903聯光通","110/07/09","",NA,NA,NA
"14574","4903聯光通","110/07/09","",NA,NA,NA
"14575","4903聯光通","110/07/09","",NA,NA,NA
"14576","4903聯光通","110/07/09","",NA,NA,NA
"14577","4903聯光通","110/07/09","",NA,NA,NA
"14578","4903聯光通","110/07/09","",NA,NA,NA
"14579","4903聯光通","110/07/09","",NA,NA,NA
"14580","4903聯光通","110/07/09","",NA,NA,NA
"14581","2929淘帝","110/07/09","台中銀-台北",110,0,110
"14582","2929淘帝","110/07/09","新光",2,82,-80
"14583","2929淘帝","110/07/09","華南永昌-頭份",72,0,72
"14584","2929淘帝","110/07/09","摩根大通",2,63,-61
"14585","2929淘帝","110/07/09","合庫-高雄",71,0,71
"14586","2929淘帝","110/07/09","第一金-路竹",0,50,-50
"14587","2929淘帝","110/07/09","高橋-龍潭",37,0,37
"14588","2929淘帝","110/07/09","港商麥格理",0,42,-42
"14589","2929淘帝","110/07/09","新光-台中",60,26,34
"14590","2929淘帝","110/07/09","陽信-石牌",0,40,-40
"14591","2929淘帝","110/07/09","元富-大裕",22,1,21
"14592","2929淘帝","110/07/09","台新-左楠",1,39,-38
"14593","2929淘帝","110/07/09","合庫-鳳山",20,0,20
"14594","2929淘帝","110/07/09","凱基-桃園",3,29,-26
"14595","2929淘帝","110/07/09","元大-員林",22,2,20
"14596","2929淘帝","110/07/09","兆豐-內湖",0,25,-25
"14597","2929淘帝","110/07/09","台新-建北",15,0,15
"14598","2929淘帝","110/07/09","元大-北港",0,20,-20
"14599","2929淘帝","110/07/09","兆豐-桃園",13,0,13
"14600","2929淘帝","110/07/09","富邦-北港",0,19,-19
"14601","2929淘帝","110/07/09","兆豐-忠孝",10,0,10
"14602","2929淘帝","110/07/09","富邦-花蓮",0,17,-17
"14603","2929淘帝","110/07/09","國票-敦北法人",10,0,10
"14604","2929淘帝","110/07/09","國泰-台中",2,17,-15
"14605","2929淘帝","110/07/09","永豐金-博愛",10,0,10
"14606","2929淘帝","110/07/09","群益金鼎-彰化",0,15,-15
"14607","2929淘帝","110/07/09","群益金鼎-潭子",8,0,8
"14608","2929淘帝","110/07/09","元大-博愛",0,14,-14
"14609","2929淘帝","110/07/09","富邦-南屯",8,0,8
"14610","2929淘帝","110/07/09","日盛-板橋",0,13,-13
"14611","5410國眾","110/07/09","元大-新盛",14,0,14
"14612","5410國眾","110/07/09","(牛牛牛)亞-鑫豐",1,41,-40
"14613","5410國眾","110/07/09","台灣企銀-民雄",10,0,10
"14614","5410國眾","110/07/09","元富-嘉義",0,25,-25
"14615","5410國眾","110/07/09","元富-虎尾",9,0,9
"14616","5410國眾","110/07/09","凱基-高美館",0,10,-10
"14617","5410國眾","110/07/09","摩根大通",10,1,9
"14618","5410國眾","110/07/09","凱基-城中",0,10,-10
"14619","5410國眾","110/07/09","兆豐-北高雄",7,0,7
"14620","5410國眾","110/07/09","元大-頭份",0,10,-10
"14621","5410國眾","110/07/09","凱基-台北",8,1,7
"14622","5410國眾","110/07/09","群益金鼎-丹鳳",0,7,-7
"14623","5410國眾","110/07/09","華南永昌-公誠",7,0,7
"14624","5410國眾","110/07/09","凱基-復興",0,7,-7
"14625","5410國眾","110/07/09","香港上海匯豐",6,0,6
"14626","5410國眾","110/07/09","元大-員林",0,7,-7
"14627","5410國眾","110/07/09","凱基-中壢",6,0,6
"14628","5410國眾","110/07/09","富邦-竹東",0,6,-6
"14629","5410國眾","110/07/09","華南永昌-南京",6,0,6
"14630","5410國眾","110/07/09","亞東-高雄",0,5,-5
"14631","5410國眾","110/07/09","統一-三重",5,0,5
"14632","5410國眾","110/07/09","大慶-中壢",1,6,-5
"14633","5410國眾","110/07/09","富邦-宜蘭",5,0,5
"14634","5410國眾","110/07/09","群益金鼎-中港",0,5,-5
"14635","5410國眾","110/07/09","元大-崇德",5,0,5
"14636","5410國眾","110/07/09","元大-八德",0,5,-5
"14637","5410國眾","110/07/09","元大-博愛",5,0,5
"14638","5410國眾","110/07/09","富邦-基隆",0,4,-4
"14639","5410國眾","110/07/09","元大-龍潭",5,0,5
"14640","5410國眾","110/07/09","臺銀-新竹",0,3,-3
"14641","2841台開","110/07/09","日盛-雙和",102,0,102
"14642","2841台開","110/07/09","港商野村",0,129,-129
"14643","2841台開","110/07/09","元大-館前",70,0,70
"14644","2841台開","110/07/09","兆豐-永和",0,100,-100
"14645","2841台開","110/07/09","凱基-文心",50,0,50
"14646","2841台開","110/07/09","台新證券",7,28,-21
"14647","2841台開","110/07/09","富邦-嘉義",40,0,40
"14648","2841台開","110/07/09","國票-北高雄",0,20,-20
"14649","2841台開","110/07/09","美商高盛",15,0,15
"14650","2841台開","110/07/09","永豐金-敦南",29,46,-17
"14651","2841台開","110/07/09","台中銀",15,0,15
"14652","2841台開","110/07/09","合庫-基隆",0,12,-12
"14653","2841台開","110/07/09","新光",11,0,11
"14654","2841台開","110/07/09","中國信託-松江",0,12,-12
"14655","2841台開","110/07/09","華南永昌-長虹",10,0,10
"14656","2841台開","110/07/09","兆豐-城中",0,12,-12
"14657","2841台開","110/07/09","永豐金-南投",10,0,10
"14658","2841台開","110/07/09","台中銀-豐原",0,10,-10
"14659","2841台開","110/07/09","合庫-桃園",7,0,7
"14660","2841台開","110/07/09","兆豐-景美",0,10,-10
"14661","2841台開","110/07/09","群益金鼎-古亭",7,0,7
"14662","2841台開","110/07/09","群益金鼎-基隆",0,10,-10
"14663","2841台開","110/07/09","國泰-敦南",6,0,6
"14664","2841台開","110/07/09","元大-北三重",0,10,-10
"14665","2841台開","110/07/09","凱基-桃園",8,2,6
"14666","2841台開","110/07/09","(牛牛牛)亞-網路",0,9,-9
"14667","2841台開","110/07/09","日盛證券",5,0,5
"14668","2841台開","110/07/09","台新-高雄",1,10,-9
"14669","2841台開","110/07/09","元富-文心",5,0,5
"14670","2841台開","110/07/09","凱基-台北",0,7,-7
"14671","6207雷科","110/07/09","群益金鼎-新竹",47,0,47
"14672","6207雷科","110/07/09","新光",7,24,-17
"14673","6207雷科","110/07/09","永豐金-三重",31,0,31
"14674","6207雷科","110/07/09","日盛-和美",0,15,-15
"14675","6207雷科","110/07/09","新加坡商瑞銀",33,5,28
"14676","6207雷科","110/07/09","國泰-台南",0,15,-15
"14677","6207雷科","110/07/09","元大-高雄",26,0,26
"14678","6207雷科","110/07/09","華南永昌-古亭",0,14,-14
"14679","6207雷科","110/07/09","統一-員林",22,0,22
"14680","6207雷科","110/07/09","土銀-白河",0,11,-11
"14681","6207雷科","110/07/09","台新-高雄",22,0,22
"14682","6207雷科","110/07/09","日盛-台南",0,10,-10
"14683","6207雷科","110/07/09","摩根大通",34,17,17
"14684","6207雷科","110/07/09","元富-林園",0,10,-10
"14685","6207雷科","110/07/09","元大-博愛",17,1,16
"14686","6207雷科","110/07/09","富邦-園區",0,10,-10
"14687","6207雷科","110/07/09","日茂-埔里",12,0,12
"14688","6207雷科","110/07/09","元大-上新莊",0,10,-10
"14689","6207雷科","110/07/09","國泰-台中",17,6,11
"14690","6207雷科","110/07/09","永豐金-南京",0,10,-10
"14691","6207雷科","110/07/09","富邦-三重",10,0,10
"14692","6207雷科","110/07/09","兆豐-小港",0,6,-6
"14693","6207雷科","110/07/09","元大-沙鹿",10,0,10
"14694","6207雷科","110/07/09","富邦-羅東",1,7,-6
"14695","6207雷科","110/07/09","元大-八德",10,0,10
"14696","6207雷科","110/07/09","元大-土城永寧",0,6,-6
"14697","6207雷科","110/07/09","第一金-路竹",11,2,9
"14698","6207雷科","110/07/09","永豐金-板盛",0,6,-6
"14699","6207雷科","110/07/09","統一-南京",5,0,5
"14700","6207雷科","110/07/09","日盛-板橋",0,5,-5
"14701","3679新至陞","110/07/09","元大-大天母",10,0,10
"14702","3679新至陞","110/07/09","第一金-光復",0,11,-11
"14703","3679新至陞","110/07/09","日盛-樹林",9,0,9
"14704","3679新至陞","110/07/09","瑞士信貸",0,8,-8
"14705","3679新至陞","110/07/09","凱基-台北",11,2,9
"14706","3679新至陞","110/07/09","大慶-苗栗",0,5,-5
"14707","3679新至陞","110/07/09","華南永昌-小港",8,0,8
"14708","3679新至陞","110/07/09","元大-永春",0,5,-5
"14709","3679新至陞","110/07/09","兆豐-來福",7,0,7
"14710","3679新至陞","110/07/09","日盛-和美",0,4,-4
"14711","3679新至陞","110/07/09","香港上海匯豐",5,0,5
"14712","3679新至陞","110/07/09","元大-雙和",0,3,-3
"14713","3679新至陞","110/07/09","台中銀-員林",3,0,3
"14714","3679新至陞","110/07/09","永豐金-屏東",0,3,-3
"14715","3679新至陞","110/07/09","新光",3,0,3
"14716","3679新至陞","110/07/09","彰銀",0,2,-2
"14717","3679新至陞","110/07/09","土銀-花蓮",2,0,2
"14718","3679新至陞","110/07/09","宏遠-館前",0,2,-2
"14719","3679新至陞","110/07/09","第一金-澎湖",2,0,2
"14720","3679新至陞","110/07/09","港商野村",0,2,-2
"14721","3679新至陞","110/07/09","摩根大通",2,0,2
"14722","3679新至陞","110/07/09","大昌-新店",0,2,-2
"14723","3679新至陞","110/07/09","國泰-敦南",2,0,2
"14724","3679新至陞","110/07/09","元大-新莊",0,2,-2
"14725","3679新至陞","110/07/09","元大-淡水",4,2,2
"14726","3679新至陞","110/07/09","元大-板橋",0,2,-2
"14727","3679新至陞","110/07/09","日盛-士林",1,0,1
"14728","3679新至陞","110/07/09","台灣摩根士丹利",0,1,-1
"14729","3679新至陞","110/07/09","日盛-信義",1,0,1
"14730","3679新至陞","110/07/09","第一金-高雄",0,1,-1
"14731","2727王品","110/07/09","台灣匯立證券",90,0,90
"14732","2727王品","110/07/09","台灣摩根士丹利",0,267,-267
"14733","2727王品","110/07/09","國泰-敦南",166,84,82
"14734","2727王品","110/07/09","富邦-台北",35,299,-264
"14735","2727王品","110/07/09","富邦-仁愛",56,12,44
"14736","2727王品","110/07/09","凱基-台北",174,296,-122
"14737","2727王品","110/07/09","台新證券",109,66,43
"14738","2727王品","110/07/09","第一金",2,102,-100
"14739","2727王品","110/07/09","新光",117,87,30
"14740","2727王品","110/07/09","群益金鼎-大安",0,80,-80
"14741","2727王品","110/07/09","臺銀-臺中",35,6,29
"14742","2727王品","110/07/09","兆豐-大安",7,60,-53
"14743","2727王品","110/07/09","元大-桃園",32,3,29
"14744","2727王品","110/07/09","永豐金-南投",0,50,-50
"14745","2727王品","110/07/09","元富-宜蘭",34,6,28
"14746","2727王品","110/07/09","新加坡商瑞銀",6,46,-40
"14747","2727王品","110/07/09","玉山-台中",34,8,26
"14748","2727王品","110/07/09","合庫-彰化",11,50,-39
"14749","2727王品","110/07/09","群益金鼎-宜蘭",30,4,26
"14750","2727王品","110/07/09","永豐金-萬盛",13,52,-39
"14751","2727王品","110/07/09","富邦-台中",42,16,26
"14752","2727王品","110/07/09","瑞士信貸",0,34,-34
"14753","2727王品","110/07/09","第一金-豐原",25,1,24
"14754","2727王品","110/07/09","元大-和平",4,35,-31
"14755","2727王品","110/07/09","臺銀",30,8,22
"14756","2727王品","110/07/09","美林",14,44,-30
"14757","2727王品","110/07/09","兆豐-來福",23,1,22
"14758","2727王品","110/07/09","元大-員林",9,38,-29
"14759","2727王品","110/07/09","玉山-士林",22,2,20
"14760","2727王品","110/07/09","元富-西松",4,31,-27
"14761","1570力肯","110/07/09","凱基-台北",30,1,29
"14762","1570力肯","110/07/09","群益金鼎-彰化",0,20,-20
"14763","1570力肯","110/07/09","新光-台南",20,0,20
"14764","1570力肯","110/07/09","元大-土城學府",0,20,-20
"14765","1570力肯","110/07/09","元大-高雄",20,0,20
"14766","1570力肯","110/07/09","元大-大統",0,16,-16
"14767","1570力肯","110/07/09","國票-中正",12,0,12
"14768","1570力肯","110/07/09","元大-新營",0,11,-11
"14769","1570力肯","110/07/09","日盛-高雄",6,0,6
"14770","1570力肯","110/07/09","元大-和平",0,10,-10
"14771","1570力肯","110/07/09","元富-緯城",6,0,6
"14772","1570力肯","110/07/09","元大-草屯",0,10,-10
"14773","1570力肯","110/07/09","群益金鼎-台南",6,0,6
"14774","1570力肯","110/07/09","元大-鹿港",0,9,-9
"14775","1570力肯","110/07/09","華南永昌-岡山",6,0,6
"14776","1570力肯","110/07/09","合庫-基隆",0,7,-7
"14777","1570力肯","110/07/09","統一-中壢",5,0,5
"14778","1570力肯","110/07/09","摩根大通",2,8,-6
"14779","1570力肯","110/07/09","凱基-三峽",5,0,5
"14780","1570力肯","110/07/09","台灣企銀-豐原",0,4,-4
"14781","1570力肯","110/07/09","大昌-樹林",4,0,4
"14782","1570力肯","110/07/09","日盛-桃園",0,4,-4
"14783","1570力肯","110/07/09","新光",3,0,3
"14784","1570力肯","110/07/09","國泰-高雄",0,3,-3
"14785","1570力肯","110/07/09","富邦-新竹華信",3,0,3
"14786","1570力肯","110/07/09","永豐金-敦南",0,3,-3
"14787","1570力肯","110/07/09","合庫-台中",2,0,2
"14788","1570力肯","110/07/09","土銀-彰化",0,2,-2
"14789","1570力肯","110/07/09","臺銀-臺中",2,0,2
"14790","1570力肯","110/07/09","臺銀-鳳山",0,2,-2
"14791","6180橘子","110/07/09","摩根大通",63,1,62
"14792","6180橘子","110/07/09","元大-南京",1,32,-31
"14793","6180橘子","110/07/09","富邦-陽明",73,33,40
"14794","6180橘子","110/07/09","群益金鼎-台北",0,25,-25
"14795","6180橘子","110/07/09","新加坡商瑞銀",31,0,31
"14796","6180橘子","110/07/09","兆豐-復興",0,21,-21
"14797","6180橘子","110/07/09","美商高盛",25,0,25
"14798","6180橘子","110/07/09","永豐金-嘉義",0,21,-21
"14799","6180橘子","110/07/09","凱基-台北",26,10,16
"14800","6180橘子","110/07/09","凱基-中壢",8,24,-16
"14801","6180橘子","110/07/09","華南永昌-楠梓",13,0,13
"14802","6180橘子","110/07/09","致和-崇德",0,15,-15
"14803","6180橘子","110/07/09","華南永昌-朴子",11,0,11
"14804","6180橘子","110/07/09","群益金鼎-屏東",0,15,-15
"14805","6180橘子","110/07/09","元大-北港",11,0,11
"14806","6180橘子","110/07/09","群益金鼎-中山",0,15,-15
"14807","6180橘子","110/07/09","元大-成功",10,1,9
"14808","6180橘子","110/07/09","瑞士信貸",1,15,-14
"14809","6180橘子","110/07/09","新光",26,18,8
"14810","6180橘子","110/07/09","日盛-二林",0,10,-10
"14811","6180橘子","110/07/09","統一-三重",6,0,6
"14812","6180橘子","110/07/09","凱基-東門",0,10,-10
"14813","6180橘子","110/07/09","群益金鼎-嘉義",6,0,6
"14814","6180橘子","110/07/09","華南永昌-三重",0,10,-10
"14815","6180橘子","110/07/09","元大-員林中山",6,0,6
"14816","6180橘子","110/07/09","元大-彰化民生",1,11,-10
"14817","6180橘子","110/07/09","合庫-鳳山",5,0,5
"14818","6180橘子","110/07/09","永豐金-新店",1,11,-10
"14819","6180橘子","110/07/09","富邦-建國",6,1,5
"14820","6180橘子","110/07/09","群益金鼎-丹鳳",0,8,-8
"14821","2390云辰","110/07/09","摩根大通",279,56,223
"14822","2390云辰","110/07/09","元大-天母",0,127,-127
"14823","2390云辰","110/07/09","日盛-鳳山",110,2,108
"14824","2390云辰","110/07/09","中國信託-文心",5,109,-104
"14825","2390云辰","110/07/09","宏遠證券",100,0,100
"14826","2390云辰","110/07/09","永豐金-復興",0,55,-55
"14827","2390云辰","110/07/09","元大-大里",63,6,57
"14828","2390云辰","110/07/09","凱基-台北",239,286,-47
"14829","2390云辰","110/07/09","凱基-八德",59,10,49
"14830","2390云辰","110/07/09","德信",2,32,-30
"14831","2390云辰","110/07/09","合庫-新竹",40,0,40
"14832","2390云辰","110/07/09","兆豐-桃鶯",2,32,-30
"14833","2390云辰","110/07/09","國票",40,1,39
"14834","2390云辰","110/07/09","致和-南京",0,30,-30
"14835","2390云辰","110/07/09","新加坡商瑞銀",49,13,36
"14836","2390云辰","110/07/09","富邦-虎尾",1,31,-30
"14837","2390云辰","110/07/09","統一-新台中",36,2,34
"14838","2390云辰","110/07/09","元大-善化",2,31,-29
"14839","2390云辰","110/07/09","國票-嘉義",31,0,31
"14840","2390云辰","110/07/09","富邦-板橋",0,27,-27
"14841","2390云辰","110/07/09","華南永昌",35,7,28
"14842","2390云辰","110/07/09","富邦-永和",3,28,-25
"14843","2390云辰","110/07/09","玉山-台中",49,22,27
"14844","2390云辰","110/07/09","第一金-自由",20,44,-24
"14845","2390云辰","110/07/09","華南永昌-敦南",25,0,25
"14846","2390云辰","110/07/09","凱基-內湖",0,24,-24
"14847","2390云辰","110/07/09","新光-高雄",27,4,23
"14848","2390云辰","110/07/09","元大-汐止",1,24,-23
"14849","2390云辰","110/07/09","台灣摩根士丹利",85,63,22
"14850","2390云辰","110/07/09","新光-台中",12,33,-21
"14851","4903聯光通","110/07/09","元大-敦南",10,0,10
"14852","4903聯光通","110/07/09","第一金-台中",0,12,-12
"14853","4903聯光通","110/07/09","凱基-士林",5,0,5
"14854","4903聯光通","110/07/09","日盛-忠孝",0,3,-3
"14855","4903聯光通","110/07/09","元大-苗栗",5,0,5
"14856","4903聯光通","110/07/09","群益金鼎-崇德",0,3,-3
"14857","4903聯光通","110/07/09","元大-屏南",3,0,3
"14858","4903聯光通","110/07/09","國票-內壢",0,2,-2
"14859","4903聯光通","110/07/09","中國信託-永康",1,0,1
"14860","4903聯光通","110/07/09","康和-南崁",0,2,-2
"14861","4903聯光通","110/07/09","玉山證券",1,0,1
"14862","4903聯光通","110/07/09","新光-台中",0,2,-2
"14863","4903聯光通","110/07/09","元大-太平",4,3,1
"14864","4903聯光通","110/07/09","玉山-城中",0,2,-2
"14865","4903聯光通","110/07/09","永豐金-嘉義",1,0,1
"14866","4903聯光通","110/07/09","中國信託-文心",0,1,-1
"14867","4903聯光通","110/07/09","大昌",0,0,0
"14868","4903聯光通","110/07/09","大昌",0,0,0
"14869","4903聯光通","110/07/09","中農",0,0,0
"14870","4903聯光通","110/07/09","中農",0,0,0
"14871","4903聯光通","110/07/09","",NA,NA,NA
"14872","4903聯光通","110/07/09","",NA,NA,NA
"14873","4903聯光通","110/07/09","",NA,NA,NA
"14874","4903聯光通","110/07/09","",NA,NA,NA
"14875","4903聯光通","110/07/09","",NA,NA,NA
"14876","4903聯光通","110/07/09","",NA,NA,NA
"14877","4903聯光通","110/07/09","",NA,NA,NA
"14878","4903聯光通","110/07/09","",NA,NA,NA
"14879","4903聯光通","110/07/09","",NA,NA,NA
"14880","4903聯光通","110/07/09","",NA,NA,NA
"14881","2929淘帝","110/07/09","台中銀-台北",110,0,110
"14882","2929淘帝","110/07/09","新光",2,82,-80
"14883","2929淘帝","110/07/09","華南永昌-頭份",72,0,72
"14884","2929淘帝","110/07/09","摩根大通",2,63,-61
"14885","2929淘帝","110/07/09","合庫-高雄",71,0,71
"14886","2929淘帝","110/07/09","第一金-路竹",0,50,-50
"14887","2929淘帝","110/07/09","高橋-龍潭",37,0,37
"14888","2929淘帝","110/07/09","港商麥格理",0,42,-42
"14889","2929淘帝","110/07/09","新光-台中",60,26,34
"14890","2929淘帝","110/07/09","陽信-石牌",0,40,-40
"14891","2929淘帝","110/07/09","元富-大裕",22,1,21
"14892","2929淘帝","110/07/09","台新-左楠",1,39,-38
"14893","2929淘帝","110/07/09","合庫-鳳山",20,0,20
"14894","2929淘帝","110/07/09","凱基-桃園",3,29,-26
"14895","2929淘帝","110/07/09","元大-員林",22,2,20
"14896","2929淘帝","110/07/09","兆豐-內湖",0,25,-25
"14897","2929淘帝","110/07/09","台新-建北",15,0,15
"14898","2929淘帝","110/07/09","元大-北港",0,20,-20
"14899","2929淘帝","110/07/09","兆豐-桃園",13,0,13
"14900","2929淘帝","110/07/09","富邦-北港",0,19,-19
"14901","2929淘帝","110/07/09","兆豐-忠孝",10,0,10
"14902","2929淘帝","110/07/09","富邦-花蓮",0,17,-17
"14903","2929淘帝","110/07/09","國票-敦北法人",10,0,10
"14904","2929淘帝","110/07/09","國泰-台中",2,17,-15
"14905","2929淘帝","110/07/09","永豐金-博愛",10,0,10
"14906","2929淘帝","110/07/09","群益金鼎-彰化",0,15,-15
"14907","2929淘帝","110/07/09","群益金鼎-潭子",8,0,8
"14908","2929淘帝","110/07/09","元大-博愛",0,14,-14
"14909","2929淘帝","110/07/09","富邦-南屯",8,0,8
"14910","2929淘帝","110/07/09","日盛-板橋",0,13,-13
"14911","5410國眾","110/07/09","元大-新盛",14,0,14
"14912","5410國眾","110/07/09","(牛牛牛)亞-鑫豐",1,41,-40
"14913","5410國眾","110/07/09","台灣企銀-民雄",10,0,10
"14914","5410國眾","110/07/09","元富-嘉義",0,25,-25
"14915","5410國眾","110/07/09","元富-虎尾",9,0,9
"14916","5410國眾","110/07/09","凱基-高美館",0,10,-10
"14917","5410國眾","110/07/09","摩根大通",10,1,9
"14918","5410國眾","110/07/09","凱基-城中",0,10,-10
"14919","5410國眾","110/07/09","兆豐-北高雄",7,0,7
"14920","5410國眾","110/07/09","元大-頭份",0,10,-10
"14921","5410國眾","110/07/09","凱基-台北",8,1,7
"14922","5410國眾","110/07/09","群益金鼎-丹鳳",0,7,-7
"14923","5410國眾","110/07/09","華南永昌-公誠",7,0,7
"14924","5410國眾","110/07/09","凱基-復興",0,7,-7
"14925","5410國眾","110/07/09","香港上海匯豐",6,0,6
"14926","5410國眾","110/07/09","元大-員林",0,7,-7
"14927","5410國眾","110/07/09","凱基-中壢",6,0,6
"14928","5410國眾","110/07/09","富邦-竹東",0,6,-6
"14929","5410國眾","110/07/09","華南永昌-南京",6,0,6
"14930","5410國眾","110/07/09","亞東-高雄",0,5,-5
"14931","5410國眾","110/07/09","統一-三重",5,0,5
"14932","5410國眾","110/07/09","大慶-中壢",1,6,-5
"14933","5410國眾","110/07/09","富邦-宜蘭",5,0,5
"14934","5410國眾","110/07/09","群益金鼎-中港",0,5,-5
"14935","5410國眾","110/07/09","元大-崇德",5,0,5
"14936","5410國眾","110/07/09","元大-八德",0,5,-5
"14937","5410國眾","110/07/09","元大-博愛",5,0,5
"14938","5410國眾","110/07/09","富邦-基隆",0,4,-4
"14939","5410國眾","110/07/09","元大-龍潭",5,0,5
"14940","5410國眾","110/07/09","臺銀-新竹",0,3,-3
"14941","2841台開","110/07/09","日盛-雙和",102,0,102
"14942","2841台開","110/07/09","港商野村",0,129,-129
"14943","2841台開","110/07/09","元大-館前",70,0,70
"14944","2841台開","110/07/09","兆豐-永和",0,100,-100
"14945","2841台開","110/07/09","凱基-文心",50,0,50
"14946","2841台開","110/07/09","台新證券",7,28,-21
"14947","2841台開","110/07/09","富邦-嘉義",40,0,40
"14948","2841台開","110/07/09","國票-北高雄",0,20,-20
"14949","2841台開","110/07/09","美商高盛",15,0,15
"14950","2841台開","110/07/09","永豐金-敦南",29,46,-17
"14951","2841台開","110/07/09","台中銀",15,0,15
"14952","2841台開","110/07/09","合庫-基隆",0,12,-12
"14953","2841台開","110/07/09","新光",11,0,11
"14954","2841台開","110/07/09","中國信託-松江",0,12,-12
"14955","2841台開","110/07/09","華南永昌-長虹",10,0,10
"14956","2841台開","110/07/09","兆豐-城中",0,12,-12
"14957","2841台開","110/07/09","永豐金-南投",10,0,10
"14958","2841台開","110/07/09","台中銀-豐原",0,10,-10
"14959","2841台開","110/07/09","合庫-桃園",7,0,7
"14960","2841台開","110/07/09","兆豐-景美",0,10,-10
"14961","2841台開","110/07/09","群益金鼎-古亭",7,0,7
"14962","2841台開","110/07/09","群益金鼎-基隆",0,10,-10
"14963","2841台開","110/07/09","國泰-敦南",6,0,6
"14964","2841台開","110/07/09","元大-北三重",0,10,-10
"14965","2841台開","110/07/09","凱基-桃園",8,2,6
"14966","2841台開","110/07/09","(牛牛牛)亞-網路",0,9,-9
"14967","2841台開","110/07/09","日盛證券",5,0,5
"14968","2841台開","110/07/09","台新-高雄",1,10,-9
"14969","2841台開","110/07/09","元富-文心",5,0,5
"14970","2841台開","110/07/09","凱基-台北",0,7,-7
"14971","6207雷科","110/07/09","群益金鼎-新竹",47,0,47
"14972","6207雷科","110/07/09","新光",7,24,-17
"14973","6207雷科","110/07/09","永豐金-三重",31,0,31
"14974","6207雷科","110/07/09","日盛-和美",0,15,-15
"14975","6207雷科","110/07/09","新加坡商瑞銀",33,5,28
"14976","6207雷科","110/07/09","國泰-台南",0,15,-15
"14977","6207雷科","110/07/09","元大-高雄",26,0,26
"14978","6207雷科","110/07/09","華南永昌-古亭",0,14,-14
"14979","6207雷科","110/07/09","統一-員林",22,0,22
"14980","6207雷科","110/07/09","土銀-白河",0,11,-11
"14981","6207雷科","110/07/09","台新-高雄",22,0,22
"14982","6207雷科","110/07/09","日盛-台南",0,10,-10
"14983","6207雷科","110/07/09","摩根大通",34,17,17
"14984","6207雷科","110/07/09","元富-林園",0,10,-10
"14985","6207雷科","110/07/09","元大-博愛",17,1,16
"14986","6207雷科","110/07/09","富邦-園區",0,10,-10
"14987","6207雷科","110/07/09","日茂-埔里",12,0,12
"14988","6207雷科","110/07/09","元大-上新莊",0,10,-10
"14989","6207雷科","110/07/09","國泰-台中",17,6,11
"14990","6207雷科","110/07/09","永豐金-南京",0,10,-10
"14991","6207雷科","110/07/09","富邦-三重",10,0,10
"14992","6207雷科","110/07/09","兆豐-小港",0,6,-6
"14993","6207雷科","110/07/09","元大-沙鹿",10,0,10
"14994","6207雷科","110/07/09","富邦-羅東",1,7,-6
"14995","6207雷科","110/07/09","元大-八德",10,0,10
"14996","6207雷科","110/07/09","元大-土城永寧",0,6,-6
"14997","6207雷科","110/07/09","第一金-路竹",11,2,9
"14998","6207雷科","110/07/09","永豐金-板盛",0,6,-6
"14999","6207雷科","110/07/09","統一-南京",5,0,5
"15000","6207雷科","110/07/09","日盛-板橋",0,5,-5
"15001","3679新至陞","110/07/09","元大-大天母",10,0,10
"15002","3679新至陞","110/07/09","第一金-光復",0,11,-11
"15003","3679新至陞","110/07/09","日盛-樹林",9,0,9
"15004","3679新至陞","110/07/09","瑞士信貸",0,8,-8
"15005","3679新至陞","110/07/09","凱基-台北",11,2,9
"15006","3679新至陞","110/07/09","大慶-苗栗",0,5,-5
"15007","3679新至陞","110/07/09","華南永昌-小港",8,0,8
"15008","3679新至陞","110/07/09","元大-永春",0,5,-5
"15009","3679新至陞","110/07/09","兆豐-來福",7,0,7
"15010","3679新至陞","110/07/09","日盛-和美",0,4,-4
"15011","3679新至陞","110/07/09","香港上海匯豐",5,0,5
"15012","3679新至陞","110/07/09","元大-雙和",0,3,-3
"15013","3679新至陞","110/07/09","台中銀-員林",3,0,3
"15014","3679新至陞","110/07/09","永豐金-屏東",0,3,-3
"15015","3679新至陞","110/07/09","新光",3,0,3
"15016","3679新至陞","110/07/09","彰銀",0,2,-2
"15017","3679新至陞","110/07/09","土銀-花蓮",2,0,2
"15018","3679新至陞","110/07/09","宏遠-館前",0,2,-2
"15019","3679新至陞","110/07/09","第一金-澎湖",2,0,2
"15020","3679新至陞","110/07/09","港商野村",0,2,-2
"15021","3679新至陞","110/07/09","摩根大通",2,0,2
"15022","3679新至陞","110/07/09","大昌-新店",0,2,-2
"15023","3679新至陞","110/07/09","國泰-敦南",2,0,2
"15024","3679新至陞","110/07/09","元大-新莊",0,2,-2
"15025","3679新至陞","110/07/09","元大-淡水",4,2,2
"15026","3679新至陞","110/07/09","元大-板橋",0,2,-2
"15027","3679新至陞","110/07/09","日盛-士林",1,0,1
"15028","3679新至陞","110/07/09","台灣摩根士丹利",0,1,-1
"15029","3679新至陞","110/07/09","日盛-信義",1,0,1
"15030","3679新至陞","110/07/09","第一金-高雄",0,1,-1
"15031","2727王品","110/07/09","台灣匯立證券",90,0,90
"15032","2727王品","110/07/09","台灣摩根士丹利",0,267,-267
"15033","2727王品","110/07/09","國泰-敦南",166,84,82
"15034","2727王品","110/07/09","富邦-台北",35,299,-264
"15035","2727王品","110/07/09","富邦-仁愛",56,12,44
"15036","2727王品","110/07/09","凱基-台北",174,296,-122
"15037","2727王品","110/07/09","台新證券",109,66,43
"15038","2727王品","110/07/09","第一金",2,102,-100
"15039","2727王品","110/07/09","新光",117,87,30
"15040","2727王品","110/07/09","群益金鼎-大安",0,80,-80
"15041","2727王品","110/07/09","臺銀-臺中",35,6,29
"15042","2727王品","110/07/09","兆豐-大安",7,60,-53
"15043","2727王品","110/07/09","元大-桃園",32,3,29
"15044","2727王品","110/07/09","永豐金-南投",0,50,-50
"15045","2727王品","110/07/09","元富-宜蘭",34,6,28
"15046","2727王品","110/07/09","新加坡商瑞銀",6,46,-40
"15047","2727王品","110/07/09","玉山-台中",34,8,26
"15048","2727王品","110/07/09","合庫-彰化",11,50,-39
"15049","2727王品","110/07/09","群益金鼎-宜蘭",30,4,26
"15050","2727王品","110/07/09","永豐金-萬盛",13,52,-39
"15051","2727王品","110/07/09","富邦-台中",42,16,26
"15052","2727王品","110/07/09","瑞士信貸",0,34,-34
"15053","2727王品","110/07/09","第一金-豐原",25,1,24
"15054","2727王品","110/07/09","元大-和平",4,35,-31
"15055","2727王品","110/07/09","臺銀",30,8,22
"15056","2727王品","110/07/09","美林",14,44,-30
"15057","2727王品","110/07/09","兆豐-來福",23,1,22
"15058","2727王品","110/07/09","元大-員林",9,38,-29
"15059","2727王品","110/07/09","玉山-士林",22,2,20
"15060","2727王品","110/07/09","元富-西松",4,31,-27
"15061","1570力肯","110/07/09","凱基-台北",30,1,29
"15062","1570力肯","110/07/09","群益金鼎-彰化",0,20,-20
"15063","1570力肯","110/07/09","新光-台南",20,0,20
"15064","1570力肯","110/07/09","元大-土城學府",0,20,-20
"15065","1570力肯","110/07/09","元大-高雄",20,0,20
"15066","1570力肯","110/07/09","元大-大統",0,16,-16
"15067","1570力肯","110/07/09","國票-中正",12,0,12
"15068","1570力肯","110/07/09","元大-新營",0,11,-11
"15069","1570力肯","110/07/09","日盛-高雄",6,0,6
"15070","1570力肯","110/07/09","元大-和平",0,10,-10
"15071","1570力肯","110/07/09","元富-緯城",6,0,6
"15072","1570力肯","110/07/09","元大-草屯",0,10,-10
"15073","1570力肯","110/07/09","群益金鼎-台南",6,0,6
"15074","1570力肯","110/07/09","元大-鹿港",0,9,-9
"15075","1570力肯","110/07/09","華南永昌-岡山",6,0,6
"15076","1570力肯","110/07/09","合庫-基隆",0,7,-7
"15077","1570力肯","110/07/09","統一-中壢",5,0,5
"15078","1570力肯","110/07/09","摩根大通",2,8,-6
"15079","1570力肯","110/07/09","凱基-三峽",5,0,5
"15080","1570力肯","110/07/09","台灣企銀-豐原",0,4,-4
"15081","1570力肯","110/07/09","大昌-樹林",4,0,4
"15082","1570力肯","110/07/09","日盛-桃園",0,4,-4
"15083","1570力肯","110/07/09","新光",3,0,3
"15084","1570力肯","110/07/09","國泰-高雄",0,3,-3
"15085","1570力肯","110/07/09","富邦-新竹華信",3,0,3
"15086","1570力肯","110/07/09","永豐金-敦南",0,3,-3
"15087","1570力肯","110/07/09","合庫-台中",2,0,2
"15088","1570力肯","110/07/09","土銀-彰化",0,2,-2
"15089","1570力肯","110/07/09","臺銀-臺中",2,0,2
"15090","1570力肯","110/07/09","臺銀-鳳山",0,2,-2
"15091","6180橘子","110/07/09","摩根大通",63,1,62
"15092","6180橘子","110/07/09","元大-南京",1,32,-31
"15093","6180橘子","110/07/09","富邦-陽明",73,33,40
"15094","6180橘子","110/07/09","群益金鼎-台北",0,25,-25
"15095","6180橘子","110/07/09","新加坡商瑞銀",31,0,31
"15096","6180橘子","110/07/09","兆豐-復興",0,21,-21
"15097","6180橘子","110/07/09","美商高盛",25,0,25
"15098","6180橘子","110/07/09","永豐金-嘉義",0,21,-21
"15099","6180橘子","110/07/09","凱基-台北",26,10,16
"15100","6180橘子","110/07/09","凱基-中壢",8,24,-16
"15101","6180橘子","110/07/09","華南永昌-楠梓",13,0,13
"15102","6180橘子","110/07/09","致和-崇德",0,15,-15
"15103","6180橘子","110/07/09","華南永昌-朴子",11,0,11
"15104","6180橘子","110/07/09","群益金鼎-屏東",0,15,-15
"15105","6180橘子","110/07/09","元大-北港",11,0,11
"15106","6180橘子","110/07/09","群益金鼎-中山",0,15,-15
"15107","6180橘子","110/07/09","元大-成功",10,1,9
"15108","6180橘子","110/07/09","瑞士信貸",1,15,-14
"15109","6180橘子","110/07/09","新光",26,18,8
"15110","6180橘子","110/07/09","日盛-二林",0,10,-10
"15111","6180橘子","110/07/09","統一-三重",6,0,6
"15112","6180橘子","110/07/09","凱基-東門",0,10,-10
"15113","6180橘子","110/07/09","群益金鼎-嘉義",6,0,6
"15114","6180橘子","110/07/09","華南永昌-三重",0,10,-10
"15115","6180橘子","110/07/09","元大-員林中山",6,0,6
"15116","6180橘子","110/07/09","元大-彰化民生",1,11,-10
"15117","6180橘子","110/07/09","合庫-鳳山",5,0,5
"15118","6180橘子","110/07/09","永豐金-新店",1,11,-10
"15119","6180橘子","110/07/09","富邦-建國",6,1,5
"15120","6180橘子","110/07/09","群益金鼎-丹鳳",0,8,-8
"15121","2390云辰","110/07/09","摩根大通",279,56,223
"15122","2390云辰","110/07/09","元大-天母",0,127,-127
"15123","2390云辰","110/07/09","日盛-鳳山",110,2,108
"15124","2390云辰","110/07/09","中國信託-文心",5,109,-104
"15125","2390云辰","110/07/09","宏遠證券",100,0,100
"15126","2390云辰","110/07/09","永豐金-復興",0,55,-55
"15127","2390云辰","110/07/09","元大-大里",63,6,57
"15128","2390云辰","110/07/09","凱基-台北",239,286,-47
"15129","2390云辰","110/07/09","凱基-八德",59,10,49
"15130","2390云辰","110/07/09","德信",2,32,-30
"15131","2390云辰","110/07/09","合庫-新竹",40,0,40
"15132","2390云辰","110/07/09","兆豐-桃鶯",2,32,-30
"15133","2390云辰","110/07/09","國票",40,1,39
"15134","2390云辰","110/07/09","致和-南京",0,30,-30
"15135","2390云辰","110/07/09","新加坡商瑞銀",49,13,36
"15136","2390云辰","110/07/09","富邦-虎尾",1,31,-30
"15137","2390云辰","110/07/09","統一-新台中",36,2,34
"15138","2390云辰","110/07/09","元大-善化",2,31,-29
"15139","2390云辰","110/07/09","國票-嘉義",31,0,31
"15140","2390云辰","110/07/09","富邦-板橋",0,27,-27
"15141","2390云辰","110/07/09","華南永昌",35,7,28
"15142","2390云辰","110/07/09","富邦-永和",3,28,-25
"15143","2390云辰","110/07/09","玉山-台中",49,22,27
"15144","2390云辰","110/07/09","第一金-自由",20,44,-24
"15145","2390云辰","110/07/09","華南永昌-敦南",25,0,25
"15146","2390云辰","110/07/09","凱基-內湖",0,24,-24
"15147","2390云辰","110/07/09","新光-高雄",27,4,23
"15148","2390云辰","110/07/09","元大-汐止",1,24,-23
"15149","2390云辰","110/07/09","台灣摩根士丹利",85,63,22
"15150","2390云辰","110/07/09","新光-台中",12,33,-21
"15151","4903聯光通","110/07/09","元大-敦南",10,0,10
"15152","4903聯光通","110/07/09","第一金-台中",0,12,-12
"15153","4903聯光通","110/07/09","凱基-士林",5,0,5
"15154","4903聯光通","110/07/09","日盛-忠孝",0,3,-3
"15155","4903聯光通","110/07/09","元大-苗栗",5,0,5
"15156","4903聯光通","110/07/09","群益金鼎-崇德",0,3,-3
"15157","4903聯光通","110/07/09","元大-屏南",3,0,3
"15158","4903聯光通","110/07/09","國票-內壢",0,2,-2
"15159","4903聯光通","110/07/09","中國信託-永康",1,0,1
"15160","4903聯光通","110/07/09","康和-南崁",0,2,-2
"15161","4903聯光通","110/07/09","玉山證券",1,0,1
"15162","4903聯光通","110/07/09","新光-台中",0,2,-2
"15163","4903聯光通","110/07/09","元大-太平",4,3,1
"15164","4903聯光通","110/07/09","玉山-城中",0,2,-2
"15165","4903聯光通","110/07/09","永豐金-嘉義",1,0,1
"15166","4903聯光通","110/07/09","中國信託-文心",0,1,-1
"15167","4903聯光通","110/07/09","大昌",0,0,0
"15168","4903聯光通","110/07/09","大昌",0,0,0
"15169","4903聯光通","110/07/09","中農",0,0,0
"15170","4903聯光通","110/07/09","中農",0,0,0
"15171","4903聯光通","110/07/09","",NA,NA,NA
"15172","4903聯光通","110/07/09","",NA,NA,NA
"15173","4903聯光通","110/07/09","",NA,NA,NA
"15174","4903聯光通","110/07/09","",NA,NA,NA
"15175","4903聯光通","110/07/09","",NA,NA,NA
"15176","4903聯光通","110/07/09","",NA,NA,NA
"15177","4903聯光通","110/07/09","",NA,NA,NA
"15178","4903聯光通","110/07/09","",NA,NA,NA
"15179","4903聯光通","110/07/09","",NA,NA,NA
"15180","4903聯光通","110/07/09","",NA,NA,NA
"15181","2929淘帝","110/07/09","台中銀-台北",110,0,110
"15182","2929淘帝","110/07/09","新光",2,82,-80
"15183","2929淘帝","110/07/09","華南永昌-頭份",72,0,72
"15184","2929淘帝","110/07/09","摩根大通",2,63,-61
"15185","2929淘帝","110/07/09","合庫-高雄",71,0,71
"15186","2929淘帝","110/07/09","第一金-路竹",0,50,-50
"15187","2929淘帝","110/07/09","高橋-龍潭",37,0,37
"15188","2929淘帝","110/07/09","港商麥格理",0,42,-42
"15189","2929淘帝","110/07/09","新光-台中",60,26,34
"15190","2929淘帝","110/07/09","陽信-石牌",0,40,-40
"15191","2929淘帝","110/07/09","元富-大裕",22,1,21
"15192","2929淘帝","110/07/09","台新-左楠",1,39,-38
"15193","2929淘帝","110/07/09","合庫-鳳山",20,0,20
"15194","2929淘帝","110/07/09","凱基-桃園",3,29,-26
"15195","2929淘帝","110/07/09","元大-員林",22,2,20
"15196","2929淘帝","110/07/09","兆豐-內湖",0,25,-25
"15197","2929淘帝","110/07/09","台新-建北",15,0,15
"15198","2929淘帝","110/07/09","元大-北港",0,20,-20
"15199","2929淘帝","110/07/09","兆豐-桃園",13,0,13
"15200","2929淘帝","110/07/09","富邦-北港",0,19,-19
"15201","2929淘帝","110/07/09","兆豐-忠孝",10,0,10
"15202","2929淘帝","110/07/09","富邦-花蓮",0,17,-17
"15203","2929淘帝","110/07/09","國票-敦北法人",10,0,10
"15204","2929淘帝","110/07/09","國泰-台中",2,17,-15
"15205","2929淘帝","110/07/09","永豐金-博愛",10,0,10
"15206","2929淘帝","110/07/09","群益金鼎-彰化",0,15,-15
"15207","2929淘帝","110/07/09","群益金鼎-潭子",8,0,8
"15208","2929淘帝","110/07/09","元大-博愛",0,14,-14
"15209","2929淘帝","110/07/09","富邦-南屯",8,0,8
"15210","2929淘帝","110/07/09","日盛-板橋",0,13,-13
"15211","5410國眾","110/07/09","元大-新盛",14,0,14
"15212","5410國眾","110/07/09","(牛牛牛)亞-鑫豐",1,41,-40
"15213","5410國眾","110/07/09","台灣企銀-民雄",10,0,10
"15214","5410國眾","110/07/09","元富-嘉義",0,25,-25
"15215","5410國眾","110/07/09","元富-虎尾",9,0,9
"15216","5410國眾","110/07/09","凱基-高美館",0,10,-10
"15217","5410國眾","110/07/09","摩根大通",10,1,9
"15218","5410國眾","110/07/09","凱基-城中",0,10,-10
"15219","5410國眾","110/07/09","兆豐-北高雄",7,0,7
"15220","5410國眾","110/07/09","元大-頭份",0,10,-10
"15221","5410國眾","110/07/09","凱基-台北",8,1,7
"15222","5410國眾","110/07/09","群益金鼎-丹鳳",0,7,-7
"15223","5410國眾","110/07/09","華南永昌-公誠",7,0,7
"15224","5410國眾","110/07/09","凱基-復興",0,7,-7
"15225","5410國眾","110/07/09","香港上海匯豐",6,0,6
"15226","5410國眾","110/07/09","元大-員林",0,7,-7
"15227","5410國眾","110/07/09","凱基-中壢",6,0,6
"15228","5410國眾","110/07/09","富邦-竹東",0,6,-6
"15229","5410國眾","110/07/09","華南永昌-南京",6,0,6
"15230","5410國眾","110/07/09","亞東-高雄",0,5,-5
"15231","5410國眾","110/07/09","統一-三重",5,0,5
"15232","5410國眾","110/07/09","大慶-中壢",1,6,-5
"15233","5410國眾","110/07/09","富邦-宜蘭",5,0,5
"15234","5410國眾","110/07/09","群益金鼎-中港",0,5,-5
"15235","5410國眾","110/07/09","元大-崇德",5,0,5
"15236","5410國眾","110/07/09","元大-八德",0,5,-5
"15237","5410國眾","110/07/09","元大-博愛",5,0,5
"15238","5410國眾","110/07/09","富邦-基隆",0,4,-4
"15239","5410國眾","110/07/09","元大-龍潭",5,0,5
"15240","5410國眾","110/07/09","臺銀-新竹",0,3,-3
"15241","2841台開","110/07/09","日盛-雙和",102,0,102
"15242","2841台開","110/07/09","港商野村",0,129,-129
"15243","2841台開","110/07/09","元大-館前",70,0,70
"15244","2841台開","110/07/09","兆豐-永和",0,100,-100
"15245","2841台開","110/07/09","凱基-文心",50,0,50
"15246","2841台開","110/07/09","台新證券",7,28,-21
"15247","2841台開","110/07/09","富邦-嘉義",40,0,40
"15248","2841台開","110/07/09","國票-北高雄",0,20,-20
"15249","2841台開","110/07/09","美商高盛",15,0,15
"15250","2841台開","110/07/09","永豐金-敦南",29,46,-17
"15251","2841台開","110/07/09","台中銀",15,0,15
"15252","2841台開","110/07/09","合庫-基隆",0,12,-12
"15253","2841台開","110/07/09","新光",11,0,11
"15254","2841台開","110/07/09","中國信託-松江",0,12,-12
"15255","2841台開","110/07/09","華南永昌-長虹",10,0,10
"15256","2841台開","110/07/09","兆豐-城中",0,12,-12
"15257","2841台開","110/07/09","永豐金-南投",10,0,10
"15258","2841台開","110/07/09","台中銀-豐原",0,10,-10
"15259","2841台開","110/07/09","合庫-桃園",7,0,7
"15260","2841台開","110/07/09","兆豐-景美",0,10,-10
"15261","2841台開","110/07/09","群益金鼎-古亭",7,0,7
"15262","2841台開","110/07/09","群益金鼎-基隆",0,10,-10
"15263","2841台開","110/07/09","國泰-敦南",6,0,6
"15264","2841台開","110/07/09","元大-北三重",0,10,-10
"15265","2841台開","110/07/09","凱基-桃園",8,2,6
"15266","2841台開","110/07/09","(牛牛牛)亞-網路",0,9,-9
"15267","2841台開","110/07/09","日盛證券",5,0,5
"15268","2841台開","110/07/09","台新-高雄",1,10,-9
"15269","2841台開","110/07/09","元富-文心",5,0,5
"15270","2841台開","110/07/09","凱基-台北",0,7,-7
"15271","6207雷科","110/07/09","群益金鼎-新竹",47,0,47
"15272","6207雷科","110/07/09","新光",7,24,-17
"15273","6207雷科","110/07/09","永豐金-三重",31,0,31
"15274","6207雷科","110/07/09","日盛-和美",0,15,-15
"15275","6207雷科","110/07/09","新加坡商瑞銀",33,5,28
"15276","6207雷科","110/07/09","國泰-台南",0,15,-15
"15277","6207雷科","110/07/09","元大-高雄",26,0,26
"15278","6207雷科","110/07/09","華南永昌-古亭",0,14,-14
"15279","6207雷科","110/07/09","統一-員林",22,0,22
"15280","6207雷科","110/07/09","土銀-白河",0,11,-11
"15281","6207雷科","110/07/09","台新-高雄",22,0,22
"15282","6207雷科","110/07/09","日盛-台南",0,10,-10
"15283","6207雷科","110/07/09","摩根大通",34,17,17
"15284","6207雷科","110/07/09","元富-林園",0,10,-10
"15285","6207雷科","110/07/09","元大-博愛",17,1,16
"15286","6207雷科","110/07/09","富邦-園區",0,10,-10
"15287","6207雷科","110/07/09","日茂-埔里",12,0,12
"15288","6207雷科","110/07/09","元大-上新莊",0,10,-10
"15289","6207雷科","110/07/09","國泰-台中",17,6,11
"15290","6207雷科","110/07/09","永豐金-南京",0,10,-10
"15291","6207雷科","110/07/09","富邦-三重",10,0,10
"15292","6207雷科","110/07/09","兆豐-小港",0,6,-6
"15293","6207雷科","110/07/09","元大-沙鹿",10,0,10
"15294","6207雷科","110/07/09","富邦-羅東",1,7,-6
"15295","6207雷科","110/07/09","元大-八德",10,0,10
"15296","6207雷科","110/07/09","元大-土城永寧",0,6,-6
"15297","6207雷科","110/07/09","第一金-路竹",11,2,9
"15298","6207雷科","110/07/09","永豐金-板盛",0,6,-6
"15299","6207雷科","110/07/09","統一-南京",5,0,5
"15300","6207雷科","110/07/09","日盛-板橋",0,5,-5
"15301","3679新至陞","110/07/09","元大-大天母",10,0,10
"15302","3679新至陞","110/07/09","第一金-光復",0,11,-11
"15303","3679新至陞","110/07/09","日盛-樹林",9,0,9
"15304","3679新至陞","110/07/09","瑞士信貸",0,8,-8
"15305","3679新至陞","110/07/09","凱基-台北",11,2,9
"15306","3679新至陞","110/07/09","大慶-苗栗",0,5,-5
"15307","3679新至陞","110/07/09","華南永昌-小港",8,0,8
"15308","3679新至陞","110/07/09","元大-永春",0,5,-5
"15309","3679新至陞","110/07/09","兆豐-來福",7,0,7
"15310","3679新至陞","110/07/09","日盛-和美",0,4,-4
"15311","3679新至陞","110/07/09","香港上海匯豐",5,0,5
"15312","3679新至陞","110/07/09","元大-雙和",0,3,-3
"15313","3679新至陞","110/07/09","台中銀-員林",3,0,3
"15314","3679新至陞","110/07/09","永豐金-屏東",0,3,-3
"15315","3679新至陞","110/07/09","新光",3,0,3
"15316","3679新至陞","110/07/09","彰銀",0,2,-2
"15317","3679新至陞","110/07/09","土銀-花蓮",2,0,2
"15318","3679新至陞","110/07/09","宏遠-館前",0,2,-2
"15319","3679新至陞","110/07/09","第一金-澎湖",2,0,2
"15320","3679新至陞","110/07/09","港商野村",0,2,-2
"15321","3679新至陞","110/07/09","摩根大通",2,0,2
"15322","3679新至陞","110/07/09","大昌-新店",0,2,-2
"15323","3679新至陞","110/07/09","國泰-敦南",2,0,2
"15324","3679新至陞","110/07/09","元大-新莊",0,2,-2
"15325","3679新至陞","110/07/09","元大-淡水",4,2,2
"15326","3679新至陞","110/07/09","元大-板橋",0,2,-2
"15327","3679新至陞","110/07/09","日盛-士林",1,0,1
"15328","3679新至陞","110/07/09","台灣摩根士丹利",0,1,-1
"15329","3679新至陞","110/07/09","日盛-信義",1,0,1
"15330","3679新至陞","110/07/09","第一金-高雄",0,1,-1
"15331","2727王品","110/07/09","台灣匯立證券",90,0,90
"15332","2727王品","110/07/09","台灣摩根士丹利",0,267,-267
"15333","2727王品","110/07/09","國泰-敦南",166,84,82
"15334","2727王品","110/07/09","富邦-台北",35,299,-264
"15335","2727王品","110/07/09","富邦-仁愛",56,12,44
"15336","2727王品","110/07/09","凱基-台北",174,296,-122
"15337","2727王品","110/07/09","台新證券",109,66,43
"15338","2727王品","110/07/09","第一金",2,102,-100
"15339","2727王品","110/07/09","新光",117,87,30
"15340","2727王品","110/07/09","群益金鼎-大安",0,80,-80
"15341","2727王品","110/07/09","臺銀-臺中",35,6,29
"15342","2727王品","110/07/09","兆豐-大安",7,60,-53
"15343","2727王品","110/07/09","元大-桃園",32,3,29
"15344","2727王品","110/07/09","永豐金-南投",0,50,-50
"15345","2727王品","110/07/09","元富-宜蘭",34,6,28
"15346","2727王品","110/07/09","新加坡商瑞銀",6,46,-40
"15347","2727王品","110/07/09","玉山-台中",34,8,26
"15348","2727王品","110/07/09","合庫-彰化",11,50,-39
"15349","2727王品","110/07/09","群益金鼎-宜蘭",30,4,26
"15350","2727王品","110/07/09","永豐金-萬盛",13,52,-39
"15351","2727王品","110/07/09","富邦-台中",42,16,26
"15352","2727王品","110/07/09","瑞士信貸",0,34,-34
"15353","2727王品","110/07/09","第一金-豐原",25,1,24
"15354","2727王品","110/07/09","元大-和平",4,35,-31
"15355","2727王品","110/07/09","臺銀",30,8,22
"15356","2727王品","110/07/09","美林",14,44,-30
"15357","2727王品","110/07/09","兆豐-來福",23,1,22
"15358","2727王品","110/07/09","元大-員林",9,38,-29
"15359","2727王品","110/07/09","玉山-士林",22,2,20
"15360","2727王品","110/07/09","元富-西松",4,31,-27
"15361","1570力肯","110/07/09","凱基-台北",30,1,29
"15362","1570力肯","110/07/09","群益金鼎-彰化",0,20,-20
"15363","1570力肯","110/07/09","新光-台南",20,0,20
"15364","1570力肯","110/07/09","元大-土城學府",0,20,-20
"15365","1570力肯","110/07/09","元大-高雄",20,0,20
"15366","1570力肯","110/07/09","元大-大統",0,16,-16
"15367","1570力肯","110/07/09","國票-中正",12,0,12
"15368","1570力肯","110/07/09","元大-新營",0,11,-11
"15369","1570力肯","110/07/09","日盛-高雄",6,0,6
"15370","1570力肯","110/07/09","元大-和平",0,10,-10
"15371","1570力肯","110/07/09","元富-緯城",6,0,6
"15372","1570力肯","110/07/09","元大-草屯",0,10,-10
"15373","1570力肯","110/07/09","群益金鼎-台南",6,0,6
"15374","1570力肯","110/07/09","元大-鹿港",0,9,-9
"15375","1570力肯","110/07/09","華南永昌-岡山",6,0,6
"15376","1570力肯","110/07/09","合庫-基隆",0,7,-7
"15377","1570力肯","110/07/09","統一-中壢",5,0,5
"15378","1570力肯","110/07/09","摩根大通",2,8,-6
"15379","1570力肯","110/07/09","凱基-三峽",5,0,5
"15380","1570力肯","110/07/09","台灣企銀-豐原",0,4,-4
"15381","1570力肯","110/07/09","大昌-樹林",4,0,4
"15382","1570力肯","110/07/09","日盛-桃園",0,4,-4
"15383","1570力肯","110/07/09","新光",3,0,3
"15384","1570力肯","110/07/09","國泰-高雄",0,3,-3
"15385","1570力肯","110/07/09","富邦-新竹華信",3,0,3
"15386","1570力肯","110/07/09","永豐金-敦南",0,3,-3
"15387","1570力肯","110/07/09","合庫-台中",2,0,2
"15388","1570力肯","110/07/09","土銀-彰化",0,2,-2
"15389","1570力肯","110/07/09","臺銀-臺中",2,0,2
"15390","1570力肯","110/07/09","臺銀-鳳山",0,2,-2
"15391","6180橘子","110/07/09","摩根大通",63,1,62
"15392","6180橘子","110/07/09","元大-南京",1,32,-31
"15393","6180橘子","110/07/09","富邦-陽明",73,33,40
"15394","6180橘子","110/07/09","群益金鼎-台北",0,25,-25
"15395","6180橘子","110/07/09","新加坡商瑞銀",31,0,31
"15396","6180橘子","110/07/09","兆豐-復興",0,21,-21
"15397","6180橘子","110/07/09","美商高盛",25,0,25
"15398","6180橘子","110/07/09","永豐金-嘉義",0,21,-21
"15399","6180橘子","110/07/09","凱基-台北",26,10,16
"15400","6180橘子","110/07/09","凱基-中壢",8,24,-16
"15401","6180橘子","110/07/09","華南永昌-楠梓",13,0,13
"15402","6180橘子","110/07/09","致和-崇德",0,15,-15
"15403","6180橘子","110/07/09","華南永昌-朴子",11,0,11
"15404","6180橘子","110/07/09","群益金鼎-屏東",0,15,-15
"15405","6180橘子","110/07/09","元大-北港",11,0,11
"15406","6180橘子","110/07/09","群益金鼎-中山",0,15,-15
"15407","6180橘子","110/07/09","元大-成功",10,1,9
"15408","6180橘子","110/07/09","瑞士信貸",1,15,-14
"15409","6180橘子","110/07/09","新光",26,18,8
"15410","6180橘子","110/07/09","日盛-二林",0,10,-10
"15411","6180橘子","110/07/09","統一-三重",6,0,6
"15412","6180橘子","110/07/09","凱基-東門",0,10,-10
"15413","6180橘子","110/07/09","群益金鼎-嘉義",6,0,6
"15414","6180橘子","110/07/09","華南永昌-三重",0,10,-10
"15415","6180橘子","110/07/09","元大-員林中山",6,0,6
"15416","6180橘子","110/07/09","元大-彰化民生",1,11,-10
"15417","6180橘子","110/07/09","合庫-鳳山",5,0,5
"15418","6180橘子","110/07/09","永豐金-新店",1,11,-10
"15419","6180橘子","110/07/09","富邦-建國",6,1,5
"15420","6180橘子","110/07/09","群益金鼎-丹鳳",0,8,-8
"15421","2390云辰","110/07/09","摩根大通",279,56,223
"15422","2390云辰","110/07/09","元大-天母",0,127,-127
"15423","2390云辰","110/07/09","日盛-鳳山",110,2,108
"15424","2390云辰","110/07/09","中國信託-文心",5,109,-104
"15425","2390云辰","110/07/09","宏遠證券",100,0,100
"15426","2390云辰","110/07/09","永豐金-復興",0,55,-55
"15427","2390云辰","110/07/09","元大-大里",63,6,57
"15428","2390云辰","110/07/09","凱基-台北",239,286,-47
"15429","2390云辰","110/07/09","凱基-八德",59,10,49
"15430","2390云辰","110/07/09","德信",2,32,-30
"15431","2390云辰","110/07/09","合庫-新竹",40,0,40
"15432","2390云辰","110/07/09","兆豐-桃鶯",2,32,-30
"15433","2390云辰","110/07/09","國票",40,1,39
"15434","2390云辰","110/07/09","致和-南京",0,30,-30
"15435","2390云辰","110/07/09","新加坡商瑞銀",49,13,36
"15436","2390云辰","110/07/09","富邦-虎尾",1,31,-30
"15437","2390云辰","110/07/09","統一-新台中",36,2,34
"15438","2390云辰","110/07/09","元大-善化",2,31,-29
"15439","2390云辰","110/07/09","國票-嘉義",31,0,31
"15440","2390云辰","110/07/09","富邦-板橋",0,27,-27
"15441","2390云辰","110/07/09","華南永昌",35,7,28
"15442","2390云辰","110/07/09","富邦-永和",3,28,-25
"15443","2390云辰","110/07/09","玉山-台中",49,22,27
"15444","2390云辰","110/07/09","第一金-自由",20,44,-24
"15445","2390云辰","110/07/09","華南永昌-敦南",25,0,25
"15446","2390云辰","110/07/09","凱基-內湖",0,24,-24
"15447","2390云辰","110/07/09","新光-高雄",27,4,23
"15448","2390云辰","110/07/09","元大-汐止",1,24,-23
"15449","2390云辰","110/07/09","台灣摩根士丹利",85,63,22
"15450","2390云辰","110/07/09","新光-台中",12,33,-21
"15451","4903聯光通","110/07/09","元大-敦南",10,0,10
"15452","4903聯光通","110/07/09","第一金-台中",0,12,-12
"15453","4903聯光通","110/07/09","凱基-士林",5,0,5
"15454","4903聯光通","110/07/09","日盛-忠孝",0,3,-3
"15455","4903聯光通","110/07/09","元大-苗栗",5,0,5
"15456","4903聯光通","110/07/09","群益金鼎-崇德",0,3,-3
"15457","4903聯光通","110/07/09","元大-屏南",3,0,3
"15458","4903聯光通","110/07/09","國票-內壢",0,2,-2
"15459","4903聯光通","110/07/09","中國信託-永康",1,0,1
"15460","4903聯光通","110/07/09","康和-南崁",0,2,-2
"15461","4903聯光通","110/07/09","玉山證券",1,0,1
"15462","4903聯光通","110/07/09","新光-台中",0,2,-2
"15463","4903聯光通","110/07/09","元大-太平",4,3,1
"15464","4903聯光通","110/07/09","玉山-城中",0,2,-2
"15465","4903聯光通","110/07/09","永豐金-嘉義",1,0,1
"15466","4903聯光通","110/07/09","中國信託-文心",0,1,-1
"15467","4903聯光通","110/07/09","大昌",0,0,0
"15468","4903聯光通","110/07/09","大昌",0,0,0
"15469","4903聯光通","110/07/09","中農",0,0,0
"15470","4903聯光通","110/07/09","中農",0,0,0
"15471","4903聯光通","110/07/09","",NA,NA,NA
"15472","4903聯光通","110/07/09","",NA,NA,NA
"15473","4903聯光通","110/07/09","",NA,NA,NA
"15474","4903聯光通","110/07/09","",NA,NA,NA
"15475","4903聯光通","110/07/09","",NA,NA,NA
"15476","4903聯光通","110/07/09","",NA,NA,NA
"15477","4903聯光通","110/07/09","",NA,NA,NA
"15478","4903聯光通","110/07/09","",NA,NA,NA
"15479","4903聯光通","110/07/09","",NA,NA,NA
"15480","4903聯光通","110/07/09","",NA,NA,NA
"15481","2929淘帝","110/07/09","台中銀-台北",110,0,110
"15482","2929淘帝","110/07/09","新光",2,82,-80
"15483","2929淘帝","110/07/09","華南永昌-頭份",72,0,72
"15484","2929淘帝","110/07/09","摩根大通",2,63,-61
"15485","2929淘帝","110/07/09","合庫-高雄",71,0,71
"15486","2929淘帝","110/07/09","第一金-路竹",0,50,-50
"15487","2929淘帝","110/07/09","高橋-龍潭",37,0,37
"15488","2929淘帝","110/07/09","港商麥格理",0,42,-42
"15489","2929淘帝","110/07/09","新光-台中",60,26,34
"15490","2929淘帝","110/07/09","陽信-石牌",0,40,-40
"15491","2929淘帝","110/07/09","元富-大裕",22,1,21
"15492","2929淘帝","110/07/09","台新-左楠",1,39,-38
"15493","2929淘帝","110/07/09","合庫-鳳山",20,0,20
"15494","2929淘帝","110/07/09","凱基-桃園",3,29,-26
"15495","2929淘帝","110/07/09","元大-員林",22,2,20
"15496","2929淘帝","110/07/09","兆豐-內湖",0,25,-25
"15497","2929淘帝","110/07/09","台新-建北",15,0,15
"15498","2929淘帝","110/07/09","元大-北港",0,20,-20
"15499","2929淘帝","110/07/09","兆豐-桃園",13,0,13
"15500","2929淘帝","110/07/09","富邦-北港",0,19,-19
"15501","2929淘帝","110/07/09","兆豐-忠孝",10,0,10
"15502","2929淘帝","110/07/09","富邦-花蓮",0,17,-17
"15503","2929淘帝","110/07/09","國票-敦北法人",10,0,10
"15504","2929淘帝","110/07/09","國泰-台中",2,17,-15
"15505","2929淘帝","110/07/09","永豐金-博愛",10,0,10
"15506","2929淘帝","110/07/09","群益金鼎-彰化",0,15,-15
"15507","2929淘帝","110/07/09","群益金鼎-潭子",8,0,8
"15508","2929淘帝","110/07/09","元大-博愛",0,14,-14
"15509","2929淘帝","110/07/09","富邦-南屯",8,0,8
"15510","2929淘帝","110/07/09","日盛-板橋",0,13,-13
"15511","5410國眾","110/07/09","元大-新盛",14,0,14
"15512","5410國眾","110/07/09","(牛牛牛)亞-鑫豐",1,41,-40
"15513","5410國眾","110/07/09","台灣企銀-民雄",10,0,10
"15514","5410國眾","110/07/09","元富-嘉義",0,25,-25
"15515","5410國眾","110/07/09","元富-虎尾",9,0,9
"15516","5410國眾","110/07/09","凱基-高美館",0,10,-10
"15517","5410國眾","110/07/09","摩根大通",10,1,9
"15518","5410國眾","110/07/09","凱基-城中",0,10,-10
"15519","5410國眾","110/07/09","兆豐-北高雄",7,0,7
"15520","5410國眾","110/07/09","元大-頭份",0,10,-10
"15521","5410國眾","110/07/09","凱基-台北",8,1,7
"15522","5410國眾","110/07/09","群益金鼎-丹鳳",0,7,-7
"15523","5410國眾","110/07/09","華南永昌-公誠",7,0,7
"15524","5410國眾","110/07/09","凱基-復興",0,7,-7
"15525","5410國眾","110/07/09","香港上海匯豐",6,0,6
"15526","5410國眾","110/07/09","元大-員林",0,7,-7
"15527","5410國眾","110/07/09","凱基-中壢",6,0,6
"15528","5410國眾","110/07/09","富邦-竹東",0,6,-6
"15529","5410國眾","110/07/09","華南永昌-南京",6,0,6
"15530","5410國眾","110/07/09","亞東-高雄",0,5,-5
"15531","5410國眾","110/07/09","統一-三重",5,0,5
"15532","5410國眾","110/07/09","大慶-中壢",1,6,-5
"15533","5410國眾","110/07/09","富邦-宜蘭",5,0,5
"15534","5410國眾","110/07/09","群益金鼎-中港",0,5,-5
"15535","5410國眾","110/07/09","元大-崇德",5,0,5
"15536","5410國眾","110/07/09","元大-八德",0,5,-5
"15537","5410國眾","110/07/09","元大-博愛",5,0,5
"15538","5410國眾","110/07/09","富邦-基隆",0,4,-4
"15539","5410國眾","110/07/09","元大-龍潭",5,0,5
"15540","5410國眾","110/07/09","臺銀-新竹",0,3,-3
"15541","2841台開","110/07/09","日盛-雙和",102,0,102
"15542","2841台開","110/07/09","港商野村",0,129,-129
"15543","2841台開","110/07/09","元大-館前",70,0,70
"15544","2841台開","110/07/09","兆豐-永和",0,100,-100
"15545","2841台開","110/07/09","凱基-文心",50,0,50
"15546","2841台開","110/07/09","台新證券",7,28,-21
"15547","2841台開","110/07/09","富邦-嘉義",40,0,40
"15548","2841台開","110/07/09","國票-北高雄",0,20,-20
"15549","2841台開","110/07/09","美商高盛",15,0,15
"15550","2841台開","110/07/09","永豐金-敦南",29,46,-17
"15551","2841台開","110/07/09","台中銀",15,0,15
"15552","2841台開","110/07/09","合庫-基隆",0,12,-12
"15553","2841台開","110/07/09","新光",11,0,11
"15554","2841台開","110/07/09","中國信託-松江",0,12,-12
"15555","2841台開","110/07/09","華南永昌-長虹",10,0,10
"15556","2841台開","110/07/09","兆豐-城中",0,12,-12
"15557","2841台開","110/07/09","永豐金-南投",10,0,10
"15558","2841台開","110/07/09","台中銀-豐原",0,10,-10
"15559","2841台開","110/07/09","合庫-桃園",7,0,7
"15560","2841台開","110/07/09","兆豐-景美",0,10,-10
"15561","2841台開","110/07/09","群益金鼎-古亭",7,0,7
"15562","2841台開","110/07/09","群益金鼎-基隆",0,10,-10
"15563","2841台開","110/07/09","國泰-敦南",6,0,6
"15564","2841台開","110/07/09","元大-北三重",0,10,-10
"15565","2841台開","110/07/09","凱基-桃園",8,2,6
"15566","2841台開","110/07/09","(牛牛牛)亞-網路",0,9,-9
"15567","2841台開","110/07/09","日盛證券",5,0,5
"15568","2841台開","110/07/09","台新-高雄",1,10,-9
"15569","2841台開","110/07/09","元富-文心",5,0,5
"15570","2841台開","110/07/09","凱基-台北",0,7,-7
"15571","6207雷科","110/07/09","群益金鼎-新竹",47,0,47
"15572","6207雷科","110/07/09","新光",7,24,-17
"15573","6207雷科","110/07/09","永豐金-三重",31,0,31
"15574","6207雷科","110/07/09","日盛-和美",0,15,-15
"15575","6207雷科","110/07/09","新加坡商瑞銀",33,5,28
"15576","6207雷科","110/07/09","國泰-台南",0,15,-15
"15577","6207雷科","110/07/09","元大-高雄",26,0,26
"15578","6207雷科","110/07/09","華南永昌-古亭",0,14,-14
"15579","6207雷科","110/07/09","統一-員林",22,0,22
"15580","6207雷科","110/07/09","土銀-白河",0,11,-11
"15581","6207雷科","110/07/09","台新-高雄",22,0,22
"15582","6207雷科","110/07/09","日盛-台南",0,10,-10
"15583","6207雷科","110/07/09","摩根大通",34,17,17
"15584","6207雷科","110/07/09","元富-林園",0,10,-10
"15585","6207雷科","110/07/09","元大-博愛",17,1,16
"15586","6207雷科","110/07/09","富邦-園區",0,10,-10
"15587","6207雷科","110/07/09","日茂-埔里",12,0,12
"15588","6207雷科","110/07/09","元大-上新莊",0,10,-10
"15589","6207雷科","110/07/09","國泰-台中",17,6,11
"15590","6207雷科","110/07/09","永豐金-南京",0,10,-10
"15591","6207雷科","110/07/09","富邦-三重",10,0,10
"15592","6207雷科","110/07/09","兆豐-小港",0,6,-6
"15593","6207雷科","110/07/09","元大-沙鹿",10,0,10
"15594","6207雷科","110/07/09","富邦-羅東",1,7,-6
"15595","6207雷科","110/07/09","元大-八德",10,0,10
"15596","6207雷科","110/07/09","元大-土城永寧",0,6,-6
"15597","6207雷科","110/07/09","第一金-路竹",11,2,9
"15598","6207雷科","110/07/09","永豐金-板盛",0,6,-6
"15599","6207雷科","110/07/09","統一-南京",5,0,5
"15600","6207雷科","110/07/09","日盛-板橋",0,5,-5
"15601","3679新至陞","110/07/09","元大-大天母",10,0,10
"15602","3679新至陞","110/07/09","第一金-光復",0,11,-11
"15603","3679新至陞","110/07/09","日盛-樹林",9,0,9
"15604","3679新至陞","110/07/09","瑞士信貸",0,8,-8
"15605","3679新至陞","110/07/09","凱基-台北",11,2,9
"15606","3679新至陞","110/07/09","大慶-苗栗",0,5,-5
"15607","3679新至陞","110/07/09","華南永昌-小港",8,0,8
"15608","3679新至陞","110/07/09","元大-永春",0,5,-5
"15609","3679新至陞","110/07/09","兆豐-來福",7,0,7
"15610","3679新至陞","110/07/09","日盛-和美",0,4,-4
"15611","3679新至陞","110/07/09","香港上海匯豐",5,0,5
"15612","3679新至陞","110/07/09","元大-雙和",0,3,-3
"15613","3679新至陞","110/07/09","台中銀-員林",3,0,3
"15614","3679新至陞","110/07/09","永豐金-屏東",0,3,-3
"15615","3679新至陞","110/07/09","新光",3,0,3
"15616","3679新至陞","110/07/09","彰銀",0,2,-2
"15617","3679新至陞","110/07/09","土銀-花蓮",2,0,2
"15618","3679新至陞","110/07/09","宏遠-館前",0,2,-2
"15619","3679新至陞","110/07/09","第一金-澎湖",2,0,2
"15620","3679新至陞","110/07/09","港商野村",0,2,-2
"15621","3679新至陞","110/07/09","摩根大通",2,0,2
"15622","3679新至陞","110/07/09","大昌-新店",0,2,-2
"15623","3679新至陞","110/07/09","國泰-敦南",2,0,2
"15624","3679新至陞","110/07/09","元大-新莊",0,2,-2
"15625","3679新至陞","110/07/09","元大-淡水",4,2,2
"15626","3679新至陞","110/07/09","元大-板橋",0,2,-2
"15627","3679新至陞","110/07/09","日盛-士林",1,0,1
"15628","3679新至陞","110/07/09","台灣摩根士丹利",0,1,-1
"15629","3679新至陞","110/07/09","日盛-信義",1,0,1
"15630","3679新至陞","110/07/09","第一金-高雄",0,1,-1
"15631","2727王品","110/07/09","台灣匯立證券",90,0,90
"15632","2727王品","110/07/09","台灣摩根士丹利",0,267,-267
"15633","2727王品","110/07/09","國泰-敦南",166,84,82
"15634","2727王品","110/07/09","富邦-台北",35,299,-264
"15635","2727王品","110/07/09","富邦-仁愛",56,12,44
"15636","2727王品","110/07/09","凱基-台北",174,296,-122
"15637","2727王品","110/07/09","台新證券",109,66,43
"15638","2727王品","110/07/09","第一金",2,102,-100
"15639","2727王品","110/07/09","新光",117,87,30
"15640","2727王品","110/07/09","群益金鼎-大安",0,80,-80
"15641","2727王品","110/07/09","臺銀-臺中",35,6,29
"15642","2727王品","110/07/09","兆豐-大安",7,60,-53
"15643","2727王品","110/07/09","元大-桃園",32,3,29
"15644","2727王品","110/07/09","永豐金-南投",0,50,-50
"15645","2727王品","110/07/09","元富-宜蘭",34,6,28
"15646","2727王品","110/07/09","新加坡商瑞銀",6,46,-40
"15647","2727王品","110/07/09","玉山-台中",34,8,26
"15648","2727王品","110/07/09","合庫-彰化",11,50,-39
"15649","2727王品","110/07/09","群益金鼎-宜蘭",30,4,26
"15650","2727王品","110/07/09","永豐金-萬盛",13,52,-39
"15651","2727王品","110/07/09","富邦-台中",42,16,26
"15652","2727王品","110/07/09","瑞士信貸",0,34,-34
"15653","2727王品","110/07/09","第一金-豐原",25,1,24
"15654","2727王品","110/07/09","元大-和平",4,35,-31
"15655","2727王品","110/07/09","臺銀",30,8,22
"15656","2727王品","110/07/09","美林",14,44,-30
"15657","2727王品","110/07/09","兆豐-來福",23,1,22
"15658","2727王品","110/07/09","元大-員林",9,38,-29
"15659","2727王品","110/07/09","玉山-士林",22,2,20
"15660","2727王品","110/07/09","元富-西松",4,31,-27
"15661","1570力肯","110/07/09","凱基-台北",30,1,29
"15662","1570力肯","110/07/09","群益金鼎-彰化",0,20,-20
"15663","1570力肯","110/07/09","新光-台南",20,0,20
"15664","1570力肯","110/07/09","元大-土城學府",0,20,-20
"15665","1570力肯","110/07/09","元大-高雄",20,0,20
"15666","1570力肯","110/07/09","元大-大統",0,16,-16
"15667","1570力肯","110/07/09","國票-中正",12,0,12
"15668","1570力肯","110/07/09","元大-新營",0,11,-11
"15669","1570力肯","110/07/09","日盛-高雄",6,0,6
"15670","1570力肯","110/07/09","元大-和平",0,10,-10
"15671","1570力肯","110/07/09","元富-緯城",6,0,6
"15672","1570力肯","110/07/09","元大-草屯",0,10,-10
"15673","1570力肯","110/07/09","群益金鼎-台南",6,0,6
"15674","1570力肯","110/07/09","元大-鹿港",0,9,-9
"15675","1570力肯","110/07/09","華南永昌-岡山",6,0,6
"15676","1570力肯","110/07/09","合庫-基隆",0,7,-7
"15677","1570力肯","110/07/09","統一-中壢",5,0,5
"15678","1570力肯","110/07/09","摩根大通",2,8,-6
"15679","1570力肯","110/07/09","凱基-三峽",5,0,5
"15680","1570力肯","110/07/09","台灣企銀-豐原",0,4,-4
"15681","1570力肯","110/07/09","大昌-樹林",4,0,4
"15682","1570力肯","110/07/09","日盛-桃園",0,4,-4
"15683","1570力肯","110/07/09","新光",3,0,3
"15684","1570力肯","110/07/09","國泰-高雄",0,3,-3
"15685","1570力肯","110/07/09","富邦-新竹華信",3,0,3
"15686","1570力肯","110/07/09","永豐金-敦南",0,3,-3
"15687","1570力肯","110/07/09","合庫-台中",2,0,2
"15688","1570力肯","110/07/09","土銀-彰化",0,2,-2
"15689","1570力肯","110/07/09","臺銀-臺中",2,0,2
"15690","1570力肯","110/07/09","臺銀-鳳山",0,2,-2
"15691","6180橘子","110/07/09","摩根大通",63,1,62
"15692","6180橘子","110/07/09","元大-南京",1,32,-31
"15693","6180橘子","110/07/09","富邦-陽明",73,33,40
"15694","6180橘子","110/07/09","群益金鼎-台北",0,25,-25
"15695","6180橘子","110/07/09","新加坡商瑞銀",31,0,31
"15696","6180橘子","110/07/09","兆豐-復興",0,21,-21
"15697","6180橘子","110/07/09","美商高盛",25,0,25
"15698","6180橘子","110/07/09","永豐金-嘉義",0,21,-21
"15699","6180橘子","110/07/09","凱基-台北",26,10,16
"15700","6180橘子","110/07/09","凱基-中壢",8,24,-16
"15701","6180橘子","110/07/09","華南永昌-楠梓",13,0,13
"15702","6180橘子","110/07/09","致和-崇德",0,15,-15
"15703","6180橘子","110/07/09","華南永昌-朴子",11,0,11
"15704","6180橘子","110/07/09","群益金鼎-屏東",0,15,-15
"15705","6180橘子","110/07/09","元大-北港",11,0,11
"15706","6180橘子","110/07/09","群益金鼎-中山",0,15,-15
"15707","6180橘子","110/07/09","元大-成功",10,1,9
"15708","6180橘子","110/07/09","瑞士信貸",1,15,-14
"15709","6180橘子","110/07/09","新光",26,18,8
"15710","6180橘子","110/07/09","日盛-二林",0,10,-10
"15711","6180橘子","110/07/09","統一-三重",6,0,6
"15712","6180橘子","110/07/09","凱基-東門",0,10,-10
"15713","6180橘子","110/07/09","群益金鼎-嘉義",6,0,6
"15714","6180橘子","110/07/09","華南永昌-三重",0,10,-10
"15715","6180橘子","110/07/09","元大-員林中山",6,0,6
"15716","6180橘子","110/07/09","元大-彰化民生",1,11,-10
"15717","6180橘子","110/07/09","合庫-鳳山",5,0,5
"15718","6180橘子","110/07/09","永豐金-新店",1,11,-10
"15719","6180橘子","110/07/09","富邦-建國",6,1,5
"15720","6180橘子","110/07/09","群益金鼎-丹鳳",0,8,-8
"15721","2390云辰","110/07/09","摩根大通",279,56,223
"15722","2390云辰","110/07/09","元大-天母",0,127,-127
"15723","2390云辰","110/07/09","日盛-鳳山",110,2,108
"15724","2390云辰","110/07/09","中國信託-文心",5,109,-104
"15725","2390云辰","110/07/09","宏遠證券",100,0,100
"15726","2390云辰","110/07/09","永豐金-復興",0,55,-55
"15727","2390云辰","110/07/09","元大-大里",63,6,57
"15728","2390云辰","110/07/09","凱基-台北",239,286,-47
"15729","2390云辰","110/07/09","凱基-八德",59,10,49
"15730","2390云辰","110/07/09","德信",2,32,-30
"15731","2390云辰","110/07/09","合庫-新竹",40,0,40
"15732","2390云辰","110/07/09","兆豐-桃鶯",2,32,-30
"15733","2390云辰","110/07/09","國票",40,1,39
"15734","2390云辰","110/07/09","致和-南京",0,30,-30
"15735","2390云辰","110/07/09","新加坡商瑞銀",49,13,36
"15736","2390云辰","110/07/09","富邦-虎尾",1,31,-30
"15737","2390云辰","110/07/09","統一-新台中",36,2,34
"15738","2390云辰","110/07/09","元大-善化",2,31,-29
"15739","2390云辰","110/07/09","國票-嘉義",31,0,31
"15740","2390云辰","110/07/09","富邦-板橋",0,27,-27
"15741","2390云辰","110/07/09","華南永昌",35,7,28
"15742","2390云辰","110/07/09","富邦-永和",3,28,-25
"15743","2390云辰","110/07/09","玉山-台中",49,22,27
"15744","2390云辰","110/07/09","第一金-自由",20,44,-24
"15745","2390云辰","110/07/09","華南永昌-敦南",25,0,25
"15746","2390云辰","110/07/09","凱基-內湖",0,24,-24
"15747","2390云辰","110/07/09","新光-高雄",27,4,23
"15748","2390云辰","110/07/09","元大-汐止",1,24,-23
"15749","2390云辰","110/07/09","台灣摩根士丹利",85,63,22
"15750","2390云辰","110/07/09","新光-台中",12,33,-21
"15751","4903聯光通","110/07/09","元大-敦南",10,0,10
"15752","4903聯光通","110/07/09","第一金-台中",0,12,-12
"15753","4903聯光通","110/07/09","凱基-士林",5,0,5
"15754","4903聯光通","110/07/09","日盛-忠孝",0,3,-3
"15755","4903聯光通","110/07/09","元大-苗栗",5,0,5
"15756","4903聯光通","110/07/09","群益金鼎-崇德",0,3,-3
"15757","4903聯光通","110/07/09","元大-屏南",3,0,3
"15758","4903聯光通","110/07/09","國票-內壢",0,2,-2
"15759","4903聯光通","110/07/09","中國信託-永康",1,0,1
"15760","4903聯光通","110/07/09","康和-南崁",0,2,-2
"15761","4903聯光通","110/07/09","玉山證券",1,0,1
"15762","4903聯光通","110/07/09","新光-台中",0,2,-2
"15763","4903聯光通","110/07/09","元大-太平",4,3,1
"15764","4903聯光通","110/07/09","玉山-城中",0,2,-2
"15765","4903聯光通","110/07/09","永豐金-嘉義",1,0,1
"15766","4903聯光通","110/07/09","中國信託-文心",0,1,-1
"15767","4903聯光通","110/07/09","大昌",0,0,0
"15768","4903聯光通","110/07/09","大昌",0,0,0
"15769","4903聯光通","110/07/09","中農",0,0,0
"15770","4903聯光通","110/07/09","中農",0,0,0
"15771","2929淘帝","110/07/09","台中銀-台北",110,0,110
"15772","2929淘帝","110/07/09","新光",2,82,-80
"15773","2929淘帝","110/07/09","華南永昌-頭份",72,0,72
"15774","2929淘帝","110/07/09","摩根大通",2,63,-61
"15775","2929淘帝","110/07/09","合庫-高雄",71,0,71
"15776","2929淘帝","110/07/09","第一金-路竹",0,50,-50
"15777","2929淘帝","110/07/09","高橋-龍潭",37,0,37
"15778","2929淘帝","110/07/09","港商麥格理",0,42,-42
"15779","2929淘帝","110/07/09","新光-台中",60,26,34
"15780","2929淘帝","110/07/09","陽信-石牌",0,40,-40
"15781","2929淘帝","110/07/09","元富-大裕",22,1,21
"15782","2929淘帝","110/07/09","台新-左楠",1,39,-38
"15783","2929淘帝","110/07/09","合庫-鳳山",20,0,20
"15784","2929淘帝","110/07/09","凱基-桃園",3,29,-26
"15785","2929淘帝","110/07/09","元大-員林",22,2,20
"15786","2929淘帝","110/07/09","兆豐-內湖",0,25,-25
"15787","2929淘帝","110/07/09","台新-建北",15,0,15
"15788","2929淘帝","110/07/09","元大-北港",0,20,-20
"15789","2929淘帝","110/07/09","兆豐-桃園",13,0,13
"15790","2929淘帝","110/07/09","富邦-北港",0,19,-19
"15791","2929淘帝","110/07/09","兆豐-忠孝",10,0,10
"15792","2929淘帝","110/07/09","富邦-花蓮",0,17,-17
"15793","2929淘帝","110/07/09","國票-敦北法人",10,0,10
"15794","2929淘帝","110/07/09","國泰-台中",2,17,-15
"15795","2929淘帝","110/07/09","永豐金-博愛",10,0,10
"15796","2929淘帝","110/07/09","群益金鼎-彰化",0,15,-15
"15797","2929淘帝","110/07/09","群益金鼎-潭子",8,0,8
"15798","2929淘帝","110/07/09","元大-博愛",0,14,-14
"15799","2929淘帝","110/07/09","富邦-南屯",8,0,8
"15800","2929淘帝","110/07/09","日盛-板橋",0,13,-13
"15801","5410國眾","110/07/09","元大-新盛",14,0,14
"15802","5410國眾","110/07/09","(牛牛牛)亞-鑫豐",1,41,-40
"15803","5410國眾","110/07/09","台灣企銀-民雄",10,0,10
"15804","5410國眾","110/07/09","元富-嘉義",0,25,-25
"15805","5410國眾","110/07/09","元富-虎尾",9,0,9
"15806","5410國眾","110/07/09","凱基-高美館",0,10,-10
"15807","5410國眾","110/07/09","摩根大通",10,1,9
"15808","5410國眾","110/07/09","凱基-城中",0,10,-10
"15809","5410國眾","110/07/09","兆豐-北高雄",7,0,7
"15810","5410國眾","110/07/09","元大-頭份",0,10,-10
"15811","5410國眾","110/07/09","凱基-台北",8,1,7
"15812","5410國眾","110/07/09","群益金鼎-丹鳳",0,7,-7
"15813","5410國眾","110/07/09","華南永昌-公誠",7,0,7
"15814","5410國眾","110/07/09","凱基-復興",0,7,-7
"15815","5410國眾","110/07/09","香港上海匯豐",6,0,6
"15816","5410國眾","110/07/09","元大-員林",0,7,-7
"15817","5410國眾","110/07/09","凱基-中壢",6,0,6
"15818","5410國眾","110/07/09","富邦-竹東",0,6,-6
"15819","5410國眾","110/07/09","華南永昌-南京",6,0,6
"15820","5410國眾","110/07/09","亞東-高雄",0,5,-5
"15821","5410國眾","110/07/09","統一-三重",5,0,5
"15822","5410國眾","110/07/09","大慶-中壢",1,6,-5
"15823","5410國眾","110/07/09","富邦-宜蘭",5,0,5
"15824","5410國眾","110/07/09","群益金鼎-中港",0,5,-5
"15825","5410國眾","110/07/09","元大-崇德",5,0,5
"15826","5410國眾","110/07/09","元大-八德",0,5,-5
"15827","5410國眾","110/07/09","元大-博愛",5,0,5
"15828","5410國眾","110/07/09","富邦-基隆",0,4,-4
"15829","5410國眾","110/07/09","元大-龍潭",5,0,5
"15830","5410國眾","110/07/09","臺銀-新竹",0,3,-3
"15831","2841台開","110/07/09","日盛-雙和",102,0,102
"15832","2841台開","110/07/09","港商野村",0,129,-129
"15833","2841台開","110/07/09","元大-館前",70,0,70
"15834","2841台開","110/07/09","兆豐-永和",0,100,-100
"15835","2841台開","110/07/09","凱基-文心",50,0,50
"15836","2841台開","110/07/09","台新證券",7,28,-21
"15837","2841台開","110/07/09","富邦-嘉義",40,0,40
"15838","2841台開","110/07/09","國票-北高雄",0,20,-20
"15839","2841台開","110/07/09","美商高盛",15,0,15
"15840","2841台開","110/07/09","永豐金-敦南",29,46,-17
"15841","2841台開","110/07/09","台中銀",15,0,15
"15842","2841台開","110/07/09","合庫-基隆",0,12,-12
"15843","2841台開","110/07/09","新光",11,0,11
"15844","2841台開","110/07/09","中國信託-松江",0,12,-12
"15845","2841台開","110/07/09","華南永昌-長虹",10,0,10
"15846","2841台開","110/07/09","兆豐-城中",0,12,-12
"15847","2841台開","110/07/09","永豐金-南投",10,0,10
"15848","2841台開","110/07/09","台中銀-豐原",0,10,-10
"15849","2841台開","110/07/09","合庫-桃園",7,0,7
"15850","2841台開","110/07/09","兆豐-景美",0,10,-10
"15851","2841台開","110/07/09","群益金鼎-古亭",7,0,7
"15852","2841台開","110/07/09","群益金鼎-基隆",0,10,-10
"15853","2841台開","110/07/09","國泰-敦南",6,0,6
"15854","2841台開","110/07/09","元大-北三重",0,10,-10
"15855","2841台開","110/07/09","凱基-桃園",8,2,6
"15856","2841台開","110/07/09","(牛牛牛)亞-網路",0,9,-9
"15857","2841台開","110/07/09","日盛證券",5,0,5
"15858","2841台開","110/07/09","台新-高雄",1,10,-9
"15859","2841台開","110/07/09","元富-文心",5,0,5
"15860","2841台開","110/07/09","凱基-台北",0,7,-7
"15861","6207雷科","110/07/09","群益金鼎-新竹",47,0,47
"15862","6207雷科","110/07/09","新光",7,24,-17
"15863","6207雷科","110/07/09","永豐金-三重",31,0,31
"15864","6207雷科","110/07/09","日盛-和美",0,15,-15
"15865","6207雷科","110/07/09","新加坡商瑞銀",33,5,28
"15866","6207雷科","110/07/09","國泰-台南",0,15,-15
"15867","6207雷科","110/07/09","元大-高雄",26,0,26
"15868","6207雷科","110/07/09","華南永昌-古亭",0,14,-14
"15869","6207雷科","110/07/09","統一-員林",22,0,22
"15870","6207雷科","110/07/09","土銀-白河",0,11,-11
"15871","6207雷科","110/07/09","台新-高雄",22,0,22
"15872","6207雷科","110/07/09","日盛-台南",0,10,-10
"15873","6207雷科","110/07/09","摩根大通",34,17,17
"15874","6207雷科","110/07/09","元富-林園",0,10,-10
"15875","6207雷科","110/07/09","元大-博愛",17,1,16
"15876","6207雷科","110/07/09","富邦-園區",0,10,-10
"15877","6207雷科","110/07/09","日茂-埔里",12,0,12
"15878","6207雷科","110/07/09","元大-上新莊",0,10,-10
"15879","6207雷科","110/07/09","國泰-台中",17,6,11
"15880","6207雷科","110/07/09","永豐金-南京",0,10,-10
"15881","6207雷科","110/07/09","富邦-三重",10,0,10
"15882","6207雷科","110/07/09","兆豐-小港",0,6,-6
"15883","6207雷科","110/07/09","元大-沙鹿",10,0,10
"15884","6207雷科","110/07/09","富邦-羅東",1,7,-6
"15885","6207雷科","110/07/09","元大-八德",10,0,10
"15886","6207雷科","110/07/09","元大-土城永寧",0,6,-6
"15887","6207雷科","110/07/09","第一金-路竹",11,2,9
"15888","6207雷科","110/07/09","永豐金-板盛",0,6,-6
"15889","6207雷科","110/07/09","統一-南京",5,0,5
"15890","6207雷科","110/07/09","日盛-板橋",0,5,-5
"15891","3679新至陞","110/07/09","元大-大天母",10,0,10
"15892","3679新至陞","110/07/09","第一金-光復",0,11,-11
"15893","3679新至陞","110/07/09","日盛-樹林",9,0,9
"15894","3679新至陞","110/07/09","瑞士信貸",0,8,-8
"15895","3679新至陞","110/07/09","凱基-台北",11,2,9
"15896","3679新至陞","110/07/09","大慶-苗栗",0,5,-5
"15897","3679新至陞","110/07/09","華南永昌-小港",8,0,8
"15898","3679新至陞","110/07/09","元大-永春",0,5,-5
"15899","3679新至陞","110/07/09","兆豐-來福",7,0,7
"15900","3679新至陞","110/07/09","日盛-和美",0,4,-4
"15901","3679新至陞","110/07/09","香港上海匯豐",5,0,5
"15902","3679新至陞","110/07/09","元大-雙和",0,3,-3
"15903","3679新至陞","110/07/09","台中銀-員林",3,0,3
"15904","3679新至陞","110/07/09","永豐金-屏東",0,3,-3
"15905","3679新至陞","110/07/09","新光",3,0,3
"15906","3679新至陞","110/07/09","彰銀",0,2,-2
"15907","3679新至陞","110/07/09","土銀-花蓮",2,0,2
"15908","3679新至陞","110/07/09","宏遠-館前",0,2,-2
"15909","3679新至陞","110/07/09","第一金-澎湖",2,0,2
"15910","3679新至陞","110/07/09","港商野村",0,2,-2
"15911","3679新至陞","110/07/09","摩根大通",2,0,2
"15912","3679新至陞","110/07/09","大昌-新店",0,2,-2
"15913","3679新至陞","110/07/09","國泰-敦南",2,0,2
"15914","3679新至陞","110/07/09","元大-新莊",0,2,-2
"15915","3679新至陞","110/07/09","元大-淡水",4,2,2
"15916","3679新至陞","110/07/09","元大-板橋",0,2,-2
"15917","3679新至陞","110/07/09","日盛-士林",1,0,1
"15918","3679新至陞","110/07/09","台灣摩根士丹利",0,1,-1
"15919","3679新至陞","110/07/09","日盛-信義",1,0,1
"15920","3679新至陞","110/07/09","第一金-高雄",0,1,-1
"15921","2727王品","110/07/09","台灣匯立證券",90,0,90
"15922","2727王品","110/07/09","台灣摩根士丹利",0,267,-267
"15923","2727王品","110/07/09","國泰-敦南",166,84,82
"15924","2727王品","110/07/09","富邦-台北",35,299,-264
"15925","2727王品","110/07/09","富邦-仁愛",56,12,44
"15926","2727王品","110/07/09","凱基-台北",174,296,-122
"15927","2727王品","110/07/09","台新證券",109,66,43
"15928","2727王品","110/07/09","第一金",2,102,-100
"15929","2727王品","110/07/09","新光",117,87,30
"15930","2727王品","110/07/09","群益金鼎-大安",0,80,-80
"15931","2727王品","110/07/09","臺銀-臺中",35,6,29
"15932","2727王品","110/07/09","兆豐-大安",7,60,-53
"15933","2727王品","110/07/09","元大-桃園",32,3,29
"15934","2727王品","110/07/09","永豐金-南投",0,50,-50
"15935","2727王品","110/07/09","元富-宜蘭",34,6,28
"15936","2727王品","110/07/09","新加坡商瑞銀",6,46,-40
"15937","2727王品","110/07/09","玉山-台中",34,8,26
"15938","2727王品","110/07/09","合庫-彰化",11,50,-39
"15939","2727王品","110/07/09","群益金鼎-宜蘭",30,4,26
"15940","2727王品","110/07/09","永豐金-萬盛",13,52,-39
"15941","2727王品","110/07/09","富邦-台中",42,16,26
"15942","2727王品","110/07/09","瑞士信貸",0,34,-34
"15943","2727王品","110/07/09","第一金-豐原",25,1,24
"15944","2727王品","110/07/09","元大-和平",4,35,-31
"15945","2727王品","110/07/09","臺銀",30,8,22
"15946","2727王品","110/07/09","美林",14,44,-30
"15947","2727王品","110/07/09","兆豐-來福",23,1,22
"15948","2727王品","110/07/09","元大-員林",9,38,-29
"15949","2727王品","110/07/09","玉山-士林",22,2,20
"15950","2727王品","110/07/09","元富-西松",4,31,-27
"15951","1570力肯","110/07/09","凱基-台北",30,1,29
"15952","1570力肯","110/07/09","群益金鼎-彰化",0,20,-20
"15953","1570力肯","110/07/09","新光-台南",20,0,20
"15954","1570力肯","110/07/09","元大-土城學府",0,20,-20
"15955","1570力肯","110/07/09","元大-高雄",20,0,20
"15956","1570力肯","110/07/09","元大-大統",0,16,-16
"15957","1570力肯","110/07/09","國票-中正",12,0,12
"15958","1570力肯","110/07/09","元大-新營",0,11,-11
"15959","1570力肯","110/07/09","日盛-高雄",6,0,6
"15960","1570力肯","110/07/09","元大-和平",0,10,-10
"15961","1570力肯","110/07/09","元富-緯城",6,0,6
"15962","1570力肯","110/07/09","元大-草屯",0,10,-10
"15963","1570力肯","110/07/09","群益金鼎-台南",6,0,6
"15964","1570力肯","110/07/09","元大-鹿港",0,9,-9
"15965","1570力肯","110/07/09","華南永昌-岡山",6,0,6
"15966","1570力肯","110/07/09","合庫-基隆",0,7,-7
"15967","1570力肯","110/07/09","統一-中壢",5,0,5
"15968","1570力肯","110/07/09","摩根大通",2,8,-6
"15969","1570力肯","110/07/09","凱基-三峽",5,0,5
"15970","1570力肯","110/07/09","台灣企銀-豐原",0,4,-4
"15971","1570力肯","110/07/09","大昌-樹林",4,0,4
"15972","1570力肯","110/07/09","日盛-桃園",0,4,-4
"15973","1570力肯","110/07/09","新光",3,0,3
"15974","1570力肯","110/07/09","國泰-高雄",0,3,-3
"15975","1570力肯","110/07/09","富邦-新竹華信",3,0,3
"15976","1570力肯","110/07/09","永豐金-敦南",0,3,-3
"15977","1570力肯","110/07/09","合庫-台中",2,0,2
"15978","1570力肯","110/07/09","土銀-彰化",0,2,-2
"15979","1570力肯","110/07/09","臺銀-臺中",2,0,2
"15980","1570力肯","110/07/09","臺銀-鳳山",0,2,-2
"15981","6180橘子","110/07/09","摩根大通",63,1,62
"15982","6180橘子","110/07/09","元大-南京",1,32,-31
"15983","6180橘子","110/07/09","富邦-陽明",73,33,40
"15984","6180橘子","110/07/09","群益金鼎-台北",0,25,-25
"15985","6180橘子","110/07/09","新加坡商瑞銀",31,0,31
"15986","6180橘子","110/07/09","兆豐-復興",0,21,-21
"15987","6180橘子","110/07/09","美商高盛",25,0,25
"15988","6180橘子","110/07/09","永豐金-嘉義",0,21,-21
"15989","6180橘子","110/07/09","凱基-台北",26,10,16
"15990","6180橘子","110/07/09","凱基-中壢",8,24,-16
"15991","6180橘子","110/07/09","華南永昌-楠梓",13,0,13
"15992","6180橘子","110/07/09","致和-崇德",0,15,-15
"15993","6180橘子","110/07/09","華南永昌-朴子",11,0,11
"15994","6180橘子","110/07/09","群益金鼎-屏東",0,15,-15
"15995","6180橘子","110/07/09","元大-北港",11,0,11
"15996","6180橘子","110/07/09","群益金鼎-中山",0,15,-15
"15997","6180橘子","110/07/09","元大-成功",10,1,9
"15998","6180橘子","110/07/09","瑞士信貸",1,15,-14
"15999","6180橘子","110/07/09","新光",26,18,8
"16000","6180橘子","110/07/09","日盛-二林",0,10,-10
"16001","6180橘子","110/07/09","統一-三重",6,0,6
"16002","6180橘子","110/07/09","凱基-東門",0,10,-10
"16003","6180橘子","110/07/09","群益金鼎-嘉義",6,0,6
"16004","6180橘子","110/07/09","華南永昌-三重",0,10,-10
"16005","6180橘子","110/07/09","元大-員林中山",6,0,6
"16006","6180橘子","110/07/09","元大-彰化民生",1,11,-10
"16007","6180橘子","110/07/09","合庫-鳳山",5,0,5
"16008","6180橘子","110/07/09","永豐金-新店",1,11,-10
"16009","6180橘子","110/07/09","富邦-建國",6,1,5
"16010","6180橘子","110/07/09","群益金鼎-丹鳳",0,8,-8
"16011","2390云辰","110/07/09","摩根大通",279,56,223
"16012","2390云辰","110/07/09","元大-天母",0,127,-127
"16013","2390云辰","110/07/09","日盛-鳳山",110,2,108
"16014","2390云辰","110/07/09","中國信託-文心",5,109,-104
"16015","2390云辰","110/07/09","宏遠證券",100,0,100
"16016","2390云辰","110/07/09","永豐金-復興",0,55,-55
"16017","2390云辰","110/07/09","元大-大里",63,6,57
"16018","2390云辰","110/07/09","凱基-台北",239,286,-47
"16019","2390云辰","110/07/09","凱基-八德",59,10,49
"16020","2390云辰","110/07/09","德信",2,32,-30
"16021","2390云辰","110/07/09","合庫-新竹",40,0,40
"16022","2390云辰","110/07/09","兆豐-桃鶯",2,32,-30
"16023","2390云辰","110/07/09","國票",40,1,39
"16024","2390云辰","110/07/09","致和-南京",0,30,-30
"16025","2390云辰","110/07/09","新加坡商瑞銀",49,13,36
"16026","2390云辰","110/07/09","富邦-虎尾",1,31,-30
"16027","2390云辰","110/07/09","統一-新台中",36,2,34
"16028","2390云辰","110/07/09","元大-善化",2,31,-29
"16029","2390云辰","110/07/09","國票-嘉義",31,0,31
"16030","2390云辰","110/07/09","富邦-板橋",0,27,-27
"16031","2390云辰","110/07/09","華南永昌",35,7,28
"16032","2390云辰","110/07/09","富邦-永和",3,28,-25
"16033","2390云辰","110/07/09","玉山-台中",49,22,27
"16034","2390云辰","110/07/09","第一金-自由",20,44,-24
"16035","2390云辰","110/07/09","華南永昌-敦南",25,0,25
"16036","2390云辰","110/07/09","凱基-內湖",0,24,-24
"16037","2390云辰","110/07/09","新光-高雄",27,4,23
"16038","2390云辰","110/07/09","元大-汐止",1,24,-23
"16039","2390云辰","110/07/09","台灣摩根士丹利",85,63,22
"16040","2390云辰","110/07/09","新光-台中",12,33,-21
"16041","4903聯光通","110/07/08","元富-新興",18,0,18
"16042","4903聯光通","110/07/08","中國信託-中壢",0,14,-14
"16043","4903聯光通","110/07/08","元大-苗栗",9,0,9
"16044","4903聯光通","110/07/08","彰銀",0,7,-7
"16045","4903聯光通","110/07/08","兆豐-鹿港",3,0,3
"16046","4903聯光通","110/07/08","中國信託-松江",0,5,-5
"16047","4903聯光通","110/07/08","群益金鼎-萬華",2,0,2
"16048","4903聯光通","110/07/08","光和",0,2,-2
"16049","4903聯光通","110/07/08","元大-屏南",1,0,1
"16050","4903聯光通","110/07/08","元大-鶯歌",0,2,-2
"16051","4903聯光通","110/07/08","華南永昌-新莊",0,0,0
"16052","4903聯光通","110/07/08","群益金鼎-館前",0,1,-1
"16053","4903聯光通","110/07/08","元大-羅東",0,0,0
"16054","4903聯光通","110/07/08","華南永昌",0,1,-1
"16055","4903聯光通","110/07/08","元大-太平",2,3,-1
"16056","4903聯光通","110/07/08","華南永昌-新莊",0,0,0
"16057","4903聯光通","110/07/08","元大-羅東",0,0,0
"16058","2929淘帝","110/07/08","日盛-園區",90,6,84
"16059","2929淘帝","110/07/08","元大-太平",1,111,-110
"16060","2929淘帝","110/07/08","華南永昌-頭份",54,0,54
"16061","2929淘帝","110/07/08","港商野村",31,106,-75
"16062","2929淘帝","110/07/08","美商高盛",50,0,50
"16063","2929淘帝","110/07/08","凱基-板橋",62,111,-49
"16064","2929淘帝","110/07/08","台中銀-台北",50,0,50
"16065","2929淘帝","110/07/08","新光-台中",30,78,-48
"16066","2929淘帝","110/07/08","臺銀-臺南",30,0,30
"16067","2929淘帝","110/07/08","元富-永和",1,41,-40
"16068","2929淘帝","110/07/08","永豐金-大園",42,12,30
"16069","2929淘帝","110/07/08","永豐金-鳳山",0,28,-28
"16070","2929淘帝","110/07/08","元富-三重",30,1,29
"16071","2929淘帝","110/07/08","元大-南崁",0,26,-26
"16072","2929淘帝","110/07/08","兆豐-桃鶯",29,0,29
"16073","2929淘帝","110/07/08","元大-花蓮",2,27,-25
"16074","2929淘帝","110/07/08","元大-承德",20,3,17
"16075","2929淘帝","110/07/08","元大-府城",0,24,-24
"16076","2929淘帝","110/07/08","新光-新竹",13,0,13
"16077","2929淘帝","110/07/08","新光",21,43,-22
"16078","2929淘帝","110/07/08","富邦-內湖",13,0,13
"16079","2929淘帝","110/07/08","臺銀-民權",0,20,-20
"16080","2929淘帝","110/07/08","國泰-板橋",13,1,12
"16081","2929淘帝","110/07/08","摩根大通",66,84,-18
"16082","2929淘帝","110/07/08","第一金-大稻埕",10,0,10
"16083","2929淘帝","110/07/08","凱基-台北",0,17,-17
"16084","2929淘帝","110/07/08","統一-汐止",10,0,10
"16085","2929淘帝","110/07/08","元大-博愛",6,23,-17
"16086","2929淘帝","110/07/08","元富-大裕",10,0,10
"16087","2929淘帝","110/07/08","永豐金-桃盛",0,16,-16
"16088","5410國眾","110/07/08","元大-新盛",15,0,15
"16089","5410國眾","110/07/08","元大-旗山",0,50,-50
"16090","5410國眾","110/07/08","元大-屏南",10,0,10
"16091","5410國眾","110/07/08","元大-頭份",0,14,-14
"16092","5410國眾","110/07/08","元大-成功",10,0,10
"16093","5410國眾","110/07/08","國泰-高雄",0,8,-8
"16094","5410國眾","110/07/08","元大-東泰",7,0,7
"16095","5410國眾","110/07/08","元大-小港",0,7,-7
"16096","5410國眾","110/07/08","富邦-陽明",6,0,6
"16097","5410國眾","110/07/08","統一-嘉義",0,5,-5
"16098","5410國眾","110/07/08","臺銀-金山",5,0,5
"16099","5410國眾","110/07/08","兆豐-台中港",0,5,-5
"16100","5410國眾","110/07/08","日盛-員林",5,0,5
"16101","5410國眾","110/07/08","凱基-屏東",0,5,-5
"16102","5410國眾","110/07/08","摩根大通",5,0,5
"16103","5410國眾","110/07/08","元大-八德",0,5,-5
"16104","5410國眾","110/07/08","富邦-桃園",5,0,5
"16105","5410國眾","110/07/08","元富-嘉義",0,4,-4
"16106","5410國眾","110/07/08","元富-大昌",4,0,4
"16107","5410國眾","110/07/08","玉山-雙和",0,4,-4
"16108","5410國眾","110/07/08","台新-台中",4,0,4
"16109","5410國眾","110/07/08","凱基-高美館",1,5,-4
"16110","5410國眾","110/07/08","華南永昌-小港",5,1,4
"16111","5410國眾","110/07/08","統一-員林",0,3,-3
"16112","5410國眾","110/07/08","元大-新竹",5,1,4
"16113","5410國眾","110/07/08","臺銀-鳳山",0,2,-2
"16114","5410國眾","110/07/08","元大-土城學府",4,0,4
"16115","5410國眾","110/07/08","亞東",0,2,-2
"16116","5410國眾","110/07/08","元大-新莊",4,0,4
"16117","5410國眾","110/07/08","新光",0,2,-2
"16118","2841台開","110/07/08","元大-樹林",653,0,653
"16119","2841台開","110/07/08","港商野村",0,868,-868
"16120","2841台開","110/07/08","台新證券",115,0,115
"16121","2841台開","110/07/08","群益金鼎-忠孝",0,100,-100
"16122","2841台開","110/07/08","永豐金-豐原",105,0,105
"16123","2841台開","110/07/08","宏遠-高雄",0,56,-56
"16124","2841台開","110/07/08","元富-新興",100,0,100
"16125","2841台開","110/07/08","新光",3,38,-35
"16126","2841台開","110/07/08","凱基-文心",50,0,50
"16127","2841台開","110/07/08","花旗環球",0,29,-29
"16128","2841台開","110/07/08","元大-八德",40,0,40
"16129","2841台開","110/07/08","富邦-仁愛",2,30,-28
"16130","2841台開","110/07/08","日盛-雙和",30,0,30
"16131","2841台開","110/07/08","元富-潮州",0,24,-24
"16132","2841台開","110/07/08","統一-竹南",30,0,30
"16133","2841台開","110/07/08","元大-沙鹿",0,20,-20
"16134","2841台開","110/07/08","凱基-台南",30,0,30
"16135","2841台開","110/07/08","元大-汐止",0,20,-20
"16136","2841台開","110/07/08","元大-福營",30,0,30
"16137","2841台開","110/07/08","合庫-嘉義",2,20,-18
"16138","2841台開","110/07/08","合庫-台中",22,0,22
"16139","2841台開","110/07/08","國泰-敦南",3,21,-18
"16140","2841台開","110/07/08","大昌-安康",28,10,18
"16141","2841台開","110/07/08","日盛-竹北",0,15,-15
"16142","2841台開","110/07/08","元大-斗信",15,0,15
"16143","2841台開","110/07/08","元大-三重",0,15,-15
"16144","2841台開","110/07/08","富邦-台北",13,0,13
"16145","2841台開","110/07/08","永豐金-敦南",45,60,-15
"16146","2841台開","110/07/08","合庫-桃園",10,0,10
"16147","2841台開","110/07/08","(牛牛牛)亞-網路",0,12,-12
"16148","6207雷科","110/07/08","台新-高雄",54,2,52
"16149","6207雷科","110/07/08","群益金鼎-丹鳳",0,60,-60
"16150","6207雷科","110/07/08","新光-台中",18,0,18
"16151","6207雷科","110/07/08","元大-頭份",1,56,-55
"16152","6207雷科","110/07/08","日盛-嘉義",16,0,16
"16153","6207雷科","110/07/08","國票-中和",0,30,-30
"16154","6207雷科","110/07/08","合庫-鳳山",15,0,15
"16155","6207雷科","110/07/08","凱基-台北",1,29,-28
"16156","6207雷科","110/07/08","臺銀-臺中",12,0,12
"16157","6207雷科","110/07/08","兆豐-板橋",0,25,-25
"16158","6207雷科","110/07/08","群益金鼎-土城",12,0,12
"16159","6207雷科","110/07/08","凱基-城中",4,25,-21
"16160","6207雷科","110/07/08","新光",25,14,11
"16161","6207雷科","110/07/08","日進",0,20,-20
"16162","6207雷科","110/07/08","凱基-中壢",11,0,11
"16163","6207雷科","110/07/08","台新證券",3,20,-17
"16164","6207雷科","110/07/08","台灣企銀",10,0,10
"16165","6207雷科","110/07/08","群益金鼎-中山",0,16,-16
"16166","6207雷科","110/07/08","第一金-新興",11,1,10
"16167","6207雷科","110/07/08","元大-東門",0,16,-16
"16168","6207雷科","110/07/08","元富-吉利",10,0,10
"16169","6207雷科","110/07/08","群益金鼎-大甲",0,13,-13
"16170","6207雷科","110/07/08","光和-和美",10,0,10
"16171","6207雷科","110/07/08","日盛-板橋",0,10,-10
"16172","6207雷科","110/07/08","永豐金-南京",10,0,10
"16173","6207雷科","110/07/08","日盛-中壢",0,10,-10
"16174","6207雷科","110/07/08","土銀",8,0,8
"16175","6207雷科","110/07/08","摩根大通",125,135,-10
"16176","6207雷科","110/07/08","中國信託-高雄",8,0,8
"16177","6207雷科","110/07/08","凱基-五股",0,10,-10
"16178","3679新至陞","110/07/08","華南永昌-台中",17,0,17
"16179","3679新至陞","110/07/08","大慶-蘆洲",0,10,-10
"16180","3679新至陞","110/07/08","國泰-桃園",6,0,6
"16181","3679新至陞","110/07/08","華南永昌-小港",0,7,-7
"16182","3679新至陞","110/07/08","元大-永春",6,0,6
"16183","3679新至陞","110/07/08","國泰-館前",0,3,-3
"16184","3679新至陞","110/07/08","香港上海匯豐",4,0,4
"16185","3679新至陞","110/07/08","元大-板橋",0,3,-3
"16186","3679新至陞","110/07/08","中國信託-新竹",3,0,3
"16187","3679新至陞","110/07/08","港商法國興業",0,2,-2
"16188","3679新至陞","110/07/08","國票-敦北法人",3,0,3
"16189","3679新至陞","110/07/08","第一金-忠孝",0,2,-2
"16190","3679新至陞","110/07/08","群益金鼎-台南",2,0,2
"16191","3679新至陞","110/07/08","元富-古亭",0,2,-2
"16192","3679新至陞","110/07/08","凱基",2,0,2
"16193","3679新至陞","110/07/08","摩根大通",1,3,-2
"16194","3679新至陞","110/07/08","凱基-台北",6,4,2
"16195","3679新至陞","110/07/08","富邦-板橋",0,2,-2
"16196","3679新至陞","110/07/08","日盛-信義",1,0,1
"16197","3679新至陞","110/07/08","元大-文心興安",0,2,-2
"16198","3679新至陞","110/07/08","日盛-新莊",1,0,1
"16199","3679新至陞","110/07/08","臺銀-高雄",0,1,-1
"16200","3679新至陞","110/07/08","大慶",1,0,1
"16201","3679新至陞","110/07/08","日盛-高雄",0,1,-1
"16202","3679新至陞","110/07/08","兆豐-三重",1,0,1
"16203","3679新至陞","110/07/08","日盛-文化",0,1,-1
"16204","3679新至陞","110/07/08","致和-東門",1,0,1
"16205","3679新至陞","110/07/08","美商高盛",0,1,-1
"16206","3679新至陞","110/07/08","台新證券",1,0,1
"16207","3679新至陞","110/07/08","瑞士信貸",0,1,-1
"16208","2727王品","110/07/08","群益金鼎-大安",80,0,80
"16209","2727王品","110/07/08","台灣摩根士丹利",1,300,-299
"16210","2727王品","110/07/08","富邦-台北",237,165,72
"16211","2727王品","110/07/08","元大證券",173,439,-266
"16212","2727王品","110/07/08","永豐金-萬盛",55,5,50
"16213","2727王品","110/07/08","統一",33,200,-167
"16214","2727王品","110/07/08","永豐金-南投",53,10,43
"16215","2727王品","110/07/08","凱基-台北",476,615,-139
"16216","2727王品","110/07/08","國泰-敦南",190,148,42
"16217","2727王品","110/07/08","永豐金-松山",8,138,-130
"16218","2727王品","110/07/08","台新-高雄",71,36,35
"16219","2727王品","110/07/08","新加坡商瑞銀",38,138,-100
"16220","2727王品","110/07/08","富邦-建國",62,27,35
"16221","2727王品","110/07/08","富邦-嘉義",84,182,-98
"16222","2727王品","110/07/08","永豐金證券",50,15,35
"16223","2727王品","110/07/08","元富-台南",4,99,-95
"16224","2727王品","110/07/08","港商野村",185,152,33
"16225","2727王品","110/07/08","凱基-永華",4,92,-88
"16226","2727王品","110/07/08","元大-嘉義",35,3,32
"16227","2727王品","110/07/08","凱基-大直",2,73,-71
"16228","2727王品","110/07/08","台新-三民",35,4,31
"16229","2727王品","110/07/08","美林",105,164,-59
"16230","2727王品","110/07/08","凱基-桃園",35,4,31
"16231","2727王品","110/07/08","第一金-台南",11,63,-52
"16232","2727王品","110/07/08","元大-和平",41,10,31
"16233","2727王品","110/07/08","摩根大通",216,259,-43
"16234","2727王品","110/07/08","兆豐-大安",33,5,28
"16235","2727王品","110/07/08","元大-員林",9,50,-41
"16236","2727王品","110/07/08","元大-新盛",33,6,27
"16237","2727王品","110/07/08","兆豐-虎尾",1,41,-40
"16238","1570力肯","110/07/08","群益金鼎-三重",20,0,20
"16239","1570力肯","110/07/08","中國信託-永康",0,26,-26
"16240","1570力肯","110/07/08","凱基-中壢",20,0,20
"16241","1570力肯","110/07/08","統一-敦南",0,12,-12
"16242","1570力肯","110/07/08","群益金鼎-台南",14,0,14
"16243","1570力肯","110/07/08","國票-博愛",0,10,-10
"16244","1570力肯","110/07/08","元富-緯城",10,0,10
"16245","1570力肯","110/07/08","元大-西門",0,10,-10
"16246","1570力肯","110/07/08","瑞士信貸",7,0,7
"16247","1570力肯","110/07/08","新光",0,9,-9
"16248","1570力肯","110/07/08","摩根大通",6,0,6
"16249","1570力肯","110/07/08","永豐金-大園",0,9,-9
"16250","1570力肯","110/07/08","土銀-白河",5,0,5
"16251","1570力肯","110/07/08","日盛-大墩",0,6,-6
"16252","1570力肯","110/07/08","台灣摩根士丹利",4,0,4
"16253","1570力肯","110/07/08","台新證券",0,6,-6
"16254","1570力肯","110/07/08","元大-新莊",3,0,3
"16255","1570力肯","110/07/08","永全",0,5,-5
"16256","1570力肯","110/07/08","永豐金-苓雅",3,0,3
"16257","1570力肯","110/07/08","元大-天母",0,5,-5
"16258","1570力肯","110/07/08","合庫-三重",2,0,2
"16259","1570力肯","110/07/08","元富-吉利",0,3,-3
"16260","1570力肯","110/07/08","(牛牛牛)亞-鑫豐",2,0,2
"16261","1570力肯","110/07/08","國泰-高雄",0,3,-3
"16262","1570力肯","110/07/08","玉山-大里",2,0,2
"16263","1570力肯","110/07/08","群益金鼎-北高雄",0,3,-3
"16264","1570力肯","110/07/08","國泰-敦南",2,0,2
"16265","1570力肯","110/07/08","群益金鼎-東門",0,2,-2
"16266","1570力肯","110/07/08","華南永昌-岡山",2,0,2
"16267","1570力肯","110/07/08","日盛-高雄",5,6,-1
"16268","6180橘子","110/07/08","新光",30,4,26
"16269","6180橘子","110/07/08","元大-土城學府",0,89,-89
"16270","6180橘子","110/07/08","康和-台南",22,0,22
"16271","6180橘子","110/07/08","凱基-東勢",1,66,-65
"16272","6180橘子","110/07/08","國泰-板橋",22,0,22
"16273","6180橘子","110/07/08","光和",0,64,-64
"16274","6180橘子","110/07/08","日盛-文化",21,0,21
"16275","6180橘子","110/07/08","中國信託-忠孝",0,50,-50
"16276","6180橘子","110/07/08","中國信託-文心",20,2,18
"16277","6180橘子","110/07/08","元富-大裕",0,25,-25
"16278","6180橘子","110/07/08","凱基-台北",39,24,15
"16279","6180橘子","110/07/08","統一-基隆",1,25,-24
"16280","6180橘子","110/07/08","元富-新店",14,0,14
"16281","6180橘子","110/07/08","美商高盛",1,21,-20
"16282","6180橘子","110/07/08","元大-土城永寧",11,0,11
"16283","6180橘子","110/07/08","元大證券",1,19,-18
"16284","6180橘子","110/07/08","永豐金-南京",11,0,11
"16285","6180橘子","110/07/08","元大-太平",2,20,-18
"16286","6180橘子","110/07/08","宏遠-館前",10,0,10
"16287","6180橘子","110/07/08","合庫證券",2,18,-16
"16288","6180橘子","110/07/08","國泰-新莊",10,0,10
"16289","6180橘子","110/07/08","台灣摩根士丹利",1,12,-11
"16290","6180橘子","110/07/08","群益金鼎",10,0,10
"16291","6180橘子","110/07/08","瑞士信貸",0,11,-11
"16292","6180橘子","110/07/08","凱基-高雄",10,0,10
"16293","6180橘子","110/07/08","元富-嘉義",0,11,-11
"16294","6180橘子","110/07/08","凱基-大安",10,0,10
"16295","6180橘子","110/07/08","新光-高雄",0,11,-11
"16296","6180橘子","110/07/08","富邦-仁愛",10,0,10
"16297","6180橘子","110/07/08","大慶-苗栗",0,10,-10
"16298","2390云辰","110/07/08","統一-新台中",126,1,125
"16299","2390云辰","110/07/08","摩根大通",62,661,-599
"16300","2390云辰","110/07/08","元大-員林",111,0,111
"16301","2390云辰","110/07/08","新加坡商瑞銀",0,173,-173
"16302","2390云辰","110/07/08","合庫-高雄",105,0,105
"16303","2390云辰","110/07/08","元大-天母",7,150,-143
"16304","2390云辰","110/07/08","凱基-台北",255,177,78
"16305","2390云辰","110/07/08","台灣摩根士丹利",0,134,-134
"16306","2390云辰","110/07/08","新光",71,17,54
"16307","2390云辰","110/07/08","玉山-台中",17,120,-103
"16308","2390云辰","110/07/08","國票-嘉義",53,0,53
"16309","2390云辰","110/07/08","美商高盛",0,78,-78
"16310","2390云辰","110/07/08","富邦-仁愛",53,4,49
"16311","2390云辰","110/07/08","美林",11,82,-71
"16312","2390云辰","110/07/08","兆豐-城中",48,0,48
"16313","2390云辰","110/07/08","群益金鼎-大興",35,106,-71
"16314","2390云辰","110/07/08","元大-新營",47,0,47
"16315","2390云辰","110/07/08","光和",11,71,-60
"16316","2390云辰","110/07/08","國泰-敦南",89,55,34
"16317","2390云辰","110/07/08","國泰-台中",28,70,-42
"16318","2390云辰","110/07/08","兆豐-台中",40,7,33
"16319","2390云辰","110/07/08","玉山-新莊",6,46,-40
"16320","2390云辰","110/07/08","永豐金-中正",36,6,30
"16321","2390云辰","110/07/08","富邦-台北",21,57,-36
"16322","2390云辰","110/07/08","中國信託-三重",29,0,29
"16323","2390云辰","110/07/08","土銀-台中",0,30,-30
"16324","2390云辰","110/07/08","富邦-陽明",33,5,28
"16325","2390云辰","110/07/08","兆豐-埔墘",1,31,-30
"16326","2390云辰","110/07/08","元富-桃園",27,0,27
"16327","2390云辰","110/07/08","玉山-南京東路",3,33,-30
"16328","4903聯光通","110/07/07","元大-太平",47,4,43
"16329","4903聯光通","110/07/07","日盛-板橋",0,15,-15
"16330","4903聯光通","110/07/07","華南永昌-桃園",10,0,10
"16331","4903聯光通","110/07/07","元大-八德",0,9,-9
"16332","4903聯光通","110/07/07","元大-南投",9,0,9
"16333","4903聯光通","110/07/07","宏遠證券",0,7,-7
"16334","4903聯光通","110/07/07","新光-台中",3,0,3
"16335","4903聯光通","110/07/07","大慶",0,7,-7
"16336","4903聯光通","110/07/07","國泰-敦南",1,0,1
"16337","4903聯光通","110/07/07","群益金鼎-館前",0,6,-6
"16338","4903聯光通","110/07/07","國票-中正",0,0,0
"16339","4903聯光通","110/07/07","元大-羅東",0,5,-5
"16340","4903聯光通","110/07/07","康和-內湖",0,0,0
"16341","4903聯光通","110/07/07","新光",8,12,-4
"16342","4903聯光通","110/07/07","凱基-站前",0,0,0
"16343","4903聯光通","110/07/07","國泰-高雄",0,3,-3
"16344","4903聯光通","110/07/07","華南永昌",1,1,0
"16345","4903聯光通","110/07/07","第一金-台中",0,3,-3
"16346","4903聯光通","110/07/07","華南永昌-新莊",0,0,0
"16347","4903聯光通","110/07/07","中農",0,1,-1
"16348","4903聯光通","110/07/07","臺灣企銀-桃園",0,1,-1
"16349","4903聯光通","110/07/07","台新-新營",0,1,-1
"16350","4903聯光通","110/07/07","元大-鶯歌",2,3,-1
"16351","4903聯光通","110/07/07","元大-永和",0,1,-1
"16352","4903聯光通","110/07/07","元大-苑裡",0,1,-1
"16353","2929淘帝","110/07/07","統一",163,0,163
"16354","2929淘帝","110/07/07","新光-台中",57,142,-85
"16355","2929淘帝","110/07/07","港商野村",323,181,142
"16356","2929淘帝","110/07/07","兆豐-忠孝",0,76,-76
"16357","2929淘帝","110/07/07","日盛-中壢",132,10,122
"16358","2929淘帝","110/07/07","台新-建北",0,53,-53
"16359","2929淘帝","110/07/07","新加坡商瑞銀",140,19,121
"16360","2929淘帝","110/07/07","臺銀-鳳山",0,44,-44
"16361","2929淘帝","110/07/07","日盛-嘉義",101,0,101
"16362","2929淘帝","110/07/07","元大-新盛",0,42,-42
"16363","2929淘帝","110/07/07","摩根大通",101,16,85
"16364","2929淘帝","110/07/07","富邦-建國",6,47,-41
"16365","2929淘帝","110/07/07","元大-太平",55,2,53
"16366","2929淘帝","110/07/07","日盛-園區",0,40,-40
"16367","2929淘帝","110/07/07","元富-松德",50,1,49
"16368","2929淘帝","110/07/07","新光-高雄",1,38,-37
"16369","2929淘帝","110/07/07","凱基-板橋",53,5,48
"16370","2929淘帝","110/07/07","永豐金-三重",1,34,-33
"16371","2929淘帝","110/07/07","美林",80,34,46
"16372","2929淘帝","110/07/07","元大-彰化",0,31,-31
"16373","2929淘帝","110/07/07","元富-台南",41,0,41
"16374","2929淘帝","110/07/07","第一金-大稻埕",0,30,-30
"16375","2929淘帝","110/07/07","兆豐-竹北",39,0,39
"16376","2929淘帝","110/07/07","國泰-敦南",3,33,-30
"16377","2929淘帝","110/07/07","元大-西門",36,0,36
"16378","2929淘帝","110/07/07","富邦-員林",0,30,-30
"16379","2929淘帝","110/07/07","華南永昌",39,4,35
"16380","2929淘帝","110/07/07","元大-蘆洲",1,30,-29
"16381","2929淘帝","110/07/07","日盛-板橋中山",30,0,30
"16382","2929淘帝","110/07/07","台新-台南",4,32,-28
"16383","5410國眾","110/07/07","兆豐-城中",66,0,66
"16384","5410國眾","110/07/07","富邦-仁愛",0,115,-115
"16385","5410國眾","110/07/07","摩根大通",21,0,21
"16386","5410國眾","110/07/07","亞東-板橋",0,38,-38
"16387","5410國眾","110/07/07","元大-北投",21,0,21
"16388","5410國眾","110/07/07","凱基-台北",2,24,-22
"16389","5410國眾","110/07/07","亞東-新竹",15,0,15
"16390","5410國眾","110/07/07","彰銀-七賢",0,10,-10
"16391","5410國眾","110/07/07","元大-福營",12,0,12
"16392","5410國眾","110/07/07","凱基-基隆",0,10,-10
"16393","5410國眾","110/07/07","新光-高雄",11,0,11
"16394","5410國眾","110/07/07","凱基-屏東",0,10,-10
"16395","5410國眾","110/07/07","華南永昌-小港",10,0,10
"16396","5410國眾","110/07/07","凱基-鳳山",0,10,-10
"16397","5410國眾","110/07/07","元大-大灣",10,0,10
"16398","5410國眾","110/07/07","永豐金-忠孝",0,10,-10
"16399","5410國眾","110/07/07","元大-莒光",10,0,10
"16400","5410國眾","110/07/07","日盛-板橋中山",0,9,-9
"16401","5410國眾","110/07/07","台中銀-豐原",9,0,9
"16402","5410國眾","110/07/07","統一-高雄",0,5,-5
"16403","5410國眾","110/07/07","元大-南屯",9,0,9
"16404","5410國眾","110/07/07","元大-斗六",0,5,-5
"16405","5410國眾","110/07/07","日盛-新莊",7,0,7
"16406","5410國眾","110/07/07","元大-大益",0,5,-5
"16407","5410國眾","110/07/07","元富-大昌",6,0,6
"16408","5410國眾","110/07/07","元大-南投",0,5,-5
"16409","5410國眾","110/07/07","新光-新竹",6,0,6
"16410","5410國眾","110/07/07","永豐金-員林",0,5,-5
"16411","5410國眾","110/07/07","臺銀-金山",5,0,5
"16412","5410國眾","110/07/07","華南永昌-楠梓",0,4,-4
"16413","2841台開","110/07/07","永豐金-豐原",268,0,268
"16414","2841台開","110/07/07","凱基-市政",0,200,-200
"16415","2841台開","110/07/07","永豐金-南投",200,0,200
"16416","2841台開","110/07/07","永豐金-彰化",0,100,-100
"16417","2841台開","110/07/07","新光",139,9,130
"16418","2841台開","110/07/07","元大-開元",1,93,-92
"16419","2841台開","110/07/07","中國信託-高雄",50,1,49
"16420","2841台開","110/07/07","港商野村",0,80,-80
"16421","2841台開","110/07/07","元大-歸仁",40,0,40
"16422","2841台開","110/07/07","凱基-台南",25,85,-60
"16423","2841台開","110/07/07","台中銀",35,0,35
"16424","2841台開","110/07/07","美商高盛",1,58,-57
"16425","2841台開","110/07/07","台新-新營",30,0,30
"16426","2841台開","110/07/07","統一-三重",0,55,-55
"16427","2841台開","110/07/07","富邦-台南",30,0,30
"16428","2841台開","110/07/07","台新證券",12,50,-38
"16429","2841台開","110/07/07","國泰-板橋",30,1,29
"16430","2841台開","110/07/07","陽信-石牌",0,31,-31
"16431","2841台開","110/07/07","凱基-文心",28,0,28
"16432","2841台開","110/07/07","元大-福營",0,31,-31
"16433","2841台開","110/07/07","凱基-站前",27,0,27
"16434","2841台開","110/07/07","第一金-澎湖",0,30,-30
"16435","2841台開","110/07/07","大昌-安康",38,16,22
"16436","2841台開","110/07/07","元大-新莊",0,30,-30
"16437","2841台開","110/07/07","合庫-台中",20,0,20
"16438","2841台開","110/07/07","國泰-館前",0,28,-28
"16439","2841台開","110/07/07","日盛-台南",20,0,20
"16440","2841台開","110/07/07","元大-竹科",0,25,-25
"16441","2841台開","110/07/07","台中銀-員林",20,0,20
"16442","2841台開","110/07/07","富邦-仁愛",1,22,-21
"16443","6207雷科","110/07/07","元大-大天母",21,0,21
"16444","6207雷科","110/07/07","元大-高雄",0,105,-105
"16445","6207雷科","110/07/07","元大-頭份",18,0,18
"16446","6207雷科","110/07/07","永豐金-中正",0,35,-35
"16447","6207雷科","110/07/07","第一金-新興",16,0,16
"16448","6207雷科","110/07/07","摩根大通",8,39,-31
"16449","6207雷科","110/07/07","富邦-虎尾",12,0,12
"16450","6207雷科","110/07/07","元大-林園",0,30,-30
"16451","6207雷科","110/07/07","兆豐-板橋",10,0,10
"16452","6207雷科","110/07/07","凱基-台北",0,19,-19
"16453","6207雷科","110/07/07","玉山-台大",10,0,10
"16454","6207雷科","110/07/07","國票-中和",13,25,-12
"16455","6207雷科","110/07/07","元大-四維",10,0,10
"16456","6207雷科","110/07/07","新加坡商瑞銀",0,9,-9
"16457","6207雷科","110/07/07","元大-鹿港",10,0,10
"16458","6207雷科","110/07/07","玉山-高雄",0,8,-8
"16459","6207雷科","110/07/07","元大-信義",10,0,10
"16460","6207雷科","110/07/07","玉山-台南",0,8,-8
"16461","6207雷科","110/07/07","台新-三民",8,0,8
"16462","6207雷科","110/07/07","宏遠-高雄",0,5,-5
"16463","6207雷科","110/07/07","元大-上新莊",8,0,8
"16464","6207雷科","110/07/07","元大-南海",0,5,-5
"16465","6207雷科","110/07/07","大昌-桃園",7,0,7
"16466","6207雷科","110/07/07","元大-莒光",0,4,-4
"16467","6207雷科","110/07/07","新光-台中",10,4,6
"16468","6207雷科","110/07/07","港商野村",0,3,-3
"16469","6207雷科","110/07/07","日盛-頭份",5,0,5
"16470","6207雷科","110/07/07","大慶-台南",0,3,-3
"16471","6207雷科","110/07/07","日茂-埔里",5,0,5
"16472","6207雷科","110/07/07","凱基-站前",0,3,-3
"16473","3679新至陞","110/07/07","永豐金證券",18,0,18
"16474","3679新至陞","110/07/07","美林",0,13,-13
"16475","3679新至陞","110/07/07","元大-文心興安",6,0,6
"16476","3679新至陞","110/07/07","兆豐-大安",0,10,-10
"16477","3679新至陞","110/07/07","中農",5,0,5
"16478","3679新至陞","110/07/07","國泰-桃園",0,4,-4
"16479","3679新至陞","110/07/07","台新證券",4,0,4
"16480","3679新至陞","110/07/07","永豐金-虎尾",0,4,-4
"16481","3679新至陞","110/07/07","華南永昌-小港",4,0,4
"16482","3679新至陞","110/07/07","台灣摩根士丹利",0,3,-3
"16483","3679新至陞","110/07/07","元大-天母",4,0,4
"16484","3679新至陞","110/07/07","瑞士信貸",0,3,-3
"16485","3679新至陞","110/07/07","台中銀-員林",4,1,3
"16486","3679新至陞","110/07/07","統一-新竹",0,3,-3
"16487","3679新至陞","110/07/07","摩根大通",4,1,3
"16488","3679新至陞","110/07/07","統一-三重",0,3,-3
"16489","3679新至陞","110/07/07","凱基-台北",7,4,3
"16490","3679新至陞","110/07/07","凱基-竹北",0,3,-3
"16491","3679新至陞","110/07/07","華南永昌-高雄",3,0,3
"16492","3679新至陞","110/07/07","元富-世貿",0,2,-2
"16493","3679新至陞","110/07/07","永豐金-潮州",2,0,2
"16494","3679新至陞","110/07/07","兆豐-鹿港",0,2,-2
"16495","3679新至陞","110/07/07","合庫-新竹",1,0,1
"16496","3679新至陞","110/07/07","玉山-台大",0,2,-2
"16497","3679新至陞","110/07/07","土銀-高雄",1,0,1
"16498","3679新至陞","110/07/07","國泰-館前",0,2,-2
"16499","3679新至陞","110/07/07","元富-新興",1,0,1
"16500","3679新至陞","110/07/07","群益金鼎-新莊",0,2,-2
"16501","3679新至陞","110/07/07","富邦-中壢",1,0,1
"16502","3679新至陞","110/07/07","元大-桃園",0,2,-2
"16503","2727王品","110/07/07","第一金",62,0,62
"16504","2727王品","110/07/07","台灣摩根士丹利",1,177,-176
"16505","2727王品","110/07/07","凱基-埔墘",40,0,40
"16506","2727王品","110/07/07","凱基-台北",49,151,-102
"16507","2727王品","110/07/07","中國信託-忠孝",40,1,39
"16508","2727王品","110/07/07","摩根大通",19,107,-88
"16509","2727王品","110/07/07","玉山-板橋",40,6,34
"16510","2727王品","110/07/07","美商高盛",2,86,-84
"16511","2727王品","110/07/07","亞東-新竹",31,1,30
"16512","2727王品","110/07/07","元大-北屯",1,52,-51
"16513","2727王品","110/07/07","群益金鼎-宜蘭",25,1,24
"16514","2727王品","110/07/07","國泰證券",1,47,-46
"16515","2727王品","110/07/07","富邦-竹北",23,0,23
"16516","2727王品","110/07/07","統一",3,33,-30
"16517","2727王品","110/07/07","元大-旗山",23,0,23
"16518","2727王品","110/07/07","第一金-台中",1,30,-29
"16519","2727王品","110/07/07","元富-宜蘭",21,0,21
"16520","2727王品","110/07/07","華南永昌-中正",4,29,-25
"16521","2727王品","110/07/07","國票-長城",20,0,20
"16522","2727王品","110/07/07","美林",0,23,-23
"16523","2727王品","110/07/07","台新證券",47,28,19
"16524","2727王品","110/07/07","群益金鼎-館前",0,20,-20
"16525","2727王品","110/07/07","富邦-新竹華信",18,1,17
"16526","2727王品","110/07/07","國票-內壢",0,16,-16
"16527","2727王品","110/07/07","永豐金-中正",18,1,17
"16528","2727王品","110/07/07","兆豐-新莊",0,15,-15
"16529","2727王品","110/07/07","華南永昌-麻豆",17,1,16
"16530","2727王品","110/07/07","港商野村",15,28,-13
"16531","2727王品","110/07/07","永豐金-潮州",15,0,15
"16532","2727王品","110/07/07","元大-善化",1,13,-12
"16533","1570力肯","110/07/07","台新證券",88,0,88
"16534","1570力肯","110/07/07","新光",0,54,-54
"16535","1570力肯","110/07/07","摩根大通",49,15,34
"16536","1570力肯","110/07/07","元大-高雄",0,40,-40
"16537","1570力肯","110/07/07","合庫-桃園",20,0,20
"16538","1570力肯","110/07/07","國票-北高雄",38,50,-12
"16539","1570力肯","110/07/07","元大-土城學府",20,0,20
"16540","1570力肯","110/07/07","群益金鼎-嘉義",0,10,-10
"16541","1570力肯","110/07/07","永豐金-板盛",18,0,18
"16542","1570力肯","110/07/07","元大-草屯",0,10,-10
"16543","1570力肯","110/07/07","永豐金-永康",18,0,18
"16544","1570力肯","110/07/07","日盛-高雄",0,9,-9
"16545","1570力肯","110/07/07","統一-員林",14,0,14
"16546","1570力肯","110/07/07","第一金-路竹",0,9,-9
"16547","1570力肯","110/07/07","元大-竹山",6,0,6
"16548","1570力肯","110/07/07","元大-古亭",0,9,-9
"16549","1570力肯","110/07/07","統一-敦南",5,0,5
"16550","1570力肯","110/07/07","國票-中正",0,8,-8
"16551","1570力肯","110/07/07","元大-永和",5,0,5
"16552","1570力肯","110/07/07","群益金鼎-鳳山",0,6,-6
"16553","1570力肯","110/07/07","元富-大裕",4,0,4
"16554","1570力肯","110/07/07","元大-土城永寧",0,6,-6
"16555","1570力肯","110/07/07","華南永昌-斗六",4,0,4
"16556","1570力肯","110/07/07","中國信託",0,5,-5
"16557","1570力肯","110/07/07","永豐金-松山",6,3,3
"16558","1570力肯","110/07/07","日盛-板橋",0,4,-4
"16559","1570力肯","110/07/07","永豐金-南投",4,1,3
"16560","1570力肯","110/07/07","日盛-木柵",0,4,-4
"16561","1570力肯","110/07/07","土銀-彰化",2,0,2
"16562","1570力肯","110/07/07","玉山-桃園",0,4,-4
"16563","6180橘子","110/07/07","臺銀-金山",27,0,27
"16564","6180橘子","110/07/07","凱基-台北",6,36,-30
"16565","6180橘子","110/07/07","元富-潮州",20,0,20
"16566","6180橘子","110/07/07","元大-天母",1,26,-25
"16567","6180橘子","110/07/07","凱基-中山",20,0,20
"16568","6180橘子","110/07/07","富邦-陽明",0,22,-22
"16569","6180橘子","110/07/07","元大-太平",23,4,19
"16570","6180橘子","110/07/07","日盛-頭份",0,20,-20
"16571","6180橘子","110/07/07","摩根大通",17,0,17
"16572","6180橘子","110/07/07","富邦-仁愛",0,20,-20
"16573","6180橘子","110/07/07","元大-草屯",20,3,17
"16574","6180橘子","110/07/07","永豐金-新莊",0,20,-20
"16575","6180橘子","110/07/07","華南永昌-楠梓",15,1,14
"16576","6180橘子","110/07/07","台灣摩根士丹利",0,18,-18
"16577","6180橘子","110/07/07","中國信託-永康",12,0,12
"16578","6180橘子","110/07/07","華南永昌-長虹",1,16,-15
"16579","6180橘子","110/07/07","日盛-文化",10,0,10
"16580","6180橘子","110/07/07","新光-新竹",0,12,-12
"16581","6180橘子","110/07/07","國泰-館前",10,0,10
"16582","6180橘子","110/07/07","凱基-中壢",0,12,-12
"16583","6180橘子","110/07/07","華南永昌-鶯歌",10,0,10
"16584","6180橘子","110/07/07","第一金-忠孝",0,11,-11
"16585","6180橘子","110/07/07","元大-豐原站前",10,0,10
"16586","6180橘子","110/07/07","元大-沙鹿",0,11,-11
"16587","6180橘子","110/07/07","元大-北屯",10,0,10
"16588","6180橘子","110/07/07","永豐金-羅東",0,11,-11
"16589","6180橘子","110/07/07","兆豐-台中",10,1,9
"16590","6180橘子","110/07/07","兆豐-埔墘",0,10,-10
"16591","6180橘子","110/07/07","群益金鼎-開元",9,0,9
"16592","6180橘子","110/07/07","華南永昌-台中",0,10,-10
"16593","2390云辰","110/07/07","元大-向上",144,0,144
"16594","2390云辰","110/07/07","摩根大通",18,674,-656
"16595","2390云辰","110/07/07","元富-中港",102,0,102
"16596","2390云辰","110/07/07","凱基-台北",141,625,-484
"16597","2390云辰","110/07/07","群益金鼎-民權",104,4,100
"16598","2390云辰","110/07/07","美林",32,261,-229
"16599","2390云辰","110/07/07","兆豐-忠孝",81,0,81
"16600","2390云辰","110/07/07","新加坡商瑞銀",50,149,-99
"16601","2390云辰","110/07/07","合庫-新竹",60,0,60
"16602","2390云辰","110/07/07","台灣摩根士丹利",7,87,-80
"16603","2390云辰","110/07/07","元大-土城學府",59,1,58
"16604","2390云辰","110/07/07","元大-金華",2,68,-66
"16605","2390云辰","110/07/07","玉山-大里",58,3,55
"16606","2390云辰","110/07/07","國票-新莊",13,65,-52
"16607","2390云辰","110/07/07","元大-東蘆",54,1,53
"16608","2390云辰","110/07/07","凱基-三重",12,56,-44
"16609","2390云辰","110/07/07","元富-三重",51,0,51
"16610","2390云辰","110/07/07","新光-台中",23,65,-42
"16611","2390云辰","110/07/07","元富-埔里",50,0,50
"16612","2390云辰","110/07/07","第一金-中壢",5,45,-40
"16613","2390云辰","110/07/07","中國信託-三重",52,3,49
"16614","2390云辰","110/07/07","華南永昌-斗六",0,40,-40
"16615","2390云辰","110/07/07","元大-彰化民生",64,15,49
"16616","2390云辰","110/07/07","富邦-新竹華信",25,61,-36
"16617","2390云辰","110/07/07","元大-潮州",50,5,45
"16618","2390云辰","110/07/07","玉山-新莊",2,32,-30
"16619","2390云辰","110/07/07","元富-高雄",57,14,43
"16620","2390云辰","110/07/07","凱基-新豐",17,47,-30
"16621","2390云辰","110/07/07","凱基-和平",40,0,40
"16622","2390云辰","110/07/07","統一-汐止",1,29,-28
"16623","4903聯光通","110/07/06","元大-苗栗",10,0,10
"16624","4903聯光通","110/07/06","宏遠證券",0,13,-13
"16625","4903聯光通","110/07/06","彰銀",5,0,5
"16626","4903聯光通","110/07/06","富邦-新營",0,4,-4
"16627","4903聯光通","110/07/06","元大-松山",5,0,5
"16628","4903聯光通","110/07/06","元富-草屯",0,3,-3
"16629","4903聯光通","110/07/06","新光",3,0,3
"16630","4903聯光通","110/07/06","元大-羅東",0,3,-3
"16631","4903聯光通","110/07/06","群益金鼎-館前",1,0,1
"16632","4903聯光通","110/07/06","元大-北三重",0,2,-2
"16633","4903聯光通","110/07/06","華南永昌-鶯歌",1,0,1
"16634","4903聯光通","110/07/06","國泰-敦南",0,1,-1
"16635","4903聯光通","110/07/06","永豐金-市政",1,0,1
"16636","4903聯光通","110/07/06","元富-板橋",0,0,0
"16637","4903聯光通","110/07/06","元富-板橋",0,0,0
"16638","4903聯光通","110/07/06","華南永昌",0,0,0
"16639","4903聯光通","110/07/06","華南永昌",0,0,0
"16640","4903聯光通","110/07/06","元大-太平",2,2,0
"16641","4903聯光通","110/07/06","元大-太平",2,2,0
"16642","2929淘帝","110/07/06","新光",204,85,119
"16643","2929淘帝","110/07/06","港商野村",62,282,-220
"16644","2929淘帝","110/07/06","日盛-中壢",94,0,94
"16645","2929淘帝","110/07/06","摩根大通",64,264,-200
"16646","2929淘帝","110/07/06","元富-城東",84,0,84
"16647","2929淘帝","110/07/06","統一",0,163,-163
"16648","2929淘帝","110/07/06","日盛-雙和",55,0,55
"16649","2929淘帝","110/07/06","香港上海匯豐",0,141,-141
"16650","2929淘帝","110/07/06","第一金-路竹",71,17,54
"16651","2929淘帝","110/07/06","新加坡商瑞銀",54,179,-125
"16652","2929淘帝","110/07/06","元大-花蓮",44,2,42
"16653","2929淘帝","110/07/06","合庫-高雄",3,122,-119
"16654","2929淘帝","110/07/06","永豐金-大園",73,33,40
"16655","2929淘帝","110/07/06","美林",34,118,-84
"16656","2929淘帝","110/07/06","元大-太平",44,6,38
"16657","2929淘帝","110/07/06","元大-員林",2,82,-80
"16658","2929淘帝","110/07/06","國泰-板橋",40,5,35
"16659","2929淘帝","110/07/06","元富-松德",26,75,-49
"16660","2929淘帝","110/07/06","兆豐-內湖",33,1,32
"16661","2929淘帝","110/07/06","臺銀-臺南",9,52,-43
"16662","2929淘帝","110/07/06","元大-博愛",43,11,32
"16663","2929淘帝","110/07/06","元大-北投",5,48,-43
"16664","2929淘帝","110/07/06","日盛-竹北",40,10,30
"16665","2929淘帝","110/07/06","臺銀-民權",1,41,-40
"16666","2929淘帝","110/07/06","元大-善化",52,22,30
"16667","2929淘帝","110/07/06","兆豐-忠孝",1,41,-40
"16668","2929淘帝","110/07/06","富邦-北港",29,0,29
"16669","2929淘帝","110/07/06","元大-西門",1,36,-35
"16670","2929淘帝","110/07/06","凱基-湖口",27,0,27
"16671","2929淘帝","110/07/06","玉山-嘉義",3,35,-32
"16672","5410國眾","110/07/06","兆豐-城中",28,0,28
"16673","5410國眾","110/07/06","凱基-高美館",1,18,-17
"16674","5410國眾","110/07/06","元大-小港",20,0,20
"16675","5410國眾","110/07/06","國泰-館前",0,15,-15
"16676","5410國眾","110/07/06","元大-新盛",18,0,18
"16677","5410國眾","110/07/06","國泰-板橋",2,17,-15
"16678","5410國眾","110/07/06","香港上海匯豐",15,0,15
"16679","5410國眾","110/07/06","新光",0,13,-13
"16680","5410國眾","110/07/06","華南永昌-小港",15,0,15
"16681","5410國眾","110/07/06","元富-緯城",0,10,-10
"16682","5410國眾","110/07/06","元富-大昌",13,0,13
"16683","5410國眾","110/07/06","中農",0,10,-10
"16684","5410國眾","110/07/06","臺銀-臺南",10,0,10
"16685","5410國眾","110/07/06","凱基-屏東",0,10,-10
"16686","5410國眾","110/07/06","元富-延平",8,0,8
"16687","5410國眾","110/07/06","新光-桃園",0,6,-6
"16688","5410國眾","110/07/06","元大-八德",17,9,8
"16689","5410國眾","110/07/06","高橋-龍潭",0,5,-5
"16690","5410國眾","110/07/06","摩根大通",7,0,7
"16691","5410國眾","110/07/06","元富-世貿",0,5,-5
"16692","5410國眾","110/07/06","凱基-桃園",7,0,7
"16693","5410國眾","110/07/06","群益金鼎-瑞豐",0,5,-5
"16694","5410國眾","110/07/06","永豐金-屏東",7,0,7
"16695","5410國眾","110/07/06","富邦-台中",0,5,-5
"16696","5410國眾","110/07/06","台新-左楠",5,0,5
"16697","5410國眾","110/07/06","永豐金-板橋",0,5,-5
"16698","5410國眾","110/07/06","富邦-竹東",5,0,5
"16699","5410國眾","110/07/06","富邦-台南",0,4,-4
"16700","5410國眾","110/07/06","元大-新莊",5,0,5
"16701","5410國眾","110/07/06","凱基-站前",0,3,-3
"16702","2841台開","110/07/06","群益金鼎-忠孝",100,0,100
"16703","2841台開","110/07/06","港商野村",0,295,-295
"16704","2841台開","110/07/06","台新證券",58,0,58
"16705","2841台開","110/07/06","元大-善化",0,50,-50
"16706","2841台開","110/07/06","台新-台中",58,0,58
"16707","2841台開","110/07/06","元大-四維",0,50,-50
"16708","2841台開","110/07/06","永豐金-敦南",50,0,50
"16709","2841台開","110/07/06","台新-新營",0,30,-30
"16710","2841台開","110/07/06","元大-台中",45,0,45
"16711","2841台開","110/07/06","群益金鼎-桃園",0,21,-21
"16712","2841台開","110/07/06","凱基-文心",43,0,43
"16713","2841台開","110/07/06","台中銀-員林",0,20,-20
"16714","2841台開","110/07/06","永豐金-潮州",30,0,30
"16715","2841台開","110/07/06","群益金鼎-延平",0,15,-15
"16716","2841台開","110/07/06","第一金-自由",25,0,25
"16717","2841台開","110/07/06","元大-三重",0,13,-13
"16718","2841台開","110/07/06","美商高盛",17,0,17
"16719","2841台開","110/07/06","元富-古亭",0,10,-10
"16720","2841台開","110/07/06","大昌-安康",39,22,17
"16721","2841台開","110/07/06","群益金鼎-北高雄",0,10,-10
"16722","2841台開","110/07/06","台中銀",15,0,15
"16723","2841台開","110/07/06","華南永昌-南京",0,10,-10
"16724","2841台開","110/07/06","玉山-嘉義",15,0,15
"16725","2841台開","110/07/06","富邦-花蓮",0,10,-10
"16726","2841台開","110/07/06","新光",11,0,11
"16727","2841台開","110/07/06","富邦-高雄",0,10,-10
"16728","2841台開","110/07/06","兆豐-永和",10,0,10
"16729","2841台開","110/07/06","元大-竹山",0,10,-10
"16730","2841台開","110/07/06","康和-內湖",10,0,10
"16731","2841台開","110/07/06","元大-屏東",0,10,-10
"16732","6207雷科","110/07/06","新光",45,4,41
"16733","6207雷科","110/07/06","凱基-高美館",1,104,-103
"16734","6207雷科","110/07/06","統一-基隆",30,0,30
"16735","6207雷科","110/07/06","摩根大通",11,45,-34
"16736","6207雷科","110/07/06","康和-南崁",13,0,13
"16737","6207雷科","110/07/06","群益金鼎-新竹",0,22,-22
"16738","6207雷科","110/07/06","宏遠-台南",10,0,10
"16739","6207雷科","110/07/06","港商野村",2,23,-21
"16740","6207雷科","110/07/06","國票-和平",10,0,10
"16741","6207雷科","110/07/06","凱基-台北",0,14,-14
"16742","6207雷科","110/07/06","永豐金-天母",10,0,10
"16743","6207雷科","110/07/06","台新-三民",0,12,-12
"16744","6207雷科","110/07/06","台新證券",10,1,9
"16745","6207雷科","110/07/06","群益金鼎-開元",1,11,-10
"16746","6207雷科","110/07/06","群益金鼎-士林",8,0,8
"16747","6207雷科","110/07/06","富邦-南屯",0,8,-8
"16748","6207雷科","110/07/06","群益金鼎-瑞豐",7,0,7
"16749","6207雷科","110/07/06","元大-善化",0,8,-8
"16750","6207雷科","110/07/06","元大-四維",7,0,7
"16751","6207雷科","110/07/06","日盛-頭份",0,5,-5
"16752","6207雷科","110/07/06","國票-中和",6,0,6
"16753","6207雷科","110/07/06","第一金-高雄",0,5,-5
"16754","6207雷科","110/07/06","台新-中壢",6,0,6
"16755","6207雷科","110/07/06","凱基-八德",0,5,-5
"16756","6207雷科","110/07/06","凱基-高雄",6,0,6
"16757","6207雷科","110/07/06","凱基-頭份",0,5,-5
"16758","6207雷科","110/07/06","富邦-彰化",6,0,6
"16759","6207雷科","110/07/06","合庫-新竹",0,4,-4
"16760","6207雷科","110/07/06","凱基-大安",5,0,5
"16761","6207雷科","110/07/06","新光-高雄",0,4,-4
"16762","3679新至陞","110/07/06","凱基",11,0,11
"16763","3679新至陞","110/07/06","摩根大通",0,22,-22
"16764","3679新至陞","110/07/06","台中銀-員林",11,1,10
"16765","3679新至陞","110/07/06","凱基-台北",6,21,-15
"16766","3679新至陞","110/07/06","安泰-大發",10,0,10
"16767","3679新至陞","110/07/06","瑞士信貸",0,13,-13
"16768","3679新至陞","110/07/06","香港上海匯豐",8,0,8
"16769","3679新至陞","110/07/06","富邦-苗栗",0,10,-10
"16770","3679新至陞","110/07/06","永豐金證券",8,2,6
"16771","3679新至陞","110/07/06","元大-永春",0,6,-6
"16772","3679新至陞","110/07/06","第一金-高雄",5,0,5
"16773","3679新至陞","110/07/06","凱基-興隆",0,5,-5
"16774","3679新至陞","110/07/06","群益金鼎-高盛",3,0,3
"16775","3679新至陞","110/07/06","國泰-桃園",0,3,-3
"16776","3679新至陞","110/07/06","元大-嘉義",3,0,3
"16777","3679新至陞","110/07/06","元大-萬華",2,5,-3
"16778","3679新至陞","110/07/06","臺銀-高雄",2,0,2
"16779","3679新至陞","110/07/06","美林",0,2,-2
"16780","3679新至陞","110/07/06","日盛-復興",2,0,2
"16781","3679新至陞","110/07/06","第一金-華江",0,2,-2
"16782","3679新至陞","110/07/06","日盛-樹林",4,2,2
"16783","3679新至陞","110/07/06","新光-台中",0,2,-2
"16784","3679新至陞","110/07/06","宏遠-館前",2,0,2
"16785","3679新至陞","110/07/06","華南永昌-民權",0,2,-2
"16786","3679新至陞","110/07/06","台新證券",2,0,2
"16787","3679新至陞","110/07/06","元大-板橋",0,2,-2
"16788","3679新至陞","110/07/06","康和-板橋",2,0,2
"16789","3679新至陞","110/07/06","日盛-板橋中山",0,1,-1
"16790","3679新至陞","110/07/06","群益金鼎-台南",2,0,2
"16791","3679新至陞","110/07/06","宏遠證券",0,1,-1
"16792","2727王品","110/07/06","元大證券",1033,729,304
"16793","2727王品","110/07/06","台灣摩根士丹利",35,184,-149
"16794","2727王品","110/07/06","富邦-台北",332,46,286
"16795","2727王品","110/07/06","元大-北屯",11,79,-68
"16796","2727王品","110/07/06","統一",252,43,209
"16797","2727王品","110/07/06","元富-敦南",4,70,-66
"16798","2727王品","110/07/06","永豐金-松山",147,14,133
"16799","2727王品","110/07/06","元大-基隆孝二",11,75,-64
"16800","2727王品","110/07/06","富邦-嘉義",301,198,103
"16801","2727王品","110/07/06","臺銀-臺南",9,69,-60
"16802","2727王品","110/07/06","新加坡商瑞銀",128,34,94
"16803","2727王品","110/07/06","中國信託-忠孝",5,48,-43
"16804","2727王品","110/07/06","元富-台南",97,6,91
"16805","2727王品","110/07/06","永豐金-市政",5,46,-41
"16806","2727王品","110/07/06","台新證券",169,105,64
"16807","2727王品","110/07/06","彰銀-台中",19,56,-37
"16808","2727王品","110/07/06","美林",115,58,57
"16809","2727王品","110/07/06","玉山證券",30,67,-37
"16810","2727王品","110/07/06","華南永昌",75,23,52
"16811","2727王品","110/07/06","凱基-埔墘",4,41,-37
"16812","2727王品","110/07/06","凱基-台北",445,398,47
"16813","2727王品","110/07/06","永豐金-大園",3,40,-37
"16814","2727王品","110/07/06","凱基-大直",48,7,41
"16815","2727王品","110/07/06","元富",2,37,-35
"16816","2727王品","110/07/06","凱基-林口",45,4,41
"16817","2727王品","110/07/06","富邦-仁愛",32,64,-32
"16818","2727王品","110/07/06","德信",40,1,39
"16819","2727王品","110/07/06","玉山-板橋",52,82,-30
"16820","2727王品","110/07/06","第一金",42,5,37
"16821","2727王品","110/07/06","中國信託-文心",10,39,-29
"16822","1570力肯","110/07/06","香港上海匯豐",47,0,47
"16823","1570力肯","110/07/06","新光",2,107,-105
"16824","1570力肯","110/07/06","元大-高雄",55,16,39
"16825","1570力肯","110/07/06","摩根大通",11,58,-47
"16826","1570力肯","110/07/06","元富-緯城",37,0,37
"16827","1570力肯","110/07/06","高橋",4,50,-46
"16828","1570力肯","110/07/06","台新-台南",16,0,16
"16829","1570力肯","110/07/06","合庫-桃園",0,20,-20
"16830","1570力肯","110/07/06","元大-新竹經國",14,0,14
"16831","1570力肯","110/07/06","永豐金-板盛",0,18,-18
"16832","1570力肯","110/07/06","富邦-左營",12,0,12
"16833","1570力肯","110/07/06","華南永昌-公誠",0,9,-9
"16834","1570力肯","110/07/06","國票-中正",12,2,10
"16835","1570力肯","110/07/06","凱基-台北",1,9,-8
"16836","1570力肯","110/07/06","國票-博愛",10,0,10
"16837","1570力肯","110/07/06","臺銀-臺中",0,6,-6
"16838","1570力肯","110/07/06","統一-敦南",12,5,7
"16839","1570力肯","110/07/06","台新-三民",0,5,-5
"16840","1570力肯","110/07/06","群益金鼎-三重",7,0,7
"16841","1570力肯","110/07/06","華南永昌-麻豆",0,5,-5
"16842","1570力肯","110/07/06","臺銀-臺南",6,0,6
"16843","1570力肯","110/07/06","合庫-台南",0,4,-4
"16844","1570力肯","110/07/06","大慶-蘆洲",6,0,6
"16845","1570力肯","110/07/06","統一-員林",0,4,-4
"16846","1570力肯","110/07/06","元富-新店",6,0,6
"16847","1570力肯","110/07/06","康和-澎湖",0,4,-4
"16848","1570力肯","110/07/06","玉山-雙和",7,1,6
"16849","1570力肯","110/07/06","華南永昌-斗六",0,4,-4
"16850","1570力肯","110/07/06","永豐金-敦南",9,3,6
"16851","1570力肯","110/07/06","元大-和平",0,4,-4
"16852","6180橘子","110/07/06","凱基-台北",72,12,60
"16853","6180橘子","110/07/06","臺銀-金山",5,105,-100
"16854","6180橘子","110/07/06","美林",29,0,29
"16855","6180橘子","110/07/06","元大-台中",0,100,-100
"16856","6180橘子","110/07/06","合庫-自強",21,0,21
"16857","6180橘子","110/07/06","康和-台南",3,50,-47
"16858","6180橘子","110/07/06","凱基-三峽",17,0,17
"16859","6180橘子","110/07/06","元大-中和",0,35,-35
"16860","6180橘子","110/07/06","富邦-虎尾",15,1,14
"16861","6180橘子","110/07/06","中國信託-忠孝",0,16,-16
"16862","6180橘子","110/07/06","元富-潮州",13,0,13
"16863","6180橘子","110/07/06","玉山-高雄",0,12,-12
"16864","6180橘子","110/07/06","中國信託-永康",13,0,13
"16865","6180橘子","110/07/06","港商野村",0,11,-11
"16866","6180橘子","110/07/06","元大-草屯",18,5,13
"16867","6180橘子","110/07/06","群益金鼎-松山",0,11,-11
"16868","6180橘子","110/07/06","臺銀",11,0,11
"16869","6180橘子","110/07/06","永豐金-豐原",0,11,-11
"16870","6180橘子","110/07/06","新光",15,4,11
"16871","6180橘子","110/07/06","元富-嘉義",5,15,-10
"16872","6180橘子","110/07/06","元大-竹東",11,0,11
"16873","6180橘子","110/07/06","玉山-士林",0,10,-10
"16874","6180橘子","110/07/06","宏遠-台中",10,0,10
"16875","6180橘子","110/07/06","凱基-北門",0,10,-10
"16876","6180橘子","110/07/06","第一金-台南",10,0,10
"16877","6180橘子","110/07/06","第一金-忠孝",0,9,-9
"16878","6180橘子","110/07/06","國泰-敦南",10,0,10
"16879","6180橘子","110/07/06","統一-基隆",0,9,-9
"16880","6180橘子","110/07/06","富邦-嘉義",10,0,10
"16881","6180橘子","110/07/06","安泰-大發",1,10,-9
"16882","2390云辰","110/07/06","元大-天母",975,276,699
"16883","2390云辰","110/07/06","台灣摩根士丹利",3,265,-262
"16884","2390云辰","110/07/06","摩根大通",688,312,376
"16885","2390云辰","110/07/06","群益金鼎-海山",3,166,-163
"16886","2390云辰","110/07/06","國泰-忠孝",164,3,161
"16887","2390云辰","110/07/06","國泰-敦南",188,339,-151
"16888","2390云辰","110/07/06","富邦-北港",140,7,133
"16889","2390云辰","110/07/06","元大-土城學府",12,119,-107
"16890","2390云辰","110/07/06","聯邦商銀",151,22,129
"16891","2390云辰","110/07/06","永豐金-高雄",4,103,-99
"16892","2390云辰","110/07/06","中國信託-文心",143,17,126
"16893","2390云辰","110/07/06","土銀-士林",0,94,-94
"16894","2390云辰","110/07/06","永豐金-中正",133,7,126
"16895","2390云辰","110/07/06","元大-佳里",11,91,-80
"16896","2390云辰","110/07/06","群益金鼎-大興",178,76,102
"16897","2390云辰","110/07/06","玉山-台中",10,86,-76
"16898","2390云辰","110/07/06","元富-中港",103,3,100
"16899","2390云辰","110/07/06","新光",251,324,-73
"16900","2390云辰","110/07/06","統一-新台中",104,12,92
"16901","2390云辰","110/07/06","富邦-敦南",29,101,-72
"16902","2390云辰","110/07/06","新加坡商瑞銀",211,120,91
"16903","2390云辰","110/07/06","兆豐-台中",0,58,-58
"16904","2390云辰","110/07/06","兆豐-忠孝",100,11,89
"16905","2390云辰","110/07/06","日盛證券",16,73,-57
"16906","2390云辰","110/07/06","凱基-林口",87,9,78
"16907","2390云辰","110/07/06","元大-東泰",5,61,-56
"16908","2390云辰","110/07/06","元富-西松",72,4,68
"16909","2390云辰","110/07/06","台新證券",136,190,-54
"16910","2390云辰","110/07/06","台新-左楠",66,9,57
"16911","2390云辰","110/07/06","元大-六合",10,63,-53
