"","stake","date","name","buy","sell","total"
"1","1471首利","110/07/28","美林",138,26,112
"2","1471首利","110/07/28","玉山-台大",0,234,-234
"3","1471首利","110/07/28","摩根大通",164,80,84
"4","1471首利","110/07/28","國票-九鼎",0,149,-149
"5","1471首利","110/07/28","(牛牛牛)亞-鑫豐",65,0,65
"6","1471首利","110/07/28","台中銀",0,69,-69
"7","1471首利","110/07/28","大昌-新店",44,0,44
"8","1471首利","110/07/28","元大-博愛",0,32,-32
"9","1471首利","110/07/28","玉山-桃園",69,30,39
"10","1471首利","110/07/28","凱基-竹北",0,30,-30
"11","1471首利","110/07/28","兆豐-鹿港",28,0,28
"12","1471首利","110/07/28","富邦-苗栗",0,30,-30
"13","1471首利","110/07/28","聯邦-高雄",21,0,21
"14","1471首利","110/07/28","港商法國興業",0,22,-22
"15","1471首利","110/07/28","永豐金-中正",21,0,21
"16","1471首利","110/07/28","國票-安和",0,20,-20
"17","1471首利","110/07/28","第一金-高雄",16,0,16
"18","1471首利","110/07/28","華南永昌-苑裡",0,15,-15
"19","1471首利","110/07/28","統一-桃園",13,0,13
"20","1471首利","110/07/28","日盛-中壢",0,13,-13
"21","1471首利","110/07/28","新光-台中",19,6,13
"22","1471首利","110/07/28","玉山-台南",0,13,-13
"23","1471首利","110/07/28","彰銀-七賢",11,0,11
"24","1471首利","110/07/28","凱基-桃園",0,12,-12
"25","1471首利","110/07/28","第一金-台南",11,0,11
"26","1471首利","110/07/28","聯邦-雙和",0,11,-11
"27","1471首利","110/07/28","台新證券",11,0,11
"28","1471首利","110/07/28","統一-新營",0,10,-10
"29","1471首利","110/07/28","凱基-東勢",11,0,11
"30","1471首利","110/07/28","凱基-城中",0,10,-10
"31","2883開發金","110/07/28","摩根大通",5171,647,4524
"32","2883開發金","110/07/28","台灣摩根士丹利",921,11451,-10530
"33","2883開發金","110/07/28","瑞士信貸",4234,62,4172
"34","2883開發金","110/07/28","美商高盛",522,3615,-3093
"35","2883開發金","110/07/28","國泰證券",2247,28,2219
"36","2883開發金","110/07/28","(牛牛牛)亞證券",0,3000,-3000
"37","2883開發金","110/07/28","元大證券",2306,91,2215
"38","2883開發金","110/07/28","康和-仁愛",17,3004,-2987
"39","2883開發金","110/07/28","元富-城東",2203,113,2090
"40","2883開發金","110/07/28","第一金",18,2301,-2283
"41","2883開發金","110/07/28","新加坡商瑞銀",1840,81,1759
"42","2883開發金","110/07/28","凱基-台北",3735,5169,-1434
"43","2883開發金","110/07/28","永豐金-彰化",1682,27,1655
"44","2883開發金","110/07/28","宏遠-高雄",4,1420,-1416
"45","2883開發金","110/07/28","日盛證券",1637,9,1628
"46","2883開發金","110/07/28","亞東-板橋",507,1722,-1215
"47","2883開發金","110/07/28","元大-彰化",1183,11,1172
"48","2883開發金","110/07/28","凱基-豐中",32,1127,-1095
"49","2883開發金","110/07/28","美林",2507,1378,1129
"50","2883開發金","110/07/28","群益金鼎-三重",65,993,-928
"51","2883開發金","110/07/28","華南永昌",1204,239,965
"52","2883開發金","110/07/28","元大-羅東",30,872,-842
"53","2883開發金","110/07/28","日盛-台南",816,6,810
"54","2883開發金","110/07/28","花旗環球",188,1004,-816
"55","2883開發金","110/07/28","台新-松江",722,40,682
"56","2883開發金","110/07/28","華南永昌-朴子",33,716,-683
"57","2883開發金","110/07/28","新光-台中",858,231,627
"58","2883開發金","110/07/28","元大-永和",31,700,-669
"59","2883開發金","110/07/28","凱基-員林",634,25,609
"60","2883開發金","110/07/28","玉山-台南",97,738,-641
"61","6205詮欣","110/07/28","臺銀",30,0,30
"62","6205詮欣","110/07/28","台灣摩根士丹利",0,59,-59
"63","6205詮欣","110/07/28","元大-善化",30,0,30
"64","6205詮欣","110/07/28","凱基-大安",0,50,-50
"65","6205詮欣","110/07/28","日盛證券",16,0,16
"66","6205詮欣","110/07/28","元大-板橋",0,20,-20
"67","6205詮欣","110/07/28","元大-土城學府",15,3,12
"68","6205詮欣","110/07/28","摩根大通",17,30,-13
"69","6205詮欣","110/07/28","臺銀-民權",10,0,10
"70","6205詮欣","110/07/28","凱基-台北",0,11,-11
"71","6205詮欣","110/07/28","德信-新營",10,0,10
"72","6205詮欣","110/07/28","新加坡商瑞銀",0,10,-10
"73","6205詮欣","110/07/28","福勝",10,0,10
"74","6205詮欣","110/07/28","第一金-新竹",0,10,-10
"75","6205詮欣","110/07/28","元大-清水",10,0,10
"76","6205詮欣","110/07/28","台新-高雄",0,6,-6
"77","6205詮欣","110/07/28","新光",9,0,9
"78","6205詮欣","110/07/28","凱基-三多",0,6,-6
"79","6205詮欣","110/07/28","群益金鼎-屏東",7,0,7
"80","6205詮欣","110/07/28","美林",2,7,-5
"81","6205詮欣","110/07/28","元大-汐止",6,0,6
"82","6205詮欣","110/07/28","瑞士信貸",0,5,-5
"83","6205詮欣","110/07/28","統一-屏東",5,0,5
"84","6205詮欣","110/07/28","中國信託-三重",0,5,-5
"85","6205詮欣","110/07/28","日盛-三重",4,0,4
"86","6205詮欣","110/07/28","日盛-雙和",0,4,-4
"87","6205詮欣","110/07/28","亞東-板橋",4,0,4
"88","6205詮欣","110/07/28","宏遠-光隆",0,4,-4
"89","6205詮欣","110/07/28","台中銀",4,0,4
"90","6205詮欣","110/07/28","兆豐-新莊",0,4,-4
"91","1540喬福","110/07/28","兆豐-北高雄",48,0,48
"92","1540喬福","110/07/28","合庫-台中",1,60,-59
"93","1540喬福","110/07/28","兆豐-台中港",33,0,33
"94","1540喬福","110/07/28","凱基-台北",0,44,-44
"95","1540喬福","110/07/28","大慶-中壢",19,0,19
"96","1540喬福","110/07/28","元大-學甲",0,35,-35
"97","1540喬福","110/07/28","富邦-員林",18,0,18
"98","1540喬福","110/07/28","統一-新台中",0,26,-26
"99","1540喬福","110/07/28","(牛牛牛)亞-鑫豐",12,0,12
"100","1540喬福","110/07/28","新光-新竹",0,21,-21
"101","1540喬福","110/07/28","元富-文心",10,0,10
"102","1540喬福","110/07/28","富邦-台北",0,20,-20
"103","1540喬福","110/07/28","光和-和美",10,0,10
"104","1540喬福","110/07/28","富邦-南屯",0,20,-20
"105","1540喬福","110/07/28","永豐金-三重",9,0,9
"106","1540喬福","110/07/28","元大-鶯歌",0,10,-10
"107","1540喬福","110/07/28","臺銀-鳳山",8,0,8
"108","1540喬福","110/07/28","元大-豐原",0,7,-7
"109","1540喬福","110/07/28","元大-斗六",7,0,7
"110","1540喬福","110/07/28","大昌-樹林",0,6,-6
"111","1540喬福","110/07/28","台新-台中",6,0,6
"112","1540喬福","110/07/28","新光-桃園",0,5,-5
"113","1540喬福","110/07/28","華南永昌-中正",6,0,6
"114","1540喬福","110/07/28","凱基-站前",0,5,-5
"115","1540喬福","110/07/28","永豐金-台中",6,0,6
"116","1540喬福","110/07/28","臺銀",0,4,-4
"117","1540喬福","110/07/28","臺銀-民權",5,0,5
"118","1540喬福","110/07/28","台新證券",0,3,-3
"119","1540喬福","110/07/28","元富-中原",5,0,5
"120","1540喬福","110/07/28","台新-高雄",0,3,-3
"121","2888新光金","110/07/28","臺銀-高雄",3050,3,3047
"122","2888新光金","110/07/28","摩根大通",2543,11316,-8773
"123","2888新光金","110/07/28","元富-城東",2019,129,1890
"124","2888新光金","110/07/28","香港上海匯豐",120,7576,-7456
"125","2888新光金","110/07/28","元大證券",2106,407,1699
"126","2888新光金","110/07/28","凱基-台北",1641,5238,-3597
"127","2888新光金","110/07/28","凱基-台南",1068,33,1035
"128","2888新光金","110/07/28","新加坡商瑞銀",0,3572,-3572
"129","2888新光金","110/07/28","彰銀-台中",1098,75,1023
"130","2888新光金","110/07/28","台灣摩根士丹利",4358,7129,-2771
"131","2888新光金","110/07/28","元富-城中",1003,0,1003
"132","2888新光金","110/07/28","元大-大統",103,2853,-2750
"133","2888新光金","110/07/28","元大-大天母",1113,119,994
"134","2888新光金","110/07/28","光和",204,2235,-2031
"135","2888新光金","110/07/28","元大-仁愛",761,1,760
"136","2888新光金","110/07/28","兆豐-鹿港",80,1755,-1675
"137","2888新光金","110/07/28","日盛-雙和",927,179,748
"138","2888新光金","110/07/28","凱基-市政",17,1447,-1430
"139","2888新光金","110/07/28","元大-大里",648,0,648
"140","2888新光金","110/07/28","華南永昌-敦南",66,1320,-1254
"141","2888新光金","110/07/28","凱基-竹科",2665,2026,639
"142","2888新光金","110/07/28","法銀巴黎",195,1423,-1228
"143","2888新光金","110/07/28","日盛-高雄",619,11,608
"144","2888新光金","110/07/28","臺銀",123,1343,-1220
"145","2888新光金","110/07/28","群益金鼎-海山",710,151,559
"146","2888新光金","110/07/28","花旗環球",0,865,-865
"147","2888新光金","110/07/28","台新證券",855,305,550
"148","2888新光金","110/07/28","元大-鹿港",46,848,-802
"149","2888新光金","110/07/28","國泰-敦南",774,237,537
"150","2888新光金","110/07/28","合庫-台中",121,800,-679
"151","1340勝悅","110/07/28","新光-台南",50,0,50
"152","1340勝悅","110/07/28","兆豐-南京",0,25,-25
"153","1340勝悅","110/07/28","臺銀-臺中",6,0,6
"154","1340勝悅","110/07/28","凱基-台北",0,22,-22
"155","1340勝悅","110/07/28","新光",6,0,6
"156","1340勝悅","110/07/28","美林",0,12,-12
"157","1340勝悅","110/07/28","臺灣企銀-埔墘",5,0,5
"158","1340勝悅","110/07/28","群益金鼎-台中",0,11,-11
"159","1340勝悅","110/07/28","國票-敦北法人",5,0,5
"160","1340勝悅","110/07/28","合庫-西台中",1,10,-9
"161","1340勝悅","110/07/28","國泰-高雄",5,0,5
"162","1340勝悅","110/07/28","元大-基隆孝二",0,8,-8
"163","1340勝悅","110/07/28","國泰-台中",5,0,5
"164","1340勝悅","110/07/28","統一-城中",0,7,-7
"165","1340勝悅","110/07/28","群益金鼎-館前",5,0,5
"166","1340勝悅","110/07/28","凱基-幸福",0,7,-7
"167","1340勝悅","110/07/28","中國信託-文心",3,0,3
"168","1340勝悅","110/07/28","臺銀-新竹",0,5,-5
"169","1340勝悅","110/07/28","群益金鼎-崇德",3,0,3
"170","1340勝悅","110/07/28","港商法國興業",0,5,-5
"171","1340勝悅","110/07/28","元大-永春",3,0,3
"172","1340勝悅","110/07/28","元大-新竹經國",0,5,-5
"173","1340勝悅","110/07/28","永豐金-松山",3,0,3
"174","1340勝悅","110/07/28","台新證券",0,4,-4
"175","1340勝悅","110/07/28","永豐金-嘉義",3,0,3
"176","1340勝悅","110/07/28","港商野村",0,3,-3
"177","1340勝悅","110/07/28","日盛-木柵",2,0,2
"178","1340勝悅","110/07/28","摩根大通",0,3,-3
"179","1340勝悅","110/07/28","台新-台中",2,0,2
"180","1340勝悅","110/07/28","富邦-台北",0,3,-3
"181","6246臺龍","110/07/28","元大-基隆孝二",32,0,32
"182","6246臺龍","110/07/28","永豐金-桃園",4,135,-131
"183","6246臺龍","110/07/28","合庫-台中",30,0,30
"184","6246臺龍","110/07/28","港商野村",5,93,-88
"185","6246臺龍","110/07/28","元大-木柵",30,0,30
"186","6246臺龍","110/07/28","凱基-台北",9,65,-56
"187","6246臺龍","110/07/28","光和",21,0,21
"188","6246臺龍","110/07/28","元大-西螺",0,31,-31
"189","6246臺龍","110/07/28","宏遠-民生",20,0,20
"190","6246臺龍","110/07/28","群益金鼎-鳳山",0,27,-27
"191","6246臺龍","110/07/28","第一金-安和",20,0,20
"192","6246臺龍","110/07/28","元大-西屯",0,25,-25
"193","6246臺龍","110/07/28","兆豐-竹北",24,4,20
"194","6246臺龍","110/07/28","永豐金-虎尾",6,27,-21
"195","6246臺龍","110/07/28","凱基-幸福",20,0,20
"196","6246臺龍","110/07/28","日盛-台中",1,20,-19
"197","6246臺龍","110/07/28","德信-新營",19,0,19
"198","6246臺龍","110/07/28","統一",0,16,-16
"199","6246臺龍","110/07/28","台新證券",21,4,17
"200","6246臺龍","110/07/28","群益金鼎-土城",0,16,-16
"201","6246臺龍","110/07/28","華南永昌-公誠",17,0,17
"202","6246臺龍","110/07/28","元大-員林",0,15,-15
"203","6246臺龍","110/07/28","中國信託-文心",15,0,15
"204","6246臺龍","110/07/28","華南永昌-長虹",0,11,-11
"205","6246臺龍","110/07/28","群益金鼎-崇德",15,0,15
"206","6246臺龍","110/07/28","日盛-中壢",0,10,-10
"207","6246臺龍","110/07/28","兆豐-公益",12,0,12
"208","6246臺龍","110/07/28","第一金-彰化",0,10,-10
"209","6246臺龍","110/07/28","國票",12,0,12
"210","6246臺龍","110/07/28","元富-中原",0,10,-10
"211","00715L期街口布蘭特正2","110/07/28","永豐金證券",5725,30,5695
"212","00715L期街口布蘭特正2","110/07/28","元大-四維",0,2013,-2013
"213","00715L期街口布蘭特正2","110/07/28","元大證券",5235,705,4530
"214","00715L期街口布蘭特正2","110/07/28","凱基-豐中",0,1536,-1536
"215","00715L期街口布蘭特正2","110/07/28","國票",2733,11,2722
"216","00715L期街口布蘭特正2","110/07/28","華南永昌-東昇",0,1010,-1010
"217","00715L期街口布蘭特正2","110/07/28","富邦證券",2340,417,1923
"218","00715L期街口布蘭特正2","110/07/28","兆豐-三民",0,1004,-1004
"219","00715L期街口布蘭特正2","110/07/28","凱基-台北",2241,325,1916
"220","00715L期街口布蘭特正2","110/07/28","元富-古亭",0,600,-600
"221","00715L期街口布蘭特正2","110/07/28","統一",1635,132,1503
"222","00715L期街口布蘭特正2","110/07/28","台新-新營",20,558,-538
"223","00715L期街口布蘭特正2","110/07/28","國票-中港",1500,0,1500
"224","00715L期街口布蘭特正2","110/07/28","富邦-台北",0,453,-453
"225","00715L期街口布蘭特正2","110/07/28","兆豐-台中",525,6,519
"226","00715L期街口布蘭特正2","110/07/28","港商野村",71,519,-448
"227","00715L期街口布蘭特正2","110/07/28","合庫證券",1008,500,508
"228","00715L期街口布蘭特正2","110/07/28","第一金-自由",10,405,-395
"229","00715L期街口布蘭特正2","110/07/28","永豐金-三重",500,0,500
"230","00715L期街口布蘭特正2","110/07/28","玉山-高雄",17,387,-370
"231","00715L期街口布蘭特正2","110/07/28","凱基-市政",500,1,499
"232","00715L期街口布蘭特正2","110/07/28","統一-桃園",0,331,-331
"233","00715L期街口布蘭特正2","110/07/28","元富-大裕",500,8,492
"234","00715L期街口布蘭特正2","110/07/28","元富-中壢",0,309,-309
"235","00715L期街口布蘭特正2","110/07/28","永豐金-內湖",503,18,485
"236","00715L期街口布蘭特正2","110/07/28","台新證券",21,329,-308
"237","00715L期街口布蘭特正2","110/07/28","元富-吉利",280,0,280
"238","00715L期街口布蘭特正2","110/07/28","國票-台中",0,275,-275
"239","00715L期街口布蘭特正2","110/07/28","國票-博愛",200,0,200
"240","00715L期街口布蘭特正2","110/07/28","日盛-木柵",0,268,-268
"241","8941關中","110/07/28","第一金-台南",2,0,2
"242","8941關中","110/07/28","聯邦-富強",0,3,-3
"243","8941關中","110/07/28","元大-西屯",2,0,2
"244","8941關中","110/07/28","富邦-員林",0,3,-3
"245","8941關中","110/07/28","玉山證券",1,0,1
"246","8941關中","110/07/28","第一金-安和",0,2,-2
"247","8941關中","110/07/28","國泰-忠孝",1,0,1
"248","8941關中","110/07/28","第一金-台中",0,1,-1
"249","8941關中","110/07/28","凱基-岡山",1,0,1
"250","8941關中","110/07/28","玉山-台中",0,0,0
"251","8941關中","110/07/28","富邦-羅東",1,0,1
"252","8941關中","110/07/28","元大-新竹經國",0,0,0
"253","8941關中","110/07/28","永豐金-敦南",1,0,1
"254","8941關中","110/07/28","元大-桃興",1,1,0
"255","8941關中","110/07/28","玉山-台中",0,0,0
"256","8941關中","110/07/28","",NA,NA,NA
"257","8941關中","110/07/28","元大-新竹經國",0,0,0
"258","8941關中","110/07/28","",NA,NA,NA
"259","8941關中","110/07/28","元大-桃興",1,1,0
"260","8941關中","110/07/28","",NA,NA,NA
"261","8941關中","110/07/28","",NA,NA,NA
"262","8941關中","110/07/28","",NA,NA,NA
"263","8941關中","110/07/28","",NA,NA,NA
"264","8941關中","110/07/28","",NA,NA,NA
"265","8941關中","110/07/28","",NA,NA,NA
"266","8941關中","110/07/28","",NA,NA,NA
"267","8941關中","110/07/28","",NA,NA,NA
"268","8941關中","110/07/28","",NA,NA,NA
"269","8941關中","110/07/28","",NA,NA,NA
"270","8941關中","110/07/28","",NA,NA,NA
"271","8936國統","110/07/28","宏遠-高雄",141,1,140
"272","8936國統","110/07/28","摩根大通",82,517,-435
"273","8936國統","110/07/28","日盛-景美",100,0,100
"274","8936國統","110/07/28","凱基-台北",5,290,-285
"275","8936國統","110/07/28","永豐金-苓雅",67,0,67
"276","8936國統","110/07/28","瑞士信貸",0,245,-245
"277","8936國統","110/07/28","玉山-台南",64,0,64
"278","8936國統","110/07/28","台灣摩根士丹利",16,176,-160
"279","8936國統","110/07/28","國票-北高雄",61,1,60
"280","8936國統","110/07/28","凱基-市政",11,110,-99
"281","8936國統","110/07/28","玉山-高雄",49,0,49
"282","8936國統","110/07/28","元大-東蘆",0,82,-82
"283","8936國統","110/07/28","元大-小港",47,0,47
"284","8936國統","110/07/28","新加坡商瑞銀",128,205,-77
"285","8936國統","110/07/28","元大-台中",40,0,40
"286","8936國統","110/07/28","元大-歸仁",30,75,-45
"287","8936國統","110/07/28","新光-台中",41,7,34
"288","8936國統","110/07/28","台新-台中",17,55,-38
"289","8936國統","110/07/28","元大-豐原站前",32,0,32
"290","8936國統","110/07/28","康和",20,58,-38
"291","8936國統","110/07/28","玉山-台中",31,0,31
"292","8936國統","110/07/28","第一金-新興",0,31,-31
"293","8936國統","110/07/28","富邦-高雄",26,0,26
"294","8936國統","110/07/28","元富-松德",0,30,-30
"295","8936國統","110/07/28","元大-鳳中",30,5,25
"296","8936國統","110/07/28","元大-中和",2,30,-28
"297","8936國統","110/07/28","元富-林園",20,0,20
"298","8936國統","110/07/28","兆豐-嘉義",0,22,-22
"299","8936國統","110/07/28","兆豐-北高雄",20,0,20
"300","8936國統","110/07/28","美林",11,32,-21
"301","6226光鼎","110/07/28","群益金鼎-萬華",147,14,133
"302","6226光鼎","110/07/28","群益金鼎-敦南",5,282,-277
"303","6226光鼎","110/07/28","台新-台中",227,114,113
"304","6226光鼎","110/07/28","華南永昌",19,142,-123
"305","6226光鼎","110/07/28","摩根大通",109,0,109
"306","6226光鼎","110/07/28","康和-台北",0,100,-100
"307","6226光鼎","110/07/28","統一",107,0,107
"308","6226光鼎","110/07/28","臺銀-民權",4,100,-96
"309","6226光鼎","110/07/28","凱基-台北",103,1,102
"310","6226光鼎","110/07/28","元大-潮州",11,102,-91
"311","6226光鼎","110/07/28","台灣摩根士丹利",104,7,97
"312","6226光鼎","110/07/28","華南永昌-嘉義",50,130,-80
"313","6226光鼎","110/07/28","群益金鼎-館前",97,0,97
"314","6226光鼎","110/07/28","台新證券",79,153,-74
"315","6226光鼎","110/07/28","國泰-台中",97,20,77
"316","6226光鼎","110/07/28","玉山-台南",4,74,-70
"317","6226光鼎","110/07/28","元大-嘉義",83,16,67
"318","6226光鼎","110/07/28","臺銀-臺中",6,65,-59
"319","6226光鼎","110/07/28","新光-桃園",69,8,61
"320","6226光鼎","110/07/28","富邦-仁愛",6,63,-57
"321","6226光鼎","110/07/28","群益金鼎-三重",59,2,57
"322","6226光鼎","110/07/28","凱基-大里",0,51,-51
"323","6226光鼎","110/07/28","日盛-員林",63,12,51
"324","6226光鼎","110/07/28","國泰-敦南",116,166,-50
"325","6226光鼎","110/07/28","永豐金-松山",66,20,46
"326","6226光鼎","110/07/28","元富-中港",2,51,-49
"327","6226光鼎","110/07/28","統一-內湖",48,7,41
"328","6226光鼎","110/07/28","群益金鼎-延平",0,49,-49
"329","6226光鼎","110/07/28","凱基-高美館",51,10,41
"330","6226光鼎","110/07/28","元大-新竹經國",5,53,-48
"331","2363矽統","110/07/28","摩根大通",809,282,527
"332","2363矽統","110/07/28","國泰-敦南",145,861,-716
"333","2363矽統","110/07/28","美商高盛",532,264,268
"334","2363矽統","110/07/28","元大-台中",18,384,-366
"335","2363矽統","110/07/28","台新-三民",263,18,245
"336","2363矽統","110/07/28","新光",197,525,-328
"337","2363矽統","110/07/28","台新證券",929,703,226
"338","2363矽統","110/07/28","群益金鼎-三民",24,266,-242
"339","2363矽統","110/07/28","第一金-嘉義",154,0,154
"340","2363矽統","110/07/28","凱基-斗六",0,187,-187
"341","2363矽統","110/07/28","凱基-台北",1039,889,150
"342","2363矽統","110/07/28","元大-上新莊",3,134,-131
"343","2363矽統","110/07/28","永豐金-竹科",132,11,121
"344","2363矽統","110/07/28","永豐金-彰化",5,134,-129
"345","2363矽統","110/07/28","華南永昌-鳳山",146,34,112
"346","2363矽統","110/07/28","日盛-二林",15,142,-127
"347","2363矽統","110/07/28","第一金-新興",108,1,107
"348","2363矽統","110/07/28","元大證券",18,125,-107
"349","2363矽統","110/07/28","港商野村",673,568,105
"350","2363矽統","110/07/28","新光-台南",25,129,-104
"351","2363矽統","110/07/28","群益金鼎-桃園",111,11,100
"352","2363矽統","110/07/28","統一",7,109,-102
"353","2363矽統","110/07/28","台新-左楠",94,15,79
"354","2363矽統","110/07/28","康和-南崁",11,108,-97
"355","2363矽統","110/07/28","新加坡商瑞銀",789,711,78
"356","2363矽統","110/07/28","國票",25,121,-96
"357","2363矽統","110/07/28","國票-九鼎",99,26,73
"358","2363矽統","110/07/28","群益金鼎-敦南",11,107,-96
"359","2363矽統","110/07/28","兆豐-埔墘",62,0,62
"360","2363矽統","110/07/28","兆豐-寶成",2,79,-77
"361","8112至上","110/07/28","摩根大通",630,183,447
"362","8112至上","110/07/28","永豐金-永康",0,242,-242
"363","8112至上","110/07/28","合庫證券",317,21,296
"364","8112至上","110/07/28","高橋",3,222,-219
"365","8112至上","110/07/28","新加坡商瑞銀",417,132,285
"366","8112至上","110/07/28","玉山證券",2,206,-204
"367","8112至上","110/07/28","台灣摩根士丹利",253,58,195
"368","8112至上","110/07/28","新光",50,206,-156
"369","8112至上","110/07/28","港商野村",350,164,186
"370","8112至上","110/07/28","永豐金-苓雅",2,102,-100
"371","8112至上","110/07/28","美商高盛",184,7,177
"372","8112至上","110/07/28","凱基-永和",0,80,-80
"373","8112至上","110/07/28","美林",213,53,160
"374","8112至上","110/07/28","華南永昌-新莊",60,134,-74
"375","8112至上","110/07/28","花旗環球",86,16,70
"376","8112至上","110/07/28","台新-松江",27,90,-63
"377","8112至上","110/07/28","玉山-板橋",82,17,65
"378","8112至上","110/07/28","宏遠證券",1,50,-49
"379","8112至上","110/07/28","凱基-竹科",67,3,64
"380","8112至上","110/07/28","元大-苑裡",23,72,-49
"381","8112至上","110/07/28","元大-府城",56,0,56
"382","8112至上","110/07/28","元大-基隆孝二",5,53,-48
"383","8112至上","110/07/28","永豐金-內湖",37,0,37
"384","8112至上","110/07/28","康和-仁愛",5,51,-46
"385","8112至上","110/07/28","瑞士信貸",58,26,32
"386","8112至上","110/07/28","台新證券",31,73,-42
"387","8112至上","110/07/28","元大證券",60,29,31
"388","8112至上","110/07/28","兆豐-公益",0,40,-40
"389","8112至上","110/07/28","元富-新店",35,5,30
"390","8112至上","110/07/28","中國信託-忠孝",1,37,-36
"391","1570力肯","110/07/28","國泰-敦南",50,0,50
"392","1570力肯","110/07/28","元大-高雄",0,42,-42
"393","1570力肯","110/07/28","群益金鼎-高雄",31,0,31
"394","1570力肯","110/07/28","國票-新莊",0,14,-14
"395","1570力肯","110/07/28","元富-延平",15,0,15
"396","1570力肯","110/07/28","凱基-站前",0,10,-10
"397","1570力肯","110/07/28","(牛牛牛)亞-鑫豐",10,0,10
"398","1570力肯","110/07/28","凱基-台北",0,10,-10
"399","1570力肯","110/07/28","元富-緯城",6,0,6
"400","1570力肯","110/07/28","元大-忠孝",0,10,-10
"401","1570力肯","110/07/28","合庫-自強",5,0,5
"402","1570力肯","110/07/28","台灣摩根士丹利",0,9,-9
"403","1570力肯","110/07/28","臺銀-臺南",4,0,4
"404","1570力肯","110/07/28","群益金鼎-板橋",0,8,-8
"405","1570力肯","110/07/28","兆豐-台中港",3,0,3
"406","1570力肯","110/07/28","永豐金-大園",0,7,-7
"407","1570力肯","110/07/28","日盛-板橋",2,0,2
"408","1570力肯","110/07/28","元大-台南",0,5,-5
"409","1570力肯","110/07/28","統一-松江",2,0,2
"410","1570力肯","110/07/28","合庫-台中",0,4,-4
"411","1570力肯","110/07/28","台新-三民",2,0,2
"412","1570力肯","110/07/28","富邦-板橋",0,3,-3
"413","1570力肯","110/07/28","群益金鼎-土城",2,0,2
"414","1570力肯","110/07/28","元大-板橋",0,3,-3
"415","1570力肯","110/07/28","元大-和平",2,0,2
"416","1570力肯","110/07/28","統一-桃園",0,2,-2
"417","1570力肯","110/07/28","元大-土城永寧",2,0,2
"418","1570力肯","110/07/28","凱基-三多",0,2,-2
"419","1570力肯","110/07/28","大昌-樹林",1,0,1
"420","1570力肯","110/07/28","華南永昌-高雄",0,2,-2
"421","2929淘帝","110/07/28","日盛-八德",40,0,40
"422","2929淘帝","110/07/28","凱基-林口",0,150,-150
"423","2929淘帝","110/07/28","玉山-新竹",30,0,30
"424","2929淘帝","110/07/28","日盛-台中",0,35,-35
"425","2929淘帝","110/07/28","國泰-松江",33,3,30
"426","2929淘帝","110/07/28","永豐金-永康",0,21,-21
"427","2929淘帝","110/07/28","元大-民生",28,0,28
"428","2929淘帝","110/07/28","新加坡商瑞銀",13,32,-19
"429","2929淘帝","110/07/28","合庫-高雄",21,0,21
"430","2929淘帝","110/07/28","國泰-敦南",2,20,-18
"431","2929淘帝","110/07/28","華南永昌",20,0,20
"432","2929淘帝","110/07/28","臺銀",2,17,-15
"433","2929淘帝","110/07/28","台新證券",12,0,12
"434","2929淘帝","110/07/28","群益金鼎-敦南",0,13,-13
"435","2929淘帝","110/07/28","第一金-大稻埕",10,0,10
"436","2929淘帝","110/07/28","富邦-建國",1,13,-12
"437","2929淘帝","110/07/28","華南永昌-台中",10,0,10
"438","2929淘帝","110/07/28","元富-城東",0,10,-10
"439","2929淘帝","110/07/28","元大-士林",10,0,10
"440","2929淘帝","110/07/28","兆豐-景美",0,8,-8
"441","2929淘帝","110/07/28","元大-屏南",10,0,10
"442","2929淘帝","110/07/28","美林",3,10,-7
"443","2929淘帝","110/07/28","元大-員林",10,0,10
"444","2929淘帝","110/07/28","元富-彰化",0,7,-7
"445","2929淘帝","110/07/28","新光-桃園",9,0,9
"446","2929淘帝","110/07/28","港商法國興業",0,6,-6
"447","2929淘帝","110/07/28","日盛-景美",7,0,7
"448","2929淘帝","110/07/28","新光-高雄",0,6,-6
"449","2929淘帝","110/07/28","玉山證券",7,0,7
"450","2929淘帝","110/07/28","港商野村",3,8,-5
"451","5410國眾","110/07/28","兆豐-城中",38,0,38
"452","5410國眾","110/07/28","兆豐-南門",3,80,-77
"453","5410國眾","110/07/28","大展",20,0,20
"454","5410國眾","110/07/28","摩根大通",12,56,-44
"455","5410國眾","110/07/28","新光-桃園",20,0,20
"456","5410國眾","110/07/28","凱基-台北",0,28,-28
"457","5410國眾","110/07/28","凱基-竹北",20,0,20
"458","5410國眾","110/07/28","亞東-板橋",0,20,-20
"459","5410國眾","110/07/28","元大-新莊",17,0,17
"460","5410國眾","110/07/28","統一-新台中",0,20,-20
"461","5410國眾","110/07/28","新光",20,8,12
"462","5410國眾","110/07/28","瑞士信貸",0,16,-16
"463","5410國眾","110/07/28","國泰-敦南",11,0,11
"464","5410國眾","110/07/28","新加坡商瑞銀",0,15,-15
"465","5410國眾","110/07/28","日盛-內湖",10,0,10
"466","5410國眾","110/07/28","統一-金門",0,15,-15
"467","5410國眾","110/07/28","元富-新竹",10,0,10
"468","5410國眾","110/07/28","元大-北投",0,12,-12
"469","5410國眾","110/07/28","群益金鼎-永和",10,0,10
"470","5410國眾","110/07/28","新百王",0,10,-10
"471","5410國眾","110/07/28","華南永昌-中正",10,0,10
"472","5410國眾","110/07/28","元大-館前",0,10,-10
"473","5410國眾","110/07/28","元大-旗山",10,0,10
"474","5410國眾","110/07/28","元富-安南",0,9,-9
"475","5410國眾","110/07/28","元大-大天母",10,0,10
"476","5410國眾","110/07/28","元大-龍潭",1,10,-9
"477","5410國眾","110/07/28","大昌",9,0,9
"478","5410國眾","110/07/28","港商野村",1,7,-6
"479","5410國眾","110/07/28","臺銀-鳳山",8,0,8
"480","5410國眾","110/07/28","元大-東泰",0,6,-6
"481","2841台開","110/07/28","台新-台中",36,0,36
"482","2841台開","110/07/28","元大-大雅",0,90,-90
"483","2841台開","110/07/28","群益金鼎-大甲",24,0,24
"484","2841台開","110/07/28","凱基-台北",0,73,-73
"485","2841台開","110/07/28","永豐金-敦南",29,8,21
"486","2841台開","110/07/28","港商野村",0,27,-27
"487","2841台開","110/07/28","第一金-台中",20,0,20
"488","2841台開","110/07/28","大慶-富順",0,20,-20
"489","2841台開","110/07/28","元富-烏日",20,0,20
"490","2841台開","110/07/28","豐農",0,17,-17
"491","2841台開","110/07/28","元大-歸仁",20,0,20
"492","2841台開","110/07/28","元大-大里德芳",0,15,-15
"493","2841台開","110/07/28","永豐金-豐原",20,0,20
"494","2841台開","110/07/28","日盛-大墩",0,10,-10
"495","2841台開","110/07/28","日盛-花蓮",15,0,15
"496","2841台開","110/07/28","元大-博愛",0,10,-10
"497","2841台開","110/07/28","大昌-安康",18,3,15
"498","2841台開","110/07/28","元大-豐原站前",0,10,-10
"499","2841台開","110/07/28","陽信-石牌",13,0,13
"500","2841台開","110/07/28","台新證券",6,13,-7
"501","2841台開","110/07/28","台灣摩根士丹利",10,0,10
"502","2841台開","110/07/28","台中銀",0,5,-5
"503","2841台開","110/07/28","台新-高雄",10,0,10
"504","2841台開","110/07/28","中國信託-中壢",0,5,-5
"505","2841台開","110/07/28","國泰-忠孝",10,0,10
"506","2841台開","110/07/28","元大-大同",0,5,-5
"507","2841台開","110/07/28","元大-竹南",10,0,10
"508","2841台開","110/07/28","元大-大益",0,4,-4
"509","2841台開","110/07/28","元大-屏南",9,0,9
"510","2841台開","110/07/28","元富-松德",0,3,-3
"511","6207雷科","110/07/28","新加坡商瑞銀",153,44,109
"512","6207雷科","110/07/28","康和-延平",0,48,-48
"513","6207雷科","110/07/28","摩根大通",219,131,88
"514","6207雷科","110/07/28","元富-大昌",0,33,-33
"515","6207雷科","110/07/28","康和-台中",70,0,70
"516","6207雷科","110/07/28","聯邦商銀",0,30,-30
"517","6207雷科","110/07/28","凱基-台北",112,49,63
"518","6207雷科","110/07/28","兆豐-三民",1,30,-29
"519","6207雷科","110/07/28","凱基-復興",63,3,60
"520","6207雷科","110/07/28","元大-龍潭",0,25,-25
"521","6207雷科","110/07/28","群益金鼎-三民",59,8,51
"522","6207雷科","110/07/28","宏遠證券",0,23,-23
"523","6207雷科","110/07/28","永豐金-羅東",50,0,50
"524","6207雷科","110/07/28","大昌-桃園",15,36,-21
"525","6207雷科","110/07/28","美林",46,3,43
"526","6207雷科","110/07/28","國泰-桃園",0,21,-21
"527","6207雷科","110/07/28","群益金鼎-敦南",51,16,35
"528","6207雷科","110/07/28","凱基-中壢",0,21,-21
"529","6207雷科","110/07/28","日盛-忠孝",31,0,31
"530","6207雷科","110/07/28","富邦-台北",4,24,-20
"531","6207雷科","110/07/28","港商野村",32,8,24
"532","6207雷科","110/07/28","臺銀-臺南",0,19,-19
"533","6207雷科","110/07/28","群益金鼎-東門",22,0,22
"534","6207雷科","110/07/28","新光",5,24,-19
"535","6207雷科","110/07/28","統一-高雄",41,20,21
"536","6207雷科","110/07/28","群益金鼎-大甲",1,20,-19
"537","6207雷科","110/07/28","群益金鼎-延平",21,0,21
"538","6207雷科","110/07/28","元大-中壢",10,28,-18
"539","6207雷科","110/07/28","彰銀-台中",20,0,20
"540","6207雷科","110/07/28","永豐金-北高雄",3,20,-17
"541","3679新至陞","110/07/28","華南永昌-淡水",10,0,10
"542","3679新至陞","110/07/28","瑞士信貸",0,25,-25
"543","3679新至陞","110/07/28","富邦-嘉義",10,0,10
"544","3679新至陞","110/07/28","凱基-台北",6,14,-8
"545","3679新至陞","110/07/28","台中銀-員林",11,2,9
"546","3679新至陞","110/07/28","美林",5,12,-7
"547","3679新至陞","110/07/28","大昌-樹林",7,0,7
"548","3679新至陞","110/07/28","摩根大通",5,11,-6
"549","3679新至陞","110/07/28","康和-澎湖",5,0,5
"550","3679新至陞","110/07/28","兆豐-新莊",0,5,-5
"551","3679新至陞","110/07/28","富邦-台北",5,0,5
"552","3679新至陞","110/07/28","群益金鼎-新莊",0,5,-5
"553","3679新至陞","110/07/28","元大-成功",5,0,5
"554","3679新至陞","110/07/28","台灣摩根士丹利",0,4,-4
"555","3679新至陞","110/07/28","新加坡商瑞銀",3,0,3
"556","3679新至陞","110/07/28","日盛-新竹",0,3,-3
"557","3679新至陞","110/07/28","中國信託-新竹",3,0,3
"558","3679新至陞","110/07/28","群益金鼎-東門",0,3,-3
"559","3679新至陞","110/07/28","元大-新莊",3,0,3
"560","3679新至陞","110/07/28","元大證券",0,3,-3
"561","3679新至陞","110/07/28","宏遠-光隆",2,0,2
"562","3679新至陞","110/07/28","元大-忠孝",0,3,-3
"563","3679新至陞","110/07/28","大慶-蘆洲",2,0,2
"564","3679新至陞","110/07/28","合庫-西台中",0,2,-2
"565","3679新至陞","110/07/28","台新-左楠",2,0,2
"566","3679新至陞","110/07/28","日盛-板橋",0,2,-2
"567","3679新至陞","110/07/28","群益金鼎-三重",2,0,2
"568","3679新至陞","110/07/28","國票-桃園",0,2,-2
"569","3679新至陞","110/07/28","華南永昌-高雄",2,0,2
"570","3679新至陞","110/07/28","台新-台南",0,2,-2
"571","2727王品","110/07/28","凱基-台北",139,50,89
"572","2727王品","110/07/28","新光-台中",9,68,-59
"573","2727王品","110/07/28","美林",77,10,67
"574","2727王品","110/07/28","瑞士信貸",16,54,-38
"575","2727王品","110/07/28","港商野村",118,64,54
"576","2727王品","110/07/28","華南永昌",4,41,-37
"577","2727王品","110/07/28","國泰-敦南",51,30,21
"578","2727王品","110/07/28","美商高盛",2,30,-28
"579","2727王品","110/07/28","新加坡商瑞銀",58,38,20
"580","2727王品","110/07/28","富邦-板橋",17,38,-21
"581","2727王品","110/07/28","永豐金-中盛",24,4,20
"582","2727王品","110/07/28","富邦-竹北",0,20,-20
"583","2727王品","110/07/28","元大-南崁",20,2,18
"584","2727王品","110/07/28","元大-小港",1,21,-20
"585","2727王品","110/07/28","摩根大通",48,32,16
"586","2727王品","110/07/28","凱基",0,18,-18
"587","2727王品","110/07/28","臺銀-高雄",14,0,14
"588","2727王品","110/07/28","統一",15,31,-16
"589","2727王品","110/07/28","永豐金-桃盛",19,5,14
"590","2727王品","110/07/28","國泰-台中",12,28,-16
"591","2727王品","110/07/28","凱基-內湖",13,0,13
"592","2727王品","110/07/28","元大-台中",7,22,-15
"593","2727王品","110/07/28","永豐金-中正",15,2,13
"594","2727王品","110/07/28","華南永昌-麻豆",0,14,-14
"595","2727王品","110/07/28","富邦-建國",18,7,11
"596","2727王品","110/07/28","永豐金-豐原",1,15,-14
"597","2727王品","110/07/28","富邦-陽明",15,5,10
"598","2727王品","110/07/28","國票-內壢",1,14,-13
"599","2727王品","110/07/28","元大-南京",10,0,10
"600","2727王品","110/07/28","永豐金證券",2,15,-13
"601","1570力肯","110/07/28","國泰-敦南",50,0,50
"602","1570力肯","110/07/28","元大-高雄",0,42,-42
"603","1570力肯","110/07/28","群益金鼎-高雄",31,0,31
"604","1570力肯","110/07/28","國票-新莊",0,14,-14
"605","1570力肯","110/07/28","元富-延平",15,0,15
"606","1570力肯","110/07/28","凱基-站前",0,10,-10
"607","1570力肯","110/07/28","(牛牛牛)亞-鑫豐",10,0,10
"608","1570力肯","110/07/28","凱基-台北",0,10,-10
"609","1570力肯","110/07/28","元富-緯城",6,0,6
"610","1570力肯","110/07/28","元大-忠孝",0,10,-10
"611","1570力肯","110/07/28","合庫-自強",5,0,5
"612","1570力肯","110/07/28","台灣摩根士丹利",0,9,-9
"613","1570力肯","110/07/28","臺銀-臺南",4,0,4
"614","1570力肯","110/07/28","群益金鼎-板橋",0,8,-8
"615","1570力肯","110/07/28","兆豐-台中港",3,0,3
"616","1570力肯","110/07/28","永豐金-大園",0,7,-7
"617","1570力肯","110/07/28","日盛-板橋",2,0,2
"618","1570力肯","110/07/28","元大-台南",0,5,-5
"619","1570力肯","110/07/28","統一-松江",2,0,2
"620","1570力肯","110/07/28","合庫-台中",0,4,-4
"621","1570力肯","110/07/28","台新-三民",2,0,2
"622","1570力肯","110/07/28","富邦-板橋",0,3,-3
"623","1570力肯","110/07/28","群益金鼎-土城",2,0,2
"624","1570力肯","110/07/28","元大-板橋",0,3,-3
"625","1570力肯","110/07/28","元大-和平",2,0,2
"626","1570力肯","110/07/28","統一-桃園",0,2,-2
"627","1570力肯","110/07/28","元大-土城永寧",2,0,2
"628","1570力肯","110/07/28","凱基-三多",0,2,-2
"629","1570力肯","110/07/28","大昌-樹林",1,0,1
"630","1570力肯","110/07/28","華南永昌-高雄",0,2,-2
"631","6180橘子","110/07/28","凱基-台北",152,85,67
"632","6180橘子","110/07/28","摩根大通",20,92,-72
"633","6180橘子","110/07/28","新光",57,18,39
"634","6180橘子","110/07/28","大慶-台中",0,33,-33
"635","6180橘子","110/07/28","美商高盛",49,12,37
"636","6180橘子","110/07/28","兆豐證券",0,25,-25
"637","6180橘子","110/07/28","第一金-安和",20,0,20
"638","6180橘子","110/07/28","元大-上新莊",0,22,-22
"639","6180橘子","110/07/28","元富-桃園",20,0,20
"640","6180橘子","110/07/28","新加坡商瑞銀",23,44,-21
"641","6180橘子","110/07/28","第一金-員林",19,0,19
"642","6180橘子","110/07/28","富邦-內湖",0,21,-21
"643","6180橘子","110/07/28","富邦-嘉義",22,4,18
"644","6180橘子","110/07/28","第一金-新興",0,20,-20
"645","6180橘子","110/07/28","統一-嘉義",16,0,16
"646","6180橘子","110/07/28","臺銀-臺南",5,22,-17
"647","6180橘子","110/07/28","國票-九鼎",15,0,15
"648","6180橘子","110/07/28","第一金-忠孝",0,10,-10
"649","6180橘子","110/07/28","華南永昌-朴子",14,0,14
"650","6180橘子","110/07/28","元富-屏東",0,10,-10
"651","6180橘子","110/07/28","群益金鼎-台南",13,0,13
"652","6180橘子","110/07/28","凱基-八德",1,11,-10
"653","6180橘子","110/07/28","富邦-建國",13,1,12
"654","6180橘子","110/07/28","元大-和平",1,11,-10
"655","6180橘子","110/07/28","富邦-板橋",16,5,11
"656","6180橘子","110/07/28","元大-台中中港",0,10,-10
"657","6180橘子","110/07/28","元富-新店",10,0,10
"658","6180橘子","110/07/28","元大-南屯",0,9,-9
"659","6180橘子","110/07/28","元大-台南",10,0,10
"660","6180橘子","110/07/28","永豐金-屏東",0,9,-9
"661","2390云辰","110/07/28","摩根大通",1589,780,809
"662","2390云辰","110/07/28","華南永昌-鳳山",34,290,-256
"663","2390云辰","110/07/28","凱基-台北",457,300,157
"664","2390云辰","110/07/28","凱基-基隆",0,224,-224
"665","2390云辰","110/07/28","美林",330,206,124
"666","2390云辰","110/07/28","元富-高雄",56,177,-121
"667","2390云辰","110/07/28","元富-同大",159,35,124
"668","2390云辰","110/07/28","元富-中港",1,100,-99
"669","2390云辰","110/07/28","台灣摩根士丹利",193,71,122
"670","2390云辰","110/07/28","兆豐-公益",4,100,-96
"671","2390云辰","110/07/28","元大-前金",150,49,101
"672","2390云辰","110/07/28","統一-新台中",180,274,-94
"673","2390云辰","110/07/28","永豐金-鳳山",110,18,92
"674","2390云辰","110/07/28","日盛-新莊",4,76,-72
"675","2390云辰","110/07/28","元大-林園",99,11,88
"676","2390云辰","110/07/28","永豐金-新店",0,57,-57
"677","2390云辰","110/07/28","元大-信義",121,35,86
"678","2390云辰","110/07/28","華南永昌-內壢",0,56,-56
"679","2390云辰","110/07/28","美商高盛",206,123,83
"680","2390云辰","110/07/28","第一金-豐原",9,63,-54
"681","2390云辰","110/07/28","統一-城中",101,37,64
"682","2390云辰","110/07/28","華南永昌-中正",13,67,-54
"683","2390云辰","110/07/28","元大-竹山",75,20,55
"684","2390云辰","110/07/28","元大-大益",7,59,-52
"685","2390云辰","110/07/28","豐農",79,25,54
"686","2390云辰","110/07/28","大慶",0,50,-50
"687","2390云辰","110/07/28","新加坡商瑞銀",68,15,53
"688","2390云辰","110/07/28","凱基-豐中",3,49,-46
"689","2390云辰","110/07/28","統一-屏東",54,5,49
"690","2390云辰","110/07/28","元大-彰化民生",7,51,-44
"691","1471首利","110/07/27","永全-八德",50,0,50
"692","1471首利","110/07/27","國票-九鼎",0,306,-306
"693","1471首利","110/07/27","中國信託-松江",48,0,48
"694","1471首利","110/07/27","兆豐-天母",1,115,-114
"695","1471首利","110/07/27","富邦-嘉義",40,0,40
"696","1471首利","110/07/27","美林",0,42,-42
"697","1471首利","110/07/27","富邦-台南",33,0,33
"698","1471首利","110/07/27","摩根大通",45,75,-30
"699","1471首利","110/07/27","(牛牛牛)亞-鑫豐",32,0,32
"700","1471首利","110/07/27","凱基-八德",0,30,-30
"701","1471首利","110/07/27","台灣企銀-太平",25,0,25
"702","1471首利","110/07/27","中國信託-高雄",0,25,-25
"703","1471首利","110/07/27","群益金鼎-台中",23,0,23
"704","1471首利","110/07/27","統一-新台中",0,24,-24
"705","1471首利","110/07/27","元富-潮州",20,0,20
"706","1471首利","110/07/27","聯邦-高雄",0,21,-21
"707","1471首利","110/07/27","凱基-信義",20,0,20
"708","1471首利","110/07/27","德信-中正",0,20,-20
"709","1471首利","110/07/27","富邦-基隆",26,8,18
"710","1471首利","110/07/27","元大-福營",3,20,-17
"711","1471首利","110/07/27","日盛-高雄",17,0,17
"712","1471首利","110/07/27","凱基-宜蘭",0,16,-16
"713","1471首利","110/07/27","國泰-敦南",16,2,14
"714","1471首利","110/07/27","凱基-天母",0,15,-15
"715","1471首利","110/07/27","元大-大甲",13,0,13
"716","1471首利","110/07/27","第一金-高雄",6,20,-14
"717","1471首利","110/07/27","合庫-鳳山",12,0,12
"718","1471首利","110/07/27","元大-中壢",0,13,-13
"719","1471首利","110/07/27","日盛-大墩",12,0,12
"720","1471首利","110/07/27","元富-安南",0,12,-12
"721","2883開發金","110/07/27","元富",1762,67,1695
"722","2883開發金","110/07/27","美林",0,11931,-11931
"723","2883開發金","110/07/27","福邦證券",1450,0,1450
"724","2883開發金","110/07/27","新加坡商瑞銀",1513,8370,-6857
"725","2883開發金","110/07/27","凱基",1422,0,1422
"726","2883開發金","110/07/27","凱基-台北",1081,5265,-4184
"727","2883開發金","110/07/27","瑞士信貸",2044,731,1313
"728","2883開發金","110/07/27","摩根大通",612,3392,-2780
"729","2883開發金","110/07/27","台灣摩根士丹利",2112,921,1191
"730","2883開發金","110/07/27","統一-仁愛",31,2002,-1971
"731","2883開發金","110/07/27","新光",1474,461,1013
"732","2883開發金","110/07/27","兆豐證券",192,1910,-1718
"733","2883開發金","110/07/27","國票-長城",1003,20,983
"734","2883開發金","110/07/27","(牛牛牛)亞-鑫豐",276,1815,-1539
"735","2883開發金","110/07/27","台新證券",1207,362,845
"736","2883開發金","110/07/27","永豐金-板橋",197,1610,-1413
"737","2883開發金","110/07/27","港商野村",2209,1498,711
"738","2883開發金","110/07/27","美商高盛",16,1337,-1321
"739","2883開發金","110/07/27","永豐金-彰化",680,26,654
"740","2883開發金","110/07/27","兆豐-北高雄",60,1360,-1300
"741","2883開發金","110/07/27","台新-高雄",918,265,653
"742","2883開發金","110/07/27","兆豐-景美",26,1070,-1044
"743","2883開發金","110/07/27","國泰-敦南",1273,634,639
"744","2883開發金","110/07/27","亞東-新竹",7,1001,-994
"745","2883開發金","110/07/27","元大證券",876,246,630
"746","2883開發金","110/07/27","富邦-羅東",201,1098,-897
"747","2883開發金","110/07/27","致和證券",684,92,592
"748","2883開發金","110/07/27","統一",159,811,-652
"749","2883開發金","110/07/27","元大-民生",550,2,548
"750","2883開發金","110/07/27","香港上海匯豐",0,584,-584
"751","6205詮欣","110/07/27","土銀-和平",20,0,20
"752","6205詮欣","110/07/27","摩根大通",3,22,-19
"753","6205詮欣","110/07/27","臺銀-民權",20,6,14
"754","6205詮欣","110/07/27","瑞士信貸",5,16,-11
"755","6205詮欣","110/07/27","台新證券",5,0,5
"756","6205詮欣","110/07/27","臺銀-鳳山",0,6,-6
"757","6205詮欣","110/07/27","華南永昌-小港",5,0,5
"758","6205詮欣","110/07/27","臺銀-新竹",0,5,-5
"759","6205詮欣","110/07/27","日盛-新莊",4,0,4
"760","6205詮欣","110/07/27","國票-和平",0,4,-4
"761","6205詮欣","110/07/27","元富-三重",4,0,4
"762","6205詮欣","110/07/27","凱基-東門",0,4,-4
"763","6205詮欣","110/07/27","致和-佳里",4,1,3
"764","6205詮欣","110/07/27","富邦-花蓮",0,3,-3
"765","6205詮欣","110/07/27","華南永昌-岡山",3,0,3
"766","6205詮欣","110/07/27","元大-北投",0,3,-3
"767","6205詮欣","110/07/27","元大-成功",3,0,3
"768","6205詮欣","110/07/27","元大-民生",2,5,-3
"769","6205詮欣","110/07/27","土銀-嘉義",2,0,2
"770","6205詮欣","110/07/27","日盛-三重",0,2,-2
"771","6205詮欣","110/07/27","第一金-光復",2,0,2
"772","6205詮欣","110/07/27","日盛-北高雄",0,2,-2
"773","6205詮欣","110/07/27","統一-屏東",2,0,2
"774","6205詮欣","110/07/27","港商野村",0,2,-2
"775","6205詮欣","110/07/27","元富-新莊",2,0,2
"776","6205詮欣","110/07/27","統一-彰化",0,2,-2
"777","6205詮欣","110/07/27","兆豐-竹北",2,0,2
"778","6205詮欣","110/07/27","永全",0,2,-2
"779","6205詮欣","110/07/27","新光",2,0,2
"780","6205詮欣","110/07/27","兆豐-西螺",0,2,-2
"781","1540喬福","110/07/27","富邦-員林",10,0,10
"782","1540喬福","110/07/27","合庫-台中",0,26,-26
"783","1540喬福","110/07/27","元大-中壢",10,0,10
"784","1540喬福","110/07/27","統一-新台中",0,25,-25
"785","1540喬福","110/07/27","凱基-台中",8,0,8
"786","1540喬福","110/07/27","元大-斗六",0,10,-10
"787","1540喬福","110/07/27","大慶-中壢",5,0,5
"788","1540喬福","110/07/27","凱基-中港",0,9,-9
"789","1540喬福","110/07/27","兆豐-北高雄",5,0,5
"790","1540喬福","110/07/27","國票-中正",0,8,-8
"791","1540喬福","110/07/27","兆豐-三民",5,0,5
"792","1540喬福","110/07/27","臺銀-臺中",0,5,-5
"793","1540喬福","110/07/27","台新-台中",5,0,5
"794","1540喬福","110/07/27","元富-中原",0,5,-5
"795","1540喬福","110/07/27","國票-九鼎",4,0,4
"796","1540喬福","110/07/27","新光-桃園",0,5,-5
"797","1540喬福","110/07/27","富邦-高雄",5,1,4
"798","1540喬福","110/07/27","大昌-新竹",0,4,-4
"799","1540喬福","110/07/27","永豐金-羅東",4,0,4
"800","1540喬福","110/07/27","元大-員林中山",0,4,-4
"801","1540喬福","110/07/27","台新證券",3,0,3
"802","1540喬福","110/07/27","群益金鼎-瑞豐",0,3,-3
"803","1540喬福","110/07/27","華南永昌-台中",3,0,3
"804","1540喬福","110/07/27","凱基-台北",0,3,-3
"805","1540喬福","110/07/27","富邦-台東",3,0,3
"806","1540喬福","110/07/27","富邦-建國",0,3,-3
"807","1540喬福","110/07/27","元大-台中中港",3,0,3
"808","1540喬福","110/07/27","國票-北投",0,2,-2
"809","1540喬福","110/07/27","亞東",2,0,2
"810","1540喬福","110/07/27","元大-鳳山",0,2,-2
"811","2888新光金","110/07/27","台灣摩根士丹利",11737,746,10991
"812","2888新光金","110/07/27","玉山-城中",112,6002,-5890
"813","2888新光金","110/07/27","美林",3692,417,3275
"814","2888新光金","110/07/27","新加坡商瑞銀",120,5935,-5815
"815","2888新光金","110/07/27","凱基-台北",4378,2713,1665
"816","2888新光金","110/07/27","摩根大通",1586,7187,-5601
"817","2888新光金","110/07/27","凱基-台南",1551,3,1548
"818","2888新光金","110/07/27","富邦-建國",298,5641,-5343
"819","2888新光金","110/07/27","台新證券",1494,124,1370
"820","2888新光金","110/07/27","第一金-高雄",81,5014,-4933
"821","2888新光金","110/07/27","新光",2434,1212,1222
"822","2888新光金","110/07/27","瑞士信貸",191,4524,-4333
"823","2888新光金","110/07/27","元大-四維",1246,25,1221
"824","2888新光金","110/07/27","兆豐-鹿港",45,2632,-2587
"825","2888新光金","110/07/27","富隆-長安",1070,0,1070
"826","2888新光金","110/07/27","國票-彰化",3,1803,-1800
"827","2888新光金","110/07/27","永豐金-萬盛",1052,0,1052
"828","2888新光金","110/07/27","港商野村",0,1434,-1434
"829","2888新光金","110/07/27","法銀巴黎",1116,120,996
"830","2888新光金","110/07/27","統一-高雄",173,1511,-1338
"831","2888新光金","110/07/27","凱基-竹科",853,4,849
"832","2888新光金","110/07/27","群益金鼎-古亭",40,1202,-1162
"833","2888新光金","110/07/27","元大-斗信",874,50,824
"834","2888新光金","110/07/27","日盛-樹林",34,1034,-1000
"835","2888新光金","110/07/27","日盛-景美",811,119,692
"836","2888新光金","110/07/27","統一-土城",18,1000,-982
"837","2888新光金","110/07/27","元富-世貿",568,2,566
"838","2888新光金","110/07/27","元大-鹿港",125,1057,-932
"839","2888新光金","110/07/27","日盛-雙和",567,2,565
"840","2888新光金","110/07/27","新光-桃園",91,993,-902
"841","1340勝悅","110/07/27","亞東-台中",15,0,15
"842","1340勝悅","110/07/27","凱基-岡山",0,25,-25
"843","1340勝悅","110/07/27","元大-路竹",15,0,15
"844","1340勝悅","110/07/27","合庫-嘉義",0,14,-14
"845","1340勝悅","110/07/27","臺銀-臺中",7,0,7
"846","1340勝悅","110/07/27","元大-北港",0,14,-14
"847","1340勝悅","110/07/27","台新-台中",7,0,7
"848","1340勝悅","110/07/27","凱基-台北",0,12,-12
"849","1340勝悅","110/07/27","元大-屏南",6,0,6
"850","1340勝悅","110/07/27","兆豐-三民",0,7,-7
"851","1340勝悅","110/07/27","臺灣企銀-埔墘",5,0,5
"852","1340勝悅","110/07/27","華南永昌-台中",1,7,-6
"853","1340勝悅","110/07/27","日盛-板橋",5,0,5
"854","1340勝悅","110/07/27","日盛-信義",0,5,-5
"855","1340勝悅","110/07/27","日盛-新莊",5,0,5
"856","1340勝悅","110/07/27","德信-和平",0,5,-5
"857","1340勝悅","110/07/27","臺銀-鳳山",4,0,4
"858","1340勝悅","110/07/27","台新證券",0,5,-5
"859","1340勝悅","110/07/27","玉山-城中",4,0,4
"860","1340勝悅","110/07/27","新光-高雄",0,4,-4
"861","1340勝悅","110/07/27","美商高盛",3,0,3
"862","1340勝悅","110/07/27","瑞士信貸",0,2,-2
"863","1340勝悅","110/07/27","(牛牛牛)亞-鑫豐",3,0,3
"864","1340勝悅","110/07/27","港商野村",0,2,-2
"865","1340勝悅","110/07/27","國票-長城",2,0,2
"866","1340勝悅","110/07/27","台新-高雄",1,3,-2
"867","1340勝悅","110/07/27","新光",2,0,2
"868","1340勝悅","110/07/27","玉山證券",0,2,-2
"869","1340勝悅","110/07/27","群益金鼎-館前",2,0,2
"870","1340勝悅","110/07/27","玉山-南京東路",0,2,-2
"871","6246臺龍","110/07/27","永豐金-桃園",135,0,135
"872","6246臺龍","110/07/27","元大-木柵",0,59,-59
"873","6246臺龍","110/07/27","港商野村",111,30,81
"874","6246臺龍","110/07/27","日盛-景美",0,52,-52
"875","6246臺龍","110/07/27","元大-西螺",31,0,31
"876","6246臺龍","110/07/27","華南永昌-彰化",0,46,-46
"877","6246臺龍","110/07/27","群益金鼎-鳳山",27,0,27
"878","6246臺龍","110/07/27","兆豐-松德",0,43,-43
"879","6246臺龍","110/07/27","永豐金-虎尾",27,0,27
"880","6246臺龍","110/07/27","華南永昌-公誠",5,35,-30
"881","6246臺龍","110/07/27","玉山-台南",28,2,26
"882","6246臺龍","110/07/27","凱基-幸福",0,28,-28
"883","6246臺龍","110/07/27","元大-西屯",25,0,25
"884","6246臺龍","110/07/27","元富-安南",0,22,-22
"885","6246臺龍","110/07/27","國泰-忠孝",23,0,23
"886","6246臺龍","110/07/27","日盛-文化",0,20,-20
"887","6246臺龍","110/07/27","元大-大里",21,0,21
"888","6246臺龍","110/07/27","兆豐-寶成",0,20,-20
"889","6246臺龍","110/07/27","兆豐-竹北",20,0,20
"890","6246臺龍","110/07/27","華南永昌-虎尾",0,20,-20
"891","6246臺龍","110/07/27","元大-員林",20,0,20
"892","6246臺龍","110/07/27","永豐金-埔里",0,19,-19
"893","6246臺龍","110/07/27","永豐金-敦南",20,0,20
"894","6246臺龍","110/07/27","兆豐-新營",2,20,-18
"895","6246臺龍","110/07/27","永豐金-羅東",23,5,18
"896","6246臺龍","110/07/27","新光-台中",3,20,-17
"897","6246臺龍","110/07/27","永豐金-桃盛",18,0,18
"898","6246臺龍","110/07/27","凱基-市政",0,17,-17
"899","6246臺龍","110/07/27","統一",16,0,16
"900","6246臺龍","110/07/27","元大-蘆洲",0,16,-16
"901","00715L期街口布蘭特正2","110/07/27","元大證券",10436,28,10408
"902","00715L期街口布蘭特正2","110/07/27","元大-萬華",0,751,-751
"903","00715L期街口布蘭特正2","110/07/27","凱基-台北",4269,129,4140
"904","00715L期街口布蘭特正2","110/07/27","元大-大里德芳",0,734,-734
"905","00715L期街口布蘭特正2","110/07/27","群益金鼎",3798,0,3798
"906","00715L期街口布蘭特正2","110/07/27","新光",380,1105,-725
"907","00715L期街口布蘭特正2","110/07/27","永豐金證券",2610,22,2588
"908","00715L期街口布蘭特正2","110/07/27","(牛牛牛)亞-網路",10,697,-687
"909","00715L期街口布蘭特正2","110/07/27","國票",2605,21,2584
"910","00715L期街口布蘭特正2","110/07/27","日盛-新莊",5,550,-545
"911","00715L期街口布蘭特正2","110/07/27","富邦證券",1522,0,1522
"912","00715L期街口布蘭特正2","110/07/27","玉山-高雄",7,494,-487
"913","00715L期街口布蘭特正2","110/07/27","合庫證券",1507,239,1268
"914","00715L期街口布蘭特正2","110/07/27","華南永昌",1,471,-470
"915","00715L期街口布蘭特正2","110/07/27","元富",1102,0,1102
"916","00715L期街口布蘭特正2","110/07/27","華南永昌-竹北",0,469,-469
"917","00715L期街口布蘭特正2","110/07/27","凱基",980,0,980
"918","00715L期街口布蘭特正2","110/07/27","兆豐-嘉義",0,420,-420
"919","00715L期街口布蘭特正2","110/07/27","國票-博愛",702,0,702
"920","00715L期街口布蘭特正2","110/07/27","國票-九鼎",0,409,-409
"921","00715L期街口布蘭特正2","110/07/27","統一",796,117,679
"922","00715L期街口布蘭特正2","110/07/27","統一-高雄",0,405,-405
"923","00715L期街口布蘭特正2","110/07/27","華南永昌-長虹",810,185,625
"924","00715L期街口布蘭特正2","110/07/27","富邦-彰化",0,402,-402
"925","00715L期街口布蘭特正2","110/07/27","港商野村",1076,494,582
"926","00715L期街口布蘭特正2","110/07/27","元大-羅東",0,400,-400
"927","00715L期街口布蘭特正2","110/07/27","永豐金-三重",500,16,484
"928","00715L期街口布蘭特正2","110/07/27","富邦-高雄",0,398,-398
"929","00715L期街口布蘭特正2","110/07/27","元大-敦化",420,0,420
"930","00715L期街口布蘭特正2","110/07/27","新光-台中",17,391,-374
"931","8941關中","110/07/27","富邦-仁愛",4,0,4
"932","8941關中","110/07/27","光和-溪湖",0,2,-2
"933","8941關中","110/07/27","日盛-新莊",1,0,1
"934","8941關中","110/07/27","富邦-園區",0,2,-2
"935","8941關中","110/07/27","台新-高雄",1,0,1
"936","8941關中","110/07/27","合庫-高雄",0,1,-1
"937","8941關中","110/07/27","元大-金華",1,0,1
"938","8941關中","110/07/27","凱基-台北",0,1,-1
"939","8941關中","110/07/27","臺銀-鳳山",0,0,0
"940","8941關中","110/07/27","富邦-台東",0,1,-1
"941","8941關中","110/07/27","日盛-花蓮",0,0,0
"942","8941關中","110/07/27","臺銀-鳳山",0,0,0
"943","8941關中","110/07/27","康和-板橋",0,0,0
"944","8941關中","110/07/27","日盛-花蓮",0,0,0
"945","8941關中","110/07/27","富邦-宜蘭",0,0,0
"946","8941關中","110/07/27","康和-板橋",0,0,0
"947","8941關中","110/07/27","元大-新竹經國",0,0,0
"948","8941關中","110/07/27","富邦-宜蘭",0,0,0
"949","8941關中","110/07/27","永豐金-萬盛",0,0,0
"950","8941關中","110/07/27","元大-新竹經國",0,0,0
"951","8941關中","110/07/27","永豐金-桃盛",0,0,0
"952","8941關中","110/07/27","永豐金-萬盛",0,0,0
"953","8941關中","110/07/27","",NA,NA,NA
"954","8941關中","110/07/27","永豐金-桃盛",0,0,0
"955","8941關中","110/07/27","",NA,NA,NA
"956","8941關中","110/07/27","",NA,NA,NA
"957","8941關中","110/07/27","",NA,NA,NA
"958","8941關中","110/07/27","",NA,NA,NA
"959","8941關中","110/07/27","",NA,NA,NA
"960","8941關中","110/07/27","",NA,NA,NA
"961","8936國統","110/07/27","日盛-景美",100,0,100
"962","8936國統","110/07/27","摩根大通",115,220,-105
"963","8936國統","110/07/27","大慶-蘆洲",90,0,90
"964","8936國統","110/07/27","玉山-桃園",0,75,-75
"965","8936國統","110/07/27","台新-建北",60,0,60
"966","8936國統","110/07/27","凱基-台北",13,77,-64
"967","8936國統","110/07/27","日盛-忠孝",40,1,39
"968","8936國統","110/07/27","元富-大昌",2,50,-48
"969","8936國統","110/07/27","新加坡商瑞銀",109,71,38
"970","8936國統","110/07/27","華南永昌-台中",4,45,-41
"971","8936國統","110/07/27","華南永昌",30,0,30
"972","8936國統","110/07/27","新光-台中",26,66,-40
"973","8936國統","110/07/27","兆豐-來福",29,0,29
"974","8936國統","110/07/27","台灣摩根士丹利",20,54,-34
"975","8936國統","110/07/27","元大-旗山",28,0,28
"976","8936國統","110/07/27","元大-東蘆",0,34,-34
"977","8936國統","110/07/27","元大-松江",27,0,27
"978","8936國統","110/07/27","富邦-仁愛",1,34,-33
"979","8936國統","110/07/27","新光",41,19,22
"980","8936國統","110/07/27","凱基-板橋",0,31,-31
"981","8936國統","110/07/27","元富-林園",20,0,20
"982","8936國統","110/07/27","凱基-信義",0,30,-30
"983","8936國統","110/07/27","玉山-高雄",20,0,20
"984","8936國統","110/07/27","瑞士信貸",1,30,-29
"985","8936國統","110/07/27","凱基-桃園",23,3,20
"986","8936國統","110/07/27","元大-花蓮",2,24,-22
"987","8936國統","110/07/27","永豐金-永康",20,0,20
"988","8936國統","110/07/27","元富-緯城",0,20,-20
"989","8936國統","110/07/27","日盛-屏東",23,4,19
"990","8936國統","110/07/27","群益金鼎-宜蘭",0,20,-20
"991","6226光鼎","110/07/27","第一金-忠孝",405,4,401
"992","6226光鼎","110/07/27","華南永昌-台南",5,240,-235
"993","6226光鼎","110/07/27","台新-台中",272,75,197
"994","6226光鼎","110/07/27","大慶-泰山",0,201,-201
"995","6226光鼎","110/07/27","凱基-和平",155,7,148
"996","6226光鼎","110/07/27","富邦-員林",2,151,-149
"997","6226光鼎","110/07/27","新加坡商瑞銀",133,0,133
"998","6226光鼎","110/07/27","群益金鼎-東大",23,165,-142
"999","6226光鼎","110/07/27","統一-敦南",126,3,123
"1000","6226光鼎","110/07/27","元大-景美",3,132,-129
"1001","6226光鼎","110/07/27","台灣摩根士丹利",129,8,121
"1002","6226光鼎","110/07/27","台新-高雄",84,186,-102
"1003","6226光鼎","110/07/27","統一-新竹",117,1,116
"1004","6226光鼎","110/07/27","合庫證券",27,121,-94
"1005","6226光鼎","110/07/27","日盛證券",122,13,109
"1006","6226光鼎","110/07/27","致和-佳里",5,81,-76
"1007","6226光鼎","110/07/27","元大-潮州",101,1,100
"1008","6226光鼎","110/07/27","永豐金-南投",3,77,-74
"1009","6226光鼎","110/07/27","國泰-敦南",232,145,87
"1010","6226光鼎","110/07/27","台新-新莊",1,57,-56
"1011","6226光鼎","110/07/27","摩根大通",86,0,86
"1012","6226光鼎","110/07/27","日盛-中壢",11,64,-53
"1013","6226光鼎","110/07/27","元富",80,0,80
"1014","6226光鼎","110/07/27","日進",11,63,-52
"1015","6226光鼎","110/07/27","華南永昌-嘉義",80,1,79
"1016","6226光鼎","110/07/27","高橋",13,64,-51
"1017","6226光鼎","110/07/27","元大-高雄",70,3,67
"1018","6226光鼎","110/07/27","元大-土城",1,52,-51
"1019","6226光鼎","110/07/27","華南永昌",82,21,61
"1020","6226光鼎","110/07/27","華南永昌-林口",11,60,-49
"1021","2363矽統","110/07/27","國泰-敦南",541,118,423
"1022","2363矽統","110/07/27","摩根大通",317,1405,-1088
"1023","2363矽統","110/07/27","台新證券",564,333,231
"1024","2363矽統","110/07/27","美林",210,1095,-885
"1025","2363矽統","110/07/27","元大-沙鹿",196,9,187
"1026","2363矽統","110/07/27","港商野村",275,1065,-790
"1027","2363矽統","110/07/27","新光",300,151,149
"1028","2363矽統","110/07/27","凱基-台北",518,1192,-674
"1029","2363矽統","110/07/27","華南永昌-台南",108,3,105
"1030","2363矽統","110/07/27","新加坡商瑞銀",213,703,-490
"1031","2363矽統","110/07/27","華南永昌-朴子",140,43,97
"1032","2363矽統","110/07/27","富邦-南屯",6,272,-266
"1033","2363矽統","110/07/27","華南永昌-公誠",109,13,96
"1034","2363矽統","110/07/27","美商高盛",31,233,-202
"1035","2363矽統","110/07/27","元富-松德",95,1,94
"1036","2363矽統","110/07/27","元大證券",38,235,-197
"1037","2363矽統","110/07/27","中國信託-永康",102,8,94
"1038","2363矽統","110/07/27","永豐金證券",15,201,-186
"1039","2363矽統","110/07/27","台新-三民",111,21,90
"1040","2363矽統","110/07/27","亞東",46,206,-160
"1041","2363矽統","110/07/27","凱基-中港",85,3,82
"1042","2363矽統","110/07/27","群益金鼎",21,169,-148
"1043","2363矽統","110/07/27","元富-烏日",87,6,81
"1044","2363矽統","110/07/27","第一金-嘉義",0,100,-100
"1045","2363矽統","110/07/27","富邦-台北",135,56,79
"1046","2363矽統","110/07/27","凱基-彰化",9,100,-91
"1047","2363矽統","110/07/27","元大-復北",81,12,69
"1048","2363矽統","110/07/27","元富-佳里",27,97,-70
"1049","2363矽統","110/07/27","中國信託-忠孝",94,26,68
"1050","2363矽統","110/07/27","合庫-桃園",8,76,-68
"1051","8112至上","110/07/27","凱基-竹科",300,10,290
"1052","8112至上","110/07/27","凱基-三重",1,501,-500
"1053","8112至上","110/07/27","台灣摩根士丹利",271,49,222
"1054","8112至上","110/07/27","美林",21,339,-318
"1055","8112至上","110/07/27","摩根大通",488,427,61
"1056","8112至上","110/07/27","凱基-台北",423,615,-192
"1057","8112至上","110/07/27","香港上海匯豐",61,0,61
"1058","8112至上","110/07/27","港商野村",83,183,-100
"1059","8112至上","110/07/27","日盛證券",62,4,58
"1060","8112至上","110/07/27","永豐金-台南",2,79,-77
"1061","8112至上","110/07/27","元大-基隆孝二",52,0,52
"1062","8112至上","110/07/27","福邦證券",0,71,-71
"1063","8112至上","110/07/27","永豐金-中正",59,7,52
"1064","8112至上","110/07/27","兆豐-天母",0,50,-50
"1065","8112至上","110/07/27","群益金鼎-高盛",47,0,47
"1066","8112至上","110/07/27","元富-林園",3,52,-49
"1067","8112至上","110/07/27","永豐金-內湖",47,0,47
"1068","8112至上","110/07/27","永豐金-苓雅",1,50,-49
"1069","8112至上","110/07/27","富邦-台北",45,5,40
"1070","8112至上","110/07/27","元大-新莊",9,53,-44
"1071","8112至上","110/07/27","台新證券",78,39,39
"1072","8112至上","110/07/27","第一金-路竹",20,57,-37
"1073","8112至上","110/07/27","新光-台中",44,7,37
"1074","8112至上","110/07/27","新光-桃園",2,36,-34
"1075","8112至上","110/07/27","元大-羅東",38,1,37
"1076","8112至上","110/07/27","元大-東港",0,27,-27
"1077","8112至上","110/07/27","新光",101,65,36
"1078","8112至上","110/07/27","國泰-松江",2,28,-26
"1079","8112至上","110/07/27","元大-新竹",63,28,35
"1080","8112至上","110/07/27","群益金鼎-潭子",2,28,-26
"1081","1570力肯","110/07/27","國票-北高雄",7,0,7
"1082","1570力肯","110/07/27","元大-高雄",0,16,-16
"1083","1570力肯","110/07/27","富邦-陽明",5,0,5
"1084","1570力肯","110/07/27","國票-新莊",0,5,-5
"1085","1570力肯","110/07/27","元大-民雄",3,0,3
"1086","1570力肯","110/07/27","凱基-台北",0,5,-5
"1087","1570力肯","110/07/27","凱基-大里",3,0,3
"1088","1570力肯","110/07/27","美林",0,2,-2
"1089","1570力肯","110/07/27","凱基-長庚",3,0,3
"1090","1570力肯","110/07/27","富邦-南屯",0,2,-2
"1091","1570力肯","110/07/27","元大-新莊",2,0,2
"1092","1570力肯","110/07/27","元大-南崁",0,2,-2
"1093","1570力肯","110/07/27","大昌-樹林",2,0,2
"1094","1570力肯","110/07/27","元大-板橋",0,2,-2
"1095","1570力肯","110/07/27","台新-台中",2,0,2
"1096","1570力肯","110/07/27","新光",0,1,-1
"1097","1570力肯","110/07/27","新光-新竹",2,0,2
"1098","1570力肯","110/07/27","國泰-板橋",0,1,-1
"1099","1570力肯","110/07/27","富邦-左營",2,0,2
"1100","1570力肯","110/07/27","凱基-鳳山",0,1,-1
"1101","1570力肯","110/07/27","群益金鼎-土城",1,0,1
"1102","1570力肯","110/07/27","(牛牛牛)亞-鑫豐",2,2,0
"1103","1570力肯","110/07/27","凱基-竹東",1,0,1
"1104","1570力肯","110/07/27","元大-新盛",1,1,0
"1105","1570力肯","110/07/27","日盛-員林",1,0,1
"1106","1570力肯","110/07/27","",NA,NA,NA
"1107","1570力肯","110/07/27","玉山-板橋",1,0,1
"1108","1570力肯","110/07/27","",NA,NA,NA
"1109","1570力肯","110/07/27","元富-同大",1,0,1
"1110","1570力肯","110/07/27","",NA,NA,NA
"1111","2929淘帝","110/07/27","元大-民生",28,0,28
"1112","2929淘帝","110/07/27","元大-鳳山",0,20,-20
"1113","2929淘帝","110/07/27","臺銀-民權",18,0,18
"1114","2929淘帝","110/07/27","港商野村",1,18,-17
"1115","2929淘帝","110/07/27","合庫-高雄",13,0,13
"1116","2929淘帝","110/07/27","玉山-板橋",0,15,-15
"1117","2929淘帝","110/07/27","永興-水湳",10,0,10
"1118","2929淘帝","110/07/27","美林",0,10,-10
"1119","2929淘帝","110/07/27","富邦-陽明",10,0,10
"1120","2929淘帝","110/07/27","凱基-八德",0,10,-10
"1121","2929淘帝","110/07/27","元大-中和",10,0,10
"1122","2929淘帝","110/07/27","永豐金證券",0,9,-9
"1123","2929淘帝","110/07/27","國泰-館前",6,0,6
"1124","2929淘帝","110/07/27","新加坡商瑞銀",10,18,-8
"1125","2929淘帝","110/07/27","富邦-內湖",6,0,6
"1126","2929淘帝","110/07/27","富邦-台北",0,8,-8
"1127","2929淘帝","110/07/27","合庫-台南",5,0,5
"1128","2929淘帝","110/07/27","宏遠-台中",0,7,-7
"1129","2929淘帝","110/07/27","凱基-東門",5,0,5
"1130","2929淘帝","110/07/27","元富-潮州",0,7,-7
"1131","2929淘帝","110/07/27","元大-大益",5,0,5
"1132","2929淘帝","110/07/27","群益金鼎-延平",0,6,-6
"1133","2929淘帝","110/07/27","元大-屏南",5,0,5
"1134","2929淘帝","110/07/27","元大-文心",0,6,-6
"1135","2929淘帝","110/07/27","永豐金-板盛",5,0,5
"1136","2929淘帝","110/07/27","永豐金-中壢",0,6,-6
"1137","2929淘帝","110/07/27","臺銀",4,0,4
"1138","2929淘帝","110/07/27","美商高盛",0,5,-5
"1139","2929淘帝","110/07/27","永豐金-市政",4,0,4
"1140","2929淘帝","110/07/27","兆豐-南門",0,5,-5
"1141","5410國眾","110/07/27","摩根大通",47,0,47
"1142","5410國眾","110/07/27","元富-嘉義",0,48,-48
"1143","5410國眾","110/07/27","兆豐-城中",43,0,43
"1144","5410國眾","110/07/27","統一-平鎮",0,20,-20
"1145","5410國眾","110/07/27","香港上海匯豐",36,0,36
"1146","5410國眾","110/07/27","元大-大益",0,18,-18
"1147","5410國眾","110/07/27","港商麥格理",26,0,26
"1148","5410國眾","110/07/27","凱基-台北",0,16,-16
"1149","5410國眾","110/07/27","元富-大昌",21,0,21
"1150","5410國眾","110/07/27","凱基-站前",0,15,-15
"1151","5410國眾","110/07/27","元富-四維",20,0,20
"1152","5410國眾","110/07/27","元大-南勢角",0,13,-13
"1153","5410國眾","110/07/27","新光-台中",20,0,20
"1154","5410國眾","110/07/27","日盛-忠孝",0,11,-11
"1155","5410國眾","110/07/27","統一-金門",15,0,15
"1156","5410國眾","110/07/27","玉山-板橋",0,11,-11
"1157","5410國眾","110/07/27","玉山-高雄",15,0,15
"1158","5410國眾","110/07/27","元大-崇德",0,11,-11
"1159","5410國眾","110/07/27","凱基-竹北",15,0,15
"1160","5410國眾","110/07/27","元大-大天母",0,11,-11
"1161","5410國眾","110/07/27","元大-新莊",14,1,13
"1162","5410國眾","110/07/27","元富-松德",0,10,-10
"1163","5410國眾","110/07/27","華南永昌-中正",14,4,10
"1164","5410國眾","110/07/27","豐農",0,10,-10
"1165","5410國眾","110/07/27","元大-屏南",10,0,10
"1166","5410國眾","110/07/27","新光-新竹",0,10,-10
"1167","5410國眾","110/07/27","元大-中和",10,0,10
"1168","5410國眾","110/07/27","凱基-虎尾",0,10,-10
"1169","5410國眾","110/07/27","台新證券",10,1,9
"1170","5410國眾","110/07/27","元大-善化",0,10,-10
"1171","2841台開","110/07/27","日盛證券",620,0,620
"1172","2841台開","110/07/27","玉山-新竹",0,312,-312
"1173","2841台開","110/07/27","永豐金-豐原",65,0,65
"1174","2841台開","110/07/27","港商野村",0,216,-216
"1175","2841台開","110/07/27","元大-南投",50,0,50
"1176","2841台開","110/07/27","永興-水湳",0,90,-90
"1177","2841台開","110/07/27","台灣摩根士丹利",40,0,40
"1178","2841台開","110/07/27","凱基-興隆",0,64,-64
"1179","2841台開","110/07/27","玉山-高雄",29,0,29
"1180","2841台開","110/07/27","美林",0,30,-30
"1181","2841台開","110/07/27","第一金-台中",20,0,20
"1182","2841台開","110/07/27","國泰-松江",5,35,-30
"1183","2841台開","110/07/27","凱基-市政",20,0,20
"1184","2841台開","110/07/27","台新-左楠",0,25,-25
"1185","2841台開","110/07/27","群益金鼎-大甲",18,1,17
"1186","2841台開","110/07/27","大昌-樹林",0,20,-20
"1187","2841台開","110/07/27","台中銀",16,1,15
"1188","2841台開","110/07/27","富邦-仁愛",0,20,-20
"1189","2841台開","110/07/27","國泰-板橋",12,0,12
"1190","2841台開","110/07/27","致和-南京",0,16,-16
"1191","2841台開","110/07/27","群益金鼎-基隆",10,0,10
"1192","2841台開","110/07/27","凱基-台北",2,16,-14
"1193","2841台開","110/07/27","華南永昌-新莊",10,0,10
"1194","2841台開","110/07/27","日盛-台南",0,10,-10
"1195","2841台開","110/07/27","元大-福營",10,0,10
"1196","2841台開","110/07/27","國票-台東",0,10,-10
"1197","2841台開","110/07/27","元大-歸仁",10,0,10
"1198","2841台開","110/07/27","台新-台中",5,15,-10
"1199","2841台開","110/07/27","中國信託-文心",5,0,5
"1200","2841台開","110/07/27","凱基-台中",0,10,-10
"1201","6207雷科","110/07/27","摩根大通",249,119,130
"1202","6207雷科","110/07/27","永豐金-台南",2,82,-80
"1203","6207雷科","110/07/27","群益金鼎-丹鳳",70,0,70
"1204","6207雷科","110/07/27","永豐金-內湖",39,109,-70
"1205","6207雷科","110/07/27","群益金鼎-東門",42,0,42
"1206","6207雷科","110/07/27","新加坡商瑞銀",22,76,-54
"1207","6207雷科","110/07/27","永豐金-敦南",38,4,34
"1208","6207雷科","110/07/27","新光-高雄",4,57,-53
"1209","6207雷科","110/07/27","凱基-復興",30,0,30
"1210","6207雷科","110/07/27","瑞士信貸",0,40,-40
"1211","6207雷科","110/07/27","元大-東門",30,0,30
"1212","6207雷科","110/07/27","凱基-高雄",4,43,-39
"1213","6207雷科","110/07/27","大昌-桃園",33,8,25
"1214","6207雷科","110/07/27","華南永昌-高雄",4,40,-36
"1215","6207雷科","110/07/27","富邦-虎尾",24,0,24
"1216","6207雷科","110/07/27","新光",11,44,-33
"1217","6207雷科","110/07/27","凱基-羅東",24,2,22
"1218","6207雷科","110/07/27","日盛-板橋中山",0,29,-29
"1219","6207雷科","110/07/27","群益金鼎-延平",21,0,21
"1220","6207雷科","110/07/27","元大-六合",3,30,-27
"1221","6207雷科","110/07/27","群益金鼎-屏東",20,0,20
"1222","6207雷科","110/07/27","中國信託-新竹",7,33,-26
"1223","6207雷科","110/07/27","永豐金-埔里",20,0,20
"1224","6207雷科","110/07/27","元富-城中",0,23,-23
"1225","6207雷科","110/07/27","康和-延平",21,3,18
"1226","6207雷科","110/07/27","元大-大雅",2,20,-18
"1227","6207雷科","110/07/27","群益金鼎-中壢",20,2,18
"1228","6207雷科","110/07/27","永豐金-新莊",2,20,-18
"1229","6207雷科","110/07/27","宏遠證券",31,15,16
"1230","6207雷科","110/07/27","富邦-台中",5,21,-16
"1231","3679新至陞","110/07/27","凱基-市政",25,0,25
"1232","3679新至陞","110/07/27","瑞士信貸",0,13,-13
"1233","3679新至陞","110/07/27","兆豐-高雄",10,0,10
"1234","3679新至陞","110/07/27","元大-天母",0,9,-9
"1235","3679新至陞","110/07/27","光和-溪湖",8,0,8
"1236","3679新至陞","110/07/27","元大-彰化民生",0,6,-6
"1237","3679新至陞","110/07/27","臺銀-新竹",7,0,7
"1238","3679新至陞","110/07/27","康和-澎湖",2,7,-5
"1239","3679新至陞","110/07/27","新加坡商瑞銀",7,0,7
"1240","3679新至陞","110/07/27","聯邦-大業",0,5,-5
"1241","3679新至陞","110/07/27","永豐金-板橋",6,0,6
"1242","3679新至陞","110/07/27","元大-成功",0,5,-5
"1243","3679新至陞","110/07/27","宏遠-光隆",5,0,5
"1244","3679新至陞","110/07/27","康和-板橋",0,4,-4
"1245","3679新至陞","110/07/27","統一",5,0,5
"1246","3679新至陞","110/07/27","凱基-新豐",0,4,-4
"1247","3679新至陞","110/07/27","統一-新竹",5,0,5
"1248","3679新至陞","110/07/27","統一-高雄",0,3,-3
"1249","3679新至陞","110/07/27","元富-松德",5,0,5
"1250","3679新至陞","110/07/27","統一-新台中",0,3,-3
"1251","3679新至陞","110/07/27","元大-淡水",5,0,5
"1252","3679新至陞","110/07/27","元富-安南",0,3,-3
"1253","3679新至陞","110/07/27","日盛證券",4,0,4
"1254","3679新至陞","110/07/27","國票-北高雄",0,3,-3
"1255","3679新至陞","110/07/27","國泰-板橋",4,0,4
"1256","3679新至陞","110/07/27","玉山-新莊",0,3,-3
"1257","3679新至陞","110/07/27","(牛牛牛)亞-網路",3,0,3
"1258","3679新至陞","110/07/27","凱基-屏東",0,3,-3
"1259","3679新至陞","110/07/27","國票-九鼎",3,0,3
"1260","3679新至陞","110/07/27","台灣摩根士丹利",0,2,-2
"1261","2727王品","110/07/27","台灣摩根士丹利",103,12,91
"1262","2727王品","110/07/27","元大-彰化民生",11,420,-409
"1263","2727王品","110/07/27","華南永昌-麻豆",33,0,33
"1264","2727王品","110/07/27","美商高盛",0,247,-247
"1265","2727王品","110/07/27","元大-龍潭",31,1,30
"1266","2727王品","110/07/27","華南永昌",7,193,-186
"1267","2727王品","110/07/27","國泰-敦南",38,11,27
"1268","2727王品","110/07/27","花旗環球",0,86,-86
"1269","2727王品","110/07/27","群益金鼎-基隆",27,1,26
"1270","2727王品","110/07/27","凱基-台北",81,139,-58
"1271","2727王品","110/07/27","富邦-台中",26,0,26
"1272","2727王品","110/07/27","元大證券",23,64,-41
"1273","2727王品","110/07/27","元富",31,6,25
"1274","2727王品","110/07/27","瑞士信貸",0,37,-37
"1275","2727王品","110/07/27","元大-桃園",25,0,25
"1276","2727王品","110/07/27","富邦-建國",8,35,-27
"1277","2727王品","110/07/27","凱基-大直",21,1,20
"1278","2727王品","110/07/27","凱基-埔墘",6,29,-23
"1279","2727王品","110/07/27","日盛-士林",16,0,16
"1280","2727王品","110/07/27","美林",5,26,-21
"1281","2727王品","110/07/27","國票-敦北法人",17,1,16
"1282","2727王品","110/07/27","港商野村",12,30,-18
"1283","2727王品","110/07/27","群益金鼎-高雄",16,0,16
"1284","2727王品","110/07/27","華南永昌-林口",3,21,-18
"1285","2727王品","110/07/27","永豐金-忠孝",18,2,16
"1286","2727王品","110/07/27","彰銀-台中",4,20,-16
"1287","2727王品","110/07/27","臺銀-高雄",16,1,15
"1288","2727王品","110/07/27","統一",3,17,-14
"1289","2727王品","110/07/27","台新-台中",18,3,15
"1290","2727王品","110/07/27","富邦-新竹華信",2,15,-13
"1291","1570力肯","110/07/27","國票-北高雄",7,0,7
"1292","1570力肯","110/07/27","元大-高雄",0,16,-16
"1293","1570力肯","110/07/27","富邦-陽明",5,0,5
"1294","1570力肯","110/07/27","國票-新莊",0,5,-5
"1295","1570力肯","110/07/27","元大-民雄",3,0,3
"1296","1570力肯","110/07/27","凱基-台北",0,5,-5
"1297","1570力肯","110/07/27","凱基-大里",3,0,3
"1298","1570力肯","110/07/27","美林",0,2,-2
"1299","1570力肯","110/07/27","凱基-長庚",3,0,3
"1300","1570力肯","110/07/27","富邦-南屯",0,2,-2
"1301","1570力肯","110/07/27","元大-新莊",2,0,2
"1302","1570力肯","110/07/27","元大-南崁",0,2,-2
"1303","1570力肯","110/07/27","大昌-樹林",2,0,2
"1304","1570力肯","110/07/27","元大-板橋",0,2,-2
"1305","1570力肯","110/07/27","台新-台中",2,0,2
"1306","1570力肯","110/07/27","新光",0,1,-1
"1307","1570力肯","110/07/27","新光-新竹",2,0,2
"1308","1570力肯","110/07/27","國泰-板橋",0,1,-1
"1309","1570力肯","110/07/27","富邦-左營",2,0,2
"1310","1570力肯","110/07/27","凱基-鳳山",0,1,-1
"1311","1570力肯","110/07/27","群益金鼎-土城",1,0,1
"1312","1570力肯","110/07/27","(牛牛牛)亞-鑫豐",2,2,0
"1313","1570力肯","110/07/27","凱基-竹東",1,0,1
"1314","1570力肯","110/07/27","元大-新盛",1,1,0
"1315","1570力肯","110/07/27","日盛-員林",1,0,1
"1316","1570力肯","110/07/27","",NA,NA,NA
"1317","1570力肯","110/07/27","玉山-板橋",1,0,1
"1318","1570力肯","110/07/27","",NA,NA,NA
"1319","1570力肯","110/07/27","元富-同大",1,0,1
"1320","1570力肯","110/07/27","",NA,NA,NA
"1321","6180橘子","110/07/27","新加坡商瑞銀",166,24,142
"1322","6180橘子","110/07/27","花旗環球",31,87,-56
"1323","6180橘子","110/07/27","彰銀-台中",50,1,49
"1324","6180橘子","110/07/27","凱基-台北",53,108,-55
"1325","6180橘子","110/07/27","日盛-文化",48,8,40
"1326","6180橘子","110/07/27","新光",39,81,-42
"1327","6180橘子","110/07/27","美林",39,0,39
"1328","6180橘子","110/07/27","富邦-台北",1,25,-24
"1329","6180橘子","110/07/27","元大-草屯",54,17,37
"1330","6180橘子","110/07/27","第一金-員林",0,22,-22
"1331","6180橘子","110/07/27","美商高盛",35,1,34
"1332","6180橘子","110/07/27","富邦-新竹華信",7,28,-21
"1333","6180橘子","110/07/27","元大-上新莊",32,0,32
"1334","6180橘子","110/07/27","凱基-中山",5,24,-19
"1335","6180橘子","110/07/27","台灣摩根士丹利",30,0,30
"1336","6180橘子","110/07/27","國泰-敦南",22,37,-15
"1337","6180橘子","110/07/27","摩根大通",49,21,28
"1338","6180橘子","110/07/27","合庫-自強",2,16,-14
"1339","6180橘子","110/07/27","兆豐-大同",30,4,26
"1340","6180橘子","110/07/27","大昌-安康",1,14,-13
"1341","6180橘子","110/07/27","元大-羅東",21,0,21
"1342","6180橘子","110/07/27","高橋",0,11,-11
"1343","6180橘子","110/07/27","日盛-頭份",16,0,16
"1344","6180橘子","110/07/27","土銀-新竹",0,10,-10
"1345","6180橘子","110/07/27","瑞士信貸",24,8,16
"1346","6180橘子","110/07/27","兆豐-麻豆",0,10,-10
"1347","6180橘子","110/07/27","群益金鼎-士林",15,0,15
"1348","6180橘子","110/07/27","康和-永和",0,10,-10
"1349","6180橘子","110/07/27","永豐金-南京",15,1,14
"1350","6180橘子","110/07/27","永豐金-竹科",2,12,-10
"1351","2390云辰","110/07/27","凱基-基隆",207,3,204
"1352","2390云辰","110/07/27","凱基-台北",248,732,-484
"1353","2390云辰","110/07/27","摩根大通",730,560,170
"1354","2390云辰","110/07/27","美林",17,218,-201
"1355","2390云辰","110/07/27","華南永昌-中正",182,43,139
"1356","2390云辰","110/07/27","港商野村",85,277,-192
"1357","2390云辰","110/07/27","兆豐-北高雄",124,1,123
"1358","2390云辰","110/07/27","玉山-新莊",4,87,-83
"1359","2390云辰","110/07/27","元大-信義",108,5,103
"1360","2390云辰","110/07/27","新光",96,163,-67
"1361","2390云辰","110/07/27","富邦-陽明",94,22,72
"1362","2390云辰","110/07/27","新光-新竹",7,74,-67
"1363","2390云辰","110/07/27","日盛證券",140,71,69
"1364","2390云辰","110/07/27","富邦-左營",46,107,-61
"1365","2390云辰","110/07/27","第一金-豐原",56,0,56
"1366","2390云辰","110/07/27","大昌-新店",9,64,-55
"1367","2390云辰","110/07/27","統一-新台中",67,22,45
"1368","2390云辰","110/07/27","日盛-和美",28,81,-53
"1369","2390云辰","110/07/27","元大-復北",47,2,45
"1370","2390云辰","110/07/27","元大-台南",3,54,-51
"1371","2390云辰","110/07/27","富邦-建國",54,10,44
"1372","2390云辰","110/07/27","元富-世貿",10,60,-50
"1373","2390云辰","110/07/27","兆豐-桃鶯",46,5,41
"1374","2390云辰","110/07/27","華南永昌-鳳山",41,90,-49
"1375","2390云辰","110/07/27","富邦-中壢",45,4,41
"1376","2390云辰","110/07/27","聯邦商銀",6,52,-46
"1377","2390云辰","110/07/27","富邦-新竹華信",46,11,35
"1378","2390云辰","110/07/27","合庫-高雄",7,50,-43
"1379","2390云辰","110/07/27","第一金-華江",30,2,28
"1380","2390云辰","110/07/27","瑞士信貸",0,42,-42
"1381","2363矽統","110/07/26","凱基-台北",1994,468,1526
"1382","2363矽統","110/07/26","富邦-南屯",5,375,-370
"1383","2363矽統","110/07/26","新加坡商瑞銀",1537,208,1329
"1384","2363矽統","110/07/26","聯邦-興中",0,203,-203
"1385","2363矽統","110/07/26","摩根大通",2033,997,1036
"1386","2363矽統","110/07/26","台新證券",427,622,-195
"1387","2363矽統","110/07/26","瑞士信貸",930,0,930
"1388","2363矽統","110/07/26","元大-鳳中",10,203,-193
"1389","2363矽統","110/07/26","美林",985,76,909
"1390","2363矽統","110/07/26","國泰-板橋",69,209,-140
"1391","2363矽統","110/07/26","港商野村",1072,282,790
"1392","2363矽統","110/07/26","北城證券",6,132,-126
"1393","2363矽統","110/07/26","美商高盛",711,7,704
"1394","2363矽統","110/07/26","華南永昌-朴子",30,152,-122
"1395","2363矽統","110/07/26","新光",570,278,292
"1396","2363矽統","110/07/26","台新-台中",27,145,-118
"1397","2363矽統","110/07/26","台新-台南",244,39,205
"1398","2363矽統","110/07/26","群益金鼎-萬華",13,128,-115
"1399","2363矽統","110/07/26","元大證券",243,52,191
"1400","2363矽統","110/07/26","日盛-樹林",7,116,-109
"1401","2363矽統","110/07/26","永豐金證券",189,27,162
"1402","2363矽統","110/07/26","群益金鼎-屏東",200,303,-103
"1403","2363矽統","110/07/26","元大-楊梅",177,16,161
"1404","2363矽統","110/07/26","元大-潮州",6,102,-96
"1405","2363矽統","110/07/26","群益金鼎",158,21,137
"1406","2363矽統","110/07/26","新光-桃園",22,117,-95
"1407","2363矽統","110/07/26","元富-城東",107,8,99
"1408","2363矽統","110/07/26","凱基-和平",45,140,-95
"1409","2363矽統","110/07/26","日盛-雙和",109,14,95
"1410","2363矽統","110/07/26","合庫-台南",5,95,-90
"1411","8112至上","110/07/26","摩根大通",1728,41,1687
"1412","8112至上","110/07/26","玉山-左營",3,600,-597
"1413","8112至上","110/07/26","台灣摩根士丹利",408,10,398
"1414","8112至上","110/07/26","凱基-三重",1,527,-526
"1415","8112至上","110/07/26","凱基-台北",693,311,382
"1416","8112至上","110/07/26","中國信託-忠孝",0,103,-103
"1417","8112至上","110/07/26","港商法國興業",376,1,375
"1418","8112至上","110/07/26","凱基-站前",7,105,-98
"1419","8112至上","110/07/26","美商高盛",172,26,146
"1420","8112至上","110/07/26","國票-中港",0,96,-96
"1421","8112至上","110/07/26","新加坡商瑞銀",201,69,132
"1422","8112至上","110/07/26","兆豐-公益",3,84,-81
"1423","8112至上","110/07/26","美林",192,62,130
"1424","8112至上","110/07/26","玉山證券",2,65,-63
"1425","8112至上","110/07/26","港商野村",142,58,84
"1426","8112至上","110/07/26","統一-台中",1,62,-61
"1427","8112至上","110/07/26","凱基-永和",75,0,75
"1428","8112至上","110/07/26","富邦-陽明",3,60,-57
"1429","8112至上","110/07/26","凱基-竹科",65,2,63
"1430","8112至上","110/07/26","新光-新竹",86,141,-55
"1431","8112至上","110/07/26","華南永昌-敦南",63,1,62
"1432","8112至上","110/07/26","富邦-台北",2,57,-55
"1433","8112至上","110/07/26","兆豐-天母",50,0,50
"1434","8112至上","110/07/26","玉山-板橋",2,51,-49
"1435","8112至上","110/07/26","新光-桃園",57,11,46
"1436","8112至上","110/07/26","台新-新營",6,47,-41
"1437","8112至上","110/07/26","光和",35,1,34
"1438","8112至上","110/07/26","元大-虎尾",4,42,-38
"1439","8112至上","110/07/26","華南永昌-新莊",31,3,28
"1440","8112至上","110/07/26","日盛-新竹",1,38,-37
"1441","1570力肯","110/07/26","元大-民雄",10,0,10
"1442","1570力肯","110/07/26","元大-高雄",0,33,-33
"1443","1570力肯","110/07/26","新光-台中",10,1,9
"1444","1570力肯","110/07/26","日盛-宜蘭",0,8,-8
"1445","1570力肯","110/07/26","富邦-陽明",9,0,9
"1446","1570力肯","110/07/26","美林",0,5,-5
"1447","1570力肯","110/07/26","大慶-蘆洲",8,0,8
"1448","1570力肯","110/07/26","凱基-永康",0,5,-5
"1449","1570力肯","110/07/26","福勝",8,0,8
"1450","1570力肯","110/07/26","台新證券",0,4,-4
"1451","1570力肯","110/07/26","凱基-桃園",7,0,7
"1452","1570力肯","110/07/26","元大-汐止",0,4,-4
"1453","1570力肯","110/07/26","中國信託-永康",3,0,3
"1454","1570力肯","110/07/26","元大-桃興",0,3,-3
"1455","1570力肯","110/07/26","兆豐-台中港",3,0,3
"1456","1570力肯","110/07/26","元富-吉利",0,2,-2
"1457","1570力肯","110/07/26","國票-北高雄",3,0,3
"1458","1570力肯","110/07/26","國泰-板橋",0,2,-2
"1459","1570力肯","110/07/26","富邦-員林",3,0,3
"1460","1570力肯","110/07/26","元大-台中",0,2,-2
"1461","1570力肯","110/07/26","瑞士信貸",2,0,2
"1462","1570力肯","110/07/26","元大-西螺",0,2,-2
"1463","1570力肯","110/07/26","大昌-樹林",2,0,2
"1464","1570力肯","110/07/26","元大-苑裡",0,2,-2
"1465","1570力肯","110/07/26","兆豐-忠孝",2,0,2
"1466","1570力肯","110/07/26","合庫-三重",0,1,-1
"1467","1570力肯","110/07/26","新光",2,0,2
"1468","1570力肯","110/07/26","臺銀-臺南",0,1,-1
"1469","1570力肯","110/07/26","凱基-台北",2,0,2
"1470","1570力肯","110/07/26","元富-永和",0,1,-1
"1471","2929淘帝","110/07/26","合庫-高雄",47,0,47
"1472","2929淘帝","110/07/26","港商野村",11,42,-31
"1473","2929淘帝","110/07/26","元大-民生",28,0,28
"1474","2929淘帝","110/07/26","凱基-林口",0,30,-30
"1475","2929淘帝","110/07/26","臺銀-鳳山",10,0,10
"1476","2929淘帝","110/07/26","美林",1,28,-27
"1477","2929淘帝","110/07/26","華南永昌-鶯歌",10,0,10
"1478","2929淘帝","110/07/26","富邦-竹北",0,20,-20
"1479","2929淘帝","110/07/26","元大-永和",10,0,10
"1480","2929淘帝","110/07/26","凱基-台北",0,12,-12
"1481","2929淘帝","110/07/26","永豐金證券",8,0,8
"1482","2929淘帝","110/07/26","中國信託-永康",0,10,-10
"1483","2929淘帝","110/07/26","元大-太平",8,1,7
"1484","2929淘帝","110/07/26","摩根大通",0,10,-10
"1485","2929淘帝","110/07/26","德信-和平",6,0,6
"1486","2929淘帝","110/07/26","群益金鼎-高雄",0,10,-10
"1487","2929淘帝","110/07/26","兆豐-南門",6,0,6
"1488","2929淘帝","110/07/26","富邦-宜蘭",0,10,-10
"1489","2929淘帝","110/07/26","元大-新竹經國",6,0,6
"1490","2929淘帝","110/07/26","新加坡商瑞銀",4,13,-9
"1491","2929淘帝","110/07/26","合庫-台南",5,0,5
"1492","2929淘帝","110/07/26","元富-敦南",0,7,-7
"1493","2929淘帝","110/07/26","第一金-新興",5,0,5
"1494","2929淘帝","110/07/26","元大-基隆",0,6,-6
"1495","2929淘帝","110/07/26","玉山-新竹",5,0,5
"1496","2929淘帝","110/07/26","新光-台中",1,6,-5
"1497","2929淘帝","110/07/26","元大-金門",5,0,5
"1498","2929淘帝","110/07/26","華南永昌",0,5,-5
"1499","2929淘帝","110/07/26","台新-台中",4,0,4
"1500","2929淘帝","110/07/26","永豐金-中和",0,5,-5
"1501","5410國眾","110/07/26","摩根大通",71,0,71
"1502","5410國眾","110/07/26","日盛-忠孝",0,142,-142
"1503","5410國眾","110/07/26","凱基-台北",67,4,63
"1504","5410國眾","110/07/26","元富-嘉義",0,55,-55
"1505","5410國眾","110/07/26","兆豐-城中",47,0,47
"1506","5410國眾","110/07/26","國泰-敦南",2,30,-28
"1507","5410國眾","110/07/26","永豐金-內湖",45,0,45
"1508","5410國眾","110/07/26","群益金鼎-板橋",0,15,-15
"1509","5410國眾","110/07/26","元大-新莊",26,0,26
"1510","5410國眾","110/07/26","華南永昌-三重",0,11,-11
"1511","5410國眾","110/07/26","兆豐-麻豆",10,0,10
"1512","5410國眾","110/07/26","永全-南崁",0,10,-10
"1513","5410國眾","110/07/26","新光-台中",10,0,10
"1514","5410國眾","110/07/26","台新-建北",1,11,-10
"1515","5410國眾","110/07/26","元大-屏南",10,0,10
"1516","5410國眾","110/07/26","臺銀-臺南",0,8,-8
"1517","5410國眾","110/07/26","港商野村",9,0,9
"1518","5410國眾","110/07/26","群益金鼎-東大",0,7,-7
"1519","5410國眾","110/07/26","新光",13,4,9
"1520","5410國眾","110/07/26","永豐金-中正",0,7,-7
"1521","5410國眾","110/07/26","華南永昌-小港",7,0,7
"1522","5410國眾","110/07/26","永豐金-桃園",0,7,-7
"1523","5410國眾","110/07/26","玉山-左營",6,0,6
"1524","5410國眾","110/07/26","第一金-高雄",0,6,-6
"1525","5410國眾","110/07/26","土銀-台南",5,0,5
"1526","5410國眾","110/07/26","台中銀-豐原",0,6,-6
"1527","5410國眾","110/07/26","新加坡商瑞銀",5,0,5
"1528","5410國眾","110/07/26","亞東-高雄",0,5,-5
"1529","5410國眾","110/07/26","元富-三重",8,3,5
"1530","5410國眾","110/07/26","國票-北高雄",0,5,-5
"1531","2841台開","110/07/26","台新-台中",282,5,277
"1532","2841台開","110/07/26","港商野村",0,128,-128
"1533","2841台開","110/07/26","凱基-台北",41,0,41
"1534","2841台開","110/07/26","富邦-仁愛",0,70,-70
"1535","2841台開","110/07/26","台灣摩根士丹利",40,0,40
"1536","2841台開","110/07/26","元大-彰化",0,60,-60
"1537","2841台開","110/07/26","元富-緯城",40,0,40
"1538","2841台開","110/07/26","永興-水湳",0,30,-30
"1539","2841台開","110/07/26","玉山-高雄",38,0,38
"1540","2841台開","110/07/26","富邦-新竹華信",0,23,-23
"1541","2841台開","110/07/26","日盛-樹林",21,0,21
"1542","2841台開","110/07/26","宏遠-光隆",0,20,-20
"1543","2841台開","110/07/26","元大-松江",20,0,20
"1544","2841台開","110/07/26","玉山證券",0,20,-20
"1545","2841台開","110/07/26","元大-歸仁",20,0,20
"1546","2841台開","110/07/26","富邦-板橋",0,20,-20
"1547","2841台開","110/07/26","國泰-桃園",20,3,17
"1548","2841台開","110/07/26","元大-台中中港",0,19,-19
"1549","2841台開","110/07/26","新光-台中",15,0,15
"1550","2841台開","110/07/26","臺銀-臺南",0,18,-18
"1551","2841台開","110/07/26","群益金鼎-東門",11,0,11
"1552","2841台開","110/07/26","永豐金-敦南",3,19,-16
"1553","2841台開","110/07/26","華南永昌-內壢",11,0,11
"1554","2841台開","110/07/26","統一-桃園",0,13,-13
"1555","2841台開","110/07/26","元富-烏日",10,0,10
"1556","2841台開","110/07/26","國泰-台中",0,11,-11
"1557","2841台開","110/07/26","國泰-忠孝",10,2,8
"1558","2841台開","110/07/26","元大-福營",0,11,-11
"1559","2841台開","110/07/26","元大-潮州",6,0,6
"1560","2841台開","110/07/26","凱基-站前",0,10,-10
"1561","6207雷科","110/07/26","元大-向上",70,0,70
"1562","6207雷科","110/07/26","摩根大通",45,241,-196
"1563","6207雷科","110/07/26","國票-中和",67,5,62
"1564","6207雷科","110/07/26","華南永昌-台中",16,180,-164
"1565","6207雷科","110/07/26","永豐金-台南",63,2,61
"1566","6207雷科","110/07/26","瑞士信貸",4,69,-65
"1567","6207雷科","110/07/26","國泰-板橋",32,0,32
"1568","6207雷科","110/07/26","國票-天祥",11,76,-65
"1569","6207雷科","110/07/26","華南永昌-朴子",24,0,24
"1570","6207雷科","110/07/26","新加坡商瑞銀",15,78,-63
"1571","6207雷科","110/07/26","台新證券",35,12,23
"1572","6207雷科","110/07/26","凱基-台北",86,134,-48
"1573","6207雷科","110/07/26","永豐金-板盛",24,1,23
"1574","6207雷科","110/07/26","富邦-台中",58,100,-42
"1575","6207雷科","110/07/26","康和-台中",24,2,22
"1576","6207雷科","110/07/26","兆豐-大安",0,41,-41
"1577","6207雷科","110/07/26","台新-台南",22,2,20
"1578","6207雷科","110/07/26","群益金鼎-館前",0,40,-40
"1579","6207雷科","110/07/26","元大-大統",22,2,20
"1580","6207雷科","110/07/26","富邦-羅東",2,39,-37
"1581","6207雷科","110/07/26","元富-桃園",19,0,19
"1582","6207雷科","110/07/26","國票-台東",0,30,-30
"1583","6207雷科","110/07/26","高橋",17,0,17
"1584","6207雷科","110/07/26","凱基-士林",1,30,-29
"1585","6207雷科","110/07/26","元富-同大",30,13,17
"1586","6207雷科","110/07/26","元大-南京",3,31,-28
"1587","6207雷科","110/07/26","元大-內湖",17,0,17
"1588","6207雷科","110/07/26","宏遠-桃園",0,24,-24
"1589","6207雷科","110/07/26","永豐金-內湖",19,2,17
"1590","6207雷科","110/07/26","國票-和平",0,23,-23
"1591","3679新至陞","110/07/26","元富-板橋",16,0,16
"1592","3679新至陞","110/07/26","台新-台中",0,19,-19
"1593","3679新至陞","110/07/26","華南永昌-淡水",10,0,10
"1594","3679新至陞","110/07/26","元大-成功",0,10,-10
"1595","3679新至陞","110/07/26","光和-溪湖",8,0,8
"1596","3679新至陞","110/07/26","日進",0,9,-9
"1597","3679新至陞","110/07/26","宏遠-光隆",6,0,6
"1598","3679新至陞","110/07/26","臺銀-臺中",0,5,-5
"1599","3679新至陞","110/07/26","玉山-嘉義",5,0,5
"1600","3679新至陞","110/07/26","港商法國興業",0,4,-4
"1601","3679新至陞","110/07/26","元富-安南",3,0,3
"1602","3679新至陞","110/07/26","統一-新台中",0,3,-3
"1603","3679新至陞","110/07/26","摩根大通",4,1,3
"1604","3679新至陞","110/07/26","大慶-苗栗",1,3,-2
"1605","3679新至陞","110/07/26","凱基-台北",5,2,3
"1606","3679新至陞","110/07/26","元富-松德",0,2,-2
"1607","3679新至陞","110/07/26","凱基-站前",2,0,2
"1608","3679新至陞","110/07/26","富邦-仁愛",0,2,-2
"1609","3679新至陞","110/07/26","華南永昌",2,0,2
"1610","3679新至陞","110/07/26","元大-文心興安",0,2,-2
"1611","3679新至陞","110/07/26","元大-上新莊",2,0,2
"1612","3679新至陞","110/07/26","永豐金證券",0,2,-2
"1613","3679新至陞","110/07/26","美林",4,3,1
"1614","3679新至陞","110/07/26","臺銀-高雄",0,1,-1
"1615","3679新至陞","110/07/26","台灣摩根士丹利",2,1,1
"1616","3679新至陞","110/07/26","台灣企銀-屏東",0,1,-1
"1617","3679新至陞","110/07/26","美商高盛",1,0,1
"1618","3679新至陞","110/07/26","大慶-富順",0,1,-1
"1619","3679新至陞","110/07/26","富邦-台北",1,0,1
"1620","3679新至陞","110/07/26","統一-彰化",0,1,-1
"1621","2727王品","110/07/26","兆豐-南京",300,0,300
"1622","2727王品","110/07/26","元富-安南",0,62,-62
"1623","2727王品","110/07/26","凱基-台北",74,29,45
"1624","2727王品","110/07/26","瑞士信貸",0,44,-44
"1625","2727王品","110/07/26","富邦-建國",25,2,23
"1626","2727王品","110/07/26","新加坡商瑞銀",0,44,-44
"1627","2727王品","110/07/26","台灣摩根士丹利",22,0,22
"1628","2727王品","110/07/26","統一",11,54,-43
"1629","2727王品","110/07/26","永豐金-屏東",14,1,13
"1630","2727王品","110/07/26","美林",4,39,-35
"1631","2727王品","110/07/26","富邦-桃園",12,1,11
"1632","2727王品","110/07/26","第一金",0,30,-30
"1633","2727王品","110/07/26","日盛-鳳山",11,1,10
"1634","2727王品","110/07/26","康和-台中",0,30,-30
"1635","2727王品","110/07/26","元富-城中",10,0,10
"1636","2727王品","110/07/26","國泰證券",1,31,-30
"1637","2727王品","110/07/26","元大-龍潭",11,1,10
"1638","2727王品","110/07/26","元大證券",37,67,-30
"1639","2727王品","110/07/26","新光-台中",15,6,9
"1640","2727王品","110/07/26","康和",1,29,-28
"1641","2727王品","110/07/26","富邦-台中",10,1,9
"1642","2727王品","110/07/26","永豐金證券",0,27,-27
"1643","2727王品","110/07/26","元大-基隆孝二",10,1,9
"1644","2727王品","110/07/26","安泰",1,26,-25
"1645","2727王品","110/07/26","臺銀-臺中",10,2,8
"1646","2727王品","110/07/26","永豐金-古亭",2,20,-18
"1647","2727王品","110/07/26","元大-花蓮",8,0,8
"1648","2727王品","110/07/26","國票-天祥",0,16,-16
"1649","2727王品","110/07/26","元大-斗信",9,1,8
"1650","2727王品","110/07/26","摩根大通",17,33,-16
"1651","1570力肯","110/07/26","元大-民雄",10,0,10
"1652","1570力肯","110/07/26","元大-高雄",0,33,-33
"1653","1570力肯","110/07/26","新光-台中",10,1,9
"1654","1570力肯","110/07/26","日盛-宜蘭",0,8,-8
"1655","1570力肯","110/07/26","富邦-陽明",9,0,9
"1656","1570力肯","110/07/26","美林",0,5,-5
"1657","1570力肯","110/07/26","大慶-蘆洲",8,0,8
"1658","1570力肯","110/07/26","凱基-永康",0,5,-5
"1659","1570力肯","110/07/26","福勝",8,0,8
"1660","1570力肯","110/07/26","台新證券",0,4,-4
"1661","1570力肯","110/07/26","凱基-桃園",7,0,7
"1662","1570力肯","110/07/26","元大-汐止",0,4,-4
"1663","1570力肯","110/07/26","中國信託-永康",3,0,3
"1664","1570力肯","110/07/26","元大-桃興",0,3,-3
"1665","1570力肯","110/07/26","兆豐-台中港",3,0,3
"1666","1570力肯","110/07/26","元富-吉利",0,2,-2
"1667","1570力肯","110/07/26","國票-北高雄",3,0,3
"1668","1570力肯","110/07/26","國泰-板橋",0,2,-2
"1669","1570力肯","110/07/26","富邦-員林",3,0,3
"1670","1570力肯","110/07/26","元大-台中",0,2,-2
"1671","1570力肯","110/07/26","瑞士信貸",2,0,2
"1672","1570力肯","110/07/26","元大-西螺",0,2,-2
"1673","1570力肯","110/07/26","大昌-樹林",2,0,2
"1674","1570力肯","110/07/26","元大-苑裡",0,2,-2
"1675","1570力肯","110/07/26","兆豐-忠孝",2,0,2
"1676","1570力肯","110/07/26","合庫-三重",0,1,-1
"1677","1570力肯","110/07/26","新光",2,0,2
"1678","1570力肯","110/07/26","臺銀-臺南",0,1,-1
"1679","1570力肯","110/07/26","凱基-台北",2,0,2
"1680","1570力肯","110/07/26","元富-永和",0,1,-1
"1681","6180橘子","110/07/26","凱基-台北",121,1,120
"1682","6180橘子","110/07/26","元大-竹山",0,35,-35
"1683","6180橘子","110/07/26","新加坡商瑞銀",71,2,69
"1684","6180橘子","110/07/26","元大-和平",0,30,-30
"1685","6180橘子","110/07/26","摩根大通",70,4,66
"1686","6180橘子","110/07/26","元大-草屯",3,27,-24
"1687","6180橘子","110/07/26","美林",33,0,33
"1688","6180橘子","110/07/26","華南永昌-高雄",0,21,-21
"1689","6180橘子","110/07/26","台灣摩根士丹利",20,4,16
"1690","6180橘子","110/07/26","兆豐-埔墘",0,18,-18
"1691","6180橘子","110/07/26","合庫-高雄",11,0,11
"1692","6180橘子","110/07/26","元富-林園",0,17,-17
"1693","6180橘子","110/07/26","港商野村",10,0,10
"1694","6180橘子","110/07/26","元富-成功",0,16,-16
"1695","6180橘子","110/07/26","富邦-宜蘭",10,0,10
"1696","6180橘子","110/07/26","群益金鼎-台南",0,13,-13
"1697","6180橘子","110/07/26","統一-彰化",10,1,9
"1698","6180橘子","110/07/26","元大-開元",0,13,-13
"1699","6180橘子","110/07/26","兆豐-北高雄",9,1,8
"1700","6180橘子","110/07/26","富邦-台中",0,12,-12
"1701","6180橘子","110/07/26","元大-新店中正",10,2,8
"1702","6180橘子","110/07/26","(牛牛牛)亞-鑫豐",1,12,-11
"1703","6180橘子","110/07/26","國泰-敦南",10,3,7
"1704","6180橘子","110/07/26","台新-台南",0,11,-11
"1705","6180橘子","110/07/26","合庫-自強",5,0,5
"1706","6180橘子","110/07/26","聯邦-興中",0,11,-11
"1707","6180橘子","110/07/26","大慶-蘆洲",5,0,5
"1708","6180橘子","110/07/26","日盛-中和",0,10,-10
"1709","6180橘子","110/07/26","統一-中壢",5,0,5
"1710","6180橘子","110/07/26","康和-台北",0,10,-10
"1711","2390云辰","110/07/26","元大-大同",311,3,308
"1712","2390云辰","110/07/26","摩根大通",139,570,-431
"1713","2390云辰","110/07/26","華南永昌-鳳山",276,4,272
"1714","2390云辰","110/07/26","美林",103,243,-140
"1715","2390云辰","110/07/26","永豐金-竹北",201,6,195
"1716","2390云辰","110/07/26","元大-彰化民生",0,117,-117
"1717","2390云辰","110/07/26","富邦-左營",107,17,90
"1718","2390云辰","110/07/26","元富-中港",0,102,-102
"1719","2390云辰","110/07/26","元富-高雄",82,5,77
"1720","2390云辰","110/07/26","凱基-台北",161,249,-88
"1721","2390云辰","110/07/26","元大-太平",75,10,65
"1722","2390云辰","110/07/26","國票-新莊",15,78,-63
"1723","2390云辰","110/07/26","元大-大益",63,13,50
"1724","2390云辰","110/07/26","第一金-豐原",1,59,-58
"1725","2390云辰","110/07/26","元富-新竹",41,1,40
"1726","2390云辰","110/07/26","統一-竹南",5,48,-43
"1727","2390云辰","110/07/26","日盛-永康",42,4,38
"1728","2390云辰","110/07/26","第一金-台南",28,62,-34
"1729","2390云辰","110/07/26","群益金鼎-中壢",50,12,38
"1730","2390云辰","110/07/26","台灣摩根士丹利",38,70,-32
"1731","2390云辰","110/07/26","元大-鑫永和",54,18,36
"1732","2390云辰","110/07/26","群益金鼎-士林",20,52,-32
"1733","2390云辰","110/07/26","元富-同大",34,1,33
"1734","2390云辰","110/07/26","群益金鼎-延平",2,31,-29
"1735","2390云辰","110/07/26","致和-崇德",52,21,31
"1736","2390云辰","110/07/26","凱基-豐中",12,40,-28
"1737","2390云辰","110/07/26","永豐金-松山",32,2,30
"1738","2390云辰","110/07/26","富邦-中壢",19,47,-28
"1739","2390云辰","110/07/26","凱基-三重",36,8,28
"1740","2390云辰","110/07/26","統一-基隆",2,27,-25
"1741","2363矽統","110/07/20","第一金-忠孝",400,115,285
"1742","2363矽統","110/07/20","國票-長城",3,452,-449
"1743","2363矽統","110/07/20","第一金-高雄",188,0,188
"1744","2363矽統","110/07/20","美林",158,531,-373
"1745","2363矽統","110/07/20","凱基-高美館",199,14,185
"1746","2363矽統","110/07/20","台新-左楠",13,310,-297
"1747","2363矽統","110/07/20","凱基-台北",434,326,108
"1748","2363矽統","110/07/20","玉山-台大",4,228,-224
"1749","2363矽統","110/07/20","元富-松德",105,0,105
"1750","2363矽統","110/07/20","群益金鼎-大甲",11,227,-216
"1751","2363矽統","110/07/20","元大-竹科",109,7,102
"1752","2363矽統","110/07/20","群益金鼎-中港",2,111,-109
"1753","2363矽統","110/07/20","元大-成功",102,2,100
"1754","2363矽統","110/07/20","元大-大天母",0,109,-109
"1755","2363矽統","110/07/20","富邦-仁愛",116,17,99
"1756","2363矽統","110/07/20","國泰-敦南",114,218,-104
"1757","2363矽統","110/07/20","元大-上新莊",102,16,86
"1758","2363矽統","110/07/20","港商野村",250,350,-100
"1759","2363矽統","110/07/20","台新證券",286,208,78
"1760","2363矽統","110/07/20","康和-澎湖",0,90,-90
"1761","2363矽統","110/07/20","元大-新營",81,9,72
"1762","2363矽統","110/07/20","凱基-中壢",15,99,-84
"1763","2363矽統","110/07/20","華南永昌-鳳山",76,5,71
"1764","2363矽統","110/07/20","元大-學甲",0,81,-81
"1765","2363矽統","110/07/20","富邦-員林",65,2,63
"1766","2363矽統","110/07/20","凱基-三重",22,91,-69
"1767","2363矽統","110/07/20","元富-成功",67,6,61
"1768","2363矽統","110/07/20","永豐金-嘉義",24,92,-68
"1769","2363矽統","110/07/20","新光-新竹",62,1,61
"1770","2363矽統","110/07/20","大慶-蘆洲",23,89,-66
"1771","8112至上","110/07/20","摩根大通",1226,293,933
"1772","8112至上","110/07/20","凱基-三重",27,502,-475
"1773","8112至上","110/07/20","新加坡商瑞銀",358,83,275
"1774","8112至上","110/07/20","宏遠證券",0,418,-418
"1775","8112至上","110/07/20","台灣摩根士丹利",159,9,150
"1776","8112至上","110/07/20","台新-台中",11,291,-280
"1777","8112至上","110/07/20","統一-新竹",115,5,110
"1778","8112至上","110/07/20","美林",44,194,-150
"1779","8112至上","110/07/20","新光",233,126,107
"1780","8112至上","110/07/20","凱基-新莊",0,100,-100
"1781","8112至上","110/07/20","凱基-台北",367,260,107
"1782","8112至上","110/07/20","富邦-永和",14,104,-90
"1783","8112至上","110/07/20","兆豐-西螺",104,10,94
"1784","8112至上","110/07/20","國票-敦北法人",4,88,-84
"1785","8112至上","110/07/20","永豐金-中正",87,6,81
"1786","8112至上","110/07/20","凱基-市政",3,80,-77
"1787","8112至上","110/07/20","富邦-新店",102,24,78
"1788","8112至上","110/07/20","台新證券",68,142,-74
"1789","8112至上","110/07/20","元大-大同",83,5,78
"1790","8112至上","110/07/20","永豐金-中壢",11,80,-69
"1791","8112至上","110/07/20","富邦-園區",64,2,62
"1792","8112至上","110/07/20","永豐金-台南",22,91,-69
"1793","8112至上","110/07/20","新光-台南",73,14,59
"1794","8112至上","110/07/20","元大-大雅",22,87,-65
"1795","8112至上","110/07/20","統一-台中",60,2,58
"1796","8112至上","110/07/20","光和",10,67,-57
"1797","8112至上","110/07/20","元大-北成功",58,4,54
"1798","8112至上","110/07/20","元大-竹科",27,74,-47
"1799","8112至上","110/07/20","元富-林園",53,0,53
"1800","8112至上","110/07/20","兆豐-公益",1,47,-46
"1801","1570力肯","110/07/20","國票-北高雄",36,0,36
"1802","1570力肯","110/07/20","國泰-敦南",0,19,-19
"1803","1570力肯","110/07/20","群益金鼎-高雄",16,0,16
"1804","1570力肯","110/07/20","中國信託-永康",0,12,-12
"1805","1570力肯","110/07/20","臺銀-鳳山",10,0,10
"1806","1570力肯","110/07/20","第一金-路竹",0,10,-10
"1807","1570力肯","110/07/20","群益金鼎-新竹",6,0,6
"1808","1570力肯","110/07/20","福勝",0,10,-10
"1809","1570力肯","110/07/20","大昌-樹林",5,0,5
"1810","1570力肯","110/07/20","群益金鼎-板橋",0,10,-10
"1811","1570力肯","110/07/20","華南永昌-楠梓",5,0,5
"1812","1570力肯","110/07/20","日盛-鳳山",0,8,-8
"1813","1570力肯","110/07/20","元大-基隆孝二",5,0,5
"1814","1570力肯","110/07/20","永豐金-新竹",6,14,-8
"1815","1570力肯","110/07/20","元大-新竹經國",4,0,4
"1816","1570力肯","110/07/20","第一金-彰化",0,7,-7
"1817","1570力肯","110/07/20","土銀-高雄",2,0,2
"1818","1570力肯","110/07/20","元富-吉利",0,7,-7
"1819","1570力肯","110/07/20","台灣企銀-太平",2,0,2
"1820","1570力肯","110/07/20","台中銀-員林",0,7,-7
"1821","1570力肯","110/07/20","兆豐-忠孝",2,0,2
"1822","1570力肯","110/07/20","玉山證券",1,8,-7
"1823","1570力肯","110/07/20","玉山-城中",2,0,2
"1824","1570力肯","110/07/20","統一-三重",0,5,-5
"1825","1570力肯","110/07/20","國泰-板橋",2,0,2
"1826","1570力肯","110/07/20","光和-溪湖",0,3,-3
"1827","1570力肯","110/07/20","凱基-台北",2,0,2
"1828","1570力肯","110/07/20","康和-澎湖",0,3,-3
"1829","1570力肯","110/07/20","華南永昌-高雄",2,0,2
"1830","1570力肯","110/07/20","摩根大通",0,2,-2
"1831","2929淘帝","110/07/20","玉山-新竹",59,0,59
"1832","2929淘帝","110/07/20","臺銀",0,45,-45
"1833","2929淘帝","110/07/20","兆豐-新莊",50,0,50
"1834","2929淘帝","110/07/20","光和-嘉義",0,29,-29
"1835","2929淘帝","110/07/20","元大-大甲",30,0,30
"1836","2929淘帝","110/07/20","新加坡商瑞銀",27,55,-28
"1837","2929淘帝","110/07/20","元大-民生",29,0,29
"1838","2929淘帝","110/07/20","華南永昌-潮州",0,20,-20
"1839","2929淘帝","110/07/20","元大-員林",20,0,20
"1840","2929淘帝","110/07/20","玉山-高雄",0,14,-14
"1841","2929淘帝","110/07/20","元富-台南",18,0,18
"1842","2929淘帝","110/07/20","富邦-南屯",2,13,-11
"1843","2929淘帝","110/07/20","港商野村",63,50,13
"1844","2929淘帝","110/07/20","高橋-龍潭",0,10,-10
"1845","2929淘帝","110/07/20","高橋",10,0,10
"1846","2929淘帝","110/07/20","台新-建北",0,10,-10
"1847","2929淘帝","110/07/20","元富-林園",10,0,10
"1848","2929淘帝","110/07/20","群益金鼎-台中",0,10,-10
"1849","2929淘帝","110/07/20","玉山-台南",10,0,10
"1850","2929淘帝","110/07/20","華南永昌-苗栗",0,10,-10
"1851","2929淘帝","110/07/20","群益金鼎-士林",10,0,10
"1852","2929淘帝","110/07/20","群益金鼎-西松",0,9,-9
"1853","2929淘帝","110/07/20","凱基-台北",16,6,10
"1854","2929淘帝","110/07/20","台新-三民",0,8,-8
"1855","2929淘帝","110/07/20","合庫證券",9,0,9
"1856","2929淘帝","110/07/20","群益金鼎",0,8,-8
"1857","2929淘帝","110/07/20","永豐金證券",9,2,7
"1858","2929淘帝","110/07/20","富邦-永和",0,7,-7
"1859","2929淘帝","110/07/20","凱基-基隆",6,0,6
"1860","2929淘帝","110/07/20","國泰-台中",6,12,-6
"1861","5410國眾","110/07/20","日盛-內湖",27,0,27
"1862","5410國眾","110/07/20","永豐金-內湖",0,23,-23
"1863","5410國眾","110/07/20","富邦-新營",20,0,20
"1864","5410國眾","110/07/20","兆豐-台中港",0,20,-20
"1865","5410國眾","110/07/20","大昌",17,0,17
"1866","5410國眾","110/07/20","元富-嘉義",0,15,-15
"1867","5410國眾","110/07/20","永豐金-台南",17,0,17
"1868","5410國眾","110/07/20","元富-吉利",0,11,-11
"1869","5410國眾","110/07/20","凱基-站前",15,0,15
"1870","5410國眾","110/07/20","凱基-長庚",0,10,-10
"1871","5410國眾","110/07/20","凱基-竹北",11,0,11
"1872","5410國眾","110/07/20","元大-八德",0,10,-10
"1873","5410國眾","110/07/20","元富-民權",9,0,9
"1874","5410國眾","110/07/20","元大-天母",0,10,-10
"1875","5410國眾","110/07/20","群益金鼎-嘉義",6,0,6
"1876","5410國眾","110/07/20","國泰-桃園",0,9,-9
"1877","5410國眾","110/07/20","元大-土城學府",6,0,6
"1878","5410國眾","110/07/20","新光",5,12,-7
"1879","5410國眾","110/07/20","第一金-豐原",5,0,5
"1880","5410國眾","110/07/20","玉山-桃園",0,7,-7
"1881","5410國眾","110/07/20","華南永昌-林口",5,0,5
"1882","5410國眾","110/07/20","玉山-雙和",0,6,-6
"1883","5410國眾","110/07/20","元大-博愛",5,0,5
"1884","5410國眾","110/07/20","臺銀-臺南",0,5,-5
"1885","5410國眾","110/07/20","元大-竹南",5,0,5
"1886","5410國眾","110/07/20","彰銀-七賢",0,5,-5
"1887","5410國眾","110/07/20","元大-新店中正",5,0,5
"1888","5410國眾","110/07/20","宏遠證券",0,5,-5
"1889","5410國眾","110/07/20","元富-烏日",4,0,4
"1890","5410國眾","110/07/20","摩根大通",0,5,-5
"1891","2841台開","110/07/20","中國信託-忠孝",145,0,145
"1892","2841台開","110/07/20","凱基-松山",0,100,-100
"1893","2841台開","110/07/20","第一金-台中",68,0,68
"1894","2841台開","110/07/20","第一金-自由",0,33,-33
"1895","2841台開","110/07/20","美商高盛",37,0,37
"1896","2841台開","110/07/20","港商野村",0,29,-29
"1897","2841台開","110/07/20","台中銀",32,0,32
"1898","2841台開","110/07/20","國泰-敦南",11,31,-20
"1899","2841台開","110/07/20","台新-台中",20,0,20
"1900","2841台開","110/07/20","華南永昌-台中",0,20,-20
"1901","2841台開","110/07/20","凱基-東港",10,0,10
"1902","2841台開","110/07/20","元大-發財",0,15,-15
"1903","2841台開","110/07/20","大昌-安康",10,3,7
"1904","2841台開","110/07/20","元大-福營",9,23,-14
"1905","2841台開","110/07/20","豐農",7,0,7
"1906","2841台開","110/07/20","永豐金-敦南",5,18,-13
"1907","2841台開","110/07/20","元大-歸仁",7,0,7
"1908","2841台開","110/07/20","統一-城中",0,11,-11
"1909","2841台開","110/07/20","日盛-木柵",5,0,5
"1910","2841台開","110/07/20","日盛-台南",0,10,-10
"1911","2841台開","110/07/20","台新-台南",4,0,4
"1912","2841台開","110/07/20","兆豐-寶成",0,10,-10
"1913","2841台開","110/07/20","日盛證券",3,0,3
"1914","2841台開","110/07/20","國票-中港",0,10,-10
"1915","2841台開","110/07/20","台新證券",8,5,3
"1916","2841台開","110/07/20","群益金鼎",0,10,-10
"1917","2841台開","110/07/20","元大-沙鹿",3,0,3
"1918","2841台開","110/07/20","玉山證券",1,10,-9
"1919","2841台開","110/07/20","國泰-台中",2,0,2
"1920","2841台開","110/07/20","大昌-新店",0,6,-6
"1921","6207雷科","110/07/20","元大-西門",100,4,96
"1922","6207雷科","110/07/20","永豐金-內湖",0,109,-109
"1923","6207雷科","110/07/20","凱基-復興",50,0,50
"1924","6207雷科","110/07/20","國泰證券",0,90,-90
"1925","6207雷科","110/07/20","凱基-台北",47,1,46
"1926","6207雷科","110/07/20","元大-頭份",0,55,-55
"1927","6207雷科","110/07/20","玉山-城中",43,1,42
"1928","6207雷科","110/07/20","永豐金-虎尾",0,50,-50
"1929","6207雷科","110/07/20","華南永昌-長虹",44,5,39
"1930","6207雷科","110/07/20","元富-世貿",0,33,-33
"1931","6207雷科","110/07/20","凱基-板橋",38,1,37
"1932","6207雷科","110/07/20","元大-南崁",0,22,-22
"1933","6207雷科","110/07/20","元富-信義",39,3,36
"1934","6207雷科","110/07/20","永豐金-鳳山",0,21,-21
"1935","6207雷科","110/07/20","元富-彰化",35,0,35
"1936","6207雷科","110/07/20","永豐金-三重",6,27,-21
"1937","6207雷科","110/07/20","凱基-高美館",34,0,34
"1938","6207雷科","110/07/20","第一金-澎湖",0,20,-20
"1939","6207雷科","110/07/20","富邦-中壢",26,2,24
"1940","6207雷科","110/07/20","群益金鼎-東大",0,20,-20
"1941","6207雷科","110/07/20","大昌-桃園",23,0,23
"1942","6207雷科","110/07/20","兆豐-民生",0,19,-19
"1943","6207雷科","110/07/20","元大-四維",39,17,22
"1944","6207雷科","110/07/20","元大-北成功",1,20,-19
"1945","6207雷科","110/07/20","台灣摩根士丹利",18,0,18
"1946","6207雷科","110/07/20","元大-虎尾",1,18,-17
"1947","6207雷科","110/07/20","國票-中和",16,0,16
"1948","6207雷科","110/07/20","元大-文心興安",0,15,-15
"1949","6207雷科","110/07/20","永豐金-大園",16,0,16
"1950","6207雷科","110/07/20","瑞士信貸",0,14,-14
"1951","3679新至陞","110/07/20","國票-敦北法人",18,0,18
"1952","3679新至陞","110/07/20","華南永昌-台中",0,32,-32
"1953","3679新至陞","110/07/20","台中銀-員林",17,3,14
"1954","3679新至陞","110/07/20","凱基-台北",12,32,-20
"1955","3679新至陞","110/07/20","群益金鼎-高盛",13,0,13
"1956","3679新至陞","110/07/20","摩根大通",2,14,-12
"1957","3679新至陞","110/07/20","康和-澎湖",8,0,8
"1958","3679新至陞","110/07/20","國泰-桃園",0,11,-11
"1959","3679新至陞","110/07/20","台新證券",6,0,6
"1960","3679新至陞","110/07/20","群益金鼎-台南",0,10,-10
"1961","3679新至陞","110/07/20","宏遠-光隆",4,0,4
"1962","3679新至陞","110/07/20","群益金鼎-大安",0,10,-10
"1963","3679新至陞","110/07/20","玉山-大里",4,0,4
"1964","3679新至陞","110/07/20","永豐金證券",4,14,-10
"1965","3679新至陞","110/07/20","台中銀-豐原",3,0,3
"1966","3679新至陞","110/07/20","兆豐-大同",1,6,-5
"1967","3679新至陞","110/07/20","玉山-新莊",3,0,3
"1968","3679新至陞","110/07/20","群益金鼎-館前",0,4,-4
"1969","3679新至陞","110/07/20","凱基-中山",3,0,3
"1970","3679新至陞","110/07/20","富邦-南屯",0,4,-4
"1971","3679新至陞","110/07/20","富邦-台北",3,0,3
"1972","3679新至陞","110/07/20","瑞士信貸",3,6,-3
"1973","3679新至陞","110/07/20","元大-板橋",3,0,3
"1974","3679新至陞","110/07/20","國泰-板橋",0,3,-3
"1975","3679新至陞","110/07/20","日盛-八德",2,0,2
"1976","3679新至陞","110/07/20","富邦-中壢",1,4,-3
"1977","3679新至陞","110/07/20","日盛-復興",2,0,2
"1978","3679新至陞","110/07/20","台灣企銀",0,2,-2
"1979","3679新至陞","110/07/20","康和-板橋",2,0,2
"1980","3679新至陞","110/07/20","日盛-大墩",0,2,-2
"1981","2727王品","110/07/20","兆豐-南京",200,0,200
"1982","2727王品","110/07/20","凱基-市政",1,75,-74
"1983","2727王品","110/07/20","富邦證券",88,0,88
"1984","2727王品","110/07/20","美商高盛",6,38,-32
"1985","2727王品","110/07/20","台新證券",142,55,87
"1986","2727王品","110/07/20","富邦-陽明",7,38,-31
"1987","2727王品","110/07/20","瑞士信貸",50,0,50
"1988","2727王品","110/07/20","永豐金-中正",3,34,-31
"1989","2727王品","110/07/20","港商野村",106,57,49
"1990","2727王品","110/07/20","永豐金-潮州",0,31,-31
"1991","2727王品","110/07/20","凱基-台北",67,27,40
"1992","2727王品","110/07/20","兆豐-大安",0,30,-30
"1993","2727王品","110/07/20","永豐金-大園",29,2,27
"1994","2727王品","110/07/20","摩根大通",50,73,-23
"1995","2727王品","110/07/20","康和-高雄",20,0,20
"1996","2727王品","110/07/20","日盛證券",4,24,-20
"1997","2727王品","110/07/20","第一金-高雄",20,3,17
"1998","2727王品","110/07/20","凱基-大里",0,20,-20
"1999","2727王品","110/07/20","富邦-板橋",21,4,17
"2000","2727王品","110/07/20","群益金鼎-大甲",0,18,-18
"2001","2727王品","110/07/20","永豐金-桃盛",15,0,15
"2002","2727王品","110/07/20","統一",18,29,-11
"2003","2727王品","110/07/20","凱基",13,0,13
"2004","2727王品","110/07/20","國泰-台中",12,23,-11
"2005","2727王品","110/07/20","新加坡商瑞銀",23,11,12
"2006","2727王品","110/07/20","元大-彰化",0,11,-11
"2007","2727王品","110/07/20","亞東",10,0,10
"2008","2727王品","110/07/20","國泰-館前",4,14,-10
"2009","2727王品","110/07/20","康和-台中",13,4,9
"2010","2727王品","110/07/20","元大-學甲",0,10,-10
"2011","1570力肯","110/07/20","國票-北高雄",36,0,36
"2012","1570力肯","110/07/20","國泰-敦南",0,19,-19
"2013","1570力肯","110/07/20","群益金鼎-高雄",16,0,16
"2014","1570力肯","110/07/20","中國信託-永康",0,12,-12
"2015","1570力肯","110/07/20","臺銀-鳳山",10,0,10
"2016","1570力肯","110/07/20","第一金-路竹",0,10,-10
"2017","1570力肯","110/07/20","群益金鼎-新竹",6,0,6
"2018","1570力肯","110/07/20","福勝",0,10,-10
"2019","1570力肯","110/07/20","大昌-樹林",5,0,5
"2020","1570力肯","110/07/20","群益金鼎-板橋",0,10,-10
"2021","1570力肯","110/07/20","華南永昌-楠梓",5,0,5
"2022","1570力肯","110/07/20","日盛-鳳山",0,8,-8
"2023","1570力肯","110/07/20","元大-基隆孝二",5,0,5
"2024","1570力肯","110/07/20","永豐金-新竹",6,14,-8
"2025","1570力肯","110/07/20","元大-新竹經國",4,0,4
"2026","1570力肯","110/07/20","第一金-彰化",0,7,-7
"2027","1570力肯","110/07/20","土銀-高雄",2,0,2
"2028","1570力肯","110/07/20","元富-吉利",0,7,-7
"2029","1570力肯","110/07/20","台灣企銀-太平",2,0,2
"2030","1570力肯","110/07/20","台中銀-員林",0,7,-7
"2031","1570力肯","110/07/20","兆豐-忠孝",2,0,2
"2032","1570力肯","110/07/20","玉山證券",1,8,-7
"2033","1570力肯","110/07/20","玉山-城中",2,0,2
"2034","1570力肯","110/07/20","統一-三重",0,5,-5
"2035","1570力肯","110/07/20","國泰-板橋",2,0,2
"2036","1570力肯","110/07/20","光和-溪湖",0,3,-3
"2037","1570力肯","110/07/20","凱基-台北",2,0,2
"2038","1570力肯","110/07/20","康和-澎湖",0,3,-3
"2039","1570力肯","110/07/20","華南永昌-高雄",2,0,2
"2040","1570力肯","110/07/20","摩根大通",0,2,-2
"2041","6180橘子","110/07/20","摩根大通",89,31,58
"2042","6180橘子","110/07/20","群益金鼎-中山",0,80,-80
"2043","6180橘子","110/07/20","美商高盛",27,0,27
"2044","6180橘子","110/07/20","台中銀-台北",0,30,-30
"2045","6180橘子","110/07/20","新加坡商瑞銀",28,1,27
"2046","6180橘子","110/07/20","日盛-新莊",1,22,-21
"2047","6180橘子","110/07/20","新光",41,16,25
"2048","6180橘子","110/07/20","元富-緯城",2,20,-18
"2049","6180橘子","110/07/20","日盛-文化",21,0,21
"2050","6180橘子","110/07/20","日盛-新竹",2,15,-13
"2051","6180橘子","110/07/20","元富-潮州",20,0,20
"2052","6180橘子","110/07/20","元大-汐止",0,12,-12
"2053","6180橘子","110/07/20","凱基-台北",31,11,20
"2054","6180橘子","110/07/20","元大-豐原站前",0,12,-12
"2055","6180橘子","110/07/20","元大-草屯",18,0,18
"2056","6180橘子","110/07/20","德信-中正",0,10,-10
"2057","6180橘子","110/07/20","花旗環球",13,0,13
"2058","6180橘子","110/07/20","新光-台南",0,10,-10
"2059","6180橘子","110/07/20","元大-桃園",12,0,12
"2060","6180橘子","110/07/20","玉山-雙和",0,10,-10
"2061","6180橘子","110/07/20","群益金鼎",10,0,10
"2062","6180橘子","110/07/20","元大-四維",0,10,-10
"2063","6180橘子","110/07/20","元大-高雄",10,0,10
"2064","6180橘子","110/07/20","元大-永春",2,12,-10
"2065","6180橘子","110/07/20","群益金鼎-嘉義",9,0,9
"2066","6180橘子","110/07/20","凱基-高美館",0,8,-8
"2067","6180橘子","110/07/20","富邦-嘉義",9,0,9
"2068","6180橘子","110/07/20","華南永昌",2,10,-8
"2069","6180橘子","110/07/20","元富-草屯",10,2,8
"2070","6180橘子","110/07/20","富邦-台北",0,8,-8
"2071","2390云辰","110/07/20","元大證券",6043,11,6032
"2072","2390云辰","110/07/20","華南永昌-鳳山",2,312,-310
"2073","2390云辰","110/07/20","兆豐-復興",998,0,998
"2074","2390云辰","110/07/20","台灣摩根士丹利",0,247,-247
"2075","2390云辰","110/07/20","富邦-嘉義",775,7,768
"2076","2390云辰","110/07/20","元大-復北",4,239,-235
"2077","2390云辰","110/07/20","統一-台中",350,6,344
"2078","2390云辰","110/07/20","富邦-建國",25,236,-211
"2079","2390云辰","110/07/20","兆豐-城中",240,0,240
"2080","2390云辰","110/07/20","元富-中港",0,202,-202
"2081","2390云辰","110/07/20","群益金鼎-館前",204,2,202
"2082","2390云辰","110/07/20","國泰-敦南",20,194,-174
"2083","2390云辰","110/07/20","凱基-大直",187,0,187
"2084","2390云辰","110/07/20","元大-土城學府",10,156,-146
"2085","2390云辰","110/07/20","永豐金證券",160,10,150
"2086","2390云辰","110/07/20","中國信託-松江",0,130,-130
"2087","2390云辰","110/07/20","日盛-高雄",104,2,102
"2088","2390云辰","110/07/20","凱基-基隆",0,130,-130
"2089","2390云辰","110/07/20","凱基-中山",100,3,97
"2090","2390云辰","110/07/20","永豐金-中正",1,117,-116
"2091","2390云辰","110/07/20","元大-基隆",85,7,78
"2092","2390云辰","110/07/20","富邦-陽明",1,94,-93
"2093","2390云辰","110/07/20","群益金鼎-東大",64,2,62
"2094","2390云辰","110/07/20","元大-潮州",20,112,-92
"2095","2390云辰","110/07/20","元大-前金",60,1,59
"2096","2390云辰","110/07/20","宏遠證券",0,89,-89
"2097","2390云辰","110/07/20","國票-北高雄",63,14,49
"2098","2390云辰","110/07/20","兆豐-台中",0,75,-75
"2099","2390云辰","110/07/20","群益金鼎-三重",40,6,34
"2100","2390云辰","110/07/20","新光",8,82,-74
"2101","2363矽統","110/07/19","第一金-忠孝",210,0,210
"2102","2363矽統","110/07/19","富邦-仁愛",32,575,-543
"2103","2363矽統","110/07/19","中國信託-文心",191,9,182
"2104","2363矽統","110/07/19","新加坡商瑞銀",53,486,-433
"2105","2363矽統","110/07/19","華南永昌-鳳山",116,1,115
"2106","2363矽統","110/07/19","摩根大通",42,320,-278
"2107","2363矽統","110/07/19","元大-新竹",113,12,101
"2108","2363矽統","110/07/19","元大-竹科",3,201,-198
"2109","2363矽統","110/07/19","凱基-中山",89,1,88
"2110","2363矽統","110/07/19","元大-成功",7,183,-176
"2111","2363矽統","110/07/19","永豐金-嘉義",82,7,75
"2112","2363矽統","110/07/19","凱基-大里",0,150,-150
"2113","2363矽統","110/07/19","凱基-台南",72,4,68
"2114","2363矽統","110/07/19","瑞士信貸",80,215,-135
"2115","2363矽統","110/07/19","元富-城東",84,17,67
"2116","2363矽統","110/07/19","日盛-新莊",4,135,-131
"2117","2363矽統","110/07/19","群益金鼎-東湖",61,0,61
"2118","2363矽統","110/07/19","宏遠-桃園",20,150,-130
"2119","2363矽統","110/07/19","兆豐-中壢",55,0,55
"2120","2363矽統","110/07/19","凱基-三重",7,107,-100
"2121","2363矽統","110/07/19","康和-內湖",55,1,54
"2122","2363矽統","110/07/19","凱基-台北",384,476,-92
"2123","2363矽統","110/07/19","群益金鼎-桃園",55,2,53
"2124","2363矽統","110/07/19","合庫-台中",3,84,-81
"2125","2363矽統","110/07/19","群益金鼎-大興",50,0,50
"2126","2363矽統","110/07/19","致和-金華",1,80,-79
"2127","2363矽統","110/07/19","台新-台中",81,32,49
"2128","2363矽統","110/07/19","凱基-員林",5,77,-72
"2129","2363矽統","110/07/19","北城證券",58,10,48
"2130","2363矽統","110/07/19","華南永昌-合泰",2,70,-68
"2131","8112至上","110/07/19","摩根大通",1413,144,1269
"2132","8112至上","110/07/19","凱基-三重",3,600,-597
"2133","8112至上","110/07/19","凱基-台北",1053,266,787
"2134","8112至上","110/07/19","元大-府城",0,165,-165
"2135","8112至上","110/07/19","新加坡商瑞銀",523,2,521
"2136","8112至上","110/07/19","台灣企銀-台中",0,150,-150
"2137","8112至上","110/07/19","台灣摩根士丹利",487,8,479
"2138","8112至上","110/07/19","(牛牛牛)亞-鑫豐",26,119,-93
"2139","8112至上","110/07/19","美林",529,93,436
"2140","8112至上","110/07/19","永豐金-台南",15,95,-80
"2141","8112至上","110/07/19","港商野村",358,36,322
"2142","8112至上","110/07/19","亞東-板橋",2,81,-79
"2143","8112至上","110/07/19","美商高盛",276,3,273
"2144","8112至上","110/07/19","陽信",0,70,-70
"2145","8112至上","110/07/19","兆豐-公益",180,7,173
"2146","8112至上","110/07/19","元富-佳里",0,69,-69
"2147","8112至上","110/07/19","國泰-板橋",116,15,101
"2148","8112至上","110/07/19","臺銀-鳳山",7,72,-65
"2149","8112至上","110/07/19","凱基-新莊",100,1,99
"2150","8112至上","110/07/19","兆豐-竹北",4,65,-61
"2151","8112至上","110/07/19","凱基-市政",89,0,89
"2152","8112至上","110/07/19","國泰-新莊",2,62,-60
"2153","8112至上","110/07/19","玉山證券",73,7,66
"2154","8112至上","110/07/19","元富-大裕",2,60,-58
"2155","8112至上","110/07/19","花旗環球",64,0,64
"2156","8112至上","110/07/19","臺灣企銀-桃園",0,55,-55
"2157","8112至上","110/07/19","合庫-台中",55,3,52
"2158","8112至上","110/07/19","康和-台南",4,59,-55
"2159","8112至上","110/07/19","永豐金-中壢",50,1,49
"2160","8112至上","110/07/19","第一金-華江",3,55,-52
"2161","1570力肯","110/07/19","國票-北高雄",34,0,34
"2162","1570力肯","110/07/19","合庫-三重",0,8,-8
"2163","1570力肯","110/07/19","新光",30,3,27
"2164","1570力肯","110/07/19","元大-高雄",0,8,-8
"2165","1570力肯","110/07/19","凱基-台北",24,1,23
"2166","1570力肯","110/07/19","合庫-台中",0,7,-7
"2167","1570力肯","110/07/19","台灣摩根士丹利",7,0,7
"2168","1570力肯","110/07/19","臺銀-臺中",0,6,-6
"2169","1570力肯","110/07/19","元大-林森",5,0,5
"2170","1570力肯","110/07/19","摩根大通",6,11,-5
"2171","1570力肯","110/07/19","元大-士林",4,0,4
"2172","1570力肯","110/07/19","元富-緯城",0,4,-4
"2173","1570力肯","110/07/19","玉山證券",8,5,3
"2174","1570力肯","110/07/19","玉山-台大",0,4,-4
"2175","1570力肯","110/07/19","統一-城中",2,0,2
"2176","1570力肯","110/07/19","群益金鼎-三重",0,4,-4
"2177","1570力肯","110/07/19","元大-基隆孝二",2,0,2
"2178","1570力肯","110/07/19","凱基-鳳山",1,5,-4
"2179","1570力肯","110/07/19","土銀-建國",1,0,1
"2180","1570力肯","110/07/19","元大-板橋",0,4,-4
"2181","1570力肯","110/07/19","日盛-復興",1,0,1
"2182","1570力肯","110/07/19","日盛-和美",0,3,-3
"2183","1570力肯","110/07/19","瑞士信貸",1,0,1
"2184","1570力肯","110/07/19","元富-新店",2,5,-3
"2185","1570力肯","110/07/19","元富-四維",1,0,1
"2186","1570力肯","110/07/19","元大-新莊",0,3,-3
"2187","1570力肯","110/07/19","群益金鼎-北高雄",1,0,1
"2188","1570力肯","110/07/19","永豐金-敦南",0,3,-3
"2189","1570力肯","110/07/19","凱基-高美館",1,0,1
"2190","1570力肯","110/07/19","永豐金-台中",0,3,-3
"2191","2929淘帝","110/07/19","元大-民生",28,0,28
"2192","2929淘帝","110/07/19","元大-六合",0,40,-40
"2193","2929淘帝","110/07/19","宏遠-光隆",25,0,25
"2194","2929淘帝","110/07/19","新光-新竹",0,35,-35
"2195","2929淘帝","110/07/19","華南永昌-苗栗",20,0,20
"2196","2929淘帝","110/07/19","新加坡商瑞銀",1,30,-29
"2197","2929淘帝","110/07/19","元大-員林",20,0,20
"2198","2929淘帝","110/07/19","永豐金-永康",0,27,-27
"2199","2929淘帝","110/07/19","合庫-高雄",18,0,18
"2200","2929淘帝","110/07/19","凱基-復興",0,24,-24
"2201","2929淘帝","110/07/19","臺銀-鳳山",18,0,18
"2202","2929淘帝","110/07/19","日盛-豐原",0,22,-22
"2203","2929淘帝","110/07/19","日盛-雙和",17,0,17
"2204","2929淘帝","110/07/19","富邦-南屯",1,22,-21
"2205","2929淘帝","110/07/19","華南永昌-林口",15,0,15
"2206","2929淘帝","110/07/19","新光",1,21,-20
"2207","2929淘帝","110/07/19","元大-屏南",15,0,15
"2208","2929淘帝","110/07/19","華南永昌",0,20,-20
"2209","2929淘帝","110/07/19","台新-中壢",12,0,12
"2210","2929淘帝","110/07/19","富邦-竹東",2,22,-20
"2211","2929淘帝","110/07/19","新光-台中",11,0,11
"2212","2929淘帝","110/07/19","凱基-士林",0,16,-16
"2213","2929淘帝","110/07/19","凱基-台北",20,9,11
"2214","2929淘帝","110/07/19","福勝",0,15,-15
"2215","2929淘帝","110/07/19","富邦-台北",11,0,11
"2216","2929淘帝","110/07/19","港商野村",25,37,-12
"2217","2929淘帝","110/07/19","合庫-自強",10,0,10
"2218","2929淘帝","110/07/19","群益金鼎-建成",0,11,-11
"2219","2929淘帝","110/07/19","凱基-豐中",10,0,10
"2220","2929淘帝","110/07/19","華南永昌-朴子",0,11,-11
"2221","5410國眾","110/07/19","香港上海匯豐",28,0,28
"2222","5410國眾","110/07/19","群益金鼎-內湖",0,80,-80
"2223","5410國眾","110/07/19","大昌",26,0,26
"2224","5410國眾","110/07/19","永豐金-屏東",0,14,-14
"2225","5410國眾","110/07/19","兆豐-公益",20,0,20
"2226","5410國眾","110/07/19","永豐金-南京",0,10,-10
"2227","5410國眾","110/07/19","合庫-嘉義",10,0,10
"2228","5410國眾","110/07/19","元大-內湖",0,9,-9
"2229","5410國眾","110/07/19","台新-左楠",20,10,10
"2230","5410國眾","110/07/19","富邦-永和",0,8,-8
"2231","5410國眾","110/07/19","摩根大通",15,6,9
"2232","5410國眾","110/07/19","日盛-景美",0,6,-6
"2233","5410國眾","110/07/19","台灣企銀-民雄",8,0,8
"2234","5410國眾","110/07/19","光和",1,7,-6
"2235","5410國眾","110/07/19","元大-竹科",8,0,8
"2236","5410國眾","110/07/19","元大-士林",0,6,-6
"2237","5410國眾","110/07/19","凱基-台北",9,3,6
"2238","5410國眾","110/07/19","新光-台中",0,5,-5
"2239","5410國眾","110/07/19","元大-博愛",6,0,6
"2240","5410國眾","110/07/19","元大-景美",0,5,-5
"2241","5410國眾","110/07/19","台新-三民",5,0,5
"2242","5410國眾","110/07/19","大慶-蘆洲",0,4,-4
"2243","5410國眾","110/07/19","群益金鼎-中壢",5,0,5
"2244","5410國眾","110/07/19","中國信託-新竹",0,4,-4
"2245","5410國眾","110/07/19","群益金鼎-嘉義",5,0,5
"2246","5410國眾","110/07/19","新光",6,10,-4
"2247","5410國眾","110/07/19","日盛證券",4,0,4
"2248","5410國眾","110/07/19","元大-基隆孝二",0,4,-4
"2249","5410國眾","110/07/19","群益金鼎-新店",4,0,4
"2250","5410國眾","110/07/19","土銀-台中",0,3,-3
"2251","2841台開","110/07/19","元富-城東",150,0,150
"2252","2841台開","110/07/19","日進",0,80,-80
"2253","2841台開","110/07/19","中國信託-忠孝",80,0,80
"2254","2841台開","110/07/19","港商野村",0,77,-77
"2255","2841台開","110/07/19","凱基-台北",52,0,52
"2256","2841台開","110/07/19","摩根大通",0,41,-41
"2257","2841台開","110/07/19","美商高盛",48,0,48
"2258","2841台開","110/07/19","元大-三重",1,38,-37
"2259","2841台開","110/07/19","台中銀",43,0,43
"2260","2841台開","110/07/19","元大-福營",0,30,-30
"2261","2841台開","110/07/19","永豐金-豐原",32,0,32
"2262","2841台開","110/07/19","新光",4,28,-24
"2263","2841台開","110/07/19","豐農",20,0,20
"2264","2841台開","110/07/19","元大-竹科",0,22,-22
"2265","2841台開","110/07/19","台新-台中",30,10,20
"2266","2841台開","110/07/19","永豐金-敦南",33,55,-22
"2267","2841台開","110/07/19","華南永昌-新莊",20,0,20
"2268","2841台開","110/07/19","日盛-二林",0,15,-15
"2269","2841台開","110/07/19","第一金-台中",12,0,12
"2270","2841台開","110/07/19","元富-虎尾",0,15,-15
"2271","2841台開","110/07/19","國泰-台中",12,0,12
"2272","2841台開","110/07/19","華南永昌-世貿",0,15,-15
"2273","2841台開","110/07/19","日茂",10,0,10
"2274","2841台開","110/07/19","統一-三多",0,12,-12
"2275","2841台開","110/07/19","凱基-埔墘",10,0,10
"2276","2841台開","110/07/19","台中銀-豐原",0,10,-10
"2277","2841台開","110/07/19","永豐金-內湖",8,0,8
"2278","2841台開","110/07/19","元大-頭份",0,10,-10
"2279","2841台開","110/07/19","合庫-台中",7,0,7
"2280","2841台開","110/07/19","合庫-台南",0,8,-8
"2281","6207雷科","110/07/19","元富-信義",92,0,92
"2282","6207雷科","110/07/19","新加坡商瑞銀",5,104,-99
"2283","6207雷科","110/07/19","國泰證券",90,0,90
"2284","6207雷科","110/07/19","富邦-彰化",2,97,-95
"2285","6207雷科","110/07/19","元富-城中",80,4,76
"2286","6207雷科","110/07/19","永豐金-內湖",6,85,-79
"2287","6207雷科","110/07/19","元大-福營",71,5,66
"2288","6207雷科","110/07/19","摩根大通",102,164,-62
"2289","6207雷科","110/07/19","凱基-復興",60,0,60
"2290","6207雷科","110/07/19","瑞士信貸",0,51,-51
"2291","6207雷科","110/07/19","凱基-台北",91,46,45
"2292","6207雷科","110/07/19","凱基-板橋",10,55,-45
"2293","6207雷科","110/07/19","玉山-城中",42,0,42
"2294","6207雷科","110/07/19","華南永昌-大安",0,40,-40
"2295","6207雷科","110/07/19","華南永昌-長虹",40,0,40
"2296","6207雷科","110/07/19","群益金鼎-東大",1,40,-39
"2297","6207雷科","110/07/19","永豐金-羅東",38,0,38
"2298","6207雷科","110/07/19","台新-高雄",15,47,-32
"2299","6207雷科","110/07/19","日盛-忠孝",36,2,34
"2300","6207雷科","110/07/19","玉山-嘉義",1,32,-31
"2301","6207雷科","110/07/19","凱基-羅東",37,3,34
"2302","6207雷科","110/07/19","凱基-中港",0,30,-30
"2303","6207雷科","110/07/19","第一金-新竹",30,0,30
"2304","6207雷科","110/07/19","元大-六合",7,36,-29
"2305","6207雷科","110/07/19","玉山-數位",27,1,26
"2306","6207雷科","110/07/19","元富-花蓮",0,28,-28
"2307","6207雷科","110/07/19","凱基-長庚",22,0,22
"2308","6207雷科","110/07/19","群益金鼎-瑞豐",6,34,-28
"2309","6207雷科","110/07/19","台灣企銀-北高雄",20,0,20
"2310","6207雷科","110/07/19","新百王",0,26,-26
"2311","3679新至陞","110/07/19","元大-成功",7,0,7
"2312","3679新至陞","110/07/19","群益金鼎-大安",0,15,-15
"2313","3679新至陞","110/07/19","美商高盛",6,0,6
"2314","3679新至陞","110/07/19","凱基-民權",0,10,-10
"2315","3679新至陞","110/07/19","台新-高雄",5,0,5
"2316","3679新至陞","110/07/19","元大-西門",0,10,-10
"2317","3679新至陞","110/07/19","凱基-松山",5,0,5
"2318","3679新至陞","110/07/19","瑞士信貸",0,6,-6
"2319","3679新至陞","110/07/19","日盛-員林",4,0,4
"2320","3679新至陞","110/07/19","兆豐-高雄",0,6,-6
"2321","3679新至陞","110/07/19","台中銀-員林",4,0,4
"2322","3679新至陞","110/07/19","群益金鼎",0,5,-5
"2323","3679新至陞","110/07/19","(牛牛牛)亞-網路",3,0,3
"2324","3679新至陞","110/07/19","元大-永春",0,4,-4
"2325","3679新至陞","110/07/19","大昌-新店",3,0,3
"2326","3679新至陞","110/07/19","凱基-台北",2,5,-3
"2327","3679新至陞","110/07/19","凱基-埔墘",3,0,3
"2328","3679新至陞","110/07/19","港商法國興業",0,2,-2
"2329","3679新至陞","110/07/19","元大-板橋",3,0,3
"2330","3679新至陞","110/07/19","摩根大通",2,4,-2
"2331","3679新至陞","110/07/19","臺銀-金山",2,0,2
"2332","3679新至陞","110/07/19","元大-金門",0,2,-2
"2333","3679新至陞","110/07/19","日盛-樹林",2,0,2
"2334","3679新至陞","110/07/19","元大-土城",0,2,-2
"2335","3679新至陞","110/07/19","致和-東門",2,0,2
"2336","3679新至陞","110/07/19","日盛-鳳山",0,1,-1
"2337","3679新至陞","110/07/19","國票-敦北法人",2,0,2
"2338","3679新至陞","110/07/19","美林",1,2,-1
"2339","3679新至陞","110/07/19","台新證券",2,0,2
"2340","3679新至陞","110/07/19","第一金",0,1,-1
"2341","2727王品","110/07/19","台新證券",374,33,341
"2342","2727王品","110/07/19","台灣摩根士丹利",25,188,-163
"2343","2727王品","110/07/19","瑞士信貸",217,1,216
"2344","2727王品","110/07/19","港商野村",74,198,-124
"2345","2727王品","110/07/19","兆豐-南京",200,0,200
"2346","2727王品","110/07/19","統一",6,80,-74
"2347","2727王品","110/07/19","第一金",70,1,69
"2348","2727王品","110/07/19","合庫-台中",8,79,-71
"2349","2727王品","110/07/19","元大-小港",59,1,58
"2350","2727王品","110/07/19","凱基-台北",178,231,-53
"2351","2727王品","110/07/19","玉山-桃園",42,6,36
"2352","2727王品","110/07/19","富邦-中壢",3,52,-49
"2353","2727王品","110/07/19","永豐金-大園",31,0,31
"2354","2727王品","110/07/19","凱基-永華",0,43,-43
"2355","2727王品","110/07/19","兆豐-大安",30,0,30
"2356","2727王品","110/07/19","土銀-台中",0,36,-36
"2357","2727王品","110/07/19","美商高盛",38,15,23
"2358","2727王品","110/07/19","美林",8,41,-33
"2359","2727王品","110/07/19","康和-澎湖",23,1,22
"2360","2727王品","110/07/19","中國信託-忠孝",1,33,-32
"2361","2727王品","110/07/19","第一金-高雄",21,0,21
"2362","2727王品","110/07/19","新光",31,61,-30
"2363","2727王品","110/07/19","國票-內壢",21,0,21
"2364","2727王品","110/07/19","第一金-豐原",0,26,-26
"2365","2727王品","110/07/19","元大-桃興",19,3,16
"2366","2727王品","110/07/19","富邦-彰化",0,26,-26
"2367","2727王品","110/07/19","凱基-三重",16,1,15
"2368","2727王品","110/07/19","摩根大通",78,97,-19
"2369","2727王品","110/07/19","永豐金-南投",16,1,15
"2370","2727王品","110/07/19","國泰證券",2,21,-19
"2371","1570力肯","110/07/19","國票-北高雄",34,0,34
"2372","1570力肯","110/07/19","合庫-三重",0,8,-8
"2373","1570力肯","110/07/19","新光",30,3,27
"2374","1570力肯","110/07/19","元大-高雄",0,8,-8
"2375","1570力肯","110/07/19","凱基-台北",24,1,23
"2376","1570力肯","110/07/19","合庫-台中",0,7,-7
"2377","1570力肯","110/07/19","台灣摩根士丹利",7,0,7
"2378","1570力肯","110/07/19","臺銀-臺中",0,6,-6
"2379","1570力肯","110/07/19","元大-林森",5,0,5
"2380","1570力肯","110/07/19","摩根大通",6,11,-5
"2381","1570力肯","110/07/19","元大-士林",4,0,4
"2382","1570力肯","110/07/19","元富-緯城",0,4,-4
"2383","1570力肯","110/07/19","玉山證券",8,5,3
"2384","1570力肯","110/07/19","玉山-台大",0,4,-4
"2385","1570力肯","110/07/19","統一-城中",2,0,2
"2386","1570力肯","110/07/19","群益金鼎-三重",0,4,-4
"2387","1570力肯","110/07/19","元大-基隆孝二",2,0,2
"2388","1570力肯","110/07/19","凱基-鳳山",1,5,-4
"2389","1570力肯","110/07/19","土銀-建國",1,0,1
"2390","1570力肯","110/07/19","元大-板橋",0,4,-4
"2391","1570力肯","110/07/19","日盛-復興",1,0,1
"2392","1570力肯","110/07/19","日盛-和美",0,3,-3
"2393","1570力肯","110/07/19","瑞士信貸",1,0,1
"2394","1570力肯","110/07/19","元富-新店",2,5,-3
"2395","1570力肯","110/07/19","元富-四維",1,0,1
"2396","1570力肯","110/07/19","元大-新莊",0,3,-3
"2397","1570力肯","110/07/19","群益金鼎-北高雄",1,0,1
"2398","1570力肯","110/07/19","永豐金-敦南",0,3,-3
"2399","1570力肯","110/07/19","凱基-高美館",1,0,1
"2400","1570力肯","110/07/19","永豐金-台中",0,3,-3
"2401","6180橘子","110/07/19","兆豐證券",55,0,55
"2402","6180橘子","110/07/19","石橋證券",0,80,-80
"2403","6180橘子","110/07/19","凱基-台北",89,35,54
"2404","6180橘子","110/07/19","永豐金-大園",2,50,-48
"2405","6180橘子","110/07/19","合庫-自強",36,0,36
"2406","6180橘子","110/07/19","群益金鼎-屏東",0,40,-40
"2407","6180橘子","110/07/19","新光",50,25,25
"2408","6180橘子","110/07/19","國泰-敦南",0,19,-19
"2409","6180橘子","110/07/19","日盛-龍潭",20,0,20
"2410","6180橘子","110/07/19","日盛-新竹",2,20,-18
"2411","6180橘子","110/07/19","元大-斗信",16,1,15
"2412","6180橘子","110/07/19","摩根大通",17,35,-18
"2413","6180橘子","110/07/19","康和-台中",12,0,12
"2414","6180橘子","110/07/19","富邦-陽明",0,17,-17
"2415","6180橘子","110/07/19","國泰-台中",14,2,12
"2416","6180橘子","110/07/19","美商高盛",11,27,-16
"2417","6180橘子","110/07/19","富邦-嘉義",12,0,12
"2418","6180橘子","110/07/19","統一-宜蘭",0,14,-14
"2419","6180橘子","110/07/19","元大-草屯",12,0,12
"2420","6180橘子","110/07/19","凱基-興隆",0,12,-12
"2421","6180橘子","110/07/19","元富-桃園",11,0,11
"2422","6180橘子","110/07/19","台中銀-豐原",1,11,-10
"2423","6180橘子","110/07/19","兆豐-城中",10,0,10
"2424","6180橘子","110/07/19","永豐金-豐原",0,10,-10
"2425","6180橘子","110/07/19","元大-旗山",10,0,10
"2426","6180橘子","110/07/19","永豐金-竹科",0,10,-10
"2427","6180橘子","110/07/19","元大-大安",10,0,10
"2428","6180橘子","110/07/19","臺銀-鳳山",1,10,-9
"2429","6180橘子","110/07/19","大昌-新店",9,0,9
"2430","6180橘子","110/07/19","群益金鼎-台南",0,9,-9
"2431","2390云辰","110/07/19","摩根大通",1135,266,869
"2432","2390云辰","110/07/19","元富-成功",15,119,-104
"2433","2390云辰","110/07/19","台灣摩根士丹利",232,40,192
"2434","2390云辰","110/07/19","元富-中港",5,101,-96
"2435","2390云辰","110/07/19","凱基-台北",669,504,165
"2436","2390云辰","110/07/19","元富-嘉義",5,85,-80
"2437","2390云辰","110/07/19","美林",290,159,131
"2438","2390云辰","110/07/19","美商高盛",11,62,-51
"2439","2390云辰","110/07/19","統一",111,8,103
"2440","2390云辰","110/07/19","群益金鼎-西松",4,54,-50
"2441","2390云辰","110/07/19","元富-埔里",102,0,102
"2442","2390云辰","110/07/19","聯邦商銀",0,48,-48
"2443","2390云辰","110/07/19","華南永昌-台中",126,26,100
"2444","2390云辰","110/07/19","元大-萬華",15,57,-42
"2445","2390云辰","110/07/19","永豐金-豐原",100,32,68
"2446","2390云辰","110/07/19","群益金鼎-高雄",2,42,-40
"2447","2390云辰","110/07/19","台新-台南",87,25,62
"2448","2390云辰","110/07/19","國泰-敦南",117,154,-37
"2449","2390云辰","110/07/19","台新-左楠",67,11,56
"2450","2390云辰","110/07/19","中國信託-文心",5,40,-35
"2451","2390云辰","110/07/19","國泰-忠孝",52,0,52
"2452","2390云辰","110/07/19","凱基-城中",16,51,-35
"2453","2390云辰","110/07/19","台新證券",105,54,51
"2454","2390云辰","110/07/19","瑞士信貸",0,31,-31
"2455","2390云辰","110/07/19","華南永昌-頭份",53,3,50
"2456","2390云辰","110/07/19","中國信託-永康",1,32,-31
"2457","2390云辰","110/07/19","新光-台南",44,0,44
"2458","2390云辰","110/07/19","統一-彰化",2,32,-30
"2459","2390云辰","110/07/19","合庫-西台中",50,8,42
"2460","2390云辰","110/07/19","元大-館前",7,37,-30
"2461","2363矽統","110/07/16","國票-長城",461,21,440
"2462","2363矽統","110/07/16","新加坡商瑞銀",155,482,-327
"2463","2363矽統","110/07/16","凱基-豐中",201,3,198
"2464","2363矽統","110/07/16","港商野村",253,546,-293
"2465","2363矽統","110/07/16","凱基-土城",132,9,123
"2466","2363矽統","110/07/16","摩根大通",116,401,-285
"2467","2363矽統","110/07/16","台新證券",199,78,121
"2468","2363矽統","110/07/16","瑞士信貸",291,533,-242
"2469","2363矽統","110/07/16","日盛-中和",74,0,74
"2470","2363矽統","110/07/16","日盛-竹北",19,248,-229
"2471","2363矽統","110/07/16","日盛-員林",66,3,63
"2472","2363矽統","110/07/16","臺銀-金山",4,211,-207
"2473","2363矽統","110/07/16","國票-中和",60,3,57
"2474","2363矽統","110/07/16","元大-大統",13,138,-125
"2475","2363矽統","110/07/16","新光",240,184,56
"2476","2363矽統","110/07/16","永豐金證券",11,125,-114
"2477","2363矽統","110/07/16","富邦-竹東",65,9,56
"2478","2363矽統","110/07/16","兆豐-民生",2,101,-99
"2479","2363矽統","110/07/16","華南永昌-鳳山",56,1,55
"2480","2363矽統","110/07/16","群益金鼎-松山",2,100,-98
"2481","2363矽統","110/07/16","凱基-台北",520,466,54
"2482","2363矽統","110/07/16","元大-花蓮",8,99,-91
"2483","2363矽統","110/07/16","元富-城東",63,12,51
"2484","2363矽統","110/07/16","華南永昌-虎尾",68,154,-86
"2485","2363矽統","110/07/16","群益金鼎-桃園",56,5,51
"2486","2363矽統","110/07/16","富邦-新竹華信",7,89,-82
"2487","2363矽統","110/07/16","北城證券",60,10,50
"2488","2363矽統","110/07/16","元大-佳里",3,81,-78
"2489","2363矽統","110/07/16","國票-九鼎",57,7,50
"2490","2363矽統","110/07/16","玉山-南京東路",0,73,-73
"2491","8112至上","110/07/16","宏遠證券",551,6,545
"2492","8112至上","110/07/16","玉山-桃園",42,318,-276
"2493","8112至上","110/07/16","台灣摩根士丹利",317,11,306
"2494","8112至上","110/07/16","美林",64,305,-241
"2495","8112至上","110/07/16","新加坡商瑞銀",378,73,305
"2496","8112至上","110/07/16","宏遠-館前",16,212,-196
"2497","8112至上","110/07/16","凱基-台北",758,553,205
"2498","8112至上","110/07/16","玉山-嘉義",19,95,-76
"2499","8112至上","110/07/16","富邦證券",127,0,127
"2500","8112至上","110/07/16","群益金鼎-三民",7,82,-75
"2501","8112至上","110/07/16","台新證券",129,30,99
"2502","8112至上","110/07/16","日盛-二林",1,73,-72
"2503","8112至上","110/07/16","花旗環球",97,0,97
"2504","8112至上","110/07/16","玉山-台大",8,76,-68
"2505","8112至上","110/07/16","永豐金-台南",97,8,89
"2506","8112至上","110/07/16","元富-台南",1,68,-67
"2507","8112至上","110/07/16","元大-大天母",93,15,78
"2508","8112至上","110/07/16","玉山-板橋",4,71,-67
"2509","8112至上","110/07/16","亞東-板橋",72,2,70
"2510","8112至上","110/07/16","臺灣企銀-埔墘",0,60,-60
"2511","8112至上","110/07/16","永豐金-中正",64,9,55
"2512","8112至上","110/07/16","華南永昌-鶯歌",11,64,-53
"2513","8112至上","110/07/16","大昌-樹林",53,2,51
"2514","8112至上","110/07/16","元大-士林",7,59,-52
"2515","8112至上","110/07/16","凱基-永和",56,5,51
"2516","8112至上","110/07/16","元富-新店",8,57,-49
"2517","8112至上","110/07/16","兆豐-竹北",53,3,50
"2518","8112至上","110/07/16","富邦-陽明",9,58,-49
"2519","8112至上","110/07/16","日盛-豐原",48,0,48
"2520","8112至上","110/07/16","元大-發財",0,49,-49
"2521","1570力肯","110/07/16","新光",71,6,65
"2522","1570力肯","110/07/16","元大-高雄",0,23,-23
"2523","1570力肯","110/07/16","國票-北高雄",21,0,21
"2524","1570力肯","110/07/16","合庫-台南",0,20,-20
"2525","1570力肯","110/07/16","凱基-台北",17,1,16
"2526","1570力肯","110/07/16","元富-新店",0,15,-15
"2527","1570力肯","110/07/16","群益金鼎-高雄",15,0,15
"2528","1570力肯","110/07/16","元大-東港",0,10,-10
"2529","1570力肯","110/07/16","富邦-建國",10,0,10
"2530","1570力肯","110/07/16","中國信託",0,7,-7
"2531","1570力肯","110/07/16","元大-士林",5,0,5
"2532","1570力肯","110/07/16","台新證券",0,6,-6
"2533","1570力肯","110/07/16","瑞士信貸",3,0,3
"2534","1570力肯","110/07/16","日盛-信義",0,5,-5
"2535","1570力肯","110/07/16","臺銀-高雄",2,0,2
"2536","1570力肯","110/07/16","宏遠-館前",0,5,-5
"2537","1570力肯","110/07/16","華南永昌",2,0,2
"2538","1570力肯","110/07/16","國泰-館前",0,5,-5
"2539","1570力肯","110/07/16","元富-同大",1,0,1
"2540","1570力肯","110/07/16","富邦-園區",0,5,-5
"2541","1570力肯","110/07/16","兆豐-麻豆",1,0,1
"2542","1570力肯","110/07/16","永豐金-中正",0,5,-5
"2543","1570力肯","110/07/16","國泰-板橋",1,0,1
"2544","1570力肯","110/07/16","(牛牛牛)亞-鑫豐",0,4,-4
"2545","1570力肯","110/07/16","群益金鼎-東湖",1,0,1
"2546","1570力肯","110/07/16","台中銀-員林",0,3,-3
"2547","1570力肯","110/07/16","元大-東泰",1,0,1
"2548","1570力肯","110/07/16","玉山-新莊",0,3,-3
"2549","1570力肯","110/07/16","元大-南勢角",1,0,1
"2550","1570力肯","110/07/16","凱基-長庚",0,3,-3
"2551","2929淘帝","110/07/16","元大-民生",28,0,28
"2552","2929淘帝","110/07/16","玉山-新竹",0,30,-30
"2553","2929淘帝","110/07/16","元大-員林",20,0,20
"2554","2929淘帝","110/07/16","合庫證券",0,20,-20
"2555","2929淘帝","110/07/16","兆豐-桃鶯",12,0,12
"2556","2929淘帝","110/07/16","元大-六合",0,20,-20
"2557","2929淘帝","110/07/16","元大-大統",10,0,10
"2558","2929淘帝","110/07/16","摩根大通",0,12,-12
"2559","2929淘帝","110/07/16","新加坡商瑞銀",9,0,9
"2560","2929淘帝","110/07/16","永興",0,6,-6
"2561","2929淘帝","110/07/16","凱基-基隆",6,0,6
"2562","2929淘帝","110/07/16","凱基-長庚",0,5,-5
"2563","2929淘帝","110/07/16","合庫-高雄",5,0,5
"2564","2929淘帝","110/07/16","群益金鼎-潭子",0,4,-4
"2565","2929淘帝","110/07/16","台新-台中",6,1,5
"2566","2929淘帝","110/07/16","華南永昌-小港",2,6,-4
"2567","2929淘帝","110/07/16","元大-承德",5,0,5
"2568","2929淘帝","110/07/16","華南永昌-虎尾",0,4,-4
"2569","2929淘帝","110/07/16","元大-沙鹿",5,0,5
"2570","2929淘帝","110/07/16","日盛-和美",0,3,-3
"2571","2929淘帝","110/07/16","大慶-苗栗",5,1,4
"2572","2929淘帝","110/07/16","彰銀",0,3,-3
"2573","2929淘帝","110/07/16","台新-新營",4,0,4
"2574","2929淘帝","110/07/16","港商野村",7,10,-3
"2575","2929淘帝","110/07/16","凱基-台北",6,2,4
"2576","2929淘帝","110/07/16","群益金鼎-中山",1,4,-3
"2577","2929淘帝","110/07/16","兆豐-台中港",3,0,3
"2578","2929淘帝","110/07/16","凱基-嘉義",0,3,-3
"2579","2929淘帝","110/07/16","國票-北高雄",3,0,3
"2580","2929淘帝","110/07/16","元大-斗信",0,3,-3
"2581","5410國眾","110/07/16","盈溢-籬子內",49,0,49
"2582","5410國眾","110/07/16","元大-博愛",0,41,-41
"2583","5410國眾","110/07/16","香港上海匯豐",31,0,31
"2584","5410國眾","110/07/16","元富-嘉義",0,20,-20
"2585","5410國眾","110/07/16","元大-東泰",30,0,30
"2586","5410國眾","110/07/16","國泰-桃園",0,18,-18
"2587","5410國眾","110/07/16","兆豐-台中港",20,0,20
"2588","5410國眾","110/07/16","元富",0,17,-17
"2589","5410國眾","110/07/16","臺銀-臺南",11,0,11
"2590","5410國眾","110/07/16","元大-新竹",0,14,-14
"2591","5410國眾","110/07/16","富邦-新竹華信",11,0,11
"2592","5410國眾","110/07/16","安泰-大發",0,11,-11
"2593","5410國眾","110/07/16","臺銀",10,0,10
"2594","5410國眾","110/07/16","大昌-樹林",0,10,-10
"2595","5410國眾","110/07/16","凱基-台北",8,1,7
"2596","5410國眾","110/07/16","群益金鼎-內湖",0,10,-10
"2597","5410國眾","110/07/16","日盛-士林",5,0,5
"2598","5410國眾","110/07/16","元大-樹林",0,10,-10
"2599","5410國眾","110/07/16","新光-桃園",5,0,5
"2600","5410國眾","110/07/16","元大-內湖",0,9,-9
"2601","5410國眾","110/07/16","國泰-台南",5,0,5
"2602","5410國眾","110/07/16","群益金鼎-永和",0,5,-5
"2603","5410國眾","110/07/16","群益金鼎-嘉義",5,0,5
"2604","5410國眾","110/07/16","凱基-屏東",0,5,-5
"2605","5410國眾","110/07/16","元大-屏南",5,0,5
"2606","5410國眾","110/07/16","統一-員林",0,4,-4
"2607","5410國眾","110/07/16","日盛-員林",3,0,3
"2608","5410國眾","110/07/16","國泰-松江",0,4,-4
"2609","5410國眾","110/07/16","瑞士信貸",3,0,3
"2610","5410國眾","110/07/16","凱基-台南",0,4,-4
"2611","2841台開","110/07/16","日盛證券",250,0,250
"2612","2841台開","110/07/16","元大-歸仁",0,590,-590
"2613","2841台開","110/07/16","凱基-文心",204,0,204
"2614","2841台開","110/07/16","摩根大通",0,245,-245
"2615","2841台開","110/07/16","國泰-館前",114,0,114
"2616","2841台開","110/07/16","日盛-信義",0,145,-145
"2617","2841台開","110/07/16","永豐金-豐原",75,0,75
"2618","2841台開","110/07/16","港商野村",0,103,-103
"2619","2841台開","110/07/16","台新-台中",76,10,66
"2620","2841台開","110/07/16","玉山-嘉義",5,54,-49
"2621","2841台開","110/07/16","中國信託-文心",51,5,46
"2622","2841台開","110/07/16","台新證券",22,63,-41
"2623","2841台開","110/07/16","華南永昌-新莊",41,10,31
"2624","2841台開","110/07/16","美商高盛",0,39,-39
"2625","2841台開","110/07/16","富邦-嘉義",30,0,30
"2626","2841台開","110/07/16","亞東-板橋",0,30,-30
"2627","2841台開","110/07/16","新光",26,0,26
"2628","2841台開","110/07/16","永豐金-北高雄",0,30,-30
"2629","2841台開","110/07/16","富邦-板橋",25,0,25
"2630","2841台開","110/07/16","日盛-忠孝",0,20,-20
"2631","2841台開","110/07/16","新光-台中",22,0,22
"2632","2841台開","110/07/16","元富-草屯",0,15,-15
"2633","2841台開","110/07/16","元大-承德",22,0,22
"2634","2841台開","110/07/16","永豐金-板新",0,12,-12
"2635","2841台開","110/07/16","日盛-三重",20,0,20
"2636","2841台開","110/07/16","第一金-華江",0,10,-10
"2637","2841台開","110/07/16","日盛-新莊",20,0,20
"2638","2841台開","110/07/16","兆豐-南京",0,10,-10
"2639","2841台開","110/07/16","凱基-台南",20,0,20
"2640","2841台開","110/07/16","國票-中港",0,10,-10
"2641","6207雷科","110/07/16","統一-平鎮",215,4,211
"2642","6207雷科","110/07/16","凱基-台北",344,628,-284
"2643","6207雷科","110/07/16","凱基-復興",166,6,160
"2644","6207雷科","110/07/16","新加坡商瑞銀",104,370,-266
"2645","6207雷科","110/07/16","永豐金-南京",141,3,138
"2646","6207雷科","110/07/16","摩根大通",193,430,-237
"2647","6207雷科","110/07/16","永豐金-內湖",117,1,116
"2648","6207雷科","110/07/16","富邦證券",0,150,-150
"2649","6207雷科","110/07/16","日盛證券",104,2,102
"2650","6207雷科","110/07/16","華南永昌-中正",26,169,-143
"2651","6207雷科","110/07/16","群益金鼎-古亭",74,2,72
"2652","6207雷科","110/07/16","凱基-敦北",1,142,-141
"2653","6207雷科","110/07/16","群益金鼎-東門",76,12,64
"2654","6207雷科","110/07/16","凱基-板橋",0,120,-120
"2655","6207雷科","110/07/16","日盛-板橋",78,25,53
"2656","6207雷科","110/07/16","元富-大昌",30,136,-106
"2657","6207雷科","110/07/16","元大-斗六",57,6,51
"2658","6207雷科","110/07/16","元大-北成功",26,97,-71
"2659","6207雷科","110/07/16","元大-頭份",53,3,50
"2660","6207雷科","110/07/16","新光-桃園",29,93,-64
"2661","6207雷科","110/07/16","群益金鼎-東大",56,11,45
"2662","6207雷科","110/07/16","新百王",27,90,-63
"2663","6207雷科","110/07/16","永豐金-虎尾",50,8,42
"2664","6207雷科","110/07/16","玉山-左營",16,72,-56
"2665","6207雷科","110/07/16","元大-西門",39,1,38
"2666","6207雷科","110/07/16","群益金鼎-中壢",3,54,-51
"2667","6207雷科","110/07/16","凱基-竹科",38,1,37
"2668","6207雷科","110/07/16","元富-中原",21,67,-46
"2669","6207雷科","110/07/16","元富-世貿",50,15,35
"2670","6207雷科","110/07/16","大昌-桃園",26,70,-44
"2671","3679新至陞","110/07/16","元大-成功",17,1,16
"2672","3679新至陞","110/07/16","國票-桃園",0,11,-11
"2673","3679新至陞","110/07/16","玉山-台大",5,0,5
"2674","3679新至陞","110/07/16","富邦-台北",0,10,-10
"2675","3679新至陞","110/07/16","日盛-員林",4,0,4
"2676","3679新至陞","110/07/16","富邦-苗栗",0,10,-10
"2677","3679新至陞","110/07/16","凱基-台北",6,2,4
"2678","3679新至陞","110/07/16","元大-永春",0,6,-6
"2679","3679新至陞","110/07/16","台灣摩根士丹利",3,0,3
"2680","3679新至陞","110/07/16","美林",0,5,-5
"2681","3679新至陞","110/07/16","凱基-中山",3,0,3
"2682","3679新至陞","110/07/16","瑞士信貸",3,7,-4
"2683","3679新至陞","110/07/16","元大-承德",3,0,3
"2684","3679新至陞","110/07/16","宏遠-館前",0,3,-3
"2685","3679新至陞","110/07/16","元大-汐止",4,1,3
"2686","3679新至陞","110/07/16","元大-東港",0,3,-3
"2687","3679新至陞","110/07/16","日盛-大墩",2,0,2
"2688","3679新至陞","110/07/16","元大證券",0,2,-2
"2689","3679新至陞","110/07/16","玉山-城中",2,0,2
"2690","3679新至陞","110/07/16","永豐金-板新",0,2,-2
"2691","3679新至陞","110/07/16","華南永昌-內壢",2,0,2
"2692","3679新至陞","110/07/16","臺銀-民權",0,1,-1
"2693","3679新至陞","110/07/16","元大-台南",2,0,2
"2694","3679新至陞","110/07/16","日盛-台中",0,1,-1
"2695","3679新至陞","110/07/16","元大-大同",2,0,2
"2696","3679新至陞","110/07/16","日盛-鳳山",0,1,-1
"2697","3679新至陞","110/07/16","臺銀-高雄",1,0,1
"2698","3679新至陞","110/07/16","元富-古亭",0,1,-1
"2699","3679新至陞","110/07/16","日盛-樹林",1,0,1
"2700","3679新至陞","110/07/16","元富-新興",0,1,-1
"2701","2727王品","110/07/16","富邦證券",570,0,570
"2702","2727王品","110/07/16","台新證券",27,77,-50
"2703","2727王品","110/07/16","兆豐-南京",200,0,200
"2704","2727王品","110/07/16","台灣摩根士丹利",4,47,-43
"2705","2727王品","110/07/16","瑞士信貸",133,2,131
"2706","2727王品","110/07/16","永豐金-大園",0,33,-33
"2707","2727王品","110/07/16","美林",121,26,95
"2708","2727王品","110/07/16","元大-北屯",0,32,-32
"2709","2727王品","110/07/16","統一",103,43,60
"2710","2727王品","110/07/16","富邦-南屯",1,30,-29
"2711","2727王品","110/07/16","中國信託-忠孝",36,2,34
"2712","2727王品","110/07/16","元大-基隆孝二",0,29,-29
"2713","2727王品","110/07/16","元大證券",68,45,23
"2714","2727王品","110/07/16","日盛-忠孝",4,30,-26
"2715","2727王品","110/07/16","合庫-彰化",22,1,21
"2716","2727王品","110/07/16","新光-新竹",1,21,-20
"2717","2727王品","110/07/16","港商野村",126,105,21
"2718","2727王品","110/07/16","凱基-台北",94,113,-19
"2719","2727王品","110/07/16","元富-板橋",22,1,21
"2720","2727王品","110/07/16","富邦-虎尾",1,19,-18
"2721","2727王品","110/07/16","新加坡商瑞銀",36,18,18
"2722","2727王品","110/07/16","元大-南京",0,17,-17
"2723","2727王品","110/07/16","國泰證券",20,5,15
"2724","2727王品","110/07/16","日盛-鳳山",2,18,-16
"2725","2727王品","110/07/16","日盛-桃園",13,1,12
"2726","2727王品","110/07/16","新光",34,50,-16
"2727","2727王品","110/07/16","凱基-市政",12,1,11
"2728","2727王品","110/07/16","富邦-台北",2,18,-16
"2729","2727王品","110/07/16","元大-嘉義",14,3,11
"2730","2727王品","110/07/16","國票-內壢",1,15,-14
"2731","1570力肯","110/07/16","新光",71,6,65
"2732","1570力肯","110/07/16","元大-高雄",0,23,-23
"2733","1570力肯","110/07/16","國票-北高雄",21,0,21
"2734","1570力肯","110/07/16","合庫-台南",0,20,-20
"2735","1570力肯","110/07/16","凱基-台北",17,1,16
"2736","1570力肯","110/07/16","元富-新店",0,15,-15
"2737","1570力肯","110/07/16","群益金鼎-高雄",15,0,15
"2738","1570力肯","110/07/16","元大-東港",0,10,-10
"2739","1570力肯","110/07/16","富邦-建國",10,0,10
"2740","1570力肯","110/07/16","中國信託",0,7,-7
"2741","1570力肯","110/07/16","元大-士林",5,0,5
"2742","1570力肯","110/07/16","台新證券",0,6,-6
"2743","1570力肯","110/07/16","瑞士信貸",3,0,3
"2744","1570力肯","110/07/16","日盛-信義",0,5,-5
"2745","1570力肯","110/07/16","臺銀-高雄",2,0,2
"2746","1570力肯","110/07/16","宏遠-館前",0,5,-5
"2747","1570力肯","110/07/16","華南永昌",2,0,2
"2748","1570力肯","110/07/16","國泰-館前",0,5,-5
"2749","1570力肯","110/07/16","元富-同大",1,0,1
"2750","1570力肯","110/07/16","富邦-園區",0,5,-5
"2751","1570力肯","110/07/16","兆豐-麻豆",1,0,1
"2752","1570力肯","110/07/16","永豐金-中正",0,5,-5
"2753","1570力肯","110/07/16","國泰-板橋",1,0,1
"2754","1570力肯","110/07/16","(牛牛牛)亞-鑫豐",0,4,-4
"2755","1570力肯","110/07/16","群益金鼎-東湖",1,0,1
"2756","1570力肯","110/07/16","台中銀-員林",0,3,-3
"2757","1570力肯","110/07/16","元大-東泰",1,0,1
"2758","1570力肯","110/07/16","玉山-新莊",0,3,-3
"2759","1570力肯","110/07/16","元大-南勢角",1,0,1
"2760","1570力肯","110/07/16","凱基-長庚",0,3,-3
"2761","6180橘子","110/07/16","日盛-文化",71,5,66
"2762","6180橘子","110/07/16","凱基-台北",110,238,-128
"2763","6180橘子","110/07/16","新加坡商瑞銀",75,19,56
"2764","6180橘子","110/07/16","摩根大通",77,161,-84
"2765","6180橘子","110/07/16","瑞士信貸",51,0,51
"2766","6180橘子","110/07/16","元富-高雄",0,62,-62
"2767","6180橘子","110/07/16","台灣企銀-屏東",50,0,50
"2768","6180橘子","110/07/16","美商高盛",0,40,-40
"2769","6180橘子","110/07/16","元大-桃園",52,2,50
"2770","6180橘子","110/07/16","合庫-自強",0,37,-37
"2771","6180橘子","110/07/16","康和-台北",51,10,41
"2772","6180橘子","110/07/16","美林",15,48,-33
"2773","6180橘子","110/07/16","群益金鼎-屏東",61,20,41
"2774","6180橘子","110/07/16","元富-四維",0,32,-32
"2775","6180橘子","110/07/16","元大-彰化",33,2,31
"2776","6180橘子","110/07/16","新光",63,92,-29
"2777","6180橘子","110/07/16","台中銀-台北",30,0,30
"2778","6180橘子","110/07/16","新光-台南",6,28,-22
"2779","6180橘子","110/07/16","福勝",29,3,26
"2780","6180橘子","110/07/16","港商野村",28,49,-21
"2781","6180橘子","110/07/16","兆豐證券",21,0,21
"2782","6180橘子","110/07/16","統一",2,23,-21
"2783","6180橘子","110/07/16","華南永昌-頭份",20,0,20
"2784","6180橘子","110/07/16","元大-豐原站前",3,21,-18
"2785","6180橘子","110/07/16","富邦-台北",25,5,20
"2786","6180橘子","110/07/16","豐農",3,20,-17
"2787","6180橘子","110/07/16","富邦-員林",23,4,19
"2788","6180橘子","110/07/16","安泰-大發",0,17,-17
"2789","6180橘子","110/07/16","台新-新莊",20,2,18
"2790","6180橘子","110/07/16","群益金鼎",2,19,-17
"2791","2390云辰","110/07/16","兆豐-天母",642,7,635
"2792","2390云辰","110/07/16","凱基",0,5007,-5007
"2793","2390云辰","110/07/16","華南永昌-鳳山",339,35,304
"2794","2390云辰","110/07/16","凱基-台北",1224,2306,-1082
"2795","2390云辰","110/07/16","第一金-大稻埕",269,13,256
"2796","2390云辰","110/07/16","元大證券",206,1177,-971
"2797","2390云辰","110/07/16","國泰-敦南",665,427,238
"2798","2390云辰","110/07/16","摩根大通",1073,1967,-894
"2799","2390云辰","110/07/16","富邦-建國",272,50,222
"2800","2390云辰","110/07/16","台灣摩根士丹利",232,671,-439
"2801","2390云辰","110/07/16","元大-信義",180,15,165
"2802","2390云辰","110/07/16","美林",187,496,-309
"2803","2390云辰","110/07/16","瑞士信貸",155,0,155
"2804","2390云辰","110/07/16","港商野村",680,950,-270
"2805","2390云辰","110/07/16","台新證券",461,317,144
"2806","2390云辰","110/07/16","永豐金-中正",18,170,-152
"2807","2390云辰","110/07/16","兆豐-公益",148,11,137
"2808","2390云辰","110/07/16","元富-板橋",30,169,-139
"2809","2390云辰","110/07/16","元大-土城學府",197,61,136
"2810","2390云辰","110/07/16","新加坡商瑞銀",61,175,-114
"2811","2390云辰","110/07/16","元大-天母",232,122,110
"2812","2390云辰","110/07/16","聯邦商銀",54,167,-113
"2813","2390云辰","110/07/16","凱基-基隆",109,2,107
"2814","2390云辰","110/07/16","群益金鼎-大甲",13,111,-98
"2815","2390云辰","110/07/16","元富-成功",110,5,105
"2816","2390云辰","110/07/16","統一-屏東",4,92,-88
"2817","2390云辰","110/07/16","統一-新營",118,14,104
"2818","2390云辰","110/07/16","凱基-大直",3,80,-77
"2819","2390云辰","110/07/16","國泰-板橋",268,170,98
"2820","2390云辰","110/07/16","元大-桃興",46,117,-71
"2821","2363矽統","110/07/15","康和-台中",626,61,565
"2822","2363矽統","110/07/15","新加坡商瑞銀",202,838,-636
"2823","2363矽統","110/07/15","摩根大通",1271,932,339
"2824","2363矽統","110/07/15","美林",185,720,-535
"2825","2363矽統","110/07/15","瑞士信貸",530,230,300
"2826","2363矽統","110/07/15","富邦-仁愛",60,583,-523
"2827","2363矽統","110/07/15","宏遠-桃園",281,0,281
"2828","2363矽統","110/07/15","元大-板橋",35,368,-333
"2829","2363矽統","110/07/15","大展",252,19,233
"2830","2363矽統","110/07/15","花旗環球",0,308,-308
"2831","2363矽統","110/07/15","凱基-台北",683,498,185
"2832","2363矽統","110/07/15","元富-成功",2,113,-111
"2833","2363矽統","110/07/15","永豐金證券",166,11,155
"2834","2363矽統","110/07/15","富邦-新營",23,132,-109
"2835","2363矽統","110/07/15","群益金鼎",157,5,152
"2836","2363矽統","110/07/15","臺銀-金山",197,304,-107
"2837","2363矽統","110/07/15","新光",333,229,104
"2838","2363矽統","110/07/15","日盛-二林",13,116,-103
"2839","2363矽統","110/07/15","永豐金-台南",130,26,104
"2840","2363矽統","110/07/15","台新-左楠",40,126,-86
"2841","2363矽統","110/07/15","國票-南京",100,0,100
"2842","2363矽統","110/07/15","康和-南崁",15,100,-85
"2843","2363矽統","110/07/15","群益金鼎-松山",150,50,100
"2844","2363矽統","110/07/15","永豐金-員林",9,91,-82
"2845","2363矽統","110/07/15","中國信託-松江",103,5,98
"2846","2363矽統","110/07/15","光和-嘉義",5,78,-73
"2847","2363矽統","110/07/15","國票-新莊",187,92,95
"2848","2363矽統","110/07/15","日盛-板橋中山",3,73,-70
"2849","2363矽統","110/07/15","北城證券",216,126,90
"2850","2363矽統","110/07/15","元大證券",10,75,-65
"2851","8112至上","110/07/15","凱基-台北",535,32,503
"2852","8112至上","110/07/15","群益金鼎-台南",0,116,-116
"2853","8112至上","110/07/15","摩根大通",362,16,346
"2854","8112至上","110/07/15","華南永昌-高雄",2,112,-110
"2855","8112至上","110/07/15","台灣摩根士丹利",254,0,254
"2856","8112至上","110/07/15","永豐金-台南",27,128,-101
"2857","8112至上","110/07/15","花旗環球",159,0,159
"2858","8112至上","110/07/15","元大-東蘆",2,73,-71
"2859","8112至上","110/07/15","新加坡商瑞銀",95,2,93
"2860","8112至上","110/07/15","美林",3,66,-63
"2861","8112至上","110/07/15","玉山-嘉義",84,0,84
"2862","8112至上","110/07/15","元大-館前",0,62,-62
"2863","8112至上","110/07/15","新光",82,6,76
"2864","8112至上","110/07/15","元富-信義",0,50,-50
"2865","8112至上","110/07/15","瑞士信貸",80,7,73
"2866","8112至上","110/07/15","台新證券",35,82,-47
"2867","8112至上","110/07/15","美商高盛",64,0,64
"2868","8112至上","110/07/15","大慶-蘆洲",7,53,-46
"2869","8112至上","110/07/15","兆豐-小港",56,0,56
"2870","8112至上","110/07/15","國票-天祥",0,45,-45
"2871","8112至上","110/07/15","永豐金-內湖",60,11,49
"2872","8112至上","110/07/15","凱基-中山",1,45,-44
"2873","8112至上","110/07/15","永豐金-南投",46,1,45
"2874","8112至上","110/07/15","元大-士林",0,43,-43
"2875","8112至上","110/07/15","凱基-三重",40,0,40
"2876","8112至上","110/07/15","玉山-城中",4,44,-40
"2877","8112至上","110/07/15","台灣企銀",29,0,29
"2878","8112至上","110/07/15","凱基-彰化",0,39,-39
"2879","8112至上","110/07/15","元大-府城",42,14,28
"2880","8112至上","110/07/15","元富-花蓮",2,40,-38
"2881","1570力肯","110/07/15","群益金鼎-高雄",40,0,40
"2882","1570力肯","110/07/15","元大-高雄",0,12,-12
"2883","1570力肯","110/07/15","新光",40,8,32
"2884","1570力肯","110/07/15","永豐金-中正",0,10,-10
"2885","1570力肯","110/07/15","凱基-台北",20,2,18
"2886","1570力肯","110/07/15","國泰-松江",0,9,-9
"2887","1570力肯","110/07/15","凱基-天母",6,0,6
"2888","1570力肯","110/07/15","台新證券",0,8,-8
"2889","1570力肯","110/07/15","元富-新店",5,0,5
"2890","1570力肯","110/07/15","玉山證券",0,7,-7
"2891","1570力肯","110/07/15","凱基-中港",5,0,5
"2892","1570力肯","110/07/15","元大-府城",0,7,-7
"2893","1570力肯","110/07/15","富邦-園區",5,0,5
"2894","1570力肯","110/07/15","元大-板橋",0,6,-6
"2895","1570力肯","110/07/15","瑞士信貸",4,0,4
"2896","1570力肯","110/07/15","日盛-信義",0,5,-5
"2897","1570力肯","110/07/15","第一金-路竹",3,0,3
"2898","1570力肯","110/07/15","國票-和平",0,5,-5
"2899","1570力肯","110/07/15","摩根大通",3,0,3
"2900","1570力肯","110/07/15","元大-民雄",0,5,-5
"2901","1570力肯","110/07/15","凱基-桃園",3,0,3
"2902","1570力肯","110/07/15","統一-台中",0,4,-4
"2903","1570力肯","110/07/15","永豐金-苓雅",3,0,3
"2904","1570力肯","110/07/15","玉山-雙和",0,4,-4
"2905","1570力肯","110/07/15","統一-員林",2,0,2
"2906","1570力肯","110/07/15","凱基-敦北",0,4,-4
"2907","1570力肯","110/07/15","元大-永春",2,0,2
"2908","1570力肯","110/07/15","富邦-新店",0,4,-4
"2909","1570力肯","110/07/15","元大-土城永寧",2,0,2
"2910","1570力肯","110/07/15","日盛-板橋",0,3,-3
"2911","2929淘帝","110/07/15","港商野村",58,4,54
"2912","2929淘帝","110/07/15","日盛-園區",0,25,-25
"2913","2929淘帝","110/07/15","元大-民生",29,0,29
"2914","2929淘帝","110/07/15","兆豐-南京",0,20,-20
"2915","2929淘帝","110/07/15","新加坡商瑞銀",22,1,21
"2916","2929淘帝","110/07/15","玉山-高雄",0,18,-18
"2917","2929淘帝","110/07/15","凱基-台北",20,2,18
"2918","2929淘帝","110/07/15","富邦-南屯",1,15,-14
"2919","2929淘帝","110/07/15","大慶-中壢",15,1,14
"2920","2929淘帝","110/07/15","富邦-員林",0,13,-13
"2921","2929淘帝","110/07/15","日盛-和美",10,0,10
"2922","2929淘帝","110/07/15","凱基-站前",0,10,-10
"2923","2929淘帝","110/07/15","元大-員林",10,0,10
"2924","2929淘帝","110/07/15","元大-台中",0,10,-10
"2925","2929淘帝","110/07/15","凱基-基隆",6,0,6
"2926","2929淘帝","110/07/15","美林",10,19,-9
"2927","2929淘帝","110/07/15","臺銀-鳳山",5,0,5
"2928","2929淘帝","110/07/15","元大-新盛",0,8,-8
"2929","2929淘帝","110/07/15","第一金-路竹",5,0,5
"2930","2929淘帝","110/07/15","台新-台南",0,7,-7
"2931","2929淘帝","110/07/15","元富-大裕",5,0,5
"2932","2929淘帝","110/07/15","元大-大天母",0,7,-7
"2933","2929淘帝","110/07/15","玉山-大里",5,0,5
"2934","2929淘帝","110/07/15","華南永昌-虎尾",0,6,-6
"2935","2929淘帝","110/07/15","元大-博愛",5,0,5
"2936","2929淘帝","110/07/15","永豐金證券",0,6,-6
"2937","2929淘帝","110/07/15","永豐金-新莊",5,0,5
"2938","2929淘帝","110/07/15","兆豐-竹北",0,5,-5
"2939","2929淘帝","110/07/15","元大-南崁",4,0,4
"2940","2929淘帝","110/07/15","元大-文心興安",0,5,-5
"2941","5410國眾","110/07/15","香港上海匯豐",18,0,18
"2942","5410國眾","110/07/15","元大-南屯",0,18,-18
"2943","5410國眾","110/07/15","摩根大通",15,0,15
"2944","5410國眾","110/07/15","亞東-新竹",0,15,-15
"2945","5410國眾","110/07/15","日盛-士林",10,0,10
"2946","5410國眾","110/07/15","兆豐-台中港",0,15,-15
"2947","5410國眾","110/07/15","群益金鼎-嘉義",10,0,10
"2948","5410國眾","110/07/15","日盛-板橋",0,12,-12
"2949","5410國眾","110/07/15","元大-高雄",10,0,10
"2950","5410國眾","110/07/15","台中銀-豐原",0,9,-9
"2951","5410國眾","110/07/15","元大-東港",10,0,10
"2952","5410國眾","110/07/15","臺銀-臺南",3,10,-7
"2953","5410國眾","110/07/15","臺銀",10,5,5
"2954","5410國眾","110/07/15","瑞士信貸",0,5,-5
"2955","5410國眾","110/07/15","台新-新營",5,0,5
"2956","5410國眾","110/07/15","統一-員林",0,5,-5
"2957","5410國眾","110/07/15","富邦-台北",5,0,5
"2958","5410國眾","110/07/15","大昌-樹林",0,5,-5
"2959","5410國眾","110/07/15","日盛-屏東",4,0,4
"2960","5410國眾","110/07/15","兆豐-來福",0,5,-5
"2961","5410國眾","110/07/15","高橋",5,1,4
"2962","5410國眾","110/07/15","豐農",0,5,-5
"2963","5410國眾","110/07/15","中國信託-新竹",4,1,3
"2964","5410國眾","110/07/15","元大-大里",0,5,-5
"2965","5410國眾","110/07/15","富邦-建國",3,0,3
"2966","5410國眾","110/07/15","港商野村",0,3,-3
"2967","5410國眾","110/07/15","永豐金-桃園",3,0,3
"2968","5410國眾","110/07/15","中農",0,3,-3
"2969","5410國眾","110/07/15","大展",2,0,2
"2970","5410國眾","110/07/15","國泰-忠孝",0,3,-3
"2971","2841台開","110/07/15","日盛證券",310,0,310
"2972","2841台開","110/07/15","港商野村",0,97,-97
"2973","2841台開","110/07/15","元富-城東",100,0,100
"2974","2841台開","110/07/15","元大-員林",0,77,-77
"2975","2841台開","110/07/15","凱基-文心",30,0,30
"2976","2841台開","110/07/15","新光",3,73,-70
"2977","2841台開","110/07/15","日盛-雙和",24,0,24
"2978","2841台開","110/07/15","永豐金-北高雄",0,30,-30
"2979","2841台開","110/07/15","第一金-台中",20,0,20
"2980","2841台開","110/07/15","華南永昌",0,25,-25
"2981","2841台開","110/07/15","豐農",20,0,20
"2982","2841台開","110/07/15","日盛-台南",0,20,-20
"2983","2841台開","110/07/15","華南永昌-新莊",19,0,19
"2984","2841台開","110/07/15","致和-佳里",0,20,-20
"2985","2841台開","110/07/15","玉山-大里",12,0,12
"2986","2841台開","110/07/15","國票-中港",0,20,-20
"2987","2841台開","110/07/15","元富-安南",10,0,10
"2988","2841台開","110/07/15","元大-歸仁",0,20,-20
"2989","2841台開","110/07/15","凱基-市政",10,0,10
"2990","2841台開","110/07/15","統一-三多",0,19,-19
"2991","2841台開","110/07/15","凱基-竹科",10,0,10
"2992","2841台開","110/07/15","凱基-城中",0,18,-18
"2993","2841台開","110/07/15","國泰-板橋",10,1,9
"2994","2841台開","110/07/15","國票-中和",0,15,-15
"2995","2841台開","110/07/15","凱基-台北",9,0,9
"2996","2841台開","110/07/15","元大-彰化",0,15,-15
"2997","2841台開","110/07/15","合庫證券",6,0,6
"2998","2841台開","110/07/15","元大-復北",0,15,-15
"2999","2841台開","110/07/15","台中銀",6,0,6
"3000","2841台開","110/07/15","土銀-花蓮",0,14,-14
"3001","6207雷科","110/07/15","凱基-板橋",210,45,165
"3002","6207雷科","110/07/15","群益金鼎-台北",20,80,-60
"3003","6207雷科","110/07/15","富邦證券",150,0,150
"3004","6207雷科","110/07/15","元大-大天母",1,56,-55
"3005","6207雷科","110/07/15","凱基-復興",140,0,140
"3006","6207雷科","110/07/15","大慶-中壢",2,50,-48
"3007","6207雷科","110/07/15","華南永昌-中正",140,0,140
"3008","6207雷科","110/07/15","元富-林園",0,47,-47
"3009","6207雷科","110/07/15","永豐金-內湖",92,10,82
"3010","6207雷科","110/07/15","元大-東門",0,40,-40
"3011","6207雷科","110/07/15","富邦-彰化",81,11,70
"3012","6207雷科","110/07/15","第一金-安和",0,37,-37
"3013","6207雷科","110/07/15","(牛牛牛)亞-網路",67,0,67
"3014","6207雷科","110/07/15","凱基-台北",61,97,-36
"3015","6207雷科","110/07/15","台新證券",60,8,52
"3016","6207雷科","110/07/15","國票-南科",0,32,-32
"3017","6207雷科","110/07/15","華南永昌",50,3,47
"3018","6207雷科","110/07/15","元大-四維",0,32,-32
"3019","6207雷科","110/07/15","新加坡商瑞銀",68,26,42
"3020","6207雷科","110/07/15","元大-板橋",0,30,-30
"3021","6207雷科","110/07/15","日盛-景美",40,0,40
"3022","6207雷科","110/07/15","元大-南崁",1,30,-29
"3023","6207雷科","110/07/15","元富-大昌",40,0,40
"3024","6207雷科","110/07/15","凱基-岡山",0,27,-27
"3025","6207雷科","110/07/15","統一-高雄",38,5,33
"3026","6207雷科","110/07/15","統一-新竹",0,26,-26
"3027","6207雷科","110/07/15","日盛證券",32,0,32
"3028","6207雷科","110/07/15","群益金鼎-三民",1,27,-26
"3029","6207雷科","110/07/15","華南永昌-頭份",31,0,31
"3030","6207雷科","110/07/15","國票-台中",0,25,-25
"3031","3679新至陞","110/07/15","群益金鼎-大安",25,0,25
"3032","3679新至陞","110/07/15","元大-成功",0,10,-10
"3033","3679新至陞","110/07/15","元大-彰化",13,0,13
"3034","3679新至陞","110/07/15","群益金鼎-東大",0,8,-8
"3035","3679新至陞","110/07/15","國票-桃園",10,0,10
"3036","3679新至陞","110/07/15","凱基-台北",4,12,-8
"3037","3679新至陞","110/07/15","群益金鼎-台南",10,0,10
"3038","3679新至陞","110/07/15","第一金-華江",0,5,-5
"3039","3679新至陞","110/07/15","華南永昌-台中",10,0,10
"3040","3679新至陞","110/07/15","兆豐-來福",0,5,-5
"3041","3679新至陞","110/07/15","港商野村",9,0,9
"3042","3679新至陞","110/07/15","元大-北三重",0,5,-5
"3043","3679新至陞","110/07/15","元大-永春",6,0,6
"3044","3679新至陞","110/07/15","瑞士信貸",0,4,-4
"3045","3679新至陞","110/07/15","(牛牛牛)亞-網路",5,0,5
"3046","3679新至陞","110/07/15","新加坡商瑞銀",0,4,-4
"3047","3679新至陞","110/07/15","凱基-高雄",5,0,5
"3048","3679新至陞","110/07/15","元大-汐止",0,4,-4
"3049","3679新至陞","110/07/15","美商高盛",6,2,4
"3050","3679新至陞","110/07/15","台中銀-員林",0,3,-3
"3051","3679新至陞","110/07/15","台新證券",3,1,2
"3052","3679新至陞","110/07/15","兆豐-忠孝",0,3,-3
"3053","3679新至陞","110/07/15","群益金鼎-大興",2,0,2
"3054","3679新至陞","110/07/15","玉山-新莊",0,3,-3
"3055","3679新至陞","110/07/15","元大-六合",2,0,2
"3056","3679新至陞","110/07/15","永豐金-屏東",0,3,-3
"3057","3679新至陞","110/07/15","彰銀",1,0,1
"3058","3679新至陞","110/07/15","永豐金-敦南",0,3,-3
"3059","3679新至陞","110/07/15","美林",2,1,1
"3060","3679新至陞","110/07/15","永豐金-萬盛",0,3,-3
"3061","2727王品","110/07/15","兆豐-南京",101,0,101
"3062","2727王品","110/07/15","富邦-左營",0,102,-102
"3063","2727王品","110/07/15","港商野村",166,73,93
"3064","2727王品","110/07/15","日盛-忠孝",2,32,-30
"3065","2727王品","110/07/15","瑞士信貸",97,8,89
"3066","2727王品","110/07/15","群益金鼎-古亭",2,24,-22
"3067","2727王品","110/07/15","玉山證券",56,12,44
"3068","2727王品","110/07/15","日盛-八德",0,21,-21
"3069","2727王品","110/07/15","第一金-高雄",43,1,42
"3070","2727王品","110/07/15","元大-新盛",2,23,-21
"3071","2727王品","110/07/15","台新證券",74,45,29
"3072","2727王品","110/07/15","摩根大通",53,72,-19
"3073","2727王品","110/07/15","康和-澎湖",27,0,27
"3074","2727王品","110/07/15","富邦-彰化",8,26,-18
"3075","2727王品","110/07/15","富邦-陽明",31,4,27
"3076","2727王品","110/07/15","富邦-台中",7,24,-17
"3077","2727王品","110/07/15","國票-北高雄",27,1,26
"3078","2727王品","110/07/15","新加坡商瑞銀",13,29,-16
"3079","2727王品","110/07/15","國泰-板橋",38,12,26
"3080","2727王品","110/07/15","國泰-敦南",35,50,-15
"3081","2727王品","110/07/15","凱基-興隆",23,0,23
"3082","2727王品","110/07/15","元大-龍潭",0,14,-14
"3083","2727王品","110/07/15","凱基-板橋",29,7,22
"3084","2727王品","110/07/15","中國信託-文心",8,21,-13
"3085","2727王品","110/07/15","合庫-彰化",21,0,21
"3086","2727王品","110/07/15","永豐金-竹科",2,15,-13
"3087","2727王品","110/07/15","土銀-南港",20,0,20
"3088","2727王品","110/07/15","臺銀-臺南",2,14,-12
"3089","2727王品","110/07/15","美林",37,18,19
"3090","2727王品","110/07/15","凱基-台北",56,68,-12
"3091","1570力肯","110/07/15","群益金鼎-高雄",40,0,40
"3092","1570力肯","110/07/15","元大-高雄",0,12,-12
"3093","1570力肯","110/07/15","新光",40,8,32
"3094","1570力肯","110/07/15","永豐金-中正",0,10,-10
"3095","1570力肯","110/07/15","凱基-台北",20,2,18
"3096","1570力肯","110/07/15","國泰-松江",0,9,-9
"3097","1570力肯","110/07/15","凱基-天母",6,0,6
"3098","1570力肯","110/07/15","台新證券",0,8,-8
"3099","1570力肯","110/07/15","元富-新店",5,0,5
"3100","1570力肯","110/07/15","玉山證券",0,7,-7
"3101","1570力肯","110/07/15","凱基-中港",5,0,5
"3102","1570力肯","110/07/15","元大-府城",0,7,-7
"3103","1570力肯","110/07/15","富邦-園區",5,0,5
"3104","1570力肯","110/07/15","元大-板橋",0,6,-6
"3105","1570力肯","110/07/15","瑞士信貸",4,0,4
"3106","1570力肯","110/07/15","日盛-信義",0,5,-5
"3107","1570力肯","110/07/15","第一金-路竹",3,0,3
"3108","1570力肯","110/07/15","國票-和平",0,5,-5
"3109","1570力肯","110/07/15","摩根大通",3,0,3
"3110","1570力肯","110/07/15","元大-民雄",0,5,-5
"3111","1570力肯","110/07/15","凱基-桃園",3,0,3
"3112","1570力肯","110/07/15","統一-台中",0,4,-4
"3113","1570力肯","110/07/15","永豐金-苓雅",3,0,3
"3114","1570力肯","110/07/15","玉山-雙和",0,4,-4
"3115","1570力肯","110/07/15","統一-員林",2,0,2
"3116","1570力肯","110/07/15","凱基-敦北",0,4,-4
"3117","1570力肯","110/07/15","元大-永春",2,0,2
"3118","1570力肯","110/07/15","富邦-新店",0,4,-4
"3119","1570力肯","110/07/15","元大-土城永寧",2,0,2
"3120","1570力肯","110/07/15","日盛-板橋",0,3,-3
"3121","6180橘子","110/07/15","兆豐證券",130,0,130
"3122","6180橘子","110/07/15","港商野村",21,137,-116
"3123","6180橘子","110/07/15","摩根大通",111,0,111
"3124","6180橘子","110/07/15","高橋",0,40,-40
"3125","6180橘子","110/07/15","石橋證券",80,0,80
"3126","6180橘子","110/07/15","臺銀",1,40,-39
"3127","6180橘子","110/07/15","凱基-台北",78,26,52
"3128","6180橘子","110/07/15","玉山-桃園",0,35,-35
"3129","6180橘子","110/07/15","新加坡商瑞銀",38,1,37
"3130","6180橘子","110/07/15","玉山-台南",2,33,-31
"3131","6180橘子","110/07/15","富邦-員林",32,0,32
"3132","6180橘子","110/07/15","統一-南京",0,30,-30
"3133","6180橘子","110/07/15","日盛-文化",23,0,23
"3134","6180橘子","110/07/15","康和-台南",0,25,-25
"3135","6180橘子","110/07/15","元富-新店",20,0,20
"3136","6180橘子","110/07/15","大昌-樹林",0,22,-22
"3137","6180橘子","110/07/15","美林",15,0,15
"3138","6180橘子","110/07/15","康和-新竹",0,20,-20
"3139","6180橘子","110/07/15","新光-新竹",17,2,15
"3140","6180橘子","110/07/15","群益金鼎-台中",0,20,-20
"3141","6180橘子","110/07/15","富邦-嘉義",12,0,12
"3142","6180橘子","110/07/15","元大-彰化民生",0,18,-18
"3143","6180橘子","110/07/15","花旗環球",11,0,11
"3144","6180橘子","110/07/15","元大-草屯",0,16,-16
"3145","6180橘子","110/07/15","第一金-新興",11,0,11
"3146","6180橘子","110/07/15","元富-潮州",0,13,-13
"3147","6180橘子","110/07/15","第一金-桃園",10,0,10
"3148","6180橘子","110/07/15","宏遠-台南",0,11,-11
"3149","6180橘子","110/07/15","永興",10,0,10
"3150","6180橘子","110/07/15","大慶-泰山",0,10,-10
"3151","2390云辰","110/07/15","凱基",5007,0,5007
"3152","2390云辰","110/07/15","凱基-台北",382,616,-234
"3153","2390云辰","110/07/15","元大證券",1006,25,981
"3154","2390云辰","110/07/15","富邦-陽明",69,265,-196
"3155","2390云辰","110/07/15","元大-天母",456,20,436
"3156","2390云辰","110/07/15","永豐金-桃園",63,255,-192
"3157","2390云辰","110/07/15","港商野村",975,675,300
"3158","2390云辰","110/07/15","富邦-仁愛",17,187,-170
"3159","2390云辰","110/07/15","摩根大通",1318,1040,278
"3160","2390云辰","110/07/15","日盛-和美",2,165,-163
"3161","2390云辰","110/07/15","國票-博愛",184,7,177
"3162","2390云辰","110/07/15","國泰-敦南",142,290,-148
"3163","2390云辰","110/07/15","群益金鼎-大甲",113,13,100
"3164","2390云辰","110/07/15","台灣摩根士丹利",51,197,-146
"3165","2390云辰","110/07/15","凱基-大直",89,2,87
"3166","2390云辰","110/07/15","國票-嘉義",4,148,-144
"3167","2390云辰","110/07/15","玉山-台中",77,8,69
"3168","2390云辰","110/07/15","台中銀",8,139,-131
"3169","2390云辰","110/07/15","聯邦商銀",70,4,66
"3170","2390云辰","110/07/15","元大-彰化民生",7,138,-131
"3171","2390云辰","110/07/15","元大-大里",88,25,63
"3172","2390云辰","110/07/15","元富-成功",2,111,-109
"3173","2390云辰","110/07/15","富邦-嘉義",542,480,62
"3174","2390云辰","110/07/15","元大-東泰",3,106,-103
"3175","2390云辰","110/07/15","新加坡商瑞銀",158,97,61
"3176","2390云辰","110/07/15","合庫-三重",1,102,-101
"3177","2390云辰","110/07/15","華南永昌-台中",86,35,51
"3178","2390云辰","110/07/15","元富-大裕",4,87,-83
"3179","2390云辰","110/07/15","群益金鼎",51,6,45
"3180","2390云辰","110/07/15","凱基-和平",17,96,-79
"3181","2363矽統","110/07/14","台灣摩根士丹利",463,0,463
"3182","2363矽統","110/07/14","新加坡商瑞銀",568,1321,-753
"3183","2363矽統","110/07/14","台新證券",750,342,408
"3184","2363矽統","110/07/14","瑞士信貸",149,864,-715
"3185","2363矽統","110/07/14","玉山-台中",363,51,312
"3186","2363矽統","110/07/14","台新-屏東",115,380,-265
"3187","2363矽統","110/07/14","元大-斗六",223,25,198
"3188","2363矽統","110/07/14","永豐金證券",16,265,-249
"3189","2363矽統","110/07/14","華南永昌-朴子",208,38,170
"3190","2363矽統","110/07/14","美林",462,701,-239
"3191","2363矽統","110/07/14","元富-西松",169,12,157
"3192","2363矽統","110/07/14","宏遠-桃園",269,500,-231
"3193","2363矽統","110/07/14","永豐金-大園",146,6,140
"3194","2363矽統","110/07/14","凱基-竹北",36,254,-218
"3195","2363矽統","110/07/14","土銀-和平",134,0,134
"3196","2363矽統","110/07/14","港商法國興業",0,214,-214
"3197","2363矽統","110/07/14","富邦-新營",130,13,117
"3198","2363矽統","110/07/14","港商野村",835,1044,-209
"3199","2363矽統","110/07/14","元富-成功",118,11,107
"3200","2363矽統","110/07/14","北城證券",212,411,-199
"3201","2363矽統","110/07/14","元富-烏日",121,18,103
"3202","2363矽統","110/07/14","(牛牛牛)亞-鑫豐",51,241,-190
"3203","2363矽統","110/07/14","日盛-二林",120,18,102
"3204","2363矽統","110/07/14","國票-博愛",24,213,-189
"3205","2363矽統","110/07/14","兆豐-忠孝",98,2,96
"3206","2363矽統","110/07/14","大慶-蘆洲",134,316,-182
"3207","2363矽統","110/07/14","大慶-楊梅",92,3,89
"3208","2363矽統","110/07/14","彰銀-台中",15,193,-178
"3209","2363矽統","110/07/14","元富-三重",120,33,87
"3210","2363矽統","110/07/14","日盛-和美",18,185,-167
"3211","8112至上","110/07/14","新加坡商瑞銀",223,17,206
"3212","8112至上","110/07/14","瑞士信貸",8,170,-162
"3213","8112至上","110/07/14","摩根大通",285,129,156
"3214","8112至上","110/07/14","美林",55,202,-147
"3215","8112至上","110/07/14","花旗環球",124,0,124
"3216","8112至上","110/07/14","凱基-台北",325,436,-111
"3217","8112至上","110/07/14","兆豐-公益",117,4,113
"3218","8112至上","110/07/14","台中銀-台北",0,98,-98
"3219","8112至上","110/07/14","香港上海匯豐",111,0,111
"3220","8112至上","110/07/14","玉山-台大",17,107,-90
"3221","8112至上","110/07/14","永豐金-內湖",117,21,96
"3222","8112至上","110/07/14","康和-內湖",1,90,-89
"3223","8112至上","110/07/14","台灣摩根士丹利",108,16,92
"3224","8112至上","110/07/14","港商野村",21,84,-63
"3225","8112至上","110/07/14","元大-東蘆",77,0,77
"3226","8112至上","110/07/14","兆豐-北高雄",1,60,-59
"3227","8112至上","110/07/14","新光",108,48,60
"3228","8112至上","110/07/14","群益金鼎-海山",1,52,-51
"3229","8112至上","110/07/14","大慶-蘆洲",59,0,59
"3230","8112至上","110/07/14","群益金鼎-大安",0,50,-50
"3231","8112至上","110/07/14","華南永昌-台中",56,3,53
"3232","8112至上","110/07/14","富邦-仁愛",2,49,-47
"3233","8112至上","110/07/14","土銀-嘉義",52,2,50
"3234","8112至上","110/07/14","元大-金華",0,42,-42
"3235","8112至上","110/07/14","美商高盛",40,0,40
"3236","8112至上","110/07/14","元大-內湖",4,43,-39
"3237","8112至上","110/07/14","臺銀",63,29,34
"3238","8112至上","110/07/14","第一金-華江",2,37,-35
"3239","8112至上","110/07/14","元富-嘉義",31,0,31
"3240","8112至上","110/07/14","永豐金-苓雅",2,34,-32
"3241","1570力肯","110/07/14","國票-北高雄",68,0,68
"3242","1570力肯","110/07/14","摩根大通",0,21,-21
"3243","1570力肯","110/07/14","日盛-八德",30,1,29
"3244","1570力肯","110/07/14","新光",1,19,-18
"3245","1570力肯","110/07/14","玉山-高雄",7,0,7
"3246","1570力肯","110/07/14","(牛牛牛)亞-鑫豐",0,17,-17
"3247","1570力肯","110/07/14","臺銀-臺南",5,0,5
"3248","1570力肯","110/07/14","日盛-士林",0,10,-10
"3249","1570力肯","110/07/14","凱基-三峽",5,0,5
"3250","1570力肯","110/07/14","統一-員林",0,10,-10
"3251","1570力肯","110/07/14","元大-和平",5,0,5
"3252","1570力肯","110/07/14","國票-新莊",0,10,-10
"3253","1570力肯","110/07/14","合庫-三重",4,0,4
"3254","1570力肯","110/07/14","凱基-高美館",0,10,-10
"3255","1570力肯","110/07/14","瑞士信貸",4,0,4
"3256","1570力肯","110/07/14","元大-屏東民生",0,5,-5
"3257","1570力肯","110/07/14","統一-三多",4,0,4
"3258","1570力肯","110/07/14","元大-古亭",0,5,-5
"3259","1570力肯","110/07/14","華南永昌-古亭",4,0,4
"3260","1570力肯","110/07/14","日盛-木柵",0,4,-4
"3261","1570力肯","110/07/14","元大-高雄",3,0,3
"3262","1570力肯","110/07/14","大昌",0,4,-4
"3263","1570力肯","110/07/14","兆豐-忠孝",2,0,2
"3264","1570力肯","110/07/14","群益金鼎-東大",0,4,-4
"3265","1570力肯","110/07/14","富邦-陽明",2,0,2
"3266","1570力肯","110/07/14","凱基-台北",0,4,-4
"3267","1570力肯","110/07/14","元大-松山",2,0,2
"3268","1570力肯","110/07/14","元大-板橋",0,4,-4
"3269","1570力肯","110/07/14","元大-忠孝",2,0,2
"3270","1570力肯","110/07/14","第一金-中山",0,3,-3
"3271","2929淘帝","110/07/14","華南永昌-林口",60,0,60
"3272","2929淘帝","110/07/14","群益金鼎",25,540,-515
"3273","2929淘帝","110/07/14","美林",87,31,56
"3274","2929淘帝","110/07/14","國泰-台南",1,30,-29
"3275","2929淘帝","110/07/14","元富-台南",40,0,40
"3276","2929淘帝","110/07/14","宏遠-桃園",0,20,-20
"3277","2929淘帝","110/07/14","元大-民生",39,0,39
"3278","2929淘帝","110/07/14","摩根大通",11,31,-20
"3279","2929淘帝","110/07/14","臺銀-鳳山",34,0,34
"3280","2929淘帝","110/07/14","台新-建北",5,20,-15
"3281","2929淘帝","110/07/14","合庫-高雄",34,1,33
"3282","2929淘帝","110/07/14","新光",1,16,-15
"3283","2929淘帝","110/07/14","華南永昌-鶯歌",28,0,28
"3284","2929淘帝","110/07/14","玉山-板橋",0,15,-15
"3285","2929淘帝","110/07/14","永興",25,0,25
"3286","2929淘帝","110/07/14","凱基-羅東",0,15,-15
"3287","2929淘帝","110/07/14","元大-新盛",25,1,24
"3288","2929淘帝","110/07/14","元大-頭份",0,15,-15
"3289","2929淘帝","110/07/14","日盛-南京",23,0,23
"3290","2929淘帝","110/07/14","第一金-台南",0,13,-13
"3291","2929淘帝","110/07/14","日茂",20,0,20
"3292","2929淘帝","110/07/14","富邦-基隆",0,12,-12
"3293","2929淘帝","110/07/14","台新-台中",20,0,20
"3294","2929淘帝","110/07/14","日茂-南投",1,12,-11
"3295","2929淘帝","110/07/14","華南永昌",20,0,20
"3296","2929淘帝","110/07/14","元大-豐原站前",0,11,-11
"3297","2929淘帝","110/07/14","福勝",15,0,15
"3298","2929淘帝","110/07/14","玉山-士林",0,10,-10
"3299","2929淘帝","110/07/14","富邦-南屯",15,0,15
"3300","2929淘帝","110/07/14","富邦-台北",0,10,-10
"3301","5410國眾","110/07/14","兆豐-城中",35,0,35
"3302","5410國眾","110/07/14","瑞士信貸",0,29,-29
"3303","5410國眾","110/07/14","新光",21,1,20
"3304","5410國眾","110/07/14","國泰-板橋",1,30,-29
"3305","5410國眾","110/07/14","國泰-敦南",21,1,20
"3306","5410國眾","110/07/14","日盛-高雄",0,20,-20
"3307","5410國眾","110/07/14","國泰-台中",20,1,19
"3308","5410國眾","110/07/14","台新-左楠",1,20,-19
"3309","5410國眾","110/07/14","元大-崇德",19,0,19
"3310","5410國眾","110/07/14","元富-大昌",1,18,-17
"3311","5410國眾","110/07/14","土銀-士林",18,0,18
"3312","5410國眾","110/07/14","富邦-建國",0,15,-15
"3313","5410國眾","110/07/14","元大-新盛",20,2,18
"3314","5410國眾","110/07/14","元富-嘉義",0,12,-12
"3315","5410國眾","110/07/14","兆豐-高雄",15,0,15
"3316","5410國眾","110/07/14","永全-南崁",0,12,-12
"3317","5410國眾","110/07/14","宏遠-中和",10,0,10
"3318","5410國眾","110/07/14","元大-員林",0,11,-11
"3319","5410國眾","110/07/14","新光-桃園",10,0,10
"3320","5410國眾","110/07/14","高橋",0,10,-10
"3321","5410國眾","110/07/14","國泰-台南",10,0,10
"3322","5410國眾","110/07/14","永興",0,10,-10
"3323","5410國眾","110/07/14","元大-復北",10,0,10
"3324","5410國眾","110/07/14","華南永昌-三重",0,10,-10
"3325","5410國眾","110/07/14","元大-竹科",8,0,8
"3326","5410國眾","110/07/14","元大-苑裡",0,7,-7
"3327","5410國眾","110/07/14","台新-新營",6,0,6
"3328","5410國眾","110/07/14","港商野村",0,6,-6
"3329","5410國眾","110/07/14","日盛-士林",5,0,5
"3330","5410國眾","110/07/14","摩根大通",5,11,-6
"3331","2841台開","110/07/14","凱基-文心",73,0,73
"3332","2841台開","110/07/14","國泰-敦南",0,50,-50
"3333","2841台開","110/07/14","元富-潮州",30,0,30
"3334","2841台開","110/07/14","凱基-中壢",0,40,-40
"3335","2841台開","110/07/14","第一金-台中",20,0,20
"3336","2841台開","110/07/14","統一-新竹",0,24,-24
"3337","2841台開","110/07/14","華南永昌-新莊",20,0,20
"3338","2841台開","110/07/14","元富-草屯",0,20,-20
"3339","2841台開","110/07/14","永豐金-豐原",20,0,20
"3340","2841台開","110/07/14","台新-台南",0,20,-20
"3341","2841台開","110/07/14","國泰-館前",15,0,15
"3342","2841台開","110/07/14","永豐金-敦南",45,63,-18
"3343","2841台開","110/07/14","群益金鼎-基隆",12,0,12
"3344","2841台開","110/07/14","國票-北高雄",0,13,-13
"3345","2841台開","110/07/14","日盛-信義",10,0,10
"3346","2841台開","110/07/14","凱基-松山",0,10,-10
"3347","2841台開","110/07/14","台新-台中",10,0,10
"3348","2841台開","110/07/14","元大證券",0,10,-10
"3349","2841台開","110/07/14","新光",10,1,9
"3350","2841台開","110/07/14","元大-中壢",0,10,-10
"3351","2841台開","110/07/14","凱基-新店",8,0,8
"3352","2841台開","110/07/14","富邦-陽明",1,10,-9
"3353","2841台開","110/07/14","元大-斗信",7,0,7
"3354","2841台開","110/07/14","富邦-建國",0,9,-9
"3355","2841台開","110/07/14","元大-三重",6,0,6
"3356","2841台開","110/07/14","富邦-台南",0,8,-8
"3357","2841台開","110/07/14","永豐金-中和",6,0,6
"3358","2841台開","110/07/14","康和-澎湖",0,7,-7
"3359","2841台開","110/07/14","元富-成功",5,0,5
"3360","2841台開","110/07/14","日盛-斗六",0,6,-6
"3361","6207雷科","110/07/14","群益金鼎-台北",60,0,60
"3362","6207雷科","110/07/14","新加坡商瑞銀",10,56,-46
"3363","6207雷科","110/07/14","台新-高雄",43,3,40
"3364","6207雷科","110/07/14","國票-中和",0,41,-41
"3365","6207雷科","110/07/14","元大-高雄",19,0,19
"3366","6207雷科","110/07/14","元大-復北",0,33,-33
"3367","6207雷科","110/07/14","福勝",15,0,15
"3368","6207雷科","110/07/14","光和-和美",0,20,-20
"3369","6207雷科","110/07/14","群益金鼎-中山",15,0,15
"3370","6207雷科","110/07/14","群益金鼎-丹鳳",0,20,-20
"3371","6207雷科","110/07/14","元大-林園",15,0,15
"3372","6207雷科","110/07/14","第一金-路竹",0,10,-10
"3373","6207雷科","110/07/14","新光",12,0,12
"3374","6207雷科","110/07/14","元大-歸仁",0,10,-10
"3375","6207雷科","110/07/14","元大-大天母",10,0,10
"3376","6207雷科","110/07/14","宏遠-館前",0,9,-9
"3377","6207雷科","110/07/14","永豐金-忠孝",9,0,9
"3378","6207雷科","110/07/14","凱基-台北",12,20,-8
"3379","6207雷科","110/07/14","永豐金-新店",7,0,7
"3380","6207雷科","110/07/14","美林",0,7,-7
"3381","6207雷科","110/07/14","玉山-嘉義",6,0,6
"3382","6207雷科","110/07/14","摩根大通",16,23,-7
"3383","6207雷科","110/07/14","元大-屏東",6,0,6
"3384","6207雷科","110/07/14","凱基-高雄",1,7,-6
"3385","6207雷科","110/07/14","凱基-大安",5,0,5
"3386","6207雷科","110/07/14","台中銀-豐原",0,5,-5
"3387","6207雷科","110/07/14","富邦-台南",5,0,5
"3388","6207雷科","110/07/14","元大-新竹經國",0,5,-5
"3389","6207雷科","110/07/14","元大-成功",5,0,5
"3390","6207雷科","110/07/14","光和-田中",0,4,-4
"3391","3679新至陞","110/07/14","凱基-台北",31,6,25
"3392","3679新至陞","110/07/14","群益金鼎-東大",0,15,-15
"3393","3679新至陞","110/07/14","華南永昌-新莊",10,0,10
"3394","3679新至陞","110/07/14","瑞士信貸",0,12,-12
"3395","3679新至陞","110/07/14","新加坡商瑞銀",11,3,8
"3396","3679新至陞","110/07/14","群益金鼎-永和",0,10,-10
"3397","3679新至陞","110/07/14","美商高盛",6,0,6
"3398","3679新至陞","110/07/14","元大-成功",5,15,-10
"3399","3679新至陞","110/07/14","第一金-中壢",6,0,6
"3400","3679新至陞","110/07/14","統一-板橋",1,10,-9
"3401","3679新至陞","110/07/14","(牛牛牛)亞-網路",4,0,4
"3402","3679新至陞","110/07/14","玉山-左營",0,5,-5
"3403","3679新至陞","110/07/14","元大-六合",3,0,3
"3404","3679新至陞","110/07/14","群益金鼎-三民",0,4,-4
"3405","3679新至陞","110/07/14","合庫-自強",2,0,2
"3406","3679新至陞","110/07/14","富邦-宜蘭",0,4,-4
"3407","3679新至陞","110/07/14","高橋-內壢",2,0,2
"3408","3679新至陞","110/07/14","永豐金-苓雅",0,3,-3
"3409","3679新至陞","110/07/14","台中銀-員林",2,0,2
"3410","3679新至陞","110/07/14","摩根大通",5,7,-2
"3411","3679新至陞","110/07/14","凱基-高美館",2,0,2
"3412","3679新至陞","110/07/14","元大-板橋三民",0,2,-2
"3413","3679新至陞","110/07/14","元大-福營",2,0,2
"3414","3679新至陞","110/07/14","宏遠-中和",0,1,-1
"3415","3679新至陞","110/07/14","永豐金-松山",2,0,2
"3416","3679新至陞","110/07/14","元富-佳里",0,1,-1
"3417","3679新至陞","110/07/14","永豐金-萬盛",2,0,2
"3418","3679新至陞","110/07/14","(牛牛牛)亞-鑫豐",0,1,-1
"3419","3679新至陞","110/07/14","元富-松德",1,0,1
"3420","3679新至陞","110/07/14","中國信託-中壢",0,1,-1
"3421","2727王品","110/07/14","富邦-左營",102,1,101
"3422","2727王品","110/07/14","統一-城中",100,234,-134
"3423","2727王品","110/07/14","國泰-板橋",105,11,94
"3424","2727王品","110/07/14","富邦-台北",1,125,-124
"3425","2727王品","110/07/14","港商野村",149,72,77
"3426","2727王品","110/07/14","台灣摩根士丹利",1,48,-47
"3427","2727王品","110/07/14","合庫-台中",66,2,64
"3428","2727王品","110/07/14","國票-新莊",0,40,-40
"3429","2727王品","110/07/14","臺銀-金山",63,8,55
"3430","2727王品","110/07/14","永豐金-忠孝",2,39,-37
"3431","2727王品","110/07/14","摩根大通",83,39,44
"3432","2727王品","110/07/14","富邦-彰化",1,34,-33
"3433","2727王品","110/07/14","凱基-台北",84,42,42
"3434","2727王品","110/07/14","康和-高雄",0,30,-30
"3435","2727王品","110/07/14","土銀-台中",35,1,34
"3436","2727王品","110/07/14","安泰",0,26,-26
"3437","2727王品","110/07/14","華南永昌-麻豆",32,1,31
"3438","2727王品","110/07/14","富邦-新竹華信",0,21,-21
"3439","2727王品","110/07/14","元大證券",85,55,30
"3440","2727王品","110/07/14","元大-南崁",1,22,-21
"3441","2727王品","110/07/14","新加坡商瑞銀",40,15,25
"3442","2727王品","110/07/14","彰銀-台中",0,18,-18
"3443","2727王品","110/07/14","日盛-八德",19,0,19
"3444","2727王品","110/07/14","元富-同大",2,20,-18
"3445","2727王品","110/07/14","統一",35,17,18
"3446","2727王品","110/07/14","玉山-嘉義",1,17,-16
"3447","2727王品","110/07/14","元富-大昌",18,1,17
"3448","2727王品","110/07/14","國泰-館前",4,20,-16
"3449","2727王品","110/07/14","玉山-板橋",15,1,14
"3450","2727王品","110/07/14","第一金-嘉義",1,13,-12
"3451","1570力肯","110/07/14","國票-北高雄",68,0,68
"3452","1570力肯","110/07/14","摩根大通",0,21,-21
"3453","1570力肯","110/07/14","日盛-八德",30,1,29
"3454","1570力肯","110/07/14","新光",1,19,-18
"3455","1570力肯","110/07/14","玉山-高雄",7,0,7
"3456","1570力肯","110/07/14","(牛牛牛)亞-鑫豐",0,17,-17
"3457","1570力肯","110/07/14","臺銀-臺南",5,0,5
"3458","1570力肯","110/07/14","日盛-士林",0,10,-10
"3459","1570力肯","110/07/14","凱基-三峽",5,0,5
"3460","1570力肯","110/07/14","統一-員林",0,10,-10
"3461","1570力肯","110/07/14","元大-和平",5,0,5
"3462","1570力肯","110/07/14","國票-新莊",0,10,-10
"3463","1570力肯","110/07/14","合庫-三重",4,0,4
"3464","1570力肯","110/07/14","凱基-高美館",0,10,-10
"3465","1570力肯","110/07/14","瑞士信貸",4,0,4
"3466","1570力肯","110/07/14","元大-屏東民生",0,5,-5
"3467","1570力肯","110/07/14","統一-三多",4,0,4
"3468","1570力肯","110/07/14","元大-古亭",0,5,-5
"3469","1570力肯","110/07/14","華南永昌-古亭",4,0,4
"3470","1570力肯","110/07/14","日盛-木柵",0,4,-4
"3471","1570力肯","110/07/14","元大-高雄",3,0,3
"3472","1570力肯","110/07/14","大昌",0,4,-4
"3473","1570力肯","110/07/14","兆豐-忠孝",2,0,2
"3474","1570力肯","110/07/14","群益金鼎-東大",0,4,-4
"3475","1570力肯","110/07/14","富邦-陽明",2,0,2
"3476","1570力肯","110/07/14","凱基-台北",0,4,-4
"3477","1570力肯","110/07/14","元大-松山",2,0,2
"3478","1570力肯","110/07/14","元大-板橋",0,4,-4
"3479","1570力肯","110/07/14","元大-忠孝",2,0,2
"3480","1570力肯","110/07/14","第一金-中山",0,3,-3
"3481","6180橘子","110/07/14","新加坡商瑞銀",84,28,56
"3482","6180橘子","110/07/14","凱基-台北",4,37,-33
"3483","6180橘子","110/07/14","日盛-信義",29,1,28
"3484","6180橘子","110/07/14","玉山-台南",1,22,-21
"3485","6180橘子","110/07/14","豐農",28,4,24
"3486","6180橘子","110/07/14","日盛-新竹",1,21,-20
"3487","6180橘子","110/07/14","新光-新竹",24,1,23
"3488","6180橘子","110/07/14","元富-潮州",0,19,-19
"3489","6180橘子","110/07/14","華南永昌-高雄",20,0,20
"3490","6180橘子","110/07/14","元大-信義",0,17,-17
"3491","6180橘子","110/07/14","元大-羅東",20,0,20
"3492","6180橘子","110/07/14","台灣企銀-台中",1,16,-15
"3493","6180橘子","110/07/14","元大-台中中港",20,0,20
"3494","6180橘子","110/07/14","元大-北港",0,15,-15
"3495","6180橘子","110/07/14","富邦-嘉義",24,5,19
"3496","6180橘子","110/07/14","富邦-高雄",0,14,-14
"3497","6180橘子","110/07/14","富邦-仁愛",15,0,15
"3498","6180橘子","110/07/14","兆豐-埔墘",0,13,-13
"3499","6180橘子","110/07/14","國票-九鼎",13,0,13
"3500","6180橘子","110/07/14","第一金-中山",0,10,-10
"3501","6180橘子","110/07/14","日盛-木柵",12,0,12
"3502","6180橘子","110/07/14","元大-彰化民生",0,10,-10
"3503","6180橘子","110/07/14","元大-成功",10,0,10
"3504","6180橘子","110/07/14","福勝",1,10,-9
"3505","6180橘子","110/07/14","港商野村",10,2,8
"3506","6180橘子","110/07/14","群益金鼎-丹鳳",1,10,-9
"3507","6180橘子","110/07/14","玉山-左營",8,0,8
"3508","6180橘子","110/07/14","群益金鼎-板橋",0,8,-8
"3509","6180橘子","110/07/14","富邦-陽明",16,8,8
"3510","6180橘子","110/07/14","合庫-鳳山",0,7,-7
"3511","2390云辰","110/07/14","摩根大通",995,198,797
"3512","2390云辰","110/07/14","新加坡商瑞銀",28,399,-371
"3513","2390云辰","110/07/14","美林",383,22,361
"3514","2390云辰","110/07/14","凱基-新豐",3,198,-195
"3515","2390云辰","110/07/14","台灣摩根士丹利",684,358,326
"3516","2390云辰","110/07/14","元大-士林",1,152,-151
"3517","2390云辰","110/07/14","凱基-台北",656,402,254
"3518","2390云辰","110/07/14","元大-竹山",80,181,-101
"3519","2390云辰","110/07/14","日盛-和美",110,5,105
"3520","2390云辰","110/07/14","群益金鼎-開元",19,95,-76
"3521","2390云辰","110/07/14","元大-天母",72,0,72
"3522","2390云辰","110/07/14","新光",77,150,-73
"3523","2390云辰","110/07/14","永豐金-松山",57,0,57
"3524","2390云辰","110/07/14","元富-高雄",0,71,-71
"3525","2390云辰","110/07/14","統一-屏東",53,0,53
"3526","2390云辰","110/07/14","元大-土城學府",130,201,-71
"3527","2390云辰","110/07/14","港商野村",486,450,36
"3528","2390云辰","110/07/14","元大-善化",12,76,-64
"3529","2390云辰","110/07/14","致和-崇德",30,0,30
"3530","2390云辰","110/07/14","華南永昌-岡山",23,81,-58
"3531","2390云辰","110/07/14","富邦-台北",40,14,26
"3532","2390云辰","110/07/14","群益金鼎-大興",82,125,-43
"3533","2390云辰","110/07/14","台新-高雄",38,13,25
"3534","2390云辰","110/07/14","大慶-中壢",0,41,-41
"3535","2390云辰","110/07/14","富邦-板橋",32,7,25
"3536","2390云辰","110/07/14","玉山-板橋",6,47,-41
"3537","2390云辰","110/07/14","陽信-石牌",24,0,24
"3538","2390云辰","110/07/14","富邦-台東",2,42,-40
"3539","2390云辰","110/07/14","凱基-屏東",32,8,24
"3540","2390云辰","110/07/14","元大-新營",3,42,-39
"3541","2363矽統","110/07/14","台灣摩根士丹利",463,0,463
"3542","2363矽統","110/07/14","新加坡商瑞銀",568,1321,-753
"3543","2363矽統","110/07/14","台新證券",750,342,408
"3544","2363矽統","110/07/14","瑞士信貸",149,864,-715
"3545","2363矽統","110/07/14","玉山-台中",363,51,312
"3546","2363矽統","110/07/14","台新-屏東",115,380,-265
"3547","2363矽統","110/07/14","元大-斗六",223,25,198
"3548","2363矽統","110/07/14","永豐金證券",16,265,-249
"3549","2363矽統","110/07/14","華南永昌-朴子",208,38,170
"3550","2363矽統","110/07/14","美林",462,701,-239
"3551","2363矽統","110/07/14","元富-西松",169,12,157
"3552","2363矽統","110/07/14","宏遠-桃園",269,500,-231
"3553","2363矽統","110/07/14","永豐金-大園",146,6,140
"3554","2363矽統","110/07/14","凱基-竹北",36,254,-218
"3555","2363矽統","110/07/14","土銀-和平",134,0,134
"3556","2363矽統","110/07/14","港商法國興業",0,214,-214
"3557","2363矽統","110/07/14","富邦-新營",130,13,117
"3558","2363矽統","110/07/14","港商野村",835,1044,-209
"3559","2363矽統","110/07/14","元富-成功",118,11,107
"3560","2363矽統","110/07/14","北城證券",212,411,-199
"3561","2363矽統","110/07/14","元富-烏日",121,18,103
"3562","2363矽統","110/07/14","(牛牛牛)亞-鑫豐",51,241,-190
"3563","2363矽統","110/07/14","日盛-二林",120,18,102
"3564","2363矽統","110/07/14","國票-博愛",24,213,-189
"3565","2363矽統","110/07/14","兆豐-忠孝",98,2,96
"3566","2363矽統","110/07/14","大慶-蘆洲",134,316,-182
"3567","2363矽統","110/07/14","大慶-楊梅",92,3,89
"3568","2363矽統","110/07/14","彰銀-台中",15,193,-178
"3569","2363矽統","110/07/14","元富-三重",120,33,87
"3570","2363矽統","110/07/14","日盛-和美",18,185,-167
"3571","8112至上","110/07/14","新加坡商瑞銀",223,17,206
"3572","8112至上","110/07/14","瑞士信貸",8,170,-162
"3573","8112至上","110/07/14","摩根大通",285,129,156
"3574","8112至上","110/07/14","美林",55,202,-147
"3575","8112至上","110/07/14","花旗環球",124,0,124
"3576","8112至上","110/07/14","凱基-台北",325,436,-111
"3577","8112至上","110/07/14","兆豐-公益",117,4,113
"3578","8112至上","110/07/14","台中銀-台北",0,98,-98
"3579","8112至上","110/07/14","香港上海匯豐",111,0,111
"3580","8112至上","110/07/14","玉山-台大",17,107,-90
"3581","8112至上","110/07/14","永豐金-內湖",117,21,96
"3582","8112至上","110/07/14","康和-內湖",1,90,-89
"3583","8112至上","110/07/14","台灣摩根士丹利",108,16,92
"3584","8112至上","110/07/14","港商野村",21,84,-63
"3585","8112至上","110/07/14","元大-東蘆",77,0,77
"3586","8112至上","110/07/14","兆豐-北高雄",1,60,-59
"3587","8112至上","110/07/14","新光",108,48,60
"3588","8112至上","110/07/14","群益金鼎-海山",1,52,-51
"3589","8112至上","110/07/14","大慶-蘆洲",59,0,59
"3590","8112至上","110/07/14","群益金鼎-大安",0,50,-50
"3591","8112至上","110/07/14","華南永昌-台中",56,3,53
"3592","8112至上","110/07/14","富邦-仁愛",2,49,-47
"3593","8112至上","110/07/14","土銀-嘉義",52,2,50
"3594","8112至上","110/07/14","元大-金華",0,42,-42
"3595","8112至上","110/07/14","美商高盛",40,0,40
"3596","8112至上","110/07/14","元大-內湖",4,43,-39
"3597","8112至上","110/07/14","臺銀",63,29,34
"3598","8112至上","110/07/14","第一金-華江",2,37,-35
"3599","8112至上","110/07/14","元富-嘉義",31,0,31
"3600","8112至上","110/07/14","永豐金-苓雅",2,34,-32
"3601","1570力肯","110/07/14","國票-北高雄",68,0,68
"3602","1570力肯","110/07/14","摩根大通",0,21,-21
"3603","1570力肯","110/07/14","日盛-八德",30,1,29
"3604","1570力肯","110/07/14","新光",1,19,-18
"3605","1570力肯","110/07/14","玉山-高雄",7,0,7
"3606","1570力肯","110/07/14","(牛牛牛)亞-鑫豐",0,17,-17
"3607","1570力肯","110/07/14","臺銀-臺南",5,0,5
"3608","1570力肯","110/07/14","日盛-士林",0,10,-10
"3609","1570力肯","110/07/14","凱基-三峽",5,0,5
"3610","1570力肯","110/07/14","統一-員林",0,10,-10
"3611","1570力肯","110/07/14","元大-和平",5,0,5
"3612","1570力肯","110/07/14","國票-新莊",0,10,-10
"3613","1570力肯","110/07/14","合庫-三重",4,0,4
"3614","1570力肯","110/07/14","凱基-高美館",0,10,-10
"3615","1570力肯","110/07/14","瑞士信貸",4,0,4
"3616","1570力肯","110/07/14","元大-屏東民生",0,5,-5
"3617","1570力肯","110/07/14","統一-三多",4,0,4
"3618","1570力肯","110/07/14","元大-古亭",0,5,-5
"3619","1570力肯","110/07/14","華南永昌-古亭",4,0,4
"3620","1570力肯","110/07/14","日盛-木柵",0,4,-4
"3621","1570力肯","110/07/14","元大-高雄",3,0,3
"3622","1570力肯","110/07/14","大昌",0,4,-4
"3623","1570力肯","110/07/14","兆豐-忠孝",2,0,2
"3624","1570力肯","110/07/14","群益金鼎-東大",0,4,-4
"3625","1570力肯","110/07/14","富邦-陽明",2,0,2
"3626","1570力肯","110/07/14","凱基-台北",0,4,-4
"3627","1570力肯","110/07/14","元大-松山",2,0,2
"3628","1570力肯","110/07/14","元大-板橋",0,4,-4
"3629","1570力肯","110/07/14","元大-忠孝",2,0,2
"3630","1570力肯","110/07/14","第一金-中山",0,3,-3
"3631","2929淘帝","110/07/14","華南永昌-林口",60,0,60
"3632","2929淘帝","110/07/14","群益金鼎",25,540,-515
"3633","2929淘帝","110/07/14","美林",87,31,56
"3634","2929淘帝","110/07/14","國泰-台南",1,30,-29
"3635","2929淘帝","110/07/14","元富-台南",40,0,40
"3636","2929淘帝","110/07/14","宏遠-桃園",0,20,-20
"3637","2929淘帝","110/07/14","元大-民生",39,0,39
"3638","2929淘帝","110/07/14","摩根大通",11,31,-20
"3639","2929淘帝","110/07/14","臺銀-鳳山",34,0,34
"3640","2929淘帝","110/07/14","台新-建北",5,20,-15
"3641","2929淘帝","110/07/14","合庫-高雄",34,1,33
"3642","2929淘帝","110/07/14","新光",1,16,-15
"3643","2929淘帝","110/07/14","華南永昌-鶯歌",28,0,28
"3644","2929淘帝","110/07/14","玉山-板橋",0,15,-15
"3645","2929淘帝","110/07/14","永興",25,0,25
"3646","2929淘帝","110/07/14","凱基-羅東",0,15,-15
"3647","2929淘帝","110/07/14","元大-新盛",25,1,24
"3648","2929淘帝","110/07/14","元大-頭份",0,15,-15
"3649","2929淘帝","110/07/14","日盛-南京",23,0,23
"3650","2929淘帝","110/07/14","第一金-台南",0,13,-13
"3651","2929淘帝","110/07/14","日茂",20,0,20
"3652","2929淘帝","110/07/14","富邦-基隆",0,12,-12
"3653","2929淘帝","110/07/14","台新-台中",20,0,20
"3654","2929淘帝","110/07/14","日茂-南投",1,12,-11
"3655","2929淘帝","110/07/14","華南永昌",20,0,20
"3656","2929淘帝","110/07/14","元大-豐原站前",0,11,-11
"3657","2929淘帝","110/07/14","福勝",15,0,15
"3658","2929淘帝","110/07/14","玉山-士林",0,10,-10
"3659","2929淘帝","110/07/14","富邦-南屯",15,0,15
"3660","2929淘帝","110/07/14","富邦-台北",0,10,-10
"3661","5410國眾","110/07/14","兆豐-城中",35,0,35
"3662","5410國眾","110/07/14","瑞士信貸",0,29,-29
"3663","5410國眾","110/07/14","新光",21,1,20
"3664","5410國眾","110/07/14","國泰-板橋",1,30,-29
"3665","5410國眾","110/07/14","國泰-敦南",21,1,20
"3666","5410國眾","110/07/14","日盛-高雄",0,20,-20
"3667","5410國眾","110/07/14","國泰-台中",20,1,19
"3668","5410國眾","110/07/14","台新-左楠",1,20,-19
"3669","5410國眾","110/07/14","元大-崇德",19,0,19
"3670","5410國眾","110/07/14","元富-大昌",1,18,-17
"3671","5410國眾","110/07/14","土銀-士林",18,0,18
"3672","5410國眾","110/07/14","富邦-建國",0,15,-15
"3673","5410國眾","110/07/14","元大-新盛",20,2,18
"3674","5410國眾","110/07/14","元富-嘉義",0,12,-12
"3675","5410國眾","110/07/14","兆豐-高雄",15,0,15
"3676","5410國眾","110/07/14","永全-南崁",0,12,-12
"3677","5410國眾","110/07/14","宏遠-中和",10,0,10
"3678","5410國眾","110/07/14","元大-員林",0,11,-11
"3679","5410國眾","110/07/14","新光-桃園",10,0,10
"3680","5410國眾","110/07/14","高橋",0,10,-10
"3681","5410國眾","110/07/14","國泰-台南",10,0,10
"3682","5410國眾","110/07/14","永興",0,10,-10
"3683","5410國眾","110/07/14","元大-復北",10,0,10
"3684","5410國眾","110/07/14","華南永昌-三重",0,10,-10
"3685","5410國眾","110/07/14","元大-竹科",8,0,8
"3686","5410國眾","110/07/14","元大-苑裡",0,7,-7
"3687","5410國眾","110/07/14","台新-新營",6,0,6
"3688","5410國眾","110/07/14","港商野村",0,6,-6
"3689","5410國眾","110/07/14","日盛-士林",5,0,5
"3690","5410國眾","110/07/14","摩根大通",5,11,-6
"3691","2841台開","110/07/14","凱基-文心",73,0,73
"3692","2841台開","110/07/14","國泰-敦南",0,50,-50
"3693","2841台開","110/07/14","元富-潮州",30,0,30
"3694","2841台開","110/07/14","凱基-中壢",0,40,-40
"3695","2841台開","110/07/14","第一金-台中",20,0,20
"3696","2841台開","110/07/14","統一-新竹",0,24,-24
"3697","2841台開","110/07/14","華南永昌-新莊",20,0,20
"3698","2841台開","110/07/14","元富-草屯",0,20,-20
"3699","2841台開","110/07/14","永豐金-豐原",20,0,20
"3700","2841台開","110/07/14","台新-台南",0,20,-20
"3701","2841台開","110/07/14","國泰-館前",15,0,15
"3702","2841台開","110/07/14","永豐金-敦南",45,63,-18
"3703","2841台開","110/07/14","群益金鼎-基隆",12,0,12
"3704","2841台開","110/07/14","國票-北高雄",0,13,-13
"3705","2841台開","110/07/14","日盛-信義",10,0,10
"3706","2841台開","110/07/14","凱基-松山",0,10,-10
"3707","2841台開","110/07/14","台新-台中",10,0,10
"3708","2841台開","110/07/14","元大證券",0,10,-10
"3709","2841台開","110/07/14","新光",10,1,9
"3710","2841台開","110/07/14","元大-中壢",0,10,-10
"3711","2841台開","110/07/14","凱基-新店",8,0,8
"3712","2841台開","110/07/14","富邦-陽明",1,10,-9
"3713","2841台開","110/07/14","元大-斗信",7,0,7
"3714","2841台開","110/07/14","富邦-建國",0,9,-9
"3715","2841台開","110/07/14","元大-三重",6,0,6
"3716","2841台開","110/07/14","富邦-台南",0,8,-8
"3717","2841台開","110/07/14","永豐金-中和",6,0,6
"3718","2841台開","110/07/14","康和-澎湖",0,7,-7
"3719","2841台開","110/07/14","元富-成功",5,0,5
"3720","2841台開","110/07/14","日盛-斗六",0,6,-6
"3721","6207雷科","110/07/14","群益金鼎-台北",60,0,60
"3722","6207雷科","110/07/14","新加坡商瑞銀",10,56,-46
"3723","6207雷科","110/07/14","台新-高雄",43,3,40
"3724","6207雷科","110/07/14","國票-中和",0,41,-41
"3725","6207雷科","110/07/14","元大-高雄",19,0,19
"3726","6207雷科","110/07/14","元大-復北",0,33,-33
"3727","6207雷科","110/07/14","福勝",15,0,15
"3728","6207雷科","110/07/14","光和-和美",0,20,-20
"3729","6207雷科","110/07/14","群益金鼎-中山",15,0,15
"3730","6207雷科","110/07/14","群益金鼎-丹鳳",0,20,-20
"3731","6207雷科","110/07/14","元大-林園",15,0,15
"3732","6207雷科","110/07/14","第一金-路竹",0,10,-10
"3733","6207雷科","110/07/14","新光",12,0,12
"3734","6207雷科","110/07/14","元大-歸仁",0,10,-10
"3735","6207雷科","110/07/14","元大-大天母",10,0,10
"3736","6207雷科","110/07/14","宏遠-館前",0,9,-9
"3737","6207雷科","110/07/14","永豐金-忠孝",9,0,9
"3738","6207雷科","110/07/14","凱基-台北",12,20,-8
"3739","6207雷科","110/07/14","永豐金-新店",7,0,7
"3740","6207雷科","110/07/14","美林",0,7,-7
"3741","6207雷科","110/07/14","玉山-嘉義",6,0,6
"3742","6207雷科","110/07/14","摩根大通",16,23,-7
"3743","6207雷科","110/07/14","元大-屏東",6,0,6
"3744","6207雷科","110/07/14","凱基-高雄",1,7,-6
"3745","6207雷科","110/07/14","凱基-大安",5,0,5
"3746","6207雷科","110/07/14","台中銀-豐原",0,5,-5
"3747","6207雷科","110/07/14","富邦-台南",5,0,5
"3748","6207雷科","110/07/14","元大-新竹經國",0,5,-5
"3749","6207雷科","110/07/14","元大-成功",5,0,5
"3750","6207雷科","110/07/14","光和-田中",0,4,-4
"3751","3679新至陞","110/07/14","凱基-台北",31,6,25
"3752","3679新至陞","110/07/14","群益金鼎-東大",0,15,-15
"3753","3679新至陞","110/07/14","華南永昌-新莊",10,0,10
"3754","3679新至陞","110/07/14","瑞士信貸",0,12,-12
"3755","3679新至陞","110/07/14","新加坡商瑞銀",11,3,8
"3756","3679新至陞","110/07/14","群益金鼎-永和",0,10,-10
"3757","3679新至陞","110/07/14","美商高盛",6,0,6
"3758","3679新至陞","110/07/14","元大-成功",5,15,-10
"3759","3679新至陞","110/07/14","第一金-中壢",6,0,6
"3760","3679新至陞","110/07/14","統一-板橋",1,10,-9
"3761","3679新至陞","110/07/14","(牛牛牛)亞-網路",4,0,4
"3762","3679新至陞","110/07/14","玉山-左營",0,5,-5
"3763","3679新至陞","110/07/14","元大-六合",3,0,3
"3764","3679新至陞","110/07/14","群益金鼎-三民",0,4,-4
"3765","3679新至陞","110/07/14","合庫-自強",2,0,2
"3766","3679新至陞","110/07/14","富邦-宜蘭",0,4,-4
"3767","3679新至陞","110/07/14","高橋-內壢",2,0,2
"3768","3679新至陞","110/07/14","永豐金-苓雅",0,3,-3
"3769","3679新至陞","110/07/14","台中銀-員林",2,0,2
"3770","3679新至陞","110/07/14","摩根大通",5,7,-2
"3771","3679新至陞","110/07/14","凱基-高美館",2,0,2
"3772","3679新至陞","110/07/14","元大-板橋三民",0,2,-2
"3773","3679新至陞","110/07/14","元大-福營",2,0,2
"3774","3679新至陞","110/07/14","宏遠-中和",0,1,-1
"3775","3679新至陞","110/07/14","永豐金-松山",2,0,2
"3776","3679新至陞","110/07/14","元富-佳里",0,1,-1
"3777","3679新至陞","110/07/14","永豐金-萬盛",2,0,2
"3778","3679新至陞","110/07/14","(牛牛牛)亞-鑫豐",0,1,-1
"3779","3679新至陞","110/07/14","元富-松德",1,0,1
"3780","3679新至陞","110/07/14","中國信託-中壢",0,1,-1
"3781","2727王品","110/07/14","富邦-左營",102,1,101
"3782","2727王品","110/07/14","統一-城中",100,234,-134
"3783","2727王品","110/07/14","國泰-板橋",105,11,94
"3784","2727王品","110/07/14","富邦-台北",1,125,-124
"3785","2727王品","110/07/14","港商野村",149,72,77
"3786","2727王品","110/07/14","台灣摩根士丹利",1,48,-47
"3787","2727王品","110/07/14","合庫-台中",66,2,64
"3788","2727王品","110/07/14","國票-新莊",0,40,-40
"3789","2727王品","110/07/14","臺銀-金山",63,8,55
"3790","2727王品","110/07/14","永豐金-忠孝",2,39,-37
"3791","2727王品","110/07/14","摩根大通",83,39,44
"3792","2727王品","110/07/14","富邦-彰化",1,34,-33
"3793","2727王品","110/07/14","凱基-台北",84,42,42
"3794","2727王品","110/07/14","康和-高雄",0,30,-30
"3795","2727王品","110/07/14","土銀-台中",35,1,34
"3796","2727王品","110/07/14","安泰",0,26,-26
"3797","2727王品","110/07/14","華南永昌-麻豆",32,1,31
"3798","2727王品","110/07/14","富邦-新竹華信",0,21,-21
"3799","2727王品","110/07/14","元大證券",85,55,30
"3800","2727王品","110/07/14","元大-南崁",1,22,-21
"3801","2727王品","110/07/14","新加坡商瑞銀",40,15,25
"3802","2727王品","110/07/14","彰銀-台中",0,18,-18
"3803","2727王品","110/07/14","日盛-八德",19,0,19
"3804","2727王品","110/07/14","元富-同大",2,20,-18
"3805","2727王品","110/07/14","統一",35,17,18
"3806","2727王品","110/07/14","玉山-嘉義",1,17,-16
"3807","2727王品","110/07/14","元富-大昌",18,1,17
"3808","2727王品","110/07/14","國泰-館前",4,20,-16
"3809","2727王品","110/07/14","玉山-板橋",15,1,14
"3810","2727王品","110/07/14","第一金-嘉義",1,13,-12
"3811","1570力肯","110/07/14","國票-北高雄",68,0,68
"3812","1570力肯","110/07/14","摩根大通",0,21,-21
"3813","1570力肯","110/07/14","日盛-八德",30,1,29
"3814","1570力肯","110/07/14","新光",1,19,-18
"3815","1570力肯","110/07/14","玉山-高雄",7,0,7
"3816","1570力肯","110/07/14","(牛牛牛)亞-鑫豐",0,17,-17
"3817","1570力肯","110/07/14","臺銀-臺南",5,0,5
"3818","1570力肯","110/07/14","日盛-士林",0,10,-10
"3819","1570力肯","110/07/14","凱基-三峽",5,0,5
"3820","1570力肯","110/07/14","統一-員林",0,10,-10
"3821","1570力肯","110/07/14","元大-和平",5,0,5
"3822","1570力肯","110/07/14","國票-新莊",0,10,-10
"3823","1570力肯","110/07/14","合庫-三重",4,0,4
"3824","1570力肯","110/07/14","凱基-高美館",0,10,-10
"3825","1570力肯","110/07/14","瑞士信貸",4,0,4
"3826","1570力肯","110/07/14","元大-屏東民生",0,5,-5
"3827","1570力肯","110/07/14","統一-三多",4,0,4
"3828","1570力肯","110/07/14","元大-古亭",0,5,-5
"3829","1570力肯","110/07/14","華南永昌-古亭",4,0,4
"3830","1570力肯","110/07/14","日盛-木柵",0,4,-4
"3831","1570力肯","110/07/14","元大-高雄",3,0,3
"3832","1570力肯","110/07/14","大昌",0,4,-4
"3833","1570力肯","110/07/14","兆豐-忠孝",2,0,2
"3834","1570力肯","110/07/14","群益金鼎-東大",0,4,-4
"3835","1570力肯","110/07/14","富邦-陽明",2,0,2
"3836","1570力肯","110/07/14","凱基-台北",0,4,-4
"3837","1570力肯","110/07/14","元大-松山",2,0,2
"3838","1570力肯","110/07/14","元大-板橋",0,4,-4
"3839","1570力肯","110/07/14","元大-忠孝",2,0,2
"3840","1570力肯","110/07/14","第一金-中山",0,3,-3
"3841","6180橘子","110/07/14","新加坡商瑞銀",84,28,56
"3842","6180橘子","110/07/14","凱基-台北",4,37,-33
"3843","6180橘子","110/07/14","日盛-信義",29,1,28
"3844","6180橘子","110/07/14","玉山-台南",1,22,-21
"3845","6180橘子","110/07/14","豐農",28,4,24
"3846","6180橘子","110/07/14","日盛-新竹",1,21,-20
"3847","6180橘子","110/07/14","新光-新竹",24,1,23
"3848","6180橘子","110/07/14","元富-潮州",0,19,-19
"3849","6180橘子","110/07/14","華南永昌-高雄",20,0,20
"3850","6180橘子","110/07/14","元大-信義",0,17,-17
"3851","6180橘子","110/07/14","元大-羅東",20,0,20
"3852","6180橘子","110/07/14","台灣企銀-台中",1,16,-15
"3853","6180橘子","110/07/14","元大-台中中港",20,0,20
"3854","6180橘子","110/07/14","元大-北港",0,15,-15
"3855","6180橘子","110/07/14","富邦-嘉義",24,5,19
"3856","6180橘子","110/07/14","富邦-高雄",0,14,-14
"3857","6180橘子","110/07/14","富邦-仁愛",15,0,15
"3858","6180橘子","110/07/14","兆豐-埔墘",0,13,-13
"3859","6180橘子","110/07/14","國票-九鼎",13,0,13
"3860","6180橘子","110/07/14","第一金-中山",0,10,-10
"3861","6180橘子","110/07/14","日盛-木柵",12,0,12
"3862","6180橘子","110/07/14","元大-彰化民生",0,10,-10
"3863","6180橘子","110/07/14","元大-成功",10,0,10
"3864","6180橘子","110/07/14","福勝",1,10,-9
"3865","6180橘子","110/07/14","港商野村",10,2,8
"3866","6180橘子","110/07/14","群益金鼎-丹鳳",1,10,-9
"3867","6180橘子","110/07/14","玉山-左營",8,0,8
"3868","6180橘子","110/07/14","群益金鼎-板橋",0,8,-8
"3869","6180橘子","110/07/14","富邦-陽明",16,8,8
"3870","6180橘子","110/07/14","合庫-鳳山",0,7,-7
"3871","2390云辰","110/07/14","摩根大通",995,198,797
"3872","2390云辰","110/07/14","新加坡商瑞銀",28,399,-371
"3873","2390云辰","110/07/14","美林",383,22,361
"3874","2390云辰","110/07/14","凱基-新豐",3,198,-195
"3875","2390云辰","110/07/14","台灣摩根士丹利",684,358,326
"3876","2390云辰","110/07/14","元大-士林",1,152,-151
"3877","2390云辰","110/07/14","凱基-台北",656,402,254
"3878","2390云辰","110/07/14","元大-竹山",80,181,-101
"3879","2390云辰","110/07/14","日盛-和美",110,5,105
"3880","2390云辰","110/07/14","群益金鼎-開元",19,95,-76
"3881","2390云辰","110/07/14","元大-天母",72,0,72
"3882","2390云辰","110/07/14","新光",77,150,-73
"3883","2390云辰","110/07/14","永豐金-松山",57,0,57
"3884","2390云辰","110/07/14","元富-高雄",0,71,-71
"3885","2390云辰","110/07/14","統一-屏東",53,0,53
"3886","2390云辰","110/07/14","元大-土城學府",130,201,-71
"3887","2390云辰","110/07/14","港商野村",486,450,36
"3888","2390云辰","110/07/14","元大-善化",12,76,-64
"3889","2390云辰","110/07/14","致和-崇德",30,0,30
"3890","2390云辰","110/07/14","華南永昌-岡山",23,81,-58
"3891","2390云辰","110/07/14","富邦-台北",40,14,26
"3892","2390云辰","110/07/14","群益金鼎-大興",82,125,-43
"3893","2390云辰","110/07/14","台新-高雄",38,13,25
"3894","2390云辰","110/07/14","大慶-中壢",0,41,-41
"3895","2390云辰","110/07/14","富邦-板橋",32,7,25
"3896","2390云辰","110/07/14","玉山-板橋",6,47,-41
"3897","2390云辰","110/07/14","陽信-石牌",24,0,24
"3898","2390云辰","110/07/14","富邦-台東",2,42,-40
"3899","2390云辰","110/07/14","凱基-屏東",32,8,24
"3900","2390云辰","110/07/14","元大-新營",3,42,-39
"3901","2363矽統","110/07/14","台灣摩根士丹利",463,0,463
"3902","2363矽統","110/07/14","新加坡商瑞銀",568,1321,-753
"3903","2363矽統","110/07/14","台新證券",750,342,408
"3904","2363矽統","110/07/14","瑞士信貸",149,864,-715
"3905","2363矽統","110/07/14","玉山-台中",363,51,312
"3906","2363矽統","110/07/14","台新-屏東",115,380,-265
"3907","2363矽統","110/07/14","元大-斗六",223,25,198
"3908","2363矽統","110/07/14","永豐金證券",16,265,-249
"3909","2363矽統","110/07/14","華南永昌-朴子",208,38,170
"3910","2363矽統","110/07/14","美林",462,701,-239
"3911","2363矽統","110/07/14","元富-西松",169,12,157
"3912","2363矽統","110/07/14","宏遠-桃園",269,500,-231
"3913","2363矽統","110/07/14","永豐金-大園",146,6,140
"3914","2363矽統","110/07/14","凱基-竹北",36,254,-218
"3915","2363矽統","110/07/14","土銀-和平",134,0,134
"3916","2363矽統","110/07/14","港商法國興業",0,214,-214
"3917","2363矽統","110/07/14","富邦-新營",130,13,117
"3918","2363矽統","110/07/14","港商野村",835,1044,-209
"3919","2363矽統","110/07/14","元富-成功",118,11,107
"3920","2363矽統","110/07/14","北城證券",212,411,-199
"3921","2363矽統","110/07/14","元富-烏日",121,18,103
"3922","2363矽統","110/07/14","(牛牛牛)亞-鑫豐",51,241,-190
"3923","2363矽統","110/07/14","日盛-二林",120,18,102
"3924","2363矽統","110/07/14","國票-博愛",24,213,-189
"3925","2363矽統","110/07/14","兆豐-忠孝",98,2,96
"3926","2363矽統","110/07/14","大慶-蘆洲",134,316,-182
"3927","2363矽統","110/07/14","大慶-楊梅",92,3,89
"3928","2363矽統","110/07/14","彰銀-台中",15,193,-178
"3929","2363矽統","110/07/14","元富-三重",120,33,87
"3930","2363矽統","110/07/14","日盛-和美",18,185,-167
"3931","8112至上","110/07/14","新加坡商瑞銀",223,17,206
"3932","8112至上","110/07/14","瑞士信貸",8,170,-162
"3933","8112至上","110/07/14","摩根大通",285,129,156
"3934","8112至上","110/07/14","美林",55,202,-147
"3935","8112至上","110/07/14","花旗環球",124,0,124
"3936","8112至上","110/07/14","凱基-台北",325,436,-111
"3937","8112至上","110/07/14","兆豐-公益",117,4,113
"3938","8112至上","110/07/14","台中銀-台北",0,98,-98
"3939","8112至上","110/07/14","香港上海匯豐",111,0,111
"3940","8112至上","110/07/14","玉山-台大",17,107,-90
"3941","8112至上","110/07/14","永豐金-內湖",117,21,96
"3942","8112至上","110/07/14","康和-內湖",1,90,-89
"3943","8112至上","110/07/14","台灣摩根士丹利",108,16,92
"3944","8112至上","110/07/14","港商野村",21,84,-63
"3945","8112至上","110/07/14","元大-東蘆",77,0,77
"3946","8112至上","110/07/14","兆豐-北高雄",1,60,-59
"3947","8112至上","110/07/14","新光",108,48,60
"3948","8112至上","110/07/14","群益金鼎-海山",1,52,-51
"3949","8112至上","110/07/14","大慶-蘆洲",59,0,59
"3950","8112至上","110/07/14","群益金鼎-大安",0,50,-50
"3951","8112至上","110/07/14","華南永昌-台中",56,3,53
"3952","8112至上","110/07/14","富邦-仁愛",2,49,-47
"3953","8112至上","110/07/14","土銀-嘉義",52,2,50
"3954","8112至上","110/07/14","元大-金華",0,42,-42
"3955","8112至上","110/07/14","美商高盛",40,0,40
"3956","8112至上","110/07/14","元大-內湖",4,43,-39
"3957","8112至上","110/07/14","臺銀",63,29,34
"3958","8112至上","110/07/14","第一金-華江",2,37,-35
"3959","8112至上","110/07/14","元富-嘉義",31,0,31
"3960","8112至上","110/07/14","永豐金-苓雅",2,34,-32
"3961","1570力肯","110/07/14","國票-北高雄",68,0,68
"3962","1570力肯","110/07/14","摩根大通",0,21,-21
"3963","1570力肯","110/07/14","日盛-八德",30,1,29
"3964","1570力肯","110/07/14","新光",1,19,-18
"3965","1570力肯","110/07/14","玉山-高雄",7,0,7
"3966","1570力肯","110/07/14","(牛牛牛)亞-鑫豐",0,17,-17
"3967","1570力肯","110/07/14","臺銀-臺南",5,0,5
"3968","1570力肯","110/07/14","日盛-士林",0,10,-10
"3969","1570力肯","110/07/14","凱基-三峽",5,0,5
"3970","1570力肯","110/07/14","統一-員林",0,10,-10
"3971","1570力肯","110/07/14","元大-和平",5,0,5
"3972","1570力肯","110/07/14","國票-新莊",0,10,-10
"3973","1570力肯","110/07/14","合庫-三重",4,0,4
"3974","1570力肯","110/07/14","凱基-高美館",0,10,-10
"3975","1570力肯","110/07/14","瑞士信貸",4,0,4
"3976","1570力肯","110/07/14","元大-屏東民生",0,5,-5
"3977","1570力肯","110/07/14","統一-三多",4,0,4
"3978","1570力肯","110/07/14","元大-古亭",0,5,-5
"3979","1570力肯","110/07/14","華南永昌-古亭",4,0,4
"3980","1570力肯","110/07/14","日盛-木柵",0,4,-4
"3981","1570力肯","110/07/14","元大-高雄",3,0,3
"3982","1570力肯","110/07/14","大昌",0,4,-4
"3983","1570力肯","110/07/14","兆豐-忠孝",2,0,2
"3984","1570力肯","110/07/14","群益金鼎-東大",0,4,-4
"3985","1570力肯","110/07/14","富邦-陽明",2,0,2
"3986","1570力肯","110/07/14","凱基-台北",0,4,-4
"3987","1570力肯","110/07/14","元大-松山",2,0,2
"3988","1570力肯","110/07/14","元大-板橋",0,4,-4
"3989","1570力肯","110/07/14","元大-忠孝",2,0,2
"3990","1570力肯","110/07/14","第一金-中山",0,3,-3
"3991","2929淘帝","110/07/14","華南永昌-林口",60,0,60
"3992","2929淘帝","110/07/14","群益金鼎",25,540,-515
"3993","2929淘帝","110/07/14","美林",87,31,56
"3994","2929淘帝","110/07/14","國泰-台南",1,30,-29
"3995","2929淘帝","110/07/14","元富-台南",40,0,40
"3996","2929淘帝","110/07/14","宏遠-桃園",0,20,-20
"3997","2929淘帝","110/07/14","元大-民生",39,0,39
"3998","2929淘帝","110/07/14","摩根大通",11,31,-20
"3999","2929淘帝","110/07/14","臺銀-鳳山",34,0,34
"4000","2929淘帝","110/07/14","台新-建北",5,20,-15
"4001","2929淘帝","110/07/14","合庫-高雄",34,1,33
"4002","2929淘帝","110/07/14","新光",1,16,-15
"4003","2929淘帝","110/07/14","華南永昌-鶯歌",28,0,28
"4004","2929淘帝","110/07/14","玉山-板橋",0,15,-15
"4005","2929淘帝","110/07/14","永興",25,0,25
"4006","2929淘帝","110/07/14","凱基-羅東",0,15,-15
"4007","2929淘帝","110/07/14","元大-新盛",25,1,24
"4008","2929淘帝","110/07/14","元大-頭份",0,15,-15
"4009","2929淘帝","110/07/14","日盛-南京",23,0,23
"4010","2929淘帝","110/07/14","第一金-台南",0,13,-13
"4011","2929淘帝","110/07/14","日茂",20,0,20
"4012","2929淘帝","110/07/14","富邦-基隆",0,12,-12
"4013","2929淘帝","110/07/14","台新-台中",20,0,20
"4014","2929淘帝","110/07/14","日茂-南投",1,12,-11
"4015","2929淘帝","110/07/14","華南永昌",20,0,20
"4016","2929淘帝","110/07/14","元大-豐原站前",0,11,-11
"4017","2929淘帝","110/07/14","福勝",15,0,15
"4018","2929淘帝","110/07/14","玉山-士林",0,10,-10
"4019","2929淘帝","110/07/14","富邦-南屯",15,0,15
"4020","2929淘帝","110/07/14","富邦-台北",0,10,-10
"4021","5410國眾","110/07/14","兆豐-城中",35,0,35
"4022","5410國眾","110/07/14","瑞士信貸",0,29,-29
"4023","5410國眾","110/07/14","新光",21,1,20
"4024","5410國眾","110/07/14","國泰-板橋",1,30,-29
"4025","5410國眾","110/07/14","國泰-敦南",21,1,20
"4026","5410國眾","110/07/14","日盛-高雄",0,20,-20
"4027","5410國眾","110/07/14","國泰-台中",20,1,19
"4028","5410國眾","110/07/14","台新-左楠",1,20,-19
"4029","5410國眾","110/07/14","元大-崇德",19,0,19
"4030","5410國眾","110/07/14","元富-大昌",1,18,-17
"4031","5410國眾","110/07/14","土銀-士林",18,0,18
"4032","5410國眾","110/07/14","富邦-建國",0,15,-15
"4033","5410國眾","110/07/14","元大-新盛",20,2,18
"4034","5410國眾","110/07/14","元富-嘉義",0,12,-12
"4035","5410國眾","110/07/14","兆豐-高雄",15,0,15
"4036","5410國眾","110/07/14","永全-南崁",0,12,-12
"4037","5410國眾","110/07/14","宏遠-中和",10,0,10
"4038","5410國眾","110/07/14","元大-員林",0,11,-11
"4039","5410國眾","110/07/14","新光-桃園",10,0,10
"4040","5410國眾","110/07/14","高橋",0,10,-10
"4041","5410國眾","110/07/14","國泰-台南",10,0,10
"4042","5410國眾","110/07/14","永興",0,10,-10
"4043","5410國眾","110/07/14","元大-復北",10,0,10
"4044","5410國眾","110/07/14","華南永昌-三重",0,10,-10
"4045","5410國眾","110/07/14","元大-竹科",8,0,8
"4046","5410國眾","110/07/14","元大-苑裡",0,7,-7
"4047","5410國眾","110/07/14","台新-新營",6,0,6
"4048","5410國眾","110/07/14","港商野村",0,6,-6
"4049","5410國眾","110/07/14","日盛-士林",5,0,5
"4050","5410國眾","110/07/14","摩根大通",5,11,-6
"4051","2841台開","110/07/14","凱基-文心",73,0,73
"4052","2841台開","110/07/14","國泰-敦南",0,50,-50
"4053","2841台開","110/07/14","元富-潮州",30,0,30
"4054","2841台開","110/07/14","凱基-中壢",0,40,-40
"4055","2841台開","110/07/14","第一金-台中",20,0,20
"4056","2841台開","110/07/14","統一-新竹",0,24,-24
"4057","2841台開","110/07/14","華南永昌-新莊",20,0,20
"4058","2841台開","110/07/14","元富-草屯",0,20,-20
"4059","2841台開","110/07/14","永豐金-豐原",20,0,20
"4060","2841台開","110/07/14","台新-台南",0,20,-20
"4061","2841台開","110/07/14","國泰-館前",15,0,15
"4062","2841台開","110/07/14","永豐金-敦南",45,63,-18
"4063","2841台開","110/07/14","群益金鼎-基隆",12,0,12
"4064","2841台開","110/07/14","國票-北高雄",0,13,-13
"4065","2841台開","110/07/14","日盛-信義",10,0,10
"4066","2841台開","110/07/14","凱基-松山",0,10,-10
"4067","2841台開","110/07/14","台新-台中",10,0,10
"4068","2841台開","110/07/14","元大證券",0,10,-10
"4069","2841台開","110/07/14","新光",10,1,9
"4070","2841台開","110/07/14","元大-中壢",0,10,-10
"4071","2841台開","110/07/14","凱基-新店",8,0,8
"4072","2841台開","110/07/14","富邦-陽明",1,10,-9
"4073","2841台開","110/07/14","元大-斗信",7,0,7
"4074","2841台開","110/07/14","富邦-建國",0,9,-9
"4075","2841台開","110/07/14","元大-三重",6,0,6
"4076","2841台開","110/07/14","富邦-台南",0,8,-8
"4077","2841台開","110/07/14","永豐金-中和",6,0,6
"4078","2841台開","110/07/14","康和-澎湖",0,7,-7
"4079","2841台開","110/07/14","元富-成功",5,0,5
"4080","2841台開","110/07/14","日盛-斗六",0,6,-6
"4081","6207雷科","110/07/14","群益金鼎-台北",60,0,60
"4082","6207雷科","110/07/14","新加坡商瑞銀",10,56,-46
"4083","6207雷科","110/07/14","台新-高雄",43,3,40
"4084","6207雷科","110/07/14","國票-中和",0,41,-41
"4085","6207雷科","110/07/14","元大-高雄",19,0,19
"4086","6207雷科","110/07/14","元大-復北",0,33,-33
"4087","6207雷科","110/07/14","福勝",15,0,15
"4088","6207雷科","110/07/14","光和-和美",0,20,-20
"4089","6207雷科","110/07/14","群益金鼎-中山",15,0,15
"4090","6207雷科","110/07/14","群益金鼎-丹鳳",0,20,-20
"4091","6207雷科","110/07/14","元大-林園",15,0,15
"4092","6207雷科","110/07/14","第一金-路竹",0,10,-10
"4093","6207雷科","110/07/14","新光",12,0,12
"4094","6207雷科","110/07/14","元大-歸仁",0,10,-10
"4095","6207雷科","110/07/14","元大-大天母",10,0,10
"4096","6207雷科","110/07/14","宏遠-館前",0,9,-9
"4097","6207雷科","110/07/14","永豐金-忠孝",9,0,9
"4098","6207雷科","110/07/14","凱基-台北",12,20,-8
"4099","6207雷科","110/07/14","永豐金-新店",7,0,7
"4100","6207雷科","110/07/14","美林",0,7,-7
"4101","6207雷科","110/07/14","玉山-嘉義",6,0,6
"4102","6207雷科","110/07/14","摩根大通",16,23,-7
"4103","6207雷科","110/07/14","元大-屏東",6,0,6
"4104","6207雷科","110/07/14","凱基-高雄",1,7,-6
"4105","6207雷科","110/07/14","凱基-大安",5,0,5
"4106","6207雷科","110/07/14","台中銀-豐原",0,5,-5
"4107","6207雷科","110/07/14","富邦-台南",5,0,5
"4108","6207雷科","110/07/14","元大-新竹經國",0,5,-5
"4109","6207雷科","110/07/14","元大-成功",5,0,5
"4110","6207雷科","110/07/14","光和-田中",0,4,-4
"4111","3679新至陞","110/07/14","凱基-台北",31,6,25
"4112","3679新至陞","110/07/14","群益金鼎-東大",0,15,-15
"4113","3679新至陞","110/07/14","華南永昌-新莊",10,0,10
"4114","3679新至陞","110/07/14","瑞士信貸",0,12,-12
"4115","3679新至陞","110/07/14","新加坡商瑞銀",11,3,8
"4116","3679新至陞","110/07/14","群益金鼎-永和",0,10,-10
"4117","3679新至陞","110/07/14","美商高盛",6,0,6
"4118","3679新至陞","110/07/14","元大-成功",5,15,-10
"4119","3679新至陞","110/07/14","第一金-中壢",6,0,6
"4120","3679新至陞","110/07/14","統一-板橋",1,10,-9
"4121","3679新至陞","110/07/14","(牛牛牛)亞-網路",4,0,4
"4122","3679新至陞","110/07/14","玉山-左營",0,5,-5
"4123","3679新至陞","110/07/14","元大-六合",3,0,3
"4124","3679新至陞","110/07/14","群益金鼎-三民",0,4,-4
"4125","3679新至陞","110/07/14","合庫-自強",2,0,2
"4126","3679新至陞","110/07/14","富邦-宜蘭",0,4,-4
"4127","3679新至陞","110/07/14","高橋-內壢",2,0,2
"4128","3679新至陞","110/07/14","永豐金-苓雅",0,3,-3
"4129","3679新至陞","110/07/14","台中銀-員林",2,0,2
"4130","3679新至陞","110/07/14","摩根大通",5,7,-2
"4131","3679新至陞","110/07/14","凱基-高美館",2,0,2
"4132","3679新至陞","110/07/14","元大-板橋三民",0,2,-2
"4133","3679新至陞","110/07/14","元大-福營",2,0,2
"4134","3679新至陞","110/07/14","宏遠-中和",0,1,-1
"4135","3679新至陞","110/07/14","永豐金-松山",2,0,2
"4136","3679新至陞","110/07/14","元富-佳里",0,1,-1
"4137","3679新至陞","110/07/14","永豐金-萬盛",2,0,2
"4138","3679新至陞","110/07/14","(牛牛牛)亞-鑫豐",0,1,-1
"4139","3679新至陞","110/07/14","元富-松德",1,0,1
"4140","3679新至陞","110/07/14","中國信託-中壢",0,1,-1
"4141","2727王品","110/07/14","富邦-左營",102,1,101
"4142","2727王品","110/07/14","統一-城中",100,234,-134
"4143","2727王品","110/07/14","國泰-板橋",105,11,94
"4144","2727王品","110/07/14","富邦-台北",1,125,-124
"4145","2727王品","110/07/14","港商野村",149,72,77
"4146","2727王品","110/07/14","台灣摩根士丹利",1,48,-47
"4147","2727王品","110/07/14","合庫-台中",66,2,64
"4148","2727王品","110/07/14","國票-新莊",0,40,-40
"4149","2727王品","110/07/14","臺銀-金山",63,8,55
"4150","2727王品","110/07/14","永豐金-忠孝",2,39,-37
"4151","2727王品","110/07/14","摩根大通",83,39,44
"4152","2727王品","110/07/14","富邦-彰化",1,34,-33
"4153","2727王品","110/07/14","凱基-台北",84,42,42
"4154","2727王品","110/07/14","康和-高雄",0,30,-30
"4155","2727王品","110/07/14","土銀-台中",35,1,34
"4156","2727王品","110/07/14","安泰",0,26,-26
"4157","2727王品","110/07/14","華南永昌-麻豆",32,1,31
"4158","2727王品","110/07/14","富邦-新竹華信",0,21,-21
"4159","2727王品","110/07/14","元大證券",85,55,30
"4160","2727王品","110/07/14","元大-南崁",1,22,-21
"4161","2727王品","110/07/14","新加坡商瑞銀",40,15,25
"4162","2727王品","110/07/14","彰銀-台中",0,18,-18
"4163","2727王品","110/07/14","日盛-八德",19,0,19
"4164","2727王品","110/07/14","元富-同大",2,20,-18
"4165","2727王品","110/07/14","統一",35,17,18
"4166","2727王品","110/07/14","玉山-嘉義",1,17,-16
"4167","2727王品","110/07/14","元富-大昌",18,1,17
"4168","2727王品","110/07/14","國泰-館前",4,20,-16
"4169","2727王品","110/07/14","玉山-板橋",15,1,14
"4170","2727王品","110/07/14","第一金-嘉義",1,13,-12
"4171","1570力肯","110/07/14","國票-北高雄",68,0,68
"4172","1570力肯","110/07/14","摩根大通",0,21,-21
"4173","1570力肯","110/07/14","日盛-八德",30,1,29
"4174","1570力肯","110/07/14","新光",1,19,-18
"4175","1570力肯","110/07/14","玉山-高雄",7,0,7
"4176","1570力肯","110/07/14","(牛牛牛)亞-鑫豐",0,17,-17
"4177","1570力肯","110/07/14","臺銀-臺南",5,0,5
"4178","1570力肯","110/07/14","日盛-士林",0,10,-10
"4179","1570力肯","110/07/14","凱基-三峽",5,0,5
"4180","1570力肯","110/07/14","統一-員林",0,10,-10
"4181","1570力肯","110/07/14","元大-和平",5,0,5
"4182","1570力肯","110/07/14","國票-新莊",0,10,-10
"4183","1570力肯","110/07/14","合庫-三重",4,0,4
"4184","1570力肯","110/07/14","凱基-高美館",0,10,-10
"4185","1570力肯","110/07/14","瑞士信貸",4,0,4
"4186","1570力肯","110/07/14","元大-屏東民生",0,5,-5
"4187","1570力肯","110/07/14","統一-三多",4,0,4
"4188","1570力肯","110/07/14","元大-古亭",0,5,-5
"4189","1570力肯","110/07/14","華南永昌-古亭",4,0,4
"4190","1570力肯","110/07/14","日盛-木柵",0,4,-4
"4191","1570力肯","110/07/14","元大-高雄",3,0,3
"4192","1570力肯","110/07/14","大昌",0,4,-4
"4193","1570力肯","110/07/14","兆豐-忠孝",2,0,2
"4194","1570力肯","110/07/14","群益金鼎-東大",0,4,-4
"4195","1570力肯","110/07/14","富邦-陽明",2,0,2
"4196","1570力肯","110/07/14","凱基-台北",0,4,-4
"4197","1570力肯","110/07/14","元大-松山",2,0,2
"4198","1570力肯","110/07/14","元大-板橋",0,4,-4
"4199","1570力肯","110/07/14","元大-忠孝",2,0,2
"4200","1570力肯","110/07/14","第一金-中山",0,3,-3
"4201","6180橘子","110/07/14","新加坡商瑞銀",84,28,56
"4202","6180橘子","110/07/14","凱基-台北",4,37,-33
"4203","6180橘子","110/07/14","日盛-信義",29,1,28
"4204","6180橘子","110/07/14","玉山-台南",1,22,-21
"4205","6180橘子","110/07/14","豐農",28,4,24
"4206","6180橘子","110/07/14","日盛-新竹",1,21,-20
"4207","6180橘子","110/07/14","新光-新竹",24,1,23
"4208","6180橘子","110/07/14","元富-潮州",0,19,-19
"4209","6180橘子","110/07/14","華南永昌-高雄",20,0,20
"4210","6180橘子","110/07/14","元大-信義",0,17,-17
"4211","6180橘子","110/07/14","元大-羅東",20,0,20
"4212","6180橘子","110/07/14","台灣企銀-台中",1,16,-15
"4213","6180橘子","110/07/14","元大-台中中港",20,0,20
"4214","6180橘子","110/07/14","元大-北港",0,15,-15
"4215","6180橘子","110/07/14","富邦-嘉義",24,5,19
"4216","6180橘子","110/07/14","富邦-高雄",0,14,-14
"4217","6180橘子","110/07/14","富邦-仁愛",15,0,15
"4218","6180橘子","110/07/14","兆豐-埔墘",0,13,-13
"4219","6180橘子","110/07/14","國票-九鼎",13,0,13
"4220","6180橘子","110/07/14","第一金-中山",0,10,-10
"4221","6180橘子","110/07/14","日盛-木柵",12,0,12
"4222","6180橘子","110/07/14","元大-彰化民生",0,10,-10
"4223","6180橘子","110/07/14","元大-成功",10,0,10
"4224","6180橘子","110/07/14","福勝",1,10,-9
"4225","6180橘子","110/07/14","港商野村",10,2,8
"4226","6180橘子","110/07/14","群益金鼎-丹鳳",1,10,-9
"4227","6180橘子","110/07/14","玉山-左營",8,0,8
"4228","6180橘子","110/07/14","群益金鼎-板橋",0,8,-8
"4229","6180橘子","110/07/14","富邦-陽明",16,8,8
"4230","6180橘子","110/07/14","合庫-鳳山",0,7,-7
"4231","2390云辰","110/07/14","摩根大通",995,198,797
"4232","2390云辰","110/07/14","新加坡商瑞銀",28,399,-371
"4233","2390云辰","110/07/14","美林",383,22,361
"4234","2390云辰","110/07/14","凱基-新豐",3,198,-195
"4235","2390云辰","110/07/14","台灣摩根士丹利",684,358,326
"4236","2390云辰","110/07/14","元大-士林",1,152,-151
"4237","2390云辰","110/07/14","凱基-台北",656,402,254
"4238","2390云辰","110/07/14","元大-竹山",80,181,-101
"4239","2390云辰","110/07/14","日盛-和美",110,5,105
"4240","2390云辰","110/07/14","群益金鼎-開元",19,95,-76
"4241","2390云辰","110/07/14","元大-天母",72,0,72
"4242","2390云辰","110/07/14","新光",77,150,-73
"4243","2390云辰","110/07/14","永豐金-松山",57,0,57
"4244","2390云辰","110/07/14","元富-高雄",0,71,-71
"4245","2390云辰","110/07/14","統一-屏東",53,0,53
"4246","2390云辰","110/07/14","元大-土城學府",130,201,-71
"4247","2390云辰","110/07/14","港商野村",486,450,36
"4248","2390云辰","110/07/14","元大-善化",12,76,-64
"4249","2390云辰","110/07/14","致和-崇德",30,0,30
"4250","2390云辰","110/07/14","華南永昌-岡山",23,81,-58
"4251","2390云辰","110/07/14","富邦-台北",40,14,26
"4252","2390云辰","110/07/14","群益金鼎-大興",82,125,-43
"4253","2390云辰","110/07/14","台新-高雄",38,13,25
"4254","2390云辰","110/07/14","大慶-中壢",0,41,-41
"4255","2390云辰","110/07/14","富邦-板橋",32,7,25
"4256","2390云辰","110/07/14","玉山-板橋",6,47,-41
"4257","2390云辰","110/07/14","陽信-石牌",24,0,24
"4258","2390云辰","110/07/14","富邦-台東",2,42,-40
"4259","2390云辰","110/07/14","凱基-屏東",32,8,24
"4260","2390云辰","110/07/14","元大-新營",3,42,-39
"4261","2363矽統","110/07/14","台灣摩根士丹利",463,0,463
"4262","2363矽統","110/07/14","新加坡商瑞銀",568,1321,-753
"4263","2363矽統","110/07/14","台新證券",750,342,408
"4264","2363矽統","110/07/14","瑞士信貸",149,864,-715
"4265","2363矽統","110/07/14","玉山-台中",363,51,312
"4266","2363矽統","110/07/14","台新-屏東",115,380,-265
"4267","2363矽統","110/07/14","元大-斗六",223,25,198
"4268","2363矽統","110/07/14","永豐金證券",16,265,-249
"4269","2363矽統","110/07/14","華南永昌-朴子",208,38,170
"4270","2363矽統","110/07/14","美林",462,701,-239
"4271","2363矽統","110/07/14","元富-西松",169,12,157
"4272","2363矽統","110/07/14","宏遠-桃園",269,500,-231
"4273","2363矽統","110/07/14","永豐金-大園",146,6,140
"4274","2363矽統","110/07/14","凱基-竹北",36,254,-218
"4275","2363矽統","110/07/14","土銀-和平",134,0,134
"4276","2363矽統","110/07/14","港商法國興業",0,214,-214
"4277","2363矽統","110/07/14","富邦-新營",130,13,117
"4278","2363矽統","110/07/14","港商野村",835,1044,-209
"4279","2363矽統","110/07/14","元富-成功",118,11,107
"4280","2363矽統","110/07/14","北城證券",212,411,-199
"4281","2363矽統","110/07/14","元富-烏日",121,18,103
"4282","2363矽統","110/07/14","(牛牛牛)亞-鑫豐",51,241,-190
"4283","2363矽統","110/07/14","日盛-二林",120,18,102
"4284","2363矽統","110/07/14","國票-博愛",24,213,-189
"4285","2363矽統","110/07/14","兆豐-忠孝",98,2,96
"4286","2363矽統","110/07/14","大慶-蘆洲",134,316,-182
"4287","2363矽統","110/07/14","大慶-楊梅",92,3,89
"4288","2363矽統","110/07/14","彰銀-台中",15,193,-178
"4289","2363矽統","110/07/14","元富-三重",120,33,87
"4290","2363矽統","110/07/14","日盛-和美",18,185,-167
"4291","8112至上","110/07/14","新加坡商瑞銀",223,17,206
"4292","8112至上","110/07/14","瑞士信貸",8,170,-162
"4293","8112至上","110/07/14","摩根大通",285,129,156
"4294","8112至上","110/07/14","美林",55,202,-147
"4295","8112至上","110/07/14","花旗環球",124,0,124
"4296","8112至上","110/07/14","凱基-台北",325,436,-111
"4297","8112至上","110/07/14","兆豐-公益",117,4,113
"4298","8112至上","110/07/14","台中銀-台北",0,98,-98
"4299","8112至上","110/07/14","香港上海匯豐",111,0,111
"4300","8112至上","110/07/14","玉山-台大",17,107,-90
"4301","8112至上","110/07/14","永豐金-內湖",117,21,96
"4302","8112至上","110/07/14","康和-內湖",1,90,-89
"4303","8112至上","110/07/14","台灣摩根士丹利",108,16,92
"4304","8112至上","110/07/14","港商野村",21,84,-63
"4305","8112至上","110/07/14","元大-東蘆",77,0,77
"4306","8112至上","110/07/14","兆豐-北高雄",1,60,-59
"4307","8112至上","110/07/14","新光",108,48,60
"4308","8112至上","110/07/14","群益金鼎-海山",1,52,-51
"4309","8112至上","110/07/14","大慶-蘆洲",59,0,59
"4310","8112至上","110/07/14","群益金鼎-大安",0,50,-50
"4311","8112至上","110/07/14","華南永昌-台中",56,3,53
"4312","8112至上","110/07/14","富邦-仁愛",2,49,-47
"4313","8112至上","110/07/14","土銀-嘉義",52,2,50
"4314","8112至上","110/07/14","元大-金華",0,42,-42
"4315","8112至上","110/07/14","美商高盛",40,0,40
"4316","8112至上","110/07/14","元大-內湖",4,43,-39
"4317","8112至上","110/07/14","臺銀",63,29,34
"4318","8112至上","110/07/14","第一金-華江",2,37,-35
"4319","8112至上","110/07/14","元富-嘉義",31,0,31
"4320","8112至上","110/07/14","永豐金-苓雅",2,34,-32
"4321","1570力肯","110/07/14","國票-北高雄",68,0,68
"4322","1570力肯","110/07/14","摩根大通",0,21,-21
"4323","1570力肯","110/07/14","日盛-八德",30,1,29
"4324","1570力肯","110/07/14","新光",1,19,-18
"4325","1570力肯","110/07/14","玉山-高雄",7,0,7
"4326","1570力肯","110/07/14","(牛牛牛)亞-鑫豐",0,17,-17
"4327","1570力肯","110/07/14","臺銀-臺南",5,0,5
"4328","1570力肯","110/07/14","日盛-士林",0,10,-10
"4329","1570力肯","110/07/14","凱基-三峽",5,0,5
"4330","1570力肯","110/07/14","統一-員林",0,10,-10
"4331","1570力肯","110/07/14","元大-和平",5,0,5
"4332","1570力肯","110/07/14","國票-新莊",0,10,-10
"4333","1570力肯","110/07/14","合庫-三重",4,0,4
"4334","1570力肯","110/07/14","凱基-高美館",0,10,-10
"4335","1570力肯","110/07/14","瑞士信貸",4,0,4
"4336","1570力肯","110/07/14","元大-屏東民生",0,5,-5
"4337","1570力肯","110/07/14","統一-三多",4,0,4
"4338","1570力肯","110/07/14","元大-古亭",0,5,-5
"4339","1570力肯","110/07/14","華南永昌-古亭",4,0,4
"4340","1570力肯","110/07/14","日盛-木柵",0,4,-4
"4341","1570力肯","110/07/14","元大-高雄",3,0,3
"4342","1570力肯","110/07/14","大昌",0,4,-4
"4343","1570力肯","110/07/14","兆豐-忠孝",2,0,2
"4344","1570力肯","110/07/14","群益金鼎-東大",0,4,-4
"4345","1570力肯","110/07/14","富邦-陽明",2,0,2
"4346","1570力肯","110/07/14","凱基-台北",0,4,-4
"4347","1570力肯","110/07/14","元大-松山",2,0,2
"4348","1570力肯","110/07/14","元大-板橋",0,4,-4
"4349","1570力肯","110/07/14","元大-忠孝",2,0,2
"4350","1570力肯","110/07/14","第一金-中山",0,3,-3
"4351","2929淘帝","110/07/14","華南永昌-林口",60,0,60
"4352","2929淘帝","110/07/14","群益金鼎",25,540,-515
"4353","2929淘帝","110/07/14","美林",87,31,56
"4354","2929淘帝","110/07/14","國泰-台南",1,30,-29
"4355","2929淘帝","110/07/14","元富-台南",40,0,40
"4356","2929淘帝","110/07/14","宏遠-桃園",0,20,-20
"4357","2929淘帝","110/07/14","元大-民生",39,0,39
"4358","2929淘帝","110/07/14","摩根大通",11,31,-20
"4359","2929淘帝","110/07/14","臺銀-鳳山",34,0,34
"4360","2929淘帝","110/07/14","台新-建北",5,20,-15
"4361","2929淘帝","110/07/14","合庫-高雄",34,1,33
"4362","2929淘帝","110/07/14","新光",1,16,-15
"4363","2929淘帝","110/07/14","華南永昌-鶯歌",28,0,28
"4364","2929淘帝","110/07/14","玉山-板橋",0,15,-15
"4365","2929淘帝","110/07/14","永興",25,0,25
"4366","2929淘帝","110/07/14","凱基-羅東",0,15,-15
"4367","2929淘帝","110/07/14","元大-新盛",25,1,24
"4368","2929淘帝","110/07/14","元大-頭份",0,15,-15
"4369","2929淘帝","110/07/14","日盛-南京",23,0,23
"4370","2929淘帝","110/07/14","第一金-台南",0,13,-13
"4371","2929淘帝","110/07/14","日茂",20,0,20
"4372","2929淘帝","110/07/14","富邦-基隆",0,12,-12
"4373","2929淘帝","110/07/14","台新-台中",20,0,20
"4374","2929淘帝","110/07/14","日茂-南投",1,12,-11
"4375","2929淘帝","110/07/14","華南永昌",20,0,20
"4376","2929淘帝","110/07/14","元大-豐原站前",0,11,-11
"4377","2929淘帝","110/07/14","福勝",15,0,15
"4378","2929淘帝","110/07/14","玉山-士林",0,10,-10
"4379","2929淘帝","110/07/14","富邦-南屯",15,0,15
"4380","2929淘帝","110/07/14","富邦-台北",0,10,-10
"4381","5410國眾","110/07/14","兆豐-城中",35,0,35
"4382","5410國眾","110/07/14","瑞士信貸",0,29,-29
"4383","5410國眾","110/07/14","新光",21,1,20
"4384","5410國眾","110/07/14","國泰-板橋",1,30,-29
"4385","5410國眾","110/07/14","國泰-敦南",21,1,20
"4386","5410國眾","110/07/14","日盛-高雄",0,20,-20
"4387","5410國眾","110/07/14","國泰-台中",20,1,19
"4388","5410國眾","110/07/14","台新-左楠",1,20,-19
"4389","5410國眾","110/07/14","元大-崇德",19,0,19
"4390","5410國眾","110/07/14","元富-大昌",1,18,-17
"4391","5410國眾","110/07/14","土銀-士林",18,0,18
"4392","5410國眾","110/07/14","富邦-建國",0,15,-15
"4393","5410國眾","110/07/14","元大-新盛",20,2,18
"4394","5410國眾","110/07/14","元富-嘉義",0,12,-12
"4395","5410國眾","110/07/14","兆豐-高雄",15,0,15
"4396","5410國眾","110/07/14","永全-南崁",0,12,-12
"4397","5410國眾","110/07/14","宏遠-中和",10,0,10
"4398","5410國眾","110/07/14","元大-員林",0,11,-11
"4399","5410國眾","110/07/14","新光-桃園",10,0,10
"4400","5410國眾","110/07/14","高橋",0,10,-10
"4401","5410國眾","110/07/14","國泰-台南",10,0,10
"4402","5410國眾","110/07/14","永興",0,10,-10
"4403","5410國眾","110/07/14","元大-復北",10,0,10
"4404","5410國眾","110/07/14","華南永昌-三重",0,10,-10
"4405","5410國眾","110/07/14","元大-竹科",8,0,8
"4406","5410國眾","110/07/14","元大-苑裡",0,7,-7
"4407","5410國眾","110/07/14","台新-新營",6,0,6
"4408","5410國眾","110/07/14","港商野村",0,6,-6
"4409","5410國眾","110/07/14","日盛-士林",5,0,5
"4410","5410國眾","110/07/14","摩根大通",5,11,-6
"4411","2841台開","110/07/14","凱基-文心",73,0,73
"4412","2841台開","110/07/14","國泰-敦南",0,50,-50
"4413","2841台開","110/07/14","元富-潮州",30,0,30
"4414","2841台開","110/07/14","凱基-中壢",0,40,-40
"4415","2841台開","110/07/14","第一金-台中",20,0,20
"4416","2841台開","110/07/14","統一-新竹",0,24,-24
"4417","2841台開","110/07/14","華南永昌-新莊",20,0,20
"4418","2841台開","110/07/14","元富-草屯",0,20,-20
"4419","2841台開","110/07/14","永豐金-豐原",20,0,20
"4420","2841台開","110/07/14","台新-台南",0,20,-20
"4421","2841台開","110/07/14","國泰-館前",15,0,15
"4422","2841台開","110/07/14","永豐金-敦南",45,63,-18
"4423","2841台開","110/07/14","群益金鼎-基隆",12,0,12
"4424","2841台開","110/07/14","國票-北高雄",0,13,-13
"4425","2841台開","110/07/14","日盛-信義",10,0,10
"4426","2841台開","110/07/14","凱基-松山",0,10,-10
"4427","2841台開","110/07/14","台新-台中",10,0,10
"4428","2841台開","110/07/14","元大證券",0,10,-10
"4429","2841台開","110/07/14","新光",10,1,9
"4430","2841台開","110/07/14","元大-中壢",0,10,-10
"4431","2841台開","110/07/14","凱基-新店",8,0,8
"4432","2841台開","110/07/14","富邦-陽明",1,10,-9
"4433","2841台開","110/07/14","元大-斗信",7,0,7
"4434","2841台開","110/07/14","富邦-建國",0,9,-9
"4435","2841台開","110/07/14","元大-三重",6,0,6
"4436","2841台開","110/07/14","富邦-台南",0,8,-8
"4437","2841台開","110/07/14","永豐金-中和",6,0,6
"4438","2841台開","110/07/14","康和-澎湖",0,7,-7
"4439","2841台開","110/07/14","元富-成功",5,0,5
"4440","2841台開","110/07/14","日盛-斗六",0,6,-6
"4441","6207雷科","110/07/14","群益金鼎-台北",60,0,60
"4442","6207雷科","110/07/14","新加坡商瑞銀",10,56,-46
"4443","6207雷科","110/07/14","台新-高雄",43,3,40
"4444","6207雷科","110/07/14","國票-中和",0,41,-41
"4445","6207雷科","110/07/14","元大-高雄",19,0,19
"4446","6207雷科","110/07/14","元大-復北",0,33,-33
"4447","6207雷科","110/07/14","福勝",15,0,15
"4448","6207雷科","110/07/14","光和-和美",0,20,-20
"4449","6207雷科","110/07/14","群益金鼎-中山",15,0,15
"4450","6207雷科","110/07/14","群益金鼎-丹鳳",0,20,-20
"4451","6207雷科","110/07/14","元大-林園",15,0,15
"4452","6207雷科","110/07/14","第一金-路竹",0,10,-10
"4453","6207雷科","110/07/14","新光",12,0,12
"4454","6207雷科","110/07/14","元大-歸仁",0,10,-10
"4455","6207雷科","110/07/14","元大-大天母",10,0,10
"4456","6207雷科","110/07/14","宏遠-館前",0,9,-9
"4457","6207雷科","110/07/14","永豐金-忠孝",9,0,9
"4458","6207雷科","110/07/14","凱基-台北",12,20,-8
"4459","6207雷科","110/07/14","永豐金-新店",7,0,7
"4460","6207雷科","110/07/14","美林",0,7,-7
"4461","6207雷科","110/07/14","玉山-嘉義",6,0,6
"4462","6207雷科","110/07/14","摩根大通",16,23,-7
"4463","6207雷科","110/07/14","元大-屏東",6,0,6
"4464","6207雷科","110/07/14","凱基-高雄",1,7,-6
"4465","6207雷科","110/07/14","凱基-大安",5,0,5
"4466","6207雷科","110/07/14","台中銀-豐原",0,5,-5
"4467","6207雷科","110/07/14","富邦-台南",5,0,5
"4468","6207雷科","110/07/14","元大-新竹經國",0,5,-5
"4469","6207雷科","110/07/14","元大-成功",5,0,5
"4470","6207雷科","110/07/14","光和-田中",0,4,-4
"4471","3679新至陞","110/07/14","凱基-台北",31,6,25
"4472","3679新至陞","110/07/14","群益金鼎-東大",0,15,-15
"4473","3679新至陞","110/07/14","華南永昌-新莊",10,0,10
"4474","3679新至陞","110/07/14","瑞士信貸",0,12,-12
"4475","3679新至陞","110/07/14","新加坡商瑞銀",11,3,8
"4476","3679新至陞","110/07/14","群益金鼎-永和",0,10,-10
"4477","3679新至陞","110/07/14","美商高盛",6,0,6
"4478","3679新至陞","110/07/14","元大-成功",5,15,-10
"4479","3679新至陞","110/07/14","第一金-中壢",6,0,6
"4480","3679新至陞","110/07/14","統一-板橋",1,10,-9
"4481","3679新至陞","110/07/14","(牛牛牛)亞-網路",4,0,4
"4482","3679新至陞","110/07/14","玉山-左營",0,5,-5
"4483","3679新至陞","110/07/14","元大-六合",3,0,3
"4484","3679新至陞","110/07/14","群益金鼎-三民",0,4,-4
"4485","3679新至陞","110/07/14","合庫-自強",2,0,2
"4486","3679新至陞","110/07/14","富邦-宜蘭",0,4,-4
"4487","3679新至陞","110/07/14","高橋-內壢",2,0,2
"4488","3679新至陞","110/07/14","永豐金-苓雅",0,3,-3
"4489","3679新至陞","110/07/14","台中銀-員林",2,0,2
"4490","3679新至陞","110/07/14","摩根大通",5,7,-2
"4491","3679新至陞","110/07/14","凱基-高美館",2,0,2
"4492","3679新至陞","110/07/14","元大-板橋三民",0,2,-2
"4493","3679新至陞","110/07/14","元大-福營",2,0,2
"4494","3679新至陞","110/07/14","宏遠-中和",0,1,-1
"4495","3679新至陞","110/07/14","永豐金-松山",2,0,2
"4496","3679新至陞","110/07/14","元富-佳里",0,1,-1
"4497","3679新至陞","110/07/14","永豐金-萬盛",2,0,2
"4498","3679新至陞","110/07/14","(牛牛牛)亞-鑫豐",0,1,-1
"4499","3679新至陞","110/07/14","元富-松德",1,0,1
"4500","3679新至陞","110/07/14","中國信託-中壢",0,1,-1
"4501","2727王品","110/07/14","富邦-左營",102,1,101
"4502","2727王品","110/07/14","統一-城中",100,234,-134
"4503","2727王品","110/07/14","國泰-板橋",105,11,94
"4504","2727王品","110/07/14","富邦-台北",1,125,-124
"4505","2727王品","110/07/14","港商野村",149,72,77
"4506","2727王品","110/07/14","台灣摩根士丹利",1,48,-47
"4507","2727王品","110/07/14","合庫-台中",66,2,64
"4508","2727王品","110/07/14","國票-新莊",0,40,-40
"4509","2727王品","110/07/14","臺銀-金山",63,8,55
"4510","2727王品","110/07/14","永豐金-忠孝",2,39,-37
"4511","2727王品","110/07/14","摩根大通",83,39,44
"4512","2727王品","110/07/14","富邦-彰化",1,34,-33
"4513","2727王品","110/07/14","凱基-台北",84,42,42
"4514","2727王品","110/07/14","康和-高雄",0,30,-30
"4515","2727王品","110/07/14","土銀-台中",35,1,34
"4516","2727王品","110/07/14","安泰",0,26,-26
"4517","2727王品","110/07/14","華南永昌-麻豆",32,1,31
"4518","2727王品","110/07/14","富邦-新竹華信",0,21,-21
"4519","2727王品","110/07/14","元大證券",85,55,30
"4520","2727王品","110/07/14","元大-南崁",1,22,-21
"4521","2727王品","110/07/14","新加坡商瑞銀",40,15,25
"4522","2727王品","110/07/14","彰銀-台中",0,18,-18
"4523","2727王品","110/07/14","日盛-八德",19,0,19
"4524","2727王品","110/07/14","元富-同大",2,20,-18
"4525","2727王品","110/07/14","統一",35,17,18
"4526","2727王品","110/07/14","玉山-嘉義",1,17,-16
"4527","2727王品","110/07/14","元富-大昌",18,1,17
"4528","2727王品","110/07/14","國泰-館前",4,20,-16
"4529","2727王品","110/07/14","玉山-板橋",15,1,14
"4530","2727王品","110/07/14","第一金-嘉義",1,13,-12
"4531","1570力肯","110/07/14","國票-北高雄",68,0,68
"4532","1570力肯","110/07/14","摩根大通",0,21,-21
"4533","1570力肯","110/07/14","日盛-八德",30,1,29
"4534","1570力肯","110/07/14","新光",1,19,-18
"4535","1570力肯","110/07/14","玉山-高雄",7,0,7
"4536","1570力肯","110/07/14","(牛牛牛)亞-鑫豐",0,17,-17
"4537","1570力肯","110/07/14","臺銀-臺南",5,0,5
"4538","1570力肯","110/07/14","日盛-士林",0,10,-10
"4539","1570力肯","110/07/14","凱基-三峽",5,0,5
"4540","1570力肯","110/07/14","統一-員林",0,10,-10
"4541","1570力肯","110/07/14","元大-和平",5,0,5
"4542","1570力肯","110/07/14","國票-新莊",0,10,-10
"4543","1570力肯","110/07/14","合庫-三重",4,0,4
"4544","1570力肯","110/07/14","凱基-高美館",0,10,-10
"4545","1570力肯","110/07/14","瑞士信貸",4,0,4
"4546","1570力肯","110/07/14","元大-屏東民生",0,5,-5
"4547","1570力肯","110/07/14","統一-三多",4,0,4
"4548","1570力肯","110/07/14","元大-古亭",0,5,-5
"4549","1570力肯","110/07/14","華南永昌-古亭",4,0,4
"4550","1570力肯","110/07/14","日盛-木柵",0,4,-4
"4551","1570力肯","110/07/14","元大-高雄",3,0,3
"4552","1570力肯","110/07/14","大昌",0,4,-4
"4553","1570力肯","110/07/14","兆豐-忠孝",2,0,2
"4554","1570力肯","110/07/14","群益金鼎-東大",0,4,-4
"4555","1570力肯","110/07/14","富邦-陽明",2,0,2
"4556","1570力肯","110/07/14","凱基-台北",0,4,-4
"4557","1570力肯","110/07/14","元大-松山",2,0,2
"4558","1570力肯","110/07/14","元大-板橋",0,4,-4
"4559","1570力肯","110/07/14","元大-忠孝",2,0,2
"4560","1570力肯","110/07/14","第一金-中山",0,3,-3
"4561","6180橘子","110/07/14","新加坡商瑞銀",84,28,56
"4562","6180橘子","110/07/14","凱基-台北",4,37,-33
"4563","6180橘子","110/07/14","日盛-信義",29,1,28
"4564","6180橘子","110/07/14","玉山-台南",1,22,-21
"4565","6180橘子","110/07/14","豐農",28,4,24
"4566","6180橘子","110/07/14","日盛-新竹",1,21,-20
"4567","6180橘子","110/07/14","新光-新竹",24,1,23
"4568","6180橘子","110/07/14","元富-潮州",0,19,-19
"4569","6180橘子","110/07/14","華南永昌-高雄",20,0,20
"4570","6180橘子","110/07/14","元大-信義",0,17,-17
"4571","6180橘子","110/07/14","元大-羅東",20,0,20
"4572","6180橘子","110/07/14","台灣企銀-台中",1,16,-15
"4573","6180橘子","110/07/14","元大-台中中港",20,0,20
"4574","6180橘子","110/07/14","元大-北港",0,15,-15
"4575","6180橘子","110/07/14","富邦-嘉義",24,5,19
"4576","6180橘子","110/07/14","富邦-高雄",0,14,-14
"4577","6180橘子","110/07/14","富邦-仁愛",15,0,15
"4578","6180橘子","110/07/14","兆豐-埔墘",0,13,-13
"4579","6180橘子","110/07/14","國票-九鼎",13,0,13
"4580","6180橘子","110/07/14","第一金-中山",0,10,-10
"4581","6180橘子","110/07/14","日盛-木柵",12,0,12
"4582","6180橘子","110/07/14","元大-彰化民生",0,10,-10
"4583","6180橘子","110/07/14","元大-成功",10,0,10
"4584","6180橘子","110/07/14","福勝",1,10,-9
"4585","6180橘子","110/07/14","港商野村",10,2,8
"4586","6180橘子","110/07/14","群益金鼎-丹鳳",1,10,-9
"4587","6180橘子","110/07/14","玉山-左營",8,0,8
"4588","6180橘子","110/07/14","群益金鼎-板橋",0,8,-8
"4589","6180橘子","110/07/14","富邦-陽明",16,8,8
"4590","6180橘子","110/07/14","合庫-鳳山",0,7,-7
"4591","2390云辰","110/07/14","摩根大通",995,198,797
"4592","2390云辰","110/07/14","新加坡商瑞銀",28,399,-371
"4593","2390云辰","110/07/14","美林",383,22,361
"4594","2390云辰","110/07/14","凱基-新豐",3,198,-195
"4595","2390云辰","110/07/14","台灣摩根士丹利",684,358,326
"4596","2390云辰","110/07/14","元大-士林",1,152,-151
"4597","2390云辰","110/07/14","凱基-台北",656,402,254
"4598","2390云辰","110/07/14","元大-竹山",80,181,-101
"4599","2390云辰","110/07/14","日盛-和美",110,5,105
"4600","2390云辰","110/07/14","群益金鼎-開元",19,95,-76
"4601","2390云辰","110/07/14","元大-天母",72,0,72
"4602","2390云辰","110/07/14","新光",77,150,-73
"4603","2390云辰","110/07/14","永豐金-松山",57,0,57
"4604","2390云辰","110/07/14","元富-高雄",0,71,-71
"4605","2390云辰","110/07/14","統一-屏東",53,0,53
"4606","2390云辰","110/07/14","元大-土城學府",130,201,-71
"4607","2390云辰","110/07/14","港商野村",486,450,36
"4608","2390云辰","110/07/14","元大-善化",12,76,-64
"4609","2390云辰","110/07/14","致和-崇德",30,0,30
"4610","2390云辰","110/07/14","華南永昌-岡山",23,81,-58
"4611","2390云辰","110/07/14","富邦-台北",40,14,26
"4612","2390云辰","110/07/14","群益金鼎-大興",82,125,-43
"4613","2390云辰","110/07/14","台新-高雄",38,13,25
"4614","2390云辰","110/07/14","大慶-中壢",0,41,-41
"4615","2390云辰","110/07/14","富邦-板橋",32,7,25
"4616","2390云辰","110/07/14","玉山-板橋",6,47,-41
"4617","2390云辰","110/07/14","陽信-石牌",24,0,24
"4618","2390云辰","110/07/14","富邦-台東",2,42,-40
"4619","2390云辰","110/07/14","凱基-屏東",32,8,24
"4620","2390云辰","110/07/14","元大-新營",3,42,-39
"4621","2363矽統","110/07/14","台灣摩根士丹利",463,0,463
"4622","2363矽統","110/07/14","新加坡商瑞銀",568,1321,-753
"4623","2363矽統","110/07/14","台新證券",750,342,408
"4624","2363矽統","110/07/14","瑞士信貸",149,864,-715
"4625","2363矽統","110/07/14","玉山-台中",363,51,312
"4626","2363矽統","110/07/14","台新-屏東",115,380,-265
"4627","2363矽統","110/07/14","元大-斗六",223,25,198
"4628","2363矽統","110/07/14","永豐金證券",16,265,-249
"4629","2363矽統","110/07/14","華南永昌-朴子",208,38,170
"4630","2363矽統","110/07/14","美林",462,701,-239
"4631","2363矽統","110/07/14","元富-西松",169,12,157
"4632","2363矽統","110/07/14","宏遠-桃園",269,500,-231
"4633","2363矽統","110/07/14","永豐金-大園",146,6,140
"4634","2363矽統","110/07/14","凱基-竹北",36,254,-218
"4635","2363矽統","110/07/14","土銀-和平",134,0,134
"4636","2363矽統","110/07/14","港商法國興業",0,214,-214
"4637","2363矽統","110/07/14","富邦-新營",130,13,117
"4638","2363矽統","110/07/14","港商野村",835,1044,-209
"4639","2363矽統","110/07/14","元富-成功",118,11,107
"4640","2363矽統","110/07/14","北城證券",212,411,-199
"4641","2363矽統","110/07/14","元富-烏日",121,18,103
"4642","2363矽統","110/07/14","(牛牛牛)亞-鑫豐",51,241,-190
"4643","2363矽統","110/07/14","日盛-二林",120,18,102
"4644","2363矽統","110/07/14","國票-博愛",24,213,-189
"4645","2363矽統","110/07/14","兆豐-忠孝",98,2,96
"4646","2363矽統","110/07/14","大慶-蘆洲",134,316,-182
"4647","2363矽統","110/07/14","大慶-楊梅",92,3,89
"4648","2363矽統","110/07/14","彰銀-台中",15,193,-178
"4649","2363矽統","110/07/14","元富-三重",120,33,87
"4650","2363矽統","110/07/14","日盛-和美",18,185,-167
"4651","8112至上","110/07/14","新加坡商瑞銀",223,17,206
"4652","8112至上","110/07/14","瑞士信貸",8,170,-162
"4653","8112至上","110/07/14","摩根大通",285,129,156
"4654","8112至上","110/07/14","美林",55,202,-147
"4655","8112至上","110/07/14","花旗環球",124,0,124
"4656","8112至上","110/07/14","凱基-台北",325,436,-111
"4657","8112至上","110/07/14","兆豐-公益",117,4,113
"4658","8112至上","110/07/14","台中銀-台北",0,98,-98
"4659","8112至上","110/07/14","香港上海匯豐",111,0,111
"4660","8112至上","110/07/14","玉山-台大",17,107,-90
"4661","8112至上","110/07/14","永豐金-內湖",117,21,96
"4662","8112至上","110/07/14","康和-內湖",1,90,-89
"4663","8112至上","110/07/14","台灣摩根士丹利",108,16,92
"4664","8112至上","110/07/14","港商野村",21,84,-63
"4665","8112至上","110/07/14","元大-東蘆",77,0,77
"4666","8112至上","110/07/14","兆豐-北高雄",1,60,-59
"4667","8112至上","110/07/14","新光",108,48,60
"4668","8112至上","110/07/14","群益金鼎-海山",1,52,-51
"4669","8112至上","110/07/14","大慶-蘆洲",59,0,59
"4670","8112至上","110/07/14","群益金鼎-大安",0,50,-50
"4671","8112至上","110/07/14","華南永昌-台中",56,3,53
"4672","8112至上","110/07/14","富邦-仁愛",2,49,-47
"4673","8112至上","110/07/14","土銀-嘉義",52,2,50
"4674","8112至上","110/07/14","元大-金華",0,42,-42
"4675","8112至上","110/07/14","美商高盛",40,0,40
"4676","8112至上","110/07/14","元大-內湖",4,43,-39
"4677","8112至上","110/07/14","臺銀",63,29,34
"4678","8112至上","110/07/14","第一金-華江",2,37,-35
"4679","8112至上","110/07/14","元富-嘉義",31,0,31
"4680","8112至上","110/07/14","永豐金-苓雅",2,34,-32
"4681","1570力肯","110/07/14","國票-北高雄",68,0,68
"4682","1570力肯","110/07/14","摩根大通",0,21,-21
"4683","1570力肯","110/07/14","日盛-八德",30,1,29
"4684","1570力肯","110/07/14","新光",1,19,-18
"4685","1570力肯","110/07/14","玉山-高雄",7,0,7
"4686","1570力肯","110/07/14","(牛牛牛)亞-鑫豐",0,17,-17
"4687","1570力肯","110/07/14","臺銀-臺南",5,0,5
"4688","1570力肯","110/07/14","日盛-士林",0,10,-10
"4689","1570力肯","110/07/14","凱基-三峽",5,0,5
"4690","1570力肯","110/07/14","統一-員林",0,10,-10
"4691","1570力肯","110/07/14","元大-和平",5,0,5
"4692","1570力肯","110/07/14","國票-新莊",0,10,-10
"4693","1570力肯","110/07/14","合庫-三重",4,0,4
"4694","1570力肯","110/07/14","凱基-高美館",0,10,-10
"4695","1570力肯","110/07/14","瑞士信貸",4,0,4
"4696","1570力肯","110/07/14","元大-屏東民生",0,5,-5
"4697","1570力肯","110/07/14","統一-三多",4,0,4
"4698","1570力肯","110/07/14","元大-古亭",0,5,-5
"4699","1570力肯","110/07/14","華南永昌-古亭",4,0,4
"4700","1570力肯","110/07/14","日盛-木柵",0,4,-4
"4701","1570力肯","110/07/14","元大-高雄",3,0,3
"4702","1570力肯","110/07/14","大昌",0,4,-4
"4703","1570力肯","110/07/14","兆豐-忠孝",2,0,2
"4704","1570力肯","110/07/14","群益金鼎-東大",0,4,-4
"4705","1570力肯","110/07/14","富邦-陽明",2,0,2
"4706","1570力肯","110/07/14","凱基-台北",0,4,-4
"4707","1570力肯","110/07/14","元大-松山",2,0,2
"4708","1570力肯","110/07/14","元大-板橋",0,4,-4
"4709","1570力肯","110/07/14","元大-忠孝",2,0,2
"4710","1570力肯","110/07/14","第一金-中山",0,3,-3
"4711","2929淘帝","110/07/14","華南永昌-林口",60,0,60
"4712","2929淘帝","110/07/14","群益金鼎",25,540,-515
"4713","2929淘帝","110/07/14","美林",87,31,56
"4714","2929淘帝","110/07/14","國泰-台南",1,30,-29
"4715","2929淘帝","110/07/14","元富-台南",40,0,40
"4716","2929淘帝","110/07/14","宏遠-桃園",0,20,-20
"4717","2929淘帝","110/07/14","元大-民生",39,0,39
"4718","2929淘帝","110/07/14","摩根大通",11,31,-20
"4719","2929淘帝","110/07/14","臺銀-鳳山",34,0,34
"4720","2929淘帝","110/07/14","台新-建北",5,20,-15
"4721","2929淘帝","110/07/14","合庫-高雄",34,1,33
"4722","2929淘帝","110/07/14","新光",1,16,-15
"4723","2929淘帝","110/07/14","華南永昌-鶯歌",28,0,28
"4724","2929淘帝","110/07/14","玉山-板橋",0,15,-15
"4725","2929淘帝","110/07/14","永興",25,0,25
"4726","2929淘帝","110/07/14","凱基-羅東",0,15,-15
"4727","2929淘帝","110/07/14","元大-新盛",25,1,24
"4728","2929淘帝","110/07/14","元大-頭份",0,15,-15
"4729","2929淘帝","110/07/14","日盛-南京",23,0,23
"4730","2929淘帝","110/07/14","第一金-台南",0,13,-13
"4731","2929淘帝","110/07/14","日茂",20,0,20
"4732","2929淘帝","110/07/14","富邦-基隆",0,12,-12
"4733","2929淘帝","110/07/14","台新-台中",20,0,20
"4734","2929淘帝","110/07/14","日茂-南投",1,12,-11
"4735","2929淘帝","110/07/14","華南永昌",20,0,20
"4736","2929淘帝","110/07/14","元大-豐原站前",0,11,-11
"4737","2929淘帝","110/07/14","福勝",15,0,15
"4738","2929淘帝","110/07/14","玉山-士林",0,10,-10
"4739","2929淘帝","110/07/14","富邦-南屯",15,0,15
"4740","2929淘帝","110/07/14","富邦-台北",0,10,-10
"4741","5410國眾","110/07/14","兆豐-城中",35,0,35
"4742","5410國眾","110/07/14","瑞士信貸",0,29,-29
"4743","5410國眾","110/07/14","新光",21,1,20
"4744","5410國眾","110/07/14","國泰-板橋",1,30,-29
"4745","5410國眾","110/07/14","國泰-敦南",21,1,20
"4746","5410國眾","110/07/14","日盛-高雄",0,20,-20
"4747","5410國眾","110/07/14","國泰-台中",20,1,19
"4748","5410國眾","110/07/14","台新-左楠",1,20,-19
"4749","5410國眾","110/07/14","元大-崇德",19,0,19
"4750","5410國眾","110/07/14","元富-大昌",1,18,-17
"4751","5410國眾","110/07/14","土銀-士林",18,0,18
"4752","5410國眾","110/07/14","富邦-建國",0,15,-15
"4753","5410國眾","110/07/14","元大-新盛",20,2,18
"4754","5410國眾","110/07/14","元富-嘉義",0,12,-12
"4755","5410國眾","110/07/14","兆豐-高雄",15,0,15
"4756","5410國眾","110/07/14","永全-南崁",0,12,-12
"4757","5410國眾","110/07/14","宏遠-中和",10,0,10
"4758","5410國眾","110/07/14","元大-員林",0,11,-11
"4759","5410國眾","110/07/14","新光-桃園",10,0,10
"4760","5410國眾","110/07/14","高橋",0,10,-10
"4761","5410國眾","110/07/14","國泰-台南",10,0,10
"4762","5410國眾","110/07/14","永興",0,10,-10
"4763","5410國眾","110/07/14","元大-復北",10,0,10
"4764","5410國眾","110/07/14","華南永昌-三重",0,10,-10
"4765","5410國眾","110/07/14","元大-竹科",8,0,8
"4766","5410國眾","110/07/14","元大-苑裡",0,7,-7
"4767","5410國眾","110/07/14","台新-新營",6,0,6
"4768","5410國眾","110/07/14","港商野村",0,6,-6
"4769","5410國眾","110/07/14","日盛-士林",5,0,5
"4770","5410國眾","110/07/14","摩根大通",5,11,-6
"4771","2841台開","110/07/14","凱基-文心",73,0,73
"4772","2841台開","110/07/14","國泰-敦南",0,50,-50
"4773","2841台開","110/07/14","元富-潮州",30,0,30
"4774","2841台開","110/07/14","凱基-中壢",0,40,-40
"4775","2841台開","110/07/14","第一金-台中",20,0,20
"4776","2841台開","110/07/14","統一-新竹",0,24,-24
"4777","2841台開","110/07/14","華南永昌-新莊",20,0,20
"4778","2841台開","110/07/14","元富-草屯",0,20,-20
"4779","2841台開","110/07/14","永豐金-豐原",20,0,20
"4780","2841台開","110/07/14","台新-台南",0,20,-20
"4781","2841台開","110/07/14","國泰-館前",15,0,15
"4782","2841台開","110/07/14","永豐金-敦南",45,63,-18
"4783","2841台開","110/07/14","群益金鼎-基隆",12,0,12
"4784","2841台開","110/07/14","國票-北高雄",0,13,-13
"4785","2841台開","110/07/14","日盛-信義",10,0,10
"4786","2841台開","110/07/14","凱基-松山",0,10,-10
"4787","2841台開","110/07/14","台新-台中",10,0,10
"4788","2841台開","110/07/14","元大證券",0,10,-10
"4789","2841台開","110/07/14","新光",10,1,9
"4790","2841台開","110/07/14","元大-中壢",0,10,-10
"4791","2841台開","110/07/14","凱基-新店",8,0,8
"4792","2841台開","110/07/14","富邦-陽明",1,10,-9
"4793","2841台開","110/07/14","元大-斗信",7,0,7
"4794","2841台開","110/07/14","富邦-建國",0,9,-9
"4795","2841台開","110/07/14","元大-三重",6,0,6
"4796","2841台開","110/07/14","富邦-台南",0,8,-8
"4797","2841台開","110/07/14","永豐金-中和",6,0,6
"4798","2841台開","110/07/14","康和-澎湖",0,7,-7
"4799","2841台開","110/07/14","元富-成功",5,0,5
"4800","2841台開","110/07/14","日盛-斗六",0,6,-6
"4801","6207雷科","110/07/14","群益金鼎-台北",60,0,60
"4802","6207雷科","110/07/14","新加坡商瑞銀",10,56,-46
"4803","6207雷科","110/07/14","台新-高雄",43,3,40
"4804","6207雷科","110/07/14","國票-中和",0,41,-41
"4805","6207雷科","110/07/14","元大-高雄",19,0,19
"4806","6207雷科","110/07/14","元大-復北",0,33,-33
"4807","6207雷科","110/07/14","福勝",15,0,15
"4808","6207雷科","110/07/14","光和-和美",0,20,-20
"4809","6207雷科","110/07/14","群益金鼎-中山",15,0,15
"4810","6207雷科","110/07/14","群益金鼎-丹鳳",0,20,-20
"4811","6207雷科","110/07/14","元大-林園",15,0,15
"4812","6207雷科","110/07/14","第一金-路竹",0,10,-10
"4813","6207雷科","110/07/14","新光",12,0,12
"4814","6207雷科","110/07/14","元大-歸仁",0,10,-10
"4815","6207雷科","110/07/14","元大-大天母",10,0,10
"4816","6207雷科","110/07/14","宏遠-館前",0,9,-9
"4817","6207雷科","110/07/14","永豐金-忠孝",9,0,9
"4818","6207雷科","110/07/14","凱基-台北",12,20,-8
"4819","6207雷科","110/07/14","永豐金-新店",7,0,7
"4820","6207雷科","110/07/14","美林",0,7,-7
"4821","6207雷科","110/07/14","玉山-嘉義",6,0,6
"4822","6207雷科","110/07/14","摩根大通",16,23,-7
"4823","6207雷科","110/07/14","元大-屏東",6,0,6
"4824","6207雷科","110/07/14","凱基-高雄",1,7,-6
"4825","6207雷科","110/07/14","凱基-大安",5,0,5
"4826","6207雷科","110/07/14","台中銀-豐原",0,5,-5
"4827","6207雷科","110/07/14","富邦-台南",5,0,5
"4828","6207雷科","110/07/14","元大-新竹經國",0,5,-5
"4829","6207雷科","110/07/14","元大-成功",5,0,5
"4830","6207雷科","110/07/14","光和-田中",0,4,-4
"4831","3679新至陞","110/07/14","凱基-台北",31,6,25
"4832","3679新至陞","110/07/14","群益金鼎-東大",0,15,-15
"4833","3679新至陞","110/07/14","華南永昌-新莊",10,0,10
"4834","3679新至陞","110/07/14","瑞士信貸",0,12,-12
"4835","3679新至陞","110/07/14","新加坡商瑞銀",11,3,8
"4836","3679新至陞","110/07/14","群益金鼎-永和",0,10,-10
"4837","3679新至陞","110/07/14","美商高盛",6,0,6
"4838","3679新至陞","110/07/14","元大-成功",5,15,-10
"4839","3679新至陞","110/07/14","第一金-中壢",6,0,6
"4840","3679新至陞","110/07/14","統一-板橋",1,10,-9
"4841","3679新至陞","110/07/14","(牛牛牛)亞-網路",4,0,4
"4842","3679新至陞","110/07/14","玉山-左營",0,5,-5
"4843","3679新至陞","110/07/14","元大-六合",3,0,3
"4844","3679新至陞","110/07/14","群益金鼎-三民",0,4,-4
"4845","3679新至陞","110/07/14","合庫-自強",2,0,2
"4846","3679新至陞","110/07/14","富邦-宜蘭",0,4,-4
"4847","3679新至陞","110/07/14","高橋-內壢",2,0,2
"4848","3679新至陞","110/07/14","永豐金-苓雅",0,3,-3
"4849","3679新至陞","110/07/14","台中銀-員林",2,0,2
"4850","3679新至陞","110/07/14","摩根大通",5,7,-2
"4851","3679新至陞","110/07/14","凱基-高美館",2,0,2
"4852","3679新至陞","110/07/14","元大-板橋三民",0,2,-2
"4853","3679新至陞","110/07/14","元大-福營",2,0,2
"4854","3679新至陞","110/07/14","宏遠-中和",0,1,-1
"4855","3679新至陞","110/07/14","永豐金-松山",2,0,2
"4856","3679新至陞","110/07/14","元富-佳里",0,1,-1
"4857","3679新至陞","110/07/14","永豐金-萬盛",2,0,2
"4858","3679新至陞","110/07/14","(牛牛牛)亞-鑫豐",0,1,-1
"4859","3679新至陞","110/07/14","元富-松德",1,0,1
"4860","3679新至陞","110/07/14","中國信託-中壢",0,1,-1
"4861","2727王品","110/07/14","富邦-左營",102,1,101
"4862","2727王品","110/07/14","統一-城中",100,234,-134
"4863","2727王品","110/07/14","國泰-板橋",105,11,94
"4864","2727王品","110/07/14","富邦-台北",1,125,-124
"4865","2727王品","110/07/14","港商野村",149,72,77
"4866","2727王品","110/07/14","台灣摩根士丹利",1,48,-47
"4867","2727王品","110/07/14","合庫-台中",66,2,64
"4868","2727王品","110/07/14","國票-新莊",0,40,-40
"4869","2727王品","110/07/14","臺銀-金山",63,8,55
"4870","2727王品","110/07/14","永豐金-忠孝",2,39,-37
"4871","2727王品","110/07/14","摩根大通",83,39,44
"4872","2727王品","110/07/14","富邦-彰化",1,34,-33
"4873","2727王品","110/07/14","凱基-台北",84,42,42
"4874","2727王品","110/07/14","康和-高雄",0,30,-30
"4875","2727王品","110/07/14","土銀-台中",35,1,34
"4876","2727王品","110/07/14","安泰",0,26,-26
"4877","2727王品","110/07/14","華南永昌-麻豆",32,1,31
"4878","2727王品","110/07/14","富邦-新竹華信",0,21,-21
"4879","2727王品","110/07/14","元大證券",85,55,30
"4880","2727王品","110/07/14","元大-南崁",1,22,-21
"4881","2727王品","110/07/14","新加坡商瑞銀",40,15,25
"4882","2727王品","110/07/14","彰銀-台中",0,18,-18
"4883","2727王品","110/07/14","日盛-八德",19,0,19
"4884","2727王品","110/07/14","元富-同大",2,20,-18
"4885","2727王品","110/07/14","統一",35,17,18
"4886","2727王品","110/07/14","玉山-嘉義",1,17,-16
"4887","2727王品","110/07/14","元富-大昌",18,1,17
"4888","2727王品","110/07/14","國泰-館前",4,20,-16
"4889","2727王品","110/07/14","玉山-板橋",15,1,14
"4890","2727王品","110/07/14","第一金-嘉義",1,13,-12
"4891","1570力肯","110/07/14","國票-北高雄",68,0,68
"4892","1570力肯","110/07/14","摩根大通",0,21,-21
"4893","1570力肯","110/07/14","日盛-八德",30,1,29
"4894","1570力肯","110/07/14","新光",1,19,-18
"4895","1570力肯","110/07/14","玉山-高雄",7,0,7
"4896","1570力肯","110/07/14","(牛牛牛)亞-鑫豐",0,17,-17
"4897","1570力肯","110/07/14","臺銀-臺南",5,0,5
"4898","1570力肯","110/07/14","日盛-士林",0,10,-10
"4899","1570力肯","110/07/14","凱基-三峽",5,0,5
"4900","1570力肯","110/07/14","統一-員林",0,10,-10
"4901","1570力肯","110/07/14","元大-和平",5,0,5
"4902","1570力肯","110/07/14","國票-新莊",0,10,-10
"4903","1570力肯","110/07/14","合庫-三重",4,0,4
"4904","1570力肯","110/07/14","凱基-高美館",0,10,-10
"4905","1570力肯","110/07/14","瑞士信貸",4,0,4
"4906","1570力肯","110/07/14","元大-屏東民生",0,5,-5
"4907","1570力肯","110/07/14","統一-三多",4,0,4
"4908","1570力肯","110/07/14","元大-古亭",0,5,-5
"4909","1570力肯","110/07/14","華南永昌-古亭",4,0,4
"4910","1570力肯","110/07/14","日盛-木柵",0,4,-4
"4911","1570力肯","110/07/14","元大-高雄",3,0,3
"4912","1570力肯","110/07/14","大昌",0,4,-4
"4913","1570力肯","110/07/14","兆豐-忠孝",2,0,2
"4914","1570力肯","110/07/14","群益金鼎-東大",0,4,-4
"4915","1570力肯","110/07/14","富邦-陽明",2,0,2
"4916","1570力肯","110/07/14","凱基-台北",0,4,-4
"4917","1570力肯","110/07/14","元大-松山",2,0,2
"4918","1570力肯","110/07/14","元大-板橋",0,4,-4
"4919","1570力肯","110/07/14","元大-忠孝",2,0,2
"4920","1570力肯","110/07/14","第一金-中山",0,3,-3
"4921","6180橘子","110/07/14","新加坡商瑞銀",84,28,56
"4922","6180橘子","110/07/14","凱基-台北",4,37,-33
"4923","6180橘子","110/07/14","日盛-信義",29,1,28
"4924","6180橘子","110/07/14","玉山-台南",1,22,-21
"4925","6180橘子","110/07/14","豐農",28,4,24
"4926","6180橘子","110/07/14","日盛-新竹",1,21,-20
"4927","6180橘子","110/07/14","新光-新竹",24,1,23
"4928","6180橘子","110/07/14","元富-潮州",0,19,-19
"4929","6180橘子","110/07/14","華南永昌-高雄",20,0,20
"4930","6180橘子","110/07/14","元大-信義",0,17,-17
"4931","6180橘子","110/07/14","元大-羅東",20,0,20
"4932","6180橘子","110/07/14","台灣企銀-台中",1,16,-15
"4933","6180橘子","110/07/14","元大-台中中港",20,0,20
"4934","6180橘子","110/07/14","元大-北港",0,15,-15
"4935","6180橘子","110/07/14","富邦-嘉義",24,5,19
"4936","6180橘子","110/07/14","富邦-高雄",0,14,-14
"4937","6180橘子","110/07/14","富邦-仁愛",15,0,15
"4938","6180橘子","110/07/14","兆豐-埔墘",0,13,-13
"4939","6180橘子","110/07/14","國票-九鼎",13,0,13
"4940","6180橘子","110/07/14","第一金-中山",0,10,-10
"4941","6180橘子","110/07/14","日盛-木柵",12,0,12
"4942","6180橘子","110/07/14","元大-彰化民生",0,10,-10
"4943","6180橘子","110/07/14","元大-成功",10,0,10
"4944","6180橘子","110/07/14","福勝",1,10,-9
"4945","6180橘子","110/07/14","港商野村",10,2,8
"4946","6180橘子","110/07/14","群益金鼎-丹鳳",1,10,-9
"4947","6180橘子","110/07/14","玉山-左營",8,0,8
"4948","6180橘子","110/07/14","群益金鼎-板橋",0,8,-8
"4949","6180橘子","110/07/14","富邦-陽明",16,8,8
"4950","6180橘子","110/07/14","合庫-鳳山",0,7,-7
"4951","2390云辰","110/07/14","摩根大通",995,198,797
"4952","2390云辰","110/07/14","新加坡商瑞銀",28,399,-371
"4953","2390云辰","110/07/14","美林",383,22,361
"4954","2390云辰","110/07/14","凱基-新豐",3,198,-195
"4955","2390云辰","110/07/14","台灣摩根士丹利",684,358,326
"4956","2390云辰","110/07/14","元大-士林",1,152,-151
"4957","2390云辰","110/07/14","凱基-台北",656,402,254
"4958","2390云辰","110/07/14","元大-竹山",80,181,-101
"4959","2390云辰","110/07/14","日盛-和美",110,5,105
"4960","2390云辰","110/07/14","群益金鼎-開元",19,95,-76
"4961","2390云辰","110/07/14","元大-天母",72,0,72
"4962","2390云辰","110/07/14","新光",77,150,-73
"4963","2390云辰","110/07/14","永豐金-松山",57,0,57
"4964","2390云辰","110/07/14","元富-高雄",0,71,-71
"4965","2390云辰","110/07/14","統一-屏東",53,0,53
"4966","2390云辰","110/07/14","元大-土城學府",130,201,-71
"4967","2390云辰","110/07/14","港商野村",486,450,36
"4968","2390云辰","110/07/14","元大-善化",12,76,-64
"4969","2390云辰","110/07/14","致和-崇德",30,0,30
"4970","2390云辰","110/07/14","華南永昌-岡山",23,81,-58
"4971","2390云辰","110/07/14","富邦-台北",40,14,26
"4972","2390云辰","110/07/14","群益金鼎-大興",82,125,-43
"4973","2390云辰","110/07/14","台新-高雄",38,13,25
"4974","2390云辰","110/07/14","大慶-中壢",0,41,-41
"4975","2390云辰","110/07/14","富邦-板橋",32,7,25
"4976","2390云辰","110/07/14","玉山-板橋",6,47,-41
"4977","2390云辰","110/07/14","陽信-石牌",24,0,24
"4978","2390云辰","110/07/14","富邦-台東",2,42,-40
"4979","2390云辰","110/07/14","凱基-屏東",32,8,24
"4980","2390云辰","110/07/14","元大-新營",3,42,-39
"4981","2363矽統","110/07/14","台灣摩根士丹利",463,0,463
"4982","2363矽統","110/07/14","新加坡商瑞銀",568,1321,-753
"4983","2363矽統","110/07/14","台新證券",750,342,408
"4984","2363矽統","110/07/14","瑞士信貸",149,864,-715
"4985","2363矽統","110/07/14","玉山-台中",363,51,312
"4986","2363矽統","110/07/14","台新-屏東",115,380,-265
"4987","2363矽統","110/07/14","元大-斗六",223,25,198
"4988","2363矽統","110/07/14","永豐金證券",16,265,-249
"4989","2363矽統","110/07/14","華南永昌-朴子",208,38,170
"4990","2363矽統","110/07/14","美林",462,701,-239
"4991","2363矽統","110/07/14","元富-西松",169,12,157
"4992","2363矽統","110/07/14","宏遠-桃園",269,500,-231
"4993","2363矽統","110/07/14","永豐金-大園",146,6,140
"4994","2363矽統","110/07/14","凱基-竹北",36,254,-218
"4995","2363矽統","110/07/14","土銀-和平",134,0,134
"4996","2363矽統","110/07/14","港商法國興業",0,214,-214
"4997","2363矽統","110/07/14","富邦-新營",130,13,117
"4998","2363矽統","110/07/14","港商野村",835,1044,-209
"4999","2363矽統","110/07/14","元富-成功",118,11,107
"5000","2363矽統","110/07/14","北城證券",212,411,-199
"5001","2363矽統","110/07/14","元富-烏日",121,18,103
"5002","2363矽統","110/07/14","(牛牛牛)亞-鑫豐",51,241,-190
"5003","2363矽統","110/07/14","日盛-二林",120,18,102
"5004","2363矽統","110/07/14","國票-博愛",24,213,-189
"5005","2363矽統","110/07/14","兆豐-忠孝",98,2,96
"5006","2363矽統","110/07/14","大慶-蘆洲",134,316,-182
"5007","2363矽統","110/07/14","大慶-楊梅",92,3,89
"5008","2363矽統","110/07/14","彰銀-台中",15,193,-178
"5009","2363矽統","110/07/14","元富-三重",120,33,87
"5010","2363矽統","110/07/14","日盛-和美",18,185,-167
"5011","8112至上","110/07/14","新加坡商瑞銀",223,17,206
"5012","8112至上","110/07/14","瑞士信貸",8,170,-162
"5013","8112至上","110/07/14","摩根大通",285,129,156
"5014","8112至上","110/07/14","美林",55,202,-147
"5015","8112至上","110/07/14","花旗環球",124,0,124
"5016","8112至上","110/07/14","凱基-台北",325,436,-111
"5017","8112至上","110/07/14","兆豐-公益",117,4,113
"5018","8112至上","110/07/14","台中銀-台北",0,98,-98
"5019","8112至上","110/07/14","香港上海匯豐",111,0,111
"5020","8112至上","110/07/14","玉山-台大",17,107,-90
"5021","8112至上","110/07/14","永豐金-內湖",117,21,96
"5022","8112至上","110/07/14","康和-內湖",1,90,-89
"5023","8112至上","110/07/14","台灣摩根士丹利",108,16,92
"5024","8112至上","110/07/14","港商野村",21,84,-63
"5025","8112至上","110/07/14","元大-東蘆",77,0,77
"5026","8112至上","110/07/14","兆豐-北高雄",1,60,-59
"5027","8112至上","110/07/14","新光",108,48,60
"5028","8112至上","110/07/14","群益金鼎-海山",1,52,-51
"5029","8112至上","110/07/14","大慶-蘆洲",59,0,59
"5030","8112至上","110/07/14","群益金鼎-大安",0,50,-50
"5031","8112至上","110/07/14","華南永昌-台中",56,3,53
"5032","8112至上","110/07/14","富邦-仁愛",2,49,-47
"5033","8112至上","110/07/14","土銀-嘉義",52,2,50
"5034","8112至上","110/07/14","元大-金華",0,42,-42
"5035","8112至上","110/07/14","美商高盛",40,0,40
"5036","8112至上","110/07/14","元大-內湖",4,43,-39
"5037","8112至上","110/07/14","臺銀",63,29,34
"5038","8112至上","110/07/14","第一金-華江",2,37,-35
"5039","8112至上","110/07/14","元富-嘉義",31,0,31
"5040","8112至上","110/07/14","永豐金-苓雅",2,34,-32
"5041","1570力肯","110/07/14","國票-北高雄",68,0,68
"5042","1570力肯","110/07/14","摩根大通",0,21,-21
"5043","1570力肯","110/07/14","日盛-八德",30,1,29
"5044","1570力肯","110/07/14","新光",1,19,-18
"5045","1570力肯","110/07/14","玉山-高雄",7,0,7
"5046","1570力肯","110/07/14","(牛牛牛)亞-鑫豐",0,17,-17
"5047","1570力肯","110/07/14","臺銀-臺南",5,0,5
"5048","1570力肯","110/07/14","日盛-士林",0,10,-10
"5049","1570力肯","110/07/14","凱基-三峽",5,0,5
"5050","1570力肯","110/07/14","統一-員林",0,10,-10
"5051","1570力肯","110/07/14","元大-和平",5,0,5
"5052","1570力肯","110/07/14","國票-新莊",0,10,-10
"5053","1570力肯","110/07/14","合庫-三重",4,0,4
"5054","1570力肯","110/07/14","凱基-高美館",0,10,-10
"5055","1570力肯","110/07/14","瑞士信貸",4,0,4
"5056","1570力肯","110/07/14","元大-屏東民生",0,5,-5
"5057","1570力肯","110/07/14","統一-三多",4,0,4
"5058","1570力肯","110/07/14","元大-古亭",0,5,-5
"5059","1570力肯","110/07/14","華南永昌-古亭",4,0,4
"5060","1570力肯","110/07/14","日盛-木柵",0,4,-4
"5061","1570力肯","110/07/14","元大-高雄",3,0,3
"5062","1570力肯","110/07/14","大昌",0,4,-4
"5063","1570力肯","110/07/14","兆豐-忠孝",2,0,2
"5064","1570力肯","110/07/14","群益金鼎-東大",0,4,-4
"5065","1570力肯","110/07/14","富邦-陽明",2,0,2
"5066","1570力肯","110/07/14","凱基-台北",0,4,-4
"5067","1570力肯","110/07/14","元大-松山",2,0,2
"5068","1570力肯","110/07/14","元大-板橋",0,4,-4
"5069","1570力肯","110/07/14","元大-忠孝",2,0,2
"5070","1570力肯","110/07/14","第一金-中山",0,3,-3
"5071","2929淘帝","110/07/14","華南永昌-林口",60,0,60
"5072","2929淘帝","110/07/14","群益金鼎",25,540,-515
"5073","2929淘帝","110/07/14","美林",87,31,56
"5074","2929淘帝","110/07/14","國泰-台南",1,30,-29
"5075","2929淘帝","110/07/14","元富-台南",40,0,40
"5076","2929淘帝","110/07/14","宏遠-桃園",0,20,-20
"5077","2929淘帝","110/07/14","元大-民生",39,0,39
"5078","2929淘帝","110/07/14","摩根大通",11,31,-20
"5079","2929淘帝","110/07/14","臺銀-鳳山",34,0,34
"5080","2929淘帝","110/07/14","台新-建北",5,20,-15
"5081","2929淘帝","110/07/14","合庫-高雄",34,1,33
"5082","2929淘帝","110/07/14","新光",1,16,-15
"5083","2929淘帝","110/07/14","華南永昌-鶯歌",28,0,28
"5084","2929淘帝","110/07/14","玉山-板橋",0,15,-15
"5085","2929淘帝","110/07/14","永興",25,0,25
"5086","2929淘帝","110/07/14","凱基-羅東",0,15,-15
"5087","2929淘帝","110/07/14","元大-新盛",25,1,24
"5088","2929淘帝","110/07/14","元大-頭份",0,15,-15
"5089","2929淘帝","110/07/14","日盛-南京",23,0,23
"5090","2929淘帝","110/07/14","第一金-台南",0,13,-13
"5091","2929淘帝","110/07/14","日茂",20,0,20
"5092","2929淘帝","110/07/14","富邦-基隆",0,12,-12
"5093","2929淘帝","110/07/14","台新-台中",20,0,20
"5094","2929淘帝","110/07/14","日茂-南投",1,12,-11
"5095","2929淘帝","110/07/14","華南永昌",20,0,20
"5096","2929淘帝","110/07/14","元大-豐原站前",0,11,-11
"5097","2929淘帝","110/07/14","福勝",15,0,15
"5098","2929淘帝","110/07/14","玉山-士林",0,10,-10
"5099","2929淘帝","110/07/14","富邦-南屯",15,0,15
"5100","2929淘帝","110/07/14","富邦-台北",0,10,-10
"5101","5410國眾","110/07/14","兆豐-城中",35,0,35
"5102","5410國眾","110/07/14","瑞士信貸",0,29,-29
"5103","5410國眾","110/07/14","新光",21,1,20
"5104","5410國眾","110/07/14","國泰-板橋",1,30,-29
"5105","5410國眾","110/07/14","國泰-敦南",21,1,20
"5106","5410國眾","110/07/14","日盛-高雄",0,20,-20
"5107","5410國眾","110/07/14","國泰-台中",20,1,19
"5108","5410國眾","110/07/14","台新-左楠",1,20,-19
"5109","5410國眾","110/07/14","元大-崇德",19,0,19
"5110","5410國眾","110/07/14","元富-大昌",1,18,-17
"5111","5410國眾","110/07/14","土銀-士林",18,0,18
"5112","5410國眾","110/07/14","富邦-建國",0,15,-15
"5113","5410國眾","110/07/14","元大-新盛",20,2,18
"5114","5410國眾","110/07/14","元富-嘉義",0,12,-12
"5115","5410國眾","110/07/14","兆豐-高雄",15,0,15
"5116","5410國眾","110/07/14","永全-南崁",0,12,-12
"5117","5410國眾","110/07/14","宏遠-中和",10,0,10
"5118","5410國眾","110/07/14","元大-員林",0,11,-11
"5119","5410國眾","110/07/14","新光-桃園",10,0,10
"5120","5410國眾","110/07/14","高橋",0,10,-10
"5121","5410國眾","110/07/14","國泰-台南",10,0,10
"5122","5410國眾","110/07/14","永興",0,10,-10
"5123","5410國眾","110/07/14","元大-復北",10,0,10
"5124","5410國眾","110/07/14","華南永昌-三重",0,10,-10
"5125","5410國眾","110/07/14","元大-竹科",8,0,8
"5126","5410國眾","110/07/14","元大-苑裡",0,7,-7
"5127","5410國眾","110/07/14","台新-新營",6,0,6
"5128","5410國眾","110/07/14","港商野村",0,6,-6
"5129","5410國眾","110/07/14","日盛-士林",5,0,5
"5130","5410國眾","110/07/14","摩根大通",5,11,-6
"5131","2841台開","110/07/14","凱基-文心",73,0,73
"5132","2841台開","110/07/14","國泰-敦南",0,50,-50
"5133","2841台開","110/07/14","元富-潮州",30,0,30
"5134","2841台開","110/07/14","凱基-中壢",0,40,-40
"5135","2841台開","110/07/14","第一金-台中",20,0,20
"5136","2841台開","110/07/14","統一-新竹",0,24,-24
"5137","2841台開","110/07/14","華南永昌-新莊",20,0,20
"5138","2841台開","110/07/14","元富-草屯",0,20,-20
"5139","2841台開","110/07/14","永豐金-豐原",20,0,20
"5140","2841台開","110/07/14","台新-台南",0,20,-20
"5141","2841台開","110/07/14","國泰-館前",15,0,15
"5142","2841台開","110/07/14","永豐金-敦南",45,63,-18
"5143","2841台開","110/07/14","群益金鼎-基隆",12,0,12
"5144","2841台開","110/07/14","國票-北高雄",0,13,-13
"5145","2841台開","110/07/14","日盛-信義",10,0,10
"5146","2841台開","110/07/14","凱基-松山",0,10,-10
"5147","2841台開","110/07/14","台新-台中",10,0,10
"5148","2841台開","110/07/14","元大證券",0,10,-10
"5149","2841台開","110/07/14","新光",10,1,9
"5150","2841台開","110/07/14","元大-中壢",0,10,-10
"5151","2841台開","110/07/14","凱基-新店",8,0,8
"5152","2841台開","110/07/14","富邦-陽明",1,10,-9
"5153","2841台開","110/07/14","元大-斗信",7,0,7
"5154","2841台開","110/07/14","富邦-建國",0,9,-9
"5155","2841台開","110/07/14","元大-三重",6,0,6
"5156","2841台開","110/07/14","富邦-台南",0,8,-8
"5157","2841台開","110/07/14","永豐金-中和",6,0,6
"5158","2841台開","110/07/14","康和-澎湖",0,7,-7
"5159","2841台開","110/07/14","元富-成功",5,0,5
"5160","2841台開","110/07/14","日盛-斗六",0,6,-6
"5161","6207雷科","110/07/14","群益金鼎-台北",60,0,60
"5162","6207雷科","110/07/14","新加坡商瑞銀",10,56,-46
"5163","6207雷科","110/07/14","台新-高雄",43,3,40
"5164","6207雷科","110/07/14","國票-中和",0,41,-41
"5165","6207雷科","110/07/14","元大-高雄",19,0,19
"5166","6207雷科","110/07/14","元大-復北",0,33,-33
"5167","6207雷科","110/07/14","福勝",15,0,15
"5168","6207雷科","110/07/14","光和-和美",0,20,-20
"5169","6207雷科","110/07/14","群益金鼎-中山",15,0,15
"5170","6207雷科","110/07/14","群益金鼎-丹鳳",0,20,-20
"5171","6207雷科","110/07/14","元大-林園",15,0,15
"5172","6207雷科","110/07/14","第一金-路竹",0,10,-10
"5173","6207雷科","110/07/14","新光",12,0,12
"5174","6207雷科","110/07/14","元大-歸仁",0,10,-10
"5175","6207雷科","110/07/14","元大-大天母",10,0,10
"5176","6207雷科","110/07/14","宏遠-館前",0,9,-9
"5177","6207雷科","110/07/14","永豐金-忠孝",9,0,9
"5178","6207雷科","110/07/14","凱基-台北",12,20,-8
"5179","6207雷科","110/07/14","永豐金-新店",7,0,7
"5180","6207雷科","110/07/14","美林",0,7,-7
"5181","6207雷科","110/07/14","玉山-嘉義",6,0,6
"5182","6207雷科","110/07/14","摩根大通",16,23,-7
"5183","6207雷科","110/07/14","元大-屏東",6,0,6
"5184","6207雷科","110/07/14","凱基-高雄",1,7,-6
"5185","6207雷科","110/07/14","凱基-大安",5,0,5
"5186","6207雷科","110/07/14","台中銀-豐原",0,5,-5
"5187","6207雷科","110/07/14","富邦-台南",5,0,5
"5188","6207雷科","110/07/14","元大-新竹經國",0,5,-5
"5189","6207雷科","110/07/14","元大-成功",5,0,5
"5190","6207雷科","110/07/14","光和-田中",0,4,-4
"5191","3679新至陞","110/07/14","凱基-台北",31,6,25
"5192","3679新至陞","110/07/14","群益金鼎-東大",0,15,-15
"5193","3679新至陞","110/07/14","華南永昌-新莊",10,0,10
"5194","3679新至陞","110/07/14","瑞士信貸",0,12,-12
"5195","3679新至陞","110/07/14","新加坡商瑞銀",11,3,8
"5196","3679新至陞","110/07/14","群益金鼎-永和",0,10,-10
"5197","3679新至陞","110/07/14","美商高盛",6,0,6
"5198","3679新至陞","110/07/14","元大-成功",5,15,-10
"5199","3679新至陞","110/07/14","第一金-中壢",6,0,6
"5200","3679新至陞","110/07/14","統一-板橋",1,10,-9
"5201","3679新至陞","110/07/14","(牛牛牛)亞-網路",4,0,4
"5202","3679新至陞","110/07/14","玉山-左營",0,5,-5
"5203","3679新至陞","110/07/14","元大-六合",3,0,3
"5204","3679新至陞","110/07/14","群益金鼎-三民",0,4,-4
"5205","3679新至陞","110/07/14","合庫-自強",2,0,2
"5206","3679新至陞","110/07/14","富邦-宜蘭",0,4,-4
"5207","3679新至陞","110/07/14","高橋-內壢",2,0,2
"5208","3679新至陞","110/07/14","永豐金-苓雅",0,3,-3
"5209","3679新至陞","110/07/14","台中銀-員林",2,0,2
"5210","3679新至陞","110/07/14","摩根大通",5,7,-2
"5211","3679新至陞","110/07/14","凱基-高美館",2,0,2
"5212","3679新至陞","110/07/14","元大-板橋三民",0,2,-2
"5213","3679新至陞","110/07/14","元大-福營",2,0,2
"5214","3679新至陞","110/07/14","宏遠-中和",0,1,-1
"5215","3679新至陞","110/07/14","永豐金-松山",2,0,2
"5216","3679新至陞","110/07/14","元富-佳里",0,1,-1
"5217","3679新至陞","110/07/14","永豐金-萬盛",2,0,2
"5218","3679新至陞","110/07/14","(牛牛牛)亞-鑫豐",0,1,-1
"5219","3679新至陞","110/07/14","元富-松德",1,0,1
"5220","3679新至陞","110/07/14","中國信託-中壢",0,1,-1
"5221","2727王品","110/07/14","富邦-左營",102,1,101
"5222","2727王品","110/07/14","統一-城中",100,234,-134
"5223","2727王品","110/07/14","國泰-板橋",105,11,94
"5224","2727王品","110/07/14","富邦-台北",1,125,-124
"5225","2727王品","110/07/14","港商野村",149,72,77
"5226","2727王品","110/07/14","台灣摩根士丹利",1,48,-47
"5227","2727王品","110/07/14","合庫-台中",66,2,64
"5228","2727王品","110/07/14","國票-新莊",0,40,-40
"5229","2727王品","110/07/14","臺銀-金山",63,8,55
"5230","2727王品","110/07/14","永豐金-忠孝",2,39,-37
"5231","2727王品","110/07/14","摩根大通",83,39,44
"5232","2727王品","110/07/14","富邦-彰化",1,34,-33
"5233","2727王品","110/07/14","凱基-台北",84,42,42
"5234","2727王品","110/07/14","康和-高雄",0,30,-30
"5235","2727王品","110/07/14","土銀-台中",35,1,34
"5236","2727王品","110/07/14","安泰",0,26,-26
"5237","2727王品","110/07/14","華南永昌-麻豆",32,1,31
"5238","2727王品","110/07/14","富邦-新竹華信",0,21,-21
"5239","2727王品","110/07/14","元大證券",85,55,30
"5240","2727王品","110/07/14","元大-南崁",1,22,-21
"5241","2727王品","110/07/14","新加坡商瑞銀",40,15,25
"5242","2727王品","110/07/14","彰銀-台中",0,18,-18
"5243","2727王品","110/07/14","日盛-八德",19,0,19
"5244","2727王品","110/07/14","元富-同大",2,20,-18
"5245","2727王品","110/07/14","統一",35,17,18
"5246","2727王品","110/07/14","玉山-嘉義",1,17,-16
"5247","2727王品","110/07/14","元富-大昌",18,1,17
"5248","2727王品","110/07/14","國泰-館前",4,20,-16
"5249","2727王品","110/07/14","玉山-板橋",15,1,14
"5250","2727王品","110/07/14","第一金-嘉義",1,13,-12
"5251","1570力肯","110/07/14","國票-北高雄",68,0,68
"5252","1570力肯","110/07/14","摩根大通",0,21,-21
"5253","1570力肯","110/07/14","日盛-八德",30,1,29
"5254","1570力肯","110/07/14","新光",1,19,-18
"5255","1570力肯","110/07/14","玉山-高雄",7,0,7
"5256","1570力肯","110/07/14","(牛牛牛)亞-鑫豐",0,17,-17
"5257","1570力肯","110/07/14","臺銀-臺南",5,0,5
"5258","1570力肯","110/07/14","日盛-士林",0,10,-10
"5259","1570力肯","110/07/14","凱基-三峽",5,0,5
"5260","1570力肯","110/07/14","統一-員林",0,10,-10
"5261","1570力肯","110/07/14","元大-和平",5,0,5
"5262","1570力肯","110/07/14","國票-新莊",0,10,-10
"5263","1570力肯","110/07/14","合庫-三重",4,0,4
"5264","1570力肯","110/07/14","凱基-高美館",0,10,-10
"5265","1570力肯","110/07/14","瑞士信貸",4,0,4
"5266","1570力肯","110/07/14","元大-屏東民生",0,5,-5
"5267","1570力肯","110/07/14","統一-三多",4,0,4
"5268","1570力肯","110/07/14","元大-古亭",0,5,-5
"5269","1570力肯","110/07/14","華南永昌-古亭",4,0,4
"5270","1570力肯","110/07/14","日盛-木柵",0,4,-4
"5271","1570力肯","110/07/14","元大-高雄",3,0,3
"5272","1570力肯","110/07/14","大昌",0,4,-4
"5273","1570力肯","110/07/14","兆豐-忠孝",2,0,2
"5274","1570力肯","110/07/14","群益金鼎-東大",0,4,-4
"5275","1570力肯","110/07/14","富邦-陽明",2,0,2
"5276","1570力肯","110/07/14","凱基-台北",0,4,-4
"5277","1570力肯","110/07/14","元大-松山",2,0,2
"5278","1570力肯","110/07/14","元大-板橋",0,4,-4
"5279","1570力肯","110/07/14","元大-忠孝",2,0,2
"5280","1570力肯","110/07/14","第一金-中山",0,3,-3
"5281","6180橘子","110/07/14","新加坡商瑞銀",84,28,56
"5282","6180橘子","110/07/14","凱基-台北",4,37,-33
"5283","6180橘子","110/07/14","日盛-信義",29,1,28
"5284","6180橘子","110/07/14","玉山-台南",1,22,-21
"5285","6180橘子","110/07/14","豐農",28,4,24
"5286","6180橘子","110/07/14","日盛-新竹",1,21,-20
"5287","6180橘子","110/07/14","新光-新竹",24,1,23
"5288","6180橘子","110/07/14","元富-潮州",0,19,-19
"5289","6180橘子","110/07/14","華南永昌-高雄",20,0,20
"5290","6180橘子","110/07/14","元大-信義",0,17,-17
"5291","6180橘子","110/07/14","元大-羅東",20,0,20
"5292","6180橘子","110/07/14","台灣企銀-台中",1,16,-15
"5293","6180橘子","110/07/14","元大-台中中港",20,0,20
"5294","6180橘子","110/07/14","元大-北港",0,15,-15
"5295","6180橘子","110/07/14","富邦-嘉義",24,5,19
"5296","6180橘子","110/07/14","富邦-高雄",0,14,-14
"5297","6180橘子","110/07/14","富邦-仁愛",15,0,15
"5298","6180橘子","110/07/14","兆豐-埔墘",0,13,-13
"5299","6180橘子","110/07/14","國票-九鼎",13,0,13
"5300","6180橘子","110/07/14","第一金-中山",0,10,-10
"5301","6180橘子","110/07/14","日盛-木柵",12,0,12
"5302","6180橘子","110/07/14","元大-彰化民生",0,10,-10
"5303","6180橘子","110/07/14","元大-成功",10,0,10
"5304","6180橘子","110/07/14","福勝",1,10,-9
"5305","6180橘子","110/07/14","港商野村",10,2,8
"5306","6180橘子","110/07/14","群益金鼎-丹鳳",1,10,-9
"5307","6180橘子","110/07/14","玉山-左營",8,0,8
"5308","6180橘子","110/07/14","群益金鼎-板橋",0,8,-8
"5309","6180橘子","110/07/14","富邦-陽明",16,8,8
"5310","6180橘子","110/07/14","合庫-鳳山",0,7,-7
"5311","2390云辰","110/07/14","摩根大通",995,198,797
"5312","2390云辰","110/07/14","新加坡商瑞銀",28,399,-371
"5313","2390云辰","110/07/14","美林",383,22,361
"5314","2390云辰","110/07/14","凱基-新豐",3,198,-195
"5315","2390云辰","110/07/14","台灣摩根士丹利",684,358,326
"5316","2390云辰","110/07/14","元大-士林",1,152,-151
"5317","2390云辰","110/07/14","凱基-台北",656,402,254
"5318","2390云辰","110/07/14","元大-竹山",80,181,-101
"5319","2390云辰","110/07/14","日盛-和美",110,5,105
"5320","2390云辰","110/07/14","群益金鼎-開元",19,95,-76
"5321","2390云辰","110/07/14","元大-天母",72,0,72
"5322","2390云辰","110/07/14","新光",77,150,-73
"5323","2390云辰","110/07/14","永豐金-松山",57,0,57
"5324","2390云辰","110/07/14","元富-高雄",0,71,-71
"5325","2390云辰","110/07/14","統一-屏東",53,0,53
"5326","2390云辰","110/07/14","元大-土城學府",130,201,-71
"5327","2390云辰","110/07/14","港商野村",486,450,36
"5328","2390云辰","110/07/14","元大-善化",12,76,-64
"5329","2390云辰","110/07/14","致和-崇德",30,0,30
"5330","2390云辰","110/07/14","華南永昌-岡山",23,81,-58
"5331","2390云辰","110/07/14","富邦-台北",40,14,26
"5332","2390云辰","110/07/14","群益金鼎-大興",82,125,-43
"5333","2390云辰","110/07/14","台新-高雄",38,13,25
"5334","2390云辰","110/07/14","大慶-中壢",0,41,-41
"5335","2390云辰","110/07/14","富邦-板橋",32,7,25
"5336","2390云辰","110/07/14","玉山-板橋",6,47,-41
"5337","2390云辰","110/07/14","陽信-石牌",24,0,24
"5338","2390云辰","110/07/14","富邦-台東",2,42,-40
"5339","2390云辰","110/07/14","凱基-屏東",32,8,24
"5340","2390云辰","110/07/14","元大-新營",3,42,-39
"5341","2363矽統","110/07/13","凱基-南崁",2133,63,2070
"5342","2363矽統","110/07/13","凱基-幸福",36,4048,-4012
"5343","2363矽統","110/07/13","國泰-敦南",2195,1617,578
"5344","2363矽統","110/07/13","統一",192,3325,-3133
"5345","2363矽統","110/07/13","中農",670,139,531
"5346","2363矽統","110/07/13","新加坡商瑞銀",1000,2747,-1747
"5347","2363矽統","110/07/13","康和-台中",638,154,484
"5348","2363矽統","110/07/13","凱基-台北",5359,6609,-1250
"5349","2363矽統","110/07/13","群益金鼎-三民",577,137,440
"5350","2363矽統","110/07/13","摩根大通",1930,2858,-928
"5351","2363矽統","110/07/13","台新-屏東",510,88,422
"5352","2363矽統","110/07/13","港商野村",960,1679,-719
"5353","2363矽統","110/07/13","德信-中正",455,67,388
"5354","2363矽統","110/07/13","兆豐-復興",25,705,-680
"5355","2363矽統","110/07/13","日盛-竹北",365,70,295
"5356","2363矽統","110/07/13","統一-仁愛",114,755,-641
"5357","2363矽統","110/07/13","元大-佳里",452,189,263
"5358","2363矽統","110/07/13","統一-敦南",29,638,-609
"5359","2363矽統","110/07/13","國票-博愛",296,38,258
"5360","2363矽統","110/07/13","統一-土城",100,704,-604
"5361","2363矽統","110/07/13","元大-萬華",340,95,245
"5362","2363矽統","110/07/13","統一-城中",116,676,-560
"5363","2363矽統","110/07/13","新光",1259,1031,228
"5364","2363矽統","110/07/13","永豐金證券",306,859,-553
"5365","2363矽統","110/07/13","元富-成功",323,96,227
"5366","2363矽統","110/07/13","元富",54,567,-513
"5367","2363矽統","110/07/13","豐農",228,23,205
"5368","2363矽統","110/07/13","瑞士信貸",202,666,-464
"5369","2363矽統","110/07/13","台灣企銀-岡山",186,4,182
"5370","2363矽統","110/07/13","永豐金-嘉義",67,468,-401
"5371","8112至上","110/07/13","摩根大通",688,296,392
"5372","8112至上","110/07/13","國票-中和",0,401,-401
"5373","8112至上","110/07/13","港商野村",344,145,199
"5374","8112至上","110/07/13","永豐金-板盛",0,205,-205
"5375","8112至上","110/07/13","兆豐-公益",195,5,190
"5376","8112至上","110/07/13","凱基-五股",43,155,-112
"5377","8112至上","110/07/13","台灣摩根士丹利",183,0,183
"5378","8112至上","110/07/13","凱基-市政",0,100,-100
"5379","8112至上","110/07/13","群益金鼎-敦南",153,2,151
"5380","8112至上","110/07/13","元大-大里德芳",1,92,-91
"5381","8112至上","110/07/13","臺銀-金山",146,26,120
"5382","8112至上","110/07/13","玉山-桃園",26,110,-84
"5383","8112至上","110/07/13","臺銀",133,19,114
"5384","8112至上","110/07/13","兆豐-天母",0,81,-81
"5385","8112至上","110/07/13","合庫-台中",115,6,109
"5386","8112至上","110/07/13","凱基-城中",3,84,-81
"5387","8112至上","110/07/13","亞東-板橋",134,26,108
"5388","8112至上","110/07/13","日盛-新莊",9,85,-76
"5389","8112至上","110/07/13","凱基-台北",414,326,88
"5390","8112至上","110/07/13","日盛-台中",2,64,-62
"5391","8112至上","110/07/13","新加坡商瑞銀",181,100,81
"5392","8112至上","110/07/13","日盛-中壢",3,64,-61
"5393","8112至上","110/07/13","國泰-敦南",108,31,77
"5394","8112至上","110/07/13","元大-台中",2,59,-57
"5395","8112至上","110/07/13","第一金-華江",77,4,73
"5396","8112至上","110/07/13","元大-雙和",7,64,-57
"5397","8112至上","110/07/13","永豐金-內湖",73,1,72
"5398","8112至上","110/07/13","元大-高雄",8,62,-54
"5399","8112至上","110/07/13","元大-永和",68,1,67
"5400","8112至上","110/07/13","元大-館前",2,55,-53
"5401","1570力肯","110/07/13","新光",115,11,104
"5402","1570力肯","110/07/13","元大-北三重",0,162,-162
"5403","1570力肯","110/07/13","群益金鼎-高雄",54,0,54
"5404","1570力肯","110/07/13","元大-大灣",0,25,-25
"5405","1570力肯","110/07/13","國票-新莊",22,0,22
"5406","1570力肯","110/07/13","永豐金-苓雅",0,22,-22
"5407","1570力肯","110/07/13","日盛-桃園",12,0,12
"5408","1570力肯","110/07/13","永豐金-永康",0,19,-19
"5409","1570力肯","110/07/13","元大-高雄",12,0,12
"5410","1570力肯","110/07/13","富邦-員林",0,15,-15
"5411","1570力肯","110/07/13","合庫-自強",11,0,11
"5412","1570力肯","110/07/13","凱基-台南",0,11,-11
"5413","1570力肯","110/07/13","摩根大通",26,15,11
"5414","1570力肯","110/07/13","日盛-竹北",0,10,-10
"5415","1570力肯","110/07/13","永豐金-中盛",11,0,11
"5416","1570力肯","110/07/13","國票-九鼎",0,10,-10
"5417","1570力肯","110/07/13","兆豐-台中港",10,0,10
"5418","1570力肯","110/07/13","凱基-桃園",0,10,-10
"5419","1570力肯","110/07/13","國泰-松江",9,0,9
"5420","1570力肯","110/07/13","凱基-新豐",0,10,-10
"5421","1570力肯","110/07/13","元大-新盛",9,0,9
"5422","1570力肯","110/07/13","元大-學甲",0,10,-10
"5423","1570力肯","110/07/13","元富-緯城",6,0,6
"5424","1570力肯","110/07/13","群益金鼎-東湖",1,10,-9
"5425","1570力肯","110/07/13","統一-三重",5,0,5
"5426","1570力肯","110/07/13","大昌",0,6,-6
"5427","1570力肯","110/07/13","元大-前金",5,0,5
"5428","1570力肯","110/07/13","元大-土城學府",0,6,-6
"5429","1570力肯","110/07/13","永豐金證券",5,0,5
"5430","1570力肯","110/07/13","統一",0,5,-5
"5431","2929淘帝","110/07/13","玉山-新竹",130,0,130
"5432","2929淘帝","110/07/13","美商高盛",0,177,-177
"5433","2929淘帝","110/07/13","臺銀-民權",60,0,60
"5434","2929淘帝","110/07/13","凱基-台北",6,80,-74
"5435","2929淘帝","110/07/13","新百王",31,0,31
"5436","2929淘帝","110/07/13","元富-大裕",0,49,-49
"5437","2929淘帝","110/07/13","日盛-園區",30,0,30
"5438","2929淘帝","110/07/13","國泰-館前",3,51,-48
"5439","2929淘帝","110/07/13","元大-南投",31,1,30
"5440","2929淘帝","110/07/13","凱基-中壢",0,41,-41
"5441","2929淘帝","110/07/13","兆豐-忠孝",28,0,28
"5442","2929淘帝","110/07/13","港商野村",21,55,-34
"5443","2929淘帝","110/07/13","元大-民生",28,0,28
"5444","2929淘帝","110/07/13","華南永昌-南京",2,34,-32
"5445","2929淘帝","110/07/13","合庫-高雄",27,0,27
"5446","2929淘帝","110/07/13","群益金鼎-土城",0,30,-30
"5447","2929淘帝","110/07/13","凱基-豐中",27,0,27
"5448","2929淘帝","110/07/13","富邦-南屯",0,22,-22
"5449","2929淘帝","110/07/13","新光",21,4,17
"5450","2929淘帝","110/07/13","第一金-豐原",0,20,-20
"5451","2929淘帝","110/07/13","元大-天母",17,0,17
"5452","2929淘帝","110/07/13","元大-屏南",6,26,-20
"5453","2929淘帝","110/07/13","永興",14,0,14
"5454","2929淘帝","110/07/13","永豐金-敦南",1,21,-20
"5455","2929淘帝","110/07/13","富邦-台北",12,0,12
"5456","2929淘帝","110/07/13","凱基-三重",2,21,-19
"5457","2929淘帝","110/07/13","元大-永和",12,0,12
"5458","2929淘帝","110/07/13","富邦-仁愛",7,25,-18
"5459","2929淘帝","110/07/13","國票-天祥",11,0,11
"5460","2929淘帝","110/07/13","元大-北投",0,16,-16
"5461","5410國眾","110/07/13","兆豐-城中",274,0,274
"5462","5410國眾","110/07/13","元富-嘉義",0,103,-103
"5463","5410國眾","110/07/13","新光",50,4,46
"5464","5410國眾","110/07/13","凱基-台北",0,50,-50
"5465","5410國眾","110/07/13","國泰-台中",26,0,26
"5466","5410國眾","110/07/13","瑞士信貸",0,31,-31
"5467","5410國眾","110/07/13","新加坡商瑞銀",22,0,22
"5468","5410國眾","110/07/13","台新-新莊",0,27,-27
"5469","5410國眾","110/07/13","光和-嘉義",20,0,20
"5470","5410國眾","110/07/13","元大-汐止",0,20,-20
"5471","5410國眾","110/07/13","凱基-竹北",17,0,17
"5472","5410國眾","110/07/13","亞東-新竹",0,17,-17
"5473","5410國眾","110/07/13","新光-桃園",15,0,15
"5474","5410國眾","110/07/13","元大-南勢角",0,13,-13
"5475","5410國眾","110/07/13","凱基-台東",14,0,14
"5476","5410國眾","110/07/13","台新-台南",0,12,-12
"5477","5410國眾","110/07/13","富邦-竹北",11,0,11
"5478","5410國眾","110/07/13","中國信託",0,11,-11
"5479","5410國眾","110/07/13","元富-同大",10,0,10
"5480","5410國眾","110/07/13","華南永昌",0,11,-11
"5481","5410國眾","110/07/13","國泰-敦南",24,15,9
"5482","5410國眾","110/07/13","臺銀-臺南",0,10,-10
"5483","5410國眾","110/07/13","日盛-內湖",7,0,7
"5484","5410國眾","110/07/13","台灣企銀-民雄",0,10,-10
"5485","5410國眾","110/07/13","台新-左楠",7,0,7
"5486","5410國眾","110/07/13","高橋",0,10,-10
"5487","5410國眾","110/07/13","元大-新盛",18,12,6
"5488","5410國眾","110/07/13","康和-嘉義",0,10,-10
"5489","5410國眾","110/07/13","統一",5,0,5
"5490","5410國眾","110/07/13","凱基-基隆",0,10,-10
"5491","2841台開","110/07/13","中國信託-高雄",251,50,201
"5492","2841台開","110/07/13","兆豐-公益",0,177,-177
"5493","2841台開","110/07/13","日盛證券",210,13,197
"5494","2841台開","110/07/13","日進",0,152,-152
"5495","2841台開","110/07/13","第一金-台中",55,0,55
"5496","2841台開","110/07/13","港商野村",0,109,-109
"5497","2841台開","110/07/13","國泰-板橋",46,0,46
"5498","2841台開","110/07/13","日盛-信義",0,103,-103
"5499","2841台開","110/07/13","國泰-館前",48,3,45
"5500","2841台開","110/07/13","國泰-敦南",11,75,-64
"5501","2841台開","110/07/13","華南永昌-新莊",45,0,45
"5502","2841台開","110/07/13","永興",0,50,-50
"5503","2841台開","110/07/13","日盛-園區",42,0,42
"5504","2841台開","110/07/13","永豐金-敦南",61,104,-43
"5505","2841台開","110/07/13","台新證券",32,0,32
"5506","2841台開","110/07/13","富邦-台南",0,42,-42
"5507","2841台開","110/07/13","台新-高雄",32,2,30
"5508","2841台開","110/07/13","國票-安和",0,30,-30
"5509","2841台開","110/07/13","豐農",23,0,23
"5510","2841台開","110/07/13","元大-桃園",0,25,-25
"5511","2841台開","110/07/13","合庫-嘉義",20,0,20
"5512","2841台開","110/07/13","新光",8,32,-24
"5513","2841台開","110/07/13","華南永昌-高雄",20,0,20
"5514","2841台開","110/07/13","元大-仁愛",0,24,-24
"5515","2841台開","110/07/13","元大-樹林",16,0,16
"5516","2841台開","110/07/13","日盛-中和",0,20,-20
"5517","2841台開","110/07/13","第一金-華江",15,2,13
"5518","2841台開","110/07/13","元富",0,20,-20
"5519","2841台開","110/07/13","美商高盛",12,0,12
"5520","2841台開","110/07/13","富邦-宜蘭",0,20,-20
"5521","6207雷科","110/07/13","元大-高雄",121,0,121
"5522","6207雷科","110/07/13","華南永昌-朴子",1,60,-59
"5523","6207雷科","110/07/13","第一金-新興",20,0,20
"5524","6207雷科","110/07/13","元大-南海",0,36,-36
"5525","6207雷科","110/07/13","元富-三重",20,0,20
"5526","6207雷科","110/07/13","凱基-土城",0,35,-35
"5527","6207雷科","110/07/13","元大-林園",15,0,15
"5528","6207雷科","110/07/13","台灣企銀",0,20,-20
"5529","6207雷科","110/07/13","元大-金華",16,1,15
"5530","6207雷科","110/07/13","群益金鼎-丹鳳",0,20,-20
"5531","6207雷科","110/07/13","日盛證券",10,0,10
"5532","6207雷科","110/07/13","元大-博愛",0,17,-17
"5533","6207雷科","110/07/13","統一-台中",10,0,10
"5534","6207雷科","110/07/13","元大-北港",0,13,-13
"5535","6207雷科","110/07/13","群益金鼎-土城",10,0,10
"5536","6207雷科","110/07/13","新加坡商瑞銀",0,12,-12
"5537","6207雷科","110/07/13","群益金鼎-桃園",10,0,10
"5538","6207雷科","110/07/13","凱基-台北",4,16,-12
"5539","6207雷科","110/07/13","永豐金-新莊",10,0,10
"5540","6207雷科","110/07/13","日茂-埔里",0,11,-11
"5541","6207雷科","110/07/13","永豐金-新店",10,0,10
"5542","6207雷科","110/07/13","元大-莒光",0,11,-11
"5543","6207雷科","110/07/13","元大證券",9,0,9
"5544","6207雷科","110/07/13","統一-新竹",0,10,-10
"5545","6207雷科","110/07/13","日盛-木柵",9,1,8
"5546","6207雷科","110/07/13","元大-西螺",0,10,-10
"5547","6207雷科","110/07/13","兆豐-來福",8,0,8
"5548","6207雷科","110/07/13","康和-台中",0,8,-8
"5549","6207雷科","110/07/13","新光",7,0,7
"5550","6207雷科","110/07/13","兆豐-高雄",0,6,-6
"5551","3679新至陞","110/07/13","永豐金證券",50,0,50
"5552","3679新至陞","110/07/13","摩根大通",2,25,-23
"5553","3679新至陞","110/07/13","國泰-桃園",22,0,22
"5554","3679新至陞","110/07/13","元大-成功",0,22,-22
"5555","3679新至陞","110/07/13","台中銀-員林",11,0,11
"5556","3679新至陞","110/07/13","富邦-板橋",1,19,-18
"5557","3679新至陞","110/07/13","元大-文心興安",8,0,8
"5558","3679新至陞","110/07/13","日盛-新莊",0,10,-10
"5559","3679新至陞","110/07/13","美商高盛",6,0,6
"5560","3679新至陞","110/07/13","台新-台中",0,10,-10
"5561","3679新至陞","110/07/13","台新-高雄",6,0,6
"5562","3679新至陞","110/07/13","永豐金-新竹",0,8,-8
"5563","3679新至陞","110/07/13","凱基-台北",18,12,6
"5564","3679新至陞","110/07/13","瑞士信貸",12,19,-7
"5565","3679新至陞","110/07/13","日盛-復興",5,0,5
"5566","3679新至陞","110/07/13","統一-南京",0,7,-7
"5567","3679新至陞","110/07/13","(牛牛牛)亞-鑫豐",4,0,4
"5568","3679新至陞","110/07/13","凱基-新莊",0,7,-7
"5569","3679新至陞","110/07/13","元富-大昌",3,0,3
"5570","3679新至陞","110/07/13","新加坡商瑞銀",0,6,-6
"5571","3679新至陞","110/07/13","富邦-台北",3,0,3
"5572","3679新至陞","110/07/13","合庫-自強",0,5,-5
"5573","3679新至陞","110/07/13","日盛-樹林",2,0,2
"5574","3679新至陞","110/07/13","富邦-桃園",0,5,-5
"5575","3679新至陞","110/07/13","宏遠-光隆",2,0,2
"5576","3679新至陞","110/07/13","永豐金-潮州",0,4,-4
"5577","3679新至陞","110/07/13","美林",3,1,2
"5578","3679新至陞","110/07/13","臺銀-臺南",0,3,-3
"5579","3679新至陞","110/07/13","第一金-中壢",2,0,2
"5580","3679新至陞","110/07/13","元大-六合",0,3,-3
"5581","2727王品","110/07/13","富邦-台北",43,3,40
"5582","2727王品","110/07/13","台灣摩根士丹利",15,97,-82
"5583","2727王品","110/07/13","元大-基隆孝二",40,0,40
"5584","2727王品","110/07/13","玉山-台南",5,57,-52
"5585","2727王品","110/07/13","國票-新莊",40,1,39
"5586","2727王品","110/07/13","新加坡商瑞銀",0,48,-48
"5587","2727王品","110/07/13","第一金-豐原",66,42,24
"5588","2727王品","110/07/13","凱基-台北",41,77,-36
"5589","2727王品","110/07/13","永豐金-大園",34,10,24
"5590","2727王品","110/07/13","永豐金-永康",0,22,-22
"5591","2727王品","110/07/13","元大-北屯",22,0,22
"5592","2727王品","110/07/13","統一-台中",2,22,-20
"5593","2727王品","110/07/13","元大-東蘆",26,7,19
"5594","2727王品","110/07/13","國泰-台中",21,39,-18
"5595","2727王品","110/07/13","永豐金-萬盛",13,1,12
"5596","2727王品","110/07/13","合庫-彰化",3,20,-17
"5597","2727王品","110/07/13","日盛-嘉義",11,0,11
"5598","2727王品","110/07/13","港商野村",13,30,-17
"5599","2727王品","110/07/13","日盛-八德",11,0,11
"5600","2727王品","110/07/13","元大-楊梅",1,16,-15
"5601","2727王品","110/07/13","統一-竹南",11,0,11
"5602","2727王品","110/07/13","凱基-高美館",2,15,-13
"5603","2727王品","110/07/13","日盛-士林",12,2,10
"5604","2727王品","110/07/13","美商高盛",2,14,-12
"5605","2727王品","110/07/13","統一-敦南",10,0,10
"5606","2727王品","110/07/13","統一-平鎮",1,13,-12
"5607","2727王品","110/07/13","中國信託",15,5,10
"5608","2727王品","110/07/13","兆豐-台中港",4,16,-12
"5609","2727王品","110/07/13","兆豐-竹北",13,3,10
"5610","2727王品","110/07/13","凱基-八德",1,13,-12
"5611","1570力肯","110/07/13","新光",115,11,104
"5612","1570力肯","110/07/13","元大-北三重",0,162,-162
"5613","1570力肯","110/07/13","群益金鼎-高雄",54,0,54
"5614","1570力肯","110/07/13","元大-大灣",0,25,-25
"5615","1570力肯","110/07/13","國票-新莊",22,0,22
"5616","1570力肯","110/07/13","永豐金-苓雅",0,22,-22
"5617","1570力肯","110/07/13","日盛-桃園",12,0,12
"5618","1570力肯","110/07/13","永豐金-永康",0,19,-19
"5619","1570力肯","110/07/13","元大-高雄",12,0,12
"5620","1570力肯","110/07/13","富邦-員林",0,15,-15
"5621","1570力肯","110/07/13","合庫-自強",11,0,11
"5622","1570力肯","110/07/13","凱基-台南",0,11,-11
"5623","1570力肯","110/07/13","摩根大通",26,15,11
"5624","1570力肯","110/07/13","日盛-竹北",0,10,-10
"5625","1570力肯","110/07/13","永豐金-中盛",11,0,11
"5626","1570力肯","110/07/13","國票-九鼎",0,10,-10
"5627","1570力肯","110/07/13","兆豐-台中港",10,0,10
"5628","1570力肯","110/07/13","凱基-桃園",0,10,-10
"5629","1570力肯","110/07/13","國泰-松江",9,0,9
"5630","1570力肯","110/07/13","凱基-新豐",0,10,-10
"5631","1570力肯","110/07/13","元大-新盛",9,0,9
"5632","1570力肯","110/07/13","元大-學甲",0,10,-10
"5633","1570力肯","110/07/13","元富-緯城",6,0,6
"5634","1570力肯","110/07/13","群益金鼎-東湖",1,10,-9
"5635","1570力肯","110/07/13","統一-三重",5,0,5
"5636","1570力肯","110/07/13","大昌",0,6,-6
"5637","1570力肯","110/07/13","元大-前金",5,0,5
"5638","1570力肯","110/07/13","元大-土城學府",0,6,-6
"5639","1570力肯","110/07/13","永豐金證券",5,0,5
"5640","1570力肯","110/07/13","統一",0,5,-5
"5641","6180橘子","110/07/13","摩根大通",119,0,119
"5642","6180橘子","110/07/13","元大-崇德",2,61,-59
"5643","6180橘子","110/07/13","美商高盛",96,0,96
"5644","6180橘子","110/07/13","康和-台中",0,51,-51
"5645","6180橘子","110/07/13","新加坡商瑞銀",86,7,79
"5646","6180橘子","110/07/13","康和-台北",0,50,-50
"5647","6180橘子","110/07/13","元大-和平",40,0,40
"5648","6180橘子","110/07/13","元富-潮州",0,40,-40
"5649","6180橘子","110/07/13","凱基-台北",83,47,36
"5650","6180橘子","110/07/13","日盛-永康",0,26,-26
"5651","6180橘子","110/07/13","美林",39,5,34
"5652","6180橘子","110/07/13","永豐金-中正",0,24,-24
"5653","6180橘子","110/07/13","富邦-新竹華信",31,2,29
"5654","6180橘子","110/07/13","國泰-板橋",2,25,-23
"5655","6180橘子","110/07/13","統一-南京",21,0,21
"5656","6180橘子","110/07/13","日盛-大墩",0,20,-20
"5657","6180橘子","110/07/13","富邦-陽明",24,3,21
"5658","6180橘子","110/07/13","元大-草屯",13,32,-19
"5659","6180橘子","110/07/13","大昌-樹林",21,1,20
"5660","6180橘子","110/07/13","元富-林園",1,18,-17
"5661","6180橘子","110/07/13","花旗環球",19,0,19
"5662","6180橘子","110/07/13","新光-新竹",1,18,-17
"5663","6180橘子","110/07/13","華南永昌-台南",19,0,19
"5664","6180橘子","110/07/13","元大-土城永寧",0,17,-17
"5665","6180橘子","110/07/13","福勝",14,0,14
"5666","6180橘子","110/07/13","國泰-新莊",3,19,-16
"5667","6180橘子","110/07/13","富邦-嘉義",12,1,11
"5668","6180橘子","110/07/13","中國信託-永康",6,21,-15
"5669","6180橘子","110/07/13","元大-板橋三民",11,0,11
"5670","6180橘子","110/07/13","凱基-東港",1,15,-14
"5671","2390云辰","110/07/13","新加坡商瑞銀",562,75,487
"5672","2390云辰","110/07/13","大展-台南",0,532,-532
"5673","2390云辰","110/07/13","台灣摩根士丹利",330,155,175
"5674","2390云辰","110/07/13","凱基-台北",668,854,-186
"5675","2390云辰","110/07/13","兆豐-公益",126,25,101
"5676","2390云辰","110/07/13","凱基-三重",12,172,-160
"5677","2390云辰","110/07/13","元富-中港",100,2,98
"5678","2390云辰","110/07/13","兆豐-忠孝",4,161,-157
"5679","2390云辰","110/07/13","統一-新台中",106,9,97
"5680","2390云辰","110/07/13","元大-士林",19,170,-151
"5681","2390云辰","110/07/13","中國信託-松江",81,11,70
"5682","2390云辰","110/07/13","臺銀-新竹",14,117,-103
"5683","2390云辰","110/07/13","日盛-板橋",72,3,69
"5684","2390云辰","110/07/13","國票-台中",4,102,-98
"5685","2390云辰","110/07/13","日盛-和美",57,0,57
"5686","2390云辰","110/07/13","新光",147,232,-85
"5687","2390云辰","110/07/13","永豐金-桃園",88,36,52
"5688","2390云辰","110/07/13","致和-崇德",2,70,-68
"5689","2390云辰","110/07/13","玉山-士林",54,4,50
"5690","2390云辰","110/07/13","群益金鼎-屏東",2,70,-68
"5691","2390云辰","110/07/13","富邦-仁愛",56,6,50
"5692","2390云辰","110/07/13","元大-大里",35,98,-63
"5693","2390云辰","110/07/13","第一金-豐原",50,1,49
"5694","2390云辰","110/07/13","元大-萬華",35,94,-59
"5695","2390云辰","110/07/13","摩根大通",502,453,49
"5696","2390云辰","110/07/13","元富-吉利",2,60,-58
"5697","2390云辰","110/07/13","凱基-松山",61,13,48
"5698","2390云辰","110/07/13","兆豐-新竹",3,53,-50
"5699","2390云辰","110/07/13","大昌",64,22,42
"5700","2390云辰","110/07/13","富邦-嘉義",65,108,-43
"5701","2363矽統","110/07/13","凱基-南崁",2133,63,2070
"5702","2363矽統","110/07/13","凱基-幸福",36,4048,-4012
"5703","2363矽統","110/07/13","國泰-敦南",2195,1617,578
"5704","2363矽統","110/07/13","統一",192,3325,-3133
"5705","2363矽統","110/07/13","中農",670,139,531
"5706","2363矽統","110/07/13","新加坡商瑞銀",1000,2747,-1747
"5707","2363矽統","110/07/13","康和-台中",638,154,484
"5708","2363矽統","110/07/13","凱基-台北",5359,6609,-1250
"5709","2363矽統","110/07/13","群益金鼎-三民",577,137,440
"5710","2363矽統","110/07/13","摩根大通",1930,2858,-928
"5711","2363矽統","110/07/13","台新-屏東",510,88,422
"5712","2363矽統","110/07/13","港商野村",960,1679,-719
"5713","2363矽統","110/07/13","德信-中正",455,67,388
"5714","2363矽統","110/07/13","兆豐-復興",25,705,-680
"5715","2363矽統","110/07/13","日盛-竹北",365,70,295
"5716","2363矽統","110/07/13","統一-仁愛",114,755,-641
"5717","2363矽統","110/07/13","元大-佳里",452,189,263
"5718","2363矽統","110/07/13","統一-敦南",29,638,-609
"5719","2363矽統","110/07/13","國票-博愛",296,38,258
"5720","2363矽統","110/07/13","統一-土城",100,704,-604
"5721","2363矽統","110/07/13","元大-萬華",340,95,245
"5722","2363矽統","110/07/13","統一-城中",116,676,-560
"5723","2363矽統","110/07/13","新光",1259,1031,228
"5724","2363矽統","110/07/13","永豐金證券",306,859,-553
"5725","2363矽統","110/07/13","元富-成功",323,96,227
"5726","2363矽統","110/07/13","元富",54,567,-513
"5727","2363矽統","110/07/13","豐農",228,23,205
"5728","2363矽統","110/07/13","瑞士信貸",202,666,-464
"5729","2363矽統","110/07/13","台灣企銀-岡山",186,4,182
"5730","2363矽統","110/07/13","永豐金-嘉義",67,468,-401
"5731","8112至上","110/07/13","摩根大通",688,296,392
"5732","8112至上","110/07/13","國票-中和",0,401,-401
"5733","8112至上","110/07/13","港商野村",344,145,199
"5734","8112至上","110/07/13","永豐金-板盛",0,205,-205
"5735","8112至上","110/07/13","兆豐-公益",195,5,190
"5736","8112至上","110/07/13","凱基-五股",43,155,-112
"5737","8112至上","110/07/13","台灣摩根士丹利",183,0,183
"5738","8112至上","110/07/13","凱基-市政",0,100,-100
"5739","8112至上","110/07/13","群益金鼎-敦南",153,2,151
"5740","8112至上","110/07/13","元大-大里德芳",1,92,-91
"5741","8112至上","110/07/13","臺銀-金山",146,26,120
"5742","8112至上","110/07/13","玉山-桃園",26,110,-84
"5743","8112至上","110/07/13","臺銀",133,19,114
"5744","8112至上","110/07/13","兆豐-天母",0,81,-81
"5745","8112至上","110/07/13","合庫-台中",115,6,109
"5746","8112至上","110/07/13","凱基-城中",3,84,-81
"5747","8112至上","110/07/13","亞東-板橋",134,26,108
"5748","8112至上","110/07/13","日盛-新莊",9,85,-76
"5749","8112至上","110/07/13","凱基-台北",414,326,88
"5750","8112至上","110/07/13","日盛-台中",2,64,-62
"5751","8112至上","110/07/13","新加坡商瑞銀",181,100,81
"5752","8112至上","110/07/13","日盛-中壢",3,64,-61
"5753","8112至上","110/07/13","國泰-敦南",108,31,77
"5754","8112至上","110/07/13","元大-台中",2,59,-57
"5755","8112至上","110/07/13","第一金-華江",77,4,73
"5756","8112至上","110/07/13","元大-雙和",7,64,-57
"5757","8112至上","110/07/13","永豐金-內湖",73,1,72
"5758","8112至上","110/07/13","元大-高雄",8,62,-54
"5759","8112至上","110/07/13","元大-永和",68,1,67
"5760","8112至上","110/07/13","元大-館前",2,55,-53
"5761","1570力肯","110/07/13","新光",115,11,104
"5762","1570力肯","110/07/13","元大-北三重",0,162,-162
"5763","1570力肯","110/07/13","群益金鼎-高雄",54,0,54
"5764","1570力肯","110/07/13","元大-大灣",0,25,-25
"5765","1570力肯","110/07/13","國票-新莊",22,0,22
"5766","1570力肯","110/07/13","永豐金-苓雅",0,22,-22
"5767","1570力肯","110/07/13","日盛-桃園",12,0,12
"5768","1570力肯","110/07/13","永豐金-永康",0,19,-19
"5769","1570力肯","110/07/13","元大-高雄",12,0,12
"5770","1570力肯","110/07/13","富邦-員林",0,15,-15
"5771","1570力肯","110/07/13","合庫-自強",11,0,11
"5772","1570力肯","110/07/13","凱基-台南",0,11,-11
"5773","1570力肯","110/07/13","摩根大通",26,15,11
"5774","1570力肯","110/07/13","日盛-竹北",0,10,-10
"5775","1570力肯","110/07/13","永豐金-中盛",11,0,11
"5776","1570力肯","110/07/13","國票-九鼎",0,10,-10
"5777","1570力肯","110/07/13","兆豐-台中港",10,0,10
"5778","1570力肯","110/07/13","凱基-桃園",0,10,-10
"5779","1570力肯","110/07/13","國泰-松江",9,0,9
"5780","1570力肯","110/07/13","凱基-新豐",0,10,-10
"5781","1570力肯","110/07/13","元大-新盛",9,0,9
"5782","1570力肯","110/07/13","元大-學甲",0,10,-10
"5783","1570力肯","110/07/13","元富-緯城",6,0,6
"5784","1570力肯","110/07/13","群益金鼎-東湖",1,10,-9
"5785","1570力肯","110/07/13","統一-三重",5,0,5
"5786","1570力肯","110/07/13","大昌",0,6,-6
"5787","1570力肯","110/07/13","元大-前金",5,0,5
"5788","1570力肯","110/07/13","元大-土城學府",0,6,-6
"5789","1570力肯","110/07/13","永豐金證券",5,0,5
"5790","1570力肯","110/07/13","統一",0,5,-5
"5791","2929淘帝","110/07/13","玉山-新竹",130,0,130
"5792","2929淘帝","110/07/13","美商高盛",0,177,-177
"5793","2929淘帝","110/07/13","臺銀-民權",60,0,60
"5794","2929淘帝","110/07/13","凱基-台北",6,80,-74
"5795","2929淘帝","110/07/13","新百王",31,0,31
"5796","2929淘帝","110/07/13","元富-大裕",0,49,-49
"5797","2929淘帝","110/07/13","日盛-園區",30,0,30
"5798","2929淘帝","110/07/13","國泰-館前",3,51,-48
"5799","2929淘帝","110/07/13","元大-南投",31,1,30
"5800","2929淘帝","110/07/13","凱基-中壢",0,41,-41
"5801","2929淘帝","110/07/13","兆豐-忠孝",28,0,28
"5802","2929淘帝","110/07/13","港商野村",21,55,-34
"5803","2929淘帝","110/07/13","元大-民生",28,0,28
"5804","2929淘帝","110/07/13","華南永昌-南京",2,34,-32
"5805","2929淘帝","110/07/13","合庫-高雄",27,0,27
"5806","2929淘帝","110/07/13","群益金鼎-土城",0,30,-30
"5807","2929淘帝","110/07/13","凱基-豐中",27,0,27
"5808","2929淘帝","110/07/13","富邦-南屯",0,22,-22
"5809","2929淘帝","110/07/13","新光",21,4,17
"5810","2929淘帝","110/07/13","第一金-豐原",0,20,-20
"5811","2929淘帝","110/07/13","元大-天母",17,0,17
"5812","2929淘帝","110/07/13","元大-屏南",6,26,-20
"5813","2929淘帝","110/07/13","永興",14,0,14
"5814","2929淘帝","110/07/13","永豐金-敦南",1,21,-20
"5815","2929淘帝","110/07/13","富邦-台北",12,0,12
"5816","2929淘帝","110/07/13","凱基-三重",2,21,-19
"5817","2929淘帝","110/07/13","元大-永和",12,0,12
"5818","2929淘帝","110/07/13","富邦-仁愛",7,25,-18
"5819","2929淘帝","110/07/13","國票-天祥",11,0,11
"5820","2929淘帝","110/07/13","元大-北投",0,16,-16
"5821","5410國眾","110/07/13","兆豐-城中",274,0,274
"5822","5410國眾","110/07/13","元富-嘉義",0,103,-103
"5823","5410國眾","110/07/13","新光",50,4,46
"5824","5410國眾","110/07/13","凱基-台北",0,50,-50
"5825","5410國眾","110/07/13","國泰-台中",26,0,26
"5826","5410國眾","110/07/13","瑞士信貸",0,31,-31
"5827","5410國眾","110/07/13","新加坡商瑞銀",22,0,22
"5828","5410國眾","110/07/13","台新-新莊",0,27,-27
"5829","5410國眾","110/07/13","光和-嘉義",20,0,20
"5830","5410國眾","110/07/13","元大-汐止",0,20,-20
"5831","5410國眾","110/07/13","凱基-竹北",17,0,17
"5832","5410國眾","110/07/13","亞東-新竹",0,17,-17
"5833","5410國眾","110/07/13","新光-桃園",15,0,15
"5834","5410國眾","110/07/13","元大-南勢角",0,13,-13
"5835","5410國眾","110/07/13","凱基-台東",14,0,14
"5836","5410國眾","110/07/13","台新-台南",0,12,-12
"5837","5410國眾","110/07/13","富邦-竹北",11,0,11
"5838","5410國眾","110/07/13","中國信託",0,11,-11
"5839","5410國眾","110/07/13","元富-同大",10,0,10
"5840","5410國眾","110/07/13","華南永昌",0,11,-11
"5841","5410國眾","110/07/13","國泰-敦南",24,15,9
"5842","5410國眾","110/07/13","臺銀-臺南",0,10,-10
"5843","5410國眾","110/07/13","日盛-內湖",7,0,7
"5844","5410國眾","110/07/13","台灣企銀-民雄",0,10,-10
"5845","5410國眾","110/07/13","台新-左楠",7,0,7
"5846","5410國眾","110/07/13","高橋",0,10,-10
"5847","5410國眾","110/07/13","元大-新盛",18,12,6
"5848","5410國眾","110/07/13","康和-嘉義",0,10,-10
"5849","5410國眾","110/07/13","統一",5,0,5
"5850","5410國眾","110/07/13","凱基-基隆",0,10,-10
"5851","2841台開","110/07/13","中國信託-高雄",251,50,201
"5852","2841台開","110/07/13","兆豐-公益",0,177,-177
"5853","2841台開","110/07/13","日盛證券",210,13,197
"5854","2841台開","110/07/13","日進",0,152,-152
"5855","2841台開","110/07/13","第一金-台中",55,0,55
"5856","2841台開","110/07/13","港商野村",0,109,-109
"5857","2841台開","110/07/13","國泰-板橋",46,0,46
"5858","2841台開","110/07/13","日盛-信義",0,103,-103
"5859","2841台開","110/07/13","國泰-館前",48,3,45
"5860","2841台開","110/07/13","國泰-敦南",11,75,-64
"5861","2841台開","110/07/13","華南永昌-新莊",45,0,45
"5862","2841台開","110/07/13","永興",0,50,-50
"5863","2841台開","110/07/13","日盛-園區",42,0,42
"5864","2841台開","110/07/13","永豐金-敦南",61,104,-43
"5865","2841台開","110/07/13","台新證券",32,0,32
"5866","2841台開","110/07/13","富邦-台南",0,42,-42
"5867","2841台開","110/07/13","台新-高雄",32,2,30
"5868","2841台開","110/07/13","國票-安和",0,30,-30
"5869","2841台開","110/07/13","豐農",23,0,23
"5870","2841台開","110/07/13","元大-桃園",0,25,-25
"5871","2841台開","110/07/13","合庫-嘉義",20,0,20
"5872","2841台開","110/07/13","新光",8,32,-24
"5873","2841台開","110/07/13","華南永昌-高雄",20,0,20
"5874","2841台開","110/07/13","元大-仁愛",0,24,-24
"5875","2841台開","110/07/13","元大-樹林",16,0,16
"5876","2841台開","110/07/13","日盛-中和",0,20,-20
"5877","2841台開","110/07/13","第一金-華江",15,2,13
"5878","2841台開","110/07/13","元富",0,20,-20
"5879","2841台開","110/07/13","美商高盛",12,0,12
"5880","2841台開","110/07/13","富邦-宜蘭",0,20,-20
"5881","6207雷科","110/07/13","元大-高雄",121,0,121
"5882","6207雷科","110/07/13","華南永昌-朴子",1,60,-59
"5883","6207雷科","110/07/13","第一金-新興",20,0,20
"5884","6207雷科","110/07/13","元大-南海",0,36,-36
"5885","6207雷科","110/07/13","元富-三重",20,0,20
"5886","6207雷科","110/07/13","凱基-土城",0,35,-35
"5887","6207雷科","110/07/13","元大-林園",15,0,15
"5888","6207雷科","110/07/13","台灣企銀",0,20,-20
"5889","6207雷科","110/07/13","元大-金華",16,1,15
"5890","6207雷科","110/07/13","群益金鼎-丹鳳",0,20,-20
"5891","6207雷科","110/07/13","日盛證券",10,0,10
"5892","6207雷科","110/07/13","元大-博愛",0,17,-17
"5893","6207雷科","110/07/13","統一-台中",10,0,10
"5894","6207雷科","110/07/13","元大-北港",0,13,-13
"5895","6207雷科","110/07/13","群益金鼎-土城",10,0,10
"5896","6207雷科","110/07/13","新加坡商瑞銀",0,12,-12
"5897","6207雷科","110/07/13","群益金鼎-桃園",10,0,10
"5898","6207雷科","110/07/13","凱基-台北",4,16,-12
"5899","6207雷科","110/07/13","永豐金-新莊",10,0,10
"5900","6207雷科","110/07/13","日茂-埔里",0,11,-11
"5901","6207雷科","110/07/13","永豐金-新店",10,0,10
"5902","6207雷科","110/07/13","元大-莒光",0,11,-11
"5903","6207雷科","110/07/13","元大證券",9,0,9
"5904","6207雷科","110/07/13","統一-新竹",0,10,-10
"5905","6207雷科","110/07/13","日盛-木柵",9,1,8
"5906","6207雷科","110/07/13","元大-西螺",0,10,-10
"5907","6207雷科","110/07/13","兆豐-來福",8,0,8
"5908","6207雷科","110/07/13","康和-台中",0,8,-8
"5909","6207雷科","110/07/13","新光",7,0,7
"5910","6207雷科","110/07/13","兆豐-高雄",0,6,-6
"5911","3679新至陞","110/07/13","永豐金證券",50,0,50
"5912","3679新至陞","110/07/13","摩根大通",2,25,-23
"5913","3679新至陞","110/07/13","國泰-桃園",22,0,22
"5914","3679新至陞","110/07/13","元大-成功",0,22,-22
"5915","3679新至陞","110/07/13","台中銀-員林",11,0,11
"5916","3679新至陞","110/07/13","富邦-板橋",1,19,-18
"5917","3679新至陞","110/07/13","元大-文心興安",8,0,8
"5918","3679新至陞","110/07/13","日盛-新莊",0,10,-10
"5919","3679新至陞","110/07/13","美商高盛",6,0,6
"5920","3679新至陞","110/07/13","台新-台中",0,10,-10
"5921","3679新至陞","110/07/13","台新-高雄",6,0,6
"5922","3679新至陞","110/07/13","永豐金-新竹",0,8,-8
"5923","3679新至陞","110/07/13","凱基-台北",18,12,6
"5924","3679新至陞","110/07/13","瑞士信貸",12,19,-7
"5925","3679新至陞","110/07/13","日盛-復興",5,0,5
"5926","3679新至陞","110/07/13","統一-南京",0,7,-7
"5927","3679新至陞","110/07/13","(牛牛牛)亞-鑫豐",4,0,4
"5928","3679新至陞","110/07/13","凱基-新莊",0,7,-7
"5929","3679新至陞","110/07/13","元富-大昌",3,0,3
"5930","3679新至陞","110/07/13","新加坡商瑞銀",0,6,-6
"5931","3679新至陞","110/07/13","富邦-台北",3,0,3
"5932","3679新至陞","110/07/13","合庫-自強",0,5,-5
"5933","3679新至陞","110/07/13","日盛-樹林",2,0,2
"5934","3679新至陞","110/07/13","富邦-桃園",0,5,-5
"5935","3679新至陞","110/07/13","宏遠-光隆",2,0,2
"5936","3679新至陞","110/07/13","永豐金-潮州",0,4,-4
"5937","3679新至陞","110/07/13","美林",3,1,2
"5938","3679新至陞","110/07/13","臺銀-臺南",0,3,-3
"5939","3679新至陞","110/07/13","第一金-中壢",2,0,2
"5940","3679新至陞","110/07/13","元大-六合",0,3,-3
"5941","2727王品","110/07/13","富邦-台北",43,3,40
"5942","2727王品","110/07/13","台灣摩根士丹利",15,97,-82
"5943","2727王品","110/07/13","元大-基隆孝二",40,0,40
"5944","2727王品","110/07/13","玉山-台南",5,57,-52
"5945","2727王品","110/07/13","國票-新莊",40,1,39
"5946","2727王品","110/07/13","新加坡商瑞銀",0,48,-48
"5947","2727王品","110/07/13","第一金-豐原",66,42,24
"5948","2727王品","110/07/13","凱基-台北",41,77,-36
"5949","2727王品","110/07/13","永豐金-大園",34,10,24
"5950","2727王品","110/07/13","永豐金-永康",0,22,-22
"5951","2727王品","110/07/13","元大-北屯",22,0,22
"5952","2727王品","110/07/13","統一-台中",2,22,-20
"5953","2727王品","110/07/13","元大-東蘆",26,7,19
"5954","2727王品","110/07/13","國泰-台中",21,39,-18
"5955","2727王品","110/07/13","永豐金-萬盛",13,1,12
"5956","2727王品","110/07/13","合庫-彰化",3,20,-17
"5957","2727王品","110/07/13","日盛-嘉義",11,0,11
"5958","2727王品","110/07/13","港商野村",13,30,-17
"5959","2727王品","110/07/13","日盛-八德",11,0,11
"5960","2727王品","110/07/13","元大-楊梅",1,16,-15
"5961","2727王品","110/07/13","統一-竹南",11,0,11
"5962","2727王品","110/07/13","凱基-高美館",2,15,-13
"5963","2727王品","110/07/13","日盛-士林",12,2,10
"5964","2727王品","110/07/13","美商高盛",2,14,-12
"5965","2727王品","110/07/13","統一-敦南",10,0,10
"5966","2727王品","110/07/13","統一-平鎮",1,13,-12
"5967","2727王品","110/07/13","中國信託",15,5,10
"5968","2727王品","110/07/13","兆豐-台中港",4,16,-12
"5969","2727王品","110/07/13","兆豐-竹北",13,3,10
"5970","2727王品","110/07/13","凱基-八德",1,13,-12
"5971","1570力肯","110/07/13","新光",115,11,104
"5972","1570力肯","110/07/13","元大-北三重",0,162,-162
"5973","1570力肯","110/07/13","群益金鼎-高雄",54,0,54
"5974","1570力肯","110/07/13","元大-大灣",0,25,-25
"5975","1570力肯","110/07/13","國票-新莊",22,0,22
"5976","1570力肯","110/07/13","永豐金-苓雅",0,22,-22
"5977","1570力肯","110/07/13","日盛-桃園",12,0,12
"5978","1570力肯","110/07/13","永豐金-永康",0,19,-19
"5979","1570力肯","110/07/13","元大-高雄",12,0,12
"5980","1570力肯","110/07/13","富邦-員林",0,15,-15
"5981","1570力肯","110/07/13","合庫-自強",11,0,11
"5982","1570力肯","110/07/13","凱基-台南",0,11,-11
"5983","1570力肯","110/07/13","摩根大通",26,15,11
"5984","1570力肯","110/07/13","日盛-竹北",0,10,-10
"5985","1570力肯","110/07/13","永豐金-中盛",11,0,11
"5986","1570力肯","110/07/13","國票-九鼎",0,10,-10
"5987","1570力肯","110/07/13","兆豐-台中港",10,0,10
"5988","1570力肯","110/07/13","凱基-桃園",0,10,-10
"5989","1570力肯","110/07/13","國泰-松江",9,0,9
"5990","1570力肯","110/07/13","凱基-新豐",0,10,-10
"5991","1570力肯","110/07/13","元大-新盛",9,0,9
"5992","1570力肯","110/07/13","元大-學甲",0,10,-10
"5993","1570力肯","110/07/13","元富-緯城",6,0,6
"5994","1570力肯","110/07/13","群益金鼎-東湖",1,10,-9
"5995","1570力肯","110/07/13","統一-三重",5,0,5
"5996","1570力肯","110/07/13","大昌",0,6,-6
"5997","1570力肯","110/07/13","元大-前金",5,0,5
"5998","1570力肯","110/07/13","元大-土城學府",0,6,-6
"5999","1570力肯","110/07/13","永豐金證券",5,0,5
"6000","1570力肯","110/07/13","統一",0,5,-5
"6001","6180橘子","110/07/13","摩根大通",119,0,119
"6002","6180橘子","110/07/13","元大-崇德",2,61,-59
"6003","6180橘子","110/07/13","美商高盛",96,0,96
"6004","6180橘子","110/07/13","康和-台中",0,51,-51
"6005","6180橘子","110/07/13","新加坡商瑞銀",86,7,79
"6006","6180橘子","110/07/13","康和-台北",0,50,-50
"6007","6180橘子","110/07/13","元大-和平",40,0,40
"6008","6180橘子","110/07/13","元富-潮州",0,40,-40
"6009","6180橘子","110/07/13","凱基-台北",83,47,36
"6010","6180橘子","110/07/13","日盛-永康",0,26,-26
"6011","6180橘子","110/07/13","美林",39,5,34
"6012","6180橘子","110/07/13","永豐金-中正",0,24,-24
"6013","6180橘子","110/07/13","富邦-新竹華信",31,2,29
"6014","6180橘子","110/07/13","國泰-板橋",2,25,-23
"6015","6180橘子","110/07/13","統一-南京",21,0,21
"6016","6180橘子","110/07/13","日盛-大墩",0,20,-20
"6017","6180橘子","110/07/13","富邦-陽明",24,3,21
"6018","6180橘子","110/07/13","元大-草屯",13,32,-19
"6019","6180橘子","110/07/13","大昌-樹林",21,1,20
"6020","6180橘子","110/07/13","元富-林園",1,18,-17
"6021","6180橘子","110/07/13","花旗環球",19,0,19
"6022","6180橘子","110/07/13","新光-新竹",1,18,-17
"6023","6180橘子","110/07/13","華南永昌-台南",19,0,19
"6024","6180橘子","110/07/13","元大-土城永寧",0,17,-17
"6025","6180橘子","110/07/13","福勝",14,0,14
"6026","6180橘子","110/07/13","國泰-新莊",3,19,-16
"6027","6180橘子","110/07/13","富邦-嘉義",12,1,11
"6028","6180橘子","110/07/13","中國信託-永康",6,21,-15
"6029","6180橘子","110/07/13","元大-板橋三民",11,0,11
"6030","6180橘子","110/07/13","凱基-東港",1,15,-14
"6031","2390云辰","110/07/13","新加坡商瑞銀",562,75,487
"6032","2390云辰","110/07/13","大展-台南",0,532,-532
"6033","2390云辰","110/07/13","台灣摩根士丹利",330,155,175
"6034","2390云辰","110/07/13","凱基-台北",668,854,-186
"6035","2390云辰","110/07/13","兆豐-公益",126,25,101
"6036","2390云辰","110/07/13","凱基-三重",12,172,-160
"6037","2390云辰","110/07/13","元富-中港",100,2,98
"6038","2390云辰","110/07/13","兆豐-忠孝",4,161,-157
"6039","2390云辰","110/07/13","統一-新台中",106,9,97
"6040","2390云辰","110/07/13","元大-士林",19,170,-151
"6041","2390云辰","110/07/13","中國信託-松江",81,11,70
"6042","2390云辰","110/07/13","臺銀-新竹",14,117,-103
"6043","2390云辰","110/07/13","日盛-板橋",72,3,69
"6044","2390云辰","110/07/13","國票-台中",4,102,-98
"6045","2390云辰","110/07/13","日盛-和美",57,0,57
"6046","2390云辰","110/07/13","新光",147,232,-85
"6047","2390云辰","110/07/13","永豐金-桃園",88,36,52
"6048","2390云辰","110/07/13","致和-崇德",2,70,-68
"6049","2390云辰","110/07/13","玉山-士林",54,4,50
"6050","2390云辰","110/07/13","群益金鼎-屏東",2,70,-68
"6051","2390云辰","110/07/13","富邦-仁愛",56,6,50
"6052","2390云辰","110/07/13","元大-大里",35,98,-63
"6053","2390云辰","110/07/13","第一金-豐原",50,1,49
"6054","2390云辰","110/07/13","元大-萬華",35,94,-59
"6055","2390云辰","110/07/13","摩根大通",502,453,49
"6056","2390云辰","110/07/13","元富-吉利",2,60,-58
"6057","2390云辰","110/07/13","凱基-松山",61,13,48
"6058","2390云辰","110/07/13","兆豐-新竹",3,53,-50
"6059","2390云辰","110/07/13","大昌",64,22,42
"6060","2390云辰","110/07/13","富邦-嘉義",65,108,-43
"6061","2363矽統","110/07/13","凱基-南崁",2133,63,2070
"6062","2363矽統","110/07/13","凱基-幸福",36,4048,-4012
"6063","2363矽統","110/07/13","國泰-敦南",2195,1617,578
"6064","2363矽統","110/07/13","統一",192,3325,-3133
"6065","2363矽統","110/07/13","中農",670,139,531
"6066","2363矽統","110/07/13","新加坡商瑞銀",1000,2747,-1747
"6067","2363矽統","110/07/13","康和-台中",638,154,484
"6068","2363矽統","110/07/13","凱基-台北",5359,6609,-1250
"6069","2363矽統","110/07/13","群益金鼎-三民",577,137,440
"6070","2363矽統","110/07/13","摩根大通",1930,2858,-928
"6071","2363矽統","110/07/13","台新-屏東",510,88,422
"6072","2363矽統","110/07/13","港商野村",960,1679,-719
"6073","2363矽統","110/07/13","德信-中正",455,67,388
"6074","2363矽統","110/07/13","兆豐-復興",25,705,-680
"6075","2363矽統","110/07/13","日盛-竹北",365,70,295
"6076","2363矽統","110/07/13","統一-仁愛",114,755,-641
"6077","2363矽統","110/07/13","元大-佳里",452,189,263
"6078","2363矽統","110/07/13","統一-敦南",29,638,-609
"6079","2363矽統","110/07/13","國票-博愛",296,38,258
"6080","2363矽統","110/07/13","統一-土城",100,704,-604
"6081","2363矽統","110/07/13","元大-萬華",340,95,245
"6082","2363矽統","110/07/13","統一-城中",116,676,-560
"6083","2363矽統","110/07/13","新光",1259,1031,228
"6084","2363矽統","110/07/13","永豐金證券",306,859,-553
"6085","2363矽統","110/07/13","元富-成功",323,96,227
"6086","2363矽統","110/07/13","元富",54,567,-513
"6087","2363矽統","110/07/13","豐農",228,23,205
"6088","2363矽統","110/07/13","瑞士信貸",202,666,-464
"6089","2363矽統","110/07/13","台灣企銀-岡山",186,4,182
"6090","2363矽統","110/07/13","永豐金-嘉義",67,468,-401
"6091","2363矽統","110/07/13","凱基-南崁",2133,63,2070
"6092","2363矽統","110/07/13","凱基-幸福",36,4048,-4012
"6093","2363矽統","110/07/13","國泰-敦南",2195,1617,578
"6094","2363矽統","110/07/13","統一",192,3325,-3133
"6095","2363矽統","110/07/13","中農",670,139,531
"6096","2363矽統","110/07/13","新加坡商瑞銀",1000,2747,-1747
"6097","2363矽統","110/07/13","康和-台中",638,154,484
"6098","2363矽統","110/07/13","凱基-台北",5359,6609,-1250
"6099","2363矽統","110/07/13","群益金鼎-三民",577,137,440
"6100","2363矽統","110/07/13","摩根大通",1930,2858,-928
"6101","2363矽統","110/07/13","台新-屏東",510,88,422
"6102","2363矽統","110/07/13","港商野村",960,1679,-719
"6103","2363矽統","110/07/13","德信-中正",455,67,388
"6104","2363矽統","110/07/13","兆豐-復興",25,705,-680
"6105","2363矽統","110/07/13","日盛-竹北",365,70,295
"6106","2363矽統","110/07/13","統一-仁愛",114,755,-641
"6107","2363矽統","110/07/13","元大-佳里",452,189,263
"6108","2363矽統","110/07/13","統一-敦南",29,638,-609
"6109","2363矽統","110/07/13","國票-博愛",296,38,258
"6110","2363矽統","110/07/13","統一-土城",100,704,-604
"6111","2363矽統","110/07/13","元大-萬華",340,95,245
"6112","2363矽統","110/07/13","統一-城中",116,676,-560
"6113","2363矽統","110/07/13","新光",1259,1031,228
"6114","2363矽統","110/07/13","永豐金證券",306,859,-553
"6115","2363矽統","110/07/13","元富-成功",323,96,227
"6116","2363矽統","110/07/13","元富",54,567,-513
"6117","2363矽統","110/07/13","豐農",228,23,205
"6118","2363矽統","110/07/13","瑞士信貸",202,666,-464
"6119","2363矽統","110/07/13","台灣企銀-岡山",186,4,182
"6120","2363矽統","110/07/13","永豐金-嘉義",67,468,-401
"6121","2363矽統","110/07/13","凱基-南崁",2133,63,2070
"6122","2363矽統","110/07/13","凱基-幸福",36,4048,-4012
"6123","2363矽統","110/07/13","國泰-敦南",2195,1617,578
"6124","2363矽統","110/07/13","統一",192,3325,-3133
"6125","2363矽統","110/07/13","中農",670,139,531
"6126","2363矽統","110/07/13","新加坡商瑞銀",1000,2747,-1747
"6127","2363矽統","110/07/13","康和-台中",638,154,484
"6128","2363矽統","110/07/13","凱基-台北",5359,6609,-1250
"6129","2363矽統","110/07/13","群益金鼎-三民",577,137,440
"6130","2363矽統","110/07/13","摩根大通",1930,2858,-928
"6131","2363矽統","110/07/13","台新-屏東",510,88,422
"6132","2363矽統","110/07/13","港商野村",960,1679,-719
"6133","2363矽統","110/07/13","德信-中正",455,67,388
"6134","2363矽統","110/07/13","兆豐-復興",25,705,-680
"6135","2363矽統","110/07/13","日盛-竹北",365,70,295
"6136","2363矽統","110/07/13","統一-仁愛",114,755,-641
"6137","2363矽統","110/07/13","元大-佳里",452,189,263
"6138","2363矽統","110/07/13","統一-敦南",29,638,-609
"6139","2363矽統","110/07/13","國票-博愛",296,38,258
"6140","2363矽統","110/07/13","統一-土城",100,704,-604
"6141","2363矽統","110/07/13","元大-萬華",340,95,245
"6142","2363矽統","110/07/13","統一-城中",116,676,-560
"6143","2363矽統","110/07/13","新光",1259,1031,228
"6144","2363矽統","110/07/13","永豐金證券",306,859,-553
"6145","2363矽統","110/07/13","元富-成功",323,96,227
"6146","2363矽統","110/07/13","元富",54,567,-513
"6147","2363矽統","110/07/13","豐農",228,23,205
"6148","2363矽統","110/07/13","瑞士信貸",202,666,-464
"6149","2363矽統","110/07/13","台灣企銀-岡山",186,4,182
"6150","2363矽統","110/07/13","永豐金-嘉義",67,468,-401
"6151","1570力肯","110/07/13","新光",115,11,104
"6152","1570力肯","110/07/13","元大-北三重",0,162,-162
"6153","1570力肯","110/07/13","群益金鼎-高雄",54,0,54
"6154","1570力肯","110/07/13","元大-大灣",0,25,-25
"6155","1570力肯","110/07/13","國票-新莊",22,0,22
"6156","1570力肯","110/07/13","永豐金-苓雅",0,22,-22
"6157","1570力肯","110/07/13","日盛-桃園",12,0,12
"6158","1570力肯","110/07/13","永豐金-永康",0,19,-19
"6159","1570力肯","110/07/13","元大-高雄",12,0,12
"6160","1570力肯","110/07/13","富邦-員林",0,15,-15
"6161","1570力肯","110/07/13","合庫-自強",11,0,11
"6162","1570力肯","110/07/13","凱基-台南",0,11,-11
"6163","1570力肯","110/07/13","摩根大通",26,15,11
"6164","1570力肯","110/07/13","日盛-竹北",0,10,-10
"6165","1570力肯","110/07/13","永豐金-中盛",11,0,11
"6166","1570力肯","110/07/13","國票-九鼎",0,10,-10
"6167","1570力肯","110/07/13","兆豐-台中港",10,0,10
"6168","1570力肯","110/07/13","凱基-桃園",0,10,-10
"6169","1570力肯","110/07/13","國泰-松江",9,0,9
"6170","1570力肯","110/07/13","凱基-新豐",0,10,-10
"6171","1570力肯","110/07/13","元大-新盛",9,0,9
"6172","1570力肯","110/07/13","元大-學甲",0,10,-10
"6173","1570力肯","110/07/13","元富-緯城",6,0,6
"6174","1570力肯","110/07/13","群益金鼎-東湖",1,10,-9
"6175","1570力肯","110/07/13","統一-三重",5,0,5
"6176","1570力肯","110/07/13","大昌",0,6,-6
"6177","1570力肯","110/07/13","元大-前金",5,0,5
"6178","1570力肯","110/07/13","元大-土城學府",0,6,-6
"6179","1570力肯","110/07/13","永豐金證券",5,0,5
"6180","1570力肯","110/07/13","統一",0,5,-5
"6181","1570力肯","110/07/13","新光",115,11,104
"6182","1570力肯","110/07/13","元大-北三重",0,162,-162
"6183","1570力肯","110/07/13","群益金鼎-高雄",54,0,54
"6184","1570力肯","110/07/13","元大-大灣",0,25,-25
"6185","1570力肯","110/07/13","國票-新莊",22,0,22
"6186","1570力肯","110/07/13","永豐金-苓雅",0,22,-22
"6187","1570力肯","110/07/13","日盛-桃園",12,0,12
"6188","1570力肯","110/07/13","永豐金-永康",0,19,-19
"6189","1570力肯","110/07/13","元大-高雄",12,0,12
"6190","1570力肯","110/07/13","富邦-員林",0,15,-15
"6191","1570力肯","110/07/13","合庫-自強",11,0,11
"6192","1570力肯","110/07/13","凱基-台南",0,11,-11
"6193","1570力肯","110/07/13","摩根大通",26,15,11
"6194","1570力肯","110/07/13","日盛-竹北",0,10,-10
"6195","1570力肯","110/07/13","永豐金-中盛",11,0,11
"6196","1570力肯","110/07/13","國票-九鼎",0,10,-10
"6197","1570力肯","110/07/13","兆豐-台中港",10,0,10
"6198","1570力肯","110/07/13","凱基-桃園",0,10,-10
"6199","1570力肯","110/07/13","國泰-松江",9,0,9
"6200","1570力肯","110/07/13","凱基-新豐",0,10,-10
"6201","1570力肯","110/07/13","元大-新盛",9,0,9
"6202","1570力肯","110/07/13","元大-學甲",0,10,-10
"6203","1570力肯","110/07/13","元富-緯城",6,0,6
"6204","1570力肯","110/07/13","群益金鼎-東湖",1,10,-9
"6205","1570力肯","110/07/13","統一-三重",5,0,5
"6206","1570力肯","110/07/13","大昌",0,6,-6
"6207","1570力肯","110/07/13","元大-前金",5,0,5
"6208","1570力肯","110/07/13","元大-土城學府",0,6,-6
"6209","1570力肯","110/07/13","永豐金證券",5,0,5
"6210","1570力肯","110/07/13","統一",0,5,-5
"6211","6180橘子","110/07/13","摩根大通",119,0,119
"6212","6180橘子","110/07/13","元大-崇德",2,61,-59
"6213","6180橘子","110/07/13","美商高盛",96,0,96
"6214","6180橘子","110/07/13","康和-台中",0,51,-51
"6215","6180橘子","110/07/13","新加坡商瑞銀",86,7,79
"6216","6180橘子","110/07/13","康和-台北",0,50,-50
"6217","6180橘子","110/07/13","元大-和平",40,0,40
"6218","6180橘子","110/07/13","元富-潮州",0,40,-40
"6219","6180橘子","110/07/13","凱基-台北",83,47,36
"6220","6180橘子","110/07/13","日盛-永康",0,26,-26
"6221","6180橘子","110/07/13","美林",39,5,34
"6222","6180橘子","110/07/13","永豐金-中正",0,24,-24
"6223","6180橘子","110/07/13","富邦-新竹華信",31,2,29
"6224","6180橘子","110/07/13","國泰-板橋",2,25,-23
"6225","6180橘子","110/07/13","統一-南京",21,0,21
"6226","6180橘子","110/07/13","日盛-大墩",0,20,-20
"6227","6180橘子","110/07/13","富邦-陽明",24,3,21
"6228","6180橘子","110/07/13","元大-草屯",13,32,-19
"6229","6180橘子","110/07/13","大昌-樹林",21,1,20
"6230","6180橘子","110/07/13","元富-林園",1,18,-17
"6231","6180橘子","110/07/13","花旗環球",19,0,19
"6232","6180橘子","110/07/13","新光-新竹",1,18,-17
"6233","6180橘子","110/07/13","華南永昌-台南",19,0,19
"6234","6180橘子","110/07/13","元大-土城永寧",0,17,-17
"6235","6180橘子","110/07/13","福勝",14,0,14
"6236","6180橘子","110/07/13","國泰-新莊",3,19,-16
"6237","6180橘子","110/07/13","富邦-嘉義",12,1,11
"6238","6180橘子","110/07/13","中國信託-永康",6,21,-15
"6239","6180橘子","110/07/13","元大-板橋三民",11,0,11
"6240","6180橘子","110/07/13","凱基-東港",1,15,-14
"6241","1570力肯","110/07/13","新光",115,11,104
"6242","1570力肯","110/07/13","元大-北三重",0,162,-162
"6243","1570力肯","110/07/13","群益金鼎-高雄",54,0,54
"6244","1570力肯","110/07/13","元大-大灣",0,25,-25
"6245","1570力肯","110/07/13","國票-新莊",22,0,22
"6246","1570力肯","110/07/13","永豐金-苓雅",0,22,-22
"6247","1570力肯","110/07/13","日盛-桃園",12,0,12
"6248","1570力肯","110/07/13","永豐金-永康",0,19,-19
"6249","1570力肯","110/07/13","元大-高雄",12,0,12
"6250","1570力肯","110/07/13","富邦-員林",0,15,-15
"6251","1570力肯","110/07/13","合庫-自強",11,0,11
"6252","1570力肯","110/07/13","凱基-台南",0,11,-11
"6253","1570力肯","110/07/13","摩根大通",26,15,11
"6254","1570力肯","110/07/13","日盛-竹北",0,10,-10
"6255","1570力肯","110/07/13","永豐金-中盛",11,0,11
"6256","1570力肯","110/07/13","國票-九鼎",0,10,-10
"6257","1570力肯","110/07/13","兆豐-台中港",10,0,10
"6258","1570力肯","110/07/13","凱基-桃園",0,10,-10
"6259","1570力肯","110/07/13","國泰-松江",9,0,9
"6260","1570力肯","110/07/13","凱基-新豐",0,10,-10
"6261","1570力肯","110/07/13","元大-新盛",9,0,9
"6262","1570力肯","110/07/13","元大-學甲",0,10,-10
"6263","1570力肯","110/07/13","元富-緯城",6,0,6
"6264","1570力肯","110/07/13","群益金鼎-東湖",1,10,-9
"6265","1570力肯","110/07/13","統一-三重",5,0,5
"6266","1570力肯","110/07/13","大昌",0,6,-6
"6267","1570力肯","110/07/13","元大-前金",5,0,5
"6268","1570力肯","110/07/13","元大-土城學府",0,6,-6
"6269","1570力肯","110/07/13","永豐金證券",5,0,5
"6270","1570力肯","110/07/13","統一",0,5,-5
"6271","6180橘子","110/07/13","摩根大通",119,0,119
"6272","6180橘子","110/07/13","元大-崇德",2,61,-59
"6273","6180橘子","110/07/13","美商高盛",96,0,96
"6274","6180橘子","110/07/13","康和-台中",0,51,-51
"6275","6180橘子","110/07/13","新加坡商瑞銀",86,7,79
"6276","6180橘子","110/07/13","康和-台北",0,50,-50
"6277","6180橘子","110/07/13","元大-和平",40,0,40
"6278","6180橘子","110/07/13","元富-潮州",0,40,-40
"6279","6180橘子","110/07/13","凱基-台北",83,47,36
"6280","6180橘子","110/07/13","日盛-永康",0,26,-26
"6281","6180橘子","110/07/13","美林",39,5,34
"6282","6180橘子","110/07/13","永豐金-中正",0,24,-24
"6283","6180橘子","110/07/13","富邦-新竹華信",31,2,29
"6284","6180橘子","110/07/13","國泰-板橋",2,25,-23
"6285","6180橘子","110/07/13","統一-南京",21,0,21
"6286","6180橘子","110/07/13","日盛-大墩",0,20,-20
"6287","6180橘子","110/07/13","富邦-陽明",24,3,21
"6288","6180橘子","110/07/13","元大-草屯",13,32,-19
"6289","6180橘子","110/07/13","大昌-樹林",21,1,20
"6290","6180橘子","110/07/13","元富-林園",1,18,-17
"6291","6180橘子","110/07/13","花旗環球",19,0,19
"6292","6180橘子","110/07/13","新光-新竹",1,18,-17
"6293","6180橘子","110/07/13","華南永昌-台南",19,0,19
"6294","6180橘子","110/07/13","元大-土城永寧",0,17,-17
"6295","6180橘子","110/07/13","福勝",14,0,14
"6296","6180橘子","110/07/13","國泰-新莊",3,19,-16
"6297","6180橘子","110/07/13","富邦-嘉義",12,1,11
"6298","6180橘子","110/07/13","中國信託-永康",6,21,-15
"6299","6180橘子","110/07/13","元大-板橋三民",11,0,11
"6300","6180橘子","110/07/13","凱基-東港",1,15,-14
"6301","2390云辰","110/07/13","新加坡商瑞銀",562,75,487
"6302","2390云辰","110/07/13","大展-台南",0,532,-532
"6303","2390云辰","110/07/13","台灣摩根士丹利",330,155,175
"6304","2390云辰","110/07/13","凱基-台北",668,854,-186
"6305","2390云辰","110/07/13","兆豐-公益",126,25,101
"6306","2390云辰","110/07/13","凱基-三重",12,172,-160
"6307","2390云辰","110/07/13","元富-中港",100,2,98
"6308","2390云辰","110/07/13","兆豐-忠孝",4,161,-157
"6309","2390云辰","110/07/13","統一-新台中",106,9,97
"6310","2390云辰","110/07/13","元大-士林",19,170,-151
"6311","2390云辰","110/07/13","中國信託-松江",81,11,70
"6312","2390云辰","110/07/13","臺銀-新竹",14,117,-103
"6313","2390云辰","110/07/13","日盛-板橋",72,3,69
"6314","2390云辰","110/07/13","國票-台中",4,102,-98
"6315","2390云辰","110/07/13","日盛-和美",57,0,57
"6316","2390云辰","110/07/13","新光",147,232,-85
"6317","2390云辰","110/07/13","永豐金-桃園",88,36,52
"6318","2390云辰","110/07/13","致和-崇德",2,70,-68
"6319","2390云辰","110/07/13","玉山-士林",54,4,50
"6320","2390云辰","110/07/13","群益金鼎-屏東",2,70,-68
"6321","2390云辰","110/07/13","富邦-仁愛",56,6,50
"6322","2390云辰","110/07/13","元大-大里",35,98,-63
"6323","2390云辰","110/07/13","第一金-豐原",50,1,49
"6324","2390云辰","110/07/13","元大-萬華",35,94,-59
"6325","2390云辰","110/07/13","摩根大通",502,453,49
"6326","2390云辰","110/07/13","元富-吉利",2,60,-58
"6327","2390云辰","110/07/13","凱基-松山",61,13,48
"6328","2390云辰","110/07/13","兆豐-新竹",3,53,-50
"6329","2390云辰","110/07/13","大昌",64,22,42
"6330","2390云辰","110/07/13","富邦-嘉義",65,108,-43
"6331","2363矽統","110/07/13","凱基-南崁",2133,63,2070
"6332","2363矽統","110/07/13","凱基-幸福",36,4048,-4012
"6333","2363矽統","110/07/13","國泰-敦南",2195,1617,578
"6334","2363矽統","110/07/13","統一",192,3325,-3133
"6335","2363矽統","110/07/13","中農",670,139,531
"6336","2363矽統","110/07/13","新加坡商瑞銀",1000,2747,-1747
"6337","2363矽統","110/07/13","康和-台中",638,154,484
"6338","2363矽統","110/07/13","凱基-台北",5359,6609,-1250
"6339","2363矽統","110/07/13","群益金鼎-三民",577,137,440
"6340","2363矽統","110/07/13","摩根大通",1930,2858,-928
"6341","2363矽統","110/07/13","台新-屏東",510,88,422
"6342","2363矽統","110/07/13","港商野村",960,1679,-719
"6343","2363矽統","110/07/13","德信-中正",455,67,388
"6344","2363矽統","110/07/13","兆豐-復興",25,705,-680
"6345","2363矽統","110/07/13","日盛-竹北",365,70,295
"6346","2363矽統","110/07/13","統一-仁愛",114,755,-641
"6347","2363矽統","110/07/13","元大-佳里",452,189,263
"6348","2363矽統","110/07/13","統一-敦南",29,638,-609
"6349","2363矽統","110/07/13","國票-博愛",296,38,258
"6350","2363矽統","110/07/13","統一-土城",100,704,-604
"6351","2363矽統","110/07/13","元大-萬華",340,95,245
"6352","2363矽統","110/07/13","統一-城中",116,676,-560
"6353","2363矽統","110/07/13","新光",1259,1031,228
"6354","2363矽統","110/07/13","永豐金證券",306,859,-553
"6355","2363矽統","110/07/13","元富-成功",323,96,227
"6356","2363矽統","110/07/13","元富",54,567,-513
"6357","2363矽統","110/07/13","豐農",228,23,205
"6358","2363矽統","110/07/13","瑞士信貸",202,666,-464
"6359","2363矽統","110/07/13","台灣企銀-岡山",186,4,182
"6360","2363矽統","110/07/13","永豐金-嘉義",67,468,-401
"6361","8112至上","110/07/13","摩根大通",688,296,392
"6362","8112至上","110/07/13","國票-中和",0,401,-401
"6363","8112至上","110/07/13","港商野村",344,145,199
"6364","8112至上","110/07/13","永豐金-板盛",0,205,-205
"6365","8112至上","110/07/13","兆豐-公益",195,5,190
"6366","8112至上","110/07/13","凱基-五股",43,155,-112
"6367","8112至上","110/07/13","台灣摩根士丹利",183,0,183
"6368","8112至上","110/07/13","凱基-市政",0,100,-100
"6369","8112至上","110/07/13","群益金鼎-敦南",153,2,151
"6370","8112至上","110/07/13","元大-大里德芳",1,92,-91
"6371","8112至上","110/07/13","臺銀-金山",146,26,120
"6372","8112至上","110/07/13","玉山-桃園",26,110,-84
"6373","8112至上","110/07/13","臺銀",133,19,114
"6374","8112至上","110/07/13","兆豐-天母",0,81,-81
"6375","8112至上","110/07/13","合庫-台中",115,6,109
"6376","8112至上","110/07/13","凱基-城中",3,84,-81
"6377","8112至上","110/07/13","亞東-板橋",134,26,108
"6378","8112至上","110/07/13","日盛-新莊",9,85,-76
"6379","8112至上","110/07/13","凱基-台北",414,326,88
"6380","8112至上","110/07/13","日盛-台中",2,64,-62
"6381","8112至上","110/07/13","新加坡商瑞銀",181,100,81
"6382","8112至上","110/07/13","日盛-中壢",3,64,-61
"6383","8112至上","110/07/13","國泰-敦南",108,31,77
"6384","8112至上","110/07/13","元大-台中",2,59,-57
"6385","8112至上","110/07/13","第一金-華江",77,4,73
"6386","8112至上","110/07/13","元大-雙和",7,64,-57
"6387","8112至上","110/07/13","永豐金-內湖",73,1,72
"6388","8112至上","110/07/13","元大-高雄",8,62,-54
"6389","8112至上","110/07/13","元大-永和",68,1,67
"6390","8112至上","110/07/13","元大-館前",2,55,-53
"6391","2929淘帝","110/07/13","玉山-新竹",130,0,130
"6392","2929淘帝","110/07/13","美商高盛",0,177,-177
"6393","2929淘帝","110/07/13","臺銀-民權",60,0,60
"6394","2929淘帝","110/07/13","凱基-台北",6,80,-74
"6395","2929淘帝","110/07/13","新百王",31,0,31
"6396","2929淘帝","110/07/13","元富-大裕",0,49,-49
"6397","2929淘帝","110/07/13","日盛-園區",30,0,30
"6398","2929淘帝","110/07/13","國泰-館前",3,51,-48
"6399","2929淘帝","110/07/13","元大-南投",31,1,30
"6400","2929淘帝","110/07/13","凱基-中壢",0,41,-41
"6401","2929淘帝","110/07/13","兆豐-忠孝",28,0,28
"6402","2929淘帝","110/07/13","港商野村",21,55,-34
"6403","2929淘帝","110/07/13","元大-民生",28,0,28
"6404","2929淘帝","110/07/13","華南永昌-南京",2,34,-32
"6405","2929淘帝","110/07/13","合庫-高雄",27,0,27
"6406","2929淘帝","110/07/13","群益金鼎-土城",0,30,-30
"6407","2929淘帝","110/07/13","凱基-豐中",27,0,27
"6408","2929淘帝","110/07/13","富邦-南屯",0,22,-22
"6409","2929淘帝","110/07/13","新光",21,4,17
"6410","2929淘帝","110/07/13","第一金-豐原",0,20,-20
"6411","2929淘帝","110/07/13","元大-天母",17,0,17
"6412","2929淘帝","110/07/13","元大-屏南",6,26,-20
"6413","2929淘帝","110/07/13","永興",14,0,14
"6414","2929淘帝","110/07/13","永豐金-敦南",1,21,-20
"6415","2929淘帝","110/07/13","富邦-台北",12,0,12
"6416","2929淘帝","110/07/13","凱基-三重",2,21,-19
"6417","2929淘帝","110/07/13","元大-永和",12,0,12
"6418","2929淘帝","110/07/13","富邦-仁愛",7,25,-18
"6419","2929淘帝","110/07/13","國票-天祥",11,0,11
"6420","2929淘帝","110/07/13","元大-北投",0,16,-16
"6421","2841台開","110/07/13","中國信託-高雄",251,50,201
"6422","2841台開","110/07/13","兆豐-公益",0,177,-177
"6423","2841台開","110/07/13","日盛證券",210,13,197
"6424","2841台開","110/07/13","日進",0,152,-152
"6425","2841台開","110/07/13","第一金-台中",55,0,55
"6426","2841台開","110/07/13","港商野村",0,109,-109
"6427","2841台開","110/07/13","國泰-板橋",46,0,46
"6428","2841台開","110/07/13","日盛-信義",0,103,-103
"6429","2841台開","110/07/13","國泰-館前",48,3,45
"6430","2841台開","110/07/13","國泰-敦南",11,75,-64
"6431","2841台開","110/07/13","華南永昌-新莊",45,0,45
"6432","2841台開","110/07/13","永興",0,50,-50
"6433","2841台開","110/07/13","日盛-園區",42,0,42
"6434","2841台開","110/07/13","永豐金-敦南",61,104,-43
"6435","2841台開","110/07/13","台新證券",32,0,32
"6436","2841台開","110/07/13","富邦-台南",0,42,-42
"6437","2841台開","110/07/13","台新-高雄",32,2,30
"6438","2841台開","110/07/13","國票-安和",0,30,-30
"6439","2841台開","110/07/13","豐農",23,0,23
"6440","2841台開","110/07/13","元大-桃園",0,25,-25
"6441","2841台開","110/07/13","合庫-嘉義",20,0,20
"6442","2841台開","110/07/13","新光",8,32,-24
"6443","2841台開","110/07/13","華南永昌-高雄",20,0,20
"6444","2841台開","110/07/13","元大-仁愛",0,24,-24
"6445","2841台開","110/07/13","元大-樹林",16,0,16
"6446","2841台開","110/07/13","日盛-中和",0,20,-20
"6447","2841台開","110/07/13","第一金-華江",15,2,13
"6448","2841台開","110/07/13","元富",0,20,-20
"6449","2841台開","110/07/13","美商高盛",12,0,12
"6450","2841台開","110/07/13","富邦-宜蘭",0,20,-20
"6451","6207雷科","110/07/13","元大-高雄",121,0,121
"6452","6207雷科","110/07/13","華南永昌-朴子",1,60,-59
"6453","6207雷科","110/07/13","第一金-新興",20,0,20
"6454","6207雷科","110/07/13","元大-南海",0,36,-36
"6455","6207雷科","110/07/13","元富-三重",20,0,20
"6456","6207雷科","110/07/13","凱基-土城",0,35,-35
"6457","6207雷科","110/07/13","元大-林園",15,0,15
"6458","6207雷科","110/07/13","台灣企銀",0,20,-20
"6459","6207雷科","110/07/13","元大-金華",16,1,15
"6460","6207雷科","110/07/13","群益金鼎-丹鳳",0,20,-20
"6461","6207雷科","110/07/13","日盛證券",10,0,10
"6462","6207雷科","110/07/13","元大-博愛",0,17,-17
"6463","6207雷科","110/07/13","統一-台中",10,0,10
"6464","6207雷科","110/07/13","元大-北港",0,13,-13
"6465","6207雷科","110/07/13","群益金鼎-土城",10,0,10
"6466","6207雷科","110/07/13","新加坡商瑞銀",0,12,-12
"6467","6207雷科","110/07/13","群益金鼎-桃園",10,0,10
"6468","6207雷科","110/07/13","凱基-台北",4,16,-12
"6469","6207雷科","110/07/13","永豐金-新莊",10,0,10
"6470","6207雷科","110/07/13","日茂-埔里",0,11,-11
"6471","6207雷科","110/07/13","永豐金-新店",10,0,10
"6472","6207雷科","110/07/13","元大-莒光",0,11,-11
"6473","6207雷科","110/07/13","元大證券",9,0,9
"6474","6207雷科","110/07/13","統一-新竹",0,10,-10
"6475","6207雷科","110/07/13","日盛-木柵",9,1,8
"6476","6207雷科","110/07/13","元大-西螺",0,10,-10
"6477","6207雷科","110/07/13","兆豐-來福",8,0,8
"6478","6207雷科","110/07/13","康和-台中",0,8,-8
"6479","6207雷科","110/07/13","新光",7,0,7
"6480","6207雷科","110/07/13","兆豐-高雄",0,6,-6
"6481","3679新至陞","110/07/13","永豐金證券",50,0,50
"6482","3679新至陞","110/07/13","摩根大通",2,25,-23
"6483","3679新至陞","110/07/13","國泰-桃園",22,0,22
"6484","3679新至陞","110/07/13","元大-成功",0,22,-22
"6485","3679新至陞","110/07/13","台中銀-員林",11,0,11
"6486","3679新至陞","110/07/13","富邦-板橋",1,19,-18
"6487","3679新至陞","110/07/13","元大-文心興安",8,0,8
"6488","3679新至陞","110/07/13","日盛-新莊",0,10,-10
"6489","3679新至陞","110/07/13","美商高盛",6,0,6
"6490","3679新至陞","110/07/13","台新-台中",0,10,-10
"6491","3679新至陞","110/07/13","台新-高雄",6,0,6
"6492","3679新至陞","110/07/13","永豐金-新竹",0,8,-8
"6493","3679新至陞","110/07/13","凱基-台北",18,12,6
"6494","3679新至陞","110/07/13","瑞士信貸",12,19,-7
"6495","3679新至陞","110/07/13","日盛-復興",5,0,5
"6496","3679新至陞","110/07/13","統一-南京",0,7,-7
"6497","3679新至陞","110/07/13","(牛牛牛)亞-鑫豐",4,0,4
"6498","3679新至陞","110/07/13","凱基-新莊",0,7,-7
"6499","3679新至陞","110/07/13","元富-大昌",3,0,3
"6500","3679新至陞","110/07/13","新加坡商瑞銀",0,6,-6
"6501","3679新至陞","110/07/13","富邦-台北",3,0,3
"6502","3679新至陞","110/07/13","合庫-自強",0,5,-5
"6503","3679新至陞","110/07/13","日盛-樹林",2,0,2
"6504","3679新至陞","110/07/13","富邦-桃園",0,5,-5
"6505","3679新至陞","110/07/13","宏遠-光隆",2,0,2
"6506","3679新至陞","110/07/13","永豐金-潮州",0,4,-4
"6507","3679新至陞","110/07/13","美林",3,1,2
"6508","3679新至陞","110/07/13","臺銀-臺南",0,3,-3
"6509","3679新至陞","110/07/13","第一金-中壢",2,0,2
"6510","3679新至陞","110/07/13","元大-六合",0,3,-3
"6511","2727王品","110/07/13","富邦-台北",43,3,40
"6512","2727王品","110/07/13","台灣摩根士丹利",15,97,-82
"6513","2727王品","110/07/13","元大-基隆孝二",40,0,40
"6514","2727王品","110/07/13","玉山-台南",5,57,-52
"6515","2727王品","110/07/13","國票-新莊",40,1,39
"6516","2727王品","110/07/13","新加坡商瑞銀",0,48,-48
"6517","2727王品","110/07/13","第一金-豐原",66,42,24
"6518","2727王品","110/07/13","凱基-台北",41,77,-36
"6519","2727王品","110/07/13","永豐金-大園",34,10,24
"6520","2727王品","110/07/13","永豐金-永康",0,22,-22
"6521","2727王品","110/07/13","元大-北屯",22,0,22
"6522","2727王品","110/07/13","統一-台中",2,22,-20
"6523","2727王品","110/07/13","元大-東蘆",26,7,19
"6524","2727王品","110/07/13","國泰-台中",21,39,-18
"6525","2727王品","110/07/13","永豐金-萬盛",13,1,12
"6526","2727王品","110/07/13","合庫-彰化",3,20,-17
"6527","2727王品","110/07/13","日盛-嘉義",11,0,11
"6528","2727王品","110/07/13","港商野村",13,30,-17
"6529","2727王品","110/07/13","日盛-八德",11,0,11
"6530","2727王品","110/07/13","元大-楊梅",1,16,-15
"6531","2727王品","110/07/13","統一-竹南",11,0,11
"6532","2727王品","110/07/13","凱基-高美館",2,15,-13
"6533","2727王品","110/07/13","日盛-士林",12,2,10
"6534","2727王品","110/07/13","美商高盛",2,14,-12
"6535","2727王品","110/07/13","統一-敦南",10,0,10
"6536","2727王品","110/07/13","統一-平鎮",1,13,-12
"6537","2727王品","110/07/13","中國信託",15,5,10
"6538","2727王品","110/07/13","兆豐-台中港",4,16,-12
"6539","2727王品","110/07/13","兆豐-竹北",13,3,10
"6540","2727王品","110/07/13","凱基-八德",1,13,-12
"6541","1570力肯","110/07/13","新光",115,11,104
"6542","1570力肯","110/07/13","元大-北三重",0,162,-162
"6543","1570力肯","110/07/13","群益金鼎-高雄",54,0,54
"6544","1570力肯","110/07/13","元大-大灣",0,25,-25
"6545","1570力肯","110/07/13","國票-新莊",22,0,22
"6546","1570力肯","110/07/13","永豐金-苓雅",0,22,-22
"6547","1570力肯","110/07/13","日盛-桃園",12,0,12
"6548","1570力肯","110/07/13","永豐金-永康",0,19,-19
"6549","1570力肯","110/07/13","元大-高雄",12,0,12
"6550","1570力肯","110/07/13","富邦-員林",0,15,-15
"6551","1570力肯","110/07/13","合庫-自強",11,0,11
"6552","1570力肯","110/07/13","凱基-台南",0,11,-11
"6553","1570力肯","110/07/13","摩根大通",26,15,11
"6554","1570力肯","110/07/13","日盛-竹北",0,10,-10
"6555","1570力肯","110/07/13","永豐金-中盛",11,0,11
"6556","1570力肯","110/07/13","國票-九鼎",0,10,-10
"6557","1570力肯","110/07/13","兆豐-台中港",10,0,10
"6558","1570力肯","110/07/13","凱基-桃園",0,10,-10
"6559","1570力肯","110/07/13","國泰-松江",9,0,9
"6560","1570力肯","110/07/13","凱基-新豐",0,10,-10
"6561","1570力肯","110/07/13","元大-新盛",9,0,9
"6562","1570力肯","110/07/13","元大-學甲",0,10,-10
"6563","1570力肯","110/07/13","元富-緯城",6,0,6
"6564","1570力肯","110/07/13","群益金鼎-東湖",1,10,-9
"6565","1570力肯","110/07/13","統一-三重",5,0,5
"6566","1570力肯","110/07/13","大昌",0,6,-6
"6567","1570力肯","110/07/13","元大-前金",5,0,5
"6568","1570力肯","110/07/13","元大-土城學府",0,6,-6
"6569","1570力肯","110/07/13","永豐金證券",5,0,5
"6570","1570力肯","110/07/13","統一",0,5,-5
"6571","6180橘子","110/07/13","摩根大通",119,0,119
"6572","6180橘子","110/07/13","元大-崇德",2,61,-59
"6573","6180橘子","110/07/13","美商高盛",96,0,96
"6574","6180橘子","110/07/13","康和-台中",0,51,-51
"6575","6180橘子","110/07/13","新加坡商瑞銀",86,7,79
"6576","6180橘子","110/07/13","康和-台北",0,50,-50
"6577","6180橘子","110/07/13","元大-和平",40,0,40
"6578","6180橘子","110/07/13","元富-潮州",0,40,-40
"6579","6180橘子","110/07/13","凱基-台北",83,47,36
"6580","6180橘子","110/07/13","日盛-永康",0,26,-26
"6581","6180橘子","110/07/13","美林",39,5,34
"6582","6180橘子","110/07/13","永豐金-中正",0,24,-24
"6583","6180橘子","110/07/13","富邦-新竹華信",31,2,29
"6584","6180橘子","110/07/13","國泰-板橋",2,25,-23
"6585","6180橘子","110/07/13","統一-南京",21,0,21
"6586","6180橘子","110/07/13","日盛-大墩",0,20,-20
"6587","6180橘子","110/07/13","富邦-陽明",24,3,21
"6588","6180橘子","110/07/13","元大-草屯",13,32,-19
"6589","6180橘子","110/07/13","大昌-樹林",21,1,20
"6590","6180橘子","110/07/13","元富-林園",1,18,-17
"6591","6180橘子","110/07/13","花旗環球",19,0,19
"6592","6180橘子","110/07/13","新光-新竹",1,18,-17
"6593","6180橘子","110/07/13","華南永昌-台南",19,0,19
"6594","6180橘子","110/07/13","元大-土城永寧",0,17,-17
"6595","6180橘子","110/07/13","福勝",14,0,14
"6596","6180橘子","110/07/13","國泰-新莊",3,19,-16
"6597","6180橘子","110/07/13","富邦-嘉義",12,1,11
"6598","6180橘子","110/07/13","中國信託-永康",6,21,-15
"6599","6180橘子","110/07/13","元大-板橋三民",11,0,11
"6600","6180橘子","110/07/13","凱基-東港",1,15,-14
"6601","2390云辰","110/07/13","新加坡商瑞銀",562,75,487
"6602","2390云辰","110/07/13","大展-台南",0,532,-532
"6603","2390云辰","110/07/13","台灣摩根士丹利",330,155,175
"6604","2390云辰","110/07/13","凱基-台北",668,854,-186
"6605","2390云辰","110/07/13","兆豐-公益",126,25,101
"6606","2390云辰","110/07/13","凱基-三重",12,172,-160
"6607","2390云辰","110/07/13","元富-中港",100,2,98
"6608","2390云辰","110/07/13","兆豐-忠孝",4,161,-157
"6609","2390云辰","110/07/13","統一-新台中",106,9,97
"6610","2390云辰","110/07/13","元大-士林",19,170,-151
"6611","2390云辰","110/07/13","中國信託-松江",81,11,70
"6612","2390云辰","110/07/13","臺銀-新竹",14,117,-103
"6613","2390云辰","110/07/13","日盛-板橋",72,3,69
"6614","2390云辰","110/07/13","國票-台中",4,102,-98
"6615","2390云辰","110/07/13","日盛-和美",57,0,57
"6616","2390云辰","110/07/13","新光",147,232,-85
"6617","2390云辰","110/07/13","永豐金-桃園",88,36,52
"6618","2390云辰","110/07/13","致和-崇德",2,70,-68
"6619","2390云辰","110/07/13","玉山-士林",54,4,50
"6620","2390云辰","110/07/13","群益金鼎-屏東",2,70,-68
"6621","2390云辰","110/07/13","富邦-仁愛",56,6,50
"6622","2390云辰","110/07/13","元大-大里",35,98,-63
"6623","2390云辰","110/07/13","第一金-豐原",50,1,49
"6624","2390云辰","110/07/13","元大-萬華",35,94,-59
"6625","2390云辰","110/07/13","摩根大通",502,453,49
"6626","2390云辰","110/07/13","元富-吉利",2,60,-58
"6627","2390云辰","110/07/13","凱基-松山",61,13,48
"6628","2390云辰","110/07/13","兆豐-新竹",3,53,-50
"6629","2390云辰","110/07/13","大昌",64,22,42
"6630","2390云辰","110/07/13","富邦-嘉義",65,108,-43
"6631","2363矽統","110/07/13","凱基-南崁",2133,63,2070
"6632","2363矽統","110/07/13","凱基-幸福",36,4048,-4012
"6633","2363矽統","110/07/13","國泰-敦南",2195,1617,578
"6634","2363矽統","110/07/13","統一",192,3325,-3133
"6635","2363矽統","110/07/13","中農",670,139,531
"6636","2363矽統","110/07/13","新加坡商瑞銀",1000,2747,-1747
"6637","2363矽統","110/07/13","康和-台中",638,154,484
"6638","2363矽統","110/07/13","凱基-台北",5359,6609,-1250
"6639","2363矽統","110/07/13","群益金鼎-三民",577,137,440
"6640","2363矽統","110/07/13","摩根大通",1930,2858,-928
"6641","2363矽統","110/07/13","台新-屏東",510,88,422
"6642","2363矽統","110/07/13","港商野村",960,1679,-719
"6643","2363矽統","110/07/13","德信-中正",455,67,388
"6644","2363矽統","110/07/13","兆豐-復興",25,705,-680
"6645","2363矽統","110/07/13","日盛-竹北",365,70,295
"6646","2363矽統","110/07/13","統一-仁愛",114,755,-641
"6647","2363矽統","110/07/13","元大-佳里",452,189,263
"6648","2363矽統","110/07/13","統一-敦南",29,638,-609
"6649","2363矽統","110/07/13","國票-博愛",296,38,258
"6650","2363矽統","110/07/13","統一-土城",100,704,-604
"6651","2363矽統","110/07/13","元大-萬華",340,95,245
"6652","2363矽統","110/07/13","統一-城中",116,676,-560
"6653","2363矽統","110/07/13","新光",1259,1031,228
"6654","2363矽統","110/07/13","永豐金證券",306,859,-553
"6655","2363矽統","110/07/13","元富-成功",323,96,227
"6656","2363矽統","110/07/13","元富",54,567,-513
"6657","2363矽統","110/07/13","豐農",228,23,205
"6658","2363矽統","110/07/13","瑞士信貸",202,666,-464
"6659","2363矽統","110/07/13","台灣企銀-岡山",186,4,182
"6660","2363矽統","110/07/13","永豐金-嘉義",67,468,-401
"6661","8112至上","110/07/13","摩根大通",688,296,392
"6662","8112至上","110/07/13","國票-中和",0,401,-401
"6663","8112至上","110/07/13","港商野村",344,145,199
"6664","8112至上","110/07/13","永豐金-板盛",0,205,-205
"6665","8112至上","110/07/13","兆豐-公益",195,5,190
"6666","8112至上","110/07/13","凱基-五股",43,155,-112
"6667","8112至上","110/07/13","台灣摩根士丹利",183,0,183
"6668","8112至上","110/07/13","凱基-市政",0,100,-100
"6669","8112至上","110/07/13","群益金鼎-敦南",153,2,151
"6670","8112至上","110/07/13","元大-大里德芳",1,92,-91
"6671","8112至上","110/07/13","臺銀-金山",146,26,120
"6672","8112至上","110/07/13","玉山-桃園",26,110,-84
"6673","8112至上","110/07/13","臺銀",133,19,114
"6674","8112至上","110/07/13","兆豐-天母",0,81,-81
"6675","8112至上","110/07/13","合庫-台中",115,6,109
"6676","8112至上","110/07/13","凱基-城中",3,84,-81
"6677","8112至上","110/07/13","亞東-板橋",134,26,108
"6678","8112至上","110/07/13","日盛-新莊",9,85,-76
"6679","8112至上","110/07/13","凱基-台北",414,326,88
"6680","8112至上","110/07/13","日盛-台中",2,64,-62
"6681","8112至上","110/07/13","新加坡商瑞銀",181,100,81
"6682","8112至上","110/07/13","日盛-中壢",3,64,-61
"6683","8112至上","110/07/13","國泰-敦南",108,31,77
"6684","8112至上","110/07/13","元大-台中",2,59,-57
"6685","8112至上","110/07/13","第一金-華江",77,4,73
"6686","8112至上","110/07/13","元大-雙和",7,64,-57
"6687","8112至上","110/07/13","永豐金-內湖",73,1,72
"6688","8112至上","110/07/13","元大-高雄",8,62,-54
"6689","8112至上","110/07/13","元大-永和",68,1,67
"6690","8112至上","110/07/13","元大-館前",2,55,-53
"6691","2929淘帝","110/07/13","玉山-新竹",130,0,130
"6692","2929淘帝","110/07/13","美商高盛",0,177,-177
"6693","2929淘帝","110/07/13","臺銀-民權",60,0,60
"6694","2929淘帝","110/07/13","凱基-台北",6,80,-74
"6695","2929淘帝","110/07/13","新百王",31,0,31
"6696","2929淘帝","110/07/13","元富-大裕",0,49,-49
"6697","2929淘帝","110/07/13","日盛-園區",30,0,30
"6698","2929淘帝","110/07/13","國泰-館前",3,51,-48
"6699","2929淘帝","110/07/13","元大-南投",31,1,30
"6700","2929淘帝","110/07/13","凱基-中壢",0,41,-41
"6701","2929淘帝","110/07/13","兆豐-忠孝",28,0,28
"6702","2929淘帝","110/07/13","港商野村",21,55,-34
"6703","2929淘帝","110/07/13","元大-民生",28,0,28
"6704","2929淘帝","110/07/13","華南永昌-南京",2,34,-32
"6705","2929淘帝","110/07/13","合庫-高雄",27,0,27
"6706","2929淘帝","110/07/13","群益金鼎-土城",0,30,-30
"6707","2929淘帝","110/07/13","凱基-豐中",27,0,27
"6708","2929淘帝","110/07/13","富邦-南屯",0,22,-22
"6709","2929淘帝","110/07/13","新光",21,4,17
"6710","2929淘帝","110/07/13","第一金-豐原",0,20,-20
"6711","2929淘帝","110/07/13","元大-天母",17,0,17
"6712","2929淘帝","110/07/13","元大-屏南",6,26,-20
"6713","2929淘帝","110/07/13","永興",14,0,14
"6714","2929淘帝","110/07/13","永豐金-敦南",1,21,-20
"6715","2929淘帝","110/07/13","富邦-台北",12,0,12
"6716","2929淘帝","110/07/13","凱基-三重",2,21,-19
"6717","2929淘帝","110/07/13","元大-永和",12,0,12
"6718","2929淘帝","110/07/13","富邦-仁愛",7,25,-18
"6719","2929淘帝","110/07/13","國票-天祥",11,0,11
"6720","2929淘帝","110/07/13","元大-北投",0,16,-16
"6721","5410國眾","110/07/13","兆豐-城中",274,0,274
"6722","5410國眾","110/07/13","元富-嘉義",0,103,-103
"6723","5410國眾","110/07/13","新光",50,4,46
"6724","5410國眾","110/07/13","凱基-台北",0,50,-50
"6725","5410國眾","110/07/13","國泰-台中",26,0,26
"6726","5410國眾","110/07/13","瑞士信貸",0,31,-31
"6727","5410國眾","110/07/13","新加坡商瑞銀",22,0,22
"6728","5410國眾","110/07/13","台新-新莊",0,27,-27
"6729","5410國眾","110/07/13","光和-嘉義",20,0,20
"6730","5410國眾","110/07/13","元大-汐止",0,20,-20
"6731","5410國眾","110/07/13","凱基-竹北",17,0,17
"6732","5410國眾","110/07/13","亞東-新竹",0,17,-17
"6733","5410國眾","110/07/13","新光-桃園",15,0,15
"6734","5410國眾","110/07/13","元大-南勢角",0,13,-13
"6735","5410國眾","110/07/13","凱基-台東",14,0,14
"6736","5410國眾","110/07/13","台新-台南",0,12,-12
"6737","5410國眾","110/07/13","富邦-竹北",11,0,11
"6738","5410國眾","110/07/13","中國信託",0,11,-11
"6739","5410國眾","110/07/13","元富-同大",10,0,10
"6740","5410國眾","110/07/13","華南永昌",0,11,-11
"6741","5410國眾","110/07/13","國泰-敦南",24,15,9
"6742","5410國眾","110/07/13","臺銀-臺南",0,10,-10
"6743","5410國眾","110/07/13","日盛-內湖",7,0,7
"6744","5410國眾","110/07/13","台灣企銀-民雄",0,10,-10
"6745","5410國眾","110/07/13","台新-左楠",7,0,7
"6746","5410國眾","110/07/13","高橋",0,10,-10
"6747","5410國眾","110/07/13","元大-新盛",18,12,6
"6748","5410國眾","110/07/13","康和-嘉義",0,10,-10
"6749","5410國眾","110/07/13","統一",5,0,5
"6750","5410國眾","110/07/13","凱基-基隆",0,10,-10
"6751","2841台開","110/07/13","中國信託-高雄",251,50,201
"6752","2841台開","110/07/13","兆豐-公益",0,177,-177
"6753","2841台開","110/07/13","日盛證券",210,13,197
"6754","2841台開","110/07/13","日進",0,152,-152
"6755","2841台開","110/07/13","第一金-台中",55,0,55
"6756","2841台開","110/07/13","港商野村",0,109,-109
"6757","2841台開","110/07/13","國泰-板橋",46,0,46
"6758","2841台開","110/07/13","日盛-信義",0,103,-103
"6759","2841台開","110/07/13","國泰-館前",48,3,45
"6760","2841台開","110/07/13","國泰-敦南",11,75,-64
"6761","2841台開","110/07/13","華南永昌-新莊",45,0,45
"6762","2841台開","110/07/13","永興",0,50,-50
"6763","2841台開","110/07/13","日盛-園區",42,0,42
"6764","2841台開","110/07/13","永豐金-敦南",61,104,-43
"6765","2841台開","110/07/13","台新證券",32,0,32
"6766","2841台開","110/07/13","富邦-台南",0,42,-42
"6767","2841台開","110/07/13","台新-高雄",32,2,30
"6768","2841台開","110/07/13","國票-安和",0,30,-30
"6769","2841台開","110/07/13","豐農",23,0,23
"6770","2841台開","110/07/13","元大-桃園",0,25,-25
"6771","2841台開","110/07/13","合庫-嘉義",20,0,20
"6772","2841台開","110/07/13","新光",8,32,-24
"6773","2841台開","110/07/13","華南永昌-高雄",20,0,20
"6774","2841台開","110/07/13","元大-仁愛",0,24,-24
"6775","2841台開","110/07/13","元大-樹林",16,0,16
"6776","2841台開","110/07/13","日盛-中和",0,20,-20
"6777","2841台開","110/07/13","第一金-華江",15,2,13
"6778","2841台開","110/07/13","元富",0,20,-20
"6779","2841台開","110/07/13","美商高盛",12,0,12
"6780","2841台開","110/07/13","富邦-宜蘭",0,20,-20
"6781","6207雷科","110/07/13","元大-高雄",121,0,121
"6782","6207雷科","110/07/13","華南永昌-朴子",1,60,-59
"6783","6207雷科","110/07/13","第一金-新興",20,0,20
"6784","6207雷科","110/07/13","元大-南海",0,36,-36
"6785","6207雷科","110/07/13","元富-三重",20,0,20
"6786","6207雷科","110/07/13","凱基-土城",0,35,-35
"6787","6207雷科","110/07/13","元大-林園",15,0,15
"6788","6207雷科","110/07/13","台灣企銀",0,20,-20
"6789","6207雷科","110/07/13","元大-金華",16,1,15
"6790","6207雷科","110/07/13","群益金鼎-丹鳳",0,20,-20
"6791","6207雷科","110/07/13","日盛證券",10,0,10
"6792","6207雷科","110/07/13","元大-博愛",0,17,-17
"6793","6207雷科","110/07/13","統一-台中",10,0,10
"6794","6207雷科","110/07/13","元大-北港",0,13,-13
"6795","6207雷科","110/07/13","群益金鼎-土城",10,0,10
"6796","6207雷科","110/07/13","新加坡商瑞銀",0,12,-12
"6797","6207雷科","110/07/13","群益金鼎-桃園",10,0,10
"6798","6207雷科","110/07/13","凱基-台北",4,16,-12
"6799","6207雷科","110/07/13","永豐金-新莊",10,0,10
"6800","6207雷科","110/07/13","日茂-埔里",0,11,-11
"6801","6207雷科","110/07/13","永豐金-新店",10,0,10
"6802","6207雷科","110/07/13","元大-莒光",0,11,-11
"6803","6207雷科","110/07/13","元大證券",9,0,9
"6804","6207雷科","110/07/13","統一-新竹",0,10,-10
"6805","6207雷科","110/07/13","日盛-木柵",9,1,8
"6806","6207雷科","110/07/13","元大-西螺",0,10,-10
"6807","6207雷科","110/07/13","兆豐-來福",8,0,8
"6808","6207雷科","110/07/13","康和-台中",0,8,-8
"6809","6207雷科","110/07/13","新光",7,0,7
"6810","6207雷科","110/07/13","兆豐-高雄",0,6,-6
"6811","3679新至陞","110/07/13","永豐金證券",50,0,50
"6812","3679新至陞","110/07/13","摩根大通",2,25,-23
"6813","3679新至陞","110/07/13","國泰-桃園",22,0,22
"6814","3679新至陞","110/07/13","元大-成功",0,22,-22
"6815","3679新至陞","110/07/13","台中銀-員林",11,0,11
"6816","3679新至陞","110/07/13","富邦-板橋",1,19,-18
"6817","3679新至陞","110/07/13","元大-文心興安",8,0,8
"6818","3679新至陞","110/07/13","日盛-新莊",0,10,-10
"6819","3679新至陞","110/07/13","美商高盛",6,0,6
"6820","3679新至陞","110/07/13","台新-台中",0,10,-10
"6821","3679新至陞","110/07/13","台新-高雄",6,0,6
"6822","3679新至陞","110/07/13","永豐金-新竹",0,8,-8
"6823","3679新至陞","110/07/13","凱基-台北",18,12,6
"6824","3679新至陞","110/07/13","瑞士信貸",12,19,-7
"6825","3679新至陞","110/07/13","日盛-復興",5,0,5
"6826","3679新至陞","110/07/13","統一-南京",0,7,-7
"6827","3679新至陞","110/07/13","(牛牛牛)亞-鑫豐",4,0,4
"6828","3679新至陞","110/07/13","凱基-新莊",0,7,-7
"6829","3679新至陞","110/07/13","元富-大昌",3,0,3
"6830","3679新至陞","110/07/13","新加坡商瑞銀",0,6,-6
"6831","3679新至陞","110/07/13","富邦-台北",3,0,3
"6832","3679新至陞","110/07/13","合庫-自強",0,5,-5
"6833","3679新至陞","110/07/13","日盛-樹林",2,0,2
"6834","3679新至陞","110/07/13","富邦-桃園",0,5,-5
"6835","3679新至陞","110/07/13","宏遠-光隆",2,0,2
"6836","3679新至陞","110/07/13","永豐金-潮州",0,4,-4
"6837","3679新至陞","110/07/13","美林",3,1,2
"6838","3679新至陞","110/07/13","臺銀-臺南",0,3,-3
"6839","3679新至陞","110/07/13","第一金-中壢",2,0,2
"6840","3679新至陞","110/07/13","元大-六合",0,3,-3
"6841","2727王品","110/07/13","富邦-台北",43,3,40
"6842","2727王品","110/07/13","台灣摩根士丹利",15,97,-82
"6843","2727王品","110/07/13","元大-基隆孝二",40,0,40
"6844","2727王品","110/07/13","玉山-台南",5,57,-52
"6845","2727王品","110/07/13","國票-新莊",40,1,39
"6846","2727王品","110/07/13","新加坡商瑞銀",0,48,-48
"6847","2727王品","110/07/13","第一金-豐原",66,42,24
"6848","2727王品","110/07/13","凱基-台北",41,77,-36
"6849","2727王品","110/07/13","永豐金-大園",34,10,24
"6850","2727王品","110/07/13","永豐金-永康",0,22,-22
"6851","2727王品","110/07/13","元大-北屯",22,0,22
"6852","2727王品","110/07/13","統一-台中",2,22,-20
"6853","2727王品","110/07/13","元大-東蘆",26,7,19
"6854","2727王品","110/07/13","國泰-台中",21,39,-18
"6855","2727王品","110/07/13","永豐金-萬盛",13,1,12
"6856","2727王品","110/07/13","合庫-彰化",3,20,-17
"6857","2727王品","110/07/13","日盛-嘉義",11,0,11
"6858","2727王品","110/07/13","港商野村",13,30,-17
"6859","2727王品","110/07/13","日盛-八德",11,0,11
"6860","2727王品","110/07/13","元大-楊梅",1,16,-15
"6861","2727王品","110/07/13","統一-竹南",11,0,11
"6862","2727王品","110/07/13","凱基-高美館",2,15,-13
"6863","2727王品","110/07/13","日盛-士林",12,2,10
"6864","2727王品","110/07/13","美商高盛",2,14,-12
"6865","2727王品","110/07/13","統一-敦南",10,0,10
"6866","2727王品","110/07/13","統一-平鎮",1,13,-12
"6867","2727王品","110/07/13","中國信託",15,5,10
"6868","2727王品","110/07/13","兆豐-台中港",4,16,-12
"6869","2727王品","110/07/13","兆豐-竹北",13,3,10
"6870","2727王品","110/07/13","凱基-八德",1,13,-12
"6871","1570力肯","110/07/13","新光",115,11,104
"6872","1570力肯","110/07/13","元大-北三重",0,162,-162
"6873","1570力肯","110/07/13","群益金鼎-高雄",54,0,54
"6874","1570力肯","110/07/13","元大-大灣",0,25,-25
"6875","1570力肯","110/07/13","國票-新莊",22,0,22
"6876","1570力肯","110/07/13","永豐金-苓雅",0,22,-22
"6877","1570力肯","110/07/13","日盛-桃園",12,0,12
"6878","1570力肯","110/07/13","永豐金-永康",0,19,-19
"6879","1570力肯","110/07/13","元大-高雄",12,0,12
"6880","1570力肯","110/07/13","富邦-員林",0,15,-15
"6881","1570力肯","110/07/13","合庫-自強",11,0,11
"6882","1570力肯","110/07/13","凱基-台南",0,11,-11
"6883","1570力肯","110/07/13","摩根大通",26,15,11
"6884","1570力肯","110/07/13","日盛-竹北",0,10,-10
"6885","1570力肯","110/07/13","永豐金-中盛",11,0,11
"6886","1570力肯","110/07/13","國票-九鼎",0,10,-10
"6887","1570力肯","110/07/13","兆豐-台中港",10,0,10
"6888","1570力肯","110/07/13","凱基-桃園",0,10,-10
"6889","1570力肯","110/07/13","國泰-松江",9,0,9
"6890","1570力肯","110/07/13","凱基-新豐",0,10,-10
"6891","1570力肯","110/07/13","元大-新盛",9,0,9
"6892","1570力肯","110/07/13","元大-學甲",0,10,-10
"6893","1570力肯","110/07/13","元富-緯城",6,0,6
"6894","1570力肯","110/07/13","群益金鼎-東湖",1,10,-9
"6895","1570力肯","110/07/13","統一-三重",5,0,5
"6896","1570力肯","110/07/13","大昌",0,6,-6
"6897","1570力肯","110/07/13","元大-前金",5,0,5
"6898","1570力肯","110/07/13","元大-土城學府",0,6,-6
"6899","1570力肯","110/07/13","永豐金證券",5,0,5
"6900","1570力肯","110/07/13","統一",0,5,-5
"6901","6180橘子","110/07/13","摩根大通",119,0,119
"6902","6180橘子","110/07/13","元大-崇德",2,61,-59
"6903","6180橘子","110/07/13","美商高盛",96,0,96
"6904","6180橘子","110/07/13","康和-台中",0,51,-51
"6905","6180橘子","110/07/13","新加坡商瑞銀",86,7,79
"6906","6180橘子","110/07/13","康和-台北",0,50,-50
"6907","6180橘子","110/07/13","元大-和平",40,0,40
"6908","6180橘子","110/07/13","元富-潮州",0,40,-40
"6909","6180橘子","110/07/13","凱基-台北",83,47,36
"6910","6180橘子","110/07/13","日盛-永康",0,26,-26
"6911","6180橘子","110/07/13","美林",39,5,34
"6912","6180橘子","110/07/13","永豐金-中正",0,24,-24
"6913","6180橘子","110/07/13","富邦-新竹華信",31,2,29
"6914","6180橘子","110/07/13","國泰-板橋",2,25,-23
"6915","6180橘子","110/07/13","統一-南京",21,0,21
"6916","6180橘子","110/07/13","日盛-大墩",0,20,-20
"6917","6180橘子","110/07/13","富邦-陽明",24,3,21
"6918","6180橘子","110/07/13","元大-草屯",13,32,-19
"6919","6180橘子","110/07/13","大昌-樹林",21,1,20
"6920","6180橘子","110/07/13","元富-林園",1,18,-17
"6921","6180橘子","110/07/13","花旗環球",19,0,19
"6922","6180橘子","110/07/13","新光-新竹",1,18,-17
"6923","6180橘子","110/07/13","華南永昌-台南",19,0,19
"6924","6180橘子","110/07/13","元大-土城永寧",0,17,-17
"6925","6180橘子","110/07/13","福勝",14,0,14
"6926","6180橘子","110/07/13","國泰-新莊",3,19,-16
"6927","6180橘子","110/07/13","富邦-嘉義",12,1,11
"6928","6180橘子","110/07/13","中國信託-永康",6,21,-15
"6929","6180橘子","110/07/13","元大-板橋三民",11,0,11
"6930","6180橘子","110/07/13","凱基-東港",1,15,-14
"6931","2390云辰","110/07/13","新加坡商瑞銀",562,75,487
"6932","2390云辰","110/07/13","大展-台南",0,532,-532
"6933","2390云辰","110/07/13","台灣摩根士丹利",330,155,175
"6934","2390云辰","110/07/13","凱基-台北",668,854,-186
"6935","2390云辰","110/07/13","兆豐-公益",126,25,101
"6936","2390云辰","110/07/13","凱基-三重",12,172,-160
"6937","2390云辰","110/07/13","元富-中港",100,2,98
"6938","2390云辰","110/07/13","兆豐-忠孝",4,161,-157
"6939","2390云辰","110/07/13","統一-新台中",106,9,97
"6940","2390云辰","110/07/13","元大-士林",19,170,-151
"6941","2390云辰","110/07/13","中國信託-松江",81,11,70
"6942","2390云辰","110/07/13","臺銀-新竹",14,117,-103
"6943","2390云辰","110/07/13","日盛-板橋",72,3,69
"6944","2390云辰","110/07/13","國票-台中",4,102,-98
"6945","2390云辰","110/07/13","日盛-和美",57,0,57
"6946","2390云辰","110/07/13","新光",147,232,-85
"6947","2390云辰","110/07/13","永豐金-桃園",88,36,52
"6948","2390云辰","110/07/13","致和-崇德",2,70,-68
"6949","2390云辰","110/07/13","玉山-士林",54,4,50
"6950","2390云辰","110/07/13","群益金鼎-屏東",2,70,-68
"6951","2390云辰","110/07/13","富邦-仁愛",56,6,50
"6952","2390云辰","110/07/13","元大-大里",35,98,-63
"6953","2390云辰","110/07/13","第一金-豐原",50,1,49
"6954","2390云辰","110/07/13","元大-萬華",35,94,-59
"6955","2390云辰","110/07/13","摩根大通",502,453,49
"6956","2390云辰","110/07/13","元富-吉利",2,60,-58
"6957","2390云辰","110/07/13","凱基-松山",61,13,48
"6958","2390云辰","110/07/13","兆豐-新竹",3,53,-50
"6959","2390云辰","110/07/13","大昌",64,22,42
"6960","2390云辰","110/07/13","富邦-嘉義",65,108,-43
"6961","2363矽統","110/07/13","凱基-南崁",2133,63,2070
"6962","2363矽統","110/07/13","凱基-幸福",36,4048,-4012
"6963","2363矽統","110/07/13","國泰-敦南",2195,1617,578
"6964","2363矽統","110/07/13","統一",192,3325,-3133
"6965","2363矽統","110/07/13","中農",670,139,531
"6966","2363矽統","110/07/13","新加坡商瑞銀",1000,2747,-1747
"6967","2363矽統","110/07/13","康和-台中",638,154,484
"6968","2363矽統","110/07/13","凱基-台北",5359,6609,-1250
"6969","2363矽統","110/07/13","群益金鼎-三民",577,137,440
"6970","2363矽統","110/07/13","摩根大通",1930,2858,-928
"6971","2363矽統","110/07/13","台新-屏東",510,88,422
"6972","2363矽統","110/07/13","港商野村",960,1679,-719
"6973","2363矽統","110/07/13","德信-中正",455,67,388
"6974","2363矽統","110/07/13","兆豐-復興",25,705,-680
"6975","2363矽統","110/07/13","日盛-竹北",365,70,295
"6976","2363矽統","110/07/13","統一-仁愛",114,755,-641
"6977","2363矽統","110/07/13","元大-佳里",452,189,263
"6978","2363矽統","110/07/13","統一-敦南",29,638,-609
"6979","2363矽統","110/07/13","國票-博愛",296,38,258
"6980","2363矽統","110/07/13","統一-土城",100,704,-604
"6981","2363矽統","110/07/13","元大-萬華",340,95,245
"6982","2363矽統","110/07/13","統一-城中",116,676,-560
"6983","2363矽統","110/07/13","新光",1259,1031,228
"6984","2363矽統","110/07/13","永豐金證券",306,859,-553
"6985","2363矽統","110/07/13","元富-成功",323,96,227
"6986","2363矽統","110/07/13","元富",54,567,-513
"6987","2363矽統","110/07/13","豐農",228,23,205
"6988","2363矽統","110/07/13","瑞士信貸",202,666,-464
"6989","2363矽統","110/07/13","台灣企銀-岡山",186,4,182
"6990","2363矽統","110/07/13","永豐金-嘉義",67,468,-401
"6991","8112至上","110/07/13","摩根大通",688,296,392
"6992","8112至上","110/07/13","國票-中和",0,401,-401
"6993","8112至上","110/07/13","港商野村",344,145,199
"6994","8112至上","110/07/13","永豐金-板盛",0,205,-205
"6995","8112至上","110/07/13","兆豐-公益",195,5,190
"6996","8112至上","110/07/13","凱基-五股",43,155,-112
"6997","8112至上","110/07/13","台灣摩根士丹利",183,0,183
"6998","8112至上","110/07/13","凱基-市政",0,100,-100
"6999","8112至上","110/07/13","群益金鼎-敦南",153,2,151
"7000","8112至上","110/07/13","元大-大里德芳",1,92,-91
"7001","8112至上","110/07/13","臺銀-金山",146,26,120
"7002","8112至上","110/07/13","玉山-桃園",26,110,-84
"7003","8112至上","110/07/13","臺銀",133,19,114
"7004","8112至上","110/07/13","兆豐-天母",0,81,-81
"7005","8112至上","110/07/13","合庫-台中",115,6,109
"7006","8112至上","110/07/13","凱基-城中",3,84,-81
"7007","8112至上","110/07/13","亞東-板橋",134,26,108
"7008","8112至上","110/07/13","日盛-新莊",9,85,-76
"7009","8112至上","110/07/13","凱基-台北",414,326,88
"7010","8112至上","110/07/13","日盛-台中",2,64,-62
"7011","8112至上","110/07/13","新加坡商瑞銀",181,100,81
"7012","8112至上","110/07/13","日盛-中壢",3,64,-61
"7013","8112至上","110/07/13","國泰-敦南",108,31,77
"7014","8112至上","110/07/13","元大-台中",2,59,-57
"7015","8112至上","110/07/13","第一金-華江",77,4,73
"7016","8112至上","110/07/13","元大-雙和",7,64,-57
"7017","8112至上","110/07/13","永豐金-內湖",73,1,72
"7018","8112至上","110/07/13","元大-高雄",8,62,-54
"7019","8112至上","110/07/13","元大-永和",68,1,67
"7020","8112至上","110/07/13","元大-館前",2,55,-53
"7021","2929淘帝","110/07/13","玉山-新竹",130,0,130
"7022","2929淘帝","110/07/13","美商高盛",0,177,-177
"7023","2929淘帝","110/07/13","臺銀-民權",60,0,60
"7024","2929淘帝","110/07/13","凱基-台北",6,80,-74
"7025","2929淘帝","110/07/13","新百王",31,0,31
"7026","2929淘帝","110/07/13","元富-大裕",0,49,-49
"7027","2929淘帝","110/07/13","日盛-園區",30,0,30
"7028","2929淘帝","110/07/13","國泰-館前",3,51,-48
"7029","2929淘帝","110/07/13","元大-南投",31,1,30
"7030","2929淘帝","110/07/13","凱基-中壢",0,41,-41
"7031","2929淘帝","110/07/13","兆豐-忠孝",28,0,28
"7032","2929淘帝","110/07/13","港商野村",21,55,-34
"7033","2929淘帝","110/07/13","元大-民生",28,0,28
"7034","2929淘帝","110/07/13","華南永昌-南京",2,34,-32
"7035","2929淘帝","110/07/13","合庫-高雄",27,0,27
"7036","2929淘帝","110/07/13","群益金鼎-土城",0,30,-30
"7037","2929淘帝","110/07/13","凱基-豐中",27,0,27
"7038","2929淘帝","110/07/13","富邦-南屯",0,22,-22
"7039","2929淘帝","110/07/13","新光",21,4,17
"7040","2929淘帝","110/07/13","第一金-豐原",0,20,-20
"7041","2929淘帝","110/07/13","元大-天母",17,0,17
"7042","2929淘帝","110/07/13","元大-屏南",6,26,-20
"7043","2929淘帝","110/07/13","永興",14,0,14
"7044","2929淘帝","110/07/13","永豐金-敦南",1,21,-20
"7045","2929淘帝","110/07/13","富邦-台北",12,0,12
"7046","2929淘帝","110/07/13","凱基-三重",2,21,-19
"7047","2929淘帝","110/07/13","元大-永和",12,0,12
"7048","2929淘帝","110/07/13","富邦-仁愛",7,25,-18
"7049","2929淘帝","110/07/13","國票-天祥",11,0,11
"7050","2929淘帝","110/07/13","元大-北投",0,16,-16
"7051","5410國眾","110/07/13","兆豐-城中",274,0,274
"7052","5410國眾","110/07/13","元富-嘉義",0,103,-103
"7053","5410國眾","110/07/13","新光",50,4,46
"7054","5410國眾","110/07/13","凱基-台北",0,50,-50
"7055","5410國眾","110/07/13","國泰-台中",26,0,26
"7056","5410國眾","110/07/13","瑞士信貸",0,31,-31
"7057","5410國眾","110/07/13","新加坡商瑞銀",22,0,22
"7058","5410國眾","110/07/13","台新-新莊",0,27,-27
"7059","5410國眾","110/07/13","光和-嘉義",20,0,20
"7060","5410國眾","110/07/13","元大-汐止",0,20,-20
"7061","5410國眾","110/07/13","凱基-竹北",17,0,17
"7062","5410國眾","110/07/13","亞東-新竹",0,17,-17
"7063","5410國眾","110/07/13","新光-桃園",15,0,15
"7064","5410國眾","110/07/13","元大-南勢角",0,13,-13
"7065","5410國眾","110/07/13","凱基-台東",14,0,14
"7066","5410國眾","110/07/13","台新-台南",0,12,-12
"7067","5410國眾","110/07/13","富邦-竹北",11,0,11
"7068","5410國眾","110/07/13","中國信託",0,11,-11
"7069","5410國眾","110/07/13","元富-同大",10,0,10
"7070","5410國眾","110/07/13","華南永昌",0,11,-11
"7071","5410國眾","110/07/13","國泰-敦南",24,15,9
"7072","5410國眾","110/07/13","臺銀-臺南",0,10,-10
"7073","5410國眾","110/07/13","日盛-內湖",7,0,7
"7074","5410國眾","110/07/13","台灣企銀-民雄",0,10,-10
"7075","5410國眾","110/07/13","台新-左楠",7,0,7
"7076","5410國眾","110/07/13","高橋",0,10,-10
"7077","5410國眾","110/07/13","元大-新盛",18,12,6
"7078","5410國眾","110/07/13","康和-嘉義",0,10,-10
"7079","5410國眾","110/07/13","統一",5,0,5
"7080","5410國眾","110/07/13","凱基-基隆",0,10,-10
"7081","2841台開","110/07/13","中國信託-高雄",251,50,201
"7082","2841台開","110/07/13","兆豐-公益",0,177,-177
"7083","2841台開","110/07/13","日盛證券",210,13,197
"7084","2841台開","110/07/13","日進",0,152,-152
"7085","2841台開","110/07/13","第一金-台中",55,0,55
"7086","2841台開","110/07/13","港商野村",0,109,-109
"7087","2841台開","110/07/13","國泰-板橋",46,0,46
"7088","2841台開","110/07/13","日盛-信義",0,103,-103
"7089","2841台開","110/07/13","國泰-館前",48,3,45
"7090","2841台開","110/07/13","國泰-敦南",11,75,-64
"7091","2841台開","110/07/13","華南永昌-新莊",45,0,45
"7092","2841台開","110/07/13","永興",0,50,-50
"7093","2841台開","110/07/13","日盛-園區",42,0,42
"7094","2841台開","110/07/13","永豐金-敦南",61,104,-43
"7095","2841台開","110/07/13","台新證券",32,0,32
"7096","2841台開","110/07/13","富邦-台南",0,42,-42
"7097","2841台開","110/07/13","台新-高雄",32,2,30
"7098","2841台開","110/07/13","國票-安和",0,30,-30
"7099","2841台開","110/07/13","豐農",23,0,23
"7100","2841台開","110/07/13","元大-桃園",0,25,-25
"7101","2841台開","110/07/13","合庫-嘉義",20,0,20
"7102","2841台開","110/07/13","新光",8,32,-24
"7103","2841台開","110/07/13","華南永昌-高雄",20,0,20
"7104","2841台開","110/07/13","元大-仁愛",0,24,-24
"7105","2841台開","110/07/13","元大-樹林",16,0,16
"7106","2841台開","110/07/13","日盛-中和",0,20,-20
"7107","2841台開","110/07/13","第一金-華江",15,2,13
"7108","2841台開","110/07/13","元富",0,20,-20
"7109","2841台開","110/07/13","美商高盛",12,0,12
"7110","2841台開","110/07/13","富邦-宜蘭",0,20,-20
"7111","6207雷科","110/07/13","元大-高雄",121,0,121
"7112","6207雷科","110/07/13","華南永昌-朴子",1,60,-59
"7113","6207雷科","110/07/13","第一金-新興",20,0,20
"7114","6207雷科","110/07/13","元大-南海",0,36,-36
"7115","6207雷科","110/07/13","元富-三重",20,0,20
"7116","6207雷科","110/07/13","凱基-土城",0,35,-35
"7117","6207雷科","110/07/13","元大-林園",15,0,15
"7118","6207雷科","110/07/13","台灣企銀",0,20,-20
"7119","6207雷科","110/07/13","元大-金華",16,1,15
"7120","6207雷科","110/07/13","群益金鼎-丹鳳",0,20,-20
"7121","6207雷科","110/07/13","日盛證券",10,0,10
"7122","6207雷科","110/07/13","元大-博愛",0,17,-17
"7123","6207雷科","110/07/13","統一-台中",10,0,10
"7124","6207雷科","110/07/13","元大-北港",0,13,-13
"7125","6207雷科","110/07/13","群益金鼎-土城",10,0,10
"7126","6207雷科","110/07/13","新加坡商瑞銀",0,12,-12
"7127","6207雷科","110/07/13","群益金鼎-桃園",10,0,10
"7128","6207雷科","110/07/13","凱基-台北",4,16,-12
"7129","6207雷科","110/07/13","永豐金-新莊",10,0,10
"7130","6207雷科","110/07/13","日茂-埔里",0,11,-11
"7131","6207雷科","110/07/13","永豐金-新店",10,0,10
"7132","6207雷科","110/07/13","元大-莒光",0,11,-11
"7133","6207雷科","110/07/13","元大證券",9,0,9
"7134","6207雷科","110/07/13","統一-新竹",0,10,-10
"7135","6207雷科","110/07/13","日盛-木柵",9,1,8
"7136","6207雷科","110/07/13","元大-西螺",0,10,-10
"7137","6207雷科","110/07/13","兆豐-來福",8,0,8
"7138","6207雷科","110/07/13","康和-台中",0,8,-8
"7139","6207雷科","110/07/13","新光",7,0,7
"7140","6207雷科","110/07/13","兆豐-高雄",0,6,-6
"7141","3679新至陞","110/07/13","永豐金證券",50,0,50
"7142","3679新至陞","110/07/13","摩根大通",2,25,-23
"7143","3679新至陞","110/07/13","國泰-桃園",22,0,22
"7144","3679新至陞","110/07/13","元大-成功",0,22,-22
"7145","3679新至陞","110/07/13","台中銀-員林",11,0,11
"7146","3679新至陞","110/07/13","富邦-板橋",1,19,-18
"7147","3679新至陞","110/07/13","元大-文心興安",8,0,8
"7148","3679新至陞","110/07/13","日盛-新莊",0,10,-10
"7149","3679新至陞","110/07/13","美商高盛",6,0,6
"7150","3679新至陞","110/07/13","台新-台中",0,10,-10
"7151","3679新至陞","110/07/13","台新-高雄",6,0,6
"7152","3679新至陞","110/07/13","永豐金-新竹",0,8,-8
"7153","3679新至陞","110/07/13","凱基-台北",18,12,6
"7154","3679新至陞","110/07/13","瑞士信貸",12,19,-7
"7155","3679新至陞","110/07/13","日盛-復興",5,0,5
"7156","3679新至陞","110/07/13","統一-南京",0,7,-7
"7157","3679新至陞","110/07/13","(牛牛牛)亞-鑫豐",4,0,4
"7158","3679新至陞","110/07/13","凱基-新莊",0,7,-7
"7159","3679新至陞","110/07/13","元富-大昌",3,0,3
"7160","3679新至陞","110/07/13","新加坡商瑞銀",0,6,-6
"7161","3679新至陞","110/07/13","富邦-台北",3,0,3
"7162","3679新至陞","110/07/13","合庫-自強",0,5,-5
"7163","3679新至陞","110/07/13","日盛-樹林",2,0,2
"7164","3679新至陞","110/07/13","富邦-桃園",0,5,-5
"7165","3679新至陞","110/07/13","宏遠-光隆",2,0,2
"7166","3679新至陞","110/07/13","永豐金-潮州",0,4,-4
"7167","3679新至陞","110/07/13","美林",3,1,2
"7168","3679新至陞","110/07/13","臺銀-臺南",0,3,-3
"7169","3679新至陞","110/07/13","第一金-中壢",2,0,2
"7170","3679新至陞","110/07/13","元大-六合",0,3,-3
"7171","2727王品","110/07/13","富邦-台北",43,3,40
"7172","2727王品","110/07/13","台灣摩根士丹利",15,97,-82
"7173","2727王品","110/07/13","元大-基隆孝二",40,0,40
"7174","2727王品","110/07/13","玉山-台南",5,57,-52
"7175","2727王品","110/07/13","國票-新莊",40,1,39
"7176","2727王品","110/07/13","新加坡商瑞銀",0,48,-48
"7177","2727王品","110/07/13","第一金-豐原",66,42,24
"7178","2727王品","110/07/13","凱基-台北",41,77,-36
"7179","2727王品","110/07/13","永豐金-大園",34,10,24
"7180","2727王品","110/07/13","永豐金-永康",0,22,-22
"7181","2727王品","110/07/13","元大-北屯",22,0,22
"7182","2727王品","110/07/13","統一-台中",2,22,-20
"7183","2727王品","110/07/13","元大-東蘆",26,7,19
"7184","2727王品","110/07/13","國泰-台中",21,39,-18
"7185","2727王品","110/07/13","永豐金-萬盛",13,1,12
"7186","2727王品","110/07/13","合庫-彰化",3,20,-17
"7187","2727王品","110/07/13","日盛-嘉義",11,0,11
"7188","2727王品","110/07/13","港商野村",13,30,-17
"7189","2727王品","110/07/13","日盛-八德",11,0,11
"7190","2727王品","110/07/13","元大-楊梅",1,16,-15
"7191","2727王品","110/07/13","統一-竹南",11,0,11
"7192","2727王品","110/07/13","凱基-高美館",2,15,-13
"7193","2727王品","110/07/13","日盛-士林",12,2,10
"7194","2727王品","110/07/13","美商高盛",2,14,-12
"7195","2727王品","110/07/13","統一-敦南",10,0,10
"7196","2727王品","110/07/13","統一-平鎮",1,13,-12
"7197","2727王品","110/07/13","中國信託",15,5,10
"7198","2727王品","110/07/13","兆豐-台中港",4,16,-12
"7199","2727王品","110/07/13","兆豐-竹北",13,3,10
"7200","2727王品","110/07/13","凱基-八德",1,13,-12
"7201","1570力肯","110/07/13","新光",115,11,104
"7202","1570力肯","110/07/13","元大-北三重",0,162,-162
"7203","1570力肯","110/07/13","群益金鼎-高雄",54,0,54
"7204","1570力肯","110/07/13","元大-大灣",0,25,-25
"7205","1570力肯","110/07/13","國票-新莊",22,0,22
"7206","1570力肯","110/07/13","永豐金-苓雅",0,22,-22
"7207","1570力肯","110/07/13","日盛-桃園",12,0,12
"7208","1570力肯","110/07/13","永豐金-永康",0,19,-19
"7209","1570力肯","110/07/13","元大-高雄",12,0,12
"7210","1570力肯","110/07/13","富邦-員林",0,15,-15
"7211","1570力肯","110/07/13","合庫-自強",11,0,11
"7212","1570力肯","110/07/13","凱基-台南",0,11,-11
"7213","1570力肯","110/07/13","摩根大通",26,15,11
"7214","1570力肯","110/07/13","日盛-竹北",0,10,-10
"7215","1570力肯","110/07/13","永豐金-中盛",11,0,11
"7216","1570力肯","110/07/13","國票-九鼎",0,10,-10
"7217","1570力肯","110/07/13","兆豐-台中港",10,0,10
"7218","1570力肯","110/07/13","凱基-桃園",0,10,-10
"7219","1570力肯","110/07/13","國泰-松江",9,0,9
"7220","1570力肯","110/07/13","凱基-新豐",0,10,-10
"7221","1570力肯","110/07/13","元大-新盛",9,0,9
"7222","1570力肯","110/07/13","元大-學甲",0,10,-10
"7223","1570力肯","110/07/13","元富-緯城",6,0,6
"7224","1570力肯","110/07/13","群益金鼎-東湖",1,10,-9
"7225","1570力肯","110/07/13","統一-三重",5,0,5
"7226","1570力肯","110/07/13","大昌",0,6,-6
"7227","1570力肯","110/07/13","元大-前金",5,0,5
"7228","1570力肯","110/07/13","元大-土城學府",0,6,-6
"7229","1570力肯","110/07/13","永豐金證券",5,0,5
"7230","1570力肯","110/07/13","統一",0,5,-5
"7231","6180橘子","110/07/13","摩根大通",119,0,119
"7232","6180橘子","110/07/13","元大-崇德",2,61,-59
"7233","6180橘子","110/07/13","美商高盛",96,0,96
"7234","6180橘子","110/07/13","康和-台中",0,51,-51
"7235","6180橘子","110/07/13","新加坡商瑞銀",86,7,79
"7236","6180橘子","110/07/13","康和-台北",0,50,-50
"7237","6180橘子","110/07/13","元大-和平",40,0,40
"7238","6180橘子","110/07/13","元富-潮州",0,40,-40
"7239","6180橘子","110/07/13","凱基-台北",83,47,36
"7240","6180橘子","110/07/13","日盛-永康",0,26,-26
"7241","6180橘子","110/07/13","美林",39,5,34
"7242","6180橘子","110/07/13","永豐金-中正",0,24,-24
"7243","6180橘子","110/07/13","富邦-新竹華信",31,2,29
"7244","6180橘子","110/07/13","國泰-板橋",2,25,-23
"7245","6180橘子","110/07/13","統一-南京",21,0,21
"7246","6180橘子","110/07/13","日盛-大墩",0,20,-20
"7247","6180橘子","110/07/13","富邦-陽明",24,3,21
"7248","6180橘子","110/07/13","元大-草屯",13,32,-19
"7249","6180橘子","110/07/13","大昌-樹林",21,1,20
"7250","6180橘子","110/07/13","元富-林園",1,18,-17
"7251","6180橘子","110/07/13","花旗環球",19,0,19
"7252","6180橘子","110/07/13","新光-新竹",1,18,-17
"7253","6180橘子","110/07/13","華南永昌-台南",19,0,19
"7254","6180橘子","110/07/13","元大-土城永寧",0,17,-17
"7255","6180橘子","110/07/13","福勝",14,0,14
"7256","6180橘子","110/07/13","國泰-新莊",3,19,-16
"7257","6180橘子","110/07/13","富邦-嘉義",12,1,11
"7258","6180橘子","110/07/13","中國信託-永康",6,21,-15
"7259","6180橘子","110/07/13","元大-板橋三民",11,0,11
"7260","6180橘子","110/07/13","凱基-東港",1,15,-14
"7261","2390云辰","110/07/13","新加坡商瑞銀",562,75,487
"7262","2390云辰","110/07/13","大展-台南",0,532,-532
"7263","2390云辰","110/07/13","台灣摩根士丹利",330,155,175
"7264","2390云辰","110/07/13","凱基-台北",668,854,-186
"7265","2390云辰","110/07/13","兆豐-公益",126,25,101
"7266","2390云辰","110/07/13","凱基-三重",12,172,-160
"7267","2390云辰","110/07/13","元富-中港",100,2,98
"7268","2390云辰","110/07/13","兆豐-忠孝",4,161,-157
"7269","2390云辰","110/07/13","統一-新台中",106,9,97
"7270","2390云辰","110/07/13","元大-士林",19,170,-151
"7271","2390云辰","110/07/13","中國信託-松江",81,11,70
"7272","2390云辰","110/07/13","臺銀-新竹",14,117,-103
"7273","2390云辰","110/07/13","日盛-板橋",72,3,69
"7274","2390云辰","110/07/13","國票-台中",4,102,-98
"7275","2390云辰","110/07/13","日盛-和美",57,0,57
"7276","2390云辰","110/07/13","新光",147,232,-85
"7277","2390云辰","110/07/13","永豐金-桃園",88,36,52
"7278","2390云辰","110/07/13","致和-崇德",2,70,-68
"7279","2390云辰","110/07/13","玉山-士林",54,4,50
"7280","2390云辰","110/07/13","群益金鼎-屏東",2,70,-68
"7281","2390云辰","110/07/13","富邦-仁愛",56,6,50
"7282","2390云辰","110/07/13","元大-大里",35,98,-63
"7283","2390云辰","110/07/13","第一金-豐原",50,1,49
"7284","2390云辰","110/07/13","元大-萬華",35,94,-59
"7285","2390云辰","110/07/13","摩根大通",502,453,49
"7286","2390云辰","110/07/13","元富-吉利",2,60,-58
"7287","2390云辰","110/07/13","凱基-松山",61,13,48
"7288","2390云辰","110/07/13","兆豐-新竹",3,53,-50
"7289","2390云辰","110/07/13","大昌",64,22,42
"7290","2390云辰","110/07/13","富邦-嘉義",65,108,-43
"7291","2363矽統","110/07/13","凱基-南崁",2133,63,2070
"7292","2363矽統","110/07/13","凱基-幸福",36,4048,-4012
"7293","2363矽統","110/07/13","國泰-敦南",2195,1617,578
"7294","2363矽統","110/07/13","統一",192,3325,-3133
"7295","2363矽統","110/07/13","中農",670,139,531
"7296","2363矽統","110/07/13","新加坡商瑞銀",1000,2747,-1747
"7297","2363矽統","110/07/13","康和-台中",638,154,484
"7298","2363矽統","110/07/13","凱基-台北",5359,6609,-1250
"7299","2363矽統","110/07/13","群益金鼎-三民",577,137,440
"7300","2363矽統","110/07/13","摩根大通",1930,2858,-928
"7301","2363矽統","110/07/13","台新-屏東",510,88,422
"7302","2363矽統","110/07/13","港商野村",960,1679,-719
"7303","2363矽統","110/07/13","德信-中正",455,67,388
"7304","2363矽統","110/07/13","兆豐-復興",25,705,-680
"7305","2363矽統","110/07/13","日盛-竹北",365,70,295
"7306","2363矽統","110/07/13","統一-仁愛",114,755,-641
"7307","2363矽統","110/07/13","元大-佳里",452,189,263
"7308","2363矽統","110/07/13","統一-敦南",29,638,-609
"7309","2363矽統","110/07/13","國票-博愛",296,38,258
"7310","2363矽統","110/07/13","統一-土城",100,704,-604
"7311","2363矽統","110/07/13","元大-萬華",340,95,245
"7312","2363矽統","110/07/13","統一-城中",116,676,-560
"7313","2363矽統","110/07/13","新光",1259,1031,228
"7314","2363矽統","110/07/13","永豐金證券",306,859,-553
"7315","2363矽統","110/07/13","元富-成功",323,96,227
"7316","2363矽統","110/07/13","元富",54,567,-513
"7317","2363矽統","110/07/13","豐農",228,23,205
"7318","2363矽統","110/07/13","瑞士信貸",202,666,-464
"7319","2363矽統","110/07/13","台灣企銀-岡山",186,4,182
"7320","2363矽統","110/07/13","永豐金-嘉義",67,468,-401
"7321","8112至上","110/07/13","摩根大通",688,296,392
"7322","8112至上","110/07/13","國票-中和",0,401,-401
"7323","8112至上","110/07/13","港商野村",344,145,199
"7324","8112至上","110/07/13","永豐金-板盛",0,205,-205
"7325","8112至上","110/07/13","兆豐-公益",195,5,190
"7326","8112至上","110/07/13","凱基-五股",43,155,-112
"7327","8112至上","110/07/13","台灣摩根士丹利",183,0,183
"7328","8112至上","110/07/13","凱基-市政",0,100,-100
"7329","8112至上","110/07/13","群益金鼎-敦南",153,2,151
"7330","8112至上","110/07/13","元大-大里德芳",1,92,-91
"7331","8112至上","110/07/13","臺銀-金山",146,26,120
"7332","8112至上","110/07/13","玉山-桃園",26,110,-84
"7333","8112至上","110/07/13","臺銀",133,19,114
"7334","8112至上","110/07/13","兆豐-天母",0,81,-81
"7335","8112至上","110/07/13","合庫-台中",115,6,109
"7336","8112至上","110/07/13","凱基-城中",3,84,-81
"7337","8112至上","110/07/13","亞東-板橋",134,26,108
"7338","8112至上","110/07/13","日盛-新莊",9,85,-76
"7339","8112至上","110/07/13","凱基-台北",414,326,88
"7340","8112至上","110/07/13","日盛-台中",2,64,-62
"7341","8112至上","110/07/13","新加坡商瑞銀",181,100,81
"7342","8112至上","110/07/13","日盛-中壢",3,64,-61
"7343","8112至上","110/07/13","國泰-敦南",108,31,77
"7344","8112至上","110/07/13","元大-台中",2,59,-57
"7345","8112至上","110/07/13","第一金-華江",77,4,73
"7346","8112至上","110/07/13","元大-雙和",7,64,-57
"7347","8112至上","110/07/13","永豐金-內湖",73,1,72
"7348","8112至上","110/07/13","元大-高雄",8,62,-54
"7349","8112至上","110/07/13","元大-永和",68,1,67
"7350","8112至上","110/07/13","元大-館前",2,55,-53
"7351","4903聯光通","110/07/13","台灣企銀-太平",56,0,56
"7352","4903聯光通","110/07/13","土銀",0,32,-32
"7353","4903聯光通","110/07/13","元富-新興",23,0,23
"7354","4903聯光通","110/07/13","元大-樹林",0,19,-19
"7355","4903聯光通","110/07/13","日盛-樹林",22,0,22
"7356","4903聯光通","110/07/13","凱基-士林",0,17,-17
"7357","4903聯光通","110/07/13","兆豐-天母",20,0,20
"7358","4903聯光通","110/07/13","國票-博愛",0,14,-14
"7359","4903聯光通","110/07/13","華南永昌-桃園",20,0,20
"7360","4903聯光通","110/07/13","元富",0,10,-10
"7361","4903聯光通","110/07/13","富邦-新店",10,0,10
"7362","4903聯光通","110/07/13","新光",0,10,-10
"7363","4903聯光通","110/07/13","新光-台中",5,0,5
"7364","4903聯光通","110/07/13","玉山-南京東路",0,10,-10
"7365","4903聯光通","110/07/13","華南永昌-台中",5,0,5
"7366","4903聯光通","110/07/13","富邦-陽明",0,10,-10
"7367","4903聯光通","110/07/13","元大-崇德",5,0,5
"7368","4903聯光通","110/07/13","元大-大甲",0,8,-8
"7369","4903聯光通","110/07/13","元大-草屯",5,0,5
"7370","4903聯光通","110/07/13","富邦-台中",0,7,-7
"7371","4903聯光通","110/07/13","元富-草屯",4,0,4
"7372","4903聯光通","110/07/13","凱基-中壢",0,6,-6
"7373","4903聯光通","110/07/13","元大-清水",4,0,4
"7374","4903聯光通","110/07/13","臺銀-民權",0,5,-5
"7375","4903聯光通","110/07/13","元大-東泰",4,0,4
"7376","4903聯光通","110/07/13","日盛-板橋",0,5,-5
"7377","4903聯光通","110/07/13","元大-佳里",2,0,2
"7378","4903聯光通","110/07/13","中國信託-忠孝",0,5,-5
"7379","4903聯光通","110/07/13","永豐金-板橋",2,0,2
"7380","4903聯光通","110/07/13","永豐金-鳳山",0,5,-5
"7381","2929淘帝","110/07/13","玉山-新竹",130,0,130
"7382","2929淘帝","110/07/13","美商高盛",0,177,-177
"7383","2929淘帝","110/07/13","臺銀-民權",60,0,60
"7384","2929淘帝","110/07/13","凱基-台北",6,80,-74
"7385","2929淘帝","110/07/13","新百王",31,0,31
"7386","2929淘帝","110/07/13","元富-大裕",0,49,-49
"7387","2929淘帝","110/07/13","日盛-園區",30,0,30
"7388","2929淘帝","110/07/13","國泰-館前",3,51,-48
"7389","2929淘帝","110/07/13","元大-南投",31,1,30
"7390","2929淘帝","110/07/13","凱基-中壢",0,41,-41
"7391","2929淘帝","110/07/13","兆豐-忠孝",28,0,28
"7392","2929淘帝","110/07/13","港商野村",21,55,-34
"7393","2929淘帝","110/07/13","元大-民生",28,0,28
"7394","2929淘帝","110/07/13","華南永昌-南京",2,34,-32
"7395","2929淘帝","110/07/13","合庫-高雄",27,0,27
"7396","2929淘帝","110/07/13","群益金鼎-土城",0,30,-30
"7397","2929淘帝","110/07/13","凱基-豐中",27,0,27
"7398","2929淘帝","110/07/13","富邦-南屯",0,22,-22
"7399","2929淘帝","110/07/13","新光",21,4,17
"7400","2929淘帝","110/07/13","第一金-豐原",0,20,-20
"7401","2929淘帝","110/07/13","元大-天母",17,0,17
"7402","2929淘帝","110/07/13","元大-屏南",6,26,-20
"7403","2929淘帝","110/07/13","永興",14,0,14
"7404","2929淘帝","110/07/13","永豐金-敦南",1,21,-20
"7405","2929淘帝","110/07/13","富邦-台北",12,0,12
"7406","2929淘帝","110/07/13","凱基-三重",2,21,-19
"7407","2929淘帝","110/07/13","元大-永和",12,0,12
"7408","2929淘帝","110/07/13","富邦-仁愛",7,25,-18
"7409","2929淘帝","110/07/13","國票-天祥",11,0,11
"7410","2929淘帝","110/07/13","元大-北投",0,16,-16
"7411","5410國眾","110/07/13","兆豐-城中",274,0,274
"7412","5410國眾","110/07/13","元富-嘉義",0,103,-103
"7413","5410國眾","110/07/13","新光",50,4,46
"7414","5410國眾","110/07/13","凱基-台北",0,50,-50
"7415","5410國眾","110/07/13","國泰-台中",26,0,26
"7416","5410國眾","110/07/13","瑞士信貸",0,31,-31
"7417","5410國眾","110/07/13","新加坡商瑞銀",22,0,22
"7418","5410國眾","110/07/13","台新-新莊",0,27,-27
"7419","5410國眾","110/07/13","光和-嘉義",20,0,20
"7420","5410國眾","110/07/13","元大-汐止",0,20,-20
"7421","5410國眾","110/07/13","凱基-竹北",17,0,17
"7422","5410國眾","110/07/13","亞東-新竹",0,17,-17
"7423","5410國眾","110/07/13","新光-桃園",15,0,15
"7424","5410國眾","110/07/13","元大-南勢角",0,13,-13
"7425","5410國眾","110/07/13","凱基-台東",14,0,14
"7426","5410國眾","110/07/13","台新-台南",0,12,-12
"7427","5410國眾","110/07/13","富邦-竹北",11,0,11
"7428","5410國眾","110/07/13","中國信託",0,11,-11
"7429","5410國眾","110/07/13","元富-同大",10,0,10
"7430","5410國眾","110/07/13","華南永昌",0,11,-11
"7431","5410國眾","110/07/13","國泰-敦南",24,15,9
"7432","5410國眾","110/07/13","臺銀-臺南",0,10,-10
"7433","5410國眾","110/07/13","日盛-內湖",7,0,7
"7434","5410國眾","110/07/13","台灣企銀-民雄",0,10,-10
"7435","5410國眾","110/07/13","台新-左楠",7,0,7
"7436","5410國眾","110/07/13","高橋",0,10,-10
"7437","5410國眾","110/07/13","元大-新盛",18,12,6
"7438","5410國眾","110/07/13","康和-嘉義",0,10,-10
"7439","5410國眾","110/07/13","統一",5,0,5
"7440","5410國眾","110/07/13","凱基-基隆",0,10,-10
"7441","2841台開","110/07/13","中國信託-高雄",251,50,201
"7442","2841台開","110/07/13","兆豐-公益",0,177,-177
"7443","2841台開","110/07/13","日盛證券",210,13,197
"7444","2841台開","110/07/13","日進",0,152,-152
"7445","2841台開","110/07/13","第一金-台中",55,0,55
"7446","2841台開","110/07/13","港商野村",0,109,-109
"7447","2841台開","110/07/13","國泰-板橋",46,0,46
"7448","2841台開","110/07/13","日盛-信義",0,103,-103
"7449","2841台開","110/07/13","國泰-館前",48,3,45
"7450","2841台開","110/07/13","國泰-敦南",11,75,-64
"7451","2841台開","110/07/13","華南永昌-新莊",45,0,45
"7452","2841台開","110/07/13","永興",0,50,-50
"7453","2841台開","110/07/13","日盛-園區",42,0,42
"7454","2841台開","110/07/13","永豐金-敦南",61,104,-43
"7455","2841台開","110/07/13","台新證券",32,0,32
"7456","2841台開","110/07/13","富邦-台南",0,42,-42
"7457","2841台開","110/07/13","台新-高雄",32,2,30
"7458","2841台開","110/07/13","國票-安和",0,30,-30
"7459","2841台開","110/07/13","豐農",23,0,23
"7460","2841台開","110/07/13","元大-桃園",0,25,-25
"7461","2841台開","110/07/13","合庫-嘉義",20,0,20
"7462","2841台開","110/07/13","新光",8,32,-24
"7463","2841台開","110/07/13","華南永昌-高雄",20,0,20
"7464","2841台開","110/07/13","元大-仁愛",0,24,-24
"7465","2841台開","110/07/13","元大-樹林",16,0,16
"7466","2841台開","110/07/13","日盛-中和",0,20,-20
"7467","2841台開","110/07/13","第一金-華江",15,2,13
"7468","2841台開","110/07/13","元富",0,20,-20
"7469","2841台開","110/07/13","美商高盛",12,0,12
"7470","2841台開","110/07/13","富邦-宜蘭",0,20,-20
"7471","6207雷科","110/07/13","元大-高雄",121,0,121
"7472","6207雷科","110/07/13","華南永昌-朴子",1,60,-59
"7473","6207雷科","110/07/13","第一金-新興",20,0,20
"7474","6207雷科","110/07/13","元大-南海",0,36,-36
"7475","6207雷科","110/07/13","元富-三重",20,0,20
"7476","6207雷科","110/07/13","凱基-土城",0,35,-35
"7477","6207雷科","110/07/13","元大-林園",15,0,15
"7478","6207雷科","110/07/13","台灣企銀",0,20,-20
"7479","6207雷科","110/07/13","元大-金華",16,1,15
"7480","6207雷科","110/07/13","群益金鼎-丹鳳",0,20,-20
"7481","6207雷科","110/07/13","日盛證券",10,0,10
"7482","6207雷科","110/07/13","元大-博愛",0,17,-17
"7483","6207雷科","110/07/13","統一-台中",10,0,10
"7484","6207雷科","110/07/13","元大-北港",0,13,-13
"7485","6207雷科","110/07/13","群益金鼎-土城",10,0,10
"7486","6207雷科","110/07/13","新加坡商瑞銀",0,12,-12
"7487","6207雷科","110/07/13","群益金鼎-桃園",10,0,10
"7488","6207雷科","110/07/13","凱基-台北",4,16,-12
"7489","6207雷科","110/07/13","永豐金-新莊",10,0,10
"7490","6207雷科","110/07/13","日茂-埔里",0,11,-11
"7491","6207雷科","110/07/13","永豐金-新店",10,0,10
"7492","6207雷科","110/07/13","元大-莒光",0,11,-11
"7493","6207雷科","110/07/13","元大證券",9,0,9
"7494","6207雷科","110/07/13","統一-新竹",0,10,-10
"7495","6207雷科","110/07/13","日盛-木柵",9,1,8
"7496","6207雷科","110/07/13","元大-西螺",0,10,-10
"7497","6207雷科","110/07/13","兆豐-來福",8,0,8
"7498","6207雷科","110/07/13","康和-台中",0,8,-8
"7499","6207雷科","110/07/13","新光",7,0,7
"7500","6207雷科","110/07/13","兆豐-高雄",0,6,-6
"7501","3679新至陞","110/07/13","永豐金證券",50,0,50
"7502","3679新至陞","110/07/13","摩根大通",2,25,-23
"7503","3679新至陞","110/07/13","國泰-桃園",22,0,22
"7504","3679新至陞","110/07/13","元大-成功",0,22,-22
"7505","3679新至陞","110/07/13","台中銀-員林",11,0,11
"7506","3679新至陞","110/07/13","富邦-板橋",1,19,-18
"7507","3679新至陞","110/07/13","元大-文心興安",8,0,8
"7508","3679新至陞","110/07/13","日盛-新莊",0,10,-10
"7509","3679新至陞","110/07/13","美商高盛",6,0,6
"7510","3679新至陞","110/07/13","台新-台中",0,10,-10
"7511","3679新至陞","110/07/13","台新-高雄",6,0,6
"7512","3679新至陞","110/07/13","永豐金-新竹",0,8,-8
"7513","3679新至陞","110/07/13","凱基-台北",18,12,6
"7514","3679新至陞","110/07/13","瑞士信貸",12,19,-7
"7515","3679新至陞","110/07/13","日盛-復興",5,0,5
"7516","3679新至陞","110/07/13","統一-南京",0,7,-7
"7517","3679新至陞","110/07/13","(牛牛牛)亞-鑫豐",4,0,4
"7518","3679新至陞","110/07/13","凱基-新莊",0,7,-7
"7519","3679新至陞","110/07/13","元富-大昌",3,0,3
"7520","3679新至陞","110/07/13","新加坡商瑞銀",0,6,-6
"7521","3679新至陞","110/07/13","富邦-台北",3,0,3
"7522","3679新至陞","110/07/13","合庫-自強",0,5,-5
"7523","3679新至陞","110/07/13","日盛-樹林",2,0,2
"7524","3679新至陞","110/07/13","富邦-桃園",0,5,-5
"7525","3679新至陞","110/07/13","宏遠-光隆",2,0,2
"7526","3679新至陞","110/07/13","永豐金-潮州",0,4,-4
"7527","3679新至陞","110/07/13","美林",3,1,2
"7528","3679新至陞","110/07/13","臺銀-臺南",0,3,-3
"7529","3679新至陞","110/07/13","第一金-中壢",2,0,2
"7530","3679新至陞","110/07/13","元大-六合",0,3,-3
"7531","2727王品","110/07/13","富邦-台北",43,3,40
"7532","2727王品","110/07/13","台灣摩根士丹利",15,97,-82
"7533","2727王品","110/07/13","元大-基隆孝二",40,0,40
"7534","2727王品","110/07/13","玉山-台南",5,57,-52
"7535","2727王品","110/07/13","國票-新莊",40,1,39
"7536","2727王品","110/07/13","新加坡商瑞銀",0,48,-48
"7537","2727王品","110/07/13","第一金-豐原",66,42,24
"7538","2727王品","110/07/13","凱基-台北",41,77,-36
"7539","2727王品","110/07/13","永豐金-大園",34,10,24
"7540","2727王品","110/07/13","永豐金-永康",0,22,-22
"7541","2727王品","110/07/13","元大-北屯",22,0,22
"7542","2727王品","110/07/13","統一-台中",2,22,-20
"7543","2727王品","110/07/13","元大-東蘆",26,7,19
"7544","2727王品","110/07/13","國泰-台中",21,39,-18
"7545","2727王品","110/07/13","永豐金-萬盛",13,1,12
"7546","2727王品","110/07/13","合庫-彰化",3,20,-17
"7547","2727王品","110/07/13","日盛-嘉義",11,0,11
"7548","2727王品","110/07/13","港商野村",13,30,-17
"7549","2727王品","110/07/13","日盛-八德",11,0,11
"7550","2727王品","110/07/13","元大-楊梅",1,16,-15
"7551","2727王品","110/07/13","統一-竹南",11,0,11
"7552","2727王品","110/07/13","凱基-高美館",2,15,-13
"7553","2727王品","110/07/13","日盛-士林",12,2,10
"7554","2727王品","110/07/13","美商高盛",2,14,-12
"7555","2727王品","110/07/13","統一-敦南",10,0,10
"7556","2727王品","110/07/13","統一-平鎮",1,13,-12
"7557","2727王品","110/07/13","中國信託",15,5,10
"7558","2727王品","110/07/13","兆豐-台中港",4,16,-12
"7559","2727王品","110/07/13","兆豐-竹北",13,3,10
"7560","2727王品","110/07/13","凱基-八德",1,13,-12
"7561","1570力肯","110/07/13","新光",115,11,104
"7562","1570力肯","110/07/13","元大-北三重",0,162,-162
"7563","1570力肯","110/07/13","群益金鼎-高雄",54,0,54
"7564","1570力肯","110/07/13","元大-大灣",0,25,-25
"7565","1570力肯","110/07/13","國票-新莊",22,0,22
"7566","1570力肯","110/07/13","永豐金-苓雅",0,22,-22
"7567","1570力肯","110/07/13","日盛-桃園",12,0,12
"7568","1570力肯","110/07/13","永豐金-永康",0,19,-19
"7569","1570力肯","110/07/13","元大-高雄",12,0,12
"7570","1570力肯","110/07/13","富邦-員林",0,15,-15
"7571","1570力肯","110/07/13","合庫-自強",11,0,11
"7572","1570力肯","110/07/13","凱基-台南",0,11,-11
"7573","1570力肯","110/07/13","摩根大通",26,15,11
"7574","1570力肯","110/07/13","日盛-竹北",0,10,-10
"7575","1570力肯","110/07/13","永豐金-中盛",11,0,11
"7576","1570力肯","110/07/13","國票-九鼎",0,10,-10
"7577","1570力肯","110/07/13","兆豐-台中港",10,0,10
"7578","1570力肯","110/07/13","凱基-桃園",0,10,-10
"7579","1570力肯","110/07/13","國泰-松江",9,0,9
"7580","1570力肯","110/07/13","凱基-新豐",0,10,-10
"7581","1570力肯","110/07/13","元大-新盛",9,0,9
"7582","1570力肯","110/07/13","元大-學甲",0,10,-10
"7583","1570力肯","110/07/13","元富-緯城",6,0,6
"7584","1570力肯","110/07/13","群益金鼎-東湖",1,10,-9
"7585","1570力肯","110/07/13","統一-三重",5,0,5
"7586","1570力肯","110/07/13","大昌",0,6,-6
"7587","1570力肯","110/07/13","元大-前金",5,0,5
"7588","1570力肯","110/07/13","元大-土城學府",0,6,-6
"7589","1570力肯","110/07/13","永豐金證券",5,0,5
"7590","1570力肯","110/07/13","統一",0,5,-5
"7591","6180橘子","110/07/13","摩根大通",119,0,119
"7592","6180橘子","110/07/13","元大-崇德",2,61,-59
"7593","6180橘子","110/07/13","美商高盛",96,0,96
"7594","6180橘子","110/07/13","康和-台中",0,51,-51
"7595","6180橘子","110/07/13","新加坡商瑞銀",86,7,79
"7596","6180橘子","110/07/13","康和-台北",0,50,-50
"7597","6180橘子","110/07/13","元大-和平",40,0,40
"7598","6180橘子","110/07/13","元富-潮州",0,40,-40
"7599","6180橘子","110/07/13","凱基-台北",83,47,36
"7600","6180橘子","110/07/13","日盛-永康",0,26,-26
"7601","6180橘子","110/07/13","美林",39,5,34
"7602","6180橘子","110/07/13","永豐金-中正",0,24,-24
"7603","6180橘子","110/07/13","富邦-新竹華信",31,2,29
"7604","6180橘子","110/07/13","國泰-板橋",2,25,-23
"7605","6180橘子","110/07/13","統一-南京",21,0,21
"7606","6180橘子","110/07/13","日盛-大墩",0,20,-20
"7607","6180橘子","110/07/13","富邦-陽明",24,3,21
"7608","6180橘子","110/07/13","元大-草屯",13,32,-19
"7609","6180橘子","110/07/13","大昌-樹林",21,1,20
"7610","6180橘子","110/07/13","元富-林園",1,18,-17
"7611","6180橘子","110/07/13","花旗環球",19,0,19
"7612","6180橘子","110/07/13","新光-新竹",1,18,-17
"7613","6180橘子","110/07/13","華南永昌-台南",19,0,19
"7614","6180橘子","110/07/13","元大-土城永寧",0,17,-17
"7615","6180橘子","110/07/13","福勝",14,0,14
"7616","6180橘子","110/07/13","國泰-新莊",3,19,-16
"7617","6180橘子","110/07/13","富邦-嘉義",12,1,11
"7618","6180橘子","110/07/13","中國信託-永康",6,21,-15
"7619","6180橘子","110/07/13","元大-板橋三民",11,0,11
"7620","6180橘子","110/07/13","凱基-東港",1,15,-14
"7621","2390云辰","110/07/13","新加坡商瑞銀",562,75,487
"7622","2390云辰","110/07/13","大展-台南",0,532,-532
"7623","2390云辰","110/07/13","台灣摩根士丹利",330,155,175
"7624","2390云辰","110/07/13","凱基-台北",668,854,-186
"7625","2390云辰","110/07/13","兆豐-公益",126,25,101
"7626","2390云辰","110/07/13","凱基-三重",12,172,-160
"7627","2390云辰","110/07/13","元富-中港",100,2,98
"7628","2390云辰","110/07/13","兆豐-忠孝",4,161,-157
"7629","2390云辰","110/07/13","統一-新台中",106,9,97
"7630","2390云辰","110/07/13","元大-士林",19,170,-151
"7631","2390云辰","110/07/13","中國信託-松江",81,11,70
"7632","2390云辰","110/07/13","臺銀-新竹",14,117,-103
"7633","2390云辰","110/07/13","日盛-板橋",72,3,69
"7634","2390云辰","110/07/13","國票-台中",4,102,-98
"7635","2390云辰","110/07/13","日盛-和美",57,0,57
"7636","2390云辰","110/07/13","新光",147,232,-85
"7637","2390云辰","110/07/13","永豐金-桃園",88,36,52
"7638","2390云辰","110/07/13","致和-崇德",2,70,-68
"7639","2390云辰","110/07/13","玉山-士林",54,4,50
"7640","2390云辰","110/07/13","群益金鼎-屏東",2,70,-68
"7641","2390云辰","110/07/13","富邦-仁愛",56,6,50
"7642","2390云辰","110/07/13","元大-大里",35,98,-63
"7643","2390云辰","110/07/13","第一金-豐原",50,1,49
"7644","2390云辰","110/07/13","元大-萬華",35,94,-59
"7645","2390云辰","110/07/13","摩根大通",502,453,49
"7646","2390云辰","110/07/13","元富-吉利",2,60,-58
"7647","2390云辰","110/07/13","凱基-松山",61,13,48
"7648","2390云辰","110/07/13","兆豐-新竹",3,53,-50
"7649","2390云辰","110/07/13","大昌",64,22,42
"7650","2390云辰","110/07/13","富邦-嘉義",65,108,-43
"7651","2363矽統","110/07/13","凱基-南崁",2133,63,2070
"7652","2363矽統","110/07/13","凱基-幸福",36,4048,-4012
"7653","2363矽統","110/07/13","國泰-敦南",2195,1617,578
"7654","2363矽統","110/07/13","統一",192,3325,-3133
"7655","2363矽統","110/07/13","中農",670,139,531
"7656","2363矽統","110/07/13","新加坡商瑞銀",1000,2747,-1747
"7657","2363矽統","110/07/13","康和-台中",638,154,484
"7658","2363矽統","110/07/13","凱基-台北",5359,6609,-1250
"7659","2363矽統","110/07/13","群益金鼎-三民",577,137,440
"7660","2363矽統","110/07/13","摩根大通",1930,2858,-928
"7661","2363矽統","110/07/13","台新-屏東",510,88,422
"7662","2363矽統","110/07/13","港商野村",960,1679,-719
"7663","2363矽統","110/07/13","德信-中正",455,67,388
"7664","2363矽統","110/07/13","兆豐-復興",25,705,-680
"7665","2363矽統","110/07/13","日盛-竹北",365,70,295
"7666","2363矽統","110/07/13","統一-仁愛",114,755,-641
"7667","2363矽統","110/07/13","元大-佳里",452,189,263
"7668","2363矽統","110/07/13","統一-敦南",29,638,-609
"7669","2363矽統","110/07/13","國票-博愛",296,38,258
"7670","2363矽統","110/07/13","統一-土城",100,704,-604
"7671","2363矽統","110/07/13","元大-萬華",340,95,245
"7672","2363矽統","110/07/13","統一-城中",116,676,-560
"7673","2363矽統","110/07/13","新光",1259,1031,228
"7674","2363矽統","110/07/13","永豐金證券",306,859,-553
"7675","2363矽統","110/07/13","元富-成功",323,96,227
"7676","2363矽統","110/07/13","元富",54,567,-513
"7677","2363矽統","110/07/13","豐農",228,23,205
"7678","2363矽統","110/07/13","瑞士信貸",202,666,-464
"7679","2363矽統","110/07/13","台灣企銀-岡山",186,4,182
"7680","2363矽統","110/07/13","永豐金-嘉義",67,468,-401
"7681","8112至上","110/07/13","摩根大通",688,296,392
"7682","8112至上","110/07/13","國票-中和",0,401,-401
"7683","8112至上","110/07/13","港商野村",344,145,199
"7684","8112至上","110/07/13","永豐金-板盛",0,205,-205
"7685","8112至上","110/07/13","兆豐-公益",195,5,190
"7686","8112至上","110/07/13","凱基-五股",43,155,-112
"7687","8112至上","110/07/13","台灣摩根士丹利",183,0,183
"7688","8112至上","110/07/13","凱基-市政",0,100,-100
"7689","8112至上","110/07/13","群益金鼎-敦南",153,2,151
"7690","8112至上","110/07/13","元大-大里德芳",1,92,-91
"7691","8112至上","110/07/13","臺銀-金山",146,26,120
"7692","8112至上","110/07/13","玉山-桃園",26,110,-84
"7693","8112至上","110/07/13","臺銀",133,19,114
"7694","8112至上","110/07/13","兆豐-天母",0,81,-81
"7695","8112至上","110/07/13","合庫-台中",115,6,109
"7696","8112至上","110/07/13","凱基-城中",3,84,-81
"7697","8112至上","110/07/13","亞東-板橋",134,26,108
"7698","8112至上","110/07/13","日盛-新莊",9,85,-76
"7699","8112至上","110/07/13","凱基-台北",414,326,88
"7700","8112至上","110/07/13","日盛-台中",2,64,-62
"7701","8112至上","110/07/13","新加坡商瑞銀",181,100,81
"7702","8112至上","110/07/13","日盛-中壢",3,64,-61
"7703","8112至上","110/07/13","國泰-敦南",108,31,77
"7704","8112至上","110/07/13","元大-台中",2,59,-57
"7705","8112至上","110/07/13","第一金-華江",77,4,73
"7706","8112至上","110/07/13","元大-雙和",7,64,-57
"7707","8112至上","110/07/13","永豐金-內湖",73,1,72
"7708","8112至上","110/07/13","元大-高雄",8,62,-54
"7709","8112至上","110/07/13","元大-永和",68,1,67
"7710","8112至上","110/07/13","元大-館前",2,55,-53
"7711","4903聯光通","110/07/13","台灣企銀-太平",56,0,56
"7712","4903聯光通","110/07/13","土銀",0,32,-32
"7713","4903聯光通","110/07/13","元富-新興",23,0,23
"7714","4903聯光通","110/07/13","元大-樹林",0,19,-19
"7715","4903聯光通","110/07/13","日盛-樹林",22,0,22
"7716","4903聯光通","110/07/13","凱基-士林",0,17,-17
"7717","4903聯光通","110/07/13","兆豐-天母",20,0,20
"7718","4903聯光通","110/07/13","國票-博愛",0,14,-14
"7719","4903聯光通","110/07/13","華南永昌-桃園",20,0,20
"7720","4903聯光通","110/07/13","元富",0,10,-10
"7721","4903聯光通","110/07/13","富邦-新店",10,0,10
"7722","4903聯光通","110/07/13","新光",0,10,-10
"7723","4903聯光通","110/07/13","新光-台中",5,0,5
"7724","4903聯光通","110/07/13","玉山-南京東路",0,10,-10
"7725","4903聯光通","110/07/13","華南永昌-台中",5,0,5
"7726","4903聯光通","110/07/13","富邦-陽明",0,10,-10
"7727","4903聯光通","110/07/13","元大-崇德",5,0,5
"7728","4903聯光通","110/07/13","元大-大甲",0,8,-8
"7729","4903聯光通","110/07/13","元大-草屯",5,0,5
"7730","4903聯光通","110/07/13","富邦-台中",0,7,-7
"7731","4903聯光通","110/07/13","元富-草屯",4,0,4
"7732","4903聯光通","110/07/13","凱基-中壢",0,6,-6
"7733","4903聯光通","110/07/13","元大-清水",4,0,4
"7734","4903聯光通","110/07/13","臺銀-民權",0,5,-5
"7735","4903聯光通","110/07/13","元大-東泰",4,0,4
"7736","4903聯光通","110/07/13","日盛-板橋",0,5,-5
"7737","4903聯光通","110/07/13","元大-佳里",2,0,2
"7738","4903聯光通","110/07/13","中國信託-忠孝",0,5,-5
"7739","4903聯光通","110/07/13","永豐金-板橋",2,0,2
"7740","4903聯光通","110/07/13","永豐金-鳳山",0,5,-5
"7741","2929淘帝","110/07/13","玉山-新竹",130,0,130
"7742","2929淘帝","110/07/13","美商高盛",0,177,-177
"7743","2929淘帝","110/07/13","臺銀-民權",60,0,60
"7744","2929淘帝","110/07/13","凱基-台北",6,80,-74
"7745","2929淘帝","110/07/13","新百王",31,0,31
"7746","2929淘帝","110/07/13","元富-大裕",0,49,-49
"7747","2929淘帝","110/07/13","日盛-園區",30,0,30
"7748","2929淘帝","110/07/13","國泰-館前",3,51,-48
"7749","2929淘帝","110/07/13","元大-南投",31,1,30
"7750","2929淘帝","110/07/13","凱基-中壢",0,41,-41
"7751","2929淘帝","110/07/13","兆豐-忠孝",28,0,28
"7752","2929淘帝","110/07/13","港商野村",21,55,-34
"7753","2929淘帝","110/07/13","元大-民生",28,0,28
"7754","2929淘帝","110/07/13","華南永昌-南京",2,34,-32
"7755","2929淘帝","110/07/13","合庫-高雄",27,0,27
"7756","2929淘帝","110/07/13","群益金鼎-土城",0,30,-30
"7757","2929淘帝","110/07/13","凱基-豐中",27,0,27
"7758","2929淘帝","110/07/13","富邦-南屯",0,22,-22
"7759","2929淘帝","110/07/13","新光",21,4,17
"7760","2929淘帝","110/07/13","第一金-豐原",0,20,-20
"7761","2929淘帝","110/07/13","元大-天母",17,0,17
"7762","2929淘帝","110/07/13","元大-屏南",6,26,-20
"7763","2929淘帝","110/07/13","永興",14,0,14
"7764","2929淘帝","110/07/13","永豐金-敦南",1,21,-20
"7765","2929淘帝","110/07/13","富邦-台北",12,0,12
"7766","2929淘帝","110/07/13","凱基-三重",2,21,-19
"7767","2929淘帝","110/07/13","元大-永和",12,0,12
"7768","2929淘帝","110/07/13","富邦-仁愛",7,25,-18
"7769","2929淘帝","110/07/13","國票-天祥",11,0,11
"7770","2929淘帝","110/07/13","元大-北投",0,16,-16
"7771","5410國眾","110/07/13","兆豐-城中",274,0,274
"7772","5410國眾","110/07/13","元富-嘉義",0,103,-103
"7773","5410國眾","110/07/13","新光",50,4,46
"7774","5410國眾","110/07/13","凱基-台北",0,50,-50
"7775","5410國眾","110/07/13","國泰-台中",26,0,26
"7776","5410國眾","110/07/13","瑞士信貸",0,31,-31
"7777","5410國眾","110/07/13","新加坡商瑞銀",22,0,22
"7778","5410國眾","110/07/13","台新-新莊",0,27,-27
"7779","5410國眾","110/07/13","光和-嘉義",20,0,20
"7780","5410國眾","110/07/13","元大-汐止",0,20,-20
"7781","5410國眾","110/07/13","凱基-竹北",17,0,17
"7782","5410國眾","110/07/13","亞東-新竹",0,17,-17
"7783","5410國眾","110/07/13","新光-桃園",15,0,15
"7784","5410國眾","110/07/13","元大-南勢角",0,13,-13
"7785","5410國眾","110/07/13","凱基-台東",14,0,14
"7786","5410國眾","110/07/13","台新-台南",0,12,-12
"7787","5410國眾","110/07/13","富邦-竹北",11,0,11
"7788","5410國眾","110/07/13","中國信託",0,11,-11
"7789","5410國眾","110/07/13","元富-同大",10,0,10
"7790","5410國眾","110/07/13","華南永昌",0,11,-11
"7791","5410國眾","110/07/13","國泰-敦南",24,15,9
"7792","5410國眾","110/07/13","臺銀-臺南",0,10,-10
"7793","5410國眾","110/07/13","日盛-內湖",7,0,7
"7794","5410國眾","110/07/13","台灣企銀-民雄",0,10,-10
"7795","5410國眾","110/07/13","台新-左楠",7,0,7
"7796","5410國眾","110/07/13","高橋",0,10,-10
"7797","5410國眾","110/07/13","元大-新盛",18,12,6
"7798","5410國眾","110/07/13","康和-嘉義",0,10,-10
"7799","5410國眾","110/07/13","統一",5,0,5
"7800","5410國眾","110/07/13","凱基-基隆",0,10,-10
"7801","2841台開","110/07/13","中國信託-高雄",251,50,201
"7802","2841台開","110/07/13","兆豐-公益",0,177,-177
"7803","2841台開","110/07/13","日盛證券",210,13,197
"7804","2841台開","110/07/13","日進",0,152,-152
"7805","2841台開","110/07/13","第一金-台中",55,0,55
"7806","2841台開","110/07/13","港商野村",0,109,-109
"7807","2841台開","110/07/13","國泰-板橋",46,0,46
"7808","2841台開","110/07/13","日盛-信義",0,103,-103
"7809","2841台開","110/07/13","國泰-館前",48,3,45
"7810","2841台開","110/07/13","國泰-敦南",11,75,-64
"7811","2841台開","110/07/13","華南永昌-新莊",45,0,45
"7812","2841台開","110/07/13","永興",0,50,-50
"7813","2841台開","110/07/13","日盛-園區",42,0,42
"7814","2841台開","110/07/13","永豐金-敦南",61,104,-43
"7815","2841台開","110/07/13","台新證券",32,0,32
"7816","2841台開","110/07/13","富邦-台南",0,42,-42
"7817","2841台開","110/07/13","台新-高雄",32,2,30
"7818","2841台開","110/07/13","國票-安和",0,30,-30
"7819","2841台開","110/07/13","豐農",23,0,23
"7820","2841台開","110/07/13","元大-桃園",0,25,-25
"7821","2841台開","110/07/13","合庫-嘉義",20,0,20
"7822","2841台開","110/07/13","新光",8,32,-24
"7823","2841台開","110/07/13","華南永昌-高雄",20,0,20
"7824","2841台開","110/07/13","元大-仁愛",0,24,-24
"7825","2841台開","110/07/13","元大-樹林",16,0,16
"7826","2841台開","110/07/13","日盛-中和",0,20,-20
"7827","2841台開","110/07/13","第一金-華江",15,2,13
"7828","2841台開","110/07/13","元富",0,20,-20
"7829","2841台開","110/07/13","美商高盛",12,0,12
"7830","2841台開","110/07/13","富邦-宜蘭",0,20,-20
"7831","6207雷科","110/07/13","元大-高雄",121,0,121
"7832","6207雷科","110/07/13","華南永昌-朴子",1,60,-59
"7833","6207雷科","110/07/13","第一金-新興",20,0,20
"7834","6207雷科","110/07/13","元大-南海",0,36,-36
"7835","6207雷科","110/07/13","元富-三重",20,0,20
"7836","6207雷科","110/07/13","凱基-土城",0,35,-35
"7837","6207雷科","110/07/13","元大-林園",15,0,15
"7838","6207雷科","110/07/13","台灣企銀",0,20,-20
"7839","6207雷科","110/07/13","元大-金華",16,1,15
"7840","6207雷科","110/07/13","群益金鼎-丹鳳",0,20,-20
"7841","6207雷科","110/07/13","日盛證券",10,0,10
"7842","6207雷科","110/07/13","元大-博愛",0,17,-17
"7843","6207雷科","110/07/13","統一-台中",10,0,10
"7844","6207雷科","110/07/13","元大-北港",0,13,-13
"7845","6207雷科","110/07/13","群益金鼎-土城",10,0,10
"7846","6207雷科","110/07/13","新加坡商瑞銀",0,12,-12
"7847","6207雷科","110/07/13","群益金鼎-桃園",10,0,10
"7848","6207雷科","110/07/13","凱基-台北",4,16,-12
"7849","6207雷科","110/07/13","永豐金-新莊",10,0,10
"7850","6207雷科","110/07/13","日茂-埔里",0,11,-11
"7851","6207雷科","110/07/13","永豐金-新店",10,0,10
"7852","6207雷科","110/07/13","元大-莒光",0,11,-11
"7853","6207雷科","110/07/13","元大證券",9,0,9
"7854","6207雷科","110/07/13","統一-新竹",0,10,-10
"7855","6207雷科","110/07/13","日盛-木柵",9,1,8
"7856","6207雷科","110/07/13","元大-西螺",0,10,-10
"7857","6207雷科","110/07/13","兆豐-來福",8,0,8
"7858","6207雷科","110/07/13","康和-台中",0,8,-8
"7859","6207雷科","110/07/13","新光",7,0,7
"7860","6207雷科","110/07/13","兆豐-高雄",0,6,-6
"7861","3679新至陞","110/07/13","永豐金證券",50,0,50
"7862","3679新至陞","110/07/13","摩根大通",2,25,-23
"7863","3679新至陞","110/07/13","國泰-桃園",22,0,22
"7864","3679新至陞","110/07/13","元大-成功",0,22,-22
"7865","3679新至陞","110/07/13","台中銀-員林",11,0,11
"7866","3679新至陞","110/07/13","富邦-板橋",1,19,-18
"7867","3679新至陞","110/07/13","元大-文心興安",8,0,8
"7868","3679新至陞","110/07/13","日盛-新莊",0,10,-10
"7869","3679新至陞","110/07/13","美商高盛",6,0,6
"7870","3679新至陞","110/07/13","台新-台中",0,10,-10
"7871","3679新至陞","110/07/13","台新-高雄",6,0,6
"7872","3679新至陞","110/07/13","永豐金-新竹",0,8,-8
"7873","3679新至陞","110/07/13","凱基-台北",18,12,6
"7874","3679新至陞","110/07/13","瑞士信貸",12,19,-7
"7875","3679新至陞","110/07/13","日盛-復興",5,0,5
"7876","3679新至陞","110/07/13","統一-南京",0,7,-7
"7877","3679新至陞","110/07/13","(牛牛牛)亞-鑫豐",4,0,4
"7878","3679新至陞","110/07/13","凱基-新莊",0,7,-7
"7879","3679新至陞","110/07/13","元富-大昌",3,0,3
"7880","3679新至陞","110/07/13","新加坡商瑞銀",0,6,-6
"7881","3679新至陞","110/07/13","富邦-台北",3,0,3
"7882","3679新至陞","110/07/13","合庫-自強",0,5,-5
"7883","3679新至陞","110/07/13","日盛-樹林",2,0,2
"7884","3679新至陞","110/07/13","富邦-桃園",0,5,-5
"7885","3679新至陞","110/07/13","宏遠-光隆",2,0,2
"7886","3679新至陞","110/07/13","永豐金-潮州",0,4,-4
"7887","3679新至陞","110/07/13","美林",3,1,2
"7888","3679新至陞","110/07/13","臺銀-臺南",0,3,-3
"7889","3679新至陞","110/07/13","第一金-中壢",2,0,2
"7890","3679新至陞","110/07/13","元大-六合",0,3,-3
"7891","2727王品","110/07/13","富邦-台北",43,3,40
"7892","2727王品","110/07/13","台灣摩根士丹利",15,97,-82
"7893","2727王品","110/07/13","元大-基隆孝二",40,0,40
"7894","2727王品","110/07/13","玉山-台南",5,57,-52
"7895","2727王品","110/07/13","國票-新莊",40,1,39
"7896","2727王品","110/07/13","新加坡商瑞銀",0,48,-48
"7897","2727王品","110/07/13","第一金-豐原",66,42,24
"7898","2727王品","110/07/13","凱基-台北",41,77,-36
"7899","2727王品","110/07/13","永豐金-大園",34,10,24
"7900","2727王品","110/07/13","永豐金-永康",0,22,-22
"7901","2727王品","110/07/13","元大-北屯",22,0,22
"7902","2727王品","110/07/13","統一-台中",2,22,-20
"7903","2727王品","110/07/13","元大-東蘆",26,7,19
"7904","2727王品","110/07/13","國泰-台中",21,39,-18
"7905","2727王品","110/07/13","永豐金-萬盛",13,1,12
"7906","2727王品","110/07/13","合庫-彰化",3,20,-17
"7907","2727王品","110/07/13","日盛-嘉義",11,0,11
"7908","2727王品","110/07/13","港商野村",13,30,-17
"7909","2727王品","110/07/13","日盛-八德",11,0,11
"7910","2727王品","110/07/13","元大-楊梅",1,16,-15
"7911","2727王品","110/07/13","統一-竹南",11,0,11
"7912","2727王品","110/07/13","凱基-高美館",2,15,-13
"7913","2727王品","110/07/13","日盛-士林",12,2,10
"7914","2727王品","110/07/13","美商高盛",2,14,-12
"7915","2727王品","110/07/13","統一-敦南",10,0,10
"7916","2727王品","110/07/13","統一-平鎮",1,13,-12
"7917","2727王品","110/07/13","中國信託",15,5,10
"7918","2727王品","110/07/13","兆豐-台中港",4,16,-12
"7919","2727王品","110/07/13","兆豐-竹北",13,3,10
"7920","2727王品","110/07/13","凱基-八德",1,13,-12
"7921","1570力肯","110/07/13","新光",115,11,104
"7922","1570力肯","110/07/13","元大-北三重",0,162,-162
"7923","1570力肯","110/07/13","群益金鼎-高雄",54,0,54
"7924","1570力肯","110/07/13","元大-大灣",0,25,-25
"7925","1570力肯","110/07/13","國票-新莊",22,0,22
"7926","1570力肯","110/07/13","永豐金-苓雅",0,22,-22
"7927","1570力肯","110/07/13","日盛-桃園",12,0,12
"7928","1570力肯","110/07/13","永豐金-永康",0,19,-19
"7929","1570力肯","110/07/13","元大-高雄",12,0,12
"7930","1570力肯","110/07/13","富邦-員林",0,15,-15
"7931","1570力肯","110/07/13","合庫-自強",11,0,11
"7932","1570力肯","110/07/13","凱基-台南",0,11,-11
"7933","1570力肯","110/07/13","摩根大通",26,15,11
"7934","1570力肯","110/07/13","日盛-竹北",0,10,-10
"7935","1570力肯","110/07/13","永豐金-中盛",11,0,11
"7936","1570力肯","110/07/13","國票-九鼎",0,10,-10
"7937","1570力肯","110/07/13","兆豐-台中港",10,0,10
"7938","1570力肯","110/07/13","凱基-桃園",0,10,-10
"7939","1570力肯","110/07/13","國泰-松江",9,0,9
"7940","1570力肯","110/07/13","凱基-新豐",0,10,-10
"7941","1570力肯","110/07/13","元大-新盛",9,0,9
"7942","1570力肯","110/07/13","元大-學甲",0,10,-10
"7943","1570力肯","110/07/13","元富-緯城",6,0,6
"7944","1570力肯","110/07/13","群益金鼎-東湖",1,10,-9
"7945","1570力肯","110/07/13","統一-三重",5,0,5
"7946","1570力肯","110/07/13","大昌",0,6,-6
"7947","1570力肯","110/07/13","元大-前金",5,0,5
"7948","1570力肯","110/07/13","元大-土城學府",0,6,-6
"7949","1570力肯","110/07/13","永豐金證券",5,0,5
"7950","1570力肯","110/07/13","統一",0,5,-5
"7951","6180橘子","110/07/13","摩根大通",119,0,119
"7952","6180橘子","110/07/13","元大-崇德",2,61,-59
"7953","6180橘子","110/07/13","美商高盛",96,0,96
"7954","6180橘子","110/07/13","康和-台中",0,51,-51
"7955","6180橘子","110/07/13","新加坡商瑞銀",86,7,79
"7956","6180橘子","110/07/13","康和-台北",0,50,-50
"7957","6180橘子","110/07/13","元大-和平",40,0,40
"7958","6180橘子","110/07/13","元富-潮州",0,40,-40
"7959","6180橘子","110/07/13","凱基-台北",83,47,36
"7960","6180橘子","110/07/13","日盛-永康",0,26,-26
"7961","6180橘子","110/07/13","美林",39,5,34
"7962","6180橘子","110/07/13","永豐金-中正",0,24,-24
"7963","6180橘子","110/07/13","富邦-新竹華信",31,2,29
"7964","6180橘子","110/07/13","國泰-板橋",2,25,-23
"7965","6180橘子","110/07/13","統一-南京",21,0,21
"7966","6180橘子","110/07/13","日盛-大墩",0,20,-20
"7967","6180橘子","110/07/13","富邦-陽明",24,3,21
"7968","6180橘子","110/07/13","元大-草屯",13,32,-19
"7969","6180橘子","110/07/13","大昌-樹林",21,1,20
"7970","6180橘子","110/07/13","元富-林園",1,18,-17
"7971","6180橘子","110/07/13","花旗環球",19,0,19
"7972","6180橘子","110/07/13","新光-新竹",1,18,-17
"7973","6180橘子","110/07/13","華南永昌-台南",19,0,19
"7974","6180橘子","110/07/13","元大-土城永寧",0,17,-17
"7975","6180橘子","110/07/13","福勝",14,0,14
"7976","6180橘子","110/07/13","國泰-新莊",3,19,-16
"7977","6180橘子","110/07/13","富邦-嘉義",12,1,11
"7978","6180橘子","110/07/13","中國信託-永康",6,21,-15
"7979","6180橘子","110/07/13","元大-板橋三民",11,0,11
"7980","6180橘子","110/07/13","凱基-東港",1,15,-14
"7981","2390云辰","110/07/13","新加坡商瑞銀",562,75,487
"7982","2390云辰","110/07/13","大展-台南",0,532,-532
"7983","2390云辰","110/07/13","台灣摩根士丹利",330,155,175
"7984","2390云辰","110/07/13","凱基-台北",668,854,-186
"7985","2390云辰","110/07/13","兆豐-公益",126,25,101
"7986","2390云辰","110/07/13","凱基-三重",12,172,-160
"7987","2390云辰","110/07/13","元富-中港",100,2,98
"7988","2390云辰","110/07/13","兆豐-忠孝",4,161,-157
"7989","2390云辰","110/07/13","統一-新台中",106,9,97
"7990","2390云辰","110/07/13","元大-士林",19,170,-151
"7991","2390云辰","110/07/13","中國信託-松江",81,11,70
"7992","2390云辰","110/07/13","臺銀-新竹",14,117,-103
"7993","2390云辰","110/07/13","日盛-板橋",72,3,69
"7994","2390云辰","110/07/13","國票-台中",4,102,-98
"7995","2390云辰","110/07/13","日盛-和美",57,0,57
"7996","2390云辰","110/07/13","新光",147,232,-85
"7997","2390云辰","110/07/13","永豐金-桃園",88,36,52
"7998","2390云辰","110/07/13","致和-崇德",2,70,-68
"7999","2390云辰","110/07/13","玉山-士林",54,4,50
"8000","2390云辰","110/07/13","群益金鼎-屏東",2,70,-68
"8001","2390云辰","110/07/13","富邦-仁愛",56,6,50
"8002","2390云辰","110/07/13","元大-大里",35,98,-63
"8003","2390云辰","110/07/13","第一金-豐原",50,1,49
"8004","2390云辰","110/07/13","元大-萬華",35,94,-59
"8005","2390云辰","110/07/13","摩根大通",502,453,49
"8006","2390云辰","110/07/13","元富-吉利",2,60,-58
"8007","2390云辰","110/07/13","凱基-松山",61,13,48
"8008","2390云辰","110/07/13","兆豐-新竹",3,53,-50
"8009","2390云辰","110/07/13","大昌",64,22,42
"8010","2390云辰","110/07/13","富邦-嘉義",65,108,-43
"8011","2363矽統","110/07/13","凱基-南崁",2133,63,2070
"8012","2363矽統","110/07/13","凱基-幸福",36,4048,-4012
"8013","2363矽統","110/07/13","國泰-敦南",2195,1617,578
"8014","2363矽統","110/07/13","統一",192,3325,-3133
"8015","2363矽統","110/07/13","中農",670,139,531
"8016","2363矽統","110/07/13","新加坡商瑞銀",1000,2747,-1747
"8017","2363矽統","110/07/13","康和-台中",638,154,484
"8018","2363矽統","110/07/13","凱基-台北",5359,6609,-1250
"8019","2363矽統","110/07/13","群益金鼎-三民",577,137,440
"8020","2363矽統","110/07/13","摩根大通",1930,2858,-928
"8021","2363矽統","110/07/13","台新-屏東",510,88,422
"8022","2363矽統","110/07/13","港商野村",960,1679,-719
"8023","2363矽統","110/07/13","德信-中正",455,67,388
"8024","2363矽統","110/07/13","兆豐-復興",25,705,-680
"8025","2363矽統","110/07/13","日盛-竹北",365,70,295
"8026","2363矽統","110/07/13","統一-仁愛",114,755,-641
"8027","2363矽統","110/07/13","元大-佳里",452,189,263
"8028","2363矽統","110/07/13","統一-敦南",29,638,-609
"8029","2363矽統","110/07/13","國票-博愛",296,38,258
"8030","2363矽統","110/07/13","統一-土城",100,704,-604
"8031","2363矽統","110/07/13","元大-萬華",340,95,245
"8032","2363矽統","110/07/13","統一-城中",116,676,-560
"8033","2363矽統","110/07/13","新光",1259,1031,228
"8034","2363矽統","110/07/13","永豐金證券",306,859,-553
"8035","2363矽統","110/07/13","元富-成功",323,96,227
"8036","2363矽統","110/07/13","元富",54,567,-513
"8037","2363矽統","110/07/13","豐農",228,23,205
"8038","2363矽統","110/07/13","瑞士信貸",202,666,-464
"8039","2363矽統","110/07/13","台灣企銀-岡山",186,4,182
"8040","2363矽統","110/07/13","永豐金-嘉義",67,468,-401
"8041","8112至上","110/07/13","摩根大通",688,296,392
"8042","8112至上","110/07/13","國票-中和",0,401,-401
"8043","8112至上","110/07/13","港商野村",344,145,199
"8044","8112至上","110/07/13","永豐金-板盛",0,205,-205
"8045","8112至上","110/07/13","兆豐-公益",195,5,190
"8046","8112至上","110/07/13","凱基-五股",43,155,-112
"8047","8112至上","110/07/13","台灣摩根士丹利",183,0,183
"8048","8112至上","110/07/13","凱基-市政",0,100,-100
"8049","8112至上","110/07/13","群益金鼎-敦南",153,2,151
"8050","8112至上","110/07/13","元大-大里德芳",1,92,-91
"8051","8112至上","110/07/13","臺銀-金山",146,26,120
"8052","8112至上","110/07/13","玉山-桃園",26,110,-84
"8053","8112至上","110/07/13","臺銀",133,19,114
"8054","8112至上","110/07/13","兆豐-天母",0,81,-81
"8055","8112至上","110/07/13","合庫-台中",115,6,109
"8056","8112至上","110/07/13","凱基-城中",3,84,-81
"8057","8112至上","110/07/13","亞東-板橋",134,26,108
"8058","8112至上","110/07/13","日盛-新莊",9,85,-76
"8059","8112至上","110/07/13","凱基-台北",414,326,88
"8060","8112至上","110/07/13","日盛-台中",2,64,-62
"8061","8112至上","110/07/13","新加坡商瑞銀",181,100,81
"8062","8112至上","110/07/13","日盛-中壢",3,64,-61
"8063","8112至上","110/07/13","國泰-敦南",108,31,77
"8064","8112至上","110/07/13","元大-台中",2,59,-57
"8065","8112至上","110/07/13","第一金-華江",77,4,73
"8066","8112至上","110/07/13","元大-雙和",7,64,-57
"8067","8112至上","110/07/13","永豐金-內湖",73,1,72
"8068","8112至上","110/07/13","元大-高雄",8,62,-54
"8069","8112至上","110/07/13","元大-永和",68,1,67
"8070","8112至上","110/07/13","元大-館前",2,55,-53
"8071","4903聯光通","110/07/13","台灣企銀-太平",56,0,56
"8072","4903聯光通","110/07/13","土銀",0,32,-32
"8073","4903聯光通","110/07/13","元富-新興",23,0,23
"8074","4903聯光通","110/07/13","元大-樹林",0,19,-19
"8075","4903聯光通","110/07/13","日盛-樹林",22,0,22
"8076","4903聯光通","110/07/13","凱基-士林",0,17,-17
"8077","4903聯光通","110/07/13","兆豐-天母",20,0,20
"8078","4903聯光通","110/07/13","國票-博愛",0,14,-14
"8079","4903聯光通","110/07/13","華南永昌-桃園",20,0,20
"8080","4903聯光通","110/07/13","元富",0,10,-10
"8081","4903聯光通","110/07/13","富邦-新店",10,0,10
"8082","4903聯光通","110/07/13","新光",0,10,-10
"8083","4903聯光通","110/07/13","新光-台中",5,0,5
"8084","4903聯光通","110/07/13","玉山-南京東路",0,10,-10
"8085","4903聯光通","110/07/13","華南永昌-台中",5,0,5
"8086","4903聯光通","110/07/13","富邦-陽明",0,10,-10
"8087","4903聯光通","110/07/13","元大-崇德",5,0,5
"8088","4903聯光通","110/07/13","元大-大甲",0,8,-8
"8089","4903聯光通","110/07/13","元大-草屯",5,0,5
"8090","4903聯光通","110/07/13","富邦-台中",0,7,-7
"8091","4903聯光通","110/07/13","元富-草屯",4,0,4
"8092","4903聯光通","110/07/13","凱基-中壢",0,6,-6
"8093","4903聯光通","110/07/13","元大-清水",4,0,4
"8094","4903聯光通","110/07/13","臺銀-民權",0,5,-5
"8095","4903聯光通","110/07/13","元大-東泰",4,0,4
"8096","4903聯光通","110/07/13","日盛-板橋",0,5,-5
"8097","4903聯光通","110/07/13","元大-佳里",2,0,2
"8098","4903聯光通","110/07/13","中國信託-忠孝",0,5,-5
"8099","4903聯光通","110/07/13","永豐金-板橋",2,0,2
"8100","4903聯光通","110/07/13","永豐金-鳳山",0,5,-5
"8101","2929淘帝","110/07/13","玉山-新竹",130,0,130
"8102","2929淘帝","110/07/13","美商高盛",0,177,-177
"8103","2929淘帝","110/07/13","臺銀-民權",60,0,60
"8104","2929淘帝","110/07/13","凱基-台北",6,80,-74
"8105","2929淘帝","110/07/13","新百王",31,0,31
"8106","2929淘帝","110/07/13","元富-大裕",0,49,-49
"8107","2929淘帝","110/07/13","日盛-園區",30,0,30
"8108","2929淘帝","110/07/13","國泰-館前",3,51,-48
"8109","2929淘帝","110/07/13","元大-南投",31,1,30
"8110","2929淘帝","110/07/13","凱基-中壢",0,41,-41
"8111","2929淘帝","110/07/13","兆豐-忠孝",28,0,28
"8112","2929淘帝","110/07/13","港商野村",21,55,-34
"8113","2929淘帝","110/07/13","元大-民生",28,0,28
"8114","2929淘帝","110/07/13","華南永昌-南京",2,34,-32
"8115","2929淘帝","110/07/13","合庫-高雄",27,0,27
"8116","2929淘帝","110/07/13","群益金鼎-土城",0,30,-30
"8117","2929淘帝","110/07/13","凱基-豐中",27,0,27
"8118","2929淘帝","110/07/13","富邦-南屯",0,22,-22
"8119","2929淘帝","110/07/13","新光",21,4,17
"8120","2929淘帝","110/07/13","第一金-豐原",0,20,-20
"8121","2929淘帝","110/07/13","元大-天母",17,0,17
"8122","2929淘帝","110/07/13","元大-屏南",6,26,-20
"8123","2929淘帝","110/07/13","永興",14,0,14
"8124","2929淘帝","110/07/13","永豐金-敦南",1,21,-20
"8125","2929淘帝","110/07/13","富邦-台北",12,0,12
"8126","2929淘帝","110/07/13","凱基-三重",2,21,-19
"8127","2929淘帝","110/07/13","元大-永和",12,0,12
"8128","2929淘帝","110/07/13","富邦-仁愛",7,25,-18
"8129","2929淘帝","110/07/13","國票-天祥",11,0,11
"8130","2929淘帝","110/07/13","元大-北投",0,16,-16
"8131","5410國眾","110/07/13","兆豐-城中",274,0,274
"8132","5410國眾","110/07/13","元富-嘉義",0,103,-103
"8133","5410國眾","110/07/13","新光",50,4,46
"8134","5410國眾","110/07/13","凱基-台北",0,50,-50
"8135","5410國眾","110/07/13","國泰-台中",26,0,26
"8136","5410國眾","110/07/13","瑞士信貸",0,31,-31
"8137","5410國眾","110/07/13","新加坡商瑞銀",22,0,22
"8138","5410國眾","110/07/13","台新-新莊",0,27,-27
"8139","5410國眾","110/07/13","光和-嘉義",20,0,20
"8140","5410國眾","110/07/13","元大-汐止",0,20,-20
"8141","5410國眾","110/07/13","凱基-竹北",17,0,17
"8142","5410國眾","110/07/13","亞東-新竹",0,17,-17
"8143","5410國眾","110/07/13","新光-桃園",15,0,15
"8144","5410國眾","110/07/13","元大-南勢角",0,13,-13
"8145","5410國眾","110/07/13","凱基-台東",14,0,14
"8146","5410國眾","110/07/13","台新-台南",0,12,-12
"8147","5410國眾","110/07/13","富邦-竹北",11,0,11
"8148","5410國眾","110/07/13","中國信託",0,11,-11
"8149","5410國眾","110/07/13","元富-同大",10,0,10
"8150","5410國眾","110/07/13","華南永昌",0,11,-11
"8151","5410國眾","110/07/13","國泰-敦南",24,15,9
"8152","5410國眾","110/07/13","臺銀-臺南",0,10,-10
"8153","5410國眾","110/07/13","日盛-內湖",7,0,7
"8154","5410國眾","110/07/13","台灣企銀-民雄",0,10,-10
"8155","5410國眾","110/07/13","台新-左楠",7,0,7
"8156","5410國眾","110/07/13","高橋",0,10,-10
"8157","5410國眾","110/07/13","元大-新盛",18,12,6
"8158","5410國眾","110/07/13","康和-嘉義",0,10,-10
"8159","5410國眾","110/07/13","統一",5,0,5
"8160","5410國眾","110/07/13","凱基-基隆",0,10,-10
"8161","2841台開","110/07/13","中國信託-高雄",251,50,201
"8162","2841台開","110/07/13","兆豐-公益",0,177,-177
"8163","2841台開","110/07/13","日盛證券",210,13,197
"8164","2841台開","110/07/13","日進",0,152,-152
"8165","2841台開","110/07/13","第一金-台中",55,0,55
"8166","2841台開","110/07/13","港商野村",0,109,-109
"8167","2841台開","110/07/13","國泰-板橋",46,0,46
"8168","2841台開","110/07/13","日盛-信義",0,103,-103
"8169","2841台開","110/07/13","國泰-館前",48,3,45
"8170","2841台開","110/07/13","國泰-敦南",11,75,-64
"8171","2841台開","110/07/13","華南永昌-新莊",45,0,45
"8172","2841台開","110/07/13","永興",0,50,-50
"8173","2841台開","110/07/13","日盛-園區",42,0,42
"8174","2841台開","110/07/13","永豐金-敦南",61,104,-43
"8175","2841台開","110/07/13","台新證券",32,0,32
"8176","2841台開","110/07/13","富邦-台南",0,42,-42
"8177","2841台開","110/07/13","台新-高雄",32,2,30
"8178","2841台開","110/07/13","國票-安和",0,30,-30
"8179","2841台開","110/07/13","豐農",23,0,23
"8180","2841台開","110/07/13","元大-桃園",0,25,-25
"8181","2841台開","110/07/13","合庫-嘉義",20,0,20
"8182","2841台開","110/07/13","新光",8,32,-24
"8183","2841台開","110/07/13","華南永昌-高雄",20,0,20
"8184","2841台開","110/07/13","元大-仁愛",0,24,-24
"8185","2841台開","110/07/13","元大-樹林",16,0,16
"8186","2841台開","110/07/13","日盛-中和",0,20,-20
"8187","2841台開","110/07/13","第一金-華江",15,2,13
"8188","2841台開","110/07/13","元富",0,20,-20
"8189","2841台開","110/07/13","美商高盛",12,0,12
"8190","2841台開","110/07/13","富邦-宜蘭",0,20,-20
"8191","6207雷科","110/07/13","元大-高雄",121,0,121
"8192","6207雷科","110/07/13","華南永昌-朴子",1,60,-59
"8193","6207雷科","110/07/13","第一金-新興",20,0,20
"8194","6207雷科","110/07/13","元大-南海",0,36,-36
"8195","6207雷科","110/07/13","元富-三重",20,0,20
"8196","6207雷科","110/07/13","凱基-土城",0,35,-35
"8197","6207雷科","110/07/13","元大-林園",15,0,15
"8198","6207雷科","110/07/13","台灣企銀",0,20,-20
"8199","6207雷科","110/07/13","元大-金華",16,1,15
"8200","6207雷科","110/07/13","群益金鼎-丹鳳",0,20,-20
"8201","6207雷科","110/07/13","日盛證券",10,0,10
"8202","6207雷科","110/07/13","元大-博愛",0,17,-17
"8203","6207雷科","110/07/13","統一-台中",10,0,10
"8204","6207雷科","110/07/13","元大-北港",0,13,-13
"8205","6207雷科","110/07/13","群益金鼎-土城",10,0,10
"8206","6207雷科","110/07/13","新加坡商瑞銀",0,12,-12
"8207","6207雷科","110/07/13","群益金鼎-桃園",10,0,10
"8208","6207雷科","110/07/13","凱基-台北",4,16,-12
"8209","6207雷科","110/07/13","永豐金-新莊",10,0,10
"8210","6207雷科","110/07/13","日茂-埔里",0,11,-11
"8211","6207雷科","110/07/13","永豐金-新店",10,0,10
"8212","6207雷科","110/07/13","元大-莒光",0,11,-11
"8213","6207雷科","110/07/13","元大證券",9,0,9
"8214","6207雷科","110/07/13","統一-新竹",0,10,-10
"8215","6207雷科","110/07/13","日盛-木柵",9,1,8
"8216","6207雷科","110/07/13","元大-西螺",0,10,-10
"8217","6207雷科","110/07/13","兆豐-來福",8,0,8
"8218","6207雷科","110/07/13","康和-台中",0,8,-8
"8219","6207雷科","110/07/13","新光",7,0,7
"8220","6207雷科","110/07/13","兆豐-高雄",0,6,-6
"8221","3679新至陞","110/07/13","永豐金證券",50,0,50
"8222","3679新至陞","110/07/13","摩根大通",2,25,-23
"8223","3679新至陞","110/07/13","國泰-桃園",22,0,22
"8224","3679新至陞","110/07/13","元大-成功",0,22,-22
"8225","3679新至陞","110/07/13","台中銀-員林",11,0,11
"8226","3679新至陞","110/07/13","富邦-板橋",1,19,-18
"8227","3679新至陞","110/07/13","元大-文心興安",8,0,8
"8228","3679新至陞","110/07/13","日盛-新莊",0,10,-10
"8229","3679新至陞","110/07/13","美商高盛",6,0,6
"8230","3679新至陞","110/07/13","台新-台中",0,10,-10
"8231","3679新至陞","110/07/13","台新-高雄",6,0,6
"8232","3679新至陞","110/07/13","永豐金-新竹",0,8,-8
"8233","3679新至陞","110/07/13","凱基-台北",18,12,6
"8234","3679新至陞","110/07/13","瑞士信貸",12,19,-7
"8235","3679新至陞","110/07/13","日盛-復興",5,0,5
"8236","3679新至陞","110/07/13","統一-南京",0,7,-7
"8237","3679新至陞","110/07/13","(牛牛牛)亞-鑫豐",4,0,4
"8238","3679新至陞","110/07/13","凱基-新莊",0,7,-7
"8239","3679新至陞","110/07/13","元富-大昌",3,0,3
"8240","3679新至陞","110/07/13","新加坡商瑞銀",0,6,-6
"8241","3679新至陞","110/07/13","富邦-台北",3,0,3
"8242","3679新至陞","110/07/13","合庫-自強",0,5,-5
"8243","3679新至陞","110/07/13","日盛-樹林",2,0,2
"8244","3679新至陞","110/07/13","富邦-桃園",0,5,-5
"8245","3679新至陞","110/07/13","宏遠-光隆",2,0,2
"8246","3679新至陞","110/07/13","永豐金-潮州",0,4,-4
"8247","3679新至陞","110/07/13","美林",3,1,2
"8248","3679新至陞","110/07/13","臺銀-臺南",0,3,-3
"8249","3679新至陞","110/07/13","第一金-中壢",2,0,2
"8250","3679新至陞","110/07/13","元大-六合",0,3,-3
"8251","2727王品","110/07/13","富邦-台北",43,3,40
"8252","2727王品","110/07/13","台灣摩根士丹利",15,97,-82
"8253","2727王品","110/07/13","元大-基隆孝二",40,0,40
"8254","2727王品","110/07/13","玉山-台南",5,57,-52
"8255","2727王品","110/07/13","國票-新莊",40,1,39
"8256","2727王品","110/07/13","新加坡商瑞銀",0,48,-48
"8257","2727王品","110/07/13","第一金-豐原",66,42,24
"8258","2727王品","110/07/13","凱基-台北",41,77,-36
"8259","2727王品","110/07/13","永豐金-大園",34,10,24
"8260","2727王品","110/07/13","永豐金-永康",0,22,-22
"8261","2727王品","110/07/13","元大-北屯",22,0,22
"8262","2727王品","110/07/13","統一-台中",2,22,-20
"8263","2727王品","110/07/13","元大-東蘆",26,7,19
"8264","2727王品","110/07/13","國泰-台中",21,39,-18
"8265","2727王品","110/07/13","永豐金-萬盛",13,1,12
"8266","2727王品","110/07/13","合庫-彰化",3,20,-17
"8267","2727王品","110/07/13","日盛-嘉義",11,0,11
"8268","2727王品","110/07/13","港商野村",13,30,-17
"8269","2727王品","110/07/13","日盛-八德",11,0,11
"8270","2727王品","110/07/13","元大-楊梅",1,16,-15
"8271","2727王品","110/07/13","統一-竹南",11,0,11
"8272","2727王品","110/07/13","凱基-高美館",2,15,-13
"8273","2727王品","110/07/13","日盛-士林",12,2,10
"8274","2727王品","110/07/13","美商高盛",2,14,-12
"8275","2727王品","110/07/13","統一-敦南",10,0,10
"8276","2727王品","110/07/13","統一-平鎮",1,13,-12
"8277","2727王品","110/07/13","中國信託",15,5,10
"8278","2727王品","110/07/13","兆豐-台中港",4,16,-12
"8279","2727王品","110/07/13","兆豐-竹北",13,3,10
"8280","2727王品","110/07/13","凱基-八德",1,13,-12
"8281","1570力肯","110/07/13","新光",115,11,104
"8282","1570力肯","110/07/13","元大-北三重",0,162,-162
"8283","1570力肯","110/07/13","群益金鼎-高雄",54,0,54
"8284","1570力肯","110/07/13","元大-大灣",0,25,-25
"8285","1570力肯","110/07/13","國票-新莊",22,0,22
"8286","1570力肯","110/07/13","永豐金-苓雅",0,22,-22
"8287","1570力肯","110/07/13","日盛-桃園",12,0,12
"8288","1570力肯","110/07/13","永豐金-永康",0,19,-19
"8289","1570力肯","110/07/13","元大-高雄",12,0,12
"8290","1570力肯","110/07/13","富邦-員林",0,15,-15
"8291","1570力肯","110/07/13","合庫-自強",11,0,11
"8292","1570力肯","110/07/13","凱基-台南",0,11,-11
"8293","1570力肯","110/07/13","摩根大通",26,15,11
"8294","1570力肯","110/07/13","日盛-竹北",0,10,-10
"8295","1570力肯","110/07/13","永豐金-中盛",11,0,11
"8296","1570力肯","110/07/13","國票-九鼎",0,10,-10
"8297","1570力肯","110/07/13","兆豐-台中港",10,0,10
"8298","1570力肯","110/07/13","凱基-桃園",0,10,-10
"8299","1570力肯","110/07/13","國泰-松江",9,0,9
"8300","1570力肯","110/07/13","凱基-新豐",0,10,-10
"8301","1570力肯","110/07/13","元大-新盛",9,0,9
"8302","1570力肯","110/07/13","元大-學甲",0,10,-10
"8303","1570力肯","110/07/13","元富-緯城",6,0,6
"8304","1570力肯","110/07/13","群益金鼎-東湖",1,10,-9
"8305","1570力肯","110/07/13","統一-三重",5,0,5
"8306","1570力肯","110/07/13","大昌",0,6,-6
"8307","1570力肯","110/07/13","元大-前金",5,0,5
"8308","1570力肯","110/07/13","元大-土城學府",0,6,-6
"8309","1570力肯","110/07/13","永豐金證券",5,0,5
"8310","1570力肯","110/07/13","統一",0,5,-5
"8311","6180橘子","110/07/13","摩根大通",119,0,119
"8312","6180橘子","110/07/13","元大-崇德",2,61,-59
"8313","6180橘子","110/07/13","美商高盛",96,0,96
"8314","6180橘子","110/07/13","康和-台中",0,51,-51
"8315","6180橘子","110/07/13","新加坡商瑞銀",86,7,79
"8316","6180橘子","110/07/13","康和-台北",0,50,-50
"8317","6180橘子","110/07/13","元大-和平",40,0,40
"8318","6180橘子","110/07/13","元富-潮州",0,40,-40
"8319","6180橘子","110/07/13","凱基-台北",83,47,36
"8320","6180橘子","110/07/13","日盛-永康",0,26,-26
"8321","6180橘子","110/07/13","美林",39,5,34
"8322","6180橘子","110/07/13","永豐金-中正",0,24,-24
"8323","6180橘子","110/07/13","富邦-新竹華信",31,2,29
"8324","6180橘子","110/07/13","國泰-板橋",2,25,-23
"8325","6180橘子","110/07/13","統一-南京",21,0,21
"8326","6180橘子","110/07/13","日盛-大墩",0,20,-20
"8327","6180橘子","110/07/13","富邦-陽明",24,3,21
"8328","6180橘子","110/07/13","元大-草屯",13,32,-19
"8329","6180橘子","110/07/13","大昌-樹林",21,1,20
"8330","6180橘子","110/07/13","元富-林園",1,18,-17
"8331","6180橘子","110/07/13","花旗環球",19,0,19
"8332","6180橘子","110/07/13","新光-新竹",1,18,-17
"8333","6180橘子","110/07/13","華南永昌-台南",19,0,19
"8334","6180橘子","110/07/13","元大-土城永寧",0,17,-17
"8335","6180橘子","110/07/13","福勝",14,0,14
"8336","6180橘子","110/07/13","國泰-新莊",3,19,-16
"8337","6180橘子","110/07/13","富邦-嘉義",12,1,11
"8338","6180橘子","110/07/13","中國信託-永康",6,21,-15
"8339","6180橘子","110/07/13","元大-板橋三民",11,0,11
"8340","6180橘子","110/07/13","凱基-東港",1,15,-14
"8341","2390云辰","110/07/13","新加坡商瑞銀",562,75,487
"8342","2390云辰","110/07/13","大展-台南",0,532,-532
"8343","2390云辰","110/07/13","台灣摩根士丹利",330,155,175
"8344","2390云辰","110/07/13","凱基-台北",668,854,-186
"8345","2390云辰","110/07/13","兆豐-公益",126,25,101
"8346","2390云辰","110/07/13","凱基-三重",12,172,-160
"8347","2390云辰","110/07/13","元富-中港",100,2,98
"8348","2390云辰","110/07/13","兆豐-忠孝",4,161,-157
"8349","2390云辰","110/07/13","統一-新台中",106,9,97
"8350","2390云辰","110/07/13","元大-士林",19,170,-151
"8351","2390云辰","110/07/13","中國信託-松江",81,11,70
"8352","2390云辰","110/07/13","臺銀-新竹",14,117,-103
"8353","2390云辰","110/07/13","日盛-板橋",72,3,69
"8354","2390云辰","110/07/13","國票-台中",4,102,-98
"8355","2390云辰","110/07/13","日盛-和美",57,0,57
"8356","2390云辰","110/07/13","新光",147,232,-85
"8357","2390云辰","110/07/13","永豐金-桃園",88,36,52
"8358","2390云辰","110/07/13","致和-崇德",2,70,-68
"8359","2390云辰","110/07/13","玉山-士林",54,4,50
"8360","2390云辰","110/07/13","群益金鼎-屏東",2,70,-68
"8361","2390云辰","110/07/13","富邦-仁愛",56,6,50
"8362","2390云辰","110/07/13","元大-大里",35,98,-63
"8363","2390云辰","110/07/13","第一金-豐原",50,1,49
"8364","2390云辰","110/07/13","元大-萬華",35,94,-59
"8365","2390云辰","110/07/13","摩根大通",502,453,49
"8366","2390云辰","110/07/13","元富-吉利",2,60,-58
"8367","2390云辰","110/07/13","凱基-松山",61,13,48
"8368","2390云辰","110/07/13","兆豐-新竹",3,53,-50
"8369","2390云辰","110/07/13","大昌",64,22,42
"8370","2390云辰","110/07/13","富邦-嘉義",65,108,-43
"8371","2363矽統","110/07/13","凱基-南崁",2133,63,2070
"8372","2363矽統","110/07/13","凱基-幸福",36,4048,-4012
"8373","2363矽統","110/07/13","國泰-敦南",2195,1617,578
"8374","2363矽統","110/07/13","統一",192,3325,-3133
"8375","2363矽統","110/07/13","中農",670,139,531
"8376","2363矽統","110/07/13","新加坡商瑞銀",1000,2747,-1747
"8377","2363矽統","110/07/13","康和-台中",638,154,484
"8378","2363矽統","110/07/13","凱基-台北",5359,6609,-1250
"8379","2363矽統","110/07/13","群益金鼎-三民",577,137,440
"8380","2363矽統","110/07/13","摩根大通",1930,2858,-928
"8381","2363矽統","110/07/13","台新-屏東",510,88,422
"8382","2363矽統","110/07/13","港商野村",960,1679,-719
"8383","2363矽統","110/07/13","德信-中正",455,67,388
"8384","2363矽統","110/07/13","兆豐-復興",25,705,-680
"8385","2363矽統","110/07/13","日盛-竹北",365,70,295
"8386","2363矽統","110/07/13","統一-仁愛",114,755,-641
"8387","2363矽統","110/07/13","元大-佳里",452,189,263
"8388","2363矽統","110/07/13","統一-敦南",29,638,-609
"8389","2363矽統","110/07/13","國票-博愛",296,38,258
"8390","2363矽統","110/07/13","統一-土城",100,704,-604
"8391","2363矽統","110/07/13","元大-萬華",340,95,245
"8392","2363矽統","110/07/13","統一-城中",116,676,-560
"8393","2363矽統","110/07/13","新光",1259,1031,228
"8394","2363矽統","110/07/13","永豐金證券",306,859,-553
"8395","2363矽統","110/07/13","元富-成功",323,96,227
"8396","2363矽統","110/07/13","元富",54,567,-513
"8397","2363矽統","110/07/13","豐農",228,23,205
"8398","2363矽統","110/07/13","瑞士信貸",202,666,-464
"8399","2363矽統","110/07/13","台灣企銀-岡山",186,4,182
"8400","2363矽統","110/07/13","永豐金-嘉義",67,468,-401
"8401","8112至上","110/07/13","摩根大通",688,296,392
"8402","8112至上","110/07/13","國票-中和",0,401,-401
"8403","8112至上","110/07/13","港商野村",344,145,199
"8404","8112至上","110/07/13","永豐金-板盛",0,205,-205
"8405","8112至上","110/07/13","兆豐-公益",195,5,190
"8406","8112至上","110/07/13","凱基-五股",43,155,-112
"8407","8112至上","110/07/13","台灣摩根士丹利",183,0,183
"8408","8112至上","110/07/13","凱基-市政",0,100,-100
"8409","8112至上","110/07/13","群益金鼎-敦南",153,2,151
"8410","8112至上","110/07/13","元大-大里德芳",1,92,-91
"8411","8112至上","110/07/13","臺銀-金山",146,26,120
"8412","8112至上","110/07/13","玉山-桃園",26,110,-84
"8413","8112至上","110/07/13","臺銀",133,19,114
"8414","8112至上","110/07/13","兆豐-天母",0,81,-81
"8415","8112至上","110/07/13","合庫-台中",115,6,109
"8416","8112至上","110/07/13","凱基-城中",3,84,-81
"8417","8112至上","110/07/13","亞東-板橋",134,26,108
"8418","8112至上","110/07/13","日盛-新莊",9,85,-76
"8419","8112至上","110/07/13","凱基-台北",414,326,88
"8420","8112至上","110/07/13","日盛-台中",2,64,-62
"8421","8112至上","110/07/13","新加坡商瑞銀",181,100,81
"8422","8112至上","110/07/13","日盛-中壢",3,64,-61
"8423","8112至上","110/07/13","國泰-敦南",108,31,77
"8424","8112至上","110/07/13","元大-台中",2,59,-57
"8425","8112至上","110/07/13","第一金-華江",77,4,73
"8426","8112至上","110/07/13","元大-雙和",7,64,-57
"8427","8112至上","110/07/13","永豐金-內湖",73,1,72
"8428","8112至上","110/07/13","元大-高雄",8,62,-54
"8429","8112至上","110/07/13","元大-永和",68,1,67
"8430","8112至上","110/07/13","元大-館前",2,55,-53
"8431","4903聯光通","110/07/13","台灣企銀-太平",56,0,56
"8432","4903聯光通","110/07/13","土銀",0,32,-32
"8433","4903聯光通","110/07/13","元富-新興",23,0,23
"8434","4903聯光通","110/07/13","元大-樹林",0,19,-19
"8435","4903聯光通","110/07/13","日盛-樹林",22,0,22
"8436","4903聯光通","110/07/13","凱基-士林",0,17,-17
"8437","4903聯光通","110/07/13","兆豐-天母",20,0,20
"8438","4903聯光通","110/07/13","國票-博愛",0,14,-14
"8439","4903聯光通","110/07/13","華南永昌-桃園",20,0,20
"8440","4903聯光通","110/07/13","元富",0,10,-10
"8441","4903聯光通","110/07/13","富邦-新店",10,0,10
"8442","4903聯光通","110/07/13","新光",0,10,-10
"8443","4903聯光通","110/07/13","新光-台中",5,0,5
"8444","4903聯光通","110/07/13","玉山-南京東路",0,10,-10
"8445","4903聯光通","110/07/13","華南永昌-台中",5,0,5
"8446","4903聯光通","110/07/13","富邦-陽明",0,10,-10
"8447","4903聯光通","110/07/13","元大-崇德",5,0,5
"8448","4903聯光通","110/07/13","元大-大甲",0,8,-8
"8449","4903聯光通","110/07/13","元大-草屯",5,0,5
"8450","4903聯光通","110/07/13","富邦-台中",0,7,-7
"8451","4903聯光通","110/07/13","元富-草屯",4,0,4
"8452","4903聯光通","110/07/13","凱基-中壢",0,6,-6
"8453","4903聯光通","110/07/13","元大-清水",4,0,4
"8454","4903聯光通","110/07/13","臺銀-民權",0,5,-5
"8455","4903聯光通","110/07/13","元大-東泰",4,0,4
"8456","4903聯光通","110/07/13","日盛-板橋",0,5,-5
"8457","4903聯光通","110/07/13","元大-佳里",2,0,2
"8458","4903聯光通","110/07/13","中國信託-忠孝",0,5,-5
"8459","4903聯光通","110/07/13","永豐金-板橋",2,0,2
"8460","4903聯光通","110/07/13","永豐金-鳳山",0,5,-5
"8461","2929淘帝","110/07/13","玉山-新竹",130,0,130
"8462","2929淘帝","110/07/13","美商高盛",0,177,-177
"8463","2929淘帝","110/07/13","臺銀-民權",60,0,60
"8464","2929淘帝","110/07/13","凱基-台北",6,80,-74
"8465","2929淘帝","110/07/13","新百王",31,0,31
"8466","2929淘帝","110/07/13","元富-大裕",0,49,-49
"8467","2929淘帝","110/07/13","日盛-園區",30,0,30
"8468","2929淘帝","110/07/13","國泰-館前",3,51,-48
"8469","2929淘帝","110/07/13","元大-南投",31,1,30
"8470","2929淘帝","110/07/13","凱基-中壢",0,41,-41
"8471","2929淘帝","110/07/13","兆豐-忠孝",28,0,28
"8472","2929淘帝","110/07/13","港商野村",21,55,-34
"8473","2929淘帝","110/07/13","元大-民生",28,0,28
"8474","2929淘帝","110/07/13","華南永昌-南京",2,34,-32
"8475","2929淘帝","110/07/13","合庫-高雄",27,0,27
"8476","2929淘帝","110/07/13","群益金鼎-土城",0,30,-30
"8477","2929淘帝","110/07/13","凱基-豐中",27,0,27
"8478","2929淘帝","110/07/13","富邦-南屯",0,22,-22
"8479","2929淘帝","110/07/13","新光",21,4,17
"8480","2929淘帝","110/07/13","第一金-豐原",0,20,-20
"8481","2929淘帝","110/07/13","元大-天母",17,0,17
"8482","2929淘帝","110/07/13","元大-屏南",6,26,-20
"8483","2929淘帝","110/07/13","永興",14,0,14
"8484","2929淘帝","110/07/13","永豐金-敦南",1,21,-20
"8485","2929淘帝","110/07/13","富邦-台北",12,0,12
"8486","2929淘帝","110/07/13","凱基-三重",2,21,-19
"8487","2929淘帝","110/07/13","元大-永和",12,0,12
"8488","2929淘帝","110/07/13","富邦-仁愛",7,25,-18
"8489","2929淘帝","110/07/13","國票-天祥",11,0,11
"8490","2929淘帝","110/07/13","元大-北投",0,16,-16
"8491","5410國眾","110/07/13","兆豐-城中",274,0,274
"8492","5410國眾","110/07/13","元富-嘉義",0,103,-103
"8493","5410國眾","110/07/13","新光",50,4,46
"8494","5410國眾","110/07/13","凱基-台北",0,50,-50
"8495","5410國眾","110/07/13","國泰-台中",26,0,26
"8496","5410國眾","110/07/13","瑞士信貸",0,31,-31
"8497","5410國眾","110/07/13","新加坡商瑞銀",22,0,22
"8498","5410國眾","110/07/13","台新-新莊",0,27,-27
"8499","5410國眾","110/07/13","光和-嘉義",20,0,20
"8500","5410國眾","110/07/13","元大-汐止",0,20,-20
"8501","5410國眾","110/07/13","凱基-竹北",17,0,17
"8502","5410國眾","110/07/13","亞東-新竹",0,17,-17
"8503","5410國眾","110/07/13","新光-桃園",15,0,15
"8504","5410國眾","110/07/13","元大-南勢角",0,13,-13
"8505","5410國眾","110/07/13","凱基-台東",14,0,14
"8506","5410國眾","110/07/13","台新-台南",0,12,-12
"8507","5410國眾","110/07/13","富邦-竹北",11,0,11
"8508","5410國眾","110/07/13","中國信託",0,11,-11
"8509","5410國眾","110/07/13","元富-同大",10,0,10
"8510","5410國眾","110/07/13","華南永昌",0,11,-11
"8511","5410國眾","110/07/13","國泰-敦南",24,15,9
"8512","5410國眾","110/07/13","臺銀-臺南",0,10,-10
"8513","5410國眾","110/07/13","日盛-內湖",7,0,7
"8514","5410國眾","110/07/13","台灣企銀-民雄",0,10,-10
"8515","5410國眾","110/07/13","台新-左楠",7,0,7
"8516","5410國眾","110/07/13","高橋",0,10,-10
"8517","5410國眾","110/07/13","元大-新盛",18,12,6
"8518","5410國眾","110/07/13","康和-嘉義",0,10,-10
"8519","5410國眾","110/07/13","統一",5,0,5
"8520","5410國眾","110/07/13","凱基-基隆",0,10,-10
"8521","2841台開","110/07/13","中國信託-高雄",251,50,201
"8522","2841台開","110/07/13","兆豐-公益",0,177,-177
"8523","2841台開","110/07/13","日盛證券",210,13,197
"8524","2841台開","110/07/13","日進",0,152,-152
"8525","2841台開","110/07/13","第一金-台中",55,0,55
"8526","2841台開","110/07/13","港商野村",0,109,-109
"8527","2841台開","110/07/13","國泰-板橋",46,0,46
"8528","2841台開","110/07/13","日盛-信義",0,103,-103
"8529","2841台開","110/07/13","國泰-館前",48,3,45
"8530","2841台開","110/07/13","國泰-敦南",11,75,-64
"8531","2841台開","110/07/13","華南永昌-新莊",45,0,45
"8532","2841台開","110/07/13","永興",0,50,-50
"8533","2841台開","110/07/13","日盛-園區",42,0,42
"8534","2841台開","110/07/13","永豐金-敦南",61,104,-43
"8535","2841台開","110/07/13","台新證券",32,0,32
"8536","2841台開","110/07/13","富邦-台南",0,42,-42
"8537","2841台開","110/07/13","台新-高雄",32,2,30
"8538","2841台開","110/07/13","國票-安和",0,30,-30
"8539","2841台開","110/07/13","豐農",23,0,23
"8540","2841台開","110/07/13","元大-桃園",0,25,-25
"8541","2841台開","110/07/13","合庫-嘉義",20,0,20
"8542","2841台開","110/07/13","新光",8,32,-24
"8543","2841台開","110/07/13","華南永昌-高雄",20,0,20
"8544","2841台開","110/07/13","元大-仁愛",0,24,-24
"8545","2841台開","110/07/13","元大-樹林",16,0,16
"8546","2841台開","110/07/13","日盛-中和",0,20,-20
"8547","2841台開","110/07/13","第一金-華江",15,2,13
"8548","2841台開","110/07/13","元富",0,20,-20
"8549","2841台開","110/07/13","美商高盛",12,0,12
"8550","2841台開","110/07/13","富邦-宜蘭",0,20,-20
"8551","6207雷科","110/07/13","元大-高雄",121,0,121
"8552","6207雷科","110/07/13","華南永昌-朴子",1,60,-59
"8553","6207雷科","110/07/13","第一金-新興",20,0,20
"8554","6207雷科","110/07/13","元大-南海",0,36,-36
"8555","6207雷科","110/07/13","元富-三重",20,0,20
"8556","6207雷科","110/07/13","凱基-土城",0,35,-35
"8557","6207雷科","110/07/13","元大-林園",15,0,15
"8558","6207雷科","110/07/13","台灣企銀",0,20,-20
"8559","6207雷科","110/07/13","元大-金華",16,1,15
"8560","6207雷科","110/07/13","群益金鼎-丹鳳",0,20,-20
"8561","6207雷科","110/07/13","日盛證券",10,0,10
"8562","6207雷科","110/07/13","元大-博愛",0,17,-17
"8563","6207雷科","110/07/13","統一-台中",10,0,10
"8564","6207雷科","110/07/13","元大-北港",0,13,-13
"8565","6207雷科","110/07/13","群益金鼎-土城",10,0,10
"8566","6207雷科","110/07/13","新加坡商瑞銀",0,12,-12
"8567","6207雷科","110/07/13","群益金鼎-桃園",10,0,10
"8568","6207雷科","110/07/13","凱基-台北",4,16,-12
"8569","6207雷科","110/07/13","永豐金-新莊",10,0,10
"8570","6207雷科","110/07/13","日茂-埔里",0,11,-11
"8571","6207雷科","110/07/13","永豐金-新店",10,0,10
"8572","6207雷科","110/07/13","元大-莒光",0,11,-11
"8573","6207雷科","110/07/13","元大證券",9,0,9
"8574","6207雷科","110/07/13","統一-新竹",0,10,-10
"8575","6207雷科","110/07/13","日盛-木柵",9,1,8
"8576","6207雷科","110/07/13","元大-西螺",0,10,-10
"8577","6207雷科","110/07/13","兆豐-來福",8,0,8
"8578","6207雷科","110/07/13","康和-台中",0,8,-8
"8579","6207雷科","110/07/13","新光",7,0,7
"8580","6207雷科","110/07/13","兆豐-高雄",0,6,-6
"8581","3679新至陞","110/07/13","永豐金證券",50,0,50
"8582","3679新至陞","110/07/13","摩根大通",2,25,-23
"8583","3679新至陞","110/07/13","國泰-桃園",22,0,22
"8584","3679新至陞","110/07/13","元大-成功",0,22,-22
"8585","3679新至陞","110/07/13","台中銀-員林",11,0,11
"8586","3679新至陞","110/07/13","富邦-板橋",1,19,-18
"8587","3679新至陞","110/07/13","元大-文心興安",8,0,8
"8588","3679新至陞","110/07/13","日盛-新莊",0,10,-10
"8589","3679新至陞","110/07/13","美商高盛",6,0,6
"8590","3679新至陞","110/07/13","台新-台中",0,10,-10
"8591","3679新至陞","110/07/13","台新-高雄",6,0,6
"8592","3679新至陞","110/07/13","永豐金-新竹",0,8,-8
"8593","3679新至陞","110/07/13","凱基-台北",18,12,6
"8594","3679新至陞","110/07/13","瑞士信貸",12,19,-7
"8595","3679新至陞","110/07/13","日盛-復興",5,0,5
"8596","3679新至陞","110/07/13","統一-南京",0,7,-7
"8597","3679新至陞","110/07/13","(牛牛牛)亞-鑫豐",4,0,4
"8598","3679新至陞","110/07/13","凱基-新莊",0,7,-7
"8599","3679新至陞","110/07/13","元富-大昌",3,0,3
"8600","3679新至陞","110/07/13","新加坡商瑞銀",0,6,-6
"8601","3679新至陞","110/07/13","富邦-台北",3,0,3
"8602","3679新至陞","110/07/13","合庫-自強",0,5,-5
"8603","3679新至陞","110/07/13","日盛-樹林",2,0,2
"8604","3679新至陞","110/07/13","富邦-桃園",0,5,-5
"8605","3679新至陞","110/07/13","宏遠-光隆",2,0,2
"8606","3679新至陞","110/07/13","永豐金-潮州",0,4,-4
"8607","3679新至陞","110/07/13","美林",3,1,2
"8608","3679新至陞","110/07/13","臺銀-臺南",0,3,-3
"8609","3679新至陞","110/07/13","第一金-中壢",2,0,2
"8610","3679新至陞","110/07/13","元大-六合",0,3,-3
"8611","2727王品","110/07/13","富邦-台北",43,3,40
"8612","2727王品","110/07/13","台灣摩根士丹利",15,97,-82
"8613","2727王品","110/07/13","元大-基隆孝二",40,0,40
"8614","2727王品","110/07/13","玉山-台南",5,57,-52
"8615","2727王品","110/07/13","國票-新莊",40,1,39
"8616","2727王品","110/07/13","新加坡商瑞銀",0,48,-48
"8617","2727王品","110/07/13","第一金-豐原",66,42,24
"8618","2727王品","110/07/13","凱基-台北",41,77,-36
"8619","2727王品","110/07/13","永豐金-大園",34,10,24
"8620","2727王品","110/07/13","永豐金-永康",0,22,-22
"8621","2727王品","110/07/13","元大-北屯",22,0,22
"8622","2727王品","110/07/13","統一-台中",2,22,-20
"8623","2727王品","110/07/13","元大-東蘆",26,7,19
"8624","2727王品","110/07/13","國泰-台中",21,39,-18
"8625","2727王品","110/07/13","永豐金-萬盛",13,1,12
"8626","2727王品","110/07/13","合庫-彰化",3,20,-17
"8627","2727王品","110/07/13","日盛-嘉義",11,0,11
"8628","2727王品","110/07/13","港商野村",13,30,-17
"8629","2727王品","110/07/13","日盛-八德",11,0,11
"8630","2727王品","110/07/13","元大-楊梅",1,16,-15
"8631","2727王品","110/07/13","統一-竹南",11,0,11
"8632","2727王品","110/07/13","凱基-高美館",2,15,-13
"8633","2727王品","110/07/13","日盛-士林",12,2,10
"8634","2727王品","110/07/13","美商高盛",2,14,-12
"8635","2727王品","110/07/13","統一-敦南",10,0,10
"8636","2727王品","110/07/13","統一-平鎮",1,13,-12
"8637","2727王品","110/07/13","中國信託",15,5,10
"8638","2727王品","110/07/13","兆豐-台中港",4,16,-12
"8639","2727王品","110/07/13","兆豐-竹北",13,3,10
"8640","2727王品","110/07/13","凱基-八德",1,13,-12
"8641","1570力肯","110/07/13","新光",115,11,104
"8642","1570力肯","110/07/13","元大-北三重",0,162,-162
"8643","1570力肯","110/07/13","群益金鼎-高雄",54,0,54
"8644","1570力肯","110/07/13","元大-大灣",0,25,-25
"8645","1570力肯","110/07/13","國票-新莊",22,0,22
"8646","1570力肯","110/07/13","永豐金-苓雅",0,22,-22
"8647","1570力肯","110/07/13","日盛-桃園",12,0,12
"8648","1570力肯","110/07/13","永豐金-永康",0,19,-19
"8649","1570力肯","110/07/13","元大-高雄",12,0,12
"8650","1570力肯","110/07/13","富邦-員林",0,15,-15
"8651","1570力肯","110/07/13","合庫-自強",11,0,11
"8652","1570力肯","110/07/13","凱基-台南",0,11,-11
"8653","1570力肯","110/07/13","摩根大通",26,15,11
"8654","1570力肯","110/07/13","日盛-竹北",0,10,-10
"8655","1570力肯","110/07/13","永豐金-中盛",11,0,11
"8656","1570力肯","110/07/13","國票-九鼎",0,10,-10
"8657","1570力肯","110/07/13","兆豐-台中港",10,0,10
"8658","1570力肯","110/07/13","凱基-桃園",0,10,-10
"8659","1570力肯","110/07/13","國泰-松江",9,0,9
"8660","1570力肯","110/07/13","凱基-新豐",0,10,-10
"8661","1570力肯","110/07/13","元大-新盛",9,0,9
"8662","1570力肯","110/07/13","元大-學甲",0,10,-10
"8663","1570力肯","110/07/13","元富-緯城",6,0,6
"8664","1570力肯","110/07/13","群益金鼎-東湖",1,10,-9
"8665","1570力肯","110/07/13","統一-三重",5,0,5
"8666","1570力肯","110/07/13","大昌",0,6,-6
"8667","1570力肯","110/07/13","元大-前金",5,0,5
"8668","1570力肯","110/07/13","元大-土城學府",0,6,-6
"8669","1570力肯","110/07/13","永豐金證券",5,0,5
"8670","1570力肯","110/07/13","統一",0,5,-5
"8671","6180橘子","110/07/13","摩根大通",119,0,119
"8672","6180橘子","110/07/13","元大-崇德",2,61,-59
"8673","6180橘子","110/07/13","美商高盛",96,0,96
"8674","6180橘子","110/07/13","康和-台中",0,51,-51
"8675","6180橘子","110/07/13","新加坡商瑞銀",86,7,79
"8676","6180橘子","110/07/13","康和-台北",0,50,-50
"8677","6180橘子","110/07/13","元大-和平",40,0,40
"8678","6180橘子","110/07/13","元富-潮州",0,40,-40
"8679","6180橘子","110/07/13","凱基-台北",83,47,36
"8680","6180橘子","110/07/13","日盛-永康",0,26,-26
"8681","6180橘子","110/07/13","美林",39,5,34
"8682","6180橘子","110/07/13","永豐金-中正",0,24,-24
"8683","6180橘子","110/07/13","富邦-新竹華信",31,2,29
"8684","6180橘子","110/07/13","國泰-板橋",2,25,-23
"8685","6180橘子","110/07/13","統一-南京",21,0,21
"8686","6180橘子","110/07/13","日盛-大墩",0,20,-20
"8687","6180橘子","110/07/13","富邦-陽明",24,3,21
"8688","6180橘子","110/07/13","元大-草屯",13,32,-19
"8689","6180橘子","110/07/13","大昌-樹林",21,1,20
"8690","6180橘子","110/07/13","元富-林園",1,18,-17
"8691","6180橘子","110/07/13","花旗環球",19,0,19
"8692","6180橘子","110/07/13","新光-新竹",1,18,-17
"8693","6180橘子","110/07/13","華南永昌-台南",19,0,19
"8694","6180橘子","110/07/13","元大-土城永寧",0,17,-17
"8695","6180橘子","110/07/13","福勝",14,0,14
"8696","6180橘子","110/07/13","國泰-新莊",3,19,-16
"8697","6180橘子","110/07/13","富邦-嘉義",12,1,11
"8698","6180橘子","110/07/13","中國信託-永康",6,21,-15
"8699","6180橘子","110/07/13","元大-板橋三民",11,0,11
"8700","6180橘子","110/07/13","凱基-東港",1,15,-14
"8701","2390云辰","110/07/13","新加坡商瑞銀",562,75,487
"8702","2390云辰","110/07/13","大展-台南",0,532,-532
"8703","2390云辰","110/07/13","台灣摩根士丹利",330,155,175
"8704","2390云辰","110/07/13","凱基-台北",668,854,-186
"8705","2390云辰","110/07/13","兆豐-公益",126,25,101
"8706","2390云辰","110/07/13","凱基-三重",12,172,-160
"8707","2390云辰","110/07/13","元富-中港",100,2,98
"8708","2390云辰","110/07/13","兆豐-忠孝",4,161,-157
"8709","2390云辰","110/07/13","統一-新台中",106,9,97
"8710","2390云辰","110/07/13","元大-士林",19,170,-151
"8711","2390云辰","110/07/13","中國信託-松江",81,11,70
"8712","2390云辰","110/07/13","臺銀-新竹",14,117,-103
"8713","2390云辰","110/07/13","日盛-板橋",72,3,69
"8714","2390云辰","110/07/13","國票-台中",4,102,-98
"8715","2390云辰","110/07/13","日盛-和美",57,0,57
"8716","2390云辰","110/07/13","新光",147,232,-85
"8717","2390云辰","110/07/13","永豐金-桃園",88,36,52
"8718","2390云辰","110/07/13","致和-崇德",2,70,-68
"8719","2390云辰","110/07/13","玉山-士林",54,4,50
"8720","2390云辰","110/07/13","群益金鼎-屏東",2,70,-68
"8721","2390云辰","110/07/13","富邦-仁愛",56,6,50
"8722","2390云辰","110/07/13","元大-大里",35,98,-63
"8723","2390云辰","110/07/13","第一金-豐原",50,1,49
"8724","2390云辰","110/07/13","元大-萬華",35,94,-59
"8725","2390云辰","110/07/13","摩根大通",502,453,49
"8726","2390云辰","110/07/13","元富-吉利",2,60,-58
"8727","2390云辰","110/07/13","凱基-松山",61,13,48
"8728","2390云辰","110/07/13","兆豐-新竹",3,53,-50
"8729","2390云辰","110/07/13","大昌",64,22,42
"8730","2390云辰","110/07/13","富邦-嘉義",65,108,-43
"8731","2363矽統","110/07/13","凱基-南崁",2133,63,2070
"8732","2363矽統","110/07/13","凱基-幸福",36,4048,-4012
"8733","2363矽統","110/07/13","國泰-敦南",2195,1617,578
"8734","2363矽統","110/07/13","統一",192,3325,-3133
"8735","2363矽統","110/07/13","中農",670,139,531
"8736","2363矽統","110/07/13","新加坡商瑞銀",1000,2747,-1747
"8737","2363矽統","110/07/13","康和-台中",638,154,484
"8738","2363矽統","110/07/13","凱基-台北",5359,6609,-1250
"8739","2363矽統","110/07/13","群益金鼎-三民",577,137,440
"8740","2363矽統","110/07/13","摩根大通",1930,2858,-928
"8741","2363矽統","110/07/13","台新-屏東",510,88,422
"8742","2363矽統","110/07/13","港商野村",960,1679,-719
"8743","2363矽統","110/07/13","德信-中正",455,67,388
"8744","2363矽統","110/07/13","兆豐-復興",25,705,-680
"8745","2363矽統","110/07/13","日盛-竹北",365,70,295
"8746","2363矽統","110/07/13","統一-仁愛",114,755,-641
"8747","2363矽統","110/07/13","元大-佳里",452,189,263
"8748","2363矽統","110/07/13","統一-敦南",29,638,-609
"8749","2363矽統","110/07/13","國票-博愛",296,38,258
"8750","2363矽統","110/07/13","統一-土城",100,704,-604
"8751","2363矽統","110/07/13","元大-萬華",340,95,245
"8752","2363矽統","110/07/13","統一-城中",116,676,-560
"8753","2363矽統","110/07/13","新光",1259,1031,228
"8754","2363矽統","110/07/13","永豐金證券",306,859,-553
"8755","2363矽統","110/07/13","元富-成功",323,96,227
"8756","2363矽統","110/07/13","元富",54,567,-513
"8757","2363矽統","110/07/13","豐農",228,23,205
"8758","2363矽統","110/07/13","瑞士信貸",202,666,-464
"8759","2363矽統","110/07/13","台灣企銀-岡山",186,4,182
"8760","2363矽統","110/07/13","永豐金-嘉義",67,468,-401
"8761","8112至上","110/07/13","摩根大通",688,296,392
"8762","8112至上","110/07/13","國票-中和",0,401,-401
"8763","8112至上","110/07/13","港商野村",344,145,199
"8764","8112至上","110/07/13","永豐金-板盛",0,205,-205
"8765","8112至上","110/07/13","兆豐-公益",195,5,190
"8766","8112至上","110/07/13","凱基-五股",43,155,-112
"8767","8112至上","110/07/13","台灣摩根士丹利",183,0,183
"8768","8112至上","110/07/13","凱基-市政",0,100,-100
"8769","8112至上","110/07/13","群益金鼎-敦南",153,2,151
"8770","8112至上","110/07/13","元大-大里德芳",1,92,-91
"8771","8112至上","110/07/13","臺銀-金山",146,26,120
"8772","8112至上","110/07/13","玉山-桃園",26,110,-84
"8773","8112至上","110/07/13","臺銀",133,19,114
"8774","8112至上","110/07/13","兆豐-天母",0,81,-81
"8775","8112至上","110/07/13","合庫-台中",115,6,109
"8776","8112至上","110/07/13","凱基-城中",3,84,-81
"8777","8112至上","110/07/13","亞東-板橋",134,26,108
"8778","8112至上","110/07/13","日盛-新莊",9,85,-76
"8779","8112至上","110/07/13","凱基-台北",414,326,88
"8780","8112至上","110/07/13","日盛-台中",2,64,-62
"8781","8112至上","110/07/13","新加坡商瑞銀",181,100,81
"8782","8112至上","110/07/13","日盛-中壢",3,64,-61
"8783","8112至上","110/07/13","國泰-敦南",108,31,77
"8784","8112至上","110/07/13","元大-台中",2,59,-57
"8785","8112至上","110/07/13","第一金-華江",77,4,73
"8786","8112至上","110/07/13","元大-雙和",7,64,-57
"8787","8112至上","110/07/13","永豐金-內湖",73,1,72
"8788","8112至上","110/07/13","元大-高雄",8,62,-54
"8789","8112至上","110/07/13","元大-永和",68,1,67
"8790","8112至上","110/07/13","元大-館前",2,55,-53
"8791","4903聯光通","110/07/13","台灣企銀-太平",56,0,56
"8792","4903聯光通","110/07/13","土銀",0,32,-32
"8793","4903聯光通","110/07/13","元富-新興",23,0,23
"8794","4903聯光通","110/07/13","元大-樹林",0,19,-19
"8795","4903聯光通","110/07/13","日盛-樹林",22,0,22
"8796","4903聯光通","110/07/13","凱基-士林",0,17,-17
"8797","4903聯光通","110/07/13","兆豐-天母",20,0,20
"8798","4903聯光通","110/07/13","國票-博愛",0,14,-14
"8799","4903聯光通","110/07/13","華南永昌-桃園",20,0,20
"8800","4903聯光通","110/07/13","元富",0,10,-10
"8801","4903聯光通","110/07/13","富邦-新店",10,0,10
"8802","4903聯光通","110/07/13","新光",0,10,-10
"8803","4903聯光通","110/07/13","新光-台中",5,0,5
"8804","4903聯光通","110/07/13","玉山-南京東路",0,10,-10
"8805","4903聯光通","110/07/13","華南永昌-台中",5,0,5
"8806","4903聯光通","110/07/13","富邦-陽明",0,10,-10
"8807","4903聯光通","110/07/13","元大-崇德",5,0,5
"8808","4903聯光通","110/07/13","元大-大甲",0,8,-8
"8809","4903聯光通","110/07/13","元大-草屯",5,0,5
"8810","4903聯光通","110/07/13","富邦-台中",0,7,-7
"8811","4903聯光通","110/07/13","元富-草屯",4,0,4
"8812","4903聯光通","110/07/13","凱基-中壢",0,6,-6
"8813","4903聯光通","110/07/13","元大-清水",4,0,4
"8814","4903聯光通","110/07/13","臺銀-民權",0,5,-5
"8815","4903聯光通","110/07/13","元大-東泰",4,0,4
"8816","4903聯光通","110/07/13","日盛-板橋",0,5,-5
"8817","4903聯光通","110/07/13","元大-佳里",2,0,2
"8818","4903聯光通","110/07/13","中國信託-忠孝",0,5,-5
"8819","4903聯光通","110/07/13","永豐金-板橋",2,0,2
"8820","4903聯光通","110/07/13","永豐金-鳳山",0,5,-5
"8821","2929淘帝","110/07/13","玉山-新竹",130,0,130
"8822","2929淘帝","110/07/13","美商高盛",0,177,-177
"8823","2929淘帝","110/07/13","臺銀-民權",60,0,60
"8824","2929淘帝","110/07/13","凱基-台北",6,80,-74
"8825","2929淘帝","110/07/13","新百王",31,0,31
"8826","2929淘帝","110/07/13","元富-大裕",0,49,-49
"8827","2929淘帝","110/07/13","日盛-園區",30,0,30
"8828","2929淘帝","110/07/13","國泰-館前",3,51,-48
"8829","2929淘帝","110/07/13","元大-南投",31,1,30
"8830","2929淘帝","110/07/13","凱基-中壢",0,41,-41
"8831","2929淘帝","110/07/13","兆豐-忠孝",28,0,28
"8832","2929淘帝","110/07/13","港商野村",21,55,-34
"8833","2929淘帝","110/07/13","元大-民生",28,0,28
"8834","2929淘帝","110/07/13","華南永昌-南京",2,34,-32
"8835","2929淘帝","110/07/13","合庫-高雄",27,0,27
"8836","2929淘帝","110/07/13","群益金鼎-土城",0,30,-30
"8837","2929淘帝","110/07/13","凱基-豐中",27,0,27
"8838","2929淘帝","110/07/13","富邦-南屯",0,22,-22
"8839","2929淘帝","110/07/13","新光",21,4,17
"8840","2929淘帝","110/07/13","第一金-豐原",0,20,-20
"8841","2929淘帝","110/07/13","元大-天母",17,0,17
"8842","2929淘帝","110/07/13","元大-屏南",6,26,-20
"8843","2929淘帝","110/07/13","永興",14,0,14
"8844","2929淘帝","110/07/13","永豐金-敦南",1,21,-20
"8845","2929淘帝","110/07/13","富邦-台北",12,0,12
"8846","2929淘帝","110/07/13","凱基-三重",2,21,-19
"8847","2929淘帝","110/07/13","元大-永和",12,0,12
"8848","2929淘帝","110/07/13","富邦-仁愛",7,25,-18
"8849","2929淘帝","110/07/13","國票-天祥",11,0,11
"8850","2929淘帝","110/07/13","元大-北投",0,16,-16
"8851","5410國眾","110/07/13","兆豐-城中",274,0,274
"8852","5410國眾","110/07/13","元富-嘉義",0,103,-103
"8853","5410國眾","110/07/13","新光",50,4,46
"8854","5410國眾","110/07/13","凱基-台北",0,50,-50
"8855","5410國眾","110/07/13","國泰-台中",26,0,26
"8856","5410國眾","110/07/13","瑞士信貸",0,31,-31
"8857","5410國眾","110/07/13","新加坡商瑞銀",22,0,22
"8858","5410國眾","110/07/13","台新-新莊",0,27,-27
"8859","5410國眾","110/07/13","光和-嘉義",20,0,20
"8860","5410國眾","110/07/13","元大-汐止",0,20,-20
"8861","5410國眾","110/07/13","凱基-竹北",17,0,17
"8862","5410國眾","110/07/13","亞東-新竹",0,17,-17
"8863","5410國眾","110/07/13","新光-桃園",15,0,15
"8864","5410國眾","110/07/13","元大-南勢角",0,13,-13
"8865","5410國眾","110/07/13","凱基-台東",14,0,14
"8866","5410國眾","110/07/13","台新-台南",0,12,-12
"8867","5410國眾","110/07/13","富邦-竹北",11,0,11
"8868","5410國眾","110/07/13","中國信託",0,11,-11
"8869","5410國眾","110/07/13","元富-同大",10,0,10
"8870","5410國眾","110/07/13","華南永昌",0,11,-11
"8871","5410國眾","110/07/13","國泰-敦南",24,15,9
"8872","5410國眾","110/07/13","臺銀-臺南",0,10,-10
"8873","5410國眾","110/07/13","日盛-內湖",7,0,7
"8874","5410國眾","110/07/13","台灣企銀-民雄",0,10,-10
"8875","5410國眾","110/07/13","台新-左楠",7,0,7
"8876","5410國眾","110/07/13","高橋",0,10,-10
"8877","5410國眾","110/07/13","元大-新盛",18,12,6
"8878","5410國眾","110/07/13","康和-嘉義",0,10,-10
"8879","5410國眾","110/07/13","統一",5,0,5
"8880","5410國眾","110/07/13","凱基-基隆",0,10,-10
"8881","2841台開","110/07/13","中國信託-高雄",251,50,201
"8882","2841台開","110/07/13","兆豐-公益",0,177,-177
"8883","2841台開","110/07/13","日盛證券",210,13,197
"8884","2841台開","110/07/13","日進",0,152,-152
"8885","2841台開","110/07/13","第一金-台中",55,0,55
"8886","2841台開","110/07/13","港商野村",0,109,-109
"8887","2841台開","110/07/13","國泰-板橋",46,0,46
"8888","2841台開","110/07/13","日盛-信義",0,103,-103
"8889","2841台開","110/07/13","國泰-館前",48,3,45
"8890","2841台開","110/07/13","國泰-敦南",11,75,-64
"8891","2841台開","110/07/13","華南永昌-新莊",45,0,45
"8892","2841台開","110/07/13","永興",0,50,-50
"8893","2841台開","110/07/13","日盛-園區",42,0,42
"8894","2841台開","110/07/13","永豐金-敦南",61,104,-43
"8895","2841台開","110/07/13","台新證券",32,0,32
"8896","2841台開","110/07/13","富邦-台南",0,42,-42
"8897","2841台開","110/07/13","台新-高雄",32,2,30
"8898","2841台開","110/07/13","國票-安和",0,30,-30
"8899","2841台開","110/07/13","豐農",23,0,23
"8900","2841台開","110/07/13","元大-桃園",0,25,-25
"8901","2841台開","110/07/13","合庫-嘉義",20,0,20
"8902","2841台開","110/07/13","新光",8,32,-24
"8903","2841台開","110/07/13","華南永昌-高雄",20,0,20
"8904","2841台開","110/07/13","元大-仁愛",0,24,-24
"8905","2841台開","110/07/13","元大-樹林",16,0,16
"8906","2841台開","110/07/13","日盛-中和",0,20,-20
"8907","2841台開","110/07/13","第一金-華江",15,2,13
"8908","2841台開","110/07/13","元富",0,20,-20
"8909","2841台開","110/07/13","美商高盛",12,0,12
"8910","2841台開","110/07/13","富邦-宜蘭",0,20,-20
"8911","6207雷科","110/07/13","元大-高雄",121,0,121
"8912","6207雷科","110/07/13","華南永昌-朴子",1,60,-59
"8913","6207雷科","110/07/13","第一金-新興",20,0,20
"8914","6207雷科","110/07/13","元大-南海",0,36,-36
"8915","6207雷科","110/07/13","元富-三重",20,0,20
"8916","6207雷科","110/07/13","凱基-土城",0,35,-35
"8917","6207雷科","110/07/13","元大-林園",15,0,15
"8918","6207雷科","110/07/13","台灣企銀",0,20,-20
"8919","6207雷科","110/07/13","元大-金華",16,1,15
"8920","6207雷科","110/07/13","群益金鼎-丹鳳",0,20,-20
"8921","6207雷科","110/07/13","日盛證券",10,0,10
"8922","6207雷科","110/07/13","元大-博愛",0,17,-17
"8923","6207雷科","110/07/13","統一-台中",10,0,10
"8924","6207雷科","110/07/13","元大-北港",0,13,-13
"8925","6207雷科","110/07/13","群益金鼎-土城",10,0,10
"8926","6207雷科","110/07/13","新加坡商瑞銀",0,12,-12
"8927","6207雷科","110/07/13","群益金鼎-桃園",10,0,10
"8928","6207雷科","110/07/13","凱基-台北",4,16,-12
"8929","6207雷科","110/07/13","永豐金-新莊",10,0,10
"8930","6207雷科","110/07/13","日茂-埔里",0,11,-11
"8931","6207雷科","110/07/13","永豐金-新店",10,0,10
"8932","6207雷科","110/07/13","元大-莒光",0,11,-11
"8933","6207雷科","110/07/13","元大證券",9,0,9
"8934","6207雷科","110/07/13","統一-新竹",0,10,-10
"8935","6207雷科","110/07/13","日盛-木柵",9,1,8
"8936","6207雷科","110/07/13","元大-西螺",0,10,-10
"8937","6207雷科","110/07/13","兆豐-來福",8,0,8
"8938","6207雷科","110/07/13","康和-台中",0,8,-8
"8939","6207雷科","110/07/13","新光",7,0,7
"8940","6207雷科","110/07/13","兆豐-高雄",0,6,-6
"8941","3679新至陞","110/07/13","永豐金證券",50,0,50
"8942","3679新至陞","110/07/13","摩根大通",2,25,-23
"8943","3679新至陞","110/07/13","國泰-桃園",22,0,22
"8944","3679新至陞","110/07/13","元大-成功",0,22,-22
"8945","3679新至陞","110/07/13","台中銀-員林",11,0,11
"8946","3679新至陞","110/07/13","富邦-板橋",1,19,-18
"8947","3679新至陞","110/07/13","元大-文心興安",8,0,8
"8948","3679新至陞","110/07/13","日盛-新莊",0,10,-10
"8949","3679新至陞","110/07/13","美商高盛",6,0,6
"8950","3679新至陞","110/07/13","台新-台中",0,10,-10
"8951","3679新至陞","110/07/13","台新-高雄",6,0,6
"8952","3679新至陞","110/07/13","永豐金-新竹",0,8,-8
"8953","3679新至陞","110/07/13","凱基-台北",18,12,6
"8954","3679新至陞","110/07/13","瑞士信貸",12,19,-7
"8955","3679新至陞","110/07/13","日盛-復興",5,0,5
"8956","3679新至陞","110/07/13","統一-南京",0,7,-7
"8957","3679新至陞","110/07/13","(牛牛牛)亞-鑫豐",4,0,4
"8958","3679新至陞","110/07/13","凱基-新莊",0,7,-7
"8959","3679新至陞","110/07/13","元富-大昌",3,0,3
"8960","3679新至陞","110/07/13","新加坡商瑞銀",0,6,-6
"8961","3679新至陞","110/07/13","富邦-台北",3,0,3
"8962","3679新至陞","110/07/13","合庫-自強",0,5,-5
"8963","3679新至陞","110/07/13","日盛-樹林",2,0,2
"8964","3679新至陞","110/07/13","富邦-桃園",0,5,-5
"8965","3679新至陞","110/07/13","宏遠-光隆",2,0,2
"8966","3679新至陞","110/07/13","永豐金-潮州",0,4,-4
"8967","3679新至陞","110/07/13","美林",3,1,2
"8968","3679新至陞","110/07/13","臺銀-臺南",0,3,-3
"8969","3679新至陞","110/07/13","第一金-中壢",2,0,2
"8970","3679新至陞","110/07/13","元大-六合",0,3,-3
"8971","2727王品","110/07/13","富邦-台北",43,3,40
"8972","2727王品","110/07/13","台灣摩根士丹利",15,97,-82
"8973","2727王品","110/07/13","元大-基隆孝二",40,0,40
"8974","2727王品","110/07/13","玉山-台南",5,57,-52
"8975","2727王品","110/07/13","國票-新莊",40,1,39
"8976","2727王品","110/07/13","新加坡商瑞銀",0,48,-48
"8977","2727王品","110/07/13","第一金-豐原",66,42,24
"8978","2727王品","110/07/13","凱基-台北",41,77,-36
"8979","2727王品","110/07/13","永豐金-大園",34,10,24
"8980","2727王品","110/07/13","永豐金-永康",0,22,-22
"8981","2727王品","110/07/13","元大-北屯",22,0,22
"8982","2727王品","110/07/13","統一-台中",2,22,-20
"8983","2727王品","110/07/13","元大-東蘆",26,7,19
"8984","2727王品","110/07/13","國泰-台中",21,39,-18
"8985","2727王品","110/07/13","永豐金-萬盛",13,1,12
"8986","2727王品","110/07/13","合庫-彰化",3,20,-17
"8987","2727王品","110/07/13","日盛-嘉義",11,0,11
"8988","2727王品","110/07/13","港商野村",13,30,-17
"8989","2727王品","110/07/13","日盛-八德",11,0,11
"8990","2727王品","110/07/13","元大-楊梅",1,16,-15
"8991","2727王品","110/07/13","統一-竹南",11,0,11
"8992","2727王品","110/07/13","凱基-高美館",2,15,-13
"8993","2727王品","110/07/13","日盛-士林",12,2,10
"8994","2727王品","110/07/13","美商高盛",2,14,-12
"8995","2727王品","110/07/13","統一-敦南",10,0,10
"8996","2727王品","110/07/13","統一-平鎮",1,13,-12
"8997","2727王品","110/07/13","中國信託",15,5,10
"8998","2727王品","110/07/13","兆豐-台中港",4,16,-12
"8999","2727王品","110/07/13","兆豐-竹北",13,3,10
"9000","2727王品","110/07/13","凱基-八德",1,13,-12
"9001","1570力肯","110/07/13","新光",115,11,104
"9002","1570力肯","110/07/13","元大-北三重",0,162,-162
"9003","1570力肯","110/07/13","群益金鼎-高雄",54,0,54
"9004","1570力肯","110/07/13","元大-大灣",0,25,-25
"9005","1570力肯","110/07/13","國票-新莊",22,0,22
"9006","1570力肯","110/07/13","永豐金-苓雅",0,22,-22
"9007","1570力肯","110/07/13","日盛-桃園",12,0,12
"9008","1570力肯","110/07/13","永豐金-永康",0,19,-19
"9009","1570力肯","110/07/13","元大-高雄",12,0,12
"9010","1570力肯","110/07/13","富邦-員林",0,15,-15
"9011","1570力肯","110/07/13","合庫-自強",11,0,11
"9012","1570力肯","110/07/13","凱基-台南",0,11,-11
"9013","1570力肯","110/07/13","摩根大通",26,15,11
"9014","1570力肯","110/07/13","日盛-竹北",0,10,-10
"9015","1570力肯","110/07/13","永豐金-中盛",11,0,11
"9016","1570力肯","110/07/13","國票-九鼎",0,10,-10
"9017","1570力肯","110/07/13","兆豐-台中港",10,0,10
"9018","1570力肯","110/07/13","凱基-桃園",0,10,-10
"9019","1570力肯","110/07/13","國泰-松江",9,0,9
"9020","1570力肯","110/07/13","凱基-新豐",0,10,-10
"9021","1570力肯","110/07/13","元大-新盛",9,0,9
"9022","1570力肯","110/07/13","元大-學甲",0,10,-10
"9023","1570力肯","110/07/13","元富-緯城",6,0,6
"9024","1570力肯","110/07/13","群益金鼎-東湖",1,10,-9
"9025","1570力肯","110/07/13","統一-三重",5,0,5
"9026","1570力肯","110/07/13","大昌",0,6,-6
"9027","1570力肯","110/07/13","元大-前金",5,0,5
"9028","1570力肯","110/07/13","元大-土城學府",0,6,-6
"9029","1570力肯","110/07/13","永豐金證券",5,0,5
"9030","1570力肯","110/07/13","統一",0,5,-5
"9031","6180橘子","110/07/13","摩根大通",119,0,119
"9032","6180橘子","110/07/13","元大-崇德",2,61,-59
"9033","6180橘子","110/07/13","美商高盛",96,0,96
"9034","6180橘子","110/07/13","康和-台中",0,51,-51
"9035","6180橘子","110/07/13","新加坡商瑞銀",86,7,79
"9036","6180橘子","110/07/13","康和-台北",0,50,-50
"9037","6180橘子","110/07/13","元大-和平",40,0,40
"9038","6180橘子","110/07/13","元富-潮州",0,40,-40
"9039","6180橘子","110/07/13","凱基-台北",83,47,36
"9040","6180橘子","110/07/13","日盛-永康",0,26,-26
"9041","6180橘子","110/07/13","美林",39,5,34
"9042","6180橘子","110/07/13","永豐金-中正",0,24,-24
"9043","6180橘子","110/07/13","富邦-新竹華信",31,2,29
"9044","6180橘子","110/07/13","國泰-板橋",2,25,-23
"9045","6180橘子","110/07/13","統一-南京",21,0,21
"9046","6180橘子","110/07/13","日盛-大墩",0,20,-20
"9047","6180橘子","110/07/13","富邦-陽明",24,3,21
"9048","6180橘子","110/07/13","元大-草屯",13,32,-19
"9049","6180橘子","110/07/13","大昌-樹林",21,1,20
"9050","6180橘子","110/07/13","元富-林園",1,18,-17
"9051","6180橘子","110/07/13","花旗環球",19,0,19
"9052","6180橘子","110/07/13","新光-新竹",1,18,-17
"9053","6180橘子","110/07/13","華南永昌-台南",19,0,19
"9054","6180橘子","110/07/13","元大-土城永寧",0,17,-17
"9055","6180橘子","110/07/13","福勝",14,0,14
"9056","6180橘子","110/07/13","國泰-新莊",3,19,-16
"9057","6180橘子","110/07/13","富邦-嘉義",12,1,11
"9058","6180橘子","110/07/13","中國信託-永康",6,21,-15
"9059","6180橘子","110/07/13","元大-板橋三民",11,0,11
"9060","6180橘子","110/07/13","凱基-東港",1,15,-14
"9061","2390云辰","110/07/13","新加坡商瑞銀",562,75,487
"9062","2390云辰","110/07/13","大展-台南",0,532,-532
"9063","2390云辰","110/07/13","台灣摩根士丹利",330,155,175
"9064","2390云辰","110/07/13","凱基-台北",668,854,-186
"9065","2390云辰","110/07/13","兆豐-公益",126,25,101
"9066","2390云辰","110/07/13","凱基-三重",12,172,-160
"9067","2390云辰","110/07/13","元富-中港",100,2,98
"9068","2390云辰","110/07/13","兆豐-忠孝",4,161,-157
"9069","2390云辰","110/07/13","統一-新台中",106,9,97
"9070","2390云辰","110/07/13","元大-士林",19,170,-151
"9071","2390云辰","110/07/13","中國信託-松江",81,11,70
"9072","2390云辰","110/07/13","臺銀-新竹",14,117,-103
"9073","2390云辰","110/07/13","日盛-板橋",72,3,69
"9074","2390云辰","110/07/13","國票-台中",4,102,-98
"9075","2390云辰","110/07/13","日盛-和美",57,0,57
"9076","2390云辰","110/07/13","新光",147,232,-85
"9077","2390云辰","110/07/13","永豐金-桃園",88,36,52
"9078","2390云辰","110/07/13","致和-崇德",2,70,-68
"9079","2390云辰","110/07/13","玉山-士林",54,4,50
"9080","2390云辰","110/07/13","群益金鼎-屏東",2,70,-68
"9081","2390云辰","110/07/13","富邦-仁愛",56,6,50
"9082","2390云辰","110/07/13","元大-大里",35,98,-63
"9083","2390云辰","110/07/13","第一金-豐原",50,1,49
"9084","2390云辰","110/07/13","元大-萬華",35,94,-59
"9085","2390云辰","110/07/13","摩根大通",502,453,49
"9086","2390云辰","110/07/13","元富-吉利",2,60,-58
"9087","2390云辰","110/07/13","凱基-松山",61,13,48
"9088","2390云辰","110/07/13","兆豐-新竹",3,53,-50
"9089","2390云辰","110/07/13","大昌",64,22,42
"9090","2390云辰","110/07/13","富邦-嘉義",65,108,-43
"9091","2363矽統","110/07/12","凱基-幸福",4046,31,4015
"9092","2363矽統","110/07/12","台新證券",478,2105,-1627
"9093","2363矽統","110/07/12","統一",3504,120,3384
"9094","2363矽統","110/07/12","第一金-忠孝",4,1068,-1064
"9095","2363矽統","110/07/12","摩根大通",3006,2149,857
"9096","2363矽統","110/07/12","台新-台中",381,1003,-622
"9097","2363矽統","110/07/12","永豐金證券",1428,610,818
"9098","2363矽統","110/07/12","新光",1295,1822,-527
"9099","2363矽統","110/07/12","兆豐-復興",1936,1233,703
"9100","2363矽統","110/07/12","大昌-樹林",54,537,-483
"9101","2363矽統","110/07/12","台灣摩根士丹利",701,0,701
"9102","2363矽統","110/07/12","華南永昌-台中",90,549,-459
"9103","2363矽統","110/07/12","永豐金-南投",803,145,658
"9104","2363矽統","110/07/12","玉山-高雄",167,612,-445
"9105","2363矽統","110/07/12","統一-仁愛",1214,586,628
"9106","2363矽統","110/07/12","元富-同大",201,540,-339
"9107","2363矽統","110/07/12","統一-土城",688,75,613
"9108","2363矽統","110/07/12","華南永昌-東勢",31,367,-336
"9109","2363矽統","110/07/12","統一-城中",711,131,580
"9110","2363矽統","110/07/12","土銀-花蓮",9,333,-324
"9111","2363矽統","110/07/12","統一-敦南",632,54,578
"9112","2363矽統","110/07/12","凱基-豐中",120,434,-314
"9113","2363矽統","110/07/12","新加坡商瑞銀",1232,731,501
"9114","2363矽統","110/07/12","永豐金-竹科",54,323,-269
"9115","2363矽統","110/07/12","元富",2640,2142,498
"9116","2363矽統","110/07/12","元大-斗六",53,300,-247
"9117","2363矽統","110/07/12","凱基-永和",460,31,429
"9118","2363矽統","110/07/12","華南永昌-朴子",47,278,-231
"9119","2363矽統","110/07/12","第一金",380,22,358
"9120","2363矽統","110/07/12","永豐金-彰化",22,228,-206
"9121","8112至上","110/07/12","摩根大通",1167,290,877
"9122","8112至上","110/07/12","群益金鼎-新莊",1,156,-155
"9123","8112至上","110/07/12","凱基-台北",983,546,437
"9124","8112至上","110/07/12","國票-中港",0,131,-131
"9125","8112至上","110/07/12","新加坡商瑞銀",429,12,417
"9126","8112至上","110/07/12","元大證券",10,136,-126
"9127","8112至上","110/07/12","元大-屏南",360,2,358
"9128","8112至上","110/07/12","元大-中壢",11,135,-124
"9129","8112至上","110/07/12","美林",323,15,308
"9130","8112至上","110/07/12","合庫-基隆",0,122,-122
"9131","8112至上","110/07/12","台灣摩根士丹利",299,0,299
"9132","8112至上","110/07/12","群益金鼎-高盛",4,103,-99
"9133","8112至上","110/07/12","港商野村",267,28,239
"9134","8112至上","110/07/12","新光",110,202,-92
"9135","8112至上","110/07/12","大慶",165,3,162
"9136","8112至上","110/07/12","元大-府城",2,94,-92
"9137","8112至上","110/07/12","永豐金-台南",170,29,141
"9138","8112至上","110/07/12","富邦-板橋",5,92,-87
"9139","8112至上","110/07/12","華南永昌-長虹",128,2,126
"9140","8112至上","110/07/12","元大-土城",8,89,-81
"9141","8112至上","110/07/12","富邦-仁愛",157,51,106
"9142","8112至上","110/07/12","日盛-頭份",40,117,-77
"9143","8112至上","110/07/12","瑞士信貸",104,0,104
"9144","8112至上","110/07/12","玉山-嘉義",3,80,-77
"9145","8112至上","110/07/12","凱基-站前",100,11,89
"9146","8112至上","110/07/12","永豐金-松山",4,79,-75
"9147","8112至上","110/07/12","富邦-北港",90,3,87
"9148","8112至上","110/07/12","元大-敦南",3,75,-72
"9149","8112至上","110/07/12","元大-北港",101,20,81
"9150","8112至上","110/07/12","元富-大裕",6,77,-71
"9151","4903聯光通","110/07/12","台灣企銀-太平",19,0,19
"9152","4903聯光通","110/07/12","玉山-南京東路",0,16,-16
"9153","4903聯光通","110/07/12","統一-土城",17,0,17
"9154","4903聯光通","110/07/12","新光",0,14,-14
"9155","4903聯光通","110/07/12","國票-博愛",14,0,14
"9156","4903聯光通","110/07/12","兆豐-彰化",0,10,-10
"9157","4903聯光通","110/07/12","新光-台中",15,2,13
"9158","4903聯光通","110/07/12","國票",0,10,-10
"9159","4903聯光通","110/07/12","元大-彰化",11,0,11
"9160","4903聯光通","110/07/12","富邦-敦南",0,10,-10
"9161","4903聯光通","110/07/12","華南永昌-林口",10,0,10
"9162","4903聯光通","110/07/12","元大-前金",0,9,-9
"9163","4903聯光通","110/07/12","永豐金-南投",9,0,9
"9164","4903聯光通","110/07/12","日盛-頭份",0,8,-8
"9165","4903聯光通","110/07/12","元大-清水",8,0,8
"9166","4903聯光通","110/07/12","元大-太平",0,8,-8
"9167","4903聯光通","110/07/12","元大-博愛",8,0,8
"9168","4903聯光通","110/07/12","兆豐-埔墘",0,7,-7
"9169","4903聯光通","110/07/12","玉山-新莊",5,0,5
"9170","4903聯光通","110/07/12","臺銀-民權",0,5,-5
"9171","4903聯光通","110/07/12","凱基-士林",10,5,5
"9172","4903聯光通","110/07/12","富邦-板橋",0,5,-5
"9173","4903聯光通","110/07/12","元大-斗六",4,0,4
"9174","4903聯光通","110/07/12","元大-土城永寧",0,5,-5
"9175","4903聯光通","110/07/12","永豐金-羅東",4,0,4
"9176","4903聯光通","110/07/12","台新證券",0,4,-4
"9177","4903聯光通","110/07/12","日盛-樹林",3,0,3
"9178","4903聯光通","110/07/12","凱基-中壢",0,4,-4
"9179","4903聯光通","110/07/12","華南永昌-鶯歌",2,0,2
"9180","4903聯光通","110/07/12","元大-羅東",0,4,-4
"9181","2929淘帝","110/07/12","新光-台中",95,36,59
"9182","2929淘帝","110/07/12","華南永昌-林口",7,208,-201
"9183","2929淘帝","110/07/12","富邦-板橋",62,5,57
"9184","2929淘帝","110/07/12","富邦-台北",6,200,-194
"9185","2929淘帝","110/07/12","合庫-高雄",56,6,50
"9186","2929淘帝","110/07/12","元富-大裕",11,200,-189
"9187","2929淘帝","110/07/12","永興",41,0,41
"9188","2929淘帝","110/07/12","台中銀-台北",0,160,-160
"9189","2929淘帝","110/07/12","兆豐-忠孝",58,18,40
"9190","2929淘帝","110/07/12","日盛-園區",1,111,-110
"9191","2929淘帝","110/07/12","新光-高雄",39,3,36
"9192","2929淘帝","110/07/12","日盛-八德",0,88,-88
"9193","2929淘帝","110/07/12","凱基-豐中",36,0,36
"9194","2929淘帝","110/07/12","玉山-新竹",32,110,-78
"9195","2929淘帝","110/07/12","元大-民生",35,0,35
"9196","2929淘帝","110/07/12","元大-前金",0,72,-72
"9197","2929淘帝","110/07/12","臺銀-臺南",32,1,31
"9198","2929淘帝","110/07/12","元大-館前",12,83,-71
"9199","2929淘帝","110/07/12","台新證券",44,13,31
"9200","2929淘帝","110/07/12","華南永昌",1,57,-56
"9201","2929淘帝","110/07/12","新百王",30,0,30
"9202","2929淘帝","110/07/12","元大-南崁",4,59,-55
"9203","2929淘帝","110/07/12","群益金鼎-大興",30,0,30
"9204","2929淘帝","110/07/12","元大-嘉義",0,51,-51
"9205","2929淘帝","110/07/12","凱基-台北",32,5,27
"9206","2929淘帝","110/07/12","日茂",1,50,-49
"9207","2929淘帝","110/07/12","元富-城東",26,0,26
"9208","2929淘帝","110/07/12","新光",35,83,-48
"9209","2929淘帝","110/07/12","國泰-松江",26,0,26
"9210","2929淘帝","110/07/12","日盛-新竹",1,48,-47
"9211","5410國眾","110/07/12","群益金鼎-中壢",68,0,68
"9212","5410國眾","110/07/12","摩根大通",6,67,-61
"9213","5410國眾","110/07/12","凱基-市政",40,0,40
"9214","5410國眾","110/07/12","元富-嘉義",0,60,-60
"9215","5410國眾","110/07/12","凱基-竹北",38,0,38
"9216","5410國眾","110/07/12","凱基-台北",0,51,-51
"9217","5410國眾","110/07/12","華南永昌-三重",30,0,30
"9218","5410國眾","110/07/12","元富-大裕",0,33,-33
"9219","5410國眾","110/07/12","永興",20,0,20
"9220","5410國眾","110/07/12","日盛-木柵",0,15,-15
"9221","5410國眾","110/07/12","統一-新台中",20,0,20
"9222","5410國眾","110/07/12","群益金鼎-民權",0,15,-15
"9223","5410國眾","110/07/12","兆豐-三重",20,0,20
"9224","5410國眾","110/07/12","元富-緯城",0,14,-14
"9225","5410國眾","110/07/12","富邦-台中",20,0,20
"9226","5410國眾","110/07/12","元大-大同",0,12,-12
"9227","5410國眾","110/07/12","臺銀",15,0,15
"9228","5410國眾","110/07/12","元大-莒光",0,10,-10
"9229","5410國眾","110/07/12","新光-桃園",20,6,14
"9230","5410國眾","110/07/12","元大-博愛",0,10,-10
"9231","5410國眾","110/07/12","元大-員林",12,0,12
"9232","5410國眾","110/07/12","日盛-永康",0,8,-8
"9233","5410國眾","110/07/12","日盛-員林",10,0,10
"9234","5410國眾","110/07/12","元大-四維",5,13,-8
"9235","5410國眾","110/07/12","元大-新盛",10,0,10
"9236","5410國眾","110/07/12","新加坡商瑞銀",0,7,-7
"9237","5410國眾","110/07/12","永豐金-台南",10,0,10
"9238","5410國眾","110/07/12","致和-金華",0,7,-7
"9239","5410國眾","110/07/12","元富-新莊",8,0,8
"9240","5410國眾","110/07/12","新光-新竹",0,7,-7
"9241","2841台開","110/07/12","永豐金-敦南",139,26,113
"9242","2841台開","110/07/12","華南永昌-朴子",0,528,-528
"9243","2841台開","110/07/12","日盛-雙和",68,0,68
"9244","2841台開","110/07/12","元大-苑裡",2,50,-48
"9245","2841台開","110/07/12","台新證券",62,4,58
"9246","2841台開","110/07/12","群益金鼎-東湖",0,40,-40
"9247","2841台開","110/07/12","凱基-文心",50,0,50
"9248","2841台開","110/07/12","第一金-員林",0,30,-30
"9249","2841台開","110/07/12","第一金-台中",45,0,45
"9250","2841台開","110/07/12","德信-中正",0,20,-20
"9251","2841台開","110/07/12","富邦-嘉義",40,0,40
"9252","2841台開","110/07/12","兆豐-嘉義",0,20,-20
"9253","2841台開","110/07/12","日盛-木柵",30,0,30
"9254","2841台開","110/07/12","彰銀-七賢",0,15,-15
"9255","2841台開","110/07/12","中國信託-文心",31,3,28
"9256","2841台開","110/07/12","元大-承德",0,14,-14
"9257","2841台開","110/07/12","元大-福營",30,7,23
"9258","2841台開","110/07/12","元富",0,12,-12
"9259","2841台開","110/07/12","台中銀",20,0,20
"9260","2841台開","110/07/12","富邦-陽明",0,11,-11
"9261","2841台開","110/07/12","國泰-板橋",20,0,20
"9262","2841台開","110/07/12","元大證券",0,11,-11
"9263","2841台開","110/07/12","元大-前金",20,0,20
"9264","2841台開","110/07/12","元大-大甲",0,10,-10
"9265","2841台開","110/07/12","中國信託-高雄",16,1,15
"9266","2841台開","110/07/12","日盛-新竹",0,8,-8
"9267","2841台開","110/07/12","陽信-石牌",15,0,15
"9268","2841台開","110/07/12","元富-城東",0,8,-8
"9269","2841台開","110/07/12","永豐金-南投",15,0,15
"9270","2841台開","110/07/12","玉山-台南",2,10,-8
"9271","6207雷科","110/07/12","元大-高雄",34,0,34
"9272","6207雷科","110/07/12","永豐金-三重",1,32,-31
"9273","6207雷科","110/07/12","華南永昌-林口",16,1,15
"9274","6207雷科","110/07/12","永全-八德",0,30,-30
"9275","6207雷科","110/07/12","摩根大通",19,6,13
"9276","6207雷科","110/07/12","國泰-台中",0,14,-14
"9277","6207雷科","110/07/12","元富-埔里",10,0,10
"9278","6207雷科","110/07/12","第一金-澎湖",0,10,-10
"9279","6207雷科","110/07/12","凱基-台南",10,0,10
"9280","6207雷科","110/07/12","元富-林園",0,10,-10
"9281","6207雷科","110/07/12","新加坡商瑞銀",9,0,9
"9282","6207雷科","110/07/12","元大-東門",0,10,-10
"9283","6207雷科","110/07/12","瑞士信貸",8,0,8
"9284","6207雷科","110/07/12","兆豐-嘉義",0,4,-4
"9285","6207雷科","110/07/12","中國信託-高雄",9,1,8
"9286","6207雷科","110/07/12","新光",0,4,-4
"9287","6207雷科","110/07/12","凱基-高雄",6,0,6
"9288","6207雷科","110/07/12","新光-台中",0,4,-4
"9289","6207雷科","110/07/12","元大-六合",6,0,6
"9290","6207雷科","110/07/12","群益金鼎-開元",0,4,-4
"9291","6207雷科","110/07/12","永豐金-信義",6,0,6
"9292","6207雷科","110/07/12","凱基-桃園",0,4,-4
"9293","6207雷科","110/07/12","群益金鼎-土城",5,0,5
"9294","6207雷科","110/07/12","凱基-民權",0,4,-4
"9295","6207雷科","110/07/12","群益金鼎-竹南",5,0,5
"9296","6207雷科","110/07/12","玉山-新莊",0,3,-3
"9297","6207雷科","110/07/12","元大-大灣",5,1,4
"9298","6207雷科","110/07/12","國泰-松江",0,3,-3
"9299","6207雷科","110/07/12","永興",3,0,3
"9300","6207雷科","110/07/12","富邦-羅東",0,3,-3
"9301","3679新至陞","110/07/12","富邦-新竹華信",40,2,38
"9302","3679新至陞","110/07/12","瑞士信貸",0,45,-45
"9303","3679新至陞","110/07/12","台中銀-員林",28,2,26
"9304","3679新至陞","110/07/12","永豐金-天母",0,39,-39
"9305","3679新至陞","110/07/12","聯邦-大業",24,0,24
"9306","3679新至陞","110/07/12","摩根大通",7,35,-28
"9307","3679新至陞","110/07/12","永豐金證券",20,0,20
"9308","3679新至陞","110/07/12","凱基-台北",8,36,-28
"9309","3679新至陞","110/07/12","港商法國興業",14,0,14
"9310","3679新至陞","110/07/12","華南永昌-小港",1,23,-22
"9311","3679新至陞","110/07/12","日盛-樹林",13,1,12
"9312","3679新至陞","110/07/12","台新-台中",0,15,-15
"9313","3679新至陞","110/07/12","國泰-桃園",9,0,9
"9314","3679新至陞","110/07/12","統一-台中",0,12,-12
"9315","3679新至陞","110/07/12","宏遠-館前",8,0,8
"9316","3679新至陞","110/07/12","元大-成功",1,12,-11
"9317","3679新至陞","110/07/12","凱基",10,2,8
"9318","3679新至陞","110/07/12","康和-澎湖",0,8,-8
"9319","3679新至陞","110/07/12","(牛牛牛)亞-網路",7,0,7
"9320","3679新至陞","110/07/12","新加坡商瑞銀",0,7,-7
"9321","3679新至陞","110/07/12","兆豐-員林",7,0,7
"9322","3679新至陞","110/07/12","兆豐-來福",0,7,-7
"9323","3679新至陞","110/07/12","大慶-蘆洲",5,0,5
"9324","3679新至陞","110/07/12","元大-佳里",0,6,-6
"9325","3679新至陞","110/07/12","土銀-花蓮",4,0,4
"9326","3679新至陞","110/07/12","美商高盛",0,5,-5
"9327","3679新至陞","110/07/12","台新-高雄",5,1,4
"9328","3679新至陞","110/07/12","國票-新莊",0,5,-5
"9329","3679新至陞","110/07/12","元大-天母",4,0,4
"9330","3679新至陞","110/07/12","台新-屏東",0,5,-5
"9331","2727王品","110/07/12","凱基-台北",354,198,156
"9332","2727王品","110/07/12","台灣摩根士丹利",5,386,-381
"9333","2727王品","110/07/12","統一-城中",159,22,137
"9334","2727王品","110/07/12","元大-嘉義",4,60,-56
"9335","2727王品","110/07/12","日盛-忠孝",60,0,60
"9336","2727王品","110/07/12","元大-大同",2,44,-42
"9337","2727王品","110/07/12","永豐金-忠孝",45,5,40
"9338","2727王品","110/07/12","國泰-台中",32,73,-41
"9339","2727王品","110/07/12","合庫-新竹",31,0,31
"9340","2727王品","110/07/12","元大證券",127,163,-36
"9341","2727王品","110/07/12","富邦-台中",31,3,28
"9342","2727王品","110/07/12","凱基",1,33,-32
"9343","2727王品","110/07/12","元大-桃園",35,10,25
"9344","2727王品","110/07/12","永全-南崁",1,31,-30
"9345","2727王品","110/07/12","新加坡商瑞銀",28,4,24
"9346","2727王品","110/07/12","凱基-和平",2,32,-30
"9347","2727王品","110/07/12","群益金鼎-古亭",25,2,23
"9348","2727王品","110/07/12","永豐金-大園",8,38,-30
"9349","2727王品","110/07/12","元大-龍潭",29,7,22
"9350","2727王品","110/07/12","瑞士信貸",0,28,-28
"9351","2727王品","110/07/12","永豐金-永康",25,3,22
"9352","2727王品","110/07/12","元富",17,44,-27
"9353","2727王品","110/07/12","富邦-竹北",24,3,21
"9354","2727王品","110/07/12","元大-北屯",5,32,-27
"9355","2727王品","110/07/12","群益金鼎-松山",20,0,20
"9356","2727王品","110/07/12","華南永昌",3,28,-25
"9357","2727王品","110/07/12","元大-八德",20,0,20
"9358","2727王品","110/07/12","統一-竹南",1,23,-22
"9359","2727王品","110/07/12","元大-南京",25,6,19
"9360","2727王品","110/07/12","永豐金證券",4,26,-22
"9361","1570力肯","110/07/12","國票-北高雄",40,0,40
"9362","1570力肯","110/07/12","日盛-竹北",0,40,-40
"9363","1570力肯","110/07/12","摩根大通",16,0,16
"9364","1570力肯","110/07/12","第一金-華江",1,38,-37
"9365","1570力肯","110/07/12","新光",31,19,12
"9366","1570力肯","110/07/12","元大-永春",0,26,-26
"9367","1570力肯","110/07/12","元大-台中中港",12,0,12
"9368","1570力肯","110/07/12","元大-古亭",1,20,-19
"9369","1570力肯","110/07/12","日盛-高雄",10,0,10
"9370","1570力肯","110/07/12","國泰-松江",0,16,-16
"9371","1570力肯","110/07/12","第一金-路竹",10,0,10
"9372","1570力肯","110/07/12","台新-台南",0,15,-15
"9373","1570力肯","110/07/12","台新-新莊",10,0,10
"9374","1570力肯","110/07/12","康和-石牌",0,15,-15
"9375","1570力肯","110/07/12","元大-新盛",9,0,9
"9376","1570力肯","110/07/12","國泰-板橋",0,11,-11
"9377","1570力肯","110/07/12","凱基-台北",8,0,8
"9378","1570力肯","110/07/12","元大-高雄",0,11,-11
"9379","1570力肯","110/07/12","彰銀-七賢",6,0,6
"9380","1570力肯","110/07/12","兆豐-桃園",0,10,-10
"9381","1570力肯","110/07/12","元富-緯城",6,0,6
"9382","1570力肯","110/07/12","元大-大益",0,10,-10
"9383","1570力肯","110/07/12","華南永昌-古亭",6,0,6
"9384","1570力肯","110/07/12","中國信託-文心",0,5,-5
"9385","1570力肯","110/07/12","富邦-陽明",6,0,6
"9386","1570力肯","110/07/12","光和",0,5,-5
"9387","1570力肯","110/07/12","臺銀-臺南",5,0,5
"9388","1570力肯","110/07/12","陽信-石牌",0,5,-5
"9389","1570力肯","110/07/12","宏遠-館前",5,0,5
"9390","1570力肯","110/07/12","國泰-高雄",0,5,-5
"9391","6180橘子","110/07/12","康和-台中",32,2,30
"9392","6180橘子","110/07/12","新百王",1,40,-39
"9393","6180橘子","110/07/12","美林",32,3,29
"9394","6180橘子","110/07/12","富邦-陽明",4,42,-38
"9395","6180橘子","110/07/12","元大-羅東",21,0,21
"9396","6180橘子","110/07/12","新光",3,32,-29
"9397","6180橘子","110/07/12","兆豐-埔墘",16,0,16
"9398","6180橘子","110/07/12","日盛-文化",4,20,-16
"9399","6180橘子","110/07/12","元大-雙和",12,0,12
"9400","6180橘子","110/07/12","華南永昌-鶯歌",0,15,-15
"9401","6180橘子","110/07/12","美商高盛",18,7,11
"9402","6180橘子","110/07/12","中國信託-忠孝",7,20,-13
"9403","6180橘子","110/07/12","台新證券",14,3,11
"9404","6180橘子","110/07/12","凱基-台北",5,17,-12
"9405","6180橘子","110/07/12","元大-中壢",12,1,11
"9406","6180橘子","110/07/12","凱基-高雄",0,11,-11
"9407","6180橘子","110/07/12","統一-南京",10,0,10
"9408","6180橘子","110/07/12","凱基-大安",0,10,-10
"9409","6180橘子","110/07/12","致和-崇德",10,0,10
"9410","6180橘子","110/07/12","元大-北屯",0,10,-10
"9411","6180橘子","110/07/12","玉山-板橋",10,0,10
"9412","6180橘子","110/07/12","元大-南京",0,9,-9
"9413","6180橘子","110/07/12","富邦-仁愛",10,0,10
"9414","6180橘子","110/07/12","元大-台南",1,10,-9
"9415","6180橘子","110/07/12","摩根大通",10,1,9
"9416","6180橘子","110/07/12","康和-澎湖",0,8,-8
"9417","6180橘子","110/07/12","元富-林園",8,0,8
"9418","6180橘子","110/07/12","第一金-台中",0,7,-7
"9419","6180橘子","110/07/12","大慶-富順",7,0,7
"9420","6180橘子","110/07/12","台新-台南",1,8,-7
"9421","2390云辰","110/07/12","統一-新台中",170,0,170
"9422","2390云辰","110/07/12","元大-天母",2,450,-448
"9423","2390云辰","110/07/12","華南永昌-麻豆",137,2,135
"9424","2390云辰","110/07/12","國泰-忠孝",1,143,-142
"9425","2390云辰","110/07/12","元富-成功",103,14,89
"9426","2390云辰","110/07/12","摩根大通",377,512,-135
"9427","2390云辰","110/07/12","元大-土城學府",146,69,77
"9428","2390云辰","110/07/12","台灣摩根士丹利",0,91,-91
"9429","2390云辰","110/07/12","永豐金-永康",76,4,72
"9430","2390云辰","110/07/12","美林",84,146,-62
"9431","2390云辰","110/07/12","台中銀",73,2,71
"9432","2390云辰","110/07/12","華南永昌-嘉義",2,61,-59
"9433","2390云辰","110/07/12","大昌",63,3,60
"9434","2390云辰","110/07/12","永豐金-羅東",0,49,-49
"9435","2390云辰","110/07/12","合庫-三重",50,0,50
"9436","2390云辰","110/07/12","玉山-台中",6,53,-47
"9437","2390云辰","110/07/12","元富-高雄",93,50,43
"9438","2390云辰","110/07/12","玉山-新莊",2,48,-46
"9439","2390云辰","110/07/12","元大-館前",40,4,36
"9440","2390云辰","110/07/12","元大-大里",7,52,-45
"9441","2390云辰","110/07/12","港商野村",143,109,34
"9442","2390云辰","110/07/12","元大-內湖",3,48,-45
"9443","2390云辰","110/07/12","元大-雙和",34,0,34
"9444","2390云辰","110/07/12","永豐金-市政",1,42,-41
"9445","2390云辰","110/07/12","群益金鼎-民權",33,2,31
"9446","2390云辰","110/07/12","元大-學甲",1,41,-40
"9447","2390云辰","110/07/12","日盛-八德",40,10,30
"9448","2390云辰","110/07/12","兆豐-高雄",2,41,-39
"9449","2390云辰","110/07/12","國票-嘉義",30,0,30
"9450","2390云辰","110/07/12","新加坡商瑞銀",21,59,-38
"9451","4903聯光通","110/07/12","台灣企銀-太平",19,0,19
"9452","4903聯光通","110/07/12","玉山-南京東路",0,16,-16
"9453","4903聯光通","110/07/12","統一-土城",17,0,17
"9454","4903聯光通","110/07/12","新光",0,14,-14
"9455","4903聯光通","110/07/12","國票-博愛",14,0,14
"9456","4903聯光通","110/07/12","兆豐-彰化",0,10,-10
"9457","4903聯光通","110/07/12","新光-台中",15,2,13
"9458","4903聯光通","110/07/12","國票",0,10,-10
"9459","4903聯光通","110/07/12","元大-彰化",11,0,11
"9460","4903聯光通","110/07/12","富邦-敦南",0,10,-10
"9461","4903聯光通","110/07/12","華南永昌-林口",10,0,10
"9462","4903聯光通","110/07/12","元大-前金",0,9,-9
"9463","4903聯光通","110/07/12","永豐金-南投",9,0,9
"9464","4903聯光通","110/07/12","日盛-頭份",0,8,-8
"9465","4903聯光通","110/07/12","元大-清水",8,0,8
"9466","4903聯光通","110/07/12","元大-太平",0,8,-8
"9467","4903聯光通","110/07/12","元大-博愛",8,0,8
"9468","4903聯光通","110/07/12","兆豐-埔墘",0,7,-7
"9469","4903聯光通","110/07/12","玉山-新莊",5,0,5
"9470","4903聯光通","110/07/12","臺銀-民權",0,5,-5
"9471","4903聯光通","110/07/12","凱基-士林",10,5,5
"9472","4903聯光通","110/07/12","富邦-板橋",0,5,-5
"9473","4903聯光通","110/07/12","元大-斗六",4,0,4
"9474","4903聯光通","110/07/12","元大-土城永寧",0,5,-5
"9475","4903聯光通","110/07/12","永豐金-羅東",4,0,4
"9476","4903聯光通","110/07/12","台新證券",0,4,-4
"9477","4903聯光通","110/07/12","日盛-樹林",3,0,3
"9478","4903聯光通","110/07/12","凱基-中壢",0,4,-4
"9479","4903聯光通","110/07/12","華南永昌-鶯歌",2,0,2
"9480","4903聯光通","110/07/12","元大-羅東",0,4,-4
"9481","2929淘帝","110/07/12","新光-台中",95,36,59
"9482","2929淘帝","110/07/12","華南永昌-林口",7,208,-201
"9483","2929淘帝","110/07/12","富邦-板橋",62,5,57
"9484","2929淘帝","110/07/12","富邦-台北",6,200,-194
"9485","2929淘帝","110/07/12","合庫-高雄",56,6,50
"9486","2929淘帝","110/07/12","元富-大裕",11,200,-189
"9487","2929淘帝","110/07/12","永興",41,0,41
"9488","2929淘帝","110/07/12","台中銀-台北",0,160,-160
"9489","2929淘帝","110/07/12","兆豐-忠孝",58,18,40
"9490","2929淘帝","110/07/12","日盛-園區",1,111,-110
"9491","2929淘帝","110/07/12","新光-高雄",39,3,36
"9492","2929淘帝","110/07/12","日盛-八德",0,88,-88
"9493","2929淘帝","110/07/12","凱基-豐中",36,0,36
"9494","2929淘帝","110/07/12","玉山-新竹",32,110,-78
"9495","2929淘帝","110/07/12","元大-民生",35,0,35
"9496","2929淘帝","110/07/12","元大-前金",0,72,-72
"9497","2929淘帝","110/07/12","臺銀-臺南",32,1,31
"9498","2929淘帝","110/07/12","元大-館前",12,83,-71
"9499","2929淘帝","110/07/12","台新證券",44,13,31
"9500","2929淘帝","110/07/12","華南永昌",1,57,-56
"9501","2929淘帝","110/07/12","新百王",30,0,30
"9502","2929淘帝","110/07/12","元大-南崁",4,59,-55
"9503","2929淘帝","110/07/12","群益金鼎-大興",30,0,30
"9504","2929淘帝","110/07/12","元大-嘉義",0,51,-51
"9505","2929淘帝","110/07/12","凱基-台北",32,5,27
"9506","2929淘帝","110/07/12","日茂",1,50,-49
"9507","2929淘帝","110/07/12","元富-城東",26,0,26
"9508","2929淘帝","110/07/12","新光",35,83,-48
"9509","2929淘帝","110/07/12","國泰-松江",26,0,26
"9510","2929淘帝","110/07/12","日盛-新竹",1,48,-47
"9511","5410國眾","110/07/12","群益金鼎-中壢",68,0,68
"9512","5410國眾","110/07/12","摩根大通",6,67,-61
"9513","5410國眾","110/07/12","凱基-市政",40,0,40
"9514","5410國眾","110/07/12","元富-嘉義",0,60,-60
"9515","5410國眾","110/07/12","凱基-竹北",38,0,38
"9516","5410國眾","110/07/12","凱基-台北",0,51,-51
"9517","5410國眾","110/07/12","華南永昌-三重",30,0,30
"9518","5410國眾","110/07/12","元富-大裕",0,33,-33
"9519","5410國眾","110/07/12","永興",20,0,20
"9520","5410國眾","110/07/12","日盛-木柵",0,15,-15
"9521","5410國眾","110/07/12","統一-新台中",20,0,20
"9522","5410國眾","110/07/12","群益金鼎-民權",0,15,-15
"9523","5410國眾","110/07/12","兆豐-三重",20,0,20
"9524","5410國眾","110/07/12","元富-緯城",0,14,-14
"9525","5410國眾","110/07/12","富邦-台中",20,0,20
"9526","5410國眾","110/07/12","元大-大同",0,12,-12
"9527","5410國眾","110/07/12","臺銀",15,0,15
"9528","5410國眾","110/07/12","元大-莒光",0,10,-10
"9529","5410國眾","110/07/12","新光-桃園",20,6,14
"9530","5410國眾","110/07/12","元大-博愛",0,10,-10
"9531","5410國眾","110/07/12","元大-員林",12,0,12
"9532","5410國眾","110/07/12","日盛-永康",0,8,-8
"9533","5410國眾","110/07/12","日盛-員林",10,0,10
"9534","5410國眾","110/07/12","元大-四維",5,13,-8
"9535","5410國眾","110/07/12","元大-新盛",10,0,10
"9536","5410國眾","110/07/12","新加坡商瑞銀",0,7,-7
"9537","5410國眾","110/07/12","永豐金-台南",10,0,10
"9538","5410國眾","110/07/12","致和-金華",0,7,-7
"9539","5410國眾","110/07/12","元富-新莊",8,0,8
"9540","5410國眾","110/07/12","新光-新竹",0,7,-7
"9541","2841台開","110/07/12","永豐金-敦南",139,26,113
"9542","2841台開","110/07/12","華南永昌-朴子",0,528,-528
"9543","2841台開","110/07/12","日盛-雙和",68,0,68
"9544","2841台開","110/07/12","元大-苑裡",2,50,-48
"9545","2841台開","110/07/12","台新證券",62,4,58
"9546","2841台開","110/07/12","群益金鼎-東湖",0,40,-40
"9547","2841台開","110/07/12","凱基-文心",50,0,50
"9548","2841台開","110/07/12","第一金-員林",0,30,-30
"9549","2841台開","110/07/12","第一金-台中",45,0,45
"9550","2841台開","110/07/12","德信-中正",0,20,-20
"9551","2841台開","110/07/12","富邦-嘉義",40,0,40
"9552","2841台開","110/07/12","兆豐-嘉義",0,20,-20
"9553","2841台開","110/07/12","日盛-木柵",30,0,30
"9554","2841台開","110/07/12","彰銀-七賢",0,15,-15
"9555","2841台開","110/07/12","中國信託-文心",31,3,28
"9556","2841台開","110/07/12","元大-承德",0,14,-14
"9557","2841台開","110/07/12","元大-福營",30,7,23
"9558","2841台開","110/07/12","元富",0,12,-12
"9559","2841台開","110/07/12","台中銀",20,0,20
"9560","2841台開","110/07/12","富邦-陽明",0,11,-11
"9561","2841台開","110/07/12","國泰-板橋",20,0,20
"9562","2841台開","110/07/12","元大證券",0,11,-11
"9563","2841台開","110/07/12","元大-前金",20,0,20
"9564","2841台開","110/07/12","元大-大甲",0,10,-10
"9565","2841台開","110/07/12","中國信託-高雄",16,1,15
"9566","2841台開","110/07/12","日盛-新竹",0,8,-8
"9567","2841台開","110/07/12","陽信-石牌",15,0,15
"9568","2841台開","110/07/12","元富-城東",0,8,-8
"9569","2841台開","110/07/12","永豐金-南投",15,0,15
"9570","2841台開","110/07/12","玉山-台南",2,10,-8
"9571","6207雷科","110/07/12","元大-高雄",34,0,34
"9572","6207雷科","110/07/12","永豐金-三重",1,32,-31
"9573","6207雷科","110/07/12","華南永昌-林口",16,1,15
"9574","6207雷科","110/07/12","永全-八德",0,30,-30
"9575","6207雷科","110/07/12","摩根大通",19,6,13
"9576","6207雷科","110/07/12","國泰-台中",0,14,-14
"9577","6207雷科","110/07/12","元富-埔里",10,0,10
"9578","6207雷科","110/07/12","第一金-澎湖",0,10,-10
"9579","6207雷科","110/07/12","凱基-台南",10,0,10
"9580","6207雷科","110/07/12","元富-林園",0,10,-10
"9581","6207雷科","110/07/12","新加坡商瑞銀",9,0,9
"9582","6207雷科","110/07/12","元大-東門",0,10,-10
"9583","6207雷科","110/07/12","瑞士信貸",8,0,8
"9584","6207雷科","110/07/12","兆豐-嘉義",0,4,-4
"9585","6207雷科","110/07/12","中國信託-高雄",9,1,8
"9586","6207雷科","110/07/12","新光",0,4,-4
"9587","6207雷科","110/07/12","凱基-高雄",6,0,6
"9588","6207雷科","110/07/12","新光-台中",0,4,-4
"9589","6207雷科","110/07/12","元大-六合",6,0,6
"9590","6207雷科","110/07/12","群益金鼎-開元",0,4,-4
"9591","6207雷科","110/07/12","永豐金-信義",6,0,6
"9592","6207雷科","110/07/12","凱基-桃園",0,4,-4
"9593","6207雷科","110/07/12","群益金鼎-土城",5,0,5
"9594","6207雷科","110/07/12","凱基-民權",0,4,-4
"9595","6207雷科","110/07/12","群益金鼎-竹南",5,0,5
"9596","6207雷科","110/07/12","玉山-新莊",0,3,-3
"9597","6207雷科","110/07/12","元大-大灣",5,1,4
"9598","6207雷科","110/07/12","國泰-松江",0,3,-3
"9599","6207雷科","110/07/12","永興",3,0,3
"9600","6207雷科","110/07/12","富邦-羅東",0,3,-3
"9601","3679新至陞","110/07/12","富邦-新竹華信",40,2,38
"9602","3679新至陞","110/07/12","瑞士信貸",0,45,-45
"9603","3679新至陞","110/07/12","台中銀-員林",28,2,26
"9604","3679新至陞","110/07/12","永豐金-天母",0,39,-39
"9605","3679新至陞","110/07/12","聯邦-大業",24,0,24
"9606","3679新至陞","110/07/12","摩根大通",7,35,-28
"9607","3679新至陞","110/07/12","永豐金證券",20,0,20
"9608","3679新至陞","110/07/12","凱基-台北",8,36,-28
"9609","3679新至陞","110/07/12","港商法國興業",14,0,14
"9610","3679新至陞","110/07/12","華南永昌-小港",1,23,-22
"9611","3679新至陞","110/07/12","日盛-樹林",13,1,12
"9612","3679新至陞","110/07/12","台新-台中",0,15,-15
"9613","3679新至陞","110/07/12","國泰-桃園",9,0,9
"9614","3679新至陞","110/07/12","統一-台中",0,12,-12
"9615","3679新至陞","110/07/12","宏遠-館前",8,0,8
"9616","3679新至陞","110/07/12","元大-成功",1,12,-11
"9617","3679新至陞","110/07/12","凱基",10,2,8
"9618","3679新至陞","110/07/12","康和-澎湖",0,8,-8
"9619","3679新至陞","110/07/12","(牛牛牛)亞-網路",7,0,7
"9620","3679新至陞","110/07/12","新加坡商瑞銀",0,7,-7
"9621","3679新至陞","110/07/12","兆豐-員林",7,0,7
"9622","3679新至陞","110/07/12","兆豐-來福",0,7,-7
"9623","3679新至陞","110/07/12","大慶-蘆洲",5,0,5
"9624","3679新至陞","110/07/12","元大-佳里",0,6,-6
"9625","3679新至陞","110/07/12","土銀-花蓮",4,0,4
"9626","3679新至陞","110/07/12","美商高盛",0,5,-5
"9627","3679新至陞","110/07/12","台新-高雄",5,1,4
"9628","3679新至陞","110/07/12","國票-新莊",0,5,-5
"9629","3679新至陞","110/07/12","元大-天母",4,0,4
"9630","3679新至陞","110/07/12","台新-屏東",0,5,-5
"9631","2727王品","110/07/12","凱基-台北",354,198,156
"9632","2727王品","110/07/12","台灣摩根士丹利",5,386,-381
"9633","2727王品","110/07/12","統一-城中",159,22,137
"9634","2727王品","110/07/12","元大-嘉義",4,60,-56
"9635","2727王品","110/07/12","日盛-忠孝",60,0,60
"9636","2727王品","110/07/12","元大-大同",2,44,-42
"9637","2727王品","110/07/12","永豐金-忠孝",45,5,40
"9638","2727王品","110/07/12","國泰-台中",32,73,-41
"9639","2727王品","110/07/12","合庫-新竹",31,0,31
"9640","2727王品","110/07/12","元大證券",127,163,-36
"9641","2727王品","110/07/12","富邦-台中",31,3,28
"9642","2727王品","110/07/12","凱基",1,33,-32
"9643","2727王品","110/07/12","元大-桃園",35,10,25
"9644","2727王品","110/07/12","永全-南崁",1,31,-30
"9645","2727王品","110/07/12","新加坡商瑞銀",28,4,24
"9646","2727王品","110/07/12","凱基-和平",2,32,-30
"9647","2727王品","110/07/12","群益金鼎-古亭",25,2,23
"9648","2727王品","110/07/12","永豐金-大園",8,38,-30
"9649","2727王品","110/07/12","元大-龍潭",29,7,22
"9650","2727王品","110/07/12","瑞士信貸",0,28,-28
"9651","2727王品","110/07/12","永豐金-永康",25,3,22
"9652","2727王品","110/07/12","元富",17,44,-27
"9653","2727王品","110/07/12","富邦-竹北",24,3,21
"9654","2727王品","110/07/12","元大-北屯",5,32,-27
"9655","2727王品","110/07/12","群益金鼎-松山",20,0,20
"9656","2727王品","110/07/12","華南永昌",3,28,-25
"9657","2727王品","110/07/12","元大-八德",20,0,20
"9658","2727王品","110/07/12","統一-竹南",1,23,-22
"9659","2727王品","110/07/12","元大-南京",25,6,19
"9660","2727王品","110/07/12","永豐金證券",4,26,-22
"9661","1570力肯","110/07/12","國票-北高雄",40,0,40
"9662","1570力肯","110/07/12","日盛-竹北",0,40,-40
"9663","1570力肯","110/07/12","摩根大通",16,0,16
"9664","1570力肯","110/07/12","第一金-華江",1,38,-37
"9665","1570力肯","110/07/12","新光",31,19,12
"9666","1570力肯","110/07/12","元大-永春",0,26,-26
"9667","1570力肯","110/07/12","元大-台中中港",12,0,12
"9668","1570力肯","110/07/12","元大-古亭",1,20,-19
"9669","1570力肯","110/07/12","日盛-高雄",10,0,10
"9670","1570力肯","110/07/12","國泰-松江",0,16,-16
"9671","1570力肯","110/07/12","第一金-路竹",10,0,10
"9672","1570力肯","110/07/12","台新-台南",0,15,-15
"9673","1570力肯","110/07/12","台新-新莊",10,0,10
"9674","1570力肯","110/07/12","康和-石牌",0,15,-15
"9675","1570力肯","110/07/12","元大-新盛",9,0,9
"9676","1570力肯","110/07/12","國泰-板橋",0,11,-11
"9677","1570力肯","110/07/12","凱基-台北",8,0,8
"9678","1570力肯","110/07/12","元大-高雄",0,11,-11
"9679","1570力肯","110/07/12","彰銀-七賢",6,0,6
"9680","1570力肯","110/07/12","兆豐-桃園",0,10,-10
"9681","1570力肯","110/07/12","元富-緯城",6,0,6
"9682","1570力肯","110/07/12","元大-大益",0,10,-10
"9683","1570力肯","110/07/12","華南永昌-古亭",6,0,6
"9684","1570力肯","110/07/12","中國信託-文心",0,5,-5
"9685","1570力肯","110/07/12","富邦-陽明",6,0,6
"9686","1570力肯","110/07/12","光和",0,5,-5
"9687","1570力肯","110/07/12","臺銀-臺南",5,0,5
"9688","1570力肯","110/07/12","陽信-石牌",0,5,-5
"9689","1570力肯","110/07/12","宏遠-館前",5,0,5
"9690","1570力肯","110/07/12","國泰-高雄",0,5,-5
"9691","6180橘子","110/07/12","康和-台中",32,2,30
"9692","6180橘子","110/07/12","新百王",1,40,-39
"9693","6180橘子","110/07/12","美林",32,3,29
"9694","6180橘子","110/07/12","富邦-陽明",4,42,-38
"9695","6180橘子","110/07/12","元大-羅東",21,0,21
"9696","6180橘子","110/07/12","新光",3,32,-29
"9697","6180橘子","110/07/12","兆豐-埔墘",16,0,16
"9698","6180橘子","110/07/12","日盛-文化",4,20,-16
"9699","6180橘子","110/07/12","元大-雙和",12,0,12
"9700","6180橘子","110/07/12","華南永昌-鶯歌",0,15,-15
"9701","6180橘子","110/07/12","美商高盛",18,7,11
"9702","6180橘子","110/07/12","中國信託-忠孝",7,20,-13
"9703","6180橘子","110/07/12","台新證券",14,3,11
"9704","6180橘子","110/07/12","凱基-台北",5,17,-12
"9705","6180橘子","110/07/12","元大-中壢",12,1,11
"9706","6180橘子","110/07/12","凱基-高雄",0,11,-11
"9707","6180橘子","110/07/12","統一-南京",10,0,10
"9708","6180橘子","110/07/12","凱基-大安",0,10,-10
"9709","6180橘子","110/07/12","致和-崇德",10,0,10
"9710","6180橘子","110/07/12","元大-北屯",0,10,-10
"9711","6180橘子","110/07/12","玉山-板橋",10,0,10
"9712","6180橘子","110/07/12","元大-南京",0,9,-9
"9713","6180橘子","110/07/12","富邦-仁愛",10,0,10
"9714","6180橘子","110/07/12","元大-台南",1,10,-9
"9715","6180橘子","110/07/12","摩根大通",10,1,9
"9716","6180橘子","110/07/12","康和-澎湖",0,8,-8
"9717","6180橘子","110/07/12","元富-林園",8,0,8
"9718","6180橘子","110/07/12","第一金-台中",0,7,-7
"9719","6180橘子","110/07/12","大慶-富順",7,0,7
"9720","6180橘子","110/07/12","台新-台南",1,8,-7
"9721","2390云辰","110/07/12","統一-新台中",170,0,170
"9722","2390云辰","110/07/12","元大-天母",2,450,-448
"9723","2390云辰","110/07/12","華南永昌-麻豆",137,2,135
"9724","2390云辰","110/07/12","國泰-忠孝",1,143,-142
"9725","2390云辰","110/07/12","元富-成功",103,14,89
"9726","2390云辰","110/07/12","摩根大通",377,512,-135
"9727","2390云辰","110/07/12","元大-土城學府",146,69,77
"9728","2390云辰","110/07/12","台灣摩根士丹利",0,91,-91
"9729","2390云辰","110/07/12","永豐金-永康",76,4,72
"9730","2390云辰","110/07/12","美林",84,146,-62
"9731","2390云辰","110/07/12","台中銀",73,2,71
"9732","2390云辰","110/07/12","華南永昌-嘉義",2,61,-59
"9733","2390云辰","110/07/12","大昌",63,3,60
"9734","2390云辰","110/07/12","永豐金-羅東",0,49,-49
"9735","2390云辰","110/07/12","合庫-三重",50,0,50
"9736","2390云辰","110/07/12","玉山-台中",6,53,-47
"9737","2390云辰","110/07/12","元富-高雄",93,50,43
"9738","2390云辰","110/07/12","玉山-新莊",2,48,-46
"9739","2390云辰","110/07/12","元大-館前",40,4,36
"9740","2390云辰","110/07/12","元大-大里",7,52,-45
"9741","2390云辰","110/07/12","港商野村",143,109,34
"9742","2390云辰","110/07/12","元大-內湖",3,48,-45
"9743","2390云辰","110/07/12","元大-雙和",34,0,34
"9744","2390云辰","110/07/12","永豐金-市政",1,42,-41
"9745","2390云辰","110/07/12","群益金鼎-民權",33,2,31
"9746","2390云辰","110/07/12","元大-學甲",1,41,-40
"9747","2390云辰","110/07/12","日盛-八德",40,10,30
"9748","2390云辰","110/07/12","兆豐-高雄",2,41,-39
"9749","2390云辰","110/07/12","國票-嘉義",30,0,30
"9750","2390云辰","110/07/12","新加坡商瑞銀",21,59,-38
"9751","4903聯光通","110/07/09","元大-敦南",10,0,10
"9752","4903聯光通","110/07/09","第一金-台中",0,12,-12
"9753","4903聯光通","110/07/09","凱基-士林",5,0,5
"9754","4903聯光通","110/07/09","日盛-忠孝",0,3,-3
"9755","4903聯光通","110/07/09","元大-苗栗",5,0,5
"9756","4903聯光通","110/07/09","群益金鼎-崇德",0,3,-3
"9757","4903聯光通","110/07/09","元大-屏南",3,0,3
"9758","4903聯光通","110/07/09","國票-內壢",0,2,-2
"9759","4903聯光通","110/07/09","中國信託-永康",1,0,1
"9760","4903聯光通","110/07/09","康和-南崁",0,2,-2
"9761","4903聯光通","110/07/09","玉山證券",1,0,1
"9762","4903聯光通","110/07/09","新光-台中",0,2,-2
"9763","4903聯光通","110/07/09","元大-太平",4,3,1
"9764","4903聯光通","110/07/09","玉山-城中",0,2,-2
"9765","4903聯光通","110/07/09","永豐金-嘉義",1,0,1
"9766","4903聯光通","110/07/09","中國信託-文心",0,1,-1
"9767","4903聯光通","110/07/09","大昌",0,0,0
"9768","4903聯光通","110/07/09","大昌",0,0,0
"9769","4903聯光通","110/07/09","中農",0,0,0
"9770","4903聯光通","110/07/09","中農",0,0,0
"9771","4903聯光通","110/07/09","",NA,NA,NA
"9772","4903聯光通","110/07/09","",NA,NA,NA
"9773","4903聯光通","110/07/09","",NA,NA,NA
"9774","4903聯光通","110/07/09","",NA,NA,NA
"9775","4903聯光通","110/07/09","",NA,NA,NA
"9776","4903聯光通","110/07/09","",NA,NA,NA
"9777","4903聯光通","110/07/09","",NA,NA,NA
"9778","4903聯光通","110/07/09","",NA,NA,NA
"9779","4903聯光通","110/07/09","",NA,NA,NA
"9780","4903聯光通","110/07/09","",NA,NA,NA
"9781","2929淘帝","110/07/09","台中銀-台北",110,0,110
"9782","2929淘帝","110/07/09","新光",2,82,-80
"9783","2929淘帝","110/07/09","華南永昌-頭份",72,0,72
"9784","2929淘帝","110/07/09","摩根大通",2,63,-61
"9785","2929淘帝","110/07/09","合庫-高雄",71,0,71
"9786","2929淘帝","110/07/09","第一金-路竹",0,50,-50
"9787","2929淘帝","110/07/09","高橋-龍潭",37,0,37
"9788","2929淘帝","110/07/09","港商麥格理",0,42,-42
"9789","2929淘帝","110/07/09","新光-台中",60,26,34
"9790","2929淘帝","110/07/09","陽信-石牌",0,40,-40
"9791","2929淘帝","110/07/09","元富-大裕",22,1,21
"9792","2929淘帝","110/07/09","台新-左楠",1,39,-38
"9793","2929淘帝","110/07/09","合庫-鳳山",20,0,20
"9794","2929淘帝","110/07/09","凱基-桃園",3,29,-26
"9795","2929淘帝","110/07/09","元大-員林",22,2,20
"9796","2929淘帝","110/07/09","兆豐-內湖",0,25,-25
"9797","2929淘帝","110/07/09","台新-建北",15,0,15
"9798","2929淘帝","110/07/09","元大-北港",0,20,-20
"9799","2929淘帝","110/07/09","兆豐-桃園",13,0,13
"9800","2929淘帝","110/07/09","富邦-北港",0,19,-19
"9801","2929淘帝","110/07/09","兆豐-忠孝",10,0,10
"9802","2929淘帝","110/07/09","富邦-花蓮",0,17,-17
"9803","2929淘帝","110/07/09","國票-敦北法人",10,0,10
"9804","2929淘帝","110/07/09","國泰-台中",2,17,-15
"9805","2929淘帝","110/07/09","永豐金-博愛",10,0,10
"9806","2929淘帝","110/07/09","群益金鼎-彰化",0,15,-15
"9807","2929淘帝","110/07/09","群益金鼎-潭子",8,0,8
"9808","2929淘帝","110/07/09","元大-博愛",0,14,-14
"9809","2929淘帝","110/07/09","富邦-南屯",8,0,8
"9810","2929淘帝","110/07/09","日盛-板橋",0,13,-13
"9811","5410國眾","110/07/09","元大-新盛",14,0,14
"9812","5410國眾","110/07/09","(牛牛牛)亞-鑫豐",1,41,-40
"9813","5410國眾","110/07/09","台灣企銀-民雄",10,0,10
"9814","5410國眾","110/07/09","元富-嘉義",0,25,-25
"9815","5410國眾","110/07/09","元富-虎尾",9,0,9
"9816","5410國眾","110/07/09","凱基-高美館",0,10,-10
"9817","5410國眾","110/07/09","摩根大通",10,1,9
"9818","5410國眾","110/07/09","凱基-城中",0,10,-10
"9819","5410國眾","110/07/09","兆豐-北高雄",7,0,7
"9820","5410國眾","110/07/09","元大-頭份",0,10,-10
"9821","5410國眾","110/07/09","凱基-台北",8,1,7
"9822","5410國眾","110/07/09","群益金鼎-丹鳳",0,7,-7
"9823","5410國眾","110/07/09","華南永昌-公誠",7,0,7
"9824","5410國眾","110/07/09","凱基-復興",0,7,-7
"9825","5410國眾","110/07/09","香港上海匯豐",6,0,6
"9826","5410國眾","110/07/09","元大-員林",0,7,-7
"9827","5410國眾","110/07/09","凱基-中壢",6,0,6
"9828","5410國眾","110/07/09","富邦-竹東",0,6,-6
"9829","5410國眾","110/07/09","華南永昌-南京",6,0,6
"9830","5410國眾","110/07/09","亞東-高雄",0,5,-5
"9831","5410國眾","110/07/09","統一-三重",5,0,5
"9832","5410國眾","110/07/09","大慶-中壢",1,6,-5
"9833","5410國眾","110/07/09","富邦-宜蘭",5,0,5
"9834","5410國眾","110/07/09","群益金鼎-中港",0,5,-5
"9835","5410國眾","110/07/09","元大-崇德",5,0,5
"9836","5410國眾","110/07/09","元大-八德",0,5,-5
"9837","5410國眾","110/07/09","元大-博愛",5,0,5
"9838","5410國眾","110/07/09","富邦-基隆",0,4,-4
"9839","5410國眾","110/07/09","元大-龍潭",5,0,5
"9840","5410國眾","110/07/09","臺銀-新竹",0,3,-3
"9841","2841台開","110/07/09","日盛-雙和",102,0,102
"9842","2841台開","110/07/09","港商野村",0,129,-129
"9843","2841台開","110/07/09","元大-館前",70,0,70
"9844","2841台開","110/07/09","兆豐-永和",0,100,-100
"9845","2841台開","110/07/09","凱基-文心",50,0,50
"9846","2841台開","110/07/09","台新證券",7,28,-21
"9847","2841台開","110/07/09","富邦-嘉義",40,0,40
"9848","2841台開","110/07/09","國票-北高雄",0,20,-20
"9849","2841台開","110/07/09","美商高盛",15,0,15
"9850","2841台開","110/07/09","永豐金-敦南",29,46,-17
"9851","2841台開","110/07/09","台中銀",15,0,15
"9852","2841台開","110/07/09","合庫-基隆",0,12,-12
"9853","2841台開","110/07/09","新光",11,0,11
"9854","2841台開","110/07/09","中國信託-松江",0,12,-12
"9855","2841台開","110/07/09","華南永昌-長虹",10,0,10
"9856","2841台開","110/07/09","兆豐-城中",0,12,-12
"9857","2841台開","110/07/09","永豐金-南投",10,0,10
"9858","2841台開","110/07/09","台中銀-豐原",0,10,-10
"9859","2841台開","110/07/09","合庫-桃園",7,0,7
"9860","2841台開","110/07/09","兆豐-景美",0,10,-10
"9861","2841台開","110/07/09","群益金鼎-古亭",7,0,7
"9862","2841台開","110/07/09","群益金鼎-基隆",0,10,-10
"9863","2841台開","110/07/09","國泰-敦南",6,0,6
"9864","2841台開","110/07/09","元大-北三重",0,10,-10
"9865","2841台開","110/07/09","凱基-桃園",8,2,6
"9866","2841台開","110/07/09","(牛牛牛)亞-網路",0,9,-9
"9867","2841台開","110/07/09","日盛證券",5,0,5
"9868","2841台開","110/07/09","台新-高雄",1,10,-9
"9869","2841台開","110/07/09","元富-文心",5,0,5
"9870","2841台開","110/07/09","凱基-台北",0,7,-7
"9871","6207雷科","110/07/09","群益金鼎-新竹",47,0,47
"9872","6207雷科","110/07/09","新光",7,24,-17
"9873","6207雷科","110/07/09","永豐金-三重",31,0,31
"9874","6207雷科","110/07/09","日盛-和美",0,15,-15
"9875","6207雷科","110/07/09","新加坡商瑞銀",33,5,28
"9876","6207雷科","110/07/09","國泰-台南",0,15,-15
"9877","6207雷科","110/07/09","元大-高雄",26,0,26
"9878","6207雷科","110/07/09","華南永昌-古亭",0,14,-14
"9879","6207雷科","110/07/09","統一-員林",22,0,22
"9880","6207雷科","110/07/09","土銀-白河",0,11,-11
"9881","6207雷科","110/07/09","台新-高雄",22,0,22
"9882","6207雷科","110/07/09","日盛-台南",0,10,-10
"9883","6207雷科","110/07/09","摩根大通",34,17,17
"9884","6207雷科","110/07/09","元富-林園",0,10,-10
"9885","6207雷科","110/07/09","元大-博愛",17,1,16
"9886","6207雷科","110/07/09","富邦-園區",0,10,-10
"9887","6207雷科","110/07/09","日茂-埔里",12,0,12
"9888","6207雷科","110/07/09","元大-上新莊",0,10,-10
"9889","6207雷科","110/07/09","國泰-台中",17,6,11
"9890","6207雷科","110/07/09","永豐金-南京",0,10,-10
"9891","6207雷科","110/07/09","富邦-三重",10,0,10
"9892","6207雷科","110/07/09","兆豐-小港",0,6,-6
"9893","6207雷科","110/07/09","元大-沙鹿",10,0,10
"9894","6207雷科","110/07/09","富邦-羅東",1,7,-6
"9895","6207雷科","110/07/09","元大-八德",10,0,10
"9896","6207雷科","110/07/09","元大-土城永寧",0,6,-6
"9897","6207雷科","110/07/09","第一金-路竹",11,2,9
"9898","6207雷科","110/07/09","永豐金-板盛",0,6,-6
"9899","6207雷科","110/07/09","統一-南京",5,0,5
"9900","6207雷科","110/07/09","日盛-板橋",0,5,-5
"9901","3679新至陞","110/07/09","元大-大天母",10,0,10
"9902","3679新至陞","110/07/09","第一金-光復",0,11,-11
"9903","3679新至陞","110/07/09","日盛-樹林",9,0,9
"9904","3679新至陞","110/07/09","瑞士信貸",0,8,-8
"9905","3679新至陞","110/07/09","凱基-台北",11,2,9
"9906","3679新至陞","110/07/09","大慶-苗栗",0,5,-5
"9907","3679新至陞","110/07/09","華南永昌-小港",8,0,8
"9908","3679新至陞","110/07/09","元大-永春",0,5,-5
"9909","3679新至陞","110/07/09","兆豐-來福",7,0,7
"9910","3679新至陞","110/07/09","日盛-和美",0,4,-4
"9911","3679新至陞","110/07/09","香港上海匯豐",5,0,5
"9912","3679新至陞","110/07/09","元大-雙和",0,3,-3
"9913","3679新至陞","110/07/09","台中銀-員林",3,0,3
"9914","3679新至陞","110/07/09","永豐金-屏東",0,3,-3
"9915","3679新至陞","110/07/09","新光",3,0,3
"9916","3679新至陞","110/07/09","彰銀",0,2,-2
"9917","3679新至陞","110/07/09","土銀-花蓮",2,0,2
"9918","3679新至陞","110/07/09","宏遠-館前",0,2,-2
"9919","3679新至陞","110/07/09","第一金-澎湖",2,0,2
"9920","3679新至陞","110/07/09","港商野村",0,2,-2
"9921","3679新至陞","110/07/09","摩根大通",2,0,2
"9922","3679新至陞","110/07/09","大昌-新店",0,2,-2
"9923","3679新至陞","110/07/09","國泰-敦南",2,0,2
"9924","3679新至陞","110/07/09","元大-新莊",0,2,-2
"9925","3679新至陞","110/07/09","元大-淡水",4,2,2
"9926","3679新至陞","110/07/09","元大-板橋",0,2,-2
"9927","3679新至陞","110/07/09","日盛-士林",1,0,1
"9928","3679新至陞","110/07/09","台灣摩根士丹利",0,1,-1
"9929","3679新至陞","110/07/09","日盛-信義",1,0,1
"9930","3679新至陞","110/07/09","第一金-高雄",0,1,-1
"9931","2727王品","110/07/09","台灣匯立證券",90,0,90
"9932","2727王品","110/07/09","台灣摩根士丹利",0,267,-267
"9933","2727王品","110/07/09","國泰-敦南",166,84,82
"9934","2727王品","110/07/09","富邦-台北",35,299,-264
"9935","2727王品","110/07/09","富邦-仁愛",56,12,44
"9936","2727王品","110/07/09","凱基-台北",174,296,-122
"9937","2727王品","110/07/09","台新證券",109,66,43
"9938","2727王品","110/07/09","第一金",2,102,-100
"9939","2727王品","110/07/09","新光",117,87,30
"9940","2727王品","110/07/09","群益金鼎-大安",0,80,-80
"9941","2727王品","110/07/09","臺銀-臺中",35,6,29
"9942","2727王品","110/07/09","兆豐-大安",7,60,-53
"9943","2727王品","110/07/09","元大-桃園",32,3,29
"9944","2727王品","110/07/09","永豐金-南投",0,50,-50
"9945","2727王品","110/07/09","元富-宜蘭",34,6,28
"9946","2727王品","110/07/09","新加坡商瑞銀",6,46,-40
"9947","2727王品","110/07/09","玉山-台中",34,8,26
"9948","2727王品","110/07/09","合庫-彰化",11,50,-39
"9949","2727王品","110/07/09","群益金鼎-宜蘭",30,4,26
"9950","2727王品","110/07/09","永豐金-萬盛",13,52,-39
"9951","2727王品","110/07/09","富邦-台中",42,16,26
"9952","2727王品","110/07/09","瑞士信貸",0,34,-34
"9953","2727王品","110/07/09","第一金-豐原",25,1,24
"9954","2727王品","110/07/09","元大-和平",4,35,-31
"9955","2727王品","110/07/09","臺銀",30,8,22
"9956","2727王品","110/07/09","美林",14,44,-30
"9957","2727王品","110/07/09","兆豐-來福",23,1,22
"9958","2727王品","110/07/09","元大-員林",9,38,-29
"9959","2727王品","110/07/09","玉山-士林",22,2,20
"9960","2727王品","110/07/09","元富-西松",4,31,-27
"9961","1570力肯","110/07/09","凱基-台北",30,1,29
"9962","1570力肯","110/07/09","群益金鼎-彰化",0,20,-20
"9963","1570力肯","110/07/09","新光-台南",20,0,20
"9964","1570力肯","110/07/09","元大-土城學府",0,20,-20
"9965","1570力肯","110/07/09","元大-高雄",20,0,20
"9966","1570力肯","110/07/09","元大-大統",0,16,-16
"9967","1570力肯","110/07/09","國票-中正",12,0,12
"9968","1570力肯","110/07/09","元大-新營",0,11,-11
"9969","1570力肯","110/07/09","日盛-高雄",6,0,6
"9970","1570力肯","110/07/09","元大-和平",0,10,-10
"9971","1570力肯","110/07/09","元富-緯城",6,0,6
"9972","1570力肯","110/07/09","元大-草屯",0,10,-10
"9973","1570力肯","110/07/09","群益金鼎-台南",6,0,6
"9974","1570力肯","110/07/09","元大-鹿港",0,9,-9
"9975","1570力肯","110/07/09","華南永昌-岡山",6,0,6
"9976","1570力肯","110/07/09","合庫-基隆",0,7,-7
"9977","1570力肯","110/07/09","統一-中壢",5,0,5
"9978","1570力肯","110/07/09","摩根大通",2,8,-6
"9979","1570力肯","110/07/09","凱基-三峽",5,0,5
"9980","1570力肯","110/07/09","台灣企銀-豐原",0,4,-4
"9981","1570力肯","110/07/09","大昌-樹林",4,0,4
"9982","1570力肯","110/07/09","日盛-桃園",0,4,-4
"9983","1570力肯","110/07/09","新光",3,0,3
"9984","1570力肯","110/07/09","國泰-高雄",0,3,-3
"9985","1570力肯","110/07/09","富邦-新竹華信",3,0,3
"9986","1570力肯","110/07/09","永豐金-敦南",0,3,-3
"9987","1570力肯","110/07/09","合庫-台中",2,0,2
"9988","1570力肯","110/07/09","土銀-彰化",0,2,-2
"9989","1570力肯","110/07/09","臺銀-臺中",2,0,2
"9990","1570力肯","110/07/09","臺銀-鳳山",0,2,-2
"9991","6180橘子","110/07/09","摩根大通",63,1,62
"9992","6180橘子","110/07/09","元大-南京",1,32,-31
"9993","6180橘子","110/07/09","富邦-陽明",73,33,40
"9994","6180橘子","110/07/09","群益金鼎-台北",0,25,-25
"9995","6180橘子","110/07/09","新加坡商瑞銀",31,0,31
"9996","6180橘子","110/07/09","兆豐-復興",0,21,-21
"9997","6180橘子","110/07/09","美商高盛",25,0,25
"9998","6180橘子","110/07/09","永豐金-嘉義",0,21,-21
"9999","6180橘子","110/07/09","凱基-台北",26,10,16
"10000","6180橘子","110/07/09","凱基-中壢",8,24,-16
"10001","6180橘子","110/07/09","華南永昌-楠梓",13,0,13
"10002","6180橘子","110/07/09","致和-崇德",0,15,-15
"10003","6180橘子","110/07/09","華南永昌-朴子",11,0,11
"10004","6180橘子","110/07/09","群益金鼎-屏東",0,15,-15
"10005","6180橘子","110/07/09","元大-北港",11,0,11
"10006","6180橘子","110/07/09","群益金鼎-中山",0,15,-15
"10007","6180橘子","110/07/09","元大-成功",10,1,9
"10008","6180橘子","110/07/09","瑞士信貸",1,15,-14
"10009","6180橘子","110/07/09","新光",26,18,8
"10010","6180橘子","110/07/09","日盛-二林",0,10,-10
"10011","6180橘子","110/07/09","統一-三重",6,0,6
"10012","6180橘子","110/07/09","凱基-東門",0,10,-10
"10013","6180橘子","110/07/09","群益金鼎-嘉義",6,0,6
"10014","6180橘子","110/07/09","華南永昌-三重",0,10,-10
"10015","6180橘子","110/07/09","元大-員林中山",6,0,6
"10016","6180橘子","110/07/09","元大-彰化民生",1,11,-10
"10017","6180橘子","110/07/09","合庫-鳳山",5,0,5
"10018","6180橘子","110/07/09","永豐金-新店",1,11,-10
"10019","6180橘子","110/07/09","富邦-建國",6,1,5
"10020","6180橘子","110/07/09","群益金鼎-丹鳳",0,8,-8
"10021","2390云辰","110/07/09","摩根大通",279,56,223
"10022","2390云辰","110/07/09","元大-天母",0,127,-127
"10023","2390云辰","110/07/09","日盛-鳳山",110,2,108
"10024","2390云辰","110/07/09","中國信託-文心",5,109,-104
"10025","2390云辰","110/07/09","宏遠證券",100,0,100
"10026","2390云辰","110/07/09","永豐金-復興",0,55,-55
"10027","2390云辰","110/07/09","元大-大里",63,6,57
"10028","2390云辰","110/07/09","凱基-台北",239,286,-47
"10029","2390云辰","110/07/09","凱基-八德",59,10,49
"10030","2390云辰","110/07/09","德信",2,32,-30
"10031","2390云辰","110/07/09","合庫-新竹",40,0,40
"10032","2390云辰","110/07/09","兆豐-桃鶯",2,32,-30
"10033","2390云辰","110/07/09","國票",40,1,39
"10034","2390云辰","110/07/09","致和-南京",0,30,-30
"10035","2390云辰","110/07/09","新加坡商瑞銀",49,13,36
"10036","2390云辰","110/07/09","富邦-虎尾",1,31,-30
"10037","2390云辰","110/07/09","統一-新台中",36,2,34
"10038","2390云辰","110/07/09","元大-善化",2,31,-29
"10039","2390云辰","110/07/09","國票-嘉義",31,0,31
"10040","2390云辰","110/07/09","富邦-板橋",0,27,-27
"10041","2390云辰","110/07/09","華南永昌",35,7,28
"10042","2390云辰","110/07/09","富邦-永和",3,28,-25
"10043","2390云辰","110/07/09","玉山-台中",49,22,27
"10044","2390云辰","110/07/09","第一金-自由",20,44,-24
"10045","2390云辰","110/07/09","華南永昌-敦南",25,0,25
"10046","2390云辰","110/07/09","凱基-內湖",0,24,-24
"10047","2390云辰","110/07/09","新光-高雄",27,4,23
"10048","2390云辰","110/07/09","元大-汐止",1,24,-23
"10049","2390云辰","110/07/09","台灣摩根士丹利",85,63,22
"10050","2390云辰","110/07/09","新光-台中",12,33,-21
"10051","4903聯光通","110/07/09","元大-敦南",10,0,10
"10052","4903聯光通","110/07/09","第一金-台中",0,12,-12
"10053","4903聯光通","110/07/09","凱基-士林",5,0,5
"10054","4903聯光通","110/07/09","日盛-忠孝",0,3,-3
"10055","4903聯光通","110/07/09","元大-苗栗",5,0,5
"10056","4903聯光通","110/07/09","群益金鼎-崇德",0,3,-3
"10057","4903聯光通","110/07/09","元大-屏南",3,0,3
"10058","4903聯光通","110/07/09","國票-內壢",0,2,-2
"10059","4903聯光通","110/07/09","中國信託-永康",1,0,1
"10060","4903聯光通","110/07/09","康和-南崁",0,2,-2
"10061","4903聯光通","110/07/09","玉山證券",1,0,1
"10062","4903聯光通","110/07/09","新光-台中",0,2,-2
"10063","4903聯光通","110/07/09","元大-太平",4,3,1
"10064","4903聯光通","110/07/09","玉山-城中",0,2,-2
"10065","4903聯光通","110/07/09","永豐金-嘉義",1,0,1
"10066","4903聯光通","110/07/09","中國信託-文心",0,1,-1
"10067","4903聯光通","110/07/09","大昌",0,0,0
"10068","4903聯光通","110/07/09","大昌",0,0,0
"10069","4903聯光通","110/07/09","中農",0,0,0
"10070","4903聯光通","110/07/09","中農",0,0,0
"10071","4903聯光通","110/07/09","",NA,NA,NA
"10072","4903聯光通","110/07/09","",NA,NA,NA
"10073","4903聯光通","110/07/09","",NA,NA,NA
"10074","4903聯光通","110/07/09","",NA,NA,NA
"10075","4903聯光通","110/07/09","",NA,NA,NA
"10076","4903聯光通","110/07/09","",NA,NA,NA
"10077","4903聯光通","110/07/09","",NA,NA,NA
"10078","4903聯光通","110/07/09","",NA,NA,NA
"10079","4903聯光通","110/07/09","",NA,NA,NA
"10080","4903聯光通","110/07/09","",NA,NA,NA
"10081","2929淘帝","110/07/09","台中銀-台北",110,0,110
"10082","2929淘帝","110/07/09","新光",2,82,-80
"10083","2929淘帝","110/07/09","華南永昌-頭份",72,0,72
"10084","2929淘帝","110/07/09","摩根大通",2,63,-61
"10085","2929淘帝","110/07/09","合庫-高雄",71,0,71
"10086","2929淘帝","110/07/09","第一金-路竹",0,50,-50
"10087","2929淘帝","110/07/09","高橋-龍潭",37,0,37
"10088","2929淘帝","110/07/09","港商麥格理",0,42,-42
"10089","2929淘帝","110/07/09","新光-台中",60,26,34
"10090","2929淘帝","110/07/09","陽信-石牌",0,40,-40
"10091","2929淘帝","110/07/09","元富-大裕",22,1,21
"10092","2929淘帝","110/07/09","台新-左楠",1,39,-38
"10093","2929淘帝","110/07/09","合庫-鳳山",20,0,20
"10094","2929淘帝","110/07/09","凱基-桃園",3,29,-26
"10095","2929淘帝","110/07/09","元大-員林",22,2,20
"10096","2929淘帝","110/07/09","兆豐-內湖",0,25,-25
"10097","2929淘帝","110/07/09","台新-建北",15,0,15
"10098","2929淘帝","110/07/09","元大-北港",0,20,-20
"10099","2929淘帝","110/07/09","兆豐-桃園",13,0,13
"10100","2929淘帝","110/07/09","富邦-北港",0,19,-19
"10101","2929淘帝","110/07/09","兆豐-忠孝",10,0,10
"10102","2929淘帝","110/07/09","富邦-花蓮",0,17,-17
"10103","2929淘帝","110/07/09","國票-敦北法人",10,0,10
"10104","2929淘帝","110/07/09","國泰-台中",2,17,-15
"10105","2929淘帝","110/07/09","永豐金-博愛",10,0,10
"10106","2929淘帝","110/07/09","群益金鼎-彰化",0,15,-15
"10107","2929淘帝","110/07/09","群益金鼎-潭子",8,0,8
"10108","2929淘帝","110/07/09","元大-博愛",0,14,-14
"10109","2929淘帝","110/07/09","富邦-南屯",8,0,8
"10110","2929淘帝","110/07/09","日盛-板橋",0,13,-13
"10111","5410國眾","110/07/09","元大-新盛",14,0,14
"10112","5410國眾","110/07/09","(牛牛牛)亞-鑫豐",1,41,-40
"10113","5410國眾","110/07/09","台灣企銀-民雄",10,0,10
"10114","5410國眾","110/07/09","元富-嘉義",0,25,-25
"10115","5410國眾","110/07/09","元富-虎尾",9,0,9
"10116","5410國眾","110/07/09","凱基-高美館",0,10,-10
"10117","5410國眾","110/07/09","摩根大通",10,1,9
"10118","5410國眾","110/07/09","凱基-城中",0,10,-10
"10119","5410國眾","110/07/09","兆豐-北高雄",7,0,7
"10120","5410國眾","110/07/09","元大-頭份",0,10,-10
"10121","5410國眾","110/07/09","凱基-台北",8,1,7
"10122","5410國眾","110/07/09","群益金鼎-丹鳳",0,7,-7
"10123","5410國眾","110/07/09","華南永昌-公誠",7,0,7
"10124","5410國眾","110/07/09","凱基-復興",0,7,-7
"10125","5410國眾","110/07/09","香港上海匯豐",6,0,6
"10126","5410國眾","110/07/09","元大-員林",0,7,-7
"10127","5410國眾","110/07/09","凱基-中壢",6,0,6
"10128","5410國眾","110/07/09","富邦-竹東",0,6,-6
"10129","5410國眾","110/07/09","華南永昌-南京",6,0,6
"10130","5410國眾","110/07/09","亞東-高雄",0,5,-5
"10131","5410國眾","110/07/09","統一-三重",5,0,5
"10132","5410國眾","110/07/09","大慶-中壢",1,6,-5
"10133","5410國眾","110/07/09","富邦-宜蘭",5,0,5
"10134","5410國眾","110/07/09","群益金鼎-中港",0,5,-5
"10135","5410國眾","110/07/09","元大-崇德",5,0,5
"10136","5410國眾","110/07/09","元大-八德",0,5,-5
"10137","5410國眾","110/07/09","元大-博愛",5,0,5
"10138","5410國眾","110/07/09","富邦-基隆",0,4,-4
"10139","5410國眾","110/07/09","元大-龍潭",5,0,5
"10140","5410國眾","110/07/09","臺銀-新竹",0,3,-3
"10141","2841台開","110/07/09","日盛-雙和",102,0,102
"10142","2841台開","110/07/09","港商野村",0,129,-129
"10143","2841台開","110/07/09","元大-館前",70,0,70
"10144","2841台開","110/07/09","兆豐-永和",0,100,-100
"10145","2841台開","110/07/09","凱基-文心",50,0,50
"10146","2841台開","110/07/09","台新證券",7,28,-21
"10147","2841台開","110/07/09","富邦-嘉義",40,0,40
"10148","2841台開","110/07/09","國票-北高雄",0,20,-20
"10149","2841台開","110/07/09","美商高盛",15,0,15
"10150","2841台開","110/07/09","永豐金-敦南",29,46,-17
"10151","2841台開","110/07/09","台中銀",15,0,15
"10152","2841台開","110/07/09","合庫-基隆",0,12,-12
"10153","2841台開","110/07/09","新光",11,0,11
"10154","2841台開","110/07/09","中國信託-松江",0,12,-12
"10155","2841台開","110/07/09","華南永昌-長虹",10,0,10
"10156","2841台開","110/07/09","兆豐-城中",0,12,-12
"10157","2841台開","110/07/09","永豐金-南投",10,0,10
"10158","2841台開","110/07/09","台中銀-豐原",0,10,-10
"10159","2841台開","110/07/09","合庫-桃園",7,0,7
"10160","2841台開","110/07/09","兆豐-景美",0,10,-10
"10161","2841台開","110/07/09","群益金鼎-古亭",7,0,7
"10162","2841台開","110/07/09","群益金鼎-基隆",0,10,-10
"10163","2841台開","110/07/09","國泰-敦南",6,0,6
"10164","2841台開","110/07/09","元大-北三重",0,10,-10
"10165","2841台開","110/07/09","凱基-桃園",8,2,6
"10166","2841台開","110/07/09","(牛牛牛)亞-網路",0,9,-9
"10167","2841台開","110/07/09","日盛證券",5,0,5
"10168","2841台開","110/07/09","台新-高雄",1,10,-9
"10169","2841台開","110/07/09","元富-文心",5,0,5
"10170","2841台開","110/07/09","凱基-台北",0,7,-7
"10171","6207雷科","110/07/09","群益金鼎-新竹",47,0,47
"10172","6207雷科","110/07/09","新光",7,24,-17
"10173","6207雷科","110/07/09","永豐金-三重",31,0,31
"10174","6207雷科","110/07/09","日盛-和美",0,15,-15
"10175","6207雷科","110/07/09","新加坡商瑞銀",33,5,28
"10176","6207雷科","110/07/09","國泰-台南",0,15,-15
"10177","6207雷科","110/07/09","元大-高雄",26,0,26
"10178","6207雷科","110/07/09","華南永昌-古亭",0,14,-14
"10179","6207雷科","110/07/09","統一-員林",22,0,22
"10180","6207雷科","110/07/09","土銀-白河",0,11,-11
"10181","6207雷科","110/07/09","台新-高雄",22,0,22
"10182","6207雷科","110/07/09","日盛-台南",0,10,-10
"10183","6207雷科","110/07/09","摩根大通",34,17,17
"10184","6207雷科","110/07/09","元富-林園",0,10,-10
"10185","6207雷科","110/07/09","元大-博愛",17,1,16
"10186","6207雷科","110/07/09","富邦-園區",0,10,-10
"10187","6207雷科","110/07/09","日茂-埔里",12,0,12
"10188","6207雷科","110/07/09","元大-上新莊",0,10,-10
"10189","6207雷科","110/07/09","國泰-台中",17,6,11
"10190","6207雷科","110/07/09","永豐金-南京",0,10,-10
"10191","6207雷科","110/07/09","富邦-三重",10,0,10
"10192","6207雷科","110/07/09","兆豐-小港",0,6,-6
"10193","6207雷科","110/07/09","元大-沙鹿",10,0,10
"10194","6207雷科","110/07/09","富邦-羅東",1,7,-6
"10195","6207雷科","110/07/09","元大-八德",10,0,10
"10196","6207雷科","110/07/09","元大-土城永寧",0,6,-6
"10197","6207雷科","110/07/09","第一金-路竹",11,2,9
"10198","6207雷科","110/07/09","永豐金-板盛",0,6,-6
"10199","6207雷科","110/07/09","統一-南京",5,0,5
"10200","6207雷科","110/07/09","日盛-板橋",0,5,-5
"10201","3679新至陞","110/07/09","元大-大天母",10,0,10
"10202","3679新至陞","110/07/09","第一金-光復",0,11,-11
"10203","3679新至陞","110/07/09","日盛-樹林",9,0,9
"10204","3679新至陞","110/07/09","瑞士信貸",0,8,-8
"10205","3679新至陞","110/07/09","凱基-台北",11,2,9
"10206","3679新至陞","110/07/09","大慶-苗栗",0,5,-5
"10207","3679新至陞","110/07/09","華南永昌-小港",8,0,8
"10208","3679新至陞","110/07/09","元大-永春",0,5,-5
"10209","3679新至陞","110/07/09","兆豐-來福",7,0,7
"10210","3679新至陞","110/07/09","日盛-和美",0,4,-4
"10211","3679新至陞","110/07/09","香港上海匯豐",5,0,5
"10212","3679新至陞","110/07/09","元大-雙和",0,3,-3
"10213","3679新至陞","110/07/09","台中銀-員林",3,0,3
"10214","3679新至陞","110/07/09","永豐金-屏東",0,3,-3
"10215","3679新至陞","110/07/09","新光",3,0,3
"10216","3679新至陞","110/07/09","彰銀",0,2,-2
"10217","3679新至陞","110/07/09","土銀-花蓮",2,0,2
"10218","3679新至陞","110/07/09","宏遠-館前",0,2,-2
"10219","3679新至陞","110/07/09","第一金-澎湖",2,0,2
"10220","3679新至陞","110/07/09","港商野村",0,2,-2
"10221","3679新至陞","110/07/09","摩根大通",2,0,2
"10222","3679新至陞","110/07/09","大昌-新店",0,2,-2
"10223","3679新至陞","110/07/09","國泰-敦南",2,0,2
"10224","3679新至陞","110/07/09","元大-新莊",0,2,-2
"10225","3679新至陞","110/07/09","元大-淡水",4,2,2
"10226","3679新至陞","110/07/09","元大-板橋",0,2,-2
"10227","3679新至陞","110/07/09","日盛-士林",1,0,1
"10228","3679新至陞","110/07/09","台灣摩根士丹利",0,1,-1
"10229","3679新至陞","110/07/09","日盛-信義",1,0,1
"10230","3679新至陞","110/07/09","第一金-高雄",0,1,-1
"10231","2727王品","110/07/09","台灣匯立證券",90,0,90
"10232","2727王品","110/07/09","台灣摩根士丹利",0,267,-267
"10233","2727王品","110/07/09","國泰-敦南",166,84,82
"10234","2727王品","110/07/09","富邦-台北",35,299,-264
"10235","2727王品","110/07/09","富邦-仁愛",56,12,44
"10236","2727王品","110/07/09","凱基-台北",174,296,-122
"10237","2727王品","110/07/09","台新證券",109,66,43
"10238","2727王品","110/07/09","第一金",2,102,-100
"10239","2727王品","110/07/09","新光",117,87,30
"10240","2727王品","110/07/09","群益金鼎-大安",0,80,-80
"10241","2727王品","110/07/09","臺銀-臺中",35,6,29
"10242","2727王品","110/07/09","兆豐-大安",7,60,-53
"10243","2727王品","110/07/09","元大-桃園",32,3,29
"10244","2727王品","110/07/09","永豐金-南投",0,50,-50
"10245","2727王品","110/07/09","元富-宜蘭",34,6,28
"10246","2727王品","110/07/09","新加坡商瑞銀",6,46,-40
"10247","2727王品","110/07/09","玉山-台中",34,8,26
"10248","2727王品","110/07/09","合庫-彰化",11,50,-39
"10249","2727王品","110/07/09","群益金鼎-宜蘭",30,4,26
"10250","2727王品","110/07/09","永豐金-萬盛",13,52,-39
"10251","2727王品","110/07/09","富邦-台中",42,16,26
"10252","2727王品","110/07/09","瑞士信貸",0,34,-34
"10253","2727王品","110/07/09","第一金-豐原",25,1,24
"10254","2727王品","110/07/09","元大-和平",4,35,-31
"10255","2727王品","110/07/09","臺銀",30,8,22
"10256","2727王品","110/07/09","美林",14,44,-30
"10257","2727王品","110/07/09","兆豐-來福",23,1,22
"10258","2727王品","110/07/09","元大-員林",9,38,-29
"10259","2727王品","110/07/09","玉山-士林",22,2,20
"10260","2727王品","110/07/09","元富-西松",4,31,-27
"10261","1570力肯","110/07/09","凱基-台北",30,1,29
"10262","1570力肯","110/07/09","群益金鼎-彰化",0,20,-20
"10263","1570力肯","110/07/09","新光-台南",20,0,20
"10264","1570力肯","110/07/09","元大-土城學府",0,20,-20
"10265","1570力肯","110/07/09","元大-高雄",20,0,20
"10266","1570力肯","110/07/09","元大-大統",0,16,-16
"10267","1570力肯","110/07/09","國票-中正",12,0,12
"10268","1570力肯","110/07/09","元大-新營",0,11,-11
"10269","1570力肯","110/07/09","日盛-高雄",6,0,6
"10270","1570力肯","110/07/09","元大-和平",0,10,-10
"10271","1570力肯","110/07/09","元富-緯城",6,0,6
"10272","1570力肯","110/07/09","元大-草屯",0,10,-10
"10273","1570力肯","110/07/09","群益金鼎-台南",6,0,6
"10274","1570力肯","110/07/09","元大-鹿港",0,9,-9
"10275","1570力肯","110/07/09","華南永昌-岡山",6,0,6
"10276","1570力肯","110/07/09","合庫-基隆",0,7,-7
"10277","1570力肯","110/07/09","統一-中壢",5,0,5
"10278","1570力肯","110/07/09","摩根大通",2,8,-6
"10279","1570力肯","110/07/09","凱基-三峽",5,0,5
"10280","1570力肯","110/07/09","台灣企銀-豐原",0,4,-4
"10281","1570力肯","110/07/09","大昌-樹林",4,0,4
"10282","1570力肯","110/07/09","日盛-桃園",0,4,-4
"10283","1570力肯","110/07/09","新光",3,0,3
"10284","1570力肯","110/07/09","國泰-高雄",0,3,-3
"10285","1570力肯","110/07/09","富邦-新竹華信",3,0,3
"10286","1570力肯","110/07/09","永豐金-敦南",0,3,-3
"10287","1570力肯","110/07/09","合庫-台中",2,0,2
"10288","1570力肯","110/07/09","土銀-彰化",0,2,-2
"10289","1570力肯","110/07/09","臺銀-臺中",2,0,2
"10290","1570力肯","110/07/09","臺銀-鳳山",0,2,-2
"10291","6180橘子","110/07/09","摩根大通",63,1,62
"10292","6180橘子","110/07/09","元大-南京",1,32,-31
"10293","6180橘子","110/07/09","富邦-陽明",73,33,40
"10294","6180橘子","110/07/09","群益金鼎-台北",0,25,-25
"10295","6180橘子","110/07/09","新加坡商瑞銀",31,0,31
"10296","6180橘子","110/07/09","兆豐-復興",0,21,-21
"10297","6180橘子","110/07/09","美商高盛",25,0,25
"10298","6180橘子","110/07/09","永豐金-嘉義",0,21,-21
"10299","6180橘子","110/07/09","凱基-台北",26,10,16
"10300","6180橘子","110/07/09","凱基-中壢",8,24,-16
"10301","6180橘子","110/07/09","華南永昌-楠梓",13,0,13
"10302","6180橘子","110/07/09","致和-崇德",0,15,-15
"10303","6180橘子","110/07/09","華南永昌-朴子",11,0,11
"10304","6180橘子","110/07/09","群益金鼎-屏東",0,15,-15
"10305","6180橘子","110/07/09","元大-北港",11,0,11
"10306","6180橘子","110/07/09","群益金鼎-中山",0,15,-15
"10307","6180橘子","110/07/09","元大-成功",10,1,9
"10308","6180橘子","110/07/09","瑞士信貸",1,15,-14
"10309","6180橘子","110/07/09","新光",26,18,8
"10310","6180橘子","110/07/09","日盛-二林",0,10,-10
"10311","6180橘子","110/07/09","統一-三重",6,0,6
"10312","6180橘子","110/07/09","凱基-東門",0,10,-10
"10313","6180橘子","110/07/09","群益金鼎-嘉義",6,0,6
"10314","6180橘子","110/07/09","華南永昌-三重",0,10,-10
"10315","6180橘子","110/07/09","元大-員林中山",6,0,6
"10316","6180橘子","110/07/09","元大-彰化民生",1,11,-10
"10317","6180橘子","110/07/09","合庫-鳳山",5,0,5
"10318","6180橘子","110/07/09","永豐金-新店",1,11,-10
"10319","6180橘子","110/07/09","富邦-建國",6,1,5
"10320","6180橘子","110/07/09","群益金鼎-丹鳳",0,8,-8
"10321","2390云辰","110/07/09","摩根大通",279,56,223
"10322","2390云辰","110/07/09","元大-天母",0,127,-127
"10323","2390云辰","110/07/09","日盛-鳳山",110,2,108
"10324","2390云辰","110/07/09","中國信託-文心",5,109,-104
"10325","2390云辰","110/07/09","宏遠證券",100,0,100
"10326","2390云辰","110/07/09","永豐金-復興",0,55,-55
"10327","2390云辰","110/07/09","元大-大里",63,6,57
"10328","2390云辰","110/07/09","凱基-台北",239,286,-47
"10329","2390云辰","110/07/09","凱基-八德",59,10,49
"10330","2390云辰","110/07/09","德信",2,32,-30
"10331","2390云辰","110/07/09","合庫-新竹",40,0,40
"10332","2390云辰","110/07/09","兆豐-桃鶯",2,32,-30
"10333","2390云辰","110/07/09","國票",40,1,39
"10334","2390云辰","110/07/09","致和-南京",0,30,-30
"10335","2390云辰","110/07/09","新加坡商瑞銀",49,13,36
"10336","2390云辰","110/07/09","富邦-虎尾",1,31,-30
"10337","2390云辰","110/07/09","統一-新台中",36,2,34
"10338","2390云辰","110/07/09","元大-善化",2,31,-29
"10339","2390云辰","110/07/09","國票-嘉義",31,0,31
"10340","2390云辰","110/07/09","富邦-板橋",0,27,-27
"10341","2390云辰","110/07/09","華南永昌",35,7,28
"10342","2390云辰","110/07/09","富邦-永和",3,28,-25
"10343","2390云辰","110/07/09","玉山-台中",49,22,27
"10344","2390云辰","110/07/09","第一金-自由",20,44,-24
"10345","2390云辰","110/07/09","華南永昌-敦南",25,0,25
"10346","2390云辰","110/07/09","凱基-內湖",0,24,-24
"10347","2390云辰","110/07/09","新光-高雄",27,4,23
"10348","2390云辰","110/07/09","元大-汐止",1,24,-23
"10349","2390云辰","110/07/09","台灣摩根士丹利",85,63,22
"10350","2390云辰","110/07/09","新光-台中",12,33,-21
"10351","4903聯光通","110/07/09","元大-敦南",10,0,10
"10352","4903聯光通","110/07/09","第一金-台中",0,12,-12
"10353","4903聯光通","110/07/09","凱基-士林",5,0,5
"10354","4903聯光通","110/07/09","日盛-忠孝",0,3,-3
"10355","4903聯光通","110/07/09","元大-苗栗",5,0,5
"10356","4903聯光通","110/07/09","群益金鼎-崇德",0,3,-3
"10357","4903聯光通","110/07/09","元大-屏南",3,0,3
"10358","4903聯光通","110/07/09","國票-內壢",0,2,-2
"10359","4903聯光通","110/07/09","中國信託-永康",1,0,1
"10360","4903聯光通","110/07/09","康和-南崁",0,2,-2
"10361","4903聯光通","110/07/09","玉山證券",1,0,1
"10362","4903聯光通","110/07/09","新光-台中",0,2,-2
"10363","4903聯光通","110/07/09","元大-太平",4,3,1
"10364","4903聯光通","110/07/09","玉山-城中",0,2,-2
"10365","4903聯光通","110/07/09","永豐金-嘉義",1,0,1
"10366","4903聯光通","110/07/09","中國信託-文心",0,1,-1
"10367","4903聯光通","110/07/09","大昌",0,0,0
"10368","4903聯光通","110/07/09","大昌",0,0,0
"10369","4903聯光通","110/07/09","中農",0,0,0
"10370","4903聯光通","110/07/09","中農",0,0,0
"10371","4903聯光通","110/07/09","",NA,NA,NA
"10372","4903聯光通","110/07/09","",NA,NA,NA
"10373","4903聯光通","110/07/09","",NA,NA,NA
"10374","4903聯光通","110/07/09","",NA,NA,NA
"10375","4903聯光通","110/07/09","",NA,NA,NA
"10376","4903聯光通","110/07/09","",NA,NA,NA
"10377","4903聯光通","110/07/09","",NA,NA,NA
"10378","4903聯光通","110/07/09","",NA,NA,NA
"10379","4903聯光通","110/07/09","",NA,NA,NA
"10380","4903聯光通","110/07/09","",NA,NA,NA
"10381","2929淘帝","110/07/09","台中銀-台北",110,0,110
"10382","2929淘帝","110/07/09","新光",2,82,-80
"10383","2929淘帝","110/07/09","華南永昌-頭份",72,0,72
"10384","2929淘帝","110/07/09","摩根大通",2,63,-61
"10385","2929淘帝","110/07/09","合庫-高雄",71,0,71
"10386","2929淘帝","110/07/09","第一金-路竹",0,50,-50
"10387","2929淘帝","110/07/09","高橋-龍潭",37,0,37
"10388","2929淘帝","110/07/09","港商麥格理",0,42,-42
"10389","2929淘帝","110/07/09","新光-台中",60,26,34
"10390","2929淘帝","110/07/09","陽信-石牌",0,40,-40
"10391","2929淘帝","110/07/09","元富-大裕",22,1,21
"10392","2929淘帝","110/07/09","台新-左楠",1,39,-38
"10393","2929淘帝","110/07/09","合庫-鳳山",20,0,20
"10394","2929淘帝","110/07/09","凱基-桃園",3,29,-26
"10395","2929淘帝","110/07/09","元大-員林",22,2,20
"10396","2929淘帝","110/07/09","兆豐-內湖",0,25,-25
"10397","2929淘帝","110/07/09","台新-建北",15,0,15
"10398","2929淘帝","110/07/09","元大-北港",0,20,-20
"10399","2929淘帝","110/07/09","兆豐-桃園",13,0,13
"10400","2929淘帝","110/07/09","富邦-北港",0,19,-19
"10401","2929淘帝","110/07/09","兆豐-忠孝",10,0,10
"10402","2929淘帝","110/07/09","富邦-花蓮",0,17,-17
"10403","2929淘帝","110/07/09","國票-敦北法人",10,0,10
"10404","2929淘帝","110/07/09","國泰-台中",2,17,-15
"10405","2929淘帝","110/07/09","永豐金-博愛",10,0,10
"10406","2929淘帝","110/07/09","群益金鼎-彰化",0,15,-15
"10407","2929淘帝","110/07/09","群益金鼎-潭子",8,0,8
"10408","2929淘帝","110/07/09","元大-博愛",0,14,-14
"10409","2929淘帝","110/07/09","富邦-南屯",8,0,8
"10410","2929淘帝","110/07/09","日盛-板橋",0,13,-13
"10411","5410國眾","110/07/09","元大-新盛",14,0,14
"10412","5410國眾","110/07/09","(牛牛牛)亞-鑫豐",1,41,-40
"10413","5410國眾","110/07/09","台灣企銀-民雄",10,0,10
"10414","5410國眾","110/07/09","元富-嘉義",0,25,-25
"10415","5410國眾","110/07/09","元富-虎尾",9,0,9
"10416","5410國眾","110/07/09","凱基-高美館",0,10,-10
"10417","5410國眾","110/07/09","摩根大通",10,1,9
"10418","5410國眾","110/07/09","凱基-城中",0,10,-10
"10419","5410國眾","110/07/09","兆豐-北高雄",7,0,7
"10420","5410國眾","110/07/09","元大-頭份",0,10,-10
"10421","5410國眾","110/07/09","凱基-台北",8,1,7
"10422","5410國眾","110/07/09","群益金鼎-丹鳳",0,7,-7
"10423","5410國眾","110/07/09","華南永昌-公誠",7,0,7
"10424","5410國眾","110/07/09","凱基-復興",0,7,-7
"10425","5410國眾","110/07/09","香港上海匯豐",6,0,6
"10426","5410國眾","110/07/09","元大-員林",0,7,-7
"10427","5410國眾","110/07/09","凱基-中壢",6,0,6
"10428","5410國眾","110/07/09","富邦-竹東",0,6,-6
"10429","5410國眾","110/07/09","華南永昌-南京",6,0,6
"10430","5410國眾","110/07/09","亞東-高雄",0,5,-5
"10431","5410國眾","110/07/09","統一-三重",5,0,5
"10432","5410國眾","110/07/09","大慶-中壢",1,6,-5
"10433","5410國眾","110/07/09","富邦-宜蘭",5,0,5
"10434","5410國眾","110/07/09","群益金鼎-中港",0,5,-5
"10435","5410國眾","110/07/09","元大-崇德",5,0,5
"10436","5410國眾","110/07/09","元大-八德",0,5,-5
"10437","5410國眾","110/07/09","元大-博愛",5,0,5
"10438","5410國眾","110/07/09","富邦-基隆",0,4,-4
"10439","5410國眾","110/07/09","元大-龍潭",5,0,5
"10440","5410國眾","110/07/09","臺銀-新竹",0,3,-3
"10441","2841台開","110/07/09","日盛-雙和",102,0,102
"10442","2841台開","110/07/09","港商野村",0,129,-129
"10443","2841台開","110/07/09","元大-館前",70,0,70
"10444","2841台開","110/07/09","兆豐-永和",0,100,-100
"10445","2841台開","110/07/09","凱基-文心",50,0,50
"10446","2841台開","110/07/09","台新證券",7,28,-21
"10447","2841台開","110/07/09","富邦-嘉義",40,0,40
"10448","2841台開","110/07/09","國票-北高雄",0,20,-20
"10449","2841台開","110/07/09","美商高盛",15,0,15
"10450","2841台開","110/07/09","永豐金-敦南",29,46,-17
"10451","2841台開","110/07/09","台中銀",15,0,15
"10452","2841台開","110/07/09","合庫-基隆",0,12,-12
"10453","2841台開","110/07/09","新光",11,0,11
"10454","2841台開","110/07/09","中國信託-松江",0,12,-12
"10455","2841台開","110/07/09","華南永昌-長虹",10,0,10
"10456","2841台開","110/07/09","兆豐-城中",0,12,-12
"10457","2841台開","110/07/09","永豐金-南投",10,0,10
"10458","2841台開","110/07/09","台中銀-豐原",0,10,-10
"10459","2841台開","110/07/09","合庫-桃園",7,0,7
"10460","2841台開","110/07/09","兆豐-景美",0,10,-10
"10461","2841台開","110/07/09","群益金鼎-古亭",7,0,7
"10462","2841台開","110/07/09","群益金鼎-基隆",0,10,-10
"10463","2841台開","110/07/09","國泰-敦南",6,0,6
"10464","2841台開","110/07/09","元大-北三重",0,10,-10
"10465","2841台開","110/07/09","凱基-桃園",8,2,6
"10466","2841台開","110/07/09","(牛牛牛)亞-網路",0,9,-9
"10467","2841台開","110/07/09","日盛證券",5,0,5
"10468","2841台開","110/07/09","台新-高雄",1,10,-9
"10469","2841台開","110/07/09","元富-文心",5,0,5
"10470","2841台開","110/07/09","凱基-台北",0,7,-7
"10471","6207雷科","110/07/09","群益金鼎-新竹",47,0,47
"10472","6207雷科","110/07/09","新光",7,24,-17
"10473","6207雷科","110/07/09","永豐金-三重",31,0,31
"10474","6207雷科","110/07/09","日盛-和美",0,15,-15
"10475","6207雷科","110/07/09","新加坡商瑞銀",33,5,28
"10476","6207雷科","110/07/09","國泰-台南",0,15,-15
"10477","6207雷科","110/07/09","元大-高雄",26,0,26
"10478","6207雷科","110/07/09","華南永昌-古亭",0,14,-14
"10479","6207雷科","110/07/09","統一-員林",22,0,22
"10480","6207雷科","110/07/09","土銀-白河",0,11,-11
"10481","6207雷科","110/07/09","台新-高雄",22,0,22
"10482","6207雷科","110/07/09","日盛-台南",0,10,-10
"10483","6207雷科","110/07/09","摩根大通",34,17,17
"10484","6207雷科","110/07/09","元富-林園",0,10,-10
"10485","6207雷科","110/07/09","元大-博愛",17,1,16
"10486","6207雷科","110/07/09","富邦-園區",0,10,-10
"10487","6207雷科","110/07/09","日茂-埔里",12,0,12
"10488","6207雷科","110/07/09","元大-上新莊",0,10,-10
"10489","6207雷科","110/07/09","國泰-台中",17,6,11
"10490","6207雷科","110/07/09","永豐金-南京",0,10,-10
"10491","6207雷科","110/07/09","富邦-三重",10,0,10
"10492","6207雷科","110/07/09","兆豐-小港",0,6,-6
"10493","6207雷科","110/07/09","元大-沙鹿",10,0,10
"10494","6207雷科","110/07/09","富邦-羅東",1,7,-6
"10495","6207雷科","110/07/09","元大-八德",10,0,10
"10496","6207雷科","110/07/09","元大-土城永寧",0,6,-6
"10497","6207雷科","110/07/09","第一金-路竹",11,2,9
"10498","6207雷科","110/07/09","永豐金-板盛",0,6,-6
"10499","6207雷科","110/07/09","統一-南京",5,0,5
"10500","6207雷科","110/07/09","日盛-板橋",0,5,-5
"10501","3679新至陞","110/07/09","元大-大天母",10,0,10
"10502","3679新至陞","110/07/09","第一金-光復",0,11,-11
"10503","3679新至陞","110/07/09","日盛-樹林",9,0,9
"10504","3679新至陞","110/07/09","瑞士信貸",0,8,-8
"10505","3679新至陞","110/07/09","凱基-台北",11,2,9
"10506","3679新至陞","110/07/09","大慶-苗栗",0,5,-5
"10507","3679新至陞","110/07/09","華南永昌-小港",8,0,8
"10508","3679新至陞","110/07/09","元大-永春",0,5,-5
"10509","3679新至陞","110/07/09","兆豐-來福",7,0,7
"10510","3679新至陞","110/07/09","日盛-和美",0,4,-4
"10511","3679新至陞","110/07/09","香港上海匯豐",5,0,5
"10512","3679新至陞","110/07/09","元大-雙和",0,3,-3
"10513","3679新至陞","110/07/09","台中銀-員林",3,0,3
"10514","3679新至陞","110/07/09","永豐金-屏東",0,3,-3
"10515","3679新至陞","110/07/09","新光",3,0,3
"10516","3679新至陞","110/07/09","彰銀",0,2,-2
"10517","3679新至陞","110/07/09","土銀-花蓮",2,0,2
"10518","3679新至陞","110/07/09","宏遠-館前",0,2,-2
"10519","3679新至陞","110/07/09","第一金-澎湖",2,0,2
"10520","3679新至陞","110/07/09","港商野村",0,2,-2
"10521","3679新至陞","110/07/09","摩根大通",2,0,2
"10522","3679新至陞","110/07/09","大昌-新店",0,2,-2
"10523","3679新至陞","110/07/09","國泰-敦南",2,0,2
"10524","3679新至陞","110/07/09","元大-新莊",0,2,-2
"10525","3679新至陞","110/07/09","元大-淡水",4,2,2
"10526","3679新至陞","110/07/09","元大-板橋",0,2,-2
"10527","3679新至陞","110/07/09","日盛-士林",1,0,1
"10528","3679新至陞","110/07/09","台灣摩根士丹利",0,1,-1
"10529","3679新至陞","110/07/09","日盛-信義",1,0,1
"10530","3679新至陞","110/07/09","第一金-高雄",0,1,-1
"10531","2727王品","110/07/09","台灣匯立證券",90,0,90
"10532","2727王品","110/07/09","台灣摩根士丹利",0,267,-267
"10533","2727王品","110/07/09","國泰-敦南",166,84,82
"10534","2727王品","110/07/09","富邦-台北",35,299,-264
"10535","2727王品","110/07/09","富邦-仁愛",56,12,44
"10536","2727王品","110/07/09","凱基-台北",174,296,-122
"10537","2727王品","110/07/09","台新證券",109,66,43
"10538","2727王品","110/07/09","第一金",2,102,-100
"10539","2727王品","110/07/09","新光",117,87,30
"10540","2727王品","110/07/09","群益金鼎-大安",0,80,-80
"10541","2727王品","110/07/09","臺銀-臺中",35,6,29
"10542","2727王品","110/07/09","兆豐-大安",7,60,-53
"10543","2727王品","110/07/09","元大-桃園",32,3,29
"10544","2727王品","110/07/09","永豐金-南投",0,50,-50
"10545","2727王品","110/07/09","元富-宜蘭",34,6,28
"10546","2727王品","110/07/09","新加坡商瑞銀",6,46,-40
"10547","2727王品","110/07/09","玉山-台中",34,8,26
"10548","2727王品","110/07/09","合庫-彰化",11,50,-39
"10549","2727王品","110/07/09","群益金鼎-宜蘭",30,4,26
"10550","2727王品","110/07/09","永豐金-萬盛",13,52,-39
"10551","2727王品","110/07/09","富邦-台中",42,16,26
"10552","2727王品","110/07/09","瑞士信貸",0,34,-34
"10553","2727王品","110/07/09","第一金-豐原",25,1,24
"10554","2727王品","110/07/09","元大-和平",4,35,-31
"10555","2727王品","110/07/09","臺銀",30,8,22
"10556","2727王品","110/07/09","美林",14,44,-30
"10557","2727王品","110/07/09","兆豐-來福",23,1,22
"10558","2727王品","110/07/09","元大-員林",9,38,-29
"10559","2727王品","110/07/09","玉山-士林",22,2,20
"10560","2727王品","110/07/09","元富-西松",4,31,-27
"10561","1570力肯","110/07/09","凱基-台北",30,1,29
"10562","1570力肯","110/07/09","群益金鼎-彰化",0,20,-20
"10563","1570力肯","110/07/09","新光-台南",20,0,20
"10564","1570力肯","110/07/09","元大-土城學府",0,20,-20
"10565","1570力肯","110/07/09","元大-高雄",20,0,20
"10566","1570力肯","110/07/09","元大-大統",0,16,-16
"10567","1570力肯","110/07/09","國票-中正",12,0,12
"10568","1570力肯","110/07/09","元大-新營",0,11,-11
"10569","1570力肯","110/07/09","日盛-高雄",6,0,6
"10570","1570力肯","110/07/09","元大-和平",0,10,-10
"10571","1570力肯","110/07/09","元富-緯城",6,0,6
"10572","1570力肯","110/07/09","元大-草屯",0,10,-10
"10573","1570力肯","110/07/09","群益金鼎-台南",6,0,6
"10574","1570力肯","110/07/09","元大-鹿港",0,9,-9
"10575","1570力肯","110/07/09","華南永昌-岡山",6,0,6
"10576","1570力肯","110/07/09","合庫-基隆",0,7,-7
"10577","1570力肯","110/07/09","統一-中壢",5,0,5
"10578","1570力肯","110/07/09","摩根大通",2,8,-6
"10579","1570力肯","110/07/09","凱基-三峽",5,0,5
"10580","1570力肯","110/07/09","台灣企銀-豐原",0,4,-4
"10581","1570力肯","110/07/09","大昌-樹林",4,0,4
"10582","1570力肯","110/07/09","日盛-桃園",0,4,-4
"10583","1570力肯","110/07/09","新光",3,0,3
"10584","1570力肯","110/07/09","國泰-高雄",0,3,-3
"10585","1570力肯","110/07/09","富邦-新竹華信",3,0,3
"10586","1570力肯","110/07/09","永豐金-敦南",0,3,-3
"10587","1570力肯","110/07/09","合庫-台中",2,0,2
"10588","1570力肯","110/07/09","土銀-彰化",0,2,-2
"10589","1570力肯","110/07/09","臺銀-臺中",2,0,2
"10590","1570力肯","110/07/09","臺銀-鳳山",0,2,-2
"10591","6180橘子","110/07/09","摩根大通",63,1,62
"10592","6180橘子","110/07/09","元大-南京",1,32,-31
"10593","6180橘子","110/07/09","富邦-陽明",73,33,40
"10594","6180橘子","110/07/09","群益金鼎-台北",0,25,-25
"10595","6180橘子","110/07/09","新加坡商瑞銀",31,0,31
"10596","6180橘子","110/07/09","兆豐-復興",0,21,-21
"10597","6180橘子","110/07/09","美商高盛",25,0,25
"10598","6180橘子","110/07/09","永豐金-嘉義",0,21,-21
"10599","6180橘子","110/07/09","凱基-台北",26,10,16
"10600","6180橘子","110/07/09","凱基-中壢",8,24,-16
"10601","6180橘子","110/07/09","華南永昌-楠梓",13,0,13
"10602","6180橘子","110/07/09","致和-崇德",0,15,-15
"10603","6180橘子","110/07/09","華南永昌-朴子",11,0,11
"10604","6180橘子","110/07/09","群益金鼎-屏東",0,15,-15
"10605","6180橘子","110/07/09","元大-北港",11,0,11
"10606","6180橘子","110/07/09","群益金鼎-中山",0,15,-15
"10607","6180橘子","110/07/09","元大-成功",10,1,9
"10608","6180橘子","110/07/09","瑞士信貸",1,15,-14
"10609","6180橘子","110/07/09","新光",26,18,8
"10610","6180橘子","110/07/09","日盛-二林",0,10,-10
"10611","6180橘子","110/07/09","統一-三重",6,0,6
"10612","6180橘子","110/07/09","凱基-東門",0,10,-10
"10613","6180橘子","110/07/09","群益金鼎-嘉義",6,0,6
"10614","6180橘子","110/07/09","華南永昌-三重",0,10,-10
"10615","6180橘子","110/07/09","元大-員林中山",6,0,6
"10616","6180橘子","110/07/09","元大-彰化民生",1,11,-10
"10617","6180橘子","110/07/09","合庫-鳳山",5,0,5
"10618","6180橘子","110/07/09","永豐金-新店",1,11,-10
"10619","6180橘子","110/07/09","富邦-建國",6,1,5
"10620","6180橘子","110/07/09","群益金鼎-丹鳳",0,8,-8
"10621","2390云辰","110/07/09","摩根大通",279,56,223
"10622","2390云辰","110/07/09","元大-天母",0,127,-127
"10623","2390云辰","110/07/09","日盛-鳳山",110,2,108
"10624","2390云辰","110/07/09","中國信託-文心",5,109,-104
"10625","2390云辰","110/07/09","宏遠證券",100,0,100
"10626","2390云辰","110/07/09","永豐金-復興",0,55,-55
"10627","2390云辰","110/07/09","元大-大里",63,6,57
"10628","2390云辰","110/07/09","凱基-台北",239,286,-47
"10629","2390云辰","110/07/09","凱基-八德",59,10,49
"10630","2390云辰","110/07/09","德信",2,32,-30
"10631","2390云辰","110/07/09","合庫-新竹",40,0,40
"10632","2390云辰","110/07/09","兆豐-桃鶯",2,32,-30
"10633","2390云辰","110/07/09","國票",40,1,39
"10634","2390云辰","110/07/09","致和-南京",0,30,-30
"10635","2390云辰","110/07/09","新加坡商瑞銀",49,13,36
"10636","2390云辰","110/07/09","富邦-虎尾",1,31,-30
"10637","2390云辰","110/07/09","統一-新台中",36,2,34
"10638","2390云辰","110/07/09","元大-善化",2,31,-29
"10639","2390云辰","110/07/09","國票-嘉義",31,0,31
"10640","2390云辰","110/07/09","富邦-板橋",0,27,-27
"10641","2390云辰","110/07/09","華南永昌",35,7,28
"10642","2390云辰","110/07/09","富邦-永和",3,28,-25
"10643","2390云辰","110/07/09","玉山-台中",49,22,27
"10644","2390云辰","110/07/09","第一金-自由",20,44,-24
"10645","2390云辰","110/07/09","華南永昌-敦南",25,0,25
"10646","2390云辰","110/07/09","凱基-內湖",0,24,-24
"10647","2390云辰","110/07/09","新光-高雄",27,4,23
"10648","2390云辰","110/07/09","元大-汐止",1,24,-23
"10649","2390云辰","110/07/09","台灣摩根士丹利",85,63,22
"10650","2390云辰","110/07/09","新光-台中",12,33,-21
"10651","4903聯光通","110/07/09","元大-敦南",10,0,10
"10652","4903聯光通","110/07/09","第一金-台中",0,12,-12
"10653","4903聯光通","110/07/09","凱基-士林",5,0,5
"10654","4903聯光通","110/07/09","日盛-忠孝",0,3,-3
"10655","4903聯光通","110/07/09","元大-苗栗",5,0,5
"10656","4903聯光通","110/07/09","群益金鼎-崇德",0,3,-3
"10657","4903聯光通","110/07/09","元大-屏南",3,0,3
"10658","4903聯光通","110/07/09","國票-內壢",0,2,-2
"10659","4903聯光通","110/07/09","中國信託-永康",1,0,1
"10660","4903聯光通","110/07/09","康和-南崁",0,2,-2
"10661","4903聯光通","110/07/09","玉山證券",1,0,1
"10662","4903聯光通","110/07/09","新光-台中",0,2,-2
"10663","4903聯光通","110/07/09","元大-太平",4,3,1
"10664","4903聯光通","110/07/09","玉山-城中",0,2,-2
"10665","4903聯光通","110/07/09","永豐金-嘉義",1,0,1
"10666","4903聯光通","110/07/09","中國信託-文心",0,1,-1
"10667","4903聯光通","110/07/09","大昌",0,0,0
"10668","4903聯光通","110/07/09","大昌",0,0,0
"10669","4903聯光通","110/07/09","中農",0,0,0
"10670","4903聯光通","110/07/09","中農",0,0,0
"10671","4903聯光通","110/07/09","",NA,NA,NA
"10672","4903聯光通","110/07/09","",NA,NA,NA
"10673","4903聯光通","110/07/09","",NA,NA,NA
"10674","4903聯光通","110/07/09","",NA,NA,NA
"10675","4903聯光通","110/07/09","",NA,NA,NA
"10676","4903聯光通","110/07/09","",NA,NA,NA
"10677","4903聯光通","110/07/09","",NA,NA,NA
"10678","4903聯光通","110/07/09","",NA,NA,NA
"10679","4903聯光通","110/07/09","",NA,NA,NA
"10680","4903聯光通","110/07/09","",NA,NA,NA
"10681","2929淘帝","110/07/09","台中銀-台北",110,0,110
"10682","2929淘帝","110/07/09","新光",2,82,-80
"10683","2929淘帝","110/07/09","華南永昌-頭份",72,0,72
"10684","2929淘帝","110/07/09","摩根大通",2,63,-61
"10685","2929淘帝","110/07/09","合庫-高雄",71,0,71
"10686","2929淘帝","110/07/09","第一金-路竹",0,50,-50
"10687","2929淘帝","110/07/09","高橋-龍潭",37,0,37
"10688","2929淘帝","110/07/09","港商麥格理",0,42,-42
"10689","2929淘帝","110/07/09","新光-台中",60,26,34
"10690","2929淘帝","110/07/09","陽信-石牌",0,40,-40
"10691","2929淘帝","110/07/09","元富-大裕",22,1,21
"10692","2929淘帝","110/07/09","台新-左楠",1,39,-38
"10693","2929淘帝","110/07/09","合庫-鳳山",20,0,20
"10694","2929淘帝","110/07/09","凱基-桃園",3,29,-26
"10695","2929淘帝","110/07/09","元大-員林",22,2,20
"10696","2929淘帝","110/07/09","兆豐-內湖",0,25,-25
"10697","2929淘帝","110/07/09","台新-建北",15,0,15
"10698","2929淘帝","110/07/09","元大-北港",0,20,-20
"10699","2929淘帝","110/07/09","兆豐-桃園",13,0,13
"10700","2929淘帝","110/07/09","富邦-北港",0,19,-19
"10701","2929淘帝","110/07/09","兆豐-忠孝",10,0,10
"10702","2929淘帝","110/07/09","富邦-花蓮",0,17,-17
"10703","2929淘帝","110/07/09","國票-敦北法人",10,0,10
"10704","2929淘帝","110/07/09","國泰-台中",2,17,-15
"10705","2929淘帝","110/07/09","永豐金-博愛",10,0,10
"10706","2929淘帝","110/07/09","群益金鼎-彰化",0,15,-15
"10707","2929淘帝","110/07/09","群益金鼎-潭子",8,0,8
"10708","2929淘帝","110/07/09","元大-博愛",0,14,-14
"10709","2929淘帝","110/07/09","富邦-南屯",8,0,8
"10710","2929淘帝","110/07/09","日盛-板橋",0,13,-13
"10711","5410國眾","110/07/09","元大-新盛",14,0,14
"10712","5410國眾","110/07/09","(牛牛牛)亞-鑫豐",1,41,-40
"10713","5410國眾","110/07/09","台灣企銀-民雄",10,0,10
"10714","5410國眾","110/07/09","元富-嘉義",0,25,-25
"10715","5410國眾","110/07/09","元富-虎尾",9,0,9
"10716","5410國眾","110/07/09","凱基-高美館",0,10,-10
"10717","5410國眾","110/07/09","摩根大通",10,1,9
"10718","5410國眾","110/07/09","凱基-城中",0,10,-10
"10719","5410國眾","110/07/09","兆豐-北高雄",7,0,7
"10720","5410國眾","110/07/09","元大-頭份",0,10,-10
"10721","5410國眾","110/07/09","凱基-台北",8,1,7
"10722","5410國眾","110/07/09","群益金鼎-丹鳳",0,7,-7
"10723","5410國眾","110/07/09","華南永昌-公誠",7,0,7
"10724","5410國眾","110/07/09","凱基-復興",0,7,-7
"10725","5410國眾","110/07/09","香港上海匯豐",6,0,6
"10726","5410國眾","110/07/09","元大-員林",0,7,-7
"10727","5410國眾","110/07/09","凱基-中壢",6,0,6
"10728","5410國眾","110/07/09","富邦-竹東",0,6,-6
"10729","5410國眾","110/07/09","華南永昌-南京",6,0,6
"10730","5410國眾","110/07/09","亞東-高雄",0,5,-5
"10731","5410國眾","110/07/09","統一-三重",5,0,5
"10732","5410國眾","110/07/09","大慶-中壢",1,6,-5
"10733","5410國眾","110/07/09","富邦-宜蘭",5,0,5
"10734","5410國眾","110/07/09","群益金鼎-中港",0,5,-5
"10735","5410國眾","110/07/09","元大-崇德",5,0,5
"10736","5410國眾","110/07/09","元大-八德",0,5,-5
"10737","5410國眾","110/07/09","元大-博愛",5,0,5
"10738","5410國眾","110/07/09","富邦-基隆",0,4,-4
"10739","5410國眾","110/07/09","元大-龍潭",5,0,5
"10740","5410國眾","110/07/09","臺銀-新竹",0,3,-3
"10741","2841台開","110/07/09","日盛-雙和",102,0,102
"10742","2841台開","110/07/09","港商野村",0,129,-129
"10743","2841台開","110/07/09","元大-館前",70,0,70
"10744","2841台開","110/07/09","兆豐-永和",0,100,-100
"10745","2841台開","110/07/09","凱基-文心",50,0,50
"10746","2841台開","110/07/09","台新證券",7,28,-21
"10747","2841台開","110/07/09","富邦-嘉義",40,0,40
"10748","2841台開","110/07/09","國票-北高雄",0,20,-20
"10749","2841台開","110/07/09","美商高盛",15,0,15
"10750","2841台開","110/07/09","永豐金-敦南",29,46,-17
"10751","2841台開","110/07/09","台中銀",15,0,15
"10752","2841台開","110/07/09","合庫-基隆",0,12,-12
"10753","2841台開","110/07/09","新光",11,0,11
"10754","2841台開","110/07/09","中國信託-松江",0,12,-12
"10755","2841台開","110/07/09","華南永昌-長虹",10,0,10
"10756","2841台開","110/07/09","兆豐-城中",0,12,-12
"10757","2841台開","110/07/09","永豐金-南投",10,0,10
"10758","2841台開","110/07/09","台中銀-豐原",0,10,-10
"10759","2841台開","110/07/09","合庫-桃園",7,0,7
"10760","2841台開","110/07/09","兆豐-景美",0,10,-10
"10761","2841台開","110/07/09","群益金鼎-古亭",7,0,7
"10762","2841台開","110/07/09","群益金鼎-基隆",0,10,-10
"10763","2841台開","110/07/09","國泰-敦南",6,0,6
"10764","2841台開","110/07/09","元大-北三重",0,10,-10
"10765","2841台開","110/07/09","凱基-桃園",8,2,6
"10766","2841台開","110/07/09","(牛牛牛)亞-網路",0,9,-9
"10767","2841台開","110/07/09","日盛證券",5,0,5
"10768","2841台開","110/07/09","台新-高雄",1,10,-9
"10769","2841台開","110/07/09","元富-文心",5,0,5
"10770","2841台開","110/07/09","凱基-台北",0,7,-7
"10771","6207雷科","110/07/09","群益金鼎-新竹",47,0,47
"10772","6207雷科","110/07/09","新光",7,24,-17
"10773","6207雷科","110/07/09","永豐金-三重",31,0,31
"10774","6207雷科","110/07/09","日盛-和美",0,15,-15
"10775","6207雷科","110/07/09","新加坡商瑞銀",33,5,28
"10776","6207雷科","110/07/09","國泰-台南",0,15,-15
"10777","6207雷科","110/07/09","元大-高雄",26,0,26
"10778","6207雷科","110/07/09","華南永昌-古亭",0,14,-14
"10779","6207雷科","110/07/09","統一-員林",22,0,22
"10780","6207雷科","110/07/09","土銀-白河",0,11,-11
"10781","6207雷科","110/07/09","台新-高雄",22,0,22
"10782","6207雷科","110/07/09","日盛-台南",0,10,-10
"10783","6207雷科","110/07/09","摩根大通",34,17,17
"10784","6207雷科","110/07/09","元富-林園",0,10,-10
"10785","6207雷科","110/07/09","元大-博愛",17,1,16
"10786","6207雷科","110/07/09","富邦-園區",0,10,-10
"10787","6207雷科","110/07/09","日茂-埔里",12,0,12
"10788","6207雷科","110/07/09","元大-上新莊",0,10,-10
"10789","6207雷科","110/07/09","國泰-台中",17,6,11
"10790","6207雷科","110/07/09","永豐金-南京",0,10,-10
"10791","6207雷科","110/07/09","富邦-三重",10,0,10
"10792","6207雷科","110/07/09","兆豐-小港",0,6,-6
"10793","6207雷科","110/07/09","元大-沙鹿",10,0,10
"10794","6207雷科","110/07/09","富邦-羅東",1,7,-6
"10795","6207雷科","110/07/09","元大-八德",10,0,10
"10796","6207雷科","110/07/09","元大-土城永寧",0,6,-6
"10797","6207雷科","110/07/09","第一金-路竹",11,2,9
"10798","6207雷科","110/07/09","永豐金-板盛",0,6,-6
"10799","6207雷科","110/07/09","統一-南京",5,0,5
"10800","6207雷科","110/07/09","日盛-板橋",0,5,-5
"10801","3679新至陞","110/07/09","元大-大天母",10,0,10
"10802","3679新至陞","110/07/09","第一金-光復",0,11,-11
"10803","3679新至陞","110/07/09","日盛-樹林",9,0,9
"10804","3679新至陞","110/07/09","瑞士信貸",0,8,-8
"10805","3679新至陞","110/07/09","凱基-台北",11,2,9
"10806","3679新至陞","110/07/09","大慶-苗栗",0,5,-5
"10807","3679新至陞","110/07/09","華南永昌-小港",8,0,8
"10808","3679新至陞","110/07/09","元大-永春",0,5,-5
"10809","3679新至陞","110/07/09","兆豐-來福",7,0,7
"10810","3679新至陞","110/07/09","日盛-和美",0,4,-4
"10811","3679新至陞","110/07/09","香港上海匯豐",5,0,5
"10812","3679新至陞","110/07/09","元大-雙和",0,3,-3
"10813","3679新至陞","110/07/09","台中銀-員林",3,0,3
"10814","3679新至陞","110/07/09","永豐金-屏東",0,3,-3
"10815","3679新至陞","110/07/09","新光",3,0,3
"10816","3679新至陞","110/07/09","彰銀",0,2,-2
"10817","3679新至陞","110/07/09","土銀-花蓮",2,0,2
"10818","3679新至陞","110/07/09","宏遠-館前",0,2,-2
"10819","3679新至陞","110/07/09","第一金-澎湖",2,0,2
"10820","3679新至陞","110/07/09","港商野村",0,2,-2
"10821","3679新至陞","110/07/09","摩根大通",2,0,2
"10822","3679新至陞","110/07/09","大昌-新店",0,2,-2
"10823","3679新至陞","110/07/09","國泰-敦南",2,0,2
"10824","3679新至陞","110/07/09","元大-新莊",0,2,-2
"10825","3679新至陞","110/07/09","元大-淡水",4,2,2
"10826","3679新至陞","110/07/09","元大-板橋",0,2,-2
"10827","3679新至陞","110/07/09","日盛-士林",1,0,1
"10828","3679新至陞","110/07/09","台灣摩根士丹利",0,1,-1
"10829","3679新至陞","110/07/09","日盛-信義",1,0,1
"10830","3679新至陞","110/07/09","第一金-高雄",0,1,-1
"10831","2727王品","110/07/09","台灣匯立證券",90,0,90
"10832","2727王品","110/07/09","台灣摩根士丹利",0,267,-267
"10833","2727王品","110/07/09","國泰-敦南",166,84,82
"10834","2727王品","110/07/09","富邦-台北",35,299,-264
"10835","2727王品","110/07/09","富邦-仁愛",56,12,44
"10836","2727王品","110/07/09","凱基-台北",174,296,-122
"10837","2727王品","110/07/09","台新證券",109,66,43
"10838","2727王品","110/07/09","第一金",2,102,-100
"10839","2727王品","110/07/09","新光",117,87,30
"10840","2727王品","110/07/09","群益金鼎-大安",0,80,-80
"10841","2727王品","110/07/09","臺銀-臺中",35,6,29
"10842","2727王品","110/07/09","兆豐-大安",7,60,-53
"10843","2727王品","110/07/09","元大-桃園",32,3,29
"10844","2727王品","110/07/09","永豐金-南投",0,50,-50
"10845","2727王品","110/07/09","元富-宜蘭",34,6,28
"10846","2727王品","110/07/09","新加坡商瑞銀",6,46,-40
"10847","2727王品","110/07/09","玉山-台中",34,8,26
"10848","2727王品","110/07/09","合庫-彰化",11,50,-39
"10849","2727王品","110/07/09","群益金鼎-宜蘭",30,4,26
"10850","2727王品","110/07/09","永豐金-萬盛",13,52,-39
"10851","2727王品","110/07/09","富邦-台中",42,16,26
"10852","2727王品","110/07/09","瑞士信貸",0,34,-34
"10853","2727王品","110/07/09","第一金-豐原",25,1,24
"10854","2727王品","110/07/09","元大-和平",4,35,-31
"10855","2727王品","110/07/09","臺銀",30,8,22
"10856","2727王品","110/07/09","美林",14,44,-30
"10857","2727王品","110/07/09","兆豐-來福",23,1,22
"10858","2727王品","110/07/09","元大-員林",9,38,-29
"10859","2727王品","110/07/09","玉山-士林",22,2,20
"10860","2727王品","110/07/09","元富-西松",4,31,-27
"10861","1570力肯","110/07/09","凱基-台北",30,1,29
"10862","1570力肯","110/07/09","群益金鼎-彰化",0,20,-20
"10863","1570力肯","110/07/09","新光-台南",20,0,20
"10864","1570力肯","110/07/09","元大-土城學府",0,20,-20
"10865","1570力肯","110/07/09","元大-高雄",20,0,20
"10866","1570力肯","110/07/09","元大-大統",0,16,-16
"10867","1570力肯","110/07/09","國票-中正",12,0,12
"10868","1570力肯","110/07/09","元大-新營",0,11,-11
"10869","1570力肯","110/07/09","日盛-高雄",6,0,6
"10870","1570力肯","110/07/09","元大-和平",0,10,-10
"10871","1570力肯","110/07/09","元富-緯城",6,0,6
"10872","1570力肯","110/07/09","元大-草屯",0,10,-10
"10873","1570力肯","110/07/09","群益金鼎-台南",6,0,6
"10874","1570力肯","110/07/09","元大-鹿港",0,9,-9
"10875","1570力肯","110/07/09","華南永昌-岡山",6,0,6
"10876","1570力肯","110/07/09","合庫-基隆",0,7,-7
"10877","1570力肯","110/07/09","統一-中壢",5,0,5
"10878","1570力肯","110/07/09","摩根大通",2,8,-6
"10879","1570力肯","110/07/09","凱基-三峽",5,0,5
"10880","1570力肯","110/07/09","台灣企銀-豐原",0,4,-4
"10881","1570力肯","110/07/09","大昌-樹林",4,0,4
"10882","1570力肯","110/07/09","日盛-桃園",0,4,-4
"10883","1570力肯","110/07/09","新光",3,0,3
"10884","1570力肯","110/07/09","國泰-高雄",0,3,-3
"10885","1570力肯","110/07/09","富邦-新竹華信",3,0,3
"10886","1570力肯","110/07/09","永豐金-敦南",0,3,-3
"10887","1570力肯","110/07/09","合庫-台中",2,0,2
"10888","1570力肯","110/07/09","土銀-彰化",0,2,-2
"10889","1570力肯","110/07/09","臺銀-臺中",2,0,2
"10890","1570力肯","110/07/09","臺銀-鳳山",0,2,-2
"10891","6180橘子","110/07/09","摩根大通",63,1,62
"10892","6180橘子","110/07/09","元大-南京",1,32,-31
"10893","6180橘子","110/07/09","富邦-陽明",73,33,40
"10894","6180橘子","110/07/09","群益金鼎-台北",0,25,-25
"10895","6180橘子","110/07/09","新加坡商瑞銀",31,0,31
"10896","6180橘子","110/07/09","兆豐-復興",0,21,-21
"10897","6180橘子","110/07/09","美商高盛",25,0,25
"10898","6180橘子","110/07/09","永豐金-嘉義",0,21,-21
"10899","6180橘子","110/07/09","凱基-台北",26,10,16
"10900","6180橘子","110/07/09","凱基-中壢",8,24,-16
"10901","6180橘子","110/07/09","華南永昌-楠梓",13,0,13
"10902","6180橘子","110/07/09","致和-崇德",0,15,-15
"10903","6180橘子","110/07/09","華南永昌-朴子",11,0,11
"10904","6180橘子","110/07/09","群益金鼎-屏東",0,15,-15
"10905","6180橘子","110/07/09","元大-北港",11,0,11
"10906","6180橘子","110/07/09","群益金鼎-中山",0,15,-15
"10907","6180橘子","110/07/09","元大-成功",10,1,9
"10908","6180橘子","110/07/09","瑞士信貸",1,15,-14
"10909","6180橘子","110/07/09","新光",26,18,8
"10910","6180橘子","110/07/09","日盛-二林",0,10,-10
"10911","6180橘子","110/07/09","統一-三重",6,0,6
"10912","6180橘子","110/07/09","凱基-東門",0,10,-10
"10913","6180橘子","110/07/09","群益金鼎-嘉義",6,0,6
"10914","6180橘子","110/07/09","華南永昌-三重",0,10,-10
"10915","6180橘子","110/07/09","元大-員林中山",6,0,6
"10916","6180橘子","110/07/09","元大-彰化民生",1,11,-10
"10917","6180橘子","110/07/09","合庫-鳳山",5,0,5
"10918","6180橘子","110/07/09","永豐金-新店",1,11,-10
"10919","6180橘子","110/07/09","富邦-建國",6,1,5
"10920","6180橘子","110/07/09","群益金鼎-丹鳳",0,8,-8
"10921","2390云辰","110/07/09","摩根大通",279,56,223
"10922","2390云辰","110/07/09","元大-天母",0,127,-127
"10923","2390云辰","110/07/09","日盛-鳳山",110,2,108
"10924","2390云辰","110/07/09","中國信託-文心",5,109,-104
"10925","2390云辰","110/07/09","宏遠證券",100,0,100
"10926","2390云辰","110/07/09","永豐金-復興",0,55,-55
"10927","2390云辰","110/07/09","元大-大里",63,6,57
"10928","2390云辰","110/07/09","凱基-台北",239,286,-47
"10929","2390云辰","110/07/09","凱基-八德",59,10,49
"10930","2390云辰","110/07/09","德信",2,32,-30
"10931","2390云辰","110/07/09","合庫-新竹",40,0,40
"10932","2390云辰","110/07/09","兆豐-桃鶯",2,32,-30
"10933","2390云辰","110/07/09","國票",40,1,39
"10934","2390云辰","110/07/09","致和-南京",0,30,-30
"10935","2390云辰","110/07/09","新加坡商瑞銀",49,13,36
"10936","2390云辰","110/07/09","富邦-虎尾",1,31,-30
"10937","2390云辰","110/07/09","統一-新台中",36,2,34
"10938","2390云辰","110/07/09","元大-善化",2,31,-29
"10939","2390云辰","110/07/09","國票-嘉義",31,0,31
"10940","2390云辰","110/07/09","富邦-板橋",0,27,-27
"10941","2390云辰","110/07/09","華南永昌",35,7,28
"10942","2390云辰","110/07/09","富邦-永和",3,28,-25
"10943","2390云辰","110/07/09","玉山-台中",49,22,27
"10944","2390云辰","110/07/09","第一金-自由",20,44,-24
"10945","2390云辰","110/07/09","華南永昌-敦南",25,0,25
"10946","2390云辰","110/07/09","凱基-內湖",0,24,-24
"10947","2390云辰","110/07/09","新光-高雄",27,4,23
"10948","2390云辰","110/07/09","元大-汐止",1,24,-23
"10949","2390云辰","110/07/09","台灣摩根士丹利",85,63,22
"10950","2390云辰","110/07/09","新光-台中",12,33,-21
"10951","4903聯光通","110/07/09","元大-敦南",10,0,10
"10952","4903聯光通","110/07/09","第一金-台中",0,12,-12
"10953","4903聯光通","110/07/09","凱基-士林",5,0,5
"10954","4903聯光通","110/07/09","日盛-忠孝",0,3,-3
"10955","4903聯光通","110/07/09","元大-苗栗",5,0,5
"10956","4903聯光通","110/07/09","群益金鼎-崇德",0,3,-3
"10957","4903聯光通","110/07/09","元大-屏南",3,0,3
"10958","4903聯光通","110/07/09","國票-內壢",0,2,-2
"10959","4903聯光通","110/07/09","中國信託-永康",1,0,1
"10960","4903聯光通","110/07/09","康和-南崁",0,2,-2
"10961","4903聯光通","110/07/09","玉山證券",1,0,1
"10962","4903聯光通","110/07/09","新光-台中",0,2,-2
"10963","4903聯光通","110/07/09","元大-太平",4,3,1
"10964","4903聯光通","110/07/09","玉山-城中",0,2,-2
"10965","4903聯光通","110/07/09","永豐金-嘉義",1,0,1
"10966","4903聯光通","110/07/09","中國信託-文心",0,1,-1
"10967","4903聯光通","110/07/09","大昌",0,0,0
"10968","4903聯光通","110/07/09","大昌",0,0,0
"10969","4903聯光通","110/07/09","中農",0,0,0
"10970","4903聯光通","110/07/09","中農",0,0,0
"10971","4903聯光通","110/07/09","",NA,NA,NA
"10972","4903聯光通","110/07/09","",NA,NA,NA
"10973","4903聯光通","110/07/09","",NA,NA,NA
"10974","4903聯光通","110/07/09","",NA,NA,NA
"10975","4903聯光通","110/07/09","",NA,NA,NA
"10976","4903聯光通","110/07/09","",NA,NA,NA
"10977","4903聯光通","110/07/09","",NA,NA,NA
"10978","4903聯光通","110/07/09","",NA,NA,NA
"10979","4903聯光通","110/07/09","",NA,NA,NA
"10980","4903聯光通","110/07/09","",NA,NA,NA
"10981","2929淘帝","110/07/09","台中銀-台北",110,0,110
"10982","2929淘帝","110/07/09","新光",2,82,-80
"10983","2929淘帝","110/07/09","華南永昌-頭份",72,0,72
"10984","2929淘帝","110/07/09","摩根大通",2,63,-61
"10985","2929淘帝","110/07/09","合庫-高雄",71,0,71
"10986","2929淘帝","110/07/09","第一金-路竹",0,50,-50
"10987","2929淘帝","110/07/09","高橋-龍潭",37,0,37
"10988","2929淘帝","110/07/09","港商麥格理",0,42,-42
"10989","2929淘帝","110/07/09","新光-台中",60,26,34
"10990","2929淘帝","110/07/09","陽信-石牌",0,40,-40
"10991","2929淘帝","110/07/09","元富-大裕",22,1,21
"10992","2929淘帝","110/07/09","台新-左楠",1,39,-38
"10993","2929淘帝","110/07/09","合庫-鳳山",20,0,20
"10994","2929淘帝","110/07/09","凱基-桃園",3,29,-26
"10995","2929淘帝","110/07/09","元大-員林",22,2,20
"10996","2929淘帝","110/07/09","兆豐-內湖",0,25,-25
"10997","2929淘帝","110/07/09","台新-建北",15,0,15
"10998","2929淘帝","110/07/09","元大-北港",0,20,-20
"10999","2929淘帝","110/07/09","兆豐-桃園",13,0,13
"11000","2929淘帝","110/07/09","富邦-北港",0,19,-19
"11001","2929淘帝","110/07/09","兆豐-忠孝",10,0,10
"11002","2929淘帝","110/07/09","富邦-花蓮",0,17,-17
"11003","2929淘帝","110/07/09","國票-敦北法人",10,0,10
"11004","2929淘帝","110/07/09","國泰-台中",2,17,-15
"11005","2929淘帝","110/07/09","永豐金-博愛",10,0,10
"11006","2929淘帝","110/07/09","群益金鼎-彰化",0,15,-15
"11007","2929淘帝","110/07/09","群益金鼎-潭子",8,0,8
"11008","2929淘帝","110/07/09","元大-博愛",0,14,-14
"11009","2929淘帝","110/07/09","富邦-南屯",8,0,8
"11010","2929淘帝","110/07/09","日盛-板橋",0,13,-13
"11011","5410國眾","110/07/09","元大-新盛",14,0,14
"11012","5410國眾","110/07/09","(牛牛牛)亞-鑫豐",1,41,-40
"11013","5410國眾","110/07/09","台灣企銀-民雄",10,0,10
"11014","5410國眾","110/07/09","元富-嘉義",0,25,-25
"11015","5410國眾","110/07/09","元富-虎尾",9,0,9
"11016","5410國眾","110/07/09","凱基-高美館",0,10,-10
"11017","5410國眾","110/07/09","摩根大通",10,1,9
"11018","5410國眾","110/07/09","凱基-城中",0,10,-10
"11019","5410國眾","110/07/09","兆豐-北高雄",7,0,7
"11020","5410國眾","110/07/09","元大-頭份",0,10,-10
"11021","5410國眾","110/07/09","凱基-台北",8,1,7
"11022","5410國眾","110/07/09","群益金鼎-丹鳳",0,7,-7
"11023","5410國眾","110/07/09","華南永昌-公誠",7,0,7
"11024","5410國眾","110/07/09","凱基-復興",0,7,-7
"11025","5410國眾","110/07/09","香港上海匯豐",6,0,6
"11026","5410國眾","110/07/09","元大-員林",0,7,-7
"11027","5410國眾","110/07/09","凱基-中壢",6,0,6
"11028","5410國眾","110/07/09","富邦-竹東",0,6,-6
"11029","5410國眾","110/07/09","華南永昌-南京",6,0,6
"11030","5410國眾","110/07/09","亞東-高雄",0,5,-5
"11031","5410國眾","110/07/09","統一-三重",5,0,5
"11032","5410國眾","110/07/09","大慶-中壢",1,6,-5
"11033","5410國眾","110/07/09","富邦-宜蘭",5,0,5
"11034","5410國眾","110/07/09","群益金鼎-中港",0,5,-5
"11035","5410國眾","110/07/09","元大-崇德",5,0,5
"11036","5410國眾","110/07/09","元大-八德",0,5,-5
"11037","5410國眾","110/07/09","元大-博愛",5,0,5
"11038","5410國眾","110/07/09","富邦-基隆",0,4,-4
"11039","5410國眾","110/07/09","元大-龍潭",5,0,5
"11040","5410國眾","110/07/09","臺銀-新竹",0,3,-3
"11041","2841台開","110/07/09","日盛-雙和",102,0,102
"11042","2841台開","110/07/09","港商野村",0,129,-129
"11043","2841台開","110/07/09","元大-館前",70,0,70
"11044","2841台開","110/07/09","兆豐-永和",0,100,-100
"11045","2841台開","110/07/09","凱基-文心",50,0,50
"11046","2841台開","110/07/09","台新證券",7,28,-21
"11047","2841台開","110/07/09","富邦-嘉義",40,0,40
"11048","2841台開","110/07/09","國票-北高雄",0,20,-20
"11049","2841台開","110/07/09","美商高盛",15,0,15
"11050","2841台開","110/07/09","永豐金-敦南",29,46,-17
"11051","2841台開","110/07/09","台中銀",15,0,15
"11052","2841台開","110/07/09","合庫-基隆",0,12,-12
"11053","2841台開","110/07/09","新光",11,0,11
"11054","2841台開","110/07/09","中國信託-松江",0,12,-12
"11055","2841台開","110/07/09","華南永昌-長虹",10,0,10
"11056","2841台開","110/07/09","兆豐-城中",0,12,-12
"11057","2841台開","110/07/09","永豐金-南投",10,0,10
"11058","2841台開","110/07/09","台中銀-豐原",0,10,-10
"11059","2841台開","110/07/09","合庫-桃園",7,0,7
"11060","2841台開","110/07/09","兆豐-景美",0,10,-10
"11061","2841台開","110/07/09","群益金鼎-古亭",7,0,7
"11062","2841台開","110/07/09","群益金鼎-基隆",0,10,-10
"11063","2841台開","110/07/09","國泰-敦南",6,0,6
"11064","2841台開","110/07/09","元大-北三重",0,10,-10
"11065","2841台開","110/07/09","凱基-桃園",8,2,6
"11066","2841台開","110/07/09","(牛牛牛)亞-網路",0,9,-9
"11067","2841台開","110/07/09","日盛證券",5,0,5
"11068","2841台開","110/07/09","台新-高雄",1,10,-9
"11069","2841台開","110/07/09","元富-文心",5,0,5
"11070","2841台開","110/07/09","凱基-台北",0,7,-7
"11071","6207雷科","110/07/09","群益金鼎-新竹",47,0,47
"11072","6207雷科","110/07/09","新光",7,24,-17
"11073","6207雷科","110/07/09","永豐金-三重",31,0,31
"11074","6207雷科","110/07/09","日盛-和美",0,15,-15
"11075","6207雷科","110/07/09","新加坡商瑞銀",33,5,28
"11076","6207雷科","110/07/09","國泰-台南",0,15,-15
"11077","6207雷科","110/07/09","元大-高雄",26,0,26
"11078","6207雷科","110/07/09","華南永昌-古亭",0,14,-14
"11079","6207雷科","110/07/09","統一-員林",22,0,22
"11080","6207雷科","110/07/09","土銀-白河",0,11,-11
"11081","6207雷科","110/07/09","台新-高雄",22,0,22
"11082","6207雷科","110/07/09","日盛-台南",0,10,-10
"11083","6207雷科","110/07/09","摩根大通",34,17,17
"11084","6207雷科","110/07/09","元富-林園",0,10,-10
"11085","6207雷科","110/07/09","元大-博愛",17,1,16
"11086","6207雷科","110/07/09","富邦-園區",0,10,-10
"11087","6207雷科","110/07/09","日茂-埔里",12,0,12
"11088","6207雷科","110/07/09","元大-上新莊",0,10,-10
"11089","6207雷科","110/07/09","國泰-台中",17,6,11
"11090","6207雷科","110/07/09","永豐金-南京",0,10,-10
"11091","6207雷科","110/07/09","富邦-三重",10,0,10
"11092","6207雷科","110/07/09","兆豐-小港",0,6,-6
"11093","6207雷科","110/07/09","元大-沙鹿",10,0,10
"11094","6207雷科","110/07/09","富邦-羅東",1,7,-6
"11095","6207雷科","110/07/09","元大-八德",10,0,10
"11096","6207雷科","110/07/09","元大-土城永寧",0,6,-6
"11097","6207雷科","110/07/09","第一金-路竹",11,2,9
"11098","6207雷科","110/07/09","永豐金-板盛",0,6,-6
"11099","6207雷科","110/07/09","統一-南京",5,0,5
"11100","6207雷科","110/07/09","日盛-板橋",0,5,-5
"11101","3679新至陞","110/07/09","元大-大天母",10,0,10
"11102","3679新至陞","110/07/09","第一金-光復",0,11,-11
"11103","3679新至陞","110/07/09","日盛-樹林",9,0,9
"11104","3679新至陞","110/07/09","瑞士信貸",0,8,-8
"11105","3679新至陞","110/07/09","凱基-台北",11,2,9
"11106","3679新至陞","110/07/09","大慶-苗栗",0,5,-5
"11107","3679新至陞","110/07/09","華南永昌-小港",8,0,8
"11108","3679新至陞","110/07/09","元大-永春",0,5,-5
"11109","3679新至陞","110/07/09","兆豐-來福",7,0,7
"11110","3679新至陞","110/07/09","日盛-和美",0,4,-4
"11111","3679新至陞","110/07/09","香港上海匯豐",5,0,5
"11112","3679新至陞","110/07/09","元大-雙和",0,3,-3
"11113","3679新至陞","110/07/09","台中銀-員林",3,0,3
"11114","3679新至陞","110/07/09","永豐金-屏東",0,3,-3
"11115","3679新至陞","110/07/09","新光",3,0,3
"11116","3679新至陞","110/07/09","彰銀",0,2,-2
"11117","3679新至陞","110/07/09","土銀-花蓮",2,0,2
"11118","3679新至陞","110/07/09","宏遠-館前",0,2,-2
"11119","3679新至陞","110/07/09","第一金-澎湖",2,0,2
"11120","3679新至陞","110/07/09","港商野村",0,2,-2
"11121","3679新至陞","110/07/09","摩根大通",2,0,2
"11122","3679新至陞","110/07/09","大昌-新店",0,2,-2
"11123","3679新至陞","110/07/09","國泰-敦南",2,0,2
"11124","3679新至陞","110/07/09","元大-新莊",0,2,-2
"11125","3679新至陞","110/07/09","元大-淡水",4,2,2
"11126","3679新至陞","110/07/09","元大-板橋",0,2,-2
"11127","3679新至陞","110/07/09","日盛-士林",1,0,1
"11128","3679新至陞","110/07/09","台灣摩根士丹利",0,1,-1
"11129","3679新至陞","110/07/09","日盛-信義",1,0,1
"11130","3679新至陞","110/07/09","第一金-高雄",0,1,-1
"11131","2727王品","110/07/09","台灣匯立證券",90,0,90
"11132","2727王品","110/07/09","台灣摩根士丹利",0,267,-267
"11133","2727王品","110/07/09","國泰-敦南",166,84,82
"11134","2727王品","110/07/09","富邦-台北",35,299,-264
"11135","2727王品","110/07/09","富邦-仁愛",56,12,44
"11136","2727王品","110/07/09","凱基-台北",174,296,-122
"11137","2727王品","110/07/09","台新證券",109,66,43
"11138","2727王品","110/07/09","第一金",2,102,-100
"11139","2727王品","110/07/09","新光",117,87,30
"11140","2727王品","110/07/09","群益金鼎-大安",0,80,-80
"11141","2727王品","110/07/09","臺銀-臺中",35,6,29
"11142","2727王品","110/07/09","兆豐-大安",7,60,-53
"11143","2727王品","110/07/09","元大-桃園",32,3,29
"11144","2727王品","110/07/09","永豐金-南投",0,50,-50
"11145","2727王品","110/07/09","元富-宜蘭",34,6,28
"11146","2727王品","110/07/09","新加坡商瑞銀",6,46,-40
"11147","2727王品","110/07/09","玉山-台中",34,8,26
"11148","2727王品","110/07/09","合庫-彰化",11,50,-39
"11149","2727王品","110/07/09","群益金鼎-宜蘭",30,4,26
"11150","2727王品","110/07/09","永豐金-萬盛",13,52,-39
"11151","2727王品","110/07/09","富邦-台中",42,16,26
"11152","2727王品","110/07/09","瑞士信貸",0,34,-34
"11153","2727王品","110/07/09","第一金-豐原",25,1,24
"11154","2727王品","110/07/09","元大-和平",4,35,-31
"11155","2727王品","110/07/09","臺銀",30,8,22
"11156","2727王品","110/07/09","美林",14,44,-30
"11157","2727王品","110/07/09","兆豐-來福",23,1,22
"11158","2727王品","110/07/09","元大-員林",9,38,-29
"11159","2727王品","110/07/09","玉山-士林",22,2,20
"11160","2727王品","110/07/09","元富-西松",4,31,-27
"11161","1570力肯","110/07/09","凱基-台北",30,1,29
"11162","1570力肯","110/07/09","群益金鼎-彰化",0,20,-20
"11163","1570力肯","110/07/09","新光-台南",20,0,20
"11164","1570力肯","110/07/09","元大-土城學府",0,20,-20
"11165","1570力肯","110/07/09","元大-高雄",20,0,20
"11166","1570力肯","110/07/09","元大-大統",0,16,-16
"11167","1570力肯","110/07/09","國票-中正",12,0,12
"11168","1570力肯","110/07/09","元大-新營",0,11,-11
"11169","1570力肯","110/07/09","日盛-高雄",6,0,6
"11170","1570力肯","110/07/09","元大-和平",0,10,-10
"11171","1570力肯","110/07/09","元富-緯城",6,0,6
"11172","1570力肯","110/07/09","元大-草屯",0,10,-10
"11173","1570力肯","110/07/09","群益金鼎-台南",6,0,6
"11174","1570力肯","110/07/09","元大-鹿港",0,9,-9
"11175","1570力肯","110/07/09","華南永昌-岡山",6,0,6
"11176","1570力肯","110/07/09","合庫-基隆",0,7,-7
"11177","1570力肯","110/07/09","統一-中壢",5,0,5
"11178","1570力肯","110/07/09","摩根大通",2,8,-6
"11179","1570力肯","110/07/09","凱基-三峽",5,0,5
"11180","1570力肯","110/07/09","台灣企銀-豐原",0,4,-4
"11181","1570力肯","110/07/09","大昌-樹林",4,0,4
"11182","1570力肯","110/07/09","日盛-桃園",0,4,-4
"11183","1570力肯","110/07/09","新光",3,0,3
"11184","1570力肯","110/07/09","國泰-高雄",0,3,-3
"11185","1570力肯","110/07/09","富邦-新竹華信",3,0,3
"11186","1570力肯","110/07/09","永豐金-敦南",0,3,-3
"11187","1570力肯","110/07/09","合庫-台中",2,0,2
"11188","1570力肯","110/07/09","土銀-彰化",0,2,-2
"11189","1570力肯","110/07/09","臺銀-臺中",2,0,2
"11190","1570力肯","110/07/09","臺銀-鳳山",0,2,-2
"11191","6180橘子","110/07/09","摩根大通",63,1,62
"11192","6180橘子","110/07/09","元大-南京",1,32,-31
"11193","6180橘子","110/07/09","富邦-陽明",73,33,40
"11194","6180橘子","110/07/09","群益金鼎-台北",0,25,-25
"11195","6180橘子","110/07/09","新加坡商瑞銀",31,0,31
"11196","6180橘子","110/07/09","兆豐-復興",0,21,-21
"11197","6180橘子","110/07/09","美商高盛",25,0,25
"11198","6180橘子","110/07/09","永豐金-嘉義",0,21,-21
"11199","6180橘子","110/07/09","凱基-台北",26,10,16
"11200","6180橘子","110/07/09","凱基-中壢",8,24,-16
"11201","6180橘子","110/07/09","華南永昌-楠梓",13,0,13
"11202","6180橘子","110/07/09","致和-崇德",0,15,-15
"11203","6180橘子","110/07/09","華南永昌-朴子",11,0,11
"11204","6180橘子","110/07/09","群益金鼎-屏東",0,15,-15
"11205","6180橘子","110/07/09","元大-北港",11,0,11
"11206","6180橘子","110/07/09","群益金鼎-中山",0,15,-15
"11207","6180橘子","110/07/09","元大-成功",10,1,9
"11208","6180橘子","110/07/09","瑞士信貸",1,15,-14
"11209","6180橘子","110/07/09","新光",26,18,8
"11210","6180橘子","110/07/09","日盛-二林",0,10,-10
"11211","6180橘子","110/07/09","統一-三重",6,0,6
"11212","6180橘子","110/07/09","凱基-東門",0,10,-10
"11213","6180橘子","110/07/09","群益金鼎-嘉義",6,0,6
"11214","6180橘子","110/07/09","華南永昌-三重",0,10,-10
"11215","6180橘子","110/07/09","元大-員林中山",6,0,6
"11216","6180橘子","110/07/09","元大-彰化民生",1,11,-10
"11217","6180橘子","110/07/09","合庫-鳳山",5,0,5
"11218","6180橘子","110/07/09","永豐金-新店",1,11,-10
"11219","6180橘子","110/07/09","富邦-建國",6,1,5
"11220","6180橘子","110/07/09","群益金鼎-丹鳳",0,8,-8
"11221","2390云辰","110/07/09","摩根大通",279,56,223
"11222","2390云辰","110/07/09","元大-天母",0,127,-127
"11223","2390云辰","110/07/09","日盛-鳳山",110,2,108
"11224","2390云辰","110/07/09","中國信託-文心",5,109,-104
"11225","2390云辰","110/07/09","宏遠證券",100,0,100
"11226","2390云辰","110/07/09","永豐金-復興",0,55,-55
"11227","2390云辰","110/07/09","元大-大里",63,6,57
"11228","2390云辰","110/07/09","凱基-台北",239,286,-47
"11229","2390云辰","110/07/09","凱基-八德",59,10,49
"11230","2390云辰","110/07/09","德信",2,32,-30
"11231","2390云辰","110/07/09","合庫-新竹",40,0,40
"11232","2390云辰","110/07/09","兆豐-桃鶯",2,32,-30
"11233","2390云辰","110/07/09","國票",40,1,39
"11234","2390云辰","110/07/09","致和-南京",0,30,-30
"11235","2390云辰","110/07/09","新加坡商瑞銀",49,13,36
"11236","2390云辰","110/07/09","富邦-虎尾",1,31,-30
"11237","2390云辰","110/07/09","統一-新台中",36,2,34
"11238","2390云辰","110/07/09","元大-善化",2,31,-29
"11239","2390云辰","110/07/09","國票-嘉義",31,0,31
"11240","2390云辰","110/07/09","富邦-板橋",0,27,-27
"11241","2390云辰","110/07/09","華南永昌",35,7,28
"11242","2390云辰","110/07/09","富邦-永和",3,28,-25
"11243","2390云辰","110/07/09","玉山-台中",49,22,27
"11244","2390云辰","110/07/09","第一金-自由",20,44,-24
"11245","2390云辰","110/07/09","華南永昌-敦南",25,0,25
"11246","2390云辰","110/07/09","凱基-內湖",0,24,-24
"11247","2390云辰","110/07/09","新光-高雄",27,4,23
"11248","2390云辰","110/07/09","元大-汐止",1,24,-23
"11249","2390云辰","110/07/09","台灣摩根士丹利",85,63,22
"11250","2390云辰","110/07/09","新光-台中",12,33,-21
"11251","4903聯光通","110/07/09","元大-敦南",10,0,10
"11252","4903聯光通","110/07/09","第一金-台中",0,12,-12
"11253","4903聯光通","110/07/09","凱基-士林",5,0,5
"11254","4903聯光通","110/07/09","日盛-忠孝",0,3,-3
"11255","4903聯光通","110/07/09","元大-苗栗",5,0,5
"11256","4903聯光通","110/07/09","群益金鼎-崇德",0,3,-3
"11257","4903聯光通","110/07/09","元大-屏南",3,0,3
"11258","4903聯光通","110/07/09","國票-內壢",0,2,-2
"11259","4903聯光通","110/07/09","中國信託-永康",1,0,1
"11260","4903聯光通","110/07/09","康和-南崁",0,2,-2
"11261","4903聯光通","110/07/09","玉山證券",1,0,1
"11262","4903聯光通","110/07/09","新光-台中",0,2,-2
"11263","4903聯光通","110/07/09","元大-太平",4,3,1
"11264","4903聯光通","110/07/09","玉山-城中",0,2,-2
"11265","4903聯光通","110/07/09","永豐金-嘉義",1,0,1
"11266","4903聯光通","110/07/09","中國信託-文心",0,1,-1
"11267","4903聯光通","110/07/09","大昌",0,0,0
"11268","4903聯光通","110/07/09","大昌",0,0,0
"11269","4903聯光通","110/07/09","中農",0,0,0
"11270","4903聯光通","110/07/09","中農",0,0,0
"11271","4903聯光通","110/07/09","",NA,NA,NA
"11272","4903聯光通","110/07/09","",NA,NA,NA
"11273","4903聯光通","110/07/09","",NA,NA,NA
"11274","4903聯光通","110/07/09","",NA,NA,NA
"11275","4903聯光通","110/07/09","",NA,NA,NA
"11276","4903聯光通","110/07/09","",NA,NA,NA
"11277","4903聯光通","110/07/09","",NA,NA,NA
"11278","4903聯光通","110/07/09","",NA,NA,NA
"11279","4903聯光通","110/07/09","",NA,NA,NA
"11280","4903聯光通","110/07/09","",NA,NA,NA
"11281","2929淘帝","110/07/09","台中銀-台北",110,0,110
"11282","2929淘帝","110/07/09","新光",2,82,-80
"11283","2929淘帝","110/07/09","華南永昌-頭份",72,0,72
"11284","2929淘帝","110/07/09","摩根大通",2,63,-61
"11285","2929淘帝","110/07/09","合庫-高雄",71,0,71
"11286","2929淘帝","110/07/09","第一金-路竹",0,50,-50
"11287","2929淘帝","110/07/09","高橋-龍潭",37,0,37
"11288","2929淘帝","110/07/09","港商麥格理",0,42,-42
"11289","2929淘帝","110/07/09","新光-台中",60,26,34
"11290","2929淘帝","110/07/09","陽信-石牌",0,40,-40
"11291","2929淘帝","110/07/09","元富-大裕",22,1,21
"11292","2929淘帝","110/07/09","台新-左楠",1,39,-38
"11293","2929淘帝","110/07/09","合庫-鳳山",20,0,20
"11294","2929淘帝","110/07/09","凱基-桃園",3,29,-26
"11295","2929淘帝","110/07/09","元大-員林",22,2,20
"11296","2929淘帝","110/07/09","兆豐-內湖",0,25,-25
"11297","2929淘帝","110/07/09","台新-建北",15,0,15
"11298","2929淘帝","110/07/09","元大-北港",0,20,-20
"11299","2929淘帝","110/07/09","兆豐-桃園",13,0,13
"11300","2929淘帝","110/07/09","富邦-北港",0,19,-19
"11301","2929淘帝","110/07/09","兆豐-忠孝",10,0,10
"11302","2929淘帝","110/07/09","富邦-花蓮",0,17,-17
"11303","2929淘帝","110/07/09","國票-敦北法人",10,0,10
"11304","2929淘帝","110/07/09","國泰-台中",2,17,-15
"11305","2929淘帝","110/07/09","永豐金-博愛",10,0,10
"11306","2929淘帝","110/07/09","群益金鼎-彰化",0,15,-15
"11307","2929淘帝","110/07/09","群益金鼎-潭子",8,0,8
"11308","2929淘帝","110/07/09","元大-博愛",0,14,-14
"11309","2929淘帝","110/07/09","富邦-南屯",8,0,8
"11310","2929淘帝","110/07/09","日盛-板橋",0,13,-13
"11311","5410國眾","110/07/09","元大-新盛",14,0,14
"11312","5410國眾","110/07/09","(牛牛牛)亞-鑫豐",1,41,-40
"11313","5410國眾","110/07/09","台灣企銀-民雄",10,0,10
"11314","5410國眾","110/07/09","元富-嘉義",0,25,-25
"11315","5410國眾","110/07/09","元富-虎尾",9,0,9
"11316","5410國眾","110/07/09","凱基-高美館",0,10,-10
"11317","5410國眾","110/07/09","摩根大通",10,1,9
"11318","5410國眾","110/07/09","凱基-城中",0,10,-10
"11319","5410國眾","110/07/09","兆豐-北高雄",7,0,7
"11320","5410國眾","110/07/09","元大-頭份",0,10,-10
"11321","5410國眾","110/07/09","凱基-台北",8,1,7
"11322","5410國眾","110/07/09","群益金鼎-丹鳳",0,7,-7
"11323","5410國眾","110/07/09","華南永昌-公誠",7,0,7
"11324","5410國眾","110/07/09","凱基-復興",0,7,-7
"11325","5410國眾","110/07/09","香港上海匯豐",6,0,6
"11326","5410國眾","110/07/09","元大-員林",0,7,-7
"11327","5410國眾","110/07/09","凱基-中壢",6,0,6
"11328","5410國眾","110/07/09","富邦-竹東",0,6,-6
"11329","5410國眾","110/07/09","華南永昌-南京",6,0,6
"11330","5410國眾","110/07/09","亞東-高雄",0,5,-5
"11331","5410國眾","110/07/09","統一-三重",5,0,5
"11332","5410國眾","110/07/09","大慶-中壢",1,6,-5
"11333","5410國眾","110/07/09","富邦-宜蘭",5,0,5
"11334","5410國眾","110/07/09","群益金鼎-中港",0,5,-5
"11335","5410國眾","110/07/09","元大-崇德",5,0,5
"11336","5410國眾","110/07/09","元大-八德",0,5,-5
"11337","5410國眾","110/07/09","元大-博愛",5,0,5
"11338","5410國眾","110/07/09","富邦-基隆",0,4,-4
"11339","5410國眾","110/07/09","元大-龍潭",5,0,5
"11340","5410國眾","110/07/09","臺銀-新竹",0,3,-3
"11341","2841台開","110/07/09","日盛-雙和",102,0,102
"11342","2841台開","110/07/09","港商野村",0,129,-129
"11343","2841台開","110/07/09","元大-館前",70,0,70
"11344","2841台開","110/07/09","兆豐-永和",0,100,-100
"11345","2841台開","110/07/09","凱基-文心",50,0,50
"11346","2841台開","110/07/09","台新證券",7,28,-21
"11347","2841台開","110/07/09","富邦-嘉義",40,0,40
"11348","2841台開","110/07/09","國票-北高雄",0,20,-20
"11349","2841台開","110/07/09","美商高盛",15,0,15
"11350","2841台開","110/07/09","永豐金-敦南",29,46,-17
"11351","2841台開","110/07/09","台中銀",15,0,15
"11352","2841台開","110/07/09","合庫-基隆",0,12,-12
"11353","2841台開","110/07/09","新光",11,0,11
"11354","2841台開","110/07/09","中國信託-松江",0,12,-12
"11355","2841台開","110/07/09","華南永昌-長虹",10,0,10
"11356","2841台開","110/07/09","兆豐-城中",0,12,-12
"11357","2841台開","110/07/09","永豐金-南投",10,0,10
"11358","2841台開","110/07/09","台中銀-豐原",0,10,-10
"11359","2841台開","110/07/09","合庫-桃園",7,0,7
"11360","2841台開","110/07/09","兆豐-景美",0,10,-10
"11361","2841台開","110/07/09","群益金鼎-古亭",7,0,7
"11362","2841台開","110/07/09","群益金鼎-基隆",0,10,-10
"11363","2841台開","110/07/09","國泰-敦南",6,0,6
"11364","2841台開","110/07/09","元大-北三重",0,10,-10
"11365","2841台開","110/07/09","凱基-桃園",8,2,6
"11366","2841台開","110/07/09","(牛牛牛)亞-網路",0,9,-9
"11367","2841台開","110/07/09","日盛證券",5,0,5
"11368","2841台開","110/07/09","台新-高雄",1,10,-9
"11369","2841台開","110/07/09","元富-文心",5,0,5
"11370","2841台開","110/07/09","凱基-台北",0,7,-7
"11371","6207雷科","110/07/09","群益金鼎-新竹",47,0,47
"11372","6207雷科","110/07/09","新光",7,24,-17
"11373","6207雷科","110/07/09","永豐金-三重",31,0,31
"11374","6207雷科","110/07/09","日盛-和美",0,15,-15
"11375","6207雷科","110/07/09","新加坡商瑞銀",33,5,28
"11376","6207雷科","110/07/09","國泰-台南",0,15,-15
"11377","6207雷科","110/07/09","元大-高雄",26,0,26
"11378","6207雷科","110/07/09","華南永昌-古亭",0,14,-14
"11379","6207雷科","110/07/09","統一-員林",22,0,22
"11380","6207雷科","110/07/09","土銀-白河",0,11,-11
"11381","6207雷科","110/07/09","台新-高雄",22,0,22
"11382","6207雷科","110/07/09","日盛-台南",0,10,-10
"11383","6207雷科","110/07/09","摩根大通",34,17,17
"11384","6207雷科","110/07/09","元富-林園",0,10,-10
"11385","6207雷科","110/07/09","元大-博愛",17,1,16
"11386","6207雷科","110/07/09","富邦-園區",0,10,-10
"11387","6207雷科","110/07/09","日茂-埔里",12,0,12
"11388","6207雷科","110/07/09","元大-上新莊",0,10,-10
"11389","6207雷科","110/07/09","國泰-台中",17,6,11
"11390","6207雷科","110/07/09","永豐金-南京",0,10,-10
"11391","6207雷科","110/07/09","富邦-三重",10,0,10
"11392","6207雷科","110/07/09","兆豐-小港",0,6,-6
"11393","6207雷科","110/07/09","元大-沙鹿",10,0,10
"11394","6207雷科","110/07/09","富邦-羅東",1,7,-6
"11395","6207雷科","110/07/09","元大-八德",10,0,10
"11396","6207雷科","110/07/09","元大-土城永寧",0,6,-6
"11397","6207雷科","110/07/09","第一金-路竹",11,2,9
"11398","6207雷科","110/07/09","永豐金-板盛",0,6,-6
"11399","6207雷科","110/07/09","統一-南京",5,0,5
"11400","6207雷科","110/07/09","日盛-板橋",0,5,-5
"11401","3679新至陞","110/07/09","元大-大天母",10,0,10
"11402","3679新至陞","110/07/09","第一金-光復",0,11,-11
"11403","3679新至陞","110/07/09","日盛-樹林",9,0,9
"11404","3679新至陞","110/07/09","瑞士信貸",0,8,-8
"11405","3679新至陞","110/07/09","凱基-台北",11,2,9
"11406","3679新至陞","110/07/09","大慶-苗栗",0,5,-5
"11407","3679新至陞","110/07/09","華南永昌-小港",8,0,8
"11408","3679新至陞","110/07/09","元大-永春",0,5,-5
"11409","3679新至陞","110/07/09","兆豐-來福",7,0,7
"11410","3679新至陞","110/07/09","日盛-和美",0,4,-4
"11411","3679新至陞","110/07/09","香港上海匯豐",5,0,5
"11412","3679新至陞","110/07/09","元大-雙和",0,3,-3
"11413","3679新至陞","110/07/09","台中銀-員林",3,0,3
"11414","3679新至陞","110/07/09","永豐金-屏東",0,3,-3
"11415","3679新至陞","110/07/09","新光",3,0,3
"11416","3679新至陞","110/07/09","彰銀",0,2,-2
"11417","3679新至陞","110/07/09","土銀-花蓮",2,0,2
"11418","3679新至陞","110/07/09","宏遠-館前",0,2,-2
"11419","3679新至陞","110/07/09","第一金-澎湖",2,0,2
"11420","3679新至陞","110/07/09","港商野村",0,2,-2
"11421","3679新至陞","110/07/09","摩根大通",2,0,2
"11422","3679新至陞","110/07/09","大昌-新店",0,2,-2
"11423","3679新至陞","110/07/09","國泰-敦南",2,0,2
"11424","3679新至陞","110/07/09","元大-新莊",0,2,-2
"11425","3679新至陞","110/07/09","元大-淡水",4,2,2
"11426","3679新至陞","110/07/09","元大-板橋",0,2,-2
"11427","3679新至陞","110/07/09","日盛-士林",1,0,1
"11428","3679新至陞","110/07/09","台灣摩根士丹利",0,1,-1
"11429","3679新至陞","110/07/09","日盛-信義",1,0,1
"11430","3679新至陞","110/07/09","第一金-高雄",0,1,-1
"11431","2727王品","110/07/09","台灣匯立證券",90,0,90
"11432","2727王品","110/07/09","台灣摩根士丹利",0,267,-267
"11433","2727王品","110/07/09","國泰-敦南",166,84,82
"11434","2727王品","110/07/09","富邦-台北",35,299,-264
"11435","2727王品","110/07/09","富邦-仁愛",56,12,44
"11436","2727王品","110/07/09","凱基-台北",174,296,-122
"11437","2727王品","110/07/09","台新證券",109,66,43
"11438","2727王品","110/07/09","第一金",2,102,-100
"11439","2727王品","110/07/09","新光",117,87,30
"11440","2727王品","110/07/09","群益金鼎-大安",0,80,-80
"11441","2727王品","110/07/09","臺銀-臺中",35,6,29
"11442","2727王品","110/07/09","兆豐-大安",7,60,-53
"11443","2727王品","110/07/09","元大-桃園",32,3,29
"11444","2727王品","110/07/09","永豐金-南投",0,50,-50
"11445","2727王品","110/07/09","元富-宜蘭",34,6,28
"11446","2727王品","110/07/09","新加坡商瑞銀",6,46,-40
"11447","2727王品","110/07/09","玉山-台中",34,8,26
"11448","2727王品","110/07/09","合庫-彰化",11,50,-39
"11449","2727王品","110/07/09","群益金鼎-宜蘭",30,4,26
"11450","2727王品","110/07/09","永豐金-萬盛",13,52,-39
"11451","2727王品","110/07/09","富邦-台中",42,16,26
"11452","2727王品","110/07/09","瑞士信貸",0,34,-34
"11453","2727王品","110/07/09","第一金-豐原",25,1,24
"11454","2727王品","110/07/09","元大-和平",4,35,-31
"11455","2727王品","110/07/09","臺銀",30,8,22
"11456","2727王品","110/07/09","美林",14,44,-30
"11457","2727王品","110/07/09","兆豐-來福",23,1,22
"11458","2727王品","110/07/09","元大-員林",9,38,-29
"11459","2727王品","110/07/09","玉山-士林",22,2,20
"11460","2727王品","110/07/09","元富-西松",4,31,-27
"11461","1570力肯","110/07/09","凱基-台北",30,1,29
"11462","1570力肯","110/07/09","群益金鼎-彰化",0,20,-20
"11463","1570力肯","110/07/09","新光-台南",20,0,20
"11464","1570力肯","110/07/09","元大-土城學府",0,20,-20
"11465","1570力肯","110/07/09","元大-高雄",20,0,20
"11466","1570力肯","110/07/09","元大-大統",0,16,-16
"11467","1570力肯","110/07/09","國票-中正",12,0,12
"11468","1570力肯","110/07/09","元大-新營",0,11,-11
"11469","1570力肯","110/07/09","日盛-高雄",6,0,6
"11470","1570力肯","110/07/09","元大-和平",0,10,-10
"11471","1570力肯","110/07/09","元富-緯城",6,0,6
"11472","1570力肯","110/07/09","元大-草屯",0,10,-10
"11473","1570力肯","110/07/09","群益金鼎-台南",6,0,6
"11474","1570力肯","110/07/09","元大-鹿港",0,9,-9
"11475","1570力肯","110/07/09","華南永昌-岡山",6,0,6
"11476","1570力肯","110/07/09","合庫-基隆",0,7,-7
"11477","1570力肯","110/07/09","統一-中壢",5,0,5
"11478","1570力肯","110/07/09","摩根大通",2,8,-6
"11479","1570力肯","110/07/09","凱基-三峽",5,0,5
"11480","1570力肯","110/07/09","台灣企銀-豐原",0,4,-4
"11481","1570力肯","110/07/09","大昌-樹林",4,0,4
"11482","1570力肯","110/07/09","日盛-桃園",0,4,-4
"11483","1570力肯","110/07/09","新光",3,0,3
"11484","1570力肯","110/07/09","國泰-高雄",0,3,-3
"11485","1570力肯","110/07/09","富邦-新竹華信",3,0,3
"11486","1570力肯","110/07/09","永豐金-敦南",0,3,-3
"11487","1570力肯","110/07/09","合庫-台中",2,0,2
"11488","1570力肯","110/07/09","土銀-彰化",0,2,-2
"11489","1570力肯","110/07/09","臺銀-臺中",2,0,2
"11490","1570力肯","110/07/09","臺銀-鳳山",0,2,-2
"11491","6180橘子","110/07/09","摩根大通",63,1,62
"11492","6180橘子","110/07/09","元大-南京",1,32,-31
"11493","6180橘子","110/07/09","富邦-陽明",73,33,40
"11494","6180橘子","110/07/09","群益金鼎-台北",0,25,-25
"11495","6180橘子","110/07/09","新加坡商瑞銀",31,0,31
"11496","6180橘子","110/07/09","兆豐-復興",0,21,-21
"11497","6180橘子","110/07/09","美商高盛",25,0,25
"11498","6180橘子","110/07/09","永豐金-嘉義",0,21,-21
"11499","6180橘子","110/07/09","凱基-台北",26,10,16
"11500","6180橘子","110/07/09","凱基-中壢",8,24,-16
"11501","6180橘子","110/07/09","華南永昌-楠梓",13,0,13
"11502","6180橘子","110/07/09","致和-崇德",0,15,-15
"11503","6180橘子","110/07/09","華南永昌-朴子",11,0,11
"11504","6180橘子","110/07/09","群益金鼎-屏東",0,15,-15
"11505","6180橘子","110/07/09","元大-北港",11,0,11
"11506","6180橘子","110/07/09","群益金鼎-中山",0,15,-15
"11507","6180橘子","110/07/09","元大-成功",10,1,9
"11508","6180橘子","110/07/09","瑞士信貸",1,15,-14
"11509","6180橘子","110/07/09","新光",26,18,8
"11510","6180橘子","110/07/09","日盛-二林",0,10,-10
"11511","6180橘子","110/07/09","統一-三重",6,0,6
"11512","6180橘子","110/07/09","凱基-東門",0,10,-10
"11513","6180橘子","110/07/09","群益金鼎-嘉義",6,0,6
"11514","6180橘子","110/07/09","華南永昌-三重",0,10,-10
"11515","6180橘子","110/07/09","元大-員林中山",6,0,6
"11516","6180橘子","110/07/09","元大-彰化民生",1,11,-10
"11517","6180橘子","110/07/09","合庫-鳳山",5,0,5
"11518","6180橘子","110/07/09","永豐金-新店",1,11,-10
"11519","6180橘子","110/07/09","富邦-建國",6,1,5
"11520","6180橘子","110/07/09","群益金鼎-丹鳳",0,8,-8
"11521","2390云辰","110/07/09","摩根大通",279,56,223
"11522","2390云辰","110/07/09","元大-天母",0,127,-127
"11523","2390云辰","110/07/09","日盛-鳳山",110,2,108
"11524","2390云辰","110/07/09","中國信託-文心",5,109,-104
"11525","2390云辰","110/07/09","宏遠證券",100,0,100
"11526","2390云辰","110/07/09","永豐金-復興",0,55,-55
"11527","2390云辰","110/07/09","元大-大里",63,6,57
"11528","2390云辰","110/07/09","凱基-台北",239,286,-47
"11529","2390云辰","110/07/09","凱基-八德",59,10,49
"11530","2390云辰","110/07/09","德信",2,32,-30
"11531","2390云辰","110/07/09","合庫-新竹",40,0,40
"11532","2390云辰","110/07/09","兆豐-桃鶯",2,32,-30
"11533","2390云辰","110/07/09","國票",40,1,39
"11534","2390云辰","110/07/09","致和-南京",0,30,-30
"11535","2390云辰","110/07/09","新加坡商瑞銀",49,13,36
"11536","2390云辰","110/07/09","富邦-虎尾",1,31,-30
"11537","2390云辰","110/07/09","統一-新台中",36,2,34
"11538","2390云辰","110/07/09","元大-善化",2,31,-29
"11539","2390云辰","110/07/09","國票-嘉義",31,0,31
"11540","2390云辰","110/07/09","富邦-板橋",0,27,-27
"11541","2390云辰","110/07/09","華南永昌",35,7,28
"11542","2390云辰","110/07/09","富邦-永和",3,28,-25
"11543","2390云辰","110/07/09","玉山-台中",49,22,27
"11544","2390云辰","110/07/09","第一金-自由",20,44,-24
"11545","2390云辰","110/07/09","華南永昌-敦南",25,0,25
"11546","2390云辰","110/07/09","凱基-內湖",0,24,-24
"11547","2390云辰","110/07/09","新光-高雄",27,4,23
"11548","2390云辰","110/07/09","元大-汐止",1,24,-23
"11549","2390云辰","110/07/09","台灣摩根士丹利",85,63,22
"11550","2390云辰","110/07/09","新光-台中",12,33,-21
"11551","4903聯光通","110/07/09","元大-敦南",10,0,10
"11552","4903聯光通","110/07/09","第一金-台中",0,12,-12
"11553","4903聯光通","110/07/09","凱基-士林",5,0,5
"11554","4903聯光通","110/07/09","日盛-忠孝",0,3,-3
"11555","4903聯光通","110/07/09","元大-苗栗",5,0,5
"11556","4903聯光通","110/07/09","群益金鼎-崇德",0,3,-3
"11557","4903聯光通","110/07/09","元大-屏南",3,0,3
"11558","4903聯光通","110/07/09","國票-內壢",0,2,-2
"11559","4903聯光通","110/07/09","中國信託-永康",1,0,1
"11560","4903聯光通","110/07/09","康和-南崁",0,2,-2
"11561","4903聯光通","110/07/09","玉山證券",1,0,1
"11562","4903聯光通","110/07/09","新光-台中",0,2,-2
"11563","4903聯光通","110/07/09","元大-太平",4,3,1
"11564","4903聯光通","110/07/09","玉山-城中",0,2,-2
"11565","4903聯光通","110/07/09","永豐金-嘉義",1,0,1
"11566","4903聯光通","110/07/09","中國信託-文心",0,1,-1
"11567","4903聯光通","110/07/09","大昌",0,0,0
"11568","4903聯光通","110/07/09","大昌",0,0,0
"11569","4903聯光通","110/07/09","中農",0,0,0
"11570","4903聯光通","110/07/09","中農",0,0,0
"11571","4903聯光通","110/07/09","",NA,NA,NA
"11572","4903聯光通","110/07/09","",NA,NA,NA
"11573","4903聯光通","110/07/09","",NA,NA,NA
"11574","4903聯光通","110/07/09","",NA,NA,NA
"11575","4903聯光通","110/07/09","",NA,NA,NA
"11576","4903聯光通","110/07/09","",NA,NA,NA
"11577","4903聯光通","110/07/09","",NA,NA,NA
"11578","4903聯光通","110/07/09","",NA,NA,NA
"11579","4903聯光通","110/07/09","",NA,NA,NA
"11580","4903聯光通","110/07/09","",NA,NA,NA
"11581","2929淘帝","110/07/09","台中銀-台北",110,0,110
"11582","2929淘帝","110/07/09","新光",2,82,-80
"11583","2929淘帝","110/07/09","華南永昌-頭份",72,0,72
"11584","2929淘帝","110/07/09","摩根大通",2,63,-61
"11585","2929淘帝","110/07/09","合庫-高雄",71,0,71
"11586","2929淘帝","110/07/09","第一金-路竹",0,50,-50
"11587","2929淘帝","110/07/09","高橋-龍潭",37,0,37
"11588","2929淘帝","110/07/09","港商麥格理",0,42,-42
"11589","2929淘帝","110/07/09","新光-台中",60,26,34
"11590","2929淘帝","110/07/09","陽信-石牌",0,40,-40
"11591","2929淘帝","110/07/09","元富-大裕",22,1,21
"11592","2929淘帝","110/07/09","台新-左楠",1,39,-38
"11593","2929淘帝","110/07/09","合庫-鳳山",20,0,20
"11594","2929淘帝","110/07/09","凱基-桃園",3,29,-26
"11595","2929淘帝","110/07/09","元大-員林",22,2,20
"11596","2929淘帝","110/07/09","兆豐-內湖",0,25,-25
"11597","2929淘帝","110/07/09","台新-建北",15,0,15
"11598","2929淘帝","110/07/09","元大-北港",0,20,-20
"11599","2929淘帝","110/07/09","兆豐-桃園",13,0,13
"11600","2929淘帝","110/07/09","富邦-北港",0,19,-19
"11601","2929淘帝","110/07/09","兆豐-忠孝",10,0,10
"11602","2929淘帝","110/07/09","富邦-花蓮",0,17,-17
"11603","2929淘帝","110/07/09","國票-敦北法人",10,0,10
"11604","2929淘帝","110/07/09","國泰-台中",2,17,-15
"11605","2929淘帝","110/07/09","永豐金-博愛",10,0,10
"11606","2929淘帝","110/07/09","群益金鼎-彰化",0,15,-15
"11607","2929淘帝","110/07/09","群益金鼎-潭子",8,0,8
"11608","2929淘帝","110/07/09","元大-博愛",0,14,-14
"11609","2929淘帝","110/07/09","富邦-南屯",8,0,8
"11610","2929淘帝","110/07/09","日盛-板橋",0,13,-13
"11611","5410國眾","110/07/09","元大-新盛",14,0,14
"11612","5410國眾","110/07/09","(牛牛牛)亞-鑫豐",1,41,-40
"11613","5410國眾","110/07/09","台灣企銀-民雄",10,0,10
"11614","5410國眾","110/07/09","元富-嘉義",0,25,-25
"11615","5410國眾","110/07/09","元富-虎尾",9,0,9
"11616","5410國眾","110/07/09","凱基-高美館",0,10,-10
"11617","5410國眾","110/07/09","摩根大通",10,1,9
"11618","5410國眾","110/07/09","凱基-城中",0,10,-10
"11619","5410國眾","110/07/09","兆豐-北高雄",7,0,7
"11620","5410國眾","110/07/09","元大-頭份",0,10,-10
"11621","5410國眾","110/07/09","凱基-台北",8,1,7
"11622","5410國眾","110/07/09","群益金鼎-丹鳳",0,7,-7
"11623","5410國眾","110/07/09","華南永昌-公誠",7,0,7
"11624","5410國眾","110/07/09","凱基-復興",0,7,-7
"11625","5410國眾","110/07/09","香港上海匯豐",6,0,6
"11626","5410國眾","110/07/09","元大-員林",0,7,-7
"11627","5410國眾","110/07/09","凱基-中壢",6,0,6
"11628","5410國眾","110/07/09","富邦-竹東",0,6,-6
"11629","5410國眾","110/07/09","華南永昌-南京",6,0,6
"11630","5410國眾","110/07/09","亞東-高雄",0,5,-5
"11631","5410國眾","110/07/09","統一-三重",5,0,5
"11632","5410國眾","110/07/09","大慶-中壢",1,6,-5
"11633","5410國眾","110/07/09","富邦-宜蘭",5,0,5
"11634","5410國眾","110/07/09","群益金鼎-中港",0,5,-5
"11635","5410國眾","110/07/09","元大-崇德",5,0,5
"11636","5410國眾","110/07/09","元大-八德",0,5,-5
"11637","5410國眾","110/07/09","元大-博愛",5,0,5
"11638","5410國眾","110/07/09","富邦-基隆",0,4,-4
"11639","5410國眾","110/07/09","元大-龍潭",5,0,5
"11640","5410國眾","110/07/09","臺銀-新竹",0,3,-3
"11641","2841台開","110/07/09","日盛-雙和",102,0,102
"11642","2841台開","110/07/09","港商野村",0,129,-129
"11643","2841台開","110/07/09","元大-館前",70,0,70
"11644","2841台開","110/07/09","兆豐-永和",0,100,-100
"11645","2841台開","110/07/09","凱基-文心",50,0,50
"11646","2841台開","110/07/09","台新證券",7,28,-21
"11647","2841台開","110/07/09","富邦-嘉義",40,0,40
"11648","2841台開","110/07/09","國票-北高雄",0,20,-20
"11649","2841台開","110/07/09","美商高盛",15,0,15
"11650","2841台開","110/07/09","永豐金-敦南",29,46,-17
"11651","2841台開","110/07/09","台中銀",15,0,15
"11652","2841台開","110/07/09","合庫-基隆",0,12,-12
"11653","2841台開","110/07/09","新光",11,0,11
"11654","2841台開","110/07/09","中國信託-松江",0,12,-12
"11655","2841台開","110/07/09","華南永昌-長虹",10,0,10
"11656","2841台開","110/07/09","兆豐-城中",0,12,-12
"11657","2841台開","110/07/09","永豐金-南投",10,0,10
"11658","2841台開","110/07/09","台中銀-豐原",0,10,-10
"11659","2841台開","110/07/09","合庫-桃園",7,0,7
"11660","2841台開","110/07/09","兆豐-景美",0,10,-10
"11661","2841台開","110/07/09","群益金鼎-古亭",7,0,7
"11662","2841台開","110/07/09","群益金鼎-基隆",0,10,-10
"11663","2841台開","110/07/09","國泰-敦南",6,0,6
"11664","2841台開","110/07/09","元大-北三重",0,10,-10
"11665","2841台開","110/07/09","凱基-桃園",8,2,6
"11666","2841台開","110/07/09","(牛牛牛)亞-網路",0,9,-9
"11667","2841台開","110/07/09","日盛證券",5,0,5
"11668","2841台開","110/07/09","台新-高雄",1,10,-9
"11669","2841台開","110/07/09","元富-文心",5,0,5
"11670","2841台開","110/07/09","凱基-台北",0,7,-7
"11671","6207雷科","110/07/09","群益金鼎-新竹",47,0,47
"11672","6207雷科","110/07/09","新光",7,24,-17
"11673","6207雷科","110/07/09","永豐金-三重",31,0,31
"11674","6207雷科","110/07/09","日盛-和美",0,15,-15
"11675","6207雷科","110/07/09","新加坡商瑞銀",33,5,28
"11676","6207雷科","110/07/09","國泰-台南",0,15,-15
"11677","6207雷科","110/07/09","元大-高雄",26,0,26
"11678","6207雷科","110/07/09","華南永昌-古亭",0,14,-14
"11679","6207雷科","110/07/09","統一-員林",22,0,22
"11680","6207雷科","110/07/09","土銀-白河",0,11,-11
"11681","6207雷科","110/07/09","台新-高雄",22,0,22
"11682","6207雷科","110/07/09","日盛-台南",0,10,-10
"11683","6207雷科","110/07/09","摩根大通",34,17,17
"11684","6207雷科","110/07/09","元富-林園",0,10,-10
"11685","6207雷科","110/07/09","元大-博愛",17,1,16
"11686","6207雷科","110/07/09","富邦-園區",0,10,-10
"11687","6207雷科","110/07/09","日茂-埔里",12,0,12
"11688","6207雷科","110/07/09","元大-上新莊",0,10,-10
"11689","6207雷科","110/07/09","國泰-台中",17,6,11
"11690","6207雷科","110/07/09","永豐金-南京",0,10,-10
"11691","6207雷科","110/07/09","富邦-三重",10,0,10
"11692","6207雷科","110/07/09","兆豐-小港",0,6,-6
"11693","6207雷科","110/07/09","元大-沙鹿",10,0,10
"11694","6207雷科","110/07/09","富邦-羅東",1,7,-6
"11695","6207雷科","110/07/09","元大-八德",10,0,10
"11696","6207雷科","110/07/09","元大-土城永寧",0,6,-6
"11697","6207雷科","110/07/09","第一金-路竹",11,2,9
"11698","6207雷科","110/07/09","永豐金-板盛",0,6,-6
"11699","6207雷科","110/07/09","統一-南京",5,0,5
"11700","6207雷科","110/07/09","日盛-板橋",0,5,-5
"11701","3679新至陞","110/07/09","元大-大天母",10,0,10
"11702","3679新至陞","110/07/09","第一金-光復",0,11,-11
"11703","3679新至陞","110/07/09","日盛-樹林",9,0,9
"11704","3679新至陞","110/07/09","瑞士信貸",0,8,-8
"11705","3679新至陞","110/07/09","凱基-台北",11,2,9
"11706","3679新至陞","110/07/09","大慶-苗栗",0,5,-5
"11707","3679新至陞","110/07/09","華南永昌-小港",8,0,8
"11708","3679新至陞","110/07/09","元大-永春",0,5,-5
"11709","3679新至陞","110/07/09","兆豐-來福",7,0,7
"11710","3679新至陞","110/07/09","日盛-和美",0,4,-4
"11711","3679新至陞","110/07/09","香港上海匯豐",5,0,5
"11712","3679新至陞","110/07/09","元大-雙和",0,3,-3
"11713","3679新至陞","110/07/09","台中銀-員林",3,0,3
"11714","3679新至陞","110/07/09","永豐金-屏東",0,3,-3
"11715","3679新至陞","110/07/09","新光",3,0,3
"11716","3679新至陞","110/07/09","彰銀",0,2,-2
"11717","3679新至陞","110/07/09","土銀-花蓮",2,0,2
"11718","3679新至陞","110/07/09","宏遠-館前",0,2,-2
"11719","3679新至陞","110/07/09","第一金-澎湖",2,0,2
"11720","3679新至陞","110/07/09","港商野村",0,2,-2
"11721","3679新至陞","110/07/09","摩根大通",2,0,2
"11722","3679新至陞","110/07/09","大昌-新店",0,2,-2
"11723","3679新至陞","110/07/09","國泰-敦南",2,0,2
"11724","3679新至陞","110/07/09","元大-新莊",0,2,-2
"11725","3679新至陞","110/07/09","元大-淡水",4,2,2
"11726","3679新至陞","110/07/09","元大-板橋",0,2,-2
"11727","3679新至陞","110/07/09","日盛-士林",1,0,1
"11728","3679新至陞","110/07/09","台灣摩根士丹利",0,1,-1
"11729","3679新至陞","110/07/09","日盛-信義",1,0,1
"11730","3679新至陞","110/07/09","第一金-高雄",0,1,-1
"11731","2727王品","110/07/09","台灣匯立證券",90,0,90
"11732","2727王品","110/07/09","台灣摩根士丹利",0,267,-267
"11733","2727王品","110/07/09","國泰-敦南",166,84,82
"11734","2727王品","110/07/09","富邦-台北",35,299,-264
"11735","2727王品","110/07/09","富邦-仁愛",56,12,44
"11736","2727王品","110/07/09","凱基-台北",174,296,-122
"11737","2727王品","110/07/09","台新證券",109,66,43
"11738","2727王品","110/07/09","第一金",2,102,-100
"11739","2727王品","110/07/09","新光",117,87,30
"11740","2727王品","110/07/09","群益金鼎-大安",0,80,-80
"11741","2727王品","110/07/09","臺銀-臺中",35,6,29
"11742","2727王品","110/07/09","兆豐-大安",7,60,-53
"11743","2727王品","110/07/09","元大-桃園",32,3,29
"11744","2727王品","110/07/09","永豐金-南投",0,50,-50
"11745","2727王品","110/07/09","元富-宜蘭",34,6,28
"11746","2727王品","110/07/09","新加坡商瑞銀",6,46,-40
"11747","2727王品","110/07/09","玉山-台中",34,8,26
"11748","2727王品","110/07/09","合庫-彰化",11,50,-39
"11749","2727王品","110/07/09","群益金鼎-宜蘭",30,4,26
"11750","2727王品","110/07/09","永豐金-萬盛",13,52,-39
"11751","2727王品","110/07/09","富邦-台中",42,16,26
"11752","2727王品","110/07/09","瑞士信貸",0,34,-34
"11753","2727王品","110/07/09","第一金-豐原",25,1,24
"11754","2727王品","110/07/09","元大-和平",4,35,-31
"11755","2727王品","110/07/09","臺銀",30,8,22
"11756","2727王品","110/07/09","美林",14,44,-30
"11757","2727王品","110/07/09","兆豐-來福",23,1,22
"11758","2727王品","110/07/09","元大-員林",9,38,-29
"11759","2727王品","110/07/09","玉山-士林",22,2,20
"11760","2727王品","110/07/09","元富-西松",4,31,-27
"11761","1570力肯","110/07/09","凱基-台北",30,1,29
"11762","1570力肯","110/07/09","群益金鼎-彰化",0,20,-20
"11763","1570力肯","110/07/09","新光-台南",20,0,20
"11764","1570力肯","110/07/09","元大-土城學府",0,20,-20
"11765","1570力肯","110/07/09","元大-高雄",20,0,20
"11766","1570力肯","110/07/09","元大-大統",0,16,-16
"11767","1570力肯","110/07/09","國票-中正",12,0,12
"11768","1570力肯","110/07/09","元大-新營",0,11,-11
"11769","1570力肯","110/07/09","日盛-高雄",6,0,6
"11770","1570力肯","110/07/09","元大-和平",0,10,-10
"11771","1570力肯","110/07/09","元富-緯城",6,0,6
"11772","1570力肯","110/07/09","元大-草屯",0,10,-10
"11773","1570力肯","110/07/09","群益金鼎-台南",6,0,6
"11774","1570力肯","110/07/09","元大-鹿港",0,9,-9
"11775","1570力肯","110/07/09","華南永昌-岡山",6,0,6
"11776","1570力肯","110/07/09","合庫-基隆",0,7,-7
"11777","1570力肯","110/07/09","統一-中壢",5,0,5
"11778","1570力肯","110/07/09","摩根大通",2,8,-6
"11779","1570力肯","110/07/09","凱基-三峽",5,0,5
"11780","1570力肯","110/07/09","台灣企銀-豐原",0,4,-4
"11781","1570力肯","110/07/09","大昌-樹林",4,0,4
"11782","1570力肯","110/07/09","日盛-桃園",0,4,-4
"11783","1570力肯","110/07/09","新光",3,0,3
"11784","1570力肯","110/07/09","國泰-高雄",0,3,-3
"11785","1570力肯","110/07/09","富邦-新竹華信",3,0,3
"11786","1570力肯","110/07/09","永豐金-敦南",0,3,-3
"11787","1570力肯","110/07/09","合庫-台中",2,0,2
"11788","1570力肯","110/07/09","土銀-彰化",0,2,-2
"11789","1570力肯","110/07/09","臺銀-臺中",2,0,2
"11790","1570力肯","110/07/09","臺銀-鳳山",0,2,-2
"11791","6180橘子","110/07/09","摩根大通",63,1,62
"11792","6180橘子","110/07/09","元大-南京",1,32,-31
"11793","6180橘子","110/07/09","富邦-陽明",73,33,40
"11794","6180橘子","110/07/09","群益金鼎-台北",0,25,-25
"11795","6180橘子","110/07/09","新加坡商瑞銀",31,0,31
"11796","6180橘子","110/07/09","兆豐-復興",0,21,-21
"11797","6180橘子","110/07/09","美商高盛",25,0,25
"11798","6180橘子","110/07/09","永豐金-嘉義",0,21,-21
"11799","6180橘子","110/07/09","凱基-台北",26,10,16
"11800","6180橘子","110/07/09","凱基-中壢",8,24,-16
"11801","6180橘子","110/07/09","華南永昌-楠梓",13,0,13
"11802","6180橘子","110/07/09","致和-崇德",0,15,-15
"11803","6180橘子","110/07/09","華南永昌-朴子",11,0,11
"11804","6180橘子","110/07/09","群益金鼎-屏東",0,15,-15
"11805","6180橘子","110/07/09","元大-北港",11,0,11
"11806","6180橘子","110/07/09","群益金鼎-中山",0,15,-15
"11807","6180橘子","110/07/09","元大-成功",10,1,9
"11808","6180橘子","110/07/09","瑞士信貸",1,15,-14
"11809","6180橘子","110/07/09","新光",26,18,8
"11810","6180橘子","110/07/09","日盛-二林",0,10,-10
"11811","6180橘子","110/07/09","統一-三重",6,0,6
"11812","6180橘子","110/07/09","凱基-東門",0,10,-10
"11813","6180橘子","110/07/09","群益金鼎-嘉義",6,0,6
"11814","6180橘子","110/07/09","華南永昌-三重",0,10,-10
"11815","6180橘子","110/07/09","元大-員林中山",6,0,6
"11816","6180橘子","110/07/09","元大-彰化民生",1,11,-10
"11817","6180橘子","110/07/09","合庫-鳳山",5,0,5
"11818","6180橘子","110/07/09","永豐金-新店",1,11,-10
"11819","6180橘子","110/07/09","富邦-建國",6,1,5
"11820","6180橘子","110/07/09","群益金鼎-丹鳳",0,8,-8
"11821","2390云辰","110/07/09","摩根大通",279,56,223
"11822","2390云辰","110/07/09","元大-天母",0,127,-127
"11823","2390云辰","110/07/09","日盛-鳳山",110,2,108
"11824","2390云辰","110/07/09","中國信託-文心",5,109,-104
"11825","2390云辰","110/07/09","宏遠證券",100,0,100
"11826","2390云辰","110/07/09","永豐金-復興",0,55,-55
"11827","2390云辰","110/07/09","元大-大里",63,6,57
"11828","2390云辰","110/07/09","凱基-台北",239,286,-47
"11829","2390云辰","110/07/09","凱基-八德",59,10,49
"11830","2390云辰","110/07/09","德信",2,32,-30
"11831","2390云辰","110/07/09","合庫-新竹",40,0,40
"11832","2390云辰","110/07/09","兆豐-桃鶯",2,32,-30
"11833","2390云辰","110/07/09","國票",40,1,39
"11834","2390云辰","110/07/09","致和-南京",0,30,-30
"11835","2390云辰","110/07/09","新加坡商瑞銀",49,13,36
"11836","2390云辰","110/07/09","富邦-虎尾",1,31,-30
"11837","2390云辰","110/07/09","統一-新台中",36,2,34
"11838","2390云辰","110/07/09","元大-善化",2,31,-29
"11839","2390云辰","110/07/09","國票-嘉義",31,0,31
"11840","2390云辰","110/07/09","富邦-板橋",0,27,-27
"11841","2390云辰","110/07/09","華南永昌",35,7,28
"11842","2390云辰","110/07/09","富邦-永和",3,28,-25
"11843","2390云辰","110/07/09","玉山-台中",49,22,27
"11844","2390云辰","110/07/09","第一金-自由",20,44,-24
"11845","2390云辰","110/07/09","華南永昌-敦南",25,0,25
"11846","2390云辰","110/07/09","凱基-內湖",0,24,-24
"11847","2390云辰","110/07/09","新光-高雄",27,4,23
"11848","2390云辰","110/07/09","元大-汐止",1,24,-23
"11849","2390云辰","110/07/09","台灣摩根士丹利",85,63,22
"11850","2390云辰","110/07/09","新光-台中",12,33,-21
"11851","4903聯光通","110/07/09","元大-敦南",10,0,10
"11852","4903聯光通","110/07/09","第一金-台中",0,12,-12
"11853","4903聯光通","110/07/09","凱基-士林",5,0,5
"11854","4903聯光通","110/07/09","日盛-忠孝",0,3,-3
"11855","4903聯光通","110/07/09","元大-苗栗",5,0,5
"11856","4903聯光通","110/07/09","群益金鼎-崇德",0,3,-3
"11857","4903聯光通","110/07/09","元大-屏南",3,0,3
"11858","4903聯光通","110/07/09","國票-內壢",0,2,-2
"11859","4903聯光通","110/07/09","中國信託-永康",1,0,1
"11860","4903聯光通","110/07/09","康和-南崁",0,2,-2
"11861","4903聯光通","110/07/09","玉山證券",1,0,1
"11862","4903聯光通","110/07/09","新光-台中",0,2,-2
"11863","4903聯光通","110/07/09","元大-太平",4,3,1
"11864","4903聯光通","110/07/09","玉山-城中",0,2,-2
"11865","4903聯光通","110/07/09","永豐金-嘉義",1,0,1
"11866","4903聯光通","110/07/09","中國信託-文心",0,1,-1
"11867","4903聯光通","110/07/09","大昌",0,0,0
"11868","4903聯光通","110/07/09","大昌",0,0,0
"11869","4903聯光通","110/07/09","中農",0,0,0
"11870","4903聯光通","110/07/09","中農",0,0,0
"11871","4903聯光通","110/07/09","",NA,NA,NA
"11872","4903聯光通","110/07/09","",NA,NA,NA
"11873","4903聯光通","110/07/09","",NA,NA,NA
"11874","4903聯光通","110/07/09","",NA,NA,NA
"11875","4903聯光通","110/07/09","",NA,NA,NA
"11876","4903聯光通","110/07/09","",NA,NA,NA
"11877","4903聯光通","110/07/09","",NA,NA,NA
"11878","4903聯光通","110/07/09","",NA,NA,NA
"11879","4903聯光通","110/07/09","",NA,NA,NA
"11880","4903聯光通","110/07/09","",NA,NA,NA
"11881","2929淘帝","110/07/09","台中銀-台北",110,0,110
"11882","2929淘帝","110/07/09","新光",2,82,-80
"11883","2929淘帝","110/07/09","華南永昌-頭份",72,0,72
"11884","2929淘帝","110/07/09","摩根大通",2,63,-61
"11885","2929淘帝","110/07/09","合庫-高雄",71,0,71
"11886","2929淘帝","110/07/09","第一金-路竹",0,50,-50
"11887","2929淘帝","110/07/09","高橋-龍潭",37,0,37
"11888","2929淘帝","110/07/09","港商麥格理",0,42,-42
"11889","2929淘帝","110/07/09","新光-台中",60,26,34
"11890","2929淘帝","110/07/09","陽信-石牌",0,40,-40
"11891","2929淘帝","110/07/09","元富-大裕",22,1,21
"11892","2929淘帝","110/07/09","台新-左楠",1,39,-38
"11893","2929淘帝","110/07/09","合庫-鳳山",20,0,20
"11894","2929淘帝","110/07/09","凱基-桃園",3,29,-26
"11895","2929淘帝","110/07/09","元大-員林",22,2,20
"11896","2929淘帝","110/07/09","兆豐-內湖",0,25,-25
"11897","2929淘帝","110/07/09","台新-建北",15,0,15
"11898","2929淘帝","110/07/09","元大-北港",0,20,-20
"11899","2929淘帝","110/07/09","兆豐-桃園",13,0,13
"11900","2929淘帝","110/07/09","富邦-北港",0,19,-19
"11901","2929淘帝","110/07/09","兆豐-忠孝",10,0,10
"11902","2929淘帝","110/07/09","富邦-花蓮",0,17,-17
"11903","2929淘帝","110/07/09","國票-敦北法人",10,0,10
"11904","2929淘帝","110/07/09","國泰-台中",2,17,-15
"11905","2929淘帝","110/07/09","永豐金-博愛",10,0,10
"11906","2929淘帝","110/07/09","群益金鼎-彰化",0,15,-15
"11907","2929淘帝","110/07/09","群益金鼎-潭子",8,0,8
"11908","2929淘帝","110/07/09","元大-博愛",0,14,-14
"11909","2929淘帝","110/07/09","富邦-南屯",8,0,8
"11910","2929淘帝","110/07/09","日盛-板橋",0,13,-13
"11911","5410國眾","110/07/09","元大-新盛",14,0,14
"11912","5410國眾","110/07/09","(牛牛牛)亞-鑫豐",1,41,-40
"11913","5410國眾","110/07/09","台灣企銀-民雄",10,0,10
"11914","5410國眾","110/07/09","元富-嘉義",0,25,-25
"11915","5410國眾","110/07/09","元富-虎尾",9,0,9
"11916","5410國眾","110/07/09","凱基-高美館",0,10,-10
"11917","5410國眾","110/07/09","摩根大通",10,1,9
"11918","5410國眾","110/07/09","凱基-城中",0,10,-10
"11919","5410國眾","110/07/09","兆豐-北高雄",7,0,7
"11920","5410國眾","110/07/09","元大-頭份",0,10,-10
"11921","5410國眾","110/07/09","凱基-台北",8,1,7
"11922","5410國眾","110/07/09","群益金鼎-丹鳳",0,7,-7
"11923","5410國眾","110/07/09","華南永昌-公誠",7,0,7
"11924","5410國眾","110/07/09","凱基-復興",0,7,-7
"11925","5410國眾","110/07/09","香港上海匯豐",6,0,6
"11926","5410國眾","110/07/09","元大-員林",0,7,-7
"11927","5410國眾","110/07/09","凱基-中壢",6,0,6
"11928","5410國眾","110/07/09","富邦-竹東",0,6,-6
"11929","5410國眾","110/07/09","華南永昌-南京",6,0,6
"11930","5410國眾","110/07/09","亞東-高雄",0,5,-5
"11931","5410國眾","110/07/09","統一-三重",5,0,5
"11932","5410國眾","110/07/09","大慶-中壢",1,6,-5
"11933","5410國眾","110/07/09","富邦-宜蘭",5,0,5
"11934","5410國眾","110/07/09","群益金鼎-中港",0,5,-5
"11935","5410國眾","110/07/09","元大-崇德",5,0,5
"11936","5410國眾","110/07/09","元大-八德",0,5,-5
"11937","5410國眾","110/07/09","元大-博愛",5,0,5
"11938","5410國眾","110/07/09","富邦-基隆",0,4,-4
"11939","5410國眾","110/07/09","元大-龍潭",5,0,5
"11940","5410國眾","110/07/09","臺銀-新竹",0,3,-3
"11941","2841台開","110/07/09","日盛-雙和",102,0,102
"11942","2841台開","110/07/09","港商野村",0,129,-129
"11943","2841台開","110/07/09","元大-館前",70,0,70
"11944","2841台開","110/07/09","兆豐-永和",0,100,-100
"11945","2841台開","110/07/09","凱基-文心",50,0,50
"11946","2841台開","110/07/09","台新證券",7,28,-21
"11947","2841台開","110/07/09","富邦-嘉義",40,0,40
"11948","2841台開","110/07/09","國票-北高雄",0,20,-20
"11949","2841台開","110/07/09","美商高盛",15,0,15
"11950","2841台開","110/07/09","永豐金-敦南",29,46,-17
"11951","2841台開","110/07/09","台中銀",15,0,15
"11952","2841台開","110/07/09","合庫-基隆",0,12,-12
"11953","2841台開","110/07/09","新光",11,0,11
"11954","2841台開","110/07/09","中國信託-松江",0,12,-12
"11955","2841台開","110/07/09","華南永昌-長虹",10,0,10
"11956","2841台開","110/07/09","兆豐-城中",0,12,-12
"11957","2841台開","110/07/09","永豐金-南投",10,0,10
"11958","2841台開","110/07/09","台中銀-豐原",0,10,-10
"11959","2841台開","110/07/09","合庫-桃園",7,0,7
"11960","2841台開","110/07/09","兆豐-景美",0,10,-10
"11961","2841台開","110/07/09","群益金鼎-古亭",7,0,7
"11962","2841台開","110/07/09","群益金鼎-基隆",0,10,-10
"11963","2841台開","110/07/09","國泰-敦南",6,0,6
"11964","2841台開","110/07/09","元大-北三重",0,10,-10
"11965","2841台開","110/07/09","凱基-桃園",8,2,6
"11966","2841台開","110/07/09","(牛牛牛)亞-網路",0,9,-9
"11967","2841台開","110/07/09","日盛證券",5,0,5
"11968","2841台開","110/07/09","台新-高雄",1,10,-9
"11969","2841台開","110/07/09","元富-文心",5,0,5
"11970","2841台開","110/07/09","凱基-台北",0,7,-7
"11971","6207雷科","110/07/09","群益金鼎-新竹",47,0,47
"11972","6207雷科","110/07/09","新光",7,24,-17
"11973","6207雷科","110/07/09","永豐金-三重",31,0,31
"11974","6207雷科","110/07/09","日盛-和美",0,15,-15
"11975","6207雷科","110/07/09","新加坡商瑞銀",33,5,28
"11976","6207雷科","110/07/09","國泰-台南",0,15,-15
"11977","6207雷科","110/07/09","元大-高雄",26,0,26
"11978","6207雷科","110/07/09","華南永昌-古亭",0,14,-14
"11979","6207雷科","110/07/09","統一-員林",22,0,22
"11980","6207雷科","110/07/09","土銀-白河",0,11,-11
"11981","6207雷科","110/07/09","台新-高雄",22,0,22
"11982","6207雷科","110/07/09","日盛-台南",0,10,-10
"11983","6207雷科","110/07/09","摩根大通",34,17,17
"11984","6207雷科","110/07/09","元富-林園",0,10,-10
"11985","6207雷科","110/07/09","元大-博愛",17,1,16
"11986","6207雷科","110/07/09","富邦-園區",0,10,-10
"11987","6207雷科","110/07/09","日茂-埔里",12,0,12
"11988","6207雷科","110/07/09","元大-上新莊",0,10,-10
"11989","6207雷科","110/07/09","國泰-台中",17,6,11
"11990","6207雷科","110/07/09","永豐金-南京",0,10,-10
"11991","6207雷科","110/07/09","富邦-三重",10,0,10
"11992","6207雷科","110/07/09","兆豐-小港",0,6,-6
"11993","6207雷科","110/07/09","元大-沙鹿",10,0,10
"11994","6207雷科","110/07/09","富邦-羅東",1,7,-6
"11995","6207雷科","110/07/09","元大-八德",10,0,10
"11996","6207雷科","110/07/09","元大-土城永寧",0,6,-6
"11997","6207雷科","110/07/09","第一金-路竹",11,2,9
"11998","6207雷科","110/07/09","永豐金-板盛",0,6,-6
"11999","6207雷科","110/07/09","統一-南京",5,0,5
"12000","6207雷科","110/07/09","日盛-板橋",0,5,-5
"12001","3679新至陞","110/07/09","元大-大天母",10,0,10
"12002","3679新至陞","110/07/09","第一金-光復",0,11,-11
"12003","3679新至陞","110/07/09","日盛-樹林",9,0,9
"12004","3679新至陞","110/07/09","瑞士信貸",0,8,-8
"12005","3679新至陞","110/07/09","凱基-台北",11,2,9
"12006","3679新至陞","110/07/09","大慶-苗栗",0,5,-5
"12007","3679新至陞","110/07/09","華南永昌-小港",8,0,8
"12008","3679新至陞","110/07/09","元大-永春",0,5,-5
"12009","3679新至陞","110/07/09","兆豐-來福",7,0,7
"12010","3679新至陞","110/07/09","日盛-和美",0,4,-4
"12011","3679新至陞","110/07/09","香港上海匯豐",5,0,5
"12012","3679新至陞","110/07/09","元大-雙和",0,3,-3
"12013","3679新至陞","110/07/09","台中銀-員林",3,0,3
"12014","3679新至陞","110/07/09","永豐金-屏東",0,3,-3
"12015","3679新至陞","110/07/09","新光",3,0,3
"12016","3679新至陞","110/07/09","彰銀",0,2,-2
"12017","3679新至陞","110/07/09","土銀-花蓮",2,0,2
"12018","3679新至陞","110/07/09","宏遠-館前",0,2,-2
"12019","3679新至陞","110/07/09","第一金-澎湖",2,0,2
"12020","3679新至陞","110/07/09","港商野村",0,2,-2
"12021","3679新至陞","110/07/09","摩根大通",2,0,2
"12022","3679新至陞","110/07/09","大昌-新店",0,2,-2
"12023","3679新至陞","110/07/09","國泰-敦南",2,0,2
"12024","3679新至陞","110/07/09","元大-新莊",0,2,-2
"12025","3679新至陞","110/07/09","元大-淡水",4,2,2
"12026","3679新至陞","110/07/09","元大-板橋",0,2,-2
"12027","3679新至陞","110/07/09","日盛-士林",1,0,1
"12028","3679新至陞","110/07/09","台灣摩根士丹利",0,1,-1
"12029","3679新至陞","110/07/09","日盛-信義",1,0,1
"12030","3679新至陞","110/07/09","第一金-高雄",0,1,-1
"12031","2727王品","110/07/09","台灣匯立證券",90,0,90
"12032","2727王品","110/07/09","台灣摩根士丹利",0,267,-267
"12033","2727王品","110/07/09","國泰-敦南",166,84,82
"12034","2727王品","110/07/09","富邦-台北",35,299,-264
"12035","2727王品","110/07/09","富邦-仁愛",56,12,44
"12036","2727王品","110/07/09","凱基-台北",174,296,-122
"12037","2727王品","110/07/09","台新證券",109,66,43
"12038","2727王品","110/07/09","第一金",2,102,-100
"12039","2727王品","110/07/09","新光",117,87,30
"12040","2727王品","110/07/09","群益金鼎-大安",0,80,-80
"12041","2727王品","110/07/09","臺銀-臺中",35,6,29
"12042","2727王品","110/07/09","兆豐-大安",7,60,-53
"12043","2727王品","110/07/09","元大-桃園",32,3,29
"12044","2727王品","110/07/09","永豐金-南投",0,50,-50
"12045","2727王品","110/07/09","元富-宜蘭",34,6,28
"12046","2727王品","110/07/09","新加坡商瑞銀",6,46,-40
"12047","2727王品","110/07/09","玉山-台中",34,8,26
"12048","2727王品","110/07/09","合庫-彰化",11,50,-39
"12049","2727王品","110/07/09","群益金鼎-宜蘭",30,4,26
"12050","2727王品","110/07/09","永豐金-萬盛",13,52,-39
"12051","2727王品","110/07/09","富邦-台中",42,16,26
"12052","2727王品","110/07/09","瑞士信貸",0,34,-34
"12053","2727王品","110/07/09","第一金-豐原",25,1,24
"12054","2727王品","110/07/09","元大-和平",4,35,-31
"12055","2727王品","110/07/09","臺銀",30,8,22
"12056","2727王品","110/07/09","美林",14,44,-30
"12057","2727王品","110/07/09","兆豐-來福",23,1,22
"12058","2727王品","110/07/09","元大-員林",9,38,-29
"12059","2727王品","110/07/09","玉山-士林",22,2,20
"12060","2727王品","110/07/09","元富-西松",4,31,-27
"12061","1570力肯","110/07/09","凱基-台北",30,1,29
"12062","1570力肯","110/07/09","群益金鼎-彰化",0,20,-20
"12063","1570力肯","110/07/09","新光-台南",20,0,20
"12064","1570力肯","110/07/09","元大-土城學府",0,20,-20
"12065","1570力肯","110/07/09","元大-高雄",20,0,20
"12066","1570力肯","110/07/09","元大-大統",0,16,-16
"12067","1570力肯","110/07/09","國票-中正",12,0,12
"12068","1570力肯","110/07/09","元大-新營",0,11,-11
"12069","1570力肯","110/07/09","日盛-高雄",6,0,6
"12070","1570力肯","110/07/09","元大-和平",0,10,-10
"12071","1570力肯","110/07/09","元富-緯城",6,0,6
"12072","1570力肯","110/07/09","元大-草屯",0,10,-10
"12073","1570力肯","110/07/09","群益金鼎-台南",6,0,6
"12074","1570力肯","110/07/09","元大-鹿港",0,9,-9
"12075","1570力肯","110/07/09","華南永昌-岡山",6,0,6
"12076","1570力肯","110/07/09","合庫-基隆",0,7,-7
"12077","1570力肯","110/07/09","統一-中壢",5,0,5
"12078","1570力肯","110/07/09","摩根大通",2,8,-6
"12079","1570力肯","110/07/09","凱基-三峽",5,0,5
"12080","1570力肯","110/07/09","台灣企銀-豐原",0,4,-4
"12081","1570力肯","110/07/09","大昌-樹林",4,0,4
"12082","1570力肯","110/07/09","日盛-桃園",0,4,-4
"12083","1570力肯","110/07/09","新光",3,0,3
"12084","1570力肯","110/07/09","國泰-高雄",0,3,-3
"12085","1570力肯","110/07/09","富邦-新竹華信",3,0,3
"12086","1570力肯","110/07/09","永豐金-敦南",0,3,-3
"12087","1570力肯","110/07/09","合庫-台中",2,0,2
"12088","1570力肯","110/07/09","土銀-彰化",0,2,-2
"12089","1570力肯","110/07/09","臺銀-臺中",2,0,2
"12090","1570力肯","110/07/09","臺銀-鳳山",0,2,-2
"12091","6180橘子","110/07/09","摩根大通",63,1,62
"12092","6180橘子","110/07/09","元大-南京",1,32,-31
"12093","6180橘子","110/07/09","富邦-陽明",73,33,40
"12094","6180橘子","110/07/09","群益金鼎-台北",0,25,-25
"12095","6180橘子","110/07/09","新加坡商瑞銀",31,0,31
"12096","6180橘子","110/07/09","兆豐-復興",0,21,-21
"12097","6180橘子","110/07/09","美商高盛",25,0,25
"12098","6180橘子","110/07/09","永豐金-嘉義",0,21,-21
"12099","6180橘子","110/07/09","凱基-台北",26,10,16
"12100","6180橘子","110/07/09","凱基-中壢",8,24,-16
"12101","6180橘子","110/07/09","華南永昌-楠梓",13,0,13
"12102","6180橘子","110/07/09","致和-崇德",0,15,-15
"12103","6180橘子","110/07/09","華南永昌-朴子",11,0,11
"12104","6180橘子","110/07/09","群益金鼎-屏東",0,15,-15
"12105","6180橘子","110/07/09","元大-北港",11,0,11
"12106","6180橘子","110/07/09","群益金鼎-中山",0,15,-15
"12107","6180橘子","110/07/09","元大-成功",10,1,9
"12108","6180橘子","110/07/09","瑞士信貸",1,15,-14
"12109","6180橘子","110/07/09","新光",26,18,8
"12110","6180橘子","110/07/09","日盛-二林",0,10,-10
"12111","6180橘子","110/07/09","統一-三重",6,0,6
"12112","6180橘子","110/07/09","凱基-東門",0,10,-10
"12113","6180橘子","110/07/09","群益金鼎-嘉義",6,0,6
"12114","6180橘子","110/07/09","華南永昌-三重",0,10,-10
"12115","6180橘子","110/07/09","元大-員林中山",6,0,6
"12116","6180橘子","110/07/09","元大-彰化民生",1,11,-10
"12117","6180橘子","110/07/09","合庫-鳳山",5,0,5
"12118","6180橘子","110/07/09","永豐金-新店",1,11,-10
"12119","6180橘子","110/07/09","富邦-建國",6,1,5
"12120","6180橘子","110/07/09","群益金鼎-丹鳳",0,8,-8
"12121","2390云辰","110/07/09","摩根大通",279,56,223
"12122","2390云辰","110/07/09","元大-天母",0,127,-127
"12123","2390云辰","110/07/09","日盛-鳳山",110,2,108
"12124","2390云辰","110/07/09","中國信託-文心",5,109,-104
"12125","2390云辰","110/07/09","宏遠證券",100,0,100
"12126","2390云辰","110/07/09","永豐金-復興",0,55,-55
"12127","2390云辰","110/07/09","元大-大里",63,6,57
"12128","2390云辰","110/07/09","凱基-台北",239,286,-47
"12129","2390云辰","110/07/09","凱基-八德",59,10,49
"12130","2390云辰","110/07/09","德信",2,32,-30
"12131","2390云辰","110/07/09","合庫-新竹",40,0,40
"12132","2390云辰","110/07/09","兆豐-桃鶯",2,32,-30
"12133","2390云辰","110/07/09","國票",40,1,39
"12134","2390云辰","110/07/09","致和-南京",0,30,-30
"12135","2390云辰","110/07/09","新加坡商瑞銀",49,13,36
"12136","2390云辰","110/07/09","富邦-虎尾",1,31,-30
"12137","2390云辰","110/07/09","統一-新台中",36,2,34
"12138","2390云辰","110/07/09","元大-善化",2,31,-29
"12139","2390云辰","110/07/09","國票-嘉義",31,0,31
"12140","2390云辰","110/07/09","富邦-板橋",0,27,-27
"12141","2390云辰","110/07/09","華南永昌",35,7,28
"12142","2390云辰","110/07/09","富邦-永和",3,28,-25
"12143","2390云辰","110/07/09","玉山-台中",49,22,27
"12144","2390云辰","110/07/09","第一金-自由",20,44,-24
"12145","2390云辰","110/07/09","華南永昌-敦南",25,0,25
"12146","2390云辰","110/07/09","凱基-內湖",0,24,-24
"12147","2390云辰","110/07/09","新光-高雄",27,4,23
"12148","2390云辰","110/07/09","元大-汐止",1,24,-23
"12149","2390云辰","110/07/09","台灣摩根士丹利",85,63,22
"12150","2390云辰","110/07/09","新光-台中",12,33,-21
"12151","4903聯光通","110/07/09","元大-敦南",10,0,10
"12152","4903聯光通","110/07/09","第一金-台中",0,12,-12
"12153","4903聯光通","110/07/09","凱基-士林",5,0,5
"12154","4903聯光通","110/07/09","日盛-忠孝",0,3,-3
"12155","4903聯光通","110/07/09","元大-苗栗",5,0,5
"12156","4903聯光通","110/07/09","群益金鼎-崇德",0,3,-3
"12157","4903聯光通","110/07/09","元大-屏南",3,0,3
"12158","4903聯光通","110/07/09","國票-內壢",0,2,-2
"12159","4903聯光通","110/07/09","中國信託-永康",1,0,1
"12160","4903聯光通","110/07/09","康和-南崁",0,2,-2
"12161","4903聯光通","110/07/09","玉山證券",1,0,1
"12162","4903聯光通","110/07/09","新光-台中",0,2,-2
"12163","4903聯光通","110/07/09","元大-太平",4,3,1
"12164","4903聯光通","110/07/09","玉山-城中",0,2,-2
"12165","4903聯光通","110/07/09","永豐金-嘉義",1,0,1
"12166","4903聯光通","110/07/09","中國信託-文心",0,1,-1
"12167","4903聯光通","110/07/09","大昌",0,0,0
"12168","4903聯光通","110/07/09","大昌",0,0,0
"12169","4903聯光通","110/07/09","中農",0,0,0
"12170","4903聯光通","110/07/09","中農",0,0,0
"12171","2929淘帝","110/07/09","台中銀-台北",110,0,110
"12172","2929淘帝","110/07/09","新光",2,82,-80
"12173","2929淘帝","110/07/09","華南永昌-頭份",72,0,72
"12174","2929淘帝","110/07/09","摩根大通",2,63,-61
"12175","2929淘帝","110/07/09","合庫-高雄",71,0,71
"12176","2929淘帝","110/07/09","第一金-路竹",0,50,-50
"12177","2929淘帝","110/07/09","高橋-龍潭",37,0,37
"12178","2929淘帝","110/07/09","港商麥格理",0,42,-42
"12179","2929淘帝","110/07/09","新光-台中",60,26,34
"12180","2929淘帝","110/07/09","陽信-石牌",0,40,-40
"12181","2929淘帝","110/07/09","元富-大裕",22,1,21
"12182","2929淘帝","110/07/09","台新-左楠",1,39,-38
"12183","2929淘帝","110/07/09","合庫-鳳山",20,0,20
"12184","2929淘帝","110/07/09","凱基-桃園",3,29,-26
"12185","2929淘帝","110/07/09","元大-員林",22,2,20
"12186","2929淘帝","110/07/09","兆豐-內湖",0,25,-25
"12187","2929淘帝","110/07/09","台新-建北",15,0,15
"12188","2929淘帝","110/07/09","元大-北港",0,20,-20
"12189","2929淘帝","110/07/09","兆豐-桃園",13,0,13
"12190","2929淘帝","110/07/09","富邦-北港",0,19,-19
"12191","2929淘帝","110/07/09","兆豐-忠孝",10,0,10
"12192","2929淘帝","110/07/09","富邦-花蓮",0,17,-17
"12193","2929淘帝","110/07/09","國票-敦北法人",10,0,10
"12194","2929淘帝","110/07/09","國泰-台中",2,17,-15
"12195","2929淘帝","110/07/09","永豐金-博愛",10,0,10
"12196","2929淘帝","110/07/09","群益金鼎-彰化",0,15,-15
"12197","2929淘帝","110/07/09","群益金鼎-潭子",8,0,8
"12198","2929淘帝","110/07/09","元大-博愛",0,14,-14
"12199","2929淘帝","110/07/09","富邦-南屯",8,0,8
"12200","2929淘帝","110/07/09","日盛-板橋",0,13,-13
"12201","5410國眾","110/07/09","元大-新盛",14,0,14
"12202","5410國眾","110/07/09","(牛牛牛)亞-鑫豐",1,41,-40
"12203","5410國眾","110/07/09","台灣企銀-民雄",10,0,10
"12204","5410國眾","110/07/09","元富-嘉義",0,25,-25
"12205","5410國眾","110/07/09","元富-虎尾",9,0,9
"12206","5410國眾","110/07/09","凱基-高美館",0,10,-10
"12207","5410國眾","110/07/09","摩根大通",10,1,9
"12208","5410國眾","110/07/09","凱基-城中",0,10,-10
"12209","5410國眾","110/07/09","兆豐-北高雄",7,0,7
"12210","5410國眾","110/07/09","元大-頭份",0,10,-10
"12211","5410國眾","110/07/09","凱基-台北",8,1,7
"12212","5410國眾","110/07/09","群益金鼎-丹鳳",0,7,-7
"12213","5410國眾","110/07/09","華南永昌-公誠",7,0,7
"12214","5410國眾","110/07/09","凱基-復興",0,7,-7
"12215","5410國眾","110/07/09","香港上海匯豐",6,0,6
"12216","5410國眾","110/07/09","元大-員林",0,7,-7
"12217","5410國眾","110/07/09","凱基-中壢",6,0,6
"12218","5410國眾","110/07/09","富邦-竹東",0,6,-6
"12219","5410國眾","110/07/09","華南永昌-南京",6,0,6
"12220","5410國眾","110/07/09","亞東-高雄",0,5,-5
"12221","5410國眾","110/07/09","統一-三重",5,0,5
"12222","5410國眾","110/07/09","大慶-中壢",1,6,-5
"12223","5410國眾","110/07/09","富邦-宜蘭",5,0,5
"12224","5410國眾","110/07/09","群益金鼎-中港",0,5,-5
"12225","5410國眾","110/07/09","元大-崇德",5,0,5
"12226","5410國眾","110/07/09","元大-八德",0,5,-5
"12227","5410國眾","110/07/09","元大-博愛",5,0,5
"12228","5410國眾","110/07/09","富邦-基隆",0,4,-4
"12229","5410國眾","110/07/09","元大-龍潭",5,0,5
"12230","5410國眾","110/07/09","臺銀-新竹",0,3,-3
"12231","2841台開","110/07/09","日盛-雙和",102,0,102
"12232","2841台開","110/07/09","港商野村",0,129,-129
"12233","2841台開","110/07/09","元大-館前",70,0,70
"12234","2841台開","110/07/09","兆豐-永和",0,100,-100
"12235","2841台開","110/07/09","凱基-文心",50,0,50
"12236","2841台開","110/07/09","台新證券",7,28,-21
"12237","2841台開","110/07/09","富邦-嘉義",40,0,40
"12238","2841台開","110/07/09","國票-北高雄",0,20,-20
"12239","2841台開","110/07/09","美商高盛",15,0,15
"12240","2841台開","110/07/09","永豐金-敦南",29,46,-17
"12241","2841台開","110/07/09","台中銀",15,0,15
"12242","2841台開","110/07/09","合庫-基隆",0,12,-12
"12243","2841台開","110/07/09","新光",11,0,11
"12244","2841台開","110/07/09","中國信託-松江",0,12,-12
"12245","2841台開","110/07/09","華南永昌-長虹",10,0,10
"12246","2841台開","110/07/09","兆豐-城中",0,12,-12
"12247","2841台開","110/07/09","永豐金-南投",10,0,10
"12248","2841台開","110/07/09","台中銀-豐原",0,10,-10
"12249","2841台開","110/07/09","合庫-桃園",7,0,7
"12250","2841台開","110/07/09","兆豐-景美",0,10,-10
"12251","2841台開","110/07/09","群益金鼎-古亭",7,0,7
"12252","2841台開","110/07/09","群益金鼎-基隆",0,10,-10
"12253","2841台開","110/07/09","國泰-敦南",6,0,6
"12254","2841台開","110/07/09","元大-北三重",0,10,-10
"12255","2841台開","110/07/09","凱基-桃園",8,2,6
"12256","2841台開","110/07/09","(牛牛牛)亞-網路",0,9,-9
"12257","2841台開","110/07/09","日盛證券",5,0,5
"12258","2841台開","110/07/09","台新-高雄",1,10,-9
"12259","2841台開","110/07/09","元富-文心",5,0,5
"12260","2841台開","110/07/09","凱基-台北",0,7,-7
"12261","6207雷科","110/07/09","群益金鼎-新竹",47,0,47
"12262","6207雷科","110/07/09","新光",7,24,-17
"12263","6207雷科","110/07/09","永豐金-三重",31,0,31
"12264","6207雷科","110/07/09","日盛-和美",0,15,-15
"12265","6207雷科","110/07/09","新加坡商瑞銀",33,5,28
"12266","6207雷科","110/07/09","國泰-台南",0,15,-15
"12267","6207雷科","110/07/09","元大-高雄",26,0,26
"12268","6207雷科","110/07/09","華南永昌-古亭",0,14,-14
"12269","6207雷科","110/07/09","統一-員林",22,0,22
"12270","6207雷科","110/07/09","土銀-白河",0,11,-11
"12271","6207雷科","110/07/09","台新-高雄",22,0,22
"12272","6207雷科","110/07/09","日盛-台南",0,10,-10
"12273","6207雷科","110/07/09","摩根大通",34,17,17
"12274","6207雷科","110/07/09","元富-林園",0,10,-10
"12275","6207雷科","110/07/09","元大-博愛",17,1,16
"12276","6207雷科","110/07/09","富邦-園區",0,10,-10
"12277","6207雷科","110/07/09","日茂-埔里",12,0,12
"12278","6207雷科","110/07/09","元大-上新莊",0,10,-10
"12279","6207雷科","110/07/09","國泰-台中",17,6,11
"12280","6207雷科","110/07/09","永豐金-南京",0,10,-10
"12281","6207雷科","110/07/09","富邦-三重",10,0,10
"12282","6207雷科","110/07/09","兆豐-小港",0,6,-6
"12283","6207雷科","110/07/09","元大-沙鹿",10,0,10
"12284","6207雷科","110/07/09","富邦-羅東",1,7,-6
"12285","6207雷科","110/07/09","元大-八德",10,0,10
"12286","6207雷科","110/07/09","元大-土城永寧",0,6,-6
"12287","6207雷科","110/07/09","第一金-路竹",11,2,9
"12288","6207雷科","110/07/09","永豐金-板盛",0,6,-6
"12289","6207雷科","110/07/09","統一-南京",5,0,5
"12290","6207雷科","110/07/09","日盛-板橋",0,5,-5
"12291","3679新至陞","110/07/09","元大-大天母",10,0,10
"12292","3679新至陞","110/07/09","第一金-光復",0,11,-11
"12293","3679新至陞","110/07/09","日盛-樹林",9,0,9
"12294","3679新至陞","110/07/09","瑞士信貸",0,8,-8
"12295","3679新至陞","110/07/09","凱基-台北",11,2,9
"12296","3679新至陞","110/07/09","大慶-苗栗",0,5,-5
"12297","3679新至陞","110/07/09","華南永昌-小港",8,0,8
"12298","3679新至陞","110/07/09","元大-永春",0,5,-5
"12299","3679新至陞","110/07/09","兆豐-來福",7,0,7
"12300","3679新至陞","110/07/09","日盛-和美",0,4,-4
"12301","3679新至陞","110/07/09","香港上海匯豐",5,0,5
"12302","3679新至陞","110/07/09","元大-雙和",0,3,-3
"12303","3679新至陞","110/07/09","台中銀-員林",3,0,3
"12304","3679新至陞","110/07/09","永豐金-屏東",0,3,-3
"12305","3679新至陞","110/07/09","新光",3,0,3
"12306","3679新至陞","110/07/09","彰銀",0,2,-2
"12307","3679新至陞","110/07/09","土銀-花蓮",2,0,2
"12308","3679新至陞","110/07/09","宏遠-館前",0,2,-2
"12309","3679新至陞","110/07/09","第一金-澎湖",2,0,2
"12310","3679新至陞","110/07/09","港商野村",0,2,-2
"12311","3679新至陞","110/07/09","摩根大通",2,0,2
"12312","3679新至陞","110/07/09","大昌-新店",0,2,-2
"12313","3679新至陞","110/07/09","國泰-敦南",2,0,2
"12314","3679新至陞","110/07/09","元大-新莊",0,2,-2
"12315","3679新至陞","110/07/09","元大-淡水",4,2,2
"12316","3679新至陞","110/07/09","元大-板橋",0,2,-2
"12317","3679新至陞","110/07/09","日盛-士林",1,0,1
"12318","3679新至陞","110/07/09","台灣摩根士丹利",0,1,-1
"12319","3679新至陞","110/07/09","日盛-信義",1,0,1
"12320","3679新至陞","110/07/09","第一金-高雄",0,1,-1
"12321","2727王品","110/07/09","台灣匯立證券",90,0,90
"12322","2727王品","110/07/09","台灣摩根士丹利",0,267,-267
"12323","2727王品","110/07/09","國泰-敦南",166,84,82
"12324","2727王品","110/07/09","富邦-台北",35,299,-264
"12325","2727王品","110/07/09","富邦-仁愛",56,12,44
"12326","2727王品","110/07/09","凱基-台北",174,296,-122
"12327","2727王品","110/07/09","台新證券",109,66,43
"12328","2727王品","110/07/09","第一金",2,102,-100
"12329","2727王品","110/07/09","新光",117,87,30
"12330","2727王品","110/07/09","群益金鼎-大安",0,80,-80
"12331","2727王品","110/07/09","臺銀-臺中",35,6,29
"12332","2727王品","110/07/09","兆豐-大安",7,60,-53
"12333","2727王品","110/07/09","元大-桃園",32,3,29
"12334","2727王品","110/07/09","永豐金-南投",0,50,-50
"12335","2727王品","110/07/09","元富-宜蘭",34,6,28
"12336","2727王品","110/07/09","新加坡商瑞銀",6,46,-40
"12337","2727王品","110/07/09","玉山-台中",34,8,26
"12338","2727王品","110/07/09","合庫-彰化",11,50,-39
"12339","2727王品","110/07/09","群益金鼎-宜蘭",30,4,26
"12340","2727王品","110/07/09","永豐金-萬盛",13,52,-39
"12341","2727王品","110/07/09","富邦-台中",42,16,26
"12342","2727王品","110/07/09","瑞士信貸",0,34,-34
"12343","2727王品","110/07/09","第一金-豐原",25,1,24
"12344","2727王品","110/07/09","元大-和平",4,35,-31
"12345","2727王品","110/07/09","臺銀",30,8,22
"12346","2727王品","110/07/09","美林",14,44,-30
"12347","2727王品","110/07/09","兆豐-來福",23,1,22
"12348","2727王品","110/07/09","元大-員林",9,38,-29
"12349","2727王品","110/07/09","玉山-士林",22,2,20
"12350","2727王品","110/07/09","元富-西松",4,31,-27
"12351","1570力肯","110/07/09","凱基-台北",30,1,29
"12352","1570力肯","110/07/09","群益金鼎-彰化",0,20,-20
"12353","1570力肯","110/07/09","新光-台南",20,0,20
"12354","1570力肯","110/07/09","元大-土城學府",0,20,-20
"12355","1570力肯","110/07/09","元大-高雄",20,0,20
"12356","1570力肯","110/07/09","元大-大統",0,16,-16
"12357","1570力肯","110/07/09","國票-中正",12,0,12
"12358","1570力肯","110/07/09","元大-新營",0,11,-11
"12359","1570力肯","110/07/09","日盛-高雄",6,0,6
"12360","1570力肯","110/07/09","元大-和平",0,10,-10
"12361","1570力肯","110/07/09","元富-緯城",6,0,6
"12362","1570力肯","110/07/09","元大-草屯",0,10,-10
"12363","1570力肯","110/07/09","群益金鼎-台南",6,0,6
"12364","1570力肯","110/07/09","元大-鹿港",0,9,-9
"12365","1570力肯","110/07/09","華南永昌-岡山",6,0,6
"12366","1570力肯","110/07/09","合庫-基隆",0,7,-7
"12367","1570力肯","110/07/09","統一-中壢",5,0,5
"12368","1570力肯","110/07/09","摩根大通",2,8,-6
"12369","1570力肯","110/07/09","凱基-三峽",5,0,5
"12370","1570力肯","110/07/09","台灣企銀-豐原",0,4,-4
"12371","1570力肯","110/07/09","大昌-樹林",4,0,4
"12372","1570力肯","110/07/09","日盛-桃園",0,4,-4
"12373","1570力肯","110/07/09","新光",3,0,3
"12374","1570力肯","110/07/09","國泰-高雄",0,3,-3
"12375","1570力肯","110/07/09","富邦-新竹華信",3,0,3
"12376","1570力肯","110/07/09","永豐金-敦南",0,3,-3
"12377","1570力肯","110/07/09","合庫-台中",2,0,2
"12378","1570力肯","110/07/09","土銀-彰化",0,2,-2
"12379","1570力肯","110/07/09","臺銀-臺中",2,0,2
"12380","1570力肯","110/07/09","臺銀-鳳山",0,2,-2
"12381","6180橘子","110/07/09","摩根大通",63,1,62
"12382","6180橘子","110/07/09","元大-南京",1,32,-31
"12383","6180橘子","110/07/09","富邦-陽明",73,33,40
"12384","6180橘子","110/07/09","群益金鼎-台北",0,25,-25
"12385","6180橘子","110/07/09","新加坡商瑞銀",31,0,31
"12386","6180橘子","110/07/09","兆豐-復興",0,21,-21
"12387","6180橘子","110/07/09","美商高盛",25,0,25
"12388","6180橘子","110/07/09","永豐金-嘉義",0,21,-21
"12389","6180橘子","110/07/09","凱基-台北",26,10,16
"12390","6180橘子","110/07/09","凱基-中壢",8,24,-16
"12391","6180橘子","110/07/09","華南永昌-楠梓",13,0,13
"12392","6180橘子","110/07/09","致和-崇德",0,15,-15
"12393","6180橘子","110/07/09","華南永昌-朴子",11,0,11
"12394","6180橘子","110/07/09","群益金鼎-屏東",0,15,-15
"12395","6180橘子","110/07/09","元大-北港",11,0,11
"12396","6180橘子","110/07/09","群益金鼎-中山",0,15,-15
"12397","6180橘子","110/07/09","元大-成功",10,1,9
"12398","6180橘子","110/07/09","瑞士信貸",1,15,-14
"12399","6180橘子","110/07/09","新光",26,18,8
"12400","6180橘子","110/07/09","日盛-二林",0,10,-10
"12401","6180橘子","110/07/09","統一-三重",6,0,6
"12402","6180橘子","110/07/09","凱基-東門",0,10,-10
"12403","6180橘子","110/07/09","群益金鼎-嘉義",6,0,6
"12404","6180橘子","110/07/09","華南永昌-三重",0,10,-10
"12405","6180橘子","110/07/09","元大-員林中山",6,0,6
"12406","6180橘子","110/07/09","元大-彰化民生",1,11,-10
"12407","6180橘子","110/07/09","合庫-鳳山",5,0,5
"12408","6180橘子","110/07/09","永豐金-新店",1,11,-10
"12409","6180橘子","110/07/09","富邦-建國",6,1,5
"12410","6180橘子","110/07/09","群益金鼎-丹鳳",0,8,-8
"12411","2390云辰","110/07/09","摩根大通",279,56,223
"12412","2390云辰","110/07/09","元大-天母",0,127,-127
"12413","2390云辰","110/07/09","日盛-鳳山",110,2,108
"12414","2390云辰","110/07/09","中國信託-文心",5,109,-104
"12415","2390云辰","110/07/09","宏遠證券",100,0,100
"12416","2390云辰","110/07/09","永豐金-復興",0,55,-55
"12417","2390云辰","110/07/09","元大-大里",63,6,57
"12418","2390云辰","110/07/09","凱基-台北",239,286,-47
"12419","2390云辰","110/07/09","凱基-八德",59,10,49
"12420","2390云辰","110/07/09","德信",2,32,-30
"12421","2390云辰","110/07/09","合庫-新竹",40,0,40
"12422","2390云辰","110/07/09","兆豐-桃鶯",2,32,-30
"12423","2390云辰","110/07/09","國票",40,1,39
"12424","2390云辰","110/07/09","致和-南京",0,30,-30
"12425","2390云辰","110/07/09","新加坡商瑞銀",49,13,36
"12426","2390云辰","110/07/09","富邦-虎尾",1,31,-30
"12427","2390云辰","110/07/09","統一-新台中",36,2,34
"12428","2390云辰","110/07/09","元大-善化",2,31,-29
"12429","2390云辰","110/07/09","國票-嘉義",31,0,31
"12430","2390云辰","110/07/09","富邦-板橋",0,27,-27
"12431","2390云辰","110/07/09","華南永昌",35,7,28
"12432","2390云辰","110/07/09","富邦-永和",3,28,-25
"12433","2390云辰","110/07/09","玉山-台中",49,22,27
"12434","2390云辰","110/07/09","第一金-自由",20,44,-24
"12435","2390云辰","110/07/09","華南永昌-敦南",25,0,25
"12436","2390云辰","110/07/09","凱基-內湖",0,24,-24
"12437","2390云辰","110/07/09","新光-高雄",27,4,23
"12438","2390云辰","110/07/09","元大-汐止",1,24,-23
"12439","2390云辰","110/07/09","台灣摩根士丹利",85,63,22
"12440","2390云辰","110/07/09","新光-台中",12,33,-21
"12441","4903聯光通","110/07/08","元富-新興",18,0,18
"12442","4903聯光通","110/07/08","中國信託-中壢",0,14,-14
"12443","4903聯光通","110/07/08","元大-苗栗",9,0,9
"12444","4903聯光通","110/07/08","彰銀",0,7,-7
"12445","4903聯光通","110/07/08","兆豐-鹿港",3,0,3
"12446","4903聯光通","110/07/08","中國信託-松江",0,5,-5
"12447","4903聯光通","110/07/08","群益金鼎-萬華",2,0,2
"12448","4903聯光通","110/07/08","光和",0,2,-2
"12449","4903聯光通","110/07/08","元大-屏南",1,0,1
"12450","4903聯光通","110/07/08","元大-鶯歌",0,2,-2
"12451","4903聯光通","110/07/08","華南永昌-新莊",0,0,0
"12452","4903聯光通","110/07/08","群益金鼎-館前",0,1,-1
"12453","4903聯光通","110/07/08","元大-羅東",0,0,0
"12454","4903聯光通","110/07/08","華南永昌",0,1,-1
"12455","4903聯光通","110/07/08","元大-太平",2,3,-1
"12456","4903聯光通","110/07/08","華南永昌-新莊",0,0,0
"12457","4903聯光通","110/07/08","元大-羅東",0,0,0
"12458","2929淘帝","110/07/08","日盛-園區",90,6,84
"12459","2929淘帝","110/07/08","元大-太平",1,111,-110
"12460","2929淘帝","110/07/08","華南永昌-頭份",54,0,54
"12461","2929淘帝","110/07/08","港商野村",31,106,-75
"12462","2929淘帝","110/07/08","美商高盛",50,0,50
"12463","2929淘帝","110/07/08","凱基-板橋",62,111,-49
"12464","2929淘帝","110/07/08","台中銀-台北",50,0,50
"12465","2929淘帝","110/07/08","新光-台中",30,78,-48
"12466","2929淘帝","110/07/08","臺銀-臺南",30,0,30
"12467","2929淘帝","110/07/08","元富-永和",1,41,-40
"12468","2929淘帝","110/07/08","永豐金-大園",42,12,30
"12469","2929淘帝","110/07/08","永豐金-鳳山",0,28,-28
"12470","2929淘帝","110/07/08","元富-三重",30,1,29
"12471","2929淘帝","110/07/08","元大-南崁",0,26,-26
"12472","2929淘帝","110/07/08","兆豐-桃鶯",29,0,29
"12473","2929淘帝","110/07/08","元大-花蓮",2,27,-25
"12474","2929淘帝","110/07/08","元大-承德",20,3,17
"12475","2929淘帝","110/07/08","元大-府城",0,24,-24
"12476","2929淘帝","110/07/08","新光-新竹",13,0,13
"12477","2929淘帝","110/07/08","新光",21,43,-22
"12478","2929淘帝","110/07/08","富邦-內湖",13,0,13
"12479","2929淘帝","110/07/08","臺銀-民權",0,20,-20
"12480","2929淘帝","110/07/08","國泰-板橋",13,1,12
"12481","2929淘帝","110/07/08","摩根大通",66,84,-18
"12482","2929淘帝","110/07/08","第一金-大稻埕",10,0,10
"12483","2929淘帝","110/07/08","凱基-台北",0,17,-17
"12484","2929淘帝","110/07/08","統一-汐止",10,0,10
"12485","2929淘帝","110/07/08","元大-博愛",6,23,-17
"12486","2929淘帝","110/07/08","元富-大裕",10,0,10
"12487","2929淘帝","110/07/08","永豐金-桃盛",0,16,-16
"12488","5410國眾","110/07/08","元大-新盛",15,0,15
"12489","5410國眾","110/07/08","元大-旗山",0,50,-50
"12490","5410國眾","110/07/08","元大-屏南",10,0,10
"12491","5410國眾","110/07/08","元大-頭份",0,14,-14
"12492","5410國眾","110/07/08","元大-成功",10,0,10
"12493","5410國眾","110/07/08","國泰-高雄",0,8,-8
"12494","5410國眾","110/07/08","元大-東泰",7,0,7
"12495","5410國眾","110/07/08","元大-小港",0,7,-7
"12496","5410國眾","110/07/08","富邦-陽明",6,0,6
"12497","5410國眾","110/07/08","統一-嘉義",0,5,-5
"12498","5410國眾","110/07/08","臺銀-金山",5,0,5
"12499","5410國眾","110/07/08","兆豐-台中港",0,5,-5
"12500","5410國眾","110/07/08","日盛-員林",5,0,5
"12501","5410國眾","110/07/08","凱基-屏東",0,5,-5
"12502","5410國眾","110/07/08","摩根大通",5,0,5
"12503","5410國眾","110/07/08","元大-八德",0,5,-5
"12504","5410國眾","110/07/08","富邦-桃園",5,0,5
"12505","5410國眾","110/07/08","元富-嘉義",0,4,-4
"12506","5410國眾","110/07/08","元富-大昌",4,0,4
"12507","5410國眾","110/07/08","玉山-雙和",0,4,-4
"12508","5410國眾","110/07/08","台新-台中",4,0,4
"12509","5410國眾","110/07/08","凱基-高美館",1,5,-4
"12510","5410國眾","110/07/08","華南永昌-小港",5,1,4
"12511","5410國眾","110/07/08","統一-員林",0,3,-3
"12512","5410國眾","110/07/08","元大-新竹",5,1,4
"12513","5410國眾","110/07/08","臺銀-鳳山",0,2,-2
"12514","5410國眾","110/07/08","元大-土城學府",4,0,4
"12515","5410國眾","110/07/08","亞東",0,2,-2
"12516","5410國眾","110/07/08","元大-新莊",4,0,4
"12517","5410國眾","110/07/08","新光",0,2,-2
"12518","2841台開","110/07/08","元大-樹林",653,0,653
"12519","2841台開","110/07/08","港商野村",0,868,-868
"12520","2841台開","110/07/08","台新證券",115,0,115
"12521","2841台開","110/07/08","群益金鼎-忠孝",0,100,-100
"12522","2841台開","110/07/08","永豐金-豐原",105,0,105
"12523","2841台開","110/07/08","宏遠-高雄",0,56,-56
"12524","2841台開","110/07/08","元富-新興",100,0,100
"12525","2841台開","110/07/08","新光",3,38,-35
"12526","2841台開","110/07/08","凱基-文心",50,0,50
"12527","2841台開","110/07/08","花旗環球",0,29,-29
"12528","2841台開","110/07/08","元大-八德",40,0,40
"12529","2841台開","110/07/08","富邦-仁愛",2,30,-28
"12530","2841台開","110/07/08","日盛-雙和",30,0,30
"12531","2841台開","110/07/08","元富-潮州",0,24,-24
"12532","2841台開","110/07/08","統一-竹南",30,0,30
"12533","2841台開","110/07/08","元大-沙鹿",0,20,-20
"12534","2841台開","110/07/08","凱基-台南",30,0,30
"12535","2841台開","110/07/08","元大-汐止",0,20,-20
"12536","2841台開","110/07/08","元大-福營",30,0,30
"12537","2841台開","110/07/08","合庫-嘉義",2,20,-18
"12538","2841台開","110/07/08","合庫-台中",22,0,22
"12539","2841台開","110/07/08","國泰-敦南",3,21,-18
"12540","2841台開","110/07/08","大昌-安康",28,10,18
"12541","2841台開","110/07/08","日盛-竹北",0,15,-15
"12542","2841台開","110/07/08","元大-斗信",15,0,15
"12543","2841台開","110/07/08","元大-三重",0,15,-15
"12544","2841台開","110/07/08","富邦-台北",13,0,13
"12545","2841台開","110/07/08","永豐金-敦南",45,60,-15
"12546","2841台開","110/07/08","合庫-桃園",10,0,10
"12547","2841台開","110/07/08","(牛牛牛)亞-網路",0,12,-12
"12548","6207雷科","110/07/08","台新-高雄",54,2,52
"12549","6207雷科","110/07/08","群益金鼎-丹鳳",0,60,-60
"12550","6207雷科","110/07/08","新光-台中",18,0,18
"12551","6207雷科","110/07/08","元大-頭份",1,56,-55
"12552","6207雷科","110/07/08","日盛-嘉義",16,0,16
"12553","6207雷科","110/07/08","國票-中和",0,30,-30
"12554","6207雷科","110/07/08","合庫-鳳山",15,0,15
"12555","6207雷科","110/07/08","凱基-台北",1,29,-28
"12556","6207雷科","110/07/08","臺銀-臺中",12,0,12
"12557","6207雷科","110/07/08","兆豐-板橋",0,25,-25
"12558","6207雷科","110/07/08","群益金鼎-土城",12,0,12
"12559","6207雷科","110/07/08","凱基-城中",4,25,-21
"12560","6207雷科","110/07/08","新光",25,14,11
"12561","6207雷科","110/07/08","日進",0,20,-20
"12562","6207雷科","110/07/08","凱基-中壢",11,0,11
"12563","6207雷科","110/07/08","台新證券",3,20,-17
"12564","6207雷科","110/07/08","台灣企銀",10,0,10
"12565","6207雷科","110/07/08","群益金鼎-中山",0,16,-16
"12566","6207雷科","110/07/08","第一金-新興",11,1,10
"12567","6207雷科","110/07/08","元大-東門",0,16,-16
"12568","6207雷科","110/07/08","元富-吉利",10,0,10
"12569","6207雷科","110/07/08","群益金鼎-大甲",0,13,-13
"12570","6207雷科","110/07/08","光和-和美",10,0,10
"12571","6207雷科","110/07/08","日盛-板橋",0,10,-10
"12572","6207雷科","110/07/08","永豐金-南京",10,0,10
"12573","6207雷科","110/07/08","日盛-中壢",0,10,-10
"12574","6207雷科","110/07/08","土銀",8,0,8
"12575","6207雷科","110/07/08","摩根大通",125,135,-10
"12576","6207雷科","110/07/08","中國信託-高雄",8,0,8
"12577","6207雷科","110/07/08","凱基-五股",0,10,-10
"12578","3679新至陞","110/07/08","華南永昌-台中",17,0,17
"12579","3679新至陞","110/07/08","大慶-蘆洲",0,10,-10
"12580","3679新至陞","110/07/08","國泰-桃園",6,0,6
"12581","3679新至陞","110/07/08","華南永昌-小港",0,7,-7
"12582","3679新至陞","110/07/08","元大-永春",6,0,6
"12583","3679新至陞","110/07/08","國泰-館前",0,3,-3
"12584","3679新至陞","110/07/08","香港上海匯豐",4,0,4
"12585","3679新至陞","110/07/08","元大-板橋",0,3,-3
"12586","3679新至陞","110/07/08","中國信託-新竹",3,0,3
"12587","3679新至陞","110/07/08","港商法國興業",0,2,-2
"12588","3679新至陞","110/07/08","國票-敦北法人",3,0,3
"12589","3679新至陞","110/07/08","第一金-忠孝",0,2,-2
"12590","3679新至陞","110/07/08","群益金鼎-台南",2,0,2
"12591","3679新至陞","110/07/08","元富-古亭",0,2,-2
"12592","3679新至陞","110/07/08","凱基",2,0,2
"12593","3679新至陞","110/07/08","摩根大通",1,3,-2
"12594","3679新至陞","110/07/08","凱基-台北",6,4,2
"12595","3679新至陞","110/07/08","富邦-板橋",0,2,-2
"12596","3679新至陞","110/07/08","日盛-信義",1,0,1
"12597","3679新至陞","110/07/08","元大-文心興安",0,2,-2
"12598","3679新至陞","110/07/08","日盛-新莊",1,0,1
"12599","3679新至陞","110/07/08","臺銀-高雄",0,1,-1
"12600","3679新至陞","110/07/08","大慶",1,0,1
"12601","3679新至陞","110/07/08","日盛-高雄",0,1,-1
"12602","3679新至陞","110/07/08","兆豐-三重",1,0,1
"12603","3679新至陞","110/07/08","日盛-文化",0,1,-1
"12604","3679新至陞","110/07/08","致和-東門",1,0,1
"12605","3679新至陞","110/07/08","美商高盛",0,1,-1
"12606","3679新至陞","110/07/08","台新證券",1,0,1
"12607","3679新至陞","110/07/08","瑞士信貸",0,1,-1
"12608","2727王品","110/07/08","群益金鼎-大安",80,0,80
"12609","2727王品","110/07/08","台灣摩根士丹利",1,300,-299
"12610","2727王品","110/07/08","富邦-台北",237,165,72
"12611","2727王品","110/07/08","元大證券",173,439,-266
"12612","2727王品","110/07/08","永豐金-萬盛",55,5,50
"12613","2727王品","110/07/08","統一",33,200,-167
"12614","2727王品","110/07/08","永豐金-南投",53,10,43
"12615","2727王品","110/07/08","凱基-台北",476,615,-139
"12616","2727王品","110/07/08","國泰-敦南",190,148,42
"12617","2727王品","110/07/08","永豐金-松山",8,138,-130
"12618","2727王品","110/07/08","台新-高雄",71,36,35
"12619","2727王品","110/07/08","新加坡商瑞銀",38,138,-100
"12620","2727王品","110/07/08","富邦-建國",62,27,35
"12621","2727王品","110/07/08","富邦-嘉義",84,182,-98
"12622","2727王品","110/07/08","永豐金證券",50,15,35
"12623","2727王品","110/07/08","元富-台南",4,99,-95
"12624","2727王品","110/07/08","港商野村",185,152,33
"12625","2727王品","110/07/08","凱基-永華",4,92,-88
"12626","2727王品","110/07/08","元大-嘉義",35,3,32
"12627","2727王品","110/07/08","凱基-大直",2,73,-71
"12628","2727王品","110/07/08","台新-三民",35,4,31
"12629","2727王品","110/07/08","美林",105,164,-59
"12630","2727王品","110/07/08","凱基-桃園",35,4,31
"12631","2727王品","110/07/08","第一金-台南",11,63,-52
"12632","2727王品","110/07/08","元大-和平",41,10,31
"12633","2727王品","110/07/08","摩根大通",216,259,-43
"12634","2727王品","110/07/08","兆豐-大安",33,5,28
"12635","2727王品","110/07/08","元大-員林",9,50,-41
"12636","2727王品","110/07/08","元大-新盛",33,6,27
"12637","2727王品","110/07/08","兆豐-虎尾",1,41,-40
"12638","1570力肯","110/07/08","群益金鼎-三重",20,0,20
"12639","1570力肯","110/07/08","中國信託-永康",0,26,-26
"12640","1570力肯","110/07/08","凱基-中壢",20,0,20
"12641","1570力肯","110/07/08","統一-敦南",0,12,-12
"12642","1570力肯","110/07/08","群益金鼎-台南",14,0,14
"12643","1570力肯","110/07/08","國票-博愛",0,10,-10
"12644","1570力肯","110/07/08","元富-緯城",10,0,10
"12645","1570力肯","110/07/08","元大-西門",0,10,-10
"12646","1570力肯","110/07/08","瑞士信貸",7,0,7
"12647","1570力肯","110/07/08","新光",0,9,-9
"12648","1570力肯","110/07/08","摩根大通",6,0,6
"12649","1570力肯","110/07/08","永豐金-大園",0,9,-9
"12650","1570力肯","110/07/08","土銀-白河",5,0,5
"12651","1570力肯","110/07/08","日盛-大墩",0,6,-6
"12652","1570力肯","110/07/08","台灣摩根士丹利",4,0,4
"12653","1570力肯","110/07/08","台新證券",0,6,-6
"12654","1570力肯","110/07/08","元大-新莊",3,0,3
"12655","1570力肯","110/07/08","永全",0,5,-5
"12656","1570力肯","110/07/08","永豐金-苓雅",3,0,3
"12657","1570力肯","110/07/08","元大-天母",0,5,-5
"12658","1570力肯","110/07/08","合庫-三重",2,0,2
"12659","1570力肯","110/07/08","元富-吉利",0,3,-3
"12660","1570力肯","110/07/08","(牛牛牛)亞-鑫豐",2,0,2
"12661","1570力肯","110/07/08","國泰-高雄",0,3,-3
"12662","1570力肯","110/07/08","玉山-大里",2,0,2
"12663","1570力肯","110/07/08","群益金鼎-北高雄",0,3,-3
"12664","1570力肯","110/07/08","國泰-敦南",2,0,2
"12665","1570力肯","110/07/08","群益金鼎-東門",0,2,-2
"12666","1570力肯","110/07/08","華南永昌-岡山",2,0,2
"12667","1570力肯","110/07/08","日盛-高雄",5,6,-1
"12668","6180橘子","110/07/08","新光",30,4,26
"12669","6180橘子","110/07/08","元大-土城學府",0,89,-89
"12670","6180橘子","110/07/08","康和-台南",22,0,22
"12671","6180橘子","110/07/08","凱基-東勢",1,66,-65
"12672","6180橘子","110/07/08","國泰-板橋",22,0,22
"12673","6180橘子","110/07/08","光和",0,64,-64
"12674","6180橘子","110/07/08","日盛-文化",21,0,21
"12675","6180橘子","110/07/08","中國信託-忠孝",0,50,-50
"12676","6180橘子","110/07/08","中國信託-文心",20,2,18
"12677","6180橘子","110/07/08","元富-大裕",0,25,-25
"12678","6180橘子","110/07/08","凱基-台北",39,24,15
"12679","6180橘子","110/07/08","統一-基隆",1,25,-24
"12680","6180橘子","110/07/08","元富-新店",14,0,14
"12681","6180橘子","110/07/08","美商高盛",1,21,-20
"12682","6180橘子","110/07/08","元大-土城永寧",11,0,11
"12683","6180橘子","110/07/08","元大證券",1,19,-18
"12684","6180橘子","110/07/08","永豐金-南京",11,0,11
"12685","6180橘子","110/07/08","元大-太平",2,20,-18
"12686","6180橘子","110/07/08","宏遠-館前",10,0,10
"12687","6180橘子","110/07/08","合庫證券",2,18,-16
"12688","6180橘子","110/07/08","國泰-新莊",10,0,10
"12689","6180橘子","110/07/08","台灣摩根士丹利",1,12,-11
"12690","6180橘子","110/07/08","群益金鼎",10,0,10
"12691","6180橘子","110/07/08","瑞士信貸",0,11,-11
"12692","6180橘子","110/07/08","凱基-高雄",10,0,10
"12693","6180橘子","110/07/08","元富-嘉義",0,11,-11
"12694","6180橘子","110/07/08","凱基-大安",10,0,10
"12695","6180橘子","110/07/08","新光-高雄",0,11,-11
"12696","6180橘子","110/07/08","富邦-仁愛",10,0,10
"12697","6180橘子","110/07/08","大慶-苗栗",0,10,-10
"12698","2390云辰","110/07/08","統一-新台中",126,1,125
"12699","2390云辰","110/07/08","摩根大通",62,661,-599
"12700","2390云辰","110/07/08","元大-員林",111,0,111
"12701","2390云辰","110/07/08","新加坡商瑞銀",0,173,-173
"12702","2390云辰","110/07/08","合庫-高雄",105,0,105
"12703","2390云辰","110/07/08","元大-天母",7,150,-143
"12704","2390云辰","110/07/08","凱基-台北",255,177,78
"12705","2390云辰","110/07/08","台灣摩根士丹利",0,134,-134
"12706","2390云辰","110/07/08","新光",71,17,54
"12707","2390云辰","110/07/08","玉山-台中",17,120,-103
"12708","2390云辰","110/07/08","國票-嘉義",53,0,53
"12709","2390云辰","110/07/08","美商高盛",0,78,-78
"12710","2390云辰","110/07/08","富邦-仁愛",53,4,49
"12711","2390云辰","110/07/08","美林",11,82,-71
"12712","2390云辰","110/07/08","兆豐-城中",48,0,48
"12713","2390云辰","110/07/08","群益金鼎-大興",35,106,-71
"12714","2390云辰","110/07/08","元大-新營",47,0,47
"12715","2390云辰","110/07/08","光和",11,71,-60
"12716","2390云辰","110/07/08","國泰-敦南",89,55,34
"12717","2390云辰","110/07/08","國泰-台中",28,70,-42
"12718","2390云辰","110/07/08","兆豐-台中",40,7,33
"12719","2390云辰","110/07/08","玉山-新莊",6,46,-40
"12720","2390云辰","110/07/08","永豐金-中正",36,6,30
"12721","2390云辰","110/07/08","富邦-台北",21,57,-36
"12722","2390云辰","110/07/08","中國信託-三重",29,0,29
"12723","2390云辰","110/07/08","土銀-台中",0,30,-30
"12724","2390云辰","110/07/08","富邦-陽明",33,5,28
"12725","2390云辰","110/07/08","兆豐-埔墘",1,31,-30
"12726","2390云辰","110/07/08","元富-桃園",27,0,27
"12727","2390云辰","110/07/08","玉山-南京東路",3,33,-30
"12728","4903聯光通","110/07/07","元大-太平",47,4,43
"12729","4903聯光通","110/07/07","日盛-板橋",0,15,-15
"12730","4903聯光通","110/07/07","華南永昌-桃園",10,0,10
"12731","4903聯光通","110/07/07","元大-八德",0,9,-9
"12732","4903聯光通","110/07/07","元大-南投",9,0,9
"12733","4903聯光通","110/07/07","宏遠證券",0,7,-7
"12734","4903聯光通","110/07/07","新光-台中",3,0,3
"12735","4903聯光通","110/07/07","大慶",0,7,-7
"12736","4903聯光通","110/07/07","國泰-敦南",1,0,1
"12737","4903聯光通","110/07/07","群益金鼎-館前",0,6,-6
"12738","4903聯光通","110/07/07","國票-中正",0,0,0
"12739","4903聯光通","110/07/07","元大-羅東",0,5,-5
"12740","4903聯光通","110/07/07","康和-內湖",0,0,0
"12741","4903聯光通","110/07/07","新光",8,12,-4
"12742","4903聯光通","110/07/07","凱基-站前",0,0,0
"12743","4903聯光通","110/07/07","國泰-高雄",0,3,-3
"12744","4903聯光通","110/07/07","華南永昌",1,1,0
"12745","4903聯光通","110/07/07","第一金-台中",0,3,-3
"12746","4903聯光通","110/07/07","華南永昌-新莊",0,0,0
"12747","4903聯光通","110/07/07","中農",0,1,-1
"12748","4903聯光通","110/07/07","臺灣企銀-桃園",0,1,-1
"12749","4903聯光通","110/07/07","台新-新營",0,1,-1
"12750","4903聯光通","110/07/07","元大-鶯歌",2,3,-1
"12751","4903聯光通","110/07/07","元大-永和",0,1,-1
"12752","4903聯光通","110/07/07","元大-苑裡",0,1,-1
"12753","2929淘帝","110/07/07","統一",163,0,163
"12754","2929淘帝","110/07/07","新光-台中",57,142,-85
"12755","2929淘帝","110/07/07","港商野村",323,181,142
"12756","2929淘帝","110/07/07","兆豐-忠孝",0,76,-76
"12757","2929淘帝","110/07/07","日盛-中壢",132,10,122
"12758","2929淘帝","110/07/07","台新-建北",0,53,-53
"12759","2929淘帝","110/07/07","新加坡商瑞銀",140,19,121
"12760","2929淘帝","110/07/07","臺銀-鳳山",0,44,-44
"12761","2929淘帝","110/07/07","日盛-嘉義",101,0,101
"12762","2929淘帝","110/07/07","元大-新盛",0,42,-42
"12763","2929淘帝","110/07/07","摩根大通",101,16,85
"12764","2929淘帝","110/07/07","富邦-建國",6,47,-41
"12765","2929淘帝","110/07/07","元大-太平",55,2,53
"12766","2929淘帝","110/07/07","日盛-園區",0,40,-40
"12767","2929淘帝","110/07/07","元富-松德",50,1,49
"12768","2929淘帝","110/07/07","新光-高雄",1,38,-37
"12769","2929淘帝","110/07/07","凱基-板橋",53,5,48
"12770","2929淘帝","110/07/07","永豐金-三重",1,34,-33
"12771","2929淘帝","110/07/07","美林",80,34,46
"12772","2929淘帝","110/07/07","元大-彰化",0,31,-31
"12773","2929淘帝","110/07/07","元富-台南",41,0,41
"12774","2929淘帝","110/07/07","第一金-大稻埕",0,30,-30
"12775","2929淘帝","110/07/07","兆豐-竹北",39,0,39
"12776","2929淘帝","110/07/07","國泰-敦南",3,33,-30
"12777","2929淘帝","110/07/07","元大-西門",36,0,36
"12778","2929淘帝","110/07/07","富邦-員林",0,30,-30
"12779","2929淘帝","110/07/07","華南永昌",39,4,35
"12780","2929淘帝","110/07/07","元大-蘆洲",1,30,-29
"12781","2929淘帝","110/07/07","日盛-板橋中山",30,0,30
"12782","2929淘帝","110/07/07","台新-台南",4,32,-28
"12783","5410國眾","110/07/07","兆豐-城中",66,0,66
"12784","5410國眾","110/07/07","富邦-仁愛",0,115,-115
"12785","5410國眾","110/07/07","摩根大通",21,0,21
"12786","5410國眾","110/07/07","亞東-板橋",0,38,-38
"12787","5410國眾","110/07/07","元大-北投",21,0,21
"12788","5410國眾","110/07/07","凱基-台北",2,24,-22
"12789","5410國眾","110/07/07","亞東-新竹",15,0,15
"12790","5410國眾","110/07/07","彰銀-七賢",0,10,-10
"12791","5410國眾","110/07/07","元大-福營",12,0,12
"12792","5410國眾","110/07/07","凱基-基隆",0,10,-10
"12793","5410國眾","110/07/07","新光-高雄",11,0,11
"12794","5410國眾","110/07/07","凱基-屏東",0,10,-10
"12795","5410國眾","110/07/07","華南永昌-小港",10,0,10
"12796","5410國眾","110/07/07","凱基-鳳山",0,10,-10
"12797","5410國眾","110/07/07","元大-大灣",10,0,10
"12798","5410國眾","110/07/07","永豐金-忠孝",0,10,-10
"12799","5410國眾","110/07/07","元大-莒光",10,0,10
"12800","5410國眾","110/07/07","日盛-板橋中山",0,9,-9
"12801","5410國眾","110/07/07","台中銀-豐原",9,0,9
"12802","5410國眾","110/07/07","統一-高雄",0,5,-5
"12803","5410國眾","110/07/07","元大-南屯",9,0,9
"12804","5410國眾","110/07/07","元大-斗六",0,5,-5
"12805","5410國眾","110/07/07","日盛-新莊",7,0,7
"12806","5410國眾","110/07/07","元大-大益",0,5,-5
"12807","5410國眾","110/07/07","元富-大昌",6,0,6
"12808","5410國眾","110/07/07","元大-南投",0,5,-5
"12809","5410國眾","110/07/07","新光-新竹",6,0,6
"12810","5410國眾","110/07/07","永豐金-員林",0,5,-5
"12811","5410國眾","110/07/07","臺銀-金山",5,0,5
"12812","5410國眾","110/07/07","華南永昌-楠梓",0,4,-4
"12813","2841台開","110/07/07","永豐金-豐原",268,0,268
"12814","2841台開","110/07/07","凱基-市政",0,200,-200
"12815","2841台開","110/07/07","永豐金-南投",200,0,200
"12816","2841台開","110/07/07","永豐金-彰化",0,100,-100
"12817","2841台開","110/07/07","新光",139,9,130
"12818","2841台開","110/07/07","元大-開元",1,93,-92
"12819","2841台開","110/07/07","中國信託-高雄",50,1,49
"12820","2841台開","110/07/07","港商野村",0,80,-80
"12821","2841台開","110/07/07","元大-歸仁",40,0,40
"12822","2841台開","110/07/07","凱基-台南",25,85,-60
"12823","2841台開","110/07/07","台中銀",35,0,35
"12824","2841台開","110/07/07","美商高盛",1,58,-57
"12825","2841台開","110/07/07","台新-新營",30,0,30
"12826","2841台開","110/07/07","統一-三重",0,55,-55
"12827","2841台開","110/07/07","富邦-台南",30,0,30
"12828","2841台開","110/07/07","台新證券",12,50,-38
"12829","2841台開","110/07/07","國泰-板橋",30,1,29
"12830","2841台開","110/07/07","陽信-石牌",0,31,-31
"12831","2841台開","110/07/07","凱基-文心",28,0,28
"12832","2841台開","110/07/07","元大-福營",0,31,-31
"12833","2841台開","110/07/07","凱基-站前",27,0,27
"12834","2841台開","110/07/07","第一金-澎湖",0,30,-30
"12835","2841台開","110/07/07","大昌-安康",38,16,22
"12836","2841台開","110/07/07","元大-新莊",0,30,-30
"12837","2841台開","110/07/07","合庫-台中",20,0,20
"12838","2841台開","110/07/07","國泰-館前",0,28,-28
"12839","2841台開","110/07/07","日盛-台南",20,0,20
"12840","2841台開","110/07/07","元大-竹科",0,25,-25
"12841","2841台開","110/07/07","台中銀-員林",20,0,20
"12842","2841台開","110/07/07","富邦-仁愛",1,22,-21
"12843","6207雷科","110/07/07","元大-大天母",21,0,21
"12844","6207雷科","110/07/07","元大-高雄",0,105,-105
"12845","6207雷科","110/07/07","元大-頭份",18,0,18
"12846","6207雷科","110/07/07","永豐金-中正",0,35,-35
"12847","6207雷科","110/07/07","第一金-新興",16,0,16
"12848","6207雷科","110/07/07","摩根大通",8,39,-31
"12849","6207雷科","110/07/07","富邦-虎尾",12,0,12
"12850","6207雷科","110/07/07","元大-林園",0,30,-30
"12851","6207雷科","110/07/07","兆豐-板橋",10,0,10
"12852","6207雷科","110/07/07","凱基-台北",0,19,-19
"12853","6207雷科","110/07/07","玉山-台大",10,0,10
"12854","6207雷科","110/07/07","國票-中和",13,25,-12
"12855","6207雷科","110/07/07","元大-四維",10,0,10
"12856","6207雷科","110/07/07","新加坡商瑞銀",0,9,-9
"12857","6207雷科","110/07/07","元大-鹿港",10,0,10
"12858","6207雷科","110/07/07","玉山-高雄",0,8,-8
"12859","6207雷科","110/07/07","元大-信義",10,0,10
"12860","6207雷科","110/07/07","玉山-台南",0,8,-8
"12861","6207雷科","110/07/07","台新-三民",8,0,8
"12862","6207雷科","110/07/07","宏遠-高雄",0,5,-5
"12863","6207雷科","110/07/07","元大-上新莊",8,0,8
"12864","6207雷科","110/07/07","元大-南海",0,5,-5
"12865","6207雷科","110/07/07","大昌-桃園",7,0,7
"12866","6207雷科","110/07/07","元大-莒光",0,4,-4
"12867","6207雷科","110/07/07","新光-台中",10,4,6
"12868","6207雷科","110/07/07","港商野村",0,3,-3
"12869","6207雷科","110/07/07","日盛-頭份",5,0,5
"12870","6207雷科","110/07/07","大慶-台南",0,3,-3
"12871","6207雷科","110/07/07","日茂-埔里",5,0,5
"12872","6207雷科","110/07/07","凱基-站前",0,3,-3
"12873","3679新至陞","110/07/07","永豐金證券",18,0,18
"12874","3679新至陞","110/07/07","美林",0,13,-13
"12875","3679新至陞","110/07/07","元大-文心興安",6,0,6
"12876","3679新至陞","110/07/07","兆豐-大安",0,10,-10
"12877","3679新至陞","110/07/07","中農",5,0,5
"12878","3679新至陞","110/07/07","國泰-桃園",0,4,-4
"12879","3679新至陞","110/07/07","台新證券",4,0,4
"12880","3679新至陞","110/07/07","永豐金-虎尾",0,4,-4
"12881","3679新至陞","110/07/07","華南永昌-小港",4,0,4
"12882","3679新至陞","110/07/07","台灣摩根士丹利",0,3,-3
"12883","3679新至陞","110/07/07","元大-天母",4,0,4
"12884","3679新至陞","110/07/07","瑞士信貸",0,3,-3
"12885","3679新至陞","110/07/07","台中銀-員林",4,1,3
"12886","3679新至陞","110/07/07","統一-新竹",0,3,-3
"12887","3679新至陞","110/07/07","摩根大通",4,1,3
"12888","3679新至陞","110/07/07","統一-三重",0,3,-3
"12889","3679新至陞","110/07/07","凱基-台北",7,4,3
"12890","3679新至陞","110/07/07","凱基-竹北",0,3,-3
"12891","3679新至陞","110/07/07","華南永昌-高雄",3,0,3
"12892","3679新至陞","110/07/07","元富-世貿",0,2,-2
"12893","3679新至陞","110/07/07","永豐金-潮州",2,0,2
"12894","3679新至陞","110/07/07","兆豐-鹿港",0,2,-2
"12895","3679新至陞","110/07/07","合庫-新竹",1,0,1
"12896","3679新至陞","110/07/07","玉山-台大",0,2,-2
"12897","3679新至陞","110/07/07","土銀-高雄",1,0,1
"12898","3679新至陞","110/07/07","國泰-館前",0,2,-2
"12899","3679新至陞","110/07/07","元富-新興",1,0,1
"12900","3679新至陞","110/07/07","群益金鼎-新莊",0,2,-2
"12901","3679新至陞","110/07/07","富邦-中壢",1,0,1
"12902","3679新至陞","110/07/07","元大-桃園",0,2,-2
"12903","2727王品","110/07/07","第一金",62,0,62
"12904","2727王品","110/07/07","台灣摩根士丹利",1,177,-176
"12905","2727王品","110/07/07","凱基-埔墘",40,0,40
"12906","2727王品","110/07/07","凱基-台北",49,151,-102
"12907","2727王品","110/07/07","中國信託-忠孝",40,1,39
"12908","2727王品","110/07/07","摩根大通",19,107,-88
"12909","2727王品","110/07/07","玉山-板橋",40,6,34
"12910","2727王品","110/07/07","美商高盛",2,86,-84
"12911","2727王品","110/07/07","亞東-新竹",31,1,30
"12912","2727王品","110/07/07","元大-北屯",1,52,-51
"12913","2727王品","110/07/07","群益金鼎-宜蘭",25,1,24
"12914","2727王品","110/07/07","國泰證券",1,47,-46
"12915","2727王品","110/07/07","富邦-竹北",23,0,23
"12916","2727王品","110/07/07","統一",3,33,-30
"12917","2727王品","110/07/07","元大-旗山",23,0,23
"12918","2727王品","110/07/07","第一金-台中",1,30,-29
"12919","2727王品","110/07/07","元富-宜蘭",21,0,21
"12920","2727王品","110/07/07","華南永昌-中正",4,29,-25
"12921","2727王品","110/07/07","國票-長城",20,0,20
"12922","2727王品","110/07/07","美林",0,23,-23
"12923","2727王品","110/07/07","台新證券",47,28,19
"12924","2727王品","110/07/07","群益金鼎-館前",0,20,-20
"12925","2727王品","110/07/07","富邦-新竹華信",18,1,17
"12926","2727王品","110/07/07","國票-內壢",0,16,-16
"12927","2727王品","110/07/07","永豐金-中正",18,1,17
"12928","2727王品","110/07/07","兆豐-新莊",0,15,-15
"12929","2727王品","110/07/07","華南永昌-麻豆",17,1,16
"12930","2727王品","110/07/07","港商野村",15,28,-13
"12931","2727王品","110/07/07","永豐金-潮州",15,0,15
"12932","2727王品","110/07/07","元大-善化",1,13,-12
"12933","1570力肯","110/07/07","台新證券",88,0,88
"12934","1570力肯","110/07/07","新光",0,54,-54
"12935","1570力肯","110/07/07","摩根大通",49,15,34
"12936","1570力肯","110/07/07","元大-高雄",0,40,-40
"12937","1570力肯","110/07/07","合庫-桃園",20,0,20
"12938","1570力肯","110/07/07","國票-北高雄",38,50,-12
"12939","1570力肯","110/07/07","元大-土城學府",20,0,20
"12940","1570力肯","110/07/07","群益金鼎-嘉義",0,10,-10
"12941","1570力肯","110/07/07","永豐金-板盛",18,0,18
"12942","1570力肯","110/07/07","元大-草屯",0,10,-10
"12943","1570力肯","110/07/07","永豐金-永康",18,0,18
"12944","1570力肯","110/07/07","日盛-高雄",0,9,-9
"12945","1570力肯","110/07/07","統一-員林",14,0,14
"12946","1570力肯","110/07/07","第一金-路竹",0,9,-9
"12947","1570力肯","110/07/07","元大-竹山",6,0,6
"12948","1570力肯","110/07/07","元大-古亭",0,9,-9
"12949","1570力肯","110/07/07","統一-敦南",5,0,5
"12950","1570力肯","110/07/07","國票-中正",0,8,-8
"12951","1570力肯","110/07/07","元大-永和",5,0,5
"12952","1570力肯","110/07/07","群益金鼎-鳳山",0,6,-6
"12953","1570力肯","110/07/07","元富-大裕",4,0,4
"12954","1570力肯","110/07/07","元大-土城永寧",0,6,-6
"12955","1570力肯","110/07/07","華南永昌-斗六",4,0,4
"12956","1570力肯","110/07/07","中國信託",0,5,-5
"12957","1570力肯","110/07/07","永豐金-松山",6,3,3
"12958","1570力肯","110/07/07","日盛-板橋",0,4,-4
"12959","1570力肯","110/07/07","永豐金-南投",4,1,3
"12960","1570力肯","110/07/07","日盛-木柵",0,4,-4
"12961","1570力肯","110/07/07","土銀-彰化",2,0,2
"12962","1570力肯","110/07/07","玉山-桃園",0,4,-4
"12963","6180橘子","110/07/07","臺銀-金山",27,0,27
"12964","6180橘子","110/07/07","凱基-台北",6,36,-30
"12965","6180橘子","110/07/07","元富-潮州",20,0,20
"12966","6180橘子","110/07/07","元大-天母",1,26,-25
"12967","6180橘子","110/07/07","凱基-中山",20,0,20
"12968","6180橘子","110/07/07","富邦-陽明",0,22,-22
"12969","6180橘子","110/07/07","元大-太平",23,4,19
"12970","6180橘子","110/07/07","日盛-頭份",0,20,-20
"12971","6180橘子","110/07/07","摩根大通",17,0,17
"12972","6180橘子","110/07/07","富邦-仁愛",0,20,-20
"12973","6180橘子","110/07/07","元大-草屯",20,3,17
"12974","6180橘子","110/07/07","永豐金-新莊",0,20,-20
"12975","6180橘子","110/07/07","華南永昌-楠梓",15,1,14
"12976","6180橘子","110/07/07","台灣摩根士丹利",0,18,-18
"12977","6180橘子","110/07/07","中國信託-永康",12,0,12
"12978","6180橘子","110/07/07","華南永昌-長虹",1,16,-15
"12979","6180橘子","110/07/07","日盛-文化",10,0,10
"12980","6180橘子","110/07/07","新光-新竹",0,12,-12
"12981","6180橘子","110/07/07","國泰-館前",10,0,10
"12982","6180橘子","110/07/07","凱基-中壢",0,12,-12
"12983","6180橘子","110/07/07","華南永昌-鶯歌",10,0,10
"12984","6180橘子","110/07/07","第一金-忠孝",0,11,-11
"12985","6180橘子","110/07/07","元大-豐原站前",10,0,10
"12986","6180橘子","110/07/07","元大-沙鹿",0,11,-11
"12987","6180橘子","110/07/07","元大-北屯",10,0,10
"12988","6180橘子","110/07/07","永豐金-羅東",0,11,-11
"12989","6180橘子","110/07/07","兆豐-台中",10,1,9
"12990","6180橘子","110/07/07","兆豐-埔墘",0,10,-10
"12991","6180橘子","110/07/07","群益金鼎-開元",9,0,9
"12992","6180橘子","110/07/07","華南永昌-台中",0,10,-10
"12993","2390云辰","110/07/07","元大-向上",144,0,144
"12994","2390云辰","110/07/07","摩根大通",18,674,-656
"12995","2390云辰","110/07/07","元富-中港",102,0,102
"12996","2390云辰","110/07/07","凱基-台北",141,625,-484
"12997","2390云辰","110/07/07","群益金鼎-民權",104,4,100
"12998","2390云辰","110/07/07","美林",32,261,-229
"12999","2390云辰","110/07/07","兆豐-忠孝",81,0,81
"13000","2390云辰","110/07/07","新加坡商瑞銀",50,149,-99
"13001","2390云辰","110/07/07","合庫-新竹",60,0,60
"13002","2390云辰","110/07/07","台灣摩根士丹利",7,87,-80
"13003","2390云辰","110/07/07","元大-土城學府",59,1,58
"13004","2390云辰","110/07/07","元大-金華",2,68,-66
"13005","2390云辰","110/07/07","玉山-大里",58,3,55
"13006","2390云辰","110/07/07","國票-新莊",13,65,-52
"13007","2390云辰","110/07/07","元大-東蘆",54,1,53
"13008","2390云辰","110/07/07","凱基-三重",12,56,-44
"13009","2390云辰","110/07/07","元富-三重",51,0,51
"13010","2390云辰","110/07/07","新光-台中",23,65,-42
"13011","2390云辰","110/07/07","元富-埔里",50,0,50
"13012","2390云辰","110/07/07","第一金-中壢",5,45,-40
"13013","2390云辰","110/07/07","中國信託-三重",52,3,49
"13014","2390云辰","110/07/07","華南永昌-斗六",0,40,-40
"13015","2390云辰","110/07/07","元大-彰化民生",64,15,49
"13016","2390云辰","110/07/07","富邦-新竹華信",25,61,-36
"13017","2390云辰","110/07/07","元大-潮州",50,5,45
"13018","2390云辰","110/07/07","玉山-新莊",2,32,-30
"13019","2390云辰","110/07/07","元富-高雄",57,14,43
"13020","2390云辰","110/07/07","凱基-新豐",17,47,-30
"13021","2390云辰","110/07/07","凱基-和平",40,0,40
"13022","2390云辰","110/07/07","統一-汐止",1,29,-28
"13023","4903聯光通","110/07/06","元大-苗栗",10,0,10
"13024","4903聯光通","110/07/06","宏遠證券",0,13,-13
"13025","4903聯光通","110/07/06","彰銀",5,0,5
"13026","4903聯光通","110/07/06","富邦-新營",0,4,-4
"13027","4903聯光通","110/07/06","元大-松山",5,0,5
"13028","4903聯光通","110/07/06","元富-草屯",0,3,-3
"13029","4903聯光通","110/07/06","新光",3,0,3
"13030","4903聯光通","110/07/06","元大-羅東",0,3,-3
"13031","4903聯光通","110/07/06","群益金鼎-館前",1,0,1
"13032","4903聯光通","110/07/06","元大-北三重",0,2,-2
"13033","4903聯光通","110/07/06","華南永昌-鶯歌",1,0,1
"13034","4903聯光通","110/07/06","國泰-敦南",0,1,-1
"13035","4903聯光通","110/07/06","永豐金-市政",1,0,1
"13036","4903聯光通","110/07/06","元富-板橋",0,0,0
"13037","4903聯光通","110/07/06","元富-板橋",0,0,0
"13038","4903聯光通","110/07/06","華南永昌",0,0,0
"13039","4903聯光通","110/07/06","華南永昌",0,0,0
"13040","4903聯光通","110/07/06","元大-太平",2,2,0
"13041","4903聯光通","110/07/06","元大-太平",2,2,0
"13042","2929淘帝","110/07/06","新光",204,85,119
"13043","2929淘帝","110/07/06","港商野村",62,282,-220
"13044","2929淘帝","110/07/06","日盛-中壢",94,0,94
"13045","2929淘帝","110/07/06","摩根大通",64,264,-200
"13046","2929淘帝","110/07/06","元富-城東",84,0,84
"13047","2929淘帝","110/07/06","統一",0,163,-163
"13048","2929淘帝","110/07/06","日盛-雙和",55,0,55
"13049","2929淘帝","110/07/06","香港上海匯豐",0,141,-141
"13050","2929淘帝","110/07/06","第一金-路竹",71,17,54
"13051","2929淘帝","110/07/06","新加坡商瑞銀",54,179,-125
"13052","2929淘帝","110/07/06","元大-花蓮",44,2,42
"13053","2929淘帝","110/07/06","合庫-高雄",3,122,-119
"13054","2929淘帝","110/07/06","永豐金-大園",73,33,40
"13055","2929淘帝","110/07/06","美林",34,118,-84
"13056","2929淘帝","110/07/06","元大-太平",44,6,38
"13057","2929淘帝","110/07/06","元大-員林",2,82,-80
"13058","2929淘帝","110/07/06","國泰-板橋",40,5,35
"13059","2929淘帝","110/07/06","元富-松德",26,75,-49
"13060","2929淘帝","110/07/06","兆豐-內湖",33,1,32
"13061","2929淘帝","110/07/06","臺銀-臺南",9,52,-43
"13062","2929淘帝","110/07/06","元大-博愛",43,11,32
"13063","2929淘帝","110/07/06","元大-北投",5,48,-43
"13064","2929淘帝","110/07/06","日盛-竹北",40,10,30
"13065","2929淘帝","110/07/06","臺銀-民權",1,41,-40
"13066","2929淘帝","110/07/06","元大-善化",52,22,30
"13067","2929淘帝","110/07/06","兆豐-忠孝",1,41,-40
"13068","2929淘帝","110/07/06","富邦-北港",29,0,29
"13069","2929淘帝","110/07/06","元大-西門",1,36,-35
"13070","2929淘帝","110/07/06","凱基-湖口",27,0,27
"13071","2929淘帝","110/07/06","玉山-嘉義",3,35,-32
"13072","5410國眾","110/07/06","兆豐-城中",28,0,28
"13073","5410國眾","110/07/06","凱基-高美館",1,18,-17
"13074","5410國眾","110/07/06","元大-小港",20,0,20
"13075","5410國眾","110/07/06","國泰-館前",0,15,-15
"13076","5410國眾","110/07/06","元大-新盛",18,0,18
"13077","5410國眾","110/07/06","國泰-板橋",2,17,-15
"13078","5410國眾","110/07/06","香港上海匯豐",15,0,15
"13079","5410國眾","110/07/06","新光",0,13,-13
"13080","5410國眾","110/07/06","華南永昌-小港",15,0,15
"13081","5410國眾","110/07/06","元富-緯城",0,10,-10
"13082","5410國眾","110/07/06","元富-大昌",13,0,13
"13083","5410國眾","110/07/06","中農",0,10,-10
"13084","5410國眾","110/07/06","臺銀-臺南",10,0,10
"13085","5410國眾","110/07/06","凱基-屏東",0,10,-10
"13086","5410國眾","110/07/06","元富-延平",8,0,8
"13087","5410國眾","110/07/06","新光-桃園",0,6,-6
"13088","5410國眾","110/07/06","元大-八德",17,9,8
"13089","5410國眾","110/07/06","高橋-龍潭",0,5,-5
"13090","5410國眾","110/07/06","摩根大通",7,0,7
"13091","5410國眾","110/07/06","元富-世貿",0,5,-5
"13092","5410國眾","110/07/06","凱基-桃園",7,0,7
"13093","5410國眾","110/07/06","群益金鼎-瑞豐",0,5,-5
"13094","5410國眾","110/07/06","永豐金-屏東",7,0,7
"13095","5410國眾","110/07/06","富邦-台中",0,5,-5
"13096","5410國眾","110/07/06","台新-左楠",5,0,5
"13097","5410國眾","110/07/06","永豐金-板橋",0,5,-5
"13098","5410國眾","110/07/06","富邦-竹東",5,0,5
"13099","5410國眾","110/07/06","富邦-台南",0,4,-4
"13100","5410國眾","110/07/06","元大-新莊",5,0,5
"13101","5410國眾","110/07/06","凱基-站前",0,3,-3
"13102","2841台開","110/07/06","群益金鼎-忠孝",100,0,100
"13103","2841台開","110/07/06","港商野村",0,295,-295
"13104","2841台開","110/07/06","台新證券",58,0,58
"13105","2841台開","110/07/06","元大-善化",0,50,-50
"13106","2841台開","110/07/06","台新-台中",58,0,58
"13107","2841台開","110/07/06","元大-四維",0,50,-50
"13108","2841台開","110/07/06","永豐金-敦南",50,0,50
"13109","2841台開","110/07/06","台新-新營",0,30,-30
"13110","2841台開","110/07/06","元大-台中",45,0,45
"13111","2841台開","110/07/06","群益金鼎-桃園",0,21,-21
"13112","2841台開","110/07/06","凱基-文心",43,0,43
"13113","2841台開","110/07/06","台中銀-員林",0,20,-20
"13114","2841台開","110/07/06","永豐金-潮州",30,0,30
"13115","2841台開","110/07/06","群益金鼎-延平",0,15,-15
"13116","2841台開","110/07/06","第一金-自由",25,0,25
"13117","2841台開","110/07/06","元大-三重",0,13,-13
"13118","2841台開","110/07/06","美商高盛",17,0,17
"13119","2841台開","110/07/06","元富-古亭",0,10,-10
"13120","2841台開","110/07/06","大昌-安康",39,22,17
"13121","2841台開","110/07/06","群益金鼎-北高雄",0,10,-10
"13122","2841台開","110/07/06","台中銀",15,0,15
"13123","2841台開","110/07/06","華南永昌-南京",0,10,-10
"13124","2841台開","110/07/06","玉山-嘉義",15,0,15
"13125","2841台開","110/07/06","富邦-花蓮",0,10,-10
"13126","2841台開","110/07/06","新光",11,0,11
"13127","2841台開","110/07/06","富邦-高雄",0,10,-10
"13128","2841台開","110/07/06","兆豐-永和",10,0,10
"13129","2841台開","110/07/06","元大-竹山",0,10,-10
"13130","2841台開","110/07/06","康和-內湖",10,0,10
"13131","2841台開","110/07/06","元大-屏東",0,10,-10
"13132","6207雷科","110/07/06","新光",45,4,41
"13133","6207雷科","110/07/06","凱基-高美館",1,104,-103
"13134","6207雷科","110/07/06","統一-基隆",30,0,30
"13135","6207雷科","110/07/06","摩根大通",11,45,-34
"13136","6207雷科","110/07/06","康和-南崁",13,0,13
"13137","6207雷科","110/07/06","群益金鼎-新竹",0,22,-22
"13138","6207雷科","110/07/06","宏遠-台南",10,0,10
"13139","6207雷科","110/07/06","港商野村",2,23,-21
"13140","6207雷科","110/07/06","國票-和平",10,0,10
"13141","6207雷科","110/07/06","凱基-台北",0,14,-14
"13142","6207雷科","110/07/06","永豐金-天母",10,0,10
"13143","6207雷科","110/07/06","台新-三民",0,12,-12
"13144","6207雷科","110/07/06","台新證券",10,1,9
"13145","6207雷科","110/07/06","群益金鼎-開元",1,11,-10
"13146","6207雷科","110/07/06","群益金鼎-士林",8,0,8
"13147","6207雷科","110/07/06","富邦-南屯",0,8,-8
"13148","6207雷科","110/07/06","群益金鼎-瑞豐",7,0,7
"13149","6207雷科","110/07/06","元大-善化",0,8,-8
"13150","6207雷科","110/07/06","元大-四維",7,0,7
"13151","6207雷科","110/07/06","日盛-頭份",0,5,-5
"13152","6207雷科","110/07/06","國票-中和",6,0,6
"13153","6207雷科","110/07/06","第一金-高雄",0,5,-5
"13154","6207雷科","110/07/06","台新-中壢",6,0,6
"13155","6207雷科","110/07/06","凱基-八德",0,5,-5
"13156","6207雷科","110/07/06","凱基-高雄",6,0,6
"13157","6207雷科","110/07/06","凱基-頭份",0,5,-5
"13158","6207雷科","110/07/06","富邦-彰化",6,0,6
"13159","6207雷科","110/07/06","合庫-新竹",0,4,-4
"13160","6207雷科","110/07/06","凱基-大安",5,0,5
"13161","6207雷科","110/07/06","新光-高雄",0,4,-4
"13162","3679新至陞","110/07/06","凱基",11,0,11
"13163","3679新至陞","110/07/06","摩根大通",0,22,-22
"13164","3679新至陞","110/07/06","台中銀-員林",11,1,10
"13165","3679新至陞","110/07/06","凱基-台北",6,21,-15
"13166","3679新至陞","110/07/06","安泰-大發",10,0,10
"13167","3679新至陞","110/07/06","瑞士信貸",0,13,-13
"13168","3679新至陞","110/07/06","香港上海匯豐",8,0,8
"13169","3679新至陞","110/07/06","富邦-苗栗",0,10,-10
"13170","3679新至陞","110/07/06","永豐金證券",8,2,6
"13171","3679新至陞","110/07/06","元大-永春",0,6,-6
"13172","3679新至陞","110/07/06","第一金-高雄",5,0,5
"13173","3679新至陞","110/07/06","凱基-興隆",0,5,-5
"13174","3679新至陞","110/07/06","群益金鼎-高盛",3,0,3
"13175","3679新至陞","110/07/06","國泰-桃園",0,3,-3
"13176","3679新至陞","110/07/06","元大-嘉義",3,0,3
"13177","3679新至陞","110/07/06","元大-萬華",2,5,-3
"13178","3679新至陞","110/07/06","臺銀-高雄",2,0,2
"13179","3679新至陞","110/07/06","美林",0,2,-2
"13180","3679新至陞","110/07/06","日盛-復興",2,0,2
"13181","3679新至陞","110/07/06","第一金-華江",0,2,-2
"13182","3679新至陞","110/07/06","日盛-樹林",4,2,2
"13183","3679新至陞","110/07/06","新光-台中",0,2,-2
"13184","3679新至陞","110/07/06","宏遠-館前",2,0,2
"13185","3679新至陞","110/07/06","華南永昌-民權",0,2,-2
"13186","3679新至陞","110/07/06","台新證券",2,0,2
"13187","3679新至陞","110/07/06","元大-板橋",0,2,-2
"13188","3679新至陞","110/07/06","康和-板橋",2,0,2
"13189","3679新至陞","110/07/06","日盛-板橋中山",0,1,-1
"13190","3679新至陞","110/07/06","群益金鼎-台南",2,0,2
"13191","3679新至陞","110/07/06","宏遠證券",0,1,-1
"13192","2727王品","110/07/06","元大證券",1033,729,304
"13193","2727王品","110/07/06","台灣摩根士丹利",35,184,-149
"13194","2727王品","110/07/06","富邦-台北",332,46,286
"13195","2727王品","110/07/06","元大-北屯",11,79,-68
"13196","2727王品","110/07/06","統一",252,43,209
"13197","2727王品","110/07/06","元富-敦南",4,70,-66
"13198","2727王品","110/07/06","永豐金-松山",147,14,133
"13199","2727王品","110/07/06","元大-基隆孝二",11,75,-64
"13200","2727王品","110/07/06","富邦-嘉義",301,198,103
"13201","2727王品","110/07/06","臺銀-臺南",9,69,-60
"13202","2727王品","110/07/06","新加坡商瑞銀",128,34,94
"13203","2727王品","110/07/06","中國信託-忠孝",5,48,-43
"13204","2727王品","110/07/06","元富-台南",97,6,91
"13205","2727王品","110/07/06","永豐金-市政",5,46,-41
"13206","2727王品","110/07/06","台新證券",169,105,64
"13207","2727王品","110/07/06","彰銀-台中",19,56,-37
"13208","2727王品","110/07/06","美林",115,58,57
"13209","2727王品","110/07/06","玉山證券",30,67,-37
"13210","2727王品","110/07/06","華南永昌",75,23,52
"13211","2727王品","110/07/06","凱基-埔墘",4,41,-37
"13212","2727王品","110/07/06","凱基-台北",445,398,47
"13213","2727王品","110/07/06","永豐金-大園",3,40,-37
"13214","2727王品","110/07/06","凱基-大直",48,7,41
"13215","2727王品","110/07/06","元富",2,37,-35
"13216","2727王品","110/07/06","凱基-林口",45,4,41
"13217","2727王品","110/07/06","富邦-仁愛",32,64,-32
"13218","2727王品","110/07/06","德信",40,1,39
"13219","2727王品","110/07/06","玉山-板橋",52,82,-30
"13220","2727王品","110/07/06","第一金",42,5,37
"13221","2727王品","110/07/06","中國信託-文心",10,39,-29
"13222","1570力肯","110/07/06","香港上海匯豐",47,0,47
"13223","1570力肯","110/07/06","新光",2,107,-105
"13224","1570力肯","110/07/06","元大-高雄",55,16,39
"13225","1570力肯","110/07/06","摩根大通",11,58,-47
"13226","1570力肯","110/07/06","元富-緯城",37,0,37
"13227","1570力肯","110/07/06","高橋",4,50,-46
"13228","1570力肯","110/07/06","台新-台南",16,0,16
"13229","1570力肯","110/07/06","合庫-桃園",0,20,-20
"13230","1570力肯","110/07/06","元大-新竹經國",14,0,14
"13231","1570力肯","110/07/06","永豐金-板盛",0,18,-18
"13232","1570力肯","110/07/06","富邦-左營",12,0,12
"13233","1570力肯","110/07/06","華南永昌-公誠",0,9,-9
"13234","1570力肯","110/07/06","國票-中正",12,2,10
"13235","1570力肯","110/07/06","凱基-台北",1,9,-8
"13236","1570力肯","110/07/06","國票-博愛",10,0,10
"13237","1570力肯","110/07/06","臺銀-臺中",0,6,-6
"13238","1570力肯","110/07/06","統一-敦南",12,5,7
"13239","1570力肯","110/07/06","台新-三民",0,5,-5
"13240","1570力肯","110/07/06","群益金鼎-三重",7,0,7
"13241","1570力肯","110/07/06","華南永昌-麻豆",0,5,-5
"13242","1570力肯","110/07/06","臺銀-臺南",6,0,6
"13243","1570力肯","110/07/06","合庫-台南",0,4,-4
"13244","1570力肯","110/07/06","大慶-蘆洲",6,0,6
"13245","1570力肯","110/07/06","統一-員林",0,4,-4
"13246","1570力肯","110/07/06","元富-新店",6,0,6
"13247","1570力肯","110/07/06","康和-澎湖",0,4,-4
"13248","1570力肯","110/07/06","玉山-雙和",7,1,6
"13249","1570力肯","110/07/06","華南永昌-斗六",0,4,-4
"13250","1570力肯","110/07/06","永豐金-敦南",9,3,6
"13251","1570力肯","110/07/06","元大-和平",0,4,-4
"13252","6180橘子","110/07/06","凱基-台北",72,12,60
"13253","6180橘子","110/07/06","臺銀-金山",5,105,-100
"13254","6180橘子","110/07/06","美林",29,0,29
"13255","6180橘子","110/07/06","元大-台中",0,100,-100
"13256","6180橘子","110/07/06","合庫-自強",21,0,21
"13257","6180橘子","110/07/06","康和-台南",3,50,-47
"13258","6180橘子","110/07/06","凱基-三峽",17,0,17
"13259","6180橘子","110/07/06","元大-中和",0,35,-35
"13260","6180橘子","110/07/06","富邦-虎尾",15,1,14
"13261","6180橘子","110/07/06","中國信託-忠孝",0,16,-16
"13262","6180橘子","110/07/06","元富-潮州",13,0,13
"13263","6180橘子","110/07/06","玉山-高雄",0,12,-12
"13264","6180橘子","110/07/06","中國信託-永康",13,0,13
"13265","6180橘子","110/07/06","港商野村",0,11,-11
"13266","6180橘子","110/07/06","元大-草屯",18,5,13
"13267","6180橘子","110/07/06","群益金鼎-松山",0,11,-11
"13268","6180橘子","110/07/06","臺銀",11,0,11
"13269","6180橘子","110/07/06","永豐金-豐原",0,11,-11
"13270","6180橘子","110/07/06","新光",15,4,11
"13271","6180橘子","110/07/06","元富-嘉義",5,15,-10
"13272","6180橘子","110/07/06","元大-竹東",11,0,11
"13273","6180橘子","110/07/06","玉山-士林",0,10,-10
"13274","6180橘子","110/07/06","宏遠-台中",10,0,10
"13275","6180橘子","110/07/06","凱基-北門",0,10,-10
"13276","6180橘子","110/07/06","第一金-台南",10,0,10
"13277","6180橘子","110/07/06","第一金-忠孝",0,9,-9
"13278","6180橘子","110/07/06","國泰-敦南",10,0,10
"13279","6180橘子","110/07/06","統一-基隆",0,9,-9
"13280","6180橘子","110/07/06","富邦-嘉義",10,0,10
"13281","6180橘子","110/07/06","安泰-大發",1,10,-9
"13282","2390云辰","110/07/06","元大-天母",975,276,699
"13283","2390云辰","110/07/06","台灣摩根士丹利",3,265,-262
"13284","2390云辰","110/07/06","摩根大通",688,312,376
"13285","2390云辰","110/07/06","群益金鼎-海山",3,166,-163
"13286","2390云辰","110/07/06","國泰-忠孝",164,3,161
"13287","2390云辰","110/07/06","國泰-敦南",188,339,-151
"13288","2390云辰","110/07/06","富邦-北港",140,7,133
"13289","2390云辰","110/07/06","元大-土城學府",12,119,-107
"13290","2390云辰","110/07/06","聯邦商銀",151,22,129
"13291","2390云辰","110/07/06","永豐金-高雄",4,103,-99
"13292","2390云辰","110/07/06","中國信託-文心",143,17,126
"13293","2390云辰","110/07/06","土銀-士林",0,94,-94
"13294","2390云辰","110/07/06","永豐金-中正",133,7,126
"13295","2390云辰","110/07/06","元大-佳里",11,91,-80
"13296","2390云辰","110/07/06","群益金鼎-大興",178,76,102
"13297","2390云辰","110/07/06","玉山-台中",10,86,-76
"13298","2390云辰","110/07/06","元富-中港",103,3,100
"13299","2390云辰","110/07/06","新光",251,324,-73
"13300","2390云辰","110/07/06","統一-新台中",104,12,92
"13301","2390云辰","110/07/06","富邦-敦南",29,101,-72
"13302","2390云辰","110/07/06","新加坡商瑞銀",211,120,91
"13303","2390云辰","110/07/06","兆豐-台中",0,58,-58
"13304","2390云辰","110/07/06","兆豐-忠孝",100,11,89
"13305","2390云辰","110/07/06","日盛證券",16,73,-57
"13306","2390云辰","110/07/06","凱基-林口",87,9,78
"13307","2390云辰","110/07/06","元大-東泰",5,61,-56
"13308","2390云辰","110/07/06","元富-西松",72,4,68
"13309","2390云辰","110/07/06","台新證券",136,190,-54
"13310","2390云辰","110/07/06","台新-左楠",66,9,57
"13311","2390云辰","110/07/06","元大-六合",10,63,-53
