"","stake","date","name","buy","sell","total"
"1","1315達新","110/08/23","元大-文心興安",22,0,22
"2","1315達新","110/08/23","香港上海匯豐",0,25,-25
"3","1315達新","110/08/23","元大-北屯",9,0,9
"4","1315達新","110/08/23","港商麥格理",0,22,-22
"5","1315達新","110/08/23","元大-中壢",6,0,6
"6","1315達新","110/08/23","群益金鼎-東湖",0,17,-17
"7","1315達新","110/08/23","新光",5,0,5
"8","1315達新","110/08/23","日盛-台中",0,9,-9
"9","1315達新","110/08/23","國泰-桃園",5,0,5
"10","1315達新","110/08/23","台新-台南",0,8,-8
"11","1315達新","110/08/23","凱基-中港",5,0,5
"12","1315達新","110/08/23","元大-四維",0,5,-5
"13","1315達新","110/08/23","元大-豐原",5,0,5
"14","1315達新","110/08/23","美林",0,4,-4
"15","1315達新","110/08/23","致和-東門",3,0,3
"16","1315達新","110/08/23","群益金鼎-瑞豐",0,3,-3
"17","1315達新","110/08/23","華南永昌-鳳山",3,0,3
"18","1315達新","110/08/23","元大-松山",0,2,-2
"19","1315達新","110/08/23","元大-屏南",3,0,3
"20","1315達新","110/08/23","元大-板橋",0,2,-2
"21","1315達新","110/08/23","元大-仁愛",3,0,3
"22","1315達新","110/08/23","永豐金證券",0,2,-2
"23","1315達新","110/08/23","日盛-頭份",2,0,2
"24","1315達新","110/08/23","元富-信義",0,1,-1
"25","1315達新","110/08/23","港商法國興業",2,0,2
"26","1315達新","110/08/23","華南永昌-中正",0,1,-1
"27","1315達新","110/08/23","新加坡商瑞銀",2,0,2
"28","1315達新","110/08/23","富邦-板橋",0,1,-1
"29","1315達新","110/08/23","第一金",2,0,2
"30","1315達新","110/08/23","富邦-仁愛",0,1,-1
"31","2609陽明","110/08/23","摩根大通",18636,4559,14077
"32","2609陽明","110/08/23","富邦證券",10185,12443,-2258
"33","2609陽明","110/08/23","康和",2421,208,2213
"34","2609陽明","110/08/23","富邦-虎尾",7091,8076,-985
"35","2609陽明","110/08/23","台灣摩根士丹利",2570,528,2042
"36","2609陽明","110/08/23","華南永昌-竹北",340,1185,-845
"37","2609陽明","110/08/23","凱基-台北",2772,1398,1374
"38","2609陽明","110/08/23","新光-新竹",958,1746,-788
"39","2609陽明","110/08/23","美林",7570,6327,1243
"40","2609陽明","110/08/23","凱基-長庚",161,815,-654
"41","2609陽明","110/08/23","瑞士信貸",1505,326,1179
"42","2609陽明","110/08/23","凱基-市府",164,817,-653
"43","2609陽明","110/08/23","日盛-板橋",1087,183,904
"44","2609陽明","110/08/23","國泰-敦南",5133,5754,-621
"45","2609陽明","110/08/23","凱基-復興",1293,497,796
"46","2609陽明","110/08/23","國泰-館前",1329,1670,-341
"47","2609陽明","110/08/23","元大證券",3275,2760,515
"48","2609陽明","110/08/23","富邦-建國",489,824,-335
"49","2609陽明","110/08/23","元大-頭份",776,338,438
"50","2609陽明","110/08/23","元大-大同",246,569,-323
"51","2609陽明","110/08/23","富邦-仁愛",1292,875,417
"52","2609陽明","110/08/23","元大-和平",98,405,-307
"53","2609陽明","110/08/23","凱基-市政",2414,2002,412
"54","2609陽明","110/08/23","元大-台中中港",128,429,-301
"55","2609陽明","110/08/23","元大-士林",2427,2036,391
"56","2609陽明","110/08/23","玉山證券",756,1049,-293
"57","2609陽明","110/08/23","宏遠證券",1542,1153,389
"58","2609陽明","110/08/23","群益金鼎-內湖",32,319,-287
"59","2609陽明","110/08/23","新加坡商瑞銀",746,375,371
"60","2609陽明","110/08/23","群益金鼎-大安",1012,1296,-284
"61","2636台驊投控","110/08/23","摩根大通",1383,622,761
"62","2636台驊投控","110/08/23","第一金-桃園",32,181,-149
"63","2636台驊投控","110/08/23","瑞士信貸",679,89,590
"64","2636台驊投控","110/08/23","永豐金-新竹",6,139,-133
"65","2636台驊投控","110/08/23","台灣摩根士丹利",413,93,320
"66","2636台驊投控","110/08/23","日盛-景美",5,108,-103
"67","2636台驊投控","110/08/23","美商高盛",400,167,233
"68","2636台驊投控","110/08/23","台新證券",155,215,-60
"69","2636台驊投控","110/08/23","新加坡商瑞銀",215,57,158
"70","2636台驊投控","110/08/23","日盛-台中",0,55,-55
"71","2636台驊投控","110/08/23","元大-松江",81,17,64
"72","2636台驊投控","110/08/23","富邦-苗栗",2,57,-55
"73","2636台驊投控","110/08/23","新光",303,240,63
"74","2636台驊投控","110/08/23","日盛-信義",12,66,-54
"75","2636台驊投控","110/08/23","凱基-台北",601,539,62
"76","2636台驊投控","110/08/23","富邦-北港",7,56,-49
"77","2636台驊投控","110/08/23","富邦-彰化",116,55,61
"78","2636台驊投控","110/08/23","中國信託-文心",19,67,-48
"79","2636台驊投控","110/08/23","永豐金-萬盛",84,36,48
"80","2636台驊投控","110/08/23","統一-城中",34,81,-47
"81","2636台驊投控","110/08/23","兆豐-中壢",67,22,45
"82","2636台驊投控","110/08/23","土銀-南港",0,45,-45
"83","2636台驊投控","110/08/23","兆豐-鹿港",44,4,40
"84","2636台驊投控","110/08/23","永豐金-桃園",19,64,-45
"85","2636台驊投控","110/08/23","元大-林森",77,40,37
"86","2636台驊投控","110/08/23","台新-台中",63,107,-44
"87","2636台驊投控","110/08/23","富邦-虎尾",255,221,34
"88","2636台驊投控","110/08/23","日盛證券",24,67,-43
"89","2636台驊投控","110/08/23","元富-成功",37,6,31
"90","2636台驊投控","110/08/23","凱基-竹科",80,118,-38
"91","2867三商壽","110/08/23","凱基-台北",292,9,283
"92","2867三商壽","110/08/23","宏遠證券",0,1024,-1024
"93","2867三商壽","110/08/23","康和-台中",273,3,270
"94","2867三商壽","110/08/23","富邦-陽明",0,280,-280
"95","2867三商壽","110/08/23","土銀-台中",150,0,150
"96","2867三商壽","110/08/23","元大-北投",0,100,-100
"97","2867三商壽","110/08/23","新光",135,10,125
"98","2867三商壽","110/08/23","元富",0,75,-75
"99","2867三商壽","110/08/23","新加坡商瑞銀",109,5,104
"100","2867三商壽","110/08/23","摩根大通",309,368,-59
"101","2867三商壽","110/08/23","元大-桃園",100,0,100
"102","2867三商壽","110/08/23","台灣摩根士丹利",6,57,-51
"103","2867三商壽","110/08/23","元大-沙鹿",76,0,76
"104","2867三商壽","110/08/23","元富-城東",0,51,-51
"105","2867三商壽","110/08/23","凱基",75,0,75
"106","2867三商壽","110/08/23","美林",9,59,-50
"107","2867三商壽","110/08/23","元大-彰化民生",72,0,72
"108","2867三商壽","110/08/23","宏遠-中和",3,50,-47
"109","2867三商壽","110/08/23","國泰-台南",78,10,68
"110","2867三商壽","110/08/23","元大-永和",0,42,-42
"111","2867三商壽","110/08/23","元大-屏東",60,0,60
"112","2867三商壽","110/08/23","土銀-白河",0,36,-36
"113","2867三商壽","110/08/23","華南永昌-公誠",60,1,59
"114","2867三商壽","110/08/23","元大-博愛",0,31,-31
"115","2867三商壽","110/08/23","國票-安和",50,0,50
"116","2867三商壽","110/08/23","凱基-八德",0,30,-30
"117","2867三商壽","110/08/23","國泰-板橋",50,0,50
"118","2867三商壽","110/08/23","元大-永康",0,30,-30
"119","2867三商壽","110/08/23","永豐金-新莊",50,0,50
"120","2867三商壽","110/08/23","日盛-二林",20,40,-20
"121","5521工信","110/08/23","摩根大通",142,16,126
"122","5521工信","110/08/23","港商野村",0,134,-134
"123","5521工信","110/08/23","群益金鼎-台中",123,0,123
"124","5521工信","110/08/23","元大-南屯",10,135,-125
"125","5521工信","110/08/23","元大證券",106,0,106
"126","5521工信","110/08/23","國泰-敦南",1,34,-33
"127","5521工信","110/08/23","凱基-台北",117,24,93
"128","5521工信","110/08/23","台新-台中",2,30,-28
"129","5521工信","110/08/23","中國信託-三重",44,0,44
"130","5521工信","110/08/23","群益金鼎-三民",0,25,-25
"131","5521工信","110/08/23","日盛-宜蘭",20,0,20
"132","5521工信","110/08/23","福勝",0,20,-20
"133","5521工信","110/08/23","元大-桃園",20,0,20
"134","5521工信","110/08/23","元大-內湖",0,20,-20
"135","5521工信","110/08/23","日茂",14,0,14
"136","5521工信","110/08/23","第一金-新竹",0,15,-15
"137","5521工信","110/08/23","富邦-苗栗",12,0,12
"138","5521工信","110/08/23","統一-員林",0,15,-15
"139","5521工信","110/08/23","港商法國興業",11,0,11
"140","5521工信","110/08/23","新光",0,15,-15
"141","5521工信","110/08/23","統一-新台中",66,55,11
"142","5521工信","110/08/23","華南永昌-高雄",0,15,-15
"143","5521工信","110/08/23","宏遠-桃園",10,0,10
"144","5521工信","110/08/23","第一金-桃園",0,12,-12
"145","5521工信","110/08/23","日進",10,0,10
"146","5521工信","110/08/23","群益金鼎-萬華",0,12,-12
"147","5521工信","110/08/23","群益金鼎-中壢",10,0,10
"148","5521工信","110/08/23","兆豐-新竹",0,11,-11
"149","5521工信","110/08/23","富邦-虎尾",10,0,10
"150","5521工信","110/08/23","群益金鼎-忠孝",0,10,-10
"151","1471首利","110/08/23","摩根大通",143,11,132
"152","1471首利","110/08/23","元大-草屯",0,153,-153
"153","1471首利","110/08/23","瑞士信貸",79,0,79
"154","1471首利","110/08/23","富邦-台北",0,30,-30
"155","1471首利","110/08/23","美林",27,1,26
"156","1471首利","110/08/23","第一金-路竹",0,28,-28
"157","1471首利","110/08/23","凱基-台北",23,0,23
"158","1471首利","110/08/23","光和-嘉義",0,20,-20
"159","1471首利","110/08/23","港商法國興業",16,0,16
"160","1471首利","110/08/23","兆豐-台中港",0,20,-20
"161","1471首利","110/08/23","兆豐-員林",13,1,12
"162","1471首利","110/08/23","新光-台南",0,20,-20
"163","1471首利","110/08/23","台新-台南",10,0,10
"164","1471首利","110/08/23","永豐金-松山",0,20,-20
"165","1471首利","110/08/23","玉山-新莊",10,0,10
"166","1471首利","110/08/23","永興-大墩",0,12,-12
"167","1471首利","110/08/23","元大-南崁",10,0,10
"168","1471首利","110/08/23","元富-民權",0,12,-12
"169","1471首利","110/08/23","國泰-敦南",9,0,9
"170","1471首利","110/08/23","光和",0,11,-11
"171","1471首利","110/08/23","中農",7,0,7
"172","1471首利","110/08/23","凱基-嘉義",0,11,-11
"173","1471首利","110/08/23","元大-南投",7,0,7
"174","1471首利","110/08/23","宏遠-光隆",0,10,-10
"175","1471首利","110/08/23","臺銀-鳳山",5,0,5
"176","1471首利","110/08/23","元富-台南",0,10,-10
"177","1471首利","110/08/23","臺銀-新竹",5,0,5
"178","1471首利","110/08/23","國票-天祥",1,7,-6
"179","1471首利","110/08/23","台新-松江",5,0,5
"180","1471首利","110/08/23","凱基-新店",1,7,-6
"181","2883開發金","110/08/23","港商野村",10106,1311,8795
"182","2883開發金","110/08/23","凱基",0,12731,-12731
"183","2883開發金","110/08/23","國泰-館前",3231,61,3170
"184","2883開發金","110/08/23","華南永昌",206,3525,-3319
"185","2883開發金","110/08/23","美林",3113,860,2253
"186","2883開發金","110/08/23","台灣摩根士丹利",274,2928,-2654
"187","2883開發金","110/08/23","元大-開元",2066,52,2014
"188","2883開發金","110/08/23","凱基-台北",1073,3532,-2459
"189","2883開發金","110/08/23","統一",1542,16,1526
"190","2883開發金","110/08/23","新加坡商瑞銀",404,2862,-2458
"191","2883開發金","110/08/23","永豐金-新莊",1111,2,1109
"192","2883開發金","110/08/23","群益金鼎",2,1833,-1831
"193","2883開發金","110/08/23","永豐金-台南",1055,155,900
"194","2883開發金","110/08/23","摩根大通",987,2808,-1821
"195","2883開發金","110/08/23","統一-基隆",542,0,542
"196","2883開發金","110/08/23","聯邦商銀",4,1800,-1796
"197","2883開發金","110/08/23","花旗環球",650,117,533
"198","2883開發金","110/08/23","康和",5,1485,-1480
"199","2883開發金","110/08/23","群益金鼎-開元",531,23,508
"200","2883開發金","110/08/23","新光",1648,2512,-864
"201","2883開發金","110/08/23","港商法國興業",484,0,484
"202","2883開發金","110/08/23","美商高盛",11,687,-676
"203","2883開發金","110/08/23","統一-台中",496,32,464
"204","2883開發金","110/08/23","大慶-基隆",3,503,-500
"205","2883開發金","110/08/23","(牛牛牛)亞-鑫豐",475,48,427
"206","2883開發金","110/08/23","瑞士信貸",206,641,-435
"207","2883開發金","110/08/23","元大證券",560,198,362
"208","2883開發金","110/08/23","第一金-台南",79,494,-415
"209","2883開發金","110/08/23","台新證券",488,128,360
"210","2883開發金","110/08/23","華南永昌-苑裡",2,315,-313
"211","6205詮欣","110/08/23","合庫-三重",49,0,49
"212","6205詮欣","110/08/23","永豐金-敦南",0,52,-52
"213","6205詮欣","110/08/23","摩根大通",8,0,8
"214","6205詮欣","110/08/23","統一-中壢",0,10,-10
"215","6205詮欣","110/08/23","日盛-高雄",5,0,5
"216","6205詮欣","110/08/23","瑞士信貸",3,11,-8
"217","6205詮欣","110/08/23","新光-台南",5,0,5
"218","6205詮欣","110/08/23","群益金鼎-永和",0,5,-5
"219","6205詮欣","110/08/23","元大-復北",4,0,4
"220","6205詮欣","110/08/23","華南永昌-公誠",0,5,-5
"221","6205詮欣","110/08/23","永豐金證券",4,0,4
"222","6205詮欣","110/08/23","元大-屏東",0,5,-5
"223","6205詮欣","110/08/23","臺銀-高雄",3,0,3
"224","6205詮欣","110/08/23","元大-汐止",1,5,-4
"225","6205詮欣","110/08/23","港商法國興業",3,0,3
"226","6205詮欣","110/08/23","統一-汐止",0,3,-3
"227","6205詮欣","110/08/23","凱基-汐止",3,0,3
"228","6205詮欣","110/08/23","元富-嘉義",0,2,-2
"229","6205詮欣","110/08/23","凱基-台北",4,1,3
"230","6205詮欣","110/08/23","北城證券",0,2,-2
"231","6205詮欣","110/08/23","日盛-三重",2,0,2
"232","6205詮欣","110/08/23","凱基-新莊",0,2,-2
"233","6205詮欣","110/08/23","華南永昌-潮州",2,0,2
"234","6205詮欣","110/08/23","富邦-仁愛",0,2,-2
"235","6205詮欣","110/08/23","元大-成功",2,0,2
"236","6205詮欣","110/08/23","永豐金-新莊",0,2,-2
"237","6205詮欣","110/08/23","美林",1,0,1
"238","6205詮欣","110/08/23","永豐金-台中",0,2,-2
"239","6205詮欣","110/08/23","第一金-大稻埕",1,0,1
"240","6205詮欣","110/08/23","第一金-路竹",0,1,-1
"241","1540喬福","110/08/23","玉山證券",6,1,5
"242","1540喬福","110/08/23","元富-新竹",0,5,-5
"243","1540喬福","110/08/23","港商法國興業",3,0,3
"244","1540喬福","110/08/23","玉山-城中",0,5,-5
"245","1540喬福","110/08/23","元富-敦南",3,0,3
"246","1540喬福","110/08/23","兆豐-台中港",0,4,-4
"247","1540喬福","110/08/23","凱基-台北",2,0,2
"248","1540喬福","110/08/23","元大-太平",0,4,-4
"249","1540喬福","110/08/23","國泰-敦南",1,0,1
"250","1540喬福","110/08/23","美林",0,1,-1
"251","1540喬福","110/08/23","永豐金-豐原",1,0,1
"252","1540喬福","110/08/23","元富",0,1,-1
"253","1540喬福","110/08/23","永豐金-敦南",1,0,1
"254","1540喬福","110/08/23","群益金鼎-海山",0,1,-1
"255","1540喬福","110/08/23","元大-文心興安",1,0,1
"256","1540喬福","110/08/23","富邦-嘉義",0,1,-1
"257","1540喬福","110/08/23","群益金鼎-丹鳳",1,0,1
"258","1540喬福","110/08/23","日盛-八德",0,0,0
"259","1540喬福","110/08/23","群益金鼎-高雄",1,0,1
"260","1540喬福","110/08/23","統一-三重",0,0,0
"261","1540喬福","110/08/23","合庫-高雄",1,0,1
"262","1540喬福","110/08/23","(牛牛牛)亞-網路",0,0,0
"263","1540喬福","110/08/23","致和-南京",2,1,1
"264","1540喬福","110/08/23","國泰-高雄",0,0,0
"265","1540喬福","110/08/23","新加坡商瑞銀",1,0,1
"266","1540喬福","110/08/23","凱基-竹北",0,0,0
"267","1540喬福","110/08/23","國泰-高雄",0,0,0
"268","1540喬福","110/08/23","華南永昌-嘉義",0,0,0
"269","1540喬福","110/08/23","凱基-竹北",0,0,0
"270","1540喬福","110/08/23","元大-西門",0,0,0
"271","2888新光金","110/08/23","港商野村",2200,82,2118
"272","2888新光金","110/08/23","元富-城東",72,2108,-2036
"273","2888新光金","110/08/23","凱基-台北",1553,74,1479
"274","2888新光金","110/08/23","元大-北投",15,1631,-1616
"275","2888新光金","110/08/23","合庫-新竹",800,0,800
"276","2888新光金","110/08/23","美商高盛",264,1857,-1593
"277","2888新光金","110/08/23","法銀巴黎",688,38,650
"278","2888新光金","110/08/23","摩根大通",2146,3664,-1518
"279","2888新光金","110/08/23","元富",590,17,573
"280","2888新光金","110/08/23","元大證券",87,1208,-1121
"281","2888新光金","110/08/23","第一金-新竹",572,0,572
"282","2888新光金","110/08/23","凱基-頭份",0,1100,-1100
"283","2888新光金","110/08/23","台灣摩根士丹利",597,168,429
"284","2888新光金","110/08/23","玉山-板橋",93,712,-619
"285","2888新光金","110/08/23","福邦-新竹",412,0,412
"286","2888新光金","110/08/23","瑞士信貸",535,1122,-587
"287","2888新光金","110/08/23","新光",504,139,365
"288","2888新光金","110/08/23","元富-嘉義",27,583,-556
"289","2888新光金","110/08/23","元大-屏南",343,4,339
"290","2888新光金","110/08/23","凱基-敦北",2,500,-498
"291","2888新光金","110/08/23","(牛牛牛)亞-鑫豐",398,63,335
"292","2888新光金","110/08/23","華南永昌-林口",130,620,-490
"293","2888新光金","110/08/23","永豐金-嘉義",300,0,300
"294","2888新光金","110/08/23","元大-草屯",27,442,-415
"295","2888新光金","110/08/23","富邦-台北",309,14,295
"296","2888新光金","110/08/23","元大-大天母",5,255,-250
"297","2888新光金","110/08/23","元富-彰化",254,2,252
"298","2888新光金","110/08/23","土銀-嘉義",10,250,-240
"299","2888新光金","110/08/23","群益金鼎-竹南",282,32,250
"300","2888新光金","110/08/23","富邦-高雄",42,266,-224
"301","1340勝悅","110/08/23","港商法國興業",20,0,20
"302","1340勝悅","110/08/23","凱基-永華",0,26,-26
"303","1340勝悅","110/08/23","凱基-台北",15,1,14
"304","1340勝悅","110/08/23","元大-四維",0,20,-20
"305","1340勝悅","110/08/23","美林",12,0,12
"306","1340勝悅","110/08/23","元大-向上",0,19,-19
"307","1340勝悅","110/08/23","元富-宜蘭",7,0,7
"308","1340勝悅","110/08/23","元大-竹北",0,18,-18
"309","1340勝悅","110/08/23","美商高盛",6,0,6
"310","1340勝悅","110/08/23","永豐金-內湖",0,15,-15
"311","1340勝悅","110/08/23","國泰-台中",6,0,6
"312","1340勝悅","110/08/23","摩根大通",0,9,-9
"313","1340勝悅","110/08/23","臺灣企銀-埔墘",5,0,5
"314","1340勝悅","110/08/23","元大-忠孝鼎富",0,9,-9
"315","1340勝悅","110/08/23","元富-彰化",5,0,5
"316","1340勝悅","110/08/23","凱基-高美館",0,4,-4
"317","1340勝悅","110/08/23","台中銀",5,0,5
"318","1340勝悅","110/08/23","臺銀-鳳山",0,3,-3
"319","1340勝悅","110/08/23","新光",5,0,5
"320","1340勝悅","110/08/23","統一-城中",3,6,-3
"321","1340勝悅","110/08/23","瑞士信貸",4,0,4
"322","1340勝悅","110/08/23","陽信-石牌",0,2,-2
"323","1340勝悅","110/08/23","華南永昌-新莊",4,0,4
"324","1340勝悅","110/08/23","群益金鼎-屏東",0,2,-2
"325","1340勝悅","110/08/23","富邦-新店",5,1,4
"326","1340勝悅","110/08/23","富邦-羅東",0,2,-2
"327","1340勝悅","110/08/23","群益金鼎-館前",3,0,3
"328","1340勝悅","110/08/23","元大-新竹經國",0,2,-2
"329","1340勝悅","110/08/23","國泰-桃園",2,0,2
"330","1340勝悅","110/08/23","新光-台南",0,1,-1
"331","6246臺龍","110/08/23","台新-高雄",46,22,24
"332","6246臺龍","110/08/23","元富-高雄",0,26,-26
"333","6246臺龍","110/08/23","凱基-台北",10,1,9
"334","6246臺龍","110/08/23","元大-台北",0,8,-8
"335","6246臺龍","110/08/23","臺銀-臺中",6,0,6
"336","6246臺龍","110/08/23","日進",0,6,-6
"337","6246臺龍","110/08/23","國票-北高雄",6,0,6
"338","6246臺龍","110/08/23","第一金-高雄",0,5,-5
"339","6246臺龍","110/08/23","第一金-安和",5,0,5
"340","6246臺龍","110/08/23","玉山-桃園",0,5,-5
"341","6246臺龍","110/08/23","元富-宜蘭",5,0,5
"342","6246臺龍","110/08/23","群益金鼎-東門",0,5,-5
"343","6246臺龍","110/08/23","康和-內湖",5,0,5
"344","6246臺龍","110/08/23","永豐金-三重",0,5,-5
"345","6246臺龍","110/08/23","兆豐-公益",4,0,4
"346","6246臺龍","110/08/23","元富-潮州",0,4,-4
"347","6246臺龍","110/08/23","台新-屏東",20,16,4
"348","6246臺龍","110/08/23","元大-新莊",0,4,-4
"349","6246臺龍","110/08/23","元大-高雄",4,0,4
"350","6246臺龍","110/08/23","宏遠-新化",0,3,-3
"351","6246臺龍","110/08/23","兆豐-景美",3,0,3
"352","6246臺龍","110/08/23","富邦-嘉義",0,3,-3
"353","6246臺龍","110/08/23","國票-敦北法人",5,2,3
"354","6246臺龍","110/08/23","日盛-新莊",0,2,-2
"355","6246臺龍","110/08/23","新光-台中",3,0,3
"356","6246臺龍","110/08/23","元富-花蓮",0,2,-2
"357","6246臺龍","110/08/23","元大-竹山",3,0,3
"358","6246臺龍","110/08/23","兆豐-高雄",0,2,-2
"359","6246臺龍","110/08/23","元大-土城",3,0,3
"360","6246臺龍","110/08/23","國泰-敦南",1,3,-2
"361","00715L期街口布蘭特正2","110/08/23","中國信託-永康",1679,1,1678
"362","00715L期街口布蘭特正2","110/08/23","元大證券",181,15885,-15704
"363","00715L期街口布蘭特正2","110/08/23","元大-新竹",1242,37,1205
"364","00715L期街口布蘭特正2","110/08/23","凱基",0,4277,-4277
"365","00715L期街口布蘭特正2","110/08/23","兆豐-鹿港",790,10,780
"366","00715L期街口布蘭特正2","110/08/23","合庫證券",25,3475,-3450
"367","00715L期街口布蘭特正2","110/08/23","凱基-台北",1274,502,772
"368","00715L期街口布蘭特正2","110/08/23","永豐金證券",100,3461,-3361
"369","00715L期街口布蘭特正2","110/08/23","新光",913,226,687
"370","00715L期街口布蘭特正2","110/08/23","元富",11,2829,-2818
"371","00715L期街口布蘭特正2","110/08/23","台中銀",639,24,615
"372","00715L期街口布蘭特正2","110/08/23","康和",0,2551,-2551
"373","00715L期街口布蘭特正2","110/08/23","元大-嘉義",584,0,584
"374","00715L期街口布蘭特正2","110/08/23","富邦證券",1628,2629,-1001
"375","00715L期街口布蘭特正2","110/08/23","兆豐-台中港",613,30,583
"376","00715L期街口布蘭特正2","110/08/23","元大-林森",45,602,-557
"377","00715L期街口布蘭特正2","110/08/23","永豐金-板盛",506,0,506
"378","00715L期街口布蘭特正2","110/08/23","元大-三重",21,550,-529
"379","00715L期街口布蘭特正2","110/08/23","群益金鼎-屏東",501,0,501
"380","00715L期街口布蘭特正2","110/08/23","元大-民雄",92,575,-483
"381","00715L期街口布蘭特正2","110/08/23","元大-北港",496,10,486
"382","00715L期街口布蘭特正2","110/08/23","元大-蘆洲",15,316,-301
"383","00715L期街口布蘭特正2","110/08/23","新光-台中",463,36,427
"384","00715L期街口布蘭特正2","110/08/23","群益金鼎-台中",10,300,-290
"385","00715L期街口布蘭特正2","110/08/23","永豐金-市政",420,15,405
"386","00715L期街口布蘭特正2","110/08/23","群益金鼎-丹鳳",37,320,-283
"387","00715L期街口布蘭特正2","110/08/23","元大-復北",415,11,404
"388","00715L期街口布蘭特正2","110/08/23","富邦-嘉義",346,628,-282
"389","00715L期街口布蘭特正2","110/08/23","中國信託-高雄",428,28,400
"390","00715L期街口布蘭特正2","110/08/23","大昌-樹林",48,295,-247
"391","8941關中","110/08/23","凱基-市府",1,0,1
"392","8941關中","110/08/23","元大-金華",0,1,-1
"393","8941關中","110/08/23","元富-台中",0,0,0
"394","8941關中","110/08/23","元富-台中",0,0,0
"395","8941關中","110/08/23","康和-板橋",0,0,0
"396","8941關中","110/08/23","康和-板橋",0,0,0
"397","8941關中","110/08/23","凱基-市政",0,0,0
"398","8941關中","110/08/23","凱基-市政",0,0,0
"399","8941關中","110/08/23","永豐金-敦北",0,0,0
"400","8941關中","110/08/23","永豐金-敦北",0,0,0
"401","8941關中","110/08/23","永豐金-南投",0,0,0
"402","8941關中","110/08/23","永豐金-南投",0,0,0
"403","8941關中","110/08/23","",NA,NA,NA
"404","8941關中","110/08/23","",NA,NA,NA
"405","8941關中","110/08/23","",NA,NA,NA
"406","8941關中","110/08/23","",NA,NA,NA
"407","8941關中","110/08/23","",NA,NA,NA
"408","8941關中","110/08/23","",NA,NA,NA
"409","8941關中","110/08/23","",NA,NA,NA
"410","8941關中","110/08/23","",NA,NA,NA
"411","8941關中","110/08/23","",NA,NA,NA
"412","8941關中","110/08/23","",NA,NA,NA
"413","8941關中","110/08/23","",NA,NA,NA
"414","8941關中","110/08/23","",NA,NA,NA
"415","8941關中","110/08/23","",NA,NA,NA
"416","8941關中","110/08/23","",NA,NA,NA
"417","8941關中","110/08/23","",NA,NA,NA
"418","8941關中","110/08/23","",NA,NA,NA
"419","8941關中","110/08/23","",NA,NA,NA
"420","8941關中","110/08/23","",NA,NA,NA
"421","8936國統","110/08/23","新加坡商瑞銀",220,12,208
"422","8936國統","110/08/23","宏遠-台南",0,264,-264
"423","8936國統","110/08/23","第一金-高雄",100,0,100
"424","8936國統","110/08/23","康和-高雄",0,156,-156
"425","8936國統","110/08/23","美商高盛",89,5,84
"426","8936國統","110/08/23","凱基-高美館",0,56,-56
"427","8936國統","110/08/23","瑞士信貸",77,0,77
"428","8936國統","110/08/23","凱基-台北",7,50,-43
"429","8936國統","110/08/23","中國信託-高雄",55,0,55
"430","8936國統","110/08/23","大慶-楊梅",0,19,-19
"431","8936國統","110/08/23","摩根大通",44,0,44
"432","8936國統","110/08/23","富邦-台北",1,17,-16
"433","8936國統","110/08/23","港商野村",68,31,37
"434","8936國統","110/08/23","國票-中正",0,15,-15
"435","8936國統","110/08/23","富邦-陽明",30,0,30
"436","8936國統","110/08/23","兆豐-北高雄",0,14,-14
"437","8936國統","110/08/23","美林",15,0,15
"438","8936國統","110/08/23","日盛-和美",1,12,-11
"439","8936國統","110/08/23","華南永昌",15,0,15
"440","8936國統","110/08/23","統一-新竹",2,13,-11
"441","8936國統","110/08/23","新光-台中",13,1,12
"442","8936國統","110/08/23","永興-水湳",0,10,-10
"443","8936國統","110/08/23","臺銀-鳳山",11,0,11
"444","8936國統","110/08/23","國票-北高雄",0,10,-10
"445","8936國統","110/08/23","元富-城東",10,0,10
"446","8936國統","110/08/23","凱基-科園",0,10,-10
"447","8936國統","110/08/23","宏遠-高雄",11,2,9
"448","8936國統","110/08/23","元大-高雄",0,10,-10
"449","8936國統","110/08/23","元富-古亭",9,0,9
"450","8936國統","110/08/23","元大-西螺",0,8,-8
"451","6226光鼎","110/08/23","摩根大通",432,89,343
"452","6226光鼎","110/08/23","元大-文心興安",17,248,-231
"453","6226光鼎","110/08/23","凱基-台北",234,13,221
"454","6226光鼎","110/08/23","台新-台南",5,92,-87
"455","6226光鼎","110/08/23","瑞士信貸",176,1,175
"456","6226光鼎","110/08/23","致和-佳里",0,50,-50
"457","6226光鼎","110/08/23","美林",77,4,73
"458","6226光鼎","110/08/23","永豐金-大園",1,50,-49
"459","6226光鼎","110/08/23","元大-板橋",51,4,47
"460","6226光鼎","110/08/23","永豐金-竹北",0,40,-40
"461","6226光鼎","110/08/23","港商法國興業",41,0,41
"462","6226光鼎","110/08/23","凱基-台中",10,46,-36
"463","6226光鼎","110/08/23","富邦-陽明",60,20,40
"464","6226光鼎","110/08/23","統一",0,35,-35
"465","6226光鼎","110/08/23","華南永昌-中正",38,0,38
"466","6226光鼎","110/08/23","國泰-板橋",13,47,-34
"467","6226光鼎","110/08/23","美商高盛",120,86,34
"468","6226光鼎","110/08/23","富邦-岡山",0,34,-34
"469","6226光鼎","110/08/23","永豐金-虎尾",54,21,33
"470","6226光鼎","110/08/23","元富-城中",4,37,-33
"471","6226光鼎","110/08/23","元大-中壢",43,11,32
"472","6226光鼎","110/08/23","永豐金-中盛",2,35,-33
"473","6226光鼎","110/08/23","元大-松山",30,0,30
"474","6226光鼎","110/08/23","新光",29,60,-31
"475","6226光鼎","110/08/23","華南永昌-麻豆",29,0,29
"476","6226光鼎","110/08/23","第一金-台南",3,28,-25
"477","6226光鼎","110/08/23","國泰-敦南",108,80,28
"478","6226光鼎","110/08/23","元富-同大",0,23,-23
"479","6226光鼎","110/08/23","凱基-內埔",31,10,21
"480","6226光鼎","110/08/23","元大-高雄",0,23,-23
"481","2363矽統","110/08/23","摩根大通",2511,676,1835
"482","2363矽統","110/08/23","凱基-南崁",11,1553,-1542
"483","2363矽統","110/08/23","凱基-台北",1871,888,983
"484","2363矽統","110/08/23","玉山-台中",25,549,-524
"485","2363矽統","110/08/23","合庫-基隆",965,24,941
"486","2363矽統","110/08/23","台灣摩根士丹利",0,504,-504
"487","2363矽統","110/08/23","瑞士信貸",553,0,553
"488","2363矽統","110/08/23","永豐金-板盛",4,302,-298
"489","2363矽統","110/08/23","美商高盛",1636,1099,537
"490","2363矽統","110/08/23","大展",13,289,-276
"491","2363矽統","110/08/23","港商野村",2021,1501,520
"492","2363矽統","110/08/23","元大-汐止",123,391,-268
"493","2363矽統","110/08/23","美林",395,80,315
"494","2363矽統","110/08/23","台新證券",332,525,-193
"495","2363矽統","110/08/23","富邦-苗栗",360,53,307
"496","2363矽統","110/08/23","富邦-新竹",45,201,-156
"497","2363矽統","110/08/23","統一-土城",254,6,248
"498","2363矽統","110/08/23","群益金鼎-桃園",4,107,-103
"499","2363矽統","110/08/23","統一-仁愛",281,48,233
"500","2363矽統","110/08/23","台新-屏東",58,156,-98
"501","2363矽統","110/08/23","統一-敦南",261,40,221
"502","2363矽統","110/08/23","元富-永和",9,103,-94
"503","2363矽統","110/08/23","統一-城中",276,57,219
"504","2363矽統","110/08/23","富邦-新店",19,107,-88
"505","2363矽統","110/08/23","群益金鼎-敦南",209,13,196
"506","2363矽統","110/08/23","群益金鼎-南京",24,111,-87
"507","2363矽統","110/08/23","華南永昌-林口",174,12,162
"508","2363矽統","110/08/23","台新-左楠",4,88,-84
"509","2363矽統","110/08/23","元大-淡水",210,57,153
"510","2363矽統","110/08/23","元大-沙鹿",58,137,-79
"511","8112至上","110/08/23","美林",116,9,107
"512","8112至上","110/08/23","群益金鼎-基隆",0,172,-172
"513","8112至上","110/08/23","摩根大通",133,59,74
"514","8112至上","110/08/23","香港上海匯豐",0,120,-120
"515","8112至上","110/08/23","第一金-桃園",99,30,69
"516","8112至上","110/08/23","台灣摩根士丹利",0,110,-110
"517","8112至上","110/08/23","凱基-台北",129,78,51
"518","8112至上","110/08/23","群益金鼎",0,100,-100
"519","8112至上","110/08/23","元大-成功",50,1,49
"520","8112至上","110/08/23","元大-佳里",5,92,-87
"521","8112至上","110/08/23","日盛-花蓮",40,0,40
"522","8112至上","110/08/23","港商野村",77,140,-63
"523","8112至上","110/08/23","國票-天祥",40,0,40
"524","8112至上","110/08/23","元大-永和",0,45,-45
"525","8112至上","110/08/23","群益金鼎-板橋",40,0,40
"526","8112至上","110/08/23","富邦-仁愛",31,66,-35
"527","8112至上","110/08/23","元大-萬華",49,10,39
"528","8112至上","110/08/23","日盛-文化",0,26,-26
"529","8112至上","110/08/23","合庫-西台中",40,5,35
"530","8112至上","110/08/23","元富-佳里",4,30,-26
"531","8112至上","110/08/23","瑞士信貸",33,0,33
"532","8112至上","110/08/23","第一金-大稻埕",0,25,-25
"533","8112至上","110/08/23","中國信託-永康",31,0,31
"534","8112至上","110/08/23","大慶-蘆洲",0,22,-22
"535","8112至上","110/08/23","亞東",30,0,30
"536","8112至上","110/08/23","永豐金-敦南",2,23,-21
"537","8112至上","110/08/23","亞東-台中",26,0,26
"538","8112至上","110/08/23","台中銀",0,20,-20
"539","8112至上","110/08/23","富邦-北港",35,11,24
"540","8112至上","110/08/23","兆豐-西螺",0,20,-20
"541","1570力肯","110/08/23","國票-和平",39,0,39
"542","1570力肯","110/08/23","統一",0,28,-28
"543","1570力肯","110/08/23","摩根大通",22,1,21
"544","1570力肯","110/08/23","群益金鼎-東門",0,20,-20
"545","1570力肯","110/08/23","臺銀",18,0,18
"546","1570力肯","110/08/23","中國信託-嘉義",0,15,-15
"547","1570力肯","110/08/23","台新-台中",18,0,18
"548","1570力肯","110/08/23","台新證券",0,15,-15
"549","1570力肯","110/08/23","凱基-台北",25,8,17
"550","1570力肯","110/08/23","元富-世貿",0,10,-10
"551","1570力肯","110/08/23","中農",10,0,10
"552","1570力肯","110/08/23","國票-博愛",0,10,-10
"553","1570力肯","110/08/23","瑞士信貸",5,0,5
"554","1570力肯","110/08/23","元富-新興",0,9,-9
"555","1570力肯","110/08/23","兆豐-松德",5,0,5
"556","1570力肯","110/08/23","新光",0,9,-9
"557","1570力肯","110/08/23","凱基-高美館",5,0,5
"558","1570力肯","110/08/23","元大-四維",1,7,-6
"559","1570力肯","110/08/23","凱基-幸福",5,0,5
"560","1570力肯","110/08/23","元大-淡水",0,4,-4
"561","1570力肯","110/08/23","元大-和平",20,15,5
"562","1570力肯","110/08/23","元大-民生",0,4,-4
"563","1570力肯","110/08/23","元大-草屯",5,0,5
"564","1570力肯","110/08/23","元大-東港",0,4,-4
"565","1570力肯","110/08/23","日盛-中壢",4,0,4
"566","1570力肯","110/08/23","永豐金-松山",0,4,-4
"567","1570力肯","110/08/23","國票-天祥",3,0,3
"568","1570力肯","110/08/23","日盛-景美",0,3,-3
"569","1570力肯","110/08/23","台灣企銀-屏東",2,0,2
"570","1570力肯","110/08/23","中國信託-新竹",0,3,-3
"571","2929淘帝","110/08/23","凱基-台北",27,2,25
"572","2929淘帝","110/08/23","花旗環球",0,22,-22
"573","2929淘帝","110/08/23","元大-太平",23,0,23
"574","2929淘帝","110/08/23","宏遠-館前",0,20,-20
"575","2929淘帝","110/08/23","元大-萬華",20,0,20
"576","2929淘帝","110/08/23","富邦-高雄",0,20,-20
"577","2929淘帝","110/08/23","港商野村",14,0,14
"578","2929淘帝","110/08/23","兆豐-北高雄",0,17,-17
"579","2929淘帝","110/08/23","摩根大通",14,0,14
"580","2929淘帝","110/08/23","致和-高雄",0,10,-10
"581","2929淘帝","110/08/23","富邦-陽明",11,0,11
"582","2929淘帝","110/08/23","康和-內湖",0,10,-10
"583","2929淘帝","110/08/23","元大-文心興安",10,0,10
"584","2929淘帝","110/08/23","元大-沙鹿",0,9,-9
"585","2929淘帝","110/08/23","永豐金-大園",10,0,10
"586","2929淘帝","110/08/23","元大-豐原站前",0,8,-8
"587","2929淘帝","110/08/23","凱基-林口",7,0,7
"588","2929淘帝","110/08/23","高橋-龍潭",0,7,-7
"589","2929淘帝","110/08/23","新加坡商瑞銀",9,3,6
"590","2929淘帝","110/08/23","臺銀-高雄",0,6,-6
"591","2929淘帝","110/08/23","日盛-員林",5,0,5
"592","2929淘帝","110/08/23","元富-新竹",0,6,-6
"593","2929淘帝","110/08/23","元大-虎尾",5,0,5
"594","2929淘帝","110/08/23","富邦-竹北",0,6,-6
"595","2929淘帝","110/08/23","美林",6,2,4
"596","2929淘帝","110/08/23","元大-莒光",0,5,-5
"597","2929淘帝","110/08/23","港商法國興業",4,0,4
"598","2929淘帝","110/08/23","元大-左營",0,5,-5
"599","2929淘帝","110/08/23","凱基-東門",4,0,4
"600","2929淘帝","110/08/23","元大-鹿港",0,5,-5
"601","5410國眾","110/08/23","港商野村",14,0,14
"602","5410國眾","110/08/23","元大-崇德",0,22,-22
"603","5410國眾","110/08/23","凱基-台北",14,3,11
"604","5410國眾","110/08/23","元大-清水",0,15,-15
"605","5410國眾","110/08/23","凱基-科園",10,0,10
"606","5410國眾","110/08/23","元大-金華",0,10,-10
"607","5410國眾","110/08/23","華南永昌-高雄",7,0,7
"608","5410國眾","110/08/23","元大-中壢",0,9,-9
"609","5410國眾","110/08/23","新加坡商瑞銀",6,0,6
"610","5410國眾","110/08/23","日盛-台中",0,8,-8
"611","5410國眾","110/08/23","國泰-台中",5,0,5
"612","5410國眾","110/08/23","元大-前金",0,6,-6
"613","5410國眾","110/08/23","國泰-桃園",5,0,5
"614","5410國眾","110/08/23","華南永昌-公誠",0,5,-5
"615","5410國眾","110/08/23","華南永昌-淡水",5,0,5
"616","5410國眾","110/08/23","臺銀-高雄",0,4,-4
"617","5410國眾","110/08/23","新光",2,0,2
"618","5410國眾","110/08/23","華南永昌-鶯歌",1,5,-4
"619","5410國眾","110/08/23","國泰-台南",2,0,2
"620","5410國眾","110/08/23","元富-烏日",0,3,-3
"621","5410國眾","110/08/23","凱基-桃園",2,0,2
"622","5410國眾","110/08/23","富邦-桃園",0,3,-3
"623","5410國眾","110/08/23","富邦-建國",2,0,2
"624","5410國眾","110/08/23","元大-發財",0,2,-2
"625","5410國眾","110/08/23","永豐金-敦北",2,0,2
"626","5410國眾","110/08/23","元大-雙和",0,2,-2
"627","5410國眾","110/08/23","日盛-園區",1,0,1
"628","5410國眾","110/08/23","日盛-中和",0,1,-1
"629","5410國眾","110/08/23","第一金-中壢",1,0,1
"630","5410國眾","110/08/23","彰銀",0,1,-1
"631","2841台開","110/08/23","宏遠-館前",300,0,300
"632","2841台開","110/08/23","台中銀",0,74,-74
"633","2841台開","110/08/23","第一金",54,0,54
"634","2841台開","110/08/23","港商野村",0,62,-62
"635","2841台開","110/08/23","元大-仁愛",38,0,38
"636","2841台開","110/08/23","永豐金-敦南",10,58,-48
"637","2841台開","110/08/23","合庫-三重",15,0,15
"638","2841台開","110/08/23","台新-三民",0,39,-39
"639","2841台開","110/08/23","玉山-新竹",15,0,15
"640","2841台開","110/08/23","日盛證券",0,27,-27
"641","2841台開","110/08/23","元大-大里德芳",10,0,10
"642","2841台開","110/08/23","新光",13,37,-24
"643","2841台開","110/08/23","元大-新莊",10,0,10
"644","2841台開","110/08/23","凱基-虎尾",0,20,-20
"645","2841台開","110/08/23","元富-緯城",5,0,5
"646","2841台開","110/08/23","永豐金-忠孝",0,20,-20
"647","2841台開","110/08/23","第一金-台南",4,0,4
"648","2841台開","110/08/23","富邦-板橋",0,19,-19
"649","2841台開","110/08/23","富邦-岡山",4,0,4
"650","2841台開","110/08/23","凱基-東港",0,15,-15
"651","2841台開","110/08/23","元大-虎尾",4,0,4
"652","2841台開","110/08/23","國泰-敦南",0,11,-11
"653","2841台開","110/08/23","元大-學甲",2,0,2
"654","2841台開","110/08/23","元大-竹北",0,10,-10
"655","2841台開","110/08/23","元大-草屯",2,0,2
"656","2841台開","110/08/23","元大-彰化",1,11,-10
"657","2841台開","110/08/23","台中銀-員林",1,0,1
"658","2841台開","110/08/23","元大-北三重",0,10,-10
"659","2841台開","110/08/23","台新-新營",1,0,1
"660","2841台開","110/08/23","國泰-桃園",1,9,-8
"661","6207雷科","110/08/23","摩根大通",29,6,23
"662","6207雷科","110/08/23","元大-高雄",0,75,-75
"663","6207雷科","110/08/23","凱基-台北",18,3,15
"664","6207雷科","110/08/23","華南永昌-世貿",0,38,-38
"665","6207雷科","110/08/23","安泰-楠梓",11,0,11
"666","6207雷科","110/08/23","凱基-高雄",0,13,-13
"667","6207雷科","110/08/23","凱基-頭份",12,1,11
"668","6207雷科","110/08/23","港商野村",7,19,-12
"669","6207雷科","110/08/23","群益金鼎-中壢",10,0,10
"670","6207雷科","110/08/23","新加坡商瑞銀",1,13,-12
"671","6207雷科","110/08/23","統一-中壢",9,0,9
"672","6207雷科","110/08/23","元大-新莊",0,7,-7
"673","6207雷科","110/08/23","元大-敦南",9,0,9
"674","6207雷科","110/08/23","兆豐-公益",0,6,-6
"675","6207雷科","110/08/23","瑞士信貸",8,0,8
"676","6207雷科","110/08/23","合庫-高雄",0,5,-5
"677","6207雷科","110/08/23","兆豐-嘉義",8,0,8
"678","6207雷科","110/08/23","宏遠-高雄",0,5,-5
"679","6207雷科","110/08/23","華南永昌-古亭",7,0,7
"680","6207雷科","110/08/23","凱基-板橋",0,5,-5
"681","6207雷科","110/08/23","富邦-陽明",7,0,7
"682","6207雷科","110/08/23","群益金鼎-三民",0,4,-4
"683","6207雷科","110/08/23","日盛-員林",6,0,6
"684","6207雷科","110/08/23","群益金鼎-東門",0,4,-4
"685","6207雷科","110/08/23","德信-新營",5,0,5
"686","6207雷科","110/08/23","富邦-羅東",0,4,-4
"687","6207雷科","110/08/23","凱基-高美館",5,0,5
"688","6207雷科","110/08/23","元富-虎尾",0,3,-3
"689","6207雷科","110/08/23","玉山-高雄",4,0,4
"690","6207雷科","110/08/23","國泰-桃園",0,3,-3
"691","3679新至陞","110/08/23","永豐金-南投",17,0,17
"692","3679新至陞","110/08/23","港商法國興業",0,8,-8
"693","3679新至陞","110/08/23","元富-埔里",9,0,9
"694","3679新至陞","110/08/23","凱基-長庚",0,8,-8
"695","3679新至陞","110/08/23","(牛牛牛)亞-網路",7,0,7
"696","3679新至陞","110/08/23","宏遠-光隆",0,6,-6
"697","3679新至陞","110/08/23","美林",7,1,6
"698","3679新至陞","110/08/23","玉山-高雄",0,5,-5
"699","3679新至陞","110/08/23","台灣摩根士丹利",5,0,5
"700","3679新至陞","110/08/23","群益金鼎-高盛",0,3,-3
"701","3679新至陞","110/08/23","瑞士信貸",6,1,5
"702","3679新至陞","110/08/23","華南永昌-林口",0,3,-3
"703","3679新至陞","110/08/23","元大-樹林",5,0,5
"704","3679新至陞","110/08/23","元大證券",0,3,-3
"705","3679新至陞","110/08/23","元大-文心興安",6,2,4
"706","3679新至陞","110/08/23","元大-小港",0,3,-3
"707","3679新至陞","110/08/23","凱基-台北",3,0,3
"708","3679新至陞","110/08/23","統一-敦南",0,2,-2
"709","3679新至陞","110/08/23","臺銀",2,0,2
"710","3679新至陞","110/08/23","元富-大昌",0,2,-2
"711","3679新至陞","110/08/23","臺銀-臺中",3,1,2
"712","3679新至陞","110/08/23","玉山-新莊",0,2,-2
"713","3679新至陞","110/08/23","新光-高雄",2,0,2
"714","3679新至陞","110/08/23","群益金鼎-三民",0,2,-2
"715","3679新至陞","110/08/23","華南永昌",2,0,2
"716","3679新至陞","110/08/23","富邦-新竹",0,2,-2
"717","3679新至陞","110/08/23","日盛-二林",1,0,1
"718","3679新至陞","110/08/23","元大-敦化",0,2,-2
"719","3679新至陞","110/08/23","新加坡商瑞銀",1,0,1
"720","3679新至陞","110/08/23","永豐金-內湖",0,2,-2
"721","2727王品","110/08/23","凱基-台北",163,48,115
"722","2727王品","110/08/23","港商麥格理",0,51,-51
"723","2727王品","110/08/23","台灣摩根士丹利",62,0,62
"724","2727王品","110/08/23","國票-南港",0,50,-50
"725","2727王品","110/08/23","元大-台中中港",58,0,58
"726","2727王品","110/08/23","台新證券",9,35,-26
"727","2727王品","110/08/23","美林",48,0,48
"728","2727王品","110/08/23","元大-景美",2,21,-19
"729","2727王品","110/08/23","摩根大通",73,41,32
"730","2727王品","110/08/23","大慶-台南",0,15,-15
"731","2727王品","110/08/23","港商野村",61,35,26
"732","2727王品","110/08/23","中國信託-高雄",1,15,-14
"733","2727王品","110/08/23","統一",21,4,17
"734","2727王品","110/08/23","永豐金-市政",2,13,-11
"735","2727王品","110/08/23","群益金鼎-大興",15,0,15
"736","2727王品","110/08/23","第一金-桃園",0,10,-10
"737","2727王品","110/08/23","台灣企銀",12,0,12
"738","2727王品","110/08/23","玉山證券",1,11,-10
"739","2727王品","110/08/23","新加坡商瑞銀",11,0,11
"740","2727王品","110/08/23","凱基-三重",0,10,-10
"741","2727王品","110/08/23","統一-三重",10,0,10
"742","2727王品","110/08/23","富邦-建國",0,10,-10
"743","2727王品","110/08/23","永豐金-竹科",13,3,10
"744","2727王品","110/08/23","美商高盛",7,16,-9
"745","2727王品","110/08/23","合庫-台中",10,1,9
"746","2727王品","110/08/23","群益金鼎-三重",0,9,-9
"747","2727王品","110/08/23","香港上海匯豐",9,0,9
"748","2727王品","110/08/23","群益金鼎-宜蘭",0,9,-9
"749","2727王品","110/08/23","凱基-台南",10,2,8
"750","2727王品","110/08/23","凱基-高美館",0,9,-9
"751","1570力肯","110/08/23","國票-和平",39,0,39
"752","1570力肯","110/08/23","統一",0,28,-28
"753","1570力肯","110/08/23","摩根大通",22,1,21
"754","1570力肯","110/08/23","群益金鼎-東門",0,20,-20
"755","1570力肯","110/08/23","臺銀",18,0,18
"756","1570力肯","110/08/23","中國信託-嘉義",0,15,-15
"757","1570力肯","110/08/23","台新-台中",18,0,18
"758","1570力肯","110/08/23","台新證券",0,15,-15
"759","1570力肯","110/08/23","凱基-台北",25,8,17
"760","1570力肯","110/08/23","元富-世貿",0,10,-10
"761","1570力肯","110/08/23","中農",10,0,10
"762","1570力肯","110/08/23","國票-博愛",0,10,-10
"763","1570力肯","110/08/23","瑞士信貸",5,0,5
"764","1570力肯","110/08/23","元富-新興",0,9,-9
"765","1570力肯","110/08/23","兆豐-松德",5,0,5
"766","1570力肯","110/08/23","新光",0,9,-9
"767","1570力肯","110/08/23","凱基-高美館",5,0,5
"768","1570力肯","110/08/23","元大-四維",1,7,-6
"769","1570力肯","110/08/23","凱基-幸福",5,0,5
"770","1570力肯","110/08/23","元大-淡水",0,4,-4
"771","1570力肯","110/08/23","元大-和平",20,15,5
"772","1570力肯","110/08/23","元大-民生",0,4,-4
"773","1570力肯","110/08/23","元大-草屯",5,0,5
"774","1570力肯","110/08/23","元大-東港",0,4,-4
"775","1570力肯","110/08/23","日盛-中壢",4,0,4
"776","1570力肯","110/08/23","永豐金-松山",0,4,-4
"777","1570力肯","110/08/23","國票-天祥",3,0,3
"778","1570力肯","110/08/23","日盛-景美",0,3,-3
"779","1570力肯","110/08/23","台灣企銀-屏東",2,0,2
"780","1570力肯","110/08/23","中國信託-新竹",0,3,-3
"781","6180橘子","110/08/23","凱基-台北",107,15,92
"782","6180橘子","110/08/23","國泰-館前",2,28,-26
"783","6180橘子","110/08/23","美林",50,0,50
"784","6180橘子","110/08/23","元大-中壢",0,22,-22
"785","6180橘子","110/08/23","摩根大通",66,24,42
"786","6180橘子","110/08/23","華南永昌-鶯歌",0,21,-21
"787","6180橘子","110/08/23","港商野村",38,2,36
"788","6180橘子","110/08/23","台灣企銀-屏東",0,18,-18
"789","6180橘子","110/08/23","元富-高雄",22,0,22
"790","6180橘子","110/08/23","永豐金-中壢",0,18,-18
"791","6180橘子","110/08/23","元大-上新莊",21,0,21
"792","6180橘子","110/08/23","兆豐-台中",0,17,-17
"793","6180橘子","110/08/23","福勝",19,1,18
"794","6180橘子","110/08/23","新光-高雄",1,18,-17
"795","6180橘子","110/08/23","富邦-內湖",13,2,11
"796","6180橘子","110/08/23","台灣摩根士丹利",9,21,-12
"797","6180橘子","110/08/23","永豐金證券",11,0,11
"798","6180橘子","110/08/23","富邦-永和",0,12,-12
"799","6180橘子","110/08/23","彰銀-七賢",10,0,10
"800","6180橘子","110/08/23","合庫-自強",0,11,-11
"801","6180橘子","110/08/23","中國信託-高雄",10,0,10
"802","6180橘子","110/08/23","元大-發財",0,11,-11
"803","6180橘子","110/08/23","兆豐-埔墘",10,0,10
"804","6180橘子","110/08/23","第一金-新興",0,10,-10
"805","6180橘子","110/08/23","群益金鼎-敦南",10,0,10
"806","6180橘子","110/08/23","統一-中壢",0,10,-10
"807","6180橘子","110/08/23","元大-台南",10,0,10
"808","6180橘子","110/08/23","台新-屏東",0,10,-10
"809","6180橘子","110/08/23","元大-左營",11,1,10
"810","6180橘子","110/08/23","元大-旗山",0,10,-10
"811","2390云辰","110/08/23","元大-土城學府",197,0,197
"812","2390云辰","110/08/23","凱基-台北",87,301,-214
"813","2390云辰","110/08/23","新光-台中",154,34,120
"814","2390云辰","110/08/23","兆豐-公益",4,173,-169
"815","2390云辰","110/08/23","宏遠證券",100,0,100
"816","2390云辰","110/08/23","國票-博愛",65,200,-135
"817","2390云辰","110/08/23","凱基-林口",92,0,92
"818","2390云辰","110/08/23","群益金鼎-三重",8,112,-104
"819","2390云辰","110/08/23","統一-新台中",83,1,82
"820","2390云辰","110/08/23","日盛-園區",4,104,-100
"821","2390云辰","110/08/23","凱基-竹北",62,8,54
"822","2390云辰","110/08/23","凱基-屏東",1,101,-100
"823","2390云辰","110/08/23","華南永昌-公誠",66,15,51
"824","2390云辰","110/08/23","富邦-花蓮",2,100,-98
"825","2390云辰","110/08/23","國泰-敦南",172,129,43
"826","2390云辰","110/08/23","摩根大通",83,162,-79
"827","2390云辰","110/08/23","統一-新竹",44,7,37
"828","2390云辰","110/08/23","元富-花蓮",2,74,-72
"829","2390云辰","110/08/23","元大-沙鹿",73,39,34
"830","2390云辰","110/08/23","第一金-安和",32,101,-69
"831","2390云辰","110/08/23","元大-新盛",47,16,31
"832","2390云辰","110/08/23","美商高盛",26,92,-66
"833","2390云辰","110/08/23","華南永昌-鳳山",29,3,26
"834","2390云辰","110/08/23","統一-三重",6,71,-65
"835","2390云辰","110/08/23","大昌-樹林",34,9,25
"836","2390云辰","110/08/23","富邦-嘉義",195,260,-65
"837","2390云辰","110/08/23","富邦-陽明",59,34,25
"838","2390云辰","110/08/23","元大-忠孝鼎富",0,50,-50
"839","2390云辰","110/08/23","富邦-宜蘭",28,3,25
"840","2390云辰","110/08/23","統一-城中",7,53,-46
"841","1315達新","110/08/20","日盛-和美",16,0,16
"842","1315達新","110/08/20","香港上海匯豐",0,41,-41
"843","1315達新","110/08/20","元富-成功",10,0,10
"844","1315達新","110/08/20","元大-文心興安",2,36,-34
"845","1315達新","110/08/20","兆豐-台中",10,0,10
"846","1315達新","110/08/20","港商麥格理",0,26,-26
"847","1315達新","110/08/20","凱基-中港",10,0,10
"848","1315達新","110/08/20","元富",0,14,-14
"849","1315達新","110/08/20","元大-桃園",8,0,8
"850","1315達新","110/08/20","元富-敦南",0,8,-8
"851","1315達新","110/08/20","凱基-高美館",7,0,7
"852","1315達新","110/08/20","凱基-台北",7,15,-8
"853","1315達新","110/08/20","統一",5,0,5
"854","1315達新","110/08/20","元大-花蓮",2,10,-8
"855","1315達新","110/08/20","中國信託-高雄",5,0,5
"856","1315達新","110/08/20","摩根大通",0,7,-7
"857","1315達新","110/08/20","致和-東門",5,0,5
"858","1315達新","110/08/20","(牛牛牛)亞證券",0,6,-6
"859","1315達新","110/08/20","國票-北高雄",5,0,5
"860","1315達新","110/08/20","群益金鼎-鳳山",0,6,-6
"861","1315達新","110/08/20","國票-桃園",5,0,5
"862","1315達新","110/08/20","美林",3,8,-5
"863","1315達新","110/08/20","凱基-高雄",5,0,5
"864","1315達新","110/08/20","玉山-大里",0,4,-4
"865","1315達新","110/08/20","凱基-大安",5,0,5
"866","1315達新","110/08/20","國票-安和",1,4,-3
"867","1315達新","110/08/20","新光",5,1,4
"868","1315達新","110/08/20","永興-台中",0,1,-1
"869","1315達新","110/08/20","國泰-敦南",4,0,4
"870","1315達新","110/08/20","光和-花壇",0,1,-1
"871","2609陽明","110/08/20","摩根大通",7094,4108,2986
"872","2609陽明","110/08/20","富邦證券",916,4167,-3251
"873","2609陽明","110/08/20","凱基-台北",3009,829,2180
"874","2609陽明","110/08/20","瑞士信貸",1961,3747,-1786
"875","2609陽明","110/08/20","永豐金-信義",2022,49,1973
"876","2609陽明","110/08/20","美林",3367,4938,-1571
"877","2609陽明","110/08/20","富邦-虎尾",14038,12509,1529
"878","2609陽明","110/08/20","元大證券",1688,3204,-1516
"879","2609陽明","110/08/20","華南永昌-竹北",2009,531,1478
"880","2609陽明","110/08/20","凱基-高美館",303,786,-483
"881","2609陽明","110/08/20","群益金鼎-大安",1208,64,1144
"882","2609陽明","110/08/20","日盛-板橋",125,587,-462
"883","2609陽明","110/08/20","康和",5625,4754,871
"884","2609陽明","110/08/20","富邦-北港",163,571,-408
"885","2609陽明","110/08/20","兆豐-虎尾",919,77,842
"886","2609陽明","110/08/20","凱基-台南",165,557,-392
"887","2609陽明","110/08/20","新加坡商瑞銀",1133,390,743
"888","2609陽明","110/08/20","元大-樹林",215,599,-384
"889","2609陽明","110/08/20","統一-仁愛",1379,702,677
"890","2609陽明","110/08/20","富邦-台中",246,596,-350
"891","2609陽明","110/08/20","美商高盛",1051,452,599
"892","2609陽明","110/08/20","凱基-復興",141,467,-326
"893","2609陽明","110/08/20","凱基-市府",658,82,576
"894","2609陽明","110/08/20","台新-高雄",483,807,-324
"895","2609陽明","110/08/20","元大-新莊",665,169,496
"896","2609陽明","110/08/20","日盛證券",323,619,-296
"897","2609陽明","110/08/20","台灣摩根士丹利",773,365,408
"898","2609陽明","110/08/20","法銀巴黎",0,292,-292
"899","2609陽明","110/08/20","日盛-雙和",550,197,353
"900","2609陽明","110/08/20","元大-北投",454,729,-275
"901","2636台驊投控","110/08/20","摩根大通",709,415,294
"902","2636台驊投控","110/08/20","台灣摩根士丹利",146,252,-106
"903","2636台驊投控","110/08/20","台新-台中",176,64,112
"904","2636台驊投控","110/08/20","港商野村",1266,1357,-91
"905","2636台驊投控","110/08/20","統一",191,91,100
"906","2636台驊投控","110/08/20","美林",246,335,-89
"907","2636台驊投控","110/08/20","永豐金-萬盛",136,39,97
"908","2636台驊投控","110/08/20","宏遠-新化",1,75,-74
"909","2636台驊投控","110/08/20","永豐金-南京",105,33,72
"910","2636台驊投控","110/08/20","群益金鼎-竹南",5,69,-64
"911","2636台驊投控","110/08/20","日盛-景美",102,32,70
"912","2636台驊投控","110/08/20","日盛-大墩",4,56,-52
"913","2636台驊投控","110/08/20","日盛證券",154,103,51
"914","2636台驊投控","110/08/20","第一金-台中",5,56,-51
"915","2636台驊投控","110/08/20","第一金-桃園",54,7,47
"916","2636台驊投控","110/08/20","日盛-宜蘭",2,52,-50
"917","2636台驊投控","110/08/20","統一-基隆",47,5,42
"918","2636台驊投控","110/08/20","兆豐-南京",0,49,-49
"919","2636台驊投控","110/08/20","元富-城東",63,22,41
"920","2636台驊投控","110/08/20","合庫-新竹",4,47,-43
"921","2636台驊投控","110/08/20","富邦-建國",67,35,32
"922","2636台驊投控","110/08/20","統一-城中",6,33,-27
"923","2636台驊投控","110/08/20","元大-桃興",40,10,30
"924","2636台驊投控","110/08/20","凱基-科園",7,34,-27
"925","2636台驊投控","110/08/20","土銀-南港",34,6,28
"926","2636台驊投控","110/08/20","新光",167,193,-26
"927","2636台驊投控","110/08/20","永豐金-台南",54,27,27
"928","2636台驊投控","110/08/20","群益金鼎-古亭",51,75,-24
"929","2636台驊投控","110/08/20","富邦-台北",45,19,26
"930","2636台驊投控","110/08/20","富邦-仁愛",51,74,-23
"931","2867三商壽","110/08/20","凱基-台北",225,43,182
"932","2867三商壽","110/08/20","宏遠證券",0,1023,-1023
"933","2867三商壽","110/08/20","元大-土城永寧",150,2,148
"934","2867三商壽","110/08/20","摩根大通",123,551,-428
"935","2867三商壽","110/08/20","新光",213,72,141
"936","2867三商壽","110/08/20","美商高盛",62,194,-132
"937","2867三商壽","110/08/20","臺銀-鳳山",131,26,105
"938","2867三商壽","110/08/20","國票-中正",0,130,-130
"939","2867三商壽","110/08/20","元大-屏東民生",100,0,100
"940","2867三商壽","110/08/20","美林",1,114,-113
"941","2867三商壽","110/08/20","元大-桃園",100,1,99
"942","2867三商壽","110/08/20","台灣摩根士丹利",31,107,-76
"943","2867三商壽","110/08/20","永豐金-埔里",94,20,74
"944","2867三商壽","110/08/20","富邦-中壢",1,75,-74
"945","2867三商壽","110/08/20","土銀-台中",60,0,60
"946","2867三商壽","110/08/20","華南永昌-南京",10,70,-60
"947","2867三商壽","110/08/20","臺銀-高雄",56,1,55
"948","2867三商壽","110/08/20","富邦-彰化",10,67,-57
"949","2867三商壽","110/08/20","統一-台南",55,0,55
"950","2867三商壽","110/08/20","凱基-高美館",0,50,-50
"951","2867三商壽","110/08/20","富邦-仁愛",53,0,53
"952","2867三商壽","110/08/20","港商野村",35,68,-33
"953","2867三商壽","110/08/20","富邦-台北",44,1,43
"954","2867三商壽","110/08/20","台新-高雄",1,31,-30
"955","2867三商壽","110/08/20","合庫-高雄",40,0,40
"956","2867三商壽","110/08/20","元大-北屯",9,36,-27
"957","2867三商壽","110/08/20","華南永昌-虎尾",50,10,40
"958","2867三商壽","110/08/20","法銀巴黎",1,27,-26
"959","2867三商壽","110/08/20","富邦-宜蘭",40,0,40
"960","2867三商壽","110/08/20","日盛-中壢",0,20,-20
"961","5521工信","110/08/20","元大-內湖",55,0,55
"962","5521工信","110/08/20","美商高盛",0,182,-182
"963","5521工信","110/08/20","日進",36,0,36
"964","5521工信","110/08/20","摩根大通",39,180,-141
"965","5521工信","110/08/20","兆豐-來福",30,0,30
"966","5521工信","110/08/20","凱基-台北",0,101,-101
"967","5521工信","110/08/20","元大-屏南",30,0,30
"968","5521工信","110/08/20","富邦-岡山",0,50,-50
"969","5521工信","110/08/20","台新證券",26,4,22
"970","5521工信","110/08/20","港商野村",0,41,-41
"971","5521工信","110/08/20","玉山-台大",25,5,20
"972","5521工信","110/08/20","台灣摩根士丹利",1,30,-29
"973","5521工信","110/08/20","群益金鼎-忠孝",20,0,20
"974","5521工信","110/08/20","群益金鼎-高雄",0,20,-20
"975","5521工信","110/08/20","富邦-台北",20,0,20
"976","5521工信","110/08/20","華南永昌-中正",0,20,-20
"977","5521工信","110/08/20","永豐金-中正",19,0,19
"978","5521工信","110/08/20","台新-新營",0,19,-19
"979","5521工信","110/08/20","統一-員林",15,0,15
"980","5521工信","110/08/20","華南永昌-彰化",2,20,-18
"981","5521工信","110/08/20","合庫-桃園",12,0,12
"982","5521工信","110/08/20","群益金鼎-潭子",0,15,-15
"983","5521工信","110/08/20","陽信-石牌",11,0,11
"984","5521工信","110/08/20","元大-板橋",0,15,-15
"985","5521工信","110/08/20","元大-基隆孝二",11,0,11
"986","5521工信","110/08/20","元大-南屯",1,15,-14
"987","5521工信","110/08/20","土銀-白河",10,0,10
"988","5521工信","110/08/20","永豐金-桃盛",0,10,-10
"989","5521工信","110/08/20","華南永昌-大安",10,0,10
"990","5521工信","110/08/20","聯邦-雙和",0,8,-8
"991","1471首利","110/08/20","富邦-員林",41,0,41
"992","1471首利","110/08/20","元大-草屯",1,100,-99
"993","1471首利","110/08/20","摩根大通",88,63,25
"994","1471首利","110/08/20","元富-民權",0,41,-41
"995","1471首利","110/08/20","永豐金-板盛",23,0,23
"996","1471首利","110/08/20","致和-府前",0,20,-20
"997","1471首利","110/08/20","台新證券",30,11,19
"998","1471首利","110/08/20","大慶-蘆洲",0,14,-14
"999","1471首利","110/08/20","日盛-高雄",15,0,15
"1000","1471首利","110/08/20","凱基-台北",3,16,-13
"1001","1471首利","110/08/20","瑞士信貸",36,21,15
"1002","1471首利","110/08/20","玉山-新莊",1,12,-11
"1003","1471首利","110/08/20","元大-成功",15,0,15
"1004","1471首利","110/08/20","日盛-樹林",0,10,-10
"1005","1471首利","110/08/20","元大-鳳山",13,0,13
"1006","1471首利","110/08/20","台中銀-豐原",0,10,-10
"1007","1471首利","110/08/20","美林",11,0,11
"1008","1471首利","110/08/20","國票-新莊",0,10,-10
"1009","1471首利","110/08/20","兆豐-西螺",10,0,10
"1010","1471首利","110/08/20","元大-開元",0,10,-10
"1011","1471首利","110/08/20","台新-台南",10,0,10
"1012","1471首利","110/08/20","新光",9,18,-9
"1013","1471首利","110/08/20","新光-台中",7,0,7
"1014","1471首利","110/08/20","元大-台中",0,8,-8
"1015","1471首利","110/08/20","凱基-長庚",7,0,7
"1016","1471首利","110/08/20","富邦-竹東",0,7,-7
"1017","1471首利","110/08/20","日盛-大墩",6,0,6
"1018","1471首利","110/08/20","元大-善化",0,7,-7
"1019","1471首利","110/08/20","國泰-敦南",6,0,6
"1020","1471首利","110/08/20","永豐金-忠孝",0,7,-7
"1021","2883開發金","110/08/20","美商高盛",5045,274,4771
"1022","2883開發金","110/08/20","元大-草屯",110,5813,-5703
"1023","2883開發金","110/08/20","摩根大通",6375,3996,2379
"1024","2883開發金","110/08/20","元大-雙和",35,5050,-5015
"1025","2883開發金","110/08/20","瑞士信貸",2180,184,1996
"1026","2883開發金","110/08/20","元富",228,2528,-2300
"1027","2883開發金","110/08/20","港商野村",4455,2645,1810
"1028","2883開發金","110/08/20","新光",2896,4495,-1599
"1029","2883開發金","110/08/20","美林",1695,187,1508
"1030","2883開發金","110/08/20","法銀巴黎",12,1549,-1537
"1031","2883開發金","110/08/20","凱基-台北",3659,2336,1323
"1032","2883開發金","110/08/20","統一",61,1390,-1329
"1033","2883開發金","110/08/20","富邦證券",1343,39,1304
"1034","2883開發金","110/08/20","台灣匯立證券",0,995,-995
"1035","2883開發金","110/08/20","臺銀",1447,177,1270
"1036","2883開發金","110/08/20","台灣摩根士丹利",1050,1929,-879
"1037","2883開發金","110/08/20","國泰證券",1228,72,1156
"1038","2883開發金","110/08/20","元大-前金",15,785,-770
"1039","2883開發金","110/08/20","華南永昌",1230,198,1032
"1040","2883開發金","110/08/20","元大-桃興",64,796,-732
"1041","2883開發金","110/08/20","元大證券",1137,317,820
"1042","2883開發金","110/08/20","宏遠-台南",80,759,-679
"1043","2883開發金","110/08/20","致和證券",819,0,819
"1044","2883開發金","110/08/20","合庫證券",245,861,-616
"1045","2883開發金","110/08/20","元大-善化",756,83,673
"1046","2883開發金","110/08/20","元大-大灣",46,660,-614
"1047","2883開發金","110/08/20","元大-新莊",731,108,623
"1048","2883開發金","110/08/20","國票-南港",32,641,-609
"1049","2883開發金","110/08/20","凱基",520,10,510
"1050","2883開發金","110/08/20","群益金鼎-開元",30,551,-521
"1051","6205詮欣","110/08/20","聯邦商銀",27,0,27
"1052","6205詮欣","110/08/20","凱基-新店",0,24,-24
"1053","6205詮欣","110/08/20","凱基-汐止",25,0,25
"1054","6205詮欣","110/08/20","元大-忠孝",0,18,-18
"1055","6205詮欣","110/08/20","元大-汐止",10,0,10
"1056","6205詮欣","110/08/20","瑞士信貸",0,17,-17
"1057","6205詮欣","110/08/20","臺銀-臺中",7,0,7
"1058","6205詮欣","110/08/20","摩根大通",2,11,-9
"1059","6205詮欣","110/08/20","統一-基隆",7,0,7
"1060","6205詮欣","110/08/20","日盛-永康",0,5,-5
"1061","6205詮欣","110/08/20","臺銀-高雄",6,0,6
"1062","6205詮欣","110/08/20","聯邦-興中",0,5,-5
"1063","6205詮欣","110/08/20","臺銀-民權",5,0,5
"1064","6205詮欣","110/08/20","華南永昌-公誠",0,5,-5
"1065","6205詮欣","110/08/20","亞東",4,0,4
"1066","6205詮欣","110/08/20","元大-西螺",0,5,-5
"1067","6205詮欣","110/08/20","玉山證券",4,0,4
"1068","6205詮欣","110/08/20","群益金鼎-永和",0,4,-4
"1069","6205詮欣","110/08/20","華南永昌-古亭",4,0,4
"1070","6205詮欣","110/08/20","元大-新竹經國",0,4,-4
"1071","6205詮欣","110/08/20","元大-博愛",4,0,4
"1072","6205詮欣","110/08/20","永興-大墩",0,3,-3
"1073","6205詮欣","110/08/20","元富-草屯",3,0,3
"1074","6205詮欣","110/08/20","國票-和平",0,3,-3
"1075","6205詮欣","110/08/20","合庫-鳳山",2,0,2
"1076","6205詮欣","110/08/20","國泰-敦南",0,3,-3
"1077","6205詮欣","110/08/20","日進",2,0,2
"1078","6205詮欣","110/08/20","華南永昌",0,3,-3
"1079","6205詮欣","110/08/20","凱基-苗栗",2,0,2
"1080","6205詮欣","110/08/20","永豐金-新竹",0,3,-3
"1081","1540喬福","110/08/20","富邦-員林",11,0,11
"1082","1540喬福","110/08/20","元大-北三重",0,12,-12
"1083","1540喬福","110/08/20","永豐金-鳳山",5,0,5
"1084","1540喬福","110/08/20","元大-土城永寧",0,10,-10
"1085","1540喬福","110/08/20","亞東",4,0,4
"1086","1540喬福","110/08/20","新光-新竹",1,6,-5
"1087","1540喬福","110/08/20","新光",3,0,3
"1088","1540喬福","110/08/20","富邦-台南",0,5,-5
"1089","1540喬福","110/08/20","日盛-頭份",2,0,2
"1090","1540喬福","110/08/20","元大-龍潭",0,5,-5
"1091","1540喬福","110/08/20","第一金-嘉義",2,0,2
"1092","1540喬福","110/08/20","日盛-台中",0,2,-2
"1093","1540喬福","110/08/20","兆豐-鹿港",2,0,2
"1094","1540喬福","110/08/20","元大-東港",0,1,-1
"1095","1540喬福","110/08/20","摩根大通",2,0,2
"1096","1540喬福","110/08/20","日盛-板橋",0,0,0
"1097","1540喬福","110/08/20","玉山-桃園",1,0,1
"1098","1540喬福","110/08/20","元富",1,1,0
"1099","1540喬福","110/08/20","凱基-台北",1,0,1
"1100","1540喬福","110/08/20","康和-板橋",0,0,0
"1101","1540喬福","110/08/20","凱基-嘉義",1,0,1
"1102","1540喬福","110/08/20","國泰-敦南",0,0,0
"1103","1540喬福","110/08/20","凱基-市府",1,0,1
"1104","1540喬福","110/08/20","群益金鼎-板橋",0,0,0
"1105","1540喬福","110/08/20","群益金鼎-潭子",1,0,1
"1106","1540喬福","110/08/20","富邦-桃園",0,0,0
"1107","1540喬福","110/08/20","台灣企銀-建成",1,0,1
"1108","1540喬福","110/08/20","元大-西門",0,0,0
"1109","1540喬福","110/08/20","國票-天祥",1,0,1
"1110","1540喬福","110/08/20","元大-草屯",0,0,0
"1111","2888新光金","110/08/20","元富",2479,10,2469
"1112","2888新光金","110/08/20","摩根大通",2428,8920,-6492
"1113","2888新光金","110/08/20","華南永昌",1300,1,1299
"1114","2888新光金","110/08/20","台灣摩根士丹利",272,5505,-5233
"1115","2888新光金","110/08/20","凱基-頭份",1104,10,1094
"1116","2888新光金","110/08/20","美商高盛",23,4545,-4522
"1117","2888新光金","110/08/20","新光",1484,401,1083
"1118","2888新光金","110/08/20","瑞士信貸",62,1483,-1421
"1119","2888新光金","110/08/20","元大證券",1044,239,805
"1120","2888新光金","110/08/20","港商法國興業",66,1075,-1009
"1121","2888新光金","110/08/20","國票-北高雄",711,0,711
"1122","2888新光金","110/08/20","元大-大雅",47,998,-951
"1123","2888新光金","110/08/20","兆豐-台中港",629,0,629
"1124","2888新光金","110/08/20","法銀巴黎",449,1363,-914
"1125","2888新光金","110/08/20","臺銀",509,9,500
"1126","2888新光金","110/08/20","國票-九鼎",27,911,-884
"1127","2888新光金","110/08/20","國泰-忠孝",491,53,438
"1128","2888新光金","110/08/20","港商野村",79,637,-558
"1129","2888新光金","110/08/20","國泰-敦南",466,37,429
"1130","2888新光金","110/08/20","群益金鼎-瑞豐",11,560,-549
"1131","2888新光金","110/08/20","台中銀",442,30,412
"1132","2888新光金","110/08/20","德信-和平",8,500,-492
"1133","2888新光金","110/08/20","富邦-南屯",429,30,399
"1134","2888新光金","110/08/20","元大-大天母",54,452,-398
"1135","2888新光金","110/08/20","元大-三重",338,11,327
"1136","2888新光金","110/08/20","合庫證券",34,393,-359
"1137","2888新光金","110/08/20","永豐金-大園",326,10,316
"1138","2888新光金","110/08/20","群益金鼎",16,358,-342
"1139","2888新光金","110/08/20","北城證券",306,6,300
"1140","2888新光金","110/08/20","群益金鼎-板橋",6,304,-298
"1141","1340勝悅","110/08/20","元富-成功",23,0,23
"1142","1340勝悅","110/08/20","摩根大通",0,13,-13
"1143","1340勝悅","110/08/20","華南永昌-高雄",11,0,11
"1144","1340勝悅","110/08/20","港商法國興業",0,10,-10
"1145","1340勝悅","110/08/20","統一-城中",8,2,6
"1146","1340勝悅","110/08/20","凱基-東勢",0,10,-10
"1147","1340勝悅","110/08/20","元大-北成功",6,0,6
"1148","1340勝悅","110/08/20","元大-楊梅",0,10,-10
"1149","1340勝悅","110/08/20","臺銀-臺中",5,0,5
"1150","1340勝悅","110/08/20","華南永昌-東昇",0,9,-9
"1151","1340勝悅","110/08/20","臺灣企銀-埔墘",5,0,5
"1152","1340勝悅","110/08/20","合庫-自強",0,5,-5
"1153","1340勝悅","110/08/20","日盛-板橋",5,0,5
"1154","1340勝悅","110/08/20","兆豐-新竹",0,5,-5
"1155","1340勝悅","110/08/20","美商高盛",4,0,4
"1156","1340勝悅","110/08/20","玉山-桃園",0,5,-5
"1157","1340勝悅","110/08/20","大昌",3,0,3
"1158","1340勝悅","110/08/20","元大-復北",0,5,-5
"1159","1340勝悅","110/08/20","台中銀",2,0,2
"1160","1340勝悅","110/08/20","兆豐-來福",0,4,-4
"1161","1340勝悅","110/08/20","新光-台中",2,0,2
"1162","1340勝悅","110/08/20","新光",0,4,-4
"1163","1340勝悅","110/08/20","群益金鼎-崇德",2,0,2
"1164","1340勝悅","110/08/20","瑞士信貸",0,3,-3
"1165","1340勝悅","110/08/20","群益金鼎-館前",2,0,2
"1166","1340勝悅","110/08/20","台新證券",0,3,-3
"1167","1340勝悅","110/08/20","華南永昌-忠孝",2,0,2
"1168","1340勝悅","110/08/20","臺銀-鳳山",0,2,-2
"1169","1340勝悅","110/08/20","富邦-北港",2,0,2
"1170","1340勝悅","110/08/20","美林",0,2,-2
"1171","6246臺龍","110/08/20","新光-台中",18,0,18
"1172","6246臺龍","110/08/20","元大-林園",0,20,-20
"1173","6246臺龍","110/08/20","凱基-台北",15,0,15
"1174","6246臺龍","110/08/20","凱基-永和",1,15,-14
"1175","6246臺龍","110/08/20","元大-台北",8,0,8
"1176","6246臺龍","110/08/20","凱基-竹北",0,12,-12
"1177","6246臺龍","110/08/20","元大-北屯",6,0,6
"1178","6246臺龍","110/08/20","富邦-桃園",0,6,-6
"1179","6246臺龍","110/08/20","臺銀-臺中",4,0,4
"1180","6246臺龍","110/08/20","國泰-敦南",0,5,-5
"1181","6246臺龍","110/08/20","元富-吉利",4,0,4
"1182","6246臺龍","110/08/20","日盛證券",0,3,-3
"1183","6246臺龍","110/08/20","凱基-內湖",4,0,4
"1184","6246臺龍","110/08/20","第一金-台南",0,3,-3
"1185","6246臺龍","110/08/20","富邦-建國",4,0,4
"1186","6246臺龍","110/08/20","第一金-桃園",0,3,-3
"1187","6246臺龍","110/08/20","宏遠-新化",3,0,3
"1188","6246臺龍","110/08/20","群益金鼎-北高雄",0,3,-3
"1189","6246臺龍","110/08/20","第一金-大稻埕",2,0,2
"1190","6246臺龍","110/08/20","凱基-虎尾",0,3,-3
"1191","6246臺龍","110/08/20","國票-敦北法人",2,0,2
"1192","6246臺龍","110/08/20","元大-博愛",0,3,-3
"1193","6246臺龍","110/08/20","群益金鼎-開元",2,0,2
"1194","6246臺龍","110/08/20","統一-新竹",0,2,-2
"1195","6246臺龍","110/08/20","元大-竹山",2,0,2
"1196","6246臺龍","110/08/20","元富-新店",0,2,-2
"1197","6246臺龍","110/08/20","元大-上新莊",2,0,2
"1198","6246臺龍","110/08/20","元富-烏日",0,2,-2
"1199","6246臺龍","110/08/20","元大-土城",2,0,2
"1200","6246臺龍","110/08/20","台新-中壢",0,2,-2
"1201","00715L期街口布蘭特正2","110/08/20","新光",1501,206,1295
"1202","00715L期街口布蘭特正2","110/08/20","元大證券",460,5183,-4723
"1203","00715L期街口布蘭特正2","110/08/20","富邦-南屯",671,15,656
"1204","00715L期街口布蘭特正2","110/08/20","合庫證券",9,3350,-3341
"1205","00715L期街口布蘭特正2","110/08/20","元大-復北",756,120,636
"1206","00715L期街口布蘭特正2","110/08/20","康和",603,2255,-1652
"1207","00715L期街口布蘭特正2","110/08/20","華南永昌",555,0,555
"1208","00715L期街口布蘭特正2","110/08/20","群益金鼎",0,1488,-1488
"1209","00715L期街口布蘭特正2","110/08/20","玉山證券",525,32,493
"1210","00715L期街口布蘭特正2","110/08/20","凱基-台北",57,1280,-1223
"1211","00715L期街口布蘭特正2","110/08/20","第一金-華江",472,1,471
"1212","00715L期街口布蘭特正2","110/08/20","統一-台中",34,1238,-1204
"1213","00715L期街口布蘭特正2","110/08/20","元大-西屯",412,0,412
"1214","00715L期街口布蘭特正2","110/08/20","國票",306,1276,-970
"1215","00715L期街口布蘭特正2","110/08/20","第一金-豐原",390,0,390
"1216","00715L期街口布蘭特正2","110/08/20","富邦證券",2234,2995,-761
"1217","00715L期街口布蘭特正2","110/08/20","元大-北港",374,0,374
"1218","00715L期街口布蘭特正2","110/08/20","日盛-新莊",221,825,-604
"1219","00715L期街口布蘭特正2","110/08/20","華南永昌-台中",379,10,369
"1220","00715L期街口布蘭特正2","110/08/20","台新-台中",169,711,-542
"1221","00715L期街口布蘭特正2","110/08/20","玉山-新竹",345,10,335
"1222","00715L期街口布蘭特正2","110/08/20","元富",0,507,-507
"1223","00715L期街口布蘭特正2","110/08/20","元大-草屯",413,88,325
"1224","00715L期街口布蘭特正2","110/08/20","台中銀",90,452,-362
"1225","00715L期街口布蘭特正2","110/08/20","日盛-二林",307,1,306
"1226","00715L期街口布蘭特正2","110/08/20","凱基-中壢",98,442,-344
"1227","00715L期街口布蘭特正2","110/08/20","凱基-站前",306,0,306
"1228","00715L期街口布蘭特正2","110/08/20","台新證券",312,644,-332
"1229","00715L期街口布蘭特正2","110/08/20","新光-台中",308,23,285
"1230","00715L期街口布蘭特正2","110/08/20","元大-林森",1,252,-251
"1231","8941關中","110/08/20","合庫-彰化",1,0,1
"1232","8941關中","110/08/20","大慶-富順",0,1,-1
"1233","8941關中","110/08/20","凱基-市府",1,0,1
"1234","8941關中","110/08/20","國泰-忠孝",0,1,-1
"1235","8941關中","110/08/20","玉山-台大",0,0,0
"1236","8941關中","110/08/20","玉山-台大",0,0,0
"1237","8941關中","110/08/20","國泰-高雄",0,0,0
"1238","8941關中","110/08/20","國泰-高雄",0,0,0
"1239","8941關中","110/08/20","元大-南投",0,0,0
"1240","8941關中","110/08/20","元大-南投",0,0,0
"1241","8941關中","110/08/20","永豐金-萬盛",0,0,0
"1242","8941關中","110/08/20","永豐金-萬盛",0,0,0
"1243","8941關中","110/08/20","永豐金-南投",0,0,0
"1244","8941關中","110/08/20","永豐金-南投",0,0,0
"1245","8941關中","110/08/20","",NA,NA,NA
"1246","8941關中","110/08/20","",NA,NA,NA
"1247","8941關中","110/08/20","",NA,NA,NA
"1248","8941關中","110/08/20","",NA,NA,NA
"1249","8941關中","110/08/20","",NA,NA,NA
"1250","8941關中","110/08/20","",NA,NA,NA
"1251","8941關中","110/08/20","",NA,NA,NA
"1252","8941關中","110/08/20","",NA,NA,NA
"1253","8941關中","110/08/20","",NA,NA,NA
"1254","8941關中","110/08/20","",NA,NA,NA
"1255","8941關中","110/08/20","",NA,NA,NA
"1256","8941關中","110/08/20","",NA,NA,NA
"1257","8941關中","110/08/20","",NA,NA,NA
"1258","8941關中","110/08/20","",NA,NA,NA
"1259","8941關中","110/08/20","",NA,NA,NA
"1260","8941關中","110/08/20","",NA,NA,NA
"1261","8936國統","110/08/20","美林",81,0,81
"1262","8936國統","110/08/20","國票-和平",0,75,-75
"1263","8936國統","110/08/20","宏遠-台南",82,29,53
"1264","8936國統","110/08/20","台灣摩根士丹利",9,55,-46
"1265","8936國統","110/08/20","台中銀-高雄",51,0,51
"1266","8936國統","110/08/20","美商高盛",6,33,-27
"1267","8936國統","110/08/20","富邦-岡山",35,0,35
"1268","8936國統","110/08/20","凱基-高美館",6,33,-27
"1269","8936國統","110/08/20","港商野村",73,43,30
"1270","8936國統","110/08/20","新光-台中",18,43,-25
"1271","8936國統","110/08/20","康和-高雄",30,0,30
"1272","8936國統","110/08/20","凱基-中山",0,17,-17
"1273","8936國統","110/08/20","瑞士信貸",15,0,15
"1274","8936國統","110/08/20","玉山-城中",3,17,-14
"1275","8936國統","110/08/20","兆豐-北高雄",14,0,14
"1276","8936國統","110/08/20","日盛-頭份",0,12,-12
"1277","8936國統","110/08/20","元大-汐止",11,0,11
"1278","8936國統","110/08/20","日盛-大墩",0,10,-10
"1279","8936國統","110/08/20","玉山-左營",10,0,10
"1280","8936國統","110/08/20","凱基-台北",34,44,-10
"1281","8936國統","110/08/20","元大-路竹",10,0,10
"1282","8936國統","110/08/20","元大-高雄",0,10,-10
"1283","8936國統","110/08/20","永豐金-南投",10,0,10
"1284","8936國統","110/08/20","元富-同大",0,8,-8
"1285","8936國統","110/08/20","臺銀",8,2,6
"1286","8936國統","110/08/20","元大-鑫永和",0,8,-8
"1287","8936國統","110/08/20","大昌-新店",5,0,5
"1288","8936國統","110/08/20","日盛-豐原",0,7,-7
"1289","8936國統","110/08/20","國票-內壢",5,0,5
"1290","8936國統","110/08/20","第一金-路竹",0,7,-7
"1291","6226光鼎","110/08/20","美商高盛",388,14,374
"1292","6226光鼎","110/08/20","國泰-台中",62,142,-80
"1293","6226光鼎","110/08/20","台灣摩根士丹利",347,26,321
"1294","6226光鼎","110/08/20","元大-北屯",27,101,-74
"1295","6226光鼎","110/08/20","元大-文心興安",238,8,230
"1296","6226光鼎","110/08/20","永豐金-竹科",0,69,-69
"1297","6226光鼎","110/08/20","美林",265,60,205
"1298","6226光鼎","110/08/20","臺銀-高雄",0,61,-61
"1299","6226光鼎","110/08/20","凱基-台北",211,59,152
"1300","6226光鼎","110/08/20","日盛-信義",0,60,-60
"1301","6226光鼎","110/08/20","摩根大通",172,72,100
"1302","6226光鼎","110/08/20","元大證券",18,76,-58
"1303","6226光鼎","110/08/20","新加坡商瑞銀",162,78,84
"1304","6226光鼎","110/08/20","中國信託",31,81,-50
"1305","6226光鼎","110/08/20","港商野村",168,89,79
"1306","6226光鼎","110/08/20","華南永昌-長虹",1,51,-50
"1307","6226光鼎","110/08/20","中國信託-永康",70,28,42
"1308","6226光鼎","110/08/20","富邦-板橋",6,55,-49
"1309","6226光鼎","110/08/20","致和-佳里",39,5,34
"1310","6226光鼎","110/08/20","土銀-彰化",8,53,-45
"1311","6226光鼎","110/08/20","兆豐-桃鶯",30,0,30
"1312","6226光鼎","110/08/20","新光",49,94,-45
"1313","6226光鼎","110/08/20","永豐金-中盛",38,10,28
"1314","6226光鼎","110/08/20","台新證券",86,129,-43
"1315","6226光鼎","110/08/20","凱基-站前",27,0,27
"1316","6226光鼎","110/08/20","元大-竹科",14,57,-43
"1317","6226光鼎","110/08/20","群益金鼎-永和",25,0,25
"1318","6226光鼎","110/08/20","兆豐-寶成",1,43,-42
"1319","6226光鼎","110/08/20","國票-台南",23,0,23
"1320","6226光鼎","110/08/20","國泰-館前",13,55,-42
"1321","2363矽統","110/08/20","凱基-台北",909,319,590
"1322","2363矽統","110/08/20","群益金鼎",10,183,-173
"1323","2363矽統","110/08/20","港商野村",1346,1106,240
"1324","2363矽統","110/08/20","國票-台東",2,153,-151
"1325","2363矽統","110/08/20","美林",332,137,195
"1326","2363矽統","110/08/20","元大-前金",44,169,-125
"1327","2363矽統","110/08/20","摩根大通",268,88,180
"1328","2363矽統","110/08/20","元大-汐止",32,121,-89
"1329","2363矽統","110/08/20","美商高盛",270,113,157
"1330","2363矽統","110/08/20","統一-屏東",14,90,-76
"1331","2363矽統","110/08/20","統一-三重",108,0,108
"1332","2363矽統","110/08/20","國泰-敦南",202,271,-69
"1333","2363矽統","110/08/20","日盛-中和",110,13,97
"1334","2363矽統","110/08/20","凱基-長庚",12,76,-64
"1335","2363矽統","110/08/20","台新-新營",84,14,70
"1336","2363矽統","110/08/20","凱基-鳳山",4,61,-57
"1337","2363矽統","110/08/20","富邦-台北",183,117,66
"1338","2363矽統","110/08/20","群益金鼎-中壢",25,81,-56
"1339","2363矽統","110/08/20","新光",238,178,60
"1340","2363矽統","110/08/20","合庫-高雄",23,78,-55
"1341","2363矽統","110/08/20","元大-士林",56,1,55
"1342","2363矽統","110/08/20","永豐金-市政",23,75,-52
"1343","2363矽統","110/08/20","凱基-台南",54,6,48
"1344","2363矽統","110/08/20","國泰-館前",98,148,-50
"1345","2363矽統","110/08/20","光和",45,4,41
"1346","2363矽統","110/08/20","國票-九鼎",14,62,-48
"1347","2363矽統","110/08/20","凱基-敦北",40,0,40
"1348","2363矽統","110/08/20","台新-左楠",2,47,-45
"1349","2363矽統","110/08/20","永豐金-台中",45,7,38
"1350","2363矽統","110/08/20","永豐金-潮州",3,46,-43
"1351","8112至上","110/08/20","港商法國興業",188,0,188
"1352","8112至上","110/08/20","台灣摩根士丹利",0,152,-152
"1353","8112至上","110/08/20","港商野村",229,78,151
"1354","8112至上","110/08/20","合庫-西台中",0,130,-130
"1355","8112至上","110/08/20","凱基-台北",95,12,83
"1356","8112至上","110/08/20","富邦-仁愛",7,102,-95
"1357","8112至上","110/08/20","美商高盛",100,23,77
"1358","8112至上","110/08/20","元大-永春",0,88,-88
"1359","8112至上","110/08/20","瑞士信貸",54,1,53
"1360","8112至上","110/08/20","元大-佳里",5,60,-55
"1361","8112至上","110/08/20","元大-路竹",38,7,31
"1362","8112至上","110/08/20","群益金鼎-基隆",1,49,-48
"1363","8112至上","110/08/20","富邦-新竹",37,7,30
"1364","8112至上","110/08/20","新加坡商瑞銀",34,73,-39
"1365","8112至上","110/08/20","元大-竹東",23,0,23
"1366","8112至上","110/08/20","摩根大通",183,214,-31
"1367","8112至上","110/08/20","凱基-桃園",22,1,21
"1368","8112至上","110/08/20","亞東-新竹",0,30,-30
"1369","8112至上","110/08/20","群益金鼎-大興",20,0,20
"1370","8112至上","110/08/20","亞東-台中",0,30,-30
"1371","8112至上","110/08/20","富邦-北港",20,0,20
"1372","8112至上","110/08/20","美林",32,61,-29
"1373","8112至上","110/08/20","元大-東港",20,0,20
"1374","8112至上","110/08/20","合庫-基隆",0,21,-21
"1375","8112至上","110/08/20","第一金-頭份",23,5,18
"1376","8112至上","110/08/20","(牛牛牛)亞-鑫豐",14,35,-21
"1377","8112至上","110/08/20","元大-仁愛",17,0,17
"1378","8112至上","110/08/20","國票-南港",5,26,-21
"1379","8112至上","110/08/20","國票-天祥",16,0,16
"1380","8112至上","110/08/20","國泰-台中",5,26,-21
"1381","1570力肯","110/08/20","國票-北高雄",27,0,27
"1382","1570力肯","110/08/20","元大-大雅",8,58,-50
"1383","1570力肯","110/08/20","元大-鹿港",29,4,25
"1384","1570力肯","110/08/20","凱基-三峽",0,30,-30
"1385","1570力肯","110/08/20","摩根大通",27,5,22
"1386","1570力肯","110/08/20","元大-樹林",0,30,-30
"1387","1570力肯","110/08/20","富邦-花蓮",20,0,20
"1388","1570力肯","110/08/20","統一",0,28,-28
"1389","1570力肯","110/08/20","群益金鼎-高雄",18,0,18
"1390","1570力肯","110/08/20","國票-南科",0,13,-13
"1391","1570力肯","110/08/20","元大-草屯",13,0,13
"1392","1570力肯","110/08/20","元大-鑫永和",0,12,-12
"1393","1570力肯","110/08/20","元富-緯城",12,0,12
"1394","1570力肯","110/08/20","台新證券",0,11,-11
"1395","1570力肯","110/08/20","元富-世貿",10,0,10
"1396","1570力肯","110/08/20","群益金鼎-民權",0,10,-10
"1397","1570力肯","110/08/20","大慶-蘆洲",7,0,7
"1398","1570力肯","110/08/20","國票-台中",3,11,-8
"1399","1570力肯","110/08/20","(牛牛牛)亞-鑫豐",25,18,7
"1400","1570力肯","110/08/20","土銀-新竹",1,7,-6
"1401","1570力肯","110/08/20","國票-天祥",6,0,6
"1402","1570力肯","110/08/20","台灣摩根士丹利",0,6,-6
"1403","1570力肯","110/08/20","凱基-台北",7,1,6
"1404","1570力肯","110/08/20","國泰-敦南",1,7,-6
"1405","1570力肯","110/08/20","元富-城東",5,0,5
"1406","1570力肯","110/08/20","高橋-龍潭",0,5,-5
"1407","1570力肯","110/08/20","國票",5,0,5
"1408","1570力肯","110/08/20","玉山-高雄",0,5,-5
"1409","1570力肯","110/08/20","萬泰",5,0,5
"1410","1570力肯","110/08/20","永豐金-苓雅",0,5,-5
"1411","2929淘帝","110/08/20","元大-太平",35,0,35
"1412","2929淘帝","110/08/20","元大-莒光",0,25,-25
"1413","2929淘帝","110/08/20","港商野村",17,5,12
"1414","2929淘帝","110/08/20","富邦-新營",0,20,-20
"1415","2929淘帝","110/08/20","摩根大通",16,6,10
"1416","2929淘帝","110/08/20","華南永昌-古亭",0,16,-16
"1417","2929淘帝","110/08/20","永豐金-板新",10,0,10
"1418","2929淘帝","110/08/20","兆豐-桃鶯",0,12,-12
"1419","2929淘帝","110/08/20","美林",10,1,9
"1420","2929淘帝","110/08/20","中國信託",0,10,-10
"1421","2929淘帝","110/08/20","兆豐-忠孝",8,0,8
"1422","2929淘帝","110/08/20","元大-竹科",0,10,-10
"1423","2929淘帝","110/08/20","凱基-東門",8,0,8
"1424","2929淘帝","110/08/20","永豐金-新莊",0,10,-10
"1425","2929淘帝","110/08/20","高橋-龍潭",5,0,5
"1426","2929淘帝","110/08/20","兆豐-東門",0,8,-8
"1427","2929淘帝","110/08/20","玉山-台南",5,0,5
"1428","2929淘帝","110/08/20","凱基-三峽",0,7,-7
"1429","2929淘帝","110/08/20","凱基-中山",5,0,5
"1430","2929淘帝","110/08/20","宏遠-館前",0,5,-5
"1431","2929淘帝","110/08/20","華南永昌-小港",5,0,5
"1432","2929淘帝","110/08/20","瑞士信貸",0,5,-5
"1433","2929淘帝","110/08/20","元大-員林",5,0,5
"1434","2929淘帝","110/08/20","富邦-陽明",0,5,-5
"1435","2929淘帝","110/08/20","元大-永和",5,0,5
"1436","2929淘帝","110/08/20","中國信託-松江",0,4,-4
"1437","2929淘帝","110/08/20","永豐金-永康",5,0,5
"1438","2929淘帝","110/08/20","玉山-新竹",11,15,-4
"1439","2929淘帝","110/08/20","群益金鼎-潭子",4,0,4
"1440","2929淘帝","110/08/20","元富-成功",0,3,-3
"1441","5410國眾","110/08/20","大昌",5,0,5
"1442","5410國眾","110/08/20","元大-發財",0,9,-9
"1443","5410國眾","110/08/20","華南永昌-高雄",5,0,5
"1444","5410國眾","110/08/20","元大-士林",2,8,-6
"1445","5410國眾","110/08/20","元大-東泰",5,0,5
"1446","5410國眾","110/08/20","日盛-屏東",0,5,-5
"1447","5410國眾","110/08/20","元大-中壢",5,0,5
"1448","5410國眾","110/08/20","新加坡商瑞銀",3,8,-5
"1449","5410國眾","110/08/20","中國信託-新竹",4,0,4
"1450","5410國眾","110/08/20","凱基-台北",0,4,-4
"1451","5410國眾","110/08/20","新光",3,0,3
"1452","5410國眾","110/08/20","元大-南勢角",0,4,-4
"1453","5410國眾","110/08/20","凱基-竹北",3,0,3
"1454","5410國眾","110/08/20","寶盛",0,3,-3
"1455","5410國眾","110/08/20","國泰-松江",2,0,2
"1456","5410國眾","110/08/20","元富-台南",0,2,-2
"1457","5410國眾","110/08/20","群益金鼎-海山",2,0,2
"1458","5410國眾","110/08/20","華南永昌-小港",0,2,-2
"1459","5410國眾","110/08/20","凱基-彰化",2,0,2
"1460","5410國眾","110/08/20","富邦-竹北",1,3,-2
"1461","5410國眾","110/08/20","日盛-二林",1,0,1
"1462","5410國眾","110/08/20","富邦-永和",0,2,-2
"1463","5410國眾","110/08/20","美林",1,0,1
"1464","5410國眾","110/08/20","元大-華山",0,2,-2
"1465","5410國眾","110/08/20","大慶-蘆洲",1,0,1
"1466","5410國眾","110/08/20","中國信託-文心",0,1,-1
"1467","5410國眾","110/08/20","中國信託-嘉義",1,0,1
"1468","5410國眾","110/08/20","國泰-敦南",4,5,-1
"1469","5410國眾","110/08/20","國泰-台南",1,0,1
"1470","5410國眾","110/08/20","華南永昌-楠梓",0,1,-1
"1471","2841台開","110/08/20","宏遠-館前",465,0,465
"1472","2841台開","110/08/20","台中銀",0,113,-113
"1473","2841台開","110/08/20","第一金",102,0,102
"1474","2841台開","110/08/20","國票-敦北法人",0,51,-51
"1475","2841台開","110/08/20","富邦-岡山",18,0,18
"1476","2841台開","110/08/20","高橋",0,50,-50
"1477","2841台開","110/08/20","台新證券",15,2,13
"1478","2841台開","110/08/20","日盛證券",0,43,-43
"1479","2841台開","110/08/20","元大-新竹經國",10,0,10
"1480","2841台開","110/08/20","永豐金-三重",0,39,-39
"1481","2841台開","110/08/20","日盛-新竹",6,0,6
"1482","2841台開","110/08/20","玉山-高雄",0,30,-30
"1483","2841台開","110/08/20","元富-文心",5,0,5
"1484","2841台開","110/08/20","元大-竹山",0,30,-30
"1485","2841台開","110/08/20","第一金-路竹",3,0,3
"1486","2841台開","110/08/20","光和-高雄",0,28,-28
"1487","2841台開","110/08/20","永豐金-中盛",3,0,3
"1488","2841台開","110/08/20","永豐金-敦南",15,37,-22
"1489","2841台開","110/08/20","新光-台中",2,0,2
"1490","2841台開","110/08/20","新光-台南",0,21,-21
"1491","2841台開","110/08/20","群益金鼎-館前",2,0,2
"1492","2841台開","110/08/20","玉山-嘉義",0,20,-20
"1493","2841台開","110/08/20","群益金鼎-東湖",2,0,2
"1494","2841台開","110/08/20","富邦-員林",0,20,-20
"1495","2841台開","110/08/20","元大-屏東民生",2,0,2
"1496","2841台開","110/08/20","元大-竹科",0,20,-20
"1497","2841台開","110/08/20","國泰-板橋",1,0,1
"1498","2841台開","110/08/20","元大-善化",0,15,-15
"1499","2841台開","110/08/20","群益金鼎-崇德",1,0,1
"1500","2841台開","110/08/20","永豐金-忠孝",0,15,-15
"1501","6207雷科","110/08/20","日盛-員林",20,0,20
"1502","6207雷科","110/08/20","凱基-敦北",0,26,-26
"1503","6207雷科","110/08/20","美林",16,0,16
"1504","6207雷科","110/08/20","新加坡商瑞銀",12,27,-15
"1505","6207雷科","110/08/20","凱基-台北",20,8,12
"1506","6207雷科","110/08/20","國票-南科",1,13,-12
"1507","6207雷科","110/08/20","瑞士信貸",11,0,11
"1508","6207雷科","110/08/20","台新證券",0,10,-10
"1509","6207雷科","110/08/20","港商野村",23,12,11
"1510","6207雷科","110/08/20","國票-九鼎",2,10,-8
"1511","6207雷科","110/08/20","摩根大通",33,22,11
"1512","6207雷科","110/08/20","台新-台中",0,5,-5
"1513","6207雷科","110/08/20","凱基-羅東",6,0,6
"1514","6207雷科","110/08/20","玉山-嘉義",0,5,-5
"1515","6207雷科","110/08/20","富邦-中壢",6,0,6
"1516","6207雷科","110/08/20","群益金鼎-三民",0,5,-5
"1517","6207雷科","110/08/20","元大-大灣",6,0,6
"1518","6207雷科","110/08/20","元大-博愛",0,5,-5
"1519","6207雷科","110/08/20","日盛-台南",5,0,5
"1520","6207雷科","110/08/20","中國信託-中壢",0,4,-4
"1521","6207雷科","110/08/20","富邦-台北",5,0,5
"1522","6207雷科","110/08/20","兆豐-彰化",0,4,-4
"1523","6207雷科","110/08/20","富邦-新店",5,0,5
"1524","6207雷科","110/08/20","群益金鼎-東門",0,4,-4
"1525","6207雷科","110/08/20","元大-府城",5,0,5
"1526","6207雷科","110/08/20","致和-高雄",0,3,-3
"1527","6207雷科","110/08/20","中農",3,0,3
"1528","6207雷科","110/08/20","新光-高雄",0,3,-3
"1529","6207雷科","110/08/20","華南永昌-古亭",3,0,3
"1530","6207雷科","110/08/20","凱基-高雄",0,3,-3
"1531","3679新至陞","110/08/20","元大-大天母",10,0,10
"1532","3679新至陞","110/08/20","台灣企銀-建成",0,6,-6
"1533","3679新至陞","110/08/20","港商野村",3,0,3
"1534","3679新至陞","110/08/20","美林",0,6,-6
"1535","3679新至陞","110/08/20","(牛牛牛)亞-網路",3,0,3
"1536","3679新至陞","110/08/20","花旗環球",0,5,-5
"1537","3679新至陞","110/08/20","富邦-花蓮",3,0,3
"1538","3679新至陞","110/08/20","新加坡商瑞銀",0,5,-5
"1539","3679新至陞","110/08/20","凱基-中山",2,0,2
"1540","3679新至陞","110/08/20","日盛-忠孝",0,4,-4
"1541","3679新至陞","110/08/20","日盛-木柵",1,0,1
"1542","3679新至陞","110/08/20","元大證券",1,4,-3
"1543","3679新至陞","110/08/20","日盛-員林",1,0,1
"1544","3679新至陞","110/08/20","摩根大通",4,6,-2
"1545","3679新至陞","110/08/20","日盛-文化",1,0,1
"1546","3679新至陞","110/08/20","凱基-埔墘",0,2,-2
"1547","3679新至陞","110/08/20","台灣摩根士丹利",1,0,1
"1548","3679新至陞","110/08/20","日盛-板橋",0,1,-1
"1549","3679新至陞","110/08/20","瑞士信貸",1,0,1
"1550","3679新至陞","110/08/20","美商高盛",0,1,-1
"1551","3679新至陞","110/08/20","第一金-澎湖",1,0,1
"1552","3679新至陞","110/08/20","第一金-台南",0,1,-1
"1553","3679新至陞","110/08/20","統一-松江",1,0,1
"1554","3679新至陞","110/08/20","台中銀-員林",0,1,-1
"1555","3679新至陞","110/08/20","元富-草屯",1,0,1
"1556","3679新至陞","110/08/20","北城證券",0,1,-1
"1557","3679新至陞","110/08/20","光和-溪湖",1,0,1
"1558","3679新至陞","110/08/20","國票-九鼎",0,1,-1
"1559","3679新至陞","110/08/20","兆豐-三重",1,0,1
"1560","3679新至陞","110/08/20","富邦-陽明",0,1,-1
"1561","2727王品","110/08/20","元大-台中中港",339,0,339
"1562","2727王品","110/08/20","兆豐-南京",0,980,-980
"1563","2727王品","110/08/20","台灣摩根士丹利",93,12,81
"1564","2727王品","110/08/20","港商麥格理",0,65,-65
"1565","2727王品","110/08/20","摩根大通",63,4,59
"1566","2727王品","110/08/20","玉山證券",2,25,-23
"1567","2727王品","110/08/20","瑞士信貸",62,7,55
"1568","2727王品","110/08/20","元大證券",2,22,-20
"1569","2727王品","110/08/20","國票-南港",50,0,50
"1570","2727王品","110/08/20","永豐金-桃盛",0,20,-20
"1571","2727王品","110/08/20","玉山-板橋",40,10,30
"1572","2727王品","110/08/20","元富-西松",0,18,-18
"1573","2727王品","110/08/20","美林",38,9,29
"1574","2727王品","110/08/20","美商高盛",5,17,-12
"1575","2727王品","110/08/20","國泰-敦南",23,2,21
"1576","2727王品","110/08/20","台新-中壢",0,11,-11
"1577","2727王品","110/08/20","富邦-台北",16,2,14
"1578","2727王品","110/08/20","富邦-桃園",0,11,-11
"1579","2727王品","110/08/20","凱基-科園",15,2,13
"1580","2727王品","110/08/20","永豐金-新竹",0,11,-11
"1581","2727王品","110/08/20","凱基-台北",68,56,12
"1582","2727王品","110/08/20","彰銀-台中",0,10,-10
"1583","2727王品","110/08/20","宏遠-高雄",11,0,11
"1584","2727王品","110/08/20","兆豐-新莊",0,10,-10
"1585","2727王品","110/08/20","日茂-埔里",11,0,11
"1586","2727王品","110/08/20","元大-學甲",0,10,-10
"1587","2727王品","110/08/20","港商野村",58,48,10
"1588","2727王品","110/08/20","群益金鼎-延平",0,9,-9
"1589","2727王品","110/08/20","群益金鼎-潭子",10,0,10
"1590","2727王品","110/08/20","永豐金-松山",2,10,-8
"1591","1570力肯","110/08/20","國票-北高雄",27,0,27
"1592","1570力肯","110/08/20","元大-大雅",8,58,-50
"1593","1570力肯","110/08/20","元大-鹿港",29,4,25
"1594","1570力肯","110/08/20","凱基-三峽",0,30,-30
"1595","1570力肯","110/08/20","摩根大通",27,5,22
"1596","1570力肯","110/08/20","元大-樹林",0,30,-30
"1597","1570力肯","110/08/20","富邦-花蓮",20,0,20
"1598","1570力肯","110/08/20","統一",0,28,-28
"1599","1570力肯","110/08/20","群益金鼎-高雄",18,0,18
"1600","1570力肯","110/08/20","國票-南科",0,13,-13
"1601","1570力肯","110/08/20","元大-草屯",13,0,13
"1602","1570力肯","110/08/20","元大-鑫永和",0,12,-12
"1603","1570力肯","110/08/20","元富-緯城",12,0,12
"1604","1570力肯","110/08/20","台新證券",0,11,-11
"1605","1570力肯","110/08/20","元富-世貿",10,0,10
"1606","1570力肯","110/08/20","群益金鼎-民權",0,10,-10
"1607","1570力肯","110/08/20","大慶-蘆洲",7,0,7
"1608","1570力肯","110/08/20","國票-台中",3,11,-8
"1609","1570力肯","110/08/20","(牛牛牛)亞-鑫豐",25,18,7
"1610","1570力肯","110/08/20","土銀-新竹",1,7,-6
"1611","1570力肯","110/08/20","國票-天祥",6,0,6
"1612","1570力肯","110/08/20","台灣摩根士丹利",0,6,-6
"1613","1570力肯","110/08/20","凱基-台北",7,1,6
"1614","1570力肯","110/08/20","國泰-敦南",1,7,-6
"1615","1570力肯","110/08/20","元富-城東",5,0,5
"1616","1570力肯","110/08/20","高橋-龍潭",0,5,-5
"1617","1570力肯","110/08/20","國票",5,0,5
"1618","1570力肯","110/08/20","玉山-高雄",0,5,-5
"1619","1570力肯","110/08/20","萬泰",5,0,5
"1620","1570力肯","110/08/20","永豐金-苓雅",0,5,-5
"1621","6180橘子","110/08/20","港商野村",272,0,272
"1622","6180橘子","110/08/20","元大-博愛",0,42,-42
"1623","6180橘子","110/08/20","美林",47,0,47
"1624","6180橘子","110/08/20","群益金鼎-永和",1,40,-39
"1625","6180橘子","110/08/20","兆豐-埔墘",10,0,10
"1626","6180橘子","110/08/20","台灣摩根士丹利",4,39,-35
"1627","6180橘子","110/08/20","元大-天母",9,0,9
"1628","6180橘子","110/08/20","摩根大通",11,46,-35
"1629","6180橘子","110/08/20","永豐金-桃園",10,1,9
"1630","6180橘子","110/08/20","新光-桃園",0,35,-35
"1631","6180橘子","110/08/20","凱基-大里",8,0,8
"1632","6180橘子","110/08/20","臺銀",2,34,-32
"1633","6180橘子","110/08/20","元大-草屯",7,0,7
"1634","6180橘子","110/08/20","國泰-館前",1,33,-32
"1635","6180橘子","110/08/20","日盛-雙和",5,0,5
"1636","6180橘子","110/08/20","新光",7,38,-31
"1637","6180橘子","110/08/20","第一金-高雄",5,0,5
"1638","6180橘子","110/08/20","宏遠-館前",0,21,-21
"1639","6180橘子","110/08/20","第一金-新竹",5,0,5
"1640","6180橘子","110/08/20","富邦-竹東",0,21,-21
"1641","6180橘子","110/08/20","群益金鼎-大興",5,0,5
"1642","6180橘子","110/08/20","日盛-景美",0,20,-20
"1643","6180橘子","110/08/20","群益金鼎-開元",5,0,5
"1644","6180橘子","110/08/20","第一金-新興",0,20,-20
"1645","6180橘子","110/08/20","元大-東泰",5,0,5
"1646","6180橘子","110/08/20","凱基-彰化",0,16,-16
"1647","6180橘子","110/08/20","元大-士林",5,0,5
"1648","6180橘子","110/08/20","新加坡商瑞銀",5,15,-10
"1649","6180橘子","110/08/20","元大-土城",5,0,5
"1650","6180橘子","110/08/20","國票-長城",0,10,-10
"1651","2390云辰","110/08/20","國票-安和",130,0,130
"1652","2390云辰","110/08/20","統一-新台中",0,200,-200
"1653","2390云辰","110/08/20","凱基-屏東",100,0,100
"1654","2390云辰","110/08/20","聯邦-敦化",0,68,-68
"1655","2390云辰","110/08/20","摩根大通",233,161,72
"1656","2390云辰","110/08/20","美林",62,127,-65
"1657","2390云辰","110/08/20","美商高盛",101,30,71
"1658","2390云辰","110/08/20","新加坡商瑞銀",0,61,-61
"1659","2390云辰","110/08/20","兆豐-高雄",78,11,67
"1660","2390云辰","110/08/20","統一-新營",26,71,-45
"1661","2390云辰","110/08/20","凱基-台北",257,199,58
"1662","2390云辰","110/08/20","國泰-敦南",114,153,-39
"1663","2390云辰","110/08/20","第一金-安和",62,8,54
"1664","2390云辰","110/08/20","華南永昌-朴子",2,41,-39
"1665","2390云辰","110/08/20","統一-城中",60,10,50
"1666","2390云辰","110/08/20","元大-土城學府",156,192,-36
"1667","2390云辰","110/08/20","富邦-宜蘭",52,4,48
"1668","2390云辰","110/08/20","元大-六合",17,53,-36
"1669","2390云辰","110/08/20","元大-鳳山",60,12,48
"1670","2390云辰","110/08/20","土銀-嘉義",0,35,-35
"1671","2390云辰","110/08/20","元大-板橋三民",50,2,48
"1672","2390云辰","110/08/20","大昌",5,36,-31
"1673","2390云辰","110/08/20","國票-博愛",178,141,37
"1674","2390云辰","110/08/20","宏遠-台南",0,27,-27
"1675","2390云辰","110/08/20","華南永昌-岡山",33,1,32
"1676","2390云辰","110/08/20","群益金鼎-民權",6,31,-25
"1677","2390云辰","110/08/20","元大-北三重",32,1,31
"1678","2390云辰","110/08/20","國泰-館前",28,52,-24
"1679","2390云辰","110/08/20","第一金-豐原",30,0,30
"1680","2390云辰","110/08/20","富邦-建國",13,36,-23
"1681","2609陽明","110/08/19","美商高盛",2352,641,1711
"1682","2609陽明","110/08/19","凱基-台北",2247,12187,-9940
"1683","2609陽明","110/08/19","華南永昌-竹北",1335,536,799
"1684","2609陽明","110/08/19","康和",1685,8746,-7061
"1685","2609陽明","110/08/19","國泰-敦南",5999,5202,797
"1686","2609陽明","110/08/19","富邦證券",159,6808,-6649
"1687","2609陽明","110/08/19","日盛-雙和",967,217,750
"1688","2609陽明","110/08/19","台灣摩根士丹利",66,2608,-2542
"1689","2609陽明","110/08/19","國泰-館前",1665,1071,594
"1690","2609陽明","110/08/19","兆豐-南京",144,2129,-1985
"1691","2609陽明","110/08/19","台新證券",3672,3095,577
"1692","2609陽明","110/08/19","兆豐-虎尾",7267,9058,-1791
"1693","2609陽明","110/08/19","統一-三重",826,296,530
"1694","2609陽明","110/08/19","美林",2631,4379,-1748
"1695","2609陽明","110/08/19","玉山證券",1424,939,485
"1696","2609陽明","110/08/19","永豐金-信義",140,1816,-1676
"1697","2609陽明","110/08/19","富邦-建國",1115,663,452
"1698","2609陽明","110/08/19","富邦-仁愛",873,2277,-1404
"1699","2609陽明","110/08/19","統一-士林",809,391,418
"1700","2609陽明","110/08/19","摩根大通",4652,6019,-1367
"1701","2609陽明","110/08/19","凱基-城中",614,199,415
"1702","2609陽明","110/08/19","凱基-斗六",3347,4638,-1291
"1703","2609陽明","110/08/19","華南永昌-台中",863,449,414
"1704","2609陽明","110/08/19","富邦-虎尾",11651,12857,-1206
"1705","2609陽明","110/08/19","新光-新竹",1263,857,406
"1706","2609陽明","110/08/19","元大證券",2875,3808,-933
"1707","2609陽明","110/08/19","國泰-台中",1878,1503,375
"1708","2609陽明","110/08/19","統一-仁愛",1484,2392,-908
"1709","2609陽明","110/08/19","玉山-左營",623,251,372
"1710","2609陽明","110/08/19","元大-頭份",315,1194,-879
"1711","2636台驊投控","110/08/19","華南永昌-竹北",257,10,247
"1712","2636台驊投控","110/08/19","富邦證券",8,1056,-1048
"1713","2636台驊投控","110/08/19","國泰-敦南",483,306,177
"1714","2636台驊投控","110/08/19","摩根大通",329,1288,-959
"1715","2636台驊投控","110/08/19","新光-新竹",174,42,132
"1716","2636台驊投控","110/08/19","台灣摩根士丹利",168,753,-585
"1717","2636台驊投控","110/08/19","港商野村",2255,2136,119
"1718","2636台驊投控","110/08/19","凱基-台北",574,996,-422
"1719","2636台驊投控","110/08/19","台新證券",257,150,107
"1720","2636台驊投控","110/08/19","瑞士信貸",75,421,-346
"1721","2636台驊投控","110/08/19","新光",389,312,77
"1722","2636台驊投控","110/08/19","統一",98,420,-322
"1723","2636台驊投控","110/08/19","華南永昌-楠梓",98,27,71
"1724","2636台驊投控","110/08/19","凱基",21,323,-302
"1725","2636台驊投控","110/08/19","華南永昌-南京",104,40,64
"1726","2636台驊投控","110/08/19","富邦-員林",377,670,-293
"1727","2636台驊投控","110/08/19","富邦-苗栗",99,35,64
"1728","2636台驊投控","110/08/19","日盛-台中",26,244,-218
"1729","2636台驊投控","110/08/19","元大-竹北",79,16,63
"1730","2636台驊投控","110/08/19","美商高盛",87,244,-157
"1731","2636台驊投控","110/08/19","凱基-市政",265,203,62
"1732","2636台驊投控","110/08/19","日盛-板橋",40,163,-123
"1733","2636台驊投控","110/08/19","中國信託-文心",80,21,59
"1734","2636台驊投控","110/08/19","大慶",2,120,-118
"1735","2636台驊投控","110/08/19","大昌-安康",60,4,56
"1736","2636台驊投控","110/08/19","日盛-大墩",73,184,-111
"1737","2636台驊投控","110/08/19","日盛-宜蘭",53,0,53
"1738","2636台驊投控","110/08/19","宏遠證券",60,152,-92
"1739","2636台驊投控","110/08/19","元富-大昌",81,28,53
"1740","2636台驊投控","110/08/19","新加坡商瑞銀",88,173,-85
"1741","2867三商壽","110/08/19","美林",389,60,329
"1742","2867三商壽","110/08/19","宏遠證券",0,969,-969
"1743","2867三商壽","110/08/19","元大-土城永寧",252,2,250
"1744","2867三商壽","110/08/19","摩根大通",111,691,-580
"1745","2867三商壽","110/08/19","玉山-板橋",127,0,127
"1746","2867三商壽","110/08/19","土銀-建國",0,240,-240
"1747","2867三商壽","110/08/19","元大-大里德芳",110,0,110
"1748","2867三商壽","110/08/19","日盛-中壢",0,122,-122
"1749","2867三商壽","110/08/19","國泰-台中",103,1,102
"1750","2867三商壽","110/08/19","台新-高雄",4,121,-117
"1751","2867三商壽","110/08/19","新加坡商瑞銀",114,19,95
"1752","2867三商壽","110/08/19","德信-中正",0,100,-100
"1753","2867三商壽","110/08/19","玉山-城中",86,0,86
"1754","2867三商壽","110/08/19","華南永昌-南京",0,100,-100
"1755","2867三商壽","110/08/19","合庫-西台中",80,0,80
"1756","2867三商壽","110/08/19","台新證券",15,101,-86
"1757","2867三商壽","110/08/19","永豐金-竹科",80,1,79
"1758","2867三商壽","110/08/19","凱基-台北",42,118,-76
"1759","2867三商壽","110/08/19","玉山-台中",61,0,61
"1760","2867三商壽","110/08/19","富邦-建國",1,71,-70
"1761","2867三商壽","110/08/19","土銀-台中",60,0,60
"1762","2867三商壽","110/08/19","元大-八德",0,70,-70
"1763","2867三商壽","110/08/19","富邦-台南",60,0,60
"1764","2867三商壽","110/08/19","凱基",0,68,-68
"1765","2867三商壽","110/08/19","元大-中壢",56,0,56
"1766","2867三商壽","110/08/19","富邦-三重",0,55,-55
"1767","2867三商壽","110/08/19","群益金鼎-彰化",62,8,54
"1768","2867三商壽","110/08/19","元大-彰化民生",0,50,-50
"1769","2867三商壽","110/08/19","永豐金-埔里",67,13,54
"1770","2867三商壽","110/08/19","亞東",0,45,-45
"1771","5521工信","110/08/19","元大證券",232,28,204
"1772","5521工信","110/08/19","凱基-台北",0,178,-178
"1773","5521工信","110/08/19","中國信託-三重",70,0,70
"1774","5521工信","110/08/19","福勝",0,80,-80
"1775","5521工信","110/08/19","台新證券",37,0,37
"1776","5521工信","110/08/19","新光-新竹",1,80,-79
"1777","5521工信","110/08/19","日盛-高雄",27,0,27
"1778","5521工信","110/08/19","港商法國興業",0,67,-67
"1779","5521工信","110/08/19","元富-埔里",20,0,20
"1780","5521工信","110/08/19","摩根大通",194,256,-62
"1781","5521工信","110/08/19","玉山-雙和",20,0,20
"1782","5521工信","110/08/19","群益金鼎-敦南",0,50,-50
"1783","5521工信","110/08/19","富邦-台北",20,0,20
"1784","5521工信","110/08/19","第一金-桃園",0,36,-36
"1785","5521工信","110/08/19","永豐金-竹科",19,0,19
"1786","5521工信","110/08/19","德信-中正",0,29,-29
"1787","5521工信","110/08/19","臺銀-鳳山",18,0,18
"1788","5521工信","110/08/19","元大-基隆孝二",0,28,-28
"1789","5521工信","110/08/19","華南永昌-高雄",20,2,18
"1790","5521工信","110/08/19","美林",1,27,-26
"1791","5521工信","110/08/19","華南永昌-彰化",23,8,15
"1792","5521工信","110/08/19","兆豐-員林",0,25,-25
"1793","5521工信","110/08/19","元大-大天母",15,0,15
"1794","5521工信","110/08/19","群益金鼎-土城",0,20,-20
"1795","5521工信","110/08/19","富邦-宜蘭",14,0,14
"1796","5521工信","110/08/19","元富-宜蘭",0,18,-18
"1797","5521工信","110/08/19","台新-台中",12,0,12
"1798","5521工信","110/08/19","富邦-高雄",1,15,-14
"1799","5521工信","110/08/19","臺銀-高雄",11,0,11
"1800","5521工信","110/08/19","元大-歸仁",2,16,-14
"1801","1471首利","110/08/19","新光",35,0,35
"1802","1471首利","110/08/19","摩根大通",42,206,-164
"1803","1471首利","110/08/19","新光-台南",24,0,24
"1804","1471首利","110/08/19","瑞士信貸",1,39,-38
"1805","1471首利","110/08/19","元大-太平",20,2,18
"1806","1471首利","110/08/19","凱基-五股",0,23,-23
"1807","1471首利","110/08/19","土銀-花蓮",15,0,15
"1808","1471首利","110/08/19","凱基-台北",6,29,-23
"1809","1471首利","110/08/19","玉山-桃園",15,0,15
"1810","1471首利","110/08/19","元大-虎尾",7,27,-20
"1811","1471首利","110/08/19","元富-三重",13,0,13
"1812","1471首利","110/08/19","光和",9,24,-15
"1813","1471首利","110/08/19","台新證券",12,0,12
"1814","1471首利","110/08/19","致和-府前",0,15,-15
"1815","1471首利","110/08/19","元大-員林中山",11,0,11
"1816","1471首利","110/08/19","兆豐-員林",0,12,-12
"1817","1471首利","110/08/19","台灣企銀-屏東",10,0,10
"1818","1471首利","110/08/19","凱基-新店",0,12,-12
"1819","1471首利","110/08/19","兆豐-台中港",10,0,10
"1820","1471首利","110/08/19","美林",0,11,-11
"1821","1471首利","110/08/19","致和-崇德",10,0,10
"1822","1471首利","110/08/19","凱基-頭份",0,10,-10
"1823","1471首利","110/08/19","凱基-高美館",10,0,10
"1824","1471首利","110/08/19","華南永昌-台中",0,10,-10
"1825","1471首利","110/08/19","華南永昌-公誠",10,0,10
"1826","1471首利","110/08/19","元大-大甲",0,9,-9
"1827","1471首利","110/08/19","華南永昌-楠梓",10,0,10
"1828","1471首利","110/08/19","凱基-三重",3,10,-7
"1829","1471首利","110/08/19","富邦-南屯",10,0,10
"1830","1471首利","110/08/19","永豐金-新店",0,7,-7
"1831","2883開發金","110/08/19","香港上海匯豐",6827,846,5981
"1832","2883開發金","110/08/19","凱基-台北",1722,11079,-9357
"1833","2883開發金","110/08/19","中國信託-文心",4667,49,4618
"1834","2883開發金","110/08/19","花旗環球",1244,7162,-5918
"1835","2883開發金","110/08/19","新光",3917,1918,1999
"1836","2883開發金","110/08/19","國泰證券",51,3659,-3608
"1837","2883開發金","110/08/19","凱基",1952,0,1952
"1838","2883開發金","110/08/19","台新證券",1038,4320,-3282
"1839","2883開發金","110/08/19","玉山證券",2183,465,1718
"1840","2883開發金","110/08/19","兆豐證券",7,1979,-1972
"1841","2883開發金","110/08/19","元大-忠孝",1666,40,1626
"1842","2883開發金","110/08/19","統一",51,1553,-1502
"1843","2883開發金","110/08/19","國泰-敦南",2025,483,1542
"1844","2883開發金","110/08/19","日盛證券",70,1356,-1286
"1845","2883開發金","110/08/19","新加坡商瑞銀",5707,4366,1341
"1846","2883開發金","110/08/19","合庫-彰化",31,1273,-1242
"1847","2883開發金","110/08/19","瑞士信貸",1645,478,1167
"1848","2883開發金","110/08/19","元大證券",2109,3261,-1152
"1849","2883開發金","110/08/19","康和-仁愛",1143,1,1142
"1850","2883開發金","110/08/19","宏遠證券",11,1083,-1072
"1851","2883開發金","110/08/19","凱基-竹科",753,16,737
"1852","2883開發金","110/08/19","富邦-北港",134,1188,-1054
"1853","2883開發金","110/08/19","國泰-板橋",919,284,635
"1854","2883開發金","110/08/19","元大-福營",55,1070,-1015
"1855","2883開發金","110/08/19","新光-台南",757,132,625
"1856","2883開發金","110/08/19","台灣企銀-民雄",23,1022,-999
"1857","2883開發金","110/08/19","元大-萬華",559,62,497
"1858","2883開發金","110/08/19","永豐金-南京",131,1128,-997
"1859","2883開發金","110/08/19","元大-中壢",533,53,480
"1860","2883開發金","110/08/19","群益金鼎-大安",38,965,-927
"1861","6205詮欣","110/08/19","日盛-三重",23,0,23
"1862","6205詮欣","110/08/19","高橋-內壢",0,20,-20
"1863","6205詮欣","110/08/19","凱基-汐止",21,0,21
"1864","6205詮欣","110/08/19","摩根大通",1,12,-11
"1865","6205詮欣","110/08/19","日茂-埔里",10,0,10
"1866","6205詮欣","110/08/19","福邦證券",0,10,-10
"1867","6205詮欣","110/08/19","凱基-台北",3,0,3
"1868","6205詮欣","110/08/19","元富-安南",0,6,-6
"1869","6205詮欣","110/08/19","永豐金證券",3,0,3
"1870","6205詮欣","110/08/19","永興-大墩",0,4,-4
"1871","6205詮欣","110/08/19","元富-草屯",2,0,2
"1872","6205詮欣","110/08/19","元大-豐原",0,2,-2
"1873","6205詮欣","110/08/19","臺銀-臺中",1,0,1
"1874","6205詮欣","110/08/19","統一-中壢",0,2,-2
"1875","6205詮欣","110/08/19","兆豐-景美",1,0,1
"1876","6205詮欣","110/08/19","中國信託-文心",0,2,-2
"1877","6205詮欣","110/08/19","凱基-桃園",1,0,1
"1878","6205詮欣","110/08/19","大慶-台南",0,1,-1
"1879","6205詮欣","110/08/19","凱基-復興",1,0,1
"1880","6205詮欣","110/08/19","元大-南投",0,1,-1
"1881","6205詮欣","110/08/19","華南永昌-台南",1,0,1
"1882","6205詮欣","110/08/19","華南永昌-虎尾",0,1,-1
"1883","6205詮欣","110/08/19","華南永昌-新莊",0,0,0
"1884","6205詮欣","110/08/19","凱基-和平",0,1,-1
"1885","6205詮欣","110/08/19","元大-大里",0,0,0
"1886","6205詮欣","110/08/19","豐農",0,1,-1
"1887","6205詮欣","110/08/19","永豐金-中和",1,1,0
"1888","6205詮欣","110/08/19","元富-文心",0,1,-1
"1889","6205詮欣","110/08/19","",NA,NA,NA
"1890","6205詮欣","110/08/19","美商高盛",0,1,-1
"1891","1540喬福","110/08/19","日盛-台南",20,0,20
"1892","1540喬福","110/08/19","兆豐-小港",0,30,-30
"1893","1540喬福","110/08/19","元大-板橋三民",11,0,11
"1894","1540喬福","110/08/19","富邦-台南",0,10,-10
"1895","1540喬福","110/08/19","富邦-陽明",10,0,10
"1896","1540喬福","110/08/19","元富-桃園",0,9,-9
"1897","1540喬福","110/08/19","富邦-南屯",10,0,10
"1898","1540喬福","110/08/19","元大-龍潭",0,9,-9
"1899","1540喬福","110/08/19","元大-桃興",10,0,10
"1900","1540喬福","110/08/19","元大-雙和",0,6,-6
"1901","1540喬福","110/08/19","元大-成功",10,0,10
"1902","1540喬福","110/08/19","元大-台南",0,5,-5
"1903","1540喬福","110/08/19","(牛牛牛)亞-網路",7,0,7
"1904","1540喬福","110/08/19","台中銀",0,4,-4
"1905","1540喬福","110/08/19","凱基-中壢",3,0,3
"1906","1540喬福","110/08/19","港商法國興業",0,3,-3
"1907","1540喬福","110/08/19","臺銀-新竹",2,0,2
"1908","1540喬福","110/08/19","富邦-員林",0,3,-3
"1909","1540喬福","110/08/19","國票-南崁",2,0,2
"1910","1540喬福","110/08/19","元富",0,2,-2
"1911","1540喬福","110/08/19","摩根大通",5,3,2
"1912","1540喬福","110/08/19","康和-板橋",0,2,-2
"1913","1540喬福","110/08/19","華南永昌-高雄",2,0,2
"1914","1540喬福","110/08/19","玉山-城中",0,2,-2
"1915","1540喬福","110/08/19","台中銀-豐原",1,0,1
"1916","1540喬福","110/08/19","元大-南崁",0,2,-2
"1917","1540喬福","110/08/19","國票-桃園",1,0,1
"1918","1540喬福","110/08/19","元大-敦南",0,2,-2
"1919","1540喬福","110/08/19","玉山-新竹",1,0,1
"1920","1540喬福","110/08/19","國票-台中",0,1,-1
"1921","2888新光金","110/08/19","兆豐-公益",5003,799,4204
"1922","2888新光金","110/08/19","摩根大通",1356,4583,-3227
"1923","2888新光金","110/08/19","凱基-台北",4068,1621,2447
"1924","2888新光金","110/08/19","凱基",0,3218,-3218
"1925","2888新光金","110/08/19","福邦-新竹",982,0,982
"1926","2888新光金","110/08/19","瑞士信貸",1,3126,-3125
"1927","2888新光金","110/08/19","美商高盛",1215,342,873
"1928","2888新光金","110/08/19","大昌-新竹",2,1424,-1422
"1929","2888新光金","110/08/19","統一-板橋",650,15,635
"1930","2888新光金","110/08/19","元富-虎尾",4,1276,-1272
"1931","2888新光金","110/08/19","凱基-中山",634,3,631
"1932","2888新光金","110/08/19","玉山-台南",134,1204,-1070
"1933","2888新光金","110/08/19","永豐金-鳳山",569,12,557
"1934","2888新光金","110/08/19","宏遠-光隆",25,1050,-1025
"1935","2888新光金","110/08/19","新光",855,323,532
"1936","2888新光金","110/08/19","玉山-板橋",106,841,-735
"1937","2888新光金","110/08/19","統一-台中",558,30,528
"1938","2888新光金","110/08/19","香港上海匯豐",0,728,-728
"1939","2888新光金","110/08/19","凱基-鳳山",525,0,525
"1940","2888新光金","110/08/19","台灣摩根士丹利",940,1609,-669
"1941","2888新光金","110/08/19","統一",577,100,477
"1942","2888新光金","110/08/19","中國信託",15,637,-622
"1943","2888新光金","110/08/19","元大證券",1048,635,413
"1944","2888新光金","110/08/19","元大-永和",20,600,-580
"1945","2888新光金","110/08/19","美林",1075,740,335
"1946","2888新光金","110/08/19","福勝",67,600,-533
"1947","2888新光金","110/08/19","元大-嘉義",315,10,305
"1948","2888新光金","110/08/19","凱基-中港",71,580,-509
"1949","2888新光金","110/08/19","元大-大統",304,13,291
"1950","2888新光金","110/08/19","群益金鼎",50,520,-470
"1951","1340勝悅","110/08/19","國泰-台南",99,3,96
"1952","1340勝悅","110/08/19","元大-成功",0,204,-204
"1953","1340勝悅","110/08/19","台中銀",38,0,38
"1954","1340勝悅","110/08/19","摩根大通",0,20,-20
"1955","1340勝悅","110/08/19","國泰-板橋",13,0,13
"1956","1340勝悅","110/08/19","瑞士信貸",0,12,-12
"1957","1340勝悅","110/08/19","臺銀-金山",10,0,10
"1958","1340勝悅","110/08/19","國票-敦北法人",0,12,-12
"1959","1340勝悅","110/08/19","元富-中港",10,0,10
"1960","1340勝悅","110/08/19","華南永昌-東昇",0,12,-12
"1961","1340勝悅","110/08/19","國泰-敦南",13,3,10
"1962","1340勝悅","110/08/19","永豐金-台南",0,12,-12
"1963","1340勝悅","110/08/19","元富-新店",10,2,8
"1964","1340勝悅","110/08/19","合庫-自強",0,11,-11
"1965","1340勝悅","110/08/19","合庫-新竹",7,0,7
"1966","1340勝悅","110/08/19","富邦-台中",0,5,-5
"1967","1340勝悅","110/08/19","群益金鼎-館前",10,3,7
"1968","1340勝悅","110/08/19","港商法國興業",0,4,-4
"1969","1340勝悅","110/08/19","致和-東門",6,0,6
"1970","1340勝悅","110/08/19","致和-金華",0,4,-4
"1971","1340勝悅","110/08/19","元大-屏南",6,0,6
"1972","1340勝悅","110/08/19","新光-台南",0,4,-4
"1973","1340勝悅","110/08/19","臺灣企銀-埔墘",5,0,5
"1974","1340勝悅","110/08/19","凱基-台北",1,5,-4
"1975","1340勝悅","110/08/19","日盛-和美",5,0,5
"1976","1340勝悅","110/08/19","土銀-南港",0,2,-2
"1977","1340勝悅","110/08/19","第一金-新竹",5,0,5
"1978","1340勝悅","110/08/19","元富-世貿",0,2,-2
"1979","1340勝悅","110/08/19","新光-桃園",5,0,5
"1980","1340勝悅","110/08/19","元大-信義",0,2,-2
"1981","6246臺龍","110/08/19","新光-台中",18,1,17
"1982","6246臺龍","110/08/19","日盛-和美",0,10,-10
"1983","6246臺龍","110/08/19","台灣企銀-台南",10,0,10
"1984","6246臺龍","110/08/19","元大-基隆孝二",0,9,-9
"1985","6246臺龍","110/08/19","凱基-台北",8,2,6
"1986","6246臺龍","110/08/19","港商野村",0,6,-6
"1987","6246臺龍","110/08/19","華南永昌-彰化",5,0,5
"1988","6246臺龍","110/08/19","臺銀-高雄",0,5,-5
"1989","6246臺龍","110/08/19","元大-南投",5,0,5
"1990","6246臺龍","110/08/19","兆豐-公益",0,5,-5
"1991","6246臺龍","110/08/19","元大-林園",5,0,5
"1992","6246臺龍","110/08/19","永豐金-三重",0,5,-5
"1993","6246臺龍","110/08/19","日盛-斗六",4,0,4
"1994","6246臺龍","110/08/19","中國信託",0,4,-4
"1995","6246臺龍","110/08/19","兆豐-新營",4,0,4
"1996","6246臺龍","110/08/19","元大-北成功",0,4,-4
"1997","6246臺龍","110/08/19","(牛牛牛)亞-鑫豐",3,0,3
"1998","6246臺龍","110/08/19","元大-台南",0,4,-4
"1999","6246臺龍","110/08/19","台新-台中",3,0,3
"2000","6246臺龍","110/08/19","元富-烏日",0,3,-3
"2001","6246臺龍","110/08/19","元大-大統",3,0,3
"2002","6246臺龍","110/08/19","玉山-城中",0,3,-3
"2003","6246臺龍","110/08/19","臺銀-民權",2,0,2
"2004","6246臺龍","110/08/19","元大-長庚",0,3,-3
"2005","6246臺龍","110/08/19","第一金-大稻埕",2,0,2
"2006","6246臺龍","110/08/19","元大-苑裡",0,3,-3
"2007","6246臺龍","110/08/19","元富-大昌",2,0,2
"2008","6246臺龍","110/08/19","永豐金-屏東",0,3,-3
"2009","6246臺龍","110/08/19","國票-敦北法人",2,0,2
"2010","6246臺龍","110/08/19","統一-永和",0,2,-2
"2011","00715L期街口布蘭特正2","110/08/19","台新證券",1458,205,1253
"2012","00715L期街口布蘭特正2","110/08/19","元大證券",4224,11178,-6954
"2013","00715L期街口布蘭特正2","110/08/19","富邦-南屯",1119,14,1105
"2014","00715L期街口布蘭特正2","110/08/19","合庫證券",266,2599,-2333
"2015","00715L期街口布蘭特正2","110/08/19","元大-永康",1118,19,1099
"2016","00715L期街口布蘭特正2","110/08/19","永豐金證券",8,2207,-2199
"2017","00715L期街口布蘭特正2","110/08/19","豐農",1023,30,993
"2018","00715L期街口布蘭特正2","110/08/19","元大-屏東民生",14,2200,-2186
"2019","00715L期街口布蘭特正2","110/08/19","元大-復北",954,74,880
"2020","00715L期街口布蘭特正2","110/08/19","凱基-台北",245,1890,-1645
"2021","00715L期街口布蘭特正2","110/08/19","中國信託-新竹",840,0,840
"2022","00715L期街口布蘭特正2","110/08/19","國票-博愛",10,1405,-1395
"2023","00715L期街口布蘭特正2","110/08/19","富邦證券",2317,1629,688
"2024","00715L期街口布蘭特正2","110/08/19","元富",10,1165,-1155
"2025","00715L期街口布蘭特正2","110/08/19","第一金-台南",540,0,540
"2026","00715L期街口布蘭特正2","110/08/19","新光",791,1810,-1019
"2027","00715L期街口布蘭特正2","110/08/19","兆豐-台中港",523,30,493
"2028","00715L期街口布蘭特正2","110/08/19","統一",3,978,-975
"2029","00715L期街口布蘭特正2","110/08/19","兆豐-嘉義",465,110,355
"2030","00715L期街口布蘭特正2","110/08/19","華南永昌-長虹",82,830,-748
"2031","00715L期街口布蘭特正2","110/08/19","元大-大里德芳",323,0,323
"2032","00715L期街口布蘭特正2","110/08/19","群益金鼎-宜蘭",20,737,-717
"2033","00715L期街口布蘭特正2","110/08/19","富邦-基隆",336,20,316
"2034","00715L期街口布蘭特正2","110/08/19","亞東",21,512,-491
"2035","00715L期街口布蘭特正2","110/08/19","元大-草屯",434,124,310
"2036","00715L期街口布蘭特正2","110/08/19","永豐金-板盛",6,420,-414
"2037","00715L期街口布蘭特正2","110/08/19","國泰-敦南",552,280,272
"2038","00715L期街口布蘭特正2","110/08/19","第一金-自由",28,419,-391
"2039","00715L期街口布蘭特正2","110/08/19","永豐金-羅東",270,2,268
"2040","00715L期街口布蘭特正2","110/08/19","元大-高雄",128,502,-374
"2041","8941關中","110/08/19","宏遠-館前",2,0,2
"2042","8941關中","110/08/19","富邦-台中",0,6,-6
"2043","8941關中","110/08/19","元大-西門",2,0,2
"2044","8941關中","110/08/19","兆豐-台中",0,2,-2
"2045","8941關中","110/08/19","新光-台中",1,0,1
"2046","8941關中","110/08/19","元大-金華",1,2,-1
"2047","8941關中","110/08/19","玉山-桃園",1,0,1
"2048","8941關中","110/08/19","兆豐-南京",0,0,0
"2049","8941關中","110/08/19","國泰-忠孝",1,0,1
"2050","8941關中","110/08/19","富邦-仁愛",0,0,0
"2051","8941關中","110/08/19","元大-華山",1,0,1
"2052","8941關中","110/08/19","元大-大雅",0,0,0
"2053","8941關中","110/08/19","元大-桃興",1,0,1
"2054","8941關中","110/08/19","永豐金-敦北",0,0,0
"2055","8941關中","110/08/19","兆豐-南京",0,0,0
"2056","8941關中","110/08/19","永豐金-南投",0,0,0
"2057","8941關中","110/08/19","富邦-仁愛",0,0,0
"2058","8941關中","110/08/19","",NA,NA,NA
"2059","8941關中","110/08/19","元大-大雅",0,0,0
"2060","8941關中","110/08/19","",NA,NA,NA
"2061","8941關中","110/08/19","永豐金-敦北",0,0,0
"2062","8941關中","110/08/19","",NA,NA,NA
"2063","8941關中","110/08/19","永豐金-南投",0,0,0
"2064","8941關中","110/08/19","",NA,NA,NA
"2065","8941關中","110/08/19","",NA,NA,NA
"2066","8941關中","110/08/19","",NA,NA,NA
"2067","8941關中","110/08/19","",NA,NA,NA
"2068","8941關中","110/08/19","",NA,NA,NA
"2069","8941關中","110/08/19","",NA,NA,NA
"2070","8941關中","110/08/19","",NA,NA,NA
"2071","8936國統","110/08/19","宏遠-台南",211,0,211
"2072","8936國統","110/08/19","元大-高雄",0,40,-40
"2073","8936國統","110/08/19","康和-高雄",126,1,125
"2074","8936國統","110/08/19","永豐金-苓雅",0,38,-38
"2075","8936國統","110/08/19","凱基-台北",122,66,56
"2076","8936國統","110/08/19","美商高盛",6,38,-32
"2077","8936國統","110/08/19","美林",54,0,54
"2078","8936國統","110/08/19","港商野村",17,38,-21
"2079","8936國統","110/08/19","新加坡商瑞銀",46,20,26
"2080","8936國統","110/08/19","日盛-頭份",0,20,-20
"2081","8936國統","110/08/19","元富-緯城",25,0,25
"2082","8936國統","110/08/19","兆豐-三重",0,20,-20
"2083","8936國統","110/08/19","富邦-高雄",14,0,14
"2084","8936國統","110/08/19","玉山-桃園",0,20,-20
"2085","8936國統","110/08/19","日盛-復興",10,0,10
"2086","8936國統","110/08/19","國泰-高雄",4,22,-18
"2087","8936國統","110/08/19","宏遠-高雄",18,8,10
"2088","8936國統","110/08/19","台灣摩根士丹利",0,17,-17
"2089","8936國統","110/08/19","中國信託-高雄",20,12,8
"2090","8936國統","110/08/19","凱基-竹科",0,16,-16
"2091","8936國統","110/08/19","日盛-豐原",7,0,7
"2092","8936國統","110/08/19","元大-大里德芳",0,16,-16
"2093","8936國統","110/08/19","元富-三重",7,0,7
"2094","8936國統","110/08/19","大昌-樹林",0,15,-15
"2095","8936國統","110/08/19","台新-高雄",10,3,7
"2096","8936國統","110/08/19","台新-屏東",0,12,-12
"2097","8936國統","110/08/19","臺銀-高雄",6,0,6
"2098","8936國統","110/08/19","中農",0,11,-11
"2099","8936國統","110/08/19","第一金-路竹",6,0,6
"2100","8936國統","110/08/19","臺銀-新竹",0,10,-10
"2101","6226光鼎","110/08/19","富邦-左營",110,2,108
"2102","6226光鼎","110/08/19","凱基-台北",177,732,-555
"2103","6226光鼎","110/08/19","元大-北屯",151,50,101
"2104","6226光鼎","110/08/19","摩根大通",28,396,-368
"2105","6226光鼎","110/08/19","國泰-敦南",201,125,76
"2106","6226光鼎","110/08/19","台灣摩根士丹利",0,254,-254
"2107","6226光鼎","110/08/19","元大-敦化",56,4,52
"2108","6226光鼎","110/08/19","元大-文心興安",1,230,-229
"2109","6226光鼎","110/08/19","兆豐-中壢",50,1,49
"2110","6226光鼎","110/08/19","美商高盛",33,233,-200
"2111","6226光鼎","110/08/19","凱基-台中",44,2,42
"2112","6226光鼎","110/08/19","富邦-台北",22,202,-180
"2113","6226光鼎","110/08/19","新光",121,81,40
"2114","6226光鼎","110/08/19","美林",72,160,-88
"2115","6226光鼎","110/08/19","合庫-西台中",47,10,37
"2116","6226光鼎","110/08/19","新加坡商瑞銀",138,225,-87
"2117","6226光鼎","110/08/19","元大-龍潭",42,5,37
"2118","6226光鼎","110/08/19","元大-南勢角",0,70,-70
"2119","6226光鼎","110/08/19","兆豐-東門",36,0,36
"2120","6226光鼎","110/08/19","臺銀-高雄",0,67,-67
"2121","6226光鼎","110/08/19","新光-台中",83,48,35
"2122","6226光鼎","110/08/19","港商野村",178,231,-53
"2123","6226光鼎","110/08/19","玉山-桃園",39,4,35
"2124","6226光鼎","110/08/19","永豐金-內湖",6,56,-50
"2125","6226光鼎","110/08/19","元大-竹科",59,24,35
"2126","6226光鼎","110/08/19","高橋-內壢",5,54,-49
"2127","6226光鼎","110/08/19","第一金-台南",33,0,33
"2128","6226光鼎","110/08/19","凱基-員林",7,53,-46
"2129","6226光鼎","110/08/19","台新證券",66,33,33
"2130","6226光鼎","110/08/19","台新-台中",28,65,-37
"2131","2363矽統","110/08/19","日盛-樹林",300,12,288
"2132","2363矽統","110/08/19","凱基-台北",560,1671,-1111
"2133","2363矽統","110/08/19","永豐金-板盛",200,2,198
"2134","2363矽統","110/08/19","摩根大通",3,713,-710
"2135","2363矽統","110/08/19","凱基-三峽",134,18,116
"2136","2363矽統","110/08/19","台新-三民",50,291,-241
"2137","2363矽統","110/08/19","富邦-新竹",94,7,87
"2138","2363矽統","110/08/19","台灣摩根士丹利",0,206,-206
"2139","2363矽統","110/08/19","元大-汐止",75,8,67
"2140","2363矽統","110/08/19","凱基-和平",1,132,-131
"2141","2363矽統","110/08/19","元大-斗六",67,2,65
"2142","2363矽統","110/08/19","永豐金證券",12,125,-113
"2143","2363矽統","110/08/19","大慶-蘆洲",69,13,56
"2144","2363矽統","110/08/19","石橋證券",50,155,-105
"2145","2363矽統","110/08/19","永豐金-豐原",55,2,53
"2146","2363矽統","110/08/19","港商野村",838,925,-87
"2147","2363矽統","110/08/19","日盛-豐原",59,10,49
"2148","2363矽統","110/08/19","新光-桃園",4,87,-83
"2149","2363矽統","110/08/19","群益金鼎-中壢",54,7,47
"2150","2363矽統","110/08/19","新光",212,282,-70
"2151","2363矽統","110/08/19","元大-南投",58,12,46
"2152","2363矽統","110/08/19","陽信-石牌",18,83,-65
"2153","2363矽統","110/08/19","富邦-板橋",51,7,44
"2154","2363矽統","110/08/19","美林",31,91,-60
"2155","2363矽統","110/08/19","台新證券",117,74,43
"2156","2363矽統","110/08/19","永豐金-新店",1,59,-58
"2157","2363矽統","110/08/19","元大-東港",45,2,43
"2158","2363矽統","110/08/19","台新-左楠",19,76,-57
"2159","2363矽統","110/08/19","元大-旗山",47,5,42
"2160","2363矽統","110/08/19","永全-南崁",7,53,-46
"2161","8112至上","110/08/19","元大-敦化",60,0,60
"2162","8112至上","110/08/19","港商野村",22,279,-257
"2163","8112至上","110/08/19","玉山-城中",60,2,58
"2164","8112至上","110/08/19","瑞士信貸",0,239,-239
"2165","8112至上","110/08/19","永豐金-敦南",52,4,48
"2166","8112至上","110/08/19","凱基-台北",101,275,-174
"2167","8112至上","110/08/19","統一",41,0,41
"2168","8112至上","110/08/19","摩根大通",161,332,-171
"2169","8112至上","110/08/19","元大-竹東",36,0,36
"2170","8112至上","110/08/19","凱基-市政",0,80,-80
"2171","8112至上","110/08/19","凱基-嘉義",35,0,35
"2172","8112至上","110/08/19","台灣摩根士丹利",6,75,-69
"2173","8112至上","110/08/19","新光-台南",32,0,32
"2174","8112至上","110/08/19","美商高盛",18,76,-58
"2175","8112至上","110/08/19","永興-水湳",30,0,30
"2176","8112至上","110/08/19","新加坡商瑞銀",22,76,-54
"2177","8112至上","110/08/19","元大-永和",29,0,29
"2178","8112至上","110/08/19","美林",9,61,-52
"2179","8112至上","110/08/19","凱基-東勢",26,1,25
"2180","8112至上","110/08/19","富邦-花蓮",1,51,-50
"2181","8112至上","110/08/19","臺銀-臺南",28,4,24
"2182","8112至上","110/08/19","元大-路竹",8,52,-44
"2183","8112至上","110/08/19","富邦-中壢",29,5,24
"2184","8112至上","110/08/19","(牛牛牛)亞-鑫豐",34,77,-43
"2185","8112至上","110/08/19","第一金-桃園",24,1,23
"2186","8112至上","110/08/19","台新-中壢",2,42,-40
"2187","8112至上","110/08/19","國泰-敦南",27,4,23
"2188","8112至上","110/08/19","國泰證券",0,40,-40
"2189","8112至上","110/08/19","凱基-文心",23,0,23
"2190","8112至上","110/08/19","永豐金-苓雅",0,40,-40
"2191","1570力肯","110/08/19","國票-北高雄",37,0,37
"2192","1570力肯","110/08/19","新光-台南",3,44,-41
"2193","1570力肯","110/08/19","康和-台南",30,0,30
"2194","1570力肯","110/08/19","元大-大統",0,20,-20
"2195","1570力肯","110/08/19","國票-內壢",25,0,25
"2196","1570力肯","110/08/19","元富-新店",0,18,-18
"2197","1570力肯","110/08/19","元富-虎尾",20,0,20
"2198","1570力肯","110/08/19","元大-民生",2,19,-17
"2199","1570力肯","110/08/19","國票-博愛",17,0,17
"2200","1570力肯","110/08/19","國泰-敦南",1,16,-15
"2201","1570力肯","110/08/19","日盛-高雄",15,0,15
"2202","1570力肯","110/08/19","富邦-敦南",0,15,-15
"2203","1570力肯","110/08/19","元大-南投",15,0,15
"2204","1570力肯","110/08/19","元大-大雅",10,25,-15
"2205","1570力肯","110/08/19","富邦-嘉義",15,1,14
"2206","1570力肯","110/08/19","日盛-板橋",2,16,-14
"2207","1570力肯","110/08/19","元大-北投",13,0,13
"2208","1570力肯","110/08/19","華南永昌-嘉義",0,12,-12
"2209","1570力肯","110/08/19","元富-緯城",12,0,12
"2210","1570力肯","110/08/19","凱基-台北",3,14,-11
"2211","1570力肯","110/08/19","土銀-新竹",11,0,11
"2212","1570力肯","110/08/19","元富-草屯",0,10,-10
"2213","1570力肯","110/08/19","日盛-嘉義",11,0,11
"2214","1570力肯","110/08/19","新光",7,17,-10
"2215","1570力肯","110/08/19","富邦-羅東",11,0,11
"2216","1570力肯","110/08/19","富邦-內湖",3,13,-10
"2217","1570力肯","110/08/19","富邦-仁愛",10,0,10
"2218","1570力肯","110/08/19","元大-福營",0,10,-10
"2219","1570力肯","110/08/19","元大-羅東",10,0,10
"2220","1570力肯","110/08/19","元大-松山",0,10,-10
"2221","2929淘帝","110/08/19","元大-太平",54,0,54
"2222","2929淘帝","110/08/19","摩根大通",0,58,-58
"2223","2929淘帝","110/08/19","凱基-東門",32,0,32
"2224","2929淘帝","110/08/19","宏遠-館前",0,35,-35
"2225","2929淘帝","110/08/19","日盛-桃園",20,0,20
"2226","2929淘帝","110/08/19","元富-台南",0,32,-32
"2227","2929淘帝","110/08/19","富邦-高雄",16,0,16
"2228","2929淘帝","110/08/19","日茂",0,20,-20
"2229","2929淘帝","110/08/19","元大-員林",11,0,11
"2230","2929淘帝","110/08/19","美商高盛",0,11,-11
"2231","2929淘帝","110/08/19","凱基-中山",10,0,10
"2232","2929淘帝","110/08/19","凱基-站前",0,10,-10
"2233","2929淘帝","110/08/19","富邦-南屯",7,0,7
"2234","2929淘帝","110/08/19","統一-三重",0,8,-8
"2235","2929淘帝","110/08/19","日盛-雙和",6,0,6
"2236","2929淘帝","110/08/19","群益金鼎",0,7,-7
"2237","2929淘帝","110/08/19","亞東-新竹",6,0,6
"2238","2929淘帝","110/08/19","凱基-八德",0,7,-7
"2239","2929淘帝","110/08/19","兆豐-桃鶯",6,0,6
"2240","2929淘帝","110/08/19","港商野村",3,9,-6
"2241","2929淘帝","110/08/19","新光",6,0,6
"2242","2929淘帝","110/08/19","安泰",0,5,-5
"2243","2929淘帝","110/08/19","群益金鼎-三重",5,0,5
"2244","2929淘帝","110/08/19","元大-金門",0,5,-5
"2245","2929淘帝","110/08/19","元大-左營",5,0,5
"2246","2929淘帝","110/08/19","永豐金-竹科",0,5,-5
"2247","2929淘帝","110/08/19","台新-新莊",9,5,4
"2248","2929淘帝","110/08/19","致和證券",0,4,-4
"2249","2929淘帝","110/08/19","群益金鼎-新店",4,0,4
"2250","2929淘帝","110/08/19","元大-苑裡",0,4,-4
"2251","5410國眾","110/08/19","土銀-嘉義",14,0,14
"2252","5410國眾","110/08/19","致和-台北",0,60,-60
"2253","5410國眾","110/08/19","國票-北高雄",10,0,10
"2254","5410國眾","110/08/19","凱基-台北",1,20,-19
"2255","5410國眾","110/08/19","玉山-城中",10,0,10
"2256","5410國眾","110/08/19","新加坡商瑞銀",0,14,-14
"2257","5410國眾","110/08/19","元大-中壢",9,0,9
"2258","5410國眾","110/08/19","亞東-新竹",0,14,-14
"2259","5410國眾","110/08/19","台新證券",8,0,8
"2260","5410國眾","110/08/19","富邦-永和",0,7,-7
"2261","5410國眾","110/08/19","新光",7,1,6
"2262","5410國眾","110/08/19","摩根大通",0,5,-5
"2263","5410國眾","110/08/19","日盛-八德",5,0,5
"2264","5410國眾","110/08/19","元大-南勢角",0,3,-3
"2265","5410國眾","110/08/19","元大-旗山",5,0,5
"2266","5410國眾","110/08/19","元大-板橋三民",0,3,-3
"2267","5410國眾","110/08/19","元大-博愛",5,0,5
"2268","5410國眾","110/08/19","元富-大昌",0,2,-2
"2269","5410國眾","110/08/19","元大-左營",5,0,5
"2270","5410國眾","110/08/19","台中銀-員林",0,2,-2
"2271","5410國眾","110/08/19","臺銀-金山",6,2,4
"2272","5410國眾","110/08/19","台新-左楠",0,2,-2
"2273","5410國眾","110/08/19","統一-台中",4,0,4
"2274","5410國眾","110/08/19","群益金鼎-東門",0,2,-2
"2275","5410國眾","110/08/19","元大-開元",4,0,4
"2276","5410國眾","110/08/19","凱基-汐止",0,2,-2
"2277","5410國眾","110/08/19","日盛-園區",3,0,3
"2278","5410國眾","110/08/19","華南永昌-小港",0,2,-2
"2279","5410國眾","110/08/19","國泰-敦南",3,0,3
"2280","5410國眾","110/08/19","富邦-新店",0,2,-2
"2281","2841台開","110/08/19","宏遠-館前",360,0,360
"2282","2841台開","110/08/19","元大證券",0,108,-108
"2283","2841台開","110/08/19","第一金",104,0,104
"2284","2841台開","110/08/19","國票-敦北法人",0,98,-98
"2285","2841台開","110/08/19","日盛-台中",35,1,34
"2286","2841台開","110/08/19","台中銀",0,93,-93
"2287","2841台開","110/08/19","合庫證券",20,0,20
"2288","2841台開","110/08/19","元大-府城",0,51,-51
"2289","2841台開","110/08/19","第一金-台中",20,0,20
"2290","2841台開","110/08/19","日盛-信義",0,50,-50
"2291","2841台開","110/08/19","富邦-基隆",20,0,20
"2292","2841台開","110/08/19","新光-台南",0,46,-46
"2293","2841台開","110/08/19","富邦-三重",20,0,20
"2294","2841台開","110/08/19","永豐金-桃園",0,41,-41
"2295","2841台開","110/08/19","元大-六合",17,0,17
"2296","2841台開","110/08/19","凱基-高美館",0,30,-30
"2297","2841台開","110/08/19","國泰-館前",11,0,11
"2298","2841台開","110/08/19","凱基-新豐",0,30,-30
"2299","2841台開","110/08/19","統一-新台中",10,0,10
"2300","2841台開","110/08/19","第一金-忠孝",0,20,-20
"2301","2841台開","110/08/19","玉山證券",10,0,10
"2302","2841台開","110/08/19","富邦-員林",0,20,-20
"2303","2841台開","110/08/19","國泰-台中",10,0,10
"2304","2841台開","110/08/19","日盛證券",22,38,-16
"2305","2841台開","110/08/19","國泰-忠孝",10,0,10
"2306","2841台開","110/08/19","國泰-敦南",3,19,-16
"2307","2841台開","110/08/19","元大-東泰",10,0,10
"2308","2841台開","110/08/19","中國信託-嘉義",0,15,-15
"2309","2841台開","110/08/19","元大-高雄",10,0,10
"2310","2841台開","110/08/19","永豐金-敦南",17,29,-12
"2311","6207雷科","110/08/19","元大-高雄",76,0,76
"2312","6207雷科","110/08/19","凱基-大安",0,50,-50
"2313","6207雷科","110/08/19","光和-和美",53,0,53
"2314","6207雷科","110/08/19","凱基-復興",2,30,-28
"2315","6207雷科","110/08/19","日盛-桃園",10,0,10
"2316","6207雷科","110/08/19","日盛-三重",0,23,-23
"2317","6207雷科","110/08/19","元大-六合",10,0,10
"2318","6207雷科","110/08/19","港商野村",8,30,-22
"2319","6207雷科","110/08/19","凱基-台北",21,13,8
"2320","6207雷科","110/08/19","新加坡商瑞銀",12,29,-17
"2321","6207雷科","110/08/19","永豐金-高雄",8,0,8
"2322","6207雷科","110/08/19","日茂-埔里",0,17,-17
"2323","6207雷科","110/08/19","凱基-高雄",7,0,7
"2324","6207雷科","110/08/19","摩根大通",7,21,-14
"2325","6207雷科","110/08/19","元大-沙鹿",6,0,6
"2326","6207雷科","110/08/19","群益金鼎-東門",0,12,-12
"2327","6207雷科","110/08/19","元大-東門",6,0,6
"2328","6207雷科","110/08/19","富邦-虎尾",0,10,-10
"2329","6207雷科","110/08/19","元富-吉利",5,0,5
"2330","6207雷科","110/08/19","凱基-高美館",5,14,-9
"2331","6207雷科","110/08/19","大昌-桃園",5,0,5
"2332","6207雷科","110/08/19","富邦-板橋",0,8,-8
"2333","6207雷科","110/08/19","玉山-大里",5,0,5
"2334","6207雷科","110/08/19","元富-潮州",0,7,-7
"2335","6207雷科","110/08/19","元大-大益",5,0,5
"2336","6207雷科","110/08/19","凱基-員林",0,7,-7
"2337","6207雷科","110/08/19","元大-福營",4,0,4
"2338","6207雷科","110/08/19","華南永昌-林口",0,7,-7
"2339","6207雷科","110/08/19","臺銀-臺中",3,0,3
"2340","6207雷科","110/08/19","日盛-八德",0,6,-6
"2341","3679新至陞","110/08/19","台灣摩根士丹利",7,0,7
"2342","3679新至陞","110/08/19","摩根大通",3,11,-8
"2343","3679新至陞","110/08/19","元大-板橋",6,0,6
"2344","3679新至陞","110/08/19","瑞士信貸",1,6,-5
"2345","3679新至陞","110/08/19","美林",10,5,5
"2346","3679新至陞","110/08/19","美商高盛",0,3,-3
"2347","3679新至陞","110/08/19","日盛-土城",2,0,2
"2348","3679新至陞","110/08/19","宏遠-館前",0,2,-2
"2349","3679新至陞","110/08/19","富邦-新店",2,0,2
"2350","3679新至陞","110/08/19","港商野村",0,2,-2
"2351","3679新至陞","110/08/19","土銀-新竹",1,0,1
"2352","3679新至陞","110/08/19","花旗環球",0,2,-2
"2353","3679新至陞","110/08/19","臺銀-高雄",1,0,1
"2354","3679新至陞","110/08/19","國泰-高雄",0,2,-2
"2355","3679新至陞","110/08/19","(牛牛牛)亞-網路",1,0,1
"2356","3679新至陞","110/08/19","元大證券",1,3,-2
"2357","3679新至陞","110/08/19","中國信託-永康",1,0,1
"2358","3679新至陞","110/08/19","元大-新店中正",0,2,-2
"2359","3679新至陞","110/08/19","光和-溪湖",1,0,1
"2360","3679新至陞","110/08/19","元大-成功",0,2,-2
"2361","3679新至陞","110/08/19","兆豐證券",1,0,1
"2362","3679新至陞","110/08/19","永豐金-板新",0,2,-2
"2363","3679新至陞","110/08/19","國票-台東",1,0,1
"2364","3679新至陞","110/08/19","土銀-和平",0,1,-1
"2365","3679新至陞","110/08/19","玉山-新莊",1,0,1
"2366","3679新至陞","110/08/19","新加坡商瑞銀",0,1,-1
"2367","3679新至陞","110/08/19","玉山-嘉義",1,0,1
"2368","3679新至陞","110/08/19","第一金-忠孝",0,1,-1
"2369","3679新至陞","110/08/19","群益金鼎-高盛",1,0,1
"2370","3679新至陞","110/08/19","凱基",0,1,-1
"2371","2727王品","110/08/19","日盛-忠孝",36,0,36
"2372","2727王品","110/08/19","宏遠證券",0,75,-75
"2373","2727王品","110/08/19","中國信託-高雄",12,0,12
"2374","2727王品","110/08/19","美林",0,49,-49
"2375","2727王品","110/08/19","國泰-敦南",17,6,11
"2376","2727王品","110/08/19","摩根大通",1,47,-46
"2377","2727王品","110/08/19","群益金鼎-新店",10,0,10
"2378","2727王品","110/08/19","永豐金證券",2,45,-43
"2379","2727王品","110/08/19","富邦-羅東",10,0,10
"2380","2727王品","110/08/19","美商高盛",2,39,-37
"2381","2727王品","110/08/19","富邦-仁愛",9,0,9
"2382","2727王品","110/08/19","凱基-台北",27,56,-29
"2383","2727王品","110/08/19","國泰-台中",14,6,8
"2384","2727王品","110/08/19","新光-台中",5,28,-23
"2385","2727王品","110/08/19","元大-北屯",10,2,8
"2386","2727王品","110/08/19","台灣摩根士丹利",1,21,-20
"2387","2727王品","110/08/19","元富-大昌",7,0,7
"2388","2727王品","110/08/19","凱基-東門",0,18,-18
"2389","2727王品","110/08/19","台新-台中",9,2,7
"2390","2727王品","110/08/19","統一",0,17,-17
"2391","2727王品","110/08/19","新光-新竹",7,0,7
"2392","2727王品","110/08/19","瑞士信貸",2,13,-11
"2393","2727王品","110/08/19","凱基-基隆",7,0,7
"2394","2727王品","110/08/19","新加坡商瑞銀",0,11,-11
"2395","2727王品","110/08/19","宏遠-高雄",6,0,6
"2396","2727王品","110/08/19","港商野村",18,28,-10
"2397","2727王品","110/08/19","台新證券",6,0,6
"2398","2727王品","110/08/19","富邦-新店",1,11,-10
"2399","2727王品","110/08/19","玉山證券",6,0,6
"2400","2727王品","110/08/19","元大-善化",0,10,-10
"2401","1570力肯","110/08/19","國票-北高雄",37,0,37
"2402","1570力肯","110/08/19","新光-台南",3,44,-41
"2403","1570力肯","110/08/19","康和-台南",30,0,30
"2404","1570力肯","110/08/19","元大-大統",0,20,-20
"2405","1570力肯","110/08/19","國票-內壢",25,0,25
"2406","1570力肯","110/08/19","元富-新店",0,18,-18
"2407","1570力肯","110/08/19","元富-虎尾",20,0,20
"2408","1570力肯","110/08/19","元大-民生",2,19,-17
"2409","1570力肯","110/08/19","國票-博愛",17,0,17
"2410","1570力肯","110/08/19","國泰-敦南",1,16,-15
"2411","1570力肯","110/08/19","日盛-高雄",15,0,15
"2412","1570力肯","110/08/19","富邦-敦南",0,15,-15
"2413","1570力肯","110/08/19","元大-南投",15,0,15
"2414","1570力肯","110/08/19","元大-大雅",10,25,-15
"2415","1570力肯","110/08/19","富邦-嘉義",15,1,14
"2416","1570力肯","110/08/19","日盛-板橋",2,16,-14
"2417","1570力肯","110/08/19","元大-北投",13,0,13
"2418","1570力肯","110/08/19","華南永昌-嘉義",0,12,-12
"2419","1570力肯","110/08/19","元富-緯城",12,0,12
"2420","1570力肯","110/08/19","凱基-台北",3,14,-11
"2421","1570力肯","110/08/19","土銀-新竹",11,0,11
"2422","1570力肯","110/08/19","元富-草屯",0,10,-10
"2423","1570力肯","110/08/19","日盛-嘉義",11,0,11
"2424","1570力肯","110/08/19","新光",7,17,-10
"2425","1570力肯","110/08/19","富邦-羅東",11,0,11
"2426","1570力肯","110/08/19","富邦-內湖",3,13,-10
"2427","1570力肯","110/08/19","富邦-仁愛",10,0,10
"2428","1570力肯","110/08/19","元大-福營",0,10,-10
"2429","1570力肯","110/08/19","元大-羅東",10,0,10
"2430","1570力肯","110/08/19","元大-松山",0,10,-10
"2431","6180橘子","110/08/19","美林",29,0,29
"2432","6180橘子","110/08/19","新光-台中",4,23,-19
"2433","6180橘子","110/08/19","美商高盛",24,0,24
"2434","6180橘子","110/08/19","元大-大甲",0,16,-16
"2435","6180橘子","110/08/19","富邦-竹東",21,0,21
"2436","6180橘子","110/08/19","元富-城東",1,13,-12
"2437","6180橘子","110/08/19","第一金-新竹",20,0,20
"2438","6180橘子","110/08/19","凱基-台北",2,13,-11
"2439","6180橘子","110/08/19","富邦-永和",11,0,11
"2440","6180橘子","110/08/19","凱基-竹科",1,12,-11
"2441","6180橘子","110/08/19","合庫-自強",10,0,10
"2442","6180橘子","110/08/19","元富-草屯",0,10,-10
"2443","6180橘子","110/08/19","富邦-新竹",12,2,10
"2444","6180橘子","110/08/19","新光",8,18,-10
"2445","6180橘子","110/08/19","元大-中壢",10,1,9
"2446","6180橘子","110/08/19","凱基-站前",0,10,-10
"2447","6180橘子","110/08/19","國泰-板橋",7,1,6
"2448","6180橘子","110/08/19","元大-文心興安",0,10,-10
"2449","6180橘子","110/08/19","富隆-長安",5,0,5
"2450","6180橘子","110/08/19","永豐金-新店",0,10,-10
"2451","6180橘子","110/08/19","大慶-苗栗",5,0,5
"2452","6180橘子","110/08/19","兆豐-新營",1,10,-9
"2453","6180橘子","110/08/19","台新-屏東",5,0,5
"2454","6180橘子","110/08/19","元大-北屯",1,10,-9
"2455","6180橘子","110/08/19","元大-向上",5,0,5
"2456","6180橘子","110/08/19","摩根大通",28,36,-8
"2457","6180橘子","110/08/19","永豐金-竹科",5,0,5
"2458","6180橘子","110/08/19","凱基-市政",0,7,-7
"2459","6180橘子","110/08/19","土銀-新竹",4,0,4
"2460","6180橘子","110/08/19","台灣摩根士丹利",11,17,-6
"2461","2390云辰","110/08/19","富邦-花蓮",100,0,100
"2462","2390云辰","110/08/19","摩根大通",96,805,-709
"2463","2390云辰","110/08/19","統一-新台中",86,0,86
"2464","2390云辰","110/08/19","美林",195,271,-76
"2465","2390云辰","110/08/19","凱基-台北",335,254,81
"2466","2390云辰","110/08/19","兆豐-桃園",15,90,-75
"2467","2390云辰","110/08/19","國票-博愛",132,54,78
"2468","2390云辰","110/08/19","大昌-新店",27,92,-65
"2469","2390云辰","110/08/19","凱基-台中",77,1,76
"2470","2390云辰","110/08/19","宏遠-桃園",1,63,-62
"2471","2390云辰","110/08/19","凱基-和平",60,2,58
"2472","2390云辰","110/08/19","華南永昌-公誠",53,110,-57
"2473","2390云辰","110/08/19","國票-安和",53,10,43
"2474","2390云辰","110/08/19","大慶-富順",11,67,-56
"2475","2390云辰","110/08/19","元大-四維",46,10,36
"2476","2390云辰","110/08/19","元大-歸仁",2,55,-53
"2477","2390云辰","110/08/19","中農",55,20,35
"2478","2390云辰","110/08/19","日茂",7,58,-51
"2479","2390云辰","110/08/19","第一金-安和",55,22,33
"2480","2390云辰","110/08/19","元大-大灣",10,60,-50
"2481","2390云辰","110/08/19","元大-雙和",42,12,30
"2482","2390云辰","110/08/19","凱基-三重",1,48,-47
"2483","2390云辰","110/08/19","國泰-館前",77,48,29
"2484","2390云辰","110/08/19","國票-台東",2,41,-39
"2485","2390云辰","110/08/19","元大-文心興安",42,13,29
"2486","2390云辰","110/08/19","豐農",7,41,-34
"2487","2390云辰","110/08/19","(牛牛牛)亞-鑫豐",59,31,28
"2488","2390云辰","110/08/19","凱基-中港",5,36,-31
"2489","2390云辰","110/08/19","國泰-高雄",44,18,26
"2490","2390云辰","110/08/19","永豐金-嘉義",3,32,-29
"2491","2609陽明","110/08/18","凱基-台北",15132,4630,10502
"2492","2609陽明","110/08/18","兆豐-復興",1580,3572,-1992
"2493","2609陽明","110/08/18","康和",4145,283,3862
"2494","2609陽明","110/08/18","日盛-板橋",943,2532,-1589
"2495","2609陽明","110/08/18","美林",6982,3580,3402
"2496","2609陽明","110/08/18","國泰-敦南",4957,6082,-1125
"2497","2609陽明","110/08/18","富邦證券",5335,3049,2286
"2498","2609陽明","110/08/18","新光",3470,4443,-973
"2499","2609陽明","110/08/18","兆豐-南京",2352,209,2143
"2500","2609陽明","110/08/18","玉山證券",1002,1913,-911
"2501","2609陽明","110/08/18","兆豐-虎尾",4490,2388,2102
"2502","2609陽明","110/08/18","台新證券",2873,3601,-728
"2503","2609陽明","110/08/18","永豐金-信義",1719,99,1620
"2504","2609陽明","110/08/18","國泰-館前",1002,1633,-631
"2505","2609陽明","110/08/18","摩根大通",9173,7611,1562
"2506","2609陽明","110/08/18","日盛-中壢",255,825,-570
"2507","2609陽明","110/08/18","台灣摩根士丹利",2544,1230,1314
"2508","2609陽明","110/08/18","兆豐-板橋",646,1122,-476
"2509","2609陽明","110/08/18","凱基-斗六",4335,3037,1298
"2510","2609陽明","110/08/18","第一金-嘉義",153,589,-436
"2511","2609陽明","110/08/18","統一",1895,653,1242
"2512","2609陽明","110/08/18","第一金-桃園",168,595,-427
"2513","2609陽明","110/08/18","元大證券",3293,2063,1230
"2514","2609陽明","110/08/18","(牛牛牛)亞-鑫豐",283,690,-407
"2515","2609陽明","110/08/18","富邦-仁愛",2205,1064,1141
"2516","2609陽明","110/08/18","國泰-板橋",1508,1913,-405
"2517","2609陽明","110/08/18","富邦-虎尾",10781,9680,1101
"2518","2609陽明","110/08/18","凱基-市政",9806,10201,-395
"2519","2609陽明","110/08/18","元大-頭份",1219,381,838
"2520","2609陽明","110/08/18","凱基-高美館",607,1000,-393
"2521","2636台驊投控","110/08/18","富邦證券",1190,0,1190
"2522","2636台驊投控","110/08/18","凱基",21,470,-449
"2523","2636台驊投控","110/08/18","摩根大通",1639,646,993
"2524","2636台驊投控","110/08/18","玉山-南京東路",3,355,-352
"2525","2636台驊投控","110/08/18","台灣摩根士丹利",825,36,789
"2526","2636台驊投控","110/08/18","統一-新台中",15,291,-276
"2527","2636台驊投控","110/08/18","凱基-台北",881,309,572
"2528","2636台驊投控","110/08/18","永豐金-新竹",38,292,-254
"2529","2636台驊投控","110/08/18","統一",503,143,360
"2530","2636台驊投控","110/08/18","國票-彰化",518,760,-242
"2531","2636台驊投控","110/08/18","富邦-員林",373,78,295
"2532","2636台驊投控","110/08/18","國泰-敦南",456,601,-145
"2533","2636台驊投控","110/08/18","新加坡商瑞銀",307,50,257
"2534","2636台驊投控","110/08/18","日盛-宜蘭",12,143,-131
"2535","2636台驊投控","110/08/18","美林",863,611,252
"2536","2636台驊投控","110/08/18","日盛-景美",26,156,-130
"2537","2636台驊投控","110/08/18","日盛-台中",273,57,216
"2538","2636台驊投控","110/08/18","日盛證券",180,298,-118
"2539","2636台驊投控","110/08/18","日盛-板橋",166,13,153
"2540","2636台驊投控","110/08/18","第一金-桃園",36,154,-118
"2541","2636台驊投控","110/08/18","兆豐-虎尾",169,20,149
"2542","2636台驊投控","110/08/18","新光",402,503,-101
"2543","2636台驊投控","110/08/18","華南永昌-竹北",221,84,137
"2544","2636台驊投控","110/08/18","凱基-市政",93,185,-92
"2545","2636台驊投控","110/08/18","大慶",123,6,117
"2546","2636台驊投控","110/08/18","台新證券",371,450,-79
"2547","2636台驊投控","110/08/18","美商高盛",432,323,109
"2548","2636台驊投控","110/08/18","凱基-天母",2,81,-79
"2549","2636台驊投控","110/08/18","統一-南京",102,33,69
"2550","2636台驊投控","110/08/18","華南永昌-南京",30,101,-71
"2551","2867三商壽","110/08/18","摩根大通",776,115,661
"2552","2867三商壽","110/08/18","華南永昌",2,804,-802
"2553","2867三商壽","110/08/18","美林",510,38,472
"2554","2867三商壽","110/08/18","富邦-陽明",0,253,-253
"2555","2867三商壽","110/08/18","元富-世貿",164,15,149
"2556","2867三商壽","110/08/18","宏遠證券",0,220,-220
"2557","2867三商壽","110/08/18","元大-桃園",110,1,109
"2558","2867三商壽","110/08/18","元大-崇德",0,178,-178
"2559","2867三商壽","110/08/18","新加坡商瑞銀",168,73,95
"2560","2867三商壽","110/08/18","元大證券",7,143,-136
"2561","2867三商壽","110/08/18","台新證券",97,2,95
"2562","2867三商壽","110/08/18","土銀-新竹",0,86,-86
"2563","2867三商壽","110/08/18","康和-台中",90,1,89
"2564","2867三商壽","110/08/18","統一-台中",0,82,-82
"2565","2867三商壽","110/08/18","富邦-三重",90,6,84
"2566","2867三商壽","110/08/18","富邦-嘉義",0,70,-70
"2567","2867三商壽","110/08/18","元富",70,0,70
"2568","2867三商壽","110/08/18","宏遠-台中",7,71,-64
"2569","2867三商壽","110/08/18","兆豐-寶成",70,1,69
"2570","2867三商壽","110/08/18","富邦-南屯",0,63,-63
"2571","2867三商壽","110/08/18","台新-台中",68,13,55
"2572","2867三商壽","110/08/18","元大-大甲",1,61,-60
"2573","2867三商壽","110/08/18","凱基",51,0,51
"2574","2867三商壽","110/08/18","美商高盛",32,87,-55
"2575","2867三商壽","110/08/18","元大-開元",51,0,51
"2576","2867三商壽","110/08/18","元富-大裕",0,50,-50
"2577","2867三商壽","110/08/18","日盛-頭份",50,0,50
"2578","2867三商壽","110/08/18","富邦-高雄",1,48,-47
"2579","2867三商壽","110/08/18","兆豐-台中",50,0,50
"2580","2867三商壽","110/08/18","元大-台北",0,40,-40
"2581","5521工信","110/08/18","台新證券",144,10,134
"2582","5521工信","110/08/18","台新-台中",0,200,-200
"2583","5521工信","110/08/18","群益金鼎-台中",43,0,43
"2584","5521工信","110/08/18","香港上海匯豐",0,143,-143
"2585","5521工信","110/08/18","富邦-嘉義",31,0,31
"2586","5521工信","110/08/18","日盛-雙和",0,100,-100
"2587","5521工信","110/08/18","華南永昌-林口",30,1,29
"2588","5521工信","110/08/18","元大-沙鹿",0,61,-61
"2589","5521工信","110/08/18","日進",25,0,25
"2590","5521工信","110/08/18","凱基-台北",57,116,-59
"2591","5521工信","110/08/18","國泰-敦南",26,3,23
"2592","5521工信","110/08/18","美林",3,61,-58
"2593","5521工信","110/08/18","群益金鼎-高雄",20,0,20
"2594","5521工信","110/08/18","永豐金-桃盛",0,50,-50
"2595","5521工信","110/08/18","元大-屏南",20,0,20
"2596","5521工信","110/08/18","摩根大通",106,150,-44
"2597","5521工信","110/08/18","元大-基隆孝二",20,0,20
"2598","5521工信","110/08/18","大慶-富順",0,42,-42
"2599","5521工信","110/08/18","永豐金-新店",20,0,20
"2600","5521工信","110/08/18","元大-鳳山",0,30,-30
"2601","5521工信","110/08/18","元大-龍潭",17,0,17
"2602","5521工信","110/08/18","凱基-三重",25,50,-25
"2603","5521工信","110/08/18","兆豐-北高雄",16,0,16
"2604","5521工信","110/08/18","光和-田中",2,24,-22
"2605","5521工信","110/08/18","元富-文心",15,0,15
"2606","5521工信","110/08/18","元大-和平",0,20,-20
"2607","5521工信","110/08/18","元大-前金",15,0,15
"2608","5521工信","110/08/18","華南永昌",0,15,-15
"2609","5521工信","110/08/18","元大-北投",15,0,15
"2610","5521工信","110/08/18","凱基-南崁",0,12,-12
"2611","1471首利","110/08/18","摩根大通",195,17,178
"2612","1471首利","110/08/18","元大-西門",16,81,-65
"2613","1471首利","110/08/18","永豐金-板盛",42,0,42
"2614","1471首利","110/08/18","高橋-龍潭",0,35,-35
"2615","1471首利","110/08/18","台新證券",35,13,22
"2616","1471首利","110/08/18","新光",14,41,-27
"2617","1471首利","110/08/18","台灣企銀-九如",20,0,20
"2618","1471首利","110/08/18","台新-高雄",2,25,-23
"2619","1471首利","110/08/18","凱基-五股",20,0,20
"2620","1471首利","110/08/18","元富-世貿",0,20,-20
"2621","1471首利","110/08/18","瑞士信貸",25,13,12
"2622","1471首利","110/08/18","台新-中壢",0,20,-20
"2623","1471首利","110/08/18","群益金鼎-三重",10,0,10
"2624","1471首利","110/08/18","玉山-高雄",1,21,-20
"2625","1471首利","110/08/18","凱基-台南",10,0,10
"2626","1471首利","110/08/18","富邦-基隆",13,30,-17
"2627","1471首利","110/08/18","華南永昌-鳳山",10,0,10
"2628","1471首利","110/08/18","凱基-彰化",0,14,-14
"2629","1471首利","110/08/18","富邦-嘉義",10,0,10
"2630","1471首利","110/08/18","元富-民權",0,12,-12
"2631","1471首利","110/08/18","元大-開元",10,0,10
"2632","1471首利","110/08/18","凱基-羅東",0,11,-11
"2633","1471首利","110/08/18","元大-內湖",10,0,10
"2634","1471首利","110/08/18","合庫證券",0,10,-10
"2635","1471首利","110/08/18","元大-東港",10,0,10
"2636","1471首利","110/08/18","日盛-斗六",0,10,-10
"2637","1471首利","110/08/18","永豐金-台南",10,0,10
"2638","1471首利","110/08/18","群益金鼎-潭子",0,10,-10
"2639","1471首利","110/08/18","凱基-台北",25,16,9
"2640","1471首利","110/08/18","元大-汐止",0,10,-10
"2641","2883開發金","110/08/18","合庫-台中",6579,11,6568
"2642","2883開發金","110/08/18","新加坡商瑞銀",902,7117,-6215
"2643","2883開發金","110/08/18","香港上海匯豐",4579,0,4579
"2644","2883開發金","110/08/18","台灣摩根士丹利",375,5303,-4928
"2645","2883開發金","110/08/18","富邦-台中",3720,12,3708
"2646","2883開發金","110/08/18","凱基",0,4582,-4582
"2647","2883開發金","110/08/18","中國信託-文心",3128,2,3126
"2648","2883開發金","110/08/18","台新證券",425,4594,-4169
"2649","2883開發金","110/08/18","元大-福營",1063,19,1044
"2650","2883開發金","110/08/18","國泰證券",11,3677,-3666
"2651","2883開發金","110/08/18","華南永昌-南京",1046,43,1003
"2652","2883開發金","110/08/18","富邦證券",47,3305,-3258
"2653","2883開發金","110/08/18","合庫證券",999,7,992
"2654","2883開發金","110/08/18","元大證券",1065,3675,-2610
"2655","2883開發金","110/08/18","瑞士信貸",1041,53,988
"2656","2883開發金","110/08/18","凱基-台北",1972,4074,-2102
"2657","2883開發金","110/08/18","摩根大通",2088,1332,756
"2658","2883開發金","110/08/18","國票-長城",711,2005,-1294
"2659","2883開發金","110/08/18","新光",2279,1577,702
"2660","2883開發金","110/08/18","日盛證券",88,1002,-914
"2661","2883開發金","110/08/18","元大-金華",559,0,559
"2662","2883開發金","110/08/18","群益金鼎-西松",38,786,-748
"2663","2883開發金","110/08/18","花旗環球",652,184,468
"2664","2883開發金","110/08/18","兆豐-高雄",12,668,-656
"2665","2883開發金","110/08/18","港商野村",1145,723,422
"2666","2883開發金","110/08/18","元富-四維",2,606,-604
"2667","2883開發金","110/08/18","國泰-敦南",609,244,365
"2668","2883開發金","110/08/18","宏遠-光隆",14,615,-601
"2669","2883開發金","110/08/18","元富",353,0,353
"2670","2883開發金","110/08/18","永豐金-苓雅",30,595,-565
"2671","6205詮欣","110/08/18","摩根大通",14,1,13
"2672","6205詮欣","110/08/18","合庫證券",0,15,-15
"2673","6205詮欣","110/08/18","凱基-汐止",10,0,10
"2674","6205詮欣","110/08/18","國票-南港",0,14,-14
"2675","6205詮欣","110/08/18","臺銀-臺中",9,0,9
"2676","6205詮欣","110/08/18","元大-大天母",0,8,-8
"2677","6205詮欣","110/08/18","德信-新營",7,0,7
"2678","6205詮欣","110/08/18","富邦-仁愛",0,6,-6
"2679","6205詮欣","110/08/18","元富-安南",6,0,6
"2680","6205詮欣","110/08/18","兆豐-竹北",0,5,-5
"2681","6205詮欣","110/08/18","凱基-台北",5,0,5
"2682","6205詮欣","110/08/18","兆豐-台中",0,4,-4
"2683","6205詮欣","110/08/18","美林",4,0,4
"2684","6205詮欣","110/08/18","元大-土城學府",0,3,-3
"2685","6205詮欣","110/08/18","華南永昌-古亭",6,2,4
"2686","6205詮欣","110/08/18","永豐金-台南",0,3,-3
"2687","6205詮欣","110/08/18","永豐金證券",4,0,4
"2688","6205詮欣","110/08/18","日盛-板橋中山",0,2,-2
"2689","6205詮欣","110/08/18","玉山證券",3,0,3
"2690","6205詮欣","110/08/18","亞東-高雄",0,2,-2
"2691","6205詮欣","110/08/18","永豐金-中正",3,0,3
"2692","6205詮欣","110/08/18","大昌-安康",0,2,-2
"2693","6205詮欣","110/08/18","大慶-台南",2,0,2
"2694","6205詮欣","110/08/18","大昌-新店",0,2,-2
"2695","6205詮欣","110/08/18","元富-草屯",2,0,2
"2696","6205詮欣","110/08/18","玉山-高雄",0,2,-2
"2697","6205詮欣","110/08/18","元大-豐原",2,0,2
"2698","6205詮欣","110/08/18","日盛-板橋",0,1,-1
"2699","6205詮欣","110/08/18","日盛-三重",1,0,1
"2700","6205詮欣","110/08/18","宏遠-民生",0,1,-1
"2701","1540喬福","110/08/18","凱基-台北",26,5,21
"2702","1540喬福","110/08/18","兆豐-小港",0,45,-45
"2703","1540喬福","110/08/18","元大-土城永寧",15,0,15
"2704","1540喬福","110/08/18","群益金鼎-館前",1,40,-39
"2705","1540喬福","110/08/18","凱基-中壢",12,0,12
"2706","1540喬福","110/08/18","新光-台南",0,10,-10
"2707","1540喬福","110/08/18","日盛-二林",10,0,10
"2708","1540喬福","110/08/18","元大-北屯",0,6,-6
"2709","1540喬福","110/08/18","日盛-鳳山",6,0,6
"2710","1540喬福","110/08/18","新光-桃園",0,5,-5
"2711","1540喬福","110/08/18","兆豐-北高雄",6,0,6
"2712","1540喬福","110/08/18","元富",0,4,-4
"2713","1540喬福","110/08/18","元大-龍潭",6,0,6
"2714","1540喬福","110/08/18","元大-館前",0,4,-4
"2715","1540喬福","110/08/18","日盛-樹林",5,0,5
"2716","1540喬福","110/08/18","國票-台東",0,3,-3
"2717","1540喬福","110/08/18","瑞士信貸",3,0,3
"2718","1540喬福","110/08/18","富邦-台南",0,3,-3
"2719","1540喬福","110/08/18","兆豐-三民",3,0,3
"2720","1540喬福","110/08/18","第一金-大稻埕",0,2,-2
"2721","1540喬福","110/08/18","國票-彰化",3,0,3
"2722","1540喬福","110/08/18","致和-南京",0,2,-2
"2723","1540喬福","110/08/18","富邦-員林",3,0,3
"2724","1540喬福","110/08/18","玉山-城中",0,2,-2
"2725","1540喬福","110/08/18","永豐金-敦南",3,0,3
"2726","1540喬福","110/08/18","元大-南崁",0,2,-2
"2727","1540喬福","110/08/18","日盛-板橋",2,0,2
"2728","1540喬福","110/08/18","元大-府城",1,3,-2
"2729","1540喬福","110/08/18","兆豐-台中港",2,0,2
"2730","1540喬福","110/08/18","元大-松山",0,2,-2
"2731","2888新光金","110/08/18","兆豐-公益",6495,300,6195
"2732","2888新光金","110/08/18","美商高盛",222,4409,-4187
"2733","2888新光金","110/08/18","元大-忠孝鼎富",4187,0,4187
"2734","2888新光金","110/08/18","元富-城東",12,2101,-2089
"2735","2888新光金","110/08/18","瑞士信貸",2917,33,2884
"2736","2888新光金","110/08/18","華南永昌",26,1674,-1648
"2737","2888新光金","110/08/18","華南永昌-大安",1071,5,1066
"2738","2888新光金","110/08/18","華南永昌-忠孝",0,1211,-1211
"2739","2888新光金","110/08/18","宏遠-光隆",1044,6,1038
"2740","2888新光金","110/08/18","群益金鼎-彰化",14,1211,-1197
"2741","2888新光金","110/08/18","元富",805,90,715
"2742","2888新光金","110/08/18","元大-大同",5,711,-706
"2743","2888新光金","110/08/18","凱基-台北",2712,2138,574
"2744","2888新光金","110/08/18","凱基-桃園",93,755,-662
"2745","2888新光金","110/08/18","台灣摩根士丹利",742,305,437
"2746","2888新光金","110/08/18","新光-台南",2,610,-608
"2747","2888新光金","110/08/18","富邦證券",385,20,365
"2748","2888新光金","110/08/18","第一金-新竹",100,706,-606
"2749","2888新光金","110/08/18","摩根大通",2204,1868,336
"2750","2888新光金","110/08/18","福勝",2,600,-598
"2751","2888新光金","110/08/18","永興-台中",303,29,274
"2752","2888新光金","110/08/18","華南永昌-岡山",12,457,-445
"2753","2888新光金","110/08/18","元大-六合",302,28,274
"2754","2888新光金","110/08/18","花旗環球",38,466,-428
"2755","2888新光金","110/08/18","華南永昌-敦南",262,10,252
"2756","2888新光金","110/08/18","元富-民權",0,300,-300
"2757","2888新光金","110/08/18","新加坡商瑞銀",287,70,217
"2758","2888新光金","110/08/18","華南永昌-合泰",4,303,-299
"2759","2888新光金","110/08/18","統一-板橋",170,5,165
"2760","2888新光金","110/08/18","元富-中港",3,300,-297
"2761","1340勝悅","110/08/18","摩根大通",139,18,121
"2762","1340勝悅","110/08/18","聯邦-三重",0,100,-100
"2763","1340勝悅","110/08/18","華南永昌-敦南",8,0,8
"2764","1340勝悅","110/08/18","華南永昌",1,20,-19
"2765","1340勝悅","110/08/18","永豐金-板盛",7,0,7
"2766","1340勝悅","110/08/18","合庫證券",0,10,-10
"2767","1340勝悅","110/08/18","美商高盛",6,0,6
"2768","1340勝悅","110/08/18","新光-新竹",0,10,-10
"2769","1340勝悅","110/08/18","臺灣企銀-埔墘",5,0,5
"2770","1340勝悅","110/08/18","富邦-嘉義",0,8,-8
"2771","1340勝悅","110/08/18","國泰-台中",5,0,5
"2772","1340勝悅","110/08/18","元大-新竹經國",0,7,-7
"2773","1340勝悅","110/08/18","凱基-松山",5,0,5
"2774","1340勝悅","110/08/18","臺銀-鳳山",5,10,-5
"2775","1340勝悅","110/08/18","新光",4,0,4
"2776","1340勝悅","110/08/18","瑞士信貸",0,5,-5
"2777","1340勝悅","110/08/18","中國信託-文心",3,0,3
"2778","1340勝悅","110/08/18","統一-城中",9,13,-4
"2779","1340勝悅","110/08/18","康和-延平",3,0,3
"2780","1340勝悅","110/08/18","元大-歸仁",0,4,-4
"2781","1340勝悅","110/08/18","新光-桃園",3,0,3
"2782","1340勝悅","110/08/18","元大-桃興",1,5,-4
"2783","1340勝悅","110/08/18","凱基-基隆",3,0,3
"2784","1340勝悅","110/08/18","(牛牛牛)亞-鑫豐",1,4,-3
"2785","1340勝悅","110/08/18","合庫-鳳山",2,0,2
"2786","1340勝悅","110/08/18","台新證券",0,3,-3
"2787","1340勝悅","110/08/18","元富-板橋",2,0,2
"2788","1340勝悅","110/08/18","合庫-高雄",0,2,-2
"2789","1340勝悅","110/08/18","大昌-安康",2,0,2
"2790","1340勝悅","110/08/18","日盛-文化",0,2,-2
"2791","6246臺龍","110/08/18","港商野村",62,7,55
"2792","6246臺龍","110/08/18","元富-高雄",0,20,-20
"2793","6246臺龍","110/08/18","台新-三民",20,0,20
"2794","6246臺龍","110/08/18","新光",1,16,-15
"2795","6246臺龍","110/08/18","台新證券",19,0,19
"2796","6246臺龍","110/08/18","日盛-板橋",0,10,-10
"2797","6246臺龍","110/08/18","元富-林園",10,0,10
"2798","6246臺龍","110/08/18","致和-台北",0,10,-10
"2799","6246臺龍","110/08/18","光和-和美",10,0,10
"2800","6246臺龍","110/08/18","凱基-永和",0,10,-10
"2801","6246臺龍","110/08/18","凱基-屏東",10,0,10
"2802","6246臺龍","110/08/18","華南永昌-公誠",0,10,-10
"2803","6246臺龍","110/08/18","元大-永康",10,0,10
"2804","6246臺龍","110/08/18","凱基-台北",1,10,-9
"2805","6246臺龍","110/08/18","元大-竹科",5,0,5
"2806","6246臺龍","110/08/18","元大-北港",0,9,-9
"2807","6246臺龍","110/08/18","元大-北成功",4,0,4
"2808","6246臺龍","110/08/18","日盛-和美",0,6,-6
"2809","6246臺龍","110/08/18","大慶-苗栗",3,0,3
"2810","6246臺龍","110/08/18","群益金鼎-北高雄",0,6,-6
"2811","6246臺龍","110/08/18","統一-彰化",3,0,3
"2812","6246臺龍","110/08/18","日進",0,5,-5
"2813","6246臺龍","110/08/18","日茂-南投",3,0,3
"2814","6246臺龍","110/08/18","凱基-松山",0,5,-5
"2815","6246臺龍","110/08/18","兆豐-新營",3,0,3
"2816","6246臺龍","110/08/18","凱基-三多",2,7,-5
"2817","6246臺龍","110/08/18","元大-南投",3,0,3
"2818","6246臺龍","110/08/18","元富-烏日",0,4,-4
"2819","6246臺龍","110/08/18","元富-大裕",2,0,2
"2820","6246臺龍","110/08/18","兆豐-景美",0,4,-4
"2821","00715L期街口布蘭特正2","110/08/18","兆豐-鹿港",751,0,751
"2822","00715L期街口布蘭特正2","110/08/18","元大證券",368,4666,-4298
"2823","00715L期街口布蘭特正2","110/08/18","合庫-新竹",597,1,596
"2824","00715L期街口布蘭特正2","110/08/18","凱基-台北",310,4173,-3863
"2825","00715L期街口布蘭特正2","110/08/18","(牛牛牛)亞-鑫豐",606,24,582
"2826","00715L期街口布蘭特正2","110/08/18","統一",5,1703,-1698
"2827","00715L期街口布蘭特正2","110/08/18","元富-古亭",499,0,499
"2828","00715L期街口布蘭特正2","110/08/18","元大-台中",8,1176,-1168
"2829","00715L期街口布蘭特正2","110/08/18","統一-新竹",411,0,411
"2830","00715L期街口布蘭特正2","110/08/18","兆豐-來福",0,590,-590
"2831","00715L期街口布蘭特正2","110/08/18","永豐金-北高雄",331,0,331
"2832","00715L期街口布蘭特正2","110/08/18","元富",5,588,-583
"2833","00715L期街口布蘭特正2","110/08/18","中國信託-新竹",327,0,327
"2834","00715L期街口布蘭特正2","110/08/18","康和",686,1184,-498
"2835","00715L期街口布蘭特正2","110/08/18","新光",396,124,272
"2836","00715L期街口布蘭特正2","110/08/18","新光-台中",143,525,-382
"2837","00715L期街口布蘭特正2","110/08/18","元大-沙鹿",216,0,216
"2838","00715L期街口布蘭特正2","110/08/18","元大-雙和",25,380,-355
"2839","00715L期街口布蘭特正2","110/08/18","國泰-敦南",244,30,214
"2840","00715L期街口布蘭特正2","110/08/18","玉山-新竹",8,324,-316
"2841","00715L期街口布蘭特正2","110/08/18","元大-花蓮",229,20,209
"2842","00715L期街口布蘭特正2","110/08/18","玉山-台南",19,285,-266
"2843","00715L期街口布蘭特正2","110/08/18","兆豐-台中",226,36,190
"2844","00715L期街口布蘭特正2","110/08/18","永豐金證券",4,240,-236
"2845","00715L期街口布蘭特正2","110/08/18","元大-復北",200,10,190
"2846","00715L期街口布蘭特正2","110/08/18","永豐金-台南",13,230,-217
"2847","00715L期街口布蘭特正2","110/08/18","台新-新營",221,32,189
"2848","00715L期街口布蘭特正2","110/08/18","中國信託-永康",15,210,-195
"2849","00715L期街口布蘭特正2","110/08/18","新光-新竹",204,17,187
"2850","00715L期街口布蘭特正2","110/08/18","凱基-大里",2,189,-187
"2851","8941關中","110/08/18","元大-華山",1,0,1
"2852","8941關中","110/08/18","群益金鼎-開元",0,2,-2
"2853","8941關中","110/08/18","元大-南京",1,0,1
"2854","8941關中","110/08/18","元大-桃興",0,1,-1
"2855","8941關中","110/08/18","元大-西門",1,0,1
"2856","8941關中","110/08/18","華南永昌-淡水",0,0,0
"2857","8941關中","110/08/18","華南永昌-淡水",0,0,0
"2858","8941關中","110/08/18","富邦-台北",0,0,0
"2859","8941關中","110/08/18","富邦-台北",0,0,0
"2860","8941關中","110/08/18","元大-金華",1,1,0
"2861","8941關中","110/08/18","元大-金華",1,1,0
"2862","8941關中","110/08/18","永豐金-敦北",0,0,0
"2863","8941關中","110/08/18","永豐金-敦北",0,0,0
"2864","8941關中","110/08/18","",NA,NA,NA
"2865","8941關中","110/08/18","",NA,NA,NA
"2866","8941關中","110/08/18","",NA,NA,NA
"2867","8941關中","110/08/18","",NA,NA,NA
"2868","8941關中","110/08/18","",NA,NA,NA
"2869","8941關中","110/08/18","",NA,NA,NA
"2870","8941關中","110/08/18","",NA,NA,NA
"2871","8941關中","110/08/18","",NA,NA,NA
"2872","8941關中","110/08/18","",NA,NA,NA
"2873","8941關中","110/08/18","",NA,NA,NA
"2874","8941關中","110/08/18","",NA,NA,NA
"2875","8941關中","110/08/18","",NA,NA,NA
"2876","8941關中","110/08/18","",NA,NA,NA
"2877","8941關中","110/08/18","",NA,NA,NA
"2878","8941關中","110/08/18","",NA,NA,NA
"2879","8941關中","110/08/18","",NA,NA,NA
"2880","8941關中","110/08/18","",NA,NA,NA
"2881","8936國統","110/08/18","凱基-台北",120,29,91
"2882","8936國統","110/08/18","新光-高雄",0,70,-70
"2883","8936國統","110/08/18","美林",66,1,65
"2884","8936國統","110/08/18","華南永昌-林口",1,70,-69
"2885","8936國統","110/08/18","元大-萬華",50,0,50
"2886","8936國統","110/08/18","台新-高雄",36,97,-61
"2887","8936國統","110/08/18","摩根大通",95,54,41
"2888","8936國統","110/08/18","永豐金-忠孝",12,44,-32
"2889","8936國統","110/08/18","港商野村",92,58,34
"2890","8936國統","110/08/18","台灣摩根士丹利",26,53,-27
"2891","8936國統","110/08/18","中國信託-高雄",12,0,12
"2892","8936國統","110/08/18","台新-中壢",0,25,-25
"2893","8936國統","110/08/18","玉山-台南",12,0,12
"2894","8936國統","110/08/18","元大-高雄",5,30,-25
"2895","8936國統","110/08/18","國泰-敦南",18,6,12
"2896","8936國統","110/08/18","玉山-嘉義",5,25,-20
"2897","8936國統","110/08/18","元大-成功",11,0,11
"2898","8936國統","110/08/18","新加坡商瑞銀",120,137,-17
"2899","8936國統","110/08/18","臺銀-新竹",10,0,10
"2900","8936國統","110/08/18","美商高盛",7,23,-16
"2901","8936國統","110/08/18","大慶-楊梅",10,0,10
"2902","8936國統","110/08/18","國泰-板橋",0,13,-13
"2903","8936國統","110/08/18","兆豐-三重",10,0,10
"2904","8936國統","110/08/18","群益金鼎-潭子",0,12,-12
"2905","8936國統","110/08/18","兆豐-北高雄",10,0,10
"2906","8936國統","110/08/18","群益金鼎-鳳山",0,12,-12
"2907","8936國統","110/08/18","元大-大里德芳",10,0,10
"2908","8936國統","110/08/18","合庫-高雄",0,10,-10
"2909","8936國統","110/08/18","永豐金-新莊",10,0,10
"2910","8936國統","110/08/18","第一金-新興",0,10,-10
"2911","6226光鼎","110/08/18","凱基-台北",625,134,491
"2912","6226光鼎","110/08/18","國泰-台中",21,655,-634
"2913","6226光鼎","110/08/18","元大-文心興安",224,4,220
"2914","6226光鼎","110/08/18","群益金鼎-士林",0,100,-100
"2915","6226光鼎","110/08/18","美商高盛",231,46,185
"2916","6226光鼎","110/08/18","元大-竹科",24,122,-98
"2917","6226光鼎","110/08/18","美林",213,118,95
"2918","6226光鼎","110/08/18","新光-桃園",22,96,-74
"2919","6226光鼎","110/08/18","新加坡商瑞銀",165,83,82
"2920","6226光鼎","110/08/18","永豐金-南投",15,83,-68
"2921","6226光鼎","110/08/18","凱基-竹科",67,4,63
"2922","6226光鼎","110/08/18","富邦-建國",21,80,-59
"2923","6226光鼎","110/08/18","元大證券",92,29,63
"2924","6226光鼎","110/08/18","元富-信義",2,58,-56
"2925","6226光鼎","110/08/18","元大-敦化",63,11,52
"2926","6226光鼎","110/08/18","凱基-新豐",15,69,-54
"2927","6226光鼎","110/08/18","兆豐-鹿港",54,4,50
"2928","6226光鼎","110/08/18","群益金鼎-台中",2,54,-52
"2929","6226光鼎","110/08/18","群益金鼎-萬華",54,9,45
"2930","6226光鼎","110/08/18","宏遠-光隆",0,50,-50
"2931","6226光鼎","110/08/18","大昌",48,12,36
"2932","6226光鼎","110/08/18","元大-福營",5,53,-48
"2933","6226光鼎","110/08/18","凱基-站前",35,1,34
"2934","6226光鼎","110/08/18","永豐金-竹北",2,43,-41
"2935","6226光鼎","110/08/18","日盛-和美",47,16,31
"2936","6226光鼎","110/08/18","兆豐-民生",0,40,-40
"2937","6226光鼎","110/08/18","群益金鼎-永和",30,0,30
"2938","6226光鼎","110/08/18","玉山證券",10,50,-40
"2939","6226光鼎","110/08/18","凱基-中港",30,0,30
"2940","6226光鼎","110/08/18","凱基-民權",11,51,-40
"2941","2363矽統","110/08/18","凱基-南崁",1528,19,1509
"2942","2363矽統","110/08/18","台灣摩根士丹利",64,1051,-987
"2943","2363矽統","110/08/18","凱基-台北",1850,671,1179
"2944","2363矽統","110/08/18","美商高盛",386,711,-325
"2945","2363矽統","110/08/18","摩根大通",1073,563,510
"2946","2363矽統","110/08/18","台新-三民",47,361,-314
"2947","2363矽統","110/08/18","富邦-板橋",403,71,332
"2948","2363矽統","110/08/18","新加坡商瑞銀",699,987,-288
"2949","2363矽統","110/08/18","玉山-高雄",391,228,163
"2950","2363矽統","110/08/18","富邦-台北",82,251,-169
"2951","2363矽統","110/08/18","群益金鼎",154,21,133
"2952","2363矽統","110/08/18","富邦-新店",28,140,-112
"2953","2363矽統","110/08/18","永豐金證券",155,31,124
"2954","2363矽統","110/08/18","中國信託-忠孝",89,200,-111
"2955","2363矽統","110/08/18","日盛-樹林",159,39,120
"2956","2363矽統","110/08/18","玉山-台中",14,122,-108
"2957","2363矽統","110/08/18","石橋證券",112,1,111
"2958","2363矽統","110/08/18","元大-汐止",112,215,-103
"2959","2363矽統","110/08/18","合庫-高雄",123,15,108
"2960","2363矽統","110/08/18","永豐金-板盛",2,105,-103
"2961","2363矽統","110/08/18","凱基-汐止",103,1,102
"2962","2363矽統","110/08/18","群益金鼎-南京",59,160,-101
"2963","2363矽統","110/08/18","永興",94,4,90
"2964","2363矽統","110/08/18","永豐金-天母",14,112,-98
"2965","2363矽統","110/08/18","元大-前金",207,139,68
"2966","2363矽統","110/08/18","凱基-竹科",22,110,-88
"2967","2363矽統","110/08/18","新光-桃園",84,17,67
"2968","2363矽統","110/08/18","華南永昌-台中",35,122,-87
"2969","2363矽統","110/08/18","富邦-台南",95,30,65
"2970","2363矽統","110/08/18","國泰-敦南",437,521,-84
"2971","8112至上","110/08/18","港商野村",371,52,319
"2972","8112至上","110/08/18","新加坡商瑞銀",70,220,-150
"2973","8112至上","110/08/18","凱基-台北",202,29,173
"2974","8112至上","110/08/18","元大證券",3,102,-99
"2975","8112至上","110/08/18","美林",135,39,96
"2976","8112至上","110/08/18","凱基-新店",0,91,-91
"2977","8112至上","110/08/18","凱基-市政",81,0,81
"2978","8112至上","110/08/18","台灣摩根士丹利",0,87,-87
"2979","8112至上","110/08/18","摩根大通",287,209,78
"2980","8112至上","110/08/18","元大-佳里",3,82,-79
"2981","8112至上","110/08/18","美商高盛",97,25,72
"2982","8112至上","110/08/18","合庫-台中",5,67,-62
"2983","8112至上","110/08/18","台新證券",71,13,58
"2984","8112至上","110/08/18","宏遠證券",0,59,-59
"2985","8112至上","110/08/18","大慶",60,10,50
"2986","8112至上","110/08/18","凱基-文心",0,53,-53
"2987","8112至上","110/08/18","凱基-站前",52,13,39
"2988","8112至上","110/08/18","元大-樹林",8,60,-52
"2989","8112至上","110/08/18","元大-大灣",38,0,38
"2990","8112至上","110/08/18","元大-永春",2,43,-41
"2991","8112至上","110/08/18","永豐金-中盛",31,3,28
"2992","8112至上","110/08/18","富邦-新營",2,40,-38
"2993","8112至上","110/08/18","國票-北高雄",25,0,25
"2994","8112至上","110/08/18","永豐金-員林",1,38,-37
"2995","8112至上","110/08/18","富邦-竹東",21,0,21
"2996","8112至上","110/08/18","玉山-高雄",23,55,-32
"2997","8112至上","110/08/18","彰銀-七賢",20,0,20
"2998","8112至上","110/08/18","大昌-桃園",1,30,-29
"2999","8112至上","110/08/18","元富-新莊",20,0,20
"3000","8112至上","110/08/18","新光-台南",1,30,-29
"3001","1570力肯","110/08/18","凱基-台北",129,5,124
"3002","1570力肯","110/08/18","華南永昌-桃園",0,102,-102
"3003","1570力肯","110/08/18","香港上海匯豐",36,0,36
"3004","1570力肯","110/08/18","中國信託-高雄",0,49,-49
"3005","1570力肯","110/08/18","統一",30,0,30
"3006","1570力肯","110/08/18","元富-世貿",0,20,-20
"3007","1570力肯","110/08/18","群益金鼎-北高雄",27,0,27
"3008","1570力肯","110/08/18","國泰證券",0,20,-20
"3009","1570力肯","110/08/18","國票-北高雄",21,3,18
"3010","1570力肯","110/08/18","元大-屏南",0,15,-15
"3011","1570力肯","110/08/18","元大-南投",20,4,16
"3012","1570力肯","110/08/18","元大-和平",5,20,-15
"3013","1570力肯","110/08/18","新光-台南",15,0,15
"3014","1570力肯","110/08/18","元大-基隆",0,12,-12
"3015","1570力肯","110/08/18","富邦-高雄",15,0,15
"3016","1570力肯","110/08/18","玉山-台中",0,10,-10
"3017","1570力肯","110/08/18","華南永昌-嘉義",12,0,12
"3018","1570力肯","110/08/18","元大-苗栗",0,10,-10
"3019","1570力肯","110/08/18","富邦-花蓮",10,0,10
"3020","1570力肯","110/08/18","元大-草屯",0,10,-10
"3021","1570力肯","110/08/18","元富-新店",10,2,8
"3022","1570力肯","110/08/18","富邦-彰化",0,8,-8
"3023","1570力肯","110/08/18","富邦-台東",12,4,8
"3024","1570力肯","110/08/18","日盛-嘉義",0,7,-7
"3025","1570力肯","110/08/18","日盛-高雄",7,0,7
"3026","1570力肯","110/08/18","永豐金-桃園",3,10,-7
"3027","1570力肯","110/08/18","元大-羅東",7,0,7
"3028","1570力肯","110/08/18","大昌-安康",0,6,-6
"3029","1570力肯","110/08/18","大慶-蘆洲",9,3,6
"3030","1570力肯","110/08/18","國票-和平",0,6,-6
"3031","2929淘帝","110/08/18","摩根大通",42,2,40
"3032","2929淘帝","110/08/18","日盛-嘉義",0,30,-30
"3033","2929淘帝","110/08/18","元富-板橋",23,0,23
"3034","2929淘帝","110/08/18","兆豐-復興",0,16,-16
"3035","2929淘帝","110/08/18","元大-太平",19,0,19
"3036","2929淘帝","110/08/18","兆豐-桃鶯",0,13,-13
"3037","2929淘帝","110/08/18","永豐金-中盛",10,0,10
"3038","2929淘帝","110/08/18","中國信託",4,14,-10
"3039","2929淘帝","110/08/18","新光",18,9,9
"3040","2929淘帝","110/08/18","宏遠-高雄",0,6,-6
"3041","2929淘帝","110/08/18","永豐金證券",8,0,8
"3042","2929淘帝","110/08/18","元大-東泰",0,5,-5
"3043","2929淘帝","110/08/18","元富-新竹",5,0,5
"3044","2929淘帝","110/08/18","港商野村",5,9,-4
"3045","2929淘帝","110/08/18","富邦-新店",5,0,5
"3046","2929淘帝","110/08/18","(牛牛牛)亞-鑫豐",0,4,-4
"3047","2929淘帝","110/08/18","凱基-豐中",4,0,4
"3048","2929淘帝","110/08/18","群益金鼎-潭子",0,4,-4
"3049","2929淘帝","110/08/18","永豐金-竹北",4,0,4
"3050","2929淘帝","110/08/18","亞東",0,3,-3
"3051","2929淘帝","110/08/18","亞東-板橋",4,1,3
"3052","2929淘帝","110/08/18","台新-高雄",0,3,-3
"3053","2929淘帝","110/08/18","中國信託-中壢",3,0,3
"3054","2929淘帝","110/08/18","國泰-板橋",0,3,-3
"3055","2929淘帝","110/08/18","凱基-中山",7,4,3
"3056","2929淘帝","110/08/18","元大-土城學府",0,3,-3
"3057","2929淘帝","110/08/18","富邦-陽明",5,2,3
"3058","2929淘帝","110/08/18","元大-楊梅",0,3,-3
"3059","2929淘帝","110/08/18","臺銀-鳳山",2,0,2
"3060","2929淘帝","110/08/18","日盛-高雄",0,2,-2
"3061","5410國眾","110/08/18","元大-中壢",31,0,31
"3062","5410國眾","110/08/18","凱基-台北",3,57,-54
"3063","5410國眾","110/08/18","康和-台北",10,0,10
"3064","5410國眾","110/08/18","台灣企銀-北高雄",0,20,-20
"3065","5410國眾","110/08/18","土銀-嘉義",9,0,9
"3066","5410國眾","110/08/18","摩根大通",5,22,-17
"3067","5410國眾","110/08/18","凱基-中山",8,0,8
"3068","5410國眾","110/08/18","臺銀-臺南",1,16,-15
"3069","5410國眾","110/08/18","凱基-彰化",7,0,7
"3070","5410國眾","110/08/18","大昌-樹林",5,20,-15
"3071","5410國眾","110/08/18","永豐金-員林",8,1,7
"3072","5410國眾","110/08/18","宏遠-民生",0,10,-10
"3073","5410國眾","110/08/18","玉山-城中",6,0,6
"3074","5410國眾","110/08/18","兆豐-高雄",0,10,-10
"3075","5410國眾","110/08/18","富邦-員林",6,0,6
"3076","5410國眾","110/08/18","富邦-仁愛",1,10,-9
"3077","5410國眾","110/08/18","元大-崇德",6,0,6
"3078","5410國眾","110/08/18","元大-土城學府",2,11,-9
"3079","5410國眾","110/08/18","永豐金-敦南",6,0,6
"3080","5410國眾","110/08/18","元大-豐原",0,7,-7
"3081","5410國眾","110/08/18","國泰-敦南",5,0,5
"3082","5410國眾","110/08/18","台新-高雄",0,6,-6
"3083","5410國眾","110/08/18","凱基-科園",5,0,5
"3084","5410國眾","110/08/18","元大-大里",0,6,-6
"3085","5410國眾","110/08/18","元大-博愛",5,0,5
"3086","5410國眾","110/08/18","永豐金-復興",0,6,-6
"3087","5410國眾","110/08/18","元大-新盛",5,0,5
"3088","5410國眾","110/08/18","元大-大天母",0,5,-5
"3089","5410國眾","110/08/18","國泰-松江",4,0,4
"3090","5410國眾","110/08/18","永豐金-板新",0,5,-5
"3091","2841台開","110/08/18","宏遠-館前",479,0,479
"3092","2841台開","110/08/18","兆豐-鹿港",0,200,-200
"3093","2841台開","110/08/18","第一金",46,0,46
"3094","2841台開","110/08/18","兆豐-台南",0,120,-120
"3095","2841台開","110/08/18","凱基-竹科",25,0,25
"3096","2841台開","110/08/18","摩根大通",0,100,-100
"3097","2841台開","110/08/18","合庫證券",24,0,24
"3098","2841台開","110/08/18","日盛-信義",0,69,-69
"3099","2841台開","110/08/18","第一金-台中",20,0,20
"3100","2841台開","110/08/18","玉山-高雄",0,51,-51
"3101","2841台開","110/08/18","富邦-板橋",24,5,19
"3102","2841台開","110/08/18","台新證券",5,40,-35
"3103","2841台開","110/08/18","永豐金-中盛",16,0,16
"3104","2841台開","110/08/18","華南永昌-鳳山",0,30,-30
"3105","2841台開","110/08/18","統一-新台中",15,0,15
"3106","2841台開","110/08/18","中國信託-嘉義",0,24,-24
"3107","2841台開","110/08/18","統一-士林",20,5,15
"3108","2841台開","110/08/18","元大-竹山",0,21,-21
"3109","2841台開","110/08/18","華南永昌-台中",14,0,14
"3110","2841台開","110/08/18","凱基-高美館",0,20,-20
"3111","2841台開","110/08/18","元大-彰化",20,7,13
"3112","2841台開","110/08/18","華南永昌-高雄",5,25,-20
"3113","2841台開","110/08/18","元大-六合",13,0,13
"3114","2841台開","110/08/18","元大-嘉義",0,20,-20
"3115","2841台開","110/08/18","兆豐-台中",10,0,10
"3116","2841台開","110/08/18","兆豐-天母",0,10,-10
"3117","2841台開","110/08/18","玉山-桃園",10,0,10
"3118","2841台開","110/08/18","群益金鼎-敦南",0,10,-10
"3119","2841台開","110/08/18","元大-台南",10,0,10
"3120","2841台開","110/08/18","元大-北三重",0,10,-10
"3121","6207雷科","110/08/18","凱基-台北",77,2,75
"3122","6207雷科","110/08/18","元大-高雄",0,106,-106
"3123","6207雷科","110/08/18","摩根大通",94,60,34
"3124","6207雷科","110/08/18","凱基-高雄",4,34,-30
"3125","6207雷科","110/08/18","港商野村",48,17,31
"3126","6207雷科","110/08/18","凱基-復興",0,30,-30
"3127","6207雷科","110/08/18","兆豐-南京",30,0,30
"3128","6207雷科","110/08/18","日盛證券",0,29,-29
"3129","6207雷科","110/08/18","元大-六合",30,0,30
"3130","6207雷科","110/08/18","凱基-敦北",1,28,-27
"3131","6207雷科","110/08/18","新加坡商瑞銀",66,40,26
"3132","6207雷科","110/08/18","群益金鼎-東門",0,16,-16
"3133","6207雷科","110/08/18","台新-高雄",21,0,21
"3134","6207雷科","110/08/18","元大-天母",0,11,-11
"3135","6207雷科","110/08/18","光和-和美",17,0,17
"3136","6207雷科","110/08/18","美商高盛",4,13,-9
"3137","6207雷科","110/08/18","凱基-三重",13,0,13
"3138","6207雷科","110/08/18","新光",0,8,-8
"3139","6207雷科","110/08/18","元富-安南",10,0,10
"3140","6207雷科","110/08/18","永豐金-忠孝",0,8,-8
"3141","6207雷科","110/08/18","元大-東門",9,0,9
"3142","6207雷科","110/08/18","合庫證券",0,7,-7
"3143","6207雷科","110/08/18","第一金-華江",8,2,6
"3144","6207雷科","110/08/18","康和-台中",0,6,-6
"3145","6207雷科","110/08/18","永豐金-高雄",6,0,6
"3146","6207雷科","110/08/18","元大-大天母",0,6,-6
"3147","6207雷科","110/08/18","玉山-台大",5,0,5
"3148","6207雷科","110/08/18","統一-三多",0,5,-5
"3149","6207雷科","110/08/18","凱基-岡山",5,0,5
"3150","6207雷科","110/08/18","中國信託-忠孝",0,5,-5
"3151","3679新至陞","110/08/18","摩根大通",52,6,46
"3152","3679新至陞","110/08/18","統一-三重",0,21,-21
"3153","3679新至陞","110/08/18","凱基-台北",46,13,33
"3154","3679新至陞","110/08/18","元大-北成功",0,19,-19
"3155","3679新至陞","110/08/18","台灣摩根士丹利",31,0,31
"3156","3679新至陞","110/08/18","華南永昌-大安",0,18,-18
"3157","3679新至陞","110/08/18","瑞士信貸",26,1,25
"3158","3679新至陞","110/08/18","台新證券",0,14,-14
"3159","3679新至陞","110/08/18","美林",23,5,18
"3160","3679新至陞","110/08/18","萬泰",0,12,-12
"3161","3679新至陞","110/08/18","元大-文心興安",15,0,15
"3162","3679新至陞","110/08/18","大慶-苗栗",0,10,-10
"3163","3679新至陞","110/08/18","(牛牛牛)亞-網路",8,0,8
"3164","3679新至陞","110/08/18","元大-成功",0,10,-10
"3165","3679新至陞","110/08/18","永豐金-板橋",5,0,5
"3166","3679新至陞","110/08/18","富邦-嘉義",0,8,-8
"3167","3679新至陞","110/08/18","美商高盛",3,0,3
"3168","3679新至陞","110/08/18","凱基-長庚",0,7,-7
"3169","3679新至陞","110/08/18","兆豐-公益",3,0,3
"3170","3679新至陞","110/08/18","凱基-文心",0,6,-6
"3171","3679新至陞","110/08/18","聯邦-三重",3,0,3
"3172","3679新至陞","110/08/18","統一",0,5,-5
"3173","3679新至陞","110/08/18","土銀-台中",2,0,2
"3174","3679新至陞","110/08/18","元大-敦化",0,4,-4
"3175","3679新至陞","110/08/18","土銀-新竹",2,0,2
"3176","3679新至陞","110/08/18","日盛-文化",1,4,-3
"3177","3679新至陞","110/08/18","國泰-高雄",2,0,2
"3178","3679新至陞","110/08/18","彰銀",0,3,-3
"3179","3679新至陞","110/08/18","土銀-士林",1,0,1
"3180","3679新至陞","110/08/18","元富-大昌",0,3,-3
"3181","2727王品","110/08/18","凱基-台北",94,29,65
"3182","2727王品","110/08/18","港商麥格理",0,65,-65
"3183","2727王品","110/08/18","摩根大通",42,13,29
"3184","2727王品","110/08/18","華南永昌",1,39,-38
"3185","2727王品","110/08/18","彰銀-台中",27,0,27
"3186","2727王品","110/08/18","元富-板橋",1,16,-15
"3187","2727王品","110/08/18","瑞士信貸",18,3,15
"3188","2727王品","110/08/18","港商野村",66,79,-13
"3189","2727王品","110/08/18","凱基-埔墘",10,0,10
"3190","2727王品","110/08/18","第一金-桃園",0,11,-11
"3191","2727王品","110/08/18","富邦-建國",13,3,10
"3192","2727王品","110/08/18","元大-汐止",0,11,-11
"3193","2727王品","110/08/18","元大-學甲",10,0,10
"3194","2727王品","110/08/18","凱基-三峽",0,10,-10
"3195","2727王品","110/08/18","國泰-台中",28,19,9
"3196","2727王品","110/08/18","凱基-板橋",3,12,-9
"3197","2727王品","110/08/18","凱基-高美館",7,0,7
"3198","2727王品","110/08/18","凱基-林口",5,14,-9
"3199","2727王品","110/08/18","凱基-竹北",9,2,7
"3200","2727王品","110/08/18","富邦-中壢",2,11,-9
"3201","2727王品","110/08/18","元大-四維",7,0,7
"3202","2727王品","110/08/18","福勝",0,8,-8
"3203","2727王品","110/08/18","元大-敦南",8,1,7
"3204","2727王品","110/08/18","國泰-敦南",4,12,-8
"3205","2727王品","110/08/18","統一",19,13,6
"3206","2727王品","110/08/18","台新-三民",1,8,-7
"3207","2727王品","110/08/18","日盛-屏東",5,0,5
"3208","2727王品","110/08/18","華南永昌-林口",0,7,-7
"3209","2727王品","110/08/18","國泰-館前",6,1,5
"3210","2727王品","110/08/18","永豐金-內湖",0,7,-7
"3211","1570力肯","110/08/18","凱基-台北",129,5,124
"3212","1570力肯","110/08/18","華南永昌-桃園",0,102,-102
"3213","1570力肯","110/08/18","香港上海匯豐",36,0,36
"3214","1570力肯","110/08/18","中國信託-高雄",0,49,-49
"3215","1570力肯","110/08/18","統一",30,0,30
"3216","1570力肯","110/08/18","元富-世貿",0,20,-20
"3217","1570力肯","110/08/18","群益金鼎-北高雄",27,0,27
"3218","1570力肯","110/08/18","國泰證券",0,20,-20
"3219","1570力肯","110/08/18","國票-北高雄",21,3,18
"3220","1570力肯","110/08/18","元大-屏南",0,15,-15
"3221","1570力肯","110/08/18","元大-南投",20,4,16
"3222","1570力肯","110/08/18","元大-和平",5,20,-15
"3223","1570力肯","110/08/18","新光-台南",15,0,15
"3224","1570力肯","110/08/18","元大-基隆",0,12,-12
"3225","1570力肯","110/08/18","富邦-高雄",15,0,15
"3226","1570力肯","110/08/18","玉山-台中",0,10,-10
"3227","1570力肯","110/08/18","華南永昌-嘉義",12,0,12
"3228","1570力肯","110/08/18","元大-苗栗",0,10,-10
"3229","1570力肯","110/08/18","富邦-花蓮",10,0,10
"3230","1570力肯","110/08/18","元大-草屯",0,10,-10
"3231","1570力肯","110/08/18","元富-新店",10,2,8
"3232","1570力肯","110/08/18","富邦-彰化",0,8,-8
"3233","1570力肯","110/08/18","富邦-台東",12,4,8
"3234","1570力肯","110/08/18","日盛-嘉義",0,7,-7
"3235","1570力肯","110/08/18","日盛-高雄",7,0,7
"3236","1570力肯","110/08/18","永豐金-桃園",3,10,-7
"3237","1570力肯","110/08/18","元大-羅東",7,0,7
"3238","1570力肯","110/08/18","大昌-安康",0,6,-6
"3239","1570力肯","110/08/18","大慶-蘆洲",9,3,6
"3240","1570力肯","110/08/18","國票-和平",0,6,-6
"3241","6180橘子","110/08/18","美林",40,0,40
"3242","6180橘子","110/08/18","香港上海匯豐",0,102,-102
"3243","6180橘子","110/08/18","新加坡商瑞銀",23,1,22
"3244","6180橘子","110/08/18","台灣摩根士丹利",2,73,-71
"3245","6180橘子","110/08/18","凱基-基隆",18,2,16
"3246","6180橘子","110/08/18","美商高盛",1,31,-30
"3247","6180橘子","110/08/18","華南永昌-虎尾",15,0,15
"3248","6180橘子","110/08/18","凱基-市政",1,25,-24
"3249","6180橘子","110/08/18","元富-城東",14,1,13
"3250","6180橘子","110/08/18","日盛-板橋",1,20,-19
"3251","6180橘子","110/08/18","富邦-台北",16,3,13
"3252","6180橘子","110/08/18","新光-高雄",1,14,-13
"3253","6180橘子","110/08/18","富邦-中壢",11,2,9
"3254","6180橘子","110/08/18","凱基-東門",2,15,-13
"3255","6180橘子","110/08/18","富邦-宜蘭",9,0,9
"3256","6180橘子","110/08/18","元大-基隆孝二",0,12,-12
"3257","6180橘子","110/08/18","元大-前金",10,1,9
"3258","6180橘子","110/08/18","兆豐-三重",0,11,-11
"3259","6180橘子","110/08/18","中國信託",8,0,8
"3260","6180橘子","110/08/18","日盛證券",0,10,-10
"3261","6180橘子","110/08/18","元大-中壢",12,4,8
"3262","6180橘子","110/08/18","摩根大通",80,89,-9
"3263","6180橘子","110/08/18","凱基-大直",7,0,7
"3264","6180橘子","110/08/18","新光",9,18,-9
"3265","6180橘子","110/08/18","元大證券",9,2,7
"3266","6180橘子","110/08/18","富邦-南屯",0,9,-9
"3267","6180橘子","110/08/18","大慶-楊梅",6,0,6
"3268","6180橘子","110/08/18","元大-板橋三民",0,9,-9
"3269","6180橘子","110/08/18","華南永昌",7,1,6
"3270","6180橘子","110/08/18","元大-桃園",2,11,-9
"3271","2390云辰","110/08/18","兆豐-公益",192,31,161
"3272","2390云辰","110/08/18","摩根大通",1314,1582,-268
"3273","2390云辰","110/08/18","元大-土城學府",406,260,146
"3274","2390云辰","110/08/18","凱基-台北",727,962,-235
"3275","2390云辰","110/08/18","群益金鼎-敦南",106,4,102
"3276","2390云辰","110/08/18","國泰-桃園",53,264,-211
"3277","2390云辰","110/08/18","元大-竹科",136,36,100
"3278","2390云辰","110/08/18","富邦-內湖",0,201,-201
"3279","2390云辰","110/08/18","元大-館前",151,52,99
"3280","2390云辰","110/08/18","元大-復北",5,193,-188
"3281","2390云辰","110/08/18","日盛-園區",128,46,82
"3282","2390云辰","110/08/18","凱基-民權",2,160,-158
"3283","2390云辰","110/08/18","元大-東泰",84,9,75
"3284","2390云辰","110/08/18","國票-安和",98,231,-133
"3285","2390云辰","110/08/18","福勝",68,8,60
"3286","2390云辰","110/08/18","新加坡商瑞銀",102,225,-123
"3287","2390云辰","110/08/18","宏遠-光隆",73,14,59
"3288","2390云辰","110/08/18","港商野村",1128,1238,-110
"3289","2390云辰","110/08/18","元富",66,10,56
"3290","2390云辰","110/08/18","台灣摩根士丹利",3,100,-97
"3291","2390云辰","110/08/18","華南永昌-合泰",54,1,53
"3292","2390云辰","110/08/18","永豐金-嘉義",4,97,-93
"3293","2390云辰","110/08/18","凱基-中港",60,9,51
"3294","2390云辰","110/08/18","統一-城中",57,147,-90
"3295","2390云辰","110/08/18","第一金-忠孝",54,5,49
"3296","2390云辰","110/08/18","富邦-彰化",47,128,-81
"3297","2390云辰","110/08/18","統一-新台中",140,91,49
"3298","2390云辰","110/08/18","美林",341,412,-71
"3299","2390云辰","110/08/18","群益金鼎-台中",53,6,47
"3300","2390云辰","110/08/18","新光",312,382,-70
"3301","2609陽明","110/08/17","兆豐-中壢",5227,708,4519
"3302","2609陽明","110/08/17","康和",48,4865,-4817
"3303","2609陽明","110/08/17","凱基-台北",5969,1780,4189
"3304","2609陽明","110/08/17","永豐金-信義",84,2643,-2559
"3305","2609陽明","110/08/17","兆豐-三民",2114,136,1978
"3306","2609陽明","110/08/17","凱基-虎尾",487,2286,-1799
"3307","2609陽明","110/08/17","兆豐-復興",3638,1682,1956
"3308","2609陽明","110/08/17","港商野村",1127,2155,-1028
"3309","2609陽明","110/08/17","台灣摩根士丹利",2505,858,1647
"3310","2609陽明","110/08/17","兆豐-虎尾",1846,2756,-910
"3311","2609陽明","110/08/17","日盛-板橋",1734,262,1472
"3312","2609陽明","110/08/17","富邦-嘉義",7219,8100,-881
"3313","2609陽明","110/08/17","美林",3468,2882,586
"3314","2609陽明","110/08/17","元大-頭份",78,810,-732
"3315","2609陽明","110/08/17","香港上海匯豐",593,100,493
"3316","2609陽明","110/08/17","摩根大通",1422,2133,-711
"3317","2609陽明","110/08/17","統一-土城",366,14,352
"3318","2609陽明","110/08/17","元大-永春",281,971,-690
"3319","2609陽明","110/08/17","統一-敦南",899,577,322
"3320","2609陽明","110/08/17","宏遠證券",948,1614,-666
"3321","2609陽明","110/08/17","富邦-桃園",413,123,290
"3322","2609陽明","110/08/17","凱基-竹東",20,668,-648
"3323","2609陽明","110/08/17","日盛-中壢",537,256,281
"3324","2609陽明","110/08/17","元大證券",1377,2001,-624
"3325","2609陽明","110/08/17","兆豐-板橋",545,318,227
"3326","2609陽明","110/08/17","元富-新店",74,549,-475
"3327","2609陽明","110/08/17","凱基-桃園",367,142,225
"3328","2609陽明","110/08/17","華南永昌-楠梓",73,486,-413
"3329","2609陽明","110/08/17","統一-城中",390,169,221
"3330","2609陽明","110/08/17","臺銀",286,681,-395
"3331","2636台驊投控","110/08/17","元富-文心",272,9,263
"3332","2636台驊投控","110/08/17","凱基-彰化",0,689,-689
"3333","2636台驊投控","110/08/17","日盛-大墩",185,19,166
"3334","2636台驊投控","110/08/17","摩根大通",347,761,-414
"3335","2636台驊投控","110/08/17","第一金-桃園",147,26,121
"3336","2636台驊投控","110/08/17","富邦-花蓮",106,366,-260
"3337","2636台驊投控","110/08/17","元富-大昌",84,15,69
"3338","2636台驊投控","110/08/17","凱基-台北",395,566,-171
"3339","2636台驊投控","110/08/17","新光",258,192,66
"3340","2636台驊投控","110/08/17","大慶",15,175,-160
"3341","2636台驊投控","110/08/17","統一-新台中",64,4,60
"3342","2636台驊投控","110/08/17","統一",111,247,-136
"3343","2636台驊投控","110/08/17","華南永昌-竹北",308,252,56
"3344","2636台驊投控","110/08/17","富邦證券",0,134,-134
"3345","2636台驊投控","110/08/17","日盛-木柵",60,8,52
"3346","2636台驊投控","110/08/17","富邦-虎尾",294,414,-120
"3347","2636台驊投控","110/08/17","國泰-敦南",335,283,52
"3348","2636台驊投控","110/08/17","元大-士林",4,114,-110
"3349","2636台驊投控","110/08/17","美商高盛",96,54,42
"3350","2636台驊投控","110/08/17","美林",320,401,-81
"3351","2636台驊投控","110/08/17","凱基-市政",60,22,38
"3352","2636台驊投控","110/08/17","瑞士信貸",62,134,-72
"3353","2636台驊投控","110/08/17","元大-龍潭",50,13,37
"3354","2636台驊投控","110/08/17","兆豐-東門",70,140,-70
"3355","2636台驊投控","110/08/17","國票-九鼎",50,16,34
"3356","2636台驊投控","110/08/17","凱基-高美館",89,158,-69
"3357","2636台驊投控","110/08/17","元大-東門",37,3,34
"3358","2636台驊投控","110/08/17","日盛證券",103,170,-67
"3359","2636台驊投控","110/08/17","富邦-三重",33,1,32
"3360","2636台驊投控","110/08/17","宏遠-桃園",4,44,-40
"3361","2867三商壽","110/08/17","摩根大通",670,119,551
"3362","2867三商壽","110/08/17","玉山-左營",10,1173,-1163
"3363","2867三商壽","110/08/17","元富-世貿",288,0,288
"3364","2867三商壽","110/08/17","華南永昌",50,736,-686
"3365","2867三商壽","110/08/17","日盛-中和",276,10,266
"3366","2867三商壽","110/08/17","台灣摩根士丹利",37,195,-158
"3367","2867三商壽","110/08/17","新光-台中",243,7,236
"3368","2867三商壽","110/08/17","兆豐-北高雄",0,135,-135
"3369","2867三商壽","110/08/17","台新-台中",198,1,197
"3370","2867三商壽","110/08/17","宏遠證券",9,141,-132
"3371","2867三商壽","110/08/17","華南永昌-長虹",136,0,136
"3372","2867三商壽","110/08/17","永豐金-市政",0,115,-115
"3373","2867三商壽","110/08/17","美林",137,2,135
"3374","2867三商壽","110/08/17","兆豐-新竹",0,113,-113
"3375","2867三商壽","110/08/17","元大-土城永寧",100,1,99
"3376","2867三商壽","110/08/17","永豐金證券",0,82,-82
"3377","2867三商壽","110/08/17","國泰-台中",99,2,97
"3378","2867三商壽","110/08/17","元大-彰化民生",0,80,-80
"3379","2867三商壽","110/08/17","元富-古亭",100,4,96
"3380","2867三商壽","110/08/17","永豐金-中盛",4,77,-73
"3381","2867三商壽","110/08/17","合庫-西台中",80,0,80
"3382","2867三商壽","110/08/17","元富",0,70,-70
"3383","2867三商壽","110/08/17","新加坡商瑞銀",83,4,79
"3384","2867三商壽","110/08/17","宏遠-中和",10,57,-47
"3385","2867三商壽","110/08/17","永豐金-埔里",64,5,59
"3386","2867三商壽","110/08/17","富邦-嘉義",4,50,-46
"3387","2867三商壽","110/08/17","元富-緯城",50,0,50
"3388","2867三商壽","110/08/17","第一金-華江",0,30,-30
"3389","2867三商壽","110/08/17","台新-建北",49,0,49
"3390","2867三商壽","110/08/17","台新證券",2,32,-30
"3391","5521工信","110/08/17","元大-沙鹿",60,0,60
"3392","5521工信","110/08/17","摩根大通",75,227,-152
"3393","5521工信","110/08/17","群益金鼎-萬華",46,0,46
"3394","5521工信","110/08/17","凱基-台北",5,68,-63
"3395","5521工信","110/08/17","台新證券",37,1,36
"3396","5521工信","110/08/17","群益金鼎-敦南",0,60,-60
"3397","5521工信","110/08/17","華南永昌-竹北",31,0,31
"3398","5521工信","110/08/17","台灣摩根士丹利",5,64,-59
"3399","5521工信","110/08/17","元大-北投",30,0,30
"3400","5521工信","110/08/17","元富-古亭",0,40,-40
"3401","5521工信","110/08/17","元富-屏東",24,0,24
"3402","5521工信","110/08/17","台灣企銀-嘉義",0,35,-35
"3403","5521工信","110/08/17","富邦-台北",23,0,23
"3404","5521工信","110/08/17","美林",5,37,-32
"3405","5521工信","110/08/17","元大-屏南",23,0,23
"3406","5521工信","110/08/17","華南永昌",0,27,-27
"3407","5521工信","110/08/17","國泰-敦南",40,18,22
"3408","5521工信","110/08/17","華南永昌-潮州",0,25,-25
"3409","5521工信","110/08/17","兆豐-中壢",20,0,20
"3410","5521工信","110/08/17","台新-高雄",0,24,-24
"3411","5521工信","110/08/17","新光-台南",20,0,20
"3412","5521工信","110/08/17","大慶-楊梅",0,22,-22
"3413","5521工信","110/08/17","臺銀-鳳山",19,0,19
"3414","5521工信","110/08/17","凱基-桃園",0,20,-20
"3415","5521工信","110/08/17","日進",18,0,18
"3416","5521工信","110/08/17","元大-東蘆",0,20,-20
"3417","5521工信","110/08/17","永豐金-鳳山",17,0,17
"3418","5521工信","110/08/17","第一金-桃園",0,18,-18
"3419","5521工信","110/08/17","玉山證券",14,0,14
"3420","5521工信","110/08/17","新光-新竹",3,20,-17
"3421","1471首利","110/08/17","摩根大通",110,14,96
"3422","1471首利","110/08/17","元大-台南",0,54,-54
"3423","1471首利","110/08/17","臺銀-臺中",40,0,40
"3424","1471首利","110/08/17","高橋-龍潭",0,50,-50
"3425","1471首利","110/08/17","瑞士信貸",33,0,33
"3426","1471首利","110/08/17","元大-竹南",0,35,-35
"3427","1471首利","110/08/17","凱基-台北",30,6,24
"3428","1471首利","110/08/17","台新證券",1,31,-30
"3429","1471首利","110/08/17","元大-竹山",23,0,23
"3430","1471首利","110/08/17","國泰-敦南",7,33,-26
"3431","1471首利","110/08/17","大慶-蘆洲",14,0,14
"3432","1471首利","110/08/17","元大-西門",0,23,-23
"3433","1471首利","110/08/17","兆豐-員林",13,1,12
"3434","1471首利","110/08/17","元富-埔里",0,20,-20
"3435","1471首利","110/08/17","致和-府前",11,0,11
"3436","1471首利","110/08/17","富邦-台中",0,20,-20
"3437","1471首利","110/08/17","國票-彰化",11,0,11
"3438","1471首利","110/08/17","日茂",0,11,-11
"3439","1471首利","110/08/17","元富-新莊",10,0,10
"3440","1471首利","110/08/17","高橋",0,10,-10
"3441","1471首利","110/08/17","國票",10,0,10
"3442","1471首利","110/08/17","大昌-新店",0,10,-10
"3443","1471首利","110/08/17","富邦-永和",10,0,10
"3444","1471首利","110/08/17","元富-文心",1,10,-9
"3445","1471首利","110/08/17","元大-新莊",10,0,10
"3446","1471首利","110/08/17","凱基-雙和",0,8,-8
"3447","1471首利","110/08/17","元大-鹿港",10,0,10
"3448","1471首利","110/08/17","凱基-屏東",0,8,-8
"3449","1471首利","110/08/17","元大-清水",11,2,9
"3450","1471首利","110/08/17","日盛-永康",0,7,-7
"3451","2883開發金","110/08/17","中國信託-文心",3524,26,3498
"3452","2883開發金","110/08/17","新加坡商瑞銀",513,7792,-7279
"3453","2883開發金","110/08/17","元大證券",1912,297,1615
"3454","2883開發金","110/08/17","亞東-新竹",206,2692,-2486
"3455","2883開發金","110/08/17","摩根大通",4110,2504,1606
"3456","2883開發金","110/08/17","凱基-台北",2263,4277,-2014
"3457","2883開發金","110/08/17","美林",2099,733,1366
"3458","2883開發金","110/08/17","永豐金證券",103,1899,-1796
"3459","2883開發金","110/08/17","日盛證券",2406,1218,1188
"3460","2883開發金","110/08/17","華南永昌-苑裡",13,1229,-1216
"3461","2883開發金","110/08/17","國泰-館前",942,128,814
"3462","2883開發金","110/08/17","統一-新營",39,1202,-1163
"3463","2883開發金","110/08/17","元富-城中",808,6,802
"3464","2883開發金","110/08/17","兆豐-高雄",68,1153,-1085
"3465","2883開發金","110/08/17","港商法國興業",764,0,764
"3466","2883開發金","110/08/17","凱基-斗六",3,812,-809
"3467","2883開發金","110/08/17","元大-南屯",759,75,684
"3468","2883開發金","110/08/17","元大-四維",736,1467,-731
"3469","2883開發金","110/08/17","康和-仁愛",514,10,504
"3470","2883開發金","110/08/17","台新證券",682,1391,-709
"3471","2883開發金","110/08/17","新光",1403,910,493
"3472","2883開發金","110/08/17","凱基-豐中",7,617,-610
"3473","2883開發金","110/08/17","統一-汐止",489,5,484
"3474","2883開發金","110/08/17","土銀-嘉義",10,580,-570
"3475","2883開發金","110/08/17","永豐金-忠孝",650,206,444
"3476","2883開發金","110/08/17","港商麥格理",1131,1682,-551
"3477","2883開發金","110/08/17","港商野村",2803,2361,442
"3478","2883開發金","110/08/17","富邦-陽明",158,680,-522
"3479","2883開發金","110/08/17","元富-大裕",454,22,432
"3480","2883開發金","110/08/17","台灣摩根士丹利",2238,2750,-512
"3481","6205詮欣","110/08/17","日盛-三重",15,0,15
"3482","6205詮欣","110/08/17","元富-松德",0,10,-10
"3483","6205詮欣","110/08/17","臺銀-民權",5,0,5
"3484","6205詮欣","110/08/17","元富-安南",0,8,-8
"3485","6205詮欣","110/08/17","華南永昌-長虹",5,0,5
"3486","6205詮欣","110/08/17","元大-大雅",0,3,-3
"3487","6205詮欣","110/08/17","德信-新營",4,0,4
"3488","6205詮欣","110/08/17","兆豐-南門",0,3,-3
"3489","6205詮欣","110/08/17","凱基-汐止",4,0,4
"3490","6205詮欣","110/08/17","兆豐-南京",0,3,-3
"3491","6205詮欣","110/08/17","富邦-陽明",4,0,4
"3492","6205詮欣","110/08/17","元大-豐原",0,2,-2
"3493","6205詮欣","110/08/17","元大-汐止",4,0,4
"3494","6205詮欣","110/08/17","大昌",0,1,-1
"3495","6205詮欣","110/08/17","華南永昌-古亭",3,0,3
"3496","6205詮欣","110/08/17","永豐金-中正",0,1,-1
"3497","6205詮欣","110/08/17","凱基-台北",1,0,1
"3498","6205詮欣","110/08/17","大昌-安康",0,1,-1
"3499","6205詮欣","110/08/17","元大-鑫永和",1,0,1
"3500","6205詮欣","110/08/17","日盛-台中",0,1,-1
"3501","6205詮欣","110/08/17","統一-士林",0,0,0
"3502","6205詮欣","110/08/17","新百王",0,1,-1
"3503","6205詮欣","110/08/17","統一-南京",0,0,0
"3504","6205詮欣","110/08/17","元富-文心",0,1,-1
"3505","6205詮欣","110/08/17","國泰證券",0,0,0
"3506","6205詮欣","110/08/17","統一",0,1,-1
"3507","6205詮欣","110/08/17","華南永昌-高雄",0,0,0
"3508","6205詮欣","110/08/17","第一金-中壢",0,1,-1
"3509","6205詮欣","110/08/17","永豐金-中和",1,1,0
"3510","6205詮欣","110/08/17","大慶-基隆",0,1,-1
"3511","1540喬福","110/08/17","元大-松山",20,0,20
"3512","1540喬福","110/08/17","群益金鼎-館前",0,31,-31
"3513","1540喬福","110/08/17","凱基-中壢",17,0,17
"3514","1540喬福","110/08/17","日盛-文化",0,30,-30
"3515","1540喬福","110/08/17","元大-左營",11,0,11
"3516","1540喬福","110/08/17","兆豐-民生",0,17,-17
"3517","1540喬福","110/08/17","元富-文心",10,0,10
"3518","1540喬福","110/08/17","凱基-台北",0,5,-5
"3519","1540喬福","110/08/17","元大-土城永寧",10,0,10
"3520","1540喬福","110/08/17","國票-台中",0,3,-3
"3521","1540喬福","110/08/17","元大-成功",10,0,10
"3522","1540喬福","110/08/17","元大-大益",0,3,-3
"3523","1540喬福","110/08/17","富邦-板橋",6,0,6
"3524","1540喬福","110/08/17","致和-南京",0,2,-2
"3525","1540喬福","110/08/17","新光",4,0,4
"3526","1540喬福","110/08/17","國泰-館前",0,2,-2
"3527","1540喬福","110/08/17","亞東",2,0,2
"3528","1540喬福","110/08/17","富邦-陽明",0,2,-2
"3529","1540喬福","110/08/17","群益金鼎-新店",2,0,2
"3530","1540喬福","110/08/17","元大-龍潭",0,2,-2
"3531","1540喬福","110/08/17","日盛-員林",1,0,1
"3532","1540喬福","110/08/17","日盛-台中",0,1,-1
"3533","1540喬福","110/08/17","日盛-鳳山",1,0,1
"3534","1540喬福","110/08/17","美林",0,1,-1
"3535","1540喬福","110/08/17","統一-屏東",1,0,1
"3536","1540喬福","110/08/17","第一金-高雄",0,1,-1
"3537","1540喬福","110/08/17","元富-大昌",1,0,1
"3538","1540喬福","110/08/17","元富",1,2,-1
"3539","1540喬福","110/08/17","台新-高雄",1,0,1
"3540","1540喬福","110/08/17","新光-新竹",0,1,-1
"3541","2888新光金","110/08/17","華南永昌-岡山",6623,36,6587
"3542","2888新光金","110/08/17","元富-城東",11,13997,-13986
"3543","2888新光金","110/08/17","元大-忠孝鼎富",4976,0,4976
"3544","2888新光金","110/08/17","永豐金證券",19,2260,-2241
"3545","2888新光金","110/08/17","永豐金-萬盛",3955,15,3940
"3546","2888新光金","110/08/17","國票-博愛",0,2051,-2051
"3547","2888新光金","110/08/17","摩根大通",3699,247,3452
"3548","2888新光金","110/08/17","群益金鼎",0,1836,-1836
"3549","2888新光金","110/08/17","瑞士信貸",3064,605,2459
"3550","2888新光金","110/08/17","華南永昌",10,1624,-1614
"3551","2888新光金","110/08/17","凱基-大安",2179,2,2177
"3552","2888新光金","110/08/17","元大-大同",0,714,-714
"3553","2888新光金","110/08/17","國票-台東",1935,23,1912
"3554","2888新光金","110/08/17","安泰",0,598,-598
"3555","2888新光金","110/08/17","永豐金-信義",1497,5,1492
"3556","2888新光金","110/08/17","大昌",3,555,-552
"3557","2888新光金","110/08/17","國票-北投",1304,0,1304
"3558","2888新光金","110/08/17","福勝",3,510,-507
"3559","2888新光金","110/08/17","兆豐-松德",1251,0,1251
"3560","2888新光金","110/08/17","元大-太平",20,525,-505
"3561","2888新光金","110/08/17","花旗環球",1101,147,954
"3562","2888新光金","110/08/17","中國信託-三重",0,503,-503
"3563","2888新光金","110/08/17","港商法國興業",1031,180,851
"3564","2888新光金","110/08/17","台灣摩根士丹利",1136,1627,-491
"3565","2888新光金","110/08/17","凱基-站前",788,13,775
"3566","2888新光金","110/08/17","美林",141,604,-463
"3567","2888新光金","110/08/17","台灣匯立證券",763,0,763
"3568","2888新光金","110/08/17","群益金鼎-土城",0,415,-415
"3569","2888新光金","110/08/17","群益金鼎-崇德",735,3,732
"3570","2888新光金","110/08/17","凱基-台北",632,1033,-401
"3571","1340勝悅","110/08/17","國泰-台中",12,0,12
"3572","1340勝悅","110/08/17","永豐金-潮州",0,20,-20
"3573","1340勝悅","110/08/17","新光-新竹",10,0,10
"3574","1340勝悅","110/08/17","臺灣企銀-桃園",0,10,-10
"3575","1340勝悅","110/08/17","元富-成功",8,0,8
"3576","1340勝悅","110/08/17","瑞士信貸",0,6,-6
"3577","1340勝悅","110/08/17","臺灣企銀-埔墘",5,0,5
"3578","1340勝悅","110/08/17","玉山-桃園",0,5,-5
"3579","1340勝悅","110/08/17","華南永昌-敦南",5,0,5
"3580","1340勝悅","110/08/17","華南永昌-虎尾",0,5,-5
"3581","1340勝悅","110/08/17","富邦-新店",11,6,5
"3582","1340勝悅","110/08/17","永豐金-博愛",0,5,-5
"3583","1340勝悅","110/08/17","美商高盛",4,0,4
"3584","1340勝悅","110/08/17","日盛-永康",0,4,-4
"3585","1340勝悅","110/08/17","新光-桃園",3,0,3
"3586","1340勝悅","110/08/17","元富-世貿",0,4,-4
"3587","1340勝悅","110/08/17","日盛-八德",2,0,2
"3588","1340勝悅","110/08/17","摩根大通",2,6,-4
"3589","1340勝悅","110/08/17","凱基-基隆",2,0,2
"3590","1340勝悅","110/08/17","玉山-新莊",0,3,-3
"3591","1340勝悅","110/08/17","元大-松江",2,0,2
"3592","1340勝悅","110/08/17","國泰-敦南",5,8,-3
"3593","1340勝悅","110/08/17","元大-崇德",2,0,2
"3594","1340勝悅","110/08/17","富邦-桃園",0,3,-3
"3595","1340勝悅","110/08/17","國泰-館前",1,0,1
"3596","1340勝悅","110/08/17","元大-和平",0,3,-3
"3597","1340勝悅","110/08/17","群益金鼎-民權",1,0,1
"3598","1340勝悅","110/08/17","永豐金-南投",0,3,-3
"3599","1340勝悅","110/08/17","華南永昌-大安",1,0,1
"3600","1340勝悅","110/08/17","富邦-羅東",2,4,-2
"3601","6246臺龍","110/08/17","台新-三民",90,0,90
"3602","6246臺龍","110/08/17","日盛證券",0,52,-52
"3603","6246臺龍","110/08/17","港商野村",63,28,35
"3604","6246臺龍","110/08/17","凱基-幸福",0,10,-10
"3605","6246臺龍","110/08/17","台新證券",20,0,20
"3606","6246臺龍","110/08/17","元富-新店",0,9,-9
"3607","6246臺龍","110/08/17","凱基-信義",7,0,7
"3608","6246臺龍","110/08/17","凱基-科園",0,8,-8
"3609","6246臺龍","110/08/17","凱基-站前",5,0,5
"3610","6246臺龍","110/08/17","元富-世貿",0,7,-7
"3611","6246臺龍","110/08/17","合庫-嘉義",5,1,4
"3612","6246臺龍","110/08/17","兆豐-公益",0,7,-7
"3613","6246臺龍","110/08/17","元大-林園",10,6,4
"3614","6246臺龍","110/08/17","元大-東蘆",0,7,-7
"3615","6246臺龍","110/08/17","元大-永康",4,0,4
"3616","6246臺龍","110/08/17","群益金鼎-嘉義",0,6,-6
"3617","6246臺龍","110/08/17","元大-基隆孝二",4,0,4
"3618","6246臺龍","110/08/17","華南永昌-頭份",0,6,-6
"3619","6246臺龍","110/08/17","日盛-斗六",3,0,3
"3620","6246臺龍","110/08/17","元大-北港",0,5,-5
"3621","6246臺龍","110/08/17","永全",3,0,3
"3622","6246臺龍","110/08/17","日盛-和美",0,4,-4
"3623","6246臺龍","110/08/17","兆豐-景美",3,0,3
"3624","6246臺龍","110/08/17","國泰-敦南",1,5,-4
"3625","6246臺龍","110/08/17","台新-台中",3,0,3
"3626","6246臺龍","110/08/17","群益金鼎-新竹",0,4,-4
"3627","6246臺龍","110/08/17","元大-雙和",3,0,3
"3628","6246臺龍","110/08/17","凱基-台北",0,4,-4
"3629","6246臺龍","110/08/17","土銀",2,0,2
"3630","6246臺龍","110/08/17","元大-府城",0,4,-4
"3631","00715L期街口布蘭特正2","110/08/17","華南永昌-長虹",860,0,860
"3632","00715L期街口布蘭特正2","110/08/17","元大證券",78,4339,-4261
"3633","00715L期街口布蘭特正2","110/08/17","永豐金-台中",823,20,803
"3634","00715L期街口布蘭特正2","110/08/17","元富",2,3940,-3938
"3635","00715L期街口布蘭特正2","110/08/17","日盛-和美",595,0,595
"3636","00715L期街口布蘭特正2","110/08/17","永豐金證券",41,1048,-1007
"3637","00715L期街口布蘭特正2","110/08/17","第一金-豐原",420,0,420
"3638","00715L期街口布蘭特正2","110/08/17","統一-桃園",5,850,-845
"3639","00715L期街口布蘭特正2","110/08/17","元大-前金",419,0,419
"3640","00715L期街口布蘭特正2","110/08/17","富邦證券",258,1081,-823
"3641","00715L期街口布蘭特正2","110/08/17","華南永昌-台中",419,5,414
"3642","00715L期街口布蘭特正2","110/08/17","元大-台中",9,534,-525
"3643","00715L期街口布蘭特正2","110/08/17","元大-北三重",403,0,403
"3644","00715L期街口布蘭特正2","110/08/17","合庫-高雄",10,310,-300
"3645","00715L期街口布蘭特正2","110/08/17","日盛-新莊",375,0,375
"3646","00715L期街口布蘭特正2","110/08/17","港商野村",1,240,-239
"3647","00715L期街口布蘭特正2","110/08/17","富邦-基隆",310,0,310
"3648","00715L期街口布蘭特正2","110/08/17","群益金鼎-民權",2,208,-206
"3649","00715L期街口布蘭特正2","110/08/17","臺銀-新竹",311,10,301
"3650","00715L期街口布蘭特正2","110/08/17","元大-大里德芳",1,200,-199
"3651","00715L期街口布蘭特正2","110/08/17","元富-中港",300,0,300
"3652","00715L期街口布蘭特正2","110/08/17","元大-中和",1,187,-186
"3653","00715L期街口布蘭特正2","110/08/17","新光",368,82,286
"3654","00715L期街口布蘭特正2","110/08/17","康和",0,133,-133
"3655","00715L期街口布蘭特正2","110/08/17","中國信託-新竹",263,0,263
"3656","00715L期街口布蘭特正2","110/08/17","永豐金-板新",25,150,-125
"3657","00715L期街口布蘭特正2","110/08/17","台中銀",253,0,253
"3658","00715L期街口布蘭特正2","110/08/17","兆豐-桃鶯",6,110,-104
"3659","00715L期街口布蘭特正2","110/08/17","統一-台中",230,0,230
"3660","00715L期街口布蘭特正2","110/08/17","凱基-大直",2,100,-98
"3661","8941關中","110/08/17","宏遠-館前",4,0,4
"3662","8941關中","110/08/17","凱基-高美館",0,1,-1
"3663","8941關中","110/08/17","",NA,NA,NA
"3664","8941關中","110/08/17","凱基-台北",0,1,-1
"3665","8941關中","110/08/17","",NA,NA,NA
"3666","8941關中","110/08/17","元大-南投",0,1,-1
"3667","8941關中","110/08/17","",NA,NA,NA
"3668","8941關中","110/08/17","元大-華山",0,1,-1
"3669","8941關中","110/08/17","",NA,NA,NA
"3670","8941關中","110/08/17","",NA,NA,NA
"3671","8941關中","110/08/17","",NA,NA,NA
"3672","8941關中","110/08/17","",NA,NA,NA
"3673","8941關中","110/08/17","",NA,NA,NA
"3674","8941關中","110/08/17","",NA,NA,NA
"3675","8941關中","110/08/17","",NA,NA,NA
"3676","8941關中","110/08/17","",NA,NA,NA
"3677","8941關中","110/08/17","",NA,NA,NA
"3678","8941關中","110/08/17","",NA,NA,NA
"3679","8941關中","110/08/17","",NA,NA,NA
"3680","8941關中","110/08/17","",NA,NA,NA
"3681","8941關中","110/08/17","",NA,NA,NA
"3682","8941關中","110/08/17","",NA,NA,NA
"3683","8941關中","110/08/17","",NA,NA,NA
"3684","8941關中","110/08/17","",NA,NA,NA
"3685","8941關中","110/08/17","",NA,NA,NA
"3686","8941關中","110/08/17","",NA,NA,NA
"3687","8941關中","110/08/17","",NA,NA,NA
"3688","8941關中","110/08/17","",NA,NA,NA
"3689","8941關中","110/08/17","",NA,NA,NA
"3690","8941關中","110/08/17","",NA,NA,NA
"3691","8936國統","110/08/17","台新-高雄",511,7,504
"3692","8936國統","110/08/17","凱基-高美館",20,157,-137
"3693","8936國統","110/08/17","美林",60,0,60
"3694","8936國統","110/08/17","台灣摩根士丹利",7,56,-49
"3695","8936國統","110/08/17","台中銀-高雄",33,0,33
"3696","8936國統","110/08/17","永豐金-大園",5,52,-47
"3697","8936國統","110/08/17","摩根大通",71,39,32
"3698","8936國統","110/08/17","新光-台中",16,60,-44
"3699","8936國統","110/08/17","元大-豐原站前",30,0,30
"3700","8936國統","110/08/17","國泰-敦南",14,44,-30
"3701","8936國統","110/08/17","第一金-新興",25,0,25
"3702","8936國統","110/08/17","港商野村",41,64,-23
"3703","8936國統","110/08/17","凱基-台北",45,24,21
"3704","8936國統","110/08/17","凱基-站前",0,20,-20
"3705","8936國統","110/08/17","日盛-忠孝",20,0,20
"3706","8936國統","110/08/17","國泰-高雄",3,20,-17
"3707","8936國統","110/08/17","日盛-高雄",15,0,15
"3708","8936國統","110/08/17","富邦-嘉義",0,17,-17
"3709","8936國統","110/08/17","新加坡商瑞銀",66,53,13
"3710","8936國統","110/08/17","元大-敦化",0,17,-17
"3711","8936國統","110/08/17","玉山-台南",14,3,11
"3712","8936國統","110/08/17","統一-台中",0,15,-15
"3713","8936國統","110/08/17","日盛-斗六",10,0,10
"3714","8936國統","110/08/17","兆豐-高雄",0,15,-15
"3715","8936國統","110/08/17","統一-新營",10,0,10
"3716","8936國統","110/08/17","陽信-石牌",0,15,-15
"3717","8936國統","110/08/17","元富-三重",15,5,10
"3718","8936國統","110/08/17","元大-文心",0,15,-15
"3719","8936國統","110/08/17","群益金鼎-台中",10,0,10
"3720","8936國統","110/08/17","美商高盛",8,22,-14
"3721","6226光鼎","110/08/17","國泰-台中",693,66,627
"3722","6226光鼎","110/08/17","美商高盛",21,669,-648
"3723","6226光鼎","110/08/17","摩根大通",453,306,147
"3724","6226光鼎","110/08/17","凱基-台北",116,705,-589
"3725","6226光鼎","110/08/17","日盛-員林",105,1,104
"3726","6226光鼎","110/08/17","第一金-大稻埕",101,627,-526
"3727","6226光鼎","110/08/17","永豐金-南投",80,0,80
"3728","6226光鼎","110/08/17","瑞士信貸",0,356,-356
"3729","6226光鼎","110/08/17","宏遠-光隆",60,0,60
"3730","6226光鼎","110/08/17","美林",48,202,-154
"3731","6226光鼎","110/08/17","元大-員林中山",52,0,52
"3732","6226光鼎","110/08/17","新光",74,175,-101
"3733","6226光鼎","110/08/17","合庫-鳳山",54,4,50
"3734","6226光鼎","110/08/17","元大-北屯",1,101,-100
"3735","6226光鼎","110/08/17","元大-福營",51,5,46
"3736","6226光鼎","110/08/17","台新-屏東",0,70,-70
"3737","6226光鼎","110/08/17","凱基-市府",46,4,42
"3738","6226光鼎","110/08/17","永豐金-南京",6,74,-68
"3739","6226光鼎","110/08/17","兆豐-永和",41,1,40
"3740","6226光鼎","110/08/17","元大-西螺",2,55,-53
"3741","6226光鼎","110/08/17","凱基-永和",40,1,39
"3742","6226光鼎","110/08/17","統一-基隆",0,50,-50
"3743","6226光鼎","110/08/17","元大-敦化",38,0,38
"3744","6226光鼎","110/08/17","永豐金-板橋",2,46,-44
"3745","6226光鼎","110/08/17","凱基-中山",42,5,37
"3746","6226光鼎","110/08/17","元大-草屯",2,33,-31
"3747","6226光鼎","110/08/17","國泰-桃園",131,97,34
"3748","6226光鼎","110/08/17","元大-西門",0,28,-28
"3749","6226光鼎","110/08/17","富邦-台北",55,21,34
"3750","6226光鼎","110/08/17","凱基-屏東",1,27,-26
"3751","2363矽統","110/08/17","第一金-高雄",356,4,352
"3752","2363矽統","110/08/17","瑞士信貸",86,1495,-1409
"3753","2363矽統","110/08/17","元富-永和",241,5,236
"3754","2363矽統","110/08/17","凱基-台北",737,1867,-1130
"3755","2363矽統","110/08/17","凱基-高美館",254,23,231
"3756","2363矽統","110/08/17","台灣摩根士丹利",0,438,-438
"3757","2363矽統","110/08/17","台新證券",511,295,216
"3758","2363矽統","110/08/17","元富-城東",13,409,-396
"3759","2363矽統","110/08/17","土銀-士林",189,0,189
"3760","2363矽統","110/08/17","(牛牛牛)亞-鑫豐",24,247,-223
"3761","2363矽統","110/08/17","永豐金-天母",155,0,155
"3762","2363矽統","110/08/17","美林",97,274,-177
"3763","2363矽統","110/08/17","玉山-台中",301,164,137
"3764","2363矽統","110/08/17","凱基-長庚",11,134,-123
"3765","2363矽統","110/08/17","凱基-竹北",122,5,117
"3766","2363矽統","110/08/17","元富-新店",4,115,-111
"3767","2363矽統","110/08/17","群益金鼎-三民",115,8,107
"3768","2363矽統","110/08/17","元大-北成功",142,237,-95
"3769","2363矽統","110/08/17","港商野村",1447,1350,97
"3770","2363矽統","110/08/17","日盛-木柵",70,160,-90
"3771","2363矽統","110/08/17","永豐金-新竹",105,20,85
"3772","2363矽統","110/08/17","摩根大通",240,322,-82
"3773","2363矽統","110/08/17","永豐金-松山",77,0,77
"3774","2363矽統","110/08/17","第一金-新竹",266,342,-76
"3775","2363矽統","110/08/17","富邦-宜蘭",84,11,73
"3776","2363矽統","110/08/17","華南永昌-岡山",42,110,-68
"3777","2363矽統","110/08/17","永豐金-南投",72,1,71
"3778","2363矽統","110/08/17","康和",48,112,-64
"3779","2363矽統","110/08/17","富邦-仁愛",90,22,68
"3780","2363矽統","110/08/17","華南永昌-楠梓",30,90,-60
"3781","8112至上","110/08/17","港商麥格理",158,0,158
"3782","8112至上","110/08/17","瑞士信貸",0,249,-249
"3783","8112至上","110/08/17","凱基-台北",177,49,128
"3784","8112至上","110/08/17","摩根大通",56,233,-177
"3785","8112至上","110/08/17","德信",120,0,120
"3786","8112至上","110/08/17","新加坡商瑞銀",19,179,-160
"3787","8112至上","110/08/17","台新證券",116,19,97
"3788","8112至上","110/08/17","富邦-仁愛",13,141,-128
"3789","8112至上","110/08/17","合庫-台中",75,2,73
"3790","8112至上","110/08/17","凱基-復興",1,108,-107
"3791","8112至上","110/08/17","美林",79,10,69
"3792","8112至上","110/08/17","台灣摩根士丹利",0,101,-101
"3793","8112至上","110/08/17","統一",46,0,46
"3794","8112至上","110/08/17","香港上海匯豐",0,96,-96
"3795","8112至上","110/08/17","群益金鼎-瑞豐",40,0,40
"3796","8112至上","110/08/17","群益金鼎-基隆",1,70,-69
"3797","8112至上","110/08/17","臺銀-金山",37,0,37
"3798","8112至上","110/08/17","日盛-花蓮",0,52,-52
"3799","8112至上","110/08/17","新光-高雄",37,4,33
"3800","8112至上","110/08/17","國票-北高雄",0,50,-50
"3801","8112至上","110/08/17","臺銀",41,15,26
"3802","8112至上","110/08/17","永豐金-新竹",0,48,-48
"3803","8112至上","110/08/17","元大證券",27,2,25
"3804","8112至上","110/08/17","日進",0,45,-45
"3805","8112至上","110/08/17","元大-內湖",24,0,24
"3806","8112至上","110/08/17","大展",0,30,-30
"3807","8112至上","110/08/17","國票-天祥",23,0,23
"3808","8112至上","110/08/17","港商野村",30,52,-22
"3809","8112至上","110/08/17","元大-土城永寧",23,0,23
"3810","8112至上","110/08/17","凱基-市府",1,21,-20
"3811","1570力肯","110/08/17","元大-南投",88,1,87
"3812","1570力肯","110/08/17","富邦-仁愛",0,42,-42
"3813","1570力肯","110/08/17","群益金鼎-高雄",51,10,41
"3814","1570力肯","110/08/17","元富-新竹",0,30,-30
"3815","1570力肯","110/08/17","凱基-台北",47,7,40
"3816","1570力肯","110/08/17","元大-新盛",2,28,-26
"3817","1570力肯","110/08/17","統一",29,4,25
"3818","1570力肯","110/08/17","凱基-台南",0,20,-20
"3819","1570力肯","110/08/17","元大-大雅",25,0,25
"3820","1570力肯","110/08/17","日盛-復興",0,15,-15
"3821","1570力肯","110/08/17","台新證券",24,10,14
"3822","1570力肯","110/08/17","元大-前金",1,15,-14
"3823","1570力肯","110/08/17","元大證券",14,0,14
"3824","1570力肯","110/08/17","元大-北成功",0,14,-14
"3825","1570力肯","110/08/17","日盛-板橋",12,0,12
"3826","1570力肯","110/08/17","臺銀-臺南",0,11,-11
"3827","1570力肯","110/08/17","元大-鑫永和",11,0,11
"3828","1570力肯","110/08/17","凱基-彰化",0,11,-11
"3829","1570力肯","110/08/17","富邦-內湖",10,0,10
"3830","1570力肯","110/08/17","合庫-桃園",0,10,-10
"3831","1570力肯","110/08/17","元富-緯城",10,1,9
"3832","1570力肯","110/08/17","凱基-南崁",0,10,-10
"3833","1570力肯","110/08/17","元大-開元",10,2,8
"3834","1570力肯","110/08/17","凱基-台中",0,9,-9
"3835","1570力肯","110/08/17","元大-桃興",8,1,7
"3836","1570力肯","110/08/17","華南永昌-嘉義",0,8,-8
"3837","1570力肯","110/08/17","日盛-員林",6,0,6
"3838","1570力肯","110/08/17","元大-鹿港",1,9,-8
"3839","1570力肯","110/08/17","陽信",5,0,5
"3840","1570力肯","110/08/17","國票-中正",0,7,-7
"3841","2929淘帝","110/08/17","元大-太平",48,0,48
"3842","2929淘帝","110/08/17","華南永昌-苗栗",0,30,-30
"3843","2929淘帝","110/08/17","永豐金-敦南",22,0,22
"3844","2929淘帝","110/08/17","兆豐-復興",0,15,-15
"3845","2929淘帝","110/08/17","永興",12,0,12
"3846","2929淘帝","110/08/17","凱基-長庚",0,13,-13
"3847","2929淘帝","110/08/17","日盛-復興",10,0,10
"3848","2929淘帝","110/08/17","美林",1,13,-12
"3849","2929淘帝","110/08/17","第一金-大稻埕",10,0,10
"3850","2929淘帝","110/08/17","永豐金-豐原",0,10,-10
"3851","2929淘帝","110/08/17","華南永昌-長虹",10,0,10
"3852","2929淘帝","110/08/17","華南永昌-高雄",1,10,-9
"3853","2929淘帝","110/08/17","元大-高雄",8,0,8
"3854","2929淘帝","110/08/17","日盛-南京",0,8,-8
"3855","2929淘帝","110/08/17","港商野村",12,5,7
"3856","2929淘帝","110/08/17","兆豐-大同",0,7,-7
"3857","2929淘帝","110/08/17","亞東-板橋",7,0,7
"3858","2929淘帝","110/08/17","摩根大通",0,6,-6
"3859","2929淘帝","110/08/17","國票-北高雄",6,0,6
"3860","2929淘帝","110/08/17","凱基-台中",0,5,-5
"3861","2929淘帝","110/08/17","國票-九鼎",6,0,6
"3862","2929淘帝","110/08/17","元大-鶯歌",0,5,-5
"3863","2929淘帝","110/08/17","亞東-新竹",5,0,5
"3864","2929淘帝","110/08/17","元大-上新莊",0,5,-5
"3865","2929淘帝","110/08/17","新加坡商瑞銀",4,0,4
"3866","2929淘帝","110/08/17","元大-北三重",0,5,-5
"3867","2929淘帝","110/08/17","凱基-中山",6,2,4
"3868","2929淘帝","110/08/17","第一金-澎湖",4,8,-4
"3869","2929淘帝","110/08/17","富邦-南屯",4,0,4
"3870","2929淘帝","110/08/17","日進",1,5,-4
"3871","5410國眾","110/08/17","元大-博愛",50,3,47
"3872","5410國眾","110/08/17","瑞士信貸",0,61,-61
"3873","5410國眾","110/08/17","土銀-嘉義",38,0,38
"3874","5410國眾","110/08/17","新光",3,41,-38
"3875","5410國眾","110/08/17","國票-北高雄",20,0,20
"3876","5410國眾","110/08/17","凱基-台南",2,30,-28
"3877","5410國眾","110/08/17","凱基-台北",37,22,15
"3878","5410國眾","110/08/17","元富-基隆",0,21,-21
"3879","5410國眾","110/08/17","兆豐-永和",14,0,14
"3880","5410國眾","110/08/17","富邦-新竹",1,16,-15
"3881","5410國眾","110/08/17","富邦-台北",22,10,12
"3882","5410國眾","110/08/17","亞東-新竹",0,14,-14
"3883","5410國眾","110/08/17","元大-中壢",12,0,12
"3884","5410國眾","110/08/17","群益金鼎-新竹",1,15,-14
"3885","5410國眾","110/08/17","摩根大通",25,14,11
"3886","5410國眾","110/08/17","富邦-永和",1,14,-13
"3887","5410國眾","110/08/17","日盛-花蓮",10,0,10
"3888","5410國眾","110/08/17","元大-新竹經國",0,12,-12
"3889","5410國眾","110/08/17","元富-同大",11,1,10
"3890","5410國眾","110/08/17","群益金鼎-三民",0,11,-11
"3891","5410國眾","110/08/17","凱基-科園",10,0,10
"3892","5410國眾","110/08/17","寶盛",0,10,-10
"3893","5410國眾","110/08/17","元大-潮州",10,0,10
"3894","5410國眾","110/08/17","永豐金-板橋",0,10,-10
"3895","5410國眾","110/08/17","台新-左楠",10,1,9
"3896","5410國眾","110/08/17","永豐金-竹科",1,11,-10
"3897","5410國眾","110/08/17","群益金鼎-古亭",14,5,9
"3898","5410國眾","110/08/17","臺銀",1,9,-8
"3899","5410國眾","110/08/17","永豐金-萬盛",9,0,9
"3900","5410國眾","110/08/17","群益金鼎-南京",0,8,-8
"3901","2841台開","110/08/17","宏遠-館前",169,2,167
"3902","2841台開","110/08/17","光和-溪湖",0,120,-120
"3903","2841台開","110/08/17","第一金",54,0,54
"3904","2841台開","110/08/17","兆豐-台南",0,109,-109
"3905","2841台開","110/08/17","台新-三民",50,0,50
"3906","2841台開","110/08/17","永豐金-台南",0,50,-50
"3907","2841台開","110/08/17","日盛證券",52,24,28
"3908","2841台開","110/08/17","兆豐-高雄",0,38,-38
"3909","2841台開","110/08/17","華南永昌-台中",20,0,20
"3910","2841台開","110/08/17","元大-林園",0,30,-30
"3911","2841台開","110/08/17","永豐金-中盛",17,0,17
"3912","2841台開","110/08/17","兆豐-台中",0,20,-20
"3913","2841台開","110/08/17","日盛-台中",15,0,15
"3914","2841台開","110/08/17","元大-敦化",0,20,-20
"3915","2841台開","110/08/17","日盛-園區",15,0,15
"3916","2841台開","110/08/17","元大-彰化民生",2,21,-19
"3917","2841台開","110/08/17","國泰-館前",15,0,15
"3918","2841台開","110/08/17","凱基-彰化",1,14,-13
"3919","2841台開","110/08/17","日盛-大墩",10,0,10
"3920","2841台開","110/08/17","元大-大灣",0,13,-13
"3921","2841台開","110/08/17","大慶-蘆洲",10,0,10
"3922","2841台開","110/08/17","元大-鹿港",0,11,-11
"3923","2841台開","110/08/17","凱基-員林",10,0,10
"3924","2841台開","110/08/17","兆豐-公益",0,10,-10
"3925","2841台開","110/08/17","富邦-基隆",10,0,10
"3926","2841台開","110/08/17","元大-北三重",0,10,-10
"3927","2841台開","110/08/17","元大-新竹經國",10,0,10
"3928","2841台開","110/08/17","華南永昌-鳳山",0,7,-7
"3929","2841台開","110/08/17","元富-成功",8,0,8
"3930","2841台開","110/08/17","元大-南海",0,7,-7
"3931","6207雷科","110/08/17","台新-高雄",82,2,80
"3932","6207雷科","110/08/17","第一金-員林",0,60,-60
"3933","6207雷科","110/08/17","凱基-台北",42,16,26
"3934","6207雷科","110/08/17","元大-高雄",0,47,-47
"3935","6207雷科","110/08/17","摩根大通",26,5,21
"3936","6207雷科","110/08/17","凱基-復興",0,20,-20
"3937","6207雷科","110/08/17","安泰",20,0,20
"3938","6207雷科","110/08/17","元大-新盛",1,20,-19
"3939","6207雷科","110/08/17","富邦-中壢",20,0,20
"3940","6207雷科","110/08/17","元富-大昌",0,12,-12
"3941","6207雷科","110/08/17","新加坡商瑞銀",23,6,17
"3942","6207雷科","110/08/17","華南永昌-岡山",1,12,-11
"3943","6207雷科","110/08/17","日盛-桃園",10,0,10
"3944","6207雷科","110/08/17","日盛-板橋",0,10,-10
"3945","6207雷科","110/08/17","兆豐-西螺",10,0,10
"3946","6207雷科","110/08/17","凱基-中壢",0,10,-10
"3947","6207雷科","110/08/17","中國信託-高雄",8,0,8
"3948","6207雷科","110/08/17","港商野村",7,16,-9
"3949","6207雷科","110/08/17","大昌-桃園",8,0,8
"3950","6207雷科","110/08/17","凱基-三重",1,10,-9
"3951","6207雷科","110/08/17","群益金鼎-士林",6,0,6
"3952","6207雷科","110/08/17","台新-台中",0,8,-8
"3953","6207雷科","110/08/17","美林",5,0,5
"3954","6207雷科","110/08/17","富邦-板橋",0,8,-8
"3955","6207雷科","110/08/17","中國信託-三重",5,0,5
"3956","6207雷科","110/08/17","兆豐-公益",0,6,-6
"3957","6207雷科","110/08/17","康和-內湖",5,0,5
"3958","6207雷科","110/08/17","新光-桃園",0,6,-6
"3959","6207雷科","110/08/17","新光",9,4,5
"3960","6207雷科","110/08/17","凱基-大里",0,6,-6
"3961","3679新至陞","110/08/17","台灣摩根士丹利",20,0,20
"3962","3679新至陞","110/08/17","台新證券",1,31,-30
"3963","3679新至陞","110/08/17","凱基-長庚",12,0,12
"3964","3679新至陞","110/08/17","統一",0,27,-27
"3965","3679新至陞","110/08/17","元大-大天母",12,0,12
"3966","3679新至陞","110/08/17","國票-南科",0,20,-20
"3967","3679新至陞","110/08/17","瑞士信貸",24,15,9
"3968","3679新至陞","110/08/17","國泰-忠孝",0,7,-7
"3969","3679新至陞","110/08/17","康和-板橋",6,0,6
"3970","3679新至陞","110/08/17","美林",10,15,-5
"3971","3679新至陞","110/08/17","元大-四維",6,0,6
"3972","3679新至陞","110/08/17","國泰-桃園",0,5,-5
"3973","3679新至陞","110/08/17","日盛-台中",5,0,5
"3974","3679新至陞","110/08/17","凱基-頭份",0,4,-4
"3975","3679新至陞","110/08/17","第一金-彰化",5,0,5
"3976","3679新至陞","110/08/17","港商野村",1,4,-3
"3977","3679新至陞","110/08/17","凱基-文心",5,1,4
"3978","3679新至陞","110/08/17","凱基-台北",8,11,-3
"3979","3679新至陞","110/08/17","元大-雙和",4,0,4
"3980","3679新至陞","110/08/17","元大證券",1,4,-3
"3981","3679新至陞","110/08/17","元大-草屯",4,0,4
"3982","3679新至陞","110/08/17","元大-新莊",0,3,-3
"3983","3679新至陞","110/08/17","合庫-彰化",2,0,2
"3984","3679新至陞","110/08/17","港商法國興業",0,2,-2
"3985","3679新至陞","110/08/17","臺銀-臺中",2,0,2
"3986","3679新至陞","110/08/17","元富-板橋",0,2,-2
"3987","3679新至陞","110/08/17","日盛-文化",3,1,2
"3988","3679新至陞","110/08/17","康和-高雄",0,2,-2
"3989","3679新至陞","110/08/17","永豐金-敦南",2,0,2
"3990","3679新至陞","110/08/17","群益金鼎-三重",0,2,-2
"3991","2727王品","110/08/17","凱基-台北",63,1,62
"3992","2727王品","110/08/17","第一金-高雄",1,111,-110
"3993","2727王品","110/08/17","台灣摩根士丹利",86,37,49
"3994","2727王品","110/08/17","摩根大通",29,118,-89
"3995","2727王品","110/08/17","瑞士信貸",32,0,32
"3996","2727王品","110/08/17","永豐金證券",0,83,-83
"3997","2727王品","110/08/17","元大-北屯",32,1,31
"3998","2727王品","110/08/17","華南永昌",1,38,-37
"3999","2727王品","110/08/17","美林",37,8,29
"4000","2727王品","110/08/17","合庫-新竹",1,31,-30
"4001","2727王品","110/08/17","凱基-市政",23,0,23
"4002","2727王品","110/08/17","中國信託-新竹",1,23,-22
"4003","2727王品","110/08/17","港商野村",74,54,20
"4004","2727王品","110/08/17","玉山證券",16,33,-17
"4005","2727王品","110/08/17","元大-板橋",20,0,20
"4006","2727王品","110/08/17","富邦-台北",5,19,-14
"4007","2727王品","110/08/17","元大-汐止",12,0,12
"4008","2727王品","110/08/17","群益金鼎-中壢",1,14,-13
"4009","2727王品","110/08/17","元大-龍潭",19,8,11
"4010","2727王品","110/08/17","富邦證券",0,13,-13
"4011","2727王品","110/08/17","元富",10,0,10
"4012","2727王品","110/08/17","元大證券",9,22,-13
"4013","2727王品","110/08/17","彰銀-台中",9,0,9
"4014","2727王品","110/08/17","聯邦商銀",0,12,-12
"4015","2727王品","110/08/17","中國信託",11,2,9
"4016","2727王品","110/08/17","日盛-屏東",7,17,-10
"4017","2727王品","110/08/17","群益金鼎-西松",10,1,9
"4018","2727王品","110/08/17","康和-高雄",0,10,-10
"4019","2727王品","110/08/17","第一金-自由",8,0,8
"4020","2727王品","110/08/17","新光-高雄",1,11,-10
"4021","1570力肯","110/08/17","元大-南投",88,1,87
"4022","1570力肯","110/08/17","富邦-仁愛",0,42,-42
"4023","1570力肯","110/08/17","群益金鼎-高雄",51,10,41
"4024","1570力肯","110/08/17","元富-新竹",0,30,-30
"4025","1570力肯","110/08/17","凱基-台北",47,7,40
"4026","1570力肯","110/08/17","元大-新盛",2,28,-26
"4027","1570力肯","110/08/17","統一",29,4,25
"4028","1570力肯","110/08/17","凱基-台南",0,20,-20
"4029","1570力肯","110/08/17","元大-大雅",25,0,25
"4030","1570力肯","110/08/17","日盛-復興",0,15,-15
"4031","1570力肯","110/08/17","台新證券",24,10,14
"4032","1570力肯","110/08/17","元大-前金",1,15,-14
"4033","1570力肯","110/08/17","元大證券",14,0,14
"4034","1570力肯","110/08/17","元大-北成功",0,14,-14
"4035","1570力肯","110/08/17","日盛-板橋",12,0,12
"4036","1570力肯","110/08/17","臺銀-臺南",0,11,-11
"4037","1570力肯","110/08/17","元大-鑫永和",11,0,11
"4038","1570力肯","110/08/17","凱基-彰化",0,11,-11
"4039","1570力肯","110/08/17","富邦-內湖",10,0,10
"4040","1570力肯","110/08/17","合庫-桃園",0,10,-10
"4041","1570力肯","110/08/17","元富-緯城",10,1,9
"4042","1570力肯","110/08/17","凱基-南崁",0,10,-10
"4043","1570力肯","110/08/17","元大-開元",10,2,8
"4044","1570力肯","110/08/17","凱基-台中",0,9,-9
"4045","1570力肯","110/08/17","元大-桃興",8,1,7
"4046","1570力肯","110/08/17","華南永昌-嘉義",0,8,-8
"4047","1570力肯","110/08/17","日盛-員林",6,0,6
"4048","1570力肯","110/08/17","元大-鹿港",1,9,-8
"4049","1570力肯","110/08/17","陽信",5,0,5
"4050","1570力肯","110/08/17","國票-中正",0,7,-7
"4051","6180橘子","110/08/17","摩根大通",107,25,82
"4052","6180橘子","110/08/17","元大-高雄",0,50,-50
"4053","6180橘子","110/08/17","美林",59,0,59
"4054","6180橘子","110/08/17","第一金-新竹",1,30,-29
"4055","6180橘子","110/08/17","美商高盛",31,0,31
"4056","6180橘子","110/08/17","台新-建北",1,25,-24
"4057","6180橘子","110/08/17","凱基-台北",32,6,26
"4058","6180橘子","110/08/17","群益金鼎-大安",0,20,-20
"4059","6180橘子","110/08/17","合庫-自強",10,0,10
"4060","6180橘子","110/08/17","台灣摩根士丹利",37,54,-17
"4061","6180橘子","110/08/17","元富-世貿",10,0,10
"4062","6180橘子","110/08/17","玉山-台南",1,13,-12
"4063","6180橘子","110/08/17","元大-台中中港",10,0,10
"4064","6180橘子","110/08/17","富邦-基隆",0,11,-11
"4065","6180橘子","110/08/17","臺銀-金山",11,2,9
"4066","6180橘子","110/08/17","日盛-雙和",0,10,-10
"4067","6180橘子","110/08/17","華南永昌-虎尾",8,0,8
"4068","6180橘子","110/08/17","統一-台南",0,10,-10
"4069","6180橘子","110/08/17","元大-彰化民生",7,0,7
"4070","6180橘子","110/08/17","新光-桃園",0,10,-10
"4071","6180橘子","110/08/17","群益金鼎-嘉義",6,0,6
"4072","6180橘子","110/08/17","凱基-竹北",0,10,-10
"4073","6180橘子","110/08/17","元大-太平",6,0,6
"4074","6180橘子","110/08/17","元大-基隆孝二",0,10,-10
"4075","6180橘子","110/08/17","永豐金-敦北",6,0,6
"4076","6180橘子","110/08/17","永豐金-大園",0,10,-10
"4077","6180橘子","110/08/17","華南永昌-台中",5,0,5
"4078","6180橘子","110/08/17","第一金-中山",0,8,-8
"4079","6180橘子","110/08/17","元大-永春",5,0,5
"4080","6180橘子","110/08/17","台新證券",4,12,-8
"4081","2390云辰","110/08/17","美林",601,355,246
"4082","2390云辰","110/08/17","富邦-虎尾",786,1240,-454
"4083","2390云辰","110/08/17","凱基-台北",999,859,140
"4084","2390云辰","110/08/17","富隆-長安",2,262,-260
"4085","2390云辰","110/08/17","新光",1508,1370,138
"4086","2390云辰","110/08/17","摩根大通",2924,3174,-250
"4087","2390云辰","110/08/17","國泰-敦南",1264,1133,131
"4088","2390云辰","110/08/17","元大-木柵",204,419,-215
"4089","2390云辰","110/08/17","富邦-內湖",143,18,125
"4090","2390云辰","110/08/17","兆豐-埔墘",10,165,-155
"4091","2390云辰","110/08/17","統一-新營",142,28,114
"4092","2390云辰","110/08/17","美商高盛",332,483,-151
"4093","2390云辰","110/08/17","兆豐-虎尾",107,5,102
"4094","2390云辰","110/08/17","元大-大同",829,966,-137
"4095","2390云辰","110/08/17","新加坡商瑞銀",274,177,97
"4096","2390云辰","110/08/17","元大-土城學府",236,367,-131
"4097","2390云辰","110/08/17","元大-上新莊",82,9,73
"4098","2390云辰","110/08/17","富邦-花蓮",5,107,-102
"4099","2390云辰","110/08/17","凱基-民權",145,78,67
"4100","2390云辰","110/08/17","元大-台中",20,118,-98
"4101","2390云辰","110/08/17","富邦-彰化",200,133,67
"4102","2390云辰","110/08/17","群益金鼎-開元",70,150,-80
"4103","2390云辰","110/08/17","宏遠-桃園",67,5,62
"4104","2390云辰","110/08/17","永豐金-古亭",27,106,-79
"4105","2390云辰","110/08/17","港商野村",2090,2030,60
"4106","2390云辰","110/08/17","土銀-士林",0,78,-78
"4107","2390云辰","110/08/17","永豐金-萬盛",76,17,59
"4108","2390云辰","110/08/17","元富-高雄",94,166,-72
"4109","2390云辰","110/08/17","元大-歸仁",85,34,51
"4110","2390云辰","110/08/17","富邦-敦南",40,108,-68
"4111","2609陽明","110/08/16","康和",4181,128,4053
"4112","2609陽明","110/08/16","凱基-台北",1053,19933,-18880
"4113","2609陽明","110/08/16","宏遠證券",2579,659,1920
"4114","2609陽明","110/08/16","群益金鼎-三重",162,5149,-4987
"4115","2609陽明","110/08/16","華南永昌-竹北",2072,225,1847
"4116","2609陽明","110/08/16","兆豐-南京",3041,5871,-2830
"4117","2609陽明","110/08/16","凱基-虎尾",4140,2400,1740
"4118","2609陽明","110/08/16","中國信託-松江",116,2823,-2707
"4119","2609陽明","110/08/16","元大證券",8157,7010,1147
"4120","2609陽明","110/08/16","兆豐-復興",107,2607,-2500
"4121","2609陽明","110/08/16","摩根大通",5939,5074,865
"4122","2609陽明","110/08/16","美林",2802,5073,-2271
"4123","2609陽明","110/08/16","永豐金-信義",865,85,780
"4124","2609陽明","110/08/16","兆豐-三民",182,2181,-1999
"4125","2609陽明","110/08/16","元大-頭份",1005,248,757
"4126","2609陽明","110/08/16","新加坡商瑞銀",561,2511,-1950
"4127","2609陽明","110/08/16","港商野村",2920,2184,736
"4128","2609陽明","110/08/16","凱基-城中",585,1560,-975
"4129","2609陽明","110/08/16","元大-信義",944,209,735
"4130","2609陽明","110/08/16","元大-竹科",394,1326,-932
"4131","2609陽明","110/08/16","凱基-市政",14533,13859,674
"4132","2609陽明","110/08/16","群益金鼎-大安",89,951,-862
"4133","2609陽明","110/08/16","富邦-嘉義",7027,6481,546
"4134","2609陽明","110/08/16","瑞士信貸",910,1607,-697
"4135","2609陽明","110/08/16","新光-新竹",1792,1331,461
"4136","2609陽明","110/08/16","兆豐-新竹",305,932,-627
"4137","2609陽明","110/08/16","凱基-台南",808,378,430
"4138","2609陽明","110/08/16","元大-永春",376,856,-480
"4139","2609陽明","110/08/16","凱基-信義",434,31,403
"4140","2609陽明","110/08/16","元富",483,956,-473
"4141","2636台驊投控","110/08/16","凱基",893,138,755
"4142","2636台驊投控","110/08/16","日盛-台中",36,221,-185
"4143","2636台驊投控","110/08/16","瑞士信貸",524,17,507
"4144","2636台驊投控","110/08/16","統一-新竹",4,188,-184
"4145","2636台驊投控","110/08/16","台灣摩根士丹利",534,35,499
"4146","2636台驊投控","110/08/16","國泰-敦南",291,403,-112
"4147","2636台驊投控","110/08/16","富邦-花蓮",283,25,258
"4148","2636台驊投控","110/08/16","新光",259,366,-107
"4149","2636台驊投控","110/08/16","新光-新竹",349,144,205
"4150","2636台驊投控","110/08/16","群益金鼎",89,185,-96
"4151","2636台驊投控","110/08/16","國票-彰化",442,282,160
"4152","2636台驊投控","110/08/16","新光-桃園",22,98,-76
"4153","2636台驊投控","110/08/16","大慶",160,1,159
"4154","2636台驊投控","110/08/16","群益金鼎-南京",57,126,-69
"4155","2636台驊投控","110/08/16","富邦-虎尾",144,13,131
"4156","2636台驊投控","110/08/16","玉山-台南",61,127,-66
"4157","2636台驊投控","110/08/16","元大-士林",118,2,116
"4158","2636台驊投控","110/08/16","元富-大昌",5,66,-61
"4159","2636台驊投控","110/08/16","摩根大通",799,698,101
"4160","2636台驊投控","110/08/16","日盛證券",78,137,-59
"4161","2636台驊投控","110/08/16","日盛-宜蘭",100,3,97
"4162","2636台驊投控","110/08/16","凱基-市政",13,68,-55
"4163","2636台驊投控","110/08/16","凱基-台北",786,690,96
"4164","2636台驊投控","110/08/16","兆豐-城中",7,58,-51
"4165","2636台驊投控","110/08/16","兆豐-東門",101,31,70
"4166","2636台驊投控","110/08/16","永豐金-新竹",33,83,-50
"4167","2636台驊投控","110/08/16","凱基-長庚",66,6,60
"4168","2636台驊投控","110/08/16","國泰-台中",69,115,-46
"4169","2636台驊投控","110/08/16","元富-中壢",76,18,58
"4170","2636台驊投控","110/08/16","國票-九鼎",18,61,-43
"4171","2867三商壽","110/08/16","兆豐-大同",800,0,800
"4172","2867三商壽","110/08/16","台新證券",7,983,-976
"4173","2867三商壽","110/08/16","元富-世貿",646,5,641
"4174","2867三商壽","110/08/16","美林",0,406,-406
"4175","2867三商壽","110/08/16","元大-土城永寧",320,0,320
"4176","2867三商壽","110/08/16","(牛牛牛)亞-鑫豐",15,120,-105
"4177","2867三商壽","110/08/16","新加坡商瑞銀",241,18,223
"4178","2867三商壽","110/08/16","土銀",0,100,-100
"4179","2867三商壽","110/08/16","玉山-城中",156,0,156
"4180","2867三商壽","110/08/16","兆豐-來福",0,100,-100
"4181","2867三商壽","110/08/16","元大-桃園",100,0,100
"4182","2867三商壽","110/08/16","凱基-虎尾",0,90,-90
"4183","2867三商壽","110/08/16","高橋-龍潭",87,1,86
"4184","2867三商壽","110/08/16","瑞士信貸",53,140,-87
"4185","2867三商壽","110/08/16","富邦-員林",79,0,79
"4186","2867三商壽","110/08/16","花旗環球",7,83,-76
"4187","2867三商壽","110/08/16","華南永昌-高雄",50,0,50
"4188","2867三商壽","110/08/16","元大-大同",0,67,-67
"4189","2867三商壽","110/08/16","元大-崇德",50,0,50
"4190","2867三商壽","110/08/16","日盛-板橋",0,60,-60
"4191","2867三商壽","110/08/16","華南永昌-虎尾",40,0,40
"4192","2867三商壽","110/08/16","元大-博愛",2,62,-60
"4193","2867三商壽","110/08/16","元大-大統",40,0,40
"4194","2867三商壽","110/08/16","(牛牛牛)亞-網路",0,55,-55
"4195","2867三商壽","110/08/16","新光",87,48,39
"4196","2867三商壽","110/08/16","美商高盛",105,158,-53
"4197","2867三商壽","110/08/16","元大-大安",36,0,36
"4198","2867三商壽","110/08/16","永豐金-屏東",1,52,-51
"4199","2867三商壽","110/08/16","群益金鼎-西松",35,0,35
"4200","2867三商壽","110/08/16","兆豐-台中港",0,50,-50
"4201","5521工信","110/08/16","第一金-新竹",84,0,84
"4202","5521工信","110/08/16","摩根大通",83,306,-223
"4203","5521工信","110/08/16","日進",60,0,60
"4204","5521工信","110/08/16","日盛證券",0,70,-70
"4205","5521工信","110/08/16","凱基-中壢",40,0,40
"4206","5521工信","110/08/16","群益金鼎-海山",0,40,-40
"4207","5521工信","110/08/16","台新證券",37,0,37
"4208","5521工信","110/08/16","華南永昌",0,39,-39
"4209","5521工信","110/08/16","群益金鼎-台中",35,0,35
"4210","5521工信","110/08/16","美林",5,43,-38
"4211","5521工信","110/08/16","富邦-台北",30,0,30
"4212","5521工信","110/08/16","康和-澎湖",0,30,-30
"4213","5521工信","110/08/16","元大-永和",30,0,30
"4214","5521工信","110/08/16","華南永昌-彰化",5,34,-29
"4215","5521工信","110/08/16","華南永昌-潮州",28,0,28
"4216","5521工信","110/08/16","元大-龍潭",0,25,-25
"4217","5521工信","110/08/16","玉山-嘉義",23,0,23
"4218","5521工信","110/08/16","兆豐-桃園",0,24,-24
"4219","5521工信","110/08/16","元大-新莊",40,17,23
"4220","5521工信","110/08/16","華南永昌-林口",1,25,-24
"4221","5521工信","110/08/16","第一金-桃園",22,0,22
"4222","5521工信","110/08/16","台灣企銀-台中",0,20,-20
"4223","5521工信","110/08/16","凱基-鳳山",20,0,20
"4224","5521工信","110/08/16","第一金-台南",0,20,-20
"4225","5521工信","110/08/16","元大-路竹",20,0,20
"4226","5521工信","110/08/16","元富-古亭",0,20,-20
"4227","5521工信","110/08/16","合庫-桃園",20,1,19
"4228","5521工信","110/08/16","兆豐-中壢",0,20,-20
"4229","5521工信","110/08/16","臺銀-鳳山",21,2,19
"4230","5521工信","110/08/16","元大-仁愛",0,20,-20
"4231","1471首利","110/08/16","摩根大通",196,88,108
"4232","1471首利","110/08/16","元大-草屯",1,200,-199
"4233","1471首利","110/08/16","瑞士信貸",95,17,78
"4234","1471首利","110/08/16","元富-埔里",0,51,-51
"4235","1471首利","110/08/16","新加坡商瑞銀",38,0,38
"4236","1471首利","110/08/16","凱基-雙和",0,40,-40
"4237","1471首利","110/08/16","國泰-敦南",37,2,35
"4238","1471首利","110/08/16","華南永昌-公誠",0,40,-40
"4239","1471首利","110/08/16","凱基-彰化",31,0,31
"4240","1471首利","110/08/16","元大-大灣",0,36,-36
"4241","1471首利","110/08/16","光和-溪湖",20,0,20
"4242","1471首利","110/08/16","新光-台中",17,42,-25
"4243","1471首利","110/08/16","國票-中港",20,0,20
"4244","1471首利","110/08/16","富邦-仁愛",0,25,-25
"4245","1471首利","110/08/16","美林",15,0,15
"4246","1471首利","110/08/16","群益金鼎-台北",0,24,-24
"4247","1471首利","110/08/16","元大-板橋",15,0,15
"4248","1471首利","110/08/16","永豐金-竹北",0,22,-22
"4249","1471首利","110/08/16","凱基-長庚",16,2,14
"4250","1471首利","110/08/16","合庫-台中",0,20,-20
"4251","1471首利","110/08/16","元大-斗信",14,0,14
"4252","1471首利","110/08/16","高橋-龍潭",2,22,-20
"4253","1471首利","110/08/16","第一金-高雄",12,0,12
"4254","1471首利","110/08/16","國票-台中",0,20,-20
"4255","1471首利","110/08/16","玉山-大里",12,0,12
"4256","1471首利","110/08/16","群益金鼎-潭子",0,20,-20
"4257","1471首利","110/08/16","永豐金-大園",12,0,12
"4258","1471首利","110/08/16","台新證券",2,19,-17
"4259","1471首利","110/08/16","永豐金-中正",12,0,12
"4260","1471首利","110/08/16","聯邦-高雄",0,15,-15
"4261","2883開發金","110/08/16","中國信託-文心",4881,27,4854
"4262","2883開發金","110/08/16","摩根大通",1712,30864,-29152
"4263","2883開發金","110/08/16","國泰-敦南",3101,627,2474
"4264","2883開發金","110/08/16","台灣摩根士丹利",453,18916,-18463
"4265","2883開發金","110/08/16","亞東-新竹",3614,1222,2392
"4266","2883開發金","110/08/16","凱基-台北",8208,20874,-12666
"4267","2883開發金","110/08/16","花旗環球",3115,841,2274
"4268","2883開發金","110/08/16","新加坡商瑞銀",363,11873,-11510
"4269","2883開發金","110/08/16","元大證券",3308,1099,2209
"4270","2883開發金","110/08/16","美林",130,9722,-9592
"4271","2883開發金","110/08/16","康和-仁愛",2103,0,2103
"4272","2883開發金","110/08/16","統一",766,7210,-6444
"4273","2883開發金","110/08/16","玉山-大里",1874,31,1843
"4274","2883開發金","110/08/16","元富",48,5683,-5635
"4275","2883開發金","110/08/16","第一金-忠孝",1836,3,1833
"4276","2883開發金","110/08/16","富邦證券",147,4117,-3970
"4277","2883開發金","110/08/16","宏遠證券",1825,5,1820
"4278","2883開發金","110/08/16","國票-長城",22,2713,-2691
"4279","2883開發金","110/08/16","統一-新竹",1630,2,1628
"4280","2883開發金","110/08/16","台新證券",1753,4439,-2686
"4281","2883開發金","110/08/16","國泰-板橋",1493,346,1147
"4282","2883開發金","110/08/16","元大-士林",417,2698,-2281
"4283","2883開發金","110/08/16","國泰-館前",1856,775,1081
"4284","2883開發金","110/08/16","港商野村",3026,5159,-2133
"4285","2883開發金","110/08/16","群益金鼎-高盛",1005,12,993
"4286","2883開發金","110/08/16","瑞士信貸",1295,3237,-1942
"4287","2883開發金","110/08/16","元大-新莊",860,16,844
"4288","2883開發金","110/08/16","美商高盛",162,1917,-1755
"4289","2883開發金","110/08/16","臺銀",807,32,775
"4290","2883開發金","110/08/16","國泰證券",290,1593,-1303
"4291","6205詮欣","110/08/16","凱基-汐止",22,0,22
"4292","6205詮欣","110/08/16","凱基-台北",0,10,-10
"4293","6205詮欣","110/08/16","臺銀-民權",10,0,10
"4294","6205詮欣","110/08/16","永興-水湳",0,6,-6
"4295","6205詮欣","110/08/16","德信-新營",6,0,6
"4296","6205詮欣","110/08/16","國票-博愛",0,6,-6
"4297","6205詮欣","110/08/16","玉山證券",5,0,5
"4298","6205詮欣","110/08/16","日盛-三重",5,10,-5
"4299","6205詮欣","110/08/16","亞東-板橋",4,0,4
"4300","6205詮欣","110/08/16","日盛-永康",0,5,-5
"4301","6205詮欣","110/08/16","元大-羅東",4,0,4
"4302","6205詮欣","110/08/16","摩根大通",0,5,-5
"4303","6205詮欣","110/08/16","元大-汐止",4,0,4
"4304","6205詮欣","110/08/16","玉山-台南",0,5,-5
"4305","6205詮欣","110/08/16","臺銀-高雄",3,0,3
"4306","6205詮欣","110/08/16","元大-大天母",0,4,-4
"4307","6205詮欣","110/08/16","美林",2,0,2
"4308","6205詮欣","110/08/16","永豐金-中盛",0,3,-3
"4309","6205詮欣","110/08/16","群益金鼎-基隆",2,0,2
"4310","6205詮欣","110/08/16","華南永昌-彰化",0,2,-2
"4311","6205詮欣","110/08/16","合庫-三重",1,0,1
"4312","6205詮欣","110/08/16","富邦-中壢",0,2,-2
"4313","6205詮欣","110/08/16","(牛牛牛)亞-網路",1,0,1
"4314","6205詮欣","110/08/16","元大-成功",0,2,-2
"4315","6205詮欣","110/08/16","豐農",1,0,1
"4316","6205詮欣","110/08/16","統一-士林",0,1,-1
"4317","6205詮欣","110/08/16","凱基-站前",1,0,1
"4318","6205詮欣","110/08/16","統一-金門",0,1,-1
"4319","6205詮欣","110/08/16","富邦-建國",1,0,1
"4320","6205詮欣","110/08/16","元富-文心",0,1,-1
"4321","1540喬福","110/08/16","元大-成功",25,0,25
"4322","1540喬福","110/08/16","凱基-台北",0,51,-51
"4323","1540喬福","110/08/16","新光",16,0,16
"4324","1540喬福","110/08/16","新光-新竹",10,29,-19
"4325","1540喬福","110/08/16","日盛-鳳山",10,0,10
"4326","1540喬福","110/08/16","元大-北屯",0,18,-18
"4327","1540喬福","110/08/16","台新-左楠",10,0,10
"4328","1540喬福","110/08/16","北城證券",0,16,-16
"4329","1540喬福","110/08/16","玉山-左營",10,0,10
"4330","1540喬福","110/08/16","國泰-敦南",2,18,-16
"4331","1540喬福","110/08/16","富邦-南屯",10,0,10
"4332","1540喬福","110/08/16","新光-桃園",0,15,-15
"4333","1540喬福","110/08/16","富邦-板橋",8,0,8
"4334","1540喬福","110/08/16","新光-台南",0,12,-12
"4335","1540喬福","110/08/16","凱基-中壢",7,0,7
"4336","1540喬福","110/08/16","凱基-台中",0,12,-12
"4337","1540喬福","110/08/16","元富-新竹",5,0,5
"4338","1540喬福","110/08/16","元大-汐止",0,10,-10
"4339","1540喬福","110/08/16","兆豐-北高雄",5,0,5
"4340","1540喬福","110/08/16","凱基-竹北",0,7,-7
"4341","1540喬福","110/08/16","台新-台中",5,0,5
"4342","1540喬福","110/08/16","日盛-文化",0,4,-4
"4343","1540喬福","110/08/16","凱基-台南",5,0,5
"4344","1540喬福","110/08/16","富邦-桃園",0,3,-3
"4345","1540喬福","110/08/16","元大-龍潭",5,0,5
"4346","1540喬福","110/08/16","摩根大通",1,3,-2
"4347","1540喬福","110/08/16","元富-緯城",4,0,4
"4348","1540喬福","110/08/16","玉山-城中",0,2,-2
"4349","1540喬福","110/08/16","元大-大安",4,0,4
"4350","1540喬福","110/08/16","永豐金-桃園",0,2,-2
"4351","2888新光金","110/08/16","兆豐-公益",12939,12,12927
"4352","2888新光金","110/08/16","摩根大通",2056,10998,-8942
"4353","2888新光金","110/08/16","元大-忠孝鼎富",11100,189,10911
"4354","2888新光金","110/08/16","元富-城東",25,8381,-8356
"4355","2888新光金","110/08/16","港商麥格理",9753,0,9753
"4356","2888新光金","110/08/16","元富",6,7491,-7485
"4357","2888新光金","110/08/16","群益金鼎-大安",3294,0,3294
"4358","2888新光金","110/08/16","美林",136,3975,-3839
"4359","2888新光金","110/08/16","凱基-復興",3020,0,3020
"4360","2888新光金","110/08/16","臺銀-高雄",19,3007,-2988
"4361","2888新光金","110/08/16","美商高盛",5603,3216,2387
"4362","2888新光金","110/08/16","台灣摩根士丹利",419,2562,-2143
"4363","2888新光金","110/08/16","國票-台東",2067,0,2067
"4364","2888新光金","110/08/16","瑞士信貸",58,1618,-1560
"4365","2888新光金","110/08/16","群益金鼎-台北",1872,0,1872
"4366","2888新光金","110/08/16","玉山-新竹",0,1497,-1497
"4367","2888新光金","110/08/16","新加坡商瑞銀",2005,179,1826
"4368","2888新光金","110/08/16","國票-博愛",3,1208,-1205
"4369","2888新光金","110/08/16","華南永昌-忠孝",1827,90,1737
"4370","2888新光金","110/08/16","元大-士林",85,1185,-1100
"4371","2888新光金","110/08/16","富邦-新營",1400,0,1400
"4372","2888新光金","110/08/16","臺銀-民權",19,1095,-1076
"4373","2888新光金","110/08/16","華南永昌-鳳山",1174,11,1163
"4374","2888新光金","110/08/16","法銀巴黎",0,868,-868
"4375","2888新光金","110/08/16","元大-員林",1051,12,1039
"4376","2888新光金","110/08/16","群益金鼎",10,847,-837
"4377","2888新光金","110/08/16","富邦-高雄",1015,11,1004
"4378","2888新光金","110/08/16","元富-世貿",7,794,-787
"4379","2888新光金","110/08/16","日盛-南京",1000,5,995
"4380","2888新光金","110/08/16","國票-安和",0,724,-724
"4381","1340勝悅","110/08/16","元富-成功",30,0,30
"4382","1340勝悅","110/08/16","元富-城東",0,107,-107
"4383","1340勝悅","110/08/16","華南永昌-公誠",30,0,30
"4384","1340勝悅","110/08/16","永豐金-竹科",0,38,-38
"4385","1340勝悅","110/08/16","華南永昌-敦南",25,0,25
"4386","1340勝悅","110/08/16","德信-新營",0,30,-30
"4387","1340勝悅","110/08/16","合庫-自強",15,0,15
"4388","1340勝悅","110/08/16","國泰-松江",0,15,-15
"4389","1340勝悅","110/08/16","臺銀-鳳山",15,0,15
"4390","1340勝悅","110/08/16","摩根大通",5,17,-12
"4391","1340勝悅","110/08/16","元富-中港",10,0,10
"4392","1340勝悅","110/08/16","港商法國興業",0,11,-11
"4393","1340勝悅","110/08/16","永豐金-南京",10,0,10
"4394","1340勝悅","110/08/16","玉山-高雄",0,10,-10
"4395","1340勝悅","110/08/16","新光",9,0,9
"4396","1340勝悅","110/08/16","凱基-台北",0,10,-10
"4397","1340勝悅","110/08/16","國泰-台中",14,7,7
"4398","1340勝悅","110/08/16","華南永昌-嘉義",0,10,-10
"4399","1340勝悅","110/08/16","元大-苗栗",6,0,6
"4400","1340勝悅","110/08/16","合庫-台南",0,6,-6
"4401","1340勝悅","110/08/16","元大-屏南",6,0,6
"4402","1340勝悅","110/08/16","玉山-桃園",0,5,-5
"4403","1340勝悅","110/08/16","臺灣企銀-埔墘",5,0,5
"4404","1340勝悅","110/08/16","永豐金-博愛",0,5,-5
"4405","1340勝悅","110/08/16","日盛-板橋",5,0,5
"4406","1340勝悅","110/08/16","美林",0,2,-2
"4407","1340勝悅","110/08/16","致和-東門",5,0,5
"4408","1340勝悅","110/08/16","兆豐-城中",0,2,-2
"4409","1340勝悅","110/08/16","群益金鼎-館前",7,2,5
"4410","1340勝悅","110/08/16","元大-大雅",0,2,-2
"4411","6246臺龍","110/08/16","元大-南投",25,5,20
"4412","6246臺龍","110/08/16","元大-中壢",9,26,-17
"4413","6246臺龍","110/08/16","港商野村",65,46,19
"4414","6246臺龍","110/08/16","台新-台中",1,15,-14
"4415","6246臺龍","110/08/16","華南永昌",23,5,18
"4416","6246臺龍","110/08/16","群益金鼎-開元",0,12,-12
"4417","6246臺龍","110/08/16","華南永昌-彰化",15,4,11
"4418","6246臺龍","110/08/16","凱基-苗栗",0,7,-7
"4419","6246臺龍","110/08/16","統一-台中",10,0,10
"4420","6246臺龍","110/08/16","日盛-鳳山",0,6,-6
"4421","6246臺龍","110/08/16","兆豐-新營",11,1,10
"4422","6246臺龍","110/08/16","台新證券",4,10,-6
"4423","6246臺龍","110/08/16","玉山-桃園",10,0,10
"4424","6246臺龍","110/08/16","新光",4,10,-6
"4425","6246臺龍","110/08/16","凱基-台北",12,2,10
"4426","6246臺龍","110/08/16","華南永昌-嘉義",0,6,-6
"4427","6246臺龍","110/08/16","群益金鼎-東大",9,0,9
"4428","6246臺龍","110/08/16","元大-竹北",0,6,-6
"4429","6246臺龍","110/08/16","元富-中港",6,0,6
"4430","6246臺龍","110/08/16","元大-永康",0,6,-6
"4431","6246臺龍","110/08/16","德信-新營",6,0,6
"4432","6246臺龍","110/08/16","元富-新店",0,5,-5
"4433","6246臺龍","110/08/16","兆豐-西螺",5,0,5
"4434","6246臺龍","110/08/16","台中銀",0,5,-5
"4435","6246臺龍","110/08/16","群益金鼎-土城",5,0,5
"4436","6246臺龍","110/08/16","群益金鼎-永和",0,5,-5
"4437","6246臺龍","110/08/16","富邦-仁愛",5,0,5
"4438","6246臺龍","110/08/16","元大-台南",0,5,-5
"4439","6246臺龍","110/08/16","元大-基隆孝二",7,2,5
"4440","6246臺龍","110/08/16","元大-土城",0,5,-5
"4441","00715L期街口布蘭特正2","110/08/16","元富",1720,5,1715
"4442","00715L期街口布蘭特正2","110/08/16","元大證券",365,4674,-4309
"4443","00715L期街口布蘭特正2","110/08/16","港商野村",1350,660,690
"4444","00715L期街口布蘭特正2","110/08/16","華南永昌-長虹",50,820,-770
"4445","00715L期街口布蘭特正2","110/08/16","(牛牛牛)亞-鑫豐",587,51,536
"4446","00715L期街口布蘭特正2","110/08/16","凱基-台北",42,470,-428
"4447","00715L期街口布蘭特正2","110/08/16","富邦-嘉義",405,0,405
"4448","00715L期街口布蘭特正2","110/08/16","永豐金證券",5,360,-355
"4449","00715L期街口布蘭特正2","110/08/16","兆豐-嘉義",303,0,303
"4450","00715L期街口布蘭特正2","110/08/16","元大-復北",1,333,-332
"4451","00715L期街口布蘭特正2","110/08/16","元大-學甲",272,0,272
"4452","00715L期街口布蘭特正2","110/08/16","兆豐-新莊",0,306,-306
"4453","00715L期街口布蘭特正2","110/08/16","元大-中和",308,52,256
"4454","00715L期街口布蘭特正2","110/08/16","凱基-松山",0,302,-302
"4455","00715L期街口布蘭特正2","110/08/16","新光",318,84,234
"4456","00715L期街口布蘭特正2","110/08/16","統一-桃園",7,280,-273
"4457","00715L期街口布蘭特正2","110/08/16","元大-北港",165,0,165
"4458","00715L期街口布蘭特正2","110/08/16","日盛-板橋",31,300,-269
"4459","00715L期街口布蘭特正2","110/08/16","台中銀",202,45,157
"4460","00715L期街口布蘭特正2","110/08/16","凱基",0,250,-250
"4461","00715L期街口布蘭特正2","110/08/16","元大-台中中港",157,0,157
"4462","00715L期街口布蘭特正2","110/08/16","富邦-仁愛",11,250,-239
"4463","00715L期街口布蘭特正2","110/08/16","元大-花蓮",150,4,146
"4464","00715L期街口布蘭特正2","110/08/16","台新-台中",34,262,-228
"4465","00715L期街口布蘭特正2","110/08/16","統一-台中",165,32,133
"4466","00715L期街口布蘭特正2","110/08/16","元富-吉利",5,210,-205
"4467","00715L期街口布蘭特正2","110/08/16","永全-南崁",130,0,130
"4468","00715L期街口布蘭特正2","110/08/16","康和",0,150,-150
"4469","00715L期街口布蘭特正2","110/08/16","元富-中壢",223,100,123
"4470","00715L期街口布蘭特正2","110/08/16","兆豐-台中港",53,190,-137
"4471","8941關中","110/08/16","凱基-市府",4,0,4
"4472","8941關中","110/08/16","統一-台中",0,3,-3
"4473","8941關中","110/08/16","(牛牛牛)亞-鑫豐",2,1,1
"4474","8941關中","110/08/16","宏遠-中和",0,1,-1
"4475","8941關中","110/08/16","富邦-左營",1,0,1
"4476","8941關中","110/08/16","富邦-竹北",0,1,-1
"4477","8941關中","110/08/16","元大-路竹",1,0,1
"4478","8941關中","110/08/16","元大-華山",0,1,-1
"4479","8941關中","110/08/16","統一-新台中",0,0,0
"4480","8941關中","110/08/16","永豐金-中正",0,1,-1
"4481","8941關中","110/08/16","元富-中港",0,0,0
"4482","8941關中","110/08/16","統一-新台中",0,0,0
"4483","8941關中","110/08/16","元大證券",0,0,0
"4484","8941關中","110/08/16","元富-中港",0,0,0
"4485","8941關中","110/08/16","元大-龍潭",0,0,0
"4486","8941關中","110/08/16","元大證券",0,0,0
"4487","8941關中","110/08/16","永豐金-南投",0,0,0
"4488","8941關中","110/08/16","元大-龍潭",0,0,0
"4489","8941關中","110/08/16","",NA,NA,NA
"4490","8941關中","110/08/16","永豐金-南投",0,0,0
"4491","8941關中","110/08/16","",NA,NA,NA
"4492","8941關中","110/08/16","",NA,NA,NA
"4493","8941關中","110/08/16","",NA,NA,NA
"4494","8941關中","110/08/16","",NA,NA,NA
"4495","8941關中","110/08/16","",NA,NA,NA
"4496","8941關中","110/08/16","",NA,NA,NA
"4497","8941關中","110/08/16","",NA,NA,NA
"4498","8941關中","110/08/16","",NA,NA,NA
"4499","8941關中","110/08/16","",NA,NA,NA
"4500","8941關中","110/08/16","",NA,NA,NA
"4501","8936國統","110/08/16","台中銀-高雄",200,0,200
"4502","8936國統","110/08/16","摩根大通",39,181,-142
"4503","8936國統","110/08/16","美林",139,31,108
"4504","8936國統","110/08/16","新加坡商瑞銀",48,178,-130
"4505","8936國統","110/08/16","元大-天母",50,0,50
"4506","8936國統","110/08/16","凱基-台北",66,161,-95
"4507","8936國統","110/08/16","中國信託",50,2,48
"4508","8936國統","110/08/16","新光-桃園",2,90,-88
"4509","8936國統","110/08/16","元大-豐原站前",40,0,40
"4510","8936國統","110/08/16","台灣摩根士丹利",1,79,-78
"4511","8936國統","110/08/16","元大-北港",32,0,32
"4512","8936國統","110/08/16","永豐金-苓雅",10,80,-70
"4513","8936國統","110/08/16","永豐金-竹科",28,0,28
"4514","8936國統","110/08/16","富邦-南屯",15,64,-49
"4515","8936國統","110/08/16","凱基-岡山",27,0,27
"4516","8936國統","110/08/16","台新-高雄",10,56,-46
"4517","8936國統","110/08/16","第一金-自由",20,0,20
"4518","8936國統","110/08/16","國票-北高雄",5,30,-25
"4519","8936國統","110/08/16","港商野村",68,50,18
"4520","8936國統","110/08/16","台新-屏東",0,25,-25
"4521","8936國統","110/08/16","華南永昌-岡山",16,0,16
"4522","8936國統","110/08/16","元大-高雄",0,23,-23
"4523","8936國統","110/08/16","新光-台中",59,44,15
"4524","8936國統","110/08/16","台灣企銀-豐原",0,22,-22
"4525","8936國統","110/08/16","日盛證券",14,0,14
"4526","8936國統","110/08/16","玉山證券",0,19,-19
"4527","8936國統","110/08/16","元富-林園",12,0,12
"4528","8936國統","110/08/16","日盛-中壢",0,16,-16
"4529","8936國統","110/08/16","兆豐-景美",12,0,12
"4530","8936國統","110/08/16","美商高盛",6,21,-15
"4531","6226光鼎","110/08/16","凱基-台北",1070,545,525
"4532","6226光鼎","110/08/16","台新證券",86,218,-132
"4533","6226光鼎","110/08/16","美林",291,133,158
"4534","6226光鼎","110/08/16","元富-新竹",10,139,-129
"4535","6226光鼎","110/08/16","瑞士信貸",144,6,138
"4536","6226光鼎","110/08/16","元大-台南",0,101,-101
"4537","6226光鼎","110/08/16","摩根大通",340,206,134
"4538","6226光鼎","110/08/16","永豐金-南投",1,100,-99
"4539","6226光鼎","110/08/16","美商高盛",222,102,120
"4540","6226光鼎","110/08/16","華南永昌-高雄",1,63,-62
"4541","6226光鼎","110/08/16","新光",195,77,118
"4542","6226光鼎","110/08/16","元大-仁愛",1,61,-60
"4543","6226光鼎","110/08/16","第一金-大稻埕",103,1,102
"4544","6226光鼎","110/08/16","群益金鼎-士林",39,98,-59
"4545","6226光鼎","110/08/16","元大-北投",101,4,97
"4546","6226光鼎","110/08/16","元大-府城",20,72,-52
"4547","6226光鼎","110/08/16","元大-竹科",101,10,91
"4548","6226光鼎","110/08/16","合庫-鳳山",4,53,-49
"4549","6226光鼎","110/08/16","元大-北屯",104,15,89
"4550","6226光鼎","110/08/16","國票-九鼎",2,44,-42
"4551","6226光鼎","110/08/16","國泰-桃園",98,29,69
"4552","6226光鼎","110/08/16","元大-金華",13,55,-42
"4553","6226光鼎","110/08/16","群益金鼎-東門",67,0,67
"4554","6226光鼎","110/08/16","富邦-竹東",5,43,-38
"4555","6226光鼎","110/08/16","港商野村",277,215,62
"4556","6226光鼎","110/08/16","元大-雙和",6,43,-37
"4557","6226光鼎","110/08/16","群益金鼎-西松",51,1,50
"4558","6226光鼎","110/08/16","中國信託-忠孝",2,36,-34
"4559","6226光鼎","110/08/16","元富-古亭",50,3,47
"4560","6226光鼎","110/08/16","華南永昌-三重",3,37,-34
"4561","2363矽統","110/08/16","凱基-台北",2187,1127,1060
"4562","2363矽統","110/08/16","元大-東泰",32,339,-307
"4563","2363矽統","110/08/16","美商高盛",1277,381,896
"4564","2363矽統","110/08/16","國泰-敦南",408,608,-200
"4565","2363矽統","110/08/16","美林",777,172,605
"4566","2363矽統","110/08/16","台灣摩根士丹利",6,185,-179
"4567","2363矽統","110/08/16","新加坡商瑞銀",764,476,288
"4568","2363矽統","110/08/16","群益金鼎",14,154,-140
"4569","2363矽統","110/08/16","永豐金-嘉義",250,2,248
"4570","2363矽統","110/08/16","富邦-新竹",103,229,-126
"4571","2363矽統","110/08/16","瑞士信貸",247,11,236
"4572","2363矽統","110/08/16","凱基",0,120,-120
"4573","2363矽統","110/08/16","群益金鼎-士林",173,17,156
"4574","2363矽統","110/08/16","元大-大統",25,138,-113
"4575","2363矽統","110/08/16","統一-新竹",151,2,149
"4576","2363矽統","110/08/16","富邦-中壢",17,125,-108
"4577","2363矽統","110/08/16","港商野村",1539,1409,130
"4578","2363矽統","110/08/16","兆豐-天母",1,102,-101
"4579","2363矽統","110/08/16","凱基-長庚",136,12,124
"4580","2363矽統","110/08/16","陽信-石牌",13,105,-92
"4581","2363矽統","110/08/16","台新-三民",156,49,107
"4582","2363矽統","110/08/16","永豐金-新店",8,100,-92
"4583","2363矽統","110/08/16","凱基-南崁",98,26,72
"4584","2363矽統","110/08/16","日盛-北高雄",25,105,-80
"4585","2363矽統","110/08/16","元富-城東",78,9,69
"4586","2363矽統","110/08/16","元大-萬華",36,116,-80
"4587","2363矽統","110/08/16","元大-汐止",144,79,65
"4588","2363矽統","110/08/16","玉山證券",37,116,-79
"4589","2363矽統","110/08/16","永豐金-中壢",91,28,63
"4590","2363矽統","110/08/16","元大-敦南",3,81,-78
"4591","8112至上","110/08/16","合庫證券",140,7,133
"4592","8112至上","110/08/16","摩根大通",19,588,-569
"4593","8112至上","110/08/16","新光-桃園",102,4,98
"4594","8112至上","110/08/16","新加坡商瑞銀",17,338,-321
"4595","8112至上","110/08/16","元大-敦化",80,2,78
"4596","8112至上","110/08/16","瑞士信貸",3,181,-178
"4597","8112至上","110/08/16","元大-台北",71,0,71
"4598","8112至上","110/08/16","美林",84,183,-99
"4599","8112至上","110/08/16","凱基-嘉義",97,37,60
"4600","8112至上","110/08/16","台灣摩根士丹利",9,101,-92
"4601","8112至上","110/08/16","元大-開元",44,1,43
"4602","8112至上","110/08/16","凱基-台北",133,201,-68
"4603","8112至上","110/08/16","永豐金-台中",43,0,43
"4604","8112至上","110/08/16","新光-高雄",3,57,-54
"4605","8112至上","110/08/16","元大-仁愛",40,0,40
"4606","8112至上","110/08/16","新百王",1,51,-50
"4607","8112至上","110/08/16","富邦-仁愛",65,27,38
"4608","8112至上","110/08/16","華南永昌-新莊",2,47,-45
"4609","8112至上","110/08/16","元大-前金",40,3,37
"4610","8112至上","110/08/16","華南永昌-潮州",0,30,-30
"4611","8112至上","110/08/16","富邦-中壢",33,1,32
"4612","8112至上","110/08/16","國票-長城",18,45,-27
"4613","8112至上","110/08/16","統一-中壢",31,0,31
"4614","8112至上","110/08/16","群益金鼎-海山",3,30,-27
"4615","8112至上","110/08/16","台新-台中",32,1,31
"4616","8112至上","110/08/16","元大-發財",1,28,-27
"4617","8112至上","110/08/16","新光",38,11,27
"4618","8112至上","110/08/16","兆豐-斗南",4,30,-26
"4619","8112至上","110/08/16","合庫-嘉義",25,0,25
"4620","8112至上","110/08/16","國泰-板橋",9,32,-23
"4621","1570力肯","110/08/16","兆豐-民生",80,0,80
"4622","1570力肯","110/08/16","台新證券",17,184,-167
"4623","1570力肯","110/08/16","國票-北高雄",145,85,60
"4624","1570力肯","110/08/16","凱基-台北",61,183,-122
"4625","1570力肯","110/08/16","新光",83,31,52
"4626","1570力肯","110/08/16","摩根大通",18,89,-71
"4627","1570力肯","110/08/16","凱基-三峽",40,0,40
"4628","1570力肯","110/08/16","新光-台南",1,50,-49
"4629","1570力肯","110/08/16","元大-大雅",40,0,40
"4630","1570力肯","110/08/16","國泰-松江",0,30,-30
"4631","1570力肯","110/08/16","元富-新竹",30,0,30
"4632","1570力肯","110/08/16","永豐金-桃園",0,30,-30
"4633","1570力肯","110/08/16","富邦-花蓮",29,0,29
"4634","1570力肯","110/08/16","元富-文心",1,23,-22
"4635","1570力肯","110/08/16","統一-高雄",26,1,25
"4636","1570力肯","110/08/16","永豐金-屏東",3,25,-22
"4637","1570力肯","110/08/16","元大-雙和",24,0,24
"4638","1570力肯","110/08/16","台灣摩根士丹利",0,18,-18
"4639","1570力肯","110/08/16","日盛-高雄",21,0,21
"4640","1570力肯","110/08/16","元富-新店",2,20,-18
"4641","1570力肯","110/08/16","國票-和平",27,6,21
"4642","1570力肯","110/08/16","康和-屏東",0,16,-16
"4643","1570力肯","110/08/16","國泰證券",20,0,20
"4644","1570力肯","110/08/16","聯邦-三重",0,15,-15
"4645","1570力肯","110/08/16","群益金鼎-東門",20,0,20
"4646","1570力肯","110/08/16","富邦-內湖",8,21,-13
"4647","1570力肯","110/08/16","元大-民生",19,0,19
"4648","1570力肯","110/08/16","新光-台中",8,20,-12
"4649","1570力肯","110/08/16","元富-民權",15,0,15
"4650","1570力肯","110/08/16","國泰-館前",0,12,-12
"4651","2929淘帝","110/08/16","日盛-中壢",55,1,54
"4652","2929淘帝","110/08/16","摩根大通",10,80,-70
"4653","2929淘帝","110/08/16","元大-太平",31,0,31
"4654","2929淘帝","110/08/16","港商野村",13,57,-44
"4655","2929淘帝","110/08/16","宏遠-館前",30,0,30
"4656","2929淘帝","110/08/16","元大-西門",0,37,-37
"4657","2929淘帝","110/08/16","凱基-東門",24,0,24
"4658","2929淘帝","110/08/16","新加坡商瑞銀",4,26,-22
"4659","2929淘帝","110/08/16","台新-台中",21,0,21
"4660","2929淘帝","110/08/16","元大-大里",0,22,-22
"4661","2929淘帝","110/08/16","日盛-八德",16,0,16
"4662","2929淘帝","110/08/16","兆豐-三重",0,20,-20
"4663","2929淘帝","110/08/16","元富-文心",10,0,10
"4664","2929淘帝","110/08/16","永豐金-鳳山",0,14,-14
"4665","2929淘帝","110/08/16","兆豐-桃園",10,0,10
"4666","2929淘帝","110/08/16","美林",6,17,-11
"4667","2929淘帝","110/08/16","群益金鼎-基隆",10,0,10
"4668","2929淘帝","110/08/16","臺銀-金山",0,10,-10
"4669","2929淘帝","110/08/16","永豐金證券",10,0,10
"4670","2929淘帝","110/08/16","國票-博愛",0,10,-10
"4671","2929淘帝","110/08/16","新光",10,2,8
"4672","2929淘帝","110/08/16","元大-上新莊",2,12,-10
"4673","2929淘帝","110/08/16","元大-承德",8,0,8
"4674","2929淘帝","110/08/16","兆豐-大同",0,9,-9
"4675","2929淘帝","110/08/16","亞東-新竹",7,0,7
"4676","2929淘帝","110/08/16","台新-建北",0,9,-9
"4677","2929淘帝","110/08/16","凱基-林口",7,0,7
"4678","2929淘帝","110/08/16","國泰-館前",0,7,-7
"4679","2929淘帝","110/08/16","凱基-新豐",6,0,6
"4680","2929淘帝","110/08/16","兆豐-台南",0,6,-6
"4681","5410國眾","110/08/16","兆豐-城中",85,0,85
"4682","5410國眾","110/08/16","國泰-敦南",15,99,-84
"4683","5410國眾","110/08/16","元大-六合",42,0,42
"4684","5410國眾","110/08/16","凱基-高雄",0,50,-50
"4685","5410國眾","110/08/16","兆豐-小港",36,0,36
"4686","5410國眾","110/08/16","瑞士信貸",0,44,-44
"4687","5410國眾","110/08/16","凱基-台南",30,0,30
"4688","5410國眾","110/08/16","摩根大通",46,87,-41
"4689","5410國眾","110/08/16","富邦-建國",31,1,30
"4690","5410國眾","110/08/16","元大-士林",0,38,-38
"4691","5410國眾","110/08/16","國票-安和",31,4,27
"4692","5410國眾","110/08/16","兆豐-台中港",0,30,-30
"4693","5410國眾","110/08/16","凱基-竹北",24,0,24
"4694","5410國眾","110/08/16","凱基-台北",27,55,-28
"4695","5410國眾","110/08/16","玉山-新莊",15,0,15
"4696","5410國眾","110/08/16","元大-古亭",0,26,-26
"4697","5410國眾","110/08/16","元大-木柵",12,0,12
"4698","5410國眾","110/08/16","臺銀",1,24,-23
"4699","5410國眾","110/08/16","元大-新盛",12,0,12
"4700","5410國眾","110/08/16","元大-中壢",3,26,-23
"4701","5410國眾","110/08/16","永豐金-台南",12,1,11
"4702","5410國眾","110/08/16","元大-北港",0,21,-21
"4703","5410國眾","110/08/16","合庫-桃園",10,0,10
"4704","5410國眾","110/08/16","元大-北投",0,20,-20
"4705","5410國眾","110/08/16","日盛-屏東",10,0,10
"4706","5410國眾","110/08/16","元富-潮州",0,15,-15
"4707","5410國眾","110/08/16","元富-城東",10,0,10
"4708","5410國眾","110/08/16","臺銀-鳳山",1,15,-14
"4709","5410國眾","110/08/16","富邦-陽明",10,0,10
"4710","5410國眾","110/08/16","元大-屏東",0,14,-14
"4711","2841台開","110/08/16","宏遠-館前",190,0,190
"4712","2841台開","110/08/16","港商野村",0,44,-44
"4713","2841台開","110/08/16","合庫證券",30,0,30
"4714","2841台開","110/08/16","新光-台南",0,33,-33
"4715","2841台開","110/08/16","凱基-竹科",20,0,20
"4716","2841台開","110/08/16","台新證券",10,42,-32
"4717","2841台開","110/08/16","永豐金-中盛",13,0,13
"4718","2841台開","110/08/16","元大-大里德芳",0,30,-30
"4719","2841台開","110/08/16","大慶-蘆洲",10,0,10
"4720","2841台開","110/08/16","合庫-台中",0,28,-28
"4721","2841台開","110/08/16","新光",13,3,10
"4722","2841台開","110/08/16","元大-善化",0,20,-20
"4723","2841台開","110/08/16","元大-新店中正",10,0,10
"4724","2841台開","110/08/16","永豐金-敦南",30,50,-20
"4725","2841台開","110/08/16","群益金鼎-崇德",8,0,8
"4726","2841台開","110/08/16","新加坡商瑞銀",0,16,-16
"4727","2841台開","110/08/16","元富-成功",7,0,7
"4728","2841台開","110/08/16","玉山-新莊",0,16,-16
"4729","2841台開","110/08/16","元大-彰化",7,0,7
"4730","2841台開","110/08/16","日盛-內湖",0,15,-15
"4731","2841台開","110/08/16","台中銀",5,0,5
"4732","2841台開","110/08/16","兆豐-民生",0,15,-15
"4733","2841台開","110/08/16","中國信託-文心",5,0,5
"4734","2841台開","110/08/16","華南永昌-高雄",0,15,-15
"4735","2841台開","110/08/16","兆豐-台中",5,0,5
"4736","2841台開","110/08/16","元大-永康",0,10,-10
"4737","2841台開","110/08/16","台新-新營",5,0,5
"4738","2841台開","110/08/16","元大-北三重",0,10,-10
"4739","2841台開","110/08/16","凱基-東港",10,5,5
"4740","2841台開","110/08/16","永豐金證券",0,10,-10
"4741","6207雷科","110/08/16","台新-高雄",131,3,128
"4742","6207雷科","110/08/16","元大-高雄",0,52,-52
"4743","6207雷科","110/08/16","凱基-台北",70,20,50
"4744","6207雷科","110/08/16","摩根大通",62,112,-50
"4745","6207雷科","110/08/16","元大-東門",42,0,42
"4746","6207雷科","110/08/16","華南永昌-三重",0,50,-50
"4747","6207雷科","110/08/16","永豐金證券",30,0,30
"4748","6207雷科","110/08/16","凱基-復興",0,40,-40
"4749","6207雷科","110/08/16","元大-六合",21,0,21
"4750","6207雷科","110/08/16","元大-潮州",0,40,-40
"4751","6207雷科","110/08/16","群益金鼎-東門",20,0,20
"4752","6207雷科","110/08/16","日盛證券",2,37,-35
"4753","6207雷科","110/08/16","元大-松江",20,0,20
"4754","6207雷科","110/08/16","新加坡商瑞銀",45,80,-35
"4755","6207雷科","110/08/16","大昌-桃園",28,10,18
"4756","6207雷科","110/08/16","玉山-士林",0,27,-27
"4757","6207雷科","110/08/16","統一-新竹",16,0,16
"4758","6207雷科","110/08/16","元大-大統",0,22,-22
"4759","6207雷科","110/08/16","台中銀",15,0,15
"4760","6207雷科","110/08/16","元大-民生",2,24,-22
"4761","6207雷科","110/08/16","中國信託-三重",13,0,13
"4762","6207雷科","110/08/16","凱基-高雄",6,27,-21
"4763","6207雷科","110/08/16","凱基-岡山",11,0,11
"4764","6207雷科","110/08/16","國票-北高雄",0,15,-15
"4765","6207雷科","110/08/16","富邦-中壢",11,0,11
"4766","6207雷科","110/08/16","新光",0,12,-12
"4767","6207雷科","110/08/16","港商野村",27,17,10
"4768","6207雷科","110/08/16","台新-左楠",1,12,-11
"4769","6207雷科","110/08/16","第一金-安和",10,0,10
"4770","6207雷科","110/08/16","新光-台南",0,10,-10
"4771","3679新至陞","110/08/16","凱基-台北",15,2,13
"4772","3679新至陞","110/08/16","摩根大通",7,19,-12
"4773","3679新至陞","110/08/16","台灣摩根士丹利",8,3,5
"4774","3679新至陞","110/08/16","瑞士信貸",0,11,-11
"4775","3679新至陞","110/08/16","國泰-桃園",5,0,5
"4776","3679新至陞","110/08/16","永豐金-苓雅",1,5,-4
"4777","3679新至陞","110/08/16","美商高盛",3,0,3
"4778","3679新至陞","110/08/16","國泰-松江",0,3,-3
"4779","3679新至陞","110/08/16","華南永昌",3,0,3
"4780","3679新至陞","110/08/16","凱基-台南",0,3,-3
"4781","3679新至陞","110/08/16","日盛-竹北",2,0,2
"4782","3679新至陞","110/08/16","彰銀",0,2,-2
"4783","3679新至陞","110/08/16","日盛-文化",3,1,2
"4784","3679新至陞","110/08/16","新加坡商瑞銀",0,2,-2
"4785","3679新至陞","110/08/16","大慶-蘆洲",3,1,2
"4786","3679新至陞","110/08/16","第一金-頭份",0,2,-2
"4787","3679新至陞","110/08/16","國票-九鼎",2,0,2
"4788","3679新至陞","110/08/16","康和-嘉義",0,2,-2
"4789","3679新至陞","110/08/16","華南永昌-高雄",2,0,2
"4790","3679新至陞","110/08/16","凱基-站前",0,2,-2
"4791","3679新至陞","110/08/16","元大-新店中正",2,0,2
"4792","3679新至陞","110/08/16","元大證券",0,2,-2
"4793","3679新至陞","110/08/16","土銀-士林",1,0,1
"4794","3679新至陞","110/08/16","元大-頭份",0,2,-2
"4795","3679新至陞","110/08/16","日盛證券",1,0,1
"4796","3679新至陞","110/08/16","元大-斗信",0,2,-2
"4797","3679新至陞","110/08/16","美林",10,9,1
"4798","3679新至陞","110/08/16","元大-嘉義",0,2,-2
"4799","3679新至陞","110/08/16","第一金-忠孝",1,0,1
"4800","3679新至陞","110/08/16","日盛-龍潭",0,1,-1
"4801","2727王品","110/08/16","瑞士信貸",49,0,49
"4802","2727王品","110/08/16","台新證券",4,162,-158
"4803","2727王品","110/08/16","台灣摩根士丹利",33,3,30
"4804","2727王品","110/08/16","臺銀-鳳山",5,81,-76
"4805","2727王品","110/08/16","新光",37,12,25
"4806","2727王品","110/08/16","玉山-台南",2,33,-31
"4807","2727王品","110/08/16","日盛-忠孝",20,0,20
"4808","2727王品","110/08/16","美商高盛",0,23,-23
"4809","2727王品","110/08/16","元大-東蘆",16,1,15
"4810","2727王品","110/08/16","兆豐-南京",0,20,-20
"4811","2727王品","110/08/16","第一金-台中",15,1,14
"4812","2727王品","110/08/16","凱基-虎尾",0,20,-20
"4813","2727王品","110/08/16","國泰-敦南",29,15,14
"4814","2727王品","110/08/16","中國信託",2,20,-18
"4815","2727王品","110/08/16","第一金-桃園",13,0,13
"4816","2727王品","110/08/16","新光-桃園",2,20,-18
"4817","2727王品","110/08/16","第一金-忠孝",13,1,12
"4818","2727王品","110/08/16","永豐金證券",2,20,-18
"4819","2727王品","110/08/16","摩根大通",24,12,12
"4820","2727王品","110/08/16","統一",6,22,-16
"4821","2727王品","110/08/16","富邦-陽明",15,3,12
"4822","2727王品","110/08/16","合庫證券",2,14,-12
"4823","2727王品","110/08/16","元富-西松",13,2,11
"4824","2727王品","110/08/16","富邦-仁愛",7,19,-12
"4825","2727王品","110/08/16","聯邦-興中",11,0,11
"4826","2727王品","110/08/16","元大-竹科",4,16,-12
"4827","2727王品","110/08/16","中國信託-松江",10,0,10
"4828","2727王品","110/08/16","元大-和平",0,12,-12
"4829","2727王品","110/08/16","凱基-市府",10,0,10
"4830","2727王品","110/08/16","凱基-興隆",1,12,-11
"4831","1570力肯","110/08/16","兆豐-民生",80,0,80
"4832","1570力肯","110/08/16","台新證券",17,184,-167
"4833","1570力肯","110/08/16","國票-北高雄",145,85,60
"4834","1570力肯","110/08/16","凱基-台北",61,183,-122
"4835","1570力肯","110/08/16","新光",83,31,52
"4836","1570力肯","110/08/16","摩根大通",18,89,-71
"4837","1570力肯","110/08/16","凱基-三峽",40,0,40
"4838","1570力肯","110/08/16","新光-台南",1,50,-49
"4839","1570力肯","110/08/16","元大-大雅",40,0,40
"4840","1570力肯","110/08/16","國泰-松江",0,30,-30
"4841","1570力肯","110/08/16","元富-新竹",30,0,30
"4842","1570力肯","110/08/16","永豐金-桃園",0,30,-30
"4843","1570力肯","110/08/16","富邦-花蓮",29,0,29
"4844","1570力肯","110/08/16","元富-文心",1,23,-22
"4845","1570力肯","110/08/16","統一-高雄",26,1,25
"4846","1570力肯","110/08/16","永豐金-屏東",3,25,-22
"4847","1570力肯","110/08/16","元大-雙和",24,0,24
"4848","1570力肯","110/08/16","台灣摩根士丹利",0,18,-18
"4849","1570力肯","110/08/16","日盛-高雄",21,0,21
"4850","1570力肯","110/08/16","元富-新店",2,20,-18
"4851","1570力肯","110/08/16","國票-和平",27,6,21
"4852","1570力肯","110/08/16","康和-屏東",0,16,-16
"4853","1570力肯","110/08/16","國泰證券",20,0,20
"4854","1570力肯","110/08/16","聯邦-三重",0,15,-15
"4855","1570力肯","110/08/16","群益金鼎-東門",20,0,20
"4856","1570力肯","110/08/16","富邦-內湖",8,21,-13
"4857","1570力肯","110/08/16","元大-民生",19,0,19
"4858","1570力肯","110/08/16","新光-台中",8,20,-12
"4859","1570力肯","110/08/16","元富-民權",15,0,15
"4860","1570力肯","110/08/16","國泰-館前",0,12,-12
"4861","6180橘子","110/08/16","美林",85,0,85
"4862","6180橘子","110/08/16","合庫-高雄",2,121,-119
"4863","6180橘子","110/08/16","新加坡商瑞銀",42,8,34
"4864","6180橘子","110/08/16","群益金鼎-三民",0,100,-100
"4865","6180橘子","110/08/16","合庫-自強",30,0,30
"4866","6180橘子","110/08/16","台灣摩根士丹利",0,50,-50
"4867","6180橘子","110/08/16","元大-中壢",23,0,23
"4868","6180橘子","110/08/16","統一",0,30,-30
"4869","6180橘子","110/08/16","新光-桃園",24,2,22
"4870","6180橘子","110/08/16","凱基-台北",0,27,-27
"4871","6180橘子","110/08/16","日盛-板橋",20,0,20
"4872","6180橘子","110/08/16","群益金鼎-大安",0,20,-20
"4873","6180橘子","110/08/16","康和-嘉義",19,0,19
"4874","6180橘子","110/08/16","元大-博愛",1,20,-19
"4875","6180橘子","110/08/16","永豐金-敦北",19,1,18
"4876","6180橘子","110/08/16","元大-文心興安",2,20,-18
"4877","6180橘子","110/08/16","元大-四維",16,0,16
"4878","6180橘子","110/08/16","統一-中壢",0,15,-15
"4879","6180橘子","110/08/16","元大-和平",16,0,16
"4880","6180橘子","110/08/16","元富-宜蘭",2,15,-13
"4881","6180橘子","110/08/16","港商野村",27,12,15
"4882","6180橘子","110/08/16","元大-沙鹿",0,12,-12
"4883","6180橘子","110/08/16","富隆-長安",15,0,15
"4884","6180橘子","110/08/16","元大-清水",0,12,-12
"4885","6180橘子","110/08/16","摩根大通",51,36,15
"4886","6180橘子","110/08/16","臺銀-鳳山",3,14,-11
"4887","6180橘子","110/08/16","美商高盛",15,1,14
"4888","6180橘子","110/08/16","盈溢",0,10,-10
"4889","6180橘子","110/08/16","元大-永和",13,0,13
"4890","6180橘子","110/08/16","元富-世貿",0,10,-10
"4891","2390云辰","110/08/16","富邦-虎尾",514,48,466
"4892","2390云辰","110/08/16","凱基-台北",495,1222,-727
"4893","2390云辰","110/08/16","摩根大通",2747,2369,378
"4894","2390云辰","110/08/16","元富-西松",194,423,-229
"4895","2390云辰","110/08/16","國泰-桃園",291,66,225
"4896","2390云辰","110/08/16","國票-安和",121,349,-228
"4897","2390云辰","110/08/16","元大-木柵",237,23,214
"4898","2390云辰","110/08/16","元大-信義",10,155,-145
"4899","2390云辰","110/08/16","新光",859,695,164
"4900","2390云辰","110/08/16","統一-新台中",6,137,-131
"4901","2390云辰","110/08/16","元大證券",229,67,162
"4902","2390云辰","110/08/16","美林",355,470,-115
"4903","2390云辰","110/08/16","兆豐-埔墘",719,573,146
"4904","2390云辰","110/08/16","台新-高雄",113,208,-95
"4905","2390云辰","110/08/16","永豐金-嘉義",144,20,124
"4906","2390云辰","110/08/16","豐農",37,114,-77
"4907","2390云辰","110/08/16","元大-台中",126,26,100
"4908","2390云辰","110/08/16","國泰-忠孝",15,85,-70
"4909","2390云辰","110/08/16","瑞士信貸",124,28,96
"4910","2390云辰","110/08/16","富邦-北港",154,223,-69
"4911","2390云辰","110/08/16","永豐金-古亭",120,24,96
"4912","2390云辰","110/08/16","凱基-科園",11,79,-68
"4913","2390云辰","110/08/16","富邦-嘉義",2108,2013,95
"4914","2390云辰","110/08/16","華南永昌-台中",82,149,-67
"4915","2390云辰","110/08/16","富邦-內湖",120,26,94
"4916","2390云辰","110/08/16","台新-左楠",61,126,-65
"4917","2390云辰","110/08/16","群益金鼎-三重",142,56,86
"4918","2390云辰","110/08/16","元大-林園",3,67,-64
"4919","2390云辰","110/08/16","元大-前金",200,123,77
"4920","2390云辰","110/08/16","永豐金-萬盛",23,84,-61
"4921","2867三商壽","110/08/13","美商高盛",295,16,279
"4922","2867三商壽","110/08/13","摩根大通",109,286,-177
"4923","2867三商壽","110/08/13","大慶-中壢",183,1,182
"4924","2867三商壽","110/08/13","元大-佳里",0,113,-113
"4925","2867三商壽","110/08/13","新加坡商瑞銀",121,0,121
"4926","2867三商壽","110/08/13","元大-崇德",0,103,-103
"4927","2867三商壽","110/08/13","凱基-五股",100,0,100
"4928","2867三商壽","110/08/13","台灣摩根士丹利",9,83,-74
"4929","2867三商壽","110/08/13","元大-桃園",100,1,99
"4930","2867三商壽","110/08/13","國泰-台南",1,73,-72
"4931","2867三商壽","110/08/13","凱基-虎尾",90,0,90
"4932","2867三商壽","110/08/13","元大證券",1,62,-61
"4933","2867三商壽","110/08/13","華南永昌-高雄",100,10,90
"4934","2867三商壽","110/08/13","元大-台中",0,60,-60
"4935","2867三商壽","110/08/13","兆豐-北高雄",81,2,79
"4936","2867三商壽","110/08/13","元大-大同",0,53,-53
"4937","2867三商壽","110/08/13","新光",105,39,66
"4938","2867三商壽","110/08/13","兆豐-鹿港",0,50,-50
"4939","2867三商壽","110/08/13","富邦-彰化",60,0,60
"4940","2867三商壽","110/08/13","合庫-西台中",2,50,-48
"4941","2867三商壽","110/08/13","富邦-台南",60,0,60
"4942","2867三商壽","110/08/13","新光-台中",7,53,-46
"4943","2867三商壽","110/08/13","玉山-板橋",60,1,59
"4944","2867三商壽","110/08/13","元大-大益",0,44,-44
"4945","2867三商壽","110/08/13","群益金鼎-新竹",56,0,56
"4946","2867三商壽","110/08/13","亞東-板橋",0,36,-36
"4947","2867三商壽","110/08/13","元大-大統",53,0,53
"4948","2867三商壽","110/08/13","福邦證券",0,34,-34
"4949","2867三商壽","110/08/13","瑞士信貸",55,3,52
"4950","2867三商壽","110/08/13","元大-博愛",16,50,-34
"4951","5521工信","110/08/13","日進",100,0,100
"4952","5521工信","110/08/13","美林",1,87,-86
"4953","5521工信","110/08/13","摩根大通",180,102,78
"4954","5521工信","110/08/13","日盛-復興",1,70,-69
"4955","5521工信","110/08/13","元大-鳳山",30,0,30
"4956","5521工信","110/08/13","永豐金-鳳山",1,60,-59
"4957","5521工信","110/08/13","(牛牛牛)亞-鑫豐",28,2,26
"4958","5521工信","110/08/13","中國信託-三重",0,52,-52
"4959","5521工信","110/08/13","新光",24,0,24
"4960","5521工信","110/08/13","華南永昌-民權",0,50,-50
"4961","5521工信","110/08/13","華南永昌-彰化",21,0,21
"4962","5521工信","110/08/13","第一金-新竹",0,34,-34
"4963","5521工信","110/08/13","台灣企銀-建成",20,0,20
"4964","5521工信","110/08/13","凱基-台北",18,49,-31
"4965","5521工信","110/08/13","大昌",20,0,20
"4966","5521工信","110/08/13","元大-新莊",10,38,-28
"4967","5521工信","110/08/13","兆豐-中壢",20,0,20
"4968","5521工信","110/08/13","台灣摩根士丹利",2,28,-26
"4969","5521工信","110/08/13","國票-和平",20,0,20
"4970","5521工信","110/08/13","華南永昌",0,23,-23
"4971","5521工信","110/08/13","元大-基隆孝二",20,0,20
"4972","5521工信","110/08/13","統一-板橋",0,20,-20
"4973","5521工信","110/08/13","日盛-中和",19,0,19
"4974","5521工信","110/08/13","港商法國興業",0,17,-17
"4975","5521工信","110/08/13","兆豐-小港",19,0,19
"4976","5521工信","110/08/13","元大-府城",0,16,-16
"4977","5521工信","110/08/13","富邦-高雄",17,0,17
"4978","5521工信","110/08/13","元大-敦化",0,16,-16
"4979","5521工信","110/08/13","統一-員林",15,0,15
"4980","5521工信","110/08/13","新光-新竹",5,20,-15
"4981","1471首利","110/08/13","聯邦-高雄",42,0,42
"4982","1471首利","110/08/13","摩根大通",41,220,-179
"4983","1471首利","110/08/13","元大-西門",40,0,40
"4984","1471首利","110/08/13","元大-敦化",0,100,-100
"4985","1471首利","110/08/13","元大-大灣",37,0,37
"4986","1471首利","110/08/13","美林",0,69,-69
"4987","1471首利","110/08/13","第一金-台南",30,0,30
"4988","1471首利","110/08/13","瑞士信貸",5,65,-60
"4989","1471首利","110/08/13","元富-大昌",25,0,25
"4990","1471首利","110/08/13","美商高盛",0,51,-51
"4991","1471首利","110/08/13","大慶-中壢",20,0,20
"4992","1471首利","110/08/13","華南永昌-苗栗",5,30,-25
"4993","1471首利","110/08/13","凱基-台南",20,0,20
"4994","1471首利","110/08/13","玉山-台南",0,22,-22
"4995","1471首利","110/08/13","新光",19,0,19
"4996","1471首利","110/08/13","元富-民權",0,20,-20
"4997","1471首利","110/08/13","凱基-羅東",17,0,17
"4998","1471首利","110/08/13","中國信託",0,20,-20
"4999","1471首利","110/08/13","永豐金-台南",20,4,16
"5000","1471首利","110/08/13","凱基-五股",0,20,-20
"5001","1471首利","110/08/13","元大-屏東",14,0,14
"5002","1471首利","110/08/13","台灣摩根士丹利",0,17,-17
"5003","1471首利","110/08/13","新光-台中",16,4,12
"5004","1471首利","110/08/13","兆豐-員林",2,15,-13
"5005","1471首利","110/08/13","元大-頭份",12,0,12
"5006","1471首利","110/08/13","日盛-宜蘭",0,10,-10
"5007","1471首利","110/08/13","凱基-三重",11,0,11
"5008","1471首利","110/08/13","元富-緯城",1,10,-9
"5009","1471首利","110/08/13","日盛-鳳山",10,0,10
"5010","1471首利","110/08/13","國泰-台中",2,8,-6
"5011","2883開發金","110/08/13","凱基-台北",23196,4416,18780
"5012","2883開發金","110/08/13","永豐金-彰化",79,4793,-4714
"5013","2883開發金","110/08/13","摩根大通",24818,6057,18761
"5014","2883開發金","110/08/13","第一金-忠孝",55,4613,-4558
"5015","2883開發金","110/08/13","新加坡商瑞銀",6645,205,6440
"5016","2883開發金","110/08/13","台新證券",1316,5539,-4223
"5017","2883開發金","110/08/13","中國信託-文心",4723,123,4600
"5018","2883開發金","110/08/13","日盛證券",587,3754,-3167
"5019","2883開發金","110/08/13","美林",6276,1780,4496
"5020","2883開發金","110/08/13","群益金鼎-大甲",48,2429,-2381
"5021","2883開發金","110/08/13","國泰證券",3682,17,3665
"5022","2883開發金","110/08/13","永豐金證券",169,1849,-1680
"5023","2883開發金","110/08/13","台灣摩根士丹利",3927,582,3345
"5024","2883開發金","110/08/13","華南永昌-南京",169,1407,-1238
"5025","2883開發金","110/08/13","群益金鼎",2401,367,2034
"5026","2883開發金","110/08/13","凱基-台東",270,1494,-1224
"5027","2883開發金","110/08/13","香港上海匯豐",2006,0,2006
"5028","2883開發金","110/08/13","日盛-板橋",207,1398,-1191
"5029","2883開發金","110/08/13","兆豐證券",1776,128,1648
"5030","2883開發金","110/08/13","元大-萬華",78,1243,-1165
"5031","2883開發金","110/08/13","瑞士信貸",3551,2174,1377
"5032","2883開發金","110/08/13","富邦-台北",295,1428,-1133
"5033","2883開發金","110/08/13","港商野村",7299,6088,1211
"5034","2883開發金","110/08/13","元大-成功",216,1287,-1071
"5035","2883開發金","110/08/13","美商高盛",1016,0,1016
"5036","2883開發金","110/08/13","新光-台中",485,1519,-1034
"5037","2883開發金","110/08/13","元大-大灣",1183,214,969
"5038","2883開發金","110/08/13","國票",232,1261,-1029
"5039","2883開發金","110/08/13","花旗環球",1104,284,820
"5040","2883開發金","110/08/13","永豐金-桃園",141,1157,-1016
"5041","6205詮欣","110/08/13","合庫-三重",15,0,15
"5042","6205詮欣","110/08/13","摩根大通",3,17,-14
"5043","6205詮欣","110/08/13","港商法國興業",11,0,11
"5044","6205詮欣","110/08/13","元大-善化",0,10,-10
"5045","6205詮欣","110/08/13","臺銀-民權",7,0,7
"5046","6205詮欣","110/08/13","元大-台中中港",0,3,-3
"5047","6205詮欣","110/08/13","日盛-三重",5,0,5
"5048","6205詮欣","110/08/13","合庫-鳳山",0,2,-2
"5049","6205詮欣","110/08/13","群益金鼎-屏東",5,0,5
"5050","6205詮欣","110/08/13","元富-潮州",0,2,-2
"5051","6205詮欣","110/08/13","德信-新營",3,0,3
"5052","6205詮欣","110/08/13","兆豐-桃鶯",0,2,-2
"5053","6205詮欣","110/08/13","美林",2,0,2
"5054","6205詮欣","110/08/13","致和-台北",0,2,-2
"5055","6205詮欣","110/08/13","兆豐-西螺",1,0,1
"5056","6205詮欣","110/08/13","華南永昌-三重",0,2,-2
"5057","6205詮欣","110/08/13","新光-台中",1,0,1
"5058","6205詮欣","110/08/13","土銀-台中",0,1,-1
"5059","6205詮欣","110/08/13","聯邦-嘉義",1,0,1
"5060","6205詮欣","110/08/13","日盛-中壢",0,1,-1
"5061","6205詮欣","110/08/13","玉山-南京東路",1,0,1
"5062","6205詮欣","110/08/13","美商高盛",0,1,-1
"5063","6205詮欣","110/08/13","群益金鼎-中港",1,0,1
"5064","6205詮欣","110/08/13","大展-台南",0,1,-1
"5065","6205詮欣","110/08/13","凱基-大安",1,0,1
"5066","6205詮欣","110/08/13","第一金-彰化",0,1,-1
"5067","6205詮欣","110/08/13","元大-仁愛",1,0,1
"5068","6205詮欣","110/08/13","統一-三重",1,2,-1
"5069","6205詮欣","110/08/13","元大-台南",1,0,1
"5070","6205詮欣","110/08/13","元富-桃園",0,1,-1
"5071","1540喬福","110/08/13","元富-中原",100,0,100
"5072","1540喬福","110/08/13","日盛-文化",0,48,-48
"5073","1540喬福","110/08/13","台新-台中",31,0,31
"5074","1540喬福","110/08/13","凱基-台北",0,33,-33
"5075","1540喬福","110/08/13","兆豐-北高雄",18,0,18
"5076","1540喬福","110/08/13","元大-大安",0,32,-32
"5077","1540喬福","110/08/13","元大-土城永寧",11,0,11
"5078","1540喬福","110/08/13","合庫-台中",2,23,-21
"5079","1540喬福","110/08/13","(牛牛牛)亞-鑫豐",10,0,10
"5080","1540喬福","110/08/13","華南永昌-楠梓",0,20,-20
"5081","1540喬福","110/08/13","凱基-中壢",7,0,7
"5082","1540喬福","110/08/13","群益金鼎-館前",1,20,-19
"5083","1540喬福","110/08/13","安泰",5,0,5
"5084","1540喬福","110/08/13","富邦-花蓮",0,15,-15
"5085","1540喬福","110/08/13","群益金鼎-古亭",5,0,5
"5086","1540喬福","110/08/13","日盛-景美",0,10,-10
"5087","1540喬福","110/08/13","元富-緯城",4,0,4
"5088","1540喬福","110/08/13","台新-高雄",0,9,-9
"5089","1540喬福","110/08/13","兆豐-南京",4,0,4
"5090","1540喬福","110/08/13","玉山-大里",0,8,-8
"5091","1540喬福","110/08/13","凱基-台中",4,0,4
"5092","1540喬福","110/08/13","元大-斗信",0,8,-8
"5093","1540喬福","110/08/13","凱基-台南",5,1,4
"5094","1540喬福","110/08/13","新光-台南",0,6,-6
"5095","1540喬福","110/08/13","元大-龍潭",4,0,4
"5096","1540喬福","110/08/13","兆豐-板橋",0,5,-5
"5097","1540喬福","110/08/13","兆豐-高雄",3,0,3
"5098","1540喬福","110/08/13","富邦-彰化",0,5,-5
"5099","1540喬福","110/08/13","兆豐-鹿港",3,0,3
"5100","1540喬福","110/08/13","美林",0,4,-4
"5101","2888新光金","110/08/13","永豐金-天母",2112,0,2112
"5102","2888新光金","110/08/13","摩根大通",308,3587,-3279
"5103","2888新光金","110/08/13","合庫-西台中",2116,5,2111
"5104","2888新光金","110/08/13","玉山-嘉義",7,1514,-1507
"5105","2888新光金","110/08/13","統一-新竹",1706,0,1706
"5106","2888新光金","110/08/13","國票-台東",0,1500,-1500
"5107","2888新光金","110/08/13","凱基-台北",3076,1640,1436
"5108","2888新光金","110/08/13","台灣摩根士丹利",127,1148,-1021
"5109","2888新光金","110/08/13","元大證券",1418,10,1408
"5110","2888新光金","110/08/13","華南永昌-岡山",62,930,-868
"5111","2888新光金","110/08/13","康和",761,2,759
"5112","2888新光金","110/08/13","港商野村",47,827,-780
"5113","2888新光金","110/08/13","富邦-仁愛",739,52,687
"5114","2888新光金","110/08/13","美商高盛",697,1236,-539
"5115","2888新光金","110/08/13","新加坡商瑞銀",716,121,595
"5116","2888新光金","110/08/13","日盛-八德",88,572,-484
"5117","2888新光金","110/08/13","富邦-彰化",588,12,576
"5118","2888新光金","110/08/13","群益金鼎-三重",1,437,-436
"5119","2888新光金","110/08/13","玉山證券",558,12,546
"5120","2888新光金","110/08/13","永豐金-嘉義",52,472,-420
"5121","2888新光金","110/08/13","群益金鼎-瑞豐",550,10,540
"5122","2888新光金","110/08/13","元富-城東",7,390,-383
"5123","2888新光金","110/08/13","元大-三重",523,0,523
"5124","2888新光金","110/08/13","群益金鼎-高雄",6,387,-381
"5125","2888新光金","110/08/13","永豐金-博愛",420,27,393
"5126","2888新光金","110/08/13","凱基-宜蘭",9,379,-370
"5127","2888新光金","110/08/13","第一金-豐原",364,20,344
"5128","2888新光金","110/08/13","美林",938,1287,-349
"5129","2888新光金","110/08/13","國票-九鼎",317,3,314
"5130","2888新光金","110/08/13","華南永昌-台中",0,329,-329
"5131","1340勝悅","110/08/13","元富-成功",72,0,72
"5132","1340勝悅","110/08/13","元大-忠孝",0,36,-36
"5133","1340勝悅","110/08/13","元大-博愛",10,0,10
"5134","1340勝悅","110/08/13","新光",4,21,-17
"5135","1340勝悅","110/08/13","臺灣企銀-埔墘",5,0,5
"5136","1340勝悅","110/08/13","摩根大通",3,19,-16
"5137","1340勝悅","110/08/13","元大-新莊",5,0,5
"5138","1340勝悅","110/08/13","群益金鼎-三重",0,15,-15
"5139","1340勝悅","110/08/13","美商高盛",4,0,4
"5140","1340勝悅","110/08/13","日盛-永康",0,10,-10
"5141","1340勝悅","110/08/13","國泰-敦南",6,2,4
"5142","1340勝悅","110/08/13","華南永昌-合泰",0,10,-10
"5143","1340勝悅","110/08/13","統一-城中",6,3,3
"5144","1340勝悅","110/08/13","日盛-木柵",0,8,-8
"5145","1340勝悅","110/08/13","元富-新店",3,0,3
"5146","1340勝悅","110/08/13","港商法國興業",0,6,-6
"5147","1340勝悅","110/08/13","玉山-士林",3,0,3
"5148","1340勝悅","110/08/13","群益金鼎-中港",0,5,-5
"5149","1340勝悅","110/08/13","群益金鼎-館前",4,1,3
"5150","1340勝悅","110/08/13","第一金-自由",0,4,-4
"5151","1340勝悅","110/08/13","元富-安南",2,0,2
"5152","1340勝悅","110/08/13","兆豐-新營",0,4,-4
"5153","1340勝悅","110/08/13","大昌-樹林",2,0,2
"5154","1340勝悅","110/08/13","國泰-台中",1,5,-4
"5155","1340勝悅","110/08/13","群益金鼎",2,0,2
"5156","1340勝悅","110/08/13","元大-林園",0,4,-4
"5157","1340勝悅","110/08/13","群益金鼎-北高雄",2,0,2
"5158","1340勝悅","110/08/13","元大-四維",0,4,-4
"5159","1340勝悅","110/08/13","華南永昌",2,0,2
"5160","1340勝悅","110/08/13","美林",0,2,-2
"5161","6246臺龍","110/08/13","華南永昌-彰化",31,0,31
"5162","6246臺龍","110/08/13","永豐金-內湖",0,95,-95
"5163","6246臺龍","110/08/13","合庫-台中",23,0,23
"5164","6246臺龍","110/08/13","玉山-大里",0,21,-21
"5165","6246臺龍","110/08/13","兆豐-忠孝",24,3,21
"5166","6246臺龍","110/08/13","新光-新竹",0,20,-20
"5167","6246臺龍","110/08/13","元大-台北",16,0,16
"5168","6246臺龍","110/08/13","台新-台中",1,19,-18
"5169","6246臺龍","110/08/13","元大-新莊",11,1,10
"5170","6246臺龍","110/08/13","光和",2,17,-15
"5171","6246臺龍","110/08/13","德信-新營",9,0,9
"5172","6246臺龍","110/08/13","日盛-高雄",0,10,-10
"5173","6246臺龍","110/08/13","凱基-永和",9,0,9
"5174","6246臺龍","110/08/13","元富-世貿",0,10,-10
"5175","6246臺龍","110/08/13","港商野村",20,12,8
"5176","6246臺龍","110/08/13","(牛牛牛)亞-鑫豐",1,11,-10
"5177","6246臺龍","110/08/13","富邦-建國",8,0,8
"5178","6246臺龍","110/08/13","國泰-敦南",6,16,-10
"5179","6246臺龍","110/08/13","群益金鼎-開元",12,5,7
"5180","6246臺龍","110/08/13","永豐金-市政",1,10,-9
"5181","6246臺龍","110/08/13","群益金鼎-古亭",7,0,7
"5182","6246臺龍","110/08/13","華南永昌-嘉義",0,8,-8
"5183","6246臺龍","110/08/13","凱基-高美館",7,0,7
"5184","6246臺龍","110/08/13","富邦-敦南",4,11,-7
"5185","6246臺龍","110/08/13","元大-東蘆",10,3,7
"5186","6246臺龍","110/08/13","第一金-彰化",6,12,-6
"5187","6246臺龍","110/08/13","元大-金華",8,1,7
"5188","6246臺龍","110/08/13","新光-桃園",2,8,-6
"5189","6246臺龍","110/08/13","永豐金-松山",7,0,7
"5190","6246臺龍","110/08/13","凱基-竹科",0,6,-6
"5191","00715L期街口布蘭特正2","110/08/13","元大證券",6162,789,5373
"5192","00715L期街口布蘭特正2","110/08/13","元大-四維",2,1000,-998
"5193","00715L期街口布蘭特正2","110/08/13","元富",1528,0,1528
"5194","00715L期街口布蘭特正2","110/08/13","玉山-嘉義",20,1016,-996
"5195","00715L期街口布蘭特正2","110/08/13","合庫證券",1153,0,1153
"5196","00715L期街口布蘭特正2","110/08/13","群益金鼎-古亭",0,666,-666
"5197","00715L期街口布蘭特正2","110/08/13","富邦證券",1029,290,739
"5198","00715L期街口布蘭特正2","110/08/13","富邦-員林",9,489,-480
"5199","00715L期街口布蘭特正2","110/08/13","台新-台中",284,9,275
"5200","00715L期街口布蘭特正2","110/08/13","元大-嘉義",1,400,-399
"5201","00715L期街口布蘭特正2","110/08/13","兆豐-台中",238,0,238
"5202","00715L期街口布蘭特正2","110/08/13","臺銀-新竹",2,360,-358
"5203","00715L期街口布蘭特正2","110/08/13","統一-桃園",283,80,203
"5204","00715L期街口布蘭特正2","110/08/13","日盛-二林",0,300,-300
"5205","00715L期街口布蘭特正2","110/08/13","群益金鼎-屏東",200,0,200
"5206","00715L期街口布蘭特正2","110/08/13","群益金鼎-延平",100,400,-300
"5207","00715L期街口布蘭特正2","110/08/13","元富-虎尾",172,0,172
"5208","00715L期街口布蘭特正2","110/08/13","元大-中和",175,450,-275
"5209","00715L期街口布蘭特正2","110/08/13","凱基-五股",163,0,163
"5210","00715L期街口布蘭特正2","110/08/13","第一金-彰化",5,230,-225
"5211","00715L期街口布蘭特正2","110/08/13","國泰-台南",155,19,136
"5212","00715L期街口布蘭特正2","110/08/13","元大-大里",16,225,-209
"5213","00715L期街口布蘭特正2","110/08/13","永豐金證券",482,350,132
"5214","00715L期街口布蘭特正2","110/08/13","港商野村",7,212,-205
"5215","00715L期街口布蘭特正2","110/08/13","元大-內湖",110,0,110
"5216","00715L期街口布蘭特正2","110/08/13","合庫-新竹",1,199,-198
"5217","00715L期街口布蘭特正2","110/08/13","兆豐-嘉義",103,0,103
"5218","00715L期街口布蘭特正2","110/08/13","高橋",9,205,-196
"5219","00715L期街口布蘭特正2","110/08/13","群益金鼎-土城",100,0,100
"5220","00715L期街口布蘭特正2","110/08/13","國泰-敦南",78,271,-193
"5221","8941關中","110/08/13","宏遠-館前",3,0,3
"5222","8941關中","110/08/13","日盛-信義",0,2,-2
"5223","8941關中","110/08/13","國泰-忠孝",1,0,1
"5224","8941關中","110/08/13","宏遠-中和",0,1,-1
"5225","8941關中","110/08/13","康和-板橋",0,0,0
"5226","8941關中","110/08/13","康和-嘉義",0,1,-1
"5227","8941關中","110/08/13","富邦-左營",0,0,0
"5228","8941關中","110/08/13","康和-板橋",0,0,0
"5229","8941關中","110/08/13","元大-松江",0,0,0
"5230","8941關中","110/08/13","富邦-左營",0,0,0
"5231","8941關中","110/08/13","元大-淡水",0,0,0
"5232","8941關中","110/08/13","元大-松江",0,0,0
"5233","8941關中","110/08/13","",NA,NA,NA
"5234","8941關中","110/08/13","元大-淡水",0,0,0
"5235","8941關中","110/08/13","",NA,NA,NA
"5236","8941關中","110/08/13","",NA,NA,NA
"5237","8941關中","110/08/13","",NA,NA,NA
"5238","8941關中","110/08/13","",NA,NA,NA
"5239","8941關中","110/08/13","",NA,NA,NA
"5240","8941關中","110/08/13","",NA,NA,NA
"5241","8941關中","110/08/13","",NA,NA,NA
"5242","8941關中","110/08/13","",NA,NA,NA
"5243","8941關中","110/08/13","",NA,NA,NA
"5244","8941關中","110/08/13","",NA,NA,NA
"5245","8941關中","110/08/13","",NA,NA,NA
"5246","8941關中","110/08/13","",NA,NA,NA
"5247","8941關中","110/08/13","",NA,NA,NA
"5248","8941關中","110/08/13","",NA,NA,NA
"5249","8941關中","110/08/13","",NA,NA,NA
"5250","8941關中","110/08/13","",NA,NA,NA
"5251","8936國統","110/08/13","台新-高雄",127,0,127
"5252","8936國統","110/08/13","第一金-豐原",0,60,-60
"5253","8936國統","110/08/13","美林",84,18,66
"5254","8936國統","110/08/13","凱基-台北",1,50,-49
"5255","8936國統","110/08/13","摩根大通",40,14,26
"5256","8936國統","110/08/13","凱基-高美館",8,51,-43
"5257","8936國統","110/08/13","凱基-台南",23,0,23
"5258","8936國統","110/08/13","港商野村",8,39,-31
"5259","8936國統","110/08/13","第一金-路竹",20,0,20
"5260","8936國統","110/08/13","日盛-忠孝",0,25,-25
"5261","8936國統","110/08/13","元大-敦化",17,0,17
"5262","8936國統","110/08/13","群益金鼎-台中",0,20,-20
"5263","8936國統","110/08/13","新光-台中",22,6,16
"5264","8936國統","110/08/13","台新-台南",0,15,-15
"5265","8936國統","110/08/13","元大-文心",15,0,15
"5266","8936國統","110/08/13","元大-博愛",0,14,-14
"5267","8936國統","110/08/13","元大-敦南",14,0,14
"5268","8936國統","110/08/13","合庫-台南",0,10,-10
"5269","8936國統","110/08/13","日盛-北高雄",12,0,12
"5270","8936國統","110/08/13","新光-桃園",0,10,-10
"5271","8936國統","110/08/13","元大-西螺",10,0,10
"5272","8936國統","110/08/13","永豐金-南投",0,10,-10
"5273","8936國統","110/08/13","彰銀",8,0,8
"5274","8936國統","110/08/13","永豐金-竹科",0,10,-10
"5275","8936國統","110/08/13","元富-大昌",8,0,8
"5276","8936國統","110/08/13","富邦-竹北",0,8,-8
"5277","8936國統","110/08/13","富邦-南屯",10,2,8
"5278","8936國統","110/08/13","元大-大里德芳",5,13,-8
"5279","8936國統","110/08/13","元大-天母",7,0,7
"5280","8936國統","110/08/13","台新證券",0,7,-7
"5281","6226光鼎","110/08/13","國泰-敦南",676,469,207
"5282","6226光鼎","110/08/13","摩根大通",267,1531,-1264
"5283","6226光鼎","110/08/13","元富-新竹",163,19,144
"5284","6226光鼎","110/08/13","美商高盛",149,1352,-1203
"5285","6226光鼎","110/08/13","合庫-台中",461,334,127
"5286","6226光鼎","110/08/13","瑞士信貸",52,752,-700
"5287","6226光鼎","110/08/13","國泰-台中",734,609,125
"5288","6226光鼎","110/08/13","凱基-台北",84,488,-404
"5289","6226光鼎","110/08/13","元大-小港",198,88,110
"5290","6226光鼎","110/08/13","台新-中壢",2,226,-224
"5291","6226光鼎","110/08/13","凱基-永和",91,0,91
"5292","6226光鼎","110/08/13","元大-文心興安",44,216,-172
"5293","6226光鼎","110/08/13","元大-西螺",82,5,77
"5294","6226光鼎","110/08/13","美林",234,376,-142
"5295","6226光鼎","110/08/13","永豐金-南京",78,1,77
"5296","6226光鼎","110/08/13","凱基-嘉義",12,126,-114
"5297","6226光鼎","110/08/13","群益金鼎-萬華",78,9,69
"5298","6226光鼎","110/08/13","富邦-陽明",23,117,-94
"5299","6226光鼎","110/08/13","日盛-八德",63,1,62
"5300","6226光鼎","110/08/13","兆豐-大安",4,85,-81
"5301","6226光鼎","110/08/13","凱基-桃園",88,27,61
"5302","6226光鼎","110/08/13","永豐金-中盛",27,107,-80
"5303","6226光鼎","110/08/13","凱基-岡山",62,1,61
"5304","6226光鼎","110/08/13","元大證券",232,304,-72
"5305","6226光鼎","110/08/13","臺銀-鳳山",110,52,58
"5306","6226光鼎","110/08/13","凱基-台中",19,84,-65
"5307","6226光鼎","110/08/13","元大-板橋三民",114,56,58
"5308","6226光鼎","110/08/13","元大-士林",107,171,-64
"5309","6226光鼎","110/08/13","凱基-板橋",195,140,55
"5310","6226光鼎","110/08/13","富邦-高雄",15,69,-54
"5311","2363矽統","110/08/13","美商高盛",416,10,406
"5312","2363矽統","110/08/13","元大-佳里",319,1216,-897
"5313","2363矽統","110/08/13","土銀",374,14,360
"5314","2363矽統","110/08/13","瑞士信貸",0,836,-836
"5315","2363矽統","110/08/13","玉山-台中",289,18,271
"5316","2363矽統","110/08/13","永豐金-中正",22,676,-654
"5317","2363矽統","110/08/13","大展",244,10,234
"5318","2363矽統","110/08/13","台灣摩根士丹利",116,566,-450
"5319","2363矽統","110/08/13","永豐金-板盛",172,22,150
"5320","2363矽統","110/08/13","宏遠-桃園",11,359,-348
"5321","2363矽統","110/08/13","富邦-仁愛",198,49,149
"5322","2363矽統","110/08/13","國泰-敦南",671,911,-240
"5323","2363矽統","110/08/13","日盛-北高雄",206,85,121
"5324","2363矽統","110/08/13","元大證券",126,352,-226
"5325","2363矽統","110/08/13","台新-三民",163,55,108
"5326","2363矽統","110/08/13","花旗環球",0,223,-223
"5327","2363矽統","110/08/13","元富-新店",130,23,107
"5328","2363矽統","110/08/13","臺銀",48,259,-211
"5329","2363矽統","110/08/13","永豐金-桃盛",108,5,103
"5330","2363矽統","110/08/13","摩根大通",268,460,-192
"5331","2363矽統","110/08/13","元大-復北",129,28,101
"5332","2363矽統","110/08/13","國票",63,248,-185
"5333","2363矽統","110/08/13","台新-屏東",116,18,98
"5334","2363矽統","110/08/13","台新-高雄",91,263,-172
"5335","2363矽統","110/08/13","華南永昌-虎尾",180,87,93
"5336","2363矽統","110/08/13","合庫證券",18,177,-159
"5337","2363矽統","110/08/13","元大-板橋",101,10,91
"5338","2363矽統","110/08/13","第一金-華江",65,206,-141
"5339","2363矽統","110/08/13","新光",343,260,83
"5340","2363矽統","110/08/13","中國信託-忠孝",65,201,-136
"5341","8112至上","110/08/13","合庫證券",160,5,155
"5342","8112至上","110/08/13","摩根大通",123,818,-695
"5343","8112至上","110/08/13","凱基-竹科",140,12,128
"5344","8112至上","110/08/13","美林",22,299,-277
"5345","8112至上","110/08/13","臺灣企銀-桃園",126,0,126
"5346","8112至上","110/08/13","第一金-華江",4,158,-154
"5347","8112至上","110/08/13","統一-中壢",79,1,78
"5348","8112至上","110/08/13","群益金鼎-基隆",1,117,-116
"5349","8112至上","110/08/13","港商麥格理",86,9,77
"5350","8112至上","110/08/13","新光-桃園",2,100,-98
"5351","8112至上","110/08/13","富邦-新竹",78,2,76
"5352","8112至上","110/08/13","永興-水湳",0,95,-95
"5353","8112至上","110/08/13","凱基-復興",67,0,67
"5354","8112至上","110/08/13","凱基-新店",50,141,-91
"5355","8112至上","110/08/13","合庫-西台中",62,2,60
"5356","8112至上","110/08/13","元富-新興",3,91,-88
"5357","8112至上","110/08/13","大慶",60,0,60
"5358","8112至上","110/08/13","凱基-台北",60,148,-88
"5359","8112至上","110/08/13","日盛-新竹",59,2,57
"5360","8112至上","110/08/13","國票-中和",4,90,-86
"5361","8112至上","110/08/13","元大-開元",53,0,53
"5362","8112至上","110/08/13","新加坡商瑞銀",5,88,-83
"5363","8112至上","110/08/13","富邦-中壢",51,4,47
"5364","8112至上","110/08/13","宏遠-民生",2,52,-50
"5365","8112至上","110/08/13","富邦-桃園",46,0,46
"5366","8112至上","110/08/13","群益金鼎-竹南",0,50,-50
"5367","8112至上","110/08/13","合庫-嘉義",44,0,44
"5368","8112至上","110/08/13","新百王",2,50,-48
"5369","8112至上","110/08/13","元大-府城",55,11,44
"5370","8112至上","110/08/13","港商野村",13,60,-47
"5371","1570力肯","110/08/13","新光",147,12,135
"5372","1570力肯","110/08/13","(牛牛牛)亞-鑫豐",15,136,-121
"5373","1570力肯","110/08/13","國票-北高雄",128,0,128
"5374","1570力肯","110/08/13","富邦-台中",0,51,-51
"5375","1570力肯","110/08/13","凱基-台北",80,24,56
"5376","1570力肯","110/08/13","日盛-頭份",0,50,-50
"5377","1570力肯","110/08/13","統一",54,0,54
"5378","1570力肯","110/08/13","元富-高雄",0,40,-40
"5379","1570力肯","110/08/13","國票-內壢",49,1,48
"5380","1570力肯","110/08/13","凱基-高美館",2,41,-39
"5381","1570力肯","110/08/13","美林",37,0,37
"5382","1570力肯","110/08/13","日盛-忠孝",0,38,-38
"5383","1570力肯","110/08/13","國票-天祥",45,8,37
"5384","1570力肯","110/08/13","元大-羅東",0,20,-20
"5385","1570力肯","110/08/13","摩根大通",67,45,22
"5386","1570力肯","110/08/13","元大-大天母",0,20,-20
"5387","1570力肯","110/08/13","永豐金-屏東",22,0,22
"5388","1570力肯","110/08/13","永豐金-嘉義",0,20,-20
"5389","1570力肯","110/08/13","元富-新店",20,0,20
"5390","1570力肯","110/08/13","國泰-敦南",2,20,-18
"5391","1570力肯","110/08/13","(牛牛牛)亞證券",20,0,20
"5392","1570力肯","110/08/13","元大-沙鹿",1,18,-17
"5393","1570力肯","110/08/13","凱基-台南",20,0,20
"5394","1570力肯","110/08/13","元大-林森",0,16,-16
"5395","1570力肯","110/08/13","元大-開元",20,0,20
"5396","1570力肯","110/08/13","永豐金-市政",1,16,-15
"5397","1570力肯","110/08/13","元大-花蓮",20,0,20
"5398","1570力肯","110/08/13","統一-三重",5,19,-14
"5399","1570力肯","110/08/13","元大-基隆",19,0,19
"5400","1570力肯","110/08/13","國泰-新莊",1,15,-14
"5401","2929淘帝","110/08/13","新光-新竹",488,287,201
"5402","2929淘帝","110/08/13","美林",17,84,-67
"5403","2929淘帝","110/08/13","元大-西門",38,1,37
"5404","2929淘帝","110/08/13","摩根大通",0,63,-63
"5405","2929淘帝","110/08/13","元富-文心",30,0,30
"5406","2929淘帝","110/08/13","港商野村",14,69,-55
"5407","2929淘帝","110/08/13","華南永昌-苗栗",30,0,30
"5408","2929淘帝","110/08/13","玉山-新竹",0,50,-50
"5409","2929淘帝","110/08/13","元大-豐原站前",31,1,30
"5410","2929淘帝","110/08/13","臺銀-新竹",0,30,-30
"5411","2929淘帝","110/08/13","元富-台南",22,0,22
"5412","2929淘帝","110/08/13","元富-三重",23,52,-29
"5413","2929淘帝","110/08/13","凱基-東門",20,0,20
"5414","2929淘帝","110/08/13","新加坡商瑞銀",18,41,-23
"5415","2929淘帝","110/08/13","永豐金-敦南",17,0,17
"5416","2929淘帝","110/08/13","兆豐-大同",0,21,-21
"5417","2929淘帝","110/08/13","新光",44,29,15
"5418","2929淘帝","110/08/13","美商高盛",0,20,-20
"5419","2929淘帝","110/08/13","元大-蘆洲",14,0,14
"5420","2929淘帝","110/08/13","台新-左楠",6,25,-19
"5421","2929淘帝","110/08/13","國票-博愛",12,0,12
"5422","2929淘帝","110/08/13","港商法國興業",0,14,-14
"5423","2929淘帝","110/08/13","合庫-自強",10,0,10
"5424","2929淘帝","110/08/13","台新證券",7,21,-14
"5425","2929淘帝","110/08/13","兆豐-桃園",10,0,10
"5426","2929淘帝","110/08/13","元大-館前",0,14,-14
"5427","2929淘帝","110/08/13","凱基-頭份",10,0,10
"5428","2929淘帝","110/08/13","亞東-新竹",0,13,-13
"5429","2929淘帝","110/08/13","華南永昌-大安",10,0,10
"5430","2929淘帝","110/08/13","元大-永和",7,20,-13
"5431","5410國眾","110/08/13","土銀-嘉義",21,0,21
"5432","5410國眾","110/08/13","國泰-敦南",20,102,-82
"5433","5410國眾","110/08/13","日盛-大墩",15,0,15
"5434","5410國眾","110/08/13","元大-大雅",0,64,-64
"5435","5410國眾","110/08/13","群益金鼎-民權",14,0,14
"5436","5410國眾","110/08/13","大昌-新店",0,37,-37
"5437","5410國眾","110/08/13","玉山-嘉義",12,0,12
"5438","5410國眾","110/08/13","陽信-石牌",0,33,-33
"5439","5410國眾","110/08/13","元大-新竹經國",12,0,12
"5440","5410國眾","110/08/13","摩根大通",0,26,-26
"5441","5410國眾","110/08/13","日盛-屏東",10,0,10
"5442","5410國眾","110/08/13","瑞士信貸",0,18,-18
"5443","5410國眾","110/08/13","富邦-竹北",10,0,10
"5444","5410國眾","110/08/13","元大-北投",8,22,-14
"5445","5410國眾","110/08/13","元富",10,1,9
"5446","5410國眾","110/08/13","合庫-台中",0,10,-10
"5447","5410國眾","110/08/13","凱基-八德",9,0,9
"5448","5410國眾","110/08/13","合庫-新竹",0,10,-10
"5449","5410國眾","110/08/13","富邦-台北",9,0,9
"5450","5410國眾","110/08/13","元大-善化",0,10,-10
"5451","5410國眾","110/08/13","富邦-新店",10,1,9
"5452","5410國眾","110/08/13","大昌",0,9,-9
"5453","5410國眾","110/08/13","元富-虎尾",8,0,8
"5454","5410國眾","110/08/13","兆豐-三重",0,9,-9
"5455","5410國眾","110/08/13","統一",7,0,7
"5456","5410國眾","110/08/13","新光",17,25,-8
"5457","5410國眾","110/08/13","日茂-南投",7,0,7
"5458","5410國眾","110/08/13","亞東-新竹",0,5,-5
"5459","5410國眾","110/08/13","元大-彰化",7,0,7
"5460","5410國眾","110/08/13","兆豐-桃鶯",0,5,-5
"5461","2841台開","110/08/13","宏遠-館前",181,0,181
"5462","2841台開","110/08/13","永豐金-內湖",0,77,-77
"5463","2841台開","110/08/13","日盛證券",70,1,69
"5464","2841台開","110/08/13","富邦-岡山",0,72,-72
"5465","2841台開","110/08/13","台新-三民",50,0,50
"5466","2841台開","110/08/13","永豐金-屏東",0,50,-50
"5467","2841台開","110/08/13","凱基-市政",18,0,18
"5468","2841台開","110/08/13","港商野村",0,38,-38
"5469","2841台開","110/08/13","新光",32,16,16
"5470","2841台開","110/08/13","元大-林園",0,30,-30
"5471","2841台開","110/08/13","兆豐-新營",15,0,15
"5472","2841台開","110/08/13","永豐金-敦南",13,42,-29
"5473","2841台開","110/08/13","日盛-內湖",12,0,12
"5474","2841台開","110/08/13","臺銀-民權",0,20,-20
"5475","2841台開","110/08/13","群益金鼎-基隆",11,0,11
"5476","2841台開","110/08/13","元大-崇德",0,19,-19
"5477","2841台開","110/08/13","富邦-台北",10,0,10
"5478","2841台開","110/08/13","日盛-中壢",0,18,-18
"5479","2841台開","110/08/13","元大-歸仁",10,0,10
"5480","2841台開","110/08/13","兆豐-板橋",0,10,-10
"5481","2841台開","110/08/13","凱基-台北",9,2,7
"5482","2841台開","110/08/13","豐農",0,10,-10
"5483","2841台開","110/08/13","元大-福營",10,3,7
"5484","2841台開","110/08/13","元大-北三重",0,10,-10
"5485","2841台開","110/08/13","元富-文心",5,0,5
"5486","2841台開","110/08/13","台新證券",6,13,-7
"5487","2841台開","110/08/13","凱基-東港",5,0,5
"5488","2841台開","110/08/13","光和-嘉義",0,6,-6
"5489","2841台開","110/08/13","元富-成功",3,0,3
"5490","2841台開","110/08/13","中國信託-高雄",0,5,-5
"5491","6207雷科","110/08/13","安泰",51,0,51
"5492","6207雷科","110/08/13","摩根大通",12,80,-68
"5493","6207雷科","110/08/13","永豐金證券",34,0,34
"5494","6207雷科","110/08/13","美林",1,34,-33
"5495","6207雷科","110/08/13","元大-潮州",32,0,32
"5496","6207雷科","110/08/13","新加坡商瑞銀",18,45,-27
"5497","6207雷科","110/08/13","元大-六合",30,0,30
"5498","6207雷科","110/08/13","凱基-復興",0,20,-20
"5499","6207雷科","110/08/13","富邦-中壢",20,0,20
"5500","6207雷科","110/08/13","凱基-台北",15,31,-16
"5501","6207雷科","110/08/13","統一-台中",10,0,10
"5502","6207雷科","110/08/13","港商野村",1,13,-12
"5503","6207雷科","110/08/13","凱基-岡山",10,0,10
"5504","6207雷科","110/08/13","群益金鼎-東門",0,12,-12
"5505","6207雷科","110/08/13","元大-東門",10,0,10
"5506","6207雷科","110/08/13","凱基-三峽",4,15,-11
"5507","6207雷科","110/08/13","元大-大天母",13,3,10
"5508","6207雷科","110/08/13","兆豐-公益",0,9,-9
"5509","6207雷科","110/08/13","元大-路竹",8,0,8
"5510","6207雷科","110/08/13","元大-鳳山",0,8,-8
"5511","6207雷科","110/08/13","富邦-敦南",7,0,7
"5512","6207雷科","110/08/13","合庫-鳳山",0,6,-6
"5513","6207雷科","110/08/13","兆豐-彰化",6,0,6
"5514","6207雷科","110/08/13","凱基-三重",0,6,-6
"5515","6207雷科","110/08/13","群益金鼎-土城",6,0,6
"5516","6207雷科","110/08/13","凱基-幸福",0,6,-6
"5517","6207雷科","110/08/13","玉山-台南",5,0,5
"5518","6207雷科","110/08/13","富邦-基隆",0,6,-6
"5519","6207雷科","110/08/13","凱基-湖口",5,0,5
"5520","6207雷科","110/08/13","元大-清水",0,6,-6
"5521","3679新至陞","110/08/13","元大-大天母",20,0,20
"5522","3679新至陞","110/08/13","摩根大通",2,27,-25
"5523","3679新至陞","110/08/13","台灣摩根士丹利",12,0,12
"5524","3679新至陞","110/08/13","瑞士信貸",1,16,-15
"5525","3679新至陞","110/08/13","元大-成功",10,0,10
"5526","3679新至陞","110/08/13","美林",0,10,-10
"5527","3679新至陞","110/08/13","兆豐-高雄",9,0,9
"5528","3679新至陞","110/08/13","凱基-台北",11,16,-5
"5529","3679新至陞","110/08/13","國泰-松江",4,0,4
"5530","3679新至陞","110/08/13","元大-東蘆",0,5,-5
"5531","3679新至陞","110/08/13","元大-大同",3,0,3
"5532","3679新至陞","110/08/13","元大-北成功",0,4,-4
"5533","3679新至陞","110/08/13","合庫-台中",2,0,2
"5534","3679新至陞","110/08/13","富邦-中壢",0,3,-3
"5535","3679新至陞","110/08/13","台中銀-員林",2,0,2
"5536","3679新至陞","110/08/13","彰銀",0,2,-2
"5537","3679新至陞","110/08/13","康和-板橋",2,0,2
"5538","3679新至陞","110/08/13","凱基-大安",0,2,-2
"5539","3679新至陞","110/08/13","新光-高雄",2,0,2
"5540","3679新至陞","110/08/13","華南永昌-鶯歌",0,2,-2
"5541","3679新至陞","110/08/13","凱基-文心",5,3,2
"5542","3679新至陞","110/08/13","富邦-仁愛",0,2,-2
"5543","3679新至陞","110/08/13","元大-景美",2,0,2
"5544","3679新至陞","110/08/13","元大證券",1,3,-2
"5545","3679新至陞","110/08/13","元大-土城永寧",2,0,2
"5546","3679新至陞","110/08/13","元大-土城",0,2,-2
"5547","3679新至陞","110/08/13","美商高盛",1,0,1
"5548","3679新至陞","110/08/13","台灣企銀-民雄",0,1,-1
"5549","3679新至陞","110/08/13","台新證券",1,0,1
"5550","3679新至陞","110/08/13","日盛證券",0,1,-1
"5551","2727王品","110/08/13","新光",27,6,21
"5552","2727王品","110/08/13","摩根大通",1,53,-52
"5553","2727王品","110/08/13","大慶-富順",20,0,20
"5554","2727王品","110/08/13","土銀-南港",0,40,-40
"5555","2727王品","110/08/13","兆豐-東門",17,0,17
"5556","2727王品","110/08/13","港商麥格理",0,24,-24
"5557","2727王品","110/08/13","新光-台中",19,2,17
"5558","2727王品","110/08/13","新加坡商瑞銀",0,21,-21
"5559","2727王品","110/08/13","元大-竹科",11,0,11
"5560","2727王品","110/08/13","康和-台南",1,22,-21
"5561","2727王品","110/08/13","日盛-屏東",10,0,10
"5562","2727王品","110/08/13","富邦-員林",0,17,-17
"5563","2727王品","110/08/13","彰銀-七賢",10,0,10
"5564","2727王品","110/08/13","港商野村",3,18,-15
"5565","2727王品","110/08/13","玉山-大里",10,0,10
"5566","2727王品","110/08/13","富邦-新營",0,15,-15
"5567","2727王品","110/08/13","富邦-台中",12,2,10
"5568","2727王品","110/08/13","台灣企銀-竹北",3,17,-14
"5569","2727王品","110/08/13","國泰-敦南",15,6,9
"5570","2727王品","110/08/13","國泰-板橋",3,17,-14
"5571","2727王品","110/08/13","臺銀",9,1,8
"5572","2727王品","110/08/13","凱基-板橋",0,13,-13
"5573","2727王品","110/08/13","元大-台中",8,0,8
"5574","2727王品","110/08/13","日盛-中和",1,13,-12
"5575","2727王品","110/08/13","國泰-台中",11,4,7
"5576","2727王品","110/08/13","第一金-新竹",1,12,-11
"5577","2727王品","110/08/13","永豐金-彰化",7,0,7
"5578","2727王品","110/08/13","統一",1,12,-11
"5579","2727王品","110/08/13","新光-桃園",6,0,6
"5580","2727王品","110/08/13","統一-竹南",0,10,-10
"5581","1570力肯","110/08/13","新光",147,12,135
"5582","1570力肯","110/08/13","(牛牛牛)亞-鑫豐",15,136,-121
"5583","1570力肯","110/08/13","國票-北高雄",128,0,128
"5584","1570力肯","110/08/13","富邦-台中",0,51,-51
"5585","1570力肯","110/08/13","凱基-台北",80,24,56
"5586","1570力肯","110/08/13","日盛-頭份",0,50,-50
"5587","1570力肯","110/08/13","統一",54,0,54
"5588","1570力肯","110/08/13","元富-高雄",0,40,-40
"5589","1570力肯","110/08/13","國票-內壢",49,1,48
"5590","1570力肯","110/08/13","凱基-高美館",2,41,-39
"5591","1570力肯","110/08/13","美林",37,0,37
"5592","1570力肯","110/08/13","日盛-忠孝",0,38,-38
"5593","1570力肯","110/08/13","國票-天祥",45,8,37
"5594","1570力肯","110/08/13","元大-羅東",0,20,-20
"5595","1570力肯","110/08/13","摩根大通",67,45,22
"5596","1570力肯","110/08/13","元大-大天母",0,20,-20
"5597","1570力肯","110/08/13","永豐金-屏東",22,0,22
"5598","1570力肯","110/08/13","永豐金-嘉義",0,20,-20
"5599","1570力肯","110/08/13","元富-新店",20,0,20
"5600","1570力肯","110/08/13","國泰-敦南",2,20,-18
"5601","1570力肯","110/08/13","(牛牛牛)亞證券",20,0,20
"5602","1570力肯","110/08/13","元大-沙鹿",1,18,-17
"5603","1570力肯","110/08/13","凱基-台南",20,0,20
"5604","1570力肯","110/08/13","元大-林森",0,16,-16
"5605","1570力肯","110/08/13","元大-開元",20,0,20
"5606","1570力肯","110/08/13","永豐金-市政",1,16,-15
"5607","1570力肯","110/08/13","元大-花蓮",20,0,20
"5608","1570力肯","110/08/13","統一-三重",5,19,-14
"5609","1570力肯","110/08/13","元大-基隆",19,0,19
"5610","1570力肯","110/08/13","國泰-新莊",1,15,-14
"5611","6180橘子","110/08/13","美商高盛",48,0,48
"5612","6180橘子","110/08/13","玉山-桃園",1,30,-29
"5613","6180橘子","110/08/13","美林",37,0,37
"5614","6180橘子","110/08/13","元大-成功",0,22,-22
"5615","6180橘子","110/08/13","凱基-台北",17,1,16
"5616","6180橘子","110/08/13","群益金鼎",0,11,-11
"5617","6180橘子","110/08/13","台新證券",15,1,14
"5618","6180橘子","110/08/13","亞東-高雄",0,10,-10
"5619","6180橘子","110/08/13","台灣摩根士丹利",13,0,13
"5620","6180橘子","110/08/13","元大-北港",0,10,-10
"5621","6180橘子","110/08/13","元大-北投",11,0,11
"5622","6180橘子","110/08/13","統一-彰化",3,10,-7
"5623","6180橘子","110/08/13","合庫-自強",10,0,10
"5624","6180橘子","110/08/13","摩根大通",6,13,-7
"5625","6180橘子","110/08/13","統一-台南",10,0,10
"5626","6180橘子","110/08/13","群益金鼎-中山",1,8,-7
"5627","6180橘子","110/08/13","兆豐-台中",10,0,10
"5628","6180橘子","110/08/13","元大-敦南",0,7,-7
"5629","6180橘子","110/08/13","群益金鼎-台中",10,0,10
"5630","6180橘子","110/08/13","國泰-板橋",0,6,-6
"5631","6180橘子","110/08/13","康和-台中",6,0,6
"5632","6180橘子","110/08/13","富邦-宜蘭",0,6,-6
"5633","6180橘子","110/08/13","凱基-汐止",5,0,5
"5634","6180橘子","110/08/13","元大-台北",0,6,-6
"5635","6180橘子","110/08/13","日盛-景美",6,2,4
"5636","6180橘子","110/08/13","永豐金-板橋",0,6,-6
"5637","6180橘子","110/08/13","新光-台中",4,0,4
"5638","6180橘子","110/08/13","亞東",0,5,-5
"5639","6180橘子","110/08/13","國泰-敦南",4,0,4
"5640","6180橘子","110/08/13","兆豐-竹北",0,5,-5
"5641","2390云辰","110/08/13","摩根大通",643,393,250
"5642","2390云辰","110/08/13","元大-信義",0,202,-202
"5643","2390云辰","110/08/13","美商高盛",269,138,131
"5644","2390云辰","110/08/13","美林",169,289,-120
"5645","2390云辰","110/08/13","凱基-台北",418,293,125
"5646","2390云辰","110/08/13","元大-東港",9,102,-93
"5647","2390云辰","110/08/13","元富-板橋",94,13,81
"5648","2390云辰","110/08/13","元富-高雄",17,94,-77
"5649","2390云辰","110/08/13","土銀-士林",78,0,78
"5650","2390云辰","110/08/13","凱基-竹科",5,76,-71
"5651","2390云辰","110/08/13","元大-前金",92,16,76
"5652","2390云辰","110/08/13","國票-博愛",40,107,-67
"5653","2390云辰","110/08/13","台新-台中",89,24,65
"5654","2390云辰","110/08/13","群益金鼎-開元",26,90,-64
"5655","2390云辰","110/08/13","光和-嘉義",73,10,63
"5656","2390云辰","110/08/13","新加坡商瑞銀",4,61,-57
"5657","2390云辰","110/08/13","富邦-敦南",59,0,59
"5658","2390云辰","110/08/13","港商野村",277,333,-56
"5659","2390云辰","110/08/13","富邦-彰化",69,11,58
"5660","2390云辰","110/08/13","新光",144,197,-53
"5661","2390云辰","110/08/13","元大-草屯",75,17,58
"5662","2390云辰","110/08/13","統一",23,75,-52
"5663","2390云辰","110/08/13","光和-溪湖",54,1,53
"5664","2390云辰","110/08/13","元大-林園",0,51,-51
"5665","2390云辰","110/08/13","元大-土城學府",263,210,53
"5666","2390云辰","110/08/13","富邦-新營",1,48,-47
"5667","2390云辰","110/08/13","元大-文心興安",64,11,53
"5668","2390云辰","110/08/13","元大-新莊",33,80,-47
"5669","2390云辰","110/08/13","國泰-忠孝",50,0,50
"5670","2390云辰","110/08/13","日盛-園區",10,55,-45
"5671","2867三商壽","110/08/12","新光",292,1,291
"5672","2867三商壽","110/08/12","摩根大通",53,266,-213
"5673","2867三商壽","110/08/12","元大-土城永寧",200,0,200
"5674","2867三商壽","110/08/12","元大-崇德",3,201,-198
"5675","2867三商壽","110/08/12","合庫證券",100,0,100
"5676","2867三商壽","110/08/12","美商高盛",31,159,-128
"5677","2867三商壽","110/08/12","土銀",100,0,100
"5678","2867三商壽","110/08/12","富邦證券",0,120,-120
"5679","2867三商壽","110/08/12","臺銀-臺南",100,0,100
"5680","2867三商壽","110/08/12","凱基-信義",0,117,-117
"5681","2867三商壽","110/08/12","元富-古亭",100,0,100
"5682","2867三商壽","110/08/12","凱基-台北",2,113,-111
"5683","2867三商壽","110/08/12","元大-新莊",100,0,100
"5684","2867三商壽","110/08/12","凱基-虎尾",0,100,-100
"5685","2867三商壽","110/08/12","凱基",97,0,97
"5686","2867三商壽","110/08/12","元大-南投",0,92,-92
"5687","2867三商壽","110/08/12","元大-桃園",60,0,60
"5688","2867三商壽","110/08/12","台灣摩根士丹利",0,70,-70
"5689","2867三商壽","110/08/12","合庫-西台中",51,0,51
"5690","2867三商壽","110/08/12","美林",8,72,-64
"5691","2867三商壽","110/08/12","華南永昌-鳳山",51,1,50
"5692","2867三商壽","110/08/12","新加坡商瑞銀",0,61,-61
"5693","2867三商壽","110/08/12","元大-沙鹿",39,0,39
"5694","2867三商壽","110/08/12","群益金鼎-台北",0,60,-60
"5695","2867三商壽","110/08/12","光和",30,0,30
"5696","2867三商壽","110/08/12","富邦-宜蘭",0,50,-50
"5697","2867三商壽","110/08/12","元大-龍潭",30,0,30
"5698","2867三商壽","110/08/12","元大-旗山",0,50,-50
"5699","2867三商壽","110/08/12","永豐金-員林",30,0,30
"5700","2867三商壽","110/08/12","元富-吉利",0,27,-27
"5701","5521工信","110/08/12","日進",900,0,900
"5702","5521工信","110/08/12","永豐金證券",14,200,-186
"5703","5521工信","110/08/12","摩根大通",678,57,621
"5704","5521工信","110/08/12","富邦-中壢",2,112,-110
"5705","5521工信","110/08/12","國票-安和",254,20,234
"5706","5521工信","110/08/12","中國信託-嘉義",0,100,-100
"5707","5521工信","110/08/12","凱基-台北",194,46,148
"5708","5521工信","110/08/12","元大-南屯",0,58,-58
"5709","5521工信","110/08/12","日盛-中和",103,10,93
"5710","5521工信","110/08/12","凱基-中壢",0,55,-55
"5711","5521工信","110/08/12","新光-新竹",80,5,75
"5712","5521工信","110/08/12","(牛牛牛)亞-鑫豐",1,52,-51
"5713","5521工信","110/08/12","美林",69,10,59
"5714","5521工信","110/08/12","台新證券",1,51,-50
"5715","5521工信","110/08/12","富邦-台北",69,20,49
"5716","5521工信","110/08/12","群益金鼎-崇德",0,48,-48
"5717","5521工信","110/08/12","新光-台南",37,0,37
"5718","5521工信","110/08/12","康和-內湖",0,46,-46
"5719","5521工信","110/08/12","永豐金-鳳山",32,0,32
"5720","5521工信","110/08/12","日盛-新莊",0,45,-45
"5721","5521工信","110/08/12","第一金-台南",67,42,25
"5722","5521工信","110/08/12","元大-旗山",1,46,-45
"5723","5521工信","110/08/12","台灣企銀-台中",20,0,20
"5724","5521工信","110/08/12","元大-內湖",0,45,-45
"5725","5521工信","110/08/12","康和-澎湖",20,0,20
"5726","5521工信","110/08/12","日盛-高雄",0,42,-42
"5727","5521工信","110/08/12","凱基-三多",20,0,20
"5728","5521工信","110/08/12","元大-大同",0,42,-42
"5729","5521工信","110/08/12","元大-仁愛",20,0,20
"5730","5521工信","110/08/12","第一金-新竹",0,40,-40
"5731","1471首利","110/08/12","摩根大通",190,21,169
"5732","1471首利","110/08/12","光和-溪湖",0,75,-75
"5733","1471首利","110/08/12","元大-敦化",100,0,100
"5734","1471首利","110/08/12","富邦-基隆",2,41,-39
"5735","1471首利","110/08/12","瑞士信貸",86,0,86
"5736","1471首利","110/08/12","凱基-台南",0,30,-30
"5737","1471首利","110/08/12","美商高盛",51,0,51
"5738","1471首利","110/08/12","元富-民權",0,29,-29
"5739","1471首利","110/08/12","美林",49,0,49
"5740","1471首利","110/08/12","凱基-東門",0,24,-24
"5741","1471首利","110/08/12","國票-北高雄",20,0,20
"5742","1471首利","110/08/12","永興-大墩",0,20,-20
"5743","1471首利","110/08/12","凱基-五股",20,0,20
"5744","1471首利","110/08/12","元大-土城",1,21,-20
"5745","1471首利","110/08/12","永豐金-中壢",20,0,20
"5746","1471首利","110/08/12","凱基-內埔",1,20,-19
"5747","1471首利","110/08/12","凱基-台北",16,0,16
"5748","1471首利","110/08/12","中國信託",0,17,-17
"5749","1471首利","110/08/12","台新證券",16,3,13
"5750","1471首利","110/08/12","華南永昌-中正",2,19,-17
"5751","1471首利","110/08/12","兆豐-員林",15,3,12
"5752","1471首利","110/08/12","中國信託-文心",0,16,-16
"5753","1471首利","110/08/12","中國信託-永康",10,0,10
"5754","1471首利","110/08/12","兆豐-台南",1,17,-16
"5755","1471首利","110/08/12","華南永昌-麻豆",11,1,10
"5756","1471首利","110/08/12","凱基-新豐",0,15,-15
"5757","1471首利","110/08/12","元大-新營",10,0,10
"5758","1471首利","110/08/12","永豐金-新莊",0,15,-15
"5759","1471首利","110/08/12","新加坡商瑞銀",6,0,6
"5760","1471首利","110/08/12","凱基-彰化",6,20,-14
"5761","2883開發金","110/08/12","美林",2636,759,1877
"5762","2883開發金","110/08/12","摩根大通",28,5087,-5059
"5763","2883開發金","110/08/12","華南永昌",889,3,886
"5764","2883開發金","110/08/12","新加坡商瑞銀",111,2619,-2508
"5765","2883開發金","110/08/12","美商高盛",1037,275,762
"5766","2883開發金","110/08/12","富邦-彰化",7,809,-802
"5767","2883開發金","110/08/12","凱基-員林",600,0,600
"5768","2883開發金","110/08/12","瑞士信貸",773,1528,-755
"5769","2883開發金","110/08/12","日盛-中壢",532,9,523
"5770","2883開發金","110/08/12","港商野村",2,600,-598
"5771","2883開發金","110/08/12","元大證券",631,169,462
"5772","2883開發金","110/08/12","宏遠-民生",0,500,-500
"5773","2883開發金","110/08/12","玉山-高雄",457,5,452
"5774","2883開發金","110/08/12","元大-桃園",19,504,-485
"5775","2883開發金","110/08/12","元大-員林",435,0,435
"5776","2883開發金","110/08/12","台灣摩根士丹利",1506,1983,-477
"5777","2883開發金","110/08/12","永豐金-高雄",343,20,323
"5778","2883開發金","110/08/12","永豐金-台南",29,495,-466
"5779","2883開發金","110/08/12","日盛-大墩",321,0,321
"5780","2883開發金","110/08/12","元大-斗六",4,457,-453
"5781","2883開發金","110/08/12","台新-三民",338,19,319
"5782","2883開發金","110/08/12","群益金鼎-桃園",36,314,-278
"5783","2883開發金","110/08/12","國泰-敦南",468,170,298
"5784","2883開發金","110/08/12","群益金鼎-開元",15,221,-206
"5785","2883開發金","110/08/12","兆豐-北高雄",258,6,252
"5786","2883開發金","110/08/12","土銀-台中",1,202,-201
"5787","2883開發金","110/08/12","安泰",272,53,219
"5788","2883開發金","110/08/12","凱基-台中",12,204,-192
"5789","2883開發金","110/08/12","群益金鼎-彰化",218,4,214
"5790","2883開發金","110/08/12","永豐金-中盛",55,246,-191
"5791","6205詮欣","110/08/12","元大-新竹經國",12,0,12
"5792","6205詮欣","110/08/12","元大-善化",0,20,-20
"5793","6205詮欣","110/08/12","臺銀-民權",8,0,8
"5794","6205詮欣","110/08/12","瑞士信貸",0,4,-4
"5795","6205詮欣","110/08/12","聯邦-嘉義",5,0,5
"5796","6205詮欣","110/08/12","群益金鼎-板橋",0,4,-4
"5797","6205詮欣","110/08/12","中國信託-三重",3,0,3
"5798","6205詮欣","110/08/12","元大-屏東民生",0,4,-4
"5799","6205詮欣","110/08/12","德信-新營",3,0,3
"5800","6205詮欣","110/08/12","臺銀-高雄",0,3,-3
"5801","6205詮欣","110/08/12","合庫-彰化",2,0,2
"5802","6205詮欣","110/08/12","凱基-南崁",0,3,-3
"5803","6205詮欣","110/08/12","新光-台南",2,0,2
"5804","6205詮欣","110/08/12","元大-華山",0,3,-3
"5805","6205詮欣","110/08/12","玉山-雙和",2,0,2
"5806","6205詮欣","110/08/12","摩根大通",0,2,-2
"5807","6205詮欣","110/08/12","元大-南投",2,0,2
"5808","6205詮欣","110/08/12","兆豐-新營",0,1,-1
"5809","6205詮欣","110/08/12","統一-三重",1,0,1
"5810","6205詮欣","110/08/12","兆豐-中壢",0,1,-1
"5811","6205詮欣","110/08/12","元富-安南",1,0,1
"5812","6205詮欣","110/08/12","凱基-台北",0,1,-1
"5813","6205詮欣","110/08/12","豐農",1,0,1
"5814","6205詮欣","110/08/12","凱基-竹科",0,1,-1
"5815","6205詮欣","110/08/12","北城證券",1,0,1
"5816","6205詮欣","110/08/12","富邦-高雄",0,1,-1
"5817","6205詮欣","110/08/12","玉山-嘉義",1,0,1
"5818","6205詮欣","110/08/12","元大-路竹",0,1,-1
"5819","6205詮欣","110/08/12","凱基-五股",1,0,1
"5820","6205詮欣","110/08/12","元大-屏南",0,1,-1
"5821","1540喬福","110/08/12","元富-中原",20,0,20
"5822","1540喬福","110/08/12","永豐金-豐原",0,64,-64
"5823","1540喬福","110/08/12","台中銀",17,0,17
"5824","1540喬福","110/08/12","統一-新台中",0,19,-19
"5825","1540喬福","110/08/12","凱基-中壢",11,0,11
"5826","1540喬福","110/08/12","凱基-興隆",0,7,-7
"5827","1540喬福","110/08/12","凱基-台中",8,0,8
"5828","1540喬福","110/08/12","玉山-城中",0,6,-6
"5829","1540喬福","110/08/12","亞東",5,0,5
"5830","1540喬福","110/08/12","富邦-台北",1,5,-4
"5831","1540喬福","110/08/12","群益金鼎-古亭",5,0,5
"5832","1540喬福","110/08/12","元大-左營",0,2,-2
"5833","1540喬福","110/08/12","美林",4,0,4
"5834","1540喬福","110/08/12","國泰-敦南",0,1,-1
"5835","1540喬福","110/08/12","兆豐-鹿港",4,0,4
"5836","1540喬福","110/08/12","凱基-基隆",0,1,-1
"5837","1540喬福","110/08/12","港商法國興業",3,0,3
"5838","1540喬福","110/08/12","凱基-大里",0,1,-1
"5839","1540喬福","110/08/12","凱基-苗栗",3,0,3
"5840","1540喬福","110/08/12","元富-中壢",0,0,0
"5841","1540喬福","110/08/12","國票-台中",2,0,2
"5842","1540喬福","110/08/12","凱基-竹北",0,0,0
"5843","1540喬福","110/08/12","兆豐-高雄",2,0,2
"5844","1540喬福","110/08/12","凱基-台北",1,1,0
"5845","1540喬福","110/08/12","元富-緯城",2,0,2
"5846","1540喬福","110/08/12","華南永昌-南京",0,0,0
"5847","1540喬福","110/08/12","華南永昌-台中",2,0,2
"5848","1540喬福","110/08/12","富邦-高雄",0,0,0
"5849","1540喬福","110/08/12","富邦-中壢",2,0,2
"5850","1540喬福","110/08/12","富邦-三重",0,0,0
"5851","2888新光金","110/08/12","群益金鼎-崇德",2118,3,2115
"5852","2888新光金","110/08/12","國票-台東",12,1903,-1891
"5853","2888新光金","110/08/12","國票-九鼎",2175,141,2034
"5854","2888新光金","110/08/12","永豐金-竹科",0,1186,-1186
"5855","2888新光金","110/08/12","元大-忠孝鼎富",986,4,982
"5856","2888新光金","110/08/12","群益金鼎-民權",1,1049,-1048
"5857","2888新光金","110/08/12","台灣摩根士丹利",992,319,673
"5858","2888新光金","110/08/12","凱基-台北",1172,2195,-1023
"5859","2888新光金","110/08/12","港商法國興業",670,0,670
"5860","2888新光金","110/08/12","摩根大通",829,1704,-875
"5861","2888新光金","110/08/12","富邦-內湖",605,0,605
"5862","2888新光金","110/08/12","美林",248,668,-420
"5863","2888新光金","110/08/12","華南永昌-台中",600,3,597
"5864","2888新光金","110/08/12","群益金鼎-鳳山",2,404,-402
"5865","2888新光金","110/08/12","元大-豐原站前",556,38,518
"5866","2888新光金","110/08/12","新加坡商瑞銀",470,857,-387
"5867","2888新光金","110/08/12","瑞士信貸",643,139,504
"5868","2888新光金","110/08/12","香港上海匯豐",22,270,-248
"5869","2888新光金","110/08/12","元大-永和",505,8,497
"5870","2888新光金","110/08/12","合庫證券",2,232,-230
"5871","2888新光金","110/08/12","法銀巴黎",498,9,489
"5872","2888新光金","110/08/12","元大-大同",0,214,-214
"5873","2888新光金","110/08/12","福邦-新竹",430,0,430
"5874","2888新光金","110/08/12","元富-文心",2,210,-208
"5875","2888新光金","110/08/12","凱基-鳳山",379,3,376
"5876","2888新光金","110/08/12","新光",154,346,-192
"5877","2888新光金","110/08/12","康和-內湖",306,7,299
"5878","2888新光金","110/08/12","元富-城東",28,215,-187
"5879","2888新光金","110/08/12","元大-樹林",300,10,290
"5880","2888新光金","110/08/12","富邦-彰化",23,201,-178
"5881","1340勝悅","110/08/12","國泰-台中",11,0,11
"5882","1340勝悅","110/08/12","中國信託",0,76,-76
"5883","1340勝悅","110/08/12","元大-博愛",10,0,10
"5884","1340勝悅","110/08/12","日盛-八德",0,14,-14
"5885","1340勝悅","110/08/12","凱基-台北",8,1,7
"5886","1340勝悅","110/08/12","摩根大通",3,13,-10
"5887","1340勝悅","110/08/12","臺灣企銀-埔墘",5,0,5
"5888","1340勝悅","110/08/12","日盛-木柵",0,7,-7
"5889","1340勝悅","110/08/12","第一金-新竹",5,0,5
"5890","1340勝悅","110/08/12","元大-路竹",0,7,-7
"5891","1340勝悅","110/08/12","元富-新興",5,0,5
"5892","1340勝悅","110/08/12","群益金鼎-內湖",0,4,-4
"5893","1340勝悅","110/08/12","兆豐-台南",5,0,5
"5894","1340勝悅","110/08/12","凱基-彰化",0,4,-4
"5895","1340勝悅","110/08/12","玉山-士林",5,0,5
"5896","1340勝悅","110/08/12","元大-大天母",0,3,-3
"5897","1340勝悅","110/08/12","華南永昌-新莊",5,0,5
"5898","1340勝悅","110/08/12","統一-城中",4,6,-2
"5899","1340勝悅","110/08/12","美商高盛",4,0,4
"5900","1340勝悅","110/08/12","兆豐-新竹",0,2,-2
"5901","1340勝悅","110/08/12","港商法國興業",3,0,3
"5902","1340勝悅","110/08/12","台新證券",0,2,-2
"5903","1340勝悅","110/08/12","台新-台中",3,0,3
"5904","1340勝悅","110/08/12","富邦-台南",0,2,-2
"5905","1340勝悅","110/08/12","玉山-台大",3,0,3
"5906","1340勝悅","110/08/12","元大-新營",0,2,-2
"5907","1340勝悅","110/08/12","國泰-高雄",3,0,3
"5908","1340勝悅","110/08/12","瑞士信貸",2,3,-1
"5909","1340勝悅","110/08/12","元大-竹南",3,0,3
"5910","1340勝悅","110/08/12","永豐金-中正",0,1,-1
"5911","6246臺龍","110/08/12","元大-南投",75,0,75
"5912","6246臺龍","110/08/12","統一-台中",0,58,-58
"5913","6246臺龍","110/08/12","元大-台北",32,0,32
"5914","6246臺龍","110/08/12","合庫-台中",1,41,-40
"5915","6246臺龍","110/08/12","元富-世貿",30,2,28
"5916","6246臺龍","110/08/12","凱基-市府",0,40,-40
"5917","6246臺龍","110/08/12","凱基-永和",25,0,25
"5918","6246臺龍","110/08/12","日盛-木柵",4,33,-29
"5919","6246臺龍","110/08/12","元富-新店",18,3,15
"5920","6246臺龍","110/08/12","凱基-台北",1,29,-28
"5921","6246臺龍","110/08/12","華南永昌-忠孝",12,0,12
"5922","6246臺龍","110/08/12","永豐金-內湖",2,30,-28
"5923","6246臺龍","110/08/12","永豐金-復興",12,0,12
"5924","6246臺龍","110/08/12","元大-中壢",23,44,-21
"5925","6246臺龍","110/08/12","富邦-敦南",11,0,11
"5926","6246臺龍","110/08/12","永全-南崁",0,20,-20
"5927","6246臺龍","110/08/12","元大證券",13,2,11
"5928","6246臺龍","110/08/12","國泰-敦南",7,27,-20
"5929","6246臺龍","110/08/12","大慶-蘆洲",10,0,10
"5930","6246臺龍","110/08/12","大昌",0,18,-18
"5931","6246臺龍","110/08/12","元大-新莊",10,0,10
"5932","6246臺龍","110/08/12","新光-台中",3,17,-14
"5933","6246臺龍","110/08/12","元大-林園",10,1,9
"5934","6246臺龍","110/08/12","元大-金門",3,16,-13
"5935","6246臺龍","110/08/12","元大-西屯",10,2,8
"5936","6246臺龍","110/08/12","永全",0,10,-10
"5937","6246臺龍","110/08/12","兆豐-公益",7,0,7
"5938","6246臺龍","110/08/12","元大-新店中正",0,10,-10
"5939","6246臺龍","110/08/12","群益金鼎-開元",7,0,7
"5940","6246臺龍","110/08/12","日盛-八德",0,8,-8
"5941","00715L期街口布蘭特正2","110/08/12","元大證券",13644,167,13477
"5942","00715L期街口布蘭特正2","110/08/12","元大-林森",0,780,-780
"5943","00715L期街口布蘭特正2","110/08/12","永豐金證券",2789,2,2787
"5944","00715L期街口布蘭特正2","110/08/12","台新-新營",12,600,-588
"5945","00715L期街口布蘭特正2","110/08/12","統一",2972,199,2773
"5946","00715L期街口布蘭特正2","110/08/12","台中銀",10,592,-582
"5947","00715L期街口布蘭特正2","110/08/12","元富",1524,5,1519
"5948","00715L期街口布蘭特正2","110/08/12","群益金鼎-屏東",0,575,-575
"5949","00715L期街口布蘭特正2","110/08/12","統一-嘉義",466,26,440
"5950","00715L期街口布蘭特正2","110/08/12","元大-北港",10,505,-495
"5951","00715L期街口布蘭特正2","110/08/12","群益金鼎-延平",300,4,296
"5952","00715L期街口布蘭特正2","110/08/12","兆豐-台中",0,476,-476
"5953","00715L期街口布蘭特正2","110/08/12","台新-三民",300,24,276
"5954","00715L期街口布蘭特正2","110/08/12","宏遠-桃園",0,438,-438
"5955","00715L期街口布蘭特正2","110/08/12","群益金鼎-瑞豐",210,14,196
"5956","00715L期街口布蘭特正2","110/08/12","台新-台中",65,474,-409
"5957","00715L期街口布蘭特正2","110/08/12","港商野村",320,140,180
"5958","00715L期街口布蘭特正2","110/08/12","元大-西螺",3,382,-379
"5959","00715L期街口布蘭特正2","110/08/12","台新-松江",200,35,165
"5960","00715L期街口布蘭特正2","110/08/12","凱基-城中",0,370,-370
"5961","00715L期街口布蘭特正2","110/08/12","合庫證券",121,0,121
"5962","00715L期街口布蘭特正2","110/08/12","元大-歸仁",20,384,-364
"5963","00715L期街口布蘭特正2","110/08/12","元大-旗山",120,1,119
"5964","00715L期街口布蘭特正2","110/08/12","群益金鼎-古亭",13,367,-354
"5965","00715L期街口布蘭特正2","110/08/12","富邦-員林",362,251,111
"5966","00715L期街口布蘭特正2","110/08/12","元大-竹科",6,327,-321
"5967","00715L期街口布蘭特正2","110/08/12","日盛-木柵",130,22,108
"5968","00715L期街口布蘭特正2","110/08/12","臺銀-新竹",0,320,-320
"5969","00715L期街口布蘭特正2","110/08/12","大慶-苗栗",107,2,105
"5970","00715L期街口布蘭特正2","110/08/12","統一-台中",7,325,-318
"5971","8941關中","110/08/12","元大-金華",1,0,1
"5972","8941關中","110/08/12","凱基-士林",0,2,-2
"5973","8941關中","110/08/12","元大-桃興",1,0,1
"5974","8941關中","110/08/12","(牛牛牛)亞-鑫豐",0,0,0
"5975","8941關中","110/08/12","(牛牛牛)亞-鑫豐",0,0,0
"5976","8941關中","110/08/12","台新-三民",0,0,0
"5977","8941關中","110/08/12","台新-三民",0,0,0
"5978","8941關中","110/08/12","國泰-忠孝",1,1,0
"5979","8941關中","110/08/12","國泰-忠孝",1,1,0
"5980","8941關中","110/08/12","凱基-市府",1,1,0
"5981","8941關中","110/08/12","凱基-市府",1,1,0
"5982","8941關中","110/08/12","",NA,NA,NA
"5983","8941關中","110/08/12","",NA,NA,NA
"5984","8941關中","110/08/12","",NA,NA,NA
"5985","8941關中","110/08/12","",NA,NA,NA
"5986","8941關中","110/08/12","",NA,NA,NA
"5987","8941關中","110/08/12","",NA,NA,NA
"5988","8941關中","110/08/12","",NA,NA,NA
"5989","8941關中","110/08/12","",NA,NA,NA
"5990","8941關中","110/08/12","",NA,NA,NA
"5991","8941關中","110/08/12","",NA,NA,NA
"5992","8941關中","110/08/12","",NA,NA,NA
"5993","8941關中","110/08/12","",NA,NA,NA
"5994","8941關中","110/08/12","",NA,NA,NA
"5995","8941關中","110/08/12","",NA,NA,NA
"5996","8941關中","110/08/12","",NA,NA,NA
"5997","8941關中","110/08/12","",NA,NA,NA
"5998","8941關中","110/08/12","",NA,NA,NA
"5999","8941關中","110/08/12","",NA,NA,NA
"6000","8941關中","110/08/12","",NA,NA,NA
"6001","8936國統","110/08/12","台新-高雄",410,32,378
"6002","8936國統","110/08/12","日盛-景美",0,70,-70
"6003","8936國統","110/08/12","元富-林園",65,0,65
"6004","8936國統","110/08/12","臺銀-金山",0,55,-55
"6005","8936國統","110/08/12","摩根大通",64,12,52
"6006","8936國統","110/08/12","元大-敦南",0,32,-32
"6007","8936國統","110/08/12","新加坡商瑞銀",53,31,22
"6008","8936國統","110/08/12","華南永昌-南京",0,30,-30
"6009","8936國統","110/08/12","元大-莒光",19,0,19
"6010","8936國統","110/08/12","玉山-台南",0,23,-23
"6011","8936國統","110/08/12","第一金-高雄",10,0,10
"6012","8936國統","110/08/12","兆豐-岡山",1,21,-20
"6013","8936國統","110/08/12","統一-高雄",10,0,10
"6014","8936國統","110/08/12","統一-新竹",0,14,-14
"6015","8936國統","110/08/12","元富-桃園",10,0,10
"6016","8936國統","110/08/12","國泰-敦南",1,14,-13
"6017","8936國統","110/08/12","台新-台南",10,0,10
"6018","8936國統","110/08/12","台灣摩根士丹利",2,14,-12
"6019","8936國統","110/08/12","元大-竹山",9,0,9
"6020","8936國統","110/08/12","凱基-台南",3,14,-11
"6021","8936國統","110/08/12","港商野村",15,8,7
"6022","8936國統","110/08/12","凱基-高美館",0,11,-11
"6023","8936國統","110/08/12","華南永昌-高雄",6,0,6
"6024","8936國統","110/08/12","元大-博愛",0,10,-10
"6025","8936國統","110/08/12","土銀-高雄",5,0,5
"6026","8936國統","110/08/12","第一金-新興",0,9,-9
"6027","8936國統","110/08/12","大昌-安康",5,0,5
"6028","8936國統","110/08/12","元大-沙鹿",0,9,-9
"6029","8936國統","110/08/12","兆豐-斗南",5,0,5
"6030","8936國統","110/08/12","元大-左營",3,12,-9
"6031","6226光鼎","110/08/12","摩根大通",1930,830,1100
"6032","6226光鼎","110/08/12","凱基-台北",224,675,-451
"6033","6226光鼎","110/08/12","第一金-大稻埕",418,0,418
"6034","6226光鼎","110/08/12","統一-高雄",1,353,-352
"6035","6226光鼎","110/08/12","台新-中壢",239,3,236
"6036","6226光鼎","110/08/12","美林",153,291,-138
"6037","6226光鼎","110/08/12","元大-文心興安",223,27,196
"6038","6226光鼎","110/08/12","大昌",88,225,-137
"6039","6226光鼎","110/08/12","富邦-陽明",112,9,103
"6040","6226光鼎","110/08/12","元大-土城永寧",3,126,-123
"6041","6226光鼎","110/08/12","華南永昌-高雄",96,13,83
"6042","6226光鼎","110/08/12","元大-北屯",16,107,-91
"6043","6226光鼎","110/08/12","永豐金-南投",95,13,82
"6044","6226光鼎","110/08/12","統一-板橋",0,88,-88
"6045","6226光鼎","110/08/12","永豐金-中盛",102,26,76
"6046","6226光鼎","110/08/12","群益金鼎-東大",5,91,-86
"6047","6226光鼎","110/08/12","元大證券",90,15,75
"6048","6226光鼎","110/08/12","富邦-南屯",40,111,-71
"6049","6226光鼎","110/08/12","元大-屏東民生",85,15,70
"6050","6226光鼎","110/08/12","新光",240,309,-69
"6051","6226光鼎","110/08/12","台灣摩根士丹利",93,32,61
"6052","6226光鼎","110/08/12","台新-高雄",75,143,-68
"6053","6226光鼎","110/08/12","富邦-高雄",121,66,55
"6054","6226光鼎","110/08/12","日盛證券",10,76,-66
"6055","6226光鼎","110/08/12","臺銀",106,54,52
"6056","6226光鼎","110/08/12","國泰-敦南",391,457,-66
"6057","6226光鼎","110/08/12","台灣企銀-三民",58,8,50
"6058","6226光鼎","110/08/12","富邦-台北",31,97,-66
"6059","6226光鼎","110/08/12","元大-新竹",250,200,50
"6060","6226光鼎","110/08/12","凱基-永和",30,91,-61
"6061","2363矽統","110/08/12","元大-佳里",810,33,777
"6062","2363矽統","110/08/12","凱基-台北",1783,3582,-1799
"6063","2363矽統","110/08/12","元大-大同",455,30,425
"6064","2363矽統","110/08/12","台灣摩根士丹利",0,959,-959
"6065","2363矽統","110/08/12","富邦-建國",503,100,403
"6066","2363矽統","110/08/12","華南永昌-斗六",90,1037,-947
"6067","2363矽統","110/08/12","北城證券",434,34,400
"6068","2363矽統","110/08/12","群益金鼎-敦南",27,331,-304
"6069","2363矽統","110/08/12","元大-開元",321,33,288
"6070","2363矽統","110/08/12","美商高盛",57,327,-270
"6071","2363矽統","110/08/12","台新-三民",287,84,203
"6072","2363矽統","110/08/12","大慶-蘆洲",26,233,-207
"6073","2363矽統","110/08/12","台中銀",157,23,134
"6074","2363矽統","110/08/12","新光-台南",130,324,-194
"6075","2363矽統","110/08/12","元大-新竹經國",152,21,131
"6076","2363矽統","110/08/12","美林",927,1076,-149
"6077","2363矽統","110/08/12","台新-高雄",449,322,127
"6078","2363矽統","110/08/12","華南永昌-頭份",187,328,-141
"6079","2363矽統","110/08/12","華南永昌",254,163,91
"6080","2363矽統","110/08/12","陽信-石牌",157,276,-119
"6081","2363矽統","110/08/12","凱基-城中",98,13,85
"6082","2363矽統","110/08/12","兆豐證券",0,104,-104
"6083","2363矽統","110/08/12","台中銀-台北",85,4,81
"6084","2363矽統","110/08/12","元大-忠孝鼎富",32,132,-100
"6085","2363矽統","110/08/12","元大-新莊",140,60,80
"6086","2363矽統","110/08/12","元大-鳳中",85,185,-100
"6087","2363矽統","110/08/12","玉山-台中",116,41,75
"6088","2363矽統","110/08/12","永豐金-桃盛",24,119,-95
"6089","2363矽統","110/08/12","元富-彰化",88,23,65
"6090","2363矽統","110/08/12","元大證券",51,145,-94
"6091","8112至上","110/08/12","摩根大通",1492,130,1362
"6092","8112至上","110/08/12","永豐金-台中",0,274,-274
"6093","8112至上","110/08/12","美林",712,13,699
"6094","8112至上","110/08/12","永豐金證券",8,272,-264
"6095","8112至上","110/08/12","台灣摩根士丹利",696,41,655
"6096","8112至上","110/08/12","群益金鼎-基隆",0,249,-249
"6097","8112至上","110/08/12","凱基-台北",582,82,500
"6098","8112至上","110/08/12","國票-長城",2,228,-226
"6099","8112至上","110/08/12","新加坡商瑞銀",359,18,341
"6100","8112至上","110/08/12","新光-新竹",19,208,-189
"6101","8112至上","110/08/12","花旗環球",266,0,266
"6102","8112至上","110/08/12","玉山-嘉義",20,168,-148
"6103","8112至上","110/08/12","富邦-仁愛",231,25,206
"6104","8112至上","110/08/12","元大-高雄",0,131,-131
"6105","8112至上","110/08/12","美商高盛",190,3,187
"6106","8112至上","110/08/12","臺灣企銀-桃園",128,251,-123
"6107","8112至上","110/08/12","凱基-三重",121,6,115
"6108","8112至上","110/08/12","元大-府城",0,115,-115
"6109","8112至上","110/08/12","港商野村",198,88,110
"6110","8112至上","110/08/12","台新證券",100,203,-103
"6111","8112至上","110/08/12","國票-中港",101,0,101
"6112","8112至上","110/08/12","康和-板橋",5,106,-101
"6113","8112至上","110/08/12","日盛-新竹",80,3,77
"6114","8112至上","110/08/12","元大-北成功",0,101,-101
"6115","8112至上","110/08/12","兆豐-斗南",71,8,63
"6116","8112至上","110/08/12","元大-永和",5,88,-83
"6117","8112至上","110/08/12","大慶",63,1,62
"6118","8112至上","110/08/12","群益金鼎-內湖",0,80,-80
"6119","8112至上","110/08/12","群益金鼎-竹南",57,1,56
"6120","8112至上","110/08/12","元大-南勢角",0,80,-80
"6121","1570力肯","110/08/12","台新證券",91,15,76
"6122","1570力肯","110/08/12","國票-北高雄",2,361,-359
"6123","1570力肯","110/08/12","元大-南投",81,5,76
"6124","1570力肯","110/08/12","新光",95,222,-127
"6125","1570力肯","110/08/12","永全-南崁",94,20,74
"6126","1570力肯","110/08/12","(牛牛牛)亞-鑫豐",28,120,-92
"6127","1570力肯","110/08/12","日盛-忠孝",57,0,57
"6128","1570力肯","110/08/12","華南永昌-高雄",0,52,-52
"6129","1570力肯","110/08/12","永豐金-北高雄",55,0,55
"6130","1570力肯","110/08/12","群益金鼎-三重",0,42,-42
"6131","1570力肯","110/08/12","中國信託-高雄",72,22,50
"6132","1570力肯","110/08/12","日盛-八德",2,39,-37
"6133","1570力肯","110/08/12","凱基-天母",49,0,49
"6134","1570力肯","110/08/12","新光-台中",130,167,-37
"6135","1570力肯","110/08/12","新光-台南",56,18,38
"6136","1570力肯","110/08/12","日盛-樹林",1,31,-30
"6137","1570力肯","110/08/12","兆豐-嘉義",35,0,35
"6138","1570力肯","110/08/12","元大-竹北",0,30,-30
"6139","1570力肯","110/08/12","國票-天祥",32,1,31
"6140","1570力肯","110/08/12","元大-楊梅",6,35,-29
"6141","1570力肯","110/08/12","國泰-松江",81,51,30
"6142","1570力肯","110/08/12","元大-桃興",4,32,-28
"6143","1570力肯","110/08/12","元大-新店中正",33,3,30
"6144","1570力肯","110/08/12","亞東-台中",0,26,-26
"6145","1570力肯","110/08/12","統一",48,21,27
"6146","1570力肯","110/08/12","永豐金-屏東",5,30,-25
"6147","1570力肯","110/08/12","國票-內壢",26,0,26
"6148","1570力肯","110/08/12","國泰-館前",0,24,-24
"6149","1570力肯","110/08/12","元大-大益",27,1,26
"6150","1570力肯","110/08/12","摩根大通",173,193,-20
"6151","2929淘帝","110/08/12","摩根大通",47,0,47
"6152","2929淘帝","110/08/12","華南永昌-彰化",0,30,-30
"6153","2929淘帝","110/08/12","宏遠-館前",40,0,40
"6154","2929淘帝","110/08/12","第一金-大稻埕",0,10,-10
"6155","2929淘帝","110/08/12","富邦-高雄",16,0,16
"6156","2929淘帝","110/08/12","統一-敦南",0,10,-10
"6157","2929淘帝","110/08/12","兆豐-內湖",15,0,15
"6158","2929淘帝","110/08/12","玉山-台南",0,10,-10
"6159","2929淘帝","110/08/12","港商野村",29,15,14
"6160","2929淘帝","110/08/12","元大-花蓮",0,10,-10
"6161","2929淘帝","110/08/12","元富-台南",10,0,10
"6162","2929淘帝","110/08/12","凱基-台中",0,9,-9
"6163","2929淘帝","110/08/12","豐農",10,0,10
"6164","2929淘帝","110/08/12","群益金鼎-潭子",0,8,-8
"6165","2929淘帝","110/08/12","群益金鼎-三重",10,0,10
"6166","2929淘帝","110/08/12","新加坡商瑞銀",10,17,-7
"6167","2929淘帝","110/08/12","永豐金證券",10,0,10
"6168","2929淘帝","110/08/12","新光-高雄",0,7,-7
"6169","2929淘帝","110/08/12","永豐金-敦南",10,0,10
"6170","2929淘帝","110/08/12","亞東-板橋",0,6,-6
"6171","2929淘帝","110/08/12","凱基-八德",6,0,6
"6172","2929淘帝","110/08/12","元富-中港",0,6,-6
"6173","2929淘帝","110/08/12","台新-新莊",5,0,5
"6174","2929淘帝","110/08/12","國泰-敦南",1,7,-6
"6175","2929淘帝","110/08/12","群益金鼎-中山",5,0,5
"6176","2929淘帝","110/08/12","永豐金-市政",0,6,-6
"6177","2929淘帝","110/08/12","凱基-幸福",5,0,5
"6178","2929淘帝","110/08/12","永豐金-中盛",10,16,-6
"6179","2929淘帝","110/08/12","元富-新竹",4,0,4
"6180","2929淘帝","110/08/12","台新-三民",0,5,-5
"6181","5410國眾","110/08/12","凱基-八德",23,0,23
"6182","5410國眾","110/08/12","國泰-敦南",1,101,-100
"6183","5410國眾","110/08/12","元大-大灣",11,0,11
"6184","5410國眾","110/08/12","第一金-華江",0,27,-27
"6185","5410國眾","110/08/12","合庫-新竹",10,0,10
"6186","5410國眾","110/08/12","元大-竹科",0,17,-17
"6187","5410國眾","110/08/12","凱基-虎尾",10,0,10
"6188","5410國眾","110/08/12","元大-歸仁",1,15,-14
"6189","5410國眾","110/08/12","富邦-竹北",10,0,10
"6190","5410國眾","110/08/12","日盛-八德",0,10,-10
"6191","5410國眾","110/08/12","玉山-新莊",9,0,9
"6192","5410國眾","110/08/12","華南永昌-潮州",0,10,-10
"6193","5410國眾","110/08/12","玉山-台大",8,0,8
"6194","5410國眾","110/08/12","富邦-板橋",0,7,-7
"6195","5410國眾","110/08/12","凱基-桃園",8,0,8
"6196","5410國眾","110/08/12","凱基-高雄",0,6,-6
"6197","5410國眾","110/08/12","日盛-永康",7,0,7
"6198","5410國眾","110/08/12","元大-忠孝",0,6,-6
"6199","5410國眾","110/08/12","玉山-雙和",7,0,7
"6200","5410國眾","110/08/12","凱基-汐止",0,5,-5
"6201","5410國眾","110/08/12","元大-彰化",7,0,7
"6202","5410國眾","110/08/12","凱基-台北",0,5,-5
"6203","5410國眾","110/08/12","元大-崇德",7,0,7
"6204","5410國眾","110/08/12","元富-花蓮",0,4,-4
"6205","5410國眾","110/08/12","國泰-館前",6,0,6
"6206","5410國眾","110/08/12","凱基-岡山",0,4,-4
"6207","5410國眾","110/08/12","國泰-板橋",8,2,6
"6208","5410國眾","110/08/12","瑞士信貸",0,3,-3
"6209","5410國眾","110/08/12","元富-桃園",5,0,5
"6210","5410國眾","110/08/12","富邦-台中",0,3,-3
"6211","2841台開","110/08/12","宏遠-館前",370,0,370
"6212","2841台開","110/08/12","永豐金-敦南",4,134,-130
"6213","2841台開","110/08/12","永豐金-豐原",94,0,94
"6214","2841台開","110/08/12","港商野村",0,85,-85
"6215","2841台開","110/08/12","富邦-北港",53,0,53
"6216","2841台開","110/08/12","國泰-忠孝",1,40,-39
"6217","2841台開","110/08/12","新光-台中",20,0,20
"6218","2841台開","110/08/12","富邦-仁愛",0,38,-38
"6219","2841台開","110/08/12","凱基-高美館",20,0,20
"6220","2841台開","110/08/12","新加坡商瑞銀",0,27,-27
"6221","2841台開","110/08/12","元大-左營",20,0,20
"6222","2841台開","110/08/12","統一-嘉義",0,21,-21
"6223","2841台開","110/08/12","元大-基隆孝二",11,0,11
"6224","2841台開","110/08/12","日盛-忠孝",0,20,-20
"6225","2841台開","110/08/12","元大-路竹",10,0,10
"6226","2841台開","110/08/12","日盛-中壢",0,20,-20
"6227","2841台開","110/08/12","華南永昌-虎尾",9,0,9
"6228","2841台開","110/08/12","宏遠-桃園",0,20,-20
"6229","2841台開","110/08/12","康和-台北",6,0,6
"6230","2841台開","110/08/12","群益金鼎-南京",0,20,-20
"6231","2841台開","110/08/12","致和-東門",5,0,5
"6232","2841台開","110/08/12","合庫-基隆",0,18,-18
"6233","2841台開","110/08/12","元大-虎尾",5,0,5
"6234","2841台開","110/08/12","日盛證券",0,17,-17
"6235","2841台開","110/08/12","元大-莒光",5,0,5
"6236","2841台開","110/08/12","元大-歸仁",0,15,-15
"6237","2841台開","110/08/12","永豐金-桃園",5,0,5
"6238","2841台開","110/08/12","新光",10,21,-11
"6239","2841台開","110/08/12","新光-台南",4,0,4
"6240","2841台開","110/08/12","群益金鼎-天母",0,11,-11
"6241","6207雷科","110/08/12","摩根大通",125,11,114
"6242","6207雷科","110/08/12","凱基-復興",0,120,-120
"6243","6207雷科","110/08/12","凱基-台北",96,1,95
"6244","6207雷科","110/08/12","元大-鳳山",0,62,-62
"6245","6207雷科","110/08/12","美林",38,3,35
"6246","6207雷科","110/08/12","日盛證券",0,56,-56
"6247","6207雷科","110/08/12","兆豐-南京",30,0,30
"6248","6207雷科","110/08/12","日盛-忠孝",0,48,-48
"6249","6207雷科","110/08/12","港商野村",27,1,26
"6250","6207雷科","110/08/12","日盛-桃園",0,11,-11
"6251","6207雷科","110/08/12","元大-南京",20,0,20
"6252","6207雷科","110/08/12","中國信託-高雄",0,10,-10
"6253","6207雷科","110/08/12","臺銀-臺南",12,0,12
"6254","6207雷科","110/08/12","元大-土城永寧",0,10,-10
"6255","6207雷科","110/08/12","瑞士信貸",11,0,11
"6256","6207雷科","110/08/12","凱基-湖口",0,8,-8
"6257","6207雷科","110/08/12","新加坡商瑞銀",20,11,9
"6258","6207雷科","110/08/12","富邦-敦南",0,7,-7
"6259","6207雷科","110/08/12","第一金-新興",6,0,6
"6260","6207雷科","110/08/12","凱基-三峽",0,6,-6
"6261","6207雷科","110/08/12","群益金鼎-士林",6,0,6
"6262","6207雷科","110/08/12","永豐金-高雄",0,6,-6
"6263","6207雷科","110/08/12","群益金鼎-瑞豐",6,0,6
"6264","6207雷科","110/08/12","宏遠證券",0,5,-5
"6265","6207雷科","110/08/12","兆豐-來福",5,0,5
"6266","6207雷科","110/08/12","元富-彰化",0,5,-5
"6267","6207雷科","110/08/12","華南永昌-彰化",5,0,5
"6268","6207雷科","110/08/12","凱基-岡山",0,5,-5
"6269","6207雷科","110/08/12","富邦-中壢",5,0,5
"6270","6207雷科","110/08/12","富邦-建國",0,5,-5
"6271","3679新至陞","110/08/12","台灣摩根士丹利",10,0,10
"6272","3679新至陞","110/08/12","元大-成功",0,10,-10
"6273","3679新至陞","110/08/12","國泰-松江",8,0,8
"6274","3679新至陞","110/08/12","新加坡商瑞銀",0,7,-7
"6275","3679新至陞","110/08/12","元大-大同",3,0,3
"6276","3679新至陞","110/08/12","摩根大通",2,6,-4
"6277","3679新至陞","110/08/12","聯邦-三重",2,0,2
"6278","3679新至陞","110/08/12","瑞士信貸",0,3,-3
"6279","3679新至陞","110/08/12","凱基-站前",2,0,2
"6280","3679新至陞","110/08/12","港商野村",0,3,-3
"6281","3679新至陞","110/08/12","日盛-板橋",1,0,1
"6282","3679新至陞","110/08/12","凱基-新豐",0,3,-3
"6283","3679新至陞","110/08/12","日盛-龍潭",1,0,1
"6284","3679新至陞","110/08/12","元大證券",0,3,-3
"6285","3679新至陞","110/08/12","美商高盛",1,0,1
"6286","3679新至陞","110/08/12","康和-板橋",0,2,-2
"6287","3679新至陞","110/08/12","大慶-蘆洲",1,0,1
"6288","3679新至陞","110/08/12","富邦-台北",0,2,-2
"6289","3679新至陞","110/08/12","元富-民權",1,0,1
"6290","3679新至陞","110/08/12","元大-土城永寧",0,2,-2
"6291","3679新至陞","110/08/12","元富-花蓮",1,0,1
"6292","3679新至陞","110/08/12","彰銀",0,1,-1
"6293","3679新至陞","110/08/12","(牛牛牛)亞-網路",1,0,1
"6294","3679新至陞","110/08/12","大慶-富順",0,1,-1
"6295","3679新至陞","110/08/12","光和-溪湖",1,0,1
"6296","3679新至陞","110/08/12","台中銀-豐原",0,1,-1
"6297","3679新至陞","110/08/12","兆豐-城中",1,0,1
"6298","3679新至陞","110/08/12","兆豐-東門",0,1,-1
"6299","3679新至陞","110/08/12","兆豐-岡山",1,0,1
"6300","3679新至陞","110/08/12","凱基-新店",0,1,-1
"6301","2727王品","110/08/12","新光",25,8,17
"6302","2727王品","110/08/12","美林",0,76,-76
"6303","2727王品","110/08/12","彰銀-台中",14,2,12
"6304","2727王品","110/08/12","新加坡商瑞銀",0,52,-52
"6305","2727王品","110/08/12","康和-澎湖",10,0,10
"6306","2727王品","110/08/12","凱基-台北",2,38,-36
"6307","2727王品","110/08/12","富邦-建國",10,1,9
"6308","2727王品","110/08/12","國泰證券",0,22,-22
"6309","2727王品","110/08/12","永豐金-中正",9,0,9
"6310","2727王品","110/08/12","統一",1,19,-18
"6311","2727王品","110/08/12","中國信託",12,4,8
"6312","2727王品","110/08/12","元大證券",5,21,-16
"6313","2727王品","110/08/12","國泰-敦南",9,1,8
"6314","2727王品","110/08/12","永豐金證券",0,16,-16
"6315","2727王品","110/08/12","日盛-景美",8,1,7
"6316","2727王品","110/08/12","港商野村",4,15,-11
"6317","2727王品","110/08/12","元富-永和",7,0,7
"6318","2727王品","110/08/12","元富-大昌",0,8,-8
"6319","2727王品","110/08/12","富邦-新店",7,0,7
"6320","2727王品","110/08/12","元大-沙鹿",0,8,-8
"6321","2727王品","110/08/12","日盛-木柵",6,0,6
"6322","2727王品","110/08/12","元大-板橋",5,10,-5
"6323","2727王品","110/08/12","日盛-屏東",7,1,6
"6324","2727王品","110/08/12","永豐金-彰化",0,5,-5
"6325","2727王品","110/08/12","台新-三民",7,1,6
"6326","2727王品","110/08/12","大慶-泰山",0,4,-4
"6327","2727王品","110/08/12","凱基-三重",6,0,6
"6328","2727王品","110/08/12","台中銀",0,4,-4
"6329","2727王品","110/08/12","第一金-台南",5,0,5
"6330","2727王品","110/08/12","康和",0,4,-4
"6331","1570力肯","110/08/12","台新證券",91,15,76
"6332","1570力肯","110/08/12","國票-北高雄",2,361,-359
"6333","1570力肯","110/08/12","元大-南投",81,5,76
"6334","1570力肯","110/08/12","新光",95,222,-127
"6335","1570力肯","110/08/12","永全-南崁",94,20,74
"6336","1570力肯","110/08/12","(牛牛牛)亞-鑫豐",28,120,-92
"6337","1570力肯","110/08/12","日盛-忠孝",57,0,57
"6338","1570力肯","110/08/12","華南永昌-高雄",0,52,-52
"6339","1570力肯","110/08/12","永豐金-北高雄",55,0,55
"6340","1570力肯","110/08/12","群益金鼎-三重",0,42,-42
"6341","1570力肯","110/08/12","中國信託-高雄",72,22,50
"6342","1570力肯","110/08/12","日盛-八德",2,39,-37
"6343","1570力肯","110/08/12","凱基-天母",49,0,49
"6344","1570力肯","110/08/12","新光-台中",130,167,-37
"6345","1570力肯","110/08/12","新光-台南",56,18,38
"6346","1570力肯","110/08/12","日盛-樹林",1,31,-30
"6347","1570力肯","110/08/12","兆豐-嘉義",35,0,35
"6348","1570力肯","110/08/12","元大-竹北",0,30,-30
"6349","1570力肯","110/08/12","國票-天祥",32,1,31
"6350","1570力肯","110/08/12","元大-楊梅",6,35,-29
"6351","1570力肯","110/08/12","國泰-松江",81,51,30
"6352","1570力肯","110/08/12","元大-桃興",4,32,-28
"6353","1570力肯","110/08/12","元大-新店中正",33,3,30
"6354","1570力肯","110/08/12","亞東-台中",0,26,-26
"6355","1570力肯","110/08/12","統一",48,21,27
"6356","1570力肯","110/08/12","永豐金-屏東",5,30,-25
"6357","1570力肯","110/08/12","國票-內壢",26,0,26
"6358","1570力肯","110/08/12","國泰-館前",0,24,-24
"6359","1570力肯","110/08/12","元大-大益",27,1,26
"6360","1570力肯","110/08/12","摩根大通",173,193,-20
"6361","6180橘子","110/08/12","第一金-忠孝",54,0,54
"6362","6180橘子","110/08/12","台灣企銀-屏東",0,30,-30
"6363","6180橘子","110/08/12","美林",35,0,35
"6364","6180橘子","110/08/12","元大-斗信",0,20,-20
"6365","6180橘子","110/08/12","凱基-台北",27,0,27
"6366","6180橘子","110/08/12","永豐金-信義",0,15,-15
"6367","6180橘子","110/08/12","美商高盛",23,2,21
"6368","6180橘子","110/08/12","玉山-桃園",0,14,-14
"6369","6180橘子","110/08/12","元大-前金",20,0,20
"6370","6180橘子","110/08/12","兆豐-埔墘",0,10,-10
"6371","6180橘子","110/08/12","摩根大通",21,5,16
"6372","6180橘子","110/08/12","富邦-高雄",0,10,-10
"6373","6180橘子","110/08/12","元大-敦南",11,0,11
"6374","6180橘子","110/08/12","台新-新營",1,10,-9
"6375","6180橘子","110/08/12","統一-基隆",10,0,10
"6376","6180橘子","110/08/12","富邦-員林",0,9,-9
"6377","6180橘子","110/08/12","元大證券",6,0,6
"6378","6180橘子","110/08/12","台灣摩根士丹利",4,11,-7
"6379","6180橘子","110/08/12","日盛-樹林",5,0,5
"6380","6180橘子","110/08/12","大慶-蘆洲",0,7,-7
"6381","6180橘子","110/08/12","新光-新竹",6,1,5
"6382","6180橘子","110/08/12","元大-北三重",0,7,-7
"6383","6180橘子","110/08/12","元大-上新莊",5,0,5
"6384","6180橘子","110/08/12","新光",1,6,-5
"6385","6180橘子","110/08/12","新加坡商瑞銀",3,0,3
"6386","6180橘子","110/08/12","華南永昌-虎尾",0,5,-5
"6387","6180橘子","110/08/12","統一-中壢",3,0,3
"6388","6180橘子","110/08/12","元大-屏南",0,5,-5
"6389","6180橘子","110/08/12","元富-新店",3,0,3
"6390","6180橘子","110/08/12","群益金鼎-東湖",1,5,-4
"6391","2390云辰","110/08/12","美林",245,9,236
"6392","2390云辰","110/08/12","臺銀-臺中",2,218,-216
"6393","2390云辰","110/08/12","新加坡商瑞銀",90,20,70
"6394","2390云辰","110/08/12","兆豐-寶成",0,185,-185
"6395","2390云辰","110/08/12","台灣摩根士丹利",59,2,57
"6396","2390云辰","110/08/12","元大-板橋三民",1,70,-69
"6397","2390云辰","110/08/12","凱基-台北",127,72,55
"6398","2390云辰","110/08/12","永豐金-松山",5,70,-65
"6399","2390云辰","110/08/12","元大-豐原站前",51,1,50
"6400","2390云辰","110/08/12","富邦-建國",11,62,-51
"6401","2390云辰","110/08/12","港商野村",198,154,44
"6402","2390云辰","110/08/12","元大-土城學府",36,70,-34
"6403","2390云辰","110/08/12","凱基-站前",54,10,44
"6404","2390云辰","110/08/12","元大-土城永寧",10,39,-29
"6405","2390云辰","110/08/12","元大-北三重",34,2,32
"6406","2390云辰","110/08/12","群益金鼎-中壢",3,30,-27
"6407","2390云辰","110/08/12","凱基-民權",30,0,30
"6408","2390云辰","110/08/12","元大-新竹",3,30,-27
"6409","2390云辰","110/08/12","華南永昌-岡山",28,0,28
"6410","2390云辰","110/08/12","元富-城東",2,28,-26
"6411","2390云辰","110/08/12","元富-同大",34,7,27
"6412","2390云辰","110/08/12","群益金鼎-三民",2,26,-24
"6413","2390云辰","110/08/12","元大-路竹",45,20,25
"6414","2390云辰","110/08/12","台新-左楠",28,50,-22
"6415","2390云辰","110/08/12","國票-博愛",34,11,23
"6416","2390云辰","110/08/12","中農",1,23,-22
"6417","2390云辰","110/08/12","元大-台南",25,2,23
"6418","2390云辰","110/08/12","聯邦商銀",0,22,-22
"6419","2390云辰","110/08/12","群益金鼎-開元",30,8,22
"6420","2390云辰","110/08/12","元富-新店",2,23,-21
"6421","2867三商壽","110/08/11","摩根大通",509,31,478
"6422","2867三商壽","110/08/11","港商野村",13,188,-175
"6423","2867三商壽","110/08/11","美商高盛",157,17,140
"6424","2867三商壽","110/08/11","宏遠-高雄",0,150,-150
"6425","2867三商壽","110/08/11","凱基-台北",123,14,109
"6426","2867三商壽","110/08/11","日盛-鳳山",0,73,-73
"6427","2867三商壽","110/08/11","凱基-八德",101,0,101
"6428","2867三商壽","110/08/11","德信-中正",0,71,-71
"6429","2867三商壽","110/08/11","統一-平鎮",100,0,100
"6430","2867三商壽","110/08/11","凱基-新豐",1,67,-66
"6431","2867三商壽","110/08/11","元大-土城永寧",94,5,89
"6432","2867三商壽","110/08/11","土銀-新竹",0,60,-60
"6433","2867三商壽","110/08/11","元大-沙鹿",63,0,63
"6434","2867三商壽","110/08/11","凱基-中港",0,55,-55
"6435","2867三商壽","110/08/11","新加坡商瑞銀",55,1,54
"6436","2867三商壽","110/08/11","中國信託-文心",11,61,-50
"6437","2867三商壽","110/08/11","台灣摩根士丹利",60,10,50
"6438","2867三商壽","110/08/11","國泰-新莊",2,50,-48
"6439","2867三商壽","110/08/11","元富-潮州",41,0,41
"6440","2867三商壽","110/08/11","群益金鼎",0,40,-40
"6441","2867三商壽","110/08/11","統一-汐止",40,0,40
"6442","2867三商壽","110/08/11","元大-大益",0,40,-40
"6443","2867三商壽","110/08/11","新光-高雄",40,4,36
"6444","2867三商壽","110/08/11","富邦-板橋",5,38,-33
"6445","2867三商壽","110/08/11","玉山-板橋",31,1,30
"6446","2867三商壽","110/08/11","元富-古亭",0,30,-30
"6447","2867三商壽","110/08/11","美林",194,168,26
"6448","2867三商壽","110/08/11","元大-金華",0,30,-30
"6449","2867三商壽","110/08/11","凱基",24,0,24
"6450","2867三商壽","110/08/11","元大-汐止",13,42,-29
"6451","5521工信","110/08/11","摩根大通",417,16,401
"6452","5521工信","110/08/11","元大-沙鹿",0,103,-103
"6453","5521工信","110/08/11","凱基-台北",86,5,81
"6454","5521工信","110/08/11","華南永昌",0,43,-43
"6455","5521工信","110/08/11","日進",73,0,73
"6456","5521工信","110/08/11","聯邦-雙和",0,42,-42
"6457","5521工信","110/08/11","日盛證券",70,0,70
"6458","5521工信","110/08/11","元富-基隆",0,38,-38
"6459","5521工信","110/08/11","富邦-台北",65,0,65
"6460","5521工信","110/08/11","第一金-路竹",0,37,-37
"6461","5521工信","110/08/11","富邦-苗栗",50,0,50
"6462","5521工信","110/08/11","土銀-台中",0,35,-35
"6463","5521工信","110/08/11","永豐金-鳳山",40,1,39
"6464","5521工信","110/08/11","玉山-高雄",0,30,-30
"6465","5521工信","110/08/11","台灣企銀-北高雄",30,0,30
"6466","5521工信","110/08/11","凱基-台南",0,30,-30
"6467","5521工信","110/08/11","美林",71,42,29
"6468","5521工信","110/08/11","凱基-復興",0,30,-30
"6469","5521工信","110/08/11","台新-台中",31,6,25
"6470","5521工信","110/08/11","元大-屏南",0,30,-30
"6471","5521工信","110/08/11","凱基-鳳山",20,0,20
"6472","5521工信","110/08/11","永豐金-天母",0,30,-30
"6473","5521工信","110/08/11","元大-東蘆",20,0,20
"6474","5521工信","110/08/11","華南永昌-潮州",4,32,-28
"6475","5521工信","110/08/11","群益金鼎-士林",21,3,18
"6476","5521工信","110/08/11","華南永昌-彰化",13,39,-26
"6477","5521工信","110/08/11","永豐金證券",14,0,14
"6478","5521工信","110/08/11","日盛-新莊",0,25,-25
"6479","5521工信","110/08/11","瑞士信貸",13,0,13
"6480","5521工信","110/08/11","群益金鼎-敦南",0,25,-25
"6481","1471首利","110/08/11","瑞士信貸",162,0,162
"6482","1471首利","110/08/11","日盛-和美",1,55,-54
"6483","1471首利","110/08/11","永全-八德",100,0,100
"6484","1471首利","110/08/11","臺銀-臺中",3,55,-52
"6485","1471首利","110/08/11","摩根大通",128,46,82
"6486","1471首利","110/08/11","永豐金-板盛",0,42,-42
"6487","1471首利","110/08/11","台新證券",48,7,41
"6488","1471首利","110/08/11","兆豐-桃園",0,40,-40
"6489","1471首利","110/08/11","凱基-台南",30,0,30
"6490","1471首利","110/08/11","凱基-東門",0,40,-40
"6491","1471首利","110/08/11","凱基-內埔",20,0,20
"6492","1471首利","110/08/11","元大-新竹經國",0,40,-40
"6493","1471首利","110/08/11","元大-蘆洲",20,0,20
"6494","1471首利","110/08/11","群益金鼎-中港",0,35,-35
"6495","1471首利","110/08/11","台新-高雄",16,0,16
"6496","1471首利","110/08/11","元大-竹山",0,30,-30
"6497","1471首利","110/08/11","大慶-富順",13,0,13
"6498","1471首利","110/08/11","富邦-新竹",1,30,-29
"6499","1471首利","110/08/11","群益金鼎-海山",13,0,13
"6500","1471首利","110/08/11","日盛-八德",0,27,-27
"6501","1471首利","110/08/11","日盛-大墩",12,0,12
"6502","1471首利","110/08/11","大慶-蘆洲",5,30,-25
"6503","1471首利","110/08/11","凱基-三重",12,0,12
"6504","1471首利","110/08/11","元富-林園",0,25,-25
"6505","1471首利","110/08/11","華南永昌-林口",12,0,12
"6506","1471首利","110/08/11","元富-大昌",0,25,-25
"6507","1471首利","110/08/11","富邦-中壢",13,2,11
"6508","1471首利","110/08/11","新光",9,34,-25
"6509","1471首利","110/08/11","合庫-台中",10,0,10
"6510","1471首利","110/08/11","兆豐-寶成",0,24,-24
"6511","2883開發金","110/08/11","瑞士信貸",5796,0,5796
"6512","2883開發金","110/08/11","元富",772,4335,-3563
"6513","2883開發金","110/08/11","元大-板橋三民",4182,53,4129
"6514","2883開發金","110/08/11","美林",2516,5260,-2744
"6515","2883開發金","110/08/11","合庫證券",3532,28,3504
"6516","2883開發金","110/08/11","永豐金-彰化",42,2447,-2405
"6517","2883開發金","110/08/11","兆豐證券",2123,44,2079
"6518","2883開發金","110/08/11","元大證券",1279,3467,-2188
"6519","2883開發金","110/08/11","台灣摩根士丹利",2946,1744,1202
"6520","2883開發金","110/08/11","國票-長城",0,2014,-2014
"6521","2883開發金","110/08/11","富邦-建國",1195,92,1103
"6522","2883開發金","110/08/11","港商野村",3121,4600,-1479
"6523","2883開發金","110/08/11","新光-新竹",1140,38,1102
"6524","2883開發金","110/08/11","元大-金華",31,1341,-1310
"6525","2883開發金","110/08/11","美商高盛",1600,535,1065
"6526","2883開發金","110/08/11","元大-彰化",67,1218,-1151
"6527","2883開發金","110/08/11","群益金鼎-南京",1083,202,881
"6528","2883開發金","110/08/11","玉山-高雄",99,986,-887
"6529","2883開發金","110/08/11","凱基-台北",5046,4258,788
"6530","2883開發金","110/08/11","元富-彰化",27,813,-786
"6531","2883開發金","110/08/11","港商法國興業",728,0,728
"6532","2883開發金","110/08/11","摩根大通",3362,4085,-723
"6533","2883開發金","110/08/11","玉山證券",716,98,618
"6534","2883開發金","110/08/11","國泰證券",21,658,-637
"6535","2883開發金","110/08/11","凱基-豐中",634,76,558
"6536","2883開發金","110/08/11","富邦-新店",61,662,-601
"6537","2883開發金","110/08/11","永豐金-忠孝",1406,858,548
"6538","2883開發金","110/08/11","元大-小港",71,667,-596
"6539","2883開發金","110/08/11","元大-民生",532,2,530
"6540","2883開發金","110/08/11","富邦-台北",213,798,-585
"6541","6205詮欣","110/08/11","臺銀-民權",25,0,25
"6542","6205詮欣","110/08/11","摩根大通",2,46,-44
"6543","6205詮欣","110/08/11","合庫-三重",20,0,20
"6544","6205詮欣","110/08/11","永豐金-敦南",0,14,-14
"6545","6205詮欣","110/08/11","元富-宜蘭",20,0,20
"6546","6205詮欣","110/08/11","瑞士信貸",0,11,-11
"6547","6205詮欣","110/08/11","德信-新營",10,0,10
"6548","6205詮欣","110/08/11","永豐金-忠孝",0,10,-10
"6549","6205詮欣","110/08/11","元大-西屯",10,0,10
"6550","6205詮欣","110/08/11","統一-汐止",0,6,-6
"6551","6205詮欣","110/08/11","永豐金-中正",9,0,9
"6552","6205詮欣","110/08/11","港商野村",0,5,-5
"6553","6205詮欣","110/08/11","日盛-三重",5,0,5
"6554","6205詮欣","110/08/11","新光",0,5,-5
"6555","6205詮欣","110/08/11","日盛-花蓮",5,0,5
"6556","6205詮欣","110/08/11","群益金鼎-開元",0,5,-5
"6557","6205詮欣","110/08/11","宏遠證券",5,0,5
"6558","6205詮欣","110/08/11","富邦-陽明",0,5,-5
"6559","6205詮欣","110/08/11","高橋",5,0,5
"6560","6205詮欣","110/08/11","元大-館前",0,5,-5
"6561","6205詮欣","110/08/11","亞東-板橋",4,0,4
"6562","6205詮欣","110/08/11","大慶-中壢",0,4,-4
"6563","6205詮欣","110/08/11","元富-基隆",3,0,3
"6564","6205詮欣","110/08/11","凱基-和平",0,4,-4
"6565","6205詮欣","110/08/11","元大-台中中港",3,0,3
"6566","6205詮欣","110/08/11","富邦-台北",0,4,-4
"6567","6205詮欣","110/08/11","合庫-彰化",2,0,2
"6568","6205詮欣","110/08/11","元大-南投",0,4,-4
"6569","6205詮欣","110/08/11","元大-西門",2,0,2
"6570","6205詮欣","110/08/11","元大-東蘆",0,4,-4
"6571","1540喬福","110/08/11","元富-中原",30,0,30
"6572","1540喬福","110/08/11","統一-新台中",0,18,-18
"6573","1540喬福","110/08/11","台中銀",17,0,17
"6574","1540喬福","110/08/11","凱基-台北",0,16,-16
"6575","1540喬福","110/08/11","富邦-竹北",11,0,11
"6576","1540喬福","110/08/11","永豐金-板新",0,15,-15
"6577","1540喬福","110/08/11","國泰-敦南",8,0,8
"6578","1540喬福","110/08/11","永豐金-中盛",0,11,-11
"6579","1540喬福","110/08/11","凱基-中壢",6,0,6
"6580","1540喬福","110/08/11","元大-中壢",0,10,-10
"6581","1540喬福","110/08/11","凱基-台南",5,0,5
"6582","1540喬福","110/08/11","玉山-台南",0,4,-4
"6583","1540喬福","110/08/11","元大-土城永寧",3,0,3
"6584","1540喬福","110/08/11","國票-南科",0,3,-3
"6585","1540喬福","110/08/11","臺銀-鳳山",2,0,2
"6586","1540喬福","110/08/11","元大-龍潭",0,3,-3
"6587","1540喬福","110/08/11","日盛-台中",2,0,2
"6588","1540喬福","110/08/11","臺銀-臺中",0,2,-2
"6589","1540喬福","110/08/11","兆豐-北高雄",2,0,2
"6590","1540喬福","110/08/11","(牛牛牛)亞-網路",0,2,-2
"6591","1540喬福","110/08/11","兆豐-三民",2,0,2
"6592","1540喬福","110/08/11","新光-台南",0,2,-2
"6593","1540喬福","110/08/11","合庫-桃園",1,0,1
"6594","1540喬福","110/08/11","凱基-永和",0,2,-2
"6595","1540喬福","110/08/11","臺銀-民權",1,0,1
"6596","1540喬福","110/08/11","元大-南崁",0,2,-2
"6597","1540喬福","110/08/11","臺銀-高雄",1,0,1
"6598","1540喬福","110/08/11","美林",0,1,-1
"6599","1540喬福","110/08/11","日盛-永康",1,0,1
"6600","1540喬福","110/08/11","美商高盛",0,1,-1
"6601","2888新光金","110/08/11","摩根大通",6950,1470,5480
"6602","2888新光金","110/08/11","第一金-高雄",5,5018,-5013
"6603","2888新光金","110/08/11","元大-忠孝鼎富",4314,11,4303
"6604","2888新光金","110/08/11","永豐金-天母",0,2241,-2241
"6605","2888新光金","110/08/11","美商高盛",4420,228,4192
"6606","2888新光金","110/08/11","統一-中壢",11,1720,-1709
"6607","2888新光金","110/08/11","瑞士信貸",2928,166,2762
"6608","2888新光金","110/08/11","美林",1510,3170,-1660
"6609","2888新光金","110/08/11","群益金鼎",1859,0,1859
"6610","2888新光金","110/08/11","國票-台東",21,1606,-1585
"6611","2888新光金","110/08/11","凱基-台北",5335,3700,1635
"6612","2888新光金","110/08/11","元富-城東",25,1082,-1057
"6613","2888新光金","110/08/11","新加坡商瑞銀",1506,65,1441
"6614","2888新光金","110/08/11","台灣摩根士丹利",916,1951,-1035
"6615","2888新光金","110/08/11","港商法國興業",1338,0,1338
"6616","2888新光金","110/08/11","中國信託",25,740,-715
"6617","2888新光金","110/08/11","元富-中港",1250,9,1241
"6618","2888新光金","110/08/11","新光",391,1047,-656
"6619","2888新光金","110/08/11","福邦-新竹",1176,0,1176
"6620","2888新光金","110/08/11","合庫-高雄",1,567,-566
"6621","2888新光金","110/08/11","凱基-林口",1005,35,970
"6622","2888新光金","110/08/11","康和-台中",1,463,-462
"6623","2888新光金","110/08/11","港商野村",1301,434,867
"6624","2888新光金","110/08/11","玉山證券",260,691,-431
"6625","2888新光金","110/08/11","國票-安和",1179,519,660
"6626","2888新光金","110/08/11","元大-和平",4,382,-378
"6627","2888新光金","110/08/11","富邦-敦南",569,19,550
"6628","2888新光金","110/08/11","日盛-新莊",0,350,-350
"6629","2888新光金","110/08/11","香港上海匯豐",441,0,441
"6630","2888新光金","110/08/11","群益金鼎-大興",1,341,-340
"6631","1340勝悅","110/08/11","華南永昌-高雄",24,4,20
"6632","1340勝悅","110/08/11","元大-大統",0,42,-42
"6633","1340勝悅","110/08/11","亞東-板橋",18,0,18
"6634","1340勝悅","110/08/11","(牛牛牛)亞-鑫豐",0,25,-25
"6635","1340勝悅","110/08/11","永豐金-台南",12,0,12
"6636","1340勝悅","110/08/11","美林",0,20,-20
"6637","1340勝悅","110/08/11","永豐金-板盛",10,0,10
"6638","1340勝悅","110/08/11","摩根大通",0,18,-18
"6639","1340勝悅","110/08/11","永豐金-天母",9,0,9
"6640","1340勝悅","110/08/11","元富-基隆",0,12,-12
"6641","1340勝悅","110/08/11","國泰-敦南",15,7,8
"6642","1340勝悅","110/08/11","玉山-高雄",0,12,-12
"6643","1340勝悅","110/08/11","群益金鼎-館前",8,0,8
"6644","1340勝悅","110/08/11","元大-桃興",0,10,-10
"6645","1340勝悅","110/08/11","凱基-台中",7,0,7
"6646","1340勝悅","110/08/11","永豐金-博愛",0,10,-10
"6647","1340勝悅","110/08/11","統一-城中",6,0,6
"6648","1340勝悅","110/08/11","瑞士信貸",0,8,-8
"6649","1340勝悅","110/08/11","群益金鼎-崇德",6,0,6
"6650","1340勝悅","110/08/11","日盛-台中",0,6,-6
"6651","1340勝悅","110/08/11","永豐金-松山",6,0,6
"6652","1340勝悅","110/08/11","元大-景美",0,6,-6
"6653","1340勝悅","110/08/11","臺銀-鳳山",5,0,5
"6654","1340勝悅","110/08/11","日盛-信義",0,5,-5
"6655","1340勝悅","110/08/11","永全-南崁",5,0,5
"6656","1340勝悅","110/08/11","台新證券",0,5,-5
"6657","1340勝悅","110/08/11","玉山-士林",5,0,5
"6658","1340勝悅","110/08/11","元大-忠孝鼎富",0,5,-5
"6659","1340勝悅","110/08/11","國泰-台中",15,10,5
"6660","1340勝悅","110/08/11","元大-中壢",0,5,-5
"6661","6246臺龍","110/08/11","永興",40,3,37
"6662","6246臺龍","110/08/11","港商野村",6,139,-133
"6663","6246臺龍","110/08/11","永豐金-內湖",42,9,33
"6664","6246臺龍","110/08/11","統一",0,97,-97
"6665","6246臺龍","110/08/11","元大-豐原站前",68,41,27
"6666","6246臺龍","110/08/11","兆豐-松德",0,82,-82
"6667","6246臺龍","110/08/11","日盛-員林",21,1,20
"6668","6246臺龍","110/08/11","元大-新盛",24,80,-56
"6669","6246臺龍","110/08/11","康和-澎湖",20,0,20
"6670","6246臺龍","110/08/11","元大-北港",0,35,-35
"6671","6246臺龍","110/08/11","元大-歸仁",18,0,18
"6672","6246臺龍","110/08/11","元大-西門",0,28,-28
"6673","6246臺龍","110/08/11","元大-中壢",35,17,18
"6674","6246臺龍","110/08/11","永興-台中",0,27,-27
"6675","6246臺龍","110/08/11","玉山-大里",17,0,17
"6676","6246臺龍","110/08/11","永興-水湳",0,25,-25
"6677","6246臺龍","110/08/11","大慶-泰山",15,0,15
"6678","6246臺龍","110/08/11","元大-西螺",6,30,-24
"6679","6246臺龍","110/08/11","永豐金-松山",15,1,14
"6680","6246臺龍","110/08/11","元大-西屯",2,25,-23
"6681","6246臺龍","110/08/11","凱基-永和",13,0,13
"6682","6246臺龍","110/08/11","新光",45,67,-22
"6683","6246臺龍","110/08/11","華南永昌-嘉義",13,0,13
"6684","6246臺龍","110/08/11","第一金-台中",0,20,-20
"6685","6246臺龍","110/08/11","富邦-三重",13,0,13
"6686","6246臺龍","110/08/11","兆豐-南京",0,20,-20
"6687","6246臺龍","110/08/11","日盛-高雄",12,0,12
"6688","6246臺龍","110/08/11","日盛-頭份",2,20,-18
"6689","6246臺龍","110/08/11","群益金鼎-北高雄",12,0,12
"6690","6246臺龍","110/08/11","宏遠-桃園",0,17,-17
"6691","00715L期街口布蘭特正2","110/08/11","元大證券",11593,2378,9215
"6692","00715L期街口布蘭特正2","110/08/11","凱基-台北",313,3001,-2688
"6693","00715L期街口布蘭特正2","110/08/11","永豐金-新店",1600,4,1596
"6694","00715L期街口布蘭特正2","110/08/11","富邦-南屯",403,1908,-1505
"6695","00715L期街口布蘭特正2","110/08/11","第一金-台中",1282,31,1251
"6696","00715L期街口布蘭特正2","110/08/11","新光",152,1165,-1013
"6697","00715L期街口布蘭特正2","110/08/11","元大-敦化",1200,20,1180
"6698","00715L期街口布蘭特正2","110/08/11","第一金-台南",0,519,-519
"6699","00715L期街口布蘭特正2","110/08/11","永豐金證券",1128,53,1075
"6700","00715L期街口布蘭特正2","110/08/11","統一-新竹",13,506,-493
"6701","00715L期街口布蘭特正2","110/08/11","元大-復北",556,21,535
"6702","00715L期街口布蘭特正2","110/08/11","台新-三民",0,438,-438
"6703","00715L期街口布蘭特正2","110/08/11","日盛-永康",340,0,340
"6704","00715L期街口布蘭特正2","110/08/11","富邦-彰化",30,391,-361
"6705","00715L期街口布蘭特正2","110/08/11","群益金鼎-板橋",350,17,333
"6706","00715L期街口布蘭特正2","110/08/11","元富-中壢",5,316,-311
"6707","00715L期街口布蘭特正2","110/08/11","元富",325,2,323
"6708","00715L期街口布蘭特正2","110/08/11","凱基-豐中",0,302,-302
"6709","00715L期街口布蘭特正2","110/08/11","凱基-科園",300,0,300
"6710","00715L期街口布蘭特正2","110/08/11","康和",359,645,-286
"6711","00715L期街口布蘭特正2","110/08/11","元大-蘆洲",311,59,252
"6712","00715L期街口布蘭特正2","110/08/11","元富-成功",5,290,-285
"6713","00715L期街口布蘭特正2","110/08/11","群益金鼎-崇德",251,20,231
"6714","00715L期街口布蘭特正2","110/08/11","台新-松江",0,268,-268
"6715","00715L期街口布蘭特正2","110/08/11","富邦-建國",265,42,223
"6716","00715L期街口布蘭特正2","110/08/11","元大-前金",21,279,-258
"6717","00715L期街口布蘭特正2","110/08/11","富邦-嘉義",300,99,201
"6718","00715L期街口布蘭特正2","110/08/11","國泰-高雄",13,236,-223
"6719","00715L期街口布蘭特正2","110/08/11","元大-竹科",314,115,199
"6720","00715L期街口布蘭特正2","110/08/11","中國信託-嘉義",4,223,-219
"6721","8941關中","110/08/11","凱基-市府",1,0,1
"6722","8941關中","110/08/11","元大-古亭",0,1,-1
"6723","8941關中","110/08/11","康和-板橋",0,0,0
"6724","8941關中","110/08/11","康和-板橋",0,0,0
"6725","8941關中","110/08/11","國泰-忠孝",0,0,0
"6726","8941關中","110/08/11","國泰-忠孝",0,0,0
"6727","8941關中","110/08/11","富邦-北港",0,0,0
"6728","8941關中","110/08/11","富邦-北港",0,0,0
"6729","8941關中","110/08/11","元大證券",0,0,0
"6730","8941關中","110/08/11","元大證券",0,0,0
"6731","8941關中","110/08/11","",NA,NA,NA
"6732","8941關中","110/08/11","",NA,NA,NA
"6733","8941關中","110/08/11","",NA,NA,NA
"6734","8941關中","110/08/11","",NA,NA,NA
"6735","8941關中","110/08/11","",NA,NA,NA
"6736","8941關中","110/08/11","",NA,NA,NA
"6737","8941關中","110/08/11","",NA,NA,NA
"6738","8941關中","110/08/11","",NA,NA,NA
"6739","8941關中","110/08/11","",NA,NA,NA
"6740","8941關中","110/08/11","",NA,NA,NA
"6741","8941關中","110/08/11","",NA,NA,NA
"6742","8941關中","110/08/11","",NA,NA,NA
"6743","8941關中","110/08/11","",NA,NA,NA
"6744","8941關中","110/08/11","",NA,NA,NA
"6745","8941關中","110/08/11","",NA,NA,NA
"6746","8941關中","110/08/11","",NA,NA,NA
"6747","8941關中","110/08/11","",NA,NA,NA
"6748","8941關中","110/08/11","",NA,NA,NA
"6749","8941關中","110/08/11","",NA,NA,NA
"6750","8941關中","110/08/11","",NA,NA,NA
"6751","8936國統","110/08/11","台新-高雄",218,1,217
"6752","8936國統","110/08/11","凱基-內埔",0,70,-70
"6753","8936國統","110/08/11","新光-桃園",105,3,102
"6754","8936國統","110/08/11","元大-太平",0,60,-60
"6755","8936國統","110/08/11","新加坡商瑞銀",124,59,65
"6756","8936國統","110/08/11","永豐金-板盛",0,48,-48
"6757","8936國統","110/08/11","美林",61,0,61
"6758","8936國統","110/08/11","兆豐-高雄",0,29,-29
"6759","8936國統","110/08/11","摩根大通",71,16,55
"6760","8936國統","110/08/11","群益金鼎-屏東",0,27,-27
"6761","8936國統","110/08/11","元富-同大",41,5,36
"6762","8936國統","110/08/11","新光",0,24,-24
"6763","8936國統","110/08/11","凱基-台北",38,6,32
"6764","8936國統","110/08/11","凱基-台南",0,22,-22
"6765","8936國統","110/08/11","華南永昌-高雄",22,0,22
"6766","8936國統","110/08/11","合庫-高雄",0,20,-20
"6767","8936國統","110/08/11","日盛-三峽",21,0,21
"6768","8936國統","110/08/11","永豐金-大園",0,20,-20
"6769","8936國統","110/08/11","兆豐-大同",30,9,21
"6770","8936國統","110/08/11","永豐金-台中",0,20,-20
"6771","8936國統","110/08/11","宏遠-台南",20,0,20
"6772","8936國統","110/08/11","永豐金-竹科",0,20,-20
"6773","8936國統","110/08/11","美商高盛",17,1,16
"6774","8936國統","110/08/11","港商野村",49,67,-18
"6775","8936國統","110/08/11","日盛-斗六",15,0,15
"6776","8936國統","110/08/11","第一金-新興",0,16,-16
"6777","8936國統","110/08/11","元富-大裕",15,0,15
"6778","8936國統","110/08/11","新光-台中",14,29,-15
"6779","8936國統","110/08/11","台新-台中",15,2,13
"6780","8936國統","110/08/11","凱基-永和",0,15,-15
"6781","6226光鼎","110/08/11","美商高盛",595,148,447
"6782","6226光鼎","110/08/11","瑞士信貸",297,751,-454
"6783","6226光鼎","110/08/11","凱基-台北",506,69,437
"6784","6226光鼎","110/08/11","摩根大通",911,1317,-406
"6785","6226光鼎","110/08/11","統一-高雄",503,150,353
"6786","6226光鼎","110/08/11","凱基-站前",29,313,-284
"6787","6226光鼎","110/08/11","美林",507,312,195
"6788","6226光鼎","110/08/11","台中銀-台北",0,280,-280
"6789","6226光鼎","110/08/11","合庫-台中",143,4,139
"6790","6226光鼎","110/08/11","國泰-台中",75,176,-101
"6791","6226光鼎","110/08/11","大昌",139,0,139
"6792","6226光鼎","110/08/11","元富-潮州",10,107,-97
"6793","6226光鼎","110/08/11","台灣摩根士丹利",229,101,128
"6794","6226光鼎","110/08/11","中國信託-永康",63,159,-96
"6795","6226光鼎","110/08/11","元大-北投",123,4,119
"6796","6226光鼎","110/08/11","國泰-高雄",15,96,-81
"6797","6226光鼎","110/08/11","富邦-南屯",170,63,107
"6798","6226光鼎","110/08/11","凱基-三多",23,100,-77
"6799","6226光鼎","110/08/11","群益金鼎-西松",176,93,83
"6800","6226光鼎","110/08/11","玉山-高雄",17,90,-73
"6801","6226光鼎","110/08/11","台新證券",167,99,68
"6802","6226光鼎","110/08/11","元大-新盛",8,81,-73
"6803","6226光鼎","110/08/11","永豐金-內湖",79,22,57
"6804","6226光鼎","110/08/11","元大-府城",7,72,-65
"6805","6226光鼎","110/08/11","日盛證券",51,6,45
"6806","6226光鼎","110/08/11","統一-仁愛",13,75,-62
"6807","6226光鼎","110/08/11","臺銀-高雄",70,26,44
"6808","6226光鼎","110/08/11","高橋",4,61,-57
"6809","6226光鼎","110/08/11","富邦-陽明",84,40,44
"6810","6226光鼎","110/08/11","台新-屏東",16,71,-55
"6811","2363矽統","110/08/11","瑞士信貸",547,0,547
"6812","2363矽統","110/08/11","凱基-台北",2934,4385,-1451
"6813","2363矽統","110/08/11","台灣摩根士丹利",677,160,517
"6814","2363矽統","110/08/11","陽信-石牌",34,626,-592
"6815","2363矽統","110/08/11","玉山-台中",331,139,192
"6816","2363矽統","110/08/11","永豐金證券",103,405,-302
"6817","2363矽統","110/08/11","台新-左楠",191,33,158
"6818","2363矽統","110/08/11","元大-成功",60,289,-229
"6819","2363矽統","110/08/11","華南永昌-頭份",197,45,152
"6820","2363矽統","110/08/11","美林",747,959,-212
"6821","2363矽統","110/08/11","元大-忠孝鼎富",196,51,145
"6822","2363矽統","110/08/11","元大-員林中山",83,286,-203
"6823","2363矽統","110/08/11","元大-汐止",279,150,129
"6824","2363矽統","110/08/11","凱基-市府",42,242,-200
"6825","2363矽統","110/08/11","大慶-蘆洲",135,26,109
"6826","2363矽統","110/08/11","永豐金-埔里",4,181,-177
"6827","2363矽統","110/08/11","合庫-高雄",135,30,105
"6828","2363矽統","110/08/11","群益金鼎-內湖",41,195,-154
"6829","2363矽統","110/08/11","兆豐證券",105,1,104
"6830","2363矽統","110/08/11","元大-旗山",157,307,-150
"6831","2363矽統","110/08/11","永豐金-竹科",112,15,97
"6832","2363矽統","110/08/11","兆豐-台中港",38,178,-140
"6833","2363矽統","110/08/11","國票-彰化",95,0,95
"6834","2363矽統","110/08/11","元大-新竹",55,194,-139
"6835","2363矽統","110/08/11","元大-斗信",152,65,87
"6836","2363矽統","110/08/11","凱基-永和",32,161,-129
"6837","2363矽統","110/08/11","亞東",95,10,85
"6838","2363矽統","110/08/11","第一金-桃園",59,183,-124
"6839","2363矽統","110/08/11","美商高盛",906,822,84
"6840","2363矽統","110/08/11","台新證券",525,640,-115
"6841","8112至上","110/08/11","港商野村",188,11,177
"6842","8112至上","110/08/11","新加坡商瑞銀",35,847,-812
"6843","8112至上","110/08/11","大昌-桃園",173,0,173
"6844","8112至上","110/08/11","宏遠證券",2,536,-534
"6845","8112至上","110/08/11","合庫證券",142,3,139
"6846","8112至上","110/08/11","富邦-仁愛",67,324,-257
"6847","8112至上","110/08/11","美商高盛",145,14,131
"6848","8112至上","110/08/11","凱基-市政",0,202,-202
"6849","8112至上","110/08/11","群益金鼎-內湖",132,10,122
"6850","8112至上","110/08/11","凱基-復興",16,190,-174
"6851","8112至上","110/08/11","國票-長城",130,30,100
"6852","8112至上","110/08/11","瑞士信貸",136,306,-170
"6853","8112至上","110/08/11","玉山-板橋",84,0,84
"6854","8112至上","110/08/11","兆豐-公益",1,120,-119
"6855","8112至上","110/08/11","臺灣企銀-桃園",60,0,60
"6856","8112至上","110/08/11","元大-萬華",12,131,-119
"6857","8112至上","110/08/11","新光",103,44,59
"6858","8112至上","110/08/11","凱基-台北",211,321,-110
"6859","8112至上","110/08/11","華南永昌-中正",52,0,52
"6860","8112至上","110/08/11","美林",21,116,-95
"6861","8112至上","110/08/11","元大-仁愛",50,0,50
"6862","8112至上","110/08/11","永豐金-豐原",7,102,-95
"6863","8112至上","110/08/11","元大-北成功",101,53,48
"6864","8112至上","110/08/11","兆豐-民生",0,70,-70
"6865","8112至上","110/08/11","合庫-嘉義",45,0,45
"6866","8112至上","110/08/11","元富",2,71,-69
"6867","8112至上","110/08/11","大慶-富順",46,1,45
"6868","8112至上","110/08/11","玉山-士林",6,67,-61
"6869","8112至上","110/08/11","臺銀-金山",45,1,44
"6870","8112至上","110/08/11","凱基-埔墘",0,60,-60
"6871","1570力肯","110/08/11","國票-內壢",386,0,386
"6872","1570力肯","110/08/11","群益金鼎-大興",0,100,-100
"6873","1570力肯","110/08/11","華南永昌-桃園",104,3,101
"6874","1570力肯","110/08/11","新光",177,255,-78
"6875","1570力肯","110/08/11","摩根大通",154,84,70
"6876","1570力肯","110/08/11","富邦-台中",0,61,-61
"6877","1570力肯","110/08/11","日盛-頭份",51,0,51
"6878","1570力肯","110/08/11","群益金鼎-忠孝",1,60,-59
"6879","1570力肯","110/08/11","永豐金-中壢",51,1,50
"6880","1570力肯","110/08/11","元大-新店中正",2,61,-59
"6881","1570力肯","110/08/11","永豐金-北高雄",50,0,50
"6882","1570力肯","110/08/11","富邦-陽明",1,51,-50
"6883","1570力肯","110/08/11","凱基-天母",51,2,49
"6884","1570力肯","110/08/11","元大-太平",5,54,-49
"6885","1570力肯","110/08/11","日盛-員林",52,5,47
"6886","1570力肯","110/08/11","統一-松江",0,43,-43
"6887","1570力肯","110/08/11","元富-高雄",40,0,40
"6888","1570力肯","110/08/11","台新證券",6,44,-38
"6889","1570力肯","110/08/11","中國信託-嘉義",34,0,34
"6890","1570力肯","110/08/11","永豐金證券",1,36,-35
"6891","1570力肯","110/08/11","元大-北成功",30,1,29
"6892","1570力肯","110/08/11","瑞士信貸",0,27,-27
"6893","1570力肯","110/08/11","亞東-台中",26,0,26
"6894","1570力肯","110/08/11","元大-中壢",9,35,-26
"6895","1570力肯","110/08/11","第一金-嘉義",26,0,26
"6896","1570力肯","110/08/11","美商高盛",0,25,-25
"6897","1570力肯","110/08/11","凱基-中壢",27,3,24
"6898","1570力肯","110/08/11","國票-北高雄",128,153,-25
"6899","1570力肯","110/08/11","元大-福營",25,1,24
"6900","1570力肯","110/08/11","元富-新店",10,34,-24
"6901","2929淘帝","110/08/11","美林",25,5,20
"6902","2929淘帝","110/08/11","華南永昌",0,25,-25
"6903","2929淘帝","110/08/11","永興",20,0,20
"6904","2929淘帝","110/08/11","台新-台中",0,22,-22
"6905","2929淘帝","110/08/11","新光",17,1,16
"6906","2929淘帝","110/08/11","富邦-永和",1,21,-20
"6907","2929淘帝","110/08/11","臺銀-臺南",12,0,12
"6908","2929淘帝","110/08/11","元富-古亭",0,18,-18
"6909","2929淘帝","110/08/11","第一金-大稻埕",10,0,10
"6910","2929淘帝","110/08/11","永豐金-大園",5,23,-18
"6911","2929淘帝","110/08/11","兆豐-桃園",10,0,10
"6912","2929淘帝","110/08/11","富邦-新店",3,19,-16
"6913","2929淘帝","110/08/11","國票-九鼎",10,0,10
"6914","2929淘帝","110/08/11","新光-台中",16,31,-15
"6915","2929淘帝","110/08/11","華南永昌-長虹",10,0,10
"6916","2929淘帝","110/08/11","國泰-新莊",0,10,-10
"6917","2929淘帝","110/08/11","凱基-長庚",7,0,7
"6918","2929淘帝","110/08/11","元大-東泰",0,10,-10
"6919","2929淘帝","110/08/11","凱基-林口",7,0,7
"6920","2929淘帝","110/08/11","凱基-斗六",0,8,-8
"6921","2929淘帝","110/08/11","日盛-中壢",5,0,5
"6922","2929淘帝","110/08/11","永豐金證券",0,7,-7
"6923","2929淘帝","110/08/11","港商法國興業",5,0,5
"6924","2929淘帝","110/08/11","第一金-員林",0,5,-5
"6925","2929淘帝","110/08/11","元富-中壢",5,0,5
"6926","2929淘帝","110/08/11","元富-新竹",0,5,-5
"6927","2929淘帝","110/08/11","元富-文心",5,0,5
"6928","2929淘帝","110/08/11","凱基-東門",0,5,-5
"6929","2929淘帝","110/08/11","凱基-台中",5,0,5
"6930","2929淘帝","110/08/11","元大-桃園",0,5,-5
"6931","5410國眾","110/08/11","群益金鼎",128,0,128
"6932","5410國眾","110/08/11","國泰-敦南",12,206,-194
"6933","5410國眾","110/08/11","富邦-建國",100,0,100
"6934","5410國眾","110/08/11","凱基-竹北",2,112,-110
"6935","5410國眾","110/08/11","玉山-新莊",35,0,35
"6936","5410國眾","110/08/11","大昌-樹林",0,100,-100
"6937","5410國眾","110/08/11","合庫-桃園",30,0,30
"6938","5410國眾","110/08/11","凱基-市政",0,100,-100
"6939","5410國眾","110/08/11","高橋",30,0,30
"6940","5410國眾","110/08/11","摩根大通",20,68,-48
"6941","5410國眾","110/08/11","元大-崇德",28,0,28
"6942","5410國眾","110/08/11","凱基-台北",7,39,-32
"6943","5410國眾","110/08/11","元大-新盛",28,0,28
"6944","5410國眾","110/08/11","元大-復北",0,30,-30
"6945","5410國眾","110/08/11","凱基-三峽",21,0,21
"6946","5410國眾","110/08/11","大昌",0,26,-26
"6947","5410國眾","110/08/11","臺銀-臺中",17,0,17
"6948","5410國眾","110/08/11","第一金-豐原",0,23,-23
"6949","5410國眾","110/08/11","新光",15,0,15
"6950","5410國眾","110/08/11","元富-三重",0,22,-22
"6951","5410國眾","110/08/11","國泰-台中",20,8,12
"6952","5410國眾","110/08/11","元大-樹林",2,21,-19
"6953","5410國眾","110/08/11","新光-桃園",11,0,11
"6954","5410國眾","110/08/11","元大-成功",0,17,-17
"6955","5410國眾","110/08/11","元大-旗山",11,0,11
"6956","5410國眾","110/08/11","新光-台中",0,16,-16
"6957","5410國眾","110/08/11","大昌-新店",10,0,10
"6958","5410國眾","110/08/11","臺銀-臺南",1,14,-13
"6959","5410國眾","110/08/11","豐農",10,0,10
"6960","5410國眾","110/08/11","瑞士信貸",0,12,-12
"6961","2841台開","110/08/11","宏遠-館前",402,0,402
"6962","2841台開","110/08/11","永豐金-敦南",11,270,-259
"6963","2841台開","110/08/11","日盛-信義",129,0,129
"6964","2841台開","110/08/11","國票-天祥",0,100,-100
"6965","2841台開","110/08/11","元大-南投",80,0,80
"6966","2841台開","110/08/11","日盛證券",27,117,-90
"6967","2841台開","110/08/11","日盛-園區",72,0,72
"6968","2841台開","110/08/11","永興-水湳",0,30,-30
"6969","2841台開","110/08/11","華南永昌-鶯歌",45,0,45
"6970","2841台開","110/08/11","兆豐-寶成",0,30,-30
"6971","2841台開","110/08/11","元大-福營",20,0,20
"6972","2841台開","110/08/11","元富-四維",0,26,-26
"6973","2841台開","110/08/11","元大-左營",20,0,20
"6974","2841台開","110/08/11","統一-士林",0,25,-25
"6975","2841台開","110/08/11","永豐金-員林",15,0,15
"6976","2841台開","110/08/11","日盛-忠孝",0,20,-20
"6977","2841台開","110/08/11","日盛-內湖",11,0,11
"6978","2841台開","110/08/11","大慶-蘆洲",0,20,-20
"6979","2841台開","110/08/11","國泰-館前",10,0,10
"6980","2841台開","110/08/11","國票-中和",0,20,-20
"6981","2841台開","110/08/11","華南永昌-潮州",10,0,10
"6982","2841台開","110/08/11","元大-大灣",0,20,-20
"6983","2841台開","110/08/11","元大-大里德芳",10,0,10
"6984","2841台開","110/08/11","元大-雙和",0,20,-20
"6985","2841台開","110/08/11","元大-小港",10,0,10
"6986","2841台開","110/08/11","新光",28,47,-19
"6987","2841台開","110/08/11","新光-台南",7,0,7
"6988","2841台開","110/08/11","玉山-台中",0,13,-13
"6989","2841台開","110/08/11","國泰-台中",6,0,6
"6990","2841台開","110/08/11","富邦-建國",0,12,-12
"6991","6207雷科","110/08/11","台新-高雄",136,8,128
"6992","6207雷科","110/08/11","群益金鼎-東門",1,90,-89
"6993","6207雷科","110/08/11","凱基-台北",108,21,87
"6994","6207雷科","110/08/11","摩根大通",89,156,-67
"6995","6207雷科","110/08/11","富邦-陽明",70,0,70
"6996","6207雷科","110/08/11","元大-鳳山",22,60,-38
"6997","6207雷科","110/08/11","永豐金證券",30,0,30
"6998","6207雷科","110/08/11","凱基-三重",5,40,-35
"6999","6207雷科","110/08/11","永豐金-高雄",29,5,24
"7000","6207雷科","110/08/11","美林",5,35,-30
"7001","6207雷科","110/08/11","元大-高雄",18,0,18
"7002","6207雷科","110/08/11","港商野村",28,58,-30
"7003","6207雷科","110/08/11","元大-竹山",17,0,17
"7004","6207雷科","110/08/11","元大-路竹",3,30,-27
"7005","6207雷科","110/08/11","國泰-台南",15,2,13
"7006","6207雷科","110/08/11","元大-小港",3,30,-27
"7007","6207雷科","110/08/11","元大-東門",12,0,12
"7008","6207雷科","110/08/11","(牛牛牛)亞-網路",0,23,-23
"7009","6207雷科","110/08/11","台灣企銀-太平",10,0,10
"7010","6207雷科","110/08/11","台新證券",4,26,-22
"7011","6207雷科","110/08/11","富邦-中壢",10,0,10
"7012","6207雷科","110/08/11","新光",2,23,-21
"7013","6207雷科","110/08/11","元大-博愛",10,0,10
"7014","6207雷科","110/08/11","元大-雙和",0,19,-19
"7015","6207雷科","110/08/11","富邦-內湖",9,0,9
"7016","6207雷科","110/08/11","新加坡商瑞銀",25,41,-16
"7017","6207雷科","110/08/11","中國信託-高雄",8,0,8
"7018","6207雷科","110/08/11","玉山證券",3,19,-16
"7019","6207雷科","110/08/11","國票-九鼎",8,0,8
"7020","6207雷科","110/08/11","玉山-雙和",0,16,-16
"7021","3679新至陞","110/08/11","摩根大通",62,3,59
"7022","3679新至陞","110/08/11","港商野村",7,25,-18
"7023","3679新至陞","110/08/11","台灣摩根士丹利",38,0,38
"7024","3679新至陞","110/08/11","凱基-文心",0,9,-9
"7025","3679新至陞","110/08/11","華南永昌-台中",16,0,16
"7026","3679新至陞","110/08/11","北城證券",0,8,-8
"7027","3679新至陞","110/08/11","凱基-台北",37,23,14
"7028","3679新至陞","110/08/11","華南永昌-大安",2,10,-8
"7029","3679新至陞","110/08/11","元大-成功",13,1,12
"7030","3679新至陞","110/08/11","元大-板橋",0,8,-8
"7031","3679新至陞","110/08/11","美林",22,16,6
"7032","3679新至陞","110/08/11","致和-東門",0,7,-7
"7033","3679新至陞","110/08/11","新加坡商瑞銀",12,6,6
"7034","3679新至陞","110/08/11","凱基-長庚",0,7,-7
"7035","3679新至陞","110/08/11","國泰-館前",5,0,5
"7036","3679新至陞","110/08/11","花旗環球",0,6,-6
"7037","3679新至陞","110/08/11","瑞士信貸",9,5,4
"7038","3679新至陞","110/08/11","群益金鼎-古亭",0,6,-6
"7039","3679新至陞","110/08/11","國泰-板橋",5,1,4
"7040","3679新至陞","110/08/11","元大-大同",0,6,-6
"7041","3679新至陞","110/08/11","日進",3,0,3
"7042","3679新至陞","110/08/11","華南永昌-鶯歌",0,5,-5
"7043","3679新至陞","110/08/11","(牛牛牛)亞-網路",4,1,3
"7044","3679新至陞","110/08/11","永豐金-新竹",0,5,-5
"7045","3679新至陞","110/08/11","康和-板橋",3,0,3
"7046","3679新至陞","110/08/11","凱基-新豐",0,4,-4
"7047","3679新至陞","110/08/11","高橋-內壢",2,0,2
"7048","3679新至陞","110/08/11","臺銀-高雄",1,4,-3
"7049","3679新至陞","110/08/11","富邦-台北",7,5,2
"7050","3679新至陞","110/08/11","日盛-文化",0,3,-3
"7051","2727王品","110/08/11","美林",113,23,90
"7052","2727王品","110/08/11","台灣摩根士丹利",8,65,-57
"7053","2727王品","110/08/11","富邦-左營",72,1,71
"7054","2727王品","110/08/11","合庫-新竹",1,23,-22
"7055","2727王品","110/08/11","凱基-台北",80,42,38
"7056","2727王品","110/08/11","永豐金-忠孝",0,20,-20
"7057","2727王品","110/08/11","港商野村",96,70,26
"7058","2727王品","110/08/11","彰銀-台中",1,15,-14
"7059","2727王品","110/08/11","國泰證券",23,1,22
"7060","2727王品","110/08/11","國泰-敦南",10,24,-14
"7061","2727王品","110/08/11","統一",28,8,20
"7062","2727王品","110/08/11","凱基-南崁",0,11,-11
"7063","2727王品","110/08/11","玉山-台南",20,1,19
"7064","2727王品","110/08/11","永豐金-三重",0,10,-10
"7065","2727王品","110/08/11","新光-台中",22,9,13
"7066","2727王品","110/08/11","富邦-中壢",3,12,-9
"7067","2727王品","110/08/11","凱基-興隆",11,0,11
"7068","2727王品","110/08/11","新光",16,24,-8
"7069","2727王品","110/08/11","元大證券",44,33,11
"7070","2727王品","110/08/11","國泰-板橋",12,20,-8
"7071","2727王品","110/08/11","日盛-樹林",12,2,10
"7072","2727王品","110/08/11","元大-彰化",0,8,-8
"7073","2727王品","110/08/11","第一金-新竹",10,0,10
"7074","2727王品","110/08/11","日盛-木柵",0,7,-7
"7075","2727王品","110/08/11","永全",10,0,10
"7076","2727王品","110/08/11","第一金-頭份",0,7,-7
"7077","2727王品","110/08/11","凱基-埔墘",10,0,10
"7078","2727王品","110/08/11","中國信託-高雄",2,9,-7
"7079","2727王品","110/08/11","摩根大通",42,33,9
"7080","2727王品","110/08/11","兆豐-公益",0,7,-7
"7081","1570力肯","110/08/11","國票-內壢",386,0,386
"7082","1570力肯","110/08/11","群益金鼎-大興",0,100,-100
"7083","1570力肯","110/08/11","華南永昌-桃園",104,3,101
"7084","1570力肯","110/08/11","新光",177,255,-78
"7085","1570力肯","110/08/11","摩根大通",154,84,70
"7086","1570力肯","110/08/11","富邦-台中",0,61,-61
"7087","1570力肯","110/08/11","日盛-頭份",51,0,51
"7088","1570力肯","110/08/11","群益金鼎-忠孝",1,60,-59
"7089","1570力肯","110/08/11","永豐金-中壢",51,1,50
"7090","1570力肯","110/08/11","元大-新店中正",2,61,-59
"7091","1570力肯","110/08/11","永豐金-北高雄",50,0,50
"7092","1570力肯","110/08/11","富邦-陽明",1,51,-50
"7093","1570力肯","110/08/11","凱基-天母",51,2,49
"7094","1570力肯","110/08/11","元大-太平",5,54,-49
"7095","1570力肯","110/08/11","日盛-員林",52,5,47
"7096","1570力肯","110/08/11","統一-松江",0,43,-43
"7097","1570力肯","110/08/11","元富-高雄",40,0,40
"7098","1570力肯","110/08/11","台新證券",6,44,-38
"7099","1570力肯","110/08/11","中國信託-嘉義",34,0,34
"7100","1570力肯","110/08/11","永豐金證券",1,36,-35
"7101","1570力肯","110/08/11","元大-北成功",30,1,29
"7102","1570力肯","110/08/11","瑞士信貸",0,27,-27
"7103","1570力肯","110/08/11","亞東-台中",26,0,26
"7104","1570力肯","110/08/11","元大-中壢",9,35,-26
"7105","1570力肯","110/08/11","第一金-嘉義",26,0,26
"7106","1570力肯","110/08/11","美商高盛",0,25,-25
"7107","1570力肯","110/08/11","凱基-中壢",27,3,24
"7108","1570力肯","110/08/11","國票-北高雄",128,153,-25
"7109","1570力肯","110/08/11","元大-福營",25,1,24
"7110","1570力肯","110/08/11","元富-新店",10,34,-24
"7111","6180橘子","110/08/11","台灣摩根士丹利",42,7,35
"7112","6180橘子","110/08/11","港商野村",5,128,-123
"7113","6180橘子","110/08/11","美商高盛",25,0,25
"7114","6180橘子","110/08/11","合庫-高雄",0,31,-31
"7115","6180橘子","110/08/11","元大-草屯",17,0,17
"7116","6180橘子","110/08/11","摩根大通",13,36,-23
"7117","6180橘子","110/08/11","日盛-文化",16,0,16
"7118","6180橘子","110/08/11","凱基-台北",37,60,-23
"7119","6180橘子","110/08/11","康和-嘉義",11,0,11
"7120","6180橘子","110/08/11","北城證券",0,19,-19
"7121","6180橘子","110/08/11","元大-左營",11,0,11
"7122","6180橘子","110/08/11","元富-潮州",24,41,-17
"7123","6180橘子","110/08/11","土銀-花蓮",10,0,10
"7124","6180橘子","110/08/11","群益金鼎-新店",0,15,-15
"7125","6180橘子","110/08/11","日盛證券",10,0,10
"7126","6180橘子","110/08/11","兆豐-竹北",0,14,-14
"7127","6180橘子","110/08/11","日盛-高雄",10,0,10
"7128","6180橘子","110/08/11","元富-成功",0,13,-13
"7129","6180橘子","110/08/11","國泰-新莊",10,0,10
"7130","6180橘子","110/08/11","新加坡商瑞銀",0,10,-10
"7131","6180橘子","110/08/11","群益金鼎-東門",10,0,10
"7132","6180橘子","110/08/11","康和-高雄",0,10,-10
"7133","6180橘子","110/08/11","凱基-中壢",10,0,10
"7134","6180橘子","110/08/11","國泰-館前",0,10,-10
"7135","6180橘子","110/08/11","元大-中壢",10,0,10
"7136","6180橘子","110/08/11","群益金鼎-嘉義",1,11,-10
"7137","6180橘子","110/08/11","元大-復北",10,0,10
"7138","6180橘子","110/08/11","華南永昌-虎尾",0,10,-10
"7139","6180橘子","110/08/11","美林",12,3,9
"7140","6180橘子","110/08/11","元富-民權",0,8,-8
"7141","2390云辰","110/08/11","臺銀-臺中",224,5,219
"7142","2390云辰","110/08/11","摩根大通",194,707,-513
"7143","2390云辰","110/08/11","兆豐-寶成",187,2,185
"7144","2390云辰","110/08/11","美商高盛",18,229,-211
"7145","2390云辰","110/08/11","元大-土城學府",143,69,74
"7146","2390云辰","110/08/11","兆豐-岡山",5,103,-98
"7147","2390云辰","110/08/11","凱基-民權",70,0,70
"7148","2390云辰","110/08/11","台新證券",13,108,-95
"7149","2390云辰","110/08/11","元大-草屯",67,2,65
"7150","2390云辰","110/08/11","美林",23,98,-75
"7151","2390云辰","110/08/11","兆豐-公益",60,0,60
"7152","2390云辰","110/08/11","永豐金-竹科",0,71,-71
"7153","2390云辰","110/08/11","國票-安和",56,0,56
"7154","2390云辰","110/08/11","元富-花蓮",0,70,-70
"7155","2390云辰","110/08/11","元富-中港",50,0,50
"7156","2390云辰","110/08/11","統一-城中",5,66,-61
"7157","2390云辰","110/08/11","元富-高雄",48,1,47
"7158","2390云辰","110/08/11","國泰-台中",50,109,-59
"7159","2390云辰","110/08/11","統一-新營",45,5,40
"7160","2390云辰","110/08/11","元大-豐原站前",10,69,-59
"7161","2390云辰","110/08/11","元大-板橋三民",39,1,38
"7162","2390云辰","110/08/11","新加坡商瑞銀",18,75,-57
"7163","2390云辰","110/08/11","元富-新店",52,17,35
"7164","2390云辰","110/08/11","台新-左楠",15,67,-52
"7165","2390云辰","110/08/11","永全-南崁",35,4,31
"7166","2390云辰","110/08/11","凱基-中壢",7,59,-52
"7167","2390云辰","110/08/11","群益金鼎-萬華",33,3,30
"7168","2390云辰","110/08/11","國票-北高雄",23,69,-46
"7169","2390云辰","110/08/11","日盛-宜蘭",25,0,25
"7170","2390云辰","110/08/11","新光-高雄",11,53,-42
"7171","2542興富發","110/08/06","瑞士信貸",747,10,737
"7172","2542興富發","110/08/06","凱基-士林",5,972,-967
"7173","2542興富發","110/08/06","摩根大通",837,107,730
"7174","2542興富發","110/08/06","統一-台中",1,376,-375
"7175","2542興富發","110/08/06","群益金鼎-敦南",681,1,680
"7176","2542興富發","110/08/06","永豐金-豐原",16,133,-117
"7177","2542興富發","110/08/06","凱基-台北",790,360,430
"7178","2542興富發","110/08/06","元富-敦南",0,111,-111
"7179","2542興富發","110/08/06","台灣摩根士丹利",259,20,239
"7180","2542興富發","110/08/06","兆豐-南京",0,108,-108
"7181","2542興富發","110/08/06","美商高盛",235,0,235
"7182","2542興富發","110/08/06","元大-金華",0,100,-100
"7183","2542興富發","110/08/06","新加坡商瑞銀",178,0,178
"7184","2542興富發","110/08/06","陽信",0,80,-80
"7185","2542興富發","110/08/06","凱基-中山",167,2,165
"7186","2542興富發","110/08/06","統一-金門",0,78,-78
"7187","2542興富發","110/08/06","凱基",121,14,107
"7188","2542興富發","110/08/06","新光-台中",7,68,-61
"7189","2542興富發","110/08/06","大慶-楊梅",101,4,97
"7190","2542興富發","110/08/06","富邦-新店",2,58,-56
"7191","2542興富發","110/08/06","美林",193,109,84
"7192","2542興富發","110/08/06","元大-新竹",0,52,-52
"7193","2542興富發","110/08/06","統一",64,5,59
"7194","2542興富發","110/08/06","凱基-永和",0,51,-51
"7195","2542興富發","110/08/06","富邦-南屯",60,1,59
"7196","2542興富發","110/08/06","統一-中壢",0,50,-50
"7197","2542興富發","110/08/06","群益金鼎",43,0,43
"7198","2542興富發","110/08/06","元富",0,50,-50
"7199","2542興富發","110/08/06","元大證券",128,85,43
"7200","2542興富發","110/08/06","法銀巴黎",0,48,-48
"7201","2867三商壽","110/08/06","摩根大通",410,157,253
"7202","2867三商壽","110/08/06","日盛-新莊",0,719,-719
"7203","2867三商壽","110/08/06","元大-北港",201,0,201
"7204","2867三商壽","110/08/06","群益金鼎-桃園",0,400,-400
"7205","2867三商壽","110/08/06","元大-斗信",200,0,200
"7206","2867三商壽","110/08/06","中國信託-文心",1,301,-300
"7207","2867三商壽","110/08/06","元大-沙鹿",199,0,199
"7208","2867三商壽","110/08/06","美林",10,169,-159
"7209","2867三商壽","110/08/06","永豐金-嘉義",130,0,130
"7210","2867三商壽","110/08/06","法銀巴黎",0,122,-122
"7211","2867三商壽","110/08/06","第一金-自由",100,0,100
"7212","2867三商壽","110/08/06","國票-中和",0,100,-100
"7213","2867三商壽","110/08/06","元大-大里德芳",100,0,100
"7214","2867三商壽","110/08/06","台灣摩根士丹利",65,164,-99
"7215","2867三商壽","110/08/06","元大-土城永寧",100,0,100
"7216","2867三商壽","110/08/06","凱基-高美館",2,64,-62
"7217","2867三商壽","110/08/06","瑞士信貸",94,0,94
"7218","2867三商壽","110/08/06","元大證券",1,62,-61
"7219","2867三商壽","110/08/06","元大-汐止",60,0,60
"7220","2867三商壽","110/08/06","華南永昌-南京",0,50,-50
"7221","2867三商壽","110/08/06","元富-大裕",52,0,52
"7222","2867三商壽","110/08/06","凱基-頭份",0,45,-45
"7223","2867三商壽","110/08/06","新光",53,1,52
"7224","2867三商壽","110/08/06","凱基",0,44,-44
"7225","2867三商壽","110/08/06","凱基-市府",51,0,51
"7226","2867三商壽","110/08/06","康和-屏東",0,43,-43
"7227","2867三商壽","110/08/06","安泰",49,0,49
"7228","2867三商壽","110/08/06","凱基-八德",0,40,-40
"7229","2867三商壽","110/08/06","富邦-桃園",50,2,48
"7230","2867三商壽","110/08/06","凱基-虎尾",0,40,-40
"7231","5521工信","110/08/06","日進",412,0,412
"7232","5521工信","110/08/06","中國信託-嘉義",0,100,-100
"7233","5521工信","110/08/06","瑞士信貸",48,0,48
"7234","5521工信","110/08/06","美林",0,69,-69
"7235","5521工信","110/08/06","日盛-雙和",34,0,34
"7236","5521工信","110/08/06","統一-新竹",0,60,-60
"7237","5521工信","110/08/06","聯邦-雙和",25,0,25
"7238","5521工信","110/08/06","第一金-桃園",0,55,-55
"7239","5521工信","110/08/06","台新證券",32,12,20
"7240","5521工信","110/08/06","凱基-台北",0,54,-54
"7241","5521工信","110/08/06","土銀-台中",17,0,17
"7242","5521工信","110/08/06","華南永昌-桃園",0,49,-49
"7243","5521工信","110/08/06","(牛牛牛)亞-鑫豐",15,0,15
"7244","5521工信","110/08/06","第一金-安和",0,40,-40
"7245","5521工信","110/08/06","元大-沙鹿",19,4,15
"7246","5521工信","110/08/06","合庫-台南",0,36,-36
"7247","5521工信","110/08/06","元富-安南",14,0,14
"7248","5521工信","110/08/06","台灣摩根士丹利",7,34,-27
"7249","5521工信","110/08/06","新加坡商瑞銀",10,0,10
"7250","5521工信","110/08/06","摩根大通",22,48,-26
"7251","5521工信","110/08/06","德信-中正",10,0,10
"7252","5521工信","110/08/06","台新-台中",0,20,-20
"7253","5521工信","110/08/06","國泰-敦南",22,12,10
"7254","5521工信","110/08/06","元大-豐原",0,20,-20
"7255","5521工信","110/08/06","群益金鼎-屏東",10,0,10
"7256","5521工信","110/08/06","元大-北成功",0,20,-20
"7257","5521工信","110/08/06","群益金鼎-東門",10,0,10
"7258","5521工信","110/08/06","永豐金-埔里",0,20,-20
"7259","5521工信","110/08/06","元大-西螺",10,0,10
"7260","5521工信","110/08/06","港商野村",0,16,-16
"7261","1471首利","110/08/06","國票-彰化",30,0,30
"7262","1471首利","110/08/06","兆豐-麻豆",0,50,-50
"7263","1471首利","110/08/06","凱基-宜蘭",27,0,27
"7264","1471首利","110/08/06","台新證券",3,30,-27
"7265","1471首利","110/08/06","玉山-桃園",22,0,22
"7266","1471首利","110/08/06","美林",15,41,-26
"7267","1471首利","110/08/06","新光-台中",17,0,17
"7268","1471首利","110/08/06","永豐金-台南",0,25,-25
"7269","1471首利","110/08/06","兆豐-埔墘",14,0,14
"7270","1471首利","110/08/06","元富-草屯",0,19,-19
"7271","1471首利","110/08/06","新光-高雄",11,0,11
"7272","1471首利","110/08/06","新光-桃園",0,17,-17
"7273","1471首利","110/08/06","合庫-鳳山",10,0,10
"7274","1471首利","110/08/06","摩根大通",13,28,-15
"7275","1471首利","110/08/06","統一-竹南",10,0,10
"7276","1471首利","110/08/06","華南永昌-淡水",1,15,-14
"7277","1471首利","110/08/06","(牛牛牛)亞-鑫豐",10,0,10
"7278","1471首利","110/08/06","台中銀",1,14,-13
"7279","1471首利","110/08/06","兆豐-岡山",10,0,10
"7280","1471首利","110/08/06","玉山-板橋",0,12,-12
"7281","1471首利","110/08/06","凱基-彰化",10,0,10
"7282","1471首利","110/08/06","富邦-基隆",10,22,-12
"7283","1471首利","110/08/06","富邦-永和",10,0,10
"7284","1471首利","110/08/06","台灣企銀",0,10,-10
"7285","1471首利","110/08/06","元大-竹山",10,0,10
"7286","1471首利","110/08/06","元富-民權",0,10,-10
"7287","1471首利","110/08/06","元大-民雄",10,0,10
"7288","1471首利","110/08/06","元大-左營",0,10,-10
"7289","1471首利","110/08/06","元大-南崁",10,1,9
"7290","1471首利","110/08/06","大昌-新店",2,11,-9
"7291","2883開發金","110/08/06","國泰證券",7766,49,7717
"7292","2883開發金","110/08/06","永豐金-板橋",2,2245,-2243
"7293","2883開發金","110/08/06","元富-城東",7094,124,6970
"7294","2883開發金","110/08/06","玉山-台南",63,2130,-2067
"7295","2883開發金","110/08/06","摩根大通",4922,1097,3825
"7296","2883開發金","110/08/06","國泰-板橋",236,1871,-1635
"7297","2883開發金","110/08/06","瑞士信貸",3230,108,3122
"7298","2883開發金","110/08/06","港商野村",1243,2562,-1319
"7299","2883開發金","110/08/06","凱基-台北",4810,2311,2499
"7300","2883開發金","110/08/06","美林",1480,2782,-1302
"7301","2883開發金","110/08/06","合庫證券",3551,2064,1487
"7302","2883開發金","110/08/06","群益金鼎-中山",7,1151,-1144
"7303","2883開發金","110/08/06","新加坡商瑞銀",3900,2689,1211
"7304","2883開發金","110/08/06","日盛-員林",17,1100,-1083
"7305","2883開發金","110/08/06","玉山證券",1332,183,1149
"7306","2883開發金","110/08/06","台灣摩根士丹利",509,1544,-1035
"7307","2883開發金","110/08/06","國票-長城",1003,0,1003
"7308","2883開發金","110/08/06","台灣企銀-民雄",0,1004,-1004
"7309","2883開發金","110/08/06","康和",720,0,720
"7310","2883開發金","110/08/06","港商法國興業",7,981,-974
"7311","2883開發金","110/08/06","福邦證券",590,15,575
"7312","2883開發金","110/08/06","新光",240,1199,-959
"7313","2883開發金","110/08/06","台灣企銀-九如",492,10,482
"7314","2883開發金","110/08/06","元大-新莊",58,1017,-959
"7315","2883開發金","110/08/06","宏遠-民生",502,54,448
"7316","2883開發金","110/08/06","富邦-彰化",5,766,-761
"7317","2883開發金","110/08/06","元大證券",803,358,445
"7318","2883開發金","110/08/06","中國信託",270,931,-661
"7319","2883開發金","110/08/06","玉山-高雄",476,80,396
"7320","2883開發金","110/08/06","永豐金-彰化",33,655,-622
"7321","6205詮欣","110/08/06","臺銀-民權",20,0,20
"7322","6205詮欣","110/08/06","元大-板橋",0,50,-50
"7323","6205詮欣","110/08/06","合庫-三重",15,0,15
"7324","6205詮欣","110/08/06","摩根大通",0,29,-29
"7325","6205詮欣","110/08/06","日盛-三重",15,4,11
"7326","6205詮欣","110/08/06","臺銀-新竹",0,3,-3
"7327","6205詮欣","110/08/06","凱基-長庚",10,0,10
"7328","6205詮欣","110/08/06","日盛-頭份",0,3,-3
"7329","6205詮欣","110/08/06","臺銀-臺中",5,0,5
"7330","6205詮欣","110/08/06","群益金鼎-潭子",0,3,-3
"7331","6205詮欣","110/08/06","兆豐-台中",4,0,4
"7332","6205詮欣","110/08/06","永豐金-敦南",0,3,-3
"7333","6205詮欣","110/08/06","凱基-台北",4,0,4
"7334","6205詮欣","110/08/06","美林",0,2,-2
"7335","6205詮欣","110/08/06","元大-龍潭",4,0,4
"7336","6205詮欣","110/08/06","新加坡商瑞銀",6,8,-2
"7337","6205詮欣","110/08/06","瑞士信貸",3,0,3
"7338","6205詮欣","110/08/06","華南永昌-淡水",0,2,-2
"7339","6205詮欣","110/08/06","國泰-板橋",3,0,3
"7340","6205詮欣","110/08/06","元大-發財",0,2,-2
"7341","6205詮欣","110/08/06","台中銀",2,0,2
"7342","6205詮欣","110/08/06","元大-屏東民生",0,2,-2
"7343","6205詮欣","110/08/06","德信-新營",2,0,2
"7344","6205詮欣","110/08/06","統一-南京",0,1,-1
"7345","6205詮欣","110/08/06","兆豐-竹北",2,0,2
"7346","6205詮欣","110/08/06","新光-台中",0,1,-1
"7347","6205詮欣","110/08/06","兆豐-景美",2,0,2
"7348","6205詮欣","110/08/06","玉山證券",0,1,-1
"7349","6205詮欣","110/08/06","台新-台中",2,0,2
"7350","6205詮欣","110/08/06","富邦-左營",0,1,-1
"7351","1540喬福","110/08/06","元富-中原",27,0,27
"7352","1540喬福","110/08/06","統一-新台中",0,25,-25
"7353","1540喬福","110/08/06","合庫-台中",24,0,24
"7354","1540喬福","110/08/06","大慶-中壢",0,24,-24
"7355","1540喬福","110/08/06","台新-台中",10,0,10
"7356","1540喬福","110/08/06","福勝",0,7,-7
"7357","1540喬福","110/08/06","富邦-竹北",7,0,7
"7358","1540喬福","110/08/06","群益金鼎-高雄",0,5,-5
"7359","1540喬福","110/08/06","華南永昌-中正",5,0,5
"7360","1540喬福","110/08/06","富邦-高雄",0,5,-5
"7361","1540喬福","110/08/06","玉山證券",4,0,4
"7362","1540喬福","110/08/06","美林",0,3,-3
"7363","1540喬福","110/08/06","兆豐-台中港",2,0,2
"7364","1540喬福","110/08/06","元大-景美",0,3,-3
"7365","1540喬福","110/08/06","國票-中正",2,0,2
"7366","1540喬福","110/08/06","元大-和平",0,3,-3
"7367","1540喬福","110/08/06","凱基-虎尾",2,0,2
"7368","1540喬福","110/08/06","日盛-台中",0,2,-2
"7369","1540喬福","110/08/06","凱基-台北",2,0,2
"7370","1540喬福","110/08/06","日盛-中和",0,2,-2
"7371","1540喬福","110/08/06","元大-府城",2,0,2
"7372","1540喬福","110/08/06","台新-台南",0,2,-2
"7373","1540喬福","110/08/06","土銀-玉里",1,0,1
"7374","1540喬福","110/08/06","玉山-高雄",0,2,-2
"7375","1540喬福","110/08/06","第一金-中壢",1,0,1
"7376","1540喬福","110/08/06","凱基-中壢",0,2,-2
"7377","1540喬福","110/08/06","國票-彰化",1,0,1
"7378","1540喬福","110/08/06","致和-南京",0,1,-1
"7379","1540喬福","110/08/06","國泰-敦南",1,0,1
"7380","1540喬福","110/08/06","摩根大通",0,1,-1
"7381","2888新光金","110/08/06","玉山-城中",3762,22,3740
"7382","2888新光金","110/08/06","美林",583,3191,-2608
"7383","2888新光金","110/08/06","瑞士信貸",1783,778,1005
"7384","2888新光金","110/08/06","元富-城東",39,1594,-1555
"7385","2888新光金","110/08/06","元大-土城永寧",1004,16,988
"7386","2888新光金","110/08/06","日盛-板橋",19,1000,-981
"7387","2888新光金","110/08/06","新加坡商瑞銀",1129,357,772
"7388","2888新光金","110/08/06","摩根大通",2207,3153,-946
"7389","2888新光金","110/08/06","中國信託",566,4,562
"7390","2888新光金","110/08/06","新光",505,1390,-885
"7391","2888新光金","110/08/06","富邦-員林",484,3,481
"7392","2888新光金","110/08/06","台灣摩根士丹利",181,1022,-841
"7393","2888新光金","110/08/06","臺銀-金山",432,3,429
"7394","2888新光金","110/08/06","元大-四維",35,750,-715
"7395","2888新光金","110/08/06","臺銀",418,2,416
"7396","2888新光金","110/08/06","美商高盛",114,811,-697
"7397","2888新光金","110/08/06","凱基-東勢",404,6,398
"7398","2888新光金","110/08/06","法銀巴黎",274,867,-593
"7399","2888新光金","110/08/06","玉山證券",416,73,343
"7400","2888新光金","110/08/06","元大-員林",18,503,-485
"7401","2888新光金","110/08/06","華南永昌-民權",305,0,305
"7402","2888新光金","110/08/06","富邦-建國",57,471,-414
"7403","2888新光金","110/08/06","永興",300,10,290
"7404","2888新光金","110/08/06","富邦-台中",15,418,-403
"7405","2888新光金","110/08/06","富邦-台北",319,48,271
"7406","2888新光金","110/08/06","華南永昌-嘉義",2,324,-322
"7407","2888新光金","110/08/06","兆豐-員林",274,28,246
"7408","2888新光金","110/08/06","凱基-台北",839,1120,-281
"7409","2888新光金","110/08/06","合庫-台中",240,10,230
"7410","2888新光金","110/08/06","國泰-館前",20,289,-269
"7411","1340勝悅","110/08/06","國泰-台中",30,0,30
"7412","1340勝悅","110/08/06","凱基-三峽",0,20,-20
"7413","1340勝悅","110/08/06","元富-彰化",10,0,10
"7414","1340勝悅","110/08/06","富邦-台東",1,14,-13
"7415","1340勝悅","110/08/06","華南永昌-忠孝",8,0,8
"7416","1340勝悅","110/08/06","華南永昌-三重",0,12,-12
"7417","1340勝悅","110/08/06","華南永昌-大安",7,0,7
"7418","1340勝悅","110/08/06","華南永昌-台中",0,10,-10
"7419","1340勝悅","110/08/06","永豐金-信義",6,0,6
"7420","1340勝悅","110/08/06","美林",0,8,-8
"7421","1340勝悅","110/08/06","臺灣企銀-埔墘",5,0,5
"7422","1340勝悅","110/08/06","第一金-豐原",0,8,-8
"7423","1340勝悅","110/08/06","元大-沙鹿",5,0,5
"7424","1340勝悅","110/08/06","凱基-城中",0,8,-8
"7425","1340勝悅","110/08/06","新光-高雄",4,0,4
"7426","1340勝悅","110/08/06","華南永昌-嘉義",0,6,-6
"7427","1340勝悅","110/08/06","群益金鼎-彰化",4,0,4
"7428","1340勝悅","110/08/06","元富",0,5,-5
"7429","1340勝悅","110/08/06","元大-仁愛",4,0,4
"7430","1340勝悅","110/08/06","光和-田中",0,5,-5
"7431","1340勝悅","110/08/06","美商高盛",3,0,3
"7432","1340勝悅","110/08/06","摩根大通",0,5,-5
"7433","1340勝悅","110/08/06","群益金鼎-館前",3,0,3
"7434","1340勝悅","110/08/06","元大-草屯",0,4,-4
"7435","1340勝悅","110/08/06","臺銀-臺中",2,0,2
"7436","1340勝悅","110/08/06","凱基-台北",1,4,-3
"7437","1340勝悅","110/08/06","永全-南崁",2,0,2
"7438","1340勝悅","110/08/06","元大-苑裡",0,3,-3
"7439","1340勝悅","110/08/06","群益金鼎-崇德",2,0,2
"7440","1340勝悅","110/08/06","日盛-員林",0,2,-2
"7441","6246臺龍","110/08/06","元大-西螺",120,1,119
"7442","6246臺龍","110/08/06","統一",0,247,-247
"7443","6246臺龍","110/08/06","富邦-敦南",111,0,111
"7444","6246臺龍","110/08/06","元大-林森",3,203,-200
"7445","6246臺龍","110/08/06","統一-台中",74,10,64
"7446","6246臺龍","110/08/06","凱基-大直",4,103,-99
"7447","6246臺龍","110/08/06","日盛證券",53,0,53
"7448","6246臺龍","110/08/06","大慶-富順",45,110,-65
"7449","6246臺龍","110/08/06","兆豐-高雄",81,38,43
"7450","6246臺龍","110/08/06","統一-南京",20,70,-50
"7451","6246臺龍","110/08/06","群益金鼎-東大",43,2,41
"7452","6246臺龍","110/08/06","港商野村",166,213,-47
"7453","6246臺龍","110/08/06","統一-永和",40,0,40
"7454","6246臺龍","110/08/06","台灣企銀",0,45,-45
"7455","6246臺龍","110/08/06","凱基-市府",48,8,40
"7456","6246臺龍","110/08/06","華南永昌-忠孝",1,45,-44
"7457","6246臺龍","110/08/06","凱基-員林",40,0,40
"7458","6246臺龍","110/08/06","永豐金-桃盛",0,35,-35
"7459","6246臺龍","110/08/06","新光-高雄",57,21,36
"7460","6246臺龍","110/08/06","康和-澎湖",0,30,-30
"7461","6246臺龍","110/08/06","國泰-敦南",104,69,35
"7462","6246臺龍","110/08/06","康和-石牌",0,30,-30
"7463","6246臺龍","110/08/06","元大-金門",39,5,34
"7464","6246臺龍","110/08/06","中國信託-永康",6,35,-29
"7465","6246臺龍","110/08/06","元大-西屯",29,2,27
"7466","6246臺龍","110/08/06","康和-內湖",2,30,-28
"7467","6246臺龍","110/08/06","永興-水湳",26,1,25
"7468","6246臺龍","110/08/06","大昌",16,43,-27
"7469","6246臺龍","110/08/06","元大-豐原站前",25,0,25
"7470","6246臺龍","110/08/06","台新證券",29,55,-26
"7471","00715L期街口布蘭特正2","110/08/06","華南永昌-長虹",810,50,760
"7472","00715L期街口布蘭特正2","110/08/06","永豐金證券",105,2122,-2017
"7473","00715L期街口布蘭特正2","110/08/06","富邦證券",557,0,557
"7474","00715L期街口布蘭特正2","110/08/06","(牛牛牛)亞-鑫豐",23,892,-869
"7475","00715L期街口布蘭特正2","110/08/06","新光",643,129,514
"7476","00715L期街口布蘭特正2","110/08/06","凱基-台北",1,789,-788
"7477","00715L期街口布蘭特正2","110/08/06","台新-新營",434,0,434
"7478","00715L期街口布蘭特正2","110/08/06","元大-永康",0,781,-781
"7479","00715L期街口布蘭特正2","110/08/06","群益金鼎-屏東",401,0,401
"7480","00715L期街口布蘭特正2","110/08/06","富邦-彰化",0,513,-513
"7481","00715L期街口布蘭特正2","110/08/06","永豐金-板盛",402,21,381
"7482","00715L期街口布蘭特正2","110/08/06","玉山-大里",0,488,-488
"7483","00715L期街口布蘭特正2","110/08/06","兆豐-員林",302,6,296
"7484","00715L期街口布蘭特正2","110/08/06","元大-中和",0,400,-400
"7485","00715L期街口布蘭特正2","110/08/06","兆豐-新莊",260,0,260
"7486","00715L期街口布蘭特正2","110/08/06","元富-安南",2,310,-308
"7487","00715L期街口布蘭特正2","110/08/06","宏遠-光隆",252,0,252
"7488","00715L期街口布蘭特正2","110/08/06","元大-羅東",5,304,-299
"7489","00715L期街口布蘭特正2","110/08/06","台中銀",207,0,207
"7490","00715L期街口布蘭特正2","110/08/06","第一金-路竹",13,273,-260
"7491","00715L期街口布蘭特正2","110/08/06","國票-北高雄",204,0,204
"7492","00715L期街口布蘭特正2","110/08/06","元大-新盛",5,247,-242
"7493","00715L期街口布蘭特正2","110/08/06","永豐金-新店",200,4,196
"7494","00715L期街口布蘭特正2","110/08/06","元大-忠孝",0,202,-202
"7495","00715L期街口布蘭特正2","110/08/06","元大-新莊",211,17,194
"7496","00715L期街口布蘭特正2","110/08/06","兆豐-嘉義",8,200,-192
"7497","00715L期街口布蘭特正2","110/08/06","聯邦-興中",185,0,185
"7498","00715L期街口布蘭特正2","110/08/06","元大-西屯",5,190,-185
"7499","00715L期街口布蘭特正2","110/08/06","元富-成功",244,62,182
"7500","00715L期街口布蘭特正2","110/08/06","元大-前金",1,181,-180
"7501","8941關中","110/08/06","第一金-台南",6,0,6
"7502","8941關中","110/08/06","富邦-員林",0,20,-20
"7503","8941關中","110/08/06","凱基-市府",6,0,6
"7504","8941關中","110/08/06","元大-金華",0,1,-1
"7505","8941關中","110/08/06","合庫-台中",5,0,5
"7506","8941關中","110/08/06","元大-淡水",0,1,-1
"7507","8941關中","110/08/06","永豐金-三重",2,0,2
"7508","8941關中","110/08/06","合庫證券",0,0,0
"7509","8941關中","110/08/06","(牛牛牛)亞-鑫豐",1,0,1
"7510","8941關中","110/08/06","元大證券",0,0,0
"7511","8941關中","110/08/06","群益金鼎-基隆",1,0,1
"7512","8941關中","110/08/06","元大-桃興",2,2,0
"7513","8941關中","110/08/06","元大-古亭",1,0,1
"7514","8941關中","110/08/06","元大-板橋",0,0,0
"7515","8941關中","110/08/06","合庫證券",0,0,0
"7516","8941關中","110/08/06","永豐金-萬盛",0,0,0
"7517","8941關中","110/08/06","元大證券",0,0,0
"7518","8941關中","110/08/06","",NA,NA,NA
"7519","8941關中","110/08/06","元大-桃興",2,2,0
"7520","8941關中","110/08/06","",NA,NA,NA
"7521","8941關中","110/08/06","元大-板橋",0,0,0
"7522","8941關中","110/08/06","",NA,NA,NA
"7523","8941關中","110/08/06","永豐金-萬盛",0,0,0
"7524","8941關中","110/08/06","",NA,NA,NA
"7525","8941關中","110/08/06","",NA,NA,NA
"7526","8941關中","110/08/06","",NA,NA,NA
"7527","8941關中","110/08/06","",NA,NA,NA
"7528","8941關中","110/08/06","",NA,NA,NA
"7529","8941關中","110/08/06","",NA,NA,NA
"7530","8941關中","110/08/06","",NA,NA,NA
"7531","8936國統","110/08/06","摩根大通",55,0,55
"7532","8936國統","110/08/06","大慶-蘆洲",1,63,-62
"7533","8936國統","110/08/06","凱基-台北",66,19,47
"7534","8936國統","110/08/06","宏遠-館前",0,50,-50
"7535","8936國統","110/08/06","國票-敦北法人",25,1,24
"7536","8936國統","110/08/06","凱基-長庚",0,46,-46
"7537","8936國統","110/08/06","元大-大里德芳",22,0,22
"7538","8936國統","110/08/06","台灣摩根士丹利",0,42,-42
"7539","8936國統","110/08/06","兆豐-新營",20,0,20
"7540","8936國統","110/08/06","永豐金-苓雅",15,48,-33
"7541","8936國統","110/08/06","新光-新竹",17,0,17
"7542","8936國統","110/08/06","元大-竹東",0,30,-30
"7543","8936國統","110/08/06","新光-台中",17,4,13
"7544","8936國統","110/08/06","新加坡商瑞銀",23,49,-26
"7545","8936國統","110/08/06","元富-新店",10,0,10
"7546","8936國統","110/08/06","國票-北高雄",0,25,-25
"7547","8936國統","110/08/06","中國信託-永康",10,0,10
"7548","8936國統","110/08/06","國泰-台南",0,20,-20
"7549","8936國統","110/08/06","台新-高雄",11,1,10
"7550","8936國統","110/08/06","國泰-敦南",7,24,-17
"7551","8936國統","110/08/06","國泰-板橋",10,0,10
"7552","8936國統","110/08/06","臺灣企銀-桃園",0,13,-13
"7553","8936國統","110/08/06","群益金鼎-東湖",10,0,10
"7554","8936國統","110/08/06","美商高盛",1,13,-12
"7555","8936國統","110/08/06","元大-北成功",10,0,10
"7556","8936國統","110/08/06","合庫-高雄",0,10,-10
"7557","8936國統","110/08/06","臺銀-高雄",9,0,9
"7558","8936國統","110/08/06","臺銀",0,10,-10
"7559","8936國統","110/08/06","日盛-和美",9,0,9
"7560","8936國統","110/08/06","元大-土城學府",0,10,-10
"7561","6226光鼎","110/08/06","國泰-敦南",183,87,96
"7562","6226光鼎","110/08/06","富邦-嘉義",286,537,-251
"7563","6226光鼎","110/08/06","台新-高雄",129,53,76
"7564","6226光鼎","110/08/06","統一-新竹",30,181,-151
"7565","6226光鼎","110/08/06","新光",81,25,56
"7566","6226光鼎","110/08/06","宏遠-台中",0,118,-118
"7567","6226光鼎","110/08/06","台新證券",112,57,55
"7568","6226光鼎","110/08/06","華南永昌-大安",2,82,-80
"7569","6226光鼎","110/08/06","台新-新營",56,4,52
"7570","6226光鼎","110/08/06","元富-西松",1,76,-75
"7571","6226光鼎","110/08/06","中國信託",48,7,41
"7572","6226光鼎","110/08/06","凱基-豐中",1,74,-73
"7573","6226光鼎","110/08/06","富邦-板橋",38,5,33
"7574","6226光鼎","110/08/06","凱基-長庚",3,64,-61
"7575","6226光鼎","110/08/06","台新-中壢",32,0,32
"7576","6226光鼎","110/08/06","元富-高雄",2,58,-56
"7577","6226光鼎","110/08/06","日盛-北高雄",32,1,31
"7578","6226光鼎","110/08/06","永豐金-萬盛",2,49,-47
"7579","6226光鼎","110/08/06","群益金鼎-桃園",31,0,31
"7580","6226光鼎","110/08/06","統一-仁愛",11,57,-46
"7581","6226光鼎","110/08/06","元大-屏東民生",31,0,31
"7582","6226光鼎","110/08/06","國票-台中",0,46,-46
"7583","6226光鼎","110/08/06","中國信託-永康",35,5,30
"7584","6226光鼎","110/08/06","群益金鼎-嘉義",11,55,-44
"7585","6226光鼎","110/08/06","國泰-台中",57,27,30
"7586","6226光鼎","110/08/06","元大-沙鹿",6,50,-44
"7587","6226光鼎","110/08/06","群益金鼎-板橋",30,0,30
"7588","6226光鼎","110/08/06","新光-高雄",17,58,-41
"7589","6226光鼎","110/08/06","寶盛",29,0,29
"7590","6226光鼎","110/08/06","元大-嘉義",3,36,-33
"7591","2363矽統","110/08/06","新加坡商瑞銀",1338,777,561
"7592","2363矽統","110/08/06","凱基-台北",4343,7347,-3004
"7593","2363矽統","110/08/06","日盛-三峽",475,86,389
"7594","2363矽統","110/08/06","摩根大通",1716,2908,-1192
"7595","2363矽統","110/08/06","中國信託-忠孝",433,44,389
"7596","2363矽統","110/08/06","美商高盛",315,1169,-854
"7597","2363矽統","110/08/06","陽信-石牌",448,73,375
"7598","2363矽統","110/08/06","永豐金證券",168,889,-721
"7599","2363矽統","110/08/06","國泰-台中",743,471,272
"7600","2363矽統","110/08/06","國票-敦北法人",29,513,-484
"7601","2363矽統","110/08/06","國泰-敦南",2177,1919,258
"7602","2363矽統","110/08/06","元富-嘉義",43,424,-381
"7603","2363矽統","110/08/06","台新-台中",565,347,218
"7604","2363矽統","110/08/06","元大-東泰",174,540,-366
"7605","2363矽統","110/08/06","元大-敦化",246,31,215
"7606","2363矽統","110/08/06","元大證券",187,522,-335
"7607","2363矽統","110/08/06","大昌-桃園",241,51,190
"7608","2363矽統","110/08/06","合庫證券",173,495,-322
"7609","2363矽統","110/08/06","華南永昌-淡水",230,48,182
"7610","2363矽統","110/08/06","元大-萬華",128,391,-263
"7611","2363矽統","110/08/06","港商野村",2381,2203,178
"7612","2363矽統","110/08/06","國票-博愛",93,350,-257
"7613","2363矽統","110/08/06","台新-高雄",529,361,168
"7614","2363矽統","110/08/06","台新-屏東",200,455,-255
"7615","2363矽統","110/08/06","元大-新竹",320,156,164
"7616","2363矽統","110/08/06","日盛-南京",74,327,-253
"7617","2363矽統","110/08/06","元大-中壢",454,292,162
"7618","2363矽統","110/08/06","兆豐-民生",16,227,-211
"7619","2363矽統","110/08/06","新光-台南",310,150,160
"7620","2363矽統","110/08/06","元大-旗山",168,364,-196
"7621","8112至上","110/08/06","新光-新竹",533,65,468
"7622","8112至上","110/08/06","摩根大通",12,2930,-2918
"7623","8112至上","110/08/06","國泰-新莊",192,0,192
"7624","8112至上","110/08/06","凱基-台北",388,1548,-1160
"7625","8112至上","110/08/06","合庫證券",195,11,184
"7626","8112至上","110/08/06","新加坡商瑞銀",17,1069,-1052
"7627","8112至上","110/08/06","元大-西門",178,2,176
"7628","8112至上","110/08/06","台灣摩根士丹利",48,955,-907
"7629","8112至上","110/08/06","(牛牛牛)亞-鑫豐",153,13,140
"7630","8112至上","110/08/06","元大-竹科",61,824,-763
"7631","8112至上","110/08/06","永豐金-中正",120,1,119
"7632","8112至上","110/08/06","美林",19,583,-564
"7633","8112至上","110/08/06","陽信",111,0,111
"7634","8112至上","110/08/06","瑞士信貸",0,547,-547
"7635","8112至上","110/08/06","康和-板橋",106,0,106
"7636","8112至上","110/08/06","康和",2,484,-482
"7637","8112至上","110/08/06","群益金鼎-延平",101,0,101
"7638","8112至上","110/08/06","永豐金-台中",17,430,-413
"7639","8112至上","110/08/06","元大-北成功",110,14,96
"7640","8112至上","110/08/06","元大-屏南",4,393,-389
"7641","8112至上","110/08/06","元富-古亭",141,46,95
"7642","8112至上","110/08/06","美商高盛",12,217,-205
"7643","8112至上","110/08/06","臺灣企銀-埔墘",92,1,91
"7644","8112至上","110/08/06","新光-桃園",42,204,-162
"7645","8112至上","110/08/06","第一金-桃園",89,0,89
"7646","8112至上","110/08/06","玉山證券",18,162,-144
"7647","8112至上","110/08/06","台新證券",105,16,89
"7648","8112至上","110/08/06","群益金鼎-基隆",7,151,-144
"7649","8112至上","110/08/06","玉山-板橋",96,10,86
"7650","8112至上","110/08/06","台新-新營",60,183,-123
"7651","1570力肯","110/08/06","國票-北高雄",246,40,206
"7652","1570力肯","110/08/06","富邦-高雄",0,47,-47
"7653","1570力肯","110/08/06","統一-松江",43,0,43
"7654","1570力肯","110/08/06","凱基-台北",55,101,-46
"7655","1570力肯","110/08/06","日茂-南投",42,2,40
"7656","1570力肯","110/08/06","台新證券",25,60,-35
"7657","1570力肯","110/08/06","群益金鼎-三重",34,2,32
"7658","1570力肯","110/08/06","元富-三重",0,32,-32
"7659","1570力肯","110/08/06","華南永昌-麻豆",32,4,28
"7660","1570力肯","110/08/06","台中銀-員林",0,32,-32
"7661","1570力肯","110/08/06","永豐金-中和",29,2,27
"7662","1570力肯","110/08/06","國泰-板橋",1,33,-32
"7663","1570力肯","110/08/06","永豐金-大園",21,0,21
"7664","1570力肯","110/08/06","摩根大通",83,112,-29
"7665","1570力肯","110/08/06","統一-三重",25,5,20
"7666","1570力肯","110/08/06","玉山-新莊",0,27,-27
"7667","1570力肯","110/08/06","元富-新店",20,0,20
"7668","1570力肯","110/08/06","永豐金-虎尾",0,27,-27
"7669","1570力肯","110/08/06","大昌-桃園",21,1,20
"7670","1570力肯","110/08/06","玉山-左營",0,25,-25
"7671","1570力肯","110/08/06","康和-高雄",18,1,17
"7672","1570力肯","110/08/06","富邦-仁愛",10,32,-22
"7673","1570力肯","110/08/06","元富-潮州",16,0,16
"7674","1570力肯","110/08/06","中國信託-忠孝",0,21,-21
"7675","1570力肯","110/08/06","元富-松德",15,0,15
"7676","1570力肯","110/08/06","臺銀-鳳山",4,24,-20
"7677","1570力肯","110/08/06","凱基-嘉義",15,0,15
"7678","1570力肯","110/08/06","台新-屏東",1,21,-20
"7679","1570力肯","110/08/06","凱基-埔墘",15,0,15
"7680","1570力肯","110/08/06","群益金鼎-西松",0,20,-20
"7681","2929淘帝","110/08/06","統一",155,0,155
"7682","2929淘帝","110/08/06","元富-敦南",0,100,-100
"7683","2929淘帝","110/08/06","港商野村",188,52,136
"7684","2929淘帝","110/08/06","兆豐-忠孝",0,60,-60
"7685","2929淘帝","110/08/06","摩根大通",72,3,69
"7686","2929淘帝","110/08/06","台新證券",9,68,-59
"7687","2929淘帝","110/08/06","新光-新竹",45,0,45
"7688","2929淘帝","110/08/06","凱基-台北",30,80,-50
"7689","2929淘帝","110/08/06","華南永昌",40,1,39
"7690","2929淘帝","110/08/06","台新-台中",0,45,-45
"7691","2929淘帝","110/08/06","美林",52,18,34
"7692","2929淘帝","110/08/06","國泰-台中",2,43,-41
"7693","2929淘帝","110/08/06","新加坡商瑞銀",48,14,34
"7694","2929淘帝","110/08/06","華南永昌-林口",0,37,-37
"7695","2929淘帝","110/08/06","日盛-頭份",32,0,32
"7696","2929淘帝","110/08/06","元大-屏南",0,30,-30
"7697","2929淘帝","110/08/06","日盛-板橋中山",30,0,30
"7698","2929淘帝","110/08/06","群益金鼎-潭子",0,26,-26
"7699","2929淘帝","110/08/06","元大-中壢",25,3,22
"7700","2929淘帝","110/08/06","元大-新莊",3,26,-23
"7701","2929淘帝","110/08/06","元大-莒光",21,0,21
"7702","2929淘帝","110/08/06","臺銀-臺南",0,22,-22
"7703","2929淘帝","110/08/06","福勝",20,0,20
"7704","2929淘帝","110/08/06","新光",2,24,-22
"7705","2929淘帝","110/08/06","元富-三重",17,0,17
"7706","2929淘帝","110/08/06","華南永昌-長虹",0,22,-22
"7707","2929淘帝","110/08/06","國票-南京",17,0,17
"7708","2929淘帝","110/08/06","富邦-高雄",0,20,-20
"7709","2929淘帝","110/08/06","合庫證券",16,0,16
"7710","2929淘帝","110/08/06","元大-竹科",0,20,-20
"7711","5410國眾","110/08/06","元大-中壢",15,1,14
"7712","5410國眾","110/08/06","凱基-台北",0,16,-16
"7713","5410國眾","110/08/06","玉山-嘉義",10,0,10
"7714","5410國眾","110/08/06","元大-松山",0,15,-15
"7715","5410國眾","110/08/06","元大-敦南",10,0,10
"7716","5410國眾","110/08/06","元大-斗信",0,10,-10
"7717","5410國眾","110/08/06","永豐金-板橋",10,0,10
"7718","5410國眾","110/08/06","臺銀-臺南",0,9,-9
"7719","5410國眾","110/08/06","華南永昌-新莊",9,0,9
"7720","5410國眾","110/08/06","新光-台中",0,9,-9
"7721","5410國眾","110/08/06","華南永昌-世貿",6,0,6
"7722","5410國眾","110/08/06","群益金鼎-中壢",0,7,-7
"7723","5410國眾","110/08/06","亞東",5,0,5
"7724","5410國眾","110/08/06","永豐金-中和",0,7,-7
"7725","5410國眾","110/08/06","大昌-新店",5,0,5
"7726","5410國眾","110/08/06","元大-北投",0,6,-6
"7727","5410國眾","110/08/06","凱基-民權",5,0,5
"7728","5410國眾","110/08/06","元大-豐原站前",0,6,-6
"7729","5410國眾","110/08/06","元大-士林",5,0,5
"7730","5410國眾","110/08/06","臺銀",0,5,-5
"7731","5410國眾","110/08/06","元大-北三重",5,0,5
"7732","5410國眾","110/08/06","台灣企銀-太平",0,5,-5
"7733","5410國眾","110/08/06","永豐金-桃園",5,0,5
"7734","5410國眾","110/08/06","元大-大益",0,5,-5
"7735","5410國眾","110/08/06","兆豐-員林",4,0,4
"7736","5410國眾","110/08/06","元大-和平",0,5,-5
"7737","5410國眾","110/08/06","台新-三民",4,0,4
"7738","5410國眾","110/08/06","元大-台南",0,5,-5
"7739","5410國眾","110/08/06","國泰-敦南",6,2,4
"7740","5410國眾","110/08/06","元大-古亭",0,5,-5
"7741","2841台開","110/08/06","宏遠-館前",520,0,520
"7742","2841台開","110/08/06","元富-台南",0,200,-200
"7743","2841台開","110/08/06","合庫證券",193,0,193
"7744","2841台開","110/08/06","元大-鹿港",0,182,-182
"7745","2841台開","110/08/06","永興-台中",100,0,100
"7746","2841台開","110/08/06","群益金鼎-桃園",0,132,-132
"7747","2841台開","110/08/06","永豐金-竹北",78,0,78
"7748","2841台開","110/08/06","中國信託-忠孝",0,130,-130
"7749","2841台開","110/08/06","元大證券",50,0,50
"7750","2841台開","110/08/06","元大-四維",3,116,-113
"7751","2841台開","110/08/06","元大-大天母",50,0,50
"7752","2841台開","110/08/06","元富-嘉義",0,50,-50
"7753","2841台開","110/08/06","永豐金-敦南",50,0,50
"7754","2841台開","110/08/06","元富-板橋",0,50,-50
"7755","2841台開","110/08/06","日盛-園區",49,0,49
"7756","2841台開","110/08/06","(牛牛牛)亞-鑫豐",0,50,-50
"7757","2841台開","110/08/06","元大-前金",38,0,38
"7758","2841台開","110/08/06","群益金鼎-新店",0,50,-50
"7759","2841台開","110/08/06","新光-台中",32,1,31
"7760","2841台開","110/08/06","統一-彰化",0,45,-45
"7761","2841台開","110/08/06","華南永昌-台中",30,0,30
"7762","2841台開","110/08/06","台中銀",12,50,-38
"7763","2841台開","110/08/06","第一金-忠孝",20,0,20
"7764","2841台開","110/08/06","國票-中和",0,30,-30
"7765","2841台開","110/08/06","富邦-台北",20,0,20
"7766","2841台開","110/08/06","富邦-竹北",0,29,-29
"7767","2841台開","110/08/06","元大-林園",20,0,20
"7768","2841台開","110/08/06","日盛-樹林",0,26,-26
"7769","2841台開","110/08/06","日盛-信義",18,0,18
"7770","2841台開","110/08/06","富邦-板橋",0,25,-25
"7771","6207雷科","110/08/06","凱基-台北",167,49,118
"7772","6207雷科","110/08/06","群益金鼎-古亭",0,80,-80
"7773","6207雷科","110/08/06","摩根大通",185,102,83
"7774","6207雷科","110/08/06","康和-台中",0,56,-56
"7775","6207雷科","110/08/06","新光-台中",65,1,64
"7776","6207雷科","110/08/06","統一-板橋",8,59,-51
"7777","6207雷科","110/08/06","元大-鳳山",77,40,37
"7778","6207雷科","110/08/06","臺銀",0,50,-50
"7779","6207雷科","110/08/06","德信",30,0,30
"7780","6207雷科","110/08/06","日盛-忠孝",0,50,-50
"7781","6207雷科","110/08/06","新加坡商瑞銀",47,19,28
"7782","6207雷科","110/08/06","永豐金-虎尾",0,29,-29
"7783","6207雷科","110/08/06","凱基-三重",30,2,28
"7784","6207雷科","110/08/06","凱基-敦北",0,23,-23
"7785","6207雷科","110/08/06","凱基-三峽",33,10,23
"7786","6207雷科","110/08/06","華南永昌-世貿",0,22,-22
"7787","6207雷科","110/08/06","玉山-台大",25,3,22
"7788","6207雷科","110/08/06","兆豐-來福",5,25,-20
"7789","6207雷科","110/08/06","元大-板橋",15,0,15
"7790","6207雷科","110/08/06","群益金鼎-中壢",1,21,-20
"7791","6207雷科","110/08/06","元大-南京",13,0,13
"7792","6207雷科","110/08/06","宏遠-台南",0,16,-16
"7793","6207雷科","110/08/06","元富-大昌",12,0,12
"7794","6207雷科","110/08/06","合庫-桃園",0,15,-15
"7795","6207雷科","110/08/06","德信-和平",11,0,11
"7796","6207雷科","110/08/06","玉山-新莊",1,16,-15
"7797","6207雷科","110/08/06","元大-承德",12,1,11
"7798","6207雷科","110/08/06","群益金鼎-敦南",0,15,-15
"7799","6207雷科","110/08/06","台新-高雄",18,8,10
"7800","6207雷科","110/08/06","台新-左楠",2,15,-13
"7801","3679新至陞","110/08/06","國票-安和",10,0,10
"7802","3679新至陞","110/08/06","摩根大通",1,32,-31
"7803","3679新至陞","110/08/06","元大-上新莊",10,0,10
"7804","3679新至陞","110/08/06","凱基-台北",2,17,-15
"7805","3679新至陞","110/08/06","富邦-台北",9,0,9
"7806","3679新至陞","110/08/06","台灣摩根士丹利",0,11,-11
"7807","3679新至陞","110/08/06","元大-板橋",9,3,6
"7808","3679新至陞","110/08/06","瑞士信貸",0,11,-11
"7809","3679新至陞","110/08/06","康和-板橋",5,0,5
"7810","3679新至陞","110/08/06","兆豐-員林",0,10,-10
"7811","3679新至陞","110/08/06","國泰-松江",5,0,5
"7812","3679新至陞","110/08/06","元大-蘆洲",0,10,-10
"7813","3679新至陞","110/08/06","凱基-三峽",5,0,5
"7814","3679新至陞","110/08/06","美林",1,8,-7
"7815","3679新至陞","110/08/06","華南永昌-大安",5,0,5
"7816","3679新至陞","110/08/06","群益金鼎-桃園",0,7,-7
"7817","3679新至陞","110/08/06","台新-屏東",4,0,4
"7818","3679新至陞","110/08/06","玉山-台大",0,5,-5
"7819","3679新至陞","110/08/06","群益金鼎-敦南",4,0,4
"7820","3679新至陞","110/08/06","日盛-新竹",0,4,-4
"7821","3679新至陞","110/08/06","元大-天母",4,0,4
"7822","3679新至陞","110/08/06","土銀-和平",2,5,-3
"7823","3679新至陞","110/08/06","臺銀-高雄",3,0,3
"7824","3679新至陞","110/08/06","元富-松德",0,3,-3
"7825","3679新至陞","110/08/06","台中銀-員林",3,0,3
"7826","3679新至陞","110/08/06","光和-田中",0,3,-3
"7827","3679新至陞","110/08/06","北城證券",3,0,3
"7828","3679新至陞","110/08/06","群益金鼎-台南",0,3,-3
"7829","3679新至陞","110/08/06","元大-景美",3,0,3
"7830","3679新至陞","110/08/06","元大證券",1,4,-3
"7831","2727王品","110/08/06","摩根大通",65,18,47
"7832","2727王品","110/08/06","美商高盛",12,258,-246
"7833","2727王品","110/08/06","華南永昌",18,0,18
"7834","2727王品","110/08/06","安泰",2,60,-58
"7835","2727王品","110/08/06","凱基-台北",41,25,16
"7836","2727王品","110/08/06","台灣摩根士丹利",10,59,-49
"7837","2727王品","110/08/06","元大-中壢",20,4,16
"7838","2727王品","110/08/06","台新證券",17,60,-43
"7839","2727王品","110/08/06","台新-高雄",27,13,14
"7840","2727王品","110/08/06","元大-桃園",0,32,-32
"7841","2727王品","110/08/06","永豐金-苓雅",14,1,13
"7842","2727王品","110/08/06","凱基-基隆",0,30,-30
"7843","2727王品","110/08/06","永豐金-中盛",14,1,13
"7844","2727王品","110/08/06","群益金鼎-台中",0,22,-22
"7845","2727王品","110/08/06","第一金-安和",12,0,12
"7846","2727王品","110/08/06","凱基-三重",1,20,-19
"7847","2727王品","110/08/06","台新-台南",12,0,12
"7848","2727王品","110/08/06","元大證券",23,42,-19
"7849","2727王品","110/08/06","元大-八德",12,0,12
"7850","2727王品","110/08/06","瑞士信貸",0,18,-18
"7851","2727王品","110/08/06","新加坡商瑞銀",14,3,11
"7852","2727王品","110/08/06","港商野村",32,50,-18
"7853","2727王品","110/08/06","美林",11,1,10
"7854","2727王品","110/08/06","元大-羅東",2,17,-15
"7855","2727王品","110/08/06","台新-中壢",10,0,10
"7856","2727王品","110/08/06","元大-彰化",3,15,-12
"7857","2727王品","110/08/06","大昌-新竹",9,0,9
"7858","2727王品","110/08/06","土銀-高雄",1,12,-11
"7859","2727王品","110/08/06","元大-文心興安",11,2,9
"7860","2727王品","110/08/06","台新-新莊",0,11,-11
"7861","1570力肯","110/08/06","國票-北高雄",246,40,206
"7862","1570力肯","110/08/06","富邦-高雄",0,47,-47
"7863","1570力肯","110/08/06","統一-松江",43,0,43
"7864","1570力肯","110/08/06","凱基-台北",55,101,-46
"7865","1570力肯","110/08/06","日茂-南投",42,2,40
"7866","1570力肯","110/08/06","台新證券",25,60,-35
"7867","1570力肯","110/08/06","群益金鼎-三重",34,2,32
"7868","1570力肯","110/08/06","元富-三重",0,32,-32
"7869","1570力肯","110/08/06","華南永昌-麻豆",32,4,28
"7870","1570力肯","110/08/06","台中銀-員林",0,32,-32
"7871","1570力肯","110/08/06","永豐金-中和",29,2,27
"7872","1570力肯","110/08/06","國泰-板橋",1,33,-32
"7873","1570力肯","110/08/06","永豐金-大園",21,0,21
"7874","1570力肯","110/08/06","摩根大通",83,112,-29
"7875","1570力肯","110/08/06","統一-三重",25,5,20
"7876","1570力肯","110/08/06","玉山-新莊",0,27,-27
"7877","1570力肯","110/08/06","元富-新店",20,0,20
"7878","1570力肯","110/08/06","永豐金-虎尾",0,27,-27
"7879","1570力肯","110/08/06","大昌-桃園",21,1,20
"7880","1570力肯","110/08/06","玉山-左營",0,25,-25
"7881","1570力肯","110/08/06","康和-高雄",18,1,17
"7882","1570力肯","110/08/06","富邦-仁愛",10,32,-22
"7883","1570力肯","110/08/06","元富-潮州",16,0,16
"7884","1570力肯","110/08/06","中國信託-忠孝",0,21,-21
"7885","1570力肯","110/08/06","元富-松德",15,0,15
"7886","1570力肯","110/08/06","臺銀-鳳山",4,24,-20
"7887","1570力肯","110/08/06","凱基-嘉義",15,0,15
"7888","1570力肯","110/08/06","台新-屏東",1,21,-20
"7889","1570力肯","110/08/06","凱基-埔墘",15,0,15
"7890","1570力肯","110/08/06","群益金鼎-西松",0,20,-20
"7891","6180橘子","110/08/06","凱基-中山",138,3,135
"7892","6180橘子","110/08/06","新光",6,37,-31
"7893","6180橘子","110/08/06","富邦-高雄",18,0,18
"7894","6180橘子","110/08/06","永豐金-板新",0,24,-24
"7895","6180橘子","110/08/06","美商高盛",14,0,14
"7896","6180橘子","110/08/06","國票-九鼎",0,20,-20
"7897","6180橘子","110/08/06","富邦-板橋",14,0,14
"7898","6180橘子","110/08/06","群益金鼎-古亭",0,20,-20
"7899","6180橘子","110/08/06","台灣摩根士丹利",18,6,12
"7900","6180橘子","110/08/06","凱基-台北",2,22,-20
"7901","6180橘子","110/08/06","聯邦-雙和",11,0,11
"7902","6180橘子","110/08/06","富邦-員林",1,20,-19
"7903","6180橘子","110/08/06","宏遠-光隆",10,0,10
"7904","6180橘子","110/08/06","富邦-基隆",0,14,-14
"7905","6180橘子","110/08/06","元富-四維",10,0,10
"7906","6180橘子","110/08/06","元富-永和",1,12,-11
"7907","6180橘子","110/08/06","摩根大通",11,1,10
"7908","6180橘子","110/08/06","玉山-台南",0,11,-11
"7909","6180橘子","110/08/06","日盛-中壢",9,0,9
"7910","6180橘子","110/08/06","元大-彰化民生",0,11,-11
"7911","6180橘子","110/08/06","中國信託",9,0,9
"7912","6180橘子","110/08/06","群益金鼎-忠孝",0,10,-10
"7913","6180橘子","110/08/06","凱基-板橋",10,1,9
"7914","6180橘子","110/08/06","元大-龍潭",0,10,-10
"7915","6180橘子","110/08/06","日盛-景美",9,2,7
"7916","6180橘子","110/08/06","元大-金華",1,11,-10
"7917","6180橘子","110/08/06","瑞士信貸",7,0,7
"7918","6180橘子","110/08/06","第一金-新興",0,8,-8
"7919","6180橘子","110/08/06","元大-高雄",5,0,5
"7920","6180橘子","110/08/06","美林",0,7,-7
"7921","2390云辰","110/08/06","元大證券",203,14,189
"7922","2390云辰","110/08/06","永豐金-豐原",0,174,-174
"7923","2390云辰","110/08/06","美商高盛",114,7,107
"7924","2390云辰","110/08/06","第一金-華江",0,83,-83
"7925","2390云辰","110/08/06","華南永昌-麻豆",103,0,103
"7926","2390云辰","110/08/06","凱基-台北",126,197,-71
"7927","2390云辰","110/08/06","國票-安和",76,11,65
"7928","2390云辰","110/08/06","摩根大通",129,187,-58
"7929","2390云辰","110/08/06","港商野村",188,138,50
"7930","2390云辰","110/08/06","臺銀-金山",0,50,-50
"7931","2390云辰","110/08/06","元大-土城學府",102,56,46
"7932","2390云辰","110/08/06","聯邦商銀",13,50,-37
"7933","2390云辰","110/08/06","元富-板橋",41,0,41
"7934","2390云辰","110/08/06","元大-上新莊",10,43,-33
"7935","2390云辰","110/08/06","新加坡商瑞銀",47,7,40
"7936","2390云辰","110/08/06","兆豐-三民",0,30,-30
"7937","2390云辰","110/08/06","元大-台南",35,0,35
"7938","2390云辰","110/08/06","富邦-桃園",0,30,-30
"7939","2390云辰","110/08/06","凱基-林口",31,0,31
"7940","2390云辰","110/08/06","國泰-敦南",33,60,-27
"7941","2390云辰","110/08/06","凱基-台中",23,0,23
"7942","2390云辰","110/08/06","元大-天母",1,28,-27
"7943","2390云辰","110/08/06","台新-左楠",22,0,22
"7944","2390云辰","110/08/06","統一-高雄",0,25,-25
"7945","2390云辰","110/08/06","元大-文心",24,2,22
"7946","2390云辰","110/08/06","元大-太平",0,22,-22
"7947","2390云辰","110/08/06","統一-三重",22,1,21
"7948","2390云辰","110/08/06","彰銀-台中",36,56,-20
"7949","2390云辰","110/08/06","台灣企銀-嘉義",20,0,20
"7950","2390云辰","110/08/06","統一-屏東",1,21,-20
"7951","2867三商壽","110/08/05","摩根大通",376,0,376
"7952","2867三商壽","110/08/05","日盛-新莊",0,253,-253
"7953","2867三商壽","110/08/05","玉山-大里",307,1,306
"7954","2867三商壽","110/08/05","宏遠-高雄",0,156,-156
"7955","2867三商壽","110/08/05","元大-土城永寧",250,0,250
"7956","2867三商壽","110/08/05","康和-台中",0,135,-135
"7957","2867三商壽","110/08/05","新加坡商瑞銀",137,0,137
"7958","2867三商壽","110/08/05","台灣摩根士丹利",17,133,-116
"7959","2867三商壽","110/08/05","大展",120,0,120
"7960","2867三商壽","110/08/05","台灣企銀-竹北",0,100,-100
"7961","2867三商壽","110/08/05","凱基-長庚",120,0,120
"7962","2867三商壽","110/08/05","群益金鼎-桃園",1,100,-99
"7963","2867三商壽","110/08/05","元大-大同",104,2,102
"7964","2867三商壽","110/08/05","永豐金-高雄",10,101,-91
"7965","2867三商壽","110/08/05","凱基-台北",98,30,68
"7966","2867三商壽","110/08/05","元富",0,70,-70
"7967","2867三商壽","110/08/05","華南永昌-朴子",60,0,60
"7968","2867三商壽","110/08/05","富邦-花蓮",0,53,-53
"7969","2867三商壽","110/08/05","永豐金-市政",50,0,50
"7970","2867三商壽","110/08/05","日盛-台南",0,43,-43
"7971","2867三商壽","110/08/05","富邦-台南",49,1,48
"7972","2867三商壽","110/08/05","宏遠-台中",6,45,-39
"7973","2867三商壽","110/08/05","永豐金-永康",30,0,30
"7974","2867三商壽","110/08/05","瑞士信貸",0,32,-32
"7975","2867三商壽","110/08/05","富邦-竹東",30,1,29
"7976","2867三商壽","110/08/05","致和-高雄",0,31,-31
"7977","2867三商壽","110/08/05","兆豐-高雄",30,10,20
"7978","2867三商壽","110/08/05","國泰-台南",1,32,-31
"7979","2867三商壽","110/08/05","群益金鼎-西松",20,0,20
"7980","2867三商壽","110/08/05","元大-松山",1,31,-30
"7981","5521工信","110/08/05","兆豐-桃園",72,0,72
"7982","5521工信","110/08/05","美林",5,100,-95
"7983","5521工信","110/08/05","(牛牛牛)亞-鑫豐",24,0,24
"7984","5521工信","110/08/05","華南永昌-桃園",0,76,-76
"7985","5521工信","110/08/05","富邦-建國",22,0,22
"7986","5521工信","110/08/05","第一金-桃園",0,43,-43
"7987","5521工信","110/08/05","日盛-雙和",16,0,16
"7988","5521工信","110/08/05","凱基-台北",0,26,-26
"7989","5521工信","110/08/05","元大-鳳山",16,0,16
"7990","5521工信","110/08/05","台灣摩根士丹利",0,22,-22
"7991","5521工信","110/08/05","元富-城東",12,0,12
"7992","5521工信","110/08/05","富邦-竹北",0,20,-20
"7993","5521工信","110/08/05","元大-東蘆",12,0,12
"7994","5521工信","110/08/05","富邦-員林",0,20,-20
"7995","5521工信","110/08/05","元大-路竹",11,0,11
"7996","5521工信","110/08/05","元大-豐原",0,20,-20
"7997","5521工信","110/08/05","元大-基隆孝二",11,0,11
"7998","5521工信","110/08/05","港商野村",0,17,-17
"7999","5521工信","110/08/05","日盛-園區",10,0,10
"8000","5521工信","110/08/05","元大-大同",0,14,-14
"8001","5521工信","110/08/05","玉山-台大",10,0,10
"8002","5521工信","110/08/05","永豐金證券",0,14,-14
"8003","5521工信","110/08/05","華南永昌-公誠",10,0,10
"8004","5521工信","110/08/05","兆豐-高雄",0,10,-10
"8005","5521工信","110/08/05","元大-斗六",10,0,10
"8006","5521工信","110/08/05","群益金鼎-永和",0,10,-10
"8007","5521工信","110/08/05","元大-屏東",10,0,10
"8008","5521工信","110/08/05","永豐金-中和",0,10,-10
"8009","5521工信","110/08/05","國泰-台中",9,0,9
"8010","5521工信","110/08/05","第一金-高雄",0,7,-7
"8011","1471首利","110/08/05","國票-北高雄",50,0,50
"8012","1471首利","110/08/05","永豐金-板盛",0,129,-129
"8013","1471首利","110/08/05","台灣摩根士丹利",49,0,49
"8014","1471首利","110/08/05","元大-三重",0,50,-50
"8015","1471首利","110/08/05","元大-太平",30,0,30
"8016","1471首利","110/08/05","瑞士信貸",0,42,-42
"8017","1471首利","110/08/05","國泰-敦南",24,0,24
"8018","1471首利","110/08/05","美林",0,37,-37
"8019","1471首利","110/08/05","玉山-桃園",21,0,21
"8020","1471首利","110/08/05","元富-草屯",0,30,-30
"8021","1471首利","110/08/05","宏遠-光隆",20,0,20
"8022","1471首利","110/08/05","元富-民權",0,25,-25
"8023","1471首利","110/08/05","富邦-嘉義",20,1,19
"8024","1471首利","110/08/05","台中銀",0,23,-23
"8025","1471首利","110/08/05","元大-博愛",30,13,17
"8026","1471首利","110/08/05","元富-新興",0,20,-20
"8027","1471首利","110/08/05","台新-高雄",16,0,16
"8028","1471首利","110/08/05","摩根大通",17,33,-16
"8029","1471首利","110/08/05","日盛-文化",15,0,15
"8030","1471首利","110/08/05","日盛-鳳山",0,15,-15
"8031","1471首利","110/08/05","群益金鼎-新莊",15,0,15
"8032","1471首利","110/08/05","高橋",0,14,-14
"8033","1471首利","110/08/05","凱基-科園",13,0,13
"8034","1471首利","110/08/05","富邦-羅東",0,13,-13
"8035","1471首利","110/08/05","元大-高雄",12,0,12
"8036","1471首利","110/08/05","德信-中正",0,12,-12
"8037","1471首利","110/08/05","第一金-桃園",11,0,11
"8038","1471首利","110/08/05","群益金鼎-中港",5,17,-12
"8039","1471首利","110/08/05","台灣企銀-太平",10,0,10
"8040","1471首利","110/08/05","第一金-台南",0,10,-10
"8041","2883開發金","110/08/05","元富",5268,0,5268
"8042","2883開發金","110/08/05","新光-高雄",309,4909,-4600
"8043","2883開發金","110/08/05","瑞士信貸",4963,0,4963
"8044","2883開發金","110/08/05","富邦-竹東",594,3509,-2915
"8045","2883開發金","110/08/05","富邦證券",3800,0,3800
"8046","2883開發金","110/08/05","永豐金-南京",2,1915,-1913
"8047","2883開發金","110/08/05","台灣摩根士丹利",3886,1250,2636
"8048","2883開發金","110/08/05","第一金-自由",2,1894,-1892
"8049","2883開發金","110/08/05","元富-城東",2119,68,2051
"8050","2883開發金","110/08/05","康和-仁愛",0,1820,-1820
"8051","2883開發金","110/08/05","港商野村",2397,395,2002
"8052","2883開發金","110/08/05","兆豐-台中港",22,1522,-1500
"8053","2883開發金","110/08/05","第一金-忠孝",2020,88,1932
"8054","2883開發金","110/08/05","元大-大同",43,1010,-967
"8055","2883開發金","110/08/05","國泰證券",1682,3,1679
"8056","2883開發金","110/08/05","國票",53,645,-592
"8057","2883開發金","110/08/05","大和國泰",1666,0,1666
"8058","2883開發金","110/08/05","富邦-新竹",86,674,-588
"8059","2883開發金","110/08/05","永豐金-板橋",1507,15,1492
"8060","2883開發金","110/08/05","富邦-建國",39,560,-521
"8061","2883開發金","110/08/05","台灣企銀-民雄",1002,0,1002
"8062","2883開發金","110/08/05","日盛-台南",7,525,-518
"8063","2883開發金","110/08/05","美林",1263,577,686
"8064","2883開發金","110/08/05","凱基-基隆",1,510,-509
"8065","2883開發金","110/08/05","康和",640,0,640
"8066","2883開發金","110/08/05","元富-民權",0,500,-500
"8067","2883開發金","110/08/05","凱基-台北",1262,679,583
"8068","2883開發金","110/08/05","永豐金-松山",9,509,-500
"8069","2883開發金","110/08/05","福邦證券",560,50,510
"8070","2883開發金","110/08/05","華南永昌-中正",25,511,-486
"8071","6205詮欣","110/08/05","富邦-高雄",27,0,27
"8072","6205詮欣","110/08/05","臺銀-鳳山",0,31,-31
"8073","6205詮欣","110/08/05","摩根大通",27,1,26
"8074","6205詮欣","110/08/05","合庫-三重",0,15,-15
"8075","6205詮欣","110/08/05","永豐金-敦南",14,0,14
"8076","6205詮欣","110/08/05","臺銀-民權",11,21,-10
"8077","6205詮欣","110/08/05","凱基-台北",14,1,13
"8078","6205詮欣","110/08/05","日盛-中壢",0,10,-10
"8079","6205詮欣","110/08/05","瑞士信貸",14,5,9
"8080","6205詮欣","110/08/05","統一-松江",0,10,-10
"8081","6205詮欣","110/08/05","凱基-湖口",9,0,9
"8082","6205詮欣","110/08/05","台新-三民",0,9,-9
"8083","6205詮欣","110/08/05","德信-新營",4,0,4
"8084","6205詮欣","110/08/05","臺銀-新竹",1,9,-8
"8085","6205詮欣","110/08/05","元大-東蘆",5,1,4
"8086","6205詮欣","110/08/05","康和",0,5,-5
"8087","6205詮欣","110/08/05","臺銀-高雄",3,0,3
"8088","6205詮欣","110/08/05","元大-館前",0,4,-4
"8089","6205詮欣","110/08/05","富邦-左營",3,0,3
"8090","6205詮欣","110/08/05","宏遠-新化",0,3,-3
"8091","6205詮欣","110/08/05","日盛-花蓮",2,0,2
"8092","6205詮欣","110/08/05","新加坡商瑞銀",4,7,-3
"8093","6205詮欣","110/08/05","元富-三重",2,0,2
"8094","6205詮欣","110/08/05","致和-高雄",0,3,-3
"8095","6205詮欣","110/08/05","北城證券",2,0,2
"8096","6205詮欣","110/08/05","國票",0,3,-3
"8097","6205詮欣","110/08/05","國票-南港",2,0,2
"8098","6205詮欣","110/08/05","富邦-嘉義",0,3,-3
"8099","6205詮欣","110/08/05","台新證券",2,0,2
"8100","6205詮欣","110/08/05","統一-士林",0,2,-2
"8101","1540喬福","110/08/05","元富-中原",24,0,24
"8102","1540喬福","110/08/05","統一-新台中",0,21,-21
"8103","1540喬福","110/08/05","台新-台南",10,0,10
"8104","1540喬福","110/08/05","國泰-敦南",0,15,-15
"8105","1540喬福","110/08/05","台新-台中",10,0,10
"8106","1540喬福","110/08/05","華南永昌-南京",0,10,-10
"8107","1540喬福","110/08/05","瑞士信貸",6,0,6
"8108","1540喬福","110/08/05","元大-台中中港",0,10,-10
"8109","1540喬福","110/08/05","台中銀-豐原",6,0,6
"8110","1540喬福","110/08/05","德信-新營",0,8,-8
"8111","1540喬福","110/08/05","凱基-台北",6,0,6
"8112","1540喬福","110/08/05","新光-台南",0,4,-4
"8113","1540喬福","110/08/05","凱基-台南",5,0,5
"8114","1540喬福","110/08/05","元大-大天母",6,10,-4
"8115","1540喬福","110/08/05","元大-士林",5,0,5
"8116","1540喬福","110/08/05","康和-新竹",0,3,-3
"8117","1540喬福","110/08/05","美林",2,0,2
"8118","1540喬福","110/08/05","元大-龍潭",0,3,-3
"8119","1540喬福","110/08/05","群益金鼎-崇德",2,0,2
"8120","1540喬福","110/08/05","第一金-員林",0,1,-1
"8121","1540喬福","110/08/05","凱基-苗栗",2,0,2
"8122","1540喬福","110/08/05","第一金-豐原",0,1,-1
"8123","1540喬福","110/08/05","凱基-中壢",2,0,2
"8124","1540喬福","110/08/05","台新-高雄",0,1,-1
"8125","1540喬福","110/08/05","土銀-士林",1,0,1
"8126","1540喬福","110/08/05","元大-崇德",0,1,-1
"8127","1540喬福","110/08/05","群益金鼎-丹鳳",1,0,1
"8128","1540喬福","110/08/05","元大-中壢",0,1,-1
"8129","1540喬福","110/08/05","元大-文心",1,0,1
"8130","1540喬福","110/08/05","元大-斗信",0,1,-1
"8131","2888新光金","110/08/05","華南永昌-南京",3753,8,3745
"8132","2888新光金","110/08/05","第一金-高雄",0,5007,-5007
"8133","2888新光金","110/08/05","玉山-城中",2004,28,1976
"8134","2888新光金","110/08/05","美商高盛",12,1719,-1707
"8135","2888新光金","110/08/05","元大-西門",906,18,888
"8136","2888新光金","110/08/05","香港上海匯豐",0,1437,-1437
"8137","2888新光金","110/08/05","日盛-和美",557,3,554
"8138","2888新光金","110/08/05","凱基-台南",46,802,-756
"8139","2888新光金","110/08/05","康和-台中",460,49,411
"8140","2888新光金","110/08/05","美林",538,1140,-602
"8141","2888新光金","110/08/05","元富-緯城",302,1,301
"8142","2888新光金","110/08/05","凱基-台北",686,1280,-594
"8143","2888新光金","110/08/05","彰銀",301,3,298
"8144","2888新光金","110/08/05","法銀巴黎",0,562,-562
"8145","2888新光金","110/08/05","花旗環球",356,84,272
"8146","2888新光金","110/08/05","瑞士信貸",1350,1798,-448
"8147","2888新光金","110/08/05","永全-南崁",240,0,240
"8148","2888新光金","110/08/05","群益金鼎-丹鳳",4,303,-299
"8149","2888新光金","110/08/05","永豐金-彰化",232,20,212
"8150","2888新光金","110/08/05","安泰-大發",10,300,-290
"8151","2888新光金","110/08/05","統一-新台中",214,7,207
"8152","2888新光金","110/08/05","摩根大通",1159,1428,-269
"8153","2888新光金","110/08/05","中國信託-永康",203,0,203
"8154","2888新光金","110/08/05","兆豐-員林",4,260,-256
"8155","2888新光金","110/08/05","日盛-景美",200,0,200
"8156","2888新光金","110/08/05","日盛-大墩",0,250,-250
"8157","2888新光金","110/08/05","元大-東泰",207,22,185
"8158","2888新光金","110/08/05","元大-大里",31,243,-212
"8159","2888新光金","110/08/05","合庫證券",181,2,179
"8160","2888新光金","110/08/05","北城證券",25,230,-205
"8161","1340勝悅","110/08/05","富邦-仁愛",20,0,20
"8162","1340勝悅","110/08/05","中國信託",0,36,-36
"8163","1340勝悅","110/08/05","華南永昌-忠孝",12,0,12
"8164","1340勝悅","110/08/05","新光-新竹",0,18,-18
"8165","1340勝悅","110/08/05","華南永昌-楠梓",10,0,10
"8166","1340勝悅","110/08/05","永豐金-嘉義",0,15,-15
"8167","1340勝悅","110/08/05","統一-城中",17,11,6
"8168","1340勝悅","110/08/05","日茂",0,10,-10
"8169","1340勝悅","110/08/05","臺灣企銀-埔墘",5,0,5
"8170","1340勝悅","110/08/05","富邦-宜蘭",0,10,-10
"8171","1340勝悅","110/08/05","國票-台東",5,0,5
"8172","1340勝悅","110/08/05","元富-花蓮",0,9,-9
"8173","1340勝悅","110/08/05","新光-高雄",5,0,5
"8174","1340勝悅","110/08/05","永豐金-南京",0,7,-7
"8175","1340勝悅","110/08/05","國泰-台中",6,1,5
"8176","1340勝悅","110/08/05","統一",0,6,-6
"8177","1340勝悅","110/08/05","富邦-陽明",5,0,5
"8178","1340勝悅","110/08/05","合庫-西台中",0,3,-3
"8179","1340勝悅","110/08/05","日盛-板橋",4,0,4
"8180","1340勝悅","110/08/05","港商野村",0,3,-3
"8181","1340勝悅","110/08/05","港商法國興業",4,0,4
"8182","1340勝悅","110/08/05","兆豐-新竹",0,3,-3
"8183","1340勝悅","110/08/05","臺銀-高雄",3,0,3
"8184","1340勝悅","110/08/05","亞東-台中",0,2,-2
"8185","1340勝悅","110/08/05","元富-新店",3,0,3
"8186","1340勝悅","110/08/05","元大-歸仁",0,2,-2
"8187","1340勝悅","110/08/05","康和-屏東",3,0,3
"8188","1340勝悅","110/08/05","日盛-斗六",0,1,-1
"8189","1340勝悅","110/08/05","群益金鼎-民權",3,0,3
"8190","1340勝悅","110/08/05","日盛-中和",0,1,-1
"8191","6246臺龍","110/08/05","元大-林森",200,0,200
"8192","6246臺龍","110/08/05","統一",0,180,-180
"8193","6246臺龍","110/08/05","元大證券",92,1,91
"8194","6246臺龍","110/08/05","大慶-富順",0,114,-114
"8195","6246臺龍","110/08/05","凱基-大直",99,19,80
"8196","6246臺龍","110/08/05","台新-三民",0,77,-77
"8197","6246臺龍","110/08/05","元大-北港",51,0,51
"8198","6246臺龍","110/08/05","永興",0,48,-48
"8199","6246臺龍","110/08/05","統一-南京",50,0,50
"8200","6246臺龍","110/08/05","華南永昌-嘉義",1,26,-25
"8201","6246臺龍","110/08/05","台灣企銀",40,0,40
"8202","6246臺龍","110/08/05","宏遠-民生",0,20,-20
"8203","6246臺龍","110/08/05","永豐金-虎尾",23,0,23
"8204","6246臺龍","110/08/05","兆豐-大同",0,20,-20
"8205","6246臺龍","110/08/05","凱基-台北",27,5,22
"8206","6246臺龍","110/08/05","華南永昌-林口",0,20,-20
"8207","6246臺龍","110/08/05","元富-新竹",20,0,20
"8208","6246臺龍","110/08/05","元大-永春",0,20,-20
"8209","6246臺龍","110/08/05","康和-石牌",20,0,20
"8210","6246臺龍","110/08/05","元大-東泰",0,19,-19
"8211","6246臺龍","110/08/05","聯邦-大業",20,0,20
"8212","6246臺龍","110/08/05","德信-新營",0,18,-18
"8213","6246臺龍","110/08/05","凱基-彰化",18,0,18
"8214","6246臺龍","110/08/05","永豐金-松山",10,28,-18
"8215","6246臺龍","110/08/05","永豐金-復興",17,1,16
"8216","6246臺龍","110/08/05","台新-台中",4,20,-16
"8217","6246臺龍","110/08/05","新光-台中",17,2,15
"8218","6246臺龍","110/08/05","兆豐-竹北",5,20,-15
"8219","6246臺龍","110/08/05","元大-路竹",15,1,14
"8220","6246臺龍","110/08/05","兆豐-南京",1,14,-13
"8221","00715L期街口布蘭特正2","110/08/05","(牛牛牛)亞-鑫豐",1195,20,1175
"8222","00715L期街口布蘭特正2","110/08/05","元大證券",1735,21716,-19981
"8223","00715L期街口布蘭特正2","110/08/05","元大-萬華",930,0,930
"8224","00715L期街口布蘭特正2","110/08/05","凱基-台北",182,11686,-11504
"8225","00715L期街口布蘭特正2","110/08/05","元大-永康",810,9,801
"8226","00715L期街口布蘭特正2","110/08/05","元富",8,6852,-6844
"8227","00715L期街口布蘭特正2","110/08/05","富邦-彰化",760,0,760
"8228","00715L期街口布蘭特正2","110/08/05","台新證券",598,4522,-3924
"8229","00715L期街口布蘭特正2","110/08/05","國泰-敦南",830,155,675
"8230","00715L期街口布蘭特正2","110/08/05","凱基",0,3168,-3168
"8231","00715L期街口布蘭特正2","110/08/05","新光-台中",698,33,665
"8232","00715L期街口布蘭特正2","110/08/05","群益金鼎",0,1742,-1742
"8233","00715L期街口布蘭特正2","110/08/05","富邦-南屯",621,5,616
"8234","00715L期街口布蘭特正2","110/08/05","國票",22,1607,-1585
"8235","00715L期街口布蘭特正2","110/08/05","群益金鼎-士林",620,40,580
"8236","00715L期街口布蘭特正2","110/08/05","永豐金證券",91,1254,-1163
"8237","00715L期街口布蘭特正2","110/08/05","兆豐-嘉義",510,0,510
"8238","00715L期街口布蘭特正2","110/08/05","富邦證券",140,1095,-955
"8239","00715L期街口布蘭特正2","110/08/05","統一-新竹",508,9,499
"8240","00715L期街口布蘭特正2","110/08/05","元大-雙和",22,850,-828
"8241","00715L期街口布蘭特正2","110/08/05","國泰-板橋",521,24,497
"8242","00715L期街口布蘭特正2","110/08/05","國票-台中",25,805,-780
"8243","00715L期街口布蘭特正2","110/08/05","元大-中和",481,3,478
"8244","00715L期街口布蘭特正2","110/08/05","華南永昌-長虹",145,820,-675
"8245","00715L期街口布蘭特正2","110/08/05","元大-羅東",470,0,470
"8246","00715L期街口布蘭特正2","110/08/05","日盛-大墩",121,455,-334
"8247","00715L期街口布蘭特正2","110/08/05","群益金鼎-嘉義",483,20,463
"8248","00715L期街口布蘭特正2","110/08/05","華南永昌-斗六",52,380,-328
"8249","00715L期街口布蘭特正2","110/08/05","群益金鼎-中壢",476,30,446
"8250","00715L期街口布蘭特正2","110/08/05","康和",0,250,-250
"8251","8941關中","110/08/05","第一金-台南",1,0,1
"8252","8941關中","110/08/05","元富-宜蘭",0,2,-2
"8253","8941關中","110/08/05","康和-嘉義",1,0,1
"8254","8941關中","110/08/05","統一-南京",0,1,-1
"8255","8941關中","110/08/05","群益金鼎-延平",1,0,1
"8256","8941關中","110/08/05","合庫證券",0,0,0
"8257","8941關中","110/08/05","合庫證券",0,0,0
"8258","8941關中","110/08/05","(牛牛牛)亞-鑫豐",0,0,0
"8259","8941關中","110/08/05","(牛牛牛)亞-鑫豐",0,0,0
"8260","8941關中","110/08/05","富邦-北港",0,0,0
"8261","8941關中","110/08/05","富邦-北港",0,0,0
"8262","8941關中","110/08/05","",NA,NA,NA
"8263","8941關中","110/08/05","",NA,NA,NA
"8264","8941關中","110/08/05","",NA,NA,NA
"8265","8941關中","110/08/05","",NA,NA,NA
"8266","8941關中","110/08/05","",NA,NA,NA
"8267","8941關中","110/08/05","",NA,NA,NA
"8268","8941關中","110/08/05","",NA,NA,NA
"8269","8941關中","110/08/05","",NA,NA,NA
"8270","8941關中","110/08/05","",NA,NA,NA
"8271","8941關中","110/08/05","",NA,NA,NA
"8272","8941關中","110/08/05","",NA,NA,NA
"8273","8941關中","110/08/05","",NA,NA,NA
"8274","8941關中","110/08/05","",NA,NA,NA
"8275","8941關中","110/08/05","",NA,NA,NA
"8276","8941關中","110/08/05","",NA,NA,NA
"8277","8941關中","110/08/05","",NA,NA,NA
"8278","8941關中","110/08/05","",NA,NA,NA
"8279","8941關中","110/08/05","",NA,NA,NA
"8280","8941關中","110/08/05","",NA,NA,NA
"8281","8936國統","110/08/05","國票-敦北法人",100,0,100
"8282","8936國統","110/08/05","摩根大通",16,240,-224
"8283","8936國統","110/08/05","第一金-光復",50,0,50
"8284","8936國統","110/08/05","台新-松江",0,205,-205
"8285","8936國統","110/08/05","元大-蘆洲",45,0,45
"8286","8936國統","110/08/05","凱基-台北",1,177,-176
"8287","8936國統","110/08/05","富邦-建國",34,0,34
"8288","8936國統","110/08/05","新加坡商瑞銀",14,119,-105
"8289","8936國統","110/08/05","富邦-高雄",33,1,32
"8290","8936國統","110/08/05","凱基-市政",0,35,-35
"8291","8936國統","110/08/05","元大-敦南",30,0,30
"8292","8936國統","110/08/05","瑞士信貸",0,31,-31
"8293","8936國統","110/08/05","元大-博愛",23,0,23
"8294","8936國統","110/08/05","合庫-高雄",22,49,-27
"8295","8936國統","110/08/05","國票-長城",20,0,20
"8296","8936國統","110/08/05","港商野村",15,41,-26
"8297","8936國統","110/08/05","凱基-岡山",20,0,20
"8298","8936國統","110/08/05","富邦-陽明",1,24,-23
"8299","8936國統","110/08/05","凱基-台南",20,0,20
"8300","8936國統","110/08/05","合庫-新竹",0,22,-22
"8301","8936國統","110/08/05","富邦-中壢",21,2,19
"8302","8936國統","110/08/05","美商高盛",0,20,-20
"8303","8936國統","110/08/05","永豐金-忠孝",17,0,17
"8304","8936國統","110/08/05","元大-雙和",0,20,-20
"8305","8936國統","110/08/05","玉山-台中",16,0,16
"8306","8936國統","110/08/05","彰銀-七賢",0,18,-18
"8307","8936國統","110/08/05","兆豐-景美",15,0,15
"8308","8936國統","110/08/05","台灣企銀-台中",0,15,-15
"8309","8936國統","110/08/05","富邦-南屯",15,0,15
"8310","8936國統","110/08/05","兆豐-大同",0,15,-15
"8311","6226光鼎","110/08/05","國泰-敦南",190,90,100
"8312","6226光鼎","110/08/05","富邦-嘉義",590,964,-374
"8313","6226光鼎","110/08/05","凱基-台中",98,2,96
"8314","6226光鼎","110/08/05","日盛-員林",9,200,-191
"8315","6226光鼎","110/08/05","華南永昌-大安",95,13,82
"8316","6226光鼎","110/08/05","華南永昌",5,157,-152
"8317","6226光鼎","110/08/05","凱基-豐中",68,2,66
"8318","6226光鼎","110/08/05","國票-敦北法人",0,106,-106
"8319","6226光鼎","110/08/05","元富-西松",76,15,61
"8320","6226光鼎","110/08/05","元大-雙和",27,118,-91
"8321","6226光鼎","110/08/05","群益金鼎-土城",61,0,61
"8322","6226光鼎","110/08/05","華南永昌-南京",48,137,-89
"8323","6226光鼎","110/08/05","新光-高雄",64,4,60
"8324","6226光鼎","110/08/05","統一-新竹",37,124,-87
"8325","6226光鼎","110/08/05","宏遠-台中",67,9,58
"8326","6226光鼎","110/08/05","大昌",3,78,-75
"8327","6226光鼎","110/08/05","元大-東港",53,0,53
"8328","6226光鼎","110/08/05","凱基-台北",1,74,-73
"8329","6226光鼎","110/08/05","群益金鼎-敦南",60,10,50
"8330","6226光鼎","110/08/05","中國信託-文心",10,65,-55
"8331","6226光鼎","110/08/05","日盛-高雄",53,7,46
"8332","6226光鼎","110/08/05","台新-新莊",1,54,-53
"8333","6226光鼎","110/08/05","台新-新營",49,4,45
"8334","6226光鼎","110/08/05","台新-台中",84,135,-51
"8335","6226光鼎","110/08/05","玉山-雙和",42,2,40
"8336","6226光鼎","110/08/05","元大-嘉義",77,128,-51
"8337","6226光鼎","110/08/05","永豐金-高雄",44,8,36
"8338","6226光鼎","110/08/05","日盛-大墩",1,43,-42
"8339","6226光鼎","110/08/05","元富-花蓮",42,7,35
"8340","6226光鼎","110/08/05","日茂-埔里",0,41,-41
"8341","2363矽統","110/08/05","瑞士信貸",3345,0,3345
"8342","2363矽統","110/08/05","新加坡商瑞銀",1909,2622,-713
"8343","2363矽統","110/08/05","台灣摩根士丹利",2917,53,2864
"8344","2363矽統","110/08/05","統一-板橋",37,650,-613
"8345","2363矽統","110/08/05","摩根大通",5124,3944,1180
"8346","2363矽統","110/08/05","美商高盛",702,1245,-543
"8347","2363矽統","110/08/05","康和-台中",911,292,619
"8348","2363矽統","110/08/05","元富-西松",367,902,-535
"8349","2363矽統","110/08/05","永豐金證券",951,339,612
"8350","2363矽統","110/08/05","華南永昌-斗六",55,584,-529
"8351","2363矽統","110/08/05","群益金鼎-三民",571,106,465
"8352","2363矽統","110/08/05","美林",2987,3501,-514
"8353","2363矽統","110/08/05","國票-敦北法人",484,51,433
"8354","2363矽統","110/08/05","群益金鼎-館前",331,802,-471
"8355","2363矽統","110/08/05","陽信-石牌",624,204,420
"8356","2363矽統","110/08/05","永豐金-三重",138,571,-433
"8357","2363矽統","110/08/05","合庫證券",520,118,402
"8358","2363矽統","110/08/05","富邦-中壢",348,774,-426
"8359","2363矽統","110/08/05","元大-承德",385,70,315
"8360","2363矽統","110/08/05","北城證券",53,459,-406
"8361","2363矽統","110/08/05","新光",2366,2079,287
"8362","2363矽統","110/08/05","凱基-興隆",370,717,-347
"8363","2363矽統","110/08/05","元大證券",601,329,272
"8364","2363矽統","110/08/05","元大-屏南",132,464,-332
"8365","2363矽統","110/08/05","國泰-敦南",4481,4216,265
"8366","2363矽統","110/08/05","日盛-中和",208,531,-323
"8367","2363矽統","110/08/05","元大-台中",562,349,213
"8368","2363矽統","110/08/05","土銀",28,340,-312
"8369","2363矽統","110/08/05","富邦-台北",584,380,204
"8370","2363矽統","110/08/05","永豐金-嘉義",97,401,-304
"8371","8112至上","110/08/05","元大-竹科",858,64,794
"8372","8112至上","110/08/05","摩根大通",461,775,-314
"8373","8112至上","110/08/05","港商野村",937,361,576
"8374","8112至上","110/08/05","台灣摩根士丹利",16,272,-256
"8375","8112至上","110/08/05","康和",484,0,484
"8376","8112至上","110/08/05","高橋",3,183,-180
"8377","8112至上","110/08/05","新加坡商瑞銀",514,58,456
"8378","8112至上","110/08/05","合庫證券",19,162,-143
"8379","8112至上","110/08/05","元大-屏南",391,4,387
"8380","8112至上","110/08/05","元大-北屯",3,145,-142
"8381","8112至上","110/08/05","國票-長城",427,142,285
"8382","8112至上","110/08/05","元大-府城",14,154,-140
"8383","8112至上","110/08/05","元大-萬華",246,12,234
"8384","8112至上","110/08/05","群益金鼎-三重",0,138,-138
"8385","8112至上","110/08/05","台灣匯立證券",210,0,210
"8386","8112至上","110/08/05","富邦-台北",25,129,-104
"8387","8112至上","110/08/05","凱基-敦北",200,4,196
"8388","8112至上","110/08/05","元富-佳里",7,100,-93
"8389","8112至上","110/08/05","元大-北成功",205,17,188
"8390","8112至上","110/08/05","元富-台南",0,86,-86
"8391","8112至上","110/08/05","元大-高雄",146,14,132
"8392","8112至上","110/08/05","臺灣企銀-桃園",0,82,-82
"8393","8112至上","110/08/05","美商高盛",161,47,114
"8394","8112至上","110/08/05","玉山-嘉義",10,88,-78
"8395","8112至上","110/08/05","花旗環球",102,0,102
"8396","8112至上","110/08/05","凱基-復興",1,67,-66
"8397","8112至上","110/08/05","統一-士林",108,8,100
"8398","8112至上","110/08/05","富邦-中壢",23,89,-66
"8399","8112至上","110/08/05","新光",244,159,85
"8400","8112至上","110/08/05","元大-上新莊",1,67,-66
"8401","1570力肯","110/08/05","國票",352,0,352
"8402","1570力肯","110/08/05","國票-和平",7,402,-395
"8403","1570力肯","110/08/05","台新證券",211,87,124
"8404","1570力肯","110/08/05","摩根大通",46,335,-289
"8405","1570力肯","110/08/05","國泰-敦南",206,125,81
"8406","1570力肯","110/08/05","國票-北高雄",79,306,-227
"8407","1570力肯","110/08/05","聯邦商銀",75,0,75
"8408","1570力肯","110/08/05","統一",3,226,-223
"8409","1570力肯","110/08/05","元大-東泰",61,4,57
"8410","1570力肯","110/08/05","凱基-台北",184,366,-182
"8411","1570力肯","110/08/05","元大-桃興",113,66,47
"8412","1570力肯","110/08/05","統一-土城",89,161,-72
"8413","1570力肯","110/08/05","國泰-板橋",96,50,46
"8414","1570力肯","110/08/05","統一-屏東",0,64,-64
"8415","1570力肯","110/08/05","合庫-桃園",92,48,44
"8416","1570力肯","110/08/05","大昌-新店",9,61,-52
"8417","1570力肯","110/08/05","華南永昌-高雄",53,12,41
"8418","1570力肯","110/08/05","群益金鼎-忠孝",11,60,-49
"8419","1570力肯","110/08/05","國泰-高雄",50,14,36
"8420","1570力肯","110/08/05","臺銀-臺南",12,52,-40
"8421","1570力肯","110/08/05","國泰-台中",60,25,35
"8422","1570力肯","110/08/05","凱基-岡山",28,68,-40
"8423","1570力肯","110/08/05","富邦-仁愛",52,17,35
"8424","1570力肯","110/08/05","元大-蘆洲",8,44,-36
"8425","1570力肯","110/08/05","中國信託-忠孝",37,3,34
"8426","1570力肯","110/08/05","統一-仁愛",25,60,-35
"8427","1570力肯","110/08/05","元大-中壢",44,10,34
"8428","1570力肯","110/08/05","富邦-高雄",8,43,-35
"8429","1570力肯","110/08/05","日盛-新竹",30,0,30
"8430","1570力肯","110/08/05","大慶-蘆洲",110,142,-32
"8431","2929淘帝","110/08/05","國泰-松江",60,0,60
"8432","2929淘帝","110/08/05","摩根大通",4,87,-83
"8433","2929淘帝","110/08/05","美林",79,30,49
"8434","2929淘帝","110/08/05","日盛-南京",0,80,-80
"8435","2929淘帝","110/08/05","港商野村",87,45,42
"8436","2929淘帝","110/08/05","華南永昌-頭份",0,80,-80
"8437","2929淘帝","110/08/05","兆豐-忠孝",40,0,40
"8438","2929淘帝","110/08/05","日盛-雙和",2,57,-55
"8439","2929淘帝","110/08/05","新光-新竹",41,2,39
"8440","2929淘帝","110/08/05","台新-台中",2,33,-31
"8441","2929淘帝","110/08/05","元大-民生",31,0,31
"8442","2929淘帝","110/08/05","群益金鼎-新竹",0,30,-30
"8443","2929淘帝","110/08/05","元富-中港",28,0,28
"8444","2929淘帝","110/08/05","元大-北成功",0,30,-30
"8445","2929淘帝","110/08/05","凱基-台北",66,41,25
"8446","2929淘帝","110/08/05","元大-天母",5,30,-25
"8447","2929淘帝","110/08/05","富邦-新店",20,0,20
"8448","2929淘帝","110/08/05","元大-北港",0,25,-25
"8449","2929淘帝","110/08/05","康和-台中",15,0,15
"8450","2929淘帝","110/08/05","兆豐-彰化",0,24,-24
"8451","2929淘帝","110/08/05","華南永昌-古亭",15,0,15
"8452","2929淘帝","110/08/05","國泰-台中",1,25,-24
"8453","2929淘帝","110/08/05","日盛-景美",11,0,11
"8454","2929淘帝","110/08/05","華南永昌-大安",0,22,-22
"8455","2929淘帝","110/08/05","台新證券",11,0,11
"8456","2929淘帝","110/08/05","國泰-館前",10,31,-21
"8457","2929淘帝","110/08/05","凱基-三重",11,0,11
"8458","2929淘帝","110/08/05","元富-安南",0,20,-20
"8459","2929淘帝","110/08/05","華南永昌-竹北",11,0,11
"8460","2929淘帝","110/08/05","元大-屏南",10,30,-20
"8461","5410國眾","110/08/05","凱基-市政",40,0,40
"8462","5410國眾","110/08/05","元富-台南",0,27,-27
"8463","5410國眾","110/08/05","安泰",16,0,16
"8464","5410國眾","110/08/05","群益金鼎-內湖",0,16,-16
"8465","5410國眾","110/08/05","元大-善化",12,0,12
"8466","5410國眾","110/08/05","中農",0,15,-15
"8467","5410國眾","110/08/05","元富-同大",10,0,10
"8468","5410國眾","110/08/05","新光-台南",0,15,-15
"8469","5410國眾","110/08/05","中國信託-新竹",10,0,10
"8470","5410國眾","110/08/05","統一-平鎮",0,13,-13
"8471","5410國眾","110/08/05","元大-敦南",10,0,10
"8472","5410國眾","110/08/05","臺銀",0,11,-11
"8473","5410國眾","110/08/05","台灣企銀-太平",8,0,8
"8474","5410國眾","110/08/05","凱基-城中",0,10,-10
"8475","5410國眾","110/08/05","瑞士信貸",7,0,7
"8476","5410國眾","110/08/05","元大-崇德",0,10,-10
"8477","5410國眾","110/08/05","元富-烏日",6,0,6
"8478","5410國眾","110/08/05","元大-和平",0,10,-10
"8479","5410國眾","110/08/05","摩根大通",7,1,6
"8480","5410國眾","110/08/05","新光-台中",1,9,-8
"8481","5410國眾","110/08/05","元富-三重",11,6,5
"8482","5410國眾","110/08/05","富邦-板橋",0,6,-6
"8483","5410國眾","110/08/05","中國信託-忠孝",5,0,5
"8484","5410國眾","110/08/05","新百王",0,5,-5
"8485","5410國眾","110/08/05","凱基-復興",5,0,5
"8486","5410國眾","110/08/05","元大-大益",0,5,-5
"8487","5410國眾","110/08/05","永豐金-台中",4,0,4
"8488","5410國眾","110/08/05","永豐金-板橋",0,5,-5
"8489","5410國眾","110/08/05","元富-板橋",3,0,3
"8490","5410國眾","110/08/05","台新-中壢",0,4,-4
"8491","2841台開","110/08/05","日盛證券",201,0,201
"8492","2841台開","110/08/05","第一金-自由",0,272,-272
"8493","2841台開","110/08/05","永豐金-敦南",202,1,201
"8494","2841台開","110/08/05","瑞士信貸",0,149,-149
"8495","2841台開","110/08/05","元大-大天母",200,0,200
"8496","2841台開","110/08/05","玉山-新竹",0,131,-131
"8497","2841台開","110/08/05","永豐金-鳳山",100,0,100
"8498","2841台開","110/08/05","元富-板橋",0,125,-125
"8499","2841台開","110/08/05","台新-三民",100,1,99
"8500","2841台開","110/08/05","元大-台中中港",0,109,-109
"8501","2841台開","110/08/05","凱基-竹科",67,0,67
"8502","2841台開","110/08/05","兆豐-東門",0,100,-100
"8503","2841台開","110/08/05","國泰-敦南",44,5,39
"8504","2841台開","110/08/05","(牛牛牛)亞-鑫豐",0,97,-97
"8505","2841台開","110/08/05","元大-中壢",35,0,35
"8506","2841台開","110/08/05","元富-嘉義",0,50,-50
"8507","2841台開","110/08/05","國泰-忠孝",33,0,33
"8508","2841台開","110/08/05","新光",20,67,-47
"8509","2841台開","110/08/05","元大-新竹經國",30,0,30
"8510","2841台開","110/08/05","永豐金-豐原",3,50,-47
"8511","2841台開","110/08/05","日盛-內湖",24,0,24
"8512","2841台開","110/08/05","統一-士林",0,31,-31
"8513","2841台開","110/08/05","新光-高雄",21,0,21
"8514","2841台開","110/08/05","元大-龍潭",0,30,-30
"8515","2841台開","110/08/05","元大-林園",20,0,20
"8516","2841台開","110/08/05","新光-台南",0,27,-27
"8517","2841台開","110/08/05","元大-仁愛",20,0,20
"8518","2841台開","110/08/05","台新-台中",0,22,-22
"8519","2841台開","110/08/05","群益金鼎-崇德",18,0,18
"8520","2841台開","110/08/05","大昌-安康",0,20,-20
"8521","6207雷科","110/08/05","摩根大通",313,64,249
"8522","6207雷科","110/08/05","日盛-忠孝",2,93,-91
"8523","6207雷科","110/08/05","新加坡商瑞銀",141,6,135
"8524","6207雷科","110/08/05","凱基-復興",0,90,-90
"8525","6207雷科","110/08/05","凱基-台北",142,20,122
"8526","6207雷科","110/08/05","群益金鼎-敦南",0,67,-67
"8527","6207雷科","110/08/05","台新-高雄",111,0,111
"8528","6207雷科","110/08/05","元大-鳳山",11,73,-62
"8529","6207雷科","110/08/05","瑞士信貸",58,0,58
"8530","6207雷科","110/08/05","群益金鼎-東門",0,56,-56
"8531","6207雷科","110/08/05","美林",45,0,45
"8532","6207雷科","110/08/05","元富-同大",1,41,-40
"8533","6207雷科","110/08/05","凱基-板橋",46,1,45
"8534","6207雷科","110/08/05","群益金鼎-屏東",1,41,-40
"8535","6207雷科","110/08/05","美商高盛",37,0,37
"8536","6207雷科","110/08/05","群益金鼎-延平",0,40,-40
"8537","6207雷科","110/08/05","凱基-三多",30,0,30
"8538","6207雷科","110/08/05","群益金鼎-瑞豐",1,33,-32
"8539","6207雷科","110/08/05","永豐金-虎尾",29,0,29
"8540","6207雷科","110/08/05","日盛證券",0,30,-30
"8541","6207雷科","110/08/05","第一金-中山",21,1,20
"8542","6207雷科","110/08/05","臺銀",1,30,-29
"8543","6207雷科","110/08/05","華南永昌-林口",20,0,20
"8544","6207雷科","110/08/05","群益金鼎-古亭",0,26,-26
"8545","6207雷科","110/08/05","兆豐-公益",18,0,18
"8546","6207雷科","110/08/05","凱基-高雄",4,30,-26
"8547","6207雷科","110/08/05","港商野村",62,46,16
"8548","6207雷科","110/08/05","富邦-竹東",0,25,-25
"8549","6207雷科","110/08/05","華南永昌-南京",16,0,16
"8550","6207雷科","110/08/05","元大-台中中港",2,25,-23
"8551","3679新至陞","110/08/05","新光",13,0,13
"8552","3679新至陞","110/08/05","凱基-台北",1,13,-12
"8553","3679新至陞","110/08/05","華南永昌-麻豆",3,0,3
"8554","3679新至陞","110/08/05","台灣摩根士丹利",0,5,-5
"8555","3679新至陞","110/08/05","臺灣企銀-埔墘",2,0,2
"8556","3679新至陞","110/08/05","元大-成功",0,5,-5
"8557","3679新至陞","110/08/05","彰銀",2,0,2
"8558","3679新至陞","110/08/05","元大證券",0,3,-3
"8559","3679新至陞","110/08/05","永全-南崁",2,0,2
"8560","3679新至陞","110/08/05","新加坡商瑞銀",0,2,-2
"8561","3679新至陞","110/08/05","群益金鼎",2,0,2
"8562","3679新至陞","110/08/05","摩根大通",0,2,-2
"8563","3679新至陞","110/08/05","富邦-三重",2,0,2
"8564","3679新至陞","110/08/05","國泰-館前",0,2,-2
"8565","3679新至陞","110/08/05","永豐金-敦北",2,0,2
"8566","3679新至陞","110/08/05","凱基-東港",0,2,-2
"8567","3679新至陞","110/08/05","臺銀-新竹",1,0,1
"8568","3679新至陞","110/08/05","元大-竹北",0,2,-2
"8569","3679新至陞","110/08/05","第一金-新興",1,0,1
"8570","3679新至陞","110/08/05","日盛-嘉義",0,1,-1
"8571","3679新至陞","110/08/05","統一-宜蘭",1,0,1
"8572","3679新至陞","110/08/05","美商高盛",1,2,-1
"8573","3679新至陞","110/08/05","元富-同大",1,0,1
"8574","3679新至陞","110/08/05","港商野村",0,1,-1
"8575","3679新至陞","110/08/05","中國信託-新竹",1,0,1
"8576","3679新至陞","110/08/05","第一金-員林",0,1,-1
"8577","3679新至陞","110/08/05","兆豐-民生",1,0,1
"8578","3679新至陞","110/08/05","統一-中壢",0,1,-1
"8579","3679新至陞","110/08/05","國泰-新莊",1,0,1
"8580","3679新至陞","110/08/05","統一-新竹",0,1,-1
"8581","2727王品","110/08/05","港商野村",68,43,25
"8582","2727王品","110/08/05","元富-宜蘭",6,96,-90
"8583","2727王品","110/08/05","花旗環球",24,0,24
"8584","2727王品","110/08/05","凱基-市政",1,89,-88
"8585","2727王品","110/08/05","新光",42,19,23
"8586","2727王品","110/08/05","群益金鼎-宜蘭",4,89,-85
"8587","2727王品","110/08/05","永豐金-忠孝",21,0,21
"8588","2727王品","110/08/05","永豐金-大園",4,66,-62
"8589","2727王品","110/08/05","凱基-埔墘",15,0,15
"8590","2727王品","110/08/05","康和-澎湖",1,60,-59
"8591","2727王品","110/08/05","新光-桃園",17,3,14
"8592","2727王品","110/08/05","日盛-八德",1,33,-32
"8593","2727王品","110/08/05","日盛-忠孝",16,3,13
"8594","2727王品","110/08/05","元大-桃園",0,29,-29
"8595","2727王品","110/08/05","統一",28,15,13
"8596","2727王品","110/08/05","凱基-竹科",4,31,-27
"8597","2727王品","110/08/05","富邦-員林",15,2,13
"8598","2727王品","110/08/05","富邦-新店",2,29,-27
"8599","2727王品","110/08/05","永豐金-桃盛",16,3,13
"8600","2727王品","110/08/05","兆豐-小港",2,26,-24
"8601","2727王品","110/08/05","元富-屏東",12,0,12
"8602","2727王品","110/08/05","華南永昌",6,25,-19
"8603","2727王品","110/08/05","凱基-台北",52,40,12
"8604","2727王品","110/08/05","台灣摩根士丹利",15,32,-17
"8605","2727王品","110/08/05","永豐金-彰化",12,0,12
"8606","2727王品","110/08/05","凱基-天母",0,15,-15
"8607","2727王品","110/08/05","美林",11,0,11
"8608","2727王品","110/08/05","富邦證券",0,15,-15
"8609","2727王品","110/08/05","群益金鼎-崇德",10,0,10
"8610","2727王品","110/08/05","永豐金證券",1,13,-12
"8611","1570力肯","110/08/05","國票",352,0,352
"8612","1570力肯","110/08/05","國票-和平",7,402,-395
"8613","1570力肯","110/08/05","台新證券",211,87,124
"8614","1570力肯","110/08/05","摩根大通",46,335,-289
"8615","1570力肯","110/08/05","國泰-敦南",206,125,81
"8616","1570力肯","110/08/05","國票-北高雄",79,306,-227
"8617","1570力肯","110/08/05","聯邦商銀",75,0,75
"8618","1570力肯","110/08/05","統一",3,226,-223
"8619","1570力肯","110/08/05","元大-東泰",61,4,57
"8620","1570力肯","110/08/05","凱基-台北",184,366,-182
"8621","1570力肯","110/08/05","元大-桃興",113,66,47
"8622","1570力肯","110/08/05","統一-土城",89,161,-72
"8623","1570力肯","110/08/05","國泰-板橋",96,50,46
"8624","1570力肯","110/08/05","統一-屏東",0,64,-64
"8625","1570力肯","110/08/05","合庫-桃園",92,48,44
"8626","1570力肯","110/08/05","大昌-新店",9,61,-52
"8627","1570力肯","110/08/05","華南永昌-高雄",53,12,41
"8628","1570力肯","110/08/05","群益金鼎-忠孝",11,60,-49
"8629","1570力肯","110/08/05","國泰-高雄",50,14,36
"8630","1570力肯","110/08/05","臺銀-臺南",12,52,-40
"8631","1570力肯","110/08/05","國泰-台中",60,25,35
"8632","1570力肯","110/08/05","凱基-岡山",28,68,-40
"8633","1570力肯","110/08/05","富邦-仁愛",52,17,35
"8634","1570力肯","110/08/05","元大-蘆洲",8,44,-36
"8635","1570力肯","110/08/05","中國信託-忠孝",37,3,34
"8636","1570力肯","110/08/05","統一-仁愛",25,60,-35
"8637","1570力肯","110/08/05","元大-中壢",44,10,34
"8638","1570力肯","110/08/05","富邦-高雄",8,43,-35
"8639","1570力肯","110/08/05","日盛-新竹",30,0,30
"8640","1570力肯","110/08/05","大慶-蘆洲",110,142,-32
"8641","6180橘子","110/08/05","永豐金-松山",51,0,51
"8642","6180橘子","110/08/05","凱基-板橋",0,80,-80
"8643","6180橘子","110/08/05","新光",40,2,38
"8644","6180橘子","110/08/05","康和-高雄",0,40,-40
"8645","6180橘子","110/08/05","兆豐證券",33,0,33
"8646","6180橘子","110/08/05","合庫-鳳山",0,32,-32
"8647","6180橘子","110/08/05","中國信託-文心",15,0,15
"8648","6180橘子","110/08/05","日盛-頭份",1,24,-23
"8649","6180橘子","110/08/05","富邦-陽明",15,0,15
"8650","6180橘子","110/08/05","兆豐-新營",0,22,-22
"8651","6180橘子","110/08/05","元大-龍潭",11,0,11
"8652","6180橘子","110/08/05","元大-福營",0,20,-20
"8653","6180橘子","110/08/05","日盛-新竹",10,0,10
"8654","6180橘子","110/08/05","新加坡商瑞銀",0,19,-19
"8655","6180橘子","110/08/05","凱基-汐止",10,0,10
"8656","6180橘子","110/08/05","永豐金-新竹",0,17,-17
"8657","6180橘子","110/08/05","元大-中壢",10,1,9
"8658","6180橘子","110/08/05","第一金-新興",1,16,-15
"8659","6180橘子","110/08/05","元富-潮州",8,0,8
"8660","6180橘子","110/08/05","凱基-中壢",0,12,-12
"8661","6180橘子","110/08/05","大慶",7,0,7
"8662","6180橘子","110/08/05","光和",0,10,-10
"8663","6180橘子","110/08/05","台新證券",7,0,7
"8664","6180橘子","110/08/05","統一-中壢",0,9,-9
"8665","6180橘子","110/08/05","聯邦-雙和",7,0,7
"8666","6180橘子","110/08/05","富邦-基隆",0,9,-9
"8667","6180橘子","110/08/05","元大證券",7,0,7
"8668","6180橘子","110/08/05","台灣摩根士丹利",0,8,-8
"8669","6180橘子","110/08/05","國泰-新莊",6,0,6
"8670","6180橘子","110/08/05","康和-仁愛",0,8,-8
"8671","2390云辰","110/08/05","日盛證券",100,0,100
"8672","2390云辰","110/08/05","摩根大通",45,525,-480
"8673","2390云辰","110/08/05","兆豐-岡山",63,0,63
"8674","2390云辰","110/08/05","統一-新台中",62,177,-115
"8675","2390云辰","110/08/05","凱基-基隆",65,10,55
"8676","2390云辰","110/08/05","富邦-中壢",0,81,-81
"8677","2390云辰","110/08/05","凱基-中壢",52,3,49
"8678","2390云辰","110/08/05","元大-大甲",3,73,-70
"8679","2390云辰","110/08/05","台新-左楠",30,0,30
"8680","2390云辰","110/08/05","元大-樹林",16,53,-37
"8681","2390云辰","110/08/05","富邦-台北",33,6,27
"8682","2390云辰","110/08/05","元富-大裕",17,46,-29
"8683","2390云辰","110/08/05","統一-中壢",27,1,26
"8684","2390云辰","110/08/05","凱基-台中",1,30,-29
"8685","2390云辰","110/08/05","元大-和平",47,22,25
"8686","2390云辰","110/08/05","大慶-蘆洲",2,30,-28
"8687","2390云辰","110/08/05","統一-士林",26,2,24
"8688","2390云辰","110/08/05","元大-大統",3,31,-28
"8689","2390云辰","110/08/05","富邦-新營",23,0,23
"8690","2390云辰","110/08/05","臺銀-金山",1,27,-26
"8691","2390云辰","110/08/05","元大-景美",22,1,21
"8692","2390云辰","110/08/05","國泰-台中",0,23,-23
"8693","2390云辰","110/08/05","合庫-嘉義",20,0,20
"8694","2390云辰","110/08/05","富邦-岡山",0,23,-23
"8695","2390云辰","110/08/05","台灣企銀-嘉義",20,0,20
"8696","2390云辰","110/08/05","元大-土城學府",24,47,-23
"8697","2390云辰","110/08/05","日盛-板橋",21,1,20
"8698","2390云辰","110/08/05","台新-台中",28,50,-22
"8699","2390云辰","110/08/05","凱基-竹科",28,8,20
"8700","2390云辰","110/08/05","群益金鼎-鳳山",0,21,-21
"8701","1471首利","110/08/04","玉山-桃園",51,0,51
"8702","1471首利","110/08/04","國票-九鼎",0,60,-60
"8703","1471首利","110/08/04","華南永昌-潮州",50,1,49
"8704","1471首利","110/08/04","日盛-士林",0,20,-20
"8705","1471首利","110/08/04","瑞士信貸",33,3,30
"8706","1471首利","110/08/04","元大-博愛",4,24,-20
"8707","1471首利","110/08/04","兆豐-板橋",20,0,20
"8708","1471首利","110/08/04","群益金鼎-台中",1,20,-19
"8709","1471首利","110/08/04","兆豐-台中港",30,13,17
"8710","1471首利","110/08/04","國泰-高雄",0,16,-16
"8711","1471首利","110/08/04","富邦-基隆",16,0,16
"8712","1471首利","110/08/04","元大-台南",1,17,-16
"8713","1471首利","110/08/04","美林",15,0,15
"8714","1471首利","110/08/04","國泰-敦南",18,32,-14
"8715","1471首利","110/08/04","永豐金-員林",12,0,12
"8716","1471首利","110/08/04","新光",21,33,-12
"8717","1471首利","110/08/04","第一金-台南",11,0,11
"8718","1471首利","110/08/04","凱基-土城",0,12,-12
"8719","1471首利","110/08/04","德信-中正",12,1,11
"8720","1471首利","110/08/04","合庫-高雄",0,10,-10
"8721","1471首利","110/08/04","合庫-台中",10,0,10
"8722","1471首利","110/08/04","元富-宜蘭",0,10,-10
"8723","1471首利","110/08/04","國泰-新莊",10,0,10
"8724","1471首利","110/08/04","國泰-板橋",0,10,-10
"8725","1471首利","110/08/04","富邦-桃園",10,0,10
"8726","1471首利","110/08/04","群益金鼎-鳳山",0,10,-10
"8727","1471首利","110/08/04","元大-苗栗",10,0,10
"8728","1471首利","110/08/04","元大-東泰",0,10,-10
"8729","1471首利","110/08/04","玉山-左營",10,1,9
"8730","1471首利","110/08/04","元大-林園",0,10,-10
"8731","2883開發金","110/08/04","國泰證券",3650,0,3650
"8732","2883開發金","110/08/04","康和-仁愛",3,1737,-1734
"8733","2883開發金","110/08/04","統一",2763,29,2734
"8734","2883開發金","110/08/04","新加坡商瑞銀",356,1472,-1116
"8735","2883開發金","110/08/04","凱基-台北",2041,429,1612
"8736","2883開發金","110/08/04","豐農",5,1025,-1020
"8737","2883開發金","110/08/04","元富-城東",1602,26,1576
"8738","2883開發金","110/08/04","富邦-建國",271,1004,-733
"8739","2883開發金","110/08/04","元富",1190,0,1190
"8740","2883開發金","110/08/04","元大-北成功",6,608,-602
"8741","2883開發金","110/08/04","美商高盛",1033,355,678
"8742","2883開發金","110/08/04","台灣摩根士丹利",573,1019,-446
"8743","2883開發金","110/08/04","康和",661,6,655
"8744","2883開發金","110/08/04","台新-中壢",2,431,-429
"8745","2883開發金","110/08/04","國票-長城",504,8,496
"8746","2883開發金","110/08/04","凱基-和平",1,400,-399
"8747","2883開發金","110/08/04","元大-大灣",734,304,430
"8748","2883開發金","110/08/04","元大-蘆洲",7,370,-363
"8749","2883開發金","110/08/04","永豐金-板橋",500,100,400
"8750","2883開發金","110/08/04","元大-民生",10,370,-360
"8751","2883開發金","110/08/04","永豐金-台南",389,11,378
"8752","2883開發金","110/08/04","中國信託-中壢",1,321,-320
"8753","2883開發金","110/08/04","日盛證券",608,255,353
"8754","2883開發金","110/08/04","港商法國興業",0,291,-291
"8755","2883開發金","110/08/04","花旗環球",343,0,343
"8756","2883開發金","110/08/04","日盛-北高雄",20,309,-289
"8757","2883開發金","110/08/04","瑞士信貸",462,121,341
"8758","2883開發金","110/08/04","日盛-花蓮",11,250,-239
"8759","2883開發金","110/08/04","凱基",320,0,320
"8760","2883開發金","110/08/04","群益金鼎-東湖",10,243,-233
"8761","6205詮欣","110/08/04","摩根大通",18,0,18
"8762","6205詮欣","110/08/04","永豐金-敦南",16,36,-20
"8763","6205詮欣","110/08/04","臺銀-民權",5,0,5
"8764","6205詮欣","110/08/04","瑞士信貸",6,10,-4
"8765","6205詮欣","110/08/04","凱基-台北",4,0,4
"8766","6205詮欣","110/08/04","致和-高雄",0,4,-4
"8767","6205詮欣","110/08/04","元富-潮州",3,0,3
"8768","6205詮欣","110/08/04","群益金鼎-台南",0,3,-3
"8769","6205詮欣","110/08/04","台中銀",3,0,3
"8770","6205詮欣","110/08/04","元大-路竹",0,3,-3
"8771","6205詮欣","110/08/04","華南永昌",3,0,3
"8772","6205詮欣","110/08/04","元大-北成功",0,3,-3
"8773","6205詮欣","110/08/04","美林",2,0,2
"8774","6205詮欣","110/08/04","凱基-東門",0,2,-2
"8775","6205詮欣","110/08/04","元富-新店",2,0,2
"8776","6205詮欣","110/08/04","凱基-基隆",0,2,-2
"8777","6205詮欣","110/08/04","元大-羅東",2,0,2
"8778","6205詮欣","110/08/04","凱基-大安",0,2,-2
"8779","6205詮欣","110/08/04","元大-館前",2,0,2
"8780","6205詮欣","110/08/04","元大-土城學府",0,2,-2
"8781","6205詮欣","110/08/04","元大-楊梅",2,0,2
"8782","6205詮欣","110/08/04","元大-民生",0,2,-2
"8783","6205詮欣","110/08/04","元大-信義",2,0,2
"8784","6205詮欣","110/08/04","日盛-八德",0,1,-1
"8785","6205詮欣","110/08/04","永豐金-埔里",2,0,2
"8786","6205詮欣","110/08/04","宏遠-高雄",0,1,-1
"8787","6205詮欣","110/08/04","日盛-板橋",1,0,1
"8788","6205詮欣","110/08/04","新加坡商瑞銀",0,1,-1
"8789","6205詮欣","110/08/04","日盛-木柵",1,0,1
"8790","6205詮欣","110/08/04","第一金-華江",0,1,-1
"8791","1540喬福","110/08/04","元富-中原",58,0,58
"8792","1540喬福","110/08/04","元大-大天母",0,60,-60
"8793","1540喬福","110/08/04","(牛牛牛)亞-鑫豐",26,0,26
"8794","1540喬福","110/08/04","統一-新台中",0,18,-18
"8795","1540喬福","110/08/04","國泰-敦南",10,0,10
"8796","1540喬福","110/08/04","群益金鼎-士林",0,7,-7
"8797","1540喬福","110/08/04","富邦-南屯",10,0,10
"8798","1540喬福","110/08/04","兆豐-北高雄",0,6,-6
"8799","1540喬福","110/08/04","兆豐-鹿港",3,0,3
"8800","1540喬福","110/08/04","凱基-市政",0,5,-5
"8801","1540喬福","110/08/04","元大-土城永寧",2,0,2
"8802","1540喬福","110/08/04","亞東-高雄",0,4,-4
"8803","1540喬福","110/08/04","第一金-桃園",1,0,1
"8804","1540喬福","110/08/04","永豐金-大園",0,4,-4
"8805","1540喬福","110/08/04","兆豐-高雄",1,0,1
"8806","1540喬福","110/08/04","永豐金-豐原",0,2,-2
"8807","1540喬福","110/08/04","元大-苑裡",1,0,1
"8808","1540喬福","110/08/04","兆豐-三重",0,1,-1
"8809","1540喬福","110/08/04","臺銀-鳳山",0,0,0
"8810","1540喬福","110/08/04","致和-南京",0,1,-1
"8811","1540喬福","110/08/04","大慶",0,0,0
"8812","1540喬福","110/08/04","國票-嘉義",0,1,-1
"8813","1540喬福","110/08/04","元富-信義",0,0,0
"8814","1540喬福","110/08/04","兆豐-嘉義",0,1,-1
"8815","1540喬福","110/08/04","德信-新營",1,1,0
"8816","1540喬福","110/08/04","華南永昌-林口",0,1,-1
"8817","1540喬福","110/08/04","國票-台中",1,1,0
"8818","1540喬福","110/08/04","華南永昌-潮州",0,1,-1
"8819","1540喬福","110/08/04","康和-板橋",0,0,0
"8820","1540喬福","110/08/04","國票-台中",1,1,0
"8821","2888新光金","110/08/04","港商麥格理",2490,0,2490
"8822","2888新光金","110/08/04","永豐金-苓雅",2,1543,-1541
"8823","2888新光金","110/08/04","凱基-八德",1000,1,999
"8824","2888新光金","110/08/04","美商高盛",196,1441,-1245
"8825","2888新光金","110/08/04","新光",1122,247,875
"8826","2888新光金","110/08/04","台灣摩根士丹利",724,1776,-1052
"8827","2888新光金","110/08/04","國票-桃園",1200,402,798
"8828","2888新光金","110/08/04","摩根大通",616,1665,-1049
"8829","2888新光金","110/08/04","華南永昌-南京",759,36,723
"8830","2888新光金","110/08/04","康和-台中",0,680,-680
"8831","2888新光金","110/08/04","港商法國興業",568,0,568
"8832","2888新光金","110/08/04","群益金鼎-高雄",0,533,-533
"8833","2888新光金","110/08/04","花旗環球",559,0,559
"8834","2888新光金","110/08/04","亞東",34,531,-497
"8835","2888新光金","110/08/04","法銀巴黎",801,242,559
"8836","2888新光金","110/08/04","群益金鼎-土城",25,464,-439
"8837","2888新光金","110/08/04","凱基-台北",889,355,534
"8838","2888新光金","110/08/04","國票-北高雄",2,425,-423
"8839","2888新光金","110/08/04","統一-松江",500,0,500
"8840","2888新光金","110/08/04","凱基-台南",0,400,-400
"8841","2888新光金","110/08/04","華南永昌-長虹",345,0,345
"8842","2888新光金","110/08/04","新加坡商瑞銀",128,486,-358
"8843","2888新光金","110/08/04","美林",884,551,333
"8844","2888新光金","110/08/04","統一-屏東",0,344,-344
"8845","2888新光金","110/08/04","群益金鼎-中壢",301,3,298
"8846","2888新光金","110/08/04","統一-宜蘭",8,326,-318
"8847","2888新光金","110/08/04","群益金鼎",278,0,278
"8848","2888新光金","110/08/04","群益金鼎-萬華",0,284,-284
"8849","2888新光金","110/08/04","元大-北投",249,5,244
"8850","2888新光金","110/08/04","富邦-仁愛",10,276,-266
"8851","1340勝悅","110/08/04","第一金-新竹",10,0,10
"8852","1340勝悅","110/08/04","中國信託",0,23,-23
"8853","1340勝悅","110/08/04","凱基-虎尾",8,0,8
"8854","1340勝悅","110/08/04","永豐金-潮州",0,19,-19
"8855","1340勝悅","110/08/04","凱基-台中",6,0,6
"8856","1340勝悅","110/08/04","元富-花蓮",0,10,-10
"8857","1340勝悅","110/08/04","臺灣企銀-埔墘",5,0,5
"8858","1340勝悅","110/08/04","中國信託-永康",0,10,-10
"8859","1340勝悅","110/08/04","第一金",5,0,5
"8860","1340勝悅","110/08/04","第一金-中壢",0,7,-7
"8861","1340勝悅","110/08/04","凱基-八德",5,0,5
"8862","1340勝悅","110/08/04","高橋-中壢",0,5,-5
"8863","1340勝悅","110/08/04","永豐金-博愛",5,0,5
"8864","1340勝悅","110/08/04","富邦-新店",0,5,-5
"8865","1340勝悅","110/08/04","摩根大通",6,2,4
"8866","1340勝悅","110/08/04","台新-高雄",0,4,-4
"8867","1340勝悅","110/08/04","凱基-三重",4,0,4
"8868","1340勝悅","110/08/04","新光",0,4,-4
"8869","1340勝悅","110/08/04","統一-城中",7,4,3
"8870","1340勝悅","110/08/04","兆豐-松德",0,2,-2
"8871","1340勝悅","110/08/04","群益金鼎-館前",3,0,3
"8872","1340勝悅","110/08/04","凱基-嘉義",0,2,-2
"8873","1340勝悅","110/08/04","元大-南京",3,0,3
"8874","1340勝悅","110/08/04","富邦-宜蘭",0,2,-2
"8875","1340勝悅","110/08/04","瑞士信貸",2,0,2
"8876","1340勝悅","110/08/04","永豐金-永康",0,2,-2
"8877","1340勝悅","110/08/04","大慶-富順",2,0,2
"8878","1340勝悅","110/08/04","永豐金-嘉義",0,2,-2
"8879","1340勝悅","110/08/04","國泰-高雄",2,0,2
"8880","1340勝悅","110/08/04","玉山證券",0,1,-1
"8881","6246臺龍","110/08/04","統一",347,0,347
"8882","6246臺龍","110/08/04","大慶-富順",0,168,-168
"8883","6246臺龍","110/08/04","元大-西螺",30,0,30
"8884","6246臺龍","110/08/04","元大-善化",1,91,-90
"8885","6246臺龍","110/08/04","華南永昌-嘉義",26,0,26
"8886","6246臺龍","110/08/04","新光-高雄",2,75,-73
"8887","6246臺龍","110/08/04","中國信託-永康",31,9,22
"8888","6246臺龍","110/08/04","元大-永春",1,40,-39
"8889","6246臺龍","110/08/04","元大-西屯",25,4,21
"8890","6246臺龍","110/08/04","元大-基隆孝二",1,35,-34
"8891","6246臺龍","110/08/04","凱基-竹科",23,3,20
"8892","6246臺龍","110/08/04","凱基-復興",10,43,-33
"8893","6246臺龍","110/08/04","凱基-大直",19,0,19
"8894","6246臺龍","110/08/04","國泰-台中",3,34,-31
"8895","6246臺龍","110/08/04","第一金-台南",18,0,18
"8896","6246臺龍","110/08/04","統一-屏東",0,26,-26
"8897","6246臺龍","110/08/04","萬泰",15,0,15
"8898","6246臺龍","110/08/04","台灣企銀-台南",1,25,-24
"8899","6246臺龍","110/08/04","華南永昌-台中",15,0,15
"8900","6246臺龍","110/08/04","宏遠-民生",0,22,-22
"8901","6246臺龍","110/08/04","凱基-板橋",13,0,13
"8902","6246臺龍","110/08/04","兆豐-來福",0,20,-20
"8903","6246臺龍","110/08/04","宏遠-高雄",12,0,12
"8904","6246臺龍","110/08/04","永豐金-市政",0,17,-17
"8905","6246臺龍","110/08/04","新光-台中",11,0,11
"8906","6246臺龍","110/08/04","台新-台中",5,21,-16
"8907","6246臺龍","110/08/04","玉山證券",13,2,11
"8908","6246臺龍","110/08/04","華南永昌-彰化",1,16,-15
"8909","6246臺龍","110/08/04","永豐金-高雄",12,1,11
"8910","6246臺龍","110/08/04","元大-博愛",13,28,-15
"8911","00715L期街口布蘭特正2","110/08/04","宏遠-高雄",1056,0,1056
"8912","00715L期街口布蘭特正2","110/08/04","元大證券",1348,7345,-5997
"8913","00715L期街口布蘭特正2","110/08/04","凱基-豐中",576,0,576
"8914","00715L期街口布蘭特正2","110/08/04","凱基-台北",37,5749,-5712
"8915","00715L期街口布蘭特正2","110/08/04","富邦-基隆",467,0,467
"8916","00715L期街口布蘭特正2","110/08/04","富邦證券",253,2075,-1822
"8917","00715L期街口布蘭特正2","110/08/04","國泰-板橋",470,30,440
"8918","00715L期街口布蘭特正2","110/08/04","第一金-頭份",11,400,-389
"8919","00715L期街口布蘭特正2","110/08/04","統一-高雄",358,3,355
"8920","00715L期街口布蘭特正2","110/08/04","富邦-永和",4,376,-372
"8921","00715L期街口布蘭特正2","110/08/04","中國信託-永康",219,1,218
"8922","00715L期街口布蘭特正2","110/08/04","永豐金-新店",0,370,-370
"8923","00715L期街口布蘭特正2","110/08/04","元大-中和",217,0,217
"8924","00715L期街口布蘭特正2","110/08/04","元富",53,412,-359
"8925","00715L期街口布蘭特正2","110/08/04","日盛-花蓮",201,1,200
"8926","00715L期街口布蘭特正2","110/08/04","臺銀-民權",15,366,-351
"8927","00715L期街口布蘭特正2","110/08/04","元大-中壢",201,12,189
"8928","00715L期街口布蘭特正2","110/08/04","兆豐-新莊",0,300,-300
"8929","00715L期街口布蘭特正2","110/08/04","宏遠-桃園",190,2,188
"8930","00715L期街口布蘭特正2","110/08/04","大昌-新店",17,300,-283
"8931","00715L期街口布蘭特正2","110/08/04","玉山-大里",182,0,182
"8932","00715L期街口布蘭特正2","110/08/04","元大-西螺",87,303,-216
"8933","00715L期街口布蘭特正2","110/08/04","新光",258,80,178
"8934","00715L期街口布蘭特正2","110/08/04","華南永昌-高雄",7,206,-199
"8935","00715L期街口布蘭特正2","110/08/04","元大-花蓮",178,0,178
"8936","00715L期街口布蘭特正2","110/08/04","國票-台中",8,200,-192
"8937","00715L期街口布蘭特正2","110/08/04","新光-台中",242,68,174
"8938","00715L期街口布蘭特正2","110/08/04","群益金鼎-鳳山",12,174,-162
"8939","00715L期街口布蘭特正2","110/08/04","(牛牛牛)亞-網路",166,0,166
"8940","00715L期街口布蘭特正2","110/08/04","國泰-台南",8,150,-142
"8941","8941關中","110/08/04","宏遠-館前",3,0,3
"8942","8941關中","110/08/04","元大-基隆",0,3,-3
"8943","8941關中","110/08/04","日盛-和美",1,0,1
"8944","8941關中","110/08/04","富邦-員林",0,2,-2
"8945","8941關中","110/08/04","元大-華山",1,0,1
"8946","8941關中","110/08/04","新光-高雄",0,0,0
"8947","8941關中","110/08/04","新光-高雄",0,0,0
"8948","8941關中","110/08/04","國泰-高雄",0,0,0
"8949","8941關中","110/08/04","國泰-高雄",0,0,0
"8950","8941關中","110/08/04","富邦-建國",0,0,0
"8951","8941關中","110/08/04","富邦-建國",0,0,0
"8952","8941關中","110/08/04","元大-西屯",0,0,0
"8953","8941關中","110/08/04","元大-西屯",0,0,0
"8954","8941關中","110/08/04","元大-花蓮",0,0,0
"8955","8941關中","110/08/04","元大-花蓮",0,0,0
"8956","8941關中","110/08/04","永豐金-萬盛",0,0,0
"8957","8941關中","110/08/04","永豐金-萬盛",0,0,0
"8958","8941關中","110/08/04","",NA,NA,NA
"8959","8941關中","110/08/04","",NA,NA,NA
"8960","8941關中","110/08/04","",NA,NA,NA
"8961","8941關中","110/08/04","",NA,NA,NA
"8962","8941關中","110/08/04","",NA,NA,NA
"8963","8941關中","110/08/04","",NA,NA,NA
"8964","8941關中","110/08/04","",NA,NA,NA
"8965","8941關中","110/08/04","",NA,NA,NA
"8966","8941關中","110/08/04","",NA,NA,NA
"8967","8941關中","110/08/04","",NA,NA,NA
"8968","8941關中","110/08/04","",NA,NA,NA
"8969","8941關中","110/08/04","",NA,NA,NA
"8970","8941關中","110/08/04","",NA,NA,NA
"8971","8936國統","110/08/04","第一金-光復",120,0,120
"8972","8936國統","110/08/04","兆豐-彰化",0,61,-61
"8973","8936國統","110/08/04","美林",99,3,96
"8974","8936國統","110/08/04","凱基-台北",4,56,-52
"8975","8936國統","110/08/04","華南永昌-楠梓",70,5,65
"8976","8936國統","110/08/04","凱基-內埔",0,50,-50
"8977","8936國統","110/08/04","永豐金-高雄",62,0,62
"8978","8936國統","110/08/04","台灣摩根士丹利",0,42,-42
"8979","8936國統","110/08/04","國票-台南",60,0,60
"8980","8936國統","110/08/04","永豐金-苓雅",1,40,-39
"8981","8936國統","110/08/04","永豐金-台中",30,0,30
"8982","8936國統","110/08/04","群益金鼎-內湖",0,30,-30
"8983","8936國統","110/08/04","第一金-豐原",20,0,20
"8984","8936國統","110/08/04","國票-北高雄",0,20,-20
"8985","8936國統","110/08/04","玉山-高雄",13,0,13
"8986","8936國統","110/08/04","宏遠-館前",0,19,-19
"8987","8936國統","110/08/04","元大-莒光",11,0,11
"8988","8936國統","110/08/04","美商高盛",3,22,-19
"8989","8936國統","110/08/04","亞東-高雄",10,0,10
"8990","8936國統","110/08/04","元大-大里德芳",4,21,-17
"8991","8936國統","110/08/04","第一金-路竹",10,0,10
"8992","8936國統","110/08/04","第一金-高雄",0,14,-14
"8993","8936國統","110/08/04","新光-台中",8,1,7
"8994","8936國統","110/08/04","日盛-竹北",0,12,-12
"8995","8936國統","110/08/04","統一-三多",5,0,5
"8996","8936國統","110/08/04","亞東",0,12,-12
"8997","8936國統","110/08/04","國票-內壢",5,0,5
"8998","8936國統","110/08/04","摩根大通",32,44,-12
"8999","8936國統","110/08/04","新光",10,5,5
"9000","8936國統","110/08/04","第一金-嘉義",0,10,-10
"9001","6226光鼎","110/08/04","富邦-嘉義",1247,573,674
"9002","6226光鼎","110/08/04","國泰-敦南",89,234,-145
"9003","6226光鼎","110/08/04","永豐金-桃盛",205,0,205
"9004","6226光鼎","110/08/04","日盛-嘉義",0,131,-131
"9005","6226光鼎","110/08/04","台新-左楠",120,1,119
"9006","6226光鼎","110/08/04","群益金鼎-東大",35,150,-115
"9007","6226光鼎","110/08/04","群益金鼎-敦南",127,8,119
"9008","6226光鼎","110/08/04","台中銀-員林",0,101,-101
"9009","6226光鼎","110/08/04","台灣摩根士丹利",135,55,80
"9010","6226光鼎","110/08/04","玉山-雙和",2,97,-95
"9011","6226光鼎","110/08/04","華南永昌-南京",89,14,75
"9012","6226光鼎","110/08/04","台新證券",76,167,-91
"9013","6226光鼎","110/08/04","台新-台中",101,32,69
"9014","6226光鼎","110/08/04","華南永昌-頭份",7,86,-79
"9015","6226光鼎","110/08/04","宏遠-台中",60,3,57
"9016","6226光鼎","110/08/04","高橋",0,70,-70
"9017","6226光鼎","110/08/04","大昌",79,26,53
"9018","6226光鼎","110/08/04","國泰-館前",18,62,-44
"9019","6226光鼎","110/08/04","台新-新莊",54,2,52
"9020","6226光鼎","110/08/04","凱基-永和",0,43,-43
"9021","6226光鼎","110/08/04","群益金鼎-三民",51,3,48
"9022","6226光鼎","110/08/04","日盛-景美",0,38,-38
"9023","6226光鼎","110/08/04","中國信託-永康",62,18,44
"9024","6226光鼎","110/08/04","華南永昌-高雄",9,47,-38
"9025","6226光鼎","110/08/04","國票-台中",45,2,43
"9026","6226光鼎","110/08/04","元大-太平",6,44,-38
"9027","6226光鼎","110/08/04","統一-士林",44,4,40
"9028","6226光鼎","110/08/04","元大-北投",0,37,-37
"9029","6226光鼎","110/08/04","統一-仁愛",51,14,37
"9030","6226光鼎","110/08/04","元大-板橋",0,37,-37
"9031","2363矽統","110/08/04","富邦-中壢",628,138,490
"9032","2363矽統","110/08/04","新加坡商瑞銀",986,2541,-1555
"9033","2363矽統","110/08/04","凱基-台北",7207,6730,477
"9034","2363矽統","110/08/04","台灣摩根士丹利",158,1373,-1215
"9035","2363矽統","110/08/04","元大-承德",449,81,368
"9036","2363矽統","110/08/04","摩根大通",2506,3701,-1195
"9037","2363矽統","110/08/04","群益金鼎-高雄",438,99,339
"9038","2363矽統","110/08/04","日盛-文化",121,1226,-1105
"9039","2363矽統","110/08/04","元富-嘉義",383,57,326
"9040","2363矽統","110/08/04","美林",2013,2637,-624
"9041","2363矽統","110/08/04","元大-旗山",446,147,299
"9042","2363矽統","110/08/04","凱基-新莊",44,445,-401
"9043","2363矽統","110/08/04","大慶-台中",304,14,290
"9044","2363矽統","110/08/04","台新-松江",60,449,-389
"9045","2363矽統","110/08/04","國票-博愛",425,150,275
"9046","2363矽統","110/08/04","統一-士林",649,1031,-382
"9047","2363矽統","110/08/04","台新-台南",494,230,264
"9048","2363矽統","110/08/04","新光",1494,1876,-382
"9049","2363矽統","110/08/04","群益金鼎-內湖",393,135,258
"9050","2363矽統","110/08/04","華南永昌",691,1068,-377
"9051","2363矽統","110/08/04","群益金鼎-桃園",295,68,227
"9052","2363矽統","110/08/04","富邦-彰化",122,486,-364
"9053","2363矽統","110/08/04","永豐金-羅東",397,182,215
"9054","2363矽統","110/08/04","凱基-永和",198,478,-280
"9055","2363矽統","110/08/04","元大-永春",347,142,205
"9056","2363矽統","110/08/04","富邦-嘉義",1358,1619,-261
"9057","2363矽統","110/08/04","台新-屏東",466,275,191
"9058","2363矽統","110/08/04","元大-前金",175,419,-244
"9059","2363矽統","110/08/04","元大-萬華",286,96,190
"9060","2363矽統","110/08/04","凱基-大直",681,912,-231
"9061","8112至上","110/08/04","台灣匯立證券",138,0,138
"9062","8112至上","110/08/04","日盛-高雄",1,355,-354
"9063","8112至上","110/08/04","元富-新興",94,8,86
"9064","8112至上","110/08/04","玉山-士林",0,150,-150
"9065","8112至上","110/08/04","合庫-西台中",55,7,48
"9066","8112至上","110/08/04","台灣摩根士丹利",20,143,-123
"9067","8112至上","110/08/04","摩根大通",145,97,48
"9068","8112至上","110/08/04","元富-大昌",0,120,-120
"9069","8112至上","110/08/04","台新證券",48,1,47
"9070","8112至上","110/08/04","華南永昌-林口",1,90,-89
"9071","8112至上","110/08/04","第一金-高雄",40,0,40
"9072","8112至上","110/08/04","元大-北屯",1,70,-69
"9073","8112至上","110/08/04","群益金鼎-大安",40,0,40
"9074","8112至上","110/08/04","凱基-台北",140,206,-66
"9075","8112至上","110/08/04","日盛-新竹",60,26,34
"9076","8112至上","110/08/04","新加坡商瑞銀",16,68,-52
"9077","8112至上","110/08/04","美林",69,38,31
"9078","8112至上","110/08/04","第一金-自由",0,50,-50
"9079","8112至上","110/08/04","凱基-虎尾",30,0,30
"9080","8112至上","110/08/04","康和-內湖",0,34,-34
"9081","8112至上","110/08/04","永豐金-台南",32,2,30
"9082","8112至上","110/08/04","聯邦商銀",0,34,-34
"9083","8112至上","110/08/04","港商野村",30,1,29
"9084","8112至上","110/08/04","臺銀-鳳山",0,28,-28
"9085","8112至上","110/08/04","國泰-館前",29,5,24
"9086","8112至上","110/08/04","兆豐-公益",0,28,-28
"9087","8112至上","110/08/04","元富-佳里",21,0,21
"9088","8112至上","110/08/04","元大-崇德",0,21,-21
"9089","8112至上","110/08/04","日進",20,0,20
"9090","8112至上","110/08/04","元大-土城永寧",0,20,-20
"9091","1570力肯","110/08/04","摩根大通",330,27,303
"9092","1570力肯","110/08/04","元大-板橋",0,86,-86
"9093","1570力肯","110/08/04","統一",224,0,224
"9094","1570力肯","110/08/04","群益金鼎-忠孝",0,80,-80
"9095","1570力肯","110/08/04","富邦-台中",84,1,83
"9096","1570力肯","110/08/04","元富-緯城",0,51,-51
"9097","1570力肯","110/08/04","統一-土城",287,222,65
"9098","1570力肯","110/08/04","國票-和平",0,51,-51
"9099","1570力肯","110/08/04","群益金鼎-中壢",60,0,60
"9100","1570力肯","110/08/04","日盛-二林",0,43,-43
"9101","1570力肯","110/08/04","富邦-高雄",69,10,59
"9102","1570力肯","110/08/04","國泰-板橋",0,43,-43
"9103","1570力肯","110/08/04","統一-屏東",61,4,57
"9104","1570力肯","110/08/04","元大-新莊",1,44,-43
"9105","1570力肯","110/08/04","凱基-岡山",53,1,52
"9106","1570力肯","110/08/04","凱基-嘉義",0,42,-42
"9107","1570力肯","110/08/04","新光-台中",43,12,31
"9108","1570力肯","110/08/04","華南永昌-鳳山",2,42,-40
"9109","1570力肯","110/08/04","台中銀-員林",30,1,29
"9110","1570力肯","110/08/04","凱基-三峽",0,37,-37
"9111","1570力肯","110/08/04","元富-三重",37,12,25
"9112","1570力肯","110/08/04","國票-中正",0,36,-36
"9113","1570力肯","110/08/04","統一-新台中",30,6,24
"9114","1570力肯","110/08/04","高橋",0,30,-30
"9115","1570力肯","110/08/04","致和-府前",25,1,24
"9116","1570力肯","110/08/04","日盛-高雄",0,29,-29
"9117","1570力肯","110/08/04","凱基-中港",22,0,22
"9118","1570力肯","110/08/04","(牛牛牛)亞-鑫豐",6,29,-23
"9119","1570力肯","110/08/04","宏遠證券",20,0,20
"9120","1570力肯","110/08/04","元富-松德",1,22,-21
"9121","2929淘帝","110/08/04","兆豐-忠孝",23,0,23
"9122","2929淘帝","110/08/04","美林",12,107,-95
"9123","2929淘帝","110/08/04","華南永昌-長虹",21,0,21
"9124","2929淘帝","110/08/04","兆豐-新莊",0,94,-94
"9125","2929淘帝","110/08/04","兆豐-桃園",20,0,20
"9126","2929淘帝","110/08/04","富邦-北港",0,30,-30
"9127","2929淘帝","110/08/04","新加坡商瑞銀",34,18,16
"9128","2929淘帝","110/08/04","永興-水湳",0,20,-20
"9129","2929淘帝","110/08/04","凱基-林口",15,0,15
"9130","2929淘帝","110/08/04","兆豐-復興",0,20,-20
"9131","2929淘帝","110/08/04","富邦-竹東",17,5,12
"9132","2929淘帝","110/08/04","國泰-高雄",1,15,-14
"9133","2929淘帝","110/08/04","台新-建北",11,0,11
"9134","2929淘帝","110/08/04","元大-上新莊",0,14,-14
"9135","2929淘帝","110/08/04","凱基-豐中",11,0,11
"9136","2929淘帝","110/08/04","凱基-敦北",0,11,-11
"9137","2929淘帝","110/08/04","統一-汐止",10,0,10
"9138","2929淘帝","110/08/04","臺銀-金山",0,10,-10
"9139","2929淘帝","110/08/04","新百王",10,0,10
"9140","2929淘帝","110/08/04","日盛-斗六",0,10,-10
"9141","2929淘帝","110/08/04","凱基-台北",16,6,10
"9142","2929淘帝","110/08/04","港商野村",16,26,-10
"9143","2929淘帝","110/08/04","華南永昌-苗栗",10,0,10
"9144","2929淘帝","110/08/04","第一金-自由",0,10,-10
"9145","2929淘帝","110/08/04","富邦-板橋",10,0,10
"9146","2929淘帝","110/08/04","玉山-台南",0,10,-10
"9147","2929淘帝","110/08/04","元大-路竹",10,0,10
"9148","2929淘帝","110/08/04","凱基-五股",0,10,-10
"9149","2929淘帝","110/08/04","元大-東蘆",10,0,10
"9150","2929淘帝","110/08/04","華南永昌-楠梓",0,10,-10
"9151","5410國眾","110/08/04","永豐金-內湖",100,1,99
"9152","5410國眾","110/08/04","群益金鼎-內湖",0,46,-46
"9153","5410國眾","110/08/04","永豐金-板新",36,0,36
"9154","5410國眾","110/08/04","新光",2,36,-34
"9155","5410國眾","110/08/04","兆豐-城中",27,0,27
"9156","5410國眾","110/08/04","元富-嘉義",0,20,-20
"9157","5410國眾","110/08/04","凱基-竹北",10,0,10
"9158","5410國眾","110/08/04","元大-博愛",0,20,-20
"9159","5410國眾","110/08/04","新光-高雄",9,0,9
"9160","5410國眾","110/08/04","永豐金-彰化",0,20,-20
"9161","5410國眾","110/08/04","兆豐-北高雄",8,0,8
"9162","5410國眾","110/08/04","元大-斗信",0,11,-11
"9163","5410國眾","110/08/04","元富-三重",9,3,6
"9164","5410國眾","110/08/04","統一-平鎮",0,10,-10
"9165","5410國眾","110/08/04","台新證券",7,1,6
"9166","5410國眾","110/08/04","元大-台北",0,10,-10
"9167","5410國眾","110/08/04","元大-中壢",10,4,6
"9168","5410國眾","110/08/04","元大-大灣",0,10,-10
"9169","5410國眾","110/08/04","北城證券",5,0,5
"9170","5410國眾","110/08/04","元大-前金",0,9,-9
"9171","5410國眾","110/08/04","國票-和平",5,0,5
"9172","5410國眾","110/08/04","致和證券",0,8,-8
"9173","5410國眾","110/08/04","元大-新盛",5,0,5
"9174","5410國眾","110/08/04","元大-崇德",0,7,-7
"9175","5410國眾","110/08/04","永豐金-中盛",5,0,5
"9176","5410國眾","110/08/04","臺銀-鳳山",0,6,-6
"9177","5410國眾","110/08/04","永豐金-桃園",5,0,5
"9178","5410國眾","110/08/04","玉山-左營",0,6,-6
"9179","5410國眾","110/08/04","凱基-台北",7,3,4
"9180","5410國眾","110/08/04","富邦-台中",0,6,-6
"9181","2841台開","110/08/04","永豐金-敦南",1166,0,1166
"9182","2841台開","110/08/04","統一-三重",0,943,-943
"9183","2841台開","110/08/04","永豐金-鳳山",206,50,156
"9184","2841台開","110/08/04","群益金鼎-東大",0,250,-250
"9185","2841台開","110/08/04","凱基-文心",136,0,136
"9186","2841台開","110/08/04","元富-城東",5,250,-245
"9187","2841台開","110/08/04","國泰-敦南",135,7,128
"9188","2841台開","110/08/04","元大-大灣",16,200,-184
"9189","2841台開","110/08/04","新光",109,4,105
"9190","2841台開","110/08/04","元大-新店中正",0,128,-128
"9191","2841台開","110/08/04","日盛-信義",102,0,102
"9192","2841台開","110/08/04","兆豐-麻豆",0,120,-120
"9193","2841台開","110/08/04","兆豐-東門",100,0,100
"9194","2841台開","110/08/04","土銀",0,100,-100
"9195","2841台開","110/08/04","台新-三民",100,0,100
"9196","2841台開","110/08/04","臺銀",0,100,-100
"9197","2841台開","110/08/04","群益金鼎-海山",100,0,100
"9198","2841台開","110/08/04","富邦-新店",4,90,-86
"9199","2841台開","110/08/04","國泰-板橋",106,13,93
"9200","2841台開","110/08/04","合庫-台中",23,104,-81
"9201","2841台開","110/08/04","永豐金-彰化",100,10,90
"9202","2841台開","110/08/04","統一-高雄",0,77,-77
"9203","2841台開","110/08/04","永豐金-萬盛",101,16,85
"9204","2841台開","110/08/04","群益金鼎-屏東",0,75,-75
"9205","2841台開","110/08/04","國票-天祥",80,0,80
"9206","2841台開","110/08/04","中國信託-高雄",2,70,-68
"9207","2841台開","110/08/04","群益金鼎-崇德",84,5,79
"9208","2841台開","110/08/04","凱基-三峽",0,61,-61
"9209","2841台開","110/08/04","群益金鼎-館前",82,3,79
"9210","2841台開","110/08/04","統一-彰化",0,60,-60
"9211","6207雷科","110/08/04","凱基-羅東",80,1,79
"9212","6207雷科","110/08/04","凱基-板橋",1,213,-212
"9213","6207雷科","110/08/04","元大-鳳山",76,2,74
"9214","6207雷科","110/08/04","摩根大通",105,209,-104
"9215","6207雷科","110/08/04","凱基-台南",37,1,36
"9216","6207雷科","110/08/04","凱基-台北",22,122,-100
"9217","6207雷科","110/08/04","富邦-竹東",35,0,35
"9218","6207雷科","110/08/04","華南永昌",12,100,-88
"9219","6207雷科","110/08/04","群益金鼎-東門",31,4,27
"9220","6207雷科","110/08/04","統一-高雄",3,74,-71
"9221","6207雷科","110/08/04","新光-高雄",30,4,26
"9222","6207雷科","110/08/04","群益金鼎-大興",0,70,-70
"9223","6207雷科","110/08/04","大慶-蘆洲",21,0,21
"9224","6207雷科","110/08/04","日盛-忠孝",0,62,-62
"9225","6207雷科","110/08/04","瑞士信貸",20,0,20
"9226","6207雷科","110/08/04","富邦-台中",0,50,-50
"9227","6207雷科","110/08/04","元大-羅東",20,0,20
"9228","6207雷科","110/08/04","永豐金-內湖",0,50,-50
"9229","6207雷科","110/08/04","群益金鼎-南京",20,2,18
"9230","6207雷科","110/08/04","美林",3,47,-44
"9231","6207雷科","110/08/04","元大-汐止",16,0,16
"9232","6207雷科","110/08/04","元富-大昌",0,40,-40
"9233","6207雷科","110/08/04","兆豐-來福",15,0,15
"9234","6207雷科","110/08/04","兆豐-景美",2,40,-38
"9235","6207雷科","110/08/04","國泰-敦南",21,6,15
"9236","6207雷科","110/08/04","新加坡商瑞銀",12,49,-37
"9237","6207雷科","110/08/04","永豐金-台中",15,0,15
"9238","6207雷科","110/08/04","群益金鼎-古亭",2,24,-22
"9239","6207雷科","110/08/04","元大-沙鹿",14,0,14
"9240","6207雷科","110/08/04","華南永昌-虎尾",0,21,-21
"9241","3679新至陞","110/08/04","凱基-台北",27,0,27
"9242","3679新至陞","110/08/04","香港上海匯豐",0,12,-12
"9243","3679新至陞","110/08/04","港商法國興業",20,0,20
"9244","3679新至陞","110/08/04","台灣摩根士丹利",0,10,-10
"9245","3679新至陞","110/08/04","新加坡商瑞銀",13,0,13
"9246","3679新至陞","110/08/04","港商野村",0,8,-8
"9247","3679新至陞","110/08/04","(牛牛牛)亞-網路",11,0,11
"9248","3679新至陞","110/08/04","玉山證券",2,9,-7
"9249","3679新至陞","110/08/04","摩根大通",9,4,5
"9250","3679新至陞","110/08/04","富邦-陽明",0,6,-6
"9251","3679新至陞","110/08/04","國泰-敦南",6,2,4
"9252","3679新至陞","110/08/04","統一",0,5,-5
"9253","3679新至陞","110/08/04","土銀-和平",3,0,3
"9254","3679新至陞","110/08/04","華南永昌-淡水",0,5,-5
"9255","3679新至陞","110/08/04","台中銀-員林",3,0,3
"9256","3679新至陞","110/08/04","元大-成功",0,5,-5
"9257","3679新至陞","110/08/04","元大-永春",3,0,3
"9258","3679新至陞","110/08/04","群益金鼎-內湖",0,4,-4
"9259","3679新至陞","110/08/04","國票-台東",2,0,2
"9260","3679新至陞","110/08/04","國泰-館前",0,3,-3
"9261","3679新至陞","110/08/04","富邦-新店",2,0,2
"9262","3679新至陞","110/08/04","凱基-板橋",0,3,-3
"9263","3679新至陞","110/08/04","富邦-三重",2,0,2
"9264","3679新至陞","110/08/04","凱基-三峽",0,3,-3
"9265","3679新至陞","110/08/04","元大-板橋三民",2,0,2
"9266","3679新至陞","110/08/04","凱基-中山",0,3,-3
"9267","3679新至陞","110/08/04","永豐金-敦南",2,0,2
"9268","3679新至陞","110/08/04","元大-承德",1,4,-3
"9269","3679新至陞","110/08/04","大昌-新店",1,0,1
"9270","3679新至陞","110/08/04","元大-大同",0,3,-3
"9271","2727王品","110/08/04","元富",46,0,46
"9272","2727王品","110/08/04","台灣摩根士丹利",20,277,-257
"9273","2727王品","110/08/04","台新證券",36,7,29
"9274","2727王品","110/08/04","群益金鼎-三民",2,104,-102
"9275","2727王品","110/08/04","國泰-敦南",42,13,29
"9276","2727王品","110/08/04","第一金",1,102,-101
"9277","2727王品","110/08/04","國泰-台中",19,2,17
"9278","2727王品","110/08/04","元大-東蘆",1,45,-44
"9279","2727王品","110/08/04","華南永昌-虎尾",13,0,13
"9280","2727王品","110/08/04","新光-台中",10,43,-33
"9281","2727王品","110/08/04","凱基-五股",11,0,11
"9282","2727王品","110/08/04","新光-桃園",9,42,-33
"9283","2727王品","110/08/04","國泰-館前",16,6,10
"9284","2727王品","110/08/04","凱基-興隆",1,21,-20
"9285","2727王品","110/08/04","凱基-基隆",10,0,10
"9286","2727王品","110/08/04","元大-龍潭",6,23,-17
"9287","2727王品","110/08/04","凱基-南崁",10,0,10
"9288","2727王品","110/08/04","日盛-士林",0,15,-15
"9289","2727王品","110/08/04","富邦-台北",12,2,10
"9290","2727王品","110/08/04","凱基-天母",0,15,-15
"9291","2727王品","110/08/04","新光",34,25,9
"9292","2727王品","110/08/04","日盛-台中",4,15,-11
"9293","2727王品","110/08/04","玉山證券",12,3,9
"9294","2727王品","110/08/04","永豐金-信義",1,12,-11
"9295","2727王品","110/08/04","國泰-高雄",10,2,8
"9296","2727王品","110/08/04","新加坡商瑞銀",2,12,-10
"9297","2727王品","110/08/04","群益金鼎-宜蘭",8,0,8
"9298","2727王品","110/08/04","元大-豐原",0,10,-10
"9299","2727王品","110/08/04","國泰-台南",7,0,7
"9300","2727王品","110/08/04","元大-樹林",1,11,-10
"9301","1570力肯","110/08/04","摩根大通",330,27,303
"9302","1570力肯","110/08/04","元大-板橋",0,86,-86
"9303","1570力肯","110/08/04","統一",224,0,224
"9304","1570力肯","110/08/04","群益金鼎-忠孝",0,80,-80
"9305","1570力肯","110/08/04","富邦-台中",84,1,83
"9306","1570力肯","110/08/04","元富-緯城",0,51,-51
"9307","1570力肯","110/08/04","統一-土城",287,222,65
"9308","1570力肯","110/08/04","國票-和平",0,51,-51
"9309","1570力肯","110/08/04","群益金鼎-中壢",60,0,60
"9310","1570力肯","110/08/04","日盛-二林",0,43,-43
"9311","1570力肯","110/08/04","富邦-高雄",69,10,59
"9312","1570力肯","110/08/04","國泰-板橋",0,43,-43
"9313","1570力肯","110/08/04","統一-屏東",61,4,57
"9314","1570力肯","110/08/04","元大-新莊",1,44,-43
"9315","1570力肯","110/08/04","凱基-岡山",53,1,52
"9316","1570力肯","110/08/04","凱基-嘉義",0,42,-42
"9317","1570力肯","110/08/04","新光-台中",43,12,31
"9318","1570力肯","110/08/04","華南永昌-鳳山",2,42,-40
"9319","1570力肯","110/08/04","台中銀-員林",30,1,29
"9320","1570力肯","110/08/04","凱基-三峽",0,37,-37
"9321","1570力肯","110/08/04","元富-三重",37,12,25
"9322","1570力肯","110/08/04","國票-中正",0,36,-36
"9323","1570力肯","110/08/04","統一-新台中",30,6,24
"9324","1570力肯","110/08/04","高橋",0,30,-30
"9325","1570力肯","110/08/04","致和-府前",25,1,24
"9326","1570力肯","110/08/04","日盛-高雄",0,29,-29
"9327","1570力肯","110/08/04","凱基-中港",22,0,22
"9328","1570力肯","110/08/04","(牛牛牛)亞-鑫豐",6,29,-23
"9329","1570力肯","110/08/04","宏遠證券",20,0,20
"9330","1570力肯","110/08/04","元富-松德",1,22,-21
"9331","6180橘子","110/08/04","新光",67,10,57
"9332","6180橘子","110/08/04","群益金鼎-桃園",0,30,-30
"9333","6180橘子","110/08/04","美林",15,0,15
"9334","6180橘子","110/08/04","華南永昌-苑裡",0,30,-30
"9335","6180橘子","110/08/04","第一金-中山",15,1,14
"9336","6180橘子","110/08/04","台灣摩根士丹利",0,19,-19
"9337","6180橘子","110/08/04","日盛-台中",10,0,10
"9338","6180橘子","110/08/04","台新-三民",0,16,-16
"9339","6180橘子","110/08/04","新光-桃園",10,0,10
"9340","6180橘子","110/08/04","群益金鼎-士林",0,13,-13
"9341","6180橘子","110/08/04","康和",9,0,9
"9342","6180橘子","110/08/04","群益金鼎-中港",0,11,-11
"9343","6180橘子","110/08/04","富邦-羅東",8,0,8
"9344","6180橘子","110/08/04","新加坡商瑞銀",0,10,-10
"9345","6180橘子","110/08/04","國票-九鼎",7,0,7
"9346","6180橘子","110/08/04","統一-彰化",0,10,-10
"9347","6180橘子","110/08/04","玉山-桃園",7,0,7
"9348","6180橘子","110/08/04","兆豐-埔墘",0,10,-10
"9349","6180橘子","110/08/04","元大-員林中山",7,0,7
"9350","6180橘子","110/08/04","摩根大通",3,13,-10
"9351","6180橘子","110/08/04","瑞士信貸",6,0,6
"9352","6180橘子","110/08/04","康和-延平",0,10,-10
"9353","6180橘子","110/08/04","富邦-新竹",7,1,6
"9354","6180橘子","110/08/04","大昌-安康",0,9,-9
"9355","6180橘子","110/08/04","富邦-宜蘭",6,0,6
"9356","6180橘子","110/08/04","富邦-仁愛",1,10,-9
"9357","6180橘子","110/08/04","統一-嘉義",5,0,5
"9358","6180橘子","110/08/04","花旗環球",0,8,-8
"9359","6180橘子","110/08/04","富邦-陽明",5,0,5
"9360","6180橘子","110/08/04","福勝",0,8,-8
"9361","2390云辰","110/08/04","元富-吉利",71,6,65
"9362","2390云辰","110/08/04","港商野村",180,422,-242
"9363","2390云辰","110/08/04","兆豐-新營",53,4,49
"9364","2390云辰","110/08/04","凱基-台北",75,264,-189
"9365","2390云辰","110/08/04","台新證券",83,37,46
"9366","2390云辰","110/08/04","美林",32,132,-100
"9367","2390云辰","110/08/04","日盛-新莊",53,12,41
"9368","2390云辰","110/08/04","華南永昌-鳳山",82,181,-99
"9369","2390云辰","110/08/04","兆豐-岡山",40,0,40
"9370","2390云辰","110/08/04","日盛-園區",1,91,-90
"9371","2390云辰","110/08/04","元大-新莊",42,6,36
"9372","2390云辰","110/08/04","統一-城中",3,82,-79
"9373","2390云辰","110/08/04","永豐金-鳳山",37,3,34
"9374","2390云辰","110/08/04","第一金-中壢",0,73,-73
"9375","2390云辰","110/08/04","德信-新營",37,4,33
"9376","2390云辰","110/08/04","元大-忠孝",8,74,-66
"9377","2390云辰","110/08/04","群益金鼎-三民",35,2,33
"9378","2390云辰","110/08/04","凱基-竹科",6,67,-61
"9379","2390云辰","110/08/04","玉山-雙和",39,7,32
"9380","2390云辰","110/08/04","統一-屏東",0,51,-51
"9381","2390云辰","110/08/04","凱基-三重",33,3,30
"9382","2390云辰","110/08/04","富邦-新店",2,50,-48
"9383","2390云辰","110/08/04","華南永昌-朴子",35,6,29
"9384","2390云辰","110/08/04","元富-大裕",21,56,-35
"9385","2390云辰","110/08/04","國票-和平",29,1,28
"9386","2390云辰","110/08/04","永豐金-三重",6,41,-35
"9387","2390云辰","110/08/04","元大-東蘆",31,3,28
"9388","2390云辰","110/08/04","臺銀",15,47,-32
"9389","2390云辰","110/08/04","日茂",59,33,26
"9390","2390云辰","110/08/04","凱基-台中",1,33,-32
"9391","1471首利","110/08/02","日盛-和美",31,0,31
"9392","1471首利","110/08/02","日盛-八德",0,63,-63
"9393","1471首利","110/08/02","宏遠-光隆",30,0,30
"9394","1471首利","110/08/02","凱基-幸福",0,49,-49
"9395","1471首利","110/08/02","元富-花蓮",25,0,25
"9396","1471首利","110/08/02","富邦-台北",0,30,-30
"9397","1471首利","110/08/02","凱基-台北",25,0,25
"9398","1471首利","110/08/02","元大-東蘆",0,30,-30
"9399","1471首利","110/08/02","日盛-木柵",20,0,20
"9400","1471首利","110/08/02","合庫-桃園",0,20,-20
"9401","1471首利","110/08/02","凱基-高美館",20,0,20
"9402","1471首利","110/08/02","康和-澎湖",0,15,-15
"9403","1471首利","110/08/02","新光-台中",24,5,19
"9404","1471首利","110/08/02","元大-斗信",0,15,-15
"9405","1471首利","110/08/02","富邦-羅東",15,0,15
"9406","1471首利","110/08/02","元富-民權",0,12,-12
"9407","1471首利","110/08/02","兆豐-鹿港",14,0,14
"9408","1471首利","110/08/02","玉山-新莊",0,12,-12
"9409","1471首利","110/08/02","美林",16,4,12
"9410","1471首利","110/08/02","宏遠-桃園",0,10,-10
"9411","1471首利","110/08/02","統一-桃園",12,0,12
"9412","1471首利","110/08/02","瑞士信貸",0,10,-10
"9413","1471首利","110/08/02","合庫-高雄",10,0,10
"9414","1471首利","110/08/02","大慶-苗栗",0,10,-10
"9415","1471首利","110/08/02","日盛-士林",10,0,10
"9416","1471首利","110/08/02","統一-新營",0,10,-10
"9417","1471首利","110/08/02","港商法國興業",10,0,10
"9418","1471首利","110/08/02","群益金鼎-三重",0,10,-10
"9419","1471首利","110/08/02","第一金-台南",10,0,10
"9420","1471首利","110/08/02","元大-基隆",0,10,-10
"9421","2883開發金","110/08/02","統一",3076,29,3047
"9422","2883開發金","110/08/02","中農",2,3126,-3124
"9423","2883開發金","110/08/02","凱基-台北",2789,192,2597
"9424","2883開發金","110/08/02","群益金鼎",11,2008,-1997
"9425","2883開發金","110/08/02","元富-城東",2139,5,2134
"9426","2883開發金","110/08/02","摩根大通",2081,3944,-1863
"9427","2883開發金","110/08/02","瑞士信貸",2184,316,1868
"9428","2883開發金","110/08/02","港商野村",949,2553,-1604
"9429","2883開發金","110/08/02","美林",1160,271,889
"9430","2883開發金","110/08/02","台灣匯立證券",198,1533,-1335
"9431","2883開發金","110/08/02","港商麥格理",855,0,855
"9432","2883開發金","110/08/02","中國信託",69,1041,-972
"9433","2883開發金","110/08/02","元大-金華",533,33,500
"9434","2883開發金","110/08/02","兆豐證券",1,863,-862
"9435","2883開發金","110/08/02","新加坡商瑞銀",1089,624,465
"9436","2883開發金","110/08/02","美商高盛",6,644,-638
"9437","2883開發金","110/08/02","法銀巴黎",441,0,441
"9438","2883開發金","110/08/02","華南永昌-中正",4,632,-628
"9439","2883開發金","110/08/02","富邦-嘉義",425,24,401
"9440","2883開發金","110/08/02","第一金-安和",156,757,-601
"9441","2883開發金","110/08/02","元富-烏日",367,3,364
"9442","2883開發金","110/08/02","國票",0,524,-524
"9443","2883開發金","110/08/02","台灣摩根士丹利",634,280,354
"9444","2883開發金","110/08/02","元富",266,770,-504
"9445","2883開發金","110/08/02","國泰-館前",516,180,336
"9446","2883開發金","110/08/02","新光",1651,1984,-333
"9447","2883開發金","110/08/02","聯邦-敦化",321,5,316
"9448","2883開發金","110/08/02","元富-安南",20,324,-304
"9449","2883開發金","110/08/02","玉山-士林",307,13,294
"9450","2883開發金","110/08/02","群益金鼎-東門",6,280,-274
"9451","6205詮欣","110/08/02","元大-館前",16,0,16
"9452","6205詮欣","110/08/02","永豐金-敦南",0,21,-21
"9453","6205詮欣","110/08/02","臺銀",11,0,11
"9454","6205詮欣","110/08/02","日盛-三重",0,17,-17
"9455","6205詮欣","110/08/02","臺銀-民權",10,0,10
"9456","6205詮欣","110/08/02","永豐金-博愛",0,10,-10
"9457","6205詮欣","110/08/02","摩根大通",11,1,10
"9458","6205詮欣","110/08/02","國票-台南",0,5,-5
"9459","6205詮欣","110/08/02","合庫-三重",5,0,5
"9460","6205詮欣","110/08/02","群益金鼎-三重",0,4,-4
"9461","6205詮欣","110/08/02","元大-東蘆",5,0,5
"9462","6205詮欣","110/08/02","元大-土城",0,4,-4
"9463","6205詮欣","110/08/02","凱基",3,0,3
"9464","6205詮欣","110/08/02","元大-草屯",0,4,-4
"9465","6205詮欣","110/08/02","日盛-雙和",2,0,2
"9466","6205詮欣","110/08/02","臺銀-新竹",1,4,-3
"9467","6205詮欣","110/08/02","兆豐-南京",2,0,2
"9468","6205詮欣","110/08/02","光和-嘉義",0,3,-3
"9469","6205詮欣","110/08/02","凱基-台北",3,1,2
"9470","6205詮欣","110/08/02","永豐金-內湖",0,3,-3
"9471","6205詮欣","110/08/02","元大-西螺",2,0,2
"9472","6205詮欣","110/08/02","第一金-華江",0,2,-2
"9473","6205詮欣","110/08/02","元大-新竹經國",2,0,2
"9474","6205詮欣","110/08/02","中國信託-高雄",0,2,-2
"9475","6205詮欣","110/08/02","元大-北成功",2,0,2
"9476","6205詮欣","110/08/02","兆豐-鹿港",0,2,-2
"9477","6205詮欣","110/08/02","臺銀-臺中",1,0,1
"9478","6205詮欣","110/08/02","統一-平鎮",0,1,-1
"9479","6205詮欣","110/08/02","德信-新營",1,0,1
"9480","6205詮欣","110/08/02","台新-台中",0,1,-1
"9481","1540喬福","110/08/02","富邦-南屯",10,0,10
"9482","1540喬福","110/08/02","永豐金-埔里",0,22,-22
"9483","1540喬福","110/08/02","元富-中原",10,2,8
"9484","1540喬福","110/08/02","統一-新台中",0,17,-17
"9485","1540喬福","110/08/02","德信-新營",6,0,6
"9486","1540喬福","110/08/02","統一-三多",0,3,-3
"9487","1540喬福","110/08/02","元大-龍潭",3,0,3
"9488","1540喬福","110/08/02","光和-高雄",0,2,-2
"9489","1540喬福","110/08/02","凱基-台北",3,0,3
"9490","1540喬福","110/08/02","兆豐-嘉義",0,2,-2
"9491","1540喬福","110/08/02","新光-桃園",3,0,3
"9492","1540喬福","110/08/02","台新-高雄",0,1,-1
"9493","1540喬福","110/08/02","永豐金-內湖",2,0,2
"9494","1540喬福","110/08/02","新光",0,1,-1
"9495","1540喬福","110/08/02","港商法國興業",2,0,2
"9496","1540喬福","110/08/02","國泰-館前",0,1,-1
"9497","1540喬福","110/08/02","統一-台南",2,0,2
"9498","1540喬福","110/08/02","群益金鼎-民權",0,1,-1
"9499","1540喬福","110/08/02","元富-桃園",2,0,2
"9500","1540喬福","110/08/02","富邦-嘉義",0,1,-1
"9501","1540喬福","110/08/02","台中銀-豐原",2,0,2
"9502","1540喬福","110/08/02","元大-新竹",0,1,-1
"9503","1540喬福","110/08/02","(牛牛牛)亞-網路",1,0,1
"9504","1540喬福","110/08/02","元大-豐原站前",0,1,-1
"9505","1540喬福","110/08/02","元富",1,0,1
"9506","1540喬福","110/08/02","臺銀-鳳山",0,0,0
"9507","1540喬福","110/08/02","第一金-桃園",1,0,1
"9508","1540喬福","110/08/02","第一金",0,0,0
"9509","1540喬福","110/08/02","瑞士信貸",1,0,1
"9510","1540喬福","110/08/02","華南永昌-南京",0,0,0
"9511","2888新光金","110/08/02","花旗環球",2291,0,2291
"9512","2888新光金","110/08/02","瑞士信貸",1405,3997,-2592
"9513","2888新光金","110/08/02","美林",2235,208,2027
"9514","2888新光金","110/08/02","新加坡商瑞銀",780,2173,-1393
"9515","2888新光金","110/08/02","群益金鼎-彰化",1014,2,1012
"9516","2888新光金","110/08/02","美商高盛",369,1356,-987
"9517","2888新光金","110/08/02","富邦-建國",823,9,814
"9518","2888新光金","110/08/02","元大-仁愛",69,795,-726
"9519","2888新光金","110/08/02","元大-華山",532,1,531
"9520","2888新光金","110/08/02","永興-台中",0,500,-500
"9521","2888新光金","110/08/02","法銀巴黎",666,166,500
"9522","2888新光金","110/08/02","凱基-站前",17,506,-489
"9523","2888新光金","110/08/02","台灣匯立證券",421,0,421
"9524","2888新光金","110/08/02","元富-城東",38,496,-458
"9525","2888新光金","110/08/02","凱基-台南",376,17,359
"9526","2888新光金","110/08/02","群益金鼎-中港",2,450,-448
"9527","2888新光金","110/08/02","永豐金-嘉義",352,0,352
"9528","2888新光金","110/08/02","華南永昌",25,461,-436
"9529","2888新光金","110/08/02","合庫-台中",339,1,338
"9530","2888新光金","110/08/02","港商野村",135,550,-415
"9531","2888新光金","110/08/02","港商麥格理",316,0,316
"9532","2888新光金","110/08/02","大慶-苗栗",1,406,-405
"9533","2888新光金","110/08/02","群益金鼎-建成",298,5,293
"9534","2888新光金","110/08/02","華南永昌-中正",34,419,-385
"9535","2888新光金","110/08/02","永豐金-板盛",221,0,221
"9536","2888新光金","110/08/02","玉山-台大",0,350,-350
"9537","2888新光金","110/08/02","台灣摩根士丹利",1700,1488,212
"9538","2888新光金","110/08/02","元大-汐止",66,363,-297
"9539","2888新光金","110/08/02","凱基-竹北",200,0,200
"9540","2888新光金","110/08/02","台新-新莊",14,265,-251
"9541","1340勝悅","110/08/02","國泰-台中",22,0,22
"9542","1340勝悅","110/08/02","中國信託",0,83,-83
"9543","1340勝悅","110/08/02","港商法國興業",14,0,14
"9544","1340勝悅","110/08/02","元大-開元",0,11,-11
"9545","1340勝悅","110/08/02","新光",18,5,13
"9546","1340勝悅","110/08/02","凱基-永康",0,10,-10
"9547","1340勝悅","110/08/02","元大-基隆孝二",11,0,11
"9548","1340勝悅","110/08/02","富邦-宜蘭",0,10,-10
"9549","1340勝悅","110/08/02","玉山-士林",10,0,10
"9550","1340勝悅","110/08/02","元大-大統",0,10,-10
"9551","1340勝悅","110/08/02","凱基",6,0,6
"9552","1340勝悅","110/08/02","富邦-板橋",0,5,-5
"9553","1340勝悅","110/08/02","摩根大通",4,0,4
"9554","1340勝悅","110/08/02","瑞士信貸",1,5,-4
"9555","1340勝悅","110/08/02","國泰-敦南",8,4,4
"9556","1340勝悅","110/08/02","華南永昌-忠孝",0,2,-2
"9557","1340勝悅","110/08/02","國泰-新莊",3,0,3
"9558","1340勝悅","110/08/02","元大-虎尾",0,2,-2
"9559","1340勝悅","110/08/02","凱基-嘉義",3,0,3
"9560","1340勝悅","110/08/02","元大-路竹",0,2,-2
"9561","1340勝悅","110/08/02","群益金鼎-館前",3,0,3
"9562","1340勝悅","110/08/02","元大-信義",0,2,-2
"9563","1340勝悅","110/08/02","國泰-館前",3,0,3
"9564","1340勝悅","110/08/02","華南永昌-高雄",0,1,-1
"9565","1340勝悅","110/08/02","臺銀-鳳山",3,0,3
"9566","1340勝悅","110/08/02","玉山-大里",0,0,0
"9567","1340勝悅","110/08/02","國泰-高雄",4,1,3
"9568","1340勝悅","110/08/02","群益金鼎-丹鳳",0,0,0
"9569","1340勝悅","110/08/02","美商高盛",3,0,3
"9570","1340勝悅","110/08/02","富邦-虎尾",0,0,0
"9571","6246臺龍","110/08/02","台新證券",19,1,18
"9572","6246臺龍","110/08/02","元大-新竹經國",0,6,-6
"9573","6246臺龍","110/08/02","凱基-台北",7,2,5
"9574","6246臺龍","110/08/02","台新-台南",0,5,-5
"9575","6246臺龍","110/08/02","國票-九鼎",3,0,3
"9576","6246臺龍","110/08/02","宏遠-新化",1,4,-3
"9577","6246臺龍","110/08/02","國票-南京",3,0,3
"9578","6246臺龍","110/08/02","元富-板橋",0,3,-3
"9579","6246臺龍","110/08/02","新光-台中",3,0,3
"9580","6246臺龍","110/08/02","國泰-敦南",0,3,-3
"9581","6246臺龍","110/08/02","元大-員林",3,0,3
"9582","6246臺龍","110/08/02","富邦-台中",0,3,-3
"9583","6246臺龍","110/08/02","元大-永和",3,0,3
"9584","6246臺龍","110/08/02","元大-大益",2,5,-3
"9585","6246臺龍","110/08/02","港商野村",2,0,2
"9586","6246臺龍","110/08/02","日盛-永康",0,2,-2
"9587","6246臺龍","110/08/02","台新-高雄",2,0,2
"9588","6246臺龍","110/08/02","日盛-宜蘭",0,2,-2
"9589","6246臺龍","110/08/02","新光-台南",2,0,2
"9590","6246臺龍","110/08/02","宏遠-台南",0,2,-2
"9591","6246臺龍","110/08/02","日盛-文化",1,0,1
"9592","6246臺龍","110/08/02","高橋-龍潭",0,2,-2
"9593","6246臺龍","110/08/02","國泰-忠孝",1,0,1
"9594","6246臺龍","110/08/02","群益金鼎-中壢",0,2,-2
"9595","6246臺龍","110/08/02","群益金鼎-崇德",3,2,1
"9596","6246臺龍","110/08/02","凱基-三多",0,2,-2
"9597","6246臺龍","110/08/02","富邦-員林",1,0,1
"9598","6246臺龍","110/08/02","統一-中壢",0,1,-1
"9599","6246臺龍","110/08/02","富邦-三重",1,0,1
"9600","6246臺龍","110/08/02","中國信託-嘉義",0,1,-1
"9601","00715L期街口布蘭特正2","110/08/02","元大證券",7296,1000,6296
"9602","00715L期街口布蘭特正2","110/08/02","富邦-基隆",0,850,-850
"9603","00715L期街口布蘭特正2","110/08/02","永豐金證券",2221,338,1883
"9604","00715L期街口布蘭特正2","110/08/02","(牛牛牛)亞-鑫豐",10,850,-840
"9605","00715L期街口布蘭特正2","110/08/02","統一",1460,100,1360
"9606","00715L期街口布蘭特正2","110/08/02","華南永昌-長虹",57,820,-763
"9607","00715L期街口布蘭特正2","110/08/02","國票-中港",1000,0,1000
"9608","00715L期街口布蘭特正2","110/08/02","富邦-彰化",0,700,-700
"9609","00715L期街口布蘭特正2","110/08/02","第一金-台中",900,13,887
"9610","00715L期街口布蘭特正2","110/08/02","第一金-路竹",0,682,-682
"9611","00715L期街口布蘭特正2","110/08/02","群益金鼎",728,0,728
"9612","00715L期街口布蘭特正2","110/08/02","台新證券",112,791,-679
"9613","00715L期街口布蘭特正2","110/08/02","群益金鼎-古亭",433,1,432
"9614","00715L期街口布蘭特正2","110/08/02","第一金-忠孝",45,483,-438
"9615","00715L期街口布蘭特正2","110/08/02","凱基-市政",525,125,400
"9616","00715L期街口布蘭特正2","110/08/02","玉山-台南",0,373,-373
"9617","00715L期街口布蘭特正2","110/08/02","元大-敦化",400,0,400
"9618","00715L期街口布蘭特正2","110/08/02","國泰-板橋",3,313,-310
"9619","00715L期街口布蘭特正2","110/08/02","元大-草屯",353,21,332
"9620","00715L期街口布蘭特正2","110/08/02","凱基",0,300,-300
"9621","00715L期街口布蘭特正2","110/08/02","元大-萬華",250,0,250
"9622","00715L期街口布蘭特正2","110/08/02","元大-嘉義",1,300,-299
"9623","00715L期街口布蘭特正2","110/08/02","統一-員林",180,0,180
"9624","00715L期街口布蘭特正2","110/08/02","元大-大灣",14,303,-289
"9625","00715L期街口布蘭特正2","110/08/02","富邦證券",282,152,130
"9626","00715L期街口布蘭特正2","110/08/02","新光-桃園",45,295,-250
"9627","00715L期街口布蘭特正2","110/08/02","元富-潮州",125,0,125
"9628","00715L期街口布蘭特正2","110/08/02","元大-新莊",76,306,-230
"9629","00715L期街口布蘭特正2","110/08/02","兆豐-台中港",106,0,106
"9630","00715L期街口布蘭特正2","110/08/02","富邦-台北",0,211,-211
"9631","8941關中","110/08/02","宏遠-館前",3,0,3
"9632","8941關中","110/08/02","富邦-台中",0,5,-5
"9633","8941關中","110/08/02","群益金鼎-彰化",2,0,2
"9634","8941關中","110/08/02","富邦-員林",0,4,-4
"9635","8941關中","110/08/02","第一金-台中",1,0,1
"9636","8941關中","110/08/02","元大-新竹經國",0,0,0
"9637","8941關中","110/08/02","台新-台中",1,0,1
"9638","8941關中","110/08/02","永豐金-萬盛",0,0,0
"9639","8941關中","110/08/02","華南永昌-南京",1,0,1
"9640","8941關中","110/08/02","",NA,NA,NA
"9641","8941關中","110/08/02","元大-桃興",2,1,1
"9642","8941關中","110/08/02","",NA,NA,NA
"9643","8941關中","110/08/02","元大-新竹經國",0,0,0
"9644","8941關中","110/08/02","",NA,NA,NA
"9645","8941關中","110/08/02","永豐金-萬盛",0,0,0
"9646","8941關中","110/08/02","",NA,NA,NA
"9647","8941關中","110/08/02","",NA,NA,NA
"9648","8941關中","110/08/02","",NA,NA,NA
"9649","8941關中","110/08/02","",NA,NA,NA
"9650","8941關中","110/08/02","",NA,NA,NA
"9651","8941關中","110/08/02","",NA,NA,NA
"9652","8941關中","110/08/02","",NA,NA,NA
"9653","8941關中","110/08/02","",NA,NA,NA
"9654","8941關中","110/08/02","",NA,NA,NA
"9655","8941關中","110/08/02","",NA,NA,NA
"9656","8941關中","110/08/02","",NA,NA,NA
"9657","8941關中","110/08/02","",NA,NA,NA
"9658","8941關中","110/08/02","",NA,NA,NA
"9659","8941關中","110/08/02","",NA,NA,NA
"9660","8941關中","110/08/02","",NA,NA,NA
"9661","8936國統","110/08/02","合庫-高雄",68,0,68
"9662","8936國統","110/08/02","凱基-台北",0,125,-125
"9663","8936國統","110/08/02","元大-蘆洲",33,0,33
"9664","8936國統","110/08/02","摩根大通",9,125,-116
"9665","8936國統","110/08/02","富邦-高雄",30,4,26
"9666","8936國統","110/08/02","永全-南崁",0,50,-50
"9667","8936國統","110/08/02","大慶-蘆洲",20,0,20
"9668","8936國統","110/08/02","新光-台中",16,55,-39
"9669","8936國統","110/08/02","兆豐-桃鶯",20,0,20
"9670","8936國統","110/08/02","凱基-市政",0,31,-31
"9671","8936國統","110/08/02","元大-東泰",20,0,20
"9672","8936國統","110/08/02","美商高盛",1,20,-19
"9673","8936國統","110/08/02","永豐金-忠孝",20,0,20
"9674","8936國統","110/08/02","元大-東港",3,20,-17
"9675","8936國統","110/08/02","元大-旗山",15,0,15
"9676","8936國統","110/08/02","台灣企銀-台中",0,15,-15
"9677","8936國統","110/08/02","中國信託-文心",12,0,12
"9678","8936國統","110/08/02","日盛-竹北",0,15,-15
"9679","8936國統","110/08/02","國泰-敦南",14,2,12
"9680","8936國統","110/08/02","瑞士信貸",0,11,-11
"9681","8936國統","110/08/02","元大-敦南",12,0,12
"9682","8936國統","110/08/02","港商野村",26,36,-10
"9683","8936國統","110/08/02","日盛-三峽",11,0,11
"9684","8936國統","110/08/02","統一-竹南",0,10,-10
"9685","8936國統","110/08/02","永豐金-苓雅",11,0,11
"9686","8936國統","110/08/02","國泰-高雄",1,11,-10
"9687","8936國統","110/08/02","宏遠-高雄",11,1,10
"9688","8936國統","110/08/02","元大-天母",0,9,-9
"9689","8936國統","110/08/02","第一金-嘉義",10,0,10
"9690","8936國統","110/08/02","元大-台中中港",0,9,-9
"9691","6226光鼎","110/08/02","新百王",283,0,283
"9692","6226光鼎","110/08/02","元富-安南",3,113,-110
"9693","6226光鼎","110/08/02","日盛-文化",219,3,216
"9694","6226光鼎","110/08/02","群益金鼎-東大",24,124,-100
"9695","6226光鼎","110/08/02","元大-嘉義",127,37,90
"9696","6226光鼎","110/08/02","富邦-南屯",3,100,-97
"9697","6226光鼎","110/08/02","統一-新竹",113,31,82
"9698","6226光鼎","110/08/02","元大-鳳中",2,99,-97
"9699","6226光鼎","110/08/02","台中銀-員林",111,47,64
"9700","6226光鼎","110/08/02","元大-忠孝鼎富",10,100,-90
"9701","6226光鼎","110/08/02","永豐金證券",66,5,61
"9702","6226光鼎","110/08/02","華南永昌-小港",0,84,-84
"9703","6226光鼎","110/08/02","日盛-員林",107,50,57
"9704","6226光鼎","110/08/02","國泰-敦南",247,324,-77
"9705","6226光鼎","110/08/02","國票-九鼎",72,24,48
"9706","6226光鼎","110/08/02","亞東",5,76,-71
"9707","6226光鼎","110/08/02","元大-士林",53,6,47
"9708","6226光鼎","110/08/02","中國信託-新竹",2,62,-60
"9709","6226光鼎","110/08/02","元大-鹿港",48,7,41
"9710","6226光鼎","110/08/02","元大-南屯",12,64,-52
"9711","6226光鼎","110/08/02","中國信託-文心",48,8,40
"9712","6226光鼎","110/08/02","元大-高雄",9,61,-52
"9713","6226光鼎","110/08/02","國泰-新莊",56,17,39
"9714","6226光鼎","110/08/02","元大-台北",2,53,-51
"9715","6226光鼎","110/08/02","元大-大同",39,0,39
"9716","6226光鼎","110/08/02","第一金-華江",8,52,-44
"9717","6226光鼎","110/08/02","富邦-建國",39,1,38
"9718","6226光鼎","110/08/02","元富-新莊",3,44,-41
"9719","6226光鼎","110/08/02","統一-三重",54,18,36
"9720","6226光鼎","110/08/02","玉山-桃園",3,40,-37
"9721","2363矽統","110/08/02","中國信託-忠孝",405,25,380
"9722","2363矽統","110/08/02","富邦證券",16,4082,-4066
"9723","2363矽統","110/08/02","群益金鼎-屏東",349,123,226
"9724","2363矽統","110/08/02","凱基-台北",2669,4466,-1797
"9725","2363矽統","110/08/02","群益金鼎-永和",233,20,213
"9726","2363矽統","110/08/02","台灣摩根士丹利",69,1749,-1680
"9727","2363矽統","110/08/02","富邦-中壢",299,91,208
"9728","2363矽統","110/08/02","新加坡商瑞銀",361,1486,-1125
"9729","2363矽統","110/08/02","永豐金-彰化",188,4,184
"9730","2363矽統","110/08/02","港商野村",619,1622,-1003
"9731","2363矽統","110/08/02","元大-承德",253,73,180
"9732","2363矽統","110/08/02","美商高盛",214,1077,-863
"9733","2363矽統","110/08/02","康和-台中",192,23,169
"9734","2363矽統","110/08/02","兆豐-復興",124,973,-849
"9735","2363矽統","110/08/02","新光",550,382,168
"9736","2363矽統","110/08/02","統一-仁愛",132,666,-534
"9737","2363矽統","110/08/02","元大-萬華",224,61,163
"9738","2363矽統","110/08/02","美林",520,1028,-508
"9739","2363矽統","110/08/02","元大-博愛",204,44,160
"9740","2363矽統","110/08/02","統一-土城",32,536,-504
"9741","2363矽統","110/08/02","兆豐-三民",171,17,154
"9742","2363矽統","110/08/02","華南永昌-斗六",33,526,-493
"9743","2363矽統","110/08/02","元大-新竹",196,44,152
"9744","2363矽統","110/08/02","統一-敦南",35,527,-492
"9745","2363矽統","110/08/02","凱基-三重",178,29,149
"9746","2363矽統","110/08/02","永豐金-員林",12,495,-483
"9747","2363矽統","110/08/02","元大-忠孝",181,38,143
"9748","2363矽統","110/08/02","統一-城中",117,589,-472
"9749","2363矽統","110/08/02","元富-世貿",142,4,138
"9750","2363矽統","110/08/02","摩根大通",1070,1471,-401
"9751","8112至上","110/08/02","合庫證券",213,0,213
"9752","8112至上","110/08/02","台灣摩根士丹利",9,287,-278
"9753","8112至上","110/08/02","凱基-台北",298,152,146
"9754","8112至上","110/08/02","凱基-三重",3,236,-233
"9755","8112至上","110/08/02","大慶",87,0,87
"9756","8112至上","110/08/02","臺銀-鳳山",11,124,-113
"9757","8112至上","110/08/02","凱基-新店",84,0,84
"9758","8112至上","110/08/02","合庫-台中",1,112,-111
"9759","8112至上","110/08/02","香港上海匯豐",76,0,76
"9760","8112至上","110/08/02","土銀-嘉義",0,105,-105
"9761","8112至上","110/08/02","群益金鼎-建成",65,1,64
"9762","8112至上","110/08/02","元大-新莊",2,106,-104
"9763","8112至上","110/08/02","玉山-板橋",63,0,63
"9764","8112至上","110/08/02","台新-建北",0,95,-95
"9765","8112至上","110/08/02","元大-前金",61,2,59
"9766","8112至上","110/08/02","華南永昌-彰化",2,64,-62
"9767","8112至上","110/08/02","台新-台中",58,5,53
"9768","8112至上","110/08/02","群益金鼎-北高雄",3,50,-47
"9769","8112至上","110/08/02","亞東",51,0,51
"9770","8112至上","110/08/02","元大-福營",1,45,-44
"9771","8112至上","110/08/02","美林",49,1,48
"9772","8112至上","110/08/02","永豐金-南京",2,38,-36
"9773","8112至上","110/08/02","摩根大通",114,67,47
"9774","8112至上","110/08/02","亞東-板橋",2,34,-32
"9775","8112至上","110/08/02","美商高盛",46,0,46
"9776","8112至上","110/08/02","元大-台南",2,33,-31
"9777","8112至上","110/08/02","凱基-松山",43,1,42
"9778","8112至上","110/08/02","統一-城中",0,30,-30
"9779","8112至上","110/08/02","群益金鼎-大安",40,0,40
"9780","8112至上","110/08/02","元富-板橋",5,35,-30
"9781","1570力肯","110/08/02","群益金鼎-高雄",11,0,11
"9782","1570力肯","110/08/02","大慶",0,5,-5
"9783","1570力肯","110/08/02","臺銀-臺南",4,0,4
"9784","1570力肯","110/08/02","元大-板橋",0,4,-4
"9785","1570力肯","110/08/02","新光-台中",4,0,4
"9786","1570力肯","110/08/02","玉山證券",0,4,-4
"9787","1570力肯","110/08/02","(牛牛牛)亞-鑫豐",3,0,3
"9788","1570力肯","110/08/02","國泰-台南",0,3,-3
"9789","1570力肯","110/08/02","土銀-白河",2,0,2
"9790","1570力肯","110/08/02","元富-新店",0,3,-3
"9791","1570力肯","110/08/02","統一-松江",2,0,2
"9792","1570力肯","110/08/02","元富-永和",0,2,-2
"9793","1570力肯","110/08/02","中國信託-永康",1,0,1
"9794","1570力肯","110/08/02","凱基-台北",0,2,-2
"9795","1570力肯","110/08/02","凱基-信義",1,0,1
"9796","1570力肯","110/08/02","統一-城中",0,2,-2
"9797","1570力肯","110/08/02","凱基-幸福",1,0,1
"9798","1570力肯","110/08/02","新光",0,1,-1
"9799","1570力肯","110/08/02","元大-歸仁",1,0,1
"9800","1570力肯","110/08/02","凱基-岡山",0,1,-1
"9801","1570力肯","110/08/02","合庫-台中",0,0,0
"9802","1570力肯","110/08/02","富邦-台南",0,1,-1
"9803","1570力肯","110/08/02","康和-板橋",0,0,0
"9804","1570力肯","110/08/02","元大-新盛",0,1,-1
"9805","1570力肯","110/08/02","群益金鼎-鳳山",0,0,0
"9806","1570力肯","110/08/02","永豐金-嘉義",0,1,-1
"9807","1570力肯","110/08/02","元大-樹林",0,0,0
"9808","1570力肯","110/08/02","康和-板橋",0,0,0
"9809","1570力肯","110/08/02","",NA,NA,NA
"9810","1570力肯","110/08/02","合庫-台中",0,0,0
"9811","2929淘帝","110/08/02","元大-民生",29,0,29
"9812","2929淘帝","110/08/02","新加坡商瑞銀",4,70,-66
"9813","2929淘帝","110/08/02","兆豐-桃園",20,0,20
"9814","2929淘帝","110/08/02","富邦-建國",0,26,-26
"9815","2929淘帝","110/08/02","新光",14,0,14
"9816","2929淘帝","110/08/02","美林",0,24,-24
"9817","2929淘帝","110/08/02","兆豐-忠孝",13,0,13
"9818","2929淘帝","110/08/02","元大-和平",0,13,-13
"9819","2929淘帝","110/08/02","兆豐-彰化",12,0,12
"9820","2929淘帝","110/08/02","元大-永和",0,10,-10
"9821","2929淘帝","110/08/02","合庫-高雄",10,0,10
"9822","2929淘帝","110/08/02","日盛-頭份",0,9,-9
"9823","2929淘帝","110/08/02","富邦-台北",10,0,10
"9824","2929淘帝","110/08/02","群益金鼎-中山",0,9,-9
"9825","2929淘帝","110/08/02","國泰-敦南",9,0,9
"9826","2929淘帝","110/08/02","華南永昌-頭份",0,7,-7
"9827","2929淘帝","110/08/02","元富-文心",10,2,8
"9828","2929淘帝","110/08/02","永豐金-敦南",0,7,-7
"9829","2929淘帝","110/08/02","台新-台中",7,0,7
"9830","2929淘帝","110/08/02","凱基-台北",5,11,-6
"9831","2929淘帝","110/08/02","元大-文心",6,0,6
"9832","2929淘帝","110/08/02","臺銀-鳳山",0,5,-5
"9833","2929淘帝","110/08/02","日盛-忠孝",5,0,5
"9834","2929淘帝","110/08/02","凱基-城中",0,5,-5
"9835","2929淘帝","110/08/02","第一金-高雄",5,0,5
"9836","2929淘帝","110/08/02","華南永昌-台中",0,5,-5
"9837","2929淘帝","110/08/02","富邦-基隆",6,1,5
"9838","2929淘帝","110/08/02","元大-博愛",0,5,-5
"9839","2929淘帝","110/08/02","富邦-新店",5,0,5
"9840","2929淘帝","110/08/02","元富-緯城",0,4,-4
"9841","5410國眾","110/08/02","新加坡商瑞銀",19,0,19
"9842","5410國眾","110/08/02","日盛-斗六",0,15,-15
"9843","5410國眾","110/08/02","兆豐-城中",18,0,18
"9844","5410國眾","110/08/02","元大-大同",0,15,-15
"9845","5410國眾","110/08/02","日盛-新莊",10,0,10
"9846","5410國眾","110/08/02","元大-博愛",0,10,-10
"9847","5410國眾","110/08/02","元富-佳里",10,0,10
"9848","5410國眾","110/08/02","凱基-台北",0,7,-7
"9849","5410國眾","110/08/02","摩根大通",9,0,9
"9850","5410國眾","110/08/02","臺銀-臺南",0,6,-6
"9851","5410國眾","110/08/02","國泰-桃園",6,0,6
"9852","5410國眾","110/08/02","元富-嘉義",0,6,-6
"9853","5410國眾","110/08/02","元富-新竹",5,0,5
"9854","5410國眾","110/08/02","第一金-中壢",0,5,-5
"9855","5410國眾","110/08/02","元大-復北",5,0,5
"9856","5410國眾","110/08/02","致和證券",0,5,-5
"9857","5410國眾","110/08/02","永豐金-桃園",5,0,5
"9858","5410國眾","110/08/02","群益金鼎-土城",0,5,-5
"9859","5410國眾","110/08/02","安泰-楠梓",4,0,4
"9860","5410國眾","110/08/02","華南永昌-中正",0,5,-5
"9861","5410國眾","110/08/02","台灣企銀-太平",3,0,3
"9862","5410國眾","110/08/02","元大-新莊",0,5,-5
"9863","5410國眾","110/08/02","新光",3,0,3
"9864","5410國眾","110/08/02","土銀-新竹",0,4,-4
"9865","5410國眾","110/08/02","富邦-內湖",3,0,3
"9866","5410國眾","110/08/02","日盛-員林",0,3,-3
"9867","5410國眾","110/08/02","中國信託-新竹",2,0,2
"9868","5410國眾","110/08/02","元大-新竹經國",0,3,-3
"9869","5410國眾","110/08/02","華南永昌-楠梓",2,0,2
"9870","5410國眾","110/08/02","元富-緯城",0,2,-2
"9871","2841台開","110/08/02","富邦-敦南",71,0,71
"9872","2841台開","110/08/02","永豐金-松山",0,91,-91
"9873","2841台開","110/08/02","國泰-館前",38,0,38
"9874","2841台開","110/08/02","元大-蘆洲",0,40,-40
"9875","2841台開","110/08/02","台中銀",19,0,19
"9876","2841台開","110/08/02","凱基-台北",2,33,-31
"9877","2841台開","110/08/02","元富-烏日",18,0,18
"9878","2841台開","110/08/02","兆豐-寶成",0,20,-20
"9879","2841台開","110/08/02","國泰-板橋",15,0,15
"9880","2841台開","110/08/02","華南永昌-民權",0,20,-20
"9881","2841台開","110/08/02","元大-台中",15,0,15
"9882","2841台開","110/08/02","國票-敦北法人",0,18,-18
"9883","2841台開","110/08/02","元大-福營",15,0,15
"9884","2841台開","110/08/02","第一金-路竹",0,17,-17
"9885","2841台開","110/08/02","日盛-花蓮",14,0,14
"9886","2841台開","110/08/02","中國信託-高雄",0,15,-15
"9887","2841台開","110/08/02","新光",12,0,12
"9888","2841台開","110/08/02","日進",0,10,-10
"9889","2841台開","110/08/02","永豐金-敦南",62,51,11
"9890","2841台開","110/08/02","統一-三多",0,10,-10
"9891","2841台開","110/08/02","日盛-台中",10,0,10
"9892","2841台開","110/08/02","元大-路竹",0,10,-10
"9893","2841台開","110/08/02","群益金鼎-崇德",10,0,10
"9894","2841台開","110/08/02","元大-中和",0,10,-10
"9895","2841台開","110/08/02","元大-南海",10,0,10
"9896","2841台開","110/08/02","宏遠-桃園",0,9,-9
"9897","2841台開","110/08/02","國泰-桃園",8,0,8
"9898","2841台開","110/08/02","大昌-新店",0,6,-6
"9899","2841台開","110/08/02","台新-台中",6,0,6
"9900","2841台開","110/08/02","國票-天祥",0,6,-6
"9901","6207雷科","110/08/02","摩根大通",173,19,154
"9902","6207雷科","110/08/02","凱基-高雄",0,50,-50
"9903","6207雷科","110/08/02","凱基-台北",150,10,140
"9904","6207雷科","110/08/02","群益金鼎-東門",0,26,-26
"9905","6207雷科","110/08/02","華南永昌-朴子",55,0,55
"9906","6207雷科","110/08/02","富邦-竹東",0,25,-25
"9907","6207雷科","110/08/02","新加坡商瑞銀",51,5,46
"9908","6207雷科","110/08/02","華南永昌-東勢",3,27,-24
"9909","6207雷科","110/08/02","元大-西門",54,12,42
"9910","6207雷科","110/08/02","富邦-岡山",1,25,-24
"9911","6207雷科","110/08/02","兆豐-景美",42,2,40
"9912","6207雷科","110/08/02","台灣摩根士丹利",0,22,-22
"9913","6207雷科","110/08/02","日盛-忠孝",35,0,35
"9914","6207雷科","110/08/02","國泰-高雄",1,23,-22
"9915","6207雷科","110/08/02","美林",25,0,25
"9916","6207雷科","110/08/02","富邦-建國",0,17,-17
"9917","6207雷科","110/08/02","日盛-北高雄",16,0,16
"9918","6207雷科","110/08/02","元大-上新莊",0,16,-16
"9919","6207雷科","110/08/02","統一-板橋",15,0,15
"9920","6207雷科","110/08/02","中國信託-高雄",0,15,-15
"9921","6207雷科","110/08/02","凱基-市政",15,0,15
"9922","6207雷科","110/08/02","宏遠證券",0,13,-13
"9923","6207雷科","110/08/02","新光-新竹",16,2,14
"9924","6207雷科","110/08/02","凱基-彰化",0,13,-13
"9925","6207雷科","110/08/02","港商野村",23,12,11
"9926","6207雷科","110/08/02","永豐金-內湖",0,13,-13
"9927","6207雷科","110/08/02","統一-南京",11,0,11
"9928","6207雷科","110/08/02","新百王",0,12,-12
"9929","6207雷科","110/08/02","元大-嘉義",11,0,11
"9930","6207雷科","110/08/02","玉山-大里",0,12,-12
"9931","3679新至陞","110/08/02","元大-成功",26,0,26
"9932","3679新至陞","110/08/02","富邦-陽明",1,34,-33
"9933","3679新至陞","110/08/02","元大-樹林",20,0,20
"9934","3679新至陞","110/08/02","富邦-中壢",0,20,-20
"9935","3679新至陞","110/08/02","(牛牛牛)亞-網路",18,0,18
"9936","3679新至陞","110/08/02","凱基-台北",34,48,-14
"9937","3679新至陞","110/08/02","凱基-中山",12,0,12
"9938","3679新至陞","110/08/02","永豐金證券",0,14,-14
"9939","3679新至陞","110/08/02","統一",21,11,10
"9940","3679新至陞","110/08/02","臺銀-臺南",2,14,-12
"9941","3679新至陞","110/08/02","玉山-台大",10,0,10
"9942","3679新至陞","110/08/02","摩根大通",20,32,-12
"9943","3679新至陞","110/08/02","台中銀",8,0,8
"9944","3679新至陞","110/08/02","富邦-嘉義",0,10,-10
"9945","3679新至陞","110/08/02","港商野村",8,2,6
"9946","3679新至陞","110/08/02","國票-北高雄",1,10,-9
"9947","3679新至陞","110/08/02","群益金鼎-丹鳳",6,0,6
"9948","3679新至陞","110/08/02","台新-台中",0,9,-9
"9949","3679新至陞","110/08/02","元大-高雄",6,0,6
"9950","3679新至陞","110/08/02","凱基-宜蘭",0,7,-7
"9951","3679新至陞","110/08/02","新加坡商瑞銀",5,0,5
"9952","3679新至陞","110/08/02","凱基-埔墘",0,7,-7
"9953","3679新至陞","110/08/02","台灣摩根士丹利",13,9,4
"9954","3679新至陞","110/08/02","永豐金-台中",0,7,-7
"9955","3679新至陞","110/08/02","第一金-華江",4,0,4
"9956","3679新至陞","110/08/02","永豐金-潮州",0,7,-7
"9957","3679新至陞","110/08/02","新光",11,7,4
"9958","3679新至陞","110/08/02","凱基-五股",0,6,-6
"9959","3679新至陞","110/08/02","國泰-館前",4,0,4
"9960","3679新至陞","110/08/02","富邦-建國",0,6,-6
"9961","2727王品","110/08/02","摩根大通",38,5,33
"9962","2727王品","110/08/02","台灣摩根士丹利",13,170,-157
"9963","2727王品","110/08/02","日盛-忠孝",33,3,30
"9964","2727王品","110/08/02","華南永昌",7,156,-149
"9965","2727王品","110/08/02","凱基-天母",30,0,30
"9966","2727王品","110/08/02","凱基-台北",37,57,-20
"9967","2727王品","110/08/02","花旗環球",17,0,17
"9968","2727王品","110/08/02","國票-北高雄",1,19,-18
"9969","2727王品","110/08/02","永豐金-竹科",20,5,15
"9970","2727王品","110/08/02","港商野村",39,54,-15
"9971","2727王品","110/08/02","彰銀-台中",16,2,14
"9972","2727王品","110/08/02","元大-四維",1,15,-14
"9973","2727王品","110/08/02","國票-內壢",14,0,14
"9974","2727王品","110/08/02","美林",12,25,-13
"9975","2727王品","110/08/02","新光-台中",17,3,14
"9976","2727王品","110/08/02","瑞士信貸",0,12,-12
"9977","2727王品","110/08/02","永豐金-南京",16,3,13
"9978","2727王品","110/08/02","元大-北成功",0,10,-10
"9979","2727王品","110/08/02","元大-樹林",13,1,12
"9980","2727王品","110/08/02","元大-崇德",0,8,-8
"9981","2727王品","110/08/02","國泰-板橋",17,7,10
"9982","2727王品","110/08/02","永豐金-內湖",3,10,-7
"9983","2727王品","110/08/02","凱基-埔墘",10,0,10
"9984","2727王品","110/08/02","大昌",5,11,-6
"9985","2727王品","110/08/02","元大-豐原",10,0,10
"9986","2727王品","110/08/02","華南永昌-斗六",2,8,-6
"9987","2727王品","110/08/02","元大-桃園",10,0,10
"9988","2727王品","110/08/02","國泰-台中",4,9,-5
"9989","2727王品","110/08/02","凱基-科園",9,0,9
"9990","2727王品","110/08/02","群益金鼎-土城",0,5,-5
"9991","1570力肯","110/08/02","群益金鼎-高雄",11,0,11
"9992","1570力肯","110/08/02","大慶",0,5,-5
"9993","1570力肯","110/08/02","臺銀-臺南",4,0,4
"9994","1570力肯","110/08/02","元大-板橋",0,4,-4
"9995","1570力肯","110/08/02","新光-台中",4,0,4
"9996","1570力肯","110/08/02","玉山證券",0,4,-4
"9997","1570力肯","110/08/02","(牛牛牛)亞-鑫豐",3,0,3
"9998","1570力肯","110/08/02","國泰-台南",0,3,-3
"9999","1570力肯","110/08/02","土銀-白河",2,0,2
"10000","1570力肯","110/08/02","元富-新店",0,3,-3
"10001","1570力肯","110/08/02","統一-松江",2,0,2
"10002","1570力肯","110/08/02","元富-永和",0,2,-2
"10003","1570力肯","110/08/02","中國信託-永康",1,0,1
"10004","1570力肯","110/08/02","凱基-台北",0,2,-2
"10005","1570力肯","110/08/02","凱基-信義",1,0,1
"10006","1570力肯","110/08/02","統一-城中",0,2,-2
"10007","1570力肯","110/08/02","凱基-幸福",1,0,1
"10008","1570力肯","110/08/02","新光",0,1,-1
"10009","1570力肯","110/08/02","元大-歸仁",1,0,1
"10010","1570力肯","110/08/02","凱基-岡山",0,1,-1
"10011","1570力肯","110/08/02","合庫-台中",0,0,0
"10012","1570力肯","110/08/02","富邦-台南",0,1,-1
"10013","1570力肯","110/08/02","康和-板橋",0,0,0
"10014","1570力肯","110/08/02","元大-新盛",0,1,-1
"10015","1570力肯","110/08/02","群益金鼎-鳳山",0,0,0
"10016","1570力肯","110/08/02","永豐金-嘉義",0,1,-1
"10017","1570力肯","110/08/02","元大-樹林",0,0,0
"10018","1570力肯","110/08/02","康和-板橋",0,0,0
"10019","1570力肯","110/08/02","",NA,NA,NA
"10020","1570力肯","110/08/02","合庫-台中",0,0,0
"10021","6180橘子","110/08/02","美商高盛",21,8,13
"10022","6180橘子","110/08/02","國票-嘉義",0,29,-29
"10023","6180橘子","110/08/02","統一-彰化",10,0,10
"10024","6180橘子","110/08/02","新加坡商瑞銀",0,21,-21
"10025","6180橘子","110/08/02","中國信託-高雄",10,0,10
"10026","6180橘子","110/08/02","凱基-台北",20,40,-20
"10027","6180橘子","110/08/02","兆豐-斗南",10,0,10
"10028","6180橘子","110/08/02","摩根大通",3,15,-12
"10029","6180橘子","110/08/02","兆豐-埔墘",10,0,10
"10030","6180橘子","110/08/02","第一金-桃園",0,10,-10
"10031","6180橘子","110/08/02","玉山證券",10,0,10
"10032","6180橘子","110/08/02","凱基-東港",0,10,-10
"10033","6180橘子","110/08/02","富邦-羅東",8,1,7
"10034","6180橘子","110/08/02","元大-桃園",0,10,-10
"10035","6180橘子","110/08/02","元大證券",7,0,7
"10036","6180橘子","110/08/02","元大-館前",0,9,-9
"10037","6180橘子","110/08/02","元大-復北",7,0,7
"10038","6180橘子","110/08/02","台灣摩根士丹利",3,10,-7
"10039","6180橘子","110/08/02","華南永昌-長虹",6,0,6
"10040","6180橘子","110/08/02","光和-花壇",0,5,-5
"10041","6180橘子","110/08/02","元富-文心",5,0,5
"10042","6180橘子","110/08/02","玉山-嘉義",0,5,-5
"10043","6180橘子","110/08/02","台新-新莊",5,0,5
"10044","6180橘子","110/08/02","凱基-松山",0,5,-5
"10045","6180橘子","110/08/02","康和-嘉義",5,0,5
"10046","6180橘子","110/08/02","永豐金-員林",0,4,-4
"10047","6180橘子","110/08/02","凱基-興隆",5,0,5
"10048","6180橘子","110/08/02","元富-大裕",0,3,-3
"10049","6180橘子","110/08/02","華南永昌-楠梓",5,0,5
"10050","6180橘子","110/08/02","富邦-板橋",0,3,-3
"10051","2390云辰","110/08/02","摩根大通",1945,913,1032
"10052","2390云辰","110/08/02","華南永昌-鳳山",154,448,-294
"10053","2390云辰","110/08/02","富邦-陽明",118,11,107
"10054","2390云辰","110/08/02","群益金鼎-三重",1,168,-167
"10055","2390云辰","110/08/02","兆豐-三民",153,62,91
"10056","2390云辰","110/08/02","統一-內湖",5,102,-97
"10057","2390云辰","110/08/02","光和-嘉義",83,4,79
"10058","2390云辰","110/08/02","台新證券",235,320,-85
"10059","2390云辰","110/08/02","華南永昌-新莊",78,4,74
"10060","2390云辰","110/08/02","統一-新台中",8,87,-79
"10061","2390云辰","110/08/02","統一-城中",182,111,71
"10062","2390云辰","110/08/02","美商高盛",10,88,-78
"10063","2390云辰","110/08/02","台灣摩根士丹利",153,85,68
"10064","2390云辰","110/08/02","元大-汐止",57,130,-73
"10065","2390云辰","110/08/02","凱基-和平",115,47,68
"10066","2390云辰","110/08/02","港商野村",580,638,-58
"10067","2390云辰","110/08/02","華南永昌-公誠",75,13,62
"10068","2390云辰","110/08/02","元富-板橋",5,61,-56
"10069","2390云辰","110/08/02","永豐金-竹科",71,9,62
"10070","2390云辰","110/08/02","新加坡商瑞銀",11,66,-55
"10071","2390云辰","110/08/02","新光",160,100,60
"10072","2390云辰","110/08/02","元大-豐原",6,56,-50
"10073","2390云辰","110/08/02","凱基-岡山",61,1,60
"10074","2390云辰","110/08/02","元大-土城",5,55,-50
"10075","2390云辰","110/08/02","美林",254,195,59
"10076","2390云辰","110/08/02","凱基-站前",1,49,-48
"10077","2390云辰","110/08/02","凱基-大里",76,22,54
"10078","2390云辰","110/08/02","元大-中壢",6,54,-48
"10079","2390云辰","110/08/02","元大-鳳中",60,8,52
"10080","2390云辰","110/08/02","日盛證券",48,95,-47
"10081","1471首利","110/07/29","宏遠-光隆",35,0,35
"10082","1471首利","110/07/29","摩根大通",24,132,-108
"10083","1471首利","110/07/29","玉山-桃園",33,3,30
"10084","1471首利","110/07/29","台灣企銀-太平",0,60,-60
"10085","1471首利","110/07/29","富邦-台南",30,0,30
"10086","1471首利","110/07/29","元大-斗六",0,40,-40
"10087","1471首利","110/07/29","臺灣企銀-桃園",25,0,25
"10088","1471首利","110/07/29","元大-歸仁",0,23,-23
"10089","1471首利","110/07/29","元富-草屯",15,0,15
"10090","1471首利","110/07/29","日盛-永康",0,20,-20
"10091","1471首利","110/07/29","新光-桃園",15,0,15
"10092","1471首利","110/07/29","台中銀-員林",0,20,-20
"10093","1471首利","110/07/29","元大-博愛",15,2,13
"10094","1471首利","110/07/29","凱基-東門",0,14,-14
"10095","1471首利","110/07/29","臺銀-鳳山",12,0,12
"10096","1471首利","110/07/29","元大-草屯",1,15,-14
"10097","1471首利","110/07/29","元富-新莊",11,0,11
"10098","1471首利","110/07/29","元大-新竹經國",0,13,-13
"10099","1471首利","110/07/29","兆豐-來福",11,0,11
"10100","1471首利","110/07/29","日盛-土城",0,10,-10
"10101","1471首利","110/07/29","統一-新營",10,0,10
"10102","1471首利","110/07/29","美林",0,10,-10
"10103","1471首利","110/07/29","光和-溪湖",10,0,10
"10104","1471首利","110/07/29","永興-水湳",0,10,-10
"10105","1471首利","110/07/29","台新-左楠",10,0,10
"10106","1471首利","110/07/29","玉山證券",0,10,-10
"10107","1471首利","110/07/29","群益金鼎-台中",10,0,10
"10108","1471首利","110/07/29","群益金鼎-海山",2,12,-10
"10109","1471首利","110/07/29","凱基-內埔",10,0,10
"10110","1471首利","110/07/29","凱基-羅東",0,10,-10
"10111","2883開發金","110/07/29","國泰證券",2782,3,2779
"10112","2883開發金","110/07/29","永豐金證券",223,3618,-3395
"10113","2883開發金","110/07/29","凱基-台北",2299,284,2015
"10114","2883開發金","110/07/29","摩根大通",411,2625,-2214
"10115","2883開發金","110/07/29","第一金",1539,7,1532
"10116","2883開發金","110/07/29","台灣企銀",5,1717,-1712
"10117","2883開發金","110/07/29","港商野村",1983,585,1398
"10118","2883開發金","110/07/29","新加坡商瑞銀",843,2324,-1481
"10119","2883開發金","110/07/29","元富",1805,427,1378
"10120","2883開發金","110/07/29","港商麥格理",0,1129,-1129
"10121","2883開發金","110/07/29","台灣摩根士丹利",1634,398,1236
"10122","2883開發金","110/07/29","元大-學甲",1,953,-952
"10123","2883開發金","110/07/29","花旗環球",932,0,932
"10124","2883開發金","110/07/29","國票-博愛",100,1025,-925
"10125","2883開發金","110/07/29","凱基-敦北",590,5,585
"10126","2883開發金","110/07/29","國泰-館前",220,944,-724
"10127","2883開發金","110/07/29","國票-長城",506,4,502
"10128","2883開發金","110/07/29","兆豐-高雄",33,650,-617
"10129","2883開發金","110/07/29","港商法國興業",506,18,488
"10130","2883開發金","110/07/29","元富-緯城",1,513,-512
"10131","2883開發金","110/07/29","台新證券",753,287,466
"10132","2883開發金","110/07/29","美林",232,698,-466
"10133","2883開發金","110/07/29","元大-鳳中",495,71,424
"10134","2883開發金","110/07/29","元富-城中",50,513,-463
"10135","2883開發金","110/07/29","日茂",374,3,371
"10136","2883開發金","110/07/29","致和-崇德",0,404,-404
"10137","2883開發金","110/07/29","大和國泰",368,0,368
"10138","2883開發金","110/07/29","永豐金-板橋",123,506,-383
"10139","2883開發金","110/07/29","新光",603,243,360
"10140","2883開發金","110/07/29","中國信託-忠孝",100,423,-323
"10141","6205詮欣","110/07/29","臺銀-鳳山",31,0,31
"10142","6205詮欣","110/07/29","永豐金-敦南",0,53,-53
"10143","6205詮欣","110/07/29","摩根大通",16,2,14
"10144","6205詮欣","110/07/29","元大-土城學府",2,16,-14
"10145","6205詮欣","110/07/29","臺銀",10,0,10
"10146","6205詮欣","110/07/29","元富-潮州",0,11,-11
"10147","6205詮欣","110/07/29","日盛證券",10,0,10
"10148","6205詮欣","110/07/29","元大-清水",0,10,-10
"10149","6205詮欣","110/07/29","兆豐-新莊",10,0,10
"10150","6205詮欣","110/07/29","日盛-三重",0,7,-7
"10151","6205詮欣","110/07/29","元大-南屯",10,0,10
"10152","6205詮欣","110/07/29","日盛-屏東",0,6,-6
"10153","6205詮欣","110/07/29","富邦-建國",4,0,4
"10154","6205詮欣","110/07/29","華南永昌-公誠",0,5,-5
"10155","6205詮欣","110/07/29","富邦-南屯",4,0,4
"10156","6205詮欣","110/07/29","元大-南京",0,5,-5
"10157","6205詮欣","110/07/29","臺銀-臺中",3,0,3
"10158","6205詮欣","110/07/29","瑞士信貸",0,4,-4
"10159","6205詮欣","110/07/29","日盛-和美",3,0,3
"10160","6205詮欣","110/07/29","凱基-大安",0,4,-4
"10161","6205詮欣","110/07/29","德信-新營",3,0,3
"10162","6205詮欣","110/07/29","元大-大里德芳",0,4,-4
"10163","6205詮欣","110/07/29","兆豐-景美",3,0,3
"10164","6205詮欣","110/07/29","合庫-基隆",0,2,-2
"10165","6205詮欣","110/07/29","國票",3,0,3
"10166","6205詮欣","110/07/29","中國信託-永康",0,2,-2
"10167","6205詮欣","110/07/29","國票-南崁",3,0,3
"10168","6205詮欣","110/07/29","兆豐-小港",0,2,-2
"10169","6205詮欣","110/07/29","元大-蘆洲",3,0,3
"10170","6205詮欣","110/07/29","康和-台中",0,2,-2
"10171","1540喬福","110/07/29","高橋-龍潭",10,0,10
"10172","1540喬福","110/07/29","統一-新台中",0,19,-19
"10173","1540喬福","110/07/29","富邦-南屯",10,0,10
"10174","1540喬福","110/07/29","元富-大昌",0,10,-10
"10175","1540喬福","110/07/29","元大-斗六",5,0,5
"10176","1540喬福","110/07/29","大昌-新店",0,6,-6
"10177","1540喬福","110/07/29","兆豐-北高雄",3,0,3
"10178","1540喬福","110/07/29","凱基-台北",0,3,-3
"10179","1540喬福","110/07/29","元大-大安",3,0,3
"10180","1540喬福","110/07/29","台新-台中",0,2,-2
"10181","1540喬福","110/07/29","永豐金-台中",3,0,3
"10182","1540喬福","110/07/29","群益金鼎-嘉義",0,2,-2
"10183","1540喬福","110/07/29","臺銀-金山",2,0,2
"10184","1540喬福","110/07/29","凱基-天母",0,2,-2
"10185","1540喬福","110/07/29","日盛-士林",2,0,2
"10186","1540喬福","110/07/29","花旗環球",0,1,-1
"10187","1540喬福","110/07/29","元大-土城學府",2,0,2
"10188","1540喬福","110/07/29","第一金-大稻埕",0,1,-1
"10189","1540喬福","110/07/29","元大-南京",2,0,2
"10190","1540喬福","110/07/29","統一-嘉義",0,1,-1
"10191","1540喬福","110/07/29","臺銀-臺南",1,0,1
"10192","1540喬福","110/07/29","元富-中港",0,1,-1
"10193","1540喬福","110/07/29","第一金-台南",1,0,1
"10194","1540喬福","110/07/29","(牛牛牛)亞-網路",0,1,-1
"10195","1540喬福","110/07/29","台中銀-豐原",1,0,1
"10196","1540喬福","110/07/29","玉山-高雄",0,1,-1
"10197","1540喬福","110/07/29","中國信託-高雄",1,0,1
"10198","1540喬福","110/07/29","群益金鼎-台南",0,1,-1
"10199","1540喬福","110/07/29","兆豐-台中港",1,0,1
"10200","1540喬福","110/07/29","凱基-鳳山",0,1,-1
"10201","2888新光金","110/07/29","美商高盛",6409,110,6299
"10202","2888新光金","110/07/29","元大-忠孝鼎富",0,6714,-6714
"10203","2888新光金","110/07/29","台灣摩根士丹利",4583,443,4140
"10204","2888新光金","110/07/29","凱基-台北",5855,11898,-6043
"10205","2888新光金","110/07/29","元富-草屯",2193,2,2191
"10206","2888新光金","110/07/29","瑞士信貸",161,6090,-5929
"10207","2888新光金","110/07/29","華南永昌-南京",2059,21,2038
"10208","2888新光金","110/07/29","永豐金-萬盛",124,3599,-3475
"10209","2888新光金","110/07/29","凱基-市政",1558,0,1558
"10210","2888新光金","110/07/29","群益金鼎-大安",2,3306,-3304
"10211","2888新光金","110/07/29","法銀巴黎",1234,0,1234
"10212","2888新光金","110/07/29","凱基-復興",15,3015,-3000
"10213","2888新光金","110/07/29","永豐金-台中",1166,49,1117
"10214","2888新光金","110/07/29","新加坡商瑞銀",1429,4265,-2836
"10215","2888新光金","110/07/29","群益金鼎-崇德",1083,10,1073
"10216","2888新光金","110/07/29","凱基-大安",10,2564,-2554
"10217","2888新光金","110/07/29","兆豐-竹北",1002,29,973
"10218","2888新光金","110/07/29","中國信託",46,2012,-1966
"10219","2888新光金","110/07/29","美林",1767,804,963
"10220","2888新光金","110/07/29","群益金鼎-台北",10,1875,-1865
"10221","2888新光金","110/07/29","元大-三重",882,0,882
"10222","2888新光金","110/07/29","元富-城東",142,1856,-1714
"10223","2888新光金","110/07/29","元大-豐原站前",983,114,869
"10224","2888新光金","110/07/29","華南永昌-忠孝",10,1600,-1590
"10225","2888新光金","110/07/29","元大-北港",868,5,863
"10226","2888新光金","110/07/29","永豐金-信義",10,1497,-1487
"10227","2888新光金","110/07/29","合庫-台中",891,54,837
"10228","2888新光金","110/07/29","富邦-建國",350,1736,-1386
"10229","2888新光金","110/07/29","統一-汐止",725,14,711
"10230","2888新光金","110/07/29","富邦-新營",60,1402,-1342
"10231","1340勝悅","110/07/29","新光-新竹",18,0,18
"10232","1340勝悅","110/07/29","瑞士信貸",0,8,-8
"10233","1340勝悅","110/07/29","華南永昌-彰化",5,0,5
"10234","1340勝悅","110/07/29","台新證券",0,7,-7
"10235","1340勝悅","110/07/29","元大-六合",5,0,5
"10236","1340勝悅","110/07/29","元富-緯城",0,5,-5
"10237","1340勝悅","110/07/29","第一金-自由",4,0,4
"10238","1340勝悅","110/07/29","兆豐-南京",0,5,-5
"10239","1340勝悅","110/07/29","新光",4,0,4
"10240","1340勝悅","110/07/29","富邦-南屯",0,5,-5
"10241","1340勝悅","110/07/29","美商高盛",3,0,3
"10242","1340勝悅","110/07/29","元富-安南",0,4,-4
"10243","1340勝悅","110/07/29","元富-彰化",3,0,3
"10244","1340勝悅","110/07/29","兆豐-三民",0,4,-4
"10245","1340勝悅","110/07/29","大昌",2,0,2
"10246","1340勝悅","110/07/29","兆豐-松德",0,4,-4
"10247","1340勝悅","110/07/29","兆豐-大安",2,0,2
"10248","1340勝悅","110/07/29","國票-台中",0,4,-4
"10249","1340勝悅","110/07/29","摩根大通",2,0,2
"10250","1340勝悅","110/07/29","第一金-路竹",0,3,-3
"10251","1340勝悅","110/07/29","新光-台中",2,0,2
"10252","1340勝悅","110/07/29","統一-城中",2,4,-2
"10253","1340勝悅","110/07/29","凱基-八德",2,0,2
"10254","1340勝悅","110/07/29","元富-同大",0,2,-2
"10255","1340勝悅","110/07/29","合庫-高雄",1,0,1
"10256","1340勝悅","110/07/29","台新-高雄",0,2,-2
"10257","1340勝悅","110/07/29","日進",1,0,1
"10258","1340勝悅","110/07/29","凱基-北門",0,2,-2
"10259","1340勝悅","110/07/29","新光-台南",1,0,1
"10260","1340勝悅","110/07/29","元大-汐止",0,2,-2
"10261","6246臺龍","110/07/29","港商野村",38,1,37
"10262","6246臺龍","110/07/29","玉山-台南",0,27,-27
"10263","6246臺龍","110/07/29","凱基-幸福",25,0,25
"10264","6246臺龍","110/07/29","國泰-忠孝",0,25,-25
"10265","6246臺龍","110/07/29","亞東-板橋",16,0,16
"10266","6246臺龍","110/07/29","光和",0,21,-21
"10267","6246臺龍","110/07/29","元大-台中",10,0,10
"10268","6246臺龍","110/07/29","第一金-安和",0,20,-20
"10269","6246臺龍","110/07/29","兆豐-松德",9,0,9
"10270","6246臺龍","110/07/29","兆豐-竹北",5,25,-20
"10271","6246臺龍","110/07/29","兆豐-公益",8,0,8
"10272","6246臺龍","110/07/29","元大-大里",0,20,-20
"10273","6246臺龍","110/07/29","華南永昌",7,0,7
"10274","6246臺龍","110/07/29","台新-台南",0,15,-15
"10275","6246臺龍","110/07/29","日盛-斗六",6,0,6
"10276","6246臺龍","110/07/29","永豐金-羅東",2,15,-13
"10277","6246臺龍","110/07/29","元富-中港",6,0,6
"10278","6246臺龍","110/07/29","元大-博愛",1,10,-9
"10279","6246臺龍","110/07/29","台新證券",8,2,6
"10280","6246臺龍","110/07/29","宏遠-台中",0,5,-5
"10281","6246臺龍","110/07/29","臺銀-臺中",5,0,5
"10282","6246臺龍","110/07/29","台新-左楠",0,5,-5
"10283","6246臺龍","110/07/29","元富-宜蘭",5,0,5
"10284","6246臺龍","110/07/29","中農",0,5,-5
"10285","6246臺龍","110/07/29","德信-新營",5,0,5
"10286","6246臺龍","110/07/29","群益金鼎-竹南",0,5,-5
"10287","6246臺龍","110/07/29","新光-新竹",5,0,5
"10288","6246臺龍","110/07/29","凱基-科園",0,5,-5
"10289","6246臺龍","110/07/29","國泰-敦南",10,5,5
"10290","6246臺龍","110/07/29","日盛-宜蘭",1,5,-4
"10291","00715L期街口布蘭特正2","110/07/29","永豐金證券",2129,2,2127
"10292","00715L期街口布蘭特正2","110/07/29","國票-博愛",55,702,-647
"10293","00715L期街口布蘭特正2","110/07/29","元大證券",1918,115,1803
"10294","00715L期街口布蘭特正2","110/07/29","富邦-彰化",0,605,-605
"10295","00715L期街口布蘭特正2","110/07/29","統一",1050,313,737
"10296","00715L期街口布蘭特正2","110/07/29","元大-前金",0,440,-440
"10297","00715L期街口布蘭特正2","110/07/29","港商野村",821,263,558
"10298","00715L期街口布蘭特正2","110/07/29","群益金鼎-崇德",0,340,-340
"10299","00715L期街口布蘭特正2","110/07/29","永豐金-內湖",500,0,500
"10300","00715L期街口布蘭特正2","110/07/29","元富-板橋",7,330,-323
"10301","00715L期街口布蘭特正2","110/07/29","元富-大裕",505,23,482
"10302","00715L期街口布蘭特正2","110/07/29","元大-三重",3,200,-197
"10303","00715L期街口布蘭特正2","110/07/29","國票-台中",276,0,276
"10304","00715L期街口布蘭特正2","110/07/29","凱基-東勢",5,194,-189
"10305","00715L期街口布蘭特正2","110/07/29","統一-高雄",300,118,182
"10306","00715L期街口布蘭特正2","110/07/29","富邦-台北",0,181,-181
"10307","00715L期街口布蘭特正2","110/07/29","群益金鼎-瑞豐",180,0,180
"10308","00715L期街口布蘭特正2","110/07/29","大慶-中和",0,174,-174
"10309","00715L期街口布蘭特正2","110/07/29","元大-南崁",128,0,128
"10310","00715L期街口布蘭特正2","110/07/29","永豐金-萬盛",0,153,-153
"10311","00715L期街口布蘭特正2","110/07/29","大慶-蘆洲",106,0,106
"10312","00715L期街口布蘭特正2","110/07/29","元大-開元",0,151,-151
"10313","00715L期街口布蘭特正2","110/07/29","統一-中壢",100,0,100
"10314","00715L期街口布蘭特正2","110/07/29","日盛-新竹",0,126,-126
"10315","00715L期街口布蘭特正2","110/07/29","第一金-自由",100,2,98
"10316","00715L期街口布蘭特正2","110/07/29","凱基-豐中",0,123,-123
"10317","00715L期街口布蘭特正2","110/07/29","華南永昌-內壢",100,2,98
"10318","00715L期街口布蘭特正2","110/07/29","元大-東泰",0,122,-122
"10319","00715L期街口布蘭特正2","110/07/29","永豐金-板橋",98,0,98
"10320","00715L期街口布蘭特正2","110/07/29","台新-高雄",0,121,-121
"10321","8941關中","110/07/29","富邦-仁愛",1,0,1
"10322","8941關中","110/07/29","富邦-員林",0,1,-1
"10323","8941關中","110/07/29","康和-板橋",0,0,0
"10324","8941關中","110/07/29","康和-板橋",0,0,0
"10325","8941關中","110/07/29","玉山證券",0,0,0
"10326","8941關中","110/07/29","玉山證券",0,0,0
"10327","8941關中","110/07/29","玉山-數位",0,0,0
"10328","8941關中","110/07/29","玉山-數位",0,0,0
"10329","8941關中","110/07/29","凱基-市府",0,0,0
"10330","8941關中","110/07/29","凱基-市府",0,0,0
"10331","8941關中","110/07/29","元大-鶯歌",0,0,0
"10332","8941關中","110/07/29","元大-鶯歌",0,0,0
"10333","8941關中","110/07/29","元大-花蓮",0,0,0
"10334","8941關中","110/07/29","元大-花蓮",0,0,0
"10335","8941關中","110/07/29","",NA,NA,NA
"10336","8941關中","110/07/29","",NA,NA,NA
"10337","8941關中","110/07/29","",NA,NA,NA
"10338","8941關中","110/07/29","",NA,NA,NA
"10339","8941關中","110/07/29","",NA,NA,NA
"10340","8941關中","110/07/29","",NA,NA,NA
"10341","8941關中","110/07/29","",NA,NA,NA
"10342","8941關中","110/07/29","",NA,NA,NA
"10343","8941關中","110/07/29","",NA,NA,NA
"10344","8941關中","110/07/29","",NA,NA,NA
"10345","8941關中","110/07/29","",NA,NA,NA
"10346","8941關中","110/07/29","",NA,NA,NA
"10347","8941關中","110/07/29","",NA,NA,NA
"10348","8941關中","110/07/29","",NA,NA,NA
"10349","8941關中","110/07/29","",NA,NA,NA
"10350","8941關中","110/07/29","",NA,NA,NA
"10351","8936國統","110/07/29","新加坡商瑞銀",89,19,70
"10352","8936國統","110/07/29","日盛-忠孝",11,135,-124
"10353","8936國統","110/07/29","瑞士信貸",55,3,52
"10354","8936國統","110/07/29","元富-敦南",0,80,-80
"10355","8936國統","110/07/29","凱基-台北",48,3,45
"10356","8936國統","110/07/29","康和",0,20,-20
"10357","8936國統","110/07/29","摩根大通",97,60,37
"10358","8936國統","110/07/29","元大-竹科",0,20,-20
"10359","8936國統","110/07/29","美林",27,2,25
"10360","8936國統","110/07/29","永豐金-桃園",0,19,-19
"10361","8936國統","110/07/29","凱基-三多",25,0,25
"10362","8936國統","110/07/29","群益金鼎-高盛",0,14,-14
"10363","8936國統","110/07/29","凱基-北門",27,2,25
"10364","8936國統","110/07/29","元富-安南",2,15,-13
"10365","8936國統","110/07/29","兆豐-桃鶯",30,10,20
"10366","8936國統","110/07/29","富邦-內湖",2,15,-13
"10367","8936國統","110/07/29","永豐金-台中",20,0,20
"10368","8936國統","110/07/29","元大-復北",0,11,-11
"10369","8936國統","110/07/29","台灣摩根士丹利",30,12,18
"10370","8936國統","110/07/29","合庫-鳳山",0,10,-10
"10371","8936國統","110/07/29","兆豐-大同",15,0,15
"10372","8936國統","110/07/29","元富-潮州",0,10,-10
"10373","8936國統","110/07/29","新光-台中",39,24,15
"10374","8936國統","110/07/29","群益金鼎-台北",0,10,-10
"10375","8936國統","110/07/29","兆豐-新營",10,0,10
"10376","8936國統","110/07/29","凱基-高雄",20,30,-10
"10377","8936國統","110/07/29","台新-高雄",10,0,10
"10378","8936國統","110/07/29","富邦-桃園",0,10,-10
"10379","8936國統","110/07/29","玉山-士林",10,0,10
"10380","8936國統","110/07/29","新光",1,10,-9
"10381","6226光鼎","110/07/29","台新-台中",396,46,350
"10382","6226光鼎","110/07/29","群益金鼎-東大",11,309,-298
"10383","6226光鼎","110/07/29","元富-永和",242,0,242
"10384","6226光鼎","110/07/29","日盛證券",2,176,-174
"10385","6226光鼎","110/07/29","永豐金-古亭",200,0,200
"10386","6226光鼎","110/07/29","國泰-敦南",90,197,-107
"10387","6226光鼎","110/07/29","華南永昌",216,46,170
"10388","6226光鼎","110/07/29","元大-雙和",16,111,-95
"10389","6226光鼎","110/07/29","國票-北高雄",188,36,152
"10390","6226光鼎","110/07/29","元大-大統",2,94,-92
"10391","6226光鼎","110/07/29","國票-台南",120,4,116
"10392","6226光鼎","110/07/29","元大-板橋",5,78,-73
"10393","6226光鼎","110/07/29","永豐金證券",101,3,98
"10394","6226光鼎","110/07/29","群益金鼎-萬華",46,111,-65
"10395","6226光鼎","110/07/29","富邦-建國",125,28,97
"10396","6226光鼎","110/07/29","華南永昌-竹北",1,60,-59
"10397","6226光鼎","110/07/29","群益金鼎-土城",94,9,85
"10398","6226光鼎","110/07/29","玉山證券",28,86,-58
"10399","6226光鼎","110/07/29","元富-四維",82,4,78
"10400","6226光鼎","110/07/29","元大-土城學府",13,68,-55
"10401","6226光鼎","110/07/29","元大-鳳中",69,15,54
"10402","6226光鼎","110/07/29","元大-豐原",5,59,-54
"10403","6226光鼎","110/07/29","台新-新莊",54,1,53
"10404","6226光鼎","110/07/29","統一",56,107,-51
"10405","6226光鼎","110/07/29","中國信託-新竹",63,13,50
"10406","6226光鼎","110/07/29","統一-內湖",0,48,-48
"10407","6226光鼎","110/07/29","群益金鼎-士林",50,0,50
"10408","6226光鼎","110/07/29","元大-東港",2,50,-48
"10409","6226光鼎","110/07/29","台新-高雄",125,80,45
"10410","6226光鼎","110/07/29","元大-太平",1,46,-45
"10411","2363矽統","110/07/29","凱基-台北",2235,1238,997
"10412","2363矽統","110/07/29","康和-台中",10,437,-427
"10413","2363矽統","110/07/29","摩根大通",1784,793,991
"10414","2363矽統","110/07/29","第一金-新興",11,310,-299
"10415","2363矽統","110/07/29","港商野村",1833,1300,533
"10416","2363矽統","110/07/29","瑞士信貸",9,190,-181
"10417","2363矽統","110/07/29","美林",652,288,364
"10418","2363矽統","110/07/29","台新證券",659,808,-149
"10419","2363矽統","110/07/29","元大-台中",376,38,338
"10420","2363矽統","110/07/29","元大-萬華",42,189,-147
"10421","2363矽統","110/07/29","新加坡商瑞銀",748,474,274
"10422","2363矽統","110/07/29","台新-左楠",26,171,-145
"10423","2363矽統","110/07/29","國泰-敦南",566,333,233
"10424","2363矽統","110/07/29","華南永昌-鳳山",116,241,-125
"10425","2363矽統","110/07/29","元大-旗山",299,66,233
"10426","2363矽統","110/07/29","永全-南崁",0,117,-117
"10427","2363矽統","110/07/29","美商高盛",600,433,167
"10428","2363矽統","110/07/29","群益金鼎-桃園",25,131,-106
"10429","2363矽統","110/07/29","元大-永和",146,12,134
"10430","2363矽統","110/07/29","宏遠-新化",3,103,-100
"10431","2363矽統","110/07/29","元大證券",137,9,128
"10432","2363矽統","110/07/29","新光",331,429,-98
"10433","2363矽統","110/07/29","永豐金-彰化",135,10,125
"10434","2363矽統","110/07/29","中國信託-忠孝",101,188,-87
"10435","2363矽統","110/07/29","北城證券",139,19,120
"10436","2363矽統","110/07/29","群益金鼎-建成",11,95,-84
"10437","2363矽統","110/07/29","富邦-高雄",153,34,119
"10438","2363矽統","110/07/29","群益金鼎-三民",23,105,-82
"10439","2363矽統","110/07/29","元大-蘆洲",120,19,101
"10440","2363矽統","110/07/29","元大-豐原",104,186,-82
"10441","8112至上","110/07/29","合庫證券",194,1,193
"10442","8112至上","110/07/29","摩根大通",4,424,-420
"10443","8112至上","110/07/29","美商高盛",154,5,149
"10444","8112至上","110/07/29","日盛-高雄",2,400,-398
"10445","8112至上","110/07/29","永豐金證券",144,0,144
"10446","8112至上","110/07/29","港商法國興業",0,374,-374
"10447","8112至上","110/07/29","新光-台中",123,12,111
"10448","8112至上","110/07/29","凱基-台北",50,312,-262
"10449","8112至上","110/07/29","新加坡商瑞銀",189,83,106
"10450","8112至上","110/07/29","美林",69,232,-163
"10451","8112至上","110/07/29","華南永昌-新莊",73,0,73
"10452","8112至上","110/07/29","兆豐-公益",0,120,-120
"10453","8112至上","110/07/29","新光",108,49,59
"10454","8112至上","110/07/29","瑞士信貸",1,109,-108
"10455","8112至上","110/07/29","元富-文心",45,3,42
"10456","8112至上","110/07/29","華南永昌-小港",4,30,-26
"10457","8112至上","110/07/29","華南永昌-林口",41,0,41
"10458","8112至上","110/07/29","富邦-中壢",1,24,-23
"10459","8112至上","110/07/29","港商野村",146,112,34
"10460","8112至上","110/07/29","元大-歸仁",2,24,-22
"10461","8112至上","110/07/29","臺銀-高雄",30,0,30
"10462","8112至上","110/07/29","華南永昌-麻豆",0,21,-21
"10463","8112至上","110/07/29","元富-佳里",30,0,30
"10464","8112至上","110/07/29","台新-松江",0,20,-20
"10465","8112至上","110/07/29","永豐金-內湖",30,1,29
"10466","8112至上","110/07/29","元大-新莊",1,20,-19
"10467","8112至上","110/07/29","台新-新營",31,3,28
"10468","8112至上","110/07/29","華南永昌-岡山",1,19,-18
"10469","8112至上","110/07/29","永豐金-彰化",27,0,27
"10470","8112至上","110/07/29","元大-崇德",3,20,-17
"10471","1570力肯","110/07/29","群益金鼎-高雄",20,0,20
"10472","1570力肯","110/07/29","聯邦-興中",0,17,-17
"10473","1570力肯","110/07/29","群益金鼎-板橋",16,0,16
"10474","1570力肯","110/07/29","富邦-建國",0,10,-10
"10475","1570力肯","110/07/29","統一-敦南",5,0,5
"10476","1570力肯","110/07/29","凱基-站前",0,5,-5
"10477","1570力肯","110/07/29","元富-松德",4,0,4
"10478","1570力肯","110/07/29","國泰-板橋",0,4,-4
"10479","1570力肯","110/07/29","元大-和平",4,0,4
"10480","1570力肯","110/07/29","統一-土城",0,3,-3
"10481","1570力肯","110/07/29","凱基-幸福",3,0,3
"10482","1570力肯","110/07/29","凱基-大里",0,3,-3
"10483","1570力肯","110/07/29","華南永昌-鳳山",3,0,3
"10484","1570力肯","110/07/29","凱基-台北",0,3,-3
"10485","1570力肯","110/07/29","元大-北港",4,2,2
"10486","1570力肯","110/07/29","元大-屏東民生",0,3,-3
"10487","1570力肯","110/07/29","美林",1,0,1
"10488","1570力肯","110/07/29","元富-緯城",0,2,-2
"10489","1570力肯","110/07/29","國泰-台南",1,0,1
"10490","1570力肯","110/07/29","台新-高雄",0,2,-2
"10491","1570力肯","110/07/29","元大-歸仁",1,0,1
"10492","1570力肯","110/07/29","華南永昌-楠梓",0,2,-2
"10493","1570力肯","110/07/29","元大-松山",1,0,1
"10494","1570力肯","110/07/29","元大-北成功",0,2,-2
"10495","1570力肯","110/07/29","元大-文心興安",1,0,1
"10496","1570力肯","110/07/29","元大-板橋",0,2,-2
"10497","1570力肯","110/07/29","元大-東蘆",1,0,1
"10498","1570力肯","110/07/29","統一-台南",0,1,-1
"10499","1570力肯","110/07/29","群益金鼎-鳳山",0,0,0
"10500","1570力肯","110/07/29","台新證券",0,1,-1
"10501","2929淘帝","110/07/29","新光-新竹",118,13,105
"10502","2929淘帝","110/07/29","元富-敦南",0,91,-91
"10503","2929淘帝","110/07/29","新加坡商瑞銀",56,0,56
"10504","2929淘帝","110/07/29","日盛-板橋中山",0,38,-38
"10505","2929淘帝","110/07/29","凱基-台北",39,4,35
"10506","2929淘帝","110/07/29","群益金鼎-士林",0,20,-20
"10507","2929淘帝","110/07/29","元大-民生",29,0,29
"10508","2929淘帝","110/07/29","華南永昌-敦南",0,20,-20
"10509","2929淘帝","110/07/29","美林",37,9,28
"10510","2929淘帝","110/07/29","高橋-龍潭",3,20,-17
"10511","2929淘帝","110/07/29","元大-承德",15,0,15
"10512","2929淘帝","110/07/29","凱基-中山",4,19,-15
"10513","2929淘帝","110/07/29","第一金-台南",10,0,10
"10514","2929淘帝","110/07/29","富邦-台北",0,15,-15
"10515","2929淘帝","110/07/29","富邦-桃園",9,0,9
"10516","2929淘帝","110/07/29","元富-台中",0,14,-14
"10517","2929淘帝","110/07/29","港商野村",17,10,7
"10518","2929淘帝","110/07/29","台新-建北",0,13,-13
"10519","2929淘帝","110/07/29","台中銀-豐原",6,0,6
"10520","2929淘帝","110/07/29","永豐金-敦南",0,12,-12
"10521","2929淘帝","110/07/29","元大-文心興安",6,0,6
"10522","2929淘帝","110/07/29","新光-台南",0,11,-11
"10523","2929淘帝","110/07/29","德信-新營",5,0,5
"10524","2929淘帝","110/07/29","宏遠-光隆",0,10,-10
"10525","2929淘帝","110/07/29","元大-博愛",5,0,5
"10526","2929淘帝","110/07/29","元大-嘉義",0,6,-6
"10527","2929淘帝","110/07/29","元大-員林",5,0,5
"10528","2929淘帝","110/07/29","日茂-南投",0,5,-5
"10529","2929淘帝","110/07/29","富邦-中壢",4,0,4
"10530","2929淘帝","110/07/29","新光",0,5,-5
"10531","5410國眾","110/07/29","兆豐-城中",32,0,32
"10532","5410國眾","110/07/29","第一金-台南",0,51,-51
"10533","5410國眾","110/07/29","新加坡商瑞銀",19,0,19
"10534","5410國眾","110/07/29","元富-大昌",0,13,-13
"10535","5410國眾","110/07/29","華南永昌-新莊",16,0,16
"10536","5410國眾","110/07/29","臺銀-臺南",0,12,-12
"10537","5410國眾","110/07/29","元大-小港",11,0,11
"10538","5410國眾","110/07/29","日盛-木柵",0,10,-10
"10539","5410國眾","110/07/29","臺銀",10,0,10
"10540","5410國眾","110/07/29","元富-安南",0,10,-10
"10541","5410國眾","110/07/29","臺銀-臺中",10,0,10
"10542","5410國眾","110/07/29","新光",4,13,-9
"10543","5410國眾","110/07/29","宏遠-館前",10,0,10
"10544","5410國眾","110/07/29","永豐金-屏東",0,5,-5
"10545","5410國眾","110/07/29","台新-中壢",10,0,10
"10546","5410國眾","110/07/29","永豐金-苓雅",0,5,-5
"10547","5410國眾","110/07/29","摩根大通",10,1,9
"10548","5410國眾","110/07/29","國票-台南",0,4,-4
"10549","5410國眾","110/07/29","元大-北投",9,0,9
"10550","5410國眾","110/07/29","永豐金-埔里",0,4,-4
"10551","5410國眾","110/07/29","台新證券",7,1,6
"10552","5410國眾","110/07/29","光和",0,3,-3
"10553","5410國眾","110/07/29","元富-新竹",5,0,5
"10554","5410國眾","110/07/29","凱基-汐止",0,3,-3
"10555","5410國眾","110/07/29","凱基-竹北",5,0,5
"10556","5410國眾","110/07/29","元大-善化",0,3,-3
"10557","5410國眾","110/07/29","永豐金-敦南",5,1,4
"10558","5410國眾","110/07/29","元大-員林",0,3,-3
"10559","5410國眾","110/07/29","美林",4,1,3
"10560","5410國眾","110/07/29","永豐金-台南",0,3,-3
"10561","2841台開","110/07/29","兆豐-台南",237,0,237
"10562","2841台開","110/07/29","元大-四維",0,184,-184
"10563","2841台開","110/07/29","永豐金-敦南",60,10,50
"10564","2841台開","110/07/29","玉山-新竹",0,145,-145
"10565","2841台開","110/07/29","永豐金-板新",50,0,50
"10566","2841台開","110/07/29","港商野村",0,124,-124
"10567","2841台開","110/07/29","華南永昌-南京",45,2,43
"10568","2841台開","110/07/29","永豐金-台南",0,32,-32
"10569","2841台開","110/07/29","群益金鼎-崇德",23,0,23
"10570","2841台開","110/07/29","華南永昌-公誠",0,23,-23
"10571","2841台開","110/07/29","日盛-園區",20,0,20
"10572","2841台開","110/07/29","元大-善化",0,22,-22
"10573","2841台開","110/07/29","台新-台中",20,0,20
"10574","2841台開","110/07/29","元大-豐原",0,20,-20
"10575","2841台開","110/07/29","華南永昌-新莊",20,0,20
"10576","2841台開","110/07/29","凱基-台北",0,15,-15
"10577","2841台開","110/07/29","富邦-仁愛",20,0,20
"10578","2841台開","110/07/29","富邦-台北",0,15,-15
"10579","2841台開","110/07/29","新光",15,0,15
"10580","2841台開","110/07/29","臺銀",0,10,-10
"10581","2841台開","110/07/29","華南永昌-台中",15,0,15
"10582","2841台開","110/07/29","元富-三重",0,10,-10
"10583","2841台開","110/07/29","凱基-彰化",13,0,13
"10584","2841台開","110/07/29","元大-林森",0,10,-10
"10585","2841台開","110/07/29","兆豐-台中",10,0,10
"10586","2841台開","110/07/29","光和-花壇",0,9,-9
"10587","2841台開","110/07/29","永豐金-松山",10,0,10
"10588","2841台開","110/07/29","國泰-桃園",1,10,-9
"10589","2841台開","110/07/29","國泰-館前",9,0,9
"10590","2841台開","110/07/29","玉山-嘉義",0,8,-8
"10591","6207雷科","110/07/29","永豐金-古亭",100,0,100
"10592","6207雷科","110/07/29","摩根大通",59,151,-92
"10593","6207雷科","110/07/29","國泰-館前",52,6,46
"10594","6207雷科","110/07/29","凱基-高雄",0,82,-82
"10595","6207雷科","110/07/29","新加坡商瑞銀",41,12,29
"10596","6207雷科","110/07/29","元大-松江",0,25,-25
"10597","6207雷科","110/07/29","大慶-蘆洲",29,6,23
"10598","6207雷科","110/07/29","元大-雙和",2,25,-23
"10599","6207雷科","110/07/29","永豐金-羅東",21,0,21
"10600","6207雷科","110/07/29","港商野村",16,36,-20
"10601","6207雷科","110/07/29","統一-南京",16,0,16
"10602","6207雷科","110/07/29","盈溢-楠梓",0,20,-20
"10603","6207雷科","110/07/29","凱基-台北",45,29,16
"10604","6207雷科","110/07/29","統一",2,20,-18
"10605","6207雷科","110/07/29","富邦-敦南",16,0,16
"10606","6207雷科","110/07/29","日盛-新竹",1,16,-15
"10607","6207雷科","110/07/29","統一-高雄",15,0,15
"10608","6207雷科","110/07/29","康和-台中",0,15,-15
"10609","6207雷科","110/07/29","台新-中壢",11,0,11
"10610","6207雷科","110/07/29","凱基-竹科",0,13,-13
"10611","6207雷科","110/07/29","台灣企銀-竹北",10,0,10
"10612","6207雷科","110/07/29","元大-鳳中",0,12,-12
"10613","6207雷科","110/07/29","宏遠證券",10,0,10
"10614","6207雷科","110/07/29","元大-土城",0,12,-12
"10615","6207雷科","110/07/29","中國信託-忠孝",10,0,10
"10616","6207雷科","110/07/29","華南永昌-高雄",0,11,-11
"10617","6207雷科","110/07/29","大昌-桃園",11,1,10
"10618","6207雷科","110/07/29","元大-木柵",0,10,-10
"10619","6207雷科","110/07/29","玉山-城中",11,1,10
"10620","6207雷科","110/07/29","日盛-板橋",1,10,-9
"10621","3679新至陞","110/07/29","華南永昌-淡水",5,0,5
"10622","3679新至陞","110/07/29","元富-板橋",0,16,-16
"10623","3679新至陞","110/07/29","富邦-新竹華信",5,0,5
"10624","3679新至陞","110/07/29","凱基-台北",0,8,-8
"10625","3679新至陞","110/07/29","永豐金-中和",5,0,5
"10626","3679新至陞","110/07/29","摩根大通",1,6,-5
"10627","3679新至陞","110/07/29","富邦-台北",4,0,4
"10628","3679新至陞","110/07/29","美林",0,4,-4
"10629","3679新至陞","110/07/29","元富-彰化",2,0,2
"10630","3679新至陞","110/07/29","瑞士信貸",0,4,-4
"10631","3679新至陞","110/07/29","兆豐-台中港",2,0,2
"10632","3679新至陞","110/07/29","元大-成功",0,3,-3
"10633","3679新至陞","110/07/29","富邦-三重",2,0,2
"10634","3679新至陞","110/07/29","統一-台南",0,2,-2
"10635","3679新至陞","110/07/29","元大-沙鹿",2,0,2
"10636","3679新至陞","110/07/29","元富-新興",0,2,-2
"10637","3679新至陞","110/07/29","元大-福營",2,0,2
"10638","3679新至陞","110/07/29","凱基-竹科",0,2,-2
"10639","3679新至陞","110/07/29","元大-花蓮",2,0,2
"10640","3679新至陞","110/07/29","元大證券",0,2,-2
"10641","3679新至陞","110/07/29","元大-板橋",2,0,2
"10642","3679新至陞","110/07/29","日盛-北高雄",0,1,-1
"10643","3679新至陞","110/07/29","永豐金-台南",2,0,2
"10644","3679新至陞","110/07/29","宏遠-高雄",0,1,-1
"10645","3679新至陞","110/07/29","合庫-彰化",1,0,1
"10646","3679新至陞","110/07/29","花旗環球",0,1,-1
"10647","3679新至陞","110/07/29","臺銀-臺南",1,0,1
"10648","3679新至陞","110/07/29","華南永昌-岡山",0,1,-1
"10649","3679新至陞","110/07/29","永興-水湳",1,0,1
"10650","3679新至陞","110/07/29","元大-佳里",0,1,-1
"10651","2727王品","110/07/29","第一金",30,0,30
"10652","2727王品","110/07/29","元大-高雄",1,93,-92
"10653","2727王品","110/07/29","港商麥格理",22,0,22
"10654","2727王品","110/07/29","新加坡商瑞銀",5,82,-77
"10655","2727王品","110/07/29","國票-北高雄",24,2,22
"10656","2727王品","110/07/29","美林",0,27,-27
"10657","2727王品","110/07/29","日盛-忠孝",21,0,21
"10658","2727王品","110/07/29","港商野村",21,48,-27
"10659","2727王品","110/07/29","新光",22,3,19
"10660","2727王品","110/07/29","凱基-台北",43,61,-18
"10661","2727王品","110/07/29","國泰-敦南",18,7,11
"10662","2727王品","110/07/29","華南永昌-麻豆",0,18,-18
"10663","2727王品","110/07/29","凱基-五股",11,0,11
"10664","2727王品","110/07/29","國泰-台中",2,17,-15
"10665","2727王品","110/07/29","兆豐-鹿港",12,2,10
"10666","2727王品","110/07/29","永豐金-桃盛",0,15,-15
"10667","2727王品","110/07/29","凱基-埔墘",10,0,10
"10668","2727王品","110/07/29","美商高盛",1,15,-14
"10669","2727王品","110/07/29","永豐金-潮州",10,0,10
"10670","2727王品","110/07/29","玉山證券",4,15,-11
"10671","2727王品","110/07/29","統一",12,4,8
"10672","2727王品","110/07/29","摩根大通",12,22,-10
"10673","2727王品","110/07/29","國泰-板橋",7,0,7
"10674","2727王品","110/07/29","元大-四維",2,12,-10
"10675","2727王品","110/07/29","彰銀-台中",7,1,6
"10676","2727王品","110/07/29","凱基-興隆",0,9,-9
"10677","2727王品","110/07/29","新光-高雄",12,6,6
"10678","2727王品","110/07/29","瑞士信貸",0,8,-8
"10679","2727王品","110/07/29","玉山-數位",6,0,6
"10680","2727王品","110/07/29","大昌-桃園",0,7,-7
"10681","1570力肯","110/07/29","群益金鼎-高雄",20,0,20
"10682","1570力肯","110/07/29","聯邦-興中",0,17,-17
"10683","1570力肯","110/07/29","群益金鼎-板橋",16,0,16
"10684","1570力肯","110/07/29","富邦-建國",0,10,-10
"10685","1570力肯","110/07/29","統一-敦南",5,0,5
"10686","1570力肯","110/07/29","凱基-站前",0,5,-5
"10687","1570力肯","110/07/29","元富-松德",4,0,4
"10688","1570力肯","110/07/29","國泰-板橋",0,4,-4
"10689","1570力肯","110/07/29","元大-和平",4,0,4
"10690","1570力肯","110/07/29","統一-土城",0,3,-3
"10691","1570力肯","110/07/29","凱基-幸福",3,0,3
"10692","1570力肯","110/07/29","凱基-大里",0,3,-3
"10693","1570力肯","110/07/29","華南永昌-鳳山",3,0,3
"10694","1570力肯","110/07/29","凱基-台北",0,3,-3
"10695","1570力肯","110/07/29","元大-北港",4,2,2
"10696","1570力肯","110/07/29","元大-屏東民生",0,3,-3
"10697","1570力肯","110/07/29","美林",1,0,1
"10698","1570力肯","110/07/29","元富-緯城",0,2,-2
"10699","1570力肯","110/07/29","國泰-台南",1,0,1
"10700","1570力肯","110/07/29","台新-高雄",0,2,-2
"10701","1570力肯","110/07/29","元大-歸仁",1,0,1
"10702","1570力肯","110/07/29","華南永昌-楠梓",0,2,-2
"10703","1570力肯","110/07/29","元大-松山",1,0,1
"10704","1570力肯","110/07/29","元大-北成功",0,2,-2
"10705","1570力肯","110/07/29","元大-文心興安",1,0,1
"10706","1570力肯","110/07/29","元大-板橋",0,2,-2
"10707","1570力肯","110/07/29","元大-東蘆",1,0,1
"10708","1570力肯","110/07/29","統一-台南",0,1,-1
"10709","1570力肯","110/07/29","群益金鼎-鳳山",0,0,0
"10710","1570力肯","110/07/29","台新證券",0,1,-1
"10711","6180橘子","110/07/29","凱基-台北",50,4,46
"10712","6180橘子","110/07/29","兆豐證券",0,95,-95
"10713","6180橘子","110/07/29","花旗環球",25,0,25
"10714","6180橘子","110/07/29","香港上海匯豐",0,74,-74
"10715","6180橘子","110/07/29","瑞士信貸",26,2,24
"10716","6180橘子","110/07/29","福勝",0,24,-24
"10717","6180橘子","110/07/29","兆豐-大同",20,0,20
"10718","6180橘子","110/07/29","第一金-安和",0,20,-20
"10719","6180橘子","110/07/29","新光-台中",17,0,17
"10720","6180橘子","110/07/29","永豐金-敦北",0,18,-18
"10721","6180橘子","110/07/29","元大-南屯",15,0,15
"10722","6180橘子","110/07/29","致和-崇德",0,10,-10
"10723","6180橘子","110/07/29","摩根大通",54,40,14
"10724","6180橘子","110/07/29","玉山-台大",0,10,-10
"10725","6180橘子","110/07/29","玉山-桃園",10,0,10
"10726","6180橘子","110/07/29","元大-四維",0,10,-10
"10727","6180橘子","110/07/29","永豐金-中正",10,0,10
"10728","6180橘子","110/07/29","元大-小港",0,8,-8
"10729","6180橘子","110/07/29","元富-三重",8,0,8
"10730","6180橘子","110/07/29","台灣摩根士丹利",7,13,-6
"10731","6180橘子","110/07/29","國泰-新莊",9,1,8
"10732","6180橘子","110/07/29","群益金鼎-丹鳳",0,6,-6
"10733","6180橘子","110/07/29","元大-木柵",8,0,8
"10734","6180橘子","110/07/29","永豐金-南京",2,8,-6
"10735","6180橘子","110/07/29","國票-敦北法人",7,0,7
"10736","6180橘子","110/07/29","日盛-頭份",5,10,-5
"10737","6180橘子","110/07/29","元大證券",7,0,7
"10738","6180橘子","110/07/29","宏遠-高雄",0,5,-5
"10739","6180橘子","110/07/29","高橋",6,0,6
"10740","6180橘子","110/07/29","第一金-中山",1,5,-4
"10741","2390云辰","110/07/29","元大-永和",561,61,500
"10742","2390云辰","110/07/29","摩根大通",152,377,-225
"10743","2390云辰","110/07/29","台灣摩根士丹利",163,1,162
"10744","2390云辰","110/07/29","元富-同大",3,139,-136
"10745","2390云辰","110/07/29","元大-善化",87,0,87
"10746","2390云辰","110/07/29","豐農",3,128,-125
"10747","2390云辰","110/07/29","元大-草屯",89,6,83
"10748","2390云辰","110/07/29","美商高盛",6,88,-82
"10749","2390云辰","110/07/29","富邦-羅東",74,10,64
"10750","2390云辰","110/07/29","美林",43,112,-69
"10751","2390云辰","110/07/29","元大-鑫永和",61,1,60
"10752","2390云辰","110/07/29","元大-發財",4,61,-57
"10753","2390云辰","110/07/29","元富-高雄",93,40,53
"10754","2390云辰","110/07/29","大慶-泰山",0,51,-51
"10755","2390云辰","110/07/29","台新-左楠",43,1,42
"10756","2390云辰","110/07/29","群益金鼎",5,49,-44
"10757","2390云辰","110/07/29","日盛-永康",35,2,33
"10758","2390云辰","110/07/29","元大-松江",0,40,-40
"10759","2390云辰","110/07/29","玉山-板橋",37,5,32
"10760","2390云辰","110/07/29","統一-新台中",123,161,-38
"10761","2390云辰","110/07/29","日盛-板橋中山",45,15,30
"10762","2390云辰","110/07/29","兆豐-員林",0,35,-35
"10763","2390云辰","110/07/29","元大-大統",30,0,30
"10764","2390云辰","110/07/29","第一金-新竹",1,35,-34
"10765","2390云辰","110/07/29","元大-竹北",30,1,29
"10766","2390云辰","110/07/29","日盛-員林",3,33,-30
"10767","2390云辰","110/07/29","元大-北屯",26,0,26
"10768","2390云辰","110/07/29","新光",40,70,-30
"10769","2390云辰","110/07/29","元大-林園",25,0,25
"10770","2390云辰","110/07/29","永豐金-松山",21,49,-28
"10771","1471首利","110/07/28","美林",138,26,112
"10772","1471首利","110/07/28","玉山-台大",0,234,-234
"10773","1471首利","110/07/28","摩根大通",164,80,84
"10774","1471首利","110/07/28","國票-九鼎",0,149,-149
"10775","1471首利","110/07/28","(牛牛牛)亞-鑫豐",65,0,65
"10776","1471首利","110/07/28","台中銀",0,69,-69
"10777","1471首利","110/07/28","大昌-新店",44,0,44
"10778","1471首利","110/07/28","元大-博愛",0,32,-32
"10779","1471首利","110/07/28","玉山-桃園",69,30,39
"10780","1471首利","110/07/28","凱基-竹北",0,30,-30
"10781","1471首利","110/07/28","兆豐-鹿港",28,0,28
"10782","1471首利","110/07/28","富邦-苗栗",0,30,-30
"10783","1471首利","110/07/28","聯邦-高雄",21,0,21
"10784","1471首利","110/07/28","港商法國興業",0,22,-22
"10785","1471首利","110/07/28","永豐金-中正",21,0,21
"10786","1471首利","110/07/28","國票-安和",0,20,-20
"10787","1471首利","110/07/28","第一金-高雄",16,0,16
"10788","1471首利","110/07/28","華南永昌-苑裡",0,15,-15
"10789","1471首利","110/07/28","統一-桃園",13,0,13
"10790","1471首利","110/07/28","日盛-中壢",0,13,-13
"10791","1471首利","110/07/28","新光-台中",19,6,13
"10792","1471首利","110/07/28","玉山-台南",0,13,-13
"10793","1471首利","110/07/28","彰銀-七賢",11,0,11
"10794","1471首利","110/07/28","凱基-桃園",0,12,-12
"10795","1471首利","110/07/28","第一金-台南",11,0,11
"10796","1471首利","110/07/28","聯邦-雙和",0,11,-11
"10797","1471首利","110/07/28","台新證券",11,0,11
"10798","1471首利","110/07/28","統一-新營",0,10,-10
"10799","1471首利","110/07/28","凱基-東勢",11,0,11
"10800","1471首利","110/07/28","凱基-城中",0,10,-10
"10801","2883開發金","110/07/28","摩根大通",5171,647,4524
"10802","2883開發金","110/07/28","台灣摩根士丹利",921,11451,-10530
"10803","2883開發金","110/07/28","瑞士信貸",4234,62,4172
"10804","2883開發金","110/07/28","美商高盛",522,3615,-3093
"10805","2883開發金","110/07/28","國泰證券",2247,28,2219
"10806","2883開發金","110/07/28","(牛牛牛)亞證券",0,3000,-3000
"10807","2883開發金","110/07/28","元大證券",2306,91,2215
"10808","2883開發金","110/07/28","康和-仁愛",17,3004,-2987
"10809","2883開發金","110/07/28","元富-城東",2203,113,2090
"10810","2883開發金","110/07/28","第一金",18,2301,-2283
"10811","2883開發金","110/07/28","新加坡商瑞銀",1840,81,1759
"10812","2883開發金","110/07/28","凱基-台北",3735,5169,-1434
"10813","2883開發金","110/07/28","永豐金-彰化",1682,27,1655
"10814","2883開發金","110/07/28","宏遠-高雄",4,1420,-1416
"10815","2883開發金","110/07/28","日盛證券",1637,9,1628
"10816","2883開發金","110/07/28","亞東-板橋",507,1722,-1215
"10817","2883開發金","110/07/28","元大-彰化",1183,11,1172
"10818","2883開發金","110/07/28","凱基-豐中",32,1127,-1095
"10819","2883開發金","110/07/28","美林",2507,1378,1129
"10820","2883開發金","110/07/28","群益金鼎-三重",65,993,-928
"10821","2883開發金","110/07/28","華南永昌",1204,239,965
"10822","2883開發金","110/07/28","元大-羅東",30,872,-842
"10823","2883開發金","110/07/28","日盛-台南",816,6,810
"10824","2883開發金","110/07/28","花旗環球",188,1004,-816
"10825","2883開發金","110/07/28","台新-松江",722,40,682
"10826","2883開發金","110/07/28","華南永昌-朴子",33,716,-683
"10827","2883開發金","110/07/28","新光-台中",858,231,627
"10828","2883開發金","110/07/28","元大-永和",31,700,-669
"10829","2883開發金","110/07/28","凱基-員林",634,25,609
"10830","2883開發金","110/07/28","玉山-台南",97,738,-641
"10831","6205詮欣","110/07/28","臺銀",30,0,30
"10832","6205詮欣","110/07/28","台灣摩根士丹利",0,59,-59
"10833","6205詮欣","110/07/28","元大-善化",30,0,30
"10834","6205詮欣","110/07/28","凱基-大安",0,50,-50
"10835","6205詮欣","110/07/28","日盛證券",16,0,16
"10836","6205詮欣","110/07/28","元大-板橋",0,20,-20
"10837","6205詮欣","110/07/28","元大-土城學府",15,3,12
"10838","6205詮欣","110/07/28","摩根大通",17,30,-13
"10839","6205詮欣","110/07/28","臺銀-民權",10,0,10
"10840","6205詮欣","110/07/28","凱基-台北",0,11,-11
"10841","6205詮欣","110/07/28","德信-新營",10,0,10
"10842","6205詮欣","110/07/28","新加坡商瑞銀",0,10,-10
"10843","6205詮欣","110/07/28","福勝",10,0,10
"10844","6205詮欣","110/07/28","第一金-新竹",0,10,-10
"10845","6205詮欣","110/07/28","元大-清水",10,0,10
"10846","6205詮欣","110/07/28","台新-高雄",0,6,-6
"10847","6205詮欣","110/07/28","新光",9,0,9
"10848","6205詮欣","110/07/28","凱基-三多",0,6,-6
"10849","6205詮欣","110/07/28","群益金鼎-屏東",7,0,7
"10850","6205詮欣","110/07/28","美林",2,7,-5
"10851","6205詮欣","110/07/28","元大-汐止",6,0,6
"10852","6205詮欣","110/07/28","瑞士信貸",0,5,-5
"10853","6205詮欣","110/07/28","統一-屏東",5,0,5
"10854","6205詮欣","110/07/28","中國信託-三重",0,5,-5
"10855","6205詮欣","110/07/28","日盛-三重",4,0,4
"10856","6205詮欣","110/07/28","日盛-雙和",0,4,-4
"10857","6205詮欣","110/07/28","亞東-板橋",4,0,4
"10858","6205詮欣","110/07/28","宏遠-光隆",0,4,-4
"10859","6205詮欣","110/07/28","台中銀",4,0,4
"10860","6205詮欣","110/07/28","兆豐-新莊",0,4,-4
"10861","1540喬福","110/07/28","兆豐-北高雄",48,0,48
"10862","1540喬福","110/07/28","合庫-台中",1,60,-59
"10863","1540喬福","110/07/28","兆豐-台中港",33,0,33
"10864","1540喬福","110/07/28","凱基-台北",0,44,-44
"10865","1540喬福","110/07/28","大慶-中壢",19,0,19
"10866","1540喬福","110/07/28","元大-學甲",0,35,-35
"10867","1540喬福","110/07/28","富邦-員林",18,0,18
"10868","1540喬福","110/07/28","統一-新台中",0,26,-26
"10869","1540喬福","110/07/28","(牛牛牛)亞-鑫豐",12,0,12
"10870","1540喬福","110/07/28","新光-新竹",0,21,-21
"10871","1540喬福","110/07/28","元富-文心",10,0,10
"10872","1540喬福","110/07/28","富邦-台北",0,20,-20
"10873","1540喬福","110/07/28","光和-和美",10,0,10
"10874","1540喬福","110/07/28","富邦-南屯",0,20,-20
"10875","1540喬福","110/07/28","永豐金-三重",9,0,9
"10876","1540喬福","110/07/28","元大-鶯歌",0,10,-10
"10877","1540喬福","110/07/28","臺銀-鳳山",8,0,8
"10878","1540喬福","110/07/28","元大-豐原",0,7,-7
"10879","1540喬福","110/07/28","元大-斗六",7,0,7
"10880","1540喬福","110/07/28","大昌-樹林",0,6,-6
"10881","1540喬福","110/07/28","台新-台中",6,0,6
"10882","1540喬福","110/07/28","新光-桃園",0,5,-5
"10883","1540喬福","110/07/28","華南永昌-中正",6,0,6
"10884","1540喬福","110/07/28","凱基-站前",0,5,-5
"10885","1540喬福","110/07/28","永豐金-台中",6,0,6
"10886","1540喬福","110/07/28","臺銀",0,4,-4
"10887","1540喬福","110/07/28","臺銀-民權",5,0,5
"10888","1540喬福","110/07/28","台新證券",0,3,-3
"10889","1540喬福","110/07/28","元富-中原",5,0,5
"10890","1540喬福","110/07/28","台新-高雄",0,3,-3
"10891","2888新光金","110/07/28","臺銀-高雄",3050,3,3047
"10892","2888新光金","110/07/28","摩根大通",2543,11316,-8773
"10893","2888新光金","110/07/28","元富-城東",2019,129,1890
"10894","2888新光金","110/07/28","香港上海匯豐",120,7576,-7456
"10895","2888新光金","110/07/28","元大證券",2106,407,1699
"10896","2888新光金","110/07/28","凱基-台北",1641,5238,-3597
"10897","2888新光金","110/07/28","凱基-台南",1068,33,1035
"10898","2888新光金","110/07/28","新加坡商瑞銀",0,3572,-3572
"10899","2888新光金","110/07/28","彰銀-台中",1098,75,1023
"10900","2888新光金","110/07/28","台灣摩根士丹利",4358,7129,-2771
"10901","2888新光金","110/07/28","元富-城中",1003,0,1003
"10902","2888新光金","110/07/28","元大-大統",103,2853,-2750
"10903","2888新光金","110/07/28","元大-大天母",1113,119,994
"10904","2888新光金","110/07/28","光和",204,2235,-2031
"10905","2888新光金","110/07/28","元大-仁愛",761,1,760
"10906","2888新光金","110/07/28","兆豐-鹿港",80,1755,-1675
"10907","2888新光金","110/07/28","日盛-雙和",927,179,748
"10908","2888新光金","110/07/28","凱基-市政",17,1447,-1430
"10909","2888新光金","110/07/28","元大-大里",648,0,648
"10910","2888新光金","110/07/28","華南永昌-敦南",66,1320,-1254
"10911","2888新光金","110/07/28","凱基-竹科",2665,2026,639
"10912","2888新光金","110/07/28","法銀巴黎",195,1423,-1228
"10913","2888新光金","110/07/28","日盛-高雄",619,11,608
"10914","2888新光金","110/07/28","臺銀",123,1343,-1220
"10915","2888新光金","110/07/28","群益金鼎-海山",710,151,559
"10916","2888新光金","110/07/28","花旗環球",0,865,-865
"10917","2888新光金","110/07/28","台新證券",855,305,550
"10918","2888新光金","110/07/28","元大-鹿港",46,848,-802
"10919","2888新光金","110/07/28","國泰-敦南",774,237,537
"10920","2888新光金","110/07/28","合庫-台中",121,800,-679
"10921","1340勝悅","110/07/28","新光-台南",50,0,50
"10922","1340勝悅","110/07/28","兆豐-南京",0,25,-25
"10923","1340勝悅","110/07/28","臺銀-臺中",6,0,6
"10924","1340勝悅","110/07/28","凱基-台北",0,22,-22
"10925","1340勝悅","110/07/28","新光",6,0,6
"10926","1340勝悅","110/07/28","美林",0,12,-12
"10927","1340勝悅","110/07/28","臺灣企銀-埔墘",5,0,5
"10928","1340勝悅","110/07/28","群益金鼎-台中",0,11,-11
"10929","1340勝悅","110/07/28","國票-敦北法人",5,0,5
"10930","1340勝悅","110/07/28","合庫-西台中",1,10,-9
"10931","1340勝悅","110/07/28","國泰-高雄",5,0,5
"10932","1340勝悅","110/07/28","元大-基隆孝二",0,8,-8
"10933","1340勝悅","110/07/28","國泰-台中",5,0,5
"10934","1340勝悅","110/07/28","統一-城中",0,7,-7
"10935","1340勝悅","110/07/28","群益金鼎-館前",5,0,5
"10936","1340勝悅","110/07/28","凱基-幸福",0,7,-7
"10937","1340勝悅","110/07/28","中國信託-文心",3,0,3
"10938","1340勝悅","110/07/28","臺銀-新竹",0,5,-5
"10939","1340勝悅","110/07/28","群益金鼎-崇德",3,0,3
"10940","1340勝悅","110/07/28","港商法國興業",0,5,-5
"10941","1340勝悅","110/07/28","元大-永春",3,0,3
"10942","1340勝悅","110/07/28","元大-新竹經國",0,5,-5
"10943","1340勝悅","110/07/28","永豐金-松山",3,0,3
"10944","1340勝悅","110/07/28","台新證券",0,4,-4
"10945","1340勝悅","110/07/28","永豐金-嘉義",3,0,3
"10946","1340勝悅","110/07/28","港商野村",0,3,-3
"10947","1340勝悅","110/07/28","日盛-木柵",2,0,2
"10948","1340勝悅","110/07/28","摩根大通",0,3,-3
"10949","1340勝悅","110/07/28","台新-台中",2,0,2
"10950","1340勝悅","110/07/28","富邦-台北",0,3,-3
"10951","6246臺龍","110/07/28","元大-基隆孝二",32,0,32
"10952","6246臺龍","110/07/28","永豐金-桃園",4,135,-131
"10953","6246臺龍","110/07/28","合庫-台中",30,0,30
"10954","6246臺龍","110/07/28","港商野村",5,93,-88
"10955","6246臺龍","110/07/28","元大-木柵",30,0,30
"10956","6246臺龍","110/07/28","凱基-台北",9,65,-56
"10957","6246臺龍","110/07/28","光和",21,0,21
"10958","6246臺龍","110/07/28","元大-西螺",0,31,-31
"10959","6246臺龍","110/07/28","宏遠-民生",20,0,20
"10960","6246臺龍","110/07/28","群益金鼎-鳳山",0,27,-27
"10961","6246臺龍","110/07/28","第一金-安和",20,0,20
"10962","6246臺龍","110/07/28","元大-西屯",0,25,-25
"10963","6246臺龍","110/07/28","兆豐-竹北",24,4,20
"10964","6246臺龍","110/07/28","永豐金-虎尾",6,27,-21
"10965","6246臺龍","110/07/28","凱基-幸福",20,0,20
"10966","6246臺龍","110/07/28","日盛-台中",1,20,-19
"10967","6246臺龍","110/07/28","德信-新營",19,0,19
"10968","6246臺龍","110/07/28","統一",0,16,-16
"10969","6246臺龍","110/07/28","台新證券",21,4,17
"10970","6246臺龍","110/07/28","群益金鼎-土城",0,16,-16
"10971","6246臺龍","110/07/28","華南永昌-公誠",17,0,17
"10972","6246臺龍","110/07/28","元大-員林",0,15,-15
"10973","6246臺龍","110/07/28","中國信託-文心",15,0,15
"10974","6246臺龍","110/07/28","華南永昌-長虹",0,11,-11
"10975","6246臺龍","110/07/28","群益金鼎-崇德",15,0,15
"10976","6246臺龍","110/07/28","日盛-中壢",0,10,-10
"10977","6246臺龍","110/07/28","兆豐-公益",12,0,12
"10978","6246臺龍","110/07/28","第一金-彰化",0,10,-10
"10979","6246臺龍","110/07/28","國票",12,0,12
"10980","6246臺龍","110/07/28","元富-中原",0,10,-10
"10981","00715L期街口布蘭特正2","110/07/28","永豐金證券",5725,30,5695
"10982","00715L期街口布蘭特正2","110/07/28","元大-四維",0,2013,-2013
"10983","00715L期街口布蘭特正2","110/07/28","元大證券",5235,705,4530
"10984","00715L期街口布蘭特正2","110/07/28","凱基-豐中",0,1536,-1536
"10985","00715L期街口布蘭特正2","110/07/28","國票",2733,11,2722
"10986","00715L期街口布蘭特正2","110/07/28","華南永昌-東昇",0,1010,-1010
"10987","00715L期街口布蘭特正2","110/07/28","富邦證券",2340,417,1923
"10988","00715L期街口布蘭特正2","110/07/28","兆豐-三民",0,1004,-1004
"10989","00715L期街口布蘭特正2","110/07/28","凱基-台北",2241,325,1916
"10990","00715L期街口布蘭特正2","110/07/28","元富-古亭",0,600,-600
"10991","00715L期街口布蘭特正2","110/07/28","統一",1635,132,1503
"10992","00715L期街口布蘭特正2","110/07/28","台新-新營",20,558,-538
"10993","00715L期街口布蘭特正2","110/07/28","國票-中港",1500,0,1500
"10994","00715L期街口布蘭特正2","110/07/28","富邦-台北",0,453,-453
"10995","00715L期街口布蘭特正2","110/07/28","兆豐-台中",525,6,519
"10996","00715L期街口布蘭特正2","110/07/28","港商野村",71,519,-448
"10997","00715L期街口布蘭特正2","110/07/28","合庫證券",1008,500,508
"10998","00715L期街口布蘭特正2","110/07/28","第一金-自由",10,405,-395
"10999","00715L期街口布蘭特正2","110/07/28","永豐金-三重",500,0,500
"11000","00715L期街口布蘭特正2","110/07/28","玉山-高雄",17,387,-370
"11001","00715L期街口布蘭特正2","110/07/28","凱基-市政",500,1,499
"11002","00715L期街口布蘭特正2","110/07/28","統一-桃園",0,331,-331
"11003","00715L期街口布蘭特正2","110/07/28","元富-大裕",500,8,492
"11004","00715L期街口布蘭特正2","110/07/28","元富-中壢",0,309,-309
"11005","00715L期街口布蘭特正2","110/07/28","永豐金-內湖",503,18,485
"11006","00715L期街口布蘭特正2","110/07/28","台新證券",21,329,-308
"11007","00715L期街口布蘭特正2","110/07/28","元富-吉利",280,0,280
"11008","00715L期街口布蘭特正2","110/07/28","國票-台中",0,275,-275
"11009","00715L期街口布蘭特正2","110/07/28","國票-博愛",200,0,200
"11010","00715L期街口布蘭特正2","110/07/28","日盛-木柵",0,268,-268
"11011","8941關中","110/07/28","第一金-台南",2,0,2
"11012","8941關中","110/07/28","聯邦-富強",0,3,-3
"11013","8941關中","110/07/28","元大-西屯",2,0,2
"11014","8941關中","110/07/28","富邦-員林",0,3,-3
"11015","8941關中","110/07/28","玉山證券",1,0,1
"11016","8941關中","110/07/28","第一金-安和",0,2,-2
"11017","8941關中","110/07/28","國泰-忠孝",1,0,1
"11018","8941關中","110/07/28","第一金-台中",0,1,-1
"11019","8941關中","110/07/28","凱基-岡山",1,0,1
"11020","8941關中","110/07/28","玉山-台中",0,0,0
"11021","8941關中","110/07/28","富邦-羅東",1,0,1
"11022","8941關中","110/07/28","元大-新竹經國",0,0,0
"11023","8941關中","110/07/28","永豐金-敦南",1,0,1
"11024","8941關中","110/07/28","元大-桃興",1,1,0
"11025","8941關中","110/07/28","玉山-台中",0,0,0
"11026","8941關中","110/07/28","",NA,NA,NA
"11027","8941關中","110/07/28","元大-新竹經國",0,0,0
"11028","8941關中","110/07/28","",NA,NA,NA
"11029","8941關中","110/07/28","元大-桃興",1,1,0
"11030","8941關中","110/07/28","",NA,NA,NA
"11031","8941關中","110/07/28","",NA,NA,NA
"11032","8941關中","110/07/28","",NA,NA,NA
"11033","8941關中","110/07/28","",NA,NA,NA
"11034","8941關中","110/07/28","",NA,NA,NA
"11035","8941關中","110/07/28","",NA,NA,NA
"11036","8941關中","110/07/28","",NA,NA,NA
"11037","8941關中","110/07/28","",NA,NA,NA
"11038","8941關中","110/07/28","",NA,NA,NA
"11039","8941關中","110/07/28","",NA,NA,NA
"11040","8941關中","110/07/28","",NA,NA,NA
"11041","8936國統","110/07/28","宏遠-高雄",141,1,140
"11042","8936國統","110/07/28","摩根大通",82,517,-435
"11043","8936國統","110/07/28","日盛-景美",100,0,100
"11044","8936國統","110/07/28","凱基-台北",5,290,-285
"11045","8936國統","110/07/28","永豐金-苓雅",67,0,67
"11046","8936國統","110/07/28","瑞士信貸",0,245,-245
"11047","8936國統","110/07/28","玉山-台南",64,0,64
"11048","8936國統","110/07/28","台灣摩根士丹利",16,176,-160
"11049","8936國統","110/07/28","國票-北高雄",61,1,60
"11050","8936國統","110/07/28","凱基-市政",11,110,-99
"11051","8936國統","110/07/28","玉山-高雄",49,0,49
"11052","8936國統","110/07/28","元大-東蘆",0,82,-82
"11053","8936國統","110/07/28","元大-小港",47,0,47
"11054","8936國統","110/07/28","新加坡商瑞銀",128,205,-77
"11055","8936國統","110/07/28","元大-台中",40,0,40
"11056","8936國統","110/07/28","元大-歸仁",30,75,-45
"11057","8936國統","110/07/28","新光-台中",41,7,34
"11058","8936國統","110/07/28","台新-台中",17,55,-38
"11059","8936國統","110/07/28","元大-豐原站前",32,0,32
"11060","8936國統","110/07/28","康和",20,58,-38
"11061","8936國統","110/07/28","玉山-台中",31,0,31
"11062","8936國統","110/07/28","第一金-新興",0,31,-31
"11063","8936國統","110/07/28","富邦-高雄",26,0,26
"11064","8936國統","110/07/28","元富-松德",0,30,-30
"11065","8936國統","110/07/28","元大-鳳中",30,5,25
"11066","8936國統","110/07/28","元大-中和",2,30,-28
"11067","8936國統","110/07/28","元富-林園",20,0,20
"11068","8936國統","110/07/28","兆豐-嘉義",0,22,-22
"11069","8936國統","110/07/28","兆豐-北高雄",20,0,20
"11070","8936國統","110/07/28","美林",11,32,-21
"11071","6226光鼎","110/07/28","群益金鼎-萬華",147,14,133
"11072","6226光鼎","110/07/28","群益金鼎-敦南",5,282,-277
"11073","6226光鼎","110/07/28","台新-台中",227,114,113
"11074","6226光鼎","110/07/28","華南永昌",19,142,-123
"11075","6226光鼎","110/07/28","摩根大通",109,0,109
"11076","6226光鼎","110/07/28","康和-台北",0,100,-100
"11077","6226光鼎","110/07/28","統一",107,0,107
"11078","6226光鼎","110/07/28","臺銀-民權",4,100,-96
"11079","6226光鼎","110/07/28","凱基-台北",103,1,102
"11080","6226光鼎","110/07/28","元大-潮州",11,102,-91
"11081","6226光鼎","110/07/28","台灣摩根士丹利",104,7,97
"11082","6226光鼎","110/07/28","華南永昌-嘉義",50,130,-80
"11083","6226光鼎","110/07/28","群益金鼎-館前",97,0,97
"11084","6226光鼎","110/07/28","台新證券",79,153,-74
"11085","6226光鼎","110/07/28","國泰-台中",97,20,77
"11086","6226光鼎","110/07/28","玉山-台南",4,74,-70
"11087","6226光鼎","110/07/28","元大-嘉義",83,16,67
"11088","6226光鼎","110/07/28","臺銀-臺中",6,65,-59
"11089","6226光鼎","110/07/28","新光-桃園",69,8,61
"11090","6226光鼎","110/07/28","富邦-仁愛",6,63,-57
"11091","6226光鼎","110/07/28","群益金鼎-三重",59,2,57
"11092","6226光鼎","110/07/28","凱基-大里",0,51,-51
"11093","6226光鼎","110/07/28","日盛-員林",63,12,51
"11094","6226光鼎","110/07/28","國泰-敦南",116,166,-50
"11095","6226光鼎","110/07/28","永豐金-松山",66,20,46
"11096","6226光鼎","110/07/28","元富-中港",2,51,-49
"11097","6226光鼎","110/07/28","統一-內湖",48,7,41
"11098","6226光鼎","110/07/28","群益金鼎-延平",0,49,-49
"11099","6226光鼎","110/07/28","凱基-高美館",51,10,41
"11100","6226光鼎","110/07/28","元大-新竹經國",5,53,-48
"11101","2363矽統","110/07/28","摩根大通",809,282,527
"11102","2363矽統","110/07/28","國泰-敦南",145,861,-716
"11103","2363矽統","110/07/28","美商高盛",532,264,268
"11104","2363矽統","110/07/28","元大-台中",18,384,-366
"11105","2363矽統","110/07/28","台新-三民",263,18,245
"11106","2363矽統","110/07/28","新光",197,525,-328
"11107","2363矽統","110/07/28","台新證券",929,703,226
"11108","2363矽統","110/07/28","群益金鼎-三民",24,266,-242
"11109","2363矽統","110/07/28","第一金-嘉義",154,0,154
"11110","2363矽統","110/07/28","凱基-斗六",0,187,-187
"11111","2363矽統","110/07/28","凱基-台北",1039,889,150
"11112","2363矽統","110/07/28","元大-上新莊",3,134,-131
"11113","2363矽統","110/07/28","永豐金-竹科",132,11,121
"11114","2363矽統","110/07/28","永豐金-彰化",5,134,-129
"11115","2363矽統","110/07/28","華南永昌-鳳山",146,34,112
"11116","2363矽統","110/07/28","日盛-二林",15,142,-127
"11117","2363矽統","110/07/28","第一金-新興",108,1,107
"11118","2363矽統","110/07/28","元大證券",18,125,-107
"11119","2363矽統","110/07/28","港商野村",673,568,105
"11120","2363矽統","110/07/28","新光-台南",25,129,-104
"11121","2363矽統","110/07/28","群益金鼎-桃園",111,11,100
"11122","2363矽統","110/07/28","統一",7,109,-102
"11123","2363矽統","110/07/28","台新-左楠",94,15,79
"11124","2363矽統","110/07/28","康和-南崁",11,108,-97
"11125","2363矽統","110/07/28","新加坡商瑞銀",789,711,78
"11126","2363矽統","110/07/28","國票",25,121,-96
"11127","2363矽統","110/07/28","國票-九鼎",99,26,73
"11128","2363矽統","110/07/28","群益金鼎-敦南",11,107,-96
"11129","2363矽統","110/07/28","兆豐-埔墘",62,0,62
"11130","2363矽統","110/07/28","兆豐-寶成",2,79,-77
"11131","8112至上","110/07/28","摩根大通",630,183,447
"11132","8112至上","110/07/28","永豐金-永康",0,242,-242
"11133","8112至上","110/07/28","合庫證券",317,21,296
"11134","8112至上","110/07/28","高橋",3,222,-219
"11135","8112至上","110/07/28","新加坡商瑞銀",417,132,285
"11136","8112至上","110/07/28","玉山證券",2,206,-204
"11137","8112至上","110/07/28","台灣摩根士丹利",253,58,195
"11138","8112至上","110/07/28","新光",50,206,-156
"11139","8112至上","110/07/28","港商野村",350,164,186
"11140","8112至上","110/07/28","永豐金-苓雅",2,102,-100
"11141","8112至上","110/07/28","美商高盛",184,7,177
"11142","8112至上","110/07/28","凱基-永和",0,80,-80
"11143","8112至上","110/07/28","美林",213,53,160
"11144","8112至上","110/07/28","華南永昌-新莊",60,134,-74
"11145","8112至上","110/07/28","花旗環球",86,16,70
"11146","8112至上","110/07/28","台新-松江",27,90,-63
"11147","8112至上","110/07/28","玉山-板橋",82,17,65
"11148","8112至上","110/07/28","宏遠證券",1,50,-49
"11149","8112至上","110/07/28","凱基-竹科",67,3,64
"11150","8112至上","110/07/28","元大-苑裡",23,72,-49
"11151","8112至上","110/07/28","元大-府城",56,0,56
"11152","8112至上","110/07/28","元大-基隆孝二",5,53,-48
"11153","8112至上","110/07/28","永豐金-內湖",37,0,37
"11154","8112至上","110/07/28","康和-仁愛",5,51,-46
"11155","8112至上","110/07/28","瑞士信貸",58,26,32
"11156","8112至上","110/07/28","台新證券",31,73,-42
"11157","8112至上","110/07/28","元大證券",60,29,31
"11158","8112至上","110/07/28","兆豐-公益",0,40,-40
"11159","8112至上","110/07/28","元富-新店",35,5,30
"11160","8112至上","110/07/28","中國信託-忠孝",1,37,-36
"11161","1570力肯","110/07/28","國泰-敦南",50,0,50
"11162","1570力肯","110/07/28","元大-高雄",0,42,-42
"11163","1570力肯","110/07/28","群益金鼎-高雄",31,0,31
"11164","1570力肯","110/07/28","國票-新莊",0,14,-14
"11165","1570力肯","110/07/28","元富-延平",15,0,15
"11166","1570力肯","110/07/28","凱基-站前",0,10,-10
"11167","1570力肯","110/07/28","(牛牛牛)亞-鑫豐",10,0,10
"11168","1570力肯","110/07/28","凱基-台北",0,10,-10
"11169","1570力肯","110/07/28","元富-緯城",6,0,6
"11170","1570力肯","110/07/28","元大-忠孝",0,10,-10
"11171","1570力肯","110/07/28","合庫-自強",5,0,5
"11172","1570力肯","110/07/28","台灣摩根士丹利",0,9,-9
"11173","1570力肯","110/07/28","臺銀-臺南",4,0,4
"11174","1570力肯","110/07/28","群益金鼎-板橋",0,8,-8
"11175","1570力肯","110/07/28","兆豐-台中港",3,0,3
"11176","1570力肯","110/07/28","永豐金-大園",0,7,-7
"11177","1570力肯","110/07/28","日盛-板橋",2,0,2
"11178","1570力肯","110/07/28","元大-台南",0,5,-5
"11179","1570力肯","110/07/28","統一-松江",2,0,2
"11180","1570力肯","110/07/28","合庫-台中",0,4,-4
"11181","1570力肯","110/07/28","台新-三民",2,0,2
"11182","1570力肯","110/07/28","富邦-板橋",0,3,-3
"11183","1570力肯","110/07/28","群益金鼎-土城",2,0,2
"11184","1570力肯","110/07/28","元大-板橋",0,3,-3
"11185","1570力肯","110/07/28","元大-和平",2,0,2
"11186","1570力肯","110/07/28","統一-桃園",0,2,-2
"11187","1570力肯","110/07/28","元大-土城永寧",2,0,2
"11188","1570力肯","110/07/28","凱基-三多",0,2,-2
"11189","1570力肯","110/07/28","大昌-樹林",1,0,1
"11190","1570力肯","110/07/28","華南永昌-高雄",0,2,-2
"11191","2929淘帝","110/07/28","日盛-八德",40,0,40
"11192","2929淘帝","110/07/28","凱基-林口",0,150,-150
"11193","2929淘帝","110/07/28","玉山-新竹",30,0,30
"11194","2929淘帝","110/07/28","日盛-台中",0,35,-35
"11195","2929淘帝","110/07/28","國泰-松江",33,3,30
"11196","2929淘帝","110/07/28","永豐金-永康",0,21,-21
"11197","2929淘帝","110/07/28","元大-民生",28,0,28
"11198","2929淘帝","110/07/28","新加坡商瑞銀",13,32,-19
"11199","2929淘帝","110/07/28","合庫-高雄",21,0,21
"11200","2929淘帝","110/07/28","國泰-敦南",2,20,-18
"11201","2929淘帝","110/07/28","華南永昌",20,0,20
"11202","2929淘帝","110/07/28","臺銀",2,17,-15
"11203","2929淘帝","110/07/28","台新證券",12,0,12
"11204","2929淘帝","110/07/28","群益金鼎-敦南",0,13,-13
"11205","2929淘帝","110/07/28","第一金-大稻埕",10,0,10
"11206","2929淘帝","110/07/28","富邦-建國",1,13,-12
"11207","2929淘帝","110/07/28","華南永昌-台中",10,0,10
"11208","2929淘帝","110/07/28","元富-城東",0,10,-10
"11209","2929淘帝","110/07/28","元大-士林",10,0,10
"11210","2929淘帝","110/07/28","兆豐-景美",0,8,-8
"11211","2929淘帝","110/07/28","元大-屏南",10,0,10
"11212","2929淘帝","110/07/28","美林",3,10,-7
"11213","2929淘帝","110/07/28","元大-員林",10,0,10
"11214","2929淘帝","110/07/28","元富-彰化",0,7,-7
"11215","2929淘帝","110/07/28","新光-桃園",9,0,9
"11216","2929淘帝","110/07/28","港商法國興業",0,6,-6
"11217","2929淘帝","110/07/28","日盛-景美",7,0,7
"11218","2929淘帝","110/07/28","新光-高雄",0,6,-6
"11219","2929淘帝","110/07/28","玉山證券",7,0,7
"11220","2929淘帝","110/07/28","港商野村",3,8,-5
"11221","5410國眾","110/07/28","兆豐-城中",38,0,38
"11222","5410國眾","110/07/28","兆豐-南門",3,80,-77
"11223","5410國眾","110/07/28","大展",20,0,20
"11224","5410國眾","110/07/28","摩根大通",12,56,-44
"11225","5410國眾","110/07/28","新光-桃園",20,0,20
"11226","5410國眾","110/07/28","凱基-台北",0,28,-28
"11227","5410國眾","110/07/28","凱基-竹北",20,0,20
"11228","5410國眾","110/07/28","亞東-板橋",0,20,-20
"11229","5410國眾","110/07/28","元大-新莊",17,0,17
"11230","5410國眾","110/07/28","統一-新台中",0,20,-20
"11231","5410國眾","110/07/28","新光",20,8,12
"11232","5410國眾","110/07/28","瑞士信貸",0,16,-16
"11233","5410國眾","110/07/28","國泰-敦南",11,0,11
"11234","5410國眾","110/07/28","新加坡商瑞銀",0,15,-15
"11235","5410國眾","110/07/28","日盛-內湖",10,0,10
"11236","5410國眾","110/07/28","統一-金門",0,15,-15
"11237","5410國眾","110/07/28","元富-新竹",10,0,10
"11238","5410國眾","110/07/28","元大-北投",0,12,-12
"11239","5410國眾","110/07/28","群益金鼎-永和",10,0,10
"11240","5410國眾","110/07/28","新百王",0,10,-10
"11241","5410國眾","110/07/28","華南永昌-中正",10,0,10
"11242","5410國眾","110/07/28","元大-館前",0,10,-10
"11243","5410國眾","110/07/28","元大-旗山",10,0,10
"11244","5410國眾","110/07/28","元富-安南",0,9,-9
"11245","5410國眾","110/07/28","元大-大天母",10,0,10
"11246","5410國眾","110/07/28","元大-龍潭",1,10,-9
"11247","5410國眾","110/07/28","大昌",9,0,9
"11248","5410國眾","110/07/28","港商野村",1,7,-6
"11249","5410國眾","110/07/28","臺銀-鳳山",8,0,8
"11250","5410國眾","110/07/28","元大-東泰",0,6,-6
"11251","2841台開","110/07/28","台新-台中",36,0,36
"11252","2841台開","110/07/28","元大-大雅",0,90,-90
"11253","2841台開","110/07/28","群益金鼎-大甲",24,0,24
"11254","2841台開","110/07/28","凱基-台北",0,73,-73
"11255","2841台開","110/07/28","永豐金-敦南",29,8,21
"11256","2841台開","110/07/28","港商野村",0,27,-27
"11257","2841台開","110/07/28","第一金-台中",20,0,20
"11258","2841台開","110/07/28","大慶-富順",0,20,-20
"11259","2841台開","110/07/28","元富-烏日",20,0,20
"11260","2841台開","110/07/28","豐農",0,17,-17
"11261","2841台開","110/07/28","元大-歸仁",20,0,20
"11262","2841台開","110/07/28","元大-大里德芳",0,15,-15
"11263","2841台開","110/07/28","永豐金-豐原",20,0,20
"11264","2841台開","110/07/28","日盛-大墩",0,10,-10
"11265","2841台開","110/07/28","日盛-花蓮",15,0,15
"11266","2841台開","110/07/28","元大-博愛",0,10,-10
"11267","2841台開","110/07/28","大昌-安康",18,3,15
"11268","2841台開","110/07/28","元大-豐原站前",0,10,-10
"11269","2841台開","110/07/28","陽信-石牌",13,0,13
"11270","2841台開","110/07/28","台新證券",6,13,-7
"11271","2841台開","110/07/28","台灣摩根士丹利",10,0,10
"11272","2841台開","110/07/28","台中銀",0,5,-5
"11273","2841台開","110/07/28","台新-高雄",10,0,10
"11274","2841台開","110/07/28","中國信託-中壢",0,5,-5
"11275","2841台開","110/07/28","國泰-忠孝",10,0,10
"11276","2841台開","110/07/28","元大-大同",0,5,-5
"11277","2841台開","110/07/28","元大-竹南",10,0,10
"11278","2841台開","110/07/28","元大-大益",0,4,-4
"11279","2841台開","110/07/28","元大-屏南",9,0,9
"11280","2841台開","110/07/28","元富-松德",0,3,-3
"11281","6207雷科","110/07/28","新加坡商瑞銀",153,44,109
"11282","6207雷科","110/07/28","康和-延平",0,48,-48
"11283","6207雷科","110/07/28","摩根大通",219,131,88
"11284","6207雷科","110/07/28","元富-大昌",0,33,-33
"11285","6207雷科","110/07/28","康和-台中",70,0,70
"11286","6207雷科","110/07/28","聯邦商銀",0,30,-30
"11287","6207雷科","110/07/28","凱基-台北",112,49,63
"11288","6207雷科","110/07/28","兆豐-三民",1,30,-29
"11289","6207雷科","110/07/28","凱基-復興",63,3,60
"11290","6207雷科","110/07/28","元大-龍潭",0,25,-25
"11291","6207雷科","110/07/28","群益金鼎-三民",59,8,51
"11292","6207雷科","110/07/28","宏遠證券",0,23,-23
"11293","6207雷科","110/07/28","永豐金-羅東",50,0,50
"11294","6207雷科","110/07/28","大昌-桃園",15,36,-21
"11295","6207雷科","110/07/28","美林",46,3,43
"11296","6207雷科","110/07/28","國泰-桃園",0,21,-21
"11297","6207雷科","110/07/28","群益金鼎-敦南",51,16,35
"11298","6207雷科","110/07/28","凱基-中壢",0,21,-21
"11299","6207雷科","110/07/28","日盛-忠孝",31,0,31
"11300","6207雷科","110/07/28","富邦-台北",4,24,-20
"11301","6207雷科","110/07/28","港商野村",32,8,24
"11302","6207雷科","110/07/28","臺銀-臺南",0,19,-19
"11303","6207雷科","110/07/28","群益金鼎-東門",22,0,22
"11304","6207雷科","110/07/28","新光",5,24,-19
"11305","6207雷科","110/07/28","統一-高雄",41,20,21
"11306","6207雷科","110/07/28","群益金鼎-大甲",1,20,-19
"11307","6207雷科","110/07/28","群益金鼎-延平",21,0,21
"11308","6207雷科","110/07/28","元大-中壢",10,28,-18
"11309","6207雷科","110/07/28","彰銀-台中",20,0,20
"11310","6207雷科","110/07/28","永豐金-北高雄",3,20,-17
"11311","3679新至陞","110/07/28","華南永昌-淡水",10,0,10
"11312","3679新至陞","110/07/28","瑞士信貸",0,25,-25
"11313","3679新至陞","110/07/28","富邦-嘉義",10,0,10
"11314","3679新至陞","110/07/28","凱基-台北",6,14,-8
"11315","3679新至陞","110/07/28","台中銀-員林",11,2,9
"11316","3679新至陞","110/07/28","美林",5,12,-7
"11317","3679新至陞","110/07/28","大昌-樹林",7,0,7
"11318","3679新至陞","110/07/28","摩根大通",5,11,-6
"11319","3679新至陞","110/07/28","康和-澎湖",5,0,5
"11320","3679新至陞","110/07/28","兆豐-新莊",0,5,-5
"11321","3679新至陞","110/07/28","富邦-台北",5,0,5
"11322","3679新至陞","110/07/28","群益金鼎-新莊",0,5,-5
"11323","3679新至陞","110/07/28","元大-成功",5,0,5
"11324","3679新至陞","110/07/28","台灣摩根士丹利",0,4,-4
"11325","3679新至陞","110/07/28","新加坡商瑞銀",3,0,3
"11326","3679新至陞","110/07/28","日盛-新竹",0,3,-3
"11327","3679新至陞","110/07/28","中國信託-新竹",3,0,3
"11328","3679新至陞","110/07/28","群益金鼎-東門",0,3,-3
"11329","3679新至陞","110/07/28","元大-新莊",3,0,3
"11330","3679新至陞","110/07/28","元大證券",0,3,-3
"11331","3679新至陞","110/07/28","宏遠-光隆",2,0,2
"11332","3679新至陞","110/07/28","元大-忠孝",0,3,-3
"11333","3679新至陞","110/07/28","大慶-蘆洲",2,0,2
"11334","3679新至陞","110/07/28","合庫-西台中",0,2,-2
"11335","3679新至陞","110/07/28","台新-左楠",2,0,2
"11336","3679新至陞","110/07/28","日盛-板橋",0,2,-2
"11337","3679新至陞","110/07/28","群益金鼎-三重",2,0,2
"11338","3679新至陞","110/07/28","國票-桃園",0,2,-2
"11339","3679新至陞","110/07/28","華南永昌-高雄",2,0,2
"11340","3679新至陞","110/07/28","台新-台南",0,2,-2
"11341","2727王品","110/07/28","凱基-台北",139,50,89
"11342","2727王品","110/07/28","新光-台中",9,68,-59
"11343","2727王品","110/07/28","美林",77,10,67
"11344","2727王品","110/07/28","瑞士信貸",16,54,-38
"11345","2727王品","110/07/28","港商野村",118,64,54
"11346","2727王品","110/07/28","華南永昌",4,41,-37
"11347","2727王品","110/07/28","國泰-敦南",51,30,21
"11348","2727王品","110/07/28","美商高盛",2,30,-28
"11349","2727王品","110/07/28","新加坡商瑞銀",58,38,20
"11350","2727王品","110/07/28","富邦-板橋",17,38,-21
"11351","2727王品","110/07/28","永豐金-中盛",24,4,20
"11352","2727王品","110/07/28","富邦-竹北",0,20,-20
"11353","2727王品","110/07/28","元大-南崁",20,2,18
"11354","2727王品","110/07/28","元大-小港",1,21,-20
"11355","2727王品","110/07/28","摩根大通",48,32,16
"11356","2727王品","110/07/28","凱基",0,18,-18
"11357","2727王品","110/07/28","臺銀-高雄",14,0,14
"11358","2727王品","110/07/28","統一",15,31,-16
"11359","2727王品","110/07/28","永豐金-桃盛",19,5,14
"11360","2727王品","110/07/28","國泰-台中",12,28,-16
"11361","2727王品","110/07/28","凱基-內湖",13,0,13
"11362","2727王品","110/07/28","元大-台中",7,22,-15
"11363","2727王品","110/07/28","永豐金-中正",15,2,13
"11364","2727王品","110/07/28","華南永昌-麻豆",0,14,-14
"11365","2727王品","110/07/28","富邦-建國",18,7,11
"11366","2727王品","110/07/28","永豐金-豐原",1,15,-14
"11367","2727王品","110/07/28","富邦-陽明",15,5,10
"11368","2727王品","110/07/28","國票-內壢",1,14,-13
"11369","2727王品","110/07/28","元大-南京",10,0,10
"11370","2727王品","110/07/28","永豐金證券",2,15,-13
"11371","1570力肯","110/07/28","國泰-敦南",50,0,50
"11372","1570力肯","110/07/28","元大-高雄",0,42,-42
"11373","1570力肯","110/07/28","群益金鼎-高雄",31,0,31
"11374","1570力肯","110/07/28","國票-新莊",0,14,-14
"11375","1570力肯","110/07/28","元富-延平",15,0,15
"11376","1570力肯","110/07/28","凱基-站前",0,10,-10
"11377","1570力肯","110/07/28","(牛牛牛)亞-鑫豐",10,0,10
"11378","1570力肯","110/07/28","凱基-台北",0,10,-10
"11379","1570力肯","110/07/28","元富-緯城",6,0,6
"11380","1570力肯","110/07/28","元大-忠孝",0,10,-10
"11381","1570力肯","110/07/28","合庫-自強",5,0,5
"11382","1570力肯","110/07/28","台灣摩根士丹利",0,9,-9
"11383","1570力肯","110/07/28","臺銀-臺南",4,0,4
"11384","1570力肯","110/07/28","群益金鼎-板橋",0,8,-8
"11385","1570力肯","110/07/28","兆豐-台中港",3,0,3
"11386","1570力肯","110/07/28","永豐金-大園",0,7,-7
"11387","1570力肯","110/07/28","日盛-板橋",2,0,2
"11388","1570力肯","110/07/28","元大-台南",0,5,-5
"11389","1570力肯","110/07/28","統一-松江",2,0,2
"11390","1570力肯","110/07/28","合庫-台中",0,4,-4
"11391","1570力肯","110/07/28","台新-三民",2,0,2
"11392","1570力肯","110/07/28","富邦-板橋",0,3,-3
"11393","1570力肯","110/07/28","群益金鼎-土城",2,0,2
"11394","1570力肯","110/07/28","元大-板橋",0,3,-3
"11395","1570力肯","110/07/28","元大-和平",2,0,2
"11396","1570力肯","110/07/28","統一-桃園",0,2,-2
"11397","1570力肯","110/07/28","元大-土城永寧",2,0,2
"11398","1570力肯","110/07/28","凱基-三多",0,2,-2
"11399","1570力肯","110/07/28","大昌-樹林",1,0,1
"11400","1570力肯","110/07/28","華南永昌-高雄",0,2,-2
"11401","6180橘子","110/07/28","凱基-台北",152,85,67
"11402","6180橘子","110/07/28","摩根大通",20,92,-72
"11403","6180橘子","110/07/28","新光",57,18,39
"11404","6180橘子","110/07/28","大慶-台中",0,33,-33
"11405","6180橘子","110/07/28","美商高盛",49,12,37
"11406","6180橘子","110/07/28","兆豐證券",0,25,-25
"11407","6180橘子","110/07/28","第一金-安和",20,0,20
"11408","6180橘子","110/07/28","元大-上新莊",0,22,-22
"11409","6180橘子","110/07/28","元富-桃園",20,0,20
"11410","6180橘子","110/07/28","新加坡商瑞銀",23,44,-21
"11411","6180橘子","110/07/28","第一金-員林",19,0,19
"11412","6180橘子","110/07/28","富邦-內湖",0,21,-21
"11413","6180橘子","110/07/28","富邦-嘉義",22,4,18
"11414","6180橘子","110/07/28","第一金-新興",0,20,-20
"11415","6180橘子","110/07/28","統一-嘉義",16,0,16
"11416","6180橘子","110/07/28","臺銀-臺南",5,22,-17
"11417","6180橘子","110/07/28","國票-九鼎",15,0,15
"11418","6180橘子","110/07/28","第一金-忠孝",0,10,-10
"11419","6180橘子","110/07/28","華南永昌-朴子",14,0,14
"11420","6180橘子","110/07/28","元富-屏東",0,10,-10
"11421","6180橘子","110/07/28","群益金鼎-台南",13,0,13
"11422","6180橘子","110/07/28","凱基-八德",1,11,-10
"11423","6180橘子","110/07/28","富邦-建國",13,1,12
"11424","6180橘子","110/07/28","元大-和平",1,11,-10
"11425","6180橘子","110/07/28","富邦-板橋",16,5,11
"11426","6180橘子","110/07/28","元大-台中中港",0,10,-10
"11427","6180橘子","110/07/28","元富-新店",10,0,10
"11428","6180橘子","110/07/28","元大-南屯",0,9,-9
"11429","6180橘子","110/07/28","元大-台南",10,0,10
"11430","6180橘子","110/07/28","永豐金-屏東",0,9,-9
"11431","2390云辰","110/07/28","摩根大通",1589,780,809
"11432","2390云辰","110/07/28","華南永昌-鳳山",34,290,-256
"11433","2390云辰","110/07/28","凱基-台北",457,300,157
"11434","2390云辰","110/07/28","凱基-基隆",0,224,-224
"11435","2390云辰","110/07/28","美林",330,206,124
"11436","2390云辰","110/07/28","元富-高雄",56,177,-121
"11437","2390云辰","110/07/28","元富-同大",159,35,124
"11438","2390云辰","110/07/28","元富-中港",1,100,-99
"11439","2390云辰","110/07/28","台灣摩根士丹利",193,71,122
"11440","2390云辰","110/07/28","兆豐-公益",4,100,-96
"11441","2390云辰","110/07/28","元大-前金",150,49,101
"11442","2390云辰","110/07/28","統一-新台中",180,274,-94
"11443","2390云辰","110/07/28","永豐金-鳳山",110,18,92
"11444","2390云辰","110/07/28","日盛-新莊",4,76,-72
"11445","2390云辰","110/07/28","元大-林園",99,11,88
"11446","2390云辰","110/07/28","永豐金-新店",0,57,-57
"11447","2390云辰","110/07/28","元大-信義",121,35,86
"11448","2390云辰","110/07/28","華南永昌-內壢",0,56,-56
"11449","2390云辰","110/07/28","美商高盛",206,123,83
"11450","2390云辰","110/07/28","第一金-豐原",9,63,-54
"11451","2390云辰","110/07/28","統一-城中",101,37,64
"11452","2390云辰","110/07/28","華南永昌-中正",13,67,-54
"11453","2390云辰","110/07/28","元大-竹山",75,20,55
"11454","2390云辰","110/07/28","元大-大益",7,59,-52
"11455","2390云辰","110/07/28","豐農",79,25,54
"11456","2390云辰","110/07/28","大慶",0,50,-50
"11457","2390云辰","110/07/28","新加坡商瑞銀",68,15,53
"11458","2390云辰","110/07/28","凱基-豐中",3,49,-46
"11459","2390云辰","110/07/28","統一-屏東",54,5,49
"11460","2390云辰","110/07/28","元大-彰化民生",7,51,-44
"11461","1471首利","110/07/27","永全-八德",50,0,50
"11462","1471首利","110/07/27","國票-九鼎",0,306,-306
"11463","1471首利","110/07/27","中國信託-松江",48,0,48
"11464","1471首利","110/07/27","兆豐-天母",1,115,-114
"11465","1471首利","110/07/27","富邦-嘉義",40,0,40
"11466","1471首利","110/07/27","美林",0,42,-42
"11467","1471首利","110/07/27","富邦-台南",33,0,33
"11468","1471首利","110/07/27","摩根大通",45,75,-30
"11469","1471首利","110/07/27","(牛牛牛)亞-鑫豐",32,0,32
"11470","1471首利","110/07/27","凱基-八德",0,30,-30
"11471","1471首利","110/07/27","台灣企銀-太平",25,0,25
"11472","1471首利","110/07/27","中國信託-高雄",0,25,-25
"11473","1471首利","110/07/27","群益金鼎-台中",23,0,23
"11474","1471首利","110/07/27","統一-新台中",0,24,-24
"11475","1471首利","110/07/27","元富-潮州",20,0,20
"11476","1471首利","110/07/27","聯邦-高雄",0,21,-21
"11477","1471首利","110/07/27","凱基-信義",20,0,20
"11478","1471首利","110/07/27","德信-中正",0,20,-20
"11479","1471首利","110/07/27","富邦-基隆",26,8,18
"11480","1471首利","110/07/27","元大-福營",3,20,-17
"11481","1471首利","110/07/27","日盛-高雄",17,0,17
"11482","1471首利","110/07/27","凱基-宜蘭",0,16,-16
"11483","1471首利","110/07/27","國泰-敦南",16,2,14
"11484","1471首利","110/07/27","凱基-天母",0,15,-15
"11485","1471首利","110/07/27","元大-大甲",13,0,13
"11486","1471首利","110/07/27","第一金-高雄",6,20,-14
"11487","1471首利","110/07/27","合庫-鳳山",12,0,12
"11488","1471首利","110/07/27","元大-中壢",0,13,-13
"11489","1471首利","110/07/27","日盛-大墩",12,0,12
"11490","1471首利","110/07/27","元富-安南",0,12,-12
"11491","2883開發金","110/07/27","元富",1762,67,1695
"11492","2883開發金","110/07/27","美林",0,11931,-11931
"11493","2883開發金","110/07/27","福邦證券",1450,0,1450
"11494","2883開發金","110/07/27","新加坡商瑞銀",1513,8370,-6857
"11495","2883開發金","110/07/27","凱基",1422,0,1422
"11496","2883開發金","110/07/27","凱基-台北",1081,5265,-4184
"11497","2883開發金","110/07/27","瑞士信貸",2044,731,1313
"11498","2883開發金","110/07/27","摩根大通",612,3392,-2780
"11499","2883開發金","110/07/27","台灣摩根士丹利",2112,921,1191
"11500","2883開發金","110/07/27","統一-仁愛",31,2002,-1971
"11501","2883開發金","110/07/27","新光",1474,461,1013
"11502","2883開發金","110/07/27","兆豐證券",192,1910,-1718
"11503","2883開發金","110/07/27","國票-長城",1003,20,983
"11504","2883開發金","110/07/27","(牛牛牛)亞-鑫豐",276,1815,-1539
"11505","2883開發金","110/07/27","台新證券",1207,362,845
"11506","2883開發金","110/07/27","永豐金-板橋",197,1610,-1413
"11507","2883開發金","110/07/27","港商野村",2209,1498,711
"11508","2883開發金","110/07/27","美商高盛",16,1337,-1321
"11509","2883開發金","110/07/27","永豐金-彰化",680,26,654
"11510","2883開發金","110/07/27","兆豐-北高雄",60,1360,-1300
"11511","2883開發金","110/07/27","台新-高雄",918,265,653
"11512","2883開發金","110/07/27","兆豐-景美",26,1070,-1044
"11513","2883開發金","110/07/27","國泰-敦南",1273,634,639
"11514","2883開發金","110/07/27","亞東-新竹",7,1001,-994
"11515","2883開發金","110/07/27","元大證券",876,246,630
"11516","2883開發金","110/07/27","富邦-羅東",201,1098,-897
"11517","2883開發金","110/07/27","致和證券",684,92,592
"11518","2883開發金","110/07/27","統一",159,811,-652
"11519","2883開發金","110/07/27","元大-民生",550,2,548
"11520","2883開發金","110/07/27","香港上海匯豐",0,584,-584
"11521","6205詮欣","110/07/27","土銀-和平",20,0,20
"11522","6205詮欣","110/07/27","摩根大通",3,22,-19
"11523","6205詮欣","110/07/27","臺銀-民權",20,6,14
"11524","6205詮欣","110/07/27","瑞士信貸",5,16,-11
"11525","6205詮欣","110/07/27","台新證券",5,0,5
"11526","6205詮欣","110/07/27","臺銀-鳳山",0,6,-6
"11527","6205詮欣","110/07/27","華南永昌-小港",5,0,5
"11528","6205詮欣","110/07/27","臺銀-新竹",0,5,-5
"11529","6205詮欣","110/07/27","日盛-新莊",4,0,4
"11530","6205詮欣","110/07/27","國票-和平",0,4,-4
"11531","6205詮欣","110/07/27","元富-三重",4,0,4
"11532","6205詮欣","110/07/27","凱基-東門",0,4,-4
"11533","6205詮欣","110/07/27","致和-佳里",4,1,3
"11534","6205詮欣","110/07/27","富邦-花蓮",0,3,-3
"11535","6205詮欣","110/07/27","華南永昌-岡山",3,0,3
"11536","6205詮欣","110/07/27","元大-北投",0,3,-3
"11537","6205詮欣","110/07/27","元大-成功",3,0,3
"11538","6205詮欣","110/07/27","元大-民生",2,5,-3
"11539","6205詮欣","110/07/27","土銀-嘉義",2,0,2
"11540","6205詮欣","110/07/27","日盛-三重",0,2,-2
"11541","6205詮欣","110/07/27","第一金-光復",2,0,2
"11542","6205詮欣","110/07/27","日盛-北高雄",0,2,-2
"11543","6205詮欣","110/07/27","統一-屏東",2,0,2
"11544","6205詮欣","110/07/27","港商野村",0,2,-2
"11545","6205詮欣","110/07/27","元富-新莊",2,0,2
"11546","6205詮欣","110/07/27","統一-彰化",0,2,-2
"11547","6205詮欣","110/07/27","兆豐-竹北",2,0,2
"11548","6205詮欣","110/07/27","永全",0,2,-2
"11549","6205詮欣","110/07/27","新光",2,0,2
"11550","6205詮欣","110/07/27","兆豐-西螺",0,2,-2
"11551","1540喬福","110/07/27","富邦-員林",10,0,10
"11552","1540喬福","110/07/27","合庫-台中",0,26,-26
"11553","1540喬福","110/07/27","元大-中壢",10,0,10
"11554","1540喬福","110/07/27","統一-新台中",0,25,-25
"11555","1540喬福","110/07/27","凱基-台中",8,0,8
"11556","1540喬福","110/07/27","元大-斗六",0,10,-10
"11557","1540喬福","110/07/27","大慶-中壢",5,0,5
"11558","1540喬福","110/07/27","凱基-中港",0,9,-9
"11559","1540喬福","110/07/27","兆豐-北高雄",5,0,5
"11560","1540喬福","110/07/27","國票-中正",0,8,-8
"11561","1540喬福","110/07/27","兆豐-三民",5,0,5
"11562","1540喬福","110/07/27","臺銀-臺中",0,5,-5
"11563","1540喬福","110/07/27","台新-台中",5,0,5
"11564","1540喬福","110/07/27","元富-中原",0,5,-5
"11565","1540喬福","110/07/27","國票-九鼎",4,0,4
"11566","1540喬福","110/07/27","新光-桃園",0,5,-5
"11567","1540喬福","110/07/27","富邦-高雄",5,1,4
"11568","1540喬福","110/07/27","大昌-新竹",0,4,-4
"11569","1540喬福","110/07/27","永豐金-羅東",4,0,4
"11570","1540喬福","110/07/27","元大-員林中山",0,4,-4
"11571","1540喬福","110/07/27","台新證券",3,0,3
"11572","1540喬福","110/07/27","群益金鼎-瑞豐",0,3,-3
"11573","1540喬福","110/07/27","華南永昌-台中",3,0,3
"11574","1540喬福","110/07/27","凱基-台北",0,3,-3
"11575","1540喬福","110/07/27","富邦-台東",3,0,3
"11576","1540喬福","110/07/27","富邦-建國",0,3,-3
"11577","1540喬福","110/07/27","元大-台中中港",3,0,3
"11578","1540喬福","110/07/27","國票-北投",0,2,-2
"11579","1540喬福","110/07/27","亞東",2,0,2
"11580","1540喬福","110/07/27","元大-鳳山",0,2,-2
"11581","2888新光金","110/07/27","台灣摩根士丹利",11737,746,10991
"11582","2888新光金","110/07/27","玉山-城中",112,6002,-5890
"11583","2888新光金","110/07/27","美林",3692,417,3275
"11584","2888新光金","110/07/27","新加坡商瑞銀",120,5935,-5815
"11585","2888新光金","110/07/27","凱基-台北",4378,2713,1665
"11586","2888新光金","110/07/27","摩根大通",1586,7187,-5601
"11587","2888新光金","110/07/27","凱基-台南",1551,3,1548
"11588","2888新光金","110/07/27","富邦-建國",298,5641,-5343
"11589","2888新光金","110/07/27","台新證券",1494,124,1370
"11590","2888新光金","110/07/27","第一金-高雄",81,5014,-4933
"11591","2888新光金","110/07/27","新光",2434,1212,1222
"11592","2888新光金","110/07/27","瑞士信貸",191,4524,-4333
"11593","2888新光金","110/07/27","元大-四維",1246,25,1221
"11594","2888新光金","110/07/27","兆豐-鹿港",45,2632,-2587
"11595","2888新光金","110/07/27","富隆-長安",1070,0,1070
"11596","2888新光金","110/07/27","國票-彰化",3,1803,-1800
"11597","2888新光金","110/07/27","永豐金-萬盛",1052,0,1052
"11598","2888新光金","110/07/27","港商野村",0,1434,-1434
"11599","2888新光金","110/07/27","法銀巴黎",1116,120,996
"11600","2888新光金","110/07/27","統一-高雄",173,1511,-1338
"11601","2888新光金","110/07/27","凱基-竹科",853,4,849
"11602","2888新光金","110/07/27","群益金鼎-古亭",40,1202,-1162
"11603","2888新光金","110/07/27","元大-斗信",874,50,824
"11604","2888新光金","110/07/27","日盛-樹林",34,1034,-1000
"11605","2888新光金","110/07/27","日盛-景美",811,119,692
"11606","2888新光金","110/07/27","統一-土城",18,1000,-982
"11607","2888新光金","110/07/27","元富-世貿",568,2,566
"11608","2888新光金","110/07/27","元大-鹿港",125,1057,-932
"11609","2888新光金","110/07/27","日盛-雙和",567,2,565
"11610","2888新光金","110/07/27","新光-桃園",91,993,-902
"11611","1340勝悅","110/07/27","亞東-台中",15,0,15
"11612","1340勝悅","110/07/27","凱基-岡山",0,25,-25
"11613","1340勝悅","110/07/27","元大-路竹",15,0,15
"11614","1340勝悅","110/07/27","合庫-嘉義",0,14,-14
"11615","1340勝悅","110/07/27","臺銀-臺中",7,0,7
"11616","1340勝悅","110/07/27","元大-北港",0,14,-14
"11617","1340勝悅","110/07/27","台新-台中",7,0,7
"11618","1340勝悅","110/07/27","凱基-台北",0,12,-12
"11619","1340勝悅","110/07/27","元大-屏南",6,0,6
"11620","1340勝悅","110/07/27","兆豐-三民",0,7,-7
"11621","1340勝悅","110/07/27","臺灣企銀-埔墘",5,0,5
"11622","1340勝悅","110/07/27","華南永昌-台中",1,7,-6
"11623","1340勝悅","110/07/27","日盛-板橋",5,0,5
"11624","1340勝悅","110/07/27","日盛-信義",0,5,-5
"11625","1340勝悅","110/07/27","日盛-新莊",5,0,5
"11626","1340勝悅","110/07/27","德信-和平",0,5,-5
"11627","1340勝悅","110/07/27","臺銀-鳳山",4,0,4
"11628","1340勝悅","110/07/27","台新證券",0,5,-5
"11629","1340勝悅","110/07/27","玉山-城中",4,0,4
"11630","1340勝悅","110/07/27","新光-高雄",0,4,-4
"11631","1340勝悅","110/07/27","美商高盛",3,0,3
"11632","1340勝悅","110/07/27","瑞士信貸",0,2,-2
"11633","1340勝悅","110/07/27","(牛牛牛)亞-鑫豐",3,0,3
"11634","1340勝悅","110/07/27","港商野村",0,2,-2
"11635","1340勝悅","110/07/27","國票-長城",2,0,2
"11636","1340勝悅","110/07/27","台新-高雄",1,3,-2
"11637","1340勝悅","110/07/27","新光",2,0,2
"11638","1340勝悅","110/07/27","玉山證券",0,2,-2
"11639","1340勝悅","110/07/27","群益金鼎-館前",2,0,2
"11640","1340勝悅","110/07/27","玉山-南京東路",0,2,-2
"11641","6246臺龍","110/07/27","永豐金-桃園",135,0,135
"11642","6246臺龍","110/07/27","元大-木柵",0,59,-59
"11643","6246臺龍","110/07/27","港商野村",111,30,81
"11644","6246臺龍","110/07/27","日盛-景美",0,52,-52
"11645","6246臺龍","110/07/27","元大-西螺",31,0,31
"11646","6246臺龍","110/07/27","華南永昌-彰化",0,46,-46
"11647","6246臺龍","110/07/27","群益金鼎-鳳山",27,0,27
"11648","6246臺龍","110/07/27","兆豐-松德",0,43,-43
"11649","6246臺龍","110/07/27","永豐金-虎尾",27,0,27
"11650","6246臺龍","110/07/27","華南永昌-公誠",5,35,-30
"11651","6246臺龍","110/07/27","玉山-台南",28,2,26
"11652","6246臺龍","110/07/27","凱基-幸福",0,28,-28
"11653","6246臺龍","110/07/27","元大-西屯",25,0,25
"11654","6246臺龍","110/07/27","元富-安南",0,22,-22
"11655","6246臺龍","110/07/27","國泰-忠孝",23,0,23
"11656","6246臺龍","110/07/27","日盛-文化",0,20,-20
"11657","6246臺龍","110/07/27","元大-大里",21,0,21
"11658","6246臺龍","110/07/27","兆豐-寶成",0,20,-20
"11659","6246臺龍","110/07/27","兆豐-竹北",20,0,20
"11660","6246臺龍","110/07/27","華南永昌-虎尾",0,20,-20
"11661","6246臺龍","110/07/27","元大-員林",20,0,20
"11662","6246臺龍","110/07/27","永豐金-埔里",0,19,-19
"11663","6246臺龍","110/07/27","永豐金-敦南",20,0,20
"11664","6246臺龍","110/07/27","兆豐-新營",2,20,-18
"11665","6246臺龍","110/07/27","永豐金-羅東",23,5,18
"11666","6246臺龍","110/07/27","新光-台中",3,20,-17
"11667","6246臺龍","110/07/27","永豐金-桃盛",18,0,18
"11668","6246臺龍","110/07/27","凱基-市政",0,17,-17
"11669","6246臺龍","110/07/27","統一",16,0,16
"11670","6246臺龍","110/07/27","元大-蘆洲",0,16,-16
"11671","00715L期街口布蘭特正2","110/07/27","元大證券",10436,28,10408
"11672","00715L期街口布蘭特正2","110/07/27","元大-萬華",0,751,-751
"11673","00715L期街口布蘭特正2","110/07/27","凱基-台北",4269,129,4140
"11674","00715L期街口布蘭特正2","110/07/27","元大-大里德芳",0,734,-734
"11675","00715L期街口布蘭特正2","110/07/27","群益金鼎",3798,0,3798
"11676","00715L期街口布蘭特正2","110/07/27","新光",380,1105,-725
"11677","00715L期街口布蘭特正2","110/07/27","永豐金證券",2610,22,2588
"11678","00715L期街口布蘭特正2","110/07/27","(牛牛牛)亞-網路",10,697,-687
"11679","00715L期街口布蘭特正2","110/07/27","國票",2605,21,2584
"11680","00715L期街口布蘭特正2","110/07/27","日盛-新莊",5,550,-545
"11681","00715L期街口布蘭特正2","110/07/27","富邦證券",1522,0,1522
"11682","00715L期街口布蘭特正2","110/07/27","玉山-高雄",7,494,-487
"11683","00715L期街口布蘭特正2","110/07/27","合庫證券",1507,239,1268
"11684","00715L期街口布蘭特正2","110/07/27","華南永昌",1,471,-470
"11685","00715L期街口布蘭特正2","110/07/27","元富",1102,0,1102
"11686","00715L期街口布蘭特正2","110/07/27","華南永昌-竹北",0,469,-469
"11687","00715L期街口布蘭特正2","110/07/27","凱基",980,0,980
"11688","00715L期街口布蘭特正2","110/07/27","兆豐-嘉義",0,420,-420
"11689","00715L期街口布蘭特正2","110/07/27","國票-博愛",702,0,702
"11690","00715L期街口布蘭特正2","110/07/27","國票-九鼎",0,409,-409
"11691","00715L期街口布蘭特正2","110/07/27","統一",796,117,679
"11692","00715L期街口布蘭特正2","110/07/27","統一-高雄",0,405,-405
"11693","00715L期街口布蘭特正2","110/07/27","華南永昌-長虹",810,185,625
"11694","00715L期街口布蘭特正2","110/07/27","富邦-彰化",0,402,-402
"11695","00715L期街口布蘭特正2","110/07/27","港商野村",1076,494,582
"11696","00715L期街口布蘭特正2","110/07/27","元大-羅東",0,400,-400
"11697","00715L期街口布蘭特正2","110/07/27","永豐金-三重",500,16,484
"11698","00715L期街口布蘭特正2","110/07/27","富邦-高雄",0,398,-398
"11699","00715L期街口布蘭特正2","110/07/27","元大-敦化",420,0,420
"11700","00715L期街口布蘭特正2","110/07/27","新光-台中",17,391,-374
"11701","8941關中","110/07/27","富邦-仁愛",4,0,4
"11702","8941關中","110/07/27","光和-溪湖",0,2,-2
"11703","8941關中","110/07/27","日盛-新莊",1,0,1
"11704","8941關中","110/07/27","富邦-園區",0,2,-2
"11705","8941關中","110/07/27","台新-高雄",1,0,1
"11706","8941關中","110/07/27","合庫-高雄",0,1,-1
"11707","8941關中","110/07/27","元大-金華",1,0,1
"11708","8941關中","110/07/27","凱基-台北",0,1,-1
"11709","8941關中","110/07/27","臺銀-鳳山",0,0,0
"11710","8941關中","110/07/27","富邦-台東",0,1,-1
"11711","8941關中","110/07/27","日盛-花蓮",0,0,0
"11712","8941關中","110/07/27","臺銀-鳳山",0,0,0
"11713","8941關中","110/07/27","康和-板橋",0,0,0
"11714","8941關中","110/07/27","日盛-花蓮",0,0,0
"11715","8941關中","110/07/27","富邦-宜蘭",0,0,0
"11716","8941關中","110/07/27","康和-板橋",0,0,0
"11717","8941關中","110/07/27","元大-新竹經國",0,0,0
"11718","8941關中","110/07/27","富邦-宜蘭",0,0,0
"11719","8941關中","110/07/27","永豐金-萬盛",0,0,0
"11720","8941關中","110/07/27","元大-新竹經國",0,0,0
"11721","8941關中","110/07/27","永豐金-桃盛",0,0,0
"11722","8941關中","110/07/27","永豐金-萬盛",0,0,0
"11723","8941關中","110/07/27","",NA,NA,NA
"11724","8941關中","110/07/27","永豐金-桃盛",0,0,0
"11725","8941關中","110/07/27","",NA,NA,NA
"11726","8941關中","110/07/27","",NA,NA,NA
"11727","8941關中","110/07/27","",NA,NA,NA
"11728","8941關中","110/07/27","",NA,NA,NA
"11729","8941關中","110/07/27","",NA,NA,NA
"11730","8941關中","110/07/27","",NA,NA,NA
"11731","8936國統","110/07/27","日盛-景美",100,0,100
"11732","8936國統","110/07/27","摩根大通",115,220,-105
"11733","8936國統","110/07/27","大慶-蘆洲",90,0,90
"11734","8936國統","110/07/27","玉山-桃園",0,75,-75
"11735","8936國統","110/07/27","台新-建北",60,0,60
"11736","8936國統","110/07/27","凱基-台北",13,77,-64
"11737","8936國統","110/07/27","日盛-忠孝",40,1,39
"11738","8936國統","110/07/27","元富-大昌",2,50,-48
"11739","8936國統","110/07/27","新加坡商瑞銀",109,71,38
"11740","8936國統","110/07/27","華南永昌-台中",4,45,-41
"11741","8936國統","110/07/27","華南永昌",30,0,30
"11742","8936國統","110/07/27","新光-台中",26,66,-40
"11743","8936國統","110/07/27","兆豐-來福",29,0,29
"11744","8936國統","110/07/27","台灣摩根士丹利",20,54,-34
"11745","8936國統","110/07/27","元大-旗山",28,0,28
"11746","8936國統","110/07/27","元大-東蘆",0,34,-34
"11747","8936國統","110/07/27","元大-松江",27,0,27
"11748","8936國統","110/07/27","富邦-仁愛",1,34,-33
"11749","8936國統","110/07/27","新光",41,19,22
"11750","8936國統","110/07/27","凱基-板橋",0,31,-31
"11751","8936國統","110/07/27","元富-林園",20,0,20
"11752","8936國統","110/07/27","凱基-信義",0,30,-30
"11753","8936國統","110/07/27","玉山-高雄",20,0,20
"11754","8936國統","110/07/27","瑞士信貸",1,30,-29
"11755","8936國統","110/07/27","凱基-桃園",23,3,20
"11756","8936國統","110/07/27","元大-花蓮",2,24,-22
"11757","8936國統","110/07/27","永豐金-永康",20,0,20
"11758","8936國統","110/07/27","元富-緯城",0,20,-20
"11759","8936國統","110/07/27","日盛-屏東",23,4,19
"11760","8936國統","110/07/27","群益金鼎-宜蘭",0,20,-20
"11761","6226光鼎","110/07/27","第一金-忠孝",405,4,401
"11762","6226光鼎","110/07/27","華南永昌-台南",5,240,-235
"11763","6226光鼎","110/07/27","台新-台中",272,75,197
"11764","6226光鼎","110/07/27","大慶-泰山",0,201,-201
"11765","6226光鼎","110/07/27","凱基-和平",155,7,148
"11766","6226光鼎","110/07/27","富邦-員林",2,151,-149
"11767","6226光鼎","110/07/27","新加坡商瑞銀",133,0,133
"11768","6226光鼎","110/07/27","群益金鼎-東大",23,165,-142
"11769","6226光鼎","110/07/27","統一-敦南",126,3,123
"11770","6226光鼎","110/07/27","元大-景美",3,132,-129
"11771","6226光鼎","110/07/27","台灣摩根士丹利",129,8,121
"11772","6226光鼎","110/07/27","台新-高雄",84,186,-102
"11773","6226光鼎","110/07/27","統一-新竹",117,1,116
"11774","6226光鼎","110/07/27","合庫證券",27,121,-94
"11775","6226光鼎","110/07/27","日盛證券",122,13,109
"11776","6226光鼎","110/07/27","致和-佳里",5,81,-76
"11777","6226光鼎","110/07/27","元大-潮州",101,1,100
"11778","6226光鼎","110/07/27","永豐金-南投",3,77,-74
"11779","6226光鼎","110/07/27","國泰-敦南",232,145,87
"11780","6226光鼎","110/07/27","台新-新莊",1,57,-56
"11781","6226光鼎","110/07/27","摩根大通",86,0,86
"11782","6226光鼎","110/07/27","日盛-中壢",11,64,-53
"11783","6226光鼎","110/07/27","元富",80,0,80
"11784","6226光鼎","110/07/27","日進",11,63,-52
"11785","6226光鼎","110/07/27","華南永昌-嘉義",80,1,79
"11786","6226光鼎","110/07/27","高橋",13,64,-51
"11787","6226光鼎","110/07/27","元大-高雄",70,3,67
"11788","6226光鼎","110/07/27","元大-土城",1,52,-51
"11789","6226光鼎","110/07/27","華南永昌",82,21,61
"11790","6226光鼎","110/07/27","華南永昌-林口",11,60,-49
"11791","2363矽統","110/07/27","國泰-敦南",541,118,423
"11792","2363矽統","110/07/27","摩根大通",317,1405,-1088
"11793","2363矽統","110/07/27","台新證券",564,333,231
"11794","2363矽統","110/07/27","美林",210,1095,-885
"11795","2363矽統","110/07/27","元大-沙鹿",196,9,187
"11796","2363矽統","110/07/27","港商野村",275,1065,-790
"11797","2363矽統","110/07/27","新光",300,151,149
"11798","2363矽統","110/07/27","凱基-台北",518,1192,-674
"11799","2363矽統","110/07/27","華南永昌-台南",108,3,105
"11800","2363矽統","110/07/27","新加坡商瑞銀",213,703,-490
"11801","2363矽統","110/07/27","華南永昌-朴子",140,43,97
"11802","2363矽統","110/07/27","富邦-南屯",6,272,-266
"11803","2363矽統","110/07/27","華南永昌-公誠",109,13,96
"11804","2363矽統","110/07/27","美商高盛",31,233,-202
"11805","2363矽統","110/07/27","元富-松德",95,1,94
"11806","2363矽統","110/07/27","元大證券",38,235,-197
"11807","2363矽統","110/07/27","中國信託-永康",102,8,94
"11808","2363矽統","110/07/27","永豐金證券",15,201,-186
"11809","2363矽統","110/07/27","台新-三民",111,21,90
"11810","2363矽統","110/07/27","亞東",46,206,-160
"11811","2363矽統","110/07/27","凱基-中港",85,3,82
"11812","2363矽統","110/07/27","群益金鼎",21,169,-148
"11813","2363矽統","110/07/27","元富-烏日",87,6,81
"11814","2363矽統","110/07/27","第一金-嘉義",0,100,-100
"11815","2363矽統","110/07/27","富邦-台北",135,56,79
"11816","2363矽統","110/07/27","凱基-彰化",9,100,-91
"11817","2363矽統","110/07/27","元大-復北",81,12,69
"11818","2363矽統","110/07/27","元富-佳里",27,97,-70
"11819","2363矽統","110/07/27","中國信託-忠孝",94,26,68
"11820","2363矽統","110/07/27","合庫-桃園",8,76,-68
"11821","8112至上","110/07/27","凱基-竹科",300,10,290
"11822","8112至上","110/07/27","凱基-三重",1,501,-500
"11823","8112至上","110/07/27","台灣摩根士丹利",271,49,222
"11824","8112至上","110/07/27","美林",21,339,-318
"11825","8112至上","110/07/27","摩根大通",488,427,61
"11826","8112至上","110/07/27","凱基-台北",423,615,-192
"11827","8112至上","110/07/27","香港上海匯豐",61,0,61
"11828","8112至上","110/07/27","港商野村",83,183,-100
"11829","8112至上","110/07/27","日盛證券",62,4,58
"11830","8112至上","110/07/27","永豐金-台南",2,79,-77
"11831","8112至上","110/07/27","元大-基隆孝二",52,0,52
"11832","8112至上","110/07/27","福邦證券",0,71,-71
"11833","8112至上","110/07/27","永豐金-中正",59,7,52
"11834","8112至上","110/07/27","兆豐-天母",0,50,-50
"11835","8112至上","110/07/27","群益金鼎-高盛",47,0,47
"11836","8112至上","110/07/27","元富-林園",3,52,-49
"11837","8112至上","110/07/27","永豐金-內湖",47,0,47
"11838","8112至上","110/07/27","永豐金-苓雅",1,50,-49
"11839","8112至上","110/07/27","富邦-台北",45,5,40
"11840","8112至上","110/07/27","元大-新莊",9,53,-44
"11841","8112至上","110/07/27","台新證券",78,39,39
"11842","8112至上","110/07/27","第一金-路竹",20,57,-37
"11843","8112至上","110/07/27","新光-台中",44,7,37
"11844","8112至上","110/07/27","新光-桃園",2,36,-34
"11845","8112至上","110/07/27","元大-羅東",38,1,37
"11846","8112至上","110/07/27","元大-東港",0,27,-27
"11847","8112至上","110/07/27","新光",101,65,36
"11848","8112至上","110/07/27","國泰-松江",2,28,-26
"11849","8112至上","110/07/27","元大-新竹",63,28,35
"11850","8112至上","110/07/27","群益金鼎-潭子",2,28,-26
"11851","1570力肯","110/07/27","國票-北高雄",7,0,7
"11852","1570力肯","110/07/27","元大-高雄",0,16,-16
"11853","1570力肯","110/07/27","富邦-陽明",5,0,5
"11854","1570力肯","110/07/27","國票-新莊",0,5,-5
"11855","1570力肯","110/07/27","元大-民雄",3,0,3
"11856","1570力肯","110/07/27","凱基-台北",0,5,-5
"11857","1570力肯","110/07/27","凱基-大里",3,0,3
"11858","1570力肯","110/07/27","美林",0,2,-2
"11859","1570力肯","110/07/27","凱基-長庚",3,0,3
"11860","1570力肯","110/07/27","富邦-南屯",0,2,-2
"11861","1570力肯","110/07/27","元大-新莊",2,0,2
"11862","1570力肯","110/07/27","元大-南崁",0,2,-2
"11863","1570力肯","110/07/27","大昌-樹林",2,0,2
"11864","1570力肯","110/07/27","元大-板橋",0,2,-2
"11865","1570力肯","110/07/27","台新-台中",2,0,2
"11866","1570力肯","110/07/27","新光",0,1,-1
"11867","1570力肯","110/07/27","新光-新竹",2,0,2
"11868","1570力肯","110/07/27","國泰-板橋",0,1,-1
"11869","1570力肯","110/07/27","富邦-左營",2,0,2
"11870","1570力肯","110/07/27","凱基-鳳山",0,1,-1
"11871","1570力肯","110/07/27","群益金鼎-土城",1,0,1
"11872","1570力肯","110/07/27","(牛牛牛)亞-鑫豐",2,2,0
"11873","1570力肯","110/07/27","凱基-竹東",1,0,1
"11874","1570力肯","110/07/27","元大-新盛",1,1,0
"11875","1570力肯","110/07/27","日盛-員林",1,0,1
"11876","1570力肯","110/07/27","",NA,NA,NA
"11877","1570力肯","110/07/27","玉山-板橋",1,0,1
"11878","1570力肯","110/07/27","",NA,NA,NA
"11879","1570力肯","110/07/27","元富-同大",1,0,1
"11880","1570力肯","110/07/27","",NA,NA,NA
"11881","2929淘帝","110/07/27","元大-民生",28,0,28
"11882","2929淘帝","110/07/27","元大-鳳山",0,20,-20
"11883","2929淘帝","110/07/27","臺銀-民權",18,0,18
"11884","2929淘帝","110/07/27","港商野村",1,18,-17
"11885","2929淘帝","110/07/27","合庫-高雄",13,0,13
"11886","2929淘帝","110/07/27","玉山-板橋",0,15,-15
"11887","2929淘帝","110/07/27","永興-水湳",10,0,10
"11888","2929淘帝","110/07/27","美林",0,10,-10
"11889","2929淘帝","110/07/27","富邦-陽明",10,0,10
"11890","2929淘帝","110/07/27","凱基-八德",0,10,-10
"11891","2929淘帝","110/07/27","元大-中和",10,0,10
"11892","2929淘帝","110/07/27","永豐金證券",0,9,-9
"11893","2929淘帝","110/07/27","國泰-館前",6,0,6
"11894","2929淘帝","110/07/27","新加坡商瑞銀",10,18,-8
"11895","2929淘帝","110/07/27","富邦-內湖",6,0,6
"11896","2929淘帝","110/07/27","富邦-台北",0,8,-8
"11897","2929淘帝","110/07/27","合庫-台南",5,0,5
"11898","2929淘帝","110/07/27","宏遠-台中",0,7,-7
"11899","2929淘帝","110/07/27","凱基-東門",5,0,5
"11900","2929淘帝","110/07/27","元富-潮州",0,7,-7
"11901","2929淘帝","110/07/27","元大-大益",5,0,5
"11902","2929淘帝","110/07/27","群益金鼎-延平",0,6,-6
"11903","2929淘帝","110/07/27","元大-屏南",5,0,5
"11904","2929淘帝","110/07/27","元大-文心",0,6,-6
"11905","2929淘帝","110/07/27","永豐金-板盛",5,0,5
"11906","2929淘帝","110/07/27","永豐金-中壢",0,6,-6
"11907","2929淘帝","110/07/27","臺銀",4,0,4
"11908","2929淘帝","110/07/27","美商高盛",0,5,-5
"11909","2929淘帝","110/07/27","永豐金-市政",4,0,4
"11910","2929淘帝","110/07/27","兆豐-南門",0,5,-5
"11911","5410國眾","110/07/27","摩根大通",47,0,47
"11912","5410國眾","110/07/27","元富-嘉義",0,48,-48
"11913","5410國眾","110/07/27","兆豐-城中",43,0,43
"11914","5410國眾","110/07/27","統一-平鎮",0,20,-20
"11915","5410國眾","110/07/27","香港上海匯豐",36,0,36
"11916","5410國眾","110/07/27","元大-大益",0,18,-18
"11917","5410國眾","110/07/27","港商麥格理",26,0,26
"11918","5410國眾","110/07/27","凱基-台北",0,16,-16
"11919","5410國眾","110/07/27","元富-大昌",21,0,21
"11920","5410國眾","110/07/27","凱基-站前",0,15,-15
"11921","5410國眾","110/07/27","元富-四維",20,0,20
"11922","5410國眾","110/07/27","元大-南勢角",0,13,-13
"11923","5410國眾","110/07/27","新光-台中",20,0,20
"11924","5410國眾","110/07/27","日盛-忠孝",0,11,-11
"11925","5410國眾","110/07/27","統一-金門",15,0,15
"11926","5410國眾","110/07/27","玉山-板橋",0,11,-11
"11927","5410國眾","110/07/27","玉山-高雄",15,0,15
"11928","5410國眾","110/07/27","元大-崇德",0,11,-11
"11929","5410國眾","110/07/27","凱基-竹北",15,0,15
"11930","5410國眾","110/07/27","元大-大天母",0,11,-11
"11931","5410國眾","110/07/27","元大-新莊",14,1,13
"11932","5410國眾","110/07/27","元富-松德",0,10,-10
"11933","5410國眾","110/07/27","華南永昌-中正",14,4,10
"11934","5410國眾","110/07/27","豐農",0,10,-10
"11935","5410國眾","110/07/27","元大-屏南",10,0,10
"11936","5410國眾","110/07/27","新光-新竹",0,10,-10
"11937","5410國眾","110/07/27","元大-中和",10,0,10
"11938","5410國眾","110/07/27","凱基-虎尾",0,10,-10
"11939","5410國眾","110/07/27","台新證券",10,1,9
"11940","5410國眾","110/07/27","元大-善化",0,10,-10
"11941","2841台開","110/07/27","日盛證券",620,0,620
"11942","2841台開","110/07/27","玉山-新竹",0,312,-312
"11943","2841台開","110/07/27","永豐金-豐原",65,0,65
"11944","2841台開","110/07/27","港商野村",0,216,-216
"11945","2841台開","110/07/27","元大-南投",50,0,50
"11946","2841台開","110/07/27","永興-水湳",0,90,-90
"11947","2841台開","110/07/27","台灣摩根士丹利",40,0,40
"11948","2841台開","110/07/27","凱基-興隆",0,64,-64
"11949","2841台開","110/07/27","玉山-高雄",29,0,29
"11950","2841台開","110/07/27","美林",0,30,-30
"11951","2841台開","110/07/27","第一金-台中",20,0,20
"11952","2841台開","110/07/27","國泰-松江",5,35,-30
"11953","2841台開","110/07/27","凱基-市政",20,0,20
"11954","2841台開","110/07/27","台新-左楠",0,25,-25
"11955","2841台開","110/07/27","群益金鼎-大甲",18,1,17
"11956","2841台開","110/07/27","大昌-樹林",0,20,-20
"11957","2841台開","110/07/27","台中銀",16,1,15
"11958","2841台開","110/07/27","富邦-仁愛",0,20,-20
"11959","2841台開","110/07/27","國泰-板橋",12,0,12
"11960","2841台開","110/07/27","致和-南京",0,16,-16
"11961","2841台開","110/07/27","群益金鼎-基隆",10,0,10
"11962","2841台開","110/07/27","凱基-台北",2,16,-14
"11963","2841台開","110/07/27","華南永昌-新莊",10,0,10
"11964","2841台開","110/07/27","日盛-台南",0,10,-10
"11965","2841台開","110/07/27","元大-福營",10,0,10
"11966","2841台開","110/07/27","國票-台東",0,10,-10
"11967","2841台開","110/07/27","元大-歸仁",10,0,10
"11968","2841台開","110/07/27","台新-台中",5,15,-10
"11969","2841台開","110/07/27","中國信託-文心",5,0,5
"11970","2841台開","110/07/27","凱基-台中",0,10,-10
"11971","6207雷科","110/07/27","摩根大通",249,119,130
"11972","6207雷科","110/07/27","永豐金-台南",2,82,-80
"11973","6207雷科","110/07/27","群益金鼎-丹鳳",70,0,70
"11974","6207雷科","110/07/27","永豐金-內湖",39,109,-70
"11975","6207雷科","110/07/27","群益金鼎-東門",42,0,42
"11976","6207雷科","110/07/27","新加坡商瑞銀",22,76,-54
"11977","6207雷科","110/07/27","永豐金-敦南",38,4,34
"11978","6207雷科","110/07/27","新光-高雄",4,57,-53
"11979","6207雷科","110/07/27","凱基-復興",30,0,30
"11980","6207雷科","110/07/27","瑞士信貸",0,40,-40
"11981","6207雷科","110/07/27","元大-東門",30,0,30
"11982","6207雷科","110/07/27","凱基-高雄",4,43,-39
"11983","6207雷科","110/07/27","大昌-桃園",33,8,25
"11984","6207雷科","110/07/27","華南永昌-高雄",4,40,-36
"11985","6207雷科","110/07/27","富邦-虎尾",24,0,24
"11986","6207雷科","110/07/27","新光",11,44,-33
"11987","6207雷科","110/07/27","凱基-羅東",24,2,22
"11988","6207雷科","110/07/27","日盛-板橋中山",0,29,-29
"11989","6207雷科","110/07/27","群益金鼎-延平",21,0,21
"11990","6207雷科","110/07/27","元大-六合",3,30,-27
"11991","6207雷科","110/07/27","群益金鼎-屏東",20,0,20
"11992","6207雷科","110/07/27","中國信託-新竹",7,33,-26
"11993","6207雷科","110/07/27","永豐金-埔里",20,0,20
"11994","6207雷科","110/07/27","元富-城中",0,23,-23
"11995","6207雷科","110/07/27","康和-延平",21,3,18
"11996","6207雷科","110/07/27","元大-大雅",2,20,-18
"11997","6207雷科","110/07/27","群益金鼎-中壢",20,2,18
"11998","6207雷科","110/07/27","永豐金-新莊",2,20,-18
"11999","6207雷科","110/07/27","宏遠證券",31,15,16
"12000","6207雷科","110/07/27","富邦-台中",5,21,-16
"12001","3679新至陞","110/07/27","凱基-市政",25,0,25
"12002","3679新至陞","110/07/27","瑞士信貸",0,13,-13
"12003","3679新至陞","110/07/27","兆豐-高雄",10,0,10
"12004","3679新至陞","110/07/27","元大-天母",0,9,-9
"12005","3679新至陞","110/07/27","光和-溪湖",8,0,8
"12006","3679新至陞","110/07/27","元大-彰化民生",0,6,-6
"12007","3679新至陞","110/07/27","臺銀-新竹",7,0,7
"12008","3679新至陞","110/07/27","康和-澎湖",2,7,-5
"12009","3679新至陞","110/07/27","新加坡商瑞銀",7,0,7
"12010","3679新至陞","110/07/27","聯邦-大業",0,5,-5
"12011","3679新至陞","110/07/27","永豐金-板橋",6,0,6
"12012","3679新至陞","110/07/27","元大-成功",0,5,-5
"12013","3679新至陞","110/07/27","宏遠-光隆",5,0,5
"12014","3679新至陞","110/07/27","康和-板橋",0,4,-4
"12015","3679新至陞","110/07/27","統一",5,0,5
"12016","3679新至陞","110/07/27","凱基-新豐",0,4,-4
"12017","3679新至陞","110/07/27","統一-新竹",5,0,5
"12018","3679新至陞","110/07/27","統一-高雄",0,3,-3
"12019","3679新至陞","110/07/27","元富-松德",5,0,5
"12020","3679新至陞","110/07/27","統一-新台中",0,3,-3
"12021","3679新至陞","110/07/27","元大-淡水",5,0,5
"12022","3679新至陞","110/07/27","元富-安南",0,3,-3
"12023","3679新至陞","110/07/27","日盛證券",4,0,4
"12024","3679新至陞","110/07/27","國票-北高雄",0,3,-3
"12025","3679新至陞","110/07/27","國泰-板橋",4,0,4
"12026","3679新至陞","110/07/27","玉山-新莊",0,3,-3
"12027","3679新至陞","110/07/27","(牛牛牛)亞-網路",3,0,3
"12028","3679新至陞","110/07/27","凱基-屏東",0,3,-3
"12029","3679新至陞","110/07/27","國票-九鼎",3,0,3
"12030","3679新至陞","110/07/27","台灣摩根士丹利",0,2,-2
"12031","2727王品","110/07/27","台灣摩根士丹利",103,12,91
"12032","2727王品","110/07/27","元大-彰化民生",11,420,-409
"12033","2727王品","110/07/27","華南永昌-麻豆",33,0,33
"12034","2727王品","110/07/27","美商高盛",0,247,-247
"12035","2727王品","110/07/27","元大-龍潭",31,1,30
"12036","2727王品","110/07/27","華南永昌",7,193,-186
"12037","2727王品","110/07/27","國泰-敦南",38,11,27
"12038","2727王品","110/07/27","花旗環球",0,86,-86
"12039","2727王品","110/07/27","群益金鼎-基隆",27,1,26
"12040","2727王品","110/07/27","凱基-台北",81,139,-58
"12041","2727王品","110/07/27","富邦-台中",26,0,26
"12042","2727王品","110/07/27","元大證券",23,64,-41
"12043","2727王品","110/07/27","元富",31,6,25
"12044","2727王品","110/07/27","瑞士信貸",0,37,-37
"12045","2727王品","110/07/27","元大-桃園",25,0,25
"12046","2727王品","110/07/27","富邦-建國",8,35,-27
"12047","2727王品","110/07/27","凱基-大直",21,1,20
"12048","2727王品","110/07/27","凱基-埔墘",6,29,-23
"12049","2727王品","110/07/27","日盛-士林",16,0,16
"12050","2727王品","110/07/27","美林",5,26,-21
"12051","2727王品","110/07/27","國票-敦北法人",17,1,16
"12052","2727王品","110/07/27","港商野村",12,30,-18
"12053","2727王品","110/07/27","群益金鼎-高雄",16,0,16
"12054","2727王品","110/07/27","華南永昌-林口",3,21,-18
"12055","2727王品","110/07/27","永豐金-忠孝",18,2,16
"12056","2727王品","110/07/27","彰銀-台中",4,20,-16
"12057","2727王品","110/07/27","臺銀-高雄",16,1,15
"12058","2727王品","110/07/27","統一",3,17,-14
"12059","2727王品","110/07/27","台新-台中",18,3,15
"12060","2727王品","110/07/27","富邦-新竹華信",2,15,-13
"12061","1570力肯","110/07/27","國票-北高雄",7,0,7
"12062","1570力肯","110/07/27","元大-高雄",0,16,-16
"12063","1570力肯","110/07/27","富邦-陽明",5,0,5
"12064","1570力肯","110/07/27","國票-新莊",0,5,-5
"12065","1570力肯","110/07/27","元大-民雄",3,0,3
"12066","1570力肯","110/07/27","凱基-台北",0,5,-5
"12067","1570力肯","110/07/27","凱基-大里",3,0,3
"12068","1570力肯","110/07/27","美林",0,2,-2
"12069","1570力肯","110/07/27","凱基-長庚",3,0,3
"12070","1570力肯","110/07/27","富邦-南屯",0,2,-2
"12071","1570力肯","110/07/27","元大-新莊",2,0,2
"12072","1570力肯","110/07/27","元大-南崁",0,2,-2
"12073","1570力肯","110/07/27","大昌-樹林",2,0,2
"12074","1570力肯","110/07/27","元大-板橋",0,2,-2
"12075","1570力肯","110/07/27","台新-台中",2,0,2
"12076","1570力肯","110/07/27","新光",0,1,-1
"12077","1570力肯","110/07/27","新光-新竹",2,0,2
"12078","1570力肯","110/07/27","國泰-板橋",0,1,-1
"12079","1570力肯","110/07/27","富邦-左營",2,0,2
"12080","1570力肯","110/07/27","凱基-鳳山",0,1,-1
"12081","1570力肯","110/07/27","群益金鼎-土城",1,0,1
"12082","1570力肯","110/07/27","(牛牛牛)亞-鑫豐",2,2,0
"12083","1570力肯","110/07/27","凱基-竹東",1,0,1
"12084","1570力肯","110/07/27","元大-新盛",1,1,0
"12085","1570力肯","110/07/27","日盛-員林",1,0,1
"12086","1570力肯","110/07/27","",NA,NA,NA
"12087","1570力肯","110/07/27","玉山-板橋",1,0,1
"12088","1570力肯","110/07/27","",NA,NA,NA
"12089","1570力肯","110/07/27","元富-同大",1,0,1
"12090","1570力肯","110/07/27","",NA,NA,NA
"12091","6180橘子","110/07/27","新加坡商瑞銀",166,24,142
"12092","6180橘子","110/07/27","花旗環球",31,87,-56
"12093","6180橘子","110/07/27","彰銀-台中",50,1,49
"12094","6180橘子","110/07/27","凱基-台北",53,108,-55
"12095","6180橘子","110/07/27","日盛-文化",48,8,40
"12096","6180橘子","110/07/27","新光",39,81,-42
"12097","6180橘子","110/07/27","美林",39,0,39
"12098","6180橘子","110/07/27","富邦-台北",1,25,-24
"12099","6180橘子","110/07/27","元大-草屯",54,17,37
"12100","6180橘子","110/07/27","第一金-員林",0,22,-22
"12101","6180橘子","110/07/27","美商高盛",35,1,34
"12102","6180橘子","110/07/27","富邦-新竹華信",7,28,-21
"12103","6180橘子","110/07/27","元大-上新莊",32,0,32
"12104","6180橘子","110/07/27","凱基-中山",5,24,-19
"12105","6180橘子","110/07/27","台灣摩根士丹利",30,0,30
"12106","6180橘子","110/07/27","國泰-敦南",22,37,-15
"12107","6180橘子","110/07/27","摩根大通",49,21,28
"12108","6180橘子","110/07/27","合庫-自強",2,16,-14
"12109","6180橘子","110/07/27","兆豐-大同",30,4,26
"12110","6180橘子","110/07/27","大昌-安康",1,14,-13
"12111","6180橘子","110/07/27","元大-羅東",21,0,21
"12112","6180橘子","110/07/27","高橋",0,11,-11
"12113","6180橘子","110/07/27","日盛-頭份",16,0,16
"12114","6180橘子","110/07/27","土銀-新竹",0,10,-10
"12115","6180橘子","110/07/27","瑞士信貸",24,8,16
"12116","6180橘子","110/07/27","兆豐-麻豆",0,10,-10
"12117","6180橘子","110/07/27","群益金鼎-士林",15,0,15
"12118","6180橘子","110/07/27","康和-永和",0,10,-10
"12119","6180橘子","110/07/27","永豐金-南京",15,1,14
"12120","6180橘子","110/07/27","永豐金-竹科",2,12,-10
"12121","2390云辰","110/07/27","凱基-基隆",207,3,204
"12122","2390云辰","110/07/27","凱基-台北",248,732,-484
"12123","2390云辰","110/07/27","摩根大通",730,560,170
"12124","2390云辰","110/07/27","美林",17,218,-201
"12125","2390云辰","110/07/27","華南永昌-中正",182,43,139
"12126","2390云辰","110/07/27","港商野村",85,277,-192
"12127","2390云辰","110/07/27","兆豐-北高雄",124,1,123
"12128","2390云辰","110/07/27","玉山-新莊",4,87,-83
"12129","2390云辰","110/07/27","元大-信義",108,5,103
"12130","2390云辰","110/07/27","新光",96,163,-67
"12131","2390云辰","110/07/27","富邦-陽明",94,22,72
"12132","2390云辰","110/07/27","新光-新竹",7,74,-67
"12133","2390云辰","110/07/27","日盛證券",140,71,69
"12134","2390云辰","110/07/27","富邦-左營",46,107,-61
"12135","2390云辰","110/07/27","第一金-豐原",56,0,56
"12136","2390云辰","110/07/27","大昌-新店",9,64,-55
"12137","2390云辰","110/07/27","統一-新台中",67,22,45
"12138","2390云辰","110/07/27","日盛-和美",28,81,-53
"12139","2390云辰","110/07/27","元大-復北",47,2,45
"12140","2390云辰","110/07/27","元大-台南",3,54,-51
"12141","2390云辰","110/07/27","富邦-建國",54,10,44
"12142","2390云辰","110/07/27","元富-世貿",10,60,-50
"12143","2390云辰","110/07/27","兆豐-桃鶯",46,5,41
"12144","2390云辰","110/07/27","華南永昌-鳳山",41,90,-49
"12145","2390云辰","110/07/27","富邦-中壢",45,4,41
"12146","2390云辰","110/07/27","聯邦商銀",6,52,-46
"12147","2390云辰","110/07/27","富邦-新竹華信",46,11,35
"12148","2390云辰","110/07/27","合庫-高雄",7,50,-43
"12149","2390云辰","110/07/27","第一金-華江",30,2,28
"12150","2390云辰","110/07/27","瑞士信貸",0,42,-42
"12151","2363矽統","110/07/26","凱基-台北",1994,468,1526
"12152","2363矽統","110/07/26","富邦-南屯",5,375,-370
"12153","2363矽統","110/07/26","新加坡商瑞銀",1537,208,1329
"12154","2363矽統","110/07/26","聯邦-興中",0,203,-203
"12155","2363矽統","110/07/26","摩根大通",2033,997,1036
"12156","2363矽統","110/07/26","台新證券",427,622,-195
"12157","2363矽統","110/07/26","瑞士信貸",930,0,930
"12158","2363矽統","110/07/26","元大-鳳中",10,203,-193
"12159","2363矽統","110/07/26","美林",985,76,909
"12160","2363矽統","110/07/26","國泰-板橋",69,209,-140
"12161","2363矽統","110/07/26","港商野村",1072,282,790
"12162","2363矽統","110/07/26","北城證券",6,132,-126
"12163","2363矽統","110/07/26","美商高盛",711,7,704
"12164","2363矽統","110/07/26","華南永昌-朴子",30,152,-122
"12165","2363矽統","110/07/26","新光",570,278,292
"12166","2363矽統","110/07/26","台新-台中",27,145,-118
"12167","2363矽統","110/07/26","台新-台南",244,39,205
"12168","2363矽統","110/07/26","群益金鼎-萬華",13,128,-115
"12169","2363矽統","110/07/26","元大證券",243,52,191
"12170","2363矽統","110/07/26","日盛-樹林",7,116,-109
"12171","2363矽統","110/07/26","永豐金證券",189,27,162
"12172","2363矽統","110/07/26","群益金鼎-屏東",200,303,-103
"12173","2363矽統","110/07/26","元大-楊梅",177,16,161
"12174","2363矽統","110/07/26","元大-潮州",6,102,-96
"12175","2363矽統","110/07/26","群益金鼎",158,21,137
"12176","2363矽統","110/07/26","新光-桃園",22,117,-95
"12177","2363矽統","110/07/26","元富-城東",107,8,99
"12178","2363矽統","110/07/26","凱基-和平",45,140,-95
"12179","2363矽統","110/07/26","日盛-雙和",109,14,95
"12180","2363矽統","110/07/26","合庫-台南",5,95,-90
"12181","8112至上","110/07/26","摩根大通",1728,41,1687
"12182","8112至上","110/07/26","玉山-左營",3,600,-597
"12183","8112至上","110/07/26","台灣摩根士丹利",408,10,398
"12184","8112至上","110/07/26","凱基-三重",1,527,-526
"12185","8112至上","110/07/26","凱基-台北",693,311,382
"12186","8112至上","110/07/26","中國信託-忠孝",0,103,-103
"12187","8112至上","110/07/26","港商法國興業",376,1,375
"12188","8112至上","110/07/26","凱基-站前",7,105,-98
"12189","8112至上","110/07/26","美商高盛",172,26,146
"12190","8112至上","110/07/26","國票-中港",0,96,-96
"12191","8112至上","110/07/26","新加坡商瑞銀",201,69,132
"12192","8112至上","110/07/26","兆豐-公益",3,84,-81
"12193","8112至上","110/07/26","美林",192,62,130
"12194","8112至上","110/07/26","玉山證券",2,65,-63
"12195","8112至上","110/07/26","港商野村",142,58,84
"12196","8112至上","110/07/26","統一-台中",1,62,-61
"12197","8112至上","110/07/26","凱基-永和",75,0,75
"12198","8112至上","110/07/26","富邦-陽明",3,60,-57
"12199","8112至上","110/07/26","凱基-竹科",65,2,63
"12200","8112至上","110/07/26","新光-新竹",86,141,-55
"12201","8112至上","110/07/26","華南永昌-敦南",63,1,62
"12202","8112至上","110/07/26","富邦-台北",2,57,-55
"12203","8112至上","110/07/26","兆豐-天母",50,0,50
"12204","8112至上","110/07/26","玉山-板橋",2,51,-49
"12205","8112至上","110/07/26","新光-桃園",57,11,46
"12206","8112至上","110/07/26","台新-新營",6,47,-41
"12207","8112至上","110/07/26","光和",35,1,34
"12208","8112至上","110/07/26","元大-虎尾",4,42,-38
"12209","8112至上","110/07/26","華南永昌-新莊",31,3,28
"12210","8112至上","110/07/26","日盛-新竹",1,38,-37
"12211","1570力肯","110/07/26","元大-民雄",10,0,10
"12212","1570力肯","110/07/26","元大-高雄",0,33,-33
"12213","1570力肯","110/07/26","新光-台中",10,1,9
"12214","1570力肯","110/07/26","日盛-宜蘭",0,8,-8
"12215","1570力肯","110/07/26","富邦-陽明",9,0,9
"12216","1570力肯","110/07/26","美林",0,5,-5
"12217","1570力肯","110/07/26","大慶-蘆洲",8,0,8
"12218","1570力肯","110/07/26","凱基-永康",0,5,-5
"12219","1570力肯","110/07/26","福勝",8,0,8
"12220","1570力肯","110/07/26","台新證券",0,4,-4
"12221","1570力肯","110/07/26","凱基-桃園",7,0,7
"12222","1570力肯","110/07/26","元大-汐止",0,4,-4
"12223","1570力肯","110/07/26","中國信託-永康",3,0,3
"12224","1570力肯","110/07/26","元大-桃興",0,3,-3
"12225","1570力肯","110/07/26","兆豐-台中港",3,0,3
"12226","1570力肯","110/07/26","元富-吉利",0,2,-2
"12227","1570力肯","110/07/26","國票-北高雄",3,0,3
"12228","1570力肯","110/07/26","國泰-板橋",0,2,-2
"12229","1570力肯","110/07/26","富邦-員林",3,0,3
"12230","1570力肯","110/07/26","元大-台中",0,2,-2
"12231","1570力肯","110/07/26","瑞士信貸",2,0,2
"12232","1570力肯","110/07/26","元大-西螺",0,2,-2
"12233","1570力肯","110/07/26","大昌-樹林",2,0,2
"12234","1570力肯","110/07/26","元大-苑裡",0,2,-2
"12235","1570力肯","110/07/26","兆豐-忠孝",2,0,2
"12236","1570力肯","110/07/26","合庫-三重",0,1,-1
"12237","1570力肯","110/07/26","新光",2,0,2
"12238","1570力肯","110/07/26","臺銀-臺南",0,1,-1
"12239","1570力肯","110/07/26","凱基-台北",2,0,2
"12240","1570力肯","110/07/26","元富-永和",0,1,-1
"12241","2929淘帝","110/07/26","合庫-高雄",47,0,47
"12242","2929淘帝","110/07/26","港商野村",11,42,-31
"12243","2929淘帝","110/07/26","元大-民生",28,0,28
"12244","2929淘帝","110/07/26","凱基-林口",0,30,-30
"12245","2929淘帝","110/07/26","臺銀-鳳山",10,0,10
"12246","2929淘帝","110/07/26","美林",1,28,-27
"12247","2929淘帝","110/07/26","華南永昌-鶯歌",10,0,10
"12248","2929淘帝","110/07/26","富邦-竹北",0,20,-20
"12249","2929淘帝","110/07/26","元大-永和",10,0,10
"12250","2929淘帝","110/07/26","凱基-台北",0,12,-12
"12251","2929淘帝","110/07/26","永豐金證券",8,0,8
"12252","2929淘帝","110/07/26","中國信託-永康",0,10,-10
"12253","2929淘帝","110/07/26","元大-太平",8,1,7
"12254","2929淘帝","110/07/26","摩根大通",0,10,-10
"12255","2929淘帝","110/07/26","德信-和平",6,0,6
"12256","2929淘帝","110/07/26","群益金鼎-高雄",0,10,-10
"12257","2929淘帝","110/07/26","兆豐-南門",6,0,6
"12258","2929淘帝","110/07/26","富邦-宜蘭",0,10,-10
"12259","2929淘帝","110/07/26","元大-新竹經國",6,0,6
"12260","2929淘帝","110/07/26","新加坡商瑞銀",4,13,-9
"12261","2929淘帝","110/07/26","合庫-台南",5,0,5
"12262","2929淘帝","110/07/26","元富-敦南",0,7,-7
"12263","2929淘帝","110/07/26","第一金-新興",5,0,5
"12264","2929淘帝","110/07/26","元大-基隆",0,6,-6
"12265","2929淘帝","110/07/26","玉山-新竹",5,0,5
"12266","2929淘帝","110/07/26","新光-台中",1,6,-5
"12267","2929淘帝","110/07/26","元大-金門",5,0,5
"12268","2929淘帝","110/07/26","華南永昌",0,5,-5
"12269","2929淘帝","110/07/26","台新-台中",4,0,4
"12270","2929淘帝","110/07/26","永豐金-中和",0,5,-5
"12271","5410國眾","110/07/26","摩根大通",71,0,71
"12272","5410國眾","110/07/26","日盛-忠孝",0,142,-142
"12273","5410國眾","110/07/26","凱基-台北",67,4,63
"12274","5410國眾","110/07/26","元富-嘉義",0,55,-55
"12275","5410國眾","110/07/26","兆豐-城中",47,0,47
"12276","5410國眾","110/07/26","國泰-敦南",2,30,-28
"12277","5410國眾","110/07/26","永豐金-內湖",45,0,45
"12278","5410國眾","110/07/26","群益金鼎-板橋",0,15,-15
"12279","5410國眾","110/07/26","元大-新莊",26,0,26
"12280","5410國眾","110/07/26","華南永昌-三重",0,11,-11
"12281","5410國眾","110/07/26","兆豐-麻豆",10,0,10
"12282","5410國眾","110/07/26","永全-南崁",0,10,-10
"12283","5410國眾","110/07/26","新光-台中",10,0,10
"12284","5410國眾","110/07/26","台新-建北",1,11,-10
"12285","5410國眾","110/07/26","元大-屏南",10,0,10
"12286","5410國眾","110/07/26","臺銀-臺南",0,8,-8
"12287","5410國眾","110/07/26","港商野村",9,0,9
"12288","5410國眾","110/07/26","群益金鼎-東大",0,7,-7
"12289","5410國眾","110/07/26","新光",13,4,9
"12290","5410國眾","110/07/26","永豐金-中正",0,7,-7
"12291","5410國眾","110/07/26","華南永昌-小港",7,0,7
"12292","5410國眾","110/07/26","永豐金-桃園",0,7,-7
"12293","5410國眾","110/07/26","玉山-左營",6,0,6
"12294","5410國眾","110/07/26","第一金-高雄",0,6,-6
"12295","5410國眾","110/07/26","土銀-台南",5,0,5
"12296","5410國眾","110/07/26","台中銀-豐原",0,6,-6
"12297","5410國眾","110/07/26","新加坡商瑞銀",5,0,5
"12298","5410國眾","110/07/26","亞東-高雄",0,5,-5
"12299","5410國眾","110/07/26","元富-三重",8,3,5
"12300","5410國眾","110/07/26","國票-北高雄",0,5,-5
"12301","2841台開","110/07/26","台新-台中",282,5,277
"12302","2841台開","110/07/26","港商野村",0,128,-128
"12303","2841台開","110/07/26","凱基-台北",41,0,41
"12304","2841台開","110/07/26","富邦-仁愛",0,70,-70
"12305","2841台開","110/07/26","台灣摩根士丹利",40,0,40
"12306","2841台開","110/07/26","元大-彰化",0,60,-60
"12307","2841台開","110/07/26","元富-緯城",40,0,40
"12308","2841台開","110/07/26","永興-水湳",0,30,-30
"12309","2841台開","110/07/26","玉山-高雄",38,0,38
"12310","2841台開","110/07/26","富邦-新竹華信",0,23,-23
"12311","2841台開","110/07/26","日盛-樹林",21,0,21
"12312","2841台開","110/07/26","宏遠-光隆",0,20,-20
"12313","2841台開","110/07/26","元大-松江",20,0,20
"12314","2841台開","110/07/26","玉山證券",0,20,-20
"12315","2841台開","110/07/26","元大-歸仁",20,0,20
"12316","2841台開","110/07/26","富邦-板橋",0,20,-20
"12317","2841台開","110/07/26","國泰-桃園",20,3,17
"12318","2841台開","110/07/26","元大-台中中港",0,19,-19
"12319","2841台開","110/07/26","新光-台中",15,0,15
"12320","2841台開","110/07/26","臺銀-臺南",0,18,-18
"12321","2841台開","110/07/26","群益金鼎-東門",11,0,11
"12322","2841台開","110/07/26","永豐金-敦南",3,19,-16
"12323","2841台開","110/07/26","華南永昌-內壢",11,0,11
"12324","2841台開","110/07/26","統一-桃園",0,13,-13
"12325","2841台開","110/07/26","元富-烏日",10,0,10
"12326","2841台開","110/07/26","國泰-台中",0,11,-11
"12327","2841台開","110/07/26","國泰-忠孝",10,2,8
"12328","2841台開","110/07/26","元大-福營",0,11,-11
"12329","2841台開","110/07/26","元大-潮州",6,0,6
"12330","2841台開","110/07/26","凱基-站前",0,10,-10
"12331","6207雷科","110/07/26","元大-向上",70,0,70
"12332","6207雷科","110/07/26","摩根大通",45,241,-196
"12333","6207雷科","110/07/26","國票-中和",67,5,62
"12334","6207雷科","110/07/26","華南永昌-台中",16,180,-164
"12335","6207雷科","110/07/26","永豐金-台南",63,2,61
"12336","6207雷科","110/07/26","瑞士信貸",4,69,-65
"12337","6207雷科","110/07/26","國泰-板橋",32,0,32
"12338","6207雷科","110/07/26","國票-天祥",11,76,-65
"12339","6207雷科","110/07/26","華南永昌-朴子",24,0,24
"12340","6207雷科","110/07/26","新加坡商瑞銀",15,78,-63
"12341","6207雷科","110/07/26","台新證券",35,12,23
"12342","6207雷科","110/07/26","凱基-台北",86,134,-48
"12343","6207雷科","110/07/26","永豐金-板盛",24,1,23
"12344","6207雷科","110/07/26","富邦-台中",58,100,-42
"12345","6207雷科","110/07/26","康和-台中",24,2,22
"12346","6207雷科","110/07/26","兆豐-大安",0,41,-41
"12347","6207雷科","110/07/26","台新-台南",22,2,20
"12348","6207雷科","110/07/26","群益金鼎-館前",0,40,-40
"12349","6207雷科","110/07/26","元大-大統",22,2,20
"12350","6207雷科","110/07/26","富邦-羅東",2,39,-37
"12351","6207雷科","110/07/26","元富-桃園",19,0,19
"12352","6207雷科","110/07/26","國票-台東",0,30,-30
"12353","6207雷科","110/07/26","高橋",17,0,17
"12354","6207雷科","110/07/26","凱基-士林",1,30,-29
"12355","6207雷科","110/07/26","元富-同大",30,13,17
"12356","6207雷科","110/07/26","元大-南京",3,31,-28
"12357","6207雷科","110/07/26","元大-內湖",17,0,17
"12358","6207雷科","110/07/26","宏遠-桃園",0,24,-24
"12359","6207雷科","110/07/26","永豐金-內湖",19,2,17
"12360","6207雷科","110/07/26","國票-和平",0,23,-23
"12361","3679新至陞","110/07/26","元富-板橋",16,0,16
"12362","3679新至陞","110/07/26","台新-台中",0,19,-19
"12363","3679新至陞","110/07/26","華南永昌-淡水",10,0,10
"12364","3679新至陞","110/07/26","元大-成功",0,10,-10
"12365","3679新至陞","110/07/26","光和-溪湖",8,0,8
"12366","3679新至陞","110/07/26","日進",0,9,-9
"12367","3679新至陞","110/07/26","宏遠-光隆",6,0,6
"12368","3679新至陞","110/07/26","臺銀-臺中",0,5,-5
"12369","3679新至陞","110/07/26","玉山-嘉義",5,0,5
"12370","3679新至陞","110/07/26","港商法國興業",0,4,-4
"12371","3679新至陞","110/07/26","元富-安南",3,0,3
"12372","3679新至陞","110/07/26","統一-新台中",0,3,-3
"12373","3679新至陞","110/07/26","摩根大通",4,1,3
"12374","3679新至陞","110/07/26","大慶-苗栗",1,3,-2
"12375","3679新至陞","110/07/26","凱基-台北",5,2,3
"12376","3679新至陞","110/07/26","元富-松德",0,2,-2
"12377","3679新至陞","110/07/26","凱基-站前",2,0,2
"12378","3679新至陞","110/07/26","富邦-仁愛",0,2,-2
"12379","3679新至陞","110/07/26","華南永昌",2,0,2
"12380","3679新至陞","110/07/26","元大-文心興安",0,2,-2
"12381","3679新至陞","110/07/26","元大-上新莊",2,0,2
"12382","3679新至陞","110/07/26","永豐金證券",0,2,-2
"12383","3679新至陞","110/07/26","美林",4,3,1
"12384","3679新至陞","110/07/26","臺銀-高雄",0,1,-1
"12385","3679新至陞","110/07/26","台灣摩根士丹利",2,1,1
"12386","3679新至陞","110/07/26","台灣企銀-屏東",0,1,-1
"12387","3679新至陞","110/07/26","美商高盛",1,0,1
"12388","3679新至陞","110/07/26","大慶-富順",0,1,-1
"12389","3679新至陞","110/07/26","富邦-台北",1,0,1
"12390","3679新至陞","110/07/26","統一-彰化",0,1,-1
"12391","2727王品","110/07/26","兆豐-南京",300,0,300
"12392","2727王品","110/07/26","元富-安南",0,62,-62
"12393","2727王品","110/07/26","凱基-台北",74,29,45
"12394","2727王品","110/07/26","瑞士信貸",0,44,-44
"12395","2727王品","110/07/26","富邦-建國",25,2,23
"12396","2727王品","110/07/26","新加坡商瑞銀",0,44,-44
"12397","2727王品","110/07/26","台灣摩根士丹利",22,0,22
"12398","2727王品","110/07/26","統一",11,54,-43
"12399","2727王品","110/07/26","永豐金-屏東",14,1,13
"12400","2727王品","110/07/26","美林",4,39,-35
"12401","2727王品","110/07/26","富邦-桃園",12,1,11
"12402","2727王品","110/07/26","第一金",0,30,-30
"12403","2727王品","110/07/26","日盛-鳳山",11,1,10
"12404","2727王品","110/07/26","康和-台中",0,30,-30
"12405","2727王品","110/07/26","元富-城中",10,0,10
"12406","2727王品","110/07/26","國泰證券",1,31,-30
"12407","2727王品","110/07/26","元大-龍潭",11,1,10
"12408","2727王品","110/07/26","元大證券",37,67,-30
"12409","2727王品","110/07/26","新光-台中",15,6,9
"12410","2727王品","110/07/26","康和",1,29,-28
"12411","2727王品","110/07/26","富邦-台中",10,1,9
"12412","2727王品","110/07/26","永豐金證券",0,27,-27
"12413","2727王品","110/07/26","元大-基隆孝二",10,1,9
"12414","2727王品","110/07/26","安泰",1,26,-25
"12415","2727王品","110/07/26","臺銀-臺中",10,2,8
"12416","2727王品","110/07/26","永豐金-古亭",2,20,-18
"12417","2727王品","110/07/26","元大-花蓮",8,0,8
"12418","2727王品","110/07/26","國票-天祥",0,16,-16
"12419","2727王品","110/07/26","元大-斗信",9,1,8
"12420","2727王品","110/07/26","摩根大通",17,33,-16
"12421","1570力肯","110/07/26","元大-民雄",10,0,10
"12422","1570力肯","110/07/26","元大-高雄",0,33,-33
"12423","1570力肯","110/07/26","新光-台中",10,1,9
"12424","1570力肯","110/07/26","日盛-宜蘭",0,8,-8
"12425","1570力肯","110/07/26","富邦-陽明",9,0,9
"12426","1570力肯","110/07/26","美林",0,5,-5
"12427","1570力肯","110/07/26","大慶-蘆洲",8,0,8
"12428","1570力肯","110/07/26","凱基-永康",0,5,-5
"12429","1570力肯","110/07/26","福勝",8,0,8
"12430","1570力肯","110/07/26","台新證券",0,4,-4
"12431","1570力肯","110/07/26","凱基-桃園",7,0,7
"12432","1570力肯","110/07/26","元大-汐止",0,4,-4
"12433","1570力肯","110/07/26","中國信託-永康",3,0,3
"12434","1570力肯","110/07/26","元大-桃興",0,3,-3
"12435","1570力肯","110/07/26","兆豐-台中港",3,0,3
"12436","1570力肯","110/07/26","元富-吉利",0,2,-2
"12437","1570力肯","110/07/26","國票-北高雄",3,0,3
"12438","1570力肯","110/07/26","國泰-板橋",0,2,-2
"12439","1570力肯","110/07/26","富邦-員林",3,0,3
"12440","1570力肯","110/07/26","元大-台中",0,2,-2
"12441","1570力肯","110/07/26","瑞士信貸",2,0,2
"12442","1570力肯","110/07/26","元大-西螺",0,2,-2
"12443","1570力肯","110/07/26","大昌-樹林",2,0,2
"12444","1570力肯","110/07/26","元大-苑裡",0,2,-2
"12445","1570力肯","110/07/26","兆豐-忠孝",2,0,2
"12446","1570力肯","110/07/26","合庫-三重",0,1,-1
"12447","1570力肯","110/07/26","新光",2,0,2
"12448","1570力肯","110/07/26","臺銀-臺南",0,1,-1
"12449","1570力肯","110/07/26","凱基-台北",2,0,2
"12450","1570力肯","110/07/26","元富-永和",0,1,-1
"12451","6180橘子","110/07/26","凱基-台北",121,1,120
"12452","6180橘子","110/07/26","元大-竹山",0,35,-35
"12453","6180橘子","110/07/26","新加坡商瑞銀",71,2,69
"12454","6180橘子","110/07/26","元大-和平",0,30,-30
"12455","6180橘子","110/07/26","摩根大通",70,4,66
"12456","6180橘子","110/07/26","元大-草屯",3,27,-24
"12457","6180橘子","110/07/26","美林",33,0,33
"12458","6180橘子","110/07/26","華南永昌-高雄",0,21,-21
"12459","6180橘子","110/07/26","台灣摩根士丹利",20,4,16
"12460","6180橘子","110/07/26","兆豐-埔墘",0,18,-18
"12461","6180橘子","110/07/26","合庫-高雄",11,0,11
"12462","6180橘子","110/07/26","元富-林園",0,17,-17
"12463","6180橘子","110/07/26","港商野村",10,0,10
"12464","6180橘子","110/07/26","元富-成功",0,16,-16
"12465","6180橘子","110/07/26","富邦-宜蘭",10,0,10
"12466","6180橘子","110/07/26","群益金鼎-台南",0,13,-13
"12467","6180橘子","110/07/26","統一-彰化",10,1,9
"12468","6180橘子","110/07/26","元大-開元",0,13,-13
"12469","6180橘子","110/07/26","兆豐-北高雄",9,1,8
"12470","6180橘子","110/07/26","富邦-台中",0,12,-12
"12471","6180橘子","110/07/26","元大-新店中正",10,2,8
"12472","6180橘子","110/07/26","(牛牛牛)亞-鑫豐",1,12,-11
"12473","6180橘子","110/07/26","國泰-敦南",10,3,7
"12474","6180橘子","110/07/26","台新-台南",0,11,-11
"12475","6180橘子","110/07/26","合庫-自強",5,0,5
"12476","6180橘子","110/07/26","聯邦-興中",0,11,-11
"12477","6180橘子","110/07/26","大慶-蘆洲",5,0,5
"12478","6180橘子","110/07/26","日盛-中和",0,10,-10
"12479","6180橘子","110/07/26","統一-中壢",5,0,5
"12480","6180橘子","110/07/26","康和-台北",0,10,-10
"12481","2390云辰","110/07/26","元大-大同",311,3,308
"12482","2390云辰","110/07/26","摩根大通",139,570,-431
"12483","2390云辰","110/07/26","華南永昌-鳳山",276,4,272
"12484","2390云辰","110/07/26","美林",103,243,-140
"12485","2390云辰","110/07/26","永豐金-竹北",201,6,195
"12486","2390云辰","110/07/26","元大-彰化民生",0,117,-117
"12487","2390云辰","110/07/26","富邦-左營",107,17,90
"12488","2390云辰","110/07/26","元富-中港",0,102,-102
"12489","2390云辰","110/07/26","元富-高雄",82,5,77
"12490","2390云辰","110/07/26","凱基-台北",161,249,-88
"12491","2390云辰","110/07/26","元大-太平",75,10,65
"12492","2390云辰","110/07/26","國票-新莊",15,78,-63
"12493","2390云辰","110/07/26","元大-大益",63,13,50
"12494","2390云辰","110/07/26","第一金-豐原",1,59,-58
"12495","2390云辰","110/07/26","元富-新竹",41,1,40
"12496","2390云辰","110/07/26","統一-竹南",5,48,-43
"12497","2390云辰","110/07/26","日盛-永康",42,4,38
"12498","2390云辰","110/07/26","第一金-台南",28,62,-34
"12499","2390云辰","110/07/26","群益金鼎-中壢",50,12,38
"12500","2390云辰","110/07/26","台灣摩根士丹利",38,70,-32
"12501","2390云辰","110/07/26","元大-鑫永和",54,18,36
"12502","2390云辰","110/07/26","群益金鼎-士林",20,52,-32
"12503","2390云辰","110/07/26","元富-同大",34,1,33
"12504","2390云辰","110/07/26","群益金鼎-延平",2,31,-29
"12505","2390云辰","110/07/26","致和-崇德",52,21,31
"12506","2390云辰","110/07/26","凱基-豐中",12,40,-28
"12507","2390云辰","110/07/26","永豐金-松山",32,2,30
"12508","2390云辰","110/07/26","富邦-中壢",19,47,-28
"12509","2390云辰","110/07/26","凱基-三重",36,8,28
"12510","2390云辰","110/07/26","統一-基隆",2,27,-25
"12511","2363矽統","110/07/20","第一金-忠孝",400,115,285
"12512","2363矽統","110/07/20","國票-長城",3,452,-449
"12513","2363矽統","110/07/20","第一金-高雄",188,0,188
"12514","2363矽統","110/07/20","美林",158,531,-373
"12515","2363矽統","110/07/20","凱基-高美館",199,14,185
"12516","2363矽統","110/07/20","台新-左楠",13,310,-297
"12517","2363矽統","110/07/20","凱基-台北",434,326,108
"12518","2363矽統","110/07/20","玉山-台大",4,228,-224
"12519","2363矽統","110/07/20","元富-松德",105,0,105
"12520","2363矽統","110/07/20","群益金鼎-大甲",11,227,-216
"12521","2363矽統","110/07/20","元大-竹科",109,7,102
"12522","2363矽統","110/07/20","群益金鼎-中港",2,111,-109
"12523","2363矽統","110/07/20","元大-成功",102,2,100
"12524","2363矽統","110/07/20","元大-大天母",0,109,-109
"12525","2363矽統","110/07/20","富邦-仁愛",116,17,99
"12526","2363矽統","110/07/20","國泰-敦南",114,218,-104
"12527","2363矽統","110/07/20","元大-上新莊",102,16,86
"12528","2363矽統","110/07/20","港商野村",250,350,-100
"12529","2363矽統","110/07/20","台新證券",286,208,78
"12530","2363矽統","110/07/20","康和-澎湖",0,90,-90
"12531","2363矽統","110/07/20","元大-新營",81,9,72
"12532","2363矽統","110/07/20","凱基-中壢",15,99,-84
"12533","2363矽統","110/07/20","華南永昌-鳳山",76,5,71
"12534","2363矽統","110/07/20","元大-學甲",0,81,-81
"12535","2363矽統","110/07/20","富邦-員林",65,2,63
"12536","2363矽統","110/07/20","凱基-三重",22,91,-69
"12537","2363矽統","110/07/20","元富-成功",67,6,61
"12538","2363矽統","110/07/20","永豐金-嘉義",24,92,-68
"12539","2363矽統","110/07/20","新光-新竹",62,1,61
"12540","2363矽統","110/07/20","大慶-蘆洲",23,89,-66
"12541","8112至上","110/07/20","摩根大通",1226,293,933
"12542","8112至上","110/07/20","凱基-三重",27,502,-475
"12543","8112至上","110/07/20","新加坡商瑞銀",358,83,275
"12544","8112至上","110/07/20","宏遠證券",0,418,-418
"12545","8112至上","110/07/20","台灣摩根士丹利",159,9,150
"12546","8112至上","110/07/20","台新-台中",11,291,-280
"12547","8112至上","110/07/20","統一-新竹",115,5,110
"12548","8112至上","110/07/20","美林",44,194,-150
"12549","8112至上","110/07/20","新光",233,126,107
"12550","8112至上","110/07/20","凱基-新莊",0,100,-100
"12551","8112至上","110/07/20","凱基-台北",367,260,107
"12552","8112至上","110/07/20","富邦-永和",14,104,-90
"12553","8112至上","110/07/20","兆豐-西螺",104,10,94
"12554","8112至上","110/07/20","國票-敦北法人",4,88,-84
"12555","8112至上","110/07/20","永豐金-中正",87,6,81
"12556","8112至上","110/07/20","凱基-市政",3,80,-77
"12557","8112至上","110/07/20","富邦-新店",102,24,78
"12558","8112至上","110/07/20","台新證券",68,142,-74
"12559","8112至上","110/07/20","元大-大同",83,5,78
"12560","8112至上","110/07/20","永豐金-中壢",11,80,-69
"12561","8112至上","110/07/20","富邦-園區",64,2,62
"12562","8112至上","110/07/20","永豐金-台南",22,91,-69
"12563","8112至上","110/07/20","新光-台南",73,14,59
"12564","8112至上","110/07/20","元大-大雅",22,87,-65
"12565","8112至上","110/07/20","統一-台中",60,2,58
"12566","8112至上","110/07/20","光和",10,67,-57
"12567","8112至上","110/07/20","元大-北成功",58,4,54
"12568","8112至上","110/07/20","元大-竹科",27,74,-47
"12569","8112至上","110/07/20","元富-林園",53,0,53
"12570","8112至上","110/07/20","兆豐-公益",1,47,-46
"12571","1570力肯","110/07/20","國票-北高雄",36,0,36
"12572","1570力肯","110/07/20","國泰-敦南",0,19,-19
"12573","1570力肯","110/07/20","群益金鼎-高雄",16,0,16
"12574","1570力肯","110/07/20","中國信託-永康",0,12,-12
"12575","1570力肯","110/07/20","臺銀-鳳山",10,0,10
"12576","1570力肯","110/07/20","第一金-路竹",0,10,-10
"12577","1570力肯","110/07/20","群益金鼎-新竹",6,0,6
"12578","1570力肯","110/07/20","福勝",0,10,-10
"12579","1570力肯","110/07/20","大昌-樹林",5,0,5
"12580","1570力肯","110/07/20","群益金鼎-板橋",0,10,-10
"12581","1570力肯","110/07/20","華南永昌-楠梓",5,0,5
"12582","1570力肯","110/07/20","日盛-鳳山",0,8,-8
"12583","1570力肯","110/07/20","元大-基隆孝二",5,0,5
"12584","1570力肯","110/07/20","永豐金-新竹",6,14,-8
"12585","1570力肯","110/07/20","元大-新竹經國",4,0,4
"12586","1570力肯","110/07/20","第一金-彰化",0,7,-7
"12587","1570力肯","110/07/20","土銀-高雄",2,0,2
"12588","1570力肯","110/07/20","元富-吉利",0,7,-7
"12589","1570力肯","110/07/20","台灣企銀-太平",2,0,2
"12590","1570力肯","110/07/20","台中銀-員林",0,7,-7
"12591","1570力肯","110/07/20","兆豐-忠孝",2,0,2
"12592","1570力肯","110/07/20","玉山證券",1,8,-7
"12593","1570力肯","110/07/20","玉山-城中",2,0,2
"12594","1570力肯","110/07/20","統一-三重",0,5,-5
"12595","1570力肯","110/07/20","國泰-板橋",2,0,2
"12596","1570力肯","110/07/20","光和-溪湖",0,3,-3
"12597","1570力肯","110/07/20","凱基-台北",2,0,2
"12598","1570力肯","110/07/20","康和-澎湖",0,3,-3
"12599","1570力肯","110/07/20","華南永昌-高雄",2,0,2
"12600","1570力肯","110/07/20","摩根大通",0,2,-2
"12601","2929淘帝","110/07/20","玉山-新竹",59,0,59
"12602","2929淘帝","110/07/20","臺銀",0,45,-45
"12603","2929淘帝","110/07/20","兆豐-新莊",50,0,50
"12604","2929淘帝","110/07/20","光和-嘉義",0,29,-29
"12605","2929淘帝","110/07/20","元大-大甲",30,0,30
"12606","2929淘帝","110/07/20","新加坡商瑞銀",27,55,-28
"12607","2929淘帝","110/07/20","元大-民生",29,0,29
"12608","2929淘帝","110/07/20","華南永昌-潮州",0,20,-20
"12609","2929淘帝","110/07/20","元大-員林",20,0,20
"12610","2929淘帝","110/07/20","玉山-高雄",0,14,-14
"12611","2929淘帝","110/07/20","元富-台南",18,0,18
"12612","2929淘帝","110/07/20","富邦-南屯",2,13,-11
"12613","2929淘帝","110/07/20","港商野村",63,50,13
"12614","2929淘帝","110/07/20","高橋-龍潭",0,10,-10
"12615","2929淘帝","110/07/20","高橋",10,0,10
"12616","2929淘帝","110/07/20","台新-建北",0,10,-10
"12617","2929淘帝","110/07/20","元富-林園",10,0,10
"12618","2929淘帝","110/07/20","群益金鼎-台中",0,10,-10
"12619","2929淘帝","110/07/20","玉山-台南",10,0,10
"12620","2929淘帝","110/07/20","華南永昌-苗栗",0,10,-10
"12621","2929淘帝","110/07/20","群益金鼎-士林",10,0,10
"12622","2929淘帝","110/07/20","群益金鼎-西松",0,9,-9
"12623","2929淘帝","110/07/20","凱基-台北",16,6,10
"12624","2929淘帝","110/07/20","台新-三民",0,8,-8
"12625","2929淘帝","110/07/20","合庫證券",9,0,9
"12626","2929淘帝","110/07/20","群益金鼎",0,8,-8
"12627","2929淘帝","110/07/20","永豐金證券",9,2,7
"12628","2929淘帝","110/07/20","富邦-永和",0,7,-7
"12629","2929淘帝","110/07/20","凱基-基隆",6,0,6
"12630","2929淘帝","110/07/20","國泰-台中",6,12,-6
"12631","5410國眾","110/07/20","日盛-內湖",27,0,27
"12632","5410國眾","110/07/20","永豐金-內湖",0,23,-23
"12633","5410國眾","110/07/20","富邦-新營",20,0,20
"12634","5410國眾","110/07/20","兆豐-台中港",0,20,-20
"12635","5410國眾","110/07/20","大昌",17,0,17
"12636","5410國眾","110/07/20","元富-嘉義",0,15,-15
"12637","5410國眾","110/07/20","永豐金-台南",17,0,17
"12638","5410國眾","110/07/20","元富-吉利",0,11,-11
"12639","5410國眾","110/07/20","凱基-站前",15,0,15
"12640","5410國眾","110/07/20","凱基-長庚",0,10,-10
"12641","5410國眾","110/07/20","凱基-竹北",11,0,11
"12642","5410國眾","110/07/20","元大-八德",0,10,-10
"12643","5410國眾","110/07/20","元富-民權",9,0,9
"12644","5410國眾","110/07/20","元大-天母",0,10,-10
"12645","5410國眾","110/07/20","群益金鼎-嘉義",6,0,6
"12646","5410國眾","110/07/20","國泰-桃園",0,9,-9
"12647","5410國眾","110/07/20","元大-土城學府",6,0,6
"12648","5410國眾","110/07/20","新光",5,12,-7
"12649","5410國眾","110/07/20","第一金-豐原",5,0,5
"12650","5410國眾","110/07/20","玉山-桃園",0,7,-7
"12651","5410國眾","110/07/20","華南永昌-林口",5,0,5
"12652","5410國眾","110/07/20","玉山-雙和",0,6,-6
"12653","5410國眾","110/07/20","元大-博愛",5,0,5
"12654","5410國眾","110/07/20","臺銀-臺南",0,5,-5
"12655","5410國眾","110/07/20","元大-竹南",5,0,5
"12656","5410國眾","110/07/20","彰銀-七賢",0,5,-5
"12657","5410國眾","110/07/20","元大-新店中正",5,0,5
"12658","5410國眾","110/07/20","宏遠證券",0,5,-5
"12659","5410國眾","110/07/20","元富-烏日",4,0,4
"12660","5410國眾","110/07/20","摩根大通",0,5,-5
"12661","2841台開","110/07/20","中國信託-忠孝",145,0,145
"12662","2841台開","110/07/20","凱基-松山",0,100,-100
"12663","2841台開","110/07/20","第一金-台中",68,0,68
"12664","2841台開","110/07/20","第一金-自由",0,33,-33
"12665","2841台開","110/07/20","美商高盛",37,0,37
"12666","2841台開","110/07/20","港商野村",0,29,-29
"12667","2841台開","110/07/20","台中銀",32,0,32
"12668","2841台開","110/07/20","國泰-敦南",11,31,-20
"12669","2841台開","110/07/20","台新-台中",20,0,20
"12670","2841台開","110/07/20","華南永昌-台中",0,20,-20
"12671","2841台開","110/07/20","凱基-東港",10,0,10
"12672","2841台開","110/07/20","元大-發財",0,15,-15
"12673","2841台開","110/07/20","大昌-安康",10,3,7
"12674","2841台開","110/07/20","元大-福營",9,23,-14
"12675","2841台開","110/07/20","豐農",7,0,7
"12676","2841台開","110/07/20","永豐金-敦南",5,18,-13
"12677","2841台開","110/07/20","元大-歸仁",7,0,7
"12678","2841台開","110/07/20","統一-城中",0,11,-11
"12679","2841台開","110/07/20","日盛-木柵",5,0,5
"12680","2841台開","110/07/20","日盛-台南",0,10,-10
"12681","2841台開","110/07/20","台新-台南",4,0,4
"12682","2841台開","110/07/20","兆豐-寶成",0,10,-10
"12683","2841台開","110/07/20","日盛證券",3,0,3
"12684","2841台開","110/07/20","國票-中港",0,10,-10
"12685","2841台開","110/07/20","台新證券",8,5,3
"12686","2841台開","110/07/20","群益金鼎",0,10,-10
"12687","2841台開","110/07/20","元大-沙鹿",3,0,3
"12688","2841台開","110/07/20","玉山證券",1,10,-9
"12689","2841台開","110/07/20","國泰-台中",2,0,2
"12690","2841台開","110/07/20","大昌-新店",0,6,-6
"12691","6207雷科","110/07/20","元大-西門",100,4,96
"12692","6207雷科","110/07/20","永豐金-內湖",0,109,-109
"12693","6207雷科","110/07/20","凱基-復興",50,0,50
"12694","6207雷科","110/07/20","國泰證券",0,90,-90
"12695","6207雷科","110/07/20","凱基-台北",47,1,46
"12696","6207雷科","110/07/20","元大-頭份",0,55,-55
"12697","6207雷科","110/07/20","玉山-城中",43,1,42
"12698","6207雷科","110/07/20","永豐金-虎尾",0,50,-50
"12699","6207雷科","110/07/20","華南永昌-長虹",44,5,39
"12700","6207雷科","110/07/20","元富-世貿",0,33,-33
"12701","6207雷科","110/07/20","凱基-板橋",38,1,37
"12702","6207雷科","110/07/20","元大-南崁",0,22,-22
"12703","6207雷科","110/07/20","元富-信義",39,3,36
"12704","6207雷科","110/07/20","永豐金-鳳山",0,21,-21
"12705","6207雷科","110/07/20","元富-彰化",35,0,35
"12706","6207雷科","110/07/20","永豐金-三重",6,27,-21
"12707","6207雷科","110/07/20","凱基-高美館",34,0,34
"12708","6207雷科","110/07/20","第一金-澎湖",0,20,-20
"12709","6207雷科","110/07/20","富邦-中壢",26,2,24
"12710","6207雷科","110/07/20","群益金鼎-東大",0,20,-20
"12711","6207雷科","110/07/20","大昌-桃園",23,0,23
"12712","6207雷科","110/07/20","兆豐-民生",0,19,-19
"12713","6207雷科","110/07/20","元大-四維",39,17,22
"12714","6207雷科","110/07/20","元大-北成功",1,20,-19
"12715","6207雷科","110/07/20","台灣摩根士丹利",18,0,18
"12716","6207雷科","110/07/20","元大-虎尾",1,18,-17
"12717","6207雷科","110/07/20","國票-中和",16,0,16
"12718","6207雷科","110/07/20","元大-文心興安",0,15,-15
"12719","6207雷科","110/07/20","永豐金-大園",16,0,16
"12720","6207雷科","110/07/20","瑞士信貸",0,14,-14
"12721","3679新至陞","110/07/20","國票-敦北法人",18,0,18
"12722","3679新至陞","110/07/20","華南永昌-台中",0,32,-32
"12723","3679新至陞","110/07/20","台中銀-員林",17,3,14
"12724","3679新至陞","110/07/20","凱基-台北",12,32,-20
"12725","3679新至陞","110/07/20","群益金鼎-高盛",13,0,13
"12726","3679新至陞","110/07/20","摩根大通",2,14,-12
"12727","3679新至陞","110/07/20","康和-澎湖",8,0,8
"12728","3679新至陞","110/07/20","國泰-桃園",0,11,-11
"12729","3679新至陞","110/07/20","台新證券",6,0,6
"12730","3679新至陞","110/07/20","群益金鼎-台南",0,10,-10
"12731","3679新至陞","110/07/20","宏遠-光隆",4,0,4
"12732","3679新至陞","110/07/20","群益金鼎-大安",0,10,-10
"12733","3679新至陞","110/07/20","玉山-大里",4,0,4
"12734","3679新至陞","110/07/20","永豐金證券",4,14,-10
"12735","3679新至陞","110/07/20","台中銀-豐原",3,0,3
"12736","3679新至陞","110/07/20","兆豐-大同",1,6,-5
"12737","3679新至陞","110/07/20","玉山-新莊",3,0,3
"12738","3679新至陞","110/07/20","群益金鼎-館前",0,4,-4
"12739","3679新至陞","110/07/20","凱基-中山",3,0,3
"12740","3679新至陞","110/07/20","富邦-南屯",0,4,-4
"12741","3679新至陞","110/07/20","富邦-台北",3,0,3
"12742","3679新至陞","110/07/20","瑞士信貸",3,6,-3
"12743","3679新至陞","110/07/20","元大-板橋",3,0,3
"12744","3679新至陞","110/07/20","國泰-板橋",0,3,-3
"12745","3679新至陞","110/07/20","日盛-八德",2,0,2
"12746","3679新至陞","110/07/20","富邦-中壢",1,4,-3
"12747","3679新至陞","110/07/20","日盛-復興",2,0,2
"12748","3679新至陞","110/07/20","台灣企銀",0,2,-2
"12749","3679新至陞","110/07/20","康和-板橋",2,0,2
"12750","3679新至陞","110/07/20","日盛-大墩",0,2,-2
"12751","2727王品","110/07/20","兆豐-南京",200,0,200
"12752","2727王品","110/07/20","凱基-市政",1,75,-74
"12753","2727王品","110/07/20","富邦證券",88,0,88
"12754","2727王品","110/07/20","美商高盛",6,38,-32
"12755","2727王品","110/07/20","台新證券",142,55,87
"12756","2727王品","110/07/20","富邦-陽明",7,38,-31
"12757","2727王品","110/07/20","瑞士信貸",50,0,50
"12758","2727王品","110/07/20","永豐金-中正",3,34,-31
"12759","2727王品","110/07/20","港商野村",106,57,49
"12760","2727王品","110/07/20","永豐金-潮州",0,31,-31
"12761","2727王品","110/07/20","凱基-台北",67,27,40
"12762","2727王品","110/07/20","兆豐-大安",0,30,-30
"12763","2727王品","110/07/20","永豐金-大園",29,2,27
"12764","2727王品","110/07/20","摩根大通",50,73,-23
"12765","2727王品","110/07/20","康和-高雄",20,0,20
"12766","2727王品","110/07/20","日盛證券",4,24,-20
"12767","2727王品","110/07/20","第一金-高雄",20,3,17
"12768","2727王品","110/07/20","凱基-大里",0,20,-20
"12769","2727王品","110/07/20","富邦-板橋",21,4,17
"12770","2727王品","110/07/20","群益金鼎-大甲",0,18,-18
"12771","2727王品","110/07/20","永豐金-桃盛",15,0,15
"12772","2727王品","110/07/20","統一",18,29,-11
"12773","2727王品","110/07/20","凱基",13,0,13
"12774","2727王品","110/07/20","國泰-台中",12,23,-11
"12775","2727王品","110/07/20","新加坡商瑞銀",23,11,12
"12776","2727王品","110/07/20","元大-彰化",0,11,-11
"12777","2727王品","110/07/20","亞東",10,0,10
"12778","2727王品","110/07/20","國泰-館前",4,14,-10
"12779","2727王品","110/07/20","康和-台中",13,4,9
"12780","2727王品","110/07/20","元大-學甲",0,10,-10
"12781","1570力肯","110/07/20","國票-北高雄",36,0,36
"12782","1570力肯","110/07/20","國泰-敦南",0,19,-19
"12783","1570力肯","110/07/20","群益金鼎-高雄",16,0,16
"12784","1570力肯","110/07/20","中國信託-永康",0,12,-12
"12785","1570力肯","110/07/20","臺銀-鳳山",10,0,10
"12786","1570力肯","110/07/20","第一金-路竹",0,10,-10
"12787","1570力肯","110/07/20","群益金鼎-新竹",6,0,6
"12788","1570力肯","110/07/20","福勝",0,10,-10
"12789","1570力肯","110/07/20","大昌-樹林",5,0,5
"12790","1570力肯","110/07/20","群益金鼎-板橋",0,10,-10
"12791","1570力肯","110/07/20","華南永昌-楠梓",5,0,5
"12792","1570力肯","110/07/20","日盛-鳳山",0,8,-8
"12793","1570力肯","110/07/20","元大-基隆孝二",5,0,5
"12794","1570力肯","110/07/20","永豐金-新竹",6,14,-8
"12795","1570力肯","110/07/20","元大-新竹經國",4,0,4
"12796","1570力肯","110/07/20","第一金-彰化",0,7,-7
"12797","1570力肯","110/07/20","土銀-高雄",2,0,2
"12798","1570力肯","110/07/20","元富-吉利",0,7,-7
"12799","1570力肯","110/07/20","台灣企銀-太平",2,0,2
"12800","1570力肯","110/07/20","台中銀-員林",0,7,-7
"12801","1570力肯","110/07/20","兆豐-忠孝",2,0,2
"12802","1570力肯","110/07/20","玉山證券",1,8,-7
"12803","1570力肯","110/07/20","玉山-城中",2,0,2
"12804","1570力肯","110/07/20","統一-三重",0,5,-5
"12805","1570力肯","110/07/20","國泰-板橋",2,0,2
"12806","1570力肯","110/07/20","光和-溪湖",0,3,-3
"12807","1570力肯","110/07/20","凱基-台北",2,0,2
"12808","1570力肯","110/07/20","康和-澎湖",0,3,-3
"12809","1570力肯","110/07/20","華南永昌-高雄",2,0,2
"12810","1570力肯","110/07/20","摩根大通",0,2,-2
"12811","6180橘子","110/07/20","摩根大通",89,31,58
"12812","6180橘子","110/07/20","群益金鼎-中山",0,80,-80
"12813","6180橘子","110/07/20","美商高盛",27,0,27
"12814","6180橘子","110/07/20","台中銀-台北",0,30,-30
"12815","6180橘子","110/07/20","新加坡商瑞銀",28,1,27
"12816","6180橘子","110/07/20","日盛-新莊",1,22,-21
"12817","6180橘子","110/07/20","新光",41,16,25
"12818","6180橘子","110/07/20","元富-緯城",2,20,-18
"12819","6180橘子","110/07/20","日盛-文化",21,0,21
"12820","6180橘子","110/07/20","日盛-新竹",2,15,-13
"12821","6180橘子","110/07/20","元富-潮州",20,0,20
"12822","6180橘子","110/07/20","元大-汐止",0,12,-12
"12823","6180橘子","110/07/20","凱基-台北",31,11,20
"12824","6180橘子","110/07/20","元大-豐原站前",0,12,-12
"12825","6180橘子","110/07/20","元大-草屯",18,0,18
"12826","6180橘子","110/07/20","德信-中正",0,10,-10
"12827","6180橘子","110/07/20","花旗環球",13,0,13
"12828","6180橘子","110/07/20","新光-台南",0,10,-10
"12829","6180橘子","110/07/20","元大-桃園",12,0,12
"12830","6180橘子","110/07/20","玉山-雙和",0,10,-10
"12831","6180橘子","110/07/20","群益金鼎",10,0,10
"12832","6180橘子","110/07/20","元大-四維",0,10,-10
"12833","6180橘子","110/07/20","元大-高雄",10,0,10
"12834","6180橘子","110/07/20","元大-永春",2,12,-10
"12835","6180橘子","110/07/20","群益金鼎-嘉義",9,0,9
"12836","6180橘子","110/07/20","凱基-高美館",0,8,-8
"12837","6180橘子","110/07/20","富邦-嘉義",9,0,9
"12838","6180橘子","110/07/20","華南永昌",2,10,-8
"12839","6180橘子","110/07/20","元富-草屯",10,2,8
"12840","6180橘子","110/07/20","富邦-台北",0,8,-8
"12841","2390云辰","110/07/20","元大證券",6043,11,6032
"12842","2390云辰","110/07/20","華南永昌-鳳山",2,312,-310
"12843","2390云辰","110/07/20","兆豐-復興",998,0,998
"12844","2390云辰","110/07/20","台灣摩根士丹利",0,247,-247
"12845","2390云辰","110/07/20","富邦-嘉義",775,7,768
"12846","2390云辰","110/07/20","元大-復北",4,239,-235
"12847","2390云辰","110/07/20","統一-台中",350,6,344
"12848","2390云辰","110/07/20","富邦-建國",25,236,-211
"12849","2390云辰","110/07/20","兆豐-城中",240,0,240
"12850","2390云辰","110/07/20","元富-中港",0,202,-202
"12851","2390云辰","110/07/20","群益金鼎-館前",204,2,202
"12852","2390云辰","110/07/20","國泰-敦南",20,194,-174
"12853","2390云辰","110/07/20","凱基-大直",187,0,187
"12854","2390云辰","110/07/20","元大-土城學府",10,156,-146
"12855","2390云辰","110/07/20","永豐金證券",160,10,150
"12856","2390云辰","110/07/20","中國信託-松江",0,130,-130
"12857","2390云辰","110/07/20","日盛-高雄",104,2,102
"12858","2390云辰","110/07/20","凱基-基隆",0,130,-130
"12859","2390云辰","110/07/20","凱基-中山",100,3,97
"12860","2390云辰","110/07/20","永豐金-中正",1,117,-116
"12861","2390云辰","110/07/20","元大-基隆",85,7,78
"12862","2390云辰","110/07/20","富邦-陽明",1,94,-93
"12863","2390云辰","110/07/20","群益金鼎-東大",64,2,62
"12864","2390云辰","110/07/20","元大-潮州",20,112,-92
"12865","2390云辰","110/07/20","元大-前金",60,1,59
"12866","2390云辰","110/07/20","宏遠證券",0,89,-89
"12867","2390云辰","110/07/20","國票-北高雄",63,14,49
"12868","2390云辰","110/07/20","兆豐-台中",0,75,-75
"12869","2390云辰","110/07/20","群益金鼎-三重",40,6,34
"12870","2390云辰","110/07/20","新光",8,82,-74
"12871","2363矽統","110/07/19","第一金-忠孝",210,0,210
"12872","2363矽統","110/07/19","富邦-仁愛",32,575,-543
"12873","2363矽統","110/07/19","中國信託-文心",191,9,182
"12874","2363矽統","110/07/19","新加坡商瑞銀",53,486,-433
"12875","2363矽統","110/07/19","華南永昌-鳳山",116,1,115
"12876","2363矽統","110/07/19","摩根大通",42,320,-278
"12877","2363矽統","110/07/19","元大-新竹",113,12,101
"12878","2363矽統","110/07/19","元大-竹科",3,201,-198
"12879","2363矽統","110/07/19","凱基-中山",89,1,88
"12880","2363矽統","110/07/19","元大-成功",7,183,-176
"12881","2363矽統","110/07/19","永豐金-嘉義",82,7,75
"12882","2363矽統","110/07/19","凱基-大里",0,150,-150
"12883","2363矽統","110/07/19","凱基-台南",72,4,68
"12884","2363矽統","110/07/19","瑞士信貸",80,215,-135
"12885","2363矽統","110/07/19","元富-城東",84,17,67
"12886","2363矽統","110/07/19","日盛-新莊",4,135,-131
"12887","2363矽統","110/07/19","群益金鼎-東湖",61,0,61
"12888","2363矽統","110/07/19","宏遠-桃園",20,150,-130
"12889","2363矽統","110/07/19","兆豐-中壢",55,0,55
"12890","2363矽統","110/07/19","凱基-三重",7,107,-100
"12891","2363矽統","110/07/19","康和-內湖",55,1,54
"12892","2363矽統","110/07/19","凱基-台北",384,476,-92
"12893","2363矽統","110/07/19","群益金鼎-桃園",55,2,53
"12894","2363矽統","110/07/19","合庫-台中",3,84,-81
"12895","2363矽統","110/07/19","群益金鼎-大興",50,0,50
"12896","2363矽統","110/07/19","致和-金華",1,80,-79
"12897","2363矽統","110/07/19","台新-台中",81,32,49
"12898","2363矽統","110/07/19","凱基-員林",5,77,-72
"12899","2363矽統","110/07/19","北城證券",58,10,48
"12900","2363矽統","110/07/19","華南永昌-合泰",2,70,-68
"12901","8112至上","110/07/19","摩根大通",1413,144,1269
"12902","8112至上","110/07/19","凱基-三重",3,600,-597
"12903","8112至上","110/07/19","凱基-台北",1053,266,787
"12904","8112至上","110/07/19","元大-府城",0,165,-165
"12905","8112至上","110/07/19","新加坡商瑞銀",523,2,521
"12906","8112至上","110/07/19","台灣企銀-台中",0,150,-150
"12907","8112至上","110/07/19","台灣摩根士丹利",487,8,479
"12908","8112至上","110/07/19","(牛牛牛)亞-鑫豐",26,119,-93
"12909","8112至上","110/07/19","美林",529,93,436
"12910","8112至上","110/07/19","永豐金-台南",15,95,-80
"12911","8112至上","110/07/19","港商野村",358,36,322
"12912","8112至上","110/07/19","亞東-板橋",2,81,-79
"12913","8112至上","110/07/19","美商高盛",276,3,273
"12914","8112至上","110/07/19","陽信",0,70,-70
"12915","8112至上","110/07/19","兆豐-公益",180,7,173
"12916","8112至上","110/07/19","元富-佳里",0,69,-69
"12917","8112至上","110/07/19","國泰-板橋",116,15,101
"12918","8112至上","110/07/19","臺銀-鳳山",7,72,-65
"12919","8112至上","110/07/19","凱基-新莊",100,1,99
"12920","8112至上","110/07/19","兆豐-竹北",4,65,-61
"12921","8112至上","110/07/19","凱基-市政",89,0,89
"12922","8112至上","110/07/19","國泰-新莊",2,62,-60
"12923","8112至上","110/07/19","玉山證券",73,7,66
"12924","8112至上","110/07/19","元富-大裕",2,60,-58
"12925","8112至上","110/07/19","花旗環球",64,0,64
"12926","8112至上","110/07/19","臺灣企銀-桃園",0,55,-55
"12927","8112至上","110/07/19","合庫-台中",55,3,52
"12928","8112至上","110/07/19","康和-台南",4,59,-55
"12929","8112至上","110/07/19","永豐金-中壢",50,1,49
"12930","8112至上","110/07/19","第一金-華江",3,55,-52
"12931","1570力肯","110/07/19","國票-北高雄",34,0,34
"12932","1570力肯","110/07/19","合庫-三重",0,8,-8
"12933","1570力肯","110/07/19","新光",30,3,27
"12934","1570力肯","110/07/19","元大-高雄",0,8,-8
"12935","1570力肯","110/07/19","凱基-台北",24,1,23
"12936","1570力肯","110/07/19","合庫-台中",0,7,-7
"12937","1570力肯","110/07/19","台灣摩根士丹利",7,0,7
"12938","1570力肯","110/07/19","臺銀-臺中",0,6,-6
"12939","1570力肯","110/07/19","元大-林森",5,0,5
"12940","1570力肯","110/07/19","摩根大通",6,11,-5
"12941","1570力肯","110/07/19","元大-士林",4,0,4
"12942","1570力肯","110/07/19","元富-緯城",0,4,-4
"12943","1570力肯","110/07/19","玉山證券",8,5,3
"12944","1570力肯","110/07/19","玉山-台大",0,4,-4
"12945","1570力肯","110/07/19","統一-城中",2,0,2
"12946","1570力肯","110/07/19","群益金鼎-三重",0,4,-4
"12947","1570力肯","110/07/19","元大-基隆孝二",2,0,2
"12948","1570力肯","110/07/19","凱基-鳳山",1,5,-4
"12949","1570力肯","110/07/19","土銀-建國",1,0,1
"12950","1570力肯","110/07/19","元大-板橋",0,4,-4
"12951","1570力肯","110/07/19","日盛-復興",1,0,1
"12952","1570力肯","110/07/19","日盛-和美",0,3,-3
"12953","1570力肯","110/07/19","瑞士信貸",1,0,1
"12954","1570力肯","110/07/19","元富-新店",2,5,-3
"12955","1570力肯","110/07/19","元富-四維",1,0,1
"12956","1570力肯","110/07/19","元大-新莊",0,3,-3
"12957","1570力肯","110/07/19","群益金鼎-北高雄",1,0,1
"12958","1570力肯","110/07/19","永豐金-敦南",0,3,-3
"12959","1570力肯","110/07/19","凱基-高美館",1,0,1
"12960","1570力肯","110/07/19","永豐金-台中",0,3,-3
"12961","2929淘帝","110/07/19","元大-民生",28,0,28
"12962","2929淘帝","110/07/19","元大-六合",0,40,-40
"12963","2929淘帝","110/07/19","宏遠-光隆",25,0,25
"12964","2929淘帝","110/07/19","新光-新竹",0,35,-35
"12965","2929淘帝","110/07/19","華南永昌-苗栗",20,0,20
"12966","2929淘帝","110/07/19","新加坡商瑞銀",1,30,-29
"12967","2929淘帝","110/07/19","元大-員林",20,0,20
"12968","2929淘帝","110/07/19","永豐金-永康",0,27,-27
"12969","2929淘帝","110/07/19","合庫-高雄",18,0,18
"12970","2929淘帝","110/07/19","凱基-復興",0,24,-24
"12971","2929淘帝","110/07/19","臺銀-鳳山",18,0,18
"12972","2929淘帝","110/07/19","日盛-豐原",0,22,-22
"12973","2929淘帝","110/07/19","日盛-雙和",17,0,17
"12974","2929淘帝","110/07/19","富邦-南屯",1,22,-21
"12975","2929淘帝","110/07/19","華南永昌-林口",15,0,15
"12976","2929淘帝","110/07/19","新光",1,21,-20
"12977","2929淘帝","110/07/19","元大-屏南",15,0,15
"12978","2929淘帝","110/07/19","華南永昌",0,20,-20
"12979","2929淘帝","110/07/19","台新-中壢",12,0,12
"12980","2929淘帝","110/07/19","富邦-竹東",2,22,-20
"12981","2929淘帝","110/07/19","新光-台中",11,0,11
"12982","2929淘帝","110/07/19","凱基-士林",0,16,-16
"12983","2929淘帝","110/07/19","凱基-台北",20,9,11
"12984","2929淘帝","110/07/19","福勝",0,15,-15
"12985","2929淘帝","110/07/19","富邦-台北",11,0,11
"12986","2929淘帝","110/07/19","港商野村",25,37,-12
"12987","2929淘帝","110/07/19","合庫-自強",10,0,10
"12988","2929淘帝","110/07/19","群益金鼎-建成",0,11,-11
"12989","2929淘帝","110/07/19","凱基-豐中",10,0,10
"12990","2929淘帝","110/07/19","華南永昌-朴子",0,11,-11
"12991","5410國眾","110/07/19","香港上海匯豐",28,0,28
"12992","5410國眾","110/07/19","群益金鼎-內湖",0,80,-80
"12993","5410國眾","110/07/19","大昌",26,0,26
"12994","5410國眾","110/07/19","永豐金-屏東",0,14,-14
"12995","5410國眾","110/07/19","兆豐-公益",20,0,20
"12996","5410國眾","110/07/19","永豐金-南京",0,10,-10
"12997","5410國眾","110/07/19","合庫-嘉義",10,0,10
"12998","5410國眾","110/07/19","元大-內湖",0,9,-9
"12999","5410國眾","110/07/19","台新-左楠",20,10,10
"13000","5410國眾","110/07/19","富邦-永和",0,8,-8
"13001","5410國眾","110/07/19","摩根大通",15,6,9
"13002","5410國眾","110/07/19","日盛-景美",0,6,-6
"13003","5410國眾","110/07/19","台灣企銀-民雄",8,0,8
"13004","5410國眾","110/07/19","光和",1,7,-6
"13005","5410國眾","110/07/19","元大-竹科",8,0,8
"13006","5410國眾","110/07/19","元大-士林",0,6,-6
"13007","5410國眾","110/07/19","凱基-台北",9,3,6
"13008","5410國眾","110/07/19","新光-台中",0,5,-5
"13009","5410國眾","110/07/19","元大-博愛",6,0,6
"13010","5410國眾","110/07/19","元大-景美",0,5,-5
"13011","5410國眾","110/07/19","台新-三民",5,0,5
"13012","5410國眾","110/07/19","大慶-蘆洲",0,4,-4
"13013","5410國眾","110/07/19","群益金鼎-中壢",5,0,5
"13014","5410國眾","110/07/19","中國信託-新竹",0,4,-4
"13015","5410國眾","110/07/19","群益金鼎-嘉義",5,0,5
"13016","5410國眾","110/07/19","新光",6,10,-4
"13017","5410國眾","110/07/19","日盛證券",4,0,4
"13018","5410國眾","110/07/19","元大-基隆孝二",0,4,-4
"13019","5410國眾","110/07/19","群益金鼎-新店",4,0,4
"13020","5410國眾","110/07/19","土銀-台中",0,3,-3
"13021","2841台開","110/07/19","元富-城東",150,0,150
"13022","2841台開","110/07/19","日進",0,80,-80
"13023","2841台開","110/07/19","中國信託-忠孝",80,0,80
"13024","2841台開","110/07/19","港商野村",0,77,-77
"13025","2841台開","110/07/19","凱基-台北",52,0,52
"13026","2841台開","110/07/19","摩根大通",0,41,-41
"13027","2841台開","110/07/19","美商高盛",48,0,48
"13028","2841台開","110/07/19","元大-三重",1,38,-37
"13029","2841台開","110/07/19","台中銀",43,0,43
"13030","2841台開","110/07/19","元大-福營",0,30,-30
"13031","2841台開","110/07/19","永豐金-豐原",32,0,32
"13032","2841台開","110/07/19","新光",4,28,-24
"13033","2841台開","110/07/19","豐農",20,0,20
"13034","2841台開","110/07/19","元大-竹科",0,22,-22
"13035","2841台開","110/07/19","台新-台中",30,10,20
"13036","2841台開","110/07/19","永豐金-敦南",33,55,-22
"13037","2841台開","110/07/19","華南永昌-新莊",20,0,20
"13038","2841台開","110/07/19","日盛-二林",0,15,-15
"13039","2841台開","110/07/19","第一金-台中",12,0,12
"13040","2841台開","110/07/19","元富-虎尾",0,15,-15
"13041","2841台開","110/07/19","國泰-台中",12,0,12
"13042","2841台開","110/07/19","華南永昌-世貿",0,15,-15
"13043","2841台開","110/07/19","日茂",10,0,10
"13044","2841台開","110/07/19","統一-三多",0,12,-12
"13045","2841台開","110/07/19","凱基-埔墘",10,0,10
"13046","2841台開","110/07/19","台中銀-豐原",0,10,-10
"13047","2841台開","110/07/19","永豐金-內湖",8,0,8
"13048","2841台開","110/07/19","元大-頭份",0,10,-10
"13049","2841台開","110/07/19","合庫-台中",7,0,7
"13050","2841台開","110/07/19","合庫-台南",0,8,-8
"13051","6207雷科","110/07/19","元富-信義",92,0,92
"13052","6207雷科","110/07/19","新加坡商瑞銀",5,104,-99
"13053","6207雷科","110/07/19","國泰證券",90,0,90
"13054","6207雷科","110/07/19","富邦-彰化",2,97,-95
"13055","6207雷科","110/07/19","元富-城中",80,4,76
"13056","6207雷科","110/07/19","永豐金-內湖",6,85,-79
"13057","6207雷科","110/07/19","元大-福營",71,5,66
"13058","6207雷科","110/07/19","摩根大通",102,164,-62
"13059","6207雷科","110/07/19","凱基-復興",60,0,60
"13060","6207雷科","110/07/19","瑞士信貸",0,51,-51
"13061","6207雷科","110/07/19","凱基-台北",91,46,45
"13062","6207雷科","110/07/19","凱基-板橋",10,55,-45
"13063","6207雷科","110/07/19","玉山-城中",42,0,42
"13064","6207雷科","110/07/19","華南永昌-大安",0,40,-40
"13065","6207雷科","110/07/19","華南永昌-長虹",40,0,40
"13066","6207雷科","110/07/19","群益金鼎-東大",1,40,-39
"13067","6207雷科","110/07/19","永豐金-羅東",38,0,38
"13068","6207雷科","110/07/19","台新-高雄",15,47,-32
"13069","6207雷科","110/07/19","日盛-忠孝",36,2,34
"13070","6207雷科","110/07/19","玉山-嘉義",1,32,-31
"13071","6207雷科","110/07/19","凱基-羅東",37,3,34
"13072","6207雷科","110/07/19","凱基-中港",0,30,-30
"13073","6207雷科","110/07/19","第一金-新竹",30,0,30
"13074","6207雷科","110/07/19","元大-六合",7,36,-29
"13075","6207雷科","110/07/19","玉山-數位",27,1,26
"13076","6207雷科","110/07/19","元富-花蓮",0,28,-28
"13077","6207雷科","110/07/19","凱基-長庚",22,0,22
"13078","6207雷科","110/07/19","群益金鼎-瑞豐",6,34,-28
"13079","6207雷科","110/07/19","台灣企銀-北高雄",20,0,20
"13080","6207雷科","110/07/19","新百王",0,26,-26
"13081","3679新至陞","110/07/19","元大-成功",7,0,7
"13082","3679新至陞","110/07/19","群益金鼎-大安",0,15,-15
"13083","3679新至陞","110/07/19","美商高盛",6,0,6
"13084","3679新至陞","110/07/19","凱基-民權",0,10,-10
"13085","3679新至陞","110/07/19","台新-高雄",5,0,5
"13086","3679新至陞","110/07/19","元大-西門",0,10,-10
"13087","3679新至陞","110/07/19","凱基-松山",5,0,5
"13088","3679新至陞","110/07/19","瑞士信貸",0,6,-6
"13089","3679新至陞","110/07/19","日盛-員林",4,0,4
"13090","3679新至陞","110/07/19","兆豐-高雄",0,6,-6
"13091","3679新至陞","110/07/19","台中銀-員林",4,0,4
"13092","3679新至陞","110/07/19","群益金鼎",0,5,-5
"13093","3679新至陞","110/07/19","(牛牛牛)亞-網路",3,0,3
"13094","3679新至陞","110/07/19","元大-永春",0,4,-4
"13095","3679新至陞","110/07/19","大昌-新店",3,0,3
"13096","3679新至陞","110/07/19","凱基-台北",2,5,-3
"13097","3679新至陞","110/07/19","凱基-埔墘",3,0,3
"13098","3679新至陞","110/07/19","港商法國興業",0,2,-2
"13099","3679新至陞","110/07/19","元大-板橋",3,0,3
"13100","3679新至陞","110/07/19","摩根大通",2,4,-2
"13101","3679新至陞","110/07/19","臺銀-金山",2,0,2
"13102","3679新至陞","110/07/19","元大-金門",0,2,-2
"13103","3679新至陞","110/07/19","日盛-樹林",2,0,2
"13104","3679新至陞","110/07/19","元大-土城",0,2,-2
"13105","3679新至陞","110/07/19","致和-東門",2,0,2
"13106","3679新至陞","110/07/19","日盛-鳳山",0,1,-1
"13107","3679新至陞","110/07/19","國票-敦北法人",2,0,2
"13108","3679新至陞","110/07/19","美林",1,2,-1
"13109","3679新至陞","110/07/19","台新證券",2,0,2
"13110","3679新至陞","110/07/19","第一金",0,1,-1
"13111","2727王品","110/07/19","台新證券",374,33,341
"13112","2727王品","110/07/19","台灣摩根士丹利",25,188,-163
"13113","2727王品","110/07/19","瑞士信貸",217,1,216
"13114","2727王品","110/07/19","港商野村",74,198,-124
"13115","2727王品","110/07/19","兆豐-南京",200,0,200
"13116","2727王品","110/07/19","統一",6,80,-74
"13117","2727王品","110/07/19","第一金",70,1,69
"13118","2727王品","110/07/19","合庫-台中",8,79,-71
"13119","2727王品","110/07/19","元大-小港",59,1,58
"13120","2727王品","110/07/19","凱基-台北",178,231,-53
"13121","2727王品","110/07/19","玉山-桃園",42,6,36
"13122","2727王品","110/07/19","富邦-中壢",3,52,-49
"13123","2727王品","110/07/19","永豐金-大園",31,0,31
"13124","2727王品","110/07/19","凱基-永華",0,43,-43
"13125","2727王品","110/07/19","兆豐-大安",30,0,30
"13126","2727王品","110/07/19","土銀-台中",0,36,-36
"13127","2727王品","110/07/19","美商高盛",38,15,23
"13128","2727王品","110/07/19","美林",8,41,-33
"13129","2727王品","110/07/19","康和-澎湖",23,1,22
"13130","2727王品","110/07/19","中國信託-忠孝",1,33,-32
"13131","2727王品","110/07/19","第一金-高雄",21,0,21
"13132","2727王品","110/07/19","新光",31,61,-30
"13133","2727王品","110/07/19","國票-內壢",21,0,21
"13134","2727王品","110/07/19","第一金-豐原",0,26,-26
"13135","2727王品","110/07/19","元大-桃興",19,3,16
"13136","2727王品","110/07/19","富邦-彰化",0,26,-26
"13137","2727王品","110/07/19","凱基-三重",16,1,15
"13138","2727王品","110/07/19","摩根大通",78,97,-19
"13139","2727王品","110/07/19","永豐金-南投",16,1,15
"13140","2727王品","110/07/19","國泰證券",2,21,-19
"13141","1570力肯","110/07/19","國票-北高雄",34,0,34
"13142","1570力肯","110/07/19","合庫-三重",0,8,-8
"13143","1570力肯","110/07/19","新光",30,3,27
"13144","1570力肯","110/07/19","元大-高雄",0,8,-8
"13145","1570力肯","110/07/19","凱基-台北",24,1,23
"13146","1570力肯","110/07/19","合庫-台中",0,7,-7
"13147","1570力肯","110/07/19","台灣摩根士丹利",7,0,7
"13148","1570力肯","110/07/19","臺銀-臺中",0,6,-6
"13149","1570力肯","110/07/19","元大-林森",5,0,5
"13150","1570力肯","110/07/19","摩根大通",6,11,-5
"13151","1570力肯","110/07/19","元大-士林",4,0,4
"13152","1570力肯","110/07/19","元富-緯城",0,4,-4
"13153","1570力肯","110/07/19","玉山證券",8,5,3
"13154","1570力肯","110/07/19","玉山-台大",0,4,-4
"13155","1570力肯","110/07/19","統一-城中",2,0,2
"13156","1570力肯","110/07/19","群益金鼎-三重",0,4,-4
"13157","1570力肯","110/07/19","元大-基隆孝二",2,0,2
"13158","1570力肯","110/07/19","凱基-鳳山",1,5,-4
"13159","1570力肯","110/07/19","土銀-建國",1,0,1
"13160","1570力肯","110/07/19","元大-板橋",0,4,-4
"13161","1570力肯","110/07/19","日盛-復興",1,0,1
"13162","1570力肯","110/07/19","日盛-和美",0,3,-3
"13163","1570力肯","110/07/19","瑞士信貸",1,0,1
"13164","1570力肯","110/07/19","元富-新店",2,5,-3
"13165","1570力肯","110/07/19","元富-四維",1,0,1
"13166","1570力肯","110/07/19","元大-新莊",0,3,-3
"13167","1570力肯","110/07/19","群益金鼎-北高雄",1,0,1
"13168","1570力肯","110/07/19","永豐金-敦南",0,3,-3
"13169","1570力肯","110/07/19","凱基-高美館",1,0,1
"13170","1570力肯","110/07/19","永豐金-台中",0,3,-3
"13171","6180橘子","110/07/19","兆豐證券",55,0,55
"13172","6180橘子","110/07/19","石橋證券",0,80,-80
"13173","6180橘子","110/07/19","凱基-台北",89,35,54
"13174","6180橘子","110/07/19","永豐金-大園",2,50,-48
"13175","6180橘子","110/07/19","合庫-自強",36,0,36
"13176","6180橘子","110/07/19","群益金鼎-屏東",0,40,-40
"13177","6180橘子","110/07/19","新光",50,25,25
"13178","6180橘子","110/07/19","國泰-敦南",0,19,-19
"13179","6180橘子","110/07/19","日盛-龍潭",20,0,20
"13180","6180橘子","110/07/19","日盛-新竹",2,20,-18
"13181","6180橘子","110/07/19","元大-斗信",16,1,15
"13182","6180橘子","110/07/19","摩根大通",17,35,-18
"13183","6180橘子","110/07/19","康和-台中",12,0,12
"13184","6180橘子","110/07/19","富邦-陽明",0,17,-17
"13185","6180橘子","110/07/19","國泰-台中",14,2,12
"13186","6180橘子","110/07/19","美商高盛",11,27,-16
"13187","6180橘子","110/07/19","富邦-嘉義",12,0,12
"13188","6180橘子","110/07/19","統一-宜蘭",0,14,-14
"13189","6180橘子","110/07/19","元大-草屯",12,0,12
"13190","6180橘子","110/07/19","凱基-興隆",0,12,-12
"13191","6180橘子","110/07/19","元富-桃園",11,0,11
"13192","6180橘子","110/07/19","台中銀-豐原",1,11,-10
"13193","6180橘子","110/07/19","兆豐-城中",10,0,10
"13194","6180橘子","110/07/19","永豐金-豐原",0,10,-10
"13195","6180橘子","110/07/19","元大-旗山",10,0,10
"13196","6180橘子","110/07/19","永豐金-竹科",0,10,-10
"13197","6180橘子","110/07/19","元大-大安",10,0,10
"13198","6180橘子","110/07/19","臺銀-鳳山",1,10,-9
"13199","6180橘子","110/07/19","大昌-新店",9,0,9
"13200","6180橘子","110/07/19","群益金鼎-台南",0,9,-9
"13201","2390云辰","110/07/19","摩根大通",1135,266,869
"13202","2390云辰","110/07/19","元富-成功",15,119,-104
"13203","2390云辰","110/07/19","台灣摩根士丹利",232,40,192
"13204","2390云辰","110/07/19","元富-中港",5,101,-96
"13205","2390云辰","110/07/19","凱基-台北",669,504,165
"13206","2390云辰","110/07/19","元富-嘉義",5,85,-80
"13207","2390云辰","110/07/19","美林",290,159,131
"13208","2390云辰","110/07/19","美商高盛",11,62,-51
"13209","2390云辰","110/07/19","統一",111,8,103
"13210","2390云辰","110/07/19","群益金鼎-西松",4,54,-50
"13211","2390云辰","110/07/19","元富-埔里",102,0,102
"13212","2390云辰","110/07/19","聯邦商銀",0,48,-48
"13213","2390云辰","110/07/19","華南永昌-台中",126,26,100
"13214","2390云辰","110/07/19","元大-萬華",15,57,-42
"13215","2390云辰","110/07/19","永豐金-豐原",100,32,68
"13216","2390云辰","110/07/19","群益金鼎-高雄",2,42,-40
"13217","2390云辰","110/07/19","台新-台南",87,25,62
"13218","2390云辰","110/07/19","國泰-敦南",117,154,-37
"13219","2390云辰","110/07/19","台新-左楠",67,11,56
"13220","2390云辰","110/07/19","中國信託-文心",5,40,-35
"13221","2390云辰","110/07/19","國泰-忠孝",52,0,52
"13222","2390云辰","110/07/19","凱基-城中",16,51,-35
"13223","2390云辰","110/07/19","台新證券",105,54,51
"13224","2390云辰","110/07/19","瑞士信貸",0,31,-31
"13225","2390云辰","110/07/19","華南永昌-頭份",53,3,50
"13226","2390云辰","110/07/19","中國信託-永康",1,32,-31
"13227","2390云辰","110/07/19","新光-台南",44,0,44
"13228","2390云辰","110/07/19","統一-彰化",2,32,-30
"13229","2390云辰","110/07/19","合庫-西台中",50,8,42
"13230","2390云辰","110/07/19","元大-館前",7,37,-30
"13231","2363矽統","110/07/16","國票-長城",461,21,440
"13232","2363矽統","110/07/16","新加坡商瑞銀",155,482,-327
"13233","2363矽統","110/07/16","凱基-豐中",201,3,198
"13234","2363矽統","110/07/16","港商野村",253,546,-293
"13235","2363矽統","110/07/16","凱基-土城",132,9,123
"13236","2363矽統","110/07/16","摩根大通",116,401,-285
"13237","2363矽統","110/07/16","台新證券",199,78,121
"13238","2363矽統","110/07/16","瑞士信貸",291,533,-242
"13239","2363矽統","110/07/16","日盛-中和",74,0,74
"13240","2363矽統","110/07/16","日盛-竹北",19,248,-229
"13241","2363矽統","110/07/16","日盛-員林",66,3,63
"13242","2363矽統","110/07/16","臺銀-金山",4,211,-207
"13243","2363矽統","110/07/16","國票-中和",60,3,57
"13244","2363矽統","110/07/16","元大-大統",13,138,-125
"13245","2363矽統","110/07/16","新光",240,184,56
"13246","2363矽統","110/07/16","永豐金證券",11,125,-114
"13247","2363矽統","110/07/16","富邦-竹東",65,9,56
"13248","2363矽統","110/07/16","兆豐-民生",2,101,-99
"13249","2363矽統","110/07/16","華南永昌-鳳山",56,1,55
"13250","2363矽統","110/07/16","群益金鼎-松山",2,100,-98
"13251","2363矽統","110/07/16","凱基-台北",520,466,54
"13252","2363矽統","110/07/16","元大-花蓮",8,99,-91
"13253","2363矽統","110/07/16","元富-城東",63,12,51
"13254","2363矽統","110/07/16","華南永昌-虎尾",68,154,-86
"13255","2363矽統","110/07/16","群益金鼎-桃園",56,5,51
"13256","2363矽統","110/07/16","富邦-新竹華信",7,89,-82
"13257","2363矽統","110/07/16","北城證券",60,10,50
"13258","2363矽統","110/07/16","元大-佳里",3,81,-78
"13259","2363矽統","110/07/16","國票-九鼎",57,7,50
"13260","2363矽統","110/07/16","玉山-南京東路",0,73,-73
"13261","8112至上","110/07/16","宏遠證券",551,6,545
"13262","8112至上","110/07/16","玉山-桃園",42,318,-276
"13263","8112至上","110/07/16","台灣摩根士丹利",317,11,306
"13264","8112至上","110/07/16","美林",64,305,-241
"13265","8112至上","110/07/16","新加坡商瑞銀",378,73,305
"13266","8112至上","110/07/16","宏遠-館前",16,212,-196
"13267","8112至上","110/07/16","凱基-台北",758,553,205
"13268","8112至上","110/07/16","玉山-嘉義",19,95,-76
"13269","8112至上","110/07/16","富邦證券",127,0,127
"13270","8112至上","110/07/16","群益金鼎-三民",7,82,-75
"13271","8112至上","110/07/16","台新證券",129,30,99
"13272","8112至上","110/07/16","日盛-二林",1,73,-72
"13273","8112至上","110/07/16","花旗環球",97,0,97
"13274","8112至上","110/07/16","玉山-台大",8,76,-68
"13275","8112至上","110/07/16","永豐金-台南",97,8,89
"13276","8112至上","110/07/16","元富-台南",1,68,-67
"13277","8112至上","110/07/16","元大-大天母",93,15,78
"13278","8112至上","110/07/16","玉山-板橋",4,71,-67
"13279","8112至上","110/07/16","亞東-板橋",72,2,70
"13280","8112至上","110/07/16","臺灣企銀-埔墘",0,60,-60
"13281","8112至上","110/07/16","永豐金-中正",64,9,55
"13282","8112至上","110/07/16","華南永昌-鶯歌",11,64,-53
"13283","8112至上","110/07/16","大昌-樹林",53,2,51
"13284","8112至上","110/07/16","元大-士林",7,59,-52
"13285","8112至上","110/07/16","凱基-永和",56,5,51
"13286","8112至上","110/07/16","元富-新店",8,57,-49
"13287","8112至上","110/07/16","兆豐-竹北",53,3,50
"13288","8112至上","110/07/16","富邦-陽明",9,58,-49
"13289","8112至上","110/07/16","日盛-豐原",48,0,48
"13290","8112至上","110/07/16","元大-發財",0,49,-49
"13291","1570力肯","110/07/16","新光",71,6,65
"13292","1570力肯","110/07/16","元大-高雄",0,23,-23
"13293","1570力肯","110/07/16","國票-北高雄",21,0,21
"13294","1570力肯","110/07/16","合庫-台南",0,20,-20
"13295","1570力肯","110/07/16","凱基-台北",17,1,16
"13296","1570力肯","110/07/16","元富-新店",0,15,-15
"13297","1570力肯","110/07/16","群益金鼎-高雄",15,0,15
"13298","1570力肯","110/07/16","元大-東港",0,10,-10
"13299","1570力肯","110/07/16","富邦-建國",10,0,10
"13300","1570力肯","110/07/16","中國信託",0,7,-7
"13301","1570力肯","110/07/16","元大-士林",5,0,5
"13302","1570力肯","110/07/16","台新證券",0,6,-6
"13303","1570力肯","110/07/16","瑞士信貸",3,0,3
"13304","1570力肯","110/07/16","日盛-信義",0,5,-5
"13305","1570力肯","110/07/16","臺銀-高雄",2,0,2
"13306","1570力肯","110/07/16","宏遠-館前",0,5,-5
"13307","1570力肯","110/07/16","華南永昌",2,0,2
"13308","1570力肯","110/07/16","國泰-館前",0,5,-5
"13309","1570力肯","110/07/16","元富-同大",1,0,1
"13310","1570力肯","110/07/16","富邦-園區",0,5,-5
"13311","1570力肯","110/07/16","兆豐-麻豆",1,0,1
"13312","1570力肯","110/07/16","永豐金-中正",0,5,-5
"13313","1570力肯","110/07/16","國泰-板橋",1,0,1
"13314","1570力肯","110/07/16","(牛牛牛)亞-鑫豐",0,4,-4
"13315","1570力肯","110/07/16","群益金鼎-東湖",1,0,1
"13316","1570力肯","110/07/16","台中銀-員林",0,3,-3
"13317","1570力肯","110/07/16","元大-東泰",1,0,1
"13318","1570力肯","110/07/16","玉山-新莊",0,3,-3
"13319","1570力肯","110/07/16","元大-南勢角",1,0,1
"13320","1570力肯","110/07/16","凱基-長庚",0,3,-3
"13321","2929淘帝","110/07/16","元大-民生",28,0,28
"13322","2929淘帝","110/07/16","玉山-新竹",0,30,-30
"13323","2929淘帝","110/07/16","元大-員林",20,0,20
"13324","2929淘帝","110/07/16","合庫證券",0,20,-20
"13325","2929淘帝","110/07/16","兆豐-桃鶯",12,0,12
"13326","2929淘帝","110/07/16","元大-六合",0,20,-20
"13327","2929淘帝","110/07/16","元大-大統",10,0,10
"13328","2929淘帝","110/07/16","摩根大通",0,12,-12
"13329","2929淘帝","110/07/16","新加坡商瑞銀",9,0,9
"13330","2929淘帝","110/07/16","永興",0,6,-6
"13331","2929淘帝","110/07/16","凱基-基隆",6,0,6
"13332","2929淘帝","110/07/16","凱基-長庚",0,5,-5
"13333","2929淘帝","110/07/16","合庫-高雄",5,0,5
"13334","2929淘帝","110/07/16","群益金鼎-潭子",0,4,-4
"13335","2929淘帝","110/07/16","台新-台中",6,1,5
"13336","2929淘帝","110/07/16","華南永昌-小港",2,6,-4
"13337","2929淘帝","110/07/16","元大-承德",5,0,5
"13338","2929淘帝","110/07/16","華南永昌-虎尾",0,4,-4
"13339","2929淘帝","110/07/16","元大-沙鹿",5,0,5
"13340","2929淘帝","110/07/16","日盛-和美",0,3,-3
"13341","2929淘帝","110/07/16","大慶-苗栗",5,1,4
"13342","2929淘帝","110/07/16","彰銀",0,3,-3
"13343","2929淘帝","110/07/16","台新-新營",4,0,4
"13344","2929淘帝","110/07/16","港商野村",7,10,-3
"13345","2929淘帝","110/07/16","凱基-台北",6,2,4
"13346","2929淘帝","110/07/16","群益金鼎-中山",1,4,-3
"13347","2929淘帝","110/07/16","兆豐-台中港",3,0,3
"13348","2929淘帝","110/07/16","凱基-嘉義",0,3,-3
"13349","2929淘帝","110/07/16","國票-北高雄",3,0,3
"13350","2929淘帝","110/07/16","元大-斗信",0,3,-3
"13351","5410國眾","110/07/16","盈溢-籬子內",49,0,49
"13352","5410國眾","110/07/16","元大-博愛",0,41,-41
"13353","5410國眾","110/07/16","香港上海匯豐",31,0,31
"13354","5410國眾","110/07/16","元富-嘉義",0,20,-20
"13355","5410國眾","110/07/16","元大-東泰",30,0,30
"13356","5410國眾","110/07/16","國泰-桃園",0,18,-18
"13357","5410國眾","110/07/16","兆豐-台中港",20,0,20
"13358","5410國眾","110/07/16","元富",0,17,-17
"13359","5410國眾","110/07/16","臺銀-臺南",11,0,11
"13360","5410國眾","110/07/16","元大-新竹",0,14,-14
"13361","5410國眾","110/07/16","富邦-新竹華信",11,0,11
"13362","5410國眾","110/07/16","安泰-大發",0,11,-11
"13363","5410國眾","110/07/16","臺銀",10,0,10
"13364","5410國眾","110/07/16","大昌-樹林",0,10,-10
"13365","5410國眾","110/07/16","凱基-台北",8,1,7
"13366","5410國眾","110/07/16","群益金鼎-內湖",0,10,-10
"13367","5410國眾","110/07/16","日盛-士林",5,0,5
"13368","5410國眾","110/07/16","元大-樹林",0,10,-10
"13369","5410國眾","110/07/16","新光-桃園",5,0,5
"13370","5410國眾","110/07/16","元大-內湖",0,9,-9
"13371","5410國眾","110/07/16","國泰-台南",5,0,5
"13372","5410國眾","110/07/16","群益金鼎-永和",0,5,-5
"13373","5410國眾","110/07/16","群益金鼎-嘉義",5,0,5
"13374","5410國眾","110/07/16","凱基-屏東",0,5,-5
"13375","5410國眾","110/07/16","元大-屏南",5,0,5
"13376","5410國眾","110/07/16","統一-員林",0,4,-4
"13377","5410國眾","110/07/16","日盛-員林",3,0,3
"13378","5410國眾","110/07/16","國泰-松江",0,4,-4
"13379","5410國眾","110/07/16","瑞士信貸",3,0,3
"13380","5410國眾","110/07/16","凱基-台南",0,4,-4
"13381","2841台開","110/07/16","日盛證券",250,0,250
"13382","2841台開","110/07/16","元大-歸仁",0,590,-590
"13383","2841台開","110/07/16","凱基-文心",204,0,204
"13384","2841台開","110/07/16","摩根大通",0,245,-245
"13385","2841台開","110/07/16","國泰-館前",114,0,114
"13386","2841台開","110/07/16","日盛-信義",0,145,-145
"13387","2841台開","110/07/16","永豐金-豐原",75,0,75
"13388","2841台開","110/07/16","港商野村",0,103,-103
"13389","2841台開","110/07/16","台新-台中",76,10,66
"13390","2841台開","110/07/16","玉山-嘉義",5,54,-49
"13391","2841台開","110/07/16","中國信託-文心",51,5,46
"13392","2841台開","110/07/16","台新證券",22,63,-41
"13393","2841台開","110/07/16","華南永昌-新莊",41,10,31
"13394","2841台開","110/07/16","美商高盛",0,39,-39
"13395","2841台開","110/07/16","富邦-嘉義",30,0,30
"13396","2841台開","110/07/16","亞東-板橋",0,30,-30
"13397","2841台開","110/07/16","新光",26,0,26
"13398","2841台開","110/07/16","永豐金-北高雄",0,30,-30
"13399","2841台開","110/07/16","富邦-板橋",25,0,25
"13400","2841台開","110/07/16","日盛-忠孝",0,20,-20
"13401","2841台開","110/07/16","新光-台中",22,0,22
"13402","2841台開","110/07/16","元富-草屯",0,15,-15
"13403","2841台開","110/07/16","元大-承德",22,0,22
"13404","2841台開","110/07/16","永豐金-板新",0,12,-12
"13405","2841台開","110/07/16","日盛-三重",20,0,20
"13406","2841台開","110/07/16","第一金-華江",0,10,-10
"13407","2841台開","110/07/16","日盛-新莊",20,0,20
"13408","2841台開","110/07/16","兆豐-南京",0,10,-10
"13409","2841台開","110/07/16","凱基-台南",20,0,20
"13410","2841台開","110/07/16","國票-中港",0,10,-10
"13411","6207雷科","110/07/16","統一-平鎮",215,4,211
"13412","6207雷科","110/07/16","凱基-台北",344,628,-284
"13413","6207雷科","110/07/16","凱基-復興",166,6,160
"13414","6207雷科","110/07/16","新加坡商瑞銀",104,370,-266
"13415","6207雷科","110/07/16","永豐金-南京",141,3,138
"13416","6207雷科","110/07/16","摩根大通",193,430,-237
"13417","6207雷科","110/07/16","永豐金-內湖",117,1,116
"13418","6207雷科","110/07/16","富邦證券",0,150,-150
"13419","6207雷科","110/07/16","日盛證券",104,2,102
"13420","6207雷科","110/07/16","華南永昌-中正",26,169,-143
"13421","6207雷科","110/07/16","群益金鼎-古亭",74,2,72
"13422","6207雷科","110/07/16","凱基-敦北",1,142,-141
"13423","6207雷科","110/07/16","群益金鼎-東門",76,12,64
"13424","6207雷科","110/07/16","凱基-板橋",0,120,-120
"13425","6207雷科","110/07/16","日盛-板橋",78,25,53
"13426","6207雷科","110/07/16","元富-大昌",30,136,-106
"13427","6207雷科","110/07/16","元大-斗六",57,6,51
"13428","6207雷科","110/07/16","元大-北成功",26,97,-71
"13429","6207雷科","110/07/16","元大-頭份",53,3,50
"13430","6207雷科","110/07/16","新光-桃園",29,93,-64
"13431","6207雷科","110/07/16","群益金鼎-東大",56,11,45
"13432","6207雷科","110/07/16","新百王",27,90,-63
"13433","6207雷科","110/07/16","永豐金-虎尾",50,8,42
"13434","6207雷科","110/07/16","玉山-左營",16,72,-56
"13435","6207雷科","110/07/16","元大-西門",39,1,38
"13436","6207雷科","110/07/16","群益金鼎-中壢",3,54,-51
"13437","6207雷科","110/07/16","凱基-竹科",38,1,37
"13438","6207雷科","110/07/16","元富-中原",21,67,-46
"13439","6207雷科","110/07/16","元富-世貿",50,15,35
"13440","6207雷科","110/07/16","大昌-桃園",26,70,-44
"13441","3679新至陞","110/07/16","元大-成功",17,1,16
"13442","3679新至陞","110/07/16","國票-桃園",0,11,-11
"13443","3679新至陞","110/07/16","玉山-台大",5,0,5
"13444","3679新至陞","110/07/16","富邦-台北",0,10,-10
"13445","3679新至陞","110/07/16","日盛-員林",4,0,4
"13446","3679新至陞","110/07/16","富邦-苗栗",0,10,-10
"13447","3679新至陞","110/07/16","凱基-台北",6,2,4
"13448","3679新至陞","110/07/16","元大-永春",0,6,-6
"13449","3679新至陞","110/07/16","台灣摩根士丹利",3,0,3
"13450","3679新至陞","110/07/16","美林",0,5,-5
"13451","3679新至陞","110/07/16","凱基-中山",3,0,3
"13452","3679新至陞","110/07/16","瑞士信貸",3,7,-4
"13453","3679新至陞","110/07/16","元大-承德",3,0,3
"13454","3679新至陞","110/07/16","宏遠-館前",0,3,-3
"13455","3679新至陞","110/07/16","元大-汐止",4,1,3
"13456","3679新至陞","110/07/16","元大-東港",0,3,-3
"13457","3679新至陞","110/07/16","日盛-大墩",2,0,2
"13458","3679新至陞","110/07/16","元大證券",0,2,-2
"13459","3679新至陞","110/07/16","玉山-城中",2,0,2
"13460","3679新至陞","110/07/16","永豐金-板新",0,2,-2
"13461","3679新至陞","110/07/16","華南永昌-內壢",2,0,2
"13462","3679新至陞","110/07/16","臺銀-民權",0,1,-1
"13463","3679新至陞","110/07/16","元大-台南",2,0,2
"13464","3679新至陞","110/07/16","日盛-台中",0,1,-1
"13465","3679新至陞","110/07/16","元大-大同",2,0,2
"13466","3679新至陞","110/07/16","日盛-鳳山",0,1,-1
"13467","3679新至陞","110/07/16","臺銀-高雄",1,0,1
"13468","3679新至陞","110/07/16","元富-古亭",0,1,-1
"13469","3679新至陞","110/07/16","日盛-樹林",1,0,1
"13470","3679新至陞","110/07/16","元富-新興",0,1,-1
"13471","2727王品","110/07/16","富邦證券",570,0,570
"13472","2727王品","110/07/16","台新證券",27,77,-50
"13473","2727王品","110/07/16","兆豐-南京",200,0,200
"13474","2727王品","110/07/16","台灣摩根士丹利",4,47,-43
"13475","2727王品","110/07/16","瑞士信貸",133,2,131
"13476","2727王品","110/07/16","永豐金-大園",0,33,-33
"13477","2727王品","110/07/16","美林",121,26,95
"13478","2727王品","110/07/16","元大-北屯",0,32,-32
"13479","2727王品","110/07/16","統一",103,43,60
"13480","2727王品","110/07/16","富邦-南屯",1,30,-29
"13481","2727王品","110/07/16","中國信託-忠孝",36,2,34
"13482","2727王品","110/07/16","元大-基隆孝二",0,29,-29
"13483","2727王品","110/07/16","元大證券",68,45,23
"13484","2727王品","110/07/16","日盛-忠孝",4,30,-26
"13485","2727王品","110/07/16","合庫-彰化",22,1,21
"13486","2727王品","110/07/16","新光-新竹",1,21,-20
"13487","2727王品","110/07/16","港商野村",126,105,21
"13488","2727王品","110/07/16","凱基-台北",94,113,-19
"13489","2727王品","110/07/16","元富-板橋",22,1,21
"13490","2727王品","110/07/16","富邦-虎尾",1,19,-18
"13491","2727王品","110/07/16","新加坡商瑞銀",36,18,18
"13492","2727王品","110/07/16","元大-南京",0,17,-17
"13493","2727王品","110/07/16","國泰證券",20,5,15
"13494","2727王品","110/07/16","日盛-鳳山",2,18,-16
"13495","2727王品","110/07/16","日盛-桃園",13,1,12
"13496","2727王品","110/07/16","新光",34,50,-16
"13497","2727王品","110/07/16","凱基-市政",12,1,11
"13498","2727王品","110/07/16","富邦-台北",2,18,-16
"13499","2727王品","110/07/16","元大-嘉義",14,3,11
"13500","2727王品","110/07/16","國票-內壢",1,15,-14
"13501","1570力肯","110/07/16","新光",71,6,65
"13502","1570力肯","110/07/16","元大-高雄",0,23,-23
"13503","1570力肯","110/07/16","國票-北高雄",21,0,21
"13504","1570力肯","110/07/16","合庫-台南",0,20,-20
"13505","1570力肯","110/07/16","凱基-台北",17,1,16
"13506","1570力肯","110/07/16","元富-新店",0,15,-15
"13507","1570力肯","110/07/16","群益金鼎-高雄",15,0,15
"13508","1570力肯","110/07/16","元大-東港",0,10,-10
"13509","1570力肯","110/07/16","富邦-建國",10,0,10
"13510","1570力肯","110/07/16","中國信託",0,7,-7
"13511","1570力肯","110/07/16","元大-士林",5,0,5
"13512","1570力肯","110/07/16","台新證券",0,6,-6
"13513","1570力肯","110/07/16","瑞士信貸",3,0,3
"13514","1570力肯","110/07/16","日盛-信義",0,5,-5
"13515","1570力肯","110/07/16","臺銀-高雄",2,0,2
"13516","1570力肯","110/07/16","宏遠-館前",0,5,-5
"13517","1570力肯","110/07/16","華南永昌",2,0,2
"13518","1570力肯","110/07/16","國泰-館前",0,5,-5
"13519","1570力肯","110/07/16","元富-同大",1,0,1
"13520","1570力肯","110/07/16","富邦-園區",0,5,-5
"13521","1570力肯","110/07/16","兆豐-麻豆",1,0,1
"13522","1570力肯","110/07/16","永豐金-中正",0,5,-5
"13523","1570力肯","110/07/16","國泰-板橋",1,0,1
"13524","1570力肯","110/07/16","(牛牛牛)亞-鑫豐",0,4,-4
"13525","1570力肯","110/07/16","群益金鼎-東湖",1,0,1
"13526","1570力肯","110/07/16","台中銀-員林",0,3,-3
"13527","1570力肯","110/07/16","元大-東泰",1,0,1
"13528","1570力肯","110/07/16","玉山-新莊",0,3,-3
"13529","1570力肯","110/07/16","元大-南勢角",1,0,1
"13530","1570力肯","110/07/16","凱基-長庚",0,3,-3
"13531","6180橘子","110/07/16","日盛-文化",71,5,66
"13532","6180橘子","110/07/16","凱基-台北",110,238,-128
"13533","6180橘子","110/07/16","新加坡商瑞銀",75,19,56
"13534","6180橘子","110/07/16","摩根大通",77,161,-84
"13535","6180橘子","110/07/16","瑞士信貸",51,0,51
"13536","6180橘子","110/07/16","元富-高雄",0,62,-62
"13537","6180橘子","110/07/16","台灣企銀-屏東",50,0,50
"13538","6180橘子","110/07/16","美商高盛",0,40,-40
"13539","6180橘子","110/07/16","元大-桃園",52,2,50
"13540","6180橘子","110/07/16","合庫-自強",0,37,-37
"13541","6180橘子","110/07/16","康和-台北",51,10,41
"13542","6180橘子","110/07/16","美林",15,48,-33
"13543","6180橘子","110/07/16","群益金鼎-屏東",61,20,41
"13544","6180橘子","110/07/16","元富-四維",0,32,-32
"13545","6180橘子","110/07/16","元大-彰化",33,2,31
"13546","6180橘子","110/07/16","新光",63,92,-29
"13547","6180橘子","110/07/16","台中銀-台北",30,0,30
"13548","6180橘子","110/07/16","新光-台南",6,28,-22
"13549","6180橘子","110/07/16","福勝",29,3,26
"13550","6180橘子","110/07/16","港商野村",28,49,-21
"13551","6180橘子","110/07/16","兆豐證券",21,0,21
"13552","6180橘子","110/07/16","統一",2,23,-21
"13553","6180橘子","110/07/16","華南永昌-頭份",20,0,20
"13554","6180橘子","110/07/16","元大-豐原站前",3,21,-18
"13555","6180橘子","110/07/16","富邦-台北",25,5,20
"13556","6180橘子","110/07/16","豐農",3,20,-17
"13557","6180橘子","110/07/16","富邦-員林",23,4,19
"13558","6180橘子","110/07/16","安泰-大發",0,17,-17
"13559","6180橘子","110/07/16","台新-新莊",20,2,18
"13560","6180橘子","110/07/16","群益金鼎",2,19,-17
"13561","2390云辰","110/07/16","兆豐-天母",642,7,635
"13562","2390云辰","110/07/16","凱基",0,5007,-5007
"13563","2390云辰","110/07/16","華南永昌-鳳山",339,35,304
"13564","2390云辰","110/07/16","凱基-台北",1224,2306,-1082
"13565","2390云辰","110/07/16","第一金-大稻埕",269,13,256
"13566","2390云辰","110/07/16","元大證券",206,1177,-971
"13567","2390云辰","110/07/16","國泰-敦南",665,427,238
"13568","2390云辰","110/07/16","摩根大通",1073,1967,-894
"13569","2390云辰","110/07/16","富邦-建國",272,50,222
"13570","2390云辰","110/07/16","台灣摩根士丹利",232,671,-439
"13571","2390云辰","110/07/16","元大-信義",180,15,165
"13572","2390云辰","110/07/16","美林",187,496,-309
"13573","2390云辰","110/07/16","瑞士信貸",155,0,155
"13574","2390云辰","110/07/16","港商野村",680,950,-270
"13575","2390云辰","110/07/16","台新證券",461,317,144
"13576","2390云辰","110/07/16","永豐金-中正",18,170,-152
"13577","2390云辰","110/07/16","兆豐-公益",148,11,137
"13578","2390云辰","110/07/16","元富-板橋",30,169,-139
"13579","2390云辰","110/07/16","元大-土城學府",197,61,136
"13580","2390云辰","110/07/16","新加坡商瑞銀",61,175,-114
"13581","2390云辰","110/07/16","元大-天母",232,122,110
"13582","2390云辰","110/07/16","聯邦商銀",54,167,-113
"13583","2390云辰","110/07/16","凱基-基隆",109,2,107
"13584","2390云辰","110/07/16","群益金鼎-大甲",13,111,-98
"13585","2390云辰","110/07/16","元富-成功",110,5,105
"13586","2390云辰","110/07/16","統一-屏東",4,92,-88
"13587","2390云辰","110/07/16","統一-新營",118,14,104
"13588","2390云辰","110/07/16","凱基-大直",3,80,-77
"13589","2390云辰","110/07/16","國泰-板橋",268,170,98
"13590","2390云辰","110/07/16","元大-桃興",46,117,-71
"13591","2363矽統","110/07/15","康和-台中",626,61,565
"13592","2363矽統","110/07/15","新加坡商瑞銀",202,838,-636
"13593","2363矽統","110/07/15","摩根大通",1271,932,339
"13594","2363矽統","110/07/15","美林",185,720,-535
"13595","2363矽統","110/07/15","瑞士信貸",530,230,300
"13596","2363矽統","110/07/15","富邦-仁愛",60,583,-523
"13597","2363矽統","110/07/15","宏遠-桃園",281,0,281
"13598","2363矽統","110/07/15","元大-板橋",35,368,-333
"13599","2363矽統","110/07/15","大展",252,19,233
"13600","2363矽統","110/07/15","花旗環球",0,308,-308
"13601","2363矽統","110/07/15","凱基-台北",683,498,185
"13602","2363矽統","110/07/15","元富-成功",2,113,-111
"13603","2363矽統","110/07/15","永豐金證券",166,11,155
"13604","2363矽統","110/07/15","富邦-新營",23,132,-109
"13605","2363矽統","110/07/15","群益金鼎",157,5,152
"13606","2363矽統","110/07/15","臺銀-金山",197,304,-107
"13607","2363矽統","110/07/15","新光",333,229,104
"13608","2363矽統","110/07/15","日盛-二林",13,116,-103
"13609","2363矽統","110/07/15","永豐金-台南",130,26,104
"13610","2363矽統","110/07/15","台新-左楠",40,126,-86
"13611","2363矽統","110/07/15","國票-南京",100,0,100
"13612","2363矽統","110/07/15","康和-南崁",15,100,-85
"13613","2363矽統","110/07/15","群益金鼎-松山",150,50,100
"13614","2363矽統","110/07/15","永豐金-員林",9,91,-82
"13615","2363矽統","110/07/15","中國信託-松江",103,5,98
"13616","2363矽統","110/07/15","光和-嘉義",5,78,-73
"13617","2363矽統","110/07/15","國票-新莊",187,92,95
"13618","2363矽統","110/07/15","日盛-板橋中山",3,73,-70
"13619","2363矽統","110/07/15","北城證券",216,126,90
"13620","2363矽統","110/07/15","元大證券",10,75,-65
"13621","8112至上","110/07/15","凱基-台北",535,32,503
"13622","8112至上","110/07/15","群益金鼎-台南",0,116,-116
"13623","8112至上","110/07/15","摩根大通",362,16,346
"13624","8112至上","110/07/15","華南永昌-高雄",2,112,-110
"13625","8112至上","110/07/15","台灣摩根士丹利",254,0,254
"13626","8112至上","110/07/15","永豐金-台南",27,128,-101
"13627","8112至上","110/07/15","花旗環球",159,0,159
"13628","8112至上","110/07/15","元大-東蘆",2,73,-71
"13629","8112至上","110/07/15","新加坡商瑞銀",95,2,93
"13630","8112至上","110/07/15","美林",3,66,-63
"13631","8112至上","110/07/15","玉山-嘉義",84,0,84
"13632","8112至上","110/07/15","元大-館前",0,62,-62
"13633","8112至上","110/07/15","新光",82,6,76
"13634","8112至上","110/07/15","元富-信義",0,50,-50
"13635","8112至上","110/07/15","瑞士信貸",80,7,73
"13636","8112至上","110/07/15","台新證券",35,82,-47
"13637","8112至上","110/07/15","美商高盛",64,0,64
"13638","8112至上","110/07/15","大慶-蘆洲",7,53,-46
"13639","8112至上","110/07/15","兆豐-小港",56,0,56
"13640","8112至上","110/07/15","國票-天祥",0,45,-45
"13641","8112至上","110/07/15","永豐金-內湖",60,11,49
"13642","8112至上","110/07/15","凱基-中山",1,45,-44
"13643","8112至上","110/07/15","永豐金-南投",46,1,45
"13644","8112至上","110/07/15","元大-士林",0,43,-43
"13645","8112至上","110/07/15","凱基-三重",40,0,40
"13646","8112至上","110/07/15","玉山-城中",4,44,-40
"13647","8112至上","110/07/15","台灣企銀",29,0,29
"13648","8112至上","110/07/15","凱基-彰化",0,39,-39
"13649","8112至上","110/07/15","元大-府城",42,14,28
"13650","8112至上","110/07/15","元富-花蓮",2,40,-38
"13651","1570力肯","110/07/15","群益金鼎-高雄",40,0,40
"13652","1570力肯","110/07/15","元大-高雄",0,12,-12
"13653","1570力肯","110/07/15","新光",40,8,32
"13654","1570力肯","110/07/15","永豐金-中正",0,10,-10
"13655","1570力肯","110/07/15","凱基-台北",20,2,18
"13656","1570力肯","110/07/15","國泰-松江",0,9,-9
"13657","1570力肯","110/07/15","凱基-天母",6,0,6
"13658","1570力肯","110/07/15","台新證券",0,8,-8
"13659","1570力肯","110/07/15","元富-新店",5,0,5
"13660","1570力肯","110/07/15","玉山證券",0,7,-7
"13661","1570力肯","110/07/15","凱基-中港",5,0,5
"13662","1570力肯","110/07/15","元大-府城",0,7,-7
"13663","1570力肯","110/07/15","富邦-園區",5,0,5
"13664","1570力肯","110/07/15","元大-板橋",0,6,-6
"13665","1570力肯","110/07/15","瑞士信貸",4,0,4
"13666","1570力肯","110/07/15","日盛-信義",0,5,-5
"13667","1570力肯","110/07/15","第一金-路竹",3,0,3
"13668","1570力肯","110/07/15","國票-和平",0,5,-5
"13669","1570力肯","110/07/15","摩根大通",3,0,3
"13670","1570力肯","110/07/15","元大-民雄",0,5,-5
"13671","1570力肯","110/07/15","凱基-桃園",3,0,3
"13672","1570力肯","110/07/15","統一-台中",0,4,-4
"13673","1570力肯","110/07/15","永豐金-苓雅",3,0,3
"13674","1570力肯","110/07/15","玉山-雙和",0,4,-4
"13675","1570力肯","110/07/15","統一-員林",2,0,2
"13676","1570力肯","110/07/15","凱基-敦北",0,4,-4
"13677","1570力肯","110/07/15","元大-永春",2,0,2
"13678","1570力肯","110/07/15","富邦-新店",0,4,-4
"13679","1570力肯","110/07/15","元大-土城永寧",2,0,2
"13680","1570力肯","110/07/15","日盛-板橋",0,3,-3
"13681","2929淘帝","110/07/15","港商野村",58,4,54
"13682","2929淘帝","110/07/15","日盛-園區",0,25,-25
"13683","2929淘帝","110/07/15","元大-民生",29,0,29
"13684","2929淘帝","110/07/15","兆豐-南京",0,20,-20
"13685","2929淘帝","110/07/15","新加坡商瑞銀",22,1,21
"13686","2929淘帝","110/07/15","玉山-高雄",0,18,-18
"13687","2929淘帝","110/07/15","凱基-台北",20,2,18
"13688","2929淘帝","110/07/15","富邦-南屯",1,15,-14
"13689","2929淘帝","110/07/15","大慶-中壢",15,1,14
"13690","2929淘帝","110/07/15","富邦-員林",0,13,-13
"13691","2929淘帝","110/07/15","日盛-和美",10,0,10
"13692","2929淘帝","110/07/15","凱基-站前",0,10,-10
"13693","2929淘帝","110/07/15","元大-員林",10,0,10
"13694","2929淘帝","110/07/15","元大-台中",0,10,-10
"13695","2929淘帝","110/07/15","凱基-基隆",6,0,6
"13696","2929淘帝","110/07/15","美林",10,19,-9
"13697","2929淘帝","110/07/15","臺銀-鳳山",5,0,5
"13698","2929淘帝","110/07/15","元大-新盛",0,8,-8
"13699","2929淘帝","110/07/15","第一金-路竹",5,0,5
"13700","2929淘帝","110/07/15","台新-台南",0,7,-7
"13701","2929淘帝","110/07/15","元富-大裕",5,0,5
"13702","2929淘帝","110/07/15","元大-大天母",0,7,-7
"13703","2929淘帝","110/07/15","玉山-大里",5,0,5
"13704","2929淘帝","110/07/15","華南永昌-虎尾",0,6,-6
"13705","2929淘帝","110/07/15","元大-博愛",5,0,5
"13706","2929淘帝","110/07/15","永豐金證券",0,6,-6
"13707","2929淘帝","110/07/15","永豐金-新莊",5,0,5
"13708","2929淘帝","110/07/15","兆豐-竹北",0,5,-5
"13709","2929淘帝","110/07/15","元大-南崁",4,0,4
"13710","2929淘帝","110/07/15","元大-文心興安",0,5,-5
"13711","5410國眾","110/07/15","香港上海匯豐",18,0,18
"13712","5410國眾","110/07/15","元大-南屯",0,18,-18
"13713","5410國眾","110/07/15","摩根大通",15,0,15
"13714","5410國眾","110/07/15","亞東-新竹",0,15,-15
"13715","5410國眾","110/07/15","日盛-士林",10,0,10
"13716","5410國眾","110/07/15","兆豐-台中港",0,15,-15
"13717","5410國眾","110/07/15","群益金鼎-嘉義",10,0,10
"13718","5410國眾","110/07/15","日盛-板橋",0,12,-12
"13719","5410國眾","110/07/15","元大-高雄",10,0,10
"13720","5410國眾","110/07/15","台中銀-豐原",0,9,-9
"13721","5410國眾","110/07/15","元大-東港",10,0,10
"13722","5410國眾","110/07/15","臺銀-臺南",3,10,-7
"13723","5410國眾","110/07/15","臺銀",10,5,5
"13724","5410國眾","110/07/15","瑞士信貸",0,5,-5
"13725","5410國眾","110/07/15","台新-新營",5,0,5
"13726","5410國眾","110/07/15","統一-員林",0,5,-5
"13727","5410國眾","110/07/15","富邦-台北",5,0,5
"13728","5410國眾","110/07/15","大昌-樹林",0,5,-5
"13729","5410國眾","110/07/15","日盛-屏東",4,0,4
"13730","5410國眾","110/07/15","兆豐-來福",0,5,-5
"13731","5410國眾","110/07/15","高橋",5,1,4
"13732","5410國眾","110/07/15","豐農",0,5,-5
"13733","5410國眾","110/07/15","中國信託-新竹",4,1,3
"13734","5410國眾","110/07/15","元大-大里",0,5,-5
"13735","5410國眾","110/07/15","富邦-建國",3,0,3
"13736","5410國眾","110/07/15","港商野村",0,3,-3
"13737","5410國眾","110/07/15","永豐金-桃園",3,0,3
"13738","5410國眾","110/07/15","中農",0,3,-3
"13739","5410國眾","110/07/15","大展",2,0,2
"13740","5410國眾","110/07/15","國泰-忠孝",0,3,-3
"13741","2841台開","110/07/15","日盛證券",310,0,310
"13742","2841台開","110/07/15","港商野村",0,97,-97
"13743","2841台開","110/07/15","元富-城東",100,0,100
"13744","2841台開","110/07/15","元大-員林",0,77,-77
"13745","2841台開","110/07/15","凱基-文心",30,0,30
"13746","2841台開","110/07/15","新光",3,73,-70
"13747","2841台開","110/07/15","日盛-雙和",24,0,24
"13748","2841台開","110/07/15","永豐金-北高雄",0,30,-30
"13749","2841台開","110/07/15","第一金-台中",20,0,20
"13750","2841台開","110/07/15","華南永昌",0,25,-25
"13751","2841台開","110/07/15","豐農",20,0,20
"13752","2841台開","110/07/15","日盛-台南",0,20,-20
"13753","2841台開","110/07/15","華南永昌-新莊",19,0,19
"13754","2841台開","110/07/15","致和-佳里",0,20,-20
"13755","2841台開","110/07/15","玉山-大里",12,0,12
"13756","2841台開","110/07/15","國票-中港",0,20,-20
"13757","2841台開","110/07/15","元富-安南",10,0,10
"13758","2841台開","110/07/15","元大-歸仁",0,20,-20
"13759","2841台開","110/07/15","凱基-市政",10,0,10
"13760","2841台開","110/07/15","統一-三多",0,19,-19
"13761","2841台開","110/07/15","凱基-竹科",10,0,10
"13762","2841台開","110/07/15","凱基-城中",0,18,-18
"13763","2841台開","110/07/15","國泰-板橋",10,1,9
"13764","2841台開","110/07/15","國票-中和",0,15,-15
"13765","2841台開","110/07/15","凱基-台北",9,0,9
"13766","2841台開","110/07/15","元大-彰化",0,15,-15
"13767","2841台開","110/07/15","合庫證券",6,0,6
"13768","2841台開","110/07/15","元大-復北",0,15,-15
"13769","2841台開","110/07/15","台中銀",6,0,6
"13770","2841台開","110/07/15","土銀-花蓮",0,14,-14
"13771","6207雷科","110/07/15","凱基-板橋",210,45,165
"13772","6207雷科","110/07/15","群益金鼎-台北",20,80,-60
"13773","6207雷科","110/07/15","富邦證券",150,0,150
"13774","6207雷科","110/07/15","元大-大天母",1,56,-55
"13775","6207雷科","110/07/15","凱基-復興",140,0,140
"13776","6207雷科","110/07/15","大慶-中壢",2,50,-48
"13777","6207雷科","110/07/15","華南永昌-中正",140,0,140
"13778","6207雷科","110/07/15","元富-林園",0,47,-47
"13779","6207雷科","110/07/15","永豐金-內湖",92,10,82
"13780","6207雷科","110/07/15","元大-東門",0,40,-40
"13781","6207雷科","110/07/15","富邦-彰化",81,11,70
"13782","6207雷科","110/07/15","第一金-安和",0,37,-37
"13783","6207雷科","110/07/15","(牛牛牛)亞-網路",67,0,67
"13784","6207雷科","110/07/15","凱基-台北",61,97,-36
"13785","6207雷科","110/07/15","台新證券",60,8,52
"13786","6207雷科","110/07/15","國票-南科",0,32,-32
"13787","6207雷科","110/07/15","華南永昌",50,3,47
"13788","6207雷科","110/07/15","元大-四維",0,32,-32
"13789","6207雷科","110/07/15","新加坡商瑞銀",68,26,42
"13790","6207雷科","110/07/15","元大-板橋",0,30,-30
"13791","6207雷科","110/07/15","日盛-景美",40,0,40
"13792","6207雷科","110/07/15","元大-南崁",1,30,-29
"13793","6207雷科","110/07/15","元富-大昌",40,0,40
"13794","6207雷科","110/07/15","凱基-岡山",0,27,-27
"13795","6207雷科","110/07/15","統一-高雄",38,5,33
"13796","6207雷科","110/07/15","統一-新竹",0,26,-26
"13797","6207雷科","110/07/15","日盛證券",32,0,32
"13798","6207雷科","110/07/15","群益金鼎-三民",1,27,-26
"13799","6207雷科","110/07/15","華南永昌-頭份",31,0,31
"13800","6207雷科","110/07/15","國票-台中",0,25,-25
"13801","3679新至陞","110/07/15","群益金鼎-大安",25,0,25
"13802","3679新至陞","110/07/15","元大-成功",0,10,-10
"13803","3679新至陞","110/07/15","元大-彰化",13,0,13
"13804","3679新至陞","110/07/15","群益金鼎-東大",0,8,-8
"13805","3679新至陞","110/07/15","國票-桃園",10,0,10
"13806","3679新至陞","110/07/15","凱基-台北",4,12,-8
"13807","3679新至陞","110/07/15","群益金鼎-台南",10,0,10
"13808","3679新至陞","110/07/15","第一金-華江",0,5,-5
"13809","3679新至陞","110/07/15","華南永昌-台中",10,0,10
"13810","3679新至陞","110/07/15","兆豐-來福",0,5,-5
"13811","3679新至陞","110/07/15","港商野村",9,0,9
"13812","3679新至陞","110/07/15","元大-北三重",0,5,-5
"13813","3679新至陞","110/07/15","元大-永春",6,0,6
"13814","3679新至陞","110/07/15","瑞士信貸",0,4,-4
"13815","3679新至陞","110/07/15","(牛牛牛)亞-網路",5,0,5
"13816","3679新至陞","110/07/15","新加坡商瑞銀",0,4,-4
"13817","3679新至陞","110/07/15","凱基-高雄",5,0,5
"13818","3679新至陞","110/07/15","元大-汐止",0,4,-4
"13819","3679新至陞","110/07/15","美商高盛",6,2,4
"13820","3679新至陞","110/07/15","台中銀-員林",0,3,-3
"13821","3679新至陞","110/07/15","台新證券",3,1,2
"13822","3679新至陞","110/07/15","兆豐-忠孝",0,3,-3
"13823","3679新至陞","110/07/15","群益金鼎-大興",2,0,2
"13824","3679新至陞","110/07/15","玉山-新莊",0,3,-3
"13825","3679新至陞","110/07/15","元大-六合",2,0,2
"13826","3679新至陞","110/07/15","永豐金-屏東",0,3,-3
"13827","3679新至陞","110/07/15","彰銀",1,0,1
"13828","3679新至陞","110/07/15","永豐金-敦南",0,3,-3
"13829","3679新至陞","110/07/15","美林",2,1,1
"13830","3679新至陞","110/07/15","永豐金-萬盛",0,3,-3
"13831","2727王品","110/07/15","兆豐-南京",101,0,101
"13832","2727王品","110/07/15","富邦-左營",0,102,-102
"13833","2727王品","110/07/15","港商野村",166,73,93
"13834","2727王品","110/07/15","日盛-忠孝",2,32,-30
"13835","2727王品","110/07/15","瑞士信貸",97,8,89
"13836","2727王品","110/07/15","群益金鼎-古亭",2,24,-22
"13837","2727王品","110/07/15","玉山證券",56,12,44
"13838","2727王品","110/07/15","日盛-八德",0,21,-21
"13839","2727王品","110/07/15","第一金-高雄",43,1,42
"13840","2727王品","110/07/15","元大-新盛",2,23,-21
"13841","2727王品","110/07/15","台新證券",74,45,29
"13842","2727王品","110/07/15","摩根大通",53,72,-19
"13843","2727王品","110/07/15","康和-澎湖",27,0,27
"13844","2727王品","110/07/15","富邦-彰化",8,26,-18
"13845","2727王品","110/07/15","富邦-陽明",31,4,27
"13846","2727王品","110/07/15","富邦-台中",7,24,-17
"13847","2727王品","110/07/15","國票-北高雄",27,1,26
"13848","2727王品","110/07/15","新加坡商瑞銀",13,29,-16
"13849","2727王品","110/07/15","國泰-板橋",38,12,26
"13850","2727王品","110/07/15","國泰-敦南",35,50,-15
"13851","2727王品","110/07/15","凱基-興隆",23,0,23
"13852","2727王品","110/07/15","元大-龍潭",0,14,-14
"13853","2727王品","110/07/15","凱基-板橋",29,7,22
"13854","2727王品","110/07/15","中國信託-文心",8,21,-13
"13855","2727王品","110/07/15","合庫-彰化",21,0,21
"13856","2727王品","110/07/15","永豐金-竹科",2,15,-13
"13857","2727王品","110/07/15","土銀-南港",20,0,20
"13858","2727王品","110/07/15","臺銀-臺南",2,14,-12
"13859","2727王品","110/07/15","美林",37,18,19
"13860","2727王品","110/07/15","凱基-台北",56,68,-12
"13861","1570力肯","110/07/15","群益金鼎-高雄",40,0,40
"13862","1570力肯","110/07/15","元大-高雄",0,12,-12
"13863","1570力肯","110/07/15","新光",40,8,32
"13864","1570力肯","110/07/15","永豐金-中正",0,10,-10
"13865","1570力肯","110/07/15","凱基-台北",20,2,18
"13866","1570力肯","110/07/15","國泰-松江",0,9,-9
"13867","1570力肯","110/07/15","凱基-天母",6,0,6
"13868","1570力肯","110/07/15","台新證券",0,8,-8
"13869","1570力肯","110/07/15","元富-新店",5,0,5
"13870","1570力肯","110/07/15","玉山證券",0,7,-7
"13871","1570力肯","110/07/15","凱基-中港",5,0,5
"13872","1570力肯","110/07/15","元大-府城",0,7,-7
"13873","1570力肯","110/07/15","富邦-園區",5,0,5
"13874","1570力肯","110/07/15","元大-板橋",0,6,-6
"13875","1570力肯","110/07/15","瑞士信貸",4,0,4
"13876","1570力肯","110/07/15","日盛-信義",0,5,-5
"13877","1570力肯","110/07/15","第一金-路竹",3,0,3
"13878","1570力肯","110/07/15","國票-和平",0,5,-5
"13879","1570力肯","110/07/15","摩根大通",3,0,3
"13880","1570力肯","110/07/15","元大-民雄",0,5,-5
"13881","1570力肯","110/07/15","凱基-桃園",3,0,3
"13882","1570力肯","110/07/15","統一-台中",0,4,-4
"13883","1570力肯","110/07/15","永豐金-苓雅",3,0,3
"13884","1570力肯","110/07/15","玉山-雙和",0,4,-4
"13885","1570力肯","110/07/15","統一-員林",2,0,2
"13886","1570力肯","110/07/15","凱基-敦北",0,4,-4
"13887","1570力肯","110/07/15","元大-永春",2,0,2
"13888","1570力肯","110/07/15","富邦-新店",0,4,-4
"13889","1570力肯","110/07/15","元大-土城永寧",2,0,2
"13890","1570力肯","110/07/15","日盛-板橋",0,3,-3
"13891","6180橘子","110/07/15","兆豐證券",130,0,130
"13892","6180橘子","110/07/15","港商野村",21,137,-116
"13893","6180橘子","110/07/15","摩根大通",111,0,111
"13894","6180橘子","110/07/15","高橋",0,40,-40
"13895","6180橘子","110/07/15","石橋證券",80,0,80
"13896","6180橘子","110/07/15","臺銀",1,40,-39
"13897","6180橘子","110/07/15","凱基-台北",78,26,52
"13898","6180橘子","110/07/15","玉山-桃園",0,35,-35
"13899","6180橘子","110/07/15","新加坡商瑞銀",38,1,37
"13900","6180橘子","110/07/15","玉山-台南",2,33,-31
"13901","6180橘子","110/07/15","富邦-員林",32,0,32
"13902","6180橘子","110/07/15","統一-南京",0,30,-30
"13903","6180橘子","110/07/15","日盛-文化",23,0,23
"13904","6180橘子","110/07/15","康和-台南",0,25,-25
"13905","6180橘子","110/07/15","元富-新店",20,0,20
"13906","6180橘子","110/07/15","大昌-樹林",0,22,-22
"13907","6180橘子","110/07/15","美林",15,0,15
"13908","6180橘子","110/07/15","康和-新竹",0,20,-20
"13909","6180橘子","110/07/15","新光-新竹",17,2,15
"13910","6180橘子","110/07/15","群益金鼎-台中",0,20,-20
"13911","6180橘子","110/07/15","富邦-嘉義",12,0,12
"13912","6180橘子","110/07/15","元大-彰化民生",0,18,-18
"13913","6180橘子","110/07/15","花旗環球",11,0,11
"13914","6180橘子","110/07/15","元大-草屯",0,16,-16
"13915","6180橘子","110/07/15","第一金-新興",11,0,11
"13916","6180橘子","110/07/15","元富-潮州",0,13,-13
"13917","6180橘子","110/07/15","第一金-桃園",10,0,10
"13918","6180橘子","110/07/15","宏遠-台南",0,11,-11
"13919","6180橘子","110/07/15","永興",10,0,10
"13920","6180橘子","110/07/15","大慶-泰山",0,10,-10
"13921","2390云辰","110/07/15","凱基",5007,0,5007
"13922","2390云辰","110/07/15","凱基-台北",382,616,-234
"13923","2390云辰","110/07/15","元大證券",1006,25,981
"13924","2390云辰","110/07/15","富邦-陽明",69,265,-196
"13925","2390云辰","110/07/15","元大-天母",456,20,436
"13926","2390云辰","110/07/15","永豐金-桃園",63,255,-192
"13927","2390云辰","110/07/15","港商野村",975,675,300
"13928","2390云辰","110/07/15","富邦-仁愛",17,187,-170
"13929","2390云辰","110/07/15","摩根大通",1318,1040,278
"13930","2390云辰","110/07/15","日盛-和美",2,165,-163
"13931","2390云辰","110/07/15","國票-博愛",184,7,177
"13932","2390云辰","110/07/15","國泰-敦南",142,290,-148
"13933","2390云辰","110/07/15","群益金鼎-大甲",113,13,100
"13934","2390云辰","110/07/15","台灣摩根士丹利",51,197,-146
"13935","2390云辰","110/07/15","凱基-大直",89,2,87
"13936","2390云辰","110/07/15","國票-嘉義",4,148,-144
"13937","2390云辰","110/07/15","玉山-台中",77,8,69
"13938","2390云辰","110/07/15","台中銀",8,139,-131
"13939","2390云辰","110/07/15","聯邦商銀",70,4,66
"13940","2390云辰","110/07/15","元大-彰化民生",7,138,-131
"13941","2390云辰","110/07/15","元大-大里",88,25,63
"13942","2390云辰","110/07/15","元富-成功",2,111,-109
"13943","2390云辰","110/07/15","富邦-嘉義",542,480,62
"13944","2390云辰","110/07/15","元大-東泰",3,106,-103
"13945","2390云辰","110/07/15","新加坡商瑞銀",158,97,61
"13946","2390云辰","110/07/15","合庫-三重",1,102,-101
"13947","2390云辰","110/07/15","華南永昌-台中",86,35,51
"13948","2390云辰","110/07/15","元富-大裕",4,87,-83
"13949","2390云辰","110/07/15","群益金鼎",51,6,45
"13950","2390云辰","110/07/15","凱基-和平",17,96,-79
"13951","2363矽統","110/07/14","台灣摩根士丹利",463,0,463
"13952","2363矽統","110/07/14","新加坡商瑞銀",568,1321,-753
"13953","2363矽統","110/07/14","台新證券",750,342,408
"13954","2363矽統","110/07/14","瑞士信貸",149,864,-715
"13955","2363矽統","110/07/14","玉山-台中",363,51,312
"13956","2363矽統","110/07/14","台新-屏東",115,380,-265
"13957","2363矽統","110/07/14","元大-斗六",223,25,198
"13958","2363矽統","110/07/14","永豐金證券",16,265,-249
"13959","2363矽統","110/07/14","華南永昌-朴子",208,38,170
"13960","2363矽統","110/07/14","美林",462,701,-239
"13961","2363矽統","110/07/14","元富-西松",169,12,157
"13962","2363矽統","110/07/14","宏遠-桃園",269,500,-231
"13963","2363矽統","110/07/14","永豐金-大園",146,6,140
"13964","2363矽統","110/07/14","凱基-竹北",36,254,-218
"13965","2363矽統","110/07/14","土銀-和平",134,0,134
"13966","2363矽統","110/07/14","港商法國興業",0,214,-214
"13967","2363矽統","110/07/14","富邦-新營",130,13,117
"13968","2363矽統","110/07/14","港商野村",835,1044,-209
"13969","2363矽統","110/07/14","元富-成功",118,11,107
"13970","2363矽統","110/07/14","北城證券",212,411,-199
"13971","2363矽統","110/07/14","元富-烏日",121,18,103
"13972","2363矽統","110/07/14","(牛牛牛)亞-鑫豐",51,241,-190
"13973","2363矽統","110/07/14","日盛-二林",120,18,102
"13974","2363矽統","110/07/14","國票-博愛",24,213,-189
"13975","2363矽統","110/07/14","兆豐-忠孝",98,2,96
"13976","2363矽統","110/07/14","大慶-蘆洲",134,316,-182
"13977","2363矽統","110/07/14","大慶-楊梅",92,3,89
"13978","2363矽統","110/07/14","彰銀-台中",15,193,-178
"13979","2363矽統","110/07/14","元富-三重",120,33,87
"13980","2363矽統","110/07/14","日盛-和美",18,185,-167
"13981","8112至上","110/07/14","新加坡商瑞銀",223,17,206
"13982","8112至上","110/07/14","瑞士信貸",8,170,-162
"13983","8112至上","110/07/14","摩根大通",285,129,156
"13984","8112至上","110/07/14","美林",55,202,-147
"13985","8112至上","110/07/14","花旗環球",124,0,124
"13986","8112至上","110/07/14","凱基-台北",325,436,-111
"13987","8112至上","110/07/14","兆豐-公益",117,4,113
"13988","8112至上","110/07/14","台中銀-台北",0,98,-98
"13989","8112至上","110/07/14","香港上海匯豐",111,0,111
"13990","8112至上","110/07/14","玉山-台大",17,107,-90
"13991","8112至上","110/07/14","永豐金-內湖",117,21,96
"13992","8112至上","110/07/14","康和-內湖",1,90,-89
"13993","8112至上","110/07/14","台灣摩根士丹利",108,16,92
"13994","8112至上","110/07/14","港商野村",21,84,-63
"13995","8112至上","110/07/14","元大-東蘆",77,0,77
"13996","8112至上","110/07/14","兆豐-北高雄",1,60,-59
"13997","8112至上","110/07/14","新光",108,48,60
"13998","8112至上","110/07/14","群益金鼎-海山",1,52,-51
"13999","8112至上","110/07/14","大慶-蘆洲",59,0,59
"14000","8112至上","110/07/14","群益金鼎-大安",0,50,-50
"14001","8112至上","110/07/14","華南永昌-台中",56,3,53
"14002","8112至上","110/07/14","富邦-仁愛",2,49,-47
"14003","8112至上","110/07/14","土銀-嘉義",52,2,50
"14004","8112至上","110/07/14","元大-金華",0,42,-42
"14005","8112至上","110/07/14","美商高盛",40,0,40
"14006","8112至上","110/07/14","元大-內湖",4,43,-39
"14007","8112至上","110/07/14","臺銀",63,29,34
"14008","8112至上","110/07/14","第一金-華江",2,37,-35
"14009","8112至上","110/07/14","元富-嘉義",31,0,31
"14010","8112至上","110/07/14","永豐金-苓雅",2,34,-32
"14011","1570力肯","110/07/14","國票-北高雄",68,0,68
"14012","1570力肯","110/07/14","摩根大通",0,21,-21
"14013","1570力肯","110/07/14","日盛-八德",30,1,29
"14014","1570力肯","110/07/14","新光",1,19,-18
"14015","1570力肯","110/07/14","玉山-高雄",7,0,7
"14016","1570力肯","110/07/14","(牛牛牛)亞-鑫豐",0,17,-17
"14017","1570力肯","110/07/14","臺銀-臺南",5,0,5
"14018","1570力肯","110/07/14","日盛-士林",0,10,-10
"14019","1570力肯","110/07/14","凱基-三峽",5,0,5
"14020","1570力肯","110/07/14","統一-員林",0,10,-10
"14021","1570力肯","110/07/14","元大-和平",5,0,5
"14022","1570力肯","110/07/14","國票-新莊",0,10,-10
"14023","1570力肯","110/07/14","合庫-三重",4,0,4
"14024","1570力肯","110/07/14","凱基-高美館",0,10,-10
"14025","1570力肯","110/07/14","瑞士信貸",4,0,4
"14026","1570力肯","110/07/14","元大-屏東民生",0,5,-5
"14027","1570力肯","110/07/14","統一-三多",4,0,4
"14028","1570力肯","110/07/14","元大-古亭",0,5,-5
"14029","1570力肯","110/07/14","華南永昌-古亭",4,0,4
"14030","1570力肯","110/07/14","日盛-木柵",0,4,-4
"14031","1570力肯","110/07/14","元大-高雄",3,0,3
"14032","1570力肯","110/07/14","大昌",0,4,-4
"14033","1570力肯","110/07/14","兆豐-忠孝",2,0,2
"14034","1570力肯","110/07/14","群益金鼎-東大",0,4,-4
"14035","1570力肯","110/07/14","富邦-陽明",2,0,2
"14036","1570力肯","110/07/14","凱基-台北",0,4,-4
"14037","1570力肯","110/07/14","元大-松山",2,0,2
"14038","1570力肯","110/07/14","元大-板橋",0,4,-4
"14039","1570力肯","110/07/14","元大-忠孝",2,0,2
"14040","1570力肯","110/07/14","第一金-中山",0,3,-3
"14041","2929淘帝","110/07/14","華南永昌-林口",60,0,60
"14042","2929淘帝","110/07/14","群益金鼎",25,540,-515
"14043","2929淘帝","110/07/14","美林",87,31,56
"14044","2929淘帝","110/07/14","國泰-台南",1,30,-29
"14045","2929淘帝","110/07/14","元富-台南",40,0,40
"14046","2929淘帝","110/07/14","宏遠-桃園",0,20,-20
"14047","2929淘帝","110/07/14","元大-民生",39,0,39
"14048","2929淘帝","110/07/14","摩根大通",11,31,-20
"14049","2929淘帝","110/07/14","臺銀-鳳山",34,0,34
"14050","2929淘帝","110/07/14","台新-建北",5,20,-15
"14051","2929淘帝","110/07/14","合庫-高雄",34,1,33
"14052","2929淘帝","110/07/14","新光",1,16,-15
"14053","2929淘帝","110/07/14","華南永昌-鶯歌",28,0,28
"14054","2929淘帝","110/07/14","玉山-板橋",0,15,-15
"14055","2929淘帝","110/07/14","永興",25,0,25
"14056","2929淘帝","110/07/14","凱基-羅東",0,15,-15
"14057","2929淘帝","110/07/14","元大-新盛",25,1,24
"14058","2929淘帝","110/07/14","元大-頭份",0,15,-15
"14059","2929淘帝","110/07/14","日盛-南京",23,0,23
"14060","2929淘帝","110/07/14","第一金-台南",0,13,-13
"14061","2929淘帝","110/07/14","日茂",20,0,20
"14062","2929淘帝","110/07/14","富邦-基隆",0,12,-12
"14063","2929淘帝","110/07/14","台新-台中",20,0,20
"14064","2929淘帝","110/07/14","日茂-南投",1,12,-11
"14065","2929淘帝","110/07/14","華南永昌",20,0,20
"14066","2929淘帝","110/07/14","元大-豐原站前",0,11,-11
"14067","2929淘帝","110/07/14","福勝",15,0,15
"14068","2929淘帝","110/07/14","玉山-士林",0,10,-10
"14069","2929淘帝","110/07/14","富邦-南屯",15,0,15
"14070","2929淘帝","110/07/14","富邦-台北",0,10,-10
"14071","5410國眾","110/07/14","兆豐-城中",35,0,35
"14072","5410國眾","110/07/14","瑞士信貸",0,29,-29
"14073","5410國眾","110/07/14","新光",21,1,20
"14074","5410國眾","110/07/14","國泰-板橋",1,30,-29
"14075","5410國眾","110/07/14","國泰-敦南",21,1,20
"14076","5410國眾","110/07/14","日盛-高雄",0,20,-20
"14077","5410國眾","110/07/14","國泰-台中",20,1,19
"14078","5410國眾","110/07/14","台新-左楠",1,20,-19
"14079","5410國眾","110/07/14","元大-崇德",19,0,19
"14080","5410國眾","110/07/14","元富-大昌",1,18,-17
"14081","5410國眾","110/07/14","土銀-士林",18,0,18
"14082","5410國眾","110/07/14","富邦-建國",0,15,-15
"14083","5410國眾","110/07/14","元大-新盛",20,2,18
"14084","5410國眾","110/07/14","元富-嘉義",0,12,-12
"14085","5410國眾","110/07/14","兆豐-高雄",15,0,15
"14086","5410國眾","110/07/14","永全-南崁",0,12,-12
"14087","5410國眾","110/07/14","宏遠-中和",10,0,10
"14088","5410國眾","110/07/14","元大-員林",0,11,-11
"14089","5410國眾","110/07/14","新光-桃園",10,0,10
"14090","5410國眾","110/07/14","高橋",0,10,-10
"14091","5410國眾","110/07/14","國泰-台南",10,0,10
"14092","5410國眾","110/07/14","永興",0,10,-10
"14093","5410國眾","110/07/14","元大-復北",10,0,10
"14094","5410國眾","110/07/14","華南永昌-三重",0,10,-10
"14095","5410國眾","110/07/14","元大-竹科",8,0,8
"14096","5410國眾","110/07/14","元大-苑裡",0,7,-7
"14097","5410國眾","110/07/14","台新-新營",6,0,6
"14098","5410國眾","110/07/14","港商野村",0,6,-6
"14099","5410國眾","110/07/14","日盛-士林",5,0,5
"14100","5410國眾","110/07/14","摩根大通",5,11,-6
"14101","2841台開","110/07/14","凱基-文心",73,0,73
"14102","2841台開","110/07/14","國泰-敦南",0,50,-50
"14103","2841台開","110/07/14","元富-潮州",30,0,30
"14104","2841台開","110/07/14","凱基-中壢",0,40,-40
"14105","2841台開","110/07/14","第一金-台中",20,0,20
"14106","2841台開","110/07/14","統一-新竹",0,24,-24
"14107","2841台開","110/07/14","華南永昌-新莊",20,0,20
"14108","2841台開","110/07/14","元富-草屯",0,20,-20
"14109","2841台開","110/07/14","永豐金-豐原",20,0,20
"14110","2841台開","110/07/14","台新-台南",0,20,-20
"14111","2841台開","110/07/14","國泰-館前",15,0,15
"14112","2841台開","110/07/14","永豐金-敦南",45,63,-18
"14113","2841台開","110/07/14","群益金鼎-基隆",12,0,12
"14114","2841台開","110/07/14","國票-北高雄",0,13,-13
"14115","2841台開","110/07/14","日盛-信義",10,0,10
"14116","2841台開","110/07/14","凱基-松山",0,10,-10
"14117","2841台開","110/07/14","台新-台中",10,0,10
"14118","2841台開","110/07/14","元大證券",0,10,-10
"14119","2841台開","110/07/14","新光",10,1,9
"14120","2841台開","110/07/14","元大-中壢",0,10,-10
"14121","2841台開","110/07/14","凱基-新店",8,0,8
"14122","2841台開","110/07/14","富邦-陽明",1,10,-9
"14123","2841台開","110/07/14","元大-斗信",7,0,7
"14124","2841台開","110/07/14","富邦-建國",0,9,-9
"14125","2841台開","110/07/14","元大-三重",6,0,6
"14126","2841台開","110/07/14","富邦-台南",0,8,-8
"14127","2841台開","110/07/14","永豐金-中和",6,0,6
"14128","2841台開","110/07/14","康和-澎湖",0,7,-7
"14129","2841台開","110/07/14","元富-成功",5,0,5
"14130","2841台開","110/07/14","日盛-斗六",0,6,-6
"14131","6207雷科","110/07/14","群益金鼎-台北",60,0,60
"14132","6207雷科","110/07/14","新加坡商瑞銀",10,56,-46
"14133","6207雷科","110/07/14","台新-高雄",43,3,40
"14134","6207雷科","110/07/14","國票-中和",0,41,-41
"14135","6207雷科","110/07/14","元大-高雄",19,0,19
"14136","6207雷科","110/07/14","元大-復北",0,33,-33
"14137","6207雷科","110/07/14","福勝",15,0,15
"14138","6207雷科","110/07/14","光和-和美",0,20,-20
"14139","6207雷科","110/07/14","群益金鼎-中山",15,0,15
"14140","6207雷科","110/07/14","群益金鼎-丹鳳",0,20,-20
"14141","6207雷科","110/07/14","元大-林園",15,0,15
"14142","6207雷科","110/07/14","第一金-路竹",0,10,-10
"14143","6207雷科","110/07/14","新光",12,0,12
"14144","6207雷科","110/07/14","元大-歸仁",0,10,-10
"14145","6207雷科","110/07/14","元大-大天母",10,0,10
"14146","6207雷科","110/07/14","宏遠-館前",0,9,-9
"14147","6207雷科","110/07/14","永豐金-忠孝",9,0,9
"14148","6207雷科","110/07/14","凱基-台北",12,20,-8
"14149","6207雷科","110/07/14","永豐金-新店",7,0,7
"14150","6207雷科","110/07/14","美林",0,7,-7
"14151","6207雷科","110/07/14","玉山-嘉義",6,0,6
"14152","6207雷科","110/07/14","摩根大通",16,23,-7
"14153","6207雷科","110/07/14","元大-屏東",6,0,6
"14154","6207雷科","110/07/14","凱基-高雄",1,7,-6
"14155","6207雷科","110/07/14","凱基-大安",5,0,5
"14156","6207雷科","110/07/14","台中銀-豐原",0,5,-5
"14157","6207雷科","110/07/14","富邦-台南",5,0,5
"14158","6207雷科","110/07/14","元大-新竹經國",0,5,-5
"14159","6207雷科","110/07/14","元大-成功",5,0,5
"14160","6207雷科","110/07/14","光和-田中",0,4,-4
"14161","3679新至陞","110/07/14","凱基-台北",31,6,25
"14162","3679新至陞","110/07/14","群益金鼎-東大",0,15,-15
"14163","3679新至陞","110/07/14","華南永昌-新莊",10,0,10
"14164","3679新至陞","110/07/14","瑞士信貸",0,12,-12
"14165","3679新至陞","110/07/14","新加坡商瑞銀",11,3,8
"14166","3679新至陞","110/07/14","群益金鼎-永和",0,10,-10
"14167","3679新至陞","110/07/14","美商高盛",6,0,6
"14168","3679新至陞","110/07/14","元大-成功",5,15,-10
"14169","3679新至陞","110/07/14","第一金-中壢",6,0,6
"14170","3679新至陞","110/07/14","統一-板橋",1,10,-9
"14171","3679新至陞","110/07/14","(牛牛牛)亞-網路",4,0,4
"14172","3679新至陞","110/07/14","玉山-左營",0,5,-5
"14173","3679新至陞","110/07/14","元大-六合",3,0,3
"14174","3679新至陞","110/07/14","群益金鼎-三民",0,4,-4
"14175","3679新至陞","110/07/14","合庫-自強",2,0,2
"14176","3679新至陞","110/07/14","富邦-宜蘭",0,4,-4
"14177","3679新至陞","110/07/14","高橋-內壢",2,0,2
"14178","3679新至陞","110/07/14","永豐金-苓雅",0,3,-3
"14179","3679新至陞","110/07/14","台中銀-員林",2,0,2
"14180","3679新至陞","110/07/14","摩根大通",5,7,-2
"14181","3679新至陞","110/07/14","凱基-高美館",2,0,2
"14182","3679新至陞","110/07/14","元大-板橋三民",0,2,-2
"14183","3679新至陞","110/07/14","元大-福營",2,0,2
"14184","3679新至陞","110/07/14","宏遠-中和",0,1,-1
"14185","3679新至陞","110/07/14","永豐金-松山",2,0,2
"14186","3679新至陞","110/07/14","元富-佳里",0,1,-1
"14187","3679新至陞","110/07/14","永豐金-萬盛",2,0,2
"14188","3679新至陞","110/07/14","(牛牛牛)亞-鑫豐",0,1,-1
"14189","3679新至陞","110/07/14","元富-松德",1,0,1
"14190","3679新至陞","110/07/14","中國信託-中壢",0,1,-1
"14191","2727王品","110/07/14","富邦-左營",102,1,101
"14192","2727王品","110/07/14","統一-城中",100,234,-134
"14193","2727王品","110/07/14","國泰-板橋",105,11,94
"14194","2727王品","110/07/14","富邦-台北",1,125,-124
"14195","2727王品","110/07/14","港商野村",149,72,77
"14196","2727王品","110/07/14","台灣摩根士丹利",1,48,-47
"14197","2727王品","110/07/14","合庫-台中",66,2,64
"14198","2727王品","110/07/14","國票-新莊",0,40,-40
"14199","2727王品","110/07/14","臺銀-金山",63,8,55
"14200","2727王品","110/07/14","永豐金-忠孝",2,39,-37
"14201","2727王品","110/07/14","摩根大通",83,39,44
"14202","2727王品","110/07/14","富邦-彰化",1,34,-33
"14203","2727王品","110/07/14","凱基-台北",84,42,42
"14204","2727王品","110/07/14","康和-高雄",0,30,-30
"14205","2727王品","110/07/14","土銀-台中",35,1,34
"14206","2727王品","110/07/14","安泰",0,26,-26
"14207","2727王品","110/07/14","華南永昌-麻豆",32,1,31
"14208","2727王品","110/07/14","富邦-新竹華信",0,21,-21
"14209","2727王品","110/07/14","元大證券",85,55,30
"14210","2727王品","110/07/14","元大-南崁",1,22,-21
"14211","2727王品","110/07/14","新加坡商瑞銀",40,15,25
"14212","2727王品","110/07/14","彰銀-台中",0,18,-18
"14213","2727王品","110/07/14","日盛-八德",19,0,19
"14214","2727王品","110/07/14","元富-同大",2,20,-18
"14215","2727王品","110/07/14","統一",35,17,18
"14216","2727王品","110/07/14","玉山-嘉義",1,17,-16
"14217","2727王品","110/07/14","元富-大昌",18,1,17
"14218","2727王品","110/07/14","國泰-館前",4,20,-16
"14219","2727王品","110/07/14","玉山-板橋",15,1,14
"14220","2727王品","110/07/14","第一金-嘉義",1,13,-12
"14221","1570力肯","110/07/14","國票-北高雄",68,0,68
"14222","1570力肯","110/07/14","摩根大通",0,21,-21
"14223","1570力肯","110/07/14","日盛-八德",30,1,29
"14224","1570力肯","110/07/14","新光",1,19,-18
"14225","1570力肯","110/07/14","玉山-高雄",7,0,7
"14226","1570力肯","110/07/14","(牛牛牛)亞-鑫豐",0,17,-17
"14227","1570力肯","110/07/14","臺銀-臺南",5,0,5
"14228","1570力肯","110/07/14","日盛-士林",0,10,-10
"14229","1570力肯","110/07/14","凱基-三峽",5,0,5
"14230","1570力肯","110/07/14","統一-員林",0,10,-10
"14231","1570力肯","110/07/14","元大-和平",5,0,5
"14232","1570力肯","110/07/14","國票-新莊",0,10,-10
"14233","1570力肯","110/07/14","合庫-三重",4,0,4
"14234","1570力肯","110/07/14","凱基-高美館",0,10,-10
"14235","1570力肯","110/07/14","瑞士信貸",4,0,4
"14236","1570力肯","110/07/14","元大-屏東民生",0,5,-5
"14237","1570力肯","110/07/14","統一-三多",4,0,4
"14238","1570力肯","110/07/14","元大-古亭",0,5,-5
"14239","1570力肯","110/07/14","華南永昌-古亭",4,0,4
"14240","1570力肯","110/07/14","日盛-木柵",0,4,-4
"14241","1570力肯","110/07/14","元大-高雄",3,0,3
"14242","1570力肯","110/07/14","大昌",0,4,-4
"14243","1570力肯","110/07/14","兆豐-忠孝",2,0,2
"14244","1570力肯","110/07/14","群益金鼎-東大",0,4,-4
"14245","1570力肯","110/07/14","富邦-陽明",2,0,2
"14246","1570力肯","110/07/14","凱基-台北",0,4,-4
"14247","1570力肯","110/07/14","元大-松山",2,0,2
"14248","1570力肯","110/07/14","元大-板橋",0,4,-4
"14249","1570力肯","110/07/14","元大-忠孝",2,0,2
"14250","1570力肯","110/07/14","第一金-中山",0,3,-3
"14251","6180橘子","110/07/14","新加坡商瑞銀",84,28,56
"14252","6180橘子","110/07/14","凱基-台北",4,37,-33
"14253","6180橘子","110/07/14","日盛-信義",29,1,28
"14254","6180橘子","110/07/14","玉山-台南",1,22,-21
"14255","6180橘子","110/07/14","豐農",28,4,24
"14256","6180橘子","110/07/14","日盛-新竹",1,21,-20
"14257","6180橘子","110/07/14","新光-新竹",24,1,23
"14258","6180橘子","110/07/14","元富-潮州",0,19,-19
"14259","6180橘子","110/07/14","華南永昌-高雄",20,0,20
"14260","6180橘子","110/07/14","元大-信義",0,17,-17
"14261","6180橘子","110/07/14","元大-羅東",20,0,20
"14262","6180橘子","110/07/14","台灣企銀-台中",1,16,-15
"14263","6180橘子","110/07/14","元大-台中中港",20,0,20
"14264","6180橘子","110/07/14","元大-北港",0,15,-15
"14265","6180橘子","110/07/14","富邦-嘉義",24,5,19
"14266","6180橘子","110/07/14","富邦-高雄",0,14,-14
"14267","6180橘子","110/07/14","富邦-仁愛",15,0,15
"14268","6180橘子","110/07/14","兆豐-埔墘",0,13,-13
"14269","6180橘子","110/07/14","國票-九鼎",13,0,13
"14270","6180橘子","110/07/14","第一金-中山",0,10,-10
"14271","6180橘子","110/07/14","日盛-木柵",12,0,12
"14272","6180橘子","110/07/14","元大-彰化民生",0,10,-10
"14273","6180橘子","110/07/14","元大-成功",10,0,10
"14274","6180橘子","110/07/14","福勝",1,10,-9
"14275","6180橘子","110/07/14","港商野村",10,2,8
"14276","6180橘子","110/07/14","群益金鼎-丹鳳",1,10,-9
"14277","6180橘子","110/07/14","玉山-左營",8,0,8
"14278","6180橘子","110/07/14","群益金鼎-板橋",0,8,-8
"14279","6180橘子","110/07/14","富邦-陽明",16,8,8
"14280","6180橘子","110/07/14","合庫-鳳山",0,7,-7
"14281","2390云辰","110/07/14","摩根大通",995,198,797
"14282","2390云辰","110/07/14","新加坡商瑞銀",28,399,-371
"14283","2390云辰","110/07/14","美林",383,22,361
"14284","2390云辰","110/07/14","凱基-新豐",3,198,-195
"14285","2390云辰","110/07/14","台灣摩根士丹利",684,358,326
"14286","2390云辰","110/07/14","元大-士林",1,152,-151
"14287","2390云辰","110/07/14","凱基-台北",656,402,254
"14288","2390云辰","110/07/14","元大-竹山",80,181,-101
"14289","2390云辰","110/07/14","日盛-和美",110,5,105
"14290","2390云辰","110/07/14","群益金鼎-開元",19,95,-76
"14291","2390云辰","110/07/14","元大-天母",72,0,72
"14292","2390云辰","110/07/14","新光",77,150,-73
"14293","2390云辰","110/07/14","永豐金-松山",57,0,57
"14294","2390云辰","110/07/14","元富-高雄",0,71,-71
"14295","2390云辰","110/07/14","統一-屏東",53,0,53
"14296","2390云辰","110/07/14","元大-土城學府",130,201,-71
"14297","2390云辰","110/07/14","港商野村",486,450,36
"14298","2390云辰","110/07/14","元大-善化",12,76,-64
"14299","2390云辰","110/07/14","致和-崇德",30,0,30
"14300","2390云辰","110/07/14","華南永昌-岡山",23,81,-58
"14301","2390云辰","110/07/14","富邦-台北",40,14,26
"14302","2390云辰","110/07/14","群益金鼎-大興",82,125,-43
"14303","2390云辰","110/07/14","台新-高雄",38,13,25
"14304","2390云辰","110/07/14","大慶-中壢",0,41,-41
"14305","2390云辰","110/07/14","富邦-板橋",32,7,25
"14306","2390云辰","110/07/14","玉山-板橋",6,47,-41
"14307","2390云辰","110/07/14","陽信-石牌",24,0,24
"14308","2390云辰","110/07/14","富邦-台東",2,42,-40
"14309","2390云辰","110/07/14","凱基-屏東",32,8,24
"14310","2390云辰","110/07/14","元大-新營",3,42,-39
"14311","2363矽統","110/07/14","台灣摩根士丹利",463,0,463
"14312","2363矽統","110/07/14","新加坡商瑞銀",568,1321,-753
"14313","2363矽統","110/07/14","台新證券",750,342,408
"14314","2363矽統","110/07/14","瑞士信貸",149,864,-715
"14315","2363矽統","110/07/14","玉山-台中",363,51,312
"14316","2363矽統","110/07/14","台新-屏東",115,380,-265
"14317","2363矽統","110/07/14","元大-斗六",223,25,198
"14318","2363矽統","110/07/14","永豐金證券",16,265,-249
"14319","2363矽統","110/07/14","華南永昌-朴子",208,38,170
"14320","2363矽統","110/07/14","美林",462,701,-239
"14321","2363矽統","110/07/14","元富-西松",169,12,157
"14322","2363矽統","110/07/14","宏遠-桃園",269,500,-231
"14323","2363矽統","110/07/14","永豐金-大園",146,6,140
"14324","2363矽統","110/07/14","凱基-竹北",36,254,-218
"14325","2363矽統","110/07/14","土銀-和平",134,0,134
"14326","2363矽統","110/07/14","港商法國興業",0,214,-214
"14327","2363矽統","110/07/14","富邦-新營",130,13,117
"14328","2363矽統","110/07/14","港商野村",835,1044,-209
"14329","2363矽統","110/07/14","元富-成功",118,11,107
"14330","2363矽統","110/07/14","北城證券",212,411,-199
"14331","2363矽統","110/07/14","元富-烏日",121,18,103
"14332","2363矽統","110/07/14","(牛牛牛)亞-鑫豐",51,241,-190
"14333","2363矽統","110/07/14","日盛-二林",120,18,102
"14334","2363矽統","110/07/14","國票-博愛",24,213,-189
"14335","2363矽統","110/07/14","兆豐-忠孝",98,2,96
"14336","2363矽統","110/07/14","大慶-蘆洲",134,316,-182
"14337","2363矽統","110/07/14","大慶-楊梅",92,3,89
"14338","2363矽統","110/07/14","彰銀-台中",15,193,-178
"14339","2363矽統","110/07/14","元富-三重",120,33,87
"14340","2363矽統","110/07/14","日盛-和美",18,185,-167
"14341","8112至上","110/07/14","新加坡商瑞銀",223,17,206
"14342","8112至上","110/07/14","瑞士信貸",8,170,-162
"14343","8112至上","110/07/14","摩根大通",285,129,156
"14344","8112至上","110/07/14","美林",55,202,-147
"14345","8112至上","110/07/14","花旗環球",124,0,124
"14346","8112至上","110/07/14","凱基-台北",325,436,-111
"14347","8112至上","110/07/14","兆豐-公益",117,4,113
"14348","8112至上","110/07/14","台中銀-台北",0,98,-98
"14349","8112至上","110/07/14","香港上海匯豐",111,0,111
"14350","8112至上","110/07/14","玉山-台大",17,107,-90
"14351","8112至上","110/07/14","永豐金-內湖",117,21,96
"14352","8112至上","110/07/14","康和-內湖",1,90,-89
"14353","8112至上","110/07/14","台灣摩根士丹利",108,16,92
"14354","8112至上","110/07/14","港商野村",21,84,-63
"14355","8112至上","110/07/14","元大-東蘆",77,0,77
"14356","8112至上","110/07/14","兆豐-北高雄",1,60,-59
"14357","8112至上","110/07/14","新光",108,48,60
"14358","8112至上","110/07/14","群益金鼎-海山",1,52,-51
"14359","8112至上","110/07/14","大慶-蘆洲",59,0,59
"14360","8112至上","110/07/14","群益金鼎-大安",0,50,-50
"14361","8112至上","110/07/14","華南永昌-台中",56,3,53
"14362","8112至上","110/07/14","富邦-仁愛",2,49,-47
"14363","8112至上","110/07/14","土銀-嘉義",52,2,50
"14364","8112至上","110/07/14","元大-金華",0,42,-42
"14365","8112至上","110/07/14","美商高盛",40,0,40
"14366","8112至上","110/07/14","元大-內湖",4,43,-39
"14367","8112至上","110/07/14","臺銀",63,29,34
"14368","8112至上","110/07/14","第一金-華江",2,37,-35
"14369","8112至上","110/07/14","元富-嘉義",31,0,31
"14370","8112至上","110/07/14","永豐金-苓雅",2,34,-32
"14371","1570力肯","110/07/14","國票-北高雄",68,0,68
"14372","1570力肯","110/07/14","摩根大通",0,21,-21
"14373","1570力肯","110/07/14","日盛-八德",30,1,29
"14374","1570力肯","110/07/14","新光",1,19,-18
"14375","1570力肯","110/07/14","玉山-高雄",7,0,7
"14376","1570力肯","110/07/14","(牛牛牛)亞-鑫豐",0,17,-17
"14377","1570力肯","110/07/14","臺銀-臺南",5,0,5
"14378","1570力肯","110/07/14","日盛-士林",0,10,-10
"14379","1570力肯","110/07/14","凱基-三峽",5,0,5
"14380","1570力肯","110/07/14","統一-員林",0,10,-10
"14381","1570力肯","110/07/14","元大-和平",5,0,5
"14382","1570力肯","110/07/14","國票-新莊",0,10,-10
"14383","1570力肯","110/07/14","合庫-三重",4,0,4
"14384","1570力肯","110/07/14","凱基-高美館",0,10,-10
"14385","1570力肯","110/07/14","瑞士信貸",4,0,4
"14386","1570力肯","110/07/14","元大-屏東民生",0,5,-5
"14387","1570力肯","110/07/14","統一-三多",4,0,4
"14388","1570力肯","110/07/14","元大-古亭",0,5,-5
"14389","1570力肯","110/07/14","華南永昌-古亭",4,0,4
"14390","1570力肯","110/07/14","日盛-木柵",0,4,-4
"14391","1570力肯","110/07/14","元大-高雄",3,0,3
"14392","1570力肯","110/07/14","大昌",0,4,-4
"14393","1570力肯","110/07/14","兆豐-忠孝",2,0,2
"14394","1570力肯","110/07/14","群益金鼎-東大",0,4,-4
"14395","1570力肯","110/07/14","富邦-陽明",2,0,2
"14396","1570力肯","110/07/14","凱基-台北",0,4,-4
"14397","1570力肯","110/07/14","元大-松山",2,0,2
"14398","1570力肯","110/07/14","元大-板橋",0,4,-4
"14399","1570力肯","110/07/14","元大-忠孝",2,0,2
"14400","1570力肯","110/07/14","第一金-中山",0,3,-3
"14401","2929淘帝","110/07/14","華南永昌-林口",60,0,60
"14402","2929淘帝","110/07/14","群益金鼎",25,540,-515
"14403","2929淘帝","110/07/14","美林",87,31,56
"14404","2929淘帝","110/07/14","國泰-台南",1,30,-29
"14405","2929淘帝","110/07/14","元富-台南",40,0,40
"14406","2929淘帝","110/07/14","宏遠-桃園",0,20,-20
"14407","2929淘帝","110/07/14","元大-民生",39,0,39
"14408","2929淘帝","110/07/14","摩根大通",11,31,-20
"14409","2929淘帝","110/07/14","臺銀-鳳山",34,0,34
"14410","2929淘帝","110/07/14","台新-建北",5,20,-15
"14411","2929淘帝","110/07/14","合庫-高雄",34,1,33
"14412","2929淘帝","110/07/14","新光",1,16,-15
"14413","2929淘帝","110/07/14","華南永昌-鶯歌",28,0,28
"14414","2929淘帝","110/07/14","玉山-板橋",0,15,-15
"14415","2929淘帝","110/07/14","永興",25,0,25
"14416","2929淘帝","110/07/14","凱基-羅東",0,15,-15
"14417","2929淘帝","110/07/14","元大-新盛",25,1,24
"14418","2929淘帝","110/07/14","元大-頭份",0,15,-15
"14419","2929淘帝","110/07/14","日盛-南京",23,0,23
"14420","2929淘帝","110/07/14","第一金-台南",0,13,-13
"14421","2929淘帝","110/07/14","日茂",20,0,20
"14422","2929淘帝","110/07/14","富邦-基隆",0,12,-12
"14423","2929淘帝","110/07/14","台新-台中",20,0,20
"14424","2929淘帝","110/07/14","日茂-南投",1,12,-11
"14425","2929淘帝","110/07/14","華南永昌",20,0,20
"14426","2929淘帝","110/07/14","元大-豐原站前",0,11,-11
"14427","2929淘帝","110/07/14","福勝",15,0,15
"14428","2929淘帝","110/07/14","玉山-士林",0,10,-10
"14429","2929淘帝","110/07/14","富邦-南屯",15,0,15
"14430","2929淘帝","110/07/14","富邦-台北",0,10,-10
"14431","5410國眾","110/07/14","兆豐-城中",35,0,35
"14432","5410國眾","110/07/14","瑞士信貸",0,29,-29
"14433","5410國眾","110/07/14","新光",21,1,20
"14434","5410國眾","110/07/14","國泰-板橋",1,30,-29
"14435","5410國眾","110/07/14","國泰-敦南",21,1,20
"14436","5410國眾","110/07/14","日盛-高雄",0,20,-20
"14437","5410國眾","110/07/14","國泰-台中",20,1,19
"14438","5410國眾","110/07/14","台新-左楠",1,20,-19
"14439","5410國眾","110/07/14","元大-崇德",19,0,19
"14440","5410國眾","110/07/14","元富-大昌",1,18,-17
"14441","5410國眾","110/07/14","土銀-士林",18,0,18
"14442","5410國眾","110/07/14","富邦-建國",0,15,-15
"14443","5410國眾","110/07/14","元大-新盛",20,2,18
"14444","5410國眾","110/07/14","元富-嘉義",0,12,-12
"14445","5410國眾","110/07/14","兆豐-高雄",15,0,15
"14446","5410國眾","110/07/14","永全-南崁",0,12,-12
"14447","5410國眾","110/07/14","宏遠-中和",10,0,10
"14448","5410國眾","110/07/14","元大-員林",0,11,-11
"14449","5410國眾","110/07/14","新光-桃園",10,0,10
"14450","5410國眾","110/07/14","高橋",0,10,-10
"14451","5410國眾","110/07/14","國泰-台南",10,0,10
"14452","5410國眾","110/07/14","永興",0,10,-10
"14453","5410國眾","110/07/14","元大-復北",10,0,10
"14454","5410國眾","110/07/14","華南永昌-三重",0,10,-10
"14455","5410國眾","110/07/14","元大-竹科",8,0,8
"14456","5410國眾","110/07/14","元大-苑裡",0,7,-7
"14457","5410國眾","110/07/14","台新-新營",6,0,6
"14458","5410國眾","110/07/14","港商野村",0,6,-6
"14459","5410國眾","110/07/14","日盛-士林",5,0,5
"14460","5410國眾","110/07/14","摩根大通",5,11,-6
"14461","2841台開","110/07/14","凱基-文心",73,0,73
"14462","2841台開","110/07/14","國泰-敦南",0,50,-50
"14463","2841台開","110/07/14","元富-潮州",30,0,30
"14464","2841台開","110/07/14","凱基-中壢",0,40,-40
"14465","2841台開","110/07/14","第一金-台中",20,0,20
"14466","2841台開","110/07/14","統一-新竹",0,24,-24
"14467","2841台開","110/07/14","華南永昌-新莊",20,0,20
"14468","2841台開","110/07/14","元富-草屯",0,20,-20
"14469","2841台開","110/07/14","永豐金-豐原",20,0,20
"14470","2841台開","110/07/14","台新-台南",0,20,-20
"14471","2841台開","110/07/14","國泰-館前",15,0,15
"14472","2841台開","110/07/14","永豐金-敦南",45,63,-18
"14473","2841台開","110/07/14","群益金鼎-基隆",12,0,12
"14474","2841台開","110/07/14","國票-北高雄",0,13,-13
"14475","2841台開","110/07/14","日盛-信義",10,0,10
"14476","2841台開","110/07/14","凱基-松山",0,10,-10
"14477","2841台開","110/07/14","台新-台中",10,0,10
"14478","2841台開","110/07/14","元大證券",0,10,-10
"14479","2841台開","110/07/14","新光",10,1,9
"14480","2841台開","110/07/14","元大-中壢",0,10,-10
"14481","2841台開","110/07/14","凱基-新店",8,0,8
"14482","2841台開","110/07/14","富邦-陽明",1,10,-9
"14483","2841台開","110/07/14","元大-斗信",7,0,7
"14484","2841台開","110/07/14","富邦-建國",0,9,-9
"14485","2841台開","110/07/14","元大-三重",6,0,6
"14486","2841台開","110/07/14","富邦-台南",0,8,-8
"14487","2841台開","110/07/14","永豐金-中和",6,0,6
"14488","2841台開","110/07/14","康和-澎湖",0,7,-7
"14489","2841台開","110/07/14","元富-成功",5,0,5
"14490","2841台開","110/07/14","日盛-斗六",0,6,-6
"14491","6207雷科","110/07/14","群益金鼎-台北",60,0,60
"14492","6207雷科","110/07/14","新加坡商瑞銀",10,56,-46
"14493","6207雷科","110/07/14","台新-高雄",43,3,40
"14494","6207雷科","110/07/14","國票-中和",0,41,-41
"14495","6207雷科","110/07/14","元大-高雄",19,0,19
"14496","6207雷科","110/07/14","元大-復北",0,33,-33
"14497","6207雷科","110/07/14","福勝",15,0,15
"14498","6207雷科","110/07/14","光和-和美",0,20,-20
"14499","6207雷科","110/07/14","群益金鼎-中山",15,0,15
"14500","6207雷科","110/07/14","群益金鼎-丹鳳",0,20,-20
"14501","6207雷科","110/07/14","元大-林園",15,0,15
"14502","6207雷科","110/07/14","第一金-路竹",0,10,-10
"14503","6207雷科","110/07/14","新光",12,0,12
"14504","6207雷科","110/07/14","元大-歸仁",0,10,-10
"14505","6207雷科","110/07/14","元大-大天母",10,0,10
"14506","6207雷科","110/07/14","宏遠-館前",0,9,-9
"14507","6207雷科","110/07/14","永豐金-忠孝",9,0,9
"14508","6207雷科","110/07/14","凱基-台北",12,20,-8
"14509","6207雷科","110/07/14","永豐金-新店",7,0,7
"14510","6207雷科","110/07/14","美林",0,7,-7
"14511","6207雷科","110/07/14","玉山-嘉義",6,0,6
"14512","6207雷科","110/07/14","摩根大通",16,23,-7
"14513","6207雷科","110/07/14","元大-屏東",6,0,6
"14514","6207雷科","110/07/14","凱基-高雄",1,7,-6
"14515","6207雷科","110/07/14","凱基-大安",5,0,5
"14516","6207雷科","110/07/14","台中銀-豐原",0,5,-5
"14517","6207雷科","110/07/14","富邦-台南",5,0,5
"14518","6207雷科","110/07/14","元大-新竹經國",0,5,-5
"14519","6207雷科","110/07/14","元大-成功",5,0,5
"14520","6207雷科","110/07/14","光和-田中",0,4,-4
"14521","3679新至陞","110/07/14","凱基-台北",31,6,25
"14522","3679新至陞","110/07/14","群益金鼎-東大",0,15,-15
"14523","3679新至陞","110/07/14","華南永昌-新莊",10,0,10
"14524","3679新至陞","110/07/14","瑞士信貸",0,12,-12
"14525","3679新至陞","110/07/14","新加坡商瑞銀",11,3,8
"14526","3679新至陞","110/07/14","群益金鼎-永和",0,10,-10
"14527","3679新至陞","110/07/14","美商高盛",6,0,6
"14528","3679新至陞","110/07/14","元大-成功",5,15,-10
"14529","3679新至陞","110/07/14","第一金-中壢",6,0,6
"14530","3679新至陞","110/07/14","統一-板橋",1,10,-9
"14531","3679新至陞","110/07/14","(牛牛牛)亞-網路",4,0,4
"14532","3679新至陞","110/07/14","玉山-左營",0,5,-5
"14533","3679新至陞","110/07/14","元大-六合",3,0,3
"14534","3679新至陞","110/07/14","群益金鼎-三民",0,4,-4
"14535","3679新至陞","110/07/14","合庫-自強",2,0,2
"14536","3679新至陞","110/07/14","富邦-宜蘭",0,4,-4
"14537","3679新至陞","110/07/14","高橋-內壢",2,0,2
"14538","3679新至陞","110/07/14","永豐金-苓雅",0,3,-3
"14539","3679新至陞","110/07/14","台中銀-員林",2,0,2
"14540","3679新至陞","110/07/14","摩根大通",5,7,-2
"14541","3679新至陞","110/07/14","凱基-高美館",2,0,2
"14542","3679新至陞","110/07/14","元大-板橋三民",0,2,-2
"14543","3679新至陞","110/07/14","元大-福營",2,0,2
"14544","3679新至陞","110/07/14","宏遠-中和",0,1,-1
"14545","3679新至陞","110/07/14","永豐金-松山",2,0,2
"14546","3679新至陞","110/07/14","元富-佳里",0,1,-1
"14547","3679新至陞","110/07/14","永豐金-萬盛",2,0,2
"14548","3679新至陞","110/07/14","(牛牛牛)亞-鑫豐",0,1,-1
"14549","3679新至陞","110/07/14","元富-松德",1,0,1
"14550","3679新至陞","110/07/14","中國信託-中壢",0,1,-1
"14551","2727王品","110/07/14","富邦-左營",102,1,101
"14552","2727王品","110/07/14","統一-城中",100,234,-134
"14553","2727王品","110/07/14","國泰-板橋",105,11,94
"14554","2727王品","110/07/14","富邦-台北",1,125,-124
"14555","2727王品","110/07/14","港商野村",149,72,77
"14556","2727王品","110/07/14","台灣摩根士丹利",1,48,-47
"14557","2727王品","110/07/14","合庫-台中",66,2,64
"14558","2727王品","110/07/14","國票-新莊",0,40,-40
"14559","2727王品","110/07/14","臺銀-金山",63,8,55
"14560","2727王品","110/07/14","永豐金-忠孝",2,39,-37
"14561","2727王品","110/07/14","摩根大通",83,39,44
"14562","2727王品","110/07/14","富邦-彰化",1,34,-33
"14563","2727王品","110/07/14","凱基-台北",84,42,42
"14564","2727王品","110/07/14","康和-高雄",0,30,-30
"14565","2727王品","110/07/14","土銀-台中",35,1,34
"14566","2727王品","110/07/14","安泰",0,26,-26
"14567","2727王品","110/07/14","華南永昌-麻豆",32,1,31
"14568","2727王品","110/07/14","富邦-新竹華信",0,21,-21
"14569","2727王品","110/07/14","元大證券",85,55,30
"14570","2727王品","110/07/14","元大-南崁",1,22,-21
"14571","2727王品","110/07/14","新加坡商瑞銀",40,15,25
"14572","2727王品","110/07/14","彰銀-台中",0,18,-18
"14573","2727王品","110/07/14","日盛-八德",19,0,19
"14574","2727王品","110/07/14","元富-同大",2,20,-18
"14575","2727王品","110/07/14","統一",35,17,18
"14576","2727王品","110/07/14","玉山-嘉義",1,17,-16
"14577","2727王品","110/07/14","元富-大昌",18,1,17
"14578","2727王品","110/07/14","國泰-館前",4,20,-16
"14579","2727王品","110/07/14","玉山-板橋",15,1,14
"14580","2727王品","110/07/14","第一金-嘉義",1,13,-12
"14581","1570力肯","110/07/14","國票-北高雄",68,0,68
"14582","1570力肯","110/07/14","摩根大通",0,21,-21
"14583","1570力肯","110/07/14","日盛-八德",30,1,29
"14584","1570力肯","110/07/14","新光",1,19,-18
"14585","1570力肯","110/07/14","玉山-高雄",7,0,7
"14586","1570力肯","110/07/14","(牛牛牛)亞-鑫豐",0,17,-17
"14587","1570力肯","110/07/14","臺銀-臺南",5,0,5
"14588","1570力肯","110/07/14","日盛-士林",0,10,-10
"14589","1570力肯","110/07/14","凱基-三峽",5,0,5
"14590","1570力肯","110/07/14","統一-員林",0,10,-10
"14591","1570力肯","110/07/14","元大-和平",5,0,5
"14592","1570力肯","110/07/14","國票-新莊",0,10,-10
"14593","1570力肯","110/07/14","合庫-三重",4,0,4
"14594","1570力肯","110/07/14","凱基-高美館",0,10,-10
"14595","1570力肯","110/07/14","瑞士信貸",4,0,4
"14596","1570力肯","110/07/14","元大-屏東民生",0,5,-5
"14597","1570力肯","110/07/14","統一-三多",4,0,4
"14598","1570力肯","110/07/14","元大-古亭",0,5,-5
"14599","1570力肯","110/07/14","華南永昌-古亭",4,0,4
"14600","1570力肯","110/07/14","日盛-木柵",0,4,-4
"14601","1570力肯","110/07/14","元大-高雄",3,0,3
"14602","1570力肯","110/07/14","大昌",0,4,-4
"14603","1570力肯","110/07/14","兆豐-忠孝",2,0,2
"14604","1570力肯","110/07/14","群益金鼎-東大",0,4,-4
"14605","1570力肯","110/07/14","富邦-陽明",2,0,2
"14606","1570力肯","110/07/14","凱基-台北",0,4,-4
"14607","1570力肯","110/07/14","元大-松山",2,0,2
"14608","1570力肯","110/07/14","元大-板橋",0,4,-4
"14609","1570力肯","110/07/14","元大-忠孝",2,0,2
"14610","1570力肯","110/07/14","第一金-中山",0,3,-3
"14611","6180橘子","110/07/14","新加坡商瑞銀",84,28,56
"14612","6180橘子","110/07/14","凱基-台北",4,37,-33
"14613","6180橘子","110/07/14","日盛-信義",29,1,28
"14614","6180橘子","110/07/14","玉山-台南",1,22,-21
"14615","6180橘子","110/07/14","豐農",28,4,24
"14616","6180橘子","110/07/14","日盛-新竹",1,21,-20
"14617","6180橘子","110/07/14","新光-新竹",24,1,23
"14618","6180橘子","110/07/14","元富-潮州",0,19,-19
"14619","6180橘子","110/07/14","華南永昌-高雄",20,0,20
"14620","6180橘子","110/07/14","元大-信義",0,17,-17
"14621","6180橘子","110/07/14","元大-羅東",20,0,20
"14622","6180橘子","110/07/14","台灣企銀-台中",1,16,-15
"14623","6180橘子","110/07/14","元大-台中中港",20,0,20
"14624","6180橘子","110/07/14","元大-北港",0,15,-15
"14625","6180橘子","110/07/14","富邦-嘉義",24,5,19
"14626","6180橘子","110/07/14","富邦-高雄",0,14,-14
"14627","6180橘子","110/07/14","富邦-仁愛",15,0,15
"14628","6180橘子","110/07/14","兆豐-埔墘",0,13,-13
"14629","6180橘子","110/07/14","國票-九鼎",13,0,13
"14630","6180橘子","110/07/14","第一金-中山",0,10,-10
"14631","6180橘子","110/07/14","日盛-木柵",12,0,12
"14632","6180橘子","110/07/14","元大-彰化民生",0,10,-10
"14633","6180橘子","110/07/14","元大-成功",10,0,10
"14634","6180橘子","110/07/14","福勝",1,10,-9
"14635","6180橘子","110/07/14","港商野村",10,2,8
"14636","6180橘子","110/07/14","群益金鼎-丹鳳",1,10,-9
"14637","6180橘子","110/07/14","玉山-左營",8,0,8
"14638","6180橘子","110/07/14","群益金鼎-板橋",0,8,-8
"14639","6180橘子","110/07/14","富邦-陽明",16,8,8
"14640","6180橘子","110/07/14","合庫-鳳山",0,7,-7
"14641","2390云辰","110/07/14","摩根大通",995,198,797
"14642","2390云辰","110/07/14","新加坡商瑞銀",28,399,-371
"14643","2390云辰","110/07/14","美林",383,22,361
"14644","2390云辰","110/07/14","凱基-新豐",3,198,-195
"14645","2390云辰","110/07/14","台灣摩根士丹利",684,358,326
"14646","2390云辰","110/07/14","元大-士林",1,152,-151
"14647","2390云辰","110/07/14","凱基-台北",656,402,254
"14648","2390云辰","110/07/14","元大-竹山",80,181,-101
"14649","2390云辰","110/07/14","日盛-和美",110,5,105
"14650","2390云辰","110/07/14","群益金鼎-開元",19,95,-76
"14651","2390云辰","110/07/14","元大-天母",72,0,72
"14652","2390云辰","110/07/14","新光",77,150,-73
"14653","2390云辰","110/07/14","永豐金-松山",57,0,57
"14654","2390云辰","110/07/14","元富-高雄",0,71,-71
"14655","2390云辰","110/07/14","統一-屏東",53,0,53
"14656","2390云辰","110/07/14","元大-土城學府",130,201,-71
"14657","2390云辰","110/07/14","港商野村",486,450,36
"14658","2390云辰","110/07/14","元大-善化",12,76,-64
"14659","2390云辰","110/07/14","致和-崇德",30,0,30
"14660","2390云辰","110/07/14","華南永昌-岡山",23,81,-58
"14661","2390云辰","110/07/14","富邦-台北",40,14,26
"14662","2390云辰","110/07/14","群益金鼎-大興",82,125,-43
"14663","2390云辰","110/07/14","台新-高雄",38,13,25
"14664","2390云辰","110/07/14","大慶-中壢",0,41,-41
"14665","2390云辰","110/07/14","富邦-板橋",32,7,25
"14666","2390云辰","110/07/14","玉山-板橋",6,47,-41
"14667","2390云辰","110/07/14","陽信-石牌",24,0,24
"14668","2390云辰","110/07/14","富邦-台東",2,42,-40
"14669","2390云辰","110/07/14","凱基-屏東",32,8,24
"14670","2390云辰","110/07/14","元大-新營",3,42,-39
"14671","2363矽統","110/07/14","台灣摩根士丹利",463,0,463
"14672","2363矽統","110/07/14","新加坡商瑞銀",568,1321,-753
"14673","2363矽統","110/07/14","台新證券",750,342,408
"14674","2363矽統","110/07/14","瑞士信貸",149,864,-715
"14675","2363矽統","110/07/14","玉山-台中",363,51,312
"14676","2363矽統","110/07/14","台新-屏東",115,380,-265
"14677","2363矽統","110/07/14","元大-斗六",223,25,198
"14678","2363矽統","110/07/14","永豐金證券",16,265,-249
"14679","2363矽統","110/07/14","華南永昌-朴子",208,38,170
"14680","2363矽統","110/07/14","美林",462,701,-239
"14681","2363矽統","110/07/14","元富-西松",169,12,157
"14682","2363矽統","110/07/14","宏遠-桃園",269,500,-231
"14683","2363矽統","110/07/14","永豐金-大園",146,6,140
"14684","2363矽統","110/07/14","凱基-竹北",36,254,-218
"14685","2363矽統","110/07/14","土銀-和平",134,0,134
"14686","2363矽統","110/07/14","港商法國興業",0,214,-214
"14687","2363矽統","110/07/14","富邦-新營",130,13,117
"14688","2363矽統","110/07/14","港商野村",835,1044,-209
"14689","2363矽統","110/07/14","元富-成功",118,11,107
"14690","2363矽統","110/07/14","北城證券",212,411,-199
"14691","2363矽統","110/07/14","元富-烏日",121,18,103
"14692","2363矽統","110/07/14","(牛牛牛)亞-鑫豐",51,241,-190
"14693","2363矽統","110/07/14","日盛-二林",120,18,102
"14694","2363矽統","110/07/14","國票-博愛",24,213,-189
"14695","2363矽統","110/07/14","兆豐-忠孝",98,2,96
"14696","2363矽統","110/07/14","大慶-蘆洲",134,316,-182
"14697","2363矽統","110/07/14","大慶-楊梅",92,3,89
"14698","2363矽統","110/07/14","彰銀-台中",15,193,-178
"14699","2363矽統","110/07/14","元富-三重",120,33,87
"14700","2363矽統","110/07/14","日盛-和美",18,185,-167
"14701","8112至上","110/07/14","新加坡商瑞銀",223,17,206
"14702","8112至上","110/07/14","瑞士信貸",8,170,-162
"14703","8112至上","110/07/14","摩根大通",285,129,156
"14704","8112至上","110/07/14","美林",55,202,-147
"14705","8112至上","110/07/14","花旗環球",124,0,124
"14706","8112至上","110/07/14","凱基-台北",325,436,-111
"14707","8112至上","110/07/14","兆豐-公益",117,4,113
"14708","8112至上","110/07/14","台中銀-台北",0,98,-98
"14709","8112至上","110/07/14","香港上海匯豐",111,0,111
"14710","8112至上","110/07/14","玉山-台大",17,107,-90
"14711","8112至上","110/07/14","永豐金-內湖",117,21,96
"14712","8112至上","110/07/14","康和-內湖",1,90,-89
"14713","8112至上","110/07/14","台灣摩根士丹利",108,16,92
"14714","8112至上","110/07/14","港商野村",21,84,-63
"14715","8112至上","110/07/14","元大-東蘆",77,0,77
"14716","8112至上","110/07/14","兆豐-北高雄",1,60,-59
"14717","8112至上","110/07/14","新光",108,48,60
"14718","8112至上","110/07/14","群益金鼎-海山",1,52,-51
"14719","8112至上","110/07/14","大慶-蘆洲",59,0,59
"14720","8112至上","110/07/14","群益金鼎-大安",0,50,-50
"14721","8112至上","110/07/14","華南永昌-台中",56,3,53
"14722","8112至上","110/07/14","富邦-仁愛",2,49,-47
"14723","8112至上","110/07/14","土銀-嘉義",52,2,50
"14724","8112至上","110/07/14","元大-金華",0,42,-42
"14725","8112至上","110/07/14","美商高盛",40,0,40
"14726","8112至上","110/07/14","元大-內湖",4,43,-39
"14727","8112至上","110/07/14","臺銀",63,29,34
"14728","8112至上","110/07/14","第一金-華江",2,37,-35
"14729","8112至上","110/07/14","元富-嘉義",31,0,31
"14730","8112至上","110/07/14","永豐金-苓雅",2,34,-32
"14731","1570力肯","110/07/14","國票-北高雄",68,0,68
"14732","1570力肯","110/07/14","摩根大通",0,21,-21
"14733","1570力肯","110/07/14","日盛-八德",30,1,29
"14734","1570力肯","110/07/14","新光",1,19,-18
"14735","1570力肯","110/07/14","玉山-高雄",7,0,7
"14736","1570力肯","110/07/14","(牛牛牛)亞-鑫豐",0,17,-17
"14737","1570力肯","110/07/14","臺銀-臺南",5,0,5
"14738","1570力肯","110/07/14","日盛-士林",0,10,-10
"14739","1570力肯","110/07/14","凱基-三峽",5,0,5
"14740","1570力肯","110/07/14","統一-員林",0,10,-10
"14741","1570力肯","110/07/14","元大-和平",5,0,5
"14742","1570力肯","110/07/14","國票-新莊",0,10,-10
"14743","1570力肯","110/07/14","合庫-三重",4,0,4
"14744","1570力肯","110/07/14","凱基-高美館",0,10,-10
"14745","1570力肯","110/07/14","瑞士信貸",4,0,4
"14746","1570力肯","110/07/14","元大-屏東民生",0,5,-5
"14747","1570力肯","110/07/14","統一-三多",4,0,4
"14748","1570力肯","110/07/14","元大-古亭",0,5,-5
"14749","1570力肯","110/07/14","華南永昌-古亭",4,0,4
"14750","1570力肯","110/07/14","日盛-木柵",0,4,-4
"14751","1570力肯","110/07/14","元大-高雄",3,0,3
"14752","1570力肯","110/07/14","大昌",0,4,-4
"14753","1570力肯","110/07/14","兆豐-忠孝",2,0,2
"14754","1570力肯","110/07/14","群益金鼎-東大",0,4,-4
"14755","1570力肯","110/07/14","富邦-陽明",2,0,2
"14756","1570力肯","110/07/14","凱基-台北",0,4,-4
"14757","1570力肯","110/07/14","元大-松山",2,0,2
"14758","1570力肯","110/07/14","元大-板橋",0,4,-4
"14759","1570力肯","110/07/14","元大-忠孝",2,0,2
"14760","1570力肯","110/07/14","第一金-中山",0,3,-3
"14761","2929淘帝","110/07/14","華南永昌-林口",60,0,60
"14762","2929淘帝","110/07/14","群益金鼎",25,540,-515
"14763","2929淘帝","110/07/14","美林",87,31,56
"14764","2929淘帝","110/07/14","國泰-台南",1,30,-29
"14765","2929淘帝","110/07/14","元富-台南",40,0,40
"14766","2929淘帝","110/07/14","宏遠-桃園",0,20,-20
"14767","2929淘帝","110/07/14","元大-民生",39,0,39
"14768","2929淘帝","110/07/14","摩根大通",11,31,-20
"14769","2929淘帝","110/07/14","臺銀-鳳山",34,0,34
"14770","2929淘帝","110/07/14","台新-建北",5,20,-15
"14771","2929淘帝","110/07/14","合庫-高雄",34,1,33
"14772","2929淘帝","110/07/14","新光",1,16,-15
"14773","2929淘帝","110/07/14","華南永昌-鶯歌",28,0,28
"14774","2929淘帝","110/07/14","玉山-板橋",0,15,-15
"14775","2929淘帝","110/07/14","永興",25,0,25
"14776","2929淘帝","110/07/14","凱基-羅東",0,15,-15
"14777","2929淘帝","110/07/14","元大-新盛",25,1,24
"14778","2929淘帝","110/07/14","元大-頭份",0,15,-15
"14779","2929淘帝","110/07/14","日盛-南京",23,0,23
"14780","2929淘帝","110/07/14","第一金-台南",0,13,-13
"14781","2929淘帝","110/07/14","日茂",20,0,20
"14782","2929淘帝","110/07/14","富邦-基隆",0,12,-12
"14783","2929淘帝","110/07/14","台新-台中",20,0,20
"14784","2929淘帝","110/07/14","日茂-南投",1,12,-11
"14785","2929淘帝","110/07/14","華南永昌",20,0,20
"14786","2929淘帝","110/07/14","元大-豐原站前",0,11,-11
"14787","2929淘帝","110/07/14","福勝",15,0,15
"14788","2929淘帝","110/07/14","玉山-士林",0,10,-10
"14789","2929淘帝","110/07/14","富邦-南屯",15,0,15
"14790","2929淘帝","110/07/14","富邦-台北",0,10,-10
"14791","5410國眾","110/07/14","兆豐-城中",35,0,35
"14792","5410國眾","110/07/14","瑞士信貸",0,29,-29
"14793","5410國眾","110/07/14","新光",21,1,20
"14794","5410國眾","110/07/14","國泰-板橋",1,30,-29
"14795","5410國眾","110/07/14","國泰-敦南",21,1,20
"14796","5410國眾","110/07/14","日盛-高雄",0,20,-20
"14797","5410國眾","110/07/14","國泰-台中",20,1,19
"14798","5410國眾","110/07/14","台新-左楠",1,20,-19
"14799","5410國眾","110/07/14","元大-崇德",19,0,19
"14800","5410國眾","110/07/14","元富-大昌",1,18,-17
"14801","5410國眾","110/07/14","土銀-士林",18,0,18
"14802","5410國眾","110/07/14","富邦-建國",0,15,-15
"14803","5410國眾","110/07/14","元大-新盛",20,2,18
"14804","5410國眾","110/07/14","元富-嘉義",0,12,-12
"14805","5410國眾","110/07/14","兆豐-高雄",15,0,15
"14806","5410國眾","110/07/14","永全-南崁",0,12,-12
"14807","5410國眾","110/07/14","宏遠-中和",10,0,10
"14808","5410國眾","110/07/14","元大-員林",0,11,-11
"14809","5410國眾","110/07/14","新光-桃園",10,0,10
"14810","5410國眾","110/07/14","高橋",0,10,-10
"14811","5410國眾","110/07/14","國泰-台南",10,0,10
"14812","5410國眾","110/07/14","永興",0,10,-10
"14813","5410國眾","110/07/14","元大-復北",10,0,10
"14814","5410國眾","110/07/14","華南永昌-三重",0,10,-10
"14815","5410國眾","110/07/14","元大-竹科",8,0,8
"14816","5410國眾","110/07/14","元大-苑裡",0,7,-7
"14817","5410國眾","110/07/14","台新-新營",6,0,6
"14818","5410國眾","110/07/14","港商野村",0,6,-6
"14819","5410國眾","110/07/14","日盛-士林",5,0,5
"14820","5410國眾","110/07/14","摩根大通",5,11,-6
"14821","2841台開","110/07/14","凱基-文心",73,0,73
"14822","2841台開","110/07/14","國泰-敦南",0,50,-50
"14823","2841台開","110/07/14","元富-潮州",30,0,30
"14824","2841台開","110/07/14","凱基-中壢",0,40,-40
"14825","2841台開","110/07/14","第一金-台中",20,0,20
"14826","2841台開","110/07/14","統一-新竹",0,24,-24
"14827","2841台開","110/07/14","華南永昌-新莊",20,0,20
"14828","2841台開","110/07/14","元富-草屯",0,20,-20
"14829","2841台開","110/07/14","永豐金-豐原",20,0,20
"14830","2841台開","110/07/14","台新-台南",0,20,-20
"14831","2841台開","110/07/14","國泰-館前",15,0,15
"14832","2841台開","110/07/14","永豐金-敦南",45,63,-18
"14833","2841台開","110/07/14","群益金鼎-基隆",12,0,12
"14834","2841台開","110/07/14","國票-北高雄",0,13,-13
"14835","2841台開","110/07/14","日盛-信義",10,0,10
"14836","2841台開","110/07/14","凱基-松山",0,10,-10
"14837","2841台開","110/07/14","台新-台中",10,0,10
"14838","2841台開","110/07/14","元大證券",0,10,-10
"14839","2841台開","110/07/14","新光",10,1,9
"14840","2841台開","110/07/14","元大-中壢",0,10,-10
"14841","2841台開","110/07/14","凱基-新店",8,0,8
"14842","2841台開","110/07/14","富邦-陽明",1,10,-9
"14843","2841台開","110/07/14","元大-斗信",7,0,7
"14844","2841台開","110/07/14","富邦-建國",0,9,-9
"14845","2841台開","110/07/14","元大-三重",6,0,6
"14846","2841台開","110/07/14","富邦-台南",0,8,-8
"14847","2841台開","110/07/14","永豐金-中和",6,0,6
"14848","2841台開","110/07/14","康和-澎湖",0,7,-7
"14849","2841台開","110/07/14","元富-成功",5,0,5
"14850","2841台開","110/07/14","日盛-斗六",0,6,-6
"14851","6207雷科","110/07/14","群益金鼎-台北",60,0,60
"14852","6207雷科","110/07/14","新加坡商瑞銀",10,56,-46
"14853","6207雷科","110/07/14","台新-高雄",43,3,40
"14854","6207雷科","110/07/14","國票-中和",0,41,-41
"14855","6207雷科","110/07/14","元大-高雄",19,0,19
"14856","6207雷科","110/07/14","元大-復北",0,33,-33
"14857","6207雷科","110/07/14","福勝",15,0,15
"14858","6207雷科","110/07/14","光和-和美",0,20,-20
"14859","6207雷科","110/07/14","群益金鼎-中山",15,0,15
"14860","6207雷科","110/07/14","群益金鼎-丹鳳",0,20,-20
"14861","6207雷科","110/07/14","元大-林園",15,0,15
"14862","6207雷科","110/07/14","第一金-路竹",0,10,-10
"14863","6207雷科","110/07/14","新光",12,0,12
"14864","6207雷科","110/07/14","元大-歸仁",0,10,-10
"14865","6207雷科","110/07/14","元大-大天母",10,0,10
"14866","6207雷科","110/07/14","宏遠-館前",0,9,-9
"14867","6207雷科","110/07/14","永豐金-忠孝",9,0,9
"14868","6207雷科","110/07/14","凱基-台北",12,20,-8
"14869","6207雷科","110/07/14","永豐金-新店",7,0,7
"14870","6207雷科","110/07/14","美林",0,7,-7
"14871","6207雷科","110/07/14","玉山-嘉義",6,0,6
"14872","6207雷科","110/07/14","摩根大通",16,23,-7
"14873","6207雷科","110/07/14","元大-屏東",6,0,6
"14874","6207雷科","110/07/14","凱基-高雄",1,7,-6
"14875","6207雷科","110/07/14","凱基-大安",5,0,5
"14876","6207雷科","110/07/14","台中銀-豐原",0,5,-5
"14877","6207雷科","110/07/14","富邦-台南",5,0,5
"14878","6207雷科","110/07/14","元大-新竹經國",0,5,-5
"14879","6207雷科","110/07/14","元大-成功",5,0,5
"14880","6207雷科","110/07/14","光和-田中",0,4,-4
"14881","3679新至陞","110/07/14","凱基-台北",31,6,25
"14882","3679新至陞","110/07/14","群益金鼎-東大",0,15,-15
"14883","3679新至陞","110/07/14","華南永昌-新莊",10,0,10
"14884","3679新至陞","110/07/14","瑞士信貸",0,12,-12
"14885","3679新至陞","110/07/14","新加坡商瑞銀",11,3,8
"14886","3679新至陞","110/07/14","群益金鼎-永和",0,10,-10
"14887","3679新至陞","110/07/14","美商高盛",6,0,6
"14888","3679新至陞","110/07/14","元大-成功",5,15,-10
"14889","3679新至陞","110/07/14","第一金-中壢",6,0,6
"14890","3679新至陞","110/07/14","統一-板橋",1,10,-9
"14891","3679新至陞","110/07/14","(牛牛牛)亞-網路",4,0,4
"14892","3679新至陞","110/07/14","玉山-左營",0,5,-5
"14893","3679新至陞","110/07/14","元大-六合",3,0,3
"14894","3679新至陞","110/07/14","群益金鼎-三民",0,4,-4
"14895","3679新至陞","110/07/14","合庫-自強",2,0,2
"14896","3679新至陞","110/07/14","富邦-宜蘭",0,4,-4
"14897","3679新至陞","110/07/14","高橋-內壢",2,0,2
"14898","3679新至陞","110/07/14","永豐金-苓雅",0,3,-3
"14899","3679新至陞","110/07/14","台中銀-員林",2,0,2
"14900","3679新至陞","110/07/14","摩根大通",5,7,-2
"14901","3679新至陞","110/07/14","凱基-高美館",2,0,2
"14902","3679新至陞","110/07/14","元大-板橋三民",0,2,-2
"14903","3679新至陞","110/07/14","元大-福營",2,0,2
"14904","3679新至陞","110/07/14","宏遠-中和",0,1,-1
"14905","3679新至陞","110/07/14","永豐金-松山",2,0,2
"14906","3679新至陞","110/07/14","元富-佳里",0,1,-1
"14907","3679新至陞","110/07/14","永豐金-萬盛",2,0,2
"14908","3679新至陞","110/07/14","(牛牛牛)亞-鑫豐",0,1,-1
"14909","3679新至陞","110/07/14","元富-松德",1,0,1
"14910","3679新至陞","110/07/14","中國信託-中壢",0,1,-1
"14911","2727王品","110/07/14","富邦-左營",102,1,101
"14912","2727王品","110/07/14","統一-城中",100,234,-134
"14913","2727王品","110/07/14","國泰-板橋",105,11,94
"14914","2727王品","110/07/14","富邦-台北",1,125,-124
"14915","2727王品","110/07/14","港商野村",149,72,77
"14916","2727王品","110/07/14","台灣摩根士丹利",1,48,-47
"14917","2727王品","110/07/14","合庫-台中",66,2,64
"14918","2727王品","110/07/14","國票-新莊",0,40,-40
"14919","2727王品","110/07/14","臺銀-金山",63,8,55
"14920","2727王品","110/07/14","永豐金-忠孝",2,39,-37
"14921","2727王品","110/07/14","摩根大通",83,39,44
"14922","2727王品","110/07/14","富邦-彰化",1,34,-33
"14923","2727王品","110/07/14","凱基-台北",84,42,42
"14924","2727王品","110/07/14","康和-高雄",0,30,-30
"14925","2727王品","110/07/14","土銀-台中",35,1,34
"14926","2727王品","110/07/14","安泰",0,26,-26
"14927","2727王品","110/07/14","華南永昌-麻豆",32,1,31
"14928","2727王品","110/07/14","富邦-新竹華信",0,21,-21
"14929","2727王品","110/07/14","元大證券",85,55,30
"14930","2727王品","110/07/14","元大-南崁",1,22,-21
"14931","2727王品","110/07/14","新加坡商瑞銀",40,15,25
"14932","2727王品","110/07/14","彰銀-台中",0,18,-18
"14933","2727王品","110/07/14","日盛-八德",19,0,19
"14934","2727王品","110/07/14","元富-同大",2,20,-18
"14935","2727王品","110/07/14","統一",35,17,18
"14936","2727王品","110/07/14","玉山-嘉義",1,17,-16
"14937","2727王品","110/07/14","元富-大昌",18,1,17
"14938","2727王品","110/07/14","國泰-館前",4,20,-16
"14939","2727王品","110/07/14","玉山-板橋",15,1,14
"14940","2727王品","110/07/14","第一金-嘉義",1,13,-12
"14941","1570力肯","110/07/14","國票-北高雄",68,0,68
"14942","1570力肯","110/07/14","摩根大通",0,21,-21
"14943","1570力肯","110/07/14","日盛-八德",30,1,29
"14944","1570力肯","110/07/14","新光",1,19,-18
"14945","1570力肯","110/07/14","玉山-高雄",7,0,7
"14946","1570力肯","110/07/14","(牛牛牛)亞-鑫豐",0,17,-17
"14947","1570力肯","110/07/14","臺銀-臺南",5,0,5
"14948","1570力肯","110/07/14","日盛-士林",0,10,-10
"14949","1570力肯","110/07/14","凱基-三峽",5,0,5
"14950","1570力肯","110/07/14","統一-員林",0,10,-10
"14951","1570力肯","110/07/14","元大-和平",5,0,5
"14952","1570力肯","110/07/14","國票-新莊",0,10,-10
"14953","1570力肯","110/07/14","合庫-三重",4,0,4
"14954","1570力肯","110/07/14","凱基-高美館",0,10,-10
"14955","1570力肯","110/07/14","瑞士信貸",4,0,4
"14956","1570力肯","110/07/14","元大-屏東民生",0,5,-5
"14957","1570力肯","110/07/14","統一-三多",4,0,4
"14958","1570力肯","110/07/14","元大-古亭",0,5,-5
"14959","1570力肯","110/07/14","華南永昌-古亭",4,0,4
"14960","1570力肯","110/07/14","日盛-木柵",0,4,-4
"14961","1570力肯","110/07/14","元大-高雄",3,0,3
"14962","1570力肯","110/07/14","大昌",0,4,-4
"14963","1570力肯","110/07/14","兆豐-忠孝",2,0,2
"14964","1570力肯","110/07/14","群益金鼎-東大",0,4,-4
"14965","1570力肯","110/07/14","富邦-陽明",2,0,2
"14966","1570力肯","110/07/14","凱基-台北",0,4,-4
"14967","1570力肯","110/07/14","元大-松山",2,0,2
"14968","1570力肯","110/07/14","元大-板橋",0,4,-4
"14969","1570力肯","110/07/14","元大-忠孝",2,0,2
"14970","1570力肯","110/07/14","第一金-中山",0,3,-3
"14971","6180橘子","110/07/14","新加坡商瑞銀",84,28,56
"14972","6180橘子","110/07/14","凱基-台北",4,37,-33
"14973","6180橘子","110/07/14","日盛-信義",29,1,28
"14974","6180橘子","110/07/14","玉山-台南",1,22,-21
"14975","6180橘子","110/07/14","豐農",28,4,24
"14976","6180橘子","110/07/14","日盛-新竹",1,21,-20
"14977","6180橘子","110/07/14","新光-新竹",24,1,23
"14978","6180橘子","110/07/14","元富-潮州",0,19,-19
"14979","6180橘子","110/07/14","華南永昌-高雄",20,0,20
"14980","6180橘子","110/07/14","元大-信義",0,17,-17
"14981","6180橘子","110/07/14","元大-羅東",20,0,20
"14982","6180橘子","110/07/14","台灣企銀-台中",1,16,-15
"14983","6180橘子","110/07/14","元大-台中中港",20,0,20
"14984","6180橘子","110/07/14","元大-北港",0,15,-15
"14985","6180橘子","110/07/14","富邦-嘉義",24,5,19
"14986","6180橘子","110/07/14","富邦-高雄",0,14,-14
"14987","6180橘子","110/07/14","富邦-仁愛",15,0,15
"14988","6180橘子","110/07/14","兆豐-埔墘",0,13,-13
"14989","6180橘子","110/07/14","國票-九鼎",13,0,13
"14990","6180橘子","110/07/14","第一金-中山",0,10,-10
"14991","6180橘子","110/07/14","日盛-木柵",12,0,12
"14992","6180橘子","110/07/14","元大-彰化民生",0,10,-10
"14993","6180橘子","110/07/14","元大-成功",10,0,10
"14994","6180橘子","110/07/14","福勝",1,10,-9
"14995","6180橘子","110/07/14","港商野村",10,2,8
"14996","6180橘子","110/07/14","群益金鼎-丹鳳",1,10,-9
"14997","6180橘子","110/07/14","玉山-左營",8,0,8
"14998","6180橘子","110/07/14","群益金鼎-板橋",0,8,-8
"14999","6180橘子","110/07/14","富邦-陽明",16,8,8
"15000","6180橘子","110/07/14","合庫-鳳山",0,7,-7
"15001","2390云辰","110/07/14","摩根大通",995,198,797
"15002","2390云辰","110/07/14","新加坡商瑞銀",28,399,-371
"15003","2390云辰","110/07/14","美林",383,22,361
"15004","2390云辰","110/07/14","凱基-新豐",3,198,-195
"15005","2390云辰","110/07/14","台灣摩根士丹利",684,358,326
"15006","2390云辰","110/07/14","元大-士林",1,152,-151
"15007","2390云辰","110/07/14","凱基-台北",656,402,254
"15008","2390云辰","110/07/14","元大-竹山",80,181,-101
"15009","2390云辰","110/07/14","日盛-和美",110,5,105
"15010","2390云辰","110/07/14","群益金鼎-開元",19,95,-76
"15011","2390云辰","110/07/14","元大-天母",72,0,72
"15012","2390云辰","110/07/14","新光",77,150,-73
"15013","2390云辰","110/07/14","永豐金-松山",57,0,57
"15014","2390云辰","110/07/14","元富-高雄",0,71,-71
"15015","2390云辰","110/07/14","統一-屏東",53,0,53
"15016","2390云辰","110/07/14","元大-土城學府",130,201,-71
"15017","2390云辰","110/07/14","港商野村",486,450,36
"15018","2390云辰","110/07/14","元大-善化",12,76,-64
"15019","2390云辰","110/07/14","致和-崇德",30,0,30
"15020","2390云辰","110/07/14","華南永昌-岡山",23,81,-58
"15021","2390云辰","110/07/14","富邦-台北",40,14,26
"15022","2390云辰","110/07/14","群益金鼎-大興",82,125,-43
"15023","2390云辰","110/07/14","台新-高雄",38,13,25
"15024","2390云辰","110/07/14","大慶-中壢",0,41,-41
"15025","2390云辰","110/07/14","富邦-板橋",32,7,25
"15026","2390云辰","110/07/14","玉山-板橋",6,47,-41
"15027","2390云辰","110/07/14","陽信-石牌",24,0,24
"15028","2390云辰","110/07/14","富邦-台東",2,42,-40
"15029","2390云辰","110/07/14","凱基-屏東",32,8,24
"15030","2390云辰","110/07/14","元大-新營",3,42,-39
"15031","2363矽統","110/07/14","台灣摩根士丹利",463,0,463
"15032","2363矽統","110/07/14","新加坡商瑞銀",568,1321,-753
"15033","2363矽統","110/07/14","台新證券",750,342,408
"15034","2363矽統","110/07/14","瑞士信貸",149,864,-715
"15035","2363矽統","110/07/14","玉山-台中",363,51,312
"15036","2363矽統","110/07/14","台新-屏東",115,380,-265
"15037","2363矽統","110/07/14","元大-斗六",223,25,198
"15038","2363矽統","110/07/14","永豐金證券",16,265,-249
"15039","2363矽統","110/07/14","華南永昌-朴子",208,38,170
"15040","2363矽統","110/07/14","美林",462,701,-239
"15041","2363矽統","110/07/14","元富-西松",169,12,157
"15042","2363矽統","110/07/14","宏遠-桃園",269,500,-231
"15043","2363矽統","110/07/14","永豐金-大園",146,6,140
"15044","2363矽統","110/07/14","凱基-竹北",36,254,-218
"15045","2363矽統","110/07/14","土銀-和平",134,0,134
"15046","2363矽統","110/07/14","港商法國興業",0,214,-214
"15047","2363矽統","110/07/14","富邦-新營",130,13,117
"15048","2363矽統","110/07/14","港商野村",835,1044,-209
"15049","2363矽統","110/07/14","元富-成功",118,11,107
"15050","2363矽統","110/07/14","北城證券",212,411,-199
"15051","2363矽統","110/07/14","元富-烏日",121,18,103
"15052","2363矽統","110/07/14","(牛牛牛)亞-鑫豐",51,241,-190
"15053","2363矽統","110/07/14","日盛-二林",120,18,102
"15054","2363矽統","110/07/14","國票-博愛",24,213,-189
"15055","2363矽統","110/07/14","兆豐-忠孝",98,2,96
"15056","2363矽統","110/07/14","大慶-蘆洲",134,316,-182
"15057","2363矽統","110/07/14","大慶-楊梅",92,3,89
"15058","2363矽統","110/07/14","彰銀-台中",15,193,-178
"15059","2363矽統","110/07/14","元富-三重",120,33,87
"15060","2363矽統","110/07/14","日盛-和美",18,185,-167
"15061","8112至上","110/07/14","新加坡商瑞銀",223,17,206
"15062","8112至上","110/07/14","瑞士信貸",8,170,-162
"15063","8112至上","110/07/14","摩根大通",285,129,156
"15064","8112至上","110/07/14","美林",55,202,-147
"15065","8112至上","110/07/14","花旗環球",124,0,124
"15066","8112至上","110/07/14","凱基-台北",325,436,-111
"15067","8112至上","110/07/14","兆豐-公益",117,4,113
"15068","8112至上","110/07/14","台中銀-台北",0,98,-98
"15069","8112至上","110/07/14","香港上海匯豐",111,0,111
"15070","8112至上","110/07/14","玉山-台大",17,107,-90
"15071","8112至上","110/07/14","永豐金-內湖",117,21,96
"15072","8112至上","110/07/14","康和-內湖",1,90,-89
"15073","8112至上","110/07/14","台灣摩根士丹利",108,16,92
"15074","8112至上","110/07/14","港商野村",21,84,-63
"15075","8112至上","110/07/14","元大-東蘆",77,0,77
"15076","8112至上","110/07/14","兆豐-北高雄",1,60,-59
"15077","8112至上","110/07/14","新光",108,48,60
"15078","8112至上","110/07/14","群益金鼎-海山",1,52,-51
"15079","8112至上","110/07/14","大慶-蘆洲",59,0,59
"15080","8112至上","110/07/14","群益金鼎-大安",0,50,-50
"15081","8112至上","110/07/14","華南永昌-台中",56,3,53
"15082","8112至上","110/07/14","富邦-仁愛",2,49,-47
"15083","8112至上","110/07/14","土銀-嘉義",52,2,50
"15084","8112至上","110/07/14","元大-金華",0,42,-42
"15085","8112至上","110/07/14","美商高盛",40,0,40
"15086","8112至上","110/07/14","元大-內湖",4,43,-39
"15087","8112至上","110/07/14","臺銀",63,29,34
"15088","8112至上","110/07/14","第一金-華江",2,37,-35
"15089","8112至上","110/07/14","元富-嘉義",31,0,31
"15090","8112至上","110/07/14","永豐金-苓雅",2,34,-32
"15091","1570力肯","110/07/14","國票-北高雄",68,0,68
"15092","1570力肯","110/07/14","摩根大通",0,21,-21
"15093","1570力肯","110/07/14","日盛-八德",30,1,29
"15094","1570力肯","110/07/14","新光",1,19,-18
"15095","1570力肯","110/07/14","玉山-高雄",7,0,7
"15096","1570力肯","110/07/14","(牛牛牛)亞-鑫豐",0,17,-17
"15097","1570力肯","110/07/14","臺銀-臺南",5,0,5
"15098","1570力肯","110/07/14","日盛-士林",0,10,-10
"15099","1570力肯","110/07/14","凱基-三峽",5,0,5
"15100","1570力肯","110/07/14","統一-員林",0,10,-10
"15101","1570力肯","110/07/14","元大-和平",5,0,5
"15102","1570力肯","110/07/14","國票-新莊",0,10,-10
"15103","1570力肯","110/07/14","合庫-三重",4,0,4
"15104","1570力肯","110/07/14","凱基-高美館",0,10,-10
"15105","1570力肯","110/07/14","瑞士信貸",4,0,4
"15106","1570力肯","110/07/14","元大-屏東民生",0,5,-5
"15107","1570力肯","110/07/14","統一-三多",4,0,4
"15108","1570力肯","110/07/14","元大-古亭",0,5,-5
"15109","1570力肯","110/07/14","華南永昌-古亭",4,0,4
"15110","1570力肯","110/07/14","日盛-木柵",0,4,-4
"15111","1570力肯","110/07/14","元大-高雄",3,0,3
"15112","1570力肯","110/07/14","大昌",0,4,-4
"15113","1570力肯","110/07/14","兆豐-忠孝",2,0,2
"15114","1570力肯","110/07/14","群益金鼎-東大",0,4,-4
"15115","1570力肯","110/07/14","富邦-陽明",2,0,2
"15116","1570力肯","110/07/14","凱基-台北",0,4,-4
"15117","1570力肯","110/07/14","元大-松山",2,0,2
"15118","1570力肯","110/07/14","元大-板橋",0,4,-4
"15119","1570力肯","110/07/14","元大-忠孝",2,0,2
"15120","1570力肯","110/07/14","第一金-中山",0,3,-3
"15121","2929淘帝","110/07/14","華南永昌-林口",60,0,60
"15122","2929淘帝","110/07/14","群益金鼎",25,540,-515
"15123","2929淘帝","110/07/14","美林",87,31,56
"15124","2929淘帝","110/07/14","國泰-台南",1,30,-29
"15125","2929淘帝","110/07/14","元富-台南",40,0,40
"15126","2929淘帝","110/07/14","宏遠-桃園",0,20,-20
"15127","2929淘帝","110/07/14","元大-民生",39,0,39
"15128","2929淘帝","110/07/14","摩根大通",11,31,-20
"15129","2929淘帝","110/07/14","臺銀-鳳山",34,0,34
"15130","2929淘帝","110/07/14","台新-建北",5,20,-15
"15131","2929淘帝","110/07/14","合庫-高雄",34,1,33
"15132","2929淘帝","110/07/14","新光",1,16,-15
"15133","2929淘帝","110/07/14","華南永昌-鶯歌",28,0,28
"15134","2929淘帝","110/07/14","玉山-板橋",0,15,-15
"15135","2929淘帝","110/07/14","永興",25,0,25
"15136","2929淘帝","110/07/14","凱基-羅東",0,15,-15
"15137","2929淘帝","110/07/14","元大-新盛",25,1,24
"15138","2929淘帝","110/07/14","元大-頭份",0,15,-15
"15139","2929淘帝","110/07/14","日盛-南京",23,0,23
"15140","2929淘帝","110/07/14","第一金-台南",0,13,-13
"15141","2929淘帝","110/07/14","日茂",20,0,20
"15142","2929淘帝","110/07/14","富邦-基隆",0,12,-12
"15143","2929淘帝","110/07/14","台新-台中",20,0,20
"15144","2929淘帝","110/07/14","日茂-南投",1,12,-11
"15145","2929淘帝","110/07/14","華南永昌",20,0,20
"15146","2929淘帝","110/07/14","元大-豐原站前",0,11,-11
"15147","2929淘帝","110/07/14","福勝",15,0,15
"15148","2929淘帝","110/07/14","玉山-士林",0,10,-10
"15149","2929淘帝","110/07/14","富邦-南屯",15,0,15
"15150","2929淘帝","110/07/14","富邦-台北",0,10,-10
"15151","5410國眾","110/07/14","兆豐-城中",35,0,35
"15152","5410國眾","110/07/14","瑞士信貸",0,29,-29
"15153","5410國眾","110/07/14","新光",21,1,20
"15154","5410國眾","110/07/14","國泰-板橋",1,30,-29
"15155","5410國眾","110/07/14","國泰-敦南",21,1,20
"15156","5410國眾","110/07/14","日盛-高雄",0,20,-20
"15157","5410國眾","110/07/14","國泰-台中",20,1,19
"15158","5410國眾","110/07/14","台新-左楠",1,20,-19
"15159","5410國眾","110/07/14","元大-崇德",19,0,19
"15160","5410國眾","110/07/14","元富-大昌",1,18,-17
"15161","5410國眾","110/07/14","土銀-士林",18,0,18
"15162","5410國眾","110/07/14","富邦-建國",0,15,-15
"15163","5410國眾","110/07/14","元大-新盛",20,2,18
"15164","5410國眾","110/07/14","元富-嘉義",0,12,-12
"15165","5410國眾","110/07/14","兆豐-高雄",15,0,15
"15166","5410國眾","110/07/14","永全-南崁",0,12,-12
"15167","5410國眾","110/07/14","宏遠-中和",10,0,10
"15168","5410國眾","110/07/14","元大-員林",0,11,-11
"15169","5410國眾","110/07/14","新光-桃園",10,0,10
"15170","5410國眾","110/07/14","高橋",0,10,-10
"15171","5410國眾","110/07/14","國泰-台南",10,0,10
"15172","5410國眾","110/07/14","永興",0,10,-10
"15173","5410國眾","110/07/14","元大-復北",10,0,10
"15174","5410國眾","110/07/14","華南永昌-三重",0,10,-10
"15175","5410國眾","110/07/14","元大-竹科",8,0,8
"15176","5410國眾","110/07/14","元大-苑裡",0,7,-7
"15177","5410國眾","110/07/14","台新-新營",6,0,6
"15178","5410國眾","110/07/14","港商野村",0,6,-6
"15179","5410國眾","110/07/14","日盛-士林",5,0,5
"15180","5410國眾","110/07/14","摩根大通",5,11,-6
"15181","2841台開","110/07/14","凱基-文心",73,0,73
"15182","2841台開","110/07/14","國泰-敦南",0,50,-50
"15183","2841台開","110/07/14","元富-潮州",30,0,30
"15184","2841台開","110/07/14","凱基-中壢",0,40,-40
"15185","2841台開","110/07/14","第一金-台中",20,0,20
"15186","2841台開","110/07/14","統一-新竹",0,24,-24
"15187","2841台開","110/07/14","華南永昌-新莊",20,0,20
"15188","2841台開","110/07/14","元富-草屯",0,20,-20
"15189","2841台開","110/07/14","永豐金-豐原",20,0,20
"15190","2841台開","110/07/14","台新-台南",0,20,-20
"15191","2841台開","110/07/14","國泰-館前",15,0,15
"15192","2841台開","110/07/14","永豐金-敦南",45,63,-18
"15193","2841台開","110/07/14","群益金鼎-基隆",12,0,12
"15194","2841台開","110/07/14","國票-北高雄",0,13,-13
"15195","2841台開","110/07/14","日盛-信義",10,0,10
"15196","2841台開","110/07/14","凱基-松山",0,10,-10
"15197","2841台開","110/07/14","台新-台中",10,0,10
"15198","2841台開","110/07/14","元大證券",0,10,-10
"15199","2841台開","110/07/14","新光",10,1,9
"15200","2841台開","110/07/14","元大-中壢",0,10,-10
"15201","2841台開","110/07/14","凱基-新店",8,0,8
"15202","2841台開","110/07/14","富邦-陽明",1,10,-9
"15203","2841台開","110/07/14","元大-斗信",7,0,7
"15204","2841台開","110/07/14","富邦-建國",0,9,-9
"15205","2841台開","110/07/14","元大-三重",6,0,6
"15206","2841台開","110/07/14","富邦-台南",0,8,-8
"15207","2841台開","110/07/14","永豐金-中和",6,0,6
"15208","2841台開","110/07/14","康和-澎湖",0,7,-7
"15209","2841台開","110/07/14","元富-成功",5,0,5
"15210","2841台開","110/07/14","日盛-斗六",0,6,-6
"15211","6207雷科","110/07/14","群益金鼎-台北",60,0,60
"15212","6207雷科","110/07/14","新加坡商瑞銀",10,56,-46
"15213","6207雷科","110/07/14","台新-高雄",43,3,40
"15214","6207雷科","110/07/14","國票-中和",0,41,-41
"15215","6207雷科","110/07/14","元大-高雄",19,0,19
"15216","6207雷科","110/07/14","元大-復北",0,33,-33
"15217","6207雷科","110/07/14","福勝",15,0,15
"15218","6207雷科","110/07/14","光和-和美",0,20,-20
"15219","6207雷科","110/07/14","群益金鼎-中山",15,0,15
"15220","6207雷科","110/07/14","群益金鼎-丹鳳",0,20,-20
"15221","6207雷科","110/07/14","元大-林園",15,0,15
"15222","6207雷科","110/07/14","第一金-路竹",0,10,-10
"15223","6207雷科","110/07/14","新光",12,0,12
"15224","6207雷科","110/07/14","元大-歸仁",0,10,-10
"15225","6207雷科","110/07/14","元大-大天母",10,0,10
"15226","6207雷科","110/07/14","宏遠-館前",0,9,-9
"15227","6207雷科","110/07/14","永豐金-忠孝",9,0,9
"15228","6207雷科","110/07/14","凱基-台北",12,20,-8
"15229","6207雷科","110/07/14","永豐金-新店",7,0,7
"15230","6207雷科","110/07/14","美林",0,7,-7
"15231","6207雷科","110/07/14","玉山-嘉義",6,0,6
"15232","6207雷科","110/07/14","摩根大通",16,23,-7
"15233","6207雷科","110/07/14","元大-屏東",6,0,6
"15234","6207雷科","110/07/14","凱基-高雄",1,7,-6
"15235","6207雷科","110/07/14","凱基-大安",5,0,5
"15236","6207雷科","110/07/14","台中銀-豐原",0,5,-5
"15237","6207雷科","110/07/14","富邦-台南",5,0,5
"15238","6207雷科","110/07/14","元大-新竹經國",0,5,-5
"15239","6207雷科","110/07/14","元大-成功",5,0,5
"15240","6207雷科","110/07/14","光和-田中",0,4,-4
"15241","3679新至陞","110/07/14","凱基-台北",31,6,25
"15242","3679新至陞","110/07/14","群益金鼎-東大",0,15,-15
"15243","3679新至陞","110/07/14","華南永昌-新莊",10,0,10
"15244","3679新至陞","110/07/14","瑞士信貸",0,12,-12
"15245","3679新至陞","110/07/14","新加坡商瑞銀",11,3,8
"15246","3679新至陞","110/07/14","群益金鼎-永和",0,10,-10
"15247","3679新至陞","110/07/14","美商高盛",6,0,6
"15248","3679新至陞","110/07/14","元大-成功",5,15,-10
"15249","3679新至陞","110/07/14","第一金-中壢",6,0,6
"15250","3679新至陞","110/07/14","統一-板橋",1,10,-9
"15251","3679新至陞","110/07/14","(牛牛牛)亞-網路",4,0,4
"15252","3679新至陞","110/07/14","玉山-左營",0,5,-5
"15253","3679新至陞","110/07/14","元大-六合",3,0,3
"15254","3679新至陞","110/07/14","群益金鼎-三民",0,4,-4
"15255","3679新至陞","110/07/14","合庫-自強",2,0,2
"15256","3679新至陞","110/07/14","富邦-宜蘭",0,4,-4
"15257","3679新至陞","110/07/14","高橋-內壢",2,0,2
"15258","3679新至陞","110/07/14","永豐金-苓雅",0,3,-3
"15259","3679新至陞","110/07/14","台中銀-員林",2,0,2
"15260","3679新至陞","110/07/14","摩根大通",5,7,-2
"15261","3679新至陞","110/07/14","凱基-高美館",2,0,2
"15262","3679新至陞","110/07/14","元大-板橋三民",0,2,-2
"15263","3679新至陞","110/07/14","元大-福營",2,0,2
"15264","3679新至陞","110/07/14","宏遠-中和",0,1,-1
"15265","3679新至陞","110/07/14","永豐金-松山",2,0,2
"15266","3679新至陞","110/07/14","元富-佳里",0,1,-1
"15267","3679新至陞","110/07/14","永豐金-萬盛",2,0,2
"15268","3679新至陞","110/07/14","(牛牛牛)亞-鑫豐",0,1,-1
"15269","3679新至陞","110/07/14","元富-松德",1,0,1
"15270","3679新至陞","110/07/14","中國信託-中壢",0,1,-1
"15271","2727王品","110/07/14","富邦-左營",102,1,101
"15272","2727王品","110/07/14","統一-城中",100,234,-134
"15273","2727王品","110/07/14","國泰-板橋",105,11,94
"15274","2727王品","110/07/14","富邦-台北",1,125,-124
"15275","2727王品","110/07/14","港商野村",149,72,77
"15276","2727王品","110/07/14","台灣摩根士丹利",1,48,-47
"15277","2727王品","110/07/14","合庫-台中",66,2,64
"15278","2727王品","110/07/14","國票-新莊",0,40,-40
"15279","2727王品","110/07/14","臺銀-金山",63,8,55
"15280","2727王品","110/07/14","永豐金-忠孝",2,39,-37
"15281","2727王品","110/07/14","摩根大通",83,39,44
"15282","2727王品","110/07/14","富邦-彰化",1,34,-33
"15283","2727王品","110/07/14","凱基-台北",84,42,42
"15284","2727王品","110/07/14","康和-高雄",0,30,-30
"15285","2727王品","110/07/14","土銀-台中",35,1,34
"15286","2727王品","110/07/14","安泰",0,26,-26
"15287","2727王品","110/07/14","華南永昌-麻豆",32,1,31
"15288","2727王品","110/07/14","富邦-新竹華信",0,21,-21
"15289","2727王品","110/07/14","元大證券",85,55,30
"15290","2727王品","110/07/14","元大-南崁",1,22,-21
"15291","2727王品","110/07/14","新加坡商瑞銀",40,15,25
"15292","2727王品","110/07/14","彰銀-台中",0,18,-18
"15293","2727王品","110/07/14","日盛-八德",19,0,19
"15294","2727王品","110/07/14","元富-同大",2,20,-18
"15295","2727王品","110/07/14","統一",35,17,18
"15296","2727王品","110/07/14","玉山-嘉義",1,17,-16
"15297","2727王品","110/07/14","元富-大昌",18,1,17
"15298","2727王品","110/07/14","國泰-館前",4,20,-16
"15299","2727王品","110/07/14","玉山-板橋",15,1,14
"15300","2727王品","110/07/14","第一金-嘉義",1,13,-12
"15301","1570力肯","110/07/14","國票-北高雄",68,0,68
"15302","1570力肯","110/07/14","摩根大通",0,21,-21
"15303","1570力肯","110/07/14","日盛-八德",30,1,29
"15304","1570力肯","110/07/14","新光",1,19,-18
"15305","1570力肯","110/07/14","玉山-高雄",7,0,7
"15306","1570力肯","110/07/14","(牛牛牛)亞-鑫豐",0,17,-17
"15307","1570力肯","110/07/14","臺銀-臺南",5,0,5
"15308","1570力肯","110/07/14","日盛-士林",0,10,-10
"15309","1570力肯","110/07/14","凱基-三峽",5,0,5
"15310","1570力肯","110/07/14","統一-員林",0,10,-10
"15311","1570力肯","110/07/14","元大-和平",5,0,5
"15312","1570力肯","110/07/14","國票-新莊",0,10,-10
"15313","1570力肯","110/07/14","合庫-三重",4,0,4
"15314","1570力肯","110/07/14","凱基-高美館",0,10,-10
"15315","1570力肯","110/07/14","瑞士信貸",4,0,4
"15316","1570力肯","110/07/14","元大-屏東民生",0,5,-5
"15317","1570力肯","110/07/14","統一-三多",4,0,4
"15318","1570力肯","110/07/14","元大-古亭",0,5,-5
"15319","1570力肯","110/07/14","華南永昌-古亭",4,0,4
"15320","1570力肯","110/07/14","日盛-木柵",0,4,-4
"15321","1570力肯","110/07/14","元大-高雄",3,0,3
"15322","1570力肯","110/07/14","大昌",0,4,-4
"15323","1570力肯","110/07/14","兆豐-忠孝",2,0,2
"15324","1570力肯","110/07/14","群益金鼎-東大",0,4,-4
"15325","1570力肯","110/07/14","富邦-陽明",2,0,2
"15326","1570力肯","110/07/14","凱基-台北",0,4,-4
"15327","1570力肯","110/07/14","元大-松山",2,0,2
"15328","1570力肯","110/07/14","元大-板橋",0,4,-4
"15329","1570力肯","110/07/14","元大-忠孝",2,0,2
"15330","1570力肯","110/07/14","第一金-中山",0,3,-3
"15331","6180橘子","110/07/14","新加坡商瑞銀",84,28,56
"15332","6180橘子","110/07/14","凱基-台北",4,37,-33
"15333","6180橘子","110/07/14","日盛-信義",29,1,28
"15334","6180橘子","110/07/14","玉山-台南",1,22,-21
"15335","6180橘子","110/07/14","豐農",28,4,24
"15336","6180橘子","110/07/14","日盛-新竹",1,21,-20
"15337","6180橘子","110/07/14","新光-新竹",24,1,23
"15338","6180橘子","110/07/14","元富-潮州",0,19,-19
"15339","6180橘子","110/07/14","華南永昌-高雄",20,0,20
"15340","6180橘子","110/07/14","元大-信義",0,17,-17
"15341","6180橘子","110/07/14","元大-羅東",20,0,20
"15342","6180橘子","110/07/14","台灣企銀-台中",1,16,-15
"15343","6180橘子","110/07/14","元大-台中中港",20,0,20
"15344","6180橘子","110/07/14","元大-北港",0,15,-15
"15345","6180橘子","110/07/14","富邦-嘉義",24,5,19
"15346","6180橘子","110/07/14","富邦-高雄",0,14,-14
"15347","6180橘子","110/07/14","富邦-仁愛",15,0,15
"15348","6180橘子","110/07/14","兆豐-埔墘",0,13,-13
"15349","6180橘子","110/07/14","國票-九鼎",13,0,13
"15350","6180橘子","110/07/14","第一金-中山",0,10,-10
"15351","6180橘子","110/07/14","日盛-木柵",12,0,12
"15352","6180橘子","110/07/14","元大-彰化民生",0,10,-10
"15353","6180橘子","110/07/14","元大-成功",10,0,10
"15354","6180橘子","110/07/14","福勝",1,10,-9
"15355","6180橘子","110/07/14","港商野村",10,2,8
"15356","6180橘子","110/07/14","群益金鼎-丹鳳",1,10,-9
"15357","6180橘子","110/07/14","玉山-左營",8,0,8
"15358","6180橘子","110/07/14","群益金鼎-板橋",0,8,-8
"15359","6180橘子","110/07/14","富邦-陽明",16,8,8
"15360","6180橘子","110/07/14","合庫-鳳山",0,7,-7
"15361","2390云辰","110/07/14","摩根大通",995,198,797
"15362","2390云辰","110/07/14","新加坡商瑞銀",28,399,-371
"15363","2390云辰","110/07/14","美林",383,22,361
"15364","2390云辰","110/07/14","凱基-新豐",3,198,-195
"15365","2390云辰","110/07/14","台灣摩根士丹利",684,358,326
"15366","2390云辰","110/07/14","元大-士林",1,152,-151
"15367","2390云辰","110/07/14","凱基-台北",656,402,254
"15368","2390云辰","110/07/14","元大-竹山",80,181,-101
"15369","2390云辰","110/07/14","日盛-和美",110,5,105
"15370","2390云辰","110/07/14","群益金鼎-開元",19,95,-76
"15371","2390云辰","110/07/14","元大-天母",72,0,72
"15372","2390云辰","110/07/14","新光",77,150,-73
"15373","2390云辰","110/07/14","永豐金-松山",57,0,57
"15374","2390云辰","110/07/14","元富-高雄",0,71,-71
"15375","2390云辰","110/07/14","統一-屏東",53,0,53
"15376","2390云辰","110/07/14","元大-土城學府",130,201,-71
"15377","2390云辰","110/07/14","港商野村",486,450,36
"15378","2390云辰","110/07/14","元大-善化",12,76,-64
"15379","2390云辰","110/07/14","致和-崇德",30,0,30
"15380","2390云辰","110/07/14","華南永昌-岡山",23,81,-58
"15381","2390云辰","110/07/14","富邦-台北",40,14,26
"15382","2390云辰","110/07/14","群益金鼎-大興",82,125,-43
"15383","2390云辰","110/07/14","台新-高雄",38,13,25
"15384","2390云辰","110/07/14","大慶-中壢",0,41,-41
"15385","2390云辰","110/07/14","富邦-板橋",32,7,25
"15386","2390云辰","110/07/14","玉山-板橋",6,47,-41
"15387","2390云辰","110/07/14","陽信-石牌",24,0,24
"15388","2390云辰","110/07/14","富邦-台東",2,42,-40
"15389","2390云辰","110/07/14","凱基-屏東",32,8,24
"15390","2390云辰","110/07/14","元大-新營",3,42,-39
"15391","2363矽統","110/07/14","台灣摩根士丹利",463,0,463
"15392","2363矽統","110/07/14","新加坡商瑞銀",568,1321,-753
"15393","2363矽統","110/07/14","台新證券",750,342,408
"15394","2363矽統","110/07/14","瑞士信貸",149,864,-715
"15395","2363矽統","110/07/14","玉山-台中",363,51,312
"15396","2363矽統","110/07/14","台新-屏東",115,380,-265
"15397","2363矽統","110/07/14","元大-斗六",223,25,198
"15398","2363矽統","110/07/14","永豐金證券",16,265,-249
"15399","2363矽統","110/07/14","華南永昌-朴子",208,38,170
"15400","2363矽統","110/07/14","美林",462,701,-239
"15401","2363矽統","110/07/14","元富-西松",169,12,157
"15402","2363矽統","110/07/14","宏遠-桃園",269,500,-231
"15403","2363矽統","110/07/14","永豐金-大園",146,6,140
"15404","2363矽統","110/07/14","凱基-竹北",36,254,-218
"15405","2363矽統","110/07/14","土銀-和平",134,0,134
"15406","2363矽統","110/07/14","港商法國興業",0,214,-214
"15407","2363矽統","110/07/14","富邦-新營",130,13,117
"15408","2363矽統","110/07/14","港商野村",835,1044,-209
"15409","2363矽統","110/07/14","元富-成功",118,11,107
"15410","2363矽統","110/07/14","北城證券",212,411,-199
"15411","2363矽統","110/07/14","元富-烏日",121,18,103
"15412","2363矽統","110/07/14","(牛牛牛)亞-鑫豐",51,241,-190
"15413","2363矽統","110/07/14","日盛-二林",120,18,102
"15414","2363矽統","110/07/14","國票-博愛",24,213,-189
"15415","2363矽統","110/07/14","兆豐-忠孝",98,2,96
"15416","2363矽統","110/07/14","大慶-蘆洲",134,316,-182
"15417","2363矽統","110/07/14","大慶-楊梅",92,3,89
"15418","2363矽統","110/07/14","彰銀-台中",15,193,-178
"15419","2363矽統","110/07/14","元富-三重",120,33,87
"15420","2363矽統","110/07/14","日盛-和美",18,185,-167
"15421","8112至上","110/07/14","新加坡商瑞銀",223,17,206
"15422","8112至上","110/07/14","瑞士信貸",8,170,-162
"15423","8112至上","110/07/14","摩根大通",285,129,156
"15424","8112至上","110/07/14","美林",55,202,-147
"15425","8112至上","110/07/14","花旗環球",124,0,124
"15426","8112至上","110/07/14","凱基-台北",325,436,-111
"15427","8112至上","110/07/14","兆豐-公益",117,4,113
"15428","8112至上","110/07/14","台中銀-台北",0,98,-98
"15429","8112至上","110/07/14","香港上海匯豐",111,0,111
"15430","8112至上","110/07/14","玉山-台大",17,107,-90
"15431","8112至上","110/07/14","永豐金-內湖",117,21,96
"15432","8112至上","110/07/14","康和-內湖",1,90,-89
"15433","8112至上","110/07/14","台灣摩根士丹利",108,16,92
"15434","8112至上","110/07/14","港商野村",21,84,-63
"15435","8112至上","110/07/14","元大-東蘆",77,0,77
"15436","8112至上","110/07/14","兆豐-北高雄",1,60,-59
"15437","8112至上","110/07/14","新光",108,48,60
"15438","8112至上","110/07/14","群益金鼎-海山",1,52,-51
"15439","8112至上","110/07/14","大慶-蘆洲",59,0,59
"15440","8112至上","110/07/14","群益金鼎-大安",0,50,-50
"15441","8112至上","110/07/14","華南永昌-台中",56,3,53
"15442","8112至上","110/07/14","富邦-仁愛",2,49,-47
"15443","8112至上","110/07/14","土銀-嘉義",52,2,50
"15444","8112至上","110/07/14","元大-金華",0,42,-42
"15445","8112至上","110/07/14","美商高盛",40,0,40
"15446","8112至上","110/07/14","元大-內湖",4,43,-39
"15447","8112至上","110/07/14","臺銀",63,29,34
"15448","8112至上","110/07/14","第一金-華江",2,37,-35
"15449","8112至上","110/07/14","元富-嘉義",31,0,31
"15450","8112至上","110/07/14","永豐金-苓雅",2,34,-32
"15451","1570力肯","110/07/14","國票-北高雄",68,0,68
"15452","1570力肯","110/07/14","摩根大通",0,21,-21
"15453","1570力肯","110/07/14","日盛-八德",30,1,29
"15454","1570力肯","110/07/14","新光",1,19,-18
"15455","1570力肯","110/07/14","玉山-高雄",7,0,7
"15456","1570力肯","110/07/14","(牛牛牛)亞-鑫豐",0,17,-17
"15457","1570力肯","110/07/14","臺銀-臺南",5,0,5
"15458","1570力肯","110/07/14","日盛-士林",0,10,-10
"15459","1570力肯","110/07/14","凱基-三峽",5,0,5
"15460","1570力肯","110/07/14","統一-員林",0,10,-10
"15461","1570力肯","110/07/14","元大-和平",5,0,5
"15462","1570力肯","110/07/14","國票-新莊",0,10,-10
"15463","1570力肯","110/07/14","合庫-三重",4,0,4
"15464","1570力肯","110/07/14","凱基-高美館",0,10,-10
"15465","1570力肯","110/07/14","瑞士信貸",4,0,4
"15466","1570力肯","110/07/14","元大-屏東民生",0,5,-5
"15467","1570力肯","110/07/14","統一-三多",4,0,4
"15468","1570力肯","110/07/14","元大-古亭",0,5,-5
"15469","1570力肯","110/07/14","華南永昌-古亭",4,0,4
"15470","1570力肯","110/07/14","日盛-木柵",0,4,-4
"15471","1570力肯","110/07/14","元大-高雄",3,0,3
"15472","1570力肯","110/07/14","大昌",0,4,-4
"15473","1570力肯","110/07/14","兆豐-忠孝",2,0,2
"15474","1570力肯","110/07/14","群益金鼎-東大",0,4,-4
"15475","1570力肯","110/07/14","富邦-陽明",2,0,2
"15476","1570力肯","110/07/14","凱基-台北",0,4,-4
"15477","1570力肯","110/07/14","元大-松山",2,0,2
"15478","1570力肯","110/07/14","元大-板橋",0,4,-4
"15479","1570力肯","110/07/14","元大-忠孝",2,0,2
"15480","1570力肯","110/07/14","第一金-中山",0,3,-3
"15481","2929淘帝","110/07/14","華南永昌-林口",60,0,60
"15482","2929淘帝","110/07/14","群益金鼎",25,540,-515
"15483","2929淘帝","110/07/14","美林",87,31,56
"15484","2929淘帝","110/07/14","國泰-台南",1,30,-29
"15485","2929淘帝","110/07/14","元富-台南",40,0,40
"15486","2929淘帝","110/07/14","宏遠-桃園",0,20,-20
"15487","2929淘帝","110/07/14","元大-民生",39,0,39
"15488","2929淘帝","110/07/14","摩根大通",11,31,-20
"15489","2929淘帝","110/07/14","臺銀-鳳山",34,0,34
"15490","2929淘帝","110/07/14","台新-建北",5,20,-15
"15491","2929淘帝","110/07/14","合庫-高雄",34,1,33
"15492","2929淘帝","110/07/14","新光",1,16,-15
"15493","2929淘帝","110/07/14","華南永昌-鶯歌",28,0,28
"15494","2929淘帝","110/07/14","玉山-板橋",0,15,-15
"15495","2929淘帝","110/07/14","永興",25,0,25
"15496","2929淘帝","110/07/14","凱基-羅東",0,15,-15
"15497","2929淘帝","110/07/14","元大-新盛",25,1,24
"15498","2929淘帝","110/07/14","元大-頭份",0,15,-15
"15499","2929淘帝","110/07/14","日盛-南京",23,0,23
"15500","2929淘帝","110/07/14","第一金-台南",0,13,-13
"15501","2929淘帝","110/07/14","日茂",20,0,20
"15502","2929淘帝","110/07/14","富邦-基隆",0,12,-12
"15503","2929淘帝","110/07/14","台新-台中",20,0,20
"15504","2929淘帝","110/07/14","日茂-南投",1,12,-11
"15505","2929淘帝","110/07/14","華南永昌",20,0,20
"15506","2929淘帝","110/07/14","元大-豐原站前",0,11,-11
"15507","2929淘帝","110/07/14","福勝",15,0,15
"15508","2929淘帝","110/07/14","玉山-士林",0,10,-10
"15509","2929淘帝","110/07/14","富邦-南屯",15,0,15
"15510","2929淘帝","110/07/14","富邦-台北",0,10,-10
"15511","5410國眾","110/07/14","兆豐-城中",35,0,35
"15512","5410國眾","110/07/14","瑞士信貸",0,29,-29
"15513","5410國眾","110/07/14","新光",21,1,20
"15514","5410國眾","110/07/14","國泰-板橋",1,30,-29
"15515","5410國眾","110/07/14","國泰-敦南",21,1,20
"15516","5410國眾","110/07/14","日盛-高雄",0,20,-20
"15517","5410國眾","110/07/14","國泰-台中",20,1,19
"15518","5410國眾","110/07/14","台新-左楠",1,20,-19
"15519","5410國眾","110/07/14","元大-崇德",19,0,19
"15520","5410國眾","110/07/14","元富-大昌",1,18,-17
"15521","5410國眾","110/07/14","土銀-士林",18,0,18
"15522","5410國眾","110/07/14","富邦-建國",0,15,-15
"15523","5410國眾","110/07/14","元大-新盛",20,2,18
"15524","5410國眾","110/07/14","元富-嘉義",0,12,-12
"15525","5410國眾","110/07/14","兆豐-高雄",15,0,15
"15526","5410國眾","110/07/14","永全-南崁",0,12,-12
"15527","5410國眾","110/07/14","宏遠-中和",10,0,10
"15528","5410國眾","110/07/14","元大-員林",0,11,-11
"15529","5410國眾","110/07/14","新光-桃園",10,0,10
"15530","5410國眾","110/07/14","高橋",0,10,-10
"15531","5410國眾","110/07/14","國泰-台南",10,0,10
"15532","5410國眾","110/07/14","永興",0,10,-10
"15533","5410國眾","110/07/14","元大-復北",10,0,10
"15534","5410國眾","110/07/14","華南永昌-三重",0,10,-10
"15535","5410國眾","110/07/14","元大-竹科",8,0,8
"15536","5410國眾","110/07/14","元大-苑裡",0,7,-7
"15537","5410國眾","110/07/14","台新-新營",6,0,6
"15538","5410國眾","110/07/14","港商野村",0,6,-6
"15539","5410國眾","110/07/14","日盛-士林",5,0,5
"15540","5410國眾","110/07/14","摩根大通",5,11,-6
"15541","2841台開","110/07/14","凱基-文心",73,0,73
"15542","2841台開","110/07/14","國泰-敦南",0,50,-50
"15543","2841台開","110/07/14","元富-潮州",30,0,30
"15544","2841台開","110/07/14","凱基-中壢",0,40,-40
"15545","2841台開","110/07/14","第一金-台中",20,0,20
"15546","2841台開","110/07/14","統一-新竹",0,24,-24
"15547","2841台開","110/07/14","華南永昌-新莊",20,0,20
"15548","2841台開","110/07/14","元富-草屯",0,20,-20
"15549","2841台開","110/07/14","永豐金-豐原",20,0,20
"15550","2841台開","110/07/14","台新-台南",0,20,-20
"15551","2841台開","110/07/14","國泰-館前",15,0,15
"15552","2841台開","110/07/14","永豐金-敦南",45,63,-18
"15553","2841台開","110/07/14","群益金鼎-基隆",12,0,12
"15554","2841台開","110/07/14","國票-北高雄",0,13,-13
"15555","2841台開","110/07/14","日盛-信義",10,0,10
"15556","2841台開","110/07/14","凱基-松山",0,10,-10
"15557","2841台開","110/07/14","台新-台中",10,0,10
"15558","2841台開","110/07/14","元大證券",0,10,-10
"15559","2841台開","110/07/14","新光",10,1,9
"15560","2841台開","110/07/14","元大-中壢",0,10,-10
"15561","2841台開","110/07/14","凱基-新店",8,0,8
"15562","2841台開","110/07/14","富邦-陽明",1,10,-9
"15563","2841台開","110/07/14","元大-斗信",7,0,7
"15564","2841台開","110/07/14","富邦-建國",0,9,-9
"15565","2841台開","110/07/14","元大-三重",6,0,6
"15566","2841台開","110/07/14","富邦-台南",0,8,-8
"15567","2841台開","110/07/14","永豐金-中和",6,0,6
"15568","2841台開","110/07/14","康和-澎湖",0,7,-7
"15569","2841台開","110/07/14","元富-成功",5,0,5
"15570","2841台開","110/07/14","日盛-斗六",0,6,-6
"15571","6207雷科","110/07/14","群益金鼎-台北",60,0,60
"15572","6207雷科","110/07/14","新加坡商瑞銀",10,56,-46
"15573","6207雷科","110/07/14","台新-高雄",43,3,40
"15574","6207雷科","110/07/14","國票-中和",0,41,-41
"15575","6207雷科","110/07/14","元大-高雄",19,0,19
"15576","6207雷科","110/07/14","元大-復北",0,33,-33
"15577","6207雷科","110/07/14","福勝",15,0,15
"15578","6207雷科","110/07/14","光和-和美",0,20,-20
"15579","6207雷科","110/07/14","群益金鼎-中山",15,0,15
"15580","6207雷科","110/07/14","群益金鼎-丹鳳",0,20,-20
"15581","6207雷科","110/07/14","元大-林園",15,0,15
"15582","6207雷科","110/07/14","第一金-路竹",0,10,-10
"15583","6207雷科","110/07/14","新光",12,0,12
"15584","6207雷科","110/07/14","元大-歸仁",0,10,-10
"15585","6207雷科","110/07/14","元大-大天母",10,0,10
"15586","6207雷科","110/07/14","宏遠-館前",0,9,-9
"15587","6207雷科","110/07/14","永豐金-忠孝",9,0,9
"15588","6207雷科","110/07/14","凱基-台北",12,20,-8
"15589","6207雷科","110/07/14","永豐金-新店",7,0,7
"15590","6207雷科","110/07/14","美林",0,7,-7
"15591","6207雷科","110/07/14","玉山-嘉義",6,0,6
"15592","6207雷科","110/07/14","摩根大通",16,23,-7
"15593","6207雷科","110/07/14","元大-屏東",6,0,6
"15594","6207雷科","110/07/14","凱基-高雄",1,7,-6
"15595","6207雷科","110/07/14","凱基-大安",5,0,5
"15596","6207雷科","110/07/14","台中銀-豐原",0,5,-5
"15597","6207雷科","110/07/14","富邦-台南",5,0,5
"15598","6207雷科","110/07/14","元大-新竹經國",0,5,-5
"15599","6207雷科","110/07/14","元大-成功",5,0,5
"15600","6207雷科","110/07/14","光和-田中",0,4,-4
"15601","3679新至陞","110/07/14","凱基-台北",31,6,25
"15602","3679新至陞","110/07/14","群益金鼎-東大",0,15,-15
"15603","3679新至陞","110/07/14","華南永昌-新莊",10,0,10
"15604","3679新至陞","110/07/14","瑞士信貸",0,12,-12
"15605","3679新至陞","110/07/14","新加坡商瑞銀",11,3,8
"15606","3679新至陞","110/07/14","群益金鼎-永和",0,10,-10
"15607","3679新至陞","110/07/14","美商高盛",6,0,6
"15608","3679新至陞","110/07/14","元大-成功",5,15,-10
"15609","3679新至陞","110/07/14","第一金-中壢",6,0,6
"15610","3679新至陞","110/07/14","統一-板橋",1,10,-9
"15611","3679新至陞","110/07/14","(牛牛牛)亞-網路",4,0,4
"15612","3679新至陞","110/07/14","玉山-左營",0,5,-5
"15613","3679新至陞","110/07/14","元大-六合",3,0,3
"15614","3679新至陞","110/07/14","群益金鼎-三民",0,4,-4
"15615","3679新至陞","110/07/14","合庫-自強",2,0,2
"15616","3679新至陞","110/07/14","富邦-宜蘭",0,4,-4
"15617","3679新至陞","110/07/14","高橋-內壢",2,0,2
"15618","3679新至陞","110/07/14","永豐金-苓雅",0,3,-3
"15619","3679新至陞","110/07/14","台中銀-員林",2,0,2
"15620","3679新至陞","110/07/14","摩根大通",5,7,-2
"15621","3679新至陞","110/07/14","凱基-高美館",2,0,2
"15622","3679新至陞","110/07/14","元大-板橋三民",0,2,-2
"15623","3679新至陞","110/07/14","元大-福營",2,0,2
"15624","3679新至陞","110/07/14","宏遠-中和",0,1,-1
"15625","3679新至陞","110/07/14","永豐金-松山",2,0,2
"15626","3679新至陞","110/07/14","元富-佳里",0,1,-1
"15627","3679新至陞","110/07/14","永豐金-萬盛",2,0,2
"15628","3679新至陞","110/07/14","(牛牛牛)亞-鑫豐",0,1,-1
"15629","3679新至陞","110/07/14","元富-松德",1,0,1
"15630","3679新至陞","110/07/14","中國信託-中壢",0,1,-1
"15631","2727王品","110/07/14","富邦-左營",102,1,101
"15632","2727王品","110/07/14","統一-城中",100,234,-134
"15633","2727王品","110/07/14","國泰-板橋",105,11,94
"15634","2727王品","110/07/14","富邦-台北",1,125,-124
"15635","2727王品","110/07/14","港商野村",149,72,77
"15636","2727王品","110/07/14","台灣摩根士丹利",1,48,-47
"15637","2727王品","110/07/14","合庫-台中",66,2,64
"15638","2727王品","110/07/14","國票-新莊",0,40,-40
"15639","2727王品","110/07/14","臺銀-金山",63,8,55
"15640","2727王品","110/07/14","永豐金-忠孝",2,39,-37
"15641","2727王品","110/07/14","摩根大通",83,39,44
"15642","2727王品","110/07/14","富邦-彰化",1,34,-33
"15643","2727王品","110/07/14","凱基-台北",84,42,42
"15644","2727王品","110/07/14","康和-高雄",0,30,-30
"15645","2727王品","110/07/14","土銀-台中",35,1,34
"15646","2727王品","110/07/14","安泰",0,26,-26
"15647","2727王品","110/07/14","華南永昌-麻豆",32,1,31
"15648","2727王品","110/07/14","富邦-新竹華信",0,21,-21
"15649","2727王品","110/07/14","元大證券",85,55,30
"15650","2727王品","110/07/14","元大-南崁",1,22,-21
"15651","2727王品","110/07/14","新加坡商瑞銀",40,15,25
"15652","2727王品","110/07/14","彰銀-台中",0,18,-18
"15653","2727王品","110/07/14","日盛-八德",19,0,19
"15654","2727王品","110/07/14","元富-同大",2,20,-18
"15655","2727王品","110/07/14","統一",35,17,18
"15656","2727王品","110/07/14","玉山-嘉義",1,17,-16
"15657","2727王品","110/07/14","元富-大昌",18,1,17
"15658","2727王品","110/07/14","國泰-館前",4,20,-16
"15659","2727王品","110/07/14","玉山-板橋",15,1,14
"15660","2727王品","110/07/14","第一金-嘉義",1,13,-12
"15661","1570力肯","110/07/14","國票-北高雄",68,0,68
"15662","1570力肯","110/07/14","摩根大通",0,21,-21
"15663","1570力肯","110/07/14","日盛-八德",30,1,29
"15664","1570力肯","110/07/14","新光",1,19,-18
"15665","1570力肯","110/07/14","玉山-高雄",7,0,7
"15666","1570力肯","110/07/14","(牛牛牛)亞-鑫豐",0,17,-17
"15667","1570力肯","110/07/14","臺銀-臺南",5,0,5
"15668","1570力肯","110/07/14","日盛-士林",0,10,-10
"15669","1570力肯","110/07/14","凱基-三峽",5,0,5
"15670","1570力肯","110/07/14","統一-員林",0,10,-10
"15671","1570力肯","110/07/14","元大-和平",5,0,5
"15672","1570力肯","110/07/14","國票-新莊",0,10,-10
"15673","1570力肯","110/07/14","合庫-三重",4,0,4
"15674","1570力肯","110/07/14","凱基-高美館",0,10,-10
"15675","1570力肯","110/07/14","瑞士信貸",4,0,4
"15676","1570力肯","110/07/14","元大-屏東民生",0,5,-5
"15677","1570力肯","110/07/14","統一-三多",4,0,4
"15678","1570力肯","110/07/14","元大-古亭",0,5,-5
"15679","1570力肯","110/07/14","華南永昌-古亭",4,0,4
"15680","1570力肯","110/07/14","日盛-木柵",0,4,-4
"15681","1570力肯","110/07/14","元大-高雄",3,0,3
"15682","1570力肯","110/07/14","大昌",0,4,-4
"15683","1570力肯","110/07/14","兆豐-忠孝",2,0,2
"15684","1570力肯","110/07/14","群益金鼎-東大",0,4,-4
"15685","1570力肯","110/07/14","富邦-陽明",2,0,2
"15686","1570力肯","110/07/14","凱基-台北",0,4,-4
"15687","1570力肯","110/07/14","元大-松山",2,0,2
"15688","1570力肯","110/07/14","元大-板橋",0,4,-4
"15689","1570力肯","110/07/14","元大-忠孝",2,0,2
"15690","1570力肯","110/07/14","第一金-中山",0,3,-3
"15691","6180橘子","110/07/14","新加坡商瑞銀",84,28,56
"15692","6180橘子","110/07/14","凱基-台北",4,37,-33
"15693","6180橘子","110/07/14","日盛-信義",29,1,28
"15694","6180橘子","110/07/14","玉山-台南",1,22,-21
"15695","6180橘子","110/07/14","豐農",28,4,24
"15696","6180橘子","110/07/14","日盛-新竹",1,21,-20
"15697","6180橘子","110/07/14","新光-新竹",24,1,23
"15698","6180橘子","110/07/14","元富-潮州",0,19,-19
"15699","6180橘子","110/07/14","華南永昌-高雄",20,0,20
"15700","6180橘子","110/07/14","元大-信義",0,17,-17
"15701","6180橘子","110/07/14","元大-羅東",20,0,20
"15702","6180橘子","110/07/14","台灣企銀-台中",1,16,-15
"15703","6180橘子","110/07/14","元大-台中中港",20,0,20
"15704","6180橘子","110/07/14","元大-北港",0,15,-15
"15705","6180橘子","110/07/14","富邦-嘉義",24,5,19
"15706","6180橘子","110/07/14","富邦-高雄",0,14,-14
"15707","6180橘子","110/07/14","富邦-仁愛",15,0,15
"15708","6180橘子","110/07/14","兆豐-埔墘",0,13,-13
"15709","6180橘子","110/07/14","國票-九鼎",13,0,13
"15710","6180橘子","110/07/14","第一金-中山",0,10,-10
"15711","6180橘子","110/07/14","日盛-木柵",12,0,12
"15712","6180橘子","110/07/14","元大-彰化民生",0,10,-10
"15713","6180橘子","110/07/14","元大-成功",10,0,10
"15714","6180橘子","110/07/14","福勝",1,10,-9
"15715","6180橘子","110/07/14","港商野村",10,2,8
"15716","6180橘子","110/07/14","群益金鼎-丹鳳",1,10,-9
"15717","6180橘子","110/07/14","玉山-左營",8,0,8
"15718","6180橘子","110/07/14","群益金鼎-板橋",0,8,-8
"15719","6180橘子","110/07/14","富邦-陽明",16,8,8
"15720","6180橘子","110/07/14","合庫-鳳山",0,7,-7
"15721","2390云辰","110/07/14","摩根大通",995,198,797
"15722","2390云辰","110/07/14","新加坡商瑞銀",28,399,-371
"15723","2390云辰","110/07/14","美林",383,22,361
"15724","2390云辰","110/07/14","凱基-新豐",3,198,-195
"15725","2390云辰","110/07/14","台灣摩根士丹利",684,358,326
"15726","2390云辰","110/07/14","元大-士林",1,152,-151
"15727","2390云辰","110/07/14","凱基-台北",656,402,254
"15728","2390云辰","110/07/14","元大-竹山",80,181,-101
"15729","2390云辰","110/07/14","日盛-和美",110,5,105
"15730","2390云辰","110/07/14","群益金鼎-開元",19,95,-76
"15731","2390云辰","110/07/14","元大-天母",72,0,72
"15732","2390云辰","110/07/14","新光",77,150,-73
"15733","2390云辰","110/07/14","永豐金-松山",57,0,57
"15734","2390云辰","110/07/14","元富-高雄",0,71,-71
"15735","2390云辰","110/07/14","統一-屏東",53,0,53
"15736","2390云辰","110/07/14","元大-土城學府",130,201,-71
"15737","2390云辰","110/07/14","港商野村",486,450,36
"15738","2390云辰","110/07/14","元大-善化",12,76,-64
"15739","2390云辰","110/07/14","致和-崇德",30,0,30
"15740","2390云辰","110/07/14","華南永昌-岡山",23,81,-58
"15741","2390云辰","110/07/14","富邦-台北",40,14,26
"15742","2390云辰","110/07/14","群益金鼎-大興",82,125,-43
"15743","2390云辰","110/07/14","台新-高雄",38,13,25
"15744","2390云辰","110/07/14","大慶-中壢",0,41,-41
"15745","2390云辰","110/07/14","富邦-板橋",32,7,25
"15746","2390云辰","110/07/14","玉山-板橋",6,47,-41
"15747","2390云辰","110/07/14","陽信-石牌",24,0,24
"15748","2390云辰","110/07/14","富邦-台東",2,42,-40
"15749","2390云辰","110/07/14","凱基-屏東",32,8,24
"15750","2390云辰","110/07/14","元大-新營",3,42,-39
"15751","2363矽統","110/07/14","台灣摩根士丹利",463,0,463
"15752","2363矽統","110/07/14","新加坡商瑞銀",568,1321,-753
"15753","2363矽統","110/07/14","台新證券",750,342,408
"15754","2363矽統","110/07/14","瑞士信貸",149,864,-715
"15755","2363矽統","110/07/14","玉山-台中",363,51,312
"15756","2363矽統","110/07/14","台新-屏東",115,380,-265
"15757","2363矽統","110/07/14","元大-斗六",223,25,198
"15758","2363矽統","110/07/14","永豐金證券",16,265,-249
"15759","2363矽統","110/07/14","華南永昌-朴子",208,38,170
"15760","2363矽統","110/07/14","美林",462,701,-239
"15761","2363矽統","110/07/14","元富-西松",169,12,157
"15762","2363矽統","110/07/14","宏遠-桃園",269,500,-231
"15763","2363矽統","110/07/14","永豐金-大園",146,6,140
"15764","2363矽統","110/07/14","凱基-竹北",36,254,-218
"15765","2363矽統","110/07/14","土銀-和平",134,0,134
"15766","2363矽統","110/07/14","港商法國興業",0,214,-214
"15767","2363矽統","110/07/14","富邦-新營",130,13,117
"15768","2363矽統","110/07/14","港商野村",835,1044,-209
"15769","2363矽統","110/07/14","元富-成功",118,11,107
"15770","2363矽統","110/07/14","北城證券",212,411,-199
"15771","2363矽統","110/07/14","元富-烏日",121,18,103
"15772","2363矽統","110/07/14","(牛牛牛)亞-鑫豐",51,241,-190
"15773","2363矽統","110/07/14","日盛-二林",120,18,102
"15774","2363矽統","110/07/14","國票-博愛",24,213,-189
"15775","2363矽統","110/07/14","兆豐-忠孝",98,2,96
"15776","2363矽統","110/07/14","大慶-蘆洲",134,316,-182
"15777","2363矽統","110/07/14","大慶-楊梅",92,3,89
"15778","2363矽統","110/07/14","彰銀-台中",15,193,-178
"15779","2363矽統","110/07/14","元富-三重",120,33,87
"15780","2363矽統","110/07/14","日盛-和美",18,185,-167
"15781","8112至上","110/07/14","新加坡商瑞銀",223,17,206
"15782","8112至上","110/07/14","瑞士信貸",8,170,-162
"15783","8112至上","110/07/14","摩根大通",285,129,156
"15784","8112至上","110/07/14","美林",55,202,-147
"15785","8112至上","110/07/14","花旗環球",124,0,124
"15786","8112至上","110/07/14","凱基-台北",325,436,-111
"15787","8112至上","110/07/14","兆豐-公益",117,4,113
"15788","8112至上","110/07/14","台中銀-台北",0,98,-98
"15789","8112至上","110/07/14","香港上海匯豐",111,0,111
"15790","8112至上","110/07/14","玉山-台大",17,107,-90
"15791","8112至上","110/07/14","永豐金-內湖",117,21,96
"15792","8112至上","110/07/14","康和-內湖",1,90,-89
"15793","8112至上","110/07/14","台灣摩根士丹利",108,16,92
"15794","8112至上","110/07/14","港商野村",21,84,-63
"15795","8112至上","110/07/14","元大-東蘆",77,0,77
"15796","8112至上","110/07/14","兆豐-北高雄",1,60,-59
"15797","8112至上","110/07/14","新光",108,48,60
"15798","8112至上","110/07/14","群益金鼎-海山",1,52,-51
"15799","8112至上","110/07/14","大慶-蘆洲",59,0,59
"15800","8112至上","110/07/14","群益金鼎-大安",0,50,-50
"15801","8112至上","110/07/14","華南永昌-台中",56,3,53
"15802","8112至上","110/07/14","富邦-仁愛",2,49,-47
"15803","8112至上","110/07/14","土銀-嘉義",52,2,50
"15804","8112至上","110/07/14","元大-金華",0,42,-42
"15805","8112至上","110/07/14","美商高盛",40,0,40
"15806","8112至上","110/07/14","元大-內湖",4,43,-39
"15807","8112至上","110/07/14","臺銀",63,29,34
"15808","8112至上","110/07/14","第一金-華江",2,37,-35
"15809","8112至上","110/07/14","元富-嘉義",31,0,31
"15810","8112至上","110/07/14","永豐金-苓雅",2,34,-32
"15811","1570力肯","110/07/14","國票-北高雄",68,0,68
"15812","1570力肯","110/07/14","摩根大通",0,21,-21
"15813","1570力肯","110/07/14","日盛-八德",30,1,29
"15814","1570力肯","110/07/14","新光",1,19,-18
"15815","1570力肯","110/07/14","玉山-高雄",7,0,7
"15816","1570力肯","110/07/14","(牛牛牛)亞-鑫豐",0,17,-17
"15817","1570力肯","110/07/14","臺銀-臺南",5,0,5
"15818","1570力肯","110/07/14","日盛-士林",0,10,-10
"15819","1570力肯","110/07/14","凱基-三峽",5,0,5
"15820","1570力肯","110/07/14","統一-員林",0,10,-10
"15821","1570力肯","110/07/14","元大-和平",5,0,5
"15822","1570力肯","110/07/14","國票-新莊",0,10,-10
"15823","1570力肯","110/07/14","合庫-三重",4,0,4
"15824","1570力肯","110/07/14","凱基-高美館",0,10,-10
"15825","1570力肯","110/07/14","瑞士信貸",4,0,4
"15826","1570力肯","110/07/14","元大-屏東民生",0,5,-5
"15827","1570力肯","110/07/14","統一-三多",4,0,4
"15828","1570力肯","110/07/14","元大-古亭",0,5,-5
"15829","1570力肯","110/07/14","華南永昌-古亭",4,0,4
"15830","1570力肯","110/07/14","日盛-木柵",0,4,-4
"15831","1570力肯","110/07/14","元大-高雄",3,0,3
"15832","1570力肯","110/07/14","大昌",0,4,-4
"15833","1570力肯","110/07/14","兆豐-忠孝",2,0,2
"15834","1570力肯","110/07/14","群益金鼎-東大",0,4,-4
"15835","1570力肯","110/07/14","富邦-陽明",2,0,2
"15836","1570力肯","110/07/14","凱基-台北",0,4,-4
"15837","1570力肯","110/07/14","元大-松山",2,0,2
"15838","1570力肯","110/07/14","元大-板橋",0,4,-4
"15839","1570力肯","110/07/14","元大-忠孝",2,0,2
"15840","1570力肯","110/07/14","第一金-中山",0,3,-3
"15841","2929淘帝","110/07/14","華南永昌-林口",60,0,60
"15842","2929淘帝","110/07/14","群益金鼎",25,540,-515
"15843","2929淘帝","110/07/14","美林",87,31,56
"15844","2929淘帝","110/07/14","國泰-台南",1,30,-29
"15845","2929淘帝","110/07/14","元富-台南",40,0,40
"15846","2929淘帝","110/07/14","宏遠-桃園",0,20,-20
"15847","2929淘帝","110/07/14","元大-民生",39,0,39
"15848","2929淘帝","110/07/14","摩根大通",11,31,-20
"15849","2929淘帝","110/07/14","臺銀-鳳山",34,0,34
"15850","2929淘帝","110/07/14","台新-建北",5,20,-15
"15851","2929淘帝","110/07/14","合庫-高雄",34,1,33
"15852","2929淘帝","110/07/14","新光",1,16,-15
"15853","2929淘帝","110/07/14","華南永昌-鶯歌",28,0,28
"15854","2929淘帝","110/07/14","玉山-板橋",0,15,-15
"15855","2929淘帝","110/07/14","永興",25,0,25
"15856","2929淘帝","110/07/14","凱基-羅東",0,15,-15
"15857","2929淘帝","110/07/14","元大-新盛",25,1,24
"15858","2929淘帝","110/07/14","元大-頭份",0,15,-15
"15859","2929淘帝","110/07/14","日盛-南京",23,0,23
"15860","2929淘帝","110/07/14","第一金-台南",0,13,-13
"15861","2929淘帝","110/07/14","日茂",20,0,20
"15862","2929淘帝","110/07/14","富邦-基隆",0,12,-12
"15863","2929淘帝","110/07/14","台新-台中",20,0,20
"15864","2929淘帝","110/07/14","日茂-南投",1,12,-11
"15865","2929淘帝","110/07/14","華南永昌",20,0,20
"15866","2929淘帝","110/07/14","元大-豐原站前",0,11,-11
"15867","2929淘帝","110/07/14","福勝",15,0,15
"15868","2929淘帝","110/07/14","玉山-士林",0,10,-10
"15869","2929淘帝","110/07/14","富邦-南屯",15,0,15
"15870","2929淘帝","110/07/14","富邦-台北",0,10,-10
"15871","5410國眾","110/07/14","兆豐-城中",35,0,35
"15872","5410國眾","110/07/14","瑞士信貸",0,29,-29
"15873","5410國眾","110/07/14","新光",21,1,20
"15874","5410國眾","110/07/14","國泰-板橋",1,30,-29
"15875","5410國眾","110/07/14","國泰-敦南",21,1,20
"15876","5410國眾","110/07/14","日盛-高雄",0,20,-20
"15877","5410國眾","110/07/14","國泰-台中",20,1,19
"15878","5410國眾","110/07/14","台新-左楠",1,20,-19
"15879","5410國眾","110/07/14","元大-崇德",19,0,19
"15880","5410國眾","110/07/14","元富-大昌",1,18,-17
"15881","5410國眾","110/07/14","土銀-士林",18,0,18
"15882","5410國眾","110/07/14","富邦-建國",0,15,-15
"15883","5410國眾","110/07/14","元大-新盛",20,2,18
"15884","5410國眾","110/07/14","元富-嘉義",0,12,-12
"15885","5410國眾","110/07/14","兆豐-高雄",15,0,15
"15886","5410國眾","110/07/14","永全-南崁",0,12,-12
"15887","5410國眾","110/07/14","宏遠-中和",10,0,10
"15888","5410國眾","110/07/14","元大-員林",0,11,-11
"15889","5410國眾","110/07/14","新光-桃園",10,0,10
"15890","5410國眾","110/07/14","高橋",0,10,-10
"15891","5410國眾","110/07/14","國泰-台南",10,0,10
"15892","5410國眾","110/07/14","永興",0,10,-10
"15893","5410國眾","110/07/14","元大-復北",10,0,10
"15894","5410國眾","110/07/14","華南永昌-三重",0,10,-10
"15895","5410國眾","110/07/14","元大-竹科",8,0,8
"15896","5410國眾","110/07/14","元大-苑裡",0,7,-7
"15897","5410國眾","110/07/14","台新-新營",6,0,6
"15898","5410國眾","110/07/14","港商野村",0,6,-6
"15899","5410國眾","110/07/14","日盛-士林",5,0,5
"15900","5410國眾","110/07/14","摩根大通",5,11,-6
"15901","2841台開","110/07/14","凱基-文心",73,0,73
"15902","2841台開","110/07/14","國泰-敦南",0,50,-50
"15903","2841台開","110/07/14","元富-潮州",30,0,30
"15904","2841台開","110/07/14","凱基-中壢",0,40,-40
"15905","2841台開","110/07/14","第一金-台中",20,0,20
"15906","2841台開","110/07/14","統一-新竹",0,24,-24
"15907","2841台開","110/07/14","華南永昌-新莊",20,0,20
"15908","2841台開","110/07/14","元富-草屯",0,20,-20
"15909","2841台開","110/07/14","永豐金-豐原",20,0,20
"15910","2841台開","110/07/14","台新-台南",0,20,-20
"15911","2841台開","110/07/14","國泰-館前",15,0,15
"15912","2841台開","110/07/14","永豐金-敦南",45,63,-18
"15913","2841台開","110/07/14","群益金鼎-基隆",12,0,12
"15914","2841台開","110/07/14","國票-北高雄",0,13,-13
"15915","2841台開","110/07/14","日盛-信義",10,0,10
"15916","2841台開","110/07/14","凱基-松山",0,10,-10
"15917","2841台開","110/07/14","台新-台中",10,0,10
"15918","2841台開","110/07/14","元大證券",0,10,-10
"15919","2841台開","110/07/14","新光",10,1,9
"15920","2841台開","110/07/14","元大-中壢",0,10,-10
"15921","2841台開","110/07/14","凱基-新店",8,0,8
"15922","2841台開","110/07/14","富邦-陽明",1,10,-9
"15923","2841台開","110/07/14","元大-斗信",7,0,7
"15924","2841台開","110/07/14","富邦-建國",0,9,-9
"15925","2841台開","110/07/14","元大-三重",6,0,6
"15926","2841台開","110/07/14","富邦-台南",0,8,-8
"15927","2841台開","110/07/14","永豐金-中和",6,0,6
"15928","2841台開","110/07/14","康和-澎湖",0,7,-7
"15929","2841台開","110/07/14","元富-成功",5,0,5
"15930","2841台開","110/07/14","日盛-斗六",0,6,-6
"15931","6207雷科","110/07/14","群益金鼎-台北",60,0,60
"15932","6207雷科","110/07/14","新加坡商瑞銀",10,56,-46
"15933","6207雷科","110/07/14","台新-高雄",43,3,40
"15934","6207雷科","110/07/14","國票-中和",0,41,-41
"15935","6207雷科","110/07/14","元大-高雄",19,0,19
"15936","6207雷科","110/07/14","元大-復北",0,33,-33
"15937","6207雷科","110/07/14","福勝",15,0,15
"15938","6207雷科","110/07/14","光和-和美",0,20,-20
"15939","6207雷科","110/07/14","群益金鼎-中山",15,0,15
"15940","6207雷科","110/07/14","群益金鼎-丹鳳",0,20,-20
"15941","6207雷科","110/07/14","元大-林園",15,0,15
"15942","6207雷科","110/07/14","第一金-路竹",0,10,-10
"15943","6207雷科","110/07/14","新光",12,0,12
"15944","6207雷科","110/07/14","元大-歸仁",0,10,-10
"15945","6207雷科","110/07/14","元大-大天母",10,0,10
"15946","6207雷科","110/07/14","宏遠-館前",0,9,-9
"15947","6207雷科","110/07/14","永豐金-忠孝",9,0,9
"15948","6207雷科","110/07/14","凱基-台北",12,20,-8
"15949","6207雷科","110/07/14","永豐金-新店",7,0,7
"15950","6207雷科","110/07/14","美林",0,7,-7
"15951","6207雷科","110/07/14","玉山-嘉義",6,0,6
"15952","6207雷科","110/07/14","摩根大通",16,23,-7
"15953","6207雷科","110/07/14","元大-屏東",6,0,6
"15954","6207雷科","110/07/14","凱基-高雄",1,7,-6
"15955","6207雷科","110/07/14","凱基-大安",5,0,5
"15956","6207雷科","110/07/14","台中銀-豐原",0,5,-5
"15957","6207雷科","110/07/14","富邦-台南",5,0,5
"15958","6207雷科","110/07/14","元大-新竹經國",0,5,-5
"15959","6207雷科","110/07/14","元大-成功",5,0,5
"15960","6207雷科","110/07/14","光和-田中",0,4,-4
"15961","3679新至陞","110/07/14","凱基-台北",31,6,25
"15962","3679新至陞","110/07/14","群益金鼎-東大",0,15,-15
"15963","3679新至陞","110/07/14","華南永昌-新莊",10,0,10
"15964","3679新至陞","110/07/14","瑞士信貸",0,12,-12
"15965","3679新至陞","110/07/14","新加坡商瑞銀",11,3,8
"15966","3679新至陞","110/07/14","群益金鼎-永和",0,10,-10
"15967","3679新至陞","110/07/14","美商高盛",6,0,6
"15968","3679新至陞","110/07/14","元大-成功",5,15,-10
"15969","3679新至陞","110/07/14","第一金-中壢",6,0,6
"15970","3679新至陞","110/07/14","統一-板橋",1,10,-9
"15971","3679新至陞","110/07/14","(牛牛牛)亞-網路",4,0,4
"15972","3679新至陞","110/07/14","玉山-左營",0,5,-5
"15973","3679新至陞","110/07/14","元大-六合",3,0,3
"15974","3679新至陞","110/07/14","群益金鼎-三民",0,4,-4
"15975","3679新至陞","110/07/14","合庫-自強",2,0,2
"15976","3679新至陞","110/07/14","富邦-宜蘭",0,4,-4
"15977","3679新至陞","110/07/14","高橋-內壢",2,0,2
"15978","3679新至陞","110/07/14","永豐金-苓雅",0,3,-3
"15979","3679新至陞","110/07/14","台中銀-員林",2,0,2
"15980","3679新至陞","110/07/14","摩根大通",5,7,-2
"15981","3679新至陞","110/07/14","凱基-高美館",2,0,2
"15982","3679新至陞","110/07/14","元大-板橋三民",0,2,-2
"15983","3679新至陞","110/07/14","元大-福營",2,0,2
"15984","3679新至陞","110/07/14","宏遠-中和",0,1,-1
"15985","3679新至陞","110/07/14","永豐金-松山",2,0,2
"15986","3679新至陞","110/07/14","元富-佳里",0,1,-1
"15987","3679新至陞","110/07/14","永豐金-萬盛",2,0,2
"15988","3679新至陞","110/07/14","(牛牛牛)亞-鑫豐",0,1,-1
"15989","3679新至陞","110/07/14","元富-松德",1,0,1
"15990","3679新至陞","110/07/14","中國信託-中壢",0,1,-1
"15991","2727王品","110/07/14","富邦-左營",102,1,101
"15992","2727王品","110/07/14","統一-城中",100,234,-134
"15993","2727王品","110/07/14","國泰-板橋",105,11,94
"15994","2727王品","110/07/14","富邦-台北",1,125,-124
"15995","2727王品","110/07/14","港商野村",149,72,77
"15996","2727王品","110/07/14","台灣摩根士丹利",1,48,-47
"15997","2727王品","110/07/14","合庫-台中",66,2,64
"15998","2727王品","110/07/14","國票-新莊",0,40,-40
"15999","2727王品","110/07/14","臺銀-金山",63,8,55
"16000","2727王品","110/07/14","永豐金-忠孝",2,39,-37
"16001","2727王品","110/07/14","摩根大通",83,39,44
"16002","2727王品","110/07/14","富邦-彰化",1,34,-33
"16003","2727王品","110/07/14","凱基-台北",84,42,42
"16004","2727王品","110/07/14","康和-高雄",0,30,-30
"16005","2727王品","110/07/14","土銀-台中",35,1,34
"16006","2727王品","110/07/14","安泰",0,26,-26
"16007","2727王品","110/07/14","華南永昌-麻豆",32,1,31
"16008","2727王品","110/07/14","富邦-新竹華信",0,21,-21
"16009","2727王品","110/07/14","元大證券",85,55,30
"16010","2727王品","110/07/14","元大-南崁",1,22,-21
"16011","2727王品","110/07/14","新加坡商瑞銀",40,15,25
"16012","2727王品","110/07/14","彰銀-台中",0,18,-18
"16013","2727王品","110/07/14","日盛-八德",19,0,19
"16014","2727王品","110/07/14","元富-同大",2,20,-18
"16015","2727王品","110/07/14","統一",35,17,18
"16016","2727王品","110/07/14","玉山-嘉義",1,17,-16
"16017","2727王品","110/07/14","元富-大昌",18,1,17
"16018","2727王品","110/07/14","國泰-館前",4,20,-16
"16019","2727王品","110/07/14","玉山-板橋",15,1,14
"16020","2727王品","110/07/14","第一金-嘉義",1,13,-12
"16021","1570力肯","110/07/14","國票-北高雄",68,0,68
"16022","1570力肯","110/07/14","摩根大通",0,21,-21
"16023","1570力肯","110/07/14","日盛-八德",30,1,29
"16024","1570力肯","110/07/14","新光",1,19,-18
"16025","1570力肯","110/07/14","玉山-高雄",7,0,7
"16026","1570力肯","110/07/14","(牛牛牛)亞-鑫豐",0,17,-17
"16027","1570力肯","110/07/14","臺銀-臺南",5,0,5
"16028","1570力肯","110/07/14","日盛-士林",0,10,-10
"16029","1570力肯","110/07/14","凱基-三峽",5,0,5
"16030","1570力肯","110/07/14","統一-員林",0,10,-10
"16031","1570力肯","110/07/14","元大-和平",5,0,5
"16032","1570力肯","110/07/14","國票-新莊",0,10,-10
"16033","1570力肯","110/07/14","合庫-三重",4,0,4
"16034","1570力肯","110/07/14","凱基-高美館",0,10,-10
"16035","1570力肯","110/07/14","瑞士信貸",4,0,4
"16036","1570力肯","110/07/14","元大-屏東民生",0,5,-5
"16037","1570力肯","110/07/14","統一-三多",4,0,4
"16038","1570力肯","110/07/14","元大-古亭",0,5,-5
"16039","1570力肯","110/07/14","華南永昌-古亭",4,0,4
"16040","1570力肯","110/07/14","日盛-木柵",0,4,-4
"16041","1570力肯","110/07/14","元大-高雄",3,0,3
"16042","1570力肯","110/07/14","大昌",0,4,-4
"16043","1570力肯","110/07/14","兆豐-忠孝",2,0,2
"16044","1570力肯","110/07/14","群益金鼎-東大",0,4,-4
"16045","1570力肯","110/07/14","富邦-陽明",2,0,2
"16046","1570力肯","110/07/14","凱基-台北",0,4,-4
"16047","1570力肯","110/07/14","元大-松山",2,0,2
"16048","1570力肯","110/07/14","元大-板橋",0,4,-4
"16049","1570力肯","110/07/14","元大-忠孝",2,0,2
"16050","1570力肯","110/07/14","第一金-中山",0,3,-3
"16051","6180橘子","110/07/14","新加坡商瑞銀",84,28,56
"16052","6180橘子","110/07/14","凱基-台北",4,37,-33
"16053","6180橘子","110/07/14","日盛-信義",29,1,28
"16054","6180橘子","110/07/14","玉山-台南",1,22,-21
"16055","6180橘子","110/07/14","豐農",28,4,24
"16056","6180橘子","110/07/14","日盛-新竹",1,21,-20
"16057","6180橘子","110/07/14","新光-新竹",24,1,23
"16058","6180橘子","110/07/14","元富-潮州",0,19,-19
"16059","6180橘子","110/07/14","華南永昌-高雄",20,0,20
"16060","6180橘子","110/07/14","元大-信義",0,17,-17
"16061","6180橘子","110/07/14","元大-羅東",20,0,20
"16062","6180橘子","110/07/14","台灣企銀-台中",1,16,-15
"16063","6180橘子","110/07/14","元大-台中中港",20,0,20
"16064","6180橘子","110/07/14","元大-北港",0,15,-15
"16065","6180橘子","110/07/14","富邦-嘉義",24,5,19
"16066","6180橘子","110/07/14","富邦-高雄",0,14,-14
"16067","6180橘子","110/07/14","富邦-仁愛",15,0,15
"16068","6180橘子","110/07/14","兆豐-埔墘",0,13,-13
"16069","6180橘子","110/07/14","國票-九鼎",13,0,13
"16070","6180橘子","110/07/14","第一金-中山",0,10,-10
"16071","6180橘子","110/07/14","日盛-木柵",12,0,12
"16072","6180橘子","110/07/14","元大-彰化民生",0,10,-10
"16073","6180橘子","110/07/14","元大-成功",10,0,10
"16074","6180橘子","110/07/14","福勝",1,10,-9
"16075","6180橘子","110/07/14","港商野村",10,2,8
"16076","6180橘子","110/07/14","群益金鼎-丹鳳",1,10,-9
"16077","6180橘子","110/07/14","玉山-左營",8,0,8
"16078","6180橘子","110/07/14","群益金鼎-板橋",0,8,-8
"16079","6180橘子","110/07/14","富邦-陽明",16,8,8
"16080","6180橘子","110/07/14","合庫-鳳山",0,7,-7
"16081","2390云辰","110/07/14","摩根大通",995,198,797
"16082","2390云辰","110/07/14","新加坡商瑞銀",28,399,-371
"16083","2390云辰","110/07/14","美林",383,22,361
"16084","2390云辰","110/07/14","凱基-新豐",3,198,-195
"16085","2390云辰","110/07/14","台灣摩根士丹利",684,358,326
"16086","2390云辰","110/07/14","元大-士林",1,152,-151
"16087","2390云辰","110/07/14","凱基-台北",656,402,254
"16088","2390云辰","110/07/14","元大-竹山",80,181,-101
"16089","2390云辰","110/07/14","日盛-和美",110,5,105
"16090","2390云辰","110/07/14","群益金鼎-開元",19,95,-76
"16091","2390云辰","110/07/14","元大-天母",72,0,72
"16092","2390云辰","110/07/14","新光",77,150,-73
"16093","2390云辰","110/07/14","永豐金-松山",57,0,57
"16094","2390云辰","110/07/14","元富-高雄",0,71,-71
"16095","2390云辰","110/07/14","統一-屏東",53,0,53
"16096","2390云辰","110/07/14","元大-土城學府",130,201,-71
"16097","2390云辰","110/07/14","港商野村",486,450,36
"16098","2390云辰","110/07/14","元大-善化",12,76,-64
"16099","2390云辰","110/07/14","致和-崇德",30,0,30
"16100","2390云辰","110/07/14","華南永昌-岡山",23,81,-58
"16101","2390云辰","110/07/14","富邦-台北",40,14,26
"16102","2390云辰","110/07/14","群益金鼎-大興",82,125,-43
"16103","2390云辰","110/07/14","台新-高雄",38,13,25
"16104","2390云辰","110/07/14","大慶-中壢",0,41,-41
"16105","2390云辰","110/07/14","富邦-板橋",32,7,25
"16106","2390云辰","110/07/14","玉山-板橋",6,47,-41
"16107","2390云辰","110/07/14","陽信-石牌",24,0,24
"16108","2390云辰","110/07/14","富邦-台東",2,42,-40
"16109","2390云辰","110/07/14","凱基-屏東",32,8,24
"16110","2390云辰","110/07/14","元大-新營",3,42,-39
"16111","2363矽統","110/07/13","凱基-南崁",2133,63,2070
"16112","2363矽統","110/07/13","凱基-幸福",36,4048,-4012
"16113","2363矽統","110/07/13","國泰-敦南",2195,1617,578
"16114","2363矽統","110/07/13","統一",192,3325,-3133
"16115","2363矽統","110/07/13","中農",670,139,531
"16116","2363矽統","110/07/13","新加坡商瑞銀",1000,2747,-1747
"16117","2363矽統","110/07/13","康和-台中",638,154,484
"16118","2363矽統","110/07/13","凱基-台北",5359,6609,-1250
"16119","2363矽統","110/07/13","群益金鼎-三民",577,137,440
"16120","2363矽統","110/07/13","摩根大通",1930,2858,-928
"16121","2363矽統","110/07/13","台新-屏東",510,88,422
"16122","2363矽統","110/07/13","港商野村",960,1679,-719
"16123","2363矽統","110/07/13","德信-中正",455,67,388
"16124","2363矽統","110/07/13","兆豐-復興",25,705,-680
"16125","2363矽統","110/07/13","日盛-竹北",365,70,295
"16126","2363矽統","110/07/13","統一-仁愛",114,755,-641
"16127","2363矽統","110/07/13","元大-佳里",452,189,263
"16128","2363矽統","110/07/13","統一-敦南",29,638,-609
"16129","2363矽統","110/07/13","國票-博愛",296,38,258
"16130","2363矽統","110/07/13","統一-土城",100,704,-604
"16131","2363矽統","110/07/13","元大-萬華",340,95,245
"16132","2363矽統","110/07/13","統一-城中",116,676,-560
"16133","2363矽統","110/07/13","新光",1259,1031,228
"16134","2363矽統","110/07/13","永豐金證券",306,859,-553
"16135","2363矽統","110/07/13","元富-成功",323,96,227
"16136","2363矽統","110/07/13","元富",54,567,-513
"16137","2363矽統","110/07/13","豐農",228,23,205
"16138","2363矽統","110/07/13","瑞士信貸",202,666,-464
"16139","2363矽統","110/07/13","台灣企銀-岡山",186,4,182
"16140","2363矽統","110/07/13","永豐金-嘉義",67,468,-401
"16141","8112至上","110/07/13","摩根大通",688,296,392
"16142","8112至上","110/07/13","國票-中和",0,401,-401
"16143","8112至上","110/07/13","港商野村",344,145,199
"16144","8112至上","110/07/13","永豐金-板盛",0,205,-205
"16145","8112至上","110/07/13","兆豐-公益",195,5,190
"16146","8112至上","110/07/13","凱基-五股",43,155,-112
"16147","8112至上","110/07/13","台灣摩根士丹利",183,0,183
"16148","8112至上","110/07/13","凱基-市政",0,100,-100
"16149","8112至上","110/07/13","群益金鼎-敦南",153,2,151
"16150","8112至上","110/07/13","元大-大里德芳",1,92,-91
"16151","8112至上","110/07/13","臺銀-金山",146,26,120
"16152","8112至上","110/07/13","玉山-桃園",26,110,-84
"16153","8112至上","110/07/13","臺銀",133,19,114
"16154","8112至上","110/07/13","兆豐-天母",0,81,-81
"16155","8112至上","110/07/13","合庫-台中",115,6,109
"16156","8112至上","110/07/13","凱基-城中",3,84,-81
"16157","8112至上","110/07/13","亞東-板橋",134,26,108
"16158","8112至上","110/07/13","日盛-新莊",9,85,-76
"16159","8112至上","110/07/13","凱基-台北",414,326,88
"16160","8112至上","110/07/13","日盛-台中",2,64,-62
"16161","8112至上","110/07/13","新加坡商瑞銀",181,100,81
"16162","8112至上","110/07/13","日盛-中壢",3,64,-61
"16163","8112至上","110/07/13","國泰-敦南",108,31,77
"16164","8112至上","110/07/13","元大-台中",2,59,-57
"16165","8112至上","110/07/13","第一金-華江",77,4,73
"16166","8112至上","110/07/13","元大-雙和",7,64,-57
"16167","8112至上","110/07/13","永豐金-內湖",73,1,72
"16168","8112至上","110/07/13","元大-高雄",8,62,-54
"16169","8112至上","110/07/13","元大-永和",68,1,67
"16170","8112至上","110/07/13","元大-館前",2,55,-53
"16171","1570力肯","110/07/13","新光",115,11,104
"16172","1570力肯","110/07/13","元大-北三重",0,162,-162
"16173","1570力肯","110/07/13","群益金鼎-高雄",54,0,54
"16174","1570力肯","110/07/13","元大-大灣",0,25,-25
"16175","1570力肯","110/07/13","國票-新莊",22,0,22
"16176","1570力肯","110/07/13","永豐金-苓雅",0,22,-22
"16177","1570力肯","110/07/13","日盛-桃園",12,0,12
"16178","1570力肯","110/07/13","永豐金-永康",0,19,-19
"16179","1570力肯","110/07/13","元大-高雄",12,0,12
"16180","1570力肯","110/07/13","富邦-員林",0,15,-15
"16181","1570力肯","110/07/13","合庫-自強",11,0,11
"16182","1570力肯","110/07/13","凱基-台南",0,11,-11
"16183","1570力肯","110/07/13","摩根大通",26,15,11
"16184","1570力肯","110/07/13","日盛-竹北",0,10,-10
"16185","1570力肯","110/07/13","永豐金-中盛",11,0,11
"16186","1570力肯","110/07/13","國票-九鼎",0,10,-10
"16187","1570力肯","110/07/13","兆豐-台中港",10,0,10
"16188","1570力肯","110/07/13","凱基-桃園",0,10,-10
"16189","1570力肯","110/07/13","國泰-松江",9,0,9
"16190","1570力肯","110/07/13","凱基-新豐",0,10,-10
"16191","1570力肯","110/07/13","元大-新盛",9,0,9
"16192","1570力肯","110/07/13","元大-學甲",0,10,-10
"16193","1570力肯","110/07/13","元富-緯城",6,0,6
"16194","1570力肯","110/07/13","群益金鼎-東湖",1,10,-9
"16195","1570力肯","110/07/13","統一-三重",5,0,5
"16196","1570力肯","110/07/13","大昌",0,6,-6
"16197","1570力肯","110/07/13","元大-前金",5,0,5
"16198","1570力肯","110/07/13","元大-土城學府",0,6,-6
"16199","1570力肯","110/07/13","永豐金證券",5,0,5
"16200","1570力肯","110/07/13","統一",0,5,-5
"16201","2929淘帝","110/07/13","玉山-新竹",130,0,130
"16202","2929淘帝","110/07/13","美商高盛",0,177,-177
"16203","2929淘帝","110/07/13","臺銀-民權",60,0,60
"16204","2929淘帝","110/07/13","凱基-台北",6,80,-74
"16205","2929淘帝","110/07/13","新百王",31,0,31
"16206","2929淘帝","110/07/13","元富-大裕",0,49,-49
"16207","2929淘帝","110/07/13","日盛-園區",30,0,30
"16208","2929淘帝","110/07/13","國泰-館前",3,51,-48
"16209","2929淘帝","110/07/13","元大-南投",31,1,30
"16210","2929淘帝","110/07/13","凱基-中壢",0,41,-41
"16211","2929淘帝","110/07/13","兆豐-忠孝",28,0,28
"16212","2929淘帝","110/07/13","港商野村",21,55,-34
"16213","2929淘帝","110/07/13","元大-民生",28,0,28
"16214","2929淘帝","110/07/13","華南永昌-南京",2,34,-32
"16215","2929淘帝","110/07/13","合庫-高雄",27,0,27
"16216","2929淘帝","110/07/13","群益金鼎-土城",0,30,-30
"16217","2929淘帝","110/07/13","凱基-豐中",27,0,27
"16218","2929淘帝","110/07/13","富邦-南屯",0,22,-22
"16219","2929淘帝","110/07/13","新光",21,4,17
"16220","2929淘帝","110/07/13","第一金-豐原",0,20,-20
"16221","2929淘帝","110/07/13","元大-天母",17,0,17
"16222","2929淘帝","110/07/13","元大-屏南",6,26,-20
"16223","2929淘帝","110/07/13","永興",14,0,14
"16224","2929淘帝","110/07/13","永豐金-敦南",1,21,-20
"16225","2929淘帝","110/07/13","富邦-台北",12,0,12
"16226","2929淘帝","110/07/13","凱基-三重",2,21,-19
"16227","2929淘帝","110/07/13","元大-永和",12,0,12
"16228","2929淘帝","110/07/13","富邦-仁愛",7,25,-18
"16229","2929淘帝","110/07/13","國票-天祥",11,0,11
"16230","2929淘帝","110/07/13","元大-北投",0,16,-16
"16231","5410國眾","110/07/13","兆豐-城中",274,0,274
"16232","5410國眾","110/07/13","元富-嘉義",0,103,-103
"16233","5410國眾","110/07/13","新光",50,4,46
"16234","5410國眾","110/07/13","凱基-台北",0,50,-50
"16235","5410國眾","110/07/13","國泰-台中",26,0,26
"16236","5410國眾","110/07/13","瑞士信貸",0,31,-31
"16237","5410國眾","110/07/13","新加坡商瑞銀",22,0,22
"16238","5410國眾","110/07/13","台新-新莊",0,27,-27
"16239","5410國眾","110/07/13","光和-嘉義",20,0,20
"16240","5410國眾","110/07/13","元大-汐止",0,20,-20
"16241","5410國眾","110/07/13","凱基-竹北",17,0,17
"16242","5410國眾","110/07/13","亞東-新竹",0,17,-17
"16243","5410國眾","110/07/13","新光-桃園",15,0,15
"16244","5410國眾","110/07/13","元大-南勢角",0,13,-13
"16245","5410國眾","110/07/13","凱基-台東",14,0,14
"16246","5410國眾","110/07/13","台新-台南",0,12,-12
"16247","5410國眾","110/07/13","富邦-竹北",11,0,11
"16248","5410國眾","110/07/13","中國信託",0,11,-11
"16249","5410國眾","110/07/13","元富-同大",10,0,10
"16250","5410國眾","110/07/13","華南永昌",0,11,-11
"16251","5410國眾","110/07/13","國泰-敦南",24,15,9
"16252","5410國眾","110/07/13","臺銀-臺南",0,10,-10
"16253","5410國眾","110/07/13","日盛-內湖",7,0,7
"16254","5410國眾","110/07/13","台灣企銀-民雄",0,10,-10
"16255","5410國眾","110/07/13","台新-左楠",7,0,7
"16256","5410國眾","110/07/13","高橋",0,10,-10
"16257","5410國眾","110/07/13","元大-新盛",18,12,6
"16258","5410國眾","110/07/13","康和-嘉義",0,10,-10
"16259","5410國眾","110/07/13","統一",5,0,5
"16260","5410國眾","110/07/13","凱基-基隆",0,10,-10
"16261","2841台開","110/07/13","中國信託-高雄",251,50,201
"16262","2841台開","110/07/13","兆豐-公益",0,177,-177
"16263","2841台開","110/07/13","日盛證券",210,13,197
"16264","2841台開","110/07/13","日進",0,152,-152
"16265","2841台開","110/07/13","第一金-台中",55,0,55
"16266","2841台開","110/07/13","港商野村",0,109,-109
"16267","2841台開","110/07/13","國泰-板橋",46,0,46
"16268","2841台開","110/07/13","日盛-信義",0,103,-103
"16269","2841台開","110/07/13","國泰-館前",48,3,45
"16270","2841台開","110/07/13","國泰-敦南",11,75,-64
"16271","2841台開","110/07/13","華南永昌-新莊",45,0,45
"16272","2841台開","110/07/13","永興",0,50,-50
"16273","2841台開","110/07/13","日盛-園區",42,0,42
"16274","2841台開","110/07/13","永豐金-敦南",61,104,-43
"16275","2841台開","110/07/13","台新證券",32,0,32
"16276","2841台開","110/07/13","富邦-台南",0,42,-42
"16277","2841台開","110/07/13","台新-高雄",32,2,30
"16278","2841台開","110/07/13","國票-安和",0,30,-30
"16279","2841台開","110/07/13","豐農",23,0,23
"16280","2841台開","110/07/13","元大-桃園",0,25,-25
"16281","2841台開","110/07/13","合庫-嘉義",20,0,20
"16282","2841台開","110/07/13","新光",8,32,-24
"16283","2841台開","110/07/13","華南永昌-高雄",20,0,20
"16284","2841台開","110/07/13","元大-仁愛",0,24,-24
"16285","2841台開","110/07/13","元大-樹林",16,0,16
"16286","2841台開","110/07/13","日盛-中和",0,20,-20
"16287","2841台開","110/07/13","第一金-華江",15,2,13
"16288","2841台開","110/07/13","元富",0,20,-20
"16289","2841台開","110/07/13","美商高盛",12,0,12
"16290","2841台開","110/07/13","富邦-宜蘭",0,20,-20
"16291","6207雷科","110/07/13","元大-高雄",121,0,121
"16292","6207雷科","110/07/13","華南永昌-朴子",1,60,-59
"16293","6207雷科","110/07/13","第一金-新興",20,0,20
"16294","6207雷科","110/07/13","元大-南海",0,36,-36
"16295","6207雷科","110/07/13","元富-三重",20,0,20
"16296","6207雷科","110/07/13","凱基-土城",0,35,-35
"16297","6207雷科","110/07/13","元大-林園",15,0,15
"16298","6207雷科","110/07/13","台灣企銀",0,20,-20
"16299","6207雷科","110/07/13","元大-金華",16,1,15
"16300","6207雷科","110/07/13","群益金鼎-丹鳳",0,20,-20
"16301","6207雷科","110/07/13","日盛證券",10,0,10
"16302","6207雷科","110/07/13","元大-博愛",0,17,-17
"16303","6207雷科","110/07/13","統一-台中",10,0,10
"16304","6207雷科","110/07/13","元大-北港",0,13,-13
"16305","6207雷科","110/07/13","群益金鼎-土城",10,0,10
"16306","6207雷科","110/07/13","新加坡商瑞銀",0,12,-12
"16307","6207雷科","110/07/13","群益金鼎-桃園",10,0,10
"16308","6207雷科","110/07/13","凱基-台北",4,16,-12
"16309","6207雷科","110/07/13","永豐金-新莊",10,0,10
"16310","6207雷科","110/07/13","日茂-埔里",0,11,-11
"16311","6207雷科","110/07/13","永豐金-新店",10,0,10
"16312","6207雷科","110/07/13","元大-莒光",0,11,-11
"16313","6207雷科","110/07/13","元大證券",9,0,9
"16314","6207雷科","110/07/13","統一-新竹",0,10,-10
"16315","6207雷科","110/07/13","日盛-木柵",9,1,8
"16316","6207雷科","110/07/13","元大-西螺",0,10,-10
"16317","6207雷科","110/07/13","兆豐-來福",8,0,8
"16318","6207雷科","110/07/13","康和-台中",0,8,-8
"16319","6207雷科","110/07/13","新光",7,0,7
"16320","6207雷科","110/07/13","兆豐-高雄",0,6,-6
"16321","3679新至陞","110/07/13","永豐金證券",50,0,50
"16322","3679新至陞","110/07/13","摩根大通",2,25,-23
"16323","3679新至陞","110/07/13","國泰-桃園",22,0,22
"16324","3679新至陞","110/07/13","元大-成功",0,22,-22
"16325","3679新至陞","110/07/13","台中銀-員林",11,0,11
"16326","3679新至陞","110/07/13","富邦-板橋",1,19,-18
"16327","3679新至陞","110/07/13","元大-文心興安",8,0,8
"16328","3679新至陞","110/07/13","日盛-新莊",0,10,-10
"16329","3679新至陞","110/07/13","美商高盛",6,0,6
"16330","3679新至陞","110/07/13","台新-台中",0,10,-10
"16331","3679新至陞","110/07/13","台新-高雄",6,0,6
"16332","3679新至陞","110/07/13","永豐金-新竹",0,8,-8
"16333","3679新至陞","110/07/13","凱基-台北",18,12,6
"16334","3679新至陞","110/07/13","瑞士信貸",12,19,-7
"16335","3679新至陞","110/07/13","日盛-復興",5,0,5
"16336","3679新至陞","110/07/13","統一-南京",0,7,-7
"16337","3679新至陞","110/07/13","(牛牛牛)亞-鑫豐",4,0,4
"16338","3679新至陞","110/07/13","凱基-新莊",0,7,-7
"16339","3679新至陞","110/07/13","元富-大昌",3,0,3
"16340","3679新至陞","110/07/13","新加坡商瑞銀",0,6,-6
"16341","3679新至陞","110/07/13","富邦-台北",3,0,3
"16342","3679新至陞","110/07/13","合庫-自強",0,5,-5
"16343","3679新至陞","110/07/13","日盛-樹林",2,0,2
"16344","3679新至陞","110/07/13","富邦-桃園",0,5,-5
"16345","3679新至陞","110/07/13","宏遠-光隆",2,0,2
"16346","3679新至陞","110/07/13","永豐金-潮州",0,4,-4
"16347","3679新至陞","110/07/13","美林",3,1,2
"16348","3679新至陞","110/07/13","臺銀-臺南",0,3,-3
"16349","3679新至陞","110/07/13","第一金-中壢",2,0,2
"16350","3679新至陞","110/07/13","元大-六合",0,3,-3
"16351","2727王品","110/07/13","富邦-台北",43,3,40
"16352","2727王品","110/07/13","台灣摩根士丹利",15,97,-82
"16353","2727王品","110/07/13","元大-基隆孝二",40,0,40
"16354","2727王品","110/07/13","玉山-台南",5,57,-52
"16355","2727王品","110/07/13","國票-新莊",40,1,39
"16356","2727王品","110/07/13","新加坡商瑞銀",0,48,-48
"16357","2727王品","110/07/13","第一金-豐原",66,42,24
"16358","2727王品","110/07/13","凱基-台北",41,77,-36
"16359","2727王品","110/07/13","永豐金-大園",34,10,24
"16360","2727王品","110/07/13","永豐金-永康",0,22,-22
"16361","2727王品","110/07/13","元大-北屯",22,0,22
"16362","2727王品","110/07/13","統一-台中",2,22,-20
"16363","2727王品","110/07/13","元大-東蘆",26,7,19
"16364","2727王品","110/07/13","國泰-台中",21,39,-18
"16365","2727王品","110/07/13","永豐金-萬盛",13,1,12
"16366","2727王品","110/07/13","合庫-彰化",3,20,-17
"16367","2727王品","110/07/13","日盛-嘉義",11,0,11
"16368","2727王品","110/07/13","港商野村",13,30,-17
"16369","2727王品","110/07/13","日盛-八德",11,0,11
"16370","2727王品","110/07/13","元大-楊梅",1,16,-15
"16371","2727王品","110/07/13","統一-竹南",11,0,11
"16372","2727王品","110/07/13","凱基-高美館",2,15,-13
"16373","2727王品","110/07/13","日盛-士林",12,2,10
"16374","2727王品","110/07/13","美商高盛",2,14,-12
"16375","2727王品","110/07/13","統一-敦南",10,0,10
"16376","2727王品","110/07/13","統一-平鎮",1,13,-12
"16377","2727王品","110/07/13","中國信託",15,5,10
"16378","2727王品","110/07/13","兆豐-台中港",4,16,-12
"16379","2727王品","110/07/13","兆豐-竹北",13,3,10
"16380","2727王品","110/07/13","凱基-八德",1,13,-12
"16381","1570力肯","110/07/13","新光",115,11,104
"16382","1570力肯","110/07/13","元大-北三重",0,162,-162
"16383","1570力肯","110/07/13","群益金鼎-高雄",54,0,54
"16384","1570力肯","110/07/13","元大-大灣",0,25,-25
"16385","1570力肯","110/07/13","國票-新莊",22,0,22
"16386","1570力肯","110/07/13","永豐金-苓雅",0,22,-22
"16387","1570力肯","110/07/13","日盛-桃園",12,0,12
"16388","1570力肯","110/07/13","永豐金-永康",0,19,-19
"16389","1570力肯","110/07/13","元大-高雄",12,0,12
"16390","1570力肯","110/07/13","富邦-員林",0,15,-15
"16391","1570力肯","110/07/13","合庫-自強",11,0,11
"16392","1570力肯","110/07/13","凱基-台南",0,11,-11
"16393","1570力肯","110/07/13","摩根大通",26,15,11
"16394","1570力肯","110/07/13","日盛-竹北",0,10,-10
"16395","1570力肯","110/07/13","永豐金-中盛",11,0,11
"16396","1570力肯","110/07/13","國票-九鼎",0,10,-10
"16397","1570力肯","110/07/13","兆豐-台中港",10,0,10
"16398","1570力肯","110/07/13","凱基-桃園",0,10,-10
"16399","1570力肯","110/07/13","國泰-松江",9,0,9
"16400","1570力肯","110/07/13","凱基-新豐",0,10,-10
"16401","1570力肯","110/07/13","元大-新盛",9,0,9
"16402","1570力肯","110/07/13","元大-學甲",0,10,-10
"16403","1570力肯","110/07/13","元富-緯城",6,0,6
"16404","1570力肯","110/07/13","群益金鼎-東湖",1,10,-9
"16405","1570力肯","110/07/13","統一-三重",5,0,5
"16406","1570力肯","110/07/13","大昌",0,6,-6
"16407","1570力肯","110/07/13","元大-前金",5,0,5
"16408","1570力肯","110/07/13","元大-土城學府",0,6,-6
"16409","1570力肯","110/07/13","永豐金證券",5,0,5
"16410","1570力肯","110/07/13","統一",0,5,-5
"16411","6180橘子","110/07/13","摩根大通",119,0,119
"16412","6180橘子","110/07/13","元大-崇德",2,61,-59
"16413","6180橘子","110/07/13","美商高盛",96,0,96
"16414","6180橘子","110/07/13","康和-台中",0,51,-51
"16415","6180橘子","110/07/13","新加坡商瑞銀",86,7,79
"16416","6180橘子","110/07/13","康和-台北",0,50,-50
"16417","6180橘子","110/07/13","元大-和平",40,0,40
"16418","6180橘子","110/07/13","元富-潮州",0,40,-40
"16419","6180橘子","110/07/13","凱基-台北",83,47,36
"16420","6180橘子","110/07/13","日盛-永康",0,26,-26
"16421","6180橘子","110/07/13","美林",39,5,34
"16422","6180橘子","110/07/13","永豐金-中正",0,24,-24
"16423","6180橘子","110/07/13","富邦-新竹華信",31,2,29
"16424","6180橘子","110/07/13","國泰-板橋",2,25,-23
"16425","6180橘子","110/07/13","統一-南京",21,0,21
"16426","6180橘子","110/07/13","日盛-大墩",0,20,-20
"16427","6180橘子","110/07/13","富邦-陽明",24,3,21
"16428","6180橘子","110/07/13","元大-草屯",13,32,-19
"16429","6180橘子","110/07/13","大昌-樹林",21,1,20
"16430","6180橘子","110/07/13","元富-林園",1,18,-17
"16431","6180橘子","110/07/13","花旗環球",19,0,19
"16432","6180橘子","110/07/13","新光-新竹",1,18,-17
"16433","6180橘子","110/07/13","華南永昌-台南",19,0,19
"16434","6180橘子","110/07/13","元大-土城永寧",0,17,-17
"16435","6180橘子","110/07/13","福勝",14,0,14
"16436","6180橘子","110/07/13","國泰-新莊",3,19,-16
"16437","6180橘子","110/07/13","富邦-嘉義",12,1,11
"16438","6180橘子","110/07/13","中國信託-永康",6,21,-15
"16439","6180橘子","110/07/13","元大-板橋三民",11,0,11
"16440","6180橘子","110/07/13","凱基-東港",1,15,-14
"16441","2390云辰","110/07/13","新加坡商瑞銀",562,75,487
"16442","2390云辰","110/07/13","大展-台南",0,532,-532
"16443","2390云辰","110/07/13","台灣摩根士丹利",330,155,175
"16444","2390云辰","110/07/13","凱基-台北",668,854,-186
"16445","2390云辰","110/07/13","兆豐-公益",126,25,101
"16446","2390云辰","110/07/13","凱基-三重",12,172,-160
"16447","2390云辰","110/07/13","元富-中港",100,2,98
"16448","2390云辰","110/07/13","兆豐-忠孝",4,161,-157
"16449","2390云辰","110/07/13","統一-新台中",106,9,97
"16450","2390云辰","110/07/13","元大-士林",19,170,-151
"16451","2390云辰","110/07/13","中國信託-松江",81,11,70
"16452","2390云辰","110/07/13","臺銀-新竹",14,117,-103
"16453","2390云辰","110/07/13","日盛-板橋",72,3,69
"16454","2390云辰","110/07/13","國票-台中",4,102,-98
"16455","2390云辰","110/07/13","日盛-和美",57,0,57
"16456","2390云辰","110/07/13","新光",147,232,-85
"16457","2390云辰","110/07/13","永豐金-桃園",88,36,52
"16458","2390云辰","110/07/13","致和-崇德",2,70,-68
"16459","2390云辰","110/07/13","玉山-士林",54,4,50
"16460","2390云辰","110/07/13","群益金鼎-屏東",2,70,-68
"16461","2390云辰","110/07/13","富邦-仁愛",56,6,50
"16462","2390云辰","110/07/13","元大-大里",35,98,-63
"16463","2390云辰","110/07/13","第一金-豐原",50,1,49
"16464","2390云辰","110/07/13","元大-萬華",35,94,-59
"16465","2390云辰","110/07/13","摩根大通",502,453,49
"16466","2390云辰","110/07/13","元富-吉利",2,60,-58
"16467","2390云辰","110/07/13","凱基-松山",61,13,48
"16468","2390云辰","110/07/13","兆豐-新竹",3,53,-50
"16469","2390云辰","110/07/13","大昌",64,22,42
"16470","2390云辰","110/07/13","富邦-嘉義",65,108,-43
"16471","2363矽統","110/07/13","凱基-南崁",2133,63,2070
"16472","2363矽統","110/07/13","凱基-幸福",36,4048,-4012
"16473","2363矽統","110/07/13","國泰-敦南",2195,1617,578
"16474","2363矽統","110/07/13","統一",192,3325,-3133
"16475","2363矽統","110/07/13","中農",670,139,531
"16476","2363矽統","110/07/13","新加坡商瑞銀",1000,2747,-1747
"16477","2363矽統","110/07/13","康和-台中",638,154,484
"16478","2363矽統","110/07/13","凱基-台北",5359,6609,-1250
"16479","2363矽統","110/07/13","群益金鼎-三民",577,137,440
"16480","2363矽統","110/07/13","摩根大通",1930,2858,-928
"16481","2363矽統","110/07/13","台新-屏東",510,88,422
"16482","2363矽統","110/07/13","港商野村",960,1679,-719
"16483","2363矽統","110/07/13","德信-中正",455,67,388
"16484","2363矽統","110/07/13","兆豐-復興",25,705,-680
"16485","2363矽統","110/07/13","日盛-竹北",365,70,295
"16486","2363矽統","110/07/13","統一-仁愛",114,755,-641
"16487","2363矽統","110/07/13","元大-佳里",452,189,263
"16488","2363矽統","110/07/13","統一-敦南",29,638,-609
"16489","2363矽統","110/07/13","國票-博愛",296,38,258
"16490","2363矽統","110/07/13","統一-土城",100,704,-604
"16491","2363矽統","110/07/13","元大-萬華",340,95,245
"16492","2363矽統","110/07/13","統一-城中",116,676,-560
"16493","2363矽統","110/07/13","新光",1259,1031,228
"16494","2363矽統","110/07/13","永豐金證券",306,859,-553
"16495","2363矽統","110/07/13","元富-成功",323,96,227
"16496","2363矽統","110/07/13","元富",54,567,-513
"16497","2363矽統","110/07/13","豐農",228,23,205
"16498","2363矽統","110/07/13","瑞士信貸",202,666,-464
"16499","2363矽統","110/07/13","台灣企銀-岡山",186,4,182
"16500","2363矽統","110/07/13","永豐金-嘉義",67,468,-401
"16501","8112至上","110/07/13","摩根大通",688,296,392
"16502","8112至上","110/07/13","國票-中和",0,401,-401
"16503","8112至上","110/07/13","港商野村",344,145,199
"16504","8112至上","110/07/13","永豐金-板盛",0,205,-205
"16505","8112至上","110/07/13","兆豐-公益",195,5,190
"16506","8112至上","110/07/13","凱基-五股",43,155,-112
"16507","8112至上","110/07/13","台灣摩根士丹利",183,0,183
"16508","8112至上","110/07/13","凱基-市政",0,100,-100
"16509","8112至上","110/07/13","群益金鼎-敦南",153,2,151
"16510","8112至上","110/07/13","元大-大里德芳",1,92,-91
"16511","8112至上","110/07/13","臺銀-金山",146,26,120
"16512","8112至上","110/07/13","玉山-桃園",26,110,-84
"16513","8112至上","110/07/13","臺銀",133,19,114
"16514","8112至上","110/07/13","兆豐-天母",0,81,-81
"16515","8112至上","110/07/13","合庫-台中",115,6,109
"16516","8112至上","110/07/13","凱基-城中",3,84,-81
"16517","8112至上","110/07/13","亞東-板橋",134,26,108
"16518","8112至上","110/07/13","日盛-新莊",9,85,-76
"16519","8112至上","110/07/13","凱基-台北",414,326,88
"16520","8112至上","110/07/13","日盛-台中",2,64,-62
"16521","8112至上","110/07/13","新加坡商瑞銀",181,100,81
"16522","8112至上","110/07/13","日盛-中壢",3,64,-61
"16523","8112至上","110/07/13","國泰-敦南",108,31,77
"16524","8112至上","110/07/13","元大-台中",2,59,-57
"16525","8112至上","110/07/13","第一金-華江",77,4,73
"16526","8112至上","110/07/13","元大-雙和",7,64,-57
"16527","8112至上","110/07/13","永豐金-內湖",73,1,72
"16528","8112至上","110/07/13","元大-高雄",8,62,-54
"16529","8112至上","110/07/13","元大-永和",68,1,67
"16530","8112至上","110/07/13","元大-館前",2,55,-53
"16531","1570力肯","110/07/13","新光",115,11,104
"16532","1570力肯","110/07/13","元大-北三重",0,162,-162
"16533","1570力肯","110/07/13","群益金鼎-高雄",54,0,54
"16534","1570力肯","110/07/13","元大-大灣",0,25,-25
"16535","1570力肯","110/07/13","國票-新莊",22,0,22
"16536","1570力肯","110/07/13","永豐金-苓雅",0,22,-22
"16537","1570力肯","110/07/13","日盛-桃園",12,0,12
"16538","1570力肯","110/07/13","永豐金-永康",0,19,-19
"16539","1570力肯","110/07/13","元大-高雄",12,0,12
"16540","1570力肯","110/07/13","富邦-員林",0,15,-15
"16541","1570力肯","110/07/13","合庫-自強",11,0,11
"16542","1570力肯","110/07/13","凱基-台南",0,11,-11
"16543","1570力肯","110/07/13","摩根大通",26,15,11
"16544","1570力肯","110/07/13","日盛-竹北",0,10,-10
"16545","1570力肯","110/07/13","永豐金-中盛",11,0,11
"16546","1570力肯","110/07/13","國票-九鼎",0,10,-10
"16547","1570力肯","110/07/13","兆豐-台中港",10,0,10
"16548","1570力肯","110/07/13","凱基-桃園",0,10,-10
"16549","1570力肯","110/07/13","國泰-松江",9,0,9
"16550","1570力肯","110/07/13","凱基-新豐",0,10,-10
"16551","1570力肯","110/07/13","元大-新盛",9,0,9
"16552","1570力肯","110/07/13","元大-學甲",0,10,-10
"16553","1570力肯","110/07/13","元富-緯城",6,0,6
"16554","1570力肯","110/07/13","群益金鼎-東湖",1,10,-9
"16555","1570力肯","110/07/13","統一-三重",5,0,5
"16556","1570力肯","110/07/13","大昌",0,6,-6
"16557","1570力肯","110/07/13","元大-前金",5,0,5
"16558","1570力肯","110/07/13","元大-土城學府",0,6,-6
"16559","1570力肯","110/07/13","永豐金證券",5,0,5
"16560","1570力肯","110/07/13","統一",0,5,-5
"16561","2929淘帝","110/07/13","玉山-新竹",130,0,130
"16562","2929淘帝","110/07/13","美商高盛",0,177,-177
"16563","2929淘帝","110/07/13","臺銀-民權",60,0,60
"16564","2929淘帝","110/07/13","凱基-台北",6,80,-74
"16565","2929淘帝","110/07/13","新百王",31,0,31
"16566","2929淘帝","110/07/13","元富-大裕",0,49,-49
"16567","2929淘帝","110/07/13","日盛-園區",30,0,30
"16568","2929淘帝","110/07/13","國泰-館前",3,51,-48
"16569","2929淘帝","110/07/13","元大-南投",31,1,30
"16570","2929淘帝","110/07/13","凱基-中壢",0,41,-41
"16571","2929淘帝","110/07/13","兆豐-忠孝",28,0,28
"16572","2929淘帝","110/07/13","港商野村",21,55,-34
"16573","2929淘帝","110/07/13","元大-民生",28,0,28
"16574","2929淘帝","110/07/13","華南永昌-南京",2,34,-32
"16575","2929淘帝","110/07/13","合庫-高雄",27,0,27
"16576","2929淘帝","110/07/13","群益金鼎-土城",0,30,-30
"16577","2929淘帝","110/07/13","凱基-豐中",27,0,27
"16578","2929淘帝","110/07/13","富邦-南屯",0,22,-22
"16579","2929淘帝","110/07/13","新光",21,4,17
"16580","2929淘帝","110/07/13","第一金-豐原",0,20,-20
"16581","2929淘帝","110/07/13","元大-天母",17,0,17
"16582","2929淘帝","110/07/13","元大-屏南",6,26,-20
"16583","2929淘帝","110/07/13","永興",14,0,14
"16584","2929淘帝","110/07/13","永豐金-敦南",1,21,-20
"16585","2929淘帝","110/07/13","富邦-台北",12,0,12
"16586","2929淘帝","110/07/13","凱基-三重",2,21,-19
"16587","2929淘帝","110/07/13","元大-永和",12,0,12
"16588","2929淘帝","110/07/13","富邦-仁愛",7,25,-18
"16589","2929淘帝","110/07/13","國票-天祥",11,0,11
"16590","2929淘帝","110/07/13","元大-北投",0,16,-16
"16591","5410國眾","110/07/13","兆豐-城中",274,0,274
"16592","5410國眾","110/07/13","元富-嘉義",0,103,-103
"16593","5410國眾","110/07/13","新光",50,4,46
"16594","5410國眾","110/07/13","凱基-台北",0,50,-50
"16595","5410國眾","110/07/13","國泰-台中",26,0,26
"16596","5410國眾","110/07/13","瑞士信貸",0,31,-31
"16597","5410國眾","110/07/13","新加坡商瑞銀",22,0,22
"16598","5410國眾","110/07/13","台新-新莊",0,27,-27
"16599","5410國眾","110/07/13","光和-嘉義",20,0,20
"16600","5410國眾","110/07/13","元大-汐止",0,20,-20
"16601","5410國眾","110/07/13","凱基-竹北",17,0,17
"16602","5410國眾","110/07/13","亞東-新竹",0,17,-17
"16603","5410國眾","110/07/13","新光-桃園",15,0,15
"16604","5410國眾","110/07/13","元大-南勢角",0,13,-13
"16605","5410國眾","110/07/13","凱基-台東",14,0,14
"16606","5410國眾","110/07/13","台新-台南",0,12,-12
"16607","5410國眾","110/07/13","富邦-竹北",11,0,11
"16608","5410國眾","110/07/13","中國信託",0,11,-11
"16609","5410國眾","110/07/13","元富-同大",10,0,10
"16610","5410國眾","110/07/13","華南永昌",0,11,-11
"16611","5410國眾","110/07/13","國泰-敦南",24,15,9
"16612","5410國眾","110/07/13","臺銀-臺南",0,10,-10
"16613","5410國眾","110/07/13","日盛-內湖",7,0,7
"16614","5410國眾","110/07/13","台灣企銀-民雄",0,10,-10
"16615","5410國眾","110/07/13","台新-左楠",7,0,7
"16616","5410國眾","110/07/13","高橋",0,10,-10
"16617","5410國眾","110/07/13","元大-新盛",18,12,6
"16618","5410國眾","110/07/13","康和-嘉義",0,10,-10
"16619","5410國眾","110/07/13","統一",5,0,5
"16620","5410國眾","110/07/13","凱基-基隆",0,10,-10
"16621","2841台開","110/07/13","中國信託-高雄",251,50,201
"16622","2841台開","110/07/13","兆豐-公益",0,177,-177
"16623","2841台開","110/07/13","日盛證券",210,13,197
"16624","2841台開","110/07/13","日進",0,152,-152
"16625","2841台開","110/07/13","第一金-台中",55,0,55
"16626","2841台開","110/07/13","港商野村",0,109,-109
"16627","2841台開","110/07/13","國泰-板橋",46,0,46
"16628","2841台開","110/07/13","日盛-信義",0,103,-103
"16629","2841台開","110/07/13","國泰-館前",48,3,45
"16630","2841台開","110/07/13","國泰-敦南",11,75,-64
"16631","2841台開","110/07/13","華南永昌-新莊",45,0,45
"16632","2841台開","110/07/13","永興",0,50,-50
"16633","2841台開","110/07/13","日盛-園區",42,0,42
"16634","2841台開","110/07/13","永豐金-敦南",61,104,-43
"16635","2841台開","110/07/13","台新證券",32,0,32
"16636","2841台開","110/07/13","富邦-台南",0,42,-42
"16637","2841台開","110/07/13","台新-高雄",32,2,30
"16638","2841台開","110/07/13","國票-安和",0,30,-30
"16639","2841台開","110/07/13","豐農",23,0,23
"16640","2841台開","110/07/13","元大-桃園",0,25,-25
"16641","2841台開","110/07/13","合庫-嘉義",20,0,20
"16642","2841台開","110/07/13","新光",8,32,-24
"16643","2841台開","110/07/13","華南永昌-高雄",20,0,20
"16644","2841台開","110/07/13","元大-仁愛",0,24,-24
"16645","2841台開","110/07/13","元大-樹林",16,0,16
"16646","2841台開","110/07/13","日盛-中和",0,20,-20
"16647","2841台開","110/07/13","第一金-華江",15,2,13
"16648","2841台開","110/07/13","元富",0,20,-20
"16649","2841台開","110/07/13","美商高盛",12,0,12
"16650","2841台開","110/07/13","富邦-宜蘭",0,20,-20
"16651","6207雷科","110/07/13","元大-高雄",121,0,121
"16652","6207雷科","110/07/13","華南永昌-朴子",1,60,-59
"16653","6207雷科","110/07/13","第一金-新興",20,0,20
"16654","6207雷科","110/07/13","元大-南海",0,36,-36
"16655","6207雷科","110/07/13","元富-三重",20,0,20
"16656","6207雷科","110/07/13","凱基-土城",0,35,-35
"16657","6207雷科","110/07/13","元大-林園",15,0,15
"16658","6207雷科","110/07/13","台灣企銀",0,20,-20
"16659","6207雷科","110/07/13","元大-金華",16,1,15
"16660","6207雷科","110/07/13","群益金鼎-丹鳳",0,20,-20
"16661","6207雷科","110/07/13","日盛證券",10,0,10
"16662","6207雷科","110/07/13","元大-博愛",0,17,-17
"16663","6207雷科","110/07/13","統一-台中",10,0,10
"16664","6207雷科","110/07/13","元大-北港",0,13,-13
"16665","6207雷科","110/07/13","群益金鼎-土城",10,0,10
"16666","6207雷科","110/07/13","新加坡商瑞銀",0,12,-12
"16667","6207雷科","110/07/13","群益金鼎-桃園",10,0,10
"16668","6207雷科","110/07/13","凱基-台北",4,16,-12
"16669","6207雷科","110/07/13","永豐金-新莊",10,0,10
"16670","6207雷科","110/07/13","日茂-埔里",0,11,-11
"16671","6207雷科","110/07/13","永豐金-新店",10,0,10
"16672","6207雷科","110/07/13","元大-莒光",0,11,-11
"16673","6207雷科","110/07/13","元大證券",9,0,9
"16674","6207雷科","110/07/13","統一-新竹",0,10,-10
"16675","6207雷科","110/07/13","日盛-木柵",9,1,8
"16676","6207雷科","110/07/13","元大-西螺",0,10,-10
"16677","6207雷科","110/07/13","兆豐-來福",8,0,8
"16678","6207雷科","110/07/13","康和-台中",0,8,-8
"16679","6207雷科","110/07/13","新光",7,0,7
"16680","6207雷科","110/07/13","兆豐-高雄",0,6,-6
"16681","3679新至陞","110/07/13","永豐金證券",50,0,50
"16682","3679新至陞","110/07/13","摩根大通",2,25,-23
"16683","3679新至陞","110/07/13","國泰-桃園",22,0,22
"16684","3679新至陞","110/07/13","元大-成功",0,22,-22
"16685","3679新至陞","110/07/13","台中銀-員林",11,0,11
"16686","3679新至陞","110/07/13","富邦-板橋",1,19,-18
"16687","3679新至陞","110/07/13","元大-文心興安",8,0,8
"16688","3679新至陞","110/07/13","日盛-新莊",0,10,-10
"16689","3679新至陞","110/07/13","美商高盛",6,0,6
"16690","3679新至陞","110/07/13","台新-台中",0,10,-10
"16691","3679新至陞","110/07/13","台新-高雄",6,0,6
"16692","3679新至陞","110/07/13","永豐金-新竹",0,8,-8
"16693","3679新至陞","110/07/13","凱基-台北",18,12,6
"16694","3679新至陞","110/07/13","瑞士信貸",12,19,-7
"16695","3679新至陞","110/07/13","日盛-復興",5,0,5
"16696","3679新至陞","110/07/13","統一-南京",0,7,-7
"16697","3679新至陞","110/07/13","(牛牛牛)亞-鑫豐",4,0,4
"16698","3679新至陞","110/07/13","凱基-新莊",0,7,-7
"16699","3679新至陞","110/07/13","元富-大昌",3,0,3
"16700","3679新至陞","110/07/13","新加坡商瑞銀",0,6,-6
"16701","3679新至陞","110/07/13","富邦-台北",3,0,3
"16702","3679新至陞","110/07/13","合庫-自強",0,5,-5
"16703","3679新至陞","110/07/13","日盛-樹林",2,0,2
"16704","3679新至陞","110/07/13","富邦-桃園",0,5,-5
"16705","3679新至陞","110/07/13","宏遠-光隆",2,0,2
"16706","3679新至陞","110/07/13","永豐金-潮州",0,4,-4
"16707","3679新至陞","110/07/13","美林",3,1,2
"16708","3679新至陞","110/07/13","臺銀-臺南",0,3,-3
"16709","3679新至陞","110/07/13","第一金-中壢",2,0,2
"16710","3679新至陞","110/07/13","元大-六合",0,3,-3
"16711","2727王品","110/07/13","富邦-台北",43,3,40
"16712","2727王品","110/07/13","台灣摩根士丹利",15,97,-82
"16713","2727王品","110/07/13","元大-基隆孝二",40,0,40
"16714","2727王品","110/07/13","玉山-台南",5,57,-52
"16715","2727王品","110/07/13","國票-新莊",40,1,39
"16716","2727王品","110/07/13","新加坡商瑞銀",0,48,-48
"16717","2727王品","110/07/13","第一金-豐原",66,42,24
"16718","2727王品","110/07/13","凱基-台北",41,77,-36
"16719","2727王品","110/07/13","永豐金-大園",34,10,24
"16720","2727王品","110/07/13","永豐金-永康",0,22,-22
"16721","2727王品","110/07/13","元大-北屯",22,0,22
"16722","2727王品","110/07/13","統一-台中",2,22,-20
"16723","2727王品","110/07/13","元大-東蘆",26,7,19
"16724","2727王品","110/07/13","國泰-台中",21,39,-18
"16725","2727王品","110/07/13","永豐金-萬盛",13,1,12
"16726","2727王品","110/07/13","合庫-彰化",3,20,-17
"16727","2727王品","110/07/13","日盛-嘉義",11,0,11
"16728","2727王品","110/07/13","港商野村",13,30,-17
"16729","2727王品","110/07/13","日盛-八德",11,0,11
"16730","2727王品","110/07/13","元大-楊梅",1,16,-15
"16731","2727王品","110/07/13","統一-竹南",11,0,11
"16732","2727王品","110/07/13","凱基-高美館",2,15,-13
"16733","2727王品","110/07/13","日盛-士林",12,2,10
"16734","2727王品","110/07/13","美商高盛",2,14,-12
"16735","2727王品","110/07/13","統一-敦南",10,0,10
"16736","2727王品","110/07/13","統一-平鎮",1,13,-12
"16737","2727王品","110/07/13","中國信託",15,5,10
"16738","2727王品","110/07/13","兆豐-台中港",4,16,-12
"16739","2727王品","110/07/13","兆豐-竹北",13,3,10
"16740","2727王品","110/07/13","凱基-八德",1,13,-12
"16741","1570力肯","110/07/13","新光",115,11,104
"16742","1570力肯","110/07/13","元大-北三重",0,162,-162
"16743","1570力肯","110/07/13","群益金鼎-高雄",54,0,54
"16744","1570力肯","110/07/13","元大-大灣",0,25,-25
"16745","1570力肯","110/07/13","國票-新莊",22,0,22
"16746","1570力肯","110/07/13","永豐金-苓雅",0,22,-22
"16747","1570力肯","110/07/13","日盛-桃園",12,0,12
"16748","1570力肯","110/07/13","永豐金-永康",0,19,-19
"16749","1570力肯","110/07/13","元大-高雄",12,0,12
"16750","1570力肯","110/07/13","富邦-員林",0,15,-15
"16751","1570力肯","110/07/13","合庫-自強",11,0,11
"16752","1570力肯","110/07/13","凱基-台南",0,11,-11
"16753","1570力肯","110/07/13","摩根大通",26,15,11
"16754","1570力肯","110/07/13","日盛-竹北",0,10,-10
"16755","1570力肯","110/07/13","永豐金-中盛",11,0,11
"16756","1570力肯","110/07/13","國票-九鼎",0,10,-10
"16757","1570力肯","110/07/13","兆豐-台中港",10,0,10
"16758","1570力肯","110/07/13","凱基-桃園",0,10,-10
"16759","1570力肯","110/07/13","國泰-松江",9,0,9
"16760","1570力肯","110/07/13","凱基-新豐",0,10,-10
"16761","1570力肯","110/07/13","元大-新盛",9,0,9
"16762","1570力肯","110/07/13","元大-學甲",0,10,-10
"16763","1570力肯","110/07/13","元富-緯城",6,0,6
"16764","1570力肯","110/07/13","群益金鼎-東湖",1,10,-9
"16765","1570力肯","110/07/13","統一-三重",5,0,5
"16766","1570力肯","110/07/13","大昌",0,6,-6
"16767","1570力肯","110/07/13","元大-前金",5,0,5
"16768","1570力肯","110/07/13","元大-土城學府",0,6,-6
"16769","1570力肯","110/07/13","永豐金證券",5,0,5
"16770","1570力肯","110/07/13","統一",0,5,-5
"16771","6180橘子","110/07/13","摩根大通",119,0,119
"16772","6180橘子","110/07/13","元大-崇德",2,61,-59
"16773","6180橘子","110/07/13","美商高盛",96,0,96
"16774","6180橘子","110/07/13","康和-台中",0,51,-51
"16775","6180橘子","110/07/13","新加坡商瑞銀",86,7,79
"16776","6180橘子","110/07/13","康和-台北",0,50,-50
"16777","6180橘子","110/07/13","元大-和平",40,0,40
"16778","6180橘子","110/07/13","元富-潮州",0,40,-40
"16779","6180橘子","110/07/13","凱基-台北",83,47,36
"16780","6180橘子","110/07/13","日盛-永康",0,26,-26
"16781","6180橘子","110/07/13","美林",39,5,34
"16782","6180橘子","110/07/13","永豐金-中正",0,24,-24
"16783","6180橘子","110/07/13","富邦-新竹華信",31,2,29
"16784","6180橘子","110/07/13","國泰-板橋",2,25,-23
"16785","6180橘子","110/07/13","統一-南京",21,0,21
"16786","6180橘子","110/07/13","日盛-大墩",0,20,-20
"16787","6180橘子","110/07/13","富邦-陽明",24,3,21
"16788","6180橘子","110/07/13","元大-草屯",13,32,-19
"16789","6180橘子","110/07/13","大昌-樹林",21,1,20
"16790","6180橘子","110/07/13","元富-林園",1,18,-17
"16791","6180橘子","110/07/13","花旗環球",19,0,19
"16792","6180橘子","110/07/13","新光-新竹",1,18,-17
"16793","6180橘子","110/07/13","華南永昌-台南",19,0,19
"16794","6180橘子","110/07/13","元大-土城永寧",0,17,-17
"16795","6180橘子","110/07/13","福勝",14,0,14
"16796","6180橘子","110/07/13","國泰-新莊",3,19,-16
"16797","6180橘子","110/07/13","富邦-嘉義",12,1,11
"16798","6180橘子","110/07/13","中國信託-永康",6,21,-15
"16799","6180橘子","110/07/13","元大-板橋三民",11,0,11
"16800","6180橘子","110/07/13","凱基-東港",1,15,-14
"16801","2390云辰","110/07/13","新加坡商瑞銀",562,75,487
"16802","2390云辰","110/07/13","大展-台南",0,532,-532
"16803","2390云辰","110/07/13","台灣摩根士丹利",330,155,175
"16804","2390云辰","110/07/13","凱基-台北",668,854,-186
"16805","2390云辰","110/07/13","兆豐-公益",126,25,101
"16806","2390云辰","110/07/13","凱基-三重",12,172,-160
"16807","2390云辰","110/07/13","元富-中港",100,2,98
"16808","2390云辰","110/07/13","兆豐-忠孝",4,161,-157
"16809","2390云辰","110/07/13","統一-新台中",106,9,97
"16810","2390云辰","110/07/13","元大-士林",19,170,-151
"16811","2390云辰","110/07/13","中國信託-松江",81,11,70
"16812","2390云辰","110/07/13","臺銀-新竹",14,117,-103
"16813","2390云辰","110/07/13","日盛-板橋",72,3,69
"16814","2390云辰","110/07/13","國票-台中",4,102,-98
"16815","2390云辰","110/07/13","日盛-和美",57,0,57
"16816","2390云辰","110/07/13","新光",147,232,-85
"16817","2390云辰","110/07/13","永豐金-桃園",88,36,52
"16818","2390云辰","110/07/13","致和-崇德",2,70,-68
"16819","2390云辰","110/07/13","玉山-士林",54,4,50
"16820","2390云辰","110/07/13","群益金鼎-屏東",2,70,-68
"16821","2390云辰","110/07/13","富邦-仁愛",56,6,50
"16822","2390云辰","110/07/13","元大-大里",35,98,-63
"16823","2390云辰","110/07/13","第一金-豐原",50,1,49
"16824","2390云辰","110/07/13","元大-萬華",35,94,-59
"16825","2390云辰","110/07/13","摩根大通",502,453,49
"16826","2390云辰","110/07/13","元富-吉利",2,60,-58
"16827","2390云辰","110/07/13","凱基-松山",61,13,48
"16828","2390云辰","110/07/13","兆豐-新竹",3,53,-50
"16829","2390云辰","110/07/13","大昌",64,22,42
"16830","2390云辰","110/07/13","富邦-嘉義",65,108,-43
"16831","2363矽統","110/07/13","凱基-南崁",2133,63,2070
"16832","2363矽統","110/07/13","凱基-幸福",36,4048,-4012
"16833","2363矽統","110/07/13","國泰-敦南",2195,1617,578
"16834","2363矽統","110/07/13","統一",192,3325,-3133
"16835","2363矽統","110/07/13","中農",670,139,531
"16836","2363矽統","110/07/13","新加坡商瑞銀",1000,2747,-1747
"16837","2363矽統","110/07/13","康和-台中",638,154,484
"16838","2363矽統","110/07/13","凱基-台北",5359,6609,-1250
"16839","2363矽統","110/07/13","群益金鼎-三民",577,137,440
"16840","2363矽統","110/07/13","摩根大通",1930,2858,-928
"16841","2363矽統","110/07/13","台新-屏東",510,88,422
"16842","2363矽統","110/07/13","港商野村",960,1679,-719
"16843","2363矽統","110/07/13","德信-中正",455,67,388
"16844","2363矽統","110/07/13","兆豐-復興",25,705,-680
"16845","2363矽統","110/07/13","日盛-竹北",365,70,295
"16846","2363矽統","110/07/13","統一-仁愛",114,755,-641
"16847","2363矽統","110/07/13","元大-佳里",452,189,263
"16848","2363矽統","110/07/13","統一-敦南",29,638,-609
"16849","2363矽統","110/07/13","國票-博愛",296,38,258
"16850","2363矽統","110/07/13","統一-土城",100,704,-604
"16851","2363矽統","110/07/13","元大-萬華",340,95,245
"16852","2363矽統","110/07/13","統一-城中",116,676,-560
"16853","2363矽統","110/07/13","新光",1259,1031,228
"16854","2363矽統","110/07/13","永豐金證券",306,859,-553
"16855","2363矽統","110/07/13","元富-成功",323,96,227
"16856","2363矽統","110/07/13","元富",54,567,-513
"16857","2363矽統","110/07/13","豐農",228,23,205
"16858","2363矽統","110/07/13","瑞士信貸",202,666,-464
"16859","2363矽統","110/07/13","台灣企銀-岡山",186,4,182
"16860","2363矽統","110/07/13","永豐金-嘉義",67,468,-401
"16861","2363矽統","110/07/13","凱基-南崁",2133,63,2070
"16862","2363矽統","110/07/13","凱基-幸福",36,4048,-4012
"16863","2363矽統","110/07/13","國泰-敦南",2195,1617,578
"16864","2363矽統","110/07/13","統一",192,3325,-3133
"16865","2363矽統","110/07/13","中農",670,139,531
"16866","2363矽統","110/07/13","新加坡商瑞銀",1000,2747,-1747
"16867","2363矽統","110/07/13","康和-台中",638,154,484
"16868","2363矽統","110/07/13","凱基-台北",5359,6609,-1250
"16869","2363矽統","110/07/13","群益金鼎-三民",577,137,440
"16870","2363矽統","110/07/13","摩根大通",1930,2858,-928
"16871","2363矽統","110/07/13","台新-屏東",510,88,422
"16872","2363矽統","110/07/13","港商野村",960,1679,-719
"16873","2363矽統","110/07/13","德信-中正",455,67,388
"16874","2363矽統","110/07/13","兆豐-復興",25,705,-680
"16875","2363矽統","110/07/13","日盛-竹北",365,70,295
"16876","2363矽統","110/07/13","統一-仁愛",114,755,-641
"16877","2363矽統","110/07/13","元大-佳里",452,189,263
"16878","2363矽統","110/07/13","統一-敦南",29,638,-609
"16879","2363矽統","110/07/13","國票-博愛",296,38,258
"16880","2363矽統","110/07/13","統一-土城",100,704,-604
"16881","2363矽統","110/07/13","元大-萬華",340,95,245
"16882","2363矽統","110/07/13","統一-城中",116,676,-560
"16883","2363矽統","110/07/13","新光",1259,1031,228
"16884","2363矽統","110/07/13","永豐金證券",306,859,-553
"16885","2363矽統","110/07/13","元富-成功",323,96,227
"16886","2363矽統","110/07/13","元富",54,567,-513
"16887","2363矽統","110/07/13","豐農",228,23,205
"16888","2363矽統","110/07/13","瑞士信貸",202,666,-464
"16889","2363矽統","110/07/13","台灣企銀-岡山",186,4,182
"16890","2363矽統","110/07/13","永豐金-嘉義",67,468,-401
"16891","2363矽統","110/07/13","凱基-南崁",2133,63,2070
"16892","2363矽統","110/07/13","凱基-幸福",36,4048,-4012
"16893","2363矽統","110/07/13","國泰-敦南",2195,1617,578
"16894","2363矽統","110/07/13","統一",192,3325,-3133
"16895","2363矽統","110/07/13","中農",670,139,531
"16896","2363矽統","110/07/13","新加坡商瑞銀",1000,2747,-1747
"16897","2363矽統","110/07/13","康和-台中",638,154,484
"16898","2363矽統","110/07/13","凱基-台北",5359,6609,-1250
"16899","2363矽統","110/07/13","群益金鼎-三民",577,137,440
"16900","2363矽統","110/07/13","摩根大通",1930,2858,-928
"16901","2363矽統","110/07/13","台新-屏東",510,88,422
"16902","2363矽統","110/07/13","港商野村",960,1679,-719
"16903","2363矽統","110/07/13","德信-中正",455,67,388
"16904","2363矽統","110/07/13","兆豐-復興",25,705,-680
"16905","2363矽統","110/07/13","日盛-竹北",365,70,295
"16906","2363矽統","110/07/13","統一-仁愛",114,755,-641
"16907","2363矽統","110/07/13","元大-佳里",452,189,263
"16908","2363矽統","110/07/13","統一-敦南",29,638,-609
"16909","2363矽統","110/07/13","國票-博愛",296,38,258
"16910","2363矽統","110/07/13","統一-土城",100,704,-604
"16911","2363矽統","110/07/13","元大-萬華",340,95,245
"16912","2363矽統","110/07/13","統一-城中",116,676,-560
"16913","2363矽統","110/07/13","新光",1259,1031,228
"16914","2363矽統","110/07/13","永豐金證券",306,859,-553
"16915","2363矽統","110/07/13","元富-成功",323,96,227
"16916","2363矽統","110/07/13","元富",54,567,-513
"16917","2363矽統","110/07/13","豐農",228,23,205
"16918","2363矽統","110/07/13","瑞士信貸",202,666,-464
"16919","2363矽統","110/07/13","台灣企銀-岡山",186,4,182
"16920","2363矽統","110/07/13","永豐金-嘉義",67,468,-401
"16921","1570力肯","110/07/13","新光",115,11,104
"16922","1570力肯","110/07/13","元大-北三重",0,162,-162
"16923","1570力肯","110/07/13","群益金鼎-高雄",54,0,54
"16924","1570力肯","110/07/13","元大-大灣",0,25,-25
"16925","1570力肯","110/07/13","國票-新莊",22,0,22
"16926","1570力肯","110/07/13","永豐金-苓雅",0,22,-22
"16927","1570力肯","110/07/13","日盛-桃園",12,0,12
"16928","1570力肯","110/07/13","永豐金-永康",0,19,-19
"16929","1570力肯","110/07/13","元大-高雄",12,0,12
"16930","1570力肯","110/07/13","富邦-員林",0,15,-15
"16931","1570力肯","110/07/13","合庫-自強",11,0,11
"16932","1570力肯","110/07/13","凱基-台南",0,11,-11
"16933","1570力肯","110/07/13","摩根大通",26,15,11
"16934","1570力肯","110/07/13","日盛-竹北",0,10,-10
"16935","1570力肯","110/07/13","永豐金-中盛",11,0,11
"16936","1570力肯","110/07/13","國票-九鼎",0,10,-10
"16937","1570力肯","110/07/13","兆豐-台中港",10,0,10
"16938","1570力肯","110/07/13","凱基-桃園",0,10,-10
"16939","1570力肯","110/07/13","國泰-松江",9,0,9
"16940","1570力肯","110/07/13","凱基-新豐",0,10,-10
"16941","1570力肯","110/07/13","元大-新盛",9,0,9
"16942","1570力肯","110/07/13","元大-學甲",0,10,-10
"16943","1570力肯","110/07/13","元富-緯城",6,0,6
"16944","1570力肯","110/07/13","群益金鼎-東湖",1,10,-9
"16945","1570力肯","110/07/13","統一-三重",5,0,5
"16946","1570力肯","110/07/13","大昌",0,6,-6
"16947","1570力肯","110/07/13","元大-前金",5,0,5
"16948","1570力肯","110/07/13","元大-土城學府",0,6,-6
"16949","1570力肯","110/07/13","永豐金證券",5,0,5
"16950","1570力肯","110/07/13","統一",0,5,-5
"16951","1570力肯","110/07/13","新光",115,11,104
"16952","1570力肯","110/07/13","元大-北三重",0,162,-162
"16953","1570力肯","110/07/13","群益金鼎-高雄",54,0,54
"16954","1570力肯","110/07/13","元大-大灣",0,25,-25
"16955","1570力肯","110/07/13","國票-新莊",22,0,22
"16956","1570力肯","110/07/13","永豐金-苓雅",0,22,-22
"16957","1570力肯","110/07/13","日盛-桃園",12,0,12
"16958","1570力肯","110/07/13","永豐金-永康",0,19,-19
"16959","1570力肯","110/07/13","元大-高雄",12,0,12
"16960","1570力肯","110/07/13","富邦-員林",0,15,-15
"16961","1570力肯","110/07/13","合庫-自強",11,0,11
"16962","1570力肯","110/07/13","凱基-台南",0,11,-11
"16963","1570力肯","110/07/13","摩根大通",26,15,11
"16964","1570力肯","110/07/13","日盛-竹北",0,10,-10
"16965","1570力肯","110/07/13","永豐金-中盛",11,0,11
"16966","1570力肯","110/07/13","國票-九鼎",0,10,-10
"16967","1570力肯","110/07/13","兆豐-台中港",10,0,10
"16968","1570力肯","110/07/13","凱基-桃園",0,10,-10
"16969","1570力肯","110/07/13","國泰-松江",9,0,9
"16970","1570力肯","110/07/13","凱基-新豐",0,10,-10
"16971","1570力肯","110/07/13","元大-新盛",9,0,9
"16972","1570力肯","110/07/13","元大-學甲",0,10,-10
"16973","1570力肯","110/07/13","元富-緯城",6,0,6
"16974","1570力肯","110/07/13","群益金鼎-東湖",1,10,-9
"16975","1570力肯","110/07/13","統一-三重",5,0,5
"16976","1570力肯","110/07/13","大昌",0,6,-6
"16977","1570力肯","110/07/13","元大-前金",5,0,5
"16978","1570力肯","110/07/13","元大-土城學府",0,6,-6
"16979","1570力肯","110/07/13","永豐金證券",5,0,5
"16980","1570力肯","110/07/13","統一",0,5,-5
"16981","6180橘子","110/07/13","摩根大通",119,0,119
"16982","6180橘子","110/07/13","元大-崇德",2,61,-59
"16983","6180橘子","110/07/13","美商高盛",96,0,96
"16984","6180橘子","110/07/13","康和-台中",0,51,-51
"16985","6180橘子","110/07/13","新加坡商瑞銀",86,7,79
"16986","6180橘子","110/07/13","康和-台北",0,50,-50
"16987","6180橘子","110/07/13","元大-和平",40,0,40
"16988","6180橘子","110/07/13","元富-潮州",0,40,-40
"16989","6180橘子","110/07/13","凱基-台北",83,47,36
"16990","6180橘子","110/07/13","日盛-永康",0,26,-26
"16991","6180橘子","110/07/13","美林",39,5,34
"16992","6180橘子","110/07/13","永豐金-中正",0,24,-24
"16993","6180橘子","110/07/13","富邦-新竹華信",31,2,29
"16994","6180橘子","110/07/13","國泰-板橋",2,25,-23
"16995","6180橘子","110/07/13","統一-南京",21,0,21
"16996","6180橘子","110/07/13","日盛-大墩",0,20,-20
"16997","6180橘子","110/07/13","富邦-陽明",24,3,21
"16998","6180橘子","110/07/13","元大-草屯",13,32,-19
"16999","6180橘子","110/07/13","大昌-樹林",21,1,20
"17000","6180橘子","110/07/13","元富-林園",1,18,-17
"17001","6180橘子","110/07/13","花旗環球",19,0,19
"17002","6180橘子","110/07/13","新光-新竹",1,18,-17
"17003","6180橘子","110/07/13","華南永昌-台南",19,0,19
"17004","6180橘子","110/07/13","元大-土城永寧",0,17,-17
"17005","6180橘子","110/07/13","福勝",14,0,14
"17006","6180橘子","110/07/13","國泰-新莊",3,19,-16
"17007","6180橘子","110/07/13","富邦-嘉義",12,1,11
"17008","6180橘子","110/07/13","中國信託-永康",6,21,-15
"17009","6180橘子","110/07/13","元大-板橋三民",11,0,11
"17010","6180橘子","110/07/13","凱基-東港",1,15,-14
"17011","1570力肯","110/07/13","新光",115,11,104
"17012","1570力肯","110/07/13","元大-北三重",0,162,-162
"17013","1570力肯","110/07/13","群益金鼎-高雄",54,0,54
"17014","1570力肯","110/07/13","元大-大灣",0,25,-25
"17015","1570力肯","110/07/13","國票-新莊",22,0,22
"17016","1570力肯","110/07/13","永豐金-苓雅",0,22,-22
"17017","1570力肯","110/07/13","日盛-桃園",12,0,12
"17018","1570力肯","110/07/13","永豐金-永康",0,19,-19
"17019","1570力肯","110/07/13","元大-高雄",12,0,12
"17020","1570力肯","110/07/13","富邦-員林",0,15,-15
"17021","1570力肯","110/07/13","合庫-自強",11,0,11
"17022","1570力肯","110/07/13","凱基-台南",0,11,-11
"17023","1570力肯","110/07/13","摩根大通",26,15,11
"17024","1570力肯","110/07/13","日盛-竹北",0,10,-10
"17025","1570力肯","110/07/13","永豐金-中盛",11,0,11
"17026","1570力肯","110/07/13","國票-九鼎",0,10,-10
"17027","1570力肯","110/07/13","兆豐-台中港",10,0,10
"17028","1570力肯","110/07/13","凱基-桃園",0,10,-10
"17029","1570力肯","110/07/13","國泰-松江",9,0,9
"17030","1570力肯","110/07/13","凱基-新豐",0,10,-10
"17031","1570力肯","110/07/13","元大-新盛",9,0,9
"17032","1570力肯","110/07/13","元大-學甲",0,10,-10
"17033","1570力肯","110/07/13","元富-緯城",6,0,6
"17034","1570力肯","110/07/13","群益金鼎-東湖",1,10,-9
"17035","1570力肯","110/07/13","統一-三重",5,0,5
"17036","1570力肯","110/07/13","大昌",0,6,-6
"17037","1570力肯","110/07/13","元大-前金",5,0,5
"17038","1570力肯","110/07/13","元大-土城學府",0,6,-6
"17039","1570力肯","110/07/13","永豐金證券",5,0,5
"17040","1570力肯","110/07/13","統一",0,5,-5
"17041","6180橘子","110/07/13","摩根大通",119,0,119
"17042","6180橘子","110/07/13","元大-崇德",2,61,-59
"17043","6180橘子","110/07/13","美商高盛",96,0,96
"17044","6180橘子","110/07/13","康和-台中",0,51,-51
"17045","6180橘子","110/07/13","新加坡商瑞銀",86,7,79
"17046","6180橘子","110/07/13","康和-台北",0,50,-50
"17047","6180橘子","110/07/13","元大-和平",40,0,40
"17048","6180橘子","110/07/13","元富-潮州",0,40,-40
"17049","6180橘子","110/07/13","凱基-台北",83,47,36
"17050","6180橘子","110/07/13","日盛-永康",0,26,-26
"17051","6180橘子","110/07/13","美林",39,5,34
"17052","6180橘子","110/07/13","永豐金-中正",0,24,-24
"17053","6180橘子","110/07/13","富邦-新竹華信",31,2,29
"17054","6180橘子","110/07/13","國泰-板橋",2,25,-23
"17055","6180橘子","110/07/13","統一-南京",21,0,21
"17056","6180橘子","110/07/13","日盛-大墩",0,20,-20
"17057","6180橘子","110/07/13","富邦-陽明",24,3,21
"17058","6180橘子","110/07/13","元大-草屯",13,32,-19
"17059","6180橘子","110/07/13","大昌-樹林",21,1,20
"17060","6180橘子","110/07/13","元富-林園",1,18,-17
"17061","6180橘子","110/07/13","花旗環球",19,0,19
"17062","6180橘子","110/07/13","新光-新竹",1,18,-17
"17063","6180橘子","110/07/13","華南永昌-台南",19,0,19
"17064","6180橘子","110/07/13","元大-土城永寧",0,17,-17
"17065","6180橘子","110/07/13","福勝",14,0,14
"17066","6180橘子","110/07/13","國泰-新莊",3,19,-16
"17067","6180橘子","110/07/13","富邦-嘉義",12,1,11
"17068","6180橘子","110/07/13","中國信託-永康",6,21,-15
"17069","6180橘子","110/07/13","元大-板橋三民",11,0,11
"17070","6180橘子","110/07/13","凱基-東港",1,15,-14
"17071","2390云辰","110/07/13","新加坡商瑞銀",562,75,487
"17072","2390云辰","110/07/13","大展-台南",0,532,-532
"17073","2390云辰","110/07/13","台灣摩根士丹利",330,155,175
"17074","2390云辰","110/07/13","凱基-台北",668,854,-186
"17075","2390云辰","110/07/13","兆豐-公益",126,25,101
"17076","2390云辰","110/07/13","凱基-三重",12,172,-160
"17077","2390云辰","110/07/13","元富-中港",100,2,98
"17078","2390云辰","110/07/13","兆豐-忠孝",4,161,-157
"17079","2390云辰","110/07/13","統一-新台中",106,9,97
"17080","2390云辰","110/07/13","元大-士林",19,170,-151
"17081","2390云辰","110/07/13","中國信託-松江",81,11,70
"17082","2390云辰","110/07/13","臺銀-新竹",14,117,-103
"17083","2390云辰","110/07/13","日盛-板橋",72,3,69
"17084","2390云辰","110/07/13","國票-台中",4,102,-98
"17085","2390云辰","110/07/13","日盛-和美",57,0,57
"17086","2390云辰","110/07/13","新光",147,232,-85
"17087","2390云辰","110/07/13","永豐金-桃園",88,36,52
"17088","2390云辰","110/07/13","致和-崇德",2,70,-68
"17089","2390云辰","110/07/13","玉山-士林",54,4,50
"17090","2390云辰","110/07/13","群益金鼎-屏東",2,70,-68
"17091","2390云辰","110/07/13","富邦-仁愛",56,6,50
"17092","2390云辰","110/07/13","元大-大里",35,98,-63
"17093","2390云辰","110/07/13","第一金-豐原",50,1,49
"17094","2390云辰","110/07/13","元大-萬華",35,94,-59
"17095","2390云辰","110/07/13","摩根大通",502,453,49
"17096","2390云辰","110/07/13","元富-吉利",2,60,-58
"17097","2390云辰","110/07/13","凱基-松山",61,13,48
"17098","2390云辰","110/07/13","兆豐-新竹",3,53,-50
"17099","2390云辰","110/07/13","大昌",64,22,42
"17100","2390云辰","110/07/13","富邦-嘉義",65,108,-43
"17101","2363矽統","110/07/13","凱基-南崁",2133,63,2070
"17102","2363矽統","110/07/13","凱基-幸福",36,4048,-4012
"17103","2363矽統","110/07/13","國泰-敦南",2195,1617,578
"17104","2363矽統","110/07/13","統一",192,3325,-3133
"17105","2363矽統","110/07/13","中農",670,139,531
"17106","2363矽統","110/07/13","新加坡商瑞銀",1000,2747,-1747
"17107","2363矽統","110/07/13","康和-台中",638,154,484
"17108","2363矽統","110/07/13","凱基-台北",5359,6609,-1250
"17109","2363矽統","110/07/13","群益金鼎-三民",577,137,440
"17110","2363矽統","110/07/13","摩根大通",1930,2858,-928
"17111","2363矽統","110/07/13","台新-屏東",510,88,422
"17112","2363矽統","110/07/13","港商野村",960,1679,-719
"17113","2363矽統","110/07/13","德信-中正",455,67,388
"17114","2363矽統","110/07/13","兆豐-復興",25,705,-680
"17115","2363矽統","110/07/13","日盛-竹北",365,70,295
"17116","2363矽統","110/07/13","統一-仁愛",114,755,-641
"17117","2363矽統","110/07/13","元大-佳里",452,189,263
"17118","2363矽統","110/07/13","統一-敦南",29,638,-609
"17119","2363矽統","110/07/13","國票-博愛",296,38,258
"17120","2363矽統","110/07/13","統一-土城",100,704,-604
"17121","2363矽統","110/07/13","元大-萬華",340,95,245
"17122","2363矽統","110/07/13","統一-城中",116,676,-560
"17123","2363矽統","110/07/13","新光",1259,1031,228
"17124","2363矽統","110/07/13","永豐金證券",306,859,-553
"17125","2363矽統","110/07/13","元富-成功",323,96,227
"17126","2363矽統","110/07/13","元富",54,567,-513
"17127","2363矽統","110/07/13","豐農",228,23,205
"17128","2363矽統","110/07/13","瑞士信貸",202,666,-464
"17129","2363矽統","110/07/13","台灣企銀-岡山",186,4,182
"17130","2363矽統","110/07/13","永豐金-嘉義",67,468,-401
"17131","8112至上","110/07/13","摩根大通",688,296,392
"17132","8112至上","110/07/13","國票-中和",0,401,-401
"17133","8112至上","110/07/13","港商野村",344,145,199
"17134","8112至上","110/07/13","永豐金-板盛",0,205,-205
"17135","8112至上","110/07/13","兆豐-公益",195,5,190
"17136","8112至上","110/07/13","凱基-五股",43,155,-112
"17137","8112至上","110/07/13","台灣摩根士丹利",183,0,183
"17138","8112至上","110/07/13","凱基-市政",0,100,-100
"17139","8112至上","110/07/13","群益金鼎-敦南",153,2,151
"17140","8112至上","110/07/13","元大-大里德芳",1,92,-91
"17141","8112至上","110/07/13","臺銀-金山",146,26,120
"17142","8112至上","110/07/13","玉山-桃園",26,110,-84
"17143","8112至上","110/07/13","臺銀",133,19,114
"17144","8112至上","110/07/13","兆豐-天母",0,81,-81
"17145","8112至上","110/07/13","合庫-台中",115,6,109
"17146","8112至上","110/07/13","凱基-城中",3,84,-81
"17147","8112至上","110/07/13","亞東-板橋",134,26,108
"17148","8112至上","110/07/13","日盛-新莊",9,85,-76
"17149","8112至上","110/07/13","凱基-台北",414,326,88
"17150","8112至上","110/07/13","日盛-台中",2,64,-62
"17151","8112至上","110/07/13","新加坡商瑞銀",181,100,81
"17152","8112至上","110/07/13","日盛-中壢",3,64,-61
"17153","8112至上","110/07/13","國泰-敦南",108,31,77
"17154","8112至上","110/07/13","元大-台中",2,59,-57
"17155","8112至上","110/07/13","第一金-華江",77,4,73
"17156","8112至上","110/07/13","元大-雙和",7,64,-57
"17157","8112至上","110/07/13","永豐金-內湖",73,1,72
"17158","8112至上","110/07/13","元大-高雄",8,62,-54
"17159","8112至上","110/07/13","元大-永和",68,1,67
"17160","8112至上","110/07/13","元大-館前",2,55,-53
"17161","2929淘帝","110/07/13","玉山-新竹",130,0,130
"17162","2929淘帝","110/07/13","美商高盛",0,177,-177
"17163","2929淘帝","110/07/13","臺銀-民權",60,0,60
"17164","2929淘帝","110/07/13","凱基-台北",6,80,-74
"17165","2929淘帝","110/07/13","新百王",31,0,31
"17166","2929淘帝","110/07/13","元富-大裕",0,49,-49
"17167","2929淘帝","110/07/13","日盛-園區",30,0,30
"17168","2929淘帝","110/07/13","國泰-館前",3,51,-48
"17169","2929淘帝","110/07/13","元大-南投",31,1,30
"17170","2929淘帝","110/07/13","凱基-中壢",0,41,-41
"17171","2929淘帝","110/07/13","兆豐-忠孝",28,0,28
"17172","2929淘帝","110/07/13","港商野村",21,55,-34
"17173","2929淘帝","110/07/13","元大-民生",28,0,28
"17174","2929淘帝","110/07/13","華南永昌-南京",2,34,-32
"17175","2929淘帝","110/07/13","合庫-高雄",27,0,27
"17176","2929淘帝","110/07/13","群益金鼎-土城",0,30,-30
"17177","2929淘帝","110/07/13","凱基-豐中",27,0,27
"17178","2929淘帝","110/07/13","富邦-南屯",0,22,-22
"17179","2929淘帝","110/07/13","新光",21,4,17
"17180","2929淘帝","110/07/13","第一金-豐原",0,20,-20
"17181","2929淘帝","110/07/13","元大-天母",17,0,17
"17182","2929淘帝","110/07/13","元大-屏南",6,26,-20
"17183","2929淘帝","110/07/13","永興",14,0,14
"17184","2929淘帝","110/07/13","永豐金-敦南",1,21,-20
"17185","2929淘帝","110/07/13","富邦-台北",12,0,12
"17186","2929淘帝","110/07/13","凱基-三重",2,21,-19
"17187","2929淘帝","110/07/13","元大-永和",12,0,12
"17188","2929淘帝","110/07/13","富邦-仁愛",7,25,-18
"17189","2929淘帝","110/07/13","國票-天祥",11,0,11
"17190","2929淘帝","110/07/13","元大-北投",0,16,-16
"17191","2841台開","110/07/13","中國信託-高雄",251,50,201
"17192","2841台開","110/07/13","兆豐-公益",0,177,-177
"17193","2841台開","110/07/13","日盛證券",210,13,197
"17194","2841台開","110/07/13","日進",0,152,-152
"17195","2841台開","110/07/13","第一金-台中",55,0,55
"17196","2841台開","110/07/13","港商野村",0,109,-109
"17197","2841台開","110/07/13","國泰-板橋",46,0,46
"17198","2841台開","110/07/13","日盛-信義",0,103,-103
"17199","2841台開","110/07/13","國泰-館前",48,3,45
"17200","2841台開","110/07/13","國泰-敦南",11,75,-64
"17201","2841台開","110/07/13","華南永昌-新莊",45,0,45
"17202","2841台開","110/07/13","永興",0,50,-50
"17203","2841台開","110/07/13","日盛-園區",42,0,42
"17204","2841台開","110/07/13","永豐金-敦南",61,104,-43
"17205","2841台開","110/07/13","台新證券",32,0,32
"17206","2841台開","110/07/13","富邦-台南",0,42,-42
"17207","2841台開","110/07/13","台新-高雄",32,2,30
"17208","2841台開","110/07/13","國票-安和",0,30,-30
"17209","2841台開","110/07/13","豐農",23,0,23
"17210","2841台開","110/07/13","元大-桃園",0,25,-25
"17211","2841台開","110/07/13","合庫-嘉義",20,0,20
"17212","2841台開","110/07/13","新光",8,32,-24
"17213","2841台開","110/07/13","華南永昌-高雄",20,0,20
"17214","2841台開","110/07/13","元大-仁愛",0,24,-24
"17215","2841台開","110/07/13","元大-樹林",16,0,16
"17216","2841台開","110/07/13","日盛-中和",0,20,-20
"17217","2841台開","110/07/13","第一金-華江",15,2,13
"17218","2841台開","110/07/13","元富",0,20,-20
"17219","2841台開","110/07/13","美商高盛",12,0,12
"17220","2841台開","110/07/13","富邦-宜蘭",0,20,-20
"17221","6207雷科","110/07/13","元大-高雄",121,0,121
"17222","6207雷科","110/07/13","華南永昌-朴子",1,60,-59
"17223","6207雷科","110/07/13","第一金-新興",20,0,20
"17224","6207雷科","110/07/13","元大-南海",0,36,-36
"17225","6207雷科","110/07/13","元富-三重",20,0,20
"17226","6207雷科","110/07/13","凱基-土城",0,35,-35
"17227","6207雷科","110/07/13","元大-林園",15,0,15
"17228","6207雷科","110/07/13","台灣企銀",0,20,-20
"17229","6207雷科","110/07/13","元大-金華",16,1,15
"17230","6207雷科","110/07/13","群益金鼎-丹鳳",0,20,-20
"17231","6207雷科","110/07/13","日盛證券",10,0,10
"17232","6207雷科","110/07/13","元大-博愛",0,17,-17
"17233","6207雷科","110/07/13","統一-台中",10,0,10
"17234","6207雷科","110/07/13","元大-北港",0,13,-13
"17235","6207雷科","110/07/13","群益金鼎-土城",10,0,10
"17236","6207雷科","110/07/13","新加坡商瑞銀",0,12,-12
"17237","6207雷科","110/07/13","群益金鼎-桃園",10,0,10
"17238","6207雷科","110/07/13","凱基-台北",4,16,-12
"17239","6207雷科","110/07/13","永豐金-新莊",10,0,10
"17240","6207雷科","110/07/13","日茂-埔里",0,11,-11
"17241","6207雷科","110/07/13","永豐金-新店",10,0,10
"17242","6207雷科","110/07/13","元大-莒光",0,11,-11
"17243","6207雷科","110/07/13","元大證券",9,0,9
"17244","6207雷科","110/07/13","統一-新竹",0,10,-10
"17245","6207雷科","110/07/13","日盛-木柵",9,1,8
"17246","6207雷科","110/07/13","元大-西螺",0,10,-10
"17247","6207雷科","110/07/13","兆豐-來福",8,0,8
"17248","6207雷科","110/07/13","康和-台中",0,8,-8
"17249","6207雷科","110/07/13","新光",7,0,7
"17250","6207雷科","110/07/13","兆豐-高雄",0,6,-6
"17251","3679新至陞","110/07/13","永豐金證券",50,0,50
"17252","3679新至陞","110/07/13","摩根大通",2,25,-23
"17253","3679新至陞","110/07/13","國泰-桃園",22,0,22
"17254","3679新至陞","110/07/13","元大-成功",0,22,-22
"17255","3679新至陞","110/07/13","台中銀-員林",11,0,11
"17256","3679新至陞","110/07/13","富邦-板橋",1,19,-18
"17257","3679新至陞","110/07/13","元大-文心興安",8,0,8
"17258","3679新至陞","110/07/13","日盛-新莊",0,10,-10
"17259","3679新至陞","110/07/13","美商高盛",6,0,6
"17260","3679新至陞","110/07/13","台新-台中",0,10,-10
"17261","3679新至陞","110/07/13","台新-高雄",6,0,6
"17262","3679新至陞","110/07/13","永豐金-新竹",0,8,-8
"17263","3679新至陞","110/07/13","凱基-台北",18,12,6
"17264","3679新至陞","110/07/13","瑞士信貸",12,19,-7
"17265","3679新至陞","110/07/13","日盛-復興",5,0,5
"17266","3679新至陞","110/07/13","統一-南京",0,7,-7
"17267","3679新至陞","110/07/13","(牛牛牛)亞-鑫豐",4,0,4
"17268","3679新至陞","110/07/13","凱基-新莊",0,7,-7
"17269","3679新至陞","110/07/13","元富-大昌",3,0,3
"17270","3679新至陞","110/07/13","新加坡商瑞銀",0,6,-6
"17271","3679新至陞","110/07/13","富邦-台北",3,0,3
"17272","3679新至陞","110/07/13","合庫-自強",0,5,-5
"17273","3679新至陞","110/07/13","日盛-樹林",2,0,2
"17274","3679新至陞","110/07/13","富邦-桃園",0,5,-5
"17275","3679新至陞","110/07/13","宏遠-光隆",2,0,2
"17276","3679新至陞","110/07/13","永豐金-潮州",0,4,-4
"17277","3679新至陞","110/07/13","美林",3,1,2
"17278","3679新至陞","110/07/13","臺銀-臺南",0,3,-3
"17279","3679新至陞","110/07/13","第一金-中壢",2,0,2
"17280","3679新至陞","110/07/13","元大-六合",0,3,-3
"17281","2727王品","110/07/13","富邦-台北",43,3,40
"17282","2727王品","110/07/13","台灣摩根士丹利",15,97,-82
"17283","2727王品","110/07/13","元大-基隆孝二",40,0,40
"17284","2727王品","110/07/13","玉山-台南",5,57,-52
"17285","2727王品","110/07/13","國票-新莊",40,1,39
"17286","2727王品","110/07/13","新加坡商瑞銀",0,48,-48
"17287","2727王品","110/07/13","第一金-豐原",66,42,24
"17288","2727王品","110/07/13","凱基-台北",41,77,-36
"17289","2727王品","110/07/13","永豐金-大園",34,10,24
"17290","2727王品","110/07/13","永豐金-永康",0,22,-22
"17291","2727王品","110/07/13","元大-北屯",22,0,22
"17292","2727王品","110/07/13","統一-台中",2,22,-20
"17293","2727王品","110/07/13","元大-東蘆",26,7,19
"17294","2727王品","110/07/13","國泰-台中",21,39,-18
"17295","2727王品","110/07/13","永豐金-萬盛",13,1,12
"17296","2727王品","110/07/13","合庫-彰化",3,20,-17
"17297","2727王品","110/07/13","日盛-嘉義",11,0,11
"17298","2727王品","110/07/13","港商野村",13,30,-17
"17299","2727王品","110/07/13","日盛-八德",11,0,11
"17300","2727王品","110/07/13","元大-楊梅",1,16,-15
"17301","2727王品","110/07/13","統一-竹南",11,0,11
"17302","2727王品","110/07/13","凱基-高美館",2,15,-13
"17303","2727王品","110/07/13","日盛-士林",12,2,10
"17304","2727王品","110/07/13","美商高盛",2,14,-12
"17305","2727王品","110/07/13","統一-敦南",10,0,10
"17306","2727王品","110/07/13","統一-平鎮",1,13,-12
"17307","2727王品","110/07/13","中國信託",15,5,10
"17308","2727王品","110/07/13","兆豐-台中港",4,16,-12
"17309","2727王品","110/07/13","兆豐-竹北",13,3,10
"17310","2727王品","110/07/13","凱基-八德",1,13,-12
"17311","1570力肯","110/07/13","新光",115,11,104
"17312","1570力肯","110/07/13","元大-北三重",0,162,-162
"17313","1570力肯","110/07/13","群益金鼎-高雄",54,0,54
"17314","1570力肯","110/07/13","元大-大灣",0,25,-25
"17315","1570力肯","110/07/13","國票-新莊",22,0,22
"17316","1570力肯","110/07/13","永豐金-苓雅",0,22,-22
"17317","1570力肯","110/07/13","日盛-桃園",12,0,12
"17318","1570力肯","110/07/13","永豐金-永康",0,19,-19
"17319","1570力肯","110/07/13","元大-高雄",12,0,12
"17320","1570力肯","110/07/13","富邦-員林",0,15,-15
"17321","1570力肯","110/07/13","合庫-自強",11,0,11
"17322","1570力肯","110/07/13","凱基-台南",0,11,-11
"17323","1570力肯","110/07/13","摩根大通",26,15,11
"17324","1570力肯","110/07/13","日盛-竹北",0,10,-10
"17325","1570力肯","110/07/13","永豐金-中盛",11,0,11
"17326","1570力肯","110/07/13","國票-九鼎",0,10,-10
"17327","1570力肯","110/07/13","兆豐-台中港",10,0,10
"17328","1570力肯","110/07/13","凱基-桃園",0,10,-10
"17329","1570力肯","110/07/13","國泰-松江",9,0,9
"17330","1570力肯","110/07/13","凱基-新豐",0,10,-10
"17331","1570力肯","110/07/13","元大-新盛",9,0,9
"17332","1570力肯","110/07/13","元大-學甲",0,10,-10
"17333","1570力肯","110/07/13","元富-緯城",6,0,6
"17334","1570力肯","110/07/13","群益金鼎-東湖",1,10,-9
"17335","1570力肯","110/07/13","統一-三重",5,0,5
"17336","1570力肯","110/07/13","大昌",0,6,-6
"17337","1570力肯","110/07/13","元大-前金",5,0,5
"17338","1570力肯","110/07/13","元大-土城學府",0,6,-6
"17339","1570力肯","110/07/13","永豐金證券",5,0,5
"17340","1570力肯","110/07/13","統一",0,5,-5
"17341","6180橘子","110/07/13","摩根大通",119,0,119
"17342","6180橘子","110/07/13","元大-崇德",2,61,-59
"17343","6180橘子","110/07/13","美商高盛",96,0,96
"17344","6180橘子","110/07/13","康和-台中",0,51,-51
"17345","6180橘子","110/07/13","新加坡商瑞銀",86,7,79
"17346","6180橘子","110/07/13","康和-台北",0,50,-50
"17347","6180橘子","110/07/13","元大-和平",40,0,40
"17348","6180橘子","110/07/13","元富-潮州",0,40,-40
"17349","6180橘子","110/07/13","凱基-台北",83,47,36
"17350","6180橘子","110/07/13","日盛-永康",0,26,-26
"17351","6180橘子","110/07/13","美林",39,5,34
"17352","6180橘子","110/07/13","永豐金-中正",0,24,-24
"17353","6180橘子","110/07/13","富邦-新竹華信",31,2,29
"17354","6180橘子","110/07/13","國泰-板橋",2,25,-23
"17355","6180橘子","110/07/13","統一-南京",21,0,21
"17356","6180橘子","110/07/13","日盛-大墩",0,20,-20
"17357","6180橘子","110/07/13","富邦-陽明",24,3,21
"17358","6180橘子","110/07/13","元大-草屯",13,32,-19
"17359","6180橘子","110/07/13","大昌-樹林",21,1,20
"17360","6180橘子","110/07/13","元富-林園",1,18,-17
"17361","6180橘子","110/07/13","花旗環球",19,0,19
"17362","6180橘子","110/07/13","新光-新竹",1,18,-17
"17363","6180橘子","110/07/13","華南永昌-台南",19,0,19
"17364","6180橘子","110/07/13","元大-土城永寧",0,17,-17
"17365","6180橘子","110/07/13","福勝",14,0,14
"17366","6180橘子","110/07/13","國泰-新莊",3,19,-16
"17367","6180橘子","110/07/13","富邦-嘉義",12,1,11
"17368","6180橘子","110/07/13","中國信託-永康",6,21,-15
"17369","6180橘子","110/07/13","元大-板橋三民",11,0,11
"17370","6180橘子","110/07/13","凱基-東港",1,15,-14
"17371","2390云辰","110/07/13","新加坡商瑞銀",562,75,487
"17372","2390云辰","110/07/13","大展-台南",0,532,-532
"17373","2390云辰","110/07/13","台灣摩根士丹利",330,155,175
"17374","2390云辰","110/07/13","凱基-台北",668,854,-186
"17375","2390云辰","110/07/13","兆豐-公益",126,25,101
"17376","2390云辰","110/07/13","凱基-三重",12,172,-160
"17377","2390云辰","110/07/13","元富-中港",100,2,98
"17378","2390云辰","110/07/13","兆豐-忠孝",4,161,-157
"17379","2390云辰","110/07/13","統一-新台中",106,9,97
"17380","2390云辰","110/07/13","元大-士林",19,170,-151
"17381","2390云辰","110/07/13","中國信託-松江",81,11,70
"17382","2390云辰","110/07/13","臺銀-新竹",14,117,-103
"17383","2390云辰","110/07/13","日盛-板橋",72,3,69
"17384","2390云辰","110/07/13","國票-台中",4,102,-98
"17385","2390云辰","110/07/13","日盛-和美",57,0,57
"17386","2390云辰","110/07/13","新光",147,232,-85
"17387","2390云辰","110/07/13","永豐金-桃園",88,36,52
"17388","2390云辰","110/07/13","致和-崇德",2,70,-68
"17389","2390云辰","110/07/13","玉山-士林",54,4,50
"17390","2390云辰","110/07/13","群益金鼎-屏東",2,70,-68
"17391","2390云辰","110/07/13","富邦-仁愛",56,6,50
"17392","2390云辰","110/07/13","元大-大里",35,98,-63
"17393","2390云辰","110/07/13","第一金-豐原",50,1,49
"17394","2390云辰","110/07/13","元大-萬華",35,94,-59
"17395","2390云辰","110/07/13","摩根大通",502,453,49
"17396","2390云辰","110/07/13","元富-吉利",2,60,-58
"17397","2390云辰","110/07/13","凱基-松山",61,13,48
"17398","2390云辰","110/07/13","兆豐-新竹",3,53,-50
"17399","2390云辰","110/07/13","大昌",64,22,42
"17400","2390云辰","110/07/13","富邦-嘉義",65,108,-43
"17401","2363矽統","110/07/13","凱基-南崁",2133,63,2070
"17402","2363矽統","110/07/13","凱基-幸福",36,4048,-4012
"17403","2363矽統","110/07/13","國泰-敦南",2195,1617,578
"17404","2363矽統","110/07/13","統一",192,3325,-3133
"17405","2363矽統","110/07/13","中農",670,139,531
"17406","2363矽統","110/07/13","新加坡商瑞銀",1000,2747,-1747
"17407","2363矽統","110/07/13","康和-台中",638,154,484
"17408","2363矽統","110/07/13","凱基-台北",5359,6609,-1250
"17409","2363矽統","110/07/13","群益金鼎-三民",577,137,440
"17410","2363矽統","110/07/13","摩根大通",1930,2858,-928
"17411","2363矽統","110/07/13","台新-屏東",510,88,422
"17412","2363矽統","110/07/13","港商野村",960,1679,-719
"17413","2363矽統","110/07/13","德信-中正",455,67,388
"17414","2363矽統","110/07/13","兆豐-復興",25,705,-680
"17415","2363矽統","110/07/13","日盛-竹北",365,70,295
"17416","2363矽統","110/07/13","統一-仁愛",114,755,-641
"17417","2363矽統","110/07/13","元大-佳里",452,189,263
"17418","2363矽統","110/07/13","統一-敦南",29,638,-609
"17419","2363矽統","110/07/13","國票-博愛",296,38,258
"17420","2363矽統","110/07/13","統一-土城",100,704,-604
"17421","2363矽統","110/07/13","元大-萬華",340,95,245
"17422","2363矽統","110/07/13","統一-城中",116,676,-560
"17423","2363矽統","110/07/13","新光",1259,1031,228
"17424","2363矽統","110/07/13","永豐金證券",306,859,-553
"17425","2363矽統","110/07/13","元富-成功",323,96,227
"17426","2363矽統","110/07/13","元富",54,567,-513
"17427","2363矽統","110/07/13","豐農",228,23,205
"17428","2363矽統","110/07/13","瑞士信貸",202,666,-464
"17429","2363矽統","110/07/13","台灣企銀-岡山",186,4,182
"17430","2363矽統","110/07/13","永豐金-嘉義",67,468,-401
"17431","8112至上","110/07/13","摩根大通",688,296,392
"17432","8112至上","110/07/13","國票-中和",0,401,-401
"17433","8112至上","110/07/13","港商野村",344,145,199
"17434","8112至上","110/07/13","永豐金-板盛",0,205,-205
"17435","8112至上","110/07/13","兆豐-公益",195,5,190
"17436","8112至上","110/07/13","凱基-五股",43,155,-112
"17437","8112至上","110/07/13","台灣摩根士丹利",183,0,183
"17438","8112至上","110/07/13","凱基-市政",0,100,-100
"17439","8112至上","110/07/13","群益金鼎-敦南",153,2,151
"17440","8112至上","110/07/13","元大-大里德芳",1,92,-91
"17441","8112至上","110/07/13","臺銀-金山",146,26,120
"17442","8112至上","110/07/13","玉山-桃園",26,110,-84
"17443","8112至上","110/07/13","臺銀",133,19,114
"17444","8112至上","110/07/13","兆豐-天母",0,81,-81
"17445","8112至上","110/07/13","合庫-台中",115,6,109
"17446","8112至上","110/07/13","凱基-城中",3,84,-81
"17447","8112至上","110/07/13","亞東-板橋",134,26,108
"17448","8112至上","110/07/13","日盛-新莊",9,85,-76
"17449","8112至上","110/07/13","凱基-台北",414,326,88
"17450","8112至上","110/07/13","日盛-台中",2,64,-62
"17451","8112至上","110/07/13","新加坡商瑞銀",181,100,81
"17452","8112至上","110/07/13","日盛-中壢",3,64,-61
"17453","8112至上","110/07/13","國泰-敦南",108,31,77
"17454","8112至上","110/07/13","元大-台中",2,59,-57
"17455","8112至上","110/07/13","第一金-華江",77,4,73
"17456","8112至上","110/07/13","元大-雙和",7,64,-57
"17457","8112至上","110/07/13","永豐金-內湖",73,1,72
"17458","8112至上","110/07/13","元大-高雄",8,62,-54
"17459","8112至上","110/07/13","元大-永和",68,1,67
"17460","8112至上","110/07/13","元大-館前",2,55,-53
"17461","2929淘帝","110/07/13","玉山-新竹",130,0,130
"17462","2929淘帝","110/07/13","美商高盛",0,177,-177
"17463","2929淘帝","110/07/13","臺銀-民權",60,0,60
"17464","2929淘帝","110/07/13","凱基-台北",6,80,-74
"17465","2929淘帝","110/07/13","新百王",31,0,31
"17466","2929淘帝","110/07/13","元富-大裕",0,49,-49
"17467","2929淘帝","110/07/13","日盛-園區",30,0,30
"17468","2929淘帝","110/07/13","國泰-館前",3,51,-48
"17469","2929淘帝","110/07/13","元大-南投",31,1,30
"17470","2929淘帝","110/07/13","凱基-中壢",0,41,-41
"17471","2929淘帝","110/07/13","兆豐-忠孝",28,0,28
"17472","2929淘帝","110/07/13","港商野村",21,55,-34
"17473","2929淘帝","110/07/13","元大-民生",28,0,28
"17474","2929淘帝","110/07/13","華南永昌-南京",2,34,-32
"17475","2929淘帝","110/07/13","合庫-高雄",27,0,27
"17476","2929淘帝","110/07/13","群益金鼎-土城",0,30,-30
"17477","2929淘帝","110/07/13","凱基-豐中",27,0,27
"17478","2929淘帝","110/07/13","富邦-南屯",0,22,-22
"17479","2929淘帝","110/07/13","新光",21,4,17
"17480","2929淘帝","110/07/13","第一金-豐原",0,20,-20
"17481","2929淘帝","110/07/13","元大-天母",17,0,17
"17482","2929淘帝","110/07/13","元大-屏南",6,26,-20
"17483","2929淘帝","110/07/13","永興",14,0,14
"17484","2929淘帝","110/07/13","永豐金-敦南",1,21,-20
"17485","2929淘帝","110/07/13","富邦-台北",12,0,12
"17486","2929淘帝","110/07/13","凱基-三重",2,21,-19
"17487","2929淘帝","110/07/13","元大-永和",12,0,12
"17488","2929淘帝","110/07/13","富邦-仁愛",7,25,-18
"17489","2929淘帝","110/07/13","國票-天祥",11,0,11
"17490","2929淘帝","110/07/13","元大-北投",0,16,-16
"17491","5410國眾","110/07/13","兆豐-城中",274,0,274
"17492","5410國眾","110/07/13","元富-嘉義",0,103,-103
"17493","5410國眾","110/07/13","新光",50,4,46
"17494","5410國眾","110/07/13","凱基-台北",0,50,-50
"17495","5410國眾","110/07/13","國泰-台中",26,0,26
"17496","5410國眾","110/07/13","瑞士信貸",0,31,-31
"17497","5410國眾","110/07/13","新加坡商瑞銀",22,0,22
"17498","5410國眾","110/07/13","台新-新莊",0,27,-27
"17499","5410國眾","110/07/13","光和-嘉義",20,0,20
"17500","5410國眾","110/07/13","元大-汐止",0,20,-20
"17501","5410國眾","110/07/13","凱基-竹北",17,0,17
"17502","5410國眾","110/07/13","亞東-新竹",0,17,-17
"17503","5410國眾","110/07/13","新光-桃園",15,0,15
"17504","5410國眾","110/07/13","元大-南勢角",0,13,-13
"17505","5410國眾","110/07/13","凱基-台東",14,0,14
"17506","5410國眾","110/07/13","台新-台南",0,12,-12
"17507","5410國眾","110/07/13","富邦-竹北",11,0,11
"17508","5410國眾","110/07/13","中國信託",0,11,-11
"17509","5410國眾","110/07/13","元富-同大",10,0,10
"17510","5410國眾","110/07/13","華南永昌",0,11,-11
"17511","5410國眾","110/07/13","國泰-敦南",24,15,9
"17512","5410國眾","110/07/13","臺銀-臺南",0,10,-10
"17513","5410國眾","110/07/13","日盛-內湖",7,0,7
"17514","5410國眾","110/07/13","台灣企銀-民雄",0,10,-10
"17515","5410國眾","110/07/13","台新-左楠",7,0,7
"17516","5410國眾","110/07/13","高橋",0,10,-10
"17517","5410國眾","110/07/13","元大-新盛",18,12,6
"17518","5410國眾","110/07/13","康和-嘉義",0,10,-10
"17519","5410國眾","110/07/13","統一",5,0,5
"17520","5410國眾","110/07/13","凱基-基隆",0,10,-10
"17521","2841台開","110/07/13","中國信託-高雄",251,50,201
"17522","2841台開","110/07/13","兆豐-公益",0,177,-177
"17523","2841台開","110/07/13","日盛證券",210,13,197
"17524","2841台開","110/07/13","日進",0,152,-152
"17525","2841台開","110/07/13","第一金-台中",55,0,55
"17526","2841台開","110/07/13","港商野村",0,109,-109
"17527","2841台開","110/07/13","國泰-板橋",46,0,46
"17528","2841台開","110/07/13","日盛-信義",0,103,-103
"17529","2841台開","110/07/13","國泰-館前",48,3,45
"17530","2841台開","110/07/13","國泰-敦南",11,75,-64
"17531","2841台開","110/07/13","華南永昌-新莊",45,0,45
"17532","2841台開","110/07/13","永興",0,50,-50
"17533","2841台開","110/07/13","日盛-園區",42,0,42
"17534","2841台開","110/07/13","永豐金-敦南",61,104,-43
"17535","2841台開","110/07/13","台新證券",32,0,32
"17536","2841台開","110/07/13","富邦-台南",0,42,-42
"17537","2841台開","110/07/13","台新-高雄",32,2,30
"17538","2841台開","110/07/13","國票-安和",0,30,-30
"17539","2841台開","110/07/13","豐農",23,0,23
"17540","2841台開","110/07/13","元大-桃園",0,25,-25
"17541","2841台開","110/07/13","合庫-嘉義",20,0,20
"17542","2841台開","110/07/13","新光",8,32,-24
"17543","2841台開","110/07/13","華南永昌-高雄",20,0,20
"17544","2841台開","110/07/13","元大-仁愛",0,24,-24
"17545","2841台開","110/07/13","元大-樹林",16,0,16
"17546","2841台開","110/07/13","日盛-中和",0,20,-20
"17547","2841台開","110/07/13","第一金-華江",15,2,13
"17548","2841台開","110/07/13","元富",0,20,-20
"17549","2841台開","110/07/13","美商高盛",12,0,12
"17550","2841台開","110/07/13","富邦-宜蘭",0,20,-20
"17551","6207雷科","110/07/13","元大-高雄",121,0,121
"17552","6207雷科","110/07/13","華南永昌-朴子",1,60,-59
"17553","6207雷科","110/07/13","第一金-新興",20,0,20
"17554","6207雷科","110/07/13","元大-南海",0,36,-36
"17555","6207雷科","110/07/13","元富-三重",20,0,20
"17556","6207雷科","110/07/13","凱基-土城",0,35,-35
"17557","6207雷科","110/07/13","元大-林園",15,0,15
"17558","6207雷科","110/07/13","台灣企銀",0,20,-20
"17559","6207雷科","110/07/13","元大-金華",16,1,15
"17560","6207雷科","110/07/13","群益金鼎-丹鳳",0,20,-20
"17561","6207雷科","110/07/13","日盛證券",10,0,10
"17562","6207雷科","110/07/13","元大-博愛",0,17,-17
"17563","6207雷科","110/07/13","統一-台中",10,0,10
"17564","6207雷科","110/07/13","元大-北港",0,13,-13
"17565","6207雷科","110/07/13","群益金鼎-土城",10,0,10
"17566","6207雷科","110/07/13","新加坡商瑞銀",0,12,-12
"17567","6207雷科","110/07/13","群益金鼎-桃園",10,0,10
"17568","6207雷科","110/07/13","凱基-台北",4,16,-12
"17569","6207雷科","110/07/13","永豐金-新莊",10,0,10
"17570","6207雷科","110/07/13","日茂-埔里",0,11,-11
"17571","6207雷科","110/07/13","永豐金-新店",10,0,10
"17572","6207雷科","110/07/13","元大-莒光",0,11,-11
"17573","6207雷科","110/07/13","元大證券",9,0,9
"17574","6207雷科","110/07/13","統一-新竹",0,10,-10
"17575","6207雷科","110/07/13","日盛-木柵",9,1,8
"17576","6207雷科","110/07/13","元大-西螺",0,10,-10
"17577","6207雷科","110/07/13","兆豐-來福",8,0,8
"17578","6207雷科","110/07/13","康和-台中",0,8,-8
"17579","6207雷科","110/07/13","新光",7,0,7
"17580","6207雷科","110/07/13","兆豐-高雄",0,6,-6
"17581","3679新至陞","110/07/13","永豐金證券",50,0,50
"17582","3679新至陞","110/07/13","摩根大通",2,25,-23
"17583","3679新至陞","110/07/13","國泰-桃園",22,0,22
"17584","3679新至陞","110/07/13","元大-成功",0,22,-22
"17585","3679新至陞","110/07/13","台中銀-員林",11,0,11
"17586","3679新至陞","110/07/13","富邦-板橋",1,19,-18
"17587","3679新至陞","110/07/13","元大-文心興安",8,0,8
"17588","3679新至陞","110/07/13","日盛-新莊",0,10,-10
"17589","3679新至陞","110/07/13","美商高盛",6,0,6
"17590","3679新至陞","110/07/13","台新-台中",0,10,-10
"17591","3679新至陞","110/07/13","台新-高雄",6,0,6
"17592","3679新至陞","110/07/13","永豐金-新竹",0,8,-8
"17593","3679新至陞","110/07/13","凱基-台北",18,12,6
"17594","3679新至陞","110/07/13","瑞士信貸",12,19,-7
"17595","3679新至陞","110/07/13","日盛-復興",5,0,5
"17596","3679新至陞","110/07/13","統一-南京",0,7,-7
"17597","3679新至陞","110/07/13","(牛牛牛)亞-鑫豐",4,0,4
"17598","3679新至陞","110/07/13","凱基-新莊",0,7,-7
"17599","3679新至陞","110/07/13","元富-大昌",3,0,3
"17600","3679新至陞","110/07/13","新加坡商瑞銀",0,6,-6
"17601","3679新至陞","110/07/13","富邦-台北",3,0,3
"17602","3679新至陞","110/07/13","合庫-自強",0,5,-5
"17603","3679新至陞","110/07/13","日盛-樹林",2,0,2
"17604","3679新至陞","110/07/13","富邦-桃園",0,5,-5
"17605","3679新至陞","110/07/13","宏遠-光隆",2,0,2
"17606","3679新至陞","110/07/13","永豐金-潮州",0,4,-4
"17607","3679新至陞","110/07/13","美林",3,1,2
"17608","3679新至陞","110/07/13","臺銀-臺南",0,3,-3
"17609","3679新至陞","110/07/13","第一金-中壢",2,0,2
"17610","3679新至陞","110/07/13","元大-六合",0,3,-3
"17611","2727王品","110/07/13","富邦-台北",43,3,40
"17612","2727王品","110/07/13","台灣摩根士丹利",15,97,-82
"17613","2727王品","110/07/13","元大-基隆孝二",40,0,40
"17614","2727王品","110/07/13","玉山-台南",5,57,-52
"17615","2727王品","110/07/13","國票-新莊",40,1,39
"17616","2727王品","110/07/13","新加坡商瑞銀",0,48,-48
"17617","2727王品","110/07/13","第一金-豐原",66,42,24
"17618","2727王品","110/07/13","凱基-台北",41,77,-36
"17619","2727王品","110/07/13","永豐金-大園",34,10,24
"17620","2727王品","110/07/13","永豐金-永康",0,22,-22
"17621","2727王品","110/07/13","元大-北屯",22,0,22
"17622","2727王品","110/07/13","統一-台中",2,22,-20
"17623","2727王品","110/07/13","元大-東蘆",26,7,19
"17624","2727王品","110/07/13","國泰-台中",21,39,-18
"17625","2727王品","110/07/13","永豐金-萬盛",13,1,12
"17626","2727王品","110/07/13","合庫-彰化",3,20,-17
"17627","2727王品","110/07/13","日盛-嘉義",11,0,11
"17628","2727王品","110/07/13","港商野村",13,30,-17
"17629","2727王品","110/07/13","日盛-八德",11,0,11
"17630","2727王品","110/07/13","元大-楊梅",1,16,-15
"17631","2727王品","110/07/13","統一-竹南",11,0,11
"17632","2727王品","110/07/13","凱基-高美館",2,15,-13
"17633","2727王品","110/07/13","日盛-士林",12,2,10
"17634","2727王品","110/07/13","美商高盛",2,14,-12
"17635","2727王品","110/07/13","統一-敦南",10,0,10
"17636","2727王品","110/07/13","統一-平鎮",1,13,-12
"17637","2727王品","110/07/13","中國信託",15,5,10
"17638","2727王品","110/07/13","兆豐-台中港",4,16,-12
"17639","2727王品","110/07/13","兆豐-竹北",13,3,10
"17640","2727王品","110/07/13","凱基-八德",1,13,-12
"17641","1570力肯","110/07/13","新光",115,11,104
"17642","1570力肯","110/07/13","元大-北三重",0,162,-162
"17643","1570力肯","110/07/13","群益金鼎-高雄",54,0,54
"17644","1570力肯","110/07/13","元大-大灣",0,25,-25
"17645","1570力肯","110/07/13","國票-新莊",22,0,22
"17646","1570力肯","110/07/13","永豐金-苓雅",0,22,-22
"17647","1570力肯","110/07/13","日盛-桃園",12,0,12
"17648","1570力肯","110/07/13","永豐金-永康",0,19,-19
"17649","1570力肯","110/07/13","元大-高雄",12,0,12
"17650","1570力肯","110/07/13","富邦-員林",0,15,-15
"17651","1570力肯","110/07/13","合庫-自強",11,0,11
"17652","1570力肯","110/07/13","凱基-台南",0,11,-11
"17653","1570力肯","110/07/13","摩根大通",26,15,11
"17654","1570力肯","110/07/13","日盛-竹北",0,10,-10
"17655","1570力肯","110/07/13","永豐金-中盛",11,0,11
"17656","1570力肯","110/07/13","國票-九鼎",0,10,-10
"17657","1570力肯","110/07/13","兆豐-台中港",10,0,10
"17658","1570力肯","110/07/13","凱基-桃園",0,10,-10
"17659","1570力肯","110/07/13","國泰-松江",9,0,9
"17660","1570力肯","110/07/13","凱基-新豐",0,10,-10
"17661","1570力肯","110/07/13","元大-新盛",9,0,9
"17662","1570力肯","110/07/13","元大-學甲",0,10,-10
"17663","1570力肯","110/07/13","元富-緯城",6,0,6
"17664","1570力肯","110/07/13","群益金鼎-東湖",1,10,-9
"17665","1570力肯","110/07/13","統一-三重",5,0,5
"17666","1570力肯","110/07/13","大昌",0,6,-6
"17667","1570力肯","110/07/13","元大-前金",5,0,5
"17668","1570力肯","110/07/13","元大-土城學府",0,6,-6
"17669","1570力肯","110/07/13","永豐金證券",5,0,5
"17670","1570力肯","110/07/13","統一",0,5,-5
"17671","6180橘子","110/07/13","摩根大通",119,0,119
"17672","6180橘子","110/07/13","元大-崇德",2,61,-59
"17673","6180橘子","110/07/13","美商高盛",96,0,96
"17674","6180橘子","110/07/13","康和-台中",0,51,-51
"17675","6180橘子","110/07/13","新加坡商瑞銀",86,7,79
"17676","6180橘子","110/07/13","康和-台北",0,50,-50
"17677","6180橘子","110/07/13","元大-和平",40,0,40
"17678","6180橘子","110/07/13","元富-潮州",0,40,-40
"17679","6180橘子","110/07/13","凱基-台北",83,47,36
"17680","6180橘子","110/07/13","日盛-永康",0,26,-26
"17681","6180橘子","110/07/13","美林",39,5,34
"17682","6180橘子","110/07/13","永豐金-中正",0,24,-24
"17683","6180橘子","110/07/13","富邦-新竹華信",31,2,29
"17684","6180橘子","110/07/13","國泰-板橋",2,25,-23
"17685","6180橘子","110/07/13","統一-南京",21,0,21
"17686","6180橘子","110/07/13","日盛-大墩",0,20,-20
"17687","6180橘子","110/07/13","富邦-陽明",24,3,21
"17688","6180橘子","110/07/13","元大-草屯",13,32,-19
"17689","6180橘子","110/07/13","大昌-樹林",21,1,20
"17690","6180橘子","110/07/13","元富-林園",1,18,-17
"17691","6180橘子","110/07/13","花旗環球",19,0,19
"17692","6180橘子","110/07/13","新光-新竹",1,18,-17
"17693","6180橘子","110/07/13","華南永昌-台南",19,0,19
"17694","6180橘子","110/07/13","元大-土城永寧",0,17,-17
"17695","6180橘子","110/07/13","福勝",14,0,14
"17696","6180橘子","110/07/13","國泰-新莊",3,19,-16
"17697","6180橘子","110/07/13","富邦-嘉義",12,1,11
"17698","6180橘子","110/07/13","中國信託-永康",6,21,-15
"17699","6180橘子","110/07/13","元大-板橋三民",11,0,11
"17700","6180橘子","110/07/13","凱基-東港",1,15,-14
"17701","2390云辰","110/07/13","新加坡商瑞銀",562,75,487
"17702","2390云辰","110/07/13","大展-台南",0,532,-532
"17703","2390云辰","110/07/13","台灣摩根士丹利",330,155,175
"17704","2390云辰","110/07/13","凱基-台北",668,854,-186
"17705","2390云辰","110/07/13","兆豐-公益",126,25,101
"17706","2390云辰","110/07/13","凱基-三重",12,172,-160
"17707","2390云辰","110/07/13","元富-中港",100,2,98
"17708","2390云辰","110/07/13","兆豐-忠孝",4,161,-157
"17709","2390云辰","110/07/13","統一-新台中",106,9,97
"17710","2390云辰","110/07/13","元大-士林",19,170,-151
"17711","2390云辰","110/07/13","中國信託-松江",81,11,70
"17712","2390云辰","110/07/13","臺銀-新竹",14,117,-103
"17713","2390云辰","110/07/13","日盛-板橋",72,3,69
"17714","2390云辰","110/07/13","國票-台中",4,102,-98
"17715","2390云辰","110/07/13","日盛-和美",57,0,57
"17716","2390云辰","110/07/13","新光",147,232,-85
"17717","2390云辰","110/07/13","永豐金-桃園",88,36,52
"17718","2390云辰","110/07/13","致和-崇德",2,70,-68
"17719","2390云辰","110/07/13","玉山-士林",54,4,50
"17720","2390云辰","110/07/13","群益金鼎-屏東",2,70,-68
"17721","2390云辰","110/07/13","富邦-仁愛",56,6,50
"17722","2390云辰","110/07/13","元大-大里",35,98,-63
"17723","2390云辰","110/07/13","第一金-豐原",50,1,49
"17724","2390云辰","110/07/13","元大-萬華",35,94,-59
"17725","2390云辰","110/07/13","摩根大通",502,453,49
"17726","2390云辰","110/07/13","元富-吉利",2,60,-58
"17727","2390云辰","110/07/13","凱基-松山",61,13,48
"17728","2390云辰","110/07/13","兆豐-新竹",3,53,-50
"17729","2390云辰","110/07/13","大昌",64,22,42
"17730","2390云辰","110/07/13","富邦-嘉義",65,108,-43
"17731","2363矽統","110/07/13","凱基-南崁",2133,63,2070
"17732","2363矽統","110/07/13","凱基-幸福",36,4048,-4012
"17733","2363矽統","110/07/13","國泰-敦南",2195,1617,578
"17734","2363矽統","110/07/13","統一",192,3325,-3133
"17735","2363矽統","110/07/13","中農",670,139,531
"17736","2363矽統","110/07/13","新加坡商瑞銀",1000,2747,-1747
"17737","2363矽統","110/07/13","康和-台中",638,154,484
"17738","2363矽統","110/07/13","凱基-台北",5359,6609,-1250
"17739","2363矽統","110/07/13","群益金鼎-三民",577,137,440
"17740","2363矽統","110/07/13","摩根大通",1930,2858,-928
"17741","2363矽統","110/07/13","台新-屏東",510,88,422
"17742","2363矽統","110/07/13","港商野村",960,1679,-719
"17743","2363矽統","110/07/13","德信-中正",455,67,388
"17744","2363矽統","110/07/13","兆豐-復興",25,705,-680
"17745","2363矽統","110/07/13","日盛-竹北",365,70,295
"17746","2363矽統","110/07/13","統一-仁愛",114,755,-641
"17747","2363矽統","110/07/13","元大-佳里",452,189,263
"17748","2363矽統","110/07/13","統一-敦南",29,638,-609
"17749","2363矽統","110/07/13","國票-博愛",296,38,258
"17750","2363矽統","110/07/13","統一-土城",100,704,-604
"17751","2363矽統","110/07/13","元大-萬華",340,95,245
"17752","2363矽統","110/07/13","統一-城中",116,676,-560
"17753","2363矽統","110/07/13","新光",1259,1031,228
"17754","2363矽統","110/07/13","永豐金證券",306,859,-553
"17755","2363矽統","110/07/13","元富-成功",323,96,227
"17756","2363矽統","110/07/13","元富",54,567,-513
"17757","2363矽統","110/07/13","豐農",228,23,205
"17758","2363矽統","110/07/13","瑞士信貸",202,666,-464
"17759","2363矽統","110/07/13","台灣企銀-岡山",186,4,182
"17760","2363矽統","110/07/13","永豐金-嘉義",67,468,-401
"17761","8112至上","110/07/13","摩根大通",688,296,392
"17762","8112至上","110/07/13","國票-中和",0,401,-401
"17763","8112至上","110/07/13","港商野村",344,145,199
"17764","8112至上","110/07/13","永豐金-板盛",0,205,-205
"17765","8112至上","110/07/13","兆豐-公益",195,5,190
"17766","8112至上","110/07/13","凱基-五股",43,155,-112
"17767","8112至上","110/07/13","台灣摩根士丹利",183,0,183
"17768","8112至上","110/07/13","凱基-市政",0,100,-100
"17769","8112至上","110/07/13","群益金鼎-敦南",153,2,151
"17770","8112至上","110/07/13","元大-大里德芳",1,92,-91
"17771","8112至上","110/07/13","臺銀-金山",146,26,120
"17772","8112至上","110/07/13","玉山-桃園",26,110,-84
"17773","8112至上","110/07/13","臺銀",133,19,114
"17774","8112至上","110/07/13","兆豐-天母",0,81,-81
"17775","8112至上","110/07/13","合庫-台中",115,6,109
"17776","8112至上","110/07/13","凱基-城中",3,84,-81
"17777","8112至上","110/07/13","亞東-板橋",134,26,108
"17778","8112至上","110/07/13","日盛-新莊",9,85,-76
"17779","8112至上","110/07/13","凱基-台北",414,326,88
"17780","8112至上","110/07/13","日盛-台中",2,64,-62
"17781","8112至上","110/07/13","新加坡商瑞銀",181,100,81
"17782","8112至上","110/07/13","日盛-中壢",3,64,-61
"17783","8112至上","110/07/13","國泰-敦南",108,31,77
"17784","8112至上","110/07/13","元大-台中",2,59,-57
"17785","8112至上","110/07/13","第一金-華江",77,4,73
"17786","8112至上","110/07/13","元大-雙和",7,64,-57
"17787","8112至上","110/07/13","永豐金-內湖",73,1,72
"17788","8112至上","110/07/13","元大-高雄",8,62,-54
"17789","8112至上","110/07/13","元大-永和",68,1,67
"17790","8112至上","110/07/13","元大-館前",2,55,-53
"17791","2929淘帝","110/07/13","玉山-新竹",130,0,130
"17792","2929淘帝","110/07/13","美商高盛",0,177,-177
"17793","2929淘帝","110/07/13","臺銀-民權",60,0,60
"17794","2929淘帝","110/07/13","凱基-台北",6,80,-74
"17795","2929淘帝","110/07/13","新百王",31,0,31
"17796","2929淘帝","110/07/13","元富-大裕",0,49,-49
"17797","2929淘帝","110/07/13","日盛-園區",30,0,30
"17798","2929淘帝","110/07/13","國泰-館前",3,51,-48
"17799","2929淘帝","110/07/13","元大-南投",31,1,30
"17800","2929淘帝","110/07/13","凱基-中壢",0,41,-41
"17801","2929淘帝","110/07/13","兆豐-忠孝",28,0,28
"17802","2929淘帝","110/07/13","港商野村",21,55,-34
"17803","2929淘帝","110/07/13","元大-民生",28,0,28
"17804","2929淘帝","110/07/13","華南永昌-南京",2,34,-32
"17805","2929淘帝","110/07/13","合庫-高雄",27,0,27
"17806","2929淘帝","110/07/13","群益金鼎-土城",0,30,-30
"17807","2929淘帝","110/07/13","凱基-豐中",27,0,27
"17808","2929淘帝","110/07/13","富邦-南屯",0,22,-22
"17809","2929淘帝","110/07/13","新光",21,4,17
"17810","2929淘帝","110/07/13","第一金-豐原",0,20,-20
"17811","2929淘帝","110/07/13","元大-天母",17,0,17
"17812","2929淘帝","110/07/13","元大-屏南",6,26,-20
"17813","2929淘帝","110/07/13","永興",14,0,14
"17814","2929淘帝","110/07/13","永豐金-敦南",1,21,-20
"17815","2929淘帝","110/07/13","富邦-台北",12,0,12
"17816","2929淘帝","110/07/13","凱基-三重",2,21,-19
"17817","2929淘帝","110/07/13","元大-永和",12,0,12
"17818","2929淘帝","110/07/13","富邦-仁愛",7,25,-18
"17819","2929淘帝","110/07/13","國票-天祥",11,0,11
"17820","2929淘帝","110/07/13","元大-北投",0,16,-16
"17821","5410國眾","110/07/13","兆豐-城中",274,0,274
"17822","5410國眾","110/07/13","元富-嘉義",0,103,-103
"17823","5410國眾","110/07/13","新光",50,4,46
"17824","5410國眾","110/07/13","凱基-台北",0,50,-50
"17825","5410國眾","110/07/13","國泰-台中",26,0,26
"17826","5410國眾","110/07/13","瑞士信貸",0,31,-31
"17827","5410國眾","110/07/13","新加坡商瑞銀",22,0,22
"17828","5410國眾","110/07/13","台新-新莊",0,27,-27
"17829","5410國眾","110/07/13","光和-嘉義",20,0,20
"17830","5410國眾","110/07/13","元大-汐止",0,20,-20
"17831","5410國眾","110/07/13","凱基-竹北",17,0,17
"17832","5410國眾","110/07/13","亞東-新竹",0,17,-17
"17833","5410國眾","110/07/13","新光-桃園",15,0,15
"17834","5410國眾","110/07/13","元大-南勢角",0,13,-13
"17835","5410國眾","110/07/13","凱基-台東",14,0,14
"17836","5410國眾","110/07/13","台新-台南",0,12,-12
"17837","5410國眾","110/07/13","富邦-竹北",11,0,11
"17838","5410國眾","110/07/13","中國信託",0,11,-11
"17839","5410國眾","110/07/13","元富-同大",10,0,10
"17840","5410國眾","110/07/13","華南永昌",0,11,-11
"17841","5410國眾","110/07/13","國泰-敦南",24,15,9
"17842","5410國眾","110/07/13","臺銀-臺南",0,10,-10
"17843","5410國眾","110/07/13","日盛-內湖",7,0,7
"17844","5410國眾","110/07/13","台灣企銀-民雄",0,10,-10
"17845","5410國眾","110/07/13","台新-左楠",7,0,7
"17846","5410國眾","110/07/13","高橋",0,10,-10
"17847","5410國眾","110/07/13","元大-新盛",18,12,6
"17848","5410國眾","110/07/13","康和-嘉義",0,10,-10
"17849","5410國眾","110/07/13","統一",5,0,5
"17850","5410國眾","110/07/13","凱基-基隆",0,10,-10
"17851","2841台開","110/07/13","中國信託-高雄",251,50,201
"17852","2841台開","110/07/13","兆豐-公益",0,177,-177
"17853","2841台開","110/07/13","日盛證券",210,13,197
"17854","2841台開","110/07/13","日進",0,152,-152
"17855","2841台開","110/07/13","第一金-台中",55,0,55
"17856","2841台開","110/07/13","港商野村",0,109,-109
"17857","2841台開","110/07/13","國泰-板橋",46,0,46
"17858","2841台開","110/07/13","日盛-信義",0,103,-103
"17859","2841台開","110/07/13","國泰-館前",48,3,45
"17860","2841台開","110/07/13","國泰-敦南",11,75,-64
"17861","2841台開","110/07/13","華南永昌-新莊",45,0,45
"17862","2841台開","110/07/13","永興",0,50,-50
"17863","2841台開","110/07/13","日盛-園區",42,0,42
"17864","2841台開","110/07/13","永豐金-敦南",61,104,-43
"17865","2841台開","110/07/13","台新證券",32,0,32
"17866","2841台開","110/07/13","富邦-台南",0,42,-42
"17867","2841台開","110/07/13","台新-高雄",32,2,30
"17868","2841台開","110/07/13","國票-安和",0,30,-30
"17869","2841台開","110/07/13","豐農",23,0,23
"17870","2841台開","110/07/13","元大-桃園",0,25,-25
"17871","2841台開","110/07/13","合庫-嘉義",20,0,20
"17872","2841台開","110/07/13","新光",8,32,-24
"17873","2841台開","110/07/13","華南永昌-高雄",20,0,20
"17874","2841台開","110/07/13","元大-仁愛",0,24,-24
"17875","2841台開","110/07/13","元大-樹林",16,0,16
"17876","2841台開","110/07/13","日盛-中和",0,20,-20
"17877","2841台開","110/07/13","第一金-華江",15,2,13
"17878","2841台開","110/07/13","元富",0,20,-20
"17879","2841台開","110/07/13","美商高盛",12,0,12
"17880","2841台開","110/07/13","富邦-宜蘭",0,20,-20
"17881","6207雷科","110/07/13","元大-高雄",121,0,121
"17882","6207雷科","110/07/13","華南永昌-朴子",1,60,-59
"17883","6207雷科","110/07/13","第一金-新興",20,0,20
"17884","6207雷科","110/07/13","元大-南海",0,36,-36
"17885","6207雷科","110/07/13","元富-三重",20,0,20
"17886","6207雷科","110/07/13","凱基-土城",0,35,-35
"17887","6207雷科","110/07/13","元大-林園",15,0,15
"17888","6207雷科","110/07/13","台灣企銀",0,20,-20
"17889","6207雷科","110/07/13","元大-金華",16,1,15
"17890","6207雷科","110/07/13","群益金鼎-丹鳳",0,20,-20
"17891","6207雷科","110/07/13","日盛證券",10,0,10
"17892","6207雷科","110/07/13","元大-博愛",0,17,-17
"17893","6207雷科","110/07/13","統一-台中",10,0,10
"17894","6207雷科","110/07/13","元大-北港",0,13,-13
"17895","6207雷科","110/07/13","群益金鼎-土城",10,0,10
"17896","6207雷科","110/07/13","新加坡商瑞銀",0,12,-12
"17897","6207雷科","110/07/13","群益金鼎-桃園",10,0,10
"17898","6207雷科","110/07/13","凱基-台北",4,16,-12
"17899","6207雷科","110/07/13","永豐金-新莊",10,0,10
"17900","6207雷科","110/07/13","日茂-埔里",0,11,-11
"17901","6207雷科","110/07/13","永豐金-新店",10,0,10
"17902","6207雷科","110/07/13","元大-莒光",0,11,-11
"17903","6207雷科","110/07/13","元大證券",9,0,9
"17904","6207雷科","110/07/13","統一-新竹",0,10,-10
"17905","6207雷科","110/07/13","日盛-木柵",9,1,8
"17906","6207雷科","110/07/13","元大-西螺",0,10,-10
"17907","6207雷科","110/07/13","兆豐-來福",8,0,8
"17908","6207雷科","110/07/13","康和-台中",0,8,-8
"17909","6207雷科","110/07/13","新光",7,0,7
"17910","6207雷科","110/07/13","兆豐-高雄",0,6,-6
"17911","3679新至陞","110/07/13","永豐金證券",50,0,50
"17912","3679新至陞","110/07/13","摩根大通",2,25,-23
"17913","3679新至陞","110/07/13","國泰-桃園",22,0,22
"17914","3679新至陞","110/07/13","元大-成功",0,22,-22
"17915","3679新至陞","110/07/13","台中銀-員林",11,0,11
"17916","3679新至陞","110/07/13","富邦-板橋",1,19,-18
"17917","3679新至陞","110/07/13","元大-文心興安",8,0,8
"17918","3679新至陞","110/07/13","日盛-新莊",0,10,-10
"17919","3679新至陞","110/07/13","美商高盛",6,0,6
"17920","3679新至陞","110/07/13","台新-台中",0,10,-10
"17921","3679新至陞","110/07/13","台新-高雄",6,0,6
"17922","3679新至陞","110/07/13","永豐金-新竹",0,8,-8
"17923","3679新至陞","110/07/13","凱基-台北",18,12,6
"17924","3679新至陞","110/07/13","瑞士信貸",12,19,-7
"17925","3679新至陞","110/07/13","日盛-復興",5,0,5
"17926","3679新至陞","110/07/13","統一-南京",0,7,-7
"17927","3679新至陞","110/07/13","(牛牛牛)亞-鑫豐",4,0,4
"17928","3679新至陞","110/07/13","凱基-新莊",0,7,-7
"17929","3679新至陞","110/07/13","元富-大昌",3,0,3
"17930","3679新至陞","110/07/13","新加坡商瑞銀",0,6,-6
"17931","3679新至陞","110/07/13","富邦-台北",3,0,3
"17932","3679新至陞","110/07/13","合庫-自強",0,5,-5
"17933","3679新至陞","110/07/13","日盛-樹林",2,0,2
"17934","3679新至陞","110/07/13","富邦-桃園",0,5,-5
"17935","3679新至陞","110/07/13","宏遠-光隆",2,0,2
"17936","3679新至陞","110/07/13","永豐金-潮州",0,4,-4
"17937","3679新至陞","110/07/13","美林",3,1,2
"17938","3679新至陞","110/07/13","臺銀-臺南",0,3,-3
"17939","3679新至陞","110/07/13","第一金-中壢",2,0,2
"17940","3679新至陞","110/07/13","元大-六合",0,3,-3
"17941","2727王品","110/07/13","富邦-台北",43,3,40
"17942","2727王品","110/07/13","台灣摩根士丹利",15,97,-82
"17943","2727王品","110/07/13","元大-基隆孝二",40,0,40
"17944","2727王品","110/07/13","玉山-台南",5,57,-52
"17945","2727王品","110/07/13","國票-新莊",40,1,39
"17946","2727王品","110/07/13","新加坡商瑞銀",0,48,-48
"17947","2727王品","110/07/13","第一金-豐原",66,42,24
"17948","2727王品","110/07/13","凱基-台北",41,77,-36
"17949","2727王品","110/07/13","永豐金-大園",34,10,24
"17950","2727王品","110/07/13","永豐金-永康",0,22,-22
"17951","2727王品","110/07/13","元大-北屯",22,0,22
"17952","2727王品","110/07/13","統一-台中",2,22,-20
"17953","2727王品","110/07/13","元大-東蘆",26,7,19
"17954","2727王品","110/07/13","國泰-台中",21,39,-18
"17955","2727王品","110/07/13","永豐金-萬盛",13,1,12
"17956","2727王品","110/07/13","合庫-彰化",3,20,-17
"17957","2727王品","110/07/13","日盛-嘉義",11,0,11
"17958","2727王品","110/07/13","港商野村",13,30,-17
"17959","2727王品","110/07/13","日盛-八德",11,0,11
"17960","2727王品","110/07/13","元大-楊梅",1,16,-15
"17961","2727王品","110/07/13","統一-竹南",11,0,11
"17962","2727王品","110/07/13","凱基-高美館",2,15,-13
"17963","2727王品","110/07/13","日盛-士林",12,2,10
"17964","2727王品","110/07/13","美商高盛",2,14,-12
"17965","2727王品","110/07/13","統一-敦南",10,0,10
"17966","2727王品","110/07/13","統一-平鎮",1,13,-12
"17967","2727王品","110/07/13","中國信託",15,5,10
"17968","2727王品","110/07/13","兆豐-台中港",4,16,-12
"17969","2727王品","110/07/13","兆豐-竹北",13,3,10
"17970","2727王品","110/07/13","凱基-八德",1,13,-12
"17971","1570力肯","110/07/13","新光",115,11,104
"17972","1570力肯","110/07/13","元大-北三重",0,162,-162
"17973","1570力肯","110/07/13","群益金鼎-高雄",54,0,54
"17974","1570力肯","110/07/13","元大-大灣",0,25,-25
"17975","1570力肯","110/07/13","國票-新莊",22,0,22
"17976","1570力肯","110/07/13","永豐金-苓雅",0,22,-22
"17977","1570力肯","110/07/13","日盛-桃園",12,0,12
"17978","1570力肯","110/07/13","永豐金-永康",0,19,-19
"17979","1570力肯","110/07/13","元大-高雄",12,0,12
"17980","1570力肯","110/07/13","富邦-員林",0,15,-15
"17981","1570力肯","110/07/13","合庫-自強",11,0,11
"17982","1570力肯","110/07/13","凱基-台南",0,11,-11
"17983","1570力肯","110/07/13","摩根大通",26,15,11
"17984","1570力肯","110/07/13","日盛-竹北",0,10,-10
"17985","1570力肯","110/07/13","永豐金-中盛",11,0,11
"17986","1570力肯","110/07/13","國票-九鼎",0,10,-10
"17987","1570力肯","110/07/13","兆豐-台中港",10,0,10
"17988","1570力肯","110/07/13","凱基-桃園",0,10,-10
"17989","1570力肯","110/07/13","國泰-松江",9,0,9
"17990","1570力肯","110/07/13","凱基-新豐",0,10,-10
"17991","1570力肯","110/07/13","元大-新盛",9,0,9
"17992","1570力肯","110/07/13","元大-學甲",0,10,-10
"17993","1570力肯","110/07/13","元富-緯城",6,0,6
"17994","1570力肯","110/07/13","群益金鼎-東湖",1,10,-9
"17995","1570力肯","110/07/13","統一-三重",5,0,5
"17996","1570力肯","110/07/13","大昌",0,6,-6
"17997","1570力肯","110/07/13","元大-前金",5,0,5
"17998","1570力肯","110/07/13","元大-土城學府",0,6,-6
"17999","1570力肯","110/07/13","永豐金證券",5,0,5
"18000","1570力肯","110/07/13","統一",0,5,-5
"18001","6180橘子","110/07/13","摩根大通",119,0,119
"18002","6180橘子","110/07/13","元大-崇德",2,61,-59
"18003","6180橘子","110/07/13","美商高盛",96,0,96
"18004","6180橘子","110/07/13","康和-台中",0,51,-51
"18005","6180橘子","110/07/13","新加坡商瑞銀",86,7,79
"18006","6180橘子","110/07/13","康和-台北",0,50,-50
"18007","6180橘子","110/07/13","元大-和平",40,0,40
"18008","6180橘子","110/07/13","元富-潮州",0,40,-40
"18009","6180橘子","110/07/13","凱基-台北",83,47,36
"18010","6180橘子","110/07/13","日盛-永康",0,26,-26
"18011","6180橘子","110/07/13","美林",39,5,34
"18012","6180橘子","110/07/13","永豐金-中正",0,24,-24
"18013","6180橘子","110/07/13","富邦-新竹華信",31,2,29
"18014","6180橘子","110/07/13","國泰-板橋",2,25,-23
"18015","6180橘子","110/07/13","統一-南京",21,0,21
"18016","6180橘子","110/07/13","日盛-大墩",0,20,-20
"18017","6180橘子","110/07/13","富邦-陽明",24,3,21
"18018","6180橘子","110/07/13","元大-草屯",13,32,-19
"18019","6180橘子","110/07/13","大昌-樹林",21,1,20
"18020","6180橘子","110/07/13","元富-林園",1,18,-17
"18021","6180橘子","110/07/13","花旗環球",19,0,19
"18022","6180橘子","110/07/13","新光-新竹",1,18,-17
"18023","6180橘子","110/07/13","華南永昌-台南",19,0,19
"18024","6180橘子","110/07/13","元大-土城永寧",0,17,-17
"18025","6180橘子","110/07/13","福勝",14,0,14
"18026","6180橘子","110/07/13","國泰-新莊",3,19,-16
"18027","6180橘子","110/07/13","富邦-嘉義",12,1,11
"18028","6180橘子","110/07/13","中國信託-永康",6,21,-15
"18029","6180橘子","110/07/13","元大-板橋三民",11,0,11
"18030","6180橘子","110/07/13","凱基-東港",1,15,-14
"18031","2390云辰","110/07/13","新加坡商瑞銀",562,75,487
"18032","2390云辰","110/07/13","大展-台南",0,532,-532
"18033","2390云辰","110/07/13","台灣摩根士丹利",330,155,175
"18034","2390云辰","110/07/13","凱基-台北",668,854,-186
"18035","2390云辰","110/07/13","兆豐-公益",126,25,101
"18036","2390云辰","110/07/13","凱基-三重",12,172,-160
"18037","2390云辰","110/07/13","元富-中港",100,2,98
"18038","2390云辰","110/07/13","兆豐-忠孝",4,161,-157
"18039","2390云辰","110/07/13","統一-新台中",106,9,97
"18040","2390云辰","110/07/13","元大-士林",19,170,-151
"18041","2390云辰","110/07/13","中國信託-松江",81,11,70
"18042","2390云辰","110/07/13","臺銀-新竹",14,117,-103
"18043","2390云辰","110/07/13","日盛-板橋",72,3,69
"18044","2390云辰","110/07/13","國票-台中",4,102,-98
"18045","2390云辰","110/07/13","日盛-和美",57,0,57
"18046","2390云辰","110/07/13","新光",147,232,-85
"18047","2390云辰","110/07/13","永豐金-桃園",88,36,52
"18048","2390云辰","110/07/13","致和-崇德",2,70,-68
"18049","2390云辰","110/07/13","玉山-士林",54,4,50
"18050","2390云辰","110/07/13","群益金鼎-屏東",2,70,-68
"18051","2390云辰","110/07/13","富邦-仁愛",56,6,50
"18052","2390云辰","110/07/13","元大-大里",35,98,-63
"18053","2390云辰","110/07/13","第一金-豐原",50,1,49
"18054","2390云辰","110/07/13","元大-萬華",35,94,-59
"18055","2390云辰","110/07/13","摩根大通",502,453,49
"18056","2390云辰","110/07/13","元富-吉利",2,60,-58
"18057","2390云辰","110/07/13","凱基-松山",61,13,48
"18058","2390云辰","110/07/13","兆豐-新竹",3,53,-50
"18059","2390云辰","110/07/13","大昌",64,22,42
"18060","2390云辰","110/07/13","富邦-嘉義",65,108,-43
"18061","2363矽統","110/07/13","凱基-南崁",2133,63,2070
"18062","2363矽統","110/07/13","凱基-幸福",36,4048,-4012
"18063","2363矽統","110/07/13","國泰-敦南",2195,1617,578
"18064","2363矽統","110/07/13","統一",192,3325,-3133
"18065","2363矽統","110/07/13","中農",670,139,531
"18066","2363矽統","110/07/13","新加坡商瑞銀",1000,2747,-1747
"18067","2363矽統","110/07/13","康和-台中",638,154,484
"18068","2363矽統","110/07/13","凱基-台北",5359,6609,-1250
"18069","2363矽統","110/07/13","群益金鼎-三民",577,137,440
"18070","2363矽統","110/07/13","摩根大通",1930,2858,-928
"18071","2363矽統","110/07/13","台新-屏東",510,88,422
"18072","2363矽統","110/07/13","港商野村",960,1679,-719
"18073","2363矽統","110/07/13","德信-中正",455,67,388
"18074","2363矽統","110/07/13","兆豐-復興",25,705,-680
"18075","2363矽統","110/07/13","日盛-竹北",365,70,295
"18076","2363矽統","110/07/13","統一-仁愛",114,755,-641
"18077","2363矽統","110/07/13","元大-佳里",452,189,263
"18078","2363矽統","110/07/13","統一-敦南",29,638,-609
"18079","2363矽統","110/07/13","國票-博愛",296,38,258
"18080","2363矽統","110/07/13","統一-土城",100,704,-604
"18081","2363矽統","110/07/13","元大-萬華",340,95,245
"18082","2363矽統","110/07/13","統一-城中",116,676,-560
"18083","2363矽統","110/07/13","新光",1259,1031,228
"18084","2363矽統","110/07/13","永豐金證券",306,859,-553
"18085","2363矽統","110/07/13","元富-成功",323,96,227
"18086","2363矽統","110/07/13","元富",54,567,-513
"18087","2363矽統","110/07/13","豐農",228,23,205
"18088","2363矽統","110/07/13","瑞士信貸",202,666,-464
"18089","2363矽統","110/07/13","台灣企銀-岡山",186,4,182
"18090","2363矽統","110/07/13","永豐金-嘉義",67,468,-401
"18091","8112至上","110/07/13","摩根大通",688,296,392
"18092","8112至上","110/07/13","國票-中和",0,401,-401
"18093","8112至上","110/07/13","港商野村",344,145,199
"18094","8112至上","110/07/13","永豐金-板盛",0,205,-205
"18095","8112至上","110/07/13","兆豐-公益",195,5,190
"18096","8112至上","110/07/13","凱基-五股",43,155,-112
"18097","8112至上","110/07/13","台灣摩根士丹利",183,0,183
"18098","8112至上","110/07/13","凱基-市政",0,100,-100
"18099","8112至上","110/07/13","群益金鼎-敦南",153,2,151
"18100","8112至上","110/07/13","元大-大里德芳",1,92,-91
"18101","8112至上","110/07/13","臺銀-金山",146,26,120
"18102","8112至上","110/07/13","玉山-桃園",26,110,-84
"18103","8112至上","110/07/13","臺銀",133,19,114
"18104","8112至上","110/07/13","兆豐-天母",0,81,-81
"18105","8112至上","110/07/13","合庫-台中",115,6,109
"18106","8112至上","110/07/13","凱基-城中",3,84,-81
"18107","8112至上","110/07/13","亞東-板橋",134,26,108
"18108","8112至上","110/07/13","日盛-新莊",9,85,-76
"18109","8112至上","110/07/13","凱基-台北",414,326,88
"18110","8112至上","110/07/13","日盛-台中",2,64,-62
"18111","8112至上","110/07/13","新加坡商瑞銀",181,100,81
"18112","8112至上","110/07/13","日盛-中壢",3,64,-61
"18113","8112至上","110/07/13","國泰-敦南",108,31,77
"18114","8112至上","110/07/13","元大-台中",2,59,-57
"18115","8112至上","110/07/13","第一金-華江",77,4,73
"18116","8112至上","110/07/13","元大-雙和",7,64,-57
"18117","8112至上","110/07/13","永豐金-內湖",73,1,72
"18118","8112至上","110/07/13","元大-高雄",8,62,-54
"18119","8112至上","110/07/13","元大-永和",68,1,67
"18120","8112至上","110/07/13","元大-館前",2,55,-53
"18121","4903聯光通","110/07/13","台灣企銀-太平",56,0,56
"18122","4903聯光通","110/07/13","土銀",0,32,-32
"18123","4903聯光通","110/07/13","元富-新興",23,0,23
"18124","4903聯光通","110/07/13","元大-樹林",0,19,-19
"18125","4903聯光通","110/07/13","日盛-樹林",22,0,22
"18126","4903聯光通","110/07/13","凱基-士林",0,17,-17
"18127","4903聯光通","110/07/13","兆豐-天母",20,0,20
"18128","4903聯光通","110/07/13","國票-博愛",0,14,-14
"18129","4903聯光通","110/07/13","華南永昌-桃園",20,0,20
"18130","4903聯光通","110/07/13","元富",0,10,-10
"18131","4903聯光通","110/07/13","富邦-新店",10,0,10
"18132","4903聯光通","110/07/13","新光",0,10,-10
"18133","4903聯光通","110/07/13","新光-台中",5,0,5
"18134","4903聯光通","110/07/13","玉山-南京東路",0,10,-10
"18135","4903聯光通","110/07/13","華南永昌-台中",5,0,5
"18136","4903聯光通","110/07/13","富邦-陽明",0,10,-10
"18137","4903聯光通","110/07/13","元大-崇德",5,0,5
"18138","4903聯光通","110/07/13","元大-大甲",0,8,-8
"18139","4903聯光通","110/07/13","元大-草屯",5,0,5
"18140","4903聯光通","110/07/13","富邦-台中",0,7,-7
"18141","4903聯光通","110/07/13","元富-草屯",4,0,4
"18142","4903聯光通","110/07/13","凱基-中壢",0,6,-6
"18143","4903聯光通","110/07/13","元大-清水",4,0,4
"18144","4903聯光通","110/07/13","臺銀-民權",0,5,-5
"18145","4903聯光通","110/07/13","元大-東泰",4,0,4
"18146","4903聯光通","110/07/13","日盛-板橋",0,5,-5
"18147","4903聯光通","110/07/13","元大-佳里",2,0,2
"18148","4903聯光通","110/07/13","中國信託-忠孝",0,5,-5
"18149","4903聯光通","110/07/13","永豐金-板橋",2,0,2
"18150","4903聯光通","110/07/13","永豐金-鳳山",0,5,-5
"18151","2929淘帝","110/07/13","玉山-新竹",130,0,130
"18152","2929淘帝","110/07/13","美商高盛",0,177,-177
"18153","2929淘帝","110/07/13","臺銀-民權",60,0,60
"18154","2929淘帝","110/07/13","凱基-台北",6,80,-74
"18155","2929淘帝","110/07/13","新百王",31,0,31
"18156","2929淘帝","110/07/13","元富-大裕",0,49,-49
"18157","2929淘帝","110/07/13","日盛-園區",30,0,30
"18158","2929淘帝","110/07/13","國泰-館前",3,51,-48
"18159","2929淘帝","110/07/13","元大-南投",31,1,30
"18160","2929淘帝","110/07/13","凱基-中壢",0,41,-41
"18161","2929淘帝","110/07/13","兆豐-忠孝",28,0,28
"18162","2929淘帝","110/07/13","港商野村",21,55,-34
"18163","2929淘帝","110/07/13","元大-民生",28,0,28
"18164","2929淘帝","110/07/13","華南永昌-南京",2,34,-32
"18165","2929淘帝","110/07/13","合庫-高雄",27,0,27
"18166","2929淘帝","110/07/13","群益金鼎-土城",0,30,-30
"18167","2929淘帝","110/07/13","凱基-豐中",27,0,27
"18168","2929淘帝","110/07/13","富邦-南屯",0,22,-22
"18169","2929淘帝","110/07/13","新光",21,4,17
"18170","2929淘帝","110/07/13","第一金-豐原",0,20,-20
"18171","2929淘帝","110/07/13","元大-天母",17,0,17
"18172","2929淘帝","110/07/13","元大-屏南",6,26,-20
"18173","2929淘帝","110/07/13","永興",14,0,14
"18174","2929淘帝","110/07/13","永豐金-敦南",1,21,-20
"18175","2929淘帝","110/07/13","富邦-台北",12,0,12
"18176","2929淘帝","110/07/13","凱基-三重",2,21,-19
"18177","2929淘帝","110/07/13","元大-永和",12,0,12
"18178","2929淘帝","110/07/13","富邦-仁愛",7,25,-18
"18179","2929淘帝","110/07/13","國票-天祥",11,0,11
"18180","2929淘帝","110/07/13","元大-北投",0,16,-16
"18181","5410國眾","110/07/13","兆豐-城中",274,0,274
"18182","5410國眾","110/07/13","元富-嘉義",0,103,-103
"18183","5410國眾","110/07/13","新光",50,4,46
"18184","5410國眾","110/07/13","凱基-台北",0,50,-50
"18185","5410國眾","110/07/13","國泰-台中",26,0,26
"18186","5410國眾","110/07/13","瑞士信貸",0,31,-31
"18187","5410國眾","110/07/13","新加坡商瑞銀",22,0,22
"18188","5410國眾","110/07/13","台新-新莊",0,27,-27
"18189","5410國眾","110/07/13","光和-嘉義",20,0,20
"18190","5410國眾","110/07/13","元大-汐止",0,20,-20
"18191","5410國眾","110/07/13","凱基-竹北",17,0,17
"18192","5410國眾","110/07/13","亞東-新竹",0,17,-17
"18193","5410國眾","110/07/13","新光-桃園",15,0,15
"18194","5410國眾","110/07/13","元大-南勢角",0,13,-13
"18195","5410國眾","110/07/13","凱基-台東",14,0,14
"18196","5410國眾","110/07/13","台新-台南",0,12,-12
"18197","5410國眾","110/07/13","富邦-竹北",11,0,11
"18198","5410國眾","110/07/13","中國信託",0,11,-11
"18199","5410國眾","110/07/13","元富-同大",10,0,10
"18200","5410國眾","110/07/13","華南永昌",0,11,-11
"18201","5410國眾","110/07/13","國泰-敦南",24,15,9
"18202","5410國眾","110/07/13","臺銀-臺南",0,10,-10
"18203","5410國眾","110/07/13","日盛-內湖",7,0,7
"18204","5410國眾","110/07/13","台灣企銀-民雄",0,10,-10
"18205","5410國眾","110/07/13","台新-左楠",7,0,7
"18206","5410國眾","110/07/13","高橋",0,10,-10
"18207","5410國眾","110/07/13","元大-新盛",18,12,6
"18208","5410國眾","110/07/13","康和-嘉義",0,10,-10
"18209","5410國眾","110/07/13","統一",5,0,5
"18210","5410國眾","110/07/13","凱基-基隆",0,10,-10
"18211","2841台開","110/07/13","中國信託-高雄",251,50,201
"18212","2841台開","110/07/13","兆豐-公益",0,177,-177
"18213","2841台開","110/07/13","日盛證券",210,13,197
"18214","2841台開","110/07/13","日進",0,152,-152
"18215","2841台開","110/07/13","第一金-台中",55,0,55
"18216","2841台開","110/07/13","港商野村",0,109,-109
"18217","2841台開","110/07/13","國泰-板橋",46,0,46
"18218","2841台開","110/07/13","日盛-信義",0,103,-103
"18219","2841台開","110/07/13","國泰-館前",48,3,45
"18220","2841台開","110/07/13","國泰-敦南",11,75,-64
"18221","2841台開","110/07/13","華南永昌-新莊",45,0,45
"18222","2841台開","110/07/13","永興",0,50,-50
"18223","2841台開","110/07/13","日盛-園區",42,0,42
"18224","2841台開","110/07/13","永豐金-敦南",61,104,-43
"18225","2841台開","110/07/13","台新證券",32,0,32
"18226","2841台開","110/07/13","富邦-台南",0,42,-42
"18227","2841台開","110/07/13","台新-高雄",32,2,30
"18228","2841台開","110/07/13","國票-安和",0,30,-30
"18229","2841台開","110/07/13","豐農",23,0,23
"18230","2841台開","110/07/13","元大-桃園",0,25,-25
"18231","2841台開","110/07/13","合庫-嘉義",20,0,20
"18232","2841台開","110/07/13","新光",8,32,-24
"18233","2841台開","110/07/13","華南永昌-高雄",20,0,20
"18234","2841台開","110/07/13","元大-仁愛",0,24,-24
"18235","2841台開","110/07/13","元大-樹林",16,0,16
"18236","2841台開","110/07/13","日盛-中和",0,20,-20
"18237","2841台開","110/07/13","第一金-華江",15,2,13
"18238","2841台開","110/07/13","元富",0,20,-20
"18239","2841台開","110/07/13","美商高盛",12,0,12
"18240","2841台開","110/07/13","富邦-宜蘭",0,20,-20
"18241","6207雷科","110/07/13","元大-高雄",121,0,121
"18242","6207雷科","110/07/13","華南永昌-朴子",1,60,-59
"18243","6207雷科","110/07/13","第一金-新興",20,0,20
"18244","6207雷科","110/07/13","元大-南海",0,36,-36
"18245","6207雷科","110/07/13","元富-三重",20,0,20
"18246","6207雷科","110/07/13","凱基-土城",0,35,-35
"18247","6207雷科","110/07/13","元大-林園",15,0,15
"18248","6207雷科","110/07/13","台灣企銀",0,20,-20
"18249","6207雷科","110/07/13","元大-金華",16,1,15
"18250","6207雷科","110/07/13","群益金鼎-丹鳳",0,20,-20
"18251","6207雷科","110/07/13","日盛證券",10,0,10
"18252","6207雷科","110/07/13","元大-博愛",0,17,-17
"18253","6207雷科","110/07/13","統一-台中",10,0,10
"18254","6207雷科","110/07/13","元大-北港",0,13,-13
"18255","6207雷科","110/07/13","群益金鼎-土城",10,0,10
"18256","6207雷科","110/07/13","新加坡商瑞銀",0,12,-12
"18257","6207雷科","110/07/13","群益金鼎-桃園",10,0,10
"18258","6207雷科","110/07/13","凱基-台北",4,16,-12
"18259","6207雷科","110/07/13","永豐金-新莊",10,0,10
"18260","6207雷科","110/07/13","日茂-埔里",0,11,-11
"18261","6207雷科","110/07/13","永豐金-新店",10,0,10
"18262","6207雷科","110/07/13","元大-莒光",0,11,-11
"18263","6207雷科","110/07/13","元大證券",9,0,9
"18264","6207雷科","110/07/13","統一-新竹",0,10,-10
"18265","6207雷科","110/07/13","日盛-木柵",9,1,8
"18266","6207雷科","110/07/13","元大-西螺",0,10,-10
"18267","6207雷科","110/07/13","兆豐-來福",8,0,8
"18268","6207雷科","110/07/13","康和-台中",0,8,-8
"18269","6207雷科","110/07/13","新光",7,0,7
"18270","6207雷科","110/07/13","兆豐-高雄",0,6,-6
"18271","3679新至陞","110/07/13","永豐金證券",50,0,50
"18272","3679新至陞","110/07/13","摩根大通",2,25,-23
"18273","3679新至陞","110/07/13","國泰-桃園",22,0,22
"18274","3679新至陞","110/07/13","元大-成功",0,22,-22
"18275","3679新至陞","110/07/13","台中銀-員林",11,0,11
"18276","3679新至陞","110/07/13","富邦-板橋",1,19,-18
"18277","3679新至陞","110/07/13","元大-文心興安",8,0,8
"18278","3679新至陞","110/07/13","日盛-新莊",0,10,-10
"18279","3679新至陞","110/07/13","美商高盛",6,0,6
"18280","3679新至陞","110/07/13","台新-台中",0,10,-10
"18281","3679新至陞","110/07/13","台新-高雄",6,0,6
"18282","3679新至陞","110/07/13","永豐金-新竹",0,8,-8
"18283","3679新至陞","110/07/13","凱基-台北",18,12,6
"18284","3679新至陞","110/07/13","瑞士信貸",12,19,-7
"18285","3679新至陞","110/07/13","日盛-復興",5,0,5
"18286","3679新至陞","110/07/13","統一-南京",0,7,-7
"18287","3679新至陞","110/07/13","(牛牛牛)亞-鑫豐",4,0,4
"18288","3679新至陞","110/07/13","凱基-新莊",0,7,-7
"18289","3679新至陞","110/07/13","元富-大昌",3,0,3
"18290","3679新至陞","110/07/13","新加坡商瑞銀",0,6,-6
"18291","3679新至陞","110/07/13","富邦-台北",3,0,3
"18292","3679新至陞","110/07/13","合庫-自強",0,5,-5
"18293","3679新至陞","110/07/13","日盛-樹林",2,0,2
"18294","3679新至陞","110/07/13","富邦-桃園",0,5,-5
"18295","3679新至陞","110/07/13","宏遠-光隆",2,0,2
"18296","3679新至陞","110/07/13","永豐金-潮州",0,4,-4
"18297","3679新至陞","110/07/13","美林",3,1,2
"18298","3679新至陞","110/07/13","臺銀-臺南",0,3,-3
"18299","3679新至陞","110/07/13","第一金-中壢",2,0,2
"18300","3679新至陞","110/07/13","元大-六合",0,3,-3
"18301","2727王品","110/07/13","富邦-台北",43,3,40
"18302","2727王品","110/07/13","台灣摩根士丹利",15,97,-82
"18303","2727王品","110/07/13","元大-基隆孝二",40,0,40
"18304","2727王品","110/07/13","玉山-台南",5,57,-52
"18305","2727王品","110/07/13","國票-新莊",40,1,39
"18306","2727王品","110/07/13","新加坡商瑞銀",0,48,-48
"18307","2727王品","110/07/13","第一金-豐原",66,42,24
"18308","2727王品","110/07/13","凱基-台北",41,77,-36
"18309","2727王品","110/07/13","永豐金-大園",34,10,24
"18310","2727王品","110/07/13","永豐金-永康",0,22,-22
"18311","2727王品","110/07/13","元大-北屯",22,0,22
"18312","2727王品","110/07/13","統一-台中",2,22,-20
"18313","2727王品","110/07/13","元大-東蘆",26,7,19
"18314","2727王品","110/07/13","國泰-台中",21,39,-18
"18315","2727王品","110/07/13","永豐金-萬盛",13,1,12
"18316","2727王品","110/07/13","合庫-彰化",3,20,-17
"18317","2727王品","110/07/13","日盛-嘉義",11,0,11
"18318","2727王品","110/07/13","港商野村",13,30,-17
"18319","2727王品","110/07/13","日盛-八德",11,0,11
"18320","2727王品","110/07/13","元大-楊梅",1,16,-15
"18321","2727王品","110/07/13","統一-竹南",11,0,11
"18322","2727王品","110/07/13","凱基-高美館",2,15,-13
"18323","2727王品","110/07/13","日盛-士林",12,2,10
"18324","2727王品","110/07/13","美商高盛",2,14,-12
"18325","2727王品","110/07/13","統一-敦南",10,0,10
"18326","2727王品","110/07/13","統一-平鎮",1,13,-12
"18327","2727王品","110/07/13","中國信託",15,5,10
"18328","2727王品","110/07/13","兆豐-台中港",4,16,-12
"18329","2727王品","110/07/13","兆豐-竹北",13,3,10
"18330","2727王品","110/07/13","凱基-八德",1,13,-12
"18331","1570力肯","110/07/13","新光",115,11,104
"18332","1570力肯","110/07/13","元大-北三重",0,162,-162
"18333","1570力肯","110/07/13","群益金鼎-高雄",54,0,54
"18334","1570力肯","110/07/13","元大-大灣",0,25,-25
"18335","1570力肯","110/07/13","國票-新莊",22,0,22
"18336","1570力肯","110/07/13","永豐金-苓雅",0,22,-22
"18337","1570力肯","110/07/13","日盛-桃園",12,0,12
"18338","1570力肯","110/07/13","永豐金-永康",0,19,-19
"18339","1570力肯","110/07/13","元大-高雄",12,0,12
"18340","1570力肯","110/07/13","富邦-員林",0,15,-15
"18341","1570力肯","110/07/13","合庫-自強",11,0,11
"18342","1570力肯","110/07/13","凱基-台南",0,11,-11
"18343","1570力肯","110/07/13","摩根大通",26,15,11
"18344","1570力肯","110/07/13","日盛-竹北",0,10,-10
"18345","1570力肯","110/07/13","永豐金-中盛",11,0,11
"18346","1570力肯","110/07/13","國票-九鼎",0,10,-10
"18347","1570力肯","110/07/13","兆豐-台中港",10,0,10
"18348","1570力肯","110/07/13","凱基-桃園",0,10,-10
"18349","1570力肯","110/07/13","國泰-松江",9,0,9
"18350","1570力肯","110/07/13","凱基-新豐",0,10,-10
"18351","1570力肯","110/07/13","元大-新盛",9,0,9
"18352","1570力肯","110/07/13","元大-學甲",0,10,-10
"18353","1570力肯","110/07/13","元富-緯城",6,0,6
"18354","1570力肯","110/07/13","群益金鼎-東湖",1,10,-9
"18355","1570力肯","110/07/13","統一-三重",5,0,5
"18356","1570力肯","110/07/13","大昌",0,6,-6
"18357","1570力肯","110/07/13","元大-前金",5,0,5
"18358","1570力肯","110/07/13","元大-土城學府",0,6,-6
"18359","1570力肯","110/07/13","永豐金證券",5,0,5
"18360","1570力肯","110/07/13","統一",0,5,-5
"18361","6180橘子","110/07/13","摩根大通",119,0,119
"18362","6180橘子","110/07/13","元大-崇德",2,61,-59
"18363","6180橘子","110/07/13","美商高盛",96,0,96
"18364","6180橘子","110/07/13","康和-台中",0,51,-51
"18365","6180橘子","110/07/13","新加坡商瑞銀",86,7,79
"18366","6180橘子","110/07/13","康和-台北",0,50,-50
"18367","6180橘子","110/07/13","元大-和平",40,0,40
"18368","6180橘子","110/07/13","元富-潮州",0,40,-40
"18369","6180橘子","110/07/13","凱基-台北",83,47,36
"18370","6180橘子","110/07/13","日盛-永康",0,26,-26
"18371","6180橘子","110/07/13","美林",39,5,34
"18372","6180橘子","110/07/13","永豐金-中正",0,24,-24
"18373","6180橘子","110/07/13","富邦-新竹華信",31,2,29
"18374","6180橘子","110/07/13","國泰-板橋",2,25,-23
"18375","6180橘子","110/07/13","統一-南京",21,0,21
"18376","6180橘子","110/07/13","日盛-大墩",0,20,-20
"18377","6180橘子","110/07/13","富邦-陽明",24,3,21
"18378","6180橘子","110/07/13","元大-草屯",13,32,-19
"18379","6180橘子","110/07/13","大昌-樹林",21,1,20
"18380","6180橘子","110/07/13","元富-林園",1,18,-17
"18381","6180橘子","110/07/13","花旗環球",19,0,19
"18382","6180橘子","110/07/13","新光-新竹",1,18,-17
"18383","6180橘子","110/07/13","華南永昌-台南",19,0,19
"18384","6180橘子","110/07/13","元大-土城永寧",0,17,-17
"18385","6180橘子","110/07/13","福勝",14,0,14
"18386","6180橘子","110/07/13","國泰-新莊",3,19,-16
"18387","6180橘子","110/07/13","富邦-嘉義",12,1,11
"18388","6180橘子","110/07/13","中國信託-永康",6,21,-15
"18389","6180橘子","110/07/13","元大-板橋三民",11,0,11
"18390","6180橘子","110/07/13","凱基-東港",1,15,-14
"18391","2390云辰","110/07/13","新加坡商瑞銀",562,75,487
"18392","2390云辰","110/07/13","大展-台南",0,532,-532
"18393","2390云辰","110/07/13","台灣摩根士丹利",330,155,175
"18394","2390云辰","110/07/13","凱基-台北",668,854,-186
"18395","2390云辰","110/07/13","兆豐-公益",126,25,101
"18396","2390云辰","110/07/13","凱基-三重",12,172,-160
"18397","2390云辰","110/07/13","元富-中港",100,2,98
"18398","2390云辰","110/07/13","兆豐-忠孝",4,161,-157
"18399","2390云辰","110/07/13","統一-新台中",106,9,97
"18400","2390云辰","110/07/13","元大-士林",19,170,-151
"18401","2390云辰","110/07/13","中國信託-松江",81,11,70
"18402","2390云辰","110/07/13","臺銀-新竹",14,117,-103
"18403","2390云辰","110/07/13","日盛-板橋",72,3,69
"18404","2390云辰","110/07/13","國票-台中",4,102,-98
"18405","2390云辰","110/07/13","日盛-和美",57,0,57
"18406","2390云辰","110/07/13","新光",147,232,-85
"18407","2390云辰","110/07/13","永豐金-桃園",88,36,52
"18408","2390云辰","110/07/13","致和-崇德",2,70,-68
"18409","2390云辰","110/07/13","玉山-士林",54,4,50
"18410","2390云辰","110/07/13","群益金鼎-屏東",2,70,-68
"18411","2390云辰","110/07/13","富邦-仁愛",56,6,50
"18412","2390云辰","110/07/13","元大-大里",35,98,-63
"18413","2390云辰","110/07/13","第一金-豐原",50,1,49
"18414","2390云辰","110/07/13","元大-萬華",35,94,-59
"18415","2390云辰","110/07/13","摩根大通",502,453,49
"18416","2390云辰","110/07/13","元富-吉利",2,60,-58
"18417","2390云辰","110/07/13","凱基-松山",61,13,48
"18418","2390云辰","110/07/13","兆豐-新竹",3,53,-50
"18419","2390云辰","110/07/13","大昌",64,22,42
"18420","2390云辰","110/07/13","富邦-嘉義",65,108,-43
"18421","2363矽統","110/07/13","凱基-南崁",2133,63,2070
"18422","2363矽統","110/07/13","凱基-幸福",36,4048,-4012
"18423","2363矽統","110/07/13","國泰-敦南",2195,1617,578
"18424","2363矽統","110/07/13","統一",192,3325,-3133
"18425","2363矽統","110/07/13","中農",670,139,531
"18426","2363矽統","110/07/13","新加坡商瑞銀",1000,2747,-1747
"18427","2363矽統","110/07/13","康和-台中",638,154,484
"18428","2363矽統","110/07/13","凱基-台北",5359,6609,-1250
"18429","2363矽統","110/07/13","群益金鼎-三民",577,137,440
"18430","2363矽統","110/07/13","摩根大通",1930,2858,-928
"18431","2363矽統","110/07/13","台新-屏東",510,88,422
"18432","2363矽統","110/07/13","港商野村",960,1679,-719
"18433","2363矽統","110/07/13","德信-中正",455,67,388
"18434","2363矽統","110/07/13","兆豐-復興",25,705,-680
"18435","2363矽統","110/07/13","日盛-竹北",365,70,295
"18436","2363矽統","110/07/13","統一-仁愛",114,755,-641
"18437","2363矽統","110/07/13","元大-佳里",452,189,263
"18438","2363矽統","110/07/13","統一-敦南",29,638,-609
"18439","2363矽統","110/07/13","國票-博愛",296,38,258
"18440","2363矽統","110/07/13","統一-土城",100,704,-604
"18441","2363矽統","110/07/13","元大-萬華",340,95,245
"18442","2363矽統","110/07/13","統一-城中",116,676,-560
"18443","2363矽統","110/07/13","新光",1259,1031,228
"18444","2363矽統","110/07/13","永豐金證券",306,859,-553
"18445","2363矽統","110/07/13","元富-成功",323,96,227
"18446","2363矽統","110/07/13","元富",54,567,-513
"18447","2363矽統","110/07/13","豐農",228,23,205
"18448","2363矽統","110/07/13","瑞士信貸",202,666,-464
"18449","2363矽統","110/07/13","台灣企銀-岡山",186,4,182
"18450","2363矽統","110/07/13","永豐金-嘉義",67,468,-401
"18451","8112至上","110/07/13","摩根大通",688,296,392
"18452","8112至上","110/07/13","國票-中和",0,401,-401
"18453","8112至上","110/07/13","港商野村",344,145,199
"18454","8112至上","110/07/13","永豐金-板盛",0,205,-205
"18455","8112至上","110/07/13","兆豐-公益",195,5,190
"18456","8112至上","110/07/13","凱基-五股",43,155,-112
"18457","8112至上","110/07/13","台灣摩根士丹利",183,0,183
"18458","8112至上","110/07/13","凱基-市政",0,100,-100
"18459","8112至上","110/07/13","群益金鼎-敦南",153,2,151
"18460","8112至上","110/07/13","元大-大里德芳",1,92,-91
"18461","8112至上","110/07/13","臺銀-金山",146,26,120
"18462","8112至上","110/07/13","玉山-桃園",26,110,-84
"18463","8112至上","110/07/13","臺銀",133,19,114
"18464","8112至上","110/07/13","兆豐-天母",0,81,-81
"18465","8112至上","110/07/13","合庫-台中",115,6,109
"18466","8112至上","110/07/13","凱基-城中",3,84,-81
"18467","8112至上","110/07/13","亞東-板橋",134,26,108
"18468","8112至上","110/07/13","日盛-新莊",9,85,-76
"18469","8112至上","110/07/13","凱基-台北",414,326,88
"18470","8112至上","110/07/13","日盛-台中",2,64,-62
"18471","8112至上","110/07/13","新加坡商瑞銀",181,100,81
"18472","8112至上","110/07/13","日盛-中壢",3,64,-61
"18473","8112至上","110/07/13","國泰-敦南",108,31,77
"18474","8112至上","110/07/13","元大-台中",2,59,-57
"18475","8112至上","110/07/13","第一金-華江",77,4,73
"18476","8112至上","110/07/13","元大-雙和",7,64,-57
"18477","8112至上","110/07/13","永豐金-內湖",73,1,72
"18478","8112至上","110/07/13","元大-高雄",8,62,-54
"18479","8112至上","110/07/13","元大-永和",68,1,67
"18480","8112至上","110/07/13","元大-館前",2,55,-53
"18481","4903聯光通","110/07/13","台灣企銀-太平",56,0,56
"18482","4903聯光通","110/07/13","土銀",0,32,-32
"18483","4903聯光通","110/07/13","元富-新興",23,0,23
"18484","4903聯光通","110/07/13","元大-樹林",0,19,-19
"18485","4903聯光通","110/07/13","日盛-樹林",22,0,22
"18486","4903聯光通","110/07/13","凱基-士林",0,17,-17
"18487","4903聯光通","110/07/13","兆豐-天母",20,0,20
"18488","4903聯光通","110/07/13","國票-博愛",0,14,-14
"18489","4903聯光通","110/07/13","華南永昌-桃園",20,0,20
"18490","4903聯光通","110/07/13","元富",0,10,-10
"18491","4903聯光通","110/07/13","富邦-新店",10,0,10
"18492","4903聯光通","110/07/13","新光",0,10,-10
"18493","4903聯光通","110/07/13","新光-台中",5,0,5
"18494","4903聯光通","110/07/13","玉山-南京東路",0,10,-10
"18495","4903聯光通","110/07/13","華南永昌-台中",5,0,5
"18496","4903聯光通","110/07/13","富邦-陽明",0,10,-10
"18497","4903聯光通","110/07/13","元大-崇德",5,0,5
"18498","4903聯光通","110/07/13","元大-大甲",0,8,-8
"18499","4903聯光通","110/07/13","元大-草屯",5,0,5
"18500","4903聯光通","110/07/13","富邦-台中",0,7,-7
"18501","4903聯光通","110/07/13","元富-草屯",4,0,4
"18502","4903聯光通","110/07/13","凱基-中壢",0,6,-6
"18503","4903聯光通","110/07/13","元大-清水",4,0,4
"18504","4903聯光通","110/07/13","臺銀-民權",0,5,-5
"18505","4903聯光通","110/07/13","元大-東泰",4,0,4
"18506","4903聯光通","110/07/13","日盛-板橋",0,5,-5
"18507","4903聯光通","110/07/13","元大-佳里",2,0,2
"18508","4903聯光通","110/07/13","中國信託-忠孝",0,5,-5
"18509","4903聯光通","110/07/13","永豐金-板橋",2,0,2
"18510","4903聯光通","110/07/13","永豐金-鳳山",0,5,-5
"18511","2929淘帝","110/07/13","玉山-新竹",130,0,130
"18512","2929淘帝","110/07/13","美商高盛",0,177,-177
"18513","2929淘帝","110/07/13","臺銀-民權",60,0,60
"18514","2929淘帝","110/07/13","凱基-台北",6,80,-74
"18515","2929淘帝","110/07/13","新百王",31,0,31
"18516","2929淘帝","110/07/13","元富-大裕",0,49,-49
"18517","2929淘帝","110/07/13","日盛-園區",30,0,30
"18518","2929淘帝","110/07/13","國泰-館前",3,51,-48
"18519","2929淘帝","110/07/13","元大-南投",31,1,30
"18520","2929淘帝","110/07/13","凱基-中壢",0,41,-41
"18521","2929淘帝","110/07/13","兆豐-忠孝",28,0,28
"18522","2929淘帝","110/07/13","港商野村",21,55,-34
"18523","2929淘帝","110/07/13","元大-民生",28,0,28
"18524","2929淘帝","110/07/13","華南永昌-南京",2,34,-32
"18525","2929淘帝","110/07/13","合庫-高雄",27,0,27
"18526","2929淘帝","110/07/13","群益金鼎-土城",0,30,-30
"18527","2929淘帝","110/07/13","凱基-豐中",27,0,27
"18528","2929淘帝","110/07/13","富邦-南屯",0,22,-22
"18529","2929淘帝","110/07/13","新光",21,4,17
"18530","2929淘帝","110/07/13","第一金-豐原",0,20,-20
"18531","2929淘帝","110/07/13","元大-天母",17,0,17
"18532","2929淘帝","110/07/13","元大-屏南",6,26,-20
"18533","2929淘帝","110/07/13","永興",14,0,14
"18534","2929淘帝","110/07/13","永豐金-敦南",1,21,-20
"18535","2929淘帝","110/07/13","富邦-台北",12,0,12
"18536","2929淘帝","110/07/13","凱基-三重",2,21,-19
"18537","2929淘帝","110/07/13","元大-永和",12,0,12
"18538","2929淘帝","110/07/13","富邦-仁愛",7,25,-18
"18539","2929淘帝","110/07/13","國票-天祥",11,0,11
"18540","2929淘帝","110/07/13","元大-北投",0,16,-16
"18541","5410國眾","110/07/13","兆豐-城中",274,0,274
"18542","5410國眾","110/07/13","元富-嘉義",0,103,-103
"18543","5410國眾","110/07/13","新光",50,4,46
"18544","5410國眾","110/07/13","凱基-台北",0,50,-50
"18545","5410國眾","110/07/13","國泰-台中",26,0,26
"18546","5410國眾","110/07/13","瑞士信貸",0,31,-31
"18547","5410國眾","110/07/13","新加坡商瑞銀",22,0,22
"18548","5410國眾","110/07/13","台新-新莊",0,27,-27
"18549","5410國眾","110/07/13","光和-嘉義",20,0,20
"18550","5410國眾","110/07/13","元大-汐止",0,20,-20
"18551","5410國眾","110/07/13","凱基-竹北",17,0,17
"18552","5410國眾","110/07/13","亞東-新竹",0,17,-17
"18553","5410國眾","110/07/13","新光-桃園",15,0,15
"18554","5410國眾","110/07/13","元大-南勢角",0,13,-13
"18555","5410國眾","110/07/13","凱基-台東",14,0,14
"18556","5410國眾","110/07/13","台新-台南",0,12,-12
"18557","5410國眾","110/07/13","富邦-竹北",11,0,11
"18558","5410國眾","110/07/13","中國信託",0,11,-11
"18559","5410國眾","110/07/13","元富-同大",10,0,10
"18560","5410國眾","110/07/13","華南永昌",0,11,-11
"18561","5410國眾","110/07/13","國泰-敦南",24,15,9
"18562","5410國眾","110/07/13","臺銀-臺南",0,10,-10
"18563","5410國眾","110/07/13","日盛-內湖",7,0,7
"18564","5410國眾","110/07/13","台灣企銀-民雄",0,10,-10
"18565","5410國眾","110/07/13","台新-左楠",7,0,7
"18566","5410國眾","110/07/13","高橋",0,10,-10
"18567","5410國眾","110/07/13","元大-新盛",18,12,6
"18568","5410國眾","110/07/13","康和-嘉義",0,10,-10
"18569","5410國眾","110/07/13","統一",5,0,5
"18570","5410國眾","110/07/13","凱基-基隆",0,10,-10
"18571","2841台開","110/07/13","中國信託-高雄",251,50,201
"18572","2841台開","110/07/13","兆豐-公益",0,177,-177
"18573","2841台開","110/07/13","日盛證券",210,13,197
"18574","2841台開","110/07/13","日進",0,152,-152
"18575","2841台開","110/07/13","第一金-台中",55,0,55
"18576","2841台開","110/07/13","港商野村",0,109,-109
"18577","2841台開","110/07/13","國泰-板橋",46,0,46
"18578","2841台開","110/07/13","日盛-信義",0,103,-103
"18579","2841台開","110/07/13","國泰-館前",48,3,45
"18580","2841台開","110/07/13","國泰-敦南",11,75,-64
"18581","2841台開","110/07/13","華南永昌-新莊",45,0,45
"18582","2841台開","110/07/13","永興",0,50,-50
"18583","2841台開","110/07/13","日盛-園區",42,0,42
"18584","2841台開","110/07/13","永豐金-敦南",61,104,-43
"18585","2841台開","110/07/13","台新證券",32,0,32
"18586","2841台開","110/07/13","富邦-台南",0,42,-42
"18587","2841台開","110/07/13","台新-高雄",32,2,30
"18588","2841台開","110/07/13","國票-安和",0,30,-30
"18589","2841台開","110/07/13","豐農",23,0,23
"18590","2841台開","110/07/13","元大-桃園",0,25,-25
"18591","2841台開","110/07/13","合庫-嘉義",20,0,20
"18592","2841台開","110/07/13","新光",8,32,-24
"18593","2841台開","110/07/13","華南永昌-高雄",20,0,20
"18594","2841台開","110/07/13","元大-仁愛",0,24,-24
"18595","2841台開","110/07/13","元大-樹林",16,0,16
"18596","2841台開","110/07/13","日盛-中和",0,20,-20
"18597","2841台開","110/07/13","第一金-華江",15,2,13
"18598","2841台開","110/07/13","元富",0,20,-20
"18599","2841台開","110/07/13","美商高盛",12,0,12
"18600","2841台開","110/07/13","富邦-宜蘭",0,20,-20
"18601","6207雷科","110/07/13","元大-高雄",121,0,121
"18602","6207雷科","110/07/13","華南永昌-朴子",1,60,-59
"18603","6207雷科","110/07/13","第一金-新興",20,0,20
"18604","6207雷科","110/07/13","元大-南海",0,36,-36
"18605","6207雷科","110/07/13","元富-三重",20,0,20
"18606","6207雷科","110/07/13","凱基-土城",0,35,-35
"18607","6207雷科","110/07/13","元大-林園",15,0,15
"18608","6207雷科","110/07/13","台灣企銀",0,20,-20
"18609","6207雷科","110/07/13","元大-金華",16,1,15
"18610","6207雷科","110/07/13","群益金鼎-丹鳳",0,20,-20
"18611","6207雷科","110/07/13","日盛證券",10,0,10
"18612","6207雷科","110/07/13","元大-博愛",0,17,-17
"18613","6207雷科","110/07/13","統一-台中",10,0,10
"18614","6207雷科","110/07/13","元大-北港",0,13,-13
"18615","6207雷科","110/07/13","群益金鼎-土城",10,0,10
"18616","6207雷科","110/07/13","新加坡商瑞銀",0,12,-12
"18617","6207雷科","110/07/13","群益金鼎-桃園",10,0,10
"18618","6207雷科","110/07/13","凱基-台北",4,16,-12
"18619","6207雷科","110/07/13","永豐金-新莊",10,0,10
"18620","6207雷科","110/07/13","日茂-埔里",0,11,-11
"18621","6207雷科","110/07/13","永豐金-新店",10,0,10
"18622","6207雷科","110/07/13","元大-莒光",0,11,-11
"18623","6207雷科","110/07/13","元大證券",9,0,9
"18624","6207雷科","110/07/13","統一-新竹",0,10,-10
"18625","6207雷科","110/07/13","日盛-木柵",9,1,8
"18626","6207雷科","110/07/13","元大-西螺",0,10,-10
"18627","6207雷科","110/07/13","兆豐-來福",8,0,8
"18628","6207雷科","110/07/13","康和-台中",0,8,-8
"18629","6207雷科","110/07/13","新光",7,0,7
"18630","6207雷科","110/07/13","兆豐-高雄",0,6,-6
"18631","3679新至陞","110/07/13","永豐金證券",50,0,50
"18632","3679新至陞","110/07/13","摩根大通",2,25,-23
"18633","3679新至陞","110/07/13","國泰-桃園",22,0,22
"18634","3679新至陞","110/07/13","元大-成功",0,22,-22
"18635","3679新至陞","110/07/13","台中銀-員林",11,0,11
"18636","3679新至陞","110/07/13","富邦-板橋",1,19,-18
"18637","3679新至陞","110/07/13","元大-文心興安",8,0,8
"18638","3679新至陞","110/07/13","日盛-新莊",0,10,-10
"18639","3679新至陞","110/07/13","美商高盛",6,0,6
"18640","3679新至陞","110/07/13","台新-台中",0,10,-10
"18641","3679新至陞","110/07/13","台新-高雄",6,0,6
"18642","3679新至陞","110/07/13","永豐金-新竹",0,8,-8
"18643","3679新至陞","110/07/13","凱基-台北",18,12,6
"18644","3679新至陞","110/07/13","瑞士信貸",12,19,-7
"18645","3679新至陞","110/07/13","日盛-復興",5,0,5
"18646","3679新至陞","110/07/13","統一-南京",0,7,-7
"18647","3679新至陞","110/07/13","(牛牛牛)亞-鑫豐",4,0,4
"18648","3679新至陞","110/07/13","凱基-新莊",0,7,-7
"18649","3679新至陞","110/07/13","元富-大昌",3,0,3
"18650","3679新至陞","110/07/13","新加坡商瑞銀",0,6,-6
"18651","3679新至陞","110/07/13","富邦-台北",3,0,3
"18652","3679新至陞","110/07/13","合庫-自強",0,5,-5
"18653","3679新至陞","110/07/13","日盛-樹林",2,0,2
"18654","3679新至陞","110/07/13","富邦-桃園",0,5,-5
"18655","3679新至陞","110/07/13","宏遠-光隆",2,0,2
"18656","3679新至陞","110/07/13","永豐金-潮州",0,4,-4
"18657","3679新至陞","110/07/13","美林",3,1,2
"18658","3679新至陞","110/07/13","臺銀-臺南",0,3,-3
"18659","3679新至陞","110/07/13","第一金-中壢",2,0,2
"18660","3679新至陞","110/07/13","元大-六合",0,3,-3
"18661","2727王品","110/07/13","富邦-台北",43,3,40
"18662","2727王品","110/07/13","台灣摩根士丹利",15,97,-82
"18663","2727王品","110/07/13","元大-基隆孝二",40,0,40
"18664","2727王品","110/07/13","玉山-台南",5,57,-52
"18665","2727王品","110/07/13","國票-新莊",40,1,39
"18666","2727王品","110/07/13","新加坡商瑞銀",0,48,-48
"18667","2727王品","110/07/13","第一金-豐原",66,42,24
"18668","2727王品","110/07/13","凱基-台北",41,77,-36
"18669","2727王品","110/07/13","永豐金-大園",34,10,24
"18670","2727王品","110/07/13","永豐金-永康",0,22,-22
"18671","2727王品","110/07/13","元大-北屯",22,0,22
"18672","2727王品","110/07/13","統一-台中",2,22,-20
"18673","2727王品","110/07/13","元大-東蘆",26,7,19
"18674","2727王品","110/07/13","國泰-台中",21,39,-18
"18675","2727王品","110/07/13","永豐金-萬盛",13,1,12
"18676","2727王品","110/07/13","合庫-彰化",3,20,-17
"18677","2727王品","110/07/13","日盛-嘉義",11,0,11
"18678","2727王品","110/07/13","港商野村",13,30,-17
"18679","2727王品","110/07/13","日盛-八德",11,0,11
"18680","2727王品","110/07/13","元大-楊梅",1,16,-15
"18681","2727王品","110/07/13","統一-竹南",11,0,11
"18682","2727王品","110/07/13","凱基-高美館",2,15,-13
"18683","2727王品","110/07/13","日盛-士林",12,2,10
"18684","2727王品","110/07/13","美商高盛",2,14,-12
"18685","2727王品","110/07/13","統一-敦南",10,0,10
"18686","2727王品","110/07/13","統一-平鎮",1,13,-12
"18687","2727王品","110/07/13","中國信託",15,5,10
"18688","2727王品","110/07/13","兆豐-台中港",4,16,-12
"18689","2727王品","110/07/13","兆豐-竹北",13,3,10
"18690","2727王品","110/07/13","凱基-八德",1,13,-12
"18691","1570力肯","110/07/13","新光",115,11,104
"18692","1570力肯","110/07/13","元大-北三重",0,162,-162
"18693","1570力肯","110/07/13","群益金鼎-高雄",54,0,54
"18694","1570力肯","110/07/13","元大-大灣",0,25,-25
"18695","1570力肯","110/07/13","國票-新莊",22,0,22
"18696","1570力肯","110/07/13","永豐金-苓雅",0,22,-22
"18697","1570力肯","110/07/13","日盛-桃園",12,0,12
"18698","1570力肯","110/07/13","永豐金-永康",0,19,-19
"18699","1570力肯","110/07/13","元大-高雄",12,0,12
"18700","1570力肯","110/07/13","富邦-員林",0,15,-15
"18701","1570力肯","110/07/13","合庫-自強",11,0,11
"18702","1570力肯","110/07/13","凱基-台南",0,11,-11
"18703","1570力肯","110/07/13","摩根大通",26,15,11
"18704","1570力肯","110/07/13","日盛-竹北",0,10,-10
"18705","1570力肯","110/07/13","永豐金-中盛",11,0,11
"18706","1570力肯","110/07/13","國票-九鼎",0,10,-10
"18707","1570力肯","110/07/13","兆豐-台中港",10,0,10
"18708","1570力肯","110/07/13","凱基-桃園",0,10,-10
"18709","1570力肯","110/07/13","國泰-松江",9,0,9
"18710","1570力肯","110/07/13","凱基-新豐",0,10,-10
"18711","1570力肯","110/07/13","元大-新盛",9,0,9
"18712","1570力肯","110/07/13","元大-學甲",0,10,-10
"18713","1570力肯","110/07/13","元富-緯城",6,0,6
"18714","1570力肯","110/07/13","群益金鼎-東湖",1,10,-9
"18715","1570力肯","110/07/13","統一-三重",5,0,5
"18716","1570力肯","110/07/13","大昌",0,6,-6
"18717","1570力肯","110/07/13","元大-前金",5,0,5
"18718","1570力肯","110/07/13","元大-土城學府",0,6,-6
"18719","1570力肯","110/07/13","永豐金證券",5,0,5
"18720","1570力肯","110/07/13","統一",0,5,-5
"18721","6180橘子","110/07/13","摩根大通",119,0,119
"18722","6180橘子","110/07/13","元大-崇德",2,61,-59
"18723","6180橘子","110/07/13","美商高盛",96,0,96
"18724","6180橘子","110/07/13","康和-台中",0,51,-51
"18725","6180橘子","110/07/13","新加坡商瑞銀",86,7,79
"18726","6180橘子","110/07/13","康和-台北",0,50,-50
"18727","6180橘子","110/07/13","元大-和平",40,0,40
"18728","6180橘子","110/07/13","元富-潮州",0,40,-40
"18729","6180橘子","110/07/13","凱基-台北",83,47,36
"18730","6180橘子","110/07/13","日盛-永康",0,26,-26
"18731","6180橘子","110/07/13","美林",39,5,34
"18732","6180橘子","110/07/13","永豐金-中正",0,24,-24
"18733","6180橘子","110/07/13","富邦-新竹華信",31,2,29
"18734","6180橘子","110/07/13","國泰-板橋",2,25,-23
"18735","6180橘子","110/07/13","統一-南京",21,0,21
"18736","6180橘子","110/07/13","日盛-大墩",0,20,-20
"18737","6180橘子","110/07/13","富邦-陽明",24,3,21
"18738","6180橘子","110/07/13","元大-草屯",13,32,-19
"18739","6180橘子","110/07/13","大昌-樹林",21,1,20
"18740","6180橘子","110/07/13","元富-林園",1,18,-17
"18741","6180橘子","110/07/13","花旗環球",19,0,19
"18742","6180橘子","110/07/13","新光-新竹",1,18,-17
"18743","6180橘子","110/07/13","華南永昌-台南",19,0,19
"18744","6180橘子","110/07/13","元大-土城永寧",0,17,-17
"18745","6180橘子","110/07/13","福勝",14,0,14
"18746","6180橘子","110/07/13","國泰-新莊",3,19,-16
"18747","6180橘子","110/07/13","富邦-嘉義",12,1,11
"18748","6180橘子","110/07/13","中國信託-永康",6,21,-15
"18749","6180橘子","110/07/13","元大-板橋三民",11,0,11
"18750","6180橘子","110/07/13","凱基-東港",1,15,-14
"18751","2390云辰","110/07/13","新加坡商瑞銀",562,75,487
"18752","2390云辰","110/07/13","大展-台南",0,532,-532
"18753","2390云辰","110/07/13","台灣摩根士丹利",330,155,175
"18754","2390云辰","110/07/13","凱基-台北",668,854,-186
"18755","2390云辰","110/07/13","兆豐-公益",126,25,101
"18756","2390云辰","110/07/13","凱基-三重",12,172,-160
"18757","2390云辰","110/07/13","元富-中港",100,2,98
"18758","2390云辰","110/07/13","兆豐-忠孝",4,161,-157
"18759","2390云辰","110/07/13","統一-新台中",106,9,97
"18760","2390云辰","110/07/13","元大-士林",19,170,-151
"18761","2390云辰","110/07/13","中國信託-松江",81,11,70
"18762","2390云辰","110/07/13","臺銀-新竹",14,117,-103
"18763","2390云辰","110/07/13","日盛-板橋",72,3,69
"18764","2390云辰","110/07/13","國票-台中",4,102,-98
"18765","2390云辰","110/07/13","日盛-和美",57,0,57
"18766","2390云辰","110/07/13","新光",147,232,-85
"18767","2390云辰","110/07/13","永豐金-桃園",88,36,52
"18768","2390云辰","110/07/13","致和-崇德",2,70,-68
"18769","2390云辰","110/07/13","玉山-士林",54,4,50
"18770","2390云辰","110/07/13","群益金鼎-屏東",2,70,-68
"18771","2390云辰","110/07/13","富邦-仁愛",56,6,50
"18772","2390云辰","110/07/13","元大-大里",35,98,-63
"18773","2390云辰","110/07/13","第一金-豐原",50,1,49
"18774","2390云辰","110/07/13","元大-萬華",35,94,-59
"18775","2390云辰","110/07/13","摩根大通",502,453,49
"18776","2390云辰","110/07/13","元富-吉利",2,60,-58
"18777","2390云辰","110/07/13","凱基-松山",61,13,48
"18778","2390云辰","110/07/13","兆豐-新竹",3,53,-50
"18779","2390云辰","110/07/13","大昌",64,22,42
"18780","2390云辰","110/07/13","富邦-嘉義",65,108,-43
"18781","2363矽統","110/07/13","凱基-南崁",2133,63,2070
"18782","2363矽統","110/07/13","凱基-幸福",36,4048,-4012
"18783","2363矽統","110/07/13","國泰-敦南",2195,1617,578
"18784","2363矽統","110/07/13","統一",192,3325,-3133
"18785","2363矽統","110/07/13","中農",670,139,531
"18786","2363矽統","110/07/13","新加坡商瑞銀",1000,2747,-1747
"18787","2363矽統","110/07/13","康和-台中",638,154,484
"18788","2363矽統","110/07/13","凱基-台北",5359,6609,-1250
"18789","2363矽統","110/07/13","群益金鼎-三民",577,137,440
"18790","2363矽統","110/07/13","摩根大通",1930,2858,-928
"18791","2363矽統","110/07/13","台新-屏東",510,88,422
"18792","2363矽統","110/07/13","港商野村",960,1679,-719
"18793","2363矽統","110/07/13","德信-中正",455,67,388
"18794","2363矽統","110/07/13","兆豐-復興",25,705,-680
"18795","2363矽統","110/07/13","日盛-竹北",365,70,295
"18796","2363矽統","110/07/13","統一-仁愛",114,755,-641
"18797","2363矽統","110/07/13","元大-佳里",452,189,263
"18798","2363矽統","110/07/13","統一-敦南",29,638,-609
"18799","2363矽統","110/07/13","國票-博愛",296,38,258
"18800","2363矽統","110/07/13","統一-土城",100,704,-604
"18801","2363矽統","110/07/13","元大-萬華",340,95,245
"18802","2363矽統","110/07/13","統一-城中",116,676,-560
"18803","2363矽統","110/07/13","新光",1259,1031,228
"18804","2363矽統","110/07/13","永豐金證券",306,859,-553
"18805","2363矽統","110/07/13","元富-成功",323,96,227
"18806","2363矽統","110/07/13","元富",54,567,-513
"18807","2363矽統","110/07/13","豐農",228,23,205
"18808","2363矽統","110/07/13","瑞士信貸",202,666,-464
"18809","2363矽統","110/07/13","台灣企銀-岡山",186,4,182
"18810","2363矽統","110/07/13","永豐金-嘉義",67,468,-401
"18811","8112至上","110/07/13","摩根大通",688,296,392
"18812","8112至上","110/07/13","國票-中和",0,401,-401
"18813","8112至上","110/07/13","港商野村",344,145,199
"18814","8112至上","110/07/13","永豐金-板盛",0,205,-205
"18815","8112至上","110/07/13","兆豐-公益",195,5,190
"18816","8112至上","110/07/13","凱基-五股",43,155,-112
"18817","8112至上","110/07/13","台灣摩根士丹利",183,0,183
"18818","8112至上","110/07/13","凱基-市政",0,100,-100
"18819","8112至上","110/07/13","群益金鼎-敦南",153,2,151
"18820","8112至上","110/07/13","元大-大里德芳",1,92,-91
"18821","8112至上","110/07/13","臺銀-金山",146,26,120
"18822","8112至上","110/07/13","玉山-桃園",26,110,-84
"18823","8112至上","110/07/13","臺銀",133,19,114
"18824","8112至上","110/07/13","兆豐-天母",0,81,-81
"18825","8112至上","110/07/13","合庫-台中",115,6,109
"18826","8112至上","110/07/13","凱基-城中",3,84,-81
"18827","8112至上","110/07/13","亞東-板橋",134,26,108
"18828","8112至上","110/07/13","日盛-新莊",9,85,-76
"18829","8112至上","110/07/13","凱基-台北",414,326,88
"18830","8112至上","110/07/13","日盛-台中",2,64,-62
"18831","8112至上","110/07/13","新加坡商瑞銀",181,100,81
"18832","8112至上","110/07/13","日盛-中壢",3,64,-61
"18833","8112至上","110/07/13","國泰-敦南",108,31,77
"18834","8112至上","110/07/13","元大-台中",2,59,-57
"18835","8112至上","110/07/13","第一金-華江",77,4,73
"18836","8112至上","110/07/13","元大-雙和",7,64,-57
"18837","8112至上","110/07/13","永豐金-內湖",73,1,72
"18838","8112至上","110/07/13","元大-高雄",8,62,-54
"18839","8112至上","110/07/13","元大-永和",68,1,67
"18840","8112至上","110/07/13","元大-館前",2,55,-53
"18841","4903聯光通","110/07/13","台灣企銀-太平",56,0,56
"18842","4903聯光通","110/07/13","土銀",0,32,-32
"18843","4903聯光通","110/07/13","元富-新興",23,0,23
"18844","4903聯光通","110/07/13","元大-樹林",0,19,-19
"18845","4903聯光通","110/07/13","日盛-樹林",22,0,22
"18846","4903聯光通","110/07/13","凱基-士林",0,17,-17
"18847","4903聯光通","110/07/13","兆豐-天母",20,0,20
"18848","4903聯光通","110/07/13","國票-博愛",0,14,-14
"18849","4903聯光通","110/07/13","華南永昌-桃園",20,0,20
"18850","4903聯光通","110/07/13","元富",0,10,-10
"18851","4903聯光通","110/07/13","富邦-新店",10,0,10
"18852","4903聯光通","110/07/13","新光",0,10,-10
"18853","4903聯光通","110/07/13","新光-台中",5,0,5
"18854","4903聯光通","110/07/13","玉山-南京東路",0,10,-10
"18855","4903聯光通","110/07/13","華南永昌-台中",5,0,5
"18856","4903聯光通","110/07/13","富邦-陽明",0,10,-10
"18857","4903聯光通","110/07/13","元大-崇德",5,0,5
"18858","4903聯光通","110/07/13","元大-大甲",0,8,-8
"18859","4903聯光通","110/07/13","元大-草屯",5,0,5
"18860","4903聯光通","110/07/13","富邦-台中",0,7,-7
"18861","4903聯光通","110/07/13","元富-草屯",4,0,4
"18862","4903聯光通","110/07/13","凱基-中壢",0,6,-6
"18863","4903聯光通","110/07/13","元大-清水",4,0,4
"18864","4903聯光通","110/07/13","臺銀-民權",0,5,-5
"18865","4903聯光通","110/07/13","元大-東泰",4,0,4
"18866","4903聯光通","110/07/13","日盛-板橋",0,5,-5
"18867","4903聯光通","110/07/13","元大-佳里",2,0,2
"18868","4903聯光通","110/07/13","中國信託-忠孝",0,5,-5
"18869","4903聯光通","110/07/13","永豐金-板橋",2,0,2
"18870","4903聯光通","110/07/13","永豐金-鳳山",0,5,-5
"18871","2929淘帝","110/07/13","玉山-新竹",130,0,130
"18872","2929淘帝","110/07/13","美商高盛",0,177,-177
"18873","2929淘帝","110/07/13","臺銀-民權",60,0,60
"18874","2929淘帝","110/07/13","凱基-台北",6,80,-74
"18875","2929淘帝","110/07/13","新百王",31,0,31
"18876","2929淘帝","110/07/13","元富-大裕",0,49,-49
"18877","2929淘帝","110/07/13","日盛-園區",30,0,30
"18878","2929淘帝","110/07/13","國泰-館前",3,51,-48
"18879","2929淘帝","110/07/13","元大-南投",31,1,30
"18880","2929淘帝","110/07/13","凱基-中壢",0,41,-41
"18881","2929淘帝","110/07/13","兆豐-忠孝",28,0,28
"18882","2929淘帝","110/07/13","港商野村",21,55,-34
"18883","2929淘帝","110/07/13","元大-民生",28,0,28
"18884","2929淘帝","110/07/13","華南永昌-南京",2,34,-32
"18885","2929淘帝","110/07/13","合庫-高雄",27,0,27
"18886","2929淘帝","110/07/13","群益金鼎-土城",0,30,-30
"18887","2929淘帝","110/07/13","凱基-豐中",27,0,27
"18888","2929淘帝","110/07/13","富邦-南屯",0,22,-22
"18889","2929淘帝","110/07/13","新光",21,4,17
"18890","2929淘帝","110/07/13","第一金-豐原",0,20,-20
"18891","2929淘帝","110/07/13","元大-天母",17,0,17
"18892","2929淘帝","110/07/13","元大-屏南",6,26,-20
"18893","2929淘帝","110/07/13","永興",14,0,14
"18894","2929淘帝","110/07/13","永豐金-敦南",1,21,-20
"18895","2929淘帝","110/07/13","富邦-台北",12,0,12
"18896","2929淘帝","110/07/13","凱基-三重",2,21,-19
"18897","2929淘帝","110/07/13","元大-永和",12,0,12
"18898","2929淘帝","110/07/13","富邦-仁愛",7,25,-18
"18899","2929淘帝","110/07/13","國票-天祥",11,0,11
"18900","2929淘帝","110/07/13","元大-北投",0,16,-16
"18901","5410國眾","110/07/13","兆豐-城中",274,0,274
"18902","5410國眾","110/07/13","元富-嘉義",0,103,-103
"18903","5410國眾","110/07/13","新光",50,4,46
"18904","5410國眾","110/07/13","凱基-台北",0,50,-50
"18905","5410國眾","110/07/13","國泰-台中",26,0,26
"18906","5410國眾","110/07/13","瑞士信貸",0,31,-31
"18907","5410國眾","110/07/13","新加坡商瑞銀",22,0,22
"18908","5410國眾","110/07/13","台新-新莊",0,27,-27
"18909","5410國眾","110/07/13","光和-嘉義",20,0,20
"18910","5410國眾","110/07/13","元大-汐止",0,20,-20
"18911","5410國眾","110/07/13","凱基-竹北",17,0,17
"18912","5410國眾","110/07/13","亞東-新竹",0,17,-17
"18913","5410國眾","110/07/13","新光-桃園",15,0,15
"18914","5410國眾","110/07/13","元大-南勢角",0,13,-13
"18915","5410國眾","110/07/13","凱基-台東",14,0,14
"18916","5410國眾","110/07/13","台新-台南",0,12,-12
"18917","5410國眾","110/07/13","富邦-竹北",11,0,11
"18918","5410國眾","110/07/13","中國信託",0,11,-11
"18919","5410國眾","110/07/13","元富-同大",10,0,10
"18920","5410國眾","110/07/13","華南永昌",0,11,-11
"18921","5410國眾","110/07/13","國泰-敦南",24,15,9
"18922","5410國眾","110/07/13","臺銀-臺南",0,10,-10
"18923","5410國眾","110/07/13","日盛-內湖",7,0,7
"18924","5410國眾","110/07/13","台灣企銀-民雄",0,10,-10
"18925","5410國眾","110/07/13","台新-左楠",7,0,7
"18926","5410國眾","110/07/13","高橋",0,10,-10
"18927","5410國眾","110/07/13","元大-新盛",18,12,6
"18928","5410國眾","110/07/13","康和-嘉義",0,10,-10
"18929","5410國眾","110/07/13","統一",5,0,5
"18930","5410國眾","110/07/13","凱基-基隆",0,10,-10
"18931","2841台開","110/07/13","中國信託-高雄",251,50,201
"18932","2841台開","110/07/13","兆豐-公益",0,177,-177
"18933","2841台開","110/07/13","日盛證券",210,13,197
"18934","2841台開","110/07/13","日進",0,152,-152
"18935","2841台開","110/07/13","第一金-台中",55,0,55
"18936","2841台開","110/07/13","港商野村",0,109,-109
"18937","2841台開","110/07/13","國泰-板橋",46,0,46
"18938","2841台開","110/07/13","日盛-信義",0,103,-103
"18939","2841台開","110/07/13","國泰-館前",48,3,45
"18940","2841台開","110/07/13","國泰-敦南",11,75,-64
"18941","2841台開","110/07/13","華南永昌-新莊",45,0,45
"18942","2841台開","110/07/13","永興",0,50,-50
"18943","2841台開","110/07/13","日盛-園區",42,0,42
"18944","2841台開","110/07/13","永豐金-敦南",61,104,-43
"18945","2841台開","110/07/13","台新證券",32,0,32
"18946","2841台開","110/07/13","富邦-台南",0,42,-42
"18947","2841台開","110/07/13","台新-高雄",32,2,30
"18948","2841台開","110/07/13","國票-安和",0,30,-30
"18949","2841台開","110/07/13","豐農",23,0,23
"18950","2841台開","110/07/13","元大-桃園",0,25,-25
"18951","2841台開","110/07/13","合庫-嘉義",20,0,20
"18952","2841台開","110/07/13","新光",8,32,-24
"18953","2841台開","110/07/13","華南永昌-高雄",20,0,20
"18954","2841台開","110/07/13","元大-仁愛",0,24,-24
"18955","2841台開","110/07/13","元大-樹林",16,0,16
"18956","2841台開","110/07/13","日盛-中和",0,20,-20
"18957","2841台開","110/07/13","第一金-華江",15,2,13
"18958","2841台開","110/07/13","元富",0,20,-20
"18959","2841台開","110/07/13","美商高盛",12,0,12
"18960","2841台開","110/07/13","富邦-宜蘭",0,20,-20
"18961","6207雷科","110/07/13","元大-高雄",121,0,121
"18962","6207雷科","110/07/13","華南永昌-朴子",1,60,-59
"18963","6207雷科","110/07/13","第一金-新興",20,0,20
"18964","6207雷科","110/07/13","元大-南海",0,36,-36
"18965","6207雷科","110/07/13","元富-三重",20,0,20
"18966","6207雷科","110/07/13","凱基-土城",0,35,-35
"18967","6207雷科","110/07/13","元大-林園",15,0,15
"18968","6207雷科","110/07/13","台灣企銀",0,20,-20
"18969","6207雷科","110/07/13","元大-金華",16,1,15
"18970","6207雷科","110/07/13","群益金鼎-丹鳳",0,20,-20
"18971","6207雷科","110/07/13","日盛證券",10,0,10
"18972","6207雷科","110/07/13","元大-博愛",0,17,-17
"18973","6207雷科","110/07/13","統一-台中",10,0,10
"18974","6207雷科","110/07/13","元大-北港",0,13,-13
"18975","6207雷科","110/07/13","群益金鼎-土城",10,0,10
"18976","6207雷科","110/07/13","新加坡商瑞銀",0,12,-12
"18977","6207雷科","110/07/13","群益金鼎-桃園",10,0,10
"18978","6207雷科","110/07/13","凱基-台北",4,16,-12
"18979","6207雷科","110/07/13","永豐金-新莊",10,0,10
"18980","6207雷科","110/07/13","日茂-埔里",0,11,-11
"18981","6207雷科","110/07/13","永豐金-新店",10,0,10
"18982","6207雷科","110/07/13","元大-莒光",0,11,-11
"18983","6207雷科","110/07/13","元大證券",9,0,9
"18984","6207雷科","110/07/13","統一-新竹",0,10,-10
"18985","6207雷科","110/07/13","日盛-木柵",9,1,8
"18986","6207雷科","110/07/13","元大-西螺",0,10,-10
"18987","6207雷科","110/07/13","兆豐-來福",8,0,8
"18988","6207雷科","110/07/13","康和-台中",0,8,-8
"18989","6207雷科","110/07/13","新光",7,0,7
"18990","6207雷科","110/07/13","兆豐-高雄",0,6,-6
"18991","3679新至陞","110/07/13","永豐金證券",50,0,50
"18992","3679新至陞","110/07/13","摩根大通",2,25,-23
"18993","3679新至陞","110/07/13","國泰-桃園",22,0,22
"18994","3679新至陞","110/07/13","元大-成功",0,22,-22
"18995","3679新至陞","110/07/13","台中銀-員林",11,0,11
"18996","3679新至陞","110/07/13","富邦-板橋",1,19,-18
"18997","3679新至陞","110/07/13","元大-文心興安",8,0,8
"18998","3679新至陞","110/07/13","日盛-新莊",0,10,-10
"18999","3679新至陞","110/07/13","美商高盛",6,0,6
"19000","3679新至陞","110/07/13","台新-台中",0,10,-10
"19001","3679新至陞","110/07/13","台新-高雄",6,0,6
"19002","3679新至陞","110/07/13","永豐金-新竹",0,8,-8
"19003","3679新至陞","110/07/13","凱基-台北",18,12,6
"19004","3679新至陞","110/07/13","瑞士信貸",12,19,-7
"19005","3679新至陞","110/07/13","日盛-復興",5,0,5
"19006","3679新至陞","110/07/13","統一-南京",0,7,-7
"19007","3679新至陞","110/07/13","(牛牛牛)亞-鑫豐",4,0,4
"19008","3679新至陞","110/07/13","凱基-新莊",0,7,-7
"19009","3679新至陞","110/07/13","元富-大昌",3,0,3
"19010","3679新至陞","110/07/13","新加坡商瑞銀",0,6,-6
"19011","3679新至陞","110/07/13","富邦-台北",3,0,3
"19012","3679新至陞","110/07/13","合庫-自強",0,5,-5
"19013","3679新至陞","110/07/13","日盛-樹林",2,0,2
"19014","3679新至陞","110/07/13","富邦-桃園",0,5,-5
"19015","3679新至陞","110/07/13","宏遠-光隆",2,0,2
"19016","3679新至陞","110/07/13","永豐金-潮州",0,4,-4
"19017","3679新至陞","110/07/13","美林",3,1,2
"19018","3679新至陞","110/07/13","臺銀-臺南",0,3,-3
"19019","3679新至陞","110/07/13","第一金-中壢",2,0,2
"19020","3679新至陞","110/07/13","元大-六合",0,3,-3
"19021","2727王品","110/07/13","富邦-台北",43,3,40
"19022","2727王品","110/07/13","台灣摩根士丹利",15,97,-82
"19023","2727王品","110/07/13","元大-基隆孝二",40,0,40
"19024","2727王品","110/07/13","玉山-台南",5,57,-52
"19025","2727王品","110/07/13","國票-新莊",40,1,39
"19026","2727王品","110/07/13","新加坡商瑞銀",0,48,-48
"19027","2727王品","110/07/13","第一金-豐原",66,42,24
"19028","2727王品","110/07/13","凱基-台北",41,77,-36
"19029","2727王品","110/07/13","永豐金-大園",34,10,24
"19030","2727王品","110/07/13","永豐金-永康",0,22,-22
"19031","2727王品","110/07/13","元大-北屯",22,0,22
"19032","2727王品","110/07/13","統一-台中",2,22,-20
"19033","2727王品","110/07/13","元大-東蘆",26,7,19
"19034","2727王品","110/07/13","國泰-台中",21,39,-18
"19035","2727王品","110/07/13","永豐金-萬盛",13,1,12
"19036","2727王品","110/07/13","合庫-彰化",3,20,-17
"19037","2727王品","110/07/13","日盛-嘉義",11,0,11
"19038","2727王品","110/07/13","港商野村",13,30,-17
"19039","2727王品","110/07/13","日盛-八德",11,0,11
"19040","2727王品","110/07/13","元大-楊梅",1,16,-15
"19041","2727王品","110/07/13","統一-竹南",11,0,11
"19042","2727王品","110/07/13","凱基-高美館",2,15,-13
"19043","2727王品","110/07/13","日盛-士林",12,2,10
"19044","2727王品","110/07/13","美商高盛",2,14,-12
"19045","2727王品","110/07/13","統一-敦南",10,0,10
"19046","2727王品","110/07/13","統一-平鎮",1,13,-12
"19047","2727王品","110/07/13","中國信託",15,5,10
"19048","2727王品","110/07/13","兆豐-台中港",4,16,-12
"19049","2727王品","110/07/13","兆豐-竹北",13,3,10
"19050","2727王品","110/07/13","凱基-八德",1,13,-12
"19051","1570力肯","110/07/13","新光",115,11,104
"19052","1570力肯","110/07/13","元大-北三重",0,162,-162
"19053","1570力肯","110/07/13","群益金鼎-高雄",54,0,54
"19054","1570力肯","110/07/13","元大-大灣",0,25,-25
"19055","1570力肯","110/07/13","國票-新莊",22,0,22
"19056","1570力肯","110/07/13","永豐金-苓雅",0,22,-22
"19057","1570力肯","110/07/13","日盛-桃園",12,0,12
"19058","1570力肯","110/07/13","永豐金-永康",0,19,-19
"19059","1570力肯","110/07/13","元大-高雄",12,0,12
"19060","1570力肯","110/07/13","富邦-員林",0,15,-15
"19061","1570力肯","110/07/13","合庫-自強",11,0,11
"19062","1570力肯","110/07/13","凱基-台南",0,11,-11
"19063","1570力肯","110/07/13","摩根大通",26,15,11
"19064","1570力肯","110/07/13","日盛-竹北",0,10,-10
"19065","1570力肯","110/07/13","永豐金-中盛",11,0,11
"19066","1570力肯","110/07/13","國票-九鼎",0,10,-10
"19067","1570力肯","110/07/13","兆豐-台中港",10,0,10
"19068","1570力肯","110/07/13","凱基-桃園",0,10,-10
"19069","1570力肯","110/07/13","國泰-松江",9,0,9
"19070","1570力肯","110/07/13","凱基-新豐",0,10,-10
"19071","1570力肯","110/07/13","元大-新盛",9,0,9
"19072","1570力肯","110/07/13","元大-學甲",0,10,-10
"19073","1570力肯","110/07/13","元富-緯城",6,0,6
"19074","1570力肯","110/07/13","群益金鼎-東湖",1,10,-9
"19075","1570力肯","110/07/13","統一-三重",5,0,5
"19076","1570力肯","110/07/13","大昌",0,6,-6
"19077","1570力肯","110/07/13","元大-前金",5,0,5
"19078","1570力肯","110/07/13","元大-土城學府",0,6,-6
"19079","1570力肯","110/07/13","永豐金證券",5,0,5
"19080","1570力肯","110/07/13","統一",0,5,-5
"19081","6180橘子","110/07/13","摩根大通",119,0,119
"19082","6180橘子","110/07/13","元大-崇德",2,61,-59
"19083","6180橘子","110/07/13","美商高盛",96,0,96
"19084","6180橘子","110/07/13","康和-台中",0,51,-51
"19085","6180橘子","110/07/13","新加坡商瑞銀",86,7,79
"19086","6180橘子","110/07/13","康和-台北",0,50,-50
"19087","6180橘子","110/07/13","元大-和平",40,0,40
"19088","6180橘子","110/07/13","元富-潮州",0,40,-40
"19089","6180橘子","110/07/13","凱基-台北",83,47,36
"19090","6180橘子","110/07/13","日盛-永康",0,26,-26
"19091","6180橘子","110/07/13","美林",39,5,34
"19092","6180橘子","110/07/13","永豐金-中正",0,24,-24
"19093","6180橘子","110/07/13","富邦-新竹華信",31,2,29
"19094","6180橘子","110/07/13","國泰-板橋",2,25,-23
"19095","6180橘子","110/07/13","統一-南京",21,0,21
"19096","6180橘子","110/07/13","日盛-大墩",0,20,-20
"19097","6180橘子","110/07/13","富邦-陽明",24,3,21
"19098","6180橘子","110/07/13","元大-草屯",13,32,-19
"19099","6180橘子","110/07/13","大昌-樹林",21,1,20
"19100","6180橘子","110/07/13","元富-林園",1,18,-17
"19101","6180橘子","110/07/13","花旗環球",19,0,19
"19102","6180橘子","110/07/13","新光-新竹",1,18,-17
"19103","6180橘子","110/07/13","華南永昌-台南",19,0,19
"19104","6180橘子","110/07/13","元大-土城永寧",0,17,-17
"19105","6180橘子","110/07/13","福勝",14,0,14
"19106","6180橘子","110/07/13","國泰-新莊",3,19,-16
"19107","6180橘子","110/07/13","富邦-嘉義",12,1,11
"19108","6180橘子","110/07/13","中國信託-永康",6,21,-15
"19109","6180橘子","110/07/13","元大-板橋三民",11,0,11
"19110","6180橘子","110/07/13","凱基-東港",1,15,-14
"19111","2390云辰","110/07/13","新加坡商瑞銀",562,75,487
"19112","2390云辰","110/07/13","大展-台南",0,532,-532
"19113","2390云辰","110/07/13","台灣摩根士丹利",330,155,175
"19114","2390云辰","110/07/13","凱基-台北",668,854,-186
"19115","2390云辰","110/07/13","兆豐-公益",126,25,101
"19116","2390云辰","110/07/13","凱基-三重",12,172,-160
"19117","2390云辰","110/07/13","元富-中港",100,2,98
"19118","2390云辰","110/07/13","兆豐-忠孝",4,161,-157
"19119","2390云辰","110/07/13","統一-新台中",106,9,97
"19120","2390云辰","110/07/13","元大-士林",19,170,-151
"19121","2390云辰","110/07/13","中國信託-松江",81,11,70
"19122","2390云辰","110/07/13","臺銀-新竹",14,117,-103
"19123","2390云辰","110/07/13","日盛-板橋",72,3,69
"19124","2390云辰","110/07/13","國票-台中",4,102,-98
"19125","2390云辰","110/07/13","日盛-和美",57,0,57
"19126","2390云辰","110/07/13","新光",147,232,-85
"19127","2390云辰","110/07/13","永豐金-桃園",88,36,52
"19128","2390云辰","110/07/13","致和-崇德",2,70,-68
"19129","2390云辰","110/07/13","玉山-士林",54,4,50
"19130","2390云辰","110/07/13","群益金鼎-屏東",2,70,-68
"19131","2390云辰","110/07/13","富邦-仁愛",56,6,50
"19132","2390云辰","110/07/13","元大-大里",35,98,-63
"19133","2390云辰","110/07/13","第一金-豐原",50,1,49
"19134","2390云辰","110/07/13","元大-萬華",35,94,-59
"19135","2390云辰","110/07/13","摩根大通",502,453,49
"19136","2390云辰","110/07/13","元富-吉利",2,60,-58
"19137","2390云辰","110/07/13","凱基-松山",61,13,48
"19138","2390云辰","110/07/13","兆豐-新竹",3,53,-50
"19139","2390云辰","110/07/13","大昌",64,22,42
"19140","2390云辰","110/07/13","富邦-嘉義",65,108,-43
"19141","2363矽統","110/07/13","凱基-南崁",2133,63,2070
"19142","2363矽統","110/07/13","凱基-幸福",36,4048,-4012
"19143","2363矽統","110/07/13","國泰-敦南",2195,1617,578
"19144","2363矽統","110/07/13","統一",192,3325,-3133
"19145","2363矽統","110/07/13","中農",670,139,531
"19146","2363矽統","110/07/13","新加坡商瑞銀",1000,2747,-1747
"19147","2363矽統","110/07/13","康和-台中",638,154,484
"19148","2363矽統","110/07/13","凱基-台北",5359,6609,-1250
"19149","2363矽統","110/07/13","群益金鼎-三民",577,137,440
"19150","2363矽統","110/07/13","摩根大通",1930,2858,-928
"19151","2363矽統","110/07/13","台新-屏東",510,88,422
"19152","2363矽統","110/07/13","港商野村",960,1679,-719
"19153","2363矽統","110/07/13","德信-中正",455,67,388
"19154","2363矽統","110/07/13","兆豐-復興",25,705,-680
"19155","2363矽統","110/07/13","日盛-竹北",365,70,295
"19156","2363矽統","110/07/13","統一-仁愛",114,755,-641
"19157","2363矽統","110/07/13","元大-佳里",452,189,263
"19158","2363矽統","110/07/13","統一-敦南",29,638,-609
"19159","2363矽統","110/07/13","國票-博愛",296,38,258
"19160","2363矽統","110/07/13","統一-土城",100,704,-604
"19161","2363矽統","110/07/13","元大-萬華",340,95,245
"19162","2363矽統","110/07/13","統一-城中",116,676,-560
"19163","2363矽統","110/07/13","新光",1259,1031,228
"19164","2363矽統","110/07/13","永豐金證券",306,859,-553
"19165","2363矽統","110/07/13","元富-成功",323,96,227
"19166","2363矽統","110/07/13","元富",54,567,-513
"19167","2363矽統","110/07/13","豐農",228,23,205
"19168","2363矽統","110/07/13","瑞士信貸",202,666,-464
"19169","2363矽統","110/07/13","台灣企銀-岡山",186,4,182
"19170","2363矽統","110/07/13","永豐金-嘉義",67,468,-401
"19171","8112至上","110/07/13","摩根大通",688,296,392
"19172","8112至上","110/07/13","國票-中和",0,401,-401
"19173","8112至上","110/07/13","港商野村",344,145,199
"19174","8112至上","110/07/13","永豐金-板盛",0,205,-205
"19175","8112至上","110/07/13","兆豐-公益",195,5,190
"19176","8112至上","110/07/13","凱基-五股",43,155,-112
"19177","8112至上","110/07/13","台灣摩根士丹利",183,0,183
"19178","8112至上","110/07/13","凱基-市政",0,100,-100
"19179","8112至上","110/07/13","群益金鼎-敦南",153,2,151
"19180","8112至上","110/07/13","元大-大里德芳",1,92,-91
"19181","8112至上","110/07/13","臺銀-金山",146,26,120
"19182","8112至上","110/07/13","玉山-桃園",26,110,-84
"19183","8112至上","110/07/13","臺銀",133,19,114
"19184","8112至上","110/07/13","兆豐-天母",0,81,-81
"19185","8112至上","110/07/13","合庫-台中",115,6,109
"19186","8112至上","110/07/13","凱基-城中",3,84,-81
"19187","8112至上","110/07/13","亞東-板橋",134,26,108
"19188","8112至上","110/07/13","日盛-新莊",9,85,-76
"19189","8112至上","110/07/13","凱基-台北",414,326,88
"19190","8112至上","110/07/13","日盛-台中",2,64,-62
"19191","8112至上","110/07/13","新加坡商瑞銀",181,100,81
"19192","8112至上","110/07/13","日盛-中壢",3,64,-61
"19193","8112至上","110/07/13","國泰-敦南",108,31,77
"19194","8112至上","110/07/13","元大-台中",2,59,-57
"19195","8112至上","110/07/13","第一金-華江",77,4,73
"19196","8112至上","110/07/13","元大-雙和",7,64,-57
"19197","8112至上","110/07/13","永豐金-內湖",73,1,72
"19198","8112至上","110/07/13","元大-高雄",8,62,-54
"19199","8112至上","110/07/13","元大-永和",68,1,67
"19200","8112至上","110/07/13","元大-館前",2,55,-53
"19201","4903聯光通","110/07/13","台灣企銀-太平",56,0,56
"19202","4903聯光通","110/07/13","土銀",0,32,-32
"19203","4903聯光通","110/07/13","元富-新興",23,0,23
"19204","4903聯光通","110/07/13","元大-樹林",0,19,-19
"19205","4903聯光通","110/07/13","日盛-樹林",22,0,22
"19206","4903聯光通","110/07/13","凱基-士林",0,17,-17
"19207","4903聯光通","110/07/13","兆豐-天母",20,0,20
"19208","4903聯光通","110/07/13","國票-博愛",0,14,-14
"19209","4903聯光通","110/07/13","華南永昌-桃園",20,0,20
"19210","4903聯光通","110/07/13","元富",0,10,-10
"19211","4903聯光通","110/07/13","富邦-新店",10,0,10
"19212","4903聯光通","110/07/13","新光",0,10,-10
"19213","4903聯光通","110/07/13","新光-台中",5,0,5
"19214","4903聯光通","110/07/13","玉山-南京東路",0,10,-10
"19215","4903聯光通","110/07/13","華南永昌-台中",5,0,5
"19216","4903聯光通","110/07/13","富邦-陽明",0,10,-10
"19217","4903聯光通","110/07/13","元大-崇德",5,0,5
"19218","4903聯光通","110/07/13","元大-大甲",0,8,-8
"19219","4903聯光通","110/07/13","元大-草屯",5,0,5
"19220","4903聯光通","110/07/13","富邦-台中",0,7,-7
"19221","4903聯光通","110/07/13","元富-草屯",4,0,4
"19222","4903聯光通","110/07/13","凱基-中壢",0,6,-6
"19223","4903聯光通","110/07/13","元大-清水",4,0,4
"19224","4903聯光通","110/07/13","臺銀-民權",0,5,-5
"19225","4903聯光通","110/07/13","元大-東泰",4,0,4
"19226","4903聯光通","110/07/13","日盛-板橋",0,5,-5
"19227","4903聯光通","110/07/13","元大-佳里",2,0,2
"19228","4903聯光通","110/07/13","中國信託-忠孝",0,5,-5
"19229","4903聯光通","110/07/13","永豐金-板橋",2,0,2
"19230","4903聯光通","110/07/13","永豐金-鳳山",0,5,-5
"19231","2929淘帝","110/07/13","玉山-新竹",130,0,130
"19232","2929淘帝","110/07/13","美商高盛",0,177,-177
"19233","2929淘帝","110/07/13","臺銀-民權",60,0,60
"19234","2929淘帝","110/07/13","凱基-台北",6,80,-74
"19235","2929淘帝","110/07/13","新百王",31,0,31
"19236","2929淘帝","110/07/13","元富-大裕",0,49,-49
"19237","2929淘帝","110/07/13","日盛-園區",30,0,30
"19238","2929淘帝","110/07/13","國泰-館前",3,51,-48
"19239","2929淘帝","110/07/13","元大-南投",31,1,30
"19240","2929淘帝","110/07/13","凱基-中壢",0,41,-41
"19241","2929淘帝","110/07/13","兆豐-忠孝",28,0,28
"19242","2929淘帝","110/07/13","港商野村",21,55,-34
"19243","2929淘帝","110/07/13","元大-民生",28,0,28
"19244","2929淘帝","110/07/13","華南永昌-南京",2,34,-32
"19245","2929淘帝","110/07/13","合庫-高雄",27,0,27
"19246","2929淘帝","110/07/13","群益金鼎-土城",0,30,-30
"19247","2929淘帝","110/07/13","凱基-豐中",27,0,27
"19248","2929淘帝","110/07/13","富邦-南屯",0,22,-22
"19249","2929淘帝","110/07/13","新光",21,4,17
"19250","2929淘帝","110/07/13","第一金-豐原",0,20,-20
"19251","2929淘帝","110/07/13","元大-天母",17,0,17
"19252","2929淘帝","110/07/13","元大-屏南",6,26,-20
"19253","2929淘帝","110/07/13","永興",14,0,14
"19254","2929淘帝","110/07/13","永豐金-敦南",1,21,-20
"19255","2929淘帝","110/07/13","富邦-台北",12,0,12
"19256","2929淘帝","110/07/13","凱基-三重",2,21,-19
"19257","2929淘帝","110/07/13","元大-永和",12,0,12
"19258","2929淘帝","110/07/13","富邦-仁愛",7,25,-18
"19259","2929淘帝","110/07/13","國票-天祥",11,0,11
"19260","2929淘帝","110/07/13","元大-北投",0,16,-16
"19261","5410國眾","110/07/13","兆豐-城中",274,0,274
"19262","5410國眾","110/07/13","元富-嘉義",0,103,-103
"19263","5410國眾","110/07/13","新光",50,4,46
"19264","5410國眾","110/07/13","凱基-台北",0,50,-50
"19265","5410國眾","110/07/13","國泰-台中",26,0,26
"19266","5410國眾","110/07/13","瑞士信貸",0,31,-31
"19267","5410國眾","110/07/13","新加坡商瑞銀",22,0,22
"19268","5410國眾","110/07/13","台新-新莊",0,27,-27
"19269","5410國眾","110/07/13","光和-嘉義",20,0,20
"19270","5410國眾","110/07/13","元大-汐止",0,20,-20
"19271","5410國眾","110/07/13","凱基-竹北",17,0,17
"19272","5410國眾","110/07/13","亞東-新竹",0,17,-17
"19273","5410國眾","110/07/13","新光-桃園",15,0,15
"19274","5410國眾","110/07/13","元大-南勢角",0,13,-13
"19275","5410國眾","110/07/13","凱基-台東",14,0,14
"19276","5410國眾","110/07/13","台新-台南",0,12,-12
"19277","5410國眾","110/07/13","富邦-竹北",11,0,11
"19278","5410國眾","110/07/13","中國信託",0,11,-11
"19279","5410國眾","110/07/13","元富-同大",10,0,10
"19280","5410國眾","110/07/13","華南永昌",0,11,-11
"19281","5410國眾","110/07/13","國泰-敦南",24,15,9
"19282","5410國眾","110/07/13","臺銀-臺南",0,10,-10
"19283","5410國眾","110/07/13","日盛-內湖",7,0,7
"19284","5410國眾","110/07/13","台灣企銀-民雄",0,10,-10
"19285","5410國眾","110/07/13","台新-左楠",7,0,7
"19286","5410國眾","110/07/13","高橋",0,10,-10
"19287","5410國眾","110/07/13","元大-新盛",18,12,6
"19288","5410國眾","110/07/13","康和-嘉義",0,10,-10
"19289","5410國眾","110/07/13","統一",5,0,5
"19290","5410國眾","110/07/13","凱基-基隆",0,10,-10
"19291","2841台開","110/07/13","中國信託-高雄",251,50,201
"19292","2841台開","110/07/13","兆豐-公益",0,177,-177
"19293","2841台開","110/07/13","日盛證券",210,13,197
"19294","2841台開","110/07/13","日進",0,152,-152
"19295","2841台開","110/07/13","第一金-台中",55,0,55
"19296","2841台開","110/07/13","港商野村",0,109,-109
"19297","2841台開","110/07/13","國泰-板橋",46,0,46
"19298","2841台開","110/07/13","日盛-信義",0,103,-103
"19299","2841台開","110/07/13","國泰-館前",48,3,45
"19300","2841台開","110/07/13","國泰-敦南",11,75,-64
"19301","2841台開","110/07/13","華南永昌-新莊",45,0,45
"19302","2841台開","110/07/13","永興",0,50,-50
"19303","2841台開","110/07/13","日盛-園區",42,0,42
"19304","2841台開","110/07/13","永豐金-敦南",61,104,-43
"19305","2841台開","110/07/13","台新證券",32,0,32
"19306","2841台開","110/07/13","富邦-台南",0,42,-42
"19307","2841台開","110/07/13","台新-高雄",32,2,30
"19308","2841台開","110/07/13","國票-安和",0,30,-30
"19309","2841台開","110/07/13","豐農",23,0,23
"19310","2841台開","110/07/13","元大-桃園",0,25,-25
"19311","2841台開","110/07/13","合庫-嘉義",20,0,20
"19312","2841台開","110/07/13","新光",8,32,-24
"19313","2841台開","110/07/13","華南永昌-高雄",20,0,20
"19314","2841台開","110/07/13","元大-仁愛",0,24,-24
"19315","2841台開","110/07/13","元大-樹林",16,0,16
"19316","2841台開","110/07/13","日盛-中和",0,20,-20
"19317","2841台開","110/07/13","第一金-華江",15,2,13
"19318","2841台開","110/07/13","元富",0,20,-20
"19319","2841台開","110/07/13","美商高盛",12,0,12
"19320","2841台開","110/07/13","富邦-宜蘭",0,20,-20
"19321","6207雷科","110/07/13","元大-高雄",121,0,121
"19322","6207雷科","110/07/13","華南永昌-朴子",1,60,-59
"19323","6207雷科","110/07/13","第一金-新興",20,0,20
"19324","6207雷科","110/07/13","元大-南海",0,36,-36
"19325","6207雷科","110/07/13","元富-三重",20,0,20
"19326","6207雷科","110/07/13","凱基-土城",0,35,-35
"19327","6207雷科","110/07/13","元大-林園",15,0,15
"19328","6207雷科","110/07/13","台灣企銀",0,20,-20
"19329","6207雷科","110/07/13","元大-金華",16,1,15
"19330","6207雷科","110/07/13","群益金鼎-丹鳳",0,20,-20
"19331","6207雷科","110/07/13","日盛證券",10,0,10
"19332","6207雷科","110/07/13","元大-博愛",0,17,-17
"19333","6207雷科","110/07/13","統一-台中",10,0,10
"19334","6207雷科","110/07/13","元大-北港",0,13,-13
"19335","6207雷科","110/07/13","群益金鼎-土城",10,0,10
"19336","6207雷科","110/07/13","新加坡商瑞銀",0,12,-12
"19337","6207雷科","110/07/13","群益金鼎-桃園",10,0,10
"19338","6207雷科","110/07/13","凱基-台北",4,16,-12
"19339","6207雷科","110/07/13","永豐金-新莊",10,0,10
"19340","6207雷科","110/07/13","日茂-埔里",0,11,-11
"19341","6207雷科","110/07/13","永豐金-新店",10,0,10
"19342","6207雷科","110/07/13","元大-莒光",0,11,-11
"19343","6207雷科","110/07/13","元大證券",9,0,9
"19344","6207雷科","110/07/13","統一-新竹",0,10,-10
"19345","6207雷科","110/07/13","日盛-木柵",9,1,8
"19346","6207雷科","110/07/13","元大-西螺",0,10,-10
"19347","6207雷科","110/07/13","兆豐-來福",8,0,8
"19348","6207雷科","110/07/13","康和-台中",0,8,-8
"19349","6207雷科","110/07/13","新光",7,0,7
"19350","6207雷科","110/07/13","兆豐-高雄",0,6,-6
"19351","3679新至陞","110/07/13","永豐金證券",50,0,50
"19352","3679新至陞","110/07/13","摩根大通",2,25,-23
"19353","3679新至陞","110/07/13","國泰-桃園",22,0,22
"19354","3679新至陞","110/07/13","元大-成功",0,22,-22
"19355","3679新至陞","110/07/13","台中銀-員林",11,0,11
"19356","3679新至陞","110/07/13","富邦-板橋",1,19,-18
"19357","3679新至陞","110/07/13","元大-文心興安",8,0,8
"19358","3679新至陞","110/07/13","日盛-新莊",0,10,-10
"19359","3679新至陞","110/07/13","美商高盛",6,0,6
"19360","3679新至陞","110/07/13","台新-台中",0,10,-10
"19361","3679新至陞","110/07/13","台新-高雄",6,0,6
"19362","3679新至陞","110/07/13","永豐金-新竹",0,8,-8
"19363","3679新至陞","110/07/13","凱基-台北",18,12,6
"19364","3679新至陞","110/07/13","瑞士信貸",12,19,-7
"19365","3679新至陞","110/07/13","日盛-復興",5,0,5
"19366","3679新至陞","110/07/13","統一-南京",0,7,-7
"19367","3679新至陞","110/07/13","(牛牛牛)亞-鑫豐",4,0,4
"19368","3679新至陞","110/07/13","凱基-新莊",0,7,-7
"19369","3679新至陞","110/07/13","元富-大昌",3,0,3
"19370","3679新至陞","110/07/13","新加坡商瑞銀",0,6,-6
"19371","3679新至陞","110/07/13","富邦-台北",3,0,3
"19372","3679新至陞","110/07/13","合庫-自強",0,5,-5
"19373","3679新至陞","110/07/13","日盛-樹林",2,0,2
"19374","3679新至陞","110/07/13","富邦-桃園",0,5,-5
"19375","3679新至陞","110/07/13","宏遠-光隆",2,0,2
"19376","3679新至陞","110/07/13","永豐金-潮州",0,4,-4
"19377","3679新至陞","110/07/13","美林",3,1,2
"19378","3679新至陞","110/07/13","臺銀-臺南",0,3,-3
"19379","3679新至陞","110/07/13","第一金-中壢",2,0,2
"19380","3679新至陞","110/07/13","元大-六合",0,3,-3
"19381","2727王品","110/07/13","富邦-台北",43,3,40
"19382","2727王品","110/07/13","台灣摩根士丹利",15,97,-82
"19383","2727王品","110/07/13","元大-基隆孝二",40,0,40
"19384","2727王品","110/07/13","玉山-台南",5,57,-52
"19385","2727王品","110/07/13","國票-新莊",40,1,39
"19386","2727王品","110/07/13","新加坡商瑞銀",0,48,-48
"19387","2727王品","110/07/13","第一金-豐原",66,42,24
"19388","2727王品","110/07/13","凱基-台北",41,77,-36
"19389","2727王品","110/07/13","永豐金-大園",34,10,24
"19390","2727王品","110/07/13","永豐金-永康",0,22,-22
"19391","2727王品","110/07/13","元大-北屯",22,0,22
"19392","2727王品","110/07/13","統一-台中",2,22,-20
"19393","2727王品","110/07/13","元大-東蘆",26,7,19
"19394","2727王品","110/07/13","國泰-台中",21,39,-18
"19395","2727王品","110/07/13","永豐金-萬盛",13,1,12
"19396","2727王品","110/07/13","合庫-彰化",3,20,-17
"19397","2727王品","110/07/13","日盛-嘉義",11,0,11
"19398","2727王品","110/07/13","港商野村",13,30,-17
"19399","2727王品","110/07/13","日盛-八德",11,0,11
"19400","2727王品","110/07/13","元大-楊梅",1,16,-15
"19401","2727王品","110/07/13","統一-竹南",11,0,11
"19402","2727王品","110/07/13","凱基-高美館",2,15,-13
"19403","2727王品","110/07/13","日盛-士林",12,2,10
"19404","2727王品","110/07/13","美商高盛",2,14,-12
"19405","2727王品","110/07/13","統一-敦南",10,0,10
"19406","2727王品","110/07/13","統一-平鎮",1,13,-12
"19407","2727王品","110/07/13","中國信託",15,5,10
"19408","2727王品","110/07/13","兆豐-台中港",4,16,-12
"19409","2727王品","110/07/13","兆豐-竹北",13,3,10
"19410","2727王品","110/07/13","凱基-八德",1,13,-12
"19411","1570力肯","110/07/13","新光",115,11,104
"19412","1570力肯","110/07/13","元大-北三重",0,162,-162
"19413","1570力肯","110/07/13","群益金鼎-高雄",54,0,54
"19414","1570力肯","110/07/13","元大-大灣",0,25,-25
"19415","1570力肯","110/07/13","國票-新莊",22,0,22
"19416","1570力肯","110/07/13","永豐金-苓雅",0,22,-22
"19417","1570力肯","110/07/13","日盛-桃園",12,0,12
"19418","1570力肯","110/07/13","永豐金-永康",0,19,-19
"19419","1570力肯","110/07/13","元大-高雄",12,0,12
"19420","1570力肯","110/07/13","富邦-員林",0,15,-15
"19421","1570力肯","110/07/13","合庫-自強",11,0,11
"19422","1570力肯","110/07/13","凱基-台南",0,11,-11
"19423","1570力肯","110/07/13","摩根大通",26,15,11
"19424","1570力肯","110/07/13","日盛-竹北",0,10,-10
"19425","1570力肯","110/07/13","永豐金-中盛",11,0,11
"19426","1570力肯","110/07/13","國票-九鼎",0,10,-10
"19427","1570力肯","110/07/13","兆豐-台中港",10,0,10
"19428","1570力肯","110/07/13","凱基-桃園",0,10,-10
"19429","1570力肯","110/07/13","國泰-松江",9,0,9
"19430","1570力肯","110/07/13","凱基-新豐",0,10,-10
"19431","1570力肯","110/07/13","元大-新盛",9,0,9
"19432","1570力肯","110/07/13","元大-學甲",0,10,-10
"19433","1570力肯","110/07/13","元富-緯城",6,0,6
"19434","1570力肯","110/07/13","群益金鼎-東湖",1,10,-9
"19435","1570力肯","110/07/13","統一-三重",5,0,5
"19436","1570力肯","110/07/13","大昌",0,6,-6
"19437","1570力肯","110/07/13","元大-前金",5,0,5
"19438","1570力肯","110/07/13","元大-土城學府",0,6,-6
"19439","1570力肯","110/07/13","永豐金證券",5,0,5
"19440","1570力肯","110/07/13","統一",0,5,-5
"19441","6180橘子","110/07/13","摩根大通",119,0,119
"19442","6180橘子","110/07/13","元大-崇德",2,61,-59
"19443","6180橘子","110/07/13","美商高盛",96,0,96
"19444","6180橘子","110/07/13","康和-台中",0,51,-51
"19445","6180橘子","110/07/13","新加坡商瑞銀",86,7,79
"19446","6180橘子","110/07/13","康和-台北",0,50,-50
"19447","6180橘子","110/07/13","元大-和平",40,0,40
"19448","6180橘子","110/07/13","元富-潮州",0,40,-40
"19449","6180橘子","110/07/13","凱基-台北",83,47,36
"19450","6180橘子","110/07/13","日盛-永康",0,26,-26
"19451","6180橘子","110/07/13","美林",39,5,34
"19452","6180橘子","110/07/13","永豐金-中正",0,24,-24
"19453","6180橘子","110/07/13","富邦-新竹華信",31,2,29
"19454","6180橘子","110/07/13","國泰-板橋",2,25,-23
"19455","6180橘子","110/07/13","統一-南京",21,0,21
"19456","6180橘子","110/07/13","日盛-大墩",0,20,-20
"19457","6180橘子","110/07/13","富邦-陽明",24,3,21
"19458","6180橘子","110/07/13","元大-草屯",13,32,-19
"19459","6180橘子","110/07/13","大昌-樹林",21,1,20
"19460","6180橘子","110/07/13","元富-林園",1,18,-17
"19461","6180橘子","110/07/13","花旗環球",19,0,19
"19462","6180橘子","110/07/13","新光-新竹",1,18,-17
"19463","6180橘子","110/07/13","華南永昌-台南",19,0,19
"19464","6180橘子","110/07/13","元大-土城永寧",0,17,-17
"19465","6180橘子","110/07/13","福勝",14,0,14
"19466","6180橘子","110/07/13","國泰-新莊",3,19,-16
"19467","6180橘子","110/07/13","富邦-嘉義",12,1,11
"19468","6180橘子","110/07/13","中國信託-永康",6,21,-15
"19469","6180橘子","110/07/13","元大-板橋三民",11,0,11
"19470","6180橘子","110/07/13","凱基-東港",1,15,-14
"19471","2390云辰","110/07/13","新加坡商瑞銀",562,75,487
"19472","2390云辰","110/07/13","大展-台南",0,532,-532
"19473","2390云辰","110/07/13","台灣摩根士丹利",330,155,175
"19474","2390云辰","110/07/13","凱基-台北",668,854,-186
"19475","2390云辰","110/07/13","兆豐-公益",126,25,101
"19476","2390云辰","110/07/13","凱基-三重",12,172,-160
"19477","2390云辰","110/07/13","元富-中港",100,2,98
"19478","2390云辰","110/07/13","兆豐-忠孝",4,161,-157
"19479","2390云辰","110/07/13","統一-新台中",106,9,97
"19480","2390云辰","110/07/13","元大-士林",19,170,-151
"19481","2390云辰","110/07/13","中國信託-松江",81,11,70
"19482","2390云辰","110/07/13","臺銀-新竹",14,117,-103
"19483","2390云辰","110/07/13","日盛-板橋",72,3,69
"19484","2390云辰","110/07/13","國票-台中",4,102,-98
"19485","2390云辰","110/07/13","日盛-和美",57,0,57
"19486","2390云辰","110/07/13","新光",147,232,-85
"19487","2390云辰","110/07/13","永豐金-桃園",88,36,52
"19488","2390云辰","110/07/13","致和-崇德",2,70,-68
"19489","2390云辰","110/07/13","玉山-士林",54,4,50
"19490","2390云辰","110/07/13","群益金鼎-屏東",2,70,-68
"19491","2390云辰","110/07/13","富邦-仁愛",56,6,50
"19492","2390云辰","110/07/13","元大-大里",35,98,-63
"19493","2390云辰","110/07/13","第一金-豐原",50,1,49
"19494","2390云辰","110/07/13","元大-萬華",35,94,-59
"19495","2390云辰","110/07/13","摩根大通",502,453,49
"19496","2390云辰","110/07/13","元富-吉利",2,60,-58
"19497","2390云辰","110/07/13","凱基-松山",61,13,48
"19498","2390云辰","110/07/13","兆豐-新竹",3,53,-50
"19499","2390云辰","110/07/13","大昌",64,22,42
"19500","2390云辰","110/07/13","富邦-嘉義",65,108,-43
"19501","2363矽統","110/07/13","凱基-南崁",2133,63,2070
"19502","2363矽統","110/07/13","凱基-幸福",36,4048,-4012
"19503","2363矽統","110/07/13","國泰-敦南",2195,1617,578
"19504","2363矽統","110/07/13","統一",192,3325,-3133
"19505","2363矽統","110/07/13","中農",670,139,531
"19506","2363矽統","110/07/13","新加坡商瑞銀",1000,2747,-1747
"19507","2363矽統","110/07/13","康和-台中",638,154,484
"19508","2363矽統","110/07/13","凱基-台北",5359,6609,-1250
"19509","2363矽統","110/07/13","群益金鼎-三民",577,137,440
"19510","2363矽統","110/07/13","摩根大通",1930,2858,-928
"19511","2363矽統","110/07/13","台新-屏東",510,88,422
"19512","2363矽統","110/07/13","港商野村",960,1679,-719
"19513","2363矽統","110/07/13","德信-中正",455,67,388
"19514","2363矽統","110/07/13","兆豐-復興",25,705,-680
"19515","2363矽統","110/07/13","日盛-竹北",365,70,295
"19516","2363矽統","110/07/13","統一-仁愛",114,755,-641
"19517","2363矽統","110/07/13","元大-佳里",452,189,263
"19518","2363矽統","110/07/13","統一-敦南",29,638,-609
"19519","2363矽統","110/07/13","國票-博愛",296,38,258
"19520","2363矽統","110/07/13","統一-土城",100,704,-604
"19521","2363矽統","110/07/13","元大-萬華",340,95,245
"19522","2363矽統","110/07/13","統一-城中",116,676,-560
"19523","2363矽統","110/07/13","新光",1259,1031,228
"19524","2363矽統","110/07/13","永豐金證券",306,859,-553
"19525","2363矽統","110/07/13","元富-成功",323,96,227
"19526","2363矽統","110/07/13","元富",54,567,-513
"19527","2363矽統","110/07/13","豐農",228,23,205
"19528","2363矽統","110/07/13","瑞士信貸",202,666,-464
"19529","2363矽統","110/07/13","台灣企銀-岡山",186,4,182
"19530","2363矽統","110/07/13","永豐金-嘉義",67,468,-401
"19531","8112至上","110/07/13","摩根大通",688,296,392
"19532","8112至上","110/07/13","國票-中和",0,401,-401
"19533","8112至上","110/07/13","港商野村",344,145,199
"19534","8112至上","110/07/13","永豐金-板盛",0,205,-205
"19535","8112至上","110/07/13","兆豐-公益",195,5,190
"19536","8112至上","110/07/13","凱基-五股",43,155,-112
"19537","8112至上","110/07/13","台灣摩根士丹利",183,0,183
"19538","8112至上","110/07/13","凱基-市政",0,100,-100
"19539","8112至上","110/07/13","群益金鼎-敦南",153,2,151
"19540","8112至上","110/07/13","元大-大里德芳",1,92,-91
"19541","8112至上","110/07/13","臺銀-金山",146,26,120
"19542","8112至上","110/07/13","玉山-桃園",26,110,-84
"19543","8112至上","110/07/13","臺銀",133,19,114
"19544","8112至上","110/07/13","兆豐-天母",0,81,-81
"19545","8112至上","110/07/13","合庫-台中",115,6,109
"19546","8112至上","110/07/13","凱基-城中",3,84,-81
"19547","8112至上","110/07/13","亞東-板橋",134,26,108
"19548","8112至上","110/07/13","日盛-新莊",9,85,-76
"19549","8112至上","110/07/13","凱基-台北",414,326,88
"19550","8112至上","110/07/13","日盛-台中",2,64,-62
"19551","8112至上","110/07/13","新加坡商瑞銀",181,100,81
"19552","8112至上","110/07/13","日盛-中壢",3,64,-61
"19553","8112至上","110/07/13","國泰-敦南",108,31,77
"19554","8112至上","110/07/13","元大-台中",2,59,-57
"19555","8112至上","110/07/13","第一金-華江",77,4,73
"19556","8112至上","110/07/13","元大-雙和",7,64,-57
"19557","8112至上","110/07/13","永豐金-內湖",73,1,72
"19558","8112至上","110/07/13","元大-高雄",8,62,-54
"19559","8112至上","110/07/13","元大-永和",68,1,67
"19560","8112至上","110/07/13","元大-館前",2,55,-53
"19561","4903聯光通","110/07/13","台灣企銀-太平",56,0,56
"19562","4903聯光通","110/07/13","土銀",0,32,-32
"19563","4903聯光通","110/07/13","元富-新興",23,0,23
"19564","4903聯光通","110/07/13","元大-樹林",0,19,-19
"19565","4903聯光通","110/07/13","日盛-樹林",22,0,22
"19566","4903聯光通","110/07/13","凱基-士林",0,17,-17
"19567","4903聯光通","110/07/13","兆豐-天母",20,0,20
"19568","4903聯光通","110/07/13","國票-博愛",0,14,-14
"19569","4903聯光通","110/07/13","華南永昌-桃園",20,0,20
"19570","4903聯光通","110/07/13","元富",0,10,-10
"19571","4903聯光通","110/07/13","富邦-新店",10,0,10
"19572","4903聯光通","110/07/13","新光",0,10,-10
"19573","4903聯光通","110/07/13","新光-台中",5,0,5
"19574","4903聯光通","110/07/13","玉山-南京東路",0,10,-10
"19575","4903聯光通","110/07/13","華南永昌-台中",5,0,5
"19576","4903聯光通","110/07/13","富邦-陽明",0,10,-10
"19577","4903聯光通","110/07/13","元大-崇德",5,0,5
"19578","4903聯光通","110/07/13","元大-大甲",0,8,-8
"19579","4903聯光通","110/07/13","元大-草屯",5,0,5
"19580","4903聯光通","110/07/13","富邦-台中",0,7,-7
"19581","4903聯光通","110/07/13","元富-草屯",4,0,4
"19582","4903聯光通","110/07/13","凱基-中壢",0,6,-6
"19583","4903聯光通","110/07/13","元大-清水",4,0,4
"19584","4903聯光通","110/07/13","臺銀-民權",0,5,-5
"19585","4903聯光通","110/07/13","元大-東泰",4,0,4
"19586","4903聯光通","110/07/13","日盛-板橋",0,5,-5
"19587","4903聯光通","110/07/13","元大-佳里",2,0,2
"19588","4903聯光通","110/07/13","中國信託-忠孝",0,5,-5
"19589","4903聯光通","110/07/13","永豐金-板橋",2,0,2
"19590","4903聯光通","110/07/13","永豐金-鳳山",0,5,-5
"19591","2929淘帝","110/07/13","玉山-新竹",130,0,130
"19592","2929淘帝","110/07/13","美商高盛",0,177,-177
"19593","2929淘帝","110/07/13","臺銀-民權",60,0,60
"19594","2929淘帝","110/07/13","凱基-台北",6,80,-74
"19595","2929淘帝","110/07/13","新百王",31,0,31
"19596","2929淘帝","110/07/13","元富-大裕",0,49,-49
"19597","2929淘帝","110/07/13","日盛-園區",30,0,30
"19598","2929淘帝","110/07/13","國泰-館前",3,51,-48
"19599","2929淘帝","110/07/13","元大-南投",31,1,30
"19600","2929淘帝","110/07/13","凱基-中壢",0,41,-41
"19601","2929淘帝","110/07/13","兆豐-忠孝",28,0,28
"19602","2929淘帝","110/07/13","港商野村",21,55,-34
"19603","2929淘帝","110/07/13","元大-民生",28,0,28
"19604","2929淘帝","110/07/13","華南永昌-南京",2,34,-32
"19605","2929淘帝","110/07/13","合庫-高雄",27,0,27
"19606","2929淘帝","110/07/13","群益金鼎-土城",0,30,-30
"19607","2929淘帝","110/07/13","凱基-豐中",27,0,27
"19608","2929淘帝","110/07/13","富邦-南屯",0,22,-22
"19609","2929淘帝","110/07/13","新光",21,4,17
"19610","2929淘帝","110/07/13","第一金-豐原",0,20,-20
"19611","2929淘帝","110/07/13","元大-天母",17,0,17
"19612","2929淘帝","110/07/13","元大-屏南",6,26,-20
"19613","2929淘帝","110/07/13","永興",14,0,14
"19614","2929淘帝","110/07/13","永豐金-敦南",1,21,-20
"19615","2929淘帝","110/07/13","富邦-台北",12,0,12
"19616","2929淘帝","110/07/13","凱基-三重",2,21,-19
"19617","2929淘帝","110/07/13","元大-永和",12,0,12
"19618","2929淘帝","110/07/13","富邦-仁愛",7,25,-18
"19619","2929淘帝","110/07/13","國票-天祥",11,0,11
"19620","2929淘帝","110/07/13","元大-北投",0,16,-16
"19621","5410國眾","110/07/13","兆豐-城中",274,0,274
"19622","5410國眾","110/07/13","元富-嘉義",0,103,-103
"19623","5410國眾","110/07/13","新光",50,4,46
"19624","5410國眾","110/07/13","凱基-台北",0,50,-50
"19625","5410國眾","110/07/13","國泰-台中",26,0,26
"19626","5410國眾","110/07/13","瑞士信貸",0,31,-31
"19627","5410國眾","110/07/13","新加坡商瑞銀",22,0,22
"19628","5410國眾","110/07/13","台新-新莊",0,27,-27
"19629","5410國眾","110/07/13","光和-嘉義",20,0,20
"19630","5410國眾","110/07/13","元大-汐止",0,20,-20
"19631","5410國眾","110/07/13","凱基-竹北",17,0,17
"19632","5410國眾","110/07/13","亞東-新竹",0,17,-17
"19633","5410國眾","110/07/13","新光-桃園",15,0,15
"19634","5410國眾","110/07/13","元大-南勢角",0,13,-13
"19635","5410國眾","110/07/13","凱基-台東",14,0,14
"19636","5410國眾","110/07/13","台新-台南",0,12,-12
"19637","5410國眾","110/07/13","富邦-竹北",11,0,11
"19638","5410國眾","110/07/13","中國信託",0,11,-11
"19639","5410國眾","110/07/13","元富-同大",10,0,10
"19640","5410國眾","110/07/13","華南永昌",0,11,-11
"19641","5410國眾","110/07/13","國泰-敦南",24,15,9
"19642","5410國眾","110/07/13","臺銀-臺南",0,10,-10
"19643","5410國眾","110/07/13","日盛-內湖",7,0,7
"19644","5410國眾","110/07/13","台灣企銀-民雄",0,10,-10
"19645","5410國眾","110/07/13","台新-左楠",7,0,7
"19646","5410國眾","110/07/13","高橋",0,10,-10
"19647","5410國眾","110/07/13","元大-新盛",18,12,6
"19648","5410國眾","110/07/13","康和-嘉義",0,10,-10
"19649","5410國眾","110/07/13","統一",5,0,5
"19650","5410國眾","110/07/13","凱基-基隆",0,10,-10
"19651","2841台開","110/07/13","中國信託-高雄",251,50,201
"19652","2841台開","110/07/13","兆豐-公益",0,177,-177
"19653","2841台開","110/07/13","日盛證券",210,13,197
"19654","2841台開","110/07/13","日進",0,152,-152
"19655","2841台開","110/07/13","第一金-台中",55,0,55
"19656","2841台開","110/07/13","港商野村",0,109,-109
"19657","2841台開","110/07/13","國泰-板橋",46,0,46
"19658","2841台開","110/07/13","日盛-信義",0,103,-103
"19659","2841台開","110/07/13","國泰-館前",48,3,45
"19660","2841台開","110/07/13","國泰-敦南",11,75,-64
"19661","2841台開","110/07/13","華南永昌-新莊",45,0,45
"19662","2841台開","110/07/13","永興",0,50,-50
"19663","2841台開","110/07/13","日盛-園區",42,0,42
"19664","2841台開","110/07/13","永豐金-敦南",61,104,-43
"19665","2841台開","110/07/13","台新證券",32,0,32
"19666","2841台開","110/07/13","富邦-台南",0,42,-42
"19667","2841台開","110/07/13","台新-高雄",32,2,30
"19668","2841台開","110/07/13","國票-安和",0,30,-30
"19669","2841台開","110/07/13","豐農",23,0,23
"19670","2841台開","110/07/13","元大-桃園",0,25,-25
"19671","2841台開","110/07/13","合庫-嘉義",20,0,20
"19672","2841台開","110/07/13","新光",8,32,-24
"19673","2841台開","110/07/13","華南永昌-高雄",20,0,20
"19674","2841台開","110/07/13","元大-仁愛",0,24,-24
"19675","2841台開","110/07/13","元大-樹林",16,0,16
"19676","2841台開","110/07/13","日盛-中和",0,20,-20
"19677","2841台開","110/07/13","第一金-華江",15,2,13
"19678","2841台開","110/07/13","元富",0,20,-20
"19679","2841台開","110/07/13","美商高盛",12,0,12
"19680","2841台開","110/07/13","富邦-宜蘭",0,20,-20
"19681","6207雷科","110/07/13","元大-高雄",121,0,121
"19682","6207雷科","110/07/13","華南永昌-朴子",1,60,-59
"19683","6207雷科","110/07/13","第一金-新興",20,0,20
"19684","6207雷科","110/07/13","元大-南海",0,36,-36
"19685","6207雷科","110/07/13","元富-三重",20,0,20
"19686","6207雷科","110/07/13","凱基-土城",0,35,-35
"19687","6207雷科","110/07/13","元大-林園",15,0,15
"19688","6207雷科","110/07/13","台灣企銀",0,20,-20
"19689","6207雷科","110/07/13","元大-金華",16,1,15
"19690","6207雷科","110/07/13","群益金鼎-丹鳳",0,20,-20
"19691","6207雷科","110/07/13","日盛證券",10,0,10
"19692","6207雷科","110/07/13","元大-博愛",0,17,-17
"19693","6207雷科","110/07/13","統一-台中",10,0,10
"19694","6207雷科","110/07/13","元大-北港",0,13,-13
"19695","6207雷科","110/07/13","群益金鼎-土城",10,0,10
"19696","6207雷科","110/07/13","新加坡商瑞銀",0,12,-12
"19697","6207雷科","110/07/13","群益金鼎-桃園",10,0,10
"19698","6207雷科","110/07/13","凱基-台北",4,16,-12
"19699","6207雷科","110/07/13","永豐金-新莊",10,0,10
"19700","6207雷科","110/07/13","日茂-埔里",0,11,-11
"19701","6207雷科","110/07/13","永豐金-新店",10,0,10
"19702","6207雷科","110/07/13","元大-莒光",0,11,-11
"19703","6207雷科","110/07/13","元大證券",9,0,9
"19704","6207雷科","110/07/13","統一-新竹",0,10,-10
"19705","6207雷科","110/07/13","日盛-木柵",9,1,8
"19706","6207雷科","110/07/13","元大-西螺",0,10,-10
"19707","6207雷科","110/07/13","兆豐-來福",8,0,8
"19708","6207雷科","110/07/13","康和-台中",0,8,-8
"19709","6207雷科","110/07/13","新光",7,0,7
"19710","6207雷科","110/07/13","兆豐-高雄",0,6,-6
"19711","3679新至陞","110/07/13","永豐金證券",50,0,50
"19712","3679新至陞","110/07/13","摩根大通",2,25,-23
"19713","3679新至陞","110/07/13","國泰-桃園",22,0,22
"19714","3679新至陞","110/07/13","元大-成功",0,22,-22
"19715","3679新至陞","110/07/13","台中銀-員林",11,0,11
"19716","3679新至陞","110/07/13","富邦-板橋",1,19,-18
"19717","3679新至陞","110/07/13","元大-文心興安",8,0,8
"19718","3679新至陞","110/07/13","日盛-新莊",0,10,-10
"19719","3679新至陞","110/07/13","美商高盛",6,0,6
"19720","3679新至陞","110/07/13","台新-台中",0,10,-10
"19721","3679新至陞","110/07/13","台新-高雄",6,0,6
"19722","3679新至陞","110/07/13","永豐金-新竹",0,8,-8
"19723","3679新至陞","110/07/13","凱基-台北",18,12,6
"19724","3679新至陞","110/07/13","瑞士信貸",12,19,-7
"19725","3679新至陞","110/07/13","日盛-復興",5,0,5
"19726","3679新至陞","110/07/13","統一-南京",0,7,-7
"19727","3679新至陞","110/07/13","(牛牛牛)亞-鑫豐",4,0,4
"19728","3679新至陞","110/07/13","凱基-新莊",0,7,-7
"19729","3679新至陞","110/07/13","元富-大昌",3,0,3
"19730","3679新至陞","110/07/13","新加坡商瑞銀",0,6,-6
"19731","3679新至陞","110/07/13","富邦-台北",3,0,3
"19732","3679新至陞","110/07/13","合庫-自強",0,5,-5
"19733","3679新至陞","110/07/13","日盛-樹林",2,0,2
"19734","3679新至陞","110/07/13","富邦-桃園",0,5,-5
"19735","3679新至陞","110/07/13","宏遠-光隆",2,0,2
"19736","3679新至陞","110/07/13","永豐金-潮州",0,4,-4
"19737","3679新至陞","110/07/13","美林",3,1,2
"19738","3679新至陞","110/07/13","臺銀-臺南",0,3,-3
"19739","3679新至陞","110/07/13","第一金-中壢",2,0,2
"19740","3679新至陞","110/07/13","元大-六合",0,3,-3
"19741","2727王品","110/07/13","富邦-台北",43,3,40
"19742","2727王品","110/07/13","台灣摩根士丹利",15,97,-82
"19743","2727王品","110/07/13","元大-基隆孝二",40,0,40
"19744","2727王品","110/07/13","玉山-台南",5,57,-52
"19745","2727王品","110/07/13","國票-新莊",40,1,39
"19746","2727王品","110/07/13","新加坡商瑞銀",0,48,-48
"19747","2727王品","110/07/13","第一金-豐原",66,42,24
"19748","2727王品","110/07/13","凱基-台北",41,77,-36
"19749","2727王品","110/07/13","永豐金-大園",34,10,24
"19750","2727王品","110/07/13","永豐金-永康",0,22,-22
"19751","2727王品","110/07/13","元大-北屯",22,0,22
"19752","2727王品","110/07/13","統一-台中",2,22,-20
"19753","2727王品","110/07/13","元大-東蘆",26,7,19
"19754","2727王品","110/07/13","國泰-台中",21,39,-18
"19755","2727王品","110/07/13","永豐金-萬盛",13,1,12
"19756","2727王品","110/07/13","合庫-彰化",3,20,-17
"19757","2727王品","110/07/13","日盛-嘉義",11,0,11
"19758","2727王品","110/07/13","港商野村",13,30,-17
"19759","2727王品","110/07/13","日盛-八德",11,0,11
"19760","2727王品","110/07/13","元大-楊梅",1,16,-15
"19761","2727王品","110/07/13","統一-竹南",11,0,11
"19762","2727王品","110/07/13","凱基-高美館",2,15,-13
"19763","2727王品","110/07/13","日盛-士林",12,2,10
"19764","2727王品","110/07/13","美商高盛",2,14,-12
"19765","2727王品","110/07/13","統一-敦南",10,0,10
"19766","2727王品","110/07/13","統一-平鎮",1,13,-12
"19767","2727王品","110/07/13","中國信託",15,5,10
"19768","2727王品","110/07/13","兆豐-台中港",4,16,-12
"19769","2727王品","110/07/13","兆豐-竹北",13,3,10
"19770","2727王品","110/07/13","凱基-八德",1,13,-12
"19771","1570力肯","110/07/13","新光",115,11,104
"19772","1570力肯","110/07/13","元大-北三重",0,162,-162
"19773","1570力肯","110/07/13","群益金鼎-高雄",54,0,54
"19774","1570力肯","110/07/13","元大-大灣",0,25,-25
"19775","1570力肯","110/07/13","國票-新莊",22,0,22
"19776","1570力肯","110/07/13","永豐金-苓雅",0,22,-22
"19777","1570力肯","110/07/13","日盛-桃園",12,0,12
"19778","1570力肯","110/07/13","永豐金-永康",0,19,-19
"19779","1570力肯","110/07/13","元大-高雄",12,0,12
"19780","1570力肯","110/07/13","富邦-員林",0,15,-15
"19781","1570力肯","110/07/13","合庫-自強",11,0,11
"19782","1570力肯","110/07/13","凱基-台南",0,11,-11
"19783","1570力肯","110/07/13","摩根大通",26,15,11
"19784","1570力肯","110/07/13","日盛-竹北",0,10,-10
"19785","1570力肯","110/07/13","永豐金-中盛",11,0,11
"19786","1570力肯","110/07/13","國票-九鼎",0,10,-10
"19787","1570力肯","110/07/13","兆豐-台中港",10,0,10
"19788","1570力肯","110/07/13","凱基-桃園",0,10,-10
"19789","1570力肯","110/07/13","國泰-松江",9,0,9
"19790","1570力肯","110/07/13","凱基-新豐",0,10,-10
"19791","1570力肯","110/07/13","元大-新盛",9,0,9
"19792","1570力肯","110/07/13","元大-學甲",0,10,-10
"19793","1570力肯","110/07/13","元富-緯城",6,0,6
"19794","1570力肯","110/07/13","群益金鼎-東湖",1,10,-9
"19795","1570力肯","110/07/13","統一-三重",5,0,5
"19796","1570力肯","110/07/13","大昌",0,6,-6
"19797","1570力肯","110/07/13","元大-前金",5,0,5
"19798","1570力肯","110/07/13","元大-土城學府",0,6,-6
"19799","1570力肯","110/07/13","永豐金證券",5,0,5
"19800","1570力肯","110/07/13","統一",0,5,-5
"19801","6180橘子","110/07/13","摩根大通",119,0,119
"19802","6180橘子","110/07/13","元大-崇德",2,61,-59
"19803","6180橘子","110/07/13","美商高盛",96,0,96
"19804","6180橘子","110/07/13","康和-台中",0,51,-51
"19805","6180橘子","110/07/13","新加坡商瑞銀",86,7,79
"19806","6180橘子","110/07/13","康和-台北",0,50,-50
"19807","6180橘子","110/07/13","元大-和平",40,0,40
"19808","6180橘子","110/07/13","元富-潮州",0,40,-40
"19809","6180橘子","110/07/13","凱基-台北",83,47,36
"19810","6180橘子","110/07/13","日盛-永康",0,26,-26
"19811","6180橘子","110/07/13","美林",39,5,34
"19812","6180橘子","110/07/13","永豐金-中正",0,24,-24
"19813","6180橘子","110/07/13","富邦-新竹華信",31,2,29
"19814","6180橘子","110/07/13","國泰-板橋",2,25,-23
"19815","6180橘子","110/07/13","統一-南京",21,0,21
"19816","6180橘子","110/07/13","日盛-大墩",0,20,-20
"19817","6180橘子","110/07/13","富邦-陽明",24,3,21
"19818","6180橘子","110/07/13","元大-草屯",13,32,-19
"19819","6180橘子","110/07/13","大昌-樹林",21,1,20
"19820","6180橘子","110/07/13","元富-林園",1,18,-17
"19821","6180橘子","110/07/13","花旗環球",19,0,19
"19822","6180橘子","110/07/13","新光-新竹",1,18,-17
"19823","6180橘子","110/07/13","華南永昌-台南",19,0,19
"19824","6180橘子","110/07/13","元大-土城永寧",0,17,-17
"19825","6180橘子","110/07/13","福勝",14,0,14
"19826","6180橘子","110/07/13","國泰-新莊",3,19,-16
"19827","6180橘子","110/07/13","富邦-嘉義",12,1,11
"19828","6180橘子","110/07/13","中國信託-永康",6,21,-15
"19829","6180橘子","110/07/13","元大-板橋三民",11,0,11
"19830","6180橘子","110/07/13","凱基-東港",1,15,-14
"19831","2390云辰","110/07/13","新加坡商瑞銀",562,75,487
"19832","2390云辰","110/07/13","大展-台南",0,532,-532
"19833","2390云辰","110/07/13","台灣摩根士丹利",330,155,175
"19834","2390云辰","110/07/13","凱基-台北",668,854,-186
"19835","2390云辰","110/07/13","兆豐-公益",126,25,101
"19836","2390云辰","110/07/13","凱基-三重",12,172,-160
"19837","2390云辰","110/07/13","元富-中港",100,2,98
"19838","2390云辰","110/07/13","兆豐-忠孝",4,161,-157
"19839","2390云辰","110/07/13","統一-新台中",106,9,97
"19840","2390云辰","110/07/13","元大-士林",19,170,-151
"19841","2390云辰","110/07/13","中國信託-松江",81,11,70
"19842","2390云辰","110/07/13","臺銀-新竹",14,117,-103
"19843","2390云辰","110/07/13","日盛-板橋",72,3,69
"19844","2390云辰","110/07/13","國票-台中",4,102,-98
"19845","2390云辰","110/07/13","日盛-和美",57,0,57
"19846","2390云辰","110/07/13","新光",147,232,-85
"19847","2390云辰","110/07/13","永豐金-桃園",88,36,52
"19848","2390云辰","110/07/13","致和-崇德",2,70,-68
"19849","2390云辰","110/07/13","玉山-士林",54,4,50
"19850","2390云辰","110/07/13","群益金鼎-屏東",2,70,-68
"19851","2390云辰","110/07/13","富邦-仁愛",56,6,50
"19852","2390云辰","110/07/13","元大-大里",35,98,-63
"19853","2390云辰","110/07/13","第一金-豐原",50,1,49
"19854","2390云辰","110/07/13","元大-萬華",35,94,-59
"19855","2390云辰","110/07/13","摩根大通",502,453,49
"19856","2390云辰","110/07/13","元富-吉利",2,60,-58
"19857","2390云辰","110/07/13","凱基-松山",61,13,48
"19858","2390云辰","110/07/13","兆豐-新竹",3,53,-50
"19859","2390云辰","110/07/13","大昌",64,22,42
"19860","2390云辰","110/07/13","富邦-嘉義",65,108,-43
"19861","2363矽統","110/07/12","凱基-幸福",4046,31,4015
"19862","2363矽統","110/07/12","台新證券",478,2105,-1627
"19863","2363矽統","110/07/12","統一",3504,120,3384
"19864","2363矽統","110/07/12","第一金-忠孝",4,1068,-1064
"19865","2363矽統","110/07/12","摩根大通",3006,2149,857
"19866","2363矽統","110/07/12","台新-台中",381,1003,-622
"19867","2363矽統","110/07/12","永豐金證券",1428,610,818
"19868","2363矽統","110/07/12","新光",1295,1822,-527
"19869","2363矽統","110/07/12","兆豐-復興",1936,1233,703
"19870","2363矽統","110/07/12","大昌-樹林",54,537,-483
"19871","2363矽統","110/07/12","台灣摩根士丹利",701,0,701
"19872","2363矽統","110/07/12","華南永昌-台中",90,549,-459
"19873","2363矽統","110/07/12","永豐金-南投",803,145,658
"19874","2363矽統","110/07/12","玉山-高雄",167,612,-445
"19875","2363矽統","110/07/12","統一-仁愛",1214,586,628
"19876","2363矽統","110/07/12","元富-同大",201,540,-339
"19877","2363矽統","110/07/12","統一-土城",688,75,613
"19878","2363矽統","110/07/12","華南永昌-東勢",31,367,-336
"19879","2363矽統","110/07/12","統一-城中",711,131,580
"19880","2363矽統","110/07/12","土銀-花蓮",9,333,-324
"19881","2363矽統","110/07/12","統一-敦南",632,54,578
"19882","2363矽統","110/07/12","凱基-豐中",120,434,-314
"19883","2363矽統","110/07/12","新加坡商瑞銀",1232,731,501
"19884","2363矽統","110/07/12","永豐金-竹科",54,323,-269
"19885","2363矽統","110/07/12","元富",2640,2142,498
"19886","2363矽統","110/07/12","元大-斗六",53,300,-247
"19887","2363矽統","110/07/12","凱基-永和",460,31,429
"19888","2363矽統","110/07/12","華南永昌-朴子",47,278,-231
"19889","2363矽統","110/07/12","第一金",380,22,358
"19890","2363矽統","110/07/12","永豐金-彰化",22,228,-206
"19891","8112至上","110/07/12","摩根大通",1167,290,877
"19892","8112至上","110/07/12","群益金鼎-新莊",1,156,-155
"19893","8112至上","110/07/12","凱基-台北",983,546,437
"19894","8112至上","110/07/12","國票-中港",0,131,-131
"19895","8112至上","110/07/12","新加坡商瑞銀",429,12,417
"19896","8112至上","110/07/12","元大證券",10,136,-126
"19897","8112至上","110/07/12","元大-屏南",360,2,358
"19898","8112至上","110/07/12","元大-中壢",11,135,-124
"19899","8112至上","110/07/12","美林",323,15,308
"19900","8112至上","110/07/12","合庫-基隆",0,122,-122
"19901","8112至上","110/07/12","台灣摩根士丹利",299,0,299
"19902","8112至上","110/07/12","群益金鼎-高盛",4,103,-99
"19903","8112至上","110/07/12","港商野村",267,28,239
"19904","8112至上","110/07/12","新光",110,202,-92
"19905","8112至上","110/07/12","大慶",165,3,162
"19906","8112至上","110/07/12","元大-府城",2,94,-92
"19907","8112至上","110/07/12","永豐金-台南",170,29,141
"19908","8112至上","110/07/12","富邦-板橋",5,92,-87
"19909","8112至上","110/07/12","華南永昌-長虹",128,2,126
"19910","8112至上","110/07/12","元大-土城",8,89,-81
"19911","8112至上","110/07/12","富邦-仁愛",157,51,106
"19912","8112至上","110/07/12","日盛-頭份",40,117,-77
"19913","8112至上","110/07/12","瑞士信貸",104,0,104
"19914","8112至上","110/07/12","玉山-嘉義",3,80,-77
"19915","8112至上","110/07/12","凱基-站前",100,11,89
"19916","8112至上","110/07/12","永豐金-松山",4,79,-75
"19917","8112至上","110/07/12","富邦-北港",90,3,87
"19918","8112至上","110/07/12","元大-敦南",3,75,-72
"19919","8112至上","110/07/12","元大-北港",101,20,81
"19920","8112至上","110/07/12","元富-大裕",6,77,-71
"19921","4903聯光通","110/07/12","台灣企銀-太平",19,0,19
"19922","4903聯光通","110/07/12","玉山-南京東路",0,16,-16
"19923","4903聯光通","110/07/12","統一-土城",17,0,17
"19924","4903聯光通","110/07/12","新光",0,14,-14
"19925","4903聯光通","110/07/12","國票-博愛",14,0,14
"19926","4903聯光通","110/07/12","兆豐-彰化",0,10,-10
"19927","4903聯光通","110/07/12","新光-台中",15,2,13
"19928","4903聯光通","110/07/12","國票",0,10,-10
"19929","4903聯光通","110/07/12","元大-彰化",11,0,11
"19930","4903聯光通","110/07/12","富邦-敦南",0,10,-10
"19931","4903聯光通","110/07/12","華南永昌-林口",10,0,10
"19932","4903聯光通","110/07/12","元大-前金",0,9,-9
"19933","4903聯光通","110/07/12","永豐金-南投",9,0,9
"19934","4903聯光通","110/07/12","日盛-頭份",0,8,-8
"19935","4903聯光通","110/07/12","元大-清水",8,0,8
"19936","4903聯光通","110/07/12","元大-太平",0,8,-8
"19937","4903聯光通","110/07/12","元大-博愛",8,0,8
"19938","4903聯光通","110/07/12","兆豐-埔墘",0,7,-7
"19939","4903聯光通","110/07/12","玉山-新莊",5,0,5
"19940","4903聯光通","110/07/12","臺銀-民權",0,5,-5
"19941","4903聯光通","110/07/12","凱基-士林",10,5,5
"19942","4903聯光通","110/07/12","富邦-板橋",0,5,-5
"19943","4903聯光通","110/07/12","元大-斗六",4,0,4
"19944","4903聯光通","110/07/12","元大-土城永寧",0,5,-5
"19945","4903聯光通","110/07/12","永豐金-羅東",4,0,4
"19946","4903聯光通","110/07/12","台新證券",0,4,-4
"19947","4903聯光通","110/07/12","日盛-樹林",3,0,3
"19948","4903聯光通","110/07/12","凱基-中壢",0,4,-4
"19949","4903聯光通","110/07/12","華南永昌-鶯歌",2,0,2
"19950","4903聯光通","110/07/12","元大-羅東",0,4,-4
"19951","2929淘帝","110/07/12","新光-台中",95,36,59
"19952","2929淘帝","110/07/12","華南永昌-林口",7,208,-201
"19953","2929淘帝","110/07/12","富邦-板橋",62,5,57
"19954","2929淘帝","110/07/12","富邦-台北",6,200,-194
"19955","2929淘帝","110/07/12","合庫-高雄",56,6,50
"19956","2929淘帝","110/07/12","元富-大裕",11,200,-189
"19957","2929淘帝","110/07/12","永興",41,0,41
"19958","2929淘帝","110/07/12","台中銀-台北",0,160,-160
"19959","2929淘帝","110/07/12","兆豐-忠孝",58,18,40
"19960","2929淘帝","110/07/12","日盛-園區",1,111,-110
"19961","2929淘帝","110/07/12","新光-高雄",39,3,36
"19962","2929淘帝","110/07/12","日盛-八德",0,88,-88
"19963","2929淘帝","110/07/12","凱基-豐中",36,0,36
"19964","2929淘帝","110/07/12","玉山-新竹",32,110,-78
"19965","2929淘帝","110/07/12","元大-民生",35,0,35
"19966","2929淘帝","110/07/12","元大-前金",0,72,-72
"19967","2929淘帝","110/07/12","臺銀-臺南",32,1,31
"19968","2929淘帝","110/07/12","元大-館前",12,83,-71
"19969","2929淘帝","110/07/12","台新證券",44,13,31
"19970","2929淘帝","110/07/12","華南永昌",1,57,-56
"19971","2929淘帝","110/07/12","新百王",30,0,30
"19972","2929淘帝","110/07/12","元大-南崁",4,59,-55
"19973","2929淘帝","110/07/12","群益金鼎-大興",30,0,30
"19974","2929淘帝","110/07/12","元大-嘉義",0,51,-51
"19975","2929淘帝","110/07/12","凱基-台北",32,5,27
"19976","2929淘帝","110/07/12","日茂",1,50,-49
"19977","2929淘帝","110/07/12","元富-城東",26,0,26
"19978","2929淘帝","110/07/12","新光",35,83,-48
"19979","2929淘帝","110/07/12","國泰-松江",26,0,26
"19980","2929淘帝","110/07/12","日盛-新竹",1,48,-47
"19981","5410國眾","110/07/12","群益金鼎-中壢",68,0,68
"19982","5410國眾","110/07/12","摩根大通",6,67,-61
"19983","5410國眾","110/07/12","凱基-市政",40,0,40
"19984","5410國眾","110/07/12","元富-嘉義",0,60,-60
"19985","5410國眾","110/07/12","凱基-竹北",38,0,38
"19986","5410國眾","110/07/12","凱基-台北",0,51,-51
"19987","5410國眾","110/07/12","華南永昌-三重",30,0,30
"19988","5410國眾","110/07/12","元富-大裕",0,33,-33
"19989","5410國眾","110/07/12","永興",20,0,20
"19990","5410國眾","110/07/12","日盛-木柵",0,15,-15
"19991","5410國眾","110/07/12","統一-新台中",20,0,20
"19992","5410國眾","110/07/12","群益金鼎-民權",0,15,-15
"19993","5410國眾","110/07/12","兆豐-三重",20,0,20
"19994","5410國眾","110/07/12","元富-緯城",0,14,-14
"19995","5410國眾","110/07/12","富邦-台中",20,0,20
"19996","5410國眾","110/07/12","元大-大同",0,12,-12
"19997","5410國眾","110/07/12","臺銀",15,0,15
"19998","5410國眾","110/07/12","元大-莒光",0,10,-10
"19999","5410國眾","110/07/12","新光-桃園",20,6,14
"20000","5410國眾","110/07/12","元大-博愛",0,10,-10
"20001","5410國眾","110/07/12","元大-員林",12,0,12
"20002","5410國眾","110/07/12","日盛-永康",0,8,-8
"20003","5410國眾","110/07/12","日盛-員林",10,0,10
"20004","5410國眾","110/07/12","元大-四維",5,13,-8
"20005","5410國眾","110/07/12","元大-新盛",10,0,10
"20006","5410國眾","110/07/12","新加坡商瑞銀",0,7,-7
"20007","5410國眾","110/07/12","永豐金-台南",10,0,10
"20008","5410國眾","110/07/12","致和-金華",0,7,-7
"20009","5410國眾","110/07/12","元富-新莊",8,0,8
"20010","5410國眾","110/07/12","新光-新竹",0,7,-7
"20011","2841台開","110/07/12","永豐金-敦南",139,26,113
"20012","2841台開","110/07/12","華南永昌-朴子",0,528,-528
"20013","2841台開","110/07/12","日盛-雙和",68,0,68
"20014","2841台開","110/07/12","元大-苑裡",2,50,-48
"20015","2841台開","110/07/12","台新證券",62,4,58
"20016","2841台開","110/07/12","群益金鼎-東湖",0,40,-40
"20017","2841台開","110/07/12","凱基-文心",50,0,50
"20018","2841台開","110/07/12","第一金-員林",0,30,-30
"20019","2841台開","110/07/12","第一金-台中",45,0,45
"20020","2841台開","110/07/12","德信-中正",0,20,-20
"20021","2841台開","110/07/12","富邦-嘉義",40,0,40
"20022","2841台開","110/07/12","兆豐-嘉義",0,20,-20
"20023","2841台開","110/07/12","日盛-木柵",30,0,30
"20024","2841台開","110/07/12","彰銀-七賢",0,15,-15
"20025","2841台開","110/07/12","中國信託-文心",31,3,28
"20026","2841台開","110/07/12","元大-承德",0,14,-14
"20027","2841台開","110/07/12","元大-福營",30,7,23
"20028","2841台開","110/07/12","元富",0,12,-12
"20029","2841台開","110/07/12","台中銀",20,0,20
"20030","2841台開","110/07/12","富邦-陽明",0,11,-11
"20031","2841台開","110/07/12","國泰-板橋",20,0,20
"20032","2841台開","110/07/12","元大證券",0,11,-11
"20033","2841台開","110/07/12","元大-前金",20,0,20
"20034","2841台開","110/07/12","元大-大甲",0,10,-10
"20035","2841台開","110/07/12","中國信託-高雄",16,1,15
"20036","2841台開","110/07/12","日盛-新竹",0,8,-8
"20037","2841台開","110/07/12","陽信-石牌",15,0,15
"20038","2841台開","110/07/12","元富-城東",0,8,-8
"20039","2841台開","110/07/12","永豐金-南投",15,0,15
"20040","2841台開","110/07/12","玉山-台南",2,10,-8
"20041","6207雷科","110/07/12","元大-高雄",34,0,34
"20042","6207雷科","110/07/12","永豐金-三重",1,32,-31
"20043","6207雷科","110/07/12","華南永昌-林口",16,1,15
"20044","6207雷科","110/07/12","永全-八德",0,30,-30
"20045","6207雷科","110/07/12","摩根大通",19,6,13
"20046","6207雷科","110/07/12","國泰-台中",0,14,-14
"20047","6207雷科","110/07/12","元富-埔里",10,0,10
"20048","6207雷科","110/07/12","第一金-澎湖",0,10,-10
"20049","6207雷科","110/07/12","凱基-台南",10,0,10
"20050","6207雷科","110/07/12","元富-林園",0,10,-10
"20051","6207雷科","110/07/12","新加坡商瑞銀",9,0,9
"20052","6207雷科","110/07/12","元大-東門",0,10,-10
"20053","6207雷科","110/07/12","瑞士信貸",8,0,8
"20054","6207雷科","110/07/12","兆豐-嘉義",0,4,-4
"20055","6207雷科","110/07/12","中國信託-高雄",9,1,8
"20056","6207雷科","110/07/12","新光",0,4,-4
"20057","6207雷科","110/07/12","凱基-高雄",6,0,6
"20058","6207雷科","110/07/12","新光-台中",0,4,-4
"20059","6207雷科","110/07/12","元大-六合",6,0,6
"20060","6207雷科","110/07/12","群益金鼎-開元",0,4,-4
"20061","6207雷科","110/07/12","永豐金-信義",6,0,6
"20062","6207雷科","110/07/12","凱基-桃園",0,4,-4
"20063","6207雷科","110/07/12","群益金鼎-土城",5,0,5
"20064","6207雷科","110/07/12","凱基-民權",0,4,-4
"20065","6207雷科","110/07/12","群益金鼎-竹南",5,0,5
"20066","6207雷科","110/07/12","玉山-新莊",0,3,-3
"20067","6207雷科","110/07/12","元大-大灣",5,1,4
"20068","6207雷科","110/07/12","國泰-松江",0,3,-3
"20069","6207雷科","110/07/12","永興",3,0,3
"20070","6207雷科","110/07/12","富邦-羅東",0,3,-3
"20071","3679新至陞","110/07/12","富邦-新竹華信",40,2,38
"20072","3679新至陞","110/07/12","瑞士信貸",0,45,-45
"20073","3679新至陞","110/07/12","台中銀-員林",28,2,26
"20074","3679新至陞","110/07/12","永豐金-天母",0,39,-39
"20075","3679新至陞","110/07/12","聯邦-大業",24,0,24
"20076","3679新至陞","110/07/12","摩根大通",7,35,-28
"20077","3679新至陞","110/07/12","永豐金證券",20,0,20
"20078","3679新至陞","110/07/12","凱基-台北",8,36,-28
"20079","3679新至陞","110/07/12","港商法國興業",14,0,14
"20080","3679新至陞","110/07/12","華南永昌-小港",1,23,-22
"20081","3679新至陞","110/07/12","日盛-樹林",13,1,12
"20082","3679新至陞","110/07/12","台新-台中",0,15,-15
"20083","3679新至陞","110/07/12","國泰-桃園",9,0,9
"20084","3679新至陞","110/07/12","統一-台中",0,12,-12
"20085","3679新至陞","110/07/12","宏遠-館前",8,0,8
"20086","3679新至陞","110/07/12","元大-成功",1,12,-11
"20087","3679新至陞","110/07/12","凱基",10,2,8
"20088","3679新至陞","110/07/12","康和-澎湖",0,8,-8
"20089","3679新至陞","110/07/12","(牛牛牛)亞-網路",7,0,7
"20090","3679新至陞","110/07/12","新加坡商瑞銀",0,7,-7
"20091","3679新至陞","110/07/12","兆豐-員林",7,0,7
"20092","3679新至陞","110/07/12","兆豐-來福",0,7,-7
"20093","3679新至陞","110/07/12","大慶-蘆洲",5,0,5
"20094","3679新至陞","110/07/12","元大-佳里",0,6,-6
"20095","3679新至陞","110/07/12","土銀-花蓮",4,0,4
"20096","3679新至陞","110/07/12","美商高盛",0,5,-5
"20097","3679新至陞","110/07/12","台新-高雄",5,1,4
"20098","3679新至陞","110/07/12","國票-新莊",0,5,-5
"20099","3679新至陞","110/07/12","元大-天母",4,0,4
"20100","3679新至陞","110/07/12","台新-屏東",0,5,-5
"20101","2727王品","110/07/12","凱基-台北",354,198,156
"20102","2727王品","110/07/12","台灣摩根士丹利",5,386,-381
"20103","2727王品","110/07/12","統一-城中",159,22,137
"20104","2727王品","110/07/12","元大-嘉義",4,60,-56
"20105","2727王品","110/07/12","日盛-忠孝",60,0,60
"20106","2727王品","110/07/12","元大-大同",2,44,-42
"20107","2727王品","110/07/12","永豐金-忠孝",45,5,40
"20108","2727王品","110/07/12","國泰-台中",32,73,-41
"20109","2727王品","110/07/12","合庫-新竹",31,0,31
"20110","2727王品","110/07/12","元大證券",127,163,-36
"20111","2727王品","110/07/12","富邦-台中",31,3,28
"20112","2727王品","110/07/12","凱基",1,33,-32
"20113","2727王品","110/07/12","元大-桃園",35,10,25
"20114","2727王品","110/07/12","永全-南崁",1,31,-30
"20115","2727王品","110/07/12","新加坡商瑞銀",28,4,24
"20116","2727王品","110/07/12","凱基-和平",2,32,-30
"20117","2727王品","110/07/12","群益金鼎-古亭",25,2,23
"20118","2727王品","110/07/12","永豐金-大園",8,38,-30
"20119","2727王品","110/07/12","元大-龍潭",29,7,22
"20120","2727王品","110/07/12","瑞士信貸",0,28,-28
"20121","2727王品","110/07/12","永豐金-永康",25,3,22
"20122","2727王品","110/07/12","元富",17,44,-27
"20123","2727王品","110/07/12","富邦-竹北",24,3,21
"20124","2727王品","110/07/12","元大-北屯",5,32,-27
"20125","2727王品","110/07/12","群益金鼎-松山",20,0,20
"20126","2727王品","110/07/12","華南永昌",3,28,-25
"20127","2727王品","110/07/12","元大-八德",20,0,20
"20128","2727王品","110/07/12","統一-竹南",1,23,-22
"20129","2727王品","110/07/12","元大-南京",25,6,19
"20130","2727王品","110/07/12","永豐金證券",4,26,-22
"20131","1570力肯","110/07/12","國票-北高雄",40,0,40
"20132","1570力肯","110/07/12","日盛-竹北",0,40,-40
"20133","1570力肯","110/07/12","摩根大通",16,0,16
"20134","1570力肯","110/07/12","第一金-華江",1,38,-37
"20135","1570力肯","110/07/12","新光",31,19,12
"20136","1570力肯","110/07/12","元大-永春",0,26,-26
"20137","1570力肯","110/07/12","元大-台中中港",12,0,12
"20138","1570力肯","110/07/12","元大-古亭",1,20,-19
"20139","1570力肯","110/07/12","日盛-高雄",10,0,10
"20140","1570力肯","110/07/12","國泰-松江",0,16,-16
"20141","1570力肯","110/07/12","第一金-路竹",10,0,10
"20142","1570力肯","110/07/12","台新-台南",0,15,-15
"20143","1570力肯","110/07/12","台新-新莊",10,0,10
"20144","1570力肯","110/07/12","康和-石牌",0,15,-15
"20145","1570力肯","110/07/12","元大-新盛",9,0,9
"20146","1570力肯","110/07/12","國泰-板橋",0,11,-11
"20147","1570力肯","110/07/12","凱基-台北",8,0,8
"20148","1570力肯","110/07/12","元大-高雄",0,11,-11
"20149","1570力肯","110/07/12","彰銀-七賢",6,0,6
"20150","1570力肯","110/07/12","兆豐-桃園",0,10,-10
"20151","1570力肯","110/07/12","元富-緯城",6,0,6
"20152","1570力肯","110/07/12","元大-大益",0,10,-10
"20153","1570力肯","110/07/12","華南永昌-古亭",6,0,6
"20154","1570力肯","110/07/12","中國信託-文心",0,5,-5
"20155","1570力肯","110/07/12","富邦-陽明",6,0,6
"20156","1570力肯","110/07/12","光和",0,5,-5
"20157","1570力肯","110/07/12","臺銀-臺南",5,0,5
"20158","1570力肯","110/07/12","陽信-石牌",0,5,-5
"20159","1570力肯","110/07/12","宏遠-館前",5,0,5
"20160","1570力肯","110/07/12","國泰-高雄",0,5,-5
"20161","6180橘子","110/07/12","康和-台中",32,2,30
"20162","6180橘子","110/07/12","新百王",1,40,-39
"20163","6180橘子","110/07/12","美林",32,3,29
"20164","6180橘子","110/07/12","富邦-陽明",4,42,-38
"20165","6180橘子","110/07/12","元大-羅東",21,0,21
"20166","6180橘子","110/07/12","新光",3,32,-29
"20167","6180橘子","110/07/12","兆豐-埔墘",16,0,16
"20168","6180橘子","110/07/12","日盛-文化",4,20,-16
"20169","6180橘子","110/07/12","元大-雙和",12,0,12
"20170","6180橘子","110/07/12","華南永昌-鶯歌",0,15,-15
"20171","6180橘子","110/07/12","美商高盛",18,7,11
"20172","6180橘子","110/07/12","中國信託-忠孝",7,20,-13
"20173","6180橘子","110/07/12","台新證券",14,3,11
"20174","6180橘子","110/07/12","凱基-台北",5,17,-12
"20175","6180橘子","110/07/12","元大-中壢",12,1,11
"20176","6180橘子","110/07/12","凱基-高雄",0,11,-11
"20177","6180橘子","110/07/12","統一-南京",10,0,10
"20178","6180橘子","110/07/12","凱基-大安",0,10,-10
"20179","6180橘子","110/07/12","致和-崇德",10,0,10
"20180","6180橘子","110/07/12","元大-北屯",0,10,-10
"20181","6180橘子","110/07/12","玉山-板橋",10,0,10
"20182","6180橘子","110/07/12","元大-南京",0,9,-9
"20183","6180橘子","110/07/12","富邦-仁愛",10,0,10
"20184","6180橘子","110/07/12","元大-台南",1,10,-9
"20185","6180橘子","110/07/12","摩根大通",10,1,9
"20186","6180橘子","110/07/12","康和-澎湖",0,8,-8
"20187","6180橘子","110/07/12","元富-林園",8,0,8
"20188","6180橘子","110/07/12","第一金-台中",0,7,-7
"20189","6180橘子","110/07/12","大慶-富順",7,0,7
"20190","6180橘子","110/07/12","台新-台南",1,8,-7
"20191","2390云辰","110/07/12","統一-新台中",170,0,170
"20192","2390云辰","110/07/12","元大-天母",2,450,-448
"20193","2390云辰","110/07/12","華南永昌-麻豆",137,2,135
"20194","2390云辰","110/07/12","國泰-忠孝",1,143,-142
"20195","2390云辰","110/07/12","元富-成功",103,14,89
"20196","2390云辰","110/07/12","摩根大通",377,512,-135
"20197","2390云辰","110/07/12","元大-土城學府",146,69,77
"20198","2390云辰","110/07/12","台灣摩根士丹利",0,91,-91
"20199","2390云辰","110/07/12","永豐金-永康",76,4,72
"20200","2390云辰","110/07/12","美林",84,146,-62
"20201","2390云辰","110/07/12","台中銀",73,2,71
"20202","2390云辰","110/07/12","華南永昌-嘉義",2,61,-59
"20203","2390云辰","110/07/12","大昌",63,3,60
"20204","2390云辰","110/07/12","永豐金-羅東",0,49,-49
"20205","2390云辰","110/07/12","合庫-三重",50,0,50
"20206","2390云辰","110/07/12","玉山-台中",6,53,-47
"20207","2390云辰","110/07/12","元富-高雄",93,50,43
"20208","2390云辰","110/07/12","玉山-新莊",2,48,-46
"20209","2390云辰","110/07/12","元大-館前",40,4,36
"20210","2390云辰","110/07/12","元大-大里",7,52,-45
"20211","2390云辰","110/07/12","港商野村",143,109,34
"20212","2390云辰","110/07/12","元大-內湖",3,48,-45
"20213","2390云辰","110/07/12","元大-雙和",34,0,34
"20214","2390云辰","110/07/12","永豐金-市政",1,42,-41
"20215","2390云辰","110/07/12","群益金鼎-民權",33,2,31
"20216","2390云辰","110/07/12","元大-學甲",1,41,-40
"20217","2390云辰","110/07/12","日盛-八德",40,10,30
"20218","2390云辰","110/07/12","兆豐-高雄",2,41,-39
"20219","2390云辰","110/07/12","國票-嘉義",30,0,30
"20220","2390云辰","110/07/12","新加坡商瑞銀",21,59,-38
"20221","4903聯光通","110/07/12","台灣企銀-太平",19,0,19
"20222","4903聯光通","110/07/12","玉山-南京東路",0,16,-16
"20223","4903聯光通","110/07/12","統一-土城",17,0,17
"20224","4903聯光通","110/07/12","新光",0,14,-14
"20225","4903聯光通","110/07/12","國票-博愛",14,0,14
"20226","4903聯光通","110/07/12","兆豐-彰化",0,10,-10
"20227","4903聯光通","110/07/12","新光-台中",15,2,13
"20228","4903聯光通","110/07/12","國票",0,10,-10
"20229","4903聯光通","110/07/12","元大-彰化",11,0,11
"20230","4903聯光通","110/07/12","富邦-敦南",0,10,-10
"20231","4903聯光通","110/07/12","華南永昌-林口",10,0,10
"20232","4903聯光通","110/07/12","元大-前金",0,9,-9
"20233","4903聯光通","110/07/12","永豐金-南投",9,0,9
"20234","4903聯光通","110/07/12","日盛-頭份",0,8,-8
"20235","4903聯光通","110/07/12","元大-清水",8,0,8
"20236","4903聯光通","110/07/12","元大-太平",0,8,-8
"20237","4903聯光通","110/07/12","元大-博愛",8,0,8
"20238","4903聯光通","110/07/12","兆豐-埔墘",0,7,-7
"20239","4903聯光通","110/07/12","玉山-新莊",5,0,5
"20240","4903聯光通","110/07/12","臺銀-民權",0,5,-5
"20241","4903聯光通","110/07/12","凱基-士林",10,5,5
"20242","4903聯光通","110/07/12","富邦-板橋",0,5,-5
"20243","4903聯光通","110/07/12","元大-斗六",4,0,4
"20244","4903聯光通","110/07/12","元大-土城永寧",0,5,-5
"20245","4903聯光通","110/07/12","永豐金-羅東",4,0,4
"20246","4903聯光通","110/07/12","台新證券",0,4,-4
"20247","4903聯光通","110/07/12","日盛-樹林",3,0,3
"20248","4903聯光通","110/07/12","凱基-中壢",0,4,-4
"20249","4903聯光通","110/07/12","華南永昌-鶯歌",2,0,2
"20250","4903聯光通","110/07/12","元大-羅東",0,4,-4
"20251","2929淘帝","110/07/12","新光-台中",95,36,59
"20252","2929淘帝","110/07/12","華南永昌-林口",7,208,-201
"20253","2929淘帝","110/07/12","富邦-板橋",62,5,57
"20254","2929淘帝","110/07/12","富邦-台北",6,200,-194
"20255","2929淘帝","110/07/12","合庫-高雄",56,6,50
"20256","2929淘帝","110/07/12","元富-大裕",11,200,-189
"20257","2929淘帝","110/07/12","永興",41,0,41
"20258","2929淘帝","110/07/12","台中銀-台北",0,160,-160
"20259","2929淘帝","110/07/12","兆豐-忠孝",58,18,40
"20260","2929淘帝","110/07/12","日盛-園區",1,111,-110
"20261","2929淘帝","110/07/12","新光-高雄",39,3,36
"20262","2929淘帝","110/07/12","日盛-八德",0,88,-88
"20263","2929淘帝","110/07/12","凱基-豐中",36,0,36
"20264","2929淘帝","110/07/12","玉山-新竹",32,110,-78
"20265","2929淘帝","110/07/12","元大-民生",35,0,35
"20266","2929淘帝","110/07/12","元大-前金",0,72,-72
"20267","2929淘帝","110/07/12","臺銀-臺南",32,1,31
"20268","2929淘帝","110/07/12","元大-館前",12,83,-71
"20269","2929淘帝","110/07/12","台新證券",44,13,31
"20270","2929淘帝","110/07/12","華南永昌",1,57,-56
"20271","2929淘帝","110/07/12","新百王",30,0,30
"20272","2929淘帝","110/07/12","元大-南崁",4,59,-55
"20273","2929淘帝","110/07/12","群益金鼎-大興",30,0,30
"20274","2929淘帝","110/07/12","元大-嘉義",0,51,-51
"20275","2929淘帝","110/07/12","凱基-台北",32,5,27
"20276","2929淘帝","110/07/12","日茂",1,50,-49
"20277","2929淘帝","110/07/12","元富-城東",26,0,26
"20278","2929淘帝","110/07/12","新光",35,83,-48
"20279","2929淘帝","110/07/12","國泰-松江",26,0,26
"20280","2929淘帝","110/07/12","日盛-新竹",1,48,-47
"20281","5410國眾","110/07/12","群益金鼎-中壢",68,0,68
"20282","5410國眾","110/07/12","摩根大通",6,67,-61
"20283","5410國眾","110/07/12","凱基-市政",40,0,40
"20284","5410國眾","110/07/12","元富-嘉義",0,60,-60
"20285","5410國眾","110/07/12","凱基-竹北",38,0,38
"20286","5410國眾","110/07/12","凱基-台北",0,51,-51
"20287","5410國眾","110/07/12","華南永昌-三重",30,0,30
"20288","5410國眾","110/07/12","元富-大裕",0,33,-33
"20289","5410國眾","110/07/12","永興",20,0,20
"20290","5410國眾","110/07/12","日盛-木柵",0,15,-15
"20291","5410國眾","110/07/12","統一-新台中",20,0,20
"20292","5410國眾","110/07/12","群益金鼎-民權",0,15,-15
"20293","5410國眾","110/07/12","兆豐-三重",20,0,20
"20294","5410國眾","110/07/12","元富-緯城",0,14,-14
"20295","5410國眾","110/07/12","富邦-台中",20,0,20
"20296","5410國眾","110/07/12","元大-大同",0,12,-12
"20297","5410國眾","110/07/12","臺銀",15,0,15
"20298","5410國眾","110/07/12","元大-莒光",0,10,-10
"20299","5410國眾","110/07/12","新光-桃園",20,6,14
"20300","5410國眾","110/07/12","元大-博愛",0,10,-10
"20301","5410國眾","110/07/12","元大-員林",12,0,12
"20302","5410國眾","110/07/12","日盛-永康",0,8,-8
"20303","5410國眾","110/07/12","日盛-員林",10,0,10
"20304","5410國眾","110/07/12","元大-四維",5,13,-8
"20305","5410國眾","110/07/12","元大-新盛",10,0,10
"20306","5410國眾","110/07/12","新加坡商瑞銀",0,7,-7
"20307","5410國眾","110/07/12","永豐金-台南",10,0,10
"20308","5410國眾","110/07/12","致和-金華",0,7,-7
"20309","5410國眾","110/07/12","元富-新莊",8,0,8
"20310","5410國眾","110/07/12","新光-新竹",0,7,-7
"20311","2841台開","110/07/12","永豐金-敦南",139,26,113
"20312","2841台開","110/07/12","華南永昌-朴子",0,528,-528
"20313","2841台開","110/07/12","日盛-雙和",68,0,68
"20314","2841台開","110/07/12","元大-苑裡",2,50,-48
"20315","2841台開","110/07/12","台新證券",62,4,58
"20316","2841台開","110/07/12","群益金鼎-東湖",0,40,-40
"20317","2841台開","110/07/12","凱基-文心",50,0,50
"20318","2841台開","110/07/12","第一金-員林",0,30,-30
"20319","2841台開","110/07/12","第一金-台中",45,0,45
"20320","2841台開","110/07/12","德信-中正",0,20,-20
"20321","2841台開","110/07/12","富邦-嘉義",40,0,40
"20322","2841台開","110/07/12","兆豐-嘉義",0,20,-20
"20323","2841台開","110/07/12","日盛-木柵",30,0,30
"20324","2841台開","110/07/12","彰銀-七賢",0,15,-15
"20325","2841台開","110/07/12","中國信託-文心",31,3,28
"20326","2841台開","110/07/12","元大-承德",0,14,-14
"20327","2841台開","110/07/12","元大-福營",30,7,23
"20328","2841台開","110/07/12","元富",0,12,-12
"20329","2841台開","110/07/12","台中銀",20,0,20
"20330","2841台開","110/07/12","富邦-陽明",0,11,-11
"20331","2841台開","110/07/12","國泰-板橋",20,0,20
"20332","2841台開","110/07/12","元大證券",0,11,-11
"20333","2841台開","110/07/12","元大-前金",20,0,20
"20334","2841台開","110/07/12","元大-大甲",0,10,-10
"20335","2841台開","110/07/12","中國信託-高雄",16,1,15
"20336","2841台開","110/07/12","日盛-新竹",0,8,-8
"20337","2841台開","110/07/12","陽信-石牌",15,0,15
"20338","2841台開","110/07/12","元富-城東",0,8,-8
"20339","2841台開","110/07/12","永豐金-南投",15,0,15
"20340","2841台開","110/07/12","玉山-台南",2,10,-8
"20341","6207雷科","110/07/12","元大-高雄",34,0,34
"20342","6207雷科","110/07/12","永豐金-三重",1,32,-31
"20343","6207雷科","110/07/12","華南永昌-林口",16,1,15
"20344","6207雷科","110/07/12","永全-八德",0,30,-30
"20345","6207雷科","110/07/12","摩根大通",19,6,13
"20346","6207雷科","110/07/12","國泰-台中",0,14,-14
"20347","6207雷科","110/07/12","元富-埔里",10,0,10
"20348","6207雷科","110/07/12","第一金-澎湖",0,10,-10
"20349","6207雷科","110/07/12","凱基-台南",10,0,10
"20350","6207雷科","110/07/12","元富-林園",0,10,-10
"20351","6207雷科","110/07/12","新加坡商瑞銀",9,0,9
"20352","6207雷科","110/07/12","元大-東門",0,10,-10
"20353","6207雷科","110/07/12","瑞士信貸",8,0,8
"20354","6207雷科","110/07/12","兆豐-嘉義",0,4,-4
"20355","6207雷科","110/07/12","中國信託-高雄",9,1,8
"20356","6207雷科","110/07/12","新光",0,4,-4
"20357","6207雷科","110/07/12","凱基-高雄",6,0,6
"20358","6207雷科","110/07/12","新光-台中",0,4,-4
"20359","6207雷科","110/07/12","元大-六合",6,0,6
"20360","6207雷科","110/07/12","群益金鼎-開元",0,4,-4
"20361","6207雷科","110/07/12","永豐金-信義",6,0,6
"20362","6207雷科","110/07/12","凱基-桃園",0,4,-4
"20363","6207雷科","110/07/12","群益金鼎-土城",5,0,5
"20364","6207雷科","110/07/12","凱基-民權",0,4,-4
"20365","6207雷科","110/07/12","群益金鼎-竹南",5,0,5
"20366","6207雷科","110/07/12","玉山-新莊",0,3,-3
"20367","6207雷科","110/07/12","元大-大灣",5,1,4
"20368","6207雷科","110/07/12","國泰-松江",0,3,-3
"20369","6207雷科","110/07/12","永興",3,0,3
"20370","6207雷科","110/07/12","富邦-羅東",0,3,-3
"20371","3679新至陞","110/07/12","富邦-新竹華信",40,2,38
"20372","3679新至陞","110/07/12","瑞士信貸",0,45,-45
"20373","3679新至陞","110/07/12","台中銀-員林",28,2,26
"20374","3679新至陞","110/07/12","永豐金-天母",0,39,-39
"20375","3679新至陞","110/07/12","聯邦-大業",24,0,24
"20376","3679新至陞","110/07/12","摩根大通",7,35,-28
"20377","3679新至陞","110/07/12","永豐金證券",20,0,20
"20378","3679新至陞","110/07/12","凱基-台北",8,36,-28
"20379","3679新至陞","110/07/12","港商法國興業",14,0,14
"20380","3679新至陞","110/07/12","華南永昌-小港",1,23,-22
"20381","3679新至陞","110/07/12","日盛-樹林",13,1,12
"20382","3679新至陞","110/07/12","台新-台中",0,15,-15
"20383","3679新至陞","110/07/12","國泰-桃園",9,0,9
"20384","3679新至陞","110/07/12","統一-台中",0,12,-12
"20385","3679新至陞","110/07/12","宏遠-館前",8,0,8
"20386","3679新至陞","110/07/12","元大-成功",1,12,-11
"20387","3679新至陞","110/07/12","凱基",10,2,8
"20388","3679新至陞","110/07/12","康和-澎湖",0,8,-8
"20389","3679新至陞","110/07/12","(牛牛牛)亞-網路",7,0,7
"20390","3679新至陞","110/07/12","新加坡商瑞銀",0,7,-7
"20391","3679新至陞","110/07/12","兆豐-員林",7,0,7
"20392","3679新至陞","110/07/12","兆豐-來福",0,7,-7
"20393","3679新至陞","110/07/12","大慶-蘆洲",5,0,5
"20394","3679新至陞","110/07/12","元大-佳里",0,6,-6
"20395","3679新至陞","110/07/12","土銀-花蓮",4,0,4
"20396","3679新至陞","110/07/12","美商高盛",0,5,-5
"20397","3679新至陞","110/07/12","台新-高雄",5,1,4
"20398","3679新至陞","110/07/12","國票-新莊",0,5,-5
"20399","3679新至陞","110/07/12","元大-天母",4,0,4
"20400","3679新至陞","110/07/12","台新-屏東",0,5,-5
"20401","2727王品","110/07/12","凱基-台北",354,198,156
"20402","2727王品","110/07/12","台灣摩根士丹利",5,386,-381
"20403","2727王品","110/07/12","統一-城中",159,22,137
"20404","2727王品","110/07/12","元大-嘉義",4,60,-56
"20405","2727王品","110/07/12","日盛-忠孝",60,0,60
"20406","2727王品","110/07/12","元大-大同",2,44,-42
"20407","2727王品","110/07/12","永豐金-忠孝",45,5,40
"20408","2727王品","110/07/12","國泰-台中",32,73,-41
"20409","2727王品","110/07/12","合庫-新竹",31,0,31
"20410","2727王品","110/07/12","元大證券",127,163,-36
"20411","2727王品","110/07/12","富邦-台中",31,3,28
"20412","2727王品","110/07/12","凱基",1,33,-32
"20413","2727王品","110/07/12","元大-桃園",35,10,25
"20414","2727王品","110/07/12","永全-南崁",1,31,-30
"20415","2727王品","110/07/12","新加坡商瑞銀",28,4,24
"20416","2727王品","110/07/12","凱基-和平",2,32,-30
"20417","2727王品","110/07/12","群益金鼎-古亭",25,2,23
"20418","2727王品","110/07/12","永豐金-大園",8,38,-30
"20419","2727王品","110/07/12","元大-龍潭",29,7,22
"20420","2727王品","110/07/12","瑞士信貸",0,28,-28
"20421","2727王品","110/07/12","永豐金-永康",25,3,22
"20422","2727王品","110/07/12","元富",17,44,-27
"20423","2727王品","110/07/12","富邦-竹北",24,3,21
"20424","2727王品","110/07/12","元大-北屯",5,32,-27
"20425","2727王品","110/07/12","群益金鼎-松山",20,0,20
"20426","2727王品","110/07/12","華南永昌",3,28,-25
"20427","2727王品","110/07/12","元大-八德",20,0,20
"20428","2727王品","110/07/12","統一-竹南",1,23,-22
"20429","2727王品","110/07/12","元大-南京",25,6,19
"20430","2727王品","110/07/12","永豐金證券",4,26,-22
"20431","1570力肯","110/07/12","國票-北高雄",40,0,40
"20432","1570力肯","110/07/12","日盛-竹北",0,40,-40
"20433","1570力肯","110/07/12","摩根大通",16,0,16
"20434","1570力肯","110/07/12","第一金-華江",1,38,-37
"20435","1570力肯","110/07/12","新光",31,19,12
"20436","1570力肯","110/07/12","元大-永春",0,26,-26
"20437","1570力肯","110/07/12","元大-台中中港",12,0,12
"20438","1570力肯","110/07/12","元大-古亭",1,20,-19
"20439","1570力肯","110/07/12","日盛-高雄",10,0,10
"20440","1570力肯","110/07/12","國泰-松江",0,16,-16
"20441","1570力肯","110/07/12","第一金-路竹",10,0,10
"20442","1570力肯","110/07/12","台新-台南",0,15,-15
"20443","1570力肯","110/07/12","台新-新莊",10,0,10
"20444","1570力肯","110/07/12","康和-石牌",0,15,-15
"20445","1570力肯","110/07/12","元大-新盛",9,0,9
"20446","1570力肯","110/07/12","國泰-板橋",0,11,-11
"20447","1570力肯","110/07/12","凱基-台北",8,0,8
"20448","1570力肯","110/07/12","元大-高雄",0,11,-11
"20449","1570力肯","110/07/12","彰銀-七賢",6,0,6
"20450","1570力肯","110/07/12","兆豐-桃園",0,10,-10
"20451","1570力肯","110/07/12","元富-緯城",6,0,6
"20452","1570力肯","110/07/12","元大-大益",0,10,-10
"20453","1570力肯","110/07/12","華南永昌-古亭",6,0,6
"20454","1570力肯","110/07/12","中國信託-文心",0,5,-5
"20455","1570力肯","110/07/12","富邦-陽明",6,0,6
"20456","1570力肯","110/07/12","光和",0,5,-5
"20457","1570力肯","110/07/12","臺銀-臺南",5,0,5
"20458","1570力肯","110/07/12","陽信-石牌",0,5,-5
"20459","1570力肯","110/07/12","宏遠-館前",5,0,5
"20460","1570力肯","110/07/12","國泰-高雄",0,5,-5
"20461","6180橘子","110/07/12","康和-台中",32,2,30
"20462","6180橘子","110/07/12","新百王",1,40,-39
"20463","6180橘子","110/07/12","美林",32,3,29
"20464","6180橘子","110/07/12","富邦-陽明",4,42,-38
"20465","6180橘子","110/07/12","元大-羅東",21,0,21
"20466","6180橘子","110/07/12","新光",3,32,-29
"20467","6180橘子","110/07/12","兆豐-埔墘",16,0,16
"20468","6180橘子","110/07/12","日盛-文化",4,20,-16
"20469","6180橘子","110/07/12","元大-雙和",12,0,12
"20470","6180橘子","110/07/12","華南永昌-鶯歌",0,15,-15
"20471","6180橘子","110/07/12","美商高盛",18,7,11
"20472","6180橘子","110/07/12","中國信託-忠孝",7,20,-13
"20473","6180橘子","110/07/12","台新證券",14,3,11
"20474","6180橘子","110/07/12","凱基-台北",5,17,-12
"20475","6180橘子","110/07/12","元大-中壢",12,1,11
"20476","6180橘子","110/07/12","凱基-高雄",0,11,-11
"20477","6180橘子","110/07/12","統一-南京",10,0,10
"20478","6180橘子","110/07/12","凱基-大安",0,10,-10
"20479","6180橘子","110/07/12","致和-崇德",10,0,10
"20480","6180橘子","110/07/12","元大-北屯",0,10,-10
"20481","6180橘子","110/07/12","玉山-板橋",10,0,10
"20482","6180橘子","110/07/12","元大-南京",0,9,-9
"20483","6180橘子","110/07/12","富邦-仁愛",10,0,10
"20484","6180橘子","110/07/12","元大-台南",1,10,-9
"20485","6180橘子","110/07/12","摩根大通",10,1,9
"20486","6180橘子","110/07/12","康和-澎湖",0,8,-8
"20487","6180橘子","110/07/12","元富-林園",8,0,8
"20488","6180橘子","110/07/12","第一金-台中",0,7,-7
"20489","6180橘子","110/07/12","大慶-富順",7,0,7
"20490","6180橘子","110/07/12","台新-台南",1,8,-7
"20491","2390云辰","110/07/12","統一-新台中",170,0,170
"20492","2390云辰","110/07/12","元大-天母",2,450,-448
"20493","2390云辰","110/07/12","華南永昌-麻豆",137,2,135
"20494","2390云辰","110/07/12","國泰-忠孝",1,143,-142
"20495","2390云辰","110/07/12","元富-成功",103,14,89
"20496","2390云辰","110/07/12","摩根大通",377,512,-135
"20497","2390云辰","110/07/12","元大-土城學府",146,69,77
"20498","2390云辰","110/07/12","台灣摩根士丹利",0,91,-91
"20499","2390云辰","110/07/12","永豐金-永康",76,4,72
"20500","2390云辰","110/07/12","美林",84,146,-62
"20501","2390云辰","110/07/12","台中銀",73,2,71
"20502","2390云辰","110/07/12","華南永昌-嘉義",2,61,-59
"20503","2390云辰","110/07/12","大昌",63,3,60
"20504","2390云辰","110/07/12","永豐金-羅東",0,49,-49
"20505","2390云辰","110/07/12","合庫-三重",50,0,50
"20506","2390云辰","110/07/12","玉山-台中",6,53,-47
"20507","2390云辰","110/07/12","元富-高雄",93,50,43
"20508","2390云辰","110/07/12","玉山-新莊",2,48,-46
"20509","2390云辰","110/07/12","元大-館前",40,4,36
"20510","2390云辰","110/07/12","元大-大里",7,52,-45
"20511","2390云辰","110/07/12","港商野村",143,109,34
"20512","2390云辰","110/07/12","元大-內湖",3,48,-45
"20513","2390云辰","110/07/12","元大-雙和",34,0,34
"20514","2390云辰","110/07/12","永豐金-市政",1,42,-41
"20515","2390云辰","110/07/12","群益金鼎-民權",33,2,31
"20516","2390云辰","110/07/12","元大-學甲",1,41,-40
"20517","2390云辰","110/07/12","日盛-八德",40,10,30
"20518","2390云辰","110/07/12","兆豐-高雄",2,41,-39
"20519","2390云辰","110/07/12","國票-嘉義",30,0,30
"20520","2390云辰","110/07/12","新加坡商瑞銀",21,59,-38
"20521","4903聯光通","110/07/09","元大-敦南",10,0,10
"20522","4903聯光通","110/07/09","第一金-台中",0,12,-12
"20523","4903聯光通","110/07/09","凱基-士林",5,0,5
"20524","4903聯光通","110/07/09","日盛-忠孝",0,3,-3
"20525","4903聯光通","110/07/09","元大-苗栗",5,0,5
"20526","4903聯光通","110/07/09","群益金鼎-崇德",0,3,-3
"20527","4903聯光通","110/07/09","元大-屏南",3,0,3
"20528","4903聯光通","110/07/09","國票-內壢",0,2,-2
"20529","4903聯光通","110/07/09","中國信託-永康",1,0,1
"20530","4903聯光通","110/07/09","康和-南崁",0,2,-2
"20531","4903聯光通","110/07/09","玉山證券",1,0,1
"20532","4903聯光通","110/07/09","新光-台中",0,2,-2
"20533","4903聯光通","110/07/09","元大-太平",4,3,1
"20534","4903聯光通","110/07/09","玉山-城中",0,2,-2
"20535","4903聯光通","110/07/09","永豐金-嘉義",1,0,1
"20536","4903聯光通","110/07/09","中國信託-文心",0,1,-1
"20537","4903聯光通","110/07/09","大昌",0,0,0
"20538","4903聯光通","110/07/09","大昌",0,0,0
"20539","4903聯光通","110/07/09","中農",0,0,0
"20540","4903聯光通","110/07/09","中農",0,0,0
"20541","4903聯光通","110/07/09","",NA,NA,NA
"20542","4903聯光通","110/07/09","",NA,NA,NA
"20543","4903聯光通","110/07/09","",NA,NA,NA
"20544","4903聯光通","110/07/09","",NA,NA,NA
"20545","4903聯光通","110/07/09","",NA,NA,NA
"20546","4903聯光通","110/07/09","",NA,NA,NA
"20547","4903聯光通","110/07/09","",NA,NA,NA
"20548","4903聯光通","110/07/09","",NA,NA,NA
"20549","4903聯光通","110/07/09","",NA,NA,NA
"20550","4903聯光通","110/07/09","",NA,NA,NA
"20551","2929淘帝","110/07/09","台中銀-台北",110,0,110
"20552","2929淘帝","110/07/09","新光",2,82,-80
"20553","2929淘帝","110/07/09","華南永昌-頭份",72,0,72
"20554","2929淘帝","110/07/09","摩根大通",2,63,-61
"20555","2929淘帝","110/07/09","合庫-高雄",71,0,71
"20556","2929淘帝","110/07/09","第一金-路竹",0,50,-50
"20557","2929淘帝","110/07/09","高橋-龍潭",37,0,37
"20558","2929淘帝","110/07/09","港商麥格理",0,42,-42
"20559","2929淘帝","110/07/09","新光-台中",60,26,34
"20560","2929淘帝","110/07/09","陽信-石牌",0,40,-40
"20561","2929淘帝","110/07/09","元富-大裕",22,1,21
"20562","2929淘帝","110/07/09","台新-左楠",1,39,-38
"20563","2929淘帝","110/07/09","合庫-鳳山",20,0,20
"20564","2929淘帝","110/07/09","凱基-桃園",3,29,-26
"20565","2929淘帝","110/07/09","元大-員林",22,2,20
"20566","2929淘帝","110/07/09","兆豐-內湖",0,25,-25
"20567","2929淘帝","110/07/09","台新-建北",15,0,15
"20568","2929淘帝","110/07/09","元大-北港",0,20,-20
"20569","2929淘帝","110/07/09","兆豐-桃園",13,0,13
"20570","2929淘帝","110/07/09","富邦-北港",0,19,-19
"20571","2929淘帝","110/07/09","兆豐-忠孝",10,0,10
"20572","2929淘帝","110/07/09","富邦-花蓮",0,17,-17
"20573","2929淘帝","110/07/09","國票-敦北法人",10,0,10
"20574","2929淘帝","110/07/09","國泰-台中",2,17,-15
"20575","2929淘帝","110/07/09","永豐金-博愛",10,0,10
"20576","2929淘帝","110/07/09","群益金鼎-彰化",0,15,-15
"20577","2929淘帝","110/07/09","群益金鼎-潭子",8,0,8
"20578","2929淘帝","110/07/09","元大-博愛",0,14,-14
"20579","2929淘帝","110/07/09","富邦-南屯",8,0,8
"20580","2929淘帝","110/07/09","日盛-板橋",0,13,-13
"20581","5410國眾","110/07/09","元大-新盛",14,0,14
"20582","5410國眾","110/07/09","(牛牛牛)亞-鑫豐",1,41,-40
"20583","5410國眾","110/07/09","台灣企銀-民雄",10,0,10
"20584","5410國眾","110/07/09","元富-嘉義",0,25,-25
"20585","5410國眾","110/07/09","元富-虎尾",9,0,9
"20586","5410國眾","110/07/09","凱基-高美館",0,10,-10
"20587","5410國眾","110/07/09","摩根大通",10,1,9
"20588","5410國眾","110/07/09","凱基-城中",0,10,-10
"20589","5410國眾","110/07/09","兆豐-北高雄",7,0,7
"20590","5410國眾","110/07/09","元大-頭份",0,10,-10
"20591","5410國眾","110/07/09","凱基-台北",8,1,7
"20592","5410國眾","110/07/09","群益金鼎-丹鳳",0,7,-7
"20593","5410國眾","110/07/09","華南永昌-公誠",7,0,7
"20594","5410國眾","110/07/09","凱基-復興",0,7,-7
"20595","5410國眾","110/07/09","香港上海匯豐",6,0,6
"20596","5410國眾","110/07/09","元大-員林",0,7,-7
"20597","5410國眾","110/07/09","凱基-中壢",6,0,6
"20598","5410國眾","110/07/09","富邦-竹東",0,6,-6
"20599","5410國眾","110/07/09","華南永昌-南京",6,0,6
"20600","5410國眾","110/07/09","亞東-高雄",0,5,-5
"20601","5410國眾","110/07/09","統一-三重",5,0,5
"20602","5410國眾","110/07/09","大慶-中壢",1,6,-5
"20603","5410國眾","110/07/09","富邦-宜蘭",5,0,5
"20604","5410國眾","110/07/09","群益金鼎-中港",0,5,-5
"20605","5410國眾","110/07/09","元大-崇德",5,0,5
"20606","5410國眾","110/07/09","元大-八德",0,5,-5
"20607","5410國眾","110/07/09","元大-博愛",5,0,5
"20608","5410國眾","110/07/09","富邦-基隆",0,4,-4
"20609","5410國眾","110/07/09","元大-龍潭",5,0,5
"20610","5410國眾","110/07/09","臺銀-新竹",0,3,-3
"20611","2841台開","110/07/09","日盛-雙和",102,0,102
"20612","2841台開","110/07/09","港商野村",0,129,-129
"20613","2841台開","110/07/09","元大-館前",70,0,70
"20614","2841台開","110/07/09","兆豐-永和",0,100,-100
"20615","2841台開","110/07/09","凱基-文心",50,0,50
"20616","2841台開","110/07/09","台新證券",7,28,-21
"20617","2841台開","110/07/09","富邦-嘉義",40,0,40
"20618","2841台開","110/07/09","國票-北高雄",0,20,-20
"20619","2841台開","110/07/09","美商高盛",15,0,15
"20620","2841台開","110/07/09","永豐金-敦南",29,46,-17
"20621","2841台開","110/07/09","台中銀",15,0,15
"20622","2841台開","110/07/09","合庫-基隆",0,12,-12
"20623","2841台開","110/07/09","新光",11,0,11
"20624","2841台開","110/07/09","中國信託-松江",0,12,-12
"20625","2841台開","110/07/09","華南永昌-長虹",10,0,10
"20626","2841台開","110/07/09","兆豐-城中",0,12,-12
"20627","2841台開","110/07/09","永豐金-南投",10,0,10
"20628","2841台開","110/07/09","台中銀-豐原",0,10,-10
"20629","2841台開","110/07/09","合庫-桃園",7,0,7
"20630","2841台開","110/07/09","兆豐-景美",0,10,-10
"20631","2841台開","110/07/09","群益金鼎-古亭",7,0,7
"20632","2841台開","110/07/09","群益金鼎-基隆",0,10,-10
"20633","2841台開","110/07/09","國泰-敦南",6,0,6
"20634","2841台開","110/07/09","元大-北三重",0,10,-10
"20635","2841台開","110/07/09","凱基-桃園",8,2,6
"20636","2841台開","110/07/09","(牛牛牛)亞-網路",0,9,-9
"20637","2841台開","110/07/09","日盛證券",5,0,5
"20638","2841台開","110/07/09","台新-高雄",1,10,-9
"20639","2841台開","110/07/09","元富-文心",5,0,5
"20640","2841台開","110/07/09","凱基-台北",0,7,-7
"20641","6207雷科","110/07/09","群益金鼎-新竹",47,0,47
"20642","6207雷科","110/07/09","新光",7,24,-17
"20643","6207雷科","110/07/09","永豐金-三重",31,0,31
"20644","6207雷科","110/07/09","日盛-和美",0,15,-15
"20645","6207雷科","110/07/09","新加坡商瑞銀",33,5,28
"20646","6207雷科","110/07/09","國泰-台南",0,15,-15
"20647","6207雷科","110/07/09","元大-高雄",26,0,26
"20648","6207雷科","110/07/09","華南永昌-古亭",0,14,-14
"20649","6207雷科","110/07/09","統一-員林",22,0,22
"20650","6207雷科","110/07/09","土銀-白河",0,11,-11
"20651","6207雷科","110/07/09","台新-高雄",22,0,22
"20652","6207雷科","110/07/09","日盛-台南",0,10,-10
"20653","6207雷科","110/07/09","摩根大通",34,17,17
"20654","6207雷科","110/07/09","元富-林園",0,10,-10
"20655","6207雷科","110/07/09","元大-博愛",17,1,16
"20656","6207雷科","110/07/09","富邦-園區",0,10,-10
"20657","6207雷科","110/07/09","日茂-埔里",12,0,12
"20658","6207雷科","110/07/09","元大-上新莊",0,10,-10
"20659","6207雷科","110/07/09","國泰-台中",17,6,11
"20660","6207雷科","110/07/09","永豐金-南京",0,10,-10
"20661","6207雷科","110/07/09","富邦-三重",10,0,10
"20662","6207雷科","110/07/09","兆豐-小港",0,6,-6
"20663","6207雷科","110/07/09","元大-沙鹿",10,0,10
"20664","6207雷科","110/07/09","富邦-羅東",1,7,-6
"20665","6207雷科","110/07/09","元大-八德",10,0,10
"20666","6207雷科","110/07/09","元大-土城永寧",0,6,-6
"20667","6207雷科","110/07/09","第一金-路竹",11,2,9
"20668","6207雷科","110/07/09","永豐金-板盛",0,6,-6
"20669","6207雷科","110/07/09","統一-南京",5,0,5
"20670","6207雷科","110/07/09","日盛-板橋",0,5,-5
"20671","3679新至陞","110/07/09","元大-大天母",10,0,10
"20672","3679新至陞","110/07/09","第一金-光復",0,11,-11
"20673","3679新至陞","110/07/09","日盛-樹林",9,0,9
"20674","3679新至陞","110/07/09","瑞士信貸",0,8,-8
"20675","3679新至陞","110/07/09","凱基-台北",11,2,9
"20676","3679新至陞","110/07/09","大慶-苗栗",0,5,-5
"20677","3679新至陞","110/07/09","華南永昌-小港",8,0,8
"20678","3679新至陞","110/07/09","元大-永春",0,5,-5
"20679","3679新至陞","110/07/09","兆豐-來福",7,0,7
"20680","3679新至陞","110/07/09","日盛-和美",0,4,-4
"20681","3679新至陞","110/07/09","香港上海匯豐",5,0,5
"20682","3679新至陞","110/07/09","元大-雙和",0,3,-3
"20683","3679新至陞","110/07/09","台中銀-員林",3,0,3
"20684","3679新至陞","110/07/09","永豐金-屏東",0,3,-3
"20685","3679新至陞","110/07/09","新光",3,0,3
"20686","3679新至陞","110/07/09","彰銀",0,2,-2
"20687","3679新至陞","110/07/09","土銀-花蓮",2,0,2
"20688","3679新至陞","110/07/09","宏遠-館前",0,2,-2
"20689","3679新至陞","110/07/09","第一金-澎湖",2,0,2
"20690","3679新至陞","110/07/09","港商野村",0,2,-2
"20691","3679新至陞","110/07/09","摩根大通",2,0,2
"20692","3679新至陞","110/07/09","大昌-新店",0,2,-2
"20693","3679新至陞","110/07/09","國泰-敦南",2,0,2
"20694","3679新至陞","110/07/09","元大-新莊",0,2,-2
"20695","3679新至陞","110/07/09","元大-淡水",4,2,2
"20696","3679新至陞","110/07/09","元大-板橋",0,2,-2
"20697","3679新至陞","110/07/09","日盛-士林",1,0,1
"20698","3679新至陞","110/07/09","台灣摩根士丹利",0,1,-1
"20699","3679新至陞","110/07/09","日盛-信義",1,0,1
"20700","3679新至陞","110/07/09","第一金-高雄",0,1,-1
"20701","2727王品","110/07/09","台灣匯立證券",90,0,90
"20702","2727王品","110/07/09","台灣摩根士丹利",0,267,-267
"20703","2727王品","110/07/09","國泰-敦南",166,84,82
"20704","2727王品","110/07/09","富邦-台北",35,299,-264
"20705","2727王品","110/07/09","富邦-仁愛",56,12,44
"20706","2727王品","110/07/09","凱基-台北",174,296,-122
"20707","2727王品","110/07/09","台新證券",109,66,43
"20708","2727王品","110/07/09","第一金",2,102,-100
"20709","2727王品","110/07/09","新光",117,87,30
"20710","2727王品","110/07/09","群益金鼎-大安",0,80,-80
"20711","2727王品","110/07/09","臺銀-臺中",35,6,29
"20712","2727王品","110/07/09","兆豐-大安",7,60,-53
"20713","2727王品","110/07/09","元大-桃園",32,3,29
"20714","2727王品","110/07/09","永豐金-南投",0,50,-50
"20715","2727王品","110/07/09","元富-宜蘭",34,6,28
"20716","2727王品","110/07/09","新加坡商瑞銀",6,46,-40
"20717","2727王品","110/07/09","玉山-台中",34,8,26
"20718","2727王品","110/07/09","合庫-彰化",11,50,-39
"20719","2727王品","110/07/09","群益金鼎-宜蘭",30,4,26
"20720","2727王品","110/07/09","永豐金-萬盛",13,52,-39
"20721","2727王品","110/07/09","富邦-台中",42,16,26
"20722","2727王品","110/07/09","瑞士信貸",0,34,-34
"20723","2727王品","110/07/09","第一金-豐原",25,1,24
"20724","2727王品","110/07/09","元大-和平",4,35,-31
"20725","2727王品","110/07/09","臺銀",30,8,22
"20726","2727王品","110/07/09","美林",14,44,-30
"20727","2727王品","110/07/09","兆豐-來福",23,1,22
"20728","2727王品","110/07/09","元大-員林",9,38,-29
"20729","2727王品","110/07/09","玉山-士林",22,2,20
"20730","2727王品","110/07/09","元富-西松",4,31,-27
"20731","1570力肯","110/07/09","凱基-台北",30,1,29
"20732","1570力肯","110/07/09","群益金鼎-彰化",0,20,-20
"20733","1570力肯","110/07/09","新光-台南",20,0,20
"20734","1570力肯","110/07/09","元大-土城學府",0,20,-20
"20735","1570力肯","110/07/09","元大-高雄",20,0,20
"20736","1570力肯","110/07/09","元大-大統",0,16,-16
"20737","1570力肯","110/07/09","國票-中正",12,0,12
"20738","1570力肯","110/07/09","元大-新營",0,11,-11
"20739","1570力肯","110/07/09","日盛-高雄",6,0,6
"20740","1570力肯","110/07/09","元大-和平",0,10,-10
"20741","1570力肯","110/07/09","元富-緯城",6,0,6
"20742","1570力肯","110/07/09","元大-草屯",0,10,-10
"20743","1570力肯","110/07/09","群益金鼎-台南",6,0,6
"20744","1570力肯","110/07/09","元大-鹿港",0,9,-9
"20745","1570力肯","110/07/09","華南永昌-岡山",6,0,6
"20746","1570力肯","110/07/09","合庫-基隆",0,7,-7
"20747","1570力肯","110/07/09","統一-中壢",5,0,5
"20748","1570力肯","110/07/09","摩根大通",2,8,-6
"20749","1570力肯","110/07/09","凱基-三峽",5,0,5
"20750","1570力肯","110/07/09","台灣企銀-豐原",0,4,-4
"20751","1570力肯","110/07/09","大昌-樹林",4,0,4
"20752","1570力肯","110/07/09","日盛-桃園",0,4,-4
"20753","1570力肯","110/07/09","新光",3,0,3
"20754","1570力肯","110/07/09","國泰-高雄",0,3,-3
"20755","1570力肯","110/07/09","富邦-新竹華信",3,0,3
"20756","1570力肯","110/07/09","永豐金-敦南",0,3,-3
"20757","1570力肯","110/07/09","合庫-台中",2,0,2
"20758","1570力肯","110/07/09","土銀-彰化",0,2,-2
"20759","1570力肯","110/07/09","臺銀-臺中",2,0,2
"20760","1570力肯","110/07/09","臺銀-鳳山",0,2,-2
"20761","6180橘子","110/07/09","摩根大通",63,1,62
"20762","6180橘子","110/07/09","元大-南京",1,32,-31
"20763","6180橘子","110/07/09","富邦-陽明",73,33,40
"20764","6180橘子","110/07/09","群益金鼎-台北",0,25,-25
"20765","6180橘子","110/07/09","新加坡商瑞銀",31,0,31
"20766","6180橘子","110/07/09","兆豐-復興",0,21,-21
"20767","6180橘子","110/07/09","美商高盛",25,0,25
"20768","6180橘子","110/07/09","永豐金-嘉義",0,21,-21
"20769","6180橘子","110/07/09","凱基-台北",26,10,16
"20770","6180橘子","110/07/09","凱基-中壢",8,24,-16
"20771","6180橘子","110/07/09","華南永昌-楠梓",13,0,13
"20772","6180橘子","110/07/09","致和-崇德",0,15,-15
"20773","6180橘子","110/07/09","華南永昌-朴子",11,0,11
"20774","6180橘子","110/07/09","群益金鼎-屏東",0,15,-15
"20775","6180橘子","110/07/09","元大-北港",11,0,11
"20776","6180橘子","110/07/09","群益金鼎-中山",0,15,-15
"20777","6180橘子","110/07/09","元大-成功",10,1,9
"20778","6180橘子","110/07/09","瑞士信貸",1,15,-14
"20779","6180橘子","110/07/09","新光",26,18,8
"20780","6180橘子","110/07/09","日盛-二林",0,10,-10
"20781","6180橘子","110/07/09","統一-三重",6,0,6
"20782","6180橘子","110/07/09","凱基-東門",0,10,-10
"20783","6180橘子","110/07/09","群益金鼎-嘉義",6,0,6
"20784","6180橘子","110/07/09","華南永昌-三重",0,10,-10
"20785","6180橘子","110/07/09","元大-員林中山",6,0,6
"20786","6180橘子","110/07/09","元大-彰化民生",1,11,-10
"20787","6180橘子","110/07/09","合庫-鳳山",5,0,5
"20788","6180橘子","110/07/09","永豐金-新店",1,11,-10
"20789","6180橘子","110/07/09","富邦-建國",6,1,5
"20790","6180橘子","110/07/09","群益金鼎-丹鳳",0,8,-8
"20791","2390云辰","110/07/09","摩根大通",279,56,223
"20792","2390云辰","110/07/09","元大-天母",0,127,-127
"20793","2390云辰","110/07/09","日盛-鳳山",110,2,108
"20794","2390云辰","110/07/09","中國信託-文心",5,109,-104
"20795","2390云辰","110/07/09","宏遠證券",100,0,100
"20796","2390云辰","110/07/09","永豐金-復興",0,55,-55
"20797","2390云辰","110/07/09","元大-大里",63,6,57
"20798","2390云辰","110/07/09","凱基-台北",239,286,-47
"20799","2390云辰","110/07/09","凱基-八德",59,10,49
"20800","2390云辰","110/07/09","德信",2,32,-30
"20801","2390云辰","110/07/09","合庫-新竹",40,0,40
"20802","2390云辰","110/07/09","兆豐-桃鶯",2,32,-30
"20803","2390云辰","110/07/09","國票",40,1,39
"20804","2390云辰","110/07/09","致和-南京",0,30,-30
"20805","2390云辰","110/07/09","新加坡商瑞銀",49,13,36
"20806","2390云辰","110/07/09","富邦-虎尾",1,31,-30
"20807","2390云辰","110/07/09","統一-新台中",36,2,34
"20808","2390云辰","110/07/09","元大-善化",2,31,-29
"20809","2390云辰","110/07/09","國票-嘉義",31,0,31
"20810","2390云辰","110/07/09","富邦-板橋",0,27,-27
"20811","2390云辰","110/07/09","華南永昌",35,7,28
"20812","2390云辰","110/07/09","富邦-永和",3,28,-25
"20813","2390云辰","110/07/09","玉山-台中",49,22,27
"20814","2390云辰","110/07/09","第一金-自由",20,44,-24
"20815","2390云辰","110/07/09","華南永昌-敦南",25,0,25
"20816","2390云辰","110/07/09","凱基-內湖",0,24,-24
"20817","2390云辰","110/07/09","新光-高雄",27,4,23
"20818","2390云辰","110/07/09","元大-汐止",1,24,-23
"20819","2390云辰","110/07/09","台灣摩根士丹利",85,63,22
"20820","2390云辰","110/07/09","新光-台中",12,33,-21
"20821","4903聯光通","110/07/09","元大-敦南",10,0,10
"20822","4903聯光通","110/07/09","第一金-台中",0,12,-12
"20823","4903聯光通","110/07/09","凱基-士林",5,0,5
"20824","4903聯光通","110/07/09","日盛-忠孝",0,3,-3
"20825","4903聯光通","110/07/09","元大-苗栗",5,0,5
"20826","4903聯光通","110/07/09","群益金鼎-崇德",0,3,-3
"20827","4903聯光通","110/07/09","元大-屏南",3,0,3
"20828","4903聯光通","110/07/09","國票-內壢",0,2,-2
"20829","4903聯光通","110/07/09","中國信託-永康",1,0,1
"20830","4903聯光通","110/07/09","康和-南崁",0,2,-2
"20831","4903聯光通","110/07/09","玉山證券",1,0,1
"20832","4903聯光通","110/07/09","新光-台中",0,2,-2
"20833","4903聯光通","110/07/09","元大-太平",4,3,1
"20834","4903聯光通","110/07/09","玉山-城中",0,2,-2
"20835","4903聯光通","110/07/09","永豐金-嘉義",1,0,1
"20836","4903聯光通","110/07/09","中國信託-文心",0,1,-1
"20837","4903聯光通","110/07/09","大昌",0,0,0
"20838","4903聯光通","110/07/09","大昌",0,0,0
"20839","4903聯光通","110/07/09","中農",0,0,0
"20840","4903聯光通","110/07/09","中農",0,0,0
"20841","4903聯光通","110/07/09","",NA,NA,NA
"20842","4903聯光通","110/07/09","",NA,NA,NA
"20843","4903聯光通","110/07/09","",NA,NA,NA
"20844","4903聯光通","110/07/09","",NA,NA,NA
"20845","4903聯光通","110/07/09","",NA,NA,NA
"20846","4903聯光通","110/07/09","",NA,NA,NA
"20847","4903聯光通","110/07/09","",NA,NA,NA
"20848","4903聯光通","110/07/09","",NA,NA,NA
"20849","4903聯光通","110/07/09","",NA,NA,NA
"20850","4903聯光通","110/07/09","",NA,NA,NA
"20851","2929淘帝","110/07/09","台中銀-台北",110,0,110
"20852","2929淘帝","110/07/09","新光",2,82,-80
"20853","2929淘帝","110/07/09","華南永昌-頭份",72,0,72
"20854","2929淘帝","110/07/09","摩根大通",2,63,-61
"20855","2929淘帝","110/07/09","合庫-高雄",71,0,71
"20856","2929淘帝","110/07/09","第一金-路竹",0,50,-50
"20857","2929淘帝","110/07/09","高橋-龍潭",37,0,37
"20858","2929淘帝","110/07/09","港商麥格理",0,42,-42
"20859","2929淘帝","110/07/09","新光-台中",60,26,34
"20860","2929淘帝","110/07/09","陽信-石牌",0,40,-40
"20861","2929淘帝","110/07/09","元富-大裕",22,1,21
"20862","2929淘帝","110/07/09","台新-左楠",1,39,-38
"20863","2929淘帝","110/07/09","合庫-鳳山",20,0,20
"20864","2929淘帝","110/07/09","凱基-桃園",3,29,-26
"20865","2929淘帝","110/07/09","元大-員林",22,2,20
"20866","2929淘帝","110/07/09","兆豐-內湖",0,25,-25
"20867","2929淘帝","110/07/09","台新-建北",15,0,15
"20868","2929淘帝","110/07/09","元大-北港",0,20,-20
"20869","2929淘帝","110/07/09","兆豐-桃園",13,0,13
"20870","2929淘帝","110/07/09","富邦-北港",0,19,-19
"20871","2929淘帝","110/07/09","兆豐-忠孝",10,0,10
"20872","2929淘帝","110/07/09","富邦-花蓮",0,17,-17
"20873","2929淘帝","110/07/09","國票-敦北法人",10,0,10
"20874","2929淘帝","110/07/09","國泰-台中",2,17,-15
"20875","2929淘帝","110/07/09","永豐金-博愛",10,0,10
"20876","2929淘帝","110/07/09","群益金鼎-彰化",0,15,-15
"20877","2929淘帝","110/07/09","群益金鼎-潭子",8,0,8
"20878","2929淘帝","110/07/09","元大-博愛",0,14,-14
"20879","2929淘帝","110/07/09","富邦-南屯",8,0,8
"20880","2929淘帝","110/07/09","日盛-板橋",0,13,-13
"20881","5410國眾","110/07/09","元大-新盛",14,0,14
"20882","5410國眾","110/07/09","(牛牛牛)亞-鑫豐",1,41,-40
"20883","5410國眾","110/07/09","台灣企銀-民雄",10,0,10
"20884","5410國眾","110/07/09","元富-嘉義",0,25,-25
"20885","5410國眾","110/07/09","元富-虎尾",9,0,9
"20886","5410國眾","110/07/09","凱基-高美館",0,10,-10
"20887","5410國眾","110/07/09","摩根大通",10,1,9
"20888","5410國眾","110/07/09","凱基-城中",0,10,-10
"20889","5410國眾","110/07/09","兆豐-北高雄",7,0,7
"20890","5410國眾","110/07/09","元大-頭份",0,10,-10
"20891","5410國眾","110/07/09","凱基-台北",8,1,7
"20892","5410國眾","110/07/09","群益金鼎-丹鳳",0,7,-7
"20893","5410國眾","110/07/09","華南永昌-公誠",7,0,7
"20894","5410國眾","110/07/09","凱基-復興",0,7,-7
"20895","5410國眾","110/07/09","香港上海匯豐",6,0,6
"20896","5410國眾","110/07/09","元大-員林",0,7,-7
"20897","5410國眾","110/07/09","凱基-中壢",6,0,6
"20898","5410國眾","110/07/09","富邦-竹東",0,6,-6
"20899","5410國眾","110/07/09","華南永昌-南京",6,0,6
"20900","5410國眾","110/07/09","亞東-高雄",0,5,-5
"20901","5410國眾","110/07/09","統一-三重",5,0,5
"20902","5410國眾","110/07/09","大慶-中壢",1,6,-5
"20903","5410國眾","110/07/09","富邦-宜蘭",5,0,5
"20904","5410國眾","110/07/09","群益金鼎-中港",0,5,-5
"20905","5410國眾","110/07/09","元大-崇德",5,0,5
"20906","5410國眾","110/07/09","元大-八德",0,5,-5
"20907","5410國眾","110/07/09","元大-博愛",5,0,5
"20908","5410國眾","110/07/09","富邦-基隆",0,4,-4
"20909","5410國眾","110/07/09","元大-龍潭",5,0,5
"20910","5410國眾","110/07/09","臺銀-新竹",0,3,-3
"20911","2841台開","110/07/09","日盛-雙和",102,0,102
"20912","2841台開","110/07/09","港商野村",0,129,-129
"20913","2841台開","110/07/09","元大-館前",70,0,70
"20914","2841台開","110/07/09","兆豐-永和",0,100,-100
"20915","2841台開","110/07/09","凱基-文心",50,0,50
"20916","2841台開","110/07/09","台新證券",7,28,-21
"20917","2841台開","110/07/09","富邦-嘉義",40,0,40
"20918","2841台開","110/07/09","國票-北高雄",0,20,-20
"20919","2841台開","110/07/09","美商高盛",15,0,15
"20920","2841台開","110/07/09","永豐金-敦南",29,46,-17
"20921","2841台開","110/07/09","台中銀",15,0,15
"20922","2841台開","110/07/09","合庫-基隆",0,12,-12
"20923","2841台開","110/07/09","新光",11,0,11
"20924","2841台開","110/07/09","中國信託-松江",0,12,-12
"20925","2841台開","110/07/09","華南永昌-長虹",10,0,10
"20926","2841台開","110/07/09","兆豐-城中",0,12,-12
"20927","2841台開","110/07/09","永豐金-南投",10,0,10
"20928","2841台開","110/07/09","台中銀-豐原",0,10,-10
"20929","2841台開","110/07/09","合庫-桃園",7,0,7
"20930","2841台開","110/07/09","兆豐-景美",0,10,-10
"20931","2841台開","110/07/09","群益金鼎-古亭",7,0,7
"20932","2841台開","110/07/09","群益金鼎-基隆",0,10,-10
"20933","2841台開","110/07/09","國泰-敦南",6,0,6
"20934","2841台開","110/07/09","元大-北三重",0,10,-10
"20935","2841台開","110/07/09","凱基-桃園",8,2,6
"20936","2841台開","110/07/09","(牛牛牛)亞-網路",0,9,-9
"20937","2841台開","110/07/09","日盛證券",5,0,5
"20938","2841台開","110/07/09","台新-高雄",1,10,-9
"20939","2841台開","110/07/09","元富-文心",5,0,5
"20940","2841台開","110/07/09","凱基-台北",0,7,-7
"20941","6207雷科","110/07/09","群益金鼎-新竹",47,0,47
"20942","6207雷科","110/07/09","新光",7,24,-17
"20943","6207雷科","110/07/09","永豐金-三重",31,0,31
"20944","6207雷科","110/07/09","日盛-和美",0,15,-15
"20945","6207雷科","110/07/09","新加坡商瑞銀",33,5,28
"20946","6207雷科","110/07/09","國泰-台南",0,15,-15
"20947","6207雷科","110/07/09","元大-高雄",26,0,26
"20948","6207雷科","110/07/09","華南永昌-古亭",0,14,-14
"20949","6207雷科","110/07/09","統一-員林",22,0,22
"20950","6207雷科","110/07/09","土銀-白河",0,11,-11
"20951","6207雷科","110/07/09","台新-高雄",22,0,22
"20952","6207雷科","110/07/09","日盛-台南",0,10,-10
"20953","6207雷科","110/07/09","摩根大通",34,17,17
"20954","6207雷科","110/07/09","元富-林園",0,10,-10
"20955","6207雷科","110/07/09","元大-博愛",17,1,16
"20956","6207雷科","110/07/09","富邦-園區",0,10,-10
"20957","6207雷科","110/07/09","日茂-埔里",12,0,12
"20958","6207雷科","110/07/09","元大-上新莊",0,10,-10
"20959","6207雷科","110/07/09","國泰-台中",17,6,11
"20960","6207雷科","110/07/09","永豐金-南京",0,10,-10
"20961","6207雷科","110/07/09","富邦-三重",10,0,10
"20962","6207雷科","110/07/09","兆豐-小港",0,6,-6
"20963","6207雷科","110/07/09","元大-沙鹿",10,0,10
"20964","6207雷科","110/07/09","富邦-羅東",1,7,-6
"20965","6207雷科","110/07/09","元大-八德",10,0,10
"20966","6207雷科","110/07/09","元大-土城永寧",0,6,-6
"20967","6207雷科","110/07/09","第一金-路竹",11,2,9
"20968","6207雷科","110/07/09","永豐金-板盛",0,6,-6
"20969","6207雷科","110/07/09","統一-南京",5,0,5
"20970","6207雷科","110/07/09","日盛-板橋",0,5,-5
"20971","3679新至陞","110/07/09","元大-大天母",10,0,10
"20972","3679新至陞","110/07/09","第一金-光復",0,11,-11
"20973","3679新至陞","110/07/09","日盛-樹林",9,0,9
"20974","3679新至陞","110/07/09","瑞士信貸",0,8,-8
"20975","3679新至陞","110/07/09","凱基-台北",11,2,9
"20976","3679新至陞","110/07/09","大慶-苗栗",0,5,-5
"20977","3679新至陞","110/07/09","華南永昌-小港",8,0,8
"20978","3679新至陞","110/07/09","元大-永春",0,5,-5
"20979","3679新至陞","110/07/09","兆豐-來福",7,0,7
"20980","3679新至陞","110/07/09","日盛-和美",0,4,-4
"20981","3679新至陞","110/07/09","香港上海匯豐",5,0,5
"20982","3679新至陞","110/07/09","元大-雙和",0,3,-3
"20983","3679新至陞","110/07/09","台中銀-員林",3,0,3
"20984","3679新至陞","110/07/09","永豐金-屏東",0,3,-3
"20985","3679新至陞","110/07/09","新光",3,0,3
"20986","3679新至陞","110/07/09","彰銀",0,2,-2
"20987","3679新至陞","110/07/09","土銀-花蓮",2,0,2
"20988","3679新至陞","110/07/09","宏遠-館前",0,2,-2
"20989","3679新至陞","110/07/09","第一金-澎湖",2,0,2
"20990","3679新至陞","110/07/09","港商野村",0,2,-2
"20991","3679新至陞","110/07/09","摩根大通",2,0,2
"20992","3679新至陞","110/07/09","大昌-新店",0,2,-2
"20993","3679新至陞","110/07/09","國泰-敦南",2,0,2
"20994","3679新至陞","110/07/09","元大-新莊",0,2,-2
"20995","3679新至陞","110/07/09","元大-淡水",4,2,2
"20996","3679新至陞","110/07/09","元大-板橋",0,2,-2
"20997","3679新至陞","110/07/09","日盛-士林",1,0,1
"20998","3679新至陞","110/07/09","台灣摩根士丹利",0,1,-1
"20999","3679新至陞","110/07/09","日盛-信義",1,0,1
"21000","3679新至陞","110/07/09","第一金-高雄",0,1,-1
"21001","2727王品","110/07/09","台灣匯立證券",90,0,90
"21002","2727王品","110/07/09","台灣摩根士丹利",0,267,-267
"21003","2727王品","110/07/09","國泰-敦南",166,84,82
"21004","2727王品","110/07/09","富邦-台北",35,299,-264
"21005","2727王品","110/07/09","富邦-仁愛",56,12,44
"21006","2727王品","110/07/09","凱基-台北",174,296,-122
"21007","2727王品","110/07/09","台新證券",109,66,43
"21008","2727王品","110/07/09","第一金",2,102,-100
"21009","2727王品","110/07/09","新光",117,87,30
"21010","2727王品","110/07/09","群益金鼎-大安",0,80,-80
"21011","2727王品","110/07/09","臺銀-臺中",35,6,29
"21012","2727王品","110/07/09","兆豐-大安",7,60,-53
"21013","2727王品","110/07/09","元大-桃園",32,3,29
"21014","2727王品","110/07/09","永豐金-南投",0,50,-50
"21015","2727王品","110/07/09","元富-宜蘭",34,6,28
"21016","2727王品","110/07/09","新加坡商瑞銀",6,46,-40
"21017","2727王品","110/07/09","玉山-台中",34,8,26
"21018","2727王品","110/07/09","合庫-彰化",11,50,-39
"21019","2727王品","110/07/09","群益金鼎-宜蘭",30,4,26
"21020","2727王品","110/07/09","永豐金-萬盛",13,52,-39
"21021","2727王品","110/07/09","富邦-台中",42,16,26
"21022","2727王品","110/07/09","瑞士信貸",0,34,-34
"21023","2727王品","110/07/09","第一金-豐原",25,1,24
"21024","2727王品","110/07/09","元大-和平",4,35,-31
"21025","2727王品","110/07/09","臺銀",30,8,22
"21026","2727王品","110/07/09","美林",14,44,-30
"21027","2727王品","110/07/09","兆豐-來福",23,1,22
"21028","2727王品","110/07/09","元大-員林",9,38,-29
"21029","2727王品","110/07/09","玉山-士林",22,2,20
"21030","2727王品","110/07/09","元富-西松",4,31,-27
"21031","1570力肯","110/07/09","凱基-台北",30,1,29
"21032","1570力肯","110/07/09","群益金鼎-彰化",0,20,-20
"21033","1570力肯","110/07/09","新光-台南",20,0,20
"21034","1570力肯","110/07/09","元大-土城學府",0,20,-20
"21035","1570力肯","110/07/09","元大-高雄",20,0,20
"21036","1570力肯","110/07/09","元大-大統",0,16,-16
"21037","1570力肯","110/07/09","國票-中正",12,0,12
"21038","1570力肯","110/07/09","元大-新營",0,11,-11
"21039","1570力肯","110/07/09","日盛-高雄",6,0,6
"21040","1570力肯","110/07/09","元大-和平",0,10,-10
"21041","1570力肯","110/07/09","元富-緯城",6,0,6
"21042","1570力肯","110/07/09","元大-草屯",0,10,-10
"21043","1570力肯","110/07/09","群益金鼎-台南",6,0,6
"21044","1570力肯","110/07/09","元大-鹿港",0,9,-9
"21045","1570力肯","110/07/09","華南永昌-岡山",6,0,6
"21046","1570力肯","110/07/09","合庫-基隆",0,7,-7
"21047","1570力肯","110/07/09","統一-中壢",5,0,5
"21048","1570力肯","110/07/09","摩根大通",2,8,-6
"21049","1570力肯","110/07/09","凱基-三峽",5,0,5
"21050","1570力肯","110/07/09","台灣企銀-豐原",0,4,-4
"21051","1570力肯","110/07/09","大昌-樹林",4,0,4
"21052","1570力肯","110/07/09","日盛-桃園",0,4,-4
"21053","1570力肯","110/07/09","新光",3,0,3
"21054","1570力肯","110/07/09","國泰-高雄",0,3,-3
"21055","1570力肯","110/07/09","富邦-新竹華信",3,0,3
"21056","1570力肯","110/07/09","永豐金-敦南",0,3,-3
"21057","1570力肯","110/07/09","合庫-台中",2,0,2
"21058","1570力肯","110/07/09","土銀-彰化",0,2,-2
"21059","1570力肯","110/07/09","臺銀-臺中",2,0,2
"21060","1570力肯","110/07/09","臺銀-鳳山",0,2,-2
"21061","6180橘子","110/07/09","摩根大通",63,1,62
"21062","6180橘子","110/07/09","元大-南京",1,32,-31
"21063","6180橘子","110/07/09","富邦-陽明",73,33,40
"21064","6180橘子","110/07/09","群益金鼎-台北",0,25,-25
"21065","6180橘子","110/07/09","新加坡商瑞銀",31,0,31
"21066","6180橘子","110/07/09","兆豐-復興",0,21,-21
"21067","6180橘子","110/07/09","美商高盛",25,0,25
"21068","6180橘子","110/07/09","永豐金-嘉義",0,21,-21
"21069","6180橘子","110/07/09","凱基-台北",26,10,16
"21070","6180橘子","110/07/09","凱基-中壢",8,24,-16
"21071","6180橘子","110/07/09","華南永昌-楠梓",13,0,13
"21072","6180橘子","110/07/09","致和-崇德",0,15,-15
"21073","6180橘子","110/07/09","華南永昌-朴子",11,0,11
"21074","6180橘子","110/07/09","群益金鼎-屏東",0,15,-15
"21075","6180橘子","110/07/09","元大-北港",11,0,11
"21076","6180橘子","110/07/09","群益金鼎-中山",0,15,-15
"21077","6180橘子","110/07/09","元大-成功",10,1,9
"21078","6180橘子","110/07/09","瑞士信貸",1,15,-14
"21079","6180橘子","110/07/09","新光",26,18,8
"21080","6180橘子","110/07/09","日盛-二林",0,10,-10
"21081","6180橘子","110/07/09","統一-三重",6,0,6
"21082","6180橘子","110/07/09","凱基-東門",0,10,-10
"21083","6180橘子","110/07/09","群益金鼎-嘉義",6,0,6
"21084","6180橘子","110/07/09","華南永昌-三重",0,10,-10
"21085","6180橘子","110/07/09","元大-員林中山",6,0,6
"21086","6180橘子","110/07/09","元大-彰化民生",1,11,-10
"21087","6180橘子","110/07/09","合庫-鳳山",5,0,5
"21088","6180橘子","110/07/09","永豐金-新店",1,11,-10
"21089","6180橘子","110/07/09","富邦-建國",6,1,5
"21090","6180橘子","110/07/09","群益金鼎-丹鳳",0,8,-8
"21091","2390云辰","110/07/09","摩根大通",279,56,223
"21092","2390云辰","110/07/09","元大-天母",0,127,-127
"21093","2390云辰","110/07/09","日盛-鳳山",110,2,108
"21094","2390云辰","110/07/09","中國信託-文心",5,109,-104
"21095","2390云辰","110/07/09","宏遠證券",100,0,100
"21096","2390云辰","110/07/09","永豐金-復興",0,55,-55
"21097","2390云辰","110/07/09","元大-大里",63,6,57
"21098","2390云辰","110/07/09","凱基-台北",239,286,-47
"21099","2390云辰","110/07/09","凱基-八德",59,10,49
"21100","2390云辰","110/07/09","德信",2,32,-30
"21101","2390云辰","110/07/09","合庫-新竹",40,0,40
"21102","2390云辰","110/07/09","兆豐-桃鶯",2,32,-30
"21103","2390云辰","110/07/09","國票",40,1,39
"21104","2390云辰","110/07/09","致和-南京",0,30,-30
"21105","2390云辰","110/07/09","新加坡商瑞銀",49,13,36
"21106","2390云辰","110/07/09","富邦-虎尾",1,31,-30
"21107","2390云辰","110/07/09","統一-新台中",36,2,34
"21108","2390云辰","110/07/09","元大-善化",2,31,-29
"21109","2390云辰","110/07/09","國票-嘉義",31,0,31
"21110","2390云辰","110/07/09","富邦-板橋",0,27,-27
"21111","2390云辰","110/07/09","華南永昌",35,7,28
"21112","2390云辰","110/07/09","富邦-永和",3,28,-25
"21113","2390云辰","110/07/09","玉山-台中",49,22,27
"21114","2390云辰","110/07/09","第一金-自由",20,44,-24
"21115","2390云辰","110/07/09","華南永昌-敦南",25,0,25
"21116","2390云辰","110/07/09","凱基-內湖",0,24,-24
"21117","2390云辰","110/07/09","新光-高雄",27,4,23
"21118","2390云辰","110/07/09","元大-汐止",1,24,-23
"21119","2390云辰","110/07/09","台灣摩根士丹利",85,63,22
"21120","2390云辰","110/07/09","新光-台中",12,33,-21
"21121","4903聯光通","110/07/09","元大-敦南",10,0,10
"21122","4903聯光通","110/07/09","第一金-台中",0,12,-12
"21123","4903聯光通","110/07/09","凱基-士林",5,0,5
"21124","4903聯光通","110/07/09","日盛-忠孝",0,3,-3
"21125","4903聯光通","110/07/09","元大-苗栗",5,0,5
"21126","4903聯光通","110/07/09","群益金鼎-崇德",0,3,-3
"21127","4903聯光通","110/07/09","元大-屏南",3,0,3
"21128","4903聯光通","110/07/09","國票-內壢",0,2,-2
"21129","4903聯光通","110/07/09","中國信託-永康",1,0,1
"21130","4903聯光通","110/07/09","康和-南崁",0,2,-2
"21131","4903聯光通","110/07/09","玉山證券",1,0,1
"21132","4903聯光通","110/07/09","新光-台中",0,2,-2
"21133","4903聯光通","110/07/09","元大-太平",4,3,1
"21134","4903聯光通","110/07/09","玉山-城中",0,2,-2
"21135","4903聯光通","110/07/09","永豐金-嘉義",1,0,1
"21136","4903聯光通","110/07/09","中國信託-文心",0,1,-1
"21137","4903聯光通","110/07/09","大昌",0,0,0
"21138","4903聯光通","110/07/09","大昌",0,0,0
"21139","4903聯光通","110/07/09","中農",0,0,0
"21140","4903聯光通","110/07/09","中農",0,0,0
"21141","4903聯光通","110/07/09","",NA,NA,NA
"21142","4903聯光通","110/07/09","",NA,NA,NA
"21143","4903聯光通","110/07/09","",NA,NA,NA
"21144","4903聯光通","110/07/09","",NA,NA,NA
"21145","4903聯光通","110/07/09","",NA,NA,NA
"21146","4903聯光通","110/07/09","",NA,NA,NA
"21147","4903聯光通","110/07/09","",NA,NA,NA
"21148","4903聯光通","110/07/09","",NA,NA,NA
"21149","4903聯光通","110/07/09","",NA,NA,NA
"21150","4903聯光通","110/07/09","",NA,NA,NA
"21151","2929淘帝","110/07/09","台中銀-台北",110,0,110
"21152","2929淘帝","110/07/09","新光",2,82,-80
"21153","2929淘帝","110/07/09","華南永昌-頭份",72,0,72
"21154","2929淘帝","110/07/09","摩根大通",2,63,-61
"21155","2929淘帝","110/07/09","合庫-高雄",71,0,71
"21156","2929淘帝","110/07/09","第一金-路竹",0,50,-50
"21157","2929淘帝","110/07/09","高橋-龍潭",37,0,37
"21158","2929淘帝","110/07/09","港商麥格理",0,42,-42
"21159","2929淘帝","110/07/09","新光-台中",60,26,34
"21160","2929淘帝","110/07/09","陽信-石牌",0,40,-40
"21161","2929淘帝","110/07/09","元富-大裕",22,1,21
"21162","2929淘帝","110/07/09","台新-左楠",1,39,-38
"21163","2929淘帝","110/07/09","合庫-鳳山",20,0,20
"21164","2929淘帝","110/07/09","凱基-桃園",3,29,-26
"21165","2929淘帝","110/07/09","元大-員林",22,2,20
"21166","2929淘帝","110/07/09","兆豐-內湖",0,25,-25
"21167","2929淘帝","110/07/09","台新-建北",15,0,15
"21168","2929淘帝","110/07/09","元大-北港",0,20,-20
"21169","2929淘帝","110/07/09","兆豐-桃園",13,0,13
"21170","2929淘帝","110/07/09","富邦-北港",0,19,-19
"21171","2929淘帝","110/07/09","兆豐-忠孝",10,0,10
"21172","2929淘帝","110/07/09","富邦-花蓮",0,17,-17
"21173","2929淘帝","110/07/09","國票-敦北法人",10,0,10
"21174","2929淘帝","110/07/09","國泰-台中",2,17,-15
"21175","2929淘帝","110/07/09","永豐金-博愛",10,0,10
"21176","2929淘帝","110/07/09","群益金鼎-彰化",0,15,-15
"21177","2929淘帝","110/07/09","群益金鼎-潭子",8,0,8
"21178","2929淘帝","110/07/09","元大-博愛",0,14,-14
"21179","2929淘帝","110/07/09","富邦-南屯",8,0,8
"21180","2929淘帝","110/07/09","日盛-板橋",0,13,-13
"21181","5410國眾","110/07/09","元大-新盛",14,0,14
"21182","5410國眾","110/07/09","(牛牛牛)亞-鑫豐",1,41,-40
"21183","5410國眾","110/07/09","台灣企銀-民雄",10,0,10
"21184","5410國眾","110/07/09","元富-嘉義",0,25,-25
"21185","5410國眾","110/07/09","元富-虎尾",9,0,9
"21186","5410國眾","110/07/09","凱基-高美館",0,10,-10
"21187","5410國眾","110/07/09","摩根大通",10,1,9
"21188","5410國眾","110/07/09","凱基-城中",0,10,-10
"21189","5410國眾","110/07/09","兆豐-北高雄",7,0,7
"21190","5410國眾","110/07/09","元大-頭份",0,10,-10
"21191","5410國眾","110/07/09","凱基-台北",8,1,7
"21192","5410國眾","110/07/09","群益金鼎-丹鳳",0,7,-7
"21193","5410國眾","110/07/09","華南永昌-公誠",7,0,7
"21194","5410國眾","110/07/09","凱基-復興",0,7,-7
"21195","5410國眾","110/07/09","香港上海匯豐",6,0,6
"21196","5410國眾","110/07/09","元大-員林",0,7,-7
"21197","5410國眾","110/07/09","凱基-中壢",6,0,6
"21198","5410國眾","110/07/09","富邦-竹東",0,6,-6
"21199","5410國眾","110/07/09","華南永昌-南京",6,0,6
"21200","5410國眾","110/07/09","亞東-高雄",0,5,-5
"21201","5410國眾","110/07/09","統一-三重",5,0,5
"21202","5410國眾","110/07/09","大慶-中壢",1,6,-5
"21203","5410國眾","110/07/09","富邦-宜蘭",5,0,5
"21204","5410國眾","110/07/09","群益金鼎-中港",0,5,-5
"21205","5410國眾","110/07/09","元大-崇德",5,0,5
"21206","5410國眾","110/07/09","元大-八德",0,5,-5
"21207","5410國眾","110/07/09","元大-博愛",5,0,5
"21208","5410國眾","110/07/09","富邦-基隆",0,4,-4
"21209","5410國眾","110/07/09","元大-龍潭",5,0,5
"21210","5410國眾","110/07/09","臺銀-新竹",0,3,-3
"21211","2841台開","110/07/09","日盛-雙和",102,0,102
"21212","2841台開","110/07/09","港商野村",0,129,-129
"21213","2841台開","110/07/09","元大-館前",70,0,70
"21214","2841台開","110/07/09","兆豐-永和",0,100,-100
"21215","2841台開","110/07/09","凱基-文心",50,0,50
"21216","2841台開","110/07/09","台新證券",7,28,-21
"21217","2841台開","110/07/09","富邦-嘉義",40,0,40
"21218","2841台開","110/07/09","國票-北高雄",0,20,-20
"21219","2841台開","110/07/09","美商高盛",15,0,15
"21220","2841台開","110/07/09","永豐金-敦南",29,46,-17
"21221","2841台開","110/07/09","台中銀",15,0,15
"21222","2841台開","110/07/09","合庫-基隆",0,12,-12
"21223","2841台開","110/07/09","新光",11,0,11
"21224","2841台開","110/07/09","中國信託-松江",0,12,-12
"21225","2841台開","110/07/09","華南永昌-長虹",10,0,10
"21226","2841台開","110/07/09","兆豐-城中",0,12,-12
"21227","2841台開","110/07/09","永豐金-南投",10,0,10
"21228","2841台開","110/07/09","台中銀-豐原",0,10,-10
"21229","2841台開","110/07/09","合庫-桃園",7,0,7
"21230","2841台開","110/07/09","兆豐-景美",0,10,-10
"21231","2841台開","110/07/09","群益金鼎-古亭",7,0,7
"21232","2841台開","110/07/09","群益金鼎-基隆",0,10,-10
"21233","2841台開","110/07/09","國泰-敦南",6,0,6
"21234","2841台開","110/07/09","元大-北三重",0,10,-10
"21235","2841台開","110/07/09","凱基-桃園",8,2,6
"21236","2841台開","110/07/09","(牛牛牛)亞-網路",0,9,-9
"21237","2841台開","110/07/09","日盛證券",5,0,5
"21238","2841台開","110/07/09","台新-高雄",1,10,-9
"21239","2841台開","110/07/09","元富-文心",5,0,5
"21240","2841台開","110/07/09","凱基-台北",0,7,-7
"21241","6207雷科","110/07/09","群益金鼎-新竹",47,0,47
"21242","6207雷科","110/07/09","新光",7,24,-17
"21243","6207雷科","110/07/09","永豐金-三重",31,0,31
"21244","6207雷科","110/07/09","日盛-和美",0,15,-15
"21245","6207雷科","110/07/09","新加坡商瑞銀",33,5,28
"21246","6207雷科","110/07/09","國泰-台南",0,15,-15
"21247","6207雷科","110/07/09","元大-高雄",26,0,26
"21248","6207雷科","110/07/09","華南永昌-古亭",0,14,-14
"21249","6207雷科","110/07/09","統一-員林",22,0,22
"21250","6207雷科","110/07/09","土銀-白河",0,11,-11
"21251","6207雷科","110/07/09","台新-高雄",22,0,22
"21252","6207雷科","110/07/09","日盛-台南",0,10,-10
"21253","6207雷科","110/07/09","摩根大通",34,17,17
"21254","6207雷科","110/07/09","元富-林園",0,10,-10
"21255","6207雷科","110/07/09","元大-博愛",17,1,16
"21256","6207雷科","110/07/09","富邦-園區",0,10,-10
"21257","6207雷科","110/07/09","日茂-埔里",12,0,12
"21258","6207雷科","110/07/09","元大-上新莊",0,10,-10
"21259","6207雷科","110/07/09","國泰-台中",17,6,11
"21260","6207雷科","110/07/09","永豐金-南京",0,10,-10
"21261","6207雷科","110/07/09","富邦-三重",10,0,10
"21262","6207雷科","110/07/09","兆豐-小港",0,6,-6
"21263","6207雷科","110/07/09","元大-沙鹿",10,0,10
"21264","6207雷科","110/07/09","富邦-羅東",1,7,-6
"21265","6207雷科","110/07/09","元大-八德",10,0,10
"21266","6207雷科","110/07/09","元大-土城永寧",0,6,-6
"21267","6207雷科","110/07/09","第一金-路竹",11,2,9
"21268","6207雷科","110/07/09","永豐金-板盛",0,6,-6
"21269","6207雷科","110/07/09","統一-南京",5,0,5
"21270","6207雷科","110/07/09","日盛-板橋",0,5,-5
"21271","3679新至陞","110/07/09","元大-大天母",10,0,10
"21272","3679新至陞","110/07/09","第一金-光復",0,11,-11
"21273","3679新至陞","110/07/09","日盛-樹林",9,0,9
"21274","3679新至陞","110/07/09","瑞士信貸",0,8,-8
"21275","3679新至陞","110/07/09","凱基-台北",11,2,9
"21276","3679新至陞","110/07/09","大慶-苗栗",0,5,-5
"21277","3679新至陞","110/07/09","華南永昌-小港",8,0,8
"21278","3679新至陞","110/07/09","元大-永春",0,5,-5
"21279","3679新至陞","110/07/09","兆豐-來福",7,0,7
"21280","3679新至陞","110/07/09","日盛-和美",0,4,-4
"21281","3679新至陞","110/07/09","香港上海匯豐",5,0,5
"21282","3679新至陞","110/07/09","元大-雙和",0,3,-3
"21283","3679新至陞","110/07/09","台中銀-員林",3,0,3
"21284","3679新至陞","110/07/09","永豐金-屏東",0,3,-3
"21285","3679新至陞","110/07/09","新光",3,0,3
"21286","3679新至陞","110/07/09","彰銀",0,2,-2
"21287","3679新至陞","110/07/09","土銀-花蓮",2,0,2
"21288","3679新至陞","110/07/09","宏遠-館前",0,2,-2
"21289","3679新至陞","110/07/09","第一金-澎湖",2,0,2
"21290","3679新至陞","110/07/09","港商野村",0,2,-2
"21291","3679新至陞","110/07/09","摩根大通",2,0,2
"21292","3679新至陞","110/07/09","大昌-新店",0,2,-2
"21293","3679新至陞","110/07/09","國泰-敦南",2,0,2
"21294","3679新至陞","110/07/09","元大-新莊",0,2,-2
"21295","3679新至陞","110/07/09","元大-淡水",4,2,2
"21296","3679新至陞","110/07/09","元大-板橋",0,2,-2
"21297","3679新至陞","110/07/09","日盛-士林",1,0,1
"21298","3679新至陞","110/07/09","台灣摩根士丹利",0,1,-1
"21299","3679新至陞","110/07/09","日盛-信義",1,0,1
"21300","3679新至陞","110/07/09","第一金-高雄",0,1,-1
"21301","2727王品","110/07/09","台灣匯立證券",90,0,90
"21302","2727王品","110/07/09","台灣摩根士丹利",0,267,-267
"21303","2727王品","110/07/09","國泰-敦南",166,84,82
"21304","2727王品","110/07/09","富邦-台北",35,299,-264
"21305","2727王品","110/07/09","富邦-仁愛",56,12,44
"21306","2727王品","110/07/09","凱基-台北",174,296,-122
"21307","2727王品","110/07/09","台新證券",109,66,43
"21308","2727王品","110/07/09","第一金",2,102,-100
"21309","2727王品","110/07/09","新光",117,87,30
"21310","2727王品","110/07/09","群益金鼎-大安",0,80,-80
"21311","2727王品","110/07/09","臺銀-臺中",35,6,29
"21312","2727王品","110/07/09","兆豐-大安",7,60,-53
"21313","2727王品","110/07/09","元大-桃園",32,3,29
"21314","2727王品","110/07/09","永豐金-南投",0,50,-50
"21315","2727王品","110/07/09","元富-宜蘭",34,6,28
"21316","2727王品","110/07/09","新加坡商瑞銀",6,46,-40
"21317","2727王品","110/07/09","玉山-台中",34,8,26
"21318","2727王品","110/07/09","合庫-彰化",11,50,-39
"21319","2727王品","110/07/09","群益金鼎-宜蘭",30,4,26
"21320","2727王品","110/07/09","永豐金-萬盛",13,52,-39
"21321","2727王品","110/07/09","富邦-台中",42,16,26
"21322","2727王品","110/07/09","瑞士信貸",0,34,-34
"21323","2727王品","110/07/09","第一金-豐原",25,1,24
"21324","2727王品","110/07/09","元大-和平",4,35,-31
"21325","2727王品","110/07/09","臺銀",30,8,22
"21326","2727王品","110/07/09","美林",14,44,-30
"21327","2727王品","110/07/09","兆豐-來福",23,1,22
"21328","2727王品","110/07/09","元大-員林",9,38,-29
"21329","2727王品","110/07/09","玉山-士林",22,2,20
"21330","2727王品","110/07/09","元富-西松",4,31,-27
"21331","1570力肯","110/07/09","凱基-台北",30,1,29
"21332","1570力肯","110/07/09","群益金鼎-彰化",0,20,-20
"21333","1570力肯","110/07/09","新光-台南",20,0,20
"21334","1570力肯","110/07/09","元大-土城學府",0,20,-20
"21335","1570力肯","110/07/09","元大-高雄",20,0,20
"21336","1570力肯","110/07/09","元大-大統",0,16,-16
"21337","1570力肯","110/07/09","國票-中正",12,0,12
"21338","1570力肯","110/07/09","元大-新營",0,11,-11
"21339","1570力肯","110/07/09","日盛-高雄",6,0,6
"21340","1570力肯","110/07/09","元大-和平",0,10,-10
"21341","1570力肯","110/07/09","元富-緯城",6,0,6
"21342","1570力肯","110/07/09","元大-草屯",0,10,-10
"21343","1570力肯","110/07/09","群益金鼎-台南",6,0,6
"21344","1570力肯","110/07/09","元大-鹿港",0,9,-9
"21345","1570力肯","110/07/09","華南永昌-岡山",6,0,6
"21346","1570力肯","110/07/09","合庫-基隆",0,7,-7
"21347","1570力肯","110/07/09","統一-中壢",5,0,5
"21348","1570力肯","110/07/09","摩根大通",2,8,-6
"21349","1570力肯","110/07/09","凱基-三峽",5,0,5
"21350","1570力肯","110/07/09","台灣企銀-豐原",0,4,-4
"21351","1570力肯","110/07/09","大昌-樹林",4,0,4
"21352","1570力肯","110/07/09","日盛-桃園",0,4,-4
"21353","1570力肯","110/07/09","新光",3,0,3
"21354","1570力肯","110/07/09","國泰-高雄",0,3,-3
"21355","1570力肯","110/07/09","富邦-新竹華信",3,0,3
"21356","1570力肯","110/07/09","永豐金-敦南",0,3,-3
"21357","1570力肯","110/07/09","合庫-台中",2,0,2
"21358","1570力肯","110/07/09","土銀-彰化",0,2,-2
"21359","1570力肯","110/07/09","臺銀-臺中",2,0,2
"21360","1570力肯","110/07/09","臺銀-鳳山",0,2,-2
"21361","6180橘子","110/07/09","摩根大通",63,1,62
"21362","6180橘子","110/07/09","元大-南京",1,32,-31
"21363","6180橘子","110/07/09","富邦-陽明",73,33,40
"21364","6180橘子","110/07/09","群益金鼎-台北",0,25,-25
"21365","6180橘子","110/07/09","新加坡商瑞銀",31,0,31
"21366","6180橘子","110/07/09","兆豐-復興",0,21,-21
"21367","6180橘子","110/07/09","美商高盛",25,0,25
"21368","6180橘子","110/07/09","永豐金-嘉義",0,21,-21
"21369","6180橘子","110/07/09","凱基-台北",26,10,16
"21370","6180橘子","110/07/09","凱基-中壢",8,24,-16
"21371","6180橘子","110/07/09","華南永昌-楠梓",13,0,13
"21372","6180橘子","110/07/09","致和-崇德",0,15,-15
"21373","6180橘子","110/07/09","華南永昌-朴子",11,0,11
"21374","6180橘子","110/07/09","群益金鼎-屏東",0,15,-15
"21375","6180橘子","110/07/09","元大-北港",11,0,11
"21376","6180橘子","110/07/09","群益金鼎-中山",0,15,-15
"21377","6180橘子","110/07/09","元大-成功",10,1,9
"21378","6180橘子","110/07/09","瑞士信貸",1,15,-14
"21379","6180橘子","110/07/09","新光",26,18,8
"21380","6180橘子","110/07/09","日盛-二林",0,10,-10
"21381","6180橘子","110/07/09","統一-三重",6,0,6
"21382","6180橘子","110/07/09","凱基-東門",0,10,-10
"21383","6180橘子","110/07/09","群益金鼎-嘉義",6,0,6
"21384","6180橘子","110/07/09","華南永昌-三重",0,10,-10
"21385","6180橘子","110/07/09","元大-員林中山",6,0,6
"21386","6180橘子","110/07/09","元大-彰化民生",1,11,-10
"21387","6180橘子","110/07/09","合庫-鳳山",5,0,5
"21388","6180橘子","110/07/09","永豐金-新店",1,11,-10
"21389","6180橘子","110/07/09","富邦-建國",6,1,5
"21390","6180橘子","110/07/09","群益金鼎-丹鳳",0,8,-8
"21391","2390云辰","110/07/09","摩根大通",279,56,223
"21392","2390云辰","110/07/09","元大-天母",0,127,-127
"21393","2390云辰","110/07/09","日盛-鳳山",110,2,108
"21394","2390云辰","110/07/09","中國信託-文心",5,109,-104
"21395","2390云辰","110/07/09","宏遠證券",100,0,100
"21396","2390云辰","110/07/09","永豐金-復興",0,55,-55
"21397","2390云辰","110/07/09","元大-大里",63,6,57
"21398","2390云辰","110/07/09","凱基-台北",239,286,-47
"21399","2390云辰","110/07/09","凱基-八德",59,10,49
"21400","2390云辰","110/07/09","德信",2,32,-30
"21401","2390云辰","110/07/09","合庫-新竹",40,0,40
"21402","2390云辰","110/07/09","兆豐-桃鶯",2,32,-30
"21403","2390云辰","110/07/09","國票",40,1,39
"21404","2390云辰","110/07/09","致和-南京",0,30,-30
"21405","2390云辰","110/07/09","新加坡商瑞銀",49,13,36
"21406","2390云辰","110/07/09","富邦-虎尾",1,31,-30
"21407","2390云辰","110/07/09","統一-新台中",36,2,34
"21408","2390云辰","110/07/09","元大-善化",2,31,-29
"21409","2390云辰","110/07/09","國票-嘉義",31,0,31
"21410","2390云辰","110/07/09","富邦-板橋",0,27,-27
"21411","2390云辰","110/07/09","華南永昌",35,7,28
"21412","2390云辰","110/07/09","富邦-永和",3,28,-25
"21413","2390云辰","110/07/09","玉山-台中",49,22,27
"21414","2390云辰","110/07/09","第一金-自由",20,44,-24
"21415","2390云辰","110/07/09","華南永昌-敦南",25,0,25
"21416","2390云辰","110/07/09","凱基-內湖",0,24,-24
"21417","2390云辰","110/07/09","新光-高雄",27,4,23
"21418","2390云辰","110/07/09","元大-汐止",1,24,-23
"21419","2390云辰","110/07/09","台灣摩根士丹利",85,63,22
"21420","2390云辰","110/07/09","新光-台中",12,33,-21
"21421","4903聯光通","110/07/09","元大-敦南",10,0,10
"21422","4903聯光通","110/07/09","第一金-台中",0,12,-12
"21423","4903聯光通","110/07/09","凱基-士林",5,0,5
"21424","4903聯光通","110/07/09","日盛-忠孝",0,3,-3
"21425","4903聯光通","110/07/09","元大-苗栗",5,0,5
"21426","4903聯光通","110/07/09","群益金鼎-崇德",0,3,-3
"21427","4903聯光通","110/07/09","元大-屏南",3,0,3
"21428","4903聯光通","110/07/09","國票-內壢",0,2,-2
"21429","4903聯光通","110/07/09","中國信託-永康",1,0,1
"21430","4903聯光通","110/07/09","康和-南崁",0,2,-2
"21431","4903聯光通","110/07/09","玉山證券",1,0,1
"21432","4903聯光通","110/07/09","新光-台中",0,2,-2
"21433","4903聯光通","110/07/09","元大-太平",4,3,1
"21434","4903聯光通","110/07/09","玉山-城中",0,2,-2
"21435","4903聯光通","110/07/09","永豐金-嘉義",1,0,1
"21436","4903聯光通","110/07/09","中國信託-文心",0,1,-1
"21437","4903聯光通","110/07/09","大昌",0,0,0
"21438","4903聯光通","110/07/09","大昌",0,0,0
"21439","4903聯光通","110/07/09","中農",0,0,0
"21440","4903聯光通","110/07/09","中農",0,0,0
"21441","4903聯光通","110/07/09","",NA,NA,NA
"21442","4903聯光通","110/07/09","",NA,NA,NA
"21443","4903聯光通","110/07/09","",NA,NA,NA
"21444","4903聯光通","110/07/09","",NA,NA,NA
"21445","4903聯光通","110/07/09","",NA,NA,NA
"21446","4903聯光通","110/07/09","",NA,NA,NA
"21447","4903聯光通","110/07/09","",NA,NA,NA
"21448","4903聯光通","110/07/09","",NA,NA,NA
"21449","4903聯光通","110/07/09","",NA,NA,NA
"21450","4903聯光通","110/07/09","",NA,NA,NA
"21451","2929淘帝","110/07/09","台中銀-台北",110,0,110
"21452","2929淘帝","110/07/09","新光",2,82,-80
"21453","2929淘帝","110/07/09","華南永昌-頭份",72,0,72
"21454","2929淘帝","110/07/09","摩根大通",2,63,-61
"21455","2929淘帝","110/07/09","合庫-高雄",71,0,71
"21456","2929淘帝","110/07/09","第一金-路竹",0,50,-50
"21457","2929淘帝","110/07/09","高橋-龍潭",37,0,37
"21458","2929淘帝","110/07/09","港商麥格理",0,42,-42
"21459","2929淘帝","110/07/09","新光-台中",60,26,34
"21460","2929淘帝","110/07/09","陽信-石牌",0,40,-40
"21461","2929淘帝","110/07/09","元富-大裕",22,1,21
"21462","2929淘帝","110/07/09","台新-左楠",1,39,-38
"21463","2929淘帝","110/07/09","合庫-鳳山",20,0,20
"21464","2929淘帝","110/07/09","凱基-桃園",3,29,-26
"21465","2929淘帝","110/07/09","元大-員林",22,2,20
"21466","2929淘帝","110/07/09","兆豐-內湖",0,25,-25
"21467","2929淘帝","110/07/09","台新-建北",15,0,15
"21468","2929淘帝","110/07/09","元大-北港",0,20,-20
"21469","2929淘帝","110/07/09","兆豐-桃園",13,0,13
"21470","2929淘帝","110/07/09","富邦-北港",0,19,-19
"21471","2929淘帝","110/07/09","兆豐-忠孝",10,0,10
"21472","2929淘帝","110/07/09","富邦-花蓮",0,17,-17
"21473","2929淘帝","110/07/09","國票-敦北法人",10,0,10
"21474","2929淘帝","110/07/09","國泰-台中",2,17,-15
"21475","2929淘帝","110/07/09","永豐金-博愛",10,0,10
"21476","2929淘帝","110/07/09","群益金鼎-彰化",0,15,-15
"21477","2929淘帝","110/07/09","群益金鼎-潭子",8,0,8
"21478","2929淘帝","110/07/09","元大-博愛",0,14,-14
"21479","2929淘帝","110/07/09","富邦-南屯",8,0,8
"21480","2929淘帝","110/07/09","日盛-板橋",0,13,-13
"21481","5410國眾","110/07/09","元大-新盛",14,0,14
"21482","5410國眾","110/07/09","(牛牛牛)亞-鑫豐",1,41,-40
"21483","5410國眾","110/07/09","台灣企銀-民雄",10,0,10
"21484","5410國眾","110/07/09","元富-嘉義",0,25,-25
"21485","5410國眾","110/07/09","元富-虎尾",9,0,9
"21486","5410國眾","110/07/09","凱基-高美館",0,10,-10
"21487","5410國眾","110/07/09","摩根大通",10,1,9
"21488","5410國眾","110/07/09","凱基-城中",0,10,-10
"21489","5410國眾","110/07/09","兆豐-北高雄",7,0,7
"21490","5410國眾","110/07/09","元大-頭份",0,10,-10
"21491","5410國眾","110/07/09","凱基-台北",8,1,7
"21492","5410國眾","110/07/09","群益金鼎-丹鳳",0,7,-7
"21493","5410國眾","110/07/09","華南永昌-公誠",7,0,7
"21494","5410國眾","110/07/09","凱基-復興",0,7,-7
"21495","5410國眾","110/07/09","香港上海匯豐",6,0,6
"21496","5410國眾","110/07/09","元大-員林",0,7,-7
"21497","5410國眾","110/07/09","凱基-中壢",6,0,6
"21498","5410國眾","110/07/09","富邦-竹東",0,6,-6
"21499","5410國眾","110/07/09","華南永昌-南京",6,0,6
"21500","5410國眾","110/07/09","亞東-高雄",0,5,-5
"21501","5410國眾","110/07/09","統一-三重",5,0,5
"21502","5410國眾","110/07/09","大慶-中壢",1,6,-5
"21503","5410國眾","110/07/09","富邦-宜蘭",5,0,5
"21504","5410國眾","110/07/09","群益金鼎-中港",0,5,-5
"21505","5410國眾","110/07/09","元大-崇德",5,0,5
"21506","5410國眾","110/07/09","元大-八德",0,5,-5
"21507","5410國眾","110/07/09","元大-博愛",5,0,5
"21508","5410國眾","110/07/09","富邦-基隆",0,4,-4
"21509","5410國眾","110/07/09","元大-龍潭",5,0,5
"21510","5410國眾","110/07/09","臺銀-新竹",0,3,-3
"21511","2841台開","110/07/09","日盛-雙和",102,0,102
"21512","2841台開","110/07/09","港商野村",0,129,-129
"21513","2841台開","110/07/09","元大-館前",70,0,70
"21514","2841台開","110/07/09","兆豐-永和",0,100,-100
"21515","2841台開","110/07/09","凱基-文心",50,0,50
"21516","2841台開","110/07/09","台新證券",7,28,-21
"21517","2841台開","110/07/09","富邦-嘉義",40,0,40
"21518","2841台開","110/07/09","國票-北高雄",0,20,-20
"21519","2841台開","110/07/09","美商高盛",15,0,15
"21520","2841台開","110/07/09","永豐金-敦南",29,46,-17
"21521","2841台開","110/07/09","台中銀",15,0,15
"21522","2841台開","110/07/09","合庫-基隆",0,12,-12
"21523","2841台開","110/07/09","新光",11,0,11
"21524","2841台開","110/07/09","中國信託-松江",0,12,-12
"21525","2841台開","110/07/09","華南永昌-長虹",10,0,10
"21526","2841台開","110/07/09","兆豐-城中",0,12,-12
"21527","2841台開","110/07/09","永豐金-南投",10,0,10
"21528","2841台開","110/07/09","台中銀-豐原",0,10,-10
"21529","2841台開","110/07/09","合庫-桃園",7,0,7
"21530","2841台開","110/07/09","兆豐-景美",0,10,-10
"21531","2841台開","110/07/09","群益金鼎-古亭",7,0,7
"21532","2841台開","110/07/09","群益金鼎-基隆",0,10,-10
"21533","2841台開","110/07/09","國泰-敦南",6,0,6
"21534","2841台開","110/07/09","元大-北三重",0,10,-10
"21535","2841台開","110/07/09","凱基-桃園",8,2,6
"21536","2841台開","110/07/09","(牛牛牛)亞-網路",0,9,-9
"21537","2841台開","110/07/09","日盛證券",5,0,5
"21538","2841台開","110/07/09","台新-高雄",1,10,-9
"21539","2841台開","110/07/09","元富-文心",5,0,5
"21540","2841台開","110/07/09","凱基-台北",0,7,-7
"21541","6207雷科","110/07/09","群益金鼎-新竹",47,0,47
"21542","6207雷科","110/07/09","新光",7,24,-17
"21543","6207雷科","110/07/09","永豐金-三重",31,0,31
"21544","6207雷科","110/07/09","日盛-和美",0,15,-15
"21545","6207雷科","110/07/09","新加坡商瑞銀",33,5,28
"21546","6207雷科","110/07/09","國泰-台南",0,15,-15
"21547","6207雷科","110/07/09","元大-高雄",26,0,26
"21548","6207雷科","110/07/09","華南永昌-古亭",0,14,-14
"21549","6207雷科","110/07/09","統一-員林",22,0,22
"21550","6207雷科","110/07/09","土銀-白河",0,11,-11
"21551","6207雷科","110/07/09","台新-高雄",22,0,22
"21552","6207雷科","110/07/09","日盛-台南",0,10,-10
"21553","6207雷科","110/07/09","摩根大通",34,17,17
"21554","6207雷科","110/07/09","元富-林園",0,10,-10
"21555","6207雷科","110/07/09","元大-博愛",17,1,16
"21556","6207雷科","110/07/09","富邦-園區",0,10,-10
"21557","6207雷科","110/07/09","日茂-埔里",12,0,12
"21558","6207雷科","110/07/09","元大-上新莊",0,10,-10
"21559","6207雷科","110/07/09","國泰-台中",17,6,11
"21560","6207雷科","110/07/09","永豐金-南京",0,10,-10
"21561","6207雷科","110/07/09","富邦-三重",10,0,10
"21562","6207雷科","110/07/09","兆豐-小港",0,6,-6
"21563","6207雷科","110/07/09","元大-沙鹿",10,0,10
"21564","6207雷科","110/07/09","富邦-羅東",1,7,-6
"21565","6207雷科","110/07/09","元大-八德",10,0,10
"21566","6207雷科","110/07/09","元大-土城永寧",0,6,-6
"21567","6207雷科","110/07/09","第一金-路竹",11,2,9
"21568","6207雷科","110/07/09","永豐金-板盛",0,6,-6
"21569","6207雷科","110/07/09","統一-南京",5,0,5
"21570","6207雷科","110/07/09","日盛-板橋",0,5,-5
"21571","3679新至陞","110/07/09","元大-大天母",10,0,10
"21572","3679新至陞","110/07/09","第一金-光復",0,11,-11
"21573","3679新至陞","110/07/09","日盛-樹林",9,0,9
"21574","3679新至陞","110/07/09","瑞士信貸",0,8,-8
"21575","3679新至陞","110/07/09","凱基-台北",11,2,9
"21576","3679新至陞","110/07/09","大慶-苗栗",0,5,-5
"21577","3679新至陞","110/07/09","華南永昌-小港",8,0,8
"21578","3679新至陞","110/07/09","元大-永春",0,5,-5
"21579","3679新至陞","110/07/09","兆豐-來福",7,0,7
"21580","3679新至陞","110/07/09","日盛-和美",0,4,-4
"21581","3679新至陞","110/07/09","香港上海匯豐",5,0,5
"21582","3679新至陞","110/07/09","元大-雙和",0,3,-3
"21583","3679新至陞","110/07/09","台中銀-員林",3,0,3
"21584","3679新至陞","110/07/09","永豐金-屏東",0,3,-3
"21585","3679新至陞","110/07/09","新光",3,0,3
"21586","3679新至陞","110/07/09","彰銀",0,2,-2
"21587","3679新至陞","110/07/09","土銀-花蓮",2,0,2
"21588","3679新至陞","110/07/09","宏遠-館前",0,2,-2
"21589","3679新至陞","110/07/09","第一金-澎湖",2,0,2
"21590","3679新至陞","110/07/09","港商野村",0,2,-2
"21591","3679新至陞","110/07/09","摩根大通",2,0,2
"21592","3679新至陞","110/07/09","大昌-新店",0,2,-2
"21593","3679新至陞","110/07/09","國泰-敦南",2,0,2
"21594","3679新至陞","110/07/09","元大-新莊",0,2,-2
"21595","3679新至陞","110/07/09","元大-淡水",4,2,2
"21596","3679新至陞","110/07/09","元大-板橋",0,2,-2
"21597","3679新至陞","110/07/09","日盛-士林",1,0,1
"21598","3679新至陞","110/07/09","台灣摩根士丹利",0,1,-1
"21599","3679新至陞","110/07/09","日盛-信義",1,0,1
"21600","3679新至陞","110/07/09","第一金-高雄",0,1,-1
"21601","2727王品","110/07/09","台灣匯立證券",90,0,90
"21602","2727王品","110/07/09","台灣摩根士丹利",0,267,-267
"21603","2727王品","110/07/09","國泰-敦南",166,84,82
"21604","2727王品","110/07/09","富邦-台北",35,299,-264
"21605","2727王品","110/07/09","富邦-仁愛",56,12,44
"21606","2727王品","110/07/09","凱基-台北",174,296,-122
"21607","2727王品","110/07/09","台新證券",109,66,43
"21608","2727王品","110/07/09","第一金",2,102,-100
"21609","2727王品","110/07/09","新光",117,87,30
"21610","2727王品","110/07/09","群益金鼎-大安",0,80,-80
"21611","2727王品","110/07/09","臺銀-臺中",35,6,29
"21612","2727王品","110/07/09","兆豐-大安",7,60,-53
"21613","2727王品","110/07/09","元大-桃園",32,3,29
"21614","2727王品","110/07/09","永豐金-南投",0,50,-50
"21615","2727王品","110/07/09","元富-宜蘭",34,6,28
"21616","2727王品","110/07/09","新加坡商瑞銀",6,46,-40
"21617","2727王品","110/07/09","玉山-台中",34,8,26
"21618","2727王品","110/07/09","合庫-彰化",11,50,-39
"21619","2727王品","110/07/09","群益金鼎-宜蘭",30,4,26
"21620","2727王品","110/07/09","永豐金-萬盛",13,52,-39
"21621","2727王品","110/07/09","富邦-台中",42,16,26
"21622","2727王品","110/07/09","瑞士信貸",0,34,-34
"21623","2727王品","110/07/09","第一金-豐原",25,1,24
"21624","2727王品","110/07/09","元大-和平",4,35,-31
"21625","2727王品","110/07/09","臺銀",30,8,22
"21626","2727王品","110/07/09","美林",14,44,-30
"21627","2727王品","110/07/09","兆豐-來福",23,1,22
"21628","2727王品","110/07/09","元大-員林",9,38,-29
"21629","2727王品","110/07/09","玉山-士林",22,2,20
"21630","2727王品","110/07/09","元富-西松",4,31,-27
"21631","1570力肯","110/07/09","凱基-台北",30,1,29
"21632","1570力肯","110/07/09","群益金鼎-彰化",0,20,-20
"21633","1570力肯","110/07/09","新光-台南",20,0,20
"21634","1570力肯","110/07/09","元大-土城學府",0,20,-20
"21635","1570力肯","110/07/09","元大-高雄",20,0,20
"21636","1570力肯","110/07/09","元大-大統",0,16,-16
"21637","1570力肯","110/07/09","國票-中正",12,0,12
"21638","1570力肯","110/07/09","元大-新營",0,11,-11
"21639","1570力肯","110/07/09","日盛-高雄",6,0,6
"21640","1570力肯","110/07/09","元大-和平",0,10,-10
"21641","1570力肯","110/07/09","元富-緯城",6,0,6
"21642","1570力肯","110/07/09","元大-草屯",0,10,-10
"21643","1570力肯","110/07/09","群益金鼎-台南",6,0,6
"21644","1570力肯","110/07/09","元大-鹿港",0,9,-9
"21645","1570力肯","110/07/09","華南永昌-岡山",6,0,6
"21646","1570力肯","110/07/09","合庫-基隆",0,7,-7
"21647","1570力肯","110/07/09","統一-中壢",5,0,5
"21648","1570力肯","110/07/09","摩根大通",2,8,-6
"21649","1570力肯","110/07/09","凱基-三峽",5,0,5
"21650","1570力肯","110/07/09","台灣企銀-豐原",0,4,-4
"21651","1570力肯","110/07/09","大昌-樹林",4,0,4
"21652","1570力肯","110/07/09","日盛-桃園",0,4,-4
"21653","1570力肯","110/07/09","新光",3,0,3
"21654","1570力肯","110/07/09","國泰-高雄",0,3,-3
"21655","1570力肯","110/07/09","富邦-新竹華信",3,0,3
"21656","1570力肯","110/07/09","永豐金-敦南",0,3,-3
"21657","1570力肯","110/07/09","合庫-台中",2,0,2
"21658","1570力肯","110/07/09","土銀-彰化",0,2,-2
"21659","1570力肯","110/07/09","臺銀-臺中",2,0,2
"21660","1570力肯","110/07/09","臺銀-鳳山",0,2,-2
"21661","6180橘子","110/07/09","摩根大通",63,1,62
"21662","6180橘子","110/07/09","元大-南京",1,32,-31
"21663","6180橘子","110/07/09","富邦-陽明",73,33,40
"21664","6180橘子","110/07/09","群益金鼎-台北",0,25,-25
"21665","6180橘子","110/07/09","新加坡商瑞銀",31,0,31
"21666","6180橘子","110/07/09","兆豐-復興",0,21,-21
"21667","6180橘子","110/07/09","美商高盛",25,0,25
"21668","6180橘子","110/07/09","永豐金-嘉義",0,21,-21
"21669","6180橘子","110/07/09","凱基-台北",26,10,16
"21670","6180橘子","110/07/09","凱基-中壢",8,24,-16
"21671","6180橘子","110/07/09","華南永昌-楠梓",13,0,13
"21672","6180橘子","110/07/09","致和-崇德",0,15,-15
"21673","6180橘子","110/07/09","華南永昌-朴子",11,0,11
"21674","6180橘子","110/07/09","群益金鼎-屏東",0,15,-15
"21675","6180橘子","110/07/09","元大-北港",11,0,11
"21676","6180橘子","110/07/09","群益金鼎-中山",0,15,-15
"21677","6180橘子","110/07/09","元大-成功",10,1,9
"21678","6180橘子","110/07/09","瑞士信貸",1,15,-14
"21679","6180橘子","110/07/09","新光",26,18,8
"21680","6180橘子","110/07/09","日盛-二林",0,10,-10
"21681","6180橘子","110/07/09","統一-三重",6,0,6
"21682","6180橘子","110/07/09","凱基-東門",0,10,-10
"21683","6180橘子","110/07/09","群益金鼎-嘉義",6,0,6
"21684","6180橘子","110/07/09","華南永昌-三重",0,10,-10
"21685","6180橘子","110/07/09","元大-員林中山",6,0,6
"21686","6180橘子","110/07/09","元大-彰化民生",1,11,-10
"21687","6180橘子","110/07/09","合庫-鳳山",5,0,5
"21688","6180橘子","110/07/09","永豐金-新店",1,11,-10
"21689","6180橘子","110/07/09","富邦-建國",6,1,5
"21690","6180橘子","110/07/09","群益金鼎-丹鳳",0,8,-8
"21691","2390云辰","110/07/09","摩根大通",279,56,223
"21692","2390云辰","110/07/09","元大-天母",0,127,-127
"21693","2390云辰","110/07/09","日盛-鳳山",110,2,108
"21694","2390云辰","110/07/09","中國信託-文心",5,109,-104
"21695","2390云辰","110/07/09","宏遠證券",100,0,100
"21696","2390云辰","110/07/09","永豐金-復興",0,55,-55
"21697","2390云辰","110/07/09","元大-大里",63,6,57
"21698","2390云辰","110/07/09","凱基-台北",239,286,-47
"21699","2390云辰","110/07/09","凱基-八德",59,10,49
"21700","2390云辰","110/07/09","德信",2,32,-30
"21701","2390云辰","110/07/09","合庫-新竹",40,0,40
"21702","2390云辰","110/07/09","兆豐-桃鶯",2,32,-30
"21703","2390云辰","110/07/09","國票",40,1,39
"21704","2390云辰","110/07/09","致和-南京",0,30,-30
"21705","2390云辰","110/07/09","新加坡商瑞銀",49,13,36
"21706","2390云辰","110/07/09","富邦-虎尾",1,31,-30
"21707","2390云辰","110/07/09","統一-新台中",36,2,34
"21708","2390云辰","110/07/09","元大-善化",2,31,-29
"21709","2390云辰","110/07/09","國票-嘉義",31,0,31
"21710","2390云辰","110/07/09","富邦-板橋",0,27,-27
"21711","2390云辰","110/07/09","華南永昌",35,7,28
"21712","2390云辰","110/07/09","富邦-永和",3,28,-25
"21713","2390云辰","110/07/09","玉山-台中",49,22,27
"21714","2390云辰","110/07/09","第一金-自由",20,44,-24
"21715","2390云辰","110/07/09","華南永昌-敦南",25,0,25
"21716","2390云辰","110/07/09","凱基-內湖",0,24,-24
"21717","2390云辰","110/07/09","新光-高雄",27,4,23
"21718","2390云辰","110/07/09","元大-汐止",1,24,-23
"21719","2390云辰","110/07/09","台灣摩根士丹利",85,63,22
"21720","2390云辰","110/07/09","新光-台中",12,33,-21
"21721","4903聯光通","110/07/09","元大-敦南",10,0,10
"21722","4903聯光通","110/07/09","第一金-台中",0,12,-12
"21723","4903聯光通","110/07/09","凱基-士林",5,0,5
"21724","4903聯光通","110/07/09","日盛-忠孝",0,3,-3
"21725","4903聯光通","110/07/09","元大-苗栗",5,0,5
"21726","4903聯光通","110/07/09","群益金鼎-崇德",0,3,-3
"21727","4903聯光通","110/07/09","元大-屏南",3,0,3
"21728","4903聯光通","110/07/09","國票-內壢",0,2,-2
"21729","4903聯光通","110/07/09","中國信託-永康",1,0,1
"21730","4903聯光通","110/07/09","康和-南崁",0,2,-2
"21731","4903聯光通","110/07/09","玉山證券",1,0,1
"21732","4903聯光通","110/07/09","新光-台中",0,2,-2
"21733","4903聯光通","110/07/09","元大-太平",4,3,1
"21734","4903聯光通","110/07/09","玉山-城中",0,2,-2
"21735","4903聯光通","110/07/09","永豐金-嘉義",1,0,1
"21736","4903聯光通","110/07/09","中國信託-文心",0,1,-1
"21737","4903聯光通","110/07/09","大昌",0,0,0
"21738","4903聯光通","110/07/09","大昌",0,0,0
"21739","4903聯光通","110/07/09","中農",0,0,0
"21740","4903聯光通","110/07/09","中農",0,0,0
"21741","4903聯光通","110/07/09","",NA,NA,NA
"21742","4903聯光通","110/07/09","",NA,NA,NA
"21743","4903聯光通","110/07/09","",NA,NA,NA
"21744","4903聯光通","110/07/09","",NA,NA,NA
"21745","4903聯光通","110/07/09","",NA,NA,NA
"21746","4903聯光通","110/07/09","",NA,NA,NA
"21747","4903聯光通","110/07/09","",NA,NA,NA
"21748","4903聯光通","110/07/09","",NA,NA,NA
"21749","4903聯光通","110/07/09","",NA,NA,NA
"21750","4903聯光通","110/07/09","",NA,NA,NA
"21751","2929淘帝","110/07/09","台中銀-台北",110,0,110
"21752","2929淘帝","110/07/09","新光",2,82,-80
"21753","2929淘帝","110/07/09","華南永昌-頭份",72,0,72
"21754","2929淘帝","110/07/09","摩根大通",2,63,-61
"21755","2929淘帝","110/07/09","合庫-高雄",71,0,71
"21756","2929淘帝","110/07/09","第一金-路竹",0,50,-50
"21757","2929淘帝","110/07/09","高橋-龍潭",37,0,37
"21758","2929淘帝","110/07/09","港商麥格理",0,42,-42
"21759","2929淘帝","110/07/09","新光-台中",60,26,34
"21760","2929淘帝","110/07/09","陽信-石牌",0,40,-40
"21761","2929淘帝","110/07/09","元富-大裕",22,1,21
"21762","2929淘帝","110/07/09","台新-左楠",1,39,-38
"21763","2929淘帝","110/07/09","合庫-鳳山",20,0,20
"21764","2929淘帝","110/07/09","凱基-桃園",3,29,-26
"21765","2929淘帝","110/07/09","元大-員林",22,2,20
"21766","2929淘帝","110/07/09","兆豐-內湖",0,25,-25
"21767","2929淘帝","110/07/09","台新-建北",15,0,15
"21768","2929淘帝","110/07/09","元大-北港",0,20,-20
"21769","2929淘帝","110/07/09","兆豐-桃園",13,0,13
"21770","2929淘帝","110/07/09","富邦-北港",0,19,-19
"21771","2929淘帝","110/07/09","兆豐-忠孝",10,0,10
"21772","2929淘帝","110/07/09","富邦-花蓮",0,17,-17
"21773","2929淘帝","110/07/09","國票-敦北法人",10,0,10
"21774","2929淘帝","110/07/09","國泰-台中",2,17,-15
"21775","2929淘帝","110/07/09","永豐金-博愛",10,0,10
"21776","2929淘帝","110/07/09","群益金鼎-彰化",0,15,-15
"21777","2929淘帝","110/07/09","群益金鼎-潭子",8,0,8
"21778","2929淘帝","110/07/09","元大-博愛",0,14,-14
"21779","2929淘帝","110/07/09","富邦-南屯",8,0,8
"21780","2929淘帝","110/07/09","日盛-板橋",0,13,-13
"21781","5410國眾","110/07/09","元大-新盛",14,0,14
"21782","5410國眾","110/07/09","(牛牛牛)亞-鑫豐",1,41,-40
"21783","5410國眾","110/07/09","台灣企銀-民雄",10,0,10
"21784","5410國眾","110/07/09","元富-嘉義",0,25,-25
"21785","5410國眾","110/07/09","元富-虎尾",9,0,9
"21786","5410國眾","110/07/09","凱基-高美館",0,10,-10
"21787","5410國眾","110/07/09","摩根大通",10,1,9
"21788","5410國眾","110/07/09","凱基-城中",0,10,-10
"21789","5410國眾","110/07/09","兆豐-北高雄",7,0,7
"21790","5410國眾","110/07/09","元大-頭份",0,10,-10
"21791","5410國眾","110/07/09","凱基-台北",8,1,7
"21792","5410國眾","110/07/09","群益金鼎-丹鳳",0,7,-7
"21793","5410國眾","110/07/09","華南永昌-公誠",7,0,7
"21794","5410國眾","110/07/09","凱基-復興",0,7,-7
"21795","5410國眾","110/07/09","香港上海匯豐",6,0,6
"21796","5410國眾","110/07/09","元大-員林",0,7,-7
"21797","5410國眾","110/07/09","凱基-中壢",6,0,6
"21798","5410國眾","110/07/09","富邦-竹東",0,6,-6
"21799","5410國眾","110/07/09","華南永昌-南京",6,0,6
"21800","5410國眾","110/07/09","亞東-高雄",0,5,-5
"21801","5410國眾","110/07/09","統一-三重",5,0,5
"21802","5410國眾","110/07/09","大慶-中壢",1,6,-5
"21803","5410國眾","110/07/09","富邦-宜蘭",5,0,5
"21804","5410國眾","110/07/09","群益金鼎-中港",0,5,-5
"21805","5410國眾","110/07/09","元大-崇德",5,0,5
"21806","5410國眾","110/07/09","元大-八德",0,5,-5
"21807","5410國眾","110/07/09","元大-博愛",5,0,5
"21808","5410國眾","110/07/09","富邦-基隆",0,4,-4
"21809","5410國眾","110/07/09","元大-龍潭",5,0,5
"21810","5410國眾","110/07/09","臺銀-新竹",0,3,-3
"21811","2841台開","110/07/09","日盛-雙和",102,0,102
"21812","2841台開","110/07/09","港商野村",0,129,-129
"21813","2841台開","110/07/09","元大-館前",70,0,70
"21814","2841台開","110/07/09","兆豐-永和",0,100,-100
"21815","2841台開","110/07/09","凱基-文心",50,0,50
"21816","2841台開","110/07/09","台新證券",7,28,-21
"21817","2841台開","110/07/09","富邦-嘉義",40,0,40
"21818","2841台開","110/07/09","國票-北高雄",0,20,-20
"21819","2841台開","110/07/09","美商高盛",15,0,15
"21820","2841台開","110/07/09","永豐金-敦南",29,46,-17
"21821","2841台開","110/07/09","台中銀",15,0,15
"21822","2841台開","110/07/09","合庫-基隆",0,12,-12
"21823","2841台開","110/07/09","新光",11,0,11
"21824","2841台開","110/07/09","中國信託-松江",0,12,-12
"21825","2841台開","110/07/09","華南永昌-長虹",10,0,10
"21826","2841台開","110/07/09","兆豐-城中",0,12,-12
"21827","2841台開","110/07/09","永豐金-南投",10,0,10
"21828","2841台開","110/07/09","台中銀-豐原",0,10,-10
"21829","2841台開","110/07/09","合庫-桃園",7,0,7
"21830","2841台開","110/07/09","兆豐-景美",0,10,-10
"21831","2841台開","110/07/09","群益金鼎-古亭",7,0,7
"21832","2841台開","110/07/09","群益金鼎-基隆",0,10,-10
"21833","2841台開","110/07/09","國泰-敦南",6,0,6
"21834","2841台開","110/07/09","元大-北三重",0,10,-10
"21835","2841台開","110/07/09","凱基-桃園",8,2,6
"21836","2841台開","110/07/09","(牛牛牛)亞-網路",0,9,-9
"21837","2841台開","110/07/09","日盛證券",5,0,5
"21838","2841台開","110/07/09","台新-高雄",1,10,-9
"21839","2841台開","110/07/09","元富-文心",5,0,5
"21840","2841台開","110/07/09","凱基-台北",0,7,-7
"21841","6207雷科","110/07/09","群益金鼎-新竹",47,0,47
"21842","6207雷科","110/07/09","新光",7,24,-17
"21843","6207雷科","110/07/09","永豐金-三重",31,0,31
"21844","6207雷科","110/07/09","日盛-和美",0,15,-15
"21845","6207雷科","110/07/09","新加坡商瑞銀",33,5,28
"21846","6207雷科","110/07/09","國泰-台南",0,15,-15
"21847","6207雷科","110/07/09","元大-高雄",26,0,26
"21848","6207雷科","110/07/09","華南永昌-古亭",0,14,-14
"21849","6207雷科","110/07/09","統一-員林",22,0,22
"21850","6207雷科","110/07/09","土銀-白河",0,11,-11
"21851","6207雷科","110/07/09","台新-高雄",22,0,22
"21852","6207雷科","110/07/09","日盛-台南",0,10,-10
"21853","6207雷科","110/07/09","摩根大通",34,17,17
"21854","6207雷科","110/07/09","元富-林園",0,10,-10
"21855","6207雷科","110/07/09","元大-博愛",17,1,16
"21856","6207雷科","110/07/09","富邦-園區",0,10,-10
"21857","6207雷科","110/07/09","日茂-埔里",12,0,12
"21858","6207雷科","110/07/09","元大-上新莊",0,10,-10
"21859","6207雷科","110/07/09","國泰-台中",17,6,11
"21860","6207雷科","110/07/09","永豐金-南京",0,10,-10
"21861","6207雷科","110/07/09","富邦-三重",10,0,10
"21862","6207雷科","110/07/09","兆豐-小港",0,6,-6
"21863","6207雷科","110/07/09","元大-沙鹿",10,0,10
"21864","6207雷科","110/07/09","富邦-羅東",1,7,-6
"21865","6207雷科","110/07/09","元大-八德",10,0,10
"21866","6207雷科","110/07/09","元大-土城永寧",0,6,-6
"21867","6207雷科","110/07/09","第一金-路竹",11,2,9
"21868","6207雷科","110/07/09","永豐金-板盛",0,6,-6
"21869","6207雷科","110/07/09","統一-南京",5,0,5
"21870","6207雷科","110/07/09","日盛-板橋",0,5,-5
"21871","3679新至陞","110/07/09","元大-大天母",10,0,10
"21872","3679新至陞","110/07/09","第一金-光復",0,11,-11
"21873","3679新至陞","110/07/09","日盛-樹林",9,0,9
"21874","3679新至陞","110/07/09","瑞士信貸",0,8,-8
"21875","3679新至陞","110/07/09","凱基-台北",11,2,9
"21876","3679新至陞","110/07/09","大慶-苗栗",0,5,-5
"21877","3679新至陞","110/07/09","華南永昌-小港",8,0,8
"21878","3679新至陞","110/07/09","元大-永春",0,5,-5
"21879","3679新至陞","110/07/09","兆豐-來福",7,0,7
"21880","3679新至陞","110/07/09","日盛-和美",0,4,-4
"21881","3679新至陞","110/07/09","香港上海匯豐",5,0,5
"21882","3679新至陞","110/07/09","元大-雙和",0,3,-3
"21883","3679新至陞","110/07/09","台中銀-員林",3,0,3
"21884","3679新至陞","110/07/09","永豐金-屏東",0,3,-3
"21885","3679新至陞","110/07/09","新光",3,0,3
"21886","3679新至陞","110/07/09","彰銀",0,2,-2
"21887","3679新至陞","110/07/09","土銀-花蓮",2,0,2
"21888","3679新至陞","110/07/09","宏遠-館前",0,2,-2
"21889","3679新至陞","110/07/09","第一金-澎湖",2,0,2
"21890","3679新至陞","110/07/09","港商野村",0,2,-2
"21891","3679新至陞","110/07/09","摩根大通",2,0,2
"21892","3679新至陞","110/07/09","大昌-新店",0,2,-2
"21893","3679新至陞","110/07/09","國泰-敦南",2,0,2
"21894","3679新至陞","110/07/09","元大-新莊",0,2,-2
"21895","3679新至陞","110/07/09","元大-淡水",4,2,2
"21896","3679新至陞","110/07/09","元大-板橋",0,2,-2
"21897","3679新至陞","110/07/09","日盛-士林",1,0,1
"21898","3679新至陞","110/07/09","台灣摩根士丹利",0,1,-1
"21899","3679新至陞","110/07/09","日盛-信義",1,0,1
"21900","3679新至陞","110/07/09","第一金-高雄",0,1,-1
"21901","2727王品","110/07/09","台灣匯立證券",90,0,90
"21902","2727王品","110/07/09","台灣摩根士丹利",0,267,-267
"21903","2727王品","110/07/09","國泰-敦南",166,84,82
"21904","2727王品","110/07/09","富邦-台北",35,299,-264
"21905","2727王品","110/07/09","富邦-仁愛",56,12,44
"21906","2727王品","110/07/09","凱基-台北",174,296,-122
"21907","2727王品","110/07/09","台新證券",109,66,43
"21908","2727王品","110/07/09","第一金",2,102,-100
"21909","2727王品","110/07/09","新光",117,87,30
"21910","2727王品","110/07/09","群益金鼎-大安",0,80,-80
"21911","2727王品","110/07/09","臺銀-臺中",35,6,29
"21912","2727王品","110/07/09","兆豐-大安",7,60,-53
"21913","2727王品","110/07/09","元大-桃園",32,3,29
"21914","2727王品","110/07/09","永豐金-南投",0,50,-50
"21915","2727王品","110/07/09","元富-宜蘭",34,6,28
"21916","2727王品","110/07/09","新加坡商瑞銀",6,46,-40
"21917","2727王品","110/07/09","玉山-台中",34,8,26
"21918","2727王品","110/07/09","合庫-彰化",11,50,-39
"21919","2727王品","110/07/09","群益金鼎-宜蘭",30,4,26
"21920","2727王品","110/07/09","永豐金-萬盛",13,52,-39
"21921","2727王品","110/07/09","富邦-台中",42,16,26
"21922","2727王品","110/07/09","瑞士信貸",0,34,-34
"21923","2727王品","110/07/09","第一金-豐原",25,1,24
"21924","2727王品","110/07/09","元大-和平",4,35,-31
"21925","2727王品","110/07/09","臺銀",30,8,22
"21926","2727王品","110/07/09","美林",14,44,-30
"21927","2727王品","110/07/09","兆豐-來福",23,1,22
"21928","2727王品","110/07/09","元大-員林",9,38,-29
"21929","2727王品","110/07/09","玉山-士林",22,2,20
"21930","2727王品","110/07/09","元富-西松",4,31,-27
"21931","1570力肯","110/07/09","凱基-台北",30,1,29
"21932","1570力肯","110/07/09","群益金鼎-彰化",0,20,-20
"21933","1570力肯","110/07/09","新光-台南",20,0,20
"21934","1570力肯","110/07/09","元大-土城學府",0,20,-20
"21935","1570力肯","110/07/09","元大-高雄",20,0,20
"21936","1570力肯","110/07/09","元大-大統",0,16,-16
"21937","1570力肯","110/07/09","國票-中正",12,0,12
"21938","1570力肯","110/07/09","元大-新營",0,11,-11
"21939","1570力肯","110/07/09","日盛-高雄",6,0,6
"21940","1570力肯","110/07/09","元大-和平",0,10,-10
"21941","1570力肯","110/07/09","元富-緯城",6,0,6
"21942","1570力肯","110/07/09","元大-草屯",0,10,-10
"21943","1570力肯","110/07/09","群益金鼎-台南",6,0,6
"21944","1570力肯","110/07/09","元大-鹿港",0,9,-9
"21945","1570力肯","110/07/09","華南永昌-岡山",6,0,6
"21946","1570力肯","110/07/09","合庫-基隆",0,7,-7
"21947","1570力肯","110/07/09","統一-中壢",5,0,5
"21948","1570力肯","110/07/09","摩根大通",2,8,-6
"21949","1570力肯","110/07/09","凱基-三峽",5,0,5
"21950","1570力肯","110/07/09","台灣企銀-豐原",0,4,-4
"21951","1570力肯","110/07/09","大昌-樹林",4,0,4
"21952","1570力肯","110/07/09","日盛-桃園",0,4,-4
"21953","1570力肯","110/07/09","新光",3,0,3
"21954","1570力肯","110/07/09","國泰-高雄",0,3,-3
"21955","1570力肯","110/07/09","富邦-新竹華信",3,0,3
"21956","1570力肯","110/07/09","永豐金-敦南",0,3,-3
"21957","1570力肯","110/07/09","合庫-台中",2,0,2
"21958","1570力肯","110/07/09","土銀-彰化",0,2,-2
"21959","1570力肯","110/07/09","臺銀-臺中",2,0,2
"21960","1570力肯","110/07/09","臺銀-鳳山",0,2,-2
"21961","6180橘子","110/07/09","摩根大通",63,1,62
"21962","6180橘子","110/07/09","元大-南京",1,32,-31
"21963","6180橘子","110/07/09","富邦-陽明",73,33,40
"21964","6180橘子","110/07/09","群益金鼎-台北",0,25,-25
"21965","6180橘子","110/07/09","新加坡商瑞銀",31,0,31
"21966","6180橘子","110/07/09","兆豐-復興",0,21,-21
"21967","6180橘子","110/07/09","美商高盛",25,0,25
"21968","6180橘子","110/07/09","永豐金-嘉義",0,21,-21
"21969","6180橘子","110/07/09","凱基-台北",26,10,16
"21970","6180橘子","110/07/09","凱基-中壢",8,24,-16
"21971","6180橘子","110/07/09","華南永昌-楠梓",13,0,13
"21972","6180橘子","110/07/09","致和-崇德",0,15,-15
"21973","6180橘子","110/07/09","華南永昌-朴子",11,0,11
"21974","6180橘子","110/07/09","群益金鼎-屏東",0,15,-15
"21975","6180橘子","110/07/09","元大-北港",11,0,11
"21976","6180橘子","110/07/09","群益金鼎-中山",0,15,-15
"21977","6180橘子","110/07/09","元大-成功",10,1,9
"21978","6180橘子","110/07/09","瑞士信貸",1,15,-14
"21979","6180橘子","110/07/09","新光",26,18,8
"21980","6180橘子","110/07/09","日盛-二林",0,10,-10
"21981","6180橘子","110/07/09","統一-三重",6,0,6
"21982","6180橘子","110/07/09","凱基-東門",0,10,-10
"21983","6180橘子","110/07/09","群益金鼎-嘉義",6,0,6
"21984","6180橘子","110/07/09","華南永昌-三重",0,10,-10
"21985","6180橘子","110/07/09","元大-員林中山",6,0,6
"21986","6180橘子","110/07/09","元大-彰化民生",1,11,-10
"21987","6180橘子","110/07/09","合庫-鳳山",5,0,5
"21988","6180橘子","110/07/09","永豐金-新店",1,11,-10
"21989","6180橘子","110/07/09","富邦-建國",6,1,5
"21990","6180橘子","110/07/09","群益金鼎-丹鳳",0,8,-8
"21991","2390云辰","110/07/09","摩根大通",279,56,223
"21992","2390云辰","110/07/09","元大-天母",0,127,-127
"21993","2390云辰","110/07/09","日盛-鳳山",110,2,108
"21994","2390云辰","110/07/09","中國信託-文心",5,109,-104
"21995","2390云辰","110/07/09","宏遠證券",100,0,100
"21996","2390云辰","110/07/09","永豐金-復興",0,55,-55
"21997","2390云辰","110/07/09","元大-大里",63,6,57
"21998","2390云辰","110/07/09","凱基-台北",239,286,-47
"21999","2390云辰","110/07/09","凱基-八德",59,10,49
"22000","2390云辰","110/07/09","德信",2,32,-30
"22001","2390云辰","110/07/09","合庫-新竹",40,0,40
"22002","2390云辰","110/07/09","兆豐-桃鶯",2,32,-30
"22003","2390云辰","110/07/09","國票",40,1,39
"22004","2390云辰","110/07/09","致和-南京",0,30,-30
"22005","2390云辰","110/07/09","新加坡商瑞銀",49,13,36
"22006","2390云辰","110/07/09","富邦-虎尾",1,31,-30
"22007","2390云辰","110/07/09","統一-新台中",36,2,34
"22008","2390云辰","110/07/09","元大-善化",2,31,-29
"22009","2390云辰","110/07/09","國票-嘉義",31,0,31
"22010","2390云辰","110/07/09","富邦-板橋",0,27,-27
"22011","2390云辰","110/07/09","華南永昌",35,7,28
"22012","2390云辰","110/07/09","富邦-永和",3,28,-25
"22013","2390云辰","110/07/09","玉山-台中",49,22,27
"22014","2390云辰","110/07/09","第一金-自由",20,44,-24
"22015","2390云辰","110/07/09","華南永昌-敦南",25,0,25
"22016","2390云辰","110/07/09","凱基-內湖",0,24,-24
"22017","2390云辰","110/07/09","新光-高雄",27,4,23
"22018","2390云辰","110/07/09","元大-汐止",1,24,-23
"22019","2390云辰","110/07/09","台灣摩根士丹利",85,63,22
"22020","2390云辰","110/07/09","新光-台中",12,33,-21
"22021","4903聯光通","110/07/09","元大-敦南",10,0,10
"22022","4903聯光通","110/07/09","第一金-台中",0,12,-12
"22023","4903聯光通","110/07/09","凱基-士林",5,0,5
"22024","4903聯光通","110/07/09","日盛-忠孝",0,3,-3
"22025","4903聯光通","110/07/09","元大-苗栗",5,0,5
"22026","4903聯光通","110/07/09","群益金鼎-崇德",0,3,-3
"22027","4903聯光通","110/07/09","元大-屏南",3,0,3
"22028","4903聯光通","110/07/09","國票-內壢",0,2,-2
"22029","4903聯光通","110/07/09","中國信託-永康",1,0,1
"22030","4903聯光通","110/07/09","康和-南崁",0,2,-2
"22031","4903聯光通","110/07/09","玉山證券",1,0,1
"22032","4903聯光通","110/07/09","新光-台中",0,2,-2
"22033","4903聯光通","110/07/09","元大-太平",4,3,1
"22034","4903聯光通","110/07/09","玉山-城中",0,2,-2
"22035","4903聯光通","110/07/09","永豐金-嘉義",1,0,1
"22036","4903聯光通","110/07/09","中國信託-文心",0,1,-1
"22037","4903聯光通","110/07/09","大昌",0,0,0
"22038","4903聯光通","110/07/09","大昌",0,0,0
"22039","4903聯光通","110/07/09","中農",0,0,0
"22040","4903聯光通","110/07/09","中農",0,0,0
"22041","4903聯光通","110/07/09","",NA,NA,NA
"22042","4903聯光通","110/07/09","",NA,NA,NA
"22043","4903聯光通","110/07/09","",NA,NA,NA
"22044","4903聯光通","110/07/09","",NA,NA,NA
"22045","4903聯光通","110/07/09","",NA,NA,NA
"22046","4903聯光通","110/07/09","",NA,NA,NA
"22047","4903聯光通","110/07/09","",NA,NA,NA
"22048","4903聯光通","110/07/09","",NA,NA,NA
"22049","4903聯光通","110/07/09","",NA,NA,NA
"22050","4903聯光通","110/07/09","",NA,NA,NA
"22051","2929淘帝","110/07/09","台中銀-台北",110,0,110
"22052","2929淘帝","110/07/09","新光",2,82,-80
"22053","2929淘帝","110/07/09","華南永昌-頭份",72,0,72
"22054","2929淘帝","110/07/09","摩根大通",2,63,-61
"22055","2929淘帝","110/07/09","合庫-高雄",71,0,71
"22056","2929淘帝","110/07/09","第一金-路竹",0,50,-50
"22057","2929淘帝","110/07/09","高橋-龍潭",37,0,37
"22058","2929淘帝","110/07/09","港商麥格理",0,42,-42
"22059","2929淘帝","110/07/09","新光-台中",60,26,34
"22060","2929淘帝","110/07/09","陽信-石牌",0,40,-40
"22061","2929淘帝","110/07/09","元富-大裕",22,1,21
"22062","2929淘帝","110/07/09","台新-左楠",1,39,-38
"22063","2929淘帝","110/07/09","合庫-鳳山",20,0,20
"22064","2929淘帝","110/07/09","凱基-桃園",3,29,-26
"22065","2929淘帝","110/07/09","元大-員林",22,2,20
"22066","2929淘帝","110/07/09","兆豐-內湖",0,25,-25
"22067","2929淘帝","110/07/09","台新-建北",15,0,15
"22068","2929淘帝","110/07/09","元大-北港",0,20,-20
"22069","2929淘帝","110/07/09","兆豐-桃園",13,0,13
"22070","2929淘帝","110/07/09","富邦-北港",0,19,-19
"22071","2929淘帝","110/07/09","兆豐-忠孝",10,0,10
"22072","2929淘帝","110/07/09","富邦-花蓮",0,17,-17
"22073","2929淘帝","110/07/09","國票-敦北法人",10,0,10
"22074","2929淘帝","110/07/09","國泰-台中",2,17,-15
"22075","2929淘帝","110/07/09","永豐金-博愛",10,0,10
"22076","2929淘帝","110/07/09","群益金鼎-彰化",0,15,-15
"22077","2929淘帝","110/07/09","群益金鼎-潭子",8,0,8
"22078","2929淘帝","110/07/09","元大-博愛",0,14,-14
"22079","2929淘帝","110/07/09","富邦-南屯",8,0,8
"22080","2929淘帝","110/07/09","日盛-板橋",0,13,-13
"22081","5410國眾","110/07/09","元大-新盛",14,0,14
"22082","5410國眾","110/07/09","(牛牛牛)亞-鑫豐",1,41,-40
"22083","5410國眾","110/07/09","台灣企銀-民雄",10,0,10
"22084","5410國眾","110/07/09","元富-嘉義",0,25,-25
"22085","5410國眾","110/07/09","元富-虎尾",9,0,9
"22086","5410國眾","110/07/09","凱基-高美館",0,10,-10
"22087","5410國眾","110/07/09","摩根大通",10,1,9
"22088","5410國眾","110/07/09","凱基-城中",0,10,-10
"22089","5410國眾","110/07/09","兆豐-北高雄",7,0,7
"22090","5410國眾","110/07/09","元大-頭份",0,10,-10
"22091","5410國眾","110/07/09","凱基-台北",8,1,7
"22092","5410國眾","110/07/09","群益金鼎-丹鳳",0,7,-7
"22093","5410國眾","110/07/09","華南永昌-公誠",7,0,7
"22094","5410國眾","110/07/09","凱基-復興",0,7,-7
"22095","5410國眾","110/07/09","香港上海匯豐",6,0,6
"22096","5410國眾","110/07/09","元大-員林",0,7,-7
"22097","5410國眾","110/07/09","凱基-中壢",6,0,6
"22098","5410國眾","110/07/09","富邦-竹東",0,6,-6
"22099","5410國眾","110/07/09","華南永昌-南京",6,0,6
"22100","5410國眾","110/07/09","亞東-高雄",0,5,-5
"22101","5410國眾","110/07/09","統一-三重",5,0,5
"22102","5410國眾","110/07/09","大慶-中壢",1,6,-5
"22103","5410國眾","110/07/09","富邦-宜蘭",5,0,5
"22104","5410國眾","110/07/09","群益金鼎-中港",0,5,-5
"22105","5410國眾","110/07/09","元大-崇德",5,0,5
"22106","5410國眾","110/07/09","元大-八德",0,5,-5
"22107","5410國眾","110/07/09","元大-博愛",5,0,5
"22108","5410國眾","110/07/09","富邦-基隆",0,4,-4
"22109","5410國眾","110/07/09","元大-龍潭",5,0,5
"22110","5410國眾","110/07/09","臺銀-新竹",0,3,-3
"22111","2841台開","110/07/09","日盛-雙和",102,0,102
"22112","2841台開","110/07/09","港商野村",0,129,-129
"22113","2841台開","110/07/09","元大-館前",70,0,70
"22114","2841台開","110/07/09","兆豐-永和",0,100,-100
"22115","2841台開","110/07/09","凱基-文心",50,0,50
"22116","2841台開","110/07/09","台新證券",7,28,-21
"22117","2841台開","110/07/09","富邦-嘉義",40,0,40
"22118","2841台開","110/07/09","國票-北高雄",0,20,-20
"22119","2841台開","110/07/09","美商高盛",15,0,15
"22120","2841台開","110/07/09","永豐金-敦南",29,46,-17
"22121","2841台開","110/07/09","台中銀",15,0,15
"22122","2841台開","110/07/09","合庫-基隆",0,12,-12
"22123","2841台開","110/07/09","新光",11,0,11
"22124","2841台開","110/07/09","中國信託-松江",0,12,-12
"22125","2841台開","110/07/09","華南永昌-長虹",10,0,10
"22126","2841台開","110/07/09","兆豐-城中",0,12,-12
"22127","2841台開","110/07/09","永豐金-南投",10,0,10
"22128","2841台開","110/07/09","台中銀-豐原",0,10,-10
"22129","2841台開","110/07/09","合庫-桃園",7,0,7
"22130","2841台開","110/07/09","兆豐-景美",0,10,-10
"22131","2841台開","110/07/09","群益金鼎-古亭",7,0,7
"22132","2841台開","110/07/09","群益金鼎-基隆",0,10,-10
"22133","2841台開","110/07/09","國泰-敦南",6,0,6
"22134","2841台開","110/07/09","元大-北三重",0,10,-10
"22135","2841台開","110/07/09","凱基-桃園",8,2,6
"22136","2841台開","110/07/09","(牛牛牛)亞-網路",0,9,-9
"22137","2841台開","110/07/09","日盛證券",5,0,5
"22138","2841台開","110/07/09","台新-高雄",1,10,-9
"22139","2841台開","110/07/09","元富-文心",5,0,5
"22140","2841台開","110/07/09","凱基-台北",0,7,-7
"22141","6207雷科","110/07/09","群益金鼎-新竹",47,0,47
"22142","6207雷科","110/07/09","新光",7,24,-17
"22143","6207雷科","110/07/09","永豐金-三重",31,0,31
"22144","6207雷科","110/07/09","日盛-和美",0,15,-15
"22145","6207雷科","110/07/09","新加坡商瑞銀",33,5,28
"22146","6207雷科","110/07/09","國泰-台南",0,15,-15
"22147","6207雷科","110/07/09","元大-高雄",26,0,26
"22148","6207雷科","110/07/09","華南永昌-古亭",0,14,-14
"22149","6207雷科","110/07/09","統一-員林",22,0,22
"22150","6207雷科","110/07/09","土銀-白河",0,11,-11
"22151","6207雷科","110/07/09","台新-高雄",22,0,22
"22152","6207雷科","110/07/09","日盛-台南",0,10,-10
"22153","6207雷科","110/07/09","摩根大通",34,17,17
"22154","6207雷科","110/07/09","元富-林園",0,10,-10
"22155","6207雷科","110/07/09","元大-博愛",17,1,16
"22156","6207雷科","110/07/09","富邦-園區",0,10,-10
"22157","6207雷科","110/07/09","日茂-埔里",12,0,12
"22158","6207雷科","110/07/09","元大-上新莊",0,10,-10
"22159","6207雷科","110/07/09","國泰-台中",17,6,11
"22160","6207雷科","110/07/09","永豐金-南京",0,10,-10
"22161","6207雷科","110/07/09","富邦-三重",10,0,10
"22162","6207雷科","110/07/09","兆豐-小港",0,6,-6
"22163","6207雷科","110/07/09","元大-沙鹿",10,0,10
"22164","6207雷科","110/07/09","富邦-羅東",1,7,-6
"22165","6207雷科","110/07/09","元大-八德",10,0,10
"22166","6207雷科","110/07/09","元大-土城永寧",0,6,-6
"22167","6207雷科","110/07/09","第一金-路竹",11,2,9
"22168","6207雷科","110/07/09","永豐金-板盛",0,6,-6
"22169","6207雷科","110/07/09","統一-南京",5,0,5
"22170","6207雷科","110/07/09","日盛-板橋",0,5,-5
"22171","3679新至陞","110/07/09","元大-大天母",10,0,10
"22172","3679新至陞","110/07/09","第一金-光復",0,11,-11
"22173","3679新至陞","110/07/09","日盛-樹林",9,0,9
"22174","3679新至陞","110/07/09","瑞士信貸",0,8,-8
"22175","3679新至陞","110/07/09","凱基-台北",11,2,9
"22176","3679新至陞","110/07/09","大慶-苗栗",0,5,-5
"22177","3679新至陞","110/07/09","華南永昌-小港",8,0,8
"22178","3679新至陞","110/07/09","元大-永春",0,5,-5
"22179","3679新至陞","110/07/09","兆豐-來福",7,0,7
"22180","3679新至陞","110/07/09","日盛-和美",0,4,-4
"22181","3679新至陞","110/07/09","香港上海匯豐",5,0,5
"22182","3679新至陞","110/07/09","元大-雙和",0,3,-3
"22183","3679新至陞","110/07/09","台中銀-員林",3,0,3
"22184","3679新至陞","110/07/09","永豐金-屏東",0,3,-3
"22185","3679新至陞","110/07/09","新光",3,0,3
"22186","3679新至陞","110/07/09","彰銀",0,2,-2
"22187","3679新至陞","110/07/09","土銀-花蓮",2,0,2
"22188","3679新至陞","110/07/09","宏遠-館前",0,2,-2
"22189","3679新至陞","110/07/09","第一金-澎湖",2,0,2
"22190","3679新至陞","110/07/09","港商野村",0,2,-2
"22191","3679新至陞","110/07/09","摩根大通",2,0,2
"22192","3679新至陞","110/07/09","大昌-新店",0,2,-2
"22193","3679新至陞","110/07/09","國泰-敦南",2,0,2
"22194","3679新至陞","110/07/09","元大-新莊",0,2,-2
"22195","3679新至陞","110/07/09","元大-淡水",4,2,2
"22196","3679新至陞","110/07/09","元大-板橋",0,2,-2
"22197","3679新至陞","110/07/09","日盛-士林",1,0,1
"22198","3679新至陞","110/07/09","台灣摩根士丹利",0,1,-1
"22199","3679新至陞","110/07/09","日盛-信義",1,0,1
"22200","3679新至陞","110/07/09","第一金-高雄",0,1,-1
"22201","2727王品","110/07/09","台灣匯立證券",90,0,90
"22202","2727王品","110/07/09","台灣摩根士丹利",0,267,-267
"22203","2727王品","110/07/09","國泰-敦南",166,84,82
"22204","2727王品","110/07/09","富邦-台北",35,299,-264
"22205","2727王品","110/07/09","富邦-仁愛",56,12,44
"22206","2727王品","110/07/09","凱基-台北",174,296,-122
"22207","2727王品","110/07/09","台新證券",109,66,43
"22208","2727王品","110/07/09","第一金",2,102,-100
"22209","2727王品","110/07/09","新光",117,87,30
"22210","2727王品","110/07/09","群益金鼎-大安",0,80,-80
"22211","2727王品","110/07/09","臺銀-臺中",35,6,29
"22212","2727王品","110/07/09","兆豐-大安",7,60,-53
"22213","2727王品","110/07/09","元大-桃園",32,3,29
"22214","2727王品","110/07/09","永豐金-南投",0,50,-50
"22215","2727王品","110/07/09","元富-宜蘭",34,6,28
"22216","2727王品","110/07/09","新加坡商瑞銀",6,46,-40
"22217","2727王品","110/07/09","玉山-台中",34,8,26
"22218","2727王品","110/07/09","合庫-彰化",11,50,-39
"22219","2727王品","110/07/09","群益金鼎-宜蘭",30,4,26
"22220","2727王品","110/07/09","永豐金-萬盛",13,52,-39
"22221","2727王品","110/07/09","富邦-台中",42,16,26
"22222","2727王品","110/07/09","瑞士信貸",0,34,-34
"22223","2727王品","110/07/09","第一金-豐原",25,1,24
"22224","2727王品","110/07/09","元大-和平",4,35,-31
"22225","2727王品","110/07/09","臺銀",30,8,22
"22226","2727王品","110/07/09","美林",14,44,-30
"22227","2727王品","110/07/09","兆豐-來福",23,1,22
"22228","2727王品","110/07/09","元大-員林",9,38,-29
"22229","2727王品","110/07/09","玉山-士林",22,2,20
"22230","2727王品","110/07/09","元富-西松",4,31,-27
"22231","1570力肯","110/07/09","凱基-台北",30,1,29
"22232","1570力肯","110/07/09","群益金鼎-彰化",0,20,-20
"22233","1570力肯","110/07/09","新光-台南",20,0,20
"22234","1570力肯","110/07/09","元大-土城學府",0,20,-20
"22235","1570力肯","110/07/09","元大-高雄",20,0,20
"22236","1570力肯","110/07/09","元大-大統",0,16,-16
"22237","1570力肯","110/07/09","國票-中正",12,0,12
"22238","1570力肯","110/07/09","元大-新營",0,11,-11
"22239","1570力肯","110/07/09","日盛-高雄",6,0,6
"22240","1570力肯","110/07/09","元大-和平",0,10,-10
"22241","1570力肯","110/07/09","元富-緯城",6,0,6
"22242","1570力肯","110/07/09","元大-草屯",0,10,-10
"22243","1570力肯","110/07/09","群益金鼎-台南",6,0,6
"22244","1570力肯","110/07/09","元大-鹿港",0,9,-9
"22245","1570力肯","110/07/09","華南永昌-岡山",6,0,6
"22246","1570力肯","110/07/09","合庫-基隆",0,7,-7
"22247","1570力肯","110/07/09","統一-中壢",5,0,5
"22248","1570力肯","110/07/09","摩根大通",2,8,-6
"22249","1570力肯","110/07/09","凱基-三峽",5,0,5
"22250","1570力肯","110/07/09","台灣企銀-豐原",0,4,-4
"22251","1570力肯","110/07/09","大昌-樹林",4,0,4
"22252","1570力肯","110/07/09","日盛-桃園",0,4,-4
"22253","1570力肯","110/07/09","新光",3,0,3
"22254","1570力肯","110/07/09","國泰-高雄",0,3,-3
"22255","1570力肯","110/07/09","富邦-新竹華信",3,0,3
"22256","1570力肯","110/07/09","永豐金-敦南",0,3,-3
"22257","1570力肯","110/07/09","合庫-台中",2,0,2
"22258","1570力肯","110/07/09","土銀-彰化",0,2,-2
"22259","1570力肯","110/07/09","臺銀-臺中",2,0,2
"22260","1570力肯","110/07/09","臺銀-鳳山",0,2,-2
"22261","6180橘子","110/07/09","摩根大通",63,1,62
"22262","6180橘子","110/07/09","元大-南京",1,32,-31
"22263","6180橘子","110/07/09","富邦-陽明",73,33,40
"22264","6180橘子","110/07/09","群益金鼎-台北",0,25,-25
"22265","6180橘子","110/07/09","新加坡商瑞銀",31,0,31
"22266","6180橘子","110/07/09","兆豐-復興",0,21,-21
"22267","6180橘子","110/07/09","美商高盛",25,0,25
"22268","6180橘子","110/07/09","永豐金-嘉義",0,21,-21
"22269","6180橘子","110/07/09","凱基-台北",26,10,16
"22270","6180橘子","110/07/09","凱基-中壢",8,24,-16
"22271","6180橘子","110/07/09","華南永昌-楠梓",13,0,13
"22272","6180橘子","110/07/09","致和-崇德",0,15,-15
"22273","6180橘子","110/07/09","華南永昌-朴子",11,0,11
"22274","6180橘子","110/07/09","群益金鼎-屏東",0,15,-15
"22275","6180橘子","110/07/09","元大-北港",11,0,11
"22276","6180橘子","110/07/09","群益金鼎-中山",0,15,-15
"22277","6180橘子","110/07/09","元大-成功",10,1,9
"22278","6180橘子","110/07/09","瑞士信貸",1,15,-14
"22279","6180橘子","110/07/09","新光",26,18,8
"22280","6180橘子","110/07/09","日盛-二林",0,10,-10
"22281","6180橘子","110/07/09","統一-三重",6,0,6
"22282","6180橘子","110/07/09","凱基-東門",0,10,-10
"22283","6180橘子","110/07/09","群益金鼎-嘉義",6,0,6
"22284","6180橘子","110/07/09","華南永昌-三重",0,10,-10
"22285","6180橘子","110/07/09","元大-員林中山",6,0,6
"22286","6180橘子","110/07/09","元大-彰化民生",1,11,-10
"22287","6180橘子","110/07/09","合庫-鳳山",5,0,5
"22288","6180橘子","110/07/09","永豐金-新店",1,11,-10
"22289","6180橘子","110/07/09","富邦-建國",6,1,5
"22290","6180橘子","110/07/09","群益金鼎-丹鳳",0,8,-8
"22291","2390云辰","110/07/09","摩根大通",279,56,223
"22292","2390云辰","110/07/09","元大-天母",0,127,-127
"22293","2390云辰","110/07/09","日盛-鳳山",110,2,108
"22294","2390云辰","110/07/09","中國信託-文心",5,109,-104
"22295","2390云辰","110/07/09","宏遠證券",100,0,100
"22296","2390云辰","110/07/09","永豐金-復興",0,55,-55
"22297","2390云辰","110/07/09","元大-大里",63,6,57
"22298","2390云辰","110/07/09","凱基-台北",239,286,-47
"22299","2390云辰","110/07/09","凱基-八德",59,10,49
"22300","2390云辰","110/07/09","德信",2,32,-30
"22301","2390云辰","110/07/09","合庫-新竹",40,0,40
"22302","2390云辰","110/07/09","兆豐-桃鶯",2,32,-30
"22303","2390云辰","110/07/09","國票",40,1,39
"22304","2390云辰","110/07/09","致和-南京",0,30,-30
"22305","2390云辰","110/07/09","新加坡商瑞銀",49,13,36
"22306","2390云辰","110/07/09","富邦-虎尾",1,31,-30
"22307","2390云辰","110/07/09","統一-新台中",36,2,34
"22308","2390云辰","110/07/09","元大-善化",2,31,-29
"22309","2390云辰","110/07/09","國票-嘉義",31,0,31
"22310","2390云辰","110/07/09","富邦-板橋",0,27,-27
"22311","2390云辰","110/07/09","華南永昌",35,7,28
"22312","2390云辰","110/07/09","富邦-永和",3,28,-25
"22313","2390云辰","110/07/09","玉山-台中",49,22,27
"22314","2390云辰","110/07/09","第一金-自由",20,44,-24
"22315","2390云辰","110/07/09","華南永昌-敦南",25,0,25
"22316","2390云辰","110/07/09","凱基-內湖",0,24,-24
"22317","2390云辰","110/07/09","新光-高雄",27,4,23
"22318","2390云辰","110/07/09","元大-汐止",1,24,-23
"22319","2390云辰","110/07/09","台灣摩根士丹利",85,63,22
"22320","2390云辰","110/07/09","新光-台中",12,33,-21
"22321","4903聯光通","110/07/09","元大-敦南",10,0,10
"22322","4903聯光通","110/07/09","第一金-台中",0,12,-12
"22323","4903聯光通","110/07/09","凱基-士林",5,0,5
"22324","4903聯光通","110/07/09","日盛-忠孝",0,3,-3
"22325","4903聯光通","110/07/09","元大-苗栗",5,0,5
"22326","4903聯光通","110/07/09","群益金鼎-崇德",0,3,-3
"22327","4903聯光通","110/07/09","元大-屏南",3,0,3
"22328","4903聯光通","110/07/09","國票-內壢",0,2,-2
"22329","4903聯光通","110/07/09","中國信託-永康",1,0,1
"22330","4903聯光通","110/07/09","康和-南崁",0,2,-2
"22331","4903聯光通","110/07/09","玉山證券",1,0,1
"22332","4903聯光通","110/07/09","新光-台中",0,2,-2
"22333","4903聯光通","110/07/09","元大-太平",4,3,1
"22334","4903聯光通","110/07/09","玉山-城中",0,2,-2
"22335","4903聯光通","110/07/09","永豐金-嘉義",1,0,1
"22336","4903聯光通","110/07/09","中國信託-文心",0,1,-1
"22337","4903聯光通","110/07/09","大昌",0,0,0
"22338","4903聯光通","110/07/09","大昌",0,0,0
"22339","4903聯光通","110/07/09","中農",0,0,0
"22340","4903聯光通","110/07/09","中農",0,0,0
"22341","4903聯光通","110/07/09","",NA,NA,NA
"22342","4903聯光通","110/07/09","",NA,NA,NA
"22343","4903聯光通","110/07/09","",NA,NA,NA
"22344","4903聯光通","110/07/09","",NA,NA,NA
"22345","4903聯光通","110/07/09","",NA,NA,NA
"22346","4903聯光通","110/07/09","",NA,NA,NA
"22347","4903聯光通","110/07/09","",NA,NA,NA
"22348","4903聯光通","110/07/09","",NA,NA,NA
"22349","4903聯光通","110/07/09","",NA,NA,NA
"22350","4903聯光通","110/07/09","",NA,NA,NA
"22351","2929淘帝","110/07/09","台中銀-台北",110,0,110
"22352","2929淘帝","110/07/09","新光",2,82,-80
"22353","2929淘帝","110/07/09","華南永昌-頭份",72,0,72
"22354","2929淘帝","110/07/09","摩根大通",2,63,-61
"22355","2929淘帝","110/07/09","合庫-高雄",71,0,71
"22356","2929淘帝","110/07/09","第一金-路竹",0,50,-50
"22357","2929淘帝","110/07/09","高橋-龍潭",37,0,37
"22358","2929淘帝","110/07/09","港商麥格理",0,42,-42
"22359","2929淘帝","110/07/09","新光-台中",60,26,34
"22360","2929淘帝","110/07/09","陽信-石牌",0,40,-40
"22361","2929淘帝","110/07/09","元富-大裕",22,1,21
"22362","2929淘帝","110/07/09","台新-左楠",1,39,-38
"22363","2929淘帝","110/07/09","合庫-鳳山",20,0,20
"22364","2929淘帝","110/07/09","凱基-桃園",3,29,-26
"22365","2929淘帝","110/07/09","元大-員林",22,2,20
"22366","2929淘帝","110/07/09","兆豐-內湖",0,25,-25
"22367","2929淘帝","110/07/09","台新-建北",15,0,15
"22368","2929淘帝","110/07/09","元大-北港",0,20,-20
"22369","2929淘帝","110/07/09","兆豐-桃園",13,0,13
"22370","2929淘帝","110/07/09","富邦-北港",0,19,-19
"22371","2929淘帝","110/07/09","兆豐-忠孝",10,0,10
"22372","2929淘帝","110/07/09","富邦-花蓮",0,17,-17
"22373","2929淘帝","110/07/09","國票-敦北法人",10,0,10
"22374","2929淘帝","110/07/09","國泰-台中",2,17,-15
"22375","2929淘帝","110/07/09","永豐金-博愛",10,0,10
"22376","2929淘帝","110/07/09","群益金鼎-彰化",0,15,-15
"22377","2929淘帝","110/07/09","群益金鼎-潭子",8,0,8
"22378","2929淘帝","110/07/09","元大-博愛",0,14,-14
"22379","2929淘帝","110/07/09","富邦-南屯",8,0,8
"22380","2929淘帝","110/07/09","日盛-板橋",0,13,-13
"22381","5410國眾","110/07/09","元大-新盛",14,0,14
"22382","5410國眾","110/07/09","(牛牛牛)亞-鑫豐",1,41,-40
"22383","5410國眾","110/07/09","台灣企銀-民雄",10,0,10
"22384","5410國眾","110/07/09","元富-嘉義",0,25,-25
"22385","5410國眾","110/07/09","元富-虎尾",9,0,9
"22386","5410國眾","110/07/09","凱基-高美館",0,10,-10
"22387","5410國眾","110/07/09","摩根大通",10,1,9
"22388","5410國眾","110/07/09","凱基-城中",0,10,-10
"22389","5410國眾","110/07/09","兆豐-北高雄",7,0,7
"22390","5410國眾","110/07/09","元大-頭份",0,10,-10
"22391","5410國眾","110/07/09","凱基-台北",8,1,7
"22392","5410國眾","110/07/09","群益金鼎-丹鳳",0,7,-7
"22393","5410國眾","110/07/09","華南永昌-公誠",7,0,7
"22394","5410國眾","110/07/09","凱基-復興",0,7,-7
"22395","5410國眾","110/07/09","香港上海匯豐",6,0,6
"22396","5410國眾","110/07/09","元大-員林",0,7,-7
"22397","5410國眾","110/07/09","凱基-中壢",6,0,6
"22398","5410國眾","110/07/09","富邦-竹東",0,6,-6
"22399","5410國眾","110/07/09","華南永昌-南京",6,0,6
"22400","5410國眾","110/07/09","亞東-高雄",0,5,-5
"22401","5410國眾","110/07/09","統一-三重",5,0,5
"22402","5410國眾","110/07/09","大慶-中壢",1,6,-5
"22403","5410國眾","110/07/09","富邦-宜蘭",5,0,5
"22404","5410國眾","110/07/09","群益金鼎-中港",0,5,-5
"22405","5410國眾","110/07/09","元大-崇德",5,0,5
"22406","5410國眾","110/07/09","元大-八德",0,5,-5
"22407","5410國眾","110/07/09","元大-博愛",5,0,5
"22408","5410國眾","110/07/09","富邦-基隆",0,4,-4
"22409","5410國眾","110/07/09","元大-龍潭",5,0,5
"22410","5410國眾","110/07/09","臺銀-新竹",0,3,-3
"22411","2841台開","110/07/09","日盛-雙和",102,0,102
"22412","2841台開","110/07/09","港商野村",0,129,-129
"22413","2841台開","110/07/09","元大-館前",70,0,70
"22414","2841台開","110/07/09","兆豐-永和",0,100,-100
"22415","2841台開","110/07/09","凱基-文心",50,0,50
"22416","2841台開","110/07/09","台新證券",7,28,-21
"22417","2841台開","110/07/09","富邦-嘉義",40,0,40
"22418","2841台開","110/07/09","國票-北高雄",0,20,-20
"22419","2841台開","110/07/09","美商高盛",15,0,15
"22420","2841台開","110/07/09","永豐金-敦南",29,46,-17
"22421","2841台開","110/07/09","台中銀",15,0,15
"22422","2841台開","110/07/09","合庫-基隆",0,12,-12
"22423","2841台開","110/07/09","新光",11,0,11
"22424","2841台開","110/07/09","中國信託-松江",0,12,-12
"22425","2841台開","110/07/09","華南永昌-長虹",10,0,10
"22426","2841台開","110/07/09","兆豐-城中",0,12,-12
"22427","2841台開","110/07/09","永豐金-南投",10,0,10
"22428","2841台開","110/07/09","台中銀-豐原",0,10,-10
"22429","2841台開","110/07/09","合庫-桃園",7,0,7
"22430","2841台開","110/07/09","兆豐-景美",0,10,-10
"22431","2841台開","110/07/09","群益金鼎-古亭",7,0,7
"22432","2841台開","110/07/09","群益金鼎-基隆",0,10,-10
"22433","2841台開","110/07/09","國泰-敦南",6,0,6
"22434","2841台開","110/07/09","元大-北三重",0,10,-10
"22435","2841台開","110/07/09","凱基-桃園",8,2,6
"22436","2841台開","110/07/09","(牛牛牛)亞-網路",0,9,-9
"22437","2841台開","110/07/09","日盛證券",5,0,5
"22438","2841台開","110/07/09","台新-高雄",1,10,-9
"22439","2841台開","110/07/09","元富-文心",5,0,5
"22440","2841台開","110/07/09","凱基-台北",0,7,-7
"22441","6207雷科","110/07/09","群益金鼎-新竹",47,0,47
"22442","6207雷科","110/07/09","新光",7,24,-17
"22443","6207雷科","110/07/09","永豐金-三重",31,0,31
"22444","6207雷科","110/07/09","日盛-和美",0,15,-15
"22445","6207雷科","110/07/09","新加坡商瑞銀",33,5,28
"22446","6207雷科","110/07/09","國泰-台南",0,15,-15
"22447","6207雷科","110/07/09","元大-高雄",26,0,26
"22448","6207雷科","110/07/09","華南永昌-古亭",0,14,-14
"22449","6207雷科","110/07/09","統一-員林",22,0,22
"22450","6207雷科","110/07/09","土銀-白河",0,11,-11
"22451","6207雷科","110/07/09","台新-高雄",22,0,22
"22452","6207雷科","110/07/09","日盛-台南",0,10,-10
"22453","6207雷科","110/07/09","摩根大通",34,17,17
"22454","6207雷科","110/07/09","元富-林園",0,10,-10
"22455","6207雷科","110/07/09","元大-博愛",17,1,16
"22456","6207雷科","110/07/09","富邦-園區",0,10,-10
"22457","6207雷科","110/07/09","日茂-埔里",12,0,12
"22458","6207雷科","110/07/09","元大-上新莊",0,10,-10
"22459","6207雷科","110/07/09","國泰-台中",17,6,11
"22460","6207雷科","110/07/09","永豐金-南京",0,10,-10
"22461","6207雷科","110/07/09","富邦-三重",10,0,10
"22462","6207雷科","110/07/09","兆豐-小港",0,6,-6
"22463","6207雷科","110/07/09","元大-沙鹿",10,0,10
"22464","6207雷科","110/07/09","富邦-羅東",1,7,-6
"22465","6207雷科","110/07/09","元大-八德",10,0,10
"22466","6207雷科","110/07/09","元大-土城永寧",0,6,-6
"22467","6207雷科","110/07/09","第一金-路竹",11,2,9
"22468","6207雷科","110/07/09","永豐金-板盛",0,6,-6
"22469","6207雷科","110/07/09","統一-南京",5,0,5
"22470","6207雷科","110/07/09","日盛-板橋",0,5,-5
"22471","3679新至陞","110/07/09","元大-大天母",10,0,10
"22472","3679新至陞","110/07/09","第一金-光復",0,11,-11
"22473","3679新至陞","110/07/09","日盛-樹林",9,0,9
"22474","3679新至陞","110/07/09","瑞士信貸",0,8,-8
"22475","3679新至陞","110/07/09","凱基-台北",11,2,9
"22476","3679新至陞","110/07/09","大慶-苗栗",0,5,-5
"22477","3679新至陞","110/07/09","華南永昌-小港",8,0,8
"22478","3679新至陞","110/07/09","元大-永春",0,5,-5
"22479","3679新至陞","110/07/09","兆豐-來福",7,0,7
"22480","3679新至陞","110/07/09","日盛-和美",0,4,-4
"22481","3679新至陞","110/07/09","香港上海匯豐",5,0,5
"22482","3679新至陞","110/07/09","元大-雙和",0,3,-3
"22483","3679新至陞","110/07/09","台中銀-員林",3,0,3
"22484","3679新至陞","110/07/09","永豐金-屏東",0,3,-3
"22485","3679新至陞","110/07/09","新光",3,0,3
"22486","3679新至陞","110/07/09","彰銀",0,2,-2
"22487","3679新至陞","110/07/09","土銀-花蓮",2,0,2
"22488","3679新至陞","110/07/09","宏遠-館前",0,2,-2
"22489","3679新至陞","110/07/09","第一金-澎湖",2,0,2
"22490","3679新至陞","110/07/09","港商野村",0,2,-2
"22491","3679新至陞","110/07/09","摩根大通",2,0,2
"22492","3679新至陞","110/07/09","大昌-新店",0,2,-2
"22493","3679新至陞","110/07/09","國泰-敦南",2,0,2
"22494","3679新至陞","110/07/09","元大-新莊",0,2,-2
"22495","3679新至陞","110/07/09","元大-淡水",4,2,2
"22496","3679新至陞","110/07/09","元大-板橋",0,2,-2
"22497","3679新至陞","110/07/09","日盛-士林",1,0,1
"22498","3679新至陞","110/07/09","台灣摩根士丹利",0,1,-1
"22499","3679新至陞","110/07/09","日盛-信義",1,0,1
"22500","3679新至陞","110/07/09","第一金-高雄",0,1,-1
"22501","2727王品","110/07/09","台灣匯立證券",90,0,90
"22502","2727王品","110/07/09","台灣摩根士丹利",0,267,-267
"22503","2727王品","110/07/09","國泰-敦南",166,84,82
"22504","2727王品","110/07/09","富邦-台北",35,299,-264
"22505","2727王品","110/07/09","富邦-仁愛",56,12,44
"22506","2727王品","110/07/09","凱基-台北",174,296,-122
"22507","2727王品","110/07/09","台新證券",109,66,43
"22508","2727王品","110/07/09","第一金",2,102,-100
"22509","2727王品","110/07/09","新光",117,87,30
"22510","2727王品","110/07/09","群益金鼎-大安",0,80,-80
"22511","2727王品","110/07/09","臺銀-臺中",35,6,29
"22512","2727王品","110/07/09","兆豐-大安",7,60,-53
"22513","2727王品","110/07/09","元大-桃園",32,3,29
"22514","2727王品","110/07/09","永豐金-南投",0,50,-50
"22515","2727王品","110/07/09","元富-宜蘭",34,6,28
"22516","2727王品","110/07/09","新加坡商瑞銀",6,46,-40
"22517","2727王品","110/07/09","玉山-台中",34,8,26
"22518","2727王品","110/07/09","合庫-彰化",11,50,-39
"22519","2727王品","110/07/09","群益金鼎-宜蘭",30,4,26
"22520","2727王品","110/07/09","永豐金-萬盛",13,52,-39
"22521","2727王品","110/07/09","富邦-台中",42,16,26
"22522","2727王品","110/07/09","瑞士信貸",0,34,-34
"22523","2727王品","110/07/09","第一金-豐原",25,1,24
"22524","2727王品","110/07/09","元大-和平",4,35,-31
"22525","2727王品","110/07/09","臺銀",30,8,22
"22526","2727王品","110/07/09","美林",14,44,-30
"22527","2727王品","110/07/09","兆豐-來福",23,1,22
"22528","2727王品","110/07/09","元大-員林",9,38,-29
"22529","2727王品","110/07/09","玉山-士林",22,2,20
"22530","2727王品","110/07/09","元富-西松",4,31,-27
"22531","1570力肯","110/07/09","凱基-台北",30,1,29
"22532","1570力肯","110/07/09","群益金鼎-彰化",0,20,-20
"22533","1570力肯","110/07/09","新光-台南",20,0,20
"22534","1570力肯","110/07/09","元大-土城學府",0,20,-20
"22535","1570力肯","110/07/09","元大-高雄",20,0,20
"22536","1570力肯","110/07/09","元大-大統",0,16,-16
"22537","1570力肯","110/07/09","國票-中正",12,0,12
"22538","1570力肯","110/07/09","元大-新營",0,11,-11
"22539","1570力肯","110/07/09","日盛-高雄",6,0,6
"22540","1570力肯","110/07/09","元大-和平",0,10,-10
"22541","1570力肯","110/07/09","元富-緯城",6,0,6
"22542","1570力肯","110/07/09","元大-草屯",0,10,-10
"22543","1570力肯","110/07/09","群益金鼎-台南",6,0,6
"22544","1570力肯","110/07/09","元大-鹿港",0,9,-9
"22545","1570力肯","110/07/09","華南永昌-岡山",6,0,6
"22546","1570力肯","110/07/09","合庫-基隆",0,7,-7
"22547","1570力肯","110/07/09","統一-中壢",5,0,5
"22548","1570力肯","110/07/09","摩根大通",2,8,-6
"22549","1570力肯","110/07/09","凱基-三峽",5,0,5
"22550","1570力肯","110/07/09","台灣企銀-豐原",0,4,-4
"22551","1570力肯","110/07/09","大昌-樹林",4,0,4
"22552","1570力肯","110/07/09","日盛-桃園",0,4,-4
"22553","1570力肯","110/07/09","新光",3,0,3
"22554","1570力肯","110/07/09","國泰-高雄",0,3,-3
"22555","1570力肯","110/07/09","富邦-新竹華信",3,0,3
"22556","1570力肯","110/07/09","永豐金-敦南",0,3,-3
"22557","1570力肯","110/07/09","合庫-台中",2,0,2
"22558","1570力肯","110/07/09","土銀-彰化",0,2,-2
"22559","1570力肯","110/07/09","臺銀-臺中",2,0,2
"22560","1570力肯","110/07/09","臺銀-鳳山",0,2,-2
"22561","6180橘子","110/07/09","摩根大通",63,1,62
"22562","6180橘子","110/07/09","元大-南京",1,32,-31
"22563","6180橘子","110/07/09","富邦-陽明",73,33,40
"22564","6180橘子","110/07/09","群益金鼎-台北",0,25,-25
"22565","6180橘子","110/07/09","新加坡商瑞銀",31,0,31
"22566","6180橘子","110/07/09","兆豐-復興",0,21,-21
"22567","6180橘子","110/07/09","美商高盛",25,0,25
"22568","6180橘子","110/07/09","永豐金-嘉義",0,21,-21
"22569","6180橘子","110/07/09","凱基-台北",26,10,16
"22570","6180橘子","110/07/09","凱基-中壢",8,24,-16
"22571","6180橘子","110/07/09","華南永昌-楠梓",13,0,13
"22572","6180橘子","110/07/09","致和-崇德",0,15,-15
"22573","6180橘子","110/07/09","華南永昌-朴子",11,0,11
"22574","6180橘子","110/07/09","群益金鼎-屏東",0,15,-15
"22575","6180橘子","110/07/09","元大-北港",11,0,11
"22576","6180橘子","110/07/09","群益金鼎-中山",0,15,-15
"22577","6180橘子","110/07/09","元大-成功",10,1,9
"22578","6180橘子","110/07/09","瑞士信貸",1,15,-14
"22579","6180橘子","110/07/09","新光",26,18,8
"22580","6180橘子","110/07/09","日盛-二林",0,10,-10
"22581","6180橘子","110/07/09","統一-三重",6,0,6
"22582","6180橘子","110/07/09","凱基-東門",0,10,-10
"22583","6180橘子","110/07/09","群益金鼎-嘉義",6,0,6
"22584","6180橘子","110/07/09","華南永昌-三重",0,10,-10
"22585","6180橘子","110/07/09","元大-員林中山",6,0,6
"22586","6180橘子","110/07/09","元大-彰化民生",1,11,-10
"22587","6180橘子","110/07/09","合庫-鳳山",5,0,5
"22588","6180橘子","110/07/09","永豐金-新店",1,11,-10
"22589","6180橘子","110/07/09","富邦-建國",6,1,5
"22590","6180橘子","110/07/09","群益金鼎-丹鳳",0,8,-8
"22591","2390云辰","110/07/09","摩根大通",279,56,223
"22592","2390云辰","110/07/09","元大-天母",0,127,-127
"22593","2390云辰","110/07/09","日盛-鳳山",110,2,108
"22594","2390云辰","110/07/09","中國信託-文心",5,109,-104
"22595","2390云辰","110/07/09","宏遠證券",100,0,100
"22596","2390云辰","110/07/09","永豐金-復興",0,55,-55
"22597","2390云辰","110/07/09","元大-大里",63,6,57
"22598","2390云辰","110/07/09","凱基-台北",239,286,-47
"22599","2390云辰","110/07/09","凱基-八德",59,10,49
"22600","2390云辰","110/07/09","德信",2,32,-30
"22601","2390云辰","110/07/09","合庫-新竹",40,0,40
"22602","2390云辰","110/07/09","兆豐-桃鶯",2,32,-30
"22603","2390云辰","110/07/09","國票",40,1,39
"22604","2390云辰","110/07/09","致和-南京",0,30,-30
"22605","2390云辰","110/07/09","新加坡商瑞銀",49,13,36
"22606","2390云辰","110/07/09","富邦-虎尾",1,31,-30
"22607","2390云辰","110/07/09","統一-新台中",36,2,34
"22608","2390云辰","110/07/09","元大-善化",2,31,-29
"22609","2390云辰","110/07/09","國票-嘉義",31,0,31
"22610","2390云辰","110/07/09","富邦-板橋",0,27,-27
"22611","2390云辰","110/07/09","華南永昌",35,7,28
"22612","2390云辰","110/07/09","富邦-永和",3,28,-25
"22613","2390云辰","110/07/09","玉山-台中",49,22,27
"22614","2390云辰","110/07/09","第一金-自由",20,44,-24
"22615","2390云辰","110/07/09","華南永昌-敦南",25,0,25
"22616","2390云辰","110/07/09","凱基-內湖",0,24,-24
"22617","2390云辰","110/07/09","新光-高雄",27,4,23
"22618","2390云辰","110/07/09","元大-汐止",1,24,-23
"22619","2390云辰","110/07/09","台灣摩根士丹利",85,63,22
"22620","2390云辰","110/07/09","新光-台中",12,33,-21
"22621","4903聯光通","110/07/09","元大-敦南",10,0,10
"22622","4903聯光通","110/07/09","第一金-台中",0,12,-12
"22623","4903聯光通","110/07/09","凱基-士林",5,0,5
"22624","4903聯光通","110/07/09","日盛-忠孝",0,3,-3
"22625","4903聯光通","110/07/09","元大-苗栗",5,0,5
"22626","4903聯光通","110/07/09","群益金鼎-崇德",0,3,-3
"22627","4903聯光通","110/07/09","元大-屏南",3,0,3
"22628","4903聯光通","110/07/09","國票-內壢",0,2,-2
"22629","4903聯光通","110/07/09","中國信託-永康",1,0,1
"22630","4903聯光通","110/07/09","康和-南崁",0,2,-2
"22631","4903聯光通","110/07/09","玉山證券",1,0,1
"22632","4903聯光通","110/07/09","新光-台中",0,2,-2
"22633","4903聯光通","110/07/09","元大-太平",4,3,1
"22634","4903聯光通","110/07/09","玉山-城中",0,2,-2
"22635","4903聯光通","110/07/09","永豐金-嘉義",1,0,1
"22636","4903聯光通","110/07/09","中國信託-文心",0,1,-1
"22637","4903聯光通","110/07/09","大昌",0,0,0
"22638","4903聯光通","110/07/09","大昌",0,0,0
"22639","4903聯光通","110/07/09","中農",0,0,0
"22640","4903聯光通","110/07/09","中農",0,0,0
"22641","4903聯光通","110/07/09","",NA,NA,NA
"22642","4903聯光通","110/07/09","",NA,NA,NA
"22643","4903聯光通","110/07/09","",NA,NA,NA
"22644","4903聯光通","110/07/09","",NA,NA,NA
"22645","4903聯光通","110/07/09","",NA,NA,NA
"22646","4903聯光通","110/07/09","",NA,NA,NA
"22647","4903聯光通","110/07/09","",NA,NA,NA
"22648","4903聯光通","110/07/09","",NA,NA,NA
"22649","4903聯光通","110/07/09","",NA,NA,NA
"22650","4903聯光通","110/07/09","",NA,NA,NA
"22651","2929淘帝","110/07/09","台中銀-台北",110,0,110
"22652","2929淘帝","110/07/09","新光",2,82,-80
"22653","2929淘帝","110/07/09","華南永昌-頭份",72,0,72
"22654","2929淘帝","110/07/09","摩根大通",2,63,-61
"22655","2929淘帝","110/07/09","合庫-高雄",71,0,71
"22656","2929淘帝","110/07/09","第一金-路竹",0,50,-50
"22657","2929淘帝","110/07/09","高橋-龍潭",37,0,37
"22658","2929淘帝","110/07/09","港商麥格理",0,42,-42
"22659","2929淘帝","110/07/09","新光-台中",60,26,34
"22660","2929淘帝","110/07/09","陽信-石牌",0,40,-40
"22661","2929淘帝","110/07/09","元富-大裕",22,1,21
"22662","2929淘帝","110/07/09","台新-左楠",1,39,-38
"22663","2929淘帝","110/07/09","合庫-鳳山",20,0,20
"22664","2929淘帝","110/07/09","凱基-桃園",3,29,-26
"22665","2929淘帝","110/07/09","元大-員林",22,2,20
"22666","2929淘帝","110/07/09","兆豐-內湖",0,25,-25
"22667","2929淘帝","110/07/09","台新-建北",15,0,15
"22668","2929淘帝","110/07/09","元大-北港",0,20,-20
"22669","2929淘帝","110/07/09","兆豐-桃園",13,0,13
"22670","2929淘帝","110/07/09","富邦-北港",0,19,-19
"22671","2929淘帝","110/07/09","兆豐-忠孝",10,0,10
"22672","2929淘帝","110/07/09","富邦-花蓮",0,17,-17
"22673","2929淘帝","110/07/09","國票-敦北法人",10,0,10
"22674","2929淘帝","110/07/09","國泰-台中",2,17,-15
"22675","2929淘帝","110/07/09","永豐金-博愛",10,0,10
"22676","2929淘帝","110/07/09","群益金鼎-彰化",0,15,-15
"22677","2929淘帝","110/07/09","群益金鼎-潭子",8,0,8
"22678","2929淘帝","110/07/09","元大-博愛",0,14,-14
"22679","2929淘帝","110/07/09","富邦-南屯",8,0,8
"22680","2929淘帝","110/07/09","日盛-板橋",0,13,-13
"22681","5410國眾","110/07/09","元大-新盛",14,0,14
"22682","5410國眾","110/07/09","(牛牛牛)亞-鑫豐",1,41,-40
"22683","5410國眾","110/07/09","台灣企銀-民雄",10,0,10
"22684","5410國眾","110/07/09","元富-嘉義",0,25,-25
"22685","5410國眾","110/07/09","元富-虎尾",9,0,9
"22686","5410國眾","110/07/09","凱基-高美館",0,10,-10
"22687","5410國眾","110/07/09","摩根大通",10,1,9
"22688","5410國眾","110/07/09","凱基-城中",0,10,-10
"22689","5410國眾","110/07/09","兆豐-北高雄",7,0,7
"22690","5410國眾","110/07/09","元大-頭份",0,10,-10
"22691","5410國眾","110/07/09","凱基-台北",8,1,7
"22692","5410國眾","110/07/09","群益金鼎-丹鳳",0,7,-7
"22693","5410國眾","110/07/09","華南永昌-公誠",7,0,7
"22694","5410國眾","110/07/09","凱基-復興",0,7,-7
"22695","5410國眾","110/07/09","香港上海匯豐",6,0,6
"22696","5410國眾","110/07/09","元大-員林",0,7,-7
"22697","5410國眾","110/07/09","凱基-中壢",6,0,6
"22698","5410國眾","110/07/09","富邦-竹東",0,6,-6
"22699","5410國眾","110/07/09","華南永昌-南京",6,0,6
"22700","5410國眾","110/07/09","亞東-高雄",0,5,-5
"22701","5410國眾","110/07/09","統一-三重",5,0,5
"22702","5410國眾","110/07/09","大慶-中壢",1,6,-5
"22703","5410國眾","110/07/09","富邦-宜蘭",5,0,5
"22704","5410國眾","110/07/09","群益金鼎-中港",0,5,-5
"22705","5410國眾","110/07/09","元大-崇德",5,0,5
"22706","5410國眾","110/07/09","元大-八德",0,5,-5
"22707","5410國眾","110/07/09","元大-博愛",5,0,5
"22708","5410國眾","110/07/09","富邦-基隆",0,4,-4
"22709","5410國眾","110/07/09","元大-龍潭",5,0,5
"22710","5410國眾","110/07/09","臺銀-新竹",0,3,-3
"22711","2841台開","110/07/09","日盛-雙和",102,0,102
"22712","2841台開","110/07/09","港商野村",0,129,-129
"22713","2841台開","110/07/09","元大-館前",70,0,70
"22714","2841台開","110/07/09","兆豐-永和",0,100,-100
"22715","2841台開","110/07/09","凱基-文心",50,0,50
"22716","2841台開","110/07/09","台新證券",7,28,-21
"22717","2841台開","110/07/09","富邦-嘉義",40,0,40
"22718","2841台開","110/07/09","國票-北高雄",0,20,-20
"22719","2841台開","110/07/09","美商高盛",15,0,15
"22720","2841台開","110/07/09","永豐金-敦南",29,46,-17
"22721","2841台開","110/07/09","台中銀",15,0,15
"22722","2841台開","110/07/09","合庫-基隆",0,12,-12
"22723","2841台開","110/07/09","新光",11,0,11
"22724","2841台開","110/07/09","中國信託-松江",0,12,-12
"22725","2841台開","110/07/09","華南永昌-長虹",10,0,10
"22726","2841台開","110/07/09","兆豐-城中",0,12,-12
"22727","2841台開","110/07/09","永豐金-南投",10,0,10
"22728","2841台開","110/07/09","台中銀-豐原",0,10,-10
"22729","2841台開","110/07/09","合庫-桃園",7,0,7
"22730","2841台開","110/07/09","兆豐-景美",0,10,-10
"22731","2841台開","110/07/09","群益金鼎-古亭",7,0,7
"22732","2841台開","110/07/09","群益金鼎-基隆",0,10,-10
"22733","2841台開","110/07/09","國泰-敦南",6,0,6
"22734","2841台開","110/07/09","元大-北三重",0,10,-10
"22735","2841台開","110/07/09","凱基-桃園",8,2,6
"22736","2841台開","110/07/09","(牛牛牛)亞-網路",0,9,-9
"22737","2841台開","110/07/09","日盛證券",5,0,5
"22738","2841台開","110/07/09","台新-高雄",1,10,-9
"22739","2841台開","110/07/09","元富-文心",5,0,5
"22740","2841台開","110/07/09","凱基-台北",0,7,-7
"22741","6207雷科","110/07/09","群益金鼎-新竹",47,0,47
"22742","6207雷科","110/07/09","新光",7,24,-17
"22743","6207雷科","110/07/09","永豐金-三重",31,0,31
"22744","6207雷科","110/07/09","日盛-和美",0,15,-15
"22745","6207雷科","110/07/09","新加坡商瑞銀",33,5,28
"22746","6207雷科","110/07/09","國泰-台南",0,15,-15
"22747","6207雷科","110/07/09","元大-高雄",26,0,26
"22748","6207雷科","110/07/09","華南永昌-古亭",0,14,-14
"22749","6207雷科","110/07/09","統一-員林",22,0,22
"22750","6207雷科","110/07/09","土銀-白河",0,11,-11
"22751","6207雷科","110/07/09","台新-高雄",22,0,22
"22752","6207雷科","110/07/09","日盛-台南",0,10,-10
"22753","6207雷科","110/07/09","摩根大通",34,17,17
"22754","6207雷科","110/07/09","元富-林園",0,10,-10
"22755","6207雷科","110/07/09","元大-博愛",17,1,16
"22756","6207雷科","110/07/09","富邦-園區",0,10,-10
"22757","6207雷科","110/07/09","日茂-埔里",12,0,12
"22758","6207雷科","110/07/09","元大-上新莊",0,10,-10
"22759","6207雷科","110/07/09","國泰-台中",17,6,11
"22760","6207雷科","110/07/09","永豐金-南京",0,10,-10
"22761","6207雷科","110/07/09","富邦-三重",10,0,10
"22762","6207雷科","110/07/09","兆豐-小港",0,6,-6
"22763","6207雷科","110/07/09","元大-沙鹿",10,0,10
"22764","6207雷科","110/07/09","富邦-羅東",1,7,-6
"22765","6207雷科","110/07/09","元大-八德",10,0,10
"22766","6207雷科","110/07/09","元大-土城永寧",0,6,-6
"22767","6207雷科","110/07/09","第一金-路竹",11,2,9
"22768","6207雷科","110/07/09","永豐金-板盛",0,6,-6
"22769","6207雷科","110/07/09","統一-南京",5,0,5
"22770","6207雷科","110/07/09","日盛-板橋",0,5,-5
"22771","3679新至陞","110/07/09","元大-大天母",10,0,10
"22772","3679新至陞","110/07/09","第一金-光復",0,11,-11
"22773","3679新至陞","110/07/09","日盛-樹林",9,0,9
"22774","3679新至陞","110/07/09","瑞士信貸",0,8,-8
"22775","3679新至陞","110/07/09","凱基-台北",11,2,9
"22776","3679新至陞","110/07/09","大慶-苗栗",0,5,-5
"22777","3679新至陞","110/07/09","華南永昌-小港",8,0,8
"22778","3679新至陞","110/07/09","元大-永春",0,5,-5
"22779","3679新至陞","110/07/09","兆豐-來福",7,0,7
"22780","3679新至陞","110/07/09","日盛-和美",0,4,-4
"22781","3679新至陞","110/07/09","香港上海匯豐",5,0,5
"22782","3679新至陞","110/07/09","元大-雙和",0,3,-3
"22783","3679新至陞","110/07/09","台中銀-員林",3,0,3
"22784","3679新至陞","110/07/09","永豐金-屏東",0,3,-3
"22785","3679新至陞","110/07/09","新光",3,0,3
"22786","3679新至陞","110/07/09","彰銀",0,2,-2
"22787","3679新至陞","110/07/09","土銀-花蓮",2,0,2
"22788","3679新至陞","110/07/09","宏遠-館前",0,2,-2
"22789","3679新至陞","110/07/09","第一金-澎湖",2,0,2
"22790","3679新至陞","110/07/09","港商野村",0,2,-2
"22791","3679新至陞","110/07/09","摩根大通",2,0,2
"22792","3679新至陞","110/07/09","大昌-新店",0,2,-2
"22793","3679新至陞","110/07/09","國泰-敦南",2,0,2
"22794","3679新至陞","110/07/09","元大-新莊",0,2,-2
"22795","3679新至陞","110/07/09","元大-淡水",4,2,2
"22796","3679新至陞","110/07/09","元大-板橋",0,2,-2
"22797","3679新至陞","110/07/09","日盛-士林",1,0,1
"22798","3679新至陞","110/07/09","台灣摩根士丹利",0,1,-1
"22799","3679新至陞","110/07/09","日盛-信義",1,0,1
"22800","3679新至陞","110/07/09","第一金-高雄",0,1,-1
"22801","2727王品","110/07/09","台灣匯立證券",90,0,90
"22802","2727王品","110/07/09","台灣摩根士丹利",0,267,-267
"22803","2727王品","110/07/09","國泰-敦南",166,84,82
"22804","2727王品","110/07/09","富邦-台北",35,299,-264
"22805","2727王品","110/07/09","富邦-仁愛",56,12,44
"22806","2727王品","110/07/09","凱基-台北",174,296,-122
"22807","2727王品","110/07/09","台新證券",109,66,43
"22808","2727王品","110/07/09","第一金",2,102,-100
"22809","2727王品","110/07/09","新光",117,87,30
"22810","2727王品","110/07/09","群益金鼎-大安",0,80,-80
"22811","2727王品","110/07/09","臺銀-臺中",35,6,29
"22812","2727王品","110/07/09","兆豐-大安",7,60,-53
"22813","2727王品","110/07/09","元大-桃園",32,3,29
"22814","2727王品","110/07/09","永豐金-南投",0,50,-50
"22815","2727王品","110/07/09","元富-宜蘭",34,6,28
"22816","2727王品","110/07/09","新加坡商瑞銀",6,46,-40
"22817","2727王品","110/07/09","玉山-台中",34,8,26
"22818","2727王品","110/07/09","合庫-彰化",11,50,-39
"22819","2727王品","110/07/09","群益金鼎-宜蘭",30,4,26
"22820","2727王品","110/07/09","永豐金-萬盛",13,52,-39
"22821","2727王品","110/07/09","富邦-台中",42,16,26
"22822","2727王品","110/07/09","瑞士信貸",0,34,-34
"22823","2727王品","110/07/09","第一金-豐原",25,1,24
"22824","2727王品","110/07/09","元大-和平",4,35,-31
"22825","2727王品","110/07/09","臺銀",30,8,22
"22826","2727王品","110/07/09","美林",14,44,-30
"22827","2727王品","110/07/09","兆豐-來福",23,1,22
"22828","2727王品","110/07/09","元大-員林",9,38,-29
"22829","2727王品","110/07/09","玉山-士林",22,2,20
"22830","2727王品","110/07/09","元富-西松",4,31,-27
"22831","1570力肯","110/07/09","凱基-台北",30,1,29
"22832","1570力肯","110/07/09","群益金鼎-彰化",0,20,-20
"22833","1570力肯","110/07/09","新光-台南",20,0,20
"22834","1570力肯","110/07/09","元大-土城學府",0,20,-20
"22835","1570力肯","110/07/09","元大-高雄",20,0,20
"22836","1570力肯","110/07/09","元大-大統",0,16,-16
"22837","1570力肯","110/07/09","國票-中正",12,0,12
"22838","1570力肯","110/07/09","元大-新營",0,11,-11
"22839","1570力肯","110/07/09","日盛-高雄",6,0,6
"22840","1570力肯","110/07/09","元大-和平",0,10,-10
"22841","1570力肯","110/07/09","元富-緯城",6,0,6
"22842","1570力肯","110/07/09","元大-草屯",0,10,-10
"22843","1570力肯","110/07/09","群益金鼎-台南",6,0,6
"22844","1570力肯","110/07/09","元大-鹿港",0,9,-9
"22845","1570力肯","110/07/09","華南永昌-岡山",6,0,6
"22846","1570力肯","110/07/09","合庫-基隆",0,7,-7
"22847","1570力肯","110/07/09","統一-中壢",5,0,5
"22848","1570力肯","110/07/09","摩根大通",2,8,-6
"22849","1570力肯","110/07/09","凱基-三峽",5,0,5
"22850","1570力肯","110/07/09","台灣企銀-豐原",0,4,-4
"22851","1570力肯","110/07/09","大昌-樹林",4,0,4
"22852","1570力肯","110/07/09","日盛-桃園",0,4,-4
"22853","1570力肯","110/07/09","新光",3,0,3
"22854","1570力肯","110/07/09","國泰-高雄",0,3,-3
"22855","1570力肯","110/07/09","富邦-新竹華信",3,0,3
"22856","1570力肯","110/07/09","永豐金-敦南",0,3,-3
"22857","1570力肯","110/07/09","合庫-台中",2,0,2
"22858","1570力肯","110/07/09","土銀-彰化",0,2,-2
"22859","1570力肯","110/07/09","臺銀-臺中",2,0,2
"22860","1570力肯","110/07/09","臺銀-鳳山",0,2,-2
"22861","6180橘子","110/07/09","摩根大通",63,1,62
"22862","6180橘子","110/07/09","元大-南京",1,32,-31
"22863","6180橘子","110/07/09","富邦-陽明",73,33,40
"22864","6180橘子","110/07/09","群益金鼎-台北",0,25,-25
"22865","6180橘子","110/07/09","新加坡商瑞銀",31,0,31
"22866","6180橘子","110/07/09","兆豐-復興",0,21,-21
"22867","6180橘子","110/07/09","美商高盛",25,0,25
"22868","6180橘子","110/07/09","永豐金-嘉義",0,21,-21
"22869","6180橘子","110/07/09","凱基-台北",26,10,16
"22870","6180橘子","110/07/09","凱基-中壢",8,24,-16
"22871","6180橘子","110/07/09","華南永昌-楠梓",13,0,13
"22872","6180橘子","110/07/09","致和-崇德",0,15,-15
"22873","6180橘子","110/07/09","華南永昌-朴子",11,0,11
"22874","6180橘子","110/07/09","群益金鼎-屏東",0,15,-15
"22875","6180橘子","110/07/09","元大-北港",11,0,11
"22876","6180橘子","110/07/09","群益金鼎-中山",0,15,-15
"22877","6180橘子","110/07/09","元大-成功",10,1,9
"22878","6180橘子","110/07/09","瑞士信貸",1,15,-14
"22879","6180橘子","110/07/09","新光",26,18,8
"22880","6180橘子","110/07/09","日盛-二林",0,10,-10
"22881","6180橘子","110/07/09","統一-三重",6,0,6
"22882","6180橘子","110/07/09","凱基-東門",0,10,-10
"22883","6180橘子","110/07/09","群益金鼎-嘉義",6,0,6
"22884","6180橘子","110/07/09","華南永昌-三重",0,10,-10
"22885","6180橘子","110/07/09","元大-員林中山",6,0,6
"22886","6180橘子","110/07/09","元大-彰化民生",1,11,-10
"22887","6180橘子","110/07/09","合庫-鳳山",5,0,5
"22888","6180橘子","110/07/09","永豐金-新店",1,11,-10
"22889","6180橘子","110/07/09","富邦-建國",6,1,5
"22890","6180橘子","110/07/09","群益金鼎-丹鳳",0,8,-8
"22891","2390云辰","110/07/09","摩根大通",279,56,223
"22892","2390云辰","110/07/09","元大-天母",0,127,-127
"22893","2390云辰","110/07/09","日盛-鳳山",110,2,108
"22894","2390云辰","110/07/09","中國信託-文心",5,109,-104
"22895","2390云辰","110/07/09","宏遠證券",100,0,100
"22896","2390云辰","110/07/09","永豐金-復興",0,55,-55
"22897","2390云辰","110/07/09","元大-大里",63,6,57
"22898","2390云辰","110/07/09","凱基-台北",239,286,-47
"22899","2390云辰","110/07/09","凱基-八德",59,10,49
"22900","2390云辰","110/07/09","德信",2,32,-30
"22901","2390云辰","110/07/09","合庫-新竹",40,0,40
"22902","2390云辰","110/07/09","兆豐-桃鶯",2,32,-30
"22903","2390云辰","110/07/09","國票",40,1,39
"22904","2390云辰","110/07/09","致和-南京",0,30,-30
"22905","2390云辰","110/07/09","新加坡商瑞銀",49,13,36
"22906","2390云辰","110/07/09","富邦-虎尾",1,31,-30
"22907","2390云辰","110/07/09","統一-新台中",36,2,34
"22908","2390云辰","110/07/09","元大-善化",2,31,-29
"22909","2390云辰","110/07/09","國票-嘉義",31,0,31
"22910","2390云辰","110/07/09","富邦-板橋",0,27,-27
"22911","2390云辰","110/07/09","華南永昌",35,7,28
"22912","2390云辰","110/07/09","富邦-永和",3,28,-25
"22913","2390云辰","110/07/09","玉山-台中",49,22,27
"22914","2390云辰","110/07/09","第一金-自由",20,44,-24
"22915","2390云辰","110/07/09","華南永昌-敦南",25,0,25
"22916","2390云辰","110/07/09","凱基-內湖",0,24,-24
"22917","2390云辰","110/07/09","新光-高雄",27,4,23
"22918","2390云辰","110/07/09","元大-汐止",1,24,-23
"22919","2390云辰","110/07/09","台灣摩根士丹利",85,63,22
"22920","2390云辰","110/07/09","新光-台中",12,33,-21
"22921","4903聯光通","110/07/09","元大-敦南",10,0,10
"22922","4903聯光通","110/07/09","第一金-台中",0,12,-12
"22923","4903聯光通","110/07/09","凱基-士林",5,0,5
"22924","4903聯光通","110/07/09","日盛-忠孝",0,3,-3
"22925","4903聯光通","110/07/09","元大-苗栗",5,0,5
"22926","4903聯光通","110/07/09","群益金鼎-崇德",0,3,-3
"22927","4903聯光通","110/07/09","元大-屏南",3,0,3
"22928","4903聯光通","110/07/09","國票-內壢",0,2,-2
"22929","4903聯光通","110/07/09","中國信託-永康",1,0,1
"22930","4903聯光通","110/07/09","康和-南崁",0,2,-2
"22931","4903聯光通","110/07/09","玉山證券",1,0,1
"22932","4903聯光通","110/07/09","新光-台中",0,2,-2
"22933","4903聯光通","110/07/09","元大-太平",4,3,1
"22934","4903聯光通","110/07/09","玉山-城中",0,2,-2
"22935","4903聯光通","110/07/09","永豐金-嘉義",1,0,1
"22936","4903聯光通","110/07/09","中國信託-文心",0,1,-1
"22937","4903聯光通","110/07/09","大昌",0,0,0
"22938","4903聯光通","110/07/09","大昌",0,0,0
"22939","4903聯光通","110/07/09","中農",0,0,0
"22940","4903聯光通","110/07/09","中農",0,0,0
"22941","2929淘帝","110/07/09","台中銀-台北",110,0,110
"22942","2929淘帝","110/07/09","新光",2,82,-80
"22943","2929淘帝","110/07/09","華南永昌-頭份",72,0,72
"22944","2929淘帝","110/07/09","摩根大通",2,63,-61
"22945","2929淘帝","110/07/09","合庫-高雄",71,0,71
"22946","2929淘帝","110/07/09","第一金-路竹",0,50,-50
"22947","2929淘帝","110/07/09","高橋-龍潭",37,0,37
"22948","2929淘帝","110/07/09","港商麥格理",0,42,-42
"22949","2929淘帝","110/07/09","新光-台中",60,26,34
"22950","2929淘帝","110/07/09","陽信-石牌",0,40,-40
"22951","2929淘帝","110/07/09","元富-大裕",22,1,21
"22952","2929淘帝","110/07/09","台新-左楠",1,39,-38
"22953","2929淘帝","110/07/09","合庫-鳳山",20,0,20
"22954","2929淘帝","110/07/09","凱基-桃園",3,29,-26
"22955","2929淘帝","110/07/09","元大-員林",22,2,20
"22956","2929淘帝","110/07/09","兆豐-內湖",0,25,-25
"22957","2929淘帝","110/07/09","台新-建北",15,0,15
"22958","2929淘帝","110/07/09","元大-北港",0,20,-20
"22959","2929淘帝","110/07/09","兆豐-桃園",13,0,13
"22960","2929淘帝","110/07/09","富邦-北港",0,19,-19
"22961","2929淘帝","110/07/09","兆豐-忠孝",10,0,10
"22962","2929淘帝","110/07/09","富邦-花蓮",0,17,-17
"22963","2929淘帝","110/07/09","國票-敦北法人",10,0,10
"22964","2929淘帝","110/07/09","國泰-台中",2,17,-15
"22965","2929淘帝","110/07/09","永豐金-博愛",10,0,10
"22966","2929淘帝","110/07/09","群益金鼎-彰化",0,15,-15
"22967","2929淘帝","110/07/09","群益金鼎-潭子",8,0,8
"22968","2929淘帝","110/07/09","元大-博愛",0,14,-14
"22969","2929淘帝","110/07/09","富邦-南屯",8,0,8
"22970","2929淘帝","110/07/09","日盛-板橋",0,13,-13
"22971","5410國眾","110/07/09","元大-新盛",14,0,14
"22972","5410國眾","110/07/09","(牛牛牛)亞-鑫豐",1,41,-40
"22973","5410國眾","110/07/09","台灣企銀-民雄",10,0,10
"22974","5410國眾","110/07/09","元富-嘉義",0,25,-25
"22975","5410國眾","110/07/09","元富-虎尾",9,0,9
"22976","5410國眾","110/07/09","凱基-高美館",0,10,-10
"22977","5410國眾","110/07/09","摩根大通",10,1,9
"22978","5410國眾","110/07/09","凱基-城中",0,10,-10
"22979","5410國眾","110/07/09","兆豐-北高雄",7,0,7
"22980","5410國眾","110/07/09","元大-頭份",0,10,-10
"22981","5410國眾","110/07/09","凱基-台北",8,1,7
"22982","5410國眾","110/07/09","群益金鼎-丹鳳",0,7,-7
"22983","5410國眾","110/07/09","華南永昌-公誠",7,0,7
"22984","5410國眾","110/07/09","凱基-復興",0,7,-7
"22985","5410國眾","110/07/09","香港上海匯豐",6,0,6
"22986","5410國眾","110/07/09","元大-員林",0,7,-7
"22987","5410國眾","110/07/09","凱基-中壢",6,0,6
"22988","5410國眾","110/07/09","富邦-竹東",0,6,-6
"22989","5410國眾","110/07/09","華南永昌-南京",6,0,6
"22990","5410國眾","110/07/09","亞東-高雄",0,5,-5
"22991","5410國眾","110/07/09","統一-三重",5,0,5
"22992","5410國眾","110/07/09","大慶-中壢",1,6,-5
"22993","5410國眾","110/07/09","富邦-宜蘭",5,0,5
"22994","5410國眾","110/07/09","群益金鼎-中港",0,5,-5
"22995","5410國眾","110/07/09","元大-崇德",5,0,5
"22996","5410國眾","110/07/09","元大-八德",0,5,-5
"22997","5410國眾","110/07/09","元大-博愛",5,0,5
"22998","5410國眾","110/07/09","富邦-基隆",0,4,-4
"22999","5410國眾","110/07/09","元大-龍潭",5,0,5
"23000","5410國眾","110/07/09","臺銀-新竹",0,3,-3
"23001","2841台開","110/07/09","日盛-雙和",102,0,102
"23002","2841台開","110/07/09","港商野村",0,129,-129
"23003","2841台開","110/07/09","元大-館前",70,0,70
"23004","2841台開","110/07/09","兆豐-永和",0,100,-100
"23005","2841台開","110/07/09","凱基-文心",50,0,50
"23006","2841台開","110/07/09","台新證券",7,28,-21
"23007","2841台開","110/07/09","富邦-嘉義",40,0,40
"23008","2841台開","110/07/09","國票-北高雄",0,20,-20
"23009","2841台開","110/07/09","美商高盛",15,0,15
"23010","2841台開","110/07/09","永豐金-敦南",29,46,-17
"23011","2841台開","110/07/09","台中銀",15,0,15
"23012","2841台開","110/07/09","合庫-基隆",0,12,-12
"23013","2841台開","110/07/09","新光",11,0,11
"23014","2841台開","110/07/09","中國信託-松江",0,12,-12
"23015","2841台開","110/07/09","華南永昌-長虹",10,0,10
"23016","2841台開","110/07/09","兆豐-城中",0,12,-12
"23017","2841台開","110/07/09","永豐金-南投",10,0,10
"23018","2841台開","110/07/09","台中銀-豐原",0,10,-10
"23019","2841台開","110/07/09","合庫-桃園",7,0,7
"23020","2841台開","110/07/09","兆豐-景美",0,10,-10
"23021","2841台開","110/07/09","群益金鼎-古亭",7,0,7
"23022","2841台開","110/07/09","群益金鼎-基隆",0,10,-10
"23023","2841台開","110/07/09","國泰-敦南",6,0,6
"23024","2841台開","110/07/09","元大-北三重",0,10,-10
"23025","2841台開","110/07/09","凱基-桃園",8,2,6
"23026","2841台開","110/07/09","(牛牛牛)亞-網路",0,9,-9
"23027","2841台開","110/07/09","日盛證券",5,0,5
"23028","2841台開","110/07/09","台新-高雄",1,10,-9
"23029","2841台開","110/07/09","元富-文心",5,0,5
"23030","2841台開","110/07/09","凱基-台北",0,7,-7
"23031","6207雷科","110/07/09","群益金鼎-新竹",47,0,47
"23032","6207雷科","110/07/09","新光",7,24,-17
"23033","6207雷科","110/07/09","永豐金-三重",31,0,31
"23034","6207雷科","110/07/09","日盛-和美",0,15,-15
"23035","6207雷科","110/07/09","新加坡商瑞銀",33,5,28
"23036","6207雷科","110/07/09","國泰-台南",0,15,-15
"23037","6207雷科","110/07/09","元大-高雄",26,0,26
"23038","6207雷科","110/07/09","華南永昌-古亭",0,14,-14
"23039","6207雷科","110/07/09","統一-員林",22,0,22
"23040","6207雷科","110/07/09","土銀-白河",0,11,-11
"23041","6207雷科","110/07/09","台新-高雄",22,0,22
"23042","6207雷科","110/07/09","日盛-台南",0,10,-10
"23043","6207雷科","110/07/09","摩根大通",34,17,17
"23044","6207雷科","110/07/09","元富-林園",0,10,-10
"23045","6207雷科","110/07/09","元大-博愛",17,1,16
"23046","6207雷科","110/07/09","富邦-園區",0,10,-10
"23047","6207雷科","110/07/09","日茂-埔里",12,0,12
"23048","6207雷科","110/07/09","元大-上新莊",0,10,-10
"23049","6207雷科","110/07/09","國泰-台中",17,6,11
"23050","6207雷科","110/07/09","永豐金-南京",0,10,-10
"23051","6207雷科","110/07/09","富邦-三重",10,0,10
"23052","6207雷科","110/07/09","兆豐-小港",0,6,-6
"23053","6207雷科","110/07/09","元大-沙鹿",10,0,10
"23054","6207雷科","110/07/09","富邦-羅東",1,7,-6
"23055","6207雷科","110/07/09","元大-八德",10,0,10
"23056","6207雷科","110/07/09","元大-土城永寧",0,6,-6
"23057","6207雷科","110/07/09","第一金-路竹",11,2,9
"23058","6207雷科","110/07/09","永豐金-板盛",0,6,-6
"23059","6207雷科","110/07/09","統一-南京",5,0,5
"23060","6207雷科","110/07/09","日盛-板橋",0,5,-5
"23061","3679新至陞","110/07/09","元大-大天母",10,0,10
"23062","3679新至陞","110/07/09","第一金-光復",0,11,-11
"23063","3679新至陞","110/07/09","日盛-樹林",9,0,9
"23064","3679新至陞","110/07/09","瑞士信貸",0,8,-8
"23065","3679新至陞","110/07/09","凱基-台北",11,2,9
"23066","3679新至陞","110/07/09","大慶-苗栗",0,5,-5
"23067","3679新至陞","110/07/09","華南永昌-小港",8,0,8
"23068","3679新至陞","110/07/09","元大-永春",0,5,-5
"23069","3679新至陞","110/07/09","兆豐-來福",7,0,7
"23070","3679新至陞","110/07/09","日盛-和美",0,4,-4
"23071","3679新至陞","110/07/09","香港上海匯豐",5,0,5
"23072","3679新至陞","110/07/09","元大-雙和",0,3,-3
"23073","3679新至陞","110/07/09","台中銀-員林",3,0,3
"23074","3679新至陞","110/07/09","永豐金-屏東",0,3,-3
"23075","3679新至陞","110/07/09","新光",3,0,3
"23076","3679新至陞","110/07/09","彰銀",0,2,-2
"23077","3679新至陞","110/07/09","土銀-花蓮",2,0,2
"23078","3679新至陞","110/07/09","宏遠-館前",0,2,-2
"23079","3679新至陞","110/07/09","第一金-澎湖",2,0,2
"23080","3679新至陞","110/07/09","港商野村",0,2,-2
"23081","3679新至陞","110/07/09","摩根大通",2,0,2
"23082","3679新至陞","110/07/09","大昌-新店",0,2,-2
"23083","3679新至陞","110/07/09","國泰-敦南",2,0,2
"23084","3679新至陞","110/07/09","元大-新莊",0,2,-2
"23085","3679新至陞","110/07/09","元大-淡水",4,2,2
"23086","3679新至陞","110/07/09","元大-板橋",0,2,-2
"23087","3679新至陞","110/07/09","日盛-士林",1,0,1
"23088","3679新至陞","110/07/09","台灣摩根士丹利",0,1,-1
"23089","3679新至陞","110/07/09","日盛-信義",1,0,1
"23090","3679新至陞","110/07/09","第一金-高雄",0,1,-1
"23091","2727王品","110/07/09","台灣匯立證券",90,0,90
"23092","2727王品","110/07/09","台灣摩根士丹利",0,267,-267
"23093","2727王品","110/07/09","國泰-敦南",166,84,82
"23094","2727王品","110/07/09","富邦-台北",35,299,-264
"23095","2727王品","110/07/09","富邦-仁愛",56,12,44
"23096","2727王品","110/07/09","凱基-台北",174,296,-122
"23097","2727王品","110/07/09","台新證券",109,66,43
"23098","2727王品","110/07/09","第一金",2,102,-100
"23099","2727王品","110/07/09","新光",117,87,30
"23100","2727王品","110/07/09","群益金鼎-大安",0,80,-80
"23101","2727王品","110/07/09","臺銀-臺中",35,6,29
"23102","2727王品","110/07/09","兆豐-大安",7,60,-53
"23103","2727王品","110/07/09","元大-桃園",32,3,29
"23104","2727王品","110/07/09","永豐金-南投",0,50,-50
"23105","2727王品","110/07/09","元富-宜蘭",34,6,28
"23106","2727王品","110/07/09","新加坡商瑞銀",6,46,-40
"23107","2727王品","110/07/09","玉山-台中",34,8,26
"23108","2727王品","110/07/09","合庫-彰化",11,50,-39
"23109","2727王品","110/07/09","群益金鼎-宜蘭",30,4,26
"23110","2727王品","110/07/09","永豐金-萬盛",13,52,-39
"23111","2727王品","110/07/09","富邦-台中",42,16,26
"23112","2727王品","110/07/09","瑞士信貸",0,34,-34
"23113","2727王品","110/07/09","第一金-豐原",25,1,24
"23114","2727王品","110/07/09","元大-和平",4,35,-31
"23115","2727王品","110/07/09","臺銀",30,8,22
"23116","2727王品","110/07/09","美林",14,44,-30
"23117","2727王品","110/07/09","兆豐-來福",23,1,22
"23118","2727王品","110/07/09","元大-員林",9,38,-29
"23119","2727王品","110/07/09","玉山-士林",22,2,20
"23120","2727王品","110/07/09","元富-西松",4,31,-27
"23121","1570力肯","110/07/09","凱基-台北",30,1,29
"23122","1570力肯","110/07/09","群益金鼎-彰化",0,20,-20
"23123","1570力肯","110/07/09","新光-台南",20,0,20
"23124","1570力肯","110/07/09","元大-土城學府",0,20,-20
"23125","1570力肯","110/07/09","元大-高雄",20,0,20
"23126","1570力肯","110/07/09","元大-大統",0,16,-16
"23127","1570力肯","110/07/09","國票-中正",12,0,12
"23128","1570力肯","110/07/09","元大-新營",0,11,-11
"23129","1570力肯","110/07/09","日盛-高雄",6,0,6
"23130","1570力肯","110/07/09","元大-和平",0,10,-10
"23131","1570力肯","110/07/09","元富-緯城",6,0,6
"23132","1570力肯","110/07/09","元大-草屯",0,10,-10
"23133","1570力肯","110/07/09","群益金鼎-台南",6,0,6
"23134","1570力肯","110/07/09","元大-鹿港",0,9,-9
"23135","1570力肯","110/07/09","華南永昌-岡山",6,0,6
"23136","1570力肯","110/07/09","合庫-基隆",0,7,-7
"23137","1570力肯","110/07/09","統一-中壢",5,0,5
"23138","1570力肯","110/07/09","摩根大通",2,8,-6
"23139","1570力肯","110/07/09","凱基-三峽",5,0,5
"23140","1570力肯","110/07/09","台灣企銀-豐原",0,4,-4
"23141","1570力肯","110/07/09","大昌-樹林",4,0,4
"23142","1570力肯","110/07/09","日盛-桃園",0,4,-4
"23143","1570力肯","110/07/09","新光",3,0,3
"23144","1570力肯","110/07/09","國泰-高雄",0,3,-3
"23145","1570力肯","110/07/09","富邦-新竹華信",3,0,3
"23146","1570力肯","110/07/09","永豐金-敦南",0,3,-3
"23147","1570力肯","110/07/09","合庫-台中",2,0,2
"23148","1570力肯","110/07/09","土銀-彰化",0,2,-2
"23149","1570力肯","110/07/09","臺銀-臺中",2,0,2
"23150","1570力肯","110/07/09","臺銀-鳳山",0,2,-2
"23151","6180橘子","110/07/09","摩根大通",63,1,62
"23152","6180橘子","110/07/09","元大-南京",1,32,-31
"23153","6180橘子","110/07/09","富邦-陽明",73,33,40
"23154","6180橘子","110/07/09","群益金鼎-台北",0,25,-25
"23155","6180橘子","110/07/09","新加坡商瑞銀",31,0,31
"23156","6180橘子","110/07/09","兆豐-復興",0,21,-21
"23157","6180橘子","110/07/09","美商高盛",25,0,25
"23158","6180橘子","110/07/09","永豐金-嘉義",0,21,-21
"23159","6180橘子","110/07/09","凱基-台北",26,10,16
"23160","6180橘子","110/07/09","凱基-中壢",8,24,-16
"23161","6180橘子","110/07/09","華南永昌-楠梓",13,0,13
"23162","6180橘子","110/07/09","致和-崇德",0,15,-15
"23163","6180橘子","110/07/09","華南永昌-朴子",11,0,11
"23164","6180橘子","110/07/09","群益金鼎-屏東",0,15,-15
"23165","6180橘子","110/07/09","元大-北港",11,0,11
"23166","6180橘子","110/07/09","群益金鼎-中山",0,15,-15
"23167","6180橘子","110/07/09","元大-成功",10,1,9
"23168","6180橘子","110/07/09","瑞士信貸",1,15,-14
"23169","6180橘子","110/07/09","新光",26,18,8
"23170","6180橘子","110/07/09","日盛-二林",0,10,-10
"23171","6180橘子","110/07/09","統一-三重",6,0,6
"23172","6180橘子","110/07/09","凱基-東門",0,10,-10
"23173","6180橘子","110/07/09","群益金鼎-嘉義",6,0,6
"23174","6180橘子","110/07/09","華南永昌-三重",0,10,-10
"23175","6180橘子","110/07/09","元大-員林中山",6,0,6
"23176","6180橘子","110/07/09","元大-彰化民生",1,11,-10
"23177","6180橘子","110/07/09","合庫-鳳山",5,0,5
"23178","6180橘子","110/07/09","永豐金-新店",1,11,-10
"23179","6180橘子","110/07/09","富邦-建國",6,1,5
"23180","6180橘子","110/07/09","群益金鼎-丹鳳",0,8,-8
"23181","2390云辰","110/07/09","摩根大通",279,56,223
"23182","2390云辰","110/07/09","元大-天母",0,127,-127
"23183","2390云辰","110/07/09","日盛-鳳山",110,2,108
"23184","2390云辰","110/07/09","中國信託-文心",5,109,-104
"23185","2390云辰","110/07/09","宏遠證券",100,0,100
"23186","2390云辰","110/07/09","永豐金-復興",0,55,-55
"23187","2390云辰","110/07/09","元大-大里",63,6,57
"23188","2390云辰","110/07/09","凱基-台北",239,286,-47
"23189","2390云辰","110/07/09","凱基-八德",59,10,49
"23190","2390云辰","110/07/09","德信",2,32,-30
"23191","2390云辰","110/07/09","合庫-新竹",40,0,40
"23192","2390云辰","110/07/09","兆豐-桃鶯",2,32,-30
"23193","2390云辰","110/07/09","國票",40,1,39
"23194","2390云辰","110/07/09","致和-南京",0,30,-30
"23195","2390云辰","110/07/09","新加坡商瑞銀",49,13,36
"23196","2390云辰","110/07/09","富邦-虎尾",1,31,-30
"23197","2390云辰","110/07/09","統一-新台中",36,2,34
"23198","2390云辰","110/07/09","元大-善化",2,31,-29
"23199","2390云辰","110/07/09","國票-嘉義",31,0,31
"23200","2390云辰","110/07/09","富邦-板橋",0,27,-27
"23201","2390云辰","110/07/09","華南永昌",35,7,28
"23202","2390云辰","110/07/09","富邦-永和",3,28,-25
"23203","2390云辰","110/07/09","玉山-台中",49,22,27
"23204","2390云辰","110/07/09","第一金-自由",20,44,-24
"23205","2390云辰","110/07/09","華南永昌-敦南",25,0,25
"23206","2390云辰","110/07/09","凱基-內湖",0,24,-24
"23207","2390云辰","110/07/09","新光-高雄",27,4,23
"23208","2390云辰","110/07/09","元大-汐止",1,24,-23
"23209","2390云辰","110/07/09","台灣摩根士丹利",85,63,22
"23210","2390云辰","110/07/09","新光-台中",12,33,-21
"23211","4903聯光通","110/07/08","元富-新興",18,0,18
"23212","4903聯光通","110/07/08","中國信託-中壢",0,14,-14
"23213","4903聯光通","110/07/08","元大-苗栗",9,0,9
"23214","4903聯光通","110/07/08","彰銀",0,7,-7
"23215","4903聯光通","110/07/08","兆豐-鹿港",3,0,3
"23216","4903聯光通","110/07/08","中國信託-松江",0,5,-5
"23217","4903聯光通","110/07/08","群益金鼎-萬華",2,0,2
"23218","4903聯光通","110/07/08","光和",0,2,-2
"23219","4903聯光通","110/07/08","元大-屏南",1,0,1
"23220","4903聯光通","110/07/08","元大-鶯歌",0,2,-2
"23221","4903聯光通","110/07/08","華南永昌-新莊",0,0,0
"23222","4903聯光通","110/07/08","群益金鼎-館前",0,1,-1
"23223","4903聯光通","110/07/08","元大-羅東",0,0,0
"23224","4903聯光通","110/07/08","華南永昌",0,1,-1
"23225","4903聯光通","110/07/08","元大-太平",2,3,-1
"23226","4903聯光通","110/07/08","華南永昌-新莊",0,0,0
"23227","4903聯光通","110/07/08","元大-羅東",0,0,0
"23228","2929淘帝","110/07/08","日盛-園區",90,6,84
"23229","2929淘帝","110/07/08","元大-太平",1,111,-110
"23230","2929淘帝","110/07/08","華南永昌-頭份",54,0,54
"23231","2929淘帝","110/07/08","港商野村",31,106,-75
"23232","2929淘帝","110/07/08","美商高盛",50,0,50
"23233","2929淘帝","110/07/08","凱基-板橋",62,111,-49
"23234","2929淘帝","110/07/08","台中銀-台北",50,0,50
"23235","2929淘帝","110/07/08","新光-台中",30,78,-48
"23236","2929淘帝","110/07/08","臺銀-臺南",30,0,30
"23237","2929淘帝","110/07/08","元富-永和",1,41,-40
"23238","2929淘帝","110/07/08","永豐金-大園",42,12,30
"23239","2929淘帝","110/07/08","永豐金-鳳山",0,28,-28
"23240","2929淘帝","110/07/08","元富-三重",30,1,29
"23241","2929淘帝","110/07/08","元大-南崁",0,26,-26
"23242","2929淘帝","110/07/08","兆豐-桃鶯",29,0,29
"23243","2929淘帝","110/07/08","元大-花蓮",2,27,-25
"23244","2929淘帝","110/07/08","元大-承德",20,3,17
"23245","2929淘帝","110/07/08","元大-府城",0,24,-24
"23246","2929淘帝","110/07/08","新光-新竹",13,0,13
"23247","2929淘帝","110/07/08","新光",21,43,-22
"23248","2929淘帝","110/07/08","富邦-內湖",13,0,13
"23249","2929淘帝","110/07/08","臺銀-民權",0,20,-20
"23250","2929淘帝","110/07/08","國泰-板橋",13,1,12
"23251","2929淘帝","110/07/08","摩根大通",66,84,-18
"23252","2929淘帝","110/07/08","第一金-大稻埕",10,0,10
"23253","2929淘帝","110/07/08","凱基-台北",0,17,-17
"23254","2929淘帝","110/07/08","統一-汐止",10,0,10
"23255","2929淘帝","110/07/08","元大-博愛",6,23,-17
"23256","2929淘帝","110/07/08","元富-大裕",10,0,10
"23257","2929淘帝","110/07/08","永豐金-桃盛",0,16,-16
"23258","5410國眾","110/07/08","元大-新盛",15,0,15
"23259","5410國眾","110/07/08","元大-旗山",0,50,-50
"23260","5410國眾","110/07/08","元大-屏南",10,0,10
"23261","5410國眾","110/07/08","元大-頭份",0,14,-14
"23262","5410國眾","110/07/08","元大-成功",10,0,10
"23263","5410國眾","110/07/08","國泰-高雄",0,8,-8
"23264","5410國眾","110/07/08","元大-東泰",7,0,7
"23265","5410國眾","110/07/08","元大-小港",0,7,-7
"23266","5410國眾","110/07/08","富邦-陽明",6,0,6
"23267","5410國眾","110/07/08","統一-嘉義",0,5,-5
"23268","5410國眾","110/07/08","臺銀-金山",5,0,5
"23269","5410國眾","110/07/08","兆豐-台中港",0,5,-5
"23270","5410國眾","110/07/08","日盛-員林",5,0,5
"23271","5410國眾","110/07/08","凱基-屏東",0,5,-5
"23272","5410國眾","110/07/08","摩根大通",5,0,5
"23273","5410國眾","110/07/08","元大-八德",0,5,-5
"23274","5410國眾","110/07/08","富邦-桃園",5,0,5
"23275","5410國眾","110/07/08","元富-嘉義",0,4,-4
"23276","5410國眾","110/07/08","元富-大昌",4,0,4
"23277","5410國眾","110/07/08","玉山-雙和",0,4,-4
"23278","5410國眾","110/07/08","台新-台中",4,0,4
"23279","5410國眾","110/07/08","凱基-高美館",1,5,-4
"23280","5410國眾","110/07/08","華南永昌-小港",5,1,4
"23281","5410國眾","110/07/08","統一-員林",0,3,-3
"23282","5410國眾","110/07/08","元大-新竹",5,1,4
"23283","5410國眾","110/07/08","臺銀-鳳山",0,2,-2
"23284","5410國眾","110/07/08","元大-土城學府",4,0,4
"23285","5410國眾","110/07/08","亞東",0,2,-2
"23286","5410國眾","110/07/08","元大-新莊",4,0,4
"23287","5410國眾","110/07/08","新光",0,2,-2
"23288","2841台開","110/07/08","元大-樹林",653,0,653
"23289","2841台開","110/07/08","港商野村",0,868,-868
"23290","2841台開","110/07/08","台新證券",115,0,115
"23291","2841台開","110/07/08","群益金鼎-忠孝",0,100,-100
"23292","2841台開","110/07/08","永豐金-豐原",105,0,105
"23293","2841台開","110/07/08","宏遠-高雄",0,56,-56
"23294","2841台開","110/07/08","元富-新興",100,0,100
"23295","2841台開","110/07/08","新光",3,38,-35
"23296","2841台開","110/07/08","凱基-文心",50,0,50
"23297","2841台開","110/07/08","花旗環球",0,29,-29
"23298","2841台開","110/07/08","元大-八德",40,0,40
"23299","2841台開","110/07/08","富邦-仁愛",2,30,-28
"23300","2841台開","110/07/08","日盛-雙和",30,0,30
"23301","2841台開","110/07/08","元富-潮州",0,24,-24
"23302","2841台開","110/07/08","統一-竹南",30,0,30
"23303","2841台開","110/07/08","元大-沙鹿",0,20,-20
"23304","2841台開","110/07/08","凱基-台南",30,0,30
"23305","2841台開","110/07/08","元大-汐止",0,20,-20
"23306","2841台開","110/07/08","元大-福營",30,0,30
"23307","2841台開","110/07/08","合庫-嘉義",2,20,-18
"23308","2841台開","110/07/08","合庫-台中",22,0,22
"23309","2841台開","110/07/08","國泰-敦南",3,21,-18
"23310","2841台開","110/07/08","大昌-安康",28,10,18
"23311","2841台開","110/07/08","日盛-竹北",0,15,-15
"23312","2841台開","110/07/08","元大-斗信",15,0,15
"23313","2841台開","110/07/08","元大-三重",0,15,-15
"23314","2841台開","110/07/08","富邦-台北",13,0,13
"23315","2841台開","110/07/08","永豐金-敦南",45,60,-15
"23316","2841台開","110/07/08","合庫-桃園",10,0,10
"23317","2841台開","110/07/08","(牛牛牛)亞-網路",0,12,-12
"23318","6207雷科","110/07/08","台新-高雄",54,2,52
"23319","6207雷科","110/07/08","群益金鼎-丹鳳",0,60,-60
"23320","6207雷科","110/07/08","新光-台中",18,0,18
"23321","6207雷科","110/07/08","元大-頭份",1,56,-55
"23322","6207雷科","110/07/08","日盛-嘉義",16,0,16
"23323","6207雷科","110/07/08","國票-中和",0,30,-30
"23324","6207雷科","110/07/08","合庫-鳳山",15,0,15
"23325","6207雷科","110/07/08","凱基-台北",1,29,-28
"23326","6207雷科","110/07/08","臺銀-臺中",12,0,12
"23327","6207雷科","110/07/08","兆豐-板橋",0,25,-25
"23328","6207雷科","110/07/08","群益金鼎-土城",12,0,12
"23329","6207雷科","110/07/08","凱基-城中",4,25,-21
"23330","6207雷科","110/07/08","新光",25,14,11
"23331","6207雷科","110/07/08","日進",0,20,-20
"23332","6207雷科","110/07/08","凱基-中壢",11,0,11
"23333","6207雷科","110/07/08","台新證券",3,20,-17
"23334","6207雷科","110/07/08","台灣企銀",10,0,10
"23335","6207雷科","110/07/08","群益金鼎-中山",0,16,-16
"23336","6207雷科","110/07/08","第一金-新興",11,1,10
"23337","6207雷科","110/07/08","元大-東門",0,16,-16
"23338","6207雷科","110/07/08","元富-吉利",10,0,10
"23339","6207雷科","110/07/08","群益金鼎-大甲",0,13,-13
"23340","6207雷科","110/07/08","光和-和美",10,0,10
"23341","6207雷科","110/07/08","日盛-板橋",0,10,-10
"23342","6207雷科","110/07/08","永豐金-南京",10,0,10
"23343","6207雷科","110/07/08","日盛-中壢",0,10,-10
"23344","6207雷科","110/07/08","土銀",8,0,8
"23345","6207雷科","110/07/08","摩根大通",125,135,-10
"23346","6207雷科","110/07/08","中國信託-高雄",8,0,8
"23347","6207雷科","110/07/08","凱基-五股",0,10,-10
"23348","3679新至陞","110/07/08","華南永昌-台中",17,0,17
"23349","3679新至陞","110/07/08","大慶-蘆洲",0,10,-10
"23350","3679新至陞","110/07/08","國泰-桃園",6,0,6
"23351","3679新至陞","110/07/08","華南永昌-小港",0,7,-7
"23352","3679新至陞","110/07/08","元大-永春",6,0,6
"23353","3679新至陞","110/07/08","國泰-館前",0,3,-3
"23354","3679新至陞","110/07/08","香港上海匯豐",4,0,4
"23355","3679新至陞","110/07/08","元大-板橋",0,3,-3
"23356","3679新至陞","110/07/08","中國信託-新竹",3,0,3
"23357","3679新至陞","110/07/08","港商法國興業",0,2,-2
"23358","3679新至陞","110/07/08","國票-敦北法人",3,0,3
"23359","3679新至陞","110/07/08","第一金-忠孝",0,2,-2
"23360","3679新至陞","110/07/08","群益金鼎-台南",2,0,2
"23361","3679新至陞","110/07/08","元富-古亭",0,2,-2
"23362","3679新至陞","110/07/08","凱基",2,0,2
"23363","3679新至陞","110/07/08","摩根大通",1,3,-2
"23364","3679新至陞","110/07/08","凱基-台北",6,4,2
"23365","3679新至陞","110/07/08","富邦-板橋",0,2,-2
"23366","3679新至陞","110/07/08","日盛-信義",1,0,1
"23367","3679新至陞","110/07/08","元大-文心興安",0,2,-2
"23368","3679新至陞","110/07/08","日盛-新莊",1,0,1
"23369","3679新至陞","110/07/08","臺銀-高雄",0,1,-1
"23370","3679新至陞","110/07/08","大慶",1,0,1
"23371","3679新至陞","110/07/08","日盛-高雄",0,1,-1
"23372","3679新至陞","110/07/08","兆豐-三重",1,0,1
"23373","3679新至陞","110/07/08","日盛-文化",0,1,-1
"23374","3679新至陞","110/07/08","致和-東門",1,0,1
"23375","3679新至陞","110/07/08","美商高盛",0,1,-1
"23376","3679新至陞","110/07/08","台新證券",1,0,1
"23377","3679新至陞","110/07/08","瑞士信貸",0,1,-1
"23378","2727王品","110/07/08","群益金鼎-大安",80,0,80
"23379","2727王品","110/07/08","台灣摩根士丹利",1,300,-299
"23380","2727王品","110/07/08","富邦-台北",237,165,72
"23381","2727王品","110/07/08","元大證券",173,439,-266
"23382","2727王品","110/07/08","永豐金-萬盛",55,5,50
"23383","2727王品","110/07/08","統一",33,200,-167
"23384","2727王品","110/07/08","永豐金-南投",53,10,43
"23385","2727王品","110/07/08","凱基-台北",476,615,-139
"23386","2727王品","110/07/08","國泰-敦南",190,148,42
"23387","2727王品","110/07/08","永豐金-松山",8,138,-130
"23388","2727王品","110/07/08","台新-高雄",71,36,35
"23389","2727王品","110/07/08","新加坡商瑞銀",38,138,-100
"23390","2727王品","110/07/08","富邦-建國",62,27,35
"23391","2727王品","110/07/08","富邦-嘉義",84,182,-98
"23392","2727王品","110/07/08","永豐金證券",50,15,35
"23393","2727王品","110/07/08","元富-台南",4,99,-95
"23394","2727王品","110/07/08","港商野村",185,152,33
"23395","2727王品","110/07/08","凱基-永華",4,92,-88
"23396","2727王品","110/07/08","元大-嘉義",35,3,32
"23397","2727王品","110/07/08","凱基-大直",2,73,-71
"23398","2727王品","110/07/08","台新-三民",35,4,31
"23399","2727王品","110/07/08","美林",105,164,-59
"23400","2727王品","110/07/08","凱基-桃園",35,4,31
"23401","2727王品","110/07/08","第一金-台南",11,63,-52
"23402","2727王品","110/07/08","元大-和平",41,10,31
"23403","2727王品","110/07/08","摩根大通",216,259,-43
"23404","2727王品","110/07/08","兆豐-大安",33,5,28
"23405","2727王品","110/07/08","元大-員林",9,50,-41
"23406","2727王品","110/07/08","元大-新盛",33,6,27
"23407","2727王品","110/07/08","兆豐-虎尾",1,41,-40
"23408","1570力肯","110/07/08","群益金鼎-三重",20,0,20
"23409","1570力肯","110/07/08","中國信託-永康",0,26,-26
"23410","1570力肯","110/07/08","凱基-中壢",20,0,20
"23411","1570力肯","110/07/08","統一-敦南",0,12,-12
"23412","1570力肯","110/07/08","群益金鼎-台南",14,0,14
"23413","1570力肯","110/07/08","國票-博愛",0,10,-10
"23414","1570力肯","110/07/08","元富-緯城",10,0,10
"23415","1570力肯","110/07/08","元大-西門",0,10,-10
"23416","1570力肯","110/07/08","瑞士信貸",7,0,7
"23417","1570力肯","110/07/08","新光",0,9,-9
"23418","1570力肯","110/07/08","摩根大通",6,0,6
"23419","1570力肯","110/07/08","永豐金-大園",0,9,-9
"23420","1570力肯","110/07/08","土銀-白河",5,0,5
"23421","1570力肯","110/07/08","日盛-大墩",0,6,-6
"23422","1570力肯","110/07/08","台灣摩根士丹利",4,0,4
"23423","1570力肯","110/07/08","台新證券",0,6,-6
"23424","1570力肯","110/07/08","元大-新莊",3,0,3
"23425","1570力肯","110/07/08","永全",0,5,-5
"23426","1570力肯","110/07/08","永豐金-苓雅",3,0,3
"23427","1570力肯","110/07/08","元大-天母",0,5,-5
"23428","1570力肯","110/07/08","合庫-三重",2,0,2
"23429","1570力肯","110/07/08","元富-吉利",0,3,-3
"23430","1570力肯","110/07/08","(牛牛牛)亞-鑫豐",2,0,2
"23431","1570力肯","110/07/08","國泰-高雄",0,3,-3
"23432","1570力肯","110/07/08","玉山-大里",2,0,2
"23433","1570力肯","110/07/08","群益金鼎-北高雄",0,3,-3
"23434","1570力肯","110/07/08","國泰-敦南",2,0,2
"23435","1570力肯","110/07/08","群益金鼎-東門",0,2,-2
"23436","1570力肯","110/07/08","華南永昌-岡山",2,0,2
"23437","1570力肯","110/07/08","日盛-高雄",5,6,-1
"23438","6180橘子","110/07/08","新光",30,4,26
"23439","6180橘子","110/07/08","元大-土城學府",0,89,-89
"23440","6180橘子","110/07/08","康和-台南",22,0,22
"23441","6180橘子","110/07/08","凱基-東勢",1,66,-65
"23442","6180橘子","110/07/08","國泰-板橋",22,0,22
"23443","6180橘子","110/07/08","光和",0,64,-64
"23444","6180橘子","110/07/08","日盛-文化",21,0,21
"23445","6180橘子","110/07/08","中國信託-忠孝",0,50,-50
"23446","6180橘子","110/07/08","中國信託-文心",20,2,18
"23447","6180橘子","110/07/08","元富-大裕",0,25,-25
"23448","6180橘子","110/07/08","凱基-台北",39,24,15
"23449","6180橘子","110/07/08","統一-基隆",1,25,-24
"23450","6180橘子","110/07/08","元富-新店",14,0,14
"23451","6180橘子","110/07/08","美商高盛",1,21,-20
"23452","6180橘子","110/07/08","元大-土城永寧",11,0,11
"23453","6180橘子","110/07/08","元大證券",1,19,-18
"23454","6180橘子","110/07/08","永豐金-南京",11,0,11
"23455","6180橘子","110/07/08","元大-太平",2,20,-18
"23456","6180橘子","110/07/08","宏遠-館前",10,0,10
"23457","6180橘子","110/07/08","合庫證券",2,18,-16
"23458","6180橘子","110/07/08","國泰-新莊",10,0,10
"23459","6180橘子","110/07/08","台灣摩根士丹利",1,12,-11
"23460","6180橘子","110/07/08","群益金鼎",10,0,10
"23461","6180橘子","110/07/08","瑞士信貸",0,11,-11
"23462","6180橘子","110/07/08","凱基-高雄",10,0,10
"23463","6180橘子","110/07/08","元富-嘉義",0,11,-11
"23464","6180橘子","110/07/08","凱基-大安",10,0,10
"23465","6180橘子","110/07/08","新光-高雄",0,11,-11
"23466","6180橘子","110/07/08","富邦-仁愛",10,0,10
"23467","6180橘子","110/07/08","大慶-苗栗",0,10,-10
"23468","2390云辰","110/07/08","統一-新台中",126,1,125
"23469","2390云辰","110/07/08","摩根大通",62,661,-599
"23470","2390云辰","110/07/08","元大-員林",111,0,111
"23471","2390云辰","110/07/08","新加坡商瑞銀",0,173,-173
"23472","2390云辰","110/07/08","合庫-高雄",105,0,105
"23473","2390云辰","110/07/08","元大-天母",7,150,-143
"23474","2390云辰","110/07/08","凱基-台北",255,177,78
"23475","2390云辰","110/07/08","台灣摩根士丹利",0,134,-134
"23476","2390云辰","110/07/08","新光",71,17,54
"23477","2390云辰","110/07/08","玉山-台中",17,120,-103
"23478","2390云辰","110/07/08","國票-嘉義",53,0,53
"23479","2390云辰","110/07/08","美商高盛",0,78,-78
"23480","2390云辰","110/07/08","富邦-仁愛",53,4,49
"23481","2390云辰","110/07/08","美林",11,82,-71
"23482","2390云辰","110/07/08","兆豐-城中",48,0,48
"23483","2390云辰","110/07/08","群益金鼎-大興",35,106,-71
"23484","2390云辰","110/07/08","元大-新營",47,0,47
"23485","2390云辰","110/07/08","光和",11,71,-60
"23486","2390云辰","110/07/08","國泰-敦南",89,55,34
"23487","2390云辰","110/07/08","國泰-台中",28,70,-42
"23488","2390云辰","110/07/08","兆豐-台中",40,7,33
"23489","2390云辰","110/07/08","玉山-新莊",6,46,-40
"23490","2390云辰","110/07/08","永豐金-中正",36,6,30
"23491","2390云辰","110/07/08","富邦-台北",21,57,-36
"23492","2390云辰","110/07/08","中國信託-三重",29,0,29
"23493","2390云辰","110/07/08","土銀-台中",0,30,-30
"23494","2390云辰","110/07/08","富邦-陽明",33,5,28
"23495","2390云辰","110/07/08","兆豐-埔墘",1,31,-30
"23496","2390云辰","110/07/08","元富-桃園",27,0,27
"23497","2390云辰","110/07/08","玉山-南京東路",3,33,-30
"23498","4903聯光通","110/07/07","元大-太平",47,4,43
"23499","4903聯光通","110/07/07","日盛-板橋",0,15,-15
"23500","4903聯光通","110/07/07","華南永昌-桃園",10,0,10
"23501","4903聯光通","110/07/07","元大-八德",0,9,-9
"23502","4903聯光通","110/07/07","元大-南投",9,0,9
"23503","4903聯光通","110/07/07","宏遠證券",0,7,-7
"23504","4903聯光通","110/07/07","新光-台中",3,0,3
"23505","4903聯光通","110/07/07","大慶",0,7,-7
"23506","4903聯光通","110/07/07","國泰-敦南",1,0,1
"23507","4903聯光通","110/07/07","群益金鼎-館前",0,6,-6
"23508","4903聯光通","110/07/07","國票-中正",0,0,0
"23509","4903聯光通","110/07/07","元大-羅東",0,5,-5
"23510","4903聯光通","110/07/07","康和-內湖",0,0,0
"23511","4903聯光通","110/07/07","新光",8,12,-4
"23512","4903聯光通","110/07/07","凱基-站前",0,0,0
"23513","4903聯光通","110/07/07","國泰-高雄",0,3,-3
"23514","4903聯光通","110/07/07","華南永昌",1,1,0
"23515","4903聯光通","110/07/07","第一金-台中",0,3,-3
"23516","4903聯光通","110/07/07","華南永昌-新莊",0,0,0
"23517","4903聯光通","110/07/07","中農",0,1,-1
"23518","4903聯光通","110/07/07","臺灣企銀-桃園",0,1,-1
"23519","4903聯光通","110/07/07","台新-新營",0,1,-1
"23520","4903聯光通","110/07/07","元大-鶯歌",2,3,-1
"23521","4903聯光通","110/07/07","元大-永和",0,1,-1
"23522","4903聯光通","110/07/07","元大-苑裡",0,1,-1
"23523","2929淘帝","110/07/07","統一",163,0,163
"23524","2929淘帝","110/07/07","新光-台中",57,142,-85
"23525","2929淘帝","110/07/07","港商野村",323,181,142
"23526","2929淘帝","110/07/07","兆豐-忠孝",0,76,-76
"23527","2929淘帝","110/07/07","日盛-中壢",132,10,122
"23528","2929淘帝","110/07/07","台新-建北",0,53,-53
"23529","2929淘帝","110/07/07","新加坡商瑞銀",140,19,121
"23530","2929淘帝","110/07/07","臺銀-鳳山",0,44,-44
"23531","2929淘帝","110/07/07","日盛-嘉義",101,0,101
"23532","2929淘帝","110/07/07","元大-新盛",0,42,-42
"23533","2929淘帝","110/07/07","摩根大通",101,16,85
"23534","2929淘帝","110/07/07","富邦-建國",6,47,-41
"23535","2929淘帝","110/07/07","元大-太平",55,2,53
"23536","2929淘帝","110/07/07","日盛-園區",0,40,-40
"23537","2929淘帝","110/07/07","元富-松德",50,1,49
"23538","2929淘帝","110/07/07","新光-高雄",1,38,-37
"23539","2929淘帝","110/07/07","凱基-板橋",53,5,48
"23540","2929淘帝","110/07/07","永豐金-三重",1,34,-33
"23541","2929淘帝","110/07/07","美林",80,34,46
"23542","2929淘帝","110/07/07","元大-彰化",0,31,-31
"23543","2929淘帝","110/07/07","元富-台南",41,0,41
"23544","2929淘帝","110/07/07","第一金-大稻埕",0,30,-30
"23545","2929淘帝","110/07/07","兆豐-竹北",39,0,39
"23546","2929淘帝","110/07/07","國泰-敦南",3,33,-30
"23547","2929淘帝","110/07/07","元大-西門",36,0,36
"23548","2929淘帝","110/07/07","富邦-員林",0,30,-30
"23549","2929淘帝","110/07/07","華南永昌",39,4,35
"23550","2929淘帝","110/07/07","元大-蘆洲",1,30,-29
"23551","2929淘帝","110/07/07","日盛-板橋中山",30,0,30
"23552","2929淘帝","110/07/07","台新-台南",4,32,-28
"23553","5410國眾","110/07/07","兆豐-城中",66,0,66
"23554","5410國眾","110/07/07","富邦-仁愛",0,115,-115
"23555","5410國眾","110/07/07","摩根大通",21,0,21
"23556","5410國眾","110/07/07","亞東-板橋",0,38,-38
"23557","5410國眾","110/07/07","元大-北投",21,0,21
"23558","5410國眾","110/07/07","凱基-台北",2,24,-22
"23559","5410國眾","110/07/07","亞東-新竹",15,0,15
"23560","5410國眾","110/07/07","彰銀-七賢",0,10,-10
"23561","5410國眾","110/07/07","元大-福營",12,0,12
"23562","5410國眾","110/07/07","凱基-基隆",0,10,-10
"23563","5410國眾","110/07/07","新光-高雄",11,0,11
"23564","5410國眾","110/07/07","凱基-屏東",0,10,-10
"23565","5410國眾","110/07/07","華南永昌-小港",10,0,10
"23566","5410國眾","110/07/07","凱基-鳳山",0,10,-10
"23567","5410國眾","110/07/07","元大-大灣",10,0,10
"23568","5410國眾","110/07/07","永豐金-忠孝",0,10,-10
"23569","5410國眾","110/07/07","元大-莒光",10,0,10
"23570","5410國眾","110/07/07","日盛-板橋中山",0,9,-9
"23571","5410國眾","110/07/07","台中銀-豐原",9,0,9
"23572","5410國眾","110/07/07","統一-高雄",0,5,-5
"23573","5410國眾","110/07/07","元大-南屯",9,0,9
"23574","5410國眾","110/07/07","元大-斗六",0,5,-5
"23575","5410國眾","110/07/07","日盛-新莊",7,0,7
"23576","5410國眾","110/07/07","元大-大益",0,5,-5
"23577","5410國眾","110/07/07","元富-大昌",6,0,6
"23578","5410國眾","110/07/07","元大-南投",0,5,-5
"23579","5410國眾","110/07/07","新光-新竹",6,0,6
"23580","5410國眾","110/07/07","永豐金-員林",0,5,-5
"23581","5410國眾","110/07/07","臺銀-金山",5,0,5
"23582","5410國眾","110/07/07","華南永昌-楠梓",0,4,-4
"23583","2841台開","110/07/07","永豐金-豐原",268,0,268
"23584","2841台開","110/07/07","凱基-市政",0,200,-200
"23585","2841台開","110/07/07","永豐金-南投",200,0,200
"23586","2841台開","110/07/07","永豐金-彰化",0,100,-100
"23587","2841台開","110/07/07","新光",139,9,130
"23588","2841台開","110/07/07","元大-開元",1,93,-92
"23589","2841台開","110/07/07","中國信託-高雄",50,1,49
"23590","2841台開","110/07/07","港商野村",0,80,-80
"23591","2841台開","110/07/07","元大-歸仁",40,0,40
"23592","2841台開","110/07/07","凱基-台南",25,85,-60
"23593","2841台開","110/07/07","台中銀",35,0,35
"23594","2841台開","110/07/07","美商高盛",1,58,-57
"23595","2841台開","110/07/07","台新-新營",30,0,30
"23596","2841台開","110/07/07","統一-三重",0,55,-55
"23597","2841台開","110/07/07","富邦-台南",30,0,30
"23598","2841台開","110/07/07","台新證券",12,50,-38
"23599","2841台開","110/07/07","國泰-板橋",30,1,29
"23600","2841台開","110/07/07","陽信-石牌",0,31,-31
"23601","2841台開","110/07/07","凱基-文心",28,0,28
"23602","2841台開","110/07/07","元大-福營",0,31,-31
"23603","2841台開","110/07/07","凱基-站前",27,0,27
"23604","2841台開","110/07/07","第一金-澎湖",0,30,-30
"23605","2841台開","110/07/07","大昌-安康",38,16,22
"23606","2841台開","110/07/07","元大-新莊",0,30,-30
"23607","2841台開","110/07/07","合庫-台中",20,0,20
"23608","2841台開","110/07/07","國泰-館前",0,28,-28
"23609","2841台開","110/07/07","日盛-台南",20,0,20
"23610","2841台開","110/07/07","元大-竹科",0,25,-25
"23611","2841台開","110/07/07","台中銀-員林",20,0,20
"23612","2841台開","110/07/07","富邦-仁愛",1,22,-21
"23613","6207雷科","110/07/07","元大-大天母",21,0,21
"23614","6207雷科","110/07/07","元大-高雄",0,105,-105
"23615","6207雷科","110/07/07","元大-頭份",18,0,18
"23616","6207雷科","110/07/07","永豐金-中正",0,35,-35
"23617","6207雷科","110/07/07","第一金-新興",16,0,16
"23618","6207雷科","110/07/07","摩根大通",8,39,-31
"23619","6207雷科","110/07/07","富邦-虎尾",12,0,12
"23620","6207雷科","110/07/07","元大-林園",0,30,-30
"23621","6207雷科","110/07/07","兆豐-板橋",10,0,10
"23622","6207雷科","110/07/07","凱基-台北",0,19,-19
"23623","6207雷科","110/07/07","玉山-台大",10,0,10
"23624","6207雷科","110/07/07","國票-中和",13,25,-12
"23625","6207雷科","110/07/07","元大-四維",10,0,10
"23626","6207雷科","110/07/07","新加坡商瑞銀",0,9,-9
"23627","6207雷科","110/07/07","元大-鹿港",10,0,10
"23628","6207雷科","110/07/07","玉山-高雄",0,8,-8
"23629","6207雷科","110/07/07","元大-信義",10,0,10
"23630","6207雷科","110/07/07","玉山-台南",0,8,-8
"23631","6207雷科","110/07/07","台新-三民",8,0,8
"23632","6207雷科","110/07/07","宏遠-高雄",0,5,-5
"23633","6207雷科","110/07/07","元大-上新莊",8,0,8
"23634","6207雷科","110/07/07","元大-南海",0,5,-5
"23635","6207雷科","110/07/07","大昌-桃園",7,0,7
"23636","6207雷科","110/07/07","元大-莒光",0,4,-4
"23637","6207雷科","110/07/07","新光-台中",10,4,6
"23638","6207雷科","110/07/07","港商野村",0,3,-3
"23639","6207雷科","110/07/07","日盛-頭份",5,0,5
"23640","6207雷科","110/07/07","大慶-台南",0,3,-3
"23641","6207雷科","110/07/07","日茂-埔里",5,0,5
"23642","6207雷科","110/07/07","凱基-站前",0,3,-3
"23643","3679新至陞","110/07/07","永豐金證券",18,0,18
"23644","3679新至陞","110/07/07","美林",0,13,-13
"23645","3679新至陞","110/07/07","元大-文心興安",6,0,6
"23646","3679新至陞","110/07/07","兆豐-大安",0,10,-10
"23647","3679新至陞","110/07/07","中農",5,0,5
"23648","3679新至陞","110/07/07","國泰-桃園",0,4,-4
"23649","3679新至陞","110/07/07","台新證券",4,0,4
"23650","3679新至陞","110/07/07","永豐金-虎尾",0,4,-4
"23651","3679新至陞","110/07/07","華南永昌-小港",4,0,4
"23652","3679新至陞","110/07/07","台灣摩根士丹利",0,3,-3
"23653","3679新至陞","110/07/07","元大-天母",4,0,4
"23654","3679新至陞","110/07/07","瑞士信貸",0,3,-3
"23655","3679新至陞","110/07/07","台中銀-員林",4,1,3
"23656","3679新至陞","110/07/07","統一-新竹",0,3,-3
"23657","3679新至陞","110/07/07","摩根大通",4,1,3
"23658","3679新至陞","110/07/07","統一-三重",0,3,-3
"23659","3679新至陞","110/07/07","凱基-台北",7,4,3
"23660","3679新至陞","110/07/07","凱基-竹北",0,3,-3
"23661","3679新至陞","110/07/07","華南永昌-高雄",3,0,3
"23662","3679新至陞","110/07/07","元富-世貿",0,2,-2
"23663","3679新至陞","110/07/07","永豐金-潮州",2,0,2
"23664","3679新至陞","110/07/07","兆豐-鹿港",0,2,-2
"23665","3679新至陞","110/07/07","合庫-新竹",1,0,1
"23666","3679新至陞","110/07/07","玉山-台大",0,2,-2
"23667","3679新至陞","110/07/07","土銀-高雄",1,0,1
"23668","3679新至陞","110/07/07","國泰-館前",0,2,-2
"23669","3679新至陞","110/07/07","元富-新興",1,0,1
"23670","3679新至陞","110/07/07","群益金鼎-新莊",0,2,-2
"23671","3679新至陞","110/07/07","富邦-中壢",1,0,1
"23672","3679新至陞","110/07/07","元大-桃園",0,2,-2
"23673","2727王品","110/07/07","第一金",62,0,62
"23674","2727王品","110/07/07","台灣摩根士丹利",1,177,-176
"23675","2727王品","110/07/07","凱基-埔墘",40,0,40
"23676","2727王品","110/07/07","凱基-台北",49,151,-102
"23677","2727王品","110/07/07","中國信託-忠孝",40,1,39
"23678","2727王品","110/07/07","摩根大通",19,107,-88
"23679","2727王品","110/07/07","玉山-板橋",40,6,34
"23680","2727王品","110/07/07","美商高盛",2,86,-84
"23681","2727王品","110/07/07","亞東-新竹",31,1,30
"23682","2727王品","110/07/07","元大-北屯",1,52,-51
"23683","2727王品","110/07/07","群益金鼎-宜蘭",25,1,24
"23684","2727王品","110/07/07","國泰證券",1,47,-46
"23685","2727王品","110/07/07","富邦-竹北",23,0,23
"23686","2727王品","110/07/07","統一",3,33,-30
"23687","2727王品","110/07/07","元大-旗山",23,0,23
"23688","2727王品","110/07/07","第一金-台中",1,30,-29
"23689","2727王品","110/07/07","元富-宜蘭",21,0,21
"23690","2727王品","110/07/07","華南永昌-中正",4,29,-25
"23691","2727王品","110/07/07","國票-長城",20,0,20
"23692","2727王品","110/07/07","美林",0,23,-23
"23693","2727王品","110/07/07","台新證券",47,28,19
"23694","2727王品","110/07/07","群益金鼎-館前",0,20,-20
"23695","2727王品","110/07/07","富邦-新竹華信",18,1,17
"23696","2727王品","110/07/07","國票-內壢",0,16,-16
"23697","2727王品","110/07/07","永豐金-中正",18,1,17
"23698","2727王品","110/07/07","兆豐-新莊",0,15,-15
"23699","2727王品","110/07/07","華南永昌-麻豆",17,1,16
"23700","2727王品","110/07/07","港商野村",15,28,-13
"23701","2727王品","110/07/07","永豐金-潮州",15,0,15
"23702","2727王品","110/07/07","元大-善化",1,13,-12
"23703","1570力肯","110/07/07","台新證券",88,0,88
"23704","1570力肯","110/07/07","新光",0,54,-54
"23705","1570力肯","110/07/07","摩根大通",49,15,34
"23706","1570力肯","110/07/07","元大-高雄",0,40,-40
"23707","1570力肯","110/07/07","合庫-桃園",20,0,20
"23708","1570力肯","110/07/07","國票-北高雄",38,50,-12
"23709","1570力肯","110/07/07","元大-土城學府",20,0,20
"23710","1570力肯","110/07/07","群益金鼎-嘉義",0,10,-10
"23711","1570力肯","110/07/07","永豐金-板盛",18,0,18
"23712","1570力肯","110/07/07","元大-草屯",0,10,-10
"23713","1570力肯","110/07/07","永豐金-永康",18,0,18
"23714","1570力肯","110/07/07","日盛-高雄",0,9,-9
"23715","1570力肯","110/07/07","統一-員林",14,0,14
"23716","1570力肯","110/07/07","第一金-路竹",0,9,-9
"23717","1570力肯","110/07/07","元大-竹山",6,0,6
"23718","1570力肯","110/07/07","元大-古亭",0,9,-9
"23719","1570力肯","110/07/07","統一-敦南",5,0,5
"23720","1570力肯","110/07/07","國票-中正",0,8,-8
"23721","1570力肯","110/07/07","元大-永和",5,0,5
"23722","1570力肯","110/07/07","群益金鼎-鳳山",0,6,-6
"23723","1570力肯","110/07/07","元富-大裕",4,0,4
"23724","1570力肯","110/07/07","元大-土城永寧",0,6,-6
"23725","1570力肯","110/07/07","華南永昌-斗六",4,0,4
"23726","1570力肯","110/07/07","中國信託",0,5,-5
"23727","1570力肯","110/07/07","永豐金-松山",6,3,3
"23728","1570力肯","110/07/07","日盛-板橋",0,4,-4
"23729","1570力肯","110/07/07","永豐金-南投",4,1,3
"23730","1570力肯","110/07/07","日盛-木柵",0,4,-4
"23731","1570力肯","110/07/07","土銀-彰化",2,0,2
"23732","1570力肯","110/07/07","玉山-桃園",0,4,-4
"23733","6180橘子","110/07/07","臺銀-金山",27,0,27
"23734","6180橘子","110/07/07","凱基-台北",6,36,-30
"23735","6180橘子","110/07/07","元富-潮州",20,0,20
"23736","6180橘子","110/07/07","元大-天母",1,26,-25
"23737","6180橘子","110/07/07","凱基-中山",20,0,20
"23738","6180橘子","110/07/07","富邦-陽明",0,22,-22
"23739","6180橘子","110/07/07","元大-太平",23,4,19
"23740","6180橘子","110/07/07","日盛-頭份",0,20,-20
"23741","6180橘子","110/07/07","摩根大通",17,0,17
"23742","6180橘子","110/07/07","富邦-仁愛",0,20,-20
"23743","6180橘子","110/07/07","元大-草屯",20,3,17
"23744","6180橘子","110/07/07","永豐金-新莊",0,20,-20
"23745","6180橘子","110/07/07","華南永昌-楠梓",15,1,14
"23746","6180橘子","110/07/07","台灣摩根士丹利",0,18,-18
"23747","6180橘子","110/07/07","中國信託-永康",12,0,12
"23748","6180橘子","110/07/07","華南永昌-長虹",1,16,-15
"23749","6180橘子","110/07/07","日盛-文化",10,0,10
"23750","6180橘子","110/07/07","新光-新竹",0,12,-12
"23751","6180橘子","110/07/07","國泰-館前",10,0,10
"23752","6180橘子","110/07/07","凱基-中壢",0,12,-12
"23753","6180橘子","110/07/07","華南永昌-鶯歌",10,0,10
"23754","6180橘子","110/07/07","第一金-忠孝",0,11,-11
"23755","6180橘子","110/07/07","元大-豐原站前",10,0,10
"23756","6180橘子","110/07/07","元大-沙鹿",0,11,-11
"23757","6180橘子","110/07/07","元大-北屯",10,0,10
"23758","6180橘子","110/07/07","永豐金-羅東",0,11,-11
"23759","6180橘子","110/07/07","兆豐-台中",10,1,9
"23760","6180橘子","110/07/07","兆豐-埔墘",0,10,-10
"23761","6180橘子","110/07/07","群益金鼎-開元",9,0,9
"23762","6180橘子","110/07/07","華南永昌-台中",0,10,-10
"23763","2390云辰","110/07/07","元大-向上",144,0,144
"23764","2390云辰","110/07/07","摩根大通",18,674,-656
"23765","2390云辰","110/07/07","元富-中港",102,0,102
"23766","2390云辰","110/07/07","凱基-台北",141,625,-484
"23767","2390云辰","110/07/07","群益金鼎-民權",104,4,100
"23768","2390云辰","110/07/07","美林",32,261,-229
"23769","2390云辰","110/07/07","兆豐-忠孝",81,0,81
"23770","2390云辰","110/07/07","新加坡商瑞銀",50,149,-99
"23771","2390云辰","110/07/07","合庫-新竹",60,0,60
"23772","2390云辰","110/07/07","台灣摩根士丹利",7,87,-80
"23773","2390云辰","110/07/07","元大-土城學府",59,1,58
"23774","2390云辰","110/07/07","元大-金華",2,68,-66
"23775","2390云辰","110/07/07","玉山-大里",58,3,55
"23776","2390云辰","110/07/07","國票-新莊",13,65,-52
"23777","2390云辰","110/07/07","元大-東蘆",54,1,53
"23778","2390云辰","110/07/07","凱基-三重",12,56,-44
"23779","2390云辰","110/07/07","元富-三重",51,0,51
"23780","2390云辰","110/07/07","新光-台中",23,65,-42
"23781","2390云辰","110/07/07","元富-埔里",50,0,50
"23782","2390云辰","110/07/07","第一金-中壢",5,45,-40
"23783","2390云辰","110/07/07","中國信託-三重",52,3,49
"23784","2390云辰","110/07/07","華南永昌-斗六",0,40,-40
"23785","2390云辰","110/07/07","元大-彰化民生",64,15,49
"23786","2390云辰","110/07/07","富邦-新竹華信",25,61,-36
"23787","2390云辰","110/07/07","元大-潮州",50,5,45
"23788","2390云辰","110/07/07","玉山-新莊",2,32,-30
"23789","2390云辰","110/07/07","元富-高雄",57,14,43
"23790","2390云辰","110/07/07","凱基-新豐",17,47,-30
"23791","2390云辰","110/07/07","凱基-和平",40,0,40
"23792","2390云辰","110/07/07","統一-汐止",1,29,-28
"23793","4903聯光通","110/07/06","元大-苗栗",10,0,10
"23794","4903聯光通","110/07/06","宏遠證券",0,13,-13
"23795","4903聯光通","110/07/06","彰銀",5,0,5
"23796","4903聯光通","110/07/06","富邦-新營",0,4,-4
"23797","4903聯光通","110/07/06","元大-松山",5,0,5
"23798","4903聯光通","110/07/06","元富-草屯",0,3,-3
"23799","4903聯光通","110/07/06","新光",3,0,3
"23800","4903聯光通","110/07/06","元大-羅東",0,3,-3
"23801","4903聯光通","110/07/06","群益金鼎-館前",1,0,1
"23802","4903聯光通","110/07/06","元大-北三重",0,2,-2
"23803","4903聯光通","110/07/06","華南永昌-鶯歌",1,0,1
"23804","4903聯光通","110/07/06","國泰-敦南",0,1,-1
"23805","4903聯光通","110/07/06","永豐金-市政",1,0,1
"23806","4903聯光通","110/07/06","元富-板橋",0,0,0
"23807","4903聯光通","110/07/06","元富-板橋",0,0,0
"23808","4903聯光通","110/07/06","華南永昌",0,0,0
"23809","4903聯光通","110/07/06","華南永昌",0,0,0
"23810","4903聯光通","110/07/06","元大-太平",2,2,0
"23811","4903聯光通","110/07/06","元大-太平",2,2,0
"23812","2929淘帝","110/07/06","新光",204,85,119
"23813","2929淘帝","110/07/06","港商野村",62,282,-220
"23814","2929淘帝","110/07/06","日盛-中壢",94,0,94
"23815","2929淘帝","110/07/06","摩根大通",64,264,-200
"23816","2929淘帝","110/07/06","元富-城東",84,0,84
"23817","2929淘帝","110/07/06","統一",0,163,-163
"23818","2929淘帝","110/07/06","日盛-雙和",55,0,55
"23819","2929淘帝","110/07/06","香港上海匯豐",0,141,-141
"23820","2929淘帝","110/07/06","第一金-路竹",71,17,54
"23821","2929淘帝","110/07/06","新加坡商瑞銀",54,179,-125
"23822","2929淘帝","110/07/06","元大-花蓮",44,2,42
"23823","2929淘帝","110/07/06","合庫-高雄",3,122,-119
"23824","2929淘帝","110/07/06","永豐金-大園",73,33,40
"23825","2929淘帝","110/07/06","美林",34,118,-84
"23826","2929淘帝","110/07/06","元大-太平",44,6,38
"23827","2929淘帝","110/07/06","元大-員林",2,82,-80
"23828","2929淘帝","110/07/06","國泰-板橋",40,5,35
"23829","2929淘帝","110/07/06","元富-松德",26,75,-49
"23830","2929淘帝","110/07/06","兆豐-內湖",33,1,32
"23831","2929淘帝","110/07/06","臺銀-臺南",9,52,-43
"23832","2929淘帝","110/07/06","元大-博愛",43,11,32
"23833","2929淘帝","110/07/06","元大-北投",5,48,-43
"23834","2929淘帝","110/07/06","日盛-竹北",40,10,30
"23835","2929淘帝","110/07/06","臺銀-民權",1,41,-40
"23836","2929淘帝","110/07/06","元大-善化",52,22,30
"23837","2929淘帝","110/07/06","兆豐-忠孝",1,41,-40
"23838","2929淘帝","110/07/06","富邦-北港",29,0,29
"23839","2929淘帝","110/07/06","元大-西門",1,36,-35
"23840","2929淘帝","110/07/06","凱基-湖口",27,0,27
"23841","2929淘帝","110/07/06","玉山-嘉義",3,35,-32
"23842","5410國眾","110/07/06","兆豐-城中",28,0,28
"23843","5410國眾","110/07/06","凱基-高美館",1,18,-17
"23844","5410國眾","110/07/06","元大-小港",20,0,20
"23845","5410國眾","110/07/06","國泰-館前",0,15,-15
"23846","5410國眾","110/07/06","元大-新盛",18,0,18
"23847","5410國眾","110/07/06","國泰-板橋",2,17,-15
"23848","5410國眾","110/07/06","香港上海匯豐",15,0,15
"23849","5410國眾","110/07/06","新光",0,13,-13
"23850","5410國眾","110/07/06","華南永昌-小港",15,0,15
"23851","5410國眾","110/07/06","元富-緯城",0,10,-10
"23852","5410國眾","110/07/06","元富-大昌",13,0,13
"23853","5410國眾","110/07/06","中農",0,10,-10
"23854","5410國眾","110/07/06","臺銀-臺南",10,0,10
"23855","5410國眾","110/07/06","凱基-屏東",0,10,-10
"23856","5410國眾","110/07/06","元富-延平",8,0,8
"23857","5410國眾","110/07/06","新光-桃園",0,6,-6
"23858","5410國眾","110/07/06","元大-八德",17,9,8
"23859","5410國眾","110/07/06","高橋-龍潭",0,5,-5
"23860","5410國眾","110/07/06","摩根大通",7,0,7
"23861","5410國眾","110/07/06","元富-世貿",0,5,-5
"23862","5410國眾","110/07/06","凱基-桃園",7,0,7
"23863","5410國眾","110/07/06","群益金鼎-瑞豐",0,5,-5
"23864","5410國眾","110/07/06","永豐金-屏東",7,0,7
"23865","5410國眾","110/07/06","富邦-台中",0,5,-5
"23866","5410國眾","110/07/06","台新-左楠",5,0,5
"23867","5410國眾","110/07/06","永豐金-板橋",0,5,-5
"23868","5410國眾","110/07/06","富邦-竹東",5,0,5
"23869","5410國眾","110/07/06","富邦-台南",0,4,-4
"23870","5410國眾","110/07/06","元大-新莊",5,0,5
"23871","5410國眾","110/07/06","凱基-站前",0,3,-3
"23872","2841台開","110/07/06","群益金鼎-忠孝",100,0,100
"23873","2841台開","110/07/06","港商野村",0,295,-295
"23874","2841台開","110/07/06","台新證券",58,0,58
"23875","2841台開","110/07/06","元大-善化",0,50,-50
"23876","2841台開","110/07/06","台新-台中",58,0,58
"23877","2841台開","110/07/06","元大-四維",0,50,-50
"23878","2841台開","110/07/06","永豐金-敦南",50,0,50
"23879","2841台開","110/07/06","台新-新營",0,30,-30
"23880","2841台開","110/07/06","元大-台中",45,0,45
"23881","2841台開","110/07/06","群益金鼎-桃園",0,21,-21
"23882","2841台開","110/07/06","凱基-文心",43,0,43
"23883","2841台開","110/07/06","台中銀-員林",0,20,-20
"23884","2841台開","110/07/06","永豐金-潮州",30,0,30
"23885","2841台開","110/07/06","群益金鼎-延平",0,15,-15
"23886","2841台開","110/07/06","第一金-自由",25,0,25
"23887","2841台開","110/07/06","元大-三重",0,13,-13
"23888","2841台開","110/07/06","美商高盛",17,0,17
"23889","2841台開","110/07/06","元富-古亭",0,10,-10
"23890","2841台開","110/07/06","大昌-安康",39,22,17
"23891","2841台開","110/07/06","群益金鼎-北高雄",0,10,-10
"23892","2841台開","110/07/06","台中銀",15,0,15
"23893","2841台開","110/07/06","華南永昌-南京",0,10,-10
"23894","2841台開","110/07/06","玉山-嘉義",15,0,15
"23895","2841台開","110/07/06","富邦-花蓮",0,10,-10
"23896","2841台開","110/07/06","新光",11,0,11
"23897","2841台開","110/07/06","富邦-高雄",0,10,-10
"23898","2841台開","110/07/06","兆豐-永和",10,0,10
"23899","2841台開","110/07/06","元大-竹山",0,10,-10
"23900","2841台開","110/07/06","康和-內湖",10,0,10
"23901","2841台開","110/07/06","元大-屏東",0,10,-10
"23902","6207雷科","110/07/06","新光",45,4,41
"23903","6207雷科","110/07/06","凱基-高美館",1,104,-103
"23904","6207雷科","110/07/06","統一-基隆",30,0,30
"23905","6207雷科","110/07/06","摩根大通",11,45,-34
"23906","6207雷科","110/07/06","康和-南崁",13,0,13
"23907","6207雷科","110/07/06","群益金鼎-新竹",0,22,-22
"23908","6207雷科","110/07/06","宏遠-台南",10,0,10
"23909","6207雷科","110/07/06","港商野村",2,23,-21
"23910","6207雷科","110/07/06","國票-和平",10,0,10
"23911","6207雷科","110/07/06","凱基-台北",0,14,-14
"23912","6207雷科","110/07/06","永豐金-天母",10,0,10
"23913","6207雷科","110/07/06","台新-三民",0,12,-12
"23914","6207雷科","110/07/06","台新證券",10,1,9
"23915","6207雷科","110/07/06","群益金鼎-開元",1,11,-10
"23916","6207雷科","110/07/06","群益金鼎-士林",8,0,8
"23917","6207雷科","110/07/06","富邦-南屯",0,8,-8
"23918","6207雷科","110/07/06","群益金鼎-瑞豐",7,0,7
"23919","6207雷科","110/07/06","元大-善化",0,8,-8
"23920","6207雷科","110/07/06","元大-四維",7,0,7
"23921","6207雷科","110/07/06","日盛-頭份",0,5,-5
"23922","6207雷科","110/07/06","國票-中和",6,0,6
"23923","6207雷科","110/07/06","第一金-高雄",0,5,-5
"23924","6207雷科","110/07/06","台新-中壢",6,0,6
"23925","6207雷科","110/07/06","凱基-八德",0,5,-5
"23926","6207雷科","110/07/06","凱基-高雄",6,0,6
"23927","6207雷科","110/07/06","凱基-頭份",0,5,-5
"23928","6207雷科","110/07/06","富邦-彰化",6,0,6
"23929","6207雷科","110/07/06","合庫-新竹",0,4,-4
"23930","6207雷科","110/07/06","凱基-大安",5,0,5
"23931","6207雷科","110/07/06","新光-高雄",0,4,-4
"23932","3679新至陞","110/07/06","凱基",11,0,11
"23933","3679新至陞","110/07/06","摩根大通",0,22,-22
"23934","3679新至陞","110/07/06","台中銀-員林",11,1,10
"23935","3679新至陞","110/07/06","凱基-台北",6,21,-15
"23936","3679新至陞","110/07/06","安泰-大發",10,0,10
"23937","3679新至陞","110/07/06","瑞士信貸",0,13,-13
"23938","3679新至陞","110/07/06","香港上海匯豐",8,0,8
"23939","3679新至陞","110/07/06","富邦-苗栗",0,10,-10
"23940","3679新至陞","110/07/06","永豐金證券",8,2,6
"23941","3679新至陞","110/07/06","元大-永春",0,6,-6
"23942","3679新至陞","110/07/06","第一金-高雄",5,0,5
"23943","3679新至陞","110/07/06","凱基-興隆",0,5,-5
"23944","3679新至陞","110/07/06","群益金鼎-高盛",3,0,3
"23945","3679新至陞","110/07/06","國泰-桃園",0,3,-3
"23946","3679新至陞","110/07/06","元大-嘉義",3,0,3
"23947","3679新至陞","110/07/06","元大-萬華",2,5,-3
"23948","3679新至陞","110/07/06","臺銀-高雄",2,0,2
"23949","3679新至陞","110/07/06","美林",0,2,-2
"23950","3679新至陞","110/07/06","日盛-復興",2,0,2
"23951","3679新至陞","110/07/06","第一金-華江",0,2,-2
"23952","3679新至陞","110/07/06","日盛-樹林",4,2,2
"23953","3679新至陞","110/07/06","新光-台中",0,2,-2
"23954","3679新至陞","110/07/06","宏遠-館前",2,0,2
"23955","3679新至陞","110/07/06","華南永昌-民權",0,2,-2
"23956","3679新至陞","110/07/06","台新證券",2,0,2
"23957","3679新至陞","110/07/06","元大-板橋",0,2,-2
"23958","3679新至陞","110/07/06","康和-板橋",2,0,2
"23959","3679新至陞","110/07/06","日盛-板橋中山",0,1,-1
"23960","3679新至陞","110/07/06","群益金鼎-台南",2,0,2
"23961","3679新至陞","110/07/06","宏遠證券",0,1,-1
"23962","2727王品","110/07/06","元大證券",1033,729,304
"23963","2727王品","110/07/06","台灣摩根士丹利",35,184,-149
"23964","2727王品","110/07/06","富邦-台北",332,46,286
"23965","2727王品","110/07/06","元大-北屯",11,79,-68
"23966","2727王品","110/07/06","統一",252,43,209
"23967","2727王品","110/07/06","元富-敦南",4,70,-66
"23968","2727王品","110/07/06","永豐金-松山",147,14,133
"23969","2727王品","110/07/06","元大-基隆孝二",11,75,-64
"23970","2727王品","110/07/06","富邦-嘉義",301,198,103
"23971","2727王品","110/07/06","臺銀-臺南",9,69,-60
"23972","2727王品","110/07/06","新加坡商瑞銀",128,34,94
"23973","2727王品","110/07/06","中國信託-忠孝",5,48,-43
"23974","2727王品","110/07/06","元富-台南",97,6,91
"23975","2727王品","110/07/06","永豐金-市政",5,46,-41
"23976","2727王品","110/07/06","台新證券",169,105,64
"23977","2727王品","110/07/06","彰銀-台中",19,56,-37
"23978","2727王品","110/07/06","美林",115,58,57
"23979","2727王品","110/07/06","玉山證券",30,67,-37
"23980","2727王品","110/07/06","華南永昌",75,23,52
"23981","2727王品","110/07/06","凱基-埔墘",4,41,-37
"23982","2727王品","110/07/06","凱基-台北",445,398,47
"23983","2727王品","110/07/06","永豐金-大園",3,40,-37
"23984","2727王品","110/07/06","凱基-大直",48,7,41
"23985","2727王品","110/07/06","元富",2,37,-35
"23986","2727王品","110/07/06","凱基-林口",45,4,41
"23987","2727王品","110/07/06","富邦-仁愛",32,64,-32
"23988","2727王品","110/07/06","德信",40,1,39
"23989","2727王品","110/07/06","玉山-板橋",52,82,-30
"23990","2727王品","110/07/06","第一金",42,5,37
"23991","2727王品","110/07/06","中國信託-文心",10,39,-29
"23992","1570力肯","110/07/06","香港上海匯豐",47,0,47
"23993","1570力肯","110/07/06","新光",2,107,-105
"23994","1570力肯","110/07/06","元大-高雄",55,16,39
"23995","1570力肯","110/07/06","摩根大通",11,58,-47
"23996","1570力肯","110/07/06","元富-緯城",37,0,37
"23997","1570力肯","110/07/06","高橋",4,50,-46
"23998","1570力肯","110/07/06","台新-台南",16,0,16
"23999","1570力肯","110/07/06","合庫-桃園",0,20,-20
"24000","1570力肯","110/07/06","元大-新竹經國",14,0,14
"24001","1570力肯","110/07/06","永豐金-板盛",0,18,-18
"24002","1570力肯","110/07/06","富邦-左營",12,0,12
"24003","1570力肯","110/07/06","華南永昌-公誠",0,9,-9
"24004","1570力肯","110/07/06","國票-中正",12,2,10
"24005","1570力肯","110/07/06","凱基-台北",1,9,-8
"24006","1570力肯","110/07/06","國票-博愛",10,0,10
"24007","1570力肯","110/07/06","臺銀-臺中",0,6,-6
"24008","1570力肯","110/07/06","統一-敦南",12,5,7
"24009","1570力肯","110/07/06","台新-三民",0,5,-5
"24010","1570力肯","110/07/06","群益金鼎-三重",7,0,7
"24011","1570力肯","110/07/06","華南永昌-麻豆",0,5,-5
"24012","1570力肯","110/07/06","臺銀-臺南",6,0,6
"24013","1570力肯","110/07/06","合庫-台南",0,4,-4
"24014","1570力肯","110/07/06","大慶-蘆洲",6,0,6
"24015","1570力肯","110/07/06","統一-員林",0,4,-4
"24016","1570力肯","110/07/06","元富-新店",6,0,6
"24017","1570力肯","110/07/06","康和-澎湖",0,4,-4
"24018","1570力肯","110/07/06","玉山-雙和",7,1,6
"24019","1570力肯","110/07/06","華南永昌-斗六",0,4,-4
"24020","1570力肯","110/07/06","永豐金-敦南",9,3,6
"24021","1570力肯","110/07/06","元大-和平",0,4,-4
"24022","6180橘子","110/07/06","凱基-台北",72,12,60
"24023","6180橘子","110/07/06","臺銀-金山",5,105,-100
"24024","6180橘子","110/07/06","美林",29,0,29
"24025","6180橘子","110/07/06","元大-台中",0,100,-100
"24026","6180橘子","110/07/06","合庫-自強",21,0,21
"24027","6180橘子","110/07/06","康和-台南",3,50,-47
"24028","6180橘子","110/07/06","凱基-三峽",17,0,17
"24029","6180橘子","110/07/06","元大-中和",0,35,-35
"24030","6180橘子","110/07/06","富邦-虎尾",15,1,14
"24031","6180橘子","110/07/06","中國信託-忠孝",0,16,-16
"24032","6180橘子","110/07/06","元富-潮州",13,0,13
"24033","6180橘子","110/07/06","玉山-高雄",0,12,-12
"24034","6180橘子","110/07/06","中國信託-永康",13,0,13
"24035","6180橘子","110/07/06","港商野村",0,11,-11
"24036","6180橘子","110/07/06","元大-草屯",18,5,13
"24037","6180橘子","110/07/06","群益金鼎-松山",0,11,-11
"24038","6180橘子","110/07/06","臺銀",11,0,11
"24039","6180橘子","110/07/06","永豐金-豐原",0,11,-11
"24040","6180橘子","110/07/06","新光",15,4,11
"24041","6180橘子","110/07/06","元富-嘉義",5,15,-10
"24042","6180橘子","110/07/06","元大-竹東",11,0,11
"24043","6180橘子","110/07/06","玉山-士林",0,10,-10
"24044","6180橘子","110/07/06","宏遠-台中",10,0,10
"24045","6180橘子","110/07/06","凱基-北門",0,10,-10
"24046","6180橘子","110/07/06","第一金-台南",10,0,10
"24047","6180橘子","110/07/06","第一金-忠孝",0,9,-9
"24048","6180橘子","110/07/06","國泰-敦南",10,0,10
"24049","6180橘子","110/07/06","統一-基隆",0,9,-9
"24050","6180橘子","110/07/06","富邦-嘉義",10,0,10
"24051","6180橘子","110/07/06","安泰-大發",1,10,-9
"24052","2390云辰","110/07/06","元大-天母",975,276,699
"24053","2390云辰","110/07/06","台灣摩根士丹利",3,265,-262
"24054","2390云辰","110/07/06","摩根大通",688,312,376
"24055","2390云辰","110/07/06","群益金鼎-海山",3,166,-163
"24056","2390云辰","110/07/06","國泰-忠孝",164,3,161
"24057","2390云辰","110/07/06","國泰-敦南",188,339,-151
"24058","2390云辰","110/07/06","富邦-北港",140,7,133
"24059","2390云辰","110/07/06","元大-土城學府",12,119,-107
"24060","2390云辰","110/07/06","聯邦商銀",151,22,129
"24061","2390云辰","110/07/06","永豐金-高雄",4,103,-99
"24062","2390云辰","110/07/06","中國信託-文心",143,17,126
"24063","2390云辰","110/07/06","土銀-士林",0,94,-94
"24064","2390云辰","110/07/06","永豐金-中正",133,7,126
"24065","2390云辰","110/07/06","元大-佳里",11,91,-80
"24066","2390云辰","110/07/06","群益金鼎-大興",178,76,102
"24067","2390云辰","110/07/06","玉山-台中",10,86,-76
"24068","2390云辰","110/07/06","元富-中港",103,3,100
"24069","2390云辰","110/07/06","新光",251,324,-73
"24070","2390云辰","110/07/06","統一-新台中",104,12,92
"24071","2390云辰","110/07/06","富邦-敦南",29,101,-72
"24072","2390云辰","110/07/06","新加坡商瑞銀",211,120,91
"24073","2390云辰","110/07/06","兆豐-台中",0,58,-58
"24074","2390云辰","110/07/06","兆豐-忠孝",100,11,89
"24075","2390云辰","110/07/06","日盛證券",16,73,-57
"24076","2390云辰","110/07/06","凱基-林口",87,9,78
"24077","2390云辰","110/07/06","元大-東泰",5,61,-56
"24078","2390云辰","110/07/06","元富-西松",72,4,68
"24079","2390云辰","110/07/06","台新證券",136,190,-54
"24080","2390云辰","110/07/06","台新-左楠",66,9,57
"24081","2390云辰","110/07/06","元大-六合",10,63,-53
