"","stake","date","name","buy","sell","total"
"1","2834臺企銀","110/09/02","凱基-台北",3603,1646,1957
"2","2834臺企銀","110/09/02","新加坡商瑞銀",900,9806,-8906
"3","2834臺企銀","110/09/02","瑞士信貸",1919,1,1918
"4","2834臺企銀","110/09/02","台灣摩根士丹利",1313,5660,-4347
"5","2834臺企銀","110/09/02","新光-台中",1886,26,1860
"6","2834臺企銀","110/09/02","凱基-宜蘭",10,2003,-1993
"7","2834臺企銀","110/09/02","港商法國興業",1787,0,1787
"8","2834臺企銀","110/09/02","美商高盛",485,1313,-828
"9","2834臺企銀","110/09/02","華南永昌-高雄",617,21,596
"10","2834臺企銀","110/09/02","兆豐-寶成",4,800,-796
"11","2834臺企銀","110/09/02","彰銀",505,10,495
"12","2834臺企銀","110/09/02","港商野村",12,645,-633
"13","2834臺企銀","110/09/02","元大-高雄",495,0,495
"14","2834臺企銀","110/09/02","港商麥格理",0,585,-585
"15","2834臺企銀","110/09/02","永豐金證券",430,0,430
"16","2834臺企銀","110/09/02","元大-南海",0,550,-550
"17","2834臺企銀","110/09/02","康和",405,0,405
"18","2834臺企銀","110/09/02","富邦-台北",32,503,-471
"19","2834臺企銀","110/09/02","元富-城中",404,16,388
"20","2834臺企銀","110/09/02","美林",186,515,-329
"21","2834臺企銀","110/09/02","元大-斗六",329,1,328
"22","2834臺企銀","110/09/02","摩根大通",800,1106,-306
"23","2834臺企銀","110/09/02","統一-板橋",565,250,315
"24","2834臺企銀","110/09/02","元富-虎尾",17,280,-263
"25","2834臺企銀","110/09/02","兆豐-中壢",222,0,222
"26","2834臺企銀","110/09/02","元富-林園",3,264,-261
"27","2834臺企銀","110/09/02","統一-松江",220,0,220
"28","2834臺企銀","110/09/02","新光-桃園",63,324,-261
"29","2834臺企銀","110/09/02","大昌",230,10,220
"30","2834臺企銀","110/09/02","高橋",83,340,-257
"31","5511德昌","110/09/02","永豐金-市政",122,1,121
"32","5511德昌","110/09/02","兆豐-台中港",0,50,-50
"33","5511德昌","110/09/02","玉山-台大",10,0,10
"34","5511德昌","110/09/02","元大-台中",0,39,-39
"35","5511德昌","110/09/02","兆豐-南京",9,0,9
"36","5511德昌","110/09/02","寶盛",0,21,-21
"37","5511德昌","110/09/02","元大-清水",4,0,4
"38","5511德昌","110/09/02","永豐金-南京",0,10,-10
"39","5511德昌","110/09/02","凱基-中壢",3,0,3
"40","5511德昌","110/09/02","(牛牛牛)亞-鑫豐",0,4,-4
"41","5511德昌","110/09/02","群益金鼎-潭子",2,0,2
"42","5511德昌","110/09/02","永豐金-羅東",0,3,-3
"43","5511德昌","110/09/02","新光",1,0,1
"44","5511德昌","110/09/02","致和-崇德",0,2,-2
"45","5511德昌","110/09/02","元富-城中",0,0,0
"46","5511德昌","110/09/02","凱基-八德",0,2,-2
"47","5511德昌","110/09/02","元富-新竹",0,0,0
"48","5511德昌","110/09/02","群益金鼎-中壢",0,2,-2
"49","5511德昌","110/09/02","國票-台中",0,0,0
"50","5511德昌","110/09/02","國票-北高雄",0,2,-2
"51","5511德昌","110/09/02","玉山-數位",0,0,0
"52","5511德昌","110/09/02","臺銀-高雄",0,2,-2
"53","5511德昌","110/09/02","華南永昌-彰化",1,1,0
"54","5511德昌","110/09/02","合庫-彰化",0,2,-2
"55","5511德昌","110/09/02","元大-西門",0,0,0
"56","5511德昌","110/09/02","大昌-新店",0,1,-1
"57","5511德昌","110/09/02","",NA,NA,NA
"58","5511德昌","110/09/02","合庫-台南",0,1,-1
"59","5511德昌","110/09/02","",NA,NA,NA
"60","5511德昌","110/09/02","日盛-宜蘭",0,1,-1
"61","2489瑞軒","110/09/02","瑞士信貸",150,0,150
"62","2489瑞軒","110/09/02","美林",51,321,-270
"63","2489瑞軒","110/09/02","合庫-台中",134,0,134
"64","2489瑞軒","110/09/02","摩根大通",58,259,-201
"65","2489瑞軒","110/09/02","兆豐-東門",100,0,100
"66","2489瑞軒","110/09/02","港商野村",27,173,-146
"67","2489瑞軒","110/09/02","凱基-竹北",100,1,99
"68","2489瑞軒","110/09/02","第一金-新興",2,137,-135
"69","2489瑞軒","110/09/02","華南永昌-虎尾",113,21,92
"70","2489瑞軒","110/09/02","美商高盛",0,127,-127
"71","2489瑞軒","110/09/02","日盛-大墩",60,0,60
"72","2489瑞軒","110/09/02","元大-內湖",1,122,-121
"73","2489瑞軒","110/09/02","元大-清水",60,0,60
"74","2489瑞軒","110/09/02","永豐金-新竹",0,100,-100
"75","2489瑞軒","110/09/02","康和-台中",60,2,58
"76","2489瑞軒","110/09/02","凱基-台北",37,105,-68
"77","2489瑞軒","110/09/02","富邦-陽明",50,3,47
"78","2489瑞軒","110/09/02","台灣摩根士丹利",16,72,-56
"79","2489瑞軒","110/09/02","元大-土城永寧",41,0,41
"80","2489瑞軒","110/09/02","元富-四維",0,42,-42
"81","2489瑞軒","110/09/02","玉山-左營",34,2,32
"82","2489瑞軒","110/09/02","凱基-和平",22,63,-41
"83","2489瑞軒","110/09/02","合庫-台南",31,0,31
"84","2489瑞軒","110/09/02","新加坡商瑞銀",31,65,-34
"85","2489瑞軒","110/09/02","兆豐-鹿港",30,0,30
"86","2489瑞軒","110/09/02","元大-楊梅",45,71,-26
"87","2489瑞軒","110/09/02","華南永昌-苗栗",30,0,30
"88","2489瑞軒","110/09/02","日茂-埔里",0,23,-23
"89","2489瑞軒","110/09/02","元大-員林中山",30,1,29
"90","2489瑞軒","110/09/02","群益金鼎-高盛",2,23,-21
"91","2428興勤","110/09/02","元大-南京",20,0,20
"92","2428興勤","110/09/02","港商麥格理",0,69,-69
"93","2428興勤","110/09/02","台灣摩根士丹利",25,14,11
"94","2428興勤","110/09/02","富邦-敦南",0,50,-50
"95","2428興勤","110/09/02","美商高盛",12,2,10
"96","2428興勤","110/09/02","元大-虎尾",0,40,-40
"97","2428興勤","110/09/02","中國信託",11,1,10
"98","2428興勤","110/09/02","新光",6,35,-29
"99","2428興勤","110/09/02","永豐金-中正",11,1,10
"100","2428興勤","110/09/02","凱基-台北",11,34,-23
"101","2428興勤","110/09/02","亞東-高雄",9,0,9
"102","2428興勤","110/09/02","國票-安和",0,19,-19
"103","2428興勤","110/09/02","元富-緯城",9,0,9
"104","2428興勤","110/09/02","台新證券",5,24,-19
"105","2428興勤","110/09/02","新加坡商瑞銀",35,27,8
"106","2428興勤","110/09/02","摩根大通",44,59,-15
"107","2428興勤","110/09/02","國泰-高雄",8,0,8
"108","2428興勤","110/09/02","瑞士信貸",9,23,-14
"109","2428興勤","110/09/02","台新-台中",7,0,7
"110","2428興勤","110/09/02","日盛-南京",0,13,-13
"111","2428興勤","110/09/02","玉山-左營",7,0,7
"112","2428興勤","110/09/02","統一",1,13,-12
"113","2428興勤","110/09/02","凱基-中山",7,0,7
"114","2428興勤","110/09/02","凱基-信義",0,10,-10
"115","2428興勤","110/09/02","臺銀-民權",6,0,6
"116","2428興勤","110/09/02","元富-台中",0,7,-7
"117","2428興勤","110/09/02","宏遠-桃園",6,0,6
"118","2428興勤","110/09/02","富邦-新竹",0,6,-6
"119","2428興勤","110/09/02","凱基-三重",6,0,6
"120","2428興勤","110/09/02","安泰",0,5,-5
"121","3176基亞","110/09/02","國票-北投",110,0,110
"122","3176基亞","110/09/02","宏遠-民生",0,43,-43
"123","3176基亞","110/09/02","統一-土城",61,0,61
"124","3176基亞","110/09/02","玉山-南京東路",0,35,-35
"125","3176基亞","110/09/02","康和-板橋",25,0,25
"126","3176基亞","110/09/02","富邦-永和",0,35,-35
"127","3176基亞","110/09/02","凱基-高美館",18,1,17
"128","3176基亞","110/09/02","富邦-高雄",1,31,-30
"129","3176基亞","110/09/02","元富-高雄",16,0,16
"130","3176基亞","110/09/02","萬泰",1,22,-21
"131","3176基亞","110/09/02","摩根大通",17,1,16
"132","3176基亞","110/09/02","凱基-三重",0,21,-21
"133","3176基亞","110/09/02","富邦-仁愛",11,0,11
"134","3176基亞","110/09/02","新光",4,23,-19
"135","3176基亞","110/09/02","第一金-嘉義",10,0,10
"136","3176基亞","110/09/02","國泰-敦南",0,15,-15
"137","3176基亞","110/09/02","凱基-高雄",8,0,8
"138","3176基亞","110/09/02","國泰-板橋",4,19,-15
"139","3176基亞","110/09/02","台新證券",7,0,7
"140","3176基亞","110/09/02","富邦-竹東",0,12,-12
"141","3176基亞","110/09/02","富邦-員林",9,2,7
"142","3176基亞","110/09/02","中國信託-忠孝",0,11,-11
"143","3176基亞","110/09/02","富邦-虎尾",6,0,6
"144","3176基亞","110/09/02","統一-員林",0,10,-10
"145","3176基亞","110/09/02","元大證券",6,0,6
"146","3176基亞","110/09/02","富邦-北港",1,11,-10
"147","3176基亞","110/09/02","日盛-永康",5,0,5
"148","3176基亞","110/09/02","元大-和平",0,10,-10
"149","3176基亞","110/09/02","宏遠-光隆",5,0,5
"150","3176基亞","110/09/02","富邦-板橋",1,10,-9
"151","2409友達","110/09/02","摩根大通",13939,2902,11037
"152","2409友達","110/09/02","台灣摩根士丹利",3905,23925,-20020
"153","2409友達","110/09/02","瑞士信貸",7765,239,7526
"154","2409友達","110/09/02","美林",2916,8870,-5954
"155","2409友達","110/09/02","凱基-台北",9079,3811,5268
"156","2409友達","110/09/02","群益金鼎",18,4663,-4645
"157","2409友達","110/09/02","合庫證券",4069,211,3858
"158","2409友達","110/09/02","富邦-虎尾",5052,7783,-2731
"159","2409友達","110/09/02","寶盛",1560,60,1500
"160","2409友達","110/09/02","第一金-華江",90,2245,-2155
"161","2409友達","110/09/02","宏遠證券",1286,52,1234
"162","2409友達","110/09/02","凱基-苗栗",53,1409,-1356
"163","2409友達","110/09/02","土銀-和平",1014,20,994
"164","2409友達","110/09/02","康和",734,2081,-1347
"165","2409友達","110/09/02","玉山-高雄",1134,377,757
"166","2409友達","110/09/02","港商野村",2398,3664,-1266
"167","2409友達","110/09/02","陽信",596,17,579
"168","2409友達","110/09/02","日茂-埔里",13,1105,-1092
"169","2409友達","110/09/02","富邦-竹北",561,27,534
"170","2409友達","110/09/02","日盛-和美",174,1250,-1076
"171","2409友達","110/09/02","新光",1902,1400,502
"172","2409友達","110/09/02","美商高盛",940,2011,-1071
"173","2409友達","110/09/02","北城證券",525,46,479
"174","2409友達","110/09/02","元大-開元",76,1015,-939
"175","2409友達","110/09/02","中國信託-新竹",566,95,471
"176","2409友達","110/09/02","花旗環球",1254,2093,-839
"177","2409友達","110/09/02","國泰-敦南",1371,913,458
"178","2409友達","110/09/02","元大-南屯",314,1123,-809
"179","2409友達","110/09/02","宏遠-高雄",445,4,441
"180","2409友達","110/09/02","康和-新竹",29,812,-783
"181","1315達新","110/09/02","凱基-中港",12,0,12
"182","1315達新","110/09/02","永豐金證券",0,6,-6
"183","1315達新","110/09/02","元大-文心興安",5,0,5
"184","1315達新","110/09/02","統一-桃園",0,5,-5
"185","1315達新","110/09/02","永豐金-高雄",5,0,5
"186","1315達新","110/09/02","致和-東門",0,5,-5
"187","1315達新","110/09/02","台灣摩根士丹利",4,0,4
"188","1315達新","110/09/02","富邦-宜蘭",0,3,-3
"189","1315達新","110/09/02","群益金鼎-彰化",3,0,3
"190","1315達新","110/09/02","凱基-台北",0,2,-2
"191","1315達新","110/09/02","美商高盛",2,0,2
"192","1315達新","110/09/02","富邦-高雄",0,2,-2
"193","1315達新","110/09/02","亞東-板橋",1,0,1
"194","1315達新","110/09/02","元富-成功",0,2,-2
"195","1315達新","110/09/02","台新證券",3,2,1
"196","1315達新","110/09/02","日盛-大墩",0,2,-2
"197","1315達新","110/09/02","摩根大通",1,0,1
"198","1315達新","110/09/02","國票-桃園",0,1,-1
"199","1315達新","110/09/02","元大證券",1,0,1
"200","1315達新","110/09/02","國泰-板橋",0,1,-1
"201","1315達新","110/09/02","元大-花蓮",1,0,1
"202","1315達新","110/09/02","富邦-台北",0,1,-1
"203","1315達新","110/09/02","日盛-雙和",0,0,0
"204","1315達新","110/09/02","元富-大昌",0,1,-1
"205","1315達新","110/09/02","玉山-數位",0,0,0
"206","1315達新","110/09/02","元大-天母",0,1,-1
"207","1315達新","110/09/02","元大-屏東民生",0,0,0
"208","1315達新","110/09/02","元大-大安",0,1,-1
"209","1315達新","110/09/02","元大-豐原站前",0,0,0
"210","1315達新","110/09/02","元大-龍潭",0,1,-1
"211","2609陽明","110/09/02","康和",4708,555,4153
"212","2609陽明","110/09/02","富邦證券",986,2072,-1086
"213","2609陽明","110/09/02","摩根大通",5457,2911,2546
"214","2609陽明","110/09/02","凱基-台北",977,1940,-963
"215","2609陽明","110/09/02","新加坡商瑞銀",2881,338,2543
"216","2609陽明","110/09/02","元大-仁愛",48,601,-553
"217","2609陽明","110/09/02","美林",3860,2164,1696
"218","2609陽明","110/09/02","統一-新台中",73,607,-534
"219","2609陽明","110/09/02","台灣摩根士丹利",1541,85,1456
"220","2609陽明","110/09/02","群益金鼎-高雄",70,506,-436
"221","2609陽明","110/09/02","港商麥格理",1258,0,1258
"222","2609陽明","110/09/02","永豐金證券",153,459,-306
"223","2609陽明","110/09/02","富邦-虎尾",5424,4714,710
"224","2609陽明","110/09/02","統一-三重",140,439,-299
"225","2609陽明","110/09/02","永豐金-信義",749,51,698
"226","2609陽明","110/09/02","統一-桃園",158,447,-289
"227","2609陽明","110/09/02","統一-仁愛",3359,2671,688
"228","2609陽明","110/09/02","國泰-敦南",1735,2011,-276
"229","2609陽明","110/09/02","元大-開元",661,64,597
"230","2609陽明","110/09/02","元大-南崁",43,316,-273
"231","2609陽明","110/09/02","凱基-桃園",713,174,539
"232","2609陽明","110/09/02","永豐金-古亭",44,310,-266
"233","2609陽明","110/09/02","元大-南屯",523,129,394
"234","2609陽明","110/09/02","兆豐-板橋",224,478,-254
"235","2609陽明","110/09/02","第一金-桃園",498,121,377
"236","2609陽明","110/09/02","新光",1385,1635,-250
"237","2609陽明","110/09/02","元富",290,30,260
"238","2609陽明","110/09/02","凱基-竹北",102,352,-250
"239","2609陽明","110/09/02","兆豐-虎尾",628,369,259
"240","2609陽明","110/09/02","富邦-南屯",136,384,-248
"241","2636台驊投控","110/09/02","美商高盛",219,22,197
"242","2636台驊投控","110/09/02","統一-新台中",3,162,-159
"243","2636台驊投控","110/09/02","摩根大通",262,70,192
"244","2636台驊投控","110/09/02","日盛-景美",8,120,-112
"245","2636台驊投控","110/09/02","台灣摩根士丹利",185,3,182
"246","2636台驊投控","110/09/02","台新證券",16,60,-44
"247","2636台驊投控","110/09/02","美林",226,45,181
"248","2636台驊投控","110/09/02","群益金鼎-古亭",32,73,-41
"249","2636台驊投控","110/09/02","國票-安和",150,1,149
"250","2636台驊投控","110/09/02","群益金鼎-中壢",0,36,-36
"251","2636台驊投控","110/09/02","國票-南港",120,0,120
"252","2636台驊投控","110/09/02","第一金-員林",1,35,-34
"253","2636台驊投控","110/09/02","新加坡商瑞銀",141,23,118
"254","2636台驊投控","110/09/02","華南永昌-虎尾",12,44,-32
"255","2636台驊投控","110/09/02","凱基-台北",179,89,90
"256","2636台驊投控","110/09/02","元大-左營",0,29,-29
"257","2636台驊投控","110/09/02","港商野村",604,521,83
"258","2636台驊投控","110/09/02","日盛-台中",3,30,-27
"259","2636台驊投控","110/09/02","瑞士信貸",83,11,72
"260","2636台驊投控","110/09/02","永豐金-員林",1,27,-26
"261","2636台驊投控","110/09/02","群益金鼎-南京",42,0,42
"262","2636台驊投控","110/09/02","花旗環球",0,25,-25
"263","2636台驊投控","110/09/02","元大-林森",72,42,30
"264","2636台驊投控","110/09/02","凱基-鳳山",2,27,-25
"265","2636台驊投控","110/09/02","元大-敦南",44,16,28
"266","2636台驊投控","110/09/02","永豐金-中正",2,26,-24
"267","2636台驊投控","110/09/02","永豐金-屏東",30,4,26
"268","2636台驊投控","110/09/02","康和-延平",50,73,-23
"269","2636台驊投控","110/09/02","元大-天母",28,4,24
"270","2636台驊投控","110/09/02","元富-成功",3,25,-22
"271","2867三商壽","110/09/02","統一-平鎮",850,0,850
"272","2867三商壽","110/09/02","新光-新竹",0,709,-709
"273","2867三商壽","110/09/02","元大-桃園",150,0,150
"274","2867三商壽","110/09/02","元富-新興",5,300,-295
"275","2867三商壽","110/09/02","凱基-中壢",140,0,140
"276","2867三商壽","110/09/02","新光",115,367,-252
"277","2867三商壽","110/09/02","美商高盛",177,38,139
"278","2867三商壽","110/09/02","美林",36,281,-245
"279","2867三商壽","110/09/02","凱基-台北",131,22,109
"280","2867三商壽","110/09/02","摩根大通",0,211,-211
"281","2867三商壽","110/09/02","日盛-頭份",100,0,100
"282","2867三商壽","110/09/02","台新證券",7,114,-107
"283","2867三商壽","110/09/02","新光-台中",109,21,88
"284","2867三商壽","110/09/02","臺銀-臺南",1,100,-99
"285","2867三商壽","110/09/02","元大-豐原站前",79,0,79
"286","2867三商壽","110/09/02","新加坡商瑞銀",8,99,-91
"287","2867三商壽","110/09/02","永豐金-永康",61,0,61
"288","2867三商壽","110/09/02","國票-南京",0,80,-80
"289","2867三商壽","110/09/02","日盛-中和",60,3,57
"290","2867三商壽","110/09/02","凱基-士林",0,50,-50
"291","2867三商壽","110/09/02","國票-台南",50,0,50
"292","2867三商壽","110/09/02","元大-四維",5,50,-45
"293","2867三商壽","110/09/02","華南永昌-虎尾",64,14,50
"294","2867三商壽","110/09/02","兆豐-新營",0,41,-41
"295","2867三商壽","110/09/02","元大-彰化民生",50,0,50
"296","2867三商壽","110/09/02","永豐金-高雄",0,40,-40
"297","2867三商壽","110/09/02","凱基-高雄",50,1,49
"298","2867三商壽","110/09/02","日茂-南投",0,34,-34
"299","2867三商壽","110/09/02","瑞士信貸",46,0,46
"300","2867三商壽","110/09/02","(牛牛牛)亞-網路",0,26,-26
"301","5521工信","110/09/02","群益金鼎-台南",150,0,150
"302","5521工信","110/09/02","永豐金證券",2,223,-221
"303","5521工信","110/09/02","富邦-台北",130,0,130
"304","5521工信","110/09/02","台灣摩根士丹利",27,188,-161
"305","5521工信","110/09/02","玉山-台大",95,0,95
"306","5521工信","110/09/02","元大-成功",0,100,-100
"307","5521工信","110/09/02","華南永昌",68,5,63
"308","5521工信","110/09/02","元富-大昌",2,100,-98
"309","5521工信","110/09/02","富邦-板橋",62,0,62
"310","5521工信","110/09/02","凱基-台北",468,542,-74
"311","5521工信","110/09/02","凱基-宜蘭",55,0,55
"312","5521工信","110/09/02","新百王",0,50,-50
"313","5521工信","110/09/02","日盛-高雄",50,0,50
"314","5521工信","110/09/02","群益金鼎-崇德",0,50,-50
"315","5521工信","110/09/02","康和-澎湖",50,0,50
"316","5521工信","110/09/02","華南永昌-民權",0,50,-50
"317","5521工信","110/09/02","玉山-左營",50,0,50
"318","5521工信","110/09/02","福勝",3,49,-46
"319","5521工信","110/09/02","元大-小港",44,0,44
"320","5521工信","110/09/02","摩根大通",162,206,-44
"321","5521工信","110/09/02","凱基-站前",45,2,43
"322","5521工信","110/09/02","臺銀",1,35,-34
"323","5521工信","110/09/02","富邦-員林",43,0,43
"324","5521工信","110/09/02","高橋-內壢",0,30,-30
"325","5521工信","110/09/02","國票-中港",40,0,40
"326","5521工信","110/09/02","第一金-華江",0,30,-30
"327","5521工信","110/09/02","元大-旗山",40,0,40
"328","5521工信","110/09/02","華南永昌-彰化",0,28,-28
"329","5521工信","110/09/02","瑞士信貸",39,0,39
"330","5521工信","110/09/02","台新-新莊",3,30,-27
"331","1471首利","110/09/02","元富-民權",60,0,60
"332","1471首利","110/09/02","摩根大通",12,98,-86
"333","1471首利","110/09/02","元富-花蓮",20,0,20
"334","1471首利","110/09/02","中國信託-文心",0,40,-40
"335","1471首利","110/09/02","大昌-桃園",20,0,20
"336","1471首利","110/09/02","宏遠-桃園",0,35,-35
"337","1471首利","110/09/02","台新-松江",20,0,20
"338","1471首利","110/09/02","台灣摩根士丹利",0,34,-34
"339","1471首利","110/09/02","凱基-內埔",15,0,15
"340","1471首利","110/09/02","元大-西門",0,29,-29
"341","1471首利","110/09/02","凱基-市府",12,0,12
"342","1471首利","110/09/02","美林",0,24,-24
"343","1471首利","110/09/02","元大-頭份",12,0,12
"344","1471首利","110/09/02","瑞士信貸",1,23,-22
"345","1471首利","110/09/02","日盛-鳳山",10,0,10
"346","1471首利","110/09/02","宏遠-光隆",0,20,-20
"347","1471首利","110/09/02","中國信託",10,0,10
"348","1471首利","110/09/02","台中銀-員林",0,20,-20
"349","1471首利","110/09/02","國泰-台南",10,0,10
"350","1471首利","110/09/02","元大-莒光",1,20,-19
"351","1471首利","110/09/02","富邦-永和",10,0,10
"352","1471首利","110/09/02","聯邦-高雄",0,13,-13
"353","1471首利","110/09/02","富邦-南屯",10,0,10
"354","1471首利","110/09/02","日盛-八德",0,11,-11
"355","1471首利","110/09/02","富邦-新營",10,0,10
"356","1471首利","110/09/02","凱基-台北",3,14,-11
"357","1471首利","110/09/02","元大-南崁",10,0,10
"358","1471首利","110/09/02","國泰-館前",0,10,-10
"359","1471首利","110/09/02","元大-松山",10,0,10
"360","1471首利","110/09/02","元大-中壢",0,10,-10
"361","2883開發金","110/09/02","玉山證券",4630,30,4600
"362","2883開發金","110/09/02","臺銀-新竹",2429,10392,-7963
"363","2883開發金","110/09/02","凱基-新店",1053,0,1053
"364","2883開發金","110/09/02","元大證券",934,7552,-6618
"365","2883開發金","110/09/02","玉山-大里",1094,61,1033
"366","2883開發金","110/09/02","元富",1212,6466,-5254
"367","2883開發金","110/09/02","台新證券",1142,197,945
"368","2883開發金","110/09/02","台灣摩根士丹利",873,4900,-4027
"369","2883開發金","110/09/02","新光",2576,1805,771
"370","2883開發金","110/09/02","瑞士信貸",101,3288,-3187
"371","2883開發金","110/09/02","國泰-敦南",1107,404,703
"372","2883開發金","110/09/02","凱基-台北",2289,4969,-2680
"373","2883開發金","110/09/02","臺銀",649,25,624
"374","2883開發金","110/09/02","國票-南京",0,2000,-2000
"375","2883開發金","110/09/02","新光-台中",629,24,605
"376","2883開發金","110/09/02","美林",1044,2979,-1935
"377","2883開發金","110/09/02","國票-安和",569,0,569
"378","2883開發金","110/09/02","兆豐-北高雄",115,1602,-1487
"379","2883開發金","110/09/02","國泰-板橋",617,57,560
"380","2883開發金","110/09/02","港商野村",1290,2552,-1262
"381","2883開發金","110/09/02","兆豐-台中港",583,30,553
"382","2883開發金","110/09/02","兆豐-竹北",234,1375,-1141
"383","2883開發金","110/09/02","國票-長城",510,2,508
"384","2883開發金","110/09/02","群益金鼎-南京",9,1125,-1116
"385","2883開發金","110/09/02","中國信託",550,47,503
"386","2883開發金","110/09/02","永豐金-台南",139,1126,-987
"387","2883開發金","110/09/02","兆豐-高雄",413,12,401
"388","2883開發金","110/09/02","亞東-新竹",1173,2062,-889
"389","2883開發金","110/09/02","統一-新竹",369,0,369
"390","2883開發金","110/09/02","日盛-台中",3,635,-632
"391","6205詮欣","110/09/02","合庫-三重",33,0,33
"392","6205詮欣","110/09/02","日盛-三重",0,53,-53
"393","6205詮欣","110/09/02","元大-向上",19,0,19
"394","6205詮欣","110/09/02","元大-中和",0,17,-17
"395","6205詮欣","110/09/02","摩根大通",9,2,7
"396","6205詮欣","110/09/02","玉山證券",0,5,-5
"397","6205詮欣","110/09/02","永豐金證券",4,0,4
"398","6205詮欣","110/09/02","群益金鼎-基隆",0,3,-3
"399","6205詮欣","110/09/02","元大-南投",4,0,4
"400","6205詮欣","110/09/02","日盛-台中",0,2,-2
"401","6205詮欣","110/09/02","元大-汐止",3,0,3
"402","6205詮欣","110/09/02","美林",0,2,-2
"403","6205詮欣","110/09/02","國票",3,0,3
"404","6205詮欣","110/09/02","兆豐-桃園",0,2,-2
"405","6205詮欣","110/09/02","玉山-高雄",3,0,3
"406","6205詮欣","110/09/02","兆豐-新營",0,1,-1
"407","6205詮欣","110/09/02","玉山-新莊",2,0,2
"408","6205詮欣","110/09/02","凱基-桃園",0,1,-1
"409","6205詮欣","110/09/02","臺銀-臺中",1,0,1
"410","6205詮欣","110/09/02","華南永昌-東昇",0,1,-1
"411","6205詮欣","110/09/02","台新-台中",1,0,1
"412","6205詮欣","110/09/02","富邦-板橋",0,1,-1
"413","6205詮欣","110/09/02","台新-高雄",1,0,1
"414","6205詮欣","110/09/02","永豐金-中和",0,1,-1
"415","6205詮欣","110/09/02","兆豐-竹北",1,0,1
"416","6205詮欣","110/09/02","康和-板橋",0,0,0
"417","6205詮欣","110/09/02","瑞士信貸",2,1,1
"418","6205詮欣","110/09/02","華南永昌-高雄",0,0,0
"419","6205詮欣","110/09/02","日盛-中和",1,0,1
"420","6205詮欣","110/09/02","元大-民生",2,2,0
"421","1540喬福","110/09/02","元富-板橋",17,0,17
"422","1540喬福","110/09/02","富邦-中壢",0,13,-13
"423","1540喬福","110/09/02","元大-四維",5,0,5
"424","1540喬福","110/09/02","摩根大通",0,5,-5
"425","1540喬福","110/09/02","元富-中原",3,0,3
"426","1540喬福","110/09/02","富邦-台南",0,5,-5
"427","1540喬福","110/09/02","元大-大雅",2,0,2
"428","1540喬福","110/09/02","富邦-虎尾",0,5,-5
"429","1540喬福","110/09/02","元大-竹東",2,0,2
"430","1540喬福","110/09/02","永豐金-鳳山",0,5,-5
"431","1540喬福","110/09/02","兆豐-員林",2,0,2
"432","1540喬福","110/09/02","元大-斗信",0,4,-4
"433","1540喬福","110/09/02","元大-頭份",2,0,2
"434","1540喬福","110/09/02","元大-龍潭",0,2,-2
"435","1540喬福","110/09/02","群益金鼎-館前",5,3,2
"436","1540喬福","110/09/02","永豐金-高雄",0,2,-2
"437","1540喬福","110/09/02","富邦-建國",2,0,2
"438","1540喬福","110/09/02","台新證券",0,1,-1
"439","1540喬福","110/09/02","富邦-仁愛",2,0,2
"440","1540喬福","110/09/02","元大-東蘆",0,1,-1
"441","1540喬福","110/09/02","統一-汐止",1,0,1
"442","1540喬福","110/09/02","美林",1,1,0
"443","1540喬福","110/09/02","元大-彰化",1,0,1
"444","1540喬福","110/09/02","康和-板橋",0,0,0
"445","1540喬福","110/09/02","凱基-台北",1,0,1
"446","1540喬福","110/09/02","新光",0,0,0
"447","1540喬福","110/09/02","元富",1,0,1
"448","1540喬福","110/09/02","元大-竹北",0,0,0
"449","1540喬福","110/09/02","元大-竹北",0,0,0
"450","1540喬福","110/09/02","元大-鹿港",0,0,0
"451","2888新光金","110/09/02","瑞士信貸",4150,60,4090
"452","2888新光金","110/09/02","臺銀-高雄",126,7509,-7383
"453","2888新光金","110/09/02","元大證券",2179,241,1938
"454","2888新光金","110/09/02","國票-長城",23,3040,-3017
"455","2888新光金","110/09/02","凱基-台北",2132,1288,844
"456","2888新光金","110/09/02","日盛-台中",68,2972,-2904
"457","2888新光金","110/09/02","凱基-站前",856,16,840
"458","2888新光金","110/09/02","美林",275,3018,-2743
"459","2888新光金","110/09/02","(牛牛牛)亞-網路",850,48,802
"460","2888新光金","110/09/02","台灣摩根士丹利",279,2624,-2345
"461","2888新光金","110/09/02","台新-台中",681,49,632
"462","2888新光金","110/09/02","台新-三民",74,2010,-1936
"463","2888新光金","110/09/02","宏遠-桃園",637,20,617
"464","2888新光金","110/09/02","永豐金證券",270,2043,-1773
"465","2888新光金","110/09/02","元大-南海",595,0,595
"466","2888新光金","110/09/02","港商野村",8,1614,-1606
"467","2888新光金","110/09/02","富邦-建國",659,70,589
"468","2888新光金","110/09/02","永豐金-桃園",50,1504,-1454
"469","2888新光金","110/09/02","兆豐-台中港",539,3,536
"470","2888新光金","110/09/02","永全-南崁",611,1862,-1251
"471","2888新光金","110/09/02","兆豐-三民",530,0,530
"472","2888新光金","110/09/02","凱基-新店",3,1150,-1147
"473","2888新光金","110/09/02","日盛-雙和",606,80,526
"474","2888新光金","110/09/02","元大-豐原",47,1060,-1013
"475","2888新光金","110/09/02","群益金鼎-台中",621,112,509
"476","2888新光金","110/09/02","美商高盛",12,861,-849
"477","2888新光金","110/09/02","中農",499,20,479
"478","2888新光金","110/09/02","臺銀-金山",125,833,-708
"479","2888新光金","110/09/02","華南永昌-中正",438,6,432
"480","2888新光金","110/09/02","元大-四維",76,779,-703
"481","1340勝悅","110/09/02","玉山-新竹",33,0,33
"482","1340勝悅","110/09/02","台中銀",0,27,-27
"483","1340勝悅","110/09/02","宏遠-館前",10,0,10
"484","1340勝悅","110/09/02","日盛證券",0,10,-10
"485","1340勝悅","110/09/02","華南永昌-虎尾",6,0,6
"486","1340勝悅","110/09/02","群益金鼎-敦南",0,10,-10
"487","1340勝悅","110/09/02","臺銀",5,0,5
"488","1340勝悅","110/09/02","美林",0,9,-9
"489","1340勝悅","110/09/02","臺銀-鳳山",5,0,5
"490","1340勝悅","110/09/02","統一-新營",0,8,-8
"491","1340勝悅","110/09/02","凱基-北門",5,0,5
"492","1340勝悅","110/09/02","玉山-桃園",0,8,-8
"493","1340勝悅","110/09/02","元富-新店",4,0,4
"494","1340勝悅","110/09/02","摩根大通",0,7,-7
"495","1340勝悅","110/09/02","新光",4,0,4
"496","1340勝悅","110/09/02","日盛-員林",0,6,-6
"497","1340勝悅","110/09/02","國泰-敦南",4,0,4
"498","1340勝悅","110/09/02","元大-龍潭",0,5,-5
"499","1340勝悅","110/09/02","美商高盛",3,0,3
"500","1340勝悅","110/09/02","大慶-苗栗",0,4,-4
"501","1340勝悅","110/09/02","元大-基隆",3,0,3
"502","1340勝悅","110/09/02","凱基-台中",0,4,-4
"503","1340勝悅","110/09/02","臺灣企銀-埔墘",2,0,2
"504","1340勝悅","110/09/02","元富-板橋",0,3,-3
"505","1340勝悅","110/09/02","光和",2,0,2
"506","1340勝悅","110/09/02","永豐金-苓雅",0,3,-3
"507","1340勝悅","110/09/02","兆豐-大安",2,0,2
"508","1340勝悅","110/09/02","日盛-景美",0,2,-2
"509","1340勝悅","110/09/02","國票-長城",2,0,2
"510","1340勝悅","110/09/02","統一-城中",6,8,-2
"511","6246臺龍","110/09/02","宏遠-館前",32,13,19
"512","6246臺龍","110/09/02","元大-南投",0,19,-19
"513","6246臺龍","110/09/02","元富-新店",11,0,11
"514","6246臺龍","110/09/02","永豐金-松山",0,15,-15
"515","6246臺龍","110/09/02","德信-新營",10,0,10
"516","6246臺龍","110/09/02","群益金鼎-古亭",0,10,-10
"517","6246臺龍","110/09/02","元大-屏南",10,0,10
"518","6246臺龍","110/09/02","大昌-桃園",0,5,-5
"519","6246臺龍","110/09/02","華南永昌-彰化",6,0,6
"520","6246臺龍","110/09/02","凱基-台北",1,6,-5
"521","6246臺龍","110/09/02","群益金鼎-永和",5,0,5
"522","6246臺龍","110/09/02","元大-金門",0,5,-5
"523","6246臺龍","110/09/02","(牛牛牛)亞-鑫豐",4,0,4
"524","6246臺龍","110/09/02","元富-吉利",0,4,-4
"525","6246臺龍","110/09/02","華南永昌-公誠",4,0,4
"526","6246臺龍","110/09/02","國泰-板橋",0,4,-4
"527","6246臺龍","110/09/02","富邦-板橋",5,1,4
"528","6246臺龍","110/09/02","第一金-頭份",0,3,-3
"529","6246臺龍","110/09/02","元富-埔里",3,0,3
"530","6246臺龍","110/09/02","新光-新竹",0,3,-3
"531","6246臺龍","110/09/02","元富-新興",3,0,3
"532","6246臺龍","110/09/02","港商野村",3,5,-2
"533","6246臺龍","110/09/02","兆豐-新營",3,0,3
"534","6246臺龍","110/09/02","國票-北高雄",0,2,-2
"535","6246臺龍","110/09/02","國票-桃園",3,0,3
"536","6246臺龍","110/09/02","國票-敦北法人",0,2,-2
"537","6246臺龍","110/09/02","華南永昌-台中",3,0,3
"538","6246臺龍","110/09/02","台新-台南",0,2,-2
"539","6246臺龍","110/09/02","元大-大雅",3,0,3
"540","6246臺龍","110/09/02","台新-屏東",0,2,-2
"541","00715L期街口布蘭特正2","110/09/02","元大證券",5620,931,4689
"542","00715L期街口布蘭特正2","110/09/02","元大-復北",0,1372,-1372
"543","00715L期街口布蘭特正2","110/09/02","(牛牛牛)亞-鑫豐",1283,115,1168
"544","00715L期街口布蘭特正2","110/09/02","凱基-新豐",0,1053,-1053
"545","00715L期街口布蘭特正2","110/09/02","永豐金證券",1199,60,1139
"546","00715L期街口布蘭特正2","110/09/02","永豐金-市政",0,829,-829
"547","00715L期街口布蘭特正2","110/09/02","元大-萬華",920,0,920
"548","00715L期街口布蘭特正2","110/09/02","新光-台中",221,719,-498
"549","00715L期街口布蘭特正2","110/09/02","群益金鼎",829,0,829
"550","00715L期街口布蘭特正2","110/09/02","玉山-雙和",0,420,-420
"551","00715L期街口布蘭特正2","110/09/02","統一",787,0,787
"552","00715L期街口布蘭特正2","110/09/02","中國信託-新竹",0,400,-400
"553","00715L期街口布蘭特正2","110/09/02","康和",1080,412,668
"554","00715L期街口布蘭特正2","110/09/02","兆豐-台中港",12,362,-350
"555","00715L期街口布蘭特正2","110/09/02","元富",609,0,609
"556","00715L期街口布蘭特正2","110/09/02","康和-嘉義",0,300,-300
"557","00715L期街口布蘭特正2","110/09/02","台新-台中",543,43,500
"558","00715L期街口布蘭特正2","110/09/02","台中銀-豐原",12,310,-298
"559","00715L期街口布蘭特正2","110/09/02","元富-大裕",478,0,478
"560","00715L期街口布蘭特正2","110/09/02","元大-草屯",7,254,-247
"561","00715L期街口布蘭特正2","110/09/02","群益金鼎-台中",354,1,353
"562","00715L期街口布蘭特正2","110/09/02","凱基-站前",0,245,-245
"563","00715L期街口布蘭特正2","110/09/02","元大-花蓮",146,11,135
"564","00715L期街口布蘭特正2","110/09/02","凱基-城中",0,237,-237
"565","00715L期街口布蘭特正2","110/09/02","元大-前金",102,0,102
"566","00715L期街口布蘭特正2","110/09/02","富邦-台北",5,223,-218
"567","00715L期街口布蘭特正2","110/09/02","中國信託-高雄",102,19,83
"568","00715L期街口布蘭特正2","110/09/02","新光",125,342,-217
"569","00715L期街口布蘭特正2","110/09/02","元大-大雅",95,22,73
"570","00715L期街口布蘭特正2","110/09/02","兆豐-嘉義",0,206,-206
"571","8941關中","110/09/02","高橋-內壢",2,0,2
"572","8941關中","110/09/02","元大-金華",0,2,-2
"573","8941關中","110/09/02","日盛-板橋",1,0,1
"574","8941關中","110/09/02","統一-彰化",0,1,-1
"575","8941關中","110/09/02","凱基-市府",1,0,1
"576","8941關中","110/09/02","國泰-忠孝",0,1,-1
"577","8941關中","110/09/02","宏遠-館前",0,0,0
"578","8941關中","110/09/02","宏遠-館前",0,0,0
"579","8941關中","110/09/02","元大-淡水",0,0,0
"580","8941關中","110/09/02","元大-淡水",0,0,0
"581","8941關中","110/09/02","元大-鹿港",0,0,0
"582","8941關中","110/09/02","元大-鹿港",0,0,0
"583","8941關中","110/09/02","永豐金-敦北",0,0,0
"584","8941關中","110/09/02","永豐金-敦北",0,0,0
"585","8941關中","110/09/02","永豐金-萬盛",0,0,0
"586","8941關中","110/09/02","永豐金-萬盛",0,0,0
"587","8941關中","110/09/02","永豐金-南投",0,0,0
"588","8941關中","110/09/02","永豐金-南投",0,0,0
"589","8941關中","110/09/02","",NA,NA,NA
"590","8941關中","110/09/02","",NA,NA,NA
"591","8941關中","110/09/02","",NA,NA,NA
"592","8941關中","110/09/02","",NA,NA,NA
"593","8941關中","110/09/02","",NA,NA,NA
"594","8941關中","110/09/02","",NA,NA,NA
"595","8941關中","110/09/02","",NA,NA,NA
"596","8941關中","110/09/02","",NA,NA,NA
"597","8941關中","110/09/02","",NA,NA,NA
"598","8941關中","110/09/02","",NA,NA,NA
"599","8941關中","110/09/02","",NA,NA,NA
"600","8941關中","110/09/02","",NA,NA,NA
"601","8936國統","110/09/02","台新證券",163,5,158
"602","8936國統","110/09/02","永豐金-竹科",10,150,-140
"603","8936國統","110/09/02","新加坡商瑞銀",163,51,112
"604","8936國統","110/09/02","摩根大通",59,163,-104
"605","8936國統","110/09/02","美林",120,13,107
"606","8936國統","110/09/02","永豐金-高雄",1,100,-99
"607","8936國統","110/09/02","華南永昌-高雄",91,0,91
"608","8936國統","110/09/02","瑞士信貸",1,72,-71
"609","8936國統","110/09/02","凱基-台北",174,108,66
"610","8936國統","110/09/02","永豐金-彰化",5,56,-51
"611","8936國統","110/09/02","元大-東泰",59,9,50
"612","8936國統","110/09/02","元大-旗山",0,24,-24
"613","8936國統","110/09/02","日盛-樹林",40,0,40
"614","8936國統","110/09/02","大昌-新店",0,19,-19
"615","8936國統","110/09/02","台新-高雄",40,9,31
"616","8936國統","110/09/02","元大-南京",2,20,-18
"617","8936國統","110/09/02","新光-台中",37,9,28
"618","8936國統","110/09/02","國票-中正",0,16,-16
"619","8936國統","110/09/02","美商高盛",57,31,26
"620","8936國統","110/09/02","富邦-高雄",0,15,-15
"621","8936國統","110/09/02","日盛-北高雄",41,16,25
"622","8936國統","110/09/02","宏遠-新化",0,14,-14
"623","8936國統","110/09/02","元富-敦南",25,0,25
"624","8936國統","110/09/02","中國信託-高雄",0,13,-13
"625","8936國統","110/09/02","國泰-敦南",29,9,20
"626","8936國統","110/09/02","群益金鼎-忠孝",8,21,-13
"627","8936國統","110/09/02","凱基-信義",20,1,19
"628","8936國統","110/09/02","臺銀-金山",0,11,-11
"629","8936國統","110/09/02","玉山-大里",16,0,16
"630","8936國統","110/09/02","台灣摩根士丹利",0,11,-11
"631","6226光鼎","110/09/02","元大-大灣",118,3,115
"632","6226光鼎","110/09/02","港商野村",148,254,-106
"633","6226光鼎","110/09/02","大昌-新店",95,5,90
"634","6226光鼎","110/09/02","台新證券",65,150,-85
"635","6226光鼎","110/09/02","統一-桃園",76,0,76
"636","6226光鼎","110/09/02","日盛-鳳山",0,80,-80
"637","6226光鼎","110/09/02","元大-小港",78,7,71
"638","6226光鼎","110/09/02","台灣摩根士丹利",0,77,-77
"639","6226光鼎","110/09/02","元大-嘉義",60,0,60
"640","6226光鼎","110/09/02","元大-龍潭",1,71,-70
"641","6226光鼎","110/09/02","元富-松德",52,0,52
"642","6226光鼎","110/09/02","凱基-岡山",1,61,-60
"643","6226光鼎","110/09/02","元富-高雄",62,11,51
"644","6226光鼎","110/09/02","台新-新營",4,63,-59
"645","6226光鼎","110/09/02","群益金鼎-中壢",45,1,44
"646","6226光鼎","110/09/02","元大-北投",5,61,-56
"647","6226光鼎","110/09/02","大展-台南",43,0,43
"648","6226光鼎","110/09/02","大慶-富順",0,45,-45
"649","6226光鼎","110/09/02","華南永昌-楠梓",62,19,43
"650","6226光鼎","110/09/02","元大-虎尾",5,50,-45
"651","6226光鼎","110/09/02","元大-楊梅",43,1,42
"652","6226光鼎","110/09/02","元大-台中中港",10,55,-45
"653","6226光鼎","110/09/02","元大-員林中山",40,0,40
"654","6226光鼎","110/09/02","台新-台南",3,40,-37
"655","6226光鼎","110/09/02","元大-汐止",40,0,40
"656","6226光鼎","110/09/02","中國信託-忠孝",11,46,-35
"657","6226光鼎","110/09/02","日盛-景美",34,0,34
"658","6226光鼎","110/09/02","華南永昌-東勢",20,54,-34
"659","6226光鼎","110/09/02","群益金鼎-開元",61,31,30
"660","6226光鼎","110/09/02","元大-新竹經國",9,43,-34
"661","2363矽統","110/09/02","日盛-南京",869,3,866
"662","2363矽統","110/09/02","美林",216,1191,-975
"663","2363矽統","110/09/02","台灣摩根士丹利",437,2,435
"664","2363矽統","110/09/02","永豐金-南投",29,917,-888
"665","2363矽統","110/09/02","元大-佳里",547,264,283
"666","2363矽統","110/09/02","摩根大通",540,1319,-779
"667","2363矽統","110/09/02","元大-前金",268,49,219
"668","2363矽統","110/09/02","德信-中正",56,575,-519
"669","2363矽統","110/09/02","國泰-敦南",958,758,200
"670","2363矽統","110/09/02","凱基-台北",2310,2708,-398
"671","2363矽統","110/09/02","永豐金-竹科",184,41,143
"672","2363矽統","110/09/02","台新-三民",75,444,-369
"673","2363矽統","110/09/02","新加坡商瑞銀",419,282,137
"674","2363矽統","110/09/02","瑞士信貸",62,392,-330
"675","2363矽統","110/09/02","中國信託-忠孝",153,18,135
"676","2363矽統","110/09/02","永豐金證券",124,377,-253
"677","2363矽統","110/09/02","國泰-館前",271,144,127
"678","2363矽統","110/09/02","凱基-南崁",51,235,-184
"679","2363矽統","110/09/02","元大-南京",139,16,123
"680","2363矽統","110/09/02","富邦-北港",101,284,-183
"681","2363矽統","110/09/02","臺銀-金山",170,50,120
"682","2363矽統","110/09/02","群益金鼎",105,252,-147
"683","2363矽統","110/09/02","北城證券",135,18,117
"684","2363矽統","110/09/02","凱基-科園",82,224,-142
"685","2363矽統","110/09/02","兆豐-公益",142,27,115
"686","2363矽統","110/09/02","富邦-台北",145,286,-141
"687","2363矽統","110/09/02","台新證券",636,521,115
"688","2363矽統","110/09/02","富邦證券",98,235,-137
"689","2363矽統","110/09/02","元大證券",217,105,112
"690","2363矽統","110/09/02","康和",30,162,-132
"691","8112至上","110/09/02","合庫證券",92,0,92
"692","8112至上","110/09/02","摩根大通",4,169,-165
"693","8112至上","110/09/02","元大-竹東",70,0,70
"694","8112至上","110/09/02","元大-東門",0,90,-90
"695","8112至上","110/09/02","新光",51,5,46
"696","8112至上","110/09/02","港商野村",36,114,-78
"697","8112至上","110/09/02","凱基-長庚",46,0,46
"698","8112至上","110/09/02","美林",52,115,-63
"699","8112至上","110/09/02","群益金鼎-士林",36,0,36
"700","8112至上","110/09/02","國票-南京",0,62,-62
"701","8112至上","110/09/02","台新-新營",32,0,32
"702","8112至上","110/09/02","凱基-台北",58,117,-59
"703","8112至上","110/09/02","臺銀",27,0,27
"704","8112至上","110/09/02","美商高盛",0,52,-52
"705","8112至上","110/09/02","新光-高雄",29,2,27
"706","8112至上","110/09/02","元大-南屯",0,52,-52
"707","8112至上","110/09/02","富邦-台中",25,0,25
"708","8112至上","110/09/02","瑞士信貸",0,48,-48
"709","8112至上","110/09/02","元富-大裕",24,1,23
"710","8112至上","110/09/02","元大-大里",9,55,-46
"711","8112至上","110/09/02","大慶-楊梅",22,0,22
"712","8112至上","110/09/02","元大-士林",0,45,-45
"713","8112至上","110/09/02","國票-內壢",21,0,21
"714","8112至上","110/09/02","香港上海匯豐",0,42,-42
"715","8112至上","110/09/02","華南永昌-鳳山",21,0,21
"716","8112至上","110/09/02","凱基-松山",0,37,-37
"717","8112至上","110/09/02","元大-淡水",21,0,21
"718","8112至上","110/09/02","日盛-三峽",0,30,-30
"719","8112至上","110/09/02","群益金鼎-北高雄",20,0,20
"720","8112至上","110/09/02","台灣匯立證券",0,29,-29
"721","1570力肯","110/09/02","國票-和平",85,0,85
"722","1570力肯","110/09/02","新光",25,211,-186
"723","1570力肯","110/09/02","元大-北三重",68,0,68
"724","1570力肯","110/09/02","群益金鼎-高雄",5,60,-55
"725","1570力肯","110/09/02","國票",30,0,30
"726","1570力肯","110/09/02","摩根大通",0,54,-54
"727","1570力肯","110/09/02","元大-內湖",30,1,29
"728","1570力肯","110/09/02","元大-東泰",0,41,-41
"729","1570力肯","110/09/02","第一金-嘉義",25,0,25
"730","1570力肯","110/09/02","凱基-台北",1,32,-31
"731","1570力肯","110/09/02","光和-田中",19,0,19
"732","1570力肯","110/09/02","合庫-嘉義",1,30,-29
"733","1570力肯","110/09/02","元大-板橋",16,0,16
"734","1570力肯","110/09/02","元大-南屯",0,22,-22
"735","1570力肯","110/09/02","兆豐-嘉義",16,1,15
"736","1570力肯","110/09/02","元大-永和",0,22,-22
"737","1570力肯","110/09/02","凱基-高美館",15,0,15
"738","1570力肯","110/09/02","富邦-嘉義",0,20,-20
"739","1570力肯","110/09/02","富邦-建國",15,0,15
"740","1570力肯","110/09/02","華南永昌-彰化",0,15,-15
"741","1570力肯","110/09/02","彰銀-七賢",14,0,14
"742","1570力肯","110/09/02","(牛牛牛)亞-網路",1,15,-14
"743","1570力肯","110/09/02","大慶-蘆洲",11,0,11
"744","1570力肯","110/09/02","元大-員林中山",0,13,-13
"745","1570力肯","110/09/02","富邦-新營",10,0,10
"746","1570力肯","110/09/02","聯邦-三重",0,10,-10
"747","1570力肯","110/09/02","永豐金-中和",10,0,10
"748","1570力肯","110/09/02","群益金鼎-三民",0,8,-8
"749","1570力肯","110/09/02","群益金鼎-瑞豐",9,0,9
"750","1570力肯","110/09/02","日盛-園區",0,6,-6
"751","2929淘帝","110/09/02","摩根大通",11,0,11
"752","2929淘帝","110/09/02","日盛-板橋中山",0,30,-30
"753","2929淘帝","110/09/02","凱基-東門",11,0,11
"754","2929淘帝","110/09/02","美林",0,16,-16
"755","2929淘帝","110/09/02","臺銀-臺南",10,0,10
"756","2929淘帝","110/09/02","日盛-台南",0,12,-12
"757","2929淘帝","110/09/02","元大-太平",6,0,6
"758","2929淘帝","110/09/02","元富-大裕",0,12,-12
"759","2929淘帝","110/09/02","日盛-台中",5,0,5
"760","2929淘帝","110/09/02","港商野村",0,6,-6
"761","2929淘帝","110/09/02","台新-建北",5,0,5
"762","2929淘帝","110/09/02","新加坡商瑞銀",0,6,-6
"763","2929淘帝","110/09/02","富邦-新竹",5,0,5
"764","2929淘帝","110/09/02","元大-竹科",0,4,-4
"765","2929淘帝","110/09/02","富邦-南屯",5,0,5
"766","2929淘帝","110/09/02","元富-板橋",0,3,-3
"767","2929淘帝","110/09/02","群益金鼎",4,0,4
"768","2929淘帝","110/09/02","群益金鼎-敦南",0,3,-3
"769","2929淘帝","110/09/02","元大-府城",4,0,4
"770","2929淘帝","110/09/02","凱基-敦北",0,3,-3
"771","2929淘帝","110/09/02","元大-大雅",4,0,4
"772","2929淘帝","110/09/02","元大-虎尾",0,3,-3
"773","2929淘帝","110/09/02","(牛牛牛)亞-鑫豐",4,1,3
"774","2929淘帝","110/09/02","新光-高雄",0,2,-2
"775","2929淘帝","110/09/02","新光-新竹",3,0,3
"776","2929淘帝","110/09/02","國泰-館前",0,2,-2
"777","2929淘帝","110/09/02","玉山-大里",3,0,3
"778","2929淘帝","110/09/02","富邦-花蓮",0,2,-2
"779","2929淘帝","110/09/02","臺銀-臺中",2,0,2
"780","2929淘帝","110/09/02","富邦-建國",0,2,-2
"781","5410國眾","110/09/02","富邦-板橋",10,0,10
"782","5410國眾","110/09/02","群益金鼎-民權",0,10,-10
"783","5410國眾","110/09/02","臺銀",5,0,5
"784","5410國眾","110/09/02","玉山-南京東路",0,5,-5
"785","5410國眾","110/09/02","台新-左楠",5,0,5
"786","5410國眾","110/09/02","元大-新莊",0,5,-5
"787","5410國眾","110/09/02","玉山-板橋",5,0,5
"788","5410國眾","110/09/02","摩根大通",0,3,-3
"789","5410國眾","110/09/02","凱基-科園",5,0,5
"790","5410國眾","110/09/02","國泰-敦南",1,4,-3
"791","5410國眾","110/09/02","元大-彰化民生",3,0,3
"792","5410國眾","110/09/02","華南永昌-鶯歌",0,3,-3
"793","5410國眾","110/09/02","台新-中壢",2,0,2
"794","5410國眾","110/09/02","台新證券",0,2,-2
"795","5410國眾","110/09/02","新光",2,0,2
"796","5410國眾","110/09/02","台新-新營",0,2,-2
"797","5410國眾","110/09/02","元大-虎尾",2,0,2
"798","5410國眾","110/09/02","凱基-雙和",0,2,-2
"799","5410國眾","110/09/02","永豐金-中正",2,0,2
"800","5410國眾","110/09/02","永豐金-中盛",0,2,-2
"801","5410國眾","110/09/02","元富-新店",1,0,1
"802","5410國眾","110/09/02","元富-大昌",0,1,-1
"803","5410國眾","110/09/02","元富-敦南",1,0,1
"804","5410國眾","110/09/02","元富-埔里",0,1,-1
"805","5410國眾","110/09/02","中國信託-中壢",1,0,1
"806","5410國眾","110/09/02","兆豐-北高雄",0,1,-1
"807","5410國眾","110/09/02","群益金鼎-基隆",1,0,1
"808","5410國眾","110/09/02","台新-建北",0,1,-1
"809","5410國眾","110/09/02","富邦-彰化",1,0,1
"810","5410國眾","110/09/02","富邦-員林",0,1,-1
"811","2841台開","110/09/02","群益金鼎-海山",100,0,100
"812","2841台開","110/09/02","元大-八德",0,100,-100
"813","2841台開","110/09/02","宏遠-館前",65,0,65
"814","2841台開","110/09/02","兆豐-彰化",0,60,-60
"815","2841台開","110/09/02","台中銀",40,3,37
"816","2841台開","110/09/02","港商野村",0,43,-43
"817","2841台開","110/09/02","群益金鼎-崇德",26,0,26
"818","2841台開","110/09/02","兆豐-新營",0,20,-20
"819","2841台開","110/09/02","台新-三民",20,0,20
"820","2841台開","110/09/02","玉山-台中",0,20,-20
"821","2841台開","110/09/02","大慶-蘆洲",10,0,10
"822","2841台開","110/09/02","永豐金-中正",0,20,-20
"823","2841台開","110/09/02","元大-新竹經國",10,0,10
"824","2841台開","110/09/02","日盛證券",6,25,-19
"825","2841台開","110/09/02","富邦-左營",8,0,8
"826","2841台開","110/09/02","台灣摩根士丹利",0,19,-19
"827","2841台開","110/09/02","富邦-台北",7,0,7
"828","2841台開","110/09/02","元大-復北",0,11,-11
"829","2841台開","110/09/02","日盛-忠孝",6,0,6
"830","2841台開","110/09/02","日盛-台中",10,20,-10
"831","2841台開","110/09/02","大昌-安康",27,21,6
"832","2841台開","110/09/02","富邦-新店",0,10,-10
"833","2841台開","110/09/02","台新-台中",6,0,6
"834","2841台開","110/09/02","國票-中和",0,8,-8
"835","2841台開","110/09/02","新光-桃園",6,0,6
"836","2841台開","110/09/02","元大-萬華",0,8,-8
"837","2841台開","110/09/02","國泰-館前",6,0,6
"838","2841台開","110/09/02","兆豐-高雄",0,6,-6
"839","2841台開","110/09/02","元大-屏南",6,0,6
"840","2841台開","110/09/02","群益金鼎-民權",0,6,-6
"841","6207雷科","110/09/02","元大-高雄",52,3,49
"842","6207雷科","110/09/02","新加坡商瑞銀",4,48,-44
"843","6207雷科","110/09/02","凱基-高美館",21,0,21
"844","6207雷科","110/09/02","摩根大通",9,30,-21
"845","6207雷科","110/09/02","群益金鼎-大甲",12,0,12
"846","6207雷科","110/09/02","元大-大灣",0,21,-21
"847","6207雷科","110/09/02","永豐金-高雄",12,0,12
"848","6207雷科","110/09/02","康和-石牌",0,20,-20
"849","6207雷科","110/09/02","國泰-台南",20,10,10
"850","6207雷科","110/09/02","群益金鼎-館前",0,20,-20
"851","6207雷科","110/09/02","群益金鼎-瑞豐",10,0,10
"852","6207雷科","110/09/02","華南永昌-虎尾",0,19,-19
"853","6207雷科","110/09/02","元大-博愛",10,0,10
"854","6207雷科","110/09/02","(牛牛牛)亞-鑫豐",0,13,-13
"855","6207雷科","110/09/02","元富-板橋",5,0,5
"856","6207雷科","110/09/02","大慶-泰山",0,10,-10
"857","6207雷科","110/09/02","兆豐-桃園",5,0,5
"858","6207雷科","110/09/02","元富-民權",0,10,-10
"859","6207雷科","110/09/02","國泰-台中",5,0,5
"860","6207雷科","110/09/02","港商野村",1,8,-7
"861","6207雷科","110/09/02","凱基-市政",5,0,5
"862","6207雷科","110/09/02","統一-員林",1,7,-6
"863","6207雷科","110/09/02","富邦-左營",5,0,5
"864","6207雷科","110/09/02","元大-木柵",0,6,-6
"865","6207雷科","110/09/02","富邦-宜蘭",5,0,5
"866","6207雷科","110/09/02","日盛-中壢",0,5,-5
"867","6207雷科","110/09/02","元大-士林",6,1,5
"868","6207雷科","110/09/02","兆豐-台中",0,5,-5
"869","6207雷科","110/09/02","元大-六合",5,0,5
"870","6207雷科","110/09/02","康和-延平",0,5,-5
"871","3679新至陞","110/09/02","元大-成功",12,0,12
"872","3679新至陞","110/09/02","凱基-台北",4,18,-14
"873","3679新至陞","110/09/02","元大-大天母",10,0,10
"874","3679新至陞","110/09/02","美林",0,10,-10
"875","3679新至陞","110/09/02","富邦-嘉義",5,0,5
"876","3679新至陞","110/09/02","兆豐-高雄",0,10,-10
"877","3679新至陞","110/09/02","致和-東門",3,0,3
"878","3679新至陞","110/09/02","摩根大通",0,9,-9
"879","3679新至陞","110/09/02","元大-福營",3,0,3
"880","3679新至陞","110/09/02","瑞士信貸",1,8,-7
"881","3679新至陞","110/09/02","元大-小港",3,0,3
"882","3679新至陞","110/09/02","美商高盛",0,3,-3
"883","3679新至陞","110/09/02","元富-緯城",2,0,2
"884","3679新至陞","110/09/02","新加坡商瑞銀",0,3,-3
"885","3679新至陞","110/09/02","台中銀-員林",2,0,2
"886","3679新至陞","110/09/02","日盛-樹林",0,2,-2
"887","3679新至陞","110/09/02","新百王",2,0,2
"888","3679新至陞","110/09/02","港商野村",0,2,-2
"889","3679新至陞","110/09/02","國票-台東",2,0,2
"890","3679新至陞","110/09/02","兆豐-公益",0,2,-2
"891","3679新至陞","110/09/02","玉山證券",2,0,2
"892","3679新至陞","110/09/02","玉山-台中",0,2,-2
"893","3679新至陞","110/09/02","群益金鼎-台中",2,0,2
"894","3679新至陞","110/09/02","凱基-高雄",0,2,-2
"895","3679新至陞","110/09/02","群益金鼎-三民",2,0,2
"896","3679新至陞","110/09/02","凱基-新店",0,2,-2
"897","3679新至陞","110/09/02","富邦-岡山",2,0,2
"898","3679新至陞","110/09/02","亞東-板橋",0,1,-1
"899","3679新至陞","110/09/02","元大-文心興安",2,0,2
"900","3679新至陞","110/09/02","富隆-長安",0,1,-1
"901","2727王品","110/09/02","台灣摩根士丹利",50,32,18
"902","2727王品","110/09/02","永豐金證券",1,32,-31
"903","2727王品","110/09/02","摩根大通",15,0,15
"904","2727王品","110/09/02","凱基-台北",12,34,-22
"905","2727王品","110/09/02","美商高盛",15,3,12
"906","2727王品","110/09/02","美林",8,27,-19
"907","2727王品","110/09/02","富邦-桃園",10,0,10
"908","2727王品","110/09/02","國泰-板橋",6,19,-13
"909","2727王品","110/09/02","日盛-木柵",6,0,6
"910","2727王品","110/09/02","凱基-板橋",0,11,-11
"911","2727王品","110/09/02","新光",11,6,5
"912","2727王品","110/09/02","國泰-台南",0,10,-10
"913","2727王品","110/09/02","群益金鼎-高雄",5,0,5
"914","2727王品","110/09/02","富邦-建國",10,20,-10
"915","2727王品","110/09/02","凱基-基隆",5,0,5
"916","2727王品","110/09/02","元大-內湖",0,10,-10
"917","2727王品","110/09/02","元大-桃興",5,0,5
"918","2727王品","110/09/02","永豐金-竹科",1,10,-9
"919","2727王品","110/09/02","永豐金-新店",5,0,5
"920","2727王品","110/09/02","元大-高雄",1,9,-8
"921","2727王品","110/09/02","元富-延平",4,0,4
"922","2727王品","110/09/02","玉山-台南",1,8,-7
"923","2727王品","110/09/02","玉山-大里",4,0,4
"924","2727王品","110/09/02","統一",1,7,-6
"925","2727王品","110/09/02","國泰-台中",5,1,4
"926","2727王品","110/09/02","中國信託-文心",0,6,-6
"927","2727王品","110/09/02","元大-民生",4,0,4
"928","2727王品","110/09/02","群益金鼎-東大",0,6,-6
"929","2727王品","110/09/02","群益金鼎-宜蘭",3,0,3
"930","2727王品","110/09/02","永豐金-忠孝",0,6,-6
"931","1570力肯","110/09/02","國票-和平",85,0,85
"932","1570力肯","110/09/02","新光",25,211,-186
"933","1570力肯","110/09/02","元大-北三重",68,0,68
"934","1570力肯","110/09/02","群益金鼎-高雄",5,60,-55
"935","1570力肯","110/09/02","國票",30,0,30
"936","1570力肯","110/09/02","摩根大通",0,54,-54
"937","1570力肯","110/09/02","元大-內湖",30,1,29
"938","1570力肯","110/09/02","元大-東泰",0,41,-41
"939","1570力肯","110/09/02","第一金-嘉義",25,0,25
"940","1570力肯","110/09/02","凱基-台北",1,32,-31
"941","1570力肯","110/09/02","光和-田中",19,0,19
"942","1570力肯","110/09/02","合庫-嘉義",1,30,-29
"943","1570力肯","110/09/02","元大-板橋",16,0,16
"944","1570力肯","110/09/02","元大-南屯",0,22,-22
"945","1570力肯","110/09/02","兆豐-嘉義",16,1,15
"946","1570力肯","110/09/02","元大-永和",0,22,-22
"947","1570力肯","110/09/02","凱基-高美館",15,0,15
"948","1570力肯","110/09/02","富邦-嘉義",0,20,-20
"949","1570力肯","110/09/02","富邦-建國",15,0,15
"950","1570力肯","110/09/02","華南永昌-彰化",0,15,-15
"951","1570力肯","110/09/02","彰銀-七賢",14,0,14
"952","1570力肯","110/09/02","(牛牛牛)亞-網路",1,15,-14
"953","1570力肯","110/09/02","大慶-蘆洲",11,0,11
"954","1570力肯","110/09/02","元大-員林中山",0,13,-13
"955","1570力肯","110/09/02","富邦-新營",10,0,10
"956","1570力肯","110/09/02","聯邦-三重",0,10,-10
"957","1570力肯","110/09/02","永豐金-中和",10,0,10
"958","1570力肯","110/09/02","群益金鼎-三民",0,8,-8
"959","1570力肯","110/09/02","群益金鼎-瑞豐",9,0,9
"960","1570力肯","110/09/02","日盛-園區",0,6,-6
"961","6180橘子","110/09/02","華南永昌",84,1,83
"962","6180橘子","110/09/02","亞東-高雄",0,22,-22
"963","6180橘子","110/09/02","摩根大通",29,4,25
"964","6180橘子","110/09/02","凱基-台北",3,23,-20
"965","6180橘子","110/09/02","台灣摩根士丹利",23,0,23
"966","6180橘子","110/09/02","元富-高雄",0,12,-12
"967","6180橘子","110/09/02","美商高盛",25,6,19
"968","6180橘子","110/09/02","新光",3,14,-11
"969","6180橘子","110/09/02","台新證券",13,0,13
"970","6180橘子","110/09/02","新光-台南",0,10,-10
"971","6180橘子","110/09/02","美林",6,0,6
"972","6180橘子","110/09/02","富邦-竹北",0,10,-10
"973","6180橘子","110/09/02","元富-永和",6,0,6
"974","6180橘子","110/09/02","元大-大益",0,10,-10
"975","6180橘子","110/09/02","玉山-新莊",6,0,6
"976","6180橘子","110/09/02","統一-彰化",0,8,-8
"977","6180橘子","110/09/02","凱基-復興",5,0,5
"978","6180橘子","110/09/02","元大-館前",0,8,-8
"979","6180橘子","110/09/02","台新-台中",4,0,4
"980","6180橘子","110/09/02","群益金鼎-西松",0,6,-6
"981","6180橘子","110/09/02","國泰-敦南",10,6,4
"982","6180橘子","110/09/02","合庫-三重",0,5,-5
"983","6180橘子","110/09/02","日盛-永康",3,0,3
"984","6180橘子","110/09/02","日盛-和美",0,5,-5
"985","6180橘子","110/09/02","彰銀",3,0,3
"986","6180橘子","110/09/02","統一-嘉義",0,5,-5
"987","6180橘子","110/09/02","第一金-新竹",3,0,3
"988","6180橘子","110/09/02","國泰-館前",0,5,-5
"989","6180橘子","110/09/02","玉山證券",3,0,3
"990","6180橘子","110/09/02","元大證券",1,6,-5
"991","2390云辰","110/09/02","日盛-新莊",271,5,266
"992","2390云辰","110/09/02","凱基-台北",35,186,-151
"993","2390云辰","110/09/02","元大證券",118,6,112
"994","2390云辰","110/09/02","元富-安南",4,147,-143
"995","2390云辰","110/09/02","華南永昌-中正",106,4,102
"996","2390云辰","110/09/02","元大-雙和",34,135,-101
"997","2390云辰","110/09/02","台灣摩根士丹利",94,0,94
"998","2390云辰","110/09/02","元大-南屯",2,82,-80
"999","2390云辰","110/09/02","大慶-富順",76,2,74
"1000","2390云辰","110/09/02","元大-林園",0,79,-79
"1001","2390云辰","110/09/02","凱基-長庚",56,0,56
"1002","2390云辰","110/09/02","國泰-板橋",14,82,-68
"1003","2390云辰","110/09/02","元大-松山",55,0,55
"1004","2390云辰","110/09/02","元大-板橋",4,71,-67
"1005","2390云辰","110/09/02","玉山-台中",54,2,52
"1006","2390云辰","110/09/02","國泰-館前",3,59,-56
"1007","2390云辰","110/09/02","元富-高雄",52,2,50
"1008","2390云辰","110/09/02","凱基-和平",0,52,-52
"1009","2390云辰","110/09/02","元大-嘉義",50,5,45
"1010","2390云辰","110/09/02","康和",0,50,-50
"1011","2390云辰","110/09/02","華南永昌-合泰",40,0,40
"1012","2390云辰","110/09/02","第一金-中山",2,50,-48
"1013","2390云辰","110/09/02","統一-新台中",45,6,39
"1014","2390云辰","110/09/02","統一",7,55,-48
"1015","2390云辰","110/09/02","統一-員林",46,10,36
"1016","2390云辰","110/09/02","元富-信義",3,51,-48
"1017","2390云辰","110/09/02","美商高盛",49,14,35
"1018","2390云辰","110/09/02","土銀-花蓮",0,47,-47
"1019","2390云辰","110/09/02","元大-前金",35,0,35
"1020","2390云辰","110/09/02","元大-新盛",1,48,-47
"1021","2834臺企銀","110/08/31","新加坡商瑞銀",58095,14804,43291
"1022","2834臺企銀","110/08/31","台灣摩根士丹利",138752,224200,-85448
"1023","2834臺企銀","110/08/31","瑞士信貸",40098,11880,28218
"1024","2834臺企銀","110/08/31","美林",16181,38669,-22488
"1025","2834臺企銀","110/08/31","凱基-台北",24998,6606,18392
"1026","2834臺企銀","110/08/31","港商法國興業",11216,33391,-22175
"1027","2834臺企銀","110/08/31","摩根大通",37495,20369,17126
"1028","2834臺企銀","110/08/31","永豐金證券",227,4552,-4325
"1029","2834臺企銀","110/08/31","美商高盛",58399,41472,16927
"1030","2834臺企銀","110/08/31","法銀巴黎",2076,6320,-4244
"1031","2834臺企銀","110/08/31","港商野村",10074,4570,5504
"1032","2834臺企銀","110/08/31","元大證券",1048,5233,-4185
"1033","2834臺企銀","110/08/31","國票-長城",5000,0,5000
"1034","2834臺企銀","110/08/31","花旗環球",3376,5995,-2619
"1035","2834臺企銀","110/08/31","兆豐-寶成",1000,0,1000
"1036","2834臺企銀","110/08/31","華南永昌-高雄",24,1662,-1638
"1037","2834臺企銀","110/08/31","國泰-台南",609,2,607
"1038","2834臺企銀","110/08/31","豐農",1,760,-759
"1039","2834臺企銀","110/08/31","彰銀-台中",621,83,538
"1040","2834臺企銀","110/08/31","香港上海匯豐",549,1100,-551
"1041","2834臺企銀","110/08/31","元大-蘆洲",529,5,524
"1042","2834臺企銀","110/08/31","群益金鼎-彰化",59,499,-440
"1043","2834臺企銀","110/08/31","富邦-新竹",481,26,455
"1044","2834臺企銀","110/08/31","元大-苗栗",7,400,-393
"1045","2834臺企銀","110/08/31","群益金鼎-土城",418,0,418
"1046","2834臺企銀","110/08/31","凱基-興隆",0,320,-320
"1047","2834臺企銀","110/08/31","群益金鼎-萬華",400,0,400
"1048","2834臺企銀","110/08/31","日盛證券",442,747,-305
"1049","2834臺企銀","110/08/31","元大-復北",404,8,396
"1050","2834臺企銀","110/08/31","群益金鼎-板橋",30,325,-295
"1051","5511德昌","110/08/31","永豐金-市政",107,0,107
"1052","5511德昌","110/08/31","兆豐-台中港",0,80,-80
"1053","5511德昌","110/08/31","日盛-新竹",10,0,10
"1054","5511德昌","110/08/31","統一",0,10,-10
"1055","5511德昌","110/08/31","元大-彰化",10,0,10
"1056","5511德昌","110/08/31","致和-崇德",0,10,-10
"1057","5511德昌","110/08/31","第一金-台中",8,0,8
"1058","5511德昌","110/08/31","凱基-台北",1,10,-9
"1059","5511德昌","110/08/31","瑞士信貸",2,0,2
"1060","5511德昌","110/08/31","兆豐-台中",0,8,-8
"1061","5511德昌","110/08/31","元大-中壢",2,0,2
"1062","5511德昌","110/08/31","第一金",0,5,-5
"1063","5511德昌","110/08/31","元大-北屯",2,0,2
"1064","5511德昌","110/08/31","第一金-大稻埕",0,2,-2
"1065","5511德昌","110/08/31","兆豐-南京",1,0,1
"1066","5511德昌","110/08/31","元大-員林",0,2,-2
"1067","5511德昌","110/08/31","元大-東蘆",1,0,1
"1068","5511德昌","110/08/31","華南永昌-麻豆",0,2,-2
"1069","5511德昌","110/08/31","永豐金-苓雅",1,0,1
"1070","5511德昌","110/08/31","國泰-敦南",0,2,-2
"1071","5511德昌","110/08/31","永豐金-新店",1,0,1
"1072","5511德昌","110/08/31","康和-仁愛",0,2,-2
"1073","5511德昌","110/08/31","台中銀-員林",0,0,0
"1074","5511德昌","110/08/31","國票-中和",0,2,-2
"1075","5511德昌","110/08/31","中國信託",0,0,0
"1076","5511德昌","110/08/31","台新證券",0,1,-1
"1077","5511德昌","110/08/31","國泰-台中",0,0,0
"1078","5511德昌","110/08/31","國票-天祥",0,1,-1
"1079","5511德昌","110/08/31","群益金鼎-鳳山",0,0,0
"1080","5511德昌","110/08/31","中國信託-忠孝",0,1,-1
"1081","2489瑞軒","110/08/31","瑞士信貸",348,4,344
"1082","2489瑞軒","110/08/31","台灣摩根士丹利",17,427,-410
"1083","2489瑞軒","110/08/31","美林",278,81,197
"1084","2489瑞軒","110/08/31","摩根大通",116,283,-167
"1085","2489瑞軒","110/08/31","凱基-台北",133,0,133
"1086","2489瑞軒","110/08/31","日盛-嘉義",10,128,-118
"1087","2489瑞軒","110/08/31","國泰-敦南",134,46,88
"1088","2489瑞軒","110/08/31","第一金-新興",0,84,-84
"1089","2489瑞軒","110/08/31","新加坡商瑞銀",89,2,87
"1090","2489瑞軒","110/08/31","美商高盛",0,79,-79
"1091","2489瑞軒","110/08/31","合庫-桃園",61,3,58
"1092","2489瑞軒","110/08/31","元大-樹林",2,80,-78
"1093","2489瑞軒","110/08/31","台新-台中",50,0,50
"1094","2489瑞軒","110/08/31","元富-四維",3,67,-64
"1095","2489瑞軒","110/08/31","元富-潮州",41,0,41
"1096","2489瑞軒","110/08/31","永豐金-竹科",0,36,-36
"1097","2489瑞軒","110/08/31","新光",42,2,40
"1098","2489瑞軒","110/08/31","凱基-城中",0,35,-35
"1099","2489瑞軒","110/08/31","合庫-嘉義",30,0,30
"1100","2489瑞軒","110/08/31","元富-文心",0,30,-30
"1101","2489瑞軒","110/08/31","華南永昌-虎尾",91,61,30
"1102","2489瑞軒","110/08/31","富邦-永和",0,30,-30
"1103","2489瑞軒","110/08/31","元大-南屯",30,0,30
"1104","2489瑞軒","110/08/31","富邦-桃園",0,30,-30
"1105","2489瑞軒","110/08/31","元大-龍潭",30,2,28
"1106","2489瑞軒","110/08/31","永豐金-大園",1,30,-29
"1107","2489瑞軒","110/08/31","元大-楊梅",25,0,25
"1108","2489瑞軒","110/08/31","元大-彰化",0,26,-26
"1109","2489瑞軒","110/08/31","富邦-羅東",21,0,21
"1110","2489瑞軒","110/08/31","(牛牛牛)亞-鑫豐",36,59,-23
"1111","2428興勤","110/08/31","元大-南京",18,0,18
"1112","2428興勤","110/08/31","瑞士信貸",0,68,-68
"1113","2428興勤","110/08/31","凱基-信義",15,0,15
"1114","2428興勤","110/08/31","港商麥格理",0,29,-29
"1115","2428興勤","110/08/31","兆豐-景美",10,0,10
"1116","2428興勤","110/08/31","美林",2,28,-26
"1117","2428興勤","110/08/31","凱基-鳳山",10,0,10
"1118","2428興勤","110/08/31","摩根大通",9,33,-24
"1119","2428興勤","110/08/31","臺銀-金山",8,0,8
"1120","2428興勤","110/08/31","元大-西門",0,21,-21
"1121","2428興勤","110/08/31","元富-緯城",10,2,8
"1122","2428興勤","110/08/31","美商高盛",2,17,-15
"1123","2428興勤","110/08/31","港商野村",6,0,6
"1124","2428興勤","110/08/31","康和",0,14,-14
"1125","2428興勤","110/08/31","凱基-三重",8,2,6
"1126","2428興勤","110/08/31","康和-板橋",0,13,-13
"1127","2428興勤","110/08/31","凱基-台北",19,13,6
"1128","2428興勤","110/08/31","國票-安和",0,12,-12
"1129","2428興勤","110/08/31","元大-萬華",6,0,6
"1130","2428興勤","110/08/31","富邦證券",0,10,-10
"1131","2428興勤","110/08/31","元大-敦南",6,0,6
"1132","2428興勤","110/08/31","日盛-景美",1,10,-9
"1133","2428興勤","110/08/31","永豐金-板橋",6,0,6
"1134","2428興勤","110/08/31","台灣摩根士丹利",7,16,-9
"1135","2428興勤","110/08/31","永豐金-中正",6,0,6
"1136","2428興勤","110/08/31","永豐金-信義",0,8,-8
"1137","2428興勤","110/08/31","第一金-大稻埕",5,0,5
"1138","2428興勤","110/08/31","富邦-敦南",1,7,-6
"1139","2428興勤","110/08/31","凱基-天母",5,0,5
"1140","2428興勤","110/08/31","元大-屏東",0,6,-6
"1141","3176基亞","110/08/31","日盛-桃園",27,0,27
"1142","3176基亞","110/08/31","富邦-台北",0,126,-126
"1143","3176基亞","110/08/31","統一-土城",20,0,20
"1144","3176基亞","110/08/31","元大-大益",0,32,-32
"1145","3176基亞","110/08/31","富邦-羅東",21,1,20
"1146","3176基亞","110/08/31","台灣摩根士丹利",0,9,-9
"1147","3176基亞","110/08/31","摩根大通",16,0,16
"1148","3176基亞","110/08/31","統一-汐止",0,9,-9
"1149","3176基亞","110/08/31","永豐金-北高雄",15,0,15
"1150","3176基亞","110/08/31","凱基-湖口",0,9,-9
"1151","3176基亞","110/08/31","大慶-苗栗",10,0,10
"1152","3176基亞","110/08/31","華南永昌-公誠",1,10,-9
"1153","3176基亞","110/08/31","大慶-富順",10,0,10
"1154","3176基亞","110/08/31","元富-同大",1,8,-7
"1155","3176基亞","110/08/31","台新-左楠",10,0,10
"1156","3176基亞","110/08/31","凱基-台北",0,7,-7
"1157","3176基亞","110/08/31","華南永昌",11,1,10
"1158","3176基亞","110/08/31","元大-士林",1,8,-7
"1159","3176基亞","110/08/31","群益金鼎-高雄",8,1,7
"1160","3176基亞","110/08/31","元大-新營",0,7,-7
"1161","3176基亞","110/08/31","富邦-仁愛",6,0,6
"1162","3176基亞","110/08/31","新加坡商瑞銀",2,8,-6
"1163","3176基亞","110/08/31","宏遠-中和",5,0,5
"1164","3176基亞","110/08/31","中國信託-永康",0,6,-6
"1165","3176基亞","110/08/31","元富-草屯",5,0,5
"1166","3176基亞","110/08/31","元大-彰化民生",0,6,-6
"1167","3176基亞","110/08/31","台新-台中",5,0,5
"1168","3176基亞","110/08/31","永豐金-羅東",0,6,-6
"1169","3176基亞","110/08/31","群益金鼎-嘉義",5,0,5
"1170","3176基亞","110/08/31","國泰-館前",0,5,-5
"1171","2409友達","110/08/31","摩根大通",12388,3383,9005
"1172","2409友達","110/08/31","香港上海匯豐",651,24651,-24000
"1173","2409友達","110/08/31","美林",8491,2090,6401
"1174","2409友達","110/08/31","台灣摩根士丹利",4000,24791,-20791
"1175","2409友達","110/08/31","合庫證券",5242,27,5215
"1176","2409友達","110/08/31","永豐金證券",1612,6074,-4462
"1177","2409友達","110/08/31","台灣匯立證券",3859,0,3859
"1178","2409友達","110/08/31","花旗環球",81,3901,-3820
"1179","2409友達","110/08/31","瑞士信貸",4073,283,3790
"1180","2409友達","110/08/31","港商野村",3031,6453,-3422
"1181","2409友達","110/08/31","(牛牛牛)亞證券",3233,0,3233
"1182","2409友達","110/08/31","元大證券",1580,4157,-2577
"1183","2409友達","110/08/31","富邦證券",3021,57,2964
"1184","2409友達","110/08/31","凱基-員林",33,2035,-2002
"1185","2409友達","110/08/31","新加坡商瑞銀",3845,1353,2492
"1186","2409友達","110/08/31","法銀巴黎",348,1702,-1354
"1187","2409友達","110/08/31","寶盛",2013,0,2013
"1188","2409友達","110/08/31","凱基-東港",507,1794,-1287
"1189","2409友達","110/08/31","宏遠-館前",2233,286,1947
"1190","2409友達","110/08/31","元大-博愛",54,1174,-1120
"1191","2409友達","110/08/31","凱基-台北",4372,2949,1423
"1192","2409友達","110/08/31","日盛-中壢",92,1079,-987
"1193","2409友達","110/08/31","港商麥格理",1513,297,1216
"1194","2409友達","110/08/31","第一金-中壢",129,1071,-942
"1195","2409友達","110/08/31","日盛證券",1200,109,1091
"1196","2409友達","110/08/31","元大-豐原",85,933,-848
"1197","2409友達","110/08/31","美商高盛",2007,1058,949
"1198","2409友達","110/08/31","元大-北屯",107,871,-764
"1199","2409友達","110/08/31","元富-台南",857,3,854
"1200","2409友達","110/08/31","群益金鼎",53,722,-669
"1201","1315達新","110/08/31","元大-文心興安",6,0,6
"1202","1315達新","110/08/31","花旗環球",0,10,-10
"1203","1315達新","110/08/31","美林",8,3,5
"1204","1315達新","110/08/31","高橋-龍潭",0,7,-7
"1205","1315達新","110/08/31","致和-東門",5,0,5
"1206","1315達新","110/08/31","凱基-岡山",0,6,-6
"1207","1315達新","110/08/31","豐農",4,0,4
"1208","1315達新","110/08/31","華南永昌-彰化",0,5,-5
"1209","1315達新","110/08/31","美商高盛",3,0,3
"1210","1315達新","110/08/31","台新證券",2,5,-3
"1211","1315達新","110/08/31","富邦-永和",3,0,3
"1212","1315達新","110/08/31","元大-八德",0,3,-3
"1213","1315達新","110/08/31","元大-虎尾",3,0,3
"1214","1315達新","110/08/31","新百王",0,2,-2
"1215","1315達新","110/08/31","元大-花蓮",3,0,3
"1216","1315達新","110/08/31","兆豐-公益",0,2,-2
"1217","1315達新","110/08/31","第一金-豐原",2,0,2
"1218","1315達新","110/08/31","國泰-敦南",2,4,-2
"1219","1315達新","110/08/31","玉山證券",2,0,2
"1220","1315達新","110/08/31","元大-萬華",0,2,-2
"1221","1315達新","110/08/31","群益金鼎-新莊",2,0,2
"1222","1315達新","110/08/31","永豐金-中正",0,2,-2
"1223","1315達新","110/08/31","永豐金-敦南",2,0,2
"1224","1315達新","110/08/31","元富-虎尾",0,1,-1
"1225","1315達新","110/08/31","港商法國興業",1,0,1
"1226","1315達新","110/08/31","元富-文心",0,1,-1
"1227","1315達新","110/08/31","亞東-板橋",1,0,1
"1228","1315達新","110/08/31","凱基-桃園",0,1,-1
"1229","1315達新","110/08/31","兆豐-台南",1,0,1
"1230","1315達新","110/08/31","華南永昌-長虹",0,1,-1
"1231","2609陽明","110/08/31","港商麥格理",2365,7,2358
"1232","2609陽明","110/08/31","康和",70,7383,-7313
"1233","2609陽明","110/08/31","台灣摩根士丹利",4559,2270,2289
"1234","2609陽明","110/08/31","永豐金-信義",20,3830,-3810
"1235","2609陽明","110/08/31","美林",2036,829,1207
"1236","2609陽明","110/08/31","兆豐-大安",19,3214,-3195
"1237","2609陽明","110/08/31","花旗環球",810,24,786
"1238","2609陽明","110/08/31","瑞士信貸",1526,3530,-2004
"1239","2609陽明","110/08/31","新光-新竹",962,211,751
"1240","2609陽明","110/08/31","新加坡商瑞銀",576,2446,-1870
"1241","2609陽明","110/08/31","統一-新台中",578,32,546
"1242","2609陽明","110/08/31","凱基-台北",2645,4077,-1432
"1243","2609陽明","110/08/31","港商法國興業",519,8,511
"1244","2609陽明","110/08/31","富邦證券",1404,2833,-1429
"1245","2609陽明","110/08/31","元富",539,140,399
"1246","2609陽明","110/08/31","兆豐-三民",57,1026,-969
"1247","2609陽明","110/08/31","國泰-敦南",1724,1347,377
"1248","2609陽明","110/08/31","統一-仁愛",926,1805,-879
"1249","2609陽明","110/08/31","新光",1890,1520,370
"1250","2609陽明","110/08/31","華南永昌-南京",240,691,-451
"1251","2609陽明","110/08/31","第一金-桃園",429,100,329
"1252","2609陽明","110/08/31","日盛-文化",21,458,-437
"1253","2609陽明","110/08/31","陽信-石牌",350,48,302
"1254","2609陽明","110/08/31","群益金鼎-大安",58,418,-360
"1255","2609陽明","110/08/31","凱基-民權",278,21,257
"1256","2609陽明","110/08/31","台新-三民",90,446,-356
"1257","2609陽明","110/08/31","華南永昌-台中",339,92,247
"1258","2609陽明","110/08/31","日盛證券",155,503,-348
"1259","2609陽明","110/08/31","摩根大通",2595,2358,237
"1260","2609陽明","110/08/31","元大證券",1007,1299,-292
"1261","2636台驊投控","110/08/31","群益金鼎-敦南",149,2,147
"1262","2636台驊投控","110/08/31","日盛-台中",3,200,-197
"1263","2636台驊投控","110/08/31","亞東",137,3,134
"1264","2636台驊投控","110/08/31","統一-新台中",0,165,-165
"1265","2636台驊投控","110/08/31","臺銀-高雄",94,4,90
"1266","2636台驊投控","110/08/31","美商高盛",8,140,-132
"1267","2636台驊投控","110/08/31","宏遠-館前",52,0,52
"1268","2636台驊投控","110/08/31","瑞士信貸",89,213,-124
"1269","2636台驊投控","110/08/31","群益金鼎-古亭",44,4,40
"1270","2636台驊投控","110/08/31","富邦-虎尾",5,105,-100
"1271","2636台驊投控","110/08/31","永豐金-敦南",41,3,38
"1272","2636台驊投控","110/08/31","新加坡商瑞銀",11,71,-60
"1273","2636台驊投控","110/08/31","永豐金-大園",35,0,35
"1274","2636台驊投控","110/08/31","台灣摩根士丹利",43,101,-58
"1275","2636台驊投控","110/08/31","港商野村",372,343,29
"1276","2636台驊投控","110/08/31","凱基-台北",166,200,-34
"1277","2636台驊投控","110/08/31","凱基-桃園",28,3,25
"1278","2636台驊投控","110/08/31","凱基-中山",0,30,-30
"1279","2636台驊投控","110/08/31","凱基-南崁",25,1,24
"1280","2636台驊投控","110/08/31","台新-台南",5,33,-28
"1281","2636台驊投控","110/08/31","新光",67,46,21
"1282","2636台驊投控","110/08/31","日盛-復興",3,26,-23
"1283","2636台驊投控","110/08/31","台灣企銀-岡山",20,0,20
"1284","2636台驊投控","110/08/31","凱基-高美館",9,31,-22
"1285","2636台驊投控","110/08/31","合庫-自強",24,5,19
"1286","2636台驊投控","110/08/31","第一金-桃園",8,28,-20
"1287","2636台驊投控","110/08/31","元大-東門",20,1,19
"1288","2636台驊投控","110/08/31","摩根大通",67,87,-20
"1289","2636台驊投控","110/08/31","康和-石牌",16,0,16
"1290","2636台驊投控","110/08/31","永豐金-台南",3,23,-20
"1291","2867三商壽","110/08/31","美商高盛",202,34,168
"1292","2867三商壽","110/08/31","摩根大通",159,436,-277
"1293","2867三商壽","110/08/31","統一-平鎮",160,1,159
"1294","2867三商壽","110/08/31","凱基-台北",66,209,-143
"1295","2867三商壽","110/08/31","兆豐-岡山",110,0,110
"1296","2867三商壽","110/08/31","新光-新竹",0,101,-101
"1297","2867三商壽","110/08/31","元富-佳里",106,0,106
"1298","2867三商壽","110/08/31","富邦-三重",0,91,-91
"1299","2867三商壽","110/08/31","玉山-城中",100,0,100
"1300","2867三商壽","110/08/31","元大-太平",0,85,-85
"1301","2867三商壽","110/08/31","凱基-南崁",100,0,100
"1302","2867三商壽","110/08/31","元大-永春",0,75,-75
"1303","2867三商壽","110/08/31","瑞士信貸",98,1,97
"1304","2867三商壽","110/08/31","美林",65,116,-51
"1305","2867三商壽","110/08/31","華南永昌-朴子",80,0,80
"1306","2867三商壽","110/08/31","玉山-台大",0,50,-50
"1307","2867三商壽","110/08/31","凱基",73,0,73
"1308","2867三商壽","110/08/31","永豐金-新莊",0,50,-50
"1309","2867三商壽","110/08/31","元大-沙鹿",70,0,70
"1310","2867三商壽","110/08/31","永豐金-市政",0,50,-50
"1311","2867三商壽","110/08/31","元富-大昌",57,0,57
"1312","2867三商壽","110/08/31","港商野村",27,72,-45
"1313","2867三商壽","110/08/31","國泰-台中",64,10,54
"1314","2867三商壽","110/08/31","宏遠-台中",0,39,-39
"1315","2867三商壽","110/08/31","凱基-高雄",50,0,50
"1316","2867三商壽","110/08/31","宏遠證券",0,38,-38
"1317","2867三商壽","110/08/31","元大-桃園",50,0,50
"1318","2867三商壽","110/08/31","新光",22,55,-33
"1319","2867三商壽","110/08/31","華南永昌",46,2,44
"1320","2867三商壽","110/08/31","元大-開元",0,33,-33
"1321","5521工信","110/08/31","國票-敦北法人",411,0,411
"1322","5521工信","110/08/31","凱基-台北",144,477,-333
"1323","5521工信","110/08/31","光和-溪湖",150,0,150
"1324","5521工信","110/08/31","永豐金證券",0,200,-200
"1325","5521工信","110/08/31","元富",124,0,124
"1326","5521工信","110/08/31","港商野村",0,166,-166
"1327","5521工信","110/08/31","摩根大通",151,57,94
"1328","5521工信","110/08/31","統一-員林",0,70,-70
"1329","5521工信","110/08/31","富邦-員林",68,0,68
"1330","5521工信","110/08/31","台新-台中",0,62,-62
"1331","5521工信","110/08/31","元富-板橋",66,0,66
"1332","5521工信","110/08/31","永豐金-中正",0,50,-50
"1333","5521工信","110/08/31","第一金-新竹",40,4,36
"1334","5521工信","110/08/31","群益金鼎-基隆",0,34,-34
"1335","5521工信","110/08/31","新百王",32,0,32
"1336","5521工信","110/08/31","美商高盛",0,33,-33
"1337","5521工信","110/08/31","(牛牛牛)亞-鑫豐",32,6,26
"1338","5521工信","110/08/31","元大-台中",0,30,-30
"1339","5521工信","110/08/31","群益金鼎-大甲",21,0,21
"1340","5521工信","110/08/31","元大-南屯",10,35,-25
"1341","5521工信","110/08/31","華南永昌",36,15,21
"1342","5521工信","110/08/31","國泰-新莊",0,21,-21
"1343","5521工信","110/08/31","康和-澎湖",20,0,20
"1344","5521工信","110/08/31","元大-六合",0,20,-20
"1345","5521工信","110/08/31","元大-佳里",20,0,20
"1346","5521工信","110/08/31","國泰-台中",1,20,-19
"1347","5521工信","110/08/31","元大-沙鹿",19,0,19
"1348","5521工信","110/08/31","富邦-高雄",0,19,-19
"1349","5521工信","110/08/31","元富-基隆",15,0,15
"1350","5521工信","110/08/31","元大-斗六",1,20,-19
"1351","1471首利","110/08/31","永豐金-員林",25,0,25
"1352","1471首利","110/08/31","群益金鼎-東大",0,51,-51
"1353","1471首利","110/08/31","大昌-桃園",20,0,20
"1354","1471首利","110/08/31","元大-清水",5,40,-35
"1355","1471首利","110/08/31","華南永昌-中正",20,0,20
"1356","1471首利","110/08/31","臺銀",0,32,-32
"1357","1471首利","110/08/31","臺銀-臺中",15,0,15
"1358","1471首利","110/08/31","凱基-科園",0,32,-32
"1359","1471首利","110/08/31","大慶-富順",15,0,15
"1360","1471首利","110/08/31","元大-台南",0,30,-30
"1361","1471首利","110/08/31","台新-松江",15,0,15
"1362","1471首利","110/08/31","富邦-陽明",0,16,-16
"1363","1471首利","110/08/31","港商法國興業",13,0,13
"1364","1471首利","110/08/31","凱基-台北",0,13,-13
"1365","1471首利","110/08/31","瑞士信貸",11,0,11
"1366","1471首利","110/08/31","元大-竹科",0,11,-11
"1367","1471首利","110/08/31","日盛-鳳山",10,0,10
"1368","1471首利","110/08/31","美林",3,10,-7
"1369","1471首利","110/08/31","富邦-中壢",10,0,10
"1370","1471首利","110/08/31","玉山-大里",0,7,-7
"1371","1471首利","110/08/31","元大-中壢",10,0,10
"1372","1471首利","110/08/31","元富-安南",0,6,-6
"1373","1471首利","110/08/31","元大-板橋",10,0,10
"1374","1471首利","110/08/31","大昌-新店",0,6,-6
"1375","1471首利","110/08/31","台新-左楠",9,0,9
"1376","1471首利","110/08/31","元大-斗信",0,6,-6
"1377","1471首利","110/08/31","永豐金-三重",9,0,9
"1378","1471首利","110/08/31","元大-花蓮",0,5,-5
"1379","1471首利","110/08/31","國泰-台南",10,2,8
"1380","1471首利","110/08/31","永豐金-高雄",5,10,-5
"1381","2883開發金","110/08/31","新加坡商瑞銀",5199,2017,3182
"1382","2883開發金","110/08/31","香港上海匯豐",0,10048,-10048
"1383","2883開發金","110/08/31","亞東-新竹",2900,216,2684
"1384","2883開發金","110/08/31","元大證券",555,10482,-9927
"1385","2883開發金","110/08/31","瑞士信貸",2653,204,2449
"1386","2883開發金","110/08/31","第一金-忠孝",133,1540,-1407
"1387","2883開發金","110/08/31","台灣摩根士丹利",4184,2771,1413
"1388","2883開發金","110/08/31","摩根大通",1383,2786,-1403
"1389","2883開發金","110/08/31","富邦-永和",1249,146,1103
"1390","2883開發金","110/08/31","永豐金-板橋",5,1306,-1301
"1391","2883開發金","110/08/31","花旗環球",1908,911,997
"1392","2883開發金","110/08/31","國票-南京",5,1035,-1030
"1393","2883開發金","110/08/31","華南永昌-竹北",859,18,841
"1394","2883開發金","110/08/31","兆豐-三民",41,997,-956
"1395","2883開發金","110/08/31","元大-大灣",824,39,785
"1396","2883開發金","110/08/31","福勝",4,402,-398
"1397","2883開發金","110/08/31","日盛-台中",640,8,632
"1398","2883開發金","110/08/31","第一金-豐原",12,403,-391
"1399","2883開發金","110/08/31","港商法國興業",564,0,564
"1400","2883開發金","110/08/31","國泰-館前",102,484,-382
"1401","2883開發金","110/08/31","元富",795,258,537
"1402","2883開發金","110/08/31","兆豐-內湖",5,375,-370
"1403","2883開發金","110/08/31","國票-長城",507,4,503
"1404","2883開發金","110/08/31","法銀巴黎",154,513,-359
"1405","2883開發金","110/08/31","台灣企銀-竹北",500,0,500
"1406","2883開發金","110/08/31","統一",112,468,-356
"1407","2883開發金","110/08/31","華南永昌-中正",628,130,498
"1408","2883開發金","110/08/31","兆豐-桃園",87,435,-348
"1409","2883開發金","110/08/31","富邦-台中",456,40,416
"1410","2883開發金","110/08/31","富邦-仁愛",106,418,-312
"1411","6205詮欣","110/08/31","港商法國興業",13,0,13
"1412","6205詮欣","110/08/31","元大-中和",0,35,-35
"1413","6205詮欣","110/08/31","華南永昌-長虹",10,0,10
"1414","6205詮欣","110/08/31","台新證券",0,6,-6
"1415","6205詮欣","110/08/31","瑞士信貸",4,0,4
"1416","6205詮欣","110/08/31","玉山-左營",0,3,-3
"1417","6205詮欣","110/08/31","統一-屏東",3,0,3
"1418","6205詮欣","110/08/31","群益金鼎-三重",0,2,-2
"1419","6205詮欣","110/08/31","台中銀",3,0,3
"1420","6205詮欣","110/08/31","元大-汐止",0,2,-2
"1421","6205詮欣","110/08/31","元大-民雄",3,0,3
"1422","6205詮欣","110/08/31","日盛-台中",0,1,-1
"1423","6205詮欣","110/08/31","臺銀-民權",2,0,2
"1424","6205詮欣","110/08/31","美商高盛",0,1,-1
"1425","6205詮欣","110/08/31","國票-中和",2,0,2
"1426","6205詮欣","110/08/31","花旗環球",0,1,-1
"1427","6205詮欣","110/08/31","摩根大通",4,2,2
"1428","6205詮欣","110/08/31","國票-博愛",0,1,-1
"1429","6205詮欣","110/08/31","康和-板橋",2,0,2
"1430","6205詮欣","110/08/31","凱基-和平",0,1,-1
"1431","6205詮欣","110/08/31","富邦-苗栗",2,0,2
"1432","6205詮欣","110/08/31","富邦-陽明",0,1,-1
"1433","6205詮欣","110/08/31","美林",1,0,1
"1434","6205詮欣","110/08/31","臺銀-高雄",0,0,0
"1435","6205詮欣","110/08/31","第一金-大稻埕",1,0,1
"1436","6205詮欣","110/08/31","元大-大里",1,1,0
"1437","6205詮欣","110/08/31","第一金-路竹",1,0,1
"1438","6205詮欣","110/08/31","",NA,NA,NA
"1439","6205詮欣","110/08/31","元富-桃園",1,0,1
"1440","6205詮欣","110/08/31","",NA,NA,NA
"1441","1540喬福","110/08/31","日盛-樹林",5,0,5
"1442","1540喬福","110/08/31","富邦-中壢",0,19,-19
"1443","1540喬福","110/08/31","安泰",5,0,5
"1444","1540喬福","110/08/31","日盛-南京",0,6,-6
"1445","1540喬福","110/08/31","凱基-中壢",4,0,4
"1446","1540喬福","110/08/31","富邦-虎尾",0,4,-4
"1447","1540喬福","110/08/31","新光-台南",4,0,4
"1448","1540喬福","110/08/31","元富-中原",0,2,-2
"1449","1540喬福","110/08/31","土銀-新竹",2,0,2
"1450","1540喬福","110/08/31","美林",0,1,-1
"1451","1540喬福","110/08/31","元大-東蘆",2,0,2
"1452","1540喬福","110/08/31","美商高盛",0,1,-1
"1453","1540喬福","110/08/31","富邦-高雄",2,0,2
"1454","1540喬福","110/08/31","花旗環球",0,1,-1
"1455","1540喬福","110/08/31","凱基-斗六",2,0,2
"1456","1540喬福","110/08/31","元富",0,1,-1
"1457","1540喬福","110/08/31","合庫證券",2,0,2
"1458","1540喬福","110/08/31","康和-板橋",0,1,-1
"1459","1540喬福","110/08/31","群益金鼎-永和",2,0,2
"1460","1540喬福","110/08/31","元富-中港",0,0,0
"1461","1540喬福","110/08/31","國泰-忠孝",1,0,1
"1462","1540喬福","110/08/31","致和-南京",2,2,0
"1463","1540喬福","110/08/31","凱基",1,0,1
"1464","1540喬福","110/08/31","凱基-竹北",0,0,0
"1465","1540喬福","110/08/31","台新證券",1,0,1
"1466","1540喬福","110/08/31","凱基-竹科",0,0,0
"1467","1540喬福","110/08/31","國票-台南",1,0,1
"1468","1540喬福","110/08/31","元大-內湖",0,0,0
"1469","1540喬福","110/08/31","大昌",1,0,1
"1470","1540喬福","110/08/31","永豐金-中盛",0,0,0
"1471","2888新光金","110/08/31","元大證券",14689,281,14408
"1472","2888新光金","110/08/31","美商高盛",230,8929,-8699
"1473","2888新光金","110/08/31","元大-館前",3112,34,3078
"1474","2888新光金","110/08/31","美林",3678,9122,-5444
"1475","2888新光金","110/08/31","日盛-台中",2979,11,2968
"1476","2888新光金","110/08/31","亞東-新竹",30,4195,-4165
"1477","2888新光金","110/08/31","國泰-台南",1886,83,1803
"1478","2888新光金","110/08/31","凱基-台北",1467,5223,-3756
"1479","2888新光金","110/08/31","台灣摩根士丹利",5981,4550,1431
"1480","2888新光金","110/08/31","群益金鼎-崇德",14,2881,-2867
"1481","2888新光金","110/08/31","元大-大益",1444,45,1399
"1482","2888新光金","110/08/31","國票-南京",2,2505,-2503
"1483","2888新光金","110/08/31","兆豐-寶成",1436,61,1375
"1484","2888新光金","110/08/31","元富-城東",28,2075,-2047
"1485","2888新光金","110/08/31","瑞士信貸",2357,1139,1218
"1486","2888新光金","110/08/31","永豐金證券",197,2020,-1823
"1487","2888新光金","110/08/31","群益金鼎-彰化",1186,35,1151
"1488","2888新光金","110/08/31","摩根大通",2340,4119,-1779
"1489","2888新光金","110/08/31","兆豐-台中港",1205,99,1106
"1490","2888新光金","110/08/31","合庫證券",149,1703,-1554
"1491","2888新光金","110/08/31","(牛牛牛)亞-網路",1107,27,1080
"1492","2888新光金","110/08/31","元富-文心",22,1493,-1471
"1493","2888新光金","110/08/31","元大-豐原",1491,544,947
"1494","2888新光金","110/08/31","港商野村",288,1540,-1252
"1495","2888新光金","110/08/31","臺銀-金山",865,125,740
"1496","2888新光金","110/08/31","新加坡商瑞銀",1936,3101,-1165
"1497","2888新光金","110/08/31","元大-中壢",913,195,718
"1498","2888新光金","110/08/31","統一-新台中",54,1199,-1145
"1499","2888新光金","110/08/31","合庫-嘉義",740,74,666
"1500","2888新光金","110/08/31","華南永昌-台中",66,1192,-1126
"1501","1340勝悅","110/08/31","美林",11,1,10
"1502","1340勝悅","110/08/31","台中銀",0,15,-15
"1503","1340勝悅","110/08/31","日盛-忠孝",7,0,7
"1504","1340勝悅","110/08/31","安泰",0,8,-8
"1505","1340勝悅","110/08/31","臺灣企銀-埔墘",5,0,5
"1506","1340勝悅","110/08/31","摩根大通",0,6,-6
"1507","1340勝悅","110/08/31","瑞士信貸",5,0,5
"1508","1340勝悅","110/08/31","第一金-豐原",0,5,-5
"1509","1340勝悅","110/08/31","永豐金-三重",5,0,5
"1510","1340勝悅","110/08/31","元富-世貿",0,5,-5
"1511","1340勝悅","110/08/31","美商高盛",3,0,3
"1512","1340勝悅","110/08/31","國票-台東",0,5,-5
"1513","1340勝悅","110/08/31","玉山-左營",3,0,3
"1514","1340勝悅","110/08/31","永豐金-南投",0,5,-5
"1515","1340勝悅","110/08/31","國泰-敦南",3,0,3
"1516","1340勝悅","110/08/31","富邦-台中",0,4,-4
"1517","1340勝悅","110/08/31","元大-松江",3,0,3
"1518","1340勝悅","110/08/31","玉山-板橋",0,3,-3
"1519","1340勝悅","110/08/31","新光",2,0,2
"1520","1340勝悅","110/08/31","元大-彰化民生",0,3,-3
"1521","1340勝悅","110/08/31","群益金鼎-崇德",2,0,2
"1522","1340勝悅","110/08/31","(牛牛牛)亞-鑫豐",8,10,-2
"1523","1340勝悅","110/08/31","元大-東泰",2,0,2
"1524","1340勝悅","110/08/31","元大-竹山",0,2,-2
"1525","1340勝悅","110/08/31","國泰-新莊",1,0,1
"1526","1340勝悅","110/08/31","第一金-新竹",0,1,-1
"1527","1340勝悅","110/08/31","群益金鼎-高盛",1,0,1
"1528","1340勝悅","110/08/31","凱基-竹北",0,1,-1
"1529","1340勝悅","110/08/31","群益金鼎-館前",1,0,1
"1530","1340勝悅","110/08/31","統一-城中",0,0,0
"1531","6246臺龍","110/08/31","元富-宜蘭",13,0,13
"1532","6246臺龍","110/08/31","華南永昌-頭份",0,20,-20
"1533","6246臺龍","110/08/31","國票-桃園",6,0,6
"1534","6246臺龍","110/08/31","致和-台北",0,14,-14
"1535","6246臺龍","110/08/31","凱基-台北",5,0,5
"1536","6246臺龍","110/08/31","元大-博愛",0,7,-7
"1537","6246臺龍","110/08/31","國票-敦北法人",4,0,4
"1538","6246臺龍","110/08/31","群益金鼎-古亭",0,5,-5
"1539","6246臺龍","110/08/31","台新-屏東",3,0,3
"1540","6246臺龍","110/08/31","合庫-西台中",0,3,-3
"1541","6246臺龍","110/08/31","日盛-內湖",2,0,2
"1542","6246臺龍","110/08/31","群益金鼎-土城",0,3,-3
"1543","6246臺龍","110/08/31","日盛-大墩",2,0,2
"1544","6246臺龍","110/08/31","第一金-自由",0,2,-2
"1545","6246臺龍","110/08/31","元富-屏東",2,0,2
"1546","6246臺龍","110/08/31","台新證券",1,3,-2
"1547","6246臺龍","110/08/31","凱基-桃園",2,0,2
"1548","6246臺龍","110/08/31","台新-三民",0,2,-2
"1549","6246臺龍","110/08/31","華南永昌",2,0,2
"1550","6246臺龍","110/08/31","凱基-東門",0,2,-2
"1551","6246臺龍","110/08/31","元大-豐原站前",2,0,2
"1552","6246臺龍","110/08/31","元大-府城",0,2,-2
"1553","6246臺龍","110/08/31","元大-小港",2,0,2
"1554","6246臺龍","110/08/31","永豐金-新竹",0,2,-2
"1555","6246臺龍","110/08/31","元大-北屯",2,0,2
"1556","6246臺龍","110/08/31","日盛證券",0,1,-1
"1557","6246臺龍","110/08/31","日盛-新莊",1,0,1
"1558","6246臺龍","110/08/31","港商野村",0,1,-1
"1559","6246臺龍","110/08/31","元富-安南",1,0,1
"1560","6246臺龍","110/08/31","元大-沙鹿",0,1,-1
"1561","00715L期街口布蘭特正2","110/08/31","永豐金證券",4504,25,4479
"1562","00715L期街口布蘭特正2","110/08/31","元大-斗六",0,1401,-1401
"1563","00715L期街口布蘭特正2","110/08/31","元大證券",4224,444,3780
"1564","00715L期街口布蘭特正2","110/08/31","永豐金-台中",20,970,-950
"1565","00715L期街口布蘭特正2","110/08/31","國票",2499,0,2499
"1566","00715L期街口布蘭特正2","110/08/31","凱基-高美館",0,746,-746
"1567","00715L期街口布蘭特正2","110/08/31","群益金鼎",1981,0,1981
"1568","00715L期街口布蘭特正2","110/08/31","兆豐-中壢",0,737,-737
"1569","00715L期街口布蘭特正2","110/08/31","元富",1195,0,1195
"1570","00715L期街口布蘭特正2","110/08/31","群益金鼎-中壢",0,573,-573
"1571","00715L期街口布蘭特正2","110/08/31","國票-中港",1000,0,1000
"1572","00715L期街口布蘭特正2","110/08/31","富邦-彰化",100,606,-506
"1573","00715L期街口布蘭特正2","110/08/31","凱基-城中",1001,35,966
"1574","00715L期街口布蘭特正2","110/08/31","元大-金門",0,475,-475
"1575","00715L期街口布蘭特正2","110/08/31","康和",959,0,959
"1576","00715L期街口布蘭特正2","110/08/31","凱基-高雄",0,431,-431
"1577","00715L期街口布蘭特正2","110/08/31","統一",886,0,886
"1578","00715L期街口布蘭特正2","110/08/31","新光",43,382,-339
"1579","00715L期街口布蘭特正2","110/08/31","凱基-台北",684,0,684
"1580","00715L期街口布蘭特正2","110/08/31","元富-文心",21,341,-320
"1581","00715L期街口布蘭特正2","110/08/31","群益金鼎-宜蘭",653,7,646
"1582","00715L期街口布蘭特正2","110/08/31","富邦-嘉義",5,316,-311
"1583","00715L期街口布蘭特正2","110/08/31","永豐金-三重",625,0,625
"1584","00715L期街口布蘭特正2","110/08/31","新光-桃園",42,339,-297
"1585","00715L期街口布蘭特正2","110/08/31","合庫證券",605,10,595
"1586","00715L期街口布蘭特正2","110/08/31","台新-台南",0,290,-290
"1587","00715L期街口布蘭特正2","110/08/31","兆豐-台中",502,0,502
"1588","00715L期街口布蘭特正2","110/08/31","富邦-中壢",0,284,-284
"1589","00715L期街口布蘭特正2","110/08/31","台新-松江",500,0,500
"1590","00715L期街口布蘭特正2","110/08/31","台中銀-豐原",5,265,-260
"1591","8941關中","110/08/31","元大-金華",3,0,3
"1592","8941關中","110/08/31","臺銀-新竹",0,3,-3
"1593","8941關中","110/08/31","永豐金-三重",3,0,3
"1594","8941關中","110/08/31","富邦-仁愛",0,2,-2
"1595","8941關中","110/08/31","國泰-新莊",2,0,2
"1596","8941關中","110/08/31","統一-彰化",0,1,-1
"1597","8941關中","110/08/31","富邦-左營",0,0,0
"1598","8941關中","110/08/31","凱基-台北",0,1,-1
"1599","8941關中","110/08/31","元大-桃興",1,1,0
"1600","8941關中","110/08/31","元大-路竹",0,1,-1
"1601","8941關中","110/08/31","永豐金-南投",0,0,0
"1602","8941關中","110/08/31","富邦-左營",0,0,0
"1603","8941關中","110/08/31","",NA,NA,NA
"1604","8941關中","110/08/31","元大-桃興",1,1,0
"1605","8941關中","110/08/31","",NA,NA,NA
"1606","8941關中","110/08/31","永豐金-南投",0,0,0
"1607","8941關中","110/08/31","",NA,NA,NA
"1608","8941關中","110/08/31","",NA,NA,NA
"1609","8941關中","110/08/31","",NA,NA,NA
"1610","8941關中","110/08/31","",NA,NA,NA
"1611","8941關中","110/08/31","",NA,NA,NA
"1612","8941關中","110/08/31","",NA,NA,NA
"1613","8941關中","110/08/31","",NA,NA,NA
"1614","8941關中","110/08/31","",NA,NA,NA
"1615","8941關中","110/08/31","",NA,NA,NA
"1616","8941關中","110/08/31","",NA,NA,NA
"1617","8941關中","110/08/31","",NA,NA,NA
"1618","8941關中","110/08/31","",NA,NA,NA
"1619","8941關中","110/08/31","",NA,NA,NA
"1620","8941關中","110/08/31","",NA,NA,NA
"1621","8936國統","110/08/31","摩根大通",222,7,215
"1622","8936國統","110/08/31","永豐金-高雄",0,100,-100
"1623","8936國統","110/08/31","台灣摩根士丹利",152,0,152
"1624","8936國統","110/08/31","台新-高雄",75,147,-72
"1625","8936國統","110/08/31","美商高盛",153,3,150
"1626","8936國統","110/08/31","統一-金門",0,45,-45
"1627","8936國統","110/08/31","華南永昌-高雄",142,12,130
"1628","8936國統","110/08/31","凱基-信義",1,30,-29
"1629","8936國統","110/08/31","新加坡商瑞銀",83,9,74
"1630","8936國統","110/08/31","新光-高雄",6,33,-27
"1631","8936國統","110/08/31","港商野村",62,4,58
"1632","8936國統","110/08/31","元大-天母",2,26,-24
"1633","8936國統","110/08/31","永豐金-彰化",50,20,30
"1634","8936國統","110/08/31","元大-博愛",1,23,-22
"1635","8936國統","110/08/31","元富-敦南",19,0,19
"1636","8936國統","110/08/31","元大-員林",0,20,-20
"1637","8936國統","110/08/31","凱基-台北",90,71,19
"1638","8936國統","110/08/31","元大-佳里",0,19,-19
"1639","8936國統","110/08/31","富邦-員林",20,4,16
"1640","8936國統","110/08/31","國泰-高雄",0,18,-18
"1641","8936國統","110/08/31","日盛-豐原",15,0,15
"1642","8936國統","110/08/31","國泰-敦南",6,23,-17
"1643","8936國統","110/08/31","瑞士信貸",15,0,15
"1644","8936國統","110/08/31","富邦-羅東",0,16,-16
"1645","8936國統","110/08/31","第一金-華江",15,0,15
"1646","8936國統","110/08/31","凱基-員林",0,15,-15
"1647","8936國統","110/08/31","美林",15,1,14
"1648","8936國統","110/08/31","新光-桃園",0,12,-12
"1649","8936國統","110/08/31","玉山-高雄",16,3,13
"1650","8936國統","110/08/31","台新-左楠",0,11,-11
"1651","6226光鼎","110/08/31","美商高盛",617,39,578
"1652","6226光鼎","110/08/31","國泰-敦南",37,130,-93
"1653","6226光鼎","110/08/31","港商野村",256,59,197
"1654","6226光鼎","110/08/31","元大-員林中山",5,81,-76
"1655","6226光鼎","110/08/31","美林",201,59,142
"1656","6226光鼎","110/08/31","宏遠-光隆",0,65,-65
"1657","6226光鼎","110/08/31","摩根大通",166,78,88
"1658","6226光鼎","110/08/31","新光",21,75,-54
"1659","6226光鼎","110/08/31","群益金鼎-鳳山",91,3,88
"1660","6226光鼎","110/08/31","永全-南崁",0,40,-40
"1661","6226光鼎","110/08/31","亞東-高雄",60,0,60
"1662","6226光鼎","110/08/31","群益金鼎-忠孝",3,40,-37
"1663","6226光鼎","110/08/31","新加坡商瑞銀",44,4,40
"1664","6226光鼎","110/08/31","台新證券",11,47,-36
"1665","6226光鼎","110/08/31","凱基-台北",45,15,30
"1666","6226光鼎","110/08/31","凱基-中山",0,36,-36
"1667","6226光鼎","110/08/31","元大-新竹經國",31,1,30
"1668","6226光鼎","110/08/31","元大-大灣",0,34,-34
"1669","6226光鼎","110/08/31","兆豐-松德",27,0,27
"1670","6226光鼎","110/08/31","元大-東泰",0,33,-33
"1671","6226光鼎","110/08/31","日盛-員林",29,3,26
"1672","6226光鼎","110/08/31","日盛-八德",11,42,-31
"1673","6226光鼎","110/08/31","元大-小港",29,3,26
"1674","6226光鼎","110/08/31","元富-城中",0,30,-30
"1675","6226光鼎","110/08/31","新光-台中",25,4,21
"1676","6226光鼎","110/08/31","永豐金-台中",3,33,-30
"1677","6226光鼎","110/08/31","群益金鼎-土城",20,0,20
"1678","6226光鼎","110/08/31","群益金鼎-中壢",1,27,-26
"1679","6226光鼎","110/08/31","華南永昌-台中",30,10,20
"1680","6226光鼎","110/08/31","元大-北港",0,26,-26
"1681","2363矽統","110/08/31","康和-台中",674,11,663
"1682","2363矽統","110/08/31","瑞士信貸",0,1792,-1792
"1683","2363矽統","110/08/31","台灣摩根士丹利",210,10,200
"1684","2363矽統","110/08/31","凱基-台北",886,1639,-753
"1685","2363矽統","110/08/31","國泰-敦南",360,168,192
"1686","2363矽統","110/08/31","第一金-桃園",22,620,-598
"1687","2363矽統","110/08/31","元大-前金",267,89,178
"1688","2363矽統","110/08/31","港商野村",242,834,-592
"1689","2363矽統","110/08/31","元大-大統",166,14,152
"1690","2363矽統","110/08/31","凱基-站前",85,565,-480
"1691","2363矽統","110/08/31","日盛-中和",139,8,131
"1692","2363矽統","110/08/31","國票-南港",2,409,-407
"1693","2363矽統","110/08/31","陽信-石牌",141,18,123
"1694","2363矽統","110/08/31","元大-承德",5,402,-397
"1695","2363矽統","110/08/31","第一金-新竹",399,286,113
"1696","2363矽統","110/08/31","台新-新莊",15,308,-293
"1697","2363矽統","110/08/31","國票-博愛",111,3,108
"1698","2363矽統","110/08/31","兆豐-公益",9,223,-214
"1699","2363矽統","110/08/31","元大-士林",119,12,107
"1700","2363矽統","110/08/31","第一金-豐原",40,211,-171
"1701","2363矽統","110/08/31","永豐金-敦南",125,22,103
"1702","2363矽統","110/08/31","永豐金-台中",8,171,-163
"1703","2363矽統","110/08/31","永豐金-中壢",103,0,103
"1704","2363矽統","110/08/31","元大-南勢角",8,135,-127
"1705","2363矽統","110/08/31","彰銀-台中",101,1,100
"1706","2363矽統","110/08/31","群益金鼎",8,126,-118
"1707","2363矽統","110/08/31","台新-台中",113,28,85
"1708","2363矽統","110/08/31","富邦-嘉義",91,209,-118
"1709","2363矽統","110/08/31","臺銀-臺南",94,11,83
"1710","2363矽統","110/08/31","美商高盛",90,206,-116
"1711","8112至上","110/08/31","香港上海匯豐",442,37,405
"1712","8112至上","110/08/31","第一金-頭份",2,99,-97
"1713","8112至上","110/08/31","美林",91,8,83
"1714","8112至上","110/08/31","富邦-仁愛",1,73,-72
"1715","8112至上","110/08/31","凱基-內埔",45,0,45
"1716","8112至上","110/08/31","臺灣企銀-桃園",0,70,-70
"1717","8112至上","110/08/31","國票-南京",40,0,40
"1718","8112至上","110/08/31","法銀巴黎",0,49,-49
"1719","8112至上","110/08/31","元大-士林",42,2,40
"1720","8112至上","110/08/31","元大-仁愛",1,50,-49
"1721","8112至上","110/08/31","瑞士信貸",38,0,38
"1722","8112至上","110/08/31","大昌-桃園",0,40,-40
"1723","8112至上","110/08/31","元大-楊梅",30,0,30
"1724","8112至上","110/08/31","花旗環球",0,30,-30
"1725","8112至上","110/08/31","(牛牛牛)亞-鑫豐",23,0,23
"1726","8112至上","110/08/31","群益金鼎-瑞豐",0,30,-30
"1727","8112至上","110/08/31","富邦-虎尾",24,1,23
"1728","8112至上","110/08/31","日盛-雙和",9,37,-28
"1729","8112至上","110/08/31","群益金鼎-東門",21,0,21
"1730","8112至上","110/08/31","國泰-板橋",0,28,-28
"1731","8112至上","110/08/31","元大-永和",21,0,21
"1732","8112至上","110/08/31","台灣摩根士丹利",24,47,-23
"1733","8112至上","110/08/31","元大-新盛",20,0,20
"1734","8112至上","110/08/31","富邦-南屯",0,20,-20
"1735","8112至上","110/08/31","凱基-士林",19,0,19
"1736","8112至上","110/08/31","元大-小港",0,20,-20
"1737","8112至上","110/08/31","永豐金-竹科",18,0,18
"1738","8112至上","110/08/31","玉山-士林",1,20,-19
"1739","8112至上","110/08/31","凱基-松山",20,4,16
"1740","8112至上","110/08/31","群益金鼎-基隆",2,21,-19
"1741","1570力肯","110/08/31","香港上海匯豐",53,0,53
"1742","1570力肯","110/08/31","元大-板橋",11,60,-49
"1743","1570力肯","110/08/31","凱基-市政",30,1,29
"1744","1570力肯","110/08/31","群益金鼎-北高雄",0,27,-27
"1745","1570力肯","110/08/31","第一金-嘉義",20,0,20
"1746","1570力肯","110/08/31","元富-世貿",0,20,-20
"1747","1570力肯","110/08/31","台新-台南",20,0,20
"1748","1570力肯","110/08/31","永豐金-中壢",0,19,-19
"1749","1570力肯","110/08/31","宏遠-光隆",20,1,19
"1750","1570力肯","110/08/31","兆豐-員林",0,17,-17
"1751","1570力肯","110/08/31","康和-高雄",18,0,18
"1752","1570力肯","110/08/31","摩根大通",0,16,-16
"1753","1570力肯","110/08/31","日茂-南投",17,0,17
"1754","1570力肯","110/08/31","凱基-台北",20,35,-15
"1755","1570力肯","110/08/31","台新-台中",17,1,16
"1756","1570力肯","110/08/31","元大-竹南",1,16,-15
"1757","1570力肯","110/08/31","兆豐-天母",15,0,15
"1758","1570力肯","110/08/31","新光",8,22,-14
"1759","1570力肯","110/08/31","元大-鳳中",18,4,14
"1760","1570力肯","110/08/31","(牛牛牛)亞-鑫豐",11,23,-12
"1761","1570力肯","110/08/31","合庫-嘉義",10,0,10
"1762","1570力肯","110/08/31","臺銀-臺南",0,11,-11
"1763","1570力肯","110/08/31","日盛-員林",10,0,10
"1764","1570力肯","110/08/31","日盛-八德",0,11,-11
"1765","1570力肯","110/08/31","元富-草屯",10,0,10
"1766","1570力肯","110/08/31","富邦-北港",0,11,-11
"1767","1570力肯","110/08/31","國票-九鼎",10,0,10
"1768","1570力肯","110/08/31","日茂",0,10,-10
"1769","1570力肯","110/08/31","國泰-台中",10,0,10
"1770","1570力肯","110/08/31","凱基-東勢",0,10,-10
"1771","2929淘帝","110/08/31","美林",47,2,45
"1772","2929淘帝","110/08/31","元富-敦南",0,121,-121
"1773","2929淘帝","110/08/31","兆豐-大同",37,0,37
"1774","2929淘帝","110/08/31","元富-彰化",0,20,-20
"1775","2929淘帝","110/08/31","摩根大通",27,0,27
"1776","2929淘帝","110/08/31","新加坡商瑞銀",0,15,-15
"1777","2929淘帝","110/08/31","港商野村",52,31,21
"1778","2929淘帝","110/08/31","元大-豐原站前",0,10,-10
"1779","2929淘帝","110/08/31","大昌",10,0,10
"1780","2929淘帝","110/08/31","台新證券",0,5,-5
"1781","2929淘帝","110/08/31","港商法國興業",8,0,8
"1782","2929淘帝","110/08/31","華南永昌-台中",0,5,-5
"1783","2929淘帝","110/08/31","瑞士信貸",6,0,6
"1784","2929淘帝","110/08/31","元大-士林",0,4,-4
"1785","2929淘帝","110/08/31","元大-大雅",6,0,6
"1786","2929淘帝","110/08/31","光和-嘉義",0,3,-3
"1787","2929淘帝","110/08/31","第一金-忠孝",5,0,5
"1788","2929淘帝","110/08/31","臺銀-金山",0,2,-2
"1789","2929淘帝","110/08/31","凱基-東門",5,0,5
"1790","2929淘帝","110/08/31","日盛-雙和",0,2,-2
"1791","2929淘帝","110/08/31","凱基-台北",7,2,5
"1792","2929淘帝","110/08/31","元富-三重",0,2,-2
"1793","2929淘帝","110/08/31","永豐金-板橋",5,0,5
"1794","2929淘帝","110/08/31","元富-中原",0,2,-2
"1795","2929淘帝","110/08/31","元富-新竹",4,0,4
"1796","2929淘帝","110/08/31","(牛牛牛)亞-鑫豐",0,2,-2
"1797","2929淘帝","110/08/31","玉山-士林",4,0,4
"1798","2929淘帝","110/08/31","中國信託",0,2,-2
"1799","2929淘帝","110/08/31","兆豐-桃鶯",3,0,3
"1800","2929淘帝","110/08/31","大昌-新竹",0,2,-2
"1801","5410國眾","110/08/31","永豐金-內湖",20,0,20
"1802","5410國眾","110/08/31","群益金鼎-民權",0,28,-28
"1803","5410國眾","110/08/31","臺銀-臺南",4,0,4
"1804","5410國眾","110/08/31","元大-板橋",0,4,-4
"1805","5410國眾","110/08/31","國泰-台中",4,0,4
"1806","5410國眾","110/08/31","寶盛",0,3,-3
"1807","5410國眾","110/08/31","中國信託-高雄",3,0,3
"1808","5410國眾","110/08/31","兆豐-北高雄",0,3,-3
"1809","5410國眾","110/08/31","台新證券",3,0,3
"1810","5410國眾","110/08/31","國票-和平",0,3,-3
"1811","5410國眾","110/08/31","元大-中壢",3,0,3
"1812","5410國眾","110/08/31","新光",0,3,-3
"1813","5410國眾","110/08/31","新光-台中",2,0,2
"1814","5410國眾","110/08/31","凱基-桃園",0,3,-3
"1815","5410國眾","110/08/31","凱基-科園",2,0,2
"1816","5410國眾","110/08/31","凱基-台南",0,3,-3
"1817","5410國眾","110/08/31","凱基-永康",2,0,2
"1818","5410國眾","110/08/31","富邦-嘉義",0,2,-2
"1819","5410國眾","110/08/31","凱基-興隆",2,0,2
"1820","5410國眾","110/08/31","元大-斗六",0,2,-2
"1821","5410國眾","110/08/31","元大-長庚",2,0,2
"1822","5410國眾","110/08/31","元大-土城學府",0,2,-2
"1823","5410國眾","110/08/31","臺銀-臺中",1,0,1
"1824","5410國眾","110/08/31","永豐金-埔里",0,2,-2
"1825","5410國眾","110/08/31","元富-埔里",1,0,1
"1826","5410國眾","110/08/31","國泰-敦南",0,1,-1
"1827","5410國眾","110/08/31","元富-西松",1,0,1
"1828","5410國眾","110/08/31","群益金鼎-中壢",0,1,-1
"1829","5410國眾","110/08/31","中國信託-永康",1,0,1
"1830","5410國眾","110/08/31","富邦-新店",0,1,-1
"1831","2841台開","110/08/31","宏遠-館前",150,0,150
"1832","2841台開","110/08/31","港商野村",0,171,-171
"1833","2841台開","110/08/31","永豐金-敦南",62,28,34
"1834","2841台開","110/08/31","元大-台中中港",0,39,-39
"1835","2841台開","110/08/31","日盛證券",21,8,13
"1836","2841台開","110/08/31","統一-士林",5,25,-20
"1837","2841台開","110/08/31","大慶-蘆洲",10,0,10
"1838","2841台開","110/08/31","永豐金-復興",0,11,-11
"1839","2841台開","110/08/31","元大-善化",10,0,10
"1840","2841台開","110/08/31","元富-嘉義",0,10,-10
"1841","2841台開","110/08/31","元大-新莊",10,0,10
"1842","2841台開","110/08/31","全泰證券",0,10,-10
"1843","2841台開","110/08/31","大昌-安康",15,6,9
"1844","2841台開","110/08/31","群益金鼎-彰化",0,10,-10
"1845","2841台開","110/08/31","元大-南屯",8,0,8
"1846","2841台開","110/08/31","元大-豐原",0,10,-10
"1847","2841台開","110/08/31","元大-台南",8,0,8
"1848","2841台開","110/08/31","台新證券",0,8,-8
"1849","2841台開","110/08/31","第一金-台南",6,0,6
"1850","2841台開","110/08/31","群益金鼎-丹鳳",0,6,-6
"1851","2841台開","110/08/31","第一金-自由",6,0,6
"1852","2841台開","110/08/31","凱基-鳳山",0,6,-6
"1853","2841台開","110/08/31","台新-台中",6,0,6
"1854","2841台開","110/08/31","元大-大里德芳",0,6,-6
"1855","2841台開","110/08/31","凱基-興隆",6,0,6
"1856","2841台開","110/08/31","日盛-屏東",0,5,-5
"1857","2841台開","110/08/31","元大-屏南",6,0,6
"1858","2841台開","110/08/31","台中銀",0,5,-5
"1859","2841台開","110/08/31","凱基-東港",5,0,5
"1860","2841台開","110/08/31","元大-景美",0,5,-5
"1861","6207雷科","110/08/31","元大-高雄",51,0,51
"1862","6207雷科","110/08/31","(牛牛牛)亞-鑫豐",0,67,-67
"1863","6207雷科","110/08/31","元大-大統",18,0,18
"1864","6207雷科","110/08/31","華南永昌-林口",0,13,-13
"1865","6207雷科","110/08/31","日盛-桃園",15,0,15
"1866","6207雷科","110/08/31","國票-台中",0,12,-12
"1867","6207雷科","110/08/31","群益金鼎-瑞豐",15,1,14
"1868","6207雷科","110/08/31","中國信託-新竹",0,10,-10
"1869","6207雷科","110/08/31","摩根大通",18,5,13
"1870","6207雷科","110/08/31","元大-府城",0,10,-10
"1871","6207雷科","110/08/31","永豐金-高雄",11,0,11
"1872","6207雷科","110/08/31","元大-敦南",0,10,-10
"1873","6207雷科","110/08/31","群益金鼎-新竹",8,0,8
"1874","6207雷科","110/08/31","日盛-台南",0,7,-7
"1875","6207雷科","110/08/31","凱基-中山",6,1,5
"1876","6207雷科","110/08/31","統一-屏東",0,7,-7
"1877","6207雷科","110/08/31","華南永昌-古亭",5,0,5
"1878","6207雷科","110/08/31","元富-中港",0,7,-7
"1879","6207雷科","110/08/31","元大-鳳山",7,2,5
"1880","6207雷科","110/08/31","兆豐-嘉義",0,6,-6
"1881","6207雷科","110/08/31","永豐金-北高雄",5,0,5
"1882","6207雷科","110/08/31","元富-三重",0,5,-5
"1883","6207雷科","110/08/31","富邦-桃園",4,0,4
"1884","6207雷科","110/08/31","元富-新興",0,5,-5
"1885","6207雷科","110/08/31","日盛證券",3,0,3
"1886","6207雷科","110/08/31","日盛-高雄",0,4,-4
"1887","6207雷科","110/08/31","日盛-龍潭",3,0,3
"1888","6207雷科","110/08/31","兆豐-三民",1,5,-4
"1889","6207雷科","110/08/31","富邦-中壢",3,0,3
"1890","6207雷科","110/08/31","合庫-自強",0,3,-3
"1891","3679新至陞","110/08/31","凱基-中山",6,0,6
"1892","3679新至陞","110/08/31","土銀-建國",0,17,-17
"1893","3679新至陞","110/08/31","(牛牛牛)亞-網路",5,0,5
"1894","3679新至陞","110/08/31","凱基-竹科",0,11,-11
"1895","3679新至陞","110/08/31","台中銀-員林",4,0,4
"1896","3679新至陞","110/08/31","摩根大通",1,6,-5
"1897","3679新至陞","110/08/31","國泰-松江",3,0,3
"1898","3679新至陞","110/08/31","玉山-台大",0,4,-4
"1899","3679新至陞","110/08/31","永豐金-南投",3,0,3
"1900","3679新至陞","110/08/31","瑞士信貸",0,2,-2
"1901","3679新至陞","110/08/31","康和-台中",2,0,2
"1902","3679新至陞","110/08/31","國泰-敦南",0,2,-2
"1903","3679新至陞","110/08/31","玉山-高雄",2,0,2
"1904","3679新至陞","110/08/31","永豐金-內湖",0,2,-2
"1905","3679新至陞","110/08/31","元大-新莊",2,0,2
"1906","3679新至陞","110/08/31","台灣摩根士丹利",0,1,-1
"1907","3679新至陞","110/08/31","土銀-台中",1,0,1
"1908","3679新至陞","110/08/31","中國信託",0,1,-1
"1909","3679新至陞","110/08/31","臺銀",1,0,1
"1910","3679新至陞","110/08/31","凱基-新店",0,1,-1
"1911","3679新至陞","110/08/31","臺銀-高雄",1,0,1
"1912","3679新至陞","110/08/31","元大-南海",0,1,-1
"1913","3679新至陞","110/08/31","亞東",1,0,1
"1914","3679新至陞","110/08/31","元大-木柵",0,1,-1
"1915","3679新至陞","110/08/31","統一-敦南",1,0,1
"1916","3679新至陞","110/08/31","元大-東港",0,1,-1
"1917","3679新至陞","110/08/31","大昌-桃園",1,0,1
"1918","3679新至陞","110/08/31","永豐金-敦南",0,1,-1
"1919","3679新至陞","110/08/31","元大-大里",1,0,1
"1920","3679新至陞","110/08/31","元大證券",1,1,0
"1921","2727王品","110/08/31","台灣摩根士丹利",84,8,76
"1922","2727王品","110/08/31","花旗環球",0,30,-30
"1923","2727王品","110/08/31","瑞士信貸",50,6,44
"1924","2727王品","110/08/31","凱基-信義",0,18,-18
"1925","2727王品","110/08/31","華南永昌-鳳山",15,0,15
"1926","2727王品","110/08/31","港商野村",6,22,-16
"1927","2727王品","110/08/31","合庫-新竹",10,1,9
"1928","2727王品","110/08/31","永豐金-苓雅",0,15,-15
"1929","2727王品","110/08/31","合庫-台中",7,0,7
"1930","2727王品","110/08/31","富邦-羅東",0,11,-11
"1931","2727王品","110/08/31","台新證券",14,7,7
"1932","2727王品","110/08/31","中國信託",1,10,-9
"1933","2727王品","110/08/31","安泰",5,0,5
"1934","2727王品","110/08/31","國泰證券",0,9,-9
"1935","2727王品","110/08/31","新光",5,0,5
"1936","2727王品","110/08/31","日盛-中壢",0,7,-7
"1937","2727王品","110/08/31","日盛-屏東",4,0,4
"1938","2727王品","110/08/31","(牛牛牛)亞-鑫豐",1,8,-7
"1939","2727王品","110/08/31","摩根大通",16,12,4
"1940","2727王品","110/08/31","新光-台南",0,7,-7
"1941","2727王品","110/08/31","兆豐-岡山",3,0,3
"1942","2727王品","110/08/31","凱基-市政",5,12,-7
"1943","2727王品","110/08/31","國泰-板橋",5,2,3
"1944","2727王品","110/08/31","統一",1,7,-6
"1945","2727王品","110/08/31","元大-彰化民生",3,0,3
"1946","2727王品","110/08/31","彰銀-七賢",1,6,-5
"1947","2727王品","110/08/31","元大-內湖",5,2,3
"1948","2727王品","110/08/31","彰銀-台中",0,5,-5
"1949","2727王品","110/08/31","永豐金-台中",4,1,3
"1950","2727王品","110/08/31","元大-中壢",0,5,-5
"1951","1570力肯","110/08/31","香港上海匯豐",53,0,53
"1952","1570力肯","110/08/31","元大-板橋",11,60,-49
"1953","1570力肯","110/08/31","凱基-市政",30,1,29
"1954","1570力肯","110/08/31","群益金鼎-北高雄",0,27,-27
"1955","1570力肯","110/08/31","第一金-嘉義",20,0,20
"1956","1570力肯","110/08/31","元富-世貿",0,20,-20
"1957","1570力肯","110/08/31","台新-台南",20,0,20
"1958","1570力肯","110/08/31","永豐金-中壢",0,19,-19
"1959","1570力肯","110/08/31","宏遠-光隆",20,1,19
"1960","1570力肯","110/08/31","兆豐-員林",0,17,-17
"1961","1570力肯","110/08/31","康和-高雄",18,0,18
"1962","1570力肯","110/08/31","摩根大通",0,16,-16
"1963","1570力肯","110/08/31","日茂-南投",17,0,17
"1964","1570力肯","110/08/31","凱基-台北",20,35,-15
"1965","1570力肯","110/08/31","台新-台中",17,1,16
"1966","1570力肯","110/08/31","元大-竹南",1,16,-15
"1967","1570力肯","110/08/31","兆豐-天母",15,0,15
"1968","1570力肯","110/08/31","新光",8,22,-14
"1969","1570力肯","110/08/31","元大-鳳中",18,4,14
"1970","1570力肯","110/08/31","(牛牛牛)亞-鑫豐",11,23,-12
"1971","1570力肯","110/08/31","合庫-嘉義",10,0,10
"1972","1570力肯","110/08/31","臺銀-臺南",0,11,-11
"1973","1570力肯","110/08/31","日盛-員林",10,0,10
"1974","1570力肯","110/08/31","日盛-八德",0,11,-11
"1975","1570力肯","110/08/31","元富-草屯",10,0,10
"1976","1570力肯","110/08/31","富邦-北港",0,11,-11
"1977","1570力肯","110/08/31","國票-九鼎",10,0,10
"1978","1570力肯","110/08/31","日茂",0,10,-10
"1979","1570力肯","110/08/31","國泰-台中",10,0,10
"1980","1570力肯","110/08/31","凱基-東勢",0,10,-10
"1981","6180橘子","110/08/31","美林",80,0,80
"1982","6180橘子","110/08/31","凱基-嘉義",0,75,-75
"1983","6180橘子","110/08/31","凱基-台北",71,6,65
"1984","6180橘子","110/08/31","兆豐證券",0,42,-42
"1985","6180橘子","110/08/31","高橋",17,1,16
"1986","6180橘子","110/08/31","玉山-新莊",0,40,-40
"1987","6180橘子","110/08/31","台灣摩根士丹利",28,13,15
"1988","6180橘子","110/08/31","兆豐-三民",0,20,-20
"1989","6180橘子","110/08/31","美商高盛",24,10,14
"1990","6180橘子","110/08/31","富邦-南屯",2,13,-11
"1991","6180橘子","110/08/31","合庫-自強",10,0,10
"1992","6180橘子","110/08/31","元富-埔里",0,10,-10
"1993","6180橘子","110/08/31","新光-桃園",8,0,8
"1994","6180橘子","110/08/31","玉山-高雄",0,10,-10
"1995","6180橘子","110/08/31","摩根大通",24,17,7
"1996","6180橘子","110/08/31","富邦-竹東",0,10,-10
"1997","6180橘子","110/08/31","華南永昌-朴子",6,0,6
"1998","6180橘子","110/08/31","富邦-陽明",0,9,-9
"1999","6180橘子","110/08/31","國泰-台中",5,0,5
"2000","6180橘子","110/08/31","華南永昌-古亭",3,11,-8
"2001","6180橘子","110/08/31","凱基-東門",5,0,5
"2002","6180橘子","110/08/31","元大-發財",0,8,-8
"2003","6180橘子","110/08/31","凱基-永華",5,0,5
"2004","6180橘子","110/08/31","新光-台中",0,7,-7
"2005","6180橘子","110/08/31","元大證券",5,0,5
"2006","6180橘子","110/08/31","群益金鼎-新店",0,7,-7
"2007","6180橘子","110/08/31","聯邦-嘉義",4,0,4
"2008","6180橘子","110/08/31","永豐金-桃園",0,6,-6
"2009","6180橘子","110/08/31","元大-南屯",4,0,4
"2010","6180橘子","110/08/31","凱基-和平",0,5,-5
"2011","2390云辰","110/08/31","新光-台中",98,11,87
"2012","2390云辰","110/08/31","群益金鼎-敦南",2,56,-54
"2013","2390云辰","110/08/31","兆豐-公益",70,0,70
"2014","2390云辰","110/08/31","日盛-新莊",0,50,-50
"2015","2390云辰","110/08/31","凱基-竹北",67,0,67
"2016","2390云辰","110/08/31","永豐金-竹科",0,50,-50
"2017","2390云辰","110/08/31","華南永昌-麻豆",50,6,44
"2018","2390云辰","110/08/31","港商野村",50,99,-49
"2019","2390云辰","110/08/31","凱基-台北",61,23,38
"2020","2390云辰","110/08/31","兆豐-三民",0,35,-35
"2021","2390云辰","110/08/31","統一",41,5,36
"2022","2390云辰","110/08/31","高橋",1,33,-32
"2023","2390云辰","110/08/31","統一-新營",39,7,32
"2024","2390云辰","110/08/31","統一-屏東",0,30,-30
"2025","2390云辰","110/08/31","富邦-苗栗",22,0,22
"2026","2390云辰","110/08/31","台新-台南",0,25,-25
"2027","2390云辰","110/08/31","第一金-安和",20,0,20
"2028","2390云辰","110/08/31","元大-彰化",0,21,-21
"2029","2390云辰","110/08/31","富邦-羅東",26,6,20
"2030","2390云辰","110/08/31","臺銀-高雄",0,20,-20
"2031","2390云辰","110/08/31","統一-彰化",20,2,18
"2032","2390云辰","110/08/31","凱基-台中",0,20,-20
"2033","2390云辰","110/08/31","華南永昌-內壢",16,0,16
"2034","2390云辰","110/08/31","元大-南屯",6,25,-19
"2035","2390云辰","110/08/31","兆豐-台中",15,0,15
"2036","2390云辰","110/08/31","國泰-敦南",19,37,-18
"2037","2390云辰","110/08/31","元大-中壢",18,3,15
"2038","2390云辰","110/08/31","元大-土城學府",61,78,-17
"2039","2390云辰","110/08/31","台新-中壢",20,7,13
"2040","2390云辰","110/08/31","元大-雙和",4,20,-16
"2041","2834臺企銀","110/08/30","凱基-台北",5495,473,5022
"2042","2834臺企銀","110/08/30","新加坡商瑞銀",2178,10258,-8080
"2043","2834臺企銀","110/08/30","台灣摩根士丹利",4649,0,4649
"2044","2834臺企銀","110/08/30","美商高盛",1692,8522,-6830
"2045","2834臺企銀","110/08/30","美林",4408,656,3752
"2046","2834臺企銀","110/08/30","花旗環球",821,3248,-2427
"2047","2834臺企銀","110/08/30","瑞士信貸",5025,2357,2668
"2048","2834臺企銀","110/08/30","(牛牛牛)亞-鑫豐",66,1298,-1232
"2049","2834臺企銀","110/08/30","元富-虎尾",1361,1,1360
"2050","2834臺企銀","110/08/30","元富-城中",100,1008,-908
"2051","2834臺企銀","110/08/30","元大-草屯",681,126,555
"2052","2834臺企銀","110/08/30","台新-台中",50,668,-618
"2053","2834臺企銀","110/08/30","群益金鼎-彰化",527,0,527
"2054","2834臺企銀","110/08/30","第一金-嘉義",1,590,-589
"2055","2834臺企銀","110/08/30","華南永昌-東昇",500,5,495
"2056","2834臺企銀","110/08/30","中國信託-忠孝",6,550,-544
"2057","2834臺企銀","110/08/30","日盛-竹北",450,0,450
"2058","2834臺企銀","110/08/30","華南永昌-朴子",59,600,-541
"2059","2834臺企銀","110/08/30","華南永昌-虎尾",447,2,445
"2060","2834臺企銀","110/08/30","統一-板橋",154,644,-490
"2061","2834臺企銀","110/08/30","富邦-虎尾",409,5,404
"2062","2834臺企銀","110/08/30","台新-中壢",10,454,-444
"2063","2834臺企銀","110/08/30","元富-嘉義",410,7,403
"2064","2834臺企銀","110/08/30","永豐金證券",14,447,-433
"2065","2834臺企銀","110/08/30","富邦-板橋",427,31,396
"2066","2834臺企銀","110/08/30","元大-大里",14,445,-431
"2067","2834臺企銀","110/08/30","法銀巴黎",434,51,383
"2068","2834臺企銀","110/08/30","永豐金-萬盛",22,449,-427
"2069","2834臺企銀","110/08/30","元大-南海",345,11,334
"2070","2834臺企銀","110/08/30","元大-北投",12,435,-423
"2071","5511德昌","110/08/30","永豐金-市政",94,0,94
"2072","5511德昌","110/08/30","兆豐-台中港",0,50,-50
"2073","5511德昌","110/08/30","華南永昌-忠孝",14,0,14
"2074","5511德昌","110/08/30","致和-崇德",0,10,-10
"2075","5511德昌","110/08/30","元大-北屯",8,0,8
"2076","5511德昌","110/08/30","凱基-新豐",0,8,-8
"2077","5511德昌","110/08/30","永豐金-敦北",8,0,8
"2078","5511德昌","110/08/30","大昌-桃園",0,7,-7
"2079","5511德昌","110/08/30","第一金-台中",4,0,4
"2080","5511德昌","110/08/30","元大-大雅",0,7,-7
"2081","5511德昌","110/08/30","元大-斗信",3,0,3
"2082","5511德昌","110/08/30","富邦-虎尾",0,6,-6
"2083","5511德昌","110/08/30","凱基-台北",3,1,2
"2084","5511德昌","110/08/30","兆豐-北高雄",0,5,-5
"2085","5511德昌","110/08/30","富邦-台北",1,0,1
"2086","5511德昌","110/08/30","元大-鹿港",0,5,-5
"2087","5511德昌","110/08/30","康和-板橋",0,0,0
"2088","5511德昌","110/08/30","華南永昌-世貿",0,5,-5
"2089","5511德昌","110/08/30","康和-南崁",0,0,0
"2090","5511德昌","110/08/30","兆豐-大安",0,4,-4
"2091","5511德昌","110/08/30","新光-台南",0,0,0
"2092","5511德昌","110/08/30","兆豐-來福",0,3,-3
"2093","5511德昌","110/08/30","群益金鼎-鳳山",0,0,0
"2094","5511德昌","110/08/30","國泰-敦南",0,3,-3
"2095","5511德昌","110/08/30","華南永昌-公誠",0,0,0
"2096","5511德昌","110/08/30","玉山-雙和",0,2,-2
"2097","5511德昌","110/08/30","",NA,NA,NA
"2098","5511德昌","110/08/30","玉山-大里",0,2,-2
"2099","5511德昌","110/08/30","",NA,NA,NA
"2100","5511德昌","110/08/30","(牛牛牛)亞-鑫豐",0,2,-2
"2101","2489瑞軒","110/08/30","康和-台中",185,0,185
"2102","2489瑞軒","110/08/30","富邦-仁愛",0,117,-117
"2103","2489瑞軒","110/08/30","瑞士信貸",133,0,133
"2104","2489瑞軒","110/08/30","凱基-五股",0,100,-100
"2105","2489瑞軒","110/08/30","新加坡商瑞銀",77,5,72
"2106","2489瑞軒","110/08/30","康和-石牌",5,100,-95
"2107","2489瑞軒","110/08/30","凱基-台北",78,17,61
"2108","2489瑞軒","110/08/30","日盛-木柵",0,35,-35
"2109","2489瑞軒","110/08/30","美林",66,18,48
"2110","2489瑞軒","110/08/30","第一金-新興",0,30,-30
"2111","2489瑞軒","110/08/30","元富-三重",40,0,40
"2112","2489瑞軒","110/08/30","富邦-新竹",6,32,-26
"2113","2489瑞軒","110/08/30","新光",35,7,28
"2114","2489瑞軒","110/08/30","群益金鼎",0,25,-25
"2115","2489瑞軒","110/08/30","元大-彰化",25,0,25
"2116","2489瑞軒","110/08/30","國泰-敦南",4,27,-23
"2117","2489瑞軒","110/08/30","元大-員林中山",25,0,25
"2118","2489瑞軒","110/08/30","富隆證券",0,20,-20
"2119","2489瑞軒","110/08/30","元大-松江",23,0,23
"2120","2489瑞軒","110/08/30","康和-嘉義",20,40,-20
"2121","2489瑞軒","110/08/30","永豐金-大園",21,0,21
"2122","2489瑞軒","110/08/30","凱基-中港",0,20,-20
"2123","2489瑞軒","110/08/30","大慶-富順",20,0,20
"2124","2489瑞軒","110/08/30","凱基-彰化",0,20,-20
"2125","2489瑞軒","110/08/30","統一-嘉義",20,0,20
"2126","2489瑞軒","110/08/30","元大-東蘆",0,20,-20
"2127","2489瑞軒","110/08/30","元大-汐止",20,0,20
"2128","2489瑞軒","110/08/30","第一金-華江",0,17,-17
"2129","2489瑞軒","110/08/30","元大-樹林",20,0,20
"2130","2489瑞軒","110/08/30","元大-板橋",0,16,-16
"2131","2428興勤","110/08/30","富邦-高雄",31,0,31
"2132","2428興勤","110/08/30","美林",0,26,-26
"2133","2428興勤","110/08/30","元大-南京",16,0,16
"2134","2428興勤","110/08/30","港商野村",2,28,-26
"2135","2428興勤","110/08/30","永興",15,0,15
"2136","2428興勤","110/08/30","台灣摩根士丹利",2,18,-16
"2137","2428興勤","110/08/30","凱基-鳳山",10,0,10
"2138","2428興勤","110/08/30","摩根大通",0,13,-13
"2139","2428興勤","110/08/30","凱基-中山",10,1,9
"2140","2428興勤","110/08/30","元大-八德",0,10,-10
"2141","2428興勤","110/08/30","群益金鼎-屏東",9,1,8
"2142","2428興勤","110/08/30","元大-西門",0,10,-10
"2143","2428興勤","110/08/30","元富-台中",7,1,6
"2144","2428興勤","110/08/30","永豐金證券",1,10,-9
"2145","2428興勤","110/08/30","中國信託",5,0,5
"2146","2428興勤","110/08/30","日盛-竹北",2,10,-8
"2147","2428興勤","110/08/30","兆豐-忠孝",5,0,5
"2148","2428興勤","110/08/30","美商高盛",1,9,-8
"2149","2428興勤","110/08/30","群益金鼎-鳳山",4,0,4
"2150","2428興勤","110/08/30","元大證券",2,9,-7
"2151","2428興勤","110/08/30","元大-敦南",4,0,4
"2152","2428興勤","110/08/30","日盛-中壢",0,6,-6
"2153","2428興勤","110/08/30","永豐金-信義",4,0,4
"2154","2428興勤","110/08/30","統一",0,5,-5
"2155","2428興勤","110/08/30","元富-大昌",3,0,3
"2156","2428興勤","110/08/30","華南永昌",0,4,-4
"2157","2428興勤","110/08/30","(牛牛牛)亞-鑫豐",3,0,3
"2158","2428興勤","110/08/30","元大-大甲",0,3,-3
"2159","2428興勤","110/08/30","富邦-新竹",3,0,3
"2160","2428興勤","110/08/30","日盛-新莊",0,2,-2
"2161","3176基亞","110/08/30","群益金鼎-潭子",31,0,31
"2162","3176基亞","110/08/30","富邦-台北",0,76,-76
"2163","3176基亞","110/08/30","群益金鼎-板橋",20,0,20
"2164","3176基亞","110/08/30","兆豐-三民",0,20,-20
"2165","3176基亞","110/08/30","國泰-敦南",16,1,15
"2166","3176基亞","110/08/30","新加坡商瑞銀",0,13,-13
"2167","3176基亞","110/08/30","永豐金證券",15,0,15
"2168","3176基亞","110/08/30","元富-佳里",0,13,-13
"2169","3176基亞","110/08/30","日盛-桃園",13,0,13
"2170","3176基亞","110/08/30","國泰-板橋",1,14,-13
"2171","3176基亞","110/08/30","國票-北高雄",10,0,10
"2172","3176基亞","110/08/30","元富-桃園",1,12,-11
"2173","3176基亞","110/08/30","華南永昌",10,0,10
"2174","3176基亞","110/08/30","富邦-中壢",0,10,-10
"2175","3176基亞","110/08/30","華南永昌-林口",10,0,10
"2176","3176基亞","110/08/30","富邦-建國",0,10,-10
"2177","3176基亞","110/08/30","富邦-新竹",8,0,8
"2178","3176基亞","110/08/30","元大-楊梅",0,9,-9
"2179","3176基亞","110/08/30","日盛-台南",6,0,6
"2180","3176基亞","110/08/30","臺銀-新竹",0,8,-8
"2181","3176基亞","110/08/30","元富-新店",5,0,5
"2182","3176基亞","110/08/30","玉山-台中",1,8,-7
"2183","3176基亞","110/08/30","兆豐-內湖",5,0,5
"2184","3176基亞","110/08/30","華南永昌-嘉義",0,7,-7
"2185","3176基亞","110/08/30","富邦-花蓮",5,0,5
"2186","3176基亞","110/08/30","元大-南屯",0,7,-7
"2187","3176基亞","110/08/30","元大-豐原",5,0,5
"2188","3176基亞","110/08/30","新光-台南",0,6,-6
"2189","3176基亞","110/08/30","元大-基隆",5,0,5
"2190","3176基亞","110/08/30","元富-大裕",0,5,-5
"2191","2409友達","110/08/30","合庫證券",2480,104,2376
"2192","2409友達","110/08/30","台灣摩根士丹利",1303,13111,-11808
"2193","2409友達","110/08/30","康和",2143,416,1727
"2194","2409友達","110/08/30","美商高盛",946,5209,-4263
"2195","2409友達","110/08/30","瑞士信貸",1713,21,1692
"2196","2409友達","110/08/30","凱基",53,2000,-1947
"2197","2409友達","110/08/30","凱基-員林",1609,4,1605
"2198","2409友達","110/08/30","元富",19,1780,-1761
"2199","2409友達","110/08/30","凱基-東港",1921,570,1351
"2200","2409友達","110/08/30","港商野村",1462,2550,-1088
"2201","2409友達","110/08/30","兆豐證券",1176,17,1159
"2202","2409友達","110/08/30","摩根大通",4521,5376,-855
"2203","2409友達","110/08/30","元大-豐原",1819,949,870
"2204","2409友達","110/08/30","華南永昌-鶯歌",129,957,-828
"2205","2409友達","110/08/30","永豐金證券",1409,547,862
"2206","2409友達","110/08/30","新加坡商瑞銀",185,989,-804
"2207","2409友達","110/08/30","法銀巴黎",837,225,612
"2208","2409友達","110/08/30","中國信託",142,867,-725
"2209","2409友達","110/08/30","大昌-樹林",608,2,606
"2210","2409友達","110/08/30","日盛-永康",209,836,-627
"2211","2409友達","110/08/30","華南永昌-南京",1958,1399,559
"2212","2409友達","110/08/30","玉山-高雄",90,597,-507
"2213","2409友達","110/08/30","群益金鼎",425,9,416
"2214","2409友達","110/08/30","永豐金-板橋",7,482,-475
"2215","2409友達","110/08/30","台灣企銀-北高雄",403,0,403
"2216","2409友達","110/08/30","花旗環球",121,591,-470
"2217","2409友達","110/08/30","台灣匯立證券",546,153,393
"2218","2409友達","110/08/30","元大證券",1282,1608,-326
"2219","2409友達","110/08/30","元富-安南",661,320,341
"2220","2409友達","110/08/30","富邦-中壢",111,354,-243
"2221","1315達新","110/08/30","凱基-中港",17,0,17
"2222","1315達新","110/08/30","香港上海匯豐",0,46,-46
"2223","1315達新","110/08/30","凱基-板橋",15,0,15
"2224","1315達新","110/08/30","元富-板橋",0,21,-21
"2225","1315達新","110/08/30","統一-城中",10,0,10
"2226","1315達新","110/08/30","元大-文心興安",0,19,-19
"2227","1315達新","110/08/30","豐農",9,0,9
"2228","1315達新","110/08/30","台灣企銀-民雄",0,10,-10
"2229","1315達新","110/08/30","美林",17,10,7
"2230","1315達新","110/08/30","群益金鼎-桃園",2,10,-8
"2231","1315達新","110/08/30","美商高盛",9,2,7
"2232","1315達新","110/08/30","元大-四維",0,5,-5
"2233","1315達新","110/08/30","凱基-台北",7,0,7
"2234","1315達新","110/08/30","華南永昌-彰化",0,4,-4
"2235","1315達新","110/08/30","凱基-岡山",6,0,6
"2236","1315達新","110/08/30","台灣企銀-台中",0,3,-3
"2237","1315達新","110/08/30","華南永昌-台中",5,0,5
"2238","1315達新","110/08/30","新光",0,3,-3
"2239","1315達新","110/08/30","富邦-台北",5,0,5
"2240","1315達新","110/08/30","日盛-樹林",0,2,-2
"2241","1315達新","110/08/30","日盛-二林",3,0,3
"2242","1315達新","110/08/30","元大-雙和",0,2,-2
"2243","1315達新","110/08/30","日盛-和美",3,0,3
"2244","1315達新","110/08/30","元大-桃園",0,2,-2
"2245","1315達新","110/08/30","台新證券",3,0,3
"2246","1315達新","110/08/30","永豐金-中盛",0,2,-2
"2247","1315達新","110/08/30","國泰-敦南",4,1,3
"2248","1315達新","110/08/30","合庫-彰化",0,1,-1
"2249","1315達新","110/08/30","台灣摩根士丹利",2,0,2
"2250","1315達新","110/08/30","合庫-鳳山",0,1,-1
"2251","2609陽明","110/08/30","摩根大通",2955,864,2091
"2252","2609陽明","110/08/30","富邦證券",946,2220,-1274
"2253","2609陽明","110/08/30","凱基-台北",2436,1058,1378
"2254","2609陽明","110/08/30","凱基-斗六",1,1007,-1006
"2255","2609陽明","110/08/30","新加坡商瑞銀",771,0,771
"2256","2609陽明","110/08/30","統一-士林",128,996,-868
"2257","2609陽明","110/08/30","兆豐-虎尾",822,67,755
"2258","2609陽明","110/08/30","永豐金-虎尾",774,1318,-544
"2259","2609陽明","110/08/30","華南永昌-竹北",805,178,627
"2260","2609陽明","110/08/30","宏遠證券",344,864,-520
"2261","2609陽明","110/08/30","美林",1702,1259,443
"2262","2609陽明","110/08/30","台灣摩根士丹利",198,638,-440
"2263","2609陽明","110/08/30","元大證券",755,478,277
"2264","2609陽明","110/08/30","元大-內湖",48,467,-419
"2265","2609陽明","110/08/30","兆豐-板橋",382,108,274
"2266","2609陽明","110/08/30","凱基-城中",48,415,-367
"2267","2609陽明","110/08/30","凱基-桃園",394,129,265
"2268","2609陽明","110/08/30","致和-台北",0,360,-360
"2269","2609陽明","110/08/30","美商高盛",399,146,253
"2270","2609陽明","110/08/30","群益金鼎-大安",40,351,-311
"2271","2609陽明","110/08/30","華南永昌-三重",454,213,241
"2272","2609陽明","110/08/30","兆豐-復興",21,324,-303
"2273","2609陽明","110/08/30","兆豐-寶成",281,69,212
"2274","2609陽明","110/08/30","日盛-復興",41,271,-230
"2275","2609陽明","110/08/30","日盛證券",427,228,199
"2276","2609陽明","110/08/30","元大-彰化民生",29,224,-195
"2277","2609陽明","110/08/30","玉山-嘉義",235,39,196
"2278","2609陽明","110/08/30","群益金鼎",284,467,-183
"2279","2609陽明","110/08/30","國票-台中",578,391,187
"2280","2609陽明","110/08/30","統一-三多",24,198,-174
"2281","2636台驊投控","110/08/30","華南永昌-竹北",399,1,398
"2282","2636台驊投控","110/08/30","港商野村",279,397,-118
"2283","2636台驊投控","110/08/30","日盛-台中",232,5,227
"2284","2636台驊投控","110/08/30","摩根大通",72,183,-111
"2285","2636台驊投控","110/08/30","新光-新竹",231,12,219
"2286","2636台驊投控","110/08/30","元富-大昌",14,70,-56
"2287","2636台驊投控","110/08/30","瑞士信貸",227,30,197
"2288","2636台驊投控","110/08/30","元大-北屯",0,51,-51
"2289","2636台驊投控","110/08/30","兆豐-中壢",141,0,141
"2290","2636台驊投控","110/08/30","永豐金-嘉義",1,52,-51
"2291","2636台驊投控","110/08/30","富邦-虎尾",186,86,100
"2292","2636台驊投控","110/08/30","統一-中壢",0,41,-41
"2293","2636台驊投控","110/08/30","台灣摩根士丹利",166,78,88
"2294","2636台驊投控","110/08/30","國泰-敦南",66,97,-31
"2295","2636台驊投控","110/08/30","兆豐-斗南",87,0,87
"2296","2636台驊投控","110/08/30","美商高盛",62,91,-29
"2297","2636台驊投控","110/08/30","元大-南京",50,6,44
"2298","2636台驊投控","110/08/30","新光",30,59,-29
"2299","2636台驊投控","110/08/30","新加坡商瑞銀",69,30,39
"2300","2636台驊投控","110/08/30","新光-台中",6,31,-25
"2301","2636台驊投控","110/08/30","宏遠-館前",39,1,38
"2302","2636台驊投控","110/08/30","台新-三民",0,23,-23
"2303","2636台驊投控","110/08/30","凱基-中山",34,2,32
"2304","2636台驊投控","110/08/30","凱基-台南",10,32,-22
"2305","2636台驊投控","110/08/30","台新-台南",33,4,29
"2306","2636台驊投控","110/08/30","元大-大雅",1,23,-22
"2307","2636台驊投控","110/08/30","凱基-台北",229,200,29
"2308","2636台驊投控","110/08/30","高橋-內壢",1,22,-21
"2309","2636台驊投控","110/08/30","台中銀-台北",27,0,27
"2310","2636台驊投控","110/08/30","康和-高雄",2,23,-21
"2311","2867三商壽","110/08/30","美林",736,19,717
"2312","2867三商壽","110/08/30","元富-佳里",0,541,-541
"2313","2867三商壽","110/08/30","元富-民權",450,0,450
"2314","2867三商壽","110/08/30","永豐金-埔里",2,331,-329
"2315","2867三商壽","110/08/30","華南永昌-大安",352,0,352
"2316","2867三商壽","110/08/30","華南永昌-高雄",1,202,-201
"2317","2867三商壽","110/08/30","元富-新興",304,4,300
"2318","2867三商壽","110/08/30","富邦-桃園",0,135,-135
"2319","2867三商壽","110/08/30","兆豐-北高雄",280,5,275
"2320","2867三商壽","110/08/30","華南永昌-虎尾",0,132,-132
"2321","2867三商壽","110/08/30","摩根大通",257,18,239
"2322","2867三商壽","110/08/30","玉山-台中",2,132,-130
"2323","2867三商壽","110/08/30","新加坡商瑞銀",231,0,231
"2324","2867三商壽","110/08/30","國泰證券",0,120,-120
"2325","2867三商壽","110/08/30","群益金鼎-土城",218,5,213
"2326","2867三商壽","110/08/30","永豐金-中盛",5,123,-118
"2327","2867三商壽","110/08/30","永豐金-豐原",200,0,200
"2328","2867三商壽","110/08/30","元富-潮州",0,115,-115
"2329","2867三商壽","110/08/30","臺銀",190,2,188
"2330","2867三商壽","110/08/30","群益金鼎-東門",0,114,-114
"2331","2867三商壽","110/08/30","國泰-台中",308,148,160
"2332","2867三商壽","110/08/30","台新-台中",0,112,-112
"2333","2867三商壽","110/08/30","富邦-新店",150,0,150
"2334","2867三商壽","110/08/30","國泰-板橋",1,106,-105
"2335","2867三商壽","110/08/30","群益金鼎-北高雄",130,18,112
"2336","2867三商壽","110/08/30","元大-沙鹿",21,111,-90
"2337","2867三商壽","110/08/30","美商高盛",173,68,105
"2338","2867三商壽","110/08/30","新光-台中",90,174,-84
"2339","2867三商壽","110/08/30","聯邦-富強",100,0,100
"2340","2867三商壽","110/08/30","台新-高雄",7,86,-79
"2341","5521工信","110/08/30","摩根大通",397,0,397
"2342","5521工信","110/08/30","康和-高雄",0,200,-200
"2343","5521工信","110/08/30","元富",358,0,358
"2344","5521工信","110/08/30","香港上海匯豐",0,113,-113
"2345","5521工信","110/08/30","凱基-台北",208,23,185
"2346","5521工信","110/08/30","華南永昌-民權",0,100,-100
"2347","5521工信","110/08/30","美商高盛",181,9,172
"2348","5521工信","110/08/30","元富-新店",2,80,-78
"2349","5521工信","110/08/30","台灣摩根士丹利",160,19,141
"2350","5521工信","110/08/30","國泰-敦南",14,87,-73
"2351","5521工信","110/08/30","華南永昌",94,1,93
"2352","5521工信","110/08/30","兆豐-忠孝",0,67,-67
"2353","5521工信","110/08/30","美林",92,3,89
"2354","5521工信","110/08/30","國票-和平",0,66,-66
"2355","5521工信","110/08/30","華南永昌-中正",55,0,55
"2356","5521工信","110/08/30","元大-新莊",0,66,-66
"2357","5521工信","110/08/30","富邦-台北",50,3,47
"2358","5521工信","110/08/30","日盛-忠孝",0,50,-50
"2359","5521工信","110/08/30","兆豐-西螺",20,0,20
"2360","5521工信","110/08/30","新光-高雄",1,31,-30
"2361","5521工信","110/08/30","國票",20,0,20
"2362","5521工信","110/08/30","玉山-雙和",0,30,-30
"2363","5521工信","110/08/30","富邦-羅東",20,0,20
"2364","5521工信","110/08/30","(牛牛牛)亞-鑫豐",5,33,-28
"2365","5521工信","110/08/30","元大-北成功",20,0,20
"2366","5521工信","110/08/30","元富-文心",12,39,-27
"2367","5521工信","110/08/30","國泰-板橋",31,12,19
"2368","5521工信","110/08/30","群益金鼎-丹鳳",0,26,-26
"2369","5521工信","110/08/30","新百王",18,0,18
"2370","5521工信","110/08/30","日盛-高雄",0,24,-24
"2371","1471首利","110/08/30","元大-虎尾",27,0,27
"2372","1471首利","110/08/30","群益金鼎-東大",0,49,-49
"2373","1471首利","110/08/30","凱基-科園",23,0,23
"2374","1471首利","110/08/30","元大-斗信",0,24,-24
"2375","1471首利","110/08/30","新光",15,0,15
"2376","1471首利","110/08/30","臺銀-臺中",0,20,-20
"2377","1471首利","110/08/30","永豐金-三重",11,0,11
"2378","1471首利","110/08/30","美林",0,18,-18
"2379","1471首利","110/08/30","日盛-屏東",10,0,10
"2380","1471首利","110/08/30","凱基-松山",0,12,-12
"2381","1471首利","110/08/30","台新-松江",10,0,10
"2382","1471首利","110/08/30","元富-埔里",0,10,-10
"2383","1471首利","110/08/30","合庫-台中",7,0,7
"2384","1471首利","110/08/30","永豐金-敦北",0,10,-10
"2385","1471首利","110/08/30","日盛-八德",7,0,7
"2386","1471首利","110/08/30","臺銀-鳳山",0,5,-5
"2387","1471首利","110/08/30","日盛-高雄",15,9,6
"2388","1471首利","110/08/30","統一-屏東",0,5,-5
"2389","1471首利","110/08/30","(牛牛牛)亞-鑫豐",6,0,6
"2390","1471首利","110/08/30","元富-烏日",0,5,-5
"2391","1471首利","110/08/30","富邦-仁愛",6,0,6
"2392","1471首利","110/08/30","玉山-桃園",0,5,-5
"2393","1471首利","110/08/30","統一-台南",5,0,5
"2394","1471首利","110/08/30","凱基-三重",0,5,-5
"2395","1471首利","110/08/30","國泰-敦南",6,1,5
"2396","1471首利","110/08/30","凱基-板橋",0,5,-5
"2397","1471首利","110/08/30","凱基-高雄",5,0,5
"2398","1471首利","110/08/30","富邦-高雄",0,5,-5
"2399","1471首利","110/08/30","凱基-城中",5,0,5
"2400","1471首利","110/08/30","元大-左營",0,5,-5
"2401","2883開發金","110/08/30","國票-南京",3819,33,3786
"2402","2883開發金","110/08/30","兆豐證券",21,5003,-4982
"2403","2883開發金","110/08/30","凱基-台北",6596,2919,3677
"2404","2883開發金","110/08/30","第一金-忠孝",48,3082,-3034
"2405","2883開發金","110/08/30","美林",3606,23,3583
"2406","2883開發金","110/08/30","新光",496,1843,-1347
"2407","2883開發金","110/08/30","永豐金證券",3376,93,3283
"2408","2883開發金","110/08/30","玉山-大里",84,1010,-926
"2409","2883開發金","110/08/30","美商高盛",2717,599,2118
"2410","2883開發金","110/08/30","台中銀-員林",10,795,-785
"2411","2883開發金","110/08/30","國票-長城",2056,18,2038
"2412","2883開發金","110/08/30","玉山-高雄",150,860,-710
"2413","2883開發金","110/08/30","臺銀-新竹",2933,1133,1800
"2414","2883開發金","110/08/30","港商麥格理",0,676,-676
"2415","2883開發金","110/08/30","統一",1871,181,1690
"2416","2883開發金","110/08/30","元大-民雄",42,709,-667
"2417","2883開發金","110/08/30","富邦-建國",1672,182,1490
"2418","2883開發金","110/08/30","兆豐-來福",40,678,-638
"2419","2883開發金","110/08/30","永豐金-板橋",1302,2,1300
"2420","2883開發金","110/08/30","華南永昌-中正",145,649,-504
"2421","2883開發金","110/08/30","宏遠證券",1170,44,1126
"2422","2883開發金","110/08/30","凱基-三重",40,540,-500
"2423","2883開發金","110/08/30","法銀巴黎",1059,10,1049
"2424","2883開發金","110/08/30","國泰-台中",154,606,-452
"2425","2883開發金","110/08/30","華南永昌",1089,115,974
"2426","2883開發金","110/08/30","玉山-新竹",18,427,-409
"2427","2883開發金","110/08/30","瑞士信貸",1162,231,931
"2428","2883開發金","110/08/30","國票-安和",14,399,-385
"2429","2883開發金","110/08/30","兆豐-三民",901,14,887
"2430","2883開發金","110/08/30","凱基-站前",80,462,-382
"2431","6205詮欣","110/08/30","台中銀",7,0,7
"2432","6205詮欣","110/08/30","永豐金-敦南",0,5,-5
"2433","6205詮欣","110/08/30","臺銀-臺中",5,0,5
"2434","6205詮欣","110/08/30","第一金-路竹",0,5,-5
"2435","6205詮欣","110/08/30","台新證券",3,0,3
"2436","6205詮欣","110/08/30","元大-屏東",0,3,-3
"2437","6205詮欣","110/08/30","臺銀-民權",2,0,2
"2438","6205詮欣","110/08/30","華南永昌-朴子",0,3,-3
"2439","6205詮欣","110/08/30","光和",2,0,2
"2440","6205詮欣","110/08/30","永豐金證券",0,2,-2
"2441","6205詮欣","110/08/30","元大-豐原站前",1,0,1
"2442","6205詮欣","110/08/30","凱基-中壢",0,1,-1
"2443","6205詮欣","110/08/30","元大-館前",1,0,1
"2444","6205詮欣","110/08/30","元大-開元",0,1,-1
"2445","6205詮欣","110/08/30","元大-松山",1,0,1
"2446","6205詮欣","110/08/30","日盛-台南",0,1,-1
"2447","6205詮欣","110/08/30","大昌-樹林",1,0,1
"2448","6205詮欣","110/08/30","凱基-永康",0,1,-1
"2449","6205詮欣","110/08/30","元富-潮州",1,0,1
"2450","6205詮欣","110/08/30","國票-博愛",0,1,-1
"2451","6205詮欣","110/08/30","美林",1,0,1
"2452","6205詮欣","110/08/30","元富-文心",0,1,-1
"2453","6205詮欣","110/08/30","日盛-新莊",1,0,1
"2454","6205詮欣","110/08/30","統一-松江",0,1,-1
"2455","6205詮欣","110/08/30","兆豐-永和",0,0,0
"2456","6205詮欣","110/08/30","大慶-台南",0,1,-1
"2457","6205詮欣","110/08/30","群益金鼎-台中",0,0,0
"2458","6205詮欣","110/08/30","群益金鼎-台中",0,0,0
"2459","6205詮欣","110/08/30","富邦-台北",0,0,0
"2460","6205詮欣","110/08/30","富邦-台北",0,0,0
"2461","1540喬福","110/08/30","玉山-大里",14,0,14
"2462","1540喬福","110/08/30","凱基-興隆",0,12,-12
"2463","1540喬福","110/08/30","華南永昌-公誠",10,0,10
"2464","1540喬福","110/08/30","國票-中正",0,5,-5
"2465","1540喬福","110/08/30","元大-龍潭",6,0,6
"2466","1540喬福","110/08/30","玉山-板橋",0,5,-5
"2467","1540喬福","110/08/30","國票-台南",5,0,5
"2468","1540喬福","110/08/30","玉山-左營",0,5,-5
"2469","1540喬福","110/08/30","凱基-中壢",3,0,3
"2470","1540喬福","110/08/30","玉山-數位",0,4,-4
"2471","1540喬福","110/08/30","兆豐-內湖",2,0,2
"2472","1540喬福","110/08/30","元大-大安",0,4,-4
"2473","1540喬福","110/08/30","元大-土城永寧",2,0,2
"2474","1540喬福","110/08/30","台新-台中",0,3,-3
"2475","1540喬福","110/08/30","合庫證券",1,0,1
"2476","1540喬福","110/08/30","國泰-敦南",0,3,-3
"2477","1540喬福","110/08/30","日盛-士林",1,0,1
"2478","1540喬福","110/08/30","元富-緯城",0,2,-2
"2479","1540喬福","110/08/30","台灣摩根士丹利",1,0,1
"2480","1540喬福","110/08/30","富邦-仁愛",0,2,-2
"2481","1540喬福","110/08/30","元富",2,1,1
"2482","1540喬福","110/08/30","第一金-員林",0,1,-1
"2483","1540喬福","110/08/30","兆豐-鹿港",1,0,1
"2484","1540喬福","110/08/30","統一-三多",0,1,-1
"2485","1540喬福","110/08/30","凱基-內埔",1,0,1
"2486","1540喬福","110/08/30","元富-虎尾",0,1,-1
"2487","1540喬福","110/08/30","元大-頭份",1,0,1
"2488","1540喬福","110/08/30","致和-南京",0,1,-1
"2489","1540喬福","110/08/30","元大-楊梅",1,0,1
"2490","1540喬福","110/08/30","元大-竹東",0,1,-1
"2491","2888新光金","110/08/30","元大證券",28738,3652,25086
"2492","2888新光金","110/08/30","元富-城東",123,7579,-7456
"2493","2888新光金","110/08/30","美林",6052,562,5490
"2494","2888新光金","110/08/30","永豐金證券",69,4239,-4170
"2495","2888新光金","110/08/30","臺銀-高雄",4494,65,4429
"2496","2888新光金","110/08/30","國票-長城",61,2957,-2896
"2497","2888新光金","110/08/30","美商高盛",4381,1190,3191
"2498","2888新光金","110/08/30","凱基-大里",92,2505,-2413
"2499","2888新光金","110/08/30","台灣摩根士丹利",5027,2870,2157
"2500","2888新光金","110/08/30","華南永昌-台中",43,2049,-2006
"2501","2888新光金","110/08/30","元大-館前",2282,149,2133
"2502","2888新光金","110/08/30","合庫證券",155,2038,-1883
"2503","2888新光金","110/08/30","亞東-新竹",2698,591,2107
"2504","2888新光金","110/08/30","凱基-台北",5304,7027,-1723
"2505","2888新光金","110/08/30","群益金鼎",2082,41,2041
"2506","2888新光金","110/08/30","新光",1799,3317,-1518
"2507","2888新光金","110/08/30","永豐金-中正",2140,106,2034
"2508","2888新光金","110/08/30","兆豐-西螺",167,1632,-1465
"2509","2888新光金","110/08/30","永全-南崁",1904,5,1899
"2510","2888新光金","110/08/30","華南永昌-大安",20,1454,-1434
"2511","2888新光金","110/08/30","元富-草屯",2009,229,1780
"2512","2888新光金","110/08/30","元富-文心",113,1427,-1314
"2513","2888新光金","110/08/30","台新-三民",2093,316,1777
"2514","2888新光金","110/08/30","富邦-中壢",272,1481,-1209
"2515","2888新光金","110/08/30","國泰-台南",2057,285,1772
"2516","2888新光金","110/08/30","元富-世貿",225,1314,-1089
"2517","2888新光金","110/08/30","新加坡商瑞銀",3676,2205,1471
"2518","2888新光金","110/08/30","宏遠-桃園",17,1089,-1072
"2519","2888新光金","110/08/30","法銀巴黎",1141,9,1132
"2520","2888新光金","110/08/30","元富-板橋",154,1212,-1058
"2521","1340勝悅","110/08/30","群益金鼎-三重",10,0,10
"2522","1340勝悅","110/08/30","元大-新盛",0,22,-22
"2523","1340勝悅","110/08/30","美林",8,0,8
"2524","1340勝悅","110/08/30","台灣企銀-民雄",0,8,-8
"2525","1340勝悅","110/08/30","臺灣企銀-埔墘",5,0,5
"2526","1340勝悅","110/08/30","台中銀",0,7,-7
"2527","1340勝悅","110/08/30","國泰-敦南",6,3,3
"2528","1340勝悅","110/08/30","日盛-鳳山",0,5,-5
"2529","1340勝悅","110/08/30","華南永昌-南京",3,0,3
"2530","1340勝悅","110/08/30","摩根大通",0,5,-5
"2531","1340勝悅","110/08/30","元大-屏南",3,0,3
"2532","1340勝悅","110/08/30","凱基-台北",2,7,-5
"2533","1340勝悅","110/08/30","日盛-中和",2,0,2
"2534","1340勝悅","110/08/30","日盛-員林",0,3,-3
"2535","1340勝悅","110/08/30","大慶-泰山",2,0,2
"2536","1340勝悅","110/08/30","元大-林園",0,3,-3
"2537","1340勝悅","110/08/30","第一金-華江",3,1,2
"2538","1340勝悅","110/08/30","合庫-自強",0,2,-2
"2539","1340勝悅","110/08/30","兆豐-三重",2,0,2
"2540","1340勝悅","110/08/30","美商高盛",0,2,-2
"2541","1340勝悅","110/08/30","國票-台南",2,0,2
"2542","1340勝悅","110/08/30","台新-高雄",1,3,-2
"2543","1340勝悅","110/08/30","國票-台中",2,0,2
"2544","1340勝悅","110/08/30","永豐金-信義",0,2,-2
"2545","1340勝悅","110/08/30","玉山-左營",2,0,2
"2546","1340勝悅","110/08/30","日盛-樹林",0,1,-1
"2547","1340勝悅","110/08/30","元大-歸仁",2,0,2
"2548","1340勝悅","110/08/30","台新-台南",0,1,-1
"2549","1340勝悅","110/08/30","群益金鼎-館前",1,0,1
"2550","1340勝悅","110/08/30","永豐金-中正",0,1,-1
"2551","6246臺龍","110/08/30","群益金鼎-古亭",11,1,10
"2552","6246臺龍","110/08/30","群益金鼎-東大",0,30,-30
"2553","6246臺龍","110/08/30","台新證券",10,1,9
"2554","6246臺龍","110/08/30","聯邦-大業",0,10,-10
"2555","6246臺龍","110/08/30","富邦-新竹",4,0,4
"2556","6246臺龍","110/08/30","台新-高雄",0,6,-6
"2557","6246臺龍","110/08/30","元大-館前",4,0,4
"2558","6246臺龍","110/08/30","玉山-新莊",0,3,-3
"2559","6246臺龍","110/08/30","港商野村",3,0,3
"2560","6246臺龍","110/08/30","元大-北港",2,5,-3
"2561","6246臺龍","110/08/30","永豐金-桃園",3,0,3
"2562","6246臺龍","110/08/30","第一金-彰化",0,2,-2
"2563","6246臺龍","110/08/30","福勝",2,0,2
"2564","6246臺龍","110/08/30","國泰-板橋",0,2,-2
"2565","6246臺龍","110/08/30","玉山證券",2,0,2
"2566","6246臺龍","110/08/30","元大-竹山",0,2,-2
"2567","6246臺龍","110/08/30","凱基-板橋",2,0,2
"2568","6246臺龍","110/08/30","日盛-宜蘭",0,1,-1
"2569","6246臺龍","110/08/30","凱基-高美館",2,0,2
"2570","6246臺龍","110/08/30","台新-台南",0,1,-1
"2571","6246臺龍","110/08/30","元大-新盛",2,0,2
"2572","6246臺龍","110/08/30","國泰-台中",0,1,-1
"2573","6246臺龍","110/08/30","元大-大天母",2,0,2
"2574","6246臺龍","110/08/30","元大-鑫永和",0,1,-1
"2575","6246臺龍","110/08/30","元大-內湖",2,0,2
"2576","6246臺龍","110/08/30","元大-大同",0,1,-1
"2577","6246臺龍","110/08/30","永豐金-鳳山",2,0,2
"2578","6246臺龍","110/08/30","元大-古亭",0,1,-1
"2579","6246臺龍","110/08/30","合庫-三重",1,0,1
"2580","6246臺龍","110/08/30","統一-南京",0,0,0
"2581","00715L期街口布蘭特正2","110/08/30","元大證券",14770,43,14727
"2582","00715L期街口布蘭特正2","110/08/30","元大-萬華",0,911,-911
"2583","00715L期街口布蘭特正2","110/08/30","國票",3922,0,3922
"2584","00715L期街口布蘭特正2","110/08/30","兆豐-嘉義",20,754,-734
"2585","00715L期街口布蘭特正2","110/08/30","群益金鼎",1953,405,1548
"2586","00715L期街口布蘭特正2","110/08/30","富邦-台東",0,613,-613
"2587","00715L期街口布蘭特正2","110/08/30","永豐金-內湖",1500,17,1483
"2588","00715L期街口布蘭特正2","110/08/30","元大-嘉義",21,608,-587
"2589","00715L期街口布蘭特正2","110/08/30","永豐金證券",1565,335,1230
"2590","00715L期街口布蘭特正2","110/08/30","港商野村",511,1090,-579
"2591","00715L期街口布蘭特正2","110/08/30","國票-博愛",1155,0,1155
"2592","00715L期街口布蘭特正2","110/08/30","日盛-新莊",210,775,-565
"2593","00715L期街口布蘭特正2","110/08/30","康和",1007,0,1007
"2594","00715L期街口布蘭特正2","110/08/30","日盛-員林",0,540,-540
"2595","00715L期街口布蘭特正2","110/08/30","統一",952,1,951
"2596","00715L期街口布蘭特正2","110/08/30","凱基-屏東",5,543,-538
"2597","00715L期街口布蘭特正2","110/08/30","合庫證券",943,5,938
"2598","00715L期街口布蘭特正2","110/08/30","富邦-陽明",0,509,-509
"2599","00715L期街口布蘭特正2","110/08/30","富邦證券",2782,2251,531
"2600","00715L期街口布蘭特正2","110/08/30","玉山-嘉義",4,512,-508
"2601","00715L期街口布蘭特正2","110/08/30","兆豐-台中",500,0,500
"2602","00715L期街口布蘭特正2","110/08/30","元大-前金",2,506,-504
"2603","00715L期街口布蘭特正2","110/08/30","國票-中港",500,0,500
"2604","00715L期街口布蘭特正2","110/08/30","兆豐-台中港",0,463,-463
"2605","00715L期街口布蘭特正2","110/08/30","凱基-台南",500,1,499
"2606","00715L期街口布蘭特正2","110/08/30","國票-九鼎",1,440,-439
"2607","00715L期街口布蘭特正2","110/08/30","凱基-市政",500,7,493
"2608","00715L期街口布蘭特正2","110/08/30","永豐金-板盛",0,421,-421
"2609","00715L期街口布蘭特正2","110/08/30","元富-大裕",500,22,478
"2610","00715L期街口布蘭特正2","110/08/30","富邦-基隆",0,420,-420
"2611","8941關中","110/08/30","國泰-忠孝",1,0,1
"2612","8941關中","110/08/30","凱基-市府",0,1,-1
"2613","8941關中","110/08/30","第一金-台南",0,0,0
"2614","8941關中","110/08/30","第一金-台南",0,0,0
"2615","8941關中","110/08/30","康和-板橋",0,0,0
"2616","8941關中","110/08/30","康和-板橋",0,0,0
"2617","8941關中","110/08/30","新光-高雄",0,0,0
"2618","8941關中","110/08/30","新光-高雄",0,0,0
"2619","8941關中","110/08/30","華南永昌-淡水",0,0,0
"2620","8941關中","110/08/30","華南永昌-淡水",0,0,0
"2621","8941關中","110/08/30","富邦-台北",0,0,0
"2622","8941關中","110/08/30","富邦-台北",0,0,0
"2623","8941關中","110/08/30","元大-新竹經國",0,0,0
"2624","8941關中","110/08/30","元大-新竹經國",0,0,0
"2625","8941關中","110/08/30","永豐金-萬盛",0,0,0
"2626","8941關中","110/08/30","永豐金-萬盛",0,0,0
"2627","8941關中","110/08/30","",NA,NA,NA
"2628","8941關中","110/08/30","",NA,NA,NA
"2629","8941關中","110/08/30","",NA,NA,NA
"2630","8941關中","110/08/30","",NA,NA,NA
"2631","8941關中","110/08/30","",NA,NA,NA
"2632","8941關中","110/08/30","",NA,NA,NA
"2633","8941關中","110/08/30","",NA,NA,NA
"2634","8941關中","110/08/30","",NA,NA,NA
"2635","8941關中","110/08/30","",NA,NA,NA
"2636","8941關中","110/08/30","",NA,NA,NA
"2637","8941關中","110/08/30","",NA,NA,NA
"2638","8941關中","110/08/30","",NA,NA,NA
"2639","8941關中","110/08/30","",NA,NA,NA
"2640","8941關中","110/08/30","",NA,NA,NA
"2641","8936國統","110/08/30","統一-金門",100,30,70
"2642","8936國統","110/08/30","摩根大通",38,197,-159
"2643","8936國統","110/08/30","中國信託-高雄",56,0,56
"2644","8936國統","110/08/30","新加坡商瑞銀",5,152,-147
"2645","8936國統","110/08/30","國票-天祥",50,0,50
"2646","8936國統","110/08/30","凱基-台北",48,181,-133
"2647","8936國統","110/08/30","國票-敦北法人",50,0,50
"2648","8936國統","110/08/30","美商高盛",10,130,-120
"2649","8936國統","110/08/30","宏遠-光隆",47,0,47
"2650","8936國統","110/08/30","港商野村",4,97,-93
"2651","8936國統","110/08/30","元富-林園",40,0,40
"2652","8936國統","110/08/30","玉山-高雄",2,45,-43
"2653","8936國統","110/08/30","國泰-敦南",50,22,28
"2654","8936國統","110/08/30","華南永昌-楠梓",7,50,-43
"2655","8936國統","110/08/30","元大-松江",22,1,21
"2656","8936國統","110/08/30","新光",18,59,-41
"2657","8936國統","110/08/30","群益金鼎",20,0,20
"2658","8936國統","110/08/30","康和-嘉義",51,71,-20
"2659","8936國統","110/08/30","凱基-站前",20,0,20
"2660","8936國統","110/08/30","凱基-市政",0,20,-20
"2661","8936國統","110/08/30","永豐金-彰化",23,3,20
"2662","8936國統","110/08/30","永豐金-台中",0,20,-20
"2663","8936國統","110/08/30","日盛-台中",20,1,19
"2664","8936國統","110/08/30","台新-左楠",0,14,-14
"2665","8936國統","110/08/30","台灣摩根士丹利",19,0,19
"2666","8936國統","110/08/30","永豐金-苓雅",11,25,-14
"2667","8936國統","110/08/30","中國信託-文心",20,1,19
"2668","8936國統","110/08/30","永全-八德",0,10,-10
"2669","8936國統","110/08/30","元大-東港",16,0,16
"2670","8936國統","110/08/30","兆豐-三民",1,11,-10
"2671","6226光鼎","110/08/30","凱基-站前",105,0,105
"2672","6226光鼎","110/08/30","元富-世貿",0,111,-111
"2673","6226光鼎","110/08/30","台灣摩根士丹利",105,8,97
"2674","6226光鼎","110/08/30","凱基-竹科",10,86,-76
"2675","6226光鼎","110/08/30","國泰-敦南",210,125,85
"2676","6226光鼎","110/08/30","美林",102,165,-63
"2677","6226光鼎","110/08/30","摩根大通",104,29,75
"2678","6226光鼎","110/08/30","華南永昌-南京",6,69,-63
"2679","6226光鼎","110/08/30","永全-南崁",40,0,40
"2680","6226光鼎","110/08/30","玉山-高雄",6,63,-57
"2681","6226光鼎","110/08/30","群益金鼎-忠孝",40,0,40
"2682","6226光鼎","110/08/30","元大-大雅",5,58,-53
"2683","6226光鼎","110/08/30","元大-東泰",38,0,38
"2684","6226光鼎","110/08/30","兆豐-松德",3,53,-50
"2685","6226光鼎","110/08/30","日盛-八德",32,0,32
"2686","6226光鼎","110/08/30","凱基-內埔",15,50,-35
"2687","6226光鼎","110/08/30","台新-台中",41,11,30
"2688","6226光鼎","110/08/30","統一-基隆",0,30,-30
"2689","6226光鼎","110/08/30","凱基-三多",23,0,23
"2690","6226光鼎","110/08/30","中國信託",3,31,-28
"2691","6226光鼎","110/08/30","第一金-中壢",20,0,20
"2692","6226光鼎","110/08/30","凱基-台北",89,117,-28
"2693","6226光鼎","110/08/30","國票-長城",20,0,20
"2694","6226光鼎","110/08/30","合庫-西台中",2,26,-24
"2695","6226光鼎","110/08/30","玉山-大里",23,3,20
"2696","6226光鼎","110/08/30","福勝",10,32,-22
"2697","6226光鼎","110/08/30","富邦-竹北",21,2,19
"2698","6226光鼎","110/08/30","玉山-新莊",5,27,-22
"2699","6226光鼎","110/08/30","永豐金-鳳山",20,1,19
"2700","6226光鼎","110/08/30","元大-南崁",0,21,-21
"2701","2363矽統","110/08/30","元大-萬華",825,16,809
"2702","2363矽統","110/08/30","合庫-基隆",5,1735,-1730
"2703","2363矽統","110/08/30","港商野村",1455,869,586
"2704","2363矽統","110/08/30","康和-台中",23,619,-596
"2705","2363矽統","110/08/30","元大-承德",405,1,404
"2706","2363矽統","110/08/30","台新-台南",39,428,-389
"2707","2363矽統","110/08/30","國票-南港",405,6,399
"2708","2363矽統","110/08/30","元大-士林",9,363,-354
"2709","2363矽統","110/08/30","凱基-站前",367,74,293
"2710","2363矽統","110/08/30","摩根大通",121,453,-332
"2711","2363矽統","110/08/30","凱基-台北",1335,1052,283
"2712","2363矽統","110/08/30","台中銀-豐原",5,255,-250
"2713","2363矽統","110/08/30","永全",305,41,264
"2714","2363矽統","110/08/30","大展",32,271,-239
"2715","2363矽統","110/08/30","第一金-豐原",231,4,227
"2716","2363矽統","110/08/30","台新-台中",102,325,-223
"2717","2363矽統","110/08/30","華南永昌-林口",225,15,210
"2718","2363矽統","110/08/30","國票-和平",0,158,-158
"2719","2363矽統","110/08/30","日盛-樹林",208,49,159
"2720","2363矽統","110/08/30","永豐金-南京",34,165,-131
"2721","2363矽統","110/08/30","台新-新莊",157,7,150
"2722","2363矽統","110/08/30","大昌-樹林",14,136,-122
"2723","2363矽統","110/08/30","新光",236,92,144
"2724","2363矽統","110/08/30","元大-桃興",13,132,-119
"2725","2363矽統","110/08/30","光和",127,7,120
"2726","2363矽統","110/08/30","富邦-新竹",43,157,-114
"2727","2363矽統","110/08/30","臺銀",132,15,117
"2728","2363矽統","110/08/30","元大-大統",27,140,-113
"2729","2363矽統","110/08/30","兆豐-彰化",112,0,112
"2730","2363矽統","110/08/30","日盛-南京",9,113,-104
"2731","8112至上","110/08/30","凱基-竹東",100,0,100
"2732","8112至上","110/08/30","第一金-桃園",5,366,-361
"2733","8112至上","110/08/30","華南永昌-南京",60,1,59
"2734","8112至上","110/08/30","摩根大通",5,228,-223
"2735","8112至上","110/08/30","凱基-長庚",53,0,53
"2736","8112至上","110/08/30","統一-中壢",9,80,-71
"2737","8112至上","110/08/30","永豐金-板盛",50,0,50
"2738","8112至上","110/08/30","美林",16,78,-62
"2739","8112至上","110/08/30","富邦-仁愛",46,0,46
"2740","8112至上","110/08/30","兆豐-西螺",0,60,-60
"2741","8112至上","110/08/30","凱基-竹科",43,1,42
"2742","8112至上","110/08/30","美商高盛",5,60,-55
"2743","8112至上","110/08/30","兆豐-高雄",40,0,40
"2744","8112至上","110/08/30","元大-大灣",1,50,-49
"2745","8112至上","110/08/30","元大-竹東",37,0,37
"2746","8112至上","110/08/30","國票-南京",0,40,-40
"2747","8112至上","110/08/30","富邦-竹東",28,0,28
"2748","8112至上","110/08/30","元大-永和",0,40,-40
"2749","8112至上","110/08/30","統一-高雄",30,4,26
"2750","8112至上","110/08/30","群益金鼎-大甲",0,31,-31
"2751","8112至上","110/08/30","兆豐-天母",25,0,25
"2752","8112至上","110/08/30","台灣摩根士丹利",22,51,-29
"2753","8112至上","110/08/30","元大-高雄",20,0,20
"2754","8112至上","110/08/30","日盛-忠孝",2,28,-26
"2755","8112至上","110/08/30","元富-同大",22,3,19
"2756","8112至上","110/08/30","康和",1,26,-25
"2757","8112至上","110/08/30","凱基-士林",19,0,19
"2758","8112至上","110/08/30","群益金鼎-基隆",0,25,-25
"2759","8112至上","110/08/30","國泰-館前",19,2,17
"2760","8112至上","110/08/30","台中銀-員林",0,23,-23
"2761","1570力肯","110/08/30","摩根大通",69,18,51
"2762","1570力肯","110/08/30","群益金鼎-高雄",0,57,-57
"2763","1570力肯","110/08/30","元大-板橋",31,1,30
"2764","1570力肯","110/08/30","永豐金-永康",0,33,-33
"2765","1570力肯","110/08/30","元大-新營",27,0,27
"2766","1570力肯","110/08/30","國票-南科",0,26,-26
"2767","1570力肯","110/08/30","元大-永和",22,0,22
"2768","1570力肯","110/08/30","國票-北高雄",1,21,-20
"2769","1570力肯","110/08/30","元富-世貿",21,0,21
"2770","1570力肯","110/08/30","富邦-仁愛",1,20,-19
"2771","1570力肯","110/08/30","第一金-嘉義",20,0,20
"2772","1570力肯","110/08/30","元大-花蓮",0,19,-19
"2773","1570力肯","110/08/30","福勝",20,1,19
"2774","1570力肯","110/08/30","元富-延平",0,15,-15
"2775","1570力肯","110/08/30","(牛牛牛)亞-鑫豐",20,2,18
"2776","1570力肯","110/08/30","富邦-高雄",0,15,-15
"2777","1570力肯","110/08/30","台新證券",22,6,16
"2778","1570力肯","110/08/30","元富-新興",0,11,-11
"2779","1570力肯","110/08/30","群益金鼎-台中",16,0,16
"2780","1570力肯","110/08/30","亞東-板橋",0,10,-10
"2781","1570力肯","110/08/30","日盛-雙和",15,0,15
"2782","1570力肯","110/08/30","永豐金-中壢",0,10,-10
"2783","1570力肯","110/08/30","合庫-台中",11,0,11
"2784","1570力肯","110/08/30","元富-緯城",10,19,-9
"2785","1570力肯","110/08/30","聯邦商銀",10,0,10
"2786","1570力肯","110/08/30","元富-民權",5,13,-8
"2787","1570力肯","110/08/30","華南永昌-彰化",10,0,10
"2788","1570力肯","110/08/30","凱基-嘉義",2,10,-8
"2789","1570力肯","110/08/30","元大-鳳中",12,2,10
"2790","1570力肯","110/08/30","元大-南投",0,8,-8
"2791","2929淘帝","110/08/30","摩根大通",22,0,22
"2792","2929淘帝","110/08/30","凱基-高雄",0,150,-150
"2793","2929淘帝","110/08/30","元富-大裕",12,0,12
"2794","2929淘帝","110/08/30","凱基-長庚",0,15,-15
"2795","2929淘帝","110/08/30","華南永昌-台中",11,0,11
"2796","2929淘帝","110/08/30","富邦-南屯",0,13,-13
"2797","2929淘帝","110/08/30","兆豐-忠孝",10,0,10
"2798","2929淘帝","110/08/30","元大-蘆洲",0,12,-12
"2799","2929淘帝","110/08/30","永豐金-博愛",9,0,9
"2800","2929淘帝","110/08/30","元富-三重",0,8,-8
"2801","2929淘帝","110/08/30","國泰-敦南",8,0,8
"2802","2929淘帝","110/08/30","新加坡商瑞銀",3,10,-7
"2803","2929淘帝","110/08/30","凱基-東門",8,0,8
"2804","2929淘帝","110/08/30","元大-博愛",0,6,-6
"2805","2929淘帝","110/08/30","日盛-雙和",7,0,7
"2806","2929淘帝","110/08/30","國票-南京",0,5,-5
"2807","2929淘帝","110/08/30","新光-台中",7,0,7
"2808","2929淘帝","110/08/30","國泰-台南",0,5,-5
"2809","2929淘帝","110/08/30","元大-太平",7,0,7
"2810","2929淘帝","110/08/30","台新-中壢",0,4,-4
"2811","2929淘帝","110/08/30","元大-土城永寧",7,0,7
"2812","2929淘帝","110/08/30","群益金鼎-大安",0,4,-4
"2813","2929淘帝","110/08/30","元大-新竹經國",6,0,6
"2814","2929淘帝","110/08/30","日盛-信義",1,3,-2
"2815","2929淘帝","110/08/30","元富-新竹",5,0,5
"2816","2929淘帝","110/08/30","新光-新竹",0,2,-2
"2817","2929淘帝","110/08/30","台中銀-豐原",5,0,5
"2818","2929淘帝","110/08/30","元大-南屯",0,2,-2
"2819","2929淘帝","110/08/30","台新-建北",5,0,5
"2820","2929淘帝","110/08/30","元大-東蘆",0,2,-2
"2821","5410國眾","110/08/30","華南永昌-高雄",10,0,10
"2822","5410國眾","110/08/30","群益金鼎-新竹",0,8,-8
"2823","5410國眾","110/08/30","群益金鼎-東湖",5,0,5
"2824","5410國眾","110/08/30","日盛-新莊",0,6,-6
"2825","5410國眾","110/08/30","凱基-科園",5,0,5
"2826","5410國眾","110/08/30","凱基-長庚",0,5,-5
"2827","5410國眾","110/08/30","元大-中壢",5,0,5
"2828","5410國眾","110/08/30","元富-嘉義",0,4,-4
"2829","5410國眾","110/08/30","兆豐-嘉義",4,0,4
"2830","5410國眾","110/08/30","台灣企銀",0,3,-3
"2831","5410國眾","110/08/30","元大-彰化",3,0,3
"2832","5410國眾","110/08/30","寶盛",0,3,-3
"2833","5410國眾","110/08/30","玉山-新竹",2,0,2
"2834","5410國眾","110/08/30","元富-台中",1,4,-3
"2835","5410國眾","110/08/30","國泰-台中",2,0,2
"2836","5410國眾","110/08/30","兆豐-竹北",0,3,-3
"2837","5410國眾","110/08/30","國泰-敦南",2,0,2
"2838","5410國眾","110/08/30","元大-屏東民生",0,3,-3
"2839","5410國眾","110/08/30","香港上海匯豐",2,0,2
"2840","5410國眾","110/08/30","永豐金-中正",0,3,-3
"2841","5410國眾","110/08/30","永豐金-萬盛",2,0,2
"2842","5410國眾","110/08/30","統一-基隆",0,2,-2
"2843","5410國眾","110/08/30","日盛-員林",1,0,1
"2844","5410國眾","110/08/30","群益金鼎-新店",0,2,-2
"2845","5410國眾","110/08/30","第一金-高雄",1,0,1
"2846","5410國眾","110/08/30","凱基-台南",0,2,-2
"2847","5410國眾","110/08/30","元富",1,0,1
"2848","5410國眾","110/08/30","元大-龍潭",0,2,-2
"2849","5410國眾","110/08/30","國票-北高雄",1,0,1
"2850","5410國眾","110/08/30","第一金-台南",0,1,-1
"2851","2841台開","110/08/30","宏遠-館前",215,0,215
"2852","2841台開","110/08/30","萬泰",0,50,-50
"2853","2841台開","110/08/30","日盛證券",26,0,26
"2854","2841台開","110/08/30","台中銀",0,40,-40
"2855","2841台開","110/08/30","元大-台中",16,0,16
"2856","2841台開","110/08/30","永豐金-敦南",33,71,-38
"2857","2841台開","110/08/30","第一金-華江",12,0,12
"2858","2841台開","110/08/30","富邦-花蓮",0,21,-21
"2859","2841台開","110/08/30","日盛-台中",20,10,10
"2860","2841台開","110/08/30","元大-嘉義",0,20,-20
"2861","2841台開","110/08/30","新光-桃園",10,0,10
"2862","2841台開","110/08/30","台灣摩根士丹利",0,19,-19
"2863","2841台開","110/08/30","凱基-內湖",10,0,10
"2864","2841台開","110/08/30","新加坡商瑞銀",0,19,-19
"2865","2841台開","110/08/30","元大-沙鹿",5,0,5
"2866","2841台開","110/08/30","台新證券",1,20,-19
"2867","2841台開","110/08/30","元大-南屯",5,0,5
"2868","2841台開","110/08/30","元大-花蓮",0,17,-17
"2869","2841台開","110/08/30","台新-台中",4,0,4
"2870","2841台開","110/08/30","國票-中和",0,12,-12
"2871","2841台開","110/08/30","元大-三重",4,0,4
"2872","2841台開","110/08/30","凱基-竹北",0,10,-10
"2873","2841台開","110/08/30","兆豐-高雄",3,0,3
"2874","2841台開","110/08/30","永豐金-新莊",0,10,-10
"2875","2841台開","110/08/30","日盛-大墩",1,0,1
"2876","2841台開","110/08/30","兆豐-台中",0,5,-5
"2877","2841台開","110/08/30","元富-成功",1,0,1
"2878","2841台開","110/08/30","新光",0,5,-5
"2879","2841台開","110/08/30","國泰-館前",1,0,1
"2880","2841台開","110/08/30","永豐金-忠孝",0,5,-5
"2881","6207雷科","110/08/30","群益金鼎-高雄",45,0,45
"2882","6207雷科","110/08/30","元大-新莊",0,43,-43
"2883","6207雷科","110/08/30","凱基-台北",28,3,25
"2884","6207雷科","110/08/30","新加坡商瑞銀",1,38,-37
"2885","6207雷科","110/08/30","兆豐-嘉義",21,0,21
"2886","6207雷科","110/08/30","臺銀",0,18,-18
"2887","6207雷科","110/08/30","港商野村",30,13,17
"2888","6207雷科","110/08/30","群益金鼎-土城",0,13,-13
"2889","6207雷科","110/08/30","國票-台中",27,15,12
"2890","6207雷科","110/08/30","群益金鼎-延平",0,13,-13
"2891","6207雷科","110/08/30","凱基-彰化",10,0,10
"2892","6207雷科","110/08/30","永豐金-中壢",0,13,-13
"2893","6207雷科","110/08/30","華南永昌-長虹",10,0,10
"2894","6207雷科","110/08/30","元富-延平",0,10,-10
"2895","6207雷科","110/08/30","元大-大灣",10,0,10
"2896","6207雷科","110/08/30","國泰-桃園",0,10,-10
"2897","6207雷科","110/08/30","摩根大通",30,21,9
"2898","6207雷科","110/08/30","中國信託-高雄",0,8,-8
"2899","6207雷科","110/08/30","日盛-台中",8,0,8
"2900","6207雷科","110/08/30","陽信-石牌",0,8,-8
"2901","6207雷科","110/08/30","群益金鼎-鳳山",7,0,7
"2902","6207雷科","110/08/30","群益金鼎-中壢",2,10,-8
"2903","6207雷科","110/08/30","元大-文心興安",7,0,7
"2904","6207雷科","110/08/30","元富-安南",0,6,-6
"2905","6207雷科","110/08/30","台新-屏東",6,0,6
"2906","6207雷科","110/08/30","群益金鼎-士林",0,6,-6
"2907","6207雷科","110/08/30","聯邦-大業",6,0,6
"2908","6207雷科","110/08/30","華南永昌",0,6,-6
"2909","6207雷科","110/08/30","國泰-高雄",6,0,6
"2910","6207雷科","110/08/30","第一金-高雄",0,5,-5
"2911","3679新至陞","110/08/30","永豐金-南投",12,0,12
"2912","3679新至陞","110/08/30","美林",0,9,-9
"2913","3679新至陞","110/08/30","凱基-中山",3,0,3
"2914","3679新至陞","110/08/30","中國信託-三重",0,4,-4
"2915","3679新至陞","110/08/30","元富-埔里",2,0,2
"2916","3679新至陞","110/08/30","摩根大通",0,3,-3
"2917","3679新至陞","110/08/30","凱基",1,0,1
"2918","3679新至陞","110/08/30","台灣摩根士丹利",0,2,-2
"2919","3679新至陞","110/08/30","元大-四維",1,0,1
"2920","3679新至陞","110/08/30","凱基-台北",0,2,-2
"2921","3679新至陞","110/08/30","富邦-竹北",1,0,1
"2922","3679新至陞","110/08/30","華南永昌",0,2,-2
"2923","3679新至陞","110/08/30","華南永昌-大安",1,0,1
"2924","3679新至陞","110/08/30","元大證券",0,2,-2
"2925","3679新至陞","110/08/30","華南永昌-台中",1,0,1
"2926","3679新至陞","110/08/30","永豐金-高雄",0,2,-2
"2927","3679新至陞","110/08/30","日盛-新莊",1,0,1
"2928","3679新至陞","110/08/30","大慶-富順",0,1,-1
"2929","3679新至陞","110/08/30","玉山-新竹",1,0,1
"2930","3679新至陞","110/08/30","國票-九鼎",0,1,-1
"2931","3679新至陞","110/08/30","台新證券",1,0,1
"2932","3679新至陞","110/08/30","富邦-虎尾",0,1,-1
"2933","3679新至陞","110/08/30","大昌-新店",1,0,1
"2934","3679新至陞","110/08/30","元大-屏東民生",0,1,-1
"2935","3679新至陞","110/08/30","光和-溪湖",1,0,1
"2936","3679新至陞","110/08/30","國泰-敦南",0,0,0
"2937","3679新至陞","110/08/30","元富-板橋",1,0,1
"2938","3679新至陞","110/08/30","元大-太平",0,0,0
"2939","3679新至陞","110/08/30","元富-潮州",1,0,1
"2940","3679新至陞","110/08/30","元大-忠孝",0,0,0
"2941","2727王品","110/08/30","台灣摩根士丹利",74,15,59
"2942","2727王品","110/08/30","港商法國興業",0,27,-27
"2943","2727王品","110/08/30","元大-彰化民生",35,0,35
"2944","2727王品","110/08/30","港商野村",6,24,-18
"2945","2727王品","110/08/30","群益金鼎-大興",13,0,13
"2946","2727王品","110/08/30","元大-中壢",0,16,-16
"2947","2727王品","110/08/30","凱基-台北",36,23,13
"2948","2727王品","110/08/30","元大-苗栗",0,11,-11
"2949","2727王品","110/08/30","國泰證券",10,1,9
"2950","2727王品","110/08/30","元大-小港",1,12,-11
"2951","2727王品","110/08/30","元大-仁愛",9,0,9
"2952","2727王品","110/08/30","新光-新竹",0,9,-9
"2953","2727王品","110/08/30","第一金-台南",6,0,6
"2954","2727王品","110/08/30","美林",23,31,-8
"2955","2727王品","110/08/30","凱基-五股",6,0,6
"2956","2727王品","110/08/30","(牛牛牛)亞-鑫豐",4,11,-7
"2957","2727王品","110/08/30","元大-金華",6,0,6
"2958","2727王品","110/08/30","新光",6,13,-7
"2959","2727王品","110/08/30","元大-桃興",7,1,6
"2960","2727王品","110/08/30","元大-南投",1,8,-7
"2961","2727王品","110/08/30","統一",5,0,5
"2962","2727王品","110/08/30","日盛-木柵",0,6,-6
"2963","2727王品","110/08/30","中國信託-嘉義",5,0,5
"2964","2727王品","110/08/30","元富-草屯",0,6,-6
"2965","2727王品","110/08/30","國票-和平",5,0,5
"2966","2727王品","110/08/30","日盛-士林",0,5,-5
"2967","2727王品","110/08/30","富邦-南屯",7,2,5
"2968","2727王品","110/08/30","統一-屏東",0,5,-5
"2969","2727王品","110/08/30","永豐金-松山",5,0,5
"2970","2727王品","110/08/30","永興-台中",0,4,-4
"2971","1570力肯","110/08/30","摩根大通",69,18,51
"2972","1570力肯","110/08/30","群益金鼎-高雄",0,57,-57
"2973","1570力肯","110/08/30","元大-板橋",31,1,30
"2974","1570力肯","110/08/30","永豐金-永康",0,33,-33
"2975","1570力肯","110/08/30","元大-新營",27,0,27
"2976","1570力肯","110/08/30","國票-南科",0,26,-26
"2977","1570力肯","110/08/30","元大-永和",22,0,22
"2978","1570力肯","110/08/30","國票-北高雄",1,21,-20
"2979","1570力肯","110/08/30","元富-世貿",21,0,21
"2980","1570力肯","110/08/30","富邦-仁愛",1,20,-19
"2981","1570力肯","110/08/30","第一金-嘉義",20,0,20
"2982","1570力肯","110/08/30","元大-花蓮",0,19,-19
"2983","1570力肯","110/08/30","福勝",20,1,19
"2984","1570力肯","110/08/30","元富-延平",0,15,-15
"2985","1570力肯","110/08/30","(牛牛牛)亞-鑫豐",20,2,18
"2986","1570力肯","110/08/30","富邦-高雄",0,15,-15
"2987","1570力肯","110/08/30","台新證券",22,6,16
"2988","1570力肯","110/08/30","元富-新興",0,11,-11
"2989","1570力肯","110/08/30","群益金鼎-台中",16,0,16
"2990","1570力肯","110/08/30","亞東-板橋",0,10,-10
"2991","1570力肯","110/08/30","日盛-雙和",15,0,15
"2992","1570力肯","110/08/30","永豐金-中壢",0,10,-10
"2993","1570力肯","110/08/30","合庫-台中",11,0,11
"2994","1570力肯","110/08/30","元富-緯城",10,19,-9
"2995","1570力肯","110/08/30","聯邦商銀",10,0,10
"2996","1570力肯","110/08/30","元富-民權",5,13,-8
"2997","1570力肯","110/08/30","華南永昌-彰化",10,0,10
"2998","1570力肯","110/08/30","凱基-嘉義",2,10,-8
"2999","1570力肯","110/08/30","元大-鳳中",12,2,10
"3000","1570力肯","110/08/30","元大-南投",0,8,-8
"3001","6180橘子","110/08/30","台灣摩根士丹利",43,0,43
"3002","6180橘子","110/08/30","兆豐證券",0,82,-82
"3003","6180橘子","110/08/30","日盛-八德",15,0,15
"3004","6180橘子","110/08/30","元大-新竹",0,30,-30
"3005","6180橘子","110/08/30","華南永昌-台中",13,0,13
"3006","6180橘子","110/08/30","美商高盛",0,25,-25
"3007","6180橘子","110/08/30","元大-北成功",59,46,13
"3008","6180橘子","110/08/30","新光-高雄",0,19,-19
"3009","6180橘子","110/08/30","美林",11,0,11
"3010","6180橘子","110/08/30","新加坡商瑞銀",0,18,-18
"3011","6180橘子","110/08/30","合庫-彰化",10,0,10
"3012","6180橘子","110/08/30","港商野村",0,13,-13
"3013","6180橘子","110/08/30","宏遠-桃園",9,0,9
"3014","6180橘子","110/08/30","元大-上新莊",0,13,-13
"3015","6180橘子","110/08/30","康和-嘉義",8,0,8
"3016","6180橘子","110/08/30","國泰-新莊",0,12,-12
"3017","6180橘子","110/08/30","群益金鼎-古亭",7,0,7
"3018","6180橘子","110/08/30","玉山-板橋",0,11,-11
"3019","6180橘子","110/08/30","國票-新莊",6,0,6
"3020","6180橘子","110/08/30","凱基-高雄",2,11,-9
"3021","6180橘子","110/08/30","玉山-新莊",6,0,6
"3022","6180橘子","110/08/30","元大-草屯",0,6,-6
"3023","6180橘子","110/08/30","凱基-台北",42,36,6
"3024","6180橘子","110/08/30","元大-彰化民生",0,6,-6
"3025","6180橘子","110/08/30","華南永昌-東昇",6,0,6
"3026","6180橘子","110/08/30","新光",3,8,-5
"3027","6180橘子","110/08/30","群益金鼎-敦南",5,0,5
"3028","6180橘子","110/08/30","富邦-苗栗",0,5,-5
"3029","6180橘子","110/08/30","元大證券",5,0,5
"3030","6180橘子","110/08/30","元大-中壢",0,4,-4
"3031","2390云辰","110/08/30","港商野村",174,128,46
"3032","2390云辰","110/08/30","第一金-華江",0,210,-210
"3033","2390云辰","110/08/30","第一金-中山",33,0,33
"3034","2390云辰","110/08/30","玉山-嘉義",42,113,-71
"3035","2390云辰","110/08/30","凱基-台北",90,64,26
"3036","2390云辰","110/08/30","美林",4,65,-61
"3037","2390云辰","110/08/30","元富-中壢",25,1,24
"3038","2390云辰","110/08/30","新光-桃園",2,42,-40
"3039","2390云辰","110/08/30","中國信託-文心",25,3,22
"3040","2390云辰","110/08/30","元大-龍潭",0,40,-40
"3041","2390云辰","110/08/30","臺銀-高雄",20,0,20
"3042","2390云辰","110/08/30","元大-永春",0,35,-35
"3043","2390云辰","110/08/30","日盛-頭份",20,0,20
"3044","2390云辰","110/08/30","兆豐-高雄",0,33,-33
"3045","2390云辰","110/08/30","元富-虎尾",24,4,20
"3046","2390云辰","110/08/30","元大-台南",0,25,-25
"3047","2390云辰","110/08/30","元大-開元",20,0,20
"3048","2390云辰","110/08/30","台灣摩根士丹利",0,21,-21
"3049","2390云辰","110/08/30","元富-板橋",20,1,19
"3050","2390云辰","110/08/30","元大-林園",0,20,-20
"3051","2390云辰","110/08/30","元富-大裕",23,4,19
"3052","2390云辰","110/08/30","元大-斗信",0,18,-18
"3053","2390云辰","110/08/30","國票-博愛",21,2,19
"3054","2390云辰","110/08/30","玉山-新竹",3,20,-17
"3055","2390云辰","110/08/30","兆豐-台中港",17,0,17
"3056","2390云辰","110/08/30","統一-敦南",0,15,-15
"3057","2390云辰","110/08/30","新光",28,11,17
"3058","2390云辰","110/08/30","兆豐-三民",0,15,-15
"3059","2390云辰","110/08/30","元大-台中",17,0,17
"3060","2390云辰","110/08/30","兆豐-景美",1,14,-13
"3061","1315達新","110/08/26","豐農",32,0,32
"3062","1315達新","110/08/26","永豐金證券",1,17,-16
"3063","1315達新","110/08/26","統一-台中",5,0,5
"3064","1315達新","110/08/26","凱基-台北",0,9,-9
"3065","1315達新","110/08/26","凱基-中港",5,0,5
"3066","1315達新","110/08/26","永豐金-市政",0,8,-8
"3067","1315達新","110/08/26","台灣摩根士丹利",5,1,4
"3068","1315達新","110/08/26","富邦-台中",0,5,-5
"3069","1315達新","110/08/26","美商高盛",4,0,4
"3070","1315達新","110/08/26","元大-花蓮",0,5,-5
"3071","1315達新","110/08/26","聯邦-三重",2,0,2
"3072","1315達新","110/08/26","日盛-新竹",0,2,-2
"3073","1315達新","110/08/26","富邦-內湖",2,0,2
"3074","1315達新","110/08/26","美林",0,2,-2
"3075","1315達新","110/08/26","永興",1,0,1
"3076","1315達新","110/08/26","兆豐-南京",0,2,-2
"3077","1315達新","110/08/26","致和-佳里",1,0,1
"3078","1315達新","110/08/26","國泰-台中",1,3,-2
"3079","1315達新","110/08/26","凱基-三重",1,0,1
"3080","1315達新","110/08/26","華南永昌-楠梓",0,2,-2
"3081","1315達新","110/08/26","凱基-高美館",1,0,1
"3082","1315達新","110/08/26","瑞士信貸",0,1,-1
"3083","1315達新","110/08/26","凱基-內埔",1,0,1
"3084","1315達新","110/08/26","花旗環球",0,1,-1
"3085","1315達新","110/08/26","元大證券",1,0,1
"3086","1315達新","110/08/26","亞東-台南",0,1,-1
"3087","1315達新","110/08/26","元大-沙鹿",1,0,1
"3088","1315達新","110/08/26","第一金",0,1,-1
"3089","1315達新","110/08/26","元大-台北",1,0,1
"3090","1315達新","110/08/26","元富-花蓮",0,1,-1
"3091","2609陽明","110/08/26","永豐金-信義",3562,119,3443
"3092","2609陽明","110/08/26","凱基-台北",2973,9333,-6360
"3093","2609陽明","110/08/26","康和",4424,1135,3289
"3094","2609陽明","110/08/26","台灣摩根士丹利",92,1881,-1789
"3095","2609陽明","110/08/26","摩根大通",6387,3687,2700
"3096","2609陽明","110/08/26","美林",515,1703,-1188
"3097","2609陽明","110/08/26","兆豐-三民",2069,35,2034
"3098","2609陽明","110/08/26","兆豐-中壢",10,856,-846
"3099","2609陽明","110/08/26","花旗環球",1142,0,1142
"3100","2609陽明","110/08/26","富邦-台東",35,624,-589
"3101","2609陽明","110/08/26","統一-敦南",2070,936,1134
"3102","2609陽明","110/08/26","瑞士信貸",390,948,-558
"3103","2609陽明","110/08/26","兆豐-南京",1088,76,1012
"3104","2609陽明","110/08/26","日盛-板橋",169,679,-510
"3105","2609陽明","110/08/26","富邦-建國",1011,325,686
"3106","2609陽明","110/08/26","宏遠證券",1001,1420,-419
"3107","2609陽明","110/08/26","兆豐-虎尾",4061,3405,656
"3108","2609陽明","110/08/26","元大證券",1362,1772,-410
"3109","2609陽明","110/08/26","凱基-市政",1854,1349,505
"3110","2609陽明","110/08/26","富邦-南屯",218,600,-382
"3111","2609陽明","110/08/26","國票-彰化",1013,618,395
"3112","2609陽明","110/08/26","新加坡商瑞銀",1501,1879,-378
"3113","2609陽明","110/08/26","元大-樹林",436,112,324
"3114","2609陽明","110/08/26","兆豐-彰化",382,743,-361
"3115","2609陽明","110/08/26","群益金鼎",517,212,305
"3116","2609陽明","110/08/26","富邦-虎尾",3490,3837,-347
"3117","2609陽明","110/08/26","元富-文心",572,288,284
"3118","2609陽明","110/08/26","寶盛",15,315,-300
"3119","2609陽明","110/08/26","兆豐-埔墘",354,143,211
"3120","2609陽明","110/08/26","華南永昌-竹北",709,1009,-300
"3121","2636台驊投控","110/08/26","富邦-台北",72,6,66
"3122","2636台驊投控","110/08/26","凱基-台北",566,1251,-685
"3123","2636台驊投控","110/08/26","元大-松江",77,15,62
"3124","2636台驊投控","110/08/26","瑞士信貸",31,462,-431
"3125","2636台驊投控","110/08/26","永豐金-嘉義",114,54,60
"3126","2636台驊投控","110/08/26","美商高盛",35,394,-359
"3127","2636台驊投控","110/08/26","華南永昌-南京",78,22,56
"3128","2636台驊投控","110/08/26","台灣摩根士丹利",7,344,-337
"3129","2636台驊投控","110/08/26","國泰-敦南",176,125,51
"3130","2636台驊投控","110/08/26","國票-彰化",466,763,-297
"3131","2636台驊投控","110/08/26","宏遠-館前",50,0,50
"3132","2636台驊投控","110/08/26","美林",290,532,-242
"3133","2636台驊投控","110/08/26","群益金鼎-海山",62,18,44
"3134","2636台驊投控","110/08/26","兆豐-中壢",30,234,-204
"3135","2636台驊投控","110/08/26","第一金-中壢",50,7,43
"3136","2636台驊投控","110/08/26","港商野村",679,881,-202
"3137","2636台驊投控","110/08/26","兆豐-南京",54,11,43
"3138","2636台驊投控","110/08/26","元富-西松",54,219,-165
"3139","2636台驊投控","110/08/26","富邦-嘉義",53,11,42
"3140","2636台驊投控","110/08/26","元大-淡水",8,54,-46
"3141","2636台驊投控","110/08/26","新光",183,143,40
"3142","2636台驊投控","110/08/26","元大-士林",41,82,-41
"3143","2636台驊投控","110/08/26","元大-林森",42,3,39
"3144","2636台驊投控","110/08/26","新加坡商瑞銀",127,164,-37
"3145","2636台驊投控","110/08/26","日盛-忠孝",45,9,36
"3146","2636台驊投控","110/08/26","摩根大通",363,399,-36
"3147","2636台驊投控","110/08/26","華南永昌-合泰",56,20,36
"3148","2636台驊投控","110/08/26","日盛-永康",14,43,-29
"3149","2636台驊投控","110/08/26","日盛-木柵",46,11,35
"3150","2636台驊投控","110/08/26","台中銀-台北",5,33,-28
"3151","2867三商壽","110/08/26","美林",559,133,426
"3152","2867三商壽","110/08/26","台灣摩根士丹利",25,307,-282
"3153","2867三商壽","110/08/26","瑞士信貸",223,8,215
"3154","2867三商壽","110/08/26","凱基-中港",2,279,-277
"3155","2867三商壽","110/08/26","日盛-頭份",108,0,108
"3156","2867三商壽","110/08/26","花旗環球",0,180,-180
"3157","2867三商壽","110/08/26","臺銀-臺中",103,0,103
"3158","2867三商壽","110/08/26","元大-桃園",20,199,-179
"3159","2867三商壽","110/08/26","日盛-樹林",100,0,100
"3160","2867三商壽","110/08/26","國泰證券",0,150,-150
"3161","2867三商壽","110/08/26","新光",90,1,89
"3162","2867三商壽","110/08/26","凱基-台北",18,156,-138
"3163","2867三商壽","110/08/26","光和",80,0,80
"3164","2867三商壽","110/08/26","凱基-長庚",0,120,-120
"3165","2867三商壽","110/08/26","兆豐-城中",70,0,70
"3166","2867三商壽","110/08/26","摩根大通",59,172,-113
"3167","2867三商壽","110/08/26","凱基-高雄",60,0,60
"3168","2867三商壽","110/08/26","群益金鼎-大甲",0,90,-90
"3169","2867三商壽","110/08/26","凱基-林口",50,0,50
"3170","2867三商壽","110/08/26","中國信託-忠孝",0,70,-70
"3171","2867三商壽","110/08/26","富邦-高雄",60,11,49
"3172","2867三商壽","110/08/26","兆豐-新營",0,50,-50
"3173","2867三商壽","110/08/26","港商野村",66,29,37
"3174","2867三商壽","110/08/26","台灣企銀",0,40,-40
"3175","2867三商壽","110/08/26","大昌-新店",37,0,37
"3176","2867三商壽","110/08/26","華南永昌-高雄",24,60,-36
"3177","2867三商壽","110/08/26","國票-南崁",30,0,30
"3178","2867三商壽","110/08/26","兆豐-西螺",0,30,-30
"3179","2867三商壽","110/08/26","中農",25,0,25
"3180","2867三商壽","110/08/26","兆豐-斗南",0,30,-30
"3181","5521工信","110/08/26","摩根大通",563,0,563
"3182","5521工信","110/08/26","華南永昌-民權",0,100,-100
"3183","5521工信","110/08/26","凱基-台北",346,17,329
"3184","5521工信","110/08/26","台灣摩根士丹利",14,103,-89
"3185","5521工信","110/08/26","群益金鼎-大甲",145,0,145
"3186","5521工信","110/08/26","富邦-台北",0,47,-47
"3187","5521工信","110/08/26","美林",61,9,52
"3188","5521工信","110/08/26","國泰-板橋",0,46,-46
"3189","5521工信","110/08/26","兆豐-嘉義",50,0,50
"3190","5521工信","110/08/26","元富-新店",0,40,-40
"3191","5521工信","110/08/26","美商高盛",49,0,49
"3192","5521工信","110/08/26","中國信託-三重",0,40,-40
"3193","5521工信","110/08/26","日進",45,0,45
"3194","5521工信","110/08/26","永豐金-中盛",0,33,-33
"3195","5521工信","110/08/26","元大證券",47,2,45
"3196","5521工信","110/08/26","日盛-中壢",0,32,-32
"3197","5521工信","110/08/26","康和-台中",30,0,30
"3198","5521工信","110/08/26","新光",0,32,-32
"3199","5521工信","110/08/26","福勝",30,12,18
"3200","5521工信","110/08/26","富邦-嘉義",0,31,-31
"3201","5521工信","110/08/26","港商野村",16,0,16
"3202","5521工信","110/08/26","日盛-雙和",0,30,-30
"3203","5521工信","110/08/26","統一-屏東",15,0,15
"3204","5521工信","110/08/26","國票-安和",0,24,-24
"3205","5521工信","110/08/26","日盛-新莊",30,20,10
"3206","5521工信","110/08/26","第一金-桃園",0,23,-23
"3207","5521工信","110/08/26","日盛-中和",10,0,10
"3208","5521工信","110/08/26","日盛-大墩",0,20,-20
"3209","5521工信","110/08/26","凱基-高雄",10,0,10
"3210","5521工信","110/08/26","第一金-華江",0,20,-20
"3211","1471首利","110/08/26","瑞士信貸",60,4,56
"3212","1471首利","110/08/26","群益金鼎-東大",0,120,-120
"3213","1471首利","110/08/26","永豐金-台南",34,0,34
"3214","1471首利","110/08/26","元大-敦化",0,86,-86
"3215","1471首利","110/08/26","大慶",25,0,25
"3216","1471首利","110/08/26","美林",0,40,-40
"3217","1471首利","110/08/26","台中銀-員林",20,0,20
"3218","1471首利","110/08/26","台灣摩根士丹利",0,36,-36
"3219","1471首利","110/08/26","群益金鼎-土城",20,0,20
"3220","1471首利","110/08/26","摩根大通",25,61,-36
"3221","1471首利","110/08/26","新光",16,0,16
"3222","1471首利","110/08/26","元大-內湖",0,30,-30
"3223","1471首利","110/08/26","永豐金-大園",11,0,11
"3224","1471首利","110/08/26","凱基-五股",0,25,-25
"3225","1471首利","110/08/26","永豐金-竹北",11,0,11
"3226","1471首利","110/08/26","元大-大甲",0,20,-20
"3227","1471首利","110/08/26","第一金-台南",10,0,10
"3228","1471首利","110/08/26","台新證券",3,20,-17
"3229","1471首利","110/08/26","中國信託",10,0,10
"3230","1471首利","110/08/26","兆豐-西螺",0,14,-14
"3231","1471首利","110/08/26","中國信託-永康",10,0,10
"3232","1471首利","110/08/26","凱基-台北",4,18,-14
"3233","1471首利","110/08/26","群益金鼎-海山",10,0,10
"3234","1471首利","110/08/26","大慶-富順",0,10,-10
"3235","1471首利","110/08/26","富邦-板橋",10,0,10
"3236","1471首利","110/08/26","國票-九鼎",0,5,-5
"3237","1471首利","110/08/26","元大-永康",10,0,10
"3238","1471首利","110/08/26","元大-斗信",0,5,-5
"3239","1471首利","110/08/26","元富-草屯",9,0,9
"3240","1471首利","110/08/26","永豐金-敦北",0,5,-5
"3241","2883開發金","110/08/26","美林",3929,1002,2927
"3242","2883開發金","110/08/26","台灣摩根士丹利",24,5752,-5728
"3243","2883開發金","110/08/26","元大證券",2303,84,2219
"3244","2883開發金","110/08/26","統一",3,2525,-2522
"3245","2883開發金","110/08/26","港商法國興業",1967,153,1814
"3246","2883開發金","110/08/26","瑞士信貸",71,2033,-1962
"3247","2883開發金","110/08/26","玉山證券",1626,46,1580
"3248","2883開發金","110/08/26","永豐金-新莊",1,1001,-1000
"3249","2883開發金","110/08/26","摩根大通",2510,1213,1297
"3250","2883開發金","110/08/26","新加坡商瑞銀",508,1498,-990
"3251","2883開發金","110/08/26","元大-草屯",1002,18,984
"3252","2883開發金","110/08/26","港商野村",4,846,-842
"3253","2883開發金","110/08/26","華南永昌",1021,206,815
"3254","2883開發金","110/08/26","香港上海匯豐",0,698,-698
"3255","2883開發金","110/08/26","陽信",400,0,400
"3256","2883開發金","110/08/26","凱基-台北",725,1403,-678
"3257","2883開發金","110/08/26","第一金-台南",314,12,302
"3258","2883開發金","110/08/26","永豐金證券",100,493,-393
"3259","2883開發金","110/08/26","國泰-館前",373,86,287
"3260","2883開發金","110/08/26","美商高盛",32,393,-361
"3261","2883開發金","110/08/26","亞東-台中",282,0,282
"3262","2883開發金","110/08/26","元富-城東",4,287,-283
"3263","2883開發金","110/08/26","台新證券",390,136,254
"3264","2883開發金","110/08/26","兆豐-北高雄",172,451,-279
"3265","2883開發金","110/08/26","凱基-宜蘭",270,25,245
"3266","2883開發金","110/08/26","富邦證券",10,235,-225
"3267","2883開發金","110/08/26","凱基-台東",342,113,229
"3268","2883開發金","110/08/26","兆豐-三民",2,210,-208
"3269","2883開發金","110/08/26","永豐金-竹科",233,10,223
"3270","2883開發金","110/08/26","新光",885,1069,-184
"3271","6205詮欣","110/08/26","凱基-信義",20,0,20
"3272","6205詮欣","110/08/26","永豐金-敦南",0,30,-30
"3273","6205詮欣","110/08/26","凱基-長庚",11,0,11
"3274","6205詮欣","110/08/26","凱基-台北",0,9,-9
"3275","6205詮欣","110/08/26","日盛-北高雄",5,0,5
"3276","6205詮欣","110/08/26","凱基-台南",0,7,-7
"3277","6205詮欣","110/08/26","台中銀",5,0,5
"3278","6205詮欣","110/08/26","摩根大通",4,10,-6
"3279","6205詮欣","110/08/26","臺銀-民權",4,0,4
"3280","6205詮欣","110/08/26","兆豐-公益",0,4,-4
"3281","6205詮欣","110/08/26","臺銀-臺中",3,0,3
"3282","6205詮欣","110/08/26","永豐金證券",0,4,-4
"3283","6205詮欣","110/08/26","台新-屏東",3,0,3
"3284","6205詮欣","110/08/26","港商法國興業",0,3,-3
"3285","6205詮欣","110/08/26","日盛-土城",2,0,2
"3286","6205詮欣","110/08/26","瑞士信貸",0,2,-2
"3287","6205詮欣","110/08/26","中農",2,0,2
"3288","6205詮欣","110/08/26","亞東",0,2,-2
"3289","6205詮欣","110/08/26","玉山-台大",2,0,2
"3290","6205詮欣","110/08/26","新光-高雄",0,2,-2
"3291","6205詮欣","110/08/26","玉山-大里",2,0,2
"3292","6205詮欣","110/08/26","元大-屏東民生",0,2,-2
"3293","6205詮欣","110/08/26","國泰-板橋",2,0,2
"3294","6205詮欣","110/08/26","元大-仁愛",0,2,-2
"3295","6205詮欣","110/08/26","凱基-高美館",2,0,2
"3296","6205詮欣","110/08/26","永豐金-台南",0,2,-2
"3297","6205詮欣","110/08/26","華南永昌-台中",2,0,2
"3298","6205詮欣","110/08/26","大慶-台南",0,1,-1
"3299","6205詮欣","110/08/26","永豐金-中和",2,0,2
"3300","6205詮欣","110/08/26","新光",0,1,-1
"3301","1540喬福","110/08/26","元大-士林",12,0,12
"3302","1540喬福","110/08/26","富邦-中壢",0,14,-14
"3303","1540喬福","110/08/26","凱基-中壢",5,0,5
"3304","1540喬福","110/08/26","富邦-虎尾",0,13,-13
"3305","1540喬福","110/08/26","富邦-仁愛",5,0,5
"3306","1540喬福","110/08/26","台新-高雄",0,5,-5
"3307","1540喬福","110/08/26","凱基-台北",4,0,4
"3308","1540喬福","110/08/26","日盛-花蓮",0,2,-2
"3309","1540喬福","110/08/26","富邦-建國",3,0,3
"3310","1540喬福","110/08/26","北城證券",0,2,-2
"3311","1540喬福","110/08/26","中國信託",2,0,2
"3312","1540喬福","110/08/26","元大-南屯",0,1,-1
"3313","1540喬福","110/08/26","國泰-忠孝",2,0,2
"3314","1540喬福","110/08/26","凱基-北門",0,1,-1
"3315","1540喬福","110/08/26","群益金鼎-崇德",2,0,2
"3316","1540喬福","110/08/26","統一-員林",0,1,-1
"3317","1540喬福","110/08/26","永豐金-埔里",1,0,1
"3318","1540喬福","110/08/26","美商高盛",0,1,-1
"3319","1540喬福","110/08/26","致和-南京",1,0,1
"3320","1540喬福","110/08/26","美林",0,1,-1
"3321","1540喬福","110/08/26","華南永昌-中正",1,0,1
"3322","1540喬福","110/08/26","康和-板橋",0,0,0
"3323","1540喬福","110/08/26","富邦-台北",1,0,1
"3324","1540喬福","110/08/26","凱基-竹北",0,0,0
"3325","1540喬福","110/08/26","富邦-左營",1,0,1
"3326","1540喬福","110/08/26","高橋",0,0,0
"3327","1540喬福","110/08/26","華南永昌-敦南",0,0,0
"3328","1540喬福","110/08/26","華南永昌-敦南",0,0,0
"3329","1540喬福","110/08/26","元大-金門",0,0,0
"3330","1540喬福","110/08/26","元大-莒光",0,0,0
"3331","2888新光金","110/08/26","瑞士信貸",3038,457,2581
"3332","2888新光金","110/08/26","元富-大昌",7,9389,-9382
"3333","2888新光金","110/08/26","群益金鼎-崇德",1739,0,1739
"3334","2888新光金","110/08/26","元富-城東",37,2318,-2281
"3335","2888新光金","110/08/26","富邦-岡山",1647,23,1624
"3336","2888新光金","110/08/26","永豐金證券",28,1552,-1524
"3337","2888新光金","110/08/26","凱基-台北",3564,2278,1286
"3338","2888新光金","110/08/26","國票-長城",500,2005,-1505
"3339","2888新光金","110/08/26","致和證券",1108,5,1103
"3340","2888新光金","110/08/26","花旗環球",138,1202,-1064
"3341","2888新光金","110/08/26","美林",1537,539,998
"3342","2888新光金","110/08/26","台灣摩根士丹利",55,1026,-971
"3343","2888新光金","110/08/26","群益金鼎-嘉義",903,17,886
"3344","2888新光金","110/08/26","元富",1,799,-798
"3345","2888新光金","110/08/26","大慶-高雄",832,0,832
"3346","2888新光金","110/08/26","元富-世貿",8,776,-768
"3347","2888新光金","110/08/26","永豐金-板橋",820,1,819
"3348","2888新光金","110/08/26","(牛牛牛)亞-鑫豐",34,645,-611
"3349","2888新光金","110/08/26","凱基-桃園",774,15,759
"3350","2888新光金","110/08/26","香港上海匯豐",0,600,-600
"3351","2888新光金","110/08/26","日盛-忠孝",744,10,734
"3352","2888新光金","110/08/26","元大-板橋",37,499,-462
"3353","2888新光金","110/08/26","新光",766,153,613
"3354","2888新光金","110/08/26","港商法國興業",135,568,-433
"3355","2888新光金","110/08/26","合庫-高雄",607,0,607
"3356","2888新光金","110/08/26","元大證券",239,634,-395
"3357","2888新光金","110/08/26","宏遠-桃園",504,0,504
"3358","2888新光金","110/08/26","元富-文心",132,483,-351
"3359","2888新光金","110/08/26","凱基-台南",520,23,497
"3360","2888新光金","110/08/26","元富-成功",19,358,-339
"3361","1340勝悅","110/08/26","元大-基隆孝二",10,0,10
"3362","1340勝悅","110/08/26","元大-新盛",0,16,-16
"3363","1340勝悅","110/08/26","凱基-台北",9,1,8
"3364","1340勝悅","110/08/26","元大-四維",0,11,-11
"3365","1340勝悅","110/08/26","國泰-台中",7,0,7
"3366","1340勝悅","110/08/26","凱基-松山",0,10,-10
"3367","1340勝悅","110/08/26","美林",6,0,6
"3368","1340勝悅","110/08/26","元大-東門",0,10,-10
"3369","1340勝悅","110/08/26","臺灣企銀-埔墘",5,0,5
"3370","1340勝悅","110/08/26","統一-南京",0,8,-8
"3371","1340勝悅","110/08/26","統一-城中",5,1,4
"3372","1340勝悅","110/08/26","國票-台東",0,5,-5
"3373","1340勝悅","110/08/26","群益金鼎-北高雄",4,0,4
"3374","1340勝悅","110/08/26","摩根大通",2,7,-5
"3375","1340勝悅","110/08/26","日盛-鳳山",3,0,3
"3376","1340勝悅","110/08/26","元大-忠孝鼎富",0,5,-5
"3377","1340勝悅","110/08/26","元大-林園",5,2,3
"3378","1340勝悅","110/08/26","港商法國興業",0,2,-2
"3379","1340勝悅","110/08/26","宏遠-桃園",2,0,2
"3380","1340勝悅","110/08/26","兆豐-三民",0,2,-2
"3381","1340勝悅","110/08/26","第一金-華江",2,0,2
"3382","1340勝悅","110/08/26","臺銀",0,1,-1
"3383","1340勝悅","110/08/26","中農",2,0,2
"3384","1340勝悅","110/08/26","中國信託-文心",0,1,-1
"3385","1340勝悅","110/08/26","國泰-敦南",5,3,2
"3386","1340勝悅","110/08/26","凱基",0,1,-1
"3387","1340勝悅","110/08/26","國泰-館前",2,0,2
"3388","1340勝悅","110/08/26","富邦-嘉義",0,1,-1
"3389","1340勝悅","110/08/26","富邦-北港",2,0,2
"3390","1340勝悅","110/08/26","元大-東泰",0,1,-1
"3391","6246臺龍","110/08/26","兆豐-內湖",40,0,40
"3392","6246臺龍","110/08/26","兆豐-忠孝",0,20,-20
"3393","6246臺龍","110/08/26","新光-台中",11,0,11
"3394","6246臺龍","110/08/26","統一-台南",0,15,-15
"3395","6246臺龍","110/08/26","凱基-永康",10,0,10
"3396","6246臺龍","110/08/26","聯邦-大業",0,10,-10
"3397","6246臺龍","110/08/26","元大-屏南",10,0,10
"3398","6246臺龍","110/08/26","港商野村",0,9,-9
"3399","6246臺龍","110/08/26","元富-板橋",5,0,5
"3400","6246臺龍","110/08/26","元大-員林",0,6,-6
"3401","6246臺龍","110/08/26","元大-北港",5,0,5
"3402","6246臺龍","110/08/26","元富-宜蘭",0,5,-5
"3403","6246臺龍","110/08/26","元大-小港",5,0,5
"3404","6246臺龍","110/08/26","永豐金-板橋",0,5,-5
"3405","6246臺龍","110/08/26","兆豐-竹北",4,0,4
"3406","6246臺龍","110/08/26","兆豐-公益",0,4,-4
"3407","6246臺龍","110/08/26","華南永昌-台中",4,0,4
"3408","6246臺龍","110/08/26","兆豐-新營",0,4,-4
"3409","6246臺龍","110/08/26","華南永昌-彰化",3,0,3
"3410","6246臺龍","110/08/26","國票-新莊",0,4,-4
"3411","6246臺龍","110/08/26","元大-大雅",3,0,3
"3412","6246臺龍","110/08/26","玉山證券",0,4,-4
"3413","6246臺龍","110/08/26","土銀-新竹",2,0,2
"3414","6246臺龍","110/08/26","凱基-長庚",0,4,-4
"3415","6246臺龍","110/08/26","日盛-八德",2,0,2
"3416","6246臺龍","110/08/26","永豐金-復興",1,5,-4
"3417","6246臺龍","110/08/26","高橋",2,0,2
"3418","6246臺龍","110/08/26","元大-永康",0,3,-3
"3419","6246臺龍","110/08/26","玉山-台南",2,0,2
"3420","6246臺龍","110/08/26","台新證券",0,2,-2
"3421","00715L期街口布蘭特正2","110/08/26","元大證券",27288,25,27263
"3422","00715L期街口布蘭特正2","110/08/26","宏遠-高雄",0,11055,-11055
"3423","00715L期街口布蘭特正2","110/08/26","永豐金證券",6471,22,6449
"3424","00715L期街口布蘭特正2","110/08/26","元大-萬華",0,2051,-2051
"3425","00715L期街口布蘭特正2","110/08/26","元富",3942,0,3942
"3426","00715L期街口布蘭特正2","110/08/26","(牛牛牛)亞-鑫豐",17,1456,-1439
"3427","00715L期街口布蘭特正2","110/08/26","合庫證券",3500,20,3480
"3428","00715L期街口布蘭特正2","110/08/26","元大-新竹",110,1320,-1210
"3429","00715L期街口布蘭特正2","110/08/26","國票",2138,8,2130
"3430","00715L期街口布蘭特正2","110/08/26","元大-永康",0,1053,-1053
"3431","00715L期街口布蘭特正2","110/08/26","群益金鼎",1740,0,1740
"3432","00715L期街口布蘭特正2","110/08/26","華南永昌-台中",102,827,-725
"3433","00715L期街口布蘭特正2","110/08/26","統一",1396,3,1393
"3434","00715L期街口布蘭特正2","110/08/26","玉山-大里",2,630,-628
"3435","00715L期街口布蘭特正2","110/08/26","台新證券",1085,223,862
"3436","00715L期街口布蘭特正2","110/08/26","華南永昌",0,606,-606
"3437","00715L期街口布蘭特正2","110/08/26","聯邦-三重",550,19,531
"3438","00715L期街口布蘭特正2","110/08/26","新光",179,718,-539
"3439","00715L期街口布蘭特正2","110/08/26","國票-博愛",550,30,520
"3440","00715L期街口布蘭特正2","110/08/26","國泰-敦南",607,1119,-512
"3441","00715L期街口布蘭特正2","110/08/26","富邦證券",562,99,463
"3442","00715L期街口布蘭特正2","110/08/26","元大-大雅",22,524,-502
"3443","00715L期街口布蘭特正2","110/08/26","兆豐證券",600,156,444
"3444","00715L期街口布蘭特正2","110/08/26","玉山-新竹",0,489,-489
"3445","00715L期街口布蘭特正2","110/08/26","凱基-台北",401,129,272
"3446","00715L期街口布蘭特正2","110/08/26","第一金-路竹",5,459,-454
"3447","00715L期街口布蘭特正2","110/08/26","凱基-新豐",208,20,188
"3448","00715L期街口布蘭特正2","110/08/26","富邦-嘉義",0,406,-406
"3449","00715L期街口布蘭特正2","110/08/26","新光-桃園",92,29,63
"3450","00715L期街口布蘭特正2","110/08/26","元大-淡水",1,326,-325
"3451","8941關中","110/08/26","元大-四維",6,0,6
"3452","8941關中","110/08/26","凱基-中山",0,4,-4
"3453","8941關中","110/08/26","玉山證券",4,0,4
"3454","8941關中","110/08/26","富邦-員林",2,6,-4
"3455","8941關中","110/08/26","元富-台中",1,0,1
"3456","8941關中","110/08/26","彰銀-台中",0,1,-1
"3457","8941關中","110/08/26","元大-斗六",1,0,1
"3458","8941關中","110/08/26","第一金-台中",0,1,-1
"3459","8941關中","110/08/26","凱基-高美館",3,3,0
"3460","8941關中","110/08/26","康和-板橋",0,1,-1
"3461","8941關中","110/08/26","元大-金華",3,3,0
"3462","8941關中","110/08/26","元大-桃興",1,2,-1
"3463","8941關中","110/08/26","永豐金-敦北",0,0,0
"3464","8941關中","110/08/26","凱基-高美館",3,3,0
"3465","8941關中","110/08/26","永豐金-萬盛",0,0,0
"3466","8941關中","110/08/26","元大-金華",3,3,0
"3467","8941關中","110/08/26","永豐金-南投",0,0,0
"3468","8941關中","110/08/26","永豐金-敦北",0,0,0
"3469","8941關中","110/08/26","",NA,NA,NA
"3470","8941關中","110/08/26","永豐金-萬盛",0,0,0
"3471","8941關中","110/08/26","",NA,NA,NA
"3472","8941關中","110/08/26","永豐金-南投",0,0,0
"3473","8941關中","110/08/26","",NA,NA,NA
"3474","8941關中","110/08/26","",NA,NA,NA
"3475","8941關中","110/08/26","",NA,NA,NA
"3476","8941關中","110/08/26","",NA,NA,NA
"3477","8941關中","110/08/26","",NA,NA,NA
"3478","8941關中","110/08/26","",NA,NA,NA
"3479","8941關中","110/08/26","",NA,NA,NA
"3480","8941關中","110/08/26","",NA,NA,NA
"3481","8936國統","110/08/26","永豐金-苓雅",106,0,106
"3482","8936國統","110/08/26","元大-蘆洲",0,107,-107
"3483","8936國統","110/08/26","台新-高雄",48,2,46
"3484","8936國統","110/08/26","元富-新興",0,96,-96
"3485","8936國統","110/08/26","元大-天母",43,0,43
"3486","8936國統","110/08/26","康和-嘉義",2,79,-77
"3487","8936國統","110/08/26","光和-溪湖",40,0,40
"3488","8936國統","110/08/26","凱基-台北",1,72,-71
"3489","8936國統","110/08/26","元富-敦南",32,0,32
"3490","8936國統","110/08/26","新光-台中",30,89,-59
"3491","8936國統","110/08/26","中國信託-高雄",31,0,31
"3492","8936國統","110/08/26","國票-台東",0,50,-50
"3493","8936國統","110/08/26","國票-敦北法人",20,0,20
"3494","8936國統","110/08/26","摩根大通",4,39,-35
"3495","8936國統","110/08/26","台灣摩根士丹利",14,0,14
"3496","8936國統","110/08/26","富邦-陽明",0,30,-30
"3497","8936國統","110/08/26","美林",12,0,12
"3498","8936國統","110/08/26","新加坡商瑞銀",23,51,-28
"3499","8936國統","110/08/26","國泰-館前",12,0,12
"3500","8936國統","110/08/26","新光-新竹",5,25,-20
"3501","8936國統","110/08/26","第一金-桃園",11,0,11
"3502","8936國統","110/08/26","永豐金-北高雄",0,15,-15
"3503","8936國統","110/08/26","日盛證券",10,0,10
"3504","8936國統","110/08/26","群益金鼎-彰化",0,12,-12
"3505","8936國統","110/08/26","日盛-北高雄",10,0,10
"3506","8936國統","110/08/26","日盛-忠孝",0,10,-10
"3507","8936國統","110/08/26","統一-台中",10,0,10
"3508","8936國統","110/08/26","中國信託-松江",0,10,-10
"3509","8936國統","110/08/26","兆豐-竹北",10,0,10
"3510","8936國統","110/08/26","富邦-三重",0,10,-10
"3511","6226光鼎","110/08/26","大展-台南",235,14,221
"3512","6226光鼎","110/08/26","摩根大通",0,1105,-1105
"3513","6226光鼎","110/08/26","宏遠-光隆",186,32,154
"3514","6226光鼎","110/08/26","台灣摩根士丹利",12,742,-730
"3515","6226光鼎","110/08/26","兆豐-松德",145,0,145
"3516","6226光鼎","110/08/26","元大-大同",6,557,-551
"3517","6226光鼎","110/08/26","凱基-台北",204,67,137
"3518","6226光鼎","110/08/26","統一",13,410,-397
"3519","6226光鼎","110/08/26","合庫-台中",127,13,114
"3520","6226光鼎","110/08/26","凱基-永和",10,305,-295
"3521","6226光鼎","110/08/26","元大-敦化",97,0,97
"3522","6226光鼎","110/08/26","港商野村",193,480,-287
"3523","6226光鼎","110/08/26","中國信託-忠孝",97,13,84
"3524","6226光鼎","110/08/26","美商高盛",48,329,-281
"3525","6226光鼎","110/08/26","國泰-敦南",354,272,82
"3526","6226光鼎","110/08/26","美林",73,274,-201
"3527","6226光鼎","110/08/26","臺銀-鳳山",84,12,72
"3528","6226光鼎","110/08/26","統一-南京",5,205,-200
"3529","6226光鼎","110/08/26","元大-木柵",80,12,68
"3530","6226光鼎","110/08/26","富邦證券",0,95,-95
"3531","6226光鼎","110/08/26","富邦-台北",73,6,67
"3532","6226光鼎","110/08/26","凱基-大直",110,187,-77
"3533","6226光鼎","110/08/26","永豐金-苓雅",67,0,67
"3534","6226光鼎","110/08/26","元大-四維",61,135,-74
"3535","6226光鼎","110/08/26","元大-大雅",184,127,57
"3536","6226光鼎","110/08/26","群益金鼎-鳳山",2,61,-59
"3537","6226光鼎","110/08/26","玉山-板橋",55,0,55
"3538","6226光鼎","110/08/26","富邦-建國",18,74,-56
"3539","6226光鼎","110/08/26","元大-仁愛",55,0,55
"3540","6226光鼎","110/08/26","永豐金-虎尾",1,50,-49
"3541","2363矽統","110/08/26","美林",676,159,517
"3542","2363矽統","110/08/26","凱基-台北",1056,1726,-670
"3543","2363矽統","110/08/26","合庫-基隆",1381,1003,378
"3544","2363矽統","110/08/26","宏遠-光隆",18,368,-350
"3545","2363矽統","110/08/26","富邦-彰化",380,25,355
"3546","2363矽統","110/08/26","台新-台南",56,248,-192
"3547","2363矽統","110/08/26","第一金-桃園",311,12,299
"3548","2363矽統","110/08/26","日盛-南京",34,170,-136
"3549","2363矽統","110/08/26","華南永昌-台中",349,81,268
"3550","2363矽統","110/08/26","北城證券",206,329,-123
"3551","2363矽統","110/08/26","新光",480,249,231
"3552","2363矽統","110/08/26","光和-嘉義",20,137,-117
"3553","2363矽統","110/08/26","瑞士信貸",198,3,195
"3554","2363矽統","110/08/26","統一-城中",75,189,-114
"3555","2363矽統","110/08/26","元大-前金",160,31,129
"3556","2363矽統","110/08/26","華南永昌-朴子",28,131,-103
"3557","2363矽統","110/08/26","元大-博愛",157,31,126
"3558","2363矽統","110/08/26","康和-嘉義",3,101,-98
"3559","2363矽統","110/08/26","凱基-嘉義",90,6,84
"3560","2363矽統","110/08/26","凱基-中山",8,105,-97
"3561","2363矽統","110/08/26","玉山-桃園",104,24,80
"3562","2363矽統","110/08/26","台新-台中",29,118,-89
"3563","2363矽統","110/08/26","元大-和平",80,13,67
"3564","2363矽統","110/08/26","凱基-大直",30,108,-78
"3565","2363矽統","110/08/26","第一金-嘉義",71,11,60
"3566","2363矽統","110/08/26","亞東-板橋",17,89,-72
"3567","2363矽統","110/08/26","新光-桃園",163,105,58
"3568","2363矽統","110/08/26","國泰-板橋",93,164,-71
"3569","2363矽統","110/08/26","元大-左營",68,13,55
"3570","2363矽統","110/08/26","統一-永和",2,62,-60
"3571","8112至上","110/08/26","凱基-台北",372,56,316
"3572","8112至上","110/08/26","群益金鼎",0,150,-150
"3573","8112至上","110/08/26","摩根大通",376,62,314
"3574","8112至上","110/08/26","台新-台中",10,113,-103
"3575","8112至上","110/08/26","凱基-竹科",151,1,150
"3576","8112至上","110/08/26","群益金鼎-基隆",0,90,-90
"3577","8112至上","110/08/26","新加坡商瑞銀",191,45,146
"3578","8112至上","110/08/26","永豐金-台中",1,80,-79
"3579","8112至上","110/08/26","台灣摩根士丹利",129,41,88
"3580","8112至上","110/08/26","凱基-東勢",0,50,-50
"3581","8112至上","110/08/26","美商高盛",172,92,80
"3582","8112至上","110/08/26","凱基-北門",0,50,-50
"3583","8112至上","110/08/26","日進",69,3,66
"3584","8112至上","110/08/26","元大-西門",0,50,-50
"3585","8112至上","110/08/26","兆豐-西螺",60,0,60
"3586","8112至上","110/08/26","群益金鼎-高雄",0,40,-40
"3587","8112至上","110/08/26","港商野村",63,24,39
"3588","8112至上","110/08/26","元富-新莊",0,31,-31
"3589","8112至上","110/08/26","元大-竹東",30,0,30
"3590","8112至上","110/08/26","日盛-復興",1,31,-30
"3591","8112至上","110/08/26","元大-淡水",30,2,28
"3592","8112至上","110/08/26","統一-南京",0,30,-30
"3593","8112至上","110/08/26","康和",30,5,25
"3594","8112至上","110/08/26","凱基-士林",1,31,-30
"3595","8112至上","110/08/26","凱基-三重",22,0,22
"3596","8112至上","110/08/26","元大-佳里",0,30,-30
"3597","8112至上","110/08/26","元大-楊梅",20,1,19
"3598","8112至上","110/08/26","台灣企銀-民雄",0,27,-27
"3599","8112至上","110/08/26","元大-豐原",20,2,18
"3600","8112至上","110/08/26","日盛-台南",0,27,-27
"3601","1570力肯","110/08/26","群益金鼎-高雄",34,0,34
"3602","1570力肯","110/08/26","永豐金-虎尾",0,50,-50
"3603","1570力肯","110/08/26","香港上海匯豐",21,0,21
"3604","1570力肯","110/08/26","富邦-高雄",0,38,-38
"3605","1570力肯","110/08/26","凱基-台北",9,1,8
"3606","1570力肯","110/08/26","華南永昌-麻豆",0,14,-14
"3607","1570力肯","110/08/26","國票-台中",7,0,7
"3608","1570力肯","110/08/26","摩根大通",0,11,-11
"3609","1570力肯","110/08/26","美林",6,0,6
"3610","1570力肯","110/08/26","凱基-復興",0,7,-7
"3611","1570力肯","110/08/26","群益金鼎-瑞豐",6,0,6
"3612","1570力肯","110/08/26","元大-基隆孝二",0,7,-7
"3613","1570力肯","110/08/26","日茂-南投",5,0,5
"3614","1570力肯","110/08/26","國票-博愛",2,8,-6
"3615","1570力肯","110/08/26","兆豐-鹿港",5,0,5
"3616","1570力肯","110/08/26","元富-城東",0,5,-5
"3617","1570力肯","110/08/26","兆豐-松德",5,0,5
"3618","1570力肯","110/08/26","兆豐-中壢",0,4,-4
"3619","1570力肯","110/08/26","國票-和平",5,0,5
"3620","1570力肯","110/08/26","華南永昌-大安",0,4,-4
"3621","1570力肯","110/08/26","凱基-站前",5,0,5
"3622","1570力肯","110/08/26","統一-三重",0,3,-3
"3623","1570力肯","110/08/26","元大-新竹經國",5,0,5
"3624","1570力肯","110/08/26","統一-員林",0,2,-2
"3625","1570力肯","110/08/26","元大-草屯",4,0,4
"3626","1570力肯","110/08/26","凱基-天母",0,2,-2
"3627","1570力肯","110/08/26","(牛牛牛)亞-鑫豐",3,0,3
"3628","1570力肯","110/08/26","元大-大里",0,2,-2
"3629","1570力肯","110/08/26","國票-北高雄",4,1,3
"3630","1570力肯","110/08/26","大慶-富順",0,1,-1
"3631","2929淘帝","110/08/26","新光-新竹",47,0,47
"3632","2929淘帝","110/08/26","元大-豐原站前",0,20,-20
"3633","2929淘帝","110/08/26","摩根大通",20,0,20
"3634","2929淘帝","110/08/26","康和-仁愛",0,17,-17
"3635","2929淘帝","110/08/26","兆豐-民生",10,0,10
"3636","2929淘帝","110/08/26","新光-台中",16,32,-16
"3637","2929淘帝","110/08/26","元大-承德",10,0,10
"3638","2929淘帝","110/08/26","港商野村",3,15,-12
"3639","2929淘帝","110/08/26","元大-萬華",10,0,10
"3640","2929淘帝","110/08/26","合庫-自強",0,10,-10
"3641","2929淘帝","110/08/26","日盛-和美",5,0,5
"3642","2929淘帝","110/08/26","美林",3,12,-9
"3643","2929淘帝","110/08/26","台中銀-豐原",5,0,5
"3644","2929淘帝","110/08/26","富邦-南屯",1,10,-9
"3645","2929淘帝","110/08/26","國泰-敦南",5,0,5
"3646","2929淘帝","110/08/26","元富-花蓮",0,8,-8
"3647","2929淘帝","110/08/26","元大-大雅",5,0,5
"3648","2929淘帝","110/08/26","富邦-高雄",0,8,-8
"3649","2929淘帝","110/08/26","元大-蘆洲",5,0,5
"3650","2929淘帝","110/08/26","華南永昌-古亭",0,5,-5
"3651","2929淘帝","110/08/26","富邦-內湖",4,0,4
"3652","2929淘帝","110/08/26","港商法國興業",0,4,-4
"3653","2929淘帝","110/08/26","元大-太平",4,0,4
"3654","2929淘帝","110/08/26","新加坡商瑞銀",0,4,-4
"3655","2929淘帝","110/08/26","新光-台南",3,0,3
"3656","2929淘帝","110/08/26","第一金-台南",0,4,-4
"3657","2929淘帝","110/08/26","陽信",3,0,3
"3658","2929淘帝","110/08/26","凱基-長庚",0,4,-4
"3659","2929淘帝","110/08/26","國泰-板橋",3,0,3
"3660","2929淘帝","110/08/26","元大-新竹經國",0,4,-4
"3661","5410國眾","110/08/26","香港上海匯豐",34,0,34
"3662","5410國眾","110/08/26","高橋",0,20,-20
"3663","5410國眾","110/08/26","凱基-台北",34,1,33
"3664","5410國眾","110/08/26","寶盛",0,10,-10
"3665","5410國眾","110/08/26","玉山-高雄",15,0,15
"3666","5410國眾","110/08/26","安泰",0,10,-10
"3667","5410國眾","110/08/26","富邦-內湖",10,0,10
"3668","5410國眾","110/08/26","國泰-敦南",0,10,-10
"3669","5410國眾","110/08/26","元大-中壢",7,0,7
"3670","5410國眾","110/08/26","國泰-台南",0,9,-9
"3671","5410國眾","110/08/26","元大-內湖",7,0,7
"3672","5410國眾","110/08/26","玉山-雙和",0,7,-7
"3673","5410國眾","110/08/26","康和-新竹",6,0,6
"3674","5410國眾","110/08/26","元大-金華",0,7,-7
"3675","5410國眾","110/08/26","摩根大通",5,0,5
"3676","5410國眾","110/08/26","台新-建北",0,6,-6
"3677","5410國眾","110/08/26","凱基-長庚",5,0,5
"3678","5410國眾","110/08/26","元大-羅東",0,6,-6
"3679","5410國眾","110/08/26","元大-向上",5,0,5
"3680","5410國眾","110/08/26","合庫-嘉義",0,5,-5
"3681","5410國眾","110/08/26","元大-南屯",5,0,5
"3682","5410國眾","110/08/26","新光",1,6,-5
"3683","5410國眾","110/08/26","華南永昌-林口",4,0,4
"3684","5410國眾","110/08/26","富邦-台北",0,5,-5
"3685","5410國眾","110/08/26","台新-中壢",3,0,3
"3686","5410國眾","110/08/26","元大-土城",0,5,-5
"3687","5410國眾","110/08/26","華南永昌-內壢",3,0,3
"3688","5410國眾","110/08/26","臺銀-臺中",0,3,-3
"3689","5410國眾","110/08/26","元大-北投",2,0,2
"3690","5410國眾","110/08/26","第一金-澎湖",0,3,-3
"3691","2841台開","110/08/26","宏遠-館前",180,0,180
"3692","2841台開","110/08/26","台中銀",0,50,-50
"3693","2841台開","110/08/26","元富-新興",25,0,25
"3694","2841台開","110/08/26","港商野村",0,35,-35
"3695","2841台開","110/08/26","永豐金-敦南",23,12,11
"3696","2841台開","110/08/26","台新-屏東",0,21,-21
"3697","2841台開","110/08/26","康和-內湖",8,0,8
"3698","2841台開","110/08/26","新加坡商瑞銀",0,20,-20
"3699","2841台開","110/08/26","永豐金-古亭",6,0,6
"3700","2841台開","110/08/26","新光-新竹",0,20,-20
"3701","2841台開","110/08/26","台新-新營",5,0,5
"3702","2841台開","110/08/26","元大-彰化民生",0,18,-18
"3703","2841台開","110/08/26","玉山證券",5,0,5
"3704","2841台開","110/08/26","台灣摩根士丹利",0,12,-12
"3705","2841台開","110/08/26","元大-板橋",4,0,4
"3706","2841台開","110/08/26","日盛-頭份",0,11,-11
"3707","2841台開","110/08/26","國泰-敦南",3,0,3
"3708","2841台開","110/08/26","華南永昌-虎尾",0,10,-10
"3709","2841台開","110/08/26","日盛-和美",2,0,2
"3710","2841台開","110/08/26","元大-承德",0,10,-10
"3711","2841台開","110/08/26","台新-台南",2,0,2
"3712","2841台開","110/08/26","元大-北三重",0,10,-10
"3713","2841台開","110/08/26","凱基-台北",5,3,2
"3714","2841台開","110/08/26","富邦-宜蘭",0,7,-7
"3715","2841台開","110/08/26","合庫-自強",1,0,1
"3716","2841台開","110/08/26","華南永昌-岡山",0,5,-5
"3717","2841台開","110/08/26","元富-板橋",1,0,1
"3718","2841台開","110/08/26","富邦-中壢",0,5,-5
"3719","2841台開","110/08/26","群益金鼎-崇德",1,0,1
"3720","2841台開","110/08/26","日盛-二林",0,4,-4
"3721","6207雷科","110/08/26","凱基-台北",21,0,21
"3722","6207雷科","110/08/26","新加坡商瑞銀",1,63,-62
"3723","6207雷科","110/08/26","統一-竹南",18,0,18
"3724","6207雷科","110/08/26","凱基-高美館",5,32,-27
"3725","6207雷科","110/08/26","凱基-台東",15,0,15
"3726","6207雷科","110/08/26","第一金-華江",0,11,-11
"3727","6207雷科","110/08/26","元大-六合",12,0,12
"3728","6207雷科","110/08/26","國泰-板橋",0,11,-11
"3729","6207雷科","110/08/26","元大-大灣",10,0,10
"3730","6207雷科","110/08/26","港商野村",10,20,-10
"3731","6207雷科","110/08/26","瑞士信貸",7,0,7
"3732","6207雷科","110/08/26","國票-中正",0,10,-10
"3733","6207雷科","110/08/26","亞東-台南",7,0,7
"3734","6207雷科","110/08/26","永豐金-內湖",0,10,-10
"3735","6207雷科","110/08/26","寶盛",6,0,6
"3736","6207雷科","110/08/26","中國信託-高雄",0,9,-9
"3737","6207雷科","110/08/26","永豐金-板新",6,0,6
"3738","6207雷科","110/08/26","元大-大同",0,8,-8
"3739","6207雷科","110/08/26","日盛-員林",22,17,5
"3740","6207雷科","110/08/26","合庫-台中",0,5,-5
"3741","6207雷科","110/08/26","第一金-高雄",5,0,5
"3742","6207雷科","110/08/26","第一金-中山",0,5,-5
"3743","6207雷科","110/08/26","第一金-路竹",5,0,5
"3744","6207雷科","110/08/26","德信-和平",0,5,-5
"3745","6207雷科","110/08/26","兆豐-三民",5,0,5
"3746","6207雷科","110/08/26","群益金鼎-忠孝",0,5,-5
"3747","6207雷科","110/08/26","國票-新莊",5,0,5
"3748","6207雷科","110/08/26","凱基-長庚",0,5,-5
"3749","6207雷科","110/08/26","群益金鼎-高盛",5,0,5
"3750","6207雷科","110/08/26","華南永昌-林口",0,5,-5
"3751","3679新至陞","110/08/26","永豐金-南投",13,0,13
"3752","3679新至陞","110/08/26","凱基-台北",0,11,-11
"3753","3679新至陞","110/08/26","元大-大天母",10,0,10
"3754","3679新至陞","110/08/26","摩根大通",0,10,-10
"3755","3679新至陞","110/08/26","玉山-台大",6,0,6
"3756","3679新至陞","110/08/26","美林",0,9,-9
"3757","3679新至陞","110/08/26","台灣摩根士丹利",3,2,1
"3758","3679新至陞","110/08/26","瑞士信貸",0,5,-5
"3759","3679新至陞","110/08/26","亞東-板橋",1,0,1
"3760","3679新至陞","110/08/26","華南永昌-嘉義",0,4,-4
"3761","3679新至陞","110/08/26","統一-桃園",1,0,1
"3762","3679新至陞","110/08/26","元大-福營",0,3,-3
"3763","3679新至陞","110/08/26","元富-埔里",1,0,1
"3764","3679新至陞","110/08/26","花旗環球",0,1,-1
"3765","3679新至陞","110/08/26","台中銀-員林",1,0,1
"3766","3679新至陞","110/08/26","新加坡商瑞銀",0,1,-1
"3767","3679新至陞","110/08/26","兆豐-來福",1,0,1
"3768","3679新至陞","110/08/26","中國信託-永康",0,1,-1
"3769","3679新至陞","110/08/26","兆豐-松德",1,0,1
"3770","3679新至陞","110/08/26","國票-中和",0,1,-1
"3771","3679新至陞","110/08/26","玉山-高雄",2,1,1
"3772","3679新至陞","110/08/26","香港上海匯豐",0,1,-1
"3773","3679新至陞","110/08/26","凱基-桃園",1,0,1
"3774","3679新至陞","110/08/26","富邦-建國",0,1,-1
"3775","3679新至陞","110/08/26","凱基-幸福",1,0,1
"3776","3679新至陞","110/08/26","富邦-新店",1,2,-1
"3777","3679新至陞","110/08/26","凱基-城中",1,0,1
"3778","3679新至陞","110/08/26","元大-永春",0,1,-1
"3779","3679新至陞","110/08/26","華南永昌-大安",1,0,1
"3780","3679新至陞","110/08/26","永豐金證券",0,1,-1
"3781","2727王品","110/08/26","瑞士信貸",54,0,54
"3782","2727王品","110/08/26","凱基-台北",11,70,-59
"3783","2727王品","110/08/26","元大-桃園",26,0,26
"3784","2727王品","110/08/26","永豐金證券",0,48,-48
"3785","2727王品","110/08/26","兆豐-北高雄",32,7,25
"3786","2727王品","110/08/26","華南永昌-鳳山",0,36,-36
"3787","2727王品","110/08/26","台新證券",29,8,21
"3788","2727王品","110/08/26","元大-彰化民生",1,35,-34
"3789","2727王品","110/08/26","康和-澎湖",20,0,20
"3790","2727王品","110/08/26","摩根大通",13,46,-33
"3791","2727王品","110/08/26","台灣摩根士丹利",54,35,19
"3792","2727王品","110/08/26","元大證券",25,57,-32
"3793","2727王品","110/08/26","(牛牛牛)亞-鑫豐",18,2,16
"3794","2727王品","110/08/26","彰銀-台中",1,30,-29
"3795","2727王品","110/08/26","元大-中壢",16,1,15
"3796","2727王品","110/08/26","國泰證券",0,19,-19
"3797","2727王品","110/08/26","華南永昌",13,1,12
"3798","2727王品","110/08/26","富邦-建國",2,21,-19
"3799","2727王品","110/08/26","永豐金-萬盛",12,0,12
"3800","2727王品","110/08/26","美林",5,19,-14
"3801","2727王品","110/08/26","新光-台中",14,3,11
"3802","2727王品","110/08/26","統一",0,14,-14
"3803","2727王品","110/08/26","新光",19,9,10
"3804","2727王品","110/08/26","國票-內壢",1,14,-13
"3805","2727王品","110/08/26","國泰-台南",12,3,9
"3806","2727王品","110/08/26","台灣企銀",0,12,-12
"3807","2727王品","110/08/26","元大-景美",9,1,8
"3808","2727王品","110/08/26","康和-高雄",0,10,-10
"3809","2727王品","110/08/26","國泰-敦南",20,13,7
"3810","2727王品","110/08/26","統一-松江",0,8,-8
"3811","1570力肯","110/08/26","群益金鼎-高雄",34,0,34
"3812","1570力肯","110/08/26","永豐金-虎尾",0,50,-50
"3813","1570力肯","110/08/26","香港上海匯豐",21,0,21
"3814","1570力肯","110/08/26","富邦-高雄",0,38,-38
"3815","1570力肯","110/08/26","凱基-台北",9,1,8
"3816","1570力肯","110/08/26","華南永昌-麻豆",0,14,-14
"3817","1570力肯","110/08/26","國票-台中",7,0,7
"3818","1570力肯","110/08/26","摩根大通",0,11,-11
"3819","1570力肯","110/08/26","美林",6,0,6
"3820","1570力肯","110/08/26","凱基-復興",0,7,-7
"3821","1570力肯","110/08/26","群益金鼎-瑞豐",6,0,6
"3822","1570力肯","110/08/26","元大-基隆孝二",0,7,-7
"3823","1570力肯","110/08/26","日茂-南投",5,0,5
"3824","1570力肯","110/08/26","國票-博愛",2,8,-6
"3825","1570力肯","110/08/26","兆豐-鹿港",5,0,5
"3826","1570力肯","110/08/26","元富-城東",0,5,-5
"3827","1570力肯","110/08/26","兆豐-松德",5,0,5
"3828","1570力肯","110/08/26","兆豐-中壢",0,4,-4
"3829","1570力肯","110/08/26","國票-和平",5,0,5
"3830","1570力肯","110/08/26","華南永昌-大安",0,4,-4
"3831","1570力肯","110/08/26","凱基-站前",5,0,5
"3832","1570力肯","110/08/26","統一-三重",0,3,-3
"3833","1570力肯","110/08/26","元大-新竹經國",5,0,5
"3834","1570力肯","110/08/26","統一-員林",0,2,-2
"3835","1570力肯","110/08/26","元大-草屯",4,0,4
"3836","1570力肯","110/08/26","凱基-天母",0,2,-2
"3837","1570力肯","110/08/26","(牛牛牛)亞-鑫豐",3,0,3
"3838","1570力肯","110/08/26","元大-大里",0,2,-2
"3839","1570力肯","110/08/26","國票-北高雄",4,1,3
"3840","1570力肯","110/08/26","大慶-富順",0,1,-1
"3841","6180橘子","110/08/26","港商野村",126,2,124
"3842","6180橘子","110/08/26","國票-南港",0,71,-71
"3843","6180橘子","110/08/26","美林",29,0,29
"3844","6180橘子","110/08/26","新加坡商瑞銀",0,31,-31
"3845","6180橘子","110/08/26","國泰-敦南",19,1,18
"3846","6180橘子","110/08/26","大慶-富順",0,22,-22
"3847","6180橘子","110/08/26","日盛-文化",15,0,15
"3848","6180橘子","110/08/26","摩根大通",28,47,-19
"3849","6180橘子","110/08/26","美商高盛",26,11,15
"3850","6180橘子","110/08/26","華南永昌-公誠",1,20,-19
"3851","6180橘子","110/08/26","高橋",15,0,15
"3852","6180橘子","110/08/26","元大-台中中港",1,17,-16
"3853","6180橘子","110/08/26","新光-台中",14,0,14
"3854","6180橘子","110/08/26","新光",5,20,-15
"3855","6180橘子","110/08/26","日盛-中壢",13,0,13
"3856","6180橘子","110/08/26","國泰-高雄",1,16,-15
"3857","6180橘子","110/08/26","富邦-新營",13,0,13
"3858","6180橘子","110/08/26","凱基-台北",263,277,-14
"3859","6180橘子","110/08/26","永豐金-松山",14,1,13
"3860","6180橘子","110/08/26","元大-天母",0,14,-14
"3861","6180橘子","110/08/26","日盛-花蓮",10,0,10
"3862","6180橘子","110/08/26","元大-草屯",0,13,-13
"3863","6180橘子","110/08/26","第一金-光復",14,4,10
"3864","6180橘子","110/08/26","富隆-長安",0,12,-12
"3865","6180橘子","110/08/26","台新-高雄",10,0,10
"3866","6180橘子","110/08/26","凱基-站前",0,12,-12
"3867","6180橘子","110/08/26","玉山-高雄",12,2,10
"3868","6180橘子","110/08/26","元大-北成功",0,12,-12
"3869","6180橘子","110/08/26","凱基-高雄",10,0,10
"3870","6180橘子","110/08/26","合庫-新竹",2,12,-10
"3871","2390云辰","110/08/26","統一-新台中",134,19,115
"3872","2390云辰","110/08/26","元大證券",22,150,-128
"3873","2390云辰","110/08/26","元大-松山",82,0,82
"3874","2390云辰","110/08/26","摩根大通",18,141,-123
"3875","2390云辰","110/08/26","國泰-桃園",78,7,71
"3876","2390云辰","110/08/26","凱基-湖口",6,101,-95
"3877","2390云辰","110/08/26","元大-土城學府",121,63,58
"3878","2390云辰","110/08/26","元大-前金",3,82,-79
"3879","2390云辰","110/08/26","台新-左楠",47,0,47
"3880","2390云辰","110/08/26","康和-石牌",3,53,-50
"3881","2390云辰","110/08/26","玉山-板橋",45,1,44
"3882","2390云辰","110/08/26","港商野村",348,393,-45
"3883","2390云辰","110/08/26","國票-嘉義",40,0,40
"3884","2390云辰","110/08/26","凱基-大直",0,45,-45
"3885","2390云辰","110/08/26","凱基-台北",142,106,36
"3886","2390云辰","110/08/26","新加坡商瑞銀",4,48,-44
"3887","2390云辰","110/08/26","群益金鼎-民權",33,0,33
"3888","2390云辰","110/08/26","永豐金-敦北",1,40,-39
"3889","2390云辰","110/08/26","富邦-三重",33,1,32
"3890","2390云辰","110/08/26","大慶-富順",7,40,-33
"3891","2390云辰","110/08/26","富邦-中壢",35,8,27
"3892","2390云辰","110/08/26","元大-豐原",3,36,-33
"3893","2390云辰","110/08/26","玉山-嘉義",29,3,26
"3894","2390云辰","110/08/26","日盛-和美",0,30,-30
"3895","2390云辰","110/08/26","高橋-中壢",25,0,25
"3896","2390云辰","110/08/26","宏遠證券",0,30,-30
"3897","2390云辰","110/08/26","國泰-板橋",44,19,25
"3898","2390云辰","110/08/26","元大-士林",4,34,-30
"3899","2390云辰","110/08/26","富邦-陽明",43,18,25
"3900","2390云辰","110/08/26","台灣摩根士丹利",5,34,-29
"3901","1315達新","110/08/25","凱基-中港",7,0,7
"3902","1315達新","110/08/25","群益金鼎-東湖",0,9,-9
"3903","1315達新","110/08/25","富邦-台中",7,0,7
"3904","1315達新","110/08/25","永豐金證券",0,8,-8
"3905","1315達新","110/08/25","台灣摩根士丹利",4,0,4
"3906","1315達新","110/08/25","群益金鼎-瑞豐",0,3,-3
"3907","1315達新","110/08/25","元大-歸仁",2,0,2
"3908","1315達新","110/08/25","元富-世貿",0,2,-2
"3909","1315達新","110/08/25","元大-南屯",2,0,2
"3910","1315達新","110/08/25","元富-花蓮",0,2,-2
"3911","1315達新","110/08/25","永豐金-中正",2,0,2
"3912","1315達新","110/08/25","元大-文心興安",0,2,-2
"3913","1315達新","110/08/25","統一-城中",1,0,1
"3914","1315達新","110/08/25","宏遠-館前",0,1,-1
"3915","1315達新","110/08/25","統一-三重",1,0,1
"3916","1315達新","110/08/25","統一-敦南",0,1,-1
"3917","1315達新","110/08/25","德信-中正",1,0,1
"3918","1315達新","110/08/25","元富-文心",0,1,-1
"3919","1315達新","110/08/25","玉山-新莊",1,0,1
"3920","1315達新","110/08/25","兆豐-嘉義",0,1,-1
"3921","1315達新","110/08/25","國泰-台南",1,0,1
"3922","1315達新","110/08/25","凱基-市政",0,1,-1
"3923","1315達新","110/08/25","群益金鼎-建成",1,0,1
"3924","1315達新","110/08/25","元大-開元",0,1,-1
"3925","1315達新","110/08/25","群益金鼎-鳳山",1,0,1
"3926","1315達新","110/08/25","元大-東蘆",0,1,-1
"3927","1315達新","110/08/25","凱基",1,0,1
"3928","1315達新","110/08/25","元大-桃園",0,1,-1
"3929","1315達新","110/08/25","凱基-台北",1,0,1
"3930","1315達新","110/08/25","元大-北投",0,1,-1
"3931","2609陽明","110/08/25","康和",4817,1130,3687
"3932","2609陽明","110/08/25","富邦證券",20,1499,-1479
"3933","2609陽明","110/08/25","富邦-虎尾",5954,3739,2215
"3934","2609陽明","110/08/25","華南永昌-虎尾",60,1507,-1447
"3935","2609陽明","110/08/25","台灣摩根士丹利",2126,25,2101
"3936","2609陽明","110/08/25","華南永昌-竹北",35,1362,-1327
"3937","2609陽明","110/08/25","凱基-台北",2778,942,1836
"3938","2609陽明","110/08/25","富邦-建國",327,1397,-1070
"3939","2609陽明","110/08/25","兆豐-虎尾",5704,4355,1349
"3940","2609陽明","110/08/25","群益金鼎-大安",177,815,-638
"3941","2609陽明","110/08/25","元大-開元",1090,150,940
"3942","2609陽明","110/08/25","永豐金-松山",135,646,-511
"3943","2609陽明","110/08/25","新加坡商瑞銀",1582,730,852
"3944","2609陽明","110/08/25","華南永昌-長虹",344,810,-466
"3945","2609陽明","110/08/25","統一-仁愛",961,139,822
"3946","2609陽明","110/08/25","新光",1804,2222,-418
"3947","2609陽明","110/08/25","瑞士信貸",1307,553,754
"3948","2609陽明","110/08/25","合庫-桃園",48,447,-399
"3949","2609陽明","110/08/25","美林",4574,3894,680
"3950","2609陽明","110/08/25","元大-雙和",203,536,-333
"3951","2609陽明","110/08/25","國票-彰化",685,112,573
"3952","2609陽明","110/08/25","永豐金證券",145,468,-323
"3953","2609陽明","110/08/25","摩根大通",4654,4103,551
"3954","2609陽明","110/08/25","兆豐-板橋",88,398,-310
"3955","2609陽明","110/08/25","日盛-板橋",648,186,462
"3956","2609陽明","110/08/25","群益金鼎-敦南",98,346,-248
"3957","2609陽明","110/08/25","兆豐-彰化",904,448,456
"3958","2609陽明","110/08/25","國泰-敦南",1686,1916,-230
"3959","2609陽明","110/08/25","兆豐-中壢",425,15,410
"3960","2609陽明","110/08/25","元大-佳里",54,271,-217
"3961","2636台驊投控","110/08/25","凱基-台北",791,245,546
"3962","2636台驊投控","110/08/25","日進",10,242,-232
"3963","2636台驊投控","110/08/25","美商高盛",508,168,340
"3964","2636台驊投控","110/08/25","兆豐-中壢",0,209,-209
"3965","2636台驊投控","110/08/25","國票-彰化",292,29,263
"3966","2636台驊投控","110/08/25","元大-松江",3,68,-65
"3967","2636台驊投控","110/08/25","美林",331,117,214
"3968","2636台驊投控","110/08/25","國泰-敦南",61,106,-45
"3969","2636台驊投控","110/08/25","摩根大通",424,213,211
"3970","2636台驊投控","110/08/25","富邦-嘉義",10,55,-45
"3971","2636台驊投控","110/08/25","港商野村",852,674,178
"3972","2636台驊投控","110/08/25","群益金鼎-大安",2,43,-41
"3973","2636台驊投控","110/08/25","台灣摩根士丹利",205,89,116
"3974","2636台驊投控","110/08/25","元大-林森",45,84,-39
"3975","2636台驊投控","110/08/25","瑞士信貸",148,86,62
"3976","2636台驊投控","110/08/25","華南永昌-合泰",0,36,-36
"3977","2636台驊投控","110/08/25","元大-士林",43,0,43
"3978","2636台驊投控","110/08/25","富邦-建國",17,52,-35
"3979","2636台驊投控","110/08/25","宏遠-台南",37,3,34
"3980","2636台驊投控","110/08/25","兆豐-城中",1,31,-30
"3981","2636台驊投控","110/08/25","永豐金-萬盛",38,4,34
"3982","2636台驊投控","110/08/25","新光-台中",33,62,-29
"3983","2636台驊投控","110/08/25","凱基-鳳山",32,2,30
"3984","2636台驊投控","110/08/25","台新-台中",13,40,-27
"3985","2636台驊投控","110/08/25","元大-桃園",29,1,28
"3986","2636台驊投控","110/08/25","玉山證券",20,47,-27
"3987","2636台驊投控","110/08/25","新加坡商瑞銀",58,33,25
"3988","2636台驊投控","110/08/25","永豐金-天母",3,30,-27
"3989","2636台驊投控","110/08/25","兆豐-三民",21,0,21
"3990","2636台驊投控","110/08/25","元大-成功",2,24,-22
"3991","2867三商壽","110/08/25","華南永昌-大安",201,0,201
"3992","2867三商壽","110/08/25","元大-北投",0,384,-384
"3993","2867三商壽","110/08/25","元大-竹科",140,0,140
"3994","2867三商壽","110/08/25","摩根大通",78,315,-237
"3995","2867三商壽","110/08/25","美林",174,50,124
"3996","2867三商壽","110/08/25","國泰證券",0,150,-150
"3997","2867三商壽","110/08/25","凱基-台北",125,26,99
"3998","2867三商壽","110/08/25","土銀-台中",0,120,-120
"3999","2867三商壽","110/08/25","瑞士信貸",98,0,98
"4000","2867三商壽","110/08/25","台灣摩根士丹利",0,120,-120
"4001","2867三商壽","110/08/25","兆豐-新營",70,0,70
"4002","2867三商壽","110/08/25","日盛-員林",0,99,-99
"4003","2867三商壽","110/08/25","兆豐-永和",64,0,64
"4004","2867三商壽","110/08/25","兆豐-斗南",0,40,-40
"4005","2867三商壽","110/08/25","群益金鼎-大甲",47,4,43
"4006","2867三商壽","110/08/25","中國信託-永康",0,35,-35
"4007","2867三商壽","110/08/25","群益金鼎-東門",40,0,40
"4008","2867三商壽","110/08/25","群益金鼎-屏東",0,32,-32
"4009","2867三商壽","110/08/25","元大-沙鹿",40,0,40
"4010","2867三商壽","110/08/25","群益金鼎-彰化",2,32,-30
"4011","2867三商壽","110/08/25","國泰-板橋",40,1,39
"4012","2867三商壽","110/08/25","元大-基隆孝二",0,30,-30
"4013","2867三商壽","110/08/25","元大-桃園",36,0,36
"4014","2867三商壽","110/08/25","元大-四維",0,25,-25
"4015","2867三商壽","110/08/25","合庫-基隆",30,0,30
"4016","2867三商壽","110/08/25","國票-北高雄",0,20,-20
"4017","2867三商壽","110/08/25","凱基",26,0,26
"4018","2867三商壽","110/08/25","華南永昌-南京",0,20,-20
"4019","2867三商壽","110/08/25","兆豐-台南",25,0,25
"4020","2867三商壽","110/08/25","宏遠-台中",0,16,-16
"4021","5521工信","110/08/25","凱基-台北",112,46,66
"4022","5521工信","110/08/25","兆豐-桃園",0,207,-207
"4023","5521工信","110/08/25","元大證券",66,0,66
"4024","5521工信","110/08/25","台灣摩根士丹利",1,206,-205
"4025","5521工信","110/08/25","元大-大統",42,0,42
"4026","5521工信","110/08/25","華南永昌-朴子",10,53,-43
"4027","5521工信","110/08/25","元大-南屯",40,0,40
"4028","5521工信","110/08/25","美林",0,35,-35
"4029","5521工信","110/08/25","華南永昌",38,0,38
"4030","5521工信","110/08/25","國泰-板橋",0,34,-34
"4031","5521工信","110/08/25","合庫-台南",30,0,30
"4032","5521工信","110/08/25","豐農",0,30,-30
"4033","5521工信","110/08/25","高橋-內壢",30,0,30
"4034","5521工信","110/08/25","富邦-新竹",0,21,-21
"4035","5521工信","110/08/25","摩根大通",121,91,30
"4036","5521工信","110/08/25","群益金鼎-萬華",0,20,-20
"4037","5521工信","110/08/25","台新-左楠",28,0,28
"4038","5521工信","110/08/25","元大-基隆孝二",0,20,-20
"4039","5521工信","110/08/25","日盛-斗六",26,0,26
"4040","5521工信","110/08/25","凱基-斗六",2,20,-18
"4041","5521工信","110/08/25","元大-東蘆",21,0,21
"4042","5521工信","110/08/25","富邦-陽明",0,16,-16
"4043","5521工信","110/08/25","第一金-新竹",21,3,18
"4044","5521工信","110/08/25","港商野村",0,13,-13
"4045","5521工信","110/08/25","玉山-新莊",16,0,16
"4046","5521工信","110/08/25","群益金鼎-館前",0,11,-11
"4047","5521工信","110/08/25","元大-北投",15,0,15
"4048","5521工信","110/08/25","土銀-高雄",0,10,-10
"4049","5521工信","110/08/25","凱基-台東",15,1,14
"4050","5521工信","110/08/25","統一",0,10,-10
"4051","1471首利","110/08/25","元大-敦化",86,0,86
"4052","1471首利","110/08/25","元大-清水",0,111,-111
"4053","1471首利","110/08/25","凱基-台北",46,0,46
"4054","1471首利","110/08/25","群益金鼎-東大",0,78,-78
"4055","1471首利","110/08/25","美林",34,0,34
"4056","1471首利","110/08/25","新光",0,39,-39
"4057","1471首利","110/08/25","摩根大通",53,26,27
"4058","1471首利","110/08/25","國票-北高雄",0,25,-25
"4059","1471首利","110/08/25","凱基-五股",25,0,25
"4060","1471首利","110/08/25","富邦-高雄",0,15,-15
"4061","1471首利","110/08/25","日盛-樹林",20,0,20
"4062","1471首利","110/08/25","兆豐-員林",0,14,-14
"4063","1471首利","110/08/25","瑞士信貸",20,0,20
"4064","1471首利","110/08/25","元大-土城永寧",0,13,-13
"4065","1471首利","110/08/25","元大-莒光",21,5,16
"4066","1471首利","110/08/25","盈溢-楠梓",0,11,-11
"4067","1471首利","110/08/25","統一-新台中",15,0,15
"4068","1471首利","110/08/25","元大-大里",0,11,-11
"4069","1471首利","110/08/25","永豐金-敦南",15,0,15
"4070","1471首利","110/08/25","日盛-高雄",5,15,-10
"4071","1471首利","110/08/25","光和-溪湖",13,0,13
"4072","1471首利","110/08/25","凱基-竹科",0,10,-10
"4073","1471首利","110/08/25","日盛-屏東",10,0,10
"4074","1471首利","110/08/25","元大-斗信",0,10,-10
"4075","1471首利","110/08/25","兆豐-高雄",10,0,10
"4076","1471首利","110/08/25","第一金-台南",1,10,-9
"4077","1471首利","110/08/25","中農",10,0,10
"4078","1471首利","110/08/25","台灣企銀-太平",0,8,-8
"4079","1471首利","110/08/25","華南永昌-合泰",10,0,10
"4080","1471首利","110/08/25","新光-台中",5,12,-7
"4081","2883開發金","110/08/25","凱基",4004,0,4004
"4082","2883開發金","110/08/25","摩根大通",106,4873,-4767
"4083","2883開發金","110/08/25","群益金鼎",2728,3,2725
"4084","2883開發金","110/08/25","瑞士信貸",1180,3777,-2597
"4085","2883開發金","110/08/25","美林",2122,57,2065
"4086","2883開發金","110/08/25","元大-開元",29,2542,-2513
"4087","2883開發金","110/08/25","凱基-台北",2581,555,2026
"4088","2883開發金","110/08/25","聯邦商銀",1,1900,-1899
"4089","2883開發金","110/08/25","富邦-建國",2069,82,1987
"4090","2883開發金","110/08/25","台灣摩根士丹利",3322,4605,-1283
"4091","2883開發金","110/08/25","中國信託",3132,1528,1604
"4092","2883開發金","110/08/25","元大-忠孝",10,1219,-1209
"4093","2883開發金","110/08/25","兆豐-北高雄",1657,83,1574
"4094","2883開發金","110/08/25","香港上海匯豐",0,1001,-1001
"4095","2883開發金","110/08/25","統一",1311,107,1204
"4096","2883開發金","110/08/25","新光",1050,1828,-778
"4097","2883開發金","110/08/25","永豐金-南京",1030,3,1027
"4098","2883開發金","110/08/25","港商野村",1304,2000,-696
"4099","2883開發金","110/08/25","美商高盛",1733,815,918
"4100","2883開發金","110/08/25","元富",314,1002,-688
"4101","2883開發金","110/08/25","台灣匯立證券",638,0,638
"4102","2883開發金","110/08/25","國泰-敦南",289,975,-686
"4103","2883開發金","110/08/25","合庫-台中",608,38,570
"4104","2883開發金","110/08/25","新光-台南",23,521,-498
"4105","2883開發金","110/08/25","臺銀",1016,450,566
"4106","2883開發金","110/08/25","合庫證券",19,461,-442
"4107","2883開發金","110/08/25","元大-豐原",556,25,531
"4108","2883開發金","110/08/25","(牛牛牛)亞-鑫豐",134,538,-404
"4109","2883開發金","110/08/25","台中銀-員林",501,13,488
"4110","2883開發金","110/08/25","元大-士林",8,385,-377
"4111","6205詮欣","110/08/25","日盛-新莊",12,2,10
"4112","6205詮欣","110/08/25","日盛-樹林",0,12,-12
"4113","6205詮欣","110/08/25","康和-台北",10,0,10
"4114","6205詮欣","110/08/25","臺銀-民權",0,10,-10
"4115","6205詮欣","110/08/25","臺銀-臺中",9,0,9
"4116","6205詮欣","110/08/25","元大-博愛",20,30,-10
"4117","6205詮欣","110/08/25","瑞士信貸",10,2,8
"4118","6205詮欣","110/08/25","元大-羅東",0,8,-8
"4119","6205詮欣","110/08/25","摩根大通",17,10,7
"4120","6205詮欣","110/08/25","元富-三重",0,6,-6
"4121","6205詮欣","110/08/25","凱基-台南",6,0,6
"4122","6205詮欣","110/08/25","群益金鼎-永和",0,5,-5
"4123","6205詮欣","110/08/25","玉山證券",5,0,5
"4124","6205詮欣","110/08/25","元大-館前",0,5,-5
"4125","6205詮欣","110/08/25","元大-東泰",5,0,5
"4126","6205詮欣","110/08/25","凱基-汐止",0,4,-4
"4127","6205詮欣","110/08/25","元富-潮州",4,0,4
"4128","6205詮欣","110/08/25","元大-大益",0,4,-4
"4129","6205詮欣","110/08/25","大慶-泰山",3,0,3
"4130","6205詮欣","110/08/25","永豐金證券",0,4,-4
"4131","6205詮欣","110/08/25","亞東-台南",2,0,2
"4132","6205詮欣","110/08/25","永豐金-台南",0,4,-4
"4133","6205詮欣","110/08/25","兆豐-台南",2,0,2
"4134","6205詮欣","110/08/25","台灣企銀-九如",0,3,-3
"4135","6205詮欣","110/08/25","兆豐-公益",2,0,2
"4136","6205詮欣","110/08/25","兆豐-景美",0,3,-3
"4137","6205詮欣","110/08/25","凱基-松山",2,0,2
"4138","6205詮欣","110/08/25","北城證券",0,3,-3
"4139","6205詮欣","110/08/25","凱基-台北",2,0,2
"4140","6205詮欣","110/08/25","元大-忠孝",0,3,-3
"4141","1540喬福","110/08/25","元大-士林",8,0,8
"4142","1540喬福","110/08/25","摩根大通",0,13,-13
"4143","1540喬福","110/08/25","元富-文心",5,0,5
"4144","1540喬福","110/08/25","永豐金-永康",0,6,-6
"4145","1540喬福","110/08/25","凱基-台北",4,0,4
"4146","1540喬福","110/08/25","群益金鼎-丹鳳",0,5,-5
"4147","1540喬福","110/08/25","元大-土城永寧",2,0,2
"4148","1540喬福","110/08/25","合庫-鳳山",0,1,-1
"4149","1540喬福","110/08/25","元大-頭份",2,0,2
"4150","1540喬福","110/08/25","美商高盛",0,1,-1
"4151","1540喬福","110/08/25","兆豐-北高雄",2,0,2
"4152","1540喬福","110/08/25","中國信託-忠孝",0,1,-1
"4153","1540喬福","110/08/25","凱基-中壢",2,0,2
"4154","1540喬福","110/08/25","致和-南京",0,1,-1
"4155","1540喬福","110/08/25","美林",1,0,1
"4156","1540喬福","110/08/25","富邦-仁愛",0,1,-1
"4157","1540喬福","110/08/25","永豐金-中正",1,0,1
"4158","1540喬福","110/08/25","元大-大里德芳",0,1,-1
"4159","1540喬福","110/08/25","元大-文心興安",1,0,1
"4160","1540喬福","110/08/25","元大-左營",0,1,-1
"4161","1540喬福","110/08/25","華南永昌-公誠",1,0,1
"4162","1540喬福","110/08/25","元大-汐止",0,1,-1
"4163","1540喬福","110/08/25","大昌-新店",1,0,1
"4164","1540喬福","110/08/25","日盛-內湖",0,0,0
"4165","1540喬福","110/08/25","元富-大昌",1,0,1
"4166","1540喬福","110/08/25","(牛牛牛)亞-網路",0,0,0
"4167","1540喬福","110/08/25","元富",1,0,1
"4168","1540喬福","110/08/25","康和-板橋",0,0,0
"4169","1540喬福","110/08/25","凱基-竹北",0,0,0
"4170","1540喬福","110/08/25","凱基-竹北",0,0,0
"4171","2888新光金","110/08/25","統一",11078,277,10801
"4172","2888新光金","110/08/25","元富-城東",162,17808,-17646
"4173","2888新光金","110/08/25","元大-忠孝鼎富",10200,0,10200
"4174","2888新光金","110/08/25","康和-台中",45,10015,-9970
"4175","2888新光金","110/08/25","華南永昌-岡山",9944,105,9839
"4176","2888新光金","110/08/25","第一金-華江",266,9839,-9573
"4177","2888新光金","110/08/25","日盛證券",8935,66,8869
"4178","2888新光金","110/08/25","元富-新店",37,2975,-2938
"4179","2888新光金","110/08/25","瑞士信貸",8347,1175,7172
"4180","2888新光金","110/08/25","元富-世貿",332,3270,-2938
"4181","2888新光金","110/08/25","富邦-岡山",5039,52,4987
"4182","2888新光金","110/08/25","元富-新興",31,2160,-2129
"4183","2888新光金","110/08/25","國票-九鼎",4662,102,4560
"4184","2888新光金","110/08/25","元富-敦南",19,2135,-2116
"4185","2888新光金","110/08/25","國票-長城",4288,5,4283
"4186","2888新光金","110/08/25","元富",7,2039,-2032
"4187","2888新光金","110/08/25","國票-北高雄",2515,38,2477
"4188","2888新光金","110/08/25","元富-成功",184,2095,-1911
"4189","2888新光金","110/08/25","新光",2800,661,2139
"4190","2888新光金","110/08/25","元富-板橋",65,1967,-1902
"4191","2888新光金","110/08/25","統一-板橋",1762,10,1752
"4192","2888新光金","110/08/25","彰銀",0,1865,-1865
"4193","2888新光金","110/08/25","玉山-板橋",1714,21,1693
"4194","2888新光金","110/08/25","元富-文心",159,1916,-1757
"4195","2888新光金","110/08/25","美商高盛",2345,739,1606
"4196","2888新光金","110/08/25","元富-吉利",45,1701,-1656
"4197","2888新光金","110/08/25","國票-博愛",1264,4,1260
"4198","2888新光金","110/08/25","元富-花蓮",13,1602,-1589
"4199","2888新光金","110/08/25","富邦-中壢",1278,95,1183
"4200","2888新光金","110/08/25","凱基-台北",1875,3353,-1478
"4201","1340勝悅","110/08/25","凱基-台北",13,0,13
"4202","1340勝悅","110/08/25","日盛-永康",0,10,-10
"4203","1340勝悅","110/08/25","華南永昌-公誠",10,0,10
"4204","1340勝悅","110/08/25","元大-忠孝鼎富",0,10,-10
"4205","1340勝悅","110/08/25","臺灣企銀-埔墘",5,0,5
"4206","1340勝悅","110/08/25","華南永昌-東昇",0,9,-9
"4207","1340勝悅","110/08/25","美商高盛",3,0,3
"4208","1340勝悅","110/08/25","摩根大通",1,9,-8
"4209","1340勝悅","110/08/25","元大-仁愛",3,0,3
"4210","1340勝悅","110/08/25","華南永昌-林口",0,6,-6
"4211","1340勝悅","110/08/25","永豐金-永康",3,0,3
"4212","1340勝悅","110/08/25","兆豐-新營",0,5,-5
"4213","1340勝悅","110/08/25","國泰-敦南",3,1,2
"4214","1340勝悅","110/08/25","富邦-羅東",0,3,-3
"4215","1340勝悅","110/08/25","富邦-北港",2,0,2
"4216","1340勝悅","110/08/25","元大-竹山",0,3,-3
"4217","1340勝悅","110/08/25","元大-南勢角",2,0,2
"4218","1340勝悅","110/08/25","元大-復北",0,3,-3
"4219","1340勝悅","110/08/25","合庫-台中",1,0,1
"4220","1340勝悅","110/08/25","元大-嘉義",0,3,-3
"4221","1340勝悅","110/08/25","日盛-新莊",1,0,1
"4222","1340勝悅","110/08/25","元大-草屯",0,2,-2
"4223","1340勝悅","110/08/25","日盛-頭份",1,0,1
"4224","1340勝悅","110/08/25","國票-和平",0,1,-1
"4225","1340勝悅","110/08/25","國泰-台中",6,5,1
"4226","1340勝悅","110/08/25","新光",0,1,-1
"4227","1340勝悅","110/08/25","國泰-台南",1,0,1
"4228","1340勝悅","110/08/25","群益金鼎-高盛",0,1,-1
"4229","1340勝悅","110/08/25","元大-竹東",1,0,1
"4230","1340勝悅","110/08/25","元大-新竹經國",0,1,-1
"4231","6246臺龍","110/08/25","統一-台南",15,0,15
"4232","6246臺龍","110/08/25","日盛-斗六",0,9,-9
"4233","6246臺龍","110/08/25","新光-台中",7,0,7
"4234","6246臺龍","110/08/25","新光-高雄",0,5,-5
"4235","6246臺龍","110/08/25","永豐金-嘉義",4,0,4
"4236","6246臺龍","110/08/25","光和-高雄",0,3,-3
"4237","6246臺龍","110/08/25","台新證券",4,1,3
"4238","6246臺龍","110/08/25","永全",0,3,-3
"4239","6246臺龍","110/08/25","凱基-竹科",3,0,3
"4240","6246臺龍","110/08/25","國泰-敦南",0,3,-3
"4241","6246臺龍","110/08/25","統一-中壢",2,0,2
"4242","6246臺龍","110/08/25","元大-員林",4,7,-3
"4243","6246臺龍","110/08/25","兆豐-竹北",2,0,2
"4244","6246臺龍","110/08/25","元大-小港",0,3,-3
"4245","6246臺龍","110/08/25","兆豐-景美",2,0,2
"4246","6246臺龍","110/08/25","土銀-花蓮",0,2,-2
"4247","6246臺龍","110/08/25","元大-內湖",4,2,2
"4248","6246臺龍","110/08/25","日盛-文化",0,2,-2
"4249","6246臺龍","110/08/25","元大-北屯",2,0,2
"4250","6246臺龍","110/08/25","統一-新竹",0,2,-2
"4251","6246臺龍","110/08/25","日盛-中壢",1,0,1
"4252","6246臺龍","110/08/25","台新-台南",0,2,-2
"4253","6246臺龍","110/08/25","日盛-八德",1,0,1
"4254","6246臺龍","110/08/25","國泰-板橋",0,2,-2
"4255","6246臺龍","110/08/25","日盛-新竹",1,0,1
"4256","6246臺龍","110/08/25","富邦-竹東",0,2,-2
"4257","6246臺龍","110/08/25","日盛-宜蘭",1,0,1
"4258","6246臺龍","110/08/25","合庫-西台中",0,1,-1
"4259","6246臺龍","110/08/25","日盛-頭份",1,0,1
"4260","6246臺龍","110/08/25","日盛-新莊",0,1,-1
"4261","00715L期街口布蘭特正2","110/08/25","元大證券",19583,546,19037
"4262","00715L期街口布蘭特正2","110/08/25","第一金-豐原",0,1000,-1000
"4263","00715L期街口布蘭特正2","110/08/25","合庫證券",4367,15,4352
"4264","00715L期街口布蘭特正2","110/08/25","新光",311,1182,-871
"4265","00715L期街口布蘭特正2","110/08/25","永豐金證券",3240,15,3225
"4266","00715L期街口布蘭特正2","110/08/25","兆豐-台中",0,798,-798
"4267","00715L期街口布蘭特正2","110/08/25","元富",3115,0,3115
"4268","00715L期街口布蘭特正2","110/08/25","玉山-新莊",2,634,-632
"4269","00715L期街口布蘭特正2","110/08/25","統一",2701,40,2661
"4270","00715L期街口布蘭特正2","110/08/25","元富-中壢",22,630,-608
"4271","00715L期街口布蘭特正2","110/08/25","第一金-台中",800,2,798
"4272","00715L期街口布蘭特正2","110/08/25","玉山-板橋",1,563,-562
"4273","00715L期街口布蘭特正2","110/08/25","聯邦-三重",750,10,740
"4274","00715L期街口布蘭特正2","110/08/25","華南永昌-台中",105,642,-537
"4275","00715L期街口布蘭特正2","110/08/25","富邦證券",945,420,525
"4276","00715L期街口布蘭特正2","110/08/25","(牛牛牛)亞-鑫豐",31,557,-526
"4277","00715L期街口布蘭特正2","110/08/25","元大-三重",500,3,497
"4278","00715L期街口布蘭特正2","110/08/25","玉山-新竹",0,508,-508
"4279","00715L期街口布蘭特正2","110/08/25","台新證券",955,537,418
"4280","00715L期街口布蘭特正2","110/08/25","新光-台中",52,556,-504
"4281","00715L期街口布蘭特正2","110/08/25","國票-博愛",260,0,260
"4282","00715L期街口布蘭特正2","110/08/25","富邦-陽明",2,475,-473
"4283","00715L期街口布蘭特正2","110/08/25","元大-蘆洲",262,15,247
"4284","00715L期街口布蘭特正2","110/08/25","中國信託-新竹",0,455,-455
"4285","00715L期街口布蘭特正2","110/08/25","台新-台中",390,161,229
"4286","00715L期街口布蘭特正2","110/08/25","群益金鼎-宜蘭",1,448,-447
"4287","00715L期街口布蘭特正2","110/08/25","康和-嘉義",250,36,214
"4288","00715L期街口布蘭特正2","110/08/25","臺銀-新竹",34,435,-401
"4289","00715L期街口布蘭特正2","110/08/25","凱基-站前",245,36,209
"4290","00715L期街口布蘭特正2","110/08/25","第一金-台南",1,400,-399
"4291","8941關中","110/08/25","國泰-新莊",2,0,2
"4292","8941關中","110/08/25","富邦-左營",0,1,-1
"4293","8941關中","110/08/25","(牛牛牛)亞-鑫豐",0,0,0
"4294","8941關中","110/08/25","富邦-員林",0,1,-1
"4295","8941關中","110/08/25","康和-板橋",0,0,0
"4296","8941關中","110/08/25","(牛牛牛)亞-鑫豐",0,0,0
"4297","8941關中","110/08/25","凱基-板橋",0,0,0
"4298","8941關中","110/08/25","康和-板橋",0,0,0
"4299","8941關中","110/08/25","富邦-竹北",0,0,0
"4300","8941關中","110/08/25","凱基-板橋",0,0,0
"4301","8941關中","110/08/25","元大-花蓮",0,0,0
"4302","8941關中","110/08/25","富邦-竹北",0,0,0
"4303","8941關中","110/08/25","元大-土城",0,0,0
"4304","8941關中","110/08/25","元大-花蓮",0,0,0
"4305","8941關中","110/08/25","永豐金-萬盛",0,0,0
"4306","8941關中","110/08/25","元大-土城",0,0,0
"4307","8941關中","110/08/25","永豐金-南投",0,0,0
"4308","8941關中","110/08/25","永豐金-萬盛",0,0,0
"4309","8941關中","110/08/25","",NA,NA,NA
"4310","8941關中","110/08/25","永豐金-南投",0,0,0
"4311","8941關中","110/08/25","",NA,NA,NA
"4312","8941關中","110/08/25","",NA,NA,NA
"4313","8941關中","110/08/25","",NA,NA,NA
"4314","8941關中","110/08/25","",NA,NA,NA
"4315","8941關中","110/08/25","",NA,NA,NA
"4316","8941關中","110/08/25","",NA,NA,NA
"4317","8941關中","110/08/25","",NA,NA,NA
"4318","8941關中","110/08/25","",NA,NA,NA
"4319","8941關中","110/08/25","",NA,NA,NA
"4320","8941關中","110/08/25","",NA,NA,NA
"4321","8936國統","110/08/25","台灣摩根士丹利",132,11,121
"4322","8936國統","110/08/25","第一金-高雄",1,100,-99
"4323","8936國統","110/08/25","元富-新興",96,0,96
"4324","8936國統","110/08/25","美商高盛",1,63,-62
"4325","8936國統","110/08/25","瑞士信貸",74,0,74
"4326","8936國統","110/08/25","元大-蘆洲",0,50,-50
"4327","8936國統","110/08/25","摩根大通",113,52,61
"4328","8936國統","110/08/25","凱基-市政",0,35,-35
"4329","8936國統","110/08/25","永豐金-松山",50,0,50
"4330","8936國統","110/08/25","元大-北港",0,31,-31
"4331","8936國統","110/08/25","凱基-台北",84,52,32
"4332","8936國統","110/08/25","港商野村",4,26,-22
"4333","8936國統","110/08/25","新光",66,36,30
"4334","8936國統","110/08/25","日盛-豐原",0,20,-20
"4335","8936國統","110/08/25","新光-台中",50,24,26
"4336","8936國統","110/08/25","元大-鳳山",0,19,-19
"4337","8936國統","110/08/25","凱基-信義",20,0,20
"4338","8936國統","110/08/25","新加坡商瑞銀",27,45,-18
"4339","8936國統","110/08/25","永豐金-苓雅",20,0,20
"4340","8936國統","110/08/25","群益金鼎-嘉義",0,16,-16
"4341","8936國統","110/08/25","元大-天母",49,30,19
"4342","8936國統","110/08/25","凱基-林口",0,15,-15
"4343","8936國統","110/08/25","華南永昌",21,3,18
"4344","8936國統","110/08/25","台新-高雄",2,16,-14
"4345","8936國統","110/08/25","日盛-板橋",23,7,16
"4346","8936國統","110/08/25","國票-內壢",0,13,-13
"4347","8936國統","110/08/25","元富-敦南",15,0,15
"4348","8936國統","110/08/25","元富-三重",0,12,-12
"4349","8936國統","110/08/25","群益金鼎-古亭",15,0,15
"4350","8936國統","110/08/25","元富-緯城",5,17,-12
"4351","6226光鼎","110/08/25","摩根大通",1583,220,1363
"4352","6226光鼎","110/08/25","瑞士信貸",30,229,-199
"4353","6226光鼎","110/08/25","統一",1723,948,775
"4354","6226光鼎","110/08/25","國泰-敦南",442,580,-138
"4355","6226光鼎","110/08/25","元大-大同",1456,903,553
"4356","6226光鼎","110/08/25","台新-中壢",5,141,-136
"4357","6226光鼎","110/08/25","港商野村",688,373,315
"4358","6226光鼎","110/08/25","宏遠-光隆",22,137,-115
"4359","6226光鼎","110/08/25","凱基-永和",505,200,305
"4360","6226光鼎","110/08/25","元大-虎尾",5,96,-91
"4361","6226光鼎","110/08/25","統一-南京",303,106,197
"4362","6226光鼎","110/08/25","新加坡商瑞銀",49,134,-85
"4363","6226光鼎","110/08/25","美商高盛",243,76,167
"4364","6226光鼎","110/08/25","元大-板橋",2,83,-81
"4365","6226光鼎","110/08/25","台灣摩根士丹利",142,0,142
"4366","6226光鼎","110/08/25","玉山-桃園",46,126,-80
"4367","6226光鼎","110/08/25","兆豐-松德",145,46,99
"4368","6226光鼎","110/08/25","富邦-台北",27,101,-74
"4369","6226光鼎","110/08/25","玉山-城中",115,19,96
"4370","6226光鼎","110/08/25","兆豐-埔墘",0,67,-67
"4371","6226光鼎","110/08/25","富邦證券",148,53,95
"4372","6226光鼎","110/08/25","凱基-台北",51,113,-62
"4373","6226光鼎","110/08/25","富邦-建國",206,126,80
"4374","6226光鼎","110/08/25","台新-高雄",45,101,-56
"4375","6226光鼎","110/08/25","凱基-大直",81,2,79
"4376","6226光鼎","110/08/25","華南永昌-麻豆",5,61,-56
"4377","6226光鼎","110/08/25","元大-四維",149,71,78
"4378","6226光鼎","110/08/25","凱基-內埔",0,52,-52
"4379","6226光鼎","110/08/25","大展-台南",75,0,75
"4380","6226光鼎","110/08/25","日盛-復興",58,109,-51
"4381","2363矽統","110/08/25","合庫-基隆",894,406,488
"4382","2363矽統","110/08/25","元大-萬華",51,751,-700
"4383","2363矽統","110/08/25","瑞士信貸",448,0,448
"4384","2363矽統","110/08/25","美商高盛",260,879,-619
"4385","2363矽統","110/08/25","華南永昌-林口",256,17,239
"4386","2363矽統","110/08/25","凱基-台北",1409,1709,-300
"4387","2363矽統","110/08/25","元大-東泰",360,132,228
"4388","2363矽統","110/08/25","美林",337,633,-296
"4389","2363矽統","110/08/25","元大-員林中山",246,46,200
"4390","2363矽統","110/08/25","摩根大通",712,999,-287
"4391","2363矽統","110/08/25","富邦-新店",246,104,142
"4392","2363矽統","110/08/25","新加坡商瑞銀",671,900,-229
"4393","2363矽統","110/08/25","統一-城中",173,37,136
"4394","2363矽統","110/08/25","大昌-桃園",138,342,-204
"4395","2363矽統","110/08/25","富邦-板橋",196,72,124
"4396","2363矽統","110/08/25","中國信託-忠孝",134,313,-179
"4397","2363矽統","110/08/25","土銀-士林",100,0,100
"4398","2363矽統","110/08/25","元大-淡水",23,201,-178
"4399","2363矽統","110/08/25","新光",427,328,99
"4400","2363矽統","110/08/25","富邦-苗栗",215,356,-141
"4401","2363矽統","110/08/25","元大-員林",121,22,99
"4402","2363矽統","110/08/25","北城證券",23,144,-121
"4403","2363矽統","110/08/25","凱基-台中",107,11,96
"4404","2363矽統","110/08/25","新光-台中",92,210,-118
"4405","2363矽統","110/08/25","富邦-北港",212,117,95
"4406","2363矽統","110/08/25","永豐金-天母",17,132,-115
"4407","2363矽統","110/08/25","統一-高雄",110,18,92
"4408","2363矽統","110/08/25","日盛-台南",256,356,-100
"4409","2363矽統","110/08/25","凱基-苗栗",91,1,90
"4410","2363矽統","110/08/25","元大-大同",22,118,-96
"4411","8112至上","110/08/25","台灣匯立證券",237,0,237
"4412","8112至上","110/08/25","群益金鼎-基隆",1,95,-94
"4413","8112至上","110/08/25","摩根大通",283,173,110
"4414","8112至上","110/08/25","元大-路竹",2,74,-72
"4415","8112至上","110/08/25","第一金-桃園",96,0,96
"4416","8112至上","110/08/25","台灣摩根士丹利",1,61,-60
"4417","8112至上","110/08/25","凱基-台北",126,33,93
"4418","8112至上","110/08/25","永豐金-台中",2,55,-53
"4419","8112至上","110/08/25","國票-南京",80,0,80
"4420","8112至上","110/08/25","(牛牛牛)亞-鑫豐",5,49,-44
"4421","8112至上","110/08/25","瑞士信貸",78,1,77
"4422","8112至上","110/08/25","群益金鼎-高盛",0,43,-43
"4423","8112至上","110/08/25","富邦-仁愛",110,35,75
"4424","8112至上","110/08/25","永豐金-永康",3,46,-43
"4425","8112至上","110/08/25","群益金鼎-敦南",72,0,72
"4426","8112至上","110/08/25","日盛-花蓮",0,40,-40
"4427","8112至上","110/08/25","新加坡商瑞銀",63,9,54
"4428","8112至上","110/08/25","凱基-東勢",0,35,-35
"4429","8112至上","110/08/25","華南永昌-南京",50,0,50
"4430","8112至上","110/08/25","元大-仁愛",0,34,-34
"4431","8112至上","110/08/25","港商野村",45,2,43
"4432","8112至上","110/08/25","台新-台中",0,31,-31
"4433","8112至上","110/08/25","元大-新竹經國",34,3,31
"4434","8112至上","110/08/25","元大-佳里",0,31,-31
"4435","8112至上","110/08/25","康和-仁愛",30,0,30
"4436","8112至上","110/08/25","兆豐-西螺",10,40,-30
"4437","8112至上","110/08/25","凱基-士林",30,0,30
"4438","8112至上","110/08/25","元大-楊梅",0,30,-30
"4439","8112至上","110/08/25","元大-永和",25,0,25
"4440","8112至上","110/08/25","永豐金證券",0,28,-28
"4441","1570力肯","110/08/25","永豐金-虎尾",52,0,52
"4442","1570力肯","110/08/25","元大-竹山",0,14,-14
"4443","1570力肯","110/08/25","國票-南科",26,0,26
"4444","1570力肯","110/08/25","日盛-忠孝",0,12,-12
"4445","1570力肯","110/08/25","凱基-台北",22,3,19
"4446","1570力肯","110/08/25","凱基-高美館",0,10,-10
"4447","1570力肯","110/08/25","日茂-南投",17,0,17
"4448","1570力肯","110/08/25","元富-緯城",3,12,-9
"4449","1570力肯","110/08/25","兆豐-台中港",12,0,12
"4450","1570力肯","110/08/25","(牛牛牛)亞-鑫豐",2,11,-9
"4451","1570力肯","110/08/25","合庫-嘉義",10,0,10
"4452","1570力肯","110/08/25","元大-鳳山",0,8,-8
"4453","1570力肯","110/08/25","凱基-復興",10,0,10
"4454","1570力肯","110/08/25","台灣摩根士丹利",0,7,-7
"4455","1570力肯","110/08/25","國票-博愛",16,7,9
"4456","1570力肯","110/08/25","兆豐-中壢",0,6,-6
"4457","1570力肯","110/08/25","香港上海匯豐",9,0,9
"4458","1570力肯","110/08/25","國票",0,6,-6
"4459","1570力肯","110/08/25","瑞士信貸",8,0,8
"4460","1570力肯","110/08/25","國票-天祥",0,6,-6
"4461","1570力肯","110/08/25","富邦-高雄",8,0,8
"4462","1570力肯","110/08/25","群益金鼎-桃園",0,6,-6
"4463","1570力肯","110/08/25","摩根大通",12,9,3
"4464","1570力肯","110/08/25","華南永昌-大安",0,6,-6
"4465","1570力肯","110/08/25","新光-新竹",3,0,3
"4466","1570力肯","110/08/25","永豐金-桃園",0,6,-6
"4467","1570力肯","110/08/25","群益金鼎-民權",3,0,3
"4468","1570力肯","110/08/25","兆豐-松德",0,5,-5
"4469","1570力肯","110/08/25","富邦-建國",5,2,3
"4470","1570力肯","110/08/25","群益金鼎-鳳山",0,5,-5
"4471","2929淘帝","110/08/25","摩根大通",64,0,64
"4472","2929淘帝","110/08/25","康和-仁愛",0,44,-44
"4473","2929淘帝","110/08/25","港商野村",37,8,29
"4474","2929淘帝","110/08/25","新光-台中",20,43,-23
"4475","2929淘帝","110/08/25","新加坡商瑞銀",36,12,24
"4476","2929淘帝","110/08/25","台新-台中",0,11,-11
"4477","2929淘帝","110/08/25","美林",29,6,23
"4478","2929淘帝","110/08/25","日盛-中壢",0,10,-10
"4479","2929淘帝","110/08/25","群益金鼎-三重",21,0,21
"4480","2929淘帝","110/08/25","日盛-中和",0,10,-10
"4481","2929淘帝","110/08/25","元大-豐原站前",20,0,20
"4482","2929淘帝","110/08/25","兆豐-忠孝",0,10,-10
"4483","2929淘帝","110/08/25","富邦-高雄",20,2,18
"4484","2929淘帝","110/08/25","華南永昌-台中",0,10,-10
"4485","2929淘帝","110/08/25","日盛-台中",16,0,16
"4486","2929淘帝","110/08/25","華南永昌-麻豆",0,10,-10
"4487","2929淘帝","110/08/25","新光-新竹",17,4,13
"4488","2929淘帝","110/08/25","富邦-陽明",0,10,-10
"4489","2929淘帝","110/08/25","凱基-豐中",13,0,13
"4490","2929淘帝","110/08/25","新光",1,9,-8
"4491","2929淘帝","110/08/25","元富-花蓮",10,0,10
"4492","2929淘帝","110/08/25","元大-大里",0,8,-8
"4493","2929淘帝","110/08/25","元富-板橋",8,0,8
"4494","2929淘帝","110/08/25","永豐金-市政",0,8,-8
"4495","2929淘帝","110/08/25","元大-太平",7,0,7
"4496","2929淘帝","110/08/25","合庫-台中",0,7,-7
"4497","2929淘帝","110/08/25","元大-永和",6,0,6
"4498","2929淘帝","110/08/25","元大-文心",0,7,-7
"4499","2929淘帝","110/08/25","日盛-八德",6,1,5
"4500","2929淘帝","110/08/25","日盛-員林",4,10,-6
"4501","5410國眾","110/08/25","華南永昌-高雄",23,0,23
"4502","5410國眾","110/08/25","元大-崇德",0,30,-30
"4503","5410國眾","110/08/25","香港上海匯豐",12,0,12
"4504","5410國眾","110/08/25","日盛-木柵",0,20,-20
"4505","5410國眾","110/08/25","永豐金-內湖",6,0,6
"4506","5410國眾","110/08/25","大展",0,5,-5
"4507","5410國眾","110/08/25","土銀",5,0,5
"4508","5410國眾","110/08/25","國泰-敦南",0,5,-5
"4509","5410國眾","110/08/25","日盛-屏東",5,0,5
"4510","5410國眾","110/08/25","凱基-基隆",0,5,-5
"4511","5410國眾","110/08/25","國泰-板橋",5,0,5
"4512","5410國眾","110/08/25","華南永昌-淡水",0,5,-5
"4513","5410國眾","110/08/25","元大-南京",5,0,5
"4514","5410國眾","110/08/25","元大-新莊",0,5,-5
"4515","5410國眾","110/08/25","新光-台中",4,0,4
"4516","5410國眾","110/08/25","群益金鼎-新店",0,4,-4
"4517","5410國眾","110/08/25","臺銀-金山",3,0,3
"4518","5410國眾","110/08/25","華南永昌-公誠",0,4,-4
"4519","5410國眾","110/08/25","摩根大通",3,0,3
"4520","5410國眾","110/08/25","元大-龍潭",0,4,-4
"4521","5410國眾","110/08/25","元大-鳳山",3,0,3
"4522","5410國眾","110/08/25","元富-大裕",0,3,-3
"4523","5410國眾","110/08/25","台新-中壢",2,0,2
"4524","5410國眾","110/08/25","富邦-建國",0,3,-3
"4525","5410國眾","110/08/25","新光",2,0,2
"4526","5410國眾","110/08/25","美林",0,2,-2
"4527","5410國眾","110/08/25","群益金鼎-新竹",2,0,2
"4528","5410國眾","110/08/25","新光-桃園",0,2,-2
"4529","5410國眾","110/08/25","群益金鼎-三民",2,0,2
"4530","5410國眾","110/08/25","元大-花蓮",0,2,-2
"4531","2841台開","110/08/25","宏遠-館前",155,0,155
"4532","2841台開","110/08/25","台中銀",0,45,-45
"4533","2841台開","110/08/25","元大-仁愛",50,0,50
"4534","2841台開","110/08/25","元大-承德",0,40,-40
"4535","2841台開","110/08/25","永豐金-豐原",50,0,50
"4536","2841台開","110/08/25","永豐金-桃盛",0,40,-40
"4537","2841台開","110/08/25","元大-草屯",40,0,40
"4538","2841台開","110/08/25","港商野村",0,34,-34
"4539","2841台開","110/08/25","永豐金-敦南",45,12,33
"4540","2841台開","110/08/25","永豐金-台中",0,18,-18
"4541","2841台開","110/08/25","元大-沙鹿",10,0,10
"4542","2841台開","110/08/25","國票-中和",0,17,-17
"4543","2841台開","110/08/25","第一金",8,0,8
"4544","2841台開","110/08/25","凱基-高美館",0,16,-16
"4545","2841台開","110/08/25","康和-內湖",7,0,7
"4546","2841台開","110/08/25","永豐金-桃園",0,15,-15
"4547","2841台開","110/08/25","富邦-台北",5,0,5
"4548","2841台開","110/08/25","台灣摩根士丹利",0,11,-11
"4549","2841台開","110/08/25","玉山證券",4,0,4
"4550","2841台開","110/08/25","元富-三重",0,10,-10
"4551","2841台開","110/08/25","富邦-新竹",4,0,4
"4552","2841台開","110/08/25","華南永昌-虎尾",0,10,-10
"4553","2841台開","110/08/25","元大-大里",3,0,3
"4554","2841台開","110/08/25","富邦-基隆",0,10,-10
"4555","2841台開","110/08/25","兆豐-忠孝",2,0,2
"4556","2841台開","110/08/25","元大-成功",0,10,-10
"4557","2841台開","110/08/25","新光",4,2,2
"4558","2841台開","110/08/25","元大-北三重",0,10,-10
"4559","2841台開","110/08/25","元大-南崁",2,0,2
"4560","2841台開","110/08/25","新光-高雄",0,9,-9
"4561","6207雷科","110/08/25","摩根大通",76,0,76
"4562","6207雷科","110/08/25","凱基-復興",0,160,-160
"4563","6207雷科","110/08/25","永豐金證券",63,9,54
"4564","6207雷科","110/08/25","元大-高雄",0,100,-100
"4565","6207雷科","110/08/25","凱基-台北",50,5,45
"4566","6207雷科","110/08/25","元大-林園",0,65,-65
"4567","6207雷科","110/08/25","美商高盛",25,0,25
"4568","6207雷科","110/08/25","臺灣企銀-埔墘",0,20,-20
"4569","6207雷科","110/08/25","港商野村",24,3,21
"4570","6207雷科","110/08/25","第一金-高雄",0,20,-20
"4571","6207雷科","110/08/25","台新-高雄",20,1,19
"4572","6207雷科","110/08/25","元大-大里德芳",0,18,-18
"4573","6207雷科","110/08/25","兆豐-高雄",17,0,17
"4574","6207雷科","110/08/25","元大-敦南",2,18,-16
"4575","6207雷科","110/08/25","新加坡商瑞銀",32,21,11
"4576","6207雷科","110/08/25","玉山-高雄",0,15,-15
"4577","6207雷科","110/08/25","台灣企銀-屏東",10,0,10
"4578","6207雷科","110/08/25","臺銀-鳳山",1,13,-12
"4579","6207雷科","110/08/25","富邦-虎尾",10,0,10
"4580","6207雷科","110/08/25","第一金-中山",10,20,-10
"4581","6207雷科","110/08/25","永豐金-博愛",10,0,10
"4582","6207雷科","110/08/25","元大-鳳山",0,10,-10
"4583","6207雷科","110/08/25","永豐金-中壢",10,0,10
"4584","6207雷科","110/08/25","華南永昌-古亭",5,14,-9
"4585","6207雷科","110/08/25","兆豐-城中",9,0,9
"4586","6207雷科","110/08/25","華南永昌-高雄",3,10,-7
"4587","6207雷科","110/08/25","兆豐-嘉義",7,0,7
"4588","6207雷科","110/08/25","永豐金-市政",0,6,-6
"4589","6207雷科","110/08/25","兆豐-三民",6,0,6
"4590","6207雷科","110/08/25","群益金鼎-嘉義",1,6,-5
"4591","3679新至陞","110/08/25","永豐金-南投",11,0,11
"4592","3679新至陞","110/08/25","台灣摩根士丹利",6,14,-8
"4593","3679新至陞","110/08/25","港商法國興業",10,0,10
"4594","3679新至陞","110/08/25","瑞士信貸",0,6,-6
"4595","3679新至陞","110/08/25","兆豐-公益",3,0,3
"4596","3679新至陞","110/08/25","永豐金-敦北",0,5,-5
"4597","3679新至陞","110/08/25","(牛牛牛)亞-網路",2,0,2
"4598","3679新至陞","110/08/25","群益金鼎-高盛",0,4,-4
"4599","3679新至陞","110/08/25","玉山-嘉義",2,0,2
"4600","3679新至陞","110/08/25","元大-文心興安",0,4,-4
"4601","3679新至陞","110/08/25","元大-華山",2,0,2
"4602","3679新至陞","110/08/25","臺銀-臺中",0,3,-3
"4603","3679新至陞","110/08/25","臺銀",1,0,1
"4604","3679新至陞","110/08/25","美商高盛",0,3,-3
"4605","3679新至陞","110/08/25","美林",3,2,1
"4606","3679新至陞","110/08/25","臺銀-新竹",0,2,-2
"4607","3679新至陞","110/08/25","港商野村",1,0,1
"4608","3679新至陞","110/08/25","宏遠-中和",0,2,-2
"4609","3679新至陞","110/08/25","富隆-長安",1,0,1
"4610","3679新至陞","110/08/25","摩根大通",5,7,-2
"4611","3679新至陞","110/08/25","大慶-富順",1,0,1
"4612","3679新至陞","110/08/25","合庫-彰化",0,1,-1
"4613","3679新至陞","110/08/25","元富-林園",1,0,1
"4614","3679新至陞","110/08/25","臺銀-高雄",0,1,-1
"4615","3679新至陞","110/08/25","元富-嘉義",1,0,1
"4616","3679新至陞","110/08/25","日盛-木柵",0,1,-1
"4617","3679新至陞","110/08/25","元富-埔里",1,0,1
"4618","3679新至陞","110/08/25","日盛-文化",0,1,-1
"4619","3679新至陞","110/08/25","台中銀-員林",1,0,1
"4620","3679新至陞","110/08/25","玉山證券",0,1,-1
"4621","2727王品","110/08/25","美商高盛",121,6,115
"4622","2727王品","110/08/25","美林",9,114,-105
"4623","2727王品","110/08/25","台灣摩根士丹利",139,57,82
"4624","2727王品","110/08/25","永豐金證券",3,71,-68
"4625","2727王品","110/08/25","凱基-台北",105,26,79
"4626","2727王品","110/08/25","元大證券",52,108,-56
"4627","2727王品","110/08/25","新光-台中",34,5,29
"4628","2727王品","110/08/25","摩根大通",35,73,-38
"4629","2727王品","110/08/25","瑞士信貸",20,0,20
"4630","2727王品","110/08/25","華南永昌-麻豆",1,21,-20
"4631","2727王品","110/08/25","凱基-信義",19,1,18
"4632","2727王品","110/08/25","國泰-台中",5,19,-14
"4633","2727王品","110/08/25","國票-內壢",13,0,13
"4634","2727王品","110/08/25","富邦-羅東",2,16,-14
"4635","2727王品","110/08/25","中國信託",12,0,12
"4636","2727王品","110/08/25","富邦-高雄",2,16,-14
"4637","2727王品","110/08/25","元大-中壢",15,3,12
"4638","2727王品","110/08/25","富邦-台中",2,16,-14
"4639","2727王品","110/08/25","日盛-景美",11,0,11
"4640","2727王品","110/08/25","華南永昌",61,73,-12
"4641","2727王品","110/08/25","富邦-板橋",11,0,11
"4642","2727王品","110/08/25","群益金鼎",1,12,-11
"4643","2727王品","110/08/25","元大-台中",11,0,11
"4644","2727王品","110/08/25","群益金鼎-松山",0,10,-10
"4645","2727王品","110/08/25","台新-高雄",14,4,10
"4646","2727王品","110/08/25","凱基-市府",0,10,-10
"4647","2727王品","110/08/25","康和",12,2,10
"4648","2727王品","110/08/25","凱基-市政",1,10,-9
"4649","2727王品","110/08/25","新加坡商瑞銀",9,0,9
"4650","2727王品","110/08/25","富邦-台北",2,10,-8
"4651","1570力肯","110/08/25","永豐金-虎尾",52,0,52
"4652","1570力肯","110/08/25","元大-竹山",0,14,-14
"4653","1570力肯","110/08/25","國票-南科",26,0,26
"4654","1570力肯","110/08/25","日盛-忠孝",0,12,-12
"4655","1570力肯","110/08/25","凱基-台北",22,3,19
"4656","1570力肯","110/08/25","凱基-高美館",0,10,-10
"4657","1570力肯","110/08/25","日茂-南投",17,0,17
"4658","1570力肯","110/08/25","元富-緯城",3,12,-9
"4659","1570力肯","110/08/25","兆豐-台中港",12,0,12
"4660","1570力肯","110/08/25","(牛牛牛)亞-鑫豐",2,11,-9
"4661","1570力肯","110/08/25","合庫-嘉義",10,0,10
"4662","1570力肯","110/08/25","元大-鳳山",0,8,-8
"4663","1570力肯","110/08/25","凱基-復興",10,0,10
"4664","1570力肯","110/08/25","台灣摩根士丹利",0,7,-7
"4665","1570力肯","110/08/25","國票-博愛",16,7,9
"4666","1570力肯","110/08/25","兆豐-中壢",0,6,-6
"4667","1570力肯","110/08/25","香港上海匯豐",9,0,9
"4668","1570力肯","110/08/25","國票",0,6,-6
"4669","1570力肯","110/08/25","瑞士信貸",8,0,8
"4670","1570力肯","110/08/25","國票-天祥",0,6,-6
"4671","1570力肯","110/08/25","富邦-高雄",8,0,8
"4672","1570力肯","110/08/25","群益金鼎-桃園",0,6,-6
"4673","1570力肯","110/08/25","摩根大通",12,9,3
"4674","1570力肯","110/08/25","華南永昌-大安",0,6,-6
"4675","1570力肯","110/08/25","新光-新竹",3,0,3
"4676","1570力肯","110/08/25","永豐金-桃園",0,6,-6
"4677","1570力肯","110/08/25","群益金鼎-民權",3,0,3
"4678","1570力肯","110/08/25","兆豐-松德",0,5,-5
"4679","1570力肯","110/08/25","富邦-建國",5,2,3
"4680","1570力肯","110/08/25","群益金鼎-鳳山",0,5,-5
"4681","6180橘子","110/08/25","摩根大通",127,3,124
"4682","6180橘子","110/08/25","台灣摩根士丹利",5,98,-93
"4683","6180橘子","110/08/25","凱基-台北",387,266,121
"4684","6180橘子","110/08/25","元大-頭份",2,44,-42
"4685","6180橘子","110/08/25","港商野村",106,5,101
"4686","6180橘子","110/08/25","元富-古亭",0,27,-27
"4687","6180橘子","110/08/25","國票-南港",70,1,69
"4688","6180橘子","110/08/25","富邦-陽明",1,28,-27
"4689","6180橘子","110/08/25","美林",47,0,47
"4690","6180橘子","110/08/25","富邦-高雄",0,27,-27
"4691","6180橘子","110/08/25","新加坡商瑞銀",51,6,45
"4692","6180橘子","110/08/25","元大-新店中正",2,25,-23
"4693","6180橘子","110/08/25","美商高盛",43,5,38
"4694","6180橘子","110/08/25","第一金-中山",1,22,-21
"4695","6180橘子","110/08/25","富邦-員林",28,0,28
"4696","6180橘子","110/08/25","合庫-自強",0,20,-20
"4697","6180橘子","110/08/25","大慶-富順",22,0,22
"4698","6180橘子","110/08/25","兆豐證券",0,20,-20
"4699","6180橘子","110/08/25","第一金",20,0,20
"4700","6180橘子","110/08/25","元大-台中中港",1,20,-19
"4701","6180橘子","110/08/25","元富-高雄",20,1,19
"4702","6180橘子","110/08/25","康和-新竹",0,15,-15
"4703","6180橘子","110/08/25","北城證券",18,1,17
"4704","6180橘子","110/08/25","國泰-敦南",3,18,-15
"4705","6180橘子","110/08/25","大昌",15,1,14
"4706","6180橘子","110/08/25","元大-和平",0,15,-15
"4707","6180橘子","110/08/25","元大-六合",13,0,13
"4708","6180橘子","110/08/25","日盛-中壢",0,13,-13
"4709","6180橘子","110/08/25","統一-彰化",13,1,12
"4710","6180橘子","110/08/25","福勝",0,13,-13
"4711","2390云辰","110/08/25","元大-永和",583,40,543
"4712","2390云辰","110/08/25","港商野村",593,815,-222
"4713","2390云辰","110/08/25","元富-安南",400,0,400
"4714","2390云辰","110/08/25","合庫-高雄",19,149,-130
"4715","2390云辰","110/08/25","凱基-台北",361,93,268
"4716","2390云辰","110/08/25","新光-台中",28,149,-121
"4717","2390云辰","110/08/25","凱基-湖口",101,0,101
"4718","2390云辰","110/08/25","致和-崇德",0,116,-116
"4719","2390云辰","110/08/25","元大-土城學府",153,76,77
"4720","2390云辰","110/08/25","美商高盛",11,122,-111
"4721","2390云辰","110/08/25","富邦-陽明",97,28,69
"4722","2390云辰","110/08/25","第一金-豐原",9,109,-100
"4723","2390云辰","110/08/25","群益金鼎-基隆",62,2,60
"4724","2390云辰","110/08/25","元大-雙和",16,113,-97
"4725","2390云辰","110/08/25","元大-南屯",54,4,50
"4726","2390云辰","110/08/25","統一-新台中",81,161,-80
"4727","2390云辰","110/08/25","摩根大通",166,118,48
"4728","2390云辰","110/08/25","富邦-新店",0,80,-80
"4729","2390云辰","110/08/25","元大證券",64,18,46
"4730","2390云辰","110/08/25","國泰-桃園",13,86,-73
"4731","2390云辰","110/08/25","華南永昌-合泰",40,0,40
"4732","2390云辰","110/08/25","台新證券",57,129,-72
"4733","2390云辰","110/08/25","土銀-花蓮",39,0,39
"4734","2390云辰","110/08/25","新光",207,273,-66
"4735","2390云辰","110/08/25","大昌",50,11,39
"4736","2390云辰","110/08/25","華南永昌-楠梓",21,70,-49
"4737","2390云辰","110/08/25","元富-桃園",38,1,37
"4738","2390云辰","110/08/25","群益金鼎-敦南",87,133,-46
"4739","2390云辰","110/08/25","光和-溪湖",32,1,31
"4740","2390云辰","110/08/25","永豐金-敦北",0,40,-40
"4741","1315達新","110/08/23","元大-文心興安",22,0,22
"4742","1315達新","110/08/23","香港上海匯豐",0,25,-25
"4743","1315達新","110/08/23","元大-北屯",9,0,9
"4744","1315達新","110/08/23","港商麥格理",0,22,-22
"4745","1315達新","110/08/23","元大-中壢",6,0,6
"4746","1315達新","110/08/23","群益金鼎-東湖",0,17,-17
"4747","1315達新","110/08/23","新光",5,0,5
"4748","1315達新","110/08/23","日盛-台中",0,9,-9
"4749","1315達新","110/08/23","國泰-桃園",5,0,5
"4750","1315達新","110/08/23","台新-台南",0,8,-8
"4751","1315達新","110/08/23","凱基-中港",5,0,5
"4752","1315達新","110/08/23","元大-四維",0,5,-5
"4753","1315達新","110/08/23","元大-豐原",5,0,5
"4754","1315達新","110/08/23","美林",0,4,-4
"4755","1315達新","110/08/23","致和-東門",3,0,3
"4756","1315達新","110/08/23","群益金鼎-瑞豐",0,3,-3
"4757","1315達新","110/08/23","華南永昌-鳳山",3,0,3
"4758","1315達新","110/08/23","元大-松山",0,2,-2
"4759","1315達新","110/08/23","元大-屏南",3,0,3
"4760","1315達新","110/08/23","元大-板橋",0,2,-2
"4761","1315達新","110/08/23","元大-仁愛",3,0,3
"4762","1315達新","110/08/23","永豐金證券",0,2,-2
"4763","1315達新","110/08/23","日盛-頭份",2,0,2
"4764","1315達新","110/08/23","元富-信義",0,1,-1
"4765","1315達新","110/08/23","港商法國興業",2,0,2
"4766","1315達新","110/08/23","華南永昌-中正",0,1,-1
"4767","1315達新","110/08/23","新加坡商瑞銀",2,0,2
"4768","1315達新","110/08/23","富邦-板橋",0,1,-1
"4769","1315達新","110/08/23","第一金",2,0,2
"4770","1315達新","110/08/23","富邦-仁愛",0,1,-1
"4771","2609陽明","110/08/23","摩根大通",18636,4559,14077
"4772","2609陽明","110/08/23","富邦證券",10185,12443,-2258
"4773","2609陽明","110/08/23","康和",2421,208,2213
"4774","2609陽明","110/08/23","富邦-虎尾",7091,8076,-985
"4775","2609陽明","110/08/23","台灣摩根士丹利",2570,528,2042
"4776","2609陽明","110/08/23","華南永昌-竹北",340,1185,-845
"4777","2609陽明","110/08/23","凱基-台北",2772,1398,1374
"4778","2609陽明","110/08/23","新光-新竹",958,1746,-788
"4779","2609陽明","110/08/23","美林",7570,6327,1243
"4780","2609陽明","110/08/23","凱基-長庚",161,815,-654
"4781","2609陽明","110/08/23","瑞士信貸",1505,326,1179
"4782","2609陽明","110/08/23","凱基-市府",164,817,-653
"4783","2609陽明","110/08/23","日盛-板橋",1087,183,904
"4784","2609陽明","110/08/23","國泰-敦南",5133,5754,-621
"4785","2609陽明","110/08/23","凱基-復興",1293,497,796
"4786","2609陽明","110/08/23","國泰-館前",1329,1670,-341
"4787","2609陽明","110/08/23","元大證券",3275,2760,515
"4788","2609陽明","110/08/23","富邦-建國",489,824,-335
"4789","2609陽明","110/08/23","元大-頭份",776,338,438
"4790","2609陽明","110/08/23","元大-大同",246,569,-323
"4791","2609陽明","110/08/23","富邦-仁愛",1292,875,417
"4792","2609陽明","110/08/23","元大-和平",98,405,-307
"4793","2609陽明","110/08/23","凱基-市政",2414,2002,412
"4794","2609陽明","110/08/23","元大-台中中港",128,429,-301
"4795","2609陽明","110/08/23","元大-士林",2427,2036,391
"4796","2609陽明","110/08/23","玉山證券",756,1049,-293
"4797","2609陽明","110/08/23","宏遠證券",1542,1153,389
"4798","2609陽明","110/08/23","群益金鼎-內湖",32,319,-287
"4799","2609陽明","110/08/23","新加坡商瑞銀",746,375,371
"4800","2609陽明","110/08/23","群益金鼎-大安",1012,1296,-284
"4801","2636台驊投控","110/08/23","摩根大通",1383,622,761
"4802","2636台驊投控","110/08/23","第一金-桃園",32,181,-149
"4803","2636台驊投控","110/08/23","瑞士信貸",679,89,590
"4804","2636台驊投控","110/08/23","永豐金-新竹",6,139,-133
"4805","2636台驊投控","110/08/23","台灣摩根士丹利",413,93,320
"4806","2636台驊投控","110/08/23","日盛-景美",5,108,-103
"4807","2636台驊投控","110/08/23","美商高盛",400,167,233
"4808","2636台驊投控","110/08/23","台新證券",155,215,-60
"4809","2636台驊投控","110/08/23","新加坡商瑞銀",215,57,158
"4810","2636台驊投控","110/08/23","日盛-台中",0,55,-55
"4811","2636台驊投控","110/08/23","元大-松江",81,17,64
"4812","2636台驊投控","110/08/23","富邦-苗栗",2,57,-55
"4813","2636台驊投控","110/08/23","新光",303,240,63
"4814","2636台驊投控","110/08/23","日盛-信義",12,66,-54
"4815","2636台驊投控","110/08/23","凱基-台北",601,539,62
"4816","2636台驊投控","110/08/23","富邦-北港",7,56,-49
"4817","2636台驊投控","110/08/23","富邦-彰化",116,55,61
"4818","2636台驊投控","110/08/23","中國信託-文心",19,67,-48
"4819","2636台驊投控","110/08/23","永豐金-萬盛",84,36,48
"4820","2636台驊投控","110/08/23","統一-城中",34,81,-47
"4821","2636台驊投控","110/08/23","兆豐-中壢",67,22,45
"4822","2636台驊投控","110/08/23","土銀-南港",0,45,-45
"4823","2636台驊投控","110/08/23","兆豐-鹿港",44,4,40
"4824","2636台驊投控","110/08/23","永豐金-桃園",19,64,-45
"4825","2636台驊投控","110/08/23","元大-林森",77,40,37
"4826","2636台驊投控","110/08/23","台新-台中",63,107,-44
"4827","2636台驊投控","110/08/23","富邦-虎尾",255,221,34
"4828","2636台驊投控","110/08/23","日盛證券",24,67,-43
"4829","2636台驊投控","110/08/23","元富-成功",37,6,31
"4830","2636台驊投控","110/08/23","凱基-竹科",80,118,-38
"4831","2867三商壽","110/08/23","凱基-台北",292,9,283
"4832","2867三商壽","110/08/23","宏遠證券",0,1024,-1024
"4833","2867三商壽","110/08/23","康和-台中",273,3,270
"4834","2867三商壽","110/08/23","富邦-陽明",0,280,-280
"4835","2867三商壽","110/08/23","土銀-台中",150,0,150
"4836","2867三商壽","110/08/23","元大-北投",0,100,-100
"4837","2867三商壽","110/08/23","新光",135,10,125
"4838","2867三商壽","110/08/23","元富",0,75,-75
"4839","2867三商壽","110/08/23","新加坡商瑞銀",109,5,104
"4840","2867三商壽","110/08/23","摩根大通",309,368,-59
"4841","2867三商壽","110/08/23","元大-桃園",100,0,100
"4842","2867三商壽","110/08/23","台灣摩根士丹利",6,57,-51
"4843","2867三商壽","110/08/23","元大-沙鹿",76,0,76
"4844","2867三商壽","110/08/23","元富-城東",0,51,-51
"4845","2867三商壽","110/08/23","凱基",75,0,75
"4846","2867三商壽","110/08/23","美林",9,59,-50
"4847","2867三商壽","110/08/23","元大-彰化民生",72,0,72
"4848","2867三商壽","110/08/23","宏遠-中和",3,50,-47
"4849","2867三商壽","110/08/23","國泰-台南",78,10,68
"4850","2867三商壽","110/08/23","元大-永和",0,42,-42
"4851","2867三商壽","110/08/23","元大-屏東",60,0,60
"4852","2867三商壽","110/08/23","土銀-白河",0,36,-36
"4853","2867三商壽","110/08/23","華南永昌-公誠",60,1,59
"4854","2867三商壽","110/08/23","元大-博愛",0,31,-31
"4855","2867三商壽","110/08/23","國票-安和",50,0,50
"4856","2867三商壽","110/08/23","凱基-八德",0,30,-30
"4857","2867三商壽","110/08/23","國泰-板橋",50,0,50
"4858","2867三商壽","110/08/23","元大-永康",0,30,-30
"4859","2867三商壽","110/08/23","永豐金-新莊",50,0,50
"4860","2867三商壽","110/08/23","日盛-二林",20,40,-20
"4861","5521工信","110/08/23","摩根大通",142,16,126
"4862","5521工信","110/08/23","港商野村",0,134,-134
"4863","5521工信","110/08/23","群益金鼎-台中",123,0,123
"4864","5521工信","110/08/23","元大-南屯",10,135,-125
"4865","5521工信","110/08/23","元大證券",106,0,106
"4866","5521工信","110/08/23","國泰-敦南",1,34,-33
"4867","5521工信","110/08/23","凱基-台北",117,24,93
"4868","5521工信","110/08/23","台新-台中",2,30,-28
"4869","5521工信","110/08/23","中國信託-三重",44,0,44
"4870","5521工信","110/08/23","群益金鼎-三民",0,25,-25
"4871","5521工信","110/08/23","日盛-宜蘭",20,0,20
"4872","5521工信","110/08/23","福勝",0,20,-20
"4873","5521工信","110/08/23","元大-桃園",20,0,20
"4874","5521工信","110/08/23","元大-內湖",0,20,-20
"4875","5521工信","110/08/23","日茂",14,0,14
"4876","5521工信","110/08/23","第一金-新竹",0,15,-15
"4877","5521工信","110/08/23","富邦-苗栗",12,0,12
"4878","5521工信","110/08/23","統一-員林",0,15,-15
"4879","5521工信","110/08/23","港商法國興業",11,0,11
"4880","5521工信","110/08/23","新光",0,15,-15
"4881","5521工信","110/08/23","統一-新台中",66,55,11
"4882","5521工信","110/08/23","華南永昌-高雄",0,15,-15
"4883","5521工信","110/08/23","宏遠-桃園",10,0,10
"4884","5521工信","110/08/23","第一金-桃園",0,12,-12
"4885","5521工信","110/08/23","日進",10,0,10
"4886","5521工信","110/08/23","群益金鼎-萬華",0,12,-12
"4887","5521工信","110/08/23","群益金鼎-中壢",10,0,10
"4888","5521工信","110/08/23","兆豐-新竹",0,11,-11
"4889","5521工信","110/08/23","富邦-虎尾",10,0,10
"4890","5521工信","110/08/23","群益金鼎-忠孝",0,10,-10
"4891","1471首利","110/08/23","摩根大通",143,11,132
"4892","1471首利","110/08/23","元大-草屯",0,153,-153
"4893","1471首利","110/08/23","瑞士信貸",79,0,79
"4894","1471首利","110/08/23","富邦-台北",0,30,-30
"4895","1471首利","110/08/23","美林",27,1,26
"4896","1471首利","110/08/23","第一金-路竹",0,28,-28
"4897","1471首利","110/08/23","凱基-台北",23,0,23
"4898","1471首利","110/08/23","光和-嘉義",0,20,-20
"4899","1471首利","110/08/23","港商法國興業",16,0,16
"4900","1471首利","110/08/23","兆豐-台中港",0,20,-20
"4901","1471首利","110/08/23","兆豐-員林",13,1,12
"4902","1471首利","110/08/23","新光-台南",0,20,-20
"4903","1471首利","110/08/23","台新-台南",10,0,10
"4904","1471首利","110/08/23","永豐金-松山",0,20,-20
"4905","1471首利","110/08/23","玉山-新莊",10,0,10
"4906","1471首利","110/08/23","永興-大墩",0,12,-12
"4907","1471首利","110/08/23","元大-南崁",10,0,10
"4908","1471首利","110/08/23","元富-民權",0,12,-12
"4909","1471首利","110/08/23","國泰-敦南",9,0,9
"4910","1471首利","110/08/23","光和",0,11,-11
"4911","1471首利","110/08/23","中農",7,0,7
"4912","1471首利","110/08/23","凱基-嘉義",0,11,-11
"4913","1471首利","110/08/23","元大-南投",7,0,7
"4914","1471首利","110/08/23","宏遠-光隆",0,10,-10
"4915","1471首利","110/08/23","臺銀-鳳山",5,0,5
"4916","1471首利","110/08/23","元富-台南",0,10,-10
"4917","1471首利","110/08/23","臺銀-新竹",5,0,5
"4918","1471首利","110/08/23","國票-天祥",1,7,-6
"4919","1471首利","110/08/23","台新-松江",5,0,5
"4920","1471首利","110/08/23","凱基-新店",1,7,-6
"4921","2883開發金","110/08/23","港商野村",10106,1311,8795
"4922","2883開發金","110/08/23","凱基",0,12731,-12731
"4923","2883開發金","110/08/23","國泰-館前",3231,61,3170
"4924","2883開發金","110/08/23","華南永昌",206,3525,-3319
"4925","2883開發金","110/08/23","美林",3113,860,2253
"4926","2883開發金","110/08/23","台灣摩根士丹利",274,2928,-2654
"4927","2883開發金","110/08/23","元大-開元",2066,52,2014
"4928","2883開發金","110/08/23","凱基-台北",1073,3532,-2459
"4929","2883開發金","110/08/23","統一",1542,16,1526
"4930","2883開發金","110/08/23","新加坡商瑞銀",404,2862,-2458
"4931","2883開發金","110/08/23","永豐金-新莊",1111,2,1109
"4932","2883開發金","110/08/23","群益金鼎",2,1833,-1831
"4933","2883開發金","110/08/23","永豐金-台南",1055,155,900
"4934","2883開發金","110/08/23","摩根大通",987,2808,-1821
"4935","2883開發金","110/08/23","統一-基隆",542,0,542
"4936","2883開發金","110/08/23","聯邦商銀",4,1800,-1796
"4937","2883開發金","110/08/23","花旗環球",650,117,533
"4938","2883開發金","110/08/23","康和",5,1485,-1480
"4939","2883開發金","110/08/23","群益金鼎-開元",531,23,508
"4940","2883開發金","110/08/23","新光",1648,2512,-864
"4941","2883開發金","110/08/23","港商法國興業",484,0,484
"4942","2883開發金","110/08/23","美商高盛",11,687,-676
"4943","2883開發金","110/08/23","統一-台中",496,32,464
"4944","2883開發金","110/08/23","大慶-基隆",3,503,-500
"4945","2883開發金","110/08/23","(牛牛牛)亞-鑫豐",475,48,427
"4946","2883開發金","110/08/23","瑞士信貸",206,641,-435
"4947","2883開發金","110/08/23","元大證券",560,198,362
"4948","2883開發金","110/08/23","第一金-台南",79,494,-415
"4949","2883開發金","110/08/23","台新證券",488,128,360
"4950","2883開發金","110/08/23","華南永昌-苑裡",2,315,-313
"4951","6205詮欣","110/08/23","合庫-三重",49,0,49
"4952","6205詮欣","110/08/23","永豐金-敦南",0,52,-52
"4953","6205詮欣","110/08/23","摩根大通",8,0,8
"4954","6205詮欣","110/08/23","統一-中壢",0,10,-10
"4955","6205詮欣","110/08/23","日盛-高雄",5,0,5
"4956","6205詮欣","110/08/23","瑞士信貸",3,11,-8
"4957","6205詮欣","110/08/23","新光-台南",5,0,5
"4958","6205詮欣","110/08/23","群益金鼎-永和",0,5,-5
"4959","6205詮欣","110/08/23","元大-復北",4,0,4
"4960","6205詮欣","110/08/23","華南永昌-公誠",0,5,-5
"4961","6205詮欣","110/08/23","永豐金證券",4,0,4
"4962","6205詮欣","110/08/23","元大-屏東",0,5,-5
"4963","6205詮欣","110/08/23","臺銀-高雄",3,0,3
"4964","6205詮欣","110/08/23","元大-汐止",1,5,-4
"4965","6205詮欣","110/08/23","港商法國興業",3,0,3
"4966","6205詮欣","110/08/23","統一-汐止",0,3,-3
"4967","6205詮欣","110/08/23","凱基-汐止",3,0,3
"4968","6205詮欣","110/08/23","元富-嘉義",0,2,-2
"4969","6205詮欣","110/08/23","凱基-台北",4,1,3
"4970","6205詮欣","110/08/23","北城證券",0,2,-2
"4971","6205詮欣","110/08/23","日盛-三重",2,0,2
"4972","6205詮欣","110/08/23","凱基-新莊",0,2,-2
"4973","6205詮欣","110/08/23","華南永昌-潮州",2,0,2
"4974","6205詮欣","110/08/23","富邦-仁愛",0,2,-2
"4975","6205詮欣","110/08/23","元大-成功",2,0,2
"4976","6205詮欣","110/08/23","永豐金-新莊",0,2,-2
"4977","6205詮欣","110/08/23","美林",1,0,1
"4978","6205詮欣","110/08/23","永豐金-台中",0,2,-2
"4979","6205詮欣","110/08/23","第一金-大稻埕",1,0,1
"4980","6205詮欣","110/08/23","第一金-路竹",0,1,-1
"4981","1540喬福","110/08/23","玉山證券",6,1,5
"4982","1540喬福","110/08/23","元富-新竹",0,5,-5
"4983","1540喬福","110/08/23","港商法國興業",3,0,3
"4984","1540喬福","110/08/23","玉山-城中",0,5,-5
"4985","1540喬福","110/08/23","元富-敦南",3,0,3
"4986","1540喬福","110/08/23","兆豐-台中港",0,4,-4
"4987","1540喬福","110/08/23","凱基-台北",2,0,2
"4988","1540喬福","110/08/23","元大-太平",0,4,-4
"4989","1540喬福","110/08/23","國泰-敦南",1,0,1
"4990","1540喬福","110/08/23","美林",0,1,-1
"4991","1540喬福","110/08/23","永豐金-豐原",1,0,1
"4992","1540喬福","110/08/23","元富",0,1,-1
"4993","1540喬福","110/08/23","永豐金-敦南",1,0,1
"4994","1540喬福","110/08/23","群益金鼎-海山",0,1,-1
"4995","1540喬福","110/08/23","元大-文心興安",1,0,1
"4996","1540喬福","110/08/23","富邦-嘉義",0,1,-1
"4997","1540喬福","110/08/23","群益金鼎-丹鳳",1,0,1
"4998","1540喬福","110/08/23","日盛-八德",0,0,0
"4999","1540喬福","110/08/23","群益金鼎-高雄",1,0,1
"5000","1540喬福","110/08/23","統一-三重",0,0,0
"5001","1540喬福","110/08/23","合庫-高雄",1,0,1
"5002","1540喬福","110/08/23","(牛牛牛)亞-網路",0,0,0
"5003","1540喬福","110/08/23","致和-南京",2,1,1
"5004","1540喬福","110/08/23","國泰-高雄",0,0,0
"5005","1540喬福","110/08/23","新加坡商瑞銀",1,0,1
"5006","1540喬福","110/08/23","凱基-竹北",0,0,0
"5007","1540喬福","110/08/23","國泰-高雄",0,0,0
"5008","1540喬福","110/08/23","華南永昌-嘉義",0,0,0
"5009","1540喬福","110/08/23","凱基-竹北",0,0,0
"5010","1540喬福","110/08/23","元大-西門",0,0,0
"5011","2888新光金","110/08/23","港商野村",2200,82,2118
"5012","2888新光金","110/08/23","元富-城東",72,2108,-2036
"5013","2888新光金","110/08/23","凱基-台北",1553,74,1479
"5014","2888新光金","110/08/23","元大-北投",15,1631,-1616
"5015","2888新光金","110/08/23","合庫-新竹",800,0,800
"5016","2888新光金","110/08/23","美商高盛",264,1857,-1593
"5017","2888新光金","110/08/23","法銀巴黎",688,38,650
"5018","2888新光金","110/08/23","摩根大通",2146,3664,-1518
"5019","2888新光金","110/08/23","元富",590,17,573
"5020","2888新光金","110/08/23","元大證券",87,1208,-1121
"5021","2888新光金","110/08/23","第一金-新竹",572,0,572
"5022","2888新光金","110/08/23","凱基-頭份",0,1100,-1100
"5023","2888新光金","110/08/23","台灣摩根士丹利",597,168,429
"5024","2888新光金","110/08/23","玉山-板橋",93,712,-619
"5025","2888新光金","110/08/23","福邦-新竹",412,0,412
"5026","2888新光金","110/08/23","瑞士信貸",535,1122,-587
"5027","2888新光金","110/08/23","新光",504,139,365
"5028","2888新光金","110/08/23","元富-嘉義",27,583,-556
"5029","2888新光金","110/08/23","元大-屏南",343,4,339
"5030","2888新光金","110/08/23","凱基-敦北",2,500,-498
"5031","2888新光金","110/08/23","(牛牛牛)亞-鑫豐",398,63,335
"5032","2888新光金","110/08/23","華南永昌-林口",130,620,-490
"5033","2888新光金","110/08/23","永豐金-嘉義",300,0,300
"5034","2888新光金","110/08/23","元大-草屯",27,442,-415
"5035","2888新光金","110/08/23","富邦-台北",309,14,295
"5036","2888新光金","110/08/23","元大-大天母",5,255,-250
"5037","2888新光金","110/08/23","元富-彰化",254,2,252
"5038","2888新光金","110/08/23","土銀-嘉義",10,250,-240
"5039","2888新光金","110/08/23","群益金鼎-竹南",282,32,250
"5040","2888新光金","110/08/23","富邦-高雄",42,266,-224
"5041","1340勝悅","110/08/23","港商法國興業",20,0,20
"5042","1340勝悅","110/08/23","凱基-永華",0,26,-26
"5043","1340勝悅","110/08/23","凱基-台北",15,1,14
"5044","1340勝悅","110/08/23","元大-四維",0,20,-20
"5045","1340勝悅","110/08/23","美林",12,0,12
"5046","1340勝悅","110/08/23","元大-向上",0,19,-19
"5047","1340勝悅","110/08/23","元富-宜蘭",7,0,7
"5048","1340勝悅","110/08/23","元大-竹北",0,18,-18
"5049","1340勝悅","110/08/23","美商高盛",6,0,6
"5050","1340勝悅","110/08/23","永豐金-內湖",0,15,-15
"5051","1340勝悅","110/08/23","國泰-台中",6,0,6
"5052","1340勝悅","110/08/23","摩根大通",0,9,-9
"5053","1340勝悅","110/08/23","臺灣企銀-埔墘",5,0,5
"5054","1340勝悅","110/08/23","元大-忠孝鼎富",0,9,-9
"5055","1340勝悅","110/08/23","元富-彰化",5,0,5
"5056","1340勝悅","110/08/23","凱基-高美館",0,4,-4
"5057","1340勝悅","110/08/23","台中銀",5,0,5
"5058","1340勝悅","110/08/23","臺銀-鳳山",0,3,-3
"5059","1340勝悅","110/08/23","新光",5,0,5
"5060","1340勝悅","110/08/23","統一-城中",3,6,-3
"5061","1340勝悅","110/08/23","瑞士信貸",4,0,4
"5062","1340勝悅","110/08/23","陽信-石牌",0,2,-2
"5063","1340勝悅","110/08/23","華南永昌-新莊",4,0,4
"5064","1340勝悅","110/08/23","群益金鼎-屏東",0,2,-2
"5065","1340勝悅","110/08/23","富邦-新店",5,1,4
"5066","1340勝悅","110/08/23","富邦-羅東",0,2,-2
"5067","1340勝悅","110/08/23","群益金鼎-館前",3,0,3
"5068","1340勝悅","110/08/23","元大-新竹經國",0,2,-2
"5069","1340勝悅","110/08/23","國泰-桃園",2,0,2
"5070","1340勝悅","110/08/23","新光-台南",0,1,-1
"5071","6246臺龍","110/08/23","台新-高雄",46,22,24
"5072","6246臺龍","110/08/23","元富-高雄",0,26,-26
"5073","6246臺龍","110/08/23","凱基-台北",10,1,9
"5074","6246臺龍","110/08/23","元大-台北",0,8,-8
"5075","6246臺龍","110/08/23","臺銀-臺中",6,0,6
"5076","6246臺龍","110/08/23","日進",0,6,-6
"5077","6246臺龍","110/08/23","國票-北高雄",6,0,6
"5078","6246臺龍","110/08/23","第一金-高雄",0,5,-5
"5079","6246臺龍","110/08/23","第一金-安和",5,0,5
"5080","6246臺龍","110/08/23","玉山-桃園",0,5,-5
"5081","6246臺龍","110/08/23","元富-宜蘭",5,0,5
"5082","6246臺龍","110/08/23","群益金鼎-東門",0,5,-5
"5083","6246臺龍","110/08/23","康和-內湖",5,0,5
"5084","6246臺龍","110/08/23","永豐金-三重",0,5,-5
"5085","6246臺龍","110/08/23","兆豐-公益",4,0,4
"5086","6246臺龍","110/08/23","元富-潮州",0,4,-4
"5087","6246臺龍","110/08/23","台新-屏東",20,16,4
"5088","6246臺龍","110/08/23","元大-新莊",0,4,-4
"5089","6246臺龍","110/08/23","元大-高雄",4,0,4
"5090","6246臺龍","110/08/23","宏遠-新化",0,3,-3
"5091","6246臺龍","110/08/23","兆豐-景美",3,0,3
"5092","6246臺龍","110/08/23","富邦-嘉義",0,3,-3
"5093","6246臺龍","110/08/23","國票-敦北法人",5,2,3
"5094","6246臺龍","110/08/23","日盛-新莊",0,2,-2
"5095","6246臺龍","110/08/23","新光-台中",3,0,3
"5096","6246臺龍","110/08/23","元富-花蓮",0,2,-2
"5097","6246臺龍","110/08/23","元大-竹山",3,0,3
"5098","6246臺龍","110/08/23","兆豐-高雄",0,2,-2
"5099","6246臺龍","110/08/23","元大-土城",3,0,3
"5100","6246臺龍","110/08/23","國泰-敦南",1,3,-2
"5101","00715L期街口布蘭特正2","110/08/23","中國信託-永康",1679,1,1678
"5102","00715L期街口布蘭特正2","110/08/23","元大證券",181,15885,-15704
"5103","00715L期街口布蘭特正2","110/08/23","元大-新竹",1242,37,1205
"5104","00715L期街口布蘭特正2","110/08/23","凱基",0,4277,-4277
"5105","00715L期街口布蘭特正2","110/08/23","兆豐-鹿港",790,10,780
"5106","00715L期街口布蘭特正2","110/08/23","合庫證券",25,3475,-3450
"5107","00715L期街口布蘭特正2","110/08/23","凱基-台北",1274,502,772
"5108","00715L期街口布蘭特正2","110/08/23","永豐金證券",100,3461,-3361
"5109","00715L期街口布蘭特正2","110/08/23","新光",913,226,687
"5110","00715L期街口布蘭特正2","110/08/23","元富",11,2829,-2818
"5111","00715L期街口布蘭特正2","110/08/23","台中銀",639,24,615
"5112","00715L期街口布蘭特正2","110/08/23","康和",0,2551,-2551
"5113","00715L期街口布蘭特正2","110/08/23","元大-嘉義",584,0,584
"5114","00715L期街口布蘭特正2","110/08/23","富邦證券",1628,2629,-1001
"5115","00715L期街口布蘭特正2","110/08/23","兆豐-台中港",613,30,583
"5116","00715L期街口布蘭特正2","110/08/23","元大-林森",45,602,-557
"5117","00715L期街口布蘭特正2","110/08/23","永豐金-板盛",506,0,506
"5118","00715L期街口布蘭特正2","110/08/23","元大-三重",21,550,-529
"5119","00715L期街口布蘭特正2","110/08/23","群益金鼎-屏東",501,0,501
"5120","00715L期街口布蘭特正2","110/08/23","元大-民雄",92,575,-483
"5121","00715L期街口布蘭特正2","110/08/23","元大-北港",496,10,486
"5122","00715L期街口布蘭特正2","110/08/23","元大-蘆洲",15,316,-301
"5123","00715L期街口布蘭特正2","110/08/23","新光-台中",463,36,427
"5124","00715L期街口布蘭特正2","110/08/23","群益金鼎-台中",10,300,-290
"5125","00715L期街口布蘭特正2","110/08/23","永豐金-市政",420,15,405
"5126","00715L期街口布蘭特正2","110/08/23","群益金鼎-丹鳳",37,320,-283
"5127","00715L期街口布蘭特正2","110/08/23","元大-復北",415,11,404
"5128","00715L期街口布蘭特正2","110/08/23","富邦-嘉義",346,628,-282
"5129","00715L期街口布蘭特正2","110/08/23","中國信託-高雄",428,28,400
"5130","00715L期街口布蘭特正2","110/08/23","大昌-樹林",48,295,-247
"5131","8941關中","110/08/23","凱基-市府",1,0,1
"5132","8941關中","110/08/23","元大-金華",0,1,-1
"5133","8941關中","110/08/23","元富-台中",0,0,0
"5134","8941關中","110/08/23","元富-台中",0,0,0
"5135","8941關中","110/08/23","康和-板橋",0,0,0
"5136","8941關中","110/08/23","康和-板橋",0,0,0
"5137","8941關中","110/08/23","凱基-市政",0,0,0
"5138","8941關中","110/08/23","凱基-市政",0,0,0
"5139","8941關中","110/08/23","永豐金-敦北",0,0,0
"5140","8941關中","110/08/23","永豐金-敦北",0,0,0
"5141","8941關中","110/08/23","永豐金-南投",0,0,0
"5142","8941關中","110/08/23","永豐金-南投",0,0,0
"5143","8941關中","110/08/23","",NA,NA,NA
"5144","8941關中","110/08/23","",NA,NA,NA
"5145","8941關中","110/08/23","",NA,NA,NA
"5146","8941關中","110/08/23","",NA,NA,NA
"5147","8941關中","110/08/23","",NA,NA,NA
"5148","8941關中","110/08/23","",NA,NA,NA
"5149","8941關中","110/08/23","",NA,NA,NA
"5150","8941關中","110/08/23","",NA,NA,NA
"5151","8941關中","110/08/23","",NA,NA,NA
"5152","8941關中","110/08/23","",NA,NA,NA
"5153","8941關中","110/08/23","",NA,NA,NA
"5154","8941關中","110/08/23","",NA,NA,NA
"5155","8941關中","110/08/23","",NA,NA,NA
"5156","8941關中","110/08/23","",NA,NA,NA
"5157","8941關中","110/08/23","",NA,NA,NA
"5158","8941關中","110/08/23","",NA,NA,NA
"5159","8941關中","110/08/23","",NA,NA,NA
"5160","8941關中","110/08/23","",NA,NA,NA
"5161","8936國統","110/08/23","新加坡商瑞銀",220,12,208
"5162","8936國統","110/08/23","宏遠-台南",0,264,-264
"5163","8936國統","110/08/23","第一金-高雄",100,0,100
"5164","8936國統","110/08/23","康和-高雄",0,156,-156
"5165","8936國統","110/08/23","美商高盛",89,5,84
"5166","8936國統","110/08/23","凱基-高美館",0,56,-56
"5167","8936國統","110/08/23","瑞士信貸",77,0,77
"5168","8936國統","110/08/23","凱基-台北",7,50,-43
"5169","8936國統","110/08/23","中國信託-高雄",55,0,55
"5170","8936國統","110/08/23","大慶-楊梅",0,19,-19
"5171","8936國統","110/08/23","摩根大通",44,0,44
"5172","8936國統","110/08/23","富邦-台北",1,17,-16
"5173","8936國統","110/08/23","港商野村",68,31,37
"5174","8936國統","110/08/23","國票-中正",0,15,-15
"5175","8936國統","110/08/23","富邦-陽明",30,0,30
"5176","8936國統","110/08/23","兆豐-北高雄",0,14,-14
"5177","8936國統","110/08/23","美林",15,0,15
"5178","8936國統","110/08/23","日盛-和美",1,12,-11
"5179","8936國統","110/08/23","華南永昌",15,0,15
"5180","8936國統","110/08/23","統一-新竹",2,13,-11
"5181","8936國統","110/08/23","新光-台中",13,1,12
"5182","8936國統","110/08/23","永興-水湳",0,10,-10
"5183","8936國統","110/08/23","臺銀-鳳山",11,0,11
"5184","8936國統","110/08/23","國票-北高雄",0,10,-10
"5185","8936國統","110/08/23","元富-城東",10,0,10
"5186","8936國統","110/08/23","凱基-科園",0,10,-10
"5187","8936國統","110/08/23","宏遠-高雄",11,2,9
"5188","8936國統","110/08/23","元大-高雄",0,10,-10
"5189","8936國統","110/08/23","元富-古亭",9,0,9
"5190","8936國統","110/08/23","元大-西螺",0,8,-8
"5191","6226光鼎","110/08/23","摩根大通",432,89,343
"5192","6226光鼎","110/08/23","元大-文心興安",17,248,-231
"5193","6226光鼎","110/08/23","凱基-台北",234,13,221
"5194","6226光鼎","110/08/23","台新-台南",5,92,-87
"5195","6226光鼎","110/08/23","瑞士信貸",176,1,175
"5196","6226光鼎","110/08/23","致和-佳里",0,50,-50
"5197","6226光鼎","110/08/23","美林",77,4,73
"5198","6226光鼎","110/08/23","永豐金-大園",1,50,-49
"5199","6226光鼎","110/08/23","元大-板橋",51,4,47
"5200","6226光鼎","110/08/23","永豐金-竹北",0,40,-40
"5201","6226光鼎","110/08/23","港商法國興業",41,0,41
"5202","6226光鼎","110/08/23","凱基-台中",10,46,-36
"5203","6226光鼎","110/08/23","富邦-陽明",60,20,40
"5204","6226光鼎","110/08/23","統一",0,35,-35
"5205","6226光鼎","110/08/23","華南永昌-中正",38,0,38
"5206","6226光鼎","110/08/23","國泰-板橋",13,47,-34
"5207","6226光鼎","110/08/23","美商高盛",120,86,34
"5208","6226光鼎","110/08/23","富邦-岡山",0,34,-34
"5209","6226光鼎","110/08/23","永豐金-虎尾",54,21,33
"5210","6226光鼎","110/08/23","元富-城中",4,37,-33
"5211","6226光鼎","110/08/23","元大-中壢",43,11,32
"5212","6226光鼎","110/08/23","永豐金-中盛",2,35,-33
"5213","6226光鼎","110/08/23","元大-松山",30,0,30
"5214","6226光鼎","110/08/23","新光",29,60,-31
"5215","6226光鼎","110/08/23","華南永昌-麻豆",29,0,29
"5216","6226光鼎","110/08/23","第一金-台南",3,28,-25
"5217","6226光鼎","110/08/23","國泰-敦南",108,80,28
"5218","6226光鼎","110/08/23","元富-同大",0,23,-23
"5219","6226光鼎","110/08/23","凱基-內埔",31,10,21
"5220","6226光鼎","110/08/23","元大-高雄",0,23,-23
"5221","2363矽統","110/08/23","摩根大通",2511,676,1835
"5222","2363矽統","110/08/23","凱基-南崁",11,1553,-1542
"5223","2363矽統","110/08/23","凱基-台北",1871,888,983
"5224","2363矽統","110/08/23","玉山-台中",25,549,-524
"5225","2363矽統","110/08/23","合庫-基隆",965,24,941
"5226","2363矽統","110/08/23","台灣摩根士丹利",0,504,-504
"5227","2363矽統","110/08/23","瑞士信貸",553,0,553
"5228","2363矽統","110/08/23","永豐金-板盛",4,302,-298
"5229","2363矽統","110/08/23","美商高盛",1636,1099,537
"5230","2363矽統","110/08/23","大展",13,289,-276
"5231","2363矽統","110/08/23","港商野村",2021,1501,520
"5232","2363矽統","110/08/23","元大-汐止",123,391,-268
"5233","2363矽統","110/08/23","美林",395,80,315
"5234","2363矽統","110/08/23","台新證券",332,525,-193
"5235","2363矽統","110/08/23","富邦-苗栗",360,53,307
"5236","2363矽統","110/08/23","富邦-新竹",45,201,-156
"5237","2363矽統","110/08/23","統一-土城",254,6,248
"5238","2363矽統","110/08/23","群益金鼎-桃園",4,107,-103
"5239","2363矽統","110/08/23","統一-仁愛",281,48,233
"5240","2363矽統","110/08/23","台新-屏東",58,156,-98
"5241","2363矽統","110/08/23","統一-敦南",261,40,221
"5242","2363矽統","110/08/23","元富-永和",9,103,-94
"5243","2363矽統","110/08/23","統一-城中",276,57,219
"5244","2363矽統","110/08/23","富邦-新店",19,107,-88
"5245","2363矽統","110/08/23","群益金鼎-敦南",209,13,196
"5246","2363矽統","110/08/23","群益金鼎-南京",24,111,-87
"5247","2363矽統","110/08/23","華南永昌-林口",174,12,162
"5248","2363矽統","110/08/23","台新-左楠",4,88,-84
"5249","2363矽統","110/08/23","元大-淡水",210,57,153
"5250","2363矽統","110/08/23","元大-沙鹿",58,137,-79
"5251","8112至上","110/08/23","美林",116,9,107
"5252","8112至上","110/08/23","群益金鼎-基隆",0,172,-172
"5253","8112至上","110/08/23","摩根大通",133,59,74
"5254","8112至上","110/08/23","香港上海匯豐",0,120,-120
"5255","8112至上","110/08/23","第一金-桃園",99,30,69
"5256","8112至上","110/08/23","台灣摩根士丹利",0,110,-110
"5257","8112至上","110/08/23","凱基-台北",129,78,51
"5258","8112至上","110/08/23","群益金鼎",0,100,-100
"5259","8112至上","110/08/23","元大-成功",50,1,49
"5260","8112至上","110/08/23","元大-佳里",5,92,-87
"5261","8112至上","110/08/23","日盛-花蓮",40,0,40
"5262","8112至上","110/08/23","港商野村",77,140,-63
"5263","8112至上","110/08/23","國票-天祥",40,0,40
"5264","8112至上","110/08/23","元大-永和",0,45,-45
"5265","8112至上","110/08/23","群益金鼎-板橋",40,0,40
"5266","8112至上","110/08/23","富邦-仁愛",31,66,-35
"5267","8112至上","110/08/23","元大-萬華",49,10,39
"5268","8112至上","110/08/23","日盛-文化",0,26,-26
"5269","8112至上","110/08/23","合庫-西台中",40,5,35
"5270","8112至上","110/08/23","元富-佳里",4,30,-26
"5271","8112至上","110/08/23","瑞士信貸",33,0,33
"5272","8112至上","110/08/23","第一金-大稻埕",0,25,-25
"5273","8112至上","110/08/23","中國信託-永康",31,0,31
"5274","8112至上","110/08/23","大慶-蘆洲",0,22,-22
"5275","8112至上","110/08/23","亞東",30,0,30
"5276","8112至上","110/08/23","永豐金-敦南",2,23,-21
"5277","8112至上","110/08/23","亞東-台中",26,0,26
"5278","8112至上","110/08/23","台中銀",0,20,-20
"5279","8112至上","110/08/23","富邦-北港",35,11,24
"5280","8112至上","110/08/23","兆豐-西螺",0,20,-20
"5281","1570力肯","110/08/23","國票-和平",39,0,39
"5282","1570力肯","110/08/23","統一",0,28,-28
"5283","1570力肯","110/08/23","摩根大通",22,1,21
"5284","1570力肯","110/08/23","群益金鼎-東門",0,20,-20
"5285","1570力肯","110/08/23","臺銀",18,0,18
"5286","1570力肯","110/08/23","中國信託-嘉義",0,15,-15
"5287","1570力肯","110/08/23","台新-台中",18,0,18
"5288","1570力肯","110/08/23","台新證券",0,15,-15
"5289","1570力肯","110/08/23","凱基-台北",25,8,17
"5290","1570力肯","110/08/23","元富-世貿",0,10,-10
"5291","1570力肯","110/08/23","中農",10,0,10
"5292","1570力肯","110/08/23","國票-博愛",0,10,-10
"5293","1570力肯","110/08/23","瑞士信貸",5,0,5
"5294","1570力肯","110/08/23","元富-新興",0,9,-9
"5295","1570力肯","110/08/23","兆豐-松德",5,0,5
"5296","1570力肯","110/08/23","新光",0,9,-9
"5297","1570力肯","110/08/23","凱基-高美館",5,0,5
"5298","1570力肯","110/08/23","元大-四維",1,7,-6
"5299","1570力肯","110/08/23","凱基-幸福",5,0,5
"5300","1570力肯","110/08/23","元大-淡水",0,4,-4
"5301","1570力肯","110/08/23","元大-和平",20,15,5
"5302","1570力肯","110/08/23","元大-民生",0,4,-4
"5303","1570力肯","110/08/23","元大-草屯",5,0,5
"5304","1570力肯","110/08/23","元大-東港",0,4,-4
"5305","1570力肯","110/08/23","日盛-中壢",4,0,4
"5306","1570力肯","110/08/23","永豐金-松山",0,4,-4
"5307","1570力肯","110/08/23","國票-天祥",3,0,3
"5308","1570力肯","110/08/23","日盛-景美",0,3,-3
"5309","1570力肯","110/08/23","台灣企銀-屏東",2,0,2
"5310","1570力肯","110/08/23","中國信託-新竹",0,3,-3
"5311","2929淘帝","110/08/23","凱基-台北",27,2,25
"5312","2929淘帝","110/08/23","花旗環球",0,22,-22
"5313","2929淘帝","110/08/23","元大-太平",23,0,23
"5314","2929淘帝","110/08/23","宏遠-館前",0,20,-20
"5315","2929淘帝","110/08/23","元大-萬華",20,0,20
"5316","2929淘帝","110/08/23","富邦-高雄",0,20,-20
"5317","2929淘帝","110/08/23","港商野村",14,0,14
"5318","2929淘帝","110/08/23","兆豐-北高雄",0,17,-17
"5319","2929淘帝","110/08/23","摩根大通",14,0,14
"5320","2929淘帝","110/08/23","致和-高雄",0,10,-10
"5321","2929淘帝","110/08/23","富邦-陽明",11,0,11
"5322","2929淘帝","110/08/23","康和-內湖",0,10,-10
"5323","2929淘帝","110/08/23","元大-文心興安",10,0,10
"5324","2929淘帝","110/08/23","元大-沙鹿",0,9,-9
"5325","2929淘帝","110/08/23","永豐金-大園",10,0,10
"5326","2929淘帝","110/08/23","元大-豐原站前",0,8,-8
"5327","2929淘帝","110/08/23","凱基-林口",7,0,7
"5328","2929淘帝","110/08/23","高橋-龍潭",0,7,-7
"5329","2929淘帝","110/08/23","新加坡商瑞銀",9,3,6
"5330","2929淘帝","110/08/23","臺銀-高雄",0,6,-6
"5331","2929淘帝","110/08/23","日盛-員林",5,0,5
"5332","2929淘帝","110/08/23","元富-新竹",0,6,-6
"5333","2929淘帝","110/08/23","元大-虎尾",5,0,5
"5334","2929淘帝","110/08/23","富邦-竹北",0,6,-6
"5335","2929淘帝","110/08/23","美林",6,2,4
"5336","2929淘帝","110/08/23","元大-莒光",0,5,-5
"5337","2929淘帝","110/08/23","港商法國興業",4,0,4
"5338","2929淘帝","110/08/23","元大-左營",0,5,-5
"5339","2929淘帝","110/08/23","凱基-東門",4,0,4
"5340","2929淘帝","110/08/23","元大-鹿港",0,5,-5
"5341","5410國眾","110/08/23","港商野村",14,0,14
"5342","5410國眾","110/08/23","元大-崇德",0,22,-22
"5343","5410國眾","110/08/23","凱基-台北",14,3,11
"5344","5410國眾","110/08/23","元大-清水",0,15,-15
"5345","5410國眾","110/08/23","凱基-科園",10,0,10
"5346","5410國眾","110/08/23","元大-金華",0,10,-10
"5347","5410國眾","110/08/23","華南永昌-高雄",7,0,7
"5348","5410國眾","110/08/23","元大-中壢",0,9,-9
"5349","5410國眾","110/08/23","新加坡商瑞銀",6,0,6
"5350","5410國眾","110/08/23","日盛-台中",0,8,-8
"5351","5410國眾","110/08/23","國泰-台中",5,0,5
"5352","5410國眾","110/08/23","元大-前金",0,6,-6
"5353","5410國眾","110/08/23","國泰-桃園",5,0,5
"5354","5410國眾","110/08/23","華南永昌-公誠",0,5,-5
"5355","5410國眾","110/08/23","華南永昌-淡水",5,0,5
"5356","5410國眾","110/08/23","臺銀-高雄",0,4,-4
"5357","5410國眾","110/08/23","新光",2,0,2
"5358","5410國眾","110/08/23","華南永昌-鶯歌",1,5,-4
"5359","5410國眾","110/08/23","國泰-台南",2,0,2
"5360","5410國眾","110/08/23","元富-烏日",0,3,-3
"5361","5410國眾","110/08/23","凱基-桃園",2,0,2
"5362","5410國眾","110/08/23","富邦-桃園",0,3,-3
"5363","5410國眾","110/08/23","富邦-建國",2,0,2
"5364","5410國眾","110/08/23","元大-發財",0,2,-2
"5365","5410國眾","110/08/23","永豐金-敦北",2,0,2
"5366","5410國眾","110/08/23","元大-雙和",0,2,-2
"5367","5410國眾","110/08/23","日盛-園區",1,0,1
"5368","5410國眾","110/08/23","日盛-中和",0,1,-1
"5369","5410國眾","110/08/23","第一金-中壢",1,0,1
"5370","5410國眾","110/08/23","彰銀",0,1,-1
"5371","2841台開","110/08/23","宏遠-館前",300,0,300
"5372","2841台開","110/08/23","台中銀",0,74,-74
"5373","2841台開","110/08/23","第一金",54,0,54
"5374","2841台開","110/08/23","港商野村",0,62,-62
"5375","2841台開","110/08/23","元大-仁愛",38,0,38
"5376","2841台開","110/08/23","永豐金-敦南",10,58,-48
"5377","2841台開","110/08/23","合庫-三重",15,0,15
"5378","2841台開","110/08/23","台新-三民",0,39,-39
"5379","2841台開","110/08/23","玉山-新竹",15,0,15
"5380","2841台開","110/08/23","日盛證券",0,27,-27
"5381","2841台開","110/08/23","元大-大里德芳",10,0,10
"5382","2841台開","110/08/23","新光",13,37,-24
"5383","2841台開","110/08/23","元大-新莊",10,0,10
"5384","2841台開","110/08/23","凱基-虎尾",0,20,-20
"5385","2841台開","110/08/23","元富-緯城",5,0,5
"5386","2841台開","110/08/23","永豐金-忠孝",0,20,-20
"5387","2841台開","110/08/23","第一金-台南",4,0,4
"5388","2841台開","110/08/23","富邦-板橋",0,19,-19
"5389","2841台開","110/08/23","富邦-岡山",4,0,4
"5390","2841台開","110/08/23","凱基-東港",0,15,-15
"5391","2841台開","110/08/23","元大-虎尾",4,0,4
"5392","2841台開","110/08/23","國泰-敦南",0,11,-11
"5393","2841台開","110/08/23","元大-學甲",2,0,2
"5394","2841台開","110/08/23","元大-竹北",0,10,-10
"5395","2841台開","110/08/23","元大-草屯",2,0,2
"5396","2841台開","110/08/23","元大-彰化",1,11,-10
"5397","2841台開","110/08/23","台中銀-員林",1,0,1
"5398","2841台開","110/08/23","元大-北三重",0,10,-10
"5399","2841台開","110/08/23","台新-新營",1,0,1
"5400","2841台開","110/08/23","國泰-桃園",1,9,-8
"5401","6207雷科","110/08/23","摩根大通",29,6,23
"5402","6207雷科","110/08/23","元大-高雄",0,75,-75
"5403","6207雷科","110/08/23","凱基-台北",18,3,15
"5404","6207雷科","110/08/23","華南永昌-世貿",0,38,-38
"5405","6207雷科","110/08/23","安泰-楠梓",11,0,11
"5406","6207雷科","110/08/23","凱基-高雄",0,13,-13
"5407","6207雷科","110/08/23","凱基-頭份",12,1,11
"5408","6207雷科","110/08/23","港商野村",7,19,-12
"5409","6207雷科","110/08/23","群益金鼎-中壢",10,0,10
"5410","6207雷科","110/08/23","新加坡商瑞銀",1,13,-12
"5411","6207雷科","110/08/23","統一-中壢",9,0,9
"5412","6207雷科","110/08/23","元大-新莊",0,7,-7
"5413","6207雷科","110/08/23","元大-敦南",9,0,9
"5414","6207雷科","110/08/23","兆豐-公益",0,6,-6
"5415","6207雷科","110/08/23","瑞士信貸",8,0,8
"5416","6207雷科","110/08/23","合庫-高雄",0,5,-5
"5417","6207雷科","110/08/23","兆豐-嘉義",8,0,8
"5418","6207雷科","110/08/23","宏遠-高雄",0,5,-5
"5419","6207雷科","110/08/23","華南永昌-古亭",7,0,7
"5420","6207雷科","110/08/23","凱基-板橋",0,5,-5
"5421","6207雷科","110/08/23","富邦-陽明",7,0,7
"5422","6207雷科","110/08/23","群益金鼎-三民",0,4,-4
"5423","6207雷科","110/08/23","日盛-員林",6,0,6
"5424","6207雷科","110/08/23","群益金鼎-東門",0,4,-4
"5425","6207雷科","110/08/23","德信-新營",5,0,5
"5426","6207雷科","110/08/23","富邦-羅東",0,4,-4
"5427","6207雷科","110/08/23","凱基-高美館",5,0,5
"5428","6207雷科","110/08/23","元富-虎尾",0,3,-3
"5429","6207雷科","110/08/23","玉山-高雄",4,0,4
"5430","6207雷科","110/08/23","國泰-桃園",0,3,-3
"5431","3679新至陞","110/08/23","永豐金-南投",17,0,17
"5432","3679新至陞","110/08/23","港商法國興業",0,8,-8
"5433","3679新至陞","110/08/23","元富-埔里",9,0,9
"5434","3679新至陞","110/08/23","凱基-長庚",0,8,-8
"5435","3679新至陞","110/08/23","(牛牛牛)亞-網路",7,0,7
"5436","3679新至陞","110/08/23","宏遠-光隆",0,6,-6
"5437","3679新至陞","110/08/23","美林",7,1,6
"5438","3679新至陞","110/08/23","玉山-高雄",0,5,-5
"5439","3679新至陞","110/08/23","台灣摩根士丹利",5,0,5
"5440","3679新至陞","110/08/23","群益金鼎-高盛",0,3,-3
"5441","3679新至陞","110/08/23","瑞士信貸",6,1,5
"5442","3679新至陞","110/08/23","華南永昌-林口",0,3,-3
"5443","3679新至陞","110/08/23","元大-樹林",5,0,5
"5444","3679新至陞","110/08/23","元大證券",0,3,-3
"5445","3679新至陞","110/08/23","元大-文心興安",6,2,4
"5446","3679新至陞","110/08/23","元大-小港",0,3,-3
"5447","3679新至陞","110/08/23","凱基-台北",3,0,3
"5448","3679新至陞","110/08/23","統一-敦南",0,2,-2
"5449","3679新至陞","110/08/23","臺銀",2,0,2
"5450","3679新至陞","110/08/23","元富-大昌",0,2,-2
"5451","3679新至陞","110/08/23","臺銀-臺中",3,1,2
"5452","3679新至陞","110/08/23","玉山-新莊",0,2,-2
"5453","3679新至陞","110/08/23","新光-高雄",2,0,2
"5454","3679新至陞","110/08/23","群益金鼎-三民",0,2,-2
"5455","3679新至陞","110/08/23","華南永昌",2,0,2
"5456","3679新至陞","110/08/23","富邦-新竹",0,2,-2
"5457","3679新至陞","110/08/23","日盛-二林",1,0,1
"5458","3679新至陞","110/08/23","元大-敦化",0,2,-2
"5459","3679新至陞","110/08/23","新加坡商瑞銀",1,0,1
"5460","3679新至陞","110/08/23","永豐金-內湖",0,2,-2
"5461","2727王品","110/08/23","凱基-台北",163,48,115
"5462","2727王品","110/08/23","港商麥格理",0,51,-51
"5463","2727王品","110/08/23","台灣摩根士丹利",62,0,62
"5464","2727王品","110/08/23","國票-南港",0,50,-50
"5465","2727王品","110/08/23","元大-台中中港",58,0,58
"5466","2727王品","110/08/23","台新證券",9,35,-26
"5467","2727王品","110/08/23","美林",48,0,48
"5468","2727王品","110/08/23","元大-景美",2,21,-19
"5469","2727王品","110/08/23","摩根大通",73,41,32
"5470","2727王品","110/08/23","大慶-台南",0,15,-15
"5471","2727王品","110/08/23","港商野村",61,35,26
"5472","2727王品","110/08/23","中國信託-高雄",1,15,-14
"5473","2727王品","110/08/23","統一",21,4,17
"5474","2727王品","110/08/23","永豐金-市政",2,13,-11
"5475","2727王品","110/08/23","群益金鼎-大興",15,0,15
"5476","2727王品","110/08/23","第一金-桃園",0,10,-10
"5477","2727王品","110/08/23","台灣企銀",12,0,12
"5478","2727王品","110/08/23","玉山證券",1,11,-10
"5479","2727王品","110/08/23","新加坡商瑞銀",11,0,11
"5480","2727王品","110/08/23","凱基-三重",0,10,-10
"5481","2727王品","110/08/23","統一-三重",10,0,10
"5482","2727王品","110/08/23","富邦-建國",0,10,-10
"5483","2727王品","110/08/23","永豐金-竹科",13,3,10
"5484","2727王品","110/08/23","美商高盛",7,16,-9
"5485","2727王品","110/08/23","合庫-台中",10,1,9
"5486","2727王品","110/08/23","群益金鼎-三重",0,9,-9
"5487","2727王品","110/08/23","香港上海匯豐",9,0,9
"5488","2727王品","110/08/23","群益金鼎-宜蘭",0,9,-9
"5489","2727王品","110/08/23","凱基-台南",10,2,8
"5490","2727王品","110/08/23","凱基-高美館",0,9,-9
"5491","1570力肯","110/08/23","國票-和平",39,0,39
"5492","1570力肯","110/08/23","統一",0,28,-28
"5493","1570力肯","110/08/23","摩根大通",22,1,21
"5494","1570力肯","110/08/23","群益金鼎-東門",0,20,-20
"5495","1570力肯","110/08/23","臺銀",18,0,18
"5496","1570力肯","110/08/23","中國信託-嘉義",0,15,-15
"5497","1570力肯","110/08/23","台新-台中",18,0,18
"5498","1570力肯","110/08/23","台新證券",0,15,-15
"5499","1570力肯","110/08/23","凱基-台北",25,8,17
"5500","1570力肯","110/08/23","元富-世貿",0,10,-10
"5501","1570力肯","110/08/23","中農",10,0,10
"5502","1570力肯","110/08/23","國票-博愛",0,10,-10
"5503","1570力肯","110/08/23","瑞士信貸",5,0,5
"5504","1570力肯","110/08/23","元富-新興",0,9,-9
"5505","1570力肯","110/08/23","兆豐-松德",5,0,5
"5506","1570力肯","110/08/23","新光",0,9,-9
"5507","1570力肯","110/08/23","凱基-高美館",5,0,5
"5508","1570力肯","110/08/23","元大-四維",1,7,-6
"5509","1570力肯","110/08/23","凱基-幸福",5,0,5
"5510","1570力肯","110/08/23","元大-淡水",0,4,-4
"5511","1570力肯","110/08/23","元大-和平",20,15,5
"5512","1570力肯","110/08/23","元大-民生",0,4,-4
"5513","1570力肯","110/08/23","元大-草屯",5,0,5
"5514","1570力肯","110/08/23","元大-東港",0,4,-4
"5515","1570力肯","110/08/23","日盛-中壢",4,0,4
"5516","1570力肯","110/08/23","永豐金-松山",0,4,-4
"5517","1570力肯","110/08/23","國票-天祥",3,0,3
"5518","1570力肯","110/08/23","日盛-景美",0,3,-3
"5519","1570力肯","110/08/23","台灣企銀-屏東",2,0,2
"5520","1570力肯","110/08/23","中國信託-新竹",0,3,-3
"5521","6180橘子","110/08/23","凱基-台北",107,15,92
"5522","6180橘子","110/08/23","國泰-館前",2,28,-26
"5523","6180橘子","110/08/23","美林",50,0,50
"5524","6180橘子","110/08/23","元大-中壢",0,22,-22
"5525","6180橘子","110/08/23","摩根大通",66,24,42
"5526","6180橘子","110/08/23","華南永昌-鶯歌",0,21,-21
"5527","6180橘子","110/08/23","港商野村",38,2,36
"5528","6180橘子","110/08/23","台灣企銀-屏東",0,18,-18
"5529","6180橘子","110/08/23","元富-高雄",22,0,22
"5530","6180橘子","110/08/23","永豐金-中壢",0,18,-18
"5531","6180橘子","110/08/23","元大-上新莊",21,0,21
"5532","6180橘子","110/08/23","兆豐-台中",0,17,-17
"5533","6180橘子","110/08/23","福勝",19,1,18
"5534","6180橘子","110/08/23","新光-高雄",1,18,-17
"5535","6180橘子","110/08/23","富邦-內湖",13,2,11
"5536","6180橘子","110/08/23","台灣摩根士丹利",9,21,-12
"5537","6180橘子","110/08/23","永豐金證券",11,0,11
"5538","6180橘子","110/08/23","富邦-永和",0,12,-12
"5539","6180橘子","110/08/23","彰銀-七賢",10,0,10
"5540","6180橘子","110/08/23","合庫-自強",0,11,-11
"5541","6180橘子","110/08/23","中國信託-高雄",10,0,10
"5542","6180橘子","110/08/23","元大-發財",0,11,-11
"5543","6180橘子","110/08/23","兆豐-埔墘",10,0,10
"5544","6180橘子","110/08/23","第一金-新興",0,10,-10
"5545","6180橘子","110/08/23","群益金鼎-敦南",10,0,10
"5546","6180橘子","110/08/23","統一-中壢",0,10,-10
"5547","6180橘子","110/08/23","元大-台南",10,0,10
"5548","6180橘子","110/08/23","台新-屏東",0,10,-10
"5549","6180橘子","110/08/23","元大-左營",11,1,10
"5550","6180橘子","110/08/23","元大-旗山",0,10,-10
"5551","2390云辰","110/08/23","元大-土城學府",197,0,197
"5552","2390云辰","110/08/23","凱基-台北",87,301,-214
"5553","2390云辰","110/08/23","新光-台中",154,34,120
"5554","2390云辰","110/08/23","兆豐-公益",4,173,-169
"5555","2390云辰","110/08/23","宏遠證券",100,0,100
"5556","2390云辰","110/08/23","國票-博愛",65,200,-135
"5557","2390云辰","110/08/23","凱基-林口",92,0,92
"5558","2390云辰","110/08/23","群益金鼎-三重",8,112,-104
"5559","2390云辰","110/08/23","統一-新台中",83,1,82
"5560","2390云辰","110/08/23","日盛-園區",4,104,-100
"5561","2390云辰","110/08/23","凱基-竹北",62,8,54
"5562","2390云辰","110/08/23","凱基-屏東",1,101,-100
"5563","2390云辰","110/08/23","華南永昌-公誠",66,15,51
"5564","2390云辰","110/08/23","富邦-花蓮",2,100,-98
"5565","2390云辰","110/08/23","國泰-敦南",172,129,43
"5566","2390云辰","110/08/23","摩根大通",83,162,-79
"5567","2390云辰","110/08/23","統一-新竹",44,7,37
"5568","2390云辰","110/08/23","元富-花蓮",2,74,-72
"5569","2390云辰","110/08/23","元大-沙鹿",73,39,34
"5570","2390云辰","110/08/23","第一金-安和",32,101,-69
"5571","2390云辰","110/08/23","元大-新盛",47,16,31
"5572","2390云辰","110/08/23","美商高盛",26,92,-66
"5573","2390云辰","110/08/23","華南永昌-鳳山",29,3,26
"5574","2390云辰","110/08/23","統一-三重",6,71,-65
"5575","2390云辰","110/08/23","大昌-樹林",34,9,25
"5576","2390云辰","110/08/23","富邦-嘉義",195,260,-65
"5577","2390云辰","110/08/23","富邦-陽明",59,34,25
"5578","2390云辰","110/08/23","元大-忠孝鼎富",0,50,-50
"5579","2390云辰","110/08/23","富邦-宜蘭",28,3,25
"5580","2390云辰","110/08/23","統一-城中",7,53,-46
"5581","1315達新","110/08/20","日盛-和美",16,0,16
"5582","1315達新","110/08/20","香港上海匯豐",0,41,-41
"5583","1315達新","110/08/20","元富-成功",10,0,10
"5584","1315達新","110/08/20","元大-文心興安",2,36,-34
"5585","1315達新","110/08/20","兆豐-台中",10,0,10
"5586","1315達新","110/08/20","港商麥格理",0,26,-26
"5587","1315達新","110/08/20","凱基-中港",10,0,10
"5588","1315達新","110/08/20","元富",0,14,-14
"5589","1315達新","110/08/20","元大-桃園",8,0,8
"5590","1315達新","110/08/20","元富-敦南",0,8,-8
"5591","1315達新","110/08/20","凱基-高美館",7,0,7
"5592","1315達新","110/08/20","凱基-台北",7,15,-8
"5593","1315達新","110/08/20","統一",5,0,5
"5594","1315達新","110/08/20","元大-花蓮",2,10,-8
"5595","1315達新","110/08/20","中國信託-高雄",5,0,5
"5596","1315達新","110/08/20","摩根大通",0,7,-7
"5597","1315達新","110/08/20","致和-東門",5,0,5
"5598","1315達新","110/08/20","(牛牛牛)亞證券",0,6,-6
"5599","1315達新","110/08/20","國票-北高雄",5,0,5
"5600","1315達新","110/08/20","群益金鼎-鳳山",0,6,-6
"5601","1315達新","110/08/20","國票-桃園",5,0,5
"5602","1315達新","110/08/20","美林",3,8,-5
"5603","1315達新","110/08/20","凱基-高雄",5,0,5
"5604","1315達新","110/08/20","玉山-大里",0,4,-4
"5605","1315達新","110/08/20","凱基-大安",5,0,5
"5606","1315達新","110/08/20","國票-安和",1,4,-3
"5607","1315達新","110/08/20","新光",5,1,4
"5608","1315達新","110/08/20","永興-台中",0,1,-1
"5609","1315達新","110/08/20","國泰-敦南",4,0,4
"5610","1315達新","110/08/20","光和-花壇",0,1,-1
"5611","2609陽明","110/08/20","摩根大通",7094,4108,2986
"5612","2609陽明","110/08/20","富邦證券",916,4167,-3251
"5613","2609陽明","110/08/20","凱基-台北",3009,829,2180
"5614","2609陽明","110/08/20","瑞士信貸",1961,3747,-1786
"5615","2609陽明","110/08/20","永豐金-信義",2022,49,1973
"5616","2609陽明","110/08/20","美林",3367,4938,-1571
"5617","2609陽明","110/08/20","富邦-虎尾",14038,12509,1529
"5618","2609陽明","110/08/20","元大證券",1688,3204,-1516
"5619","2609陽明","110/08/20","華南永昌-竹北",2009,531,1478
"5620","2609陽明","110/08/20","凱基-高美館",303,786,-483
"5621","2609陽明","110/08/20","群益金鼎-大安",1208,64,1144
"5622","2609陽明","110/08/20","日盛-板橋",125,587,-462
"5623","2609陽明","110/08/20","康和",5625,4754,871
"5624","2609陽明","110/08/20","富邦-北港",163,571,-408
"5625","2609陽明","110/08/20","兆豐-虎尾",919,77,842
"5626","2609陽明","110/08/20","凱基-台南",165,557,-392
"5627","2609陽明","110/08/20","新加坡商瑞銀",1133,390,743
"5628","2609陽明","110/08/20","元大-樹林",215,599,-384
"5629","2609陽明","110/08/20","統一-仁愛",1379,702,677
"5630","2609陽明","110/08/20","富邦-台中",246,596,-350
"5631","2609陽明","110/08/20","美商高盛",1051,452,599
"5632","2609陽明","110/08/20","凱基-復興",141,467,-326
"5633","2609陽明","110/08/20","凱基-市府",658,82,576
"5634","2609陽明","110/08/20","台新-高雄",483,807,-324
"5635","2609陽明","110/08/20","元大-新莊",665,169,496
"5636","2609陽明","110/08/20","日盛證券",323,619,-296
"5637","2609陽明","110/08/20","台灣摩根士丹利",773,365,408
"5638","2609陽明","110/08/20","法銀巴黎",0,292,-292
"5639","2609陽明","110/08/20","日盛-雙和",550,197,353
"5640","2609陽明","110/08/20","元大-北投",454,729,-275
"5641","2636台驊投控","110/08/20","摩根大通",709,415,294
"5642","2636台驊投控","110/08/20","台灣摩根士丹利",146,252,-106
"5643","2636台驊投控","110/08/20","台新-台中",176,64,112
"5644","2636台驊投控","110/08/20","港商野村",1266,1357,-91
"5645","2636台驊投控","110/08/20","統一",191,91,100
"5646","2636台驊投控","110/08/20","美林",246,335,-89
"5647","2636台驊投控","110/08/20","永豐金-萬盛",136,39,97
"5648","2636台驊投控","110/08/20","宏遠-新化",1,75,-74
"5649","2636台驊投控","110/08/20","永豐金-南京",105,33,72
"5650","2636台驊投控","110/08/20","群益金鼎-竹南",5,69,-64
"5651","2636台驊投控","110/08/20","日盛-景美",102,32,70
"5652","2636台驊投控","110/08/20","日盛-大墩",4,56,-52
"5653","2636台驊投控","110/08/20","日盛證券",154,103,51
"5654","2636台驊投控","110/08/20","第一金-台中",5,56,-51
"5655","2636台驊投控","110/08/20","第一金-桃園",54,7,47
"5656","2636台驊投控","110/08/20","日盛-宜蘭",2,52,-50
"5657","2636台驊投控","110/08/20","統一-基隆",47,5,42
"5658","2636台驊投控","110/08/20","兆豐-南京",0,49,-49
"5659","2636台驊投控","110/08/20","元富-城東",63,22,41
"5660","2636台驊投控","110/08/20","合庫-新竹",4,47,-43
"5661","2636台驊投控","110/08/20","富邦-建國",67,35,32
"5662","2636台驊投控","110/08/20","統一-城中",6,33,-27
"5663","2636台驊投控","110/08/20","元大-桃興",40,10,30
"5664","2636台驊投控","110/08/20","凱基-科園",7,34,-27
"5665","2636台驊投控","110/08/20","土銀-南港",34,6,28
"5666","2636台驊投控","110/08/20","新光",167,193,-26
"5667","2636台驊投控","110/08/20","永豐金-台南",54,27,27
"5668","2636台驊投控","110/08/20","群益金鼎-古亭",51,75,-24
"5669","2636台驊投控","110/08/20","富邦-台北",45,19,26
"5670","2636台驊投控","110/08/20","富邦-仁愛",51,74,-23
"5671","2867三商壽","110/08/20","凱基-台北",225,43,182
"5672","2867三商壽","110/08/20","宏遠證券",0,1023,-1023
"5673","2867三商壽","110/08/20","元大-土城永寧",150,2,148
"5674","2867三商壽","110/08/20","摩根大通",123,551,-428
"5675","2867三商壽","110/08/20","新光",213,72,141
"5676","2867三商壽","110/08/20","美商高盛",62,194,-132
"5677","2867三商壽","110/08/20","臺銀-鳳山",131,26,105
"5678","2867三商壽","110/08/20","國票-中正",0,130,-130
"5679","2867三商壽","110/08/20","元大-屏東民生",100,0,100
"5680","2867三商壽","110/08/20","美林",1,114,-113
"5681","2867三商壽","110/08/20","元大-桃園",100,1,99
"5682","2867三商壽","110/08/20","台灣摩根士丹利",31,107,-76
"5683","2867三商壽","110/08/20","永豐金-埔里",94,20,74
"5684","2867三商壽","110/08/20","富邦-中壢",1,75,-74
"5685","2867三商壽","110/08/20","土銀-台中",60,0,60
"5686","2867三商壽","110/08/20","華南永昌-南京",10,70,-60
"5687","2867三商壽","110/08/20","臺銀-高雄",56,1,55
"5688","2867三商壽","110/08/20","富邦-彰化",10,67,-57
"5689","2867三商壽","110/08/20","統一-台南",55,0,55
"5690","2867三商壽","110/08/20","凱基-高美館",0,50,-50
"5691","2867三商壽","110/08/20","富邦-仁愛",53,0,53
"5692","2867三商壽","110/08/20","港商野村",35,68,-33
"5693","2867三商壽","110/08/20","富邦-台北",44,1,43
"5694","2867三商壽","110/08/20","台新-高雄",1,31,-30
"5695","2867三商壽","110/08/20","合庫-高雄",40,0,40
"5696","2867三商壽","110/08/20","元大-北屯",9,36,-27
"5697","2867三商壽","110/08/20","華南永昌-虎尾",50,10,40
"5698","2867三商壽","110/08/20","法銀巴黎",1,27,-26
"5699","2867三商壽","110/08/20","富邦-宜蘭",40,0,40
"5700","2867三商壽","110/08/20","日盛-中壢",0,20,-20
"5701","5521工信","110/08/20","元大-內湖",55,0,55
"5702","5521工信","110/08/20","美商高盛",0,182,-182
"5703","5521工信","110/08/20","日進",36,0,36
"5704","5521工信","110/08/20","摩根大通",39,180,-141
"5705","5521工信","110/08/20","兆豐-來福",30,0,30
"5706","5521工信","110/08/20","凱基-台北",0,101,-101
"5707","5521工信","110/08/20","元大-屏南",30,0,30
"5708","5521工信","110/08/20","富邦-岡山",0,50,-50
"5709","5521工信","110/08/20","台新證券",26,4,22
"5710","5521工信","110/08/20","港商野村",0,41,-41
"5711","5521工信","110/08/20","玉山-台大",25,5,20
"5712","5521工信","110/08/20","台灣摩根士丹利",1,30,-29
"5713","5521工信","110/08/20","群益金鼎-忠孝",20,0,20
"5714","5521工信","110/08/20","群益金鼎-高雄",0,20,-20
"5715","5521工信","110/08/20","富邦-台北",20,0,20
"5716","5521工信","110/08/20","華南永昌-中正",0,20,-20
"5717","5521工信","110/08/20","永豐金-中正",19,0,19
"5718","5521工信","110/08/20","台新-新營",0,19,-19
"5719","5521工信","110/08/20","統一-員林",15,0,15
"5720","5521工信","110/08/20","華南永昌-彰化",2,20,-18
"5721","5521工信","110/08/20","合庫-桃園",12,0,12
"5722","5521工信","110/08/20","群益金鼎-潭子",0,15,-15
"5723","5521工信","110/08/20","陽信-石牌",11,0,11
"5724","5521工信","110/08/20","元大-板橋",0,15,-15
"5725","5521工信","110/08/20","元大-基隆孝二",11,0,11
"5726","5521工信","110/08/20","元大-南屯",1,15,-14
"5727","5521工信","110/08/20","土銀-白河",10,0,10
"5728","5521工信","110/08/20","永豐金-桃盛",0,10,-10
"5729","5521工信","110/08/20","華南永昌-大安",10,0,10
"5730","5521工信","110/08/20","聯邦-雙和",0,8,-8
"5731","1471首利","110/08/20","富邦-員林",41,0,41
"5732","1471首利","110/08/20","元大-草屯",1,100,-99
"5733","1471首利","110/08/20","摩根大通",88,63,25
"5734","1471首利","110/08/20","元富-民權",0,41,-41
"5735","1471首利","110/08/20","永豐金-板盛",23,0,23
"5736","1471首利","110/08/20","致和-府前",0,20,-20
"5737","1471首利","110/08/20","台新證券",30,11,19
"5738","1471首利","110/08/20","大慶-蘆洲",0,14,-14
"5739","1471首利","110/08/20","日盛-高雄",15,0,15
"5740","1471首利","110/08/20","凱基-台北",3,16,-13
"5741","1471首利","110/08/20","瑞士信貸",36,21,15
"5742","1471首利","110/08/20","玉山-新莊",1,12,-11
"5743","1471首利","110/08/20","元大-成功",15,0,15
"5744","1471首利","110/08/20","日盛-樹林",0,10,-10
"5745","1471首利","110/08/20","元大-鳳山",13,0,13
"5746","1471首利","110/08/20","台中銀-豐原",0,10,-10
"5747","1471首利","110/08/20","美林",11,0,11
"5748","1471首利","110/08/20","國票-新莊",0,10,-10
"5749","1471首利","110/08/20","兆豐-西螺",10,0,10
"5750","1471首利","110/08/20","元大-開元",0,10,-10
"5751","1471首利","110/08/20","台新-台南",10,0,10
"5752","1471首利","110/08/20","新光",9,18,-9
"5753","1471首利","110/08/20","新光-台中",7,0,7
"5754","1471首利","110/08/20","元大-台中",0,8,-8
"5755","1471首利","110/08/20","凱基-長庚",7,0,7
"5756","1471首利","110/08/20","富邦-竹東",0,7,-7
"5757","1471首利","110/08/20","日盛-大墩",6,0,6
"5758","1471首利","110/08/20","元大-善化",0,7,-7
"5759","1471首利","110/08/20","國泰-敦南",6,0,6
"5760","1471首利","110/08/20","永豐金-忠孝",0,7,-7
"5761","2883開發金","110/08/20","美商高盛",5045,274,4771
"5762","2883開發金","110/08/20","元大-草屯",110,5813,-5703
"5763","2883開發金","110/08/20","摩根大通",6375,3996,2379
"5764","2883開發金","110/08/20","元大-雙和",35,5050,-5015
"5765","2883開發金","110/08/20","瑞士信貸",2180,184,1996
"5766","2883開發金","110/08/20","元富",228,2528,-2300
"5767","2883開發金","110/08/20","港商野村",4455,2645,1810
"5768","2883開發金","110/08/20","新光",2896,4495,-1599
"5769","2883開發金","110/08/20","美林",1695,187,1508
"5770","2883開發金","110/08/20","法銀巴黎",12,1549,-1537
"5771","2883開發金","110/08/20","凱基-台北",3659,2336,1323
"5772","2883開發金","110/08/20","統一",61,1390,-1329
"5773","2883開發金","110/08/20","富邦證券",1343,39,1304
"5774","2883開發金","110/08/20","台灣匯立證券",0,995,-995
"5775","2883開發金","110/08/20","臺銀",1447,177,1270
"5776","2883開發金","110/08/20","台灣摩根士丹利",1050,1929,-879
"5777","2883開發金","110/08/20","國泰證券",1228,72,1156
"5778","2883開發金","110/08/20","元大-前金",15,785,-770
"5779","2883開發金","110/08/20","華南永昌",1230,198,1032
"5780","2883開發金","110/08/20","元大-桃興",64,796,-732
"5781","2883開發金","110/08/20","元大證券",1137,317,820
"5782","2883開發金","110/08/20","宏遠-台南",80,759,-679
"5783","2883開發金","110/08/20","致和證券",819,0,819
"5784","2883開發金","110/08/20","合庫證券",245,861,-616
"5785","2883開發金","110/08/20","元大-善化",756,83,673
"5786","2883開發金","110/08/20","元大-大灣",46,660,-614
"5787","2883開發金","110/08/20","元大-新莊",731,108,623
"5788","2883開發金","110/08/20","國票-南港",32,641,-609
"5789","2883開發金","110/08/20","凱基",520,10,510
"5790","2883開發金","110/08/20","群益金鼎-開元",30,551,-521
"5791","6205詮欣","110/08/20","聯邦商銀",27,0,27
"5792","6205詮欣","110/08/20","凱基-新店",0,24,-24
"5793","6205詮欣","110/08/20","凱基-汐止",25,0,25
"5794","6205詮欣","110/08/20","元大-忠孝",0,18,-18
"5795","6205詮欣","110/08/20","元大-汐止",10,0,10
"5796","6205詮欣","110/08/20","瑞士信貸",0,17,-17
"5797","6205詮欣","110/08/20","臺銀-臺中",7,0,7
"5798","6205詮欣","110/08/20","摩根大通",2,11,-9
"5799","6205詮欣","110/08/20","統一-基隆",7,0,7
"5800","6205詮欣","110/08/20","日盛-永康",0,5,-5
"5801","6205詮欣","110/08/20","臺銀-高雄",6,0,6
"5802","6205詮欣","110/08/20","聯邦-興中",0,5,-5
"5803","6205詮欣","110/08/20","臺銀-民權",5,0,5
"5804","6205詮欣","110/08/20","華南永昌-公誠",0,5,-5
"5805","6205詮欣","110/08/20","亞東",4,0,4
"5806","6205詮欣","110/08/20","元大-西螺",0,5,-5
"5807","6205詮欣","110/08/20","玉山證券",4,0,4
"5808","6205詮欣","110/08/20","群益金鼎-永和",0,4,-4
"5809","6205詮欣","110/08/20","華南永昌-古亭",4,0,4
"5810","6205詮欣","110/08/20","元大-新竹經國",0,4,-4
"5811","6205詮欣","110/08/20","元大-博愛",4,0,4
"5812","6205詮欣","110/08/20","永興-大墩",0,3,-3
"5813","6205詮欣","110/08/20","元富-草屯",3,0,3
"5814","6205詮欣","110/08/20","國票-和平",0,3,-3
"5815","6205詮欣","110/08/20","合庫-鳳山",2,0,2
"5816","6205詮欣","110/08/20","國泰-敦南",0,3,-3
"5817","6205詮欣","110/08/20","日進",2,0,2
"5818","6205詮欣","110/08/20","華南永昌",0,3,-3
"5819","6205詮欣","110/08/20","凱基-苗栗",2,0,2
"5820","6205詮欣","110/08/20","永豐金-新竹",0,3,-3
"5821","1540喬福","110/08/20","富邦-員林",11,0,11
"5822","1540喬福","110/08/20","元大-北三重",0,12,-12
"5823","1540喬福","110/08/20","永豐金-鳳山",5,0,5
"5824","1540喬福","110/08/20","元大-土城永寧",0,10,-10
"5825","1540喬福","110/08/20","亞東",4,0,4
"5826","1540喬福","110/08/20","新光-新竹",1,6,-5
"5827","1540喬福","110/08/20","新光",3,0,3
"5828","1540喬福","110/08/20","富邦-台南",0,5,-5
"5829","1540喬福","110/08/20","日盛-頭份",2,0,2
"5830","1540喬福","110/08/20","元大-龍潭",0,5,-5
"5831","1540喬福","110/08/20","第一金-嘉義",2,0,2
"5832","1540喬福","110/08/20","日盛-台中",0,2,-2
"5833","1540喬福","110/08/20","兆豐-鹿港",2,0,2
"5834","1540喬福","110/08/20","元大-東港",0,1,-1
"5835","1540喬福","110/08/20","摩根大通",2,0,2
"5836","1540喬福","110/08/20","日盛-板橋",0,0,0
"5837","1540喬福","110/08/20","玉山-桃園",1,0,1
"5838","1540喬福","110/08/20","元富",1,1,0
"5839","1540喬福","110/08/20","凱基-台北",1,0,1
"5840","1540喬福","110/08/20","康和-板橋",0,0,0
"5841","1540喬福","110/08/20","凱基-嘉義",1,0,1
"5842","1540喬福","110/08/20","國泰-敦南",0,0,0
"5843","1540喬福","110/08/20","凱基-市府",1,0,1
"5844","1540喬福","110/08/20","群益金鼎-板橋",0,0,0
"5845","1540喬福","110/08/20","群益金鼎-潭子",1,0,1
"5846","1540喬福","110/08/20","富邦-桃園",0,0,0
"5847","1540喬福","110/08/20","台灣企銀-建成",1,0,1
"5848","1540喬福","110/08/20","元大-西門",0,0,0
"5849","1540喬福","110/08/20","國票-天祥",1,0,1
"5850","1540喬福","110/08/20","元大-草屯",0,0,0
"5851","2888新光金","110/08/20","元富",2479,10,2469
"5852","2888新光金","110/08/20","摩根大通",2428,8920,-6492
"5853","2888新光金","110/08/20","華南永昌",1300,1,1299
"5854","2888新光金","110/08/20","台灣摩根士丹利",272,5505,-5233
"5855","2888新光金","110/08/20","凱基-頭份",1104,10,1094
"5856","2888新光金","110/08/20","美商高盛",23,4545,-4522
"5857","2888新光金","110/08/20","新光",1484,401,1083
"5858","2888新光金","110/08/20","瑞士信貸",62,1483,-1421
"5859","2888新光金","110/08/20","元大證券",1044,239,805
"5860","2888新光金","110/08/20","港商法國興業",66,1075,-1009
"5861","2888新光金","110/08/20","國票-北高雄",711,0,711
"5862","2888新光金","110/08/20","元大-大雅",47,998,-951
"5863","2888新光金","110/08/20","兆豐-台中港",629,0,629
"5864","2888新光金","110/08/20","法銀巴黎",449,1363,-914
"5865","2888新光金","110/08/20","臺銀",509,9,500
"5866","2888新光金","110/08/20","國票-九鼎",27,911,-884
"5867","2888新光金","110/08/20","國泰-忠孝",491,53,438
"5868","2888新光金","110/08/20","港商野村",79,637,-558
"5869","2888新光金","110/08/20","國泰-敦南",466,37,429
"5870","2888新光金","110/08/20","群益金鼎-瑞豐",11,560,-549
"5871","2888新光金","110/08/20","台中銀",442,30,412
"5872","2888新光金","110/08/20","德信-和平",8,500,-492
"5873","2888新光金","110/08/20","富邦-南屯",429,30,399
"5874","2888新光金","110/08/20","元大-大天母",54,452,-398
"5875","2888新光金","110/08/20","元大-三重",338,11,327
"5876","2888新光金","110/08/20","合庫證券",34,393,-359
"5877","2888新光金","110/08/20","永豐金-大園",326,10,316
"5878","2888新光金","110/08/20","群益金鼎",16,358,-342
"5879","2888新光金","110/08/20","北城證券",306,6,300
"5880","2888新光金","110/08/20","群益金鼎-板橋",6,304,-298
"5881","1340勝悅","110/08/20","元富-成功",23,0,23
"5882","1340勝悅","110/08/20","摩根大通",0,13,-13
"5883","1340勝悅","110/08/20","華南永昌-高雄",11,0,11
"5884","1340勝悅","110/08/20","港商法國興業",0,10,-10
"5885","1340勝悅","110/08/20","統一-城中",8,2,6
"5886","1340勝悅","110/08/20","凱基-東勢",0,10,-10
"5887","1340勝悅","110/08/20","元大-北成功",6,0,6
"5888","1340勝悅","110/08/20","元大-楊梅",0,10,-10
"5889","1340勝悅","110/08/20","臺銀-臺中",5,0,5
"5890","1340勝悅","110/08/20","華南永昌-東昇",0,9,-9
"5891","1340勝悅","110/08/20","臺灣企銀-埔墘",5,0,5
"5892","1340勝悅","110/08/20","合庫-自強",0,5,-5
"5893","1340勝悅","110/08/20","日盛-板橋",5,0,5
"5894","1340勝悅","110/08/20","兆豐-新竹",0,5,-5
"5895","1340勝悅","110/08/20","美商高盛",4,0,4
"5896","1340勝悅","110/08/20","玉山-桃園",0,5,-5
"5897","1340勝悅","110/08/20","大昌",3,0,3
"5898","1340勝悅","110/08/20","元大-復北",0,5,-5
"5899","1340勝悅","110/08/20","台中銀",2,0,2
"5900","1340勝悅","110/08/20","兆豐-來福",0,4,-4
"5901","1340勝悅","110/08/20","新光-台中",2,0,2
"5902","1340勝悅","110/08/20","新光",0,4,-4
"5903","1340勝悅","110/08/20","群益金鼎-崇德",2,0,2
"5904","1340勝悅","110/08/20","瑞士信貸",0,3,-3
"5905","1340勝悅","110/08/20","群益金鼎-館前",2,0,2
"5906","1340勝悅","110/08/20","台新證券",0,3,-3
"5907","1340勝悅","110/08/20","華南永昌-忠孝",2,0,2
"5908","1340勝悅","110/08/20","臺銀-鳳山",0,2,-2
"5909","1340勝悅","110/08/20","富邦-北港",2,0,2
"5910","1340勝悅","110/08/20","美林",0,2,-2
"5911","6246臺龍","110/08/20","新光-台中",18,0,18
"5912","6246臺龍","110/08/20","元大-林園",0,20,-20
"5913","6246臺龍","110/08/20","凱基-台北",15,0,15
"5914","6246臺龍","110/08/20","凱基-永和",1,15,-14
"5915","6246臺龍","110/08/20","元大-台北",8,0,8
"5916","6246臺龍","110/08/20","凱基-竹北",0,12,-12
"5917","6246臺龍","110/08/20","元大-北屯",6,0,6
"5918","6246臺龍","110/08/20","富邦-桃園",0,6,-6
"5919","6246臺龍","110/08/20","臺銀-臺中",4,0,4
"5920","6246臺龍","110/08/20","國泰-敦南",0,5,-5
"5921","6246臺龍","110/08/20","元富-吉利",4,0,4
"5922","6246臺龍","110/08/20","日盛證券",0,3,-3
"5923","6246臺龍","110/08/20","凱基-內湖",4,0,4
"5924","6246臺龍","110/08/20","第一金-台南",0,3,-3
"5925","6246臺龍","110/08/20","富邦-建國",4,0,4
"5926","6246臺龍","110/08/20","第一金-桃園",0,3,-3
"5927","6246臺龍","110/08/20","宏遠-新化",3,0,3
"5928","6246臺龍","110/08/20","群益金鼎-北高雄",0,3,-3
"5929","6246臺龍","110/08/20","第一金-大稻埕",2,0,2
"5930","6246臺龍","110/08/20","凱基-虎尾",0,3,-3
"5931","6246臺龍","110/08/20","國票-敦北法人",2,0,2
"5932","6246臺龍","110/08/20","元大-博愛",0,3,-3
"5933","6246臺龍","110/08/20","群益金鼎-開元",2,0,2
"5934","6246臺龍","110/08/20","統一-新竹",0,2,-2
"5935","6246臺龍","110/08/20","元大-竹山",2,0,2
"5936","6246臺龍","110/08/20","元富-新店",0,2,-2
"5937","6246臺龍","110/08/20","元大-上新莊",2,0,2
"5938","6246臺龍","110/08/20","元富-烏日",0,2,-2
"5939","6246臺龍","110/08/20","元大-土城",2,0,2
"5940","6246臺龍","110/08/20","台新-中壢",0,2,-2
"5941","00715L期街口布蘭特正2","110/08/20","新光",1501,206,1295
"5942","00715L期街口布蘭特正2","110/08/20","元大證券",460,5183,-4723
"5943","00715L期街口布蘭特正2","110/08/20","富邦-南屯",671,15,656
"5944","00715L期街口布蘭特正2","110/08/20","合庫證券",9,3350,-3341
"5945","00715L期街口布蘭特正2","110/08/20","元大-復北",756,120,636
"5946","00715L期街口布蘭特正2","110/08/20","康和",603,2255,-1652
"5947","00715L期街口布蘭特正2","110/08/20","華南永昌",555,0,555
"5948","00715L期街口布蘭特正2","110/08/20","群益金鼎",0,1488,-1488
"5949","00715L期街口布蘭特正2","110/08/20","玉山證券",525,32,493
"5950","00715L期街口布蘭特正2","110/08/20","凱基-台北",57,1280,-1223
"5951","00715L期街口布蘭特正2","110/08/20","第一金-華江",472,1,471
"5952","00715L期街口布蘭特正2","110/08/20","統一-台中",34,1238,-1204
"5953","00715L期街口布蘭特正2","110/08/20","元大-西屯",412,0,412
"5954","00715L期街口布蘭特正2","110/08/20","國票",306,1276,-970
"5955","00715L期街口布蘭特正2","110/08/20","第一金-豐原",390,0,390
"5956","00715L期街口布蘭特正2","110/08/20","富邦證券",2234,2995,-761
"5957","00715L期街口布蘭特正2","110/08/20","元大-北港",374,0,374
"5958","00715L期街口布蘭特正2","110/08/20","日盛-新莊",221,825,-604
"5959","00715L期街口布蘭特正2","110/08/20","華南永昌-台中",379,10,369
"5960","00715L期街口布蘭特正2","110/08/20","台新-台中",169,711,-542
"5961","00715L期街口布蘭特正2","110/08/20","玉山-新竹",345,10,335
"5962","00715L期街口布蘭特正2","110/08/20","元富",0,507,-507
"5963","00715L期街口布蘭特正2","110/08/20","元大-草屯",413,88,325
"5964","00715L期街口布蘭特正2","110/08/20","台中銀",90,452,-362
"5965","00715L期街口布蘭特正2","110/08/20","日盛-二林",307,1,306
"5966","00715L期街口布蘭特正2","110/08/20","凱基-中壢",98,442,-344
"5967","00715L期街口布蘭特正2","110/08/20","凱基-站前",306,0,306
"5968","00715L期街口布蘭特正2","110/08/20","台新證券",312,644,-332
"5969","00715L期街口布蘭特正2","110/08/20","新光-台中",308,23,285
"5970","00715L期街口布蘭特正2","110/08/20","元大-林森",1,252,-251
"5971","8941關中","110/08/20","合庫-彰化",1,0,1
"5972","8941關中","110/08/20","大慶-富順",0,1,-1
"5973","8941關中","110/08/20","凱基-市府",1,0,1
"5974","8941關中","110/08/20","國泰-忠孝",0,1,-1
"5975","8941關中","110/08/20","玉山-台大",0,0,0
"5976","8941關中","110/08/20","玉山-台大",0,0,0
"5977","8941關中","110/08/20","國泰-高雄",0,0,0
"5978","8941關中","110/08/20","國泰-高雄",0,0,0
"5979","8941關中","110/08/20","元大-南投",0,0,0
"5980","8941關中","110/08/20","元大-南投",0,0,0
"5981","8941關中","110/08/20","永豐金-萬盛",0,0,0
"5982","8941關中","110/08/20","永豐金-萬盛",0,0,0
"5983","8941關中","110/08/20","永豐金-南投",0,0,0
"5984","8941關中","110/08/20","永豐金-南投",0,0,0
"5985","8941關中","110/08/20","",NA,NA,NA
"5986","8941關中","110/08/20","",NA,NA,NA
"5987","8941關中","110/08/20","",NA,NA,NA
"5988","8941關中","110/08/20","",NA,NA,NA
"5989","8941關中","110/08/20","",NA,NA,NA
"5990","8941關中","110/08/20","",NA,NA,NA
"5991","8941關中","110/08/20","",NA,NA,NA
"5992","8941關中","110/08/20","",NA,NA,NA
"5993","8941關中","110/08/20","",NA,NA,NA
"5994","8941關中","110/08/20","",NA,NA,NA
"5995","8941關中","110/08/20","",NA,NA,NA
"5996","8941關中","110/08/20","",NA,NA,NA
"5997","8941關中","110/08/20","",NA,NA,NA
"5998","8941關中","110/08/20","",NA,NA,NA
"5999","8941關中","110/08/20","",NA,NA,NA
"6000","8941關中","110/08/20","",NA,NA,NA
"6001","8936國統","110/08/20","美林",81,0,81
"6002","8936國統","110/08/20","國票-和平",0,75,-75
"6003","8936國統","110/08/20","宏遠-台南",82,29,53
"6004","8936國統","110/08/20","台灣摩根士丹利",9,55,-46
"6005","8936國統","110/08/20","台中銀-高雄",51,0,51
"6006","8936國統","110/08/20","美商高盛",6,33,-27
"6007","8936國統","110/08/20","富邦-岡山",35,0,35
"6008","8936國統","110/08/20","凱基-高美館",6,33,-27
"6009","8936國統","110/08/20","港商野村",73,43,30
"6010","8936國統","110/08/20","新光-台中",18,43,-25
"6011","8936國統","110/08/20","康和-高雄",30,0,30
"6012","8936國統","110/08/20","凱基-中山",0,17,-17
"6013","8936國統","110/08/20","瑞士信貸",15,0,15
"6014","8936國統","110/08/20","玉山-城中",3,17,-14
"6015","8936國統","110/08/20","兆豐-北高雄",14,0,14
"6016","8936國統","110/08/20","日盛-頭份",0,12,-12
"6017","8936國統","110/08/20","元大-汐止",11,0,11
"6018","8936國統","110/08/20","日盛-大墩",0,10,-10
"6019","8936國統","110/08/20","玉山-左營",10,0,10
"6020","8936國統","110/08/20","凱基-台北",34,44,-10
"6021","8936國統","110/08/20","元大-路竹",10,0,10
"6022","8936國統","110/08/20","元大-高雄",0,10,-10
"6023","8936國統","110/08/20","永豐金-南投",10,0,10
"6024","8936國統","110/08/20","元富-同大",0,8,-8
"6025","8936國統","110/08/20","臺銀",8,2,6
"6026","8936國統","110/08/20","元大-鑫永和",0,8,-8
"6027","8936國統","110/08/20","大昌-新店",5,0,5
"6028","8936國統","110/08/20","日盛-豐原",0,7,-7
"6029","8936國統","110/08/20","國票-內壢",5,0,5
"6030","8936國統","110/08/20","第一金-路竹",0,7,-7
"6031","6226光鼎","110/08/20","美商高盛",388,14,374
"6032","6226光鼎","110/08/20","國泰-台中",62,142,-80
"6033","6226光鼎","110/08/20","台灣摩根士丹利",347,26,321
"6034","6226光鼎","110/08/20","元大-北屯",27,101,-74
"6035","6226光鼎","110/08/20","元大-文心興安",238,8,230
"6036","6226光鼎","110/08/20","永豐金-竹科",0,69,-69
"6037","6226光鼎","110/08/20","美林",265,60,205
"6038","6226光鼎","110/08/20","臺銀-高雄",0,61,-61
"6039","6226光鼎","110/08/20","凱基-台北",211,59,152
"6040","6226光鼎","110/08/20","日盛-信義",0,60,-60
"6041","6226光鼎","110/08/20","摩根大通",172,72,100
"6042","6226光鼎","110/08/20","元大證券",18,76,-58
"6043","6226光鼎","110/08/20","新加坡商瑞銀",162,78,84
"6044","6226光鼎","110/08/20","中國信託",31,81,-50
"6045","6226光鼎","110/08/20","港商野村",168,89,79
"6046","6226光鼎","110/08/20","華南永昌-長虹",1,51,-50
"6047","6226光鼎","110/08/20","中國信託-永康",70,28,42
"6048","6226光鼎","110/08/20","富邦-板橋",6,55,-49
"6049","6226光鼎","110/08/20","致和-佳里",39,5,34
"6050","6226光鼎","110/08/20","土銀-彰化",8,53,-45
"6051","6226光鼎","110/08/20","兆豐-桃鶯",30,0,30
"6052","6226光鼎","110/08/20","新光",49,94,-45
"6053","6226光鼎","110/08/20","永豐金-中盛",38,10,28
"6054","6226光鼎","110/08/20","台新證券",86,129,-43
"6055","6226光鼎","110/08/20","凱基-站前",27,0,27
"6056","6226光鼎","110/08/20","元大-竹科",14,57,-43
"6057","6226光鼎","110/08/20","群益金鼎-永和",25,0,25
"6058","6226光鼎","110/08/20","兆豐-寶成",1,43,-42
"6059","6226光鼎","110/08/20","國票-台南",23,0,23
"6060","6226光鼎","110/08/20","國泰-館前",13,55,-42
"6061","2363矽統","110/08/20","凱基-台北",909,319,590
"6062","2363矽統","110/08/20","群益金鼎",10,183,-173
"6063","2363矽統","110/08/20","港商野村",1346,1106,240
"6064","2363矽統","110/08/20","國票-台東",2,153,-151
"6065","2363矽統","110/08/20","美林",332,137,195
"6066","2363矽統","110/08/20","元大-前金",44,169,-125
"6067","2363矽統","110/08/20","摩根大通",268,88,180
"6068","2363矽統","110/08/20","元大-汐止",32,121,-89
"6069","2363矽統","110/08/20","美商高盛",270,113,157
"6070","2363矽統","110/08/20","統一-屏東",14,90,-76
"6071","2363矽統","110/08/20","統一-三重",108,0,108
"6072","2363矽統","110/08/20","國泰-敦南",202,271,-69
"6073","2363矽統","110/08/20","日盛-中和",110,13,97
"6074","2363矽統","110/08/20","凱基-長庚",12,76,-64
"6075","2363矽統","110/08/20","台新-新營",84,14,70
"6076","2363矽統","110/08/20","凱基-鳳山",4,61,-57
"6077","2363矽統","110/08/20","富邦-台北",183,117,66
"6078","2363矽統","110/08/20","群益金鼎-中壢",25,81,-56
"6079","2363矽統","110/08/20","新光",238,178,60
"6080","2363矽統","110/08/20","合庫-高雄",23,78,-55
"6081","2363矽統","110/08/20","元大-士林",56,1,55
"6082","2363矽統","110/08/20","永豐金-市政",23,75,-52
"6083","2363矽統","110/08/20","凱基-台南",54,6,48
"6084","2363矽統","110/08/20","國泰-館前",98,148,-50
"6085","2363矽統","110/08/20","光和",45,4,41
"6086","2363矽統","110/08/20","國票-九鼎",14,62,-48
"6087","2363矽統","110/08/20","凱基-敦北",40,0,40
"6088","2363矽統","110/08/20","台新-左楠",2,47,-45
"6089","2363矽統","110/08/20","永豐金-台中",45,7,38
"6090","2363矽統","110/08/20","永豐金-潮州",3,46,-43
"6091","8112至上","110/08/20","港商法國興業",188,0,188
"6092","8112至上","110/08/20","台灣摩根士丹利",0,152,-152
"6093","8112至上","110/08/20","港商野村",229,78,151
"6094","8112至上","110/08/20","合庫-西台中",0,130,-130
"6095","8112至上","110/08/20","凱基-台北",95,12,83
"6096","8112至上","110/08/20","富邦-仁愛",7,102,-95
"6097","8112至上","110/08/20","美商高盛",100,23,77
"6098","8112至上","110/08/20","元大-永春",0,88,-88
"6099","8112至上","110/08/20","瑞士信貸",54,1,53
"6100","8112至上","110/08/20","元大-佳里",5,60,-55
"6101","8112至上","110/08/20","元大-路竹",38,7,31
"6102","8112至上","110/08/20","群益金鼎-基隆",1,49,-48
"6103","8112至上","110/08/20","富邦-新竹",37,7,30
"6104","8112至上","110/08/20","新加坡商瑞銀",34,73,-39
"6105","8112至上","110/08/20","元大-竹東",23,0,23
"6106","8112至上","110/08/20","摩根大通",183,214,-31
"6107","8112至上","110/08/20","凱基-桃園",22,1,21
"6108","8112至上","110/08/20","亞東-新竹",0,30,-30
"6109","8112至上","110/08/20","群益金鼎-大興",20,0,20
"6110","8112至上","110/08/20","亞東-台中",0,30,-30
"6111","8112至上","110/08/20","富邦-北港",20,0,20
"6112","8112至上","110/08/20","美林",32,61,-29
"6113","8112至上","110/08/20","元大-東港",20,0,20
"6114","8112至上","110/08/20","合庫-基隆",0,21,-21
"6115","8112至上","110/08/20","第一金-頭份",23,5,18
"6116","8112至上","110/08/20","(牛牛牛)亞-鑫豐",14,35,-21
"6117","8112至上","110/08/20","元大-仁愛",17,0,17
"6118","8112至上","110/08/20","國票-南港",5,26,-21
"6119","8112至上","110/08/20","國票-天祥",16,0,16
"6120","8112至上","110/08/20","國泰-台中",5,26,-21
"6121","1570力肯","110/08/20","國票-北高雄",27,0,27
"6122","1570力肯","110/08/20","元大-大雅",8,58,-50
"6123","1570力肯","110/08/20","元大-鹿港",29,4,25
"6124","1570力肯","110/08/20","凱基-三峽",0,30,-30
"6125","1570力肯","110/08/20","摩根大通",27,5,22
"6126","1570力肯","110/08/20","元大-樹林",0,30,-30
"6127","1570力肯","110/08/20","富邦-花蓮",20,0,20
"6128","1570力肯","110/08/20","統一",0,28,-28
"6129","1570力肯","110/08/20","群益金鼎-高雄",18,0,18
"6130","1570力肯","110/08/20","國票-南科",0,13,-13
"6131","1570力肯","110/08/20","元大-草屯",13,0,13
"6132","1570力肯","110/08/20","元大-鑫永和",0,12,-12
"6133","1570力肯","110/08/20","元富-緯城",12,0,12
"6134","1570力肯","110/08/20","台新證券",0,11,-11
"6135","1570力肯","110/08/20","元富-世貿",10,0,10
"6136","1570力肯","110/08/20","群益金鼎-民權",0,10,-10
"6137","1570力肯","110/08/20","大慶-蘆洲",7,0,7
"6138","1570力肯","110/08/20","國票-台中",3,11,-8
"6139","1570力肯","110/08/20","(牛牛牛)亞-鑫豐",25,18,7
"6140","1570力肯","110/08/20","土銀-新竹",1,7,-6
"6141","1570力肯","110/08/20","國票-天祥",6,0,6
"6142","1570力肯","110/08/20","台灣摩根士丹利",0,6,-6
"6143","1570力肯","110/08/20","凱基-台北",7,1,6
"6144","1570力肯","110/08/20","國泰-敦南",1,7,-6
"6145","1570力肯","110/08/20","元富-城東",5,0,5
"6146","1570力肯","110/08/20","高橋-龍潭",0,5,-5
"6147","1570力肯","110/08/20","國票",5,0,5
"6148","1570力肯","110/08/20","玉山-高雄",0,5,-5
"6149","1570力肯","110/08/20","萬泰",5,0,5
"6150","1570力肯","110/08/20","永豐金-苓雅",0,5,-5
"6151","2929淘帝","110/08/20","元大-太平",35,0,35
"6152","2929淘帝","110/08/20","元大-莒光",0,25,-25
"6153","2929淘帝","110/08/20","港商野村",17,5,12
"6154","2929淘帝","110/08/20","富邦-新營",0,20,-20
"6155","2929淘帝","110/08/20","摩根大通",16,6,10
"6156","2929淘帝","110/08/20","華南永昌-古亭",0,16,-16
"6157","2929淘帝","110/08/20","永豐金-板新",10,0,10
"6158","2929淘帝","110/08/20","兆豐-桃鶯",0,12,-12
"6159","2929淘帝","110/08/20","美林",10,1,9
"6160","2929淘帝","110/08/20","中國信託",0,10,-10
"6161","2929淘帝","110/08/20","兆豐-忠孝",8,0,8
"6162","2929淘帝","110/08/20","元大-竹科",0,10,-10
"6163","2929淘帝","110/08/20","凱基-東門",8,0,8
"6164","2929淘帝","110/08/20","永豐金-新莊",0,10,-10
"6165","2929淘帝","110/08/20","高橋-龍潭",5,0,5
"6166","2929淘帝","110/08/20","兆豐-東門",0,8,-8
"6167","2929淘帝","110/08/20","玉山-台南",5,0,5
"6168","2929淘帝","110/08/20","凱基-三峽",0,7,-7
"6169","2929淘帝","110/08/20","凱基-中山",5,0,5
"6170","2929淘帝","110/08/20","宏遠-館前",0,5,-5
"6171","2929淘帝","110/08/20","華南永昌-小港",5,0,5
"6172","2929淘帝","110/08/20","瑞士信貸",0,5,-5
"6173","2929淘帝","110/08/20","元大-員林",5,0,5
"6174","2929淘帝","110/08/20","富邦-陽明",0,5,-5
"6175","2929淘帝","110/08/20","元大-永和",5,0,5
"6176","2929淘帝","110/08/20","中國信託-松江",0,4,-4
"6177","2929淘帝","110/08/20","永豐金-永康",5,0,5
"6178","2929淘帝","110/08/20","玉山-新竹",11,15,-4
"6179","2929淘帝","110/08/20","群益金鼎-潭子",4,0,4
"6180","2929淘帝","110/08/20","元富-成功",0,3,-3
"6181","5410國眾","110/08/20","大昌",5,0,5
"6182","5410國眾","110/08/20","元大-發財",0,9,-9
"6183","5410國眾","110/08/20","華南永昌-高雄",5,0,5
"6184","5410國眾","110/08/20","元大-士林",2,8,-6
"6185","5410國眾","110/08/20","元大-東泰",5,0,5
"6186","5410國眾","110/08/20","日盛-屏東",0,5,-5
"6187","5410國眾","110/08/20","元大-中壢",5,0,5
"6188","5410國眾","110/08/20","新加坡商瑞銀",3,8,-5
"6189","5410國眾","110/08/20","中國信託-新竹",4,0,4
"6190","5410國眾","110/08/20","凱基-台北",0,4,-4
"6191","5410國眾","110/08/20","新光",3,0,3
"6192","5410國眾","110/08/20","元大-南勢角",0,4,-4
"6193","5410國眾","110/08/20","凱基-竹北",3,0,3
"6194","5410國眾","110/08/20","寶盛",0,3,-3
"6195","5410國眾","110/08/20","國泰-松江",2,0,2
"6196","5410國眾","110/08/20","元富-台南",0,2,-2
"6197","5410國眾","110/08/20","群益金鼎-海山",2,0,2
"6198","5410國眾","110/08/20","華南永昌-小港",0,2,-2
"6199","5410國眾","110/08/20","凱基-彰化",2,0,2
"6200","5410國眾","110/08/20","富邦-竹北",1,3,-2
"6201","5410國眾","110/08/20","日盛-二林",1,0,1
"6202","5410國眾","110/08/20","富邦-永和",0,2,-2
"6203","5410國眾","110/08/20","美林",1,0,1
"6204","5410國眾","110/08/20","元大-華山",0,2,-2
"6205","5410國眾","110/08/20","大慶-蘆洲",1,0,1
"6206","5410國眾","110/08/20","中國信託-文心",0,1,-1
"6207","5410國眾","110/08/20","中國信託-嘉義",1,0,1
"6208","5410國眾","110/08/20","國泰-敦南",4,5,-1
"6209","5410國眾","110/08/20","國泰-台南",1,0,1
"6210","5410國眾","110/08/20","華南永昌-楠梓",0,1,-1
"6211","2841台開","110/08/20","宏遠-館前",465,0,465
"6212","2841台開","110/08/20","台中銀",0,113,-113
"6213","2841台開","110/08/20","第一金",102,0,102
"6214","2841台開","110/08/20","國票-敦北法人",0,51,-51
"6215","2841台開","110/08/20","富邦-岡山",18,0,18
"6216","2841台開","110/08/20","高橋",0,50,-50
"6217","2841台開","110/08/20","台新證券",15,2,13
"6218","2841台開","110/08/20","日盛證券",0,43,-43
"6219","2841台開","110/08/20","元大-新竹經國",10,0,10
"6220","2841台開","110/08/20","永豐金-三重",0,39,-39
"6221","2841台開","110/08/20","日盛-新竹",6,0,6
"6222","2841台開","110/08/20","玉山-高雄",0,30,-30
"6223","2841台開","110/08/20","元富-文心",5,0,5
"6224","2841台開","110/08/20","元大-竹山",0,30,-30
"6225","2841台開","110/08/20","第一金-路竹",3,0,3
"6226","2841台開","110/08/20","光和-高雄",0,28,-28
"6227","2841台開","110/08/20","永豐金-中盛",3,0,3
"6228","2841台開","110/08/20","永豐金-敦南",15,37,-22
"6229","2841台開","110/08/20","新光-台中",2,0,2
"6230","2841台開","110/08/20","新光-台南",0,21,-21
"6231","2841台開","110/08/20","群益金鼎-館前",2,0,2
"6232","2841台開","110/08/20","玉山-嘉義",0,20,-20
"6233","2841台開","110/08/20","群益金鼎-東湖",2,0,2
"6234","2841台開","110/08/20","富邦-員林",0,20,-20
"6235","2841台開","110/08/20","元大-屏東民生",2,0,2
"6236","2841台開","110/08/20","元大-竹科",0,20,-20
"6237","2841台開","110/08/20","國泰-板橋",1,0,1
"6238","2841台開","110/08/20","元大-善化",0,15,-15
"6239","2841台開","110/08/20","群益金鼎-崇德",1,0,1
"6240","2841台開","110/08/20","永豐金-忠孝",0,15,-15
"6241","6207雷科","110/08/20","日盛-員林",20,0,20
"6242","6207雷科","110/08/20","凱基-敦北",0,26,-26
"6243","6207雷科","110/08/20","美林",16,0,16
"6244","6207雷科","110/08/20","新加坡商瑞銀",12,27,-15
"6245","6207雷科","110/08/20","凱基-台北",20,8,12
"6246","6207雷科","110/08/20","國票-南科",1,13,-12
"6247","6207雷科","110/08/20","瑞士信貸",11,0,11
"6248","6207雷科","110/08/20","台新證券",0,10,-10
"6249","6207雷科","110/08/20","港商野村",23,12,11
"6250","6207雷科","110/08/20","國票-九鼎",2,10,-8
"6251","6207雷科","110/08/20","摩根大通",33,22,11
"6252","6207雷科","110/08/20","台新-台中",0,5,-5
"6253","6207雷科","110/08/20","凱基-羅東",6,0,6
"6254","6207雷科","110/08/20","玉山-嘉義",0,5,-5
"6255","6207雷科","110/08/20","富邦-中壢",6,0,6
"6256","6207雷科","110/08/20","群益金鼎-三民",0,5,-5
"6257","6207雷科","110/08/20","元大-大灣",6,0,6
"6258","6207雷科","110/08/20","元大-博愛",0,5,-5
"6259","6207雷科","110/08/20","日盛-台南",5,0,5
"6260","6207雷科","110/08/20","中國信託-中壢",0,4,-4
"6261","6207雷科","110/08/20","富邦-台北",5,0,5
"6262","6207雷科","110/08/20","兆豐-彰化",0,4,-4
"6263","6207雷科","110/08/20","富邦-新店",5,0,5
"6264","6207雷科","110/08/20","群益金鼎-東門",0,4,-4
"6265","6207雷科","110/08/20","元大-府城",5,0,5
"6266","6207雷科","110/08/20","致和-高雄",0,3,-3
"6267","6207雷科","110/08/20","中農",3,0,3
"6268","6207雷科","110/08/20","新光-高雄",0,3,-3
"6269","6207雷科","110/08/20","華南永昌-古亭",3,0,3
"6270","6207雷科","110/08/20","凱基-高雄",0,3,-3
"6271","3679新至陞","110/08/20","元大-大天母",10,0,10
"6272","3679新至陞","110/08/20","台灣企銀-建成",0,6,-6
"6273","3679新至陞","110/08/20","港商野村",3,0,3
"6274","3679新至陞","110/08/20","美林",0,6,-6
"6275","3679新至陞","110/08/20","(牛牛牛)亞-網路",3,0,3
"6276","3679新至陞","110/08/20","花旗環球",0,5,-5
"6277","3679新至陞","110/08/20","富邦-花蓮",3,0,3
"6278","3679新至陞","110/08/20","新加坡商瑞銀",0,5,-5
"6279","3679新至陞","110/08/20","凱基-中山",2,0,2
"6280","3679新至陞","110/08/20","日盛-忠孝",0,4,-4
"6281","3679新至陞","110/08/20","日盛-木柵",1,0,1
"6282","3679新至陞","110/08/20","元大證券",1,4,-3
"6283","3679新至陞","110/08/20","日盛-員林",1,0,1
"6284","3679新至陞","110/08/20","摩根大通",4,6,-2
"6285","3679新至陞","110/08/20","日盛-文化",1,0,1
"6286","3679新至陞","110/08/20","凱基-埔墘",0,2,-2
"6287","3679新至陞","110/08/20","台灣摩根士丹利",1,0,1
"6288","3679新至陞","110/08/20","日盛-板橋",0,1,-1
"6289","3679新至陞","110/08/20","瑞士信貸",1,0,1
"6290","3679新至陞","110/08/20","美商高盛",0,1,-1
"6291","3679新至陞","110/08/20","第一金-澎湖",1,0,1
"6292","3679新至陞","110/08/20","第一金-台南",0,1,-1
"6293","3679新至陞","110/08/20","統一-松江",1,0,1
"6294","3679新至陞","110/08/20","台中銀-員林",0,1,-1
"6295","3679新至陞","110/08/20","元富-草屯",1,0,1
"6296","3679新至陞","110/08/20","北城證券",0,1,-1
"6297","3679新至陞","110/08/20","光和-溪湖",1,0,1
"6298","3679新至陞","110/08/20","國票-九鼎",0,1,-1
"6299","3679新至陞","110/08/20","兆豐-三重",1,0,1
"6300","3679新至陞","110/08/20","富邦-陽明",0,1,-1
"6301","2727王品","110/08/20","元大-台中中港",339,0,339
"6302","2727王品","110/08/20","兆豐-南京",0,980,-980
"6303","2727王品","110/08/20","台灣摩根士丹利",93,12,81
"6304","2727王品","110/08/20","港商麥格理",0,65,-65
"6305","2727王品","110/08/20","摩根大通",63,4,59
"6306","2727王品","110/08/20","玉山證券",2,25,-23
"6307","2727王品","110/08/20","瑞士信貸",62,7,55
"6308","2727王品","110/08/20","元大證券",2,22,-20
"6309","2727王品","110/08/20","國票-南港",50,0,50
"6310","2727王品","110/08/20","永豐金-桃盛",0,20,-20
"6311","2727王品","110/08/20","玉山-板橋",40,10,30
"6312","2727王品","110/08/20","元富-西松",0,18,-18
"6313","2727王品","110/08/20","美林",38,9,29
"6314","2727王品","110/08/20","美商高盛",5,17,-12
"6315","2727王品","110/08/20","國泰-敦南",23,2,21
"6316","2727王品","110/08/20","台新-中壢",0,11,-11
"6317","2727王品","110/08/20","富邦-台北",16,2,14
"6318","2727王品","110/08/20","富邦-桃園",0,11,-11
"6319","2727王品","110/08/20","凱基-科園",15,2,13
"6320","2727王品","110/08/20","永豐金-新竹",0,11,-11
"6321","2727王品","110/08/20","凱基-台北",68,56,12
"6322","2727王品","110/08/20","彰銀-台中",0,10,-10
"6323","2727王品","110/08/20","宏遠-高雄",11,0,11
"6324","2727王品","110/08/20","兆豐-新莊",0,10,-10
"6325","2727王品","110/08/20","日茂-埔里",11,0,11
"6326","2727王品","110/08/20","元大-學甲",0,10,-10
"6327","2727王品","110/08/20","港商野村",58,48,10
"6328","2727王品","110/08/20","群益金鼎-延平",0,9,-9
"6329","2727王品","110/08/20","群益金鼎-潭子",10,0,10
"6330","2727王品","110/08/20","永豐金-松山",2,10,-8
"6331","1570力肯","110/08/20","國票-北高雄",27,0,27
"6332","1570力肯","110/08/20","元大-大雅",8,58,-50
"6333","1570力肯","110/08/20","元大-鹿港",29,4,25
"6334","1570力肯","110/08/20","凱基-三峽",0,30,-30
"6335","1570力肯","110/08/20","摩根大通",27,5,22
"6336","1570力肯","110/08/20","元大-樹林",0,30,-30
"6337","1570力肯","110/08/20","富邦-花蓮",20,0,20
"6338","1570力肯","110/08/20","統一",0,28,-28
"6339","1570力肯","110/08/20","群益金鼎-高雄",18,0,18
"6340","1570力肯","110/08/20","國票-南科",0,13,-13
"6341","1570力肯","110/08/20","元大-草屯",13,0,13
"6342","1570力肯","110/08/20","元大-鑫永和",0,12,-12
"6343","1570力肯","110/08/20","元富-緯城",12,0,12
"6344","1570力肯","110/08/20","台新證券",0,11,-11
"6345","1570力肯","110/08/20","元富-世貿",10,0,10
"6346","1570力肯","110/08/20","群益金鼎-民權",0,10,-10
"6347","1570力肯","110/08/20","大慶-蘆洲",7,0,7
"6348","1570力肯","110/08/20","國票-台中",3,11,-8
"6349","1570力肯","110/08/20","(牛牛牛)亞-鑫豐",25,18,7
"6350","1570力肯","110/08/20","土銀-新竹",1,7,-6
"6351","1570力肯","110/08/20","國票-天祥",6,0,6
"6352","1570力肯","110/08/20","台灣摩根士丹利",0,6,-6
"6353","1570力肯","110/08/20","凱基-台北",7,1,6
"6354","1570力肯","110/08/20","國泰-敦南",1,7,-6
"6355","1570力肯","110/08/20","元富-城東",5,0,5
"6356","1570力肯","110/08/20","高橋-龍潭",0,5,-5
"6357","1570力肯","110/08/20","國票",5,0,5
"6358","1570力肯","110/08/20","玉山-高雄",0,5,-5
"6359","1570力肯","110/08/20","萬泰",5,0,5
"6360","1570力肯","110/08/20","永豐金-苓雅",0,5,-5
"6361","6180橘子","110/08/20","港商野村",272,0,272
"6362","6180橘子","110/08/20","元大-博愛",0,42,-42
"6363","6180橘子","110/08/20","美林",47,0,47
"6364","6180橘子","110/08/20","群益金鼎-永和",1,40,-39
"6365","6180橘子","110/08/20","兆豐-埔墘",10,0,10
"6366","6180橘子","110/08/20","台灣摩根士丹利",4,39,-35
"6367","6180橘子","110/08/20","元大-天母",9,0,9
"6368","6180橘子","110/08/20","摩根大通",11,46,-35
"6369","6180橘子","110/08/20","永豐金-桃園",10,1,9
"6370","6180橘子","110/08/20","新光-桃園",0,35,-35
"6371","6180橘子","110/08/20","凱基-大里",8,0,8
"6372","6180橘子","110/08/20","臺銀",2,34,-32
"6373","6180橘子","110/08/20","元大-草屯",7,0,7
"6374","6180橘子","110/08/20","國泰-館前",1,33,-32
"6375","6180橘子","110/08/20","日盛-雙和",5,0,5
"6376","6180橘子","110/08/20","新光",7,38,-31
"6377","6180橘子","110/08/20","第一金-高雄",5,0,5
"6378","6180橘子","110/08/20","宏遠-館前",0,21,-21
"6379","6180橘子","110/08/20","第一金-新竹",5,0,5
"6380","6180橘子","110/08/20","富邦-竹東",0,21,-21
"6381","6180橘子","110/08/20","群益金鼎-大興",5,0,5
"6382","6180橘子","110/08/20","日盛-景美",0,20,-20
"6383","6180橘子","110/08/20","群益金鼎-開元",5,0,5
"6384","6180橘子","110/08/20","第一金-新興",0,20,-20
"6385","6180橘子","110/08/20","元大-東泰",5,0,5
"6386","6180橘子","110/08/20","凱基-彰化",0,16,-16
"6387","6180橘子","110/08/20","元大-士林",5,0,5
"6388","6180橘子","110/08/20","新加坡商瑞銀",5,15,-10
"6389","6180橘子","110/08/20","元大-土城",5,0,5
"6390","6180橘子","110/08/20","國票-長城",0,10,-10
"6391","2390云辰","110/08/20","國票-安和",130,0,130
"6392","2390云辰","110/08/20","統一-新台中",0,200,-200
"6393","2390云辰","110/08/20","凱基-屏東",100,0,100
"6394","2390云辰","110/08/20","聯邦-敦化",0,68,-68
"6395","2390云辰","110/08/20","摩根大通",233,161,72
"6396","2390云辰","110/08/20","美林",62,127,-65
"6397","2390云辰","110/08/20","美商高盛",101,30,71
"6398","2390云辰","110/08/20","新加坡商瑞銀",0,61,-61
"6399","2390云辰","110/08/20","兆豐-高雄",78,11,67
"6400","2390云辰","110/08/20","統一-新營",26,71,-45
"6401","2390云辰","110/08/20","凱基-台北",257,199,58
"6402","2390云辰","110/08/20","國泰-敦南",114,153,-39
"6403","2390云辰","110/08/20","第一金-安和",62,8,54
"6404","2390云辰","110/08/20","華南永昌-朴子",2,41,-39
"6405","2390云辰","110/08/20","統一-城中",60,10,50
"6406","2390云辰","110/08/20","元大-土城學府",156,192,-36
"6407","2390云辰","110/08/20","富邦-宜蘭",52,4,48
"6408","2390云辰","110/08/20","元大-六合",17,53,-36
"6409","2390云辰","110/08/20","元大-鳳山",60,12,48
"6410","2390云辰","110/08/20","土銀-嘉義",0,35,-35
"6411","2390云辰","110/08/20","元大-板橋三民",50,2,48
"6412","2390云辰","110/08/20","大昌",5,36,-31
"6413","2390云辰","110/08/20","國票-博愛",178,141,37
"6414","2390云辰","110/08/20","宏遠-台南",0,27,-27
"6415","2390云辰","110/08/20","華南永昌-岡山",33,1,32
"6416","2390云辰","110/08/20","群益金鼎-民權",6,31,-25
"6417","2390云辰","110/08/20","元大-北三重",32,1,31
"6418","2390云辰","110/08/20","國泰-館前",28,52,-24
"6419","2390云辰","110/08/20","第一金-豐原",30,0,30
"6420","2390云辰","110/08/20","富邦-建國",13,36,-23
"6421","2609陽明","110/08/19","美商高盛",2352,641,1711
"6422","2609陽明","110/08/19","凱基-台北",2247,12187,-9940
"6423","2609陽明","110/08/19","華南永昌-竹北",1335,536,799
"6424","2609陽明","110/08/19","康和",1685,8746,-7061
"6425","2609陽明","110/08/19","國泰-敦南",5999,5202,797
"6426","2609陽明","110/08/19","富邦證券",159,6808,-6649
"6427","2609陽明","110/08/19","日盛-雙和",967,217,750
"6428","2609陽明","110/08/19","台灣摩根士丹利",66,2608,-2542
"6429","2609陽明","110/08/19","國泰-館前",1665,1071,594
"6430","2609陽明","110/08/19","兆豐-南京",144,2129,-1985
"6431","2609陽明","110/08/19","台新證券",3672,3095,577
"6432","2609陽明","110/08/19","兆豐-虎尾",7267,9058,-1791
"6433","2609陽明","110/08/19","統一-三重",826,296,530
"6434","2609陽明","110/08/19","美林",2631,4379,-1748
"6435","2609陽明","110/08/19","玉山證券",1424,939,485
"6436","2609陽明","110/08/19","永豐金-信義",140,1816,-1676
"6437","2609陽明","110/08/19","富邦-建國",1115,663,452
"6438","2609陽明","110/08/19","富邦-仁愛",873,2277,-1404
"6439","2609陽明","110/08/19","統一-士林",809,391,418
"6440","2609陽明","110/08/19","摩根大通",4652,6019,-1367
"6441","2609陽明","110/08/19","凱基-城中",614,199,415
"6442","2609陽明","110/08/19","凱基-斗六",3347,4638,-1291
"6443","2609陽明","110/08/19","華南永昌-台中",863,449,414
"6444","2609陽明","110/08/19","富邦-虎尾",11651,12857,-1206
"6445","2609陽明","110/08/19","新光-新竹",1263,857,406
"6446","2609陽明","110/08/19","元大證券",2875,3808,-933
"6447","2609陽明","110/08/19","國泰-台中",1878,1503,375
"6448","2609陽明","110/08/19","統一-仁愛",1484,2392,-908
"6449","2609陽明","110/08/19","玉山-左營",623,251,372
"6450","2609陽明","110/08/19","元大-頭份",315,1194,-879
"6451","2636台驊投控","110/08/19","華南永昌-竹北",257,10,247
"6452","2636台驊投控","110/08/19","富邦證券",8,1056,-1048
"6453","2636台驊投控","110/08/19","國泰-敦南",483,306,177
"6454","2636台驊投控","110/08/19","摩根大通",329,1288,-959
"6455","2636台驊投控","110/08/19","新光-新竹",174,42,132
"6456","2636台驊投控","110/08/19","台灣摩根士丹利",168,753,-585
"6457","2636台驊投控","110/08/19","港商野村",2255,2136,119
"6458","2636台驊投控","110/08/19","凱基-台北",574,996,-422
"6459","2636台驊投控","110/08/19","台新證券",257,150,107
"6460","2636台驊投控","110/08/19","瑞士信貸",75,421,-346
"6461","2636台驊投控","110/08/19","新光",389,312,77
"6462","2636台驊投控","110/08/19","統一",98,420,-322
"6463","2636台驊投控","110/08/19","華南永昌-楠梓",98,27,71
"6464","2636台驊投控","110/08/19","凱基",21,323,-302
"6465","2636台驊投控","110/08/19","華南永昌-南京",104,40,64
"6466","2636台驊投控","110/08/19","富邦-員林",377,670,-293
"6467","2636台驊投控","110/08/19","富邦-苗栗",99,35,64
"6468","2636台驊投控","110/08/19","日盛-台中",26,244,-218
"6469","2636台驊投控","110/08/19","元大-竹北",79,16,63
"6470","2636台驊投控","110/08/19","美商高盛",87,244,-157
"6471","2636台驊投控","110/08/19","凱基-市政",265,203,62
"6472","2636台驊投控","110/08/19","日盛-板橋",40,163,-123
"6473","2636台驊投控","110/08/19","中國信託-文心",80,21,59
"6474","2636台驊投控","110/08/19","大慶",2,120,-118
"6475","2636台驊投控","110/08/19","大昌-安康",60,4,56
"6476","2636台驊投控","110/08/19","日盛-大墩",73,184,-111
"6477","2636台驊投控","110/08/19","日盛-宜蘭",53,0,53
"6478","2636台驊投控","110/08/19","宏遠證券",60,152,-92
"6479","2636台驊投控","110/08/19","元富-大昌",81,28,53
"6480","2636台驊投控","110/08/19","新加坡商瑞銀",88,173,-85
"6481","2867三商壽","110/08/19","美林",389,60,329
"6482","2867三商壽","110/08/19","宏遠證券",0,969,-969
"6483","2867三商壽","110/08/19","元大-土城永寧",252,2,250
"6484","2867三商壽","110/08/19","摩根大通",111,691,-580
"6485","2867三商壽","110/08/19","玉山-板橋",127,0,127
"6486","2867三商壽","110/08/19","土銀-建國",0,240,-240
"6487","2867三商壽","110/08/19","元大-大里德芳",110,0,110
"6488","2867三商壽","110/08/19","日盛-中壢",0,122,-122
"6489","2867三商壽","110/08/19","國泰-台中",103,1,102
"6490","2867三商壽","110/08/19","台新-高雄",4,121,-117
"6491","2867三商壽","110/08/19","新加坡商瑞銀",114,19,95
"6492","2867三商壽","110/08/19","德信-中正",0,100,-100
"6493","2867三商壽","110/08/19","玉山-城中",86,0,86
"6494","2867三商壽","110/08/19","華南永昌-南京",0,100,-100
"6495","2867三商壽","110/08/19","合庫-西台中",80,0,80
"6496","2867三商壽","110/08/19","台新證券",15,101,-86
"6497","2867三商壽","110/08/19","永豐金-竹科",80,1,79
"6498","2867三商壽","110/08/19","凱基-台北",42,118,-76
"6499","2867三商壽","110/08/19","玉山-台中",61,0,61
"6500","2867三商壽","110/08/19","富邦-建國",1,71,-70
"6501","2867三商壽","110/08/19","土銀-台中",60,0,60
"6502","2867三商壽","110/08/19","元大-八德",0,70,-70
"6503","2867三商壽","110/08/19","富邦-台南",60,0,60
"6504","2867三商壽","110/08/19","凱基",0,68,-68
"6505","2867三商壽","110/08/19","元大-中壢",56,0,56
"6506","2867三商壽","110/08/19","富邦-三重",0,55,-55
"6507","2867三商壽","110/08/19","群益金鼎-彰化",62,8,54
"6508","2867三商壽","110/08/19","元大-彰化民生",0,50,-50
"6509","2867三商壽","110/08/19","永豐金-埔里",67,13,54
"6510","2867三商壽","110/08/19","亞東",0,45,-45
"6511","5521工信","110/08/19","元大證券",232,28,204
"6512","5521工信","110/08/19","凱基-台北",0,178,-178
"6513","5521工信","110/08/19","中國信託-三重",70,0,70
"6514","5521工信","110/08/19","福勝",0,80,-80
"6515","5521工信","110/08/19","台新證券",37,0,37
"6516","5521工信","110/08/19","新光-新竹",1,80,-79
"6517","5521工信","110/08/19","日盛-高雄",27,0,27
"6518","5521工信","110/08/19","港商法國興業",0,67,-67
"6519","5521工信","110/08/19","元富-埔里",20,0,20
"6520","5521工信","110/08/19","摩根大通",194,256,-62
"6521","5521工信","110/08/19","玉山-雙和",20,0,20
"6522","5521工信","110/08/19","群益金鼎-敦南",0,50,-50
"6523","5521工信","110/08/19","富邦-台北",20,0,20
"6524","5521工信","110/08/19","第一金-桃園",0,36,-36
"6525","5521工信","110/08/19","永豐金-竹科",19,0,19
"6526","5521工信","110/08/19","德信-中正",0,29,-29
"6527","5521工信","110/08/19","臺銀-鳳山",18,0,18
"6528","5521工信","110/08/19","元大-基隆孝二",0,28,-28
"6529","5521工信","110/08/19","華南永昌-高雄",20,2,18
"6530","5521工信","110/08/19","美林",1,27,-26
"6531","5521工信","110/08/19","華南永昌-彰化",23,8,15
"6532","5521工信","110/08/19","兆豐-員林",0,25,-25
"6533","5521工信","110/08/19","元大-大天母",15,0,15
"6534","5521工信","110/08/19","群益金鼎-土城",0,20,-20
"6535","5521工信","110/08/19","富邦-宜蘭",14,0,14
"6536","5521工信","110/08/19","元富-宜蘭",0,18,-18
"6537","5521工信","110/08/19","台新-台中",12,0,12
"6538","5521工信","110/08/19","富邦-高雄",1,15,-14
"6539","5521工信","110/08/19","臺銀-高雄",11,0,11
"6540","5521工信","110/08/19","元大-歸仁",2,16,-14
"6541","1471首利","110/08/19","新光",35,0,35
"6542","1471首利","110/08/19","摩根大通",42,206,-164
"6543","1471首利","110/08/19","新光-台南",24,0,24
"6544","1471首利","110/08/19","瑞士信貸",1,39,-38
"6545","1471首利","110/08/19","元大-太平",20,2,18
"6546","1471首利","110/08/19","凱基-五股",0,23,-23
"6547","1471首利","110/08/19","土銀-花蓮",15,0,15
"6548","1471首利","110/08/19","凱基-台北",6,29,-23
"6549","1471首利","110/08/19","玉山-桃園",15,0,15
"6550","1471首利","110/08/19","元大-虎尾",7,27,-20
"6551","1471首利","110/08/19","元富-三重",13,0,13
"6552","1471首利","110/08/19","光和",9,24,-15
"6553","1471首利","110/08/19","台新證券",12,0,12
"6554","1471首利","110/08/19","致和-府前",0,15,-15
"6555","1471首利","110/08/19","元大-員林中山",11,0,11
"6556","1471首利","110/08/19","兆豐-員林",0,12,-12
"6557","1471首利","110/08/19","台灣企銀-屏東",10,0,10
"6558","1471首利","110/08/19","凱基-新店",0,12,-12
"6559","1471首利","110/08/19","兆豐-台中港",10,0,10
"6560","1471首利","110/08/19","美林",0,11,-11
"6561","1471首利","110/08/19","致和-崇德",10,0,10
"6562","1471首利","110/08/19","凱基-頭份",0,10,-10
"6563","1471首利","110/08/19","凱基-高美館",10,0,10
"6564","1471首利","110/08/19","華南永昌-台中",0,10,-10
"6565","1471首利","110/08/19","華南永昌-公誠",10,0,10
"6566","1471首利","110/08/19","元大-大甲",0,9,-9
"6567","1471首利","110/08/19","華南永昌-楠梓",10,0,10
"6568","1471首利","110/08/19","凱基-三重",3,10,-7
"6569","1471首利","110/08/19","富邦-南屯",10,0,10
"6570","1471首利","110/08/19","永豐金-新店",0,7,-7
"6571","2883開發金","110/08/19","香港上海匯豐",6827,846,5981
"6572","2883開發金","110/08/19","凱基-台北",1722,11079,-9357
"6573","2883開發金","110/08/19","中國信託-文心",4667,49,4618
"6574","2883開發金","110/08/19","花旗環球",1244,7162,-5918
"6575","2883開發金","110/08/19","新光",3917,1918,1999
"6576","2883開發金","110/08/19","國泰證券",51,3659,-3608
"6577","2883開發金","110/08/19","凱基",1952,0,1952
"6578","2883開發金","110/08/19","台新證券",1038,4320,-3282
"6579","2883開發金","110/08/19","玉山證券",2183,465,1718
"6580","2883開發金","110/08/19","兆豐證券",7,1979,-1972
"6581","2883開發金","110/08/19","元大-忠孝",1666,40,1626
"6582","2883開發金","110/08/19","統一",51,1553,-1502
"6583","2883開發金","110/08/19","國泰-敦南",2025,483,1542
"6584","2883開發金","110/08/19","日盛證券",70,1356,-1286
"6585","2883開發金","110/08/19","新加坡商瑞銀",5707,4366,1341
"6586","2883開發金","110/08/19","合庫-彰化",31,1273,-1242
"6587","2883開發金","110/08/19","瑞士信貸",1645,478,1167
"6588","2883開發金","110/08/19","元大證券",2109,3261,-1152
"6589","2883開發金","110/08/19","康和-仁愛",1143,1,1142
"6590","2883開發金","110/08/19","宏遠證券",11,1083,-1072
"6591","2883開發金","110/08/19","凱基-竹科",753,16,737
"6592","2883開發金","110/08/19","富邦-北港",134,1188,-1054
"6593","2883開發金","110/08/19","國泰-板橋",919,284,635
"6594","2883開發金","110/08/19","元大-福營",55,1070,-1015
"6595","2883開發金","110/08/19","新光-台南",757,132,625
"6596","2883開發金","110/08/19","台灣企銀-民雄",23,1022,-999
"6597","2883開發金","110/08/19","元大-萬華",559,62,497
"6598","2883開發金","110/08/19","永豐金-南京",131,1128,-997
"6599","2883開發金","110/08/19","元大-中壢",533,53,480
"6600","2883開發金","110/08/19","群益金鼎-大安",38,965,-927
"6601","6205詮欣","110/08/19","日盛-三重",23,0,23
"6602","6205詮欣","110/08/19","高橋-內壢",0,20,-20
"6603","6205詮欣","110/08/19","凱基-汐止",21,0,21
"6604","6205詮欣","110/08/19","摩根大通",1,12,-11
"6605","6205詮欣","110/08/19","日茂-埔里",10,0,10
"6606","6205詮欣","110/08/19","福邦證券",0,10,-10
"6607","6205詮欣","110/08/19","凱基-台北",3,0,3
"6608","6205詮欣","110/08/19","元富-安南",0,6,-6
"6609","6205詮欣","110/08/19","永豐金證券",3,0,3
"6610","6205詮欣","110/08/19","永興-大墩",0,4,-4
"6611","6205詮欣","110/08/19","元富-草屯",2,0,2
"6612","6205詮欣","110/08/19","元大-豐原",0,2,-2
"6613","6205詮欣","110/08/19","臺銀-臺中",1,0,1
"6614","6205詮欣","110/08/19","統一-中壢",0,2,-2
"6615","6205詮欣","110/08/19","兆豐-景美",1,0,1
"6616","6205詮欣","110/08/19","中國信託-文心",0,2,-2
"6617","6205詮欣","110/08/19","凱基-桃園",1,0,1
"6618","6205詮欣","110/08/19","大慶-台南",0,1,-1
"6619","6205詮欣","110/08/19","凱基-復興",1,0,1
"6620","6205詮欣","110/08/19","元大-南投",0,1,-1
"6621","6205詮欣","110/08/19","華南永昌-台南",1,0,1
"6622","6205詮欣","110/08/19","華南永昌-虎尾",0,1,-1
"6623","6205詮欣","110/08/19","華南永昌-新莊",0,0,0
"6624","6205詮欣","110/08/19","凱基-和平",0,1,-1
"6625","6205詮欣","110/08/19","元大-大里",0,0,0
"6626","6205詮欣","110/08/19","豐農",0,1,-1
"6627","6205詮欣","110/08/19","永豐金-中和",1,1,0
"6628","6205詮欣","110/08/19","元富-文心",0,1,-1
"6629","6205詮欣","110/08/19","",NA,NA,NA
"6630","6205詮欣","110/08/19","美商高盛",0,1,-1
"6631","1540喬福","110/08/19","日盛-台南",20,0,20
"6632","1540喬福","110/08/19","兆豐-小港",0,30,-30
"6633","1540喬福","110/08/19","元大-板橋三民",11,0,11
"6634","1540喬福","110/08/19","富邦-台南",0,10,-10
"6635","1540喬福","110/08/19","富邦-陽明",10,0,10
"6636","1540喬福","110/08/19","元富-桃園",0,9,-9
"6637","1540喬福","110/08/19","富邦-南屯",10,0,10
"6638","1540喬福","110/08/19","元大-龍潭",0,9,-9
"6639","1540喬福","110/08/19","元大-桃興",10,0,10
"6640","1540喬福","110/08/19","元大-雙和",0,6,-6
"6641","1540喬福","110/08/19","元大-成功",10,0,10
"6642","1540喬福","110/08/19","元大-台南",0,5,-5
"6643","1540喬福","110/08/19","(牛牛牛)亞-網路",7,0,7
"6644","1540喬福","110/08/19","台中銀",0,4,-4
"6645","1540喬福","110/08/19","凱基-中壢",3,0,3
"6646","1540喬福","110/08/19","港商法國興業",0,3,-3
"6647","1540喬福","110/08/19","臺銀-新竹",2,0,2
"6648","1540喬福","110/08/19","富邦-員林",0,3,-3
"6649","1540喬福","110/08/19","國票-南崁",2,0,2
"6650","1540喬福","110/08/19","元富",0,2,-2
"6651","1540喬福","110/08/19","摩根大通",5,3,2
"6652","1540喬福","110/08/19","康和-板橋",0,2,-2
"6653","1540喬福","110/08/19","華南永昌-高雄",2,0,2
"6654","1540喬福","110/08/19","玉山-城中",0,2,-2
"6655","1540喬福","110/08/19","台中銀-豐原",1,0,1
"6656","1540喬福","110/08/19","元大-南崁",0,2,-2
"6657","1540喬福","110/08/19","國票-桃園",1,0,1
"6658","1540喬福","110/08/19","元大-敦南",0,2,-2
"6659","1540喬福","110/08/19","玉山-新竹",1,0,1
"6660","1540喬福","110/08/19","國票-台中",0,1,-1
"6661","2888新光金","110/08/19","兆豐-公益",5003,799,4204
"6662","2888新光金","110/08/19","摩根大通",1356,4583,-3227
"6663","2888新光金","110/08/19","凱基-台北",4068,1621,2447
"6664","2888新光金","110/08/19","凱基",0,3218,-3218
"6665","2888新光金","110/08/19","福邦-新竹",982,0,982
"6666","2888新光金","110/08/19","瑞士信貸",1,3126,-3125
"6667","2888新光金","110/08/19","美商高盛",1215,342,873
"6668","2888新光金","110/08/19","大昌-新竹",2,1424,-1422
"6669","2888新光金","110/08/19","統一-板橋",650,15,635
"6670","2888新光金","110/08/19","元富-虎尾",4,1276,-1272
"6671","2888新光金","110/08/19","凱基-中山",634,3,631
"6672","2888新光金","110/08/19","玉山-台南",134,1204,-1070
"6673","2888新光金","110/08/19","永豐金-鳳山",569,12,557
"6674","2888新光金","110/08/19","宏遠-光隆",25,1050,-1025
"6675","2888新光金","110/08/19","新光",855,323,532
"6676","2888新光金","110/08/19","玉山-板橋",106,841,-735
"6677","2888新光金","110/08/19","統一-台中",558,30,528
"6678","2888新光金","110/08/19","香港上海匯豐",0,728,-728
"6679","2888新光金","110/08/19","凱基-鳳山",525,0,525
"6680","2888新光金","110/08/19","台灣摩根士丹利",940,1609,-669
"6681","2888新光金","110/08/19","統一",577,100,477
"6682","2888新光金","110/08/19","中國信託",15,637,-622
"6683","2888新光金","110/08/19","元大證券",1048,635,413
"6684","2888新光金","110/08/19","元大-永和",20,600,-580
"6685","2888新光金","110/08/19","美林",1075,740,335
"6686","2888新光金","110/08/19","福勝",67,600,-533
"6687","2888新光金","110/08/19","元大-嘉義",315,10,305
"6688","2888新光金","110/08/19","凱基-中港",71,580,-509
"6689","2888新光金","110/08/19","元大-大統",304,13,291
"6690","2888新光金","110/08/19","群益金鼎",50,520,-470
"6691","1340勝悅","110/08/19","國泰-台南",99,3,96
"6692","1340勝悅","110/08/19","元大-成功",0,204,-204
"6693","1340勝悅","110/08/19","台中銀",38,0,38
"6694","1340勝悅","110/08/19","摩根大通",0,20,-20
"6695","1340勝悅","110/08/19","國泰-板橋",13,0,13
"6696","1340勝悅","110/08/19","瑞士信貸",0,12,-12
"6697","1340勝悅","110/08/19","臺銀-金山",10,0,10
"6698","1340勝悅","110/08/19","國票-敦北法人",0,12,-12
"6699","1340勝悅","110/08/19","元富-中港",10,0,10
"6700","1340勝悅","110/08/19","華南永昌-東昇",0,12,-12
"6701","1340勝悅","110/08/19","國泰-敦南",13,3,10
"6702","1340勝悅","110/08/19","永豐金-台南",0,12,-12
"6703","1340勝悅","110/08/19","元富-新店",10,2,8
"6704","1340勝悅","110/08/19","合庫-自強",0,11,-11
"6705","1340勝悅","110/08/19","合庫-新竹",7,0,7
"6706","1340勝悅","110/08/19","富邦-台中",0,5,-5
"6707","1340勝悅","110/08/19","群益金鼎-館前",10,3,7
"6708","1340勝悅","110/08/19","港商法國興業",0,4,-4
"6709","1340勝悅","110/08/19","致和-東門",6,0,6
"6710","1340勝悅","110/08/19","致和-金華",0,4,-4
"6711","1340勝悅","110/08/19","元大-屏南",6,0,6
"6712","1340勝悅","110/08/19","新光-台南",0,4,-4
"6713","1340勝悅","110/08/19","臺灣企銀-埔墘",5,0,5
"6714","1340勝悅","110/08/19","凱基-台北",1,5,-4
"6715","1340勝悅","110/08/19","日盛-和美",5,0,5
"6716","1340勝悅","110/08/19","土銀-南港",0,2,-2
"6717","1340勝悅","110/08/19","第一金-新竹",5,0,5
"6718","1340勝悅","110/08/19","元富-世貿",0,2,-2
"6719","1340勝悅","110/08/19","新光-桃園",5,0,5
"6720","1340勝悅","110/08/19","元大-信義",0,2,-2
"6721","6246臺龍","110/08/19","新光-台中",18,1,17
"6722","6246臺龍","110/08/19","日盛-和美",0,10,-10
"6723","6246臺龍","110/08/19","台灣企銀-台南",10,0,10
"6724","6246臺龍","110/08/19","元大-基隆孝二",0,9,-9
"6725","6246臺龍","110/08/19","凱基-台北",8,2,6
"6726","6246臺龍","110/08/19","港商野村",0,6,-6
"6727","6246臺龍","110/08/19","華南永昌-彰化",5,0,5
"6728","6246臺龍","110/08/19","臺銀-高雄",0,5,-5
"6729","6246臺龍","110/08/19","元大-南投",5,0,5
"6730","6246臺龍","110/08/19","兆豐-公益",0,5,-5
"6731","6246臺龍","110/08/19","元大-林園",5,0,5
"6732","6246臺龍","110/08/19","永豐金-三重",0,5,-5
"6733","6246臺龍","110/08/19","日盛-斗六",4,0,4
"6734","6246臺龍","110/08/19","中國信託",0,4,-4
"6735","6246臺龍","110/08/19","兆豐-新營",4,0,4
"6736","6246臺龍","110/08/19","元大-北成功",0,4,-4
"6737","6246臺龍","110/08/19","(牛牛牛)亞-鑫豐",3,0,3
"6738","6246臺龍","110/08/19","元大-台南",0,4,-4
"6739","6246臺龍","110/08/19","台新-台中",3,0,3
"6740","6246臺龍","110/08/19","元富-烏日",0,3,-3
"6741","6246臺龍","110/08/19","元大-大統",3,0,3
"6742","6246臺龍","110/08/19","玉山-城中",0,3,-3
"6743","6246臺龍","110/08/19","臺銀-民權",2,0,2
"6744","6246臺龍","110/08/19","元大-長庚",0,3,-3
"6745","6246臺龍","110/08/19","第一金-大稻埕",2,0,2
"6746","6246臺龍","110/08/19","元大-苑裡",0,3,-3
"6747","6246臺龍","110/08/19","元富-大昌",2,0,2
"6748","6246臺龍","110/08/19","永豐金-屏東",0,3,-3
"6749","6246臺龍","110/08/19","國票-敦北法人",2,0,2
"6750","6246臺龍","110/08/19","統一-永和",0,2,-2
"6751","00715L期街口布蘭特正2","110/08/19","台新證券",1458,205,1253
"6752","00715L期街口布蘭特正2","110/08/19","元大證券",4224,11178,-6954
"6753","00715L期街口布蘭特正2","110/08/19","富邦-南屯",1119,14,1105
"6754","00715L期街口布蘭特正2","110/08/19","合庫證券",266,2599,-2333
"6755","00715L期街口布蘭特正2","110/08/19","元大-永康",1118,19,1099
"6756","00715L期街口布蘭特正2","110/08/19","永豐金證券",8,2207,-2199
"6757","00715L期街口布蘭特正2","110/08/19","豐農",1023,30,993
"6758","00715L期街口布蘭特正2","110/08/19","元大-屏東民生",14,2200,-2186
"6759","00715L期街口布蘭特正2","110/08/19","元大-復北",954,74,880
"6760","00715L期街口布蘭特正2","110/08/19","凱基-台北",245,1890,-1645
"6761","00715L期街口布蘭特正2","110/08/19","中國信託-新竹",840,0,840
"6762","00715L期街口布蘭特正2","110/08/19","國票-博愛",10,1405,-1395
"6763","00715L期街口布蘭特正2","110/08/19","富邦證券",2317,1629,688
"6764","00715L期街口布蘭特正2","110/08/19","元富",10,1165,-1155
"6765","00715L期街口布蘭特正2","110/08/19","第一金-台南",540,0,540
"6766","00715L期街口布蘭特正2","110/08/19","新光",791,1810,-1019
"6767","00715L期街口布蘭特正2","110/08/19","兆豐-台中港",523,30,493
"6768","00715L期街口布蘭特正2","110/08/19","統一",3,978,-975
"6769","00715L期街口布蘭特正2","110/08/19","兆豐-嘉義",465,110,355
"6770","00715L期街口布蘭特正2","110/08/19","華南永昌-長虹",82,830,-748
"6771","00715L期街口布蘭特正2","110/08/19","元大-大里德芳",323,0,323
"6772","00715L期街口布蘭特正2","110/08/19","群益金鼎-宜蘭",20,737,-717
"6773","00715L期街口布蘭特正2","110/08/19","富邦-基隆",336,20,316
"6774","00715L期街口布蘭特正2","110/08/19","亞東",21,512,-491
"6775","00715L期街口布蘭特正2","110/08/19","元大-草屯",434,124,310
"6776","00715L期街口布蘭特正2","110/08/19","永豐金-板盛",6,420,-414
"6777","00715L期街口布蘭特正2","110/08/19","國泰-敦南",552,280,272
"6778","00715L期街口布蘭特正2","110/08/19","第一金-自由",28,419,-391
"6779","00715L期街口布蘭特正2","110/08/19","永豐金-羅東",270,2,268
"6780","00715L期街口布蘭特正2","110/08/19","元大-高雄",128,502,-374
"6781","8941關中","110/08/19","宏遠-館前",2,0,2
"6782","8941關中","110/08/19","富邦-台中",0,6,-6
"6783","8941關中","110/08/19","元大-西門",2,0,2
"6784","8941關中","110/08/19","兆豐-台中",0,2,-2
"6785","8941關中","110/08/19","新光-台中",1,0,1
"6786","8941關中","110/08/19","元大-金華",1,2,-1
"6787","8941關中","110/08/19","玉山-桃園",1,0,1
"6788","8941關中","110/08/19","兆豐-南京",0,0,0
"6789","8941關中","110/08/19","國泰-忠孝",1,0,1
"6790","8941關中","110/08/19","富邦-仁愛",0,0,0
"6791","8941關中","110/08/19","元大-華山",1,0,1
"6792","8941關中","110/08/19","元大-大雅",0,0,0
"6793","8941關中","110/08/19","元大-桃興",1,0,1
"6794","8941關中","110/08/19","永豐金-敦北",0,0,0
"6795","8941關中","110/08/19","兆豐-南京",0,0,0
"6796","8941關中","110/08/19","永豐金-南投",0,0,0
"6797","8941關中","110/08/19","富邦-仁愛",0,0,0
"6798","8941關中","110/08/19","",NA,NA,NA
"6799","8941關中","110/08/19","元大-大雅",0,0,0
"6800","8941關中","110/08/19","",NA,NA,NA
"6801","8941關中","110/08/19","永豐金-敦北",0,0,0
"6802","8941關中","110/08/19","",NA,NA,NA
"6803","8941關中","110/08/19","永豐金-南投",0,0,0
"6804","8941關中","110/08/19","",NA,NA,NA
"6805","8941關中","110/08/19","",NA,NA,NA
"6806","8941關中","110/08/19","",NA,NA,NA
"6807","8941關中","110/08/19","",NA,NA,NA
"6808","8941關中","110/08/19","",NA,NA,NA
"6809","8941關中","110/08/19","",NA,NA,NA
"6810","8941關中","110/08/19","",NA,NA,NA
"6811","8936國統","110/08/19","宏遠-台南",211,0,211
"6812","8936國統","110/08/19","元大-高雄",0,40,-40
"6813","8936國統","110/08/19","康和-高雄",126,1,125
"6814","8936國統","110/08/19","永豐金-苓雅",0,38,-38
"6815","8936國統","110/08/19","凱基-台北",122,66,56
"6816","8936國統","110/08/19","美商高盛",6,38,-32
"6817","8936國統","110/08/19","美林",54,0,54
"6818","8936國統","110/08/19","港商野村",17,38,-21
"6819","8936國統","110/08/19","新加坡商瑞銀",46,20,26
"6820","8936國統","110/08/19","日盛-頭份",0,20,-20
"6821","8936國統","110/08/19","元富-緯城",25,0,25
"6822","8936國統","110/08/19","兆豐-三重",0,20,-20
"6823","8936國統","110/08/19","富邦-高雄",14,0,14
"6824","8936國統","110/08/19","玉山-桃園",0,20,-20
"6825","8936國統","110/08/19","日盛-復興",10,0,10
"6826","8936國統","110/08/19","國泰-高雄",4,22,-18
"6827","8936國統","110/08/19","宏遠-高雄",18,8,10
"6828","8936國統","110/08/19","台灣摩根士丹利",0,17,-17
"6829","8936國統","110/08/19","中國信託-高雄",20,12,8
"6830","8936國統","110/08/19","凱基-竹科",0,16,-16
"6831","8936國統","110/08/19","日盛-豐原",7,0,7
"6832","8936國統","110/08/19","元大-大里德芳",0,16,-16
"6833","8936國統","110/08/19","元富-三重",7,0,7
"6834","8936國統","110/08/19","大昌-樹林",0,15,-15
"6835","8936國統","110/08/19","台新-高雄",10,3,7
"6836","8936國統","110/08/19","台新-屏東",0,12,-12
"6837","8936國統","110/08/19","臺銀-高雄",6,0,6
"6838","8936國統","110/08/19","中農",0,11,-11
"6839","8936國統","110/08/19","第一金-路竹",6,0,6
"6840","8936國統","110/08/19","臺銀-新竹",0,10,-10
"6841","6226光鼎","110/08/19","富邦-左營",110,2,108
"6842","6226光鼎","110/08/19","凱基-台北",177,732,-555
"6843","6226光鼎","110/08/19","元大-北屯",151,50,101
"6844","6226光鼎","110/08/19","摩根大通",28,396,-368
"6845","6226光鼎","110/08/19","國泰-敦南",201,125,76
"6846","6226光鼎","110/08/19","台灣摩根士丹利",0,254,-254
"6847","6226光鼎","110/08/19","元大-敦化",56,4,52
"6848","6226光鼎","110/08/19","元大-文心興安",1,230,-229
"6849","6226光鼎","110/08/19","兆豐-中壢",50,1,49
"6850","6226光鼎","110/08/19","美商高盛",33,233,-200
"6851","6226光鼎","110/08/19","凱基-台中",44,2,42
"6852","6226光鼎","110/08/19","富邦-台北",22,202,-180
"6853","6226光鼎","110/08/19","新光",121,81,40
"6854","6226光鼎","110/08/19","美林",72,160,-88
"6855","6226光鼎","110/08/19","合庫-西台中",47,10,37
"6856","6226光鼎","110/08/19","新加坡商瑞銀",138,225,-87
"6857","6226光鼎","110/08/19","元大-龍潭",42,5,37
"6858","6226光鼎","110/08/19","元大-南勢角",0,70,-70
"6859","6226光鼎","110/08/19","兆豐-東門",36,0,36
"6860","6226光鼎","110/08/19","臺銀-高雄",0,67,-67
"6861","6226光鼎","110/08/19","新光-台中",83,48,35
"6862","6226光鼎","110/08/19","港商野村",178,231,-53
"6863","6226光鼎","110/08/19","玉山-桃園",39,4,35
"6864","6226光鼎","110/08/19","永豐金-內湖",6,56,-50
"6865","6226光鼎","110/08/19","元大-竹科",59,24,35
"6866","6226光鼎","110/08/19","高橋-內壢",5,54,-49
"6867","6226光鼎","110/08/19","第一金-台南",33,0,33
"6868","6226光鼎","110/08/19","凱基-員林",7,53,-46
"6869","6226光鼎","110/08/19","台新證券",66,33,33
"6870","6226光鼎","110/08/19","台新-台中",28,65,-37
"6871","2363矽統","110/08/19","日盛-樹林",300,12,288
"6872","2363矽統","110/08/19","凱基-台北",560,1671,-1111
"6873","2363矽統","110/08/19","永豐金-板盛",200,2,198
"6874","2363矽統","110/08/19","摩根大通",3,713,-710
"6875","2363矽統","110/08/19","凱基-三峽",134,18,116
"6876","2363矽統","110/08/19","台新-三民",50,291,-241
"6877","2363矽統","110/08/19","富邦-新竹",94,7,87
"6878","2363矽統","110/08/19","台灣摩根士丹利",0,206,-206
"6879","2363矽統","110/08/19","元大-汐止",75,8,67
"6880","2363矽統","110/08/19","凱基-和平",1,132,-131
"6881","2363矽統","110/08/19","元大-斗六",67,2,65
"6882","2363矽統","110/08/19","永豐金證券",12,125,-113
"6883","2363矽統","110/08/19","大慶-蘆洲",69,13,56
"6884","2363矽統","110/08/19","石橋證券",50,155,-105
"6885","2363矽統","110/08/19","永豐金-豐原",55,2,53
"6886","2363矽統","110/08/19","港商野村",838,925,-87
"6887","2363矽統","110/08/19","日盛-豐原",59,10,49
"6888","2363矽統","110/08/19","新光-桃園",4,87,-83
"6889","2363矽統","110/08/19","群益金鼎-中壢",54,7,47
"6890","2363矽統","110/08/19","新光",212,282,-70
"6891","2363矽統","110/08/19","元大-南投",58,12,46
"6892","2363矽統","110/08/19","陽信-石牌",18,83,-65
"6893","2363矽統","110/08/19","富邦-板橋",51,7,44
"6894","2363矽統","110/08/19","美林",31,91,-60
"6895","2363矽統","110/08/19","台新證券",117,74,43
"6896","2363矽統","110/08/19","永豐金-新店",1,59,-58
"6897","2363矽統","110/08/19","元大-東港",45,2,43
"6898","2363矽統","110/08/19","台新-左楠",19,76,-57
"6899","2363矽統","110/08/19","元大-旗山",47,5,42
"6900","2363矽統","110/08/19","永全-南崁",7,53,-46
"6901","8112至上","110/08/19","元大-敦化",60,0,60
"6902","8112至上","110/08/19","港商野村",22,279,-257
"6903","8112至上","110/08/19","玉山-城中",60,2,58
"6904","8112至上","110/08/19","瑞士信貸",0,239,-239
"6905","8112至上","110/08/19","永豐金-敦南",52,4,48
"6906","8112至上","110/08/19","凱基-台北",101,275,-174
"6907","8112至上","110/08/19","統一",41,0,41
"6908","8112至上","110/08/19","摩根大通",161,332,-171
"6909","8112至上","110/08/19","元大-竹東",36,0,36
"6910","8112至上","110/08/19","凱基-市政",0,80,-80
"6911","8112至上","110/08/19","凱基-嘉義",35,0,35
"6912","8112至上","110/08/19","台灣摩根士丹利",6,75,-69
"6913","8112至上","110/08/19","新光-台南",32,0,32
"6914","8112至上","110/08/19","美商高盛",18,76,-58
"6915","8112至上","110/08/19","永興-水湳",30,0,30
"6916","8112至上","110/08/19","新加坡商瑞銀",22,76,-54
"6917","8112至上","110/08/19","元大-永和",29,0,29
"6918","8112至上","110/08/19","美林",9,61,-52
"6919","8112至上","110/08/19","凱基-東勢",26,1,25
"6920","8112至上","110/08/19","富邦-花蓮",1,51,-50
"6921","8112至上","110/08/19","臺銀-臺南",28,4,24
"6922","8112至上","110/08/19","元大-路竹",8,52,-44
"6923","8112至上","110/08/19","富邦-中壢",29,5,24
"6924","8112至上","110/08/19","(牛牛牛)亞-鑫豐",34,77,-43
"6925","8112至上","110/08/19","第一金-桃園",24,1,23
"6926","8112至上","110/08/19","台新-中壢",2,42,-40
"6927","8112至上","110/08/19","國泰-敦南",27,4,23
"6928","8112至上","110/08/19","國泰證券",0,40,-40
"6929","8112至上","110/08/19","凱基-文心",23,0,23
"6930","8112至上","110/08/19","永豐金-苓雅",0,40,-40
"6931","1570力肯","110/08/19","國票-北高雄",37,0,37
"6932","1570力肯","110/08/19","新光-台南",3,44,-41
"6933","1570力肯","110/08/19","康和-台南",30,0,30
"6934","1570力肯","110/08/19","元大-大統",0,20,-20
"6935","1570力肯","110/08/19","國票-內壢",25,0,25
"6936","1570力肯","110/08/19","元富-新店",0,18,-18
"6937","1570力肯","110/08/19","元富-虎尾",20,0,20
"6938","1570力肯","110/08/19","元大-民生",2,19,-17
"6939","1570力肯","110/08/19","國票-博愛",17,0,17
"6940","1570力肯","110/08/19","國泰-敦南",1,16,-15
"6941","1570力肯","110/08/19","日盛-高雄",15,0,15
"6942","1570力肯","110/08/19","富邦-敦南",0,15,-15
"6943","1570力肯","110/08/19","元大-南投",15,0,15
"6944","1570力肯","110/08/19","元大-大雅",10,25,-15
"6945","1570力肯","110/08/19","富邦-嘉義",15,1,14
"6946","1570力肯","110/08/19","日盛-板橋",2,16,-14
"6947","1570力肯","110/08/19","元大-北投",13,0,13
"6948","1570力肯","110/08/19","華南永昌-嘉義",0,12,-12
"6949","1570力肯","110/08/19","元富-緯城",12,0,12
"6950","1570力肯","110/08/19","凱基-台北",3,14,-11
"6951","1570力肯","110/08/19","土銀-新竹",11,0,11
"6952","1570力肯","110/08/19","元富-草屯",0,10,-10
"6953","1570力肯","110/08/19","日盛-嘉義",11,0,11
"6954","1570力肯","110/08/19","新光",7,17,-10
"6955","1570力肯","110/08/19","富邦-羅東",11,0,11
"6956","1570力肯","110/08/19","富邦-內湖",3,13,-10
"6957","1570力肯","110/08/19","富邦-仁愛",10,0,10
"6958","1570力肯","110/08/19","元大-福營",0,10,-10
"6959","1570力肯","110/08/19","元大-羅東",10,0,10
"6960","1570力肯","110/08/19","元大-松山",0,10,-10
"6961","2929淘帝","110/08/19","元大-太平",54,0,54
"6962","2929淘帝","110/08/19","摩根大通",0,58,-58
"6963","2929淘帝","110/08/19","凱基-東門",32,0,32
"6964","2929淘帝","110/08/19","宏遠-館前",0,35,-35
"6965","2929淘帝","110/08/19","日盛-桃園",20,0,20
"6966","2929淘帝","110/08/19","元富-台南",0,32,-32
"6967","2929淘帝","110/08/19","富邦-高雄",16,0,16
"6968","2929淘帝","110/08/19","日茂",0,20,-20
"6969","2929淘帝","110/08/19","元大-員林",11,0,11
"6970","2929淘帝","110/08/19","美商高盛",0,11,-11
"6971","2929淘帝","110/08/19","凱基-中山",10,0,10
"6972","2929淘帝","110/08/19","凱基-站前",0,10,-10
"6973","2929淘帝","110/08/19","富邦-南屯",7,0,7
"6974","2929淘帝","110/08/19","統一-三重",0,8,-8
"6975","2929淘帝","110/08/19","日盛-雙和",6,0,6
"6976","2929淘帝","110/08/19","群益金鼎",0,7,-7
"6977","2929淘帝","110/08/19","亞東-新竹",6,0,6
"6978","2929淘帝","110/08/19","凱基-八德",0,7,-7
"6979","2929淘帝","110/08/19","兆豐-桃鶯",6,0,6
"6980","2929淘帝","110/08/19","港商野村",3,9,-6
"6981","2929淘帝","110/08/19","新光",6,0,6
"6982","2929淘帝","110/08/19","安泰",0,5,-5
"6983","2929淘帝","110/08/19","群益金鼎-三重",5,0,5
"6984","2929淘帝","110/08/19","元大-金門",0,5,-5
"6985","2929淘帝","110/08/19","元大-左營",5,0,5
"6986","2929淘帝","110/08/19","永豐金-竹科",0,5,-5
"6987","2929淘帝","110/08/19","台新-新莊",9,5,4
"6988","2929淘帝","110/08/19","致和證券",0,4,-4
"6989","2929淘帝","110/08/19","群益金鼎-新店",4,0,4
"6990","2929淘帝","110/08/19","元大-苑裡",0,4,-4
"6991","5410國眾","110/08/19","土銀-嘉義",14,0,14
"6992","5410國眾","110/08/19","致和-台北",0,60,-60
"6993","5410國眾","110/08/19","國票-北高雄",10,0,10
"6994","5410國眾","110/08/19","凱基-台北",1,20,-19
"6995","5410國眾","110/08/19","玉山-城中",10,0,10
"6996","5410國眾","110/08/19","新加坡商瑞銀",0,14,-14
"6997","5410國眾","110/08/19","元大-中壢",9,0,9
"6998","5410國眾","110/08/19","亞東-新竹",0,14,-14
"6999","5410國眾","110/08/19","台新證券",8,0,8
"7000","5410國眾","110/08/19","富邦-永和",0,7,-7
"7001","5410國眾","110/08/19","新光",7,1,6
"7002","5410國眾","110/08/19","摩根大通",0,5,-5
"7003","5410國眾","110/08/19","日盛-八德",5,0,5
"7004","5410國眾","110/08/19","元大-南勢角",0,3,-3
"7005","5410國眾","110/08/19","元大-旗山",5,0,5
"7006","5410國眾","110/08/19","元大-板橋三民",0,3,-3
"7007","5410國眾","110/08/19","元大-博愛",5,0,5
"7008","5410國眾","110/08/19","元富-大昌",0,2,-2
"7009","5410國眾","110/08/19","元大-左營",5,0,5
"7010","5410國眾","110/08/19","台中銀-員林",0,2,-2
"7011","5410國眾","110/08/19","臺銀-金山",6,2,4
"7012","5410國眾","110/08/19","台新-左楠",0,2,-2
"7013","5410國眾","110/08/19","統一-台中",4,0,4
"7014","5410國眾","110/08/19","群益金鼎-東門",0,2,-2
"7015","5410國眾","110/08/19","元大-開元",4,0,4
"7016","5410國眾","110/08/19","凱基-汐止",0,2,-2
"7017","5410國眾","110/08/19","日盛-園區",3,0,3
"7018","5410國眾","110/08/19","華南永昌-小港",0,2,-2
"7019","5410國眾","110/08/19","國泰-敦南",3,0,3
"7020","5410國眾","110/08/19","富邦-新店",0,2,-2
"7021","2841台開","110/08/19","宏遠-館前",360,0,360
"7022","2841台開","110/08/19","元大證券",0,108,-108
"7023","2841台開","110/08/19","第一金",104,0,104
"7024","2841台開","110/08/19","國票-敦北法人",0,98,-98
"7025","2841台開","110/08/19","日盛-台中",35,1,34
"7026","2841台開","110/08/19","台中銀",0,93,-93
"7027","2841台開","110/08/19","合庫證券",20,0,20
"7028","2841台開","110/08/19","元大-府城",0,51,-51
"7029","2841台開","110/08/19","第一金-台中",20,0,20
"7030","2841台開","110/08/19","日盛-信義",0,50,-50
"7031","2841台開","110/08/19","富邦-基隆",20,0,20
"7032","2841台開","110/08/19","新光-台南",0,46,-46
"7033","2841台開","110/08/19","富邦-三重",20,0,20
"7034","2841台開","110/08/19","永豐金-桃園",0,41,-41
"7035","2841台開","110/08/19","元大-六合",17,0,17
"7036","2841台開","110/08/19","凱基-高美館",0,30,-30
"7037","2841台開","110/08/19","國泰-館前",11,0,11
"7038","2841台開","110/08/19","凱基-新豐",0,30,-30
"7039","2841台開","110/08/19","統一-新台中",10,0,10
"7040","2841台開","110/08/19","第一金-忠孝",0,20,-20
"7041","2841台開","110/08/19","玉山證券",10,0,10
"7042","2841台開","110/08/19","富邦-員林",0,20,-20
"7043","2841台開","110/08/19","國泰-台中",10,0,10
"7044","2841台開","110/08/19","日盛證券",22,38,-16
"7045","2841台開","110/08/19","國泰-忠孝",10,0,10
"7046","2841台開","110/08/19","國泰-敦南",3,19,-16
"7047","2841台開","110/08/19","元大-東泰",10,0,10
"7048","2841台開","110/08/19","中國信託-嘉義",0,15,-15
"7049","2841台開","110/08/19","元大-高雄",10,0,10
"7050","2841台開","110/08/19","永豐金-敦南",17,29,-12
"7051","6207雷科","110/08/19","元大-高雄",76,0,76
"7052","6207雷科","110/08/19","凱基-大安",0,50,-50
"7053","6207雷科","110/08/19","光和-和美",53,0,53
"7054","6207雷科","110/08/19","凱基-復興",2,30,-28
"7055","6207雷科","110/08/19","日盛-桃園",10,0,10
"7056","6207雷科","110/08/19","日盛-三重",0,23,-23
"7057","6207雷科","110/08/19","元大-六合",10,0,10
"7058","6207雷科","110/08/19","港商野村",8,30,-22
"7059","6207雷科","110/08/19","凱基-台北",21,13,8
"7060","6207雷科","110/08/19","新加坡商瑞銀",12,29,-17
"7061","6207雷科","110/08/19","永豐金-高雄",8,0,8
"7062","6207雷科","110/08/19","日茂-埔里",0,17,-17
"7063","6207雷科","110/08/19","凱基-高雄",7,0,7
"7064","6207雷科","110/08/19","摩根大通",7,21,-14
"7065","6207雷科","110/08/19","元大-沙鹿",6,0,6
"7066","6207雷科","110/08/19","群益金鼎-東門",0,12,-12
"7067","6207雷科","110/08/19","元大-東門",6,0,6
"7068","6207雷科","110/08/19","富邦-虎尾",0,10,-10
"7069","6207雷科","110/08/19","元富-吉利",5,0,5
"7070","6207雷科","110/08/19","凱基-高美館",5,14,-9
"7071","6207雷科","110/08/19","大昌-桃園",5,0,5
"7072","6207雷科","110/08/19","富邦-板橋",0,8,-8
"7073","6207雷科","110/08/19","玉山-大里",5,0,5
"7074","6207雷科","110/08/19","元富-潮州",0,7,-7
"7075","6207雷科","110/08/19","元大-大益",5,0,5
"7076","6207雷科","110/08/19","凱基-員林",0,7,-7
"7077","6207雷科","110/08/19","元大-福營",4,0,4
"7078","6207雷科","110/08/19","華南永昌-林口",0,7,-7
"7079","6207雷科","110/08/19","臺銀-臺中",3,0,3
"7080","6207雷科","110/08/19","日盛-八德",0,6,-6
"7081","3679新至陞","110/08/19","台灣摩根士丹利",7,0,7
"7082","3679新至陞","110/08/19","摩根大通",3,11,-8
"7083","3679新至陞","110/08/19","元大-板橋",6,0,6
"7084","3679新至陞","110/08/19","瑞士信貸",1,6,-5
"7085","3679新至陞","110/08/19","美林",10,5,5
"7086","3679新至陞","110/08/19","美商高盛",0,3,-3
"7087","3679新至陞","110/08/19","日盛-土城",2,0,2
"7088","3679新至陞","110/08/19","宏遠-館前",0,2,-2
"7089","3679新至陞","110/08/19","富邦-新店",2,0,2
"7090","3679新至陞","110/08/19","港商野村",0,2,-2
"7091","3679新至陞","110/08/19","土銀-新竹",1,0,1
"7092","3679新至陞","110/08/19","花旗環球",0,2,-2
"7093","3679新至陞","110/08/19","臺銀-高雄",1,0,1
"7094","3679新至陞","110/08/19","國泰-高雄",0,2,-2
"7095","3679新至陞","110/08/19","(牛牛牛)亞-網路",1,0,1
"7096","3679新至陞","110/08/19","元大證券",1,3,-2
"7097","3679新至陞","110/08/19","中國信託-永康",1,0,1
"7098","3679新至陞","110/08/19","元大-新店中正",0,2,-2
"7099","3679新至陞","110/08/19","光和-溪湖",1,0,1
"7100","3679新至陞","110/08/19","元大-成功",0,2,-2
"7101","3679新至陞","110/08/19","兆豐證券",1,0,1
"7102","3679新至陞","110/08/19","永豐金-板新",0,2,-2
"7103","3679新至陞","110/08/19","國票-台東",1,0,1
"7104","3679新至陞","110/08/19","土銀-和平",0,1,-1
"7105","3679新至陞","110/08/19","玉山-新莊",1,0,1
"7106","3679新至陞","110/08/19","新加坡商瑞銀",0,1,-1
"7107","3679新至陞","110/08/19","玉山-嘉義",1,0,1
"7108","3679新至陞","110/08/19","第一金-忠孝",0,1,-1
"7109","3679新至陞","110/08/19","群益金鼎-高盛",1,0,1
"7110","3679新至陞","110/08/19","凱基",0,1,-1
"7111","2727王品","110/08/19","日盛-忠孝",36,0,36
"7112","2727王品","110/08/19","宏遠證券",0,75,-75
"7113","2727王品","110/08/19","中國信託-高雄",12,0,12
"7114","2727王品","110/08/19","美林",0,49,-49
"7115","2727王品","110/08/19","國泰-敦南",17,6,11
"7116","2727王品","110/08/19","摩根大通",1,47,-46
"7117","2727王品","110/08/19","群益金鼎-新店",10,0,10
"7118","2727王品","110/08/19","永豐金證券",2,45,-43
"7119","2727王品","110/08/19","富邦-羅東",10,0,10
"7120","2727王品","110/08/19","美商高盛",2,39,-37
"7121","2727王品","110/08/19","富邦-仁愛",9,0,9
"7122","2727王品","110/08/19","凱基-台北",27,56,-29
"7123","2727王品","110/08/19","國泰-台中",14,6,8
"7124","2727王品","110/08/19","新光-台中",5,28,-23
"7125","2727王品","110/08/19","元大-北屯",10,2,8
"7126","2727王品","110/08/19","台灣摩根士丹利",1,21,-20
"7127","2727王品","110/08/19","元富-大昌",7,0,7
"7128","2727王品","110/08/19","凱基-東門",0,18,-18
"7129","2727王品","110/08/19","台新-台中",9,2,7
"7130","2727王品","110/08/19","統一",0,17,-17
"7131","2727王品","110/08/19","新光-新竹",7,0,7
"7132","2727王品","110/08/19","瑞士信貸",2,13,-11
"7133","2727王品","110/08/19","凱基-基隆",7,0,7
"7134","2727王品","110/08/19","新加坡商瑞銀",0,11,-11
"7135","2727王品","110/08/19","宏遠-高雄",6,0,6
"7136","2727王品","110/08/19","港商野村",18,28,-10
"7137","2727王品","110/08/19","台新證券",6,0,6
"7138","2727王品","110/08/19","富邦-新店",1,11,-10
"7139","2727王品","110/08/19","玉山證券",6,0,6
"7140","2727王品","110/08/19","元大-善化",0,10,-10
"7141","1570力肯","110/08/19","國票-北高雄",37,0,37
"7142","1570力肯","110/08/19","新光-台南",3,44,-41
"7143","1570力肯","110/08/19","康和-台南",30,0,30
"7144","1570力肯","110/08/19","元大-大統",0,20,-20
"7145","1570力肯","110/08/19","國票-內壢",25,0,25
"7146","1570力肯","110/08/19","元富-新店",0,18,-18
"7147","1570力肯","110/08/19","元富-虎尾",20,0,20
"7148","1570力肯","110/08/19","元大-民生",2,19,-17
"7149","1570力肯","110/08/19","國票-博愛",17,0,17
"7150","1570力肯","110/08/19","國泰-敦南",1,16,-15
"7151","1570力肯","110/08/19","日盛-高雄",15,0,15
"7152","1570力肯","110/08/19","富邦-敦南",0,15,-15
"7153","1570力肯","110/08/19","元大-南投",15,0,15
"7154","1570力肯","110/08/19","元大-大雅",10,25,-15
"7155","1570力肯","110/08/19","富邦-嘉義",15,1,14
"7156","1570力肯","110/08/19","日盛-板橋",2,16,-14
"7157","1570力肯","110/08/19","元大-北投",13,0,13
"7158","1570力肯","110/08/19","華南永昌-嘉義",0,12,-12
"7159","1570力肯","110/08/19","元富-緯城",12,0,12
"7160","1570力肯","110/08/19","凱基-台北",3,14,-11
"7161","1570力肯","110/08/19","土銀-新竹",11,0,11
"7162","1570力肯","110/08/19","元富-草屯",0,10,-10
"7163","1570力肯","110/08/19","日盛-嘉義",11,0,11
"7164","1570力肯","110/08/19","新光",7,17,-10
"7165","1570力肯","110/08/19","富邦-羅東",11,0,11
"7166","1570力肯","110/08/19","富邦-內湖",3,13,-10
"7167","1570力肯","110/08/19","富邦-仁愛",10,0,10
"7168","1570力肯","110/08/19","元大-福營",0,10,-10
"7169","1570力肯","110/08/19","元大-羅東",10,0,10
"7170","1570力肯","110/08/19","元大-松山",0,10,-10
"7171","6180橘子","110/08/19","美林",29,0,29
"7172","6180橘子","110/08/19","新光-台中",4,23,-19
"7173","6180橘子","110/08/19","美商高盛",24,0,24
"7174","6180橘子","110/08/19","元大-大甲",0,16,-16
"7175","6180橘子","110/08/19","富邦-竹東",21,0,21
"7176","6180橘子","110/08/19","元富-城東",1,13,-12
"7177","6180橘子","110/08/19","第一金-新竹",20,0,20
"7178","6180橘子","110/08/19","凱基-台北",2,13,-11
"7179","6180橘子","110/08/19","富邦-永和",11,0,11
"7180","6180橘子","110/08/19","凱基-竹科",1,12,-11
"7181","6180橘子","110/08/19","合庫-自強",10,0,10
"7182","6180橘子","110/08/19","元富-草屯",0,10,-10
"7183","6180橘子","110/08/19","富邦-新竹",12,2,10
"7184","6180橘子","110/08/19","新光",8,18,-10
"7185","6180橘子","110/08/19","元大-中壢",10,1,9
"7186","6180橘子","110/08/19","凱基-站前",0,10,-10
"7187","6180橘子","110/08/19","國泰-板橋",7,1,6
"7188","6180橘子","110/08/19","元大-文心興安",0,10,-10
"7189","6180橘子","110/08/19","富隆-長安",5,0,5
"7190","6180橘子","110/08/19","永豐金-新店",0,10,-10
"7191","6180橘子","110/08/19","大慶-苗栗",5,0,5
"7192","6180橘子","110/08/19","兆豐-新營",1,10,-9
"7193","6180橘子","110/08/19","台新-屏東",5,0,5
"7194","6180橘子","110/08/19","元大-北屯",1,10,-9
"7195","6180橘子","110/08/19","元大-向上",5,0,5
"7196","6180橘子","110/08/19","摩根大通",28,36,-8
"7197","6180橘子","110/08/19","永豐金-竹科",5,0,5
"7198","6180橘子","110/08/19","凱基-市政",0,7,-7
"7199","6180橘子","110/08/19","土銀-新竹",4,0,4
"7200","6180橘子","110/08/19","台灣摩根士丹利",11,17,-6
"7201","2390云辰","110/08/19","富邦-花蓮",100,0,100
"7202","2390云辰","110/08/19","摩根大通",96,805,-709
"7203","2390云辰","110/08/19","統一-新台中",86,0,86
"7204","2390云辰","110/08/19","美林",195,271,-76
"7205","2390云辰","110/08/19","凱基-台北",335,254,81
"7206","2390云辰","110/08/19","兆豐-桃園",15,90,-75
"7207","2390云辰","110/08/19","國票-博愛",132,54,78
"7208","2390云辰","110/08/19","大昌-新店",27,92,-65
"7209","2390云辰","110/08/19","凱基-台中",77,1,76
"7210","2390云辰","110/08/19","宏遠-桃園",1,63,-62
"7211","2390云辰","110/08/19","凱基-和平",60,2,58
"7212","2390云辰","110/08/19","華南永昌-公誠",53,110,-57
"7213","2390云辰","110/08/19","國票-安和",53,10,43
"7214","2390云辰","110/08/19","大慶-富順",11,67,-56
"7215","2390云辰","110/08/19","元大-四維",46,10,36
"7216","2390云辰","110/08/19","元大-歸仁",2,55,-53
"7217","2390云辰","110/08/19","中農",55,20,35
"7218","2390云辰","110/08/19","日茂",7,58,-51
"7219","2390云辰","110/08/19","第一金-安和",55,22,33
"7220","2390云辰","110/08/19","元大-大灣",10,60,-50
"7221","2390云辰","110/08/19","元大-雙和",42,12,30
"7222","2390云辰","110/08/19","凱基-三重",1,48,-47
"7223","2390云辰","110/08/19","國泰-館前",77,48,29
"7224","2390云辰","110/08/19","國票-台東",2,41,-39
"7225","2390云辰","110/08/19","元大-文心興安",42,13,29
"7226","2390云辰","110/08/19","豐農",7,41,-34
"7227","2390云辰","110/08/19","(牛牛牛)亞-鑫豐",59,31,28
"7228","2390云辰","110/08/19","凱基-中港",5,36,-31
"7229","2390云辰","110/08/19","國泰-高雄",44,18,26
"7230","2390云辰","110/08/19","永豐金-嘉義",3,32,-29
"7231","2609陽明","110/08/18","凱基-台北",15132,4630,10502
"7232","2609陽明","110/08/18","兆豐-復興",1580,3572,-1992
"7233","2609陽明","110/08/18","康和",4145,283,3862
"7234","2609陽明","110/08/18","日盛-板橋",943,2532,-1589
"7235","2609陽明","110/08/18","美林",6982,3580,3402
"7236","2609陽明","110/08/18","國泰-敦南",4957,6082,-1125
"7237","2609陽明","110/08/18","富邦證券",5335,3049,2286
"7238","2609陽明","110/08/18","新光",3470,4443,-973
"7239","2609陽明","110/08/18","兆豐-南京",2352,209,2143
"7240","2609陽明","110/08/18","玉山證券",1002,1913,-911
"7241","2609陽明","110/08/18","兆豐-虎尾",4490,2388,2102
"7242","2609陽明","110/08/18","台新證券",2873,3601,-728
"7243","2609陽明","110/08/18","永豐金-信義",1719,99,1620
"7244","2609陽明","110/08/18","國泰-館前",1002,1633,-631
"7245","2609陽明","110/08/18","摩根大通",9173,7611,1562
"7246","2609陽明","110/08/18","日盛-中壢",255,825,-570
"7247","2609陽明","110/08/18","台灣摩根士丹利",2544,1230,1314
"7248","2609陽明","110/08/18","兆豐-板橋",646,1122,-476
"7249","2609陽明","110/08/18","凱基-斗六",4335,3037,1298
"7250","2609陽明","110/08/18","第一金-嘉義",153,589,-436
"7251","2609陽明","110/08/18","統一",1895,653,1242
"7252","2609陽明","110/08/18","第一金-桃園",168,595,-427
"7253","2609陽明","110/08/18","元大證券",3293,2063,1230
"7254","2609陽明","110/08/18","(牛牛牛)亞-鑫豐",283,690,-407
"7255","2609陽明","110/08/18","富邦-仁愛",2205,1064,1141
"7256","2609陽明","110/08/18","國泰-板橋",1508,1913,-405
"7257","2609陽明","110/08/18","富邦-虎尾",10781,9680,1101
"7258","2609陽明","110/08/18","凱基-市政",9806,10201,-395
"7259","2609陽明","110/08/18","元大-頭份",1219,381,838
"7260","2609陽明","110/08/18","凱基-高美館",607,1000,-393
"7261","2636台驊投控","110/08/18","富邦證券",1190,0,1190
"7262","2636台驊投控","110/08/18","凱基",21,470,-449
"7263","2636台驊投控","110/08/18","摩根大通",1639,646,993
"7264","2636台驊投控","110/08/18","玉山-南京東路",3,355,-352
"7265","2636台驊投控","110/08/18","台灣摩根士丹利",825,36,789
"7266","2636台驊投控","110/08/18","統一-新台中",15,291,-276
"7267","2636台驊投控","110/08/18","凱基-台北",881,309,572
"7268","2636台驊投控","110/08/18","永豐金-新竹",38,292,-254
"7269","2636台驊投控","110/08/18","統一",503,143,360
"7270","2636台驊投控","110/08/18","國票-彰化",518,760,-242
"7271","2636台驊投控","110/08/18","富邦-員林",373,78,295
"7272","2636台驊投控","110/08/18","國泰-敦南",456,601,-145
"7273","2636台驊投控","110/08/18","新加坡商瑞銀",307,50,257
"7274","2636台驊投控","110/08/18","日盛-宜蘭",12,143,-131
"7275","2636台驊投控","110/08/18","美林",863,611,252
"7276","2636台驊投控","110/08/18","日盛-景美",26,156,-130
"7277","2636台驊投控","110/08/18","日盛-台中",273,57,216
"7278","2636台驊投控","110/08/18","日盛證券",180,298,-118
"7279","2636台驊投控","110/08/18","日盛-板橋",166,13,153
"7280","2636台驊投控","110/08/18","第一金-桃園",36,154,-118
"7281","2636台驊投控","110/08/18","兆豐-虎尾",169,20,149
"7282","2636台驊投控","110/08/18","新光",402,503,-101
"7283","2636台驊投控","110/08/18","華南永昌-竹北",221,84,137
"7284","2636台驊投控","110/08/18","凱基-市政",93,185,-92
"7285","2636台驊投控","110/08/18","大慶",123,6,117
"7286","2636台驊投控","110/08/18","台新證券",371,450,-79
"7287","2636台驊投控","110/08/18","美商高盛",432,323,109
"7288","2636台驊投控","110/08/18","凱基-天母",2,81,-79
"7289","2636台驊投控","110/08/18","統一-南京",102,33,69
"7290","2636台驊投控","110/08/18","華南永昌-南京",30,101,-71
"7291","2867三商壽","110/08/18","摩根大通",776,115,661
"7292","2867三商壽","110/08/18","華南永昌",2,804,-802
"7293","2867三商壽","110/08/18","美林",510,38,472
"7294","2867三商壽","110/08/18","富邦-陽明",0,253,-253
"7295","2867三商壽","110/08/18","元富-世貿",164,15,149
"7296","2867三商壽","110/08/18","宏遠證券",0,220,-220
"7297","2867三商壽","110/08/18","元大-桃園",110,1,109
"7298","2867三商壽","110/08/18","元大-崇德",0,178,-178
"7299","2867三商壽","110/08/18","新加坡商瑞銀",168,73,95
"7300","2867三商壽","110/08/18","元大證券",7,143,-136
"7301","2867三商壽","110/08/18","台新證券",97,2,95
"7302","2867三商壽","110/08/18","土銀-新竹",0,86,-86
"7303","2867三商壽","110/08/18","康和-台中",90,1,89
"7304","2867三商壽","110/08/18","統一-台中",0,82,-82
"7305","2867三商壽","110/08/18","富邦-三重",90,6,84
"7306","2867三商壽","110/08/18","富邦-嘉義",0,70,-70
"7307","2867三商壽","110/08/18","元富",70,0,70
"7308","2867三商壽","110/08/18","宏遠-台中",7,71,-64
"7309","2867三商壽","110/08/18","兆豐-寶成",70,1,69
"7310","2867三商壽","110/08/18","富邦-南屯",0,63,-63
"7311","2867三商壽","110/08/18","台新-台中",68,13,55
"7312","2867三商壽","110/08/18","元大-大甲",1,61,-60
"7313","2867三商壽","110/08/18","凱基",51,0,51
"7314","2867三商壽","110/08/18","美商高盛",32,87,-55
"7315","2867三商壽","110/08/18","元大-開元",51,0,51
"7316","2867三商壽","110/08/18","元富-大裕",0,50,-50
"7317","2867三商壽","110/08/18","日盛-頭份",50,0,50
"7318","2867三商壽","110/08/18","富邦-高雄",1,48,-47
"7319","2867三商壽","110/08/18","兆豐-台中",50,0,50
"7320","2867三商壽","110/08/18","元大-台北",0,40,-40
"7321","5521工信","110/08/18","台新證券",144,10,134
"7322","5521工信","110/08/18","台新-台中",0,200,-200
"7323","5521工信","110/08/18","群益金鼎-台中",43,0,43
"7324","5521工信","110/08/18","香港上海匯豐",0,143,-143
"7325","5521工信","110/08/18","富邦-嘉義",31,0,31
"7326","5521工信","110/08/18","日盛-雙和",0,100,-100
"7327","5521工信","110/08/18","華南永昌-林口",30,1,29
"7328","5521工信","110/08/18","元大-沙鹿",0,61,-61
"7329","5521工信","110/08/18","日進",25,0,25
"7330","5521工信","110/08/18","凱基-台北",57,116,-59
"7331","5521工信","110/08/18","國泰-敦南",26,3,23
"7332","5521工信","110/08/18","美林",3,61,-58
"7333","5521工信","110/08/18","群益金鼎-高雄",20,0,20
"7334","5521工信","110/08/18","永豐金-桃盛",0,50,-50
"7335","5521工信","110/08/18","元大-屏南",20,0,20
"7336","5521工信","110/08/18","摩根大通",106,150,-44
"7337","5521工信","110/08/18","元大-基隆孝二",20,0,20
"7338","5521工信","110/08/18","大慶-富順",0,42,-42
"7339","5521工信","110/08/18","永豐金-新店",20,0,20
"7340","5521工信","110/08/18","元大-鳳山",0,30,-30
"7341","5521工信","110/08/18","元大-龍潭",17,0,17
"7342","5521工信","110/08/18","凱基-三重",25,50,-25
"7343","5521工信","110/08/18","兆豐-北高雄",16,0,16
"7344","5521工信","110/08/18","光和-田中",2,24,-22
"7345","5521工信","110/08/18","元富-文心",15,0,15
"7346","5521工信","110/08/18","元大-和平",0,20,-20
"7347","5521工信","110/08/18","元大-前金",15,0,15
"7348","5521工信","110/08/18","華南永昌",0,15,-15
"7349","5521工信","110/08/18","元大-北投",15,0,15
"7350","5521工信","110/08/18","凱基-南崁",0,12,-12
"7351","1471首利","110/08/18","摩根大通",195,17,178
"7352","1471首利","110/08/18","元大-西門",16,81,-65
"7353","1471首利","110/08/18","永豐金-板盛",42,0,42
"7354","1471首利","110/08/18","高橋-龍潭",0,35,-35
"7355","1471首利","110/08/18","台新證券",35,13,22
"7356","1471首利","110/08/18","新光",14,41,-27
"7357","1471首利","110/08/18","台灣企銀-九如",20,0,20
"7358","1471首利","110/08/18","台新-高雄",2,25,-23
"7359","1471首利","110/08/18","凱基-五股",20,0,20
"7360","1471首利","110/08/18","元富-世貿",0,20,-20
"7361","1471首利","110/08/18","瑞士信貸",25,13,12
"7362","1471首利","110/08/18","台新-中壢",0,20,-20
"7363","1471首利","110/08/18","群益金鼎-三重",10,0,10
"7364","1471首利","110/08/18","玉山-高雄",1,21,-20
"7365","1471首利","110/08/18","凱基-台南",10,0,10
"7366","1471首利","110/08/18","富邦-基隆",13,30,-17
"7367","1471首利","110/08/18","華南永昌-鳳山",10,0,10
"7368","1471首利","110/08/18","凱基-彰化",0,14,-14
"7369","1471首利","110/08/18","富邦-嘉義",10,0,10
"7370","1471首利","110/08/18","元富-民權",0,12,-12
"7371","1471首利","110/08/18","元大-開元",10,0,10
"7372","1471首利","110/08/18","凱基-羅東",0,11,-11
"7373","1471首利","110/08/18","元大-內湖",10,0,10
"7374","1471首利","110/08/18","合庫證券",0,10,-10
"7375","1471首利","110/08/18","元大-東港",10,0,10
"7376","1471首利","110/08/18","日盛-斗六",0,10,-10
"7377","1471首利","110/08/18","永豐金-台南",10,0,10
"7378","1471首利","110/08/18","群益金鼎-潭子",0,10,-10
"7379","1471首利","110/08/18","凱基-台北",25,16,9
"7380","1471首利","110/08/18","元大-汐止",0,10,-10
"7381","2883開發金","110/08/18","合庫-台中",6579,11,6568
"7382","2883開發金","110/08/18","新加坡商瑞銀",902,7117,-6215
"7383","2883開發金","110/08/18","香港上海匯豐",4579,0,4579
"7384","2883開發金","110/08/18","台灣摩根士丹利",375,5303,-4928
"7385","2883開發金","110/08/18","富邦-台中",3720,12,3708
"7386","2883開發金","110/08/18","凱基",0,4582,-4582
"7387","2883開發金","110/08/18","中國信託-文心",3128,2,3126
"7388","2883開發金","110/08/18","台新證券",425,4594,-4169
"7389","2883開發金","110/08/18","元大-福營",1063,19,1044
"7390","2883開發金","110/08/18","國泰證券",11,3677,-3666
"7391","2883開發金","110/08/18","華南永昌-南京",1046,43,1003
"7392","2883開發金","110/08/18","富邦證券",47,3305,-3258
"7393","2883開發金","110/08/18","合庫證券",999,7,992
"7394","2883開發金","110/08/18","元大證券",1065,3675,-2610
"7395","2883開發金","110/08/18","瑞士信貸",1041,53,988
"7396","2883開發金","110/08/18","凱基-台北",1972,4074,-2102
"7397","2883開發金","110/08/18","摩根大通",2088,1332,756
"7398","2883開發金","110/08/18","國票-長城",711,2005,-1294
"7399","2883開發金","110/08/18","新光",2279,1577,702
"7400","2883開發金","110/08/18","日盛證券",88,1002,-914
"7401","2883開發金","110/08/18","元大-金華",559,0,559
"7402","2883開發金","110/08/18","群益金鼎-西松",38,786,-748
"7403","2883開發金","110/08/18","花旗環球",652,184,468
"7404","2883開發金","110/08/18","兆豐-高雄",12,668,-656
"7405","2883開發金","110/08/18","港商野村",1145,723,422
"7406","2883開發金","110/08/18","元富-四維",2,606,-604
"7407","2883開發金","110/08/18","國泰-敦南",609,244,365
"7408","2883開發金","110/08/18","宏遠-光隆",14,615,-601
"7409","2883開發金","110/08/18","元富",353,0,353
"7410","2883開發金","110/08/18","永豐金-苓雅",30,595,-565
"7411","6205詮欣","110/08/18","摩根大通",14,1,13
"7412","6205詮欣","110/08/18","合庫證券",0,15,-15
"7413","6205詮欣","110/08/18","凱基-汐止",10,0,10
"7414","6205詮欣","110/08/18","國票-南港",0,14,-14
"7415","6205詮欣","110/08/18","臺銀-臺中",9,0,9
"7416","6205詮欣","110/08/18","元大-大天母",0,8,-8
"7417","6205詮欣","110/08/18","德信-新營",7,0,7
"7418","6205詮欣","110/08/18","富邦-仁愛",0,6,-6
"7419","6205詮欣","110/08/18","元富-安南",6,0,6
"7420","6205詮欣","110/08/18","兆豐-竹北",0,5,-5
"7421","6205詮欣","110/08/18","凱基-台北",5,0,5
"7422","6205詮欣","110/08/18","兆豐-台中",0,4,-4
"7423","6205詮欣","110/08/18","美林",4,0,4
"7424","6205詮欣","110/08/18","元大-土城學府",0,3,-3
"7425","6205詮欣","110/08/18","華南永昌-古亭",6,2,4
"7426","6205詮欣","110/08/18","永豐金-台南",0,3,-3
"7427","6205詮欣","110/08/18","永豐金證券",4,0,4
"7428","6205詮欣","110/08/18","日盛-板橋中山",0,2,-2
"7429","6205詮欣","110/08/18","玉山證券",3,0,3
"7430","6205詮欣","110/08/18","亞東-高雄",0,2,-2
"7431","6205詮欣","110/08/18","永豐金-中正",3,0,3
"7432","6205詮欣","110/08/18","大昌-安康",0,2,-2
"7433","6205詮欣","110/08/18","大慶-台南",2,0,2
"7434","6205詮欣","110/08/18","大昌-新店",0,2,-2
"7435","6205詮欣","110/08/18","元富-草屯",2,0,2
"7436","6205詮欣","110/08/18","玉山-高雄",0,2,-2
"7437","6205詮欣","110/08/18","元大-豐原",2,0,2
"7438","6205詮欣","110/08/18","日盛-板橋",0,1,-1
"7439","6205詮欣","110/08/18","日盛-三重",1,0,1
"7440","6205詮欣","110/08/18","宏遠-民生",0,1,-1
"7441","1540喬福","110/08/18","凱基-台北",26,5,21
"7442","1540喬福","110/08/18","兆豐-小港",0,45,-45
"7443","1540喬福","110/08/18","元大-土城永寧",15,0,15
"7444","1540喬福","110/08/18","群益金鼎-館前",1,40,-39
"7445","1540喬福","110/08/18","凱基-中壢",12,0,12
"7446","1540喬福","110/08/18","新光-台南",0,10,-10
"7447","1540喬福","110/08/18","日盛-二林",10,0,10
"7448","1540喬福","110/08/18","元大-北屯",0,6,-6
"7449","1540喬福","110/08/18","日盛-鳳山",6,0,6
"7450","1540喬福","110/08/18","新光-桃園",0,5,-5
"7451","1540喬福","110/08/18","兆豐-北高雄",6,0,6
"7452","1540喬福","110/08/18","元富",0,4,-4
"7453","1540喬福","110/08/18","元大-龍潭",6,0,6
"7454","1540喬福","110/08/18","元大-館前",0,4,-4
"7455","1540喬福","110/08/18","日盛-樹林",5,0,5
"7456","1540喬福","110/08/18","國票-台東",0,3,-3
"7457","1540喬福","110/08/18","瑞士信貸",3,0,3
"7458","1540喬福","110/08/18","富邦-台南",0,3,-3
"7459","1540喬福","110/08/18","兆豐-三民",3,0,3
"7460","1540喬福","110/08/18","第一金-大稻埕",0,2,-2
"7461","1540喬福","110/08/18","國票-彰化",3,0,3
"7462","1540喬福","110/08/18","致和-南京",0,2,-2
"7463","1540喬福","110/08/18","富邦-員林",3,0,3
"7464","1540喬福","110/08/18","玉山-城中",0,2,-2
"7465","1540喬福","110/08/18","永豐金-敦南",3,0,3
"7466","1540喬福","110/08/18","元大-南崁",0,2,-2
"7467","1540喬福","110/08/18","日盛-板橋",2,0,2
"7468","1540喬福","110/08/18","元大-府城",1,3,-2
"7469","1540喬福","110/08/18","兆豐-台中港",2,0,2
"7470","1540喬福","110/08/18","元大-松山",0,2,-2
"7471","2888新光金","110/08/18","兆豐-公益",6495,300,6195
"7472","2888新光金","110/08/18","美商高盛",222,4409,-4187
"7473","2888新光金","110/08/18","元大-忠孝鼎富",4187,0,4187
"7474","2888新光金","110/08/18","元富-城東",12,2101,-2089
"7475","2888新光金","110/08/18","瑞士信貸",2917,33,2884
"7476","2888新光金","110/08/18","華南永昌",26,1674,-1648
"7477","2888新光金","110/08/18","華南永昌-大安",1071,5,1066
"7478","2888新光金","110/08/18","華南永昌-忠孝",0,1211,-1211
"7479","2888新光金","110/08/18","宏遠-光隆",1044,6,1038
"7480","2888新光金","110/08/18","群益金鼎-彰化",14,1211,-1197
"7481","2888新光金","110/08/18","元富",805,90,715
"7482","2888新光金","110/08/18","元大-大同",5,711,-706
"7483","2888新光金","110/08/18","凱基-台北",2712,2138,574
"7484","2888新光金","110/08/18","凱基-桃園",93,755,-662
"7485","2888新光金","110/08/18","台灣摩根士丹利",742,305,437
"7486","2888新光金","110/08/18","新光-台南",2,610,-608
"7487","2888新光金","110/08/18","富邦證券",385,20,365
"7488","2888新光金","110/08/18","第一金-新竹",100,706,-606
"7489","2888新光金","110/08/18","摩根大通",2204,1868,336
"7490","2888新光金","110/08/18","福勝",2,600,-598
"7491","2888新光金","110/08/18","永興-台中",303,29,274
"7492","2888新光金","110/08/18","華南永昌-岡山",12,457,-445
"7493","2888新光金","110/08/18","元大-六合",302,28,274
"7494","2888新光金","110/08/18","花旗環球",38,466,-428
"7495","2888新光金","110/08/18","華南永昌-敦南",262,10,252
"7496","2888新光金","110/08/18","元富-民權",0,300,-300
"7497","2888新光金","110/08/18","新加坡商瑞銀",287,70,217
"7498","2888新光金","110/08/18","華南永昌-合泰",4,303,-299
"7499","2888新光金","110/08/18","統一-板橋",170,5,165
"7500","2888新光金","110/08/18","元富-中港",3,300,-297
"7501","1340勝悅","110/08/18","摩根大通",139,18,121
"7502","1340勝悅","110/08/18","聯邦-三重",0,100,-100
"7503","1340勝悅","110/08/18","華南永昌-敦南",8,0,8
"7504","1340勝悅","110/08/18","華南永昌",1,20,-19
"7505","1340勝悅","110/08/18","永豐金-板盛",7,0,7
"7506","1340勝悅","110/08/18","合庫證券",0,10,-10
"7507","1340勝悅","110/08/18","美商高盛",6,0,6
"7508","1340勝悅","110/08/18","新光-新竹",0,10,-10
"7509","1340勝悅","110/08/18","臺灣企銀-埔墘",5,0,5
"7510","1340勝悅","110/08/18","富邦-嘉義",0,8,-8
"7511","1340勝悅","110/08/18","國泰-台中",5,0,5
"7512","1340勝悅","110/08/18","元大-新竹經國",0,7,-7
"7513","1340勝悅","110/08/18","凱基-松山",5,0,5
"7514","1340勝悅","110/08/18","臺銀-鳳山",5,10,-5
"7515","1340勝悅","110/08/18","新光",4,0,4
"7516","1340勝悅","110/08/18","瑞士信貸",0,5,-5
"7517","1340勝悅","110/08/18","中國信託-文心",3,0,3
"7518","1340勝悅","110/08/18","統一-城中",9,13,-4
"7519","1340勝悅","110/08/18","康和-延平",3,0,3
"7520","1340勝悅","110/08/18","元大-歸仁",0,4,-4
"7521","1340勝悅","110/08/18","新光-桃園",3,0,3
"7522","1340勝悅","110/08/18","元大-桃興",1,5,-4
"7523","1340勝悅","110/08/18","凱基-基隆",3,0,3
"7524","1340勝悅","110/08/18","(牛牛牛)亞-鑫豐",1,4,-3
"7525","1340勝悅","110/08/18","合庫-鳳山",2,0,2
"7526","1340勝悅","110/08/18","台新證券",0,3,-3
"7527","1340勝悅","110/08/18","元富-板橋",2,0,2
"7528","1340勝悅","110/08/18","合庫-高雄",0,2,-2
"7529","1340勝悅","110/08/18","大昌-安康",2,0,2
"7530","1340勝悅","110/08/18","日盛-文化",0,2,-2
"7531","6246臺龍","110/08/18","港商野村",62,7,55
"7532","6246臺龍","110/08/18","元富-高雄",0,20,-20
"7533","6246臺龍","110/08/18","台新-三民",20,0,20
"7534","6246臺龍","110/08/18","新光",1,16,-15
"7535","6246臺龍","110/08/18","台新證券",19,0,19
"7536","6246臺龍","110/08/18","日盛-板橋",0,10,-10
"7537","6246臺龍","110/08/18","元富-林園",10,0,10
"7538","6246臺龍","110/08/18","致和-台北",0,10,-10
"7539","6246臺龍","110/08/18","光和-和美",10,0,10
"7540","6246臺龍","110/08/18","凱基-永和",0,10,-10
"7541","6246臺龍","110/08/18","凱基-屏東",10,0,10
"7542","6246臺龍","110/08/18","華南永昌-公誠",0,10,-10
"7543","6246臺龍","110/08/18","元大-永康",10,0,10
"7544","6246臺龍","110/08/18","凱基-台北",1,10,-9
"7545","6246臺龍","110/08/18","元大-竹科",5,0,5
"7546","6246臺龍","110/08/18","元大-北港",0,9,-9
"7547","6246臺龍","110/08/18","元大-北成功",4,0,4
"7548","6246臺龍","110/08/18","日盛-和美",0,6,-6
"7549","6246臺龍","110/08/18","大慶-苗栗",3,0,3
"7550","6246臺龍","110/08/18","群益金鼎-北高雄",0,6,-6
"7551","6246臺龍","110/08/18","統一-彰化",3,0,3
"7552","6246臺龍","110/08/18","日進",0,5,-5
"7553","6246臺龍","110/08/18","日茂-南投",3,0,3
"7554","6246臺龍","110/08/18","凱基-松山",0,5,-5
"7555","6246臺龍","110/08/18","兆豐-新營",3,0,3
"7556","6246臺龍","110/08/18","凱基-三多",2,7,-5
"7557","6246臺龍","110/08/18","元大-南投",3,0,3
"7558","6246臺龍","110/08/18","元富-烏日",0,4,-4
"7559","6246臺龍","110/08/18","元富-大裕",2,0,2
"7560","6246臺龍","110/08/18","兆豐-景美",0,4,-4
"7561","00715L期街口布蘭特正2","110/08/18","兆豐-鹿港",751,0,751
"7562","00715L期街口布蘭特正2","110/08/18","元大證券",368,4666,-4298
"7563","00715L期街口布蘭特正2","110/08/18","合庫-新竹",597,1,596
"7564","00715L期街口布蘭特正2","110/08/18","凱基-台北",310,4173,-3863
"7565","00715L期街口布蘭特正2","110/08/18","(牛牛牛)亞-鑫豐",606,24,582
"7566","00715L期街口布蘭特正2","110/08/18","統一",5,1703,-1698
"7567","00715L期街口布蘭特正2","110/08/18","元富-古亭",499,0,499
"7568","00715L期街口布蘭特正2","110/08/18","元大-台中",8,1176,-1168
"7569","00715L期街口布蘭特正2","110/08/18","統一-新竹",411,0,411
"7570","00715L期街口布蘭特正2","110/08/18","兆豐-來福",0,590,-590
"7571","00715L期街口布蘭特正2","110/08/18","永豐金-北高雄",331,0,331
"7572","00715L期街口布蘭特正2","110/08/18","元富",5,588,-583
"7573","00715L期街口布蘭特正2","110/08/18","中國信託-新竹",327,0,327
"7574","00715L期街口布蘭特正2","110/08/18","康和",686,1184,-498
"7575","00715L期街口布蘭特正2","110/08/18","新光",396,124,272
"7576","00715L期街口布蘭特正2","110/08/18","新光-台中",143,525,-382
"7577","00715L期街口布蘭特正2","110/08/18","元大-沙鹿",216,0,216
"7578","00715L期街口布蘭特正2","110/08/18","元大-雙和",25,380,-355
"7579","00715L期街口布蘭特正2","110/08/18","國泰-敦南",244,30,214
"7580","00715L期街口布蘭特正2","110/08/18","玉山-新竹",8,324,-316
"7581","00715L期街口布蘭特正2","110/08/18","元大-花蓮",229,20,209
"7582","00715L期街口布蘭特正2","110/08/18","玉山-台南",19,285,-266
"7583","00715L期街口布蘭特正2","110/08/18","兆豐-台中",226,36,190
"7584","00715L期街口布蘭特正2","110/08/18","永豐金證券",4,240,-236
"7585","00715L期街口布蘭特正2","110/08/18","元大-復北",200,10,190
"7586","00715L期街口布蘭特正2","110/08/18","永豐金-台南",13,230,-217
"7587","00715L期街口布蘭特正2","110/08/18","台新-新營",221,32,189
"7588","00715L期街口布蘭特正2","110/08/18","中國信託-永康",15,210,-195
"7589","00715L期街口布蘭特正2","110/08/18","新光-新竹",204,17,187
"7590","00715L期街口布蘭特正2","110/08/18","凱基-大里",2,189,-187
"7591","8941關中","110/08/18","元大-華山",1,0,1
"7592","8941關中","110/08/18","群益金鼎-開元",0,2,-2
"7593","8941關中","110/08/18","元大-南京",1,0,1
"7594","8941關中","110/08/18","元大-桃興",0,1,-1
"7595","8941關中","110/08/18","元大-西門",1,0,1
"7596","8941關中","110/08/18","華南永昌-淡水",0,0,0
"7597","8941關中","110/08/18","華南永昌-淡水",0,0,0
"7598","8941關中","110/08/18","富邦-台北",0,0,0
"7599","8941關中","110/08/18","富邦-台北",0,0,0
"7600","8941關中","110/08/18","元大-金華",1,1,0
"7601","8941關中","110/08/18","元大-金華",1,1,0
"7602","8941關中","110/08/18","永豐金-敦北",0,0,0
"7603","8941關中","110/08/18","永豐金-敦北",0,0,0
"7604","8941關中","110/08/18","",NA,NA,NA
"7605","8941關中","110/08/18","",NA,NA,NA
"7606","8941關中","110/08/18","",NA,NA,NA
"7607","8941關中","110/08/18","",NA,NA,NA
"7608","8941關中","110/08/18","",NA,NA,NA
"7609","8941關中","110/08/18","",NA,NA,NA
"7610","8941關中","110/08/18","",NA,NA,NA
"7611","8941關中","110/08/18","",NA,NA,NA
"7612","8941關中","110/08/18","",NA,NA,NA
"7613","8941關中","110/08/18","",NA,NA,NA
"7614","8941關中","110/08/18","",NA,NA,NA
"7615","8941關中","110/08/18","",NA,NA,NA
"7616","8941關中","110/08/18","",NA,NA,NA
"7617","8941關中","110/08/18","",NA,NA,NA
"7618","8941關中","110/08/18","",NA,NA,NA
"7619","8941關中","110/08/18","",NA,NA,NA
"7620","8941關中","110/08/18","",NA,NA,NA
"7621","8936國統","110/08/18","凱基-台北",120,29,91
"7622","8936國統","110/08/18","新光-高雄",0,70,-70
"7623","8936國統","110/08/18","美林",66,1,65
"7624","8936國統","110/08/18","華南永昌-林口",1,70,-69
"7625","8936國統","110/08/18","元大-萬華",50,0,50
"7626","8936國統","110/08/18","台新-高雄",36,97,-61
"7627","8936國統","110/08/18","摩根大通",95,54,41
"7628","8936國統","110/08/18","永豐金-忠孝",12,44,-32
"7629","8936國統","110/08/18","港商野村",92,58,34
"7630","8936國統","110/08/18","台灣摩根士丹利",26,53,-27
"7631","8936國統","110/08/18","中國信託-高雄",12,0,12
"7632","8936國統","110/08/18","台新-中壢",0,25,-25
"7633","8936國統","110/08/18","玉山-台南",12,0,12
"7634","8936國統","110/08/18","元大-高雄",5,30,-25
"7635","8936國統","110/08/18","國泰-敦南",18,6,12
"7636","8936國統","110/08/18","玉山-嘉義",5,25,-20
"7637","8936國統","110/08/18","元大-成功",11,0,11
"7638","8936國統","110/08/18","新加坡商瑞銀",120,137,-17
"7639","8936國統","110/08/18","臺銀-新竹",10,0,10
"7640","8936國統","110/08/18","美商高盛",7,23,-16
"7641","8936國統","110/08/18","大慶-楊梅",10,0,10
"7642","8936國統","110/08/18","國泰-板橋",0,13,-13
"7643","8936國統","110/08/18","兆豐-三重",10,0,10
"7644","8936國統","110/08/18","群益金鼎-潭子",0,12,-12
"7645","8936國統","110/08/18","兆豐-北高雄",10,0,10
"7646","8936國統","110/08/18","群益金鼎-鳳山",0,12,-12
"7647","8936國統","110/08/18","元大-大里德芳",10,0,10
"7648","8936國統","110/08/18","合庫-高雄",0,10,-10
"7649","8936國統","110/08/18","永豐金-新莊",10,0,10
"7650","8936國統","110/08/18","第一金-新興",0,10,-10
"7651","6226光鼎","110/08/18","凱基-台北",625,134,491
"7652","6226光鼎","110/08/18","國泰-台中",21,655,-634
"7653","6226光鼎","110/08/18","元大-文心興安",224,4,220
"7654","6226光鼎","110/08/18","群益金鼎-士林",0,100,-100
"7655","6226光鼎","110/08/18","美商高盛",231,46,185
"7656","6226光鼎","110/08/18","元大-竹科",24,122,-98
"7657","6226光鼎","110/08/18","美林",213,118,95
"7658","6226光鼎","110/08/18","新光-桃園",22,96,-74
"7659","6226光鼎","110/08/18","新加坡商瑞銀",165,83,82
"7660","6226光鼎","110/08/18","永豐金-南投",15,83,-68
"7661","6226光鼎","110/08/18","凱基-竹科",67,4,63
"7662","6226光鼎","110/08/18","富邦-建國",21,80,-59
"7663","6226光鼎","110/08/18","元大證券",92,29,63
"7664","6226光鼎","110/08/18","元富-信義",2,58,-56
"7665","6226光鼎","110/08/18","元大-敦化",63,11,52
"7666","6226光鼎","110/08/18","凱基-新豐",15,69,-54
"7667","6226光鼎","110/08/18","兆豐-鹿港",54,4,50
"7668","6226光鼎","110/08/18","群益金鼎-台中",2,54,-52
"7669","6226光鼎","110/08/18","群益金鼎-萬華",54,9,45
"7670","6226光鼎","110/08/18","宏遠-光隆",0,50,-50
"7671","6226光鼎","110/08/18","大昌",48,12,36
"7672","6226光鼎","110/08/18","元大-福營",5,53,-48
"7673","6226光鼎","110/08/18","凱基-站前",35,1,34
"7674","6226光鼎","110/08/18","永豐金-竹北",2,43,-41
"7675","6226光鼎","110/08/18","日盛-和美",47,16,31
"7676","6226光鼎","110/08/18","兆豐-民生",0,40,-40
"7677","6226光鼎","110/08/18","群益金鼎-永和",30,0,30
"7678","6226光鼎","110/08/18","玉山證券",10,50,-40
"7679","6226光鼎","110/08/18","凱基-中港",30,0,30
"7680","6226光鼎","110/08/18","凱基-民權",11,51,-40
"7681","2363矽統","110/08/18","凱基-南崁",1528,19,1509
"7682","2363矽統","110/08/18","台灣摩根士丹利",64,1051,-987
"7683","2363矽統","110/08/18","凱基-台北",1850,671,1179
"7684","2363矽統","110/08/18","美商高盛",386,711,-325
"7685","2363矽統","110/08/18","摩根大通",1073,563,510
"7686","2363矽統","110/08/18","台新-三民",47,361,-314
"7687","2363矽統","110/08/18","富邦-板橋",403,71,332
"7688","2363矽統","110/08/18","新加坡商瑞銀",699,987,-288
"7689","2363矽統","110/08/18","玉山-高雄",391,228,163
"7690","2363矽統","110/08/18","富邦-台北",82,251,-169
"7691","2363矽統","110/08/18","群益金鼎",154,21,133
"7692","2363矽統","110/08/18","富邦-新店",28,140,-112
"7693","2363矽統","110/08/18","永豐金證券",155,31,124
"7694","2363矽統","110/08/18","中國信託-忠孝",89,200,-111
"7695","2363矽統","110/08/18","日盛-樹林",159,39,120
"7696","2363矽統","110/08/18","玉山-台中",14,122,-108
"7697","2363矽統","110/08/18","石橋證券",112,1,111
"7698","2363矽統","110/08/18","元大-汐止",112,215,-103
"7699","2363矽統","110/08/18","合庫-高雄",123,15,108
"7700","2363矽統","110/08/18","永豐金-板盛",2,105,-103
"7701","2363矽統","110/08/18","凱基-汐止",103,1,102
"7702","2363矽統","110/08/18","群益金鼎-南京",59,160,-101
"7703","2363矽統","110/08/18","永興",94,4,90
"7704","2363矽統","110/08/18","永豐金-天母",14,112,-98
"7705","2363矽統","110/08/18","元大-前金",207,139,68
"7706","2363矽統","110/08/18","凱基-竹科",22,110,-88
"7707","2363矽統","110/08/18","新光-桃園",84,17,67
"7708","2363矽統","110/08/18","華南永昌-台中",35,122,-87
"7709","2363矽統","110/08/18","富邦-台南",95,30,65
"7710","2363矽統","110/08/18","國泰-敦南",437,521,-84
"7711","8112至上","110/08/18","港商野村",371,52,319
"7712","8112至上","110/08/18","新加坡商瑞銀",70,220,-150
"7713","8112至上","110/08/18","凱基-台北",202,29,173
"7714","8112至上","110/08/18","元大證券",3,102,-99
"7715","8112至上","110/08/18","美林",135,39,96
"7716","8112至上","110/08/18","凱基-新店",0,91,-91
"7717","8112至上","110/08/18","凱基-市政",81,0,81
"7718","8112至上","110/08/18","台灣摩根士丹利",0,87,-87
"7719","8112至上","110/08/18","摩根大通",287,209,78
"7720","8112至上","110/08/18","元大-佳里",3,82,-79
"7721","8112至上","110/08/18","美商高盛",97,25,72
"7722","8112至上","110/08/18","合庫-台中",5,67,-62
"7723","8112至上","110/08/18","台新證券",71,13,58
"7724","8112至上","110/08/18","宏遠證券",0,59,-59
"7725","8112至上","110/08/18","大慶",60,10,50
"7726","8112至上","110/08/18","凱基-文心",0,53,-53
"7727","8112至上","110/08/18","凱基-站前",52,13,39
"7728","8112至上","110/08/18","元大-樹林",8,60,-52
"7729","8112至上","110/08/18","元大-大灣",38,0,38
"7730","8112至上","110/08/18","元大-永春",2,43,-41
"7731","8112至上","110/08/18","永豐金-中盛",31,3,28
"7732","8112至上","110/08/18","富邦-新營",2,40,-38
"7733","8112至上","110/08/18","國票-北高雄",25,0,25
"7734","8112至上","110/08/18","永豐金-員林",1,38,-37
"7735","8112至上","110/08/18","富邦-竹東",21,0,21
"7736","8112至上","110/08/18","玉山-高雄",23,55,-32
"7737","8112至上","110/08/18","彰銀-七賢",20,0,20
"7738","8112至上","110/08/18","大昌-桃園",1,30,-29
"7739","8112至上","110/08/18","元富-新莊",20,0,20
"7740","8112至上","110/08/18","新光-台南",1,30,-29
"7741","1570力肯","110/08/18","凱基-台北",129,5,124
"7742","1570力肯","110/08/18","華南永昌-桃園",0,102,-102
"7743","1570力肯","110/08/18","香港上海匯豐",36,0,36
"7744","1570力肯","110/08/18","中國信託-高雄",0,49,-49
"7745","1570力肯","110/08/18","統一",30,0,30
"7746","1570力肯","110/08/18","元富-世貿",0,20,-20
"7747","1570力肯","110/08/18","群益金鼎-北高雄",27,0,27
"7748","1570力肯","110/08/18","國泰證券",0,20,-20
"7749","1570力肯","110/08/18","國票-北高雄",21,3,18
"7750","1570力肯","110/08/18","元大-屏南",0,15,-15
"7751","1570力肯","110/08/18","元大-南投",20,4,16
"7752","1570力肯","110/08/18","元大-和平",5,20,-15
"7753","1570力肯","110/08/18","新光-台南",15,0,15
"7754","1570力肯","110/08/18","元大-基隆",0,12,-12
"7755","1570力肯","110/08/18","富邦-高雄",15,0,15
"7756","1570力肯","110/08/18","玉山-台中",0,10,-10
"7757","1570力肯","110/08/18","華南永昌-嘉義",12,0,12
"7758","1570力肯","110/08/18","元大-苗栗",0,10,-10
"7759","1570力肯","110/08/18","富邦-花蓮",10,0,10
"7760","1570力肯","110/08/18","元大-草屯",0,10,-10
"7761","1570力肯","110/08/18","元富-新店",10,2,8
"7762","1570力肯","110/08/18","富邦-彰化",0,8,-8
"7763","1570力肯","110/08/18","富邦-台東",12,4,8
"7764","1570力肯","110/08/18","日盛-嘉義",0,7,-7
"7765","1570力肯","110/08/18","日盛-高雄",7,0,7
"7766","1570力肯","110/08/18","永豐金-桃園",3,10,-7
"7767","1570力肯","110/08/18","元大-羅東",7,0,7
"7768","1570力肯","110/08/18","大昌-安康",0,6,-6
"7769","1570力肯","110/08/18","大慶-蘆洲",9,3,6
"7770","1570力肯","110/08/18","國票-和平",0,6,-6
"7771","2929淘帝","110/08/18","摩根大通",42,2,40
"7772","2929淘帝","110/08/18","日盛-嘉義",0,30,-30
"7773","2929淘帝","110/08/18","元富-板橋",23,0,23
"7774","2929淘帝","110/08/18","兆豐-復興",0,16,-16
"7775","2929淘帝","110/08/18","元大-太平",19,0,19
"7776","2929淘帝","110/08/18","兆豐-桃鶯",0,13,-13
"7777","2929淘帝","110/08/18","永豐金-中盛",10,0,10
"7778","2929淘帝","110/08/18","中國信託",4,14,-10
"7779","2929淘帝","110/08/18","新光",18,9,9
"7780","2929淘帝","110/08/18","宏遠-高雄",0,6,-6
"7781","2929淘帝","110/08/18","永豐金證券",8,0,8
"7782","2929淘帝","110/08/18","元大-東泰",0,5,-5
"7783","2929淘帝","110/08/18","元富-新竹",5,0,5
"7784","2929淘帝","110/08/18","港商野村",5,9,-4
"7785","2929淘帝","110/08/18","富邦-新店",5,0,5
"7786","2929淘帝","110/08/18","(牛牛牛)亞-鑫豐",0,4,-4
"7787","2929淘帝","110/08/18","凱基-豐中",4,0,4
"7788","2929淘帝","110/08/18","群益金鼎-潭子",0,4,-4
"7789","2929淘帝","110/08/18","永豐金-竹北",4,0,4
"7790","2929淘帝","110/08/18","亞東",0,3,-3
"7791","2929淘帝","110/08/18","亞東-板橋",4,1,3
"7792","2929淘帝","110/08/18","台新-高雄",0,3,-3
"7793","2929淘帝","110/08/18","中國信託-中壢",3,0,3
"7794","2929淘帝","110/08/18","國泰-板橋",0,3,-3
"7795","2929淘帝","110/08/18","凱基-中山",7,4,3
"7796","2929淘帝","110/08/18","元大-土城學府",0,3,-3
"7797","2929淘帝","110/08/18","富邦-陽明",5,2,3
"7798","2929淘帝","110/08/18","元大-楊梅",0,3,-3
"7799","2929淘帝","110/08/18","臺銀-鳳山",2,0,2
"7800","2929淘帝","110/08/18","日盛-高雄",0,2,-2
"7801","5410國眾","110/08/18","元大-中壢",31,0,31
"7802","5410國眾","110/08/18","凱基-台北",3,57,-54
"7803","5410國眾","110/08/18","康和-台北",10,0,10
"7804","5410國眾","110/08/18","台灣企銀-北高雄",0,20,-20
"7805","5410國眾","110/08/18","土銀-嘉義",9,0,9
"7806","5410國眾","110/08/18","摩根大通",5,22,-17
"7807","5410國眾","110/08/18","凱基-中山",8,0,8
"7808","5410國眾","110/08/18","臺銀-臺南",1,16,-15
"7809","5410國眾","110/08/18","凱基-彰化",7,0,7
"7810","5410國眾","110/08/18","大昌-樹林",5,20,-15
"7811","5410國眾","110/08/18","永豐金-員林",8,1,7
"7812","5410國眾","110/08/18","宏遠-民生",0,10,-10
"7813","5410國眾","110/08/18","玉山-城中",6,0,6
"7814","5410國眾","110/08/18","兆豐-高雄",0,10,-10
"7815","5410國眾","110/08/18","富邦-員林",6,0,6
"7816","5410國眾","110/08/18","富邦-仁愛",1,10,-9
"7817","5410國眾","110/08/18","元大-崇德",6,0,6
"7818","5410國眾","110/08/18","元大-土城學府",2,11,-9
"7819","5410國眾","110/08/18","永豐金-敦南",6,0,6
"7820","5410國眾","110/08/18","元大-豐原",0,7,-7
"7821","5410國眾","110/08/18","國泰-敦南",5,0,5
"7822","5410國眾","110/08/18","台新-高雄",0,6,-6
"7823","5410國眾","110/08/18","凱基-科園",5,0,5
"7824","5410國眾","110/08/18","元大-大里",0,6,-6
"7825","5410國眾","110/08/18","元大-博愛",5,0,5
"7826","5410國眾","110/08/18","永豐金-復興",0,6,-6
"7827","5410國眾","110/08/18","元大-新盛",5,0,5
"7828","5410國眾","110/08/18","元大-大天母",0,5,-5
"7829","5410國眾","110/08/18","國泰-松江",4,0,4
"7830","5410國眾","110/08/18","永豐金-板新",0,5,-5
"7831","2841台開","110/08/18","宏遠-館前",479,0,479
"7832","2841台開","110/08/18","兆豐-鹿港",0,200,-200
"7833","2841台開","110/08/18","第一金",46,0,46
"7834","2841台開","110/08/18","兆豐-台南",0,120,-120
"7835","2841台開","110/08/18","凱基-竹科",25,0,25
"7836","2841台開","110/08/18","摩根大通",0,100,-100
"7837","2841台開","110/08/18","合庫證券",24,0,24
"7838","2841台開","110/08/18","日盛-信義",0,69,-69
"7839","2841台開","110/08/18","第一金-台中",20,0,20
"7840","2841台開","110/08/18","玉山-高雄",0,51,-51
"7841","2841台開","110/08/18","富邦-板橋",24,5,19
"7842","2841台開","110/08/18","台新證券",5,40,-35
"7843","2841台開","110/08/18","永豐金-中盛",16,0,16
"7844","2841台開","110/08/18","華南永昌-鳳山",0,30,-30
"7845","2841台開","110/08/18","統一-新台中",15,0,15
"7846","2841台開","110/08/18","中國信託-嘉義",0,24,-24
"7847","2841台開","110/08/18","統一-士林",20,5,15
"7848","2841台開","110/08/18","元大-竹山",0,21,-21
"7849","2841台開","110/08/18","華南永昌-台中",14,0,14
"7850","2841台開","110/08/18","凱基-高美館",0,20,-20
"7851","2841台開","110/08/18","元大-彰化",20,7,13
"7852","2841台開","110/08/18","華南永昌-高雄",5,25,-20
"7853","2841台開","110/08/18","元大-六合",13,0,13
"7854","2841台開","110/08/18","元大-嘉義",0,20,-20
"7855","2841台開","110/08/18","兆豐-台中",10,0,10
"7856","2841台開","110/08/18","兆豐-天母",0,10,-10
"7857","2841台開","110/08/18","玉山-桃園",10,0,10
"7858","2841台開","110/08/18","群益金鼎-敦南",0,10,-10
"7859","2841台開","110/08/18","元大-台南",10,0,10
"7860","2841台開","110/08/18","元大-北三重",0,10,-10
"7861","6207雷科","110/08/18","凱基-台北",77,2,75
"7862","6207雷科","110/08/18","元大-高雄",0,106,-106
"7863","6207雷科","110/08/18","摩根大通",94,60,34
"7864","6207雷科","110/08/18","凱基-高雄",4,34,-30
"7865","6207雷科","110/08/18","港商野村",48,17,31
"7866","6207雷科","110/08/18","凱基-復興",0,30,-30
"7867","6207雷科","110/08/18","兆豐-南京",30,0,30
"7868","6207雷科","110/08/18","日盛證券",0,29,-29
"7869","6207雷科","110/08/18","元大-六合",30,0,30
"7870","6207雷科","110/08/18","凱基-敦北",1,28,-27
"7871","6207雷科","110/08/18","新加坡商瑞銀",66,40,26
"7872","6207雷科","110/08/18","群益金鼎-東門",0,16,-16
"7873","6207雷科","110/08/18","台新-高雄",21,0,21
"7874","6207雷科","110/08/18","元大-天母",0,11,-11
"7875","6207雷科","110/08/18","光和-和美",17,0,17
"7876","6207雷科","110/08/18","美商高盛",4,13,-9
"7877","6207雷科","110/08/18","凱基-三重",13,0,13
"7878","6207雷科","110/08/18","新光",0,8,-8
"7879","6207雷科","110/08/18","元富-安南",10,0,10
"7880","6207雷科","110/08/18","永豐金-忠孝",0,8,-8
"7881","6207雷科","110/08/18","元大-東門",9,0,9
"7882","6207雷科","110/08/18","合庫證券",0,7,-7
"7883","6207雷科","110/08/18","第一金-華江",8,2,6
"7884","6207雷科","110/08/18","康和-台中",0,6,-6
"7885","6207雷科","110/08/18","永豐金-高雄",6,0,6
"7886","6207雷科","110/08/18","元大-大天母",0,6,-6
"7887","6207雷科","110/08/18","玉山-台大",5,0,5
"7888","6207雷科","110/08/18","統一-三多",0,5,-5
"7889","6207雷科","110/08/18","凱基-岡山",5,0,5
"7890","6207雷科","110/08/18","中國信託-忠孝",0,5,-5
"7891","3679新至陞","110/08/18","摩根大通",52,6,46
"7892","3679新至陞","110/08/18","統一-三重",0,21,-21
"7893","3679新至陞","110/08/18","凱基-台北",46,13,33
"7894","3679新至陞","110/08/18","元大-北成功",0,19,-19
"7895","3679新至陞","110/08/18","台灣摩根士丹利",31,0,31
"7896","3679新至陞","110/08/18","華南永昌-大安",0,18,-18
"7897","3679新至陞","110/08/18","瑞士信貸",26,1,25
"7898","3679新至陞","110/08/18","台新證券",0,14,-14
"7899","3679新至陞","110/08/18","美林",23,5,18
"7900","3679新至陞","110/08/18","萬泰",0,12,-12
"7901","3679新至陞","110/08/18","元大-文心興安",15,0,15
"7902","3679新至陞","110/08/18","大慶-苗栗",0,10,-10
"7903","3679新至陞","110/08/18","(牛牛牛)亞-網路",8,0,8
"7904","3679新至陞","110/08/18","元大-成功",0,10,-10
"7905","3679新至陞","110/08/18","永豐金-板橋",5,0,5
"7906","3679新至陞","110/08/18","富邦-嘉義",0,8,-8
"7907","3679新至陞","110/08/18","美商高盛",3,0,3
"7908","3679新至陞","110/08/18","凱基-長庚",0,7,-7
"7909","3679新至陞","110/08/18","兆豐-公益",3,0,3
"7910","3679新至陞","110/08/18","凱基-文心",0,6,-6
"7911","3679新至陞","110/08/18","聯邦-三重",3,0,3
"7912","3679新至陞","110/08/18","統一",0,5,-5
"7913","3679新至陞","110/08/18","土銀-台中",2,0,2
"7914","3679新至陞","110/08/18","元大-敦化",0,4,-4
"7915","3679新至陞","110/08/18","土銀-新竹",2,0,2
"7916","3679新至陞","110/08/18","日盛-文化",1,4,-3
"7917","3679新至陞","110/08/18","國泰-高雄",2,0,2
"7918","3679新至陞","110/08/18","彰銀",0,3,-3
"7919","3679新至陞","110/08/18","土銀-士林",1,0,1
"7920","3679新至陞","110/08/18","元富-大昌",0,3,-3
"7921","2727王品","110/08/18","凱基-台北",94,29,65
"7922","2727王品","110/08/18","港商麥格理",0,65,-65
"7923","2727王品","110/08/18","摩根大通",42,13,29
"7924","2727王品","110/08/18","華南永昌",1,39,-38
"7925","2727王品","110/08/18","彰銀-台中",27,0,27
"7926","2727王品","110/08/18","元富-板橋",1,16,-15
"7927","2727王品","110/08/18","瑞士信貸",18,3,15
"7928","2727王品","110/08/18","港商野村",66,79,-13
"7929","2727王品","110/08/18","凱基-埔墘",10,0,10
"7930","2727王品","110/08/18","第一金-桃園",0,11,-11
"7931","2727王品","110/08/18","富邦-建國",13,3,10
"7932","2727王品","110/08/18","元大-汐止",0,11,-11
"7933","2727王品","110/08/18","元大-學甲",10,0,10
"7934","2727王品","110/08/18","凱基-三峽",0,10,-10
"7935","2727王品","110/08/18","國泰-台中",28,19,9
"7936","2727王品","110/08/18","凱基-板橋",3,12,-9
"7937","2727王品","110/08/18","凱基-高美館",7,0,7
"7938","2727王品","110/08/18","凱基-林口",5,14,-9
"7939","2727王品","110/08/18","凱基-竹北",9,2,7
"7940","2727王品","110/08/18","富邦-中壢",2,11,-9
"7941","2727王品","110/08/18","元大-四維",7,0,7
"7942","2727王品","110/08/18","福勝",0,8,-8
"7943","2727王品","110/08/18","元大-敦南",8,1,7
"7944","2727王品","110/08/18","國泰-敦南",4,12,-8
"7945","2727王品","110/08/18","統一",19,13,6
"7946","2727王品","110/08/18","台新-三民",1,8,-7
"7947","2727王品","110/08/18","日盛-屏東",5,0,5
"7948","2727王品","110/08/18","華南永昌-林口",0,7,-7
"7949","2727王品","110/08/18","國泰-館前",6,1,5
"7950","2727王品","110/08/18","永豐金-內湖",0,7,-7
"7951","1570力肯","110/08/18","凱基-台北",129,5,124
"7952","1570力肯","110/08/18","華南永昌-桃園",0,102,-102
"7953","1570力肯","110/08/18","香港上海匯豐",36,0,36
"7954","1570力肯","110/08/18","中國信託-高雄",0,49,-49
"7955","1570力肯","110/08/18","統一",30,0,30
"7956","1570力肯","110/08/18","元富-世貿",0,20,-20
"7957","1570力肯","110/08/18","群益金鼎-北高雄",27,0,27
"7958","1570力肯","110/08/18","國泰證券",0,20,-20
"7959","1570力肯","110/08/18","國票-北高雄",21,3,18
"7960","1570力肯","110/08/18","元大-屏南",0,15,-15
"7961","1570力肯","110/08/18","元大-南投",20,4,16
"7962","1570力肯","110/08/18","元大-和平",5,20,-15
"7963","1570力肯","110/08/18","新光-台南",15,0,15
"7964","1570力肯","110/08/18","元大-基隆",0,12,-12
"7965","1570力肯","110/08/18","富邦-高雄",15,0,15
"7966","1570力肯","110/08/18","玉山-台中",0,10,-10
"7967","1570力肯","110/08/18","華南永昌-嘉義",12,0,12
"7968","1570力肯","110/08/18","元大-苗栗",0,10,-10
"7969","1570力肯","110/08/18","富邦-花蓮",10,0,10
"7970","1570力肯","110/08/18","元大-草屯",0,10,-10
"7971","1570力肯","110/08/18","元富-新店",10,2,8
"7972","1570力肯","110/08/18","富邦-彰化",0,8,-8
"7973","1570力肯","110/08/18","富邦-台東",12,4,8
"7974","1570力肯","110/08/18","日盛-嘉義",0,7,-7
"7975","1570力肯","110/08/18","日盛-高雄",7,0,7
"7976","1570力肯","110/08/18","永豐金-桃園",3,10,-7
"7977","1570力肯","110/08/18","元大-羅東",7,0,7
"7978","1570力肯","110/08/18","大昌-安康",0,6,-6
"7979","1570力肯","110/08/18","大慶-蘆洲",9,3,6
"7980","1570力肯","110/08/18","國票-和平",0,6,-6
"7981","6180橘子","110/08/18","美林",40,0,40
"7982","6180橘子","110/08/18","香港上海匯豐",0,102,-102
"7983","6180橘子","110/08/18","新加坡商瑞銀",23,1,22
"7984","6180橘子","110/08/18","台灣摩根士丹利",2,73,-71
"7985","6180橘子","110/08/18","凱基-基隆",18,2,16
"7986","6180橘子","110/08/18","美商高盛",1,31,-30
"7987","6180橘子","110/08/18","華南永昌-虎尾",15,0,15
"7988","6180橘子","110/08/18","凱基-市政",1,25,-24
"7989","6180橘子","110/08/18","元富-城東",14,1,13
"7990","6180橘子","110/08/18","日盛-板橋",1,20,-19
"7991","6180橘子","110/08/18","富邦-台北",16,3,13
"7992","6180橘子","110/08/18","新光-高雄",1,14,-13
"7993","6180橘子","110/08/18","富邦-中壢",11,2,9
"7994","6180橘子","110/08/18","凱基-東門",2,15,-13
"7995","6180橘子","110/08/18","富邦-宜蘭",9,0,9
"7996","6180橘子","110/08/18","元大-基隆孝二",0,12,-12
"7997","6180橘子","110/08/18","元大-前金",10,1,9
"7998","6180橘子","110/08/18","兆豐-三重",0,11,-11
"7999","6180橘子","110/08/18","中國信託",8,0,8
"8000","6180橘子","110/08/18","日盛證券",0,10,-10
"8001","6180橘子","110/08/18","元大-中壢",12,4,8
"8002","6180橘子","110/08/18","摩根大通",80,89,-9
"8003","6180橘子","110/08/18","凱基-大直",7,0,7
"8004","6180橘子","110/08/18","新光",9,18,-9
"8005","6180橘子","110/08/18","元大證券",9,2,7
"8006","6180橘子","110/08/18","富邦-南屯",0,9,-9
"8007","6180橘子","110/08/18","大慶-楊梅",6,0,6
"8008","6180橘子","110/08/18","元大-板橋三民",0,9,-9
"8009","6180橘子","110/08/18","華南永昌",7,1,6
"8010","6180橘子","110/08/18","元大-桃園",2,11,-9
"8011","2390云辰","110/08/18","兆豐-公益",192,31,161
"8012","2390云辰","110/08/18","摩根大通",1314,1582,-268
"8013","2390云辰","110/08/18","元大-土城學府",406,260,146
"8014","2390云辰","110/08/18","凱基-台北",727,962,-235
"8015","2390云辰","110/08/18","群益金鼎-敦南",106,4,102
"8016","2390云辰","110/08/18","國泰-桃園",53,264,-211
"8017","2390云辰","110/08/18","元大-竹科",136,36,100
"8018","2390云辰","110/08/18","富邦-內湖",0,201,-201
"8019","2390云辰","110/08/18","元大-館前",151,52,99
"8020","2390云辰","110/08/18","元大-復北",5,193,-188
"8021","2390云辰","110/08/18","日盛-園區",128,46,82
"8022","2390云辰","110/08/18","凱基-民權",2,160,-158
"8023","2390云辰","110/08/18","元大-東泰",84,9,75
"8024","2390云辰","110/08/18","國票-安和",98,231,-133
"8025","2390云辰","110/08/18","福勝",68,8,60
"8026","2390云辰","110/08/18","新加坡商瑞銀",102,225,-123
"8027","2390云辰","110/08/18","宏遠-光隆",73,14,59
"8028","2390云辰","110/08/18","港商野村",1128,1238,-110
"8029","2390云辰","110/08/18","元富",66,10,56
"8030","2390云辰","110/08/18","台灣摩根士丹利",3,100,-97
"8031","2390云辰","110/08/18","華南永昌-合泰",54,1,53
"8032","2390云辰","110/08/18","永豐金-嘉義",4,97,-93
"8033","2390云辰","110/08/18","凱基-中港",60,9,51
"8034","2390云辰","110/08/18","統一-城中",57,147,-90
"8035","2390云辰","110/08/18","第一金-忠孝",54,5,49
"8036","2390云辰","110/08/18","富邦-彰化",47,128,-81
"8037","2390云辰","110/08/18","統一-新台中",140,91,49
"8038","2390云辰","110/08/18","美林",341,412,-71
"8039","2390云辰","110/08/18","群益金鼎-台中",53,6,47
"8040","2390云辰","110/08/18","新光",312,382,-70
"8041","2609陽明","110/08/17","兆豐-中壢",5227,708,4519
"8042","2609陽明","110/08/17","康和",48,4865,-4817
"8043","2609陽明","110/08/17","凱基-台北",5969,1780,4189
"8044","2609陽明","110/08/17","永豐金-信義",84,2643,-2559
"8045","2609陽明","110/08/17","兆豐-三民",2114,136,1978
"8046","2609陽明","110/08/17","凱基-虎尾",487,2286,-1799
"8047","2609陽明","110/08/17","兆豐-復興",3638,1682,1956
"8048","2609陽明","110/08/17","港商野村",1127,2155,-1028
"8049","2609陽明","110/08/17","台灣摩根士丹利",2505,858,1647
"8050","2609陽明","110/08/17","兆豐-虎尾",1846,2756,-910
"8051","2609陽明","110/08/17","日盛-板橋",1734,262,1472
"8052","2609陽明","110/08/17","富邦-嘉義",7219,8100,-881
"8053","2609陽明","110/08/17","美林",3468,2882,586
"8054","2609陽明","110/08/17","元大-頭份",78,810,-732
"8055","2609陽明","110/08/17","香港上海匯豐",593,100,493
"8056","2609陽明","110/08/17","摩根大通",1422,2133,-711
"8057","2609陽明","110/08/17","統一-土城",366,14,352
"8058","2609陽明","110/08/17","元大-永春",281,971,-690
"8059","2609陽明","110/08/17","統一-敦南",899,577,322
"8060","2609陽明","110/08/17","宏遠證券",948,1614,-666
"8061","2609陽明","110/08/17","富邦-桃園",413,123,290
"8062","2609陽明","110/08/17","凱基-竹東",20,668,-648
"8063","2609陽明","110/08/17","日盛-中壢",537,256,281
"8064","2609陽明","110/08/17","元大證券",1377,2001,-624
"8065","2609陽明","110/08/17","兆豐-板橋",545,318,227
"8066","2609陽明","110/08/17","元富-新店",74,549,-475
"8067","2609陽明","110/08/17","凱基-桃園",367,142,225
"8068","2609陽明","110/08/17","華南永昌-楠梓",73,486,-413
"8069","2609陽明","110/08/17","統一-城中",390,169,221
"8070","2609陽明","110/08/17","臺銀",286,681,-395
"8071","2636台驊投控","110/08/17","元富-文心",272,9,263
"8072","2636台驊投控","110/08/17","凱基-彰化",0,689,-689
"8073","2636台驊投控","110/08/17","日盛-大墩",185,19,166
"8074","2636台驊投控","110/08/17","摩根大通",347,761,-414
"8075","2636台驊投控","110/08/17","第一金-桃園",147,26,121
"8076","2636台驊投控","110/08/17","富邦-花蓮",106,366,-260
"8077","2636台驊投控","110/08/17","元富-大昌",84,15,69
"8078","2636台驊投控","110/08/17","凱基-台北",395,566,-171
"8079","2636台驊投控","110/08/17","新光",258,192,66
"8080","2636台驊投控","110/08/17","大慶",15,175,-160
"8081","2636台驊投控","110/08/17","統一-新台中",64,4,60
"8082","2636台驊投控","110/08/17","統一",111,247,-136
"8083","2636台驊投控","110/08/17","華南永昌-竹北",308,252,56
"8084","2636台驊投控","110/08/17","富邦證券",0,134,-134
"8085","2636台驊投控","110/08/17","日盛-木柵",60,8,52
"8086","2636台驊投控","110/08/17","富邦-虎尾",294,414,-120
"8087","2636台驊投控","110/08/17","國泰-敦南",335,283,52
"8088","2636台驊投控","110/08/17","元大-士林",4,114,-110
"8089","2636台驊投控","110/08/17","美商高盛",96,54,42
"8090","2636台驊投控","110/08/17","美林",320,401,-81
"8091","2636台驊投控","110/08/17","凱基-市政",60,22,38
"8092","2636台驊投控","110/08/17","瑞士信貸",62,134,-72
"8093","2636台驊投控","110/08/17","元大-龍潭",50,13,37
"8094","2636台驊投控","110/08/17","兆豐-東門",70,140,-70
"8095","2636台驊投控","110/08/17","國票-九鼎",50,16,34
"8096","2636台驊投控","110/08/17","凱基-高美館",89,158,-69
"8097","2636台驊投控","110/08/17","元大-東門",37,3,34
"8098","2636台驊投控","110/08/17","日盛證券",103,170,-67
"8099","2636台驊投控","110/08/17","富邦-三重",33,1,32
"8100","2636台驊投控","110/08/17","宏遠-桃園",4,44,-40
"8101","2867三商壽","110/08/17","摩根大通",670,119,551
"8102","2867三商壽","110/08/17","玉山-左營",10,1173,-1163
"8103","2867三商壽","110/08/17","元富-世貿",288,0,288
"8104","2867三商壽","110/08/17","華南永昌",50,736,-686
"8105","2867三商壽","110/08/17","日盛-中和",276,10,266
"8106","2867三商壽","110/08/17","台灣摩根士丹利",37,195,-158
"8107","2867三商壽","110/08/17","新光-台中",243,7,236
"8108","2867三商壽","110/08/17","兆豐-北高雄",0,135,-135
"8109","2867三商壽","110/08/17","台新-台中",198,1,197
"8110","2867三商壽","110/08/17","宏遠證券",9,141,-132
"8111","2867三商壽","110/08/17","華南永昌-長虹",136,0,136
"8112","2867三商壽","110/08/17","永豐金-市政",0,115,-115
"8113","2867三商壽","110/08/17","美林",137,2,135
"8114","2867三商壽","110/08/17","兆豐-新竹",0,113,-113
"8115","2867三商壽","110/08/17","元大-土城永寧",100,1,99
"8116","2867三商壽","110/08/17","永豐金證券",0,82,-82
"8117","2867三商壽","110/08/17","國泰-台中",99,2,97
"8118","2867三商壽","110/08/17","元大-彰化民生",0,80,-80
"8119","2867三商壽","110/08/17","元富-古亭",100,4,96
"8120","2867三商壽","110/08/17","永豐金-中盛",4,77,-73
"8121","2867三商壽","110/08/17","合庫-西台中",80,0,80
"8122","2867三商壽","110/08/17","元富",0,70,-70
"8123","2867三商壽","110/08/17","新加坡商瑞銀",83,4,79
"8124","2867三商壽","110/08/17","宏遠-中和",10,57,-47
"8125","2867三商壽","110/08/17","永豐金-埔里",64,5,59
"8126","2867三商壽","110/08/17","富邦-嘉義",4,50,-46
"8127","2867三商壽","110/08/17","元富-緯城",50,0,50
"8128","2867三商壽","110/08/17","第一金-華江",0,30,-30
"8129","2867三商壽","110/08/17","台新-建北",49,0,49
"8130","2867三商壽","110/08/17","台新證券",2,32,-30
"8131","5521工信","110/08/17","元大-沙鹿",60,0,60
"8132","5521工信","110/08/17","摩根大通",75,227,-152
"8133","5521工信","110/08/17","群益金鼎-萬華",46,0,46
"8134","5521工信","110/08/17","凱基-台北",5,68,-63
"8135","5521工信","110/08/17","台新證券",37,1,36
"8136","5521工信","110/08/17","群益金鼎-敦南",0,60,-60
"8137","5521工信","110/08/17","華南永昌-竹北",31,0,31
"8138","5521工信","110/08/17","台灣摩根士丹利",5,64,-59
"8139","5521工信","110/08/17","元大-北投",30,0,30
"8140","5521工信","110/08/17","元富-古亭",0,40,-40
"8141","5521工信","110/08/17","元富-屏東",24,0,24
"8142","5521工信","110/08/17","台灣企銀-嘉義",0,35,-35
"8143","5521工信","110/08/17","富邦-台北",23,0,23
"8144","5521工信","110/08/17","美林",5,37,-32
"8145","5521工信","110/08/17","元大-屏南",23,0,23
"8146","5521工信","110/08/17","華南永昌",0,27,-27
"8147","5521工信","110/08/17","國泰-敦南",40,18,22
"8148","5521工信","110/08/17","華南永昌-潮州",0,25,-25
"8149","5521工信","110/08/17","兆豐-中壢",20,0,20
"8150","5521工信","110/08/17","台新-高雄",0,24,-24
"8151","5521工信","110/08/17","新光-台南",20,0,20
"8152","5521工信","110/08/17","大慶-楊梅",0,22,-22
"8153","5521工信","110/08/17","臺銀-鳳山",19,0,19
"8154","5521工信","110/08/17","凱基-桃園",0,20,-20
"8155","5521工信","110/08/17","日進",18,0,18
"8156","5521工信","110/08/17","元大-東蘆",0,20,-20
"8157","5521工信","110/08/17","永豐金-鳳山",17,0,17
"8158","5521工信","110/08/17","第一金-桃園",0,18,-18
"8159","5521工信","110/08/17","玉山證券",14,0,14
"8160","5521工信","110/08/17","新光-新竹",3,20,-17
"8161","1471首利","110/08/17","摩根大通",110,14,96
"8162","1471首利","110/08/17","元大-台南",0,54,-54
"8163","1471首利","110/08/17","臺銀-臺中",40,0,40
"8164","1471首利","110/08/17","高橋-龍潭",0,50,-50
"8165","1471首利","110/08/17","瑞士信貸",33,0,33
"8166","1471首利","110/08/17","元大-竹南",0,35,-35
"8167","1471首利","110/08/17","凱基-台北",30,6,24
"8168","1471首利","110/08/17","台新證券",1,31,-30
"8169","1471首利","110/08/17","元大-竹山",23,0,23
"8170","1471首利","110/08/17","國泰-敦南",7,33,-26
"8171","1471首利","110/08/17","大慶-蘆洲",14,0,14
"8172","1471首利","110/08/17","元大-西門",0,23,-23
"8173","1471首利","110/08/17","兆豐-員林",13,1,12
"8174","1471首利","110/08/17","元富-埔里",0,20,-20
"8175","1471首利","110/08/17","致和-府前",11,0,11
"8176","1471首利","110/08/17","富邦-台中",0,20,-20
"8177","1471首利","110/08/17","國票-彰化",11,0,11
"8178","1471首利","110/08/17","日茂",0,11,-11
"8179","1471首利","110/08/17","元富-新莊",10,0,10
"8180","1471首利","110/08/17","高橋",0,10,-10
"8181","1471首利","110/08/17","國票",10,0,10
"8182","1471首利","110/08/17","大昌-新店",0,10,-10
"8183","1471首利","110/08/17","富邦-永和",10,0,10
"8184","1471首利","110/08/17","元富-文心",1,10,-9
"8185","1471首利","110/08/17","元大-新莊",10,0,10
"8186","1471首利","110/08/17","凱基-雙和",0,8,-8
"8187","1471首利","110/08/17","元大-鹿港",10,0,10
"8188","1471首利","110/08/17","凱基-屏東",0,8,-8
"8189","1471首利","110/08/17","元大-清水",11,2,9
"8190","1471首利","110/08/17","日盛-永康",0,7,-7
"8191","2883開發金","110/08/17","中國信託-文心",3524,26,3498
"8192","2883開發金","110/08/17","新加坡商瑞銀",513,7792,-7279
"8193","2883開發金","110/08/17","元大證券",1912,297,1615
"8194","2883開發金","110/08/17","亞東-新竹",206,2692,-2486
"8195","2883開發金","110/08/17","摩根大通",4110,2504,1606
"8196","2883開發金","110/08/17","凱基-台北",2263,4277,-2014
"8197","2883開發金","110/08/17","美林",2099,733,1366
"8198","2883開發金","110/08/17","永豐金證券",103,1899,-1796
"8199","2883開發金","110/08/17","日盛證券",2406,1218,1188
"8200","2883開發金","110/08/17","華南永昌-苑裡",13,1229,-1216
"8201","2883開發金","110/08/17","國泰-館前",942,128,814
"8202","2883開發金","110/08/17","統一-新營",39,1202,-1163
"8203","2883開發金","110/08/17","元富-城中",808,6,802
"8204","2883開發金","110/08/17","兆豐-高雄",68,1153,-1085
"8205","2883開發金","110/08/17","港商法國興業",764,0,764
"8206","2883開發金","110/08/17","凱基-斗六",3,812,-809
"8207","2883開發金","110/08/17","元大-南屯",759,75,684
"8208","2883開發金","110/08/17","元大-四維",736,1467,-731
"8209","2883開發金","110/08/17","康和-仁愛",514,10,504
"8210","2883開發金","110/08/17","台新證券",682,1391,-709
"8211","2883開發金","110/08/17","新光",1403,910,493
"8212","2883開發金","110/08/17","凱基-豐中",7,617,-610
"8213","2883開發金","110/08/17","統一-汐止",489,5,484
"8214","2883開發金","110/08/17","土銀-嘉義",10,580,-570
"8215","2883開發金","110/08/17","永豐金-忠孝",650,206,444
"8216","2883開發金","110/08/17","港商麥格理",1131,1682,-551
"8217","2883開發金","110/08/17","港商野村",2803,2361,442
"8218","2883開發金","110/08/17","富邦-陽明",158,680,-522
"8219","2883開發金","110/08/17","元富-大裕",454,22,432
"8220","2883開發金","110/08/17","台灣摩根士丹利",2238,2750,-512
"8221","6205詮欣","110/08/17","日盛-三重",15,0,15
"8222","6205詮欣","110/08/17","元富-松德",0,10,-10
"8223","6205詮欣","110/08/17","臺銀-民權",5,0,5
"8224","6205詮欣","110/08/17","元富-安南",0,8,-8
"8225","6205詮欣","110/08/17","華南永昌-長虹",5,0,5
"8226","6205詮欣","110/08/17","元大-大雅",0,3,-3
"8227","6205詮欣","110/08/17","德信-新營",4,0,4
"8228","6205詮欣","110/08/17","兆豐-南門",0,3,-3
"8229","6205詮欣","110/08/17","凱基-汐止",4,0,4
"8230","6205詮欣","110/08/17","兆豐-南京",0,3,-3
"8231","6205詮欣","110/08/17","富邦-陽明",4,0,4
"8232","6205詮欣","110/08/17","元大-豐原",0,2,-2
"8233","6205詮欣","110/08/17","元大-汐止",4,0,4
"8234","6205詮欣","110/08/17","大昌",0,1,-1
"8235","6205詮欣","110/08/17","華南永昌-古亭",3,0,3
"8236","6205詮欣","110/08/17","永豐金-中正",0,1,-1
"8237","6205詮欣","110/08/17","凱基-台北",1,0,1
"8238","6205詮欣","110/08/17","大昌-安康",0,1,-1
"8239","6205詮欣","110/08/17","元大-鑫永和",1,0,1
"8240","6205詮欣","110/08/17","日盛-台中",0,1,-1
"8241","6205詮欣","110/08/17","統一-士林",0,0,0
"8242","6205詮欣","110/08/17","新百王",0,1,-1
"8243","6205詮欣","110/08/17","統一-南京",0,0,0
"8244","6205詮欣","110/08/17","元富-文心",0,1,-1
"8245","6205詮欣","110/08/17","國泰證券",0,0,0
"8246","6205詮欣","110/08/17","統一",0,1,-1
"8247","6205詮欣","110/08/17","華南永昌-高雄",0,0,0
"8248","6205詮欣","110/08/17","第一金-中壢",0,1,-1
"8249","6205詮欣","110/08/17","永豐金-中和",1,1,0
"8250","6205詮欣","110/08/17","大慶-基隆",0,1,-1
"8251","1540喬福","110/08/17","元大-松山",20,0,20
"8252","1540喬福","110/08/17","群益金鼎-館前",0,31,-31
"8253","1540喬福","110/08/17","凱基-中壢",17,0,17
"8254","1540喬福","110/08/17","日盛-文化",0,30,-30
"8255","1540喬福","110/08/17","元大-左營",11,0,11
"8256","1540喬福","110/08/17","兆豐-民生",0,17,-17
"8257","1540喬福","110/08/17","元富-文心",10,0,10
"8258","1540喬福","110/08/17","凱基-台北",0,5,-5
"8259","1540喬福","110/08/17","元大-土城永寧",10,0,10
"8260","1540喬福","110/08/17","國票-台中",0,3,-3
"8261","1540喬福","110/08/17","元大-成功",10,0,10
"8262","1540喬福","110/08/17","元大-大益",0,3,-3
"8263","1540喬福","110/08/17","富邦-板橋",6,0,6
"8264","1540喬福","110/08/17","致和-南京",0,2,-2
"8265","1540喬福","110/08/17","新光",4,0,4
"8266","1540喬福","110/08/17","國泰-館前",0,2,-2
"8267","1540喬福","110/08/17","亞東",2,0,2
"8268","1540喬福","110/08/17","富邦-陽明",0,2,-2
"8269","1540喬福","110/08/17","群益金鼎-新店",2,0,2
"8270","1540喬福","110/08/17","元大-龍潭",0,2,-2
"8271","1540喬福","110/08/17","日盛-員林",1,0,1
"8272","1540喬福","110/08/17","日盛-台中",0,1,-1
"8273","1540喬福","110/08/17","日盛-鳳山",1,0,1
"8274","1540喬福","110/08/17","美林",0,1,-1
"8275","1540喬福","110/08/17","統一-屏東",1,0,1
"8276","1540喬福","110/08/17","第一金-高雄",0,1,-1
"8277","1540喬福","110/08/17","元富-大昌",1,0,1
"8278","1540喬福","110/08/17","元富",1,2,-1
"8279","1540喬福","110/08/17","台新-高雄",1,0,1
"8280","1540喬福","110/08/17","新光-新竹",0,1,-1
"8281","2888新光金","110/08/17","華南永昌-岡山",6623,36,6587
"8282","2888新光金","110/08/17","元富-城東",11,13997,-13986
"8283","2888新光金","110/08/17","元大-忠孝鼎富",4976,0,4976
"8284","2888新光金","110/08/17","永豐金證券",19,2260,-2241
"8285","2888新光金","110/08/17","永豐金-萬盛",3955,15,3940
"8286","2888新光金","110/08/17","國票-博愛",0,2051,-2051
"8287","2888新光金","110/08/17","摩根大通",3699,247,3452
"8288","2888新光金","110/08/17","群益金鼎",0,1836,-1836
"8289","2888新光金","110/08/17","瑞士信貸",3064,605,2459
"8290","2888新光金","110/08/17","華南永昌",10,1624,-1614
"8291","2888新光金","110/08/17","凱基-大安",2179,2,2177
"8292","2888新光金","110/08/17","元大-大同",0,714,-714
"8293","2888新光金","110/08/17","國票-台東",1935,23,1912
"8294","2888新光金","110/08/17","安泰",0,598,-598
"8295","2888新光金","110/08/17","永豐金-信義",1497,5,1492
"8296","2888新光金","110/08/17","大昌",3,555,-552
"8297","2888新光金","110/08/17","國票-北投",1304,0,1304
"8298","2888新光金","110/08/17","福勝",3,510,-507
"8299","2888新光金","110/08/17","兆豐-松德",1251,0,1251
"8300","2888新光金","110/08/17","元大-太平",20,525,-505
"8301","2888新光金","110/08/17","花旗環球",1101,147,954
"8302","2888新光金","110/08/17","中國信託-三重",0,503,-503
"8303","2888新光金","110/08/17","港商法國興業",1031,180,851
"8304","2888新光金","110/08/17","台灣摩根士丹利",1136,1627,-491
"8305","2888新光金","110/08/17","凱基-站前",788,13,775
"8306","2888新光金","110/08/17","美林",141,604,-463
"8307","2888新光金","110/08/17","台灣匯立證券",763,0,763
"8308","2888新光金","110/08/17","群益金鼎-土城",0,415,-415
"8309","2888新光金","110/08/17","群益金鼎-崇德",735,3,732
"8310","2888新光金","110/08/17","凱基-台北",632,1033,-401
"8311","1340勝悅","110/08/17","國泰-台中",12,0,12
"8312","1340勝悅","110/08/17","永豐金-潮州",0,20,-20
"8313","1340勝悅","110/08/17","新光-新竹",10,0,10
"8314","1340勝悅","110/08/17","臺灣企銀-桃園",0,10,-10
"8315","1340勝悅","110/08/17","元富-成功",8,0,8
"8316","1340勝悅","110/08/17","瑞士信貸",0,6,-6
"8317","1340勝悅","110/08/17","臺灣企銀-埔墘",5,0,5
"8318","1340勝悅","110/08/17","玉山-桃園",0,5,-5
"8319","1340勝悅","110/08/17","華南永昌-敦南",5,0,5
"8320","1340勝悅","110/08/17","華南永昌-虎尾",0,5,-5
"8321","1340勝悅","110/08/17","富邦-新店",11,6,5
"8322","1340勝悅","110/08/17","永豐金-博愛",0,5,-5
"8323","1340勝悅","110/08/17","美商高盛",4,0,4
"8324","1340勝悅","110/08/17","日盛-永康",0,4,-4
"8325","1340勝悅","110/08/17","新光-桃園",3,0,3
"8326","1340勝悅","110/08/17","元富-世貿",0,4,-4
"8327","1340勝悅","110/08/17","日盛-八德",2,0,2
"8328","1340勝悅","110/08/17","摩根大通",2,6,-4
"8329","1340勝悅","110/08/17","凱基-基隆",2,0,2
"8330","1340勝悅","110/08/17","玉山-新莊",0,3,-3
"8331","1340勝悅","110/08/17","元大-松江",2,0,2
"8332","1340勝悅","110/08/17","國泰-敦南",5,8,-3
"8333","1340勝悅","110/08/17","元大-崇德",2,0,2
"8334","1340勝悅","110/08/17","富邦-桃園",0,3,-3
"8335","1340勝悅","110/08/17","國泰-館前",1,0,1
"8336","1340勝悅","110/08/17","元大-和平",0,3,-3
"8337","1340勝悅","110/08/17","群益金鼎-民權",1,0,1
"8338","1340勝悅","110/08/17","永豐金-南投",0,3,-3
"8339","1340勝悅","110/08/17","華南永昌-大安",1,0,1
"8340","1340勝悅","110/08/17","富邦-羅東",2,4,-2
"8341","6246臺龍","110/08/17","台新-三民",90,0,90
"8342","6246臺龍","110/08/17","日盛證券",0,52,-52
"8343","6246臺龍","110/08/17","港商野村",63,28,35
"8344","6246臺龍","110/08/17","凱基-幸福",0,10,-10
"8345","6246臺龍","110/08/17","台新證券",20,0,20
"8346","6246臺龍","110/08/17","元富-新店",0,9,-9
"8347","6246臺龍","110/08/17","凱基-信義",7,0,7
"8348","6246臺龍","110/08/17","凱基-科園",0,8,-8
"8349","6246臺龍","110/08/17","凱基-站前",5,0,5
"8350","6246臺龍","110/08/17","元富-世貿",0,7,-7
"8351","6246臺龍","110/08/17","合庫-嘉義",5,1,4
"8352","6246臺龍","110/08/17","兆豐-公益",0,7,-7
"8353","6246臺龍","110/08/17","元大-林園",10,6,4
"8354","6246臺龍","110/08/17","元大-東蘆",0,7,-7
"8355","6246臺龍","110/08/17","元大-永康",4,0,4
"8356","6246臺龍","110/08/17","群益金鼎-嘉義",0,6,-6
"8357","6246臺龍","110/08/17","元大-基隆孝二",4,0,4
"8358","6246臺龍","110/08/17","華南永昌-頭份",0,6,-6
"8359","6246臺龍","110/08/17","日盛-斗六",3,0,3
"8360","6246臺龍","110/08/17","元大-北港",0,5,-5
"8361","6246臺龍","110/08/17","永全",3,0,3
"8362","6246臺龍","110/08/17","日盛-和美",0,4,-4
"8363","6246臺龍","110/08/17","兆豐-景美",3,0,3
"8364","6246臺龍","110/08/17","國泰-敦南",1,5,-4
"8365","6246臺龍","110/08/17","台新-台中",3,0,3
"8366","6246臺龍","110/08/17","群益金鼎-新竹",0,4,-4
"8367","6246臺龍","110/08/17","元大-雙和",3,0,3
"8368","6246臺龍","110/08/17","凱基-台北",0,4,-4
"8369","6246臺龍","110/08/17","土銀",2,0,2
"8370","6246臺龍","110/08/17","元大-府城",0,4,-4
"8371","00715L期街口布蘭特正2","110/08/17","華南永昌-長虹",860,0,860
"8372","00715L期街口布蘭特正2","110/08/17","元大證券",78,4339,-4261
"8373","00715L期街口布蘭特正2","110/08/17","永豐金-台中",823,20,803
"8374","00715L期街口布蘭特正2","110/08/17","元富",2,3940,-3938
"8375","00715L期街口布蘭特正2","110/08/17","日盛-和美",595,0,595
"8376","00715L期街口布蘭特正2","110/08/17","永豐金證券",41,1048,-1007
"8377","00715L期街口布蘭特正2","110/08/17","第一金-豐原",420,0,420
"8378","00715L期街口布蘭特正2","110/08/17","統一-桃園",5,850,-845
"8379","00715L期街口布蘭特正2","110/08/17","元大-前金",419,0,419
"8380","00715L期街口布蘭特正2","110/08/17","富邦證券",258,1081,-823
"8381","00715L期街口布蘭特正2","110/08/17","華南永昌-台中",419,5,414
"8382","00715L期街口布蘭特正2","110/08/17","元大-台中",9,534,-525
"8383","00715L期街口布蘭特正2","110/08/17","元大-北三重",403,0,403
"8384","00715L期街口布蘭特正2","110/08/17","合庫-高雄",10,310,-300
"8385","00715L期街口布蘭特正2","110/08/17","日盛-新莊",375,0,375
"8386","00715L期街口布蘭特正2","110/08/17","港商野村",1,240,-239
"8387","00715L期街口布蘭特正2","110/08/17","富邦-基隆",310,0,310
"8388","00715L期街口布蘭特正2","110/08/17","群益金鼎-民權",2,208,-206
"8389","00715L期街口布蘭特正2","110/08/17","臺銀-新竹",311,10,301
"8390","00715L期街口布蘭特正2","110/08/17","元大-大里德芳",1,200,-199
"8391","00715L期街口布蘭特正2","110/08/17","元富-中港",300,0,300
"8392","00715L期街口布蘭特正2","110/08/17","元大-中和",1,187,-186
"8393","00715L期街口布蘭特正2","110/08/17","新光",368,82,286
"8394","00715L期街口布蘭特正2","110/08/17","康和",0,133,-133
"8395","00715L期街口布蘭特正2","110/08/17","中國信託-新竹",263,0,263
"8396","00715L期街口布蘭特正2","110/08/17","永豐金-板新",25,150,-125
"8397","00715L期街口布蘭特正2","110/08/17","台中銀",253,0,253
"8398","00715L期街口布蘭特正2","110/08/17","兆豐-桃鶯",6,110,-104
"8399","00715L期街口布蘭特正2","110/08/17","統一-台中",230,0,230
"8400","00715L期街口布蘭特正2","110/08/17","凱基-大直",2,100,-98
"8401","8941關中","110/08/17","宏遠-館前",4,0,4
"8402","8941關中","110/08/17","凱基-高美館",0,1,-1
"8403","8941關中","110/08/17","",NA,NA,NA
"8404","8941關中","110/08/17","凱基-台北",0,1,-1
"8405","8941關中","110/08/17","",NA,NA,NA
"8406","8941關中","110/08/17","元大-南投",0,1,-1
"8407","8941關中","110/08/17","",NA,NA,NA
"8408","8941關中","110/08/17","元大-華山",0,1,-1
"8409","8941關中","110/08/17","",NA,NA,NA
"8410","8941關中","110/08/17","",NA,NA,NA
"8411","8941關中","110/08/17","",NA,NA,NA
"8412","8941關中","110/08/17","",NA,NA,NA
"8413","8941關中","110/08/17","",NA,NA,NA
"8414","8941關中","110/08/17","",NA,NA,NA
"8415","8941關中","110/08/17","",NA,NA,NA
"8416","8941關中","110/08/17","",NA,NA,NA
"8417","8941關中","110/08/17","",NA,NA,NA
"8418","8941關中","110/08/17","",NA,NA,NA
"8419","8941關中","110/08/17","",NA,NA,NA
"8420","8941關中","110/08/17","",NA,NA,NA
"8421","8941關中","110/08/17","",NA,NA,NA
"8422","8941關中","110/08/17","",NA,NA,NA
"8423","8941關中","110/08/17","",NA,NA,NA
"8424","8941關中","110/08/17","",NA,NA,NA
"8425","8941關中","110/08/17","",NA,NA,NA
"8426","8941關中","110/08/17","",NA,NA,NA
"8427","8941關中","110/08/17","",NA,NA,NA
"8428","8941關中","110/08/17","",NA,NA,NA
"8429","8941關中","110/08/17","",NA,NA,NA
"8430","8941關中","110/08/17","",NA,NA,NA
"8431","8936國統","110/08/17","台新-高雄",511,7,504
"8432","8936國統","110/08/17","凱基-高美館",20,157,-137
"8433","8936國統","110/08/17","美林",60,0,60
"8434","8936國統","110/08/17","台灣摩根士丹利",7,56,-49
"8435","8936國統","110/08/17","台中銀-高雄",33,0,33
"8436","8936國統","110/08/17","永豐金-大園",5,52,-47
"8437","8936國統","110/08/17","摩根大通",71,39,32
"8438","8936國統","110/08/17","新光-台中",16,60,-44
"8439","8936國統","110/08/17","元大-豐原站前",30,0,30
"8440","8936國統","110/08/17","國泰-敦南",14,44,-30
"8441","8936國統","110/08/17","第一金-新興",25,0,25
"8442","8936國統","110/08/17","港商野村",41,64,-23
"8443","8936國統","110/08/17","凱基-台北",45,24,21
"8444","8936國統","110/08/17","凱基-站前",0,20,-20
"8445","8936國統","110/08/17","日盛-忠孝",20,0,20
"8446","8936國統","110/08/17","國泰-高雄",3,20,-17
"8447","8936國統","110/08/17","日盛-高雄",15,0,15
"8448","8936國統","110/08/17","富邦-嘉義",0,17,-17
"8449","8936國統","110/08/17","新加坡商瑞銀",66,53,13
"8450","8936國統","110/08/17","元大-敦化",0,17,-17
"8451","8936國統","110/08/17","玉山-台南",14,3,11
"8452","8936國統","110/08/17","統一-台中",0,15,-15
"8453","8936國統","110/08/17","日盛-斗六",10,0,10
"8454","8936國統","110/08/17","兆豐-高雄",0,15,-15
"8455","8936國統","110/08/17","統一-新營",10,0,10
"8456","8936國統","110/08/17","陽信-石牌",0,15,-15
"8457","8936國統","110/08/17","元富-三重",15,5,10
"8458","8936國統","110/08/17","元大-文心",0,15,-15
"8459","8936國統","110/08/17","群益金鼎-台中",10,0,10
"8460","8936國統","110/08/17","美商高盛",8,22,-14
"8461","6226光鼎","110/08/17","國泰-台中",693,66,627
"8462","6226光鼎","110/08/17","美商高盛",21,669,-648
"8463","6226光鼎","110/08/17","摩根大通",453,306,147
"8464","6226光鼎","110/08/17","凱基-台北",116,705,-589
"8465","6226光鼎","110/08/17","日盛-員林",105,1,104
"8466","6226光鼎","110/08/17","第一金-大稻埕",101,627,-526
"8467","6226光鼎","110/08/17","永豐金-南投",80,0,80
"8468","6226光鼎","110/08/17","瑞士信貸",0,356,-356
"8469","6226光鼎","110/08/17","宏遠-光隆",60,0,60
"8470","6226光鼎","110/08/17","美林",48,202,-154
"8471","6226光鼎","110/08/17","元大-員林中山",52,0,52
"8472","6226光鼎","110/08/17","新光",74,175,-101
"8473","6226光鼎","110/08/17","合庫-鳳山",54,4,50
"8474","6226光鼎","110/08/17","元大-北屯",1,101,-100
"8475","6226光鼎","110/08/17","元大-福營",51,5,46
"8476","6226光鼎","110/08/17","台新-屏東",0,70,-70
"8477","6226光鼎","110/08/17","凱基-市府",46,4,42
"8478","6226光鼎","110/08/17","永豐金-南京",6,74,-68
"8479","6226光鼎","110/08/17","兆豐-永和",41,1,40
"8480","6226光鼎","110/08/17","元大-西螺",2,55,-53
"8481","6226光鼎","110/08/17","凱基-永和",40,1,39
"8482","6226光鼎","110/08/17","統一-基隆",0,50,-50
"8483","6226光鼎","110/08/17","元大-敦化",38,0,38
"8484","6226光鼎","110/08/17","永豐金-板橋",2,46,-44
"8485","6226光鼎","110/08/17","凱基-中山",42,5,37
"8486","6226光鼎","110/08/17","元大-草屯",2,33,-31
"8487","6226光鼎","110/08/17","國泰-桃園",131,97,34
"8488","6226光鼎","110/08/17","元大-西門",0,28,-28
"8489","6226光鼎","110/08/17","富邦-台北",55,21,34
"8490","6226光鼎","110/08/17","凱基-屏東",1,27,-26
"8491","2363矽統","110/08/17","第一金-高雄",356,4,352
"8492","2363矽統","110/08/17","瑞士信貸",86,1495,-1409
"8493","2363矽統","110/08/17","元富-永和",241,5,236
"8494","2363矽統","110/08/17","凱基-台北",737,1867,-1130
"8495","2363矽統","110/08/17","凱基-高美館",254,23,231
"8496","2363矽統","110/08/17","台灣摩根士丹利",0,438,-438
"8497","2363矽統","110/08/17","台新證券",511,295,216
"8498","2363矽統","110/08/17","元富-城東",13,409,-396
"8499","2363矽統","110/08/17","土銀-士林",189,0,189
"8500","2363矽統","110/08/17","(牛牛牛)亞-鑫豐",24,247,-223
"8501","2363矽統","110/08/17","永豐金-天母",155,0,155
"8502","2363矽統","110/08/17","美林",97,274,-177
"8503","2363矽統","110/08/17","玉山-台中",301,164,137
"8504","2363矽統","110/08/17","凱基-長庚",11,134,-123
"8505","2363矽統","110/08/17","凱基-竹北",122,5,117
"8506","2363矽統","110/08/17","元富-新店",4,115,-111
"8507","2363矽統","110/08/17","群益金鼎-三民",115,8,107
"8508","2363矽統","110/08/17","元大-北成功",142,237,-95
"8509","2363矽統","110/08/17","港商野村",1447,1350,97
"8510","2363矽統","110/08/17","日盛-木柵",70,160,-90
"8511","2363矽統","110/08/17","永豐金-新竹",105,20,85
"8512","2363矽統","110/08/17","摩根大通",240,322,-82
"8513","2363矽統","110/08/17","永豐金-松山",77,0,77
"8514","2363矽統","110/08/17","第一金-新竹",266,342,-76
"8515","2363矽統","110/08/17","富邦-宜蘭",84,11,73
"8516","2363矽統","110/08/17","華南永昌-岡山",42,110,-68
"8517","2363矽統","110/08/17","永豐金-南投",72,1,71
"8518","2363矽統","110/08/17","康和",48,112,-64
"8519","2363矽統","110/08/17","富邦-仁愛",90,22,68
"8520","2363矽統","110/08/17","華南永昌-楠梓",30,90,-60
"8521","8112至上","110/08/17","港商麥格理",158,0,158
"8522","8112至上","110/08/17","瑞士信貸",0,249,-249
"8523","8112至上","110/08/17","凱基-台北",177,49,128
"8524","8112至上","110/08/17","摩根大通",56,233,-177
"8525","8112至上","110/08/17","德信",120,0,120
"8526","8112至上","110/08/17","新加坡商瑞銀",19,179,-160
"8527","8112至上","110/08/17","台新證券",116,19,97
"8528","8112至上","110/08/17","富邦-仁愛",13,141,-128
"8529","8112至上","110/08/17","合庫-台中",75,2,73
"8530","8112至上","110/08/17","凱基-復興",1,108,-107
"8531","8112至上","110/08/17","美林",79,10,69
"8532","8112至上","110/08/17","台灣摩根士丹利",0,101,-101
"8533","8112至上","110/08/17","統一",46,0,46
"8534","8112至上","110/08/17","香港上海匯豐",0,96,-96
"8535","8112至上","110/08/17","群益金鼎-瑞豐",40,0,40
"8536","8112至上","110/08/17","群益金鼎-基隆",1,70,-69
"8537","8112至上","110/08/17","臺銀-金山",37,0,37
"8538","8112至上","110/08/17","日盛-花蓮",0,52,-52
"8539","8112至上","110/08/17","新光-高雄",37,4,33
"8540","8112至上","110/08/17","國票-北高雄",0,50,-50
"8541","8112至上","110/08/17","臺銀",41,15,26
"8542","8112至上","110/08/17","永豐金-新竹",0,48,-48
"8543","8112至上","110/08/17","元大證券",27,2,25
"8544","8112至上","110/08/17","日進",0,45,-45
"8545","8112至上","110/08/17","元大-內湖",24,0,24
"8546","8112至上","110/08/17","大展",0,30,-30
"8547","8112至上","110/08/17","國票-天祥",23,0,23
"8548","8112至上","110/08/17","港商野村",30,52,-22
"8549","8112至上","110/08/17","元大-土城永寧",23,0,23
"8550","8112至上","110/08/17","凱基-市府",1,21,-20
"8551","1570力肯","110/08/17","元大-南投",88,1,87
"8552","1570力肯","110/08/17","富邦-仁愛",0,42,-42
"8553","1570力肯","110/08/17","群益金鼎-高雄",51,10,41
"8554","1570力肯","110/08/17","元富-新竹",0,30,-30
"8555","1570力肯","110/08/17","凱基-台北",47,7,40
"8556","1570力肯","110/08/17","元大-新盛",2,28,-26
"8557","1570力肯","110/08/17","統一",29,4,25
"8558","1570力肯","110/08/17","凱基-台南",0,20,-20
"8559","1570力肯","110/08/17","元大-大雅",25,0,25
"8560","1570力肯","110/08/17","日盛-復興",0,15,-15
"8561","1570力肯","110/08/17","台新證券",24,10,14
"8562","1570力肯","110/08/17","元大-前金",1,15,-14
"8563","1570力肯","110/08/17","元大證券",14,0,14
"8564","1570力肯","110/08/17","元大-北成功",0,14,-14
"8565","1570力肯","110/08/17","日盛-板橋",12,0,12
"8566","1570力肯","110/08/17","臺銀-臺南",0,11,-11
"8567","1570力肯","110/08/17","元大-鑫永和",11,0,11
"8568","1570力肯","110/08/17","凱基-彰化",0,11,-11
"8569","1570力肯","110/08/17","富邦-內湖",10,0,10
"8570","1570力肯","110/08/17","合庫-桃園",0,10,-10
"8571","1570力肯","110/08/17","元富-緯城",10,1,9
"8572","1570力肯","110/08/17","凱基-南崁",0,10,-10
"8573","1570力肯","110/08/17","元大-開元",10,2,8
"8574","1570力肯","110/08/17","凱基-台中",0,9,-9
"8575","1570力肯","110/08/17","元大-桃興",8,1,7
"8576","1570力肯","110/08/17","華南永昌-嘉義",0,8,-8
"8577","1570力肯","110/08/17","日盛-員林",6,0,6
"8578","1570力肯","110/08/17","元大-鹿港",1,9,-8
"8579","1570力肯","110/08/17","陽信",5,0,5
"8580","1570力肯","110/08/17","國票-中正",0,7,-7
"8581","2929淘帝","110/08/17","元大-太平",48,0,48
"8582","2929淘帝","110/08/17","華南永昌-苗栗",0,30,-30
"8583","2929淘帝","110/08/17","永豐金-敦南",22,0,22
"8584","2929淘帝","110/08/17","兆豐-復興",0,15,-15
"8585","2929淘帝","110/08/17","永興",12,0,12
"8586","2929淘帝","110/08/17","凱基-長庚",0,13,-13
"8587","2929淘帝","110/08/17","日盛-復興",10,0,10
"8588","2929淘帝","110/08/17","美林",1,13,-12
"8589","2929淘帝","110/08/17","第一金-大稻埕",10,0,10
"8590","2929淘帝","110/08/17","永豐金-豐原",0,10,-10
"8591","2929淘帝","110/08/17","華南永昌-長虹",10,0,10
"8592","2929淘帝","110/08/17","華南永昌-高雄",1,10,-9
"8593","2929淘帝","110/08/17","元大-高雄",8,0,8
"8594","2929淘帝","110/08/17","日盛-南京",0,8,-8
"8595","2929淘帝","110/08/17","港商野村",12,5,7
"8596","2929淘帝","110/08/17","兆豐-大同",0,7,-7
"8597","2929淘帝","110/08/17","亞東-板橋",7,0,7
"8598","2929淘帝","110/08/17","摩根大通",0,6,-6
"8599","2929淘帝","110/08/17","國票-北高雄",6,0,6
"8600","2929淘帝","110/08/17","凱基-台中",0,5,-5
"8601","2929淘帝","110/08/17","國票-九鼎",6,0,6
"8602","2929淘帝","110/08/17","元大-鶯歌",0,5,-5
"8603","2929淘帝","110/08/17","亞東-新竹",5,0,5
"8604","2929淘帝","110/08/17","元大-上新莊",0,5,-5
"8605","2929淘帝","110/08/17","新加坡商瑞銀",4,0,4
"8606","2929淘帝","110/08/17","元大-北三重",0,5,-5
"8607","2929淘帝","110/08/17","凱基-中山",6,2,4
"8608","2929淘帝","110/08/17","第一金-澎湖",4,8,-4
"8609","2929淘帝","110/08/17","富邦-南屯",4,0,4
"8610","2929淘帝","110/08/17","日進",1,5,-4
"8611","5410國眾","110/08/17","元大-博愛",50,3,47
"8612","5410國眾","110/08/17","瑞士信貸",0,61,-61
"8613","5410國眾","110/08/17","土銀-嘉義",38,0,38
"8614","5410國眾","110/08/17","新光",3,41,-38
"8615","5410國眾","110/08/17","國票-北高雄",20,0,20
"8616","5410國眾","110/08/17","凱基-台南",2,30,-28
"8617","5410國眾","110/08/17","凱基-台北",37,22,15
"8618","5410國眾","110/08/17","元富-基隆",0,21,-21
"8619","5410國眾","110/08/17","兆豐-永和",14,0,14
"8620","5410國眾","110/08/17","富邦-新竹",1,16,-15
"8621","5410國眾","110/08/17","富邦-台北",22,10,12
"8622","5410國眾","110/08/17","亞東-新竹",0,14,-14
"8623","5410國眾","110/08/17","元大-中壢",12,0,12
"8624","5410國眾","110/08/17","群益金鼎-新竹",1,15,-14
"8625","5410國眾","110/08/17","摩根大通",25,14,11
"8626","5410國眾","110/08/17","富邦-永和",1,14,-13
"8627","5410國眾","110/08/17","日盛-花蓮",10,0,10
"8628","5410國眾","110/08/17","元大-新竹經國",0,12,-12
"8629","5410國眾","110/08/17","元富-同大",11,1,10
"8630","5410國眾","110/08/17","群益金鼎-三民",0,11,-11
"8631","5410國眾","110/08/17","凱基-科園",10,0,10
"8632","5410國眾","110/08/17","寶盛",0,10,-10
"8633","5410國眾","110/08/17","元大-潮州",10,0,10
"8634","5410國眾","110/08/17","永豐金-板橋",0,10,-10
"8635","5410國眾","110/08/17","台新-左楠",10,1,9
"8636","5410國眾","110/08/17","永豐金-竹科",1,11,-10
"8637","5410國眾","110/08/17","群益金鼎-古亭",14,5,9
"8638","5410國眾","110/08/17","臺銀",1,9,-8
"8639","5410國眾","110/08/17","永豐金-萬盛",9,0,9
"8640","5410國眾","110/08/17","群益金鼎-南京",0,8,-8
"8641","2841台開","110/08/17","宏遠-館前",169,2,167
"8642","2841台開","110/08/17","光和-溪湖",0,120,-120
"8643","2841台開","110/08/17","第一金",54,0,54
"8644","2841台開","110/08/17","兆豐-台南",0,109,-109
"8645","2841台開","110/08/17","台新-三民",50,0,50
"8646","2841台開","110/08/17","永豐金-台南",0,50,-50
"8647","2841台開","110/08/17","日盛證券",52,24,28
"8648","2841台開","110/08/17","兆豐-高雄",0,38,-38
"8649","2841台開","110/08/17","華南永昌-台中",20,0,20
"8650","2841台開","110/08/17","元大-林園",0,30,-30
"8651","2841台開","110/08/17","永豐金-中盛",17,0,17
"8652","2841台開","110/08/17","兆豐-台中",0,20,-20
"8653","2841台開","110/08/17","日盛-台中",15,0,15
"8654","2841台開","110/08/17","元大-敦化",0,20,-20
"8655","2841台開","110/08/17","日盛-園區",15,0,15
"8656","2841台開","110/08/17","元大-彰化民生",2,21,-19
"8657","2841台開","110/08/17","國泰-館前",15,0,15
"8658","2841台開","110/08/17","凱基-彰化",1,14,-13
"8659","2841台開","110/08/17","日盛-大墩",10,0,10
"8660","2841台開","110/08/17","元大-大灣",0,13,-13
"8661","2841台開","110/08/17","大慶-蘆洲",10,0,10
"8662","2841台開","110/08/17","元大-鹿港",0,11,-11
"8663","2841台開","110/08/17","凱基-員林",10,0,10
"8664","2841台開","110/08/17","兆豐-公益",0,10,-10
"8665","2841台開","110/08/17","富邦-基隆",10,0,10
"8666","2841台開","110/08/17","元大-北三重",0,10,-10
"8667","2841台開","110/08/17","元大-新竹經國",10,0,10
"8668","2841台開","110/08/17","華南永昌-鳳山",0,7,-7
"8669","2841台開","110/08/17","元富-成功",8,0,8
"8670","2841台開","110/08/17","元大-南海",0,7,-7
"8671","6207雷科","110/08/17","台新-高雄",82,2,80
"8672","6207雷科","110/08/17","第一金-員林",0,60,-60
"8673","6207雷科","110/08/17","凱基-台北",42,16,26
"8674","6207雷科","110/08/17","元大-高雄",0,47,-47
"8675","6207雷科","110/08/17","摩根大通",26,5,21
"8676","6207雷科","110/08/17","凱基-復興",0,20,-20
"8677","6207雷科","110/08/17","安泰",20,0,20
"8678","6207雷科","110/08/17","元大-新盛",1,20,-19
"8679","6207雷科","110/08/17","富邦-中壢",20,0,20
"8680","6207雷科","110/08/17","元富-大昌",0,12,-12
"8681","6207雷科","110/08/17","新加坡商瑞銀",23,6,17
"8682","6207雷科","110/08/17","華南永昌-岡山",1,12,-11
"8683","6207雷科","110/08/17","日盛-桃園",10,0,10
"8684","6207雷科","110/08/17","日盛-板橋",0,10,-10
"8685","6207雷科","110/08/17","兆豐-西螺",10,0,10
"8686","6207雷科","110/08/17","凱基-中壢",0,10,-10
"8687","6207雷科","110/08/17","中國信託-高雄",8,0,8
"8688","6207雷科","110/08/17","港商野村",7,16,-9
"8689","6207雷科","110/08/17","大昌-桃園",8,0,8
"8690","6207雷科","110/08/17","凱基-三重",1,10,-9
"8691","6207雷科","110/08/17","群益金鼎-士林",6,0,6
"8692","6207雷科","110/08/17","台新-台中",0,8,-8
"8693","6207雷科","110/08/17","美林",5,0,5
"8694","6207雷科","110/08/17","富邦-板橋",0,8,-8
"8695","6207雷科","110/08/17","中國信託-三重",5,0,5
"8696","6207雷科","110/08/17","兆豐-公益",0,6,-6
"8697","6207雷科","110/08/17","康和-內湖",5,0,5
"8698","6207雷科","110/08/17","新光-桃園",0,6,-6
"8699","6207雷科","110/08/17","新光",9,4,5
"8700","6207雷科","110/08/17","凱基-大里",0,6,-6
"8701","3679新至陞","110/08/17","台灣摩根士丹利",20,0,20
"8702","3679新至陞","110/08/17","台新證券",1,31,-30
"8703","3679新至陞","110/08/17","凱基-長庚",12,0,12
"8704","3679新至陞","110/08/17","統一",0,27,-27
"8705","3679新至陞","110/08/17","元大-大天母",12,0,12
"8706","3679新至陞","110/08/17","國票-南科",0,20,-20
"8707","3679新至陞","110/08/17","瑞士信貸",24,15,9
"8708","3679新至陞","110/08/17","國泰-忠孝",0,7,-7
"8709","3679新至陞","110/08/17","康和-板橋",6,0,6
"8710","3679新至陞","110/08/17","美林",10,15,-5
"8711","3679新至陞","110/08/17","元大-四維",6,0,6
"8712","3679新至陞","110/08/17","國泰-桃園",0,5,-5
"8713","3679新至陞","110/08/17","日盛-台中",5,0,5
"8714","3679新至陞","110/08/17","凱基-頭份",0,4,-4
"8715","3679新至陞","110/08/17","第一金-彰化",5,0,5
"8716","3679新至陞","110/08/17","港商野村",1,4,-3
"8717","3679新至陞","110/08/17","凱基-文心",5,1,4
"8718","3679新至陞","110/08/17","凱基-台北",8,11,-3
"8719","3679新至陞","110/08/17","元大-雙和",4,0,4
"8720","3679新至陞","110/08/17","元大證券",1,4,-3
"8721","3679新至陞","110/08/17","元大-草屯",4,0,4
"8722","3679新至陞","110/08/17","元大-新莊",0,3,-3
"8723","3679新至陞","110/08/17","合庫-彰化",2,0,2
"8724","3679新至陞","110/08/17","港商法國興業",0,2,-2
"8725","3679新至陞","110/08/17","臺銀-臺中",2,0,2
"8726","3679新至陞","110/08/17","元富-板橋",0,2,-2
"8727","3679新至陞","110/08/17","日盛-文化",3,1,2
"8728","3679新至陞","110/08/17","康和-高雄",0,2,-2
"8729","3679新至陞","110/08/17","永豐金-敦南",2,0,2
"8730","3679新至陞","110/08/17","群益金鼎-三重",0,2,-2
"8731","2727王品","110/08/17","凱基-台北",63,1,62
"8732","2727王品","110/08/17","第一金-高雄",1,111,-110
"8733","2727王品","110/08/17","台灣摩根士丹利",86,37,49
"8734","2727王品","110/08/17","摩根大通",29,118,-89
"8735","2727王品","110/08/17","瑞士信貸",32,0,32
"8736","2727王品","110/08/17","永豐金證券",0,83,-83
"8737","2727王品","110/08/17","元大-北屯",32,1,31
"8738","2727王品","110/08/17","華南永昌",1,38,-37
"8739","2727王品","110/08/17","美林",37,8,29
"8740","2727王品","110/08/17","合庫-新竹",1,31,-30
"8741","2727王品","110/08/17","凱基-市政",23,0,23
"8742","2727王品","110/08/17","中國信託-新竹",1,23,-22
"8743","2727王品","110/08/17","港商野村",74,54,20
"8744","2727王品","110/08/17","玉山證券",16,33,-17
"8745","2727王品","110/08/17","元大-板橋",20,0,20
"8746","2727王品","110/08/17","富邦-台北",5,19,-14
"8747","2727王品","110/08/17","元大-汐止",12,0,12
"8748","2727王品","110/08/17","群益金鼎-中壢",1,14,-13
"8749","2727王品","110/08/17","元大-龍潭",19,8,11
"8750","2727王品","110/08/17","富邦證券",0,13,-13
"8751","2727王品","110/08/17","元富",10,0,10
"8752","2727王品","110/08/17","元大證券",9,22,-13
"8753","2727王品","110/08/17","彰銀-台中",9,0,9
"8754","2727王品","110/08/17","聯邦商銀",0,12,-12
"8755","2727王品","110/08/17","中國信託",11,2,9
"8756","2727王品","110/08/17","日盛-屏東",7,17,-10
"8757","2727王品","110/08/17","群益金鼎-西松",10,1,9
"8758","2727王品","110/08/17","康和-高雄",0,10,-10
"8759","2727王品","110/08/17","第一金-自由",8,0,8
"8760","2727王品","110/08/17","新光-高雄",1,11,-10
"8761","1570力肯","110/08/17","元大-南投",88,1,87
"8762","1570力肯","110/08/17","富邦-仁愛",0,42,-42
"8763","1570力肯","110/08/17","群益金鼎-高雄",51,10,41
"8764","1570力肯","110/08/17","元富-新竹",0,30,-30
"8765","1570力肯","110/08/17","凱基-台北",47,7,40
"8766","1570力肯","110/08/17","元大-新盛",2,28,-26
"8767","1570力肯","110/08/17","統一",29,4,25
"8768","1570力肯","110/08/17","凱基-台南",0,20,-20
"8769","1570力肯","110/08/17","元大-大雅",25,0,25
"8770","1570力肯","110/08/17","日盛-復興",0,15,-15
"8771","1570力肯","110/08/17","台新證券",24,10,14
"8772","1570力肯","110/08/17","元大-前金",1,15,-14
"8773","1570力肯","110/08/17","元大證券",14,0,14
"8774","1570力肯","110/08/17","元大-北成功",0,14,-14
"8775","1570力肯","110/08/17","日盛-板橋",12,0,12
"8776","1570力肯","110/08/17","臺銀-臺南",0,11,-11
"8777","1570力肯","110/08/17","元大-鑫永和",11,0,11
"8778","1570力肯","110/08/17","凱基-彰化",0,11,-11
"8779","1570力肯","110/08/17","富邦-內湖",10,0,10
"8780","1570力肯","110/08/17","合庫-桃園",0,10,-10
"8781","1570力肯","110/08/17","元富-緯城",10,1,9
"8782","1570力肯","110/08/17","凱基-南崁",0,10,-10
"8783","1570力肯","110/08/17","元大-開元",10,2,8
"8784","1570力肯","110/08/17","凱基-台中",0,9,-9
"8785","1570力肯","110/08/17","元大-桃興",8,1,7
"8786","1570力肯","110/08/17","華南永昌-嘉義",0,8,-8
"8787","1570力肯","110/08/17","日盛-員林",6,0,6
"8788","1570力肯","110/08/17","元大-鹿港",1,9,-8
"8789","1570力肯","110/08/17","陽信",5,0,5
"8790","1570力肯","110/08/17","國票-中正",0,7,-7
"8791","6180橘子","110/08/17","摩根大通",107,25,82
"8792","6180橘子","110/08/17","元大-高雄",0,50,-50
"8793","6180橘子","110/08/17","美林",59,0,59
"8794","6180橘子","110/08/17","第一金-新竹",1,30,-29
"8795","6180橘子","110/08/17","美商高盛",31,0,31
"8796","6180橘子","110/08/17","台新-建北",1,25,-24
"8797","6180橘子","110/08/17","凱基-台北",32,6,26
"8798","6180橘子","110/08/17","群益金鼎-大安",0,20,-20
"8799","6180橘子","110/08/17","合庫-自強",10,0,10
"8800","6180橘子","110/08/17","台灣摩根士丹利",37,54,-17
"8801","6180橘子","110/08/17","元富-世貿",10,0,10
"8802","6180橘子","110/08/17","玉山-台南",1,13,-12
"8803","6180橘子","110/08/17","元大-台中中港",10,0,10
"8804","6180橘子","110/08/17","富邦-基隆",0,11,-11
"8805","6180橘子","110/08/17","臺銀-金山",11,2,9
"8806","6180橘子","110/08/17","日盛-雙和",0,10,-10
"8807","6180橘子","110/08/17","華南永昌-虎尾",8,0,8
"8808","6180橘子","110/08/17","統一-台南",0,10,-10
"8809","6180橘子","110/08/17","元大-彰化民生",7,0,7
"8810","6180橘子","110/08/17","新光-桃園",0,10,-10
"8811","6180橘子","110/08/17","群益金鼎-嘉義",6,0,6
"8812","6180橘子","110/08/17","凱基-竹北",0,10,-10
"8813","6180橘子","110/08/17","元大-太平",6,0,6
"8814","6180橘子","110/08/17","元大-基隆孝二",0,10,-10
"8815","6180橘子","110/08/17","永豐金-敦北",6,0,6
"8816","6180橘子","110/08/17","永豐金-大園",0,10,-10
"8817","6180橘子","110/08/17","華南永昌-台中",5,0,5
"8818","6180橘子","110/08/17","第一金-中山",0,8,-8
"8819","6180橘子","110/08/17","元大-永春",5,0,5
"8820","6180橘子","110/08/17","台新證券",4,12,-8
"8821","2390云辰","110/08/17","美林",601,355,246
"8822","2390云辰","110/08/17","富邦-虎尾",786,1240,-454
"8823","2390云辰","110/08/17","凱基-台北",999,859,140
"8824","2390云辰","110/08/17","富隆-長安",2,262,-260
"8825","2390云辰","110/08/17","新光",1508,1370,138
"8826","2390云辰","110/08/17","摩根大通",2924,3174,-250
"8827","2390云辰","110/08/17","國泰-敦南",1264,1133,131
"8828","2390云辰","110/08/17","元大-木柵",204,419,-215
"8829","2390云辰","110/08/17","富邦-內湖",143,18,125
"8830","2390云辰","110/08/17","兆豐-埔墘",10,165,-155
"8831","2390云辰","110/08/17","統一-新營",142,28,114
"8832","2390云辰","110/08/17","美商高盛",332,483,-151
"8833","2390云辰","110/08/17","兆豐-虎尾",107,5,102
"8834","2390云辰","110/08/17","元大-大同",829,966,-137
"8835","2390云辰","110/08/17","新加坡商瑞銀",274,177,97
"8836","2390云辰","110/08/17","元大-土城學府",236,367,-131
"8837","2390云辰","110/08/17","元大-上新莊",82,9,73
"8838","2390云辰","110/08/17","富邦-花蓮",5,107,-102
"8839","2390云辰","110/08/17","凱基-民權",145,78,67
"8840","2390云辰","110/08/17","元大-台中",20,118,-98
"8841","2390云辰","110/08/17","富邦-彰化",200,133,67
"8842","2390云辰","110/08/17","群益金鼎-開元",70,150,-80
"8843","2390云辰","110/08/17","宏遠-桃園",67,5,62
"8844","2390云辰","110/08/17","永豐金-古亭",27,106,-79
"8845","2390云辰","110/08/17","港商野村",2090,2030,60
"8846","2390云辰","110/08/17","土銀-士林",0,78,-78
"8847","2390云辰","110/08/17","永豐金-萬盛",76,17,59
"8848","2390云辰","110/08/17","元富-高雄",94,166,-72
"8849","2390云辰","110/08/17","元大-歸仁",85,34,51
"8850","2390云辰","110/08/17","富邦-敦南",40,108,-68
"8851","2609陽明","110/08/16","康和",4181,128,4053
"8852","2609陽明","110/08/16","凱基-台北",1053,19933,-18880
"8853","2609陽明","110/08/16","宏遠證券",2579,659,1920
"8854","2609陽明","110/08/16","群益金鼎-三重",162,5149,-4987
"8855","2609陽明","110/08/16","華南永昌-竹北",2072,225,1847
"8856","2609陽明","110/08/16","兆豐-南京",3041,5871,-2830
"8857","2609陽明","110/08/16","凱基-虎尾",4140,2400,1740
"8858","2609陽明","110/08/16","中國信託-松江",116,2823,-2707
"8859","2609陽明","110/08/16","元大證券",8157,7010,1147
"8860","2609陽明","110/08/16","兆豐-復興",107,2607,-2500
"8861","2609陽明","110/08/16","摩根大通",5939,5074,865
"8862","2609陽明","110/08/16","美林",2802,5073,-2271
"8863","2609陽明","110/08/16","永豐金-信義",865,85,780
"8864","2609陽明","110/08/16","兆豐-三民",182,2181,-1999
"8865","2609陽明","110/08/16","元大-頭份",1005,248,757
"8866","2609陽明","110/08/16","新加坡商瑞銀",561,2511,-1950
"8867","2609陽明","110/08/16","港商野村",2920,2184,736
"8868","2609陽明","110/08/16","凱基-城中",585,1560,-975
"8869","2609陽明","110/08/16","元大-信義",944,209,735
"8870","2609陽明","110/08/16","元大-竹科",394,1326,-932
"8871","2609陽明","110/08/16","凱基-市政",14533,13859,674
"8872","2609陽明","110/08/16","群益金鼎-大安",89,951,-862
"8873","2609陽明","110/08/16","富邦-嘉義",7027,6481,546
"8874","2609陽明","110/08/16","瑞士信貸",910,1607,-697
"8875","2609陽明","110/08/16","新光-新竹",1792,1331,461
"8876","2609陽明","110/08/16","兆豐-新竹",305,932,-627
"8877","2609陽明","110/08/16","凱基-台南",808,378,430
"8878","2609陽明","110/08/16","元大-永春",376,856,-480
"8879","2609陽明","110/08/16","凱基-信義",434,31,403
"8880","2609陽明","110/08/16","元富",483,956,-473
"8881","2636台驊投控","110/08/16","凱基",893,138,755
"8882","2636台驊投控","110/08/16","日盛-台中",36,221,-185
"8883","2636台驊投控","110/08/16","瑞士信貸",524,17,507
"8884","2636台驊投控","110/08/16","統一-新竹",4,188,-184
"8885","2636台驊投控","110/08/16","台灣摩根士丹利",534,35,499
"8886","2636台驊投控","110/08/16","國泰-敦南",291,403,-112
"8887","2636台驊投控","110/08/16","富邦-花蓮",283,25,258
"8888","2636台驊投控","110/08/16","新光",259,366,-107
"8889","2636台驊投控","110/08/16","新光-新竹",349,144,205
"8890","2636台驊投控","110/08/16","群益金鼎",89,185,-96
"8891","2636台驊投控","110/08/16","國票-彰化",442,282,160
"8892","2636台驊投控","110/08/16","新光-桃園",22,98,-76
"8893","2636台驊投控","110/08/16","大慶",160,1,159
"8894","2636台驊投控","110/08/16","群益金鼎-南京",57,126,-69
"8895","2636台驊投控","110/08/16","富邦-虎尾",144,13,131
"8896","2636台驊投控","110/08/16","玉山-台南",61,127,-66
"8897","2636台驊投控","110/08/16","元大-士林",118,2,116
"8898","2636台驊投控","110/08/16","元富-大昌",5,66,-61
"8899","2636台驊投控","110/08/16","摩根大通",799,698,101
"8900","2636台驊投控","110/08/16","日盛證券",78,137,-59
"8901","2636台驊投控","110/08/16","日盛-宜蘭",100,3,97
"8902","2636台驊投控","110/08/16","凱基-市政",13,68,-55
"8903","2636台驊投控","110/08/16","凱基-台北",786,690,96
"8904","2636台驊投控","110/08/16","兆豐-城中",7,58,-51
"8905","2636台驊投控","110/08/16","兆豐-東門",101,31,70
"8906","2636台驊投控","110/08/16","永豐金-新竹",33,83,-50
"8907","2636台驊投控","110/08/16","凱基-長庚",66,6,60
"8908","2636台驊投控","110/08/16","國泰-台中",69,115,-46
"8909","2636台驊投控","110/08/16","元富-中壢",76,18,58
"8910","2636台驊投控","110/08/16","國票-九鼎",18,61,-43
"8911","2867三商壽","110/08/16","兆豐-大同",800,0,800
"8912","2867三商壽","110/08/16","台新證券",7,983,-976
"8913","2867三商壽","110/08/16","元富-世貿",646,5,641
"8914","2867三商壽","110/08/16","美林",0,406,-406
"8915","2867三商壽","110/08/16","元大-土城永寧",320,0,320
"8916","2867三商壽","110/08/16","(牛牛牛)亞-鑫豐",15,120,-105
"8917","2867三商壽","110/08/16","新加坡商瑞銀",241,18,223
"8918","2867三商壽","110/08/16","土銀",0,100,-100
"8919","2867三商壽","110/08/16","玉山-城中",156,0,156
"8920","2867三商壽","110/08/16","兆豐-來福",0,100,-100
"8921","2867三商壽","110/08/16","元大-桃園",100,0,100
"8922","2867三商壽","110/08/16","凱基-虎尾",0,90,-90
"8923","2867三商壽","110/08/16","高橋-龍潭",87,1,86
"8924","2867三商壽","110/08/16","瑞士信貸",53,140,-87
"8925","2867三商壽","110/08/16","富邦-員林",79,0,79
"8926","2867三商壽","110/08/16","花旗環球",7,83,-76
"8927","2867三商壽","110/08/16","華南永昌-高雄",50,0,50
"8928","2867三商壽","110/08/16","元大-大同",0,67,-67
"8929","2867三商壽","110/08/16","元大-崇德",50,0,50
"8930","2867三商壽","110/08/16","日盛-板橋",0,60,-60
"8931","2867三商壽","110/08/16","華南永昌-虎尾",40,0,40
"8932","2867三商壽","110/08/16","元大-博愛",2,62,-60
"8933","2867三商壽","110/08/16","元大-大統",40,0,40
"8934","2867三商壽","110/08/16","(牛牛牛)亞-網路",0,55,-55
"8935","2867三商壽","110/08/16","新光",87,48,39
"8936","2867三商壽","110/08/16","美商高盛",105,158,-53
"8937","2867三商壽","110/08/16","元大-大安",36,0,36
"8938","2867三商壽","110/08/16","永豐金-屏東",1,52,-51
"8939","2867三商壽","110/08/16","群益金鼎-西松",35,0,35
"8940","2867三商壽","110/08/16","兆豐-台中港",0,50,-50
"8941","5521工信","110/08/16","第一金-新竹",84,0,84
"8942","5521工信","110/08/16","摩根大通",83,306,-223
"8943","5521工信","110/08/16","日進",60,0,60
"8944","5521工信","110/08/16","日盛證券",0,70,-70
"8945","5521工信","110/08/16","凱基-中壢",40,0,40
"8946","5521工信","110/08/16","群益金鼎-海山",0,40,-40
"8947","5521工信","110/08/16","台新證券",37,0,37
"8948","5521工信","110/08/16","華南永昌",0,39,-39
"8949","5521工信","110/08/16","群益金鼎-台中",35,0,35
"8950","5521工信","110/08/16","美林",5,43,-38
"8951","5521工信","110/08/16","富邦-台北",30,0,30
"8952","5521工信","110/08/16","康和-澎湖",0,30,-30
"8953","5521工信","110/08/16","元大-永和",30,0,30
"8954","5521工信","110/08/16","華南永昌-彰化",5,34,-29
"8955","5521工信","110/08/16","華南永昌-潮州",28,0,28
"8956","5521工信","110/08/16","元大-龍潭",0,25,-25
"8957","5521工信","110/08/16","玉山-嘉義",23,0,23
"8958","5521工信","110/08/16","兆豐-桃園",0,24,-24
"8959","5521工信","110/08/16","元大-新莊",40,17,23
"8960","5521工信","110/08/16","華南永昌-林口",1,25,-24
"8961","5521工信","110/08/16","第一金-桃園",22,0,22
"8962","5521工信","110/08/16","台灣企銀-台中",0,20,-20
"8963","5521工信","110/08/16","凱基-鳳山",20,0,20
"8964","5521工信","110/08/16","第一金-台南",0,20,-20
"8965","5521工信","110/08/16","元大-路竹",20,0,20
"8966","5521工信","110/08/16","元富-古亭",0,20,-20
"8967","5521工信","110/08/16","合庫-桃園",20,1,19
"8968","5521工信","110/08/16","兆豐-中壢",0,20,-20
"8969","5521工信","110/08/16","臺銀-鳳山",21,2,19
"8970","5521工信","110/08/16","元大-仁愛",0,20,-20
"8971","1471首利","110/08/16","摩根大通",196,88,108
"8972","1471首利","110/08/16","元大-草屯",1,200,-199
"8973","1471首利","110/08/16","瑞士信貸",95,17,78
"8974","1471首利","110/08/16","元富-埔里",0,51,-51
"8975","1471首利","110/08/16","新加坡商瑞銀",38,0,38
"8976","1471首利","110/08/16","凱基-雙和",0,40,-40
"8977","1471首利","110/08/16","國泰-敦南",37,2,35
"8978","1471首利","110/08/16","華南永昌-公誠",0,40,-40
"8979","1471首利","110/08/16","凱基-彰化",31,0,31
"8980","1471首利","110/08/16","元大-大灣",0,36,-36
"8981","1471首利","110/08/16","光和-溪湖",20,0,20
"8982","1471首利","110/08/16","新光-台中",17,42,-25
"8983","1471首利","110/08/16","國票-中港",20,0,20
"8984","1471首利","110/08/16","富邦-仁愛",0,25,-25
"8985","1471首利","110/08/16","美林",15,0,15
"8986","1471首利","110/08/16","群益金鼎-台北",0,24,-24
"8987","1471首利","110/08/16","元大-板橋",15,0,15
"8988","1471首利","110/08/16","永豐金-竹北",0,22,-22
"8989","1471首利","110/08/16","凱基-長庚",16,2,14
"8990","1471首利","110/08/16","合庫-台中",0,20,-20
"8991","1471首利","110/08/16","元大-斗信",14,0,14
"8992","1471首利","110/08/16","高橋-龍潭",2,22,-20
"8993","1471首利","110/08/16","第一金-高雄",12,0,12
"8994","1471首利","110/08/16","國票-台中",0,20,-20
"8995","1471首利","110/08/16","玉山-大里",12,0,12
"8996","1471首利","110/08/16","群益金鼎-潭子",0,20,-20
"8997","1471首利","110/08/16","永豐金-大園",12,0,12
"8998","1471首利","110/08/16","台新證券",2,19,-17
"8999","1471首利","110/08/16","永豐金-中正",12,0,12
"9000","1471首利","110/08/16","聯邦-高雄",0,15,-15
"9001","2883開發金","110/08/16","中國信託-文心",4881,27,4854
"9002","2883開發金","110/08/16","摩根大通",1712,30864,-29152
"9003","2883開發金","110/08/16","國泰-敦南",3101,627,2474
"9004","2883開發金","110/08/16","台灣摩根士丹利",453,18916,-18463
"9005","2883開發金","110/08/16","亞東-新竹",3614,1222,2392
"9006","2883開發金","110/08/16","凱基-台北",8208,20874,-12666
"9007","2883開發金","110/08/16","花旗環球",3115,841,2274
"9008","2883開發金","110/08/16","新加坡商瑞銀",363,11873,-11510
"9009","2883開發金","110/08/16","元大證券",3308,1099,2209
"9010","2883開發金","110/08/16","美林",130,9722,-9592
"9011","2883開發金","110/08/16","康和-仁愛",2103,0,2103
"9012","2883開發金","110/08/16","統一",766,7210,-6444
"9013","2883開發金","110/08/16","玉山-大里",1874,31,1843
"9014","2883開發金","110/08/16","元富",48,5683,-5635
"9015","2883開發金","110/08/16","第一金-忠孝",1836,3,1833
"9016","2883開發金","110/08/16","富邦證券",147,4117,-3970
"9017","2883開發金","110/08/16","宏遠證券",1825,5,1820
"9018","2883開發金","110/08/16","國票-長城",22,2713,-2691
"9019","2883開發金","110/08/16","統一-新竹",1630,2,1628
"9020","2883開發金","110/08/16","台新證券",1753,4439,-2686
"9021","2883開發金","110/08/16","國泰-板橋",1493,346,1147
"9022","2883開發金","110/08/16","元大-士林",417,2698,-2281
"9023","2883開發金","110/08/16","國泰-館前",1856,775,1081
"9024","2883開發金","110/08/16","港商野村",3026,5159,-2133
"9025","2883開發金","110/08/16","群益金鼎-高盛",1005,12,993
"9026","2883開發金","110/08/16","瑞士信貸",1295,3237,-1942
"9027","2883開發金","110/08/16","元大-新莊",860,16,844
"9028","2883開發金","110/08/16","美商高盛",162,1917,-1755
"9029","2883開發金","110/08/16","臺銀",807,32,775
"9030","2883開發金","110/08/16","國泰證券",290,1593,-1303
"9031","6205詮欣","110/08/16","凱基-汐止",22,0,22
"9032","6205詮欣","110/08/16","凱基-台北",0,10,-10
"9033","6205詮欣","110/08/16","臺銀-民權",10,0,10
"9034","6205詮欣","110/08/16","永興-水湳",0,6,-6
"9035","6205詮欣","110/08/16","德信-新營",6,0,6
"9036","6205詮欣","110/08/16","國票-博愛",0,6,-6
"9037","6205詮欣","110/08/16","玉山證券",5,0,5
"9038","6205詮欣","110/08/16","日盛-三重",5,10,-5
"9039","6205詮欣","110/08/16","亞東-板橋",4,0,4
"9040","6205詮欣","110/08/16","日盛-永康",0,5,-5
"9041","6205詮欣","110/08/16","元大-羅東",4,0,4
"9042","6205詮欣","110/08/16","摩根大通",0,5,-5
"9043","6205詮欣","110/08/16","元大-汐止",4,0,4
"9044","6205詮欣","110/08/16","玉山-台南",0,5,-5
"9045","6205詮欣","110/08/16","臺銀-高雄",3,0,3
"9046","6205詮欣","110/08/16","元大-大天母",0,4,-4
"9047","6205詮欣","110/08/16","美林",2,0,2
"9048","6205詮欣","110/08/16","永豐金-中盛",0,3,-3
"9049","6205詮欣","110/08/16","群益金鼎-基隆",2,0,2
"9050","6205詮欣","110/08/16","華南永昌-彰化",0,2,-2
"9051","6205詮欣","110/08/16","合庫-三重",1,0,1
"9052","6205詮欣","110/08/16","富邦-中壢",0,2,-2
"9053","6205詮欣","110/08/16","(牛牛牛)亞-網路",1,0,1
"9054","6205詮欣","110/08/16","元大-成功",0,2,-2
"9055","6205詮欣","110/08/16","豐農",1,0,1
"9056","6205詮欣","110/08/16","統一-士林",0,1,-1
"9057","6205詮欣","110/08/16","凱基-站前",1,0,1
"9058","6205詮欣","110/08/16","統一-金門",0,1,-1
"9059","6205詮欣","110/08/16","富邦-建國",1,0,1
"9060","6205詮欣","110/08/16","元富-文心",0,1,-1
"9061","1540喬福","110/08/16","元大-成功",25,0,25
"9062","1540喬福","110/08/16","凱基-台北",0,51,-51
"9063","1540喬福","110/08/16","新光",16,0,16
"9064","1540喬福","110/08/16","新光-新竹",10,29,-19
"9065","1540喬福","110/08/16","日盛-鳳山",10,0,10
"9066","1540喬福","110/08/16","元大-北屯",0,18,-18
"9067","1540喬福","110/08/16","台新-左楠",10,0,10
"9068","1540喬福","110/08/16","北城證券",0,16,-16
"9069","1540喬福","110/08/16","玉山-左營",10,0,10
"9070","1540喬福","110/08/16","國泰-敦南",2,18,-16
"9071","1540喬福","110/08/16","富邦-南屯",10,0,10
"9072","1540喬福","110/08/16","新光-桃園",0,15,-15
"9073","1540喬福","110/08/16","富邦-板橋",8,0,8
"9074","1540喬福","110/08/16","新光-台南",0,12,-12
"9075","1540喬福","110/08/16","凱基-中壢",7,0,7
"9076","1540喬福","110/08/16","凱基-台中",0,12,-12
"9077","1540喬福","110/08/16","元富-新竹",5,0,5
"9078","1540喬福","110/08/16","元大-汐止",0,10,-10
"9079","1540喬福","110/08/16","兆豐-北高雄",5,0,5
"9080","1540喬福","110/08/16","凱基-竹北",0,7,-7
"9081","1540喬福","110/08/16","台新-台中",5,0,5
"9082","1540喬福","110/08/16","日盛-文化",0,4,-4
"9083","1540喬福","110/08/16","凱基-台南",5,0,5
"9084","1540喬福","110/08/16","富邦-桃園",0,3,-3
"9085","1540喬福","110/08/16","元大-龍潭",5,0,5
"9086","1540喬福","110/08/16","摩根大通",1,3,-2
"9087","1540喬福","110/08/16","元富-緯城",4,0,4
"9088","1540喬福","110/08/16","玉山-城中",0,2,-2
"9089","1540喬福","110/08/16","元大-大安",4,0,4
"9090","1540喬福","110/08/16","永豐金-桃園",0,2,-2
"9091","2888新光金","110/08/16","兆豐-公益",12939,12,12927
"9092","2888新光金","110/08/16","摩根大通",2056,10998,-8942
"9093","2888新光金","110/08/16","元大-忠孝鼎富",11100,189,10911
"9094","2888新光金","110/08/16","元富-城東",25,8381,-8356
"9095","2888新光金","110/08/16","港商麥格理",9753,0,9753
"9096","2888新光金","110/08/16","元富",6,7491,-7485
"9097","2888新光金","110/08/16","群益金鼎-大安",3294,0,3294
"9098","2888新光金","110/08/16","美林",136,3975,-3839
"9099","2888新光金","110/08/16","凱基-復興",3020,0,3020
"9100","2888新光金","110/08/16","臺銀-高雄",19,3007,-2988
"9101","2888新光金","110/08/16","美商高盛",5603,3216,2387
"9102","2888新光金","110/08/16","台灣摩根士丹利",419,2562,-2143
"9103","2888新光金","110/08/16","國票-台東",2067,0,2067
"9104","2888新光金","110/08/16","瑞士信貸",58,1618,-1560
"9105","2888新光金","110/08/16","群益金鼎-台北",1872,0,1872
"9106","2888新光金","110/08/16","玉山-新竹",0,1497,-1497
"9107","2888新光金","110/08/16","新加坡商瑞銀",2005,179,1826
"9108","2888新光金","110/08/16","國票-博愛",3,1208,-1205
"9109","2888新光金","110/08/16","華南永昌-忠孝",1827,90,1737
"9110","2888新光金","110/08/16","元大-士林",85,1185,-1100
"9111","2888新光金","110/08/16","富邦-新營",1400,0,1400
"9112","2888新光金","110/08/16","臺銀-民權",19,1095,-1076
"9113","2888新光金","110/08/16","華南永昌-鳳山",1174,11,1163
"9114","2888新光金","110/08/16","法銀巴黎",0,868,-868
"9115","2888新光金","110/08/16","元大-員林",1051,12,1039
"9116","2888新光金","110/08/16","群益金鼎",10,847,-837
"9117","2888新光金","110/08/16","富邦-高雄",1015,11,1004
"9118","2888新光金","110/08/16","元富-世貿",7,794,-787
"9119","2888新光金","110/08/16","日盛-南京",1000,5,995
"9120","2888新光金","110/08/16","國票-安和",0,724,-724
"9121","1340勝悅","110/08/16","元富-成功",30,0,30
"9122","1340勝悅","110/08/16","元富-城東",0,107,-107
"9123","1340勝悅","110/08/16","華南永昌-公誠",30,0,30
"9124","1340勝悅","110/08/16","永豐金-竹科",0,38,-38
"9125","1340勝悅","110/08/16","華南永昌-敦南",25,0,25
"9126","1340勝悅","110/08/16","德信-新營",0,30,-30
"9127","1340勝悅","110/08/16","合庫-自強",15,0,15
"9128","1340勝悅","110/08/16","國泰-松江",0,15,-15
"9129","1340勝悅","110/08/16","臺銀-鳳山",15,0,15
"9130","1340勝悅","110/08/16","摩根大通",5,17,-12
"9131","1340勝悅","110/08/16","元富-中港",10,0,10
"9132","1340勝悅","110/08/16","港商法國興業",0,11,-11
"9133","1340勝悅","110/08/16","永豐金-南京",10,0,10
"9134","1340勝悅","110/08/16","玉山-高雄",0,10,-10
"9135","1340勝悅","110/08/16","新光",9,0,9
"9136","1340勝悅","110/08/16","凱基-台北",0,10,-10
"9137","1340勝悅","110/08/16","國泰-台中",14,7,7
"9138","1340勝悅","110/08/16","華南永昌-嘉義",0,10,-10
"9139","1340勝悅","110/08/16","元大-苗栗",6,0,6
"9140","1340勝悅","110/08/16","合庫-台南",0,6,-6
"9141","1340勝悅","110/08/16","元大-屏南",6,0,6
"9142","1340勝悅","110/08/16","玉山-桃園",0,5,-5
"9143","1340勝悅","110/08/16","臺灣企銀-埔墘",5,0,5
"9144","1340勝悅","110/08/16","永豐金-博愛",0,5,-5
"9145","1340勝悅","110/08/16","日盛-板橋",5,0,5
"9146","1340勝悅","110/08/16","美林",0,2,-2
"9147","1340勝悅","110/08/16","致和-東門",5,0,5
"9148","1340勝悅","110/08/16","兆豐-城中",0,2,-2
"9149","1340勝悅","110/08/16","群益金鼎-館前",7,2,5
"9150","1340勝悅","110/08/16","元大-大雅",0,2,-2
"9151","6246臺龍","110/08/16","元大-南投",25,5,20
"9152","6246臺龍","110/08/16","元大-中壢",9,26,-17
"9153","6246臺龍","110/08/16","港商野村",65,46,19
"9154","6246臺龍","110/08/16","台新-台中",1,15,-14
"9155","6246臺龍","110/08/16","華南永昌",23,5,18
"9156","6246臺龍","110/08/16","群益金鼎-開元",0,12,-12
"9157","6246臺龍","110/08/16","華南永昌-彰化",15,4,11
"9158","6246臺龍","110/08/16","凱基-苗栗",0,7,-7
"9159","6246臺龍","110/08/16","統一-台中",10,0,10
"9160","6246臺龍","110/08/16","日盛-鳳山",0,6,-6
"9161","6246臺龍","110/08/16","兆豐-新營",11,1,10
"9162","6246臺龍","110/08/16","台新證券",4,10,-6
"9163","6246臺龍","110/08/16","玉山-桃園",10,0,10
"9164","6246臺龍","110/08/16","新光",4,10,-6
"9165","6246臺龍","110/08/16","凱基-台北",12,2,10
"9166","6246臺龍","110/08/16","華南永昌-嘉義",0,6,-6
"9167","6246臺龍","110/08/16","群益金鼎-東大",9,0,9
"9168","6246臺龍","110/08/16","元大-竹北",0,6,-6
"9169","6246臺龍","110/08/16","元富-中港",6,0,6
"9170","6246臺龍","110/08/16","元大-永康",0,6,-6
"9171","6246臺龍","110/08/16","德信-新營",6,0,6
"9172","6246臺龍","110/08/16","元富-新店",0,5,-5
"9173","6246臺龍","110/08/16","兆豐-西螺",5,0,5
"9174","6246臺龍","110/08/16","台中銀",0,5,-5
"9175","6246臺龍","110/08/16","群益金鼎-土城",5,0,5
"9176","6246臺龍","110/08/16","群益金鼎-永和",0,5,-5
"9177","6246臺龍","110/08/16","富邦-仁愛",5,0,5
"9178","6246臺龍","110/08/16","元大-台南",0,5,-5
"9179","6246臺龍","110/08/16","元大-基隆孝二",7,2,5
"9180","6246臺龍","110/08/16","元大-土城",0,5,-5
"9181","00715L期街口布蘭特正2","110/08/16","元富",1720,5,1715
"9182","00715L期街口布蘭特正2","110/08/16","元大證券",365,4674,-4309
"9183","00715L期街口布蘭特正2","110/08/16","港商野村",1350,660,690
"9184","00715L期街口布蘭特正2","110/08/16","華南永昌-長虹",50,820,-770
"9185","00715L期街口布蘭特正2","110/08/16","(牛牛牛)亞-鑫豐",587,51,536
"9186","00715L期街口布蘭特正2","110/08/16","凱基-台北",42,470,-428
"9187","00715L期街口布蘭特正2","110/08/16","富邦-嘉義",405,0,405
"9188","00715L期街口布蘭特正2","110/08/16","永豐金證券",5,360,-355
"9189","00715L期街口布蘭特正2","110/08/16","兆豐-嘉義",303,0,303
"9190","00715L期街口布蘭特正2","110/08/16","元大-復北",1,333,-332
"9191","00715L期街口布蘭特正2","110/08/16","元大-學甲",272,0,272
"9192","00715L期街口布蘭特正2","110/08/16","兆豐-新莊",0,306,-306
"9193","00715L期街口布蘭特正2","110/08/16","元大-中和",308,52,256
"9194","00715L期街口布蘭特正2","110/08/16","凱基-松山",0,302,-302
"9195","00715L期街口布蘭特正2","110/08/16","新光",318,84,234
"9196","00715L期街口布蘭特正2","110/08/16","統一-桃園",7,280,-273
"9197","00715L期街口布蘭特正2","110/08/16","元大-北港",165,0,165
"9198","00715L期街口布蘭特正2","110/08/16","日盛-板橋",31,300,-269
"9199","00715L期街口布蘭特正2","110/08/16","台中銀",202,45,157
"9200","00715L期街口布蘭特正2","110/08/16","凱基",0,250,-250
"9201","00715L期街口布蘭特正2","110/08/16","元大-台中中港",157,0,157
"9202","00715L期街口布蘭特正2","110/08/16","富邦-仁愛",11,250,-239
"9203","00715L期街口布蘭特正2","110/08/16","元大-花蓮",150,4,146
"9204","00715L期街口布蘭特正2","110/08/16","台新-台中",34,262,-228
"9205","00715L期街口布蘭特正2","110/08/16","統一-台中",165,32,133
"9206","00715L期街口布蘭特正2","110/08/16","元富-吉利",5,210,-205
"9207","00715L期街口布蘭特正2","110/08/16","永全-南崁",130,0,130
"9208","00715L期街口布蘭特正2","110/08/16","康和",0,150,-150
"9209","00715L期街口布蘭特正2","110/08/16","元富-中壢",223,100,123
"9210","00715L期街口布蘭特正2","110/08/16","兆豐-台中港",53,190,-137
"9211","8941關中","110/08/16","凱基-市府",4,0,4
"9212","8941關中","110/08/16","統一-台中",0,3,-3
"9213","8941關中","110/08/16","(牛牛牛)亞-鑫豐",2,1,1
"9214","8941關中","110/08/16","宏遠-中和",0,1,-1
"9215","8941關中","110/08/16","富邦-左營",1,0,1
"9216","8941關中","110/08/16","富邦-竹北",0,1,-1
"9217","8941關中","110/08/16","元大-路竹",1,0,1
"9218","8941關中","110/08/16","元大-華山",0,1,-1
"9219","8941關中","110/08/16","統一-新台中",0,0,0
"9220","8941關中","110/08/16","永豐金-中正",0,1,-1
"9221","8941關中","110/08/16","元富-中港",0,0,0
"9222","8941關中","110/08/16","統一-新台中",0,0,0
"9223","8941關中","110/08/16","元大證券",0,0,0
"9224","8941關中","110/08/16","元富-中港",0,0,0
"9225","8941關中","110/08/16","元大-龍潭",0,0,0
"9226","8941關中","110/08/16","元大證券",0,0,0
"9227","8941關中","110/08/16","永豐金-南投",0,0,0
"9228","8941關中","110/08/16","元大-龍潭",0,0,0
"9229","8941關中","110/08/16","",NA,NA,NA
"9230","8941關中","110/08/16","永豐金-南投",0,0,0
"9231","8941關中","110/08/16","",NA,NA,NA
"9232","8941關中","110/08/16","",NA,NA,NA
"9233","8941關中","110/08/16","",NA,NA,NA
"9234","8941關中","110/08/16","",NA,NA,NA
"9235","8941關中","110/08/16","",NA,NA,NA
"9236","8941關中","110/08/16","",NA,NA,NA
"9237","8941關中","110/08/16","",NA,NA,NA
"9238","8941關中","110/08/16","",NA,NA,NA
"9239","8941關中","110/08/16","",NA,NA,NA
"9240","8941關中","110/08/16","",NA,NA,NA
"9241","8936國統","110/08/16","台中銀-高雄",200,0,200
"9242","8936國統","110/08/16","摩根大通",39,181,-142
"9243","8936國統","110/08/16","美林",139,31,108
"9244","8936國統","110/08/16","新加坡商瑞銀",48,178,-130
"9245","8936國統","110/08/16","元大-天母",50,0,50
"9246","8936國統","110/08/16","凱基-台北",66,161,-95
"9247","8936國統","110/08/16","中國信託",50,2,48
"9248","8936國統","110/08/16","新光-桃園",2,90,-88
"9249","8936國統","110/08/16","元大-豐原站前",40,0,40
"9250","8936國統","110/08/16","台灣摩根士丹利",1,79,-78
"9251","8936國統","110/08/16","元大-北港",32,0,32
"9252","8936國統","110/08/16","永豐金-苓雅",10,80,-70
"9253","8936國統","110/08/16","永豐金-竹科",28,0,28
"9254","8936國統","110/08/16","富邦-南屯",15,64,-49
"9255","8936國統","110/08/16","凱基-岡山",27,0,27
"9256","8936國統","110/08/16","台新-高雄",10,56,-46
"9257","8936國統","110/08/16","第一金-自由",20,0,20
"9258","8936國統","110/08/16","國票-北高雄",5,30,-25
"9259","8936國統","110/08/16","港商野村",68,50,18
"9260","8936國統","110/08/16","台新-屏東",0,25,-25
"9261","8936國統","110/08/16","華南永昌-岡山",16,0,16
"9262","8936國統","110/08/16","元大-高雄",0,23,-23
"9263","8936國統","110/08/16","新光-台中",59,44,15
"9264","8936國統","110/08/16","台灣企銀-豐原",0,22,-22
"9265","8936國統","110/08/16","日盛證券",14,0,14
"9266","8936國統","110/08/16","玉山證券",0,19,-19
"9267","8936國統","110/08/16","元富-林園",12,0,12
"9268","8936國統","110/08/16","日盛-中壢",0,16,-16
"9269","8936國統","110/08/16","兆豐-景美",12,0,12
"9270","8936國統","110/08/16","美商高盛",6,21,-15
"9271","6226光鼎","110/08/16","凱基-台北",1070,545,525
"9272","6226光鼎","110/08/16","台新證券",86,218,-132
"9273","6226光鼎","110/08/16","美林",291,133,158
"9274","6226光鼎","110/08/16","元富-新竹",10,139,-129
"9275","6226光鼎","110/08/16","瑞士信貸",144,6,138
"9276","6226光鼎","110/08/16","元大-台南",0,101,-101
"9277","6226光鼎","110/08/16","摩根大通",340,206,134
"9278","6226光鼎","110/08/16","永豐金-南投",1,100,-99
"9279","6226光鼎","110/08/16","美商高盛",222,102,120
"9280","6226光鼎","110/08/16","華南永昌-高雄",1,63,-62
"9281","6226光鼎","110/08/16","新光",195,77,118
"9282","6226光鼎","110/08/16","元大-仁愛",1,61,-60
"9283","6226光鼎","110/08/16","第一金-大稻埕",103,1,102
"9284","6226光鼎","110/08/16","群益金鼎-士林",39,98,-59
"9285","6226光鼎","110/08/16","元大-北投",101,4,97
"9286","6226光鼎","110/08/16","元大-府城",20,72,-52
"9287","6226光鼎","110/08/16","元大-竹科",101,10,91
"9288","6226光鼎","110/08/16","合庫-鳳山",4,53,-49
"9289","6226光鼎","110/08/16","元大-北屯",104,15,89
"9290","6226光鼎","110/08/16","國票-九鼎",2,44,-42
"9291","6226光鼎","110/08/16","國泰-桃園",98,29,69
"9292","6226光鼎","110/08/16","元大-金華",13,55,-42
"9293","6226光鼎","110/08/16","群益金鼎-東門",67,0,67
"9294","6226光鼎","110/08/16","富邦-竹東",5,43,-38
"9295","6226光鼎","110/08/16","港商野村",277,215,62
"9296","6226光鼎","110/08/16","元大-雙和",6,43,-37
"9297","6226光鼎","110/08/16","群益金鼎-西松",51,1,50
"9298","6226光鼎","110/08/16","中國信託-忠孝",2,36,-34
"9299","6226光鼎","110/08/16","元富-古亭",50,3,47
"9300","6226光鼎","110/08/16","華南永昌-三重",3,37,-34
"9301","2363矽統","110/08/16","凱基-台北",2187,1127,1060
"9302","2363矽統","110/08/16","元大-東泰",32,339,-307
"9303","2363矽統","110/08/16","美商高盛",1277,381,896
"9304","2363矽統","110/08/16","國泰-敦南",408,608,-200
"9305","2363矽統","110/08/16","美林",777,172,605
"9306","2363矽統","110/08/16","台灣摩根士丹利",6,185,-179
"9307","2363矽統","110/08/16","新加坡商瑞銀",764,476,288
"9308","2363矽統","110/08/16","群益金鼎",14,154,-140
"9309","2363矽統","110/08/16","永豐金-嘉義",250,2,248
"9310","2363矽統","110/08/16","富邦-新竹",103,229,-126
"9311","2363矽統","110/08/16","瑞士信貸",247,11,236
"9312","2363矽統","110/08/16","凱基",0,120,-120
"9313","2363矽統","110/08/16","群益金鼎-士林",173,17,156
"9314","2363矽統","110/08/16","元大-大統",25,138,-113
"9315","2363矽統","110/08/16","統一-新竹",151,2,149
"9316","2363矽統","110/08/16","富邦-中壢",17,125,-108
"9317","2363矽統","110/08/16","港商野村",1539,1409,130
"9318","2363矽統","110/08/16","兆豐-天母",1,102,-101
"9319","2363矽統","110/08/16","凱基-長庚",136,12,124
"9320","2363矽統","110/08/16","陽信-石牌",13,105,-92
"9321","2363矽統","110/08/16","台新-三民",156,49,107
"9322","2363矽統","110/08/16","永豐金-新店",8,100,-92
"9323","2363矽統","110/08/16","凱基-南崁",98,26,72
"9324","2363矽統","110/08/16","日盛-北高雄",25,105,-80
"9325","2363矽統","110/08/16","元富-城東",78,9,69
"9326","2363矽統","110/08/16","元大-萬華",36,116,-80
"9327","2363矽統","110/08/16","元大-汐止",144,79,65
"9328","2363矽統","110/08/16","玉山證券",37,116,-79
"9329","2363矽統","110/08/16","永豐金-中壢",91,28,63
"9330","2363矽統","110/08/16","元大-敦南",3,81,-78
"9331","8112至上","110/08/16","合庫證券",140,7,133
"9332","8112至上","110/08/16","摩根大通",19,588,-569
"9333","8112至上","110/08/16","新光-桃園",102,4,98
"9334","8112至上","110/08/16","新加坡商瑞銀",17,338,-321
"9335","8112至上","110/08/16","元大-敦化",80,2,78
"9336","8112至上","110/08/16","瑞士信貸",3,181,-178
"9337","8112至上","110/08/16","元大-台北",71,0,71
"9338","8112至上","110/08/16","美林",84,183,-99
"9339","8112至上","110/08/16","凱基-嘉義",97,37,60
"9340","8112至上","110/08/16","台灣摩根士丹利",9,101,-92
"9341","8112至上","110/08/16","元大-開元",44,1,43
"9342","8112至上","110/08/16","凱基-台北",133,201,-68
"9343","8112至上","110/08/16","永豐金-台中",43,0,43
"9344","8112至上","110/08/16","新光-高雄",3,57,-54
"9345","8112至上","110/08/16","元大-仁愛",40,0,40
"9346","8112至上","110/08/16","新百王",1,51,-50
"9347","8112至上","110/08/16","富邦-仁愛",65,27,38
"9348","8112至上","110/08/16","華南永昌-新莊",2,47,-45
"9349","8112至上","110/08/16","元大-前金",40,3,37
"9350","8112至上","110/08/16","華南永昌-潮州",0,30,-30
"9351","8112至上","110/08/16","富邦-中壢",33,1,32
"9352","8112至上","110/08/16","國票-長城",18,45,-27
"9353","8112至上","110/08/16","統一-中壢",31,0,31
"9354","8112至上","110/08/16","群益金鼎-海山",3,30,-27
"9355","8112至上","110/08/16","台新-台中",32,1,31
"9356","8112至上","110/08/16","元大-發財",1,28,-27
"9357","8112至上","110/08/16","新光",38,11,27
"9358","8112至上","110/08/16","兆豐-斗南",4,30,-26
"9359","8112至上","110/08/16","合庫-嘉義",25,0,25
"9360","8112至上","110/08/16","國泰-板橋",9,32,-23
"9361","1570力肯","110/08/16","兆豐-民生",80,0,80
"9362","1570力肯","110/08/16","台新證券",17,184,-167
"9363","1570力肯","110/08/16","國票-北高雄",145,85,60
"9364","1570力肯","110/08/16","凱基-台北",61,183,-122
"9365","1570力肯","110/08/16","新光",83,31,52
"9366","1570力肯","110/08/16","摩根大通",18,89,-71
"9367","1570力肯","110/08/16","凱基-三峽",40,0,40
"9368","1570力肯","110/08/16","新光-台南",1,50,-49
"9369","1570力肯","110/08/16","元大-大雅",40,0,40
"9370","1570力肯","110/08/16","國泰-松江",0,30,-30
"9371","1570力肯","110/08/16","元富-新竹",30,0,30
"9372","1570力肯","110/08/16","永豐金-桃園",0,30,-30
"9373","1570力肯","110/08/16","富邦-花蓮",29,0,29
"9374","1570力肯","110/08/16","元富-文心",1,23,-22
"9375","1570力肯","110/08/16","統一-高雄",26,1,25
"9376","1570力肯","110/08/16","永豐金-屏東",3,25,-22
"9377","1570力肯","110/08/16","元大-雙和",24,0,24
"9378","1570力肯","110/08/16","台灣摩根士丹利",0,18,-18
"9379","1570力肯","110/08/16","日盛-高雄",21,0,21
"9380","1570力肯","110/08/16","元富-新店",2,20,-18
"9381","1570力肯","110/08/16","國票-和平",27,6,21
"9382","1570力肯","110/08/16","康和-屏東",0,16,-16
"9383","1570力肯","110/08/16","國泰證券",20,0,20
"9384","1570力肯","110/08/16","聯邦-三重",0,15,-15
"9385","1570力肯","110/08/16","群益金鼎-東門",20,0,20
"9386","1570力肯","110/08/16","富邦-內湖",8,21,-13
"9387","1570力肯","110/08/16","元大-民生",19,0,19
"9388","1570力肯","110/08/16","新光-台中",8,20,-12
"9389","1570力肯","110/08/16","元富-民權",15,0,15
"9390","1570力肯","110/08/16","國泰-館前",0,12,-12
"9391","2929淘帝","110/08/16","日盛-中壢",55,1,54
"9392","2929淘帝","110/08/16","摩根大通",10,80,-70
"9393","2929淘帝","110/08/16","元大-太平",31,0,31
"9394","2929淘帝","110/08/16","港商野村",13,57,-44
"9395","2929淘帝","110/08/16","宏遠-館前",30,0,30
"9396","2929淘帝","110/08/16","元大-西門",0,37,-37
"9397","2929淘帝","110/08/16","凱基-東門",24,0,24
"9398","2929淘帝","110/08/16","新加坡商瑞銀",4,26,-22
"9399","2929淘帝","110/08/16","台新-台中",21,0,21
"9400","2929淘帝","110/08/16","元大-大里",0,22,-22
"9401","2929淘帝","110/08/16","日盛-八德",16,0,16
"9402","2929淘帝","110/08/16","兆豐-三重",0,20,-20
"9403","2929淘帝","110/08/16","元富-文心",10,0,10
"9404","2929淘帝","110/08/16","永豐金-鳳山",0,14,-14
"9405","2929淘帝","110/08/16","兆豐-桃園",10,0,10
"9406","2929淘帝","110/08/16","美林",6,17,-11
"9407","2929淘帝","110/08/16","群益金鼎-基隆",10,0,10
"9408","2929淘帝","110/08/16","臺銀-金山",0,10,-10
"9409","2929淘帝","110/08/16","永豐金證券",10,0,10
"9410","2929淘帝","110/08/16","國票-博愛",0,10,-10
"9411","2929淘帝","110/08/16","新光",10,2,8
"9412","2929淘帝","110/08/16","元大-上新莊",2,12,-10
"9413","2929淘帝","110/08/16","元大-承德",8,0,8
"9414","2929淘帝","110/08/16","兆豐-大同",0,9,-9
"9415","2929淘帝","110/08/16","亞東-新竹",7,0,7
"9416","2929淘帝","110/08/16","台新-建北",0,9,-9
"9417","2929淘帝","110/08/16","凱基-林口",7,0,7
"9418","2929淘帝","110/08/16","國泰-館前",0,7,-7
"9419","2929淘帝","110/08/16","凱基-新豐",6,0,6
"9420","2929淘帝","110/08/16","兆豐-台南",0,6,-6
"9421","5410國眾","110/08/16","兆豐-城中",85,0,85
"9422","5410國眾","110/08/16","國泰-敦南",15,99,-84
"9423","5410國眾","110/08/16","元大-六合",42,0,42
"9424","5410國眾","110/08/16","凱基-高雄",0,50,-50
"9425","5410國眾","110/08/16","兆豐-小港",36,0,36
"9426","5410國眾","110/08/16","瑞士信貸",0,44,-44
"9427","5410國眾","110/08/16","凱基-台南",30,0,30
"9428","5410國眾","110/08/16","摩根大通",46,87,-41
"9429","5410國眾","110/08/16","富邦-建國",31,1,30
"9430","5410國眾","110/08/16","元大-士林",0,38,-38
"9431","5410國眾","110/08/16","國票-安和",31,4,27
"9432","5410國眾","110/08/16","兆豐-台中港",0,30,-30
"9433","5410國眾","110/08/16","凱基-竹北",24,0,24
"9434","5410國眾","110/08/16","凱基-台北",27,55,-28
"9435","5410國眾","110/08/16","玉山-新莊",15,0,15
"9436","5410國眾","110/08/16","元大-古亭",0,26,-26
"9437","5410國眾","110/08/16","元大-木柵",12,0,12
"9438","5410國眾","110/08/16","臺銀",1,24,-23
"9439","5410國眾","110/08/16","元大-新盛",12,0,12
"9440","5410國眾","110/08/16","元大-中壢",3,26,-23
"9441","5410國眾","110/08/16","永豐金-台南",12,1,11
"9442","5410國眾","110/08/16","元大-北港",0,21,-21
"9443","5410國眾","110/08/16","合庫-桃園",10,0,10
"9444","5410國眾","110/08/16","元大-北投",0,20,-20
"9445","5410國眾","110/08/16","日盛-屏東",10,0,10
"9446","5410國眾","110/08/16","元富-潮州",0,15,-15
"9447","5410國眾","110/08/16","元富-城東",10,0,10
"9448","5410國眾","110/08/16","臺銀-鳳山",1,15,-14
"9449","5410國眾","110/08/16","富邦-陽明",10,0,10
"9450","5410國眾","110/08/16","元大-屏東",0,14,-14
"9451","2841台開","110/08/16","宏遠-館前",190,0,190
"9452","2841台開","110/08/16","港商野村",0,44,-44
"9453","2841台開","110/08/16","合庫證券",30,0,30
"9454","2841台開","110/08/16","新光-台南",0,33,-33
"9455","2841台開","110/08/16","凱基-竹科",20,0,20
"9456","2841台開","110/08/16","台新證券",10,42,-32
"9457","2841台開","110/08/16","永豐金-中盛",13,0,13
"9458","2841台開","110/08/16","元大-大里德芳",0,30,-30
"9459","2841台開","110/08/16","大慶-蘆洲",10,0,10
"9460","2841台開","110/08/16","合庫-台中",0,28,-28
"9461","2841台開","110/08/16","新光",13,3,10
"9462","2841台開","110/08/16","元大-善化",0,20,-20
"9463","2841台開","110/08/16","元大-新店中正",10,0,10
"9464","2841台開","110/08/16","永豐金-敦南",30,50,-20
"9465","2841台開","110/08/16","群益金鼎-崇德",8,0,8
"9466","2841台開","110/08/16","新加坡商瑞銀",0,16,-16
"9467","2841台開","110/08/16","元富-成功",7,0,7
"9468","2841台開","110/08/16","玉山-新莊",0,16,-16
"9469","2841台開","110/08/16","元大-彰化",7,0,7
"9470","2841台開","110/08/16","日盛-內湖",0,15,-15
"9471","2841台開","110/08/16","台中銀",5,0,5
"9472","2841台開","110/08/16","兆豐-民生",0,15,-15
"9473","2841台開","110/08/16","中國信託-文心",5,0,5
"9474","2841台開","110/08/16","華南永昌-高雄",0,15,-15
"9475","2841台開","110/08/16","兆豐-台中",5,0,5
"9476","2841台開","110/08/16","元大-永康",0,10,-10
"9477","2841台開","110/08/16","台新-新營",5,0,5
"9478","2841台開","110/08/16","元大-北三重",0,10,-10
"9479","2841台開","110/08/16","凱基-東港",10,5,5
"9480","2841台開","110/08/16","永豐金證券",0,10,-10
"9481","6207雷科","110/08/16","台新-高雄",131,3,128
"9482","6207雷科","110/08/16","元大-高雄",0,52,-52
"9483","6207雷科","110/08/16","凱基-台北",70,20,50
"9484","6207雷科","110/08/16","摩根大通",62,112,-50
"9485","6207雷科","110/08/16","元大-東門",42,0,42
"9486","6207雷科","110/08/16","華南永昌-三重",0,50,-50
"9487","6207雷科","110/08/16","永豐金證券",30,0,30
"9488","6207雷科","110/08/16","凱基-復興",0,40,-40
"9489","6207雷科","110/08/16","元大-六合",21,0,21
"9490","6207雷科","110/08/16","元大-潮州",0,40,-40
"9491","6207雷科","110/08/16","群益金鼎-東門",20,0,20
"9492","6207雷科","110/08/16","日盛證券",2,37,-35
"9493","6207雷科","110/08/16","元大-松江",20,0,20
"9494","6207雷科","110/08/16","新加坡商瑞銀",45,80,-35
"9495","6207雷科","110/08/16","大昌-桃園",28,10,18
"9496","6207雷科","110/08/16","玉山-士林",0,27,-27
"9497","6207雷科","110/08/16","統一-新竹",16,0,16
"9498","6207雷科","110/08/16","元大-大統",0,22,-22
"9499","6207雷科","110/08/16","台中銀",15,0,15
"9500","6207雷科","110/08/16","元大-民生",2,24,-22
"9501","6207雷科","110/08/16","中國信託-三重",13,0,13
"9502","6207雷科","110/08/16","凱基-高雄",6,27,-21
"9503","6207雷科","110/08/16","凱基-岡山",11,0,11
"9504","6207雷科","110/08/16","國票-北高雄",0,15,-15
"9505","6207雷科","110/08/16","富邦-中壢",11,0,11
"9506","6207雷科","110/08/16","新光",0,12,-12
"9507","6207雷科","110/08/16","港商野村",27,17,10
"9508","6207雷科","110/08/16","台新-左楠",1,12,-11
"9509","6207雷科","110/08/16","第一金-安和",10,0,10
"9510","6207雷科","110/08/16","新光-台南",0,10,-10
"9511","3679新至陞","110/08/16","凱基-台北",15,2,13
"9512","3679新至陞","110/08/16","摩根大通",7,19,-12
"9513","3679新至陞","110/08/16","台灣摩根士丹利",8,3,5
"9514","3679新至陞","110/08/16","瑞士信貸",0,11,-11
"9515","3679新至陞","110/08/16","國泰-桃園",5,0,5
"9516","3679新至陞","110/08/16","永豐金-苓雅",1,5,-4
"9517","3679新至陞","110/08/16","美商高盛",3,0,3
"9518","3679新至陞","110/08/16","國泰-松江",0,3,-3
"9519","3679新至陞","110/08/16","華南永昌",3,0,3
"9520","3679新至陞","110/08/16","凱基-台南",0,3,-3
"9521","3679新至陞","110/08/16","日盛-竹北",2,0,2
"9522","3679新至陞","110/08/16","彰銀",0,2,-2
"9523","3679新至陞","110/08/16","日盛-文化",3,1,2
"9524","3679新至陞","110/08/16","新加坡商瑞銀",0,2,-2
"9525","3679新至陞","110/08/16","大慶-蘆洲",3,1,2
"9526","3679新至陞","110/08/16","第一金-頭份",0,2,-2
"9527","3679新至陞","110/08/16","國票-九鼎",2,0,2
"9528","3679新至陞","110/08/16","康和-嘉義",0,2,-2
"9529","3679新至陞","110/08/16","華南永昌-高雄",2,0,2
"9530","3679新至陞","110/08/16","凱基-站前",0,2,-2
"9531","3679新至陞","110/08/16","元大-新店中正",2,0,2
"9532","3679新至陞","110/08/16","元大證券",0,2,-2
"9533","3679新至陞","110/08/16","土銀-士林",1,0,1
"9534","3679新至陞","110/08/16","元大-頭份",0,2,-2
"9535","3679新至陞","110/08/16","日盛證券",1,0,1
"9536","3679新至陞","110/08/16","元大-斗信",0,2,-2
"9537","3679新至陞","110/08/16","美林",10,9,1
"9538","3679新至陞","110/08/16","元大-嘉義",0,2,-2
"9539","3679新至陞","110/08/16","第一金-忠孝",1,0,1
"9540","3679新至陞","110/08/16","日盛-龍潭",0,1,-1
"9541","2727王品","110/08/16","瑞士信貸",49,0,49
"9542","2727王品","110/08/16","台新證券",4,162,-158
"9543","2727王品","110/08/16","台灣摩根士丹利",33,3,30
"9544","2727王品","110/08/16","臺銀-鳳山",5,81,-76
"9545","2727王品","110/08/16","新光",37,12,25
"9546","2727王品","110/08/16","玉山-台南",2,33,-31
"9547","2727王品","110/08/16","日盛-忠孝",20,0,20
"9548","2727王品","110/08/16","美商高盛",0,23,-23
"9549","2727王品","110/08/16","元大-東蘆",16,1,15
"9550","2727王品","110/08/16","兆豐-南京",0,20,-20
"9551","2727王品","110/08/16","第一金-台中",15,1,14
"9552","2727王品","110/08/16","凱基-虎尾",0,20,-20
"9553","2727王品","110/08/16","國泰-敦南",29,15,14
"9554","2727王品","110/08/16","中國信託",2,20,-18
"9555","2727王品","110/08/16","第一金-桃園",13,0,13
"9556","2727王品","110/08/16","新光-桃園",2,20,-18
"9557","2727王品","110/08/16","第一金-忠孝",13,1,12
"9558","2727王品","110/08/16","永豐金證券",2,20,-18
"9559","2727王品","110/08/16","摩根大通",24,12,12
"9560","2727王品","110/08/16","統一",6,22,-16
"9561","2727王品","110/08/16","富邦-陽明",15,3,12
"9562","2727王品","110/08/16","合庫證券",2,14,-12
"9563","2727王品","110/08/16","元富-西松",13,2,11
"9564","2727王品","110/08/16","富邦-仁愛",7,19,-12
"9565","2727王品","110/08/16","聯邦-興中",11,0,11
"9566","2727王品","110/08/16","元大-竹科",4,16,-12
"9567","2727王品","110/08/16","中國信託-松江",10,0,10
"9568","2727王品","110/08/16","元大-和平",0,12,-12
"9569","2727王品","110/08/16","凱基-市府",10,0,10
"9570","2727王品","110/08/16","凱基-興隆",1,12,-11
"9571","1570力肯","110/08/16","兆豐-民生",80,0,80
"9572","1570力肯","110/08/16","台新證券",17,184,-167
"9573","1570力肯","110/08/16","國票-北高雄",145,85,60
"9574","1570力肯","110/08/16","凱基-台北",61,183,-122
"9575","1570力肯","110/08/16","新光",83,31,52
"9576","1570力肯","110/08/16","摩根大通",18,89,-71
"9577","1570力肯","110/08/16","凱基-三峽",40,0,40
"9578","1570力肯","110/08/16","新光-台南",1,50,-49
"9579","1570力肯","110/08/16","元大-大雅",40,0,40
"9580","1570力肯","110/08/16","國泰-松江",0,30,-30
"9581","1570力肯","110/08/16","元富-新竹",30,0,30
"9582","1570力肯","110/08/16","永豐金-桃園",0,30,-30
"9583","1570力肯","110/08/16","富邦-花蓮",29,0,29
"9584","1570力肯","110/08/16","元富-文心",1,23,-22
"9585","1570力肯","110/08/16","統一-高雄",26,1,25
"9586","1570力肯","110/08/16","永豐金-屏東",3,25,-22
"9587","1570力肯","110/08/16","元大-雙和",24,0,24
"9588","1570力肯","110/08/16","台灣摩根士丹利",0,18,-18
"9589","1570力肯","110/08/16","日盛-高雄",21,0,21
"9590","1570力肯","110/08/16","元富-新店",2,20,-18
"9591","1570力肯","110/08/16","國票-和平",27,6,21
"9592","1570力肯","110/08/16","康和-屏東",0,16,-16
"9593","1570力肯","110/08/16","國泰證券",20,0,20
"9594","1570力肯","110/08/16","聯邦-三重",0,15,-15
"9595","1570力肯","110/08/16","群益金鼎-東門",20,0,20
"9596","1570力肯","110/08/16","富邦-內湖",8,21,-13
"9597","1570力肯","110/08/16","元大-民生",19,0,19
"9598","1570力肯","110/08/16","新光-台中",8,20,-12
"9599","1570力肯","110/08/16","元富-民權",15,0,15
"9600","1570力肯","110/08/16","國泰-館前",0,12,-12
"9601","6180橘子","110/08/16","美林",85,0,85
"9602","6180橘子","110/08/16","合庫-高雄",2,121,-119
"9603","6180橘子","110/08/16","新加坡商瑞銀",42,8,34
"9604","6180橘子","110/08/16","群益金鼎-三民",0,100,-100
"9605","6180橘子","110/08/16","合庫-自強",30,0,30
"9606","6180橘子","110/08/16","台灣摩根士丹利",0,50,-50
"9607","6180橘子","110/08/16","元大-中壢",23,0,23
"9608","6180橘子","110/08/16","統一",0,30,-30
"9609","6180橘子","110/08/16","新光-桃園",24,2,22
"9610","6180橘子","110/08/16","凱基-台北",0,27,-27
"9611","6180橘子","110/08/16","日盛-板橋",20,0,20
"9612","6180橘子","110/08/16","群益金鼎-大安",0,20,-20
"9613","6180橘子","110/08/16","康和-嘉義",19,0,19
"9614","6180橘子","110/08/16","元大-博愛",1,20,-19
"9615","6180橘子","110/08/16","永豐金-敦北",19,1,18
"9616","6180橘子","110/08/16","元大-文心興安",2,20,-18
"9617","6180橘子","110/08/16","元大-四維",16,0,16
"9618","6180橘子","110/08/16","統一-中壢",0,15,-15
"9619","6180橘子","110/08/16","元大-和平",16,0,16
"9620","6180橘子","110/08/16","元富-宜蘭",2,15,-13
"9621","6180橘子","110/08/16","港商野村",27,12,15
"9622","6180橘子","110/08/16","元大-沙鹿",0,12,-12
"9623","6180橘子","110/08/16","富隆-長安",15,0,15
"9624","6180橘子","110/08/16","元大-清水",0,12,-12
"9625","6180橘子","110/08/16","摩根大通",51,36,15
"9626","6180橘子","110/08/16","臺銀-鳳山",3,14,-11
"9627","6180橘子","110/08/16","美商高盛",15,1,14
"9628","6180橘子","110/08/16","盈溢",0,10,-10
"9629","6180橘子","110/08/16","元大-永和",13,0,13
"9630","6180橘子","110/08/16","元富-世貿",0,10,-10
"9631","2390云辰","110/08/16","富邦-虎尾",514,48,466
"9632","2390云辰","110/08/16","凱基-台北",495,1222,-727
"9633","2390云辰","110/08/16","摩根大通",2747,2369,378
"9634","2390云辰","110/08/16","元富-西松",194,423,-229
"9635","2390云辰","110/08/16","國泰-桃園",291,66,225
"9636","2390云辰","110/08/16","國票-安和",121,349,-228
"9637","2390云辰","110/08/16","元大-木柵",237,23,214
"9638","2390云辰","110/08/16","元大-信義",10,155,-145
"9639","2390云辰","110/08/16","新光",859,695,164
"9640","2390云辰","110/08/16","統一-新台中",6,137,-131
"9641","2390云辰","110/08/16","元大證券",229,67,162
"9642","2390云辰","110/08/16","美林",355,470,-115
"9643","2390云辰","110/08/16","兆豐-埔墘",719,573,146
"9644","2390云辰","110/08/16","台新-高雄",113,208,-95
"9645","2390云辰","110/08/16","永豐金-嘉義",144,20,124
"9646","2390云辰","110/08/16","豐農",37,114,-77
"9647","2390云辰","110/08/16","元大-台中",126,26,100
"9648","2390云辰","110/08/16","國泰-忠孝",15,85,-70
"9649","2390云辰","110/08/16","瑞士信貸",124,28,96
"9650","2390云辰","110/08/16","富邦-北港",154,223,-69
"9651","2390云辰","110/08/16","永豐金-古亭",120,24,96
"9652","2390云辰","110/08/16","凱基-科園",11,79,-68
"9653","2390云辰","110/08/16","富邦-嘉義",2108,2013,95
"9654","2390云辰","110/08/16","華南永昌-台中",82,149,-67
"9655","2390云辰","110/08/16","富邦-內湖",120,26,94
"9656","2390云辰","110/08/16","台新-左楠",61,126,-65
"9657","2390云辰","110/08/16","群益金鼎-三重",142,56,86
"9658","2390云辰","110/08/16","元大-林園",3,67,-64
"9659","2390云辰","110/08/16","元大-前金",200,123,77
"9660","2390云辰","110/08/16","永豐金-萬盛",23,84,-61
"9661","2867三商壽","110/08/13","美商高盛",295,16,279
"9662","2867三商壽","110/08/13","摩根大通",109,286,-177
"9663","2867三商壽","110/08/13","大慶-中壢",183,1,182
"9664","2867三商壽","110/08/13","元大-佳里",0,113,-113
"9665","2867三商壽","110/08/13","新加坡商瑞銀",121,0,121
"9666","2867三商壽","110/08/13","元大-崇德",0,103,-103
"9667","2867三商壽","110/08/13","凱基-五股",100,0,100
"9668","2867三商壽","110/08/13","台灣摩根士丹利",9,83,-74
"9669","2867三商壽","110/08/13","元大-桃園",100,1,99
"9670","2867三商壽","110/08/13","國泰-台南",1,73,-72
"9671","2867三商壽","110/08/13","凱基-虎尾",90,0,90
"9672","2867三商壽","110/08/13","元大證券",1,62,-61
"9673","2867三商壽","110/08/13","華南永昌-高雄",100,10,90
"9674","2867三商壽","110/08/13","元大-台中",0,60,-60
"9675","2867三商壽","110/08/13","兆豐-北高雄",81,2,79
"9676","2867三商壽","110/08/13","元大-大同",0,53,-53
"9677","2867三商壽","110/08/13","新光",105,39,66
"9678","2867三商壽","110/08/13","兆豐-鹿港",0,50,-50
"9679","2867三商壽","110/08/13","富邦-彰化",60,0,60
"9680","2867三商壽","110/08/13","合庫-西台中",2,50,-48
"9681","2867三商壽","110/08/13","富邦-台南",60,0,60
"9682","2867三商壽","110/08/13","新光-台中",7,53,-46
"9683","2867三商壽","110/08/13","玉山-板橋",60,1,59
"9684","2867三商壽","110/08/13","元大-大益",0,44,-44
"9685","2867三商壽","110/08/13","群益金鼎-新竹",56,0,56
"9686","2867三商壽","110/08/13","亞東-板橋",0,36,-36
"9687","2867三商壽","110/08/13","元大-大統",53,0,53
"9688","2867三商壽","110/08/13","福邦證券",0,34,-34
"9689","2867三商壽","110/08/13","瑞士信貸",55,3,52
"9690","2867三商壽","110/08/13","元大-博愛",16,50,-34
"9691","5521工信","110/08/13","日進",100,0,100
"9692","5521工信","110/08/13","美林",1,87,-86
"9693","5521工信","110/08/13","摩根大通",180,102,78
"9694","5521工信","110/08/13","日盛-復興",1,70,-69
"9695","5521工信","110/08/13","元大-鳳山",30,0,30
"9696","5521工信","110/08/13","永豐金-鳳山",1,60,-59
"9697","5521工信","110/08/13","(牛牛牛)亞-鑫豐",28,2,26
"9698","5521工信","110/08/13","中國信託-三重",0,52,-52
"9699","5521工信","110/08/13","新光",24,0,24
"9700","5521工信","110/08/13","華南永昌-民權",0,50,-50
"9701","5521工信","110/08/13","華南永昌-彰化",21,0,21
"9702","5521工信","110/08/13","第一金-新竹",0,34,-34
"9703","5521工信","110/08/13","台灣企銀-建成",20,0,20
"9704","5521工信","110/08/13","凱基-台北",18,49,-31
"9705","5521工信","110/08/13","大昌",20,0,20
"9706","5521工信","110/08/13","元大-新莊",10,38,-28
"9707","5521工信","110/08/13","兆豐-中壢",20,0,20
"9708","5521工信","110/08/13","台灣摩根士丹利",2,28,-26
"9709","5521工信","110/08/13","國票-和平",20,0,20
"9710","5521工信","110/08/13","華南永昌",0,23,-23
"9711","5521工信","110/08/13","元大-基隆孝二",20,0,20
"9712","5521工信","110/08/13","統一-板橋",0,20,-20
"9713","5521工信","110/08/13","日盛-中和",19,0,19
"9714","5521工信","110/08/13","港商法國興業",0,17,-17
"9715","5521工信","110/08/13","兆豐-小港",19,0,19
"9716","5521工信","110/08/13","元大-府城",0,16,-16
"9717","5521工信","110/08/13","富邦-高雄",17,0,17
"9718","5521工信","110/08/13","元大-敦化",0,16,-16
"9719","5521工信","110/08/13","統一-員林",15,0,15
"9720","5521工信","110/08/13","新光-新竹",5,20,-15
"9721","1471首利","110/08/13","聯邦-高雄",42,0,42
"9722","1471首利","110/08/13","摩根大通",41,220,-179
"9723","1471首利","110/08/13","元大-西門",40,0,40
"9724","1471首利","110/08/13","元大-敦化",0,100,-100
"9725","1471首利","110/08/13","元大-大灣",37,0,37
"9726","1471首利","110/08/13","美林",0,69,-69
"9727","1471首利","110/08/13","第一金-台南",30,0,30
"9728","1471首利","110/08/13","瑞士信貸",5,65,-60
"9729","1471首利","110/08/13","元富-大昌",25,0,25
"9730","1471首利","110/08/13","美商高盛",0,51,-51
"9731","1471首利","110/08/13","大慶-中壢",20,0,20
"9732","1471首利","110/08/13","華南永昌-苗栗",5,30,-25
"9733","1471首利","110/08/13","凱基-台南",20,0,20
"9734","1471首利","110/08/13","玉山-台南",0,22,-22
"9735","1471首利","110/08/13","新光",19,0,19
"9736","1471首利","110/08/13","元富-民權",0,20,-20
"9737","1471首利","110/08/13","凱基-羅東",17,0,17
"9738","1471首利","110/08/13","中國信託",0,20,-20
"9739","1471首利","110/08/13","永豐金-台南",20,4,16
"9740","1471首利","110/08/13","凱基-五股",0,20,-20
"9741","1471首利","110/08/13","元大-屏東",14,0,14
"9742","1471首利","110/08/13","台灣摩根士丹利",0,17,-17
"9743","1471首利","110/08/13","新光-台中",16,4,12
"9744","1471首利","110/08/13","兆豐-員林",2,15,-13
"9745","1471首利","110/08/13","元大-頭份",12,0,12
"9746","1471首利","110/08/13","日盛-宜蘭",0,10,-10
"9747","1471首利","110/08/13","凱基-三重",11,0,11
"9748","1471首利","110/08/13","元富-緯城",1,10,-9
"9749","1471首利","110/08/13","日盛-鳳山",10,0,10
"9750","1471首利","110/08/13","國泰-台中",2,8,-6
"9751","2883開發金","110/08/13","凱基-台北",23196,4416,18780
"9752","2883開發金","110/08/13","永豐金-彰化",79,4793,-4714
"9753","2883開發金","110/08/13","摩根大通",24818,6057,18761
"9754","2883開發金","110/08/13","第一金-忠孝",55,4613,-4558
"9755","2883開發金","110/08/13","新加坡商瑞銀",6645,205,6440
"9756","2883開發金","110/08/13","台新證券",1316,5539,-4223
"9757","2883開發金","110/08/13","中國信託-文心",4723,123,4600
"9758","2883開發金","110/08/13","日盛證券",587,3754,-3167
"9759","2883開發金","110/08/13","美林",6276,1780,4496
"9760","2883開發金","110/08/13","群益金鼎-大甲",48,2429,-2381
"9761","2883開發金","110/08/13","國泰證券",3682,17,3665
"9762","2883開發金","110/08/13","永豐金證券",169,1849,-1680
"9763","2883開發金","110/08/13","台灣摩根士丹利",3927,582,3345
"9764","2883開發金","110/08/13","華南永昌-南京",169,1407,-1238
"9765","2883開發金","110/08/13","群益金鼎",2401,367,2034
"9766","2883開發金","110/08/13","凱基-台東",270,1494,-1224
"9767","2883開發金","110/08/13","香港上海匯豐",2006,0,2006
"9768","2883開發金","110/08/13","日盛-板橋",207,1398,-1191
"9769","2883開發金","110/08/13","兆豐證券",1776,128,1648
"9770","2883開發金","110/08/13","元大-萬華",78,1243,-1165
"9771","2883開發金","110/08/13","瑞士信貸",3551,2174,1377
"9772","2883開發金","110/08/13","富邦-台北",295,1428,-1133
"9773","2883開發金","110/08/13","港商野村",7299,6088,1211
"9774","2883開發金","110/08/13","元大-成功",216,1287,-1071
"9775","2883開發金","110/08/13","美商高盛",1016,0,1016
"9776","2883開發金","110/08/13","新光-台中",485,1519,-1034
"9777","2883開發金","110/08/13","元大-大灣",1183,214,969
"9778","2883開發金","110/08/13","國票",232,1261,-1029
"9779","2883開發金","110/08/13","花旗環球",1104,284,820
"9780","2883開發金","110/08/13","永豐金-桃園",141,1157,-1016
"9781","6205詮欣","110/08/13","合庫-三重",15,0,15
"9782","6205詮欣","110/08/13","摩根大通",3,17,-14
"9783","6205詮欣","110/08/13","港商法國興業",11,0,11
"9784","6205詮欣","110/08/13","元大-善化",0,10,-10
"9785","6205詮欣","110/08/13","臺銀-民權",7,0,7
"9786","6205詮欣","110/08/13","元大-台中中港",0,3,-3
"9787","6205詮欣","110/08/13","日盛-三重",5,0,5
"9788","6205詮欣","110/08/13","合庫-鳳山",0,2,-2
"9789","6205詮欣","110/08/13","群益金鼎-屏東",5,0,5
"9790","6205詮欣","110/08/13","元富-潮州",0,2,-2
"9791","6205詮欣","110/08/13","德信-新營",3,0,3
"9792","6205詮欣","110/08/13","兆豐-桃鶯",0,2,-2
"9793","6205詮欣","110/08/13","美林",2,0,2
"9794","6205詮欣","110/08/13","致和-台北",0,2,-2
"9795","6205詮欣","110/08/13","兆豐-西螺",1,0,1
"9796","6205詮欣","110/08/13","華南永昌-三重",0,2,-2
"9797","6205詮欣","110/08/13","新光-台中",1,0,1
"9798","6205詮欣","110/08/13","土銀-台中",0,1,-1
"9799","6205詮欣","110/08/13","聯邦-嘉義",1,0,1
"9800","6205詮欣","110/08/13","日盛-中壢",0,1,-1
"9801","6205詮欣","110/08/13","玉山-南京東路",1,0,1
"9802","6205詮欣","110/08/13","美商高盛",0,1,-1
"9803","6205詮欣","110/08/13","群益金鼎-中港",1,0,1
"9804","6205詮欣","110/08/13","大展-台南",0,1,-1
"9805","6205詮欣","110/08/13","凱基-大安",1,0,1
"9806","6205詮欣","110/08/13","第一金-彰化",0,1,-1
"9807","6205詮欣","110/08/13","元大-仁愛",1,0,1
"9808","6205詮欣","110/08/13","統一-三重",1,2,-1
"9809","6205詮欣","110/08/13","元大-台南",1,0,1
"9810","6205詮欣","110/08/13","元富-桃園",0,1,-1
"9811","1540喬福","110/08/13","元富-中原",100,0,100
"9812","1540喬福","110/08/13","日盛-文化",0,48,-48
"9813","1540喬福","110/08/13","台新-台中",31,0,31
"9814","1540喬福","110/08/13","凱基-台北",0,33,-33
"9815","1540喬福","110/08/13","兆豐-北高雄",18,0,18
"9816","1540喬福","110/08/13","元大-大安",0,32,-32
"9817","1540喬福","110/08/13","元大-土城永寧",11,0,11
"9818","1540喬福","110/08/13","合庫-台中",2,23,-21
"9819","1540喬福","110/08/13","(牛牛牛)亞-鑫豐",10,0,10
"9820","1540喬福","110/08/13","華南永昌-楠梓",0,20,-20
"9821","1540喬福","110/08/13","凱基-中壢",7,0,7
"9822","1540喬福","110/08/13","群益金鼎-館前",1,20,-19
"9823","1540喬福","110/08/13","安泰",5,0,5
"9824","1540喬福","110/08/13","富邦-花蓮",0,15,-15
"9825","1540喬福","110/08/13","群益金鼎-古亭",5,0,5
"9826","1540喬福","110/08/13","日盛-景美",0,10,-10
"9827","1540喬福","110/08/13","元富-緯城",4,0,4
"9828","1540喬福","110/08/13","台新-高雄",0,9,-9
"9829","1540喬福","110/08/13","兆豐-南京",4,0,4
"9830","1540喬福","110/08/13","玉山-大里",0,8,-8
"9831","1540喬福","110/08/13","凱基-台中",4,0,4
"9832","1540喬福","110/08/13","元大-斗信",0,8,-8
"9833","1540喬福","110/08/13","凱基-台南",5,1,4
"9834","1540喬福","110/08/13","新光-台南",0,6,-6
"9835","1540喬福","110/08/13","元大-龍潭",4,0,4
"9836","1540喬福","110/08/13","兆豐-板橋",0,5,-5
"9837","1540喬福","110/08/13","兆豐-高雄",3,0,3
"9838","1540喬福","110/08/13","富邦-彰化",0,5,-5
"9839","1540喬福","110/08/13","兆豐-鹿港",3,0,3
"9840","1540喬福","110/08/13","美林",0,4,-4
"9841","2888新光金","110/08/13","永豐金-天母",2112,0,2112
"9842","2888新光金","110/08/13","摩根大通",308,3587,-3279
"9843","2888新光金","110/08/13","合庫-西台中",2116,5,2111
"9844","2888新光金","110/08/13","玉山-嘉義",7,1514,-1507
"9845","2888新光金","110/08/13","統一-新竹",1706,0,1706
"9846","2888新光金","110/08/13","國票-台東",0,1500,-1500
"9847","2888新光金","110/08/13","凱基-台北",3076,1640,1436
"9848","2888新光金","110/08/13","台灣摩根士丹利",127,1148,-1021
"9849","2888新光金","110/08/13","元大證券",1418,10,1408
"9850","2888新光金","110/08/13","華南永昌-岡山",62,930,-868
"9851","2888新光金","110/08/13","康和",761,2,759
"9852","2888新光金","110/08/13","港商野村",47,827,-780
"9853","2888新光金","110/08/13","富邦-仁愛",739,52,687
"9854","2888新光金","110/08/13","美商高盛",697,1236,-539
"9855","2888新光金","110/08/13","新加坡商瑞銀",716,121,595
"9856","2888新光金","110/08/13","日盛-八德",88,572,-484
"9857","2888新光金","110/08/13","富邦-彰化",588,12,576
"9858","2888新光金","110/08/13","群益金鼎-三重",1,437,-436
"9859","2888新光金","110/08/13","玉山證券",558,12,546
"9860","2888新光金","110/08/13","永豐金-嘉義",52,472,-420
"9861","2888新光金","110/08/13","群益金鼎-瑞豐",550,10,540
"9862","2888新光金","110/08/13","元富-城東",7,390,-383
"9863","2888新光金","110/08/13","元大-三重",523,0,523
"9864","2888新光金","110/08/13","群益金鼎-高雄",6,387,-381
"9865","2888新光金","110/08/13","永豐金-博愛",420,27,393
"9866","2888新光金","110/08/13","凱基-宜蘭",9,379,-370
"9867","2888新光金","110/08/13","第一金-豐原",364,20,344
"9868","2888新光金","110/08/13","美林",938,1287,-349
"9869","2888新光金","110/08/13","國票-九鼎",317,3,314
"9870","2888新光金","110/08/13","華南永昌-台中",0,329,-329
"9871","1340勝悅","110/08/13","元富-成功",72,0,72
"9872","1340勝悅","110/08/13","元大-忠孝",0,36,-36
"9873","1340勝悅","110/08/13","元大-博愛",10,0,10
"9874","1340勝悅","110/08/13","新光",4,21,-17
"9875","1340勝悅","110/08/13","臺灣企銀-埔墘",5,0,5
"9876","1340勝悅","110/08/13","摩根大通",3,19,-16
"9877","1340勝悅","110/08/13","元大-新莊",5,0,5
"9878","1340勝悅","110/08/13","群益金鼎-三重",0,15,-15
"9879","1340勝悅","110/08/13","美商高盛",4,0,4
"9880","1340勝悅","110/08/13","日盛-永康",0,10,-10
"9881","1340勝悅","110/08/13","國泰-敦南",6,2,4
"9882","1340勝悅","110/08/13","華南永昌-合泰",0,10,-10
"9883","1340勝悅","110/08/13","統一-城中",6,3,3
"9884","1340勝悅","110/08/13","日盛-木柵",0,8,-8
"9885","1340勝悅","110/08/13","元富-新店",3,0,3
"9886","1340勝悅","110/08/13","港商法國興業",0,6,-6
"9887","1340勝悅","110/08/13","玉山-士林",3,0,3
"9888","1340勝悅","110/08/13","群益金鼎-中港",0,5,-5
"9889","1340勝悅","110/08/13","群益金鼎-館前",4,1,3
"9890","1340勝悅","110/08/13","第一金-自由",0,4,-4
"9891","1340勝悅","110/08/13","元富-安南",2,0,2
"9892","1340勝悅","110/08/13","兆豐-新營",0,4,-4
"9893","1340勝悅","110/08/13","大昌-樹林",2,0,2
"9894","1340勝悅","110/08/13","國泰-台中",1,5,-4
"9895","1340勝悅","110/08/13","群益金鼎",2,0,2
"9896","1340勝悅","110/08/13","元大-林園",0,4,-4
"9897","1340勝悅","110/08/13","群益金鼎-北高雄",2,0,2
"9898","1340勝悅","110/08/13","元大-四維",0,4,-4
"9899","1340勝悅","110/08/13","華南永昌",2,0,2
"9900","1340勝悅","110/08/13","美林",0,2,-2
"9901","6246臺龍","110/08/13","華南永昌-彰化",31,0,31
"9902","6246臺龍","110/08/13","永豐金-內湖",0,95,-95
"9903","6246臺龍","110/08/13","合庫-台中",23,0,23
"9904","6246臺龍","110/08/13","玉山-大里",0,21,-21
"9905","6246臺龍","110/08/13","兆豐-忠孝",24,3,21
"9906","6246臺龍","110/08/13","新光-新竹",0,20,-20
"9907","6246臺龍","110/08/13","元大-台北",16,0,16
"9908","6246臺龍","110/08/13","台新-台中",1,19,-18
"9909","6246臺龍","110/08/13","元大-新莊",11,1,10
"9910","6246臺龍","110/08/13","光和",2,17,-15
"9911","6246臺龍","110/08/13","德信-新營",9,0,9
"9912","6246臺龍","110/08/13","日盛-高雄",0,10,-10
"9913","6246臺龍","110/08/13","凱基-永和",9,0,9
"9914","6246臺龍","110/08/13","元富-世貿",0,10,-10
"9915","6246臺龍","110/08/13","港商野村",20,12,8
"9916","6246臺龍","110/08/13","(牛牛牛)亞-鑫豐",1,11,-10
"9917","6246臺龍","110/08/13","富邦-建國",8,0,8
"9918","6246臺龍","110/08/13","國泰-敦南",6,16,-10
"9919","6246臺龍","110/08/13","群益金鼎-開元",12,5,7
"9920","6246臺龍","110/08/13","永豐金-市政",1,10,-9
"9921","6246臺龍","110/08/13","群益金鼎-古亭",7,0,7
"9922","6246臺龍","110/08/13","華南永昌-嘉義",0,8,-8
"9923","6246臺龍","110/08/13","凱基-高美館",7,0,7
"9924","6246臺龍","110/08/13","富邦-敦南",4,11,-7
"9925","6246臺龍","110/08/13","元大-東蘆",10,3,7
"9926","6246臺龍","110/08/13","第一金-彰化",6,12,-6
"9927","6246臺龍","110/08/13","元大-金華",8,1,7
"9928","6246臺龍","110/08/13","新光-桃園",2,8,-6
"9929","6246臺龍","110/08/13","永豐金-松山",7,0,7
"9930","6246臺龍","110/08/13","凱基-竹科",0,6,-6
"9931","00715L期街口布蘭特正2","110/08/13","元大證券",6162,789,5373
"9932","00715L期街口布蘭特正2","110/08/13","元大-四維",2,1000,-998
"9933","00715L期街口布蘭特正2","110/08/13","元富",1528,0,1528
"9934","00715L期街口布蘭特正2","110/08/13","玉山-嘉義",20,1016,-996
"9935","00715L期街口布蘭特正2","110/08/13","合庫證券",1153,0,1153
"9936","00715L期街口布蘭特正2","110/08/13","群益金鼎-古亭",0,666,-666
"9937","00715L期街口布蘭特正2","110/08/13","富邦證券",1029,290,739
"9938","00715L期街口布蘭特正2","110/08/13","富邦-員林",9,489,-480
"9939","00715L期街口布蘭特正2","110/08/13","台新-台中",284,9,275
"9940","00715L期街口布蘭特正2","110/08/13","元大-嘉義",1,400,-399
"9941","00715L期街口布蘭特正2","110/08/13","兆豐-台中",238,0,238
"9942","00715L期街口布蘭特正2","110/08/13","臺銀-新竹",2,360,-358
"9943","00715L期街口布蘭特正2","110/08/13","統一-桃園",283,80,203
"9944","00715L期街口布蘭特正2","110/08/13","日盛-二林",0,300,-300
"9945","00715L期街口布蘭特正2","110/08/13","群益金鼎-屏東",200,0,200
"9946","00715L期街口布蘭特正2","110/08/13","群益金鼎-延平",100,400,-300
"9947","00715L期街口布蘭特正2","110/08/13","元富-虎尾",172,0,172
"9948","00715L期街口布蘭特正2","110/08/13","元大-中和",175,450,-275
"9949","00715L期街口布蘭特正2","110/08/13","凱基-五股",163,0,163
"9950","00715L期街口布蘭特正2","110/08/13","第一金-彰化",5,230,-225
"9951","00715L期街口布蘭特正2","110/08/13","國泰-台南",155,19,136
"9952","00715L期街口布蘭特正2","110/08/13","元大-大里",16,225,-209
"9953","00715L期街口布蘭特正2","110/08/13","永豐金證券",482,350,132
"9954","00715L期街口布蘭特正2","110/08/13","港商野村",7,212,-205
"9955","00715L期街口布蘭特正2","110/08/13","元大-內湖",110,0,110
"9956","00715L期街口布蘭特正2","110/08/13","合庫-新竹",1,199,-198
"9957","00715L期街口布蘭特正2","110/08/13","兆豐-嘉義",103,0,103
"9958","00715L期街口布蘭特正2","110/08/13","高橋",9,205,-196
"9959","00715L期街口布蘭特正2","110/08/13","群益金鼎-土城",100,0,100
"9960","00715L期街口布蘭特正2","110/08/13","國泰-敦南",78,271,-193
"9961","8941關中","110/08/13","宏遠-館前",3,0,3
"9962","8941關中","110/08/13","日盛-信義",0,2,-2
"9963","8941關中","110/08/13","國泰-忠孝",1,0,1
"9964","8941關中","110/08/13","宏遠-中和",0,1,-1
"9965","8941關中","110/08/13","康和-板橋",0,0,0
"9966","8941關中","110/08/13","康和-嘉義",0,1,-1
"9967","8941關中","110/08/13","富邦-左營",0,0,0
"9968","8941關中","110/08/13","康和-板橋",0,0,0
"9969","8941關中","110/08/13","元大-松江",0,0,0
"9970","8941關中","110/08/13","富邦-左營",0,0,0
"9971","8941關中","110/08/13","元大-淡水",0,0,0
"9972","8941關中","110/08/13","元大-松江",0,0,0
"9973","8941關中","110/08/13","",NA,NA,NA
"9974","8941關中","110/08/13","元大-淡水",0,0,0
"9975","8941關中","110/08/13","",NA,NA,NA
"9976","8941關中","110/08/13","",NA,NA,NA
"9977","8941關中","110/08/13","",NA,NA,NA
"9978","8941關中","110/08/13","",NA,NA,NA
"9979","8941關中","110/08/13","",NA,NA,NA
"9980","8941關中","110/08/13","",NA,NA,NA
"9981","8941關中","110/08/13","",NA,NA,NA
"9982","8941關中","110/08/13","",NA,NA,NA
"9983","8941關中","110/08/13","",NA,NA,NA
"9984","8941關中","110/08/13","",NA,NA,NA
"9985","8941關中","110/08/13","",NA,NA,NA
"9986","8941關中","110/08/13","",NA,NA,NA
"9987","8941關中","110/08/13","",NA,NA,NA
"9988","8941關中","110/08/13","",NA,NA,NA
"9989","8941關中","110/08/13","",NA,NA,NA
"9990","8941關中","110/08/13","",NA,NA,NA
"9991","8936國統","110/08/13","台新-高雄",127,0,127
"9992","8936國統","110/08/13","第一金-豐原",0,60,-60
"9993","8936國統","110/08/13","美林",84,18,66
"9994","8936國統","110/08/13","凱基-台北",1,50,-49
"9995","8936國統","110/08/13","摩根大通",40,14,26
"9996","8936國統","110/08/13","凱基-高美館",8,51,-43
"9997","8936國統","110/08/13","凱基-台南",23,0,23
"9998","8936國統","110/08/13","港商野村",8,39,-31
"9999","8936國統","110/08/13","第一金-路竹",20,0,20
"10000","8936國統","110/08/13","日盛-忠孝",0,25,-25
"10001","8936國統","110/08/13","元大-敦化",17,0,17
"10002","8936國統","110/08/13","群益金鼎-台中",0,20,-20
"10003","8936國統","110/08/13","新光-台中",22,6,16
"10004","8936國統","110/08/13","台新-台南",0,15,-15
"10005","8936國統","110/08/13","元大-文心",15,0,15
"10006","8936國統","110/08/13","元大-博愛",0,14,-14
"10007","8936國統","110/08/13","元大-敦南",14,0,14
"10008","8936國統","110/08/13","合庫-台南",0,10,-10
"10009","8936國統","110/08/13","日盛-北高雄",12,0,12
"10010","8936國統","110/08/13","新光-桃園",0,10,-10
"10011","8936國統","110/08/13","元大-西螺",10,0,10
"10012","8936國統","110/08/13","永豐金-南投",0,10,-10
"10013","8936國統","110/08/13","彰銀",8,0,8
"10014","8936國統","110/08/13","永豐金-竹科",0,10,-10
"10015","8936國統","110/08/13","元富-大昌",8,0,8
"10016","8936國統","110/08/13","富邦-竹北",0,8,-8
"10017","8936國統","110/08/13","富邦-南屯",10,2,8
"10018","8936國統","110/08/13","元大-大里德芳",5,13,-8
"10019","8936國統","110/08/13","元大-天母",7,0,7
"10020","8936國統","110/08/13","台新證券",0,7,-7
"10021","6226光鼎","110/08/13","國泰-敦南",676,469,207
"10022","6226光鼎","110/08/13","摩根大通",267,1531,-1264
"10023","6226光鼎","110/08/13","元富-新竹",163,19,144
"10024","6226光鼎","110/08/13","美商高盛",149,1352,-1203
"10025","6226光鼎","110/08/13","合庫-台中",461,334,127
"10026","6226光鼎","110/08/13","瑞士信貸",52,752,-700
"10027","6226光鼎","110/08/13","國泰-台中",734,609,125
"10028","6226光鼎","110/08/13","凱基-台北",84,488,-404
"10029","6226光鼎","110/08/13","元大-小港",198,88,110
"10030","6226光鼎","110/08/13","台新-中壢",2,226,-224
"10031","6226光鼎","110/08/13","凱基-永和",91,0,91
"10032","6226光鼎","110/08/13","元大-文心興安",44,216,-172
"10033","6226光鼎","110/08/13","元大-西螺",82,5,77
"10034","6226光鼎","110/08/13","美林",234,376,-142
"10035","6226光鼎","110/08/13","永豐金-南京",78,1,77
"10036","6226光鼎","110/08/13","凱基-嘉義",12,126,-114
"10037","6226光鼎","110/08/13","群益金鼎-萬華",78,9,69
"10038","6226光鼎","110/08/13","富邦-陽明",23,117,-94
"10039","6226光鼎","110/08/13","日盛-八德",63,1,62
"10040","6226光鼎","110/08/13","兆豐-大安",4,85,-81
"10041","6226光鼎","110/08/13","凱基-桃園",88,27,61
"10042","6226光鼎","110/08/13","永豐金-中盛",27,107,-80
"10043","6226光鼎","110/08/13","凱基-岡山",62,1,61
"10044","6226光鼎","110/08/13","元大證券",232,304,-72
"10045","6226光鼎","110/08/13","臺銀-鳳山",110,52,58
"10046","6226光鼎","110/08/13","凱基-台中",19,84,-65
"10047","6226光鼎","110/08/13","元大-板橋三民",114,56,58
"10048","6226光鼎","110/08/13","元大-士林",107,171,-64
"10049","6226光鼎","110/08/13","凱基-板橋",195,140,55
"10050","6226光鼎","110/08/13","富邦-高雄",15,69,-54
"10051","2363矽統","110/08/13","美商高盛",416,10,406
"10052","2363矽統","110/08/13","元大-佳里",319,1216,-897
"10053","2363矽統","110/08/13","土銀",374,14,360
"10054","2363矽統","110/08/13","瑞士信貸",0,836,-836
"10055","2363矽統","110/08/13","玉山-台中",289,18,271
"10056","2363矽統","110/08/13","永豐金-中正",22,676,-654
"10057","2363矽統","110/08/13","大展",244,10,234
"10058","2363矽統","110/08/13","台灣摩根士丹利",116,566,-450
"10059","2363矽統","110/08/13","永豐金-板盛",172,22,150
"10060","2363矽統","110/08/13","宏遠-桃園",11,359,-348
"10061","2363矽統","110/08/13","富邦-仁愛",198,49,149
"10062","2363矽統","110/08/13","國泰-敦南",671,911,-240
"10063","2363矽統","110/08/13","日盛-北高雄",206,85,121
"10064","2363矽統","110/08/13","元大證券",126,352,-226
"10065","2363矽統","110/08/13","台新-三民",163,55,108
"10066","2363矽統","110/08/13","花旗環球",0,223,-223
"10067","2363矽統","110/08/13","元富-新店",130,23,107
"10068","2363矽統","110/08/13","臺銀",48,259,-211
"10069","2363矽統","110/08/13","永豐金-桃盛",108,5,103
"10070","2363矽統","110/08/13","摩根大通",268,460,-192
"10071","2363矽統","110/08/13","元大-復北",129,28,101
"10072","2363矽統","110/08/13","國票",63,248,-185
"10073","2363矽統","110/08/13","台新-屏東",116,18,98
"10074","2363矽統","110/08/13","台新-高雄",91,263,-172
"10075","2363矽統","110/08/13","華南永昌-虎尾",180,87,93
"10076","2363矽統","110/08/13","合庫證券",18,177,-159
"10077","2363矽統","110/08/13","元大-板橋",101,10,91
"10078","2363矽統","110/08/13","第一金-華江",65,206,-141
"10079","2363矽統","110/08/13","新光",343,260,83
"10080","2363矽統","110/08/13","中國信託-忠孝",65,201,-136
"10081","8112至上","110/08/13","合庫證券",160,5,155
"10082","8112至上","110/08/13","摩根大通",123,818,-695
"10083","8112至上","110/08/13","凱基-竹科",140,12,128
"10084","8112至上","110/08/13","美林",22,299,-277
"10085","8112至上","110/08/13","臺灣企銀-桃園",126,0,126
"10086","8112至上","110/08/13","第一金-華江",4,158,-154
"10087","8112至上","110/08/13","統一-中壢",79,1,78
"10088","8112至上","110/08/13","群益金鼎-基隆",1,117,-116
"10089","8112至上","110/08/13","港商麥格理",86,9,77
"10090","8112至上","110/08/13","新光-桃園",2,100,-98
"10091","8112至上","110/08/13","富邦-新竹",78,2,76
"10092","8112至上","110/08/13","永興-水湳",0,95,-95
"10093","8112至上","110/08/13","凱基-復興",67,0,67
"10094","8112至上","110/08/13","凱基-新店",50,141,-91
"10095","8112至上","110/08/13","合庫-西台中",62,2,60
"10096","8112至上","110/08/13","元富-新興",3,91,-88
"10097","8112至上","110/08/13","大慶",60,0,60
"10098","8112至上","110/08/13","凱基-台北",60,148,-88
"10099","8112至上","110/08/13","日盛-新竹",59,2,57
"10100","8112至上","110/08/13","國票-中和",4,90,-86
"10101","8112至上","110/08/13","元大-開元",53,0,53
"10102","8112至上","110/08/13","新加坡商瑞銀",5,88,-83
"10103","8112至上","110/08/13","富邦-中壢",51,4,47
"10104","8112至上","110/08/13","宏遠-民生",2,52,-50
"10105","8112至上","110/08/13","富邦-桃園",46,0,46
"10106","8112至上","110/08/13","群益金鼎-竹南",0,50,-50
"10107","8112至上","110/08/13","合庫-嘉義",44,0,44
"10108","8112至上","110/08/13","新百王",2,50,-48
"10109","8112至上","110/08/13","元大-府城",55,11,44
"10110","8112至上","110/08/13","港商野村",13,60,-47
"10111","1570力肯","110/08/13","新光",147,12,135
"10112","1570力肯","110/08/13","(牛牛牛)亞-鑫豐",15,136,-121
"10113","1570力肯","110/08/13","國票-北高雄",128,0,128
"10114","1570力肯","110/08/13","富邦-台中",0,51,-51
"10115","1570力肯","110/08/13","凱基-台北",80,24,56
"10116","1570力肯","110/08/13","日盛-頭份",0,50,-50
"10117","1570力肯","110/08/13","統一",54,0,54
"10118","1570力肯","110/08/13","元富-高雄",0,40,-40
"10119","1570力肯","110/08/13","國票-內壢",49,1,48
"10120","1570力肯","110/08/13","凱基-高美館",2,41,-39
"10121","1570力肯","110/08/13","美林",37,0,37
"10122","1570力肯","110/08/13","日盛-忠孝",0,38,-38
"10123","1570力肯","110/08/13","國票-天祥",45,8,37
"10124","1570力肯","110/08/13","元大-羅東",0,20,-20
"10125","1570力肯","110/08/13","摩根大通",67,45,22
"10126","1570力肯","110/08/13","元大-大天母",0,20,-20
"10127","1570力肯","110/08/13","永豐金-屏東",22,0,22
"10128","1570力肯","110/08/13","永豐金-嘉義",0,20,-20
"10129","1570力肯","110/08/13","元富-新店",20,0,20
"10130","1570力肯","110/08/13","國泰-敦南",2,20,-18
"10131","1570力肯","110/08/13","(牛牛牛)亞證券",20,0,20
"10132","1570力肯","110/08/13","元大-沙鹿",1,18,-17
"10133","1570力肯","110/08/13","凱基-台南",20,0,20
"10134","1570力肯","110/08/13","元大-林森",0,16,-16
"10135","1570力肯","110/08/13","元大-開元",20,0,20
"10136","1570力肯","110/08/13","永豐金-市政",1,16,-15
"10137","1570力肯","110/08/13","元大-花蓮",20,0,20
"10138","1570力肯","110/08/13","統一-三重",5,19,-14
"10139","1570力肯","110/08/13","元大-基隆",19,0,19
"10140","1570力肯","110/08/13","國泰-新莊",1,15,-14
"10141","2929淘帝","110/08/13","新光-新竹",488,287,201
"10142","2929淘帝","110/08/13","美林",17,84,-67
"10143","2929淘帝","110/08/13","元大-西門",38,1,37
"10144","2929淘帝","110/08/13","摩根大通",0,63,-63
"10145","2929淘帝","110/08/13","元富-文心",30,0,30
"10146","2929淘帝","110/08/13","港商野村",14,69,-55
"10147","2929淘帝","110/08/13","華南永昌-苗栗",30,0,30
"10148","2929淘帝","110/08/13","玉山-新竹",0,50,-50
"10149","2929淘帝","110/08/13","元大-豐原站前",31,1,30
"10150","2929淘帝","110/08/13","臺銀-新竹",0,30,-30
"10151","2929淘帝","110/08/13","元富-台南",22,0,22
"10152","2929淘帝","110/08/13","元富-三重",23,52,-29
"10153","2929淘帝","110/08/13","凱基-東門",20,0,20
"10154","2929淘帝","110/08/13","新加坡商瑞銀",18,41,-23
"10155","2929淘帝","110/08/13","永豐金-敦南",17,0,17
"10156","2929淘帝","110/08/13","兆豐-大同",0,21,-21
"10157","2929淘帝","110/08/13","新光",44,29,15
"10158","2929淘帝","110/08/13","美商高盛",0,20,-20
"10159","2929淘帝","110/08/13","元大-蘆洲",14,0,14
"10160","2929淘帝","110/08/13","台新-左楠",6,25,-19
"10161","2929淘帝","110/08/13","國票-博愛",12,0,12
"10162","2929淘帝","110/08/13","港商法國興業",0,14,-14
"10163","2929淘帝","110/08/13","合庫-自強",10,0,10
"10164","2929淘帝","110/08/13","台新證券",7,21,-14
"10165","2929淘帝","110/08/13","兆豐-桃園",10,0,10
"10166","2929淘帝","110/08/13","元大-館前",0,14,-14
"10167","2929淘帝","110/08/13","凱基-頭份",10,0,10
"10168","2929淘帝","110/08/13","亞東-新竹",0,13,-13
"10169","2929淘帝","110/08/13","華南永昌-大安",10,0,10
"10170","2929淘帝","110/08/13","元大-永和",7,20,-13
"10171","5410國眾","110/08/13","土銀-嘉義",21,0,21
"10172","5410國眾","110/08/13","國泰-敦南",20,102,-82
"10173","5410國眾","110/08/13","日盛-大墩",15,0,15
"10174","5410國眾","110/08/13","元大-大雅",0,64,-64
"10175","5410國眾","110/08/13","群益金鼎-民權",14,0,14
"10176","5410國眾","110/08/13","大昌-新店",0,37,-37
"10177","5410國眾","110/08/13","玉山-嘉義",12,0,12
"10178","5410國眾","110/08/13","陽信-石牌",0,33,-33
"10179","5410國眾","110/08/13","元大-新竹經國",12,0,12
"10180","5410國眾","110/08/13","摩根大通",0,26,-26
"10181","5410國眾","110/08/13","日盛-屏東",10,0,10
"10182","5410國眾","110/08/13","瑞士信貸",0,18,-18
"10183","5410國眾","110/08/13","富邦-竹北",10,0,10
"10184","5410國眾","110/08/13","元大-北投",8,22,-14
"10185","5410國眾","110/08/13","元富",10,1,9
"10186","5410國眾","110/08/13","合庫-台中",0,10,-10
"10187","5410國眾","110/08/13","凱基-八德",9,0,9
"10188","5410國眾","110/08/13","合庫-新竹",0,10,-10
"10189","5410國眾","110/08/13","富邦-台北",9,0,9
"10190","5410國眾","110/08/13","元大-善化",0,10,-10
"10191","5410國眾","110/08/13","富邦-新店",10,1,9
"10192","5410國眾","110/08/13","大昌",0,9,-9
"10193","5410國眾","110/08/13","元富-虎尾",8,0,8
"10194","5410國眾","110/08/13","兆豐-三重",0,9,-9
"10195","5410國眾","110/08/13","統一",7,0,7
"10196","5410國眾","110/08/13","新光",17,25,-8
"10197","5410國眾","110/08/13","日茂-南投",7,0,7
"10198","5410國眾","110/08/13","亞東-新竹",0,5,-5
"10199","5410國眾","110/08/13","元大-彰化",7,0,7
"10200","5410國眾","110/08/13","兆豐-桃鶯",0,5,-5
"10201","2841台開","110/08/13","宏遠-館前",181,0,181
"10202","2841台開","110/08/13","永豐金-內湖",0,77,-77
"10203","2841台開","110/08/13","日盛證券",70,1,69
"10204","2841台開","110/08/13","富邦-岡山",0,72,-72
"10205","2841台開","110/08/13","台新-三民",50,0,50
"10206","2841台開","110/08/13","永豐金-屏東",0,50,-50
"10207","2841台開","110/08/13","凱基-市政",18,0,18
"10208","2841台開","110/08/13","港商野村",0,38,-38
"10209","2841台開","110/08/13","新光",32,16,16
"10210","2841台開","110/08/13","元大-林園",0,30,-30
"10211","2841台開","110/08/13","兆豐-新營",15,0,15
"10212","2841台開","110/08/13","永豐金-敦南",13,42,-29
"10213","2841台開","110/08/13","日盛-內湖",12,0,12
"10214","2841台開","110/08/13","臺銀-民權",0,20,-20
"10215","2841台開","110/08/13","群益金鼎-基隆",11,0,11
"10216","2841台開","110/08/13","元大-崇德",0,19,-19
"10217","2841台開","110/08/13","富邦-台北",10,0,10
"10218","2841台開","110/08/13","日盛-中壢",0,18,-18
"10219","2841台開","110/08/13","元大-歸仁",10,0,10
"10220","2841台開","110/08/13","兆豐-板橋",0,10,-10
"10221","2841台開","110/08/13","凱基-台北",9,2,7
"10222","2841台開","110/08/13","豐農",0,10,-10
"10223","2841台開","110/08/13","元大-福營",10,3,7
"10224","2841台開","110/08/13","元大-北三重",0,10,-10
"10225","2841台開","110/08/13","元富-文心",5,0,5
"10226","2841台開","110/08/13","台新證券",6,13,-7
"10227","2841台開","110/08/13","凱基-東港",5,0,5
"10228","2841台開","110/08/13","光和-嘉義",0,6,-6
"10229","2841台開","110/08/13","元富-成功",3,0,3
"10230","2841台開","110/08/13","中國信託-高雄",0,5,-5
"10231","6207雷科","110/08/13","安泰",51,0,51
"10232","6207雷科","110/08/13","摩根大通",12,80,-68
"10233","6207雷科","110/08/13","永豐金證券",34,0,34
"10234","6207雷科","110/08/13","美林",1,34,-33
"10235","6207雷科","110/08/13","元大-潮州",32,0,32
"10236","6207雷科","110/08/13","新加坡商瑞銀",18,45,-27
"10237","6207雷科","110/08/13","元大-六合",30,0,30
"10238","6207雷科","110/08/13","凱基-復興",0,20,-20
"10239","6207雷科","110/08/13","富邦-中壢",20,0,20
"10240","6207雷科","110/08/13","凱基-台北",15,31,-16
"10241","6207雷科","110/08/13","統一-台中",10,0,10
"10242","6207雷科","110/08/13","港商野村",1,13,-12
"10243","6207雷科","110/08/13","凱基-岡山",10,0,10
"10244","6207雷科","110/08/13","群益金鼎-東門",0,12,-12
"10245","6207雷科","110/08/13","元大-東門",10,0,10
"10246","6207雷科","110/08/13","凱基-三峽",4,15,-11
"10247","6207雷科","110/08/13","元大-大天母",13,3,10
"10248","6207雷科","110/08/13","兆豐-公益",0,9,-9
"10249","6207雷科","110/08/13","元大-路竹",8,0,8
"10250","6207雷科","110/08/13","元大-鳳山",0,8,-8
"10251","6207雷科","110/08/13","富邦-敦南",7,0,7
"10252","6207雷科","110/08/13","合庫-鳳山",0,6,-6
"10253","6207雷科","110/08/13","兆豐-彰化",6,0,6
"10254","6207雷科","110/08/13","凱基-三重",0,6,-6
"10255","6207雷科","110/08/13","群益金鼎-土城",6,0,6
"10256","6207雷科","110/08/13","凱基-幸福",0,6,-6
"10257","6207雷科","110/08/13","玉山-台南",5,0,5
"10258","6207雷科","110/08/13","富邦-基隆",0,6,-6
"10259","6207雷科","110/08/13","凱基-湖口",5,0,5
"10260","6207雷科","110/08/13","元大-清水",0,6,-6
"10261","3679新至陞","110/08/13","元大-大天母",20,0,20
"10262","3679新至陞","110/08/13","摩根大通",2,27,-25
"10263","3679新至陞","110/08/13","台灣摩根士丹利",12,0,12
"10264","3679新至陞","110/08/13","瑞士信貸",1,16,-15
"10265","3679新至陞","110/08/13","元大-成功",10,0,10
"10266","3679新至陞","110/08/13","美林",0,10,-10
"10267","3679新至陞","110/08/13","兆豐-高雄",9,0,9
"10268","3679新至陞","110/08/13","凱基-台北",11,16,-5
"10269","3679新至陞","110/08/13","國泰-松江",4,0,4
"10270","3679新至陞","110/08/13","元大-東蘆",0,5,-5
"10271","3679新至陞","110/08/13","元大-大同",3,0,3
"10272","3679新至陞","110/08/13","元大-北成功",0,4,-4
"10273","3679新至陞","110/08/13","合庫-台中",2,0,2
"10274","3679新至陞","110/08/13","富邦-中壢",0,3,-3
"10275","3679新至陞","110/08/13","台中銀-員林",2,0,2
"10276","3679新至陞","110/08/13","彰銀",0,2,-2
"10277","3679新至陞","110/08/13","康和-板橋",2,0,2
"10278","3679新至陞","110/08/13","凱基-大安",0,2,-2
"10279","3679新至陞","110/08/13","新光-高雄",2,0,2
"10280","3679新至陞","110/08/13","華南永昌-鶯歌",0,2,-2
"10281","3679新至陞","110/08/13","凱基-文心",5,3,2
"10282","3679新至陞","110/08/13","富邦-仁愛",0,2,-2
"10283","3679新至陞","110/08/13","元大-景美",2,0,2
"10284","3679新至陞","110/08/13","元大證券",1,3,-2
"10285","3679新至陞","110/08/13","元大-土城永寧",2,0,2
"10286","3679新至陞","110/08/13","元大-土城",0,2,-2
"10287","3679新至陞","110/08/13","美商高盛",1,0,1
"10288","3679新至陞","110/08/13","台灣企銀-民雄",0,1,-1
"10289","3679新至陞","110/08/13","台新證券",1,0,1
"10290","3679新至陞","110/08/13","日盛證券",0,1,-1
"10291","2727王品","110/08/13","新光",27,6,21
"10292","2727王品","110/08/13","摩根大通",1,53,-52
"10293","2727王品","110/08/13","大慶-富順",20,0,20
"10294","2727王品","110/08/13","土銀-南港",0,40,-40
"10295","2727王品","110/08/13","兆豐-東門",17,0,17
"10296","2727王品","110/08/13","港商麥格理",0,24,-24
"10297","2727王品","110/08/13","新光-台中",19,2,17
"10298","2727王品","110/08/13","新加坡商瑞銀",0,21,-21
"10299","2727王品","110/08/13","元大-竹科",11,0,11
"10300","2727王品","110/08/13","康和-台南",1,22,-21
"10301","2727王品","110/08/13","日盛-屏東",10,0,10
"10302","2727王品","110/08/13","富邦-員林",0,17,-17
"10303","2727王品","110/08/13","彰銀-七賢",10,0,10
"10304","2727王品","110/08/13","港商野村",3,18,-15
"10305","2727王品","110/08/13","玉山-大里",10,0,10
"10306","2727王品","110/08/13","富邦-新營",0,15,-15
"10307","2727王品","110/08/13","富邦-台中",12,2,10
"10308","2727王品","110/08/13","台灣企銀-竹北",3,17,-14
"10309","2727王品","110/08/13","國泰-敦南",15,6,9
"10310","2727王品","110/08/13","國泰-板橋",3,17,-14
"10311","2727王品","110/08/13","臺銀",9,1,8
"10312","2727王品","110/08/13","凱基-板橋",0,13,-13
"10313","2727王品","110/08/13","元大-台中",8,0,8
"10314","2727王品","110/08/13","日盛-中和",1,13,-12
"10315","2727王品","110/08/13","國泰-台中",11,4,7
"10316","2727王品","110/08/13","第一金-新竹",1,12,-11
"10317","2727王品","110/08/13","永豐金-彰化",7,0,7
"10318","2727王品","110/08/13","統一",1,12,-11
"10319","2727王品","110/08/13","新光-桃園",6,0,6
"10320","2727王品","110/08/13","統一-竹南",0,10,-10
"10321","1570力肯","110/08/13","新光",147,12,135
"10322","1570力肯","110/08/13","(牛牛牛)亞-鑫豐",15,136,-121
"10323","1570力肯","110/08/13","國票-北高雄",128,0,128
"10324","1570力肯","110/08/13","富邦-台中",0,51,-51
"10325","1570力肯","110/08/13","凱基-台北",80,24,56
"10326","1570力肯","110/08/13","日盛-頭份",0,50,-50
"10327","1570力肯","110/08/13","統一",54,0,54
"10328","1570力肯","110/08/13","元富-高雄",0,40,-40
"10329","1570力肯","110/08/13","國票-內壢",49,1,48
"10330","1570力肯","110/08/13","凱基-高美館",2,41,-39
"10331","1570力肯","110/08/13","美林",37,0,37
"10332","1570力肯","110/08/13","日盛-忠孝",0,38,-38
"10333","1570力肯","110/08/13","國票-天祥",45,8,37
"10334","1570力肯","110/08/13","元大-羅東",0,20,-20
"10335","1570力肯","110/08/13","摩根大通",67,45,22
"10336","1570力肯","110/08/13","元大-大天母",0,20,-20
"10337","1570力肯","110/08/13","永豐金-屏東",22,0,22
"10338","1570力肯","110/08/13","永豐金-嘉義",0,20,-20
"10339","1570力肯","110/08/13","元富-新店",20,0,20
"10340","1570力肯","110/08/13","國泰-敦南",2,20,-18
"10341","1570力肯","110/08/13","(牛牛牛)亞證券",20,0,20
"10342","1570力肯","110/08/13","元大-沙鹿",1,18,-17
"10343","1570力肯","110/08/13","凱基-台南",20,0,20
"10344","1570力肯","110/08/13","元大-林森",0,16,-16
"10345","1570力肯","110/08/13","元大-開元",20,0,20
"10346","1570力肯","110/08/13","永豐金-市政",1,16,-15
"10347","1570力肯","110/08/13","元大-花蓮",20,0,20
"10348","1570力肯","110/08/13","統一-三重",5,19,-14
"10349","1570力肯","110/08/13","元大-基隆",19,0,19
"10350","1570力肯","110/08/13","國泰-新莊",1,15,-14
"10351","6180橘子","110/08/13","美商高盛",48,0,48
"10352","6180橘子","110/08/13","玉山-桃園",1,30,-29
"10353","6180橘子","110/08/13","美林",37,0,37
"10354","6180橘子","110/08/13","元大-成功",0,22,-22
"10355","6180橘子","110/08/13","凱基-台北",17,1,16
"10356","6180橘子","110/08/13","群益金鼎",0,11,-11
"10357","6180橘子","110/08/13","台新證券",15,1,14
"10358","6180橘子","110/08/13","亞東-高雄",0,10,-10
"10359","6180橘子","110/08/13","台灣摩根士丹利",13,0,13
"10360","6180橘子","110/08/13","元大-北港",0,10,-10
"10361","6180橘子","110/08/13","元大-北投",11,0,11
"10362","6180橘子","110/08/13","統一-彰化",3,10,-7
"10363","6180橘子","110/08/13","合庫-自強",10,0,10
"10364","6180橘子","110/08/13","摩根大通",6,13,-7
"10365","6180橘子","110/08/13","統一-台南",10,0,10
"10366","6180橘子","110/08/13","群益金鼎-中山",1,8,-7
"10367","6180橘子","110/08/13","兆豐-台中",10,0,10
"10368","6180橘子","110/08/13","元大-敦南",0,7,-7
"10369","6180橘子","110/08/13","群益金鼎-台中",10,0,10
"10370","6180橘子","110/08/13","國泰-板橋",0,6,-6
"10371","6180橘子","110/08/13","康和-台中",6,0,6
"10372","6180橘子","110/08/13","富邦-宜蘭",0,6,-6
"10373","6180橘子","110/08/13","凱基-汐止",5,0,5
"10374","6180橘子","110/08/13","元大-台北",0,6,-6
"10375","6180橘子","110/08/13","日盛-景美",6,2,4
"10376","6180橘子","110/08/13","永豐金-板橋",0,6,-6
"10377","6180橘子","110/08/13","新光-台中",4,0,4
"10378","6180橘子","110/08/13","亞東",0,5,-5
"10379","6180橘子","110/08/13","國泰-敦南",4,0,4
"10380","6180橘子","110/08/13","兆豐-竹北",0,5,-5
"10381","2390云辰","110/08/13","摩根大通",643,393,250
"10382","2390云辰","110/08/13","元大-信義",0,202,-202
"10383","2390云辰","110/08/13","美商高盛",269,138,131
"10384","2390云辰","110/08/13","美林",169,289,-120
"10385","2390云辰","110/08/13","凱基-台北",418,293,125
"10386","2390云辰","110/08/13","元大-東港",9,102,-93
"10387","2390云辰","110/08/13","元富-板橋",94,13,81
"10388","2390云辰","110/08/13","元富-高雄",17,94,-77
"10389","2390云辰","110/08/13","土銀-士林",78,0,78
"10390","2390云辰","110/08/13","凱基-竹科",5,76,-71
"10391","2390云辰","110/08/13","元大-前金",92,16,76
"10392","2390云辰","110/08/13","國票-博愛",40,107,-67
"10393","2390云辰","110/08/13","台新-台中",89,24,65
"10394","2390云辰","110/08/13","群益金鼎-開元",26,90,-64
"10395","2390云辰","110/08/13","光和-嘉義",73,10,63
"10396","2390云辰","110/08/13","新加坡商瑞銀",4,61,-57
"10397","2390云辰","110/08/13","富邦-敦南",59,0,59
"10398","2390云辰","110/08/13","港商野村",277,333,-56
"10399","2390云辰","110/08/13","富邦-彰化",69,11,58
"10400","2390云辰","110/08/13","新光",144,197,-53
"10401","2390云辰","110/08/13","元大-草屯",75,17,58
"10402","2390云辰","110/08/13","統一",23,75,-52
"10403","2390云辰","110/08/13","光和-溪湖",54,1,53
"10404","2390云辰","110/08/13","元大-林園",0,51,-51
"10405","2390云辰","110/08/13","元大-土城學府",263,210,53
"10406","2390云辰","110/08/13","富邦-新營",1,48,-47
"10407","2390云辰","110/08/13","元大-文心興安",64,11,53
"10408","2390云辰","110/08/13","元大-新莊",33,80,-47
"10409","2390云辰","110/08/13","國泰-忠孝",50,0,50
"10410","2390云辰","110/08/13","日盛-園區",10,55,-45
"10411","2867三商壽","110/08/12","新光",292,1,291
"10412","2867三商壽","110/08/12","摩根大通",53,266,-213
"10413","2867三商壽","110/08/12","元大-土城永寧",200,0,200
"10414","2867三商壽","110/08/12","元大-崇德",3,201,-198
"10415","2867三商壽","110/08/12","合庫證券",100,0,100
"10416","2867三商壽","110/08/12","美商高盛",31,159,-128
"10417","2867三商壽","110/08/12","土銀",100,0,100
"10418","2867三商壽","110/08/12","富邦證券",0,120,-120
"10419","2867三商壽","110/08/12","臺銀-臺南",100,0,100
"10420","2867三商壽","110/08/12","凱基-信義",0,117,-117
"10421","2867三商壽","110/08/12","元富-古亭",100,0,100
"10422","2867三商壽","110/08/12","凱基-台北",2,113,-111
"10423","2867三商壽","110/08/12","元大-新莊",100,0,100
"10424","2867三商壽","110/08/12","凱基-虎尾",0,100,-100
"10425","2867三商壽","110/08/12","凱基",97,0,97
"10426","2867三商壽","110/08/12","元大-南投",0,92,-92
"10427","2867三商壽","110/08/12","元大-桃園",60,0,60
"10428","2867三商壽","110/08/12","台灣摩根士丹利",0,70,-70
"10429","2867三商壽","110/08/12","合庫-西台中",51,0,51
"10430","2867三商壽","110/08/12","美林",8,72,-64
"10431","2867三商壽","110/08/12","華南永昌-鳳山",51,1,50
"10432","2867三商壽","110/08/12","新加坡商瑞銀",0,61,-61
"10433","2867三商壽","110/08/12","元大-沙鹿",39,0,39
"10434","2867三商壽","110/08/12","群益金鼎-台北",0,60,-60
"10435","2867三商壽","110/08/12","光和",30,0,30
"10436","2867三商壽","110/08/12","富邦-宜蘭",0,50,-50
"10437","2867三商壽","110/08/12","元大-龍潭",30,0,30
"10438","2867三商壽","110/08/12","元大-旗山",0,50,-50
"10439","2867三商壽","110/08/12","永豐金-員林",30,0,30
"10440","2867三商壽","110/08/12","元富-吉利",0,27,-27
"10441","5521工信","110/08/12","日進",900,0,900
"10442","5521工信","110/08/12","永豐金證券",14,200,-186
"10443","5521工信","110/08/12","摩根大通",678,57,621
"10444","5521工信","110/08/12","富邦-中壢",2,112,-110
"10445","5521工信","110/08/12","國票-安和",254,20,234
"10446","5521工信","110/08/12","中國信託-嘉義",0,100,-100
"10447","5521工信","110/08/12","凱基-台北",194,46,148
"10448","5521工信","110/08/12","元大-南屯",0,58,-58
"10449","5521工信","110/08/12","日盛-中和",103,10,93
"10450","5521工信","110/08/12","凱基-中壢",0,55,-55
"10451","5521工信","110/08/12","新光-新竹",80,5,75
"10452","5521工信","110/08/12","(牛牛牛)亞-鑫豐",1,52,-51
"10453","5521工信","110/08/12","美林",69,10,59
"10454","5521工信","110/08/12","台新證券",1,51,-50
"10455","5521工信","110/08/12","富邦-台北",69,20,49
"10456","5521工信","110/08/12","群益金鼎-崇德",0,48,-48
"10457","5521工信","110/08/12","新光-台南",37,0,37
"10458","5521工信","110/08/12","康和-內湖",0,46,-46
"10459","5521工信","110/08/12","永豐金-鳳山",32,0,32
"10460","5521工信","110/08/12","日盛-新莊",0,45,-45
"10461","5521工信","110/08/12","第一金-台南",67,42,25
"10462","5521工信","110/08/12","元大-旗山",1,46,-45
"10463","5521工信","110/08/12","台灣企銀-台中",20,0,20
"10464","5521工信","110/08/12","元大-內湖",0,45,-45
"10465","5521工信","110/08/12","康和-澎湖",20,0,20
"10466","5521工信","110/08/12","日盛-高雄",0,42,-42
"10467","5521工信","110/08/12","凱基-三多",20,0,20
"10468","5521工信","110/08/12","元大-大同",0,42,-42
"10469","5521工信","110/08/12","元大-仁愛",20,0,20
"10470","5521工信","110/08/12","第一金-新竹",0,40,-40
"10471","1471首利","110/08/12","摩根大通",190,21,169
"10472","1471首利","110/08/12","光和-溪湖",0,75,-75
"10473","1471首利","110/08/12","元大-敦化",100,0,100
"10474","1471首利","110/08/12","富邦-基隆",2,41,-39
"10475","1471首利","110/08/12","瑞士信貸",86,0,86
"10476","1471首利","110/08/12","凱基-台南",0,30,-30
"10477","1471首利","110/08/12","美商高盛",51,0,51
"10478","1471首利","110/08/12","元富-民權",0,29,-29
"10479","1471首利","110/08/12","美林",49,0,49
"10480","1471首利","110/08/12","凱基-東門",0,24,-24
"10481","1471首利","110/08/12","國票-北高雄",20,0,20
"10482","1471首利","110/08/12","永興-大墩",0,20,-20
"10483","1471首利","110/08/12","凱基-五股",20,0,20
"10484","1471首利","110/08/12","元大-土城",1,21,-20
"10485","1471首利","110/08/12","永豐金-中壢",20,0,20
"10486","1471首利","110/08/12","凱基-內埔",1,20,-19
"10487","1471首利","110/08/12","凱基-台北",16,0,16
"10488","1471首利","110/08/12","中國信託",0,17,-17
"10489","1471首利","110/08/12","台新證券",16,3,13
"10490","1471首利","110/08/12","華南永昌-中正",2,19,-17
"10491","1471首利","110/08/12","兆豐-員林",15,3,12
"10492","1471首利","110/08/12","中國信託-文心",0,16,-16
"10493","1471首利","110/08/12","中國信託-永康",10,0,10
"10494","1471首利","110/08/12","兆豐-台南",1,17,-16
"10495","1471首利","110/08/12","華南永昌-麻豆",11,1,10
"10496","1471首利","110/08/12","凱基-新豐",0,15,-15
"10497","1471首利","110/08/12","元大-新營",10,0,10
"10498","1471首利","110/08/12","永豐金-新莊",0,15,-15
"10499","1471首利","110/08/12","新加坡商瑞銀",6,0,6
"10500","1471首利","110/08/12","凱基-彰化",6,20,-14
"10501","2883開發金","110/08/12","美林",2636,759,1877
"10502","2883開發金","110/08/12","摩根大通",28,5087,-5059
"10503","2883開發金","110/08/12","華南永昌",889,3,886
"10504","2883開發金","110/08/12","新加坡商瑞銀",111,2619,-2508
"10505","2883開發金","110/08/12","美商高盛",1037,275,762
"10506","2883開發金","110/08/12","富邦-彰化",7,809,-802
"10507","2883開發金","110/08/12","凱基-員林",600,0,600
"10508","2883開發金","110/08/12","瑞士信貸",773,1528,-755
"10509","2883開發金","110/08/12","日盛-中壢",532,9,523
"10510","2883開發金","110/08/12","港商野村",2,600,-598
"10511","2883開發金","110/08/12","元大證券",631,169,462
"10512","2883開發金","110/08/12","宏遠-民生",0,500,-500
"10513","2883開發金","110/08/12","玉山-高雄",457,5,452
"10514","2883開發金","110/08/12","元大-桃園",19,504,-485
"10515","2883開發金","110/08/12","元大-員林",435,0,435
"10516","2883開發金","110/08/12","台灣摩根士丹利",1506,1983,-477
"10517","2883開發金","110/08/12","永豐金-高雄",343,20,323
"10518","2883開發金","110/08/12","永豐金-台南",29,495,-466
"10519","2883開發金","110/08/12","日盛-大墩",321,0,321
"10520","2883開發金","110/08/12","元大-斗六",4,457,-453
"10521","2883開發金","110/08/12","台新-三民",338,19,319
"10522","2883開發金","110/08/12","群益金鼎-桃園",36,314,-278
"10523","2883開發金","110/08/12","國泰-敦南",468,170,298
"10524","2883開發金","110/08/12","群益金鼎-開元",15,221,-206
"10525","2883開發金","110/08/12","兆豐-北高雄",258,6,252
"10526","2883開發金","110/08/12","土銀-台中",1,202,-201
"10527","2883開發金","110/08/12","安泰",272,53,219
"10528","2883開發金","110/08/12","凱基-台中",12,204,-192
"10529","2883開發金","110/08/12","群益金鼎-彰化",218,4,214
"10530","2883開發金","110/08/12","永豐金-中盛",55,246,-191
"10531","6205詮欣","110/08/12","元大-新竹經國",12,0,12
"10532","6205詮欣","110/08/12","元大-善化",0,20,-20
"10533","6205詮欣","110/08/12","臺銀-民權",8,0,8
"10534","6205詮欣","110/08/12","瑞士信貸",0,4,-4
"10535","6205詮欣","110/08/12","聯邦-嘉義",5,0,5
"10536","6205詮欣","110/08/12","群益金鼎-板橋",0,4,-4
"10537","6205詮欣","110/08/12","中國信託-三重",3,0,3
"10538","6205詮欣","110/08/12","元大-屏東民生",0,4,-4
"10539","6205詮欣","110/08/12","德信-新營",3,0,3
"10540","6205詮欣","110/08/12","臺銀-高雄",0,3,-3
"10541","6205詮欣","110/08/12","合庫-彰化",2,0,2
"10542","6205詮欣","110/08/12","凱基-南崁",0,3,-3
"10543","6205詮欣","110/08/12","新光-台南",2,0,2
"10544","6205詮欣","110/08/12","元大-華山",0,3,-3
"10545","6205詮欣","110/08/12","玉山-雙和",2,0,2
"10546","6205詮欣","110/08/12","摩根大通",0,2,-2
"10547","6205詮欣","110/08/12","元大-南投",2,0,2
"10548","6205詮欣","110/08/12","兆豐-新營",0,1,-1
"10549","6205詮欣","110/08/12","統一-三重",1,0,1
"10550","6205詮欣","110/08/12","兆豐-中壢",0,1,-1
"10551","6205詮欣","110/08/12","元富-安南",1,0,1
"10552","6205詮欣","110/08/12","凱基-台北",0,1,-1
"10553","6205詮欣","110/08/12","豐農",1,0,1
"10554","6205詮欣","110/08/12","凱基-竹科",0,1,-1
"10555","6205詮欣","110/08/12","北城證券",1,0,1
"10556","6205詮欣","110/08/12","富邦-高雄",0,1,-1
"10557","6205詮欣","110/08/12","玉山-嘉義",1,0,1
"10558","6205詮欣","110/08/12","元大-路竹",0,1,-1
"10559","6205詮欣","110/08/12","凱基-五股",1,0,1
"10560","6205詮欣","110/08/12","元大-屏南",0,1,-1
"10561","1540喬福","110/08/12","元富-中原",20,0,20
"10562","1540喬福","110/08/12","永豐金-豐原",0,64,-64
"10563","1540喬福","110/08/12","台中銀",17,0,17
"10564","1540喬福","110/08/12","統一-新台中",0,19,-19
"10565","1540喬福","110/08/12","凱基-中壢",11,0,11
"10566","1540喬福","110/08/12","凱基-興隆",0,7,-7
"10567","1540喬福","110/08/12","凱基-台中",8,0,8
"10568","1540喬福","110/08/12","玉山-城中",0,6,-6
"10569","1540喬福","110/08/12","亞東",5,0,5
"10570","1540喬福","110/08/12","富邦-台北",1,5,-4
"10571","1540喬福","110/08/12","群益金鼎-古亭",5,0,5
"10572","1540喬福","110/08/12","元大-左營",0,2,-2
"10573","1540喬福","110/08/12","美林",4,0,4
"10574","1540喬福","110/08/12","國泰-敦南",0,1,-1
"10575","1540喬福","110/08/12","兆豐-鹿港",4,0,4
"10576","1540喬福","110/08/12","凱基-基隆",0,1,-1
"10577","1540喬福","110/08/12","港商法國興業",3,0,3
"10578","1540喬福","110/08/12","凱基-大里",0,1,-1
"10579","1540喬福","110/08/12","凱基-苗栗",3,0,3
"10580","1540喬福","110/08/12","元富-中壢",0,0,0
"10581","1540喬福","110/08/12","國票-台中",2,0,2
"10582","1540喬福","110/08/12","凱基-竹北",0,0,0
"10583","1540喬福","110/08/12","兆豐-高雄",2,0,2
"10584","1540喬福","110/08/12","凱基-台北",1,1,0
"10585","1540喬福","110/08/12","元富-緯城",2,0,2
"10586","1540喬福","110/08/12","華南永昌-南京",0,0,0
"10587","1540喬福","110/08/12","華南永昌-台中",2,0,2
"10588","1540喬福","110/08/12","富邦-高雄",0,0,0
"10589","1540喬福","110/08/12","富邦-中壢",2,0,2
"10590","1540喬福","110/08/12","富邦-三重",0,0,0
"10591","2888新光金","110/08/12","群益金鼎-崇德",2118,3,2115
"10592","2888新光金","110/08/12","國票-台東",12,1903,-1891
"10593","2888新光金","110/08/12","國票-九鼎",2175,141,2034
"10594","2888新光金","110/08/12","永豐金-竹科",0,1186,-1186
"10595","2888新光金","110/08/12","元大-忠孝鼎富",986,4,982
"10596","2888新光金","110/08/12","群益金鼎-民權",1,1049,-1048
"10597","2888新光金","110/08/12","台灣摩根士丹利",992,319,673
"10598","2888新光金","110/08/12","凱基-台北",1172,2195,-1023
"10599","2888新光金","110/08/12","港商法國興業",670,0,670
"10600","2888新光金","110/08/12","摩根大通",829,1704,-875
"10601","2888新光金","110/08/12","富邦-內湖",605,0,605
"10602","2888新光金","110/08/12","美林",248,668,-420
"10603","2888新光金","110/08/12","華南永昌-台中",600,3,597
"10604","2888新光金","110/08/12","群益金鼎-鳳山",2,404,-402
"10605","2888新光金","110/08/12","元大-豐原站前",556,38,518
"10606","2888新光金","110/08/12","新加坡商瑞銀",470,857,-387
"10607","2888新光金","110/08/12","瑞士信貸",643,139,504
"10608","2888新光金","110/08/12","香港上海匯豐",22,270,-248
"10609","2888新光金","110/08/12","元大-永和",505,8,497
"10610","2888新光金","110/08/12","合庫證券",2,232,-230
"10611","2888新光金","110/08/12","法銀巴黎",498,9,489
"10612","2888新光金","110/08/12","元大-大同",0,214,-214
"10613","2888新光金","110/08/12","福邦-新竹",430,0,430
"10614","2888新光金","110/08/12","元富-文心",2,210,-208
"10615","2888新光金","110/08/12","凱基-鳳山",379,3,376
"10616","2888新光金","110/08/12","新光",154,346,-192
"10617","2888新光金","110/08/12","康和-內湖",306,7,299
"10618","2888新光金","110/08/12","元富-城東",28,215,-187
"10619","2888新光金","110/08/12","元大-樹林",300,10,290
"10620","2888新光金","110/08/12","富邦-彰化",23,201,-178
"10621","1340勝悅","110/08/12","國泰-台中",11,0,11
"10622","1340勝悅","110/08/12","中國信託",0,76,-76
"10623","1340勝悅","110/08/12","元大-博愛",10,0,10
"10624","1340勝悅","110/08/12","日盛-八德",0,14,-14
"10625","1340勝悅","110/08/12","凱基-台北",8,1,7
"10626","1340勝悅","110/08/12","摩根大通",3,13,-10
"10627","1340勝悅","110/08/12","臺灣企銀-埔墘",5,0,5
"10628","1340勝悅","110/08/12","日盛-木柵",0,7,-7
"10629","1340勝悅","110/08/12","第一金-新竹",5,0,5
"10630","1340勝悅","110/08/12","元大-路竹",0,7,-7
"10631","1340勝悅","110/08/12","元富-新興",5,0,5
"10632","1340勝悅","110/08/12","群益金鼎-內湖",0,4,-4
"10633","1340勝悅","110/08/12","兆豐-台南",5,0,5
"10634","1340勝悅","110/08/12","凱基-彰化",0,4,-4
"10635","1340勝悅","110/08/12","玉山-士林",5,0,5
"10636","1340勝悅","110/08/12","元大-大天母",0,3,-3
"10637","1340勝悅","110/08/12","華南永昌-新莊",5,0,5
"10638","1340勝悅","110/08/12","統一-城中",4,6,-2
"10639","1340勝悅","110/08/12","美商高盛",4,0,4
"10640","1340勝悅","110/08/12","兆豐-新竹",0,2,-2
"10641","1340勝悅","110/08/12","港商法國興業",3,0,3
"10642","1340勝悅","110/08/12","台新證券",0,2,-2
"10643","1340勝悅","110/08/12","台新-台中",3,0,3
"10644","1340勝悅","110/08/12","富邦-台南",0,2,-2
"10645","1340勝悅","110/08/12","玉山-台大",3,0,3
"10646","1340勝悅","110/08/12","元大-新營",0,2,-2
"10647","1340勝悅","110/08/12","國泰-高雄",3,0,3
"10648","1340勝悅","110/08/12","瑞士信貸",2,3,-1
"10649","1340勝悅","110/08/12","元大-竹南",3,0,3
"10650","1340勝悅","110/08/12","永豐金-中正",0,1,-1
"10651","6246臺龍","110/08/12","元大-南投",75,0,75
"10652","6246臺龍","110/08/12","統一-台中",0,58,-58
"10653","6246臺龍","110/08/12","元大-台北",32,0,32
"10654","6246臺龍","110/08/12","合庫-台中",1,41,-40
"10655","6246臺龍","110/08/12","元富-世貿",30,2,28
"10656","6246臺龍","110/08/12","凱基-市府",0,40,-40
"10657","6246臺龍","110/08/12","凱基-永和",25,0,25
"10658","6246臺龍","110/08/12","日盛-木柵",4,33,-29
"10659","6246臺龍","110/08/12","元富-新店",18,3,15
"10660","6246臺龍","110/08/12","凱基-台北",1,29,-28
"10661","6246臺龍","110/08/12","華南永昌-忠孝",12,0,12
"10662","6246臺龍","110/08/12","永豐金-內湖",2,30,-28
"10663","6246臺龍","110/08/12","永豐金-復興",12,0,12
"10664","6246臺龍","110/08/12","元大-中壢",23,44,-21
"10665","6246臺龍","110/08/12","富邦-敦南",11,0,11
"10666","6246臺龍","110/08/12","永全-南崁",0,20,-20
"10667","6246臺龍","110/08/12","元大證券",13,2,11
"10668","6246臺龍","110/08/12","國泰-敦南",7,27,-20
"10669","6246臺龍","110/08/12","大慶-蘆洲",10,0,10
"10670","6246臺龍","110/08/12","大昌",0,18,-18
"10671","6246臺龍","110/08/12","元大-新莊",10,0,10
"10672","6246臺龍","110/08/12","新光-台中",3,17,-14
"10673","6246臺龍","110/08/12","元大-林園",10,1,9
"10674","6246臺龍","110/08/12","元大-金門",3,16,-13
"10675","6246臺龍","110/08/12","元大-西屯",10,2,8
"10676","6246臺龍","110/08/12","永全",0,10,-10
"10677","6246臺龍","110/08/12","兆豐-公益",7,0,7
"10678","6246臺龍","110/08/12","元大-新店中正",0,10,-10
"10679","6246臺龍","110/08/12","群益金鼎-開元",7,0,7
"10680","6246臺龍","110/08/12","日盛-八德",0,8,-8
"10681","00715L期街口布蘭特正2","110/08/12","元大證券",13644,167,13477
"10682","00715L期街口布蘭特正2","110/08/12","元大-林森",0,780,-780
"10683","00715L期街口布蘭特正2","110/08/12","永豐金證券",2789,2,2787
"10684","00715L期街口布蘭特正2","110/08/12","台新-新營",12,600,-588
"10685","00715L期街口布蘭特正2","110/08/12","統一",2972,199,2773
"10686","00715L期街口布蘭特正2","110/08/12","台中銀",10,592,-582
"10687","00715L期街口布蘭特正2","110/08/12","元富",1524,5,1519
"10688","00715L期街口布蘭特正2","110/08/12","群益金鼎-屏東",0,575,-575
"10689","00715L期街口布蘭特正2","110/08/12","統一-嘉義",466,26,440
"10690","00715L期街口布蘭特正2","110/08/12","元大-北港",10,505,-495
"10691","00715L期街口布蘭特正2","110/08/12","群益金鼎-延平",300,4,296
"10692","00715L期街口布蘭特正2","110/08/12","兆豐-台中",0,476,-476
"10693","00715L期街口布蘭特正2","110/08/12","台新-三民",300,24,276
"10694","00715L期街口布蘭特正2","110/08/12","宏遠-桃園",0,438,-438
"10695","00715L期街口布蘭特正2","110/08/12","群益金鼎-瑞豐",210,14,196
"10696","00715L期街口布蘭特正2","110/08/12","台新-台中",65,474,-409
"10697","00715L期街口布蘭特正2","110/08/12","港商野村",320,140,180
"10698","00715L期街口布蘭特正2","110/08/12","元大-西螺",3,382,-379
"10699","00715L期街口布蘭特正2","110/08/12","台新-松江",200,35,165
"10700","00715L期街口布蘭特正2","110/08/12","凱基-城中",0,370,-370
"10701","00715L期街口布蘭特正2","110/08/12","合庫證券",121,0,121
"10702","00715L期街口布蘭特正2","110/08/12","元大-歸仁",20,384,-364
"10703","00715L期街口布蘭特正2","110/08/12","元大-旗山",120,1,119
"10704","00715L期街口布蘭特正2","110/08/12","群益金鼎-古亭",13,367,-354
"10705","00715L期街口布蘭特正2","110/08/12","富邦-員林",362,251,111
"10706","00715L期街口布蘭特正2","110/08/12","元大-竹科",6,327,-321
"10707","00715L期街口布蘭特正2","110/08/12","日盛-木柵",130,22,108
"10708","00715L期街口布蘭特正2","110/08/12","臺銀-新竹",0,320,-320
"10709","00715L期街口布蘭特正2","110/08/12","大慶-苗栗",107,2,105
"10710","00715L期街口布蘭特正2","110/08/12","統一-台中",7,325,-318
"10711","8941關中","110/08/12","元大-金華",1,0,1
"10712","8941關中","110/08/12","凱基-士林",0,2,-2
"10713","8941關中","110/08/12","元大-桃興",1,0,1
"10714","8941關中","110/08/12","(牛牛牛)亞-鑫豐",0,0,0
"10715","8941關中","110/08/12","(牛牛牛)亞-鑫豐",0,0,0
"10716","8941關中","110/08/12","台新-三民",0,0,0
"10717","8941關中","110/08/12","台新-三民",0,0,0
"10718","8941關中","110/08/12","國泰-忠孝",1,1,0
"10719","8941關中","110/08/12","國泰-忠孝",1,1,0
"10720","8941關中","110/08/12","凱基-市府",1,1,0
"10721","8941關中","110/08/12","凱基-市府",1,1,0
"10722","8941關中","110/08/12","",NA,NA,NA
"10723","8941關中","110/08/12","",NA,NA,NA
"10724","8941關中","110/08/12","",NA,NA,NA
"10725","8941關中","110/08/12","",NA,NA,NA
"10726","8941關中","110/08/12","",NA,NA,NA
"10727","8941關中","110/08/12","",NA,NA,NA
"10728","8941關中","110/08/12","",NA,NA,NA
"10729","8941關中","110/08/12","",NA,NA,NA
"10730","8941關中","110/08/12","",NA,NA,NA
"10731","8941關中","110/08/12","",NA,NA,NA
"10732","8941關中","110/08/12","",NA,NA,NA
"10733","8941關中","110/08/12","",NA,NA,NA
"10734","8941關中","110/08/12","",NA,NA,NA
"10735","8941關中","110/08/12","",NA,NA,NA
"10736","8941關中","110/08/12","",NA,NA,NA
"10737","8941關中","110/08/12","",NA,NA,NA
"10738","8941關中","110/08/12","",NA,NA,NA
"10739","8941關中","110/08/12","",NA,NA,NA
"10740","8941關中","110/08/12","",NA,NA,NA
"10741","8936國統","110/08/12","台新-高雄",410,32,378
"10742","8936國統","110/08/12","日盛-景美",0,70,-70
"10743","8936國統","110/08/12","元富-林園",65,0,65
"10744","8936國統","110/08/12","臺銀-金山",0,55,-55
"10745","8936國統","110/08/12","摩根大通",64,12,52
"10746","8936國統","110/08/12","元大-敦南",0,32,-32
"10747","8936國統","110/08/12","新加坡商瑞銀",53,31,22
"10748","8936國統","110/08/12","華南永昌-南京",0,30,-30
"10749","8936國統","110/08/12","元大-莒光",19,0,19
"10750","8936國統","110/08/12","玉山-台南",0,23,-23
"10751","8936國統","110/08/12","第一金-高雄",10,0,10
"10752","8936國統","110/08/12","兆豐-岡山",1,21,-20
"10753","8936國統","110/08/12","統一-高雄",10,0,10
"10754","8936國統","110/08/12","統一-新竹",0,14,-14
"10755","8936國統","110/08/12","元富-桃園",10,0,10
"10756","8936國統","110/08/12","國泰-敦南",1,14,-13
"10757","8936國統","110/08/12","台新-台南",10,0,10
"10758","8936國統","110/08/12","台灣摩根士丹利",2,14,-12
"10759","8936國統","110/08/12","元大-竹山",9,0,9
"10760","8936國統","110/08/12","凱基-台南",3,14,-11
"10761","8936國統","110/08/12","港商野村",15,8,7
"10762","8936國統","110/08/12","凱基-高美館",0,11,-11
"10763","8936國統","110/08/12","華南永昌-高雄",6,0,6
"10764","8936國統","110/08/12","元大-博愛",0,10,-10
"10765","8936國統","110/08/12","土銀-高雄",5,0,5
"10766","8936國統","110/08/12","第一金-新興",0,9,-9
"10767","8936國統","110/08/12","大昌-安康",5,0,5
"10768","8936國統","110/08/12","元大-沙鹿",0,9,-9
"10769","8936國統","110/08/12","兆豐-斗南",5,0,5
"10770","8936國統","110/08/12","元大-左營",3,12,-9
"10771","6226光鼎","110/08/12","摩根大通",1930,830,1100
"10772","6226光鼎","110/08/12","凱基-台北",224,675,-451
"10773","6226光鼎","110/08/12","第一金-大稻埕",418,0,418
"10774","6226光鼎","110/08/12","統一-高雄",1,353,-352
"10775","6226光鼎","110/08/12","台新-中壢",239,3,236
"10776","6226光鼎","110/08/12","美林",153,291,-138
"10777","6226光鼎","110/08/12","元大-文心興安",223,27,196
"10778","6226光鼎","110/08/12","大昌",88,225,-137
"10779","6226光鼎","110/08/12","富邦-陽明",112,9,103
"10780","6226光鼎","110/08/12","元大-土城永寧",3,126,-123
"10781","6226光鼎","110/08/12","華南永昌-高雄",96,13,83
"10782","6226光鼎","110/08/12","元大-北屯",16,107,-91
"10783","6226光鼎","110/08/12","永豐金-南投",95,13,82
"10784","6226光鼎","110/08/12","統一-板橋",0,88,-88
"10785","6226光鼎","110/08/12","永豐金-中盛",102,26,76
"10786","6226光鼎","110/08/12","群益金鼎-東大",5,91,-86
"10787","6226光鼎","110/08/12","元大證券",90,15,75
"10788","6226光鼎","110/08/12","富邦-南屯",40,111,-71
"10789","6226光鼎","110/08/12","元大-屏東民生",85,15,70
"10790","6226光鼎","110/08/12","新光",240,309,-69
"10791","6226光鼎","110/08/12","台灣摩根士丹利",93,32,61
"10792","6226光鼎","110/08/12","台新-高雄",75,143,-68
"10793","6226光鼎","110/08/12","富邦-高雄",121,66,55
"10794","6226光鼎","110/08/12","日盛證券",10,76,-66
"10795","6226光鼎","110/08/12","臺銀",106,54,52
"10796","6226光鼎","110/08/12","國泰-敦南",391,457,-66
"10797","6226光鼎","110/08/12","台灣企銀-三民",58,8,50
"10798","6226光鼎","110/08/12","富邦-台北",31,97,-66
"10799","6226光鼎","110/08/12","元大-新竹",250,200,50
"10800","6226光鼎","110/08/12","凱基-永和",30,91,-61
"10801","2363矽統","110/08/12","元大-佳里",810,33,777
"10802","2363矽統","110/08/12","凱基-台北",1783,3582,-1799
"10803","2363矽統","110/08/12","元大-大同",455,30,425
"10804","2363矽統","110/08/12","台灣摩根士丹利",0,959,-959
"10805","2363矽統","110/08/12","富邦-建國",503,100,403
"10806","2363矽統","110/08/12","華南永昌-斗六",90,1037,-947
"10807","2363矽統","110/08/12","北城證券",434,34,400
"10808","2363矽統","110/08/12","群益金鼎-敦南",27,331,-304
"10809","2363矽統","110/08/12","元大-開元",321,33,288
"10810","2363矽統","110/08/12","美商高盛",57,327,-270
"10811","2363矽統","110/08/12","台新-三民",287,84,203
"10812","2363矽統","110/08/12","大慶-蘆洲",26,233,-207
"10813","2363矽統","110/08/12","台中銀",157,23,134
"10814","2363矽統","110/08/12","新光-台南",130,324,-194
"10815","2363矽統","110/08/12","元大-新竹經國",152,21,131
"10816","2363矽統","110/08/12","美林",927,1076,-149
"10817","2363矽統","110/08/12","台新-高雄",449,322,127
"10818","2363矽統","110/08/12","華南永昌-頭份",187,328,-141
"10819","2363矽統","110/08/12","華南永昌",254,163,91
"10820","2363矽統","110/08/12","陽信-石牌",157,276,-119
"10821","2363矽統","110/08/12","凱基-城中",98,13,85
"10822","2363矽統","110/08/12","兆豐證券",0,104,-104
"10823","2363矽統","110/08/12","台中銀-台北",85,4,81
"10824","2363矽統","110/08/12","元大-忠孝鼎富",32,132,-100
"10825","2363矽統","110/08/12","元大-新莊",140,60,80
"10826","2363矽統","110/08/12","元大-鳳中",85,185,-100
"10827","2363矽統","110/08/12","玉山-台中",116,41,75
"10828","2363矽統","110/08/12","永豐金-桃盛",24,119,-95
"10829","2363矽統","110/08/12","元富-彰化",88,23,65
"10830","2363矽統","110/08/12","元大證券",51,145,-94
"10831","8112至上","110/08/12","摩根大通",1492,130,1362
"10832","8112至上","110/08/12","永豐金-台中",0,274,-274
"10833","8112至上","110/08/12","美林",712,13,699
"10834","8112至上","110/08/12","永豐金證券",8,272,-264
"10835","8112至上","110/08/12","台灣摩根士丹利",696,41,655
"10836","8112至上","110/08/12","群益金鼎-基隆",0,249,-249
"10837","8112至上","110/08/12","凱基-台北",582,82,500
"10838","8112至上","110/08/12","國票-長城",2,228,-226
"10839","8112至上","110/08/12","新加坡商瑞銀",359,18,341
"10840","8112至上","110/08/12","新光-新竹",19,208,-189
"10841","8112至上","110/08/12","花旗環球",266,0,266
"10842","8112至上","110/08/12","玉山-嘉義",20,168,-148
"10843","8112至上","110/08/12","富邦-仁愛",231,25,206
"10844","8112至上","110/08/12","元大-高雄",0,131,-131
"10845","8112至上","110/08/12","美商高盛",190,3,187
"10846","8112至上","110/08/12","臺灣企銀-桃園",128,251,-123
"10847","8112至上","110/08/12","凱基-三重",121,6,115
"10848","8112至上","110/08/12","元大-府城",0,115,-115
"10849","8112至上","110/08/12","港商野村",198,88,110
"10850","8112至上","110/08/12","台新證券",100,203,-103
"10851","8112至上","110/08/12","國票-中港",101,0,101
"10852","8112至上","110/08/12","康和-板橋",5,106,-101
"10853","8112至上","110/08/12","日盛-新竹",80,3,77
"10854","8112至上","110/08/12","元大-北成功",0,101,-101
"10855","8112至上","110/08/12","兆豐-斗南",71,8,63
"10856","8112至上","110/08/12","元大-永和",5,88,-83
"10857","8112至上","110/08/12","大慶",63,1,62
"10858","8112至上","110/08/12","群益金鼎-內湖",0,80,-80
"10859","8112至上","110/08/12","群益金鼎-竹南",57,1,56
"10860","8112至上","110/08/12","元大-南勢角",0,80,-80
"10861","1570力肯","110/08/12","台新證券",91,15,76
"10862","1570力肯","110/08/12","國票-北高雄",2,361,-359
"10863","1570力肯","110/08/12","元大-南投",81,5,76
"10864","1570力肯","110/08/12","新光",95,222,-127
"10865","1570力肯","110/08/12","永全-南崁",94,20,74
"10866","1570力肯","110/08/12","(牛牛牛)亞-鑫豐",28,120,-92
"10867","1570力肯","110/08/12","日盛-忠孝",57,0,57
"10868","1570力肯","110/08/12","華南永昌-高雄",0,52,-52
"10869","1570力肯","110/08/12","永豐金-北高雄",55,0,55
"10870","1570力肯","110/08/12","群益金鼎-三重",0,42,-42
"10871","1570力肯","110/08/12","中國信託-高雄",72,22,50
"10872","1570力肯","110/08/12","日盛-八德",2,39,-37
"10873","1570力肯","110/08/12","凱基-天母",49,0,49
"10874","1570力肯","110/08/12","新光-台中",130,167,-37
"10875","1570力肯","110/08/12","新光-台南",56,18,38
"10876","1570力肯","110/08/12","日盛-樹林",1,31,-30
"10877","1570力肯","110/08/12","兆豐-嘉義",35,0,35
"10878","1570力肯","110/08/12","元大-竹北",0,30,-30
"10879","1570力肯","110/08/12","國票-天祥",32,1,31
"10880","1570力肯","110/08/12","元大-楊梅",6,35,-29
"10881","1570力肯","110/08/12","國泰-松江",81,51,30
"10882","1570力肯","110/08/12","元大-桃興",4,32,-28
"10883","1570力肯","110/08/12","元大-新店中正",33,3,30
"10884","1570力肯","110/08/12","亞東-台中",0,26,-26
"10885","1570力肯","110/08/12","統一",48,21,27
"10886","1570力肯","110/08/12","永豐金-屏東",5,30,-25
"10887","1570力肯","110/08/12","國票-內壢",26,0,26
"10888","1570力肯","110/08/12","國泰-館前",0,24,-24
"10889","1570力肯","110/08/12","元大-大益",27,1,26
"10890","1570力肯","110/08/12","摩根大通",173,193,-20
"10891","2929淘帝","110/08/12","摩根大通",47,0,47
"10892","2929淘帝","110/08/12","華南永昌-彰化",0,30,-30
"10893","2929淘帝","110/08/12","宏遠-館前",40,0,40
"10894","2929淘帝","110/08/12","第一金-大稻埕",0,10,-10
"10895","2929淘帝","110/08/12","富邦-高雄",16,0,16
"10896","2929淘帝","110/08/12","統一-敦南",0,10,-10
"10897","2929淘帝","110/08/12","兆豐-內湖",15,0,15
"10898","2929淘帝","110/08/12","玉山-台南",0,10,-10
"10899","2929淘帝","110/08/12","港商野村",29,15,14
"10900","2929淘帝","110/08/12","元大-花蓮",0,10,-10
"10901","2929淘帝","110/08/12","元富-台南",10,0,10
"10902","2929淘帝","110/08/12","凱基-台中",0,9,-9
"10903","2929淘帝","110/08/12","豐農",10,0,10
"10904","2929淘帝","110/08/12","群益金鼎-潭子",0,8,-8
"10905","2929淘帝","110/08/12","群益金鼎-三重",10,0,10
"10906","2929淘帝","110/08/12","新加坡商瑞銀",10,17,-7
"10907","2929淘帝","110/08/12","永豐金證券",10,0,10
"10908","2929淘帝","110/08/12","新光-高雄",0,7,-7
"10909","2929淘帝","110/08/12","永豐金-敦南",10,0,10
"10910","2929淘帝","110/08/12","亞東-板橋",0,6,-6
"10911","2929淘帝","110/08/12","凱基-八德",6,0,6
"10912","2929淘帝","110/08/12","元富-中港",0,6,-6
"10913","2929淘帝","110/08/12","台新-新莊",5,0,5
"10914","2929淘帝","110/08/12","國泰-敦南",1,7,-6
"10915","2929淘帝","110/08/12","群益金鼎-中山",5,0,5
"10916","2929淘帝","110/08/12","永豐金-市政",0,6,-6
"10917","2929淘帝","110/08/12","凱基-幸福",5,0,5
"10918","2929淘帝","110/08/12","永豐金-中盛",10,16,-6
"10919","2929淘帝","110/08/12","元富-新竹",4,0,4
"10920","2929淘帝","110/08/12","台新-三民",0,5,-5
"10921","5410國眾","110/08/12","凱基-八德",23,0,23
"10922","5410國眾","110/08/12","國泰-敦南",1,101,-100
"10923","5410國眾","110/08/12","元大-大灣",11,0,11
"10924","5410國眾","110/08/12","第一金-華江",0,27,-27
"10925","5410國眾","110/08/12","合庫-新竹",10,0,10
"10926","5410國眾","110/08/12","元大-竹科",0,17,-17
"10927","5410國眾","110/08/12","凱基-虎尾",10,0,10
"10928","5410國眾","110/08/12","元大-歸仁",1,15,-14
"10929","5410國眾","110/08/12","富邦-竹北",10,0,10
"10930","5410國眾","110/08/12","日盛-八德",0,10,-10
"10931","5410國眾","110/08/12","玉山-新莊",9,0,9
"10932","5410國眾","110/08/12","華南永昌-潮州",0,10,-10
"10933","5410國眾","110/08/12","玉山-台大",8,0,8
"10934","5410國眾","110/08/12","富邦-板橋",0,7,-7
"10935","5410國眾","110/08/12","凱基-桃園",8,0,8
"10936","5410國眾","110/08/12","凱基-高雄",0,6,-6
"10937","5410國眾","110/08/12","日盛-永康",7,0,7
"10938","5410國眾","110/08/12","元大-忠孝",0,6,-6
"10939","5410國眾","110/08/12","玉山-雙和",7,0,7
"10940","5410國眾","110/08/12","凱基-汐止",0,5,-5
"10941","5410國眾","110/08/12","元大-彰化",7,0,7
"10942","5410國眾","110/08/12","凱基-台北",0,5,-5
"10943","5410國眾","110/08/12","元大-崇德",7,0,7
"10944","5410國眾","110/08/12","元富-花蓮",0,4,-4
"10945","5410國眾","110/08/12","國泰-館前",6,0,6
"10946","5410國眾","110/08/12","凱基-岡山",0,4,-4
"10947","5410國眾","110/08/12","國泰-板橋",8,2,6
"10948","5410國眾","110/08/12","瑞士信貸",0,3,-3
"10949","5410國眾","110/08/12","元富-桃園",5,0,5
"10950","5410國眾","110/08/12","富邦-台中",0,3,-3
"10951","2841台開","110/08/12","宏遠-館前",370,0,370
"10952","2841台開","110/08/12","永豐金-敦南",4,134,-130
"10953","2841台開","110/08/12","永豐金-豐原",94,0,94
"10954","2841台開","110/08/12","港商野村",0,85,-85
"10955","2841台開","110/08/12","富邦-北港",53,0,53
"10956","2841台開","110/08/12","國泰-忠孝",1,40,-39
"10957","2841台開","110/08/12","新光-台中",20,0,20
"10958","2841台開","110/08/12","富邦-仁愛",0,38,-38
"10959","2841台開","110/08/12","凱基-高美館",20,0,20
"10960","2841台開","110/08/12","新加坡商瑞銀",0,27,-27
"10961","2841台開","110/08/12","元大-左營",20,0,20
"10962","2841台開","110/08/12","統一-嘉義",0,21,-21
"10963","2841台開","110/08/12","元大-基隆孝二",11,0,11
"10964","2841台開","110/08/12","日盛-忠孝",0,20,-20
"10965","2841台開","110/08/12","元大-路竹",10,0,10
"10966","2841台開","110/08/12","日盛-中壢",0,20,-20
"10967","2841台開","110/08/12","華南永昌-虎尾",9,0,9
"10968","2841台開","110/08/12","宏遠-桃園",0,20,-20
"10969","2841台開","110/08/12","康和-台北",6,0,6
"10970","2841台開","110/08/12","群益金鼎-南京",0,20,-20
"10971","2841台開","110/08/12","致和-東門",5,0,5
"10972","2841台開","110/08/12","合庫-基隆",0,18,-18
"10973","2841台開","110/08/12","元大-虎尾",5,0,5
"10974","2841台開","110/08/12","日盛證券",0,17,-17
"10975","2841台開","110/08/12","元大-莒光",5,0,5
"10976","2841台開","110/08/12","元大-歸仁",0,15,-15
"10977","2841台開","110/08/12","永豐金-桃園",5,0,5
"10978","2841台開","110/08/12","新光",10,21,-11
"10979","2841台開","110/08/12","新光-台南",4,0,4
"10980","2841台開","110/08/12","群益金鼎-天母",0,11,-11
"10981","6207雷科","110/08/12","摩根大通",125,11,114
"10982","6207雷科","110/08/12","凱基-復興",0,120,-120
"10983","6207雷科","110/08/12","凱基-台北",96,1,95
"10984","6207雷科","110/08/12","元大-鳳山",0,62,-62
"10985","6207雷科","110/08/12","美林",38,3,35
"10986","6207雷科","110/08/12","日盛證券",0,56,-56
"10987","6207雷科","110/08/12","兆豐-南京",30,0,30
"10988","6207雷科","110/08/12","日盛-忠孝",0,48,-48
"10989","6207雷科","110/08/12","港商野村",27,1,26
"10990","6207雷科","110/08/12","日盛-桃園",0,11,-11
"10991","6207雷科","110/08/12","元大-南京",20,0,20
"10992","6207雷科","110/08/12","中國信託-高雄",0,10,-10
"10993","6207雷科","110/08/12","臺銀-臺南",12,0,12
"10994","6207雷科","110/08/12","元大-土城永寧",0,10,-10
"10995","6207雷科","110/08/12","瑞士信貸",11,0,11
"10996","6207雷科","110/08/12","凱基-湖口",0,8,-8
"10997","6207雷科","110/08/12","新加坡商瑞銀",20,11,9
"10998","6207雷科","110/08/12","富邦-敦南",0,7,-7
"10999","6207雷科","110/08/12","第一金-新興",6,0,6
"11000","6207雷科","110/08/12","凱基-三峽",0,6,-6
"11001","6207雷科","110/08/12","群益金鼎-士林",6,0,6
"11002","6207雷科","110/08/12","永豐金-高雄",0,6,-6
"11003","6207雷科","110/08/12","群益金鼎-瑞豐",6,0,6
"11004","6207雷科","110/08/12","宏遠證券",0,5,-5
"11005","6207雷科","110/08/12","兆豐-來福",5,0,5
"11006","6207雷科","110/08/12","元富-彰化",0,5,-5
"11007","6207雷科","110/08/12","華南永昌-彰化",5,0,5
"11008","6207雷科","110/08/12","凱基-岡山",0,5,-5
"11009","6207雷科","110/08/12","富邦-中壢",5,0,5
"11010","6207雷科","110/08/12","富邦-建國",0,5,-5
"11011","3679新至陞","110/08/12","台灣摩根士丹利",10,0,10
"11012","3679新至陞","110/08/12","元大-成功",0,10,-10
"11013","3679新至陞","110/08/12","國泰-松江",8,0,8
"11014","3679新至陞","110/08/12","新加坡商瑞銀",0,7,-7
"11015","3679新至陞","110/08/12","元大-大同",3,0,3
"11016","3679新至陞","110/08/12","摩根大通",2,6,-4
"11017","3679新至陞","110/08/12","聯邦-三重",2,0,2
"11018","3679新至陞","110/08/12","瑞士信貸",0,3,-3
"11019","3679新至陞","110/08/12","凱基-站前",2,0,2
"11020","3679新至陞","110/08/12","港商野村",0,3,-3
"11021","3679新至陞","110/08/12","日盛-板橋",1,0,1
"11022","3679新至陞","110/08/12","凱基-新豐",0,3,-3
"11023","3679新至陞","110/08/12","日盛-龍潭",1,0,1
"11024","3679新至陞","110/08/12","元大證券",0,3,-3
"11025","3679新至陞","110/08/12","美商高盛",1,0,1
"11026","3679新至陞","110/08/12","康和-板橋",0,2,-2
"11027","3679新至陞","110/08/12","大慶-蘆洲",1,0,1
"11028","3679新至陞","110/08/12","富邦-台北",0,2,-2
"11029","3679新至陞","110/08/12","元富-民權",1,0,1
"11030","3679新至陞","110/08/12","元大-土城永寧",0,2,-2
"11031","3679新至陞","110/08/12","元富-花蓮",1,0,1
"11032","3679新至陞","110/08/12","彰銀",0,1,-1
"11033","3679新至陞","110/08/12","(牛牛牛)亞-網路",1,0,1
"11034","3679新至陞","110/08/12","大慶-富順",0,1,-1
"11035","3679新至陞","110/08/12","光和-溪湖",1,0,1
"11036","3679新至陞","110/08/12","台中銀-豐原",0,1,-1
"11037","3679新至陞","110/08/12","兆豐-城中",1,0,1
"11038","3679新至陞","110/08/12","兆豐-東門",0,1,-1
"11039","3679新至陞","110/08/12","兆豐-岡山",1,0,1
"11040","3679新至陞","110/08/12","凱基-新店",0,1,-1
"11041","2727王品","110/08/12","新光",25,8,17
"11042","2727王品","110/08/12","美林",0,76,-76
"11043","2727王品","110/08/12","彰銀-台中",14,2,12
"11044","2727王品","110/08/12","新加坡商瑞銀",0,52,-52
"11045","2727王品","110/08/12","康和-澎湖",10,0,10
"11046","2727王品","110/08/12","凱基-台北",2,38,-36
"11047","2727王品","110/08/12","富邦-建國",10,1,9
"11048","2727王品","110/08/12","國泰證券",0,22,-22
"11049","2727王品","110/08/12","永豐金-中正",9,0,9
"11050","2727王品","110/08/12","統一",1,19,-18
"11051","2727王品","110/08/12","中國信託",12,4,8
"11052","2727王品","110/08/12","元大證券",5,21,-16
"11053","2727王品","110/08/12","國泰-敦南",9,1,8
"11054","2727王品","110/08/12","永豐金證券",0,16,-16
"11055","2727王品","110/08/12","日盛-景美",8,1,7
"11056","2727王品","110/08/12","港商野村",4,15,-11
"11057","2727王品","110/08/12","元富-永和",7,0,7
"11058","2727王品","110/08/12","元富-大昌",0,8,-8
"11059","2727王品","110/08/12","富邦-新店",7,0,7
"11060","2727王品","110/08/12","元大-沙鹿",0,8,-8
"11061","2727王品","110/08/12","日盛-木柵",6,0,6
"11062","2727王品","110/08/12","元大-板橋",5,10,-5
"11063","2727王品","110/08/12","日盛-屏東",7,1,6
"11064","2727王品","110/08/12","永豐金-彰化",0,5,-5
"11065","2727王品","110/08/12","台新-三民",7,1,6
"11066","2727王品","110/08/12","大慶-泰山",0,4,-4
"11067","2727王品","110/08/12","凱基-三重",6,0,6
"11068","2727王品","110/08/12","台中銀",0,4,-4
"11069","2727王品","110/08/12","第一金-台南",5,0,5
"11070","2727王品","110/08/12","康和",0,4,-4
"11071","1570力肯","110/08/12","台新證券",91,15,76
"11072","1570力肯","110/08/12","國票-北高雄",2,361,-359
"11073","1570力肯","110/08/12","元大-南投",81,5,76
"11074","1570力肯","110/08/12","新光",95,222,-127
"11075","1570力肯","110/08/12","永全-南崁",94,20,74
"11076","1570力肯","110/08/12","(牛牛牛)亞-鑫豐",28,120,-92
"11077","1570力肯","110/08/12","日盛-忠孝",57,0,57
"11078","1570力肯","110/08/12","華南永昌-高雄",0,52,-52
"11079","1570力肯","110/08/12","永豐金-北高雄",55,0,55
"11080","1570力肯","110/08/12","群益金鼎-三重",0,42,-42
"11081","1570力肯","110/08/12","中國信託-高雄",72,22,50
"11082","1570力肯","110/08/12","日盛-八德",2,39,-37
"11083","1570力肯","110/08/12","凱基-天母",49,0,49
"11084","1570力肯","110/08/12","新光-台中",130,167,-37
"11085","1570力肯","110/08/12","新光-台南",56,18,38
"11086","1570力肯","110/08/12","日盛-樹林",1,31,-30
"11087","1570力肯","110/08/12","兆豐-嘉義",35,0,35
"11088","1570力肯","110/08/12","元大-竹北",0,30,-30
"11089","1570力肯","110/08/12","國票-天祥",32,1,31
"11090","1570力肯","110/08/12","元大-楊梅",6,35,-29
"11091","1570力肯","110/08/12","國泰-松江",81,51,30
"11092","1570力肯","110/08/12","元大-桃興",4,32,-28
"11093","1570力肯","110/08/12","元大-新店中正",33,3,30
"11094","1570力肯","110/08/12","亞東-台中",0,26,-26
"11095","1570力肯","110/08/12","統一",48,21,27
"11096","1570力肯","110/08/12","永豐金-屏東",5,30,-25
"11097","1570力肯","110/08/12","國票-內壢",26,0,26
"11098","1570力肯","110/08/12","國泰-館前",0,24,-24
"11099","1570力肯","110/08/12","元大-大益",27,1,26
"11100","1570力肯","110/08/12","摩根大通",173,193,-20
"11101","6180橘子","110/08/12","第一金-忠孝",54,0,54
"11102","6180橘子","110/08/12","台灣企銀-屏東",0,30,-30
"11103","6180橘子","110/08/12","美林",35,0,35
"11104","6180橘子","110/08/12","元大-斗信",0,20,-20
"11105","6180橘子","110/08/12","凱基-台北",27,0,27
"11106","6180橘子","110/08/12","永豐金-信義",0,15,-15
"11107","6180橘子","110/08/12","美商高盛",23,2,21
"11108","6180橘子","110/08/12","玉山-桃園",0,14,-14
"11109","6180橘子","110/08/12","元大-前金",20,0,20
"11110","6180橘子","110/08/12","兆豐-埔墘",0,10,-10
"11111","6180橘子","110/08/12","摩根大通",21,5,16
"11112","6180橘子","110/08/12","富邦-高雄",0,10,-10
"11113","6180橘子","110/08/12","元大-敦南",11,0,11
"11114","6180橘子","110/08/12","台新-新營",1,10,-9
"11115","6180橘子","110/08/12","統一-基隆",10,0,10
"11116","6180橘子","110/08/12","富邦-員林",0,9,-9
"11117","6180橘子","110/08/12","元大證券",6,0,6
"11118","6180橘子","110/08/12","台灣摩根士丹利",4,11,-7
"11119","6180橘子","110/08/12","日盛-樹林",5,0,5
"11120","6180橘子","110/08/12","大慶-蘆洲",0,7,-7
"11121","6180橘子","110/08/12","新光-新竹",6,1,5
"11122","6180橘子","110/08/12","元大-北三重",0,7,-7
"11123","6180橘子","110/08/12","元大-上新莊",5,0,5
"11124","6180橘子","110/08/12","新光",1,6,-5
"11125","6180橘子","110/08/12","新加坡商瑞銀",3,0,3
"11126","6180橘子","110/08/12","華南永昌-虎尾",0,5,-5
"11127","6180橘子","110/08/12","統一-中壢",3,0,3
"11128","6180橘子","110/08/12","元大-屏南",0,5,-5
"11129","6180橘子","110/08/12","元富-新店",3,0,3
"11130","6180橘子","110/08/12","群益金鼎-東湖",1,5,-4
"11131","2390云辰","110/08/12","美林",245,9,236
"11132","2390云辰","110/08/12","臺銀-臺中",2,218,-216
"11133","2390云辰","110/08/12","新加坡商瑞銀",90,20,70
"11134","2390云辰","110/08/12","兆豐-寶成",0,185,-185
"11135","2390云辰","110/08/12","台灣摩根士丹利",59,2,57
"11136","2390云辰","110/08/12","元大-板橋三民",1,70,-69
"11137","2390云辰","110/08/12","凱基-台北",127,72,55
"11138","2390云辰","110/08/12","永豐金-松山",5,70,-65
"11139","2390云辰","110/08/12","元大-豐原站前",51,1,50
"11140","2390云辰","110/08/12","富邦-建國",11,62,-51
"11141","2390云辰","110/08/12","港商野村",198,154,44
"11142","2390云辰","110/08/12","元大-土城學府",36,70,-34
"11143","2390云辰","110/08/12","凱基-站前",54,10,44
"11144","2390云辰","110/08/12","元大-土城永寧",10,39,-29
"11145","2390云辰","110/08/12","元大-北三重",34,2,32
"11146","2390云辰","110/08/12","群益金鼎-中壢",3,30,-27
"11147","2390云辰","110/08/12","凱基-民權",30,0,30
"11148","2390云辰","110/08/12","元大-新竹",3,30,-27
"11149","2390云辰","110/08/12","華南永昌-岡山",28,0,28
"11150","2390云辰","110/08/12","元富-城東",2,28,-26
"11151","2390云辰","110/08/12","元富-同大",34,7,27
"11152","2390云辰","110/08/12","群益金鼎-三民",2,26,-24
"11153","2390云辰","110/08/12","元大-路竹",45,20,25
"11154","2390云辰","110/08/12","台新-左楠",28,50,-22
"11155","2390云辰","110/08/12","國票-博愛",34,11,23
"11156","2390云辰","110/08/12","中農",1,23,-22
"11157","2390云辰","110/08/12","元大-台南",25,2,23
"11158","2390云辰","110/08/12","聯邦商銀",0,22,-22
"11159","2390云辰","110/08/12","群益金鼎-開元",30,8,22
"11160","2390云辰","110/08/12","元富-新店",2,23,-21
"11161","2867三商壽","110/08/11","摩根大通",509,31,478
"11162","2867三商壽","110/08/11","港商野村",13,188,-175
"11163","2867三商壽","110/08/11","美商高盛",157,17,140
"11164","2867三商壽","110/08/11","宏遠-高雄",0,150,-150
"11165","2867三商壽","110/08/11","凱基-台北",123,14,109
"11166","2867三商壽","110/08/11","日盛-鳳山",0,73,-73
"11167","2867三商壽","110/08/11","凱基-八德",101,0,101
"11168","2867三商壽","110/08/11","德信-中正",0,71,-71
"11169","2867三商壽","110/08/11","統一-平鎮",100,0,100
"11170","2867三商壽","110/08/11","凱基-新豐",1,67,-66
"11171","2867三商壽","110/08/11","元大-土城永寧",94,5,89
"11172","2867三商壽","110/08/11","土銀-新竹",0,60,-60
"11173","2867三商壽","110/08/11","元大-沙鹿",63,0,63
"11174","2867三商壽","110/08/11","凱基-中港",0,55,-55
"11175","2867三商壽","110/08/11","新加坡商瑞銀",55,1,54
"11176","2867三商壽","110/08/11","中國信託-文心",11,61,-50
"11177","2867三商壽","110/08/11","台灣摩根士丹利",60,10,50
"11178","2867三商壽","110/08/11","國泰-新莊",2,50,-48
"11179","2867三商壽","110/08/11","元富-潮州",41,0,41
"11180","2867三商壽","110/08/11","群益金鼎",0,40,-40
"11181","2867三商壽","110/08/11","統一-汐止",40,0,40
"11182","2867三商壽","110/08/11","元大-大益",0,40,-40
"11183","2867三商壽","110/08/11","新光-高雄",40,4,36
"11184","2867三商壽","110/08/11","富邦-板橋",5,38,-33
"11185","2867三商壽","110/08/11","玉山-板橋",31,1,30
"11186","2867三商壽","110/08/11","元富-古亭",0,30,-30
"11187","2867三商壽","110/08/11","美林",194,168,26
"11188","2867三商壽","110/08/11","元大-金華",0,30,-30
"11189","2867三商壽","110/08/11","凱基",24,0,24
"11190","2867三商壽","110/08/11","元大-汐止",13,42,-29
"11191","5521工信","110/08/11","摩根大通",417,16,401
"11192","5521工信","110/08/11","元大-沙鹿",0,103,-103
"11193","5521工信","110/08/11","凱基-台北",86,5,81
"11194","5521工信","110/08/11","華南永昌",0,43,-43
"11195","5521工信","110/08/11","日進",73,0,73
"11196","5521工信","110/08/11","聯邦-雙和",0,42,-42
"11197","5521工信","110/08/11","日盛證券",70,0,70
"11198","5521工信","110/08/11","元富-基隆",0,38,-38
"11199","5521工信","110/08/11","富邦-台北",65,0,65
"11200","5521工信","110/08/11","第一金-路竹",0,37,-37
"11201","5521工信","110/08/11","富邦-苗栗",50,0,50
"11202","5521工信","110/08/11","土銀-台中",0,35,-35
"11203","5521工信","110/08/11","永豐金-鳳山",40,1,39
"11204","5521工信","110/08/11","玉山-高雄",0,30,-30
"11205","5521工信","110/08/11","台灣企銀-北高雄",30,0,30
"11206","5521工信","110/08/11","凱基-台南",0,30,-30
"11207","5521工信","110/08/11","美林",71,42,29
"11208","5521工信","110/08/11","凱基-復興",0,30,-30
"11209","5521工信","110/08/11","台新-台中",31,6,25
"11210","5521工信","110/08/11","元大-屏南",0,30,-30
"11211","5521工信","110/08/11","凱基-鳳山",20,0,20
"11212","5521工信","110/08/11","永豐金-天母",0,30,-30
"11213","5521工信","110/08/11","元大-東蘆",20,0,20
"11214","5521工信","110/08/11","華南永昌-潮州",4,32,-28
"11215","5521工信","110/08/11","群益金鼎-士林",21,3,18
"11216","5521工信","110/08/11","華南永昌-彰化",13,39,-26
"11217","5521工信","110/08/11","永豐金證券",14,0,14
"11218","5521工信","110/08/11","日盛-新莊",0,25,-25
"11219","5521工信","110/08/11","瑞士信貸",13,0,13
"11220","5521工信","110/08/11","群益金鼎-敦南",0,25,-25
"11221","1471首利","110/08/11","瑞士信貸",162,0,162
"11222","1471首利","110/08/11","日盛-和美",1,55,-54
"11223","1471首利","110/08/11","永全-八德",100,0,100
"11224","1471首利","110/08/11","臺銀-臺中",3,55,-52
"11225","1471首利","110/08/11","摩根大通",128,46,82
"11226","1471首利","110/08/11","永豐金-板盛",0,42,-42
"11227","1471首利","110/08/11","台新證券",48,7,41
"11228","1471首利","110/08/11","兆豐-桃園",0,40,-40
"11229","1471首利","110/08/11","凱基-台南",30,0,30
"11230","1471首利","110/08/11","凱基-東門",0,40,-40
"11231","1471首利","110/08/11","凱基-內埔",20,0,20
"11232","1471首利","110/08/11","元大-新竹經國",0,40,-40
"11233","1471首利","110/08/11","元大-蘆洲",20,0,20
"11234","1471首利","110/08/11","群益金鼎-中港",0,35,-35
"11235","1471首利","110/08/11","台新-高雄",16,0,16
"11236","1471首利","110/08/11","元大-竹山",0,30,-30
"11237","1471首利","110/08/11","大慶-富順",13,0,13
"11238","1471首利","110/08/11","富邦-新竹",1,30,-29
"11239","1471首利","110/08/11","群益金鼎-海山",13,0,13
"11240","1471首利","110/08/11","日盛-八德",0,27,-27
"11241","1471首利","110/08/11","日盛-大墩",12,0,12
"11242","1471首利","110/08/11","大慶-蘆洲",5,30,-25
"11243","1471首利","110/08/11","凱基-三重",12,0,12
"11244","1471首利","110/08/11","元富-林園",0,25,-25
"11245","1471首利","110/08/11","華南永昌-林口",12,0,12
"11246","1471首利","110/08/11","元富-大昌",0,25,-25
"11247","1471首利","110/08/11","富邦-中壢",13,2,11
"11248","1471首利","110/08/11","新光",9,34,-25
"11249","1471首利","110/08/11","合庫-台中",10,0,10
"11250","1471首利","110/08/11","兆豐-寶成",0,24,-24
"11251","2883開發金","110/08/11","瑞士信貸",5796,0,5796
"11252","2883開發金","110/08/11","元富",772,4335,-3563
"11253","2883開發金","110/08/11","元大-板橋三民",4182,53,4129
"11254","2883開發金","110/08/11","美林",2516,5260,-2744
"11255","2883開發金","110/08/11","合庫證券",3532,28,3504
"11256","2883開發金","110/08/11","永豐金-彰化",42,2447,-2405
"11257","2883開發金","110/08/11","兆豐證券",2123,44,2079
"11258","2883開發金","110/08/11","元大證券",1279,3467,-2188
"11259","2883開發金","110/08/11","台灣摩根士丹利",2946,1744,1202
"11260","2883開發金","110/08/11","國票-長城",0,2014,-2014
"11261","2883開發金","110/08/11","富邦-建國",1195,92,1103
"11262","2883開發金","110/08/11","港商野村",3121,4600,-1479
"11263","2883開發金","110/08/11","新光-新竹",1140,38,1102
"11264","2883開發金","110/08/11","元大-金華",31,1341,-1310
"11265","2883開發金","110/08/11","美商高盛",1600,535,1065
"11266","2883開發金","110/08/11","元大-彰化",67,1218,-1151
"11267","2883開發金","110/08/11","群益金鼎-南京",1083,202,881
"11268","2883開發金","110/08/11","玉山-高雄",99,986,-887
"11269","2883開發金","110/08/11","凱基-台北",5046,4258,788
"11270","2883開發金","110/08/11","元富-彰化",27,813,-786
"11271","2883開發金","110/08/11","港商法國興業",728,0,728
"11272","2883開發金","110/08/11","摩根大通",3362,4085,-723
"11273","2883開發金","110/08/11","玉山證券",716,98,618
"11274","2883開發金","110/08/11","國泰證券",21,658,-637
"11275","2883開發金","110/08/11","凱基-豐中",634,76,558
"11276","2883開發金","110/08/11","富邦-新店",61,662,-601
"11277","2883開發金","110/08/11","永豐金-忠孝",1406,858,548
"11278","2883開發金","110/08/11","元大-小港",71,667,-596
"11279","2883開發金","110/08/11","元大-民生",532,2,530
"11280","2883開發金","110/08/11","富邦-台北",213,798,-585
"11281","6205詮欣","110/08/11","臺銀-民權",25,0,25
"11282","6205詮欣","110/08/11","摩根大通",2,46,-44
"11283","6205詮欣","110/08/11","合庫-三重",20,0,20
"11284","6205詮欣","110/08/11","永豐金-敦南",0,14,-14
"11285","6205詮欣","110/08/11","元富-宜蘭",20,0,20
"11286","6205詮欣","110/08/11","瑞士信貸",0,11,-11
"11287","6205詮欣","110/08/11","德信-新營",10,0,10
"11288","6205詮欣","110/08/11","永豐金-忠孝",0,10,-10
"11289","6205詮欣","110/08/11","元大-西屯",10,0,10
"11290","6205詮欣","110/08/11","統一-汐止",0,6,-6
"11291","6205詮欣","110/08/11","永豐金-中正",9,0,9
"11292","6205詮欣","110/08/11","港商野村",0,5,-5
"11293","6205詮欣","110/08/11","日盛-三重",5,0,5
"11294","6205詮欣","110/08/11","新光",0,5,-5
"11295","6205詮欣","110/08/11","日盛-花蓮",5,0,5
"11296","6205詮欣","110/08/11","群益金鼎-開元",0,5,-5
"11297","6205詮欣","110/08/11","宏遠證券",5,0,5
"11298","6205詮欣","110/08/11","富邦-陽明",0,5,-5
"11299","6205詮欣","110/08/11","高橋",5,0,5
"11300","6205詮欣","110/08/11","元大-館前",0,5,-5
"11301","6205詮欣","110/08/11","亞東-板橋",4,0,4
"11302","6205詮欣","110/08/11","大慶-中壢",0,4,-4
"11303","6205詮欣","110/08/11","元富-基隆",3,0,3
"11304","6205詮欣","110/08/11","凱基-和平",0,4,-4
"11305","6205詮欣","110/08/11","元大-台中中港",3,0,3
"11306","6205詮欣","110/08/11","富邦-台北",0,4,-4
"11307","6205詮欣","110/08/11","合庫-彰化",2,0,2
"11308","6205詮欣","110/08/11","元大-南投",0,4,-4
"11309","6205詮欣","110/08/11","元大-西門",2,0,2
"11310","6205詮欣","110/08/11","元大-東蘆",0,4,-4
"11311","1540喬福","110/08/11","元富-中原",30,0,30
"11312","1540喬福","110/08/11","統一-新台中",0,18,-18
"11313","1540喬福","110/08/11","台中銀",17,0,17
"11314","1540喬福","110/08/11","凱基-台北",0,16,-16
"11315","1540喬福","110/08/11","富邦-竹北",11,0,11
"11316","1540喬福","110/08/11","永豐金-板新",0,15,-15
"11317","1540喬福","110/08/11","國泰-敦南",8,0,8
"11318","1540喬福","110/08/11","永豐金-中盛",0,11,-11
"11319","1540喬福","110/08/11","凱基-中壢",6,0,6
"11320","1540喬福","110/08/11","元大-中壢",0,10,-10
"11321","1540喬福","110/08/11","凱基-台南",5,0,5
"11322","1540喬福","110/08/11","玉山-台南",0,4,-4
"11323","1540喬福","110/08/11","元大-土城永寧",3,0,3
"11324","1540喬福","110/08/11","國票-南科",0,3,-3
"11325","1540喬福","110/08/11","臺銀-鳳山",2,0,2
"11326","1540喬福","110/08/11","元大-龍潭",0,3,-3
"11327","1540喬福","110/08/11","日盛-台中",2,0,2
"11328","1540喬福","110/08/11","臺銀-臺中",0,2,-2
"11329","1540喬福","110/08/11","兆豐-北高雄",2,0,2
"11330","1540喬福","110/08/11","(牛牛牛)亞-網路",0,2,-2
"11331","1540喬福","110/08/11","兆豐-三民",2,0,2
"11332","1540喬福","110/08/11","新光-台南",0,2,-2
"11333","1540喬福","110/08/11","合庫-桃園",1,0,1
"11334","1540喬福","110/08/11","凱基-永和",0,2,-2
"11335","1540喬福","110/08/11","臺銀-民權",1,0,1
"11336","1540喬福","110/08/11","元大-南崁",0,2,-2
"11337","1540喬福","110/08/11","臺銀-高雄",1,0,1
"11338","1540喬福","110/08/11","美林",0,1,-1
"11339","1540喬福","110/08/11","日盛-永康",1,0,1
"11340","1540喬福","110/08/11","美商高盛",0,1,-1
"11341","2888新光金","110/08/11","摩根大通",6950,1470,5480
"11342","2888新光金","110/08/11","第一金-高雄",5,5018,-5013
"11343","2888新光金","110/08/11","元大-忠孝鼎富",4314,11,4303
"11344","2888新光金","110/08/11","永豐金-天母",0,2241,-2241
"11345","2888新光金","110/08/11","美商高盛",4420,228,4192
"11346","2888新光金","110/08/11","統一-中壢",11,1720,-1709
"11347","2888新光金","110/08/11","瑞士信貸",2928,166,2762
"11348","2888新光金","110/08/11","美林",1510,3170,-1660
"11349","2888新光金","110/08/11","群益金鼎",1859,0,1859
"11350","2888新光金","110/08/11","國票-台東",21,1606,-1585
"11351","2888新光金","110/08/11","凱基-台北",5335,3700,1635
"11352","2888新光金","110/08/11","元富-城東",25,1082,-1057
"11353","2888新光金","110/08/11","新加坡商瑞銀",1506,65,1441
"11354","2888新光金","110/08/11","台灣摩根士丹利",916,1951,-1035
"11355","2888新光金","110/08/11","港商法國興業",1338,0,1338
"11356","2888新光金","110/08/11","中國信託",25,740,-715
"11357","2888新光金","110/08/11","元富-中港",1250,9,1241
"11358","2888新光金","110/08/11","新光",391,1047,-656
"11359","2888新光金","110/08/11","福邦-新竹",1176,0,1176
"11360","2888新光金","110/08/11","合庫-高雄",1,567,-566
"11361","2888新光金","110/08/11","凱基-林口",1005,35,970
"11362","2888新光金","110/08/11","康和-台中",1,463,-462
"11363","2888新光金","110/08/11","港商野村",1301,434,867
"11364","2888新光金","110/08/11","玉山證券",260,691,-431
"11365","2888新光金","110/08/11","國票-安和",1179,519,660
"11366","2888新光金","110/08/11","元大-和平",4,382,-378
"11367","2888新光金","110/08/11","富邦-敦南",569,19,550
"11368","2888新光金","110/08/11","日盛-新莊",0,350,-350
"11369","2888新光金","110/08/11","香港上海匯豐",441,0,441
"11370","2888新光金","110/08/11","群益金鼎-大興",1,341,-340
"11371","1340勝悅","110/08/11","華南永昌-高雄",24,4,20
"11372","1340勝悅","110/08/11","元大-大統",0,42,-42
"11373","1340勝悅","110/08/11","亞東-板橋",18,0,18
"11374","1340勝悅","110/08/11","(牛牛牛)亞-鑫豐",0,25,-25
"11375","1340勝悅","110/08/11","永豐金-台南",12,0,12
"11376","1340勝悅","110/08/11","美林",0,20,-20
"11377","1340勝悅","110/08/11","永豐金-板盛",10,0,10
"11378","1340勝悅","110/08/11","摩根大通",0,18,-18
"11379","1340勝悅","110/08/11","永豐金-天母",9,0,9
"11380","1340勝悅","110/08/11","元富-基隆",0,12,-12
"11381","1340勝悅","110/08/11","國泰-敦南",15,7,8
"11382","1340勝悅","110/08/11","玉山-高雄",0,12,-12
"11383","1340勝悅","110/08/11","群益金鼎-館前",8,0,8
"11384","1340勝悅","110/08/11","元大-桃興",0,10,-10
"11385","1340勝悅","110/08/11","凱基-台中",7,0,7
"11386","1340勝悅","110/08/11","永豐金-博愛",0,10,-10
"11387","1340勝悅","110/08/11","統一-城中",6,0,6
"11388","1340勝悅","110/08/11","瑞士信貸",0,8,-8
"11389","1340勝悅","110/08/11","群益金鼎-崇德",6,0,6
"11390","1340勝悅","110/08/11","日盛-台中",0,6,-6
"11391","1340勝悅","110/08/11","永豐金-松山",6,0,6
"11392","1340勝悅","110/08/11","元大-景美",0,6,-6
"11393","1340勝悅","110/08/11","臺銀-鳳山",5,0,5
"11394","1340勝悅","110/08/11","日盛-信義",0,5,-5
"11395","1340勝悅","110/08/11","永全-南崁",5,0,5
"11396","1340勝悅","110/08/11","台新證券",0,5,-5
"11397","1340勝悅","110/08/11","玉山-士林",5,0,5
"11398","1340勝悅","110/08/11","元大-忠孝鼎富",0,5,-5
"11399","1340勝悅","110/08/11","國泰-台中",15,10,5
"11400","1340勝悅","110/08/11","元大-中壢",0,5,-5
"11401","6246臺龍","110/08/11","永興",40,3,37
"11402","6246臺龍","110/08/11","港商野村",6,139,-133
"11403","6246臺龍","110/08/11","永豐金-內湖",42,9,33
"11404","6246臺龍","110/08/11","統一",0,97,-97
"11405","6246臺龍","110/08/11","元大-豐原站前",68,41,27
"11406","6246臺龍","110/08/11","兆豐-松德",0,82,-82
"11407","6246臺龍","110/08/11","日盛-員林",21,1,20
"11408","6246臺龍","110/08/11","元大-新盛",24,80,-56
"11409","6246臺龍","110/08/11","康和-澎湖",20,0,20
"11410","6246臺龍","110/08/11","元大-北港",0,35,-35
"11411","6246臺龍","110/08/11","元大-歸仁",18,0,18
"11412","6246臺龍","110/08/11","元大-西門",0,28,-28
"11413","6246臺龍","110/08/11","元大-中壢",35,17,18
"11414","6246臺龍","110/08/11","永興-台中",0,27,-27
"11415","6246臺龍","110/08/11","玉山-大里",17,0,17
"11416","6246臺龍","110/08/11","永興-水湳",0,25,-25
"11417","6246臺龍","110/08/11","大慶-泰山",15,0,15
"11418","6246臺龍","110/08/11","元大-西螺",6,30,-24
"11419","6246臺龍","110/08/11","永豐金-松山",15,1,14
"11420","6246臺龍","110/08/11","元大-西屯",2,25,-23
"11421","6246臺龍","110/08/11","凱基-永和",13,0,13
"11422","6246臺龍","110/08/11","新光",45,67,-22
"11423","6246臺龍","110/08/11","華南永昌-嘉義",13,0,13
"11424","6246臺龍","110/08/11","第一金-台中",0,20,-20
"11425","6246臺龍","110/08/11","富邦-三重",13,0,13
"11426","6246臺龍","110/08/11","兆豐-南京",0,20,-20
"11427","6246臺龍","110/08/11","日盛-高雄",12,0,12
"11428","6246臺龍","110/08/11","日盛-頭份",2,20,-18
"11429","6246臺龍","110/08/11","群益金鼎-北高雄",12,0,12
"11430","6246臺龍","110/08/11","宏遠-桃園",0,17,-17
"11431","00715L期街口布蘭特正2","110/08/11","元大證券",11593,2378,9215
"11432","00715L期街口布蘭特正2","110/08/11","凱基-台北",313,3001,-2688
"11433","00715L期街口布蘭特正2","110/08/11","永豐金-新店",1600,4,1596
"11434","00715L期街口布蘭特正2","110/08/11","富邦-南屯",403,1908,-1505
"11435","00715L期街口布蘭特正2","110/08/11","第一金-台中",1282,31,1251
"11436","00715L期街口布蘭特正2","110/08/11","新光",152,1165,-1013
"11437","00715L期街口布蘭特正2","110/08/11","元大-敦化",1200,20,1180
"11438","00715L期街口布蘭特正2","110/08/11","第一金-台南",0,519,-519
"11439","00715L期街口布蘭特正2","110/08/11","永豐金證券",1128,53,1075
"11440","00715L期街口布蘭特正2","110/08/11","統一-新竹",13,506,-493
"11441","00715L期街口布蘭特正2","110/08/11","元大-復北",556,21,535
"11442","00715L期街口布蘭特正2","110/08/11","台新-三民",0,438,-438
"11443","00715L期街口布蘭特正2","110/08/11","日盛-永康",340,0,340
"11444","00715L期街口布蘭特正2","110/08/11","富邦-彰化",30,391,-361
"11445","00715L期街口布蘭特正2","110/08/11","群益金鼎-板橋",350,17,333
"11446","00715L期街口布蘭特正2","110/08/11","元富-中壢",5,316,-311
"11447","00715L期街口布蘭特正2","110/08/11","元富",325,2,323
"11448","00715L期街口布蘭特正2","110/08/11","凱基-豐中",0,302,-302
"11449","00715L期街口布蘭特正2","110/08/11","凱基-科園",300,0,300
"11450","00715L期街口布蘭特正2","110/08/11","康和",359,645,-286
"11451","00715L期街口布蘭特正2","110/08/11","元大-蘆洲",311,59,252
"11452","00715L期街口布蘭特正2","110/08/11","元富-成功",5,290,-285
"11453","00715L期街口布蘭特正2","110/08/11","群益金鼎-崇德",251,20,231
"11454","00715L期街口布蘭特正2","110/08/11","台新-松江",0,268,-268
"11455","00715L期街口布蘭特正2","110/08/11","富邦-建國",265,42,223
"11456","00715L期街口布蘭特正2","110/08/11","元大-前金",21,279,-258
"11457","00715L期街口布蘭特正2","110/08/11","富邦-嘉義",300,99,201
"11458","00715L期街口布蘭特正2","110/08/11","國泰-高雄",13,236,-223
"11459","00715L期街口布蘭特正2","110/08/11","元大-竹科",314,115,199
"11460","00715L期街口布蘭特正2","110/08/11","中國信託-嘉義",4,223,-219
"11461","8941關中","110/08/11","凱基-市府",1,0,1
"11462","8941關中","110/08/11","元大-古亭",0,1,-1
"11463","8941關中","110/08/11","康和-板橋",0,0,0
"11464","8941關中","110/08/11","康和-板橋",0,0,0
"11465","8941關中","110/08/11","國泰-忠孝",0,0,0
"11466","8941關中","110/08/11","國泰-忠孝",0,0,0
"11467","8941關中","110/08/11","富邦-北港",0,0,0
"11468","8941關中","110/08/11","富邦-北港",0,0,0
"11469","8941關中","110/08/11","元大證券",0,0,0
"11470","8941關中","110/08/11","元大證券",0,0,0
"11471","8941關中","110/08/11","",NA,NA,NA
"11472","8941關中","110/08/11","",NA,NA,NA
"11473","8941關中","110/08/11","",NA,NA,NA
"11474","8941關中","110/08/11","",NA,NA,NA
"11475","8941關中","110/08/11","",NA,NA,NA
"11476","8941關中","110/08/11","",NA,NA,NA
"11477","8941關中","110/08/11","",NA,NA,NA
"11478","8941關中","110/08/11","",NA,NA,NA
"11479","8941關中","110/08/11","",NA,NA,NA
"11480","8941關中","110/08/11","",NA,NA,NA
"11481","8941關中","110/08/11","",NA,NA,NA
"11482","8941關中","110/08/11","",NA,NA,NA
"11483","8941關中","110/08/11","",NA,NA,NA
"11484","8941關中","110/08/11","",NA,NA,NA
"11485","8941關中","110/08/11","",NA,NA,NA
"11486","8941關中","110/08/11","",NA,NA,NA
"11487","8941關中","110/08/11","",NA,NA,NA
"11488","8941關中","110/08/11","",NA,NA,NA
"11489","8941關中","110/08/11","",NA,NA,NA
"11490","8941關中","110/08/11","",NA,NA,NA
"11491","8936國統","110/08/11","台新-高雄",218,1,217
"11492","8936國統","110/08/11","凱基-內埔",0,70,-70
"11493","8936國統","110/08/11","新光-桃園",105,3,102
"11494","8936國統","110/08/11","元大-太平",0,60,-60
"11495","8936國統","110/08/11","新加坡商瑞銀",124,59,65
"11496","8936國統","110/08/11","永豐金-板盛",0,48,-48
"11497","8936國統","110/08/11","美林",61,0,61
"11498","8936國統","110/08/11","兆豐-高雄",0,29,-29
"11499","8936國統","110/08/11","摩根大通",71,16,55
"11500","8936國統","110/08/11","群益金鼎-屏東",0,27,-27
"11501","8936國統","110/08/11","元富-同大",41,5,36
"11502","8936國統","110/08/11","新光",0,24,-24
"11503","8936國統","110/08/11","凱基-台北",38,6,32
"11504","8936國統","110/08/11","凱基-台南",0,22,-22
"11505","8936國統","110/08/11","華南永昌-高雄",22,0,22
"11506","8936國統","110/08/11","合庫-高雄",0,20,-20
"11507","8936國統","110/08/11","日盛-三峽",21,0,21
"11508","8936國統","110/08/11","永豐金-大園",0,20,-20
"11509","8936國統","110/08/11","兆豐-大同",30,9,21
"11510","8936國統","110/08/11","永豐金-台中",0,20,-20
"11511","8936國統","110/08/11","宏遠-台南",20,0,20
"11512","8936國統","110/08/11","永豐金-竹科",0,20,-20
"11513","8936國統","110/08/11","美商高盛",17,1,16
"11514","8936國統","110/08/11","港商野村",49,67,-18
"11515","8936國統","110/08/11","日盛-斗六",15,0,15
"11516","8936國統","110/08/11","第一金-新興",0,16,-16
"11517","8936國統","110/08/11","元富-大裕",15,0,15
"11518","8936國統","110/08/11","新光-台中",14,29,-15
"11519","8936國統","110/08/11","台新-台中",15,2,13
"11520","8936國統","110/08/11","凱基-永和",0,15,-15
"11521","6226光鼎","110/08/11","美商高盛",595,148,447
"11522","6226光鼎","110/08/11","瑞士信貸",297,751,-454
"11523","6226光鼎","110/08/11","凱基-台北",506,69,437
"11524","6226光鼎","110/08/11","摩根大通",911,1317,-406
"11525","6226光鼎","110/08/11","統一-高雄",503,150,353
"11526","6226光鼎","110/08/11","凱基-站前",29,313,-284
"11527","6226光鼎","110/08/11","美林",507,312,195
"11528","6226光鼎","110/08/11","台中銀-台北",0,280,-280
"11529","6226光鼎","110/08/11","合庫-台中",143,4,139
"11530","6226光鼎","110/08/11","國泰-台中",75,176,-101
"11531","6226光鼎","110/08/11","大昌",139,0,139
"11532","6226光鼎","110/08/11","元富-潮州",10,107,-97
"11533","6226光鼎","110/08/11","台灣摩根士丹利",229,101,128
"11534","6226光鼎","110/08/11","中國信託-永康",63,159,-96
"11535","6226光鼎","110/08/11","元大-北投",123,4,119
"11536","6226光鼎","110/08/11","國泰-高雄",15,96,-81
"11537","6226光鼎","110/08/11","富邦-南屯",170,63,107
"11538","6226光鼎","110/08/11","凱基-三多",23,100,-77
"11539","6226光鼎","110/08/11","群益金鼎-西松",176,93,83
"11540","6226光鼎","110/08/11","玉山-高雄",17,90,-73
"11541","6226光鼎","110/08/11","台新證券",167,99,68
"11542","6226光鼎","110/08/11","元大-新盛",8,81,-73
"11543","6226光鼎","110/08/11","永豐金-內湖",79,22,57
"11544","6226光鼎","110/08/11","元大-府城",7,72,-65
"11545","6226光鼎","110/08/11","日盛證券",51,6,45
"11546","6226光鼎","110/08/11","統一-仁愛",13,75,-62
"11547","6226光鼎","110/08/11","臺銀-高雄",70,26,44
"11548","6226光鼎","110/08/11","高橋",4,61,-57
"11549","6226光鼎","110/08/11","富邦-陽明",84,40,44
"11550","6226光鼎","110/08/11","台新-屏東",16,71,-55
"11551","2363矽統","110/08/11","瑞士信貸",547,0,547
"11552","2363矽統","110/08/11","凱基-台北",2934,4385,-1451
"11553","2363矽統","110/08/11","台灣摩根士丹利",677,160,517
"11554","2363矽統","110/08/11","陽信-石牌",34,626,-592
"11555","2363矽統","110/08/11","玉山-台中",331,139,192
"11556","2363矽統","110/08/11","永豐金證券",103,405,-302
"11557","2363矽統","110/08/11","台新-左楠",191,33,158
"11558","2363矽統","110/08/11","元大-成功",60,289,-229
"11559","2363矽統","110/08/11","華南永昌-頭份",197,45,152
"11560","2363矽統","110/08/11","美林",747,959,-212
"11561","2363矽統","110/08/11","元大-忠孝鼎富",196,51,145
"11562","2363矽統","110/08/11","元大-員林中山",83,286,-203
"11563","2363矽統","110/08/11","元大-汐止",279,150,129
"11564","2363矽統","110/08/11","凱基-市府",42,242,-200
"11565","2363矽統","110/08/11","大慶-蘆洲",135,26,109
"11566","2363矽統","110/08/11","永豐金-埔里",4,181,-177
"11567","2363矽統","110/08/11","合庫-高雄",135,30,105
"11568","2363矽統","110/08/11","群益金鼎-內湖",41,195,-154
"11569","2363矽統","110/08/11","兆豐證券",105,1,104
"11570","2363矽統","110/08/11","元大-旗山",157,307,-150
"11571","2363矽統","110/08/11","永豐金-竹科",112,15,97
"11572","2363矽統","110/08/11","兆豐-台中港",38,178,-140
"11573","2363矽統","110/08/11","國票-彰化",95,0,95
"11574","2363矽統","110/08/11","元大-新竹",55,194,-139
"11575","2363矽統","110/08/11","元大-斗信",152,65,87
"11576","2363矽統","110/08/11","凱基-永和",32,161,-129
"11577","2363矽統","110/08/11","亞東",95,10,85
"11578","2363矽統","110/08/11","第一金-桃園",59,183,-124
"11579","2363矽統","110/08/11","美商高盛",906,822,84
"11580","2363矽統","110/08/11","台新證券",525,640,-115
"11581","8112至上","110/08/11","港商野村",188,11,177
"11582","8112至上","110/08/11","新加坡商瑞銀",35,847,-812
"11583","8112至上","110/08/11","大昌-桃園",173,0,173
"11584","8112至上","110/08/11","宏遠證券",2,536,-534
"11585","8112至上","110/08/11","合庫證券",142,3,139
"11586","8112至上","110/08/11","富邦-仁愛",67,324,-257
"11587","8112至上","110/08/11","美商高盛",145,14,131
"11588","8112至上","110/08/11","凱基-市政",0,202,-202
"11589","8112至上","110/08/11","群益金鼎-內湖",132,10,122
"11590","8112至上","110/08/11","凱基-復興",16,190,-174
"11591","8112至上","110/08/11","國票-長城",130,30,100
"11592","8112至上","110/08/11","瑞士信貸",136,306,-170
"11593","8112至上","110/08/11","玉山-板橋",84,0,84
"11594","8112至上","110/08/11","兆豐-公益",1,120,-119
"11595","8112至上","110/08/11","臺灣企銀-桃園",60,0,60
"11596","8112至上","110/08/11","元大-萬華",12,131,-119
"11597","8112至上","110/08/11","新光",103,44,59
"11598","8112至上","110/08/11","凱基-台北",211,321,-110
"11599","8112至上","110/08/11","華南永昌-中正",52,0,52
"11600","8112至上","110/08/11","美林",21,116,-95
"11601","8112至上","110/08/11","元大-仁愛",50,0,50
"11602","8112至上","110/08/11","永豐金-豐原",7,102,-95
"11603","8112至上","110/08/11","元大-北成功",101,53,48
"11604","8112至上","110/08/11","兆豐-民生",0,70,-70
"11605","8112至上","110/08/11","合庫-嘉義",45,0,45
"11606","8112至上","110/08/11","元富",2,71,-69
"11607","8112至上","110/08/11","大慶-富順",46,1,45
"11608","8112至上","110/08/11","玉山-士林",6,67,-61
"11609","8112至上","110/08/11","臺銀-金山",45,1,44
"11610","8112至上","110/08/11","凱基-埔墘",0,60,-60
"11611","1570力肯","110/08/11","國票-內壢",386,0,386
"11612","1570力肯","110/08/11","群益金鼎-大興",0,100,-100
"11613","1570力肯","110/08/11","華南永昌-桃園",104,3,101
"11614","1570力肯","110/08/11","新光",177,255,-78
"11615","1570力肯","110/08/11","摩根大通",154,84,70
"11616","1570力肯","110/08/11","富邦-台中",0,61,-61
"11617","1570力肯","110/08/11","日盛-頭份",51,0,51
"11618","1570力肯","110/08/11","群益金鼎-忠孝",1,60,-59
"11619","1570力肯","110/08/11","永豐金-中壢",51,1,50
"11620","1570力肯","110/08/11","元大-新店中正",2,61,-59
"11621","1570力肯","110/08/11","永豐金-北高雄",50,0,50
"11622","1570力肯","110/08/11","富邦-陽明",1,51,-50
"11623","1570力肯","110/08/11","凱基-天母",51,2,49
"11624","1570力肯","110/08/11","元大-太平",5,54,-49
"11625","1570力肯","110/08/11","日盛-員林",52,5,47
"11626","1570力肯","110/08/11","統一-松江",0,43,-43
"11627","1570力肯","110/08/11","元富-高雄",40,0,40
"11628","1570力肯","110/08/11","台新證券",6,44,-38
"11629","1570力肯","110/08/11","中國信託-嘉義",34,0,34
"11630","1570力肯","110/08/11","永豐金證券",1,36,-35
"11631","1570力肯","110/08/11","元大-北成功",30,1,29
"11632","1570力肯","110/08/11","瑞士信貸",0,27,-27
"11633","1570力肯","110/08/11","亞東-台中",26,0,26
"11634","1570力肯","110/08/11","元大-中壢",9,35,-26
"11635","1570力肯","110/08/11","第一金-嘉義",26,0,26
"11636","1570力肯","110/08/11","美商高盛",0,25,-25
"11637","1570力肯","110/08/11","凱基-中壢",27,3,24
"11638","1570力肯","110/08/11","國票-北高雄",128,153,-25
"11639","1570力肯","110/08/11","元大-福營",25,1,24
"11640","1570力肯","110/08/11","元富-新店",10,34,-24
"11641","2929淘帝","110/08/11","美林",25,5,20
"11642","2929淘帝","110/08/11","華南永昌",0,25,-25
"11643","2929淘帝","110/08/11","永興",20,0,20
"11644","2929淘帝","110/08/11","台新-台中",0,22,-22
"11645","2929淘帝","110/08/11","新光",17,1,16
"11646","2929淘帝","110/08/11","富邦-永和",1,21,-20
"11647","2929淘帝","110/08/11","臺銀-臺南",12,0,12
"11648","2929淘帝","110/08/11","元富-古亭",0,18,-18
"11649","2929淘帝","110/08/11","第一金-大稻埕",10,0,10
"11650","2929淘帝","110/08/11","永豐金-大園",5,23,-18
"11651","2929淘帝","110/08/11","兆豐-桃園",10,0,10
"11652","2929淘帝","110/08/11","富邦-新店",3,19,-16
"11653","2929淘帝","110/08/11","國票-九鼎",10,0,10
"11654","2929淘帝","110/08/11","新光-台中",16,31,-15
"11655","2929淘帝","110/08/11","華南永昌-長虹",10,0,10
"11656","2929淘帝","110/08/11","國泰-新莊",0,10,-10
"11657","2929淘帝","110/08/11","凱基-長庚",7,0,7
"11658","2929淘帝","110/08/11","元大-東泰",0,10,-10
"11659","2929淘帝","110/08/11","凱基-林口",7,0,7
"11660","2929淘帝","110/08/11","凱基-斗六",0,8,-8
"11661","2929淘帝","110/08/11","日盛-中壢",5,0,5
"11662","2929淘帝","110/08/11","永豐金證券",0,7,-7
"11663","2929淘帝","110/08/11","港商法國興業",5,0,5
"11664","2929淘帝","110/08/11","第一金-員林",0,5,-5
"11665","2929淘帝","110/08/11","元富-中壢",5,0,5
"11666","2929淘帝","110/08/11","元富-新竹",0,5,-5
"11667","2929淘帝","110/08/11","元富-文心",5,0,5
"11668","2929淘帝","110/08/11","凱基-東門",0,5,-5
"11669","2929淘帝","110/08/11","凱基-台中",5,0,5
"11670","2929淘帝","110/08/11","元大-桃園",0,5,-5
"11671","5410國眾","110/08/11","群益金鼎",128,0,128
"11672","5410國眾","110/08/11","國泰-敦南",12,206,-194
"11673","5410國眾","110/08/11","富邦-建國",100,0,100
"11674","5410國眾","110/08/11","凱基-竹北",2,112,-110
"11675","5410國眾","110/08/11","玉山-新莊",35,0,35
"11676","5410國眾","110/08/11","大昌-樹林",0,100,-100
"11677","5410國眾","110/08/11","合庫-桃園",30,0,30
"11678","5410國眾","110/08/11","凱基-市政",0,100,-100
"11679","5410國眾","110/08/11","高橋",30,0,30
"11680","5410國眾","110/08/11","摩根大通",20,68,-48
"11681","5410國眾","110/08/11","元大-崇德",28,0,28
"11682","5410國眾","110/08/11","凱基-台北",7,39,-32
"11683","5410國眾","110/08/11","元大-新盛",28,0,28
"11684","5410國眾","110/08/11","元大-復北",0,30,-30
"11685","5410國眾","110/08/11","凱基-三峽",21,0,21
"11686","5410國眾","110/08/11","大昌",0,26,-26
"11687","5410國眾","110/08/11","臺銀-臺中",17,0,17
"11688","5410國眾","110/08/11","第一金-豐原",0,23,-23
"11689","5410國眾","110/08/11","新光",15,0,15
"11690","5410國眾","110/08/11","元富-三重",0,22,-22
"11691","5410國眾","110/08/11","國泰-台中",20,8,12
"11692","5410國眾","110/08/11","元大-樹林",2,21,-19
"11693","5410國眾","110/08/11","新光-桃園",11,0,11
"11694","5410國眾","110/08/11","元大-成功",0,17,-17
"11695","5410國眾","110/08/11","元大-旗山",11,0,11
"11696","5410國眾","110/08/11","新光-台中",0,16,-16
"11697","5410國眾","110/08/11","大昌-新店",10,0,10
"11698","5410國眾","110/08/11","臺銀-臺南",1,14,-13
"11699","5410國眾","110/08/11","豐農",10,0,10
"11700","5410國眾","110/08/11","瑞士信貸",0,12,-12
"11701","2841台開","110/08/11","宏遠-館前",402,0,402
"11702","2841台開","110/08/11","永豐金-敦南",11,270,-259
"11703","2841台開","110/08/11","日盛-信義",129,0,129
"11704","2841台開","110/08/11","國票-天祥",0,100,-100
"11705","2841台開","110/08/11","元大-南投",80,0,80
"11706","2841台開","110/08/11","日盛證券",27,117,-90
"11707","2841台開","110/08/11","日盛-園區",72,0,72
"11708","2841台開","110/08/11","永興-水湳",0,30,-30
"11709","2841台開","110/08/11","華南永昌-鶯歌",45,0,45
"11710","2841台開","110/08/11","兆豐-寶成",0,30,-30
"11711","2841台開","110/08/11","元大-福營",20,0,20
"11712","2841台開","110/08/11","元富-四維",0,26,-26
"11713","2841台開","110/08/11","元大-左營",20,0,20
"11714","2841台開","110/08/11","統一-士林",0,25,-25
"11715","2841台開","110/08/11","永豐金-員林",15,0,15
"11716","2841台開","110/08/11","日盛-忠孝",0,20,-20
"11717","2841台開","110/08/11","日盛-內湖",11,0,11
"11718","2841台開","110/08/11","大慶-蘆洲",0,20,-20
"11719","2841台開","110/08/11","國泰-館前",10,0,10
"11720","2841台開","110/08/11","國票-中和",0,20,-20
"11721","2841台開","110/08/11","華南永昌-潮州",10,0,10
"11722","2841台開","110/08/11","元大-大灣",0,20,-20
"11723","2841台開","110/08/11","元大-大里德芳",10,0,10
"11724","2841台開","110/08/11","元大-雙和",0,20,-20
"11725","2841台開","110/08/11","元大-小港",10,0,10
"11726","2841台開","110/08/11","新光",28,47,-19
"11727","2841台開","110/08/11","新光-台南",7,0,7
"11728","2841台開","110/08/11","玉山-台中",0,13,-13
"11729","2841台開","110/08/11","國泰-台中",6,0,6
"11730","2841台開","110/08/11","富邦-建國",0,12,-12
"11731","6207雷科","110/08/11","台新-高雄",136,8,128
"11732","6207雷科","110/08/11","群益金鼎-東門",1,90,-89
"11733","6207雷科","110/08/11","凱基-台北",108,21,87
"11734","6207雷科","110/08/11","摩根大通",89,156,-67
"11735","6207雷科","110/08/11","富邦-陽明",70,0,70
"11736","6207雷科","110/08/11","元大-鳳山",22,60,-38
"11737","6207雷科","110/08/11","永豐金證券",30,0,30
"11738","6207雷科","110/08/11","凱基-三重",5,40,-35
"11739","6207雷科","110/08/11","永豐金-高雄",29,5,24
"11740","6207雷科","110/08/11","美林",5,35,-30
"11741","6207雷科","110/08/11","元大-高雄",18,0,18
"11742","6207雷科","110/08/11","港商野村",28,58,-30
"11743","6207雷科","110/08/11","元大-竹山",17,0,17
"11744","6207雷科","110/08/11","元大-路竹",3,30,-27
"11745","6207雷科","110/08/11","國泰-台南",15,2,13
"11746","6207雷科","110/08/11","元大-小港",3,30,-27
"11747","6207雷科","110/08/11","元大-東門",12,0,12
"11748","6207雷科","110/08/11","(牛牛牛)亞-網路",0,23,-23
"11749","6207雷科","110/08/11","台灣企銀-太平",10,0,10
"11750","6207雷科","110/08/11","台新證券",4,26,-22
"11751","6207雷科","110/08/11","富邦-中壢",10,0,10
"11752","6207雷科","110/08/11","新光",2,23,-21
"11753","6207雷科","110/08/11","元大-博愛",10,0,10
"11754","6207雷科","110/08/11","元大-雙和",0,19,-19
"11755","6207雷科","110/08/11","富邦-內湖",9,0,9
"11756","6207雷科","110/08/11","新加坡商瑞銀",25,41,-16
"11757","6207雷科","110/08/11","中國信託-高雄",8,0,8
"11758","6207雷科","110/08/11","玉山證券",3,19,-16
"11759","6207雷科","110/08/11","國票-九鼎",8,0,8
"11760","6207雷科","110/08/11","玉山-雙和",0,16,-16
"11761","3679新至陞","110/08/11","摩根大通",62,3,59
"11762","3679新至陞","110/08/11","港商野村",7,25,-18
"11763","3679新至陞","110/08/11","台灣摩根士丹利",38,0,38
"11764","3679新至陞","110/08/11","凱基-文心",0,9,-9
"11765","3679新至陞","110/08/11","華南永昌-台中",16,0,16
"11766","3679新至陞","110/08/11","北城證券",0,8,-8
"11767","3679新至陞","110/08/11","凱基-台北",37,23,14
"11768","3679新至陞","110/08/11","華南永昌-大安",2,10,-8
"11769","3679新至陞","110/08/11","元大-成功",13,1,12
"11770","3679新至陞","110/08/11","元大-板橋",0,8,-8
"11771","3679新至陞","110/08/11","美林",22,16,6
"11772","3679新至陞","110/08/11","致和-東門",0,7,-7
"11773","3679新至陞","110/08/11","新加坡商瑞銀",12,6,6
"11774","3679新至陞","110/08/11","凱基-長庚",0,7,-7
"11775","3679新至陞","110/08/11","國泰-館前",5,0,5
"11776","3679新至陞","110/08/11","花旗環球",0,6,-6
"11777","3679新至陞","110/08/11","瑞士信貸",9,5,4
"11778","3679新至陞","110/08/11","群益金鼎-古亭",0,6,-6
"11779","3679新至陞","110/08/11","國泰-板橋",5,1,4
"11780","3679新至陞","110/08/11","元大-大同",0,6,-6
"11781","3679新至陞","110/08/11","日進",3,0,3
"11782","3679新至陞","110/08/11","華南永昌-鶯歌",0,5,-5
"11783","3679新至陞","110/08/11","(牛牛牛)亞-網路",4,1,3
"11784","3679新至陞","110/08/11","永豐金-新竹",0,5,-5
"11785","3679新至陞","110/08/11","康和-板橋",3,0,3
"11786","3679新至陞","110/08/11","凱基-新豐",0,4,-4
"11787","3679新至陞","110/08/11","高橋-內壢",2,0,2
"11788","3679新至陞","110/08/11","臺銀-高雄",1,4,-3
"11789","3679新至陞","110/08/11","富邦-台北",7,5,2
"11790","3679新至陞","110/08/11","日盛-文化",0,3,-3
"11791","2727王品","110/08/11","美林",113,23,90
"11792","2727王品","110/08/11","台灣摩根士丹利",8,65,-57
"11793","2727王品","110/08/11","富邦-左營",72,1,71
"11794","2727王品","110/08/11","合庫-新竹",1,23,-22
"11795","2727王品","110/08/11","凱基-台北",80,42,38
"11796","2727王品","110/08/11","永豐金-忠孝",0,20,-20
"11797","2727王品","110/08/11","港商野村",96,70,26
"11798","2727王品","110/08/11","彰銀-台中",1,15,-14
"11799","2727王品","110/08/11","國泰證券",23,1,22
"11800","2727王品","110/08/11","國泰-敦南",10,24,-14
"11801","2727王品","110/08/11","統一",28,8,20
"11802","2727王品","110/08/11","凱基-南崁",0,11,-11
"11803","2727王品","110/08/11","玉山-台南",20,1,19
"11804","2727王品","110/08/11","永豐金-三重",0,10,-10
"11805","2727王品","110/08/11","新光-台中",22,9,13
"11806","2727王品","110/08/11","富邦-中壢",3,12,-9
"11807","2727王品","110/08/11","凱基-興隆",11,0,11
"11808","2727王品","110/08/11","新光",16,24,-8
"11809","2727王品","110/08/11","元大證券",44,33,11
"11810","2727王品","110/08/11","國泰-板橋",12,20,-8
"11811","2727王品","110/08/11","日盛-樹林",12,2,10
"11812","2727王品","110/08/11","元大-彰化",0,8,-8
"11813","2727王品","110/08/11","第一金-新竹",10,0,10
"11814","2727王品","110/08/11","日盛-木柵",0,7,-7
"11815","2727王品","110/08/11","永全",10,0,10
"11816","2727王品","110/08/11","第一金-頭份",0,7,-7
"11817","2727王品","110/08/11","凱基-埔墘",10,0,10
"11818","2727王品","110/08/11","中國信託-高雄",2,9,-7
"11819","2727王品","110/08/11","摩根大通",42,33,9
"11820","2727王品","110/08/11","兆豐-公益",0,7,-7
"11821","1570力肯","110/08/11","國票-內壢",386,0,386
"11822","1570力肯","110/08/11","群益金鼎-大興",0,100,-100
"11823","1570力肯","110/08/11","華南永昌-桃園",104,3,101
"11824","1570力肯","110/08/11","新光",177,255,-78
"11825","1570力肯","110/08/11","摩根大通",154,84,70
"11826","1570力肯","110/08/11","富邦-台中",0,61,-61
"11827","1570力肯","110/08/11","日盛-頭份",51,0,51
"11828","1570力肯","110/08/11","群益金鼎-忠孝",1,60,-59
"11829","1570力肯","110/08/11","永豐金-中壢",51,1,50
"11830","1570力肯","110/08/11","元大-新店中正",2,61,-59
"11831","1570力肯","110/08/11","永豐金-北高雄",50,0,50
"11832","1570力肯","110/08/11","富邦-陽明",1,51,-50
"11833","1570力肯","110/08/11","凱基-天母",51,2,49
"11834","1570力肯","110/08/11","元大-太平",5,54,-49
"11835","1570力肯","110/08/11","日盛-員林",52,5,47
"11836","1570力肯","110/08/11","統一-松江",0,43,-43
"11837","1570力肯","110/08/11","元富-高雄",40,0,40
"11838","1570力肯","110/08/11","台新證券",6,44,-38
"11839","1570力肯","110/08/11","中國信託-嘉義",34,0,34
"11840","1570力肯","110/08/11","永豐金證券",1,36,-35
"11841","1570力肯","110/08/11","元大-北成功",30,1,29
"11842","1570力肯","110/08/11","瑞士信貸",0,27,-27
"11843","1570力肯","110/08/11","亞東-台中",26,0,26
"11844","1570力肯","110/08/11","元大-中壢",9,35,-26
"11845","1570力肯","110/08/11","第一金-嘉義",26,0,26
"11846","1570力肯","110/08/11","美商高盛",0,25,-25
"11847","1570力肯","110/08/11","凱基-中壢",27,3,24
"11848","1570力肯","110/08/11","國票-北高雄",128,153,-25
"11849","1570力肯","110/08/11","元大-福營",25,1,24
"11850","1570力肯","110/08/11","元富-新店",10,34,-24
"11851","6180橘子","110/08/11","台灣摩根士丹利",42,7,35
"11852","6180橘子","110/08/11","港商野村",5,128,-123
"11853","6180橘子","110/08/11","美商高盛",25,0,25
"11854","6180橘子","110/08/11","合庫-高雄",0,31,-31
"11855","6180橘子","110/08/11","元大-草屯",17,0,17
"11856","6180橘子","110/08/11","摩根大通",13,36,-23
"11857","6180橘子","110/08/11","日盛-文化",16,0,16
"11858","6180橘子","110/08/11","凱基-台北",37,60,-23
"11859","6180橘子","110/08/11","康和-嘉義",11,0,11
"11860","6180橘子","110/08/11","北城證券",0,19,-19
"11861","6180橘子","110/08/11","元大-左營",11,0,11
"11862","6180橘子","110/08/11","元富-潮州",24,41,-17
"11863","6180橘子","110/08/11","土銀-花蓮",10,0,10
"11864","6180橘子","110/08/11","群益金鼎-新店",0,15,-15
"11865","6180橘子","110/08/11","日盛證券",10,0,10
"11866","6180橘子","110/08/11","兆豐-竹北",0,14,-14
"11867","6180橘子","110/08/11","日盛-高雄",10,0,10
"11868","6180橘子","110/08/11","元富-成功",0,13,-13
"11869","6180橘子","110/08/11","國泰-新莊",10,0,10
"11870","6180橘子","110/08/11","新加坡商瑞銀",0,10,-10
"11871","6180橘子","110/08/11","群益金鼎-東門",10,0,10
"11872","6180橘子","110/08/11","康和-高雄",0,10,-10
"11873","6180橘子","110/08/11","凱基-中壢",10,0,10
"11874","6180橘子","110/08/11","國泰-館前",0,10,-10
"11875","6180橘子","110/08/11","元大-中壢",10,0,10
"11876","6180橘子","110/08/11","群益金鼎-嘉義",1,11,-10
"11877","6180橘子","110/08/11","元大-復北",10,0,10
"11878","6180橘子","110/08/11","華南永昌-虎尾",0,10,-10
"11879","6180橘子","110/08/11","美林",12,3,9
"11880","6180橘子","110/08/11","元富-民權",0,8,-8
"11881","2390云辰","110/08/11","臺銀-臺中",224,5,219
"11882","2390云辰","110/08/11","摩根大通",194,707,-513
"11883","2390云辰","110/08/11","兆豐-寶成",187,2,185
"11884","2390云辰","110/08/11","美商高盛",18,229,-211
"11885","2390云辰","110/08/11","元大-土城學府",143,69,74
"11886","2390云辰","110/08/11","兆豐-岡山",5,103,-98
"11887","2390云辰","110/08/11","凱基-民權",70,0,70
"11888","2390云辰","110/08/11","台新證券",13,108,-95
"11889","2390云辰","110/08/11","元大-草屯",67,2,65
"11890","2390云辰","110/08/11","美林",23,98,-75
"11891","2390云辰","110/08/11","兆豐-公益",60,0,60
"11892","2390云辰","110/08/11","永豐金-竹科",0,71,-71
"11893","2390云辰","110/08/11","國票-安和",56,0,56
"11894","2390云辰","110/08/11","元富-花蓮",0,70,-70
"11895","2390云辰","110/08/11","元富-中港",50,0,50
"11896","2390云辰","110/08/11","統一-城中",5,66,-61
"11897","2390云辰","110/08/11","元富-高雄",48,1,47
"11898","2390云辰","110/08/11","國泰-台中",50,109,-59
"11899","2390云辰","110/08/11","統一-新營",45,5,40
"11900","2390云辰","110/08/11","元大-豐原站前",10,69,-59
"11901","2390云辰","110/08/11","元大-板橋三民",39,1,38
"11902","2390云辰","110/08/11","新加坡商瑞銀",18,75,-57
"11903","2390云辰","110/08/11","元富-新店",52,17,35
"11904","2390云辰","110/08/11","台新-左楠",15,67,-52
"11905","2390云辰","110/08/11","永全-南崁",35,4,31
"11906","2390云辰","110/08/11","凱基-中壢",7,59,-52
"11907","2390云辰","110/08/11","群益金鼎-萬華",33,3,30
"11908","2390云辰","110/08/11","國票-北高雄",23,69,-46
"11909","2390云辰","110/08/11","日盛-宜蘭",25,0,25
"11910","2390云辰","110/08/11","新光-高雄",11,53,-42
"11911","2542興富發","110/08/06","瑞士信貸",747,10,737
"11912","2542興富發","110/08/06","凱基-士林",5,972,-967
"11913","2542興富發","110/08/06","摩根大通",837,107,730
"11914","2542興富發","110/08/06","統一-台中",1,376,-375
"11915","2542興富發","110/08/06","群益金鼎-敦南",681,1,680
"11916","2542興富發","110/08/06","永豐金-豐原",16,133,-117
"11917","2542興富發","110/08/06","凱基-台北",790,360,430
"11918","2542興富發","110/08/06","元富-敦南",0,111,-111
"11919","2542興富發","110/08/06","台灣摩根士丹利",259,20,239
"11920","2542興富發","110/08/06","兆豐-南京",0,108,-108
"11921","2542興富發","110/08/06","美商高盛",235,0,235
"11922","2542興富發","110/08/06","元大-金華",0,100,-100
"11923","2542興富發","110/08/06","新加坡商瑞銀",178,0,178
"11924","2542興富發","110/08/06","陽信",0,80,-80
"11925","2542興富發","110/08/06","凱基-中山",167,2,165
"11926","2542興富發","110/08/06","統一-金門",0,78,-78
"11927","2542興富發","110/08/06","凱基",121,14,107
"11928","2542興富發","110/08/06","新光-台中",7,68,-61
"11929","2542興富發","110/08/06","大慶-楊梅",101,4,97
"11930","2542興富發","110/08/06","富邦-新店",2,58,-56
"11931","2542興富發","110/08/06","美林",193,109,84
"11932","2542興富發","110/08/06","元大-新竹",0,52,-52
"11933","2542興富發","110/08/06","統一",64,5,59
"11934","2542興富發","110/08/06","凱基-永和",0,51,-51
"11935","2542興富發","110/08/06","富邦-南屯",60,1,59
"11936","2542興富發","110/08/06","統一-中壢",0,50,-50
"11937","2542興富發","110/08/06","群益金鼎",43,0,43
"11938","2542興富發","110/08/06","元富",0,50,-50
"11939","2542興富發","110/08/06","元大證券",128,85,43
"11940","2542興富發","110/08/06","法銀巴黎",0,48,-48
"11941","2867三商壽","110/08/06","摩根大通",410,157,253
"11942","2867三商壽","110/08/06","日盛-新莊",0,719,-719
"11943","2867三商壽","110/08/06","元大-北港",201,0,201
"11944","2867三商壽","110/08/06","群益金鼎-桃園",0,400,-400
"11945","2867三商壽","110/08/06","元大-斗信",200,0,200
"11946","2867三商壽","110/08/06","中國信託-文心",1,301,-300
"11947","2867三商壽","110/08/06","元大-沙鹿",199,0,199
"11948","2867三商壽","110/08/06","美林",10,169,-159
"11949","2867三商壽","110/08/06","永豐金-嘉義",130,0,130
"11950","2867三商壽","110/08/06","法銀巴黎",0,122,-122
"11951","2867三商壽","110/08/06","第一金-自由",100,0,100
"11952","2867三商壽","110/08/06","國票-中和",0,100,-100
"11953","2867三商壽","110/08/06","元大-大里德芳",100,0,100
"11954","2867三商壽","110/08/06","台灣摩根士丹利",65,164,-99
"11955","2867三商壽","110/08/06","元大-土城永寧",100,0,100
"11956","2867三商壽","110/08/06","凱基-高美館",2,64,-62
"11957","2867三商壽","110/08/06","瑞士信貸",94,0,94
"11958","2867三商壽","110/08/06","元大證券",1,62,-61
"11959","2867三商壽","110/08/06","元大-汐止",60,0,60
"11960","2867三商壽","110/08/06","華南永昌-南京",0,50,-50
"11961","2867三商壽","110/08/06","元富-大裕",52,0,52
"11962","2867三商壽","110/08/06","凱基-頭份",0,45,-45
"11963","2867三商壽","110/08/06","新光",53,1,52
"11964","2867三商壽","110/08/06","凱基",0,44,-44
"11965","2867三商壽","110/08/06","凱基-市府",51,0,51
"11966","2867三商壽","110/08/06","康和-屏東",0,43,-43
"11967","2867三商壽","110/08/06","安泰",49,0,49
"11968","2867三商壽","110/08/06","凱基-八德",0,40,-40
"11969","2867三商壽","110/08/06","富邦-桃園",50,2,48
"11970","2867三商壽","110/08/06","凱基-虎尾",0,40,-40
"11971","5521工信","110/08/06","日進",412,0,412
"11972","5521工信","110/08/06","中國信託-嘉義",0,100,-100
"11973","5521工信","110/08/06","瑞士信貸",48,0,48
"11974","5521工信","110/08/06","美林",0,69,-69
"11975","5521工信","110/08/06","日盛-雙和",34,0,34
"11976","5521工信","110/08/06","統一-新竹",0,60,-60
"11977","5521工信","110/08/06","聯邦-雙和",25,0,25
"11978","5521工信","110/08/06","第一金-桃園",0,55,-55
"11979","5521工信","110/08/06","台新證券",32,12,20
"11980","5521工信","110/08/06","凱基-台北",0,54,-54
"11981","5521工信","110/08/06","土銀-台中",17,0,17
"11982","5521工信","110/08/06","華南永昌-桃園",0,49,-49
"11983","5521工信","110/08/06","(牛牛牛)亞-鑫豐",15,0,15
"11984","5521工信","110/08/06","第一金-安和",0,40,-40
"11985","5521工信","110/08/06","元大-沙鹿",19,4,15
"11986","5521工信","110/08/06","合庫-台南",0,36,-36
"11987","5521工信","110/08/06","元富-安南",14,0,14
"11988","5521工信","110/08/06","台灣摩根士丹利",7,34,-27
"11989","5521工信","110/08/06","新加坡商瑞銀",10,0,10
"11990","5521工信","110/08/06","摩根大通",22,48,-26
"11991","5521工信","110/08/06","德信-中正",10,0,10
"11992","5521工信","110/08/06","台新-台中",0,20,-20
"11993","5521工信","110/08/06","國泰-敦南",22,12,10
"11994","5521工信","110/08/06","元大-豐原",0,20,-20
"11995","5521工信","110/08/06","群益金鼎-屏東",10,0,10
"11996","5521工信","110/08/06","元大-北成功",0,20,-20
"11997","5521工信","110/08/06","群益金鼎-東門",10,0,10
"11998","5521工信","110/08/06","永豐金-埔里",0,20,-20
"11999","5521工信","110/08/06","元大-西螺",10,0,10
"12000","5521工信","110/08/06","港商野村",0,16,-16
"12001","1471首利","110/08/06","國票-彰化",30,0,30
"12002","1471首利","110/08/06","兆豐-麻豆",0,50,-50
"12003","1471首利","110/08/06","凱基-宜蘭",27,0,27
"12004","1471首利","110/08/06","台新證券",3,30,-27
"12005","1471首利","110/08/06","玉山-桃園",22,0,22
"12006","1471首利","110/08/06","美林",15,41,-26
"12007","1471首利","110/08/06","新光-台中",17,0,17
"12008","1471首利","110/08/06","永豐金-台南",0,25,-25
"12009","1471首利","110/08/06","兆豐-埔墘",14,0,14
"12010","1471首利","110/08/06","元富-草屯",0,19,-19
"12011","1471首利","110/08/06","新光-高雄",11,0,11
"12012","1471首利","110/08/06","新光-桃園",0,17,-17
"12013","1471首利","110/08/06","合庫-鳳山",10,0,10
"12014","1471首利","110/08/06","摩根大通",13,28,-15
"12015","1471首利","110/08/06","統一-竹南",10,0,10
"12016","1471首利","110/08/06","華南永昌-淡水",1,15,-14
"12017","1471首利","110/08/06","(牛牛牛)亞-鑫豐",10,0,10
"12018","1471首利","110/08/06","台中銀",1,14,-13
"12019","1471首利","110/08/06","兆豐-岡山",10,0,10
"12020","1471首利","110/08/06","玉山-板橋",0,12,-12
"12021","1471首利","110/08/06","凱基-彰化",10,0,10
"12022","1471首利","110/08/06","富邦-基隆",10,22,-12
"12023","1471首利","110/08/06","富邦-永和",10,0,10
"12024","1471首利","110/08/06","台灣企銀",0,10,-10
"12025","1471首利","110/08/06","元大-竹山",10,0,10
"12026","1471首利","110/08/06","元富-民權",0,10,-10
"12027","1471首利","110/08/06","元大-民雄",10,0,10
"12028","1471首利","110/08/06","元大-左營",0,10,-10
"12029","1471首利","110/08/06","元大-南崁",10,1,9
"12030","1471首利","110/08/06","大昌-新店",2,11,-9
"12031","2883開發金","110/08/06","國泰證券",7766,49,7717
"12032","2883開發金","110/08/06","永豐金-板橋",2,2245,-2243
"12033","2883開發金","110/08/06","元富-城東",7094,124,6970
"12034","2883開發金","110/08/06","玉山-台南",63,2130,-2067
"12035","2883開發金","110/08/06","摩根大通",4922,1097,3825
"12036","2883開發金","110/08/06","國泰-板橋",236,1871,-1635
"12037","2883開發金","110/08/06","瑞士信貸",3230,108,3122
"12038","2883開發金","110/08/06","港商野村",1243,2562,-1319
"12039","2883開發金","110/08/06","凱基-台北",4810,2311,2499
"12040","2883開發金","110/08/06","美林",1480,2782,-1302
"12041","2883開發金","110/08/06","合庫證券",3551,2064,1487
"12042","2883開發金","110/08/06","群益金鼎-中山",7,1151,-1144
"12043","2883開發金","110/08/06","新加坡商瑞銀",3900,2689,1211
"12044","2883開發金","110/08/06","日盛-員林",17,1100,-1083
"12045","2883開發金","110/08/06","玉山證券",1332,183,1149
"12046","2883開發金","110/08/06","台灣摩根士丹利",509,1544,-1035
"12047","2883開發金","110/08/06","國票-長城",1003,0,1003
"12048","2883開發金","110/08/06","台灣企銀-民雄",0,1004,-1004
"12049","2883開發金","110/08/06","康和",720,0,720
"12050","2883開發金","110/08/06","港商法國興業",7,981,-974
"12051","2883開發金","110/08/06","福邦證券",590,15,575
"12052","2883開發金","110/08/06","新光",240,1199,-959
"12053","2883開發金","110/08/06","台灣企銀-九如",492,10,482
"12054","2883開發金","110/08/06","元大-新莊",58,1017,-959
"12055","2883開發金","110/08/06","宏遠-民生",502,54,448
"12056","2883開發金","110/08/06","富邦-彰化",5,766,-761
"12057","2883開發金","110/08/06","元大證券",803,358,445
"12058","2883開發金","110/08/06","中國信託",270,931,-661
"12059","2883開發金","110/08/06","玉山-高雄",476,80,396
"12060","2883開發金","110/08/06","永豐金-彰化",33,655,-622
"12061","6205詮欣","110/08/06","臺銀-民權",20,0,20
"12062","6205詮欣","110/08/06","元大-板橋",0,50,-50
"12063","6205詮欣","110/08/06","合庫-三重",15,0,15
"12064","6205詮欣","110/08/06","摩根大通",0,29,-29
"12065","6205詮欣","110/08/06","日盛-三重",15,4,11
"12066","6205詮欣","110/08/06","臺銀-新竹",0,3,-3
"12067","6205詮欣","110/08/06","凱基-長庚",10,0,10
"12068","6205詮欣","110/08/06","日盛-頭份",0,3,-3
"12069","6205詮欣","110/08/06","臺銀-臺中",5,0,5
"12070","6205詮欣","110/08/06","群益金鼎-潭子",0,3,-3
"12071","6205詮欣","110/08/06","兆豐-台中",4,0,4
"12072","6205詮欣","110/08/06","永豐金-敦南",0,3,-3
"12073","6205詮欣","110/08/06","凱基-台北",4,0,4
"12074","6205詮欣","110/08/06","美林",0,2,-2
"12075","6205詮欣","110/08/06","元大-龍潭",4,0,4
"12076","6205詮欣","110/08/06","新加坡商瑞銀",6,8,-2
"12077","6205詮欣","110/08/06","瑞士信貸",3,0,3
"12078","6205詮欣","110/08/06","華南永昌-淡水",0,2,-2
"12079","6205詮欣","110/08/06","國泰-板橋",3,0,3
"12080","6205詮欣","110/08/06","元大-發財",0,2,-2
"12081","6205詮欣","110/08/06","台中銀",2,0,2
"12082","6205詮欣","110/08/06","元大-屏東民生",0,2,-2
"12083","6205詮欣","110/08/06","德信-新營",2,0,2
"12084","6205詮欣","110/08/06","統一-南京",0,1,-1
"12085","6205詮欣","110/08/06","兆豐-竹北",2,0,2
"12086","6205詮欣","110/08/06","新光-台中",0,1,-1
"12087","6205詮欣","110/08/06","兆豐-景美",2,0,2
"12088","6205詮欣","110/08/06","玉山證券",0,1,-1
"12089","6205詮欣","110/08/06","台新-台中",2,0,2
"12090","6205詮欣","110/08/06","富邦-左營",0,1,-1
"12091","1540喬福","110/08/06","元富-中原",27,0,27
"12092","1540喬福","110/08/06","統一-新台中",0,25,-25
"12093","1540喬福","110/08/06","合庫-台中",24,0,24
"12094","1540喬福","110/08/06","大慶-中壢",0,24,-24
"12095","1540喬福","110/08/06","台新-台中",10,0,10
"12096","1540喬福","110/08/06","福勝",0,7,-7
"12097","1540喬福","110/08/06","富邦-竹北",7,0,7
"12098","1540喬福","110/08/06","群益金鼎-高雄",0,5,-5
"12099","1540喬福","110/08/06","華南永昌-中正",5,0,5
"12100","1540喬福","110/08/06","富邦-高雄",0,5,-5
"12101","1540喬福","110/08/06","玉山證券",4,0,4
"12102","1540喬福","110/08/06","美林",0,3,-3
"12103","1540喬福","110/08/06","兆豐-台中港",2,0,2
"12104","1540喬福","110/08/06","元大-景美",0,3,-3
"12105","1540喬福","110/08/06","國票-中正",2,0,2
"12106","1540喬福","110/08/06","元大-和平",0,3,-3
"12107","1540喬福","110/08/06","凱基-虎尾",2,0,2
"12108","1540喬福","110/08/06","日盛-台中",0,2,-2
"12109","1540喬福","110/08/06","凱基-台北",2,0,2
"12110","1540喬福","110/08/06","日盛-中和",0,2,-2
"12111","1540喬福","110/08/06","元大-府城",2,0,2
"12112","1540喬福","110/08/06","台新-台南",0,2,-2
"12113","1540喬福","110/08/06","土銀-玉里",1,0,1
"12114","1540喬福","110/08/06","玉山-高雄",0,2,-2
"12115","1540喬福","110/08/06","第一金-中壢",1,0,1
"12116","1540喬福","110/08/06","凱基-中壢",0,2,-2
"12117","1540喬福","110/08/06","國票-彰化",1,0,1
"12118","1540喬福","110/08/06","致和-南京",0,1,-1
"12119","1540喬福","110/08/06","國泰-敦南",1,0,1
"12120","1540喬福","110/08/06","摩根大通",0,1,-1
"12121","2888新光金","110/08/06","玉山-城中",3762,22,3740
"12122","2888新光金","110/08/06","美林",583,3191,-2608
"12123","2888新光金","110/08/06","瑞士信貸",1783,778,1005
"12124","2888新光金","110/08/06","元富-城東",39,1594,-1555
"12125","2888新光金","110/08/06","元大-土城永寧",1004,16,988
"12126","2888新光金","110/08/06","日盛-板橋",19,1000,-981
"12127","2888新光金","110/08/06","新加坡商瑞銀",1129,357,772
"12128","2888新光金","110/08/06","摩根大通",2207,3153,-946
"12129","2888新光金","110/08/06","中國信託",566,4,562
"12130","2888新光金","110/08/06","新光",505,1390,-885
"12131","2888新光金","110/08/06","富邦-員林",484,3,481
"12132","2888新光金","110/08/06","台灣摩根士丹利",181,1022,-841
"12133","2888新光金","110/08/06","臺銀-金山",432,3,429
"12134","2888新光金","110/08/06","元大-四維",35,750,-715
"12135","2888新光金","110/08/06","臺銀",418,2,416
"12136","2888新光金","110/08/06","美商高盛",114,811,-697
"12137","2888新光金","110/08/06","凱基-東勢",404,6,398
"12138","2888新光金","110/08/06","法銀巴黎",274,867,-593
"12139","2888新光金","110/08/06","玉山證券",416,73,343
"12140","2888新光金","110/08/06","元大-員林",18,503,-485
"12141","2888新光金","110/08/06","華南永昌-民權",305,0,305
"12142","2888新光金","110/08/06","富邦-建國",57,471,-414
"12143","2888新光金","110/08/06","永興",300,10,290
"12144","2888新光金","110/08/06","富邦-台中",15,418,-403
"12145","2888新光金","110/08/06","富邦-台北",319,48,271
"12146","2888新光金","110/08/06","華南永昌-嘉義",2,324,-322
"12147","2888新光金","110/08/06","兆豐-員林",274,28,246
"12148","2888新光金","110/08/06","凱基-台北",839,1120,-281
"12149","2888新光金","110/08/06","合庫-台中",240,10,230
"12150","2888新光金","110/08/06","國泰-館前",20,289,-269
"12151","1340勝悅","110/08/06","國泰-台中",30,0,30
"12152","1340勝悅","110/08/06","凱基-三峽",0,20,-20
"12153","1340勝悅","110/08/06","元富-彰化",10,0,10
"12154","1340勝悅","110/08/06","富邦-台東",1,14,-13
"12155","1340勝悅","110/08/06","華南永昌-忠孝",8,0,8
"12156","1340勝悅","110/08/06","華南永昌-三重",0,12,-12
"12157","1340勝悅","110/08/06","華南永昌-大安",7,0,7
"12158","1340勝悅","110/08/06","華南永昌-台中",0,10,-10
"12159","1340勝悅","110/08/06","永豐金-信義",6,0,6
"12160","1340勝悅","110/08/06","美林",0,8,-8
"12161","1340勝悅","110/08/06","臺灣企銀-埔墘",5,0,5
"12162","1340勝悅","110/08/06","第一金-豐原",0,8,-8
"12163","1340勝悅","110/08/06","元大-沙鹿",5,0,5
"12164","1340勝悅","110/08/06","凱基-城中",0,8,-8
"12165","1340勝悅","110/08/06","新光-高雄",4,0,4
"12166","1340勝悅","110/08/06","華南永昌-嘉義",0,6,-6
"12167","1340勝悅","110/08/06","群益金鼎-彰化",4,0,4
"12168","1340勝悅","110/08/06","元富",0,5,-5
"12169","1340勝悅","110/08/06","元大-仁愛",4,0,4
"12170","1340勝悅","110/08/06","光和-田中",0,5,-5
"12171","1340勝悅","110/08/06","美商高盛",3,0,3
"12172","1340勝悅","110/08/06","摩根大通",0,5,-5
"12173","1340勝悅","110/08/06","群益金鼎-館前",3,0,3
"12174","1340勝悅","110/08/06","元大-草屯",0,4,-4
"12175","1340勝悅","110/08/06","臺銀-臺中",2,0,2
"12176","1340勝悅","110/08/06","凱基-台北",1,4,-3
"12177","1340勝悅","110/08/06","永全-南崁",2,0,2
"12178","1340勝悅","110/08/06","元大-苑裡",0,3,-3
"12179","1340勝悅","110/08/06","群益金鼎-崇德",2,0,2
"12180","1340勝悅","110/08/06","日盛-員林",0,2,-2
"12181","6246臺龍","110/08/06","元大-西螺",120,1,119
"12182","6246臺龍","110/08/06","統一",0,247,-247
"12183","6246臺龍","110/08/06","富邦-敦南",111,0,111
"12184","6246臺龍","110/08/06","元大-林森",3,203,-200
"12185","6246臺龍","110/08/06","統一-台中",74,10,64
"12186","6246臺龍","110/08/06","凱基-大直",4,103,-99
"12187","6246臺龍","110/08/06","日盛證券",53,0,53
"12188","6246臺龍","110/08/06","大慶-富順",45,110,-65
"12189","6246臺龍","110/08/06","兆豐-高雄",81,38,43
"12190","6246臺龍","110/08/06","統一-南京",20,70,-50
"12191","6246臺龍","110/08/06","群益金鼎-東大",43,2,41
"12192","6246臺龍","110/08/06","港商野村",166,213,-47
"12193","6246臺龍","110/08/06","統一-永和",40,0,40
"12194","6246臺龍","110/08/06","台灣企銀",0,45,-45
"12195","6246臺龍","110/08/06","凱基-市府",48,8,40
"12196","6246臺龍","110/08/06","華南永昌-忠孝",1,45,-44
"12197","6246臺龍","110/08/06","凱基-員林",40,0,40
"12198","6246臺龍","110/08/06","永豐金-桃盛",0,35,-35
"12199","6246臺龍","110/08/06","新光-高雄",57,21,36
"12200","6246臺龍","110/08/06","康和-澎湖",0,30,-30
"12201","6246臺龍","110/08/06","國泰-敦南",104,69,35
"12202","6246臺龍","110/08/06","康和-石牌",0,30,-30
"12203","6246臺龍","110/08/06","元大-金門",39,5,34
"12204","6246臺龍","110/08/06","中國信託-永康",6,35,-29
"12205","6246臺龍","110/08/06","元大-西屯",29,2,27
"12206","6246臺龍","110/08/06","康和-內湖",2,30,-28
"12207","6246臺龍","110/08/06","永興-水湳",26,1,25
"12208","6246臺龍","110/08/06","大昌",16,43,-27
"12209","6246臺龍","110/08/06","元大-豐原站前",25,0,25
"12210","6246臺龍","110/08/06","台新證券",29,55,-26
"12211","00715L期街口布蘭特正2","110/08/06","華南永昌-長虹",810,50,760
"12212","00715L期街口布蘭特正2","110/08/06","永豐金證券",105,2122,-2017
"12213","00715L期街口布蘭特正2","110/08/06","富邦證券",557,0,557
"12214","00715L期街口布蘭特正2","110/08/06","(牛牛牛)亞-鑫豐",23,892,-869
"12215","00715L期街口布蘭特正2","110/08/06","新光",643,129,514
"12216","00715L期街口布蘭特正2","110/08/06","凱基-台北",1,789,-788
"12217","00715L期街口布蘭特正2","110/08/06","台新-新營",434,0,434
"12218","00715L期街口布蘭特正2","110/08/06","元大-永康",0,781,-781
"12219","00715L期街口布蘭特正2","110/08/06","群益金鼎-屏東",401,0,401
"12220","00715L期街口布蘭特正2","110/08/06","富邦-彰化",0,513,-513
"12221","00715L期街口布蘭特正2","110/08/06","永豐金-板盛",402,21,381
"12222","00715L期街口布蘭特正2","110/08/06","玉山-大里",0,488,-488
"12223","00715L期街口布蘭特正2","110/08/06","兆豐-員林",302,6,296
"12224","00715L期街口布蘭特正2","110/08/06","元大-中和",0,400,-400
"12225","00715L期街口布蘭特正2","110/08/06","兆豐-新莊",260,0,260
"12226","00715L期街口布蘭特正2","110/08/06","元富-安南",2,310,-308
"12227","00715L期街口布蘭特正2","110/08/06","宏遠-光隆",252,0,252
"12228","00715L期街口布蘭特正2","110/08/06","元大-羅東",5,304,-299
"12229","00715L期街口布蘭特正2","110/08/06","台中銀",207,0,207
"12230","00715L期街口布蘭特正2","110/08/06","第一金-路竹",13,273,-260
"12231","00715L期街口布蘭特正2","110/08/06","國票-北高雄",204,0,204
"12232","00715L期街口布蘭特正2","110/08/06","元大-新盛",5,247,-242
"12233","00715L期街口布蘭特正2","110/08/06","永豐金-新店",200,4,196
"12234","00715L期街口布蘭特正2","110/08/06","元大-忠孝",0,202,-202
"12235","00715L期街口布蘭特正2","110/08/06","元大-新莊",211,17,194
"12236","00715L期街口布蘭特正2","110/08/06","兆豐-嘉義",8,200,-192
"12237","00715L期街口布蘭特正2","110/08/06","聯邦-興中",185,0,185
"12238","00715L期街口布蘭特正2","110/08/06","元大-西屯",5,190,-185
"12239","00715L期街口布蘭特正2","110/08/06","元富-成功",244,62,182
"12240","00715L期街口布蘭特正2","110/08/06","元大-前金",1,181,-180
"12241","8941關中","110/08/06","第一金-台南",6,0,6
"12242","8941關中","110/08/06","富邦-員林",0,20,-20
"12243","8941關中","110/08/06","凱基-市府",6,0,6
"12244","8941關中","110/08/06","元大-金華",0,1,-1
"12245","8941關中","110/08/06","合庫-台中",5,0,5
"12246","8941關中","110/08/06","元大-淡水",0,1,-1
"12247","8941關中","110/08/06","永豐金-三重",2,0,2
"12248","8941關中","110/08/06","合庫證券",0,0,0
"12249","8941關中","110/08/06","(牛牛牛)亞-鑫豐",1,0,1
"12250","8941關中","110/08/06","元大證券",0,0,0
"12251","8941關中","110/08/06","群益金鼎-基隆",1,0,1
"12252","8941關中","110/08/06","元大-桃興",2,2,0
"12253","8941關中","110/08/06","元大-古亭",1,0,1
"12254","8941關中","110/08/06","元大-板橋",0,0,0
"12255","8941關中","110/08/06","合庫證券",0,0,0
"12256","8941關中","110/08/06","永豐金-萬盛",0,0,0
"12257","8941關中","110/08/06","元大證券",0,0,0
"12258","8941關中","110/08/06","",NA,NA,NA
"12259","8941關中","110/08/06","元大-桃興",2,2,0
"12260","8941關中","110/08/06","",NA,NA,NA
"12261","8941關中","110/08/06","元大-板橋",0,0,0
"12262","8941關中","110/08/06","",NA,NA,NA
"12263","8941關中","110/08/06","永豐金-萬盛",0,0,0
"12264","8941關中","110/08/06","",NA,NA,NA
"12265","8941關中","110/08/06","",NA,NA,NA
"12266","8941關中","110/08/06","",NA,NA,NA
"12267","8941關中","110/08/06","",NA,NA,NA
"12268","8941關中","110/08/06","",NA,NA,NA
"12269","8941關中","110/08/06","",NA,NA,NA
"12270","8941關中","110/08/06","",NA,NA,NA
"12271","8936國統","110/08/06","摩根大通",55,0,55
"12272","8936國統","110/08/06","大慶-蘆洲",1,63,-62
"12273","8936國統","110/08/06","凱基-台北",66,19,47
"12274","8936國統","110/08/06","宏遠-館前",0,50,-50
"12275","8936國統","110/08/06","國票-敦北法人",25,1,24
"12276","8936國統","110/08/06","凱基-長庚",0,46,-46
"12277","8936國統","110/08/06","元大-大里德芳",22,0,22
"12278","8936國統","110/08/06","台灣摩根士丹利",0,42,-42
"12279","8936國統","110/08/06","兆豐-新營",20,0,20
"12280","8936國統","110/08/06","永豐金-苓雅",15,48,-33
"12281","8936國統","110/08/06","新光-新竹",17,0,17
"12282","8936國統","110/08/06","元大-竹東",0,30,-30
"12283","8936國統","110/08/06","新光-台中",17,4,13
"12284","8936國統","110/08/06","新加坡商瑞銀",23,49,-26
"12285","8936國統","110/08/06","元富-新店",10,0,10
"12286","8936國統","110/08/06","國票-北高雄",0,25,-25
"12287","8936國統","110/08/06","中國信託-永康",10,0,10
"12288","8936國統","110/08/06","國泰-台南",0,20,-20
"12289","8936國統","110/08/06","台新-高雄",11,1,10
"12290","8936國統","110/08/06","國泰-敦南",7,24,-17
"12291","8936國統","110/08/06","國泰-板橋",10,0,10
"12292","8936國統","110/08/06","臺灣企銀-桃園",0,13,-13
"12293","8936國統","110/08/06","群益金鼎-東湖",10,0,10
"12294","8936國統","110/08/06","美商高盛",1,13,-12
"12295","8936國統","110/08/06","元大-北成功",10,0,10
"12296","8936國統","110/08/06","合庫-高雄",0,10,-10
"12297","8936國統","110/08/06","臺銀-高雄",9,0,9
"12298","8936國統","110/08/06","臺銀",0,10,-10
"12299","8936國統","110/08/06","日盛-和美",9,0,9
"12300","8936國統","110/08/06","元大-土城學府",0,10,-10
"12301","6226光鼎","110/08/06","國泰-敦南",183,87,96
"12302","6226光鼎","110/08/06","富邦-嘉義",286,537,-251
"12303","6226光鼎","110/08/06","台新-高雄",129,53,76
"12304","6226光鼎","110/08/06","統一-新竹",30,181,-151
"12305","6226光鼎","110/08/06","新光",81,25,56
"12306","6226光鼎","110/08/06","宏遠-台中",0,118,-118
"12307","6226光鼎","110/08/06","台新證券",112,57,55
"12308","6226光鼎","110/08/06","華南永昌-大安",2,82,-80
"12309","6226光鼎","110/08/06","台新-新營",56,4,52
"12310","6226光鼎","110/08/06","元富-西松",1,76,-75
"12311","6226光鼎","110/08/06","中國信託",48,7,41
"12312","6226光鼎","110/08/06","凱基-豐中",1,74,-73
"12313","6226光鼎","110/08/06","富邦-板橋",38,5,33
"12314","6226光鼎","110/08/06","凱基-長庚",3,64,-61
"12315","6226光鼎","110/08/06","台新-中壢",32,0,32
"12316","6226光鼎","110/08/06","元富-高雄",2,58,-56
"12317","6226光鼎","110/08/06","日盛-北高雄",32,1,31
"12318","6226光鼎","110/08/06","永豐金-萬盛",2,49,-47
"12319","6226光鼎","110/08/06","群益金鼎-桃園",31,0,31
"12320","6226光鼎","110/08/06","統一-仁愛",11,57,-46
"12321","6226光鼎","110/08/06","元大-屏東民生",31,0,31
"12322","6226光鼎","110/08/06","國票-台中",0,46,-46
"12323","6226光鼎","110/08/06","中國信託-永康",35,5,30
"12324","6226光鼎","110/08/06","群益金鼎-嘉義",11,55,-44
"12325","6226光鼎","110/08/06","國泰-台中",57,27,30
"12326","6226光鼎","110/08/06","元大-沙鹿",6,50,-44
"12327","6226光鼎","110/08/06","群益金鼎-板橋",30,0,30
"12328","6226光鼎","110/08/06","新光-高雄",17,58,-41
"12329","6226光鼎","110/08/06","寶盛",29,0,29
"12330","6226光鼎","110/08/06","元大-嘉義",3,36,-33
"12331","2363矽統","110/08/06","新加坡商瑞銀",1338,777,561
"12332","2363矽統","110/08/06","凱基-台北",4343,7347,-3004
"12333","2363矽統","110/08/06","日盛-三峽",475,86,389
"12334","2363矽統","110/08/06","摩根大通",1716,2908,-1192
"12335","2363矽統","110/08/06","中國信託-忠孝",433,44,389
"12336","2363矽統","110/08/06","美商高盛",315,1169,-854
"12337","2363矽統","110/08/06","陽信-石牌",448,73,375
"12338","2363矽統","110/08/06","永豐金證券",168,889,-721
"12339","2363矽統","110/08/06","國泰-台中",743,471,272
"12340","2363矽統","110/08/06","國票-敦北法人",29,513,-484
"12341","2363矽統","110/08/06","國泰-敦南",2177,1919,258
"12342","2363矽統","110/08/06","元富-嘉義",43,424,-381
"12343","2363矽統","110/08/06","台新-台中",565,347,218
"12344","2363矽統","110/08/06","元大-東泰",174,540,-366
"12345","2363矽統","110/08/06","元大-敦化",246,31,215
"12346","2363矽統","110/08/06","元大證券",187,522,-335
"12347","2363矽統","110/08/06","大昌-桃園",241,51,190
"12348","2363矽統","110/08/06","合庫證券",173,495,-322
"12349","2363矽統","110/08/06","華南永昌-淡水",230,48,182
"12350","2363矽統","110/08/06","元大-萬華",128,391,-263
"12351","2363矽統","110/08/06","港商野村",2381,2203,178
"12352","2363矽統","110/08/06","國票-博愛",93,350,-257
"12353","2363矽統","110/08/06","台新-高雄",529,361,168
"12354","2363矽統","110/08/06","台新-屏東",200,455,-255
"12355","2363矽統","110/08/06","元大-新竹",320,156,164
"12356","2363矽統","110/08/06","日盛-南京",74,327,-253
"12357","2363矽統","110/08/06","元大-中壢",454,292,162
"12358","2363矽統","110/08/06","兆豐-民生",16,227,-211
"12359","2363矽統","110/08/06","新光-台南",310,150,160
"12360","2363矽統","110/08/06","元大-旗山",168,364,-196
"12361","8112至上","110/08/06","新光-新竹",533,65,468
"12362","8112至上","110/08/06","摩根大通",12,2930,-2918
"12363","8112至上","110/08/06","國泰-新莊",192,0,192
"12364","8112至上","110/08/06","凱基-台北",388,1548,-1160
"12365","8112至上","110/08/06","合庫證券",195,11,184
"12366","8112至上","110/08/06","新加坡商瑞銀",17,1069,-1052
"12367","8112至上","110/08/06","元大-西門",178,2,176
"12368","8112至上","110/08/06","台灣摩根士丹利",48,955,-907
"12369","8112至上","110/08/06","(牛牛牛)亞-鑫豐",153,13,140
"12370","8112至上","110/08/06","元大-竹科",61,824,-763
"12371","8112至上","110/08/06","永豐金-中正",120,1,119
"12372","8112至上","110/08/06","美林",19,583,-564
"12373","8112至上","110/08/06","陽信",111,0,111
"12374","8112至上","110/08/06","瑞士信貸",0,547,-547
"12375","8112至上","110/08/06","康和-板橋",106,0,106
"12376","8112至上","110/08/06","康和",2,484,-482
"12377","8112至上","110/08/06","群益金鼎-延平",101,0,101
"12378","8112至上","110/08/06","永豐金-台中",17,430,-413
"12379","8112至上","110/08/06","元大-北成功",110,14,96
"12380","8112至上","110/08/06","元大-屏南",4,393,-389
"12381","8112至上","110/08/06","元富-古亭",141,46,95
"12382","8112至上","110/08/06","美商高盛",12,217,-205
"12383","8112至上","110/08/06","臺灣企銀-埔墘",92,1,91
"12384","8112至上","110/08/06","新光-桃園",42,204,-162
"12385","8112至上","110/08/06","第一金-桃園",89,0,89
"12386","8112至上","110/08/06","玉山證券",18,162,-144
"12387","8112至上","110/08/06","台新證券",105,16,89
"12388","8112至上","110/08/06","群益金鼎-基隆",7,151,-144
"12389","8112至上","110/08/06","玉山-板橋",96,10,86
"12390","8112至上","110/08/06","台新-新營",60,183,-123
"12391","1570力肯","110/08/06","國票-北高雄",246,40,206
"12392","1570力肯","110/08/06","富邦-高雄",0,47,-47
"12393","1570力肯","110/08/06","統一-松江",43,0,43
"12394","1570力肯","110/08/06","凱基-台北",55,101,-46
"12395","1570力肯","110/08/06","日茂-南投",42,2,40
"12396","1570力肯","110/08/06","台新證券",25,60,-35
"12397","1570力肯","110/08/06","群益金鼎-三重",34,2,32
"12398","1570力肯","110/08/06","元富-三重",0,32,-32
"12399","1570力肯","110/08/06","華南永昌-麻豆",32,4,28
"12400","1570力肯","110/08/06","台中銀-員林",0,32,-32
"12401","1570力肯","110/08/06","永豐金-中和",29,2,27
"12402","1570力肯","110/08/06","國泰-板橋",1,33,-32
"12403","1570力肯","110/08/06","永豐金-大園",21,0,21
"12404","1570力肯","110/08/06","摩根大通",83,112,-29
"12405","1570力肯","110/08/06","統一-三重",25,5,20
"12406","1570力肯","110/08/06","玉山-新莊",0,27,-27
"12407","1570力肯","110/08/06","元富-新店",20,0,20
"12408","1570力肯","110/08/06","永豐金-虎尾",0,27,-27
"12409","1570力肯","110/08/06","大昌-桃園",21,1,20
"12410","1570力肯","110/08/06","玉山-左營",0,25,-25
"12411","1570力肯","110/08/06","康和-高雄",18,1,17
"12412","1570力肯","110/08/06","富邦-仁愛",10,32,-22
"12413","1570力肯","110/08/06","元富-潮州",16,0,16
"12414","1570力肯","110/08/06","中國信託-忠孝",0,21,-21
"12415","1570力肯","110/08/06","元富-松德",15,0,15
"12416","1570力肯","110/08/06","臺銀-鳳山",4,24,-20
"12417","1570力肯","110/08/06","凱基-嘉義",15,0,15
"12418","1570力肯","110/08/06","台新-屏東",1,21,-20
"12419","1570力肯","110/08/06","凱基-埔墘",15,0,15
"12420","1570力肯","110/08/06","群益金鼎-西松",0,20,-20
"12421","2929淘帝","110/08/06","統一",155,0,155
"12422","2929淘帝","110/08/06","元富-敦南",0,100,-100
"12423","2929淘帝","110/08/06","港商野村",188,52,136
"12424","2929淘帝","110/08/06","兆豐-忠孝",0,60,-60
"12425","2929淘帝","110/08/06","摩根大通",72,3,69
"12426","2929淘帝","110/08/06","台新證券",9,68,-59
"12427","2929淘帝","110/08/06","新光-新竹",45,0,45
"12428","2929淘帝","110/08/06","凱基-台北",30,80,-50
"12429","2929淘帝","110/08/06","華南永昌",40,1,39
"12430","2929淘帝","110/08/06","台新-台中",0,45,-45
"12431","2929淘帝","110/08/06","美林",52,18,34
"12432","2929淘帝","110/08/06","國泰-台中",2,43,-41
"12433","2929淘帝","110/08/06","新加坡商瑞銀",48,14,34
"12434","2929淘帝","110/08/06","華南永昌-林口",0,37,-37
"12435","2929淘帝","110/08/06","日盛-頭份",32,0,32
"12436","2929淘帝","110/08/06","元大-屏南",0,30,-30
"12437","2929淘帝","110/08/06","日盛-板橋中山",30,0,30
"12438","2929淘帝","110/08/06","群益金鼎-潭子",0,26,-26
"12439","2929淘帝","110/08/06","元大-中壢",25,3,22
"12440","2929淘帝","110/08/06","元大-新莊",3,26,-23
"12441","2929淘帝","110/08/06","元大-莒光",21,0,21
"12442","2929淘帝","110/08/06","臺銀-臺南",0,22,-22
"12443","2929淘帝","110/08/06","福勝",20,0,20
"12444","2929淘帝","110/08/06","新光",2,24,-22
"12445","2929淘帝","110/08/06","元富-三重",17,0,17
"12446","2929淘帝","110/08/06","華南永昌-長虹",0,22,-22
"12447","2929淘帝","110/08/06","國票-南京",17,0,17
"12448","2929淘帝","110/08/06","富邦-高雄",0,20,-20
"12449","2929淘帝","110/08/06","合庫證券",16,0,16
"12450","2929淘帝","110/08/06","元大-竹科",0,20,-20
"12451","5410國眾","110/08/06","元大-中壢",15,1,14
"12452","5410國眾","110/08/06","凱基-台北",0,16,-16
"12453","5410國眾","110/08/06","玉山-嘉義",10,0,10
"12454","5410國眾","110/08/06","元大-松山",0,15,-15
"12455","5410國眾","110/08/06","元大-敦南",10,0,10
"12456","5410國眾","110/08/06","元大-斗信",0,10,-10
"12457","5410國眾","110/08/06","永豐金-板橋",10,0,10
"12458","5410國眾","110/08/06","臺銀-臺南",0,9,-9
"12459","5410國眾","110/08/06","華南永昌-新莊",9,0,9
"12460","5410國眾","110/08/06","新光-台中",0,9,-9
"12461","5410國眾","110/08/06","華南永昌-世貿",6,0,6
"12462","5410國眾","110/08/06","群益金鼎-中壢",0,7,-7
"12463","5410國眾","110/08/06","亞東",5,0,5
"12464","5410國眾","110/08/06","永豐金-中和",0,7,-7
"12465","5410國眾","110/08/06","大昌-新店",5,0,5
"12466","5410國眾","110/08/06","元大-北投",0,6,-6
"12467","5410國眾","110/08/06","凱基-民權",5,0,5
"12468","5410國眾","110/08/06","元大-豐原站前",0,6,-6
"12469","5410國眾","110/08/06","元大-士林",5,0,5
"12470","5410國眾","110/08/06","臺銀",0,5,-5
"12471","5410國眾","110/08/06","元大-北三重",5,0,5
"12472","5410國眾","110/08/06","台灣企銀-太平",0,5,-5
"12473","5410國眾","110/08/06","永豐金-桃園",5,0,5
"12474","5410國眾","110/08/06","元大-大益",0,5,-5
"12475","5410國眾","110/08/06","兆豐-員林",4,0,4
"12476","5410國眾","110/08/06","元大-和平",0,5,-5
"12477","5410國眾","110/08/06","台新-三民",4,0,4
"12478","5410國眾","110/08/06","元大-台南",0,5,-5
"12479","5410國眾","110/08/06","國泰-敦南",6,2,4
"12480","5410國眾","110/08/06","元大-古亭",0,5,-5
"12481","2841台開","110/08/06","宏遠-館前",520,0,520
"12482","2841台開","110/08/06","元富-台南",0,200,-200
"12483","2841台開","110/08/06","合庫證券",193,0,193
"12484","2841台開","110/08/06","元大-鹿港",0,182,-182
"12485","2841台開","110/08/06","永興-台中",100,0,100
"12486","2841台開","110/08/06","群益金鼎-桃園",0,132,-132
"12487","2841台開","110/08/06","永豐金-竹北",78,0,78
"12488","2841台開","110/08/06","中國信託-忠孝",0,130,-130
"12489","2841台開","110/08/06","元大證券",50,0,50
"12490","2841台開","110/08/06","元大-四維",3,116,-113
"12491","2841台開","110/08/06","元大-大天母",50,0,50
"12492","2841台開","110/08/06","元富-嘉義",0,50,-50
"12493","2841台開","110/08/06","永豐金-敦南",50,0,50
"12494","2841台開","110/08/06","元富-板橋",0,50,-50
"12495","2841台開","110/08/06","日盛-園區",49,0,49
"12496","2841台開","110/08/06","(牛牛牛)亞-鑫豐",0,50,-50
"12497","2841台開","110/08/06","元大-前金",38,0,38
"12498","2841台開","110/08/06","群益金鼎-新店",0,50,-50
"12499","2841台開","110/08/06","新光-台中",32,1,31
"12500","2841台開","110/08/06","統一-彰化",0,45,-45
"12501","2841台開","110/08/06","華南永昌-台中",30,0,30
"12502","2841台開","110/08/06","台中銀",12,50,-38
"12503","2841台開","110/08/06","第一金-忠孝",20,0,20
"12504","2841台開","110/08/06","國票-中和",0,30,-30
"12505","2841台開","110/08/06","富邦-台北",20,0,20
"12506","2841台開","110/08/06","富邦-竹北",0,29,-29
"12507","2841台開","110/08/06","元大-林園",20,0,20
"12508","2841台開","110/08/06","日盛-樹林",0,26,-26
"12509","2841台開","110/08/06","日盛-信義",18,0,18
"12510","2841台開","110/08/06","富邦-板橋",0,25,-25
"12511","6207雷科","110/08/06","凱基-台北",167,49,118
"12512","6207雷科","110/08/06","群益金鼎-古亭",0,80,-80
"12513","6207雷科","110/08/06","摩根大通",185,102,83
"12514","6207雷科","110/08/06","康和-台中",0,56,-56
"12515","6207雷科","110/08/06","新光-台中",65,1,64
"12516","6207雷科","110/08/06","統一-板橋",8,59,-51
"12517","6207雷科","110/08/06","元大-鳳山",77,40,37
"12518","6207雷科","110/08/06","臺銀",0,50,-50
"12519","6207雷科","110/08/06","德信",30,0,30
"12520","6207雷科","110/08/06","日盛-忠孝",0,50,-50
"12521","6207雷科","110/08/06","新加坡商瑞銀",47,19,28
"12522","6207雷科","110/08/06","永豐金-虎尾",0,29,-29
"12523","6207雷科","110/08/06","凱基-三重",30,2,28
"12524","6207雷科","110/08/06","凱基-敦北",0,23,-23
"12525","6207雷科","110/08/06","凱基-三峽",33,10,23
"12526","6207雷科","110/08/06","華南永昌-世貿",0,22,-22
"12527","6207雷科","110/08/06","玉山-台大",25,3,22
"12528","6207雷科","110/08/06","兆豐-來福",5,25,-20
"12529","6207雷科","110/08/06","元大-板橋",15,0,15
"12530","6207雷科","110/08/06","群益金鼎-中壢",1,21,-20
"12531","6207雷科","110/08/06","元大-南京",13,0,13
"12532","6207雷科","110/08/06","宏遠-台南",0,16,-16
"12533","6207雷科","110/08/06","元富-大昌",12,0,12
"12534","6207雷科","110/08/06","合庫-桃園",0,15,-15
"12535","6207雷科","110/08/06","德信-和平",11,0,11
"12536","6207雷科","110/08/06","玉山-新莊",1,16,-15
"12537","6207雷科","110/08/06","元大-承德",12,1,11
"12538","6207雷科","110/08/06","群益金鼎-敦南",0,15,-15
"12539","6207雷科","110/08/06","台新-高雄",18,8,10
"12540","6207雷科","110/08/06","台新-左楠",2,15,-13
"12541","3679新至陞","110/08/06","國票-安和",10,0,10
"12542","3679新至陞","110/08/06","摩根大通",1,32,-31
"12543","3679新至陞","110/08/06","元大-上新莊",10,0,10
"12544","3679新至陞","110/08/06","凱基-台北",2,17,-15
"12545","3679新至陞","110/08/06","富邦-台北",9,0,9
"12546","3679新至陞","110/08/06","台灣摩根士丹利",0,11,-11
"12547","3679新至陞","110/08/06","元大-板橋",9,3,6
"12548","3679新至陞","110/08/06","瑞士信貸",0,11,-11
"12549","3679新至陞","110/08/06","康和-板橋",5,0,5
"12550","3679新至陞","110/08/06","兆豐-員林",0,10,-10
"12551","3679新至陞","110/08/06","國泰-松江",5,0,5
"12552","3679新至陞","110/08/06","元大-蘆洲",0,10,-10
"12553","3679新至陞","110/08/06","凱基-三峽",5,0,5
"12554","3679新至陞","110/08/06","美林",1,8,-7
"12555","3679新至陞","110/08/06","華南永昌-大安",5,0,5
"12556","3679新至陞","110/08/06","群益金鼎-桃園",0,7,-7
"12557","3679新至陞","110/08/06","台新-屏東",4,0,4
"12558","3679新至陞","110/08/06","玉山-台大",0,5,-5
"12559","3679新至陞","110/08/06","群益金鼎-敦南",4,0,4
"12560","3679新至陞","110/08/06","日盛-新竹",0,4,-4
"12561","3679新至陞","110/08/06","元大-天母",4,0,4
"12562","3679新至陞","110/08/06","土銀-和平",2,5,-3
"12563","3679新至陞","110/08/06","臺銀-高雄",3,0,3
"12564","3679新至陞","110/08/06","元富-松德",0,3,-3
"12565","3679新至陞","110/08/06","台中銀-員林",3,0,3
"12566","3679新至陞","110/08/06","光和-田中",0,3,-3
"12567","3679新至陞","110/08/06","北城證券",3,0,3
"12568","3679新至陞","110/08/06","群益金鼎-台南",0,3,-3
"12569","3679新至陞","110/08/06","元大-景美",3,0,3
"12570","3679新至陞","110/08/06","元大證券",1,4,-3
"12571","2727王品","110/08/06","摩根大通",65,18,47
"12572","2727王品","110/08/06","美商高盛",12,258,-246
"12573","2727王品","110/08/06","華南永昌",18,0,18
"12574","2727王品","110/08/06","安泰",2,60,-58
"12575","2727王品","110/08/06","凱基-台北",41,25,16
"12576","2727王品","110/08/06","台灣摩根士丹利",10,59,-49
"12577","2727王品","110/08/06","元大-中壢",20,4,16
"12578","2727王品","110/08/06","台新證券",17,60,-43
"12579","2727王品","110/08/06","台新-高雄",27,13,14
"12580","2727王品","110/08/06","元大-桃園",0,32,-32
"12581","2727王品","110/08/06","永豐金-苓雅",14,1,13
"12582","2727王品","110/08/06","凱基-基隆",0,30,-30
"12583","2727王品","110/08/06","永豐金-中盛",14,1,13
"12584","2727王品","110/08/06","群益金鼎-台中",0,22,-22
"12585","2727王品","110/08/06","第一金-安和",12,0,12
"12586","2727王品","110/08/06","凱基-三重",1,20,-19
"12587","2727王品","110/08/06","台新-台南",12,0,12
"12588","2727王品","110/08/06","元大證券",23,42,-19
"12589","2727王品","110/08/06","元大-八德",12,0,12
"12590","2727王品","110/08/06","瑞士信貸",0,18,-18
"12591","2727王品","110/08/06","新加坡商瑞銀",14,3,11
"12592","2727王品","110/08/06","港商野村",32,50,-18
"12593","2727王品","110/08/06","美林",11,1,10
"12594","2727王品","110/08/06","元大-羅東",2,17,-15
"12595","2727王品","110/08/06","台新-中壢",10,0,10
"12596","2727王品","110/08/06","元大-彰化",3,15,-12
"12597","2727王品","110/08/06","大昌-新竹",9,0,9
"12598","2727王品","110/08/06","土銀-高雄",1,12,-11
"12599","2727王品","110/08/06","元大-文心興安",11,2,9
"12600","2727王品","110/08/06","台新-新莊",0,11,-11
"12601","1570力肯","110/08/06","國票-北高雄",246,40,206
"12602","1570力肯","110/08/06","富邦-高雄",0,47,-47
"12603","1570力肯","110/08/06","統一-松江",43,0,43
"12604","1570力肯","110/08/06","凱基-台北",55,101,-46
"12605","1570力肯","110/08/06","日茂-南投",42,2,40
"12606","1570力肯","110/08/06","台新證券",25,60,-35
"12607","1570力肯","110/08/06","群益金鼎-三重",34,2,32
"12608","1570力肯","110/08/06","元富-三重",0,32,-32
"12609","1570力肯","110/08/06","華南永昌-麻豆",32,4,28
"12610","1570力肯","110/08/06","台中銀-員林",0,32,-32
"12611","1570力肯","110/08/06","永豐金-中和",29,2,27
"12612","1570力肯","110/08/06","國泰-板橋",1,33,-32
"12613","1570力肯","110/08/06","永豐金-大園",21,0,21
"12614","1570力肯","110/08/06","摩根大通",83,112,-29
"12615","1570力肯","110/08/06","統一-三重",25,5,20
"12616","1570力肯","110/08/06","玉山-新莊",0,27,-27
"12617","1570力肯","110/08/06","元富-新店",20,0,20
"12618","1570力肯","110/08/06","永豐金-虎尾",0,27,-27
"12619","1570力肯","110/08/06","大昌-桃園",21,1,20
"12620","1570力肯","110/08/06","玉山-左營",0,25,-25
"12621","1570力肯","110/08/06","康和-高雄",18,1,17
"12622","1570力肯","110/08/06","富邦-仁愛",10,32,-22
"12623","1570力肯","110/08/06","元富-潮州",16,0,16
"12624","1570力肯","110/08/06","中國信託-忠孝",0,21,-21
"12625","1570力肯","110/08/06","元富-松德",15,0,15
"12626","1570力肯","110/08/06","臺銀-鳳山",4,24,-20
"12627","1570力肯","110/08/06","凱基-嘉義",15,0,15
"12628","1570力肯","110/08/06","台新-屏東",1,21,-20
"12629","1570力肯","110/08/06","凱基-埔墘",15,0,15
"12630","1570力肯","110/08/06","群益金鼎-西松",0,20,-20
"12631","6180橘子","110/08/06","凱基-中山",138,3,135
"12632","6180橘子","110/08/06","新光",6,37,-31
"12633","6180橘子","110/08/06","富邦-高雄",18,0,18
"12634","6180橘子","110/08/06","永豐金-板新",0,24,-24
"12635","6180橘子","110/08/06","美商高盛",14,0,14
"12636","6180橘子","110/08/06","國票-九鼎",0,20,-20
"12637","6180橘子","110/08/06","富邦-板橋",14,0,14
"12638","6180橘子","110/08/06","群益金鼎-古亭",0,20,-20
"12639","6180橘子","110/08/06","台灣摩根士丹利",18,6,12
"12640","6180橘子","110/08/06","凱基-台北",2,22,-20
"12641","6180橘子","110/08/06","聯邦-雙和",11,0,11
"12642","6180橘子","110/08/06","富邦-員林",1,20,-19
"12643","6180橘子","110/08/06","宏遠-光隆",10,0,10
"12644","6180橘子","110/08/06","富邦-基隆",0,14,-14
"12645","6180橘子","110/08/06","元富-四維",10,0,10
"12646","6180橘子","110/08/06","元富-永和",1,12,-11
"12647","6180橘子","110/08/06","摩根大通",11,1,10
"12648","6180橘子","110/08/06","玉山-台南",0,11,-11
"12649","6180橘子","110/08/06","日盛-中壢",9,0,9
"12650","6180橘子","110/08/06","元大-彰化民生",0,11,-11
"12651","6180橘子","110/08/06","中國信託",9,0,9
"12652","6180橘子","110/08/06","群益金鼎-忠孝",0,10,-10
"12653","6180橘子","110/08/06","凱基-板橋",10,1,9
"12654","6180橘子","110/08/06","元大-龍潭",0,10,-10
"12655","6180橘子","110/08/06","日盛-景美",9,2,7
"12656","6180橘子","110/08/06","元大-金華",1,11,-10
"12657","6180橘子","110/08/06","瑞士信貸",7,0,7
"12658","6180橘子","110/08/06","第一金-新興",0,8,-8
"12659","6180橘子","110/08/06","元大-高雄",5,0,5
"12660","6180橘子","110/08/06","美林",0,7,-7
"12661","2390云辰","110/08/06","元大證券",203,14,189
"12662","2390云辰","110/08/06","永豐金-豐原",0,174,-174
"12663","2390云辰","110/08/06","美商高盛",114,7,107
"12664","2390云辰","110/08/06","第一金-華江",0,83,-83
"12665","2390云辰","110/08/06","華南永昌-麻豆",103,0,103
"12666","2390云辰","110/08/06","凱基-台北",126,197,-71
"12667","2390云辰","110/08/06","國票-安和",76,11,65
"12668","2390云辰","110/08/06","摩根大通",129,187,-58
"12669","2390云辰","110/08/06","港商野村",188,138,50
"12670","2390云辰","110/08/06","臺銀-金山",0,50,-50
"12671","2390云辰","110/08/06","元大-土城學府",102,56,46
"12672","2390云辰","110/08/06","聯邦商銀",13,50,-37
"12673","2390云辰","110/08/06","元富-板橋",41,0,41
"12674","2390云辰","110/08/06","元大-上新莊",10,43,-33
"12675","2390云辰","110/08/06","新加坡商瑞銀",47,7,40
"12676","2390云辰","110/08/06","兆豐-三民",0,30,-30
"12677","2390云辰","110/08/06","元大-台南",35,0,35
"12678","2390云辰","110/08/06","富邦-桃園",0,30,-30
"12679","2390云辰","110/08/06","凱基-林口",31,0,31
"12680","2390云辰","110/08/06","國泰-敦南",33,60,-27
"12681","2390云辰","110/08/06","凱基-台中",23,0,23
"12682","2390云辰","110/08/06","元大-天母",1,28,-27
"12683","2390云辰","110/08/06","台新-左楠",22,0,22
"12684","2390云辰","110/08/06","統一-高雄",0,25,-25
"12685","2390云辰","110/08/06","元大-文心",24,2,22
"12686","2390云辰","110/08/06","元大-太平",0,22,-22
"12687","2390云辰","110/08/06","統一-三重",22,1,21
"12688","2390云辰","110/08/06","彰銀-台中",36,56,-20
"12689","2390云辰","110/08/06","台灣企銀-嘉義",20,0,20
"12690","2390云辰","110/08/06","統一-屏東",1,21,-20
"12691","2867三商壽","110/08/05","摩根大通",376,0,376
"12692","2867三商壽","110/08/05","日盛-新莊",0,253,-253
"12693","2867三商壽","110/08/05","玉山-大里",307,1,306
"12694","2867三商壽","110/08/05","宏遠-高雄",0,156,-156
"12695","2867三商壽","110/08/05","元大-土城永寧",250,0,250
"12696","2867三商壽","110/08/05","康和-台中",0,135,-135
"12697","2867三商壽","110/08/05","新加坡商瑞銀",137,0,137
"12698","2867三商壽","110/08/05","台灣摩根士丹利",17,133,-116
"12699","2867三商壽","110/08/05","大展",120,0,120
"12700","2867三商壽","110/08/05","台灣企銀-竹北",0,100,-100
"12701","2867三商壽","110/08/05","凱基-長庚",120,0,120
"12702","2867三商壽","110/08/05","群益金鼎-桃園",1,100,-99
"12703","2867三商壽","110/08/05","元大-大同",104,2,102
"12704","2867三商壽","110/08/05","永豐金-高雄",10,101,-91
"12705","2867三商壽","110/08/05","凱基-台北",98,30,68
"12706","2867三商壽","110/08/05","元富",0,70,-70
"12707","2867三商壽","110/08/05","華南永昌-朴子",60,0,60
"12708","2867三商壽","110/08/05","富邦-花蓮",0,53,-53
"12709","2867三商壽","110/08/05","永豐金-市政",50,0,50
"12710","2867三商壽","110/08/05","日盛-台南",0,43,-43
"12711","2867三商壽","110/08/05","富邦-台南",49,1,48
"12712","2867三商壽","110/08/05","宏遠-台中",6,45,-39
"12713","2867三商壽","110/08/05","永豐金-永康",30,0,30
"12714","2867三商壽","110/08/05","瑞士信貸",0,32,-32
"12715","2867三商壽","110/08/05","富邦-竹東",30,1,29
"12716","2867三商壽","110/08/05","致和-高雄",0,31,-31
"12717","2867三商壽","110/08/05","兆豐-高雄",30,10,20
"12718","2867三商壽","110/08/05","國泰-台南",1,32,-31
"12719","2867三商壽","110/08/05","群益金鼎-西松",20,0,20
"12720","2867三商壽","110/08/05","元大-松山",1,31,-30
"12721","5521工信","110/08/05","兆豐-桃園",72,0,72
"12722","5521工信","110/08/05","美林",5,100,-95
"12723","5521工信","110/08/05","(牛牛牛)亞-鑫豐",24,0,24
"12724","5521工信","110/08/05","華南永昌-桃園",0,76,-76
"12725","5521工信","110/08/05","富邦-建國",22,0,22
"12726","5521工信","110/08/05","第一金-桃園",0,43,-43
"12727","5521工信","110/08/05","日盛-雙和",16,0,16
"12728","5521工信","110/08/05","凱基-台北",0,26,-26
"12729","5521工信","110/08/05","元大-鳳山",16,0,16
"12730","5521工信","110/08/05","台灣摩根士丹利",0,22,-22
"12731","5521工信","110/08/05","元富-城東",12,0,12
"12732","5521工信","110/08/05","富邦-竹北",0,20,-20
"12733","5521工信","110/08/05","元大-東蘆",12,0,12
"12734","5521工信","110/08/05","富邦-員林",0,20,-20
"12735","5521工信","110/08/05","元大-路竹",11,0,11
"12736","5521工信","110/08/05","元大-豐原",0,20,-20
"12737","5521工信","110/08/05","元大-基隆孝二",11,0,11
"12738","5521工信","110/08/05","港商野村",0,17,-17
"12739","5521工信","110/08/05","日盛-園區",10,0,10
"12740","5521工信","110/08/05","元大-大同",0,14,-14
"12741","5521工信","110/08/05","玉山-台大",10,0,10
"12742","5521工信","110/08/05","永豐金證券",0,14,-14
"12743","5521工信","110/08/05","華南永昌-公誠",10,0,10
"12744","5521工信","110/08/05","兆豐-高雄",0,10,-10
"12745","5521工信","110/08/05","元大-斗六",10,0,10
"12746","5521工信","110/08/05","群益金鼎-永和",0,10,-10
"12747","5521工信","110/08/05","元大-屏東",10,0,10
"12748","5521工信","110/08/05","永豐金-中和",0,10,-10
"12749","5521工信","110/08/05","國泰-台中",9,0,9
"12750","5521工信","110/08/05","第一金-高雄",0,7,-7
"12751","1471首利","110/08/05","國票-北高雄",50,0,50
"12752","1471首利","110/08/05","永豐金-板盛",0,129,-129
"12753","1471首利","110/08/05","台灣摩根士丹利",49,0,49
"12754","1471首利","110/08/05","元大-三重",0,50,-50
"12755","1471首利","110/08/05","元大-太平",30,0,30
"12756","1471首利","110/08/05","瑞士信貸",0,42,-42
"12757","1471首利","110/08/05","國泰-敦南",24,0,24
"12758","1471首利","110/08/05","美林",0,37,-37
"12759","1471首利","110/08/05","玉山-桃園",21,0,21
"12760","1471首利","110/08/05","元富-草屯",0,30,-30
"12761","1471首利","110/08/05","宏遠-光隆",20,0,20
"12762","1471首利","110/08/05","元富-民權",0,25,-25
"12763","1471首利","110/08/05","富邦-嘉義",20,1,19
"12764","1471首利","110/08/05","台中銀",0,23,-23
"12765","1471首利","110/08/05","元大-博愛",30,13,17
"12766","1471首利","110/08/05","元富-新興",0,20,-20
"12767","1471首利","110/08/05","台新-高雄",16,0,16
"12768","1471首利","110/08/05","摩根大通",17,33,-16
"12769","1471首利","110/08/05","日盛-文化",15,0,15
"12770","1471首利","110/08/05","日盛-鳳山",0,15,-15
"12771","1471首利","110/08/05","群益金鼎-新莊",15,0,15
"12772","1471首利","110/08/05","高橋",0,14,-14
"12773","1471首利","110/08/05","凱基-科園",13,0,13
"12774","1471首利","110/08/05","富邦-羅東",0,13,-13
"12775","1471首利","110/08/05","元大-高雄",12,0,12
"12776","1471首利","110/08/05","德信-中正",0,12,-12
"12777","1471首利","110/08/05","第一金-桃園",11,0,11
"12778","1471首利","110/08/05","群益金鼎-中港",5,17,-12
"12779","1471首利","110/08/05","台灣企銀-太平",10,0,10
"12780","1471首利","110/08/05","第一金-台南",0,10,-10
"12781","2883開發金","110/08/05","元富",5268,0,5268
"12782","2883開發金","110/08/05","新光-高雄",309,4909,-4600
"12783","2883開發金","110/08/05","瑞士信貸",4963,0,4963
"12784","2883開發金","110/08/05","富邦-竹東",594,3509,-2915
"12785","2883開發金","110/08/05","富邦證券",3800,0,3800
"12786","2883開發金","110/08/05","永豐金-南京",2,1915,-1913
"12787","2883開發金","110/08/05","台灣摩根士丹利",3886,1250,2636
"12788","2883開發金","110/08/05","第一金-自由",2,1894,-1892
"12789","2883開發金","110/08/05","元富-城東",2119,68,2051
"12790","2883開發金","110/08/05","康和-仁愛",0,1820,-1820
"12791","2883開發金","110/08/05","港商野村",2397,395,2002
"12792","2883開發金","110/08/05","兆豐-台中港",22,1522,-1500
"12793","2883開發金","110/08/05","第一金-忠孝",2020,88,1932
"12794","2883開發金","110/08/05","元大-大同",43,1010,-967
"12795","2883開發金","110/08/05","國泰證券",1682,3,1679
"12796","2883開發金","110/08/05","國票",53,645,-592
"12797","2883開發金","110/08/05","大和國泰",1666,0,1666
"12798","2883開發金","110/08/05","富邦-新竹",86,674,-588
"12799","2883開發金","110/08/05","永豐金-板橋",1507,15,1492
"12800","2883開發金","110/08/05","富邦-建國",39,560,-521
"12801","2883開發金","110/08/05","台灣企銀-民雄",1002,0,1002
"12802","2883開發金","110/08/05","日盛-台南",7,525,-518
"12803","2883開發金","110/08/05","美林",1263,577,686
"12804","2883開發金","110/08/05","凱基-基隆",1,510,-509
"12805","2883開發金","110/08/05","康和",640,0,640
"12806","2883開發金","110/08/05","元富-民權",0,500,-500
"12807","2883開發金","110/08/05","凱基-台北",1262,679,583
"12808","2883開發金","110/08/05","永豐金-松山",9,509,-500
"12809","2883開發金","110/08/05","福邦證券",560,50,510
"12810","2883開發金","110/08/05","華南永昌-中正",25,511,-486
"12811","6205詮欣","110/08/05","富邦-高雄",27,0,27
"12812","6205詮欣","110/08/05","臺銀-鳳山",0,31,-31
"12813","6205詮欣","110/08/05","摩根大通",27,1,26
"12814","6205詮欣","110/08/05","合庫-三重",0,15,-15
"12815","6205詮欣","110/08/05","永豐金-敦南",14,0,14
"12816","6205詮欣","110/08/05","臺銀-民權",11,21,-10
"12817","6205詮欣","110/08/05","凱基-台北",14,1,13
"12818","6205詮欣","110/08/05","日盛-中壢",0,10,-10
"12819","6205詮欣","110/08/05","瑞士信貸",14,5,9
"12820","6205詮欣","110/08/05","統一-松江",0,10,-10
"12821","6205詮欣","110/08/05","凱基-湖口",9,0,9
"12822","6205詮欣","110/08/05","台新-三民",0,9,-9
"12823","6205詮欣","110/08/05","德信-新營",4,0,4
"12824","6205詮欣","110/08/05","臺銀-新竹",1,9,-8
"12825","6205詮欣","110/08/05","元大-東蘆",5,1,4
"12826","6205詮欣","110/08/05","康和",0,5,-5
"12827","6205詮欣","110/08/05","臺銀-高雄",3,0,3
"12828","6205詮欣","110/08/05","元大-館前",0,4,-4
"12829","6205詮欣","110/08/05","富邦-左營",3,0,3
"12830","6205詮欣","110/08/05","宏遠-新化",0,3,-3
"12831","6205詮欣","110/08/05","日盛-花蓮",2,0,2
"12832","6205詮欣","110/08/05","新加坡商瑞銀",4,7,-3
"12833","6205詮欣","110/08/05","元富-三重",2,0,2
"12834","6205詮欣","110/08/05","致和-高雄",0,3,-3
"12835","6205詮欣","110/08/05","北城證券",2,0,2
"12836","6205詮欣","110/08/05","國票",0,3,-3
"12837","6205詮欣","110/08/05","國票-南港",2,0,2
"12838","6205詮欣","110/08/05","富邦-嘉義",0,3,-3
"12839","6205詮欣","110/08/05","台新證券",2,0,2
"12840","6205詮欣","110/08/05","統一-士林",0,2,-2
"12841","1540喬福","110/08/05","元富-中原",24,0,24
"12842","1540喬福","110/08/05","統一-新台中",0,21,-21
"12843","1540喬福","110/08/05","台新-台南",10,0,10
"12844","1540喬福","110/08/05","國泰-敦南",0,15,-15
"12845","1540喬福","110/08/05","台新-台中",10,0,10
"12846","1540喬福","110/08/05","華南永昌-南京",0,10,-10
"12847","1540喬福","110/08/05","瑞士信貸",6,0,6
"12848","1540喬福","110/08/05","元大-台中中港",0,10,-10
"12849","1540喬福","110/08/05","台中銀-豐原",6,0,6
"12850","1540喬福","110/08/05","德信-新營",0,8,-8
"12851","1540喬福","110/08/05","凱基-台北",6,0,6
"12852","1540喬福","110/08/05","新光-台南",0,4,-4
"12853","1540喬福","110/08/05","凱基-台南",5,0,5
"12854","1540喬福","110/08/05","元大-大天母",6,10,-4
"12855","1540喬福","110/08/05","元大-士林",5,0,5
"12856","1540喬福","110/08/05","康和-新竹",0,3,-3
"12857","1540喬福","110/08/05","美林",2,0,2
"12858","1540喬福","110/08/05","元大-龍潭",0,3,-3
"12859","1540喬福","110/08/05","群益金鼎-崇德",2,0,2
"12860","1540喬福","110/08/05","第一金-員林",0,1,-1
"12861","1540喬福","110/08/05","凱基-苗栗",2,0,2
"12862","1540喬福","110/08/05","第一金-豐原",0,1,-1
"12863","1540喬福","110/08/05","凱基-中壢",2,0,2
"12864","1540喬福","110/08/05","台新-高雄",0,1,-1
"12865","1540喬福","110/08/05","土銀-士林",1,0,1
"12866","1540喬福","110/08/05","元大-崇德",0,1,-1
"12867","1540喬福","110/08/05","群益金鼎-丹鳳",1,0,1
"12868","1540喬福","110/08/05","元大-中壢",0,1,-1
"12869","1540喬福","110/08/05","元大-文心",1,0,1
"12870","1540喬福","110/08/05","元大-斗信",0,1,-1
"12871","2888新光金","110/08/05","華南永昌-南京",3753,8,3745
"12872","2888新光金","110/08/05","第一金-高雄",0,5007,-5007
"12873","2888新光金","110/08/05","玉山-城中",2004,28,1976
"12874","2888新光金","110/08/05","美商高盛",12,1719,-1707
"12875","2888新光金","110/08/05","元大-西門",906,18,888
"12876","2888新光金","110/08/05","香港上海匯豐",0,1437,-1437
"12877","2888新光金","110/08/05","日盛-和美",557,3,554
"12878","2888新光金","110/08/05","凱基-台南",46,802,-756
"12879","2888新光金","110/08/05","康和-台中",460,49,411
"12880","2888新光金","110/08/05","美林",538,1140,-602
"12881","2888新光金","110/08/05","元富-緯城",302,1,301
"12882","2888新光金","110/08/05","凱基-台北",686,1280,-594
"12883","2888新光金","110/08/05","彰銀",301,3,298
"12884","2888新光金","110/08/05","法銀巴黎",0,562,-562
"12885","2888新光金","110/08/05","花旗環球",356,84,272
"12886","2888新光金","110/08/05","瑞士信貸",1350,1798,-448
"12887","2888新光金","110/08/05","永全-南崁",240,0,240
"12888","2888新光金","110/08/05","群益金鼎-丹鳳",4,303,-299
"12889","2888新光金","110/08/05","永豐金-彰化",232,20,212
"12890","2888新光金","110/08/05","安泰-大發",10,300,-290
"12891","2888新光金","110/08/05","統一-新台中",214,7,207
"12892","2888新光金","110/08/05","摩根大通",1159,1428,-269
"12893","2888新光金","110/08/05","中國信託-永康",203,0,203
"12894","2888新光金","110/08/05","兆豐-員林",4,260,-256
"12895","2888新光金","110/08/05","日盛-景美",200,0,200
"12896","2888新光金","110/08/05","日盛-大墩",0,250,-250
"12897","2888新光金","110/08/05","元大-東泰",207,22,185
"12898","2888新光金","110/08/05","元大-大里",31,243,-212
"12899","2888新光金","110/08/05","合庫證券",181,2,179
"12900","2888新光金","110/08/05","北城證券",25,230,-205
"12901","1340勝悅","110/08/05","富邦-仁愛",20,0,20
"12902","1340勝悅","110/08/05","中國信託",0,36,-36
"12903","1340勝悅","110/08/05","華南永昌-忠孝",12,0,12
"12904","1340勝悅","110/08/05","新光-新竹",0,18,-18
"12905","1340勝悅","110/08/05","華南永昌-楠梓",10,0,10
"12906","1340勝悅","110/08/05","永豐金-嘉義",0,15,-15
"12907","1340勝悅","110/08/05","統一-城中",17,11,6
"12908","1340勝悅","110/08/05","日茂",0,10,-10
"12909","1340勝悅","110/08/05","臺灣企銀-埔墘",5,0,5
"12910","1340勝悅","110/08/05","富邦-宜蘭",0,10,-10
"12911","1340勝悅","110/08/05","國票-台東",5,0,5
"12912","1340勝悅","110/08/05","元富-花蓮",0,9,-9
"12913","1340勝悅","110/08/05","新光-高雄",5,0,5
"12914","1340勝悅","110/08/05","永豐金-南京",0,7,-7
"12915","1340勝悅","110/08/05","國泰-台中",6,1,5
"12916","1340勝悅","110/08/05","統一",0,6,-6
"12917","1340勝悅","110/08/05","富邦-陽明",5,0,5
"12918","1340勝悅","110/08/05","合庫-西台中",0,3,-3
"12919","1340勝悅","110/08/05","日盛-板橋",4,0,4
"12920","1340勝悅","110/08/05","港商野村",0,3,-3
"12921","1340勝悅","110/08/05","港商法國興業",4,0,4
"12922","1340勝悅","110/08/05","兆豐-新竹",0,3,-3
"12923","1340勝悅","110/08/05","臺銀-高雄",3,0,3
"12924","1340勝悅","110/08/05","亞東-台中",0,2,-2
"12925","1340勝悅","110/08/05","元富-新店",3,0,3
"12926","1340勝悅","110/08/05","元大-歸仁",0,2,-2
"12927","1340勝悅","110/08/05","康和-屏東",3,0,3
"12928","1340勝悅","110/08/05","日盛-斗六",0,1,-1
"12929","1340勝悅","110/08/05","群益金鼎-民權",3,0,3
"12930","1340勝悅","110/08/05","日盛-中和",0,1,-1
"12931","6246臺龍","110/08/05","元大-林森",200,0,200
"12932","6246臺龍","110/08/05","統一",0,180,-180
"12933","6246臺龍","110/08/05","元大證券",92,1,91
"12934","6246臺龍","110/08/05","大慶-富順",0,114,-114
"12935","6246臺龍","110/08/05","凱基-大直",99,19,80
"12936","6246臺龍","110/08/05","台新-三民",0,77,-77
"12937","6246臺龍","110/08/05","元大-北港",51,0,51
"12938","6246臺龍","110/08/05","永興",0,48,-48
"12939","6246臺龍","110/08/05","統一-南京",50,0,50
"12940","6246臺龍","110/08/05","華南永昌-嘉義",1,26,-25
"12941","6246臺龍","110/08/05","台灣企銀",40,0,40
"12942","6246臺龍","110/08/05","宏遠-民生",0,20,-20
"12943","6246臺龍","110/08/05","永豐金-虎尾",23,0,23
"12944","6246臺龍","110/08/05","兆豐-大同",0,20,-20
"12945","6246臺龍","110/08/05","凱基-台北",27,5,22
"12946","6246臺龍","110/08/05","華南永昌-林口",0,20,-20
"12947","6246臺龍","110/08/05","元富-新竹",20,0,20
"12948","6246臺龍","110/08/05","元大-永春",0,20,-20
"12949","6246臺龍","110/08/05","康和-石牌",20,0,20
"12950","6246臺龍","110/08/05","元大-東泰",0,19,-19
"12951","6246臺龍","110/08/05","聯邦-大業",20,0,20
"12952","6246臺龍","110/08/05","德信-新營",0,18,-18
"12953","6246臺龍","110/08/05","凱基-彰化",18,0,18
"12954","6246臺龍","110/08/05","永豐金-松山",10,28,-18
"12955","6246臺龍","110/08/05","永豐金-復興",17,1,16
"12956","6246臺龍","110/08/05","台新-台中",4,20,-16
"12957","6246臺龍","110/08/05","新光-台中",17,2,15
"12958","6246臺龍","110/08/05","兆豐-竹北",5,20,-15
"12959","6246臺龍","110/08/05","元大-路竹",15,1,14
"12960","6246臺龍","110/08/05","兆豐-南京",1,14,-13
"12961","00715L期街口布蘭特正2","110/08/05","(牛牛牛)亞-鑫豐",1195,20,1175
"12962","00715L期街口布蘭特正2","110/08/05","元大證券",1735,21716,-19981
"12963","00715L期街口布蘭特正2","110/08/05","元大-萬華",930,0,930
"12964","00715L期街口布蘭特正2","110/08/05","凱基-台北",182,11686,-11504
"12965","00715L期街口布蘭特正2","110/08/05","元大-永康",810,9,801
"12966","00715L期街口布蘭特正2","110/08/05","元富",8,6852,-6844
"12967","00715L期街口布蘭特正2","110/08/05","富邦-彰化",760,0,760
"12968","00715L期街口布蘭特正2","110/08/05","台新證券",598,4522,-3924
"12969","00715L期街口布蘭特正2","110/08/05","國泰-敦南",830,155,675
"12970","00715L期街口布蘭特正2","110/08/05","凱基",0,3168,-3168
"12971","00715L期街口布蘭特正2","110/08/05","新光-台中",698,33,665
"12972","00715L期街口布蘭特正2","110/08/05","群益金鼎",0,1742,-1742
"12973","00715L期街口布蘭特正2","110/08/05","富邦-南屯",621,5,616
"12974","00715L期街口布蘭特正2","110/08/05","國票",22,1607,-1585
"12975","00715L期街口布蘭特正2","110/08/05","群益金鼎-士林",620,40,580
"12976","00715L期街口布蘭特正2","110/08/05","永豐金證券",91,1254,-1163
"12977","00715L期街口布蘭特正2","110/08/05","兆豐-嘉義",510,0,510
"12978","00715L期街口布蘭特正2","110/08/05","富邦證券",140,1095,-955
"12979","00715L期街口布蘭特正2","110/08/05","統一-新竹",508,9,499
"12980","00715L期街口布蘭特正2","110/08/05","元大-雙和",22,850,-828
"12981","00715L期街口布蘭特正2","110/08/05","國泰-板橋",521,24,497
"12982","00715L期街口布蘭特正2","110/08/05","國票-台中",25,805,-780
"12983","00715L期街口布蘭特正2","110/08/05","元大-中和",481,3,478
"12984","00715L期街口布蘭特正2","110/08/05","華南永昌-長虹",145,820,-675
"12985","00715L期街口布蘭特正2","110/08/05","元大-羅東",470,0,470
"12986","00715L期街口布蘭特正2","110/08/05","日盛-大墩",121,455,-334
"12987","00715L期街口布蘭特正2","110/08/05","群益金鼎-嘉義",483,20,463
"12988","00715L期街口布蘭特正2","110/08/05","華南永昌-斗六",52,380,-328
"12989","00715L期街口布蘭特正2","110/08/05","群益金鼎-中壢",476,30,446
"12990","00715L期街口布蘭特正2","110/08/05","康和",0,250,-250
"12991","8941關中","110/08/05","第一金-台南",1,0,1
"12992","8941關中","110/08/05","元富-宜蘭",0,2,-2
"12993","8941關中","110/08/05","康和-嘉義",1,0,1
"12994","8941關中","110/08/05","統一-南京",0,1,-1
"12995","8941關中","110/08/05","群益金鼎-延平",1,0,1
"12996","8941關中","110/08/05","合庫證券",0,0,0
"12997","8941關中","110/08/05","合庫證券",0,0,0
"12998","8941關中","110/08/05","(牛牛牛)亞-鑫豐",0,0,0
"12999","8941關中","110/08/05","(牛牛牛)亞-鑫豐",0,0,0
"13000","8941關中","110/08/05","富邦-北港",0,0,0
"13001","8941關中","110/08/05","富邦-北港",0,0,0
"13002","8941關中","110/08/05","",NA,NA,NA
"13003","8941關中","110/08/05","",NA,NA,NA
"13004","8941關中","110/08/05","",NA,NA,NA
"13005","8941關中","110/08/05","",NA,NA,NA
"13006","8941關中","110/08/05","",NA,NA,NA
"13007","8941關中","110/08/05","",NA,NA,NA
"13008","8941關中","110/08/05","",NA,NA,NA
"13009","8941關中","110/08/05","",NA,NA,NA
"13010","8941關中","110/08/05","",NA,NA,NA
"13011","8941關中","110/08/05","",NA,NA,NA
"13012","8941關中","110/08/05","",NA,NA,NA
"13013","8941關中","110/08/05","",NA,NA,NA
"13014","8941關中","110/08/05","",NA,NA,NA
"13015","8941關中","110/08/05","",NA,NA,NA
"13016","8941關中","110/08/05","",NA,NA,NA
"13017","8941關中","110/08/05","",NA,NA,NA
"13018","8941關中","110/08/05","",NA,NA,NA
"13019","8941關中","110/08/05","",NA,NA,NA
"13020","8941關中","110/08/05","",NA,NA,NA
"13021","8936國統","110/08/05","國票-敦北法人",100,0,100
"13022","8936國統","110/08/05","摩根大通",16,240,-224
"13023","8936國統","110/08/05","第一金-光復",50,0,50
"13024","8936國統","110/08/05","台新-松江",0,205,-205
"13025","8936國統","110/08/05","元大-蘆洲",45,0,45
"13026","8936國統","110/08/05","凱基-台北",1,177,-176
"13027","8936國統","110/08/05","富邦-建國",34,0,34
"13028","8936國統","110/08/05","新加坡商瑞銀",14,119,-105
"13029","8936國統","110/08/05","富邦-高雄",33,1,32
"13030","8936國統","110/08/05","凱基-市政",0,35,-35
"13031","8936國統","110/08/05","元大-敦南",30,0,30
"13032","8936國統","110/08/05","瑞士信貸",0,31,-31
"13033","8936國統","110/08/05","元大-博愛",23,0,23
"13034","8936國統","110/08/05","合庫-高雄",22,49,-27
"13035","8936國統","110/08/05","國票-長城",20,0,20
"13036","8936國統","110/08/05","港商野村",15,41,-26
"13037","8936國統","110/08/05","凱基-岡山",20,0,20
"13038","8936國統","110/08/05","富邦-陽明",1,24,-23
"13039","8936國統","110/08/05","凱基-台南",20,0,20
"13040","8936國統","110/08/05","合庫-新竹",0,22,-22
"13041","8936國統","110/08/05","富邦-中壢",21,2,19
"13042","8936國統","110/08/05","美商高盛",0,20,-20
"13043","8936國統","110/08/05","永豐金-忠孝",17,0,17
"13044","8936國統","110/08/05","元大-雙和",0,20,-20
"13045","8936國統","110/08/05","玉山-台中",16,0,16
"13046","8936國統","110/08/05","彰銀-七賢",0,18,-18
"13047","8936國統","110/08/05","兆豐-景美",15,0,15
"13048","8936國統","110/08/05","台灣企銀-台中",0,15,-15
"13049","8936國統","110/08/05","富邦-南屯",15,0,15
"13050","8936國統","110/08/05","兆豐-大同",0,15,-15
"13051","6226光鼎","110/08/05","國泰-敦南",190,90,100
"13052","6226光鼎","110/08/05","富邦-嘉義",590,964,-374
"13053","6226光鼎","110/08/05","凱基-台中",98,2,96
"13054","6226光鼎","110/08/05","日盛-員林",9,200,-191
"13055","6226光鼎","110/08/05","華南永昌-大安",95,13,82
"13056","6226光鼎","110/08/05","華南永昌",5,157,-152
"13057","6226光鼎","110/08/05","凱基-豐中",68,2,66
"13058","6226光鼎","110/08/05","國票-敦北法人",0,106,-106
"13059","6226光鼎","110/08/05","元富-西松",76,15,61
"13060","6226光鼎","110/08/05","元大-雙和",27,118,-91
"13061","6226光鼎","110/08/05","群益金鼎-土城",61,0,61
"13062","6226光鼎","110/08/05","華南永昌-南京",48,137,-89
"13063","6226光鼎","110/08/05","新光-高雄",64,4,60
"13064","6226光鼎","110/08/05","統一-新竹",37,124,-87
"13065","6226光鼎","110/08/05","宏遠-台中",67,9,58
"13066","6226光鼎","110/08/05","大昌",3,78,-75
"13067","6226光鼎","110/08/05","元大-東港",53,0,53
"13068","6226光鼎","110/08/05","凱基-台北",1,74,-73
"13069","6226光鼎","110/08/05","群益金鼎-敦南",60,10,50
"13070","6226光鼎","110/08/05","中國信託-文心",10,65,-55
"13071","6226光鼎","110/08/05","日盛-高雄",53,7,46
"13072","6226光鼎","110/08/05","台新-新莊",1,54,-53
"13073","6226光鼎","110/08/05","台新-新營",49,4,45
"13074","6226光鼎","110/08/05","台新-台中",84,135,-51
"13075","6226光鼎","110/08/05","玉山-雙和",42,2,40
"13076","6226光鼎","110/08/05","元大-嘉義",77,128,-51
"13077","6226光鼎","110/08/05","永豐金-高雄",44,8,36
"13078","6226光鼎","110/08/05","日盛-大墩",1,43,-42
"13079","6226光鼎","110/08/05","元富-花蓮",42,7,35
"13080","6226光鼎","110/08/05","日茂-埔里",0,41,-41
"13081","2363矽統","110/08/05","瑞士信貸",3345,0,3345
"13082","2363矽統","110/08/05","新加坡商瑞銀",1909,2622,-713
"13083","2363矽統","110/08/05","台灣摩根士丹利",2917,53,2864
"13084","2363矽統","110/08/05","統一-板橋",37,650,-613
"13085","2363矽統","110/08/05","摩根大通",5124,3944,1180
"13086","2363矽統","110/08/05","美商高盛",702,1245,-543
"13087","2363矽統","110/08/05","康和-台中",911,292,619
"13088","2363矽統","110/08/05","元富-西松",367,902,-535
"13089","2363矽統","110/08/05","永豐金證券",951,339,612
"13090","2363矽統","110/08/05","華南永昌-斗六",55,584,-529
"13091","2363矽統","110/08/05","群益金鼎-三民",571,106,465
"13092","2363矽統","110/08/05","美林",2987,3501,-514
"13093","2363矽統","110/08/05","國票-敦北法人",484,51,433
"13094","2363矽統","110/08/05","群益金鼎-館前",331,802,-471
"13095","2363矽統","110/08/05","陽信-石牌",624,204,420
"13096","2363矽統","110/08/05","永豐金-三重",138,571,-433
"13097","2363矽統","110/08/05","合庫證券",520,118,402
"13098","2363矽統","110/08/05","富邦-中壢",348,774,-426
"13099","2363矽統","110/08/05","元大-承德",385,70,315
"13100","2363矽統","110/08/05","北城證券",53,459,-406
"13101","2363矽統","110/08/05","新光",2366,2079,287
"13102","2363矽統","110/08/05","凱基-興隆",370,717,-347
"13103","2363矽統","110/08/05","元大證券",601,329,272
"13104","2363矽統","110/08/05","元大-屏南",132,464,-332
"13105","2363矽統","110/08/05","國泰-敦南",4481,4216,265
"13106","2363矽統","110/08/05","日盛-中和",208,531,-323
"13107","2363矽統","110/08/05","元大-台中",562,349,213
"13108","2363矽統","110/08/05","土銀",28,340,-312
"13109","2363矽統","110/08/05","富邦-台北",584,380,204
"13110","2363矽統","110/08/05","永豐金-嘉義",97,401,-304
"13111","8112至上","110/08/05","元大-竹科",858,64,794
"13112","8112至上","110/08/05","摩根大通",461,775,-314
"13113","8112至上","110/08/05","港商野村",937,361,576
"13114","8112至上","110/08/05","台灣摩根士丹利",16,272,-256
"13115","8112至上","110/08/05","康和",484,0,484
"13116","8112至上","110/08/05","高橋",3,183,-180
"13117","8112至上","110/08/05","新加坡商瑞銀",514,58,456
"13118","8112至上","110/08/05","合庫證券",19,162,-143
"13119","8112至上","110/08/05","元大-屏南",391,4,387
"13120","8112至上","110/08/05","元大-北屯",3,145,-142
"13121","8112至上","110/08/05","國票-長城",427,142,285
"13122","8112至上","110/08/05","元大-府城",14,154,-140
"13123","8112至上","110/08/05","元大-萬華",246,12,234
"13124","8112至上","110/08/05","群益金鼎-三重",0,138,-138
"13125","8112至上","110/08/05","台灣匯立證券",210,0,210
"13126","8112至上","110/08/05","富邦-台北",25,129,-104
"13127","8112至上","110/08/05","凱基-敦北",200,4,196
"13128","8112至上","110/08/05","元富-佳里",7,100,-93
"13129","8112至上","110/08/05","元大-北成功",205,17,188
"13130","8112至上","110/08/05","元富-台南",0,86,-86
"13131","8112至上","110/08/05","元大-高雄",146,14,132
"13132","8112至上","110/08/05","臺灣企銀-桃園",0,82,-82
"13133","8112至上","110/08/05","美商高盛",161,47,114
"13134","8112至上","110/08/05","玉山-嘉義",10,88,-78
"13135","8112至上","110/08/05","花旗環球",102,0,102
"13136","8112至上","110/08/05","凱基-復興",1,67,-66
"13137","8112至上","110/08/05","統一-士林",108,8,100
"13138","8112至上","110/08/05","富邦-中壢",23,89,-66
"13139","8112至上","110/08/05","新光",244,159,85
"13140","8112至上","110/08/05","元大-上新莊",1,67,-66
"13141","1570力肯","110/08/05","國票",352,0,352
"13142","1570力肯","110/08/05","國票-和平",7,402,-395
"13143","1570力肯","110/08/05","台新證券",211,87,124
"13144","1570力肯","110/08/05","摩根大通",46,335,-289
"13145","1570力肯","110/08/05","國泰-敦南",206,125,81
"13146","1570力肯","110/08/05","國票-北高雄",79,306,-227
"13147","1570力肯","110/08/05","聯邦商銀",75,0,75
"13148","1570力肯","110/08/05","統一",3,226,-223
"13149","1570力肯","110/08/05","元大-東泰",61,4,57
"13150","1570力肯","110/08/05","凱基-台北",184,366,-182
"13151","1570力肯","110/08/05","元大-桃興",113,66,47
"13152","1570力肯","110/08/05","統一-土城",89,161,-72
"13153","1570力肯","110/08/05","國泰-板橋",96,50,46
"13154","1570力肯","110/08/05","統一-屏東",0,64,-64
"13155","1570力肯","110/08/05","合庫-桃園",92,48,44
"13156","1570力肯","110/08/05","大昌-新店",9,61,-52
"13157","1570力肯","110/08/05","華南永昌-高雄",53,12,41
"13158","1570力肯","110/08/05","群益金鼎-忠孝",11,60,-49
"13159","1570力肯","110/08/05","國泰-高雄",50,14,36
"13160","1570力肯","110/08/05","臺銀-臺南",12,52,-40
"13161","1570力肯","110/08/05","國泰-台中",60,25,35
"13162","1570力肯","110/08/05","凱基-岡山",28,68,-40
"13163","1570力肯","110/08/05","富邦-仁愛",52,17,35
"13164","1570力肯","110/08/05","元大-蘆洲",8,44,-36
"13165","1570力肯","110/08/05","中國信託-忠孝",37,3,34
"13166","1570力肯","110/08/05","統一-仁愛",25,60,-35
"13167","1570力肯","110/08/05","元大-中壢",44,10,34
"13168","1570力肯","110/08/05","富邦-高雄",8,43,-35
"13169","1570力肯","110/08/05","日盛-新竹",30,0,30
"13170","1570力肯","110/08/05","大慶-蘆洲",110,142,-32
"13171","2929淘帝","110/08/05","國泰-松江",60,0,60
"13172","2929淘帝","110/08/05","摩根大通",4,87,-83
"13173","2929淘帝","110/08/05","美林",79,30,49
"13174","2929淘帝","110/08/05","日盛-南京",0,80,-80
"13175","2929淘帝","110/08/05","港商野村",87,45,42
"13176","2929淘帝","110/08/05","華南永昌-頭份",0,80,-80
"13177","2929淘帝","110/08/05","兆豐-忠孝",40,0,40
"13178","2929淘帝","110/08/05","日盛-雙和",2,57,-55
"13179","2929淘帝","110/08/05","新光-新竹",41,2,39
"13180","2929淘帝","110/08/05","台新-台中",2,33,-31
"13181","2929淘帝","110/08/05","元大-民生",31,0,31
"13182","2929淘帝","110/08/05","群益金鼎-新竹",0,30,-30
"13183","2929淘帝","110/08/05","元富-中港",28,0,28
"13184","2929淘帝","110/08/05","元大-北成功",0,30,-30
"13185","2929淘帝","110/08/05","凱基-台北",66,41,25
"13186","2929淘帝","110/08/05","元大-天母",5,30,-25
"13187","2929淘帝","110/08/05","富邦-新店",20,0,20
"13188","2929淘帝","110/08/05","元大-北港",0,25,-25
"13189","2929淘帝","110/08/05","康和-台中",15,0,15
"13190","2929淘帝","110/08/05","兆豐-彰化",0,24,-24
"13191","2929淘帝","110/08/05","華南永昌-古亭",15,0,15
"13192","2929淘帝","110/08/05","國泰-台中",1,25,-24
"13193","2929淘帝","110/08/05","日盛-景美",11,0,11
"13194","2929淘帝","110/08/05","華南永昌-大安",0,22,-22
"13195","2929淘帝","110/08/05","台新證券",11,0,11
"13196","2929淘帝","110/08/05","國泰-館前",10,31,-21
"13197","2929淘帝","110/08/05","凱基-三重",11,0,11
"13198","2929淘帝","110/08/05","元富-安南",0,20,-20
"13199","2929淘帝","110/08/05","華南永昌-竹北",11,0,11
"13200","2929淘帝","110/08/05","元大-屏南",10,30,-20
"13201","5410國眾","110/08/05","凱基-市政",40,0,40
"13202","5410國眾","110/08/05","元富-台南",0,27,-27
"13203","5410國眾","110/08/05","安泰",16,0,16
"13204","5410國眾","110/08/05","群益金鼎-內湖",0,16,-16
"13205","5410國眾","110/08/05","元大-善化",12,0,12
"13206","5410國眾","110/08/05","中農",0,15,-15
"13207","5410國眾","110/08/05","元富-同大",10,0,10
"13208","5410國眾","110/08/05","新光-台南",0,15,-15
"13209","5410國眾","110/08/05","中國信託-新竹",10,0,10
"13210","5410國眾","110/08/05","統一-平鎮",0,13,-13
"13211","5410國眾","110/08/05","元大-敦南",10,0,10
"13212","5410國眾","110/08/05","臺銀",0,11,-11
"13213","5410國眾","110/08/05","台灣企銀-太平",8,0,8
"13214","5410國眾","110/08/05","凱基-城中",0,10,-10
"13215","5410國眾","110/08/05","瑞士信貸",7,0,7
"13216","5410國眾","110/08/05","元大-崇德",0,10,-10
"13217","5410國眾","110/08/05","元富-烏日",6,0,6
"13218","5410國眾","110/08/05","元大-和平",0,10,-10
"13219","5410國眾","110/08/05","摩根大通",7,1,6
"13220","5410國眾","110/08/05","新光-台中",1,9,-8
"13221","5410國眾","110/08/05","元富-三重",11,6,5
"13222","5410國眾","110/08/05","富邦-板橋",0,6,-6
"13223","5410國眾","110/08/05","中國信託-忠孝",5,0,5
"13224","5410國眾","110/08/05","新百王",0,5,-5
"13225","5410國眾","110/08/05","凱基-復興",5,0,5
"13226","5410國眾","110/08/05","元大-大益",0,5,-5
"13227","5410國眾","110/08/05","永豐金-台中",4,0,4
"13228","5410國眾","110/08/05","永豐金-板橋",0,5,-5
"13229","5410國眾","110/08/05","元富-板橋",3,0,3
"13230","5410國眾","110/08/05","台新-中壢",0,4,-4
"13231","2841台開","110/08/05","日盛證券",201,0,201
"13232","2841台開","110/08/05","第一金-自由",0,272,-272
"13233","2841台開","110/08/05","永豐金-敦南",202,1,201
"13234","2841台開","110/08/05","瑞士信貸",0,149,-149
"13235","2841台開","110/08/05","元大-大天母",200,0,200
"13236","2841台開","110/08/05","玉山-新竹",0,131,-131
"13237","2841台開","110/08/05","永豐金-鳳山",100,0,100
"13238","2841台開","110/08/05","元富-板橋",0,125,-125
"13239","2841台開","110/08/05","台新-三民",100,1,99
"13240","2841台開","110/08/05","元大-台中中港",0,109,-109
"13241","2841台開","110/08/05","凱基-竹科",67,0,67
"13242","2841台開","110/08/05","兆豐-東門",0,100,-100
"13243","2841台開","110/08/05","國泰-敦南",44,5,39
"13244","2841台開","110/08/05","(牛牛牛)亞-鑫豐",0,97,-97
"13245","2841台開","110/08/05","元大-中壢",35,0,35
"13246","2841台開","110/08/05","元富-嘉義",0,50,-50
"13247","2841台開","110/08/05","國泰-忠孝",33,0,33
"13248","2841台開","110/08/05","新光",20,67,-47
"13249","2841台開","110/08/05","元大-新竹經國",30,0,30
"13250","2841台開","110/08/05","永豐金-豐原",3,50,-47
"13251","2841台開","110/08/05","日盛-內湖",24,0,24
"13252","2841台開","110/08/05","統一-士林",0,31,-31
"13253","2841台開","110/08/05","新光-高雄",21,0,21
"13254","2841台開","110/08/05","元大-龍潭",0,30,-30
"13255","2841台開","110/08/05","元大-林園",20,0,20
"13256","2841台開","110/08/05","新光-台南",0,27,-27
"13257","2841台開","110/08/05","元大-仁愛",20,0,20
"13258","2841台開","110/08/05","台新-台中",0,22,-22
"13259","2841台開","110/08/05","群益金鼎-崇德",18,0,18
"13260","2841台開","110/08/05","大昌-安康",0,20,-20
"13261","6207雷科","110/08/05","摩根大通",313,64,249
"13262","6207雷科","110/08/05","日盛-忠孝",2,93,-91
"13263","6207雷科","110/08/05","新加坡商瑞銀",141,6,135
"13264","6207雷科","110/08/05","凱基-復興",0,90,-90
"13265","6207雷科","110/08/05","凱基-台北",142,20,122
"13266","6207雷科","110/08/05","群益金鼎-敦南",0,67,-67
"13267","6207雷科","110/08/05","台新-高雄",111,0,111
"13268","6207雷科","110/08/05","元大-鳳山",11,73,-62
"13269","6207雷科","110/08/05","瑞士信貸",58,0,58
"13270","6207雷科","110/08/05","群益金鼎-東門",0,56,-56
"13271","6207雷科","110/08/05","美林",45,0,45
"13272","6207雷科","110/08/05","元富-同大",1,41,-40
"13273","6207雷科","110/08/05","凱基-板橋",46,1,45
"13274","6207雷科","110/08/05","群益金鼎-屏東",1,41,-40
"13275","6207雷科","110/08/05","美商高盛",37,0,37
"13276","6207雷科","110/08/05","群益金鼎-延平",0,40,-40
"13277","6207雷科","110/08/05","凱基-三多",30,0,30
"13278","6207雷科","110/08/05","群益金鼎-瑞豐",1,33,-32
"13279","6207雷科","110/08/05","永豐金-虎尾",29,0,29
"13280","6207雷科","110/08/05","日盛證券",0,30,-30
"13281","6207雷科","110/08/05","第一金-中山",21,1,20
"13282","6207雷科","110/08/05","臺銀",1,30,-29
"13283","6207雷科","110/08/05","華南永昌-林口",20,0,20
"13284","6207雷科","110/08/05","群益金鼎-古亭",0,26,-26
"13285","6207雷科","110/08/05","兆豐-公益",18,0,18
"13286","6207雷科","110/08/05","凱基-高雄",4,30,-26
"13287","6207雷科","110/08/05","港商野村",62,46,16
"13288","6207雷科","110/08/05","富邦-竹東",0,25,-25
"13289","6207雷科","110/08/05","華南永昌-南京",16,0,16
"13290","6207雷科","110/08/05","元大-台中中港",2,25,-23
"13291","3679新至陞","110/08/05","新光",13,0,13
"13292","3679新至陞","110/08/05","凱基-台北",1,13,-12
"13293","3679新至陞","110/08/05","華南永昌-麻豆",3,0,3
"13294","3679新至陞","110/08/05","台灣摩根士丹利",0,5,-5
"13295","3679新至陞","110/08/05","臺灣企銀-埔墘",2,0,2
"13296","3679新至陞","110/08/05","元大-成功",0,5,-5
"13297","3679新至陞","110/08/05","彰銀",2,0,2
"13298","3679新至陞","110/08/05","元大證券",0,3,-3
"13299","3679新至陞","110/08/05","永全-南崁",2,0,2
"13300","3679新至陞","110/08/05","新加坡商瑞銀",0,2,-2
"13301","3679新至陞","110/08/05","群益金鼎",2,0,2
"13302","3679新至陞","110/08/05","摩根大通",0,2,-2
"13303","3679新至陞","110/08/05","富邦-三重",2,0,2
"13304","3679新至陞","110/08/05","國泰-館前",0,2,-2
"13305","3679新至陞","110/08/05","永豐金-敦北",2,0,2
"13306","3679新至陞","110/08/05","凱基-東港",0,2,-2
"13307","3679新至陞","110/08/05","臺銀-新竹",1,0,1
"13308","3679新至陞","110/08/05","元大-竹北",0,2,-2
"13309","3679新至陞","110/08/05","第一金-新興",1,0,1
"13310","3679新至陞","110/08/05","日盛-嘉義",0,1,-1
"13311","3679新至陞","110/08/05","統一-宜蘭",1,0,1
"13312","3679新至陞","110/08/05","美商高盛",1,2,-1
"13313","3679新至陞","110/08/05","元富-同大",1,0,1
"13314","3679新至陞","110/08/05","港商野村",0,1,-1
"13315","3679新至陞","110/08/05","中國信託-新竹",1,0,1
"13316","3679新至陞","110/08/05","第一金-員林",0,1,-1
"13317","3679新至陞","110/08/05","兆豐-民生",1,0,1
"13318","3679新至陞","110/08/05","統一-中壢",0,1,-1
"13319","3679新至陞","110/08/05","國泰-新莊",1,0,1
"13320","3679新至陞","110/08/05","統一-新竹",0,1,-1
"13321","2727王品","110/08/05","港商野村",68,43,25
"13322","2727王品","110/08/05","元富-宜蘭",6,96,-90
"13323","2727王品","110/08/05","花旗環球",24,0,24
"13324","2727王品","110/08/05","凱基-市政",1,89,-88
"13325","2727王品","110/08/05","新光",42,19,23
"13326","2727王品","110/08/05","群益金鼎-宜蘭",4,89,-85
"13327","2727王品","110/08/05","永豐金-忠孝",21,0,21
"13328","2727王品","110/08/05","永豐金-大園",4,66,-62
"13329","2727王品","110/08/05","凱基-埔墘",15,0,15
"13330","2727王品","110/08/05","康和-澎湖",1,60,-59
"13331","2727王品","110/08/05","新光-桃園",17,3,14
"13332","2727王品","110/08/05","日盛-八德",1,33,-32
"13333","2727王品","110/08/05","日盛-忠孝",16,3,13
"13334","2727王品","110/08/05","元大-桃園",0,29,-29
"13335","2727王品","110/08/05","統一",28,15,13
"13336","2727王品","110/08/05","凱基-竹科",4,31,-27
"13337","2727王品","110/08/05","富邦-員林",15,2,13
"13338","2727王品","110/08/05","富邦-新店",2,29,-27
"13339","2727王品","110/08/05","永豐金-桃盛",16,3,13
"13340","2727王品","110/08/05","兆豐-小港",2,26,-24
"13341","2727王品","110/08/05","元富-屏東",12,0,12
"13342","2727王品","110/08/05","華南永昌",6,25,-19
"13343","2727王品","110/08/05","凱基-台北",52,40,12
"13344","2727王品","110/08/05","台灣摩根士丹利",15,32,-17
"13345","2727王品","110/08/05","永豐金-彰化",12,0,12
"13346","2727王品","110/08/05","凱基-天母",0,15,-15
"13347","2727王品","110/08/05","美林",11,0,11
"13348","2727王品","110/08/05","富邦證券",0,15,-15
"13349","2727王品","110/08/05","群益金鼎-崇德",10,0,10
"13350","2727王品","110/08/05","永豐金證券",1,13,-12
"13351","1570力肯","110/08/05","國票",352,0,352
"13352","1570力肯","110/08/05","國票-和平",7,402,-395
"13353","1570力肯","110/08/05","台新證券",211,87,124
"13354","1570力肯","110/08/05","摩根大通",46,335,-289
"13355","1570力肯","110/08/05","國泰-敦南",206,125,81
"13356","1570力肯","110/08/05","國票-北高雄",79,306,-227
"13357","1570力肯","110/08/05","聯邦商銀",75,0,75
"13358","1570力肯","110/08/05","統一",3,226,-223
"13359","1570力肯","110/08/05","元大-東泰",61,4,57
"13360","1570力肯","110/08/05","凱基-台北",184,366,-182
"13361","1570力肯","110/08/05","元大-桃興",113,66,47
"13362","1570力肯","110/08/05","統一-土城",89,161,-72
"13363","1570力肯","110/08/05","國泰-板橋",96,50,46
"13364","1570力肯","110/08/05","統一-屏東",0,64,-64
"13365","1570力肯","110/08/05","合庫-桃園",92,48,44
"13366","1570力肯","110/08/05","大昌-新店",9,61,-52
"13367","1570力肯","110/08/05","華南永昌-高雄",53,12,41
"13368","1570力肯","110/08/05","群益金鼎-忠孝",11,60,-49
"13369","1570力肯","110/08/05","國泰-高雄",50,14,36
"13370","1570力肯","110/08/05","臺銀-臺南",12,52,-40
"13371","1570力肯","110/08/05","國泰-台中",60,25,35
"13372","1570力肯","110/08/05","凱基-岡山",28,68,-40
"13373","1570力肯","110/08/05","富邦-仁愛",52,17,35
"13374","1570力肯","110/08/05","元大-蘆洲",8,44,-36
"13375","1570力肯","110/08/05","中國信託-忠孝",37,3,34
"13376","1570力肯","110/08/05","統一-仁愛",25,60,-35
"13377","1570力肯","110/08/05","元大-中壢",44,10,34
"13378","1570力肯","110/08/05","富邦-高雄",8,43,-35
"13379","1570力肯","110/08/05","日盛-新竹",30,0,30
"13380","1570力肯","110/08/05","大慶-蘆洲",110,142,-32
"13381","6180橘子","110/08/05","永豐金-松山",51,0,51
"13382","6180橘子","110/08/05","凱基-板橋",0,80,-80
"13383","6180橘子","110/08/05","新光",40,2,38
"13384","6180橘子","110/08/05","康和-高雄",0,40,-40
"13385","6180橘子","110/08/05","兆豐證券",33,0,33
"13386","6180橘子","110/08/05","合庫-鳳山",0,32,-32
"13387","6180橘子","110/08/05","中國信託-文心",15,0,15
"13388","6180橘子","110/08/05","日盛-頭份",1,24,-23
"13389","6180橘子","110/08/05","富邦-陽明",15,0,15
"13390","6180橘子","110/08/05","兆豐-新營",0,22,-22
"13391","6180橘子","110/08/05","元大-龍潭",11,0,11
"13392","6180橘子","110/08/05","元大-福營",0,20,-20
"13393","6180橘子","110/08/05","日盛-新竹",10,0,10
"13394","6180橘子","110/08/05","新加坡商瑞銀",0,19,-19
"13395","6180橘子","110/08/05","凱基-汐止",10,0,10
"13396","6180橘子","110/08/05","永豐金-新竹",0,17,-17
"13397","6180橘子","110/08/05","元大-中壢",10,1,9
"13398","6180橘子","110/08/05","第一金-新興",1,16,-15
"13399","6180橘子","110/08/05","元富-潮州",8,0,8
"13400","6180橘子","110/08/05","凱基-中壢",0,12,-12
"13401","6180橘子","110/08/05","大慶",7,0,7
"13402","6180橘子","110/08/05","光和",0,10,-10
"13403","6180橘子","110/08/05","台新證券",7,0,7
"13404","6180橘子","110/08/05","統一-中壢",0,9,-9
"13405","6180橘子","110/08/05","聯邦-雙和",7,0,7
"13406","6180橘子","110/08/05","富邦-基隆",0,9,-9
"13407","6180橘子","110/08/05","元大證券",7,0,7
"13408","6180橘子","110/08/05","台灣摩根士丹利",0,8,-8
"13409","6180橘子","110/08/05","國泰-新莊",6,0,6
"13410","6180橘子","110/08/05","康和-仁愛",0,8,-8
"13411","2390云辰","110/08/05","日盛證券",100,0,100
"13412","2390云辰","110/08/05","摩根大通",45,525,-480
"13413","2390云辰","110/08/05","兆豐-岡山",63,0,63
"13414","2390云辰","110/08/05","統一-新台中",62,177,-115
"13415","2390云辰","110/08/05","凱基-基隆",65,10,55
"13416","2390云辰","110/08/05","富邦-中壢",0,81,-81
"13417","2390云辰","110/08/05","凱基-中壢",52,3,49
"13418","2390云辰","110/08/05","元大-大甲",3,73,-70
"13419","2390云辰","110/08/05","台新-左楠",30,0,30
"13420","2390云辰","110/08/05","元大-樹林",16,53,-37
"13421","2390云辰","110/08/05","富邦-台北",33,6,27
"13422","2390云辰","110/08/05","元富-大裕",17,46,-29
"13423","2390云辰","110/08/05","統一-中壢",27,1,26
"13424","2390云辰","110/08/05","凱基-台中",1,30,-29
"13425","2390云辰","110/08/05","元大-和平",47,22,25
"13426","2390云辰","110/08/05","大慶-蘆洲",2,30,-28
"13427","2390云辰","110/08/05","統一-士林",26,2,24
"13428","2390云辰","110/08/05","元大-大統",3,31,-28
"13429","2390云辰","110/08/05","富邦-新營",23,0,23
"13430","2390云辰","110/08/05","臺銀-金山",1,27,-26
"13431","2390云辰","110/08/05","元大-景美",22,1,21
"13432","2390云辰","110/08/05","國泰-台中",0,23,-23
"13433","2390云辰","110/08/05","合庫-嘉義",20,0,20
"13434","2390云辰","110/08/05","富邦-岡山",0,23,-23
"13435","2390云辰","110/08/05","台灣企銀-嘉義",20,0,20
"13436","2390云辰","110/08/05","元大-土城學府",24,47,-23
"13437","2390云辰","110/08/05","日盛-板橋",21,1,20
"13438","2390云辰","110/08/05","台新-台中",28,50,-22
"13439","2390云辰","110/08/05","凱基-竹科",28,8,20
"13440","2390云辰","110/08/05","群益金鼎-鳳山",0,21,-21
"13441","1471首利","110/08/04","玉山-桃園",51,0,51
"13442","1471首利","110/08/04","國票-九鼎",0,60,-60
"13443","1471首利","110/08/04","華南永昌-潮州",50,1,49
"13444","1471首利","110/08/04","日盛-士林",0,20,-20
"13445","1471首利","110/08/04","瑞士信貸",33,3,30
"13446","1471首利","110/08/04","元大-博愛",4,24,-20
"13447","1471首利","110/08/04","兆豐-板橋",20,0,20
"13448","1471首利","110/08/04","群益金鼎-台中",1,20,-19
"13449","1471首利","110/08/04","兆豐-台中港",30,13,17
"13450","1471首利","110/08/04","國泰-高雄",0,16,-16
"13451","1471首利","110/08/04","富邦-基隆",16,0,16
"13452","1471首利","110/08/04","元大-台南",1,17,-16
"13453","1471首利","110/08/04","美林",15,0,15
"13454","1471首利","110/08/04","國泰-敦南",18,32,-14
"13455","1471首利","110/08/04","永豐金-員林",12,0,12
"13456","1471首利","110/08/04","新光",21,33,-12
"13457","1471首利","110/08/04","第一金-台南",11,0,11
"13458","1471首利","110/08/04","凱基-土城",0,12,-12
"13459","1471首利","110/08/04","德信-中正",12,1,11
"13460","1471首利","110/08/04","合庫-高雄",0,10,-10
"13461","1471首利","110/08/04","合庫-台中",10,0,10
"13462","1471首利","110/08/04","元富-宜蘭",0,10,-10
"13463","1471首利","110/08/04","國泰-新莊",10,0,10
"13464","1471首利","110/08/04","國泰-板橋",0,10,-10
"13465","1471首利","110/08/04","富邦-桃園",10,0,10
"13466","1471首利","110/08/04","群益金鼎-鳳山",0,10,-10
"13467","1471首利","110/08/04","元大-苗栗",10,0,10
"13468","1471首利","110/08/04","元大-東泰",0,10,-10
"13469","1471首利","110/08/04","玉山-左營",10,1,9
"13470","1471首利","110/08/04","元大-林園",0,10,-10
"13471","2883開發金","110/08/04","國泰證券",3650,0,3650
"13472","2883開發金","110/08/04","康和-仁愛",3,1737,-1734
"13473","2883開發金","110/08/04","統一",2763,29,2734
"13474","2883開發金","110/08/04","新加坡商瑞銀",356,1472,-1116
"13475","2883開發金","110/08/04","凱基-台北",2041,429,1612
"13476","2883開發金","110/08/04","豐農",5,1025,-1020
"13477","2883開發金","110/08/04","元富-城東",1602,26,1576
"13478","2883開發金","110/08/04","富邦-建國",271,1004,-733
"13479","2883開發金","110/08/04","元富",1190,0,1190
"13480","2883開發金","110/08/04","元大-北成功",6,608,-602
"13481","2883開發金","110/08/04","美商高盛",1033,355,678
"13482","2883開發金","110/08/04","台灣摩根士丹利",573,1019,-446
"13483","2883開發金","110/08/04","康和",661,6,655
"13484","2883開發金","110/08/04","台新-中壢",2,431,-429
"13485","2883開發金","110/08/04","國票-長城",504,8,496
"13486","2883開發金","110/08/04","凱基-和平",1,400,-399
"13487","2883開發金","110/08/04","元大-大灣",734,304,430
"13488","2883開發金","110/08/04","元大-蘆洲",7,370,-363
"13489","2883開發金","110/08/04","永豐金-板橋",500,100,400
"13490","2883開發金","110/08/04","元大-民生",10,370,-360
"13491","2883開發金","110/08/04","永豐金-台南",389,11,378
"13492","2883開發金","110/08/04","中國信託-中壢",1,321,-320
"13493","2883開發金","110/08/04","日盛證券",608,255,353
"13494","2883開發金","110/08/04","港商法國興業",0,291,-291
"13495","2883開發金","110/08/04","花旗環球",343,0,343
"13496","2883開發金","110/08/04","日盛-北高雄",20,309,-289
"13497","2883開發金","110/08/04","瑞士信貸",462,121,341
"13498","2883開發金","110/08/04","日盛-花蓮",11,250,-239
"13499","2883開發金","110/08/04","凱基",320,0,320
"13500","2883開發金","110/08/04","群益金鼎-東湖",10,243,-233
"13501","6205詮欣","110/08/04","摩根大通",18,0,18
"13502","6205詮欣","110/08/04","永豐金-敦南",16,36,-20
"13503","6205詮欣","110/08/04","臺銀-民權",5,0,5
"13504","6205詮欣","110/08/04","瑞士信貸",6,10,-4
"13505","6205詮欣","110/08/04","凱基-台北",4,0,4
"13506","6205詮欣","110/08/04","致和-高雄",0,4,-4
"13507","6205詮欣","110/08/04","元富-潮州",3,0,3
"13508","6205詮欣","110/08/04","群益金鼎-台南",0,3,-3
"13509","6205詮欣","110/08/04","台中銀",3,0,3
"13510","6205詮欣","110/08/04","元大-路竹",0,3,-3
"13511","6205詮欣","110/08/04","華南永昌",3,0,3
"13512","6205詮欣","110/08/04","元大-北成功",0,3,-3
"13513","6205詮欣","110/08/04","美林",2,0,2
"13514","6205詮欣","110/08/04","凱基-東門",0,2,-2
"13515","6205詮欣","110/08/04","元富-新店",2,0,2
"13516","6205詮欣","110/08/04","凱基-基隆",0,2,-2
"13517","6205詮欣","110/08/04","元大-羅東",2,0,2
"13518","6205詮欣","110/08/04","凱基-大安",0,2,-2
"13519","6205詮欣","110/08/04","元大-館前",2,0,2
"13520","6205詮欣","110/08/04","元大-土城學府",0,2,-2
"13521","6205詮欣","110/08/04","元大-楊梅",2,0,2
"13522","6205詮欣","110/08/04","元大-民生",0,2,-2
"13523","6205詮欣","110/08/04","元大-信義",2,0,2
"13524","6205詮欣","110/08/04","日盛-八德",0,1,-1
"13525","6205詮欣","110/08/04","永豐金-埔里",2,0,2
"13526","6205詮欣","110/08/04","宏遠-高雄",0,1,-1
"13527","6205詮欣","110/08/04","日盛-板橋",1,0,1
"13528","6205詮欣","110/08/04","新加坡商瑞銀",0,1,-1
"13529","6205詮欣","110/08/04","日盛-木柵",1,0,1
"13530","6205詮欣","110/08/04","第一金-華江",0,1,-1
"13531","1540喬福","110/08/04","元富-中原",58,0,58
"13532","1540喬福","110/08/04","元大-大天母",0,60,-60
"13533","1540喬福","110/08/04","(牛牛牛)亞-鑫豐",26,0,26
"13534","1540喬福","110/08/04","統一-新台中",0,18,-18
"13535","1540喬福","110/08/04","國泰-敦南",10,0,10
"13536","1540喬福","110/08/04","群益金鼎-士林",0,7,-7
"13537","1540喬福","110/08/04","富邦-南屯",10,0,10
"13538","1540喬福","110/08/04","兆豐-北高雄",0,6,-6
"13539","1540喬福","110/08/04","兆豐-鹿港",3,0,3
"13540","1540喬福","110/08/04","凱基-市政",0,5,-5
"13541","1540喬福","110/08/04","元大-土城永寧",2,0,2
"13542","1540喬福","110/08/04","亞東-高雄",0,4,-4
"13543","1540喬福","110/08/04","第一金-桃園",1,0,1
"13544","1540喬福","110/08/04","永豐金-大園",0,4,-4
"13545","1540喬福","110/08/04","兆豐-高雄",1,0,1
"13546","1540喬福","110/08/04","永豐金-豐原",0,2,-2
"13547","1540喬福","110/08/04","元大-苑裡",1,0,1
"13548","1540喬福","110/08/04","兆豐-三重",0,1,-1
"13549","1540喬福","110/08/04","臺銀-鳳山",0,0,0
"13550","1540喬福","110/08/04","致和-南京",0,1,-1
"13551","1540喬福","110/08/04","大慶",0,0,0
"13552","1540喬福","110/08/04","國票-嘉義",0,1,-1
"13553","1540喬福","110/08/04","元富-信義",0,0,0
"13554","1540喬福","110/08/04","兆豐-嘉義",0,1,-1
"13555","1540喬福","110/08/04","德信-新營",1,1,0
"13556","1540喬福","110/08/04","華南永昌-林口",0,1,-1
"13557","1540喬福","110/08/04","國票-台中",1,1,0
"13558","1540喬福","110/08/04","華南永昌-潮州",0,1,-1
"13559","1540喬福","110/08/04","康和-板橋",0,0,0
"13560","1540喬福","110/08/04","國票-台中",1,1,0
"13561","2888新光金","110/08/04","港商麥格理",2490,0,2490
"13562","2888新光金","110/08/04","永豐金-苓雅",2,1543,-1541
"13563","2888新光金","110/08/04","凱基-八德",1000,1,999
"13564","2888新光金","110/08/04","美商高盛",196,1441,-1245
"13565","2888新光金","110/08/04","新光",1122,247,875
"13566","2888新光金","110/08/04","台灣摩根士丹利",724,1776,-1052
"13567","2888新光金","110/08/04","國票-桃園",1200,402,798
"13568","2888新光金","110/08/04","摩根大通",616,1665,-1049
"13569","2888新光金","110/08/04","華南永昌-南京",759,36,723
"13570","2888新光金","110/08/04","康和-台中",0,680,-680
"13571","2888新光金","110/08/04","港商法國興業",568,0,568
"13572","2888新光金","110/08/04","群益金鼎-高雄",0,533,-533
"13573","2888新光金","110/08/04","花旗環球",559,0,559
"13574","2888新光金","110/08/04","亞東",34,531,-497
"13575","2888新光金","110/08/04","法銀巴黎",801,242,559
"13576","2888新光金","110/08/04","群益金鼎-土城",25,464,-439
"13577","2888新光金","110/08/04","凱基-台北",889,355,534
"13578","2888新光金","110/08/04","國票-北高雄",2,425,-423
"13579","2888新光金","110/08/04","統一-松江",500,0,500
"13580","2888新光金","110/08/04","凱基-台南",0,400,-400
"13581","2888新光金","110/08/04","華南永昌-長虹",345,0,345
"13582","2888新光金","110/08/04","新加坡商瑞銀",128,486,-358
"13583","2888新光金","110/08/04","美林",884,551,333
"13584","2888新光金","110/08/04","統一-屏東",0,344,-344
"13585","2888新光金","110/08/04","群益金鼎-中壢",301,3,298
"13586","2888新光金","110/08/04","統一-宜蘭",8,326,-318
"13587","2888新光金","110/08/04","群益金鼎",278,0,278
"13588","2888新光金","110/08/04","群益金鼎-萬華",0,284,-284
"13589","2888新光金","110/08/04","元大-北投",249,5,244
"13590","2888新光金","110/08/04","富邦-仁愛",10,276,-266
"13591","1340勝悅","110/08/04","第一金-新竹",10,0,10
"13592","1340勝悅","110/08/04","中國信託",0,23,-23
"13593","1340勝悅","110/08/04","凱基-虎尾",8,0,8
"13594","1340勝悅","110/08/04","永豐金-潮州",0,19,-19
"13595","1340勝悅","110/08/04","凱基-台中",6,0,6
"13596","1340勝悅","110/08/04","元富-花蓮",0,10,-10
"13597","1340勝悅","110/08/04","臺灣企銀-埔墘",5,0,5
"13598","1340勝悅","110/08/04","中國信託-永康",0,10,-10
"13599","1340勝悅","110/08/04","第一金",5,0,5
"13600","1340勝悅","110/08/04","第一金-中壢",0,7,-7
"13601","1340勝悅","110/08/04","凱基-八德",5,0,5
"13602","1340勝悅","110/08/04","高橋-中壢",0,5,-5
"13603","1340勝悅","110/08/04","永豐金-博愛",5,0,5
"13604","1340勝悅","110/08/04","富邦-新店",0,5,-5
"13605","1340勝悅","110/08/04","摩根大通",6,2,4
"13606","1340勝悅","110/08/04","台新-高雄",0,4,-4
"13607","1340勝悅","110/08/04","凱基-三重",4,0,4
"13608","1340勝悅","110/08/04","新光",0,4,-4
"13609","1340勝悅","110/08/04","統一-城中",7,4,3
"13610","1340勝悅","110/08/04","兆豐-松德",0,2,-2
"13611","1340勝悅","110/08/04","群益金鼎-館前",3,0,3
"13612","1340勝悅","110/08/04","凱基-嘉義",0,2,-2
"13613","1340勝悅","110/08/04","元大-南京",3,0,3
"13614","1340勝悅","110/08/04","富邦-宜蘭",0,2,-2
"13615","1340勝悅","110/08/04","瑞士信貸",2,0,2
"13616","1340勝悅","110/08/04","永豐金-永康",0,2,-2
"13617","1340勝悅","110/08/04","大慶-富順",2,0,2
"13618","1340勝悅","110/08/04","永豐金-嘉義",0,2,-2
"13619","1340勝悅","110/08/04","國泰-高雄",2,0,2
"13620","1340勝悅","110/08/04","玉山證券",0,1,-1
"13621","6246臺龍","110/08/04","統一",347,0,347
"13622","6246臺龍","110/08/04","大慶-富順",0,168,-168
"13623","6246臺龍","110/08/04","元大-西螺",30,0,30
"13624","6246臺龍","110/08/04","元大-善化",1,91,-90
"13625","6246臺龍","110/08/04","華南永昌-嘉義",26,0,26
"13626","6246臺龍","110/08/04","新光-高雄",2,75,-73
"13627","6246臺龍","110/08/04","中國信託-永康",31,9,22
"13628","6246臺龍","110/08/04","元大-永春",1,40,-39
"13629","6246臺龍","110/08/04","元大-西屯",25,4,21
"13630","6246臺龍","110/08/04","元大-基隆孝二",1,35,-34
"13631","6246臺龍","110/08/04","凱基-竹科",23,3,20
"13632","6246臺龍","110/08/04","凱基-復興",10,43,-33
"13633","6246臺龍","110/08/04","凱基-大直",19,0,19
"13634","6246臺龍","110/08/04","國泰-台中",3,34,-31
"13635","6246臺龍","110/08/04","第一金-台南",18,0,18
"13636","6246臺龍","110/08/04","統一-屏東",0,26,-26
"13637","6246臺龍","110/08/04","萬泰",15,0,15
"13638","6246臺龍","110/08/04","台灣企銀-台南",1,25,-24
"13639","6246臺龍","110/08/04","華南永昌-台中",15,0,15
"13640","6246臺龍","110/08/04","宏遠-民生",0,22,-22
"13641","6246臺龍","110/08/04","凱基-板橋",13,0,13
"13642","6246臺龍","110/08/04","兆豐-來福",0,20,-20
"13643","6246臺龍","110/08/04","宏遠-高雄",12,0,12
"13644","6246臺龍","110/08/04","永豐金-市政",0,17,-17
"13645","6246臺龍","110/08/04","新光-台中",11,0,11
"13646","6246臺龍","110/08/04","台新-台中",5,21,-16
"13647","6246臺龍","110/08/04","玉山證券",13,2,11
"13648","6246臺龍","110/08/04","華南永昌-彰化",1,16,-15
"13649","6246臺龍","110/08/04","永豐金-高雄",12,1,11
"13650","6246臺龍","110/08/04","元大-博愛",13,28,-15
"13651","00715L期街口布蘭特正2","110/08/04","宏遠-高雄",1056,0,1056
"13652","00715L期街口布蘭特正2","110/08/04","元大證券",1348,7345,-5997
"13653","00715L期街口布蘭特正2","110/08/04","凱基-豐中",576,0,576
"13654","00715L期街口布蘭特正2","110/08/04","凱基-台北",37,5749,-5712
"13655","00715L期街口布蘭特正2","110/08/04","富邦-基隆",467,0,467
"13656","00715L期街口布蘭特正2","110/08/04","富邦證券",253,2075,-1822
"13657","00715L期街口布蘭特正2","110/08/04","國泰-板橋",470,30,440
"13658","00715L期街口布蘭特正2","110/08/04","第一金-頭份",11,400,-389
"13659","00715L期街口布蘭特正2","110/08/04","統一-高雄",358,3,355
"13660","00715L期街口布蘭特正2","110/08/04","富邦-永和",4,376,-372
"13661","00715L期街口布蘭特正2","110/08/04","中國信託-永康",219,1,218
"13662","00715L期街口布蘭特正2","110/08/04","永豐金-新店",0,370,-370
"13663","00715L期街口布蘭特正2","110/08/04","元大-中和",217,0,217
"13664","00715L期街口布蘭特正2","110/08/04","元富",53,412,-359
"13665","00715L期街口布蘭特正2","110/08/04","日盛-花蓮",201,1,200
"13666","00715L期街口布蘭特正2","110/08/04","臺銀-民權",15,366,-351
"13667","00715L期街口布蘭特正2","110/08/04","元大-中壢",201,12,189
"13668","00715L期街口布蘭特正2","110/08/04","兆豐-新莊",0,300,-300
"13669","00715L期街口布蘭特正2","110/08/04","宏遠-桃園",190,2,188
"13670","00715L期街口布蘭特正2","110/08/04","大昌-新店",17,300,-283
"13671","00715L期街口布蘭特正2","110/08/04","玉山-大里",182,0,182
"13672","00715L期街口布蘭特正2","110/08/04","元大-西螺",87,303,-216
"13673","00715L期街口布蘭特正2","110/08/04","新光",258,80,178
"13674","00715L期街口布蘭特正2","110/08/04","華南永昌-高雄",7,206,-199
"13675","00715L期街口布蘭特正2","110/08/04","元大-花蓮",178,0,178
"13676","00715L期街口布蘭特正2","110/08/04","國票-台中",8,200,-192
"13677","00715L期街口布蘭特正2","110/08/04","新光-台中",242,68,174
"13678","00715L期街口布蘭特正2","110/08/04","群益金鼎-鳳山",12,174,-162
"13679","00715L期街口布蘭特正2","110/08/04","(牛牛牛)亞-網路",166,0,166
"13680","00715L期街口布蘭特正2","110/08/04","國泰-台南",8,150,-142
"13681","8941關中","110/08/04","宏遠-館前",3,0,3
"13682","8941關中","110/08/04","元大-基隆",0,3,-3
"13683","8941關中","110/08/04","日盛-和美",1,0,1
"13684","8941關中","110/08/04","富邦-員林",0,2,-2
"13685","8941關中","110/08/04","元大-華山",1,0,1
"13686","8941關中","110/08/04","新光-高雄",0,0,0
"13687","8941關中","110/08/04","新光-高雄",0,0,0
"13688","8941關中","110/08/04","國泰-高雄",0,0,0
"13689","8941關中","110/08/04","國泰-高雄",0,0,0
"13690","8941關中","110/08/04","富邦-建國",0,0,0
"13691","8941關中","110/08/04","富邦-建國",0,0,0
"13692","8941關中","110/08/04","元大-西屯",0,0,0
"13693","8941關中","110/08/04","元大-西屯",0,0,0
"13694","8941關中","110/08/04","元大-花蓮",0,0,0
"13695","8941關中","110/08/04","元大-花蓮",0,0,0
"13696","8941關中","110/08/04","永豐金-萬盛",0,0,0
"13697","8941關中","110/08/04","永豐金-萬盛",0,0,0
"13698","8941關中","110/08/04","",NA,NA,NA
"13699","8941關中","110/08/04","",NA,NA,NA
"13700","8941關中","110/08/04","",NA,NA,NA
"13701","8941關中","110/08/04","",NA,NA,NA
"13702","8941關中","110/08/04","",NA,NA,NA
"13703","8941關中","110/08/04","",NA,NA,NA
"13704","8941關中","110/08/04","",NA,NA,NA
"13705","8941關中","110/08/04","",NA,NA,NA
"13706","8941關中","110/08/04","",NA,NA,NA
"13707","8941關中","110/08/04","",NA,NA,NA
"13708","8941關中","110/08/04","",NA,NA,NA
"13709","8941關中","110/08/04","",NA,NA,NA
"13710","8941關中","110/08/04","",NA,NA,NA
"13711","8936國統","110/08/04","第一金-光復",120,0,120
"13712","8936國統","110/08/04","兆豐-彰化",0,61,-61
"13713","8936國統","110/08/04","美林",99,3,96
"13714","8936國統","110/08/04","凱基-台北",4,56,-52
"13715","8936國統","110/08/04","華南永昌-楠梓",70,5,65
"13716","8936國統","110/08/04","凱基-內埔",0,50,-50
"13717","8936國統","110/08/04","永豐金-高雄",62,0,62
"13718","8936國統","110/08/04","台灣摩根士丹利",0,42,-42
"13719","8936國統","110/08/04","國票-台南",60,0,60
"13720","8936國統","110/08/04","永豐金-苓雅",1,40,-39
"13721","8936國統","110/08/04","永豐金-台中",30,0,30
"13722","8936國統","110/08/04","群益金鼎-內湖",0,30,-30
"13723","8936國統","110/08/04","第一金-豐原",20,0,20
"13724","8936國統","110/08/04","國票-北高雄",0,20,-20
"13725","8936國統","110/08/04","玉山-高雄",13,0,13
"13726","8936國統","110/08/04","宏遠-館前",0,19,-19
"13727","8936國統","110/08/04","元大-莒光",11,0,11
"13728","8936國統","110/08/04","美商高盛",3,22,-19
"13729","8936國統","110/08/04","亞東-高雄",10,0,10
"13730","8936國統","110/08/04","元大-大里德芳",4,21,-17
"13731","8936國統","110/08/04","第一金-路竹",10,0,10
"13732","8936國統","110/08/04","第一金-高雄",0,14,-14
"13733","8936國統","110/08/04","新光-台中",8,1,7
"13734","8936國統","110/08/04","日盛-竹北",0,12,-12
"13735","8936國統","110/08/04","統一-三多",5,0,5
"13736","8936國統","110/08/04","亞東",0,12,-12
"13737","8936國統","110/08/04","國票-內壢",5,0,5
"13738","8936國統","110/08/04","摩根大通",32,44,-12
"13739","8936國統","110/08/04","新光",10,5,5
"13740","8936國統","110/08/04","第一金-嘉義",0,10,-10
"13741","6226光鼎","110/08/04","富邦-嘉義",1247,573,674
"13742","6226光鼎","110/08/04","國泰-敦南",89,234,-145
"13743","6226光鼎","110/08/04","永豐金-桃盛",205,0,205
"13744","6226光鼎","110/08/04","日盛-嘉義",0,131,-131
"13745","6226光鼎","110/08/04","台新-左楠",120,1,119
"13746","6226光鼎","110/08/04","群益金鼎-東大",35,150,-115
"13747","6226光鼎","110/08/04","群益金鼎-敦南",127,8,119
"13748","6226光鼎","110/08/04","台中銀-員林",0,101,-101
"13749","6226光鼎","110/08/04","台灣摩根士丹利",135,55,80
"13750","6226光鼎","110/08/04","玉山-雙和",2,97,-95
"13751","6226光鼎","110/08/04","華南永昌-南京",89,14,75
"13752","6226光鼎","110/08/04","台新證券",76,167,-91
"13753","6226光鼎","110/08/04","台新-台中",101,32,69
"13754","6226光鼎","110/08/04","華南永昌-頭份",7,86,-79
"13755","6226光鼎","110/08/04","宏遠-台中",60,3,57
"13756","6226光鼎","110/08/04","高橋",0,70,-70
"13757","6226光鼎","110/08/04","大昌",79,26,53
"13758","6226光鼎","110/08/04","國泰-館前",18,62,-44
"13759","6226光鼎","110/08/04","台新-新莊",54,2,52
"13760","6226光鼎","110/08/04","凱基-永和",0,43,-43
"13761","6226光鼎","110/08/04","群益金鼎-三民",51,3,48
"13762","6226光鼎","110/08/04","日盛-景美",0,38,-38
"13763","6226光鼎","110/08/04","中國信託-永康",62,18,44
"13764","6226光鼎","110/08/04","華南永昌-高雄",9,47,-38
"13765","6226光鼎","110/08/04","國票-台中",45,2,43
"13766","6226光鼎","110/08/04","元大-太平",6,44,-38
"13767","6226光鼎","110/08/04","統一-士林",44,4,40
"13768","6226光鼎","110/08/04","元大-北投",0,37,-37
"13769","6226光鼎","110/08/04","統一-仁愛",51,14,37
"13770","6226光鼎","110/08/04","元大-板橋",0,37,-37
"13771","2363矽統","110/08/04","富邦-中壢",628,138,490
"13772","2363矽統","110/08/04","新加坡商瑞銀",986,2541,-1555
"13773","2363矽統","110/08/04","凱基-台北",7207,6730,477
"13774","2363矽統","110/08/04","台灣摩根士丹利",158,1373,-1215
"13775","2363矽統","110/08/04","元大-承德",449,81,368
"13776","2363矽統","110/08/04","摩根大通",2506,3701,-1195
"13777","2363矽統","110/08/04","群益金鼎-高雄",438,99,339
"13778","2363矽統","110/08/04","日盛-文化",121,1226,-1105
"13779","2363矽統","110/08/04","元富-嘉義",383,57,326
"13780","2363矽統","110/08/04","美林",2013,2637,-624
"13781","2363矽統","110/08/04","元大-旗山",446,147,299
"13782","2363矽統","110/08/04","凱基-新莊",44,445,-401
"13783","2363矽統","110/08/04","大慶-台中",304,14,290
"13784","2363矽統","110/08/04","台新-松江",60,449,-389
"13785","2363矽統","110/08/04","國票-博愛",425,150,275
"13786","2363矽統","110/08/04","統一-士林",649,1031,-382
"13787","2363矽統","110/08/04","台新-台南",494,230,264
"13788","2363矽統","110/08/04","新光",1494,1876,-382
"13789","2363矽統","110/08/04","群益金鼎-內湖",393,135,258
"13790","2363矽統","110/08/04","華南永昌",691,1068,-377
"13791","2363矽統","110/08/04","群益金鼎-桃園",295,68,227
"13792","2363矽統","110/08/04","富邦-彰化",122,486,-364
"13793","2363矽統","110/08/04","永豐金-羅東",397,182,215
"13794","2363矽統","110/08/04","凱基-永和",198,478,-280
"13795","2363矽統","110/08/04","元大-永春",347,142,205
"13796","2363矽統","110/08/04","富邦-嘉義",1358,1619,-261
"13797","2363矽統","110/08/04","台新-屏東",466,275,191
"13798","2363矽統","110/08/04","元大-前金",175,419,-244
"13799","2363矽統","110/08/04","元大-萬華",286,96,190
"13800","2363矽統","110/08/04","凱基-大直",681,912,-231
"13801","8112至上","110/08/04","台灣匯立證券",138,0,138
"13802","8112至上","110/08/04","日盛-高雄",1,355,-354
"13803","8112至上","110/08/04","元富-新興",94,8,86
"13804","8112至上","110/08/04","玉山-士林",0,150,-150
"13805","8112至上","110/08/04","合庫-西台中",55,7,48
"13806","8112至上","110/08/04","台灣摩根士丹利",20,143,-123
"13807","8112至上","110/08/04","摩根大通",145,97,48
"13808","8112至上","110/08/04","元富-大昌",0,120,-120
"13809","8112至上","110/08/04","台新證券",48,1,47
"13810","8112至上","110/08/04","華南永昌-林口",1,90,-89
"13811","8112至上","110/08/04","第一金-高雄",40,0,40
"13812","8112至上","110/08/04","元大-北屯",1,70,-69
"13813","8112至上","110/08/04","群益金鼎-大安",40,0,40
"13814","8112至上","110/08/04","凱基-台北",140,206,-66
"13815","8112至上","110/08/04","日盛-新竹",60,26,34
"13816","8112至上","110/08/04","新加坡商瑞銀",16,68,-52
"13817","8112至上","110/08/04","美林",69,38,31
"13818","8112至上","110/08/04","第一金-自由",0,50,-50
"13819","8112至上","110/08/04","凱基-虎尾",30,0,30
"13820","8112至上","110/08/04","康和-內湖",0,34,-34
"13821","8112至上","110/08/04","永豐金-台南",32,2,30
"13822","8112至上","110/08/04","聯邦商銀",0,34,-34
"13823","8112至上","110/08/04","港商野村",30,1,29
"13824","8112至上","110/08/04","臺銀-鳳山",0,28,-28
"13825","8112至上","110/08/04","國泰-館前",29,5,24
"13826","8112至上","110/08/04","兆豐-公益",0,28,-28
"13827","8112至上","110/08/04","元富-佳里",21,0,21
"13828","8112至上","110/08/04","元大-崇德",0,21,-21
"13829","8112至上","110/08/04","日進",20,0,20
"13830","8112至上","110/08/04","元大-土城永寧",0,20,-20
"13831","1570力肯","110/08/04","摩根大通",330,27,303
"13832","1570力肯","110/08/04","元大-板橋",0,86,-86
"13833","1570力肯","110/08/04","統一",224,0,224
"13834","1570力肯","110/08/04","群益金鼎-忠孝",0,80,-80
"13835","1570力肯","110/08/04","富邦-台中",84,1,83
"13836","1570力肯","110/08/04","元富-緯城",0,51,-51
"13837","1570力肯","110/08/04","統一-土城",287,222,65
"13838","1570力肯","110/08/04","國票-和平",0,51,-51
"13839","1570力肯","110/08/04","群益金鼎-中壢",60,0,60
"13840","1570力肯","110/08/04","日盛-二林",0,43,-43
"13841","1570力肯","110/08/04","富邦-高雄",69,10,59
"13842","1570力肯","110/08/04","國泰-板橋",0,43,-43
"13843","1570力肯","110/08/04","統一-屏東",61,4,57
"13844","1570力肯","110/08/04","元大-新莊",1,44,-43
"13845","1570力肯","110/08/04","凱基-岡山",53,1,52
"13846","1570力肯","110/08/04","凱基-嘉義",0,42,-42
"13847","1570力肯","110/08/04","新光-台中",43,12,31
"13848","1570力肯","110/08/04","華南永昌-鳳山",2,42,-40
"13849","1570力肯","110/08/04","台中銀-員林",30,1,29
"13850","1570力肯","110/08/04","凱基-三峽",0,37,-37
"13851","1570力肯","110/08/04","元富-三重",37,12,25
"13852","1570力肯","110/08/04","國票-中正",0,36,-36
"13853","1570力肯","110/08/04","統一-新台中",30,6,24
"13854","1570力肯","110/08/04","高橋",0,30,-30
"13855","1570力肯","110/08/04","致和-府前",25,1,24
"13856","1570力肯","110/08/04","日盛-高雄",0,29,-29
"13857","1570力肯","110/08/04","凱基-中港",22,0,22
"13858","1570力肯","110/08/04","(牛牛牛)亞-鑫豐",6,29,-23
"13859","1570力肯","110/08/04","宏遠證券",20,0,20
"13860","1570力肯","110/08/04","元富-松德",1,22,-21
"13861","2929淘帝","110/08/04","兆豐-忠孝",23,0,23
"13862","2929淘帝","110/08/04","美林",12,107,-95
"13863","2929淘帝","110/08/04","華南永昌-長虹",21,0,21
"13864","2929淘帝","110/08/04","兆豐-新莊",0,94,-94
"13865","2929淘帝","110/08/04","兆豐-桃園",20,0,20
"13866","2929淘帝","110/08/04","富邦-北港",0,30,-30
"13867","2929淘帝","110/08/04","新加坡商瑞銀",34,18,16
"13868","2929淘帝","110/08/04","永興-水湳",0,20,-20
"13869","2929淘帝","110/08/04","凱基-林口",15,0,15
"13870","2929淘帝","110/08/04","兆豐-復興",0,20,-20
"13871","2929淘帝","110/08/04","富邦-竹東",17,5,12
"13872","2929淘帝","110/08/04","國泰-高雄",1,15,-14
"13873","2929淘帝","110/08/04","台新-建北",11,0,11
"13874","2929淘帝","110/08/04","元大-上新莊",0,14,-14
"13875","2929淘帝","110/08/04","凱基-豐中",11,0,11
"13876","2929淘帝","110/08/04","凱基-敦北",0,11,-11
"13877","2929淘帝","110/08/04","統一-汐止",10,0,10
"13878","2929淘帝","110/08/04","臺銀-金山",0,10,-10
"13879","2929淘帝","110/08/04","新百王",10,0,10
"13880","2929淘帝","110/08/04","日盛-斗六",0,10,-10
"13881","2929淘帝","110/08/04","凱基-台北",16,6,10
"13882","2929淘帝","110/08/04","港商野村",16,26,-10
"13883","2929淘帝","110/08/04","華南永昌-苗栗",10,0,10
"13884","2929淘帝","110/08/04","第一金-自由",0,10,-10
"13885","2929淘帝","110/08/04","富邦-板橋",10,0,10
"13886","2929淘帝","110/08/04","玉山-台南",0,10,-10
"13887","2929淘帝","110/08/04","元大-路竹",10,0,10
"13888","2929淘帝","110/08/04","凱基-五股",0,10,-10
"13889","2929淘帝","110/08/04","元大-東蘆",10,0,10
"13890","2929淘帝","110/08/04","華南永昌-楠梓",0,10,-10
"13891","5410國眾","110/08/04","永豐金-內湖",100,1,99
"13892","5410國眾","110/08/04","群益金鼎-內湖",0,46,-46
"13893","5410國眾","110/08/04","永豐金-板新",36,0,36
"13894","5410國眾","110/08/04","新光",2,36,-34
"13895","5410國眾","110/08/04","兆豐-城中",27,0,27
"13896","5410國眾","110/08/04","元富-嘉義",0,20,-20
"13897","5410國眾","110/08/04","凱基-竹北",10,0,10
"13898","5410國眾","110/08/04","元大-博愛",0,20,-20
"13899","5410國眾","110/08/04","新光-高雄",9,0,9
"13900","5410國眾","110/08/04","永豐金-彰化",0,20,-20
"13901","5410國眾","110/08/04","兆豐-北高雄",8,0,8
"13902","5410國眾","110/08/04","元大-斗信",0,11,-11
"13903","5410國眾","110/08/04","元富-三重",9,3,6
"13904","5410國眾","110/08/04","統一-平鎮",0,10,-10
"13905","5410國眾","110/08/04","台新證券",7,1,6
"13906","5410國眾","110/08/04","元大-台北",0,10,-10
"13907","5410國眾","110/08/04","元大-中壢",10,4,6
"13908","5410國眾","110/08/04","元大-大灣",0,10,-10
"13909","5410國眾","110/08/04","北城證券",5,0,5
"13910","5410國眾","110/08/04","元大-前金",0,9,-9
"13911","5410國眾","110/08/04","國票-和平",5,0,5
"13912","5410國眾","110/08/04","致和證券",0,8,-8
"13913","5410國眾","110/08/04","元大-新盛",5,0,5
"13914","5410國眾","110/08/04","元大-崇德",0,7,-7
"13915","5410國眾","110/08/04","永豐金-中盛",5,0,5
"13916","5410國眾","110/08/04","臺銀-鳳山",0,6,-6
"13917","5410國眾","110/08/04","永豐金-桃園",5,0,5
"13918","5410國眾","110/08/04","玉山-左營",0,6,-6
"13919","5410國眾","110/08/04","凱基-台北",7,3,4
"13920","5410國眾","110/08/04","富邦-台中",0,6,-6
"13921","2841台開","110/08/04","永豐金-敦南",1166,0,1166
"13922","2841台開","110/08/04","統一-三重",0,943,-943
"13923","2841台開","110/08/04","永豐金-鳳山",206,50,156
"13924","2841台開","110/08/04","群益金鼎-東大",0,250,-250
"13925","2841台開","110/08/04","凱基-文心",136,0,136
"13926","2841台開","110/08/04","元富-城東",5,250,-245
"13927","2841台開","110/08/04","國泰-敦南",135,7,128
"13928","2841台開","110/08/04","元大-大灣",16,200,-184
"13929","2841台開","110/08/04","新光",109,4,105
"13930","2841台開","110/08/04","元大-新店中正",0,128,-128
"13931","2841台開","110/08/04","日盛-信義",102,0,102
"13932","2841台開","110/08/04","兆豐-麻豆",0,120,-120
"13933","2841台開","110/08/04","兆豐-東門",100,0,100
"13934","2841台開","110/08/04","土銀",0,100,-100
"13935","2841台開","110/08/04","台新-三民",100,0,100
"13936","2841台開","110/08/04","臺銀",0,100,-100
"13937","2841台開","110/08/04","群益金鼎-海山",100,0,100
"13938","2841台開","110/08/04","富邦-新店",4,90,-86
"13939","2841台開","110/08/04","國泰-板橋",106,13,93
"13940","2841台開","110/08/04","合庫-台中",23,104,-81
"13941","2841台開","110/08/04","永豐金-彰化",100,10,90
"13942","2841台開","110/08/04","統一-高雄",0,77,-77
"13943","2841台開","110/08/04","永豐金-萬盛",101,16,85
"13944","2841台開","110/08/04","群益金鼎-屏東",0,75,-75
"13945","2841台開","110/08/04","國票-天祥",80,0,80
"13946","2841台開","110/08/04","中國信託-高雄",2,70,-68
"13947","2841台開","110/08/04","群益金鼎-崇德",84,5,79
"13948","2841台開","110/08/04","凱基-三峽",0,61,-61
"13949","2841台開","110/08/04","群益金鼎-館前",82,3,79
"13950","2841台開","110/08/04","統一-彰化",0,60,-60
"13951","6207雷科","110/08/04","凱基-羅東",80,1,79
"13952","6207雷科","110/08/04","凱基-板橋",1,213,-212
"13953","6207雷科","110/08/04","元大-鳳山",76,2,74
"13954","6207雷科","110/08/04","摩根大通",105,209,-104
"13955","6207雷科","110/08/04","凱基-台南",37,1,36
"13956","6207雷科","110/08/04","凱基-台北",22,122,-100
"13957","6207雷科","110/08/04","富邦-竹東",35,0,35
"13958","6207雷科","110/08/04","華南永昌",12,100,-88
"13959","6207雷科","110/08/04","群益金鼎-東門",31,4,27
"13960","6207雷科","110/08/04","統一-高雄",3,74,-71
"13961","6207雷科","110/08/04","新光-高雄",30,4,26
"13962","6207雷科","110/08/04","群益金鼎-大興",0,70,-70
"13963","6207雷科","110/08/04","大慶-蘆洲",21,0,21
"13964","6207雷科","110/08/04","日盛-忠孝",0,62,-62
"13965","6207雷科","110/08/04","瑞士信貸",20,0,20
"13966","6207雷科","110/08/04","富邦-台中",0,50,-50
"13967","6207雷科","110/08/04","元大-羅東",20,0,20
"13968","6207雷科","110/08/04","永豐金-內湖",0,50,-50
"13969","6207雷科","110/08/04","群益金鼎-南京",20,2,18
"13970","6207雷科","110/08/04","美林",3,47,-44
"13971","6207雷科","110/08/04","元大-汐止",16,0,16
"13972","6207雷科","110/08/04","元富-大昌",0,40,-40
"13973","6207雷科","110/08/04","兆豐-來福",15,0,15
"13974","6207雷科","110/08/04","兆豐-景美",2,40,-38
"13975","6207雷科","110/08/04","國泰-敦南",21,6,15
"13976","6207雷科","110/08/04","新加坡商瑞銀",12,49,-37
"13977","6207雷科","110/08/04","永豐金-台中",15,0,15
"13978","6207雷科","110/08/04","群益金鼎-古亭",2,24,-22
"13979","6207雷科","110/08/04","元大-沙鹿",14,0,14
"13980","6207雷科","110/08/04","華南永昌-虎尾",0,21,-21
"13981","3679新至陞","110/08/04","凱基-台北",27,0,27
"13982","3679新至陞","110/08/04","香港上海匯豐",0,12,-12
"13983","3679新至陞","110/08/04","港商法國興業",20,0,20
"13984","3679新至陞","110/08/04","台灣摩根士丹利",0,10,-10
"13985","3679新至陞","110/08/04","新加坡商瑞銀",13,0,13
"13986","3679新至陞","110/08/04","港商野村",0,8,-8
"13987","3679新至陞","110/08/04","(牛牛牛)亞-網路",11,0,11
"13988","3679新至陞","110/08/04","玉山證券",2,9,-7
"13989","3679新至陞","110/08/04","摩根大通",9,4,5
"13990","3679新至陞","110/08/04","富邦-陽明",0,6,-6
"13991","3679新至陞","110/08/04","國泰-敦南",6,2,4
"13992","3679新至陞","110/08/04","統一",0,5,-5
"13993","3679新至陞","110/08/04","土銀-和平",3,0,3
"13994","3679新至陞","110/08/04","華南永昌-淡水",0,5,-5
"13995","3679新至陞","110/08/04","台中銀-員林",3,0,3
"13996","3679新至陞","110/08/04","元大-成功",0,5,-5
"13997","3679新至陞","110/08/04","元大-永春",3,0,3
"13998","3679新至陞","110/08/04","群益金鼎-內湖",0,4,-4
"13999","3679新至陞","110/08/04","國票-台東",2,0,2
"14000","3679新至陞","110/08/04","國泰-館前",0,3,-3
"14001","3679新至陞","110/08/04","富邦-新店",2,0,2
"14002","3679新至陞","110/08/04","凱基-板橋",0,3,-3
"14003","3679新至陞","110/08/04","富邦-三重",2,0,2
"14004","3679新至陞","110/08/04","凱基-三峽",0,3,-3
"14005","3679新至陞","110/08/04","元大-板橋三民",2,0,2
"14006","3679新至陞","110/08/04","凱基-中山",0,3,-3
"14007","3679新至陞","110/08/04","永豐金-敦南",2,0,2
"14008","3679新至陞","110/08/04","元大-承德",1,4,-3
"14009","3679新至陞","110/08/04","大昌-新店",1,0,1
"14010","3679新至陞","110/08/04","元大-大同",0,3,-3
"14011","2727王品","110/08/04","元富",46,0,46
"14012","2727王品","110/08/04","台灣摩根士丹利",20,277,-257
"14013","2727王品","110/08/04","台新證券",36,7,29
"14014","2727王品","110/08/04","群益金鼎-三民",2,104,-102
"14015","2727王品","110/08/04","國泰-敦南",42,13,29
"14016","2727王品","110/08/04","第一金",1,102,-101
"14017","2727王品","110/08/04","國泰-台中",19,2,17
"14018","2727王品","110/08/04","元大-東蘆",1,45,-44
"14019","2727王品","110/08/04","華南永昌-虎尾",13,0,13
"14020","2727王品","110/08/04","新光-台中",10,43,-33
"14021","2727王品","110/08/04","凱基-五股",11,0,11
"14022","2727王品","110/08/04","新光-桃園",9,42,-33
"14023","2727王品","110/08/04","國泰-館前",16,6,10
"14024","2727王品","110/08/04","凱基-興隆",1,21,-20
"14025","2727王品","110/08/04","凱基-基隆",10,0,10
"14026","2727王品","110/08/04","元大-龍潭",6,23,-17
"14027","2727王品","110/08/04","凱基-南崁",10,0,10
"14028","2727王品","110/08/04","日盛-士林",0,15,-15
"14029","2727王品","110/08/04","富邦-台北",12,2,10
"14030","2727王品","110/08/04","凱基-天母",0,15,-15
"14031","2727王品","110/08/04","新光",34,25,9
"14032","2727王品","110/08/04","日盛-台中",4,15,-11
"14033","2727王品","110/08/04","玉山證券",12,3,9
"14034","2727王品","110/08/04","永豐金-信義",1,12,-11
"14035","2727王品","110/08/04","國泰-高雄",10,2,8
"14036","2727王品","110/08/04","新加坡商瑞銀",2,12,-10
"14037","2727王品","110/08/04","群益金鼎-宜蘭",8,0,8
"14038","2727王品","110/08/04","元大-豐原",0,10,-10
"14039","2727王品","110/08/04","國泰-台南",7,0,7
"14040","2727王品","110/08/04","元大-樹林",1,11,-10
"14041","1570力肯","110/08/04","摩根大通",330,27,303
"14042","1570力肯","110/08/04","元大-板橋",0,86,-86
"14043","1570力肯","110/08/04","統一",224,0,224
"14044","1570力肯","110/08/04","群益金鼎-忠孝",0,80,-80
"14045","1570力肯","110/08/04","富邦-台中",84,1,83
"14046","1570力肯","110/08/04","元富-緯城",0,51,-51
"14047","1570力肯","110/08/04","統一-土城",287,222,65
"14048","1570力肯","110/08/04","國票-和平",0,51,-51
"14049","1570力肯","110/08/04","群益金鼎-中壢",60,0,60
"14050","1570力肯","110/08/04","日盛-二林",0,43,-43
"14051","1570力肯","110/08/04","富邦-高雄",69,10,59
"14052","1570力肯","110/08/04","國泰-板橋",0,43,-43
"14053","1570力肯","110/08/04","統一-屏東",61,4,57
"14054","1570力肯","110/08/04","元大-新莊",1,44,-43
"14055","1570力肯","110/08/04","凱基-岡山",53,1,52
"14056","1570力肯","110/08/04","凱基-嘉義",0,42,-42
"14057","1570力肯","110/08/04","新光-台中",43,12,31
"14058","1570力肯","110/08/04","華南永昌-鳳山",2,42,-40
"14059","1570力肯","110/08/04","台中銀-員林",30,1,29
"14060","1570力肯","110/08/04","凱基-三峽",0,37,-37
"14061","1570力肯","110/08/04","元富-三重",37,12,25
"14062","1570力肯","110/08/04","國票-中正",0,36,-36
"14063","1570力肯","110/08/04","統一-新台中",30,6,24
"14064","1570力肯","110/08/04","高橋",0,30,-30
"14065","1570力肯","110/08/04","致和-府前",25,1,24
"14066","1570力肯","110/08/04","日盛-高雄",0,29,-29
"14067","1570力肯","110/08/04","凱基-中港",22,0,22
"14068","1570力肯","110/08/04","(牛牛牛)亞-鑫豐",6,29,-23
"14069","1570力肯","110/08/04","宏遠證券",20,0,20
"14070","1570力肯","110/08/04","元富-松德",1,22,-21
"14071","6180橘子","110/08/04","新光",67,10,57
"14072","6180橘子","110/08/04","群益金鼎-桃園",0,30,-30
"14073","6180橘子","110/08/04","美林",15,0,15
"14074","6180橘子","110/08/04","華南永昌-苑裡",0,30,-30
"14075","6180橘子","110/08/04","第一金-中山",15,1,14
"14076","6180橘子","110/08/04","台灣摩根士丹利",0,19,-19
"14077","6180橘子","110/08/04","日盛-台中",10,0,10
"14078","6180橘子","110/08/04","台新-三民",0,16,-16
"14079","6180橘子","110/08/04","新光-桃園",10,0,10
"14080","6180橘子","110/08/04","群益金鼎-士林",0,13,-13
"14081","6180橘子","110/08/04","康和",9,0,9
"14082","6180橘子","110/08/04","群益金鼎-中港",0,11,-11
"14083","6180橘子","110/08/04","富邦-羅東",8,0,8
"14084","6180橘子","110/08/04","新加坡商瑞銀",0,10,-10
"14085","6180橘子","110/08/04","國票-九鼎",7,0,7
"14086","6180橘子","110/08/04","統一-彰化",0,10,-10
"14087","6180橘子","110/08/04","玉山-桃園",7,0,7
"14088","6180橘子","110/08/04","兆豐-埔墘",0,10,-10
"14089","6180橘子","110/08/04","元大-員林中山",7,0,7
"14090","6180橘子","110/08/04","摩根大通",3,13,-10
"14091","6180橘子","110/08/04","瑞士信貸",6,0,6
"14092","6180橘子","110/08/04","康和-延平",0,10,-10
"14093","6180橘子","110/08/04","富邦-新竹",7,1,6
"14094","6180橘子","110/08/04","大昌-安康",0,9,-9
"14095","6180橘子","110/08/04","富邦-宜蘭",6,0,6
"14096","6180橘子","110/08/04","富邦-仁愛",1,10,-9
"14097","6180橘子","110/08/04","統一-嘉義",5,0,5
"14098","6180橘子","110/08/04","花旗環球",0,8,-8
"14099","6180橘子","110/08/04","富邦-陽明",5,0,5
"14100","6180橘子","110/08/04","福勝",0,8,-8
"14101","2390云辰","110/08/04","元富-吉利",71,6,65
"14102","2390云辰","110/08/04","港商野村",180,422,-242
"14103","2390云辰","110/08/04","兆豐-新營",53,4,49
"14104","2390云辰","110/08/04","凱基-台北",75,264,-189
"14105","2390云辰","110/08/04","台新證券",83,37,46
"14106","2390云辰","110/08/04","美林",32,132,-100
"14107","2390云辰","110/08/04","日盛-新莊",53,12,41
"14108","2390云辰","110/08/04","華南永昌-鳳山",82,181,-99
"14109","2390云辰","110/08/04","兆豐-岡山",40,0,40
"14110","2390云辰","110/08/04","日盛-園區",1,91,-90
"14111","2390云辰","110/08/04","元大-新莊",42,6,36
"14112","2390云辰","110/08/04","統一-城中",3,82,-79
"14113","2390云辰","110/08/04","永豐金-鳳山",37,3,34
"14114","2390云辰","110/08/04","第一金-中壢",0,73,-73
"14115","2390云辰","110/08/04","德信-新營",37,4,33
"14116","2390云辰","110/08/04","元大-忠孝",8,74,-66
"14117","2390云辰","110/08/04","群益金鼎-三民",35,2,33
"14118","2390云辰","110/08/04","凱基-竹科",6,67,-61
"14119","2390云辰","110/08/04","玉山-雙和",39,7,32
"14120","2390云辰","110/08/04","統一-屏東",0,51,-51
"14121","2390云辰","110/08/04","凱基-三重",33,3,30
"14122","2390云辰","110/08/04","富邦-新店",2,50,-48
"14123","2390云辰","110/08/04","華南永昌-朴子",35,6,29
"14124","2390云辰","110/08/04","元富-大裕",21,56,-35
"14125","2390云辰","110/08/04","國票-和平",29,1,28
"14126","2390云辰","110/08/04","永豐金-三重",6,41,-35
"14127","2390云辰","110/08/04","元大-東蘆",31,3,28
"14128","2390云辰","110/08/04","臺銀",15,47,-32
"14129","2390云辰","110/08/04","日茂",59,33,26
"14130","2390云辰","110/08/04","凱基-台中",1,33,-32
"14131","1471首利","110/08/02","日盛-和美",31,0,31
"14132","1471首利","110/08/02","日盛-八德",0,63,-63
"14133","1471首利","110/08/02","宏遠-光隆",30,0,30
"14134","1471首利","110/08/02","凱基-幸福",0,49,-49
"14135","1471首利","110/08/02","元富-花蓮",25,0,25
"14136","1471首利","110/08/02","富邦-台北",0,30,-30
"14137","1471首利","110/08/02","凱基-台北",25,0,25
"14138","1471首利","110/08/02","元大-東蘆",0,30,-30
"14139","1471首利","110/08/02","日盛-木柵",20,0,20
"14140","1471首利","110/08/02","合庫-桃園",0,20,-20
"14141","1471首利","110/08/02","凱基-高美館",20,0,20
"14142","1471首利","110/08/02","康和-澎湖",0,15,-15
"14143","1471首利","110/08/02","新光-台中",24,5,19
"14144","1471首利","110/08/02","元大-斗信",0,15,-15
"14145","1471首利","110/08/02","富邦-羅東",15,0,15
"14146","1471首利","110/08/02","元富-民權",0,12,-12
"14147","1471首利","110/08/02","兆豐-鹿港",14,0,14
"14148","1471首利","110/08/02","玉山-新莊",0,12,-12
"14149","1471首利","110/08/02","美林",16,4,12
"14150","1471首利","110/08/02","宏遠-桃園",0,10,-10
"14151","1471首利","110/08/02","統一-桃園",12,0,12
"14152","1471首利","110/08/02","瑞士信貸",0,10,-10
"14153","1471首利","110/08/02","合庫-高雄",10,0,10
"14154","1471首利","110/08/02","大慶-苗栗",0,10,-10
"14155","1471首利","110/08/02","日盛-士林",10,0,10
"14156","1471首利","110/08/02","統一-新營",0,10,-10
"14157","1471首利","110/08/02","港商法國興業",10,0,10
"14158","1471首利","110/08/02","群益金鼎-三重",0,10,-10
"14159","1471首利","110/08/02","第一金-台南",10,0,10
"14160","1471首利","110/08/02","元大-基隆",0,10,-10
"14161","2883開發金","110/08/02","統一",3076,29,3047
"14162","2883開發金","110/08/02","中農",2,3126,-3124
"14163","2883開發金","110/08/02","凱基-台北",2789,192,2597
"14164","2883開發金","110/08/02","群益金鼎",11,2008,-1997
"14165","2883開發金","110/08/02","元富-城東",2139,5,2134
"14166","2883開發金","110/08/02","摩根大通",2081,3944,-1863
"14167","2883開發金","110/08/02","瑞士信貸",2184,316,1868
"14168","2883開發金","110/08/02","港商野村",949,2553,-1604
"14169","2883開發金","110/08/02","美林",1160,271,889
"14170","2883開發金","110/08/02","台灣匯立證券",198,1533,-1335
"14171","2883開發金","110/08/02","港商麥格理",855,0,855
"14172","2883開發金","110/08/02","中國信託",69,1041,-972
"14173","2883開發金","110/08/02","元大-金華",533,33,500
"14174","2883開發金","110/08/02","兆豐證券",1,863,-862
"14175","2883開發金","110/08/02","新加坡商瑞銀",1089,624,465
"14176","2883開發金","110/08/02","美商高盛",6,644,-638
"14177","2883開發金","110/08/02","法銀巴黎",441,0,441
"14178","2883開發金","110/08/02","華南永昌-中正",4,632,-628
"14179","2883開發金","110/08/02","富邦-嘉義",425,24,401
"14180","2883開發金","110/08/02","第一金-安和",156,757,-601
"14181","2883開發金","110/08/02","元富-烏日",367,3,364
"14182","2883開發金","110/08/02","國票",0,524,-524
"14183","2883開發金","110/08/02","台灣摩根士丹利",634,280,354
"14184","2883開發金","110/08/02","元富",266,770,-504
"14185","2883開發金","110/08/02","國泰-館前",516,180,336
"14186","2883開發金","110/08/02","新光",1651,1984,-333
"14187","2883開發金","110/08/02","聯邦-敦化",321,5,316
"14188","2883開發金","110/08/02","元富-安南",20,324,-304
"14189","2883開發金","110/08/02","玉山-士林",307,13,294
"14190","2883開發金","110/08/02","群益金鼎-東門",6,280,-274
"14191","6205詮欣","110/08/02","元大-館前",16,0,16
"14192","6205詮欣","110/08/02","永豐金-敦南",0,21,-21
"14193","6205詮欣","110/08/02","臺銀",11,0,11
"14194","6205詮欣","110/08/02","日盛-三重",0,17,-17
"14195","6205詮欣","110/08/02","臺銀-民權",10,0,10
"14196","6205詮欣","110/08/02","永豐金-博愛",0,10,-10
"14197","6205詮欣","110/08/02","摩根大通",11,1,10
"14198","6205詮欣","110/08/02","國票-台南",0,5,-5
"14199","6205詮欣","110/08/02","合庫-三重",5,0,5
"14200","6205詮欣","110/08/02","群益金鼎-三重",0,4,-4
"14201","6205詮欣","110/08/02","元大-東蘆",5,0,5
"14202","6205詮欣","110/08/02","元大-土城",0,4,-4
"14203","6205詮欣","110/08/02","凱基",3,0,3
"14204","6205詮欣","110/08/02","元大-草屯",0,4,-4
"14205","6205詮欣","110/08/02","日盛-雙和",2,0,2
"14206","6205詮欣","110/08/02","臺銀-新竹",1,4,-3
"14207","6205詮欣","110/08/02","兆豐-南京",2,0,2
"14208","6205詮欣","110/08/02","光和-嘉義",0,3,-3
"14209","6205詮欣","110/08/02","凱基-台北",3,1,2
"14210","6205詮欣","110/08/02","永豐金-內湖",0,3,-3
"14211","6205詮欣","110/08/02","元大-西螺",2,0,2
"14212","6205詮欣","110/08/02","第一金-華江",0,2,-2
"14213","6205詮欣","110/08/02","元大-新竹經國",2,0,2
"14214","6205詮欣","110/08/02","中國信託-高雄",0,2,-2
"14215","6205詮欣","110/08/02","元大-北成功",2,0,2
"14216","6205詮欣","110/08/02","兆豐-鹿港",0,2,-2
"14217","6205詮欣","110/08/02","臺銀-臺中",1,0,1
"14218","6205詮欣","110/08/02","統一-平鎮",0,1,-1
"14219","6205詮欣","110/08/02","德信-新營",1,0,1
"14220","6205詮欣","110/08/02","台新-台中",0,1,-1
"14221","1540喬福","110/08/02","富邦-南屯",10,0,10
"14222","1540喬福","110/08/02","永豐金-埔里",0,22,-22
"14223","1540喬福","110/08/02","元富-中原",10,2,8
"14224","1540喬福","110/08/02","統一-新台中",0,17,-17
"14225","1540喬福","110/08/02","德信-新營",6,0,6
"14226","1540喬福","110/08/02","統一-三多",0,3,-3
"14227","1540喬福","110/08/02","元大-龍潭",3,0,3
"14228","1540喬福","110/08/02","光和-高雄",0,2,-2
"14229","1540喬福","110/08/02","凱基-台北",3,0,3
"14230","1540喬福","110/08/02","兆豐-嘉義",0,2,-2
"14231","1540喬福","110/08/02","新光-桃園",3,0,3
"14232","1540喬福","110/08/02","台新-高雄",0,1,-1
"14233","1540喬福","110/08/02","永豐金-內湖",2,0,2
"14234","1540喬福","110/08/02","新光",0,1,-1
"14235","1540喬福","110/08/02","港商法國興業",2,0,2
"14236","1540喬福","110/08/02","國泰-館前",0,1,-1
"14237","1540喬福","110/08/02","統一-台南",2,0,2
"14238","1540喬福","110/08/02","群益金鼎-民權",0,1,-1
"14239","1540喬福","110/08/02","元富-桃園",2,0,2
"14240","1540喬福","110/08/02","富邦-嘉義",0,1,-1
"14241","1540喬福","110/08/02","台中銀-豐原",2,0,2
"14242","1540喬福","110/08/02","元大-新竹",0,1,-1
"14243","1540喬福","110/08/02","(牛牛牛)亞-網路",1,0,1
"14244","1540喬福","110/08/02","元大-豐原站前",0,1,-1
"14245","1540喬福","110/08/02","元富",1,0,1
"14246","1540喬福","110/08/02","臺銀-鳳山",0,0,0
"14247","1540喬福","110/08/02","第一金-桃園",1,0,1
"14248","1540喬福","110/08/02","第一金",0,0,0
"14249","1540喬福","110/08/02","瑞士信貸",1,0,1
"14250","1540喬福","110/08/02","華南永昌-南京",0,0,0
"14251","2888新光金","110/08/02","花旗環球",2291,0,2291
"14252","2888新光金","110/08/02","瑞士信貸",1405,3997,-2592
"14253","2888新光金","110/08/02","美林",2235,208,2027
"14254","2888新光金","110/08/02","新加坡商瑞銀",780,2173,-1393
"14255","2888新光金","110/08/02","群益金鼎-彰化",1014,2,1012
"14256","2888新光金","110/08/02","美商高盛",369,1356,-987
"14257","2888新光金","110/08/02","富邦-建國",823,9,814
"14258","2888新光金","110/08/02","元大-仁愛",69,795,-726
"14259","2888新光金","110/08/02","元大-華山",532,1,531
"14260","2888新光金","110/08/02","永興-台中",0,500,-500
"14261","2888新光金","110/08/02","法銀巴黎",666,166,500
"14262","2888新光金","110/08/02","凱基-站前",17,506,-489
"14263","2888新光金","110/08/02","台灣匯立證券",421,0,421
"14264","2888新光金","110/08/02","元富-城東",38,496,-458
"14265","2888新光金","110/08/02","凱基-台南",376,17,359
"14266","2888新光金","110/08/02","群益金鼎-中港",2,450,-448
"14267","2888新光金","110/08/02","永豐金-嘉義",352,0,352
"14268","2888新光金","110/08/02","華南永昌",25,461,-436
"14269","2888新光金","110/08/02","合庫-台中",339,1,338
"14270","2888新光金","110/08/02","港商野村",135,550,-415
"14271","2888新光金","110/08/02","港商麥格理",316,0,316
"14272","2888新光金","110/08/02","大慶-苗栗",1,406,-405
"14273","2888新光金","110/08/02","群益金鼎-建成",298,5,293
"14274","2888新光金","110/08/02","華南永昌-中正",34,419,-385
"14275","2888新光金","110/08/02","永豐金-板盛",221,0,221
"14276","2888新光金","110/08/02","玉山-台大",0,350,-350
"14277","2888新光金","110/08/02","台灣摩根士丹利",1700,1488,212
"14278","2888新光金","110/08/02","元大-汐止",66,363,-297
"14279","2888新光金","110/08/02","凱基-竹北",200,0,200
"14280","2888新光金","110/08/02","台新-新莊",14,265,-251
"14281","1340勝悅","110/08/02","國泰-台中",22,0,22
"14282","1340勝悅","110/08/02","中國信託",0,83,-83
"14283","1340勝悅","110/08/02","港商法國興業",14,0,14
"14284","1340勝悅","110/08/02","元大-開元",0,11,-11
"14285","1340勝悅","110/08/02","新光",18,5,13
"14286","1340勝悅","110/08/02","凱基-永康",0,10,-10
"14287","1340勝悅","110/08/02","元大-基隆孝二",11,0,11
"14288","1340勝悅","110/08/02","富邦-宜蘭",0,10,-10
"14289","1340勝悅","110/08/02","玉山-士林",10,0,10
"14290","1340勝悅","110/08/02","元大-大統",0,10,-10
"14291","1340勝悅","110/08/02","凱基",6,0,6
"14292","1340勝悅","110/08/02","富邦-板橋",0,5,-5
"14293","1340勝悅","110/08/02","摩根大通",4,0,4
"14294","1340勝悅","110/08/02","瑞士信貸",1,5,-4
"14295","1340勝悅","110/08/02","國泰-敦南",8,4,4
"14296","1340勝悅","110/08/02","華南永昌-忠孝",0,2,-2
"14297","1340勝悅","110/08/02","國泰-新莊",3,0,3
"14298","1340勝悅","110/08/02","元大-虎尾",0,2,-2
"14299","1340勝悅","110/08/02","凱基-嘉義",3,0,3
"14300","1340勝悅","110/08/02","元大-路竹",0,2,-2
"14301","1340勝悅","110/08/02","群益金鼎-館前",3,0,3
"14302","1340勝悅","110/08/02","元大-信義",0,2,-2
"14303","1340勝悅","110/08/02","國泰-館前",3,0,3
"14304","1340勝悅","110/08/02","華南永昌-高雄",0,1,-1
"14305","1340勝悅","110/08/02","臺銀-鳳山",3,0,3
"14306","1340勝悅","110/08/02","玉山-大里",0,0,0
"14307","1340勝悅","110/08/02","國泰-高雄",4,1,3
"14308","1340勝悅","110/08/02","群益金鼎-丹鳳",0,0,0
"14309","1340勝悅","110/08/02","美商高盛",3,0,3
"14310","1340勝悅","110/08/02","富邦-虎尾",0,0,0
"14311","6246臺龍","110/08/02","台新證券",19,1,18
"14312","6246臺龍","110/08/02","元大-新竹經國",0,6,-6
"14313","6246臺龍","110/08/02","凱基-台北",7,2,5
"14314","6246臺龍","110/08/02","台新-台南",0,5,-5
"14315","6246臺龍","110/08/02","國票-九鼎",3,0,3
"14316","6246臺龍","110/08/02","宏遠-新化",1,4,-3
"14317","6246臺龍","110/08/02","國票-南京",3,0,3
"14318","6246臺龍","110/08/02","元富-板橋",0,3,-3
"14319","6246臺龍","110/08/02","新光-台中",3,0,3
"14320","6246臺龍","110/08/02","國泰-敦南",0,3,-3
"14321","6246臺龍","110/08/02","元大-員林",3,0,3
"14322","6246臺龍","110/08/02","富邦-台中",0,3,-3
"14323","6246臺龍","110/08/02","元大-永和",3,0,3
"14324","6246臺龍","110/08/02","元大-大益",2,5,-3
"14325","6246臺龍","110/08/02","港商野村",2,0,2
"14326","6246臺龍","110/08/02","日盛-永康",0,2,-2
"14327","6246臺龍","110/08/02","台新-高雄",2,0,2
"14328","6246臺龍","110/08/02","日盛-宜蘭",0,2,-2
"14329","6246臺龍","110/08/02","新光-台南",2,0,2
"14330","6246臺龍","110/08/02","宏遠-台南",0,2,-2
"14331","6246臺龍","110/08/02","日盛-文化",1,0,1
"14332","6246臺龍","110/08/02","高橋-龍潭",0,2,-2
"14333","6246臺龍","110/08/02","國泰-忠孝",1,0,1
"14334","6246臺龍","110/08/02","群益金鼎-中壢",0,2,-2
"14335","6246臺龍","110/08/02","群益金鼎-崇德",3,2,1
"14336","6246臺龍","110/08/02","凱基-三多",0,2,-2
"14337","6246臺龍","110/08/02","富邦-員林",1,0,1
"14338","6246臺龍","110/08/02","統一-中壢",0,1,-1
"14339","6246臺龍","110/08/02","富邦-三重",1,0,1
"14340","6246臺龍","110/08/02","中國信託-嘉義",0,1,-1
"14341","00715L期街口布蘭特正2","110/08/02","元大證券",7296,1000,6296
"14342","00715L期街口布蘭特正2","110/08/02","富邦-基隆",0,850,-850
"14343","00715L期街口布蘭特正2","110/08/02","永豐金證券",2221,338,1883
"14344","00715L期街口布蘭特正2","110/08/02","(牛牛牛)亞-鑫豐",10,850,-840
"14345","00715L期街口布蘭特正2","110/08/02","統一",1460,100,1360
"14346","00715L期街口布蘭特正2","110/08/02","華南永昌-長虹",57,820,-763
"14347","00715L期街口布蘭特正2","110/08/02","國票-中港",1000,0,1000
"14348","00715L期街口布蘭特正2","110/08/02","富邦-彰化",0,700,-700
"14349","00715L期街口布蘭特正2","110/08/02","第一金-台中",900,13,887
"14350","00715L期街口布蘭特正2","110/08/02","第一金-路竹",0,682,-682
"14351","00715L期街口布蘭特正2","110/08/02","群益金鼎",728,0,728
"14352","00715L期街口布蘭特正2","110/08/02","台新證券",112,791,-679
"14353","00715L期街口布蘭特正2","110/08/02","群益金鼎-古亭",433,1,432
"14354","00715L期街口布蘭特正2","110/08/02","第一金-忠孝",45,483,-438
"14355","00715L期街口布蘭特正2","110/08/02","凱基-市政",525,125,400
"14356","00715L期街口布蘭特正2","110/08/02","玉山-台南",0,373,-373
"14357","00715L期街口布蘭特正2","110/08/02","元大-敦化",400,0,400
"14358","00715L期街口布蘭特正2","110/08/02","國泰-板橋",3,313,-310
"14359","00715L期街口布蘭特正2","110/08/02","元大-草屯",353,21,332
"14360","00715L期街口布蘭特正2","110/08/02","凱基",0,300,-300
"14361","00715L期街口布蘭特正2","110/08/02","元大-萬華",250,0,250
"14362","00715L期街口布蘭特正2","110/08/02","元大-嘉義",1,300,-299
"14363","00715L期街口布蘭特正2","110/08/02","統一-員林",180,0,180
"14364","00715L期街口布蘭特正2","110/08/02","元大-大灣",14,303,-289
"14365","00715L期街口布蘭特正2","110/08/02","富邦證券",282,152,130
"14366","00715L期街口布蘭特正2","110/08/02","新光-桃園",45,295,-250
"14367","00715L期街口布蘭特正2","110/08/02","元富-潮州",125,0,125
"14368","00715L期街口布蘭特正2","110/08/02","元大-新莊",76,306,-230
"14369","00715L期街口布蘭特正2","110/08/02","兆豐-台中港",106,0,106
"14370","00715L期街口布蘭特正2","110/08/02","富邦-台北",0,211,-211
"14371","8941關中","110/08/02","宏遠-館前",3,0,3
"14372","8941關中","110/08/02","富邦-台中",0,5,-5
"14373","8941關中","110/08/02","群益金鼎-彰化",2,0,2
"14374","8941關中","110/08/02","富邦-員林",0,4,-4
"14375","8941關中","110/08/02","第一金-台中",1,0,1
"14376","8941關中","110/08/02","元大-新竹經國",0,0,0
"14377","8941關中","110/08/02","台新-台中",1,0,1
"14378","8941關中","110/08/02","永豐金-萬盛",0,0,0
"14379","8941關中","110/08/02","華南永昌-南京",1,0,1
"14380","8941關中","110/08/02","",NA,NA,NA
"14381","8941關中","110/08/02","元大-桃興",2,1,1
"14382","8941關中","110/08/02","",NA,NA,NA
"14383","8941關中","110/08/02","元大-新竹經國",0,0,0
"14384","8941關中","110/08/02","",NA,NA,NA
"14385","8941關中","110/08/02","永豐金-萬盛",0,0,0
"14386","8941關中","110/08/02","",NA,NA,NA
"14387","8941關中","110/08/02","",NA,NA,NA
"14388","8941關中","110/08/02","",NA,NA,NA
"14389","8941關中","110/08/02","",NA,NA,NA
"14390","8941關中","110/08/02","",NA,NA,NA
"14391","8941關中","110/08/02","",NA,NA,NA
"14392","8941關中","110/08/02","",NA,NA,NA
"14393","8941關中","110/08/02","",NA,NA,NA
"14394","8941關中","110/08/02","",NA,NA,NA
"14395","8941關中","110/08/02","",NA,NA,NA
"14396","8941關中","110/08/02","",NA,NA,NA
"14397","8941關中","110/08/02","",NA,NA,NA
"14398","8941關中","110/08/02","",NA,NA,NA
"14399","8941關中","110/08/02","",NA,NA,NA
"14400","8941關中","110/08/02","",NA,NA,NA
"14401","8936國統","110/08/02","合庫-高雄",68,0,68
"14402","8936國統","110/08/02","凱基-台北",0,125,-125
"14403","8936國統","110/08/02","元大-蘆洲",33,0,33
"14404","8936國統","110/08/02","摩根大通",9,125,-116
"14405","8936國統","110/08/02","富邦-高雄",30,4,26
"14406","8936國統","110/08/02","永全-南崁",0,50,-50
"14407","8936國統","110/08/02","大慶-蘆洲",20,0,20
"14408","8936國統","110/08/02","新光-台中",16,55,-39
"14409","8936國統","110/08/02","兆豐-桃鶯",20,0,20
"14410","8936國統","110/08/02","凱基-市政",0,31,-31
"14411","8936國統","110/08/02","元大-東泰",20,0,20
"14412","8936國統","110/08/02","美商高盛",1,20,-19
"14413","8936國統","110/08/02","永豐金-忠孝",20,0,20
"14414","8936國統","110/08/02","元大-東港",3,20,-17
"14415","8936國統","110/08/02","元大-旗山",15,0,15
"14416","8936國統","110/08/02","台灣企銀-台中",0,15,-15
"14417","8936國統","110/08/02","中國信託-文心",12,0,12
"14418","8936國統","110/08/02","日盛-竹北",0,15,-15
"14419","8936國統","110/08/02","國泰-敦南",14,2,12
"14420","8936國統","110/08/02","瑞士信貸",0,11,-11
"14421","8936國統","110/08/02","元大-敦南",12,0,12
"14422","8936國統","110/08/02","港商野村",26,36,-10
"14423","8936國統","110/08/02","日盛-三峽",11,0,11
"14424","8936國統","110/08/02","統一-竹南",0,10,-10
"14425","8936國統","110/08/02","永豐金-苓雅",11,0,11
"14426","8936國統","110/08/02","國泰-高雄",1,11,-10
"14427","8936國統","110/08/02","宏遠-高雄",11,1,10
"14428","8936國統","110/08/02","元大-天母",0,9,-9
"14429","8936國統","110/08/02","第一金-嘉義",10,0,10
"14430","8936國統","110/08/02","元大-台中中港",0,9,-9
"14431","6226光鼎","110/08/02","新百王",283,0,283
"14432","6226光鼎","110/08/02","元富-安南",3,113,-110
"14433","6226光鼎","110/08/02","日盛-文化",219,3,216
"14434","6226光鼎","110/08/02","群益金鼎-東大",24,124,-100
"14435","6226光鼎","110/08/02","元大-嘉義",127,37,90
"14436","6226光鼎","110/08/02","富邦-南屯",3,100,-97
"14437","6226光鼎","110/08/02","統一-新竹",113,31,82
"14438","6226光鼎","110/08/02","元大-鳳中",2,99,-97
"14439","6226光鼎","110/08/02","台中銀-員林",111,47,64
"14440","6226光鼎","110/08/02","元大-忠孝鼎富",10,100,-90
"14441","6226光鼎","110/08/02","永豐金證券",66,5,61
"14442","6226光鼎","110/08/02","華南永昌-小港",0,84,-84
"14443","6226光鼎","110/08/02","日盛-員林",107,50,57
"14444","6226光鼎","110/08/02","國泰-敦南",247,324,-77
"14445","6226光鼎","110/08/02","國票-九鼎",72,24,48
"14446","6226光鼎","110/08/02","亞東",5,76,-71
"14447","6226光鼎","110/08/02","元大-士林",53,6,47
"14448","6226光鼎","110/08/02","中國信託-新竹",2,62,-60
"14449","6226光鼎","110/08/02","元大-鹿港",48,7,41
"14450","6226光鼎","110/08/02","元大-南屯",12,64,-52
"14451","6226光鼎","110/08/02","中國信託-文心",48,8,40
"14452","6226光鼎","110/08/02","元大-高雄",9,61,-52
"14453","6226光鼎","110/08/02","國泰-新莊",56,17,39
"14454","6226光鼎","110/08/02","元大-台北",2,53,-51
"14455","6226光鼎","110/08/02","元大-大同",39,0,39
"14456","6226光鼎","110/08/02","第一金-華江",8,52,-44
"14457","6226光鼎","110/08/02","富邦-建國",39,1,38
"14458","6226光鼎","110/08/02","元富-新莊",3,44,-41
"14459","6226光鼎","110/08/02","統一-三重",54,18,36
"14460","6226光鼎","110/08/02","玉山-桃園",3,40,-37
"14461","2363矽統","110/08/02","中國信託-忠孝",405,25,380
"14462","2363矽統","110/08/02","富邦證券",16,4082,-4066
"14463","2363矽統","110/08/02","群益金鼎-屏東",349,123,226
"14464","2363矽統","110/08/02","凱基-台北",2669,4466,-1797
"14465","2363矽統","110/08/02","群益金鼎-永和",233,20,213
"14466","2363矽統","110/08/02","台灣摩根士丹利",69,1749,-1680
"14467","2363矽統","110/08/02","富邦-中壢",299,91,208
"14468","2363矽統","110/08/02","新加坡商瑞銀",361,1486,-1125
"14469","2363矽統","110/08/02","永豐金-彰化",188,4,184
"14470","2363矽統","110/08/02","港商野村",619,1622,-1003
"14471","2363矽統","110/08/02","元大-承德",253,73,180
"14472","2363矽統","110/08/02","美商高盛",214,1077,-863
"14473","2363矽統","110/08/02","康和-台中",192,23,169
"14474","2363矽統","110/08/02","兆豐-復興",124,973,-849
"14475","2363矽統","110/08/02","新光",550,382,168
"14476","2363矽統","110/08/02","統一-仁愛",132,666,-534
"14477","2363矽統","110/08/02","元大-萬華",224,61,163
"14478","2363矽統","110/08/02","美林",520,1028,-508
"14479","2363矽統","110/08/02","元大-博愛",204,44,160
"14480","2363矽統","110/08/02","統一-土城",32,536,-504
"14481","2363矽統","110/08/02","兆豐-三民",171,17,154
"14482","2363矽統","110/08/02","華南永昌-斗六",33,526,-493
"14483","2363矽統","110/08/02","元大-新竹",196,44,152
"14484","2363矽統","110/08/02","統一-敦南",35,527,-492
"14485","2363矽統","110/08/02","凱基-三重",178,29,149
"14486","2363矽統","110/08/02","永豐金-員林",12,495,-483
"14487","2363矽統","110/08/02","元大-忠孝",181,38,143
"14488","2363矽統","110/08/02","統一-城中",117,589,-472
"14489","2363矽統","110/08/02","元富-世貿",142,4,138
"14490","2363矽統","110/08/02","摩根大通",1070,1471,-401
"14491","8112至上","110/08/02","合庫證券",213,0,213
"14492","8112至上","110/08/02","台灣摩根士丹利",9,287,-278
"14493","8112至上","110/08/02","凱基-台北",298,152,146
"14494","8112至上","110/08/02","凱基-三重",3,236,-233
"14495","8112至上","110/08/02","大慶",87,0,87
"14496","8112至上","110/08/02","臺銀-鳳山",11,124,-113
"14497","8112至上","110/08/02","凱基-新店",84,0,84
"14498","8112至上","110/08/02","合庫-台中",1,112,-111
"14499","8112至上","110/08/02","香港上海匯豐",76,0,76
"14500","8112至上","110/08/02","土銀-嘉義",0,105,-105
"14501","8112至上","110/08/02","群益金鼎-建成",65,1,64
"14502","8112至上","110/08/02","元大-新莊",2,106,-104
"14503","8112至上","110/08/02","玉山-板橋",63,0,63
"14504","8112至上","110/08/02","台新-建北",0,95,-95
"14505","8112至上","110/08/02","元大-前金",61,2,59
"14506","8112至上","110/08/02","華南永昌-彰化",2,64,-62
"14507","8112至上","110/08/02","台新-台中",58,5,53
"14508","8112至上","110/08/02","群益金鼎-北高雄",3,50,-47
"14509","8112至上","110/08/02","亞東",51,0,51
"14510","8112至上","110/08/02","元大-福營",1,45,-44
"14511","8112至上","110/08/02","美林",49,1,48
"14512","8112至上","110/08/02","永豐金-南京",2,38,-36
"14513","8112至上","110/08/02","摩根大通",114,67,47
"14514","8112至上","110/08/02","亞東-板橋",2,34,-32
"14515","8112至上","110/08/02","美商高盛",46,0,46
"14516","8112至上","110/08/02","元大-台南",2,33,-31
"14517","8112至上","110/08/02","凱基-松山",43,1,42
"14518","8112至上","110/08/02","統一-城中",0,30,-30
"14519","8112至上","110/08/02","群益金鼎-大安",40,0,40
"14520","8112至上","110/08/02","元富-板橋",5,35,-30
"14521","1570力肯","110/08/02","群益金鼎-高雄",11,0,11
"14522","1570力肯","110/08/02","大慶",0,5,-5
"14523","1570力肯","110/08/02","臺銀-臺南",4,0,4
"14524","1570力肯","110/08/02","元大-板橋",0,4,-4
"14525","1570力肯","110/08/02","新光-台中",4,0,4
"14526","1570力肯","110/08/02","玉山證券",0,4,-4
"14527","1570力肯","110/08/02","(牛牛牛)亞-鑫豐",3,0,3
"14528","1570力肯","110/08/02","國泰-台南",0,3,-3
"14529","1570力肯","110/08/02","土銀-白河",2,0,2
"14530","1570力肯","110/08/02","元富-新店",0,3,-3
"14531","1570力肯","110/08/02","統一-松江",2,0,2
"14532","1570力肯","110/08/02","元富-永和",0,2,-2
"14533","1570力肯","110/08/02","中國信託-永康",1,0,1
"14534","1570力肯","110/08/02","凱基-台北",0,2,-2
"14535","1570力肯","110/08/02","凱基-信義",1,0,1
"14536","1570力肯","110/08/02","統一-城中",0,2,-2
"14537","1570力肯","110/08/02","凱基-幸福",1,0,1
"14538","1570力肯","110/08/02","新光",0,1,-1
"14539","1570力肯","110/08/02","元大-歸仁",1,0,1
"14540","1570力肯","110/08/02","凱基-岡山",0,1,-1
"14541","1570力肯","110/08/02","合庫-台中",0,0,0
"14542","1570力肯","110/08/02","富邦-台南",0,1,-1
"14543","1570力肯","110/08/02","康和-板橋",0,0,0
"14544","1570力肯","110/08/02","元大-新盛",0,1,-1
"14545","1570力肯","110/08/02","群益金鼎-鳳山",0,0,0
"14546","1570力肯","110/08/02","永豐金-嘉義",0,1,-1
"14547","1570力肯","110/08/02","元大-樹林",0,0,0
"14548","1570力肯","110/08/02","康和-板橋",0,0,0
"14549","1570力肯","110/08/02","",NA,NA,NA
"14550","1570力肯","110/08/02","合庫-台中",0,0,0
"14551","2929淘帝","110/08/02","元大-民生",29,0,29
"14552","2929淘帝","110/08/02","新加坡商瑞銀",4,70,-66
"14553","2929淘帝","110/08/02","兆豐-桃園",20,0,20
"14554","2929淘帝","110/08/02","富邦-建國",0,26,-26
"14555","2929淘帝","110/08/02","新光",14,0,14
"14556","2929淘帝","110/08/02","美林",0,24,-24
"14557","2929淘帝","110/08/02","兆豐-忠孝",13,0,13
"14558","2929淘帝","110/08/02","元大-和平",0,13,-13
"14559","2929淘帝","110/08/02","兆豐-彰化",12,0,12
"14560","2929淘帝","110/08/02","元大-永和",0,10,-10
"14561","2929淘帝","110/08/02","合庫-高雄",10,0,10
"14562","2929淘帝","110/08/02","日盛-頭份",0,9,-9
"14563","2929淘帝","110/08/02","富邦-台北",10,0,10
"14564","2929淘帝","110/08/02","群益金鼎-中山",0,9,-9
"14565","2929淘帝","110/08/02","國泰-敦南",9,0,9
"14566","2929淘帝","110/08/02","華南永昌-頭份",0,7,-7
"14567","2929淘帝","110/08/02","元富-文心",10,2,8
"14568","2929淘帝","110/08/02","永豐金-敦南",0,7,-7
"14569","2929淘帝","110/08/02","台新-台中",7,0,7
"14570","2929淘帝","110/08/02","凱基-台北",5,11,-6
"14571","2929淘帝","110/08/02","元大-文心",6,0,6
"14572","2929淘帝","110/08/02","臺銀-鳳山",0,5,-5
"14573","2929淘帝","110/08/02","日盛-忠孝",5,0,5
"14574","2929淘帝","110/08/02","凱基-城中",0,5,-5
"14575","2929淘帝","110/08/02","第一金-高雄",5,0,5
"14576","2929淘帝","110/08/02","華南永昌-台中",0,5,-5
"14577","2929淘帝","110/08/02","富邦-基隆",6,1,5
"14578","2929淘帝","110/08/02","元大-博愛",0,5,-5
"14579","2929淘帝","110/08/02","富邦-新店",5,0,5
"14580","2929淘帝","110/08/02","元富-緯城",0,4,-4
"14581","5410國眾","110/08/02","新加坡商瑞銀",19,0,19
"14582","5410國眾","110/08/02","日盛-斗六",0,15,-15
"14583","5410國眾","110/08/02","兆豐-城中",18,0,18
"14584","5410國眾","110/08/02","元大-大同",0,15,-15
"14585","5410國眾","110/08/02","日盛-新莊",10,0,10
"14586","5410國眾","110/08/02","元大-博愛",0,10,-10
"14587","5410國眾","110/08/02","元富-佳里",10,0,10
"14588","5410國眾","110/08/02","凱基-台北",0,7,-7
"14589","5410國眾","110/08/02","摩根大通",9,0,9
"14590","5410國眾","110/08/02","臺銀-臺南",0,6,-6
"14591","5410國眾","110/08/02","國泰-桃園",6,0,6
"14592","5410國眾","110/08/02","元富-嘉義",0,6,-6
"14593","5410國眾","110/08/02","元富-新竹",5,0,5
"14594","5410國眾","110/08/02","第一金-中壢",0,5,-5
"14595","5410國眾","110/08/02","元大-復北",5,0,5
"14596","5410國眾","110/08/02","致和證券",0,5,-5
"14597","5410國眾","110/08/02","永豐金-桃園",5,0,5
"14598","5410國眾","110/08/02","群益金鼎-土城",0,5,-5
"14599","5410國眾","110/08/02","安泰-楠梓",4,0,4
"14600","5410國眾","110/08/02","華南永昌-中正",0,5,-5
"14601","5410國眾","110/08/02","台灣企銀-太平",3,0,3
"14602","5410國眾","110/08/02","元大-新莊",0,5,-5
"14603","5410國眾","110/08/02","新光",3,0,3
"14604","5410國眾","110/08/02","土銀-新竹",0,4,-4
"14605","5410國眾","110/08/02","富邦-內湖",3,0,3
"14606","5410國眾","110/08/02","日盛-員林",0,3,-3
"14607","5410國眾","110/08/02","中國信託-新竹",2,0,2
"14608","5410國眾","110/08/02","元大-新竹經國",0,3,-3
"14609","5410國眾","110/08/02","華南永昌-楠梓",2,0,2
"14610","5410國眾","110/08/02","元富-緯城",0,2,-2
"14611","2841台開","110/08/02","富邦-敦南",71,0,71
"14612","2841台開","110/08/02","永豐金-松山",0,91,-91
"14613","2841台開","110/08/02","國泰-館前",38,0,38
"14614","2841台開","110/08/02","元大-蘆洲",0,40,-40
"14615","2841台開","110/08/02","台中銀",19,0,19
"14616","2841台開","110/08/02","凱基-台北",2,33,-31
"14617","2841台開","110/08/02","元富-烏日",18,0,18
"14618","2841台開","110/08/02","兆豐-寶成",0,20,-20
"14619","2841台開","110/08/02","國泰-板橋",15,0,15
"14620","2841台開","110/08/02","華南永昌-民權",0,20,-20
"14621","2841台開","110/08/02","元大-台中",15,0,15
"14622","2841台開","110/08/02","國票-敦北法人",0,18,-18
"14623","2841台開","110/08/02","元大-福營",15,0,15
"14624","2841台開","110/08/02","第一金-路竹",0,17,-17
"14625","2841台開","110/08/02","日盛-花蓮",14,0,14
"14626","2841台開","110/08/02","中國信託-高雄",0,15,-15
"14627","2841台開","110/08/02","新光",12,0,12
"14628","2841台開","110/08/02","日進",0,10,-10
"14629","2841台開","110/08/02","永豐金-敦南",62,51,11
"14630","2841台開","110/08/02","統一-三多",0,10,-10
"14631","2841台開","110/08/02","日盛-台中",10,0,10
"14632","2841台開","110/08/02","元大-路竹",0,10,-10
"14633","2841台開","110/08/02","群益金鼎-崇德",10,0,10
"14634","2841台開","110/08/02","元大-中和",0,10,-10
"14635","2841台開","110/08/02","元大-南海",10,0,10
"14636","2841台開","110/08/02","宏遠-桃園",0,9,-9
"14637","2841台開","110/08/02","國泰-桃園",8,0,8
"14638","2841台開","110/08/02","大昌-新店",0,6,-6
"14639","2841台開","110/08/02","台新-台中",6,0,6
"14640","2841台開","110/08/02","國票-天祥",0,6,-6
"14641","6207雷科","110/08/02","摩根大通",173,19,154
"14642","6207雷科","110/08/02","凱基-高雄",0,50,-50
"14643","6207雷科","110/08/02","凱基-台北",150,10,140
"14644","6207雷科","110/08/02","群益金鼎-東門",0,26,-26
"14645","6207雷科","110/08/02","華南永昌-朴子",55,0,55
"14646","6207雷科","110/08/02","富邦-竹東",0,25,-25
"14647","6207雷科","110/08/02","新加坡商瑞銀",51,5,46
"14648","6207雷科","110/08/02","華南永昌-東勢",3,27,-24
"14649","6207雷科","110/08/02","元大-西門",54,12,42
"14650","6207雷科","110/08/02","富邦-岡山",1,25,-24
"14651","6207雷科","110/08/02","兆豐-景美",42,2,40
"14652","6207雷科","110/08/02","台灣摩根士丹利",0,22,-22
"14653","6207雷科","110/08/02","日盛-忠孝",35,0,35
"14654","6207雷科","110/08/02","國泰-高雄",1,23,-22
"14655","6207雷科","110/08/02","美林",25,0,25
"14656","6207雷科","110/08/02","富邦-建國",0,17,-17
"14657","6207雷科","110/08/02","日盛-北高雄",16,0,16
"14658","6207雷科","110/08/02","元大-上新莊",0,16,-16
"14659","6207雷科","110/08/02","統一-板橋",15,0,15
"14660","6207雷科","110/08/02","中國信託-高雄",0,15,-15
"14661","6207雷科","110/08/02","凱基-市政",15,0,15
"14662","6207雷科","110/08/02","宏遠證券",0,13,-13
"14663","6207雷科","110/08/02","新光-新竹",16,2,14
"14664","6207雷科","110/08/02","凱基-彰化",0,13,-13
"14665","6207雷科","110/08/02","港商野村",23,12,11
"14666","6207雷科","110/08/02","永豐金-內湖",0,13,-13
"14667","6207雷科","110/08/02","統一-南京",11,0,11
"14668","6207雷科","110/08/02","新百王",0,12,-12
"14669","6207雷科","110/08/02","元大-嘉義",11,0,11
"14670","6207雷科","110/08/02","玉山-大里",0,12,-12
"14671","3679新至陞","110/08/02","元大-成功",26,0,26
"14672","3679新至陞","110/08/02","富邦-陽明",1,34,-33
"14673","3679新至陞","110/08/02","元大-樹林",20,0,20
"14674","3679新至陞","110/08/02","富邦-中壢",0,20,-20
"14675","3679新至陞","110/08/02","(牛牛牛)亞-網路",18,0,18
"14676","3679新至陞","110/08/02","凱基-台北",34,48,-14
"14677","3679新至陞","110/08/02","凱基-中山",12,0,12
"14678","3679新至陞","110/08/02","永豐金證券",0,14,-14
"14679","3679新至陞","110/08/02","統一",21,11,10
"14680","3679新至陞","110/08/02","臺銀-臺南",2,14,-12
"14681","3679新至陞","110/08/02","玉山-台大",10,0,10
"14682","3679新至陞","110/08/02","摩根大通",20,32,-12
"14683","3679新至陞","110/08/02","台中銀",8,0,8
"14684","3679新至陞","110/08/02","富邦-嘉義",0,10,-10
"14685","3679新至陞","110/08/02","港商野村",8,2,6
"14686","3679新至陞","110/08/02","國票-北高雄",1,10,-9
"14687","3679新至陞","110/08/02","群益金鼎-丹鳳",6,0,6
"14688","3679新至陞","110/08/02","台新-台中",0,9,-9
"14689","3679新至陞","110/08/02","元大-高雄",6,0,6
"14690","3679新至陞","110/08/02","凱基-宜蘭",0,7,-7
"14691","3679新至陞","110/08/02","新加坡商瑞銀",5,0,5
"14692","3679新至陞","110/08/02","凱基-埔墘",0,7,-7
"14693","3679新至陞","110/08/02","台灣摩根士丹利",13,9,4
"14694","3679新至陞","110/08/02","永豐金-台中",0,7,-7
"14695","3679新至陞","110/08/02","第一金-華江",4,0,4
"14696","3679新至陞","110/08/02","永豐金-潮州",0,7,-7
"14697","3679新至陞","110/08/02","新光",11,7,4
"14698","3679新至陞","110/08/02","凱基-五股",0,6,-6
"14699","3679新至陞","110/08/02","國泰-館前",4,0,4
"14700","3679新至陞","110/08/02","富邦-建國",0,6,-6
"14701","2727王品","110/08/02","摩根大通",38,5,33
"14702","2727王品","110/08/02","台灣摩根士丹利",13,170,-157
"14703","2727王品","110/08/02","日盛-忠孝",33,3,30
"14704","2727王品","110/08/02","華南永昌",7,156,-149
"14705","2727王品","110/08/02","凱基-天母",30,0,30
"14706","2727王品","110/08/02","凱基-台北",37,57,-20
"14707","2727王品","110/08/02","花旗環球",17,0,17
"14708","2727王品","110/08/02","國票-北高雄",1,19,-18
"14709","2727王品","110/08/02","永豐金-竹科",20,5,15
"14710","2727王品","110/08/02","港商野村",39,54,-15
"14711","2727王品","110/08/02","彰銀-台中",16,2,14
"14712","2727王品","110/08/02","元大-四維",1,15,-14
"14713","2727王品","110/08/02","國票-內壢",14,0,14
"14714","2727王品","110/08/02","美林",12,25,-13
"14715","2727王品","110/08/02","新光-台中",17,3,14
"14716","2727王品","110/08/02","瑞士信貸",0,12,-12
"14717","2727王品","110/08/02","永豐金-南京",16,3,13
"14718","2727王品","110/08/02","元大-北成功",0,10,-10
"14719","2727王品","110/08/02","元大-樹林",13,1,12
"14720","2727王品","110/08/02","元大-崇德",0,8,-8
"14721","2727王品","110/08/02","國泰-板橋",17,7,10
"14722","2727王品","110/08/02","永豐金-內湖",3,10,-7
"14723","2727王品","110/08/02","凱基-埔墘",10,0,10
"14724","2727王品","110/08/02","大昌",5,11,-6
"14725","2727王品","110/08/02","元大-豐原",10,0,10
"14726","2727王品","110/08/02","華南永昌-斗六",2,8,-6
"14727","2727王品","110/08/02","元大-桃園",10,0,10
"14728","2727王品","110/08/02","國泰-台中",4,9,-5
"14729","2727王品","110/08/02","凱基-科園",9,0,9
"14730","2727王品","110/08/02","群益金鼎-土城",0,5,-5
"14731","1570力肯","110/08/02","群益金鼎-高雄",11,0,11
"14732","1570力肯","110/08/02","大慶",0,5,-5
"14733","1570力肯","110/08/02","臺銀-臺南",4,0,4
"14734","1570力肯","110/08/02","元大-板橋",0,4,-4
"14735","1570力肯","110/08/02","新光-台中",4,0,4
"14736","1570力肯","110/08/02","玉山證券",0,4,-4
"14737","1570力肯","110/08/02","(牛牛牛)亞-鑫豐",3,0,3
"14738","1570力肯","110/08/02","國泰-台南",0,3,-3
"14739","1570力肯","110/08/02","土銀-白河",2,0,2
"14740","1570力肯","110/08/02","元富-新店",0,3,-3
"14741","1570力肯","110/08/02","統一-松江",2,0,2
"14742","1570力肯","110/08/02","元富-永和",0,2,-2
"14743","1570力肯","110/08/02","中國信託-永康",1,0,1
"14744","1570力肯","110/08/02","凱基-台北",0,2,-2
"14745","1570力肯","110/08/02","凱基-信義",1,0,1
"14746","1570力肯","110/08/02","統一-城中",0,2,-2
"14747","1570力肯","110/08/02","凱基-幸福",1,0,1
"14748","1570力肯","110/08/02","新光",0,1,-1
"14749","1570力肯","110/08/02","元大-歸仁",1,0,1
"14750","1570力肯","110/08/02","凱基-岡山",0,1,-1
"14751","1570力肯","110/08/02","合庫-台中",0,0,0
"14752","1570力肯","110/08/02","富邦-台南",0,1,-1
"14753","1570力肯","110/08/02","康和-板橋",0,0,0
"14754","1570力肯","110/08/02","元大-新盛",0,1,-1
"14755","1570力肯","110/08/02","群益金鼎-鳳山",0,0,0
"14756","1570力肯","110/08/02","永豐金-嘉義",0,1,-1
"14757","1570力肯","110/08/02","元大-樹林",0,0,0
"14758","1570力肯","110/08/02","康和-板橋",0,0,0
"14759","1570力肯","110/08/02","",NA,NA,NA
"14760","1570力肯","110/08/02","合庫-台中",0,0,0
"14761","6180橘子","110/08/02","美商高盛",21,8,13
"14762","6180橘子","110/08/02","國票-嘉義",0,29,-29
"14763","6180橘子","110/08/02","統一-彰化",10,0,10
"14764","6180橘子","110/08/02","新加坡商瑞銀",0,21,-21
"14765","6180橘子","110/08/02","中國信託-高雄",10,0,10
"14766","6180橘子","110/08/02","凱基-台北",20,40,-20
"14767","6180橘子","110/08/02","兆豐-斗南",10,0,10
"14768","6180橘子","110/08/02","摩根大通",3,15,-12
"14769","6180橘子","110/08/02","兆豐-埔墘",10,0,10
"14770","6180橘子","110/08/02","第一金-桃園",0,10,-10
"14771","6180橘子","110/08/02","玉山證券",10,0,10
"14772","6180橘子","110/08/02","凱基-東港",0,10,-10
"14773","6180橘子","110/08/02","富邦-羅東",8,1,7
"14774","6180橘子","110/08/02","元大-桃園",0,10,-10
"14775","6180橘子","110/08/02","元大證券",7,0,7
"14776","6180橘子","110/08/02","元大-館前",0,9,-9
"14777","6180橘子","110/08/02","元大-復北",7,0,7
"14778","6180橘子","110/08/02","台灣摩根士丹利",3,10,-7
"14779","6180橘子","110/08/02","華南永昌-長虹",6,0,6
"14780","6180橘子","110/08/02","光和-花壇",0,5,-5
"14781","6180橘子","110/08/02","元富-文心",5,0,5
"14782","6180橘子","110/08/02","玉山-嘉義",0,5,-5
"14783","6180橘子","110/08/02","台新-新莊",5,0,5
"14784","6180橘子","110/08/02","凱基-松山",0,5,-5
"14785","6180橘子","110/08/02","康和-嘉義",5,0,5
"14786","6180橘子","110/08/02","永豐金-員林",0,4,-4
"14787","6180橘子","110/08/02","凱基-興隆",5,0,5
"14788","6180橘子","110/08/02","元富-大裕",0,3,-3
"14789","6180橘子","110/08/02","華南永昌-楠梓",5,0,5
"14790","6180橘子","110/08/02","富邦-板橋",0,3,-3
"14791","2390云辰","110/08/02","摩根大通",1945,913,1032
"14792","2390云辰","110/08/02","華南永昌-鳳山",154,448,-294
"14793","2390云辰","110/08/02","富邦-陽明",118,11,107
"14794","2390云辰","110/08/02","群益金鼎-三重",1,168,-167
"14795","2390云辰","110/08/02","兆豐-三民",153,62,91
"14796","2390云辰","110/08/02","統一-內湖",5,102,-97
"14797","2390云辰","110/08/02","光和-嘉義",83,4,79
"14798","2390云辰","110/08/02","台新證券",235,320,-85
"14799","2390云辰","110/08/02","華南永昌-新莊",78,4,74
"14800","2390云辰","110/08/02","統一-新台中",8,87,-79
"14801","2390云辰","110/08/02","統一-城中",182,111,71
"14802","2390云辰","110/08/02","美商高盛",10,88,-78
"14803","2390云辰","110/08/02","台灣摩根士丹利",153,85,68
"14804","2390云辰","110/08/02","元大-汐止",57,130,-73
"14805","2390云辰","110/08/02","凱基-和平",115,47,68
"14806","2390云辰","110/08/02","港商野村",580,638,-58
"14807","2390云辰","110/08/02","華南永昌-公誠",75,13,62
"14808","2390云辰","110/08/02","元富-板橋",5,61,-56
"14809","2390云辰","110/08/02","永豐金-竹科",71,9,62
"14810","2390云辰","110/08/02","新加坡商瑞銀",11,66,-55
"14811","2390云辰","110/08/02","新光",160,100,60
"14812","2390云辰","110/08/02","元大-豐原",6,56,-50
"14813","2390云辰","110/08/02","凱基-岡山",61,1,60
"14814","2390云辰","110/08/02","元大-土城",5,55,-50
"14815","2390云辰","110/08/02","美林",254,195,59
"14816","2390云辰","110/08/02","凱基-站前",1,49,-48
"14817","2390云辰","110/08/02","凱基-大里",76,22,54
"14818","2390云辰","110/08/02","元大-中壢",6,54,-48
"14819","2390云辰","110/08/02","元大-鳳中",60,8,52
"14820","2390云辰","110/08/02","日盛證券",48,95,-47
"14821","1471首利","110/07/29","宏遠-光隆",35,0,35
"14822","1471首利","110/07/29","摩根大通",24,132,-108
"14823","1471首利","110/07/29","玉山-桃園",33,3,30
"14824","1471首利","110/07/29","台灣企銀-太平",0,60,-60
"14825","1471首利","110/07/29","富邦-台南",30,0,30
"14826","1471首利","110/07/29","元大-斗六",0,40,-40
"14827","1471首利","110/07/29","臺灣企銀-桃園",25,0,25
"14828","1471首利","110/07/29","元大-歸仁",0,23,-23
"14829","1471首利","110/07/29","元富-草屯",15,0,15
"14830","1471首利","110/07/29","日盛-永康",0,20,-20
"14831","1471首利","110/07/29","新光-桃園",15,0,15
"14832","1471首利","110/07/29","台中銀-員林",0,20,-20
"14833","1471首利","110/07/29","元大-博愛",15,2,13
"14834","1471首利","110/07/29","凱基-東門",0,14,-14
"14835","1471首利","110/07/29","臺銀-鳳山",12,0,12
"14836","1471首利","110/07/29","元大-草屯",1,15,-14
"14837","1471首利","110/07/29","元富-新莊",11,0,11
"14838","1471首利","110/07/29","元大-新竹經國",0,13,-13
"14839","1471首利","110/07/29","兆豐-來福",11,0,11
"14840","1471首利","110/07/29","日盛-土城",0,10,-10
"14841","1471首利","110/07/29","統一-新營",10,0,10
"14842","1471首利","110/07/29","美林",0,10,-10
"14843","1471首利","110/07/29","光和-溪湖",10,0,10
"14844","1471首利","110/07/29","永興-水湳",0,10,-10
"14845","1471首利","110/07/29","台新-左楠",10,0,10
"14846","1471首利","110/07/29","玉山證券",0,10,-10
"14847","1471首利","110/07/29","群益金鼎-台中",10,0,10
"14848","1471首利","110/07/29","群益金鼎-海山",2,12,-10
"14849","1471首利","110/07/29","凱基-內埔",10,0,10
"14850","1471首利","110/07/29","凱基-羅東",0,10,-10
"14851","2883開發金","110/07/29","國泰證券",2782,3,2779
"14852","2883開發金","110/07/29","永豐金證券",223,3618,-3395
"14853","2883開發金","110/07/29","凱基-台北",2299,284,2015
"14854","2883開發金","110/07/29","摩根大通",411,2625,-2214
"14855","2883開發金","110/07/29","第一金",1539,7,1532
"14856","2883開發金","110/07/29","台灣企銀",5,1717,-1712
"14857","2883開發金","110/07/29","港商野村",1983,585,1398
"14858","2883開發金","110/07/29","新加坡商瑞銀",843,2324,-1481
"14859","2883開發金","110/07/29","元富",1805,427,1378
"14860","2883開發金","110/07/29","港商麥格理",0,1129,-1129
"14861","2883開發金","110/07/29","台灣摩根士丹利",1634,398,1236
"14862","2883開發金","110/07/29","元大-學甲",1,953,-952
"14863","2883開發金","110/07/29","花旗環球",932,0,932
"14864","2883開發金","110/07/29","國票-博愛",100,1025,-925
"14865","2883開發金","110/07/29","凱基-敦北",590,5,585
"14866","2883開發金","110/07/29","國泰-館前",220,944,-724
"14867","2883開發金","110/07/29","國票-長城",506,4,502
"14868","2883開發金","110/07/29","兆豐-高雄",33,650,-617
"14869","2883開發金","110/07/29","港商法國興業",506,18,488
"14870","2883開發金","110/07/29","元富-緯城",1,513,-512
"14871","2883開發金","110/07/29","台新證券",753,287,466
"14872","2883開發金","110/07/29","美林",232,698,-466
"14873","2883開發金","110/07/29","元大-鳳中",495,71,424
"14874","2883開發金","110/07/29","元富-城中",50,513,-463
"14875","2883開發金","110/07/29","日茂",374,3,371
"14876","2883開發金","110/07/29","致和-崇德",0,404,-404
"14877","2883開發金","110/07/29","大和國泰",368,0,368
"14878","2883開發金","110/07/29","永豐金-板橋",123,506,-383
"14879","2883開發金","110/07/29","新光",603,243,360
"14880","2883開發金","110/07/29","中國信託-忠孝",100,423,-323
"14881","6205詮欣","110/07/29","臺銀-鳳山",31,0,31
"14882","6205詮欣","110/07/29","永豐金-敦南",0,53,-53
"14883","6205詮欣","110/07/29","摩根大通",16,2,14
"14884","6205詮欣","110/07/29","元大-土城學府",2,16,-14
"14885","6205詮欣","110/07/29","臺銀",10,0,10
"14886","6205詮欣","110/07/29","元富-潮州",0,11,-11
"14887","6205詮欣","110/07/29","日盛證券",10,0,10
"14888","6205詮欣","110/07/29","元大-清水",0,10,-10
"14889","6205詮欣","110/07/29","兆豐-新莊",10,0,10
"14890","6205詮欣","110/07/29","日盛-三重",0,7,-7
"14891","6205詮欣","110/07/29","元大-南屯",10,0,10
"14892","6205詮欣","110/07/29","日盛-屏東",0,6,-6
"14893","6205詮欣","110/07/29","富邦-建國",4,0,4
"14894","6205詮欣","110/07/29","華南永昌-公誠",0,5,-5
"14895","6205詮欣","110/07/29","富邦-南屯",4,0,4
"14896","6205詮欣","110/07/29","元大-南京",0,5,-5
"14897","6205詮欣","110/07/29","臺銀-臺中",3,0,3
"14898","6205詮欣","110/07/29","瑞士信貸",0,4,-4
"14899","6205詮欣","110/07/29","日盛-和美",3,0,3
"14900","6205詮欣","110/07/29","凱基-大安",0,4,-4
"14901","6205詮欣","110/07/29","德信-新營",3,0,3
"14902","6205詮欣","110/07/29","元大-大里德芳",0,4,-4
"14903","6205詮欣","110/07/29","兆豐-景美",3,0,3
"14904","6205詮欣","110/07/29","合庫-基隆",0,2,-2
"14905","6205詮欣","110/07/29","國票",3,0,3
"14906","6205詮欣","110/07/29","中國信託-永康",0,2,-2
"14907","6205詮欣","110/07/29","國票-南崁",3,0,3
"14908","6205詮欣","110/07/29","兆豐-小港",0,2,-2
"14909","6205詮欣","110/07/29","元大-蘆洲",3,0,3
"14910","6205詮欣","110/07/29","康和-台中",0,2,-2
"14911","1540喬福","110/07/29","高橋-龍潭",10,0,10
"14912","1540喬福","110/07/29","統一-新台中",0,19,-19
"14913","1540喬福","110/07/29","富邦-南屯",10,0,10
"14914","1540喬福","110/07/29","元富-大昌",0,10,-10
"14915","1540喬福","110/07/29","元大-斗六",5,0,5
"14916","1540喬福","110/07/29","大昌-新店",0,6,-6
"14917","1540喬福","110/07/29","兆豐-北高雄",3,0,3
"14918","1540喬福","110/07/29","凱基-台北",0,3,-3
"14919","1540喬福","110/07/29","元大-大安",3,0,3
"14920","1540喬福","110/07/29","台新-台中",0,2,-2
"14921","1540喬福","110/07/29","永豐金-台中",3,0,3
"14922","1540喬福","110/07/29","群益金鼎-嘉義",0,2,-2
"14923","1540喬福","110/07/29","臺銀-金山",2,0,2
"14924","1540喬福","110/07/29","凱基-天母",0,2,-2
"14925","1540喬福","110/07/29","日盛-士林",2,0,2
"14926","1540喬福","110/07/29","花旗環球",0,1,-1
"14927","1540喬福","110/07/29","元大-土城學府",2,0,2
"14928","1540喬福","110/07/29","第一金-大稻埕",0,1,-1
"14929","1540喬福","110/07/29","元大-南京",2,0,2
"14930","1540喬福","110/07/29","統一-嘉義",0,1,-1
"14931","1540喬福","110/07/29","臺銀-臺南",1,0,1
"14932","1540喬福","110/07/29","元富-中港",0,1,-1
"14933","1540喬福","110/07/29","第一金-台南",1,0,1
"14934","1540喬福","110/07/29","(牛牛牛)亞-網路",0,1,-1
"14935","1540喬福","110/07/29","台中銀-豐原",1,0,1
"14936","1540喬福","110/07/29","玉山-高雄",0,1,-1
"14937","1540喬福","110/07/29","中國信託-高雄",1,0,1
"14938","1540喬福","110/07/29","群益金鼎-台南",0,1,-1
"14939","1540喬福","110/07/29","兆豐-台中港",1,0,1
"14940","1540喬福","110/07/29","凱基-鳳山",0,1,-1
"14941","2888新光金","110/07/29","美商高盛",6409,110,6299
"14942","2888新光金","110/07/29","元大-忠孝鼎富",0,6714,-6714
"14943","2888新光金","110/07/29","台灣摩根士丹利",4583,443,4140
"14944","2888新光金","110/07/29","凱基-台北",5855,11898,-6043
"14945","2888新光金","110/07/29","元富-草屯",2193,2,2191
"14946","2888新光金","110/07/29","瑞士信貸",161,6090,-5929
"14947","2888新光金","110/07/29","華南永昌-南京",2059,21,2038
"14948","2888新光金","110/07/29","永豐金-萬盛",124,3599,-3475
"14949","2888新光金","110/07/29","凱基-市政",1558,0,1558
"14950","2888新光金","110/07/29","群益金鼎-大安",2,3306,-3304
"14951","2888新光金","110/07/29","法銀巴黎",1234,0,1234
"14952","2888新光金","110/07/29","凱基-復興",15,3015,-3000
"14953","2888新光金","110/07/29","永豐金-台中",1166,49,1117
"14954","2888新光金","110/07/29","新加坡商瑞銀",1429,4265,-2836
"14955","2888新光金","110/07/29","群益金鼎-崇德",1083,10,1073
"14956","2888新光金","110/07/29","凱基-大安",10,2564,-2554
"14957","2888新光金","110/07/29","兆豐-竹北",1002,29,973
"14958","2888新光金","110/07/29","中國信託",46,2012,-1966
"14959","2888新光金","110/07/29","美林",1767,804,963
"14960","2888新光金","110/07/29","群益金鼎-台北",10,1875,-1865
"14961","2888新光金","110/07/29","元大-三重",882,0,882
"14962","2888新光金","110/07/29","元富-城東",142,1856,-1714
"14963","2888新光金","110/07/29","元大-豐原站前",983,114,869
"14964","2888新光金","110/07/29","華南永昌-忠孝",10,1600,-1590
"14965","2888新光金","110/07/29","元大-北港",868,5,863
"14966","2888新光金","110/07/29","永豐金-信義",10,1497,-1487
"14967","2888新光金","110/07/29","合庫-台中",891,54,837
"14968","2888新光金","110/07/29","富邦-建國",350,1736,-1386
"14969","2888新光金","110/07/29","統一-汐止",725,14,711
"14970","2888新光金","110/07/29","富邦-新營",60,1402,-1342
"14971","1340勝悅","110/07/29","新光-新竹",18,0,18
"14972","1340勝悅","110/07/29","瑞士信貸",0,8,-8
"14973","1340勝悅","110/07/29","華南永昌-彰化",5,0,5
"14974","1340勝悅","110/07/29","台新證券",0,7,-7
"14975","1340勝悅","110/07/29","元大-六合",5,0,5
"14976","1340勝悅","110/07/29","元富-緯城",0,5,-5
"14977","1340勝悅","110/07/29","第一金-自由",4,0,4
"14978","1340勝悅","110/07/29","兆豐-南京",0,5,-5
"14979","1340勝悅","110/07/29","新光",4,0,4
"14980","1340勝悅","110/07/29","富邦-南屯",0,5,-5
"14981","1340勝悅","110/07/29","美商高盛",3,0,3
"14982","1340勝悅","110/07/29","元富-安南",0,4,-4
"14983","1340勝悅","110/07/29","元富-彰化",3,0,3
"14984","1340勝悅","110/07/29","兆豐-三民",0,4,-4
"14985","1340勝悅","110/07/29","大昌",2,0,2
"14986","1340勝悅","110/07/29","兆豐-松德",0,4,-4
"14987","1340勝悅","110/07/29","兆豐-大安",2,0,2
"14988","1340勝悅","110/07/29","國票-台中",0,4,-4
"14989","1340勝悅","110/07/29","摩根大通",2,0,2
"14990","1340勝悅","110/07/29","第一金-路竹",0,3,-3
"14991","1340勝悅","110/07/29","新光-台中",2,0,2
"14992","1340勝悅","110/07/29","統一-城中",2,4,-2
"14993","1340勝悅","110/07/29","凱基-八德",2,0,2
"14994","1340勝悅","110/07/29","元富-同大",0,2,-2
"14995","1340勝悅","110/07/29","合庫-高雄",1,0,1
"14996","1340勝悅","110/07/29","台新-高雄",0,2,-2
"14997","1340勝悅","110/07/29","日進",1,0,1
"14998","1340勝悅","110/07/29","凱基-北門",0,2,-2
"14999","1340勝悅","110/07/29","新光-台南",1,0,1
"15000","1340勝悅","110/07/29","元大-汐止",0,2,-2
"15001","6246臺龍","110/07/29","港商野村",38,1,37
"15002","6246臺龍","110/07/29","玉山-台南",0,27,-27
"15003","6246臺龍","110/07/29","凱基-幸福",25,0,25
"15004","6246臺龍","110/07/29","國泰-忠孝",0,25,-25
"15005","6246臺龍","110/07/29","亞東-板橋",16,0,16
"15006","6246臺龍","110/07/29","光和",0,21,-21
"15007","6246臺龍","110/07/29","元大-台中",10,0,10
"15008","6246臺龍","110/07/29","第一金-安和",0,20,-20
"15009","6246臺龍","110/07/29","兆豐-松德",9,0,9
"15010","6246臺龍","110/07/29","兆豐-竹北",5,25,-20
"15011","6246臺龍","110/07/29","兆豐-公益",8,0,8
"15012","6246臺龍","110/07/29","元大-大里",0,20,-20
"15013","6246臺龍","110/07/29","華南永昌",7,0,7
"15014","6246臺龍","110/07/29","台新-台南",0,15,-15
"15015","6246臺龍","110/07/29","日盛-斗六",6,0,6
"15016","6246臺龍","110/07/29","永豐金-羅東",2,15,-13
"15017","6246臺龍","110/07/29","元富-中港",6,0,6
"15018","6246臺龍","110/07/29","元大-博愛",1,10,-9
"15019","6246臺龍","110/07/29","台新證券",8,2,6
"15020","6246臺龍","110/07/29","宏遠-台中",0,5,-5
"15021","6246臺龍","110/07/29","臺銀-臺中",5,0,5
"15022","6246臺龍","110/07/29","台新-左楠",0,5,-5
"15023","6246臺龍","110/07/29","元富-宜蘭",5,0,5
"15024","6246臺龍","110/07/29","中農",0,5,-5
"15025","6246臺龍","110/07/29","德信-新營",5,0,5
"15026","6246臺龍","110/07/29","群益金鼎-竹南",0,5,-5
"15027","6246臺龍","110/07/29","新光-新竹",5,0,5
"15028","6246臺龍","110/07/29","凱基-科園",0,5,-5
"15029","6246臺龍","110/07/29","國泰-敦南",10,5,5
"15030","6246臺龍","110/07/29","日盛-宜蘭",1,5,-4
"15031","00715L期街口布蘭特正2","110/07/29","永豐金證券",2129,2,2127
"15032","00715L期街口布蘭特正2","110/07/29","國票-博愛",55,702,-647
"15033","00715L期街口布蘭特正2","110/07/29","元大證券",1918,115,1803
"15034","00715L期街口布蘭特正2","110/07/29","富邦-彰化",0,605,-605
"15035","00715L期街口布蘭特正2","110/07/29","統一",1050,313,737
"15036","00715L期街口布蘭特正2","110/07/29","元大-前金",0,440,-440
"15037","00715L期街口布蘭特正2","110/07/29","港商野村",821,263,558
"15038","00715L期街口布蘭特正2","110/07/29","群益金鼎-崇德",0,340,-340
"15039","00715L期街口布蘭特正2","110/07/29","永豐金-內湖",500,0,500
"15040","00715L期街口布蘭特正2","110/07/29","元富-板橋",7,330,-323
"15041","00715L期街口布蘭特正2","110/07/29","元富-大裕",505,23,482
"15042","00715L期街口布蘭特正2","110/07/29","元大-三重",3,200,-197
"15043","00715L期街口布蘭特正2","110/07/29","國票-台中",276,0,276
"15044","00715L期街口布蘭特正2","110/07/29","凱基-東勢",5,194,-189
"15045","00715L期街口布蘭特正2","110/07/29","統一-高雄",300,118,182
"15046","00715L期街口布蘭特正2","110/07/29","富邦-台北",0,181,-181
"15047","00715L期街口布蘭特正2","110/07/29","群益金鼎-瑞豐",180,0,180
"15048","00715L期街口布蘭特正2","110/07/29","大慶-中和",0,174,-174
"15049","00715L期街口布蘭特正2","110/07/29","元大-南崁",128,0,128
"15050","00715L期街口布蘭特正2","110/07/29","永豐金-萬盛",0,153,-153
"15051","00715L期街口布蘭特正2","110/07/29","大慶-蘆洲",106,0,106
"15052","00715L期街口布蘭特正2","110/07/29","元大-開元",0,151,-151
"15053","00715L期街口布蘭特正2","110/07/29","統一-中壢",100,0,100
"15054","00715L期街口布蘭特正2","110/07/29","日盛-新竹",0,126,-126
"15055","00715L期街口布蘭特正2","110/07/29","第一金-自由",100,2,98
"15056","00715L期街口布蘭特正2","110/07/29","凱基-豐中",0,123,-123
"15057","00715L期街口布蘭特正2","110/07/29","華南永昌-內壢",100,2,98
"15058","00715L期街口布蘭特正2","110/07/29","元大-東泰",0,122,-122
"15059","00715L期街口布蘭特正2","110/07/29","永豐金-板橋",98,0,98
"15060","00715L期街口布蘭特正2","110/07/29","台新-高雄",0,121,-121
"15061","8941關中","110/07/29","富邦-仁愛",1,0,1
"15062","8941關中","110/07/29","富邦-員林",0,1,-1
"15063","8941關中","110/07/29","康和-板橋",0,0,0
"15064","8941關中","110/07/29","康和-板橋",0,0,0
"15065","8941關中","110/07/29","玉山證券",0,0,0
"15066","8941關中","110/07/29","玉山證券",0,0,0
"15067","8941關中","110/07/29","玉山-數位",0,0,0
"15068","8941關中","110/07/29","玉山-數位",0,0,0
"15069","8941關中","110/07/29","凱基-市府",0,0,0
"15070","8941關中","110/07/29","凱基-市府",0,0,0
"15071","8941關中","110/07/29","元大-鶯歌",0,0,0
"15072","8941關中","110/07/29","元大-鶯歌",0,0,0
"15073","8941關中","110/07/29","元大-花蓮",0,0,0
"15074","8941關中","110/07/29","元大-花蓮",0,0,0
"15075","8941關中","110/07/29","",NA,NA,NA
"15076","8941關中","110/07/29","",NA,NA,NA
"15077","8941關中","110/07/29","",NA,NA,NA
"15078","8941關中","110/07/29","",NA,NA,NA
"15079","8941關中","110/07/29","",NA,NA,NA
"15080","8941關中","110/07/29","",NA,NA,NA
"15081","8941關中","110/07/29","",NA,NA,NA
"15082","8941關中","110/07/29","",NA,NA,NA
"15083","8941關中","110/07/29","",NA,NA,NA
"15084","8941關中","110/07/29","",NA,NA,NA
"15085","8941關中","110/07/29","",NA,NA,NA
"15086","8941關中","110/07/29","",NA,NA,NA
"15087","8941關中","110/07/29","",NA,NA,NA
"15088","8941關中","110/07/29","",NA,NA,NA
"15089","8941關中","110/07/29","",NA,NA,NA
"15090","8941關中","110/07/29","",NA,NA,NA
"15091","8936國統","110/07/29","新加坡商瑞銀",89,19,70
"15092","8936國統","110/07/29","日盛-忠孝",11,135,-124
"15093","8936國統","110/07/29","瑞士信貸",55,3,52
"15094","8936國統","110/07/29","元富-敦南",0,80,-80
"15095","8936國統","110/07/29","凱基-台北",48,3,45
"15096","8936國統","110/07/29","康和",0,20,-20
"15097","8936國統","110/07/29","摩根大通",97,60,37
"15098","8936國統","110/07/29","元大-竹科",0,20,-20
"15099","8936國統","110/07/29","美林",27,2,25
"15100","8936國統","110/07/29","永豐金-桃園",0,19,-19
"15101","8936國統","110/07/29","凱基-三多",25,0,25
"15102","8936國統","110/07/29","群益金鼎-高盛",0,14,-14
"15103","8936國統","110/07/29","凱基-北門",27,2,25
"15104","8936國統","110/07/29","元富-安南",2,15,-13
"15105","8936國統","110/07/29","兆豐-桃鶯",30,10,20
"15106","8936國統","110/07/29","富邦-內湖",2,15,-13
"15107","8936國統","110/07/29","永豐金-台中",20,0,20
"15108","8936國統","110/07/29","元大-復北",0,11,-11
"15109","8936國統","110/07/29","台灣摩根士丹利",30,12,18
"15110","8936國統","110/07/29","合庫-鳳山",0,10,-10
"15111","8936國統","110/07/29","兆豐-大同",15,0,15
"15112","8936國統","110/07/29","元富-潮州",0,10,-10
"15113","8936國統","110/07/29","新光-台中",39,24,15
"15114","8936國統","110/07/29","群益金鼎-台北",0,10,-10
"15115","8936國統","110/07/29","兆豐-新營",10,0,10
"15116","8936國統","110/07/29","凱基-高雄",20,30,-10
"15117","8936國統","110/07/29","台新-高雄",10,0,10
"15118","8936國統","110/07/29","富邦-桃園",0,10,-10
"15119","8936國統","110/07/29","玉山-士林",10,0,10
"15120","8936國統","110/07/29","新光",1,10,-9
"15121","6226光鼎","110/07/29","台新-台中",396,46,350
"15122","6226光鼎","110/07/29","群益金鼎-東大",11,309,-298
"15123","6226光鼎","110/07/29","元富-永和",242,0,242
"15124","6226光鼎","110/07/29","日盛證券",2,176,-174
"15125","6226光鼎","110/07/29","永豐金-古亭",200,0,200
"15126","6226光鼎","110/07/29","國泰-敦南",90,197,-107
"15127","6226光鼎","110/07/29","華南永昌",216,46,170
"15128","6226光鼎","110/07/29","元大-雙和",16,111,-95
"15129","6226光鼎","110/07/29","國票-北高雄",188,36,152
"15130","6226光鼎","110/07/29","元大-大統",2,94,-92
"15131","6226光鼎","110/07/29","國票-台南",120,4,116
"15132","6226光鼎","110/07/29","元大-板橋",5,78,-73
"15133","6226光鼎","110/07/29","永豐金證券",101,3,98
"15134","6226光鼎","110/07/29","群益金鼎-萬華",46,111,-65
"15135","6226光鼎","110/07/29","富邦-建國",125,28,97
"15136","6226光鼎","110/07/29","華南永昌-竹北",1,60,-59
"15137","6226光鼎","110/07/29","群益金鼎-土城",94,9,85
"15138","6226光鼎","110/07/29","玉山證券",28,86,-58
"15139","6226光鼎","110/07/29","元富-四維",82,4,78
"15140","6226光鼎","110/07/29","元大-土城學府",13,68,-55
"15141","6226光鼎","110/07/29","元大-鳳中",69,15,54
"15142","6226光鼎","110/07/29","元大-豐原",5,59,-54
"15143","6226光鼎","110/07/29","台新-新莊",54,1,53
"15144","6226光鼎","110/07/29","統一",56,107,-51
"15145","6226光鼎","110/07/29","中國信託-新竹",63,13,50
"15146","6226光鼎","110/07/29","統一-內湖",0,48,-48
"15147","6226光鼎","110/07/29","群益金鼎-士林",50,0,50
"15148","6226光鼎","110/07/29","元大-東港",2,50,-48
"15149","6226光鼎","110/07/29","台新-高雄",125,80,45
"15150","6226光鼎","110/07/29","元大-太平",1,46,-45
"15151","2363矽統","110/07/29","凱基-台北",2235,1238,997
"15152","2363矽統","110/07/29","康和-台中",10,437,-427
"15153","2363矽統","110/07/29","摩根大通",1784,793,991
"15154","2363矽統","110/07/29","第一金-新興",11,310,-299
"15155","2363矽統","110/07/29","港商野村",1833,1300,533
"15156","2363矽統","110/07/29","瑞士信貸",9,190,-181
"15157","2363矽統","110/07/29","美林",652,288,364
"15158","2363矽統","110/07/29","台新證券",659,808,-149
"15159","2363矽統","110/07/29","元大-台中",376,38,338
"15160","2363矽統","110/07/29","元大-萬華",42,189,-147
"15161","2363矽統","110/07/29","新加坡商瑞銀",748,474,274
"15162","2363矽統","110/07/29","台新-左楠",26,171,-145
"15163","2363矽統","110/07/29","國泰-敦南",566,333,233
"15164","2363矽統","110/07/29","華南永昌-鳳山",116,241,-125
"15165","2363矽統","110/07/29","元大-旗山",299,66,233
"15166","2363矽統","110/07/29","永全-南崁",0,117,-117
"15167","2363矽統","110/07/29","美商高盛",600,433,167
"15168","2363矽統","110/07/29","群益金鼎-桃園",25,131,-106
"15169","2363矽統","110/07/29","元大-永和",146,12,134
"15170","2363矽統","110/07/29","宏遠-新化",3,103,-100
"15171","2363矽統","110/07/29","元大證券",137,9,128
"15172","2363矽統","110/07/29","新光",331,429,-98
"15173","2363矽統","110/07/29","永豐金-彰化",135,10,125
"15174","2363矽統","110/07/29","中國信託-忠孝",101,188,-87
"15175","2363矽統","110/07/29","北城證券",139,19,120
"15176","2363矽統","110/07/29","群益金鼎-建成",11,95,-84
"15177","2363矽統","110/07/29","富邦-高雄",153,34,119
"15178","2363矽統","110/07/29","群益金鼎-三民",23,105,-82
"15179","2363矽統","110/07/29","元大-蘆洲",120,19,101
"15180","2363矽統","110/07/29","元大-豐原",104,186,-82
"15181","8112至上","110/07/29","合庫證券",194,1,193
"15182","8112至上","110/07/29","摩根大通",4,424,-420
"15183","8112至上","110/07/29","美商高盛",154,5,149
"15184","8112至上","110/07/29","日盛-高雄",2,400,-398
"15185","8112至上","110/07/29","永豐金證券",144,0,144
"15186","8112至上","110/07/29","港商法國興業",0,374,-374
"15187","8112至上","110/07/29","新光-台中",123,12,111
"15188","8112至上","110/07/29","凱基-台北",50,312,-262
"15189","8112至上","110/07/29","新加坡商瑞銀",189,83,106
"15190","8112至上","110/07/29","美林",69,232,-163
"15191","8112至上","110/07/29","華南永昌-新莊",73,0,73
"15192","8112至上","110/07/29","兆豐-公益",0,120,-120
"15193","8112至上","110/07/29","新光",108,49,59
"15194","8112至上","110/07/29","瑞士信貸",1,109,-108
"15195","8112至上","110/07/29","元富-文心",45,3,42
"15196","8112至上","110/07/29","華南永昌-小港",4,30,-26
"15197","8112至上","110/07/29","華南永昌-林口",41,0,41
"15198","8112至上","110/07/29","富邦-中壢",1,24,-23
"15199","8112至上","110/07/29","港商野村",146,112,34
"15200","8112至上","110/07/29","元大-歸仁",2,24,-22
"15201","8112至上","110/07/29","臺銀-高雄",30,0,30
"15202","8112至上","110/07/29","華南永昌-麻豆",0,21,-21
"15203","8112至上","110/07/29","元富-佳里",30,0,30
"15204","8112至上","110/07/29","台新-松江",0,20,-20
"15205","8112至上","110/07/29","永豐金-內湖",30,1,29
"15206","8112至上","110/07/29","元大-新莊",1,20,-19
"15207","8112至上","110/07/29","台新-新營",31,3,28
"15208","8112至上","110/07/29","華南永昌-岡山",1,19,-18
"15209","8112至上","110/07/29","永豐金-彰化",27,0,27
"15210","8112至上","110/07/29","元大-崇德",3,20,-17
"15211","1570力肯","110/07/29","群益金鼎-高雄",20,0,20
"15212","1570力肯","110/07/29","聯邦-興中",0,17,-17
"15213","1570力肯","110/07/29","群益金鼎-板橋",16,0,16
"15214","1570力肯","110/07/29","富邦-建國",0,10,-10
"15215","1570力肯","110/07/29","統一-敦南",5,0,5
"15216","1570力肯","110/07/29","凱基-站前",0,5,-5
"15217","1570力肯","110/07/29","元富-松德",4,0,4
"15218","1570力肯","110/07/29","國泰-板橋",0,4,-4
"15219","1570力肯","110/07/29","元大-和平",4,0,4
"15220","1570力肯","110/07/29","統一-土城",0,3,-3
"15221","1570力肯","110/07/29","凱基-幸福",3,0,3
"15222","1570力肯","110/07/29","凱基-大里",0,3,-3
"15223","1570力肯","110/07/29","華南永昌-鳳山",3,0,3
"15224","1570力肯","110/07/29","凱基-台北",0,3,-3
"15225","1570力肯","110/07/29","元大-北港",4,2,2
"15226","1570力肯","110/07/29","元大-屏東民生",0,3,-3
"15227","1570力肯","110/07/29","美林",1,0,1
"15228","1570力肯","110/07/29","元富-緯城",0,2,-2
"15229","1570力肯","110/07/29","國泰-台南",1,0,1
"15230","1570力肯","110/07/29","台新-高雄",0,2,-2
"15231","1570力肯","110/07/29","元大-歸仁",1,0,1
"15232","1570力肯","110/07/29","華南永昌-楠梓",0,2,-2
"15233","1570力肯","110/07/29","元大-松山",1,0,1
"15234","1570力肯","110/07/29","元大-北成功",0,2,-2
"15235","1570力肯","110/07/29","元大-文心興安",1,0,1
"15236","1570力肯","110/07/29","元大-板橋",0,2,-2
"15237","1570力肯","110/07/29","元大-東蘆",1,0,1
"15238","1570力肯","110/07/29","統一-台南",0,1,-1
"15239","1570力肯","110/07/29","群益金鼎-鳳山",0,0,0
"15240","1570力肯","110/07/29","台新證券",0,1,-1
"15241","2929淘帝","110/07/29","新光-新竹",118,13,105
"15242","2929淘帝","110/07/29","元富-敦南",0,91,-91
"15243","2929淘帝","110/07/29","新加坡商瑞銀",56,0,56
"15244","2929淘帝","110/07/29","日盛-板橋中山",0,38,-38
"15245","2929淘帝","110/07/29","凱基-台北",39,4,35
"15246","2929淘帝","110/07/29","群益金鼎-士林",0,20,-20
"15247","2929淘帝","110/07/29","元大-民生",29,0,29
"15248","2929淘帝","110/07/29","華南永昌-敦南",0,20,-20
"15249","2929淘帝","110/07/29","美林",37,9,28
"15250","2929淘帝","110/07/29","高橋-龍潭",3,20,-17
"15251","2929淘帝","110/07/29","元大-承德",15,0,15
"15252","2929淘帝","110/07/29","凱基-中山",4,19,-15
"15253","2929淘帝","110/07/29","第一金-台南",10,0,10
"15254","2929淘帝","110/07/29","富邦-台北",0,15,-15
"15255","2929淘帝","110/07/29","富邦-桃園",9,0,9
"15256","2929淘帝","110/07/29","元富-台中",0,14,-14
"15257","2929淘帝","110/07/29","港商野村",17,10,7
"15258","2929淘帝","110/07/29","台新-建北",0,13,-13
"15259","2929淘帝","110/07/29","台中銀-豐原",6,0,6
"15260","2929淘帝","110/07/29","永豐金-敦南",0,12,-12
"15261","2929淘帝","110/07/29","元大-文心興安",6,0,6
"15262","2929淘帝","110/07/29","新光-台南",0,11,-11
"15263","2929淘帝","110/07/29","德信-新營",5,0,5
"15264","2929淘帝","110/07/29","宏遠-光隆",0,10,-10
"15265","2929淘帝","110/07/29","元大-博愛",5,0,5
"15266","2929淘帝","110/07/29","元大-嘉義",0,6,-6
"15267","2929淘帝","110/07/29","元大-員林",5,0,5
"15268","2929淘帝","110/07/29","日茂-南投",0,5,-5
"15269","2929淘帝","110/07/29","富邦-中壢",4,0,4
"15270","2929淘帝","110/07/29","新光",0,5,-5
"15271","5410國眾","110/07/29","兆豐-城中",32,0,32
"15272","5410國眾","110/07/29","第一金-台南",0,51,-51
"15273","5410國眾","110/07/29","新加坡商瑞銀",19,0,19
"15274","5410國眾","110/07/29","元富-大昌",0,13,-13
"15275","5410國眾","110/07/29","華南永昌-新莊",16,0,16
"15276","5410國眾","110/07/29","臺銀-臺南",0,12,-12
"15277","5410國眾","110/07/29","元大-小港",11,0,11
"15278","5410國眾","110/07/29","日盛-木柵",0,10,-10
"15279","5410國眾","110/07/29","臺銀",10,0,10
"15280","5410國眾","110/07/29","元富-安南",0,10,-10
"15281","5410國眾","110/07/29","臺銀-臺中",10,0,10
"15282","5410國眾","110/07/29","新光",4,13,-9
"15283","5410國眾","110/07/29","宏遠-館前",10,0,10
"15284","5410國眾","110/07/29","永豐金-屏東",0,5,-5
"15285","5410國眾","110/07/29","台新-中壢",10,0,10
"15286","5410國眾","110/07/29","永豐金-苓雅",0,5,-5
"15287","5410國眾","110/07/29","摩根大通",10,1,9
"15288","5410國眾","110/07/29","國票-台南",0,4,-4
"15289","5410國眾","110/07/29","元大-北投",9,0,9
"15290","5410國眾","110/07/29","永豐金-埔里",0,4,-4
"15291","5410國眾","110/07/29","台新證券",7,1,6
"15292","5410國眾","110/07/29","光和",0,3,-3
"15293","5410國眾","110/07/29","元富-新竹",5,0,5
"15294","5410國眾","110/07/29","凱基-汐止",0,3,-3
"15295","5410國眾","110/07/29","凱基-竹北",5,0,5
"15296","5410國眾","110/07/29","元大-善化",0,3,-3
"15297","5410國眾","110/07/29","永豐金-敦南",5,1,4
"15298","5410國眾","110/07/29","元大-員林",0,3,-3
"15299","5410國眾","110/07/29","美林",4,1,3
"15300","5410國眾","110/07/29","永豐金-台南",0,3,-3
"15301","2841台開","110/07/29","兆豐-台南",237,0,237
"15302","2841台開","110/07/29","元大-四維",0,184,-184
"15303","2841台開","110/07/29","永豐金-敦南",60,10,50
"15304","2841台開","110/07/29","玉山-新竹",0,145,-145
"15305","2841台開","110/07/29","永豐金-板新",50,0,50
"15306","2841台開","110/07/29","港商野村",0,124,-124
"15307","2841台開","110/07/29","華南永昌-南京",45,2,43
"15308","2841台開","110/07/29","永豐金-台南",0,32,-32
"15309","2841台開","110/07/29","群益金鼎-崇德",23,0,23
"15310","2841台開","110/07/29","華南永昌-公誠",0,23,-23
"15311","2841台開","110/07/29","日盛-園區",20,0,20
"15312","2841台開","110/07/29","元大-善化",0,22,-22
"15313","2841台開","110/07/29","台新-台中",20,0,20
"15314","2841台開","110/07/29","元大-豐原",0,20,-20
"15315","2841台開","110/07/29","華南永昌-新莊",20,0,20
"15316","2841台開","110/07/29","凱基-台北",0,15,-15
"15317","2841台開","110/07/29","富邦-仁愛",20,0,20
"15318","2841台開","110/07/29","富邦-台北",0,15,-15
"15319","2841台開","110/07/29","新光",15,0,15
"15320","2841台開","110/07/29","臺銀",0,10,-10
"15321","2841台開","110/07/29","華南永昌-台中",15,0,15
"15322","2841台開","110/07/29","元富-三重",0,10,-10
"15323","2841台開","110/07/29","凱基-彰化",13,0,13
"15324","2841台開","110/07/29","元大-林森",0,10,-10
"15325","2841台開","110/07/29","兆豐-台中",10,0,10
"15326","2841台開","110/07/29","光和-花壇",0,9,-9
"15327","2841台開","110/07/29","永豐金-松山",10,0,10
"15328","2841台開","110/07/29","國泰-桃園",1,10,-9
"15329","2841台開","110/07/29","國泰-館前",9,0,9
"15330","2841台開","110/07/29","玉山-嘉義",0,8,-8
"15331","6207雷科","110/07/29","永豐金-古亭",100,0,100
"15332","6207雷科","110/07/29","摩根大通",59,151,-92
"15333","6207雷科","110/07/29","國泰-館前",52,6,46
"15334","6207雷科","110/07/29","凱基-高雄",0,82,-82
"15335","6207雷科","110/07/29","新加坡商瑞銀",41,12,29
"15336","6207雷科","110/07/29","元大-松江",0,25,-25
"15337","6207雷科","110/07/29","大慶-蘆洲",29,6,23
"15338","6207雷科","110/07/29","元大-雙和",2,25,-23
"15339","6207雷科","110/07/29","永豐金-羅東",21,0,21
"15340","6207雷科","110/07/29","港商野村",16,36,-20
"15341","6207雷科","110/07/29","統一-南京",16,0,16
"15342","6207雷科","110/07/29","盈溢-楠梓",0,20,-20
"15343","6207雷科","110/07/29","凱基-台北",45,29,16
"15344","6207雷科","110/07/29","統一",2,20,-18
"15345","6207雷科","110/07/29","富邦-敦南",16,0,16
"15346","6207雷科","110/07/29","日盛-新竹",1,16,-15
"15347","6207雷科","110/07/29","統一-高雄",15,0,15
"15348","6207雷科","110/07/29","康和-台中",0,15,-15
"15349","6207雷科","110/07/29","台新-中壢",11,0,11
"15350","6207雷科","110/07/29","凱基-竹科",0,13,-13
"15351","6207雷科","110/07/29","台灣企銀-竹北",10,0,10
"15352","6207雷科","110/07/29","元大-鳳中",0,12,-12
"15353","6207雷科","110/07/29","宏遠證券",10,0,10
"15354","6207雷科","110/07/29","元大-土城",0,12,-12
"15355","6207雷科","110/07/29","中國信託-忠孝",10,0,10
"15356","6207雷科","110/07/29","華南永昌-高雄",0,11,-11
"15357","6207雷科","110/07/29","大昌-桃園",11,1,10
"15358","6207雷科","110/07/29","元大-木柵",0,10,-10
"15359","6207雷科","110/07/29","玉山-城中",11,1,10
"15360","6207雷科","110/07/29","日盛-板橋",1,10,-9
"15361","3679新至陞","110/07/29","華南永昌-淡水",5,0,5
"15362","3679新至陞","110/07/29","元富-板橋",0,16,-16
"15363","3679新至陞","110/07/29","富邦-新竹華信",5,0,5
"15364","3679新至陞","110/07/29","凱基-台北",0,8,-8
"15365","3679新至陞","110/07/29","永豐金-中和",5,0,5
"15366","3679新至陞","110/07/29","摩根大通",1,6,-5
"15367","3679新至陞","110/07/29","富邦-台北",4,0,4
"15368","3679新至陞","110/07/29","美林",0,4,-4
"15369","3679新至陞","110/07/29","元富-彰化",2,0,2
"15370","3679新至陞","110/07/29","瑞士信貸",0,4,-4
"15371","3679新至陞","110/07/29","兆豐-台中港",2,0,2
"15372","3679新至陞","110/07/29","元大-成功",0,3,-3
"15373","3679新至陞","110/07/29","富邦-三重",2,0,2
"15374","3679新至陞","110/07/29","統一-台南",0,2,-2
"15375","3679新至陞","110/07/29","元大-沙鹿",2,0,2
"15376","3679新至陞","110/07/29","元富-新興",0,2,-2
"15377","3679新至陞","110/07/29","元大-福營",2,0,2
"15378","3679新至陞","110/07/29","凱基-竹科",0,2,-2
"15379","3679新至陞","110/07/29","元大-花蓮",2,0,2
"15380","3679新至陞","110/07/29","元大證券",0,2,-2
"15381","3679新至陞","110/07/29","元大-板橋",2,0,2
"15382","3679新至陞","110/07/29","日盛-北高雄",0,1,-1
"15383","3679新至陞","110/07/29","永豐金-台南",2,0,2
"15384","3679新至陞","110/07/29","宏遠-高雄",0,1,-1
"15385","3679新至陞","110/07/29","合庫-彰化",1,0,1
"15386","3679新至陞","110/07/29","花旗環球",0,1,-1
"15387","3679新至陞","110/07/29","臺銀-臺南",1,0,1
"15388","3679新至陞","110/07/29","華南永昌-岡山",0,1,-1
"15389","3679新至陞","110/07/29","永興-水湳",1,0,1
"15390","3679新至陞","110/07/29","元大-佳里",0,1,-1
"15391","2727王品","110/07/29","第一金",30,0,30
"15392","2727王品","110/07/29","元大-高雄",1,93,-92
"15393","2727王品","110/07/29","港商麥格理",22,0,22
"15394","2727王品","110/07/29","新加坡商瑞銀",5,82,-77
"15395","2727王品","110/07/29","國票-北高雄",24,2,22
"15396","2727王品","110/07/29","美林",0,27,-27
"15397","2727王品","110/07/29","日盛-忠孝",21,0,21
"15398","2727王品","110/07/29","港商野村",21,48,-27
"15399","2727王品","110/07/29","新光",22,3,19
"15400","2727王品","110/07/29","凱基-台北",43,61,-18
"15401","2727王品","110/07/29","國泰-敦南",18,7,11
"15402","2727王品","110/07/29","華南永昌-麻豆",0,18,-18
"15403","2727王品","110/07/29","凱基-五股",11,0,11
"15404","2727王品","110/07/29","國泰-台中",2,17,-15
"15405","2727王品","110/07/29","兆豐-鹿港",12,2,10
"15406","2727王品","110/07/29","永豐金-桃盛",0,15,-15
"15407","2727王品","110/07/29","凱基-埔墘",10,0,10
"15408","2727王品","110/07/29","美商高盛",1,15,-14
"15409","2727王品","110/07/29","永豐金-潮州",10,0,10
"15410","2727王品","110/07/29","玉山證券",4,15,-11
"15411","2727王品","110/07/29","統一",12,4,8
"15412","2727王品","110/07/29","摩根大通",12,22,-10
"15413","2727王品","110/07/29","國泰-板橋",7,0,7
"15414","2727王品","110/07/29","元大-四維",2,12,-10
"15415","2727王品","110/07/29","彰銀-台中",7,1,6
"15416","2727王品","110/07/29","凱基-興隆",0,9,-9
"15417","2727王品","110/07/29","新光-高雄",12,6,6
"15418","2727王品","110/07/29","瑞士信貸",0,8,-8
"15419","2727王品","110/07/29","玉山-數位",6,0,6
"15420","2727王品","110/07/29","大昌-桃園",0,7,-7
"15421","1570力肯","110/07/29","群益金鼎-高雄",20,0,20
"15422","1570力肯","110/07/29","聯邦-興中",0,17,-17
"15423","1570力肯","110/07/29","群益金鼎-板橋",16,0,16
"15424","1570力肯","110/07/29","富邦-建國",0,10,-10
"15425","1570力肯","110/07/29","統一-敦南",5,0,5
"15426","1570力肯","110/07/29","凱基-站前",0,5,-5
"15427","1570力肯","110/07/29","元富-松德",4,0,4
"15428","1570力肯","110/07/29","國泰-板橋",0,4,-4
"15429","1570力肯","110/07/29","元大-和平",4,0,4
"15430","1570力肯","110/07/29","統一-土城",0,3,-3
"15431","1570力肯","110/07/29","凱基-幸福",3,0,3
"15432","1570力肯","110/07/29","凱基-大里",0,3,-3
"15433","1570力肯","110/07/29","華南永昌-鳳山",3,0,3
"15434","1570力肯","110/07/29","凱基-台北",0,3,-3
"15435","1570力肯","110/07/29","元大-北港",4,2,2
"15436","1570力肯","110/07/29","元大-屏東民生",0,3,-3
"15437","1570力肯","110/07/29","美林",1,0,1
"15438","1570力肯","110/07/29","元富-緯城",0,2,-2
"15439","1570力肯","110/07/29","國泰-台南",1,0,1
"15440","1570力肯","110/07/29","台新-高雄",0,2,-2
"15441","1570力肯","110/07/29","元大-歸仁",1,0,1
"15442","1570力肯","110/07/29","華南永昌-楠梓",0,2,-2
"15443","1570力肯","110/07/29","元大-松山",1,0,1
"15444","1570力肯","110/07/29","元大-北成功",0,2,-2
"15445","1570力肯","110/07/29","元大-文心興安",1,0,1
"15446","1570力肯","110/07/29","元大-板橋",0,2,-2
"15447","1570力肯","110/07/29","元大-東蘆",1,0,1
"15448","1570力肯","110/07/29","統一-台南",0,1,-1
"15449","1570力肯","110/07/29","群益金鼎-鳳山",0,0,0
"15450","1570力肯","110/07/29","台新證券",0,1,-1
"15451","6180橘子","110/07/29","凱基-台北",50,4,46
"15452","6180橘子","110/07/29","兆豐證券",0,95,-95
"15453","6180橘子","110/07/29","花旗環球",25,0,25
"15454","6180橘子","110/07/29","香港上海匯豐",0,74,-74
"15455","6180橘子","110/07/29","瑞士信貸",26,2,24
"15456","6180橘子","110/07/29","福勝",0,24,-24
"15457","6180橘子","110/07/29","兆豐-大同",20,0,20
"15458","6180橘子","110/07/29","第一金-安和",0,20,-20
"15459","6180橘子","110/07/29","新光-台中",17,0,17
"15460","6180橘子","110/07/29","永豐金-敦北",0,18,-18
"15461","6180橘子","110/07/29","元大-南屯",15,0,15
"15462","6180橘子","110/07/29","致和-崇德",0,10,-10
"15463","6180橘子","110/07/29","摩根大通",54,40,14
"15464","6180橘子","110/07/29","玉山-台大",0,10,-10
"15465","6180橘子","110/07/29","玉山-桃園",10,0,10
"15466","6180橘子","110/07/29","元大-四維",0,10,-10
"15467","6180橘子","110/07/29","永豐金-中正",10,0,10
"15468","6180橘子","110/07/29","元大-小港",0,8,-8
"15469","6180橘子","110/07/29","元富-三重",8,0,8
"15470","6180橘子","110/07/29","台灣摩根士丹利",7,13,-6
"15471","6180橘子","110/07/29","國泰-新莊",9,1,8
"15472","6180橘子","110/07/29","群益金鼎-丹鳳",0,6,-6
"15473","6180橘子","110/07/29","元大-木柵",8,0,8
"15474","6180橘子","110/07/29","永豐金-南京",2,8,-6
"15475","6180橘子","110/07/29","國票-敦北法人",7,0,7
"15476","6180橘子","110/07/29","日盛-頭份",5,10,-5
"15477","6180橘子","110/07/29","元大證券",7,0,7
"15478","6180橘子","110/07/29","宏遠-高雄",0,5,-5
"15479","6180橘子","110/07/29","高橋",6,0,6
"15480","6180橘子","110/07/29","第一金-中山",1,5,-4
"15481","2390云辰","110/07/29","元大-永和",561,61,500
"15482","2390云辰","110/07/29","摩根大通",152,377,-225
"15483","2390云辰","110/07/29","台灣摩根士丹利",163,1,162
"15484","2390云辰","110/07/29","元富-同大",3,139,-136
"15485","2390云辰","110/07/29","元大-善化",87,0,87
"15486","2390云辰","110/07/29","豐農",3,128,-125
"15487","2390云辰","110/07/29","元大-草屯",89,6,83
"15488","2390云辰","110/07/29","美商高盛",6,88,-82
"15489","2390云辰","110/07/29","富邦-羅東",74,10,64
"15490","2390云辰","110/07/29","美林",43,112,-69
"15491","2390云辰","110/07/29","元大-鑫永和",61,1,60
"15492","2390云辰","110/07/29","元大-發財",4,61,-57
"15493","2390云辰","110/07/29","元富-高雄",93,40,53
"15494","2390云辰","110/07/29","大慶-泰山",0,51,-51
"15495","2390云辰","110/07/29","台新-左楠",43,1,42
"15496","2390云辰","110/07/29","群益金鼎",5,49,-44
"15497","2390云辰","110/07/29","日盛-永康",35,2,33
"15498","2390云辰","110/07/29","元大-松江",0,40,-40
"15499","2390云辰","110/07/29","玉山-板橋",37,5,32
"15500","2390云辰","110/07/29","統一-新台中",123,161,-38
"15501","2390云辰","110/07/29","日盛-板橋中山",45,15,30
"15502","2390云辰","110/07/29","兆豐-員林",0,35,-35
"15503","2390云辰","110/07/29","元大-大統",30,0,30
"15504","2390云辰","110/07/29","第一金-新竹",1,35,-34
"15505","2390云辰","110/07/29","元大-竹北",30,1,29
"15506","2390云辰","110/07/29","日盛-員林",3,33,-30
"15507","2390云辰","110/07/29","元大-北屯",26,0,26
"15508","2390云辰","110/07/29","新光",40,70,-30
"15509","2390云辰","110/07/29","元大-林園",25,0,25
"15510","2390云辰","110/07/29","永豐金-松山",21,49,-28
"15511","1471首利","110/07/28","美林",138,26,112
"15512","1471首利","110/07/28","玉山-台大",0,234,-234
"15513","1471首利","110/07/28","摩根大通",164,80,84
"15514","1471首利","110/07/28","國票-九鼎",0,149,-149
"15515","1471首利","110/07/28","(牛牛牛)亞-鑫豐",65,0,65
"15516","1471首利","110/07/28","台中銀",0,69,-69
"15517","1471首利","110/07/28","大昌-新店",44,0,44
"15518","1471首利","110/07/28","元大-博愛",0,32,-32
"15519","1471首利","110/07/28","玉山-桃園",69,30,39
"15520","1471首利","110/07/28","凱基-竹北",0,30,-30
"15521","1471首利","110/07/28","兆豐-鹿港",28,0,28
"15522","1471首利","110/07/28","富邦-苗栗",0,30,-30
"15523","1471首利","110/07/28","聯邦-高雄",21,0,21
"15524","1471首利","110/07/28","港商法國興業",0,22,-22
"15525","1471首利","110/07/28","永豐金-中正",21,0,21
"15526","1471首利","110/07/28","國票-安和",0,20,-20
"15527","1471首利","110/07/28","第一金-高雄",16,0,16
"15528","1471首利","110/07/28","華南永昌-苑裡",0,15,-15
"15529","1471首利","110/07/28","統一-桃園",13,0,13
"15530","1471首利","110/07/28","日盛-中壢",0,13,-13
"15531","1471首利","110/07/28","新光-台中",19,6,13
"15532","1471首利","110/07/28","玉山-台南",0,13,-13
"15533","1471首利","110/07/28","彰銀-七賢",11,0,11
"15534","1471首利","110/07/28","凱基-桃園",0,12,-12
"15535","1471首利","110/07/28","第一金-台南",11,0,11
"15536","1471首利","110/07/28","聯邦-雙和",0,11,-11
"15537","1471首利","110/07/28","台新證券",11,0,11
"15538","1471首利","110/07/28","統一-新營",0,10,-10
"15539","1471首利","110/07/28","凱基-東勢",11,0,11
"15540","1471首利","110/07/28","凱基-城中",0,10,-10
"15541","2883開發金","110/07/28","摩根大通",5171,647,4524
"15542","2883開發金","110/07/28","台灣摩根士丹利",921,11451,-10530
"15543","2883開發金","110/07/28","瑞士信貸",4234,62,4172
"15544","2883開發金","110/07/28","美商高盛",522,3615,-3093
"15545","2883開發金","110/07/28","國泰證券",2247,28,2219
"15546","2883開發金","110/07/28","(牛牛牛)亞證券",0,3000,-3000
"15547","2883開發金","110/07/28","元大證券",2306,91,2215
"15548","2883開發金","110/07/28","康和-仁愛",17,3004,-2987
"15549","2883開發金","110/07/28","元富-城東",2203,113,2090
"15550","2883開發金","110/07/28","第一金",18,2301,-2283
"15551","2883開發金","110/07/28","新加坡商瑞銀",1840,81,1759
"15552","2883開發金","110/07/28","凱基-台北",3735,5169,-1434
"15553","2883開發金","110/07/28","永豐金-彰化",1682,27,1655
"15554","2883開發金","110/07/28","宏遠-高雄",4,1420,-1416
"15555","2883開發金","110/07/28","日盛證券",1637,9,1628
"15556","2883開發金","110/07/28","亞東-板橋",507,1722,-1215
"15557","2883開發金","110/07/28","元大-彰化",1183,11,1172
"15558","2883開發金","110/07/28","凱基-豐中",32,1127,-1095
"15559","2883開發金","110/07/28","美林",2507,1378,1129
"15560","2883開發金","110/07/28","群益金鼎-三重",65,993,-928
"15561","2883開發金","110/07/28","華南永昌",1204,239,965
"15562","2883開發金","110/07/28","元大-羅東",30,872,-842
"15563","2883開發金","110/07/28","日盛-台南",816,6,810
"15564","2883開發金","110/07/28","花旗環球",188,1004,-816
"15565","2883開發金","110/07/28","台新-松江",722,40,682
"15566","2883開發金","110/07/28","華南永昌-朴子",33,716,-683
"15567","2883開發金","110/07/28","新光-台中",858,231,627
"15568","2883開發金","110/07/28","元大-永和",31,700,-669
"15569","2883開發金","110/07/28","凱基-員林",634,25,609
"15570","2883開發金","110/07/28","玉山-台南",97,738,-641
"15571","6205詮欣","110/07/28","臺銀",30,0,30
"15572","6205詮欣","110/07/28","台灣摩根士丹利",0,59,-59
"15573","6205詮欣","110/07/28","元大-善化",30,0,30
"15574","6205詮欣","110/07/28","凱基-大安",0,50,-50
"15575","6205詮欣","110/07/28","日盛證券",16,0,16
"15576","6205詮欣","110/07/28","元大-板橋",0,20,-20
"15577","6205詮欣","110/07/28","元大-土城學府",15,3,12
"15578","6205詮欣","110/07/28","摩根大通",17,30,-13
"15579","6205詮欣","110/07/28","臺銀-民權",10,0,10
"15580","6205詮欣","110/07/28","凱基-台北",0,11,-11
"15581","6205詮欣","110/07/28","德信-新營",10,0,10
"15582","6205詮欣","110/07/28","新加坡商瑞銀",0,10,-10
"15583","6205詮欣","110/07/28","福勝",10,0,10
"15584","6205詮欣","110/07/28","第一金-新竹",0,10,-10
"15585","6205詮欣","110/07/28","元大-清水",10,0,10
"15586","6205詮欣","110/07/28","台新-高雄",0,6,-6
"15587","6205詮欣","110/07/28","新光",9,0,9
"15588","6205詮欣","110/07/28","凱基-三多",0,6,-6
"15589","6205詮欣","110/07/28","群益金鼎-屏東",7,0,7
"15590","6205詮欣","110/07/28","美林",2,7,-5
"15591","6205詮欣","110/07/28","元大-汐止",6,0,6
"15592","6205詮欣","110/07/28","瑞士信貸",0,5,-5
"15593","6205詮欣","110/07/28","統一-屏東",5,0,5
"15594","6205詮欣","110/07/28","中國信託-三重",0,5,-5
"15595","6205詮欣","110/07/28","日盛-三重",4,0,4
"15596","6205詮欣","110/07/28","日盛-雙和",0,4,-4
"15597","6205詮欣","110/07/28","亞東-板橋",4,0,4
"15598","6205詮欣","110/07/28","宏遠-光隆",0,4,-4
"15599","6205詮欣","110/07/28","台中銀",4,0,4
"15600","6205詮欣","110/07/28","兆豐-新莊",0,4,-4
"15601","1540喬福","110/07/28","兆豐-北高雄",48,0,48
"15602","1540喬福","110/07/28","合庫-台中",1,60,-59
"15603","1540喬福","110/07/28","兆豐-台中港",33,0,33
"15604","1540喬福","110/07/28","凱基-台北",0,44,-44
"15605","1540喬福","110/07/28","大慶-中壢",19,0,19
"15606","1540喬福","110/07/28","元大-學甲",0,35,-35
"15607","1540喬福","110/07/28","富邦-員林",18,0,18
"15608","1540喬福","110/07/28","統一-新台中",0,26,-26
"15609","1540喬福","110/07/28","(牛牛牛)亞-鑫豐",12,0,12
"15610","1540喬福","110/07/28","新光-新竹",0,21,-21
"15611","1540喬福","110/07/28","元富-文心",10,0,10
"15612","1540喬福","110/07/28","富邦-台北",0,20,-20
"15613","1540喬福","110/07/28","光和-和美",10,0,10
"15614","1540喬福","110/07/28","富邦-南屯",0,20,-20
"15615","1540喬福","110/07/28","永豐金-三重",9,0,9
"15616","1540喬福","110/07/28","元大-鶯歌",0,10,-10
"15617","1540喬福","110/07/28","臺銀-鳳山",8,0,8
"15618","1540喬福","110/07/28","元大-豐原",0,7,-7
"15619","1540喬福","110/07/28","元大-斗六",7,0,7
"15620","1540喬福","110/07/28","大昌-樹林",0,6,-6
"15621","1540喬福","110/07/28","台新-台中",6,0,6
"15622","1540喬福","110/07/28","新光-桃園",0,5,-5
"15623","1540喬福","110/07/28","華南永昌-中正",6,0,6
"15624","1540喬福","110/07/28","凱基-站前",0,5,-5
"15625","1540喬福","110/07/28","永豐金-台中",6,0,6
"15626","1540喬福","110/07/28","臺銀",0,4,-4
"15627","1540喬福","110/07/28","臺銀-民權",5,0,5
"15628","1540喬福","110/07/28","台新證券",0,3,-3
"15629","1540喬福","110/07/28","元富-中原",5,0,5
"15630","1540喬福","110/07/28","台新-高雄",0,3,-3
"15631","2888新光金","110/07/28","臺銀-高雄",3050,3,3047
"15632","2888新光金","110/07/28","摩根大通",2543,11316,-8773
"15633","2888新光金","110/07/28","元富-城東",2019,129,1890
"15634","2888新光金","110/07/28","香港上海匯豐",120,7576,-7456
"15635","2888新光金","110/07/28","元大證券",2106,407,1699
"15636","2888新光金","110/07/28","凱基-台北",1641,5238,-3597
"15637","2888新光金","110/07/28","凱基-台南",1068,33,1035
"15638","2888新光金","110/07/28","新加坡商瑞銀",0,3572,-3572
"15639","2888新光金","110/07/28","彰銀-台中",1098,75,1023
"15640","2888新光金","110/07/28","台灣摩根士丹利",4358,7129,-2771
"15641","2888新光金","110/07/28","元富-城中",1003,0,1003
"15642","2888新光金","110/07/28","元大-大統",103,2853,-2750
"15643","2888新光金","110/07/28","元大-大天母",1113,119,994
"15644","2888新光金","110/07/28","光和",204,2235,-2031
"15645","2888新光金","110/07/28","元大-仁愛",761,1,760
"15646","2888新光金","110/07/28","兆豐-鹿港",80,1755,-1675
"15647","2888新光金","110/07/28","日盛-雙和",927,179,748
"15648","2888新光金","110/07/28","凱基-市政",17,1447,-1430
"15649","2888新光金","110/07/28","元大-大里",648,0,648
"15650","2888新光金","110/07/28","華南永昌-敦南",66,1320,-1254
"15651","2888新光金","110/07/28","凱基-竹科",2665,2026,639
"15652","2888新光金","110/07/28","法銀巴黎",195,1423,-1228
"15653","2888新光金","110/07/28","日盛-高雄",619,11,608
"15654","2888新光金","110/07/28","臺銀",123,1343,-1220
"15655","2888新光金","110/07/28","群益金鼎-海山",710,151,559
"15656","2888新光金","110/07/28","花旗環球",0,865,-865
"15657","2888新光金","110/07/28","台新證券",855,305,550
"15658","2888新光金","110/07/28","元大-鹿港",46,848,-802
"15659","2888新光金","110/07/28","國泰-敦南",774,237,537
"15660","2888新光金","110/07/28","合庫-台中",121,800,-679
"15661","1340勝悅","110/07/28","新光-台南",50,0,50
"15662","1340勝悅","110/07/28","兆豐-南京",0,25,-25
"15663","1340勝悅","110/07/28","臺銀-臺中",6,0,6
"15664","1340勝悅","110/07/28","凱基-台北",0,22,-22
"15665","1340勝悅","110/07/28","新光",6,0,6
"15666","1340勝悅","110/07/28","美林",0,12,-12
"15667","1340勝悅","110/07/28","臺灣企銀-埔墘",5,0,5
"15668","1340勝悅","110/07/28","群益金鼎-台中",0,11,-11
"15669","1340勝悅","110/07/28","國票-敦北法人",5,0,5
"15670","1340勝悅","110/07/28","合庫-西台中",1,10,-9
"15671","1340勝悅","110/07/28","國泰-高雄",5,0,5
"15672","1340勝悅","110/07/28","元大-基隆孝二",0,8,-8
"15673","1340勝悅","110/07/28","國泰-台中",5,0,5
"15674","1340勝悅","110/07/28","統一-城中",0,7,-7
"15675","1340勝悅","110/07/28","群益金鼎-館前",5,0,5
"15676","1340勝悅","110/07/28","凱基-幸福",0,7,-7
"15677","1340勝悅","110/07/28","中國信託-文心",3,0,3
"15678","1340勝悅","110/07/28","臺銀-新竹",0,5,-5
"15679","1340勝悅","110/07/28","群益金鼎-崇德",3,0,3
"15680","1340勝悅","110/07/28","港商法國興業",0,5,-5
"15681","1340勝悅","110/07/28","元大-永春",3,0,3
"15682","1340勝悅","110/07/28","元大-新竹經國",0,5,-5
"15683","1340勝悅","110/07/28","永豐金-松山",3,0,3
"15684","1340勝悅","110/07/28","台新證券",0,4,-4
"15685","1340勝悅","110/07/28","永豐金-嘉義",3,0,3
"15686","1340勝悅","110/07/28","港商野村",0,3,-3
"15687","1340勝悅","110/07/28","日盛-木柵",2,0,2
"15688","1340勝悅","110/07/28","摩根大通",0,3,-3
"15689","1340勝悅","110/07/28","台新-台中",2,0,2
"15690","1340勝悅","110/07/28","富邦-台北",0,3,-3
"15691","6246臺龍","110/07/28","元大-基隆孝二",32,0,32
"15692","6246臺龍","110/07/28","永豐金-桃園",4,135,-131
"15693","6246臺龍","110/07/28","合庫-台中",30,0,30
"15694","6246臺龍","110/07/28","港商野村",5,93,-88
"15695","6246臺龍","110/07/28","元大-木柵",30,0,30
"15696","6246臺龍","110/07/28","凱基-台北",9,65,-56
"15697","6246臺龍","110/07/28","光和",21,0,21
"15698","6246臺龍","110/07/28","元大-西螺",0,31,-31
"15699","6246臺龍","110/07/28","宏遠-民生",20,0,20
"15700","6246臺龍","110/07/28","群益金鼎-鳳山",0,27,-27
"15701","6246臺龍","110/07/28","第一金-安和",20,0,20
"15702","6246臺龍","110/07/28","元大-西屯",0,25,-25
"15703","6246臺龍","110/07/28","兆豐-竹北",24,4,20
"15704","6246臺龍","110/07/28","永豐金-虎尾",6,27,-21
"15705","6246臺龍","110/07/28","凱基-幸福",20,0,20
"15706","6246臺龍","110/07/28","日盛-台中",1,20,-19
"15707","6246臺龍","110/07/28","德信-新營",19,0,19
"15708","6246臺龍","110/07/28","統一",0,16,-16
"15709","6246臺龍","110/07/28","台新證券",21,4,17
"15710","6246臺龍","110/07/28","群益金鼎-土城",0,16,-16
"15711","6246臺龍","110/07/28","華南永昌-公誠",17,0,17
"15712","6246臺龍","110/07/28","元大-員林",0,15,-15
"15713","6246臺龍","110/07/28","中國信託-文心",15,0,15
"15714","6246臺龍","110/07/28","華南永昌-長虹",0,11,-11
"15715","6246臺龍","110/07/28","群益金鼎-崇德",15,0,15
"15716","6246臺龍","110/07/28","日盛-中壢",0,10,-10
"15717","6246臺龍","110/07/28","兆豐-公益",12,0,12
"15718","6246臺龍","110/07/28","第一金-彰化",0,10,-10
"15719","6246臺龍","110/07/28","國票",12,0,12
"15720","6246臺龍","110/07/28","元富-中原",0,10,-10
"15721","00715L期街口布蘭特正2","110/07/28","永豐金證券",5725,30,5695
"15722","00715L期街口布蘭特正2","110/07/28","元大-四維",0,2013,-2013
"15723","00715L期街口布蘭特正2","110/07/28","元大證券",5235,705,4530
"15724","00715L期街口布蘭特正2","110/07/28","凱基-豐中",0,1536,-1536
"15725","00715L期街口布蘭特正2","110/07/28","國票",2733,11,2722
"15726","00715L期街口布蘭特正2","110/07/28","華南永昌-東昇",0,1010,-1010
"15727","00715L期街口布蘭特正2","110/07/28","富邦證券",2340,417,1923
"15728","00715L期街口布蘭特正2","110/07/28","兆豐-三民",0,1004,-1004
"15729","00715L期街口布蘭特正2","110/07/28","凱基-台北",2241,325,1916
"15730","00715L期街口布蘭特正2","110/07/28","元富-古亭",0,600,-600
"15731","00715L期街口布蘭特正2","110/07/28","統一",1635,132,1503
"15732","00715L期街口布蘭特正2","110/07/28","台新-新營",20,558,-538
"15733","00715L期街口布蘭特正2","110/07/28","國票-中港",1500,0,1500
"15734","00715L期街口布蘭特正2","110/07/28","富邦-台北",0,453,-453
"15735","00715L期街口布蘭特正2","110/07/28","兆豐-台中",525,6,519
"15736","00715L期街口布蘭特正2","110/07/28","港商野村",71,519,-448
"15737","00715L期街口布蘭特正2","110/07/28","合庫證券",1008,500,508
"15738","00715L期街口布蘭特正2","110/07/28","第一金-自由",10,405,-395
"15739","00715L期街口布蘭特正2","110/07/28","永豐金-三重",500,0,500
"15740","00715L期街口布蘭特正2","110/07/28","玉山-高雄",17,387,-370
"15741","00715L期街口布蘭特正2","110/07/28","凱基-市政",500,1,499
"15742","00715L期街口布蘭特正2","110/07/28","統一-桃園",0,331,-331
"15743","00715L期街口布蘭特正2","110/07/28","元富-大裕",500,8,492
"15744","00715L期街口布蘭特正2","110/07/28","元富-中壢",0,309,-309
"15745","00715L期街口布蘭特正2","110/07/28","永豐金-內湖",503,18,485
"15746","00715L期街口布蘭特正2","110/07/28","台新證券",21,329,-308
"15747","00715L期街口布蘭特正2","110/07/28","元富-吉利",280,0,280
"15748","00715L期街口布蘭特正2","110/07/28","國票-台中",0,275,-275
"15749","00715L期街口布蘭特正2","110/07/28","國票-博愛",200,0,200
"15750","00715L期街口布蘭特正2","110/07/28","日盛-木柵",0,268,-268
"15751","8941關中","110/07/28","第一金-台南",2,0,2
"15752","8941關中","110/07/28","聯邦-富強",0,3,-3
"15753","8941關中","110/07/28","元大-西屯",2,0,2
"15754","8941關中","110/07/28","富邦-員林",0,3,-3
"15755","8941關中","110/07/28","玉山證券",1,0,1
"15756","8941關中","110/07/28","第一金-安和",0,2,-2
"15757","8941關中","110/07/28","國泰-忠孝",1,0,1
"15758","8941關中","110/07/28","第一金-台中",0,1,-1
"15759","8941關中","110/07/28","凱基-岡山",1,0,1
"15760","8941關中","110/07/28","玉山-台中",0,0,0
"15761","8941關中","110/07/28","富邦-羅東",1,0,1
"15762","8941關中","110/07/28","元大-新竹經國",0,0,0
"15763","8941關中","110/07/28","永豐金-敦南",1,0,1
"15764","8941關中","110/07/28","元大-桃興",1,1,0
"15765","8941關中","110/07/28","玉山-台中",0,0,0
"15766","8941關中","110/07/28","",NA,NA,NA
"15767","8941關中","110/07/28","元大-新竹經國",0,0,0
"15768","8941關中","110/07/28","",NA,NA,NA
"15769","8941關中","110/07/28","元大-桃興",1,1,0
"15770","8941關中","110/07/28","",NA,NA,NA
"15771","8941關中","110/07/28","",NA,NA,NA
"15772","8941關中","110/07/28","",NA,NA,NA
"15773","8941關中","110/07/28","",NA,NA,NA
"15774","8941關中","110/07/28","",NA,NA,NA
"15775","8941關中","110/07/28","",NA,NA,NA
"15776","8941關中","110/07/28","",NA,NA,NA
"15777","8941關中","110/07/28","",NA,NA,NA
"15778","8941關中","110/07/28","",NA,NA,NA
"15779","8941關中","110/07/28","",NA,NA,NA
"15780","8941關中","110/07/28","",NA,NA,NA
"15781","8936國統","110/07/28","宏遠-高雄",141,1,140
"15782","8936國統","110/07/28","摩根大通",82,517,-435
"15783","8936國統","110/07/28","日盛-景美",100,0,100
"15784","8936國統","110/07/28","凱基-台北",5,290,-285
"15785","8936國統","110/07/28","永豐金-苓雅",67,0,67
"15786","8936國統","110/07/28","瑞士信貸",0,245,-245
"15787","8936國統","110/07/28","玉山-台南",64,0,64
"15788","8936國統","110/07/28","台灣摩根士丹利",16,176,-160
"15789","8936國統","110/07/28","國票-北高雄",61,1,60
"15790","8936國統","110/07/28","凱基-市政",11,110,-99
"15791","8936國統","110/07/28","玉山-高雄",49,0,49
"15792","8936國統","110/07/28","元大-東蘆",0,82,-82
"15793","8936國統","110/07/28","元大-小港",47,0,47
"15794","8936國統","110/07/28","新加坡商瑞銀",128,205,-77
"15795","8936國統","110/07/28","元大-台中",40,0,40
"15796","8936國統","110/07/28","元大-歸仁",30,75,-45
"15797","8936國統","110/07/28","新光-台中",41,7,34
"15798","8936國統","110/07/28","台新-台中",17,55,-38
"15799","8936國統","110/07/28","元大-豐原站前",32,0,32
"15800","8936國統","110/07/28","康和",20,58,-38
"15801","8936國統","110/07/28","玉山-台中",31,0,31
"15802","8936國統","110/07/28","第一金-新興",0,31,-31
"15803","8936國統","110/07/28","富邦-高雄",26,0,26
"15804","8936國統","110/07/28","元富-松德",0,30,-30
"15805","8936國統","110/07/28","元大-鳳中",30,5,25
"15806","8936國統","110/07/28","元大-中和",2,30,-28
"15807","8936國統","110/07/28","元富-林園",20,0,20
"15808","8936國統","110/07/28","兆豐-嘉義",0,22,-22
"15809","8936國統","110/07/28","兆豐-北高雄",20,0,20
"15810","8936國統","110/07/28","美林",11,32,-21
"15811","6226光鼎","110/07/28","群益金鼎-萬華",147,14,133
"15812","6226光鼎","110/07/28","群益金鼎-敦南",5,282,-277
"15813","6226光鼎","110/07/28","台新-台中",227,114,113
"15814","6226光鼎","110/07/28","華南永昌",19,142,-123
"15815","6226光鼎","110/07/28","摩根大通",109,0,109
"15816","6226光鼎","110/07/28","康和-台北",0,100,-100
"15817","6226光鼎","110/07/28","統一",107,0,107
"15818","6226光鼎","110/07/28","臺銀-民權",4,100,-96
"15819","6226光鼎","110/07/28","凱基-台北",103,1,102
"15820","6226光鼎","110/07/28","元大-潮州",11,102,-91
"15821","6226光鼎","110/07/28","台灣摩根士丹利",104,7,97
"15822","6226光鼎","110/07/28","華南永昌-嘉義",50,130,-80
"15823","6226光鼎","110/07/28","群益金鼎-館前",97,0,97
"15824","6226光鼎","110/07/28","台新證券",79,153,-74
"15825","6226光鼎","110/07/28","國泰-台中",97,20,77
"15826","6226光鼎","110/07/28","玉山-台南",4,74,-70
"15827","6226光鼎","110/07/28","元大-嘉義",83,16,67
"15828","6226光鼎","110/07/28","臺銀-臺中",6,65,-59
"15829","6226光鼎","110/07/28","新光-桃園",69,8,61
"15830","6226光鼎","110/07/28","富邦-仁愛",6,63,-57
"15831","6226光鼎","110/07/28","群益金鼎-三重",59,2,57
"15832","6226光鼎","110/07/28","凱基-大里",0,51,-51
"15833","6226光鼎","110/07/28","日盛-員林",63,12,51
"15834","6226光鼎","110/07/28","國泰-敦南",116,166,-50
"15835","6226光鼎","110/07/28","永豐金-松山",66,20,46
"15836","6226光鼎","110/07/28","元富-中港",2,51,-49
"15837","6226光鼎","110/07/28","統一-內湖",48,7,41
"15838","6226光鼎","110/07/28","群益金鼎-延平",0,49,-49
"15839","6226光鼎","110/07/28","凱基-高美館",51,10,41
"15840","6226光鼎","110/07/28","元大-新竹經國",5,53,-48
"15841","2363矽統","110/07/28","摩根大通",809,282,527
"15842","2363矽統","110/07/28","國泰-敦南",145,861,-716
"15843","2363矽統","110/07/28","美商高盛",532,264,268
"15844","2363矽統","110/07/28","元大-台中",18,384,-366
"15845","2363矽統","110/07/28","台新-三民",263,18,245
"15846","2363矽統","110/07/28","新光",197,525,-328
"15847","2363矽統","110/07/28","台新證券",929,703,226
"15848","2363矽統","110/07/28","群益金鼎-三民",24,266,-242
"15849","2363矽統","110/07/28","第一金-嘉義",154,0,154
"15850","2363矽統","110/07/28","凱基-斗六",0,187,-187
"15851","2363矽統","110/07/28","凱基-台北",1039,889,150
"15852","2363矽統","110/07/28","元大-上新莊",3,134,-131
"15853","2363矽統","110/07/28","永豐金-竹科",132,11,121
"15854","2363矽統","110/07/28","永豐金-彰化",5,134,-129
"15855","2363矽統","110/07/28","華南永昌-鳳山",146,34,112
"15856","2363矽統","110/07/28","日盛-二林",15,142,-127
"15857","2363矽統","110/07/28","第一金-新興",108,1,107
"15858","2363矽統","110/07/28","元大證券",18,125,-107
"15859","2363矽統","110/07/28","港商野村",673,568,105
"15860","2363矽統","110/07/28","新光-台南",25,129,-104
"15861","2363矽統","110/07/28","群益金鼎-桃園",111,11,100
"15862","2363矽統","110/07/28","統一",7,109,-102
"15863","2363矽統","110/07/28","台新-左楠",94,15,79
"15864","2363矽統","110/07/28","康和-南崁",11,108,-97
"15865","2363矽統","110/07/28","新加坡商瑞銀",789,711,78
"15866","2363矽統","110/07/28","國票",25,121,-96
"15867","2363矽統","110/07/28","國票-九鼎",99,26,73
"15868","2363矽統","110/07/28","群益金鼎-敦南",11,107,-96
"15869","2363矽統","110/07/28","兆豐-埔墘",62,0,62
"15870","2363矽統","110/07/28","兆豐-寶成",2,79,-77
"15871","8112至上","110/07/28","摩根大通",630,183,447
"15872","8112至上","110/07/28","永豐金-永康",0,242,-242
"15873","8112至上","110/07/28","合庫證券",317,21,296
"15874","8112至上","110/07/28","高橋",3,222,-219
"15875","8112至上","110/07/28","新加坡商瑞銀",417,132,285
"15876","8112至上","110/07/28","玉山證券",2,206,-204
"15877","8112至上","110/07/28","台灣摩根士丹利",253,58,195
"15878","8112至上","110/07/28","新光",50,206,-156
"15879","8112至上","110/07/28","港商野村",350,164,186
"15880","8112至上","110/07/28","永豐金-苓雅",2,102,-100
"15881","8112至上","110/07/28","美商高盛",184,7,177
"15882","8112至上","110/07/28","凱基-永和",0,80,-80
"15883","8112至上","110/07/28","美林",213,53,160
"15884","8112至上","110/07/28","華南永昌-新莊",60,134,-74
"15885","8112至上","110/07/28","花旗環球",86,16,70
"15886","8112至上","110/07/28","台新-松江",27,90,-63
"15887","8112至上","110/07/28","玉山-板橋",82,17,65
"15888","8112至上","110/07/28","宏遠證券",1,50,-49
"15889","8112至上","110/07/28","凱基-竹科",67,3,64
"15890","8112至上","110/07/28","元大-苑裡",23,72,-49
"15891","8112至上","110/07/28","元大-府城",56,0,56
"15892","8112至上","110/07/28","元大-基隆孝二",5,53,-48
"15893","8112至上","110/07/28","永豐金-內湖",37,0,37
"15894","8112至上","110/07/28","康和-仁愛",5,51,-46
"15895","8112至上","110/07/28","瑞士信貸",58,26,32
"15896","8112至上","110/07/28","台新證券",31,73,-42
"15897","8112至上","110/07/28","元大證券",60,29,31
"15898","8112至上","110/07/28","兆豐-公益",0,40,-40
"15899","8112至上","110/07/28","元富-新店",35,5,30
"15900","8112至上","110/07/28","中國信託-忠孝",1,37,-36
"15901","1570力肯","110/07/28","國泰-敦南",50,0,50
"15902","1570力肯","110/07/28","元大-高雄",0,42,-42
"15903","1570力肯","110/07/28","群益金鼎-高雄",31,0,31
"15904","1570力肯","110/07/28","國票-新莊",0,14,-14
"15905","1570力肯","110/07/28","元富-延平",15,0,15
"15906","1570力肯","110/07/28","凱基-站前",0,10,-10
"15907","1570力肯","110/07/28","(牛牛牛)亞-鑫豐",10,0,10
"15908","1570力肯","110/07/28","凱基-台北",0,10,-10
"15909","1570力肯","110/07/28","元富-緯城",6,0,6
"15910","1570力肯","110/07/28","元大-忠孝",0,10,-10
"15911","1570力肯","110/07/28","合庫-自強",5,0,5
"15912","1570力肯","110/07/28","台灣摩根士丹利",0,9,-9
"15913","1570力肯","110/07/28","臺銀-臺南",4,0,4
"15914","1570力肯","110/07/28","群益金鼎-板橋",0,8,-8
"15915","1570力肯","110/07/28","兆豐-台中港",3,0,3
"15916","1570力肯","110/07/28","永豐金-大園",0,7,-7
"15917","1570力肯","110/07/28","日盛-板橋",2,0,2
"15918","1570力肯","110/07/28","元大-台南",0,5,-5
"15919","1570力肯","110/07/28","統一-松江",2,0,2
"15920","1570力肯","110/07/28","合庫-台中",0,4,-4
"15921","1570力肯","110/07/28","台新-三民",2,0,2
"15922","1570力肯","110/07/28","富邦-板橋",0,3,-3
"15923","1570力肯","110/07/28","群益金鼎-土城",2,0,2
"15924","1570力肯","110/07/28","元大-板橋",0,3,-3
"15925","1570力肯","110/07/28","元大-和平",2,0,2
"15926","1570力肯","110/07/28","統一-桃園",0,2,-2
"15927","1570力肯","110/07/28","元大-土城永寧",2,0,2
"15928","1570力肯","110/07/28","凱基-三多",0,2,-2
"15929","1570力肯","110/07/28","大昌-樹林",1,0,1
"15930","1570力肯","110/07/28","華南永昌-高雄",0,2,-2
"15931","2929淘帝","110/07/28","日盛-八德",40,0,40
"15932","2929淘帝","110/07/28","凱基-林口",0,150,-150
"15933","2929淘帝","110/07/28","玉山-新竹",30,0,30
"15934","2929淘帝","110/07/28","日盛-台中",0,35,-35
"15935","2929淘帝","110/07/28","國泰-松江",33,3,30
"15936","2929淘帝","110/07/28","永豐金-永康",0,21,-21
"15937","2929淘帝","110/07/28","元大-民生",28,0,28
"15938","2929淘帝","110/07/28","新加坡商瑞銀",13,32,-19
"15939","2929淘帝","110/07/28","合庫-高雄",21,0,21
"15940","2929淘帝","110/07/28","國泰-敦南",2,20,-18
"15941","2929淘帝","110/07/28","華南永昌",20,0,20
"15942","2929淘帝","110/07/28","臺銀",2,17,-15
"15943","2929淘帝","110/07/28","台新證券",12,0,12
"15944","2929淘帝","110/07/28","群益金鼎-敦南",0,13,-13
"15945","2929淘帝","110/07/28","第一金-大稻埕",10,0,10
"15946","2929淘帝","110/07/28","富邦-建國",1,13,-12
"15947","2929淘帝","110/07/28","華南永昌-台中",10,0,10
"15948","2929淘帝","110/07/28","元富-城東",0,10,-10
"15949","2929淘帝","110/07/28","元大-士林",10,0,10
"15950","2929淘帝","110/07/28","兆豐-景美",0,8,-8
"15951","2929淘帝","110/07/28","元大-屏南",10,0,10
"15952","2929淘帝","110/07/28","美林",3,10,-7
"15953","2929淘帝","110/07/28","元大-員林",10,0,10
"15954","2929淘帝","110/07/28","元富-彰化",0,7,-7
"15955","2929淘帝","110/07/28","新光-桃園",9,0,9
"15956","2929淘帝","110/07/28","港商法國興業",0,6,-6
"15957","2929淘帝","110/07/28","日盛-景美",7,0,7
"15958","2929淘帝","110/07/28","新光-高雄",0,6,-6
"15959","2929淘帝","110/07/28","玉山證券",7,0,7
"15960","2929淘帝","110/07/28","港商野村",3,8,-5
"15961","5410國眾","110/07/28","兆豐-城中",38,0,38
"15962","5410國眾","110/07/28","兆豐-南門",3,80,-77
"15963","5410國眾","110/07/28","大展",20,0,20
"15964","5410國眾","110/07/28","摩根大通",12,56,-44
"15965","5410國眾","110/07/28","新光-桃園",20,0,20
"15966","5410國眾","110/07/28","凱基-台北",0,28,-28
"15967","5410國眾","110/07/28","凱基-竹北",20,0,20
"15968","5410國眾","110/07/28","亞東-板橋",0,20,-20
"15969","5410國眾","110/07/28","元大-新莊",17,0,17
"15970","5410國眾","110/07/28","統一-新台中",0,20,-20
"15971","5410國眾","110/07/28","新光",20,8,12
"15972","5410國眾","110/07/28","瑞士信貸",0,16,-16
"15973","5410國眾","110/07/28","國泰-敦南",11,0,11
"15974","5410國眾","110/07/28","新加坡商瑞銀",0,15,-15
"15975","5410國眾","110/07/28","日盛-內湖",10,0,10
"15976","5410國眾","110/07/28","統一-金門",0,15,-15
"15977","5410國眾","110/07/28","元富-新竹",10,0,10
"15978","5410國眾","110/07/28","元大-北投",0,12,-12
"15979","5410國眾","110/07/28","群益金鼎-永和",10,0,10
"15980","5410國眾","110/07/28","新百王",0,10,-10
"15981","5410國眾","110/07/28","華南永昌-中正",10,0,10
"15982","5410國眾","110/07/28","元大-館前",0,10,-10
"15983","5410國眾","110/07/28","元大-旗山",10,0,10
"15984","5410國眾","110/07/28","元富-安南",0,9,-9
"15985","5410國眾","110/07/28","元大-大天母",10,0,10
"15986","5410國眾","110/07/28","元大-龍潭",1,10,-9
"15987","5410國眾","110/07/28","大昌",9,0,9
"15988","5410國眾","110/07/28","港商野村",1,7,-6
"15989","5410國眾","110/07/28","臺銀-鳳山",8,0,8
"15990","5410國眾","110/07/28","元大-東泰",0,6,-6
"15991","2841台開","110/07/28","台新-台中",36,0,36
"15992","2841台開","110/07/28","元大-大雅",0,90,-90
"15993","2841台開","110/07/28","群益金鼎-大甲",24,0,24
"15994","2841台開","110/07/28","凱基-台北",0,73,-73
"15995","2841台開","110/07/28","永豐金-敦南",29,8,21
"15996","2841台開","110/07/28","港商野村",0,27,-27
"15997","2841台開","110/07/28","第一金-台中",20,0,20
"15998","2841台開","110/07/28","大慶-富順",0,20,-20
"15999","2841台開","110/07/28","元富-烏日",20,0,20
"16000","2841台開","110/07/28","豐農",0,17,-17
"16001","2841台開","110/07/28","元大-歸仁",20,0,20
"16002","2841台開","110/07/28","元大-大里德芳",0,15,-15
"16003","2841台開","110/07/28","永豐金-豐原",20,0,20
"16004","2841台開","110/07/28","日盛-大墩",0,10,-10
"16005","2841台開","110/07/28","日盛-花蓮",15,0,15
"16006","2841台開","110/07/28","元大-博愛",0,10,-10
"16007","2841台開","110/07/28","大昌-安康",18,3,15
"16008","2841台開","110/07/28","元大-豐原站前",0,10,-10
"16009","2841台開","110/07/28","陽信-石牌",13,0,13
"16010","2841台開","110/07/28","台新證券",6,13,-7
"16011","2841台開","110/07/28","台灣摩根士丹利",10,0,10
"16012","2841台開","110/07/28","台中銀",0,5,-5
"16013","2841台開","110/07/28","台新-高雄",10,0,10
"16014","2841台開","110/07/28","中國信託-中壢",0,5,-5
"16015","2841台開","110/07/28","國泰-忠孝",10,0,10
"16016","2841台開","110/07/28","元大-大同",0,5,-5
"16017","2841台開","110/07/28","元大-竹南",10,0,10
"16018","2841台開","110/07/28","元大-大益",0,4,-4
"16019","2841台開","110/07/28","元大-屏南",9,0,9
"16020","2841台開","110/07/28","元富-松德",0,3,-3
"16021","6207雷科","110/07/28","新加坡商瑞銀",153,44,109
"16022","6207雷科","110/07/28","康和-延平",0,48,-48
"16023","6207雷科","110/07/28","摩根大通",219,131,88
"16024","6207雷科","110/07/28","元富-大昌",0,33,-33
"16025","6207雷科","110/07/28","康和-台中",70,0,70
"16026","6207雷科","110/07/28","聯邦商銀",0,30,-30
"16027","6207雷科","110/07/28","凱基-台北",112,49,63
"16028","6207雷科","110/07/28","兆豐-三民",1,30,-29
"16029","6207雷科","110/07/28","凱基-復興",63,3,60
"16030","6207雷科","110/07/28","元大-龍潭",0,25,-25
"16031","6207雷科","110/07/28","群益金鼎-三民",59,8,51
"16032","6207雷科","110/07/28","宏遠證券",0,23,-23
"16033","6207雷科","110/07/28","永豐金-羅東",50,0,50
"16034","6207雷科","110/07/28","大昌-桃園",15,36,-21
"16035","6207雷科","110/07/28","美林",46,3,43
"16036","6207雷科","110/07/28","國泰-桃園",0,21,-21
"16037","6207雷科","110/07/28","群益金鼎-敦南",51,16,35
"16038","6207雷科","110/07/28","凱基-中壢",0,21,-21
"16039","6207雷科","110/07/28","日盛-忠孝",31,0,31
"16040","6207雷科","110/07/28","富邦-台北",4,24,-20
"16041","6207雷科","110/07/28","港商野村",32,8,24
"16042","6207雷科","110/07/28","臺銀-臺南",0,19,-19
"16043","6207雷科","110/07/28","群益金鼎-東門",22,0,22
"16044","6207雷科","110/07/28","新光",5,24,-19
"16045","6207雷科","110/07/28","統一-高雄",41,20,21
"16046","6207雷科","110/07/28","群益金鼎-大甲",1,20,-19
"16047","6207雷科","110/07/28","群益金鼎-延平",21,0,21
"16048","6207雷科","110/07/28","元大-中壢",10,28,-18
"16049","6207雷科","110/07/28","彰銀-台中",20,0,20
"16050","6207雷科","110/07/28","永豐金-北高雄",3,20,-17
"16051","3679新至陞","110/07/28","華南永昌-淡水",10,0,10
"16052","3679新至陞","110/07/28","瑞士信貸",0,25,-25
"16053","3679新至陞","110/07/28","富邦-嘉義",10,0,10
"16054","3679新至陞","110/07/28","凱基-台北",6,14,-8
"16055","3679新至陞","110/07/28","台中銀-員林",11,2,9
"16056","3679新至陞","110/07/28","美林",5,12,-7
"16057","3679新至陞","110/07/28","大昌-樹林",7,0,7
"16058","3679新至陞","110/07/28","摩根大通",5,11,-6
"16059","3679新至陞","110/07/28","康和-澎湖",5,0,5
"16060","3679新至陞","110/07/28","兆豐-新莊",0,5,-5
"16061","3679新至陞","110/07/28","富邦-台北",5,0,5
"16062","3679新至陞","110/07/28","群益金鼎-新莊",0,5,-5
"16063","3679新至陞","110/07/28","元大-成功",5,0,5
"16064","3679新至陞","110/07/28","台灣摩根士丹利",0,4,-4
"16065","3679新至陞","110/07/28","新加坡商瑞銀",3,0,3
"16066","3679新至陞","110/07/28","日盛-新竹",0,3,-3
"16067","3679新至陞","110/07/28","中國信託-新竹",3,0,3
"16068","3679新至陞","110/07/28","群益金鼎-東門",0,3,-3
"16069","3679新至陞","110/07/28","元大-新莊",3,0,3
"16070","3679新至陞","110/07/28","元大證券",0,3,-3
"16071","3679新至陞","110/07/28","宏遠-光隆",2,0,2
"16072","3679新至陞","110/07/28","元大-忠孝",0,3,-3
"16073","3679新至陞","110/07/28","大慶-蘆洲",2,0,2
"16074","3679新至陞","110/07/28","合庫-西台中",0,2,-2
"16075","3679新至陞","110/07/28","台新-左楠",2,0,2
"16076","3679新至陞","110/07/28","日盛-板橋",0,2,-2
"16077","3679新至陞","110/07/28","群益金鼎-三重",2,0,2
"16078","3679新至陞","110/07/28","國票-桃園",0,2,-2
"16079","3679新至陞","110/07/28","華南永昌-高雄",2,0,2
"16080","3679新至陞","110/07/28","台新-台南",0,2,-2
"16081","2727王品","110/07/28","凱基-台北",139,50,89
"16082","2727王品","110/07/28","新光-台中",9,68,-59
"16083","2727王品","110/07/28","美林",77,10,67
"16084","2727王品","110/07/28","瑞士信貸",16,54,-38
"16085","2727王品","110/07/28","港商野村",118,64,54
"16086","2727王品","110/07/28","華南永昌",4,41,-37
"16087","2727王品","110/07/28","國泰-敦南",51,30,21
"16088","2727王品","110/07/28","美商高盛",2,30,-28
"16089","2727王品","110/07/28","新加坡商瑞銀",58,38,20
"16090","2727王品","110/07/28","富邦-板橋",17,38,-21
"16091","2727王品","110/07/28","永豐金-中盛",24,4,20
"16092","2727王品","110/07/28","富邦-竹北",0,20,-20
"16093","2727王品","110/07/28","元大-南崁",20,2,18
"16094","2727王品","110/07/28","元大-小港",1,21,-20
"16095","2727王品","110/07/28","摩根大通",48,32,16
"16096","2727王品","110/07/28","凱基",0,18,-18
"16097","2727王品","110/07/28","臺銀-高雄",14,0,14
"16098","2727王品","110/07/28","統一",15,31,-16
"16099","2727王品","110/07/28","永豐金-桃盛",19,5,14
"16100","2727王品","110/07/28","國泰-台中",12,28,-16
"16101","2727王品","110/07/28","凱基-內湖",13,0,13
"16102","2727王品","110/07/28","元大-台中",7,22,-15
"16103","2727王品","110/07/28","永豐金-中正",15,2,13
"16104","2727王品","110/07/28","華南永昌-麻豆",0,14,-14
"16105","2727王品","110/07/28","富邦-建國",18,7,11
"16106","2727王品","110/07/28","永豐金-豐原",1,15,-14
"16107","2727王品","110/07/28","富邦-陽明",15,5,10
"16108","2727王品","110/07/28","國票-內壢",1,14,-13
"16109","2727王品","110/07/28","元大-南京",10,0,10
"16110","2727王品","110/07/28","永豐金證券",2,15,-13
"16111","1570力肯","110/07/28","國泰-敦南",50,0,50
"16112","1570力肯","110/07/28","元大-高雄",0,42,-42
"16113","1570力肯","110/07/28","群益金鼎-高雄",31,0,31
"16114","1570力肯","110/07/28","國票-新莊",0,14,-14
"16115","1570力肯","110/07/28","元富-延平",15,0,15
"16116","1570力肯","110/07/28","凱基-站前",0,10,-10
"16117","1570力肯","110/07/28","(牛牛牛)亞-鑫豐",10,0,10
"16118","1570力肯","110/07/28","凱基-台北",0,10,-10
"16119","1570力肯","110/07/28","元富-緯城",6,0,6
"16120","1570力肯","110/07/28","元大-忠孝",0,10,-10
"16121","1570力肯","110/07/28","合庫-自強",5,0,5
"16122","1570力肯","110/07/28","台灣摩根士丹利",0,9,-9
"16123","1570力肯","110/07/28","臺銀-臺南",4,0,4
"16124","1570力肯","110/07/28","群益金鼎-板橋",0,8,-8
"16125","1570力肯","110/07/28","兆豐-台中港",3,0,3
"16126","1570力肯","110/07/28","永豐金-大園",0,7,-7
"16127","1570力肯","110/07/28","日盛-板橋",2,0,2
"16128","1570力肯","110/07/28","元大-台南",0,5,-5
"16129","1570力肯","110/07/28","統一-松江",2,0,2
"16130","1570力肯","110/07/28","合庫-台中",0,4,-4
"16131","1570力肯","110/07/28","台新-三民",2,0,2
"16132","1570力肯","110/07/28","富邦-板橋",0,3,-3
"16133","1570力肯","110/07/28","群益金鼎-土城",2,0,2
"16134","1570力肯","110/07/28","元大-板橋",0,3,-3
"16135","1570力肯","110/07/28","元大-和平",2,0,2
"16136","1570力肯","110/07/28","統一-桃園",0,2,-2
"16137","1570力肯","110/07/28","元大-土城永寧",2,0,2
"16138","1570力肯","110/07/28","凱基-三多",0,2,-2
"16139","1570力肯","110/07/28","大昌-樹林",1,0,1
"16140","1570力肯","110/07/28","華南永昌-高雄",0,2,-2
"16141","6180橘子","110/07/28","凱基-台北",152,85,67
"16142","6180橘子","110/07/28","摩根大通",20,92,-72
"16143","6180橘子","110/07/28","新光",57,18,39
"16144","6180橘子","110/07/28","大慶-台中",0,33,-33
"16145","6180橘子","110/07/28","美商高盛",49,12,37
"16146","6180橘子","110/07/28","兆豐證券",0,25,-25
"16147","6180橘子","110/07/28","第一金-安和",20,0,20
"16148","6180橘子","110/07/28","元大-上新莊",0,22,-22
"16149","6180橘子","110/07/28","元富-桃園",20,0,20
"16150","6180橘子","110/07/28","新加坡商瑞銀",23,44,-21
"16151","6180橘子","110/07/28","第一金-員林",19,0,19
"16152","6180橘子","110/07/28","富邦-內湖",0,21,-21
"16153","6180橘子","110/07/28","富邦-嘉義",22,4,18
"16154","6180橘子","110/07/28","第一金-新興",0,20,-20
"16155","6180橘子","110/07/28","統一-嘉義",16,0,16
"16156","6180橘子","110/07/28","臺銀-臺南",5,22,-17
"16157","6180橘子","110/07/28","國票-九鼎",15,0,15
"16158","6180橘子","110/07/28","第一金-忠孝",0,10,-10
"16159","6180橘子","110/07/28","華南永昌-朴子",14,0,14
"16160","6180橘子","110/07/28","元富-屏東",0,10,-10
"16161","6180橘子","110/07/28","群益金鼎-台南",13,0,13
"16162","6180橘子","110/07/28","凱基-八德",1,11,-10
"16163","6180橘子","110/07/28","富邦-建國",13,1,12
"16164","6180橘子","110/07/28","元大-和平",1,11,-10
"16165","6180橘子","110/07/28","富邦-板橋",16,5,11
"16166","6180橘子","110/07/28","元大-台中中港",0,10,-10
"16167","6180橘子","110/07/28","元富-新店",10,0,10
"16168","6180橘子","110/07/28","元大-南屯",0,9,-9
"16169","6180橘子","110/07/28","元大-台南",10,0,10
"16170","6180橘子","110/07/28","永豐金-屏東",0,9,-9
"16171","2390云辰","110/07/28","摩根大通",1589,780,809
"16172","2390云辰","110/07/28","華南永昌-鳳山",34,290,-256
"16173","2390云辰","110/07/28","凱基-台北",457,300,157
"16174","2390云辰","110/07/28","凱基-基隆",0,224,-224
"16175","2390云辰","110/07/28","美林",330,206,124
"16176","2390云辰","110/07/28","元富-高雄",56,177,-121
"16177","2390云辰","110/07/28","元富-同大",159,35,124
"16178","2390云辰","110/07/28","元富-中港",1,100,-99
"16179","2390云辰","110/07/28","台灣摩根士丹利",193,71,122
"16180","2390云辰","110/07/28","兆豐-公益",4,100,-96
"16181","2390云辰","110/07/28","元大-前金",150,49,101
"16182","2390云辰","110/07/28","統一-新台中",180,274,-94
"16183","2390云辰","110/07/28","永豐金-鳳山",110,18,92
"16184","2390云辰","110/07/28","日盛-新莊",4,76,-72
"16185","2390云辰","110/07/28","元大-林園",99,11,88
"16186","2390云辰","110/07/28","永豐金-新店",0,57,-57
"16187","2390云辰","110/07/28","元大-信義",121,35,86
"16188","2390云辰","110/07/28","華南永昌-內壢",0,56,-56
"16189","2390云辰","110/07/28","美商高盛",206,123,83
"16190","2390云辰","110/07/28","第一金-豐原",9,63,-54
"16191","2390云辰","110/07/28","統一-城中",101,37,64
"16192","2390云辰","110/07/28","華南永昌-中正",13,67,-54
"16193","2390云辰","110/07/28","元大-竹山",75,20,55
"16194","2390云辰","110/07/28","元大-大益",7,59,-52
"16195","2390云辰","110/07/28","豐農",79,25,54
"16196","2390云辰","110/07/28","大慶",0,50,-50
"16197","2390云辰","110/07/28","新加坡商瑞銀",68,15,53
"16198","2390云辰","110/07/28","凱基-豐中",3,49,-46
"16199","2390云辰","110/07/28","統一-屏東",54,5,49
"16200","2390云辰","110/07/28","元大-彰化民生",7,51,-44
"16201","1471首利","110/07/27","永全-八德",50,0,50
"16202","1471首利","110/07/27","國票-九鼎",0,306,-306
"16203","1471首利","110/07/27","中國信託-松江",48,0,48
"16204","1471首利","110/07/27","兆豐-天母",1,115,-114
"16205","1471首利","110/07/27","富邦-嘉義",40,0,40
"16206","1471首利","110/07/27","美林",0,42,-42
"16207","1471首利","110/07/27","富邦-台南",33,0,33
"16208","1471首利","110/07/27","摩根大通",45,75,-30
"16209","1471首利","110/07/27","(牛牛牛)亞-鑫豐",32,0,32
"16210","1471首利","110/07/27","凱基-八德",0,30,-30
"16211","1471首利","110/07/27","台灣企銀-太平",25,0,25
"16212","1471首利","110/07/27","中國信託-高雄",0,25,-25
"16213","1471首利","110/07/27","群益金鼎-台中",23,0,23
"16214","1471首利","110/07/27","統一-新台中",0,24,-24
"16215","1471首利","110/07/27","元富-潮州",20,0,20
"16216","1471首利","110/07/27","聯邦-高雄",0,21,-21
"16217","1471首利","110/07/27","凱基-信義",20,0,20
"16218","1471首利","110/07/27","德信-中正",0,20,-20
"16219","1471首利","110/07/27","富邦-基隆",26,8,18
"16220","1471首利","110/07/27","元大-福營",3,20,-17
"16221","1471首利","110/07/27","日盛-高雄",17,0,17
"16222","1471首利","110/07/27","凱基-宜蘭",0,16,-16
"16223","1471首利","110/07/27","國泰-敦南",16,2,14
"16224","1471首利","110/07/27","凱基-天母",0,15,-15
"16225","1471首利","110/07/27","元大-大甲",13,0,13
"16226","1471首利","110/07/27","第一金-高雄",6,20,-14
"16227","1471首利","110/07/27","合庫-鳳山",12,0,12
"16228","1471首利","110/07/27","元大-中壢",0,13,-13
"16229","1471首利","110/07/27","日盛-大墩",12,0,12
"16230","1471首利","110/07/27","元富-安南",0,12,-12
"16231","2883開發金","110/07/27","元富",1762,67,1695
"16232","2883開發金","110/07/27","美林",0,11931,-11931
"16233","2883開發金","110/07/27","福邦證券",1450,0,1450
"16234","2883開發金","110/07/27","新加坡商瑞銀",1513,8370,-6857
"16235","2883開發金","110/07/27","凱基",1422,0,1422
"16236","2883開發金","110/07/27","凱基-台北",1081,5265,-4184
"16237","2883開發金","110/07/27","瑞士信貸",2044,731,1313
"16238","2883開發金","110/07/27","摩根大通",612,3392,-2780
"16239","2883開發金","110/07/27","台灣摩根士丹利",2112,921,1191
"16240","2883開發金","110/07/27","統一-仁愛",31,2002,-1971
"16241","2883開發金","110/07/27","新光",1474,461,1013
"16242","2883開發金","110/07/27","兆豐證券",192,1910,-1718
"16243","2883開發金","110/07/27","國票-長城",1003,20,983
"16244","2883開發金","110/07/27","(牛牛牛)亞-鑫豐",276,1815,-1539
"16245","2883開發金","110/07/27","台新證券",1207,362,845
"16246","2883開發金","110/07/27","永豐金-板橋",197,1610,-1413
"16247","2883開發金","110/07/27","港商野村",2209,1498,711
"16248","2883開發金","110/07/27","美商高盛",16,1337,-1321
"16249","2883開發金","110/07/27","永豐金-彰化",680,26,654
"16250","2883開發金","110/07/27","兆豐-北高雄",60,1360,-1300
"16251","2883開發金","110/07/27","台新-高雄",918,265,653
"16252","2883開發金","110/07/27","兆豐-景美",26,1070,-1044
"16253","2883開發金","110/07/27","國泰-敦南",1273,634,639
"16254","2883開發金","110/07/27","亞東-新竹",7,1001,-994
"16255","2883開發金","110/07/27","元大證券",876,246,630
"16256","2883開發金","110/07/27","富邦-羅東",201,1098,-897
"16257","2883開發金","110/07/27","致和證券",684,92,592
"16258","2883開發金","110/07/27","統一",159,811,-652
"16259","2883開發金","110/07/27","元大-民生",550,2,548
"16260","2883開發金","110/07/27","香港上海匯豐",0,584,-584
"16261","6205詮欣","110/07/27","土銀-和平",20,0,20
"16262","6205詮欣","110/07/27","摩根大通",3,22,-19
"16263","6205詮欣","110/07/27","臺銀-民權",20,6,14
"16264","6205詮欣","110/07/27","瑞士信貸",5,16,-11
"16265","6205詮欣","110/07/27","台新證券",5,0,5
"16266","6205詮欣","110/07/27","臺銀-鳳山",0,6,-6
"16267","6205詮欣","110/07/27","華南永昌-小港",5,0,5
"16268","6205詮欣","110/07/27","臺銀-新竹",0,5,-5
"16269","6205詮欣","110/07/27","日盛-新莊",4,0,4
"16270","6205詮欣","110/07/27","國票-和平",0,4,-4
"16271","6205詮欣","110/07/27","元富-三重",4,0,4
"16272","6205詮欣","110/07/27","凱基-東門",0,4,-4
"16273","6205詮欣","110/07/27","致和-佳里",4,1,3
"16274","6205詮欣","110/07/27","富邦-花蓮",0,3,-3
"16275","6205詮欣","110/07/27","華南永昌-岡山",3,0,3
"16276","6205詮欣","110/07/27","元大-北投",0,3,-3
"16277","6205詮欣","110/07/27","元大-成功",3,0,3
"16278","6205詮欣","110/07/27","元大-民生",2,5,-3
"16279","6205詮欣","110/07/27","土銀-嘉義",2,0,2
"16280","6205詮欣","110/07/27","日盛-三重",0,2,-2
"16281","6205詮欣","110/07/27","第一金-光復",2,0,2
"16282","6205詮欣","110/07/27","日盛-北高雄",0,2,-2
"16283","6205詮欣","110/07/27","統一-屏東",2,0,2
"16284","6205詮欣","110/07/27","港商野村",0,2,-2
"16285","6205詮欣","110/07/27","元富-新莊",2,0,2
"16286","6205詮欣","110/07/27","統一-彰化",0,2,-2
"16287","6205詮欣","110/07/27","兆豐-竹北",2,0,2
"16288","6205詮欣","110/07/27","永全",0,2,-2
"16289","6205詮欣","110/07/27","新光",2,0,2
"16290","6205詮欣","110/07/27","兆豐-西螺",0,2,-2
"16291","1540喬福","110/07/27","富邦-員林",10,0,10
"16292","1540喬福","110/07/27","合庫-台中",0,26,-26
"16293","1540喬福","110/07/27","元大-中壢",10,0,10
"16294","1540喬福","110/07/27","統一-新台中",0,25,-25
"16295","1540喬福","110/07/27","凱基-台中",8,0,8
"16296","1540喬福","110/07/27","元大-斗六",0,10,-10
"16297","1540喬福","110/07/27","大慶-中壢",5,0,5
"16298","1540喬福","110/07/27","凱基-中港",0,9,-9
"16299","1540喬福","110/07/27","兆豐-北高雄",5,0,5
"16300","1540喬福","110/07/27","國票-中正",0,8,-8
"16301","1540喬福","110/07/27","兆豐-三民",5,0,5
"16302","1540喬福","110/07/27","臺銀-臺中",0,5,-5
"16303","1540喬福","110/07/27","台新-台中",5,0,5
"16304","1540喬福","110/07/27","元富-中原",0,5,-5
"16305","1540喬福","110/07/27","國票-九鼎",4,0,4
"16306","1540喬福","110/07/27","新光-桃園",0,5,-5
"16307","1540喬福","110/07/27","富邦-高雄",5,1,4
"16308","1540喬福","110/07/27","大昌-新竹",0,4,-4
"16309","1540喬福","110/07/27","永豐金-羅東",4,0,4
"16310","1540喬福","110/07/27","元大-員林中山",0,4,-4
"16311","1540喬福","110/07/27","台新證券",3,0,3
"16312","1540喬福","110/07/27","群益金鼎-瑞豐",0,3,-3
"16313","1540喬福","110/07/27","華南永昌-台中",3,0,3
"16314","1540喬福","110/07/27","凱基-台北",0,3,-3
"16315","1540喬福","110/07/27","富邦-台東",3,0,3
"16316","1540喬福","110/07/27","富邦-建國",0,3,-3
"16317","1540喬福","110/07/27","元大-台中中港",3,0,3
"16318","1540喬福","110/07/27","國票-北投",0,2,-2
"16319","1540喬福","110/07/27","亞東",2,0,2
"16320","1540喬福","110/07/27","元大-鳳山",0,2,-2
"16321","2888新光金","110/07/27","台灣摩根士丹利",11737,746,10991
"16322","2888新光金","110/07/27","玉山-城中",112,6002,-5890
"16323","2888新光金","110/07/27","美林",3692,417,3275
"16324","2888新光金","110/07/27","新加坡商瑞銀",120,5935,-5815
"16325","2888新光金","110/07/27","凱基-台北",4378,2713,1665
"16326","2888新光金","110/07/27","摩根大通",1586,7187,-5601
"16327","2888新光金","110/07/27","凱基-台南",1551,3,1548
"16328","2888新光金","110/07/27","富邦-建國",298,5641,-5343
"16329","2888新光金","110/07/27","台新證券",1494,124,1370
"16330","2888新光金","110/07/27","第一金-高雄",81,5014,-4933
"16331","2888新光金","110/07/27","新光",2434,1212,1222
"16332","2888新光金","110/07/27","瑞士信貸",191,4524,-4333
"16333","2888新光金","110/07/27","元大-四維",1246,25,1221
"16334","2888新光金","110/07/27","兆豐-鹿港",45,2632,-2587
"16335","2888新光金","110/07/27","富隆-長安",1070,0,1070
"16336","2888新光金","110/07/27","國票-彰化",3,1803,-1800
"16337","2888新光金","110/07/27","永豐金-萬盛",1052,0,1052
"16338","2888新光金","110/07/27","港商野村",0,1434,-1434
"16339","2888新光金","110/07/27","法銀巴黎",1116,120,996
"16340","2888新光金","110/07/27","統一-高雄",173,1511,-1338
"16341","2888新光金","110/07/27","凱基-竹科",853,4,849
"16342","2888新光金","110/07/27","群益金鼎-古亭",40,1202,-1162
"16343","2888新光金","110/07/27","元大-斗信",874,50,824
"16344","2888新光金","110/07/27","日盛-樹林",34,1034,-1000
"16345","2888新光金","110/07/27","日盛-景美",811,119,692
"16346","2888新光金","110/07/27","統一-土城",18,1000,-982
"16347","2888新光金","110/07/27","元富-世貿",568,2,566
"16348","2888新光金","110/07/27","元大-鹿港",125,1057,-932
"16349","2888新光金","110/07/27","日盛-雙和",567,2,565
"16350","2888新光金","110/07/27","新光-桃園",91,993,-902
"16351","1340勝悅","110/07/27","亞東-台中",15,0,15
"16352","1340勝悅","110/07/27","凱基-岡山",0,25,-25
"16353","1340勝悅","110/07/27","元大-路竹",15,0,15
"16354","1340勝悅","110/07/27","合庫-嘉義",0,14,-14
"16355","1340勝悅","110/07/27","臺銀-臺中",7,0,7
"16356","1340勝悅","110/07/27","元大-北港",0,14,-14
"16357","1340勝悅","110/07/27","台新-台中",7,0,7
"16358","1340勝悅","110/07/27","凱基-台北",0,12,-12
"16359","1340勝悅","110/07/27","元大-屏南",6,0,6
"16360","1340勝悅","110/07/27","兆豐-三民",0,7,-7
"16361","1340勝悅","110/07/27","臺灣企銀-埔墘",5,0,5
"16362","1340勝悅","110/07/27","華南永昌-台中",1,7,-6
"16363","1340勝悅","110/07/27","日盛-板橋",5,0,5
"16364","1340勝悅","110/07/27","日盛-信義",0,5,-5
"16365","1340勝悅","110/07/27","日盛-新莊",5,0,5
"16366","1340勝悅","110/07/27","德信-和平",0,5,-5
"16367","1340勝悅","110/07/27","臺銀-鳳山",4,0,4
"16368","1340勝悅","110/07/27","台新證券",0,5,-5
"16369","1340勝悅","110/07/27","玉山-城中",4,0,4
"16370","1340勝悅","110/07/27","新光-高雄",0,4,-4
"16371","1340勝悅","110/07/27","美商高盛",3,0,3
"16372","1340勝悅","110/07/27","瑞士信貸",0,2,-2
"16373","1340勝悅","110/07/27","(牛牛牛)亞-鑫豐",3,0,3
"16374","1340勝悅","110/07/27","港商野村",0,2,-2
"16375","1340勝悅","110/07/27","國票-長城",2,0,2
"16376","1340勝悅","110/07/27","台新-高雄",1,3,-2
"16377","1340勝悅","110/07/27","新光",2,0,2
"16378","1340勝悅","110/07/27","玉山證券",0,2,-2
"16379","1340勝悅","110/07/27","群益金鼎-館前",2,0,2
"16380","1340勝悅","110/07/27","玉山-南京東路",0,2,-2
"16381","6246臺龍","110/07/27","永豐金-桃園",135,0,135
"16382","6246臺龍","110/07/27","元大-木柵",0,59,-59
"16383","6246臺龍","110/07/27","港商野村",111,30,81
"16384","6246臺龍","110/07/27","日盛-景美",0,52,-52
"16385","6246臺龍","110/07/27","元大-西螺",31,0,31
"16386","6246臺龍","110/07/27","華南永昌-彰化",0,46,-46
"16387","6246臺龍","110/07/27","群益金鼎-鳳山",27,0,27
"16388","6246臺龍","110/07/27","兆豐-松德",0,43,-43
"16389","6246臺龍","110/07/27","永豐金-虎尾",27,0,27
"16390","6246臺龍","110/07/27","華南永昌-公誠",5,35,-30
"16391","6246臺龍","110/07/27","玉山-台南",28,2,26
"16392","6246臺龍","110/07/27","凱基-幸福",0,28,-28
"16393","6246臺龍","110/07/27","元大-西屯",25,0,25
"16394","6246臺龍","110/07/27","元富-安南",0,22,-22
"16395","6246臺龍","110/07/27","國泰-忠孝",23,0,23
"16396","6246臺龍","110/07/27","日盛-文化",0,20,-20
"16397","6246臺龍","110/07/27","元大-大里",21,0,21
"16398","6246臺龍","110/07/27","兆豐-寶成",0,20,-20
"16399","6246臺龍","110/07/27","兆豐-竹北",20,0,20
"16400","6246臺龍","110/07/27","華南永昌-虎尾",0,20,-20
"16401","6246臺龍","110/07/27","元大-員林",20,0,20
"16402","6246臺龍","110/07/27","永豐金-埔里",0,19,-19
"16403","6246臺龍","110/07/27","永豐金-敦南",20,0,20
"16404","6246臺龍","110/07/27","兆豐-新營",2,20,-18
"16405","6246臺龍","110/07/27","永豐金-羅東",23,5,18
"16406","6246臺龍","110/07/27","新光-台中",3,20,-17
"16407","6246臺龍","110/07/27","永豐金-桃盛",18,0,18
"16408","6246臺龍","110/07/27","凱基-市政",0,17,-17
"16409","6246臺龍","110/07/27","統一",16,0,16
"16410","6246臺龍","110/07/27","元大-蘆洲",0,16,-16
"16411","00715L期街口布蘭特正2","110/07/27","元大證券",10436,28,10408
"16412","00715L期街口布蘭特正2","110/07/27","元大-萬華",0,751,-751
"16413","00715L期街口布蘭特正2","110/07/27","凱基-台北",4269,129,4140
"16414","00715L期街口布蘭特正2","110/07/27","元大-大里德芳",0,734,-734
"16415","00715L期街口布蘭特正2","110/07/27","群益金鼎",3798,0,3798
"16416","00715L期街口布蘭特正2","110/07/27","新光",380,1105,-725
"16417","00715L期街口布蘭特正2","110/07/27","永豐金證券",2610,22,2588
"16418","00715L期街口布蘭特正2","110/07/27","(牛牛牛)亞-網路",10,697,-687
"16419","00715L期街口布蘭特正2","110/07/27","國票",2605,21,2584
"16420","00715L期街口布蘭特正2","110/07/27","日盛-新莊",5,550,-545
"16421","00715L期街口布蘭特正2","110/07/27","富邦證券",1522,0,1522
"16422","00715L期街口布蘭特正2","110/07/27","玉山-高雄",7,494,-487
"16423","00715L期街口布蘭特正2","110/07/27","合庫證券",1507,239,1268
"16424","00715L期街口布蘭特正2","110/07/27","華南永昌",1,471,-470
"16425","00715L期街口布蘭特正2","110/07/27","元富",1102,0,1102
"16426","00715L期街口布蘭特正2","110/07/27","華南永昌-竹北",0,469,-469
"16427","00715L期街口布蘭特正2","110/07/27","凱基",980,0,980
"16428","00715L期街口布蘭特正2","110/07/27","兆豐-嘉義",0,420,-420
"16429","00715L期街口布蘭特正2","110/07/27","國票-博愛",702,0,702
"16430","00715L期街口布蘭特正2","110/07/27","國票-九鼎",0,409,-409
"16431","00715L期街口布蘭特正2","110/07/27","統一",796,117,679
"16432","00715L期街口布蘭特正2","110/07/27","統一-高雄",0,405,-405
"16433","00715L期街口布蘭特正2","110/07/27","華南永昌-長虹",810,185,625
"16434","00715L期街口布蘭特正2","110/07/27","富邦-彰化",0,402,-402
"16435","00715L期街口布蘭特正2","110/07/27","港商野村",1076,494,582
"16436","00715L期街口布蘭特正2","110/07/27","元大-羅東",0,400,-400
"16437","00715L期街口布蘭特正2","110/07/27","永豐金-三重",500,16,484
"16438","00715L期街口布蘭特正2","110/07/27","富邦-高雄",0,398,-398
"16439","00715L期街口布蘭特正2","110/07/27","元大-敦化",420,0,420
"16440","00715L期街口布蘭特正2","110/07/27","新光-台中",17,391,-374
"16441","8941關中","110/07/27","富邦-仁愛",4,0,4
"16442","8941關中","110/07/27","光和-溪湖",0,2,-2
"16443","8941關中","110/07/27","日盛-新莊",1,0,1
"16444","8941關中","110/07/27","富邦-園區",0,2,-2
"16445","8941關中","110/07/27","台新-高雄",1,0,1
"16446","8941關中","110/07/27","合庫-高雄",0,1,-1
"16447","8941關中","110/07/27","元大-金華",1,0,1
"16448","8941關中","110/07/27","凱基-台北",0,1,-1
"16449","8941關中","110/07/27","臺銀-鳳山",0,0,0
"16450","8941關中","110/07/27","富邦-台東",0,1,-1
"16451","8941關中","110/07/27","日盛-花蓮",0,0,0
"16452","8941關中","110/07/27","臺銀-鳳山",0,0,0
"16453","8941關中","110/07/27","康和-板橋",0,0,0
"16454","8941關中","110/07/27","日盛-花蓮",0,0,0
"16455","8941關中","110/07/27","富邦-宜蘭",0,0,0
"16456","8941關中","110/07/27","康和-板橋",0,0,0
"16457","8941關中","110/07/27","元大-新竹經國",0,0,0
"16458","8941關中","110/07/27","富邦-宜蘭",0,0,0
"16459","8941關中","110/07/27","永豐金-萬盛",0,0,0
"16460","8941關中","110/07/27","元大-新竹經國",0,0,0
"16461","8941關中","110/07/27","永豐金-桃盛",0,0,0
"16462","8941關中","110/07/27","永豐金-萬盛",0,0,0
"16463","8941關中","110/07/27","",NA,NA,NA
"16464","8941關中","110/07/27","永豐金-桃盛",0,0,0
"16465","8941關中","110/07/27","",NA,NA,NA
"16466","8941關中","110/07/27","",NA,NA,NA
"16467","8941關中","110/07/27","",NA,NA,NA
"16468","8941關中","110/07/27","",NA,NA,NA
"16469","8941關中","110/07/27","",NA,NA,NA
"16470","8941關中","110/07/27","",NA,NA,NA
"16471","8936國統","110/07/27","日盛-景美",100,0,100
"16472","8936國統","110/07/27","摩根大通",115,220,-105
"16473","8936國統","110/07/27","大慶-蘆洲",90,0,90
"16474","8936國統","110/07/27","玉山-桃園",0,75,-75
"16475","8936國統","110/07/27","台新-建北",60,0,60
"16476","8936國統","110/07/27","凱基-台北",13,77,-64
"16477","8936國統","110/07/27","日盛-忠孝",40,1,39
"16478","8936國統","110/07/27","元富-大昌",2,50,-48
"16479","8936國統","110/07/27","新加坡商瑞銀",109,71,38
"16480","8936國統","110/07/27","華南永昌-台中",4,45,-41
"16481","8936國統","110/07/27","華南永昌",30,0,30
"16482","8936國統","110/07/27","新光-台中",26,66,-40
"16483","8936國統","110/07/27","兆豐-來福",29,0,29
"16484","8936國統","110/07/27","台灣摩根士丹利",20,54,-34
"16485","8936國統","110/07/27","元大-旗山",28,0,28
"16486","8936國統","110/07/27","元大-東蘆",0,34,-34
"16487","8936國統","110/07/27","元大-松江",27,0,27
"16488","8936國統","110/07/27","富邦-仁愛",1,34,-33
"16489","8936國統","110/07/27","新光",41,19,22
"16490","8936國統","110/07/27","凱基-板橋",0,31,-31
"16491","8936國統","110/07/27","元富-林園",20,0,20
"16492","8936國統","110/07/27","凱基-信義",0,30,-30
"16493","8936國統","110/07/27","玉山-高雄",20,0,20
"16494","8936國統","110/07/27","瑞士信貸",1,30,-29
"16495","8936國統","110/07/27","凱基-桃園",23,3,20
"16496","8936國統","110/07/27","元大-花蓮",2,24,-22
"16497","8936國統","110/07/27","永豐金-永康",20,0,20
"16498","8936國統","110/07/27","元富-緯城",0,20,-20
"16499","8936國統","110/07/27","日盛-屏東",23,4,19
"16500","8936國統","110/07/27","群益金鼎-宜蘭",0,20,-20
"16501","6226光鼎","110/07/27","第一金-忠孝",405,4,401
"16502","6226光鼎","110/07/27","華南永昌-台南",5,240,-235
"16503","6226光鼎","110/07/27","台新-台中",272,75,197
"16504","6226光鼎","110/07/27","大慶-泰山",0,201,-201
"16505","6226光鼎","110/07/27","凱基-和平",155,7,148
"16506","6226光鼎","110/07/27","富邦-員林",2,151,-149
"16507","6226光鼎","110/07/27","新加坡商瑞銀",133,0,133
"16508","6226光鼎","110/07/27","群益金鼎-東大",23,165,-142
"16509","6226光鼎","110/07/27","統一-敦南",126,3,123
"16510","6226光鼎","110/07/27","元大-景美",3,132,-129
"16511","6226光鼎","110/07/27","台灣摩根士丹利",129,8,121
"16512","6226光鼎","110/07/27","台新-高雄",84,186,-102
"16513","6226光鼎","110/07/27","統一-新竹",117,1,116
"16514","6226光鼎","110/07/27","合庫證券",27,121,-94
"16515","6226光鼎","110/07/27","日盛證券",122,13,109
"16516","6226光鼎","110/07/27","致和-佳里",5,81,-76
"16517","6226光鼎","110/07/27","元大-潮州",101,1,100
"16518","6226光鼎","110/07/27","永豐金-南投",3,77,-74
"16519","6226光鼎","110/07/27","國泰-敦南",232,145,87
"16520","6226光鼎","110/07/27","台新-新莊",1,57,-56
"16521","6226光鼎","110/07/27","摩根大通",86,0,86
"16522","6226光鼎","110/07/27","日盛-中壢",11,64,-53
"16523","6226光鼎","110/07/27","元富",80,0,80
"16524","6226光鼎","110/07/27","日進",11,63,-52
"16525","6226光鼎","110/07/27","華南永昌-嘉義",80,1,79
"16526","6226光鼎","110/07/27","高橋",13,64,-51
"16527","6226光鼎","110/07/27","元大-高雄",70,3,67
"16528","6226光鼎","110/07/27","元大-土城",1,52,-51
"16529","6226光鼎","110/07/27","華南永昌",82,21,61
"16530","6226光鼎","110/07/27","華南永昌-林口",11,60,-49
"16531","2363矽統","110/07/27","國泰-敦南",541,118,423
"16532","2363矽統","110/07/27","摩根大通",317,1405,-1088
"16533","2363矽統","110/07/27","台新證券",564,333,231
"16534","2363矽統","110/07/27","美林",210,1095,-885
"16535","2363矽統","110/07/27","元大-沙鹿",196,9,187
"16536","2363矽統","110/07/27","港商野村",275,1065,-790
"16537","2363矽統","110/07/27","新光",300,151,149
"16538","2363矽統","110/07/27","凱基-台北",518,1192,-674
"16539","2363矽統","110/07/27","華南永昌-台南",108,3,105
"16540","2363矽統","110/07/27","新加坡商瑞銀",213,703,-490
"16541","2363矽統","110/07/27","華南永昌-朴子",140,43,97
"16542","2363矽統","110/07/27","富邦-南屯",6,272,-266
"16543","2363矽統","110/07/27","華南永昌-公誠",109,13,96
"16544","2363矽統","110/07/27","美商高盛",31,233,-202
"16545","2363矽統","110/07/27","元富-松德",95,1,94
"16546","2363矽統","110/07/27","元大證券",38,235,-197
"16547","2363矽統","110/07/27","中國信託-永康",102,8,94
"16548","2363矽統","110/07/27","永豐金證券",15,201,-186
"16549","2363矽統","110/07/27","台新-三民",111,21,90
"16550","2363矽統","110/07/27","亞東",46,206,-160
"16551","2363矽統","110/07/27","凱基-中港",85,3,82
"16552","2363矽統","110/07/27","群益金鼎",21,169,-148
"16553","2363矽統","110/07/27","元富-烏日",87,6,81
"16554","2363矽統","110/07/27","第一金-嘉義",0,100,-100
"16555","2363矽統","110/07/27","富邦-台北",135,56,79
"16556","2363矽統","110/07/27","凱基-彰化",9,100,-91
"16557","2363矽統","110/07/27","元大-復北",81,12,69
"16558","2363矽統","110/07/27","元富-佳里",27,97,-70
"16559","2363矽統","110/07/27","中國信託-忠孝",94,26,68
"16560","2363矽統","110/07/27","合庫-桃園",8,76,-68
"16561","8112至上","110/07/27","凱基-竹科",300,10,290
"16562","8112至上","110/07/27","凱基-三重",1,501,-500
"16563","8112至上","110/07/27","台灣摩根士丹利",271,49,222
"16564","8112至上","110/07/27","美林",21,339,-318
"16565","8112至上","110/07/27","摩根大通",488,427,61
"16566","8112至上","110/07/27","凱基-台北",423,615,-192
"16567","8112至上","110/07/27","香港上海匯豐",61,0,61
"16568","8112至上","110/07/27","港商野村",83,183,-100
"16569","8112至上","110/07/27","日盛證券",62,4,58
"16570","8112至上","110/07/27","永豐金-台南",2,79,-77
"16571","8112至上","110/07/27","元大-基隆孝二",52,0,52
"16572","8112至上","110/07/27","福邦證券",0,71,-71
"16573","8112至上","110/07/27","永豐金-中正",59,7,52
"16574","8112至上","110/07/27","兆豐-天母",0,50,-50
"16575","8112至上","110/07/27","群益金鼎-高盛",47,0,47
"16576","8112至上","110/07/27","元富-林園",3,52,-49
"16577","8112至上","110/07/27","永豐金-內湖",47,0,47
"16578","8112至上","110/07/27","永豐金-苓雅",1,50,-49
"16579","8112至上","110/07/27","富邦-台北",45,5,40
"16580","8112至上","110/07/27","元大-新莊",9,53,-44
"16581","8112至上","110/07/27","台新證券",78,39,39
"16582","8112至上","110/07/27","第一金-路竹",20,57,-37
"16583","8112至上","110/07/27","新光-台中",44,7,37
"16584","8112至上","110/07/27","新光-桃園",2,36,-34
"16585","8112至上","110/07/27","元大-羅東",38,1,37
"16586","8112至上","110/07/27","元大-東港",0,27,-27
"16587","8112至上","110/07/27","新光",101,65,36
"16588","8112至上","110/07/27","國泰-松江",2,28,-26
"16589","8112至上","110/07/27","元大-新竹",63,28,35
"16590","8112至上","110/07/27","群益金鼎-潭子",2,28,-26
"16591","1570力肯","110/07/27","國票-北高雄",7,0,7
"16592","1570力肯","110/07/27","元大-高雄",0,16,-16
"16593","1570力肯","110/07/27","富邦-陽明",5,0,5
"16594","1570力肯","110/07/27","國票-新莊",0,5,-5
"16595","1570力肯","110/07/27","元大-民雄",3,0,3
"16596","1570力肯","110/07/27","凱基-台北",0,5,-5
"16597","1570力肯","110/07/27","凱基-大里",3,0,3
"16598","1570力肯","110/07/27","美林",0,2,-2
"16599","1570力肯","110/07/27","凱基-長庚",3,0,3
"16600","1570力肯","110/07/27","富邦-南屯",0,2,-2
"16601","1570力肯","110/07/27","元大-新莊",2,0,2
"16602","1570力肯","110/07/27","元大-南崁",0,2,-2
"16603","1570力肯","110/07/27","大昌-樹林",2,0,2
"16604","1570力肯","110/07/27","元大-板橋",0,2,-2
"16605","1570力肯","110/07/27","台新-台中",2,0,2
"16606","1570力肯","110/07/27","新光",0,1,-1
"16607","1570力肯","110/07/27","新光-新竹",2,0,2
"16608","1570力肯","110/07/27","國泰-板橋",0,1,-1
"16609","1570力肯","110/07/27","富邦-左營",2,0,2
"16610","1570力肯","110/07/27","凱基-鳳山",0,1,-1
"16611","1570力肯","110/07/27","群益金鼎-土城",1,0,1
"16612","1570力肯","110/07/27","(牛牛牛)亞-鑫豐",2,2,0
"16613","1570力肯","110/07/27","凱基-竹東",1,0,1
"16614","1570力肯","110/07/27","元大-新盛",1,1,0
"16615","1570力肯","110/07/27","日盛-員林",1,0,1
"16616","1570力肯","110/07/27","",NA,NA,NA
"16617","1570力肯","110/07/27","玉山-板橋",1,0,1
"16618","1570力肯","110/07/27","",NA,NA,NA
"16619","1570力肯","110/07/27","元富-同大",1,0,1
"16620","1570力肯","110/07/27","",NA,NA,NA
"16621","2929淘帝","110/07/27","元大-民生",28,0,28
"16622","2929淘帝","110/07/27","元大-鳳山",0,20,-20
"16623","2929淘帝","110/07/27","臺銀-民權",18,0,18
"16624","2929淘帝","110/07/27","港商野村",1,18,-17
"16625","2929淘帝","110/07/27","合庫-高雄",13,0,13
"16626","2929淘帝","110/07/27","玉山-板橋",0,15,-15
"16627","2929淘帝","110/07/27","永興-水湳",10,0,10
"16628","2929淘帝","110/07/27","美林",0,10,-10
"16629","2929淘帝","110/07/27","富邦-陽明",10,0,10
"16630","2929淘帝","110/07/27","凱基-八德",0,10,-10
"16631","2929淘帝","110/07/27","元大-中和",10,0,10
"16632","2929淘帝","110/07/27","永豐金證券",0,9,-9
"16633","2929淘帝","110/07/27","國泰-館前",6,0,6
"16634","2929淘帝","110/07/27","新加坡商瑞銀",10,18,-8
"16635","2929淘帝","110/07/27","富邦-內湖",6,0,6
"16636","2929淘帝","110/07/27","富邦-台北",0,8,-8
"16637","2929淘帝","110/07/27","合庫-台南",5,0,5
"16638","2929淘帝","110/07/27","宏遠-台中",0,7,-7
"16639","2929淘帝","110/07/27","凱基-東門",5,0,5
"16640","2929淘帝","110/07/27","元富-潮州",0,7,-7
"16641","2929淘帝","110/07/27","元大-大益",5,0,5
"16642","2929淘帝","110/07/27","群益金鼎-延平",0,6,-6
"16643","2929淘帝","110/07/27","元大-屏南",5,0,5
"16644","2929淘帝","110/07/27","元大-文心",0,6,-6
"16645","2929淘帝","110/07/27","永豐金-板盛",5,0,5
"16646","2929淘帝","110/07/27","永豐金-中壢",0,6,-6
"16647","2929淘帝","110/07/27","臺銀",4,0,4
"16648","2929淘帝","110/07/27","美商高盛",0,5,-5
"16649","2929淘帝","110/07/27","永豐金-市政",4,0,4
"16650","2929淘帝","110/07/27","兆豐-南門",0,5,-5
"16651","5410國眾","110/07/27","摩根大通",47,0,47
"16652","5410國眾","110/07/27","元富-嘉義",0,48,-48
"16653","5410國眾","110/07/27","兆豐-城中",43,0,43
"16654","5410國眾","110/07/27","統一-平鎮",0,20,-20
"16655","5410國眾","110/07/27","香港上海匯豐",36,0,36
"16656","5410國眾","110/07/27","元大-大益",0,18,-18
"16657","5410國眾","110/07/27","港商麥格理",26,0,26
"16658","5410國眾","110/07/27","凱基-台北",0,16,-16
"16659","5410國眾","110/07/27","元富-大昌",21,0,21
"16660","5410國眾","110/07/27","凱基-站前",0,15,-15
"16661","5410國眾","110/07/27","元富-四維",20,0,20
"16662","5410國眾","110/07/27","元大-南勢角",0,13,-13
"16663","5410國眾","110/07/27","新光-台中",20,0,20
"16664","5410國眾","110/07/27","日盛-忠孝",0,11,-11
"16665","5410國眾","110/07/27","統一-金門",15,0,15
"16666","5410國眾","110/07/27","玉山-板橋",0,11,-11
"16667","5410國眾","110/07/27","玉山-高雄",15,0,15
"16668","5410國眾","110/07/27","元大-崇德",0,11,-11
"16669","5410國眾","110/07/27","凱基-竹北",15,0,15
"16670","5410國眾","110/07/27","元大-大天母",0,11,-11
"16671","5410國眾","110/07/27","元大-新莊",14,1,13
"16672","5410國眾","110/07/27","元富-松德",0,10,-10
"16673","5410國眾","110/07/27","華南永昌-中正",14,4,10
"16674","5410國眾","110/07/27","豐農",0,10,-10
"16675","5410國眾","110/07/27","元大-屏南",10,0,10
"16676","5410國眾","110/07/27","新光-新竹",0,10,-10
"16677","5410國眾","110/07/27","元大-中和",10,0,10
"16678","5410國眾","110/07/27","凱基-虎尾",0,10,-10
"16679","5410國眾","110/07/27","台新證券",10,1,9
"16680","5410國眾","110/07/27","元大-善化",0,10,-10
"16681","2841台開","110/07/27","日盛證券",620,0,620
"16682","2841台開","110/07/27","玉山-新竹",0,312,-312
"16683","2841台開","110/07/27","永豐金-豐原",65,0,65
"16684","2841台開","110/07/27","港商野村",0,216,-216
"16685","2841台開","110/07/27","元大-南投",50,0,50
"16686","2841台開","110/07/27","永興-水湳",0,90,-90
"16687","2841台開","110/07/27","台灣摩根士丹利",40,0,40
"16688","2841台開","110/07/27","凱基-興隆",0,64,-64
"16689","2841台開","110/07/27","玉山-高雄",29,0,29
"16690","2841台開","110/07/27","美林",0,30,-30
"16691","2841台開","110/07/27","第一金-台中",20,0,20
"16692","2841台開","110/07/27","國泰-松江",5,35,-30
"16693","2841台開","110/07/27","凱基-市政",20,0,20
"16694","2841台開","110/07/27","台新-左楠",0,25,-25
"16695","2841台開","110/07/27","群益金鼎-大甲",18,1,17
"16696","2841台開","110/07/27","大昌-樹林",0,20,-20
"16697","2841台開","110/07/27","台中銀",16,1,15
"16698","2841台開","110/07/27","富邦-仁愛",0,20,-20
"16699","2841台開","110/07/27","國泰-板橋",12,0,12
"16700","2841台開","110/07/27","致和-南京",0,16,-16
"16701","2841台開","110/07/27","群益金鼎-基隆",10,0,10
"16702","2841台開","110/07/27","凱基-台北",2,16,-14
"16703","2841台開","110/07/27","華南永昌-新莊",10,0,10
"16704","2841台開","110/07/27","日盛-台南",0,10,-10
"16705","2841台開","110/07/27","元大-福營",10,0,10
"16706","2841台開","110/07/27","國票-台東",0,10,-10
"16707","2841台開","110/07/27","元大-歸仁",10,0,10
"16708","2841台開","110/07/27","台新-台中",5,15,-10
"16709","2841台開","110/07/27","中國信託-文心",5,0,5
"16710","2841台開","110/07/27","凱基-台中",0,10,-10
"16711","6207雷科","110/07/27","摩根大通",249,119,130
"16712","6207雷科","110/07/27","永豐金-台南",2,82,-80
"16713","6207雷科","110/07/27","群益金鼎-丹鳳",70,0,70
"16714","6207雷科","110/07/27","永豐金-內湖",39,109,-70
"16715","6207雷科","110/07/27","群益金鼎-東門",42,0,42
"16716","6207雷科","110/07/27","新加坡商瑞銀",22,76,-54
"16717","6207雷科","110/07/27","永豐金-敦南",38,4,34
"16718","6207雷科","110/07/27","新光-高雄",4,57,-53
"16719","6207雷科","110/07/27","凱基-復興",30,0,30
"16720","6207雷科","110/07/27","瑞士信貸",0,40,-40
"16721","6207雷科","110/07/27","元大-東門",30,0,30
"16722","6207雷科","110/07/27","凱基-高雄",4,43,-39
"16723","6207雷科","110/07/27","大昌-桃園",33,8,25
"16724","6207雷科","110/07/27","華南永昌-高雄",4,40,-36
"16725","6207雷科","110/07/27","富邦-虎尾",24,0,24
"16726","6207雷科","110/07/27","新光",11,44,-33
"16727","6207雷科","110/07/27","凱基-羅東",24,2,22
"16728","6207雷科","110/07/27","日盛-板橋中山",0,29,-29
"16729","6207雷科","110/07/27","群益金鼎-延平",21,0,21
"16730","6207雷科","110/07/27","元大-六合",3,30,-27
"16731","6207雷科","110/07/27","群益金鼎-屏東",20,0,20
"16732","6207雷科","110/07/27","中國信託-新竹",7,33,-26
"16733","6207雷科","110/07/27","永豐金-埔里",20,0,20
"16734","6207雷科","110/07/27","元富-城中",0,23,-23
"16735","6207雷科","110/07/27","康和-延平",21,3,18
"16736","6207雷科","110/07/27","元大-大雅",2,20,-18
"16737","6207雷科","110/07/27","群益金鼎-中壢",20,2,18
"16738","6207雷科","110/07/27","永豐金-新莊",2,20,-18
"16739","6207雷科","110/07/27","宏遠證券",31,15,16
"16740","6207雷科","110/07/27","富邦-台中",5,21,-16
"16741","3679新至陞","110/07/27","凱基-市政",25,0,25
"16742","3679新至陞","110/07/27","瑞士信貸",0,13,-13
"16743","3679新至陞","110/07/27","兆豐-高雄",10,0,10
"16744","3679新至陞","110/07/27","元大-天母",0,9,-9
"16745","3679新至陞","110/07/27","光和-溪湖",8,0,8
"16746","3679新至陞","110/07/27","元大-彰化民生",0,6,-6
"16747","3679新至陞","110/07/27","臺銀-新竹",7,0,7
"16748","3679新至陞","110/07/27","康和-澎湖",2,7,-5
"16749","3679新至陞","110/07/27","新加坡商瑞銀",7,0,7
"16750","3679新至陞","110/07/27","聯邦-大業",0,5,-5
"16751","3679新至陞","110/07/27","永豐金-板橋",6,0,6
"16752","3679新至陞","110/07/27","元大-成功",0,5,-5
"16753","3679新至陞","110/07/27","宏遠-光隆",5,0,5
"16754","3679新至陞","110/07/27","康和-板橋",0,4,-4
"16755","3679新至陞","110/07/27","統一",5,0,5
"16756","3679新至陞","110/07/27","凱基-新豐",0,4,-4
"16757","3679新至陞","110/07/27","統一-新竹",5,0,5
"16758","3679新至陞","110/07/27","統一-高雄",0,3,-3
"16759","3679新至陞","110/07/27","元富-松德",5,0,5
"16760","3679新至陞","110/07/27","統一-新台中",0,3,-3
"16761","3679新至陞","110/07/27","元大-淡水",5,0,5
"16762","3679新至陞","110/07/27","元富-安南",0,3,-3
"16763","3679新至陞","110/07/27","日盛證券",4,0,4
"16764","3679新至陞","110/07/27","國票-北高雄",0,3,-3
"16765","3679新至陞","110/07/27","國泰-板橋",4,0,4
"16766","3679新至陞","110/07/27","玉山-新莊",0,3,-3
"16767","3679新至陞","110/07/27","(牛牛牛)亞-網路",3,0,3
"16768","3679新至陞","110/07/27","凱基-屏東",0,3,-3
"16769","3679新至陞","110/07/27","國票-九鼎",3,0,3
"16770","3679新至陞","110/07/27","台灣摩根士丹利",0,2,-2
"16771","2727王品","110/07/27","台灣摩根士丹利",103,12,91
"16772","2727王品","110/07/27","元大-彰化民生",11,420,-409
"16773","2727王品","110/07/27","華南永昌-麻豆",33,0,33
"16774","2727王品","110/07/27","美商高盛",0,247,-247
"16775","2727王品","110/07/27","元大-龍潭",31,1,30
"16776","2727王品","110/07/27","華南永昌",7,193,-186
"16777","2727王品","110/07/27","國泰-敦南",38,11,27
"16778","2727王品","110/07/27","花旗環球",0,86,-86
"16779","2727王品","110/07/27","群益金鼎-基隆",27,1,26
"16780","2727王品","110/07/27","凱基-台北",81,139,-58
"16781","2727王品","110/07/27","富邦-台中",26,0,26
"16782","2727王品","110/07/27","元大證券",23,64,-41
"16783","2727王品","110/07/27","元富",31,6,25
"16784","2727王品","110/07/27","瑞士信貸",0,37,-37
"16785","2727王品","110/07/27","元大-桃園",25,0,25
"16786","2727王品","110/07/27","富邦-建國",8,35,-27
"16787","2727王品","110/07/27","凱基-大直",21,1,20
"16788","2727王品","110/07/27","凱基-埔墘",6,29,-23
"16789","2727王品","110/07/27","日盛-士林",16,0,16
"16790","2727王品","110/07/27","美林",5,26,-21
"16791","2727王品","110/07/27","國票-敦北法人",17,1,16
"16792","2727王品","110/07/27","港商野村",12,30,-18
"16793","2727王品","110/07/27","群益金鼎-高雄",16,0,16
"16794","2727王品","110/07/27","華南永昌-林口",3,21,-18
"16795","2727王品","110/07/27","永豐金-忠孝",18,2,16
"16796","2727王品","110/07/27","彰銀-台中",4,20,-16
"16797","2727王品","110/07/27","臺銀-高雄",16,1,15
"16798","2727王品","110/07/27","統一",3,17,-14
"16799","2727王品","110/07/27","台新-台中",18,3,15
"16800","2727王品","110/07/27","富邦-新竹華信",2,15,-13
"16801","1570力肯","110/07/27","國票-北高雄",7,0,7
"16802","1570力肯","110/07/27","元大-高雄",0,16,-16
"16803","1570力肯","110/07/27","富邦-陽明",5,0,5
"16804","1570力肯","110/07/27","國票-新莊",0,5,-5
"16805","1570力肯","110/07/27","元大-民雄",3,0,3
"16806","1570力肯","110/07/27","凱基-台北",0,5,-5
"16807","1570力肯","110/07/27","凱基-大里",3,0,3
"16808","1570力肯","110/07/27","美林",0,2,-2
"16809","1570力肯","110/07/27","凱基-長庚",3,0,3
"16810","1570力肯","110/07/27","富邦-南屯",0,2,-2
"16811","1570力肯","110/07/27","元大-新莊",2,0,2
"16812","1570力肯","110/07/27","元大-南崁",0,2,-2
"16813","1570力肯","110/07/27","大昌-樹林",2,0,2
"16814","1570力肯","110/07/27","元大-板橋",0,2,-2
"16815","1570力肯","110/07/27","台新-台中",2,0,2
"16816","1570力肯","110/07/27","新光",0,1,-1
"16817","1570力肯","110/07/27","新光-新竹",2,0,2
"16818","1570力肯","110/07/27","國泰-板橋",0,1,-1
"16819","1570力肯","110/07/27","富邦-左營",2,0,2
"16820","1570力肯","110/07/27","凱基-鳳山",0,1,-1
"16821","1570力肯","110/07/27","群益金鼎-土城",1,0,1
"16822","1570力肯","110/07/27","(牛牛牛)亞-鑫豐",2,2,0
"16823","1570力肯","110/07/27","凱基-竹東",1,0,1
"16824","1570力肯","110/07/27","元大-新盛",1,1,0
"16825","1570力肯","110/07/27","日盛-員林",1,0,1
"16826","1570力肯","110/07/27","",NA,NA,NA
"16827","1570力肯","110/07/27","玉山-板橋",1,0,1
"16828","1570力肯","110/07/27","",NA,NA,NA
"16829","1570力肯","110/07/27","元富-同大",1,0,1
"16830","1570力肯","110/07/27","",NA,NA,NA
"16831","6180橘子","110/07/27","新加坡商瑞銀",166,24,142
"16832","6180橘子","110/07/27","花旗環球",31,87,-56
"16833","6180橘子","110/07/27","彰銀-台中",50,1,49
"16834","6180橘子","110/07/27","凱基-台北",53,108,-55
"16835","6180橘子","110/07/27","日盛-文化",48,8,40
"16836","6180橘子","110/07/27","新光",39,81,-42
"16837","6180橘子","110/07/27","美林",39,0,39
"16838","6180橘子","110/07/27","富邦-台北",1,25,-24
"16839","6180橘子","110/07/27","元大-草屯",54,17,37
"16840","6180橘子","110/07/27","第一金-員林",0,22,-22
"16841","6180橘子","110/07/27","美商高盛",35,1,34
"16842","6180橘子","110/07/27","富邦-新竹華信",7,28,-21
"16843","6180橘子","110/07/27","元大-上新莊",32,0,32
"16844","6180橘子","110/07/27","凱基-中山",5,24,-19
"16845","6180橘子","110/07/27","台灣摩根士丹利",30,0,30
"16846","6180橘子","110/07/27","國泰-敦南",22,37,-15
"16847","6180橘子","110/07/27","摩根大通",49,21,28
"16848","6180橘子","110/07/27","合庫-自強",2,16,-14
"16849","6180橘子","110/07/27","兆豐-大同",30,4,26
"16850","6180橘子","110/07/27","大昌-安康",1,14,-13
"16851","6180橘子","110/07/27","元大-羅東",21,0,21
"16852","6180橘子","110/07/27","高橋",0,11,-11
"16853","6180橘子","110/07/27","日盛-頭份",16,0,16
"16854","6180橘子","110/07/27","土銀-新竹",0,10,-10
"16855","6180橘子","110/07/27","瑞士信貸",24,8,16
"16856","6180橘子","110/07/27","兆豐-麻豆",0,10,-10
"16857","6180橘子","110/07/27","群益金鼎-士林",15,0,15
"16858","6180橘子","110/07/27","康和-永和",0,10,-10
"16859","6180橘子","110/07/27","永豐金-南京",15,1,14
"16860","6180橘子","110/07/27","永豐金-竹科",2,12,-10
"16861","2390云辰","110/07/27","凱基-基隆",207,3,204
"16862","2390云辰","110/07/27","凱基-台北",248,732,-484
"16863","2390云辰","110/07/27","摩根大通",730,560,170
"16864","2390云辰","110/07/27","美林",17,218,-201
"16865","2390云辰","110/07/27","華南永昌-中正",182,43,139
"16866","2390云辰","110/07/27","港商野村",85,277,-192
"16867","2390云辰","110/07/27","兆豐-北高雄",124,1,123
"16868","2390云辰","110/07/27","玉山-新莊",4,87,-83
"16869","2390云辰","110/07/27","元大-信義",108,5,103
"16870","2390云辰","110/07/27","新光",96,163,-67
"16871","2390云辰","110/07/27","富邦-陽明",94,22,72
"16872","2390云辰","110/07/27","新光-新竹",7,74,-67
"16873","2390云辰","110/07/27","日盛證券",140,71,69
"16874","2390云辰","110/07/27","富邦-左營",46,107,-61
"16875","2390云辰","110/07/27","第一金-豐原",56,0,56
"16876","2390云辰","110/07/27","大昌-新店",9,64,-55
"16877","2390云辰","110/07/27","統一-新台中",67,22,45
"16878","2390云辰","110/07/27","日盛-和美",28,81,-53
"16879","2390云辰","110/07/27","元大-復北",47,2,45
"16880","2390云辰","110/07/27","元大-台南",3,54,-51
"16881","2390云辰","110/07/27","富邦-建國",54,10,44
"16882","2390云辰","110/07/27","元富-世貿",10,60,-50
"16883","2390云辰","110/07/27","兆豐-桃鶯",46,5,41
"16884","2390云辰","110/07/27","華南永昌-鳳山",41,90,-49
"16885","2390云辰","110/07/27","富邦-中壢",45,4,41
"16886","2390云辰","110/07/27","聯邦商銀",6,52,-46
"16887","2390云辰","110/07/27","富邦-新竹華信",46,11,35
"16888","2390云辰","110/07/27","合庫-高雄",7,50,-43
"16889","2390云辰","110/07/27","第一金-華江",30,2,28
"16890","2390云辰","110/07/27","瑞士信貸",0,42,-42
"16891","2363矽統","110/07/26","凱基-台北",1994,468,1526
"16892","2363矽統","110/07/26","富邦-南屯",5,375,-370
"16893","2363矽統","110/07/26","新加坡商瑞銀",1537,208,1329
"16894","2363矽統","110/07/26","聯邦-興中",0,203,-203
"16895","2363矽統","110/07/26","摩根大通",2033,997,1036
"16896","2363矽統","110/07/26","台新證券",427,622,-195
"16897","2363矽統","110/07/26","瑞士信貸",930,0,930
"16898","2363矽統","110/07/26","元大-鳳中",10,203,-193
"16899","2363矽統","110/07/26","美林",985,76,909
"16900","2363矽統","110/07/26","國泰-板橋",69,209,-140
"16901","2363矽統","110/07/26","港商野村",1072,282,790
"16902","2363矽統","110/07/26","北城證券",6,132,-126
"16903","2363矽統","110/07/26","美商高盛",711,7,704
"16904","2363矽統","110/07/26","華南永昌-朴子",30,152,-122
"16905","2363矽統","110/07/26","新光",570,278,292
"16906","2363矽統","110/07/26","台新-台中",27,145,-118
"16907","2363矽統","110/07/26","台新-台南",244,39,205
"16908","2363矽統","110/07/26","群益金鼎-萬華",13,128,-115
"16909","2363矽統","110/07/26","元大證券",243,52,191
"16910","2363矽統","110/07/26","日盛-樹林",7,116,-109
"16911","2363矽統","110/07/26","永豐金證券",189,27,162
"16912","2363矽統","110/07/26","群益金鼎-屏東",200,303,-103
"16913","2363矽統","110/07/26","元大-楊梅",177,16,161
"16914","2363矽統","110/07/26","元大-潮州",6,102,-96
"16915","2363矽統","110/07/26","群益金鼎",158,21,137
"16916","2363矽統","110/07/26","新光-桃園",22,117,-95
"16917","2363矽統","110/07/26","元富-城東",107,8,99
"16918","2363矽統","110/07/26","凱基-和平",45,140,-95
"16919","2363矽統","110/07/26","日盛-雙和",109,14,95
"16920","2363矽統","110/07/26","合庫-台南",5,95,-90
"16921","8112至上","110/07/26","摩根大通",1728,41,1687
"16922","8112至上","110/07/26","玉山-左營",3,600,-597
"16923","8112至上","110/07/26","台灣摩根士丹利",408,10,398
"16924","8112至上","110/07/26","凱基-三重",1,527,-526
"16925","8112至上","110/07/26","凱基-台北",693,311,382
"16926","8112至上","110/07/26","中國信託-忠孝",0,103,-103
"16927","8112至上","110/07/26","港商法國興業",376,1,375
"16928","8112至上","110/07/26","凱基-站前",7,105,-98
"16929","8112至上","110/07/26","美商高盛",172,26,146
"16930","8112至上","110/07/26","國票-中港",0,96,-96
"16931","8112至上","110/07/26","新加坡商瑞銀",201,69,132
"16932","8112至上","110/07/26","兆豐-公益",3,84,-81
"16933","8112至上","110/07/26","美林",192,62,130
"16934","8112至上","110/07/26","玉山證券",2,65,-63
"16935","8112至上","110/07/26","港商野村",142,58,84
"16936","8112至上","110/07/26","統一-台中",1,62,-61
"16937","8112至上","110/07/26","凱基-永和",75,0,75
"16938","8112至上","110/07/26","富邦-陽明",3,60,-57
"16939","8112至上","110/07/26","凱基-竹科",65,2,63
"16940","8112至上","110/07/26","新光-新竹",86,141,-55
"16941","8112至上","110/07/26","華南永昌-敦南",63,1,62
"16942","8112至上","110/07/26","富邦-台北",2,57,-55
"16943","8112至上","110/07/26","兆豐-天母",50,0,50
"16944","8112至上","110/07/26","玉山-板橋",2,51,-49
"16945","8112至上","110/07/26","新光-桃園",57,11,46
"16946","8112至上","110/07/26","台新-新營",6,47,-41
"16947","8112至上","110/07/26","光和",35,1,34
"16948","8112至上","110/07/26","元大-虎尾",4,42,-38
"16949","8112至上","110/07/26","華南永昌-新莊",31,3,28
"16950","8112至上","110/07/26","日盛-新竹",1,38,-37
"16951","1570力肯","110/07/26","元大-民雄",10,0,10
"16952","1570力肯","110/07/26","元大-高雄",0,33,-33
"16953","1570力肯","110/07/26","新光-台中",10,1,9
"16954","1570力肯","110/07/26","日盛-宜蘭",0,8,-8
"16955","1570力肯","110/07/26","富邦-陽明",9,0,9
"16956","1570力肯","110/07/26","美林",0,5,-5
"16957","1570力肯","110/07/26","大慶-蘆洲",8,0,8
"16958","1570力肯","110/07/26","凱基-永康",0,5,-5
"16959","1570力肯","110/07/26","福勝",8,0,8
"16960","1570力肯","110/07/26","台新證券",0,4,-4
"16961","1570力肯","110/07/26","凱基-桃園",7,0,7
"16962","1570力肯","110/07/26","元大-汐止",0,4,-4
"16963","1570力肯","110/07/26","中國信託-永康",3,0,3
"16964","1570力肯","110/07/26","元大-桃興",0,3,-3
"16965","1570力肯","110/07/26","兆豐-台中港",3,0,3
"16966","1570力肯","110/07/26","元富-吉利",0,2,-2
"16967","1570力肯","110/07/26","國票-北高雄",3,0,3
"16968","1570力肯","110/07/26","國泰-板橋",0,2,-2
"16969","1570力肯","110/07/26","富邦-員林",3,0,3
"16970","1570力肯","110/07/26","元大-台中",0,2,-2
"16971","1570力肯","110/07/26","瑞士信貸",2,0,2
"16972","1570力肯","110/07/26","元大-西螺",0,2,-2
"16973","1570力肯","110/07/26","大昌-樹林",2,0,2
"16974","1570力肯","110/07/26","元大-苑裡",0,2,-2
"16975","1570力肯","110/07/26","兆豐-忠孝",2,0,2
"16976","1570力肯","110/07/26","合庫-三重",0,1,-1
"16977","1570力肯","110/07/26","新光",2,0,2
"16978","1570力肯","110/07/26","臺銀-臺南",0,1,-1
"16979","1570力肯","110/07/26","凱基-台北",2,0,2
"16980","1570力肯","110/07/26","元富-永和",0,1,-1
"16981","2929淘帝","110/07/26","合庫-高雄",47,0,47
"16982","2929淘帝","110/07/26","港商野村",11,42,-31
"16983","2929淘帝","110/07/26","元大-民生",28,0,28
"16984","2929淘帝","110/07/26","凱基-林口",0,30,-30
"16985","2929淘帝","110/07/26","臺銀-鳳山",10,0,10
"16986","2929淘帝","110/07/26","美林",1,28,-27
"16987","2929淘帝","110/07/26","華南永昌-鶯歌",10,0,10
"16988","2929淘帝","110/07/26","富邦-竹北",0,20,-20
"16989","2929淘帝","110/07/26","元大-永和",10,0,10
"16990","2929淘帝","110/07/26","凱基-台北",0,12,-12
"16991","2929淘帝","110/07/26","永豐金證券",8,0,8
"16992","2929淘帝","110/07/26","中國信託-永康",0,10,-10
"16993","2929淘帝","110/07/26","元大-太平",8,1,7
"16994","2929淘帝","110/07/26","摩根大通",0,10,-10
"16995","2929淘帝","110/07/26","德信-和平",6,0,6
"16996","2929淘帝","110/07/26","群益金鼎-高雄",0,10,-10
"16997","2929淘帝","110/07/26","兆豐-南門",6,0,6
"16998","2929淘帝","110/07/26","富邦-宜蘭",0,10,-10
"16999","2929淘帝","110/07/26","元大-新竹經國",6,0,6
"17000","2929淘帝","110/07/26","新加坡商瑞銀",4,13,-9
"17001","2929淘帝","110/07/26","合庫-台南",5,0,5
"17002","2929淘帝","110/07/26","元富-敦南",0,7,-7
"17003","2929淘帝","110/07/26","第一金-新興",5,0,5
"17004","2929淘帝","110/07/26","元大-基隆",0,6,-6
"17005","2929淘帝","110/07/26","玉山-新竹",5,0,5
"17006","2929淘帝","110/07/26","新光-台中",1,6,-5
"17007","2929淘帝","110/07/26","元大-金門",5,0,5
"17008","2929淘帝","110/07/26","華南永昌",0,5,-5
"17009","2929淘帝","110/07/26","台新-台中",4,0,4
"17010","2929淘帝","110/07/26","永豐金-中和",0,5,-5
"17011","5410國眾","110/07/26","摩根大通",71,0,71
"17012","5410國眾","110/07/26","日盛-忠孝",0,142,-142
"17013","5410國眾","110/07/26","凱基-台北",67,4,63
"17014","5410國眾","110/07/26","元富-嘉義",0,55,-55
"17015","5410國眾","110/07/26","兆豐-城中",47,0,47
"17016","5410國眾","110/07/26","國泰-敦南",2,30,-28
"17017","5410國眾","110/07/26","永豐金-內湖",45,0,45
"17018","5410國眾","110/07/26","群益金鼎-板橋",0,15,-15
"17019","5410國眾","110/07/26","元大-新莊",26,0,26
"17020","5410國眾","110/07/26","華南永昌-三重",0,11,-11
"17021","5410國眾","110/07/26","兆豐-麻豆",10,0,10
"17022","5410國眾","110/07/26","永全-南崁",0,10,-10
"17023","5410國眾","110/07/26","新光-台中",10,0,10
"17024","5410國眾","110/07/26","台新-建北",1,11,-10
"17025","5410國眾","110/07/26","元大-屏南",10,0,10
"17026","5410國眾","110/07/26","臺銀-臺南",0,8,-8
"17027","5410國眾","110/07/26","港商野村",9,0,9
"17028","5410國眾","110/07/26","群益金鼎-東大",0,7,-7
"17029","5410國眾","110/07/26","新光",13,4,9
"17030","5410國眾","110/07/26","永豐金-中正",0,7,-7
"17031","5410國眾","110/07/26","華南永昌-小港",7,0,7
"17032","5410國眾","110/07/26","永豐金-桃園",0,7,-7
"17033","5410國眾","110/07/26","玉山-左營",6,0,6
"17034","5410國眾","110/07/26","第一金-高雄",0,6,-6
"17035","5410國眾","110/07/26","土銀-台南",5,0,5
"17036","5410國眾","110/07/26","台中銀-豐原",0,6,-6
"17037","5410國眾","110/07/26","新加坡商瑞銀",5,0,5
"17038","5410國眾","110/07/26","亞東-高雄",0,5,-5
"17039","5410國眾","110/07/26","元富-三重",8,3,5
"17040","5410國眾","110/07/26","國票-北高雄",0,5,-5
"17041","2841台開","110/07/26","台新-台中",282,5,277
"17042","2841台開","110/07/26","港商野村",0,128,-128
"17043","2841台開","110/07/26","凱基-台北",41,0,41
"17044","2841台開","110/07/26","富邦-仁愛",0,70,-70
"17045","2841台開","110/07/26","台灣摩根士丹利",40,0,40
"17046","2841台開","110/07/26","元大-彰化",0,60,-60
"17047","2841台開","110/07/26","元富-緯城",40,0,40
"17048","2841台開","110/07/26","永興-水湳",0,30,-30
"17049","2841台開","110/07/26","玉山-高雄",38,0,38
"17050","2841台開","110/07/26","富邦-新竹華信",0,23,-23
"17051","2841台開","110/07/26","日盛-樹林",21,0,21
"17052","2841台開","110/07/26","宏遠-光隆",0,20,-20
"17053","2841台開","110/07/26","元大-松江",20,0,20
"17054","2841台開","110/07/26","玉山證券",0,20,-20
"17055","2841台開","110/07/26","元大-歸仁",20,0,20
"17056","2841台開","110/07/26","富邦-板橋",0,20,-20
"17057","2841台開","110/07/26","國泰-桃園",20,3,17
"17058","2841台開","110/07/26","元大-台中中港",0,19,-19
"17059","2841台開","110/07/26","新光-台中",15,0,15
"17060","2841台開","110/07/26","臺銀-臺南",0,18,-18
"17061","2841台開","110/07/26","群益金鼎-東門",11,0,11
"17062","2841台開","110/07/26","永豐金-敦南",3,19,-16
"17063","2841台開","110/07/26","華南永昌-內壢",11,0,11
"17064","2841台開","110/07/26","統一-桃園",0,13,-13
"17065","2841台開","110/07/26","元富-烏日",10,0,10
"17066","2841台開","110/07/26","國泰-台中",0,11,-11
"17067","2841台開","110/07/26","國泰-忠孝",10,2,8
"17068","2841台開","110/07/26","元大-福營",0,11,-11
"17069","2841台開","110/07/26","元大-潮州",6,0,6
"17070","2841台開","110/07/26","凱基-站前",0,10,-10
"17071","6207雷科","110/07/26","元大-向上",70,0,70
"17072","6207雷科","110/07/26","摩根大通",45,241,-196
"17073","6207雷科","110/07/26","國票-中和",67,5,62
"17074","6207雷科","110/07/26","華南永昌-台中",16,180,-164
"17075","6207雷科","110/07/26","永豐金-台南",63,2,61
"17076","6207雷科","110/07/26","瑞士信貸",4,69,-65
"17077","6207雷科","110/07/26","國泰-板橋",32,0,32
"17078","6207雷科","110/07/26","國票-天祥",11,76,-65
"17079","6207雷科","110/07/26","華南永昌-朴子",24,0,24
"17080","6207雷科","110/07/26","新加坡商瑞銀",15,78,-63
"17081","6207雷科","110/07/26","台新證券",35,12,23
"17082","6207雷科","110/07/26","凱基-台北",86,134,-48
"17083","6207雷科","110/07/26","永豐金-板盛",24,1,23
"17084","6207雷科","110/07/26","富邦-台中",58,100,-42
"17085","6207雷科","110/07/26","康和-台中",24,2,22
"17086","6207雷科","110/07/26","兆豐-大安",0,41,-41
"17087","6207雷科","110/07/26","台新-台南",22,2,20
"17088","6207雷科","110/07/26","群益金鼎-館前",0,40,-40
"17089","6207雷科","110/07/26","元大-大統",22,2,20
"17090","6207雷科","110/07/26","富邦-羅東",2,39,-37
"17091","6207雷科","110/07/26","元富-桃園",19,0,19
"17092","6207雷科","110/07/26","國票-台東",0,30,-30
"17093","6207雷科","110/07/26","高橋",17,0,17
"17094","6207雷科","110/07/26","凱基-士林",1,30,-29
"17095","6207雷科","110/07/26","元富-同大",30,13,17
"17096","6207雷科","110/07/26","元大-南京",3,31,-28
"17097","6207雷科","110/07/26","元大-內湖",17,0,17
"17098","6207雷科","110/07/26","宏遠-桃園",0,24,-24
"17099","6207雷科","110/07/26","永豐金-內湖",19,2,17
"17100","6207雷科","110/07/26","國票-和平",0,23,-23
"17101","3679新至陞","110/07/26","元富-板橋",16,0,16
"17102","3679新至陞","110/07/26","台新-台中",0,19,-19
"17103","3679新至陞","110/07/26","華南永昌-淡水",10,0,10
"17104","3679新至陞","110/07/26","元大-成功",0,10,-10
"17105","3679新至陞","110/07/26","光和-溪湖",8,0,8
"17106","3679新至陞","110/07/26","日進",0,9,-9
"17107","3679新至陞","110/07/26","宏遠-光隆",6,0,6
"17108","3679新至陞","110/07/26","臺銀-臺中",0,5,-5
"17109","3679新至陞","110/07/26","玉山-嘉義",5,0,5
"17110","3679新至陞","110/07/26","港商法國興業",0,4,-4
"17111","3679新至陞","110/07/26","元富-安南",3,0,3
"17112","3679新至陞","110/07/26","統一-新台中",0,3,-3
"17113","3679新至陞","110/07/26","摩根大通",4,1,3
"17114","3679新至陞","110/07/26","大慶-苗栗",1,3,-2
"17115","3679新至陞","110/07/26","凱基-台北",5,2,3
"17116","3679新至陞","110/07/26","元富-松德",0,2,-2
"17117","3679新至陞","110/07/26","凱基-站前",2,0,2
"17118","3679新至陞","110/07/26","富邦-仁愛",0,2,-2
"17119","3679新至陞","110/07/26","華南永昌",2,0,2
"17120","3679新至陞","110/07/26","元大-文心興安",0,2,-2
"17121","3679新至陞","110/07/26","元大-上新莊",2,0,2
"17122","3679新至陞","110/07/26","永豐金證券",0,2,-2
"17123","3679新至陞","110/07/26","美林",4,3,1
"17124","3679新至陞","110/07/26","臺銀-高雄",0,1,-1
"17125","3679新至陞","110/07/26","台灣摩根士丹利",2,1,1
"17126","3679新至陞","110/07/26","台灣企銀-屏東",0,1,-1
"17127","3679新至陞","110/07/26","美商高盛",1,0,1
"17128","3679新至陞","110/07/26","大慶-富順",0,1,-1
"17129","3679新至陞","110/07/26","富邦-台北",1,0,1
"17130","3679新至陞","110/07/26","統一-彰化",0,1,-1
"17131","2727王品","110/07/26","兆豐-南京",300,0,300
"17132","2727王品","110/07/26","元富-安南",0,62,-62
"17133","2727王品","110/07/26","凱基-台北",74,29,45
"17134","2727王品","110/07/26","瑞士信貸",0,44,-44
"17135","2727王品","110/07/26","富邦-建國",25,2,23
"17136","2727王品","110/07/26","新加坡商瑞銀",0,44,-44
"17137","2727王品","110/07/26","台灣摩根士丹利",22,0,22
"17138","2727王品","110/07/26","統一",11,54,-43
"17139","2727王品","110/07/26","永豐金-屏東",14,1,13
"17140","2727王品","110/07/26","美林",4,39,-35
"17141","2727王品","110/07/26","富邦-桃園",12,1,11
"17142","2727王品","110/07/26","第一金",0,30,-30
"17143","2727王品","110/07/26","日盛-鳳山",11,1,10
"17144","2727王品","110/07/26","康和-台中",0,30,-30
"17145","2727王品","110/07/26","元富-城中",10,0,10
"17146","2727王品","110/07/26","國泰證券",1,31,-30
"17147","2727王品","110/07/26","元大-龍潭",11,1,10
"17148","2727王品","110/07/26","元大證券",37,67,-30
"17149","2727王品","110/07/26","新光-台中",15,6,9
"17150","2727王品","110/07/26","康和",1,29,-28
"17151","2727王品","110/07/26","富邦-台中",10,1,9
"17152","2727王品","110/07/26","永豐金證券",0,27,-27
"17153","2727王品","110/07/26","元大-基隆孝二",10,1,9
"17154","2727王品","110/07/26","安泰",1,26,-25
"17155","2727王品","110/07/26","臺銀-臺中",10,2,8
"17156","2727王品","110/07/26","永豐金-古亭",2,20,-18
"17157","2727王品","110/07/26","元大-花蓮",8,0,8
"17158","2727王品","110/07/26","國票-天祥",0,16,-16
"17159","2727王品","110/07/26","元大-斗信",9,1,8
"17160","2727王品","110/07/26","摩根大通",17,33,-16
"17161","1570力肯","110/07/26","元大-民雄",10,0,10
"17162","1570力肯","110/07/26","元大-高雄",0,33,-33
"17163","1570力肯","110/07/26","新光-台中",10,1,9
"17164","1570力肯","110/07/26","日盛-宜蘭",0,8,-8
"17165","1570力肯","110/07/26","富邦-陽明",9,0,9
"17166","1570力肯","110/07/26","美林",0,5,-5
"17167","1570力肯","110/07/26","大慶-蘆洲",8,0,8
"17168","1570力肯","110/07/26","凱基-永康",0,5,-5
"17169","1570力肯","110/07/26","福勝",8,0,8
"17170","1570力肯","110/07/26","台新證券",0,4,-4
"17171","1570力肯","110/07/26","凱基-桃園",7,0,7
"17172","1570力肯","110/07/26","元大-汐止",0,4,-4
"17173","1570力肯","110/07/26","中國信託-永康",3,0,3
"17174","1570力肯","110/07/26","元大-桃興",0,3,-3
"17175","1570力肯","110/07/26","兆豐-台中港",3,0,3
"17176","1570力肯","110/07/26","元富-吉利",0,2,-2
"17177","1570力肯","110/07/26","國票-北高雄",3,0,3
"17178","1570力肯","110/07/26","國泰-板橋",0,2,-2
"17179","1570力肯","110/07/26","富邦-員林",3,0,3
"17180","1570力肯","110/07/26","元大-台中",0,2,-2
"17181","1570力肯","110/07/26","瑞士信貸",2,0,2
"17182","1570力肯","110/07/26","元大-西螺",0,2,-2
"17183","1570力肯","110/07/26","大昌-樹林",2,0,2
"17184","1570力肯","110/07/26","元大-苑裡",0,2,-2
"17185","1570力肯","110/07/26","兆豐-忠孝",2,0,2
"17186","1570力肯","110/07/26","合庫-三重",0,1,-1
"17187","1570力肯","110/07/26","新光",2,0,2
"17188","1570力肯","110/07/26","臺銀-臺南",0,1,-1
"17189","1570力肯","110/07/26","凱基-台北",2,0,2
"17190","1570力肯","110/07/26","元富-永和",0,1,-1
"17191","6180橘子","110/07/26","凱基-台北",121,1,120
"17192","6180橘子","110/07/26","元大-竹山",0,35,-35
"17193","6180橘子","110/07/26","新加坡商瑞銀",71,2,69
"17194","6180橘子","110/07/26","元大-和平",0,30,-30
"17195","6180橘子","110/07/26","摩根大通",70,4,66
"17196","6180橘子","110/07/26","元大-草屯",3,27,-24
"17197","6180橘子","110/07/26","美林",33,0,33
"17198","6180橘子","110/07/26","華南永昌-高雄",0,21,-21
"17199","6180橘子","110/07/26","台灣摩根士丹利",20,4,16
"17200","6180橘子","110/07/26","兆豐-埔墘",0,18,-18
"17201","6180橘子","110/07/26","合庫-高雄",11,0,11
"17202","6180橘子","110/07/26","元富-林園",0,17,-17
"17203","6180橘子","110/07/26","港商野村",10,0,10
"17204","6180橘子","110/07/26","元富-成功",0,16,-16
"17205","6180橘子","110/07/26","富邦-宜蘭",10,0,10
"17206","6180橘子","110/07/26","群益金鼎-台南",0,13,-13
"17207","6180橘子","110/07/26","統一-彰化",10,1,9
"17208","6180橘子","110/07/26","元大-開元",0,13,-13
"17209","6180橘子","110/07/26","兆豐-北高雄",9,1,8
"17210","6180橘子","110/07/26","富邦-台中",0,12,-12
"17211","6180橘子","110/07/26","元大-新店中正",10,2,8
"17212","6180橘子","110/07/26","(牛牛牛)亞-鑫豐",1,12,-11
"17213","6180橘子","110/07/26","國泰-敦南",10,3,7
"17214","6180橘子","110/07/26","台新-台南",0,11,-11
"17215","6180橘子","110/07/26","合庫-自強",5,0,5
"17216","6180橘子","110/07/26","聯邦-興中",0,11,-11
"17217","6180橘子","110/07/26","大慶-蘆洲",5,0,5
"17218","6180橘子","110/07/26","日盛-中和",0,10,-10
"17219","6180橘子","110/07/26","統一-中壢",5,0,5
"17220","6180橘子","110/07/26","康和-台北",0,10,-10
"17221","2390云辰","110/07/26","元大-大同",311,3,308
"17222","2390云辰","110/07/26","摩根大通",139,570,-431
"17223","2390云辰","110/07/26","華南永昌-鳳山",276,4,272
"17224","2390云辰","110/07/26","美林",103,243,-140
"17225","2390云辰","110/07/26","永豐金-竹北",201,6,195
"17226","2390云辰","110/07/26","元大-彰化民生",0,117,-117
"17227","2390云辰","110/07/26","富邦-左營",107,17,90
"17228","2390云辰","110/07/26","元富-中港",0,102,-102
"17229","2390云辰","110/07/26","元富-高雄",82,5,77
"17230","2390云辰","110/07/26","凱基-台北",161,249,-88
"17231","2390云辰","110/07/26","元大-太平",75,10,65
"17232","2390云辰","110/07/26","國票-新莊",15,78,-63
"17233","2390云辰","110/07/26","元大-大益",63,13,50
"17234","2390云辰","110/07/26","第一金-豐原",1,59,-58
"17235","2390云辰","110/07/26","元富-新竹",41,1,40
"17236","2390云辰","110/07/26","統一-竹南",5,48,-43
"17237","2390云辰","110/07/26","日盛-永康",42,4,38
"17238","2390云辰","110/07/26","第一金-台南",28,62,-34
"17239","2390云辰","110/07/26","群益金鼎-中壢",50,12,38
"17240","2390云辰","110/07/26","台灣摩根士丹利",38,70,-32
"17241","2390云辰","110/07/26","元大-鑫永和",54,18,36
"17242","2390云辰","110/07/26","群益金鼎-士林",20,52,-32
"17243","2390云辰","110/07/26","元富-同大",34,1,33
"17244","2390云辰","110/07/26","群益金鼎-延平",2,31,-29
"17245","2390云辰","110/07/26","致和-崇德",52,21,31
"17246","2390云辰","110/07/26","凱基-豐中",12,40,-28
"17247","2390云辰","110/07/26","永豐金-松山",32,2,30
"17248","2390云辰","110/07/26","富邦-中壢",19,47,-28
"17249","2390云辰","110/07/26","凱基-三重",36,8,28
"17250","2390云辰","110/07/26","統一-基隆",2,27,-25
"17251","2363矽統","110/07/20","第一金-忠孝",400,115,285
"17252","2363矽統","110/07/20","國票-長城",3,452,-449
"17253","2363矽統","110/07/20","第一金-高雄",188,0,188
"17254","2363矽統","110/07/20","美林",158,531,-373
"17255","2363矽統","110/07/20","凱基-高美館",199,14,185
"17256","2363矽統","110/07/20","台新-左楠",13,310,-297
"17257","2363矽統","110/07/20","凱基-台北",434,326,108
"17258","2363矽統","110/07/20","玉山-台大",4,228,-224
"17259","2363矽統","110/07/20","元富-松德",105,0,105
"17260","2363矽統","110/07/20","群益金鼎-大甲",11,227,-216
"17261","2363矽統","110/07/20","元大-竹科",109,7,102
"17262","2363矽統","110/07/20","群益金鼎-中港",2,111,-109
"17263","2363矽統","110/07/20","元大-成功",102,2,100
"17264","2363矽統","110/07/20","元大-大天母",0,109,-109
"17265","2363矽統","110/07/20","富邦-仁愛",116,17,99
"17266","2363矽統","110/07/20","國泰-敦南",114,218,-104
"17267","2363矽統","110/07/20","元大-上新莊",102,16,86
"17268","2363矽統","110/07/20","港商野村",250,350,-100
"17269","2363矽統","110/07/20","台新證券",286,208,78
"17270","2363矽統","110/07/20","康和-澎湖",0,90,-90
"17271","2363矽統","110/07/20","元大-新營",81,9,72
"17272","2363矽統","110/07/20","凱基-中壢",15,99,-84
"17273","2363矽統","110/07/20","華南永昌-鳳山",76,5,71
"17274","2363矽統","110/07/20","元大-學甲",0,81,-81
"17275","2363矽統","110/07/20","富邦-員林",65,2,63
"17276","2363矽統","110/07/20","凱基-三重",22,91,-69
"17277","2363矽統","110/07/20","元富-成功",67,6,61
"17278","2363矽統","110/07/20","永豐金-嘉義",24,92,-68
"17279","2363矽統","110/07/20","新光-新竹",62,1,61
"17280","2363矽統","110/07/20","大慶-蘆洲",23,89,-66
"17281","8112至上","110/07/20","摩根大通",1226,293,933
"17282","8112至上","110/07/20","凱基-三重",27,502,-475
"17283","8112至上","110/07/20","新加坡商瑞銀",358,83,275
"17284","8112至上","110/07/20","宏遠證券",0,418,-418
"17285","8112至上","110/07/20","台灣摩根士丹利",159,9,150
"17286","8112至上","110/07/20","台新-台中",11,291,-280
"17287","8112至上","110/07/20","統一-新竹",115,5,110
"17288","8112至上","110/07/20","美林",44,194,-150
"17289","8112至上","110/07/20","新光",233,126,107
"17290","8112至上","110/07/20","凱基-新莊",0,100,-100
"17291","8112至上","110/07/20","凱基-台北",367,260,107
"17292","8112至上","110/07/20","富邦-永和",14,104,-90
"17293","8112至上","110/07/20","兆豐-西螺",104,10,94
"17294","8112至上","110/07/20","國票-敦北法人",4,88,-84
"17295","8112至上","110/07/20","永豐金-中正",87,6,81
"17296","8112至上","110/07/20","凱基-市政",3,80,-77
"17297","8112至上","110/07/20","富邦-新店",102,24,78
"17298","8112至上","110/07/20","台新證券",68,142,-74
"17299","8112至上","110/07/20","元大-大同",83,5,78
"17300","8112至上","110/07/20","永豐金-中壢",11,80,-69
"17301","8112至上","110/07/20","富邦-園區",64,2,62
"17302","8112至上","110/07/20","永豐金-台南",22,91,-69
"17303","8112至上","110/07/20","新光-台南",73,14,59
"17304","8112至上","110/07/20","元大-大雅",22,87,-65
"17305","8112至上","110/07/20","統一-台中",60,2,58
"17306","8112至上","110/07/20","光和",10,67,-57
"17307","8112至上","110/07/20","元大-北成功",58,4,54
"17308","8112至上","110/07/20","元大-竹科",27,74,-47
"17309","8112至上","110/07/20","元富-林園",53,0,53
"17310","8112至上","110/07/20","兆豐-公益",1,47,-46
"17311","1570力肯","110/07/20","國票-北高雄",36,0,36
"17312","1570力肯","110/07/20","國泰-敦南",0,19,-19
"17313","1570力肯","110/07/20","群益金鼎-高雄",16,0,16
"17314","1570力肯","110/07/20","中國信託-永康",0,12,-12
"17315","1570力肯","110/07/20","臺銀-鳳山",10,0,10
"17316","1570力肯","110/07/20","第一金-路竹",0,10,-10
"17317","1570力肯","110/07/20","群益金鼎-新竹",6,0,6
"17318","1570力肯","110/07/20","福勝",0,10,-10
"17319","1570力肯","110/07/20","大昌-樹林",5,0,5
"17320","1570力肯","110/07/20","群益金鼎-板橋",0,10,-10
"17321","1570力肯","110/07/20","華南永昌-楠梓",5,0,5
"17322","1570力肯","110/07/20","日盛-鳳山",0,8,-8
"17323","1570力肯","110/07/20","元大-基隆孝二",5,0,5
"17324","1570力肯","110/07/20","永豐金-新竹",6,14,-8
"17325","1570力肯","110/07/20","元大-新竹經國",4,0,4
"17326","1570力肯","110/07/20","第一金-彰化",0,7,-7
"17327","1570力肯","110/07/20","土銀-高雄",2,0,2
"17328","1570力肯","110/07/20","元富-吉利",0,7,-7
"17329","1570力肯","110/07/20","台灣企銀-太平",2,0,2
"17330","1570力肯","110/07/20","台中銀-員林",0,7,-7
"17331","1570力肯","110/07/20","兆豐-忠孝",2,0,2
"17332","1570力肯","110/07/20","玉山證券",1,8,-7
"17333","1570力肯","110/07/20","玉山-城中",2,0,2
"17334","1570力肯","110/07/20","統一-三重",0,5,-5
"17335","1570力肯","110/07/20","國泰-板橋",2,0,2
"17336","1570力肯","110/07/20","光和-溪湖",0,3,-3
"17337","1570力肯","110/07/20","凱基-台北",2,0,2
"17338","1570力肯","110/07/20","康和-澎湖",0,3,-3
"17339","1570力肯","110/07/20","華南永昌-高雄",2,0,2
"17340","1570力肯","110/07/20","摩根大通",0,2,-2
"17341","2929淘帝","110/07/20","玉山-新竹",59,0,59
"17342","2929淘帝","110/07/20","臺銀",0,45,-45
"17343","2929淘帝","110/07/20","兆豐-新莊",50,0,50
"17344","2929淘帝","110/07/20","光和-嘉義",0,29,-29
"17345","2929淘帝","110/07/20","元大-大甲",30,0,30
"17346","2929淘帝","110/07/20","新加坡商瑞銀",27,55,-28
"17347","2929淘帝","110/07/20","元大-民生",29,0,29
"17348","2929淘帝","110/07/20","華南永昌-潮州",0,20,-20
"17349","2929淘帝","110/07/20","元大-員林",20,0,20
"17350","2929淘帝","110/07/20","玉山-高雄",0,14,-14
"17351","2929淘帝","110/07/20","元富-台南",18,0,18
"17352","2929淘帝","110/07/20","富邦-南屯",2,13,-11
"17353","2929淘帝","110/07/20","港商野村",63,50,13
"17354","2929淘帝","110/07/20","高橋-龍潭",0,10,-10
"17355","2929淘帝","110/07/20","高橋",10,0,10
"17356","2929淘帝","110/07/20","台新-建北",0,10,-10
"17357","2929淘帝","110/07/20","元富-林園",10,0,10
"17358","2929淘帝","110/07/20","群益金鼎-台中",0,10,-10
"17359","2929淘帝","110/07/20","玉山-台南",10,0,10
"17360","2929淘帝","110/07/20","華南永昌-苗栗",0,10,-10
"17361","2929淘帝","110/07/20","群益金鼎-士林",10,0,10
"17362","2929淘帝","110/07/20","群益金鼎-西松",0,9,-9
"17363","2929淘帝","110/07/20","凱基-台北",16,6,10
"17364","2929淘帝","110/07/20","台新-三民",0,8,-8
"17365","2929淘帝","110/07/20","合庫證券",9,0,9
"17366","2929淘帝","110/07/20","群益金鼎",0,8,-8
"17367","2929淘帝","110/07/20","永豐金證券",9,2,7
"17368","2929淘帝","110/07/20","富邦-永和",0,7,-7
"17369","2929淘帝","110/07/20","凱基-基隆",6,0,6
"17370","2929淘帝","110/07/20","國泰-台中",6,12,-6
"17371","5410國眾","110/07/20","日盛-內湖",27,0,27
"17372","5410國眾","110/07/20","永豐金-內湖",0,23,-23
"17373","5410國眾","110/07/20","富邦-新營",20,0,20
"17374","5410國眾","110/07/20","兆豐-台中港",0,20,-20
"17375","5410國眾","110/07/20","大昌",17,0,17
"17376","5410國眾","110/07/20","元富-嘉義",0,15,-15
"17377","5410國眾","110/07/20","永豐金-台南",17,0,17
"17378","5410國眾","110/07/20","元富-吉利",0,11,-11
"17379","5410國眾","110/07/20","凱基-站前",15,0,15
"17380","5410國眾","110/07/20","凱基-長庚",0,10,-10
"17381","5410國眾","110/07/20","凱基-竹北",11,0,11
"17382","5410國眾","110/07/20","元大-八德",0,10,-10
"17383","5410國眾","110/07/20","元富-民權",9,0,9
"17384","5410國眾","110/07/20","元大-天母",0,10,-10
"17385","5410國眾","110/07/20","群益金鼎-嘉義",6,0,6
"17386","5410國眾","110/07/20","國泰-桃園",0,9,-9
"17387","5410國眾","110/07/20","元大-土城學府",6,0,6
"17388","5410國眾","110/07/20","新光",5,12,-7
"17389","5410國眾","110/07/20","第一金-豐原",5,0,5
"17390","5410國眾","110/07/20","玉山-桃園",0,7,-7
"17391","5410國眾","110/07/20","華南永昌-林口",5,0,5
"17392","5410國眾","110/07/20","玉山-雙和",0,6,-6
"17393","5410國眾","110/07/20","元大-博愛",5,0,5
"17394","5410國眾","110/07/20","臺銀-臺南",0,5,-5
"17395","5410國眾","110/07/20","元大-竹南",5,0,5
"17396","5410國眾","110/07/20","彰銀-七賢",0,5,-5
"17397","5410國眾","110/07/20","元大-新店中正",5,0,5
"17398","5410國眾","110/07/20","宏遠證券",0,5,-5
"17399","5410國眾","110/07/20","元富-烏日",4,0,4
"17400","5410國眾","110/07/20","摩根大通",0,5,-5
"17401","2841台開","110/07/20","中國信託-忠孝",145,0,145
"17402","2841台開","110/07/20","凱基-松山",0,100,-100
"17403","2841台開","110/07/20","第一金-台中",68,0,68
"17404","2841台開","110/07/20","第一金-自由",0,33,-33
"17405","2841台開","110/07/20","美商高盛",37,0,37
"17406","2841台開","110/07/20","港商野村",0,29,-29
"17407","2841台開","110/07/20","台中銀",32,0,32
"17408","2841台開","110/07/20","國泰-敦南",11,31,-20
"17409","2841台開","110/07/20","台新-台中",20,0,20
"17410","2841台開","110/07/20","華南永昌-台中",0,20,-20
"17411","2841台開","110/07/20","凱基-東港",10,0,10
"17412","2841台開","110/07/20","元大-發財",0,15,-15
"17413","2841台開","110/07/20","大昌-安康",10,3,7
"17414","2841台開","110/07/20","元大-福營",9,23,-14
"17415","2841台開","110/07/20","豐農",7,0,7
"17416","2841台開","110/07/20","永豐金-敦南",5,18,-13
"17417","2841台開","110/07/20","元大-歸仁",7,0,7
"17418","2841台開","110/07/20","統一-城中",0,11,-11
"17419","2841台開","110/07/20","日盛-木柵",5,0,5
"17420","2841台開","110/07/20","日盛-台南",0,10,-10
"17421","2841台開","110/07/20","台新-台南",4,0,4
"17422","2841台開","110/07/20","兆豐-寶成",0,10,-10
"17423","2841台開","110/07/20","日盛證券",3,0,3
"17424","2841台開","110/07/20","國票-中港",0,10,-10
"17425","2841台開","110/07/20","台新證券",8,5,3
"17426","2841台開","110/07/20","群益金鼎",0,10,-10
"17427","2841台開","110/07/20","元大-沙鹿",3,0,3
"17428","2841台開","110/07/20","玉山證券",1,10,-9
"17429","2841台開","110/07/20","國泰-台中",2,0,2
"17430","2841台開","110/07/20","大昌-新店",0,6,-6
"17431","6207雷科","110/07/20","元大-西門",100,4,96
"17432","6207雷科","110/07/20","永豐金-內湖",0,109,-109
"17433","6207雷科","110/07/20","凱基-復興",50,0,50
"17434","6207雷科","110/07/20","國泰證券",0,90,-90
"17435","6207雷科","110/07/20","凱基-台北",47,1,46
"17436","6207雷科","110/07/20","元大-頭份",0,55,-55
"17437","6207雷科","110/07/20","玉山-城中",43,1,42
"17438","6207雷科","110/07/20","永豐金-虎尾",0,50,-50
"17439","6207雷科","110/07/20","華南永昌-長虹",44,5,39
"17440","6207雷科","110/07/20","元富-世貿",0,33,-33
"17441","6207雷科","110/07/20","凱基-板橋",38,1,37
"17442","6207雷科","110/07/20","元大-南崁",0,22,-22
"17443","6207雷科","110/07/20","元富-信義",39,3,36
"17444","6207雷科","110/07/20","永豐金-鳳山",0,21,-21
"17445","6207雷科","110/07/20","元富-彰化",35,0,35
"17446","6207雷科","110/07/20","永豐金-三重",6,27,-21
"17447","6207雷科","110/07/20","凱基-高美館",34,0,34
"17448","6207雷科","110/07/20","第一金-澎湖",0,20,-20
"17449","6207雷科","110/07/20","富邦-中壢",26,2,24
"17450","6207雷科","110/07/20","群益金鼎-東大",0,20,-20
"17451","6207雷科","110/07/20","大昌-桃園",23,0,23
"17452","6207雷科","110/07/20","兆豐-民生",0,19,-19
"17453","6207雷科","110/07/20","元大-四維",39,17,22
"17454","6207雷科","110/07/20","元大-北成功",1,20,-19
"17455","6207雷科","110/07/20","台灣摩根士丹利",18,0,18
"17456","6207雷科","110/07/20","元大-虎尾",1,18,-17
"17457","6207雷科","110/07/20","國票-中和",16,0,16
"17458","6207雷科","110/07/20","元大-文心興安",0,15,-15
"17459","6207雷科","110/07/20","永豐金-大園",16,0,16
"17460","6207雷科","110/07/20","瑞士信貸",0,14,-14
"17461","3679新至陞","110/07/20","國票-敦北法人",18,0,18
"17462","3679新至陞","110/07/20","華南永昌-台中",0,32,-32
"17463","3679新至陞","110/07/20","台中銀-員林",17,3,14
"17464","3679新至陞","110/07/20","凱基-台北",12,32,-20
"17465","3679新至陞","110/07/20","群益金鼎-高盛",13,0,13
"17466","3679新至陞","110/07/20","摩根大通",2,14,-12
"17467","3679新至陞","110/07/20","康和-澎湖",8,0,8
"17468","3679新至陞","110/07/20","國泰-桃園",0,11,-11
"17469","3679新至陞","110/07/20","台新證券",6,0,6
"17470","3679新至陞","110/07/20","群益金鼎-台南",0,10,-10
"17471","3679新至陞","110/07/20","宏遠-光隆",4,0,4
"17472","3679新至陞","110/07/20","群益金鼎-大安",0,10,-10
"17473","3679新至陞","110/07/20","玉山-大里",4,0,4
"17474","3679新至陞","110/07/20","永豐金證券",4,14,-10
"17475","3679新至陞","110/07/20","台中銀-豐原",3,0,3
"17476","3679新至陞","110/07/20","兆豐-大同",1,6,-5
"17477","3679新至陞","110/07/20","玉山-新莊",3,0,3
"17478","3679新至陞","110/07/20","群益金鼎-館前",0,4,-4
"17479","3679新至陞","110/07/20","凱基-中山",3,0,3
"17480","3679新至陞","110/07/20","富邦-南屯",0,4,-4
"17481","3679新至陞","110/07/20","富邦-台北",3,0,3
"17482","3679新至陞","110/07/20","瑞士信貸",3,6,-3
"17483","3679新至陞","110/07/20","元大-板橋",3,0,3
"17484","3679新至陞","110/07/20","國泰-板橋",0,3,-3
"17485","3679新至陞","110/07/20","日盛-八德",2,0,2
"17486","3679新至陞","110/07/20","富邦-中壢",1,4,-3
"17487","3679新至陞","110/07/20","日盛-復興",2,0,2
"17488","3679新至陞","110/07/20","台灣企銀",0,2,-2
"17489","3679新至陞","110/07/20","康和-板橋",2,0,2
"17490","3679新至陞","110/07/20","日盛-大墩",0,2,-2
"17491","2727王品","110/07/20","兆豐-南京",200,0,200
"17492","2727王品","110/07/20","凱基-市政",1,75,-74
"17493","2727王品","110/07/20","富邦證券",88,0,88
"17494","2727王品","110/07/20","美商高盛",6,38,-32
"17495","2727王品","110/07/20","台新證券",142,55,87
"17496","2727王品","110/07/20","富邦-陽明",7,38,-31
"17497","2727王品","110/07/20","瑞士信貸",50,0,50
"17498","2727王品","110/07/20","永豐金-中正",3,34,-31
"17499","2727王品","110/07/20","港商野村",106,57,49
"17500","2727王品","110/07/20","永豐金-潮州",0,31,-31
"17501","2727王品","110/07/20","凱基-台北",67,27,40
"17502","2727王品","110/07/20","兆豐-大安",0,30,-30
"17503","2727王品","110/07/20","永豐金-大園",29,2,27
"17504","2727王品","110/07/20","摩根大通",50,73,-23
"17505","2727王品","110/07/20","康和-高雄",20,0,20
"17506","2727王品","110/07/20","日盛證券",4,24,-20
"17507","2727王品","110/07/20","第一金-高雄",20,3,17
"17508","2727王品","110/07/20","凱基-大里",0,20,-20
"17509","2727王品","110/07/20","富邦-板橋",21,4,17
"17510","2727王品","110/07/20","群益金鼎-大甲",0,18,-18
"17511","2727王品","110/07/20","永豐金-桃盛",15,0,15
"17512","2727王品","110/07/20","統一",18,29,-11
"17513","2727王品","110/07/20","凱基",13,0,13
"17514","2727王品","110/07/20","國泰-台中",12,23,-11
"17515","2727王品","110/07/20","新加坡商瑞銀",23,11,12
"17516","2727王品","110/07/20","元大-彰化",0,11,-11
"17517","2727王品","110/07/20","亞東",10,0,10
"17518","2727王品","110/07/20","國泰-館前",4,14,-10
"17519","2727王品","110/07/20","康和-台中",13,4,9
"17520","2727王品","110/07/20","元大-學甲",0,10,-10
"17521","1570力肯","110/07/20","國票-北高雄",36,0,36
"17522","1570力肯","110/07/20","國泰-敦南",0,19,-19
"17523","1570力肯","110/07/20","群益金鼎-高雄",16,0,16
"17524","1570力肯","110/07/20","中國信託-永康",0,12,-12
"17525","1570力肯","110/07/20","臺銀-鳳山",10,0,10
"17526","1570力肯","110/07/20","第一金-路竹",0,10,-10
"17527","1570力肯","110/07/20","群益金鼎-新竹",6,0,6
"17528","1570力肯","110/07/20","福勝",0,10,-10
"17529","1570力肯","110/07/20","大昌-樹林",5,0,5
"17530","1570力肯","110/07/20","群益金鼎-板橋",0,10,-10
"17531","1570力肯","110/07/20","華南永昌-楠梓",5,0,5
"17532","1570力肯","110/07/20","日盛-鳳山",0,8,-8
"17533","1570力肯","110/07/20","元大-基隆孝二",5,0,5
"17534","1570力肯","110/07/20","永豐金-新竹",6,14,-8
"17535","1570力肯","110/07/20","元大-新竹經國",4,0,4
"17536","1570力肯","110/07/20","第一金-彰化",0,7,-7
"17537","1570力肯","110/07/20","土銀-高雄",2,0,2
"17538","1570力肯","110/07/20","元富-吉利",0,7,-7
"17539","1570力肯","110/07/20","台灣企銀-太平",2,0,2
"17540","1570力肯","110/07/20","台中銀-員林",0,7,-7
"17541","1570力肯","110/07/20","兆豐-忠孝",2,0,2
"17542","1570力肯","110/07/20","玉山證券",1,8,-7
"17543","1570力肯","110/07/20","玉山-城中",2,0,2
"17544","1570力肯","110/07/20","統一-三重",0,5,-5
"17545","1570力肯","110/07/20","國泰-板橋",2,0,2
"17546","1570力肯","110/07/20","光和-溪湖",0,3,-3
"17547","1570力肯","110/07/20","凱基-台北",2,0,2
"17548","1570力肯","110/07/20","康和-澎湖",0,3,-3
"17549","1570力肯","110/07/20","華南永昌-高雄",2,0,2
"17550","1570力肯","110/07/20","摩根大通",0,2,-2
"17551","6180橘子","110/07/20","摩根大通",89,31,58
"17552","6180橘子","110/07/20","群益金鼎-中山",0,80,-80
"17553","6180橘子","110/07/20","美商高盛",27,0,27
"17554","6180橘子","110/07/20","台中銀-台北",0,30,-30
"17555","6180橘子","110/07/20","新加坡商瑞銀",28,1,27
"17556","6180橘子","110/07/20","日盛-新莊",1,22,-21
"17557","6180橘子","110/07/20","新光",41,16,25
"17558","6180橘子","110/07/20","元富-緯城",2,20,-18
"17559","6180橘子","110/07/20","日盛-文化",21,0,21
"17560","6180橘子","110/07/20","日盛-新竹",2,15,-13
"17561","6180橘子","110/07/20","元富-潮州",20,0,20
"17562","6180橘子","110/07/20","元大-汐止",0,12,-12
"17563","6180橘子","110/07/20","凱基-台北",31,11,20
"17564","6180橘子","110/07/20","元大-豐原站前",0,12,-12
"17565","6180橘子","110/07/20","元大-草屯",18,0,18
"17566","6180橘子","110/07/20","德信-中正",0,10,-10
"17567","6180橘子","110/07/20","花旗環球",13,0,13
"17568","6180橘子","110/07/20","新光-台南",0,10,-10
"17569","6180橘子","110/07/20","元大-桃園",12,0,12
"17570","6180橘子","110/07/20","玉山-雙和",0,10,-10
"17571","6180橘子","110/07/20","群益金鼎",10,0,10
"17572","6180橘子","110/07/20","元大-四維",0,10,-10
"17573","6180橘子","110/07/20","元大-高雄",10,0,10
"17574","6180橘子","110/07/20","元大-永春",2,12,-10
"17575","6180橘子","110/07/20","群益金鼎-嘉義",9,0,9
"17576","6180橘子","110/07/20","凱基-高美館",0,8,-8
"17577","6180橘子","110/07/20","富邦-嘉義",9,0,9
"17578","6180橘子","110/07/20","華南永昌",2,10,-8
"17579","6180橘子","110/07/20","元富-草屯",10,2,8
"17580","6180橘子","110/07/20","富邦-台北",0,8,-8
"17581","2390云辰","110/07/20","元大證券",6043,11,6032
"17582","2390云辰","110/07/20","華南永昌-鳳山",2,312,-310
"17583","2390云辰","110/07/20","兆豐-復興",998,0,998
"17584","2390云辰","110/07/20","台灣摩根士丹利",0,247,-247
"17585","2390云辰","110/07/20","富邦-嘉義",775,7,768
"17586","2390云辰","110/07/20","元大-復北",4,239,-235
"17587","2390云辰","110/07/20","統一-台中",350,6,344
"17588","2390云辰","110/07/20","富邦-建國",25,236,-211
"17589","2390云辰","110/07/20","兆豐-城中",240,0,240
"17590","2390云辰","110/07/20","元富-中港",0,202,-202
"17591","2390云辰","110/07/20","群益金鼎-館前",204,2,202
"17592","2390云辰","110/07/20","國泰-敦南",20,194,-174
"17593","2390云辰","110/07/20","凱基-大直",187,0,187
"17594","2390云辰","110/07/20","元大-土城學府",10,156,-146
"17595","2390云辰","110/07/20","永豐金證券",160,10,150
"17596","2390云辰","110/07/20","中國信託-松江",0,130,-130
"17597","2390云辰","110/07/20","日盛-高雄",104,2,102
"17598","2390云辰","110/07/20","凱基-基隆",0,130,-130
"17599","2390云辰","110/07/20","凱基-中山",100,3,97
"17600","2390云辰","110/07/20","永豐金-中正",1,117,-116
"17601","2390云辰","110/07/20","元大-基隆",85,7,78
"17602","2390云辰","110/07/20","富邦-陽明",1,94,-93
"17603","2390云辰","110/07/20","群益金鼎-東大",64,2,62
"17604","2390云辰","110/07/20","元大-潮州",20,112,-92
"17605","2390云辰","110/07/20","元大-前金",60,1,59
"17606","2390云辰","110/07/20","宏遠證券",0,89,-89
"17607","2390云辰","110/07/20","國票-北高雄",63,14,49
"17608","2390云辰","110/07/20","兆豐-台中",0,75,-75
"17609","2390云辰","110/07/20","群益金鼎-三重",40,6,34
"17610","2390云辰","110/07/20","新光",8,82,-74
"17611","2363矽統","110/07/19","第一金-忠孝",210,0,210
"17612","2363矽統","110/07/19","富邦-仁愛",32,575,-543
"17613","2363矽統","110/07/19","中國信託-文心",191,9,182
"17614","2363矽統","110/07/19","新加坡商瑞銀",53,486,-433
"17615","2363矽統","110/07/19","華南永昌-鳳山",116,1,115
"17616","2363矽統","110/07/19","摩根大通",42,320,-278
"17617","2363矽統","110/07/19","元大-新竹",113,12,101
"17618","2363矽統","110/07/19","元大-竹科",3,201,-198
"17619","2363矽統","110/07/19","凱基-中山",89,1,88
"17620","2363矽統","110/07/19","元大-成功",7,183,-176
"17621","2363矽統","110/07/19","永豐金-嘉義",82,7,75
"17622","2363矽統","110/07/19","凱基-大里",0,150,-150
"17623","2363矽統","110/07/19","凱基-台南",72,4,68
"17624","2363矽統","110/07/19","瑞士信貸",80,215,-135
"17625","2363矽統","110/07/19","元富-城東",84,17,67
"17626","2363矽統","110/07/19","日盛-新莊",4,135,-131
"17627","2363矽統","110/07/19","群益金鼎-東湖",61,0,61
"17628","2363矽統","110/07/19","宏遠-桃園",20,150,-130
"17629","2363矽統","110/07/19","兆豐-中壢",55,0,55
"17630","2363矽統","110/07/19","凱基-三重",7,107,-100
"17631","2363矽統","110/07/19","康和-內湖",55,1,54
"17632","2363矽統","110/07/19","凱基-台北",384,476,-92
"17633","2363矽統","110/07/19","群益金鼎-桃園",55,2,53
"17634","2363矽統","110/07/19","合庫-台中",3,84,-81
"17635","2363矽統","110/07/19","群益金鼎-大興",50,0,50
"17636","2363矽統","110/07/19","致和-金華",1,80,-79
"17637","2363矽統","110/07/19","台新-台中",81,32,49
"17638","2363矽統","110/07/19","凱基-員林",5,77,-72
"17639","2363矽統","110/07/19","北城證券",58,10,48
"17640","2363矽統","110/07/19","華南永昌-合泰",2,70,-68
"17641","8112至上","110/07/19","摩根大通",1413,144,1269
"17642","8112至上","110/07/19","凱基-三重",3,600,-597
"17643","8112至上","110/07/19","凱基-台北",1053,266,787
"17644","8112至上","110/07/19","元大-府城",0,165,-165
"17645","8112至上","110/07/19","新加坡商瑞銀",523,2,521
"17646","8112至上","110/07/19","台灣企銀-台中",0,150,-150
"17647","8112至上","110/07/19","台灣摩根士丹利",487,8,479
"17648","8112至上","110/07/19","(牛牛牛)亞-鑫豐",26,119,-93
"17649","8112至上","110/07/19","美林",529,93,436
"17650","8112至上","110/07/19","永豐金-台南",15,95,-80
"17651","8112至上","110/07/19","港商野村",358,36,322
"17652","8112至上","110/07/19","亞東-板橋",2,81,-79
"17653","8112至上","110/07/19","美商高盛",276,3,273
"17654","8112至上","110/07/19","陽信",0,70,-70
"17655","8112至上","110/07/19","兆豐-公益",180,7,173
"17656","8112至上","110/07/19","元富-佳里",0,69,-69
"17657","8112至上","110/07/19","國泰-板橋",116,15,101
"17658","8112至上","110/07/19","臺銀-鳳山",7,72,-65
"17659","8112至上","110/07/19","凱基-新莊",100,1,99
"17660","8112至上","110/07/19","兆豐-竹北",4,65,-61
"17661","8112至上","110/07/19","凱基-市政",89,0,89
"17662","8112至上","110/07/19","國泰-新莊",2,62,-60
"17663","8112至上","110/07/19","玉山證券",73,7,66
"17664","8112至上","110/07/19","元富-大裕",2,60,-58
"17665","8112至上","110/07/19","花旗環球",64,0,64
"17666","8112至上","110/07/19","臺灣企銀-桃園",0,55,-55
"17667","8112至上","110/07/19","合庫-台中",55,3,52
"17668","8112至上","110/07/19","康和-台南",4,59,-55
"17669","8112至上","110/07/19","永豐金-中壢",50,1,49
"17670","8112至上","110/07/19","第一金-華江",3,55,-52
"17671","1570力肯","110/07/19","國票-北高雄",34,0,34
"17672","1570力肯","110/07/19","合庫-三重",0,8,-8
"17673","1570力肯","110/07/19","新光",30,3,27
"17674","1570力肯","110/07/19","元大-高雄",0,8,-8
"17675","1570力肯","110/07/19","凱基-台北",24,1,23
"17676","1570力肯","110/07/19","合庫-台中",0,7,-7
"17677","1570力肯","110/07/19","台灣摩根士丹利",7,0,7
"17678","1570力肯","110/07/19","臺銀-臺中",0,6,-6
"17679","1570力肯","110/07/19","元大-林森",5,0,5
"17680","1570力肯","110/07/19","摩根大通",6,11,-5
"17681","1570力肯","110/07/19","元大-士林",4,0,4
"17682","1570力肯","110/07/19","元富-緯城",0,4,-4
"17683","1570力肯","110/07/19","玉山證券",8,5,3
"17684","1570力肯","110/07/19","玉山-台大",0,4,-4
"17685","1570力肯","110/07/19","統一-城中",2,0,2
"17686","1570力肯","110/07/19","群益金鼎-三重",0,4,-4
"17687","1570力肯","110/07/19","元大-基隆孝二",2,0,2
"17688","1570力肯","110/07/19","凱基-鳳山",1,5,-4
"17689","1570力肯","110/07/19","土銀-建國",1,0,1
"17690","1570力肯","110/07/19","元大-板橋",0,4,-4
"17691","1570力肯","110/07/19","日盛-復興",1,0,1
"17692","1570力肯","110/07/19","日盛-和美",0,3,-3
"17693","1570力肯","110/07/19","瑞士信貸",1,0,1
"17694","1570力肯","110/07/19","元富-新店",2,5,-3
"17695","1570力肯","110/07/19","元富-四維",1,0,1
"17696","1570力肯","110/07/19","元大-新莊",0,3,-3
"17697","1570力肯","110/07/19","群益金鼎-北高雄",1,0,1
"17698","1570力肯","110/07/19","永豐金-敦南",0,3,-3
"17699","1570力肯","110/07/19","凱基-高美館",1,0,1
"17700","1570力肯","110/07/19","永豐金-台中",0,3,-3
"17701","2929淘帝","110/07/19","元大-民生",28,0,28
"17702","2929淘帝","110/07/19","元大-六合",0,40,-40
"17703","2929淘帝","110/07/19","宏遠-光隆",25,0,25
"17704","2929淘帝","110/07/19","新光-新竹",0,35,-35
"17705","2929淘帝","110/07/19","華南永昌-苗栗",20,0,20
"17706","2929淘帝","110/07/19","新加坡商瑞銀",1,30,-29
"17707","2929淘帝","110/07/19","元大-員林",20,0,20
"17708","2929淘帝","110/07/19","永豐金-永康",0,27,-27
"17709","2929淘帝","110/07/19","合庫-高雄",18,0,18
"17710","2929淘帝","110/07/19","凱基-復興",0,24,-24
"17711","2929淘帝","110/07/19","臺銀-鳳山",18,0,18
"17712","2929淘帝","110/07/19","日盛-豐原",0,22,-22
"17713","2929淘帝","110/07/19","日盛-雙和",17,0,17
"17714","2929淘帝","110/07/19","富邦-南屯",1,22,-21
"17715","2929淘帝","110/07/19","華南永昌-林口",15,0,15
"17716","2929淘帝","110/07/19","新光",1,21,-20
"17717","2929淘帝","110/07/19","元大-屏南",15,0,15
"17718","2929淘帝","110/07/19","華南永昌",0,20,-20
"17719","2929淘帝","110/07/19","台新-中壢",12,0,12
"17720","2929淘帝","110/07/19","富邦-竹東",2,22,-20
"17721","2929淘帝","110/07/19","新光-台中",11,0,11
"17722","2929淘帝","110/07/19","凱基-士林",0,16,-16
"17723","2929淘帝","110/07/19","凱基-台北",20,9,11
"17724","2929淘帝","110/07/19","福勝",0,15,-15
"17725","2929淘帝","110/07/19","富邦-台北",11,0,11
"17726","2929淘帝","110/07/19","港商野村",25,37,-12
"17727","2929淘帝","110/07/19","合庫-自強",10,0,10
"17728","2929淘帝","110/07/19","群益金鼎-建成",0,11,-11
"17729","2929淘帝","110/07/19","凱基-豐中",10,0,10
"17730","2929淘帝","110/07/19","華南永昌-朴子",0,11,-11
"17731","5410國眾","110/07/19","香港上海匯豐",28,0,28
"17732","5410國眾","110/07/19","群益金鼎-內湖",0,80,-80
"17733","5410國眾","110/07/19","大昌",26,0,26
"17734","5410國眾","110/07/19","永豐金-屏東",0,14,-14
"17735","5410國眾","110/07/19","兆豐-公益",20,0,20
"17736","5410國眾","110/07/19","永豐金-南京",0,10,-10
"17737","5410國眾","110/07/19","合庫-嘉義",10,0,10
"17738","5410國眾","110/07/19","元大-內湖",0,9,-9
"17739","5410國眾","110/07/19","台新-左楠",20,10,10
"17740","5410國眾","110/07/19","富邦-永和",0,8,-8
"17741","5410國眾","110/07/19","摩根大通",15,6,9
"17742","5410國眾","110/07/19","日盛-景美",0,6,-6
"17743","5410國眾","110/07/19","台灣企銀-民雄",8,0,8
"17744","5410國眾","110/07/19","光和",1,7,-6
"17745","5410國眾","110/07/19","元大-竹科",8,0,8
"17746","5410國眾","110/07/19","元大-士林",0,6,-6
"17747","5410國眾","110/07/19","凱基-台北",9,3,6
"17748","5410國眾","110/07/19","新光-台中",0,5,-5
"17749","5410國眾","110/07/19","元大-博愛",6,0,6
"17750","5410國眾","110/07/19","元大-景美",0,5,-5
"17751","5410國眾","110/07/19","台新-三民",5,0,5
"17752","5410國眾","110/07/19","大慶-蘆洲",0,4,-4
"17753","5410國眾","110/07/19","群益金鼎-中壢",5,0,5
"17754","5410國眾","110/07/19","中國信託-新竹",0,4,-4
"17755","5410國眾","110/07/19","群益金鼎-嘉義",5,0,5
"17756","5410國眾","110/07/19","新光",6,10,-4
"17757","5410國眾","110/07/19","日盛證券",4,0,4
"17758","5410國眾","110/07/19","元大-基隆孝二",0,4,-4
"17759","5410國眾","110/07/19","群益金鼎-新店",4,0,4
"17760","5410國眾","110/07/19","土銀-台中",0,3,-3
"17761","2841台開","110/07/19","元富-城東",150,0,150
"17762","2841台開","110/07/19","日進",0,80,-80
"17763","2841台開","110/07/19","中國信託-忠孝",80,0,80
"17764","2841台開","110/07/19","港商野村",0,77,-77
"17765","2841台開","110/07/19","凱基-台北",52,0,52
"17766","2841台開","110/07/19","摩根大通",0,41,-41
"17767","2841台開","110/07/19","美商高盛",48,0,48
"17768","2841台開","110/07/19","元大-三重",1,38,-37
"17769","2841台開","110/07/19","台中銀",43,0,43
"17770","2841台開","110/07/19","元大-福營",0,30,-30
"17771","2841台開","110/07/19","永豐金-豐原",32,0,32
"17772","2841台開","110/07/19","新光",4,28,-24
"17773","2841台開","110/07/19","豐農",20,0,20
"17774","2841台開","110/07/19","元大-竹科",0,22,-22
"17775","2841台開","110/07/19","台新-台中",30,10,20
"17776","2841台開","110/07/19","永豐金-敦南",33,55,-22
"17777","2841台開","110/07/19","華南永昌-新莊",20,0,20
"17778","2841台開","110/07/19","日盛-二林",0,15,-15
"17779","2841台開","110/07/19","第一金-台中",12,0,12
"17780","2841台開","110/07/19","元富-虎尾",0,15,-15
"17781","2841台開","110/07/19","國泰-台中",12,0,12
"17782","2841台開","110/07/19","華南永昌-世貿",0,15,-15
"17783","2841台開","110/07/19","日茂",10,0,10
"17784","2841台開","110/07/19","統一-三多",0,12,-12
"17785","2841台開","110/07/19","凱基-埔墘",10,0,10
"17786","2841台開","110/07/19","台中銀-豐原",0,10,-10
"17787","2841台開","110/07/19","永豐金-內湖",8,0,8
"17788","2841台開","110/07/19","元大-頭份",0,10,-10
"17789","2841台開","110/07/19","合庫-台中",7,0,7
"17790","2841台開","110/07/19","合庫-台南",0,8,-8
"17791","6207雷科","110/07/19","元富-信義",92,0,92
"17792","6207雷科","110/07/19","新加坡商瑞銀",5,104,-99
"17793","6207雷科","110/07/19","國泰證券",90,0,90
"17794","6207雷科","110/07/19","富邦-彰化",2,97,-95
"17795","6207雷科","110/07/19","元富-城中",80,4,76
"17796","6207雷科","110/07/19","永豐金-內湖",6,85,-79
"17797","6207雷科","110/07/19","元大-福營",71,5,66
"17798","6207雷科","110/07/19","摩根大通",102,164,-62
"17799","6207雷科","110/07/19","凱基-復興",60,0,60
"17800","6207雷科","110/07/19","瑞士信貸",0,51,-51
"17801","6207雷科","110/07/19","凱基-台北",91,46,45
"17802","6207雷科","110/07/19","凱基-板橋",10,55,-45
"17803","6207雷科","110/07/19","玉山-城中",42,0,42
"17804","6207雷科","110/07/19","華南永昌-大安",0,40,-40
"17805","6207雷科","110/07/19","華南永昌-長虹",40,0,40
"17806","6207雷科","110/07/19","群益金鼎-東大",1,40,-39
"17807","6207雷科","110/07/19","永豐金-羅東",38,0,38
"17808","6207雷科","110/07/19","台新-高雄",15,47,-32
"17809","6207雷科","110/07/19","日盛-忠孝",36,2,34
"17810","6207雷科","110/07/19","玉山-嘉義",1,32,-31
"17811","6207雷科","110/07/19","凱基-羅東",37,3,34
"17812","6207雷科","110/07/19","凱基-中港",0,30,-30
"17813","6207雷科","110/07/19","第一金-新竹",30,0,30
"17814","6207雷科","110/07/19","元大-六合",7,36,-29
"17815","6207雷科","110/07/19","玉山-數位",27,1,26
"17816","6207雷科","110/07/19","元富-花蓮",0,28,-28
"17817","6207雷科","110/07/19","凱基-長庚",22,0,22
"17818","6207雷科","110/07/19","群益金鼎-瑞豐",6,34,-28
"17819","6207雷科","110/07/19","台灣企銀-北高雄",20,0,20
"17820","6207雷科","110/07/19","新百王",0,26,-26
"17821","3679新至陞","110/07/19","元大-成功",7,0,7
"17822","3679新至陞","110/07/19","群益金鼎-大安",0,15,-15
"17823","3679新至陞","110/07/19","美商高盛",6,0,6
"17824","3679新至陞","110/07/19","凱基-民權",0,10,-10
"17825","3679新至陞","110/07/19","台新-高雄",5,0,5
"17826","3679新至陞","110/07/19","元大-西門",0,10,-10
"17827","3679新至陞","110/07/19","凱基-松山",5,0,5
"17828","3679新至陞","110/07/19","瑞士信貸",0,6,-6
"17829","3679新至陞","110/07/19","日盛-員林",4,0,4
"17830","3679新至陞","110/07/19","兆豐-高雄",0,6,-6
"17831","3679新至陞","110/07/19","台中銀-員林",4,0,4
"17832","3679新至陞","110/07/19","群益金鼎",0,5,-5
"17833","3679新至陞","110/07/19","(牛牛牛)亞-網路",3,0,3
"17834","3679新至陞","110/07/19","元大-永春",0,4,-4
"17835","3679新至陞","110/07/19","大昌-新店",3,0,3
"17836","3679新至陞","110/07/19","凱基-台北",2,5,-3
"17837","3679新至陞","110/07/19","凱基-埔墘",3,0,3
"17838","3679新至陞","110/07/19","港商法國興業",0,2,-2
"17839","3679新至陞","110/07/19","元大-板橋",3,0,3
"17840","3679新至陞","110/07/19","摩根大通",2,4,-2
"17841","3679新至陞","110/07/19","臺銀-金山",2,0,2
"17842","3679新至陞","110/07/19","元大-金門",0,2,-2
"17843","3679新至陞","110/07/19","日盛-樹林",2,0,2
"17844","3679新至陞","110/07/19","元大-土城",0,2,-2
"17845","3679新至陞","110/07/19","致和-東門",2,0,2
"17846","3679新至陞","110/07/19","日盛-鳳山",0,1,-1
"17847","3679新至陞","110/07/19","國票-敦北法人",2,0,2
"17848","3679新至陞","110/07/19","美林",1,2,-1
"17849","3679新至陞","110/07/19","台新證券",2,0,2
"17850","3679新至陞","110/07/19","第一金",0,1,-1
"17851","2727王品","110/07/19","台新證券",374,33,341
"17852","2727王品","110/07/19","台灣摩根士丹利",25,188,-163
"17853","2727王品","110/07/19","瑞士信貸",217,1,216
"17854","2727王品","110/07/19","港商野村",74,198,-124
"17855","2727王品","110/07/19","兆豐-南京",200,0,200
"17856","2727王品","110/07/19","統一",6,80,-74
"17857","2727王品","110/07/19","第一金",70,1,69
"17858","2727王品","110/07/19","合庫-台中",8,79,-71
"17859","2727王品","110/07/19","元大-小港",59,1,58
"17860","2727王品","110/07/19","凱基-台北",178,231,-53
"17861","2727王品","110/07/19","玉山-桃園",42,6,36
"17862","2727王品","110/07/19","富邦-中壢",3,52,-49
"17863","2727王品","110/07/19","永豐金-大園",31,0,31
"17864","2727王品","110/07/19","凱基-永華",0,43,-43
"17865","2727王品","110/07/19","兆豐-大安",30,0,30
"17866","2727王品","110/07/19","土銀-台中",0,36,-36
"17867","2727王品","110/07/19","美商高盛",38,15,23
"17868","2727王品","110/07/19","美林",8,41,-33
"17869","2727王品","110/07/19","康和-澎湖",23,1,22
"17870","2727王品","110/07/19","中國信託-忠孝",1,33,-32
"17871","2727王品","110/07/19","第一金-高雄",21,0,21
"17872","2727王品","110/07/19","新光",31,61,-30
"17873","2727王品","110/07/19","國票-內壢",21,0,21
"17874","2727王品","110/07/19","第一金-豐原",0,26,-26
"17875","2727王品","110/07/19","元大-桃興",19,3,16
"17876","2727王品","110/07/19","富邦-彰化",0,26,-26
"17877","2727王品","110/07/19","凱基-三重",16,1,15
"17878","2727王品","110/07/19","摩根大通",78,97,-19
"17879","2727王品","110/07/19","永豐金-南投",16,1,15
"17880","2727王品","110/07/19","國泰證券",2,21,-19
"17881","1570力肯","110/07/19","國票-北高雄",34,0,34
"17882","1570力肯","110/07/19","合庫-三重",0,8,-8
"17883","1570力肯","110/07/19","新光",30,3,27
"17884","1570力肯","110/07/19","元大-高雄",0,8,-8
"17885","1570力肯","110/07/19","凱基-台北",24,1,23
"17886","1570力肯","110/07/19","合庫-台中",0,7,-7
"17887","1570力肯","110/07/19","台灣摩根士丹利",7,0,7
"17888","1570力肯","110/07/19","臺銀-臺中",0,6,-6
"17889","1570力肯","110/07/19","元大-林森",5,0,5
"17890","1570力肯","110/07/19","摩根大通",6,11,-5
"17891","1570力肯","110/07/19","元大-士林",4,0,4
"17892","1570力肯","110/07/19","元富-緯城",0,4,-4
"17893","1570力肯","110/07/19","玉山證券",8,5,3
"17894","1570力肯","110/07/19","玉山-台大",0,4,-4
"17895","1570力肯","110/07/19","統一-城中",2,0,2
"17896","1570力肯","110/07/19","群益金鼎-三重",0,4,-4
"17897","1570力肯","110/07/19","元大-基隆孝二",2,0,2
"17898","1570力肯","110/07/19","凱基-鳳山",1,5,-4
"17899","1570力肯","110/07/19","土銀-建國",1,0,1
"17900","1570力肯","110/07/19","元大-板橋",0,4,-4
"17901","1570力肯","110/07/19","日盛-復興",1,0,1
"17902","1570力肯","110/07/19","日盛-和美",0,3,-3
"17903","1570力肯","110/07/19","瑞士信貸",1,0,1
"17904","1570力肯","110/07/19","元富-新店",2,5,-3
"17905","1570力肯","110/07/19","元富-四維",1,0,1
"17906","1570力肯","110/07/19","元大-新莊",0,3,-3
"17907","1570力肯","110/07/19","群益金鼎-北高雄",1,0,1
"17908","1570力肯","110/07/19","永豐金-敦南",0,3,-3
"17909","1570力肯","110/07/19","凱基-高美館",1,0,1
"17910","1570力肯","110/07/19","永豐金-台中",0,3,-3
"17911","6180橘子","110/07/19","兆豐證券",55,0,55
"17912","6180橘子","110/07/19","石橋證券",0,80,-80
"17913","6180橘子","110/07/19","凱基-台北",89,35,54
"17914","6180橘子","110/07/19","永豐金-大園",2,50,-48
"17915","6180橘子","110/07/19","合庫-自強",36,0,36
"17916","6180橘子","110/07/19","群益金鼎-屏東",0,40,-40
"17917","6180橘子","110/07/19","新光",50,25,25
"17918","6180橘子","110/07/19","國泰-敦南",0,19,-19
"17919","6180橘子","110/07/19","日盛-龍潭",20,0,20
"17920","6180橘子","110/07/19","日盛-新竹",2,20,-18
"17921","6180橘子","110/07/19","元大-斗信",16,1,15
"17922","6180橘子","110/07/19","摩根大通",17,35,-18
"17923","6180橘子","110/07/19","康和-台中",12,0,12
"17924","6180橘子","110/07/19","富邦-陽明",0,17,-17
"17925","6180橘子","110/07/19","國泰-台中",14,2,12
"17926","6180橘子","110/07/19","美商高盛",11,27,-16
"17927","6180橘子","110/07/19","富邦-嘉義",12,0,12
"17928","6180橘子","110/07/19","統一-宜蘭",0,14,-14
"17929","6180橘子","110/07/19","元大-草屯",12,0,12
"17930","6180橘子","110/07/19","凱基-興隆",0,12,-12
"17931","6180橘子","110/07/19","元富-桃園",11,0,11
"17932","6180橘子","110/07/19","台中銀-豐原",1,11,-10
"17933","6180橘子","110/07/19","兆豐-城中",10,0,10
"17934","6180橘子","110/07/19","永豐金-豐原",0,10,-10
"17935","6180橘子","110/07/19","元大-旗山",10,0,10
"17936","6180橘子","110/07/19","永豐金-竹科",0,10,-10
"17937","6180橘子","110/07/19","元大-大安",10,0,10
"17938","6180橘子","110/07/19","臺銀-鳳山",1,10,-9
"17939","6180橘子","110/07/19","大昌-新店",9,0,9
"17940","6180橘子","110/07/19","群益金鼎-台南",0,9,-9
"17941","2390云辰","110/07/19","摩根大通",1135,266,869
"17942","2390云辰","110/07/19","元富-成功",15,119,-104
"17943","2390云辰","110/07/19","台灣摩根士丹利",232,40,192
"17944","2390云辰","110/07/19","元富-中港",5,101,-96
"17945","2390云辰","110/07/19","凱基-台北",669,504,165
"17946","2390云辰","110/07/19","元富-嘉義",5,85,-80
"17947","2390云辰","110/07/19","美林",290,159,131
"17948","2390云辰","110/07/19","美商高盛",11,62,-51
"17949","2390云辰","110/07/19","統一",111,8,103
"17950","2390云辰","110/07/19","群益金鼎-西松",4,54,-50
"17951","2390云辰","110/07/19","元富-埔里",102,0,102
"17952","2390云辰","110/07/19","聯邦商銀",0,48,-48
"17953","2390云辰","110/07/19","華南永昌-台中",126,26,100
"17954","2390云辰","110/07/19","元大-萬華",15,57,-42
"17955","2390云辰","110/07/19","永豐金-豐原",100,32,68
"17956","2390云辰","110/07/19","群益金鼎-高雄",2,42,-40
"17957","2390云辰","110/07/19","台新-台南",87,25,62
"17958","2390云辰","110/07/19","國泰-敦南",117,154,-37
"17959","2390云辰","110/07/19","台新-左楠",67,11,56
"17960","2390云辰","110/07/19","中國信託-文心",5,40,-35
"17961","2390云辰","110/07/19","國泰-忠孝",52,0,52
"17962","2390云辰","110/07/19","凱基-城中",16,51,-35
"17963","2390云辰","110/07/19","台新證券",105,54,51
"17964","2390云辰","110/07/19","瑞士信貸",0,31,-31
"17965","2390云辰","110/07/19","華南永昌-頭份",53,3,50
"17966","2390云辰","110/07/19","中國信託-永康",1,32,-31
"17967","2390云辰","110/07/19","新光-台南",44,0,44
"17968","2390云辰","110/07/19","統一-彰化",2,32,-30
"17969","2390云辰","110/07/19","合庫-西台中",50,8,42
"17970","2390云辰","110/07/19","元大-館前",7,37,-30
"17971","2363矽統","110/07/16","國票-長城",461,21,440
"17972","2363矽統","110/07/16","新加坡商瑞銀",155,482,-327
"17973","2363矽統","110/07/16","凱基-豐中",201,3,198
"17974","2363矽統","110/07/16","港商野村",253,546,-293
"17975","2363矽統","110/07/16","凱基-土城",132,9,123
"17976","2363矽統","110/07/16","摩根大通",116,401,-285
"17977","2363矽統","110/07/16","台新證券",199,78,121
"17978","2363矽統","110/07/16","瑞士信貸",291,533,-242
"17979","2363矽統","110/07/16","日盛-中和",74,0,74
"17980","2363矽統","110/07/16","日盛-竹北",19,248,-229
"17981","2363矽統","110/07/16","日盛-員林",66,3,63
"17982","2363矽統","110/07/16","臺銀-金山",4,211,-207
"17983","2363矽統","110/07/16","國票-中和",60,3,57
"17984","2363矽統","110/07/16","元大-大統",13,138,-125
"17985","2363矽統","110/07/16","新光",240,184,56
"17986","2363矽統","110/07/16","永豐金證券",11,125,-114
"17987","2363矽統","110/07/16","富邦-竹東",65,9,56
"17988","2363矽統","110/07/16","兆豐-民生",2,101,-99
"17989","2363矽統","110/07/16","華南永昌-鳳山",56,1,55
"17990","2363矽統","110/07/16","群益金鼎-松山",2,100,-98
"17991","2363矽統","110/07/16","凱基-台北",520,466,54
"17992","2363矽統","110/07/16","元大-花蓮",8,99,-91
"17993","2363矽統","110/07/16","元富-城東",63,12,51
"17994","2363矽統","110/07/16","華南永昌-虎尾",68,154,-86
"17995","2363矽統","110/07/16","群益金鼎-桃園",56,5,51
"17996","2363矽統","110/07/16","富邦-新竹華信",7,89,-82
"17997","2363矽統","110/07/16","北城證券",60,10,50
"17998","2363矽統","110/07/16","元大-佳里",3,81,-78
"17999","2363矽統","110/07/16","國票-九鼎",57,7,50
"18000","2363矽統","110/07/16","玉山-南京東路",0,73,-73
"18001","8112至上","110/07/16","宏遠證券",551,6,545
"18002","8112至上","110/07/16","玉山-桃園",42,318,-276
"18003","8112至上","110/07/16","台灣摩根士丹利",317,11,306
"18004","8112至上","110/07/16","美林",64,305,-241
"18005","8112至上","110/07/16","新加坡商瑞銀",378,73,305
"18006","8112至上","110/07/16","宏遠-館前",16,212,-196
"18007","8112至上","110/07/16","凱基-台北",758,553,205
"18008","8112至上","110/07/16","玉山-嘉義",19,95,-76
"18009","8112至上","110/07/16","富邦證券",127,0,127
"18010","8112至上","110/07/16","群益金鼎-三民",7,82,-75
"18011","8112至上","110/07/16","台新證券",129,30,99
"18012","8112至上","110/07/16","日盛-二林",1,73,-72
"18013","8112至上","110/07/16","花旗環球",97,0,97
"18014","8112至上","110/07/16","玉山-台大",8,76,-68
"18015","8112至上","110/07/16","永豐金-台南",97,8,89
"18016","8112至上","110/07/16","元富-台南",1,68,-67
"18017","8112至上","110/07/16","元大-大天母",93,15,78
"18018","8112至上","110/07/16","玉山-板橋",4,71,-67
"18019","8112至上","110/07/16","亞東-板橋",72,2,70
"18020","8112至上","110/07/16","臺灣企銀-埔墘",0,60,-60
"18021","8112至上","110/07/16","永豐金-中正",64,9,55
"18022","8112至上","110/07/16","華南永昌-鶯歌",11,64,-53
"18023","8112至上","110/07/16","大昌-樹林",53,2,51
"18024","8112至上","110/07/16","元大-士林",7,59,-52
"18025","8112至上","110/07/16","凱基-永和",56,5,51
"18026","8112至上","110/07/16","元富-新店",8,57,-49
"18027","8112至上","110/07/16","兆豐-竹北",53,3,50
"18028","8112至上","110/07/16","富邦-陽明",9,58,-49
"18029","8112至上","110/07/16","日盛-豐原",48,0,48
"18030","8112至上","110/07/16","元大-發財",0,49,-49
"18031","1570力肯","110/07/16","新光",71,6,65
"18032","1570力肯","110/07/16","元大-高雄",0,23,-23
"18033","1570力肯","110/07/16","國票-北高雄",21,0,21
"18034","1570力肯","110/07/16","合庫-台南",0,20,-20
"18035","1570力肯","110/07/16","凱基-台北",17,1,16
"18036","1570力肯","110/07/16","元富-新店",0,15,-15
"18037","1570力肯","110/07/16","群益金鼎-高雄",15,0,15
"18038","1570力肯","110/07/16","元大-東港",0,10,-10
"18039","1570力肯","110/07/16","富邦-建國",10,0,10
"18040","1570力肯","110/07/16","中國信託",0,7,-7
"18041","1570力肯","110/07/16","元大-士林",5,0,5
"18042","1570力肯","110/07/16","台新證券",0,6,-6
"18043","1570力肯","110/07/16","瑞士信貸",3,0,3
"18044","1570力肯","110/07/16","日盛-信義",0,5,-5
"18045","1570力肯","110/07/16","臺銀-高雄",2,0,2
"18046","1570力肯","110/07/16","宏遠-館前",0,5,-5
"18047","1570力肯","110/07/16","華南永昌",2,0,2
"18048","1570力肯","110/07/16","國泰-館前",0,5,-5
"18049","1570力肯","110/07/16","元富-同大",1,0,1
"18050","1570力肯","110/07/16","富邦-園區",0,5,-5
"18051","1570力肯","110/07/16","兆豐-麻豆",1,0,1
"18052","1570力肯","110/07/16","永豐金-中正",0,5,-5
"18053","1570力肯","110/07/16","國泰-板橋",1,0,1
"18054","1570力肯","110/07/16","(牛牛牛)亞-鑫豐",0,4,-4
"18055","1570力肯","110/07/16","群益金鼎-東湖",1,0,1
"18056","1570力肯","110/07/16","台中銀-員林",0,3,-3
"18057","1570力肯","110/07/16","元大-東泰",1,0,1
"18058","1570力肯","110/07/16","玉山-新莊",0,3,-3
"18059","1570力肯","110/07/16","元大-南勢角",1,0,1
"18060","1570力肯","110/07/16","凱基-長庚",0,3,-3
"18061","2929淘帝","110/07/16","元大-民生",28,0,28
"18062","2929淘帝","110/07/16","玉山-新竹",0,30,-30
"18063","2929淘帝","110/07/16","元大-員林",20,0,20
"18064","2929淘帝","110/07/16","合庫證券",0,20,-20
"18065","2929淘帝","110/07/16","兆豐-桃鶯",12,0,12
"18066","2929淘帝","110/07/16","元大-六合",0,20,-20
"18067","2929淘帝","110/07/16","元大-大統",10,0,10
"18068","2929淘帝","110/07/16","摩根大通",0,12,-12
"18069","2929淘帝","110/07/16","新加坡商瑞銀",9,0,9
"18070","2929淘帝","110/07/16","永興",0,6,-6
"18071","2929淘帝","110/07/16","凱基-基隆",6,0,6
"18072","2929淘帝","110/07/16","凱基-長庚",0,5,-5
"18073","2929淘帝","110/07/16","合庫-高雄",5,0,5
"18074","2929淘帝","110/07/16","群益金鼎-潭子",0,4,-4
"18075","2929淘帝","110/07/16","台新-台中",6,1,5
"18076","2929淘帝","110/07/16","華南永昌-小港",2,6,-4
"18077","2929淘帝","110/07/16","元大-承德",5,0,5
"18078","2929淘帝","110/07/16","華南永昌-虎尾",0,4,-4
"18079","2929淘帝","110/07/16","元大-沙鹿",5,0,5
"18080","2929淘帝","110/07/16","日盛-和美",0,3,-3
"18081","2929淘帝","110/07/16","大慶-苗栗",5,1,4
"18082","2929淘帝","110/07/16","彰銀",0,3,-3
"18083","2929淘帝","110/07/16","台新-新營",4,0,4
"18084","2929淘帝","110/07/16","港商野村",7,10,-3
"18085","2929淘帝","110/07/16","凱基-台北",6,2,4
"18086","2929淘帝","110/07/16","群益金鼎-中山",1,4,-3
"18087","2929淘帝","110/07/16","兆豐-台中港",3,0,3
"18088","2929淘帝","110/07/16","凱基-嘉義",0,3,-3
"18089","2929淘帝","110/07/16","國票-北高雄",3,0,3
"18090","2929淘帝","110/07/16","元大-斗信",0,3,-3
"18091","5410國眾","110/07/16","盈溢-籬子內",49,0,49
"18092","5410國眾","110/07/16","元大-博愛",0,41,-41
"18093","5410國眾","110/07/16","香港上海匯豐",31,0,31
"18094","5410國眾","110/07/16","元富-嘉義",0,20,-20
"18095","5410國眾","110/07/16","元大-東泰",30,0,30
"18096","5410國眾","110/07/16","國泰-桃園",0,18,-18
"18097","5410國眾","110/07/16","兆豐-台中港",20,0,20
"18098","5410國眾","110/07/16","元富",0,17,-17
"18099","5410國眾","110/07/16","臺銀-臺南",11,0,11
"18100","5410國眾","110/07/16","元大-新竹",0,14,-14
"18101","5410國眾","110/07/16","富邦-新竹華信",11,0,11
"18102","5410國眾","110/07/16","安泰-大發",0,11,-11
"18103","5410國眾","110/07/16","臺銀",10,0,10
"18104","5410國眾","110/07/16","大昌-樹林",0,10,-10
"18105","5410國眾","110/07/16","凱基-台北",8,1,7
"18106","5410國眾","110/07/16","群益金鼎-內湖",0,10,-10
"18107","5410國眾","110/07/16","日盛-士林",5,0,5
"18108","5410國眾","110/07/16","元大-樹林",0,10,-10
"18109","5410國眾","110/07/16","新光-桃園",5,0,5
"18110","5410國眾","110/07/16","元大-內湖",0,9,-9
"18111","5410國眾","110/07/16","國泰-台南",5,0,5
"18112","5410國眾","110/07/16","群益金鼎-永和",0,5,-5
"18113","5410國眾","110/07/16","群益金鼎-嘉義",5,0,5
"18114","5410國眾","110/07/16","凱基-屏東",0,5,-5
"18115","5410國眾","110/07/16","元大-屏南",5,0,5
"18116","5410國眾","110/07/16","統一-員林",0,4,-4
"18117","5410國眾","110/07/16","日盛-員林",3,0,3
"18118","5410國眾","110/07/16","國泰-松江",0,4,-4
"18119","5410國眾","110/07/16","瑞士信貸",3,0,3
"18120","5410國眾","110/07/16","凱基-台南",0,4,-4
"18121","2841台開","110/07/16","日盛證券",250,0,250
"18122","2841台開","110/07/16","元大-歸仁",0,590,-590
"18123","2841台開","110/07/16","凱基-文心",204,0,204
"18124","2841台開","110/07/16","摩根大通",0,245,-245
"18125","2841台開","110/07/16","國泰-館前",114,0,114
"18126","2841台開","110/07/16","日盛-信義",0,145,-145
"18127","2841台開","110/07/16","永豐金-豐原",75,0,75
"18128","2841台開","110/07/16","港商野村",0,103,-103
"18129","2841台開","110/07/16","台新-台中",76,10,66
"18130","2841台開","110/07/16","玉山-嘉義",5,54,-49
"18131","2841台開","110/07/16","中國信託-文心",51,5,46
"18132","2841台開","110/07/16","台新證券",22,63,-41
"18133","2841台開","110/07/16","華南永昌-新莊",41,10,31
"18134","2841台開","110/07/16","美商高盛",0,39,-39
"18135","2841台開","110/07/16","富邦-嘉義",30,0,30
"18136","2841台開","110/07/16","亞東-板橋",0,30,-30
"18137","2841台開","110/07/16","新光",26,0,26
"18138","2841台開","110/07/16","永豐金-北高雄",0,30,-30
"18139","2841台開","110/07/16","富邦-板橋",25,0,25
"18140","2841台開","110/07/16","日盛-忠孝",0,20,-20
"18141","2841台開","110/07/16","新光-台中",22,0,22
"18142","2841台開","110/07/16","元富-草屯",0,15,-15
"18143","2841台開","110/07/16","元大-承德",22,0,22
"18144","2841台開","110/07/16","永豐金-板新",0,12,-12
"18145","2841台開","110/07/16","日盛-三重",20,0,20
"18146","2841台開","110/07/16","第一金-華江",0,10,-10
"18147","2841台開","110/07/16","日盛-新莊",20,0,20
"18148","2841台開","110/07/16","兆豐-南京",0,10,-10
"18149","2841台開","110/07/16","凱基-台南",20,0,20
"18150","2841台開","110/07/16","國票-中港",0,10,-10
"18151","6207雷科","110/07/16","統一-平鎮",215,4,211
"18152","6207雷科","110/07/16","凱基-台北",344,628,-284
"18153","6207雷科","110/07/16","凱基-復興",166,6,160
"18154","6207雷科","110/07/16","新加坡商瑞銀",104,370,-266
"18155","6207雷科","110/07/16","永豐金-南京",141,3,138
"18156","6207雷科","110/07/16","摩根大通",193,430,-237
"18157","6207雷科","110/07/16","永豐金-內湖",117,1,116
"18158","6207雷科","110/07/16","富邦證券",0,150,-150
"18159","6207雷科","110/07/16","日盛證券",104,2,102
"18160","6207雷科","110/07/16","華南永昌-中正",26,169,-143
"18161","6207雷科","110/07/16","群益金鼎-古亭",74,2,72
"18162","6207雷科","110/07/16","凱基-敦北",1,142,-141
"18163","6207雷科","110/07/16","群益金鼎-東門",76,12,64
"18164","6207雷科","110/07/16","凱基-板橋",0,120,-120
"18165","6207雷科","110/07/16","日盛-板橋",78,25,53
"18166","6207雷科","110/07/16","元富-大昌",30,136,-106
"18167","6207雷科","110/07/16","元大-斗六",57,6,51
"18168","6207雷科","110/07/16","元大-北成功",26,97,-71
"18169","6207雷科","110/07/16","元大-頭份",53,3,50
"18170","6207雷科","110/07/16","新光-桃園",29,93,-64
"18171","6207雷科","110/07/16","群益金鼎-東大",56,11,45
"18172","6207雷科","110/07/16","新百王",27,90,-63
"18173","6207雷科","110/07/16","永豐金-虎尾",50,8,42
"18174","6207雷科","110/07/16","玉山-左營",16,72,-56
"18175","6207雷科","110/07/16","元大-西門",39,1,38
"18176","6207雷科","110/07/16","群益金鼎-中壢",3,54,-51
"18177","6207雷科","110/07/16","凱基-竹科",38,1,37
"18178","6207雷科","110/07/16","元富-中原",21,67,-46
"18179","6207雷科","110/07/16","元富-世貿",50,15,35
"18180","6207雷科","110/07/16","大昌-桃園",26,70,-44
"18181","3679新至陞","110/07/16","元大-成功",17,1,16
"18182","3679新至陞","110/07/16","國票-桃園",0,11,-11
"18183","3679新至陞","110/07/16","玉山-台大",5,0,5
"18184","3679新至陞","110/07/16","富邦-台北",0,10,-10
"18185","3679新至陞","110/07/16","日盛-員林",4,0,4
"18186","3679新至陞","110/07/16","富邦-苗栗",0,10,-10
"18187","3679新至陞","110/07/16","凱基-台北",6,2,4
"18188","3679新至陞","110/07/16","元大-永春",0,6,-6
"18189","3679新至陞","110/07/16","台灣摩根士丹利",3,0,3
"18190","3679新至陞","110/07/16","美林",0,5,-5
"18191","3679新至陞","110/07/16","凱基-中山",3,0,3
"18192","3679新至陞","110/07/16","瑞士信貸",3,7,-4
"18193","3679新至陞","110/07/16","元大-承德",3,0,3
"18194","3679新至陞","110/07/16","宏遠-館前",0,3,-3
"18195","3679新至陞","110/07/16","元大-汐止",4,1,3
"18196","3679新至陞","110/07/16","元大-東港",0,3,-3
"18197","3679新至陞","110/07/16","日盛-大墩",2,0,2
"18198","3679新至陞","110/07/16","元大證券",0,2,-2
"18199","3679新至陞","110/07/16","玉山-城中",2,0,2
"18200","3679新至陞","110/07/16","永豐金-板新",0,2,-2
"18201","3679新至陞","110/07/16","華南永昌-內壢",2,0,2
"18202","3679新至陞","110/07/16","臺銀-民權",0,1,-1
"18203","3679新至陞","110/07/16","元大-台南",2,0,2
"18204","3679新至陞","110/07/16","日盛-台中",0,1,-1
"18205","3679新至陞","110/07/16","元大-大同",2,0,2
"18206","3679新至陞","110/07/16","日盛-鳳山",0,1,-1
"18207","3679新至陞","110/07/16","臺銀-高雄",1,0,1
"18208","3679新至陞","110/07/16","元富-古亭",0,1,-1
"18209","3679新至陞","110/07/16","日盛-樹林",1,0,1
"18210","3679新至陞","110/07/16","元富-新興",0,1,-1
"18211","2727王品","110/07/16","富邦證券",570,0,570
"18212","2727王品","110/07/16","台新證券",27,77,-50
"18213","2727王品","110/07/16","兆豐-南京",200,0,200
"18214","2727王品","110/07/16","台灣摩根士丹利",4,47,-43
"18215","2727王品","110/07/16","瑞士信貸",133,2,131
"18216","2727王品","110/07/16","永豐金-大園",0,33,-33
"18217","2727王品","110/07/16","美林",121,26,95
"18218","2727王品","110/07/16","元大-北屯",0,32,-32
"18219","2727王品","110/07/16","統一",103,43,60
"18220","2727王品","110/07/16","富邦-南屯",1,30,-29
"18221","2727王品","110/07/16","中國信託-忠孝",36,2,34
"18222","2727王品","110/07/16","元大-基隆孝二",0,29,-29
"18223","2727王品","110/07/16","元大證券",68,45,23
"18224","2727王品","110/07/16","日盛-忠孝",4,30,-26
"18225","2727王品","110/07/16","合庫-彰化",22,1,21
"18226","2727王品","110/07/16","新光-新竹",1,21,-20
"18227","2727王品","110/07/16","港商野村",126,105,21
"18228","2727王品","110/07/16","凱基-台北",94,113,-19
"18229","2727王品","110/07/16","元富-板橋",22,1,21
"18230","2727王品","110/07/16","富邦-虎尾",1,19,-18
"18231","2727王品","110/07/16","新加坡商瑞銀",36,18,18
"18232","2727王品","110/07/16","元大-南京",0,17,-17
"18233","2727王品","110/07/16","國泰證券",20,5,15
"18234","2727王品","110/07/16","日盛-鳳山",2,18,-16
"18235","2727王品","110/07/16","日盛-桃園",13,1,12
"18236","2727王品","110/07/16","新光",34,50,-16
"18237","2727王品","110/07/16","凱基-市政",12,1,11
"18238","2727王品","110/07/16","富邦-台北",2,18,-16
"18239","2727王品","110/07/16","元大-嘉義",14,3,11
"18240","2727王品","110/07/16","國票-內壢",1,15,-14
"18241","1570力肯","110/07/16","新光",71,6,65
"18242","1570力肯","110/07/16","元大-高雄",0,23,-23
"18243","1570力肯","110/07/16","國票-北高雄",21,0,21
"18244","1570力肯","110/07/16","合庫-台南",0,20,-20
"18245","1570力肯","110/07/16","凱基-台北",17,1,16
"18246","1570力肯","110/07/16","元富-新店",0,15,-15
"18247","1570力肯","110/07/16","群益金鼎-高雄",15,0,15
"18248","1570力肯","110/07/16","元大-東港",0,10,-10
"18249","1570力肯","110/07/16","富邦-建國",10,0,10
"18250","1570力肯","110/07/16","中國信託",0,7,-7
"18251","1570力肯","110/07/16","元大-士林",5,0,5
"18252","1570力肯","110/07/16","台新證券",0,6,-6
"18253","1570力肯","110/07/16","瑞士信貸",3,0,3
"18254","1570力肯","110/07/16","日盛-信義",0,5,-5
"18255","1570力肯","110/07/16","臺銀-高雄",2,0,2
"18256","1570力肯","110/07/16","宏遠-館前",0,5,-5
"18257","1570力肯","110/07/16","華南永昌",2,0,2
"18258","1570力肯","110/07/16","國泰-館前",0,5,-5
"18259","1570力肯","110/07/16","元富-同大",1,0,1
"18260","1570力肯","110/07/16","富邦-園區",0,5,-5
"18261","1570力肯","110/07/16","兆豐-麻豆",1,0,1
"18262","1570力肯","110/07/16","永豐金-中正",0,5,-5
"18263","1570力肯","110/07/16","國泰-板橋",1,0,1
"18264","1570力肯","110/07/16","(牛牛牛)亞-鑫豐",0,4,-4
"18265","1570力肯","110/07/16","群益金鼎-東湖",1,0,1
"18266","1570力肯","110/07/16","台中銀-員林",0,3,-3
"18267","1570力肯","110/07/16","元大-東泰",1,0,1
"18268","1570力肯","110/07/16","玉山-新莊",0,3,-3
"18269","1570力肯","110/07/16","元大-南勢角",1,0,1
"18270","1570力肯","110/07/16","凱基-長庚",0,3,-3
"18271","6180橘子","110/07/16","日盛-文化",71,5,66
"18272","6180橘子","110/07/16","凱基-台北",110,238,-128
"18273","6180橘子","110/07/16","新加坡商瑞銀",75,19,56
"18274","6180橘子","110/07/16","摩根大通",77,161,-84
"18275","6180橘子","110/07/16","瑞士信貸",51,0,51
"18276","6180橘子","110/07/16","元富-高雄",0,62,-62
"18277","6180橘子","110/07/16","台灣企銀-屏東",50,0,50
"18278","6180橘子","110/07/16","美商高盛",0,40,-40
"18279","6180橘子","110/07/16","元大-桃園",52,2,50
"18280","6180橘子","110/07/16","合庫-自強",0,37,-37
"18281","6180橘子","110/07/16","康和-台北",51,10,41
"18282","6180橘子","110/07/16","美林",15,48,-33
"18283","6180橘子","110/07/16","群益金鼎-屏東",61,20,41
"18284","6180橘子","110/07/16","元富-四維",0,32,-32
"18285","6180橘子","110/07/16","元大-彰化",33,2,31
"18286","6180橘子","110/07/16","新光",63,92,-29
"18287","6180橘子","110/07/16","台中銀-台北",30,0,30
"18288","6180橘子","110/07/16","新光-台南",6,28,-22
"18289","6180橘子","110/07/16","福勝",29,3,26
"18290","6180橘子","110/07/16","港商野村",28,49,-21
"18291","6180橘子","110/07/16","兆豐證券",21,0,21
"18292","6180橘子","110/07/16","統一",2,23,-21
"18293","6180橘子","110/07/16","華南永昌-頭份",20,0,20
"18294","6180橘子","110/07/16","元大-豐原站前",3,21,-18
"18295","6180橘子","110/07/16","富邦-台北",25,5,20
"18296","6180橘子","110/07/16","豐農",3,20,-17
"18297","6180橘子","110/07/16","富邦-員林",23,4,19
"18298","6180橘子","110/07/16","安泰-大發",0,17,-17
"18299","6180橘子","110/07/16","台新-新莊",20,2,18
"18300","6180橘子","110/07/16","群益金鼎",2,19,-17
"18301","2390云辰","110/07/16","兆豐-天母",642,7,635
"18302","2390云辰","110/07/16","凱基",0,5007,-5007
"18303","2390云辰","110/07/16","華南永昌-鳳山",339,35,304
"18304","2390云辰","110/07/16","凱基-台北",1224,2306,-1082
"18305","2390云辰","110/07/16","第一金-大稻埕",269,13,256
"18306","2390云辰","110/07/16","元大證券",206,1177,-971
"18307","2390云辰","110/07/16","國泰-敦南",665,427,238
"18308","2390云辰","110/07/16","摩根大通",1073,1967,-894
"18309","2390云辰","110/07/16","富邦-建國",272,50,222
"18310","2390云辰","110/07/16","台灣摩根士丹利",232,671,-439
"18311","2390云辰","110/07/16","元大-信義",180,15,165
"18312","2390云辰","110/07/16","美林",187,496,-309
"18313","2390云辰","110/07/16","瑞士信貸",155,0,155
"18314","2390云辰","110/07/16","港商野村",680,950,-270
"18315","2390云辰","110/07/16","台新證券",461,317,144
"18316","2390云辰","110/07/16","永豐金-中正",18,170,-152
"18317","2390云辰","110/07/16","兆豐-公益",148,11,137
"18318","2390云辰","110/07/16","元富-板橋",30,169,-139
"18319","2390云辰","110/07/16","元大-土城學府",197,61,136
"18320","2390云辰","110/07/16","新加坡商瑞銀",61,175,-114
"18321","2390云辰","110/07/16","元大-天母",232,122,110
"18322","2390云辰","110/07/16","聯邦商銀",54,167,-113
"18323","2390云辰","110/07/16","凱基-基隆",109,2,107
"18324","2390云辰","110/07/16","群益金鼎-大甲",13,111,-98
"18325","2390云辰","110/07/16","元富-成功",110,5,105
"18326","2390云辰","110/07/16","統一-屏東",4,92,-88
"18327","2390云辰","110/07/16","統一-新營",118,14,104
"18328","2390云辰","110/07/16","凱基-大直",3,80,-77
"18329","2390云辰","110/07/16","國泰-板橋",268,170,98
"18330","2390云辰","110/07/16","元大-桃興",46,117,-71
"18331","2363矽統","110/07/15","康和-台中",626,61,565
"18332","2363矽統","110/07/15","新加坡商瑞銀",202,838,-636
"18333","2363矽統","110/07/15","摩根大通",1271,932,339
"18334","2363矽統","110/07/15","美林",185,720,-535
"18335","2363矽統","110/07/15","瑞士信貸",530,230,300
"18336","2363矽統","110/07/15","富邦-仁愛",60,583,-523
"18337","2363矽統","110/07/15","宏遠-桃園",281,0,281
"18338","2363矽統","110/07/15","元大-板橋",35,368,-333
"18339","2363矽統","110/07/15","大展",252,19,233
"18340","2363矽統","110/07/15","花旗環球",0,308,-308
"18341","2363矽統","110/07/15","凱基-台北",683,498,185
"18342","2363矽統","110/07/15","元富-成功",2,113,-111
"18343","2363矽統","110/07/15","永豐金證券",166,11,155
"18344","2363矽統","110/07/15","富邦-新營",23,132,-109
"18345","2363矽統","110/07/15","群益金鼎",157,5,152
"18346","2363矽統","110/07/15","臺銀-金山",197,304,-107
"18347","2363矽統","110/07/15","新光",333,229,104
"18348","2363矽統","110/07/15","日盛-二林",13,116,-103
"18349","2363矽統","110/07/15","永豐金-台南",130,26,104
"18350","2363矽統","110/07/15","台新-左楠",40,126,-86
"18351","2363矽統","110/07/15","國票-南京",100,0,100
"18352","2363矽統","110/07/15","康和-南崁",15,100,-85
"18353","2363矽統","110/07/15","群益金鼎-松山",150,50,100
"18354","2363矽統","110/07/15","永豐金-員林",9,91,-82
"18355","2363矽統","110/07/15","中國信託-松江",103,5,98
"18356","2363矽統","110/07/15","光和-嘉義",5,78,-73
"18357","2363矽統","110/07/15","國票-新莊",187,92,95
"18358","2363矽統","110/07/15","日盛-板橋中山",3,73,-70
"18359","2363矽統","110/07/15","北城證券",216,126,90
"18360","2363矽統","110/07/15","元大證券",10,75,-65
"18361","8112至上","110/07/15","凱基-台北",535,32,503
"18362","8112至上","110/07/15","群益金鼎-台南",0,116,-116
"18363","8112至上","110/07/15","摩根大通",362,16,346
"18364","8112至上","110/07/15","華南永昌-高雄",2,112,-110
"18365","8112至上","110/07/15","台灣摩根士丹利",254,0,254
"18366","8112至上","110/07/15","永豐金-台南",27,128,-101
"18367","8112至上","110/07/15","花旗環球",159,0,159
"18368","8112至上","110/07/15","元大-東蘆",2,73,-71
"18369","8112至上","110/07/15","新加坡商瑞銀",95,2,93
"18370","8112至上","110/07/15","美林",3,66,-63
"18371","8112至上","110/07/15","玉山-嘉義",84,0,84
"18372","8112至上","110/07/15","元大-館前",0,62,-62
"18373","8112至上","110/07/15","新光",82,6,76
"18374","8112至上","110/07/15","元富-信義",0,50,-50
"18375","8112至上","110/07/15","瑞士信貸",80,7,73
"18376","8112至上","110/07/15","台新證券",35,82,-47
"18377","8112至上","110/07/15","美商高盛",64,0,64
"18378","8112至上","110/07/15","大慶-蘆洲",7,53,-46
"18379","8112至上","110/07/15","兆豐-小港",56,0,56
"18380","8112至上","110/07/15","國票-天祥",0,45,-45
"18381","8112至上","110/07/15","永豐金-內湖",60,11,49
"18382","8112至上","110/07/15","凱基-中山",1,45,-44
"18383","8112至上","110/07/15","永豐金-南投",46,1,45
"18384","8112至上","110/07/15","元大-士林",0,43,-43
"18385","8112至上","110/07/15","凱基-三重",40,0,40
"18386","8112至上","110/07/15","玉山-城中",4,44,-40
"18387","8112至上","110/07/15","台灣企銀",29,0,29
"18388","8112至上","110/07/15","凱基-彰化",0,39,-39
"18389","8112至上","110/07/15","元大-府城",42,14,28
"18390","8112至上","110/07/15","元富-花蓮",2,40,-38
"18391","1570力肯","110/07/15","群益金鼎-高雄",40,0,40
"18392","1570力肯","110/07/15","元大-高雄",0,12,-12
"18393","1570力肯","110/07/15","新光",40,8,32
"18394","1570力肯","110/07/15","永豐金-中正",0,10,-10
"18395","1570力肯","110/07/15","凱基-台北",20,2,18
"18396","1570力肯","110/07/15","國泰-松江",0,9,-9
"18397","1570力肯","110/07/15","凱基-天母",6,0,6
"18398","1570力肯","110/07/15","台新證券",0,8,-8
"18399","1570力肯","110/07/15","元富-新店",5,0,5
"18400","1570力肯","110/07/15","玉山證券",0,7,-7
"18401","1570力肯","110/07/15","凱基-中港",5,0,5
"18402","1570力肯","110/07/15","元大-府城",0,7,-7
"18403","1570力肯","110/07/15","富邦-園區",5,0,5
"18404","1570力肯","110/07/15","元大-板橋",0,6,-6
"18405","1570力肯","110/07/15","瑞士信貸",4,0,4
"18406","1570力肯","110/07/15","日盛-信義",0,5,-5
"18407","1570力肯","110/07/15","第一金-路竹",3,0,3
"18408","1570力肯","110/07/15","國票-和平",0,5,-5
"18409","1570力肯","110/07/15","摩根大通",3,0,3
"18410","1570力肯","110/07/15","元大-民雄",0,5,-5
"18411","1570力肯","110/07/15","凱基-桃園",3,0,3
"18412","1570力肯","110/07/15","統一-台中",0,4,-4
"18413","1570力肯","110/07/15","永豐金-苓雅",3,0,3
"18414","1570力肯","110/07/15","玉山-雙和",0,4,-4
"18415","1570力肯","110/07/15","統一-員林",2,0,2
"18416","1570力肯","110/07/15","凱基-敦北",0,4,-4
"18417","1570力肯","110/07/15","元大-永春",2,0,2
"18418","1570力肯","110/07/15","富邦-新店",0,4,-4
"18419","1570力肯","110/07/15","元大-土城永寧",2,0,2
"18420","1570力肯","110/07/15","日盛-板橋",0,3,-3
"18421","2929淘帝","110/07/15","港商野村",58,4,54
"18422","2929淘帝","110/07/15","日盛-園區",0,25,-25
"18423","2929淘帝","110/07/15","元大-民生",29,0,29
"18424","2929淘帝","110/07/15","兆豐-南京",0,20,-20
"18425","2929淘帝","110/07/15","新加坡商瑞銀",22,1,21
"18426","2929淘帝","110/07/15","玉山-高雄",0,18,-18
"18427","2929淘帝","110/07/15","凱基-台北",20,2,18
"18428","2929淘帝","110/07/15","富邦-南屯",1,15,-14
"18429","2929淘帝","110/07/15","大慶-中壢",15,1,14
"18430","2929淘帝","110/07/15","富邦-員林",0,13,-13
"18431","2929淘帝","110/07/15","日盛-和美",10,0,10
"18432","2929淘帝","110/07/15","凱基-站前",0,10,-10
"18433","2929淘帝","110/07/15","元大-員林",10,0,10
"18434","2929淘帝","110/07/15","元大-台中",0,10,-10
"18435","2929淘帝","110/07/15","凱基-基隆",6,0,6
"18436","2929淘帝","110/07/15","美林",10,19,-9
"18437","2929淘帝","110/07/15","臺銀-鳳山",5,0,5
"18438","2929淘帝","110/07/15","元大-新盛",0,8,-8
"18439","2929淘帝","110/07/15","第一金-路竹",5,0,5
"18440","2929淘帝","110/07/15","台新-台南",0,7,-7
"18441","2929淘帝","110/07/15","元富-大裕",5,0,5
"18442","2929淘帝","110/07/15","元大-大天母",0,7,-7
"18443","2929淘帝","110/07/15","玉山-大里",5,0,5
"18444","2929淘帝","110/07/15","華南永昌-虎尾",0,6,-6
"18445","2929淘帝","110/07/15","元大-博愛",5,0,5
"18446","2929淘帝","110/07/15","永豐金證券",0,6,-6
"18447","2929淘帝","110/07/15","永豐金-新莊",5,0,5
"18448","2929淘帝","110/07/15","兆豐-竹北",0,5,-5
"18449","2929淘帝","110/07/15","元大-南崁",4,0,4
"18450","2929淘帝","110/07/15","元大-文心興安",0,5,-5
"18451","5410國眾","110/07/15","香港上海匯豐",18,0,18
"18452","5410國眾","110/07/15","元大-南屯",0,18,-18
"18453","5410國眾","110/07/15","摩根大通",15,0,15
"18454","5410國眾","110/07/15","亞東-新竹",0,15,-15
"18455","5410國眾","110/07/15","日盛-士林",10,0,10
"18456","5410國眾","110/07/15","兆豐-台中港",0,15,-15
"18457","5410國眾","110/07/15","群益金鼎-嘉義",10,0,10
"18458","5410國眾","110/07/15","日盛-板橋",0,12,-12
"18459","5410國眾","110/07/15","元大-高雄",10,0,10
"18460","5410國眾","110/07/15","台中銀-豐原",0,9,-9
"18461","5410國眾","110/07/15","元大-東港",10,0,10
"18462","5410國眾","110/07/15","臺銀-臺南",3,10,-7
"18463","5410國眾","110/07/15","臺銀",10,5,5
"18464","5410國眾","110/07/15","瑞士信貸",0,5,-5
"18465","5410國眾","110/07/15","台新-新營",5,0,5
"18466","5410國眾","110/07/15","統一-員林",0,5,-5
"18467","5410國眾","110/07/15","富邦-台北",5,0,5
"18468","5410國眾","110/07/15","大昌-樹林",0,5,-5
"18469","5410國眾","110/07/15","日盛-屏東",4,0,4
"18470","5410國眾","110/07/15","兆豐-來福",0,5,-5
"18471","5410國眾","110/07/15","高橋",5,1,4
"18472","5410國眾","110/07/15","豐農",0,5,-5
"18473","5410國眾","110/07/15","中國信託-新竹",4,1,3
"18474","5410國眾","110/07/15","元大-大里",0,5,-5
"18475","5410國眾","110/07/15","富邦-建國",3,0,3
"18476","5410國眾","110/07/15","港商野村",0,3,-3
"18477","5410國眾","110/07/15","永豐金-桃園",3,0,3
"18478","5410國眾","110/07/15","中農",0,3,-3
"18479","5410國眾","110/07/15","大展",2,0,2
"18480","5410國眾","110/07/15","國泰-忠孝",0,3,-3
"18481","2841台開","110/07/15","日盛證券",310,0,310
"18482","2841台開","110/07/15","港商野村",0,97,-97
"18483","2841台開","110/07/15","元富-城東",100,0,100
"18484","2841台開","110/07/15","元大-員林",0,77,-77
"18485","2841台開","110/07/15","凱基-文心",30,0,30
"18486","2841台開","110/07/15","新光",3,73,-70
"18487","2841台開","110/07/15","日盛-雙和",24,0,24
"18488","2841台開","110/07/15","永豐金-北高雄",0,30,-30
"18489","2841台開","110/07/15","第一金-台中",20,0,20
"18490","2841台開","110/07/15","華南永昌",0,25,-25
"18491","2841台開","110/07/15","豐農",20,0,20
"18492","2841台開","110/07/15","日盛-台南",0,20,-20
"18493","2841台開","110/07/15","華南永昌-新莊",19,0,19
"18494","2841台開","110/07/15","致和-佳里",0,20,-20
"18495","2841台開","110/07/15","玉山-大里",12,0,12
"18496","2841台開","110/07/15","國票-中港",0,20,-20
"18497","2841台開","110/07/15","元富-安南",10,0,10
"18498","2841台開","110/07/15","元大-歸仁",0,20,-20
"18499","2841台開","110/07/15","凱基-市政",10,0,10
"18500","2841台開","110/07/15","統一-三多",0,19,-19
"18501","2841台開","110/07/15","凱基-竹科",10,0,10
"18502","2841台開","110/07/15","凱基-城中",0,18,-18
"18503","2841台開","110/07/15","國泰-板橋",10,1,9
"18504","2841台開","110/07/15","國票-中和",0,15,-15
"18505","2841台開","110/07/15","凱基-台北",9,0,9
"18506","2841台開","110/07/15","元大-彰化",0,15,-15
"18507","2841台開","110/07/15","合庫證券",6,0,6
"18508","2841台開","110/07/15","元大-復北",0,15,-15
"18509","2841台開","110/07/15","台中銀",6,0,6
"18510","2841台開","110/07/15","土銀-花蓮",0,14,-14
"18511","6207雷科","110/07/15","凱基-板橋",210,45,165
"18512","6207雷科","110/07/15","群益金鼎-台北",20,80,-60
"18513","6207雷科","110/07/15","富邦證券",150,0,150
"18514","6207雷科","110/07/15","元大-大天母",1,56,-55
"18515","6207雷科","110/07/15","凱基-復興",140,0,140
"18516","6207雷科","110/07/15","大慶-中壢",2,50,-48
"18517","6207雷科","110/07/15","華南永昌-中正",140,0,140
"18518","6207雷科","110/07/15","元富-林園",0,47,-47
"18519","6207雷科","110/07/15","永豐金-內湖",92,10,82
"18520","6207雷科","110/07/15","元大-東門",0,40,-40
"18521","6207雷科","110/07/15","富邦-彰化",81,11,70
"18522","6207雷科","110/07/15","第一金-安和",0,37,-37
"18523","6207雷科","110/07/15","(牛牛牛)亞-網路",67,0,67
"18524","6207雷科","110/07/15","凱基-台北",61,97,-36
"18525","6207雷科","110/07/15","台新證券",60,8,52
"18526","6207雷科","110/07/15","國票-南科",0,32,-32
"18527","6207雷科","110/07/15","華南永昌",50,3,47
"18528","6207雷科","110/07/15","元大-四維",0,32,-32
"18529","6207雷科","110/07/15","新加坡商瑞銀",68,26,42
"18530","6207雷科","110/07/15","元大-板橋",0,30,-30
"18531","6207雷科","110/07/15","日盛-景美",40,0,40
"18532","6207雷科","110/07/15","元大-南崁",1,30,-29
"18533","6207雷科","110/07/15","元富-大昌",40,0,40
"18534","6207雷科","110/07/15","凱基-岡山",0,27,-27
"18535","6207雷科","110/07/15","統一-高雄",38,5,33
"18536","6207雷科","110/07/15","統一-新竹",0,26,-26
"18537","6207雷科","110/07/15","日盛證券",32,0,32
"18538","6207雷科","110/07/15","群益金鼎-三民",1,27,-26
"18539","6207雷科","110/07/15","華南永昌-頭份",31,0,31
"18540","6207雷科","110/07/15","國票-台中",0,25,-25
"18541","3679新至陞","110/07/15","群益金鼎-大安",25,0,25
"18542","3679新至陞","110/07/15","元大-成功",0,10,-10
"18543","3679新至陞","110/07/15","元大-彰化",13,0,13
"18544","3679新至陞","110/07/15","群益金鼎-東大",0,8,-8
"18545","3679新至陞","110/07/15","國票-桃園",10,0,10
"18546","3679新至陞","110/07/15","凱基-台北",4,12,-8
"18547","3679新至陞","110/07/15","群益金鼎-台南",10,0,10
"18548","3679新至陞","110/07/15","第一金-華江",0,5,-5
"18549","3679新至陞","110/07/15","華南永昌-台中",10,0,10
"18550","3679新至陞","110/07/15","兆豐-來福",0,5,-5
"18551","3679新至陞","110/07/15","港商野村",9,0,9
"18552","3679新至陞","110/07/15","元大-北三重",0,5,-5
"18553","3679新至陞","110/07/15","元大-永春",6,0,6
"18554","3679新至陞","110/07/15","瑞士信貸",0,4,-4
"18555","3679新至陞","110/07/15","(牛牛牛)亞-網路",5,0,5
"18556","3679新至陞","110/07/15","新加坡商瑞銀",0,4,-4
"18557","3679新至陞","110/07/15","凱基-高雄",5,0,5
"18558","3679新至陞","110/07/15","元大-汐止",0,4,-4
"18559","3679新至陞","110/07/15","美商高盛",6,2,4
"18560","3679新至陞","110/07/15","台中銀-員林",0,3,-3
"18561","3679新至陞","110/07/15","台新證券",3,1,2
"18562","3679新至陞","110/07/15","兆豐-忠孝",0,3,-3
"18563","3679新至陞","110/07/15","群益金鼎-大興",2,0,2
"18564","3679新至陞","110/07/15","玉山-新莊",0,3,-3
"18565","3679新至陞","110/07/15","元大-六合",2,0,2
"18566","3679新至陞","110/07/15","永豐金-屏東",0,3,-3
"18567","3679新至陞","110/07/15","彰銀",1,0,1
"18568","3679新至陞","110/07/15","永豐金-敦南",0,3,-3
"18569","3679新至陞","110/07/15","美林",2,1,1
"18570","3679新至陞","110/07/15","永豐金-萬盛",0,3,-3
"18571","2727王品","110/07/15","兆豐-南京",101,0,101
"18572","2727王品","110/07/15","富邦-左營",0,102,-102
"18573","2727王品","110/07/15","港商野村",166,73,93
"18574","2727王品","110/07/15","日盛-忠孝",2,32,-30
"18575","2727王品","110/07/15","瑞士信貸",97,8,89
"18576","2727王品","110/07/15","群益金鼎-古亭",2,24,-22
"18577","2727王品","110/07/15","玉山證券",56,12,44
"18578","2727王品","110/07/15","日盛-八德",0,21,-21
"18579","2727王品","110/07/15","第一金-高雄",43,1,42
"18580","2727王品","110/07/15","元大-新盛",2,23,-21
"18581","2727王品","110/07/15","台新證券",74,45,29
"18582","2727王品","110/07/15","摩根大通",53,72,-19
"18583","2727王品","110/07/15","康和-澎湖",27,0,27
"18584","2727王品","110/07/15","富邦-彰化",8,26,-18
"18585","2727王品","110/07/15","富邦-陽明",31,4,27
"18586","2727王品","110/07/15","富邦-台中",7,24,-17
"18587","2727王品","110/07/15","國票-北高雄",27,1,26
"18588","2727王品","110/07/15","新加坡商瑞銀",13,29,-16
"18589","2727王品","110/07/15","國泰-板橋",38,12,26
"18590","2727王品","110/07/15","國泰-敦南",35,50,-15
"18591","2727王品","110/07/15","凱基-興隆",23,0,23
"18592","2727王品","110/07/15","元大-龍潭",0,14,-14
"18593","2727王品","110/07/15","凱基-板橋",29,7,22
"18594","2727王品","110/07/15","中國信託-文心",8,21,-13
"18595","2727王品","110/07/15","合庫-彰化",21,0,21
"18596","2727王品","110/07/15","永豐金-竹科",2,15,-13
"18597","2727王品","110/07/15","土銀-南港",20,0,20
"18598","2727王品","110/07/15","臺銀-臺南",2,14,-12
"18599","2727王品","110/07/15","美林",37,18,19
"18600","2727王品","110/07/15","凱基-台北",56,68,-12
"18601","1570力肯","110/07/15","群益金鼎-高雄",40,0,40
"18602","1570力肯","110/07/15","元大-高雄",0,12,-12
"18603","1570力肯","110/07/15","新光",40,8,32
"18604","1570力肯","110/07/15","永豐金-中正",0,10,-10
"18605","1570力肯","110/07/15","凱基-台北",20,2,18
"18606","1570力肯","110/07/15","國泰-松江",0,9,-9
"18607","1570力肯","110/07/15","凱基-天母",6,0,6
"18608","1570力肯","110/07/15","台新證券",0,8,-8
"18609","1570力肯","110/07/15","元富-新店",5,0,5
"18610","1570力肯","110/07/15","玉山證券",0,7,-7
"18611","1570力肯","110/07/15","凱基-中港",5,0,5
"18612","1570力肯","110/07/15","元大-府城",0,7,-7
"18613","1570力肯","110/07/15","富邦-園區",5,0,5
"18614","1570力肯","110/07/15","元大-板橋",0,6,-6
"18615","1570力肯","110/07/15","瑞士信貸",4,0,4
"18616","1570力肯","110/07/15","日盛-信義",0,5,-5
"18617","1570力肯","110/07/15","第一金-路竹",3,0,3
"18618","1570力肯","110/07/15","國票-和平",0,5,-5
"18619","1570力肯","110/07/15","摩根大通",3,0,3
"18620","1570力肯","110/07/15","元大-民雄",0,5,-5
"18621","1570力肯","110/07/15","凱基-桃園",3,0,3
"18622","1570力肯","110/07/15","統一-台中",0,4,-4
"18623","1570力肯","110/07/15","永豐金-苓雅",3,0,3
"18624","1570力肯","110/07/15","玉山-雙和",0,4,-4
"18625","1570力肯","110/07/15","統一-員林",2,0,2
"18626","1570力肯","110/07/15","凱基-敦北",0,4,-4
"18627","1570力肯","110/07/15","元大-永春",2,0,2
"18628","1570力肯","110/07/15","富邦-新店",0,4,-4
"18629","1570力肯","110/07/15","元大-土城永寧",2,0,2
"18630","1570力肯","110/07/15","日盛-板橋",0,3,-3
"18631","6180橘子","110/07/15","兆豐證券",130,0,130
"18632","6180橘子","110/07/15","港商野村",21,137,-116
"18633","6180橘子","110/07/15","摩根大通",111,0,111
"18634","6180橘子","110/07/15","高橋",0,40,-40
"18635","6180橘子","110/07/15","石橋證券",80,0,80
"18636","6180橘子","110/07/15","臺銀",1,40,-39
"18637","6180橘子","110/07/15","凱基-台北",78,26,52
"18638","6180橘子","110/07/15","玉山-桃園",0,35,-35
"18639","6180橘子","110/07/15","新加坡商瑞銀",38,1,37
"18640","6180橘子","110/07/15","玉山-台南",2,33,-31
"18641","6180橘子","110/07/15","富邦-員林",32,0,32
"18642","6180橘子","110/07/15","統一-南京",0,30,-30
"18643","6180橘子","110/07/15","日盛-文化",23,0,23
"18644","6180橘子","110/07/15","康和-台南",0,25,-25
"18645","6180橘子","110/07/15","元富-新店",20,0,20
"18646","6180橘子","110/07/15","大昌-樹林",0,22,-22
"18647","6180橘子","110/07/15","美林",15,0,15
"18648","6180橘子","110/07/15","康和-新竹",0,20,-20
"18649","6180橘子","110/07/15","新光-新竹",17,2,15
"18650","6180橘子","110/07/15","群益金鼎-台中",0,20,-20
"18651","6180橘子","110/07/15","富邦-嘉義",12,0,12
"18652","6180橘子","110/07/15","元大-彰化民生",0,18,-18
"18653","6180橘子","110/07/15","花旗環球",11,0,11
"18654","6180橘子","110/07/15","元大-草屯",0,16,-16
"18655","6180橘子","110/07/15","第一金-新興",11,0,11
"18656","6180橘子","110/07/15","元富-潮州",0,13,-13
"18657","6180橘子","110/07/15","第一金-桃園",10,0,10
"18658","6180橘子","110/07/15","宏遠-台南",0,11,-11
"18659","6180橘子","110/07/15","永興",10,0,10
"18660","6180橘子","110/07/15","大慶-泰山",0,10,-10
"18661","2390云辰","110/07/15","凱基",5007,0,5007
"18662","2390云辰","110/07/15","凱基-台北",382,616,-234
"18663","2390云辰","110/07/15","元大證券",1006,25,981
"18664","2390云辰","110/07/15","富邦-陽明",69,265,-196
"18665","2390云辰","110/07/15","元大-天母",456,20,436
"18666","2390云辰","110/07/15","永豐金-桃園",63,255,-192
"18667","2390云辰","110/07/15","港商野村",975,675,300
"18668","2390云辰","110/07/15","富邦-仁愛",17,187,-170
"18669","2390云辰","110/07/15","摩根大通",1318,1040,278
"18670","2390云辰","110/07/15","日盛-和美",2,165,-163
"18671","2390云辰","110/07/15","國票-博愛",184,7,177
"18672","2390云辰","110/07/15","國泰-敦南",142,290,-148
"18673","2390云辰","110/07/15","群益金鼎-大甲",113,13,100
"18674","2390云辰","110/07/15","台灣摩根士丹利",51,197,-146
"18675","2390云辰","110/07/15","凱基-大直",89,2,87
"18676","2390云辰","110/07/15","國票-嘉義",4,148,-144
"18677","2390云辰","110/07/15","玉山-台中",77,8,69
"18678","2390云辰","110/07/15","台中銀",8,139,-131
"18679","2390云辰","110/07/15","聯邦商銀",70,4,66
"18680","2390云辰","110/07/15","元大-彰化民生",7,138,-131
"18681","2390云辰","110/07/15","元大-大里",88,25,63
"18682","2390云辰","110/07/15","元富-成功",2,111,-109
"18683","2390云辰","110/07/15","富邦-嘉義",542,480,62
"18684","2390云辰","110/07/15","元大-東泰",3,106,-103
"18685","2390云辰","110/07/15","新加坡商瑞銀",158,97,61
"18686","2390云辰","110/07/15","合庫-三重",1,102,-101
"18687","2390云辰","110/07/15","華南永昌-台中",86,35,51
"18688","2390云辰","110/07/15","元富-大裕",4,87,-83
"18689","2390云辰","110/07/15","群益金鼎",51,6,45
"18690","2390云辰","110/07/15","凱基-和平",17,96,-79
"18691","2363矽統","110/07/14","台灣摩根士丹利",463,0,463
"18692","2363矽統","110/07/14","新加坡商瑞銀",568,1321,-753
"18693","2363矽統","110/07/14","台新證券",750,342,408
"18694","2363矽統","110/07/14","瑞士信貸",149,864,-715
"18695","2363矽統","110/07/14","玉山-台中",363,51,312
"18696","2363矽統","110/07/14","台新-屏東",115,380,-265
"18697","2363矽統","110/07/14","元大-斗六",223,25,198
"18698","2363矽統","110/07/14","永豐金證券",16,265,-249
"18699","2363矽統","110/07/14","華南永昌-朴子",208,38,170
"18700","2363矽統","110/07/14","美林",462,701,-239
"18701","2363矽統","110/07/14","元富-西松",169,12,157
"18702","2363矽統","110/07/14","宏遠-桃園",269,500,-231
"18703","2363矽統","110/07/14","永豐金-大園",146,6,140
"18704","2363矽統","110/07/14","凱基-竹北",36,254,-218
"18705","2363矽統","110/07/14","土銀-和平",134,0,134
"18706","2363矽統","110/07/14","港商法國興業",0,214,-214
"18707","2363矽統","110/07/14","富邦-新營",130,13,117
"18708","2363矽統","110/07/14","港商野村",835,1044,-209
"18709","2363矽統","110/07/14","元富-成功",118,11,107
"18710","2363矽統","110/07/14","北城證券",212,411,-199
"18711","2363矽統","110/07/14","元富-烏日",121,18,103
"18712","2363矽統","110/07/14","(牛牛牛)亞-鑫豐",51,241,-190
"18713","2363矽統","110/07/14","日盛-二林",120,18,102
"18714","2363矽統","110/07/14","國票-博愛",24,213,-189
"18715","2363矽統","110/07/14","兆豐-忠孝",98,2,96
"18716","2363矽統","110/07/14","大慶-蘆洲",134,316,-182
"18717","2363矽統","110/07/14","大慶-楊梅",92,3,89
"18718","2363矽統","110/07/14","彰銀-台中",15,193,-178
"18719","2363矽統","110/07/14","元富-三重",120,33,87
"18720","2363矽統","110/07/14","日盛-和美",18,185,-167
"18721","8112至上","110/07/14","新加坡商瑞銀",223,17,206
"18722","8112至上","110/07/14","瑞士信貸",8,170,-162
"18723","8112至上","110/07/14","摩根大通",285,129,156
"18724","8112至上","110/07/14","美林",55,202,-147
"18725","8112至上","110/07/14","花旗環球",124,0,124
"18726","8112至上","110/07/14","凱基-台北",325,436,-111
"18727","8112至上","110/07/14","兆豐-公益",117,4,113
"18728","8112至上","110/07/14","台中銀-台北",0,98,-98
"18729","8112至上","110/07/14","香港上海匯豐",111,0,111
"18730","8112至上","110/07/14","玉山-台大",17,107,-90
"18731","8112至上","110/07/14","永豐金-內湖",117,21,96
"18732","8112至上","110/07/14","康和-內湖",1,90,-89
"18733","8112至上","110/07/14","台灣摩根士丹利",108,16,92
"18734","8112至上","110/07/14","港商野村",21,84,-63
"18735","8112至上","110/07/14","元大-東蘆",77,0,77
"18736","8112至上","110/07/14","兆豐-北高雄",1,60,-59
"18737","8112至上","110/07/14","新光",108,48,60
"18738","8112至上","110/07/14","群益金鼎-海山",1,52,-51
"18739","8112至上","110/07/14","大慶-蘆洲",59,0,59
"18740","8112至上","110/07/14","群益金鼎-大安",0,50,-50
"18741","8112至上","110/07/14","華南永昌-台中",56,3,53
"18742","8112至上","110/07/14","富邦-仁愛",2,49,-47
"18743","8112至上","110/07/14","土銀-嘉義",52,2,50
"18744","8112至上","110/07/14","元大-金華",0,42,-42
"18745","8112至上","110/07/14","美商高盛",40,0,40
"18746","8112至上","110/07/14","元大-內湖",4,43,-39
"18747","8112至上","110/07/14","臺銀",63,29,34
"18748","8112至上","110/07/14","第一金-華江",2,37,-35
"18749","8112至上","110/07/14","元富-嘉義",31,0,31
"18750","8112至上","110/07/14","永豐金-苓雅",2,34,-32
"18751","1570力肯","110/07/14","國票-北高雄",68,0,68
"18752","1570力肯","110/07/14","摩根大通",0,21,-21
"18753","1570力肯","110/07/14","日盛-八德",30,1,29
"18754","1570力肯","110/07/14","新光",1,19,-18
"18755","1570力肯","110/07/14","玉山-高雄",7,0,7
"18756","1570力肯","110/07/14","(牛牛牛)亞-鑫豐",0,17,-17
"18757","1570力肯","110/07/14","臺銀-臺南",5,0,5
"18758","1570力肯","110/07/14","日盛-士林",0,10,-10
"18759","1570力肯","110/07/14","凱基-三峽",5,0,5
"18760","1570力肯","110/07/14","統一-員林",0,10,-10
"18761","1570力肯","110/07/14","元大-和平",5,0,5
"18762","1570力肯","110/07/14","國票-新莊",0,10,-10
"18763","1570力肯","110/07/14","合庫-三重",4,0,4
"18764","1570力肯","110/07/14","凱基-高美館",0,10,-10
"18765","1570力肯","110/07/14","瑞士信貸",4,0,4
"18766","1570力肯","110/07/14","元大-屏東民生",0,5,-5
"18767","1570力肯","110/07/14","統一-三多",4,0,4
"18768","1570力肯","110/07/14","元大-古亭",0,5,-5
"18769","1570力肯","110/07/14","華南永昌-古亭",4,0,4
"18770","1570力肯","110/07/14","日盛-木柵",0,4,-4
"18771","1570力肯","110/07/14","元大-高雄",3,0,3
"18772","1570力肯","110/07/14","大昌",0,4,-4
"18773","1570力肯","110/07/14","兆豐-忠孝",2,0,2
"18774","1570力肯","110/07/14","群益金鼎-東大",0,4,-4
"18775","1570力肯","110/07/14","富邦-陽明",2,0,2
"18776","1570力肯","110/07/14","凱基-台北",0,4,-4
"18777","1570力肯","110/07/14","元大-松山",2,0,2
"18778","1570力肯","110/07/14","元大-板橋",0,4,-4
"18779","1570力肯","110/07/14","元大-忠孝",2,0,2
"18780","1570力肯","110/07/14","第一金-中山",0,3,-3
"18781","2929淘帝","110/07/14","華南永昌-林口",60,0,60
"18782","2929淘帝","110/07/14","群益金鼎",25,540,-515
"18783","2929淘帝","110/07/14","美林",87,31,56
"18784","2929淘帝","110/07/14","國泰-台南",1,30,-29
"18785","2929淘帝","110/07/14","元富-台南",40,0,40
"18786","2929淘帝","110/07/14","宏遠-桃園",0,20,-20
"18787","2929淘帝","110/07/14","元大-民生",39,0,39
"18788","2929淘帝","110/07/14","摩根大通",11,31,-20
"18789","2929淘帝","110/07/14","臺銀-鳳山",34,0,34
"18790","2929淘帝","110/07/14","台新-建北",5,20,-15
"18791","2929淘帝","110/07/14","合庫-高雄",34,1,33
"18792","2929淘帝","110/07/14","新光",1,16,-15
"18793","2929淘帝","110/07/14","華南永昌-鶯歌",28,0,28
"18794","2929淘帝","110/07/14","玉山-板橋",0,15,-15
"18795","2929淘帝","110/07/14","永興",25,0,25
"18796","2929淘帝","110/07/14","凱基-羅東",0,15,-15
"18797","2929淘帝","110/07/14","元大-新盛",25,1,24
"18798","2929淘帝","110/07/14","元大-頭份",0,15,-15
"18799","2929淘帝","110/07/14","日盛-南京",23,0,23
"18800","2929淘帝","110/07/14","第一金-台南",0,13,-13
"18801","2929淘帝","110/07/14","日茂",20,0,20
"18802","2929淘帝","110/07/14","富邦-基隆",0,12,-12
"18803","2929淘帝","110/07/14","台新-台中",20,0,20
"18804","2929淘帝","110/07/14","日茂-南投",1,12,-11
"18805","2929淘帝","110/07/14","華南永昌",20,0,20
"18806","2929淘帝","110/07/14","元大-豐原站前",0,11,-11
"18807","2929淘帝","110/07/14","福勝",15,0,15
"18808","2929淘帝","110/07/14","玉山-士林",0,10,-10
"18809","2929淘帝","110/07/14","富邦-南屯",15,0,15
"18810","2929淘帝","110/07/14","富邦-台北",0,10,-10
"18811","5410國眾","110/07/14","兆豐-城中",35,0,35
"18812","5410國眾","110/07/14","瑞士信貸",0,29,-29
"18813","5410國眾","110/07/14","新光",21,1,20
"18814","5410國眾","110/07/14","國泰-板橋",1,30,-29
"18815","5410國眾","110/07/14","國泰-敦南",21,1,20
"18816","5410國眾","110/07/14","日盛-高雄",0,20,-20
"18817","5410國眾","110/07/14","國泰-台中",20,1,19
"18818","5410國眾","110/07/14","台新-左楠",1,20,-19
"18819","5410國眾","110/07/14","元大-崇德",19,0,19
"18820","5410國眾","110/07/14","元富-大昌",1,18,-17
"18821","5410國眾","110/07/14","土銀-士林",18,0,18
"18822","5410國眾","110/07/14","富邦-建國",0,15,-15
"18823","5410國眾","110/07/14","元大-新盛",20,2,18
"18824","5410國眾","110/07/14","元富-嘉義",0,12,-12
"18825","5410國眾","110/07/14","兆豐-高雄",15,0,15
"18826","5410國眾","110/07/14","永全-南崁",0,12,-12
"18827","5410國眾","110/07/14","宏遠-中和",10,0,10
"18828","5410國眾","110/07/14","元大-員林",0,11,-11
"18829","5410國眾","110/07/14","新光-桃園",10,0,10
"18830","5410國眾","110/07/14","高橋",0,10,-10
"18831","5410國眾","110/07/14","國泰-台南",10,0,10
"18832","5410國眾","110/07/14","永興",0,10,-10
"18833","5410國眾","110/07/14","元大-復北",10,0,10
"18834","5410國眾","110/07/14","華南永昌-三重",0,10,-10
"18835","5410國眾","110/07/14","元大-竹科",8,0,8
"18836","5410國眾","110/07/14","元大-苑裡",0,7,-7
"18837","5410國眾","110/07/14","台新-新營",6,0,6
"18838","5410國眾","110/07/14","港商野村",0,6,-6
"18839","5410國眾","110/07/14","日盛-士林",5,0,5
"18840","5410國眾","110/07/14","摩根大通",5,11,-6
"18841","2841台開","110/07/14","凱基-文心",73,0,73
"18842","2841台開","110/07/14","國泰-敦南",0,50,-50
"18843","2841台開","110/07/14","元富-潮州",30,0,30
"18844","2841台開","110/07/14","凱基-中壢",0,40,-40
"18845","2841台開","110/07/14","第一金-台中",20,0,20
"18846","2841台開","110/07/14","統一-新竹",0,24,-24
"18847","2841台開","110/07/14","華南永昌-新莊",20,0,20
"18848","2841台開","110/07/14","元富-草屯",0,20,-20
"18849","2841台開","110/07/14","永豐金-豐原",20,0,20
"18850","2841台開","110/07/14","台新-台南",0,20,-20
"18851","2841台開","110/07/14","國泰-館前",15,0,15
"18852","2841台開","110/07/14","永豐金-敦南",45,63,-18
"18853","2841台開","110/07/14","群益金鼎-基隆",12,0,12
"18854","2841台開","110/07/14","國票-北高雄",0,13,-13
"18855","2841台開","110/07/14","日盛-信義",10,0,10
"18856","2841台開","110/07/14","凱基-松山",0,10,-10
"18857","2841台開","110/07/14","台新-台中",10,0,10
"18858","2841台開","110/07/14","元大證券",0,10,-10
"18859","2841台開","110/07/14","新光",10,1,9
"18860","2841台開","110/07/14","元大-中壢",0,10,-10
"18861","2841台開","110/07/14","凱基-新店",8,0,8
"18862","2841台開","110/07/14","富邦-陽明",1,10,-9
"18863","2841台開","110/07/14","元大-斗信",7,0,7
"18864","2841台開","110/07/14","富邦-建國",0,9,-9
"18865","2841台開","110/07/14","元大-三重",6,0,6
"18866","2841台開","110/07/14","富邦-台南",0,8,-8
"18867","2841台開","110/07/14","永豐金-中和",6,0,6
"18868","2841台開","110/07/14","康和-澎湖",0,7,-7
"18869","2841台開","110/07/14","元富-成功",5,0,5
"18870","2841台開","110/07/14","日盛-斗六",0,6,-6
"18871","6207雷科","110/07/14","群益金鼎-台北",60,0,60
"18872","6207雷科","110/07/14","新加坡商瑞銀",10,56,-46
"18873","6207雷科","110/07/14","台新-高雄",43,3,40
"18874","6207雷科","110/07/14","國票-中和",0,41,-41
"18875","6207雷科","110/07/14","元大-高雄",19,0,19
"18876","6207雷科","110/07/14","元大-復北",0,33,-33
"18877","6207雷科","110/07/14","福勝",15,0,15
"18878","6207雷科","110/07/14","光和-和美",0,20,-20
"18879","6207雷科","110/07/14","群益金鼎-中山",15,0,15
"18880","6207雷科","110/07/14","群益金鼎-丹鳳",0,20,-20
"18881","6207雷科","110/07/14","元大-林園",15,0,15
"18882","6207雷科","110/07/14","第一金-路竹",0,10,-10
"18883","6207雷科","110/07/14","新光",12,0,12
"18884","6207雷科","110/07/14","元大-歸仁",0,10,-10
"18885","6207雷科","110/07/14","元大-大天母",10,0,10
"18886","6207雷科","110/07/14","宏遠-館前",0,9,-9
"18887","6207雷科","110/07/14","永豐金-忠孝",9,0,9
"18888","6207雷科","110/07/14","凱基-台北",12,20,-8
"18889","6207雷科","110/07/14","永豐金-新店",7,0,7
"18890","6207雷科","110/07/14","美林",0,7,-7
"18891","6207雷科","110/07/14","玉山-嘉義",6,0,6
"18892","6207雷科","110/07/14","摩根大通",16,23,-7
"18893","6207雷科","110/07/14","元大-屏東",6,0,6
"18894","6207雷科","110/07/14","凱基-高雄",1,7,-6
"18895","6207雷科","110/07/14","凱基-大安",5,0,5
"18896","6207雷科","110/07/14","台中銀-豐原",0,5,-5
"18897","6207雷科","110/07/14","富邦-台南",5,0,5
"18898","6207雷科","110/07/14","元大-新竹經國",0,5,-5
"18899","6207雷科","110/07/14","元大-成功",5,0,5
"18900","6207雷科","110/07/14","光和-田中",0,4,-4
"18901","3679新至陞","110/07/14","凱基-台北",31,6,25
"18902","3679新至陞","110/07/14","群益金鼎-東大",0,15,-15
"18903","3679新至陞","110/07/14","華南永昌-新莊",10,0,10
"18904","3679新至陞","110/07/14","瑞士信貸",0,12,-12
"18905","3679新至陞","110/07/14","新加坡商瑞銀",11,3,8
"18906","3679新至陞","110/07/14","群益金鼎-永和",0,10,-10
"18907","3679新至陞","110/07/14","美商高盛",6,0,6
"18908","3679新至陞","110/07/14","元大-成功",5,15,-10
"18909","3679新至陞","110/07/14","第一金-中壢",6,0,6
"18910","3679新至陞","110/07/14","統一-板橋",1,10,-9
"18911","3679新至陞","110/07/14","(牛牛牛)亞-網路",4,0,4
"18912","3679新至陞","110/07/14","玉山-左營",0,5,-5
"18913","3679新至陞","110/07/14","元大-六合",3,0,3
"18914","3679新至陞","110/07/14","群益金鼎-三民",0,4,-4
"18915","3679新至陞","110/07/14","合庫-自強",2,0,2
"18916","3679新至陞","110/07/14","富邦-宜蘭",0,4,-4
"18917","3679新至陞","110/07/14","高橋-內壢",2,0,2
"18918","3679新至陞","110/07/14","永豐金-苓雅",0,3,-3
"18919","3679新至陞","110/07/14","台中銀-員林",2,0,2
"18920","3679新至陞","110/07/14","摩根大通",5,7,-2
"18921","3679新至陞","110/07/14","凱基-高美館",2,0,2
"18922","3679新至陞","110/07/14","元大-板橋三民",0,2,-2
"18923","3679新至陞","110/07/14","元大-福營",2,0,2
"18924","3679新至陞","110/07/14","宏遠-中和",0,1,-1
"18925","3679新至陞","110/07/14","永豐金-松山",2,0,2
"18926","3679新至陞","110/07/14","元富-佳里",0,1,-1
"18927","3679新至陞","110/07/14","永豐金-萬盛",2,0,2
"18928","3679新至陞","110/07/14","(牛牛牛)亞-鑫豐",0,1,-1
"18929","3679新至陞","110/07/14","元富-松德",1,0,1
"18930","3679新至陞","110/07/14","中國信託-中壢",0,1,-1
"18931","2727王品","110/07/14","富邦-左營",102,1,101
"18932","2727王品","110/07/14","統一-城中",100,234,-134
"18933","2727王品","110/07/14","國泰-板橋",105,11,94
"18934","2727王品","110/07/14","富邦-台北",1,125,-124
"18935","2727王品","110/07/14","港商野村",149,72,77
"18936","2727王品","110/07/14","台灣摩根士丹利",1,48,-47
"18937","2727王品","110/07/14","合庫-台中",66,2,64
"18938","2727王品","110/07/14","國票-新莊",0,40,-40
"18939","2727王品","110/07/14","臺銀-金山",63,8,55
"18940","2727王品","110/07/14","永豐金-忠孝",2,39,-37
"18941","2727王品","110/07/14","摩根大通",83,39,44
"18942","2727王品","110/07/14","富邦-彰化",1,34,-33
"18943","2727王品","110/07/14","凱基-台北",84,42,42
"18944","2727王品","110/07/14","康和-高雄",0,30,-30
"18945","2727王品","110/07/14","土銀-台中",35,1,34
"18946","2727王品","110/07/14","安泰",0,26,-26
"18947","2727王品","110/07/14","華南永昌-麻豆",32,1,31
"18948","2727王品","110/07/14","富邦-新竹華信",0,21,-21
"18949","2727王品","110/07/14","元大證券",85,55,30
"18950","2727王品","110/07/14","元大-南崁",1,22,-21
"18951","2727王品","110/07/14","新加坡商瑞銀",40,15,25
"18952","2727王品","110/07/14","彰銀-台中",0,18,-18
"18953","2727王品","110/07/14","日盛-八德",19,0,19
"18954","2727王品","110/07/14","元富-同大",2,20,-18
"18955","2727王品","110/07/14","統一",35,17,18
"18956","2727王品","110/07/14","玉山-嘉義",1,17,-16
"18957","2727王品","110/07/14","元富-大昌",18,1,17
"18958","2727王品","110/07/14","國泰-館前",4,20,-16
"18959","2727王品","110/07/14","玉山-板橋",15,1,14
"18960","2727王品","110/07/14","第一金-嘉義",1,13,-12
"18961","1570力肯","110/07/14","國票-北高雄",68,0,68
"18962","1570力肯","110/07/14","摩根大通",0,21,-21
"18963","1570力肯","110/07/14","日盛-八德",30,1,29
"18964","1570力肯","110/07/14","新光",1,19,-18
"18965","1570力肯","110/07/14","玉山-高雄",7,0,7
"18966","1570力肯","110/07/14","(牛牛牛)亞-鑫豐",0,17,-17
"18967","1570力肯","110/07/14","臺銀-臺南",5,0,5
"18968","1570力肯","110/07/14","日盛-士林",0,10,-10
"18969","1570力肯","110/07/14","凱基-三峽",5,0,5
"18970","1570力肯","110/07/14","統一-員林",0,10,-10
"18971","1570力肯","110/07/14","元大-和平",5,0,5
"18972","1570力肯","110/07/14","國票-新莊",0,10,-10
"18973","1570力肯","110/07/14","合庫-三重",4,0,4
"18974","1570力肯","110/07/14","凱基-高美館",0,10,-10
"18975","1570力肯","110/07/14","瑞士信貸",4,0,4
"18976","1570力肯","110/07/14","元大-屏東民生",0,5,-5
"18977","1570力肯","110/07/14","統一-三多",4,0,4
"18978","1570力肯","110/07/14","元大-古亭",0,5,-5
"18979","1570力肯","110/07/14","華南永昌-古亭",4,0,4
"18980","1570力肯","110/07/14","日盛-木柵",0,4,-4
"18981","1570力肯","110/07/14","元大-高雄",3,0,3
"18982","1570力肯","110/07/14","大昌",0,4,-4
"18983","1570力肯","110/07/14","兆豐-忠孝",2,0,2
"18984","1570力肯","110/07/14","群益金鼎-東大",0,4,-4
"18985","1570力肯","110/07/14","富邦-陽明",2,0,2
"18986","1570力肯","110/07/14","凱基-台北",0,4,-4
"18987","1570力肯","110/07/14","元大-松山",2,0,2
"18988","1570力肯","110/07/14","元大-板橋",0,4,-4
"18989","1570力肯","110/07/14","元大-忠孝",2,0,2
"18990","1570力肯","110/07/14","第一金-中山",0,3,-3
"18991","6180橘子","110/07/14","新加坡商瑞銀",84,28,56
"18992","6180橘子","110/07/14","凱基-台北",4,37,-33
"18993","6180橘子","110/07/14","日盛-信義",29,1,28
"18994","6180橘子","110/07/14","玉山-台南",1,22,-21
"18995","6180橘子","110/07/14","豐農",28,4,24
"18996","6180橘子","110/07/14","日盛-新竹",1,21,-20
"18997","6180橘子","110/07/14","新光-新竹",24,1,23
"18998","6180橘子","110/07/14","元富-潮州",0,19,-19
"18999","6180橘子","110/07/14","華南永昌-高雄",20,0,20
"19000","6180橘子","110/07/14","元大-信義",0,17,-17
"19001","6180橘子","110/07/14","元大-羅東",20,0,20
"19002","6180橘子","110/07/14","台灣企銀-台中",1,16,-15
"19003","6180橘子","110/07/14","元大-台中中港",20,0,20
"19004","6180橘子","110/07/14","元大-北港",0,15,-15
"19005","6180橘子","110/07/14","富邦-嘉義",24,5,19
"19006","6180橘子","110/07/14","富邦-高雄",0,14,-14
"19007","6180橘子","110/07/14","富邦-仁愛",15,0,15
"19008","6180橘子","110/07/14","兆豐-埔墘",0,13,-13
"19009","6180橘子","110/07/14","國票-九鼎",13,0,13
"19010","6180橘子","110/07/14","第一金-中山",0,10,-10
"19011","6180橘子","110/07/14","日盛-木柵",12,0,12
"19012","6180橘子","110/07/14","元大-彰化民生",0,10,-10
"19013","6180橘子","110/07/14","元大-成功",10,0,10
"19014","6180橘子","110/07/14","福勝",1,10,-9
"19015","6180橘子","110/07/14","港商野村",10,2,8
"19016","6180橘子","110/07/14","群益金鼎-丹鳳",1,10,-9
"19017","6180橘子","110/07/14","玉山-左營",8,0,8
"19018","6180橘子","110/07/14","群益金鼎-板橋",0,8,-8
"19019","6180橘子","110/07/14","富邦-陽明",16,8,8
"19020","6180橘子","110/07/14","合庫-鳳山",0,7,-7
"19021","2390云辰","110/07/14","摩根大通",995,198,797
"19022","2390云辰","110/07/14","新加坡商瑞銀",28,399,-371
"19023","2390云辰","110/07/14","美林",383,22,361
"19024","2390云辰","110/07/14","凱基-新豐",3,198,-195
"19025","2390云辰","110/07/14","台灣摩根士丹利",684,358,326
"19026","2390云辰","110/07/14","元大-士林",1,152,-151
"19027","2390云辰","110/07/14","凱基-台北",656,402,254
"19028","2390云辰","110/07/14","元大-竹山",80,181,-101
"19029","2390云辰","110/07/14","日盛-和美",110,5,105
"19030","2390云辰","110/07/14","群益金鼎-開元",19,95,-76
"19031","2390云辰","110/07/14","元大-天母",72,0,72
"19032","2390云辰","110/07/14","新光",77,150,-73
"19033","2390云辰","110/07/14","永豐金-松山",57,0,57
"19034","2390云辰","110/07/14","元富-高雄",0,71,-71
"19035","2390云辰","110/07/14","統一-屏東",53,0,53
"19036","2390云辰","110/07/14","元大-土城學府",130,201,-71
"19037","2390云辰","110/07/14","港商野村",486,450,36
"19038","2390云辰","110/07/14","元大-善化",12,76,-64
"19039","2390云辰","110/07/14","致和-崇德",30,0,30
"19040","2390云辰","110/07/14","華南永昌-岡山",23,81,-58
"19041","2390云辰","110/07/14","富邦-台北",40,14,26
"19042","2390云辰","110/07/14","群益金鼎-大興",82,125,-43
"19043","2390云辰","110/07/14","台新-高雄",38,13,25
"19044","2390云辰","110/07/14","大慶-中壢",0,41,-41
"19045","2390云辰","110/07/14","富邦-板橋",32,7,25
"19046","2390云辰","110/07/14","玉山-板橋",6,47,-41
"19047","2390云辰","110/07/14","陽信-石牌",24,0,24
"19048","2390云辰","110/07/14","富邦-台東",2,42,-40
"19049","2390云辰","110/07/14","凱基-屏東",32,8,24
"19050","2390云辰","110/07/14","元大-新營",3,42,-39
"19051","2363矽統","110/07/14","台灣摩根士丹利",463,0,463
"19052","2363矽統","110/07/14","新加坡商瑞銀",568,1321,-753
"19053","2363矽統","110/07/14","台新證券",750,342,408
"19054","2363矽統","110/07/14","瑞士信貸",149,864,-715
"19055","2363矽統","110/07/14","玉山-台中",363,51,312
"19056","2363矽統","110/07/14","台新-屏東",115,380,-265
"19057","2363矽統","110/07/14","元大-斗六",223,25,198
"19058","2363矽統","110/07/14","永豐金證券",16,265,-249
"19059","2363矽統","110/07/14","華南永昌-朴子",208,38,170
"19060","2363矽統","110/07/14","美林",462,701,-239
"19061","2363矽統","110/07/14","元富-西松",169,12,157
"19062","2363矽統","110/07/14","宏遠-桃園",269,500,-231
"19063","2363矽統","110/07/14","永豐金-大園",146,6,140
"19064","2363矽統","110/07/14","凱基-竹北",36,254,-218
"19065","2363矽統","110/07/14","土銀-和平",134,0,134
"19066","2363矽統","110/07/14","港商法國興業",0,214,-214
"19067","2363矽統","110/07/14","富邦-新營",130,13,117
"19068","2363矽統","110/07/14","港商野村",835,1044,-209
"19069","2363矽統","110/07/14","元富-成功",118,11,107
"19070","2363矽統","110/07/14","北城證券",212,411,-199
"19071","2363矽統","110/07/14","元富-烏日",121,18,103
"19072","2363矽統","110/07/14","(牛牛牛)亞-鑫豐",51,241,-190
"19073","2363矽統","110/07/14","日盛-二林",120,18,102
"19074","2363矽統","110/07/14","國票-博愛",24,213,-189
"19075","2363矽統","110/07/14","兆豐-忠孝",98,2,96
"19076","2363矽統","110/07/14","大慶-蘆洲",134,316,-182
"19077","2363矽統","110/07/14","大慶-楊梅",92,3,89
"19078","2363矽統","110/07/14","彰銀-台中",15,193,-178
"19079","2363矽統","110/07/14","元富-三重",120,33,87
"19080","2363矽統","110/07/14","日盛-和美",18,185,-167
"19081","8112至上","110/07/14","新加坡商瑞銀",223,17,206
"19082","8112至上","110/07/14","瑞士信貸",8,170,-162
"19083","8112至上","110/07/14","摩根大通",285,129,156
"19084","8112至上","110/07/14","美林",55,202,-147
"19085","8112至上","110/07/14","花旗環球",124,0,124
"19086","8112至上","110/07/14","凱基-台北",325,436,-111
"19087","8112至上","110/07/14","兆豐-公益",117,4,113
"19088","8112至上","110/07/14","台中銀-台北",0,98,-98
"19089","8112至上","110/07/14","香港上海匯豐",111,0,111
"19090","8112至上","110/07/14","玉山-台大",17,107,-90
"19091","8112至上","110/07/14","永豐金-內湖",117,21,96
"19092","8112至上","110/07/14","康和-內湖",1,90,-89
"19093","8112至上","110/07/14","台灣摩根士丹利",108,16,92
"19094","8112至上","110/07/14","港商野村",21,84,-63
"19095","8112至上","110/07/14","元大-東蘆",77,0,77
"19096","8112至上","110/07/14","兆豐-北高雄",1,60,-59
"19097","8112至上","110/07/14","新光",108,48,60
"19098","8112至上","110/07/14","群益金鼎-海山",1,52,-51
"19099","8112至上","110/07/14","大慶-蘆洲",59,0,59
"19100","8112至上","110/07/14","群益金鼎-大安",0,50,-50
"19101","8112至上","110/07/14","華南永昌-台中",56,3,53
"19102","8112至上","110/07/14","富邦-仁愛",2,49,-47
"19103","8112至上","110/07/14","土銀-嘉義",52,2,50
"19104","8112至上","110/07/14","元大-金華",0,42,-42
"19105","8112至上","110/07/14","美商高盛",40,0,40
"19106","8112至上","110/07/14","元大-內湖",4,43,-39
"19107","8112至上","110/07/14","臺銀",63,29,34
"19108","8112至上","110/07/14","第一金-華江",2,37,-35
"19109","8112至上","110/07/14","元富-嘉義",31,0,31
"19110","8112至上","110/07/14","永豐金-苓雅",2,34,-32
"19111","1570力肯","110/07/14","國票-北高雄",68,0,68
"19112","1570力肯","110/07/14","摩根大通",0,21,-21
"19113","1570力肯","110/07/14","日盛-八德",30,1,29
"19114","1570力肯","110/07/14","新光",1,19,-18
"19115","1570力肯","110/07/14","玉山-高雄",7,0,7
"19116","1570力肯","110/07/14","(牛牛牛)亞-鑫豐",0,17,-17
"19117","1570力肯","110/07/14","臺銀-臺南",5,0,5
"19118","1570力肯","110/07/14","日盛-士林",0,10,-10
"19119","1570力肯","110/07/14","凱基-三峽",5,0,5
"19120","1570力肯","110/07/14","統一-員林",0,10,-10
"19121","1570力肯","110/07/14","元大-和平",5,0,5
"19122","1570力肯","110/07/14","國票-新莊",0,10,-10
"19123","1570力肯","110/07/14","合庫-三重",4,0,4
"19124","1570力肯","110/07/14","凱基-高美館",0,10,-10
"19125","1570力肯","110/07/14","瑞士信貸",4,0,4
"19126","1570力肯","110/07/14","元大-屏東民生",0,5,-5
"19127","1570力肯","110/07/14","統一-三多",4,0,4
"19128","1570力肯","110/07/14","元大-古亭",0,5,-5
"19129","1570力肯","110/07/14","華南永昌-古亭",4,0,4
"19130","1570力肯","110/07/14","日盛-木柵",0,4,-4
"19131","1570力肯","110/07/14","元大-高雄",3,0,3
"19132","1570力肯","110/07/14","大昌",0,4,-4
"19133","1570力肯","110/07/14","兆豐-忠孝",2,0,2
"19134","1570力肯","110/07/14","群益金鼎-東大",0,4,-4
"19135","1570力肯","110/07/14","富邦-陽明",2,0,2
"19136","1570力肯","110/07/14","凱基-台北",0,4,-4
"19137","1570力肯","110/07/14","元大-松山",2,0,2
"19138","1570力肯","110/07/14","元大-板橋",0,4,-4
"19139","1570力肯","110/07/14","元大-忠孝",2,0,2
"19140","1570力肯","110/07/14","第一金-中山",0,3,-3
"19141","2929淘帝","110/07/14","華南永昌-林口",60,0,60
"19142","2929淘帝","110/07/14","群益金鼎",25,540,-515
"19143","2929淘帝","110/07/14","美林",87,31,56
"19144","2929淘帝","110/07/14","國泰-台南",1,30,-29
"19145","2929淘帝","110/07/14","元富-台南",40,0,40
"19146","2929淘帝","110/07/14","宏遠-桃園",0,20,-20
"19147","2929淘帝","110/07/14","元大-民生",39,0,39
"19148","2929淘帝","110/07/14","摩根大通",11,31,-20
"19149","2929淘帝","110/07/14","臺銀-鳳山",34,0,34
"19150","2929淘帝","110/07/14","台新-建北",5,20,-15
"19151","2929淘帝","110/07/14","合庫-高雄",34,1,33
"19152","2929淘帝","110/07/14","新光",1,16,-15
"19153","2929淘帝","110/07/14","華南永昌-鶯歌",28,0,28
"19154","2929淘帝","110/07/14","玉山-板橋",0,15,-15
"19155","2929淘帝","110/07/14","永興",25,0,25
"19156","2929淘帝","110/07/14","凱基-羅東",0,15,-15
"19157","2929淘帝","110/07/14","元大-新盛",25,1,24
"19158","2929淘帝","110/07/14","元大-頭份",0,15,-15
"19159","2929淘帝","110/07/14","日盛-南京",23,0,23
"19160","2929淘帝","110/07/14","第一金-台南",0,13,-13
"19161","2929淘帝","110/07/14","日茂",20,0,20
"19162","2929淘帝","110/07/14","富邦-基隆",0,12,-12
"19163","2929淘帝","110/07/14","台新-台中",20,0,20
"19164","2929淘帝","110/07/14","日茂-南投",1,12,-11
"19165","2929淘帝","110/07/14","華南永昌",20,0,20
"19166","2929淘帝","110/07/14","元大-豐原站前",0,11,-11
"19167","2929淘帝","110/07/14","福勝",15,0,15
"19168","2929淘帝","110/07/14","玉山-士林",0,10,-10
"19169","2929淘帝","110/07/14","富邦-南屯",15,0,15
"19170","2929淘帝","110/07/14","富邦-台北",0,10,-10
"19171","5410國眾","110/07/14","兆豐-城中",35,0,35
"19172","5410國眾","110/07/14","瑞士信貸",0,29,-29
"19173","5410國眾","110/07/14","新光",21,1,20
"19174","5410國眾","110/07/14","國泰-板橋",1,30,-29
"19175","5410國眾","110/07/14","國泰-敦南",21,1,20
"19176","5410國眾","110/07/14","日盛-高雄",0,20,-20
"19177","5410國眾","110/07/14","國泰-台中",20,1,19
"19178","5410國眾","110/07/14","台新-左楠",1,20,-19
"19179","5410國眾","110/07/14","元大-崇德",19,0,19
"19180","5410國眾","110/07/14","元富-大昌",1,18,-17
"19181","5410國眾","110/07/14","土銀-士林",18,0,18
"19182","5410國眾","110/07/14","富邦-建國",0,15,-15
"19183","5410國眾","110/07/14","元大-新盛",20,2,18
"19184","5410國眾","110/07/14","元富-嘉義",0,12,-12
"19185","5410國眾","110/07/14","兆豐-高雄",15,0,15
"19186","5410國眾","110/07/14","永全-南崁",0,12,-12
"19187","5410國眾","110/07/14","宏遠-中和",10,0,10
"19188","5410國眾","110/07/14","元大-員林",0,11,-11
"19189","5410國眾","110/07/14","新光-桃園",10,0,10
"19190","5410國眾","110/07/14","高橋",0,10,-10
"19191","5410國眾","110/07/14","國泰-台南",10,0,10
"19192","5410國眾","110/07/14","永興",0,10,-10
"19193","5410國眾","110/07/14","元大-復北",10,0,10
"19194","5410國眾","110/07/14","華南永昌-三重",0,10,-10
"19195","5410國眾","110/07/14","元大-竹科",8,0,8
"19196","5410國眾","110/07/14","元大-苑裡",0,7,-7
"19197","5410國眾","110/07/14","台新-新營",6,0,6
"19198","5410國眾","110/07/14","港商野村",0,6,-6
"19199","5410國眾","110/07/14","日盛-士林",5,0,5
"19200","5410國眾","110/07/14","摩根大通",5,11,-6
"19201","2841台開","110/07/14","凱基-文心",73,0,73
"19202","2841台開","110/07/14","國泰-敦南",0,50,-50
"19203","2841台開","110/07/14","元富-潮州",30,0,30
"19204","2841台開","110/07/14","凱基-中壢",0,40,-40
"19205","2841台開","110/07/14","第一金-台中",20,0,20
"19206","2841台開","110/07/14","統一-新竹",0,24,-24
"19207","2841台開","110/07/14","華南永昌-新莊",20,0,20
"19208","2841台開","110/07/14","元富-草屯",0,20,-20
"19209","2841台開","110/07/14","永豐金-豐原",20,0,20
"19210","2841台開","110/07/14","台新-台南",0,20,-20
"19211","2841台開","110/07/14","國泰-館前",15,0,15
"19212","2841台開","110/07/14","永豐金-敦南",45,63,-18
"19213","2841台開","110/07/14","群益金鼎-基隆",12,0,12
"19214","2841台開","110/07/14","國票-北高雄",0,13,-13
"19215","2841台開","110/07/14","日盛-信義",10,0,10
"19216","2841台開","110/07/14","凱基-松山",0,10,-10
"19217","2841台開","110/07/14","台新-台中",10,0,10
"19218","2841台開","110/07/14","元大證券",0,10,-10
"19219","2841台開","110/07/14","新光",10,1,9
"19220","2841台開","110/07/14","元大-中壢",0,10,-10
"19221","2841台開","110/07/14","凱基-新店",8,0,8
"19222","2841台開","110/07/14","富邦-陽明",1,10,-9
"19223","2841台開","110/07/14","元大-斗信",7,0,7
"19224","2841台開","110/07/14","富邦-建國",0,9,-9
"19225","2841台開","110/07/14","元大-三重",6,0,6
"19226","2841台開","110/07/14","富邦-台南",0,8,-8
"19227","2841台開","110/07/14","永豐金-中和",6,0,6
"19228","2841台開","110/07/14","康和-澎湖",0,7,-7
"19229","2841台開","110/07/14","元富-成功",5,0,5
"19230","2841台開","110/07/14","日盛-斗六",0,6,-6
"19231","6207雷科","110/07/14","群益金鼎-台北",60,0,60
"19232","6207雷科","110/07/14","新加坡商瑞銀",10,56,-46
"19233","6207雷科","110/07/14","台新-高雄",43,3,40
"19234","6207雷科","110/07/14","國票-中和",0,41,-41
"19235","6207雷科","110/07/14","元大-高雄",19,0,19
"19236","6207雷科","110/07/14","元大-復北",0,33,-33
"19237","6207雷科","110/07/14","福勝",15,0,15
"19238","6207雷科","110/07/14","光和-和美",0,20,-20
"19239","6207雷科","110/07/14","群益金鼎-中山",15,0,15
"19240","6207雷科","110/07/14","群益金鼎-丹鳳",0,20,-20
"19241","6207雷科","110/07/14","元大-林園",15,0,15
"19242","6207雷科","110/07/14","第一金-路竹",0,10,-10
"19243","6207雷科","110/07/14","新光",12,0,12
"19244","6207雷科","110/07/14","元大-歸仁",0,10,-10
"19245","6207雷科","110/07/14","元大-大天母",10,0,10
"19246","6207雷科","110/07/14","宏遠-館前",0,9,-9
"19247","6207雷科","110/07/14","永豐金-忠孝",9,0,9
"19248","6207雷科","110/07/14","凱基-台北",12,20,-8
"19249","6207雷科","110/07/14","永豐金-新店",7,0,7
"19250","6207雷科","110/07/14","美林",0,7,-7
"19251","6207雷科","110/07/14","玉山-嘉義",6,0,6
"19252","6207雷科","110/07/14","摩根大通",16,23,-7
"19253","6207雷科","110/07/14","元大-屏東",6,0,6
"19254","6207雷科","110/07/14","凱基-高雄",1,7,-6
"19255","6207雷科","110/07/14","凱基-大安",5,0,5
"19256","6207雷科","110/07/14","台中銀-豐原",0,5,-5
"19257","6207雷科","110/07/14","富邦-台南",5,0,5
"19258","6207雷科","110/07/14","元大-新竹經國",0,5,-5
"19259","6207雷科","110/07/14","元大-成功",5,0,5
"19260","6207雷科","110/07/14","光和-田中",0,4,-4
"19261","3679新至陞","110/07/14","凱基-台北",31,6,25
"19262","3679新至陞","110/07/14","群益金鼎-東大",0,15,-15
"19263","3679新至陞","110/07/14","華南永昌-新莊",10,0,10
"19264","3679新至陞","110/07/14","瑞士信貸",0,12,-12
"19265","3679新至陞","110/07/14","新加坡商瑞銀",11,3,8
"19266","3679新至陞","110/07/14","群益金鼎-永和",0,10,-10
"19267","3679新至陞","110/07/14","美商高盛",6,0,6
"19268","3679新至陞","110/07/14","元大-成功",5,15,-10
"19269","3679新至陞","110/07/14","第一金-中壢",6,0,6
"19270","3679新至陞","110/07/14","統一-板橋",1,10,-9
"19271","3679新至陞","110/07/14","(牛牛牛)亞-網路",4,0,4
"19272","3679新至陞","110/07/14","玉山-左營",0,5,-5
"19273","3679新至陞","110/07/14","元大-六合",3,0,3
"19274","3679新至陞","110/07/14","群益金鼎-三民",0,4,-4
"19275","3679新至陞","110/07/14","合庫-自強",2,0,2
"19276","3679新至陞","110/07/14","富邦-宜蘭",0,4,-4
"19277","3679新至陞","110/07/14","高橋-內壢",2,0,2
"19278","3679新至陞","110/07/14","永豐金-苓雅",0,3,-3
"19279","3679新至陞","110/07/14","台中銀-員林",2,0,2
"19280","3679新至陞","110/07/14","摩根大通",5,7,-2
"19281","3679新至陞","110/07/14","凱基-高美館",2,0,2
"19282","3679新至陞","110/07/14","元大-板橋三民",0,2,-2
"19283","3679新至陞","110/07/14","元大-福營",2,0,2
"19284","3679新至陞","110/07/14","宏遠-中和",0,1,-1
"19285","3679新至陞","110/07/14","永豐金-松山",2,0,2
"19286","3679新至陞","110/07/14","元富-佳里",0,1,-1
"19287","3679新至陞","110/07/14","永豐金-萬盛",2,0,2
"19288","3679新至陞","110/07/14","(牛牛牛)亞-鑫豐",0,1,-1
"19289","3679新至陞","110/07/14","元富-松德",1,0,1
"19290","3679新至陞","110/07/14","中國信託-中壢",0,1,-1
"19291","2727王品","110/07/14","富邦-左營",102,1,101
"19292","2727王品","110/07/14","統一-城中",100,234,-134
"19293","2727王品","110/07/14","國泰-板橋",105,11,94
"19294","2727王品","110/07/14","富邦-台北",1,125,-124
"19295","2727王品","110/07/14","港商野村",149,72,77
"19296","2727王品","110/07/14","台灣摩根士丹利",1,48,-47
"19297","2727王品","110/07/14","合庫-台中",66,2,64
"19298","2727王品","110/07/14","國票-新莊",0,40,-40
"19299","2727王品","110/07/14","臺銀-金山",63,8,55
"19300","2727王品","110/07/14","永豐金-忠孝",2,39,-37
"19301","2727王品","110/07/14","摩根大通",83,39,44
"19302","2727王品","110/07/14","富邦-彰化",1,34,-33
"19303","2727王品","110/07/14","凱基-台北",84,42,42
"19304","2727王品","110/07/14","康和-高雄",0,30,-30
"19305","2727王品","110/07/14","土銀-台中",35,1,34
"19306","2727王品","110/07/14","安泰",0,26,-26
"19307","2727王品","110/07/14","華南永昌-麻豆",32,1,31
"19308","2727王品","110/07/14","富邦-新竹華信",0,21,-21
"19309","2727王品","110/07/14","元大證券",85,55,30
"19310","2727王品","110/07/14","元大-南崁",1,22,-21
"19311","2727王品","110/07/14","新加坡商瑞銀",40,15,25
"19312","2727王品","110/07/14","彰銀-台中",0,18,-18
"19313","2727王品","110/07/14","日盛-八德",19,0,19
"19314","2727王品","110/07/14","元富-同大",2,20,-18
"19315","2727王品","110/07/14","統一",35,17,18
"19316","2727王品","110/07/14","玉山-嘉義",1,17,-16
"19317","2727王品","110/07/14","元富-大昌",18,1,17
"19318","2727王品","110/07/14","國泰-館前",4,20,-16
"19319","2727王品","110/07/14","玉山-板橋",15,1,14
"19320","2727王品","110/07/14","第一金-嘉義",1,13,-12
"19321","1570力肯","110/07/14","國票-北高雄",68,0,68
"19322","1570力肯","110/07/14","摩根大通",0,21,-21
"19323","1570力肯","110/07/14","日盛-八德",30,1,29
"19324","1570力肯","110/07/14","新光",1,19,-18
"19325","1570力肯","110/07/14","玉山-高雄",7,0,7
"19326","1570力肯","110/07/14","(牛牛牛)亞-鑫豐",0,17,-17
"19327","1570力肯","110/07/14","臺銀-臺南",5,0,5
"19328","1570力肯","110/07/14","日盛-士林",0,10,-10
"19329","1570力肯","110/07/14","凱基-三峽",5,0,5
"19330","1570力肯","110/07/14","統一-員林",0,10,-10
"19331","1570力肯","110/07/14","元大-和平",5,0,5
"19332","1570力肯","110/07/14","國票-新莊",0,10,-10
"19333","1570力肯","110/07/14","合庫-三重",4,0,4
"19334","1570力肯","110/07/14","凱基-高美館",0,10,-10
"19335","1570力肯","110/07/14","瑞士信貸",4,0,4
"19336","1570力肯","110/07/14","元大-屏東民生",0,5,-5
"19337","1570力肯","110/07/14","統一-三多",4,0,4
"19338","1570力肯","110/07/14","元大-古亭",0,5,-5
"19339","1570力肯","110/07/14","華南永昌-古亭",4,0,4
"19340","1570力肯","110/07/14","日盛-木柵",0,4,-4
"19341","1570力肯","110/07/14","元大-高雄",3,0,3
"19342","1570力肯","110/07/14","大昌",0,4,-4
"19343","1570力肯","110/07/14","兆豐-忠孝",2,0,2
"19344","1570力肯","110/07/14","群益金鼎-東大",0,4,-4
"19345","1570力肯","110/07/14","富邦-陽明",2,0,2
"19346","1570力肯","110/07/14","凱基-台北",0,4,-4
"19347","1570力肯","110/07/14","元大-松山",2,0,2
"19348","1570力肯","110/07/14","元大-板橋",0,4,-4
"19349","1570力肯","110/07/14","元大-忠孝",2,0,2
"19350","1570力肯","110/07/14","第一金-中山",0,3,-3
"19351","6180橘子","110/07/14","新加坡商瑞銀",84,28,56
"19352","6180橘子","110/07/14","凱基-台北",4,37,-33
"19353","6180橘子","110/07/14","日盛-信義",29,1,28
"19354","6180橘子","110/07/14","玉山-台南",1,22,-21
"19355","6180橘子","110/07/14","豐農",28,4,24
"19356","6180橘子","110/07/14","日盛-新竹",1,21,-20
"19357","6180橘子","110/07/14","新光-新竹",24,1,23
"19358","6180橘子","110/07/14","元富-潮州",0,19,-19
"19359","6180橘子","110/07/14","華南永昌-高雄",20,0,20
"19360","6180橘子","110/07/14","元大-信義",0,17,-17
"19361","6180橘子","110/07/14","元大-羅東",20,0,20
"19362","6180橘子","110/07/14","台灣企銀-台中",1,16,-15
"19363","6180橘子","110/07/14","元大-台中中港",20,0,20
"19364","6180橘子","110/07/14","元大-北港",0,15,-15
"19365","6180橘子","110/07/14","富邦-嘉義",24,5,19
"19366","6180橘子","110/07/14","富邦-高雄",0,14,-14
"19367","6180橘子","110/07/14","富邦-仁愛",15,0,15
"19368","6180橘子","110/07/14","兆豐-埔墘",0,13,-13
"19369","6180橘子","110/07/14","國票-九鼎",13,0,13
"19370","6180橘子","110/07/14","第一金-中山",0,10,-10
"19371","6180橘子","110/07/14","日盛-木柵",12,0,12
"19372","6180橘子","110/07/14","元大-彰化民生",0,10,-10
"19373","6180橘子","110/07/14","元大-成功",10,0,10
"19374","6180橘子","110/07/14","福勝",1,10,-9
"19375","6180橘子","110/07/14","港商野村",10,2,8
"19376","6180橘子","110/07/14","群益金鼎-丹鳳",1,10,-9
"19377","6180橘子","110/07/14","玉山-左營",8,0,8
"19378","6180橘子","110/07/14","群益金鼎-板橋",0,8,-8
"19379","6180橘子","110/07/14","富邦-陽明",16,8,8
"19380","6180橘子","110/07/14","合庫-鳳山",0,7,-7
"19381","2390云辰","110/07/14","摩根大通",995,198,797
"19382","2390云辰","110/07/14","新加坡商瑞銀",28,399,-371
"19383","2390云辰","110/07/14","美林",383,22,361
"19384","2390云辰","110/07/14","凱基-新豐",3,198,-195
"19385","2390云辰","110/07/14","台灣摩根士丹利",684,358,326
"19386","2390云辰","110/07/14","元大-士林",1,152,-151
"19387","2390云辰","110/07/14","凱基-台北",656,402,254
"19388","2390云辰","110/07/14","元大-竹山",80,181,-101
"19389","2390云辰","110/07/14","日盛-和美",110,5,105
"19390","2390云辰","110/07/14","群益金鼎-開元",19,95,-76
"19391","2390云辰","110/07/14","元大-天母",72,0,72
"19392","2390云辰","110/07/14","新光",77,150,-73
"19393","2390云辰","110/07/14","永豐金-松山",57,0,57
"19394","2390云辰","110/07/14","元富-高雄",0,71,-71
"19395","2390云辰","110/07/14","統一-屏東",53,0,53
"19396","2390云辰","110/07/14","元大-土城學府",130,201,-71
"19397","2390云辰","110/07/14","港商野村",486,450,36
"19398","2390云辰","110/07/14","元大-善化",12,76,-64
"19399","2390云辰","110/07/14","致和-崇德",30,0,30
"19400","2390云辰","110/07/14","華南永昌-岡山",23,81,-58
"19401","2390云辰","110/07/14","富邦-台北",40,14,26
"19402","2390云辰","110/07/14","群益金鼎-大興",82,125,-43
"19403","2390云辰","110/07/14","台新-高雄",38,13,25
"19404","2390云辰","110/07/14","大慶-中壢",0,41,-41
"19405","2390云辰","110/07/14","富邦-板橋",32,7,25
"19406","2390云辰","110/07/14","玉山-板橋",6,47,-41
"19407","2390云辰","110/07/14","陽信-石牌",24,0,24
"19408","2390云辰","110/07/14","富邦-台東",2,42,-40
"19409","2390云辰","110/07/14","凱基-屏東",32,8,24
"19410","2390云辰","110/07/14","元大-新營",3,42,-39
"19411","2363矽統","110/07/14","台灣摩根士丹利",463,0,463
"19412","2363矽統","110/07/14","新加坡商瑞銀",568,1321,-753
"19413","2363矽統","110/07/14","台新證券",750,342,408
"19414","2363矽統","110/07/14","瑞士信貸",149,864,-715
"19415","2363矽統","110/07/14","玉山-台中",363,51,312
"19416","2363矽統","110/07/14","台新-屏東",115,380,-265
"19417","2363矽統","110/07/14","元大-斗六",223,25,198
"19418","2363矽統","110/07/14","永豐金證券",16,265,-249
"19419","2363矽統","110/07/14","華南永昌-朴子",208,38,170
"19420","2363矽統","110/07/14","美林",462,701,-239
"19421","2363矽統","110/07/14","元富-西松",169,12,157
"19422","2363矽統","110/07/14","宏遠-桃園",269,500,-231
"19423","2363矽統","110/07/14","永豐金-大園",146,6,140
"19424","2363矽統","110/07/14","凱基-竹北",36,254,-218
"19425","2363矽統","110/07/14","土銀-和平",134,0,134
"19426","2363矽統","110/07/14","港商法國興業",0,214,-214
"19427","2363矽統","110/07/14","富邦-新營",130,13,117
"19428","2363矽統","110/07/14","港商野村",835,1044,-209
"19429","2363矽統","110/07/14","元富-成功",118,11,107
"19430","2363矽統","110/07/14","北城證券",212,411,-199
"19431","2363矽統","110/07/14","元富-烏日",121,18,103
"19432","2363矽統","110/07/14","(牛牛牛)亞-鑫豐",51,241,-190
"19433","2363矽統","110/07/14","日盛-二林",120,18,102
"19434","2363矽統","110/07/14","國票-博愛",24,213,-189
"19435","2363矽統","110/07/14","兆豐-忠孝",98,2,96
"19436","2363矽統","110/07/14","大慶-蘆洲",134,316,-182
"19437","2363矽統","110/07/14","大慶-楊梅",92,3,89
"19438","2363矽統","110/07/14","彰銀-台中",15,193,-178
"19439","2363矽統","110/07/14","元富-三重",120,33,87
"19440","2363矽統","110/07/14","日盛-和美",18,185,-167
"19441","8112至上","110/07/14","新加坡商瑞銀",223,17,206
"19442","8112至上","110/07/14","瑞士信貸",8,170,-162
"19443","8112至上","110/07/14","摩根大通",285,129,156
"19444","8112至上","110/07/14","美林",55,202,-147
"19445","8112至上","110/07/14","花旗環球",124,0,124
"19446","8112至上","110/07/14","凱基-台北",325,436,-111
"19447","8112至上","110/07/14","兆豐-公益",117,4,113
"19448","8112至上","110/07/14","台中銀-台北",0,98,-98
"19449","8112至上","110/07/14","香港上海匯豐",111,0,111
"19450","8112至上","110/07/14","玉山-台大",17,107,-90
"19451","8112至上","110/07/14","永豐金-內湖",117,21,96
"19452","8112至上","110/07/14","康和-內湖",1,90,-89
"19453","8112至上","110/07/14","台灣摩根士丹利",108,16,92
"19454","8112至上","110/07/14","港商野村",21,84,-63
"19455","8112至上","110/07/14","元大-東蘆",77,0,77
"19456","8112至上","110/07/14","兆豐-北高雄",1,60,-59
"19457","8112至上","110/07/14","新光",108,48,60
"19458","8112至上","110/07/14","群益金鼎-海山",1,52,-51
"19459","8112至上","110/07/14","大慶-蘆洲",59,0,59
"19460","8112至上","110/07/14","群益金鼎-大安",0,50,-50
"19461","8112至上","110/07/14","華南永昌-台中",56,3,53
"19462","8112至上","110/07/14","富邦-仁愛",2,49,-47
"19463","8112至上","110/07/14","土銀-嘉義",52,2,50
"19464","8112至上","110/07/14","元大-金華",0,42,-42
"19465","8112至上","110/07/14","美商高盛",40,0,40
"19466","8112至上","110/07/14","元大-內湖",4,43,-39
"19467","8112至上","110/07/14","臺銀",63,29,34
"19468","8112至上","110/07/14","第一金-華江",2,37,-35
"19469","8112至上","110/07/14","元富-嘉義",31,0,31
"19470","8112至上","110/07/14","永豐金-苓雅",2,34,-32
"19471","1570力肯","110/07/14","國票-北高雄",68,0,68
"19472","1570力肯","110/07/14","摩根大通",0,21,-21
"19473","1570力肯","110/07/14","日盛-八德",30,1,29
"19474","1570力肯","110/07/14","新光",1,19,-18
"19475","1570力肯","110/07/14","玉山-高雄",7,0,7
"19476","1570力肯","110/07/14","(牛牛牛)亞-鑫豐",0,17,-17
"19477","1570力肯","110/07/14","臺銀-臺南",5,0,5
"19478","1570力肯","110/07/14","日盛-士林",0,10,-10
"19479","1570力肯","110/07/14","凱基-三峽",5,0,5
"19480","1570力肯","110/07/14","統一-員林",0,10,-10
"19481","1570力肯","110/07/14","元大-和平",5,0,5
"19482","1570力肯","110/07/14","國票-新莊",0,10,-10
"19483","1570力肯","110/07/14","合庫-三重",4,0,4
"19484","1570力肯","110/07/14","凱基-高美館",0,10,-10
"19485","1570力肯","110/07/14","瑞士信貸",4,0,4
"19486","1570力肯","110/07/14","元大-屏東民生",0,5,-5
"19487","1570力肯","110/07/14","統一-三多",4,0,4
"19488","1570力肯","110/07/14","元大-古亭",0,5,-5
"19489","1570力肯","110/07/14","華南永昌-古亭",4,0,4
"19490","1570力肯","110/07/14","日盛-木柵",0,4,-4
"19491","1570力肯","110/07/14","元大-高雄",3,0,3
"19492","1570力肯","110/07/14","大昌",0,4,-4
"19493","1570力肯","110/07/14","兆豐-忠孝",2,0,2
"19494","1570力肯","110/07/14","群益金鼎-東大",0,4,-4
"19495","1570力肯","110/07/14","富邦-陽明",2,0,2
"19496","1570力肯","110/07/14","凱基-台北",0,4,-4
"19497","1570力肯","110/07/14","元大-松山",2,0,2
"19498","1570力肯","110/07/14","元大-板橋",0,4,-4
"19499","1570力肯","110/07/14","元大-忠孝",2,0,2
"19500","1570力肯","110/07/14","第一金-中山",0,3,-3
"19501","2929淘帝","110/07/14","華南永昌-林口",60,0,60
"19502","2929淘帝","110/07/14","群益金鼎",25,540,-515
"19503","2929淘帝","110/07/14","美林",87,31,56
"19504","2929淘帝","110/07/14","國泰-台南",1,30,-29
"19505","2929淘帝","110/07/14","元富-台南",40,0,40
"19506","2929淘帝","110/07/14","宏遠-桃園",0,20,-20
"19507","2929淘帝","110/07/14","元大-民生",39,0,39
"19508","2929淘帝","110/07/14","摩根大通",11,31,-20
"19509","2929淘帝","110/07/14","臺銀-鳳山",34,0,34
"19510","2929淘帝","110/07/14","台新-建北",5,20,-15
"19511","2929淘帝","110/07/14","合庫-高雄",34,1,33
"19512","2929淘帝","110/07/14","新光",1,16,-15
"19513","2929淘帝","110/07/14","華南永昌-鶯歌",28,0,28
"19514","2929淘帝","110/07/14","玉山-板橋",0,15,-15
"19515","2929淘帝","110/07/14","永興",25,0,25
"19516","2929淘帝","110/07/14","凱基-羅東",0,15,-15
"19517","2929淘帝","110/07/14","元大-新盛",25,1,24
"19518","2929淘帝","110/07/14","元大-頭份",0,15,-15
"19519","2929淘帝","110/07/14","日盛-南京",23,0,23
"19520","2929淘帝","110/07/14","第一金-台南",0,13,-13
"19521","2929淘帝","110/07/14","日茂",20,0,20
"19522","2929淘帝","110/07/14","富邦-基隆",0,12,-12
"19523","2929淘帝","110/07/14","台新-台中",20,0,20
"19524","2929淘帝","110/07/14","日茂-南投",1,12,-11
"19525","2929淘帝","110/07/14","華南永昌",20,0,20
"19526","2929淘帝","110/07/14","元大-豐原站前",0,11,-11
"19527","2929淘帝","110/07/14","福勝",15,0,15
"19528","2929淘帝","110/07/14","玉山-士林",0,10,-10
"19529","2929淘帝","110/07/14","富邦-南屯",15,0,15
"19530","2929淘帝","110/07/14","富邦-台北",0,10,-10
"19531","5410國眾","110/07/14","兆豐-城中",35,0,35
"19532","5410國眾","110/07/14","瑞士信貸",0,29,-29
"19533","5410國眾","110/07/14","新光",21,1,20
"19534","5410國眾","110/07/14","國泰-板橋",1,30,-29
"19535","5410國眾","110/07/14","國泰-敦南",21,1,20
"19536","5410國眾","110/07/14","日盛-高雄",0,20,-20
"19537","5410國眾","110/07/14","國泰-台中",20,1,19
"19538","5410國眾","110/07/14","台新-左楠",1,20,-19
"19539","5410國眾","110/07/14","元大-崇德",19,0,19
"19540","5410國眾","110/07/14","元富-大昌",1,18,-17
"19541","5410國眾","110/07/14","土銀-士林",18,0,18
"19542","5410國眾","110/07/14","富邦-建國",0,15,-15
"19543","5410國眾","110/07/14","元大-新盛",20,2,18
"19544","5410國眾","110/07/14","元富-嘉義",0,12,-12
"19545","5410國眾","110/07/14","兆豐-高雄",15,0,15
"19546","5410國眾","110/07/14","永全-南崁",0,12,-12
"19547","5410國眾","110/07/14","宏遠-中和",10,0,10
"19548","5410國眾","110/07/14","元大-員林",0,11,-11
"19549","5410國眾","110/07/14","新光-桃園",10,0,10
"19550","5410國眾","110/07/14","高橋",0,10,-10
"19551","5410國眾","110/07/14","國泰-台南",10,0,10
"19552","5410國眾","110/07/14","永興",0,10,-10
"19553","5410國眾","110/07/14","元大-復北",10,0,10
"19554","5410國眾","110/07/14","華南永昌-三重",0,10,-10
"19555","5410國眾","110/07/14","元大-竹科",8,0,8
"19556","5410國眾","110/07/14","元大-苑裡",0,7,-7
"19557","5410國眾","110/07/14","台新-新營",6,0,6
"19558","5410國眾","110/07/14","港商野村",0,6,-6
"19559","5410國眾","110/07/14","日盛-士林",5,0,5
"19560","5410國眾","110/07/14","摩根大通",5,11,-6
"19561","2841台開","110/07/14","凱基-文心",73,0,73
"19562","2841台開","110/07/14","國泰-敦南",0,50,-50
"19563","2841台開","110/07/14","元富-潮州",30,0,30
"19564","2841台開","110/07/14","凱基-中壢",0,40,-40
"19565","2841台開","110/07/14","第一金-台中",20,0,20
"19566","2841台開","110/07/14","統一-新竹",0,24,-24
"19567","2841台開","110/07/14","華南永昌-新莊",20,0,20
"19568","2841台開","110/07/14","元富-草屯",0,20,-20
"19569","2841台開","110/07/14","永豐金-豐原",20,0,20
"19570","2841台開","110/07/14","台新-台南",0,20,-20
"19571","2841台開","110/07/14","國泰-館前",15,0,15
"19572","2841台開","110/07/14","永豐金-敦南",45,63,-18
"19573","2841台開","110/07/14","群益金鼎-基隆",12,0,12
"19574","2841台開","110/07/14","國票-北高雄",0,13,-13
"19575","2841台開","110/07/14","日盛-信義",10,0,10
"19576","2841台開","110/07/14","凱基-松山",0,10,-10
"19577","2841台開","110/07/14","台新-台中",10,0,10
"19578","2841台開","110/07/14","元大證券",0,10,-10
"19579","2841台開","110/07/14","新光",10,1,9
"19580","2841台開","110/07/14","元大-中壢",0,10,-10
"19581","2841台開","110/07/14","凱基-新店",8,0,8
"19582","2841台開","110/07/14","富邦-陽明",1,10,-9
"19583","2841台開","110/07/14","元大-斗信",7,0,7
"19584","2841台開","110/07/14","富邦-建國",0,9,-9
"19585","2841台開","110/07/14","元大-三重",6,0,6
"19586","2841台開","110/07/14","富邦-台南",0,8,-8
"19587","2841台開","110/07/14","永豐金-中和",6,0,6
"19588","2841台開","110/07/14","康和-澎湖",0,7,-7
"19589","2841台開","110/07/14","元富-成功",5,0,5
"19590","2841台開","110/07/14","日盛-斗六",0,6,-6
"19591","6207雷科","110/07/14","群益金鼎-台北",60,0,60
"19592","6207雷科","110/07/14","新加坡商瑞銀",10,56,-46
"19593","6207雷科","110/07/14","台新-高雄",43,3,40
"19594","6207雷科","110/07/14","國票-中和",0,41,-41
"19595","6207雷科","110/07/14","元大-高雄",19,0,19
"19596","6207雷科","110/07/14","元大-復北",0,33,-33
"19597","6207雷科","110/07/14","福勝",15,0,15
"19598","6207雷科","110/07/14","光和-和美",0,20,-20
"19599","6207雷科","110/07/14","群益金鼎-中山",15,0,15
"19600","6207雷科","110/07/14","群益金鼎-丹鳳",0,20,-20
"19601","6207雷科","110/07/14","元大-林園",15,0,15
"19602","6207雷科","110/07/14","第一金-路竹",0,10,-10
"19603","6207雷科","110/07/14","新光",12,0,12
"19604","6207雷科","110/07/14","元大-歸仁",0,10,-10
"19605","6207雷科","110/07/14","元大-大天母",10,0,10
"19606","6207雷科","110/07/14","宏遠-館前",0,9,-9
"19607","6207雷科","110/07/14","永豐金-忠孝",9,0,9
"19608","6207雷科","110/07/14","凱基-台北",12,20,-8
"19609","6207雷科","110/07/14","永豐金-新店",7,0,7
"19610","6207雷科","110/07/14","美林",0,7,-7
"19611","6207雷科","110/07/14","玉山-嘉義",6,0,6
"19612","6207雷科","110/07/14","摩根大通",16,23,-7
"19613","6207雷科","110/07/14","元大-屏東",6,0,6
"19614","6207雷科","110/07/14","凱基-高雄",1,7,-6
"19615","6207雷科","110/07/14","凱基-大安",5,0,5
"19616","6207雷科","110/07/14","台中銀-豐原",0,5,-5
"19617","6207雷科","110/07/14","富邦-台南",5,0,5
"19618","6207雷科","110/07/14","元大-新竹經國",0,5,-5
"19619","6207雷科","110/07/14","元大-成功",5,0,5
"19620","6207雷科","110/07/14","光和-田中",0,4,-4
"19621","3679新至陞","110/07/14","凱基-台北",31,6,25
"19622","3679新至陞","110/07/14","群益金鼎-東大",0,15,-15
"19623","3679新至陞","110/07/14","華南永昌-新莊",10,0,10
"19624","3679新至陞","110/07/14","瑞士信貸",0,12,-12
"19625","3679新至陞","110/07/14","新加坡商瑞銀",11,3,8
"19626","3679新至陞","110/07/14","群益金鼎-永和",0,10,-10
"19627","3679新至陞","110/07/14","美商高盛",6,0,6
"19628","3679新至陞","110/07/14","元大-成功",5,15,-10
"19629","3679新至陞","110/07/14","第一金-中壢",6,0,6
"19630","3679新至陞","110/07/14","統一-板橋",1,10,-9
"19631","3679新至陞","110/07/14","(牛牛牛)亞-網路",4,0,4
"19632","3679新至陞","110/07/14","玉山-左營",0,5,-5
"19633","3679新至陞","110/07/14","元大-六合",3,0,3
"19634","3679新至陞","110/07/14","群益金鼎-三民",0,4,-4
"19635","3679新至陞","110/07/14","合庫-自強",2,0,2
"19636","3679新至陞","110/07/14","富邦-宜蘭",0,4,-4
"19637","3679新至陞","110/07/14","高橋-內壢",2,0,2
"19638","3679新至陞","110/07/14","永豐金-苓雅",0,3,-3
"19639","3679新至陞","110/07/14","台中銀-員林",2,0,2
"19640","3679新至陞","110/07/14","摩根大通",5,7,-2
"19641","3679新至陞","110/07/14","凱基-高美館",2,0,2
"19642","3679新至陞","110/07/14","元大-板橋三民",0,2,-2
"19643","3679新至陞","110/07/14","元大-福營",2,0,2
"19644","3679新至陞","110/07/14","宏遠-中和",0,1,-1
"19645","3679新至陞","110/07/14","永豐金-松山",2,0,2
"19646","3679新至陞","110/07/14","元富-佳里",0,1,-1
"19647","3679新至陞","110/07/14","永豐金-萬盛",2,0,2
"19648","3679新至陞","110/07/14","(牛牛牛)亞-鑫豐",0,1,-1
"19649","3679新至陞","110/07/14","元富-松德",1,0,1
"19650","3679新至陞","110/07/14","中國信託-中壢",0,1,-1
"19651","2727王品","110/07/14","富邦-左營",102,1,101
"19652","2727王品","110/07/14","統一-城中",100,234,-134
"19653","2727王品","110/07/14","國泰-板橋",105,11,94
"19654","2727王品","110/07/14","富邦-台北",1,125,-124
"19655","2727王品","110/07/14","港商野村",149,72,77
"19656","2727王品","110/07/14","台灣摩根士丹利",1,48,-47
"19657","2727王品","110/07/14","合庫-台中",66,2,64
"19658","2727王品","110/07/14","國票-新莊",0,40,-40
"19659","2727王品","110/07/14","臺銀-金山",63,8,55
"19660","2727王品","110/07/14","永豐金-忠孝",2,39,-37
"19661","2727王品","110/07/14","摩根大通",83,39,44
"19662","2727王品","110/07/14","富邦-彰化",1,34,-33
"19663","2727王品","110/07/14","凱基-台北",84,42,42
"19664","2727王品","110/07/14","康和-高雄",0,30,-30
"19665","2727王品","110/07/14","土銀-台中",35,1,34
"19666","2727王品","110/07/14","安泰",0,26,-26
"19667","2727王品","110/07/14","華南永昌-麻豆",32,1,31
"19668","2727王品","110/07/14","富邦-新竹華信",0,21,-21
"19669","2727王品","110/07/14","元大證券",85,55,30
"19670","2727王品","110/07/14","元大-南崁",1,22,-21
"19671","2727王品","110/07/14","新加坡商瑞銀",40,15,25
"19672","2727王品","110/07/14","彰銀-台中",0,18,-18
"19673","2727王品","110/07/14","日盛-八德",19,0,19
"19674","2727王品","110/07/14","元富-同大",2,20,-18
"19675","2727王品","110/07/14","統一",35,17,18
"19676","2727王品","110/07/14","玉山-嘉義",1,17,-16
"19677","2727王品","110/07/14","元富-大昌",18,1,17
"19678","2727王品","110/07/14","國泰-館前",4,20,-16
"19679","2727王品","110/07/14","玉山-板橋",15,1,14
"19680","2727王品","110/07/14","第一金-嘉義",1,13,-12
"19681","1570力肯","110/07/14","國票-北高雄",68,0,68
"19682","1570力肯","110/07/14","摩根大通",0,21,-21
"19683","1570力肯","110/07/14","日盛-八德",30,1,29
"19684","1570力肯","110/07/14","新光",1,19,-18
"19685","1570力肯","110/07/14","玉山-高雄",7,0,7
"19686","1570力肯","110/07/14","(牛牛牛)亞-鑫豐",0,17,-17
"19687","1570力肯","110/07/14","臺銀-臺南",5,0,5
"19688","1570力肯","110/07/14","日盛-士林",0,10,-10
"19689","1570力肯","110/07/14","凱基-三峽",5,0,5
"19690","1570力肯","110/07/14","統一-員林",0,10,-10
"19691","1570力肯","110/07/14","元大-和平",5,0,5
"19692","1570力肯","110/07/14","國票-新莊",0,10,-10
"19693","1570力肯","110/07/14","合庫-三重",4,0,4
"19694","1570力肯","110/07/14","凱基-高美館",0,10,-10
"19695","1570力肯","110/07/14","瑞士信貸",4,0,4
"19696","1570力肯","110/07/14","元大-屏東民生",0,5,-5
"19697","1570力肯","110/07/14","統一-三多",4,0,4
"19698","1570力肯","110/07/14","元大-古亭",0,5,-5
"19699","1570力肯","110/07/14","華南永昌-古亭",4,0,4
"19700","1570力肯","110/07/14","日盛-木柵",0,4,-4
"19701","1570力肯","110/07/14","元大-高雄",3,0,3
"19702","1570力肯","110/07/14","大昌",0,4,-4
"19703","1570力肯","110/07/14","兆豐-忠孝",2,0,2
"19704","1570力肯","110/07/14","群益金鼎-東大",0,4,-4
"19705","1570力肯","110/07/14","富邦-陽明",2,0,2
"19706","1570力肯","110/07/14","凱基-台北",0,4,-4
"19707","1570力肯","110/07/14","元大-松山",2,0,2
"19708","1570力肯","110/07/14","元大-板橋",0,4,-4
"19709","1570力肯","110/07/14","元大-忠孝",2,0,2
"19710","1570力肯","110/07/14","第一金-中山",0,3,-3
"19711","6180橘子","110/07/14","新加坡商瑞銀",84,28,56
"19712","6180橘子","110/07/14","凱基-台北",4,37,-33
"19713","6180橘子","110/07/14","日盛-信義",29,1,28
"19714","6180橘子","110/07/14","玉山-台南",1,22,-21
"19715","6180橘子","110/07/14","豐農",28,4,24
"19716","6180橘子","110/07/14","日盛-新竹",1,21,-20
"19717","6180橘子","110/07/14","新光-新竹",24,1,23
"19718","6180橘子","110/07/14","元富-潮州",0,19,-19
"19719","6180橘子","110/07/14","華南永昌-高雄",20,0,20
"19720","6180橘子","110/07/14","元大-信義",0,17,-17
"19721","6180橘子","110/07/14","元大-羅東",20,0,20
"19722","6180橘子","110/07/14","台灣企銀-台中",1,16,-15
"19723","6180橘子","110/07/14","元大-台中中港",20,0,20
"19724","6180橘子","110/07/14","元大-北港",0,15,-15
"19725","6180橘子","110/07/14","富邦-嘉義",24,5,19
"19726","6180橘子","110/07/14","富邦-高雄",0,14,-14
"19727","6180橘子","110/07/14","富邦-仁愛",15,0,15
"19728","6180橘子","110/07/14","兆豐-埔墘",0,13,-13
"19729","6180橘子","110/07/14","國票-九鼎",13,0,13
"19730","6180橘子","110/07/14","第一金-中山",0,10,-10
"19731","6180橘子","110/07/14","日盛-木柵",12,0,12
"19732","6180橘子","110/07/14","元大-彰化民生",0,10,-10
"19733","6180橘子","110/07/14","元大-成功",10,0,10
"19734","6180橘子","110/07/14","福勝",1,10,-9
"19735","6180橘子","110/07/14","港商野村",10,2,8
"19736","6180橘子","110/07/14","群益金鼎-丹鳳",1,10,-9
"19737","6180橘子","110/07/14","玉山-左營",8,0,8
"19738","6180橘子","110/07/14","群益金鼎-板橋",0,8,-8
"19739","6180橘子","110/07/14","富邦-陽明",16,8,8
"19740","6180橘子","110/07/14","合庫-鳳山",0,7,-7
"19741","2390云辰","110/07/14","摩根大通",995,198,797
"19742","2390云辰","110/07/14","新加坡商瑞銀",28,399,-371
"19743","2390云辰","110/07/14","美林",383,22,361
"19744","2390云辰","110/07/14","凱基-新豐",3,198,-195
"19745","2390云辰","110/07/14","台灣摩根士丹利",684,358,326
"19746","2390云辰","110/07/14","元大-士林",1,152,-151
"19747","2390云辰","110/07/14","凱基-台北",656,402,254
"19748","2390云辰","110/07/14","元大-竹山",80,181,-101
"19749","2390云辰","110/07/14","日盛-和美",110,5,105
"19750","2390云辰","110/07/14","群益金鼎-開元",19,95,-76
"19751","2390云辰","110/07/14","元大-天母",72,0,72
"19752","2390云辰","110/07/14","新光",77,150,-73
"19753","2390云辰","110/07/14","永豐金-松山",57,0,57
"19754","2390云辰","110/07/14","元富-高雄",0,71,-71
"19755","2390云辰","110/07/14","統一-屏東",53,0,53
"19756","2390云辰","110/07/14","元大-土城學府",130,201,-71
"19757","2390云辰","110/07/14","港商野村",486,450,36
"19758","2390云辰","110/07/14","元大-善化",12,76,-64
"19759","2390云辰","110/07/14","致和-崇德",30,0,30
"19760","2390云辰","110/07/14","華南永昌-岡山",23,81,-58
"19761","2390云辰","110/07/14","富邦-台北",40,14,26
"19762","2390云辰","110/07/14","群益金鼎-大興",82,125,-43
"19763","2390云辰","110/07/14","台新-高雄",38,13,25
"19764","2390云辰","110/07/14","大慶-中壢",0,41,-41
"19765","2390云辰","110/07/14","富邦-板橋",32,7,25
"19766","2390云辰","110/07/14","玉山-板橋",6,47,-41
"19767","2390云辰","110/07/14","陽信-石牌",24,0,24
"19768","2390云辰","110/07/14","富邦-台東",2,42,-40
"19769","2390云辰","110/07/14","凱基-屏東",32,8,24
"19770","2390云辰","110/07/14","元大-新營",3,42,-39
"19771","2363矽統","110/07/14","台灣摩根士丹利",463,0,463
"19772","2363矽統","110/07/14","新加坡商瑞銀",568,1321,-753
"19773","2363矽統","110/07/14","台新證券",750,342,408
"19774","2363矽統","110/07/14","瑞士信貸",149,864,-715
"19775","2363矽統","110/07/14","玉山-台中",363,51,312
"19776","2363矽統","110/07/14","台新-屏東",115,380,-265
"19777","2363矽統","110/07/14","元大-斗六",223,25,198
"19778","2363矽統","110/07/14","永豐金證券",16,265,-249
"19779","2363矽統","110/07/14","華南永昌-朴子",208,38,170
"19780","2363矽統","110/07/14","美林",462,701,-239
"19781","2363矽統","110/07/14","元富-西松",169,12,157
"19782","2363矽統","110/07/14","宏遠-桃園",269,500,-231
"19783","2363矽統","110/07/14","永豐金-大園",146,6,140
"19784","2363矽統","110/07/14","凱基-竹北",36,254,-218
"19785","2363矽統","110/07/14","土銀-和平",134,0,134
"19786","2363矽統","110/07/14","港商法國興業",0,214,-214
"19787","2363矽統","110/07/14","富邦-新營",130,13,117
"19788","2363矽統","110/07/14","港商野村",835,1044,-209
"19789","2363矽統","110/07/14","元富-成功",118,11,107
"19790","2363矽統","110/07/14","北城證券",212,411,-199
"19791","2363矽統","110/07/14","元富-烏日",121,18,103
"19792","2363矽統","110/07/14","(牛牛牛)亞-鑫豐",51,241,-190
"19793","2363矽統","110/07/14","日盛-二林",120,18,102
"19794","2363矽統","110/07/14","國票-博愛",24,213,-189
"19795","2363矽統","110/07/14","兆豐-忠孝",98,2,96
"19796","2363矽統","110/07/14","大慶-蘆洲",134,316,-182
"19797","2363矽統","110/07/14","大慶-楊梅",92,3,89
"19798","2363矽統","110/07/14","彰銀-台中",15,193,-178
"19799","2363矽統","110/07/14","元富-三重",120,33,87
"19800","2363矽統","110/07/14","日盛-和美",18,185,-167
"19801","8112至上","110/07/14","新加坡商瑞銀",223,17,206
"19802","8112至上","110/07/14","瑞士信貸",8,170,-162
"19803","8112至上","110/07/14","摩根大通",285,129,156
"19804","8112至上","110/07/14","美林",55,202,-147
"19805","8112至上","110/07/14","花旗環球",124,0,124
"19806","8112至上","110/07/14","凱基-台北",325,436,-111
"19807","8112至上","110/07/14","兆豐-公益",117,4,113
"19808","8112至上","110/07/14","台中銀-台北",0,98,-98
"19809","8112至上","110/07/14","香港上海匯豐",111,0,111
"19810","8112至上","110/07/14","玉山-台大",17,107,-90
"19811","8112至上","110/07/14","永豐金-內湖",117,21,96
"19812","8112至上","110/07/14","康和-內湖",1,90,-89
"19813","8112至上","110/07/14","台灣摩根士丹利",108,16,92
"19814","8112至上","110/07/14","港商野村",21,84,-63
"19815","8112至上","110/07/14","元大-東蘆",77,0,77
"19816","8112至上","110/07/14","兆豐-北高雄",1,60,-59
"19817","8112至上","110/07/14","新光",108,48,60
"19818","8112至上","110/07/14","群益金鼎-海山",1,52,-51
"19819","8112至上","110/07/14","大慶-蘆洲",59,0,59
"19820","8112至上","110/07/14","群益金鼎-大安",0,50,-50
"19821","8112至上","110/07/14","華南永昌-台中",56,3,53
"19822","8112至上","110/07/14","富邦-仁愛",2,49,-47
"19823","8112至上","110/07/14","土銀-嘉義",52,2,50
"19824","8112至上","110/07/14","元大-金華",0,42,-42
"19825","8112至上","110/07/14","美商高盛",40,0,40
"19826","8112至上","110/07/14","元大-內湖",4,43,-39
"19827","8112至上","110/07/14","臺銀",63,29,34
"19828","8112至上","110/07/14","第一金-華江",2,37,-35
"19829","8112至上","110/07/14","元富-嘉義",31,0,31
"19830","8112至上","110/07/14","永豐金-苓雅",2,34,-32
"19831","1570力肯","110/07/14","國票-北高雄",68,0,68
"19832","1570力肯","110/07/14","摩根大通",0,21,-21
"19833","1570力肯","110/07/14","日盛-八德",30,1,29
"19834","1570力肯","110/07/14","新光",1,19,-18
"19835","1570力肯","110/07/14","玉山-高雄",7,0,7
"19836","1570力肯","110/07/14","(牛牛牛)亞-鑫豐",0,17,-17
"19837","1570力肯","110/07/14","臺銀-臺南",5,0,5
"19838","1570力肯","110/07/14","日盛-士林",0,10,-10
"19839","1570力肯","110/07/14","凱基-三峽",5,0,5
"19840","1570力肯","110/07/14","統一-員林",0,10,-10
"19841","1570力肯","110/07/14","元大-和平",5,0,5
"19842","1570力肯","110/07/14","國票-新莊",0,10,-10
"19843","1570力肯","110/07/14","合庫-三重",4,0,4
"19844","1570力肯","110/07/14","凱基-高美館",0,10,-10
"19845","1570力肯","110/07/14","瑞士信貸",4,0,4
"19846","1570力肯","110/07/14","元大-屏東民生",0,5,-5
"19847","1570力肯","110/07/14","統一-三多",4,0,4
"19848","1570力肯","110/07/14","元大-古亭",0,5,-5
"19849","1570力肯","110/07/14","華南永昌-古亭",4,0,4
"19850","1570力肯","110/07/14","日盛-木柵",0,4,-4
"19851","1570力肯","110/07/14","元大-高雄",3,0,3
"19852","1570力肯","110/07/14","大昌",0,4,-4
"19853","1570力肯","110/07/14","兆豐-忠孝",2,0,2
"19854","1570力肯","110/07/14","群益金鼎-東大",0,4,-4
"19855","1570力肯","110/07/14","富邦-陽明",2,0,2
"19856","1570力肯","110/07/14","凱基-台北",0,4,-4
"19857","1570力肯","110/07/14","元大-松山",2,0,2
"19858","1570力肯","110/07/14","元大-板橋",0,4,-4
"19859","1570力肯","110/07/14","元大-忠孝",2,0,2
"19860","1570力肯","110/07/14","第一金-中山",0,3,-3
"19861","2929淘帝","110/07/14","華南永昌-林口",60,0,60
"19862","2929淘帝","110/07/14","群益金鼎",25,540,-515
"19863","2929淘帝","110/07/14","美林",87,31,56
"19864","2929淘帝","110/07/14","國泰-台南",1,30,-29
"19865","2929淘帝","110/07/14","元富-台南",40,0,40
"19866","2929淘帝","110/07/14","宏遠-桃園",0,20,-20
"19867","2929淘帝","110/07/14","元大-民生",39,0,39
"19868","2929淘帝","110/07/14","摩根大通",11,31,-20
"19869","2929淘帝","110/07/14","臺銀-鳳山",34,0,34
"19870","2929淘帝","110/07/14","台新-建北",5,20,-15
"19871","2929淘帝","110/07/14","合庫-高雄",34,1,33
"19872","2929淘帝","110/07/14","新光",1,16,-15
"19873","2929淘帝","110/07/14","華南永昌-鶯歌",28,0,28
"19874","2929淘帝","110/07/14","玉山-板橋",0,15,-15
"19875","2929淘帝","110/07/14","永興",25,0,25
"19876","2929淘帝","110/07/14","凱基-羅東",0,15,-15
"19877","2929淘帝","110/07/14","元大-新盛",25,1,24
"19878","2929淘帝","110/07/14","元大-頭份",0,15,-15
"19879","2929淘帝","110/07/14","日盛-南京",23,0,23
"19880","2929淘帝","110/07/14","第一金-台南",0,13,-13
"19881","2929淘帝","110/07/14","日茂",20,0,20
"19882","2929淘帝","110/07/14","富邦-基隆",0,12,-12
"19883","2929淘帝","110/07/14","台新-台中",20,0,20
"19884","2929淘帝","110/07/14","日茂-南投",1,12,-11
"19885","2929淘帝","110/07/14","華南永昌",20,0,20
"19886","2929淘帝","110/07/14","元大-豐原站前",0,11,-11
"19887","2929淘帝","110/07/14","福勝",15,0,15
"19888","2929淘帝","110/07/14","玉山-士林",0,10,-10
"19889","2929淘帝","110/07/14","富邦-南屯",15,0,15
"19890","2929淘帝","110/07/14","富邦-台北",0,10,-10
"19891","5410國眾","110/07/14","兆豐-城中",35,0,35
"19892","5410國眾","110/07/14","瑞士信貸",0,29,-29
"19893","5410國眾","110/07/14","新光",21,1,20
"19894","5410國眾","110/07/14","國泰-板橋",1,30,-29
"19895","5410國眾","110/07/14","國泰-敦南",21,1,20
"19896","5410國眾","110/07/14","日盛-高雄",0,20,-20
"19897","5410國眾","110/07/14","國泰-台中",20,1,19
"19898","5410國眾","110/07/14","台新-左楠",1,20,-19
"19899","5410國眾","110/07/14","元大-崇德",19,0,19
"19900","5410國眾","110/07/14","元富-大昌",1,18,-17
"19901","5410國眾","110/07/14","土銀-士林",18,0,18
"19902","5410國眾","110/07/14","富邦-建國",0,15,-15
"19903","5410國眾","110/07/14","元大-新盛",20,2,18
"19904","5410國眾","110/07/14","元富-嘉義",0,12,-12
"19905","5410國眾","110/07/14","兆豐-高雄",15,0,15
"19906","5410國眾","110/07/14","永全-南崁",0,12,-12
"19907","5410國眾","110/07/14","宏遠-中和",10,0,10
"19908","5410國眾","110/07/14","元大-員林",0,11,-11
"19909","5410國眾","110/07/14","新光-桃園",10,0,10
"19910","5410國眾","110/07/14","高橋",0,10,-10
"19911","5410國眾","110/07/14","國泰-台南",10,0,10
"19912","5410國眾","110/07/14","永興",0,10,-10
"19913","5410國眾","110/07/14","元大-復北",10,0,10
"19914","5410國眾","110/07/14","華南永昌-三重",0,10,-10
"19915","5410國眾","110/07/14","元大-竹科",8,0,8
"19916","5410國眾","110/07/14","元大-苑裡",0,7,-7
"19917","5410國眾","110/07/14","台新-新營",6,0,6
"19918","5410國眾","110/07/14","港商野村",0,6,-6
"19919","5410國眾","110/07/14","日盛-士林",5,0,5
"19920","5410國眾","110/07/14","摩根大通",5,11,-6
"19921","2841台開","110/07/14","凱基-文心",73,0,73
"19922","2841台開","110/07/14","國泰-敦南",0,50,-50
"19923","2841台開","110/07/14","元富-潮州",30,0,30
"19924","2841台開","110/07/14","凱基-中壢",0,40,-40
"19925","2841台開","110/07/14","第一金-台中",20,0,20
"19926","2841台開","110/07/14","統一-新竹",0,24,-24
"19927","2841台開","110/07/14","華南永昌-新莊",20,0,20
"19928","2841台開","110/07/14","元富-草屯",0,20,-20
"19929","2841台開","110/07/14","永豐金-豐原",20,0,20
"19930","2841台開","110/07/14","台新-台南",0,20,-20
"19931","2841台開","110/07/14","國泰-館前",15,0,15
"19932","2841台開","110/07/14","永豐金-敦南",45,63,-18
"19933","2841台開","110/07/14","群益金鼎-基隆",12,0,12
"19934","2841台開","110/07/14","國票-北高雄",0,13,-13
"19935","2841台開","110/07/14","日盛-信義",10,0,10
"19936","2841台開","110/07/14","凱基-松山",0,10,-10
"19937","2841台開","110/07/14","台新-台中",10,0,10
"19938","2841台開","110/07/14","元大證券",0,10,-10
"19939","2841台開","110/07/14","新光",10,1,9
"19940","2841台開","110/07/14","元大-中壢",0,10,-10
"19941","2841台開","110/07/14","凱基-新店",8,0,8
"19942","2841台開","110/07/14","富邦-陽明",1,10,-9
"19943","2841台開","110/07/14","元大-斗信",7,0,7
"19944","2841台開","110/07/14","富邦-建國",0,9,-9
"19945","2841台開","110/07/14","元大-三重",6,0,6
"19946","2841台開","110/07/14","富邦-台南",0,8,-8
"19947","2841台開","110/07/14","永豐金-中和",6,0,6
"19948","2841台開","110/07/14","康和-澎湖",0,7,-7
"19949","2841台開","110/07/14","元富-成功",5,0,5
"19950","2841台開","110/07/14","日盛-斗六",0,6,-6
"19951","6207雷科","110/07/14","群益金鼎-台北",60,0,60
"19952","6207雷科","110/07/14","新加坡商瑞銀",10,56,-46
"19953","6207雷科","110/07/14","台新-高雄",43,3,40
"19954","6207雷科","110/07/14","國票-中和",0,41,-41
"19955","6207雷科","110/07/14","元大-高雄",19,0,19
"19956","6207雷科","110/07/14","元大-復北",0,33,-33
"19957","6207雷科","110/07/14","福勝",15,0,15
"19958","6207雷科","110/07/14","光和-和美",0,20,-20
"19959","6207雷科","110/07/14","群益金鼎-中山",15,0,15
"19960","6207雷科","110/07/14","群益金鼎-丹鳳",0,20,-20
"19961","6207雷科","110/07/14","元大-林園",15,0,15
"19962","6207雷科","110/07/14","第一金-路竹",0,10,-10
"19963","6207雷科","110/07/14","新光",12,0,12
"19964","6207雷科","110/07/14","元大-歸仁",0,10,-10
"19965","6207雷科","110/07/14","元大-大天母",10,0,10
"19966","6207雷科","110/07/14","宏遠-館前",0,9,-9
"19967","6207雷科","110/07/14","永豐金-忠孝",9,0,9
"19968","6207雷科","110/07/14","凱基-台北",12,20,-8
"19969","6207雷科","110/07/14","永豐金-新店",7,0,7
"19970","6207雷科","110/07/14","美林",0,7,-7
"19971","6207雷科","110/07/14","玉山-嘉義",6,0,6
"19972","6207雷科","110/07/14","摩根大通",16,23,-7
"19973","6207雷科","110/07/14","元大-屏東",6,0,6
"19974","6207雷科","110/07/14","凱基-高雄",1,7,-6
"19975","6207雷科","110/07/14","凱基-大安",5,0,5
"19976","6207雷科","110/07/14","台中銀-豐原",0,5,-5
"19977","6207雷科","110/07/14","富邦-台南",5,0,5
"19978","6207雷科","110/07/14","元大-新竹經國",0,5,-5
"19979","6207雷科","110/07/14","元大-成功",5,0,5
"19980","6207雷科","110/07/14","光和-田中",0,4,-4
"19981","3679新至陞","110/07/14","凱基-台北",31,6,25
"19982","3679新至陞","110/07/14","群益金鼎-東大",0,15,-15
"19983","3679新至陞","110/07/14","華南永昌-新莊",10,0,10
"19984","3679新至陞","110/07/14","瑞士信貸",0,12,-12
"19985","3679新至陞","110/07/14","新加坡商瑞銀",11,3,8
"19986","3679新至陞","110/07/14","群益金鼎-永和",0,10,-10
"19987","3679新至陞","110/07/14","美商高盛",6,0,6
"19988","3679新至陞","110/07/14","元大-成功",5,15,-10
"19989","3679新至陞","110/07/14","第一金-中壢",6,0,6
"19990","3679新至陞","110/07/14","統一-板橋",1,10,-9
"19991","3679新至陞","110/07/14","(牛牛牛)亞-網路",4,0,4
"19992","3679新至陞","110/07/14","玉山-左營",0,5,-5
"19993","3679新至陞","110/07/14","元大-六合",3,0,3
"19994","3679新至陞","110/07/14","群益金鼎-三民",0,4,-4
"19995","3679新至陞","110/07/14","合庫-自強",2,0,2
"19996","3679新至陞","110/07/14","富邦-宜蘭",0,4,-4
"19997","3679新至陞","110/07/14","高橋-內壢",2,0,2
"19998","3679新至陞","110/07/14","永豐金-苓雅",0,3,-3
"19999","3679新至陞","110/07/14","台中銀-員林",2,0,2
"20000","3679新至陞","110/07/14","摩根大通",5,7,-2
"20001","3679新至陞","110/07/14","凱基-高美館",2,0,2
"20002","3679新至陞","110/07/14","元大-板橋三民",0,2,-2
"20003","3679新至陞","110/07/14","元大-福營",2,0,2
"20004","3679新至陞","110/07/14","宏遠-中和",0,1,-1
"20005","3679新至陞","110/07/14","永豐金-松山",2,0,2
"20006","3679新至陞","110/07/14","元富-佳里",0,1,-1
"20007","3679新至陞","110/07/14","永豐金-萬盛",2,0,2
"20008","3679新至陞","110/07/14","(牛牛牛)亞-鑫豐",0,1,-1
"20009","3679新至陞","110/07/14","元富-松德",1,0,1
"20010","3679新至陞","110/07/14","中國信託-中壢",0,1,-1
"20011","2727王品","110/07/14","富邦-左營",102,1,101
"20012","2727王品","110/07/14","統一-城中",100,234,-134
"20013","2727王品","110/07/14","國泰-板橋",105,11,94
"20014","2727王品","110/07/14","富邦-台北",1,125,-124
"20015","2727王品","110/07/14","港商野村",149,72,77
"20016","2727王品","110/07/14","台灣摩根士丹利",1,48,-47
"20017","2727王品","110/07/14","合庫-台中",66,2,64
"20018","2727王品","110/07/14","國票-新莊",0,40,-40
"20019","2727王品","110/07/14","臺銀-金山",63,8,55
"20020","2727王品","110/07/14","永豐金-忠孝",2,39,-37
"20021","2727王品","110/07/14","摩根大通",83,39,44
"20022","2727王品","110/07/14","富邦-彰化",1,34,-33
"20023","2727王品","110/07/14","凱基-台北",84,42,42
"20024","2727王品","110/07/14","康和-高雄",0,30,-30
"20025","2727王品","110/07/14","土銀-台中",35,1,34
"20026","2727王品","110/07/14","安泰",0,26,-26
"20027","2727王品","110/07/14","華南永昌-麻豆",32,1,31
"20028","2727王品","110/07/14","富邦-新竹華信",0,21,-21
"20029","2727王品","110/07/14","元大證券",85,55,30
"20030","2727王品","110/07/14","元大-南崁",1,22,-21
"20031","2727王品","110/07/14","新加坡商瑞銀",40,15,25
"20032","2727王品","110/07/14","彰銀-台中",0,18,-18
"20033","2727王品","110/07/14","日盛-八德",19,0,19
"20034","2727王品","110/07/14","元富-同大",2,20,-18
"20035","2727王品","110/07/14","統一",35,17,18
"20036","2727王品","110/07/14","玉山-嘉義",1,17,-16
"20037","2727王品","110/07/14","元富-大昌",18,1,17
"20038","2727王品","110/07/14","國泰-館前",4,20,-16
"20039","2727王品","110/07/14","玉山-板橋",15,1,14
"20040","2727王品","110/07/14","第一金-嘉義",1,13,-12
"20041","1570力肯","110/07/14","國票-北高雄",68,0,68
"20042","1570力肯","110/07/14","摩根大通",0,21,-21
"20043","1570力肯","110/07/14","日盛-八德",30,1,29
"20044","1570力肯","110/07/14","新光",1,19,-18
"20045","1570力肯","110/07/14","玉山-高雄",7,0,7
"20046","1570力肯","110/07/14","(牛牛牛)亞-鑫豐",0,17,-17
"20047","1570力肯","110/07/14","臺銀-臺南",5,0,5
"20048","1570力肯","110/07/14","日盛-士林",0,10,-10
"20049","1570力肯","110/07/14","凱基-三峽",5,0,5
"20050","1570力肯","110/07/14","統一-員林",0,10,-10
"20051","1570力肯","110/07/14","元大-和平",5,0,5
"20052","1570力肯","110/07/14","國票-新莊",0,10,-10
"20053","1570力肯","110/07/14","合庫-三重",4,0,4
"20054","1570力肯","110/07/14","凱基-高美館",0,10,-10
"20055","1570力肯","110/07/14","瑞士信貸",4,0,4
"20056","1570力肯","110/07/14","元大-屏東民生",0,5,-5
"20057","1570力肯","110/07/14","統一-三多",4,0,4
"20058","1570力肯","110/07/14","元大-古亭",0,5,-5
"20059","1570力肯","110/07/14","華南永昌-古亭",4,0,4
"20060","1570力肯","110/07/14","日盛-木柵",0,4,-4
"20061","1570力肯","110/07/14","元大-高雄",3,0,3
"20062","1570力肯","110/07/14","大昌",0,4,-4
"20063","1570力肯","110/07/14","兆豐-忠孝",2,0,2
"20064","1570力肯","110/07/14","群益金鼎-東大",0,4,-4
"20065","1570力肯","110/07/14","富邦-陽明",2,0,2
"20066","1570力肯","110/07/14","凱基-台北",0,4,-4
"20067","1570力肯","110/07/14","元大-松山",2,0,2
"20068","1570力肯","110/07/14","元大-板橋",0,4,-4
"20069","1570力肯","110/07/14","元大-忠孝",2,0,2
"20070","1570力肯","110/07/14","第一金-中山",0,3,-3
"20071","6180橘子","110/07/14","新加坡商瑞銀",84,28,56
"20072","6180橘子","110/07/14","凱基-台北",4,37,-33
"20073","6180橘子","110/07/14","日盛-信義",29,1,28
"20074","6180橘子","110/07/14","玉山-台南",1,22,-21
"20075","6180橘子","110/07/14","豐農",28,4,24
"20076","6180橘子","110/07/14","日盛-新竹",1,21,-20
"20077","6180橘子","110/07/14","新光-新竹",24,1,23
"20078","6180橘子","110/07/14","元富-潮州",0,19,-19
"20079","6180橘子","110/07/14","華南永昌-高雄",20,0,20
"20080","6180橘子","110/07/14","元大-信義",0,17,-17
"20081","6180橘子","110/07/14","元大-羅東",20,0,20
"20082","6180橘子","110/07/14","台灣企銀-台中",1,16,-15
"20083","6180橘子","110/07/14","元大-台中中港",20,0,20
"20084","6180橘子","110/07/14","元大-北港",0,15,-15
"20085","6180橘子","110/07/14","富邦-嘉義",24,5,19
"20086","6180橘子","110/07/14","富邦-高雄",0,14,-14
"20087","6180橘子","110/07/14","富邦-仁愛",15,0,15
"20088","6180橘子","110/07/14","兆豐-埔墘",0,13,-13
"20089","6180橘子","110/07/14","國票-九鼎",13,0,13
"20090","6180橘子","110/07/14","第一金-中山",0,10,-10
"20091","6180橘子","110/07/14","日盛-木柵",12,0,12
"20092","6180橘子","110/07/14","元大-彰化民生",0,10,-10
"20093","6180橘子","110/07/14","元大-成功",10,0,10
"20094","6180橘子","110/07/14","福勝",1,10,-9
"20095","6180橘子","110/07/14","港商野村",10,2,8
"20096","6180橘子","110/07/14","群益金鼎-丹鳳",1,10,-9
"20097","6180橘子","110/07/14","玉山-左營",8,0,8
"20098","6180橘子","110/07/14","群益金鼎-板橋",0,8,-8
"20099","6180橘子","110/07/14","富邦-陽明",16,8,8
"20100","6180橘子","110/07/14","合庫-鳳山",0,7,-7
"20101","2390云辰","110/07/14","摩根大通",995,198,797
"20102","2390云辰","110/07/14","新加坡商瑞銀",28,399,-371
"20103","2390云辰","110/07/14","美林",383,22,361
"20104","2390云辰","110/07/14","凱基-新豐",3,198,-195
"20105","2390云辰","110/07/14","台灣摩根士丹利",684,358,326
"20106","2390云辰","110/07/14","元大-士林",1,152,-151
"20107","2390云辰","110/07/14","凱基-台北",656,402,254
"20108","2390云辰","110/07/14","元大-竹山",80,181,-101
"20109","2390云辰","110/07/14","日盛-和美",110,5,105
"20110","2390云辰","110/07/14","群益金鼎-開元",19,95,-76
"20111","2390云辰","110/07/14","元大-天母",72,0,72
"20112","2390云辰","110/07/14","新光",77,150,-73
"20113","2390云辰","110/07/14","永豐金-松山",57,0,57
"20114","2390云辰","110/07/14","元富-高雄",0,71,-71
"20115","2390云辰","110/07/14","統一-屏東",53,0,53
"20116","2390云辰","110/07/14","元大-土城學府",130,201,-71
"20117","2390云辰","110/07/14","港商野村",486,450,36
"20118","2390云辰","110/07/14","元大-善化",12,76,-64
"20119","2390云辰","110/07/14","致和-崇德",30,0,30
"20120","2390云辰","110/07/14","華南永昌-岡山",23,81,-58
"20121","2390云辰","110/07/14","富邦-台北",40,14,26
"20122","2390云辰","110/07/14","群益金鼎-大興",82,125,-43
"20123","2390云辰","110/07/14","台新-高雄",38,13,25
"20124","2390云辰","110/07/14","大慶-中壢",0,41,-41
"20125","2390云辰","110/07/14","富邦-板橋",32,7,25
"20126","2390云辰","110/07/14","玉山-板橋",6,47,-41
"20127","2390云辰","110/07/14","陽信-石牌",24,0,24
"20128","2390云辰","110/07/14","富邦-台東",2,42,-40
"20129","2390云辰","110/07/14","凱基-屏東",32,8,24
"20130","2390云辰","110/07/14","元大-新營",3,42,-39
"20131","2363矽統","110/07/14","台灣摩根士丹利",463,0,463
"20132","2363矽統","110/07/14","新加坡商瑞銀",568,1321,-753
"20133","2363矽統","110/07/14","台新證券",750,342,408
"20134","2363矽統","110/07/14","瑞士信貸",149,864,-715
"20135","2363矽統","110/07/14","玉山-台中",363,51,312
"20136","2363矽統","110/07/14","台新-屏東",115,380,-265
"20137","2363矽統","110/07/14","元大-斗六",223,25,198
"20138","2363矽統","110/07/14","永豐金證券",16,265,-249
"20139","2363矽統","110/07/14","華南永昌-朴子",208,38,170
"20140","2363矽統","110/07/14","美林",462,701,-239
"20141","2363矽統","110/07/14","元富-西松",169,12,157
"20142","2363矽統","110/07/14","宏遠-桃園",269,500,-231
"20143","2363矽統","110/07/14","永豐金-大園",146,6,140
"20144","2363矽統","110/07/14","凱基-竹北",36,254,-218
"20145","2363矽統","110/07/14","土銀-和平",134,0,134
"20146","2363矽統","110/07/14","港商法國興業",0,214,-214
"20147","2363矽統","110/07/14","富邦-新營",130,13,117
"20148","2363矽統","110/07/14","港商野村",835,1044,-209
"20149","2363矽統","110/07/14","元富-成功",118,11,107
"20150","2363矽統","110/07/14","北城證券",212,411,-199
"20151","2363矽統","110/07/14","元富-烏日",121,18,103
"20152","2363矽統","110/07/14","(牛牛牛)亞-鑫豐",51,241,-190
"20153","2363矽統","110/07/14","日盛-二林",120,18,102
"20154","2363矽統","110/07/14","國票-博愛",24,213,-189
"20155","2363矽統","110/07/14","兆豐-忠孝",98,2,96
"20156","2363矽統","110/07/14","大慶-蘆洲",134,316,-182
"20157","2363矽統","110/07/14","大慶-楊梅",92,3,89
"20158","2363矽統","110/07/14","彰銀-台中",15,193,-178
"20159","2363矽統","110/07/14","元富-三重",120,33,87
"20160","2363矽統","110/07/14","日盛-和美",18,185,-167
"20161","8112至上","110/07/14","新加坡商瑞銀",223,17,206
"20162","8112至上","110/07/14","瑞士信貸",8,170,-162
"20163","8112至上","110/07/14","摩根大通",285,129,156
"20164","8112至上","110/07/14","美林",55,202,-147
"20165","8112至上","110/07/14","花旗環球",124,0,124
"20166","8112至上","110/07/14","凱基-台北",325,436,-111
"20167","8112至上","110/07/14","兆豐-公益",117,4,113
"20168","8112至上","110/07/14","台中銀-台北",0,98,-98
"20169","8112至上","110/07/14","香港上海匯豐",111,0,111
"20170","8112至上","110/07/14","玉山-台大",17,107,-90
"20171","8112至上","110/07/14","永豐金-內湖",117,21,96
"20172","8112至上","110/07/14","康和-內湖",1,90,-89
"20173","8112至上","110/07/14","台灣摩根士丹利",108,16,92
"20174","8112至上","110/07/14","港商野村",21,84,-63
"20175","8112至上","110/07/14","元大-東蘆",77,0,77
"20176","8112至上","110/07/14","兆豐-北高雄",1,60,-59
"20177","8112至上","110/07/14","新光",108,48,60
"20178","8112至上","110/07/14","群益金鼎-海山",1,52,-51
"20179","8112至上","110/07/14","大慶-蘆洲",59,0,59
"20180","8112至上","110/07/14","群益金鼎-大安",0,50,-50
"20181","8112至上","110/07/14","華南永昌-台中",56,3,53
"20182","8112至上","110/07/14","富邦-仁愛",2,49,-47
"20183","8112至上","110/07/14","土銀-嘉義",52,2,50
"20184","8112至上","110/07/14","元大-金華",0,42,-42
"20185","8112至上","110/07/14","美商高盛",40,0,40
"20186","8112至上","110/07/14","元大-內湖",4,43,-39
"20187","8112至上","110/07/14","臺銀",63,29,34
"20188","8112至上","110/07/14","第一金-華江",2,37,-35
"20189","8112至上","110/07/14","元富-嘉義",31,0,31
"20190","8112至上","110/07/14","永豐金-苓雅",2,34,-32
"20191","1570力肯","110/07/14","國票-北高雄",68,0,68
"20192","1570力肯","110/07/14","摩根大通",0,21,-21
"20193","1570力肯","110/07/14","日盛-八德",30,1,29
"20194","1570力肯","110/07/14","新光",1,19,-18
"20195","1570力肯","110/07/14","玉山-高雄",7,0,7
"20196","1570力肯","110/07/14","(牛牛牛)亞-鑫豐",0,17,-17
"20197","1570力肯","110/07/14","臺銀-臺南",5,0,5
"20198","1570力肯","110/07/14","日盛-士林",0,10,-10
"20199","1570力肯","110/07/14","凱基-三峽",5,0,5
"20200","1570力肯","110/07/14","統一-員林",0,10,-10
"20201","1570力肯","110/07/14","元大-和平",5,0,5
"20202","1570力肯","110/07/14","國票-新莊",0,10,-10
"20203","1570力肯","110/07/14","合庫-三重",4,0,4
"20204","1570力肯","110/07/14","凱基-高美館",0,10,-10
"20205","1570力肯","110/07/14","瑞士信貸",4,0,4
"20206","1570力肯","110/07/14","元大-屏東民生",0,5,-5
"20207","1570力肯","110/07/14","統一-三多",4,0,4
"20208","1570力肯","110/07/14","元大-古亭",0,5,-5
"20209","1570力肯","110/07/14","華南永昌-古亭",4,0,4
"20210","1570力肯","110/07/14","日盛-木柵",0,4,-4
"20211","1570力肯","110/07/14","元大-高雄",3,0,3
"20212","1570力肯","110/07/14","大昌",0,4,-4
"20213","1570力肯","110/07/14","兆豐-忠孝",2,0,2
"20214","1570力肯","110/07/14","群益金鼎-東大",0,4,-4
"20215","1570力肯","110/07/14","富邦-陽明",2,0,2
"20216","1570力肯","110/07/14","凱基-台北",0,4,-4
"20217","1570力肯","110/07/14","元大-松山",2,0,2
"20218","1570力肯","110/07/14","元大-板橋",0,4,-4
"20219","1570力肯","110/07/14","元大-忠孝",2,0,2
"20220","1570力肯","110/07/14","第一金-中山",0,3,-3
"20221","2929淘帝","110/07/14","華南永昌-林口",60,0,60
"20222","2929淘帝","110/07/14","群益金鼎",25,540,-515
"20223","2929淘帝","110/07/14","美林",87,31,56
"20224","2929淘帝","110/07/14","國泰-台南",1,30,-29
"20225","2929淘帝","110/07/14","元富-台南",40,0,40
"20226","2929淘帝","110/07/14","宏遠-桃園",0,20,-20
"20227","2929淘帝","110/07/14","元大-民生",39,0,39
"20228","2929淘帝","110/07/14","摩根大通",11,31,-20
"20229","2929淘帝","110/07/14","臺銀-鳳山",34,0,34
"20230","2929淘帝","110/07/14","台新-建北",5,20,-15
"20231","2929淘帝","110/07/14","合庫-高雄",34,1,33
"20232","2929淘帝","110/07/14","新光",1,16,-15
"20233","2929淘帝","110/07/14","華南永昌-鶯歌",28,0,28
"20234","2929淘帝","110/07/14","玉山-板橋",0,15,-15
"20235","2929淘帝","110/07/14","永興",25,0,25
"20236","2929淘帝","110/07/14","凱基-羅東",0,15,-15
"20237","2929淘帝","110/07/14","元大-新盛",25,1,24
"20238","2929淘帝","110/07/14","元大-頭份",0,15,-15
"20239","2929淘帝","110/07/14","日盛-南京",23,0,23
"20240","2929淘帝","110/07/14","第一金-台南",0,13,-13
"20241","2929淘帝","110/07/14","日茂",20,0,20
"20242","2929淘帝","110/07/14","富邦-基隆",0,12,-12
"20243","2929淘帝","110/07/14","台新-台中",20,0,20
"20244","2929淘帝","110/07/14","日茂-南投",1,12,-11
"20245","2929淘帝","110/07/14","華南永昌",20,0,20
"20246","2929淘帝","110/07/14","元大-豐原站前",0,11,-11
"20247","2929淘帝","110/07/14","福勝",15,0,15
"20248","2929淘帝","110/07/14","玉山-士林",0,10,-10
"20249","2929淘帝","110/07/14","富邦-南屯",15,0,15
"20250","2929淘帝","110/07/14","富邦-台北",0,10,-10
"20251","5410國眾","110/07/14","兆豐-城中",35,0,35
"20252","5410國眾","110/07/14","瑞士信貸",0,29,-29
"20253","5410國眾","110/07/14","新光",21,1,20
"20254","5410國眾","110/07/14","國泰-板橋",1,30,-29
"20255","5410國眾","110/07/14","國泰-敦南",21,1,20
"20256","5410國眾","110/07/14","日盛-高雄",0,20,-20
"20257","5410國眾","110/07/14","國泰-台中",20,1,19
"20258","5410國眾","110/07/14","台新-左楠",1,20,-19
"20259","5410國眾","110/07/14","元大-崇德",19,0,19
"20260","5410國眾","110/07/14","元富-大昌",1,18,-17
"20261","5410國眾","110/07/14","土銀-士林",18,0,18
"20262","5410國眾","110/07/14","富邦-建國",0,15,-15
"20263","5410國眾","110/07/14","元大-新盛",20,2,18
"20264","5410國眾","110/07/14","元富-嘉義",0,12,-12
"20265","5410國眾","110/07/14","兆豐-高雄",15,0,15
"20266","5410國眾","110/07/14","永全-南崁",0,12,-12
"20267","5410國眾","110/07/14","宏遠-中和",10,0,10
"20268","5410國眾","110/07/14","元大-員林",0,11,-11
"20269","5410國眾","110/07/14","新光-桃園",10,0,10
"20270","5410國眾","110/07/14","高橋",0,10,-10
"20271","5410國眾","110/07/14","國泰-台南",10,0,10
"20272","5410國眾","110/07/14","永興",0,10,-10
"20273","5410國眾","110/07/14","元大-復北",10,0,10
"20274","5410國眾","110/07/14","華南永昌-三重",0,10,-10
"20275","5410國眾","110/07/14","元大-竹科",8,0,8
"20276","5410國眾","110/07/14","元大-苑裡",0,7,-7
"20277","5410國眾","110/07/14","台新-新營",6,0,6
"20278","5410國眾","110/07/14","港商野村",0,6,-6
"20279","5410國眾","110/07/14","日盛-士林",5,0,5
"20280","5410國眾","110/07/14","摩根大通",5,11,-6
"20281","2841台開","110/07/14","凱基-文心",73,0,73
"20282","2841台開","110/07/14","國泰-敦南",0,50,-50
"20283","2841台開","110/07/14","元富-潮州",30,0,30
"20284","2841台開","110/07/14","凱基-中壢",0,40,-40
"20285","2841台開","110/07/14","第一金-台中",20,0,20
"20286","2841台開","110/07/14","統一-新竹",0,24,-24
"20287","2841台開","110/07/14","華南永昌-新莊",20,0,20
"20288","2841台開","110/07/14","元富-草屯",0,20,-20
"20289","2841台開","110/07/14","永豐金-豐原",20,0,20
"20290","2841台開","110/07/14","台新-台南",0,20,-20
"20291","2841台開","110/07/14","國泰-館前",15,0,15
"20292","2841台開","110/07/14","永豐金-敦南",45,63,-18
"20293","2841台開","110/07/14","群益金鼎-基隆",12,0,12
"20294","2841台開","110/07/14","國票-北高雄",0,13,-13
"20295","2841台開","110/07/14","日盛-信義",10,0,10
"20296","2841台開","110/07/14","凱基-松山",0,10,-10
"20297","2841台開","110/07/14","台新-台中",10,0,10
"20298","2841台開","110/07/14","元大證券",0,10,-10
"20299","2841台開","110/07/14","新光",10,1,9
"20300","2841台開","110/07/14","元大-中壢",0,10,-10
"20301","2841台開","110/07/14","凱基-新店",8,0,8
"20302","2841台開","110/07/14","富邦-陽明",1,10,-9
"20303","2841台開","110/07/14","元大-斗信",7,0,7
"20304","2841台開","110/07/14","富邦-建國",0,9,-9
"20305","2841台開","110/07/14","元大-三重",6,0,6
"20306","2841台開","110/07/14","富邦-台南",0,8,-8
"20307","2841台開","110/07/14","永豐金-中和",6,0,6
"20308","2841台開","110/07/14","康和-澎湖",0,7,-7
"20309","2841台開","110/07/14","元富-成功",5,0,5
"20310","2841台開","110/07/14","日盛-斗六",0,6,-6
"20311","6207雷科","110/07/14","群益金鼎-台北",60,0,60
"20312","6207雷科","110/07/14","新加坡商瑞銀",10,56,-46
"20313","6207雷科","110/07/14","台新-高雄",43,3,40
"20314","6207雷科","110/07/14","國票-中和",0,41,-41
"20315","6207雷科","110/07/14","元大-高雄",19,0,19
"20316","6207雷科","110/07/14","元大-復北",0,33,-33
"20317","6207雷科","110/07/14","福勝",15,0,15
"20318","6207雷科","110/07/14","光和-和美",0,20,-20
"20319","6207雷科","110/07/14","群益金鼎-中山",15,0,15
"20320","6207雷科","110/07/14","群益金鼎-丹鳳",0,20,-20
"20321","6207雷科","110/07/14","元大-林園",15,0,15
"20322","6207雷科","110/07/14","第一金-路竹",0,10,-10
"20323","6207雷科","110/07/14","新光",12,0,12
"20324","6207雷科","110/07/14","元大-歸仁",0,10,-10
"20325","6207雷科","110/07/14","元大-大天母",10,0,10
"20326","6207雷科","110/07/14","宏遠-館前",0,9,-9
"20327","6207雷科","110/07/14","永豐金-忠孝",9,0,9
"20328","6207雷科","110/07/14","凱基-台北",12,20,-8
"20329","6207雷科","110/07/14","永豐金-新店",7,0,7
"20330","6207雷科","110/07/14","美林",0,7,-7
"20331","6207雷科","110/07/14","玉山-嘉義",6,0,6
"20332","6207雷科","110/07/14","摩根大通",16,23,-7
"20333","6207雷科","110/07/14","元大-屏東",6,0,6
"20334","6207雷科","110/07/14","凱基-高雄",1,7,-6
"20335","6207雷科","110/07/14","凱基-大安",5,0,5
"20336","6207雷科","110/07/14","台中銀-豐原",0,5,-5
"20337","6207雷科","110/07/14","富邦-台南",5,0,5
"20338","6207雷科","110/07/14","元大-新竹經國",0,5,-5
"20339","6207雷科","110/07/14","元大-成功",5,0,5
"20340","6207雷科","110/07/14","光和-田中",0,4,-4
"20341","3679新至陞","110/07/14","凱基-台北",31,6,25
"20342","3679新至陞","110/07/14","群益金鼎-東大",0,15,-15
"20343","3679新至陞","110/07/14","華南永昌-新莊",10,0,10
"20344","3679新至陞","110/07/14","瑞士信貸",0,12,-12
"20345","3679新至陞","110/07/14","新加坡商瑞銀",11,3,8
"20346","3679新至陞","110/07/14","群益金鼎-永和",0,10,-10
"20347","3679新至陞","110/07/14","美商高盛",6,0,6
"20348","3679新至陞","110/07/14","元大-成功",5,15,-10
"20349","3679新至陞","110/07/14","第一金-中壢",6,0,6
"20350","3679新至陞","110/07/14","統一-板橋",1,10,-9
"20351","3679新至陞","110/07/14","(牛牛牛)亞-網路",4,0,4
"20352","3679新至陞","110/07/14","玉山-左營",0,5,-5
"20353","3679新至陞","110/07/14","元大-六合",3,0,3
"20354","3679新至陞","110/07/14","群益金鼎-三民",0,4,-4
"20355","3679新至陞","110/07/14","合庫-自強",2,0,2
"20356","3679新至陞","110/07/14","富邦-宜蘭",0,4,-4
"20357","3679新至陞","110/07/14","高橋-內壢",2,0,2
"20358","3679新至陞","110/07/14","永豐金-苓雅",0,3,-3
"20359","3679新至陞","110/07/14","台中銀-員林",2,0,2
"20360","3679新至陞","110/07/14","摩根大通",5,7,-2
"20361","3679新至陞","110/07/14","凱基-高美館",2,0,2
"20362","3679新至陞","110/07/14","元大-板橋三民",0,2,-2
"20363","3679新至陞","110/07/14","元大-福營",2,0,2
"20364","3679新至陞","110/07/14","宏遠-中和",0,1,-1
"20365","3679新至陞","110/07/14","永豐金-松山",2,0,2
"20366","3679新至陞","110/07/14","元富-佳里",0,1,-1
"20367","3679新至陞","110/07/14","永豐金-萬盛",2,0,2
"20368","3679新至陞","110/07/14","(牛牛牛)亞-鑫豐",0,1,-1
"20369","3679新至陞","110/07/14","元富-松德",1,0,1
"20370","3679新至陞","110/07/14","中國信託-中壢",0,1,-1
"20371","2727王品","110/07/14","富邦-左營",102,1,101
"20372","2727王品","110/07/14","統一-城中",100,234,-134
"20373","2727王品","110/07/14","國泰-板橋",105,11,94
"20374","2727王品","110/07/14","富邦-台北",1,125,-124
"20375","2727王品","110/07/14","港商野村",149,72,77
"20376","2727王品","110/07/14","台灣摩根士丹利",1,48,-47
"20377","2727王品","110/07/14","合庫-台中",66,2,64
"20378","2727王品","110/07/14","國票-新莊",0,40,-40
"20379","2727王品","110/07/14","臺銀-金山",63,8,55
"20380","2727王品","110/07/14","永豐金-忠孝",2,39,-37
"20381","2727王品","110/07/14","摩根大通",83,39,44
"20382","2727王品","110/07/14","富邦-彰化",1,34,-33
"20383","2727王品","110/07/14","凱基-台北",84,42,42
"20384","2727王品","110/07/14","康和-高雄",0,30,-30
"20385","2727王品","110/07/14","土銀-台中",35,1,34
"20386","2727王品","110/07/14","安泰",0,26,-26
"20387","2727王品","110/07/14","華南永昌-麻豆",32,1,31
"20388","2727王品","110/07/14","富邦-新竹華信",0,21,-21
"20389","2727王品","110/07/14","元大證券",85,55,30
"20390","2727王品","110/07/14","元大-南崁",1,22,-21
"20391","2727王品","110/07/14","新加坡商瑞銀",40,15,25
"20392","2727王品","110/07/14","彰銀-台中",0,18,-18
"20393","2727王品","110/07/14","日盛-八德",19,0,19
"20394","2727王品","110/07/14","元富-同大",2,20,-18
"20395","2727王品","110/07/14","統一",35,17,18
"20396","2727王品","110/07/14","玉山-嘉義",1,17,-16
"20397","2727王品","110/07/14","元富-大昌",18,1,17
"20398","2727王品","110/07/14","國泰-館前",4,20,-16
"20399","2727王品","110/07/14","玉山-板橋",15,1,14
"20400","2727王品","110/07/14","第一金-嘉義",1,13,-12
"20401","1570力肯","110/07/14","國票-北高雄",68,0,68
"20402","1570力肯","110/07/14","摩根大通",0,21,-21
"20403","1570力肯","110/07/14","日盛-八德",30,1,29
"20404","1570力肯","110/07/14","新光",1,19,-18
"20405","1570力肯","110/07/14","玉山-高雄",7,0,7
"20406","1570力肯","110/07/14","(牛牛牛)亞-鑫豐",0,17,-17
"20407","1570力肯","110/07/14","臺銀-臺南",5,0,5
"20408","1570力肯","110/07/14","日盛-士林",0,10,-10
"20409","1570力肯","110/07/14","凱基-三峽",5,0,5
"20410","1570力肯","110/07/14","統一-員林",0,10,-10
"20411","1570力肯","110/07/14","元大-和平",5,0,5
"20412","1570力肯","110/07/14","國票-新莊",0,10,-10
"20413","1570力肯","110/07/14","合庫-三重",4,0,4
"20414","1570力肯","110/07/14","凱基-高美館",0,10,-10
"20415","1570力肯","110/07/14","瑞士信貸",4,0,4
"20416","1570力肯","110/07/14","元大-屏東民生",0,5,-5
"20417","1570力肯","110/07/14","統一-三多",4,0,4
"20418","1570力肯","110/07/14","元大-古亭",0,5,-5
"20419","1570力肯","110/07/14","華南永昌-古亭",4,0,4
"20420","1570力肯","110/07/14","日盛-木柵",0,4,-4
"20421","1570力肯","110/07/14","元大-高雄",3,0,3
"20422","1570力肯","110/07/14","大昌",0,4,-4
"20423","1570力肯","110/07/14","兆豐-忠孝",2,0,2
"20424","1570力肯","110/07/14","群益金鼎-東大",0,4,-4
"20425","1570力肯","110/07/14","富邦-陽明",2,0,2
"20426","1570力肯","110/07/14","凱基-台北",0,4,-4
"20427","1570力肯","110/07/14","元大-松山",2,0,2
"20428","1570力肯","110/07/14","元大-板橋",0,4,-4
"20429","1570力肯","110/07/14","元大-忠孝",2,0,2
"20430","1570力肯","110/07/14","第一金-中山",0,3,-3
"20431","6180橘子","110/07/14","新加坡商瑞銀",84,28,56
"20432","6180橘子","110/07/14","凱基-台北",4,37,-33
"20433","6180橘子","110/07/14","日盛-信義",29,1,28
"20434","6180橘子","110/07/14","玉山-台南",1,22,-21
"20435","6180橘子","110/07/14","豐農",28,4,24
"20436","6180橘子","110/07/14","日盛-新竹",1,21,-20
"20437","6180橘子","110/07/14","新光-新竹",24,1,23
"20438","6180橘子","110/07/14","元富-潮州",0,19,-19
"20439","6180橘子","110/07/14","華南永昌-高雄",20,0,20
"20440","6180橘子","110/07/14","元大-信義",0,17,-17
"20441","6180橘子","110/07/14","元大-羅東",20,0,20
"20442","6180橘子","110/07/14","台灣企銀-台中",1,16,-15
"20443","6180橘子","110/07/14","元大-台中中港",20,0,20
"20444","6180橘子","110/07/14","元大-北港",0,15,-15
"20445","6180橘子","110/07/14","富邦-嘉義",24,5,19
"20446","6180橘子","110/07/14","富邦-高雄",0,14,-14
"20447","6180橘子","110/07/14","富邦-仁愛",15,0,15
"20448","6180橘子","110/07/14","兆豐-埔墘",0,13,-13
"20449","6180橘子","110/07/14","國票-九鼎",13,0,13
"20450","6180橘子","110/07/14","第一金-中山",0,10,-10
"20451","6180橘子","110/07/14","日盛-木柵",12,0,12
"20452","6180橘子","110/07/14","元大-彰化民生",0,10,-10
"20453","6180橘子","110/07/14","元大-成功",10,0,10
"20454","6180橘子","110/07/14","福勝",1,10,-9
"20455","6180橘子","110/07/14","港商野村",10,2,8
"20456","6180橘子","110/07/14","群益金鼎-丹鳳",1,10,-9
"20457","6180橘子","110/07/14","玉山-左營",8,0,8
"20458","6180橘子","110/07/14","群益金鼎-板橋",0,8,-8
"20459","6180橘子","110/07/14","富邦-陽明",16,8,8
"20460","6180橘子","110/07/14","合庫-鳳山",0,7,-7
"20461","2390云辰","110/07/14","摩根大通",995,198,797
"20462","2390云辰","110/07/14","新加坡商瑞銀",28,399,-371
"20463","2390云辰","110/07/14","美林",383,22,361
"20464","2390云辰","110/07/14","凱基-新豐",3,198,-195
"20465","2390云辰","110/07/14","台灣摩根士丹利",684,358,326
"20466","2390云辰","110/07/14","元大-士林",1,152,-151
"20467","2390云辰","110/07/14","凱基-台北",656,402,254
"20468","2390云辰","110/07/14","元大-竹山",80,181,-101
"20469","2390云辰","110/07/14","日盛-和美",110,5,105
"20470","2390云辰","110/07/14","群益金鼎-開元",19,95,-76
"20471","2390云辰","110/07/14","元大-天母",72,0,72
"20472","2390云辰","110/07/14","新光",77,150,-73
"20473","2390云辰","110/07/14","永豐金-松山",57,0,57
"20474","2390云辰","110/07/14","元富-高雄",0,71,-71
"20475","2390云辰","110/07/14","統一-屏東",53,0,53
"20476","2390云辰","110/07/14","元大-土城學府",130,201,-71
"20477","2390云辰","110/07/14","港商野村",486,450,36
"20478","2390云辰","110/07/14","元大-善化",12,76,-64
"20479","2390云辰","110/07/14","致和-崇德",30,0,30
"20480","2390云辰","110/07/14","華南永昌-岡山",23,81,-58
"20481","2390云辰","110/07/14","富邦-台北",40,14,26
"20482","2390云辰","110/07/14","群益金鼎-大興",82,125,-43
"20483","2390云辰","110/07/14","台新-高雄",38,13,25
"20484","2390云辰","110/07/14","大慶-中壢",0,41,-41
"20485","2390云辰","110/07/14","富邦-板橋",32,7,25
"20486","2390云辰","110/07/14","玉山-板橋",6,47,-41
"20487","2390云辰","110/07/14","陽信-石牌",24,0,24
"20488","2390云辰","110/07/14","富邦-台東",2,42,-40
"20489","2390云辰","110/07/14","凱基-屏東",32,8,24
"20490","2390云辰","110/07/14","元大-新營",3,42,-39
"20491","2363矽統","110/07/14","台灣摩根士丹利",463,0,463
"20492","2363矽統","110/07/14","新加坡商瑞銀",568,1321,-753
"20493","2363矽統","110/07/14","台新證券",750,342,408
"20494","2363矽統","110/07/14","瑞士信貸",149,864,-715
"20495","2363矽統","110/07/14","玉山-台中",363,51,312
"20496","2363矽統","110/07/14","台新-屏東",115,380,-265
"20497","2363矽統","110/07/14","元大-斗六",223,25,198
"20498","2363矽統","110/07/14","永豐金證券",16,265,-249
"20499","2363矽統","110/07/14","華南永昌-朴子",208,38,170
"20500","2363矽統","110/07/14","美林",462,701,-239
"20501","2363矽統","110/07/14","元富-西松",169,12,157
"20502","2363矽統","110/07/14","宏遠-桃園",269,500,-231
"20503","2363矽統","110/07/14","永豐金-大園",146,6,140
"20504","2363矽統","110/07/14","凱基-竹北",36,254,-218
"20505","2363矽統","110/07/14","土銀-和平",134,0,134
"20506","2363矽統","110/07/14","港商法國興業",0,214,-214
"20507","2363矽統","110/07/14","富邦-新營",130,13,117
"20508","2363矽統","110/07/14","港商野村",835,1044,-209
"20509","2363矽統","110/07/14","元富-成功",118,11,107
"20510","2363矽統","110/07/14","北城證券",212,411,-199
"20511","2363矽統","110/07/14","元富-烏日",121,18,103
"20512","2363矽統","110/07/14","(牛牛牛)亞-鑫豐",51,241,-190
"20513","2363矽統","110/07/14","日盛-二林",120,18,102
"20514","2363矽統","110/07/14","國票-博愛",24,213,-189
"20515","2363矽統","110/07/14","兆豐-忠孝",98,2,96
"20516","2363矽統","110/07/14","大慶-蘆洲",134,316,-182
"20517","2363矽統","110/07/14","大慶-楊梅",92,3,89
"20518","2363矽統","110/07/14","彰銀-台中",15,193,-178
"20519","2363矽統","110/07/14","元富-三重",120,33,87
"20520","2363矽統","110/07/14","日盛-和美",18,185,-167
"20521","8112至上","110/07/14","新加坡商瑞銀",223,17,206
"20522","8112至上","110/07/14","瑞士信貸",8,170,-162
"20523","8112至上","110/07/14","摩根大通",285,129,156
"20524","8112至上","110/07/14","美林",55,202,-147
"20525","8112至上","110/07/14","花旗環球",124,0,124
"20526","8112至上","110/07/14","凱基-台北",325,436,-111
"20527","8112至上","110/07/14","兆豐-公益",117,4,113
"20528","8112至上","110/07/14","台中銀-台北",0,98,-98
"20529","8112至上","110/07/14","香港上海匯豐",111,0,111
"20530","8112至上","110/07/14","玉山-台大",17,107,-90
"20531","8112至上","110/07/14","永豐金-內湖",117,21,96
"20532","8112至上","110/07/14","康和-內湖",1,90,-89
"20533","8112至上","110/07/14","台灣摩根士丹利",108,16,92
"20534","8112至上","110/07/14","港商野村",21,84,-63
"20535","8112至上","110/07/14","元大-東蘆",77,0,77
"20536","8112至上","110/07/14","兆豐-北高雄",1,60,-59
"20537","8112至上","110/07/14","新光",108,48,60
"20538","8112至上","110/07/14","群益金鼎-海山",1,52,-51
"20539","8112至上","110/07/14","大慶-蘆洲",59,0,59
"20540","8112至上","110/07/14","群益金鼎-大安",0,50,-50
"20541","8112至上","110/07/14","華南永昌-台中",56,3,53
"20542","8112至上","110/07/14","富邦-仁愛",2,49,-47
"20543","8112至上","110/07/14","土銀-嘉義",52,2,50
"20544","8112至上","110/07/14","元大-金華",0,42,-42
"20545","8112至上","110/07/14","美商高盛",40,0,40
"20546","8112至上","110/07/14","元大-內湖",4,43,-39
"20547","8112至上","110/07/14","臺銀",63,29,34
"20548","8112至上","110/07/14","第一金-華江",2,37,-35
"20549","8112至上","110/07/14","元富-嘉義",31,0,31
"20550","8112至上","110/07/14","永豐金-苓雅",2,34,-32
"20551","1570力肯","110/07/14","國票-北高雄",68,0,68
"20552","1570力肯","110/07/14","摩根大通",0,21,-21
"20553","1570力肯","110/07/14","日盛-八德",30,1,29
"20554","1570力肯","110/07/14","新光",1,19,-18
"20555","1570力肯","110/07/14","玉山-高雄",7,0,7
"20556","1570力肯","110/07/14","(牛牛牛)亞-鑫豐",0,17,-17
"20557","1570力肯","110/07/14","臺銀-臺南",5,0,5
"20558","1570力肯","110/07/14","日盛-士林",0,10,-10
"20559","1570力肯","110/07/14","凱基-三峽",5,0,5
"20560","1570力肯","110/07/14","統一-員林",0,10,-10
"20561","1570力肯","110/07/14","元大-和平",5,0,5
"20562","1570力肯","110/07/14","國票-新莊",0,10,-10
"20563","1570力肯","110/07/14","合庫-三重",4,0,4
"20564","1570力肯","110/07/14","凱基-高美館",0,10,-10
"20565","1570力肯","110/07/14","瑞士信貸",4,0,4
"20566","1570力肯","110/07/14","元大-屏東民生",0,5,-5
"20567","1570力肯","110/07/14","統一-三多",4,0,4
"20568","1570力肯","110/07/14","元大-古亭",0,5,-5
"20569","1570力肯","110/07/14","華南永昌-古亭",4,0,4
"20570","1570力肯","110/07/14","日盛-木柵",0,4,-4
"20571","1570力肯","110/07/14","元大-高雄",3,0,3
"20572","1570力肯","110/07/14","大昌",0,4,-4
"20573","1570力肯","110/07/14","兆豐-忠孝",2,0,2
"20574","1570力肯","110/07/14","群益金鼎-東大",0,4,-4
"20575","1570力肯","110/07/14","富邦-陽明",2,0,2
"20576","1570力肯","110/07/14","凱基-台北",0,4,-4
"20577","1570力肯","110/07/14","元大-松山",2,0,2
"20578","1570力肯","110/07/14","元大-板橋",0,4,-4
"20579","1570力肯","110/07/14","元大-忠孝",2,0,2
"20580","1570力肯","110/07/14","第一金-中山",0,3,-3
"20581","2929淘帝","110/07/14","華南永昌-林口",60,0,60
"20582","2929淘帝","110/07/14","群益金鼎",25,540,-515
"20583","2929淘帝","110/07/14","美林",87,31,56
"20584","2929淘帝","110/07/14","國泰-台南",1,30,-29
"20585","2929淘帝","110/07/14","元富-台南",40,0,40
"20586","2929淘帝","110/07/14","宏遠-桃園",0,20,-20
"20587","2929淘帝","110/07/14","元大-民生",39,0,39
"20588","2929淘帝","110/07/14","摩根大通",11,31,-20
"20589","2929淘帝","110/07/14","臺銀-鳳山",34,0,34
"20590","2929淘帝","110/07/14","台新-建北",5,20,-15
"20591","2929淘帝","110/07/14","合庫-高雄",34,1,33
"20592","2929淘帝","110/07/14","新光",1,16,-15
"20593","2929淘帝","110/07/14","華南永昌-鶯歌",28,0,28
"20594","2929淘帝","110/07/14","玉山-板橋",0,15,-15
"20595","2929淘帝","110/07/14","永興",25,0,25
"20596","2929淘帝","110/07/14","凱基-羅東",0,15,-15
"20597","2929淘帝","110/07/14","元大-新盛",25,1,24
"20598","2929淘帝","110/07/14","元大-頭份",0,15,-15
"20599","2929淘帝","110/07/14","日盛-南京",23,0,23
"20600","2929淘帝","110/07/14","第一金-台南",0,13,-13
"20601","2929淘帝","110/07/14","日茂",20,0,20
"20602","2929淘帝","110/07/14","富邦-基隆",0,12,-12
"20603","2929淘帝","110/07/14","台新-台中",20,0,20
"20604","2929淘帝","110/07/14","日茂-南投",1,12,-11
"20605","2929淘帝","110/07/14","華南永昌",20,0,20
"20606","2929淘帝","110/07/14","元大-豐原站前",0,11,-11
"20607","2929淘帝","110/07/14","福勝",15,0,15
"20608","2929淘帝","110/07/14","玉山-士林",0,10,-10
"20609","2929淘帝","110/07/14","富邦-南屯",15,0,15
"20610","2929淘帝","110/07/14","富邦-台北",0,10,-10
"20611","5410國眾","110/07/14","兆豐-城中",35,0,35
"20612","5410國眾","110/07/14","瑞士信貸",0,29,-29
"20613","5410國眾","110/07/14","新光",21,1,20
"20614","5410國眾","110/07/14","國泰-板橋",1,30,-29
"20615","5410國眾","110/07/14","國泰-敦南",21,1,20
"20616","5410國眾","110/07/14","日盛-高雄",0,20,-20
"20617","5410國眾","110/07/14","國泰-台中",20,1,19
"20618","5410國眾","110/07/14","台新-左楠",1,20,-19
"20619","5410國眾","110/07/14","元大-崇德",19,0,19
"20620","5410國眾","110/07/14","元富-大昌",1,18,-17
"20621","5410國眾","110/07/14","土銀-士林",18,0,18
"20622","5410國眾","110/07/14","富邦-建國",0,15,-15
"20623","5410國眾","110/07/14","元大-新盛",20,2,18
"20624","5410國眾","110/07/14","元富-嘉義",0,12,-12
"20625","5410國眾","110/07/14","兆豐-高雄",15,0,15
"20626","5410國眾","110/07/14","永全-南崁",0,12,-12
"20627","5410國眾","110/07/14","宏遠-中和",10,0,10
"20628","5410國眾","110/07/14","元大-員林",0,11,-11
"20629","5410國眾","110/07/14","新光-桃園",10,0,10
"20630","5410國眾","110/07/14","高橋",0,10,-10
"20631","5410國眾","110/07/14","國泰-台南",10,0,10
"20632","5410國眾","110/07/14","永興",0,10,-10
"20633","5410國眾","110/07/14","元大-復北",10,0,10
"20634","5410國眾","110/07/14","華南永昌-三重",0,10,-10
"20635","5410國眾","110/07/14","元大-竹科",8,0,8
"20636","5410國眾","110/07/14","元大-苑裡",0,7,-7
"20637","5410國眾","110/07/14","台新-新營",6,0,6
"20638","5410國眾","110/07/14","港商野村",0,6,-6
"20639","5410國眾","110/07/14","日盛-士林",5,0,5
"20640","5410國眾","110/07/14","摩根大通",5,11,-6
"20641","2841台開","110/07/14","凱基-文心",73,0,73
"20642","2841台開","110/07/14","國泰-敦南",0,50,-50
"20643","2841台開","110/07/14","元富-潮州",30,0,30
"20644","2841台開","110/07/14","凱基-中壢",0,40,-40
"20645","2841台開","110/07/14","第一金-台中",20,0,20
"20646","2841台開","110/07/14","統一-新竹",0,24,-24
"20647","2841台開","110/07/14","華南永昌-新莊",20,0,20
"20648","2841台開","110/07/14","元富-草屯",0,20,-20
"20649","2841台開","110/07/14","永豐金-豐原",20,0,20
"20650","2841台開","110/07/14","台新-台南",0,20,-20
"20651","2841台開","110/07/14","國泰-館前",15,0,15
"20652","2841台開","110/07/14","永豐金-敦南",45,63,-18
"20653","2841台開","110/07/14","群益金鼎-基隆",12,0,12
"20654","2841台開","110/07/14","國票-北高雄",0,13,-13
"20655","2841台開","110/07/14","日盛-信義",10,0,10
"20656","2841台開","110/07/14","凱基-松山",0,10,-10
"20657","2841台開","110/07/14","台新-台中",10,0,10
"20658","2841台開","110/07/14","元大證券",0,10,-10
"20659","2841台開","110/07/14","新光",10,1,9
"20660","2841台開","110/07/14","元大-中壢",0,10,-10
"20661","2841台開","110/07/14","凱基-新店",8,0,8
"20662","2841台開","110/07/14","富邦-陽明",1,10,-9
"20663","2841台開","110/07/14","元大-斗信",7,0,7
"20664","2841台開","110/07/14","富邦-建國",0,9,-9
"20665","2841台開","110/07/14","元大-三重",6,0,6
"20666","2841台開","110/07/14","富邦-台南",0,8,-8
"20667","2841台開","110/07/14","永豐金-中和",6,0,6
"20668","2841台開","110/07/14","康和-澎湖",0,7,-7
"20669","2841台開","110/07/14","元富-成功",5,0,5
"20670","2841台開","110/07/14","日盛-斗六",0,6,-6
"20671","6207雷科","110/07/14","群益金鼎-台北",60,0,60
"20672","6207雷科","110/07/14","新加坡商瑞銀",10,56,-46
"20673","6207雷科","110/07/14","台新-高雄",43,3,40
"20674","6207雷科","110/07/14","國票-中和",0,41,-41
"20675","6207雷科","110/07/14","元大-高雄",19,0,19
"20676","6207雷科","110/07/14","元大-復北",0,33,-33
"20677","6207雷科","110/07/14","福勝",15,0,15
"20678","6207雷科","110/07/14","光和-和美",0,20,-20
"20679","6207雷科","110/07/14","群益金鼎-中山",15,0,15
"20680","6207雷科","110/07/14","群益金鼎-丹鳳",0,20,-20
"20681","6207雷科","110/07/14","元大-林園",15,0,15
"20682","6207雷科","110/07/14","第一金-路竹",0,10,-10
"20683","6207雷科","110/07/14","新光",12,0,12
"20684","6207雷科","110/07/14","元大-歸仁",0,10,-10
"20685","6207雷科","110/07/14","元大-大天母",10,0,10
"20686","6207雷科","110/07/14","宏遠-館前",0,9,-9
"20687","6207雷科","110/07/14","永豐金-忠孝",9,0,9
"20688","6207雷科","110/07/14","凱基-台北",12,20,-8
"20689","6207雷科","110/07/14","永豐金-新店",7,0,7
"20690","6207雷科","110/07/14","美林",0,7,-7
"20691","6207雷科","110/07/14","玉山-嘉義",6,0,6
"20692","6207雷科","110/07/14","摩根大通",16,23,-7
"20693","6207雷科","110/07/14","元大-屏東",6,0,6
"20694","6207雷科","110/07/14","凱基-高雄",1,7,-6
"20695","6207雷科","110/07/14","凱基-大安",5,0,5
"20696","6207雷科","110/07/14","台中銀-豐原",0,5,-5
"20697","6207雷科","110/07/14","富邦-台南",5,0,5
"20698","6207雷科","110/07/14","元大-新竹經國",0,5,-5
"20699","6207雷科","110/07/14","元大-成功",5,0,5
"20700","6207雷科","110/07/14","光和-田中",0,4,-4
"20701","3679新至陞","110/07/14","凱基-台北",31,6,25
"20702","3679新至陞","110/07/14","群益金鼎-東大",0,15,-15
"20703","3679新至陞","110/07/14","華南永昌-新莊",10,0,10
"20704","3679新至陞","110/07/14","瑞士信貸",0,12,-12
"20705","3679新至陞","110/07/14","新加坡商瑞銀",11,3,8
"20706","3679新至陞","110/07/14","群益金鼎-永和",0,10,-10
"20707","3679新至陞","110/07/14","美商高盛",6,0,6
"20708","3679新至陞","110/07/14","元大-成功",5,15,-10
"20709","3679新至陞","110/07/14","第一金-中壢",6,0,6
"20710","3679新至陞","110/07/14","統一-板橋",1,10,-9
"20711","3679新至陞","110/07/14","(牛牛牛)亞-網路",4,0,4
"20712","3679新至陞","110/07/14","玉山-左營",0,5,-5
"20713","3679新至陞","110/07/14","元大-六合",3,0,3
"20714","3679新至陞","110/07/14","群益金鼎-三民",0,4,-4
"20715","3679新至陞","110/07/14","合庫-自強",2,0,2
"20716","3679新至陞","110/07/14","富邦-宜蘭",0,4,-4
"20717","3679新至陞","110/07/14","高橋-內壢",2,0,2
"20718","3679新至陞","110/07/14","永豐金-苓雅",0,3,-3
"20719","3679新至陞","110/07/14","台中銀-員林",2,0,2
"20720","3679新至陞","110/07/14","摩根大通",5,7,-2
"20721","3679新至陞","110/07/14","凱基-高美館",2,0,2
"20722","3679新至陞","110/07/14","元大-板橋三民",0,2,-2
"20723","3679新至陞","110/07/14","元大-福營",2,0,2
"20724","3679新至陞","110/07/14","宏遠-中和",0,1,-1
"20725","3679新至陞","110/07/14","永豐金-松山",2,0,2
"20726","3679新至陞","110/07/14","元富-佳里",0,1,-1
"20727","3679新至陞","110/07/14","永豐金-萬盛",2,0,2
"20728","3679新至陞","110/07/14","(牛牛牛)亞-鑫豐",0,1,-1
"20729","3679新至陞","110/07/14","元富-松德",1,0,1
"20730","3679新至陞","110/07/14","中國信託-中壢",0,1,-1
"20731","2727王品","110/07/14","富邦-左營",102,1,101
"20732","2727王品","110/07/14","統一-城中",100,234,-134
"20733","2727王品","110/07/14","國泰-板橋",105,11,94
"20734","2727王品","110/07/14","富邦-台北",1,125,-124
"20735","2727王品","110/07/14","港商野村",149,72,77
"20736","2727王品","110/07/14","台灣摩根士丹利",1,48,-47
"20737","2727王品","110/07/14","合庫-台中",66,2,64
"20738","2727王品","110/07/14","國票-新莊",0,40,-40
"20739","2727王品","110/07/14","臺銀-金山",63,8,55
"20740","2727王品","110/07/14","永豐金-忠孝",2,39,-37
"20741","2727王品","110/07/14","摩根大通",83,39,44
"20742","2727王品","110/07/14","富邦-彰化",1,34,-33
"20743","2727王品","110/07/14","凱基-台北",84,42,42
"20744","2727王品","110/07/14","康和-高雄",0,30,-30
"20745","2727王品","110/07/14","土銀-台中",35,1,34
"20746","2727王品","110/07/14","安泰",0,26,-26
"20747","2727王品","110/07/14","華南永昌-麻豆",32,1,31
"20748","2727王品","110/07/14","富邦-新竹華信",0,21,-21
"20749","2727王品","110/07/14","元大證券",85,55,30
"20750","2727王品","110/07/14","元大-南崁",1,22,-21
"20751","2727王品","110/07/14","新加坡商瑞銀",40,15,25
"20752","2727王品","110/07/14","彰銀-台中",0,18,-18
"20753","2727王品","110/07/14","日盛-八德",19,0,19
"20754","2727王品","110/07/14","元富-同大",2,20,-18
"20755","2727王品","110/07/14","統一",35,17,18
"20756","2727王品","110/07/14","玉山-嘉義",1,17,-16
"20757","2727王品","110/07/14","元富-大昌",18,1,17
"20758","2727王品","110/07/14","國泰-館前",4,20,-16
"20759","2727王品","110/07/14","玉山-板橋",15,1,14
"20760","2727王品","110/07/14","第一金-嘉義",1,13,-12
"20761","1570力肯","110/07/14","國票-北高雄",68,0,68
"20762","1570力肯","110/07/14","摩根大通",0,21,-21
"20763","1570力肯","110/07/14","日盛-八德",30,1,29
"20764","1570力肯","110/07/14","新光",1,19,-18
"20765","1570力肯","110/07/14","玉山-高雄",7,0,7
"20766","1570力肯","110/07/14","(牛牛牛)亞-鑫豐",0,17,-17
"20767","1570力肯","110/07/14","臺銀-臺南",5,0,5
"20768","1570力肯","110/07/14","日盛-士林",0,10,-10
"20769","1570力肯","110/07/14","凱基-三峽",5,0,5
"20770","1570力肯","110/07/14","統一-員林",0,10,-10
"20771","1570力肯","110/07/14","元大-和平",5,0,5
"20772","1570力肯","110/07/14","國票-新莊",0,10,-10
"20773","1570力肯","110/07/14","合庫-三重",4,0,4
"20774","1570力肯","110/07/14","凱基-高美館",0,10,-10
"20775","1570力肯","110/07/14","瑞士信貸",4,0,4
"20776","1570力肯","110/07/14","元大-屏東民生",0,5,-5
"20777","1570力肯","110/07/14","統一-三多",4,0,4
"20778","1570力肯","110/07/14","元大-古亭",0,5,-5
"20779","1570力肯","110/07/14","華南永昌-古亭",4,0,4
"20780","1570力肯","110/07/14","日盛-木柵",0,4,-4
"20781","1570力肯","110/07/14","元大-高雄",3,0,3
"20782","1570力肯","110/07/14","大昌",0,4,-4
"20783","1570力肯","110/07/14","兆豐-忠孝",2,0,2
"20784","1570力肯","110/07/14","群益金鼎-東大",0,4,-4
"20785","1570力肯","110/07/14","富邦-陽明",2,0,2
"20786","1570力肯","110/07/14","凱基-台北",0,4,-4
"20787","1570力肯","110/07/14","元大-松山",2,0,2
"20788","1570力肯","110/07/14","元大-板橋",0,4,-4
"20789","1570力肯","110/07/14","元大-忠孝",2,0,2
"20790","1570力肯","110/07/14","第一金-中山",0,3,-3
"20791","6180橘子","110/07/14","新加坡商瑞銀",84,28,56
"20792","6180橘子","110/07/14","凱基-台北",4,37,-33
"20793","6180橘子","110/07/14","日盛-信義",29,1,28
"20794","6180橘子","110/07/14","玉山-台南",1,22,-21
"20795","6180橘子","110/07/14","豐農",28,4,24
"20796","6180橘子","110/07/14","日盛-新竹",1,21,-20
"20797","6180橘子","110/07/14","新光-新竹",24,1,23
"20798","6180橘子","110/07/14","元富-潮州",0,19,-19
"20799","6180橘子","110/07/14","華南永昌-高雄",20,0,20
"20800","6180橘子","110/07/14","元大-信義",0,17,-17
"20801","6180橘子","110/07/14","元大-羅東",20,0,20
"20802","6180橘子","110/07/14","台灣企銀-台中",1,16,-15
"20803","6180橘子","110/07/14","元大-台中中港",20,0,20
"20804","6180橘子","110/07/14","元大-北港",0,15,-15
"20805","6180橘子","110/07/14","富邦-嘉義",24,5,19
"20806","6180橘子","110/07/14","富邦-高雄",0,14,-14
"20807","6180橘子","110/07/14","富邦-仁愛",15,0,15
"20808","6180橘子","110/07/14","兆豐-埔墘",0,13,-13
"20809","6180橘子","110/07/14","國票-九鼎",13,0,13
"20810","6180橘子","110/07/14","第一金-中山",0,10,-10
"20811","6180橘子","110/07/14","日盛-木柵",12,0,12
"20812","6180橘子","110/07/14","元大-彰化民生",0,10,-10
"20813","6180橘子","110/07/14","元大-成功",10,0,10
"20814","6180橘子","110/07/14","福勝",1,10,-9
"20815","6180橘子","110/07/14","港商野村",10,2,8
"20816","6180橘子","110/07/14","群益金鼎-丹鳳",1,10,-9
"20817","6180橘子","110/07/14","玉山-左營",8,0,8
"20818","6180橘子","110/07/14","群益金鼎-板橋",0,8,-8
"20819","6180橘子","110/07/14","富邦-陽明",16,8,8
"20820","6180橘子","110/07/14","合庫-鳳山",0,7,-7
"20821","2390云辰","110/07/14","摩根大通",995,198,797
"20822","2390云辰","110/07/14","新加坡商瑞銀",28,399,-371
"20823","2390云辰","110/07/14","美林",383,22,361
"20824","2390云辰","110/07/14","凱基-新豐",3,198,-195
"20825","2390云辰","110/07/14","台灣摩根士丹利",684,358,326
"20826","2390云辰","110/07/14","元大-士林",1,152,-151
"20827","2390云辰","110/07/14","凱基-台北",656,402,254
"20828","2390云辰","110/07/14","元大-竹山",80,181,-101
"20829","2390云辰","110/07/14","日盛-和美",110,5,105
"20830","2390云辰","110/07/14","群益金鼎-開元",19,95,-76
"20831","2390云辰","110/07/14","元大-天母",72,0,72
"20832","2390云辰","110/07/14","新光",77,150,-73
"20833","2390云辰","110/07/14","永豐金-松山",57,0,57
"20834","2390云辰","110/07/14","元富-高雄",0,71,-71
"20835","2390云辰","110/07/14","統一-屏東",53,0,53
"20836","2390云辰","110/07/14","元大-土城學府",130,201,-71
"20837","2390云辰","110/07/14","港商野村",486,450,36
"20838","2390云辰","110/07/14","元大-善化",12,76,-64
"20839","2390云辰","110/07/14","致和-崇德",30,0,30
"20840","2390云辰","110/07/14","華南永昌-岡山",23,81,-58
"20841","2390云辰","110/07/14","富邦-台北",40,14,26
"20842","2390云辰","110/07/14","群益金鼎-大興",82,125,-43
"20843","2390云辰","110/07/14","台新-高雄",38,13,25
"20844","2390云辰","110/07/14","大慶-中壢",0,41,-41
"20845","2390云辰","110/07/14","富邦-板橋",32,7,25
"20846","2390云辰","110/07/14","玉山-板橋",6,47,-41
"20847","2390云辰","110/07/14","陽信-石牌",24,0,24
"20848","2390云辰","110/07/14","富邦-台東",2,42,-40
"20849","2390云辰","110/07/14","凱基-屏東",32,8,24
"20850","2390云辰","110/07/14","元大-新營",3,42,-39
"20851","2363矽統","110/07/13","凱基-南崁",2133,63,2070
"20852","2363矽統","110/07/13","凱基-幸福",36,4048,-4012
"20853","2363矽統","110/07/13","國泰-敦南",2195,1617,578
"20854","2363矽統","110/07/13","統一",192,3325,-3133
"20855","2363矽統","110/07/13","中農",670,139,531
"20856","2363矽統","110/07/13","新加坡商瑞銀",1000,2747,-1747
"20857","2363矽統","110/07/13","康和-台中",638,154,484
"20858","2363矽統","110/07/13","凱基-台北",5359,6609,-1250
"20859","2363矽統","110/07/13","群益金鼎-三民",577,137,440
"20860","2363矽統","110/07/13","摩根大通",1930,2858,-928
"20861","2363矽統","110/07/13","台新-屏東",510,88,422
"20862","2363矽統","110/07/13","港商野村",960,1679,-719
"20863","2363矽統","110/07/13","德信-中正",455,67,388
"20864","2363矽統","110/07/13","兆豐-復興",25,705,-680
"20865","2363矽統","110/07/13","日盛-竹北",365,70,295
"20866","2363矽統","110/07/13","統一-仁愛",114,755,-641
"20867","2363矽統","110/07/13","元大-佳里",452,189,263
"20868","2363矽統","110/07/13","統一-敦南",29,638,-609
"20869","2363矽統","110/07/13","國票-博愛",296,38,258
"20870","2363矽統","110/07/13","統一-土城",100,704,-604
"20871","2363矽統","110/07/13","元大-萬華",340,95,245
"20872","2363矽統","110/07/13","統一-城中",116,676,-560
"20873","2363矽統","110/07/13","新光",1259,1031,228
"20874","2363矽統","110/07/13","永豐金證券",306,859,-553
"20875","2363矽統","110/07/13","元富-成功",323,96,227
"20876","2363矽統","110/07/13","元富",54,567,-513
"20877","2363矽統","110/07/13","豐農",228,23,205
"20878","2363矽統","110/07/13","瑞士信貸",202,666,-464
"20879","2363矽統","110/07/13","台灣企銀-岡山",186,4,182
"20880","2363矽統","110/07/13","永豐金-嘉義",67,468,-401
"20881","8112至上","110/07/13","摩根大通",688,296,392
"20882","8112至上","110/07/13","國票-中和",0,401,-401
"20883","8112至上","110/07/13","港商野村",344,145,199
"20884","8112至上","110/07/13","永豐金-板盛",0,205,-205
"20885","8112至上","110/07/13","兆豐-公益",195,5,190
"20886","8112至上","110/07/13","凱基-五股",43,155,-112
"20887","8112至上","110/07/13","台灣摩根士丹利",183,0,183
"20888","8112至上","110/07/13","凱基-市政",0,100,-100
"20889","8112至上","110/07/13","群益金鼎-敦南",153,2,151
"20890","8112至上","110/07/13","元大-大里德芳",1,92,-91
"20891","8112至上","110/07/13","臺銀-金山",146,26,120
"20892","8112至上","110/07/13","玉山-桃園",26,110,-84
"20893","8112至上","110/07/13","臺銀",133,19,114
"20894","8112至上","110/07/13","兆豐-天母",0,81,-81
"20895","8112至上","110/07/13","合庫-台中",115,6,109
"20896","8112至上","110/07/13","凱基-城中",3,84,-81
"20897","8112至上","110/07/13","亞東-板橋",134,26,108
"20898","8112至上","110/07/13","日盛-新莊",9,85,-76
"20899","8112至上","110/07/13","凱基-台北",414,326,88
"20900","8112至上","110/07/13","日盛-台中",2,64,-62
"20901","8112至上","110/07/13","新加坡商瑞銀",181,100,81
"20902","8112至上","110/07/13","日盛-中壢",3,64,-61
"20903","8112至上","110/07/13","國泰-敦南",108,31,77
"20904","8112至上","110/07/13","元大-台中",2,59,-57
"20905","8112至上","110/07/13","第一金-華江",77,4,73
"20906","8112至上","110/07/13","元大-雙和",7,64,-57
"20907","8112至上","110/07/13","永豐金-內湖",73,1,72
"20908","8112至上","110/07/13","元大-高雄",8,62,-54
"20909","8112至上","110/07/13","元大-永和",68,1,67
"20910","8112至上","110/07/13","元大-館前",2,55,-53
"20911","1570力肯","110/07/13","新光",115,11,104
"20912","1570力肯","110/07/13","元大-北三重",0,162,-162
"20913","1570力肯","110/07/13","群益金鼎-高雄",54,0,54
"20914","1570力肯","110/07/13","元大-大灣",0,25,-25
"20915","1570力肯","110/07/13","國票-新莊",22,0,22
"20916","1570力肯","110/07/13","永豐金-苓雅",0,22,-22
"20917","1570力肯","110/07/13","日盛-桃園",12,0,12
"20918","1570力肯","110/07/13","永豐金-永康",0,19,-19
"20919","1570力肯","110/07/13","元大-高雄",12,0,12
"20920","1570力肯","110/07/13","富邦-員林",0,15,-15
"20921","1570力肯","110/07/13","合庫-自強",11,0,11
"20922","1570力肯","110/07/13","凱基-台南",0,11,-11
"20923","1570力肯","110/07/13","摩根大通",26,15,11
"20924","1570力肯","110/07/13","日盛-竹北",0,10,-10
"20925","1570力肯","110/07/13","永豐金-中盛",11,0,11
"20926","1570力肯","110/07/13","國票-九鼎",0,10,-10
"20927","1570力肯","110/07/13","兆豐-台中港",10,0,10
"20928","1570力肯","110/07/13","凱基-桃園",0,10,-10
"20929","1570力肯","110/07/13","國泰-松江",9,0,9
"20930","1570力肯","110/07/13","凱基-新豐",0,10,-10
"20931","1570力肯","110/07/13","元大-新盛",9,0,9
"20932","1570力肯","110/07/13","元大-學甲",0,10,-10
"20933","1570力肯","110/07/13","元富-緯城",6,0,6
"20934","1570力肯","110/07/13","群益金鼎-東湖",1,10,-9
"20935","1570力肯","110/07/13","統一-三重",5,0,5
"20936","1570力肯","110/07/13","大昌",0,6,-6
"20937","1570力肯","110/07/13","元大-前金",5,0,5
"20938","1570力肯","110/07/13","元大-土城學府",0,6,-6
"20939","1570力肯","110/07/13","永豐金證券",5,0,5
"20940","1570力肯","110/07/13","統一",0,5,-5
"20941","2929淘帝","110/07/13","玉山-新竹",130,0,130
"20942","2929淘帝","110/07/13","美商高盛",0,177,-177
"20943","2929淘帝","110/07/13","臺銀-民權",60,0,60
"20944","2929淘帝","110/07/13","凱基-台北",6,80,-74
"20945","2929淘帝","110/07/13","新百王",31,0,31
"20946","2929淘帝","110/07/13","元富-大裕",0,49,-49
"20947","2929淘帝","110/07/13","日盛-園區",30,0,30
"20948","2929淘帝","110/07/13","國泰-館前",3,51,-48
"20949","2929淘帝","110/07/13","元大-南投",31,1,30
"20950","2929淘帝","110/07/13","凱基-中壢",0,41,-41
"20951","2929淘帝","110/07/13","兆豐-忠孝",28,0,28
"20952","2929淘帝","110/07/13","港商野村",21,55,-34
"20953","2929淘帝","110/07/13","元大-民生",28,0,28
"20954","2929淘帝","110/07/13","華南永昌-南京",2,34,-32
"20955","2929淘帝","110/07/13","合庫-高雄",27,0,27
"20956","2929淘帝","110/07/13","群益金鼎-土城",0,30,-30
"20957","2929淘帝","110/07/13","凱基-豐中",27,0,27
"20958","2929淘帝","110/07/13","富邦-南屯",0,22,-22
"20959","2929淘帝","110/07/13","新光",21,4,17
"20960","2929淘帝","110/07/13","第一金-豐原",0,20,-20
"20961","2929淘帝","110/07/13","元大-天母",17,0,17
"20962","2929淘帝","110/07/13","元大-屏南",6,26,-20
"20963","2929淘帝","110/07/13","永興",14,0,14
"20964","2929淘帝","110/07/13","永豐金-敦南",1,21,-20
"20965","2929淘帝","110/07/13","富邦-台北",12,0,12
"20966","2929淘帝","110/07/13","凱基-三重",2,21,-19
"20967","2929淘帝","110/07/13","元大-永和",12,0,12
"20968","2929淘帝","110/07/13","富邦-仁愛",7,25,-18
"20969","2929淘帝","110/07/13","國票-天祥",11,0,11
"20970","2929淘帝","110/07/13","元大-北投",0,16,-16
"20971","5410國眾","110/07/13","兆豐-城中",274,0,274
"20972","5410國眾","110/07/13","元富-嘉義",0,103,-103
"20973","5410國眾","110/07/13","新光",50,4,46
"20974","5410國眾","110/07/13","凱基-台北",0,50,-50
"20975","5410國眾","110/07/13","國泰-台中",26,0,26
"20976","5410國眾","110/07/13","瑞士信貸",0,31,-31
"20977","5410國眾","110/07/13","新加坡商瑞銀",22,0,22
"20978","5410國眾","110/07/13","台新-新莊",0,27,-27
"20979","5410國眾","110/07/13","光和-嘉義",20,0,20
"20980","5410國眾","110/07/13","元大-汐止",0,20,-20
"20981","5410國眾","110/07/13","凱基-竹北",17,0,17
"20982","5410國眾","110/07/13","亞東-新竹",0,17,-17
"20983","5410國眾","110/07/13","新光-桃園",15,0,15
"20984","5410國眾","110/07/13","元大-南勢角",0,13,-13
"20985","5410國眾","110/07/13","凱基-台東",14,0,14
"20986","5410國眾","110/07/13","台新-台南",0,12,-12
"20987","5410國眾","110/07/13","富邦-竹北",11,0,11
"20988","5410國眾","110/07/13","中國信託",0,11,-11
"20989","5410國眾","110/07/13","元富-同大",10,0,10
"20990","5410國眾","110/07/13","華南永昌",0,11,-11
"20991","5410國眾","110/07/13","國泰-敦南",24,15,9
"20992","5410國眾","110/07/13","臺銀-臺南",0,10,-10
"20993","5410國眾","110/07/13","日盛-內湖",7,0,7
"20994","5410國眾","110/07/13","台灣企銀-民雄",0,10,-10
"20995","5410國眾","110/07/13","台新-左楠",7,0,7
"20996","5410國眾","110/07/13","高橋",0,10,-10
"20997","5410國眾","110/07/13","元大-新盛",18,12,6
"20998","5410國眾","110/07/13","康和-嘉義",0,10,-10
"20999","5410國眾","110/07/13","統一",5,0,5
"21000","5410國眾","110/07/13","凱基-基隆",0,10,-10
"21001","2841台開","110/07/13","中國信託-高雄",251,50,201
"21002","2841台開","110/07/13","兆豐-公益",0,177,-177
"21003","2841台開","110/07/13","日盛證券",210,13,197
"21004","2841台開","110/07/13","日進",0,152,-152
"21005","2841台開","110/07/13","第一金-台中",55,0,55
"21006","2841台開","110/07/13","港商野村",0,109,-109
"21007","2841台開","110/07/13","國泰-板橋",46,0,46
"21008","2841台開","110/07/13","日盛-信義",0,103,-103
"21009","2841台開","110/07/13","國泰-館前",48,3,45
"21010","2841台開","110/07/13","國泰-敦南",11,75,-64
"21011","2841台開","110/07/13","華南永昌-新莊",45,0,45
"21012","2841台開","110/07/13","永興",0,50,-50
"21013","2841台開","110/07/13","日盛-園區",42,0,42
"21014","2841台開","110/07/13","永豐金-敦南",61,104,-43
"21015","2841台開","110/07/13","台新證券",32,0,32
"21016","2841台開","110/07/13","富邦-台南",0,42,-42
"21017","2841台開","110/07/13","台新-高雄",32,2,30
"21018","2841台開","110/07/13","國票-安和",0,30,-30
"21019","2841台開","110/07/13","豐農",23,0,23
"21020","2841台開","110/07/13","元大-桃園",0,25,-25
"21021","2841台開","110/07/13","合庫-嘉義",20,0,20
"21022","2841台開","110/07/13","新光",8,32,-24
"21023","2841台開","110/07/13","華南永昌-高雄",20,0,20
"21024","2841台開","110/07/13","元大-仁愛",0,24,-24
"21025","2841台開","110/07/13","元大-樹林",16,0,16
"21026","2841台開","110/07/13","日盛-中和",0,20,-20
"21027","2841台開","110/07/13","第一金-華江",15,2,13
"21028","2841台開","110/07/13","元富",0,20,-20
"21029","2841台開","110/07/13","美商高盛",12,0,12
"21030","2841台開","110/07/13","富邦-宜蘭",0,20,-20
"21031","6207雷科","110/07/13","元大-高雄",121,0,121
"21032","6207雷科","110/07/13","華南永昌-朴子",1,60,-59
"21033","6207雷科","110/07/13","第一金-新興",20,0,20
"21034","6207雷科","110/07/13","元大-南海",0,36,-36
"21035","6207雷科","110/07/13","元富-三重",20,0,20
"21036","6207雷科","110/07/13","凱基-土城",0,35,-35
"21037","6207雷科","110/07/13","元大-林園",15,0,15
"21038","6207雷科","110/07/13","台灣企銀",0,20,-20
"21039","6207雷科","110/07/13","元大-金華",16,1,15
"21040","6207雷科","110/07/13","群益金鼎-丹鳳",0,20,-20
"21041","6207雷科","110/07/13","日盛證券",10,0,10
"21042","6207雷科","110/07/13","元大-博愛",0,17,-17
"21043","6207雷科","110/07/13","統一-台中",10,0,10
"21044","6207雷科","110/07/13","元大-北港",0,13,-13
"21045","6207雷科","110/07/13","群益金鼎-土城",10,0,10
"21046","6207雷科","110/07/13","新加坡商瑞銀",0,12,-12
"21047","6207雷科","110/07/13","群益金鼎-桃園",10,0,10
"21048","6207雷科","110/07/13","凱基-台北",4,16,-12
"21049","6207雷科","110/07/13","永豐金-新莊",10,0,10
"21050","6207雷科","110/07/13","日茂-埔里",0,11,-11
"21051","6207雷科","110/07/13","永豐金-新店",10,0,10
"21052","6207雷科","110/07/13","元大-莒光",0,11,-11
"21053","6207雷科","110/07/13","元大證券",9,0,9
"21054","6207雷科","110/07/13","統一-新竹",0,10,-10
"21055","6207雷科","110/07/13","日盛-木柵",9,1,8
"21056","6207雷科","110/07/13","元大-西螺",0,10,-10
"21057","6207雷科","110/07/13","兆豐-來福",8,0,8
"21058","6207雷科","110/07/13","康和-台中",0,8,-8
"21059","6207雷科","110/07/13","新光",7,0,7
"21060","6207雷科","110/07/13","兆豐-高雄",0,6,-6
"21061","3679新至陞","110/07/13","永豐金證券",50,0,50
"21062","3679新至陞","110/07/13","摩根大通",2,25,-23
"21063","3679新至陞","110/07/13","國泰-桃園",22,0,22
"21064","3679新至陞","110/07/13","元大-成功",0,22,-22
"21065","3679新至陞","110/07/13","台中銀-員林",11,0,11
"21066","3679新至陞","110/07/13","富邦-板橋",1,19,-18
"21067","3679新至陞","110/07/13","元大-文心興安",8,0,8
"21068","3679新至陞","110/07/13","日盛-新莊",0,10,-10
"21069","3679新至陞","110/07/13","美商高盛",6,0,6
"21070","3679新至陞","110/07/13","台新-台中",0,10,-10
"21071","3679新至陞","110/07/13","台新-高雄",6,0,6
"21072","3679新至陞","110/07/13","永豐金-新竹",0,8,-8
"21073","3679新至陞","110/07/13","凱基-台北",18,12,6
"21074","3679新至陞","110/07/13","瑞士信貸",12,19,-7
"21075","3679新至陞","110/07/13","日盛-復興",5,0,5
"21076","3679新至陞","110/07/13","統一-南京",0,7,-7
"21077","3679新至陞","110/07/13","(牛牛牛)亞-鑫豐",4,0,4
"21078","3679新至陞","110/07/13","凱基-新莊",0,7,-7
"21079","3679新至陞","110/07/13","元富-大昌",3,0,3
"21080","3679新至陞","110/07/13","新加坡商瑞銀",0,6,-6
"21081","3679新至陞","110/07/13","富邦-台北",3,0,3
"21082","3679新至陞","110/07/13","合庫-自強",0,5,-5
"21083","3679新至陞","110/07/13","日盛-樹林",2,0,2
"21084","3679新至陞","110/07/13","富邦-桃園",0,5,-5
"21085","3679新至陞","110/07/13","宏遠-光隆",2,0,2
"21086","3679新至陞","110/07/13","永豐金-潮州",0,4,-4
"21087","3679新至陞","110/07/13","美林",3,1,2
"21088","3679新至陞","110/07/13","臺銀-臺南",0,3,-3
"21089","3679新至陞","110/07/13","第一金-中壢",2,0,2
"21090","3679新至陞","110/07/13","元大-六合",0,3,-3
"21091","2727王品","110/07/13","富邦-台北",43,3,40
"21092","2727王品","110/07/13","台灣摩根士丹利",15,97,-82
"21093","2727王品","110/07/13","元大-基隆孝二",40,0,40
"21094","2727王品","110/07/13","玉山-台南",5,57,-52
"21095","2727王品","110/07/13","國票-新莊",40,1,39
"21096","2727王品","110/07/13","新加坡商瑞銀",0,48,-48
"21097","2727王品","110/07/13","第一金-豐原",66,42,24
"21098","2727王品","110/07/13","凱基-台北",41,77,-36
"21099","2727王品","110/07/13","永豐金-大園",34,10,24
"21100","2727王品","110/07/13","永豐金-永康",0,22,-22
"21101","2727王品","110/07/13","元大-北屯",22,0,22
"21102","2727王品","110/07/13","統一-台中",2,22,-20
"21103","2727王品","110/07/13","元大-東蘆",26,7,19
"21104","2727王品","110/07/13","國泰-台中",21,39,-18
"21105","2727王品","110/07/13","永豐金-萬盛",13,1,12
"21106","2727王品","110/07/13","合庫-彰化",3,20,-17
"21107","2727王品","110/07/13","日盛-嘉義",11,0,11
"21108","2727王品","110/07/13","港商野村",13,30,-17
"21109","2727王品","110/07/13","日盛-八德",11,0,11
"21110","2727王品","110/07/13","元大-楊梅",1,16,-15
"21111","2727王品","110/07/13","統一-竹南",11,0,11
"21112","2727王品","110/07/13","凱基-高美館",2,15,-13
"21113","2727王品","110/07/13","日盛-士林",12,2,10
"21114","2727王品","110/07/13","美商高盛",2,14,-12
"21115","2727王品","110/07/13","統一-敦南",10,0,10
"21116","2727王品","110/07/13","統一-平鎮",1,13,-12
"21117","2727王品","110/07/13","中國信託",15,5,10
"21118","2727王品","110/07/13","兆豐-台中港",4,16,-12
"21119","2727王品","110/07/13","兆豐-竹北",13,3,10
"21120","2727王品","110/07/13","凱基-八德",1,13,-12
"21121","1570力肯","110/07/13","新光",115,11,104
"21122","1570力肯","110/07/13","元大-北三重",0,162,-162
"21123","1570力肯","110/07/13","群益金鼎-高雄",54,0,54
"21124","1570力肯","110/07/13","元大-大灣",0,25,-25
"21125","1570力肯","110/07/13","國票-新莊",22,0,22
"21126","1570力肯","110/07/13","永豐金-苓雅",0,22,-22
"21127","1570力肯","110/07/13","日盛-桃園",12,0,12
"21128","1570力肯","110/07/13","永豐金-永康",0,19,-19
"21129","1570力肯","110/07/13","元大-高雄",12,0,12
"21130","1570力肯","110/07/13","富邦-員林",0,15,-15
"21131","1570力肯","110/07/13","合庫-自強",11,0,11
"21132","1570力肯","110/07/13","凱基-台南",0,11,-11
"21133","1570力肯","110/07/13","摩根大通",26,15,11
"21134","1570力肯","110/07/13","日盛-竹北",0,10,-10
"21135","1570力肯","110/07/13","永豐金-中盛",11,0,11
"21136","1570力肯","110/07/13","國票-九鼎",0,10,-10
"21137","1570力肯","110/07/13","兆豐-台中港",10,0,10
"21138","1570力肯","110/07/13","凱基-桃園",0,10,-10
"21139","1570力肯","110/07/13","國泰-松江",9,0,9
"21140","1570力肯","110/07/13","凱基-新豐",0,10,-10
"21141","1570力肯","110/07/13","元大-新盛",9,0,9
"21142","1570力肯","110/07/13","元大-學甲",0,10,-10
"21143","1570力肯","110/07/13","元富-緯城",6,0,6
"21144","1570力肯","110/07/13","群益金鼎-東湖",1,10,-9
"21145","1570力肯","110/07/13","統一-三重",5,0,5
"21146","1570力肯","110/07/13","大昌",0,6,-6
"21147","1570力肯","110/07/13","元大-前金",5,0,5
"21148","1570力肯","110/07/13","元大-土城學府",0,6,-6
"21149","1570力肯","110/07/13","永豐金證券",5,0,5
"21150","1570力肯","110/07/13","統一",0,5,-5
"21151","6180橘子","110/07/13","摩根大通",119,0,119
"21152","6180橘子","110/07/13","元大-崇德",2,61,-59
"21153","6180橘子","110/07/13","美商高盛",96,0,96
"21154","6180橘子","110/07/13","康和-台中",0,51,-51
"21155","6180橘子","110/07/13","新加坡商瑞銀",86,7,79
"21156","6180橘子","110/07/13","康和-台北",0,50,-50
"21157","6180橘子","110/07/13","元大-和平",40,0,40
"21158","6180橘子","110/07/13","元富-潮州",0,40,-40
"21159","6180橘子","110/07/13","凱基-台北",83,47,36
"21160","6180橘子","110/07/13","日盛-永康",0,26,-26
"21161","6180橘子","110/07/13","美林",39,5,34
"21162","6180橘子","110/07/13","永豐金-中正",0,24,-24
"21163","6180橘子","110/07/13","富邦-新竹華信",31,2,29
"21164","6180橘子","110/07/13","國泰-板橋",2,25,-23
"21165","6180橘子","110/07/13","統一-南京",21,0,21
"21166","6180橘子","110/07/13","日盛-大墩",0,20,-20
"21167","6180橘子","110/07/13","富邦-陽明",24,3,21
"21168","6180橘子","110/07/13","元大-草屯",13,32,-19
"21169","6180橘子","110/07/13","大昌-樹林",21,1,20
"21170","6180橘子","110/07/13","元富-林園",1,18,-17
"21171","6180橘子","110/07/13","花旗環球",19,0,19
"21172","6180橘子","110/07/13","新光-新竹",1,18,-17
"21173","6180橘子","110/07/13","華南永昌-台南",19,0,19
"21174","6180橘子","110/07/13","元大-土城永寧",0,17,-17
"21175","6180橘子","110/07/13","福勝",14,0,14
"21176","6180橘子","110/07/13","國泰-新莊",3,19,-16
"21177","6180橘子","110/07/13","富邦-嘉義",12,1,11
"21178","6180橘子","110/07/13","中國信託-永康",6,21,-15
"21179","6180橘子","110/07/13","元大-板橋三民",11,0,11
"21180","6180橘子","110/07/13","凱基-東港",1,15,-14
"21181","2390云辰","110/07/13","新加坡商瑞銀",562,75,487
"21182","2390云辰","110/07/13","大展-台南",0,532,-532
"21183","2390云辰","110/07/13","台灣摩根士丹利",330,155,175
"21184","2390云辰","110/07/13","凱基-台北",668,854,-186
"21185","2390云辰","110/07/13","兆豐-公益",126,25,101
"21186","2390云辰","110/07/13","凱基-三重",12,172,-160
"21187","2390云辰","110/07/13","元富-中港",100,2,98
"21188","2390云辰","110/07/13","兆豐-忠孝",4,161,-157
"21189","2390云辰","110/07/13","統一-新台中",106,9,97
"21190","2390云辰","110/07/13","元大-士林",19,170,-151
"21191","2390云辰","110/07/13","中國信託-松江",81,11,70
"21192","2390云辰","110/07/13","臺銀-新竹",14,117,-103
"21193","2390云辰","110/07/13","日盛-板橋",72,3,69
"21194","2390云辰","110/07/13","國票-台中",4,102,-98
"21195","2390云辰","110/07/13","日盛-和美",57,0,57
"21196","2390云辰","110/07/13","新光",147,232,-85
"21197","2390云辰","110/07/13","永豐金-桃園",88,36,52
"21198","2390云辰","110/07/13","致和-崇德",2,70,-68
"21199","2390云辰","110/07/13","玉山-士林",54,4,50
"21200","2390云辰","110/07/13","群益金鼎-屏東",2,70,-68
"21201","2390云辰","110/07/13","富邦-仁愛",56,6,50
"21202","2390云辰","110/07/13","元大-大里",35,98,-63
"21203","2390云辰","110/07/13","第一金-豐原",50,1,49
"21204","2390云辰","110/07/13","元大-萬華",35,94,-59
"21205","2390云辰","110/07/13","摩根大通",502,453,49
"21206","2390云辰","110/07/13","元富-吉利",2,60,-58
"21207","2390云辰","110/07/13","凱基-松山",61,13,48
"21208","2390云辰","110/07/13","兆豐-新竹",3,53,-50
"21209","2390云辰","110/07/13","大昌",64,22,42
"21210","2390云辰","110/07/13","富邦-嘉義",65,108,-43
"21211","2363矽統","110/07/13","凱基-南崁",2133,63,2070
"21212","2363矽統","110/07/13","凱基-幸福",36,4048,-4012
"21213","2363矽統","110/07/13","國泰-敦南",2195,1617,578
"21214","2363矽統","110/07/13","統一",192,3325,-3133
"21215","2363矽統","110/07/13","中農",670,139,531
"21216","2363矽統","110/07/13","新加坡商瑞銀",1000,2747,-1747
"21217","2363矽統","110/07/13","康和-台中",638,154,484
"21218","2363矽統","110/07/13","凱基-台北",5359,6609,-1250
"21219","2363矽統","110/07/13","群益金鼎-三民",577,137,440
"21220","2363矽統","110/07/13","摩根大通",1930,2858,-928
"21221","2363矽統","110/07/13","台新-屏東",510,88,422
"21222","2363矽統","110/07/13","港商野村",960,1679,-719
"21223","2363矽統","110/07/13","德信-中正",455,67,388
"21224","2363矽統","110/07/13","兆豐-復興",25,705,-680
"21225","2363矽統","110/07/13","日盛-竹北",365,70,295
"21226","2363矽統","110/07/13","統一-仁愛",114,755,-641
"21227","2363矽統","110/07/13","元大-佳里",452,189,263
"21228","2363矽統","110/07/13","統一-敦南",29,638,-609
"21229","2363矽統","110/07/13","國票-博愛",296,38,258
"21230","2363矽統","110/07/13","統一-土城",100,704,-604
"21231","2363矽統","110/07/13","元大-萬華",340,95,245
"21232","2363矽統","110/07/13","統一-城中",116,676,-560
"21233","2363矽統","110/07/13","新光",1259,1031,228
"21234","2363矽統","110/07/13","永豐金證券",306,859,-553
"21235","2363矽統","110/07/13","元富-成功",323,96,227
"21236","2363矽統","110/07/13","元富",54,567,-513
"21237","2363矽統","110/07/13","豐農",228,23,205
"21238","2363矽統","110/07/13","瑞士信貸",202,666,-464
"21239","2363矽統","110/07/13","台灣企銀-岡山",186,4,182
"21240","2363矽統","110/07/13","永豐金-嘉義",67,468,-401
"21241","8112至上","110/07/13","摩根大通",688,296,392
"21242","8112至上","110/07/13","國票-中和",0,401,-401
"21243","8112至上","110/07/13","港商野村",344,145,199
"21244","8112至上","110/07/13","永豐金-板盛",0,205,-205
"21245","8112至上","110/07/13","兆豐-公益",195,5,190
"21246","8112至上","110/07/13","凱基-五股",43,155,-112
"21247","8112至上","110/07/13","台灣摩根士丹利",183,0,183
"21248","8112至上","110/07/13","凱基-市政",0,100,-100
"21249","8112至上","110/07/13","群益金鼎-敦南",153,2,151
"21250","8112至上","110/07/13","元大-大里德芳",1,92,-91
"21251","8112至上","110/07/13","臺銀-金山",146,26,120
"21252","8112至上","110/07/13","玉山-桃園",26,110,-84
"21253","8112至上","110/07/13","臺銀",133,19,114
"21254","8112至上","110/07/13","兆豐-天母",0,81,-81
"21255","8112至上","110/07/13","合庫-台中",115,6,109
"21256","8112至上","110/07/13","凱基-城中",3,84,-81
"21257","8112至上","110/07/13","亞東-板橋",134,26,108
"21258","8112至上","110/07/13","日盛-新莊",9,85,-76
"21259","8112至上","110/07/13","凱基-台北",414,326,88
"21260","8112至上","110/07/13","日盛-台中",2,64,-62
"21261","8112至上","110/07/13","新加坡商瑞銀",181,100,81
"21262","8112至上","110/07/13","日盛-中壢",3,64,-61
"21263","8112至上","110/07/13","國泰-敦南",108,31,77
"21264","8112至上","110/07/13","元大-台中",2,59,-57
"21265","8112至上","110/07/13","第一金-華江",77,4,73
"21266","8112至上","110/07/13","元大-雙和",7,64,-57
"21267","8112至上","110/07/13","永豐金-內湖",73,1,72
"21268","8112至上","110/07/13","元大-高雄",8,62,-54
"21269","8112至上","110/07/13","元大-永和",68,1,67
"21270","8112至上","110/07/13","元大-館前",2,55,-53
"21271","1570力肯","110/07/13","新光",115,11,104
"21272","1570力肯","110/07/13","元大-北三重",0,162,-162
"21273","1570力肯","110/07/13","群益金鼎-高雄",54,0,54
"21274","1570力肯","110/07/13","元大-大灣",0,25,-25
"21275","1570力肯","110/07/13","國票-新莊",22,0,22
"21276","1570力肯","110/07/13","永豐金-苓雅",0,22,-22
"21277","1570力肯","110/07/13","日盛-桃園",12,0,12
"21278","1570力肯","110/07/13","永豐金-永康",0,19,-19
"21279","1570力肯","110/07/13","元大-高雄",12,0,12
"21280","1570力肯","110/07/13","富邦-員林",0,15,-15
"21281","1570力肯","110/07/13","合庫-自強",11,0,11
"21282","1570力肯","110/07/13","凱基-台南",0,11,-11
"21283","1570力肯","110/07/13","摩根大通",26,15,11
"21284","1570力肯","110/07/13","日盛-竹北",0,10,-10
"21285","1570力肯","110/07/13","永豐金-中盛",11,0,11
"21286","1570力肯","110/07/13","國票-九鼎",0,10,-10
"21287","1570力肯","110/07/13","兆豐-台中港",10,0,10
"21288","1570力肯","110/07/13","凱基-桃園",0,10,-10
"21289","1570力肯","110/07/13","國泰-松江",9,0,9
"21290","1570力肯","110/07/13","凱基-新豐",0,10,-10
"21291","1570力肯","110/07/13","元大-新盛",9,0,9
"21292","1570力肯","110/07/13","元大-學甲",0,10,-10
"21293","1570力肯","110/07/13","元富-緯城",6,0,6
"21294","1570力肯","110/07/13","群益金鼎-東湖",1,10,-9
"21295","1570力肯","110/07/13","統一-三重",5,0,5
"21296","1570力肯","110/07/13","大昌",0,6,-6
"21297","1570力肯","110/07/13","元大-前金",5,0,5
"21298","1570力肯","110/07/13","元大-土城學府",0,6,-6
"21299","1570力肯","110/07/13","永豐金證券",5,0,5
"21300","1570力肯","110/07/13","統一",0,5,-5
"21301","2929淘帝","110/07/13","玉山-新竹",130,0,130
"21302","2929淘帝","110/07/13","美商高盛",0,177,-177
"21303","2929淘帝","110/07/13","臺銀-民權",60,0,60
"21304","2929淘帝","110/07/13","凱基-台北",6,80,-74
"21305","2929淘帝","110/07/13","新百王",31,0,31
"21306","2929淘帝","110/07/13","元富-大裕",0,49,-49
"21307","2929淘帝","110/07/13","日盛-園區",30,0,30
"21308","2929淘帝","110/07/13","國泰-館前",3,51,-48
"21309","2929淘帝","110/07/13","元大-南投",31,1,30
"21310","2929淘帝","110/07/13","凱基-中壢",0,41,-41
"21311","2929淘帝","110/07/13","兆豐-忠孝",28,0,28
"21312","2929淘帝","110/07/13","港商野村",21,55,-34
"21313","2929淘帝","110/07/13","元大-民生",28,0,28
"21314","2929淘帝","110/07/13","華南永昌-南京",2,34,-32
"21315","2929淘帝","110/07/13","合庫-高雄",27,0,27
"21316","2929淘帝","110/07/13","群益金鼎-土城",0,30,-30
"21317","2929淘帝","110/07/13","凱基-豐中",27,0,27
"21318","2929淘帝","110/07/13","富邦-南屯",0,22,-22
"21319","2929淘帝","110/07/13","新光",21,4,17
"21320","2929淘帝","110/07/13","第一金-豐原",0,20,-20
"21321","2929淘帝","110/07/13","元大-天母",17,0,17
"21322","2929淘帝","110/07/13","元大-屏南",6,26,-20
"21323","2929淘帝","110/07/13","永興",14,0,14
"21324","2929淘帝","110/07/13","永豐金-敦南",1,21,-20
"21325","2929淘帝","110/07/13","富邦-台北",12,0,12
"21326","2929淘帝","110/07/13","凱基-三重",2,21,-19
"21327","2929淘帝","110/07/13","元大-永和",12,0,12
"21328","2929淘帝","110/07/13","富邦-仁愛",7,25,-18
"21329","2929淘帝","110/07/13","國票-天祥",11,0,11
"21330","2929淘帝","110/07/13","元大-北投",0,16,-16
"21331","5410國眾","110/07/13","兆豐-城中",274,0,274
"21332","5410國眾","110/07/13","元富-嘉義",0,103,-103
"21333","5410國眾","110/07/13","新光",50,4,46
"21334","5410國眾","110/07/13","凱基-台北",0,50,-50
"21335","5410國眾","110/07/13","國泰-台中",26,0,26
"21336","5410國眾","110/07/13","瑞士信貸",0,31,-31
"21337","5410國眾","110/07/13","新加坡商瑞銀",22,0,22
"21338","5410國眾","110/07/13","台新-新莊",0,27,-27
"21339","5410國眾","110/07/13","光和-嘉義",20,0,20
"21340","5410國眾","110/07/13","元大-汐止",0,20,-20
"21341","5410國眾","110/07/13","凱基-竹北",17,0,17
"21342","5410國眾","110/07/13","亞東-新竹",0,17,-17
"21343","5410國眾","110/07/13","新光-桃園",15,0,15
"21344","5410國眾","110/07/13","元大-南勢角",0,13,-13
"21345","5410國眾","110/07/13","凱基-台東",14,0,14
"21346","5410國眾","110/07/13","台新-台南",0,12,-12
"21347","5410國眾","110/07/13","富邦-竹北",11,0,11
"21348","5410國眾","110/07/13","中國信託",0,11,-11
"21349","5410國眾","110/07/13","元富-同大",10,0,10
"21350","5410國眾","110/07/13","華南永昌",0,11,-11
"21351","5410國眾","110/07/13","國泰-敦南",24,15,9
"21352","5410國眾","110/07/13","臺銀-臺南",0,10,-10
"21353","5410國眾","110/07/13","日盛-內湖",7,0,7
"21354","5410國眾","110/07/13","台灣企銀-民雄",0,10,-10
"21355","5410國眾","110/07/13","台新-左楠",7,0,7
"21356","5410國眾","110/07/13","高橋",0,10,-10
"21357","5410國眾","110/07/13","元大-新盛",18,12,6
"21358","5410國眾","110/07/13","康和-嘉義",0,10,-10
"21359","5410國眾","110/07/13","統一",5,0,5
"21360","5410國眾","110/07/13","凱基-基隆",0,10,-10
"21361","2841台開","110/07/13","中國信託-高雄",251,50,201
"21362","2841台開","110/07/13","兆豐-公益",0,177,-177
"21363","2841台開","110/07/13","日盛證券",210,13,197
"21364","2841台開","110/07/13","日進",0,152,-152
"21365","2841台開","110/07/13","第一金-台中",55,0,55
"21366","2841台開","110/07/13","港商野村",0,109,-109
"21367","2841台開","110/07/13","國泰-板橋",46,0,46
"21368","2841台開","110/07/13","日盛-信義",0,103,-103
"21369","2841台開","110/07/13","國泰-館前",48,3,45
"21370","2841台開","110/07/13","國泰-敦南",11,75,-64
"21371","2841台開","110/07/13","華南永昌-新莊",45,0,45
"21372","2841台開","110/07/13","永興",0,50,-50
"21373","2841台開","110/07/13","日盛-園區",42,0,42
"21374","2841台開","110/07/13","永豐金-敦南",61,104,-43
"21375","2841台開","110/07/13","台新證券",32,0,32
"21376","2841台開","110/07/13","富邦-台南",0,42,-42
"21377","2841台開","110/07/13","台新-高雄",32,2,30
"21378","2841台開","110/07/13","國票-安和",0,30,-30
"21379","2841台開","110/07/13","豐農",23,0,23
"21380","2841台開","110/07/13","元大-桃園",0,25,-25
"21381","2841台開","110/07/13","合庫-嘉義",20,0,20
"21382","2841台開","110/07/13","新光",8,32,-24
"21383","2841台開","110/07/13","華南永昌-高雄",20,0,20
"21384","2841台開","110/07/13","元大-仁愛",0,24,-24
"21385","2841台開","110/07/13","元大-樹林",16,0,16
"21386","2841台開","110/07/13","日盛-中和",0,20,-20
"21387","2841台開","110/07/13","第一金-華江",15,2,13
"21388","2841台開","110/07/13","元富",0,20,-20
"21389","2841台開","110/07/13","美商高盛",12,0,12
"21390","2841台開","110/07/13","富邦-宜蘭",0,20,-20
"21391","6207雷科","110/07/13","元大-高雄",121,0,121
"21392","6207雷科","110/07/13","華南永昌-朴子",1,60,-59
"21393","6207雷科","110/07/13","第一金-新興",20,0,20
"21394","6207雷科","110/07/13","元大-南海",0,36,-36
"21395","6207雷科","110/07/13","元富-三重",20,0,20
"21396","6207雷科","110/07/13","凱基-土城",0,35,-35
"21397","6207雷科","110/07/13","元大-林園",15,0,15
"21398","6207雷科","110/07/13","台灣企銀",0,20,-20
"21399","6207雷科","110/07/13","元大-金華",16,1,15
"21400","6207雷科","110/07/13","群益金鼎-丹鳳",0,20,-20
"21401","6207雷科","110/07/13","日盛證券",10,0,10
"21402","6207雷科","110/07/13","元大-博愛",0,17,-17
"21403","6207雷科","110/07/13","統一-台中",10,0,10
"21404","6207雷科","110/07/13","元大-北港",0,13,-13
"21405","6207雷科","110/07/13","群益金鼎-土城",10,0,10
"21406","6207雷科","110/07/13","新加坡商瑞銀",0,12,-12
"21407","6207雷科","110/07/13","群益金鼎-桃園",10,0,10
"21408","6207雷科","110/07/13","凱基-台北",4,16,-12
"21409","6207雷科","110/07/13","永豐金-新莊",10,0,10
"21410","6207雷科","110/07/13","日茂-埔里",0,11,-11
"21411","6207雷科","110/07/13","永豐金-新店",10,0,10
"21412","6207雷科","110/07/13","元大-莒光",0,11,-11
"21413","6207雷科","110/07/13","元大證券",9,0,9
"21414","6207雷科","110/07/13","統一-新竹",0,10,-10
"21415","6207雷科","110/07/13","日盛-木柵",9,1,8
"21416","6207雷科","110/07/13","元大-西螺",0,10,-10
"21417","6207雷科","110/07/13","兆豐-來福",8,0,8
"21418","6207雷科","110/07/13","康和-台中",0,8,-8
"21419","6207雷科","110/07/13","新光",7,0,7
"21420","6207雷科","110/07/13","兆豐-高雄",0,6,-6
"21421","3679新至陞","110/07/13","永豐金證券",50,0,50
"21422","3679新至陞","110/07/13","摩根大通",2,25,-23
"21423","3679新至陞","110/07/13","國泰-桃園",22,0,22
"21424","3679新至陞","110/07/13","元大-成功",0,22,-22
"21425","3679新至陞","110/07/13","台中銀-員林",11,0,11
"21426","3679新至陞","110/07/13","富邦-板橋",1,19,-18
"21427","3679新至陞","110/07/13","元大-文心興安",8,0,8
"21428","3679新至陞","110/07/13","日盛-新莊",0,10,-10
"21429","3679新至陞","110/07/13","美商高盛",6,0,6
"21430","3679新至陞","110/07/13","台新-台中",0,10,-10
"21431","3679新至陞","110/07/13","台新-高雄",6,0,6
"21432","3679新至陞","110/07/13","永豐金-新竹",0,8,-8
"21433","3679新至陞","110/07/13","凱基-台北",18,12,6
"21434","3679新至陞","110/07/13","瑞士信貸",12,19,-7
"21435","3679新至陞","110/07/13","日盛-復興",5,0,5
"21436","3679新至陞","110/07/13","統一-南京",0,7,-7
"21437","3679新至陞","110/07/13","(牛牛牛)亞-鑫豐",4,0,4
"21438","3679新至陞","110/07/13","凱基-新莊",0,7,-7
"21439","3679新至陞","110/07/13","元富-大昌",3,0,3
"21440","3679新至陞","110/07/13","新加坡商瑞銀",0,6,-6
"21441","3679新至陞","110/07/13","富邦-台北",3,0,3
"21442","3679新至陞","110/07/13","合庫-自強",0,5,-5
"21443","3679新至陞","110/07/13","日盛-樹林",2,0,2
"21444","3679新至陞","110/07/13","富邦-桃園",0,5,-5
"21445","3679新至陞","110/07/13","宏遠-光隆",2,0,2
"21446","3679新至陞","110/07/13","永豐金-潮州",0,4,-4
"21447","3679新至陞","110/07/13","美林",3,1,2
"21448","3679新至陞","110/07/13","臺銀-臺南",0,3,-3
"21449","3679新至陞","110/07/13","第一金-中壢",2,0,2
"21450","3679新至陞","110/07/13","元大-六合",0,3,-3
"21451","2727王品","110/07/13","富邦-台北",43,3,40
"21452","2727王品","110/07/13","台灣摩根士丹利",15,97,-82
"21453","2727王品","110/07/13","元大-基隆孝二",40,0,40
"21454","2727王品","110/07/13","玉山-台南",5,57,-52
"21455","2727王品","110/07/13","國票-新莊",40,1,39
"21456","2727王品","110/07/13","新加坡商瑞銀",0,48,-48
"21457","2727王品","110/07/13","第一金-豐原",66,42,24
"21458","2727王品","110/07/13","凱基-台北",41,77,-36
"21459","2727王品","110/07/13","永豐金-大園",34,10,24
"21460","2727王品","110/07/13","永豐金-永康",0,22,-22
"21461","2727王品","110/07/13","元大-北屯",22,0,22
"21462","2727王品","110/07/13","統一-台中",2,22,-20
"21463","2727王品","110/07/13","元大-東蘆",26,7,19
"21464","2727王品","110/07/13","國泰-台中",21,39,-18
"21465","2727王品","110/07/13","永豐金-萬盛",13,1,12
"21466","2727王品","110/07/13","合庫-彰化",3,20,-17
"21467","2727王品","110/07/13","日盛-嘉義",11,0,11
"21468","2727王品","110/07/13","港商野村",13,30,-17
"21469","2727王品","110/07/13","日盛-八德",11,0,11
"21470","2727王品","110/07/13","元大-楊梅",1,16,-15
"21471","2727王品","110/07/13","統一-竹南",11,0,11
"21472","2727王品","110/07/13","凱基-高美館",2,15,-13
"21473","2727王品","110/07/13","日盛-士林",12,2,10
"21474","2727王品","110/07/13","美商高盛",2,14,-12
"21475","2727王品","110/07/13","統一-敦南",10,0,10
"21476","2727王品","110/07/13","統一-平鎮",1,13,-12
"21477","2727王品","110/07/13","中國信託",15,5,10
"21478","2727王品","110/07/13","兆豐-台中港",4,16,-12
"21479","2727王品","110/07/13","兆豐-竹北",13,3,10
"21480","2727王品","110/07/13","凱基-八德",1,13,-12
"21481","1570力肯","110/07/13","新光",115,11,104
"21482","1570力肯","110/07/13","元大-北三重",0,162,-162
"21483","1570力肯","110/07/13","群益金鼎-高雄",54,0,54
"21484","1570力肯","110/07/13","元大-大灣",0,25,-25
"21485","1570力肯","110/07/13","國票-新莊",22,0,22
"21486","1570力肯","110/07/13","永豐金-苓雅",0,22,-22
"21487","1570力肯","110/07/13","日盛-桃園",12,0,12
"21488","1570力肯","110/07/13","永豐金-永康",0,19,-19
"21489","1570力肯","110/07/13","元大-高雄",12,0,12
"21490","1570力肯","110/07/13","富邦-員林",0,15,-15
"21491","1570力肯","110/07/13","合庫-自強",11,0,11
"21492","1570力肯","110/07/13","凱基-台南",0,11,-11
"21493","1570力肯","110/07/13","摩根大通",26,15,11
"21494","1570力肯","110/07/13","日盛-竹北",0,10,-10
"21495","1570力肯","110/07/13","永豐金-中盛",11,0,11
"21496","1570力肯","110/07/13","國票-九鼎",0,10,-10
"21497","1570力肯","110/07/13","兆豐-台中港",10,0,10
"21498","1570力肯","110/07/13","凱基-桃園",0,10,-10
"21499","1570力肯","110/07/13","國泰-松江",9,0,9
"21500","1570力肯","110/07/13","凱基-新豐",0,10,-10
"21501","1570力肯","110/07/13","元大-新盛",9,0,9
"21502","1570力肯","110/07/13","元大-學甲",0,10,-10
"21503","1570力肯","110/07/13","元富-緯城",6,0,6
"21504","1570力肯","110/07/13","群益金鼎-東湖",1,10,-9
"21505","1570力肯","110/07/13","統一-三重",5,0,5
"21506","1570力肯","110/07/13","大昌",0,6,-6
"21507","1570力肯","110/07/13","元大-前金",5,0,5
"21508","1570力肯","110/07/13","元大-土城學府",0,6,-6
"21509","1570力肯","110/07/13","永豐金證券",5,0,5
"21510","1570力肯","110/07/13","統一",0,5,-5
"21511","6180橘子","110/07/13","摩根大通",119,0,119
"21512","6180橘子","110/07/13","元大-崇德",2,61,-59
"21513","6180橘子","110/07/13","美商高盛",96,0,96
"21514","6180橘子","110/07/13","康和-台中",0,51,-51
"21515","6180橘子","110/07/13","新加坡商瑞銀",86,7,79
"21516","6180橘子","110/07/13","康和-台北",0,50,-50
"21517","6180橘子","110/07/13","元大-和平",40,0,40
"21518","6180橘子","110/07/13","元富-潮州",0,40,-40
"21519","6180橘子","110/07/13","凱基-台北",83,47,36
"21520","6180橘子","110/07/13","日盛-永康",0,26,-26
"21521","6180橘子","110/07/13","美林",39,5,34
"21522","6180橘子","110/07/13","永豐金-中正",0,24,-24
"21523","6180橘子","110/07/13","富邦-新竹華信",31,2,29
"21524","6180橘子","110/07/13","國泰-板橋",2,25,-23
"21525","6180橘子","110/07/13","統一-南京",21,0,21
"21526","6180橘子","110/07/13","日盛-大墩",0,20,-20
"21527","6180橘子","110/07/13","富邦-陽明",24,3,21
"21528","6180橘子","110/07/13","元大-草屯",13,32,-19
"21529","6180橘子","110/07/13","大昌-樹林",21,1,20
"21530","6180橘子","110/07/13","元富-林園",1,18,-17
"21531","6180橘子","110/07/13","花旗環球",19,0,19
"21532","6180橘子","110/07/13","新光-新竹",1,18,-17
"21533","6180橘子","110/07/13","華南永昌-台南",19,0,19
"21534","6180橘子","110/07/13","元大-土城永寧",0,17,-17
"21535","6180橘子","110/07/13","福勝",14,0,14
"21536","6180橘子","110/07/13","國泰-新莊",3,19,-16
"21537","6180橘子","110/07/13","富邦-嘉義",12,1,11
"21538","6180橘子","110/07/13","中國信託-永康",6,21,-15
"21539","6180橘子","110/07/13","元大-板橋三民",11,0,11
"21540","6180橘子","110/07/13","凱基-東港",1,15,-14
"21541","2390云辰","110/07/13","新加坡商瑞銀",562,75,487
"21542","2390云辰","110/07/13","大展-台南",0,532,-532
"21543","2390云辰","110/07/13","台灣摩根士丹利",330,155,175
"21544","2390云辰","110/07/13","凱基-台北",668,854,-186
"21545","2390云辰","110/07/13","兆豐-公益",126,25,101
"21546","2390云辰","110/07/13","凱基-三重",12,172,-160
"21547","2390云辰","110/07/13","元富-中港",100,2,98
"21548","2390云辰","110/07/13","兆豐-忠孝",4,161,-157
"21549","2390云辰","110/07/13","統一-新台中",106,9,97
"21550","2390云辰","110/07/13","元大-士林",19,170,-151
"21551","2390云辰","110/07/13","中國信託-松江",81,11,70
"21552","2390云辰","110/07/13","臺銀-新竹",14,117,-103
"21553","2390云辰","110/07/13","日盛-板橋",72,3,69
"21554","2390云辰","110/07/13","國票-台中",4,102,-98
"21555","2390云辰","110/07/13","日盛-和美",57,0,57
"21556","2390云辰","110/07/13","新光",147,232,-85
"21557","2390云辰","110/07/13","永豐金-桃園",88,36,52
"21558","2390云辰","110/07/13","致和-崇德",2,70,-68
"21559","2390云辰","110/07/13","玉山-士林",54,4,50
"21560","2390云辰","110/07/13","群益金鼎-屏東",2,70,-68
"21561","2390云辰","110/07/13","富邦-仁愛",56,6,50
"21562","2390云辰","110/07/13","元大-大里",35,98,-63
"21563","2390云辰","110/07/13","第一金-豐原",50,1,49
"21564","2390云辰","110/07/13","元大-萬華",35,94,-59
"21565","2390云辰","110/07/13","摩根大通",502,453,49
"21566","2390云辰","110/07/13","元富-吉利",2,60,-58
"21567","2390云辰","110/07/13","凱基-松山",61,13,48
"21568","2390云辰","110/07/13","兆豐-新竹",3,53,-50
"21569","2390云辰","110/07/13","大昌",64,22,42
"21570","2390云辰","110/07/13","富邦-嘉義",65,108,-43
"21571","2363矽統","110/07/13","凱基-南崁",2133,63,2070
"21572","2363矽統","110/07/13","凱基-幸福",36,4048,-4012
"21573","2363矽統","110/07/13","國泰-敦南",2195,1617,578
"21574","2363矽統","110/07/13","統一",192,3325,-3133
"21575","2363矽統","110/07/13","中農",670,139,531
"21576","2363矽統","110/07/13","新加坡商瑞銀",1000,2747,-1747
"21577","2363矽統","110/07/13","康和-台中",638,154,484
"21578","2363矽統","110/07/13","凱基-台北",5359,6609,-1250
"21579","2363矽統","110/07/13","群益金鼎-三民",577,137,440
"21580","2363矽統","110/07/13","摩根大通",1930,2858,-928
"21581","2363矽統","110/07/13","台新-屏東",510,88,422
"21582","2363矽統","110/07/13","港商野村",960,1679,-719
"21583","2363矽統","110/07/13","德信-中正",455,67,388
"21584","2363矽統","110/07/13","兆豐-復興",25,705,-680
"21585","2363矽統","110/07/13","日盛-竹北",365,70,295
"21586","2363矽統","110/07/13","統一-仁愛",114,755,-641
"21587","2363矽統","110/07/13","元大-佳里",452,189,263
"21588","2363矽統","110/07/13","統一-敦南",29,638,-609
"21589","2363矽統","110/07/13","國票-博愛",296,38,258
"21590","2363矽統","110/07/13","統一-土城",100,704,-604
"21591","2363矽統","110/07/13","元大-萬華",340,95,245
"21592","2363矽統","110/07/13","統一-城中",116,676,-560
"21593","2363矽統","110/07/13","新光",1259,1031,228
"21594","2363矽統","110/07/13","永豐金證券",306,859,-553
"21595","2363矽統","110/07/13","元富-成功",323,96,227
"21596","2363矽統","110/07/13","元富",54,567,-513
"21597","2363矽統","110/07/13","豐農",228,23,205
"21598","2363矽統","110/07/13","瑞士信貸",202,666,-464
"21599","2363矽統","110/07/13","台灣企銀-岡山",186,4,182
"21600","2363矽統","110/07/13","永豐金-嘉義",67,468,-401
"21601","2363矽統","110/07/13","凱基-南崁",2133,63,2070
"21602","2363矽統","110/07/13","凱基-幸福",36,4048,-4012
"21603","2363矽統","110/07/13","國泰-敦南",2195,1617,578
"21604","2363矽統","110/07/13","統一",192,3325,-3133
"21605","2363矽統","110/07/13","中農",670,139,531
"21606","2363矽統","110/07/13","新加坡商瑞銀",1000,2747,-1747
"21607","2363矽統","110/07/13","康和-台中",638,154,484
"21608","2363矽統","110/07/13","凱基-台北",5359,6609,-1250
"21609","2363矽統","110/07/13","群益金鼎-三民",577,137,440
"21610","2363矽統","110/07/13","摩根大通",1930,2858,-928
"21611","2363矽統","110/07/13","台新-屏東",510,88,422
"21612","2363矽統","110/07/13","港商野村",960,1679,-719
"21613","2363矽統","110/07/13","德信-中正",455,67,388
"21614","2363矽統","110/07/13","兆豐-復興",25,705,-680
"21615","2363矽統","110/07/13","日盛-竹北",365,70,295
"21616","2363矽統","110/07/13","統一-仁愛",114,755,-641
"21617","2363矽統","110/07/13","元大-佳里",452,189,263
"21618","2363矽統","110/07/13","統一-敦南",29,638,-609
"21619","2363矽統","110/07/13","國票-博愛",296,38,258
"21620","2363矽統","110/07/13","統一-土城",100,704,-604
"21621","2363矽統","110/07/13","元大-萬華",340,95,245
"21622","2363矽統","110/07/13","統一-城中",116,676,-560
"21623","2363矽統","110/07/13","新光",1259,1031,228
"21624","2363矽統","110/07/13","永豐金證券",306,859,-553
"21625","2363矽統","110/07/13","元富-成功",323,96,227
"21626","2363矽統","110/07/13","元富",54,567,-513
"21627","2363矽統","110/07/13","豐農",228,23,205
"21628","2363矽統","110/07/13","瑞士信貸",202,666,-464
"21629","2363矽統","110/07/13","台灣企銀-岡山",186,4,182
"21630","2363矽統","110/07/13","永豐金-嘉義",67,468,-401
"21631","2363矽統","110/07/13","凱基-南崁",2133,63,2070
"21632","2363矽統","110/07/13","凱基-幸福",36,4048,-4012
"21633","2363矽統","110/07/13","國泰-敦南",2195,1617,578
"21634","2363矽統","110/07/13","統一",192,3325,-3133
"21635","2363矽統","110/07/13","中農",670,139,531
"21636","2363矽統","110/07/13","新加坡商瑞銀",1000,2747,-1747
"21637","2363矽統","110/07/13","康和-台中",638,154,484
"21638","2363矽統","110/07/13","凱基-台北",5359,6609,-1250
"21639","2363矽統","110/07/13","群益金鼎-三民",577,137,440
"21640","2363矽統","110/07/13","摩根大通",1930,2858,-928
"21641","2363矽統","110/07/13","台新-屏東",510,88,422
"21642","2363矽統","110/07/13","港商野村",960,1679,-719
"21643","2363矽統","110/07/13","德信-中正",455,67,388
"21644","2363矽統","110/07/13","兆豐-復興",25,705,-680
"21645","2363矽統","110/07/13","日盛-竹北",365,70,295
"21646","2363矽統","110/07/13","統一-仁愛",114,755,-641
"21647","2363矽統","110/07/13","元大-佳里",452,189,263
"21648","2363矽統","110/07/13","統一-敦南",29,638,-609
"21649","2363矽統","110/07/13","國票-博愛",296,38,258
"21650","2363矽統","110/07/13","統一-土城",100,704,-604
"21651","2363矽統","110/07/13","元大-萬華",340,95,245
"21652","2363矽統","110/07/13","統一-城中",116,676,-560
"21653","2363矽統","110/07/13","新光",1259,1031,228
"21654","2363矽統","110/07/13","永豐金證券",306,859,-553
"21655","2363矽統","110/07/13","元富-成功",323,96,227
"21656","2363矽統","110/07/13","元富",54,567,-513
"21657","2363矽統","110/07/13","豐農",228,23,205
"21658","2363矽統","110/07/13","瑞士信貸",202,666,-464
"21659","2363矽統","110/07/13","台灣企銀-岡山",186,4,182
"21660","2363矽統","110/07/13","永豐金-嘉義",67,468,-401
"21661","1570力肯","110/07/13","新光",115,11,104
"21662","1570力肯","110/07/13","元大-北三重",0,162,-162
"21663","1570力肯","110/07/13","群益金鼎-高雄",54,0,54
"21664","1570力肯","110/07/13","元大-大灣",0,25,-25
"21665","1570力肯","110/07/13","國票-新莊",22,0,22
"21666","1570力肯","110/07/13","永豐金-苓雅",0,22,-22
"21667","1570力肯","110/07/13","日盛-桃園",12,0,12
"21668","1570力肯","110/07/13","永豐金-永康",0,19,-19
"21669","1570力肯","110/07/13","元大-高雄",12,0,12
"21670","1570力肯","110/07/13","富邦-員林",0,15,-15
"21671","1570力肯","110/07/13","合庫-自強",11,0,11
"21672","1570力肯","110/07/13","凱基-台南",0,11,-11
"21673","1570力肯","110/07/13","摩根大通",26,15,11
"21674","1570力肯","110/07/13","日盛-竹北",0,10,-10
"21675","1570力肯","110/07/13","永豐金-中盛",11,0,11
"21676","1570力肯","110/07/13","國票-九鼎",0,10,-10
"21677","1570力肯","110/07/13","兆豐-台中港",10,0,10
"21678","1570力肯","110/07/13","凱基-桃園",0,10,-10
"21679","1570力肯","110/07/13","國泰-松江",9,0,9
"21680","1570力肯","110/07/13","凱基-新豐",0,10,-10
"21681","1570力肯","110/07/13","元大-新盛",9,0,9
"21682","1570力肯","110/07/13","元大-學甲",0,10,-10
"21683","1570力肯","110/07/13","元富-緯城",6,0,6
"21684","1570力肯","110/07/13","群益金鼎-東湖",1,10,-9
"21685","1570力肯","110/07/13","統一-三重",5,0,5
"21686","1570力肯","110/07/13","大昌",0,6,-6
"21687","1570力肯","110/07/13","元大-前金",5,0,5
"21688","1570力肯","110/07/13","元大-土城學府",0,6,-6
"21689","1570力肯","110/07/13","永豐金證券",5,0,5
"21690","1570力肯","110/07/13","統一",0,5,-5
"21691","1570力肯","110/07/13","新光",115,11,104
"21692","1570力肯","110/07/13","元大-北三重",0,162,-162
"21693","1570力肯","110/07/13","群益金鼎-高雄",54,0,54
"21694","1570力肯","110/07/13","元大-大灣",0,25,-25
"21695","1570力肯","110/07/13","國票-新莊",22,0,22
"21696","1570力肯","110/07/13","永豐金-苓雅",0,22,-22
"21697","1570力肯","110/07/13","日盛-桃園",12,0,12
"21698","1570力肯","110/07/13","永豐金-永康",0,19,-19
"21699","1570力肯","110/07/13","元大-高雄",12,0,12
"21700","1570力肯","110/07/13","富邦-員林",0,15,-15
"21701","1570力肯","110/07/13","合庫-自強",11,0,11
"21702","1570力肯","110/07/13","凱基-台南",0,11,-11
"21703","1570力肯","110/07/13","摩根大通",26,15,11
"21704","1570力肯","110/07/13","日盛-竹北",0,10,-10
"21705","1570力肯","110/07/13","永豐金-中盛",11,0,11
"21706","1570力肯","110/07/13","國票-九鼎",0,10,-10
"21707","1570力肯","110/07/13","兆豐-台中港",10,0,10
"21708","1570力肯","110/07/13","凱基-桃園",0,10,-10
"21709","1570力肯","110/07/13","國泰-松江",9,0,9
"21710","1570力肯","110/07/13","凱基-新豐",0,10,-10
"21711","1570力肯","110/07/13","元大-新盛",9,0,9
"21712","1570力肯","110/07/13","元大-學甲",0,10,-10
"21713","1570力肯","110/07/13","元富-緯城",6,0,6
"21714","1570力肯","110/07/13","群益金鼎-東湖",1,10,-9
"21715","1570力肯","110/07/13","統一-三重",5,0,5
"21716","1570力肯","110/07/13","大昌",0,6,-6
"21717","1570力肯","110/07/13","元大-前金",5,0,5
"21718","1570力肯","110/07/13","元大-土城學府",0,6,-6
"21719","1570力肯","110/07/13","永豐金證券",5,0,5
"21720","1570力肯","110/07/13","統一",0,5,-5
"21721","6180橘子","110/07/13","摩根大通",119,0,119
"21722","6180橘子","110/07/13","元大-崇德",2,61,-59
"21723","6180橘子","110/07/13","美商高盛",96,0,96
"21724","6180橘子","110/07/13","康和-台中",0,51,-51
"21725","6180橘子","110/07/13","新加坡商瑞銀",86,7,79
"21726","6180橘子","110/07/13","康和-台北",0,50,-50
"21727","6180橘子","110/07/13","元大-和平",40,0,40
"21728","6180橘子","110/07/13","元富-潮州",0,40,-40
"21729","6180橘子","110/07/13","凱基-台北",83,47,36
"21730","6180橘子","110/07/13","日盛-永康",0,26,-26
"21731","6180橘子","110/07/13","美林",39,5,34
"21732","6180橘子","110/07/13","永豐金-中正",0,24,-24
"21733","6180橘子","110/07/13","富邦-新竹華信",31,2,29
"21734","6180橘子","110/07/13","國泰-板橋",2,25,-23
"21735","6180橘子","110/07/13","統一-南京",21,0,21
"21736","6180橘子","110/07/13","日盛-大墩",0,20,-20
"21737","6180橘子","110/07/13","富邦-陽明",24,3,21
"21738","6180橘子","110/07/13","元大-草屯",13,32,-19
"21739","6180橘子","110/07/13","大昌-樹林",21,1,20
"21740","6180橘子","110/07/13","元富-林園",1,18,-17
"21741","6180橘子","110/07/13","花旗環球",19,0,19
"21742","6180橘子","110/07/13","新光-新竹",1,18,-17
"21743","6180橘子","110/07/13","華南永昌-台南",19,0,19
"21744","6180橘子","110/07/13","元大-土城永寧",0,17,-17
"21745","6180橘子","110/07/13","福勝",14,0,14
"21746","6180橘子","110/07/13","國泰-新莊",3,19,-16
"21747","6180橘子","110/07/13","富邦-嘉義",12,1,11
"21748","6180橘子","110/07/13","中國信託-永康",6,21,-15
"21749","6180橘子","110/07/13","元大-板橋三民",11,0,11
"21750","6180橘子","110/07/13","凱基-東港",1,15,-14
"21751","1570力肯","110/07/13","新光",115,11,104
"21752","1570力肯","110/07/13","元大-北三重",0,162,-162
"21753","1570力肯","110/07/13","群益金鼎-高雄",54,0,54
"21754","1570力肯","110/07/13","元大-大灣",0,25,-25
"21755","1570力肯","110/07/13","國票-新莊",22,0,22
"21756","1570力肯","110/07/13","永豐金-苓雅",0,22,-22
"21757","1570力肯","110/07/13","日盛-桃園",12,0,12
"21758","1570力肯","110/07/13","永豐金-永康",0,19,-19
"21759","1570力肯","110/07/13","元大-高雄",12,0,12
"21760","1570力肯","110/07/13","富邦-員林",0,15,-15
"21761","1570力肯","110/07/13","合庫-自強",11,0,11
"21762","1570力肯","110/07/13","凱基-台南",0,11,-11
"21763","1570力肯","110/07/13","摩根大通",26,15,11
"21764","1570力肯","110/07/13","日盛-竹北",0,10,-10
"21765","1570力肯","110/07/13","永豐金-中盛",11,0,11
"21766","1570力肯","110/07/13","國票-九鼎",0,10,-10
"21767","1570力肯","110/07/13","兆豐-台中港",10,0,10
"21768","1570力肯","110/07/13","凱基-桃園",0,10,-10
"21769","1570力肯","110/07/13","國泰-松江",9,0,9
"21770","1570力肯","110/07/13","凱基-新豐",0,10,-10
"21771","1570力肯","110/07/13","元大-新盛",9,0,9
"21772","1570力肯","110/07/13","元大-學甲",0,10,-10
"21773","1570力肯","110/07/13","元富-緯城",6,0,6
"21774","1570力肯","110/07/13","群益金鼎-東湖",1,10,-9
"21775","1570力肯","110/07/13","統一-三重",5,0,5
"21776","1570力肯","110/07/13","大昌",0,6,-6
"21777","1570力肯","110/07/13","元大-前金",5,0,5
"21778","1570力肯","110/07/13","元大-土城學府",0,6,-6
"21779","1570力肯","110/07/13","永豐金證券",5,0,5
"21780","1570力肯","110/07/13","統一",0,5,-5
"21781","6180橘子","110/07/13","摩根大通",119,0,119
"21782","6180橘子","110/07/13","元大-崇德",2,61,-59
"21783","6180橘子","110/07/13","美商高盛",96,0,96
"21784","6180橘子","110/07/13","康和-台中",0,51,-51
"21785","6180橘子","110/07/13","新加坡商瑞銀",86,7,79
"21786","6180橘子","110/07/13","康和-台北",0,50,-50
"21787","6180橘子","110/07/13","元大-和平",40,0,40
"21788","6180橘子","110/07/13","元富-潮州",0,40,-40
"21789","6180橘子","110/07/13","凱基-台北",83,47,36
"21790","6180橘子","110/07/13","日盛-永康",0,26,-26
"21791","6180橘子","110/07/13","美林",39,5,34
"21792","6180橘子","110/07/13","永豐金-中正",0,24,-24
"21793","6180橘子","110/07/13","富邦-新竹華信",31,2,29
"21794","6180橘子","110/07/13","國泰-板橋",2,25,-23
"21795","6180橘子","110/07/13","統一-南京",21,0,21
"21796","6180橘子","110/07/13","日盛-大墩",0,20,-20
"21797","6180橘子","110/07/13","富邦-陽明",24,3,21
"21798","6180橘子","110/07/13","元大-草屯",13,32,-19
"21799","6180橘子","110/07/13","大昌-樹林",21,1,20
"21800","6180橘子","110/07/13","元富-林園",1,18,-17
"21801","6180橘子","110/07/13","花旗環球",19,0,19
"21802","6180橘子","110/07/13","新光-新竹",1,18,-17
"21803","6180橘子","110/07/13","華南永昌-台南",19,0,19
"21804","6180橘子","110/07/13","元大-土城永寧",0,17,-17
"21805","6180橘子","110/07/13","福勝",14,0,14
"21806","6180橘子","110/07/13","國泰-新莊",3,19,-16
"21807","6180橘子","110/07/13","富邦-嘉義",12,1,11
"21808","6180橘子","110/07/13","中國信託-永康",6,21,-15
"21809","6180橘子","110/07/13","元大-板橋三民",11,0,11
"21810","6180橘子","110/07/13","凱基-東港",1,15,-14
"21811","2390云辰","110/07/13","新加坡商瑞銀",562,75,487
"21812","2390云辰","110/07/13","大展-台南",0,532,-532
"21813","2390云辰","110/07/13","台灣摩根士丹利",330,155,175
"21814","2390云辰","110/07/13","凱基-台北",668,854,-186
"21815","2390云辰","110/07/13","兆豐-公益",126,25,101
"21816","2390云辰","110/07/13","凱基-三重",12,172,-160
"21817","2390云辰","110/07/13","元富-中港",100,2,98
"21818","2390云辰","110/07/13","兆豐-忠孝",4,161,-157
"21819","2390云辰","110/07/13","統一-新台中",106,9,97
"21820","2390云辰","110/07/13","元大-士林",19,170,-151
"21821","2390云辰","110/07/13","中國信託-松江",81,11,70
"21822","2390云辰","110/07/13","臺銀-新竹",14,117,-103
"21823","2390云辰","110/07/13","日盛-板橋",72,3,69
"21824","2390云辰","110/07/13","國票-台中",4,102,-98
"21825","2390云辰","110/07/13","日盛-和美",57,0,57
"21826","2390云辰","110/07/13","新光",147,232,-85
"21827","2390云辰","110/07/13","永豐金-桃園",88,36,52
"21828","2390云辰","110/07/13","致和-崇德",2,70,-68
"21829","2390云辰","110/07/13","玉山-士林",54,4,50
"21830","2390云辰","110/07/13","群益金鼎-屏東",2,70,-68
"21831","2390云辰","110/07/13","富邦-仁愛",56,6,50
"21832","2390云辰","110/07/13","元大-大里",35,98,-63
"21833","2390云辰","110/07/13","第一金-豐原",50,1,49
"21834","2390云辰","110/07/13","元大-萬華",35,94,-59
"21835","2390云辰","110/07/13","摩根大通",502,453,49
"21836","2390云辰","110/07/13","元富-吉利",2,60,-58
"21837","2390云辰","110/07/13","凱基-松山",61,13,48
"21838","2390云辰","110/07/13","兆豐-新竹",3,53,-50
"21839","2390云辰","110/07/13","大昌",64,22,42
"21840","2390云辰","110/07/13","富邦-嘉義",65,108,-43
"21841","2363矽統","110/07/13","凱基-南崁",2133,63,2070
"21842","2363矽統","110/07/13","凱基-幸福",36,4048,-4012
"21843","2363矽統","110/07/13","國泰-敦南",2195,1617,578
"21844","2363矽統","110/07/13","統一",192,3325,-3133
"21845","2363矽統","110/07/13","中農",670,139,531
"21846","2363矽統","110/07/13","新加坡商瑞銀",1000,2747,-1747
"21847","2363矽統","110/07/13","康和-台中",638,154,484
"21848","2363矽統","110/07/13","凱基-台北",5359,6609,-1250
"21849","2363矽統","110/07/13","群益金鼎-三民",577,137,440
"21850","2363矽統","110/07/13","摩根大通",1930,2858,-928
"21851","2363矽統","110/07/13","台新-屏東",510,88,422
"21852","2363矽統","110/07/13","港商野村",960,1679,-719
"21853","2363矽統","110/07/13","德信-中正",455,67,388
"21854","2363矽統","110/07/13","兆豐-復興",25,705,-680
"21855","2363矽統","110/07/13","日盛-竹北",365,70,295
"21856","2363矽統","110/07/13","統一-仁愛",114,755,-641
"21857","2363矽統","110/07/13","元大-佳里",452,189,263
"21858","2363矽統","110/07/13","統一-敦南",29,638,-609
"21859","2363矽統","110/07/13","國票-博愛",296,38,258
"21860","2363矽統","110/07/13","統一-土城",100,704,-604
"21861","2363矽統","110/07/13","元大-萬華",340,95,245
"21862","2363矽統","110/07/13","統一-城中",116,676,-560
"21863","2363矽統","110/07/13","新光",1259,1031,228
"21864","2363矽統","110/07/13","永豐金證券",306,859,-553
"21865","2363矽統","110/07/13","元富-成功",323,96,227
"21866","2363矽統","110/07/13","元富",54,567,-513
"21867","2363矽統","110/07/13","豐農",228,23,205
"21868","2363矽統","110/07/13","瑞士信貸",202,666,-464
"21869","2363矽統","110/07/13","台灣企銀-岡山",186,4,182
"21870","2363矽統","110/07/13","永豐金-嘉義",67,468,-401
"21871","8112至上","110/07/13","摩根大通",688,296,392
"21872","8112至上","110/07/13","國票-中和",0,401,-401
"21873","8112至上","110/07/13","港商野村",344,145,199
"21874","8112至上","110/07/13","永豐金-板盛",0,205,-205
"21875","8112至上","110/07/13","兆豐-公益",195,5,190
"21876","8112至上","110/07/13","凱基-五股",43,155,-112
"21877","8112至上","110/07/13","台灣摩根士丹利",183,0,183
"21878","8112至上","110/07/13","凱基-市政",0,100,-100
"21879","8112至上","110/07/13","群益金鼎-敦南",153,2,151
"21880","8112至上","110/07/13","元大-大里德芳",1,92,-91
"21881","8112至上","110/07/13","臺銀-金山",146,26,120
"21882","8112至上","110/07/13","玉山-桃園",26,110,-84
"21883","8112至上","110/07/13","臺銀",133,19,114
"21884","8112至上","110/07/13","兆豐-天母",0,81,-81
"21885","8112至上","110/07/13","合庫-台中",115,6,109
"21886","8112至上","110/07/13","凱基-城中",3,84,-81
"21887","8112至上","110/07/13","亞東-板橋",134,26,108
"21888","8112至上","110/07/13","日盛-新莊",9,85,-76
"21889","8112至上","110/07/13","凱基-台北",414,326,88
"21890","8112至上","110/07/13","日盛-台中",2,64,-62
"21891","8112至上","110/07/13","新加坡商瑞銀",181,100,81
"21892","8112至上","110/07/13","日盛-中壢",3,64,-61
"21893","8112至上","110/07/13","國泰-敦南",108,31,77
"21894","8112至上","110/07/13","元大-台中",2,59,-57
"21895","8112至上","110/07/13","第一金-華江",77,4,73
"21896","8112至上","110/07/13","元大-雙和",7,64,-57
"21897","8112至上","110/07/13","永豐金-內湖",73,1,72
"21898","8112至上","110/07/13","元大-高雄",8,62,-54
"21899","8112至上","110/07/13","元大-永和",68,1,67
"21900","8112至上","110/07/13","元大-館前",2,55,-53
"21901","2929淘帝","110/07/13","玉山-新竹",130,0,130
"21902","2929淘帝","110/07/13","美商高盛",0,177,-177
"21903","2929淘帝","110/07/13","臺銀-民權",60,0,60
"21904","2929淘帝","110/07/13","凱基-台北",6,80,-74
"21905","2929淘帝","110/07/13","新百王",31,0,31
"21906","2929淘帝","110/07/13","元富-大裕",0,49,-49
"21907","2929淘帝","110/07/13","日盛-園區",30,0,30
"21908","2929淘帝","110/07/13","國泰-館前",3,51,-48
"21909","2929淘帝","110/07/13","元大-南投",31,1,30
"21910","2929淘帝","110/07/13","凱基-中壢",0,41,-41
"21911","2929淘帝","110/07/13","兆豐-忠孝",28,0,28
"21912","2929淘帝","110/07/13","港商野村",21,55,-34
"21913","2929淘帝","110/07/13","元大-民生",28,0,28
"21914","2929淘帝","110/07/13","華南永昌-南京",2,34,-32
"21915","2929淘帝","110/07/13","合庫-高雄",27,0,27
"21916","2929淘帝","110/07/13","群益金鼎-土城",0,30,-30
"21917","2929淘帝","110/07/13","凱基-豐中",27,0,27
"21918","2929淘帝","110/07/13","富邦-南屯",0,22,-22
"21919","2929淘帝","110/07/13","新光",21,4,17
"21920","2929淘帝","110/07/13","第一金-豐原",0,20,-20
"21921","2929淘帝","110/07/13","元大-天母",17,0,17
"21922","2929淘帝","110/07/13","元大-屏南",6,26,-20
"21923","2929淘帝","110/07/13","永興",14,0,14
"21924","2929淘帝","110/07/13","永豐金-敦南",1,21,-20
"21925","2929淘帝","110/07/13","富邦-台北",12,0,12
"21926","2929淘帝","110/07/13","凱基-三重",2,21,-19
"21927","2929淘帝","110/07/13","元大-永和",12,0,12
"21928","2929淘帝","110/07/13","富邦-仁愛",7,25,-18
"21929","2929淘帝","110/07/13","國票-天祥",11,0,11
"21930","2929淘帝","110/07/13","元大-北投",0,16,-16
"21931","2841台開","110/07/13","中國信託-高雄",251,50,201
"21932","2841台開","110/07/13","兆豐-公益",0,177,-177
"21933","2841台開","110/07/13","日盛證券",210,13,197
"21934","2841台開","110/07/13","日進",0,152,-152
"21935","2841台開","110/07/13","第一金-台中",55,0,55
"21936","2841台開","110/07/13","港商野村",0,109,-109
"21937","2841台開","110/07/13","國泰-板橋",46,0,46
"21938","2841台開","110/07/13","日盛-信義",0,103,-103
"21939","2841台開","110/07/13","國泰-館前",48,3,45
"21940","2841台開","110/07/13","國泰-敦南",11,75,-64
"21941","2841台開","110/07/13","華南永昌-新莊",45,0,45
"21942","2841台開","110/07/13","永興",0,50,-50
"21943","2841台開","110/07/13","日盛-園區",42,0,42
"21944","2841台開","110/07/13","永豐金-敦南",61,104,-43
"21945","2841台開","110/07/13","台新證券",32,0,32
"21946","2841台開","110/07/13","富邦-台南",0,42,-42
"21947","2841台開","110/07/13","台新-高雄",32,2,30
"21948","2841台開","110/07/13","國票-安和",0,30,-30
"21949","2841台開","110/07/13","豐農",23,0,23
"21950","2841台開","110/07/13","元大-桃園",0,25,-25
"21951","2841台開","110/07/13","合庫-嘉義",20,0,20
"21952","2841台開","110/07/13","新光",8,32,-24
"21953","2841台開","110/07/13","華南永昌-高雄",20,0,20
"21954","2841台開","110/07/13","元大-仁愛",0,24,-24
"21955","2841台開","110/07/13","元大-樹林",16,0,16
"21956","2841台開","110/07/13","日盛-中和",0,20,-20
"21957","2841台開","110/07/13","第一金-華江",15,2,13
"21958","2841台開","110/07/13","元富",0,20,-20
"21959","2841台開","110/07/13","美商高盛",12,0,12
"21960","2841台開","110/07/13","富邦-宜蘭",0,20,-20
"21961","6207雷科","110/07/13","元大-高雄",121,0,121
"21962","6207雷科","110/07/13","華南永昌-朴子",1,60,-59
"21963","6207雷科","110/07/13","第一金-新興",20,0,20
"21964","6207雷科","110/07/13","元大-南海",0,36,-36
"21965","6207雷科","110/07/13","元富-三重",20,0,20
"21966","6207雷科","110/07/13","凱基-土城",0,35,-35
"21967","6207雷科","110/07/13","元大-林園",15,0,15
"21968","6207雷科","110/07/13","台灣企銀",0,20,-20
"21969","6207雷科","110/07/13","元大-金華",16,1,15
"21970","6207雷科","110/07/13","群益金鼎-丹鳳",0,20,-20
"21971","6207雷科","110/07/13","日盛證券",10,0,10
"21972","6207雷科","110/07/13","元大-博愛",0,17,-17
"21973","6207雷科","110/07/13","統一-台中",10,0,10
"21974","6207雷科","110/07/13","元大-北港",0,13,-13
"21975","6207雷科","110/07/13","群益金鼎-土城",10,0,10
"21976","6207雷科","110/07/13","新加坡商瑞銀",0,12,-12
"21977","6207雷科","110/07/13","群益金鼎-桃園",10,0,10
"21978","6207雷科","110/07/13","凱基-台北",4,16,-12
"21979","6207雷科","110/07/13","永豐金-新莊",10,0,10
"21980","6207雷科","110/07/13","日茂-埔里",0,11,-11
"21981","6207雷科","110/07/13","永豐金-新店",10,0,10
"21982","6207雷科","110/07/13","元大-莒光",0,11,-11
"21983","6207雷科","110/07/13","元大證券",9,0,9
"21984","6207雷科","110/07/13","統一-新竹",0,10,-10
"21985","6207雷科","110/07/13","日盛-木柵",9,1,8
"21986","6207雷科","110/07/13","元大-西螺",0,10,-10
"21987","6207雷科","110/07/13","兆豐-來福",8,0,8
"21988","6207雷科","110/07/13","康和-台中",0,8,-8
"21989","6207雷科","110/07/13","新光",7,0,7
"21990","6207雷科","110/07/13","兆豐-高雄",0,6,-6
"21991","3679新至陞","110/07/13","永豐金證券",50,0,50
"21992","3679新至陞","110/07/13","摩根大通",2,25,-23
"21993","3679新至陞","110/07/13","國泰-桃園",22,0,22
"21994","3679新至陞","110/07/13","元大-成功",0,22,-22
"21995","3679新至陞","110/07/13","台中銀-員林",11,0,11
"21996","3679新至陞","110/07/13","富邦-板橋",1,19,-18
"21997","3679新至陞","110/07/13","元大-文心興安",8,0,8
"21998","3679新至陞","110/07/13","日盛-新莊",0,10,-10
"21999","3679新至陞","110/07/13","美商高盛",6,0,6
"22000","3679新至陞","110/07/13","台新-台中",0,10,-10
"22001","3679新至陞","110/07/13","台新-高雄",6,0,6
"22002","3679新至陞","110/07/13","永豐金-新竹",0,8,-8
"22003","3679新至陞","110/07/13","凱基-台北",18,12,6
"22004","3679新至陞","110/07/13","瑞士信貸",12,19,-7
"22005","3679新至陞","110/07/13","日盛-復興",5,0,5
"22006","3679新至陞","110/07/13","統一-南京",0,7,-7
"22007","3679新至陞","110/07/13","(牛牛牛)亞-鑫豐",4,0,4
"22008","3679新至陞","110/07/13","凱基-新莊",0,7,-7
"22009","3679新至陞","110/07/13","元富-大昌",3,0,3
"22010","3679新至陞","110/07/13","新加坡商瑞銀",0,6,-6
"22011","3679新至陞","110/07/13","富邦-台北",3,0,3
"22012","3679新至陞","110/07/13","合庫-自強",0,5,-5
"22013","3679新至陞","110/07/13","日盛-樹林",2,0,2
"22014","3679新至陞","110/07/13","富邦-桃園",0,5,-5
"22015","3679新至陞","110/07/13","宏遠-光隆",2,0,2
"22016","3679新至陞","110/07/13","永豐金-潮州",0,4,-4
"22017","3679新至陞","110/07/13","美林",3,1,2
"22018","3679新至陞","110/07/13","臺銀-臺南",0,3,-3
"22019","3679新至陞","110/07/13","第一金-中壢",2,0,2
"22020","3679新至陞","110/07/13","元大-六合",0,3,-3
"22021","2727王品","110/07/13","富邦-台北",43,3,40
"22022","2727王品","110/07/13","台灣摩根士丹利",15,97,-82
"22023","2727王品","110/07/13","元大-基隆孝二",40,0,40
"22024","2727王品","110/07/13","玉山-台南",5,57,-52
"22025","2727王品","110/07/13","國票-新莊",40,1,39
"22026","2727王品","110/07/13","新加坡商瑞銀",0,48,-48
"22027","2727王品","110/07/13","第一金-豐原",66,42,24
"22028","2727王品","110/07/13","凱基-台北",41,77,-36
"22029","2727王品","110/07/13","永豐金-大園",34,10,24
"22030","2727王品","110/07/13","永豐金-永康",0,22,-22
"22031","2727王品","110/07/13","元大-北屯",22,0,22
"22032","2727王品","110/07/13","統一-台中",2,22,-20
"22033","2727王品","110/07/13","元大-東蘆",26,7,19
"22034","2727王品","110/07/13","國泰-台中",21,39,-18
"22035","2727王品","110/07/13","永豐金-萬盛",13,1,12
"22036","2727王品","110/07/13","合庫-彰化",3,20,-17
"22037","2727王品","110/07/13","日盛-嘉義",11,0,11
"22038","2727王品","110/07/13","港商野村",13,30,-17
"22039","2727王品","110/07/13","日盛-八德",11,0,11
"22040","2727王品","110/07/13","元大-楊梅",1,16,-15
"22041","2727王品","110/07/13","統一-竹南",11,0,11
"22042","2727王品","110/07/13","凱基-高美館",2,15,-13
"22043","2727王品","110/07/13","日盛-士林",12,2,10
"22044","2727王品","110/07/13","美商高盛",2,14,-12
"22045","2727王品","110/07/13","統一-敦南",10,0,10
"22046","2727王品","110/07/13","統一-平鎮",1,13,-12
"22047","2727王品","110/07/13","中國信託",15,5,10
"22048","2727王品","110/07/13","兆豐-台中港",4,16,-12
"22049","2727王品","110/07/13","兆豐-竹北",13,3,10
"22050","2727王品","110/07/13","凱基-八德",1,13,-12
"22051","1570力肯","110/07/13","新光",115,11,104
"22052","1570力肯","110/07/13","元大-北三重",0,162,-162
"22053","1570力肯","110/07/13","群益金鼎-高雄",54,0,54
"22054","1570力肯","110/07/13","元大-大灣",0,25,-25
"22055","1570力肯","110/07/13","國票-新莊",22,0,22
"22056","1570力肯","110/07/13","永豐金-苓雅",0,22,-22
"22057","1570力肯","110/07/13","日盛-桃園",12,0,12
"22058","1570力肯","110/07/13","永豐金-永康",0,19,-19
"22059","1570力肯","110/07/13","元大-高雄",12,0,12
"22060","1570力肯","110/07/13","富邦-員林",0,15,-15
"22061","1570力肯","110/07/13","合庫-自強",11,0,11
"22062","1570力肯","110/07/13","凱基-台南",0,11,-11
"22063","1570力肯","110/07/13","摩根大通",26,15,11
"22064","1570力肯","110/07/13","日盛-竹北",0,10,-10
"22065","1570力肯","110/07/13","永豐金-中盛",11,0,11
"22066","1570力肯","110/07/13","國票-九鼎",0,10,-10
"22067","1570力肯","110/07/13","兆豐-台中港",10,0,10
"22068","1570力肯","110/07/13","凱基-桃園",0,10,-10
"22069","1570力肯","110/07/13","國泰-松江",9,0,9
"22070","1570力肯","110/07/13","凱基-新豐",0,10,-10
"22071","1570力肯","110/07/13","元大-新盛",9,0,9
"22072","1570力肯","110/07/13","元大-學甲",0,10,-10
"22073","1570力肯","110/07/13","元富-緯城",6,0,6
"22074","1570力肯","110/07/13","群益金鼎-東湖",1,10,-9
"22075","1570力肯","110/07/13","統一-三重",5,0,5
"22076","1570力肯","110/07/13","大昌",0,6,-6
"22077","1570力肯","110/07/13","元大-前金",5,0,5
"22078","1570力肯","110/07/13","元大-土城學府",0,6,-6
"22079","1570力肯","110/07/13","永豐金證券",5,0,5
"22080","1570力肯","110/07/13","統一",0,5,-5
"22081","6180橘子","110/07/13","摩根大通",119,0,119
"22082","6180橘子","110/07/13","元大-崇德",2,61,-59
"22083","6180橘子","110/07/13","美商高盛",96,0,96
"22084","6180橘子","110/07/13","康和-台中",0,51,-51
"22085","6180橘子","110/07/13","新加坡商瑞銀",86,7,79
"22086","6180橘子","110/07/13","康和-台北",0,50,-50
"22087","6180橘子","110/07/13","元大-和平",40,0,40
"22088","6180橘子","110/07/13","元富-潮州",0,40,-40
"22089","6180橘子","110/07/13","凱基-台北",83,47,36
"22090","6180橘子","110/07/13","日盛-永康",0,26,-26
"22091","6180橘子","110/07/13","美林",39,5,34
"22092","6180橘子","110/07/13","永豐金-中正",0,24,-24
"22093","6180橘子","110/07/13","富邦-新竹華信",31,2,29
"22094","6180橘子","110/07/13","國泰-板橋",2,25,-23
"22095","6180橘子","110/07/13","統一-南京",21,0,21
"22096","6180橘子","110/07/13","日盛-大墩",0,20,-20
"22097","6180橘子","110/07/13","富邦-陽明",24,3,21
"22098","6180橘子","110/07/13","元大-草屯",13,32,-19
"22099","6180橘子","110/07/13","大昌-樹林",21,1,20
"22100","6180橘子","110/07/13","元富-林園",1,18,-17
"22101","6180橘子","110/07/13","花旗環球",19,0,19
"22102","6180橘子","110/07/13","新光-新竹",1,18,-17
"22103","6180橘子","110/07/13","華南永昌-台南",19,0,19
"22104","6180橘子","110/07/13","元大-土城永寧",0,17,-17
"22105","6180橘子","110/07/13","福勝",14,0,14
"22106","6180橘子","110/07/13","國泰-新莊",3,19,-16
"22107","6180橘子","110/07/13","富邦-嘉義",12,1,11
"22108","6180橘子","110/07/13","中國信託-永康",6,21,-15
"22109","6180橘子","110/07/13","元大-板橋三民",11,0,11
"22110","6180橘子","110/07/13","凱基-東港",1,15,-14
"22111","2390云辰","110/07/13","新加坡商瑞銀",562,75,487
"22112","2390云辰","110/07/13","大展-台南",0,532,-532
"22113","2390云辰","110/07/13","台灣摩根士丹利",330,155,175
"22114","2390云辰","110/07/13","凱基-台北",668,854,-186
"22115","2390云辰","110/07/13","兆豐-公益",126,25,101
"22116","2390云辰","110/07/13","凱基-三重",12,172,-160
"22117","2390云辰","110/07/13","元富-中港",100,2,98
"22118","2390云辰","110/07/13","兆豐-忠孝",4,161,-157
"22119","2390云辰","110/07/13","統一-新台中",106,9,97
"22120","2390云辰","110/07/13","元大-士林",19,170,-151
"22121","2390云辰","110/07/13","中國信託-松江",81,11,70
"22122","2390云辰","110/07/13","臺銀-新竹",14,117,-103
"22123","2390云辰","110/07/13","日盛-板橋",72,3,69
"22124","2390云辰","110/07/13","國票-台中",4,102,-98
"22125","2390云辰","110/07/13","日盛-和美",57,0,57
"22126","2390云辰","110/07/13","新光",147,232,-85
"22127","2390云辰","110/07/13","永豐金-桃園",88,36,52
"22128","2390云辰","110/07/13","致和-崇德",2,70,-68
"22129","2390云辰","110/07/13","玉山-士林",54,4,50
"22130","2390云辰","110/07/13","群益金鼎-屏東",2,70,-68
"22131","2390云辰","110/07/13","富邦-仁愛",56,6,50
"22132","2390云辰","110/07/13","元大-大里",35,98,-63
"22133","2390云辰","110/07/13","第一金-豐原",50,1,49
"22134","2390云辰","110/07/13","元大-萬華",35,94,-59
"22135","2390云辰","110/07/13","摩根大通",502,453,49
"22136","2390云辰","110/07/13","元富-吉利",2,60,-58
"22137","2390云辰","110/07/13","凱基-松山",61,13,48
"22138","2390云辰","110/07/13","兆豐-新竹",3,53,-50
"22139","2390云辰","110/07/13","大昌",64,22,42
"22140","2390云辰","110/07/13","富邦-嘉義",65,108,-43
"22141","2363矽統","110/07/13","凱基-南崁",2133,63,2070
"22142","2363矽統","110/07/13","凱基-幸福",36,4048,-4012
"22143","2363矽統","110/07/13","國泰-敦南",2195,1617,578
"22144","2363矽統","110/07/13","統一",192,3325,-3133
"22145","2363矽統","110/07/13","中農",670,139,531
"22146","2363矽統","110/07/13","新加坡商瑞銀",1000,2747,-1747
"22147","2363矽統","110/07/13","康和-台中",638,154,484
"22148","2363矽統","110/07/13","凱基-台北",5359,6609,-1250
"22149","2363矽統","110/07/13","群益金鼎-三民",577,137,440
"22150","2363矽統","110/07/13","摩根大通",1930,2858,-928
"22151","2363矽統","110/07/13","台新-屏東",510,88,422
"22152","2363矽統","110/07/13","港商野村",960,1679,-719
"22153","2363矽統","110/07/13","德信-中正",455,67,388
"22154","2363矽統","110/07/13","兆豐-復興",25,705,-680
"22155","2363矽統","110/07/13","日盛-竹北",365,70,295
"22156","2363矽統","110/07/13","統一-仁愛",114,755,-641
"22157","2363矽統","110/07/13","元大-佳里",452,189,263
"22158","2363矽統","110/07/13","統一-敦南",29,638,-609
"22159","2363矽統","110/07/13","國票-博愛",296,38,258
"22160","2363矽統","110/07/13","統一-土城",100,704,-604
"22161","2363矽統","110/07/13","元大-萬華",340,95,245
"22162","2363矽統","110/07/13","統一-城中",116,676,-560
"22163","2363矽統","110/07/13","新光",1259,1031,228
"22164","2363矽統","110/07/13","永豐金證券",306,859,-553
"22165","2363矽統","110/07/13","元富-成功",323,96,227
"22166","2363矽統","110/07/13","元富",54,567,-513
"22167","2363矽統","110/07/13","豐農",228,23,205
"22168","2363矽統","110/07/13","瑞士信貸",202,666,-464
"22169","2363矽統","110/07/13","台灣企銀-岡山",186,4,182
"22170","2363矽統","110/07/13","永豐金-嘉義",67,468,-401
"22171","8112至上","110/07/13","摩根大通",688,296,392
"22172","8112至上","110/07/13","國票-中和",0,401,-401
"22173","8112至上","110/07/13","港商野村",344,145,199
"22174","8112至上","110/07/13","永豐金-板盛",0,205,-205
"22175","8112至上","110/07/13","兆豐-公益",195,5,190
"22176","8112至上","110/07/13","凱基-五股",43,155,-112
"22177","8112至上","110/07/13","台灣摩根士丹利",183,0,183
"22178","8112至上","110/07/13","凱基-市政",0,100,-100
"22179","8112至上","110/07/13","群益金鼎-敦南",153,2,151
"22180","8112至上","110/07/13","元大-大里德芳",1,92,-91
"22181","8112至上","110/07/13","臺銀-金山",146,26,120
"22182","8112至上","110/07/13","玉山-桃園",26,110,-84
"22183","8112至上","110/07/13","臺銀",133,19,114
"22184","8112至上","110/07/13","兆豐-天母",0,81,-81
"22185","8112至上","110/07/13","合庫-台中",115,6,109
"22186","8112至上","110/07/13","凱基-城中",3,84,-81
"22187","8112至上","110/07/13","亞東-板橋",134,26,108
"22188","8112至上","110/07/13","日盛-新莊",9,85,-76
"22189","8112至上","110/07/13","凱基-台北",414,326,88
"22190","8112至上","110/07/13","日盛-台中",2,64,-62
"22191","8112至上","110/07/13","新加坡商瑞銀",181,100,81
"22192","8112至上","110/07/13","日盛-中壢",3,64,-61
"22193","8112至上","110/07/13","國泰-敦南",108,31,77
"22194","8112至上","110/07/13","元大-台中",2,59,-57
"22195","8112至上","110/07/13","第一金-華江",77,4,73
"22196","8112至上","110/07/13","元大-雙和",7,64,-57
"22197","8112至上","110/07/13","永豐金-內湖",73,1,72
"22198","8112至上","110/07/13","元大-高雄",8,62,-54
"22199","8112至上","110/07/13","元大-永和",68,1,67
"22200","8112至上","110/07/13","元大-館前",2,55,-53
"22201","2929淘帝","110/07/13","玉山-新竹",130,0,130
"22202","2929淘帝","110/07/13","美商高盛",0,177,-177
"22203","2929淘帝","110/07/13","臺銀-民權",60,0,60
"22204","2929淘帝","110/07/13","凱基-台北",6,80,-74
"22205","2929淘帝","110/07/13","新百王",31,0,31
"22206","2929淘帝","110/07/13","元富-大裕",0,49,-49
"22207","2929淘帝","110/07/13","日盛-園區",30,0,30
"22208","2929淘帝","110/07/13","國泰-館前",3,51,-48
"22209","2929淘帝","110/07/13","元大-南投",31,1,30
"22210","2929淘帝","110/07/13","凱基-中壢",0,41,-41
"22211","2929淘帝","110/07/13","兆豐-忠孝",28,0,28
"22212","2929淘帝","110/07/13","港商野村",21,55,-34
"22213","2929淘帝","110/07/13","元大-民生",28,0,28
"22214","2929淘帝","110/07/13","華南永昌-南京",2,34,-32
"22215","2929淘帝","110/07/13","合庫-高雄",27,0,27
"22216","2929淘帝","110/07/13","群益金鼎-土城",0,30,-30
"22217","2929淘帝","110/07/13","凱基-豐中",27,0,27
"22218","2929淘帝","110/07/13","富邦-南屯",0,22,-22
"22219","2929淘帝","110/07/13","新光",21,4,17
"22220","2929淘帝","110/07/13","第一金-豐原",0,20,-20
"22221","2929淘帝","110/07/13","元大-天母",17,0,17
"22222","2929淘帝","110/07/13","元大-屏南",6,26,-20
"22223","2929淘帝","110/07/13","永興",14,0,14
"22224","2929淘帝","110/07/13","永豐金-敦南",1,21,-20
"22225","2929淘帝","110/07/13","富邦-台北",12,0,12
"22226","2929淘帝","110/07/13","凱基-三重",2,21,-19
"22227","2929淘帝","110/07/13","元大-永和",12,0,12
"22228","2929淘帝","110/07/13","富邦-仁愛",7,25,-18
"22229","2929淘帝","110/07/13","國票-天祥",11,0,11
"22230","2929淘帝","110/07/13","元大-北投",0,16,-16
"22231","5410國眾","110/07/13","兆豐-城中",274,0,274
"22232","5410國眾","110/07/13","元富-嘉義",0,103,-103
"22233","5410國眾","110/07/13","新光",50,4,46
"22234","5410國眾","110/07/13","凱基-台北",0,50,-50
"22235","5410國眾","110/07/13","國泰-台中",26,0,26
"22236","5410國眾","110/07/13","瑞士信貸",0,31,-31
"22237","5410國眾","110/07/13","新加坡商瑞銀",22,0,22
"22238","5410國眾","110/07/13","台新-新莊",0,27,-27
"22239","5410國眾","110/07/13","光和-嘉義",20,0,20
"22240","5410國眾","110/07/13","元大-汐止",0,20,-20
"22241","5410國眾","110/07/13","凱基-竹北",17,0,17
"22242","5410國眾","110/07/13","亞東-新竹",0,17,-17
"22243","5410國眾","110/07/13","新光-桃園",15,0,15
"22244","5410國眾","110/07/13","元大-南勢角",0,13,-13
"22245","5410國眾","110/07/13","凱基-台東",14,0,14
"22246","5410國眾","110/07/13","台新-台南",0,12,-12
"22247","5410國眾","110/07/13","富邦-竹北",11,0,11
"22248","5410國眾","110/07/13","中國信託",0,11,-11
"22249","5410國眾","110/07/13","元富-同大",10,0,10
"22250","5410國眾","110/07/13","華南永昌",0,11,-11
"22251","5410國眾","110/07/13","國泰-敦南",24,15,9
"22252","5410國眾","110/07/13","臺銀-臺南",0,10,-10
"22253","5410國眾","110/07/13","日盛-內湖",7,0,7
"22254","5410國眾","110/07/13","台灣企銀-民雄",0,10,-10
"22255","5410國眾","110/07/13","台新-左楠",7,0,7
"22256","5410國眾","110/07/13","高橋",0,10,-10
"22257","5410國眾","110/07/13","元大-新盛",18,12,6
"22258","5410國眾","110/07/13","康和-嘉義",0,10,-10
"22259","5410國眾","110/07/13","統一",5,0,5
"22260","5410國眾","110/07/13","凱基-基隆",0,10,-10
"22261","2841台開","110/07/13","中國信託-高雄",251,50,201
"22262","2841台開","110/07/13","兆豐-公益",0,177,-177
"22263","2841台開","110/07/13","日盛證券",210,13,197
"22264","2841台開","110/07/13","日進",0,152,-152
"22265","2841台開","110/07/13","第一金-台中",55,0,55
"22266","2841台開","110/07/13","港商野村",0,109,-109
"22267","2841台開","110/07/13","國泰-板橋",46,0,46
"22268","2841台開","110/07/13","日盛-信義",0,103,-103
"22269","2841台開","110/07/13","國泰-館前",48,3,45
"22270","2841台開","110/07/13","國泰-敦南",11,75,-64
"22271","2841台開","110/07/13","華南永昌-新莊",45,0,45
"22272","2841台開","110/07/13","永興",0,50,-50
"22273","2841台開","110/07/13","日盛-園區",42,0,42
"22274","2841台開","110/07/13","永豐金-敦南",61,104,-43
"22275","2841台開","110/07/13","台新證券",32,0,32
"22276","2841台開","110/07/13","富邦-台南",0,42,-42
"22277","2841台開","110/07/13","台新-高雄",32,2,30
"22278","2841台開","110/07/13","國票-安和",0,30,-30
"22279","2841台開","110/07/13","豐農",23,0,23
"22280","2841台開","110/07/13","元大-桃園",0,25,-25
"22281","2841台開","110/07/13","合庫-嘉義",20,0,20
"22282","2841台開","110/07/13","新光",8,32,-24
"22283","2841台開","110/07/13","華南永昌-高雄",20,0,20
"22284","2841台開","110/07/13","元大-仁愛",0,24,-24
"22285","2841台開","110/07/13","元大-樹林",16,0,16
"22286","2841台開","110/07/13","日盛-中和",0,20,-20
"22287","2841台開","110/07/13","第一金-華江",15,2,13
"22288","2841台開","110/07/13","元富",0,20,-20
"22289","2841台開","110/07/13","美商高盛",12,0,12
"22290","2841台開","110/07/13","富邦-宜蘭",0,20,-20
"22291","6207雷科","110/07/13","元大-高雄",121,0,121
"22292","6207雷科","110/07/13","華南永昌-朴子",1,60,-59
"22293","6207雷科","110/07/13","第一金-新興",20,0,20
"22294","6207雷科","110/07/13","元大-南海",0,36,-36
"22295","6207雷科","110/07/13","元富-三重",20,0,20
"22296","6207雷科","110/07/13","凱基-土城",0,35,-35
"22297","6207雷科","110/07/13","元大-林園",15,0,15
"22298","6207雷科","110/07/13","台灣企銀",0,20,-20
"22299","6207雷科","110/07/13","元大-金華",16,1,15
"22300","6207雷科","110/07/13","群益金鼎-丹鳳",0,20,-20
"22301","6207雷科","110/07/13","日盛證券",10,0,10
"22302","6207雷科","110/07/13","元大-博愛",0,17,-17
"22303","6207雷科","110/07/13","統一-台中",10,0,10
"22304","6207雷科","110/07/13","元大-北港",0,13,-13
"22305","6207雷科","110/07/13","群益金鼎-土城",10,0,10
"22306","6207雷科","110/07/13","新加坡商瑞銀",0,12,-12
"22307","6207雷科","110/07/13","群益金鼎-桃園",10,0,10
"22308","6207雷科","110/07/13","凱基-台北",4,16,-12
"22309","6207雷科","110/07/13","永豐金-新莊",10,0,10
"22310","6207雷科","110/07/13","日茂-埔里",0,11,-11
"22311","6207雷科","110/07/13","永豐金-新店",10,0,10
"22312","6207雷科","110/07/13","元大-莒光",0,11,-11
"22313","6207雷科","110/07/13","元大證券",9,0,9
"22314","6207雷科","110/07/13","統一-新竹",0,10,-10
"22315","6207雷科","110/07/13","日盛-木柵",9,1,8
"22316","6207雷科","110/07/13","元大-西螺",0,10,-10
"22317","6207雷科","110/07/13","兆豐-來福",8,0,8
"22318","6207雷科","110/07/13","康和-台中",0,8,-8
"22319","6207雷科","110/07/13","新光",7,0,7
"22320","6207雷科","110/07/13","兆豐-高雄",0,6,-6
"22321","3679新至陞","110/07/13","永豐金證券",50,0,50
"22322","3679新至陞","110/07/13","摩根大通",2,25,-23
"22323","3679新至陞","110/07/13","國泰-桃園",22,0,22
"22324","3679新至陞","110/07/13","元大-成功",0,22,-22
"22325","3679新至陞","110/07/13","台中銀-員林",11,0,11
"22326","3679新至陞","110/07/13","富邦-板橋",1,19,-18
"22327","3679新至陞","110/07/13","元大-文心興安",8,0,8
"22328","3679新至陞","110/07/13","日盛-新莊",0,10,-10
"22329","3679新至陞","110/07/13","美商高盛",6,0,6
"22330","3679新至陞","110/07/13","台新-台中",0,10,-10
"22331","3679新至陞","110/07/13","台新-高雄",6,0,6
"22332","3679新至陞","110/07/13","永豐金-新竹",0,8,-8
"22333","3679新至陞","110/07/13","凱基-台北",18,12,6
"22334","3679新至陞","110/07/13","瑞士信貸",12,19,-7
"22335","3679新至陞","110/07/13","日盛-復興",5,0,5
"22336","3679新至陞","110/07/13","統一-南京",0,7,-7
"22337","3679新至陞","110/07/13","(牛牛牛)亞-鑫豐",4,0,4
"22338","3679新至陞","110/07/13","凱基-新莊",0,7,-7
"22339","3679新至陞","110/07/13","元富-大昌",3,0,3
"22340","3679新至陞","110/07/13","新加坡商瑞銀",0,6,-6
"22341","3679新至陞","110/07/13","富邦-台北",3,0,3
"22342","3679新至陞","110/07/13","合庫-自強",0,5,-5
"22343","3679新至陞","110/07/13","日盛-樹林",2,0,2
"22344","3679新至陞","110/07/13","富邦-桃園",0,5,-5
"22345","3679新至陞","110/07/13","宏遠-光隆",2,0,2
"22346","3679新至陞","110/07/13","永豐金-潮州",0,4,-4
"22347","3679新至陞","110/07/13","美林",3,1,2
"22348","3679新至陞","110/07/13","臺銀-臺南",0,3,-3
"22349","3679新至陞","110/07/13","第一金-中壢",2,0,2
"22350","3679新至陞","110/07/13","元大-六合",0,3,-3
"22351","2727王品","110/07/13","富邦-台北",43,3,40
"22352","2727王品","110/07/13","台灣摩根士丹利",15,97,-82
"22353","2727王品","110/07/13","元大-基隆孝二",40,0,40
"22354","2727王品","110/07/13","玉山-台南",5,57,-52
"22355","2727王品","110/07/13","國票-新莊",40,1,39
"22356","2727王品","110/07/13","新加坡商瑞銀",0,48,-48
"22357","2727王品","110/07/13","第一金-豐原",66,42,24
"22358","2727王品","110/07/13","凱基-台北",41,77,-36
"22359","2727王品","110/07/13","永豐金-大園",34,10,24
"22360","2727王品","110/07/13","永豐金-永康",0,22,-22
"22361","2727王品","110/07/13","元大-北屯",22,0,22
"22362","2727王品","110/07/13","統一-台中",2,22,-20
"22363","2727王品","110/07/13","元大-東蘆",26,7,19
"22364","2727王品","110/07/13","國泰-台中",21,39,-18
"22365","2727王品","110/07/13","永豐金-萬盛",13,1,12
"22366","2727王品","110/07/13","合庫-彰化",3,20,-17
"22367","2727王品","110/07/13","日盛-嘉義",11,0,11
"22368","2727王品","110/07/13","港商野村",13,30,-17
"22369","2727王品","110/07/13","日盛-八德",11,0,11
"22370","2727王品","110/07/13","元大-楊梅",1,16,-15
"22371","2727王品","110/07/13","統一-竹南",11,0,11
"22372","2727王品","110/07/13","凱基-高美館",2,15,-13
"22373","2727王品","110/07/13","日盛-士林",12,2,10
"22374","2727王品","110/07/13","美商高盛",2,14,-12
"22375","2727王品","110/07/13","統一-敦南",10,0,10
"22376","2727王品","110/07/13","統一-平鎮",1,13,-12
"22377","2727王品","110/07/13","中國信託",15,5,10
"22378","2727王品","110/07/13","兆豐-台中港",4,16,-12
"22379","2727王品","110/07/13","兆豐-竹北",13,3,10
"22380","2727王品","110/07/13","凱基-八德",1,13,-12
"22381","1570力肯","110/07/13","新光",115,11,104
"22382","1570力肯","110/07/13","元大-北三重",0,162,-162
"22383","1570力肯","110/07/13","群益金鼎-高雄",54,0,54
"22384","1570力肯","110/07/13","元大-大灣",0,25,-25
"22385","1570力肯","110/07/13","國票-新莊",22,0,22
"22386","1570力肯","110/07/13","永豐金-苓雅",0,22,-22
"22387","1570力肯","110/07/13","日盛-桃園",12,0,12
"22388","1570力肯","110/07/13","永豐金-永康",0,19,-19
"22389","1570力肯","110/07/13","元大-高雄",12,0,12
"22390","1570力肯","110/07/13","富邦-員林",0,15,-15
"22391","1570力肯","110/07/13","合庫-自強",11,0,11
"22392","1570力肯","110/07/13","凱基-台南",0,11,-11
"22393","1570力肯","110/07/13","摩根大通",26,15,11
"22394","1570力肯","110/07/13","日盛-竹北",0,10,-10
"22395","1570力肯","110/07/13","永豐金-中盛",11,0,11
"22396","1570力肯","110/07/13","國票-九鼎",0,10,-10
"22397","1570力肯","110/07/13","兆豐-台中港",10,0,10
"22398","1570力肯","110/07/13","凱基-桃園",0,10,-10
"22399","1570力肯","110/07/13","國泰-松江",9,0,9
"22400","1570力肯","110/07/13","凱基-新豐",0,10,-10
"22401","1570力肯","110/07/13","元大-新盛",9,0,9
"22402","1570力肯","110/07/13","元大-學甲",0,10,-10
"22403","1570力肯","110/07/13","元富-緯城",6,0,6
"22404","1570力肯","110/07/13","群益金鼎-東湖",1,10,-9
"22405","1570力肯","110/07/13","統一-三重",5,0,5
"22406","1570力肯","110/07/13","大昌",0,6,-6
"22407","1570力肯","110/07/13","元大-前金",5,0,5
"22408","1570力肯","110/07/13","元大-土城學府",0,6,-6
"22409","1570力肯","110/07/13","永豐金證券",5,0,5
"22410","1570力肯","110/07/13","統一",0,5,-5
"22411","6180橘子","110/07/13","摩根大通",119,0,119
"22412","6180橘子","110/07/13","元大-崇德",2,61,-59
"22413","6180橘子","110/07/13","美商高盛",96,0,96
"22414","6180橘子","110/07/13","康和-台中",0,51,-51
"22415","6180橘子","110/07/13","新加坡商瑞銀",86,7,79
"22416","6180橘子","110/07/13","康和-台北",0,50,-50
"22417","6180橘子","110/07/13","元大-和平",40,0,40
"22418","6180橘子","110/07/13","元富-潮州",0,40,-40
"22419","6180橘子","110/07/13","凱基-台北",83,47,36
"22420","6180橘子","110/07/13","日盛-永康",0,26,-26
"22421","6180橘子","110/07/13","美林",39,5,34
"22422","6180橘子","110/07/13","永豐金-中正",0,24,-24
"22423","6180橘子","110/07/13","富邦-新竹華信",31,2,29
"22424","6180橘子","110/07/13","國泰-板橋",2,25,-23
"22425","6180橘子","110/07/13","統一-南京",21,0,21
"22426","6180橘子","110/07/13","日盛-大墩",0,20,-20
"22427","6180橘子","110/07/13","富邦-陽明",24,3,21
"22428","6180橘子","110/07/13","元大-草屯",13,32,-19
"22429","6180橘子","110/07/13","大昌-樹林",21,1,20
"22430","6180橘子","110/07/13","元富-林園",1,18,-17
"22431","6180橘子","110/07/13","花旗環球",19,0,19
"22432","6180橘子","110/07/13","新光-新竹",1,18,-17
"22433","6180橘子","110/07/13","華南永昌-台南",19,0,19
"22434","6180橘子","110/07/13","元大-土城永寧",0,17,-17
"22435","6180橘子","110/07/13","福勝",14,0,14
"22436","6180橘子","110/07/13","國泰-新莊",3,19,-16
"22437","6180橘子","110/07/13","富邦-嘉義",12,1,11
"22438","6180橘子","110/07/13","中國信託-永康",6,21,-15
"22439","6180橘子","110/07/13","元大-板橋三民",11,0,11
"22440","6180橘子","110/07/13","凱基-東港",1,15,-14
"22441","2390云辰","110/07/13","新加坡商瑞銀",562,75,487
"22442","2390云辰","110/07/13","大展-台南",0,532,-532
"22443","2390云辰","110/07/13","台灣摩根士丹利",330,155,175
"22444","2390云辰","110/07/13","凱基-台北",668,854,-186
"22445","2390云辰","110/07/13","兆豐-公益",126,25,101
"22446","2390云辰","110/07/13","凱基-三重",12,172,-160
"22447","2390云辰","110/07/13","元富-中港",100,2,98
"22448","2390云辰","110/07/13","兆豐-忠孝",4,161,-157
"22449","2390云辰","110/07/13","統一-新台中",106,9,97
"22450","2390云辰","110/07/13","元大-士林",19,170,-151
"22451","2390云辰","110/07/13","中國信託-松江",81,11,70
"22452","2390云辰","110/07/13","臺銀-新竹",14,117,-103
"22453","2390云辰","110/07/13","日盛-板橋",72,3,69
"22454","2390云辰","110/07/13","國票-台中",4,102,-98
"22455","2390云辰","110/07/13","日盛-和美",57,0,57
"22456","2390云辰","110/07/13","新光",147,232,-85
"22457","2390云辰","110/07/13","永豐金-桃園",88,36,52
"22458","2390云辰","110/07/13","致和-崇德",2,70,-68
"22459","2390云辰","110/07/13","玉山-士林",54,4,50
"22460","2390云辰","110/07/13","群益金鼎-屏東",2,70,-68
"22461","2390云辰","110/07/13","富邦-仁愛",56,6,50
"22462","2390云辰","110/07/13","元大-大里",35,98,-63
"22463","2390云辰","110/07/13","第一金-豐原",50,1,49
"22464","2390云辰","110/07/13","元大-萬華",35,94,-59
"22465","2390云辰","110/07/13","摩根大通",502,453,49
"22466","2390云辰","110/07/13","元富-吉利",2,60,-58
"22467","2390云辰","110/07/13","凱基-松山",61,13,48
"22468","2390云辰","110/07/13","兆豐-新竹",3,53,-50
"22469","2390云辰","110/07/13","大昌",64,22,42
"22470","2390云辰","110/07/13","富邦-嘉義",65,108,-43
"22471","2363矽統","110/07/13","凱基-南崁",2133,63,2070
"22472","2363矽統","110/07/13","凱基-幸福",36,4048,-4012
"22473","2363矽統","110/07/13","國泰-敦南",2195,1617,578
"22474","2363矽統","110/07/13","統一",192,3325,-3133
"22475","2363矽統","110/07/13","中農",670,139,531
"22476","2363矽統","110/07/13","新加坡商瑞銀",1000,2747,-1747
"22477","2363矽統","110/07/13","康和-台中",638,154,484
"22478","2363矽統","110/07/13","凱基-台北",5359,6609,-1250
"22479","2363矽統","110/07/13","群益金鼎-三民",577,137,440
"22480","2363矽統","110/07/13","摩根大通",1930,2858,-928
"22481","2363矽統","110/07/13","台新-屏東",510,88,422
"22482","2363矽統","110/07/13","港商野村",960,1679,-719
"22483","2363矽統","110/07/13","德信-中正",455,67,388
"22484","2363矽統","110/07/13","兆豐-復興",25,705,-680
"22485","2363矽統","110/07/13","日盛-竹北",365,70,295
"22486","2363矽統","110/07/13","統一-仁愛",114,755,-641
"22487","2363矽統","110/07/13","元大-佳里",452,189,263
"22488","2363矽統","110/07/13","統一-敦南",29,638,-609
"22489","2363矽統","110/07/13","國票-博愛",296,38,258
"22490","2363矽統","110/07/13","統一-土城",100,704,-604
"22491","2363矽統","110/07/13","元大-萬華",340,95,245
"22492","2363矽統","110/07/13","統一-城中",116,676,-560
"22493","2363矽統","110/07/13","新光",1259,1031,228
"22494","2363矽統","110/07/13","永豐金證券",306,859,-553
"22495","2363矽統","110/07/13","元富-成功",323,96,227
"22496","2363矽統","110/07/13","元富",54,567,-513
"22497","2363矽統","110/07/13","豐農",228,23,205
"22498","2363矽統","110/07/13","瑞士信貸",202,666,-464
"22499","2363矽統","110/07/13","台灣企銀-岡山",186,4,182
"22500","2363矽統","110/07/13","永豐金-嘉義",67,468,-401
"22501","8112至上","110/07/13","摩根大通",688,296,392
"22502","8112至上","110/07/13","國票-中和",0,401,-401
"22503","8112至上","110/07/13","港商野村",344,145,199
"22504","8112至上","110/07/13","永豐金-板盛",0,205,-205
"22505","8112至上","110/07/13","兆豐-公益",195,5,190
"22506","8112至上","110/07/13","凱基-五股",43,155,-112
"22507","8112至上","110/07/13","台灣摩根士丹利",183,0,183
"22508","8112至上","110/07/13","凱基-市政",0,100,-100
"22509","8112至上","110/07/13","群益金鼎-敦南",153,2,151
"22510","8112至上","110/07/13","元大-大里德芳",1,92,-91
"22511","8112至上","110/07/13","臺銀-金山",146,26,120
"22512","8112至上","110/07/13","玉山-桃園",26,110,-84
"22513","8112至上","110/07/13","臺銀",133,19,114
"22514","8112至上","110/07/13","兆豐-天母",0,81,-81
"22515","8112至上","110/07/13","合庫-台中",115,6,109
"22516","8112至上","110/07/13","凱基-城中",3,84,-81
"22517","8112至上","110/07/13","亞東-板橋",134,26,108
"22518","8112至上","110/07/13","日盛-新莊",9,85,-76
"22519","8112至上","110/07/13","凱基-台北",414,326,88
"22520","8112至上","110/07/13","日盛-台中",2,64,-62
"22521","8112至上","110/07/13","新加坡商瑞銀",181,100,81
"22522","8112至上","110/07/13","日盛-中壢",3,64,-61
"22523","8112至上","110/07/13","國泰-敦南",108,31,77
"22524","8112至上","110/07/13","元大-台中",2,59,-57
"22525","8112至上","110/07/13","第一金-華江",77,4,73
"22526","8112至上","110/07/13","元大-雙和",7,64,-57
"22527","8112至上","110/07/13","永豐金-內湖",73,1,72
"22528","8112至上","110/07/13","元大-高雄",8,62,-54
"22529","8112至上","110/07/13","元大-永和",68,1,67
"22530","8112至上","110/07/13","元大-館前",2,55,-53
"22531","2929淘帝","110/07/13","玉山-新竹",130,0,130
"22532","2929淘帝","110/07/13","美商高盛",0,177,-177
"22533","2929淘帝","110/07/13","臺銀-民權",60,0,60
"22534","2929淘帝","110/07/13","凱基-台北",6,80,-74
"22535","2929淘帝","110/07/13","新百王",31,0,31
"22536","2929淘帝","110/07/13","元富-大裕",0,49,-49
"22537","2929淘帝","110/07/13","日盛-園區",30,0,30
"22538","2929淘帝","110/07/13","國泰-館前",3,51,-48
"22539","2929淘帝","110/07/13","元大-南投",31,1,30
"22540","2929淘帝","110/07/13","凱基-中壢",0,41,-41
"22541","2929淘帝","110/07/13","兆豐-忠孝",28,0,28
"22542","2929淘帝","110/07/13","港商野村",21,55,-34
"22543","2929淘帝","110/07/13","元大-民生",28,0,28
"22544","2929淘帝","110/07/13","華南永昌-南京",2,34,-32
"22545","2929淘帝","110/07/13","合庫-高雄",27,0,27
"22546","2929淘帝","110/07/13","群益金鼎-土城",0,30,-30
"22547","2929淘帝","110/07/13","凱基-豐中",27,0,27
"22548","2929淘帝","110/07/13","富邦-南屯",0,22,-22
"22549","2929淘帝","110/07/13","新光",21,4,17
"22550","2929淘帝","110/07/13","第一金-豐原",0,20,-20
"22551","2929淘帝","110/07/13","元大-天母",17,0,17
"22552","2929淘帝","110/07/13","元大-屏南",6,26,-20
"22553","2929淘帝","110/07/13","永興",14,0,14
"22554","2929淘帝","110/07/13","永豐金-敦南",1,21,-20
"22555","2929淘帝","110/07/13","富邦-台北",12,0,12
"22556","2929淘帝","110/07/13","凱基-三重",2,21,-19
"22557","2929淘帝","110/07/13","元大-永和",12,0,12
"22558","2929淘帝","110/07/13","富邦-仁愛",7,25,-18
"22559","2929淘帝","110/07/13","國票-天祥",11,0,11
"22560","2929淘帝","110/07/13","元大-北投",0,16,-16
"22561","5410國眾","110/07/13","兆豐-城中",274,0,274
"22562","5410國眾","110/07/13","元富-嘉義",0,103,-103
"22563","5410國眾","110/07/13","新光",50,4,46
"22564","5410國眾","110/07/13","凱基-台北",0,50,-50
"22565","5410國眾","110/07/13","國泰-台中",26,0,26
"22566","5410國眾","110/07/13","瑞士信貸",0,31,-31
"22567","5410國眾","110/07/13","新加坡商瑞銀",22,0,22
"22568","5410國眾","110/07/13","台新-新莊",0,27,-27
"22569","5410國眾","110/07/13","光和-嘉義",20,0,20
"22570","5410國眾","110/07/13","元大-汐止",0,20,-20
"22571","5410國眾","110/07/13","凱基-竹北",17,0,17
"22572","5410國眾","110/07/13","亞東-新竹",0,17,-17
"22573","5410國眾","110/07/13","新光-桃園",15,0,15
"22574","5410國眾","110/07/13","元大-南勢角",0,13,-13
"22575","5410國眾","110/07/13","凱基-台東",14,0,14
"22576","5410國眾","110/07/13","台新-台南",0,12,-12
"22577","5410國眾","110/07/13","富邦-竹北",11,0,11
"22578","5410國眾","110/07/13","中國信託",0,11,-11
"22579","5410國眾","110/07/13","元富-同大",10,0,10
"22580","5410國眾","110/07/13","華南永昌",0,11,-11
"22581","5410國眾","110/07/13","國泰-敦南",24,15,9
"22582","5410國眾","110/07/13","臺銀-臺南",0,10,-10
"22583","5410國眾","110/07/13","日盛-內湖",7,0,7
"22584","5410國眾","110/07/13","台灣企銀-民雄",0,10,-10
"22585","5410國眾","110/07/13","台新-左楠",7,0,7
"22586","5410國眾","110/07/13","高橋",0,10,-10
"22587","5410國眾","110/07/13","元大-新盛",18,12,6
"22588","5410國眾","110/07/13","康和-嘉義",0,10,-10
"22589","5410國眾","110/07/13","統一",5,0,5
"22590","5410國眾","110/07/13","凱基-基隆",0,10,-10
"22591","2841台開","110/07/13","中國信託-高雄",251,50,201
"22592","2841台開","110/07/13","兆豐-公益",0,177,-177
"22593","2841台開","110/07/13","日盛證券",210,13,197
"22594","2841台開","110/07/13","日進",0,152,-152
"22595","2841台開","110/07/13","第一金-台中",55,0,55
"22596","2841台開","110/07/13","港商野村",0,109,-109
"22597","2841台開","110/07/13","國泰-板橋",46,0,46
"22598","2841台開","110/07/13","日盛-信義",0,103,-103
"22599","2841台開","110/07/13","國泰-館前",48,3,45
"22600","2841台開","110/07/13","國泰-敦南",11,75,-64
"22601","2841台開","110/07/13","華南永昌-新莊",45,0,45
"22602","2841台開","110/07/13","永興",0,50,-50
"22603","2841台開","110/07/13","日盛-園區",42,0,42
"22604","2841台開","110/07/13","永豐金-敦南",61,104,-43
"22605","2841台開","110/07/13","台新證券",32,0,32
"22606","2841台開","110/07/13","富邦-台南",0,42,-42
"22607","2841台開","110/07/13","台新-高雄",32,2,30
"22608","2841台開","110/07/13","國票-安和",0,30,-30
"22609","2841台開","110/07/13","豐農",23,0,23
"22610","2841台開","110/07/13","元大-桃園",0,25,-25
"22611","2841台開","110/07/13","合庫-嘉義",20,0,20
"22612","2841台開","110/07/13","新光",8,32,-24
"22613","2841台開","110/07/13","華南永昌-高雄",20,0,20
"22614","2841台開","110/07/13","元大-仁愛",0,24,-24
"22615","2841台開","110/07/13","元大-樹林",16,0,16
"22616","2841台開","110/07/13","日盛-中和",0,20,-20
"22617","2841台開","110/07/13","第一金-華江",15,2,13
"22618","2841台開","110/07/13","元富",0,20,-20
"22619","2841台開","110/07/13","美商高盛",12,0,12
"22620","2841台開","110/07/13","富邦-宜蘭",0,20,-20
"22621","6207雷科","110/07/13","元大-高雄",121,0,121
"22622","6207雷科","110/07/13","華南永昌-朴子",1,60,-59
"22623","6207雷科","110/07/13","第一金-新興",20,0,20
"22624","6207雷科","110/07/13","元大-南海",0,36,-36
"22625","6207雷科","110/07/13","元富-三重",20,0,20
"22626","6207雷科","110/07/13","凱基-土城",0,35,-35
"22627","6207雷科","110/07/13","元大-林園",15,0,15
"22628","6207雷科","110/07/13","台灣企銀",0,20,-20
"22629","6207雷科","110/07/13","元大-金華",16,1,15
"22630","6207雷科","110/07/13","群益金鼎-丹鳳",0,20,-20
"22631","6207雷科","110/07/13","日盛證券",10,0,10
"22632","6207雷科","110/07/13","元大-博愛",0,17,-17
"22633","6207雷科","110/07/13","統一-台中",10,0,10
"22634","6207雷科","110/07/13","元大-北港",0,13,-13
"22635","6207雷科","110/07/13","群益金鼎-土城",10,0,10
"22636","6207雷科","110/07/13","新加坡商瑞銀",0,12,-12
"22637","6207雷科","110/07/13","群益金鼎-桃園",10,0,10
"22638","6207雷科","110/07/13","凱基-台北",4,16,-12
"22639","6207雷科","110/07/13","永豐金-新莊",10,0,10
"22640","6207雷科","110/07/13","日茂-埔里",0,11,-11
"22641","6207雷科","110/07/13","永豐金-新店",10,0,10
"22642","6207雷科","110/07/13","元大-莒光",0,11,-11
"22643","6207雷科","110/07/13","元大證券",9,0,9
"22644","6207雷科","110/07/13","統一-新竹",0,10,-10
"22645","6207雷科","110/07/13","日盛-木柵",9,1,8
"22646","6207雷科","110/07/13","元大-西螺",0,10,-10
"22647","6207雷科","110/07/13","兆豐-來福",8,0,8
"22648","6207雷科","110/07/13","康和-台中",0,8,-8
"22649","6207雷科","110/07/13","新光",7,0,7
"22650","6207雷科","110/07/13","兆豐-高雄",0,6,-6
"22651","3679新至陞","110/07/13","永豐金證券",50,0,50
"22652","3679新至陞","110/07/13","摩根大通",2,25,-23
"22653","3679新至陞","110/07/13","國泰-桃園",22,0,22
"22654","3679新至陞","110/07/13","元大-成功",0,22,-22
"22655","3679新至陞","110/07/13","台中銀-員林",11,0,11
"22656","3679新至陞","110/07/13","富邦-板橋",1,19,-18
"22657","3679新至陞","110/07/13","元大-文心興安",8,0,8
"22658","3679新至陞","110/07/13","日盛-新莊",0,10,-10
"22659","3679新至陞","110/07/13","美商高盛",6,0,6
"22660","3679新至陞","110/07/13","台新-台中",0,10,-10
"22661","3679新至陞","110/07/13","台新-高雄",6,0,6
"22662","3679新至陞","110/07/13","永豐金-新竹",0,8,-8
"22663","3679新至陞","110/07/13","凱基-台北",18,12,6
"22664","3679新至陞","110/07/13","瑞士信貸",12,19,-7
"22665","3679新至陞","110/07/13","日盛-復興",5,0,5
"22666","3679新至陞","110/07/13","統一-南京",0,7,-7
"22667","3679新至陞","110/07/13","(牛牛牛)亞-鑫豐",4,0,4
"22668","3679新至陞","110/07/13","凱基-新莊",0,7,-7
"22669","3679新至陞","110/07/13","元富-大昌",3,0,3
"22670","3679新至陞","110/07/13","新加坡商瑞銀",0,6,-6
"22671","3679新至陞","110/07/13","富邦-台北",3,0,3
"22672","3679新至陞","110/07/13","合庫-自強",0,5,-5
"22673","3679新至陞","110/07/13","日盛-樹林",2,0,2
"22674","3679新至陞","110/07/13","富邦-桃園",0,5,-5
"22675","3679新至陞","110/07/13","宏遠-光隆",2,0,2
"22676","3679新至陞","110/07/13","永豐金-潮州",0,4,-4
"22677","3679新至陞","110/07/13","美林",3,1,2
"22678","3679新至陞","110/07/13","臺銀-臺南",0,3,-3
"22679","3679新至陞","110/07/13","第一金-中壢",2,0,2
"22680","3679新至陞","110/07/13","元大-六合",0,3,-3
"22681","2727王品","110/07/13","富邦-台北",43,3,40
"22682","2727王品","110/07/13","台灣摩根士丹利",15,97,-82
"22683","2727王品","110/07/13","元大-基隆孝二",40,0,40
"22684","2727王品","110/07/13","玉山-台南",5,57,-52
"22685","2727王品","110/07/13","國票-新莊",40,1,39
"22686","2727王品","110/07/13","新加坡商瑞銀",0,48,-48
"22687","2727王品","110/07/13","第一金-豐原",66,42,24
"22688","2727王品","110/07/13","凱基-台北",41,77,-36
"22689","2727王品","110/07/13","永豐金-大園",34,10,24
"22690","2727王品","110/07/13","永豐金-永康",0,22,-22
"22691","2727王品","110/07/13","元大-北屯",22,0,22
"22692","2727王品","110/07/13","統一-台中",2,22,-20
"22693","2727王品","110/07/13","元大-東蘆",26,7,19
"22694","2727王品","110/07/13","國泰-台中",21,39,-18
"22695","2727王品","110/07/13","永豐金-萬盛",13,1,12
"22696","2727王品","110/07/13","合庫-彰化",3,20,-17
"22697","2727王品","110/07/13","日盛-嘉義",11,0,11
"22698","2727王品","110/07/13","港商野村",13,30,-17
"22699","2727王品","110/07/13","日盛-八德",11,0,11
"22700","2727王品","110/07/13","元大-楊梅",1,16,-15
"22701","2727王品","110/07/13","統一-竹南",11,0,11
"22702","2727王品","110/07/13","凱基-高美館",2,15,-13
"22703","2727王品","110/07/13","日盛-士林",12,2,10
"22704","2727王品","110/07/13","美商高盛",2,14,-12
"22705","2727王品","110/07/13","統一-敦南",10,0,10
"22706","2727王品","110/07/13","統一-平鎮",1,13,-12
"22707","2727王品","110/07/13","中國信託",15,5,10
"22708","2727王品","110/07/13","兆豐-台中港",4,16,-12
"22709","2727王品","110/07/13","兆豐-竹北",13,3,10
"22710","2727王品","110/07/13","凱基-八德",1,13,-12
"22711","1570力肯","110/07/13","新光",115,11,104
"22712","1570力肯","110/07/13","元大-北三重",0,162,-162
"22713","1570力肯","110/07/13","群益金鼎-高雄",54,0,54
"22714","1570力肯","110/07/13","元大-大灣",0,25,-25
"22715","1570力肯","110/07/13","國票-新莊",22,0,22
"22716","1570力肯","110/07/13","永豐金-苓雅",0,22,-22
"22717","1570力肯","110/07/13","日盛-桃園",12,0,12
"22718","1570力肯","110/07/13","永豐金-永康",0,19,-19
"22719","1570力肯","110/07/13","元大-高雄",12,0,12
"22720","1570力肯","110/07/13","富邦-員林",0,15,-15
"22721","1570力肯","110/07/13","合庫-自強",11,0,11
"22722","1570力肯","110/07/13","凱基-台南",0,11,-11
"22723","1570力肯","110/07/13","摩根大通",26,15,11
"22724","1570力肯","110/07/13","日盛-竹北",0,10,-10
"22725","1570力肯","110/07/13","永豐金-中盛",11,0,11
"22726","1570力肯","110/07/13","國票-九鼎",0,10,-10
"22727","1570力肯","110/07/13","兆豐-台中港",10,0,10
"22728","1570力肯","110/07/13","凱基-桃園",0,10,-10
"22729","1570力肯","110/07/13","國泰-松江",9,0,9
"22730","1570力肯","110/07/13","凱基-新豐",0,10,-10
"22731","1570力肯","110/07/13","元大-新盛",9,0,9
"22732","1570力肯","110/07/13","元大-學甲",0,10,-10
"22733","1570力肯","110/07/13","元富-緯城",6,0,6
"22734","1570力肯","110/07/13","群益金鼎-東湖",1,10,-9
"22735","1570力肯","110/07/13","統一-三重",5,0,5
"22736","1570力肯","110/07/13","大昌",0,6,-6
"22737","1570力肯","110/07/13","元大-前金",5,0,5
"22738","1570力肯","110/07/13","元大-土城學府",0,6,-6
"22739","1570力肯","110/07/13","永豐金證券",5,0,5
"22740","1570力肯","110/07/13","統一",0,5,-5
"22741","6180橘子","110/07/13","摩根大通",119,0,119
"22742","6180橘子","110/07/13","元大-崇德",2,61,-59
"22743","6180橘子","110/07/13","美商高盛",96,0,96
"22744","6180橘子","110/07/13","康和-台中",0,51,-51
"22745","6180橘子","110/07/13","新加坡商瑞銀",86,7,79
"22746","6180橘子","110/07/13","康和-台北",0,50,-50
"22747","6180橘子","110/07/13","元大-和平",40,0,40
"22748","6180橘子","110/07/13","元富-潮州",0,40,-40
"22749","6180橘子","110/07/13","凱基-台北",83,47,36
"22750","6180橘子","110/07/13","日盛-永康",0,26,-26
"22751","6180橘子","110/07/13","美林",39,5,34
"22752","6180橘子","110/07/13","永豐金-中正",0,24,-24
"22753","6180橘子","110/07/13","富邦-新竹華信",31,2,29
"22754","6180橘子","110/07/13","國泰-板橋",2,25,-23
"22755","6180橘子","110/07/13","統一-南京",21,0,21
"22756","6180橘子","110/07/13","日盛-大墩",0,20,-20
"22757","6180橘子","110/07/13","富邦-陽明",24,3,21
"22758","6180橘子","110/07/13","元大-草屯",13,32,-19
"22759","6180橘子","110/07/13","大昌-樹林",21,1,20
"22760","6180橘子","110/07/13","元富-林園",1,18,-17
"22761","6180橘子","110/07/13","花旗環球",19,0,19
"22762","6180橘子","110/07/13","新光-新竹",1,18,-17
"22763","6180橘子","110/07/13","華南永昌-台南",19,0,19
"22764","6180橘子","110/07/13","元大-土城永寧",0,17,-17
"22765","6180橘子","110/07/13","福勝",14,0,14
"22766","6180橘子","110/07/13","國泰-新莊",3,19,-16
"22767","6180橘子","110/07/13","富邦-嘉義",12,1,11
"22768","6180橘子","110/07/13","中國信託-永康",6,21,-15
"22769","6180橘子","110/07/13","元大-板橋三民",11,0,11
"22770","6180橘子","110/07/13","凱基-東港",1,15,-14
"22771","2390云辰","110/07/13","新加坡商瑞銀",562,75,487
"22772","2390云辰","110/07/13","大展-台南",0,532,-532
"22773","2390云辰","110/07/13","台灣摩根士丹利",330,155,175
"22774","2390云辰","110/07/13","凱基-台北",668,854,-186
"22775","2390云辰","110/07/13","兆豐-公益",126,25,101
"22776","2390云辰","110/07/13","凱基-三重",12,172,-160
"22777","2390云辰","110/07/13","元富-中港",100,2,98
"22778","2390云辰","110/07/13","兆豐-忠孝",4,161,-157
"22779","2390云辰","110/07/13","統一-新台中",106,9,97
"22780","2390云辰","110/07/13","元大-士林",19,170,-151
"22781","2390云辰","110/07/13","中國信託-松江",81,11,70
"22782","2390云辰","110/07/13","臺銀-新竹",14,117,-103
"22783","2390云辰","110/07/13","日盛-板橋",72,3,69
"22784","2390云辰","110/07/13","國票-台中",4,102,-98
"22785","2390云辰","110/07/13","日盛-和美",57,0,57
"22786","2390云辰","110/07/13","新光",147,232,-85
"22787","2390云辰","110/07/13","永豐金-桃園",88,36,52
"22788","2390云辰","110/07/13","致和-崇德",2,70,-68
"22789","2390云辰","110/07/13","玉山-士林",54,4,50
"22790","2390云辰","110/07/13","群益金鼎-屏東",2,70,-68
"22791","2390云辰","110/07/13","富邦-仁愛",56,6,50
"22792","2390云辰","110/07/13","元大-大里",35,98,-63
"22793","2390云辰","110/07/13","第一金-豐原",50,1,49
"22794","2390云辰","110/07/13","元大-萬華",35,94,-59
"22795","2390云辰","110/07/13","摩根大通",502,453,49
"22796","2390云辰","110/07/13","元富-吉利",2,60,-58
"22797","2390云辰","110/07/13","凱基-松山",61,13,48
"22798","2390云辰","110/07/13","兆豐-新竹",3,53,-50
"22799","2390云辰","110/07/13","大昌",64,22,42
"22800","2390云辰","110/07/13","富邦-嘉義",65,108,-43
"22801","2363矽統","110/07/13","凱基-南崁",2133,63,2070
"22802","2363矽統","110/07/13","凱基-幸福",36,4048,-4012
"22803","2363矽統","110/07/13","國泰-敦南",2195,1617,578
"22804","2363矽統","110/07/13","統一",192,3325,-3133
"22805","2363矽統","110/07/13","中農",670,139,531
"22806","2363矽統","110/07/13","新加坡商瑞銀",1000,2747,-1747
"22807","2363矽統","110/07/13","康和-台中",638,154,484
"22808","2363矽統","110/07/13","凱基-台北",5359,6609,-1250
"22809","2363矽統","110/07/13","群益金鼎-三民",577,137,440
"22810","2363矽統","110/07/13","摩根大通",1930,2858,-928
"22811","2363矽統","110/07/13","台新-屏東",510,88,422
"22812","2363矽統","110/07/13","港商野村",960,1679,-719
"22813","2363矽統","110/07/13","德信-中正",455,67,388
"22814","2363矽統","110/07/13","兆豐-復興",25,705,-680
"22815","2363矽統","110/07/13","日盛-竹北",365,70,295
"22816","2363矽統","110/07/13","統一-仁愛",114,755,-641
"22817","2363矽統","110/07/13","元大-佳里",452,189,263
"22818","2363矽統","110/07/13","統一-敦南",29,638,-609
"22819","2363矽統","110/07/13","國票-博愛",296,38,258
"22820","2363矽統","110/07/13","統一-土城",100,704,-604
"22821","2363矽統","110/07/13","元大-萬華",340,95,245
"22822","2363矽統","110/07/13","統一-城中",116,676,-560
"22823","2363矽統","110/07/13","新光",1259,1031,228
"22824","2363矽統","110/07/13","永豐金證券",306,859,-553
"22825","2363矽統","110/07/13","元富-成功",323,96,227
"22826","2363矽統","110/07/13","元富",54,567,-513
"22827","2363矽統","110/07/13","豐農",228,23,205
"22828","2363矽統","110/07/13","瑞士信貸",202,666,-464
"22829","2363矽統","110/07/13","台灣企銀-岡山",186,4,182
"22830","2363矽統","110/07/13","永豐金-嘉義",67,468,-401
"22831","8112至上","110/07/13","摩根大通",688,296,392
"22832","8112至上","110/07/13","國票-中和",0,401,-401
"22833","8112至上","110/07/13","港商野村",344,145,199
"22834","8112至上","110/07/13","永豐金-板盛",0,205,-205
"22835","8112至上","110/07/13","兆豐-公益",195,5,190
"22836","8112至上","110/07/13","凱基-五股",43,155,-112
"22837","8112至上","110/07/13","台灣摩根士丹利",183,0,183
"22838","8112至上","110/07/13","凱基-市政",0,100,-100
"22839","8112至上","110/07/13","群益金鼎-敦南",153,2,151
"22840","8112至上","110/07/13","元大-大里德芳",1,92,-91
"22841","8112至上","110/07/13","臺銀-金山",146,26,120
"22842","8112至上","110/07/13","玉山-桃園",26,110,-84
"22843","8112至上","110/07/13","臺銀",133,19,114
"22844","8112至上","110/07/13","兆豐-天母",0,81,-81
"22845","8112至上","110/07/13","合庫-台中",115,6,109
"22846","8112至上","110/07/13","凱基-城中",3,84,-81
"22847","8112至上","110/07/13","亞東-板橋",134,26,108
"22848","8112至上","110/07/13","日盛-新莊",9,85,-76
"22849","8112至上","110/07/13","凱基-台北",414,326,88
"22850","8112至上","110/07/13","日盛-台中",2,64,-62
"22851","8112至上","110/07/13","新加坡商瑞銀",181,100,81
"22852","8112至上","110/07/13","日盛-中壢",3,64,-61
"22853","8112至上","110/07/13","國泰-敦南",108,31,77
"22854","8112至上","110/07/13","元大-台中",2,59,-57
"22855","8112至上","110/07/13","第一金-華江",77,4,73
"22856","8112至上","110/07/13","元大-雙和",7,64,-57
"22857","8112至上","110/07/13","永豐金-內湖",73,1,72
"22858","8112至上","110/07/13","元大-高雄",8,62,-54
"22859","8112至上","110/07/13","元大-永和",68,1,67
"22860","8112至上","110/07/13","元大-館前",2,55,-53
"22861","4903聯光通","110/07/13","台灣企銀-太平",56,0,56
"22862","4903聯光通","110/07/13","土銀",0,32,-32
"22863","4903聯光通","110/07/13","元富-新興",23,0,23
"22864","4903聯光通","110/07/13","元大-樹林",0,19,-19
"22865","4903聯光通","110/07/13","日盛-樹林",22,0,22
"22866","4903聯光通","110/07/13","凱基-士林",0,17,-17
"22867","4903聯光通","110/07/13","兆豐-天母",20,0,20
"22868","4903聯光通","110/07/13","國票-博愛",0,14,-14
"22869","4903聯光通","110/07/13","華南永昌-桃園",20,0,20
"22870","4903聯光通","110/07/13","元富",0,10,-10
"22871","4903聯光通","110/07/13","富邦-新店",10,0,10
"22872","4903聯光通","110/07/13","新光",0,10,-10
"22873","4903聯光通","110/07/13","新光-台中",5,0,5
"22874","4903聯光通","110/07/13","玉山-南京東路",0,10,-10
"22875","4903聯光通","110/07/13","華南永昌-台中",5,0,5
"22876","4903聯光通","110/07/13","富邦-陽明",0,10,-10
"22877","4903聯光通","110/07/13","元大-崇德",5,0,5
"22878","4903聯光通","110/07/13","元大-大甲",0,8,-8
"22879","4903聯光通","110/07/13","元大-草屯",5,0,5
"22880","4903聯光通","110/07/13","富邦-台中",0,7,-7
"22881","4903聯光通","110/07/13","元富-草屯",4,0,4
"22882","4903聯光通","110/07/13","凱基-中壢",0,6,-6
"22883","4903聯光通","110/07/13","元大-清水",4,0,4
"22884","4903聯光通","110/07/13","臺銀-民權",0,5,-5
"22885","4903聯光通","110/07/13","元大-東泰",4,0,4
"22886","4903聯光通","110/07/13","日盛-板橋",0,5,-5
"22887","4903聯光通","110/07/13","元大-佳里",2,0,2
"22888","4903聯光通","110/07/13","中國信託-忠孝",0,5,-5
"22889","4903聯光通","110/07/13","永豐金-板橋",2,0,2
"22890","4903聯光通","110/07/13","永豐金-鳳山",0,5,-5
"22891","2929淘帝","110/07/13","玉山-新竹",130,0,130
"22892","2929淘帝","110/07/13","美商高盛",0,177,-177
"22893","2929淘帝","110/07/13","臺銀-民權",60,0,60
"22894","2929淘帝","110/07/13","凱基-台北",6,80,-74
"22895","2929淘帝","110/07/13","新百王",31,0,31
"22896","2929淘帝","110/07/13","元富-大裕",0,49,-49
"22897","2929淘帝","110/07/13","日盛-園區",30,0,30
"22898","2929淘帝","110/07/13","國泰-館前",3,51,-48
"22899","2929淘帝","110/07/13","元大-南投",31,1,30
"22900","2929淘帝","110/07/13","凱基-中壢",0,41,-41
"22901","2929淘帝","110/07/13","兆豐-忠孝",28,0,28
"22902","2929淘帝","110/07/13","港商野村",21,55,-34
"22903","2929淘帝","110/07/13","元大-民生",28,0,28
"22904","2929淘帝","110/07/13","華南永昌-南京",2,34,-32
"22905","2929淘帝","110/07/13","合庫-高雄",27,0,27
"22906","2929淘帝","110/07/13","群益金鼎-土城",0,30,-30
"22907","2929淘帝","110/07/13","凱基-豐中",27,0,27
"22908","2929淘帝","110/07/13","富邦-南屯",0,22,-22
"22909","2929淘帝","110/07/13","新光",21,4,17
"22910","2929淘帝","110/07/13","第一金-豐原",0,20,-20
"22911","2929淘帝","110/07/13","元大-天母",17,0,17
"22912","2929淘帝","110/07/13","元大-屏南",6,26,-20
"22913","2929淘帝","110/07/13","永興",14,0,14
"22914","2929淘帝","110/07/13","永豐金-敦南",1,21,-20
"22915","2929淘帝","110/07/13","富邦-台北",12,0,12
"22916","2929淘帝","110/07/13","凱基-三重",2,21,-19
"22917","2929淘帝","110/07/13","元大-永和",12,0,12
"22918","2929淘帝","110/07/13","富邦-仁愛",7,25,-18
"22919","2929淘帝","110/07/13","國票-天祥",11,0,11
"22920","2929淘帝","110/07/13","元大-北投",0,16,-16
"22921","5410國眾","110/07/13","兆豐-城中",274,0,274
"22922","5410國眾","110/07/13","元富-嘉義",0,103,-103
"22923","5410國眾","110/07/13","新光",50,4,46
"22924","5410國眾","110/07/13","凱基-台北",0,50,-50
"22925","5410國眾","110/07/13","國泰-台中",26,0,26
"22926","5410國眾","110/07/13","瑞士信貸",0,31,-31
"22927","5410國眾","110/07/13","新加坡商瑞銀",22,0,22
"22928","5410國眾","110/07/13","台新-新莊",0,27,-27
"22929","5410國眾","110/07/13","光和-嘉義",20,0,20
"22930","5410國眾","110/07/13","元大-汐止",0,20,-20
"22931","5410國眾","110/07/13","凱基-竹北",17,0,17
"22932","5410國眾","110/07/13","亞東-新竹",0,17,-17
"22933","5410國眾","110/07/13","新光-桃園",15,0,15
"22934","5410國眾","110/07/13","元大-南勢角",0,13,-13
"22935","5410國眾","110/07/13","凱基-台東",14,0,14
"22936","5410國眾","110/07/13","台新-台南",0,12,-12
"22937","5410國眾","110/07/13","富邦-竹北",11,0,11
"22938","5410國眾","110/07/13","中國信託",0,11,-11
"22939","5410國眾","110/07/13","元富-同大",10,0,10
"22940","5410國眾","110/07/13","華南永昌",0,11,-11
"22941","5410國眾","110/07/13","國泰-敦南",24,15,9
"22942","5410國眾","110/07/13","臺銀-臺南",0,10,-10
"22943","5410國眾","110/07/13","日盛-內湖",7,0,7
"22944","5410國眾","110/07/13","台灣企銀-民雄",0,10,-10
"22945","5410國眾","110/07/13","台新-左楠",7,0,7
"22946","5410國眾","110/07/13","高橋",0,10,-10
"22947","5410國眾","110/07/13","元大-新盛",18,12,6
"22948","5410國眾","110/07/13","康和-嘉義",0,10,-10
"22949","5410國眾","110/07/13","統一",5,0,5
"22950","5410國眾","110/07/13","凱基-基隆",0,10,-10
"22951","2841台開","110/07/13","中國信託-高雄",251,50,201
"22952","2841台開","110/07/13","兆豐-公益",0,177,-177
"22953","2841台開","110/07/13","日盛證券",210,13,197
"22954","2841台開","110/07/13","日進",0,152,-152
"22955","2841台開","110/07/13","第一金-台中",55,0,55
"22956","2841台開","110/07/13","港商野村",0,109,-109
"22957","2841台開","110/07/13","國泰-板橋",46,0,46
"22958","2841台開","110/07/13","日盛-信義",0,103,-103
"22959","2841台開","110/07/13","國泰-館前",48,3,45
"22960","2841台開","110/07/13","國泰-敦南",11,75,-64
"22961","2841台開","110/07/13","華南永昌-新莊",45,0,45
"22962","2841台開","110/07/13","永興",0,50,-50
"22963","2841台開","110/07/13","日盛-園區",42,0,42
"22964","2841台開","110/07/13","永豐金-敦南",61,104,-43
"22965","2841台開","110/07/13","台新證券",32,0,32
"22966","2841台開","110/07/13","富邦-台南",0,42,-42
"22967","2841台開","110/07/13","台新-高雄",32,2,30
"22968","2841台開","110/07/13","國票-安和",0,30,-30
"22969","2841台開","110/07/13","豐農",23,0,23
"22970","2841台開","110/07/13","元大-桃園",0,25,-25
"22971","2841台開","110/07/13","合庫-嘉義",20,0,20
"22972","2841台開","110/07/13","新光",8,32,-24
"22973","2841台開","110/07/13","華南永昌-高雄",20,0,20
"22974","2841台開","110/07/13","元大-仁愛",0,24,-24
"22975","2841台開","110/07/13","元大-樹林",16,0,16
"22976","2841台開","110/07/13","日盛-中和",0,20,-20
"22977","2841台開","110/07/13","第一金-華江",15,2,13
"22978","2841台開","110/07/13","元富",0,20,-20
"22979","2841台開","110/07/13","美商高盛",12,0,12
"22980","2841台開","110/07/13","富邦-宜蘭",0,20,-20
"22981","6207雷科","110/07/13","元大-高雄",121,0,121
"22982","6207雷科","110/07/13","華南永昌-朴子",1,60,-59
"22983","6207雷科","110/07/13","第一金-新興",20,0,20
"22984","6207雷科","110/07/13","元大-南海",0,36,-36
"22985","6207雷科","110/07/13","元富-三重",20,0,20
"22986","6207雷科","110/07/13","凱基-土城",0,35,-35
"22987","6207雷科","110/07/13","元大-林園",15,0,15
"22988","6207雷科","110/07/13","台灣企銀",0,20,-20
"22989","6207雷科","110/07/13","元大-金華",16,1,15
"22990","6207雷科","110/07/13","群益金鼎-丹鳳",0,20,-20
"22991","6207雷科","110/07/13","日盛證券",10,0,10
"22992","6207雷科","110/07/13","元大-博愛",0,17,-17
"22993","6207雷科","110/07/13","統一-台中",10,0,10
"22994","6207雷科","110/07/13","元大-北港",0,13,-13
"22995","6207雷科","110/07/13","群益金鼎-土城",10,0,10
"22996","6207雷科","110/07/13","新加坡商瑞銀",0,12,-12
"22997","6207雷科","110/07/13","群益金鼎-桃園",10,0,10
"22998","6207雷科","110/07/13","凱基-台北",4,16,-12
"22999","6207雷科","110/07/13","永豐金-新莊",10,0,10
"23000","6207雷科","110/07/13","日茂-埔里",0,11,-11
"23001","6207雷科","110/07/13","永豐金-新店",10,0,10
"23002","6207雷科","110/07/13","元大-莒光",0,11,-11
"23003","6207雷科","110/07/13","元大證券",9,0,9
"23004","6207雷科","110/07/13","統一-新竹",0,10,-10
"23005","6207雷科","110/07/13","日盛-木柵",9,1,8
"23006","6207雷科","110/07/13","元大-西螺",0,10,-10
"23007","6207雷科","110/07/13","兆豐-來福",8,0,8
"23008","6207雷科","110/07/13","康和-台中",0,8,-8
"23009","6207雷科","110/07/13","新光",7,0,7
"23010","6207雷科","110/07/13","兆豐-高雄",0,6,-6
"23011","3679新至陞","110/07/13","永豐金證券",50,0,50
"23012","3679新至陞","110/07/13","摩根大通",2,25,-23
"23013","3679新至陞","110/07/13","國泰-桃園",22,0,22
"23014","3679新至陞","110/07/13","元大-成功",0,22,-22
"23015","3679新至陞","110/07/13","台中銀-員林",11,0,11
"23016","3679新至陞","110/07/13","富邦-板橋",1,19,-18
"23017","3679新至陞","110/07/13","元大-文心興安",8,0,8
"23018","3679新至陞","110/07/13","日盛-新莊",0,10,-10
"23019","3679新至陞","110/07/13","美商高盛",6,0,6
"23020","3679新至陞","110/07/13","台新-台中",0,10,-10
"23021","3679新至陞","110/07/13","台新-高雄",6,0,6
"23022","3679新至陞","110/07/13","永豐金-新竹",0,8,-8
"23023","3679新至陞","110/07/13","凱基-台北",18,12,6
"23024","3679新至陞","110/07/13","瑞士信貸",12,19,-7
"23025","3679新至陞","110/07/13","日盛-復興",5,0,5
"23026","3679新至陞","110/07/13","統一-南京",0,7,-7
"23027","3679新至陞","110/07/13","(牛牛牛)亞-鑫豐",4,0,4
"23028","3679新至陞","110/07/13","凱基-新莊",0,7,-7
"23029","3679新至陞","110/07/13","元富-大昌",3,0,3
"23030","3679新至陞","110/07/13","新加坡商瑞銀",0,6,-6
"23031","3679新至陞","110/07/13","富邦-台北",3,0,3
"23032","3679新至陞","110/07/13","合庫-自強",0,5,-5
"23033","3679新至陞","110/07/13","日盛-樹林",2,0,2
"23034","3679新至陞","110/07/13","富邦-桃園",0,5,-5
"23035","3679新至陞","110/07/13","宏遠-光隆",2,0,2
"23036","3679新至陞","110/07/13","永豐金-潮州",0,4,-4
"23037","3679新至陞","110/07/13","美林",3,1,2
"23038","3679新至陞","110/07/13","臺銀-臺南",0,3,-3
"23039","3679新至陞","110/07/13","第一金-中壢",2,0,2
"23040","3679新至陞","110/07/13","元大-六合",0,3,-3
"23041","2727王品","110/07/13","富邦-台北",43,3,40
"23042","2727王品","110/07/13","台灣摩根士丹利",15,97,-82
"23043","2727王品","110/07/13","元大-基隆孝二",40,0,40
"23044","2727王品","110/07/13","玉山-台南",5,57,-52
"23045","2727王品","110/07/13","國票-新莊",40,1,39
"23046","2727王品","110/07/13","新加坡商瑞銀",0,48,-48
"23047","2727王品","110/07/13","第一金-豐原",66,42,24
"23048","2727王品","110/07/13","凱基-台北",41,77,-36
"23049","2727王品","110/07/13","永豐金-大園",34,10,24
"23050","2727王品","110/07/13","永豐金-永康",0,22,-22
"23051","2727王品","110/07/13","元大-北屯",22,0,22
"23052","2727王品","110/07/13","統一-台中",2,22,-20
"23053","2727王品","110/07/13","元大-東蘆",26,7,19
"23054","2727王品","110/07/13","國泰-台中",21,39,-18
"23055","2727王品","110/07/13","永豐金-萬盛",13,1,12
"23056","2727王品","110/07/13","合庫-彰化",3,20,-17
"23057","2727王品","110/07/13","日盛-嘉義",11,0,11
"23058","2727王品","110/07/13","港商野村",13,30,-17
"23059","2727王品","110/07/13","日盛-八德",11,0,11
"23060","2727王品","110/07/13","元大-楊梅",1,16,-15
"23061","2727王品","110/07/13","統一-竹南",11,0,11
"23062","2727王品","110/07/13","凱基-高美館",2,15,-13
"23063","2727王品","110/07/13","日盛-士林",12,2,10
"23064","2727王品","110/07/13","美商高盛",2,14,-12
"23065","2727王品","110/07/13","統一-敦南",10,0,10
"23066","2727王品","110/07/13","統一-平鎮",1,13,-12
"23067","2727王品","110/07/13","中國信託",15,5,10
"23068","2727王品","110/07/13","兆豐-台中港",4,16,-12
"23069","2727王品","110/07/13","兆豐-竹北",13,3,10
"23070","2727王品","110/07/13","凱基-八德",1,13,-12
"23071","1570力肯","110/07/13","新光",115,11,104
"23072","1570力肯","110/07/13","元大-北三重",0,162,-162
"23073","1570力肯","110/07/13","群益金鼎-高雄",54,0,54
"23074","1570力肯","110/07/13","元大-大灣",0,25,-25
"23075","1570力肯","110/07/13","國票-新莊",22,0,22
"23076","1570力肯","110/07/13","永豐金-苓雅",0,22,-22
"23077","1570力肯","110/07/13","日盛-桃園",12,0,12
"23078","1570力肯","110/07/13","永豐金-永康",0,19,-19
"23079","1570力肯","110/07/13","元大-高雄",12,0,12
"23080","1570力肯","110/07/13","富邦-員林",0,15,-15
"23081","1570力肯","110/07/13","合庫-自強",11,0,11
"23082","1570力肯","110/07/13","凱基-台南",0,11,-11
"23083","1570力肯","110/07/13","摩根大通",26,15,11
"23084","1570力肯","110/07/13","日盛-竹北",0,10,-10
"23085","1570力肯","110/07/13","永豐金-中盛",11,0,11
"23086","1570力肯","110/07/13","國票-九鼎",0,10,-10
"23087","1570力肯","110/07/13","兆豐-台中港",10,0,10
"23088","1570力肯","110/07/13","凱基-桃園",0,10,-10
"23089","1570力肯","110/07/13","國泰-松江",9,0,9
"23090","1570力肯","110/07/13","凱基-新豐",0,10,-10
"23091","1570力肯","110/07/13","元大-新盛",9,0,9
"23092","1570力肯","110/07/13","元大-學甲",0,10,-10
"23093","1570力肯","110/07/13","元富-緯城",6,0,6
"23094","1570力肯","110/07/13","群益金鼎-東湖",1,10,-9
"23095","1570力肯","110/07/13","統一-三重",5,0,5
"23096","1570力肯","110/07/13","大昌",0,6,-6
"23097","1570力肯","110/07/13","元大-前金",5,0,5
"23098","1570力肯","110/07/13","元大-土城學府",0,6,-6
"23099","1570力肯","110/07/13","永豐金證券",5,0,5
"23100","1570力肯","110/07/13","統一",0,5,-5
"23101","6180橘子","110/07/13","摩根大通",119,0,119
"23102","6180橘子","110/07/13","元大-崇德",2,61,-59
"23103","6180橘子","110/07/13","美商高盛",96,0,96
"23104","6180橘子","110/07/13","康和-台中",0,51,-51
"23105","6180橘子","110/07/13","新加坡商瑞銀",86,7,79
"23106","6180橘子","110/07/13","康和-台北",0,50,-50
"23107","6180橘子","110/07/13","元大-和平",40,0,40
"23108","6180橘子","110/07/13","元富-潮州",0,40,-40
"23109","6180橘子","110/07/13","凱基-台北",83,47,36
"23110","6180橘子","110/07/13","日盛-永康",0,26,-26
"23111","6180橘子","110/07/13","美林",39,5,34
"23112","6180橘子","110/07/13","永豐金-中正",0,24,-24
"23113","6180橘子","110/07/13","富邦-新竹華信",31,2,29
"23114","6180橘子","110/07/13","國泰-板橋",2,25,-23
"23115","6180橘子","110/07/13","統一-南京",21,0,21
"23116","6180橘子","110/07/13","日盛-大墩",0,20,-20
"23117","6180橘子","110/07/13","富邦-陽明",24,3,21
"23118","6180橘子","110/07/13","元大-草屯",13,32,-19
"23119","6180橘子","110/07/13","大昌-樹林",21,1,20
"23120","6180橘子","110/07/13","元富-林園",1,18,-17
"23121","6180橘子","110/07/13","花旗環球",19,0,19
"23122","6180橘子","110/07/13","新光-新竹",1,18,-17
"23123","6180橘子","110/07/13","華南永昌-台南",19,0,19
"23124","6180橘子","110/07/13","元大-土城永寧",0,17,-17
"23125","6180橘子","110/07/13","福勝",14,0,14
"23126","6180橘子","110/07/13","國泰-新莊",3,19,-16
"23127","6180橘子","110/07/13","富邦-嘉義",12,1,11
"23128","6180橘子","110/07/13","中國信託-永康",6,21,-15
"23129","6180橘子","110/07/13","元大-板橋三民",11,0,11
"23130","6180橘子","110/07/13","凱基-東港",1,15,-14
"23131","2390云辰","110/07/13","新加坡商瑞銀",562,75,487
"23132","2390云辰","110/07/13","大展-台南",0,532,-532
"23133","2390云辰","110/07/13","台灣摩根士丹利",330,155,175
"23134","2390云辰","110/07/13","凱基-台北",668,854,-186
"23135","2390云辰","110/07/13","兆豐-公益",126,25,101
"23136","2390云辰","110/07/13","凱基-三重",12,172,-160
"23137","2390云辰","110/07/13","元富-中港",100,2,98
"23138","2390云辰","110/07/13","兆豐-忠孝",4,161,-157
"23139","2390云辰","110/07/13","統一-新台中",106,9,97
"23140","2390云辰","110/07/13","元大-士林",19,170,-151
"23141","2390云辰","110/07/13","中國信託-松江",81,11,70
"23142","2390云辰","110/07/13","臺銀-新竹",14,117,-103
"23143","2390云辰","110/07/13","日盛-板橋",72,3,69
"23144","2390云辰","110/07/13","國票-台中",4,102,-98
"23145","2390云辰","110/07/13","日盛-和美",57,0,57
"23146","2390云辰","110/07/13","新光",147,232,-85
"23147","2390云辰","110/07/13","永豐金-桃園",88,36,52
"23148","2390云辰","110/07/13","致和-崇德",2,70,-68
"23149","2390云辰","110/07/13","玉山-士林",54,4,50
"23150","2390云辰","110/07/13","群益金鼎-屏東",2,70,-68
"23151","2390云辰","110/07/13","富邦-仁愛",56,6,50
"23152","2390云辰","110/07/13","元大-大里",35,98,-63
"23153","2390云辰","110/07/13","第一金-豐原",50,1,49
"23154","2390云辰","110/07/13","元大-萬華",35,94,-59
"23155","2390云辰","110/07/13","摩根大通",502,453,49
"23156","2390云辰","110/07/13","元富-吉利",2,60,-58
"23157","2390云辰","110/07/13","凱基-松山",61,13,48
"23158","2390云辰","110/07/13","兆豐-新竹",3,53,-50
"23159","2390云辰","110/07/13","大昌",64,22,42
"23160","2390云辰","110/07/13","富邦-嘉義",65,108,-43
"23161","2363矽統","110/07/13","凱基-南崁",2133,63,2070
"23162","2363矽統","110/07/13","凱基-幸福",36,4048,-4012
"23163","2363矽統","110/07/13","國泰-敦南",2195,1617,578
"23164","2363矽統","110/07/13","統一",192,3325,-3133
"23165","2363矽統","110/07/13","中農",670,139,531
"23166","2363矽統","110/07/13","新加坡商瑞銀",1000,2747,-1747
"23167","2363矽統","110/07/13","康和-台中",638,154,484
"23168","2363矽統","110/07/13","凱基-台北",5359,6609,-1250
"23169","2363矽統","110/07/13","群益金鼎-三民",577,137,440
"23170","2363矽統","110/07/13","摩根大通",1930,2858,-928
"23171","2363矽統","110/07/13","台新-屏東",510,88,422
"23172","2363矽統","110/07/13","港商野村",960,1679,-719
"23173","2363矽統","110/07/13","德信-中正",455,67,388
"23174","2363矽統","110/07/13","兆豐-復興",25,705,-680
"23175","2363矽統","110/07/13","日盛-竹北",365,70,295
"23176","2363矽統","110/07/13","統一-仁愛",114,755,-641
"23177","2363矽統","110/07/13","元大-佳里",452,189,263
"23178","2363矽統","110/07/13","統一-敦南",29,638,-609
"23179","2363矽統","110/07/13","國票-博愛",296,38,258
"23180","2363矽統","110/07/13","統一-土城",100,704,-604
"23181","2363矽統","110/07/13","元大-萬華",340,95,245
"23182","2363矽統","110/07/13","統一-城中",116,676,-560
"23183","2363矽統","110/07/13","新光",1259,1031,228
"23184","2363矽統","110/07/13","永豐金證券",306,859,-553
"23185","2363矽統","110/07/13","元富-成功",323,96,227
"23186","2363矽統","110/07/13","元富",54,567,-513
"23187","2363矽統","110/07/13","豐農",228,23,205
"23188","2363矽統","110/07/13","瑞士信貸",202,666,-464
"23189","2363矽統","110/07/13","台灣企銀-岡山",186,4,182
"23190","2363矽統","110/07/13","永豐金-嘉義",67,468,-401
"23191","8112至上","110/07/13","摩根大通",688,296,392
"23192","8112至上","110/07/13","國票-中和",0,401,-401
"23193","8112至上","110/07/13","港商野村",344,145,199
"23194","8112至上","110/07/13","永豐金-板盛",0,205,-205
"23195","8112至上","110/07/13","兆豐-公益",195,5,190
"23196","8112至上","110/07/13","凱基-五股",43,155,-112
"23197","8112至上","110/07/13","台灣摩根士丹利",183,0,183
"23198","8112至上","110/07/13","凱基-市政",0,100,-100
"23199","8112至上","110/07/13","群益金鼎-敦南",153,2,151
"23200","8112至上","110/07/13","元大-大里德芳",1,92,-91
"23201","8112至上","110/07/13","臺銀-金山",146,26,120
"23202","8112至上","110/07/13","玉山-桃園",26,110,-84
"23203","8112至上","110/07/13","臺銀",133,19,114
"23204","8112至上","110/07/13","兆豐-天母",0,81,-81
"23205","8112至上","110/07/13","合庫-台中",115,6,109
"23206","8112至上","110/07/13","凱基-城中",3,84,-81
"23207","8112至上","110/07/13","亞東-板橋",134,26,108
"23208","8112至上","110/07/13","日盛-新莊",9,85,-76
"23209","8112至上","110/07/13","凱基-台北",414,326,88
"23210","8112至上","110/07/13","日盛-台中",2,64,-62
"23211","8112至上","110/07/13","新加坡商瑞銀",181,100,81
"23212","8112至上","110/07/13","日盛-中壢",3,64,-61
"23213","8112至上","110/07/13","國泰-敦南",108,31,77
"23214","8112至上","110/07/13","元大-台中",2,59,-57
"23215","8112至上","110/07/13","第一金-華江",77,4,73
"23216","8112至上","110/07/13","元大-雙和",7,64,-57
"23217","8112至上","110/07/13","永豐金-內湖",73,1,72
"23218","8112至上","110/07/13","元大-高雄",8,62,-54
"23219","8112至上","110/07/13","元大-永和",68,1,67
"23220","8112至上","110/07/13","元大-館前",2,55,-53
"23221","4903聯光通","110/07/13","台灣企銀-太平",56,0,56
"23222","4903聯光通","110/07/13","土銀",0,32,-32
"23223","4903聯光通","110/07/13","元富-新興",23,0,23
"23224","4903聯光通","110/07/13","元大-樹林",0,19,-19
"23225","4903聯光通","110/07/13","日盛-樹林",22,0,22
"23226","4903聯光通","110/07/13","凱基-士林",0,17,-17
"23227","4903聯光通","110/07/13","兆豐-天母",20,0,20
"23228","4903聯光通","110/07/13","國票-博愛",0,14,-14
"23229","4903聯光通","110/07/13","華南永昌-桃園",20,0,20
"23230","4903聯光通","110/07/13","元富",0,10,-10
"23231","4903聯光通","110/07/13","富邦-新店",10,0,10
"23232","4903聯光通","110/07/13","新光",0,10,-10
"23233","4903聯光通","110/07/13","新光-台中",5,0,5
"23234","4903聯光通","110/07/13","玉山-南京東路",0,10,-10
"23235","4903聯光通","110/07/13","華南永昌-台中",5,0,5
"23236","4903聯光通","110/07/13","富邦-陽明",0,10,-10
"23237","4903聯光通","110/07/13","元大-崇德",5,0,5
"23238","4903聯光通","110/07/13","元大-大甲",0,8,-8
"23239","4903聯光通","110/07/13","元大-草屯",5,0,5
"23240","4903聯光通","110/07/13","富邦-台中",0,7,-7
"23241","4903聯光通","110/07/13","元富-草屯",4,0,4
"23242","4903聯光通","110/07/13","凱基-中壢",0,6,-6
"23243","4903聯光通","110/07/13","元大-清水",4,0,4
"23244","4903聯光通","110/07/13","臺銀-民權",0,5,-5
"23245","4903聯光通","110/07/13","元大-東泰",4,0,4
"23246","4903聯光通","110/07/13","日盛-板橋",0,5,-5
"23247","4903聯光通","110/07/13","元大-佳里",2,0,2
"23248","4903聯光通","110/07/13","中國信託-忠孝",0,5,-5
"23249","4903聯光通","110/07/13","永豐金-板橋",2,0,2
"23250","4903聯光通","110/07/13","永豐金-鳳山",0,5,-5
"23251","2929淘帝","110/07/13","玉山-新竹",130,0,130
"23252","2929淘帝","110/07/13","美商高盛",0,177,-177
"23253","2929淘帝","110/07/13","臺銀-民權",60,0,60
"23254","2929淘帝","110/07/13","凱基-台北",6,80,-74
"23255","2929淘帝","110/07/13","新百王",31,0,31
"23256","2929淘帝","110/07/13","元富-大裕",0,49,-49
"23257","2929淘帝","110/07/13","日盛-園區",30,0,30
"23258","2929淘帝","110/07/13","國泰-館前",3,51,-48
"23259","2929淘帝","110/07/13","元大-南投",31,1,30
"23260","2929淘帝","110/07/13","凱基-中壢",0,41,-41
"23261","2929淘帝","110/07/13","兆豐-忠孝",28,0,28
"23262","2929淘帝","110/07/13","港商野村",21,55,-34
"23263","2929淘帝","110/07/13","元大-民生",28,0,28
"23264","2929淘帝","110/07/13","華南永昌-南京",2,34,-32
"23265","2929淘帝","110/07/13","合庫-高雄",27,0,27
"23266","2929淘帝","110/07/13","群益金鼎-土城",0,30,-30
"23267","2929淘帝","110/07/13","凱基-豐中",27,0,27
"23268","2929淘帝","110/07/13","富邦-南屯",0,22,-22
"23269","2929淘帝","110/07/13","新光",21,4,17
"23270","2929淘帝","110/07/13","第一金-豐原",0,20,-20
"23271","2929淘帝","110/07/13","元大-天母",17,0,17
"23272","2929淘帝","110/07/13","元大-屏南",6,26,-20
"23273","2929淘帝","110/07/13","永興",14,0,14
"23274","2929淘帝","110/07/13","永豐金-敦南",1,21,-20
"23275","2929淘帝","110/07/13","富邦-台北",12,0,12
"23276","2929淘帝","110/07/13","凱基-三重",2,21,-19
"23277","2929淘帝","110/07/13","元大-永和",12,0,12
"23278","2929淘帝","110/07/13","富邦-仁愛",7,25,-18
"23279","2929淘帝","110/07/13","國票-天祥",11,0,11
"23280","2929淘帝","110/07/13","元大-北投",0,16,-16
"23281","5410國眾","110/07/13","兆豐-城中",274,0,274
"23282","5410國眾","110/07/13","元富-嘉義",0,103,-103
"23283","5410國眾","110/07/13","新光",50,4,46
"23284","5410國眾","110/07/13","凱基-台北",0,50,-50
"23285","5410國眾","110/07/13","國泰-台中",26,0,26
"23286","5410國眾","110/07/13","瑞士信貸",0,31,-31
"23287","5410國眾","110/07/13","新加坡商瑞銀",22,0,22
"23288","5410國眾","110/07/13","台新-新莊",0,27,-27
"23289","5410國眾","110/07/13","光和-嘉義",20,0,20
"23290","5410國眾","110/07/13","元大-汐止",0,20,-20
"23291","5410國眾","110/07/13","凱基-竹北",17,0,17
"23292","5410國眾","110/07/13","亞東-新竹",0,17,-17
"23293","5410國眾","110/07/13","新光-桃園",15,0,15
"23294","5410國眾","110/07/13","元大-南勢角",0,13,-13
"23295","5410國眾","110/07/13","凱基-台東",14,0,14
"23296","5410國眾","110/07/13","台新-台南",0,12,-12
"23297","5410國眾","110/07/13","富邦-竹北",11,0,11
"23298","5410國眾","110/07/13","中國信託",0,11,-11
"23299","5410國眾","110/07/13","元富-同大",10,0,10
"23300","5410國眾","110/07/13","華南永昌",0,11,-11
"23301","5410國眾","110/07/13","國泰-敦南",24,15,9
"23302","5410國眾","110/07/13","臺銀-臺南",0,10,-10
"23303","5410國眾","110/07/13","日盛-內湖",7,0,7
"23304","5410國眾","110/07/13","台灣企銀-民雄",0,10,-10
"23305","5410國眾","110/07/13","台新-左楠",7,0,7
"23306","5410國眾","110/07/13","高橋",0,10,-10
"23307","5410國眾","110/07/13","元大-新盛",18,12,6
"23308","5410國眾","110/07/13","康和-嘉義",0,10,-10
"23309","5410國眾","110/07/13","統一",5,0,5
"23310","5410國眾","110/07/13","凱基-基隆",0,10,-10
"23311","2841台開","110/07/13","中國信託-高雄",251,50,201
"23312","2841台開","110/07/13","兆豐-公益",0,177,-177
"23313","2841台開","110/07/13","日盛證券",210,13,197
"23314","2841台開","110/07/13","日進",0,152,-152
"23315","2841台開","110/07/13","第一金-台中",55,0,55
"23316","2841台開","110/07/13","港商野村",0,109,-109
"23317","2841台開","110/07/13","國泰-板橋",46,0,46
"23318","2841台開","110/07/13","日盛-信義",0,103,-103
"23319","2841台開","110/07/13","國泰-館前",48,3,45
"23320","2841台開","110/07/13","國泰-敦南",11,75,-64
"23321","2841台開","110/07/13","華南永昌-新莊",45,0,45
"23322","2841台開","110/07/13","永興",0,50,-50
"23323","2841台開","110/07/13","日盛-園區",42,0,42
"23324","2841台開","110/07/13","永豐金-敦南",61,104,-43
"23325","2841台開","110/07/13","台新證券",32,0,32
"23326","2841台開","110/07/13","富邦-台南",0,42,-42
"23327","2841台開","110/07/13","台新-高雄",32,2,30
"23328","2841台開","110/07/13","國票-安和",0,30,-30
"23329","2841台開","110/07/13","豐農",23,0,23
"23330","2841台開","110/07/13","元大-桃園",0,25,-25
"23331","2841台開","110/07/13","合庫-嘉義",20,0,20
"23332","2841台開","110/07/13","新光",8,32,-24
"23333","2841台開","110/07/13","華南永昌-高雄",20,0,20
"23334","2841台開","110/07/13","元大-仁愛",0,24,-24
"23335","2841台開","110/07/13","元大-樹林",16,0,16
"23336","2841台開","110/07/13","日盛-中和",0,20,-20
"23337","2841台開","110/07/13","第一金-華江",15,2,13
"23338","2841台開","110/07/13","元富",0,20,-20
"23339","2841台開","110/07/13","美商高盛",12,0,12
"23340","2841台開","110/07/13","富邦-宜蘭",0,20,-20
"23341","6207雷科","110/07/13","元大-高雄",121,0,121
"23342","6207雷科","110/07/13","華南永昌-朴子",1,60,-59
"23343","6207雷科","110/07/13","第一金-新興",20,0,20
"23344","6207雷科","110/07/13","元大-南海",0,36,-36
"23345","6207雷科","110/07/13","元富-三重",20,0,20
"23346","6207雷科","110/07/13","凱基-土城",0,35,-35
"23347","6207雷科","110/07/13","元大-林園",15,0,15
"23348","6207雷科","110/07/13","台灣企銀",0,20,-20
"23349","6207雷科","110/07/13","元大-金華",16,1,15
"23350","6207雷科","110/07/13","群益金鼎-丹鳳",0,20,-20
"23351","6207雷科","110/07/13","日盛證券",10,0,10
"23352","6207雷科","110/07/13","元大-博愛",0,17,-17
"23353","6207雷科","110/07/13","統一-台中",10,0,10
"23354","6207雷科","110/07/13","元大-北港",0,13,-13
"23355","6207雷科","110/07/13","群益金鼎-土城",10,0,10
"23356","6207雷科","110/07/13","新加坡商瑞銀",0,12,-12
"23357","6207雷科","110/07/13","群益金鼎-桃園",10,0,10
"23358","6207雷科","110/07/13","凱基-台北",4,16,-12
"23359","6207雷科","110/07/13","永豐金-新莊",10,0,10
"23360","6207雷科","110/07/13","日茂-埔里",0,11,-11
"23361","6207雷科","110/07/13","永豐金-新店",10,0,10
"23362","6207雷科","110/07/13","元大-莒光",0,11,-11
"23363","6207雷科","110/07/13","元大證券",9,0,9
"23364","6207雷科","110/07/13","統一-新竹",0,10,-10
"23365","6207雷科","110/07/13","日盛-木柵",9,1,8
"23366","6207雷科","110/07/13","元大-西螺",0,10,-10
"23367","6207雷科","110/07/13","兆豐-來福",8,0,8
"23368","6207雷科","110/07/13","康和-台中",0,8,-8
"23369","6207雷科","110/07/13","新光",7,0,7
"23370","6207雷科","110/07/13","兆豐-高雄",0,6,-6
"23371","3679新至陞","110/07/13","永豐金證券",50,0,50
"23372","3679新至陞","110/07/13","摩根大通",2,25,-23
"23373","3679新至陞","110/07/13","國泰-桃園",22,0,22
"23374","3679新至陞","110/07/13","元大-成功",0,22,-22
"23375","3679新至陞","110/07/13","台中銀-員林",11,0,11
"23376","3679新至陞","110/07/13","富邦-板橋",1,19,-18
"23377","3679新至陞","110/07/13","元大-文心興安",8,0,8
"23378","3679新至陞","110/07/13","日盛-新莊",0,10,-10
"23379","3679新至陞","110/07/13","美商高盛",6,0,6
"23380","3679新至陞","110/07/13","台新-台中",0,10,-10
"23381","3679新至陞","110/07/13","台新-高雄",6,0,6
"23382","3679新至陞","110/07/13","永豐金-新竹",0,8,-8
"23383","3679新至陞","110/07/13","凱基-台北",18,12,6
"23384","3679新至陞","110/07/13","瑞士信貸",12,19,-7
"23385","3679新至陞","110/07/13","日盛-復興",5,0,5
"23386","3679新至陞","110/07/13","統一-南京",0,7,-7
"23387","3679新至陞","110/07/13","(牛牛牛)亞-鑫豐",4,0,4
"23388","3679新至陞","110/07/13","凱基-新莊",0,7,-7
"23389","3679新至陞","110/07/13","元富-大昌",3,0,3
"23390","3679新至陞","110/07/13","新加坡商瑞銀",0,6,-6
"23391","3679新至陞","110/07/13","富邦-台北",3,0,3
"23392","3679新至陞","110/07/13","合庫-自強",0,5,-5
"23393","3679新至陞","110/07/13","日盛-樹林",2,0,2
"23394","3679新至陞","110/07/13","富邦-桃園",0,5,-5
"23395","3679新至陞","110/07/13","宏遠-光隆",2,0,2
"23396","3679新至陞","110/07/13","永豐金-潮州",0,4,-4
"23397","3679新至陞","110/07/13","美林",3,1,2
"23398","3679新至陞","110/07/13","臺銀-臺南",0,3,-3
"23399","3679新至陞","110/07/13","第一金-中壢",2,0,2
"23400","3679新至陞","110/07/13","元大-六合",0,3,-3
"23401","2727王品","110/07/13","富邦-台北",43,3,40
"23402","2727王品","110/07/13","台灣摩根士丹利",15,97,-82
"23403","2727王品","110/07/13","元大-基隆孝二",40,0,40
"23404","2727王品","110/07/13","玉山-台南",5,57,-52
"23405","2727王品","110/07/13","國票-新莊",40,1,39
"23406","2727王品","110/07/13","新加坡商瑞銀",0,48,-48
"23407","2727王品","110/07/13","第一金-豐原",66,42,24
"23408","2727王品","110/07/13","凱基-台北",41,77,-36
"23409","2727王品","110/07/13","永豐金-大園",34,10,24
"23410","2727王品","110/07/13","永豐金-永康",0,22,-22
"23411","2727王品","110/07/13","元大-北屯",22,0,22
"23412","2727王品","110/07/13","統一-台中",2,22,-20
"23413","2727王品","110/07/13","元大-東蘆",26,7,19
"23414","2727王品","110/07/13","國泰-台中",21,39,-18
"23415","2727王品","110/07/13","永豐金-萬盛",13,1,12
"23416","2727王品","110/07/13","合庫-彰化",3,20,-17
"23417","2727王品","110/07/13","日盛-嘉義",11,0,11
"23418","2727王品","110/07/13","港商野村",13,30,-17
"23419","2727王品","110/07/13","日盛-八德",11,0,11
"23420","2727王品","110/07/13","元大-楊梅",1,16,-15
"23421","2727王品","110/07/13","統一-竹南",11,0,11
"23422","2727王品","110/07/13","凱基-高美館",2,15,-13
"23423","2727王品","110/07/13","日盛-士林",12,2,10
"23424","2727王品","110/07/13","美商高盛",2,14,-12
"23425","2727王品","110/07/13","統一-敦南",10,0,10
"23426","2727王品","110/07/13","統一-平鎮",1,13,-12
"23427","2727王品","110/07/13","中國信託",15,5,10
"23428","2727王品","110/07/13","兆豐-台中港",4,16,-12
"23429","2727王品","110/07/13","兆豐-竹北",13,3,10
"23430","2727王品","110/07/13","凱基-八德",1,13,-12
"23431","1570力肯","110/07/13","新光",115,11,104
"23432","1570力肯","110/07/13","元大-北三重",0,162,-162
"23433","1570力肯","110/07/13","群益金鼎-高雄",54,0,54
"23434","1570力肯","110/07/13","元大-大灣",0,25,-25
"23435","1570力肯","110/07/13","國票-新莊",22,0,22
"23436","1570力肯","110/07/13","永豐金-苓雅",0,22,-22
"23437","1570力肯","110/07/13","日盛-桃園",12,0,12
"23438","1570力肯","110/07/13","永豐金-永康",0,19,-19
"23439","1570力肯","110/07/13","元大-高雄",12,0,12
"23440","1570力肯","110/07/13","富邦-員林",0,15,-15
"23441","1570力肯","110/07/13","合庫-自強",11,0,11
"23442","1570力肯","110/07/13","凱基-台南",0,11,-11
"23443","1570力肯","110/07/13","摩根大通",26,15,11
"23444","1570力肯","110/07/13","日盛-竹北",0,10,-10
"23445","1570力肯","110/07/13","永豐金-中盛",11,0,11
"23446","1570力肯","110/07/13","國票-九鼎",0,10,-10
"23447","1570力肯","110/07/13","兆豐-台中港",10,0,10
"23448","1570力肯","110/07/13","凱基-桃園",0,10,-10
"23449","1570力肯","110/07/13","國泰-松江",9,0,9
"23450","1570力肯","110/07/13","凱基-新豐",0,10,-10
"23451","1570力肯","110/07/13","元大-新盛",9,0,9
"23452","1570力肯","110/07/13","元大-學甲",0,10,-10
"23453","1570力肯","110/07/13","元富-緯城",6,0,6
"23454","1570力肯","110/07/13","群益金鼎-東湖",1,10,-9
"23455","1570力肯","110/07/13","統一-三重",5,0,5
"23456","1570力肯","110/07/13","大昌",0,6,-6
"23457","1570力肯","110/07/13","元大-前金",5,0,5
"23458","1570力肯","110/07/13","元大-土城學府",0,6,-6
"23459","1570力肯","110/07/13","永豐金證券",5,0,5
"23460","1570力肯","110/07/13","統一",0,5,-5
"23461","6180橘子","110/07/13","摩根大通",119,0,119
"23462","6180橘子","110/07/13","元大-崇德",2,61,-59
"23463","6180橘子","110/07/13","美商高盛",96,0,96
"23464","6180橘子","110/07/13","康和-台中",0,51,-51
"23465","6180橘子","110/07/13","新加坡商瑞銀",86,7,79
"23466","6180橘子","110/07/13","康和-台北",0,50,-50
"23467","6180橘子","110/07/13","元大-和平",40,0,40
"23468","6180橘子","110/07/13","元富-潮州",0,40,-40
"23469","6180橘子","110/07/13","凱基-台北",83,47,36
"23470","6180橘子","110/07/13","日盛-永康",0,26,-26
"23471","6180橘子","110/07/13","美林",39,5,34
"23472","6180橘子","110/07/13","永豐金-中正",0,24,-24
"23473","6180橘子","110/07/13","富邦-新竹華信",31,2,29
"23474","6180橘子","110/07/13","國泰-板橋",2,25,-23
"23475","6180橘子","110/07/13","統一-南京",21,0,21
"23476","6180橘子","110/07/13","日盛-大墩",0,20,-20
"23477","6180橘子","110/07/13","富邦-陽明",24,3,21
"23478","6180橘子","110/07/13","元大-草屯",13,32,-19
"23479","6180橘子","110/07/13","大昌-樹林",21,1,20
"23480","6180橘子","110/07/13","元富-林園",1,18,-17
"23481","6180橘子","110/07/13","花旗環球",19,0,19
"23482","6180橘子","110/07/13","新光-新竹",1,18,-17
"23483","6180橘子","110/07/13","華南永昌-台南",19,0,19
"23484","6180橘子","110/07/13","元大-土城永寧",0,17,-17
"23485","6180橘子","110/07/13","福勝",14,0,14
"23486","6180橘子","110/07/13","國泰-新莊",3,19,-16
"23487","6180橘子","110/07/13","富邦-嘉義",12,1,11
"23488","6180橘子","110/07/13","中國信託-永康",6,21,-15
"23489","6180橘子","110/07/13","元大-板橋三民",11,0,11
"23490","6180橘子","110/07/13","凱基-東港",1,15,-14
"23491","2390云辰","110/07/13","新加坡商瑞銀",562,75,487
"23492","2390云辰","110/07/13","大展-台南",0,532,-532
"23493","2390云辰","110/07/13","台灣摩根士丹利",330,155,175
"23494","2390云辰","110/07/13","凱基-台北",668,854,-186
"23495","2390云辰","110/07/13","兆豐-公益",126,25,101
"23496","2390云辰","110/07/13","凱基-三重",12,172,-160
"23497","2390云辰","110/07/13","元富-中港",100,2,98
"23498","2390云辰","110/07/13","兆豐-忠孝",4,161,-157
"23499","2390云辰","110/07/13","統一-新台中",106,9,97
"23500","2390云辰","110/07/13","元大-士林",19,170,-151
"23501","2390云辰","110/07/13","中國信託-松江",81,11,70
"23502","2390云辰","110/07/13","臺銀-新竹",14,117,-103
"23503","2390云辰","110/07/13","日盛-板橋",72,3,69
"23504","2390云辰","110/07/13","國票-台中",4,102,-98
"23505","2390云辰","110/07/13","日盛-和美",57,0,57
"23506","2390云辰","110/07/13","新光",147,232,-85
"23507","2390云辰","110/07/13","永豐金-桃園",88,36,52
"23508","2390云辰","110/07/13","致和-崇德",2,70,-68
"23509","2390云辰","110/07/13","玉山-士林",54,4,50
"23510","2390云辰","110/07/13","群益金鼎-屏東",2,70,-68
"23511","2390云辰","110/07/13","富邦-仁愛",56,6,50
"23512","2390云辰","110/07/13","元大-大里",35,98,-63
"23513","2390云辰","110/07/13","第一金-豐原",50,1,49
"23514","2390云辰","110/07/13","元大-萬華",35,94,-59
"23515","2390云辰","110/07/13","摩根大通",502,453,49
"23516","2390云辰","110/07/13","元富-吉利",2,60,-58
"23517","2390云辰","110/07/13","凱基-松山",61,13,48
"23518","2390云辰","110/07/13","兆豐-新竹",3,53,-50
"23519","2390云辰","110/07/13","大昌",64,22,42
"23520","2390云辰","110/07/13","富邦-嘉義",65,108,-43
"23521","2363矽統","110/07/13","凱基-南崁",2133,63,2070
"23522","2363矽統","110/07/13","凱基-幸福",36,4048,-4012
"23523","2363矽統","110/07/13","國泰-敦南",2195,1617,578
"23524","2363矽統","110/07/13","統一",192,3325,-3133
"23525","2363矽統","110/07/13","中農",670,139,531
"23526","2363矽統","110/07/13","新加坡商瑞銀",1000,2747,-1747
"23527","2363矽統","110/07/13","康和-台中",638,154,484
"23528","2363矽統","110/07/13","凱基-台北",5359,6609,-1250
"23529","2363矽統","110/07/13","群益金鼎-三民",577,137,440
"23530","2363矽統","110/07/13","摩根大通",1930,2858,-928
"23531","2363矽統","110/07/13","台新-屏東",510,88,422
"23532","2363矽統","110/07/13","港商野村",960,1679,-719
"23533","2363矽統","110/07/13","德信-中正",455,67,388
"23534","2363矽統","110/07/13","兆豐-復興",25,705,-680
"23535","2363矽統","110/07/13","日盛-竹北",365,70,295
"23536","2363矽統","110/07/13","統一-仁愛",114,755,-641
"23537","2363矽統","110/07/13","元大-佳里",452,189,263
"23538","2363矽統","110/07/13","統一-敦南",29,638,-609
"23539","2363矽統","110/07/13","國票-博愛",296,38,258
"23540","2363矽統","110/07/13","統一-土城",100,704,-604
"23541","2363矽統","110/07/13","元大-萬華",340,95,245
"23542","2363矽統","110/07/13","統一-城中",116,676,-560
"23543","2363矽統","110/07/13","新光",1259,1031,228
"23544","2363矽統","110/07/13","永豐金證券",306,859,-553
"23545","2363矽統","110/07/13","元富-成功",323,96,227
"23546","2363矽統","110/07/13","元富",54,567,-513
"23547","2363矽統","110/07/13","豐農",228,23,205
"23548","2363矽統","110/07/13","瑞士信貸",202,666,-464
"23549","2363矽統","110/07/13","台灣企銀-岡山",186,4,182
"23550","2363矽統","110/07/13","永豐金-嘉義",67,468,-401
"23551","8112至上","110/07/13","摩根大通",688,296,392
"23552","8112至上","110/07/13","國票-中和",0,401,-401
"23553","8112至上","110/07/13","港商野村",344,145,199
"23554","8112至上","110/07/13","永豐金-板盛",0,205,-205
"23555","8112至上","110/07/13","兆豐-公益",195,5,190
"23556","8112至上","110/07/13","凱基-五股",43,155,-112
"23557","8112至上","110/07/13","台灣摩根士丹利",183,0,183
"23558","8112至上","110/07/13","凱基-市政",0,100,-100
"23559","8112至上","110/07/13","群益金鼎-敦南",153,2,151
"23560","8112至上","110/07/13","元大-大里德芳",1,92,-91
"23561","8112至上","110/07/13","臺銀-金山",146,26,120
"23562","8112至上","110/07/13","玉山-桃園",26,110,-84
"23563","8112至上","110/07/13","臺銀",133,19,114
"23564","8112至上","110/07/13","兆豐-天母",0,81,-81
"23565","8112至上","110/07/13","合庫-台中",115,6,109
"23566","8112至上","110/07/13","凱基-城中",3,84,-81
"23567","8112至上","110/07/13","亞東-板橋",134,26,108
"23568","8112至上","110/07/13","日盛-新莊",9,85,-76
"23569","8112至上","110/07/13","凱基-台北",414,326,88
"23570","8112至上","110/07/13","日盛-台中",2,64,-62
"23571","8112至上","110/07/13","新加坡商瑞銀",181,100,81
"23572","8112至上","110/07/13","日盛-中壢",3,64,-61
"23573","8112至上","110/07/13","國泰-敦南",108,31,77
"23574","8112至上","110/07/13","元大-台中",2,59,-57
"23575","8112至上","110/07/13","第一金-華江",77,4,73
"23576","8112至上","110/07/13","元大-雙和",7,64,-57
"23577","8112至上","110/07/13","永豐金-內湖",73,1,72
"23578","8112至上","110/07/13","元大-高雄",8,62,-54
"23579","8112至上","110/07/13","元大-永和",68,1,67
"23580","8112至上","110/07/13","元大-館前",2,55,-53
"23581","4903聯光通","110/07/13","台灣企銀-太平",56,0,56
"23582","4903聯光通","110/07/13","土銀",0,32,-32
"23583","4903聯光通","110/07/13","元富-新興",23,0,23
"23584","4903聯光通","110/07/13","元大-樹林",0,19,-19
"23585","4903聯光通","110/07/13","日盛-樹林",22,0,22
"23586","4903聯光通","110/07/13","凱基-士林",0,17,-17
"23587","4903聯光通","110/07/13","兆豐-天母",20,0,20
"23588","4903聯光通","110/07/13","國票-博愛",0,14,-14
"23589","4903聯光通","110/07/13","華南永昌-桃園",20,0,20
"23590","4903聯光通","110/07/13","元富",0,10,-10
"23591","4903聯光通","110/07/13","富邦-新店",10,0,10
"23592","4903聯光通","110/07/13","新光",0,10,-10
"23593","4903聯光通","110/07/13","新光-台中",5,0,5
"23594","4903聯光通","110/07/13","玉山-南京東路",0,10,-10
"23595","4903聯光通","110/07/13","華南永昌-台中",5,0,5
"23596","4903聯光通","110/07/13","富邦-陽明",0,10,-10
"23597","4903聯光通","110/07/13","元大-崇德",5,0,5
"23598","4903聯光通","110/07/13","元大-大甲",0,8,-8
"23599","4903聯光通","110/07/13","元大-草屯",5,0,5
"23600","4903聯光通","110/07/13","富邦-台中",0,7,-7
"23601","4903聯光通","110/07/13","元富-草屯",4,0,4
"23602","4903聯光通","110/07/13","凱基-中壢",0,6,-6
"23603","4903聯光通","110/07/13","元大-清水",4,0,4
"23604","4903聯光通","110/07/13","臺銀-民權",0,5,-5
"23605","4903聯光通","110/07/13","元大-東泰",4,0,4
"23606","4903聯光通","110/07/13","日盛-板橋",0,5,-5
"23607","4903聯光通","110/07/13","元大-佳里",2,0,2
"23608","4903聯光通","110/07/13","中國信託-忠孝",0,5,-5
"23609","4903聯光通","110/07/13","永豐金-板橋",2,0,2
"23610","4903聯光通","110/07/13","永豐金-鳳山",0,5,-5
"23611","2929淘帝","110/07/13","玉山-新竹",130,0,130
"23612","2929淘帝","110/07/13","美商高盛",0,177,-177
"23613","2929淘帝","110/07/13","臺銀-民權",60,0,60
"23614","2929淘帝","110/07/13","凱基-台北",6,80,-74
"23615","2929淘帝","110/07/13","新百王",31,0,31
"23616","2929淘帝","110/07/13","元富-大裕",0,49,-49
"23617","2929淘帝","110/07/13","日盛-園區",30,0,30
"23618","2929淘帝","110/07/13","國泰-館前",3,51,-48
"23619","2929淘帝","110/07/13","元大-南投",31,1,30
"23620","2929淘帝","110/07/13","凱基-中壢",0,41,-41
"23621","2929淘帝","110/07/13","兆豐-忠孝",28,0,28
"23622","2929淘帝","110/07/13","港商野村",21,55,-34
"23623","2929淘帝","110/07/13","元大-民生",28,0,28
"23624","2929淘帝","110/07/13","華南永昌-南京",2,34,-32
"23625","2929淘帝","110/07/13","合庫-高雄",27,0,27
"23626","2929淘帝","110/07/13","群益金鼎-土城",0,30,-30
"23627","2929淘帝","110/07/13","凱基-豐中",27,0,27
"23628","2929淘帝","110/07/13","富邦-南屯",0,22,-22
"23629","2929淘帝","110/07/13","新光",21,4,17
"23630","2929淘帝","110/07/13","第一金-豐原",0,20,-20
"23631","2929淘帝","110/07/13","元大-天母",17,0,17
"23632","2929淘帝","110/07/13","元大-屏南",6,26,-20
"23633","2929淘帝","110/07/13","永興",14,0,14
"23634","2929淘帝","110/07/13","永豐金-敦南",1,21,-20
"23635","2929淘帝","110/07/13","富邦-台北",12,0,12
"23636","2929淘帝","110/07/13","凱基-三重",2,21,-19
"23637","2929淘帝","110/07/13","元大-永和",12,0,12
"23638","2929淘帝","110/07/13","富邦-仁愛",7,25,-18
"23639","2929淘帝","110/07/13","國票-天祥",11,0,11
"23640","2929淘帝","110/07/13","元大-北投",0,16,-16
"23641","5410國眾","110/07/13","兆豐-城中",274,0,274
"23642","5410國眾","110/07/13","元富-嘉義",0,103,-103
"23643","5410國眾","110/07/13","新光",50,4,46
"23644","5410國眾","110/07/13","凱基-台北",0,50,-50
"23645","5410國眾","110/07/13","國泰-台中",26,0,26
"23646","5410國眾","110/07/13","瑞士信貸",0,31,-31
"23647","5410國眾","110/07/13","新加坡商瑞銀",22,0,22
"23648","5410國眾","110/07/13","台新-新莊",0,27,-27
"23649","5410國眾","110/07/13","光和-嘉義",20,0,20
"23650","5410國眾","110/07/13","元大-汐止",0,20,-20
"23651","5410國眾","110/07/13","凱基-竹北",17,0,17
"23652","5410國眾","110/07/13","亞東-新竹",0,17,-17
"23653","5410國眾","110/07/13","新光-桃園",15,0,15
"23654","5410國眾","110/07/13","元大-南勢角",0,13,-13
"23655","5410國眾","110/07/13","凱基-台東",14,0,14
"23656","5410國眾","110/07/13","台新-台南",0,12,-12
"23657","5410國眾","110/07/13","富邦-竹北",11,0,11
"23658","5410國眾","110/07/13","中國信託",0,11,-11
"23659","5410國眾","110/07/13","元富-同大",10,0,10
"23660","5410國眾","110/07/13","華南永昌",0,11,-11
"23661","5410國眾","110/07/13","國泰-敦南",24,15,9
"23662","5410國眾","110/07/13","臺銀-臺南",0,10,-10
"23663","5410國眾","110/07/13","日盛-內湖",7,0,7
"23664","5410國眾","110/07/13","台灣企銀-民雄",0,10,-10
"23665","5410國眾","110/07/13","台新-左楠",7,0,7
"23666","5410國眾","110/07/13","高橋",0,10,-10
"23667","5410國眾","110/07/13","元大-新盛",18,12,6
"23668","5410國眾","110/07/13","康和-嘉義",0,10,-10
"23669","5410國眾","110/07/13","統一",5,0,5
"23670","5410國眾","110/07/13","凱基-基隆",0,10,-10
"23671","2841台開","110/07/13","中國信託-高雄",251,50,201
"23672","2841台開","110/07/13","兆豐-公益",0,177,-177
"23673","2841台開","110/07/13","日盛證券",210,13,197
"23674","2841台開","110/07/13","日進",0,152,-152
"23675","2841台開","110/07/13","第一金-台中",55,0,55
"23676","2841台開","110/07/13","港商野村",0,109,-109
"23677","2841台開","110/07/13","國泰-板橋",46,0,46
"23678","2841台開","110/07/13","日盛-信義",0,103,-103
"23679","2841台開","110/07/13","國泰-館前",48,3,45
"23680","2841台開","110/07/13","國泰-敦南",11,75,-64
"23681","2841台開","110/07/13","華南永昌-新莊",45,0,45
"23682","2841台開","110/07/13","永興",0,50,-50
"23683","2841台開","110/07/13","日盛-園區",42,0,42
"23684","2841台開","110/07/13","永豐金-敦南",61,104,-43
"23685","2841台開","110/07/13","台新證券",32,0,32
"23686","2841台開","110/07/13","富邦-台南",0,42,-42
"23687","2841台開","110/07/13","台新-高雄",32,2,30
"23688","2841台開","110/07/13","國票-安和",0,30,-30
"23689","2841台開","110/07/13","豐農",23,0,23
"23690","2841台開","110/07/13","元大-桃園",0,25,-25
"23691","2841台開","110/07/13","合庫-嘉義",20,0,20
"23692","2841台開","110/07/13","新光",8,32,-24
"23693","2841台開","110/07/13","華南永昌-高雄",20,0,20
"23694","2841台開","110/07/13","元大-仁愛",0,24,-24
"23695","2841台開","110/07/13","元大-樹林",16,0,16
"23696","2841台開","110/07/13","日盛-中和",0,20,-20
"23697","2841台開","110/07/13","第一金-華江",15,2,13
"23698","2841台開","110/07/13","元富",0,20,-20
"23699","2841台開","110/07/13","美商高盛",12,0,12
"23700","2841台開","110/07/13","富邦-宜蘭",0,20,-20
"23701","6207雷科","110/07/13","元大-高雄",121,0,121
"23702","6207雷科","110/07/13","華南永昌-朴子",1,60,-59
"23703","6207雷科","110/07/13","第一金-新興",20,0,20
"23704","6207雷科","110/07/13","元大-南海",0,36,-36
"23705","6207雷科","110/07/13","元富-三重",20,0,20
"23706","6207雷科","110/07/13","凱基-土城",0,35,-35
"23707","6207雷科","110/07/13","元大-林園",15,0,15
"23708","6207雷科","110/07/13","台灣企銀",0,20,-20
"23709","6207雷科","110/07/13","元大-金華",16,1,15
"23710","6207雷科","110/07/13","群益金鼎-丹鳳",0,20,-20
"23711","6207雷科","110/07/13","日盛證券",10,0,10
"23712","6207雷科","110/07/13","元大-博愛",0,17,-17
"23713","6207雷科","110/07/13","統一-台中",10,0,10
"23714","6207雷科","110/07/13","元大-北港",0,13,-13
"23715","6207雷科","110/07/13","群益金鼎-土城",10,0,10
"23716","6207雷科","110/07/13","新加坡商瑞銀",0,12,-12
"23717","6207雷科","110/07/13","群益金鼎-桃園",10,0,10
"23718","6207雷科","110/07/13","凱基-台北",4,16,-12
"23719","6207雷科","110/07/13","永豐金-新莊",10,0,10
"23720","6207雷科","110/07/13","日茂-埔里",0,11,-11
"23721","6207雷科","110/07/13","永豐金-新店",10,0,10
"23722","6207雷科","110/07/13","元大-莒光",0,11,-11
"23723","6207雷科","110/07/13","元大證券",9,0,9
"23724","6207雷科","110/07/13","統一-新竹",0,10,-10
"23725","6207雷科","110/07/13","日盛-木柵",9,1,8
"23726","6207雷科","110/07/13","元大-西螺",0,10,-10
"23727","6207雷科","110/07/13","兆豐-來福",8,0,8
"23728","6207雷科","110/07/13","康和-台中",0,8,-8
"23729","6207雷科","110/07/13","新光",7,0,7
"23730","6207雷科","110/07/13","兆豐-高雄",0,6,-6
"23731","3679新至陞","110/07/13","永豐金證券",50,0,50
"23732","3679新至陞","110/07/13","摩根大通",2,25,-23
"23733","3679新至陞","110/07/13","國泰-桃園",22,0,22
"23734","3679新至陞","110/07/13","元大-成功",0,22,-22
"23735","3679新至陞","110/07/13","台中銀-員林",11,0,11
"23736","3679新至陞","110/07/13","富邦-板橋",1,19,-18
"23737","3679新至陞","110/07/13","元大-文心興安",8,0,8
"23738","3679新至陞","110/07/13","日盛-新莊",0,10,-10
"23739","3679新至陞","110/07/13","美商高盛",6,0,6
"23740","3679新至陞","110/07/13","台新-台中",0,10,-10
"23741","3679新至陞","110/07/13","台新-高雄",6,0,6
"23742","3679新至陞","110/07/13","永豐金-新竹",0,8,-8
"23743","3679新至陞","110/07/13","凱基-台北",18,12,6
"23744","3679新至陞","110/07/13","瑞士信貸",12,19,-7
"23745","3679新至陞","110/07/13","日盛-復興",5,0,5
"23746","3679新至陞","110/07/13","統一-南京",0,7,-7
"23747","3679新至陞","110/07/13","(牛牛牛)亞-鑫豐",4,0,4
"23748","3679新至陞","110/07/13","凱基-新莊",0,7,-7
"23749","3679新至陞","110/07/13","元富-大昌",3,0,3
"23750","3679新至陞","110/07/13","新加坡商瑞銀",0,6,-6
"23751","3679新至陞","110/07/13","富邦-台北",3,0,3
"23752","3679新至陞","110/07/13","合庫-自強",0,5,-5
"23753","3679新至陞","110/07/13","日盛-樹林",2,0,2
"23754","3679新至陞","110/07/13","富邦-桃園",0,5,-5
"23755","3679新至陞","110/07/13","宏遠-光隆",2,0,2
"23756","3679新至陞","110/07/13","永豐金-潮州",0,4,-4
"23757","3679新至陞","110/07/13","美林",3,1,2
"23758","3679新至陞","110/07/13","臺銀-臺南",0,3,-3
"23759","3679新至陞","110/07/13","第一金-中壢",2,0,2
"23760","3679新至陞","110/07/13","元大-六合",0,3,-3
"23761","2727王品","110/07/13","富邦-台北",43,3,40
"23762","2727王品","110/07/13","台灣摩根士丹利",15,97,-82
"23763","2727王品","110/07/13","元大-基隆孝二",40,0,40
"23764","2727王品","110/07/13","玉山-台南",5,57,-52
"23765","2727王品","110/07/13","國票-新莊",40,1,39
"23766","2727王品","110/07/13","新加坡商瑞銀",0,48,-48
"23767","2727王品","110/07/13","第一金-豐原",66,42,24
"23768","2727王品","110/07/13","凱基-台北",41,77,-36
"23769","2727王品","110/07/13","永豐金-大園",34,10,24
"23770","2727王品","110/07/13","永豐金-永康",0,22,-22
"23771","2727王品","110/07/13","元大-北屯",22,0,22
"23772","2727王品","110/07/13","統一-台中",2,22,-20
"23773","2727王品","110/07/13","元大-東蘆",26,7,19
"23774","2727王品","110/07/13","國泰-台中",21,39,-18
"23775","2727王品","110/07/13","永豐金-萬盛",13,1,12
"23776","2727王品","110/07/13","合庫-彰化",3,20,-17
"23777","2727王品","110/07/13","日盛-嘉義",11,0,11
"23778","2727王品","110/07/13","港商野村",13,30,-17
"23779","2727王品","110/07/13","日盛-八德",11,0,11
"23780","2727王品","110/07/13","元大-楊梅",1,16,-15
"23781","2727王品","110/07/13","統一-竹南",11,0,11
"23782","2727王品","110/07/13","凱基-高美館",2,15,-13
"23783","2727王品","110/07/13","日盛-士林",12,2,10
"23784","2727王品","110/07/13","美商高盛",2,14,-12
"23785","2727王品","110/07/13","統一-敦南",10,0,10
"23786","2727王品","110/07/13","統一-平鎮",1,13,-12
"23787","2727王品","110/07/13","中國信託",15,5,10
"23788","2727王品","110/07/13","兆豐-台中港",4,16,-12
"23789","2727王品","110/07/13","兆豐-竹北",13,3,10
"23790","2727王品","110/07/13","凱基-八德",1,13,-12
"23791","1570力肯","110/07/13","新光",115,11,104
"23792","1570力肯","110/07/13","元大-北三重",0,162,-162
"23793","1570力肯","110/07/13","群益金鼎-高雄",54,0,54
"23794","1570力肯","110/07/13","元大-大灣",0,25,-25
"23795","1570力肯","110/07/13","國票-新莊",22,0,22
"23796","1570力肯","110/07/13","永豐金-苓雅",0,22,-22
"23797","1570力肯","110/07/13","日盛-桃園",12,0,12
"23798","1570力肯","110/07/13","永豐金-永康",0,19,-19
"23799","1570力肯","110/07/13","元大-高雄",12,0,12
"23800","1570力肯","110/07/13","富邦-員林",0,15,-15
"23801","1570力肯","110/07/13","合庫-自強",11,0,11
"23802","1570力肯","110/07/13","凱基-台南",0,11,-11
"23803","1570力肯","110/07/13","摩根大通",26,15,11
"23804","1570力肯","110/07/13","日盛-竹北",0,10,-10
"23805","1570力肯","110/07/13","永豐金-中盛",11,0,11
"23806","1570力肯","110/07/13","國票-九鼎",0,10,-10
"23807","1570力肯","110/07/13","兆豐-台中港",10,0,10
"23808","1570力肯","110/07/13","凱基-桃園",0,10,-10
"23809","1570力肯","110/07/13","國泰-松江",9,0,9
"23810","1570力肯","110/07/13","凱基-新豐",0,10,-10
"23811","1570力肯","110/07/13","元大-新盛",9,0,9
"23812","1570力肯","110/07/13","元大-學甲",0,10,-10
"23813","1570力肯","110/07/13","元富-緯城",6,0,6
"23814","1570力肯","110/07/13","群益金鼎-東湖",1,10,-9
"23815","1570力肯","110/07/13","統一-三重",5,0,5
"23816","1570力肯","110/07/13","大昌",0,6,-6
"23817","1570力肯","110/07/13","元大-前金",5,0,5
"23818","1570力肯","110/07/13","元大-土城學府",0,6,-6
"23819","1570力肯","110/07/13","永豐金證券",5,0,5
"23820","1570力肯","110/07/13","統一",0,5,-5
"23821","6180橘子","110/07/13","摩根大通",119,0,119
"23822","6180橘子","110/07/13","元大-崇德",2,61,-59
"23823","6180橘子","110/07/13","美商高盛",96,0,96
"23824","6180橘子","110/07/13","康和-台中",0,51,-51
"23825","6180橘子","110/07/13","新加坡商瑞銀",86,7,79
"23826","6180橘子","110/07/13","康和-台北",0,50,-50
"23827","6180橘子","110/07/13","元大-和平",40,0,40
"23828","6180橘子","110/07/13","元富-潮州",0,40,-40
"23829","6180橘子","110/07/13","凱基-台北",83,47,36
"23830","6180橘子","110/07/13","日盛-永康",0,26,-26
"23831","6180橘子","110/07/13","美林",39,5,34
"23832","6180橘子","110/07/13","永豐金-中正",0,24,-24
"23833","6180橘子","110/07/13","富邦-新竹華信",31,2,29
"23834","6180橘子","110/07/13","國泰-板橋",2,25,-23
"23835","6180橘子","110/07/13","統一-南京",21,0,21
"23836","6180橘子","110/07/13","日盛-大墩",0,20,-20
"23837","6180橘子","110/07/13","富邦-陽明",24,3,21
"23838","6180橘子","110/07/13","元大-草屯",13,32,-19
"23839","6180橘子","110/07/13","大昌-樹林",21,1,20
"23840","6180橘子","110/07/13","元富-林園",1,18,-17
"23841","6180橘子","110/07/13","花旗環球",19,0,19
"23842","6180橘子","110/07/13","新光-新竹",1,18,-17
"23843","6180橘子","110/07/13","華南永昌-台南",19,0,19
"23844","6180橘子","110/07/13","元大-土城永寧",0,17,-17
"23845","6180橘子","110/07/13","福勝",14,0,14
"23846","6180橘子","110/07/13","國泰-新莊",3,19,-16
"23847","6180橘子","110/07/13","富邦-嘉義",12,1,11
"23848","6180橘子","110/07/13","中國信託-永康",6,21,-15
"23849","6180橘子","110/07/13","元大-板橋三民",11,0,11
"23850","6180橘子","110/07/13","凱基-東港",1,15,-14
"23851","2390云辰","110/07/13","新加坡商瑞銀",562,75,487
"23852","2390云辰","110/07/13","大展-台南",0,532,-532
"23853","2390云辰","110/07/13","台灣摩根士丹利",330,155,175
"23854","2390云辰","110/07/13","凱基-台北",668,854,-186
"23855","2390云辰","110/07/13","兆豐-公益",126,25,101
"23856","2390云辰","110/07/13","凱基-三重",12,172,-160
"23857","2390云辰","110/07/13","元富-中港",100,2,98
"23858","2390云辰","110/07/13","兆豐-忠孝",4,161,-157
"23859","2390云辰","110/07/13","統一-新台中",106,9,97
"23860","2390云辰","110/07/13","元大-士林",19,170,-151
"23861","2390云辰","110/07/13","中國信託-松江",81,11,70
"23862","2390云辰","110/07/13","臺銀-新竹",14,117,-103
"23863","2390云辰","110/07/13","日盛-板橋",72,3,69
"23864","2390云辰","110/07/13","國票-台中",4,102,-98
"23865","2390云辰","110/07/13","日盛-和美",57,0,57
"23866","2390云辰","110/07/13","新光",147,232,-85
"23867","2390云辰","110/07/13","永豐金-桃園",88,36,52
"23868","2390云辰","110/07/13","致和-崇德",2,70,-68
"23869","2390云辰","110/07/13","玉山-士林",54,4,50
"23870","2390云辰","110/07/13","群益金鼎-屏東",2,70,-68
"23871","2390云辰","110/07/13","富邦-仁愛",56,6,50
"23872","2390云辰","110/07/13","元大-大里",35,98,-63
"23873","2390云辰","110/07/13","第一金-豐原",50,1,49
"23874","2390云辰","110/07/13","元大-萬華",35,94,-59
"23875","2390云辰","110/07/13","摩根大通",502,453,49
"23876","2390云辰","110/07/13","元富-吉利",2,60,-58
"23877","2390云辰","110/07/13","凱基-松山",61,13,48
"23878","2390云辰","110/07/13","兆豐-新竹",3,53,-50
"23879","2390云辰","110/07/13","大昌",64,22,42
"23880","2390云辰","110/07/13","富邦-嘉義",65,108,-43
"23881","2363矽統","110/07/13","凱基-南崁",2133,63,2070
"23882","2363矽統","110/07/13","凱基-幸福",36,4048,-4012
"23883","2363矽統","110/07/13","國泰-敦南",2195,1617,578
"23884","2363矽統","110/07/13","統一",192,3325,-3133
"23885","2363矽統","110/07/13","中農",670,139,531
"23886","2363矽統","110/07/13","新加坡商瑞銀",1000,2747,-1747
"23887","2363矽統","110/07/13","康和-台中",638,154,484
"23888","2363矽統","110/07/13","凱基-台北",5359,6609,-1250
"23889","2363矽統","110/07/13","群益金鼎-三民",577,137,440
"23890","2363矽統","110/07/13","摩根大通",1930,2858,-928
"23891","2363矽統","110/07/13","台新-屏東",510,88,422
"23892","2363矽統","110/07/13","港商野村",960,1679,-719
"23893","2363矽統","110/07/13","德信-中正",455,67,388
"23894","2363矽統","110/07/13","兆豐-復興",25,705,-680
"23895","2363矽統","110/07/13","日盛-竹北",365,70,295
"23896","2363矽統","110/07/13","統一-仁愛",114,755,-641
"23897","2363矽統","110/07/13","元大-佳里",452,189,263
"23898","2363矽統","110/07/13","統一-敦南",29,638,-609
"23899","2363矽統","110/07/13","國票-博愛",296,38,258
"23900","2363矽統","110/07/13","統一-土城",100,704,-604
"23901","2363矽統","110/07/13","元大-萬華",340,95,245
"23902","2363矽統","110/07/13","統一-城中",116,676,-560
"23903","2363矽統","110/07/13","新光",1259,1031,228
"23904","2363矽統","110/07/13","永豐金證券",306,859,-553
"23905","2363矽統","110/07/13","元富-成功",323,96,227
"23906","2363矽統","110/07/13","元富",54,567,-513
"23907","2363矽統","110/07/13","豐農",228,23,205
"23908","2363矽統","110/07/13","瑞士信貸",202,666,-464
"23909","2363矽統","110/07/13","台灣企銀-岡山",186,4,182
"23910","2363矽統","110/07/13","永豐金-嘉義",67,468,-401
"23911","8112至上","110/07/13","摩根大通",688,296,392
"23912","8112至上","110/07/13","國票-中和",0,401,-401
"23913","8112至上","110/07/13","港商野村",344,145,199
"23914","8112至上","110/07/13","永豐金-板盛",0,205,-205
"23915","8112至上","110/07/13","兆豐-公益",195,5,190
"23916","8112至上","110/07/13","凱基-五股",43,155,-112
"23917","8112至上","110/07/13","台灣摩根士丹利",183,0,183
"23918","8112至上","110/07/13","凱基-市政",0,100,-100
"23919","8112至上","110/07/13","群益金鼎-敦南",153,2,151
"23920","8112至上","110/07/13","元大-大里德芳",1,92,-91
"23921","8112至上","110/07/13","臺銀-金山",146,26,120
"23922","8112至上","110/07/13","玉山-桃園",26,110,-84
"23923","8112至上","110/07/13","臺銀",133,19,114
"23924","8112至上","110/07/13","兆豐-天母",0,81,-81
"23925","8112至上","110/07/13","合庫-台中",115,6,109
"23926","8112至上","110/07/13","凱基-城中",3,84,-81
"23927","8112至上","110/07/13","亞東-板橋",134,26,108
"23928","8112至上","110/07/13","日盛-新莊",9,85,-76
"23929","8112至上","110/07/13","凱基-台北",414,326,88
"23930","8112至上","110/07/13","日盛-台中",2,64,-62
"23931","8112至上","110/07/13","新加坡商瑞銀",181,100,81
"23932","8112至上","110/07/13","日盛-中壢",3,64,-61
"23933","8112至上","110/07/13","國泰-敦南",108,31,77
"23934","8112至上","110/07/13","元大-台中",2,59,-57
"23935","8112至上","110/07/13","第一金-華江",77,4,73
"23936","8112至上","110/07/13","元大-雙和",7,64,-57
"23937","8112至上","110/07/13","永豐金-內湖",73,1,72
"23938","8112至上","110/07/13","元大-高雄",8,62,-54
"23939","8112至上","110/07/13","元大-永和",68,1,67
"23940","8112至上","110/07/13","元大-館前",2,55,-53
"23941","4903聯光通","110/07/13","台灣企銀-太平",56,0,56
"23942","4903聯光通","110/07/13","土銀",0,32,-32
"23943","4903聯光通","110/07/13","元富-新興",23,0,23
"23944","4903聯光通","110/07/13","元大-樹林",0,19,-19
"23945","4903聯光通","110/07/13","日盛-樹林",22,0,22
"23946","4903聯光通","110/07/13","凱基-士林",0,17,-17
"23947","4903聯光通","110/07/13","兆豐-天母",20,0,20
"23948","4903聯光通","110/07/13","國票-博愛",0,14,-14
"23949","4903聯光通","110/07/13","華南永昌-桃園",20,0,20
"23950","4903聯光通","110/07/13","元富",0,10,-10
"23951","4903聯光通","110/07/13","富邦-新店",10,0,10
"23952","4903聯光通","110/07/13","新光",0,10,-10
"23953","4903聯光通","110/07/13","新光-台中",5,0,5
"23954","4903聯光通","110/07/13","玉山-南京東路",0,10,-10
"23955","4903聯光通","110/07/13","華南永昌-台中",5,0,5
"23956","4903聯光通","110/07/13","富邦-陽明",0,10,-10
"23957","4903聯光通","110/07/13","元大-崇德",5,0,5
"23958","4903聯光通","110/07/13","元大-大甲",0,8,-8
"23959","4903聯光通","110/07/13","元大-草屯",5,0,5
"23960","4903聯光通","110/07/13","富邦-台中",0,7,-7
"23961","4903聯光通","110/07/13","元富-草屯",4,0,4
"23962","4903聯光通","110/07/13","凱基-中壢",0,6,-6
"23963","4903聯光通","110/07/13","元大-清水",4,0,4
"23964","4903聯光通","110/07/13","臺銀-民權",0,5,-5
"23965","4903聯光通","110/07/13","元大-東泰",4,0,4
"23966","4903聯光通","110/07/13","日盛-板橋",0,5,-5
"23967","4903聯光通","110/07/13","元大-佳里",2,0,2
"23968","4903聯光通","110/07/13","中國信託-忠孝",0,5,-5
"23969","4903聯光通","110/07/13","永豐金-板橋",2,0,2
"23970","4903聯光通","110/07/13","永豐金-鳳山",0,5,-5
"23971","2929淘帝","110/07/13","玉山-新竹",130,0,130
"23972","2929淘帝","110/07/13","美商高盛",0,177,-177
"23973","2929淘帝","110/07/13","臺銀-民權",60,0,60
"23974","2929淘帝","110/07/13","凱基-台北",6,80,-74
"23975","2929淘帝","110/07/13","新百王",31,0,31
"23976","2929淘帝","110/07/13","元富-大裕",0,49,-49
"23977","2929淘帝","110/07/13","日盛-園區",30,0,30
"23978","2929淘帝","110/07/13","國泰-館前",3,51,-48
"23979","2929淘帝","110/07/13","元大-南投",31,1,30
"23980","2929淘帝","110/07/13","凱基-中壢",0,41,-41
"23981","2929淘帝","110/07/13","兆豐-忠孝",28,0,28
"23982","2929淘帝","110/07/13","港商野村",21,55,-34
"23983","2929淘帝","110/07/13","元大-民生",28,0,28
"23984","2929淘帝","110/07/13","華南永昌-南京",2,34,-32
"23985","2929淘帝","110/07/13","合庫-高雄",27,0,27
"23986","2929淘帝","110/07/13","群益金鼎-土城",0,30,-30
"23987","2929淘帝","110/07/13","凱基-豐中",27,0,27
"23988","2929淘帝","110/07/13","富邦-南屯",0,22,-22
"23989","2929淘帝","110/07/13","新光",21,4,17
"23990","2929淘帝","110/07/13","第一金-豐原",0,20,-20
"23991","2929淘帝","110/07/13","元大-天母",17,0,17
"23992","2929淘帝","110/07/13","元大-屏南",6,26,-20
"23993","2929淘帝","110/07/13","永興",14,0,14
"23994","2929淘帝","110/07/13","永豐金-敦南",1,21,-20
"23995","2929淘帝","110/07/13","富邦-台北",12,0,12
"23996","2929淘帝","110/07/13","凱基-三重",2,21,-19
"23997","2929淘帝","110/07/13","元大-永和",12,0,12
"23998","2929淘帝","110/07/13","富邦-仁愛",7,25,-18
"23999","2929淘帝","110/07/13","國票-天祥",11,0,11
"24000","2929淘帝","110/07/13","元大-北投",0,16,-16
"24001","5410國眾","110/07/13","兆豐-城中",274,0,274
"24002","5410國眾","110/07/13","元富-嘉義",0,103,-103
"24003","5410國眾","110/07/13","新光",50,4,46
"24004","5410國眾","110/07/13","凱基-台北",0,50,-50
"24005","5410國眾","110/07/13","國泰-台中",26,0,26
"24006","5410國眾","110/07/13","瑞士信貸",0,31,-31
"24007","5410國眾","110/07/13","新加坡商瑞銀",22,0,22
"24008","5410國眾","110/07/13","台新-新莊",0,27,-27
"24009","5410國眾","110/07/13","光和-嘉義",20,0,20
"24010","5410國眾","110/07/13","元大-汐止",0,20,-20
"24011","5410國眾","110/07/13","凱基-竹北",17,0,17
"24012","5410國眾","110/07/13","亞東-新竹",0,17,-17
"24013","5410國眾","110/07/13","新光-桃園",15,0,15
"24014","5410國眾","110/07/13","元大-南勢角",0,13,-13
"24015","5410國眾","110/07/13","凱基-台東",14,0,14
"24016","5410國眾","110/07/13","台新-台南",0,12,-12
"24017","5410國眾","110/07/13","富邦-竹北",11,0,11
"24018","5410國眾","110/07/13","中國信託",0,11,-11
"24019","5410國眾","110/07/13","元富-同大",10,0,10
"24020","5410國眾","110/07/13","華南永昌",0,11,-11
"24021","5410國眾","110/07/13","國泰-敦南",24,15,9
"24022","5410國眾","110/07/13","臺銀-臺南",0,10,-10
"24023","5410國眾","110/07/13","日盛-內湖",7,0,7
"24024","5410國眾","110/07/13","台灣企銀-民雄",0,10,-10
"24025","5410國眾","110/07/13","台新-左楠",7,0,7
"24026","5410國眾","110/07/13","高橋",0,10,-10
"24027","5410國眾","110/07/13","元大-新盛",18,12,6
"24028","5410國眾","110/07/13","康和-嘉義",0,10,-10
"24029","5410國眾","110/07/13","統一",5,0,5
"24030","5410國眾","110/07/13","凱基-基隆",0,10,-10
"24031","2841台開","110/07/13","中國信託-高雄",251,50,201
"24032","2841台開","110/07/13","兆豐-公益",0,177,-177
"24033","2841台開","110/07/13","日盛證券",210,13,197
"24034","2841台開","110/07/13","日進",0,152,-152
"24035","2841台開","110/07/13","第一金-台中",55,0,55
"24036","2841台開","110/07/13","港商野村",0,109,-109
"24037","2841台開","110/07/13","國泰-板橋",46,0,46
"24038","2841台開","110/07/13","日盛-信義",0,103,-103
"24039","2841台開","110/07/13","國泰-館前",48,3,45
"24040","2841台開","110/07/13","國泰-敦南",11,75,-64
"24041","2841台開","110/07/13","華南永昌-新莊",45,0,45
"24042","2841台開","110/07/13","永興",0,50,-50
"24043","2841台開","110/07/13","日盛-園區",42,0,42
"24044","2841台開","110/07/13","永豐金-敦南",61,104,-43
"24045","2841台開","110/07/13","台新證券",32,0,32
"24046","2841台開","110/07/13","富邦-台南",0,42,-42
"24047","2841台開","110/07/13","台新-高雄",32,2,30
"24048","2841台開","110/07/13","國票-安和",0,30,-30
"24049","2841台開","110/07/13","豐農",23,0,23
"24050","2841台開","110/07/13","元大-桃園",0,25,-25
"24051","2841台開","110/07/13","合庫-嘉義",20,0,20
"24052","2841台開","110/07/13","新光",8,32,-24
"24053","2841台開","110/07/13","華南永昌-高雄",20,0,20
"24054","2841台開","110/07/13","元大-仁愛",0,24,-24
"24055","2841台開","110/07/13","元大-樹林",16,0,16
"24056","2841台開","110/07/13","日盛-中和",0,20,-20
"24057","2841台開","110/07/13","第一金-華江",15,2,13
"24058","2841台開","110/07/13","元富",0,20,-20
"24059","2841台開","110/07/13","美商高盛",12,0,12
"24060","2841台開","110/07/13","富邦-宜蘭",0,20,-20
"24061","6207雷科","110/07/13","元大-高雄",121,0,121
"24062","6207雷科","110/07/13","華南永昌-朴子",1,60,-59
"24063","6207雷科","110/07/13","第一金-新興",20,0,20
"24064","6207雷科","110/07/13","元大-南海",0,36,-36
"24065","6207雷科","110/07/13","元富-三重",20,0,20
"24066","6207雷科","110/07/13","凱基-土城",0,35,-35
"24067","6207雷科","110/07/13","元大-林園",15,0,15
"24068","6207雷科","110/07/13","台灣企銀",0,20,-20
"24069","6207雷科","110/07/13","元大-金華",16,1,15
"24070","6207雷科","110/07/13","群益金鼎-丹鳳",0,20,-20
"24071","6207雷科","110/07/13","日盛證券",10,0,10
"24072","6207雷科","110/07/13","元大-博愛",0,17,-17
"24073","6207雷科","110/07/13","統一-台中",10,0,10
"24074","6207雷科","110/07/13","元大-北港",0,13,-13
"24075","6207雷科","110/07/13","群益金鼎-土城",10,0,10
"24076","6207雷科","110/07/13","新加坡商瑞銀",0,12,-12
"24077","6207雷科","110/07/13","群益金鼎-桃園",10,0,10
"24078","6207雷科","110/07/13","凱基-台北",4,16,-12
"24079","6207雷科","110/07/13","永豐金-新莊",10,0,10
"24080","6207雷科","110/07/13","日茂-埔里",0,11,-11
"24081","6207雷科","110/07/13","永豐金-新店",10,0,10
"24082","6207雷科","110/07/13","元大-莒光",0,11,-11
"24083","6207雷科","110/07/13","元大證券",9,0,9
"24084","6207雷科","110/07/13","統一-新竹",0,10,-10
"24085","6207雷科","110/07/13","日盛-木柵",9,1,8
"24086","6207雷科","110/07/13","元大-西螺",0,10,-10
"24087","6207雷科","110/07/13","兆豐-來福",8,0,8
"24088","6207雷科","110/07/13","康和-台中",0,8,-8
"24089","6207雷科","110/07/13","新光",7,0,7
"24090","6207雷科","110/07/13","兆豐-高雄",0,6,-6
"24091","3679新至陞","110/07/13","永豐金證券",50,0,50
"24092","3679新至陞","110/07/13","摩根大通",2,25,-23
"24093","3679新至陞","110/07/13","國泰-桃園",22,0,22
"24094","3679新至陞","110/07/13","元大-成功",0,22,-22
"24095","3679新至陞","110/07/13","台中銀-員林",11,0,11
"24096","3679新至陞","110/07/13","富邦-板橋",1,19,-18
"24097","3679新至陞","110/07/13","元大-文心興安",8,0,8
"24098","3679新至陞","110/07/13","日盛-新莊",0,10,-10
"24099","3679新至陞","110/07/13","美商高盛",6,0,6
"24100","3679新至陞","110/07/13","台新-台中",0,10,-10
"24101","3679新至陞","110/07/13","台新-高雄",6,0,6
"24102","3679新至陞","110/07/13","永豐金-新竹",0,8,-8
"24103","3679新至陞","110/07/13","凱基-台北",18,12,6
"24104","3679新至陞","110/07/13","瑞士信貸",12,19,-7
"24105","3679新至陞","110/07/13","日盛-復興",5,0,5
"24106","3679新至陞","110/07/13","統一-南京",0,7,-7
"24107","3679新至陞","110/07/13","(牛牛牛)亞-鑫豐",4,0,4
"24108","3679新至陞","110/07/13","凱基-新莊",0,7,-7
"24109","3679新至陞","110/07/13","元富-大昌",3,0,3
"24110","3679新至陞","110/07/13","新加坡商瑞銀",0,6,-6
"24111","3679新至陞","110/07/13","富邦-台北",3,0,3
"24112","3679新至陞","110/07/13","合庫-自強",0,5,-5
"24113","3679新至陞","110/07/13","日盛-樹林",2,0,2
"24114","3679新至陞","110/07/13","富邦-桃園",0,5,-5
"24115","3679新至陞","110/07/13","宏遠-光隆",2,0,2
"24116","3679新至陞","110/07/13","永豐金-潮州",0,4,-4
"24117","3679新至陞","110/07/13","美林",3,1,2
"24118","3679新至陞","110/07/13","臺銀-臺南",0,3,-3
"24119","3679新至陞","110/07/13","第一金-中壢",2,0,2
"24120","3679新至陞","110/07/13","元大-六合",0,3,-3
"24121","2727王品","110/07/13","富邦-台北",43,3,40
"24122","2727王品","110/07/13","台灣摩根士丹利",15,97,-82
"24123","2727王品","110/07/13","元大-基隆孝二",40,0,40
"24124","2727王品","110/07/13","玉山-台南",5,57,-52
"24125","2727王品","110/07/13","國票-新莊",40,1,39
"24126","2727王品","110/07/13","新加坡商瑞銀",0,48,-48
"24127","2727王品","110/07/13","第一金-豐原",66,42,24
"24128","2727王品","110/07/13","凱基-台北",41,77,-36
"24129","2727王品","110/07/13","永豐金-大園",34,10,24
"24130","2727王品","110/07/13","永豐金-永康",0,22,-22
"24131","2727王品","110/07/13","元大-北屯",22,0,22
"24132","2727王品","110/07/13","統一-台中",2,22,-20
"24133","2727王品","110/07/13","元大-東蘆",26,7,19
"24134","2727王品","110/07/13","國泰-台中",21,39,-18
"24135","2727王品","110/07/13","永豐金-萬盛",13,1,12
"24136","2727王品","110/07/13","合庫-彰化",3,20,-17
"24137","2727王品","110/07/13","日盛-嘉義",11,0,11
"24138","2727王品","110/07/13","港商野村",13,30,-17
"24139","2727王品","110/07/13","日盛-八德",11,0,11
"24140","2727王品","110/07/13","元大-楊梅",1,16,-15
"24141","2727王品","110/07/13","統一-竹南",11,0,11
"24142","2727王品","110/07/13","凱基-高美館",2,15,-13
"24143","2727王品","110/07/13","日盛-士林",12,2,10
"24144","2727王品","110/07/13","美商高盛",2,14,-12
"24145","2727王品","110/07/13","統一-敦南",10,0,10
"24146","2727王品","110/07/13","統一-平鎮",1,13,-12
"24147","2727王品","110/07/13","中國信託",15,5,10
"24148","2727王品","110/07/13","兆豐-台中港",4,16,-12
"24149","2727王品","110/07/13","兆豐-竹北",13,3,10
"24150","2727王品","110/07/13","凱基-八德",1,13,-12
"24151","1570力肯","110/07/13","新光",115,11,104
"24152","1570力肯","110/07/13","元大-北三重",0,162,-162
"24153","1570力肯","110/07/13","群益金鼎-高雄",54,0,54
"24154","1570力肯","110/07/13","元大-大灣",0,25,-25
"24155","1570力肯","110/07/13","國票-新莊",22,0,22
"24156","1570力肯","110/07/13","永豐金-苓雅",0,22,-22
"24157","1570力肯","110/07/13","日盛-桃園",12,0,12
"24158","1570力肯","110/07/13","永豐金-永康",0,19,-19
"24159","1570力肯","110/07/13","元大-高雄",12,0,12
"24160","1570力肯","110/07/13","富邦-員林",0,15,-15
"24161","1570力肯","110/07/13","合庫-自強",11,0,11
"24162","1570力肯","110/07/13","凱基-台南",0,11,-11
"24163","1570力肯","110/07/13","摩根大通",26,15,11
"24164","1570力肯","110/07/13","日盛-竹北",0,10,-10
"24165","1570力肯","110/07/13","永豐金-中盛",11,0,11
"24166","1570力肯","110/07/13","國票-九鼎",0,10,-10
"24167","1570力肯","110/07/13","兆豐-台中港",10,0,10
"24168","1570力肯","110/07/13","凱基-桃園",0,10,-10
"24169","1570力肯","110/07/13","國泰-松江",9,0,9
"24170","1570力肯","110/07/13","凱基-新豐",0,10,-10
"24171","1570力肯","110/07/13","元大-新盛",9,0,9
"24172","1570力肯","110/07/13","元大-學甲",0,10,-10
"24173","1570力肯","110/07/13","元富-緯城",6,0,6
"24174","1570力肯","110/07/13","群益金鼎-東湖",1,10,-9
"24175","1570力肯","110/07/13","統一-三重",5,0,5
"24176","1570力肯","110/07/13","大昌",0,6,-6
"24177","1570力肯","110/07/13","元大-前金",5,0,5
"24178","1570力肯","110/07/13","元大-土城學府",0,6,-6
"24179","1570力肯","110/07/13","永豐金證券",5,0,5
"24180","1570力肯","110/07/13","統一",0,5,-5
"24181","6180橘子","110/07/13","摩根大通",119,0,119
"24182","6180橘子","110/07/13","元大-崇德",2,61,-59
"24183","6180橘子","110/07/13","美商高盛",96,0,96
"24184","6180橘子","110/07/13","康和-台中",0,51,-51
"24185","6180橘子","110/07/13","新加坡商瑞銀",86,7,79
"24186","6180橘子","110/07/13","康和-台北",0,50,-50
"24187","6180橘子","110/07/13","元大-和平",40,0,40
"24188","6180橘子","110/07/13","元富-潮州",0,40,-40
"24189","6180橘子","110/07/13","凱基-台北",83,47,36
"24190","6180橘子","110/07/13","日盛-永康",0,26,-26
"24191","6180橘子","110/07/13","美林",39,5,34
"24192","6180橘子","110/07/13","永豐金-中正",0,24,-24
"24193","6180橘子","110/07/13","富邦-新竹華信",31,2,29
"24194","6180橘子","110/07/13","國泰-板橋",2,25,-23
"24195","6180橘子","110/07/13","統一-南京",21,0,21
"24196","6180橘子","110/07/13","日盛-大墩",0,20,-20
"24197","6180橘子","110/07/13","富邦-陽明",24,3,21
"24198","6180橘子","110/07/13","元大-草屯",13,32,-19
"24199","6180橘子","110/07/13","大昌-樹林",21,1,20
"24200","6180橘子","110/07/13","元富-林園",1,18,-17
"24201","6180橘子","110/07/13","花旗環球",19,0,19
"24202","6180橘子","110/07/13","新光-新竹",1,18,-17
"24203","6180橘子","110/07/13","華南永昌-台南",19,0,19
"24204","6180橘子","110/07/13","元大-土城永寧",0,17,-17
"24205","6180橘子","110/07/13","福勝",14,0,14
"24206","6180橘子","110/07/13","國泰-新莊",3,19,-16
"24207","6180橘子","110/07/13","富邦-嘉義",12,1,11
"24208","6180橘子","110/07/13","中國信託-永康",6,21,-15
"24209","6180橘子","110/07/13","元大-板橋三民",11,0,11
"24210","6180橘子","110/07/13","凱基-東港",1,15,-14
"24211","2390云辰","110/07/13","新加坡商瑞銀",562,75,487
"24212","2390云辰","110/07/13","大展-台南",0,532,-532
"24213","2390云辰","110/07/13","台灣摩根士丹利",330,155,175
"24214","2390云辰","110/07/13","凱基-台北",668,854,-186
"24215","2390云辰","110/07/13","兆豐-公益",126,25,101
"24216","2390云辰","110/07/13","凱基-三重",12,172,-160
"24217","2390云辰","110/07/13","元富-中港",100,2,98
"24218","2390云辰","110/07/13","兆豐-忠孝",4,161,-157
"24219","2390云辰","110/07/13","統一-新台中",106,9,97
"24220","2390云辰","110/07/13","元大-士林",19,170,-151
"24221","2390云辰","110/07/13","中國信託-松江",81,11,70
"24222","2390云辰","110/07/13","臺銀-新竹",14,117,-103
"24223","2390云辰","110/07/13","日盛-板橋",72,3,69
"24224","2390云辰","110/07/13","國票-台中",4,102,-98
"24225","2390云辰","110/07/13","日盛-和美",57,0,57
"24226","2390云辰","110/07/13","新光",147,232,-85
"24227","2390云辰","110/07/13","永豐金-桃園",88,36,52
"24228","2390云辰","110/07/13","致和-崇德",2,70,-68
"24229","2390云辰","110/07/13","玉山-士林",54,4,50
"24230","2390云辰","110/07/13","群益金鼎-屏東",2,70,-68
"24231","2390云辰","110/07/13","富邦-仁愛",56,6,50
"24232","2390云辰","110/07/13","元大-大里",35,98,-63
"24233","2390云辰","110/07/13","第一金-豐原",50,1,49
"24234","2390云辰","110/07/13","元大-萬華",35,94,-59
"24235","2390云辰","110/07/13","摩根大通",502,453,49
"24236","2390云辰","110/07/13","元富-吉利",2,60,-58
"24237","2390云辰","110/07/13","凱基-松山",61,13,48
"24238","2390云辰","110/07/13","兆豐-新竹",3,53,-50
"24239","2390云辰","110/07/13","大昌",64,22,42
"24240","2390云辰","110/07/13","富邦-嘉義",65,108,-43
"24241","2363矽統","110/07/13","凱基-南崁",2133,63,2070
"24242","2363矽統","110/07/13","凱基-幸福",36,4048,-4012
"24243","2363矽統","110/07/13","國泰-敦南",2195,1617,578
"24244","2363矽統","110/07/13","統一",192,3325,-3133
"24245","2363矽統","110/07/13","中農",670,139,531
"24246","2363矽統","110/07/13","新加坡商瑞銀",1000,2747,-1747
"24247","2363矽統","110/07/13","康和-台中",638,154,484
"24248","2363矽統","110/07/13","凱基-台北",5359,6609,-1250
"24249","2363矽統","110/07/13","群益金鼎-三民",577,137,440
"24250","2363矽統","110/07/13","摩根大通",1930,2858,-928
"24251","2363矽統","110/07/13","台新-屏東",510,88,422
"24252","2363矽統","110/07/13","港商野村",960,1679,-719
"24253","2363矽統","110/07/13","德信-中正",455,67,388
"24254","2363矽統","110/07/13","兆豐-復興",25,705,-680
"24255","2363矽統","110/07/13","日盛-竹北",365,70,295
"24256","2363矽統","110/07/13","統一-仁愛",114,755,-641
"24257","2363矽統","110/07/13","元大-佳里",452,189,263
"24258","2363矽統","110/07/13","統一-敦南",29,638,-609
"24259","2363矽統","110/07/13","國票-博愛",296,38,258
"24260","2363矽統","110/07/13","統一-土城",100,704,-604
"24261","2363矽統","110/07/13","元大-萬華",340,95,245
"24262","2363矽統","110/07/13","統一-城中",116,676,-560
"24263","2363矽統","110/07/13","新光",1259,1031,228
"24264","2363矽統","110/07/13","永豐金證券",306,859,-553
"24265","2363矽統","110/07/13","元富-成功",323,96,227
"24266","2363矽統","110/07/13","元富",54,567,-513
"24267","2363矽統","110/07/13","豐農",228,23,205
"24268","2363矽統","110/07/13","瑞士信貸",202,666,-464
"24269","2363矽統","110/07/13","台灣企銀-岡山",186,4,182
"24270","2363矽統","110/07/13","永豐金-嘉義",67,468,-401
"24271","8112至上","110/07/13","摩根大通",688,296,392
"24272","8112至上","110/07/13","國票-中和",0,401,-401
"24273","8112至上","110/07/13","港商野村",344,145,199
"24274","8112至上","110/07/13","永豐金-板盛",0,205,-205
"24275","8112至上","110/07/13","兆豐-公益",195,5,190
"24276","8112至上","110/07/13","凱基-五股",43,155,-112
"24277","8112至上","110/07/13","台灣摩根士丹利",183,0,183
"24278","8112至上","110/07/13","凱基-市政",0,100,-100
"24279","8112至上","110/07/13","群益金鼎-敦南",153,2,151
"24280","8112至上","110/07/13","元大-大里德芳",1,92,-91
"24281","8112至上","110/07/13","臺銀-金山",146,26,120
"24282","8112至上","110/07/13","玉山-桃園",26,110,-84
"24283","8112至上","110/07/13","臺銀",133,19,114
"24284","8112至上","110/07/13","兆豐-天母",0,81,-81
"24285","8112至上","110/07/13","合庫-台中",115,6,109
"24286","8112至上","110/07/13","凱基-城中",3,84,-81
"24287","8112至上","110/07/13","亞東-板橋",134,26,108
"24288","8112至上","110/07/13","日盛-新莊",9,85,-76
"24289","8112至上","110/07/13","凱基-台北",414,326,88
"24290","8112至上","110/07/13","日盛-台中",2,64,-62
"24291","8112至上","110/07/13","新加坡商瑞銀",181,100,81
"24292","8112至上","110/07/13","日盛-中壢",3,64,-61
"24293","8112至上","110/07/13","國泰-敦南",108,31,77
"24294","8112至上","110/07/13","元大-台中",2,59,-57
"24295","8112至上","110/07/13","第一金-華江",77,4,73
"24296","8112至上","110/07/13","元大-雙和",7,64,-57
"24297","8112至上","110/07/13","永豐金-內湖",73,1,72
"24298","8112至上","110/07/13","元大-高雄",8,62,-54
"24299","8112至上","110/07/13","元大-永和",68,1,67
"24300","8112至上","110/07/13","元大-館前",2,55,-53
"24301","4903聯光通","110/07/13","台灣企銀-太平",56,0,56
"24302","4903聯光通","110/07/13","土銀",0,32,-32
"24303","4903聯光通","110/07/13","元富-新興",23,0,23
"24304","4903聯光通","110/07/13","元大-樹林",0,19,-19
"24305","4903聯光通","110/07/13","日盛-樹林",22,0,22
"24306","4903聯光通","110/07/13","凱基-士林",0,17,-17
"24307","4903聯光通","110/07/13","兆豐-天母",20,0,20
"24308","4903聯光通","110/07/13","國票-博愛",0,14,-14
"24309","4903聯光通","110/07/13","華南永昌-桃園",20,0,20
"24310","4903聯光通","110/07/13","元富",0,10,-10
"24311","4903聯光通","110/07/13","富邦-新店",10,0,10
"24312","4903聯光通","110/07/13","新光",0,10,-10
"24313","4903聯光通","110/07/13","新光-台中",5,0,5
"24314","4903聯光通","110/07/13","玉山-南京東路",0,10,-10
"24315","4903聯光通","110/07/13","華南永昌-台中",5,0,5
"24316","4903聯光通","110/07/13","富邦-陽明",0,10,-10
"24317","4903聯光通","110/07/13","元大-崇德",5,0,5
"24318","4903聯光通","110/07/13","元大-大甲",0,8,-8
"24319","4903聯光通","110/07/13","元大-草屯",5,0,5
"24320","4903聯光通","110/07/13","富邦-台中",0,7,-7
"24321","4903聯光通","110/07/13","元富-草屯",4,0,4
"24322","4903聯光通","110/07/13","凱基-中壢",0,6,-6
"24323","4903聯光通","110/07/13","元大-清水",4,0,4
"24324","4903聯光通","110/07/13","臺銀-民權",0,5,-5
"24325","4903聯光通","110/07/13","元大-東泰",4,0,4
"24326","4903聯光通","110/07/13","日盛-板橋",0,5,-5
"24327","4903聯光通","110/07/13","元大-佳里",2,0,2
"24328","4903聯光通","110/07/13","中國信託-忠孝",0,5,-5
"24329","4903聯光通","110/07/13","永豐金-板橋",2,0,2
"24330","4903聯光通","110/07/13","永豐金-鳳山",0,5,-5
"24331","2929淘帝","110/07/13","玉山-新竹",130,0,130
"24332","2929淘帝","110/07/13","美商高盛",0,177,-177
"24333","2929淘帝","110/07/13","臺銀-民權",60,0,60
"24334","2929淘帝","110/07/13","凱基-台北",6,80,-74
"24335","2929淘帝","110/07/13","新百王",31,0,31
"24336","2929淘帝","110/07/13","元富-大裕",0,49,-49
"24337","2929淘帝","110/07/13","日盛-園區",30,0,30
"24338","2929淘帝","110/07/13","國泰-館前",3,51,-48
"24339","2929淘帝","110/07/13","元大-南投",31,1,30
"24340","2929淘帝","110/07/13","凱基-中壢",0,41,-41
"24341","2929淘帝","110/07/13","兆豐-忠孝",28,0,28
"24342","2929淘帝","110/07/13","港商野村",21,55,-34
"24343","2929淘帝","110/07/13","元大-民生",28,0,28
"24344","2929淘帝","110/07/13","華南永昌-南京",2,34,-32
"24345","2929淘帝","110/07/13","合庫-高雄",27,0,27
"24346","2929淘帝","110/07/13","群益金鼎-土城",0,30,-30
"24347","2929淘帝","110/07/13","凱基-豐中",27,0,27
"24348","2929淘帝","110/07/13","富邦-南屯",0,22,-22
"24349","2929淘帝","110/07/13","新光",21,4,17
"24350","2929淘帝","110/07/13","第一金-豐原",0,20,-20
"24351","2929淘帝","110/07/13","元大-天母",17,0,17
"24352","2929淘帝","110/07/13","元大-屏南",6,26,-20
"24353","2929淘帝","110/07/13","永興",14,0,14
"24354","2929淘帝","110/07/13","永豐金-敦南",1,21,-20
"24355","2929淘帝","110/07/13","富邦-台北",12,0,12
"24356","2929淘帝","110/07/13","凱基-三重",2,21,-19
"24357","2929淘帝","110/07/13","元大-永和",12,0,12
"24358","2929淘帝","110/07/13","富邦-仁愛",7,25,-18
"24359","2929淘帝","110/07/13","國票-天祥",11,0,11
"24360","2929淘帝","110/07/13","元大-北投",0,16,-16
"24361","5410國眾","110/07/13","兆豐-城中",274,0,274
"24362","5410國眾","110/07/13","元富-嘉義",0,103,-103
"24363","5410國眾","110/07/13","新光",50,4,46
"24364","5410國眾","110/07/13","凱基-台北",0,50,-50
"24365","5410國眾","110/07/13","國泰-台中",26,0,26
"24366","5410國眾","110/07/13","瑞士信貸",0,31,-31
"24367","5410國眾","110/07/13","新加坡商瑞銀",22,0,22
"24368","5410國眾","110/07/13","台新-新莊",0,27,-27
"24369","5410國眾","110/07/13","光和-嘉義",20,0,20
"24370","5410國眾","110/07/13","元大-汐止",0,20,-20
"24371","5410國眾","110/07/13","凱基-竹北",17,0,17
"24372","5410國眾","110/07/13","亞東-新竹",0,17,-17
"24373","5410國眾","110/07/13","新光-桃園",15,0,15
"24374","5410國眾","110/07/13","元大-南勢角",0,13,-13
"24375","5410國眾","110/07/13","凱基-台東",14,0,14
"24376","5410國眾","110/07/13","台新-台南",0,12,-12
"24377","5410國眾","110/07/13","富邦-竹北",11,0,11
"24378","5410國眾","110/07/13","中國信託",0,11,-11
"24379","5410國眾","110/07/13","元富-同大",10,0,10
"24380","5410國眾","110/07/13","華南永昌",0,11,-11
"24381","5410國眾","110/07/13","國泰-敦南",24,15,9
"24382","5410國眾","110/07/13","臺銀-臺南",0,10,-10
"24383","5410國眾","110/07/13","日盛-內湖",7,0,7
"24384","5410國眾","110/07/13","台灣企銀-民雄",0,10,-10
"24385","5410國眾","110/07/13","台新-左楠",7,0,7
"24386","5410國眾","110/07/13","高橋",0,10,-10
"24387","5410國眾","110/07/13","元大-新盛",18,12,6
"24388","5410國眾","110/07/13","康和-嘉義",0,10,-10
"24389","5410國眾","110/07/13","統一",5,0,5
"24390","5410國眾","110/07/13","凱基-基隆",0,10,-10
"24391","2841台開","110/07/13","中國信託-高雄",251,50,201
"24392","2841台開","110/07/13","兆豐-公益",0,177,-177
"24393","2841台開","110/07/13","日盛證券",210,13,197
"24394","2841台開","110/07/13","日進",0,152,-152
"24395","2841台開","110/07/13","第一金-台中",55,0,55
"24396","2841台開","110/07/13","港商野村",0,109,-109
"24397","2841台開","110/07/13","國泰-板橋",46,0,46
"24398","2841台開","110/07/13","日盛-信義",0,103,-103
"24399","2841台開","110/07/13","國泰-館前",48,3,45
"24400","2841台開","110/07/13","國泰-敦南",11,75,-64
"24401","2841台開","110/07/13","華南永昌-新莊",45,0,45
"24402","2841台開","110/07/13","永興",0,50,-50
"24403","2841台開","110/07/13","日盛-園區",42,0,42
"24404","2841台開","110/07/13","永豐金-敦南",61,104,-43
"24405","2841台開","110/07/13","台新證券",32,0,32
"24406","2841台開","110/07/13","富邦-台南",0,42,-42
"24407","2841台開","110/07/13","台新-高雄",32,2,30
"24408","2841台開","110/07/13","國票-安和",0,30,-30
"24409","2841台開","110/07/13","豐農",23,0,23
"24410","2841台開","110/07/13","元大-桃園",0,25,-25
"24411","2841台開","110/07/13","合庫-嘉義",20,0,20
"24412","2841台開","110/07/13","新光",8,32,-24
"24413","2841台開","110/07/13","華南永昌-高雄",20,0,20
"24414","2841台開","110/07/13","元大-仁愛",0,24,-24
"24415","2841台開","110/07/13","元大-樹林",16,0,16
"24416","2841台開","110/07/13","日盛-中和",0,20,-20
"24417","2841台開","110/07/13","第一金-華江",15,2,13
"24418","2841台開","110/07/13","元富",0,20,-20
"24419","2841台開","110/07/13","美商高盛",12,0,12
"24420","2841台開","110/07/13","富邦-宜蘭",0,20,-20
"24421","6207雷科","110/07/13","元大-高雄",121,0,121
"24422","6207雷科","110/07/13","華南永昌-朴子",1,60,-59
"24423","6207雷科","110/07/13","第一金-新興",20,0,20
"24424","6207雷科","110/07/13","元大-南海",0,36,-36
"24425","6207雷科","110/07/13","元富-三重",20,0,20
"24426","6207雷科","110/07/13","凱基-土城",0,35,-35
"24427","6207雷科","110/07/13","元大-林園",15,0,15
"24428","6207雷科","110/07/13","台灣企銀",0,20,-20
"24429","6207雷科","110/07/13","元大-金華",16,1,15
"24430","6207雷科","110/07/13","群益金鼎-丹鳳",0,20,-20
"24431","6207雷科","110/07/13","日盛證券",10,0,10
"24432","6207雷科","110/07/13","元大-博愛",0,17,-17
"24433","6207雷科","110/07/13","統一-台中",10,0,10
"24434","6207雷科","110/07/13","元大-北港",0,13,-13
"24435","6207雷科","110/07/13","群益金鼎-土城",10,0,10
"24436","6207雷科","110/07/13","新加坡商瑞銀",0,12,-12
"24437","6207雷科","110/07/13","群益金鼎-桃園",10,0,10
"24438","6207雷科","110/07/13","凱基-台北",4,16,-12
"24439","6207雷科","110/07/13","永豐金-新莊",10,0,10
"24440","6207雷科","110/07/13","日茂-埔里",0,11,-11
"24441","6207雷科","110/07/13","永豐金-新店",10,0,10
"24442","6207雷科","110/07/13","元大-莒光",0,11,-11
"24443","6207雷科","110/07/13","元大證券",9,0,9
"24444","6207雷科","110/07/13","統一-新竹",0,10,-10
"24445","6207雷科","110/07/13","日盛-木柵",9,1,8
"24446","6207雷科","110/07/13","元大-西螺",0,10,-10
"24447","6207雷科","110/07/13","兆豐-來福",8,0,8
"24448","6207雷科","110/07/13","康和-台中",0,8,-8
"24449","6207雷科","110/07/13","新光",7,0,7
"24450","6207雷科","110/07/13","兆豐-高雄",0,6,-6
"24451","3679新至陞","110/07/13","永豐金證券",50,0,50
"24452","3679新至陞","110/07/13","摩根大通",2,25,-23
"24453","3679新至陞","110/07/13","國泰-桃園",22,0,22
"24454","3679新至陞","110/07/13","元大-成功",0,22,-22
"24455","3679新至陞","110/07/13","台中銀-員林",11,0,11
"24456","3679新至陞","110/07/13","富邦-板橋",1,19,-18
"24457","3679新至陞","110/07/13","元大-文心興安",8,0,8
"24458","3679新至陞","110/07/13","日盛-新莊",0,10,-10
"24459","3679新至陞","110/07/13","美商高盛",6,0,6
"24460","3679新至陞","110/07/13","台新-台中",0,10,-10
"24461","3679新至陞","110/07/13","台新-高雄",6,0,6
"24462","3679新至陞","110/07/13","永豐金-新竹",0,8,-8
"24463","3679新至陞","110/07/13","凱基-台北",18,12,6
"24464","3679新至陞","110/07/13","瑞士信貸",12,19,-7
"24465","3679新至陞","110/07/13","日盛-復興",5,0,5
"24466","3679新至陞","110/07/13","統一-南京",0,7,-7
"24467","3679新至陞","110/07/13","(牛牛牛)亞-鑫豐",4,0,4
"24468","3679新至陞","110/07/13","凱基-新莊",0,7,-7
"24469","3679新至陞","110/07/13","元富-大昌",3,0,3
"24470","3679新至陞","110/07/13","新加坡商瑞銀",0,6,-6
"24471","3679新至陞","110/07/13","富邦-台北",3,0,3
"24472","3679新至陞","110/07/13","合庫-自強",0,5,-5
"24473","3679新至陞","110/07/13","日盛-樹林",2,0,2
"24474","3679新至陞","110/07/13","富邦-桃園",0,5,-5
"24475","3679新至陞","110/07/13","宏遠-光隆",2,0,2
"24476","3679新至陞","110/07/13","永豐金-潮州",0,4,-4
"24477","3679新至陞","110/07/13","美林",3,1,2
"24478","3679新至陞","110/07/13","臺銀-臺南",0,3,-3
"24479","3679新至陞","110/07/13","第一金-中壢",2,0,2
"24480","3679新至陞","110/07/13","元大-六合",0,3,-3
"24481","2727王品","110/07/13","富邦-台北",43,3,40
"24482","2727王品","110/07/13","台灣摩根士丹利",15,97,-82
"24483","2727王品","110/07/13","元大-基隆孝二",40,0,40
"24484","2727王品","110/07/13","玉山-台南",5,57,-52
"24485","2727王品","110/07/13","國票-新莊",40,1,39
"24486","2727王品","110/07/13","新加坡商瑞銀",0,48,-48
"24487","2727王品","110/07/13","第一金-豐原",66,42,24
"24488","2727王品","110/07/13","凱基-台北",41,77,-36
"24489","2727王品","110/07/13","永豐金-大園",34,10,24
"24490","2727王品","110/07/13","永豐金-永康",0,22,-22
"24491","2727王品","110/07/13","元大-北屯",22,0,22
"24492","2727王品","110/07/13","統一-台中",2,22,-20
"24493","2727王品","110/07/13","元大-東蘆",26,7,19
"24494","2727王品","110/07/13","國泰-台中",21,39,-18
"24495","2727王品","110/07/13","永豐金-萬盛",13,1,12
"24496","2727王品","110/07/13","合庫-彰化",3,20,-17
"24497","2727王品","110/07/13","日盛-嘉義",11,0,11
"24498","2727王品","110/07/13","港商野村",13,30,-17
"24499","2727王品","110/07/13","日盛-八德",11,0,11
"24500","2727王品","110/07/13","元大-楊梅",1,16,-15
"24501","2727王品","110/07/13","統一-竹南",11,0,11
"24502","2727王品","110/07/13","凱基-高美館",2,15,-13
"24503","2727王品","110/07/13","日盛-士林",12,2,10
"24504","2727王品","110/07/13","美商高盛",2,14,-12
"24505","2727王品","110/07/13","統一-敦南",10,0,10
"24506","2727王品","110/07/13","統一-平鎮",1,13,-12
"24507","2727王品","110/07/13","中國信託",15,5,10
"24508","2727王品","110/07/13","兆豐-台中港",4,16,-12
"24509","2727王品","110/07/13","兆豐-竹北",13,3,10
"24510","2727王品","110/07/13","凱基-八德",1,13,-12
"24511","1570力肯","110/07/13","新光",115,11,104
"24512","1570力肯","110/07/13","元大-北三重",0,162,-162
"24513","1570力肯","110/07/13","群益金鼎-高雄",54,0,54
"24514","1570力肯","110/07/13","元大-大灣",0,25,-25
"24515","1570力肯","110/07/13","國票-新莊",22,0,22
"24516","1570力肯","110/07/13","永豐金-苓雅",0,22,-22
"24517","1570力肯","110/07/13","日盛-桃園",12,0,12
"24518","1570力肯","110/07/13","永豐金-永康",0,19,-19
"24519","1570力肯","110/07/13","元大-高雄",12,0,12
"24520","1570力肯","110/07/13","富邦-員林",0,15,-15
"24521","1570力肯","110/07/13","合庫-自強",11,0,11
"24522","1570力肯","110/07/13","凱基-台南",0,11,-11
"24523","1570力肯","110/07/13","摩根大通",26,15,11
"24524","1570力肯","110/07/13","日盛-竹北",0,10,-10
"24525","1570力肯","110/07/13","永豐金-中盛",11,0,11
"24526","1570力肯","110/07/13","國票-九鼎",0,10,-10
"24527","1570力肯","110/07/13","兆豐-台中港",10,0,10
"24528","1570力肯","110/07/13","凱基-桃園",0,10,-10
"24529","1570力肯","110/07/13","國泰-松江",9,0,9
"24530","1570力肯","110/07/13","凱基-新豐",0,10,-10
"24531","1570力肯","110/07/13","元大-新盛",9,0,9
"24532","1570力肯","110/07/13","元大-學甲",0,10,-10
"24533","1570力肯","110/07/13","元富-緯城",6,0,6
"24534","1570力肯","110/07/13","群益金鼎-東湖",1,10,-9
"24535","1570力肯","110/07/13","統一-三重",5,0,5
"24536","1570力肯","110/07/13","大昌",0,6,-6
"24537","1570力肯","110/07/13","元大-前金",5,0,5
"24538","1570力肯","110/07/13","元大-土城學府",0,6,-6
"24539","1570力肯","110/07/13","永豐金證券",5,0,5
"24540","1570力肯","110/07/13","統一",0,5,-5
"24541","6180橘子","110/07/13","摩根大通",119,0,119
"24542","6180橘子","110/07/13","元大-崇德",2,61,-59
"24543","6180橘子","110/07/13","美商高盛",96,0,96
"24544","6180橘子","110/07/13","康和-台中",0,51,-51
"24545","6180橘子","110/07/13","新加坡商瑞銀",86,7,79
"24546","6180橘子","110/07/13","康和-台北",0,50,-50
"24547","6180橘子","110/07/13","元大-和平",40,0,40
"24548","6180橘子","110/07/13","元富-潮州",0,40,-40
"24549","6180橘子","110/07/13","凱基-台北",83,47,36
"24550","6180橘子","110/07/13","日盛-永康",0,26,-26
"24551","6180橘子","110/07/13","美林",39,5,34
"24552","6180橘子","110/07/13","永豐金-中正",0,24,-24
"24553","6180橘子","110/07/13","富邦-新竹華信",31,2,29
"24554","6180橘子","110/07/13","國泰-板橋",2,25,-23
"24555","6180橘子","110/07/13","統一-南京",21,0,21
"24556","6180橘子","110/07/13","日盛-大墩",0,20,-20
"24557","6180橘子","110/07/13","富邦-陽明",24,3,21
"24558","6180橘子","110/07/13","元大-草屯",13,32,-19
"24559","6180橘子","110/07/13","大昌-樹林",21,1,20
"24560","6180橘子","110/07/13","元富-林園",1,18,-17
"24561","6180橘子","110/07/13","花旗環球",19,0,19
"24562","6180橘子","110/07/13","新光-新竹",1,18,-17
"24563","6180橘子","110/07/13","華南永昌-台南",19,0,19
"24564","6180橘子","110/07/13","元大-土城永寧",0,17,-17
"24565","6180橘子","110/07/13","福勝",14,0,14
"24566","6180橘子","110/07/13","國泰-新莊",3,19,-16
"24567","6180橘子","110/07/13","富邦-嘉義",12,1,11
"24568","6180橘子","110/07/13","中國信託-永康",6,21,-15
"24569","6180橘子","110/07/13","元大-板橋三民",11,0,11
"24570","6180橘子","110/07/13","凱基-東港",1,15,-14
"24571","2390云辰","110/07/13","新加坡商瑞銀",562,75,487
"24572","2390云辰","110/07/13","大展-台南",0,532,-532
"24573","2390云辰","110/07/13","台灣摩根士丹利",330,155,175
"24574","2390云辰","110/07/13","凱基-台北",668,854,-186
"24575","2390云辰","110/07/13","兆豐-公益",126,25,101
"24576","2390云辰","110/07/13","凱基-三重",12,172,-160
"24577","2390云辰","110/07/13","元富-中港",100,2,98
"24578","2390云辰","110/07/13","兆豐-忠孝",4,161,-157
"24579","2390云辰","110/07/13","統一-新台中",106,9,97
"24580","2390云辰","110/07/13","元大-士林",19,170,-151
"24581","2390云辰","110/07/13","中國信託-松江",81,11,70
"24582","2390云辰","110/07/13","臺銀-新竹",14,117,-103
"24583","2390云辰","110/07/13","日盛-板橋",72,3,69
"24584","2390云辰","110/07/13","國票-台中",4,102,-98
"24585","2390云辰","110/07/13","日盛-和美",57,0,57
"24586","2390云辰","110/07/13","新光",147,232,-85
"24587","2390云辰","110/07/13","永豐金-桃園",88,36,52
"24588","2390云辰","110/07/13","致和-崇德",2,70,-68
"24589","2390云辰","110/07/13","玉山-士林",54,4,50
"24590","2390云辰","110/07/13","群益金鼎-屏東",2,70,-68
"24591","2390云辰","110/07/13","富邦-仁愛",56,6,50
"24592","2390云辰","110/07/13","元大-大里",35,98,-63
"24593","2390云辰","110/07/13","第一金-豐原",50,1,49
"24594","2390云辰","110/07/13","元大-萬華",35,94,-59
"24595","2390云辰","110/07/13","摩根大通",502,453,49
"24596","2390云辰","110/07/13","元富-吉利",2,60,-58
"24597","2390云辰","110/07/13","凱基-松山",61,13,48
"24598","2390云辰","110/07/13","兆豐-新竹",3,53,-50
"24599","2390云辰","110/07/13","大昌",64,22,42
"24600","2390云辰","110/07/13","富邦-嘉義",65,108,-43
"24601","2363矽統","110/07/12","凱基-幸福",4046,31,4015
"24602","2363矽統","110/07/12","台新證券",478,2105,-1627
"24603","2363矽統","110/07/12","統一",3504,120,3384
"24604","2363矽統","110/07/12","第一金-忠孝",4,1068,-1064
"24605","2363矽統","110/07/12","摩根大通",3006,2149,857
"24606","2363矽統","110/07/12","台新-台中",381,1003,-622
"24607","2363矽統","110/07/12","永豐金證券",1428,610,818
"24608","2363矽統","110/07/12","新光",1295,1822,-527
"24609","2363矽統","110/07/12","兆豐-復興",1936,1233,703
"24610","2363矽統","110/07/12","大昌-樹林",54,537,-483
"24611","2363矽統","110/07/12","台灣摩根士丹利",701,0,701
"24612","2363矽統","110/07/12","華南永昌-台中",90,549,-459
"24613","2363矽統","110/07/12","永豐金-南投",803,145,658
"24614","2363矽統","110/07/12","玉山-高雄",167,612,-445
"24615","2363矽統","110/07/12","統一-仁愛",1214,586,628
"24616","2363矽統","110/07/12","元富-同大",201,540,-339
"24617","2363矽統","110/07/12","統一-土城",688,75,613
"24618","2363矽統","110/07/12","華南永昌-東勢",31,367,-336
"24619","2363矽統","110/07/12","統一-城中",711,131,580
"24620","2363矽統","110/07/12","土銀-花蓮",9,333,-324
"24621","2363矽統","110/07/12","統一-敦南",632,54,578
"24622","2363矽統","110/07/12","凱基-豐中",120,434,-314
"24623","2363矽統","110/07/12","新加坡商瑞銀",1232,731,501
"24624","2363矽統","110/07/12","永豐金-竹科",54,323,-269
"24625","2363矽統","110/07/12","元富",2640,2142,498
"24626","2363矽統","110/07/12","元大-斗六",53,300,-247
"24627","2363矽統","110/07/12","凱基-永和",460,31,429
"24628","2363矽統","110/07/12","華南永昌-朴子",47,278,-231
"24629","2363矽統","110/07/12","第一金",380,22,358
"24630","2363矽統","110/07/12","永豐金-彰化",22,228,-206
"24631","8112至上","110/07/12","摩根大通",1167,290,877
"24632","8112至上","110/07/12","群益金鼎-新莊",1,156,-155
"24633","8112至上","110/07/12","凱基-台北",983,546,437
"24634","8112至上","110/07/12","國票-中港",0,131,-131
"24635","8112至上","110/07/12","新加坡商瑞銀",429,12,417
"24636","8112至上","110/07/12","元大證券",10,136,-126
"24637","8112至上","110/07/12","元大-屏南",360,2,358
"24638","8112至上","110/07/12","元大-中壢",11,135,-124
"24639","8112至上","110/07/12","美林",323,15,308
"24640","8112至上","110/07/12","合庫-基隆",0,122,-122
"24641","8112至上","110/07/12","台灣摩根士丹利",299,0,299
"24642","8112至上","110/07/12","群益金鼎-高盛",4,103,-99
"24643","8112至上","110/07/12","港商野村",267,28,239
"24644","8112至上","110/07/12","新光",110,202,-92
"24645","8112至上","110/07/12","大慶",165,3,162
"24646","8112至上","110/07/12","元大-府城",2,94,-92
"24647","8112至上","110/07/12","永豐金-台南",170,29,141
"24648","8112至上","110/07/12","富邦-板橋",5,92,-87
"24649","8112至上","110/07/12","華南永昌-長虹",128,2,126
"24650","8112至上","110/07/12","元大-土城",8,89,-81
"24651","8112至上","110/07/12","富邦-仁愛",157,51,106
"24652","8112至上","110/07/12","日盛-頭份",40,117,-77
"24653","8112至上","110/07/12","瑞士信貸",104,0,104
"24654","8112至上","110/07/12","玉山-嘉義",3,80,-77
"24655","8112至上","110/07/12","凱基-站前",100,11,89
"24656","8112至上","110/07/12","永豐金-松山",4,79,-75
"24657","8112至上","110/07/12","富邦-北港",90,3,87
"24658","8112至上","110/07/12","元大-敦南",3,75,-72
"24659","8112至上","110/07/12","元大-北港",101,20,81
"24660","8112至上","110/07/12","元富-大裕",6,77,-71
"24661","4903聯光通","110/07/12","台灣企銀-太平",19,0,19
"24662","4903聯光通","110/07/12","玉山-南京東路",0,16,-16
"24663","4903聯光通","110/07/12","統一-土城",17,0,17
"24664","4903聯光通","110/07/12","新光",0,14,-14
"24665","4903聯光通","110/07/12","國票-博愛",14,0,14
"24666","4903聯光通","110/07/12","兆豐-彰化",0,10,-10
"24667","4903聯光通","110/07/12","新光-台中",15,2,13
"24668","4903聯光通","110/07/12","國票",0,10,-10
"24669","4903聯光通","110/07/12","元大-彰化",11,0,11
"24670","4903聯光通","110/07/12","富邦-敦南",0,10,-10
"24671","4903聯光通","110/07/12","華南永昌-林口",10,0,10
"24672","4903聯光通","110/07/12","元大-前金",0,9,-9
"24673","4903聯光通","110/07/12","永豐金-南投",9,0,9
"24674","4903聯光通","110/07/12","日盛-頭份",0,8,-8
"24675","4903聯光通","110/07/12","元大-清水",8,0,8
"24676","4903聯光通","110/07/12","元大-太平",0,8,-8
"24677","4903聯光通","110/07/12","元大-博愛",8,0,8
"24678","4903聯光通","110/07/12","兆豐-埔墘",0,7,-7
"24679","4903聯光通","110/07/12","玉山-新莊",5,0,5
"24680","4903聯光通","110/07/12","臺銀-民權",0,5,-5
"24681","4903聯光通","110/07/12","凱基-士林",10,5,5
"24682","4903聯光通","110/07/12","富邦-板橋",0,5,-5
"24683","4903聯光通","110/07/12","元大-斗六",4,0,4
"24684","4903聯光通","110/07/12","元大-土城永寧",0,5,-5
"24685","4903聯光通","110/07/12","永豐金-羅東",4,0,4
"24686","4903聯光通","110/07/12","台新證券",0,4,-4
"24687","4903聯光通","110/07/12","日盛-樹林",3,0,3
"24688","4903聯光通","110/07/12","凱基-中壢",0,4,-4
"24689","4903聯光通","110/07/12","華南永昌-鶯歌",2,0,2
"24690","4903聯光通","110/07/12","元大-羅東",0,4,-4
"24691","2929淘帝","110/07/12","新光-台中",95,36,59
"24692","2929淘帝","110/07/12","華南永昌-林口",7,208,-201
"24693","2929淘帝","110/07/12","富邦-板橋",62,5,57
"24694","2929淘帝","110/07/12","富邦-台北",6,200,-194
"24695","2929淘帝","110/07/12","合庫-高雄",56,6,50
"24696","2929淘帝","110/07/12","元富-大裕",11,200,-189
"24697","2929淘帝","110/07/12","永興",41,0,41
"24698","2929淘帝","110/07/12","台中銀-台北",0,160,-160
"24699","2929淘帝","110/07/12","兆豐-忠孝",58,18,40
"24700","2929淘帝","110/07/12","日盛-園區",1,111,-110
"24701","2929淘帝","110/07/12","新光-高雄",39,3,36
"24702","2929淘帝","110/07/12","日盛-八德",0,88,-88
"24703","2929淘帝","110/07/12","凱基-豐中",36,0,36
"24704","2929淘帝","110/07/12","玉山-新竹",32,110,-78
"24705","2929淘帝","110/07/12","元大-民生",35,0,35
"24706","2929淘帝","110/07/12","元大-前金",0,72,-72
"24707","2929淘帝","110/07/12","臺銀-臺南",32,1,31
"24708","2929淘帝","110/07/12","元大-館前",12,83,-71
"24709","2929淘帝","110/07/12","台新證券",44,13,31
"24710","2929淘帝","110/07/12","華南永昌",1,57,-56
"24711","2929淘帝","110/07/12","新百王",30,0,30
"24712","2929淘帝","110/07/12","元大-南崁",4,59,-55
"24713","2929淘帝","110/07/12","群益金鼎-大興",30,0,30
"24714","2929淘帝","110/07/12","元大-嘉義",0,51,-51
"24715","2929淘帝","110/07/12","凱基-台北",32,5,27
"24716","2929淘帝","110/07/12","日茂",1,50,-49
"24717","2929淘帝","110/07/12","元富-城東",26,0,26
"24718","2929淘帝","110/07/12","新光",35,83,-48
"24719","2929淘帝","110/07/12","國泰-松江",26,0,26
"24720","2929淘帝","110/07/12","日盛-新竹",1,48,-47
"24721","5410國眾","110/07/12","群益金鼎-中壢",68,0,68
"24722","5410國眾","110/07/12","摩根大通",6,67,-61
"24723","5410國眾","110/07/12","凱基-市政",40,0,40
"24724","5410國眾","110/07/12","元富-嘉義",0,60,-60
"24725","5410國眾","110/07/12","凱基-竹北",38,0,38
"24726","5410國眾","110/07/12","凱基-台北",0,51,-51
"24727","5410國眾","110/07/12","華南永昌-三重",30,0,30
"24728","5410國眾","110/07/12","元富-大裕",0,33,-33
"24729","5410國眾","110/07/12","永興",20,0,20
"24730","5410國眾","110/07/12","日盛-木柵",0,15,-15
"24731","5410國眾","110/07/12","統一-新台中",20,0,20
"24732","5410國眾","110/07/12","群益金鼎-民權",0,15,-15
"24733","5410國眾","110/07/12","兆豐-三重",20,0,20
"24734","5410國眾","110/07/12","元富-緯城",0,14,-14
"24735","5410國眾","110/07/12","富邦-台中",20,0,20
"24736","5410國眾","110/07/12","元大-大同",0,12,-12
"24737","5410國眾","110/07/12","臺銀",15,0,15
"24738","5410國眾","110/07/12","元大-莒光",0,10,-10
"24739","5410國眾","110/07/12","新光-桃園",20,6,14
"24740","5410國眾","110/07/12","元大-博愛",0,10,-10
"24741","5410國眾","110/07/12","元大-員林",12,0,12
"24742","5410國眾","110/07/12","日盛-永康",0,8,-8
"24743","5410國眾","110/07/12","日盛-員林",10,0,10
"24744","5410國眾","110/07/12","元大-四維",5,13,-8
"24745","5410國眾","110/07/12","元大-新盛",10,0,10
"24746","5410國眾","110/07/12","新加坡商瑞銀",0,7,-7
"24747","5410國眾","110/07/12","永豐金-台南",10,0,10
"24748","5410國眾","110/07/12","致和-金華",0,7,-7
"24749","5410國眾","110/07/12","元富-新莊",8,0,8
"24750","5410國眾","110/07/12","新光-新竹",0,7,-7
"24751","2841台開","110/07/12","永豐金-敦南",139,26,113
"24752","2841台開","110/07/12","華南永昌-朴子",0,528,-528
"24753","2841台開","110/07/12","日盛-雙和",68,0,68
"24754","2841台開","110/07/12","元大-苑裡",2,50,-48
"24755","2841台開","110/07/12","台新證券",62,4,58
"24756","2841台開","110/07/12","群益金鼎-東湖",0,40,-40
"24757","2841台開","110/07/12","凱基-文心",50,0,50
"24758","2841台開","110/07/12","第一金-員林",0,30,-30
"24759","2841台開","110/07/12","第一金-台中",45,0,45
"24760","2841台開","110/07/12","德信-中正",0,20,-20
"24761","2841台開","110/07/12","富邦-嘉義",40,0,40
"24762","2841台開","110/07/12","兆豐-嘉義",0,20,-20
"24763","2841台開","110/07/12","日盛-木柵",30,0,30
"24764","2841台開","110/07/12","彰銀-七賢",0,15,-15
"24765","2841台開","110/07/12","中國信託-文心",31,3,28
"24766","2841台開","110/07/12","元大-承德",0,14,-14
"24767","2841台開","110/07/12","元大-福營",30,7,23
"24768","2841台開","110/07/12","元富",0,12,-12
"24769","2841台開","110/07/12","台中銀",20,0,20
"24770","2841台開","110/07/12","富邦-陽明",0,11,-11
"24771","2841台開","110/07/12","國泰-板橋",20,0,20
"24772","2841台開","110/07/12","元大證券",0,11,-11
"24773","2841台開","110/07/12","元大-前金",20,0,20
"24774","2841台開","110/07/12","元大-大甲",0,10,-10
"24775","2841台開","110/07/12","中國信託-高雄",16,1,15
"24776","2841台開","110/07/12","日盛-新竹",0,8,-8
"24777","2841台開","110/07/12","陽信-石牌",15,0,15
"24778","2841台開","110/07/12","元富-城東",0,8,-8
"24779","2841台開","110/07/12","永豐金-南投",15,0,15
"24780","2841台開","110/07/12","玉山-台南",2,10,-8
"24781","6207雷科","110/07/12","元大-高雄",34,0,34
"24782","6207雷科","110/07/12","永豐金-三重",1,32,-31
"24783","6207雷科","110/07/12","華南永昌-林口",16,1,15
"24784","6207雷科","110/07/12","永全-八德",0,30,-30
"24785","6207雷科","110/07/12","摩根大通",19,6,13
"24786","6207雷科","110/07/12","國泰-台中",0,14,-14
"24787","6207雷科","110/07/12","元富-埔里",10,0,10
"24788","6207雷科","110/07/12","第一金-澎湖",0,10,-10
"24789","6207雷科","110/07/12","凱基-台南",10,0,10
"24790","6207雷科","110/07/12","元富-林園",0,10,-10
"24791","6207雷科","110/07/12","新加坡商瑞銀",9,0,9
"24792","6207雷科","110/07/12","元大-東門",0,10,-10
"24793","6207雷科","110/07/12","瑞士信貸",8,0,8
"24794","6207雷科","110/07/12","兆豐-嘉義",0,4,-4
"24795","6207雷科","110/07/12","中國信託-高雄",9,1,8
"24796","6207雷科","110/07/12","新光",0,4,-4
"24797","6207雷科","110/07/12","凱基-高雄",6,0,6
"24798","6207雷科","110/07/12","新光-台中",0,4,-4
"24799","6207雷科","110/07/12","元大-六合",6,0,6
"24800","6207雷科","110/07/12","群益金鼎-開元",0,4,-4
"24801","6207雷科","110/07/12","永豐金-信義",6,0,6
"24802","6207雷科","110/07/12","凱基-桃園",0,4,-4
"24803","6207雷科","110/07/12","群益金鼎-土城",5,0,5
"24804","6207雷科","110/07/12","凱基-民權",0,4,-4
"24805","6207雷科","110/07/12","群益金鼎-竹南",5,0,5
"24806","6207雷科","110/07/12","玉山-新莊",0,3,-3
"24807","6207雷科","110/07/12","元大-大灣",5,1,4
"24808","6207雷科","110/07/12","國泰-松江",0,3,-3
"24809","6207雷科","110/07/12","永興",3,0,3
"24810","6207雷科","110/07/12","富邦-羅東",0,3,-3
"24811","3679新至陞","110/07/12","富邦-新竹華信",40,2,38
"24812","3679新至陞","110/07/12","瑞士信貸",0,45,-45
"24813","3679新至陞","110/07/12","台中銀-員林",28,2,26
"24814","3679新至陞","110/07/12","永豐金-天母",0,39,-39
"24815","3679新至陞","110/07/12","聯邦-大業",24,0,24
"24816","3679新至陞","110/07/12","摩根大通",7,35,-28
"24817","3679新至陞","110/07/12","永豐金證券",20,0,20
"24818","3679新至陞","110/07/12","凱基-台北",8,36,-28
"24819","3679新至陞","110/07/12","港商法國興業",14,0,14
"24820","3679新至陞","110/07/12","華南永昌-小港",1,23,-22
"24821","3679新至陞","110/07/12","日盛-樹林",13,1,12
"24822","3679新至陞","110/07/12","台新-台中",0,15,-15
"24823","3679新至陞","110/07/12","國泰-桃園",9,0,9
"24824","3679新至陞","110/07/12","統一-台中",0,12,-12
"24825","3679新至陞","110/07/12","宏遠-館前",8,0,8
"24826","3679新至陞","110/07/12","元大-成功",1,12,-11
"24827","3679新至陞","110/07/12","凱基",10,2,8
"24828","3679新至陞","110/07/12","康和-澎湖",0,8,-8
"24829","3679新至陞","110/07/12","(牛牛牛)亞-網路",7,0,7
"24830","3679新至陞","110/07/12","新加坡商瑞銀",0,7,-7
"24831","3679新至陞","110/07/12","兆豐-員林",7,0,7
"24832","3679新至陞","110/07/12","兆豐-來福",0,7,-7
"24833","3679新至陞","110/07/12","大慶-蘆洲",5,0,5
"24834","3679新至陞","110/07/12","元大-佳里",0,6,-6
"24835","3679新至陞","110/07/12","土銀-花蓮",4,0,4
"24836","3679新至陞","110/07/12","美商高盛",0,5,-5
"24837","3679新至陞","110/07/12","台新-高雄",5,1,4
"24838","3679新至陞","110/07/12","國票-新莊",0,5,-5
"24839","3679新至陞","110/07/12","元大-天母",4,0,4
"24840","3679新至陞","110/07/12","台新-屏東",0,5,-5
"24841","2727王品","110/07/12","凱基-台北",354,198,156
"24842","2727王品","110/07/12","台灣摩根士丹利",5,386,-381
"24843","2727王品","110/07/12","統一-城中",159,22,137
"24844","2727王品","110/07/12","元大-嘉義",4,60,-56
"24845","2727王品","110/07/12","日盛-忠孝",60,0,60
"24846","2727王品","110/07/12","元大-大同",2,44,-42
"24847","2727王品","110/07/12","永豐金-忠孝",45,5,40
"24848","2727王品","110/07/12","國泰-台中",32,73,-41
"24849","2727王品","110/07/12","合庫-新竹",31,0,31
"24850","2727王品","110/07/12","元大證券",127,163,-36
"24851","2727王品","110/07/12","富邦-台中",31,3,28
"24852","2727王品","110/07/12","凱基",1,33,-32
"24853","2727王品","110/07/12","元大-桃園",35,10,25
"24854","2727王品","110/07/12","永全-南崁",1,31,-30
"24855","2727王品","110/07/12","新加坡商瑞銀",28,4,24
"24856","2727王品","110/07/12","凱基-和平",2,32,-30
"24857","2727王品","110/07/12","群益金鼎-古亭",25,2,23
"24858","2727王品","110/07/12","永豐金-大園",8,38,-30
"24859","2727王品","110/07/12","元大-龍潭",29,7,22
"24860","2727王品","110/07/12","瑞士信貸",0,28,-28
"24861","2727王品","110/07/12","永豐金-永康",25,3,22
"24862","2727王品","110/07/12","元富",17,44,-27
"24863","2727王品","110/07/12","富邦-竹北",24,3,21
"24864","2727王品","110/07/12","元大-北屯",5,32,-27
"24865","2727王品","110/07/12","群益金鼎-松山",20,0,20
"24866","2727王品","110/07/12","華南永昌",3,28,-25
"24867","2727王品","110/07/12","元大-八德",20,0,20
"24868","2727王品","110/07/12","統一-竹南",1,23,-22
"24869","2727王品","110/07/12","元大-南京",25,6,19
"24870","2727王品","110/07/12","永豐金證券",4,26,-22
"24871","1570力肯","110/07/12","國票-北高雄",40,0,40
"24872","1570力肯","110/07/12","日盛-竹北",0,40,-40
"24873","1570力肯","110/07/12","摩根大通",16,0,16
"24874","1570力肯","110/07/12","第一金-華江",1,38,-37
"24875","1570力肯","110/07/12","新光",31,19,12
"24876","1570力肯","110/07/12","元大-永春",0,26,-26
"24877","1570力肯","110/07/12","元大-台中中港",12,0,12
"24878","1570力肯","110/07/12","元大-古亭",1,20,-19
"24879","1570力肯","110/07/12","日盛-高雄",10,0,10
"24880","1570力肯","110/07/12","國泰-松江",0,16,-16
"24881","1570力肯","110/07/12","第一金-路竹",10,0,10
"24882","1570力肯","110/07/12","台新-台南",0,15,-15
"24883","1570力肯","110/07/12","台新-新莊",10,0,10
"24884","1570力肯","110/07/12","康和-石牌",0,15,-15
"24885","1570力肯","110/07/12","元大-新盛",9,0,9
"24886","1570力肯","110/07/12","國泰-板橋",0,11,-11
"24887","1570力肯","110/07/12","凱基-台北",8,0,8
"24888","1570力肯","110/07/12","元大-高雄",0,11,-11
"24889","1570力肯","110/07/12","彰銀-七賢",6,0,6
"24890","1570力肯","110/07/12","兆豐-桃園",0,10,-10
"24891","1570力肯","110/07/12","元富-緯城",6,0,6
"24892","1570力肯","110/07/12","元大-大益",0,10,-10
"24893","1570力肯","110/07/12","華南永昌-古亭",6,0,6
"24894","1570力肯","110/07/12","中國信託-文心",0,5,-5
"24895","1570力肯","110/07/12","富邦-陽明",6,0,6
"24896","1570力肯","110/07/12","光和",0,5,-5
"24897","1570力肯","110/07/12","臺銀-臺南",5,0,5
"24898","1570力肯","110/07/12","陽信-石牌",0,5,-5
"24899","1570力肯","110/07/12","宏遠-館前",5,0,5
"24900","1570力肯","110/07/12","國泰-高雄",0,5,-5
"24901","6180橘子","110/07/12","康和-台中",32,2,30
"24902","6180橘子","110/07/12","新百王",1,40,-39
"24903","6180橘子","110/07/12","美林",32,3,29
"24904","6180橘子","110/07/12","富邦-陽明",4,42,-38
"24905","6180橘子","110/07/12","元大-羅東",21,0,21
"24906","6180橘子","110/07/12","新光",3,32,-29
"24907","6180橘子","110/07/12","兆豐-埔墘",16,0,16
"24908","6180橘子","110/07/12","日盛-文化",4,20,-16
"24909","6180橘子","110/07/12","元大-雙和",12,0,12
"24910","6180橘子","110/07/12","華南永昌-鶯歌",0,15,-15
"24911","6180橘子","110/07/12","美商高盛",18,7,11
"24912","6180橘子","110/07/12","中國信託-忠孝",7,20,-13
"24913","6180橘子","110/07/12","台新證券",14,3,11
"24914","6180橘子","110/07/12","凱基-台北",5,17,-12
"24915","6180橘子","110/07/12","元大-中壢",12,1,11
"24916","6180橘子","110/07/12","凱基-高雄",0,11,-11
"24917","6180橘子","110/07/12","統一-南京",10,0,10
"24918","6180橘子","110/07/12","凱基-大安",0,10,-10
"24919","6180橘子","110/07/12","致和-崇德",10,0,10
"24920","6180橘子","110/07/12","元大-北屯",0,10,-10
"24921","6180橘子","110/07/12","玉山-板橋",10,0,10
"24922","6180橘子","110/07/12","元大-南京",0,9,-9
"24923","6180橘子","110/07/12","富邦-仁愛",10,0,10
"24924","6180橘子","110/07/12","元大-台南",1,10,-9
"24925","6180橘子","110/07/12","摩根大通",10,1,9
"24926","6180橘子","110/07/12","康和-澎湖",0,8,-8
"24927","6180橘子","110/07/12","元富-林園",8,0,8
"24928","6180橘子","110/07/12","第一金-台中",0,7,-7
"24929","6180橘子","110/07/12","大慶-富順",7,0,7
"24930","6180橘子","110/07/12","台新-台南",1,8,-7
"24931","2390云辰","110/07/12","統一-新台中",170,0,170
"24932","2390云辰","110/07/12","元大-天母",2,450,-448
"24933","2390云辰","110/07/12","華南永昌-麻豆",137,2,135
"24934","2390云辰","110/07/12","國泰-忠孝",1,143,-142
"24935","2390云辰","110/07/12","元富-成功",103,14,89
"24936","2390云辰","110/07/12","摩根大通",377,512,-135
"24937","2390云辰","110/07/12","元大-土城學府",146,69,77
"24938","2390云辰","110/07/12","台灣摩根士丹利",0,91,-91
"24939","2390云辰","110/07/12","永豐金-永康",76,4,72
"24940","2390云辰","110/07/12","美林",84,146,-62
"24941","2390云辰","110/07/12","台中銀",73,2,71
"24942","2390云辰","110/07/12","華南永昌-嘉義",2,61,-59
"24943","2390云辰","110/07/12","大昌",63,3,60
"24944","2390云辰","110/07/12","永豐金-羅東",0,49,-49
"24945","2390云辰","110/07/12","合庫-三重",50,0,50
"24946","2390云辰","110/07/12","玉山-台中",6,53,-47
"24947","2390云辰","110/07/12","元富-高雄",93,50,43
"24948","2390云辰","110/07/12","玉山-新莊",2,48,-46
"24949","2390云辰","110/07/12","元大-館前",40,4,36
"24950","2390云辰","110/07/12","元大-大里",7,52,-45
"24951","2390云辰","110/07/12","港商野村",143,109,34
"24952","2390云辰","110/07/12","元大-內湖",3,48,-45
"24953","2390云辰","110/07/12","元大-雙和",34,0,34
"24954","2390云辰","110/07/12","永豐金-市政",1,42,-41
"24955","2390云辰","110/07/12","群益金鼎-民權",33,2,31
"24956","2390云辰","110/07/12","元大-學甲",1,41,-40
"24957","2390云辰","110/07/12","日盛-八德",40,10,30
"24958","2390云辰","110/07/12","兆豐-高雄",2,41,-39
"24959","2390云辰","110/07/12","國票-嘉義",30,0,30
"24960","2390云辰","110/07/12","新加坡商瑞銀",21,59,-38
"24961","4903聯光通","110/07/12","台灣企銀-太平",19,0,19
"24962","4903聯光通","110/07/12","玉山-南京東路",0,16,-16
"24963","4903聯光通","110/07/12","統一-土城",17,0,17
"24964","4903聯光通","110/07/12","新光",0,14,-14
"24965","4903聯光通","110/07/12","國票-博愛",14,0,14
"24966","4903聯光通","110/07/12","兆豐-彰化",0,10,-10
"24967","4903聯光通","110/07/12","新光-台中",15,2,13
"24968","4903聯光通","110/07/12","國票",0,10,-10
"24969","4903聯光通","110/07/12","元大-彰化",11,0,11
"24970","4903聯光通","110/07/12","富邦-敦南",0,10,-10
"24971","4903聯光通","110/07/12","華南永昌-林口",10,0,10
"24972","4903聯光通","110/07/12","元大-前金",0,9,-9
"24973","4903聯光通","110/07/12","永豐金-南投",9,0,9
"24974","4903聯光通","110/07/12","日盛-頭份",0,8,-8
"24975","4903聯光通","110/07/12","元大-清水",8,0,8
"24976","4903聯光通","110/07/12","元大-太平",0,8,-8
"24977","4903聯光通","110/07/12","元大-博愛",8,0,8
"24978","4903聯光通","110/07/12","兆豐-埔墘",0,7,-7
"24979","4903聯光通","110/07/12","玉山-新莊",5,0,5
"24980","4903聯光通","110/07/12","臺銀-民權",0,5,-5
"24981","4903聯光通","110/07/12","凱基-士林",10,5,5
"24982","4903聯光通","110/07/12","富邦-板橋",0,5,-5
"24983","4903聯光通","110/07/12","元大-斗六",4,0,4
"24984","4903聯光通","110/07/12","元大-土城永寧",0,5,-5
"24985","4903聯光通","110/07/12","永豐金-羅東",4,0,4
"24986","4903聯光通","110/07/12","台新證券",0,4,-4
"24987","4903聯光通","110/07/12","日盛-樹林",3,0,3
"24988","4903聯光通","110/07/12","凱基-中壢",0,4,-4
"24989","4903聯光通","110/07/12","華南永昌-鶯歌",2,0,2
"24990","4903聯光通","110/07/12","元大-羅東",0,4,-4
"24991","2929淘帝","110/07/12","新光-台中",95,36,59
"24992","2929淘帝","110/07/12","華南永昌-林口",7,208,-201
"24993","2929淘帝","110/07/12","富邦-板橋",62,5,57
"24994","2929淘帝","110/07/12","富邦-台北",6,200,-194
"24995","2929淘帝","110/07/12","合庫-高雄",56,6,50
"24996","2929淘帝","110/07/12","元富-大裕",11,200,-189
"24997","2929淘帝","110/07/12","永興",41,0,41
"24998","2929淘帝","110/07/12","台中銀-台北",0,160,-160
"24999","2929淘帝","110/07/12","兆豐-忠孝",58,18,40
"25000","2929淘帝","110/07/12","日盛-園區",1,111,-110
"25001","2929淘帝","110/07/12","新光-高雄",39,3,36
"25002","2929淘帝","110/07/12","日盛-八德",0,88,-88
"25003","2929淘帝","110/07/12","凱基-豐中",36,0,36
"25004","2929淘帝","110/07/12","玉山-新竹",32,110,-78
"25005","2929淘帝","110/07/12","元大-民生",35,0,35
"25006","2929淘帝","110/07/12","元大-前金",0,72,-72
"25007","2929淘帝","110/07/12","臺銀-臺南",32,1,31
"25008","2929淘帝","110/07/12","元大-館前",12,83,-71
"25009","2929淘帝","110/07/12","台新證券",44,13,31
"25010","2929淘帝","110/07/12","華南永昌",1,57,-56
"25011","2929淘帝","110/07/12","新百王",30,0,30
"25012","2929淘帝","110/07/12","元大-南崁",4,59,-55
"25013","2929淘帝","110/07/12","群益金鼎-大興",30,0,30
"25014","2929淘帝","110/07/12","元大-嘉義",0,51,-51
"25015","2929淘帝","110/07/12","凱基-台北",32,5,27
"25016","2929淘帝","110/07/12","日茂",1,50,-49
"25017","2929淘帝","110/07/12","元富-城東",26,0,26
"25018","2929淘帝","110/07/12","新光",35,83,-48
"25019","2929淘帝","110/07/12","國泰-松江",26,0,26
"25020","2929淘帝","110/07/12","日盛-新竹",1,48,-47
"25021","5410國眾","110/07/12","群益金鼎-中壢",68,0,68
"25022","5410國眾","110/07/12","摩根大通",6,67,-61
"25023","5410國眾","110/07/12","凱基-市政",40,0,40
"25024","5410國眾","110/07/12","元富-嘉義",0,60,-60
"25025","5410國眾","110/07/12","凱基-竹北",38,0,38
"25026","5410國眾","110/07/12","凱基-台北",0,51,-51
"25027","5410國眾","110/07/12","華南永昌-三重",30,0,30
"25028","5410國眾","110/07/12","元富-大裕",0,33,-33
"25029","5410國眾","110/07/12","永興",20,0,20
"25030","5410國眾","110/07/12","日盛-木柵",0,15,-15
"25031","5410國眾","110/07/12","統一-新台中",20,0,20
"25032","5410國眾","110/07/12","群益金鼎-民權",0,15,-15
"25033","5410國眾","110/07/12","兆豐-三重",20,0,20
"25034","5410國眾","110/07/12","元富-緯城",0,14,-14
"25035","5410國眾","110/07/12","富邦-台中",20,0,20
"25036","5410國眾","110/07/12","元大-大同",0,12,-12
"25037","5410國眾","110/07/12","臺銀",15,0,15
"25038","5410國眾","110/07/12","元大-莒光",0,10,-10
"25039","5410國眾","110/07/12","新光-桃園",20,6,14
"25040","5410國眾","110/07/12","元大-博愛",0,10,-10
"25041","5410國眾","110/07/12","元大-員林",12,0,12
"25042","5410國眾","110/07/12","日盛-永康",0,8,-8
"25043","5410國眾","110/07/12","日盛-員林",10,0,10
"25044","5410國眾","110/07/12","元大-四維",5,13,-8
"25045","5410國眾","110/07/12","元大-新盛",10,0,10
"25046","5410國眾","110/07/12","新加坡商瑞銀",0,7,-7
"25047","5410國眾","110/07/12","永豐金-台南",10,0,10
"25048","5410國眾","110/07/12","致和-金華",0,7,-7
"25049","5410國眾","110/07/12","元富-新莊",8,0,8
"25050","5410國眾","110/07/12","新光-新竹",0,7,-7
"25051","2841台開","110/07/12","永豐金-敦南",139,26,113
"25052","2841台開","110/07/12","華南永昌-朴子",0,528,-528
"25053","2841台開","110/07/12","日盛-雙和",68,0,68
"25054","2841台開","110/07/12","元大-苑裡",2,50,-48
"25055","2841台開","110/07/12","台新證券",62,4,58
"25056","2841台開","110/07/12","群益金鼎-東湖",0,40,-40
"25057","2841台開","110/07/12","凱基-文心",50,0,50
"25058","2841台開","110/07/12","第一金-員林",0,30,-30
"25059","2841台開","110/07/12","第一金-台中",45,0,45
"25060","2841台開","110/07/12","德信-中正",0,20,-20
"25061","2841台開","110/07/12","富邦-嘉義",40,0,40
"25062","2841台開","110/07/12","兆豐-嘉義",0,20,-20
"25063","2841台開","110/07/12","日盛-木柵",30,0,30
"25064","2841台開","110/07/12","彰銀-七賢",0,15,-15
"25065","2841台開","110/07/12","中國信託-文心",31,3,28
"25066","2841台開","110/07/12","元大-承德",0,14,-14
"25067","2841台開","110/07/12","元大-福營",30,7,23
"25068","2841台開","110/07/12","元富",0,12,-12
"25069","2841台開","110/07/12","台中銀",20,0,20
"25070","2841台開","110/07/12","富邦-陽明",0,11,-11
"25071","2841台開","110/07/12","國泰-板橋",20,0,20
"25072","2841台開","110/07/12","元大證券",0,11,-11
"25073","2841台開","110/07/12","元大-前金",20,0,20
"25074","2841台開","110/07/12","元大-大甲",0,10,-10
"25075","2841台開","110/07/12","中國信託-高雄",16,1,15
"25076","2841台開","110/07/12","日盛-新竹",0,8,-8
"25077","2841台開","110/07/12","陽信-石牌",15,0,15
"25078","2841台開","110/07/12","元富-城東",0,8,-8
"25079","2841台開","110/07/12","永豐金-南投",15,0,15
"25080","2841台開","110/07/12","玉山-台南",2,10,-8
"25081","6207雷科","110/07/12","元大-高雄",34,0,34
"25082","6207雷科","110/07/12","永豐金-三重",1,32,-31
"25083","6207雷科","110/07/12","華南永昌-林口",16,1,15
"25084","6207雷科","110/07/12","永全-八德",0,30,-30
"25085","6207雷科","110/07/12","摩根大通",19,6,13
"25086","6207雷科","110/07/12","國泰-台中",0,14,-14
"25087","6207雷科","110/07/12","元富-埔里",10,0,10
"25088","6207雷科","110/07/12","第一金-澎湖",0,10,-10
"25089","6207雷科","110/07/12","凱基-台南",10,0,10
"25090","6207雷科","110/07/12","元富-林園",0,10,-10
"25091","6207雷科","110/07/12","新加坡商瑞銀",9,0,9
"25092","6207雷科","110/07/12","元大-東門",0,10,-10
"25093","6207雷科","110/07/12","瑞士信貸",8,0,8
"25094","6207雷科","110/07/12","兆豐-嘉義",0,4,-4
"25095","6207雷科","110/07/12","中國信託-高雄",9,1,8
"25096","6207雷科","110/07/12","新光",0,4,-4
"25097","6207雷科","110/07/12","凱基-高雄",6,0,6
"25098","6207雷科","110/07/12","新光-台中",0,4,-4
"25099","6207雷科","110/07/12","元大-六合",6,0,6
"25100","6207雷科","110/07/12","群益金鼎-開元",0,4,-4
"25101","6207雷科","110/07/12","永豐金-信義",6,0,6
"25102","6207雷科","110/07/12","凱基-桃園",0,4,-4
"25103","6207雷科","110/07/12","群益金鼎-土城",5,0,5
"25104","6207雷科","110/07/12","凱基-民權",0,4,-4
"25105","6207雷科","110/07/12","群益金鼎-竹南",5,0,5
"25106","6207雷科","110/07/12","玉山-新莊",0,3,-3
"25107","6207雷科","110/07/12","元大-大灣",5,1,4
"25108","6207雷科","110/07/12","國泰-松江",0,3,-3
"25109","6207雷科","110/07/12","永興",3,0,3
"25110","6207雷科","110/07/12","富邦-羅東",0,3,-3
"25111","3679新至陞","110/07/12","富邦-新竹華信",40,2,38
"25112","3679新至陞","110/07/12","瑞士信貸",0,45,-45
"25113","3679新至陞","110/07/12","台中銀-員林",28,2,26
"25114","3679新至陞","110/07/12","永豐金-天母",0,39,-39
"25115","3679新至陞","110/07/12","聯邦-大業",24,0,24
"25116","3679新至陞","110/07/12","摩根大通",7,35,-28
"25117","3679新至陞","110/07/12","永豐金證券",20,0,20
"25118","3679新至陞","110/07/12","凱基-台北",8,36,-28
"25119","3679新至陞","110/07/12","港商法國興業",14,0,14
"25120","3679新至陞","110/07/12","華南永昌-小港",1,23,-22
"25121","3679新至陞","110/07/12","日盛-樹林",13,1,12
"25122","3679新至陞","110/07/12","台新-台中",0,15,-15
"25123","3679新至陞","110/07/12","國泰-桃園",9,0,9
"25124","3679新至陞","110/07/12","統一-台中",0,12,-12
"25125","3679新至陞","110/07/12","宏遠-館前",8,0,8
"25126","3679新至陞","110/07/12","元大-成功",1,12,-11
"25127","3679新至陞","110/07/12","凱基",10,2,8
"25128","3679新至陞","110/07/12","康和-澎湖",0,8,-8
"25129","3679新至陞","110/07/12","(牛牛牛)亞-網路",7,0,7
"25130","3679新至陞","110/07/12","新加坡商瑞銀",0,7,-7
"25131","3679新至陞","110/07/12","兆豐-員林",7,0,7
"25132","3679新至陞","110/07/12","兆豐-來福",0,7,-7
"25133","3679新至陞","110/07/12","大慶-蘆洲",5,0,5
"25134","3679新至陞","110/07/12","元大-佳里",0,6,-6
"25135","3679新至陞","110/07/12","土銀-花蓮",4,0,4
"25136","3679新至陞","110/07/12","美商高盛",0,5,-5
"25137","3679新至陞","110/07/12","台新-高雄",5,1,4
"25138","3679新至陞","110/07/12","國票-新莊",0,5,-5
"25139","3679新至陞","110/07/12","元大-天母",4,0,4
"25140","3679新至陞","110/07/12","台新-屏東",0,5,-5
"25141","2727王品","110/07/12","凱基-台北",354,198,156
"25142","2727王品","110/07/12","台灣摩根士丹利",5,386,-381
"25143","2727王品","110/07/12","統一-城中",159,22,137
"25144","2727王品","110/07/12","元大-嘉義",4,60,-56
"25145","2727王品","110/07/12","日盛-忠孝",60,0,60
"25146","2727王品","110/07/12","元大-大同",2,44,-42
"25147","2727王品","110/07/12","永豐金-忠孝",45,5,40
"25148","2727王品","110/07/12","國泰-台中",32,73,-41
"25149","2727王品","110/07/12","合庫-新竹",31,0,31
"25150","2727王品","110/07/12","元大證券",127,163,-36
"25151","2727王品","110/07/12","富邦-台中",31,3,28
"25152","2727王品","110/07/12","凱基",1,33,-32
"25153","2727王品","110/07/12","元大-桃園",35,10,25
"25154","2727王品","110/07/12","永全-南崁",1,31,-30
"25155","2727王品","110/07/12","新加坡商瑞銀",28,4,24
"25156","2727王品","110/07/12","凱基-和平",2,32,-30
"25157","2727王品","110/07/12","群益金鼎-古亭",25,2,23
"25158","2727王品","110/07/12","永豐金-大園",8,38,-30
"25159","2727王品","110/07/12","元大-龍潭",29,7,22
"25160","2727王品","110/07/12","瑞士信貸",0,28,-28
"25161","2727王品","110/07/12","永豐金-永康",25,3,22
"25162","2727王品","110/07/12","元富",17,44,-27
"25163","2727王品","110/07/12","富邦-竹北",24,3,21
"25164","2727王品","110/07/12","元大-北屯",5,32,-27
"25165","2727王品","110/07/12","群益金鼎-松山",20,0,20
"25166","2727王品","110/07/12","華南永昌",3,28,-25
"25167","2727王品","110/07/12","元大-八德",20,0,20
"25168","2727王品","110/07/12","統一-竹南",1,23,-22
"25169","2727王品","110/07/12","元大-南京",25,6,19
"25170","2727王品","110/07/12","永豐金證券",4,26,-22
"25171","1570力肯","110/07/12","國票-北高雄",40,0,40
"25172","1570力肯","110/07/12","日盛-竹北",0,40,-40
"25173","1570力肯","110/07/12","摩根大通",16,0,16
"25174","1570力肯","110/07/12","第一金-華江",1,38,-37
"25175","1570力肯","110/07/12","新光",31,19,12
"25176","1570力肯","110/07/12","元大-永春",0,26,-26
"25177","1570力肯","110/07/12","元大-台中中港",12,0,12
"25178","1570力肯","110/07/12","元大-古亭",1,20,-19
"25179","1570力肯","110/07/12","日盛-高雄",10,0,10
"25180","1570力肯","110/07/12","國泰-松江",0,16,-16
"25181","1570力肯","110/07/12","第一金-路竹",10,0,10
"25182","1570力肯","110/07/12","台新-台南",0,15,-15
"25183","1570力肯","110/07/12","台新-新莊",10,0,10
"25184","1570力肯","110/07/12","康和-石牌",0,15,-15
"25185","1570力肯","110/07/12","元大-新盛",9,0,9
"25186","1570力肯","110/07/12","國泰-板橋",0,11,-11
"25187","1570力肯","110/07/12","凱基-台北",8,0,8
"25188","1570力肯","110/07/12","元大-高雄",0,11,-11
"25189","1570力肯","110/07/12","彰銀-七賢",6,0,6
"25190","1570力肯","110/07/12","兆豐-桃園",0,10,-10
"25191","1570力肯","110/07/12","元富-緯城",6,0,6
"25192","1570力肯","110/07/12","元大-大益",0,10,-10
"25193","1570力肯","110/07/12","華南永昌-古亭",6,0,6
"25194","1570力肯","110/07/12","中國信託-文心",0,5,-5
"25195","1570力肯","110/07/12","富邦-陽明",6,0,6
"25196","1570力肯","110/07/12","光和",0,5,-5
"25197","1570力肯","110/07/12","臺銀-臺南",5,0,5
"25198","1570力肯","110/07/12","陽信-石牌",0,5,-5
"25199","1570力肯","110/07/12","宏遠-館前",5,0,5
"25200","1570力肯","110/07/12","國泰-高雄",0,5,-5
"25201","6180橘子","110/07/12","康和-台中",32,2,30
"25202","6180橘子","110/07/12","新百王",1,40,-39
"25203","6180橘子","110/07/12","美林",32,3,29
"25204","6180橘子","110/07/12","富邦-陽明",4,42,-38
"25205","6180橘子","110/07/12","元大-羅東",21,0,21
"25206","6180橘子","110/07/12","新光",3,32,-29
"25207","6180橘子","110/07/12","兆豐-埔墘",16,0,16
"25208","6180橘子","110/07/12","日盛-文化",4,20,-16
"25209","6180橘子","110/07/12","元大-雙和",12,0,12
"25210","6180橘子","110/07/12","華南永昌-鶯歌",0,15,-15
"25211","6180橘子","110/07/12","美商高盛",18,7,11
"25212","6180橘子","110/07/12","中國信託-忠孝",7,20,-13
"25213","6180橘子","110/07/12","台新證券",14,3,11
"25214","6180橘子","110/07/12","凱基-台北",5,17,-12
"25215","6180橘子","110/07/12","元大-中壢",12,1,11
"25216","6180橘子","110/07/12","凱基-高雄",0,11,-11
"25217","6180橘子","110/07/12","統一-南京",10,0,10
"25218","6180橘子","110/07/12","凱基-大安",0,10,-10
"25219","6180橘子","110/07/12","致和-崇德",10,0,10
"25220","6180橘子","110/07/12","元大-北屯",0,10,-10
"25221","6180橘子","110/07/12","玉山-板橋",10,0,10
"25222","6180橘子","110/07/12","元大-南京",0,9,-9
"25223","6180橘子","110/07/12","富邦-仁愛",10,0,10
"25224","6180橘子","110/07/12","元大-台南",1,10,-9
"25225","6180橘子","110/07/12","摩根大通",10,1,9
"25226","6180橘子","110/07/12","康和-澎湖",0,8,-8
"25227","6180橘子","110/07/12","元富-林園",8,0,8
"25228","6180橘子","110/07/12","第一金-台中",0,7,-7
"25229","6180橘子","110/07/12","大慶-富順",7,0,7
"25230","6180橘子","110/07/12","台新-台南",1,8,-7
"25231","2390云辰","110/07/12","統一-新台中",170,0,170
"25232","2390云辰","110/07/12","元大-天母",2,450,-448
"25233","2390云辰","110/07/12","華南永昌-麻豆",137,2,135
"25234","2390云辰","110/07/12","國泰-忠孝",1,143,-142
"25235","2390云辰","110/07/12","元富-成功",103,14,89
"25236","2390云辰","110/07/12","摩根大通",377,512,-135
"25237","2390云辰","110/07/12","元大-土城學府",146,69,77
"25238","2390云辰","110/07/12","台灣摩根士丹利",0,91,-91
"25239","2390云辰","110/07/12","永豐金-永康",76,4,72
"25240","2390云辰","110/07/12","美林",84,146,-62
"25241","2390云辰","110/07/12","台中銀",73,2,71
"25242","2390云辰","110/07/12","華南永昌-嘉義",2,61,-59
"25243","2390云辰","110/07/12","大昌",63,3,60
"25244","2390云辰","110/07/12","永豐金-羅東",0,49,-49
"25245","2390云辰","110/07/12","合庫-三重",50,0,50
"25246","2390云辰","110/07/12","玉山-台中",6,53,-47
"25247","2390云辰","110/07/12","元富-高雄",93,50,43
"25248","2390云辰","110/07/12","玉山-新莊",2,48,-46
"25249","2390云辰","110/07/12","元大-館前",40,4,36
"25250","2390云辰","110/07/12","元大-大里",7,52,-45
"25251","2390云辰","110/07/12","港商野村",143,109,34
"25252","2390云辰","110/07/12","元大-內湖",3,48,-45
"25253","2390云辰","110/07/12","元大-雙和",34,0,34
"25254","2390云辰","110/07/12","永豐金-市政",1,42,-41
"25255","2390云辰","110/07/12","群益金鼎-民權",33,2,31
"25256","2390云辰","110/07/12","元大-學甲",1,41,-40
"25257","2390云辰","110/07/12","日盛-八德",40,10,30
"25258","2390云辰","110/07/12","兆豐-高雄",2,41,-39
"25259","2390云辰","110/07/12","國票-嘉義",30,0,30
"25260","2390云辰","110/07/12","新加坡商瑞銀",21,59,-38
"25261","4903聯光通","110/07/09","元大-敦南",10,0,10
"25262","4903聯光通","110/07/09","第一金-台中",0,12,-12
"25263","4903聯光通","110/07/09","凱基-士林",5,0,5
"25264","4903聯光通","110/07/09","日盛-忠孝",0,3,-3
"25265","4903聯光通","110/07/09","元大-苗栗",5,0,5
"25266","4903聯光通","110/07/09","群益金鼎-崇德",0,3,-3
"25267","4903聯光通","110/07/09","元大-屏南",3,0,3
"25268","4903聯光通","110/07/09","國票-內壢",0,2,-2
"25269","4903聯光通","110/07/09","中國信託-永康",1,0,1
"25270","4903聯光通","110/07/09","康和-南崁",0,2,-2
"25271","4903聯光通","110/07/09","玉山證券",1,0,1
"25272","4903聯光通","110/07/09","新光-台中",0,2,-2
"25273","4903聯光通","110/07/09","元大-太平",4,3,1
"25274","4903聯光通","110/07/09","玉山-城中",0,2,-2
"25275","4903聯光通","110/07/09","永豐金-嘉義",1,0,1
"25276","4903聯光通","110/07/09","中國信託-文心",0,1,-1
"25277","4903聯光通","110/07/09","大昌",0,0,0
"25278","4903聯光通","110/07/09","大昌",0,0,0
"25279","4903聯光通","110/07/09","中農",0,0,0
"25280","4903聯光通","110/07/09","中農",0,0,0
"25281","4903聯光通","110/07/09","",NA,NA,NA
"25282","4903聯光通","110/07/09","",NA,NA,NA
"25283","4903聯光通","110/07/09","",NA,NA,NA
"25284","4903聯光通","110/07/09","",NA,NA,NA
"25285","4903聯光通","110/07/09","",NA,NA,NA
"25286","4903聯光通","110/07/09","",NA,NA,NA
"25287","4903聯光通","110/07/09","",NA,NA,NA
"25288","4903聯光通","110/07/09","",NA,NA,NA
"25289","4903聯光通","110/07/09","",NA,NA,NA
"25290","4903聯光通","110/07/09","",NA,NA,NA
"25291","2929淘帝","110/07/09","台中銀-台北",110,0,110
"25292","2929淘帝","110/07/09","新光",2,82,-80
"25293","2929淘帝","110/07/09","華南永昌-頭份",72,0,72
"25294","2929淘帝","110/07/09","摩根大通",2,63,-61
"25295","2929淘帝","110/07/09","合庫-高雄",71,0,71
"25296","2929淘帝","110/07/09","第一金-路竹",0,50,-50
"25297","2929淘帝","110/07/09","高橋-龍潭",37,0,37
"25298","2929淘帝","110/07/09","港商麥格理",0,42,-42
"25299","2929淘帝","110/07/09","新光-台中",60,26,34
"25300","2929淘帝","110/07/09","陽信-石牌",0,40,-40
"25301","2929淘帝","110/07/09","元富-大裕",22,1,21
"25302","2929淘帝","110/07/09","台新-左楠",1,39,-38
"25303","2929淘帝","110/07/09","合庫-鳳山",20,0,20
"25304","2929淘帝","110/07/09","凱基-桃園",3,29,-26
"25305","2929淘帝","110/07/09","元大-員林",22,2,20
"25306","2929淘帝","110/07/09","兆豐-內湖",0,25,-25
"25307","2929淘帝","110/07/09","台新-建北",15,0,15
"25308","2929淘帝","110/07/09","元大-北港",0,20,-20
"25309","2929淘帝","110/07/09","兆豐-桃園",13,0,13
"25310","2929淘帝","110/07/09","富邦-北港",0,19,-19
"25311","2929淘帝","110/07/09","兆豐-忠孝",10,0,10
"25312","2929淘帝","110/07/09","富邦-花蓮",0,17,-17
"25313","2929淘帝","110/07/09","國票-敦北法人",10,0,10
"25314","2929淘帝","110/07/09","國泰-台中",2,17,-15
"25315","2929淘帝","110/07/09","永豐金-博愛",10,0,10
"25316","2929淘帝","110/07/09","群益金鼎-彰化",0,15,-15
"25317","2929淘帝","110/07/09","群益金鼎-潭子",8,0,8
"25318","2929淘帝","110/07/09","元大-博愛",0,14,-14
"25319","2929淘帝","110/07/09","富邦-南屯",8,0,8
"25320","2929淘帝","110/07/09","日盛-板橋",0,13,-13
"25321","5410國眾","110/07/09","元大-新盛",14,0,14
"25322","5410國眾","110/07/09","(牛牛牛)亞-鑫豐",1,41,-40
"25323","5410國眾","110/07/09","台灣企銀-民雄",10,0,10
"25324","5410國眾","110/07/09","元富-嘉義",0,25,-25
"25325","5410國眾","110/07/09","元富-虎尾",9,0,9
"25326","5410國眾","110/07/09","凱基-高美館",0,10,-10
"25327","5410國眾","110/07/09","摩根大通",10,1,9
"25328","5410國眾","110/07/09","凱基-城中",0,10,-10
"25329","5410國眾","110/07/09","兆豐-北高雄",7,0,7
"25330","5410國眾","110/07/09","元大-頭份",0,10,-10
"25331","5410國眾","110/07/09","凱基-台北",8,1,7
"25332","5410國眾","110/07/09","群益金鼎-丹鳳",0,7,-7
"25333","5410國眾","110/07/09","華南永昌-公誠",7,0,7
"25334","5410國眾","110/07/09","凱基-復興",0,7,-7
"25335","5410國眾","110/07/09","香港上海匯豐",6,0,6
"25336","5410國眾","110/07/09","元大-員林",0,7,-7
"25337","5410國眾","110/07/09","凱基-中壢",6,0,6
"25338","5410國眾","110/07/09","富邦-竹東",0,6,-6
"25339","5410國眾","110/07/09","華南永昌-南京",6,0,6
"25340","5410國眾","110/07/09","亞東-高雄",0,5,-5
"25341","5410國眾","110/07/09","統一-三重",5,0,5
"25342","5410國眾","110/07/09","大慶-中壢",1,6,-5
"25343","5410國眾","110/07/09","富邦-宜蘭",5,0,5
"25344","5410國眾","110/07/09","群益金鼎-中港",0,5,-5
"25345","5410國眾","110/07/09","元大-崇德",5,0,5
"25346","5410國眾","110/07/09","元大-八德",0,5,-5
"25347","5410國眾","110/07/09","元大-博愛",5,0,5
"25348","5410國眾","110/07/09","富邦-基隆",0,4,-4
"25349","5410國眾","110/07/09","元大-龍潭",5,0,5
"25350","5410國眾","110/07/09","臺銀-新竹",0,3,-3
"25351","2841台開","110/07/09","日盛-雙和",102,0,102
"25352","2841台開","110/07/09","港商野村",0,129,-129
"25353","2841台開","110/07/09","元大-館前",70,0,70
"25354","2841台開","110/07/09","兆豐-永和",0,100,-100
"25355","2841台開","110/07/09","凱基-文心",50,0,50
"25356","2841台開","110/07/09","台新證券",7,28,-21
"25357","2841台開","110/07/09","富邦-嘉義",40,0,40
"25358","2841台開","110/07/09","國票-北高雄",0,20,-20
"25359","2841台開","110/07/09","美商高盛",15,0,15
"25360","2841台開","110/07/09","永豐金-敦南",29,46,-17
"25361","2841台開","110/07/09","台中銀",15,0,15
"25362","2841台開","110/07/09","合庫-基隆",0,12,-12
"25363","2841台開","110/07/09","新光",11,0,11
"25364","2841台開","110/07/09","中國信託-松江",0,12,-12
"25365","2841台開","110/07/09","華南永昌-長虹",10,0,10
"25366","2841台開","110/07/09","兆豐-城中",0,12,-12
"25367","2841台開","110/07/09","永豐金-南投",10,0,10
"25368","2841台開","110/07/09","台中銀-豐原",0,10,-10
"25369","2841台開","110/07/09","合庫-桃園",7,0,7
"25370","2841台開","110/07/09","兆豐-景美",0,10,-10
"25371","2841台開","110/07/09","群益金鼎-古亭",7,0,7
"25372","2841台開","110/07/09","群益金鼎-基隆",0,10,-10
"25373","2841台開","110/07/09","國泰-敦南",6,0,6
"25374","2841台開","110/07/09","元大-北三重",0,10,-10
"25375","2841台開","110/07/09","凱基-桃園",8,2,6
"25376","2841台開","110/07/09","(牛牛牛)亞-網路",0,9,-9
"25377","2841台開","110/07/09","日盛證券",5,0,5
"25378","2841台開","110/07/09","台新-高雄",1,10,-9
"25379","2841台開","110/07/09","元富-文心",5,0,5
"25380","2841台開","110/07/09","凱基-台北",0,7,-7
"25381","6207雷科","110/07/09","群益金鼎-新竹",47,0,47
"25382","6207雷科","110/07/09","新光",7,24,-17
"25383","6207雷科","110/07/09","永豐金-三重",31,0,31
"25384","6207雷科","110/07/09","日盛-和美",0,15,-15
"25385","6207雷科","110/07/09","新加坡商瑞銀",33,5,28
"25386","6207雷科","110/07/09","國泰-台南",0,15,-15
"25387","6207雷科","110/07/09","元大-高雄",26,0,26
"25388","6207雷科","110/07/09","華南永昌-古亭",0,14,-14
"25389","6207雷科","110/07/09","統一-員林",22,0,22
"25390","6207雷科","110/07/09","土銀-白河",0,11,-11
"25391","6207雷科","110/07/09","台新-高雄",22,0,22
"25392","6207雷科","110/07/09","日盛-台南",0,10,-10
"25393","6207雷科","110/07/09","摩根大通",34,17,17
"25394","6207雷科","110/07/09","元富-林園",0,10,-10
"25395","6207雷科","110/07/09","元大-博愛",17,1,16
"25396","6207雷科","110/07/09","富邦-園區",0,10,-10
"25397","6207雷科","110/07/09","日茂-埔里",12,0,12
"25398","6207雷科","110/07/09","元大-上新莊",0,10,-10
"25399","6207雷科","110/07/09","國泰-台中",17,6,11
"25400","6207雷科","110/07/09","永豐金-南京",0,10,-10
"25401","6207雷科","110/07/09","富邦-三重",10,0,10
"25402","6207雷科","110/07/09","兆豐-小港",0,6,-6
"25403","6207雷科","110/07/09","元大-沙鹿",10,0,10
"25404","6207雷科","110/07/09","富邦-羅東",1,7,-6
"25405","6207雷科","110/07/09","元大-八德",10,0,10
"25406","6207雷科","110/07/09","元大-土城永寧",0,6,-6
"25407","6207雷科","110/07/09","第一金-路竹",11,2,9
"25408","6207雷科","110/07/09","永豐金-板盛",0,6,-6
"25409","6207雷科","110/07/09","統一-南京",5,0,5
"25410","6207雷科","110/07/09","日盛-板橋",0,5,-5
"25411","3679新至陞","110/07/09","元大-大天母",10,0,10
"25412","3679新至陞","110/07/09","第一金-光復",0,11,-11
"25413","3679新至陞","110/07/09","日盛-樹林",9,0,9
"25414","3679新至陞","110/07/09","瑞士信貸",0,8,-8
"25415","3679新至陞","110/07/09","凱基-台北",11,2,9
"25416","3679新至陞","110/07/09","大慶-苗栗",0,5,-5
"25417","3679新至陞","110/07/09","華南永昌-小港",8,0,8
"25418","3679新至陞","110/07/09","元大-永春",0,5,-5
"25419","3679新至陞","110/07/09","兆豐-來福",7,0,7
"25420","3679新至陞","110/07/09","日盛-和美",0,4,-4
"25421","3679新至陞","110/07/09","香港上海匯豐",5,0,5
"25422","3679新至陞","110/07/09","元大-雙和",0,3,-3
"25423","3679新至陞","110/07/09","台中銀-員林",3,0,3
"25424","3679新至陞","110/07/09","永豐金-屏東",0,3,-3
"25425","3679新至陞","110/07/09","新光",3,0,3
"25426","3679新至陞","110/07/09","彰銀",0,2,-2
"25427","3679新至陞","110/07/09","土銀-花蓮",2,0,2
"25428","3679新至陞","110/07/09","宏遠-館前",0,2,-2
"25429","3679新至陞","110/07/09","第一金-澎湖",2,0,2
"25430","3679新至陞","110/07/09","港商野村",0,2,-2
"25431","3679新至陞","110/07/09","摩根大通",2,0,2
"25432","3679新至陞","110/07/09","大昌-新店",0,2,-2
"25433","3679新至陞","110/07/09","國泰-敦南",2,0,2
"25434","3679新至陞","110/07/09","元大-新莊",0,2,-2
"25435","3679新至陞","110/07/09","元大-淡水",4,2,2
"25436","3679新至陞","110/07/09","元大-板橋",0,2,-2
"25437","3679新至陞","110/07/09","日盛-士林",1,0,1
"25438","3679新至陞","110/07/09","台灣摩根士丹利",0,1,-1
"25439","3679新至陞","110/07/09","日盛-信義",1,0,1
"25440","3679新至陞","110/07/09","第一金-高雄",0,1,-1
"25441","2727王品","110/07/09","台灣匯立證券",90,0,90
"25442","2727王品","110/07/09","台灣摩根士丹利",0,267,-267
"25443","2727王品","110/07/09","國泰-敦南",166,84,82
"25444","2727王品","110/07/09","富邦-台北",35,299,-264
"25445","2727王品","110/07/09","富邦-仁愛",56,12,44
"25446","2727王品","110/07/09","凱基-台北",174,296,-122
"25447","2727王品","110/07/09","台新證券",109,66,43
"25448","2727王品","110/07/09","第一金",2,102,-100
"25449","2727王品","110/07/09","新光",117,87,30
"25450","2727王品","110/07/09","群益金鼎-大安",0,80,-80
"25451","2727王品","110/07/09","臺銀-臺中",35,6,29
"25452","2727王品","110/07/09","兆豐-大安",7,60,-53
"25453","2727王品","110/07/09","元大-桃園",32,3,29
"25454","2727王品","110/07/09","永豐金-南投",0,50,-50
"25455","2727王品","110/07/09","元富-宜蘭",34,6,28
"25456","2727王品","110/07/09","新加坡商瑞銀",6,46,-40
"25457","2727王品","110/07/09","玉山-台中",34,8,26
"25458","2727王品","110/07/09","合庫-彰化",11,50,-39
"25459","2727王品","110/07/09","群益金鼎-宜蘭",30,4,26
"25460","2727王品","110/07/09","永豐金-萬盛",13,52,-39
"25461","2727王品","110/07/09","富邦-台中",42,16,26
"25462","2727王品","110/07/09","瑞士信貸",0,34,-34
"25463","2727王品","110/07/09","第一金-豐原",25,1,24
"25464","2727王品","110/07/09","元大-和平",4,35,-31
"25465","2727王品","110/07/09","臺銀",30,8,22
"25466","2727王品","110/07/09","美林",14,44,-30
"25467","2727王品","110/07/09","兆豐-來福",23,1,22
"25468","2727王品","110/07/09","元大-員林",9,38,-29
"25469","2727王品","110/07/09","玉山-士林",22,2,20
"25470","2727王品","110/07/09","元富-西松",4,31,-27
"25471","1570力肯","110/07/09","凱基-台北",30,1,29
"25472","1570力肯","110/07/09","群益金鼎-彰化",0,20,-20
"25473","1570力肯","110/07/09","新光-台南",20,0,20
"25474","1570力肯","110/07/09","元大-土城學府",0,20,-20
"25475","1570力肯","110/07/09","元大-高雄",20,0,20
"25476","1570力肯","110/07/09","元大-大統",0,16,-16
"25477","1570力肯","110/07/09","國票-中正",12,0,12
"25478","1570力肯","110/07/09","元大-新營",0,11,-11
"25479","1570力肯","110/07/09","日盛-高雄",6,0,6
"25480","1570力肯","110/07/09","元大-和平",0,10,-10
"25481","1570力肯","110/07/09","元富-緯城",6,0,6
"25482","1570力肯","110/07/09","元大-草屯",0,10,-10
"25483","1570力肯","110/07/09","群益金鼎-台南",6,0,6
"25484","1570力肯","110/07/09","元大-鹿港",0,9,-9
"25485","1570力肯","110/07/09","華南永昌-岡山",6,0,6
"25486","1570力肯","110/07/09","合庫-基隆",0,7,-7
"25487","1570力肯","110/07/09","統一-中壢",5,0,5
"25488","1570力肯","110/07/09","摩根大通",2,8,-6
"25489","1570力肯","110/07/09","凱基-三峽",5,0,5
"25490","1570力肯","110/07/09","台灣企銀-豐原",0,4,-4
"25491","1570力肯","110/07/09","大昌-樹林",4,0,4
"25492","1570力肯","110/07/09","日盛-桃園",0,4,-4
"25493","1570力肯","110/07/09","新光",3,0,3
"25494","1570力肯","110/07/09","國泰-高雄",0,3,-3
"25495","1570力肯","110/07/09","富邦-新竹華信",3,0,3
"25496","1570力肯","110/07/09","永豐金-敦南",0,3,-3
"25497","1570力肯","110/07/09","合庫-台中",2,0,2
"25498","1570力肯","110/07/09","土銀-彰化",0,2,-2
"25499","1570力肯","110/07/09","臺銀-臺中",2,0,2
"25500","1570力肯","110/07/09","臺銀-鳳山",0,2,-2
"25501","6180橘子","110/07/09","摩根大通",63,1,62
"25502","6180橘子","110/07/09","元大-南京",1,32,-31
"25503","6180橘子","110/07/09","富邦-陽明",73,33,40
"25504","6180橘子","110/07/09","群益金鼎-台北",0,25,-25
"25505","6180橘子","110/07/09","新加坡商瑞銀",31,0,31
"25506","6180橘子","110/07/09","兆豐-復興",0,21,-21
"25507","6180橘子","110/07/09","美商高盛",25,0,25
"25508","6180橘子","110/07/09","永豐金-嘉義",0,21,-21
"25509","6180橘子","110/07/09","凱基-台北",26,10,16
"25510","6180橘子","110/07/09","凱基-中壢",8,24,-16
"25511","6180橘子","110/07/09","華南永昌-楠梓",13,0,13
"25512","6180橘子","110/07/09","致和-崇德",0,15,-15
"25513","6180橘子","110/07/09","華南永昌-朴子",11,0,11
"25514","6180橘子","110/07/09","群益金鼎-屏東",0,15,-15
"25515","6180橘子","110/07/09","元大-北港",11,0,11
"25516","6180橘子","110/07/09","群益金鼎-中山",0,15,-15
"25517","6180橘子","110/07/09","元大-成功",10,1,9
"25518","6180橘子","110/07/09","瑞士信貸",1,15,-14
"25519","6180橘子","110/07/09","新光",26,18,8
"25520","6180橘子","110/07/09","日盛-二林",0,10,-10
"25521","6180橘子","110/07/09","統一-三重",6,0,6
"25522","6180橘子","110/07/09","凱基-東門",0,10,-10
"25523","6180橘子","110/07/09","群益金鼎-嘉義",6,0,6
"25524","6180橘子","110/07/09","華南永昌-三重",0,10,-10
"25525","6180橘子","110/07/09","元大-員林中山",6,0,6
"25526","6180橘子","110/07/09","元大-彰化民生",1,11,-10
"25527","6180橘子","110/07/09","合庫-鳳山",5,0,5
"25528","6180橘子","110/07/09","永豐金-新店",1,11,-10
"25529","6180橘子","110/07/09","富邦-建國",6,1,5
"25530","6180橘子","110/07/09","群益金鼎-丹鳳",0,8,-8
"25531","2390云辰","110/07/09","摩根大通",279,56,223
"25532","2390云辰","110/07/09","元大-天母",0,127,-127
"25533","2390云辰","110/07/09","日盛-鳳山",110,2,108
"25534","2390云辰","110/07/09","中國信託-文心",5,109,-104
"25535","2390云辰","110/07/09","宏遠證券",100,0,100
"25536","2390云辰","110/07/09","永豐金-復興",0,55,-55
"25537","2390云辰","110/07/09","元大-大里",63,6,57
"25538","2390云辰","110/07/09","凱基-台北",239,286,-47
"25539","2390云辰","110/07/09","凱基-八德",59,10,49
"25540","2390云辰","110/07/09","德信",2,32,-30
"25541","2390云辰","110/07/09","合庫-新竹",40,0,40
"25542","2390云辰","110/07/09","兆豐-桃鶯",2,32,-30
"25543","2390云辰","110/07/09","國票",40,1,39
"25544","2390云辰","110/07/09","致和-南京",0,30,-30
"25545","2390云辰","110/07/09","新加坡商瑞銀",49,13,36
"25546","2390云辰","110/07/09","富邦-虎尾",1,31,-30
"25547","2390云辰","110/07/09","統一-新台中",36,2,34
"25548","2390云辰","110/07/09","元大-善化",2,31,-29
"25549","2390云辰","110/07/09","國票-嘉義",31,0,31
"25550","2390云辰","110/07/09","富邦-板橋",0,27,-27
"25551","2390云辰","110/07/09","華南永昌",35,7,28
"25552","2390云辰","110/07/09","富邦-永和",3,28,-25
"25553","2390云辰","110/07/09","玉山-台中",49,22,27
"25554","2390云辰","110/07/09","第一金-自由",20,44,-24
"25555","2390云辰","110/07/09","華南永昌-敦南",25,0,25
"25556","2390云辰","110/07/09","凱基-內湖",0,24,-24
"25557","2390云辰","110/07/09","新光-高雄",27,4,23
"25558","2390云辰","110/07/09","元大-汐止",1,24,-23
"25559","2390云辰","110/07/09","台灣摩根士丹利",85,63,22
"25560","2390云辰","110/07/09","新光-台中",12,33,-21
"25561","4903聯光通","110/07/09","元大-敦南",10,0,10
"25562","4903聯光通","110/07/09","第一金-台中",0,12,-12
"25563","4903聯光通","110/07/09","凱基-士林",5,0,5
"25564","4903聯光通","110/07/09","日盛-忠孝",0,3,-3
"25565","4903聯光通","110/07/09","元大-苗栗",5,0,5
"25566","4903聯光通","110/07/09","群益金鼎-崇德",0,3,-3
"25567","4903聯光通","110/07/09","元大-屏南",3,0,3
"25568","4903聯光通","110/07/09","國票-內壢",0,2,-2
"25569","4903聯光通","110/07/09","中國信託-永康",1,0,1
"25570","4903聯光通","110/07/09","康和-南崁",0,2,-2
"25571","4903聯光通","110/07/09","玉山證券",1,0,1
"25572","4903聯光通","110/07/09","新光-台中",0,2,-2
"25573","4903聯光通","110/07/09","元大-太平",4,3,1
"25574","4903聯光通","110/07/09","玉山-城中",0,2,-2
"25575","4903聯光通","110/07/09","永豐金-嘉義",1,0,1
"25576","4903聯光通","110/07/09","中國信託-文心",0,1,-1
"25577","4903聯光通","110/07/09","大昌",0,0,0
"25578","4903聯光通","110/07/09","大昌",0,0,0
"25579","4903聯光通","110/07/09","中農",0,0,0
"25580","4903聯光通","110/07/09","中農",0,0,0
"25581","4903聯光通","110/07/09","",NA,NA,NA
"25582","4903聯光通","110/07/09","",NA,NA,NA
"25583","4903聯光通","110/07/09","",NA,NA,NA
"25584","4903聯光通","110/07/09","",NA,NA,NA
"25585","4903聯光通","110/07/09","",NA,NA,NA
"25586","4903聯光通","110/07/09","",NA,NA,NA
"25587","4903聯光通","110/07/09","",NA,NA,NA
"25588","4903聯光通","110/07/09","",NA,NA,NA
"25589","4903聯光通","110/07/09","",NA,NA,NA
"25590","4903聯光通","110/07/09","",NA,NA,NA
"25591","2929淘帝","110/07/09","台中銀-台北",110,0,110
"25592","2929淘帝","110/07/09","新光",2,82,-80
"25593","2929淘帝","110/07/09","華南永昌-頭份",72,0,72
"25594","2929淘帝","110/07/09","摩根大通",2,63,-61
"25595","2929淘帝","110/07/09","合庫-高雄",71,0,71
"25596","2929淘帝","110/07/09","第一金-路竹",0,50,-50
"25597","2929淘帝","110/07/09","高橋-龍潭",37,0,37
"25598","2929淘帝","110/07/09","港商麥格理",0,42,-42
"25599","2929淘帝","110/07/09","新光-台中",60,26,34
"25600","2929淘帝","110/07/09","陽信-石牌",0,40,-40
"25601","2929淘帝","110/07/09","元富-大裕",22,1,21
"25602","2929淘帝","110/07/09","台新-左楠",1,39,-38
"25603","2929淘帝","110/07/09","合庫-鳳山",20,0,20
"25604","2929淘帝","110/07/09","凱基-桃園",3,29,-26
"25605","2929淘帝","110/07/09","元大-員林",22,2,20
"25606","2929淘帝","110/07/09","兆豐-內湖",0,25,-25
"25607","2929淘帝","110/07/09","台新-建北",15,0,15
"25608","2929淘帝","110/07/09","元大-北港",0,20,-20
"25609","2929淘帝","110/07/09","兆豐-桃園",13,0,13
"25610","2929淘帝","110/07/09","富邦-北港",0,19,-19
"25611","2929淘帝","110/07/09","兆豐-忠孝",10,0,10
"25612","2929淘帝","110/07/09","富邦-花蓮",0,17,-17
"25613","2929淘帝","110/07/09","國票-敦北法人",10,0,10
"25614","2929淘帝","110/07/09","國泰-台中",2,17,-15
"25615","2929淘帝","110/07/09","永豐金-博愛",10,0,10
"25616","2929淘帝","110/07/09","群益金鼎-彰化",0,15,-15
"25617","2929淘帝","110/07/09","群益金鼎-潭子",8,0,8
"25618","2929淘帝","110/07/09","元大-博愛",0,14,-14
"25619","2929淘帝","110/07/09","富邦-南屯",8,0,8
"25620","2929淘帝","110/07/09","日盛-板橋",0,13,-13
"25621","5410國眾","110/07/09","元大-新盛",14,0,14
"25622","5410國眾","110/07/09","(牛牛牛)亞-鑫豐",1,41,-40
"25623","5410國眾","110/07/09","台灣企銀-民雄",10,0,10
"25624","5410國眾","110/07/09","元富-嘉義",0,25,-25
"25625","5410國眾","110/07/09","元富-虎尾",9,0,9
"25626","5410國眾","110/07/09","凱基-高美館",0,10,-10
"25627","5410國眾","110/07/09","摩根大通",10,1,9
"25628","5410國眾","110/07/09","凱基-城中",0,10,-10
"25629","5410國眾","110/07/09","兆豐-北高雄",7,0,7
"25630","5410國眾","110/07/09","元大-頭份",0,10,-10
"25631","5410國眾","110/07/09","凱基-台北",8,1,7
"25632","5410國眾","110/07/09","群益金鼎-丹鳳",0,7,-7
"25633","5410國眾","110/07/09","華南永昌-公誠",7,0,7
"25634","5410國眾","110/07/09","凱基-復興",0,7,-7
"25635","5410國眾","110/07/09","香港上海匯豐",6,0,6
"25636","5410國眾","110/07/09","元大-員林",0,7,-7
"25637","5410國眾","110/07/09","凱基-中壢",6,0,6
"25638","5410國眾","110/07/09","富邦-竹東",0,6,-6
"25639","5410國眾","110/07/09","華南永昌-南京",6,0,6
"25640","5410國眾","110/07/09","亞東-高雄",0,5,-5
"25641","5410國眾","110/07/09","統一-三重",5,0,5
"25642","5410國眾","110/07/09","大慶-中壢",1,6,-5
"25643","5410國眾","110/07/09","富邦-宜蘭",5,0,5
"25644","5410國眾","110/07/09","群益金鼎-中港",0,5,-5
"25645","5410國眾","110/07/09","元大-崇德",5,0,5
"25646","5410國眾","110/07/09","元大-八德",0,5,-5
"25647","5410國眾","110/07/09","元大-博愛",5,0,5
"25648","5410國眾","110/07/09","富邦-基隆",0,4,-4
"25649","5410國眾","110/07/09","元大-龍潭",5,0,5
"25650","5410國眾","110/07/09","臺銀-新竹",0,3,-3
"25651","2841台開","110/07/09","日盛-雙和",102,0,102
"25652","2841台開","110/07/09","港商野村",0,129,-129
"25653","2841台開","110/07/09","元大-館前",70,0,70
"25654","2841台開","110/07/09","兆豐-永和",0,100,-100
"25655","2841台開","110/07/09","凱基-文心",50,0,50
"25656","2841台開","110/07/09","台新證券",7,28,-21
"25657","2841台開","110/07/09","富邦-嘉義",40,0,40
"25658","2841台開","110/07/09","國票-北高雄",0,20,-20
"25659","2841台開","110/07/09","美商高盛",15,0,15
"25660","2841台開","110/07/09","永豐金-敦南",29,46,-17
"25661","2841台開","110/07/09","台中銀",15,0,15
"25662","2841台開","110/07/09","合庫-基隆",0,12,-12
"25663","2841台開","110/07/09","新光",11,0,11
"25664","2841台開","110/07/09","中國信託-松江",0,12,-12
"25665","2841台開","110/07/09","華南永昌-長虹",10,0,10
"25666","2841台開","110/07/09","兆豐-城中",0,12,-12
"25667","2841台開","110/07/09","永豐金-南投",10,0,10
"25668","2841台開","110/07/09","台中銀-豐原",0,10,-10
"25669","2841台開","110/07/09","合庫-桃園",7,0,7
"25670","2841台開","110/07/09","兆豐-景美",0,10,-10
"25671","2841台開","110/07/09","群益金鼎-古亭",7,0,7
"25672","2841台開","110/07/09","群益金鼎-基隆",0,10,-10
"25673","2841台開","110/07/09","國泰-敦南",6,0,6
"25674","2841台開","110/07/09","元大-北三重",0,10,-10
"25675","2841台開","110/07/09","凱基-桃園",8,2,6
"25676","2841台開","110/07/09","(牛牛牛)亞-網路",0,9,-9
"25677","2841台開","110/07/09","日盛證券",5,0,5
"25678","2841台開","110/07/09","台新-高雄",1,10,-9
"25679","2841台開","110/07/09","元富-文心",5,0,5
"25680","2841台開","110/07/09","凱基-台北",0,7,-7
"25681","6207雷科","110/07/09","群益金鼎-新竹",47,0,47
"25682","6207雷科","110/07/09","新光",7,24,-17
"25683","6207雷科","110/07/09","永豐金-三重",31,0,31
"25684","6207雷科","110/07/09","日盛-和美",0,15,-15
"25685","6207雷科","110/07/09","新加坡商瑞銀",33,5,28
"25686","6207雷科","110/07/09","國泰-台南",0,15,-15
"25687","6207雷科","110/07/09","元大-高雄",26,0,26
"25688","6207雷科","110/07/09","華南永昌-古亭",0,14,-14
"25689","6207雷科","110/07/09","統一-員林",22,0,22
"25690","6207雷科","110/07/09","土銀-白河",0,11,-11
"25691","6207雷科","110/07/09","台新-高雄",22,0,22
"25692","6207雷科","110/07/09","日盛-台南",0,10,-10
"25693","6207雷科","110/07/09","摩根大通",34,17,17
"25694","6207雷科","110/07/09","元富-林園",0,10,-10
"25695","6207雷科","110/07/09","元大-博愛",17,1,16
"25696","6207雷科","110/07/09","富邦-園區",0,10,-10
"25697","6207雷科","110/07/09","日茂-埔里",12,0,12
"25698","6207雷科","110/07/09","元大-上新莊",0,10,-10
"25699","6207雷科","110/07/09","國泰-台中",17,6,11
"25700","6207雷科","110/07/09","永豐金-南京",0,10,-10
"25701","6207雷科","110/07/09","富邦-三重",10,0,10
"25702","6207雷科","110/07/09","兆豐-小港",0,6,-6
"25703","6207雷科","110/07/09","元大-沙鹿",10,0,10
"25704","6207雷科","110/07/09","富邦-羅東",1,7,-6
"25705","6207雷科","110/07/09","元大-八德",10,0,10
"25706","6207雷科","110/07/09","元大-土城永寧",0,6,-6
"25707","6207雷科","110/07/09","第一金-路竹",11,2,9
"25708","6207雷科","110/07/09","永豐金-板盛",0,6,-6
"25709","6207雷科","110/07/09","統一-南京",5,0,5
"25710","6207雷科","110/07/09","日盛-板橋",0,5,-5
"25711","3679新至陞","110/07/09","元大-大天母",10,0,10
"25712","3679新至陞","110/07/09","第一金-光復",0,11,-11
"25713","3679新至陞","110/07/09","日盛-樹林",9,0,9
"25714","3679新至陞","110/07/09","瑞士信貸",0,8,-8
"25715","3679新至陞","110/07/09","凱基-台北",11,2,9
"25716","3679新至陞","110/07/09","大慶-苗栗",0,5,-5
"25717","3679新至陞","110/07/09","華南永昌-小港",8,0,8
"25718","3679新至陞","110/07/09","元大-永春",0,5,-5
"25719","3679新至陞","110/07/09","兆豐-來福",7,0,7
"25720","3679新至陞","110/07/09","日盛-和美",0,4,-4
"25721","3679新至陞","110/07/09","香港上海匯豐",5,0,5
"25722","3679新至陞","110/07/09","元大-雙和",0,3,-3
"25723","3679新至陞","110/07/09","台中銀-員林",3,0,3
"25724","3679新至陞","110/07/09","永豐金-屏東",0,3,-3
"25725","3679新至陞","110/07/09","新光",3,0,3
"25726","3679新至陞","110/07/09","彰銀",0,2,-2
"25727","3679新至陞","110/07/09","土銀-花蓮",2,0,2
"25728","3679新至陞","110/07/09","宏遠-館前",0,2,-2
"25729","3679新至陞","110/07/09","第一金-澎湖",2,0,2
"25730","3679新至陞","110/07/09","港商野村",0,2,-2
"25731","3679新至陞","110/07/09","摩根大通",2,0,2
"25732","3679新至陞","110/07/09","大昌-新店",0,2,-2
"25733","3679新至陞","110/07/09","國泰-敦南",2,0,2
"25734","3679新至陞","110/07/09","元大-新莊",0,2,-2
"25735","3679新至陞","110/07/09","元大-淡水",4,2,2
"25736","3679新至陞","110/07/09","元大-板橋",0,2,-2
"25737","3679新至陞","110/07/09","日盛-士林",1,0,1
"25738","3679新至陞","110/07/09","台灣摩根士丹利",0,1,-1
"25739","3679新至陞","110/07/09","日盛-信義",1,0,1
"25740","3679新至陞","110/07/09","第一金-高雄",0,1,-1
"25741","2727王品","110/07/09","台灣匯立證券",90,0,90
"25742","2727王品","110/07/09","台灣摩根士丹利",0,267,-267
"25743","2727王品","110/07/09","國泰-敦南",166,84,82
"25744","2727王品","110/07/09","富邦-台北",35,299,-264
"25745","2727王品","110/07/09","富邦-仁愛",56,12,44
"25746","2727王品","110/07/09","凱基-台北",174,296,-122
"25747","2727王品","110/07/09","台新證券",109,66,43
"25748","2727王品","110/07/09","第一金",2,102,-100
"25749","2727王品","110/07/09","新光",117,87,30
"25750","2727王品","110/07/09","群益金鼎-大安",0,80,-80
"25751","2727王品","110/07/09","臺銀-臺中",35,6,29
"25752","2727王品","110/07/09","兆豐-大安",7,60,-53
"25753","2727王品","110/07/09","元大-桃園",32,3,29
"25754","2727王品","110/07/09","永豐金-南投",0,50,-50
"25755","2727王品","110/07/09","元富-宜蘭",34,6,28
"25756","2727王品","110/07/09","新加坡商瑞銀",6,46,-40
"25757","2727王品","110/07/09","玉山-台中",34,8,26
"25758","2727王品","110/07/09","合庫-彰化",11,50,-39
"25759","2727王品","110/07/09","群益金鼎-宜蘭",30,4,26
"25760","2727王品","110/07/09","永豐金-萬盛",13,52,-39
"25761","2727王品","110/07/09","富邦-台中",42,16,26
"25762","2727王品","110/07/09","瑞士信貸",0,34,-34
"25763","2727王品","110/07/09","第一金-豐原",25,1,24
"25764","2727王品","110/07/09","元大-和平",4,35,-31
"25765","2727王品","110/07/09","臺銀",30,8,22
"25766","2727王品","110/07/09","美林",14,44,-30
"25767","2727王品","110/07/09","兆豐-來福",23,1,22
"25768","2727王品","110/07/09","元大-員林",9,38,-29
"25769","2727王品","110/07/09","玉山-士林",22,2,20
"25770","2727王品","110/07/09","元富-西松",4,31,-27
"25771","1570力肯","110/07/09","凱基-台北",30,1,29
"25772","1570力肯","110/07/09","群益金鼎-彰化",0,20,-20
"25773","1570力肯","110/07/09","新光-台南",20,0,20
"25774","1570力肯","110/07/09","元大-土城學府",0,20,-20
"25775","1570力肯","110/07/09","元大-高雄",20,0,20
"25776","1570力肯","110/07/09","元大-大統",0,16,-16
"25777","1570力肯","110/07/09","國票-中正",12,0,12
"25778","1570力肯","110/07/09","元大-新營",0,11,-11
"25779","1570力肯","110/07/09","日盛-高雄",6,0,6
"25780","1570力肯","110/07/09","元大-和平",0,10,-10
"25781","1570力肯","110/07/09","元富-緯城",6,0,6
"25782","1570力肯","110/07/09","元大-草屯",0,10,-10
"25783","1570力肯","110/07/09","群益金鼎-台南",6,0,6
"25784","1570力肯","110/07/09","元大-鹿港",0,9,-9
"25785","1570力肯","110/07/09","華南永昌-岡山",6,0,6
"25786","1570力肯","110/07/09","合庫-基隆",0,7,-7
"25787","1570力肯","110/07/09","統一-中壢",5,0,5
"25788","1570力肯","110/07/09","摩根大通",2,8,-6
"25789","1570力肯","110/07/09","凱基-三峽",5,0,5
"25790","1570力肯","110/07/09","台灣企銀-豐原",0,4,-4
"25791","1570力肯","110/07/09","大昌-樹林",4,0,4
"25792","1570力肯","110/07/09","日盛-桃園",0,4,-4
"25793","1570力肯","110/07/09","新光",3,0,3
"25794","1570力肯","110/07/09","國泰-高雄",0,3,-3
"25795","1570力肯","110/07/09","富邦-新竹華信",3,0,3
"25796","1570力肯","110/07/09","永豐金-敦南",0,3,-3
"25797","1570力肯","110/07/09","合庫-台中",2,0,2
"25798","1570力肯","110/07/09","土銀-彰化",0,2,-2
"25799","1570力肯","110/07/09","臺銀-臺中",2,0,2
"25800","1570力肯","110/07/09","臺銀-鳳山",0,2,-2
"25801","6180橘子","110/07/09","摩根大通",63,1,62
"25802","6180橘子","110/07/09","元大-南京",1,32,-31
"25803","6180橘子","110/07/09","富邦-陽明",73,33,40
"25804","6180橘子","110/07/09","群益金鼎-台北",0,25,-25
"25805","6180橘子","110/07/09","新加坡商瑞銀",31,0,31
"25806","6180橘子","110/07/09","兆豐-復興",0,21,-21
"25807","6180橘子","110/07/09","美商高盛",25,0,25
"25808","6180橘子","110/07/09","永豐金-嘉義",0,21,-21
"25809","6180橘子","110/07/09","凱基-台北",26,10,16
"25810","6180橘子","110/07/09","凱基-中壢",8,24,-16
"25811","6180橘子","110/07/09","華南永昌-楠梓",13,0,13
"25812","6180橘子","110/07/09","致和-崇德",0,15,-15
"25813","6180橘子","110/07/09","華南永昌-朴子",11,0,11
"25814","6180橘子","110/07/09","群益金鼎-屏東",0,15,-15
"25815","6180橘子","110/07/09","元大-北港",11,0,11
"25816","6180橘子","110/07/09","群益金鼎-中山",0,15,-15
"25817","6180橘子","110/07/09","元大-成功",10,1,9
"25818","6180橘子","110/07/09","瑞士信貸",1,15,-14
"25819","6180橘子","110/07/09","新光",26,18,8
"25820","6180橘子","110/07/09","日盛-二林",0,10,-10
"25821","6180橘子","110/07/09","統一-三重",6,0,6
"25822","6180橘子","110/07/09","凱基-東門",0,10,-10
"25823","6180橘子","110/07/09","群益金鼎-嘉義",6,0,6
"25824","6180橘子","110/07/09","華南永昌-三重",0,10,-10
"25825","6180橘子","110/07/09","元大-員林中山",6,0,6
"25826","6180橘子","110/07/09","元大-彰化民生",1,11,-10
"25827","6180橘子","110/07/09","合庫-鳳山",5,0,5
"25828","6180橘子","110/07/09","永豐金-新店",1,11,-10
"25829","6180橘子","110/07/09","富邦-建國",6,1,5
"25830","6180橘子","110/07/09","群益金鼎-丹鳳",0,8,-8
"25831","2390云辰","110/07/09","摩根大通",279,56,223
"25832","2390云辰","110/07/09","元大-天母",0,127,-127
"25833","2390云辰","110/07/09","日盛-鳳山",110,2,108
"25834","2390云辰","110/07/09","中國信託-文心",5,109,-104
"25835","2390云辰","110/07/09","宏遠證券",100,0,100
"25836","2390云辰","110/07/09","永豐金-復興",0,55,-55
"25837","2390云辰","110/07/09","元大-大里",63,6,57
"25838","2390云辰","110/07/09","凱基-台北",239,286,-47
"25839","2390云辰","110/07/09","凱基-八德",59,10,49
"25840","2390云辰","110/07/09","德信",2,32,-30
"25841","2390云辰","110/07/09","合庫-新竹",40,0,40
"25842","2390云辰","110/07/09","兆豐-桃鶯",2,32,-30
"25843","2390云辰","110/07/09","國票",40,1,39
"25844","2390云辰","110/07/09","致和-南京",0,30,-30
"25845","2390云辰","110/07/09","新加坡商瑞銀",49,13,36
"25846","2390云辰","110/07/09","富邦-虎尾",1,31,-30
"25847","2390云辰","110/07/09","統一-新台中",36,2,34
"25848","2390云辰","110/07/09","元大-善化",2,31,-29
"25849","2390云辰","110/07/09","國票-嘉義",31,0,31
"25850","2390云辰","110/07/09","富邦-板橋",0,27,-27
"25851","2390云辰","110/07/09","華南永昌",35,7,28
"25852","2390云辰","110/07/09","富邦-永和",3,28,-25
"25853","2390云辰","110/07/09","玉山-台中",49,22,27
"25854","2390云辰","110/07/09","第一金-自由",20,44,-24
"25855","2390云辰","110/07/09","華南永昌-敦南",25,0,25
"25856","2390云辰","110/07/09","凱基-內湖",0,24,-24
"25857","2390云辰","110/07/09","新光-高雄",27,4,23
"25858","2390云辰","110/07/09","元大-汐止",1,24,-23
"25859","2390云辰","110/07/09","台灣摩根士丹利",85,63,22
"25860","2390云辰","110/07/09","新光-台中",12,33,-21
"25861","4903聯光通","110/07/09","元大-敦南",10,0,10
"25862","4903聯光通","110/07/09","第一金-台中",0,12,-12
"25863","4903聯光通","110/07/09","凱基-士林",5,0,5
"25864","4903聯光通","110/07/09","日盛-忠孝",0,3,-3
"25865","4903聯光通","110/07/09","元大-苗栗",5,0,5
"25866","4903聯光通","110/07/09","群益金鼎-崇德",0,3,-3
"25867","4903聯光通","110/07/09","元大-屏南",3,0,3
"25868","4903聯光通","110/07/09","國票-內壢",0,2,-2
"25869","4903聯光通","110/07/09","中國信託-永康",1,0,1
"25870","4903聯光通","110/07/09","康和-南崁",0,2,-2
"25871","4903聯光通","110/07/09","玉山證券",1,0,1
"25872","4903聯光通","110/07/09","新光-台中",0,2,-2
"25873","4903聯光通","110/07/09","元大-太平",4,3,1
"25874","4903聯光通","110/07/09","玉山-城中",0,2,-2
"25875","4903聯光通","110/07/09","永豐金-嘉義",1,0,1
"25876","4903聯光通","110/07/09","中國信託-文心",0,1,-1
"25877","4903聯光通","110/07/09","大昌",0,0,0
"25878","4903聯光通","110/07/09","大昌",0,0,0
"25879","4903聯光通","110/07/09","中農",0,0,0
"25880","4903聯光通","110/07/09","中農",0,0,0
"25881","4903聯光通","110/07/09","",NA,NA,NA
"25882","4903聯光通","110/07/09","",NA,NA,NA
"25883","4903聯光通","110/07/09","",NA,NA,NA
"25884","4903聯光通","110/07/09","",NA,NA,NA
"25885","4903聯光通","110/07/09","",NA,NA,NA
"25886","4903聯光通","110/07/09","",NA,NA,NA
"25887","4903聯光通","110/07/09","",NA,NA,NA
"25888","4903聯光通","110/07/09","",NA,NA,NA
"25889","4903聯光通","110/07/09","",NA,NA,NA
"25890","4903聯光通","110/07/09","",NA,NA,NA
"25891","2929淘帝","110/07/09","台中銀-台北",110,0,110
"25892","2929淘帝","110/07/09","新光",2,82,-80
"25893","2929淘帝","110/07/09","華南永昌-頭份",72,0,72
"25894","2929淘帝","110/07/09","摩根大通",2,63,-61
"25895","2929淘帝","110/07/09","合庫-高雄",71,0,71
"25896","2929淘帝","110/07/09","第一金-路竹",0,50,-50
"25897","2929淘帝","110/07/09","高橋-龍潭",37,0,37
"25898","2929淘帝","110/07/09","港商麥格理",0,42,-42
"25899","2929淘帝","110/07/09","新光-台中",60,26,34
"25900","2929淘帝","110/07/09","陽信-石牌",0,40,-40
"25901","2929淘帝","110/07/09","元富-大裕",22,1,21
"25902","2929淘帝","110/07/09","台新-左楠",1,39,-38
"25903","2929淘帝","110/07/09","合庫-鳳山",20,0,20
"25904","2929淘帝","110/07/09","凱基-桃園",3,29,-26
"25905","2929淘帝","110/07/09","元大-員林",22,2,20
"25906","2929淘帝","110/07/09","兆豐-內湖",0,25,-25
"25907","2929淘帝","110/07/09","台新-建北",15,0,15
"25908","2929淘帝","110/07/09","元大-北港",0,20,-20
"25909","2929淘帝","110/07/09","兆豐-桃園",13,0,13
"25910","2929淘帝","110/07/09","富邦-北港",0,19,-19
"25911","2929淘帝","110/07/09","兆豐-忠孝",10,0,10
"25912","2929淘帝","110/07/09","富邦-花蓮",0,17,-17
"25913","2929淘帝","110/07/09","國票-敦北法人",10,0,10
"25914","2929淘帝","110/07/09","國泰-台中",2,17,-15
"25915","2929淘帝","110/07/09","永豐金-博愛",10,0,10
"25916","2929淘帝","110/07/09","群益金鼎-彰化",0,15,-15
"25917","2929淘帝","110/07/09","群益金鼎-潭子",8,0,8
"25918","2929淘帝","110/07/09","元大-博愛",0,14,-14
"25919","2929淘帝","110/07/09","富邦-南屯",8,0,8
"25920","2929淘帝","110/07/09","日盛-板橋",0,13,-13
"25921","5410國眾","110/07/09","元大-新盛",14,0,14
"25922","5410國眾","110/07/09","(牛牛牛)亞-鑫豐",1,41,-40
"25923","5410國眾","110/07/09","台灣企銀-民雄",10,0,10
"25924","5410國眾","110/07/09","元富-嘉義",0,25,-25
"25925","5410國眾","110/07/09","元富-虎尾",9,0,9
"25926","5410國眾","110/07/09","凱基-高美館",0,10,-10
"25927","5410國眾","110/07/09","摩根大通",10,1,9
"25928","5410國眾","110/07/09","凱基-城中",0,10,-10
"25929","5410國眾","110/07/09","兆豐-北高雄",7,0,7
"25930","5410國眾","110/07/09","元大-頭份",0,10,-10
"25931","5410國眾","110/07/09","凱基-台北",8,1,7
"25932","5410國眾","110/07/09","群益金鼎-丹鳳",0,7,-7
"25933","5410國眾","110/07/09","華南永昌-公誠",7,0,7
"25934","5410國眾","110/07/09","凱基-復興",0,7,-7
"25935","5410國眾","110/07/09","香港上海匯豐",6,0,6
"25936","5410國眾","110/07/09","元大-員林",0,7,-7
"25937","5410國眾","110/07/09","凱基-中壢",6,0,6
"25938","5410國眾","110/07/09","富邦-竹東",0,6,-6
"25939","5410國眾","110/07/09","華南永昌-南京",6,0,6
"25940","5410國眾","110/07/09","亞東-高雄",0,5,-5
"25941","5410國眾","110/07/09","統一-三重",5,0,5
"25942","5410國眾","110/07/09","大慶-中壢",1,6,-5
"25943","5410國眾","110/07/09","富邦-宜蘭",5,0,5
"25944","5410國眾","110/07/09","群益金鼎-中港",0,5,-5
"25945","5410國眾","110/07/09","元大-崇德",5,0,5
"25946","5410國眾","110/07/09","元大-八德",0,5,-5
"25947","5410國眾","110/07/09","元大-博愛",5,0,5
"25948","5410國眾","110/07/09","富邦-基隆",0,4,-4
"25949","5410國眾","110/07/09","元大-龍潭",5,0,5
"25950","5410國眾","110/07/09","臺銀-新竹",0,3,-3
"25951","2841台開","110/07/09","日盛-雙和",102,0,102
"25952","2841台開","110/07/09","港商野村",0,129,-129
"25953","2841台開","110/07/09","元大-館前",70,0,70
"25954","2841台開","110/07/09","兆豐-永和",0,100,-100
"25955","2841台開","110/07/09","凱基-文心",50,0,50
"25956","2841台開","110/07/09","台新證券",7,28,-21
"25957","2841台開","110/07/09","富邦-嘉義",40,0,40
"25958","2841台開","110/07/09","國票-北高雄",0,20,-20
"25959","2841台開","110/07/09","美商高盛",15,0,15
"25960","2841台開","110/07/09","永豐金-敦南",29,46,-17
"25961","2841台開","110/07/09","台中銀",15,0,15
"25962","2841台開","110/07/09","合庫-基隆",0,12,-12
"25963","2841台開","110/07/09","新光",11,0,11
"25964","2841台開","110/07/09","中國信託-松江",0,12,-12
"25965","2841台開","110/07/09","華南永昌-長虹",10,0,10
"25966","2841台開","110/07/09","兆豐-城中",0,12,-12
"25967","2841台開","110/07/09","永豐金-南投",10,0,10
"25968","2841台開","110/07/09","台中銀-豐原",0,10,-10
"25969","2841台開","110/07/09","合庫-桃園",7,0,7
"25970","2841台開","110/07/09","兆豐-景美",0,10,-10
"25971","2841台開","110/07/09","群益金鼎-古亭",7,0,7
"25972","2841台開","110/07/09","群益金鼎-基隆",0,10,-10
"25973","2841台開","110/07/09","國泰-敦南",6,0,6
"25974","2841台開","110/07/09","元大-北三重",0,10,-10
"25975","2841台開","110/07/09","凱基-桃園",8,2,6
"25976","2841台開","110/07/09","(牛牛牛)亞-網路",0,9,-9
"25977","2841台開","110/07/09","日盛證券",5,0,5
"25978","2841台開","110/07/09","台新-高雄",1,10,-9
"25979","2841台開","110/07/09","元富-文心",5,0,5
"25980","2841台開","110/07/09","凱基-台北",0,7,-7
"25981","6207雷科","110/07/09","群益金鼎-新竹",47,0,47
"25982","6207雷科","110/07/09","新光",7,24,-17
"25983","6207雷科","110/07/09","永豐金-三重",31,0,31
"25984","6207雷科","110/07/09","日盛-和美",0,15,-15
"25985","6207雷科","110/07/09","新加坡商瑞銀",33,5,28
"25986","6207雷科","110/07/09","國泰-台南",0,15,-15
"25987","6207雷科","110/07/09","元大-高雄",26,0,26
"25988","6207雷科","110/07/09","華南永昌-古亭",0,14,-14
"25989","6207雷科","110/07/09","統一-員林",22,0,22
"25990","6207雷科","110/07/09","土銀-白河",0,11,-11
"25991","6207雷科","110/07/09","台新-高雄",22,0,22
"25992","6207雷科","110/07/09","日盛-台南",0,10,-10
"25993","6207雷科","110/07/09","摩根大通",34,17,17
"25994","6207雷科","110/07/09","元富-林園",0,10,-10
"25995","6207雷科","110/07/09","元大-博愛",17,1,16
"25996","6207雷科","110/07/09","富邦-園區",0,10,-10
"25997","6207雷科","110/07/09","日茂-埔里",12,0,12
"25998","6207雷科","110/07/09","元大-上新莊",0,10,-10
"25999","6207雷科","110/07/09","國泰-台中",17,6,11
"26000","6207雷科","110/07/09","永豐金-南京",0,10,-10
"26001","6207雷科","110/07/09","富邦-三重",10,0,10
"26002","6207雷科","110/07/09","兆豐-小港",0,6,-6
"26003","6207雷科","110/07/09","元大-沙鹿",10,0,10
"26004","6207雷科","110/07/09","富邦-羅東",1,7,-6
"26005","6207雷科","110/07/09","元大-八德",10,0,10
"26006","6207雷科","110/07/09","元大-土城永寧",0,6,-6
"26007","6207雷科","110/07/09","第一金-路竹",11,2,9
"26008","6207雷科","110/07/09","永豐金-板盛",0,6,-6
"26009","6207雷科","110/07/09","統一-南京",5,0,5
"26010","6207雷科","110/07/09","日盛-板橋",0,5,-5
"26011","3679新至陞","110/07/09","元大-大天母",10,0,10
"26012","3679新至陞","110/07/09","第一金-光復",0,11,-11
"26013","3679新至陞","110/07/09","日盛-樹林",9,0,9
"26014","3679新至陞","110/07/09","瑞士信貸",0,8,-8
"26015","3679新至陞","110/07/09","凱基-台北",11,2,9
"26016","3679新至陞","110/07/09","大慶-苗栗",0,5,-5
"26017","3679新至陞","110/07/09","華南永昌-小港",8,0,8
"26018","3679新至陞","110/07/09","元大-永春",0,5,-5
"26019","3679新至陞","110/07/09","兆豐-來福",7,0,7
"26020","3679新至陞","110/07/09","日盛-和美",0,4,-4
"26021","3679新至陞","110/07/09","香港上海匯豐",5,0,5
"26022","3679新至陞","110/07/09","元大-雙和",0,3,-3
"26023","3679新至陞","110/07/09","台中銀-員林",3,0,3
"26024","3679新至陞","110/07/09","永豐金-屏東",0,3,-3
"26025","3679新至陞","110/07/09","新光",3,0,3
"26026","3679新至陞","110/07/09","彰銀",0,2,-2
"26027","3679新至陞","110/07/09","土銀-花蓮",2,0,2
"26028","3679新至陞","110/07/09","宏遠-館前",0,2,-2
"26029","3679新至陞","110/07/09","第一金-澎湖",2,0,2
"26030","3679新至陞","110/07/09","港商野村",0,2,-2
"26031","3679新至陞","110/07/09","摩根大通",2,0,2
"26032","3679新至陞","110/07/09","大昌-新店",0,2,-2
"26033","3679新至陞","110/07/09","國泰-敦南",2,0,2
"26034","3679新至陞","110/07/09","元大-新莊",0,2,-2
"26035","3679新至陞","110/07/09","元大-淡水",4,2,2
"26036","3679新至陞","110/07/09","元大-板橋",0,2,-2
"26037","3679新至陞","110/07/09","日盛-士林",1,0,1
"26038","3679新至陞","110/07/09","台灣摩根士丹利",0,1,-1
"26039","3679新至陞","110/07/09","日盛-信義",1,0,1
"26040","3679新至陞","110/07/09","第一金-高雄",0,1,-1
"26041","2727王品","110/07/09","台灣匯立證券",90,0,90
"26042","2727王品","110/07/09","台灣摩根士丹利",0,267,-267
"26043","2727王品","110/07/09","國泰-敦南",166,84,82
"26044","2727王品","110/07/09","富邦-台北",35,299,-264
"26045","2727王品","110/07/09","富邦-仁愛",56,12,44
"26046","2727王品","110/07/09","凱基-台北",174,296,-122
"26047","2727王品","110/07/09","台新證券",109,66,43
"26048","2727王品","110/07/09","第一金",2,102,-100
"26049","2727王品","110/07/09","新光",117,87,30
"26050","2727王品","110/07/09","群益金鼎-大安",0,80,-80
"26051","2727王品","110/07/09","臺銀-臺中",35,6,29
"26052","2727王品","110/07/09","兆豐-大安",7,60,-53
"26053","2727王品","110/07/09","元大-桃園",32,3,29
"26054","2727王品","110/07/09","永豐金-南投",0,50,-50
"26055","2727王品","110/07/09","元富-宜蘭",34,6,28
"26056","2727王品","110/07/09","新加坡商瑞銀",6,46,-40
"26057","2727王品","110/07/09","玉山-台中",34,8,26
"26058","2727王品","110/07/09","合庫-彰化",11,50,-39
"26059","2727王品","110/07/09","群益金鼎-宜蘭",30,4,26
"26060","2727王品","110/07/09","永豐金-萬盛",13,52,-39
"26061","2727王品","110/07/09","富邦-台中",42,16,26
"26062","2727王品","110/07/09","瑞士信貸",0,34,-34
"26063","2727王品","110/07/09","第一金-豐原",25,1,24
"26064","2727王品","110/07/09","元大-和平",4,35,-31
"26065","2727王品","110/07/09","臺銀",30,8,22
"26066","2727王品","110/07/09","美林",14,44,-30
"26067","2727王品","110/07/09","兆豐-來福",23,1,22
"26068","2727王品","110/07/09","元大-員林",9,38,-29
"26069","2727王品","110/07/09","玉山-士林",22,2,20
"26070","2727王品","110/07/09","元富-西松",4,31,-27
"26071","1570力肯","110/07/09","凱基-台北",30,1,29
"26072","1570力肯","110/07/09","群益金鼎-彰化",0,20,-20
"26073","1570力肯","110/07/09","新光-台南",20,0,20
"26074","1570力肯","110/07/09","元大-土城學府",0,20,-20
"26075","1570力肯","110/07/09","元大-高雄",20,0,20
"26076","1570力肯","110/07/09","元大-大統",0,16,-16
"26077","1570力肯","110/07/09","國票-中正",12,0,12
"26078","1570力肯","110/07/09","元大-新營",0,11,-11
"26079","1570力肯","110/07/09","日盛-高雄",6,0,6
"26080","1570力肯","110/07/09","元大-和平",0,10,-10
"26081","1570力肯","110/07/09","元富-緯城",6,0,6
"26082","1570力肯","110/07/09","元大-草屯",0,10,-10
"26083","1570力肯","110/07/09","群益金鼎-台南",6,0,6
"26084","1570力肯","110/07/09","元大-鹿港",0,9,-9
"26085","1570力肯","110/07/09","華南永昌-岡山",6,0,6
"26086","1570力肯","110/07/09","合庫-基隆",0,7,-7
"26087","1570力肯","110/07/09","統一-中壢",5,0,5
"26088","1570力肯","110/07/09","摩根大通",2,8,-6
"26089","1570力肯","110/07/09","凱基-三峽",5,0,5
"26090","1570力肯","110/07/09","台灣企銀-豐原",0,4,-4
"26091","1570力肯","110/07/09","大昌-樹林",4,0,4
"26092","1570力肯","110/07/09","日盛-桃園",0,4,-4
"26093","1570力肯","110/07/09","新光",3,0,3
"26094","1570力肯","110/07/09","國泰-高雄",0,3,-3
"26095","1570力肯","110/07/09","富邦-新竹華信",3,0,3
"26096","1570力肯","110/07/09","永豐金-敦南",0,3,-3
"26097","1570力肯","110/07/09","合庫-台中",2,0,2
"26098","1570力肯","110/07/09","土銀-彰化",0,2,-2
"26099","1570力肯","110/07/09","臺銀-臺中",2,0,2
"26100","1570力肯","110/07/09","臺銀-鳳山",0,2,-2
"26101","6180橘子","110/07/09","摩根大通",63,1,62
"26102","6180橘子","110/07/09","元大-南京",1,32,-31
"26103","6180橘子","110/07/09","富邦-陽明",73,33,40
"26104","6180橘子","110/07/09","群益金鼎-台北",0,25,-25
"26105","6180橘子","110/07/09","新加坡商瑞銀",31,0,31
"26106","6180橘子","110/07/09","兆豐-復興",0,21,-21
"26107","6180橘子","110/07/09","美商高盛",25,0,25
"26108","6180橘子","110/07/09","永豐金-嘉義",0,21,-21
"26109","6180橘子","110/07/09","凱基-台北",26,10,16
"26110","6180橘子","110/07/09","凱基-中壢",8,24,-16
"26111","6180橘子","110/07/09","華南永昌-楠梓",13,0,13
"26112","6180橘子","110/07/09","致和-崇德",0,15,-15
"26113","6180橘子","110/07/09","華南永昌-朴子",11,0,11
"26114","6180橘子","110/07/09","群益金鼎-屏東",0,15,-15
"26115","6180橘子","110/07/09","元大-北港",11,0,11
"26116","6180橘子","110/07/09","群益金鼎-中山",0,15,-15
"26117","6180橘子","110/07/09","元大-成功",10,1,9
"26118","6180橘子","110/07/09","瑞士信貸",1,15,-14
"26119","6180橘子","110/07/09","新光",26,18,8
"26120","6180橘子","110/07/09","日盛-二林",0,10,-10
"26121","6180橘子","110/07/09","統一-三重",6,0,6
"26122","6180橘子","110/07/09","凱基-東門",0,10,-10
"26123","6180橘子","110/07/09","群益金鼎-嘉義",6,0,6
"26124","6180橘子","110/07/09","華南永昌-三重",0,10,-10
"26125","6180橘子","110/07/09","元大-員林中山",6,0,6
"26126","6180橘子","110/07/09","元大-彰化民生",1,11,-10
"26127","6180橘子","110/07/09","合庫-鳳山",5,0,5
"26128","6180橘子","110/07/09","永豐金-新店",1,11,-10
"26129","6180橘子","110/07/09","富邦-建國",6,1,5
"26130","6180橘子","110/07/09","群益金鼎-丹鳳",0,8,-8
"26131","2390云辰","110/07/09","摩根大通",279,56,223
"26132","2390云辰","110/07/09","元大-天母",0,127,-127
"26133","2390云辰","110/07/09","日盛-鳳山",110,2,108
"26134","2390云辰","110/07/09","中國信託-文心",5,109,-104
"26135","2390云辰","110/07/09","宏遠證券",100,0,100
"26136","2390云辰","110/07/09","永豐金-復興",0,55,-55
"26137","2390云辰","110/07/09","元大-大里",63,6,57
"26138","2390云辰","110/07/09","凱基-台北",239,286,-47
"26139","2390云辰","110/07/09","凱基-八德",59,10,49
"26140","2390云辰","110/07/09","德信",2,32,-30
"26141","2390云辰","110/07/09","合庫-新竹",40,0,40
"26142","2390云辰","110/07/09","兆豐-桃鶯",2,32,-30
"26143","2390云辰","110/07/09","國票",40,1,39
"26144","2390云辰","110/07/09","致和-南京",0,30,-30
"26145","2390云辰","110/07/09","新加坡商瑞銀",49,13,36
"26146","2390云辰","110/07/09","富邦-虎尾",1,31,-30
"26147","2390云辰","110/07/09","統一-新台中",36,2,34
"26148","2390云辰","110/07/09","元大-善化",2,31,-29
"26149","2390云辰","110/07/09","國票-嘉義",31,0,31
"26150","2390云辰","110/07/09","富邦-板橋",0,27,-27
"26151","2390云辰","110/07/09","華南永昌",35,7,28
"26152","2390云辰","110/07/09","富邦-永和",3,28,-25
"26153","2390云辰","110/07/09","玉山-台中",49,22,27
"26154","2390云辰","110/07/09","第一金-自由",20,44,-24
"26155","2390云辰","110/07/09","華南永昌-敦南",25,0,25
"26156","2390云辰","110/07/09","凱基-內湖",0,24,-24
"26157","2390云辰","110/07/09","新光-高雄",27,4,23
"26158","2390云辰","110/07/09","元大-汐止",1,24,-23
"26159","2390云辰","110/07/09","台灣摩根士丹利",85,63,22
"26160","2390云辰","110/07/09","新光-台中",12,33,-21
"26161","4903聯光通","110/07/09","元大-敦南",10,0,10
"26162","4903聯光通","110/07/09","第一金-台中",0,12,-12
"26163","4903聯光通","110/07/09","凱基-士林",5,0,5
"26164","4903聯光通","110/07/09","日盛-忠孝",0,3,-3
"26165","4903聯光通","110/07/09","元大-苗栗",5,0,5
"26166","4903聯光通","110/07/09","群益金鼎-崇德",0,3,-3
"26167","4903聯光通","110/07/09","元大-屏南",3,0,3
"26168","4903聯光通","110/07/09","國票-內壢",0,2,-2
"26169","4903聯光通","110/07/09","中國信託-永康",1,0,1
"26170","4903聯光通","110/07/09","康和-南崁",0,2,-2
"26171","4903聯光通","110/07/09","玉山證券",1,0,1
"26172","4903聯光通","110/07/09","新光-台中",0,2,-2
"26173","4903聯光通","110/07/09","元大-太平",4,3,1
"26174","4903聯光通","110/07/09","玉山-城中",0,2,-2
"26175","4903聯光通","110/07/09","永豐金-嘉義",1,0,1
"26176","4903聯光通","110/07/09","中國信託-文心",0,1,-1
"26177","4903聯光通","110/07/09","大昌",0,0,0
"26178","4903聯光通","110/07/09","大昌",0,0,0
"26179","4903聯光通","110/07/09","中農",0,0,0
"26180","4903聯光通","110/07/09","中農",0,0,0
"26181","4903聯光通","110/07/09","",NA,NA,NA
"26182","4903聯光通","110/07/09","",NA,NA,NA
"26183","4903聯光通","110/07/09","",NA,NA,NA
"26184","4903聯光通","110/07/09","",NA,NA,NA
"26185","4903聯光通","110/07/09","",NA,NA,NA
"26186","4903聯光通","110/07/09","",NA,NA,NA
"26187","4903聯光通","110/07/09","",NA,NA,NA
"26188","4903聯光通","110/07/09","",NA,NA,NA
"26189","4903聯光通","110/07/09","",NA,NA,NA
"26190","4903聯光通","110/07/09","",NA,NA,NA
"26191","2929淘帝","110/07/09","台中銀-台北",110,0,110
"26192","2929淘帝","110/07/09","新光",2,82,-80
"26193","2929淘帝","110/07/09","華南永昌-頭份",72,0,72
"26194","2929淘帝","110/07/09","摩根大通",2,63,-61
"26195","2929淘帝","110/07/09","合庫-高雄",71,0,71
"26196","2929淘帝","110/07/09","第一金-路竹",0,50,-50
"26197","2929淘帝","110/07/09","高橋-龍潭",37,0,37
"26198","2929淘帝","110/07/09","港商麥格理",0,42,-42
"26199","2929淘帝","110/07/09","新光-台中",60,26,34
"26200","2929淘帝","110/07/09","陽信-石牌",0,40,-40
"26201","2929淘帝","110/07/09","元富-大裕",22,1,21
"26202","2929淘帝","110/07/09","台新-左楠",1,39,-38
"26203","2929淘帝","110/07/09","合庫-鳳山",20,0,20
"26204","2929淘帝","110/07/09","凱基-桃園",3,29,-26
"26205","2929淘帝","110/07/09","元大-員林",22,2,20
"26206","2929淘帝","110/07/09","兆豐-內湖",0,25,-25
"26207","2929淘帝","110/07/09","台新-建北",15,0,15
"26208","2929淘帝","110/07/09","元大-北港",0,20,-20
"26209","2929淘帝","110/07/09","兆豐-桃園",13,0,13
"26210","2929淘帝","110/07/09","富邦-北港",0,19,-19
"26211","2929淘帝","110/07/09","兆豐-忠孝",10,0,10
"26212","2929淘帝","110/07/09","富邦-花蓮",0,17,-17
"26213","2929淘帝","110/07/09","國票-敦北法人",10,0,10
"26214","2929淘帝","110/07/09","國泰-台中",2,17,-15
"26215","2929淘帝","110/07/09","永豐金-博愛",10,0,10
"26216","2929淘帝","110/07/09","群益金鼎-彰化",0,15,-15
"26217","2929淘帝","110/07/09","群益金鼎-潭子",8,0,8
"26218","2929淘帝","110/07/09","元大-博愛",0,14,-14
"26219","2929淘帝","110/07/09","富邦-南屯",8,0,8
"26220","2929淘帝","110/07/09","日盛-板橋",0,13,-13
"26221","5410國眾","110/07/09","元大-新盛",14,0,14
"26222","5410國眾","110/07/09","(牛牛牛)亞-鑫豐",1,41,-40
"26223","5410國眾","110/07/09","台灣企銀-民雄",10,0,10
"26224","5410國眾","110/07/09","元富-嘉義",0,25,-25
"26225","5410國眾","110/07/09","元富-虎尾",9,0,9
"26226","5410國眾","110/07/09","凱基-高美館",0,10,-10
"26227","5410國眾","110/07/09","摩根大通",10,1,9
"26228","5410國眾","110/07/09","凱基-城中",0,10,-10
"26229","5410國眾","110/07/09","兆豐-北高雄",7,0,7
"26230","5410國眾","110/07/09","元大-頭份",0,10,-10
"26231","5410國眾","110/07/09","凱基-台北",8,1,7
"26232","5410國眾","110/07/09","群益金鼎-丹鳳",0,7,-7
"26233","5410國眾","110/07/09","華南永昌-公誠",7,0,7
"26234","5410國眾","110/07/09","凱基-復興",0,7,-7
"26235","5410國眾","110/07/09","香港上海匯豐",6,0,6
"26236","5410國眾","110/07/09","元大-員林",0,7,-7
"26237","5410國眾","110/07/09","凱基-中壢",6,0,6
"26238","5410國眾","110/07/09","富邦-竹東",0,6,-6
"26239","5410國眾","110/07/09","華南永昌-南京",6,0,6
"26240","5410國眾","110/07/09","亞東-高雄",0,5,-5
"26241","5410國眾","110/07/09","統一-三重",5,0,5
"26242","5410國眾","110/07/09","大慶-中壢",1,6,-5
"26243","5410國眾","110/07/09","富邦-宜蘭",5,0,5
"26244","5410國眾","110/07/09","群益金鼎-中港",0,5,-5
"26245","5410國眾","110/07/09","元大-崇德",5,0,5
"26246","5410國眾","110/07/09","元大-八德",0,5,-5
"26247","5410國眾","110/07/09","元大-博愛",5,0,5
"26248","5410國眾","110/07/09","富邦-基隆",0,4,-4
"26249","5410國眾","110/07/09","元大-龍潭",5,0,5
"26250","5410國眾","110/07/09","臺銀-新竹",0,3,-3
"26251","2841台開","110/07/09","日盛-雙和",102,0,102
"26252","2841台開","110/07/09","港商野村",0,129,-129
"26253","2841台開","110/07/09","元大-館前",70,0,70
"26254","2841台開","110/07/09","兆豐-永和",0,100,-100
"26255","2841台開","110/07/09","凱基-文心",50,0,50
"26256","2841台開","110/07/09","台新證券",7,28,-21
"26257","2841台開","110/07/09","富邦-嘉義",40,0,40
"26258","2841台開","110/07/09","國票-北高雄",0,20,-20
"26259","2841台開","110/07/09","美商高盛",15,0,15
"26260","2841台開","110/07/09","永豐金-敦南",29,46,-17
"26261","2841台開","110/07/09","台中銀",15,0,15
"26262","2841台開","110/07/09","合庫-基隆",0,12,-12
"26263","2841台開","110/07/09","新光",11,0,11
"26264","2841台開","110/07/09","中國信託-松江",0,12,-12
"26265","2841台開","110/07/09","華南永昌-長虹",10,0,10
"26266","2841台開","110/07/09","兆豐-城中",0,12,-12
"26267","2841台開","110/07/09","永豐金-南投",10,0,10
"26268","2841台開","110/07/09","台中銀-豐原",0,10,-10
"26269","2841台開","110/07/09","合庫-桃園",7,0,7
"26270","2841台開","110/07/09","兆豐-景美",0,10,-10
"26271","2841台開","110/07/09","群益金鼎-古亭",7,0,7
"26272","2841台開","110/07/09","群益金鼎-基隆",0,10,-10
"26273","2841台開","110/07/09","國泰-敦南",6,0,6
"26274","2841台開","110/07/09","元大-北三重",0,10,-10
"26275","2841台開","110/07/09","凱基-桃園",8,2,6
"26276","2841台開","110/07/09","(牛牛牛)亞-網路",0,9,-9
"26277","2841台開","110/07/09","日盛證券",5,0,5
"26278","2841台開","110/07/09","台新-高雄",1,10,-9
"26279","2841台開","110/07/09","元富-文心",5,0,5
"26280","2841台開","110/07/09","凱基-台北",0,7,-7
"26281","6207雷科","110/07/09","群益金鼎-新竹",47,0,47
"26282","6207雷科","110/07/09","新光",7,24,-17
"26283","6207雷科","110/07/09","永豐金-三重",31,0,31
"26284","6207雷科","110/07/09","日盛-和美",0,15,-15
"26285","6207雷科","110/07/09","新加坡商瑞銀",33,5,28
"26286","6207雷科","110/07/09","國泰-台南",0,15,-15
"26287","6207雷科","110/07/09","元大-高雄",26,0,26
"26288","6207雷科","110/07/09","華南永昌-古亭",0,14,-14
"26289","6207雷科","110/07/09","統一-員林",22,0,22
"26290","6207雷科","110/07/09","土銀-白河",0,11,-11
"26291","6207雷科","110/07/09","台新-高雄",22,0,22
"26292","6207雷科","110/07/09","日盛-台南",0,10,-10
"26293","6207雷科","110/07/09","摩根大通",34,17,17
"26294","6207雷科","110/07/09","元富-林園",0,10,-10
"26295","6207雷科","110/07/09","元大-博愛",17,1,16
"26296","6207雷科","110/07/09","富邦-園區",0,10,-10
"26297","6207雷科","110/07/09","日茂-埔里",12,0,12
"26298","6207雷科","110/07/09","元大-上新莊",0,10,-10
"26299","6207雷科","110/07/09","國泰-台中",17,6,11
"26300","6207雷科","110/07/09","永豐金-南京",0,10,-10
"26301","6207雷科","110/07/09","富邦-三重",10,0,10
"26302","6207雷科","110/07/09","兆豐-小港",0,6,-6
"26303","6207雷科","110/07/09","元大-沙鹿",10,0,10
"26304","6207雷科","110/07/09","富邦-羅東",1,7,-6
"26305","6207雷科","110/07/09","元大-八德",10,0,10
"26306","6207雷科","110/07/09","元大-土城永寧",0,6,-6
"26307","6207雷科","110/07/09","第一金-路竹",11,2,9
"26308","6207雷科","110/07/09","永豐金-板盛",0,6,-6
"26309","6207雷科","110/07/09","統一-南京",5,0,5
"26310","6207雷科","110/07/09","日盛-板橋",0,5,-5
"26311","3679新至陞","110/07/09","元大-大天母",10,0,10
"26312","3679新至陞","110/07/09","第一金-光復",0,11,-11
"26313","3679新至陞","110/07/09","日盛-樹林",9,0,9
"26314","3679新至陞","110/07/09","瑞士信貸",0,8,-8
"26315","3679新至陞","110/07/09","凱基-台北",11,2,9
"26316","3679新至陞","110/07/09","大慶-苗栗",0,5,-5
"26317","3679新至陞","110/07/09","華南永昌-小港",8,0,8
"26318","3679新至陞","110/07/09","元大-永春",0,5,-5
"26319","3679新至陞","110/07/09","兆豐-來福",7,0,7
"26320","3679新至陞","110/07/09","日盛-和美",0,4,-4
"26321","3679新至陞","110/07/09","香港上海匯豐",5,0,5
"26322","3679新至陞","110/07/09","元大-雙和",0,3,-3
"26323","3679新至陞","110/07/09","台中銀-員林",3,0,3
"26324","3679新至陞","110/07/09","永豐金-屏東",0,3,-3
"26325","3679新至陞","110/07/09","新光",3,0,3
"26326","3679新至陞","110/07/09","彰銀",0,2,-2
"26327","3679新至陞","110/07/09","土銀-花蓮",2,0,2
"26328","3679新至陞","110/07/09","宏遠-館前",0,2,-2
"26329","3679新至陞","110/07/09","第一金-澎湖",2,0,2
"26330","3679新至陞","110/07/09","港商野村",0,2,-2
"26331","3679新至陞","110/07/09","摩根大通",2,0,2
"26332","3679新至陞","110/07/09","大昌-新店",0,2,-2
"26333","3679新至陞","110/07/09","國泰-敦南",2,0,2
"26334","3679新至陞","110/07/09","元大-新莊",0,2,-2
"26335","3679新至陞","110/07/09","元大-淡水",4,2,2
"26336","3679新至陞","110/07/09","元大-板橋",0,2,-2
"26337","3679新至陞","110/07/09","日盛-士林",1,0,1
"26338","3679新至陞","110/07/09","台灣摩根士丹利",0,1,-1
"26339","3679新至陞","110/07/09","日盛-信義",1,0,1
"26340","3679新至陞","110/07/09","第一金-高雄",0,1,-1
"26341","2727王品","110/07/09","台灣匯立證券",90,0,90
"26342","2727王品","110/07/09","台灣摩根士丹利",0,267,-267
"26343","2727王品","110/07/09","國泰-敦南",166,84,82
"26344","2727王品","110/07/09","富邦-台北",35,299,-264
"26345","2727王品","110/07/09","富邦-仁愛",56,12,44
"26346","2727王品","110/07/09","凱基-台北",174,296,-122
"26347","2727王品","110/07/09","台新證券",109,66,43
"26348","2727王品","110/07/09","第一金",2,102,-100
"26349","2727王品","110/07/09","新光",117,87,30
"26350","2727王品","110/07/09","群益金鼎-大安",0,80,-80
"26351","2727王品","110/07/09","臺銀-臺中",35,6,29
"26352","2727王品","110/07/09","兆豐-大安",7,60,-53
"26353","2727王品","110/07/09","元大-桃園",32,3,29
"26354","2727王品","110/07/09","永豐金-南投",0,50,-50
"26355","2727王品","110/07/09","元富-宜蘭",34,6,28
"26356","2727王品","110/07/09","新加坡商瑞銀",6,46,-40
"26357","2727王品","110/07/09","玉山-台中",34,8,26
"26358","2727王品","110/07/09","合庫-彰化",11,50,-39
"26359","2727王品","110/07/09","群益金鼎-宜蘭",30,4,26
"26360","2727王品","110/07/09","永豐金-萬盛",13,52,-39
"26361","2727王品","110/07/09","富邦-台中",42,16,26
"26362","2727王品","110/07/09","瑞士信貸",0,34,-34
"26363","2727王品","110/07/09","第一金-豐原",25,1,24
"26364","2727王品","110/07/09","元大-和平",4,35,-31
"26365","2727王品","110/07/09","臺銀",30,8,22
"26366","2727王品","110/07/09","美林",14,44,-30
"26367","2727王品","110/07/09","兆豐-來福",23,1,22
"26368","2727王品","110/07/09","元大-員林",9,38,-29
"26369","2727王品","110/07/09","玉山-士林",22,2,20
"26370","2727王品","110/07/09","元富-西松",4,31,-27
"26371","1570力肯","110/07/09","凱基-台北",30,1,29
"26372","1570力肯","110/07/09","群益金鼎-彰化",0,20,-20
"26373","1570力肯","110/07/09","新光-台南",20,0,20
"26374","1570力肯","110/07/09","元大-土城學府",0,20,-20
"26375","1570力肯","110/07/09","元大-高雄",20,0,20
"26376","1570力肯","110/07/09","元大-大統",0,16,-16
"26377","1570力肯","110/07/09","國票-中正",12,0,12
"26378","1570力肯","110/07/09","元大-新營",0,11,-11
"26379","1570力肯","110/07/09","日盛-高雄",6,0,6
"26380","1570力肯","110/07/09","元大-和平",0,10,-10
"26381","1570力肯","110/07/09","元富-緯城",6,0,6
"26382","1570力肯","110/07/09","元大-草屯",0,10,-10
"26383","1570力肯","110/07/09","群益金鼎-台南",6,0,6
"26384","1570力肯","110/07/09","元大-鹿港",0,9,-9
"26385","1570力肯","110/07/09","華南永昌-岡山",6,0,6
"26386","1570力肯","110/07/09","合庫-基隆",0,7,-7
"26387","1570力肯","110/07/09","統一-中壢",5,0,5
"26388","1570力肯","110/07/09","摩根大通",2,8,-6
"26389","1570力肯","110/07/09","凱基-三峽",5,0,5
"26390","1570力肯","110/07/09","台灣企銀-豐原",0,4,-4
"26391","1570力肯","110/07/09","大昌-樹林",4,0,4
"26392","1570力肯","110/07/09","日盛-桃園",0,4,-4
"26393","1570力肯","110/07/09","新光",3,0,3
"26394","1570力肯","110/07/09","國泰-高雄",0,3,-3
"26395","1570力肯","110/07/09","富邦-新竹華信",3,0,3
"26396","1570力肯","110/07/09","永豐金-敦南",0,3,-3
"26397","1570力肯","110/07/09","合庫-台中",2,0,2
"26398","1570力肯","110/07/09","土銀-彰化",0,2,-2
"26399","1570力肯","110/07/09","臺銀-臺中",2,0,2
"26400","1570力肯","110/07/09","臺銀-鳳山",0,2,-2
"26401","6180橘子","110/07/09","摩根大通",63,1,62
"26402","6180橘子","110/07/09","元大-南京",1,32,-31
"26403","6180橘子","110/07/09","富邦-陽明",73,33,40
"26404","6180橘子","110/07/09","群益金鼎-台北",0,25,-25
"26405","6180橘子","110/07/09","新加坡商瑞銀",31,0,31
"26406","6180橘子","110/07/09","兆豐-復興",0,21,-21
"26407","6180橘子","110/07/09","美商高盛",25,0,25
"26408","6180橘子","110/07/09","永豐金-嘉義",0,21,-21
"26409","6180橘子","110/07/09","凱基-台北",26,10,16
"26410","6180橘子","110/07/09","凱基-中壢",8,24,-16
"26411","6180橘子","110/07/09","華南永昌-楠梓",13,0,13
"26412","6180橘子","110/07/09","致和-崇德",0,15,-15
"26413","6180橘子","110/07/09","華南永昌-朴子",11,0,11
"26414","6180橘子","110/07/09","群益金鼎-屏東",0,15,-15
"26415","6180橘子","110/07/09","元大-北港",11,0,11
"26416","6180橘子","110/07/09","群益金鼎-中山",0,15,-15
"26417","6180橘子","110/07/09","元大-成功",10,1,9
"26418","6180橘子","110/07/09","瑞士信貸",1,15,-14
"26419","6180橘子","110/07/09","新光",26,18,8
"26420","6180橘子","110/07/09","日盛-二林",0,10,-10
"26421","6180橘子","110/07/09","統一-三重",6,0,6
"26422","6180橘子","110/07/09","凱基-東門",0,10,-10
"26423","6180橘子","110/07/09","群益金鼎-嘉義",6,0,6
"26424","6180橘子","110/07/09","華南永昌-三重",0,10,-10
"26425","6180橘子","110/07/09","元大-員林中山",6,0,6
"26426","6180橘子","110/07/09","元大-彰化民生",1,11,-10
"26427","6180橘子","110/07/09","合庫-鳳山",5,0,5
"26428","6180橘子","110/07/09","永豐金-新店",1,11,-10
"26429","6180橘子","110/07/09","富邦-建國",6,1,5
"26430","6180橘子","110/07/09","群益金鼎-丹鳳",0,8,-8
"26431","2390云辰","110/07/09","摩根大通",279,56,223
"26432","2390云辰","110/07/09","元大-天母",0,127,-127
"26433","2390云辰","110/07/09","日盛-鳳山",110,2,108
"26434","2390云辰","110/07/09","中國信託-文心",5,109,-104
"26435","2390云辰","110/07/09","宏遠證券",100,0,100
"26436","2390云辰","110/07/09","永豐金-復興",0,55,-55
"26437","2390云辰","110/07/09","元大-大里",63,6,57
"26438","2390云辰","110/07/09","凱基-台北",239,286,-47
"26439","2390云辰","110/07/09","凱基-八德",59,10,49
"26440","2390云辰","110/07/09","德信",2,32,-30
"26441","2390云辰","110/07/09","合庫-新竹",40,0,40
"26442","2390云辰","110/07/09","兆豐-桃鶯",2,32,-30
"26443","2390云辰","110/07/09","國票",40,1,39
"26444","2390云辰","110/07/09","致和-南京",0,30,-30
"26445","2390云辰","110/07/09","新加坡商瑞銀",49,13,36
"26446","2390云辰","110/07/09","富邦-虎尾",1,31,-30
"26447","2390云辰","110/07/09","統一-新台中",36,2,34
"26448","2390云辰","110/07/09","元大-善化",2,31,-29
"26449","2390云辰","110/07/09","國票-嘉義",31,0,31
"26450","2390云辰","110/07/09","富邦-板橋",0,27,-27
"26451","2390云辰","110/07/09","華南永昌",35,7,28
"26452","2390云辰","110/07/09","富邦-永和",3,28,-25
"26453","2390云辰","110/07/09","玉山-台中",49,22,27
"26454","2390云辰","110/07/09","第一金-自由",20,44,-24
"26455","2390云辰","110/07/09","華南永昌-敦南",25,0,25
"26456","2390云辰","110/07/09","凱基-內湖",0,24,-24
"26457","2390云辰","110/07/09","新光-高雄",27,4,23
"26458","2390云辰","110/07/09","元大-汐止",1,24,-23
"26459","2390云辰","110/07/09","台灣摩根士丹利",85,63,22
"26460","2390云辰","110/07/09","新光-台中",12,33,-21
"26461","4903聯光通","110/07/09","元大-敦南",10,0,10
"26462","4903聯光通","110/07/09","第一金-台中",0,12,-12
"26463","4903聯光通","110/07/09","凱基-士林",5,0,5
"26464","4903聯光通","110/07/09","日盛-忠孝",0,3,-3
"26465","4903聯光通","110/07/09","元大-苗栗",5,0,5
"26466","4903聯光通","110/07/09","群益金鼎-崇德",0,3,-3
"26467","4903聯光通","110/07/09","元大-屏南",3,0,3
"26468","4903聯光通","110/07/09","國票-內壢",0,2,-2
"26469","4903聯光通","110/07/09","中國信託-永康",1,0,1
"26470","4903聯光通","110/07/09","康和-南崁",0,2,-2
"26471","4903聯光通","110/07/09","玉山證券",1,0,1
"26472","4903聯光通","110/07/09","新光-台中",0,2,-2
"26473","4903聯光通","110/07/09","元大-太平",4,3,1
"26474","4903聯光通","110/07/09","玉山-城中",0,2,-2
"26475","4903聯光通","110/07/09","永豐金-嘉義",1,0,1
"26476","4903聯光通","110/07/09","中國信託-文心",0,1,-1
"26477","4903聯光通","110/07/09","大昌",0,0,0
"26478","4903聯光通","110/07/09","大昌",0,0,0
"26479","4903聯光通","110/07/09","中農",0,0,0
"26480","4903聯光通","110/07/09","中農",0,0,0
"26481","4903聯光通","110/07/09","",NA,NA,NA
"26482","4903聯光通","110/07/09","",NA,NA,NA
"26483","4903聯光通","110/07/09","",NA,NA,NA
"26484","4903聯光通","110/07/09","",NA,NA,NA
"26485","4903聯光通","110/07/09","",NA,NA,NA
"26486","4903聯光通","110/07/09","",NA,NA,NA
"26487","4903聯光通","110/07/09","",NA,NA,NA
"26488","4903聯光通","110/07/09","",NA,NA,NA
"26489","4903聯光通","110/07/09","",NA,NA,NA
"26490","4903聯光通","110/07/09","",NA,NA,NA
"26491","2929淘帝","110/07/09","台中銀-台北",110,0,110
"26492","2929淘帝","110/07/09","新光",2,82,-80
"26493","2929淘帝","110/07/09","華南永昌-頭份",72,0,72
"26494","2929淘帝","110/07/09","摩根大通",2,63,-61
"26495","2929淘帝","110/07/09","合庫-高雄",71,0,71
"26496","2929淘帝","110/07/09","第一金-路竹",0,50,-50
"26497","2929淘帝","110/07/09","高橋-龍潭",37,0,37
"26498","2929淘帝","110/07/09","港商麥格理",0,42,-42
"26499","2929淘帝","110/07/09","新光-台中",60,26,34
"26500","2929淘帝","110/07/09","陽信-石牌",0,40,-40
"26501","2929淘帝","110/07/09","元富-大裕",22,1,21
"26502","2929淘帝","110/07/09","台新-左楠",1,39,-38
"26503","2929淘帝","110/07/09","合庫-鳳山",20,0,20
"26504","2929淘帝","110/07/09","凱基-桃園",3,29,-26
"26505","2929淘帝","110/07/09","元大-員林",22,2,20
"26506","2929淘帝","110/07/09","兆豐-內湖",0,25,-25
"26507","2929淘帝","110/07/09","台新-建北",15,0,15
"26508","2929淘帝","110/07/09","元大-北港",0,20,-20
"26509","2929淘帝","110/07/09","兆豐-桃園",13,0,13
"26510","2929淘帝","110/07/09","富邦-北港",0,19,-19
"26511","2929淘帝","110/07/09","兆豐-忠孝",10,0,10
"26512","2929淘帝","110/07/09","富邦-花蓮",0,17,-17
"26513","2929淘帝","110/07/09","國票-敦北法人",10,0,10
"26514","2929淘帝","110/07/09","國泰-台中",2,17,-15
"26515","2929淘帝","110/07/09","永豐金-博愛",10,0,10
"26516","2929淘帝","110/07/09","群益金鼎-彰化",0,15,-15
"26517","2929淘帝","110/07/09","群益金鼎-潭子",8,0,8
"26518","2929淘帝","110/07/09","元大-博愛",0,14,-14
"26519","2929淘帝","110/07/09","富邦-南屯",8,0,8
"26520","2929淘帝","110/07/09","日盛-板橋",0,13,-13
"26521","5410國眾","110/07/09","元大-新盛",14,0,14
"26522","5410國眾","110/07/09","(牛牛牛)亞-鑫豐",1,41,-40
"26523","5410國眾","110/07/09","台灣企銀-民雄",10,0,10
"26524","5410國眾","110/07/09","元富-嘉義",0,25,-25
"26525","5410國眾","110/07/09","元富-虎尾",9,0,9
"26526","5410國眾","110/07/09","凱基-高美館",0,10,-10
"26527","5410國眾","110/07/09","摩根大通",10,1,9
"26528","5410國眾","110/07/09","凱基-城中",0,10,-10
"26529","5410國眾","110/07/09","兆豐-北高雄",7,0,7
"26530","5410國眾","110/07/09","元大-頭份",0,10,-10
"26531","5410國眾","110/07/09","凱基-台北",8,1,7
"26532","5410國眾","110/07/09","群益金鼎-丹鳳",0,7,-7
"26533","5410國眾","110/07/09","華南永昌-公誠",7,0,7
"26534","5410國眾","110/07/09","凱基-復興",0,7,-7
"26535","5410國眾","110/07/09","香港上海匯豐",6,0,6
"26536","5410國眾","110/07/09","元大-員林",0,7,-7
"26537","5410國眾","110/07/09","凱基-中壢",6,0,6
"26538","5410國眾","110/07/09","富邦-竹東",0,6,-6
"26539","5410國眾","110/07/09","華南永昌-南京",6,0,6
"26540","5410國眾","110/07/09","亞東-高雄",0,5,-5
"26541","5410國眾","110/07/09","統一-三重",5,0,5
"26542","5410國眾","110/07/09","大慶-中壢",1,6,-5
"26543","5410國眾","110/07/09","富邦-宜蘭",5,0,5
"26544","5410國眾","110/07/09","群益金鼎-中港",0,5,-5
"26545","5410國眾","110/07/09","元大-崇德",5,0,5
"26546","5410國眾","110/07/09","元大-八德",0,5,-5
"26547","5410國眾","110/07/09","元大-博愛",5,0,5
"26548","5410國眾","110/07/09","富邦-基隆",0,4,-4
"26549","5410國眾","110/07/09","元大-龍潭",5,0,5
"26550","5410國眾","110/07/09","臺銀-新竹",0,3,-3
"26551","2841台開","110/07/09","日盛-雙和",102,0,102
"26552","2841台開","110/07/09","港商野村",0,129,-129
"26553","2841台開","110/07/09","元大-館前",70,0,70
"26554","2841台開","110/07/09","兆豐-永和",0,100,-100
"26555","2841台開","110/07/09","凱基-文心",50,0,50
"26556","2841台開","110/07/09","台新證券",7,28,-21
"26557","2841台開","110/07/09","富邦-嘉義",40,0,40
"26558","2841台開","110/07/09","國票-北高雄",0,20,-20
"26559","2841台開","110/07/09","美商高盛",15,0,15
"26560","2841台開","110/07/09","永豐金-敦南",29,46,-17
"26561","2841台開","110/07/09","台中銀",15,0,15
"26562","2841台開","110/07/09","合庫-基隆",0,12,-12
"26563","2841台開","110/07/09","新光",11,0,11
"26564","2841台開","110/07/09","中國信託-松江",0,12,-12
"26565","2841台開","110/07/09","華南永昌-長虹",10,0,10
"26566","2841台開","110/07/09","兆豐-城中",0,12,-12
"26567","2841台開","110/07/09","永豐金-南投",10,0,10
"26568","2841台開","110/07/09","台中銀-豐原",0,10,-10
"26569","2841台開","110/07/09","合庫-桃園",7,0,7
"26570","2841台開","110/07/09","兆豐-景美",0,10,-10
"26571","2841台開","110/07/09","群益金鼎-古亭",7,0,7
"26572","2841台開","110/07/09","群益金鼎-基隆",0,10,-10
"26573","2841台開","110/07/09","國泰-敦南",6,0,6
"26574","2841台開","110/07/09","元大-北三重",0,10,-10
"26575","2841台開","110/07/09","凱基-桃園",8,2,6
"26576","2841台開","110/07/09","(牛牛牛)亞-網路",0,9,-9
"26577","2841台開","110/07/09","日盛證券",5,0,5
"26578","2841台開","110/07/09","台新-高雄",1,10,-9
"26579","2841台開","110/07/09","元富-文心",5,0,5
"26580","2841台開","110/07/09","凱基-台北",0,7,-7
"26581","6207雷科","110/07/09","群益金鼎-新竹",47,0,47
"26582","6207雷科","110/07/09","新光",7,24,-17
"26583","6207雷科","110/07/09","永豐金-三重",31,0,31
"26584","6207雷科","110/07/09","日盛-和美",0,15,-15
"26585","6207雷科","110/07/09","新加坡商瑞銀",33,5,28
"26586","6207雷科","110/07/09","國泰-台南",0,15,-15
"26587","6207雷科","110/07/09","元大-高雄",26,0,26
"26588","6207雷科","110/07/09","華南永昌-古亭",0,14,-14
"26589","6207雷科","110/07/09","統一-員林",22,0,22
"26590","6207雷科","110/07/09","土銀-白河",0,11,-11
"26591","6207雷科","110/07/09","台新-高雄",22,0,22
"26592","6207雷科","110/07/09","日盛-台南",0,10,-10
"26593","6207雷科","110/07/09","摩根大通",34,17,17
"26594","6207雷科","110/07/09","元富-林園",0,10,-10
"26595","6207雷科","110/07/09","元大-博愛",17,1,16
"26596","6207雷科","110/07/09","富邦-園區",0,10,-10
"26597","6207雷科","110/07/09","日茂-埔里",12,0,12
"26598","6207雷科","110/07/09","元大-上新莊",0,10,-10
"26599","6207雷科","110/07/09","國泰-台中",17,6,11
"26600","6207雷科","110/07/09","永豐金-南京",0,10,-10
"26601","6207雷科","110/07/09","富邦-三重",10,0,10
"26602","6207雷科","110/07/09","兆豐-小港",0,6,-6
"26603","6207雷科","110/07/09","元大-沙鹿",10,0,10
"26604","6207雷科","110/07/09","富邦-羅東",1,7,-6
"26605","6207雷科","110/07/09","元大-八德",10,0,10
"26606","6207雷科","110/07/09","元大-土城永寧",0,6,-6
"26607","6207雷科","110/07/09","第一金-路竹",11,2,9
"26608","6207雷科","110/07/09","永豐金-板盛",0,6,-6
"26609","6207雷科","110/07/09","統一-南京",5,0,5
"26610","6207雷科","110/07/09","日盛-板橋",0,5,-5
"26611","3679新至陞","110/07/09","元大-大天母",10,0,10
"26612","3679新至陞","110/07/09","第一金-光復",0,11,-11
"26613","3679新至陞","110/07/09","日盛-樹林",9,0,9
"26614","3679新至陞","110/07/09","瑞士信貸",0,8,-8
"26615","3679新至陞","110/07/09","凱基-台北",11,2,9
"26616","3679新至陞","110/07/09","大慶-苗栗",0,5,-5
"26617","3679新至陞","110/07/09","華南永昌-小港",8,0,8
"26618","3679新至陞","110/07/09","元大-永春",0,5,-5
"26619","3679新至陞","110/07/09","兆豐-來福",7,0,7
"26620","3679新至陞","110/07/09","日盛-和美",0,4,-4
"26621","3679新至陞","110/07/09","香港上海匯豐",5,0,5
"26622","3679新至陞","110/07/09","元大-雙和",0,3,-3
"26623","3679新至陞","110/07/09","台中銀-員林",3,0,3
"26624","3679新至陞","110/07/09","永豐金-屏東",0,3,-3
"26625","3679新至陞","110/07/09","新光",3,0,3
"26626","3679新至陞","110/07/09","彰銀",0,2,-2
"26627","3679新至陞","110/07/09","土銀-花蓮",2,0,2
"26628","3679新至陞","110/07/09","宏遠-館前",0,2,-2
"26629","3679新至陞","110/07/09","第一金-澎湖",2,0,2
"26630","3679新至陞","110/07/09","港商野村",0,2,-2
"26631","3679新至陞","110/07/09","摩根大通",2,0,2
"26632","3679新至陞","110/07/09","大昌-新店",0,2,-2
"26633","3679新至陞","110/07/09","國泰-敦南",2,0,2
"26634","3679新至陞","110/07/09","元大-新莊",0,2,-2
"26635","3679新至陞","110/07/09","元大-淡水",4,2,2
"26636","3679新至陞","110/07/09","元大-板橋",0,2,-2
"26637","3679新至陞","110/07/09","日盛-士林",1,0,1
"26638","3679新至陞","110/07/09","台灣摩根士丹利",0,1,-1
"26639","3679新至陞","110/07/09","日盛-信義",1,0,1
"26640","3679新至陞","110/07/09","第一金-高雄",0,1,-1
"26641","2727王品","110/07/09","台灣匯立證券",90,0,90
"26642","2727王品","110/07/09","台灣摩根士丹利",0,267,-267
"26643","2727王品","110/07/09","國泰-敦南",166,84,82
"26644","2727王品","110/07/09","富邦-台北",35,299,-264
"26645","2727王品","110/07/09","富邦-仁愛",56,12,44
"26646","2727王品","110/07/09","凱基-台北",174,296,-122
"26647","2727王品","110/07/09","台新證券",109,66,43
"26648","2727王品","110/07/09","第一金",2,102,-100
"26649","2727王品","110/07/09","新光",117,87,30
"26650","2727王品","110/07/09","群益金鼎-大安",0,80,-80
"26651","2727王品","110/07/09","臺銀-臺中",35,6,29
"26652","2727王品","110/07/09","兆豐-大安",7,60,-53
"26653","2727王品","110/07/09","元大-桃園",32,3,29
"26654","2727王品","110/07/09","永豐金-南投",0,50,-50
"26655","2727王品","110/07/09","元富-宜蘭",34,6,28
"26656","2727王品","110/07/09","新加坡商瑞銀",6,46,-40
"26657","2727王品","110/07/09","玉山-台中",34,8,26
"26658","2727王品","110/07/09","合庫-彰化",11,50,-39
"26659","2727王品","110/07/09","群益金鼎-宜蘭",30,4,26
"26660","2727王品","110/07/09","永豐金-萬盛",13,52,-39
"26661","2727王品","110/07/09","富邦-台中",42,16,26
"26662","2727王品","110/07/09","瑞士信貸",0,34,-34
"26663","2727王品","110/07/09","第一金-豐原",25,1,24
"26664","2727王品","110/07/09","元大-和平",4,35,-31
"26665","2727王品","110/07/09","臺銀",30,8,22
"26666","2727王品","110/07/09","美林",14,44,-30
"26667","2727王品","110/07/09","兆豐-來福",23,1,22
"26668","2727王品","110/07/09","元大-員林",9,38,-29
"26669","2727王品","110/07/09","玉山-士林",22,2,20
"26670","2727王品","110/07/09","元富-西松",4,31,-27
"26671","1570力肯","110/07/09","凱基-台北",30,1,29
"26672","1570力肯","110/07/09","群益金鼎-彰化",0,20,-20
"26673","1570力肯","110/07/09","新光-台南",20,0,20
"26674","1570力肯","110/07/09","元大-土城學府",0,20,-20
"26675","1570力肯","110/07/09","元大-高雄",20,0,20
"26676","1570力肯","110/07/09","元大-大統",0,16,-16
"26677","1570力肯","110/07/09","國票-中正",12,0,12
"26678","1570力肯","110/07/09","元大-新營",0,11,-11
"26679","1570力肯","110/07/09","日盛-高雄",6,0,6
"26680","1570力肯","110/07/09","元大-和平",0,10,-10
"26681","1570力肯","110/07/09","元富-緯城",6,0,6
"26682","1570力肯","110/07/09","元大-草屯",0,10,-10
"26683","1570力肯","110/07/09","群益金鼎-台南",6,0,6
"26684","1570力肯","110/07/09","元大-鹿港",0,9,-9
"26685","1570力肯","110/07/09","華南永昌-岡山",6,0,6
"26686","1570力肯","110/07/09","合庫-基隆",0,7,-7
"26687","1570力肯","110/07/09","統一-中壢",5,0,5
"26688","1570力肯","110/07/09","摩根大通",2,8,-6
"26689","1570力肯","110/07/09","凱基-三峽",5,0,5
"26690","1570力肯","110/07/09","台灣企銀-豐原",0,4,-4
"26691","1570力肯","110/07/09","大昌-樹林",4,0,4
"26692","1570力肯","110/07/09","日盛-桃園",0,4,-4
"26693","1570力肯","110/07/09","新光",3,0,3
"26694","1570力肯","110/07/09","國泰-高雄",0,3,-3
"26695","1570力肯","110/07/09","富邦-新竹華信",3,0,3
"26696","1570力肯","110/07/09","永豐金-敦南",0,3,-3
"26697","1570力肯","110/07/09","合庫-台中",2,0,2
"26698","1570力肯","110/07/09","土銀-彰化",0,2,-2
"26699","1570力肯","110/07/09","臺銀-臺中",2,0,2
"26700","1570力肯","110/07/09","臺銀-鳳山",0,2,-2
"26701","6180橘子","110/07/09","摩根大通",63,1,62
"26702","6180橘子","110/07/09","元大-南京",1,32,-31
"26703","6180橘子","110/07/09","富邦-陽明",73,33,40
"26704","6180橘子","110/07/09","群益金鼎-台北",0,25,-25
"26705","6180橘子","110/07/09","新加坡商瑞銀",31,0,31
"26706","6180橘子","110/07/09","兆豐-復興",0,21,-21
"26707","6180橘子","110/07/09","美商高盛",25,0,25
"26708","6180橘子","110/07/09","永豐金-嘉義",0,21,-21
"26709","6180橘子","110/07/09","凱基-台北",26,10,16
"26710","6180橘子","110/07/09","凱基-中壢",8,24,-16
"26711","6180橘子","110/07/09","華南永昌-楠梓",13,0,13
"26712","6180橘子","110/07/09","致和-崇德",0,15,-15
"26713","6180橘子","110/07/09","華南永昌-朴子",11,0,11
"26714","6180橘子","110/07/09","群益金鼎-屏東",0,15,-15
"26715","6180橘子","110/07/09","元大-北港",11,0,11
"26716","6180橘子","110/07/09","群益金鼎-中山",0,15,-15
"26717","6180橘子","110/07/09","元大-成功",10,1,9
"26718","6180橘子","110/07/09","瑞士信貸",1,15,-14
"26719","6180橘子","110/07/09","新光",26,18,8
"26720","6180橘子","110/07/09","日盛-二林",0,10,-10
"26721","6180橘子","110/07/09","統一-三重",6,0,6
"26722","6180橘子","110/07/09","凱基-東門",0,10,-10
"26723","6180橘子","110/07/09","群益金鼎-嘉義",6,0,6
"26724","6180橘子","110/07/09","華南永昌-三重",0,10,-10
"26725","6180橘子","110/07/09","元大-員林中山",6,0,6
"26726","6180橘子","110/07/09","元大-彰化民生",1,11,-10
"26727","6180橘子","110/07/09","合庫-鳳山",5,0,5
"26728","6180橘子","110/07/09","永豐金-新店",1,11,-10
"26729","6180橘子","110/07/09","富邦-建國",6,1,5
"26730","6180橘子","110/07/09","群益金鼎-丹鳳",0,8,-8
"26731","2390云辰","110/07/09","摩根大通",279,56,223
"26732","2390云辰","110/07/09","元大-天母",0,127,-127
"26733","2390云辰","110/07/09","日盛-鳳山",110,2,108
"26734","2390云辰","110/07/09","中國信託-文心",5,109,-104
"26735","2390云辰","110/07/09","宏遠證券",100,0,100
"26736","2390云辰","110/07/09","永豐金-復興",0,55,-55
"26737","2390云辰","110/07/09","元大-大里",63,6,57
"26738","2390云辰","110/07/09","凱基-台北",239,286,-47
"26739","2390云辰","110/07/09","凱基-八德",59,10,49
"26740","2390云辰","110/07/09","德信",2,32,-30
"26741","2390云辰","110/07/09","合庫-新竹",40,0,40
"26742","2390云辰","110/07/09","兆豐-桃鶯",2,32,-30
"26743","2390云辰","110/07/09","國票",40,1,39
"26744","2390云辰","110/07/09","致和-南京",0,30,-30
"26745","2390云辰","110/07/09","新加坡商瑞銀",49,13,36
"26746","2390云辰","110/07/09","富邦-虎尾",1,31,-30
"26747","2390云辰","110/07/09","統一-新台中",36,2,34
"26748","2390云辰","110/07/09","元大-善化",2,31,-29
"26749","2390云辰","110/07/09","國票-嘉義",31,0,31
"26750","2390云辰","110/07/09","富邦-板橋",0,27,-27
"26751","2390云辰","110/07/09","華南永昌",35,7,28
"26752","2390云辰","110/07/09","富邦-永和",3,28,-25
"26753","2390云辰","110/07/09","玉山-台中",49,22,27
"26754","2390云辰","110/07/09","第一金-自由",20,44,-24
"26755","2390云辰","110/07/09","華南永昌-敦南",25,0,25
"26756","2390云辰","110/07/09","凱基-內湖",0,24,-24
"26757","2390云辰","110/07/09","新光-高雄",27,4,23
"26758","2390云辰","110/07/09","元大-汐止",1,24,-23
"26759","2390云辰","110/07/09","台灣摩根士丹利",85,63,22
"26760","2390云辰","110/07/09","新光-台中",12,33,-21
"26761","4903聯光通","110/07/09","元大-敦南",10,0,10
"26762","4903聯光通","110/07/09","第一金-台中",0,12,-12
"26763","4903聯光通","110/07/09","凱基-士林",5,0,5
"26764","4903聯光通","110/07/09","日盛-忠孝",0,3,-3
"26765","4903聯光通","110/07/09","元大-苗栗",5,0,5
"26766","4903聯光通","110/07/09","群益金鼎-崇德",0,3,-3
"26767","4903聯光通","110/07/09","元大-屏南",3,0,3
"26768","4903聯光通","110/07/09","國票-內壢",0,2,-2
"26769","4903聯光通","110/07/09","中國信託-永康",1,0,1
"26770","4903聯光通","110/07/09","康和-南崁",0,2,-2
"26771","4903聯光通","110/07/09","玉山證券",1,0,1
"26772","4903聯光通","110/07/09","新光-台中",0,2,-2
"26773","4903聯光通","110/07/09","元大-太平",4,3,1
"26774","4903聯光通","110/07/09","玉山-城中",0,2,-2
"26775","4903聯光通","110/07/09","永豐金-嘉義",1,0,1
"26776","4903聯光通","110/07/09","中國信託-文心",0,1,-1
"26777","4903聯光通","110/07/09","大昌",0,0,0
"26778","4903聯光通","110/07/09","大昌",0,0,0
"26779","4903聯光通","110/07/09","中農",0,0,0
"26780","4903聯光通","110/07/09","中農",0,0,0
"26781","4903聯光通","110/07/09","",NA,NA,NA
"26782","4903聯光通","110/07/09","",NA,NA,NA
"26783","4903聯光通","110/07/09","",NA,NA,NA
"26784","4903聯光通","110/07/09","",NA,NA,NA
"26785","4903聯光通","110/07/09","",NA,NA,NA
"26786","4903聯光通","110/07/09","",NA,NA,NA
"26787","4903聯光通","110/07/09","",NA,NA,NA
"26788","4903聯光通","110/07/09","",NA,NA,NA
"26789","4903聯光通","110/07/09","",NA,NA,NA
"26790","4903聯光通","110/07/09","",NA,NA,NA
"26791","2929淘帝","110/07/09","台中銀-台北",110,0,110
"26792","2929淘帝","110/07/09","新光",2,82,-80
"26793","2929淘帝","110/07/09","華南永昌-頭份",72,0,72
"26794","2929淘帝","110/07/09","摩根大通",2,63,-61
"26795","2929淘帝","110/07/09","合庫-高雄",71,0,71
"26796","2929淘帝","110/07/09","第一金-路竹",0,50,-50
"26797","2929淘帝","110/07/09","高橋-龍潭",37,0,37
"26798","2929淘帝","110/07/09","港商麥格理",0,42,-42
"26799","2929淘帝","110/07/09","新光-台中",60,26,34
"26800","2929淘帝","110/07/09","陽信-石牌",0,40,-40
"26801","2929淘帝","110/07/09","元富-大裕",22,1,21
"26802","2929淘帝","110/07/09","台新-左楠",1,39,-38
"26803","2929淘帝","110/07/09","合庫-鳳山",20,0,20
"26804","2929淘帝","110/07/09","凱基-桃園",3,29,-26
"26805","2929淘帝","110/07/09","元大-員林",22,2,20
"26806","2929淘帝","110/07/09","兆豐-內湖",0,25,-25
"26807","2929淘帝","110/07/09","台新-建北",15,0,15
"26808","2929淘帝","110/07/09","元大-北港",0,20,-20
"26809","2929淘帝","110/07/09","兆豐-桃園",13,0,13
"26810","2929淘帝","110/07/09","富邦-北港",0,19,-19
"26811","2929淘帝","110/07/09","兆豐-忠孝",10,0,10
"26812","2929淘帝","110/07/09","富邦-花蓮",0,17,-17
"26813","2929淘帝","110/07/09","國票-敦北法人",10,0,10
"26814","2929淘帝","110/07/09","國泰-台中",2,17,-15
"26815","2929淘帝","110/07/09","永豐金-博愛",10,0,10
"26816","2929淘帝","110/07/09","群益金鼎-彰化",0,15,-15
"26817","2929淘帝","110/07/09","群益金鼎-潭子",8,0,8
"26818","2929淘帝","110/07/09","元大-博愛",0,14,-14
"26819","2929淘帝","110/07/09","富邦-南屯",8,0,8
"26820","2929淘帝","110/07/09","日盛-板橋",0,13,-13
"26821","5410國眾","110/07/09","元大-新盛",14,0,14
"26822","5410國眾","110/07/09","(牛牛牛)亞-鑫豐",1,41,-40
"26823","5410國眾","110/07/09","台灣企銀-民雄",10,0,10
"26824","5410國眾","110/07/09","元富-嘉義",0,25,-25
"26825","5410國眾","110/07/09","元富-虎尾",9,0,9
"26826","5410國眾","110/07/09","凱基-高美館",0,10,-10
"26827","5410國眾","110/07/09","摩根大通",10,1,9
"26828","5410國眾","110/07/09","凱基-城中",0,10,-10
"26829","5410國眾","110/07/09","兆豐-北高雄",7,0,7
"26830","5410國眾","110/07/09","元大-頭份",0,10,-10
"26831","5410國眾","110/07/09","凱基-台北",8,1,7
"26832","5410國眾","110/07/09","群益金鼎-丹鳳",0,7,-7
"26833","5410國眾","110/07/09","華南永昌-公誠",7,0,7
"26834","5410國眾","110/07/09","凱基-復興",0,7,-7
"26835","5410國眾","110/07/09","香港上海匯豐",6,0,6
"26836","5410國眾","110/07/09","元大-員林",0,7,-7
"26837","5410國眾","110/07/09","凱基-中壢",6,0,6
"26838","5410國眾","110/07/09","富邦-竹東",0,6,-6
"26839","5410國眾","110/07/09","華南永昌-南京",6,0,6
"26840","5410國眾","110/07/09","亞東-高雄",0,5,-5
"26841","5410國眾","110/07/09","統一-三重",5,0,5
"26842","5410國眾","110/07/09","大慶-中壢",1,6,-5
"26843","5410國眾","110/07/09","富邦-宜蘭",5,0,5
"26844","5410國眾","110/07/09","群益金鼎-中港",0,5,-5
"26845","5410國眾","110/07/09","元大-崇德",5,0,5
"26846","5410國眾","110/07/09","元大-八德",0,5,-5
"26847","5410國眾","110/07/09","元大-博愛",5,0,5
"26848","5410國眾","110/07/09","富邦-基隆",0,4,-4
"26849","5410國眾","110/07/09","元大-龍潭",5,0,5
"26850","5410國眾","110/07/09","臺銀-新竹",0,3,-3
"26851","2841台開","110/07/09","日盛-雙和",102,0,102
"26852","2841台開","110/07/09","港商野村",0,129,-129
"26853","2841台開","110/07/09","元大-館前",70,0,70
"26854","2841台開","110/07/09","兆豐-永和",0,100,-100
"26855","2841台開","110/07/09","凱基-文心",50,0,50
"26856","2841台開","110/07/09","台新證券",7,28,-21
"26857","2841台開","110/07/09","富邦-嘉義",40,0,40
"26858","2841台開","110/07/09","國票-北高雄",0,20,-20
"26859","2841台開","110/07/09","美商高盛",15,0,15
"26860","2841台開","110/07/09","永豐金-敦南",29,46,-17
"26861","2841台開","110/07/09","台中銀",15,0,15
"26862","2841台開","110/07/09","合庫-基隆",0,12,-12
"26863","2841台開","110/07/09","新光",11,0,11
"26864","2841台開","110/07/09","中國信託-松江",0,12,-12
"26865","2841台開","110/07/09","華南永昌-長虹",10,0,10
"26866","2841台開","110/07/09","兆豐-城中",0,12,-12
"26867","2841台開","110/07/09","永豐金-南投",10,0,10
"26868","2841台開","110/07/09","台中銀-豐原",0,10,-10
"26869","2841台開","110/07/09","合庫-桃園",7,0,7
"26870","2841台開","110/07/09","兆豐-景美",0,10,-10
"26871","2841台開","110/07/09","群益金鼎-古亭",7,0,7
"26872","2841台開","110/07/09","群益金鼎-基隆",0,10,-10
"26873","2841台開","110/07/09","國泰-敦南",6,0,6
"26874","2841台開","110/07/09","元大-北三重",0,10,-10
"26875","2841台開","110/07/09","凱基-桃園",8,2,6
"26876","2841台開","110/07/09","(牛牛牛)亞-網路",0,9,-9
"26877","2841台開","110/07/09","日盛證券",5,0,5
"26878","2841台開","110/07/09","台新-高雄",1,10,-9
"26879","2841台開","110/07/09","元富-文心",5,0,5
"26880","2841台開","110/07/09","凱基-台北",0,7,-7
"26881","6207雷科","110/07/09","群益金鼎-新竹",47,0,47
"26882","6207雷科","110/07/09","新光",7,24,-17
"26883","6207雷科","110/07/09","永豐金-三重",31,0,31
"26884","6207雷科","110/07/09","日盛-和美",0,15,-15
"26885","6207雷科","110/07/09","新加坡商瑞銀",33,5,28
"26886","6207雷科","110/07/09","國泰-台南",0,15,-15
"26887","6207雷科","110/07/09","元大-高雄",26,0,26
"26888","6207雷科","110/07/09","華南永昌-古亭",0,14,-14
"26889","6207雷科","110/07/09","統一-員林",22,0,22
"26890","6207雷科","110/07/09","土銀-白河",0,11,-11
"26891","6207雷科","110/07/09","台新-高雄",22,0,22
"26892","6207雷科","110/07/09","日盛-台南",0,10,-10
"26893","6207雷科","110/07/09","摩根大通",34,17,17
"26894","6207雷科","110/07/09","元富-林園",0,10,-10
"26895","6207雷科","110/07/09","元大-博愛",17,1,16
"26896","6207雷科","110/07/09","富邦-園區",0,10,-10
"26897","6207雷科","110/07/09","日茂-埔里",12,0,12
"26898","6207雷科","110/07/09","元大-上新莊",0,10,-10
"26899","6207雷科","110/07/09","國泰-台中",17,6,11
"26900","6207雷科","110/07/09","永豐金-南京",0,10,-10
"26901","6207雷科","110/07/09","富邦-三重",10,0,10
"26902","6207雷科","110/07/09","兆豐-小港",0,6,-6
"26903","6207雷科","110/07/09","元大-沙鹿",10,0,10
"26904","6207雷科","110/07/09","富邦-羅東",1,7,-6
"26905","6207雷科","110/07/09","元大-八德",10,0,10
"26906","6207雷科","110/07/09","元大-土城永寧",0,6,-6
"26907","6207雷科","110/07/09","第一金-路竹",11,2,9
"26908","6207雷科","110/07/09","永豐金-板盛",0,6,-6
"26909","6207雷科","110/07/09","統一-南京",5,0,5
"26910","6207雷科","110/07/09","日盛-板橋",0,5,-5
"26911","3679新至陞","110/07/09","元大-大天母",10,0,10
"26912","3679新至陞","110/07/09","第一金-光復",0,11,-11
"26913","3679新至陞","110/07/09","日盛-樹林",9,0,9
"26914","3679新至陞","110/07/09","瑞士信貸",0,8,-8
"26915","3679新至陞","110/07/09","凱基-台北",11,2,9
"26916","3679新至陞","110/07/09","大慶-苗栗",0,5,-5
"26917","3679新至陞","110/07/09","華南永昌-小港",8,0,8
"26918","3679新至陞","110/07/09","元大-永春",0,5,-5
"26919","3679新至陞","110/07/09","兆豐-來福",7,0,7
"26920","3679新至陞","110/07/09","日盛-和美",0,4,-4
"26921","3679新至陞","110/07/09","香港上海匯豐",5,0,5
"26922","3679新至陞","110/07/09","元大-雙和",0,3,-3
"26923","3679新至陞","110/07/09","台中銀-員林",3,0,3
"26924","3679新至陞","110/07/09","永豐金-屏東",0,3,-3
"26925","3679新至陞","110/07/09","新光",3,0,3
"26926","3679新至陞","110/07/09","彰銀",0,2,-2
"26927","3679新至陞","110/07/09","土銀-花蓮",2,0,2
"26928","3679新至陞","110/07/09","宏遠-館前",0,2,-2
"26929","3679新至陞","110/07/09","第一金-澎湖",2,0,2
"26930","3679新至陞","110/07/09","港商野村",0,2,-2
"26931","3679新至陞","110/07/09","摩根大通",2,0,2
"26932","3679新至陞","110/07/09","大昌-新店",0,2,-2
"26933","3679新至陞","110/07/09","國泰-敦南",2,0,2
"26934","3679新至陞","110/07/09","元大-新莊",0,2,-2
"26935","3679新至陞","110/07/09","元大-淡水",4,2,2
"26936","3679新至陞","110/07/09","元大-板橋",0,2,-2
"26937","3679新至陞","110/07/09","日盛-士林",1,0,1
"26938","3679新至陞","110/07/09","台灣摩根士丹利",0,1,-1
"26939","3679新至陞","110/07/09","日盛-信義",1,0,1
"26940","3679新至陞","110/07/09","第一金-高雄",0,1,-1
"26941","2727王品","110/07/09","台灣匯立證券",90,0,90
"26942","2727王品","110/07/09","台灣摩根士丹利",0,267,-267
"26943","2727王品","110/07/09","國泰-敦南",166,84,82
"26944","2727王品","110/07/09","富邦-台北",35,299,-264
"26945","2727王品","110/07/09","富邦-仁愛",56,12,44
"26946","2727王品","110/07/09","凱基-台北",174,296,-122
"26947","2727王品","110/07/09","台新證券",109,66,43
"26948","2727王品","110/07/09","第一金",2,102,-100
"26949","2727王品","110/07/09","新光",117,87,30
"26950","2727王品","110/07/09","群益金鼎-大安",0,80,-80
"26951","2727王品","110/07/09","臺銀-臺中",35,6,29
"26952","2727王品","110/07/09","兆豐-大安",7,60,-53
"26953","2727王品","110/07/09","元大-桃園",32,3,29
"26954","2727王品","110/07/09","永豐金-南投",0,50,-50
"26955","2727王品","110/07/09","元富-宜蘭",34,6,28
"26956","2727王品","110/07/09","新加坡商瑞銀",6,46,-40
"26957","2727王品","110/07/09","玉山-台中",34,8,26
"26958","2727王品","110/07/09","合庫-彰化",11,50,-39
"26959","2727王品","110/07/09","群益金鼎-宜蘭",30,4,26
"26960","2727王品","110/07/09","永豐金-萬盛",13,52,-39
"26961","2727王品","110/07/09","富邦-台中",42,16,26
"26962","2727王品","110/07/09","瑞士信貸",0,34,-34
"26963","2727王品","110/07/09","第一金-豐原",25,1,24
"26964","2727王品","110/07/09","元大-和平",4,35,-31
"26965","2727王品","110/07/09","臺銀",30,8,22
"26966","2727王品","110/07/09","美林",14,44,-30
"26967","2727王品","110/07/09","兆豐-來福",23,1,22
"26968","2727王品","110/07/09","元大-員林",9,38,-29
"26969","2727王品","110/07/09","玉山-士林",22,2,20
"26970","2727王品","110/07/09","元富-西松",4,31,-27
"26971","1570力肯","110/07/09","凱基-台北",30,1,29
"26972","1570力肯","110/07/09","群益金鼎-彰化",0,20,-20
"26973","1570力肯","110/07/09","新光-台南",20,0,20
"26974","1570力肯","110/07/09","元大-土城學府",0,20,-20
"26975","1570力肯","110/07/09","元大-高雄",20,0,20
"26976","1570力肯","110/07/09","元大-大統",0,16,-16
"26977","1570力肯","110/07/09","國票-中正",12,0,12
"26978","1570力肯","110/07/09","元大-新營",0,11,-11
"26979","1570力肯","110/07/09","日盛-高雄",6,0,6
"26980","1570力肯","110/07/09","元大-和平",0,10,-10
"26981","1570力肯","110/07/09","元富-緯城",6,0,6
"26982","1570力肯","110/07/09","元大-草屯",0,10,-10
"26983","1570力肯","110/07/09","群益金鼎-台南",6,0,6
"26984","1570力肯","110/07/09","元大-鹿港",0,9,-9
"26985","1570力肯","110/07/09","華南永昌-岡山",6,0,6
"26986","1570力肯","110/07/09","合庫-基隆",0,7,-7
"26987","1570力肯","110/07/09","統一-中壢",5,0,5
"26988","1570力肯","110/07/09","摩根大通",2,8,-6
"26989","1570力肯","110/07/09","凱基-三峽",5,0,5
"26990","1570力肯","110/07/09","台灣企銀-豐原",0,4,-4
"26991","1570力肯","110/07/09","大昌-樹林",4,0,4
"26992","1570力肯","110/07/09","日盛-桃園",0,4,-4
"26993","1570力肯","110/07/09","新光",3,0,3
"26994","1570力肯","110/07/09","國泰-高雄",0,3,-3
"26995","1570力肯","110/07/09","富邦-新竹華信",3,0,3
"26996","1570力肯","110/07/09","永豐金-敦南",0,3,-3
"26997","1570力肯","110/07/09","合庫-台中",2,0,2
"26998","1570力肯","110/07/09","土銀-彰化",0,2,-2
"26999","1570力肯","110/07/09","臺銀-臺中",2,0,2
"27000","1570力肯","110/07/09","臺銀-鳳山",0,2,-2
"27001","6180橘子","110/07/09","摩根大通",63,1,62
"27002","6180橘子","110/07/09","元大-南京",1,32,-31
"27003","6180橘子","110/07/09","富邦-陽明",73,33,40
"27004","6180橘子","110/07/09","群益金鼎-台北",0,25,-25
"27005","6180橘子","110/07/09","新加坡商瑞銀",31,0,31
"27006","6180橘子","110/07/09","兆豐-復興",0,21,-21
"27007","6180橘子","110/07/09","美商高盛",25,0,25
"27008","6180橘子","110/07/09","永豐金-嘉義",0,21,-21
"27009","6180橘子","110/07/09","凱基-台北",26,10,16
"27010","6180橘子","110/07/09","凱基-中壢",8,24,-16
"27011","6180橘子","110/07/09","華南永昌-楠梓",13,0,13
"27012","6180橘子","110/07/09","致和-崇德",0,15,-15
"27013","6180橘子","110/07/09","華南永昌-朴子",11,0,11
"27014","6180橘子","110/07/09","群益金鼎-屏東",0,15,-15
"27015","6180橘子","110/07/09","元大-北港",11,0,11
"27016","6180橘子","110/07/09","群益金鼎-中山",0,15,-15
"27017","6180橘子","110/07/09","元大-成功",10,1,9
"27018","6180橘子","110/07/09","瑞士信貸",1,15,-14
"27019","6180橘子","110/07/09","新光",26,18,8
"27020","6180橘子","110/07/09","日盛-二林",0,10,-10
"27021","6180橘子","110/07/09","統一-三重",6,0,6
"27022","6180橘子","110/07/09","凱基-東門",0,10,-10
"27023","6180橘子","110/07/09","群益金鼎-嘉義",6,0,6
"27024","6180橘子","110/07/09","華南永昌-三重",0,10,-10
"27025","6180橘子","110/07/09","元大-員林中山",6,0,6
"27026","6180橘子","110/07/09","元大-彰化民生",1,11,-10
"27027","6180橘子","110/07/09","合庫-鳳山",5,0,5
"27028","6180橘子","110/07/09","永豐金-新店",1,11,-10
"27029","6180橘子","110/07/09","富邦-建國",6,1,5
"27030","6180橘子","110/07/09","群益金鼎-丹鳳",0,8,-8
"27031","2390云辰","110/07/09","摩根大通",279,56,223
"27032","2390云辰","110/07/09","元大-天母",0,127,-127
"27033","2390云辰","110/07/09","日盛-鳳山",110,2,108
"27034","2390云辰","110/07/09","中國信託-文心",5,109,-104
"27035","2390云辰","110/07/09","宏遠證券",100,0,100
"27036","2390云辰","110/07/09","永豐金-復興",0,55,-55
"27037","2390云辰","110/07/09","元大-大里",63,6,57
"27038","2390云辰","110/07/09","凱基-台北",239,286,-47
"27039","2390云辰","110/07/09","凱基-八德",59,10,49
"27040","2390云辰","110/07/09","德信",2,32,-30
"27041","2390云辰","110/07/09","合庫-新竹",40,0,40
"27042","2390云辰","110/07/09","兆豐-桃鶯",2,32,-30
"27043","2390云辰","110/07/09","國票",40,1,39
"27044","2390云辰","110/07/09","致和-南京",0,30,-30
"27045","2390云辰","110/07/09","新加坡商瑞銀",49,13,36
"27046","2390云辰","110/07/09","富邦-虎尾",1,31,-30
"27047","2390云辰","110/07/09","統一-新台中",36,2,34
"27048","2390云辰","110/07/09","元大-善化",2,31,-29
"27049","2390云辰","110/07/09","國票-嘉義",31,0,31
"27050","2390云辰","110/07/09","富邦-板橋",0,27,-27
"27051","2390云辰","110/07/09","華南永昌",35,7,28
"27052","2390云辰","110/07/09","富邦-永和",3,28,-25
"27053","2390云辰","110/07/09","玉山-台中",49,22,27
"27054","2390云辰","110/07/09","第一金-自由",20,44,-24
"27055","2390云辰","110/07/09","華南永昌-敦南",25,0,25
"27056","2390云辰","110/07/09","凱基-內湖",0,24,-24
"27057","2390云辰","110/07/09","新光-高雄",27,4,23
"27058","2390云辰","110/07/09","元大-汐止",1,24,-23
"27059","2390云辰","110/07/09","台灣摩根士丹利",85,63,22
"27060","2390云辰","110/07/09","新光-台中",12,33,-21
"27061","4903聯光通","110/07/09","元大-敦南",10,0,10
"27062","4903聯光通","110/07/09","第一金-台中",0,12,-12
"27063","4903聯光通","110/07/09","凱基-士林",5,0,5
"27064","4903聯光通","110/07/09","日盛-忠孝",0,3,-3
"27065","4903聯光通","110/07/09","元大-苗栗",5,0,5
"27066","4903聯光通","110/07/09","群益金鼎-崇德",0,3,-3
"27067","4903聯光通","110/07/09","元大-屏南",3,0,3
"27068","4903聯光通","110/07/09","國票-內壢",0,2,-2
"27069","4903聯光通","110/07/09","中國信託-永康",1,0,1
"27070","4903聯光通","110/07/09","康和-南崁",0,2,-2
"27071","4903聯光通","110/07/09","玉山證券",1,0,1
"27072","4903聯光通","110/07/09","新光-台中",0,2,-2
"27073","4903聯光通","110/07/09","元大-太平",4,3,1
"27074","4903聯光通","110/07/09","玉山-城中",0,2,-2
"27075","4903聯光通","110/07/09","永豐金-嘉義",1,0,1
"27076","4903聯光通","110/07/09","中國信託-文心",0,1,-1
"27077","4903聯光通","110/07/09","大昌",0,0,0
"27078","4903聯光通","110/07/09","大昌",0,0,0
"27079","4903聯光通","110/07/09","中農",0,0,0
"27080","4903聯光通","110/07/09","中農",0,0,0
"27081","4903聯光通","110/07/09","",NA,NA,NA
"27082","4903聯光通","110/07/09","",NA,NA,NA
"27083","4903聯光通","110/07/09","",NA,NA,NA
"27084","4903聯光通","110/07/09","",NA,NA,NA
"27085","4903聯光通","110/07/09","",NA,NA,NA
"27086","4903聯光通","110/07/09","",NA,NA,NA
"27087","4903聯光通","110/07/09","",NA,NA,NA
"27088","4903聯光通","110/07/09","",NA,NA,NA
"27089","4903聯光通","110/07/09","",NA,NA,NA
"27090","4903聯光通","110/07/09","",NA,NA,NA
"27091","2929淘帝","110/07/09","台中銀-台北",110,0,110
"27092","2929淘帝","110/07/09","新光",2,82,-80
"27093","2929淘帝","110/07/09","華南永昌-頭份",72,0,72
"27094","2929淘帝","110/07/09","摩根大通",2,63,-61
"27095","2929淘帝","110/07/09","合庫-高雄",71,0,71
"27096","2929淘帝","110/07/09","第一金-路竹",0,50,-50
"27097","2929淘帝","110/07/09","高橋-龍潭",37,0,37
"27098","2929淘帝","110/07/09","港商麥格理",0,42,-42
"27099","2929淘帝","110/07/09","新光-台中",60,26,34
"27100","2929淘帝","110/07/09","陽信-石牌",0,40,-40
"27101","2929淘帝","110/07/09","元富-大裕",22,1,21
"27102","2929淘帝","110/07/09","台新-左楠",1,39,-38
"27103","2929淘帝","110/07/09","合庫-鳳山",20,0,20
"27104","2929淘帝","110/07/09","凱基-桃園",3,29,-26
"27105","2929淘帝","110/07/09","元大-員林",22,2,20
"27106","2929淘帝","110/07/09","兆豐-內湖",0,25,-25
"27107","2929淘帝","110/07/09","台新-建北",15,0,15
"27108","2929淘帝","110/07/09","元大-北港",0,20,-20
"27109","2929淘帝","110/07/09","兆豐-桃園",13,0,13
"27110","2929淘帝","110/07/09","富邦-北港",0,19,-19
"27111","2929淘帝","110/07/09","兆豐-忠孝",10,0,10
"27112","2929淘帝","110/07/09","富邦-花蓮",0,17,-17
"27113","2929淘帝","110/07/09","國票-敦北法人",10,0,10
"27114","2929淘帝","110/07/09","國泰-台中",2,17,-15
"27115","2929淘帝","110/07/09","永豐金-博愛",10,0,10
"27116","2929淘帝","110/07/09","群益金鼎-彰化",0,15,-15
"27117","2929淘帝","110/07/09","群益金鼎-潭子",8,0,8
"27118","2929淘帝","110/07/09","元大-博愛",0,14,-14
"27119","2929淘帝","110/07/09","富邦-南屯",8,0,8
"27120","2929淘帝","110/07/09","日盛-板橋",0,13,-13
"27121","5410國眾","110/07/09","元大-新盛",14,0,14
"27122","5410國眾","110/07/09","(牛牛牛)亞-鑫豐",1,41,-40
"27123","5410國眾","110/07/09","台灣企銀-民雄",10,0,10
"27124","5410國眾","110/07/09","元富-嘉義",0,25,-25
"27125","5410國眾","110/07/09","元富-虎尾",9,0,9
"27126","5410國眾","110/07/09","凱基-高美館",0,10,-10
"27127","5410國眾","110/07/09","摩根大通",10,1,9
"27128","5410國眾","110/07/09","凱基-城中",0,10,-10
"27129","5410國眾","110/07/09","兆豐-北高雄",7,0,7
"27130","5410國眾","110/07/09","元大-頭份",0,10,-10
"27131","5410國眾","110/07/09","凱基-台北",8,1,7
"27132","5410國眾","110/07/09","群益金鼎-丹鳳",0,7,-7
"27133","5410國眾","110/07/09","華南永昌-公誠",7,0,7
"27134","5410國眾","110/07/09","凱基-復興",0,7,-7
"27135","5410國眾","110/07/09","香港上海匯豐",6,0,6
"27136","5410國眾","110/07/09","元大-員林",0,7,-7
"27137","5410國眾","110/07/09","凱基-中壢",6,0,6
"27138","5410國眾","110/07/09","富邦-竹東",0,6,-6
"27139","5410國眾","110/07/09","華南永昌-南京",6,0,6
"27140","5410國眾","110/07/09","亞東-高雄",0,5,-5
"27141","5410國眾","110/07/09","統一-三重",5,0,5
"27142","5410國眾","110/07/09","大慶-中壢",1,6,-5
"27143","5410國眾","110/07/09","富邦-宜蘭",5,0,5
"27144","5410國眾","110/07/09","群益金鼎-中港",0,5,-5
"27145","5410國眾","110/07/09","元大-崇德",5,0,5
"27146","5410國眾","110/07/09","元大-八德",0,5,-5
"27147","5410國眾","110/07/09","元大-博愛",5,0,5
"27148","5410國眾","110/07/09","富邦-基隆",0,4,-4
"27149","5410國眾","110/07/09","元大-龍潭",5,0,5
"27150","5410國眾","110/07/09","臺銀-新竹",0,3,-3
"27151","2841台開","110/07/09","日盛-雙和",102,0,102
"27152","2841台開","110/07/09","港商野村",0,129,-129
"27153","2841台開","110/07/09","元大-館前",70,0,70
"27154","2841台開","110/07/09","兆豐-永和",0,100,-100
"27155","2841台開","110/07/09","凱基-文心",50,0,50
"27156","2841台開","110/07/09","台新證券",7,28,-21
"27157","2841台開","110/07/09","富邦-嘉義",40,0,40
"27158","2841台開","110/07/09","國票-北高雄",0,20,-20
"27159","2841台開","110/07/09","美商高盛",15,0,15
"27160","2841台開","110/07/09","永豐金-敦南",29,46,-17
"27161","2841台開","110/07/09","台中銀",15,0,15
"27162","2841台開","110/07/09","合庫-基隆",0,12,-12
"27163","2841台開","110/07/09","新光",11,0,11
"27164","2841台開","110/07/09","中國信託-松江",0,12,-12
"27165","2841台開","110/07/09","華南永昌-長虹",10,0,10
"27166","2841台開","110/07/09","兆豐-城中",0,12,-12
"27167","2841台開","110/07/09","永豐金-南投",10,0,10
"27168","2841台開","110/07/09","台中銀-豐原",0,10,-10
"27169","2841台開","110/07/09","合庫-桃園",7,0,7
"27170","2841台開","110/07/09","兆豐-景美",0,10,-10
"27171","2841台開","110/07/09","群益金鼎-古亭",7,0,7
"27172","2841台開","110/07/09","群益金鼎-基隆",0,10,-10
"27173","2841台開","110/07/09","國泰-敦南",6,0,6
"27174","2841台開","110/07/09","元大-北三重",0,10,-10
"27175","2841台開","110/07/09","凱基-桃園",8,2,6
"27176","2841台開","110/07/09","(牛牛牛)亞-網路",0,9,-9
"27177","2841台開","110/07/09","日盛證券",5,0,5
"27178","2841台開","110/07/09","台新-高雄",1,10,-9
"27179","2841台開","110/07/09","元富-文心",5,0,5
"27180","2841台開","110/07/09","凱基-台北",0,7,-7
"27181","6207雷科","110/07/09","群益金鼎-新竹",47,0,47
"27182","6207雷科","110/07/09","新光",7,24,-17
"27183","6207雷科","110/07/09","永豐金-三重",31,0,31
"27184","6207雷科","110/07/09","日盛-和美",0,15,-15
"27185","6207雷科","110/07/09","新加坡商瑞銀",33,5,28
"27186","6207雷科","110/07/09","國泰-台南",0,15,-15
"27187","6207雷科","110/07/09","元大-高雄",26,0,26
"27188","6207雷科","110/07/09","華南永昌-古亭",0,14,-14
"27189","6207雷科","110/07/09","統一-員林",22,0,22
"27190","6207雷科","110/07/09","土銀-白河",0,11,-11
"27191","6207雷科","110/07/09","台新-高雄",22,0,22
"27192","6207雷科","110/07/09","日盛-台南",0,10,-10
"27193","6207雷科","110/07/09","摩根大通",34,17,17
"27194","6207雷科","110/07/09","元富-林園",0,10,-10
"27195","6207雷科","110/07/09","元大-博愛",17,1,16
"27196","6207雷科","110/07/09","富邦-園區",0,10,-10
"27197","6207雷科","110/07/09","日茂-埔里",12,0,12
"27198","6207雷科","110/07/09","元大-上新莊",0,10,-10
"27199","6207雷科","110/07/09","國泰-台中",17,6,11
"27200","6207雷科","110/07/09","永豐金-南京",0,10,-10
"27201","6207雷科","110/07/09","富邦-三重",10,0,10
"27202","6207雷科","110/07/09","兆豐-小港",0,6,-6
"27203","6207雷科","110/07/09","元大-沙鹿",10,0,10
"27204","6207雷科","110/07/09","富邦-羅東",1,7,-6
"27205","6207雷科","110/07/09","元大-八德",10,0,10
"27206","6207雷科","110/07/09","元大-土城永寧",0,6,-6
"27207","6207雷科","110/07/09","第一金-路竹",11,2,9
"27208","6207雷科","110/07/09","永豐金-板盛",0,6,-6
"27209","6207雷科","110/07/09","統一-南京",5,0,5
"27210","6207雷科","110/07/09","日盛-板橋",0,5,-5
"27211","3679新至陞","110/07/09","元大-大天母",10,0,10
"27212","3679新至陞","110/07/09","第一金-光復",0,11,-11
"27213","3679新至陞","110/07/09","日盛-樹林",9,0,9
"27214","3679新至陞","110/07/09","瑞士信貸",0,8,-8
"27215","3679新至陞","110/07/09","凱基-台北",11,2,9
"27216","3679新至陞","110/07/09","大慶-苗栗",0,5,-5
"27217","3679新至陞","110/07/09","華南永昌-小港",8,0,8
"27218","3679新至陞","110/07/09","元大-永春",0,5,-5
"27219","3679新至陞","110/07/09","兆豐-來福",7,0,7
"27220","3679新至陞","110/07/09","日盛-和美",0,4,-4
"27221","3679新至陞","110/07/09","香港上海匯豐",5,0,5
"27222","3679新至陞","110/07/09","元大-雙和",0,3,-3
"27223","3679新至陞","110/07/09","台中銀-員林",3,0,3
"27224","3679新至陞","110/07/09","永豐金-屏東",0,3,-3
"27225","3679新至陞","110/07/09","新光",3,0,3
"27226","3679新至陞","110/07/09","彰銀",0,2,-2
"27227","3679新至陞","110/07/09","土銀-花蓮",2,0,2
"27228","3679新至陞","110/07/09","宏遠-館前",0,2,-2
"27229","3679新至陞","110/07/09","第一金-澎湖",2,0,2
"27230","3679新至陞","110/07/09","港商野村",0,2,-2
"27231","3679新至陞","110/07/09","摩根大通",2,0,2
"27232","3679新至陞","110/07/09","大昌-新店",0,2,-2
"27233","3679新至陞","110/07/09","國泰-敦南",2,0,2
"27234","3679新至陞","110/07/09","元大-新莊",0,2,-2
"27235","3679新至陞","110/07/09","元大-淡水",4,2,2
"27236","3679新至陞","110/07/09","元大-板橋",0,2,-2
"27237","3679新至陞","110/07/09","日盛-士林",1,0,1
"27238","3679新至陞","110/07/09","台灣摩根士丹利",0,1,-1
"27239","3679新至陞","110/07/09","日盛-信義",1,0,1
"27240","3679新至陞","110/07/09","第一金-高雄",0,1,-1
"27241","2727王品","110/07/09","台灣匯立證券",90,0,90
"27242","2727王品","110/07/09","台灣摩根士丹利",0,267,-267
"27243","2727王品","110/07/09","國泰-敦南",166,84,82
"27244","2727王品","110/07/09","富邦-台北",35,299,-264
"27245","2727王品","110/07/09","富邦-仁愛",56,12,44
"27246","2727王品","110/07/09","凱基-台北",174,296,-122
"27247","2727王品","110/07/09","台新證券",109,66,43
"27248","2727王品","110/07/09","第一金",2,102,-100
"27249","2727王品","110/07/09","新光",117,87,30
"27250","2727王品","110/07/09","群益金鼎-大安",0,80,-80
"27251","2727王品","110/07/09","臺銀-臺中",35,6,29
"27252","2727王品","110/07/09","兆豐-大安",7,60,-53
"27253","2727王品","110/07/09","元大-桃園",32,3,29
"27254","2727王品","110/07/09","永豐金-南投",0,50,-50
"27255","2727王品","110/07/09","元富-宜蘭",34,6,28
"27256","2727王品","110/07/09","新加坡商瑞銀",6,46,-40
"27257","2727王品","110/07/09","玉山-台中",34,8,26
"27258","2727王品","110/07/09","合庫-彰化",11,50,-39
"27259","2727王品","110/07/09","群益金鼎-宜蘭",30,4,26
"27260","2727王品","110/07/09","永豐金-萬盛",13,52,-39
"27261","2727王品","110/07/09","富邦-台中",42,16,26
"27262","2727王品","110/07/09","瑞士信貸",0,34,-34
"27263","2727王品","110/07/09","第一金-豐原",25,1,24
"27264","2727王品","110/07/09","元大-和平",4,35,-31
"27265","2727王品","110/07/09","臺銀",30,8,22
"27266","2727王品","110/07/09","美林",14,44,-30
"27267","2727王品","110/07/09","兆豐-來福",23,1,22
"27268","2727王品","110/07/09","元大-員林",9,38,-29
"27269","2727王品","110/07/09","玉山-士林",22,2,20
"27270","2727王品","110/07/09","元富-西松",4,31,-27
"27271","1570力肯","110/07/09","凱基-台北",30,1,29
"27272","1570力肯","110/07/09","群益金鼎-彰化",0,20,-20
"27273","1570力肯","110/07/09","新光-台南",20,0,20
"27274","1570力肯","110/07/09","元大-土城學府",0,20,-20
"27275","1570力肯","110/07/09","元大-高雄",20,0,20
"27276","1570力肯","110/07/09","元大-大統",0,16,-16
"27277","1570力肯","110/07/09","國票-中正",12,0,12
"27278","1570力肯","110/07/09","元大-新營",0,11,-11
"27279","1570力肯","110/07/09","日盛-高雄",6,0,6
"27280","1570力肯","110/07/09","元大-和平",0,10,-10
"27281","1570力肯","110/07/09","元富-緯城",6,0,6
"27282","1570力肯","110/07/09","元大-草屯",0,10,-10
"27283","1570力肯","110/07/09","群益金鼎-台南",6,0,6
"27284","1570力肯","110/07/09","元大-鹿港",0,9,-9
"27285","1570力肯","110/07/09","華南永昌-岡山",6,0,6
"27286","1570力肯","110/07/09","合庫-基隆",0,7,-7
"27287","1570力肯","110/07/09","統一-中壢",5,0,5
"27288","1570力肯","110/07/09","摩根大通",2,8,-6
"27289","1570力肯","110/07/09","凱基-三峽",5,0,5
"27290","1570力肯","110/07/09","台灣企銀-豐原",0,4,-4
"27291","1570力肯","110/07/09","大昌-樹林",4,0,4
"27292","1570力肯","110/07/09","日盛-桃園",0,4,-4
"27293","1570力肯","110/07/09","新光",3,0,3
"27294","1570力肯","110/07/09","國泰-高雄",0,3,-3
"27295","1570力肯","110/07/09","富邦-新竹華信",3,0,3
"27296","1570力肯","110/07/09","永豐金-敦南",0,3,-3
"27297","1570力肯","110/07/09","合庫-台中",2,0,2
"27298","1570力肯","110/07/09","土銀-彰化",0,2,-2
"27299","1570力肯","110/07/09","臺銀-臺中",2,0,2
"27300","1570力肯","110/07/09","臺銀-鳳山",0,2,-2
"27301","6180橘子","110/07/09","摩根大通",63,1,62
"27302","6180橘子","110/07/09","元大-南京",1,32,-31
"27303","6180橘子","110/07/09","富邦-陽明",73,33,40
"27304","6180橘子","110/07/09","群益金鼎-台北",0,25,-25
"27305","6180橘子","110/07/09","新加坡商瑞銀",31,0,31
"27306","6180橘子","110/07/09","兆豐-復興",0,21,-21
"27307","6180橘子","110/07/09","美商高盛",25,0,25
"27308","6180橘子","110/07/09","永豐金-嘉義",0,21,-21
"27309","6180橘子","110/07/09","凱基-台北",26,10,16
"27310","6180橘子","110/07/09","凱基-中壢",8,24,-16
"27311","6180橘子","110/07/09","華南永昌-楠梓",13,0,13
"27312","6180橘子","110/07/09","致和-崇德",0,15,-15
"27313","6180橘子","110/07/09","華南永昌-朴子",11,0,11
"27314","6180橘子","110/07/09","群益金鼎-屏東",0,15,-15
"27315","6180橘子","110/07/09","元大-北港",11,0,11
"27316","6180橘子","110/07/09","群益金鼎-中山",0,15,-15
"27317","6180橘子","110/07/09","元大-成功",10,1,9
"27318","6180橘子","110/07/09","瑞士信貸",1,15,-14
"27319","6180橘子","110/07/09","新光",26,18,8
"27320","6180橘子","110/07/09","日盛-二林",0,10,-10
"27321","6180橘子","110/07/09","統一-三重",6,0,6
"27322","6180橘子","110/07/09","凱基-東門",0,10,-10
"27323","6180橘子","110/07/09","群益金鼎-嘉義",6,0,6
"27324","6180橘子","110/07/09","華南永昌-三重",0,10,-10
"27325","6180橘子","110/07/09","元大-員林中山",6,0,6
"27326","6180橘子","110/07/09","元大-彰化民生",1,11,-10
"27327","6180橘子","110/07/09","合庫-鳳山",5,0,5
"27328","6180橘子","110/07/09","永豐金-新店",1,11,-10
"27329","6180橘子","110/07/09","富邦-建國",6,1,5
"27330","6180橘子","110/07/09","群益金鼎-丹鳳",0,8,-8
"27331","2390云辰","110/07/09","摩根大通",279,56,223
"27332","2390云辰","110/07/09","元大-天母",0,127,-127
"27333","2390云辰","110/07/09","日盛-鳳山",110,2,108
"27334","2390云辰","110/07/09","中國信託-文心",5,109,-104
"27335","2390云辰","110/07/09","宏遠證券",100,0,100
"27336","2390云辰","110/07/09","永豐金-復興",0,55,-55
"27337","2390云辰","110/07/09","元大-大里",63,6,57
"27338","2390云辰","110/07/09","凱基-台北",239,286,-47
"27339","2390云辰","110/07/09","凱基-八德",59,10,49
"27340","2390云辰","110/07/09","德信",2,32,-30
"27341","2390云辰","110/07/09","合庫-新竹",40,0,40
"27342","2390云辰","110/07/09","兆豐-桃鶯",2,32,-30
"27343","2390云辰","110/07/09","國票",40,1,39
"27344","2390云辰","110/07/09","致和-南京",0,30,-30
"27345","2390云辰","110/07/09","新加坡商瑞銀",49,13,36
"27346","2390云辰","110/07/09","富邦-虎尾",1,31,-30
"27347","2390云辰","110/07/09","統一-新台中",36,2,34
"27348","2390云辰","110/07/09","元大-善化",2,31,-29
"27349","2390云辰","110/07/09","國票-嘉義",31,0,31
"27350","2390云辰","110/07/09","富邦-板橋",0,27,-27
"27351","2390云辰","110/07/09","華南永昌",35,7,28
"27352","2390云辰","110/07/09","富邦-永和",3,28,-25
"27353","2390云辰","110/07/09","玉山-台中",49,22,27
"27354","2390云辰","110/07/09","第一金-自由",20,44,-24
"27355","2390云辰","110/07/09","華南永昌-敦南",25,0,25
"27356","2390云辰","110/07/09","凱基-內湖",0,24,-24
"27357","2390云辰","110/07/09","新光-高雄",27,4,23
"27358","2390云辰","110/07/09","元大-汐止",1,24,-23
"27359","2390云辰","110/07/09","台灣摩根士丹利",85,63,22
"27360","2390云辰","110/07/09","新光-台中",12,33,-21
"27361","4903聯光通","110/07/09","元大-敦南",10,0,10
"27362","4903聯光通","110/07/09","第一金-台中",0,12,-12
"27363","4903聯光通","110/07/09","凱基-士林",5,0,5
"27364","4903聯光通","110/07/09","日盛-忠孝",0,3,-3
"27365","4903聯光通","110/07/09","元大-苗栗",5,0,5
"27366","4903聯光通","110/07/09","群益金鼎-崇德",0,3,-3
"27367","4903聯光通","110/07/09","元大-屏南",3,0,3
"27368","4903聯光通","110/07/09","國票-內壢",0,2,-2
"27369","4903聯光通","110/07/09","中國信託-永康",1,0,1
"27370","4903聯光通","110/07/09","康和-南崁",0,2,-2
"27371","4903聯光通","110/07/09","玉山證券",1,0,1
"27372","4903聯光通","110/07/09","新光-台中",0,2,-2
"27373","4903聯光通","110/07/09","元大-太平",4,3,1
"27374","4903聯光通","110/07/09","玉山-城中",0,2,-2
"27375","4903聯光通","110/07/09","永豐金-嘉義",1,0,1
"27376","4903聯光通","110/07/09","中國信託-文心",0,1,-1
"27377","4903聯光通","110/07/09","大昌",0,0,0
"27378","4903聯光通","110/07/09","大昌",0,0,0
"27379","4903聯光通","110/07/09","中農",0,0,0
"27380","4903聯光通","110/07/09","中農",0,0,0
"27381","4903聯光通","110/07/09","",NA,NA,NA
"27382","4903聯光通","110/07/09","",NA,NA,NA
"27383","4903聯光通","110/07/09","",NA,NA,NA
"27384","4903聯光通","110/07/09","",NA,NA,NA
"27385","4903聯光通","110/07/09","",NA,NA,NA
"27386","4903聯光通","110/07/09","",NA,NA,NA
"27387","4903聯光通","110/07/09","",NA,NA,NA
"27388","4903聯光通","110/07/09","",NA,NA,NA
"27389","4903聯光通","110/07/09","",NA,NA,NA
"27390","4903聯光通","110/07/09","",NA,NA,NA
"27391","2929淘帝","110/07/09","台中銀-台北",110,0,110
"27392","2929淘帝","110/07/09","新光",2,82,-80
"27393","2929淘帝","110/07/09","華南永昌-頭份",72,0,72
"27394","2929淘帝","110/07/09","摩根大通",2,63,-61
"27395","2929淘帝","110/07/09","合庫-高雄",71,0,71
"27396","2929淘帝","110/07/09","第一金-路竹",0,50,-50
"27397","2929淘帝","110/07/09","高橋-龍潭",37,0,37
"27398","2929淘帝","110/07/09","港商麥格理",0,42,-42
"27399","2929淘帝","110/07/09","新光-台中",60,26,34
"27400","2929淘帝","110/07/09","陽信-石牌",0,40,-40
"27401","2929淘帝","110/07/09","元富-大裕",22,1,21
"27402","2929淘帝","110/07/09","台新-左楠",1,39,-38
"27403","2929淘帝","110/07/09","合庫-鳳山",20,0,20
"27404","2929淘帝","110/07/09","凱基-桃園",3,29,-26
"27405","2929淘帝","110/07/09","元大-員林",22,2,20
"27406","2929淘帝","110/07/09","兆豐-內湖",0,25,-25
"27407","2929淘帝","110/07/09","台新-建北",15,0,15
"27408","2929淘帝","110/07/09","元大-北港",0,20,-20
"27409","2929淘帝","110/07/09","兆豐-桃園",13,0,13
"27410","2929淘帝","110/07/09","富邦-北港",0,19,-19
"27411","2929淘帝","110/07/09","兆豐-忠孝",10,0,10
"27412","2929淘帝","110/07/09","富邦-花蓮",0,17,-17
"27413","2929淘帝","110/07/09","國票-敦北法人",10,0,10
"27414","2929淘帝","110/07/09","國泰-台中",2,17,-15
"27415","2929淘帝","110/07/09","永豐金-博愛",10,0,10
"27416","2929淘帝","110/07/09","群益金鼎-彰化",0,15,-15
"27417","2929淘帝","110/07/09","群益金鼎-潭子",8,0,8
"27418","2929淘帝","110/07/09","元大-博愛",0,14,-14
"27419","2929淘帝","110/07/09","富邦-南屯",8,0,8
"27420","2929淘帝","110/07/09","日盛-板橋",0,13,-13
"27421","5410國眾","110/07/09","元大-新盛",14,0,14
"27422","5410國眾","110/07/09","(牛牛牛)亞-鑫豐",1,41,-40
"27423","5410國眾","110/07/09","台灣企銀-民雄",10,0,10
"27424","5410國眾","110/07/09","元富-嘉義",0,25,-25
"27425","5410國眾","110/07/09","元富-虎尾",9,0,9
"27426","5410國眾","110/07/09","凱基-高美館",0,10,-10
"27427","5410國眾","110/07/09","摩根大通",10,1,9
"27428","5410國眾","110/07/09","凱基-城中",0,10,-10
"27429","5410國眾","110/07/09","兆豐-北高雄",7,0,7
"27430","5410國眾","110/07/09","元大-頭份",0,10,-10
"27431","5410國眾","110/07/09","凱基-台北",8,1,7
"27432","5410國眾","110/07/09","群益金鼎-丹鳳",0,7,-7
"27433","5410國眾","110/07/09","華南永昌-公誠",7,0,7
"27434","5410國眾","110/07/09","凱基-復興",0,7,-7
"27435","5410國眾","110/07/09","香港上海匯豐",6,0,6
"27436","5410國眾","110/07/09","元大-員林",0,7,-7
"27437","5410國眾","110/07/09","凱基-中壢",6,0,6
"27438","5410國眾","110/07/09","富邦-竹東",0,6,-6
"27439","5410國眾","110/07/09","華南永昌-南京",6,0,6
"27440","5410國眾","110/07/09","亞東-高雄",0,5,-5
"27441","5410國眾","110/07/09","統一-三重",5,0,5
"27442","5410國眾","110/07/09","大慶-中壢",1,6,-5
"27443","5410國眾","110/07/09","富邦-宜蘭",5,0,5
"27444","5410國眾","110/07/09","群益金鼎-中港",0,5,-5
"27445","5410國眾","110/07/09","元大-崇德",5,0,5
"27446","5410國眾","110/07/09","元大-八德",0,5,-5
"27447","5410國眾","110/07/09","元大-博愛",5,0,5
"27448","5410國眾","110/07/09","富邦-基隆",0,4,-4
"27449","5410國眾","110/07/09","元大-龍潭",5,0,5
"27450","5410國眾","110/07/09","臺銀-新竹",0,3,-3
"27451","2841台開","110/07/09","日盛-雙和",102,0,102
"27452","2841台開","110/07/09","港商野村",0,129,-129
"27453","2841台開","110/07/09","元大-館前",70,0,70
"27454","2841台開","110/07/09","兆豐-永和",0,100,-100
"27455","2841台開","110/07/09","凱基-文心",50,0,50
"27456","2841台開","110/07/09","台新證券",7,28,-21
"27457","2841台開","110/07/09","富邦-嘉義",40,0,40
"27458","2841台開","110/07/09","國票-北高雄",0,20,-20
"27459","2841台開","110/07/09","美商高盛",15,0,15
"27460","2841台開","110/07/09","永豐金-敦南",29,46,-17
"27461","2841台開","110/07/09","台中銀",15,0,15
"27462","2841台開","110/07/09","合庫-基隆",0,12,-12
"27463","2841台開","110/07/09","新光",11,0,11
"27464","2841台開","110/07/09","中國信託-松江",0,12,-12
"27465","2841台開","110/07/09","華南永昌-長虹",10,0,10
"27466","2841台開","110/07/09","兆豐-城中",0,12,-12
"27467","2841台開","110/07/09","永豐金-南投",10,0,10
"27468","2841台開","110/07/09","台中銀-豐原",0,10,-10
"27469","2841台開","110/07/09","合庫-桃園",7,0,7
"27470","2841台開","110/07/09","兆豐-景美",0,10,-10
"27471","2841台開","110/07/09","群益金鼎-古亭",7,0,7
"27472","2841台開","110/07/09","群益金鼎-基隆",0,10,-10
"27473","2841台開","110/07/09","國泰-敦南",6,0,6
"27474","2841台開","110/07/09","元大-北三重",0,10,-10
"27475","2841台開","110/07/09","凱基-桃園",8,2,6
"27476","2841台開","110/07/09","(牛牛牛)亞-網路",0,9,-9
"27477","2841台開","110/07/09","日盛證券",5,0,5
"27478","2841台開","110/07/09","台新-高雄",1,10,-9
"27479","2841台開","110/07/09","元富-文心",5,0,5
"27480","2841台開","110/07/09","凱基-台北",0,7,-7
"27481","6207雷科","110/07/09","群益金鼎-新竹",47,0,47
"27482","6207雷科","110/07/09","新光",7,24,-17
"27483","6207雷科","110/07/09","永豐金-三重",31,0,31
"27484","6207雷科","110/07/09","日盛-和美",0,15,-15
"27485","6207雷科","110/07/09","新加坡商瑞銀",33,5,28
"27486","6207雷科","110/07/09","國泰-台南",0,15,-15
"27487","6207雷科","110/07/09","元大-高雄",26,0,26
"27488","6207雷科","110/07/09","華南永昌-古亭",0,14,-14
"27489","6207雷科","110/07/09","統一-員林",22,0,22
"27490","6207雷科","110/07/09","土銀-白河",0,11,-11
"27491","6207雷科","110/07/09","台新-高雄",22,0,22
"27492","6207雷科","110/07/09","日盛-台南",0,10,-10
"27493","6207雷科","110/07/09","摩根大通",34,17,17
"27494","6207雷科","110/07/09","元富-林園",0,10,-10
"27495","6207雷科","110/07/09","元大-博愛",17,1,16
"27496","6207雷科","110/07/09","富邦-園區",0,10,-10
"27497","6207雷科","110/07/09","日茂-埔里",12,0,12
"27498","6207雷科","110/07/09","元大-上新莊",0,10,-10
"27499","6207雷科","110/07/09","國泰-台中",17,6,11
"27500","6207雷科","110/07/09","永豐金-南京",0,10,-10
"27501","6207雷科","110/07/09","富邦-三重",10,0,10
"27502","6207雷科","110/07/09","兆豐-小港",0,6,-6
"27503","6207雷科","110/07/09","元大-沙鹿",10,0,10
"27504","6207雷科","110/07/09","富邦-羅東",1,7,-6
"27505","6207雷科","110/07/09","元大-八德",10,0,10
"27506","6207雷科","110/07/09","元大-土城永寧",0,6,-6
"27507","6207雷科","110/07/09","第一金-路竹",11,2,9
"27508","6207雷科","110/07/09","永豐金-板盛",0,6,-6
"27509","6207雷科","110/07/09","統一-南京",5,0,5
"27510","6207雷科","110/07/09","日盛-板橋",0,5,-5
"27511","3679新至陞","110/07/09","元大-大天母",10,0,10
"27512","3679新至陞","110/07/09","第一金-光復",0,11,-11
"27513","3679新至陞","110/07/09","日盛-樹林",9,0,9
"27514","3679新至陞","110/07/09","瑞士信貸",0,8,-8
"27515","3679新至陞","110/07/09","凱基-台北",11,2,9
"27516","3679新至陞","110/07/09","大慶-苗栗",0,5,-5
"27517","3679新至陞","110/07/09","華南永昌-小港",8,0,8
"27518","3679新至陞","110/07/09","元大-永春",0,5,-5
"27519","3679新至陞","110/07/09","兆豐-來福",7,0,7
"27520","3679新至陞","110/07/09","日盛-和美",0,4,-4
"27521","3679新至陞","110/07/09","香港上海匯豐",5,0,5
"27522","3679新至陞","110/07/09","元大-雙和",0,3,-3
"27523","3679新至陞","110/07/09","台中銀-員林",3,0,3
"27524","3679新至陞","110/07/09","永豐金-屏東",0,3,-3
"27525","3679新至陞","110/07/09","新光",3,0,3
"27526","3679新至陞","110/07/09","彰銀",0,2,-2
"27527","3679新至陞","110/07/09","土銀-花蓮",2,0,2
"27528","3679新至陞","110/07/09","宏遠-館前",0,2,-2
"27529","3679新至陞","110/07/09","第一金-澎湖",2,0,2
"27530","3679新至陞","110/07/09","港商野村",0,2,-2
"27531","3679新至陞","110/07/09","摩根大通",2,0,2
"27532","3679新至陞","110/07/09","大昌-新店",0,2,-2
"27533","3679新至陞","110/07/09","國泰-敦南",2,0,2
"27534","3679新至陞","110/07/09","元大-新莊",0,2,-2
"27535","3679新至陞","110/07/09","元大-淡水",4,2,2
"27536","3679新至陞","110/07/09","元大-板橋",0,2,-2
"27537","3679新至陞","110/07/09","日盛-士林",1,0,1
"27538","3679新至陞","110/07/09","台灣摩根士丹利",0,1,-1
"27539","3679新至陞","110/07/09","日盛-信義",1,0,1
"27540","3679新至陞","110/07/09","第一金-高雄",0,1,-1
"27541","2727王品","110/07/09","台灣匯立證券",90,0,90
"27542","2727王品","110/07/09","台灣摩根士丹利",0,267,-267
"27543","2727王品","110/07/09","國泰-敦南",166,84,82
"27544","2727王品","110/07/09","富邦-台北",35,299,-264
"27545","2727王品","110/07/09","富邦-仁愛",56,12,44
"27546","2727王品","110/07/09","凱基-台北",174,296,-122
"27547","2727王品","110/07/09","台新證券",109,66,43
"27548","2727王品","110/07/09","第一金",2,102,-100
"27549","2727王品","110/07/09","新光",117,87,30
"27550","2727王品","110/07/09","群益金鼎-大安",0,80,-80
"27551","2727王品","110/07/09","臺銀-臺中",35,6,29
"27552","2727王品","110/07/09","兆豐-大安",7,60,-53
"27553","2727王品","110/07/09","元大-桃園",32,3,29
"27554","2727王品","110/07/09","永豐金-南投",0,50,-50
"27555","2727王品","110/07/09","元富-宜蘭",34,6,28
"27556","2727王品","110/07/09","新加坡商瑞銀",6,46,-40
"27557","2727王品","110/07/09","玉山-台中",34,8,26
"27558","2727王品","110/07/09","合庫-彰化",11,50,-39
"27559","2727王品","110/07/09","群益金鼎-宜蘭",30,4,26
"27560","2727王品","110/07/09","永豐金-萬盛",13,52,-39
"27561","2727王品","110/07/09","富邦-台中",42,16,26
"27562","2727王品","110/07/09","瑞士信貸",0,34,-34
"27563","2727王品","110/07/09","第一金-豐原",25,1,24
"27564","2727王品","110/07/09","元大-和平",4,35,-31
"27565","2727王品","110/07/09","臺銀",30,8,22
"27566","2727王品","110/07/09","美林",14,44,-30
"27567","2727王品","110/07/09","兆豐-來福",23,1,22
"27568","2727王品","110/07/09","元大-員林",9,38,-29
"27569","2727王品","110/07/09","玉山-士林",22,2,20
"27570","2727王品","110/07/09","元富-西松",4,31,-27
"27571","1570力肯","110/07/09","凱基-台北",30,1,29
"27572","1570力肯","110/07/09","群益金鼎-彰化",0,20,-20
"27573","1570力肯","110/07/09","新光-台南",20,0,20
"27574","1570力肯","110/07/09","元大-土城學府",0,20,-20
"27575","1570力肯","110/07/09","元大-高雄",20,0,20
"27576","1570力肯","110/07/09","元大-大統",0,16,-16
"27577","1570力肯","110/07/09","國票-中正",12,0,12
"27578","1570力肯","110/07/09","元大-新營",0,11,-11
"27579","1570力肯","110/07/09","日盛-高雄",6,0,6
"27580","1570力肯","110/07/09","元大-和平",0,10,-10
"27581","1570力肯","110/07/09","元富-緯城",6,0,6
"27582","1570力肯","110/07/09","元大-草屯",0,10,-10
"27583","1570力肯","110/07/09","群益金鼎-台南",6,0,6
"27584","1570力肯","110/07/09","元大-鹿港",0,9,-9
"27585","1570力肯","110/07/09","華南永昌-岡山",6,0,6
"27586","1570力肯","110/07/09","合庫-基隆",0,7,-7
"27587","1570力肯","110/07/09","統一-中壢",5,0,5
"27588","1570力肯","110/07/09","摩根大通",2,8,-6
"27589","1570力肯","110/07/09","凱基-三峽",5,0,5
"27590","1570力肯","110/07/09","台灣企銀-豐原",0,4,-4
"27591","1570力肯","110/07/09","大昌-樹林",4,0,4
"27592","1570力肯","110/07/09","日盛-桃園",0,4,-4
"27593","1570力肯","110/07/09","新光",3,0,3
"27594","1570力肯","110/07/09","國泰-高雄",0,3,-3
"27595","1570力肯","110/07/09","富邦-新竹華信",3,0,3
"27596","1570力肯","110/07/09","永豐金-敦南",0,3,-3
"27597","1570力肯","110/07/09","合庫-台中",2,0,2
"27598","1570力肯","110/07/09","土銀-彰化",0,2,-2
"27599","1570力肯","110/07/09","臺銀-臺中",2,0,2
"27600","1570力肯","110/07/09","臺銀-鳳山",0,2,-2
"27601","6180橘子","110/07/09","摩根大通",63,1,62
"27602","6180橘子","110/07/09","元大-南京",1,32,-31
"27603","6180橘子","110/07/09","富邦-陽明",73,33,40
"27604","6180橘子","110/07/09","群益金鼎-台北",0,25,-25
"27605","6180橘子","110/07/09","新加坡商瑞銀",31,0,31
"27606","6180橘子","110/07/09","兆豐-復興",0,21,-21
"27607","6180橘子","110/07/09","美商高盛",25,0,25
"27608","6180橘子","110/07/09","永豐金-嘉義",0,21,-21
"27609","6180橘子","110/07/09","凱基-台北",26,10,16
"27610","6180橘子","110/07/09","凱基-中壢",8,24,-16
"27611","6180橘子","110/07/09","華南永昌-楠梓",13,0,13
"27612","6180橘子","110/07/09","致和-崇德",0,15,-15
"27613","6180橘子","110/07/09","華南永昌-朴子",11,0,11
"27614","6180橘子","110/07/09","群益金鼎-屏東",0,15,-15
"27615","6180橘子","110/07/09","元大-北港",11,0,11
"27616","6180橘子","110/07/09","群益金鼎-中山",0,15,-15
"27617","6180橘子","110/07/09","元大-成功",10,1,9
"27618","6180橘子","110/07/09","瑞士信貸",1,15,-14
"27619","6180橘子","110/07/09","新光",26,18,8
"27620","6180橘子","110/07/09","日盛-二林",0,10,-10
"27621","6180橘子","110/07/09","統一-三重",6,0,6
"27622","6180橘子","110/07/09","凱基-東門",0,10,-10
"27623","6180橘子","110/07/09","群益金鼎-嘉義",6,0,6
"27624","6180橘子","110/07/09","華南永昌-三重",0,10,-10
"27625","6180橘子","110/07/09","元大-員林中山",6,0,6
"27626","6180橘子","110/07/09","元大-彰化民生",1,11,-10
"27627","6180橘子","110/07/09","合庫-鳳山",5,0,5
"27628","6180橘子","110/07/09","永豐金-新店",1,11,-10
"27629","6180橘子","110/07/09","富邦-建國",6,1,5
"27630","6180橘子","110/07/09","群益金鼎-丹鳳",0,8,-8
"27631","2390云辰","110/07/09","摩根大通",279,56,223
"27632","2390云辰","110/07/09","元大-天母",0,127,-127
"27633","2390云辰","110/07/09","日盛-鳳山",110,2,108
"27634","2390云辰","110/07/09","中國信託-文心",5,109,-104
"27635","2390云辰","110/07/09","宏遠證券",100,0,100
"27636","2390云辰","110/07/09","永豐金-復興",0,55,-55
"27637","2390云辰","110/07/09","元大-大里",63,6,57
"27638","2390云辰","110/07/09","凱基-台北",239,286,-47
"27639","2390云辰","110/07/09","凱基-八德",59,10,49
"27640","2390云辰","110/07/09","德信",2,32,-30
"27641","2390云辰","110/07/09","合庫-新竹",40,0,40
"27642","2390云辰","110/07/09","兆豐-桃鶯",2,32,-30
"27643","2390云辰","110/07/09","國票",40,1,39
"27644","2390云辰","110/07/09","致和-南京",0,30,-30
"27645","2390云辰","110/07/09","新加坡商瑞銀",49,13,36
"27646","2390云辰","110/07/09","富邦-虎尾",1,31,-30
"27647","2390云辰","110/07/09","統一-新台中",36,2,34
"27648","2390云辰","110/07/09","元大-善化",2,31,-29
"27649","2390云辰","110/07/09","國票-嘉義",31,0,31
"27650","2390云辰","110/07/09","富邦-板橋",0,27,-27
"27651","2390云辰","110/07/09","華南永昌",35,7,28
"27652","2390云辰","110/07/09","富邦-永和",3,28,-25
"27653","2390云辰","110/07/09","玉山-台中",49,22,27
"27654","2390云辰","110/07/09","第一金-自由",20,44,-24
"27655","2390云辰","110/07/09","華南永昌-敦南",25,0,25
"27656","2390云辰","110/07/09","凱基-內湖",0,24,-24
"27657","2390云辰","110/07/09","新光-高雄",27,4,23
"27658","2390云辰","110/07/09","元大-汐止",1,24,-23
"27659","2390云辰","110/07/09","台灣摩根士丹利",85,63,22
"27660","2390云辰","110/07/09","新光-台中",12,33,-21
"27661","4903聯光通","110/07/09","元大-敦南",10,0,10
"27662","4903聯光通","110/07/09","第一金-台中",0,12,-12
"27663","4903聯光通","110/07/09","凱基-士林",5,0,5
"27664","4903聯光通","110/07/09","日盛-忠孝",0,3,-3
"27665","4903聯光通","110/07/09","元大-苗栗",5,0,5
"27666","4903聯光通","110/07/09","群益金鼎-崇德",0,3,-3
"27667","4903聯光通","110/07/09","元大-屏南",3,0,3
"27668","4903聯光通","110/07/09","國票-內壢",0,2,-2
"27669","4903聯光通","110/07/09","中國信託-永康",1,0,1
"27670","4903聯光通","110/07/09","康和-南崁",0,2,-2
"27671","4903聯光通","110/07/09","玉山證券",1,0,1
"27672","4903聯光通","110/07/09","新光-台中",0,2,-2
"27673","4903聯光通","110/07/09","元大-太平",4,3,1
"27674","4903聯光通","110/07/09","玉山-城中",0,2,-2
"27675","4903聯光通","110/07/09","永豐金-嘉義",1,0,1
"27676","4903聯光通","110/07/09","中國信託-文心",0,1,-1
"27677","4903聯光通","110/07/09","大昌",0,0,0
"27678","4903聯光通","110/07/09","大昌",0,0,0
"27679","4903聯光通","110/07/09","中農",0,0,0
"27680","4903聯光通","110/07/09","中農",0,0,0
"27681","2929淘帝","110/07/09","台中銀-台北",110,0,110
"27682","2929淘帝","110/07/09","新光",2,82,-80
"27683","2929淘帝","110/07/09","華南永昌-頭份",72,0,72
"27684","2929淘帝","110/07/09","摩根大通",2,63,-61
"27685","2929淘帝","110/07/09","合庫-高雄",71,0,71
"27686","2929淘帝","110/07/09","第一金-路竹",0,50,-50
"27687","2929淘帝","110/07/09","高橋-龍潭",37,0,37
"27688","2929淘帝","110/07/09","港商麥格理",0,42,-42
"27689","2929淘帝","110/07/09","新光-台中",60,26,34
"27690","2929淘帝","110/07/09","陽信-石牌",0,40,-40
"27691","2929淘帝","110/07/09","元富-大裕",22,1,21
"27692","2929淘帝","110/07/09","台新-左楠",1,39,-38
"27693","2929淘帝","110/07/09","合庫-鳳山",20,0,20
"27694","2929淘帝","110/07/09","凱基-桃園",3,29,-26
"27695","2929淘帝","110/07/09","元大-員林",22,2,20
"27696","2929淘帝","110/07/09","兆豐-內湖",0,25,-25
"27697","2929淘帝","110/07/09","台新-建北",15,0,15
"27698","2929淘帝","110/07/09","元大-北港",0,20,-20
"27699","2929淘帝","110/07/09","兆豐-桃園",13,0,13
"27700","2929淘帝","110/07/09","富邦-北港",0,19,-19
"27701","2929淘帝","110/07/09","兆豐-忠孝",10,0,10
"27702","2929淘帝","110/07/09","富邦-花蓮",0,17,-17
"27703","2929淘帝","110/07/09","國票-敦北法人",10,0,10
"27704","2929淘帝","110/07/09","國泰-台中",2,17,-15
"27705","2929淘帝","110/07/09","永豐金-博愛",10,0,10
"27706","2929淘帝","110/07/09","群益金鼎-彰化",0,15,-15
"27707","2929淘帝","110/07/09","群益金鼎-潭子",8,0,8
"27708","2929淘帝","110/07/09","元大-博愛",0,14,-14
"27709","2929淘帝","110/07/09","富邦-南屯",8,0,8
"27710","2929淘帝","110/07/09","日盛-板橋",0,13,-13
"27711","5410國眾","110/07/09","元大-新盛",14,0,14
"27712","5410國眾","110/07/09","(牛牛牛)亞-鑫豐",1,41,-40
"27713","5410國眾","110/07/09","台灣企銀-民雄",10,0,10
"27714","5410國眾","110/07/09","元富-嘉義",0,25,-25
"27715","5410國眾","110/07/09","元富-虎尾",9,0,9
"27716","5410國眾","110/07/09","凱基-高美館",0,10,-10
"27717","5410國眾","110/07/09","摩根大通",10,1,9
"27718","5410國眾","110/07/09","凱基-城中",0,10,-10
"27719","5410國眾","110/07/09","兆豐-北高雄",7,0,7
"27720","5410國眾","110/07/09","元大-頭份",0,10,-10
"27721","5410國眾","110/07/09","凱基-台北",8,1,7
"27722","5410國眾","110/07/09","群益金鼎-丹鳳",0,7,-7
"27723","5410國眾","110/07/09","華南永昌-公誠",7,0,7
"27724","5410國眾","110/07/09","凱基-復興",0,7,-7
"27725","5410國眾","110/07/09","香港上海匯豐",6,0,6
"27726","5410國眾","110/07/09","元大-員林",0,7,-7
"27727","5410國眾","110/07/09","凱基-中壢",6,0,6
"27728","5410國眾","110/07/09","富邦-竹東",0,6,-6
"27729","5410國眾","110/07/09","華南永昌-南京",6,0,6
"27730","5410國眾","110/07/09","亞東-高雄",0,5,-5
"27731","5410國眾","110/07/09","統一-三重",5,0,5
"27732","5410國眾","110/07/09","大慶-中壢",1,6,-5
"27733","5410國眾","110/07/09","富邦-宜蘭",5,0,5
"27734","5410國眾","110/07/09","群益金鼎-中港",0,5,-5
"27735","5410國眾","110/07/09","元大-崇德",5,0,5
"27736","5410國眾","110/07/09","元大-八德",0,5,-5
"27737","5410國眾","110/07/09","元大-博愛",5,0,5
"27738","5410國眾","110/07/09","富邦-基隆",0,4,-4
"27739","5410國眾","110/07/09","元大-龍潭",5,0,5
"27740","5410國眾","110/07/09","臺銀-新竹",0,3,-3
"27741","2841台開","110/07/09","日盛-雙和",102,0,102
"27742","2841台開","110/07/09","港商野村",0,129,-129
"27743","2841台開","110/07/09","元大-館前",70,0,70
"27744","2841台開","110/07/09","兆豐-永和",0,100,-100
"27745","2841台開","110/07/09","凱基-文心",50,0,50
"27746","2841台開","110/07/09","台新證券",7,28,-21
"27747","2841台開","110/07/09","富邦-嘉義",40,0,40
"27748","2841台開","110/07/09","國票-北高雄",0,20,-20
"27749","2841台開","110/07/09","美商高盛",15,0,15
"27750","2841台開","110/07/09","永豐金-敦南",29,46,-17
"27751","2841台開","110/07/09","台中銀",15,0,15
"27752","2841台開","110/07/09","合庫-基隆",0,12,-12
"27753","2841台開","110/07/09","新光",11,0,11
"27754","2841台開","110/07/09","中國信託-松江",0,12,-12
"27755","2841台開","110/07/09","華南永昌-長虹",10,0,10
"27756","2841台開","110/07/09","兆豐-城中",0,12,-12
"27757","2841台開","110/07/09","永豐金-南投",10,0,10
"27758","2841台開","110/07/09","台中銀-豐原",0,10,-10
"27759","2841台開","110/07/09","合庫-桃園",7,0,7
"27760","2841台開","110/07/09","兆豐-景美",0,10,-10
"27761","2841台開","110/07/09","群益金鼎-古亭",7,0,7
"27762","2841台開","110/07/09","群益金鼎-基隆",0,10,-10
"27763","2841台開","110/07/09","國泰-敦南",6,0,6
"27764","2841台開","110/07/09","元大-北三重",0,10,-10
"27765","2841台開","110/07/09","凱基-桃園",8,2,6
"27766","2841台開","110/07/09","(牛牛牛)亞-網路",0,9,-9
"27767","2841台開","110/07/09","日盛證券",5,0,5
"27768","2841台開","110/07/09","台新-高雄",1,10,-9
"27769","2841台開","110/07/09","元富-文心",5,0,5
"27770","2841台開","110/07/09","凱基-台北",0,7,-7
"27771","6207雷科","110/07/09","群益金鼎-新竹",47,0,47
"27772","6207雷科","110/07/09","新光",7,24,-17
"27773","6207雷科","110/07/09","永豐金-三重",31,0,31
"27774","6207雷科","110/07/09","日盛-和美",0,15,-15
"27775","6207雷科","110/07/09","新加坡商瑞銀",33,5,28
"27776","6207雷科","110/07/09","國泰-台南",0,15,-15
"27777","6207雷科","110/07/09","元大-高雄",26,0,26
"27778","6207雷科","110/07/09","華南永昌-古亭",0,14,-14
"27779","6207雷科","110/07/09","統一-員林",22,0,22
"27780","6207雷科","110/07/09","土銀-白河",0,11,-11
"27781","6207雷科","110/07/09","台新-高雄",22,0,22
"27782","6207雷科","110/07/09","日盛-台南",0,10,-10
"27783","6207雷科","110/07/09","摩根大通",34,17,17
"27784","6207雷科","110/07/09","元富-林園",0,10,-10
"27785","6207雷科","110/07/09","元大-博愛",17,1,16
"27786","6207雷科","110/07/09","富邦-園區",0,10,-10
"27787","6207雷科","110/07/09","日茂-埔里",12,0,12
"27788","6207雷科","110/07/09","元大-上新莊",0,10,-10
"27789","6207雷科","110/07/09","國泰-台中",17,6,11
"27790","6207雷科","110/07/09","永豐金-南京",0,10,-10
"27791","6207雷科","110/07/09","富邦-三重",10,0,10
"27792","6207雷科","110/07/09","兆豐-小港",0,6,-6
"27793","6207雷科","110/07/09","元大-沙鹿",10,0,10
"27794","6207雷科","110/07/09","富邦-羅東",1,7,-6
"27795","6207雷科","110/07/09","元大-八德",10,0,10
"27796","6207雷科","110/07/09","元大-土城永寧",0,6,-6
"27797","6207雷科","110/07/09","第一金-路竹",11,2,9
"27798","6207雷科","110/07/09","永豐金-板盛",0,6,-6
"27799","6207雷科","110/07/09","統一-南京",5,0,5
"27800","6207雷科","110/07/09","日盛-板橋",0,5,-5
"27801","3679新至陞","110/07/09","元大-大天母",10,0,10
"27802","3679新至陞","110/07/09","第一金-光復",0,11,-11
"27803","3679新至陞","110/07/09","日盛-樹林",9,0,9
"27804","3679新至陞","110/07/09","瑞士信貸",0,8,-8
"27805","3679新至陞","110/07/09","凱基-台北",11,2,9
"27806","3679新至陞","110/07/09","大慶-苗栗",0,5,-5
"27807","3679新至陞","110/07/09","華南永昌-小港",8,0,8
"27808","3679新至陞","110/07/09","元大-永春",0,5,-5
"27809","3679新至陞","110/07/09","兆豐-來福",7,0,7
"27810","3679新至陞","110/07/09","日盛-和美",0,4,-4
"27811","3679新至陞","110/07/09","香港上海匯豐",5,0,5
"27812","3679新至陞","110/07/09","元大-雙和",0,3,-3
"27813","3679新至陞","110/07/09","台中銀-員林",3,0,3
"27814","3679新至陞","110/07/09","永豐金-屏東",0,3,-3
"27815","3679新至陞","110/07/09","新光",3,0,3
"27816","3679新至陞","110/07/09","彰銀",0,2,-2
"27817","3679新至陞","110/07/09","土銀-花蓮",2,0,2
"27818","3679新至陞","110/07/09","宏遠-館前",0,2,-2
"27819","3679新至陞","110/07/09","第一金-澎湖",2,0,2
"27820","3679新至陞","110/07/09","港商野村",0,2,-2
"27821","3679新至陞","110/07/09","摩根大通",2,0,2
"27822","3679新至陞","110/07/09","大昌-新店",0,2,-2
"27823","3679新至陞","110/07/09","國泰-敦南",2,0,2
"27824","3679新至陞","110/07/09","元大-新莊",0,2,-2
"27825","3679新至陞","110/07/09","元大-淡水",4,2,2
"27826","3679新至陞","110/07/09","元大-板橋",0,2,-2
"27827","3679新至陞","110/07/09","日盛-士林",1,0,1
"27828","3679新至陞","110/07/09","台灣摩根士丹利",0,1,-1
"27829","3679新至陞","110/07/09","日盛-信義",1,0,1
"27830","3679新至陞","110/07/09","第一金-高雄",0,1,-1
"27831","2727王品","110/07/09","台灣匯立證券",90,0,90
"27832","2727王品","110/07/09","台灣摩根士丹利",0,267,-267
"27833","2727王品","110/07/09","國泰-敦南",166,84,82
"27834","2727王品","110/07/09","富邦-台北",35,299,-264
"27835","2727王品","110/07/09","富邦-仁愛",56,12,44
"27836","2727王品","110/07/09","凱基-台北",174,296,-122
"27837","2727王品","110/07/09","台新證券",109,66,43
"27838","2727王品","110/07/09","第一金",2,102,-100
"27839","2727王品","110/07/09","新光",117,87,30
"27840","2727王品","110/07/09","群益金鼎-大安",0,80,-80
"27841","2727王品","110/07/09","臺銀-臺中",35,6,29
"27842","2727王品","110/07/09","兆豐-大安",7,60,-53
"27843","2727王品","110/07/09","元大-桃園",32,3,29
"27844","2727王品","110/07/09","永豐金-南投",0,50,-50
"27845","2727王品","110/07/09","元富-宜蘭",34,6,28
"27846","2727王品","110/07/09","新加坡商瑞銀",6,46,-40
"27847","2727王品","110/07/09","玉山-台中",34,8,26
"27848","2727王品","110/07/09","合庫-彰化",11,50,-39
"27849","2727王品","110/07/09","群益金鼎-宜蘭",30,4,26
"27850","2727王品","110/07/09","永豐金-萬盛",13,52,-39
"27851","2727王品","110/07/09","富邦-台中",42,16,26
"27852","2727王品","110/07/09","瑞士信貸",0,34,-34
"27853","2727王品","110/07/09","第一金-豐原",25,1,24
"27854","2727王品","110/07/09","元大-和平",4,35,-31
"27855","2727王品","110/07/09","臺銀",30,8,22
"27856","2727王品","110/07/09","美林",14,44,-30
"27857","2727王品","110/07/09","兆豐-來福",23,1,22
"27858","2727王品","110/07/09","元大-員林",9,38,-29
"27859","2727王品","110/07/09","玉山-士林",22,2,20
"27860","2727王品","110/07/09","元富-西松",4,31,-27
"27861","1570力肯","110/07/09","凱基-台北",30,1,29
"27862","1570力肯","110/07/09","群益金鼎-彰化",0,20,-20
"27863","1570力肯","110/07/09","新光-台南",20,0,20
"27864","1570力肯","110/07/09","元大-土城學府",0,20,-20
"27865","1570力肯","110/07/09","元大-高雄",20,0,20
"27866","1570力肯","110/07/09","元大-大統",0,16,-16
"27867","1570力肯","110/07/09","國票-中正",12,0,12
"27868","1570力肯","110/07/09","元大-新營",0,11,-11
"27869","1570力肯","110/07/09","日盛-高雄",6,0,6
"27870","1570力肯","110/07/09","元大-和平",0,10,-10
"27871","1570力肯","110/07/09","元富-緯城",6,0,6
"27872","1570力肯","110/07/09","元大-草屯",0,10,-10
"27873","1570力肯","110/07/09","群益金鼎-台南",6,0,6
"27874","1570力肯","110/07/09","元大-鹿港",0,9,-9
"27875","1570力肯","110/07/09","華南永昌-岡山",6,0,6
"27876","1570力肯","110/07/09","合庫-基隆",0,7,-7
"27877","1570力肯","110/07/09","統一-中壢",5,0,5
"27878","1570力肯","110/07/09","摩根大通",2,8,-6
"27879","1570力肯","110/07/09","凱基-三峽",5,0,5
"27880","1570力肯","110/07/09","台灣企銀-豐原",0,4,-4
"27881","1570力肯","110/07/09","大昌-樹林",4,0,4
"27882","1570力肯","110/07/09","日盛-桃園",0,4,-4
"27883","1570力肯","110/07/09","新光",3,0,3
"27884","1570力肯","110/07/09","國泰-高雄",0,3,-3
"27885","1570力肯","110/07/09","富邦-新竹華信",3,0,3
"27886","1570力肯","110/07/09","永豐金-敦南",0,3,-3
"27887","1570力肯","110/07/09","合庫-台中",2,0,2
"27888","1570力肯","110/07/09","土銀-彰化",0,2,-2
"27889","1570力肯","110/07/09","臺銀-臺中",2,0,2
"27890","1570力肯","110/07/09","臺銀-鳳山",0,2,-2
"27891","6180橘子","110/07/09","摩根大通",63,1,62
"27892","6180橘子","110/07/09","元大-南京",1,32,-31
"27893","6180橘子","110/07/09","富邦-陽明",73,33,40
"27894","6180橘子","110/07/09","群益金鼎-台北",0,25,-25
"27895","6180橘子","110/07/09","新加坡商瑞銀",31,0,31
"27896","6180橘子","110/07/09","兆豐-復興",0,21,-21
"27897","6180橘子","110/07/09","美商高盛",25,0,25
"27898","6180橘子","110/07/09","永豐金-嘉義",0,21,-21
"27899","6180橘子","110/07/09","凱基-台北",26,10,16
"27900","6180橘子","110/07/09","凱基-中壢",8,24,-16
"27901","6180橘子","110/07/09","華南永昌-楠梓",13,0,13
"27902","6180橘子","110/07/09","致和-崇德",0,15,-15
"27903","6180橘子","110/07/09","華南永昌-朴子",11,0,11
"27904","6180橘子","110/07/09","群益金鼎-屏東",0,15,-15
"27905","6180橘子","110/07/09","元大-北港",11,0,11
"27906","6180橘子","110/07/09","群益金鼎-中山",0,15,-15
"27907","6180橘子","110/07/09","元大-成功",10,1,9
"27908","6180橘子","110/07/09","瑞士信貸",1,15,-14
"27909","6180橘子","110/07/09","新光",26,18,8
"27910","6180橘子","110/07/09","日盛-二林",0,10,-10
"27911","6180橘子","110/07/09","統一-三重",6,0,6
"27912","6180橘子","110/07/09","凱基-東門",0,10,-10
"27913","6180橘子","110/07/09","群益金鼎-嘉義",6,0,6
"27914","6180橘子","110/07/09","華南永昌-三重",0,10,-10
"27915","6180橘子","110/07/09","元大-員林中山",6,0,6
"27916","6180橘子","110/07/09","元大-彰化民生",1,11,-10
"27917","6180橘子","110/07/09","合庫-鳳山",5,0,5
"27918","6180橘子","110/07/09","永豐金-新店",1,11,-10
"27919","6180橘子","110/07/09","富邦-建國",6,1,5
"27920","6180橘子","110/07/09","群益金鼎-丹鳳",0,8,-8
"27921","2390云辰","110/07/09","摩根大通",279,56,223
"27922","2390云辰","110/07/09","元大-天母",0,127,-127
"27923","2390云辰","110/07/09","日盛-鳳山",110,2,108
"27924","2390云辰","110/07/09","中國信託-文心",5,109,-104
"27925","2390云辰","110/07/09","宏遠證券",100,0,100
"27926","2390云辰","110/07/09","永豐金-復興",0,55,-55
"27927","2390云辰","110/07/09","元大-大里",63,6,57
"27928","2390云辰","110/07/09","凱基-台北",239,286,-47
"27929","2390云辰","110/07/09","凱基-八德",59,10,49
"27930","2390云辰","110/07/09","德信",2,32,-30
"27931","2390云辰","110/07/09","合庫-新竹",40,0,40
"27932","2390云辰","110/07/09","兆豐-桃鶯",2,32,-30
"27933","2390云辰","110/07/09","國票",40,1,39
"27934","2390云辰","110/07/09","致和-南京",0,30,-30
"27935","2390云辰","110/07/09","新加坡商瑞銀",49,13,36
"27936","2390云辰","110/07/09","富邦-虎尾",1,31,-30
"27937","2390云辰","110/07/09","統一-新台中",36,2,34
"27938","2390云辰","110/07/09","元大-善化",2,31,-29
"27939","2390云辰","110/07/09","國票-嘉義",31,0,31
"27940","2390云辰","110/07/09","富邦-板橋",0,27,-27
"27941","2390云辰","110/07/09","華南永昌",35,7,28
"27942","2390云辰","110/07/09","富邦-永和",3,28,-25
"27943","2390云辰","110/07/09","玉山-台中",49,22,27
"27944","2390云辰","110/07/09","第一金-自由",20,44,-24
"27945","2390云辰","110/07/09","華南永昌-敦南",25,0,25
"27946","2390云辰","110/07/09","凱基-內湖",0,24,-24
"27947","2390云辰","110/07/09","新光-高雄",27,4,23
"27948","2390云辰","110/07/09","元大-汐止",1,24,-23
"27949","2390云辰","110/07/09","台灣摩根士丹利",85,63,22
"27950","2390云辰","110/07/09","新光-台中",12,33,-21
"27951","4903聯光通","110/07/08","元富-新興",18,0,18
"27952","4903聯光通","110/07/08","中國信託-中壢",0,14,-14
"27953","4903聯光通","110/07/08","元大-苗栗",9,0,9
"27954","4903聯光通","110/07/08","彰銀",0,7,-7
"27955","4903聯光通","110/07/08","兆豐-鹿港",3,0,3
"27956","4903聯光通","110/07/08","中國信託-松江",0,5,-5
"27957","4903聯光通","110/07/08","群益金鼎-萬華",2,0,2
"27958","4903聯光通","110/07/08","光和",0,2,-2
"27959","4903聯光通","110/07/08","元大-屏南",1,0,1
"27960","4903聯光通","110/07/08","元大-鶯歌",0,2,-2
"27961","4903聯光通","110/07/08","華南永昌-新莊",0,0,0
"27962","4903聯光通","110/07/08","群益金鼎-館前",0,1,-1
"27963","4903聯光通","110/07/08","元大-羅東",0,0,0
"27964","4903聯光通","110/07/08","華南永昌",0,1,-1
"27965","4903聯光通","110/07/08","元大-太平",2,3,-1
"27966","4903聯光通","110/07/08","華南永昌-新莊",0,0,0
"27967","4903聯光通","110/07/08","元大-羅東",0,0,0
"27968","2929淘帝","110/07/08","日盛-園區",90,6,84
"27969","2929淘帝","110/07/08","元大-太平",1,111,-110
"27970","2929淘帝","110/07/08","華南永昌-頭份",54,0,54
"27971","2929淘帝","110/07/08","港商野村",31,106,-75
"27972","2929淘帝","110/07/08","美商高盛",50,0,50
"27973","2929淘帝","110/07/08","凱基-板橋",62,111,-49
"27974","2929淘帝","110/07/08","台中銀-台北",50,0,50
"27975","2929淘帝","110/07/08","新光-台中",30,78,-48
"27976","2929淘帝","110/07/08","臺銀-臺南",30,0,30
"27977","2929淘帝","110/07/08","元富-永和",1,41,-40
"27978","2929淘帝","110/07/08","永豐金-大園",42,12,30
"27979","2929淘帝","110/07/08","永豐金-鳳山",0,28,-28
"27980","2929淘帝","110/07/08","元富-三重",30,1,29
"27981","2929淘帝","110/07/08","元大-南崁",0,26,-26
"27982","2929淘帝","110/07/08","兆豐-桃鶯",29,0,29
"27983","2929淘帝","110/07/08","元大-花蓮",2,27,-25
"27984","2929淘帝","110/07/08","元大-承德",20,3,17
"27985","2929淘帝","110/07/08","元大-府城",0,24,-24
"27986","2929淘帝","110/07/08","新光-新竹",13,0,13
"27987","2929淘帝","110/07/08","新光",21,43,-22
"27988","2929淘帝","110/07/08","富邦-內湖",13,0,13
"27989","2929淘帝","110/07/08","臺銀-民權",0,20,-20
"27990","2929淘帝","110/07/08","國泰-板橋",13,1,12
"27991","2929淘帝","110/07/08","摩根大通",66,84,-18
"27992","2929淘帝","110/07/08","第一金-大稻埕",10,0,10
"27993","2929淘帝","110/07/08","凱基-台北",0,17,-17
"27994","2929淘帝","110/07/08","統一-汐止",10,0,10
"27995","2929淘帝","110/07/08","元大-博愛",6,23,-17
"27996","2929淘帝","110/07/08","元富-大裕",10,0,10
"27997","2929淘帝","110/07/08","永豐金-桃盛",0,16,-16
"27998","5410國眾","110/07/08","元大-新盛",15,0,15
"27999","5410國眾","110/07/08","元大-旗山",0,50,-50
"28000","5410國眾","110/07/08","元大-屏南",10,0,10
"28001","5410國眾","110/07/08","元大-頭份",0,14,-14
"28002","5410國眾","110/07/08","元大-成功",10,0,10
"28003","5410國眾","110/07/08","國泰-高雄",0,8,-8
"28004","5410國眾","110/07/08","元大-東泰",7,0,7
"28005","5410國眾","110/07/08","元大-小港",0,7,-7
"28006","5410國眾","110/07/08","富邦-陽明",6,0,6
"28007","5410國眾","110/07/08","統一-嘉義",0,5,-5
"28008","5410國眾","110/07/08","臺銀-金山",5,0,5
"28009","5410國眾","110/07/08","兆豐-台中港",0,5,-5
"28010","5410國眾","110/07/08","日盛-員林",5,0,5
"28011","5410國眾","110/07/08","凱基-屏東",0,5,-5
"28012","5410國眾","110/07/08","摩根大通",5,0,5
"28013","5410國眾","110/07/08","元大-八德",0,5,-5
"28014","5410國眾","110/07/08","富邦-桃園",5,0,5
"28015","5410國眾","110/07/08","元富-嘉義",0,4,-4
"28016","5410國眾","110/07/08","元富-大昌",4,0,4
"28017","5410國眾","110/07/08","玉山-雙和",0,4,-4
"28018","5410國眾","110/07/08","台新-台中",4,0,4
"28019","5410國眾","110/07/08","凱基-高美館",1,5,-4
"28020","5410國眾","110/07/08","華南永昌-小港",5,1,4
"28021","5410國眾","110/07/08","統一-員林",0,3,-3
"28022","5410國眾","110/07/08","元大-新竹",5,1,4
"28023","5410國眾","110/07/08","臺銀-鳳山",0,2,-2
"28024","5410國眾","110/07/08","元大-土城學府",4,0,4
"28025","5410國眾","110/07/08","亞東",0,2,-2
"28026","5410國眾","110/07/08","元大-新莊",4,0,4
"28027","5410國眾","110/07/08","新光",0,2,-2
"28028","2841台開","110/07/08","元大-樹林",653,0,653
"28029","2841台開","110/07/08","港商野村",0,868,-868
"28030","2841台開","110/07/08","台新證券",115,0,115
"28031","2841台開","110/07/08","群益金鼎-忠孝",0,100,-100
"28032","2841台開","110/07/08","永豐金-豐原",105,0,105
"28033","2841台開","110/07/08","宏遠-高雄",0,56,-56
"28034","2841台開","110/07/08","元富-新興",100,0,100
"28035","2841台開","110/07/08","新光",3,38,-35
"28036","2841台開","110/07/08","凱基-文心",50,0,50
"28037","2841台開","110/07/08","花旗環球",0,29,-29
"28038","2841台開","110/07/08","元大-八德",40,0,40
"28039","2841台開","110/07/08","富邦-仁愛",2,30,-28
"28040","2841台開","110/07/08","日盛-雙和",30,0,30
"28041","2841台開","110/07/08","元富-潮州",0,24,-24
"28042","2841台開","110/07/08","統一-竹南",30,0,30
"28043","2841台開","110/07/08","元大-沙鹿",0,20,-20
"28044","2841台開","110/07/08","凱基-台南",30,0,30
"28045","2841台開","110/07/08","元大-汐止",0,20,-20
"28046","2841台開","110/07/08","元大-福營",30,0,30
"28047","2841台開","110/07/08","合庫-嘉義",2,20,-18
"28048","2841台開","110/07/08","合庫-台中",22,0,22
"28049","2841台開","110/07/08","國泰-敦南",3,21,-18
"28050","2841台開","110/07/08","大昌-安康",28,10,18
"28051","2841台開","110/07/08","日盛-竹北",0,15,-15
"28052","2841台開","110/07/08","元大-斗信",15,0,15
"28053","2841台開","110/07/08","元大-三重",0,15,-15
"28054","2841台開","110/07/08","富邦-台北",13,0,13
"28055","2841台開","110/07/08","永豐金-敦南",45,60,-15
"28056","2841台開","110/07/08","合庫-桃園",10,0,10
"28057","2841台開","110/07/08","(牛牛牛)亞-網路",0,12,-12
"28058","6207雷科","110/07/08","台新-高雄",54,2,52
"28059","6207雷科","110/07/08","群益金鼎-丹鳳",0,60,-60
"28060","6207雷科","110/07/08","新光-台中",18,0,18
"28061","6207雷科","110/07/08","元大-頭份",1,56,-55
"28062","6207雷科","110/07/08","日盛-嘉義",16,0,16
"28063","6207雷科","110/07/08","國票-中和",0,30,-30
"28064","6207雷科","110/07/08","合庫-鳳山",15,0,15
"28065","6207雷科","110/07/08","凱基-台北",1,29,-28
"28066","6207雷科","110/07/08","臺銀-臺中",12,0,12
"28067","6207雷科","110/07/08","兆豐-板橋",0,25,-25
"28068","6207雷科","110/07/08","群益金鼎-土城",12,0,12
"28069","6207雷科","110/07/08","凱基-城中",4,25,-21
"28070","6207雷科","110/07/08","新光",25,14,11
"28071","6207雷科","110/07/08","日進",0,20,-20
"28072","6207雷科","110/07/08","凱基-中壢",11,0,11
"28073","6207雷科","110/07/08","台新證券",3,20,-17
"28074","6207雷科","110/07/08","台灣企銀",10,0,10
"28075","6207雷科","110/07/08","群益金鼎-中山",0,16,-16
"28076","6207雷科","110/07/08","第一金-新興",11,1,10
"28077","6207雷科","110/07/08","元大-東門",0,16,-16
"28078","6207雷科","110/07/08","元富-吉利",10,0,10
"28079","6207雷科","110/07/08","群益金鼎-大甲",0,13,-13
"28080","6207雷科","110/07/08","光和-和美",10,0,10
"28081","6207雷科","110/07/08","日盛-板橋",0,10,-10
"28082","6207雷科","110/07/08","永豐金-南京",10,0,10
"28083","6207雷科","110/07/08","日盛-中壢",0,10,-10
"28084","6207雷科","110/07/08","土銀",8,0,8
"28085","6207雷科","110/07/08","摩根大通",125,135,-10
"28086","6207雷科","110/07/08","中國信託-高雄",8,0,8
"28087","6207雷科","110/07/08","凱基-五股",0,10,-10
"28088","3679新至陞","110/07/08","華南永昌-台中",17,0,17
"28089","3679新至陞","110/07/08","大慶-蘆洲",0,10,-10
"28090","3679新至陞","110/07/08","國泰-桃園",6,0,6
"28091","3679新至陞","110/07/08","華南永昌-小港",0,7,-7
"28092","3679新至陞","110/07/08","元大-永春",6,0,6
"28093","3679新至陞","110/07/08","國泰-館前",0,3,-3
"28094","3679新至陞","110/07/08","香港上海匯豐",4,0,4
"28095","3679新至陞","110/07/08","元大-板橋",0,3,-3
"28096","3679新至陞","110/07/08","中國信託-新竹",3,0,3
"28097","3679新至陞","110/07/08","港商法國興業",0,2,-2
"28098","3679新至陞","110/07/08","國票-敦北法人",3,0,3
"28099","3679新至陞","110/07/08","第一金-忠孝",0,2,-2
"28100","3679新至陞","110/07/08","群益金鼎-台南",2,0,2
"28101","3679新至陞","110/07/08","元富-古亭",0,2,-2
"28102","3679新至陞","110/07/08","凱基",2,0,2
"28103","3679新至陞","110/07/08","摩根大通",1,3,-2
"28104","3679新至陞","110/07/08","凱基-台北",6,4,2
"28105","3679新至陞","110/07/08","富邦-板橋",0,2,-2
"28106","3679新至陞","110/07/08","日盛-信義",1,0,1
"28107","3679新至陞","110/07/08","元大-文心興安",0,2,-2
"28108","3679新至陞","110/07/08","日盛-新莊",1,0,1
"28109","3679新至陞","110/07/08","臺銀-高雄",0,1,-1
"28110","3679新至陞","110/07/08","大慶",1,0,1
"28111","3679新至陞","110/07/08","日盛-高雄",0,1,-1
"28112","3679新至陞","110/07/08","兆豐-三重",1,0,1
"28113","3679新至陞","110/07/08","日盛-文化",0,1,-1
"28114","3679新至陞","110/07/08","致和-東門",1,0,1
"28115","3679新至陞","110/07/08","美商高盛",0,1,-1
"28116","3679新至陞","110/07/08","台新證券",1,0,1
"28117","3679新至陞","110/07/08","瑞士信貸",0,1,-1
"28118","2727王品","110/07/08","群益金鼎-大安",80,0,80
"28119","2727王品","110/07/08","台灣摩根士丹利",1,300,-299
"28120","2727王品","110/07/08","富邦-台北",237,165,72
"28121","2727王品","110/07/08","元大證券",173,439,-266
"28122","2727王品","110/07/08","永豐金-萬盛",55,5,50
"28123","2727王品","110/07/08","統一",33,200,-167
"28124","2727王品","110/07/08","永豐金-南投",53,10,43
"28125","2727王品","110/07/08","凱基-台北",476,615,-139
"28126","2727王品","110/07/08","國泰-敦南",190,148,42
"28127","2727王品","110/07/08","永豐金-松山",8,138,-130
"28128","2727王品","110/07/08","台新-高雄",71,36,35
"28129","2727王品","110/07/08","新加坡商瑞銀",38,138,-100
"28130","2727王品","110/07/08","富邦-建國",62,27,35
"28131","2727王品","110/07/08","富邦-嘉義",84,182,-98
"28132","2727王品","110/07/08","永豐金證券",50,15,35
"28133","2727王品","110/07/08","元富-台南",4,99,-95
"28134","2727王品","110/07/08","港商野村",185,152,33
"28135","2727王品","110/07/08","凱基-永華",4,92,-88
"28136","2727王品","110/07/08","元大-嘉義",35,3,32
"28137","2727王品","110/07/08","凱基-大直",2,73,-71
"28138","2727王品","110/07/08","台新-三民",35,4,31
"28139","2727王品","110/07/08","美林",105,164,-59
"28140","2727王品","110/07/08","凱基-桃園",35,4,31
"28141","2727王品","110/07/08","第一金-台南",11,63,-52
"28142","2727王品","110/07/08","元大-和平",41,10,31
"28143","2727王品","110/07/08","摩根大通",216,259,-43
"28144","2727王品","110/07/08","兆豐-大安",33,5,28
"28145","2727王品","110/07/08","元大-員林",9,50,-41
"28146","2727王品","110/07/08","元大-新盛",33,6,27
"28147","2727王品","110/07/08","兆豐-虎尾",1,41,-40
"28148","1570力肯","110/07/08","群益金鼎-三重",20,0,20
"28149","1570力肯","110/07/08","中國信託-永康",0,26,-26
"28150","1570力肯","110/07/08","凱基-中壢",20,0,20
"28151","1570力肯","110/07/08","統一-敦南",0,12,-12
"28152","1570力肯","110/07/08","群益金鼎-台南",14,0,14
"28153","1570力肯","110/07/08","國票-博愛",0,10,-10
"28154","1570力肯","110/07/08","元富-緯城",10,0,10
"28155","1570力肯","110/07/08","元大-西門",0,10,-10
"28156","1570力肯","110/07/08","瑞士信貸",7,0,7
"28157","1570力肯","110/07/08","新光",0,9,-9
"28158","1570力肯","110/07/08","摩根大通",6,0,6
"28159","1570力肯","110/07/08","永豐金-大園",0,9,-9
"28160","1570力肯","110/07/08","土銀-白河",5,0,5
"28161","1570力肯","110/07/08","日盛-大墩",0,6,-6
"28162","1570力肯","110/07/08","台灣摩根士丹利",4,0,4
"28163","1570力肯","110/07/08","台新證券",0,6,-6
"28164","1570力肯","110/07/08","元大-新莊",3,0,3
"28165","1570力肯","110/07/08","永全",0,5,-5
"28166","1570力肯","110/07/08","永豐金-苓雅",3,0,3
"28167","1570力肯","110/07/08","元大-天母",0,5,-5
"28168","1570力肯","110/07/08","合庫-三重",2,0,2
"28169","1570力肯","110/07/08","元富-吉利",0,3,-3
"28170","1570力肯","110/07/08","(牛牛牛)亞-鑫豐",2,0,2
"28171","1570力肯","110/07/08","國泰-高雄",0,3,-3
"28172","1570力肯","110/07/08","玉山-大里",2,0,2
"28173","1570力肯","110/07/08","群益金鼎-北高雄",0,3,-3
"28174","1570力肯","110/07/08","國泰-敦南",2,0,2
"28175","1570力肯","110/07/08","群益金鼎-東門",0,2,-2
"28176","1570力肯","110/07/08","華南永昌-岡山",2,0,2
"28177","1570力肯","110/07/08","日盛-高雄",5,6,-1
"28178","6180橘子","110/07/08","新光",30,4,26
"28179","6180橘子","110/07/08","元大-土城學府",0,89,-89
"28180","6180橘子","110/07/08","康和-台南",22,0,22
"28181","6180橘子","110/07/08","凱基-東勢",1,66,-65
"28182","6180橘子","110/07/08","國泰-板橋",22,0,22
"28183","6180橘子","110/07/08","光和",0,64,-64
"28184","6180橘子","110/07/08","日盛-文化",21,0,21
"28185","6180橘子","110/07/08","中國信託-忠孝",0,50,-50
"28186","6180橘子","110/07/08","中國信託-文心",20,2,18
"28187","6180橘子","110/07/08","元富-大裕",0,25,-25
"28188","6180橘子","110/07/08","凱基-台北",39,24,15
"28189","6180橘子","110/07/08","統一-基隆",1,25,-24
"28190","6180橘子","110/07/08","元富-新店",14,0,14
"28191","6180橘子","110/07/08","美商高盛",1,21,-20
"28192","6180橘子","110/07/08","元大-土城永寧",11,0,11
"28193","6180橘子","110/07/08","元大證券",1,19,-18
"28194","6180橘子","110/07/08","永豐金-南京",11,0,11
"28195","6180橘子","110/07/08","元大-太平",2,20,-18
"28196","6180橘子","110/07/08","宏遠-館前",10,0,10
"28197","6180橘子","110/07/08","合庫證券",2,18,-16
"28198","6180橘子","110/07/08","國泰-新莊",10,0,10
"28199","6180橘子","110/07/08","台灣摩根士丹利",1,12,-11
"28200","6180橘子","110/07/08","群益金鼎",10,0,10
"28201","6180橘子","110/07/08","瑞士信貸",0,11,-11
"28202","6180橘子","110/07/08","凱基-高雄",10,0,10
"28203","6180橘子","110/07/08","元富-嘉義",0,11,-11
"28204","6180橘子","110/07/08","凱基-大安",10,0,10
"28205","6180橘子","110/07/08","新光-高雄",0,11,-11
"28206","6180橘子","110/07/08","富邦-仁愛",10,0,10
"28207","6180橘子","110/07/08","大慶-苗栗",0,10,-10
"28208","2390云辰","110/07/08","統一-新台中",126,1,125
"28209","2390云辰","110/07/08","摩根大通",62,661,-599
"28210","2390云辰","110/07/08","元大-員林",111,0,111
"28211","2390云辰","110/07/08","新加坡商瑞銀",0,173,-173
"28212","2390云辰","110/07/08","合庫-高雄",105,0,105
"28213","2390云辰","110/07/08","元大-天母",7,150,-143
"28214","2390云辰","110/07/08","凱基-台北",255,177,78
"28215","2390云辰","110/07/08","台灣摩根士丹利",0,134,-134
"28216","2390云辰","110/07/08","新光",71,17,54
"28217","2390云辰","110/07/08","玉山-台中",17,120,-103
"28218","2390云辰","110/07/08","國票-嘉義",53,0,53
"28219","2390云辰","110/07/08","美商高盛",0,78,-78
"28220","2390云辰","110/07/08","富邦-仁愛",53,4,49
"28221","2390云辰","110/07/08","美林",11,82,-71
"28222","2390云辰","110/07/08","兆豐-城中",48,0,48
"28223","2390云辰","110/07/08","群益金鼎-大興",35,106,-71
"28224","2390云辰","110/07/08","元大-新營",47,0,47
"28225","2390云辰","110/07/08","光和",11,71,-60
"28226","2390云辰","110/07/08","國泰-敦南",89,55,34
"28227","2390云辰","110/07/08","國泰-台中",28,70,-42
"28228","2390云辰","110/07/08","兆豐-台中",40,7,33
"28229","2390云辰","110/07/08","玉山-新莊",6,46,-40
"28230","2390云辰","110/07/08","永豐金-中正",36,6,30
"28231","2390云辰","110/07/08","富邦-台北",21,57,-36
"28232","2390云辰","110/07/08","中國信託-三重",29,0,29
"28233","2390云辰","110/07/08","土銀-台中",0,30,-30
"28234","2390云辰","110/07/08","富邦-陽明",33,5,28
"28235","2390云辰","110/07/08","兆豐-埔墘",1,31,-30
"28236","2390云辰","110/07/08","元富-桃園",27,0,27
"28237","2390云辰","110/07/08","玉山-南京東路",3,33,-30
"28238","4903聯光通","110/07/07","元大-太平",47,4,43
"28239","4903聯光通","110/07/07","日盛-板橋",0,15,-15
"28240","4903聯光通","110/07/07","華南永昌-桃園",10,0,10
"28241","4903聯光通","110/07/07","元大-八德",0,9,-9
"28242","4903聯光通","110/07/07","元大-南投",9,0,9
"28243","4903聯光通","110/07/07","宏遠證券",0,7,-7
"28244","4903聯光通","110/07/07","新光-台中",3,0,3
"28245","4903聯光通","110/07/07","大慶",0,7,-7
"28246","4903聯光通","110/07/07","國泰-敦南",1,0,1
"28247","4903聯光通","110/07/07","群益金鼎-館前",0,6,-6
"28248","4903聯光通","110/07/07","國票-中正",0,0,0
"28249","4903聯光通","110/07/07","元大-羅東",0,5,-5
"28250","4903聯光通","110/07/07","康和-內湖",0,0,0
"28251","4903聯光通","110/07/07","新光",8,12,-4
"28252","4903聯光通","110/07/07","凱基-站前",0,0,0
"28253","4903聯光通","110/07/07","國泰-高雄",0,3,-3
"28254","4903聯光通","110/07/07","華南永昌",1,1,0
"28255","4903聯光通","110/07/07","第一金-台中",0,3,-3
"28256","4903聯光通","110/07/07","華南永昌-新莊",0,0,0
"28257","4903聯光通","110/07/07","中農",0,1,-1
"28258","4903聯光通","110/07/07","臺灣企銀-桃園",0,1,-1
"28259","4903聯光通","110/07/07","台新-新營",0,1,-1
"28260","4903聯光通","110/07/07","元大-鶯歌",2,3,-1
"28261","4903聯光通","110/07/07","元大-永和",0,1,-1
"28262","4903聯光通","110/07/07","元大-苑裡",0,1,-1
"28263","2929淘帝","110/07/07","統一",163,0,163
"28264","2929淘帝","110/07/07","新光-台中",57,142,-85
"28265","2929淘帝","110/07/07","港商野村",323,181,142
"28266","2929淘帝","110/07/07","兆豐-忠孝",0,76,-76
"28267","2929淘帝","110/07/07","日盛-中壢",132,10,122
"28268","2929淘帝","110/07/07","台新-建北",0,53,-53
"28269","2929淘帝","110/07/07","新加坡商瑞銀",140,19,121
"28270","2929淘帝","110/07/07","臺銀-鳳山",0,44,-44
"28271","2929淘帝","110/07/07","日盛-嘉義",101,0,101
"28272","2929淘帝","110/07/07","元大-新盛",0,42,-42
"28273","2929淘帝","110/07/07","摩根大通",101,16,85
"28274","2929淘帝","110/07/07","富邦-建國",6,47,-41
"28275","2929淘帝","110/07/07","元大-太平",55,2,53
"28276","2929淘帝","110/07/07","日盛-園區",0,40,-40
"28277","2929淘帝","110/07/07","元富-松德",50,1,49
"28278","2929淘帝","110/07/07","新光-高雄",1,38,-37
"28279","2929淘帝","110/07/07","凱基-板橋",53,5,48
"28280","2929淘帝","110/07/07","永豐金-三重",1,34,-33
"28281","2929淘帝","110/07/07","美林",80,34,46
"28282","2929淘帝","110/07/07","元大-彰化",0,31,-31
"28283","2929淘帝","110/07/07","元富-台南",41,0,41
"28284","2929淘帝","110/07/07","第一金-大稻埕",0,30,-30
"28285","2929淘帝","110/07/07","兆豐-竹北",39,0,39
"28286","2929淘帝","110/07/07","國泰-敦南",3,33,-30
"28287","2929淘帝","110/07/07","元大-西門",36,0,36
"28288","2929淘帝","110/07/07","富邦-員林",0,30,-30
"28289","2929淘帝","110/07/07","華南永昌",39,4,35
"28290","2929淘帝","110/07/07","元大-蘆洲",1,30,-29
"28291","2929淘帝","110/07/07","日盛-板橋中山",30,0,30
"28292","2929淘帝","110/07/07","台新-台南",4,32,-28
"28293","5410國眾","110/07/07","兆豐-城中",66,0,66
"28294","5410國眾","110/07/07","富邦-仁愛",0,115,-115
"28295","5410國眾","110/07/07","摩根大通",21,0,21
"28296","5410國眾","110/07/07","亞東-板橋",0,38,-38
"28297","5410國眾","110/07/07","元大-北投",21,0,21
"28298","5410國眾","110/07/07","凱基-台北",2,24,-22
"28299","5410國眾","110/07/07","亞東-新竹",15,0,15
"28300","5410國眾","110/07/07","彰銀-七賢",0,10,-10
"28301","5410國眾","110/07/07","元大-福營",12,0,12
"28302","5410國眾","110/07/07","凱基-基隆",0,10,-10
"28303","5410國眾","110/07/07","新光-高雄",11,0,11
"28304","5410國眾","110/07/07","凱基-屏東",0,10,-10
"28305","5410國眾","110/07/07","華南永昌-小港",10,0,10
"28306","5410國眾","110/07/07","凱基-鳳山",0,10,-10
"28307","5410國眾","110/07/07","元大-大灣",10,0,10
"28308","5410國眾","110/07/07","永豐金-忠孝",0,10,-10
"28309","5410國眾","110/07/07","元大-莒光",10,0,10
"28310","5410國眾","110/07/07","日盛-板橋中山",0,9,-9
"28311","5410國眾","110/07/07","台中銀-豐原",9,0,9
"28312","5410國眾","110/07/07","統一-高雄",0,5,-5
"28313","5410國眾","110/07/07","元大-南屯",9,0,9
"28314","5410國眾","110/07/07","元大-斗六",0,5,-5
"28315","5410國眾","110/07/07","日盛-新莊",7,0,7
"28316","5410國眾","110/07/07","元大-大益",0,5,-5
"28317","5410國眾","110/07/07","元富-大昌",6,0,6
"28318","5410國眾","110/07/07","元大-南投",0,5,-5
"28319","5410國眾","110/07/07","新光-新竹",6,0,6
"28320","5410國眾","110/07/07","永豐金-員林",0,5,-5
"28321","5410國眾","110/07/07","臺銀-金山",5,0,5
"28322","5410國眾","110/07/07","華南永昌-楠梓",0,4,-4
"28323","2841台開","110/07/07","永豐金-豐原",268,0,268
"28324","2841台開","110/07/07","凱基-市政",0,200,-200
"28325","2841台開","110/07/07","永豐金-南投",200,0,200
"28326","2841台開","110/07/07","永豐金-彰化",0,100,-100
"28327","2841台開","110/07/07","新光",139,9,130
"28328","2841台開","110/07/07","元大-開元",1,93,-92
"28329","2841台開","110/07/07","中國信託-高雄",50,1,49
"28330","2841台開","110/07/07","港商野村",0,80,-80
"28331","2841台開","110/07/07","元大-歸仁",40,0,40
"28332","2841台開","110/07/07","凱基-台南",25,85,-60
"28333","2841台開","110/07/07","台中銀",35,0,35
"28334","2841台開","110/07/07","美商高盛",1,58,-57
"28335","2841台開","110/07/07","台新-新營",30,0,30
"28336","2841台開","110/07/07","統一-三重",0,55,-55
"28337","2841台開","110/07/07","富邦-台南",30,0,30
"28338","2841台開","110/07/07","台新證券",12,50,-38
"28339","2841台開","110/07/07","國泰-板橋",30,1,29
"28340","2841台開","110/07/07","陽信-石牌",0,31,-31
"28341","2841台開","110/07/07","凱基-文心",28,0,28
"28342","2841台開","110/07/07","元大-福營",0,31,-31
"28343","2841台開","110/07/07","凱基-站前",27,0,27
"28344","2841台開","110/07/07","第一金-澎湖",0,30,-30
"28345","2841台開","110/07/07","大昌-安康",38,16,22
"28346","2841台開","110/07/07","元大-新莊",0,30,-30
"28347","2841台開","110/07/07","合庫-台中",20,0,20
"28348","2841台開","110/07/07","國泰-館前",0,28,-28
"28349","2841台開","110/07/07","日盛-台南",20,0,20
"28350","2841台開","110/07/07","元大-竹科",0,25,-25
"28351","2841台開","110/07/07","台中銀-員林",20,0,20
"28352","2841台開","110/07/07","富邦-仁愛",1,22,-21
"28353","6207雷科","110/07/07","元大-大天母",21,0,21
"28354","6207雷科","110/07/07","元大-高雄",0,105,-105
"28355","6207雷科","110/07/07","元大-頭份",18,0,18
"28356","6207雷科","110/07/07","永豐金-中正",0,35,-35
"28357","6207雷科","110/07/07","第一金-新興",16,0,16
"28358","6207雷科","110/07/07","摩根大通",8,39,-31
"28359","6207雷科","110/07/07","富邦-虎尾",12,0,12
"28360","6207雷科","110/07/07","元大-林園",0,30,-30
"28361","6207雷科","110/07/07","兆豐-板橋",10,0,10
"28362","6207雷科","110/07/07","凱基-台北",0,19,-19
"28363","6207雷科","110/07/07","玉山-台大",10,0,10
"28364","6207雷科","110/07/07","國票-中和",13,25,-12
"28365","6207雷科","110/07/07","元大-四維",10,0,10
"28366","6207雷科","110/07/07","新加坡商瑞銀",0,9,-9
"28367","6207雷科","110/07/07","元大-鹿港",10,0,10
"28368","6207雷科","110/07/07","玉山-高雄",0,8,-8
"28369","6207雷科","110/07/07","元大-信義",10,0,10
"28370","6207雷科","110/07/07","玉山-台南",0,8,-8
"28371","6207雷科","110/07/07","台新-三民",8,0,8
"28372","6207雷科","110/07/07","宏遠-高雄",0,5,-5
"28373","6207雷科","110/07/07","元大-上新莊",8,0,8
"28374","6207雷科","110/07/07","元大-南海",0,5,-5
"28375","6207雷科","110/07/07","大昌-桃園",7,0,7
"28376","6207雷科","110/07/07","元大-莒光",0,4,-4
"28377","6207雷科","110/07/07","新光-台中",10,4,6
"28378","6207雷科","110/07/07","港商野村",0,3,-3
"28379","6207雷科","110/07/07","日盛-頭份",5,0,5
"28380","6207雷科","110/07/07","大慶-台南",0,3,-3
"28381","6207雷科","110/07/07","日茂-埔里",5,0,5
"28382","6207雷科","110/07/07","凱基-站前",0,3,-3
"28383","3679新至陞","110/07/07","永豐金證券",18,0,18
"28384","3679新至陞","110/07/07","美林",0,13,-13
"28385","3679新至陞","110/07/07","元大-文心興安",6,0,6
"28386","3679新至陞","110/07/07","兆豐-大安",0,10,-10
"28387","3679新至陞","110/07/07","中農",5,0,5
"28388","3679新至陞","110/07/07","國泰-桃園",0,4,-4
"28389","3679新至陞","110/07/07","台新證券",4,0,4
"28390","3679新至陞","110/07/07","永豐金-虎尾",0,4,-4
"28391","3679新至陞","110/07/07","華南永昌-小港",4,0,4
"28392","3679新至陞","110/07/07","台灣摩根士丹利",0,3,-3
"28393","3679新至陞","110/07/07","元大-天母",4,0,4
"28394","3679新至陞","110/07/07","瑞士信貸",0,3,-3
"28395","3679新至陞","110/07/07","台中銀-員林",4,1,3
"28396","3679新至陞","110/07/07","統一-新竹",0,3,-3
"28397","3679新至陞","110/07/07","摩根大通",4,1,3
"28398","3679新至陞","110/07/07","統一-三重",0,3,-3
"28399","3679新至陞","110/07/07","凱基-台北",7,4,3
"28400","3679新至陞","110/07/07","凱基-竹北",0,3,-3
"28401","3679新至陞","110/07/07","華南永昌-高雄",3,0,3
"28402","3679新至陞","110/07/07","元富-世貿",0,2,-2
"28403","3679新至陞","110/07/07","永豐金-潮州",2,0,2
"28404","3679新至陞","110/07/07","兆豐-鹿港",0,2,-2
"28405","3679新至陞","110/07/07","合庫-新竹",1,0,1
"28406","3679新至陞","110/07/07","玉山-台大",0,2,-2
"28407","3679新至陞","110/07/07","土銀-高雄",1,0,1
"28408","3679新至陞","110/07/07","國泰-館前",0,2,-2
"28409","3679新至陞","110/07/07","元富-新興",1,0,1
"28410","3679新至陞","110/07/07","群益金鼎-新莊",0,2,-2
"28411","3679新至陞","110/07/07","富邦-中壢",1,0,1
"28412","3679新至陞","110/07/07","元大-桃園",0,2,-2
"28413","2727王品","110/07/07","第一金",62,0,62
"28414","2727王品","110/07/07","台灣摩根士丹利",1,177,-176
"28415","2727王品","110/07/07","凱基-埔墘",40,0,40
"28416","2727王品","110/07/07","凱基-台北",49,151,-102
"28417","2727王品","110/07/07","中國信託-忠孝",40,1,39
"28418","2727王品","110/07/07","摩根大通",19,107,-88
"28419","2727王品","110/07/07","玉山-板橋",40,6,34
"28420","2727王品","110/07/07","美商高盛",2,86,-84
"28421","2727王品","110/07/07","亞東-新竹",31,1,30
"28422","2727王品","110/07/07","元大-北屯",1,52,-51
"28423","2727王品","110/07/07","群益金鼎-宜蘭",25,1,24
"28424","2727王品","110/07/07","國泰證券",1,47,-46
"28425","2727王品","110/07/07","富邦-竹北",23,0,23
"28426","2727王品","110/07/07","統一",3,33,-30
"28427","2727王品","110/07/07","元大-旗山",23,0,23
"28428","2727王品","110/07/07","第一金-台中",1,30,-29
"28429","2727王品","110/07/07","元富-宜蘭",21,0,21
"28430","2727王品","110/07/07","華南永昌-中正",4,29,-25
"28431","2727王品","110/07/07","國票-長城",20,0,20
"28432","2727王品","110/07/07","美林",0,23,-23
"28433","2727王品","110/07/07","台新證券",47,28,19
"28434","2727王品","110/07/07","群益金鼎-館前",0,20,-20
"28435","2727王品","110/07/07","富邦-新竹華信",18,1,17
"28436","2727王品","110/07/07","國票-內壢",0,16,-16
"28437","2727王品","110/07/07","永豐金-中正",18,1,17
"28438","2727王品","110/07/07","兆豐-新莊",0,15,-15
"28439","2727王品","110/07/07","華南永昌-麻豆",17,1,16
"28440","2727王品","110/07/07","港商野村",15,28,-13
"28441","2727王品","110/07/07","永豐金-潮州",15,0,15
"28442","2727王品","110/07/07","元大-善化",1,13,-12
"28443","1570力肯","110/07/07","台新證券",88,0,88
"28444","1570力肯","110/07/07","新光",0,54,-54
"28445","1570力肯","110/07/07","摩根大通",49,15,34
"28446","1570力肯","110/07/07","元大-高雄",0,40,-40
"28447","1570力肯","110/07/07","合庫-桃園",20,0,20
"28448","1570力肯","110/07/07","國票-北高雄",38,50,-12
"28449","1570力肯","110/07/07","元大-土城學府",20,0,20
"28450","1570力肯","110/07/07","群益金鼎-嘉義",0,10,-10
"28451","1570力肯","110/07/07","永豐金-板盛",18,0,18
"28452","1570力肯","110/07/07","元大-草屯",0,10,-10
"28453","1570力肯","110/07/07","永豐金-永康",18,0,18
"28454","1570力肯","110/07/07","日盛-高雄",0,9,-9
"28455","1570力肯","110/07/07","統一-員林",14,0,14
"28456","1570力肯","110/07/07","第一金-路竹",0,9,-9
"28457","1570力肯","110/07/07","元大-竹山",6,0,6
"28458","1570力肯","110/07/07","元大-古亭",0,9,-9
"28459","1570力肯","110/07/07","統一-敦南",5,0,5
"28460","1570力肯","110/07/07","國票-中正",0,8,-8
"28461","1570力肯","110/07/07","元大-永和",5,0,5
"28462","1570力肯","110/07/07","群益金鼎-鳳山",0,6,-6
"28463","1570力肯","110/07/07","元富-大裕",4,0,4
"28464","1570力肯","110/07/07","元大-土城永寧",0,6,-6
"28465","1570力肯","110/07/07","華南永昌-斗六",4,0,4
"28466","1570力肯","110/07/07","中國信託",0,5,-5
"28467","1570力肯","110/07/07","永豐金-松山",6,3,3
"28468","1570力肯","110/07/07","日盛-板橋",0,4,-4
"28469","1570力肯","110/07/07","永豐金-南投",4,1,3
"28470","1570力肯","110/07/07","日盛-木柵",0,4,-4
"28471","1570力肯","110/07/07","土銀-彰化",2,0,2
"28472","1570力肯","110/07/07","玉山-桃園",0,4,-4
"28473","6180橘子","110/07/07","臺銀-金山",27,0,27
"28474","6180橘子","110/07/07","凱基-台北",6,36,-30
"28475","6180橘子","110/07/07","元富-潮州",20,0,20
"28476","6180橘子","110/07/07","元大-天母",1,26,-25
"28477","6180橘子","110/07/07","凱基-中山",20,0,20
"28478","6180橘子","110/07/07","富邦-陽明",0,22,-22
"28479","6180橘子","110/07/07","元大-太平",23,4,19
"28480","6180橘子","110/07/07","日盛-頭份",0,20,-20
"28481","6180橘子","110/07/07","摩根大通",17,0,17
"28482","6180橘子","110/07/07","富邦-仁愛",0,20,-20
"28483","6180橘子","110/07/07","元大-草屯",20,3,17
"28484","6180橘子","110/07/07","永豐金-新莊",0,20,-20
"28485","6180橘子","110/07/07","華南永昌-楠梓",15,1,14
"28486","6180橘子","110/07/07","台灣摩根士丹利",0,18,-18
"28487","6180橘子","110/07/07","中國信託-永康",12,0,12
"28488","6180橘子","110/07/07","華南永昌-長虹",1,16,-15
"28489","6180橘子","110/07/07","日盛-文化",10,0,10
"28490","6180橘子","110/07/07","新光-新竹",0,12,-12
"28491","6180橘子","110/07/07","國泰-館前",10,0,10
"28492","6180橘子","110/07/07","凱基-中壢",0,12,-12
"28493","6180橘子","110/07/07","華南永昌-鶯歌",10,0,10
"28494","6180橘子","110/07/07","第一金-忠孝",0,11,-11
"28495","6180橘子","110/07/07","元大-豐原站前",10,0,10
"28496","6180橘子","110/07/07","元大-沙鹿",0,11,-11
"28497","6180橘子","110/07/07","元大-北屯",10,0,10
"28498","6180橘子","110/07/07","永豐金-羅東",0,11,-11
"28499","6180橘子","110/07/07","兆豐-台中",10,1,9
"28500","6180橘子","110/07/07","兆豐-埔墘",0,10,-10
"28501","6180橘子","110/07/07","群益金鼎-開元",9,0,9
"28502","6180橘子","110/07/07","華南永昌-台中",0,10,-10
"28503","2390云辰","110/07/07","元大-向上",144,0,144
"28504","2390云辰","110/07/07","摩根大通",18,674,-656
"28505","2390云辰","110/07/07","元富-中港",102,0,102
"28506","2390云辰","110/07/07","凱基-台北",141,625,-484
"28507","2390云辰","110/07/07","群益金鼎-民權",104,4,100
"28508","2390云辰","110/07/07","美林",32,261,-229
"28509","2390云辰","110/07/07","兆豐-忠孝",81,0,81
"28510","2390云辰","110/07/07","新加坡商瑞銀",50,149,-99
"28511","2390云辰","110/07/07","合庫-新竹",60,0,60
"28512","2390云辰","110/07/07","台灣摩根士丹利",7,87,-80
"28513","2390云辰","110/07/07","元大-土城學府",59,1,58
"28514","2390云辰","110/07/07","元大-金華",2,68,-66
"28515","2390云辰","110/07/07","玉山-大里",58,3,55
"28516","2390云辰","110/07/07","國票-新莊",13,65,-52
"28517","2390云辰","110/07/07","元大-東蘆",54,1,53
"28518","2390云辰","110/07/07","凱基-三重",12,56,-44
"28519","2390云辰","110/07/07","元富-三重",51,0,51
"28520","2390云辰","110/07/07","新光-台中",23,65,-42
"28521","2390云辰","110/07/07","元富-埔里",50,0,50
"28522","2390云辰","110/07/07","第一金-中壢",5,45,-40
"28523","2390云辰","110/07/07","中國信託-三重",52,3,49
"28524","2390云辰","110/07/07","華南永昌-斗六",0,40,-40
"28525","2390云辰","110/07/07","元大-彰化民生",64,15,49
"28526","2390云辰","110/07/07","富邦-新竹華信",25,61,-36
"28527","2390云辰","110/07/07","元大-潮州",50,5,45
"28528","2390云辰","110/07/07","玉山-新莊",2,32,-30
"28529","2390云辰","110/07/07","元富-高雄",57,14,43
"28530","2390云辰","110/07/07","凱基-新豐",17,47,-30
"28531","2390云辰","110/07/07","凱基-和平",40,0,40
"28532","2390云辰","110/07/07","統一-汐止",1,29,-28
"28533","4903聯光通","110/07/06","元大-苗栗",10,0,10
"28534","4903聯光通","110/07/06","宏遠證券",0,13,-13
"28535","4903聯光通","110/07/06","彰銀",5,0,5
"28536","4903聯光通","110/07/06","富邦-新營",0,4,-4
"28537","4903聯光通","110/07/06","元大-松山",5,0,5
"28538","4903聯光通","110/07/06","元富-草屯",0,3,-3
"28539","4903聯光通","110/07/06","新光",3,0,3
"28540","4903聯光通","110/07/06","元大-羅東",0,3,-3
"28541","4903聯光通","110/07/06","群益金鼎-館前",1,0,1
"28542","4903聯光通","110/07/06","元大-北三重",0,2,-2
"28543","4903聯光通","110/07/06","華南永昌-鶯歌",1,0,1
"28544","4903聯光通","110/07/06","國泰-敦南",0,1,-1
"28545","4903聯光通","110/07/06","永豐金-市政",1,0,1
"28546","4903聯光通","110/07/06","元富-板橋",0,0,0
"28547","4903聯光通","110/07/06","元富-板橋",0,0,0
"28548","4903聯光通","110/07/06","華南永昌",0,0,0
"28549","4903聯光通","110/07/06","華南永昌",0,0,0
"28550","4903聯光通","110/07/06","元大-太平",2,2,0
"28551","4903聯光通","110/07/06","元大-太平",2,2,0
"28552","2929淘帝","110/07/06","新光",204,85,119
"28553","2929淘帝","110/07/06","港商野村",62,282,-220
"28554","2929淘帝","110/07/06","日盛-中壢",94,0,94
"28555","2929淘帝","110/07/06","摩根大通",64,264,-200
"28556","2929淘帝","110/07/06","元富-城東",84,0,84
"28557","2929淘帝","110/07/06","統一",0,163,-163
"28558","2929淘帝","110/07/06","日盛-雙和",55,0,55
"28559","2929淘帝","110/07/06","香港上海匯豐",0,141,-141
"28560","2929淘帝","110/07/06","第一金-路竹",71,17,54
"28561","2929淘帝","110/07/06","新加坡商瑞銀",54,179,-125
"28562","2929淘帝","110/07/06","元大-花蓮",44,2,42
"28563","2929淘帝","110/07/06","合庫-高雄",3,122,-119
"28564","2929淘帝","110/07/06","永豐金-大園",73,33,40
"28565","2929淘帝","110/07/06","美林",34,118,-84
"28566","2929淘帝","110/07/06","元大-太平",44,6,38
"28567","2929淘帝","110/07/06","元大-員林",2,82,-80
"28568","2929淘帝","110/07/06","國泰-板橋",40,5,35
"28569","2929淘帝","110/07/06","元富-松德",26,75,-49
"28570","2929淘帝","110/07/06","兆豐-內湖",33,1,32
"28571","2929淘帝","110/07/06","臺銀-臺南",9,52,-43
"28572","2929淘帝","110/07/06","元大-博愛",43,11,32
"28573","2929淘帝","110/07/06","元大-北投",5,48,-43
"28574","2929淘帝","110/07/06","日盛-竹北",40,10,30
"28575","2929淘帝","110/07/06","臺銀-民權",1,41,-40
"28576","2929淘帝","110/07/06","元大-善化",52,22,30
"28577","2929淘帝","110/07/06","兆豐-忠孝",1,41,-40
"28578","2929淘帝","110/07/06","富邦-北港",29,0,29
"28579","2929淘帝","110/07/06","元大-西門",1,36,-35
"28580","2929淘帝","110/07/06","凱基-湖口",27,0,27
"28581","2929淘帝","110/07/06","玉山-嘉義",3,35,-32
"28582","5410國眾","110/07/06","兆豐-城中",28,0,28
"28583","5410國眾","110/07/06","凱基-高美館",1,18,-17
"28584","5410國眾","110/07/06","元大-小港",20,0,20
"28585","5410國眾","110/07/06","國泰-館前",0,15,-15
"28586","5410國眾","110/07/06","元大-新盛",18,0,18
"28587","5410國眾","110/07/06","國泰-板橋",2,17,-15
"28588","5410國眾","110/07/06","香港上海匯豐",15,0,15
"28589","5410國眾","110/07/06","新光",0,13,-13
"28590","5410國眾","110/07/06","華南永昌-小港",15,0,15
"28591","5410國眾","110/07/06","元富-緯城",0,10,-10
"28592","5410國眾","110/07/06","元富-大昌",13,0,13
"28593","5410國眾","110/07/06","中農",0,10,-10
"28594","5410國眾","110/07/06","臺銀-臺南",10,0,10
"28595","5410國眾","110/07/06","凱基-屏東",0,10,-10
"28596","5410國眾","110/07/06","元富-延平",8,0,8
"28597","5410國眾","110/07/06","新光-桃園",0,6,-6
"28598","5410國眾","110/07/06","元大-八德",17,9,8
"28599","5410國眾","110/07/06","高橋-龍潭",0,5,-5
"28600","5410國眾","110/07/06","摩根大通",7,0,7
"28601","5410國眾","110/07/06","元富-世貿",0,5,-5
"28602","5410國眾","110/07/06","凱基-桃園",7,0,7
"28603","5410國眾","110/07/06","群益金鼎-瑞豐",0,5,-5
"28604","5410國眾","110/07/06","永豐金-屏東",7,0,7
"28605","5410國眾","110/07/06","富邦-台中",0,5,-5
"28606","5410國眾","110/07/06","台新-左楠",5,0,5
"28607","5410國眾","110/07/06","永豐金-板橋",0,5,-5
"28608","5410國眾","110/07/06","富邦-竹東",5,0,5
"28609","5410國眾","110/07/06","富邦-台南",0,4,-4
"28610","5410國眾","110/07/06","元大-新莊",5,0,5
"28611","5410國眾","110/07/06","凱基-站前",0,3,-3
"28612","2841台開","110/07/06","群益金鼎-忠孝",100,0,100
"28613","2841台開","110/07/06","港商野村",0,295,-295
"28614","2841台開","110/07/06","台新證券",58,0,58
"28615","2841台開","110/07/06","元大-善化",0,50,-50
"28616","2841台開","110/07/06","台新-台中",58,0,58
"28617","2841台開","110/07/06","元大-四維",0,50,-50
"28618","2841台開","110/07/06","永豐金-敦南",50,0,50
"28619","2841台開","110/07/06","台新-新營",0,30,-30
"28620","2841台開","110/07/06","元大-台中",45,0,45
"28621","2841台開","110/07/06","群益金鼎-桃園",0,21,-21
"28622","2841台開","110/07/06","凱基-文心",43,0,43
"28623","2841台開","110/07/06","台中銀-員林",0,20,-20
"28624","2841台開","110/07/06","永豐金-潮州",30,0,30
"28625","2841台開","110/07/06","群益金鼎-延平",0,15,-15
"28626","2841台開","110/07/06","第一金-自由",25,0,25
"28627","2841台開","110/07/06","元大-三重",0,13,-13
"28628","2841台開","110/07/06","美商高盛",17,0,17
"28629","2841台開","110/07/06","元富-古亭",0,10,-10
"28630","2841台開","110/07/06","大昌-安康",39,22,17
"28631","2841台開","110/07/06","群益金鼎-北高雄",0,10,-10
"28632","2841台開","110/07/06","台中銀",15,0,15
"28633","2841台開","110/07/06","華南永昌-南京",0,10,-10
"28634","2841台開","110/07/06","玉山-嘉義",15,0,15
"28635","2841台開","110/07/06","富邦-花蓮",0,10,-10
"28636","2841台開","110/07/06","新光",11,0,11
"28637","2841台開","110/07/06","富邦-高雄",0,10,-10
"28638","2841台開","110/07/06","兆豐-永和",10,0,10
"28639","2841台開","110/07/06","元大-竹山",0,10,-10
"28640","2841台開","110/07/06","康和-內湖",10,0,10
"28641","2841台開","110/07/06","元大-屏東",0,10,-10
"28642","6207雷科","110/07/06","新光",45,4,41
"28643","6207雷科","110/07/06","凱基-高美館",1,104,-103
"28644","6207雷科","110/07/06","統一-基隆",30,0,30
"28645","6207雷科","110/07/06","摩根大通",11,45,-34
"28646","6207雷科","110/07/06","康和-南崁",13,0,13
"28647","6207雷科","110/07/06","群益金鼎-新竹",0,22,-22
"28648","6207雷科","110/07/06","宏遠-台南",10,0,10
"28649","6207雷科","110/07/06","港商野村",2,23,-21
"28650","6207雷科","110/07/06","國票-和平",10,0,10
"28651","6207雷科","110/07/06","凱基-台北",0,14,-14
"28652","6207雷科","110/07/06","永豐金-天母",10,0,10
"28653","6207雷科","110/07/06","台新-三民",0,12,-12
"28654","6207雷科","110/07/06","台新證券",10,1,9
"28655","6207雷科","110/07/06","群益金鼎-開元",1,11,-10
"28656","6207雷科","110/07/06","群益金鼎-士林",8,0,8
"28657","6207雷科","110/07/06","富邦-南屯",0,8,-8
"28658","6207雷科","110/07/06","群益金鼎-瑞豐",7,0,7
"28659","6207雷科","110/07/06","元大-善化",0,8,-8
"28660","6207雷科","110/07/06","元大-四維",7,0,7
"28661","6207雷科","110/07/06","日盛-頭份",0,5,-5
"28662","6207雷科","110/07/06","國票-中和",6,0,6
"28663","6207雷科","110/07/06","第一金-高雄",0,5,-5
"28664","6207雷科","110/07/06","台新-中壢",6,0,6
"28665","6207雷科","110/07/06","凱基-八德",0,5,-5
"28666","6207雷科","110/07/06","凱基-高雄",6,0,6
"28667","6207雷科","110/07/06","凱基-頭份",0,5,-5
"28668","6207雷科","110/07/06","富邦-彰化",6,0,6
"28669","6207雷科","110/07/06","合庫-新竹",0,4,-4
"28670","6207雷科","110/07/06","凱基-大安",5,0,5
"28671","6207雷科","110/07/06","新光-高雄",0,4,-4
"28672","3679新至陞","110/07/06","凱基",11,0,11
"28673","3679新至陞","110/07/06","摩根大通",0,22,-22
"28674","3679新至陞","110/07/06","台中銀-員林",11,1,10
"28675","3679新至陞","110/07/06","凱基-台北",6,21,-15
"28676","3679新至陞","110/07/06","安泰-大發",10,0,10
"28677","3679新至陞","110/07/06","瑞士信貸",0,13,-13
"28678","3679新至陞","110/07/06","香港上海匯豐",8,0,8
"28679","3679新至陞","110/07/06","富邦-苗栗",0,10,-10
"28680","3679新至陞","110/07/06","永豐金證券",8,2,6
"28681","3679新至陞","110/07/06","元大-永春",0,6,-6
"28682","3679新至陞","110/07/06","第一金-高雄",5,0,5
"28683","3679新至陞","110/07/06","凱基-興隆",0,5,-5
"28684","3679新至陞","110/07/06","群益金鼎-高盛",3,0,3
"28685","3679新至陞","110/07/06","國泰-桃園",0,3,-3
"28686","3679新至陞","110/07/06","元大-嘉義",3,0,3
"28687","3679新至陞","110/07/06","元大-萬華",2,5,-3
"28688","3679新至陞","110/07/06","臺銀-高雄",2,0,2
"28689","3679新至陞","110/07/06","美林",0,2,-2
"28690","3679新至陞","110/07/06","日盛-復興",2,0,2
"28691","3679新至陞","110/07/06","第一金-華江",0,2,-2
"28692","3679新至陞","110/07/06","日盛-樹林",4,2,2
"28693","3679新至陞","110/07/06","新光-台中",0,2,-2
"28694","3679新至陞","110/07/06","宏遠-館前",2,0,2
"28695","3679新至陞","110/07/06","華南永昌-民權",0,2,-2
"28696","3679新至陞","110/07/06","台新證券",2,0,2
"28697","3679新至陞","110/07/06","元大-板橋",0,2,-2
"28698","3679新至陞","110/07/06","康和-板橋",2,0,2
"28699","3679新至陞","110/07/06","日盛-板橋中山",0,1,-1
"28700","3679新至陞","110/07/06","群益金鼎-台南",2,0,2
"28701","3679新至陞","110/07/06","宏遠證券",0,1,-1
"28702","2727王品","110/07/06","元大證券",1033,729,304
"28703","2727王品","110/07/06","台灣摩根士丹利",35,184,-149
"28704","2727王品","110/07/06","富邦-台北",332,46,286
"28705","2727王品","110/07/06","元大-北屯",11,79,-68
"28706","2727王品","110/07/06","統一",252,43,209
"28707","2727王品","110/07/06","元富-敦南",4,70,-66
"28708","2727王品","110/07/06","永豐金-松山",147,14,133
"28709","2727王品","110/07/06","元大-基隆孝二",11,75,-64
"28710","2727王品","110/07/06","富邦-嘉義",301,198,103
"28711","2727王品","110/07/06","臺銀-臺南",9,69,-60
"28712","2727王品","110/07/06","新加坡商瑞銀",128,34,94
"28713","2727王品","110/07/06","中國信託-忠孝",5,48,-43
"28714","2727王品","110/07/06","元富-台南",97,6,91
"28715","2727王品","110/07/06","永豐金-市政",5,46,-41
"28716","2727王品","110/07/06","台新證券",169,105,64
"28717","2727王品","110/07/06","彰銀-台中",19,56,-37
"28718","2727王品","110/07/06","美林",115,58,57
"28719","2727王品","110/07/06","玉山證券",30,67,-37
"28720","2727王品","110/07/06","華南永昌",75,23,52
"28721","2727王品","110/07/06","凱基-埔墘",4,41,-37
"28722","2727王品","110/07/06","凱基-台北",445,398,47
"28723","2727王品","110/07/06","永豐金-大園",3,40,-37
"28724","2727王品","110/07/06","凱基-大直",48,7,41
"28725","2727王品","110/07/06","元富",2,37,-35
"28726","2727王品","110/07/06","凱基-林口",45,4,41
"28727","2727王品","110/07/06","富邦-仁愛",32,64,-32
"28728","2727王品","110/07/06","德信",40,1,39
"28729","2727王品","110/07/06","玉山-板橋",52,82,-30
"28730","2727王品","110/07/06","第一金",42,5,37
"28731","2727王品","110/07/06","中國信託-文心",10,39,-29
"28732","1570力肯","110/07/06","香港上海匯豐",47,0,47
"28733","1570力肯","110/07/06","新光",2,107,-105
"28734","1570力肯","110/07/06","元大-高雄",55,16,39
"28735","1570力肯","110/07/06","摩根大通",11,58,-47
"28736","1570力肯","110/07/06","元富-緯城",37,0,37
"28737","1570力肯","110/07/06","高橋",4,50,-46
"28738","1570力肯","110/07/06","台新-台南",16,0,16
"28739","1570力肯","110/07/06","合庫-桃園",0,20,-20
"28740","1570力肯","110/07/06","元大-新竹經國",14,0,14
"28741","1570力肯","110/07/06","永豐金-板盛",0,18,-18
"28742","1570力肯","110/07/06","富邦-左營",12,0,12
"28743","1570力肯","110/07/06","華南永昌-公誠",0,9,-9
"28744","1570力肯","110/07/06","國票-中正",12,2,10
"28745","1570力肯","110/07/06","凱基-台北",1,9,-8
"28746","1570力肯","110/07/06","國票-博愛",10,0,10
"28747","1570力肯","110/07/06","臺銀-臺中",0,6,-6
"28748","1570力肯","110/07/06","統一-敦南",12,5,7
"28749","1570力肯","110/07/06","台新-三民",0,5,-5
"28750","1570力肯","110/07/06","群益金鼎-三重",7,0,7
"28751","1570力肯","110/07/06","華南永昌-麻豆",0,5,-5
"28752","1570力肯","110/07/06","臺銀-臺南",6,0,6
"28753","1570力肯","110/07/06","合庫-台南",0,4,-4
"28754","1570力肯","110/07/06","大慶-蘆洲",6,0,6
"28755","1570力肯","110/07/06","統一-員林",0,4,-4
"28756","1570力肯","110/07/06","元富-新店",6,0,6
"28757","1570力肯","110/07/06","康和-澎湖",0,4,-4
"28758","1570力肯","110/07/06","玉山-雙和",7,1,6
"28759","1570力肯","110/07/06","華南永昌-斗六",0,4,-4
"28760","1570力肯","110/07/06","永豐金-敦南",9,3,6
"28761","1570力肯","110/07/06","元大-和平",0,4,-4
"28762","6180橘子","110/07/06","凱基-台北",72,12,60
"28763","6180橘子","110/07/06","臺銀-金山",5,105,-100
"28764","6180橘子","110/07/06","美林",29,0,29
"28765","6180橘子","110/07/06","元大-台中",0,100,-100
"28766","6180橘子","110/07/06","合庫-自強",21,0,21
"28767","6180橘子","110/07/06","康和-台南",3,50,-47
"28768","6180橘子","110/07/06","凱基-三峽",17,0,17
"28769","6180橘子","110/07/06","元大-中和",0,35,-35
"28770","6180橘子","110/07/06","富邦-虎尾",15,1,14
"28771","6180橘子","110/07/06","中國信託-忠孝",0,16,-16
"28772","6180橘子","110/07/06","元富-潮州",13,0,13
"28773","6180橘子","110/07/06","玉山-高雄",0,12,-12
"28774","6180橘子","110/07/06","中國信託-永康",13,0,13
"28775","6180橘子","110/07/06","港商野村",0,11,-11
"28776","6180橘子","110/07/06","元大-草屯",18,5,13
"28777","6180橘子","110/07/06","群益金鼎-松山",0,11,-11
"28778","6180橘子","110/07/06","臺銀",11,0,11
"28779","6180橘子","110/07/06","永豐金-豐原",0,11,-11
"28780","6180橘子","110/07/06","新光",15,4,11
"28781","6180橘子","110/07/06","元富-嘉義",5,15,-10
"28782","6180橘子","110/07/06","元大-竹東",11,0,11
"28783","6180橘子","110/07/06","玉山-士林",0,10,-10
"28784","6180橘子","110/07/06","宏遠-台中",10,0,10
"28785","6180橘子","110/07/06","凱基-北門",0,10,-10
"28786","6180橘子","110/07/06","第一金-台南",10,0,10
"28787","6180橘子","110/07/06","第一金-忠孝",0,9,-9
"28788","6180橘子","110/07/06","國泰-敦南",10,0,10
"28789","6180橘子","110/07/06","統一-基隆",0,9,-9
"28790","6180橘子","110/07/06","富邦-嘉義",10,0,10
"28791","6180橘子","110/07/06","安泰-大發",1,10,-9
"28792","2390云辰","110/07/06","元大-天母",975,276,699
"28793","2390云辰","110/07/06","台灣摩根士丹利",3,265,-262
"28794","2390云辰","110/07/06","摩根大通",688,312,376
"28795","2390云辰","110/07/06","群益金鼎-海山",3,166,-163
"28796","2390云辰","110/07/06","國泰-忠孝",164,3,161
"28797","2390云辰","110/07/06","國泰-敦南",188,339,-151
"28798","2390云辰","110/07/06","富邦-北港",140,7,133
"28799","2390云辰","110/07/06","元大-土城學府",12,119,-107
"28800","2390云辰","110/07/06","聯邦商銀",151,22,129
"28801","2390云辰","110/07/06","永豐金-高雄",4,103,-99
"28802","2390云辰","110/07/06","中國信託-文心",143,17,126
"28803","2390云辰","110/07/06","土銀-士林",0,94,-94
"28804","2390云辰","110/07/06","永豐金-中正",133,7,126
"28805","2390云辰","110/07/06","元大-佳里",11,91,-80
"28806","2390云辰","110/07/06","群益金鼎-大興",178,76,102
"28807","2390云辰","110/07/06","玉山-台中",10,86,-76
"28808","2390云辰","110/07/06","元富-中港",103,3,100
"28809","2390云辰","110/07/06","新光",251,324,-73
"28810","2390云辰","110/07/06","統一-新台中",104,12,92
"28811","2390云辰","110/07/06","富邦-敦南",29,101,-72
"28812","2390云辰","110/07/06","新加坡商瑞銀",211,120,91
"28813","2390云辰","110/07/06","兆豐-台中",0,58,-58
"28814","2390云辰","110/07/06","兆豐-忠孝",100,11,89
"28815","2390云辰","110/07/06","日盛證券",16,73,-57
"28816","2390云辰","110/07/06","凱基-林口",87,9,78
"28817","2390云辰","110/07/06","元大-東泰",5,61,-56
"28818","2390云辰","110/07/06","元富-西松",72,4,68
"28819","2390云辰","110/07/06","台新證券",136,190,-54
"28820","2390云辰","110/07/06","台新-左楠",66,9,57
"28821","2390云辰","110/07/06","元大-六合",10,63,-53
