"","stake","date","name","buy","sell","total"
"1","2609陽明","110/08/18","凱基-台北",15132,4630,10502
"2","2609陽明","110/08/18","兆豐-復興",1580,3572,-1992
"3","2609陽明","110/08/18","康和",4145,283,3862
"4","2609陽明","110/08/18","日盛-板橋",943,2532,-1589
"5","2609陽明","110/08/18","美林",6982,3580,3402
"6","2609陽明","110/08/18","國泰-敦南",4957,6082,-1125
"7","2609陽明","110/08/18","富邦證券",5335,3049,2286
"8","2609陽明","110/08/18","新光",3470,4443,-973
"9","2609陽明","110/08/18","兆豐-南京",2352,209,2143
"10","2609陽明","110/08/18","玉山證券",1002,1913,-911
"11","2609陽明","110/08/18","兆豐-虎尾",4490,2388,2102
"12","2609陽明","110/08/18","台新證券",2873,3601,-728
"13","2609陽明","110/08/18","永豐金-信義",1719,99,1620
"14","2609陽明","110/08/18","國泰-館前",1002,1633,-631
"15","2609陽明","110/08/18","摩根大通",9173,7611,1562
"16","2609陽明","110/08/18","日盛-中壢",255,825,-570
"17","2609陽明","110/08/18","台灣摩根士丹利",2544,1230,1314
"18","2609陽明","110/08/18","兆豐-板橋",646,1122,-476
"19","2609陽明","110/08/18","凱基-斗六",4335,3037,1298
"20","2609陽明","110/08/18","第一金-嘉義",153,589,-436
"21","2609陽明","110/08/18","統一",1895,653,1242
"22","2609陽明","110/08/18","第一金-桃園",168,595,-427
"23","2609陽明","110/08/18","元大證券",3293,2063,1230
"24","2609陽明","110/08/18","(牛牛牛)亞-鑫豐",283,690,-407
"25","2609陽明","110/08/18","富邦-仁愛",2205,1064,1141
"26","2609陽明","110/08/18","國泰-板橋",1508,1913,-405
"27","2609陽明","110/08/18","富邦-虎尾",10781,9680,1101
"28","2609陽明","110/08/18","凱基-市政",9806,10201,-395
"29","2609陽明","110/08/18","元大-頭份",1219,381,838
"30","2609陽明","110/08/18","凱基-高美館",607,1000,-393
"31","2636台驊投控","110/08/18","富邦證券",1190,0,1190
"32","2636台驊投控","110/08/18","凱基",21,470,-449
"33","2636台驊投控","110/08/18","摩根大通",1639,646,993
"34","2636台驊投控","110/08/18","玉山-南京東路",3,355,-352
"35","2636台驊投控","110/08/18","台灣摩根士丹利",825,36,789
"36","2636台驊投控","110/08/18","統一-新台中",15,291,-276
"37","2636台驊投控","110/08/18","凱基-台北",881,309,572
"38","2636台驊投控","110/08/18","永豐金-新竹",38,292,-254
"39","2636台驊投控","110/08/18","統一",503,143,360
"40","2636台驊投控","110/08/18","國票-彰化",518,760,-242
"41","2636台驊投控","110/08/18","富邦-員林",373,78,295
"42","2636台驊投控","110/08/18","國泰-敦南",456,601,-145
"43","2636台驊投控","110/08/18","新加坡商瑞銀",307,50,257
"44","2636台驊投控","110/08/18","日盛-宜蘭",12,143,-131
"45","2636台驊投控","110/08/18","美林",863,611,252
"46","2636台驊投控","110/08/18","日盛-景美",26,156,-130
"47","2636台驊投控","110/08/18","日盛-台中",273,57,216
"48","2636台驊投控","110/08/18","日盛證券",180,298,-118
"49","2636台驊投控","110/08/18","日盛-板橋",166,13,153
"50","2636台驊投控","110/08/18","第一金-桃園",36,154,-118
"51","2636台驊投控","110/08/18","兆豐-虎尾",169,20,149
"52","2636台驊投控","110/08/18","新光",402,503,-101
"53","2636台驊投控","110/08/18","華南永昌-竹北",221,84,137
"54","2636台驊投控","110/08/18","凱基-市政",93,185,-92
"55","2636台驊投控","110/08/18","大慶",123,6,117
"56","2636台驊投控","110/08/18","台新證券",371,450,-79
"57","2636台驊投控","110/08/18","美商高盛",432,323,109
"58","2636台驊投控","110/08/18","凱基-天母",2,81,-79
"59","2636台驊投控","110/08/18","統一-南京",102,33,69
"60","2636台驊投控","110/08/18","華南永昌-南京",30,101,-71
"61","2867三商壽","110/08/18","摩根大通",776,115,661
"62","2867三商壽","110/08/18","華南永昌",2,804,-802
"63","2867三商壽","110/08/18","美林",510,38,472
"64","2867三商壽","110/08/18","富邦-陽明",0,253,-253
"65","2867三商壽","110/08/18","元富-世貿",164,15,149
"66","2867三商壽","110/08/18","宏遠證券",0,220,-220
"67","2867三商壽","110/08/18","元大-桃園",110,1,109
"68","2867三商壽","110/08/18","元大-崇德",0,178,-178
"69","2867三商壽","110/08/18","新加坡商瑞銀",168,73,95
"70","2867三商壽","110/08/18","元大證券",7,143,-136
"71","2867三商壽","110/08/18","台新證券",97,2,95
"72","2867三商壽","110/08/18","土銀-新竹",0,86,-86
"73","2867三商壽","110/08/18","康和-台中",90,1,89
"74","2867三商壽","110/08/18","統一-台中",0,82,-82
"75","2867三商壽","110/08/18","富邦-三重",90,6,84
"76","2867三商壽","110/08/18","富邦-嘉義",0,70,-70
"77","2867三商壽","110/08/18","元富",70,0,70
"78","2867三商壽","110/08/18","宏遠-台中",7,71,-64
"79","2867三商壽","110/08/18","兆豐-寶成",70,1,69
"80","2867三商壽","110/08/18","富邦-南屯",0,63,-63
"81","2867三商壽","110/08/18","台新-台中",68,13,55
"82","2867三商壽","110/08/18","元大-大甲",1,61,-60
"83","2867三商壽","110/08/18","凱基",51,0,51
"84","2867三商壽","110/08/18","美商高盛",32,87,-55
"85","2867三商壽","110/08/18","元大-開元",51,0,51
"86","2867三商壽","110/08/18","元富-大裕",0,50,-50
"87","2867三商壽","110/08/18","日盛-頭份",50,0,50
"88","2867三商壽","110/08/18","富邦-高雄",1,48,-47
"89","2867三商壽","110/08/18","兆豐-台中",50,0,50
"90","2867三商壽","110/08/18","元大-台北",0,40,-40
"91","5521工信","110/08/18","台新證券",144,10,134
"92","5521工信","110/08/18","台新-台中",0,200,-200
"93","5521工信","110/08/18","群益金鼎-台中",43,0,43
"94","5521工信","110/08/18","香港上海匯豐",0,143,-143
"95","5521工信","110/08/18","富邦-嘉義",31,0,31
"96","5521工信","110/08/18","日盛-雙和",0,100,-100
"97","5521工信","110/08/18","華南永昌-林口",30,1,29
"98","5521工信","110/08/18","元大-沙鹿",0,61,-61
"99","5521工信","110/08/18","日進",25,0,25
"100","5521工信","110/08/18","凱基-台北",57,116,-59
"101","5521工信","110/08/18","國泰-敦南",26,3,23
"102","5521工信","110/08/18","美林",3,61,-58
"103","5521工信","110/08/18","群益金鼎-高雄",20,0,20
"104","5521工信","110/08/18","永豐金-桃盛",0,50,-50
"105","5521工信","110/08/18","元大-屏南",20,0,20
"106","5521工信","110/08/18","摩根大通",106,150,-44
"107","5521工信","110/08/18","元大-基隆孝二",20,0,20
"108","5521工信","110/08/18","大慶-富順",0,42,-42
"109","5521工信","110/08/18","永豐金-新店",20,0,20
"110","5521工信","110/08/18","元大-鳳山",0,30,-30
"111","5521工信","110/08/18","元大-龍潭",17,0,17
"112","5521工信","110/08/18","凱基-三重",25,50,-25
"113","5521工信","110/08/18","兆豐-北高雄",16,0,16
"114","5521工信","110/08/18","光和-田中",2,24,-22
"115","5521工信","110/08/18","元富-文心",15,0,15
"116","5521工信","110/08/18","元大-和平",0,20,-20
"117","5521工信","110/08/18","元大-前金",15,0,15
"118","5521工信","110/08/18","華南永昌",0,15,-15
"119","5521工信","110/08/18","元大-北投",15,0,15
"120","5521工信","110/08/18","凱基-南崁",0,12,-12
"121","1471首利","110/08/18","摩根大通",195,17,178
"122","1471首利","110/08/18","元大-西門",16,81,-65
"123","1471首利","110/08/18","永豐金-板盛",42,0,42
"124","1471首利","110/08/18","高橋-龍潭",0,35,-35
"125","1471首利","110/08/18","台新證券",35,13,22
"126","1471首利","110/08/18","新光",14,41,-27
"127","1471首利","110/08/18","台灣企銀-九如",20,0,20
"128","1471首利","110/08/18","台新-高雄",2,25,-23
"129","1471首利","110/08/18","凱基-五股",20,0,20
"130","1471首利","110/08/18","元富-世貿",0,20,-20
"131","1471首利","110/08/18","瑞士信貸",25,13,12
"132","1471首利","110/08/18","台新-中壢",0,20,-20
"133","1471首利","110/08/18","群益金鼎-三重",10,0,10
"134","1471首利","110/08/18","玉山-高雄",1,21,-20
"135","1471首利","110/08/18","凱基-台南",10,0,10
"136","1471首利","110/08/18","富邦-基隆",13,30,-17
"137","1471首利","110/08/18","華南永昌-鳳山",10,0,10
"138","1471首利","110/08/18","凱基-彰化",0,14,-14
"139","1471首利","110/08/18","富邦-嘉義",10,0,10
"140","1471首利","110/08/18","元富-民權",0,12,-12
"141","1471首利","110/08/18","元大-開元",10,0,10
"142","1471首利","110/08/18","凱基-羅東",0,11,-11
"143","1471首利","110/08/18","元大-內湖",10,0,10
"144","1471首利","110/08/18","合庫證券",0,10,-10
"145","1471首利","110/08/18","元大-東港",10,0,10
"146","1471首利","110/08/18","日盛-斗六",0,10,-10
"147","1471首利","110/08/18","永豐金-台南",10,0,10
"148","1471首利","110/08/18","群益金鼎-潭子",0,10,-10
"149","1471首利","110/08/18","凱基-台北",25,16,9
"150","1471首利","110/08/18","元大-汐止",0,10,-10
"151","2883開發金","110/08/18","合庫-台中",6579,11,6568
"152","2883開發金","110/08/18","新加坡商瑞銀",902,7117,-6215
"153","2883開發金","110/08/18","香港上海匯豐",4579,0,4579
"154","2883開發金","110/08/18","台灣摩根士丹利",375,5303,-4928
"155","2883開發金","110/08/18","富邦-台中",3720,12,3708
"156","2883開發金","110/08/18","凱基",0,4582,-4582
"157","2883開發金","110/08/18","中國信託-文心",3128,2,3126
"158","2883開發金","110/08/18","台新證券",425,4594,-4169
"159","2883開發金","110/08/18","元大-福營",1063,19,1044
"160","2883開發金","110/08/18","國泰證券",11,3677,-3666
"161","2883開發金","110/08/18","華南永昌-南京",1046,43,1003
"162","2883開發金","110/08/18","富邦證券",47,3305,-3258
"163","2883開發金","110/08/18","合庫證券",999,7,992
"164","2883開發金","110/08/18","元大證券",1065,3675,-2610
"165","2883開發金","110/08/18","瑞士信貸",1041,53,988
"166","2883開發金","110/08/18","凱基-台北",1972,4074,-2102
"167","2883開發金","110/08/18","摩根大通",2088,1332,756
"168","2883開發金","110/08/18","國票-長城",711,2005,-1294
"169","2883開發金","110/08/18","新光",2279,1577,702
"170","2883開發金","110/08/18","日盛證券",88,1002,-914
"171","2883開發金","110/08/18","元大-金華",559,0,559
"172","2883開發金","110/08/18","群益金鼎-西松",38,786,-748
"173","2883開發金","110/08/18","花旗環球",652,184,468
"174","2883開發金","110/08/18","兆豐-高雄",12,668,-656
"175","2883開發金","110/08/18","港商野村",1145,723,422
"176","2883開發金","110/08/18","元富-四維",2,606,-604
"177","2883開發金","110/08/18","國泰-敦南",609,244,365
"178","2883開發金","110/08/18","宏遠-光隆",14,615,-601
"179","2883開發金","110/08/18","元富",353,0,353
"180","2883開發金","110/08/18","永豐金-苓雅",30,595,-565
"181","6205詮欣","110/08/18","摩根大通",14,1,13
"182","6205詮欣","110/08/18","合庫證券",0,15,-15
"183","6205詮欣","110/08/18","凱基-汐止",10,0,10
"184","6205詮欣","110/08/18","國票-南港",0,14,-14
"185","6205詮欣","110/08/18","臺銀-臺中",9,0,9
"186","6205詮欣","110/08/18","元大-大天母",0,8,-8
"187","6205詮欣","110/08/18","德信-新營",7,0,7
"188","6205詮欣","110/08/18","富邦-仁愛",0,6,-6
"189","6205詮欣","110/08/18","元富-安南",6,0,6
"190","6205詮欣","110/08/18","兆豐-竹北",0,5,-5
"191","6205詮欣","110/08/18","凱基-台北",5,0,5
"192","6205詮欣","110/08/18","兆豐-台中",0,4,-4
"193","6205詮欣","110/08/18","美林",4,0,4
"194","6205詮欣","110/08/18","元大-土城學府",0,3,-3
"195","6205詮欣","110/08/18","華南永昌-古亭",6,2,4
"196","6205詮欣","110/08/18","永豐金-台南",0,3,-3
"197","6205詮欣","110/08/18","永豐金證券",4,0,4
"198","6205詮欣","110/08/18","日盛-板橋中山",0,2,-2
"199","6205詮欣","110/08/18","玉山證券",3,0,3
"200","6205詮欣","110/08/18","亞東-高雄",0,2,-2
"201","6205詮欣","110/08/18","永豐金-中正",3,0,3
"202","6205詮欣","110/08/18","大昌-安康",0,2,-2
"203","6205詮欣","110/08/18","大慶-台南",2,0,2
"204","6205詮欣","110/08/18","大昌-新店",0,2,-2
"205","6205詮欣","110/08/18","元富-草屯",2,0,2
"206","6205詮欣","110/08/18","玉山-高雄",0,2,-2
"207","6205詮欣","110/08/18","元大-豐原",2,0,2
"208","6205詮欣","110/08/18","日盛-板橋",0,1,-1
"209","6205詮欣","110/08/18","日盛-三重",1,0,1
"210","6205詮欣","110/08/18","宏遠-民生",0,1,-1
"211","1540喬福","110/08/18","凱基-台北",26,5,21
"212","1540喬福","110/08/18","兆豐-小港",0,45,-45
"213","1540喬福","110/08/18","元大-土城永寧",15,0,15
"214","1540喬福","110/08/18","群益金鼎-館前",1,40,-39
"215","1540喬福","110/08/18","凱基-中壢",12,0,12
"216","1540喬福","110/08/18","新光-台南",0,10,-10
"217","1540喬福","110/08/18","日盛-二林",10,0,10
"218","1540喬福","110/08/18","元大-北屯",0,6,-6
"219","1540喬福","110/08/18","日盛-鳳山",6,0,6
"220","1540喬福","110/08/18","新光-桃園",0,5,-5
"221","1540喬福","110/08/18","兆豐-北高雄",6,0,6
"222","1540喬福","110/08/18","元富",0,4,-4
"223","1540喬福","110/08/18","元大-龍潭",6,0,6
"224","1540喬福","110/08/18","元大-館前",0,4,-4
"225","1540喬福","110/08/18","日盛-樹林",5,0,5
"226","1540喬福","110/08/18","國票-台東",0,3,-3
"227","1540喬福","110/08/18","瑞士信貸",3,0,3
"228","1540喬福","110/08/18","富邦-台南",0,3,-3
"229","1540喬福","110/08/18","兆豐-三民",3,0,3
"230","1540喬福","110/08/18","第一金-大稻埕",0,2,-2
"231","1540喬福","110/08/18","國票-彰化",3,0,3
"232","1540喬福","110/08/18","致和-南京",0,2,-2
"233","1540喬福","110/08/18","富邦-員林",3,0,3
"234","1540喬福","110/08/18","玉山-城中",0,2,-2
"235","1540喬福","110/08/18","永豐金-敦南",3,0,3
"236","1540喬福","110/08/18","元大-南崁",0,2,-2
"237","1540喬福","110/08/18","日盛-板橋",2,0,2
"238","1540喬福","110/08/18","元大-府城",1,3,-2
"239","1540喬福","110/08/18","兆豐-台中港",2,0,2
"240","1540喬福","110/08/18","元大-松山",0,2,-2
"241","2888新光金","110/08/18","兆豐-公益",6495,300,6195
"242","2888新光金","110/08/18","美商高盛",222,4409,-4187
"243","2888新光金","110/08/18","元大-忠孝鼎富",4187,0,4187
"244","2888新光金","110/08/18","元富-城東",12,2101,-2089
"245","2888新光金","110/08/18","瑞士信貸",2917,33,2884
"246","2888新光金","110/08/18","華南永昌",26,1674,-1648
"247","2888新光金","110/08/18","華南永昌-大安",1071,5,1066
"248","2888新光金","110/08/18","華南永昌-忠孝",0,1211,-1211
"249","2888新光金","110/08/18","宏遠-光隆",1044,6,1038
"250","2888新光金","110/08/18","群益金鼎-彰化",14,1211,-1197
"251","2888新光金","110/08/18","元富",805,90,715
"252","2888新光金","110/08/18","元大-大同",5,711,-706
"253","2888新光金","110/08/18","凱基-台北",2712,2138,574
"254","2888新光金","110/08/18","凱基-桃園",93,755,-662
"255","2888新光金","110/08/18","台灣摩根士丹利",742,305,437
"256","2888新光金","110/08/18","新光-台南",2,610,-608
"257","2888新光金","110/08/18","富邦證券",385,20,365
"258","2888新光金","110/08/18","第一金-新竹",100,706,-606
"259","2888新光金","110/08/18","摩根大通",2204,1868,336
"260","2888新光金","110/08/18","福勝",2,600,-598
"261","2888新光金","110/08/18","永興-台中",303,29,274
"262","2888新光金","110/08/18","華南永昌-岡山",12,457,-445
"263","2888新光金","110/08/18","元大-六合",302,28,274
"264","2888新光金","110/08/18","花旗環球",38,466,-428
"265","2888新光金","110/08/18","華南永昌-敦南",262,10,252
"266","2888新光金","110/08/18","元富-民權",0,300,-300
"267","2888新光金","110/08/18","新加坡商瑞銀",287,70,217
"268","2888新光金","110/08/18","華南永昌-合泰",4,303,-299
"269","2888新光金","110/08/18","統一-板橋",170,5,165
"270","2888新光金","110/08/18","元富-中港",3,300,-297
"271","1340勝悅","110/08/18","摩根大通",139,18,121
"272","1340勝悅","110/08/18","聯邦-三重",0,100,-100
"273","1340勝悅","110/08/18","華南永昌-敦南",8,0,8
"274","1340勝悅","110/08/18","華南永昌",1,20,-19
"275","1340勝悅","110/08/18","永豐金-板盛",7,0,7
"276","1340勝悅","110/08/18","合庫證券",0,10,-10
"277","1340勝悅","110/08/18","美商高盛",6,0,6
"278","1340勝悅","110/08/18","新光-新竹",0,10,-10
"279","1340勝悅","110/08/18","臺灣企銀-埔墘",5,0,5
"280","1340勝悅","110/08/18","富邦-嘉義",0,8,-8
"281","1340勝悅","110/08/18","國泰-台中",5,0,5
"282","1340勝悅","110/08/18","元大-新竹經國",0,7,-7
"283","1340勝悅","110/08/18","凱基-松山",5,0,5
"284","1340勝悅","110/08/18","臺銀-鳳山",5,10,-5
"285","1340勝悅","110/08/18","新光",4,0,4
"286","1340勝悅","110/08/18","瑞士信貸",0,5,-5
"287","1340勝悅","110/08/18","中國信託-文心",3,0,3
"288","1340勝悅","110/08/18","統一-城中",9,13,-4
"289","1340勝悅","110/08/18","康和-延平",3,0,3
"290","1340勝悅","110/08/18","元大-歸仁",0,4,-4
"291","1340勝悅","110/08/18","新光-桃園",3,0,3
"292","1340勝悅","110/08/18","元大-桃興",1,5,-4
"293","1340勝悅","110/08/18","凱基-基隆",3,0,3
"294","1340勝悅","110/08/18","(牛牛牛)亞-鑫豐",1,4,-3
"295","1340勝悅","110/08/18","合庫-鳳山",2,0,2
"296","1340勝悅","110/08/18","台新證券",0,3,-3
"297","1340勝悅","110/08/18","元富-板橋",2,0,2
"298","1340勝悅","110/08/18","合庫-高雄",0,2,-2
"299","1340勝悅","110/08/18","大昌-安康",2,0,2
"300","1340勝悅","110/08/18","日盛-文化",0,2,-2
"301","6246臺龍","110/08/18","港商野村",62,7,55
"302","6246臺龍","110/08/18","元富-高雄",0,20,-20
"303","6246臺龍","110/08/18","台新-三民",20,0,20
"304","6246臺龍","110/08/18","新光",1,16,-15
"305","6246臺龍","110/08/18","台新證券",19,0,19
"306","6246臺龍","110/08/18","日盛-板橋",0,10,-10
"307","6246臺龍","110/08/18","元富-林園",10,0,10
"308","6246臺龍","110/08/18","致和-台北",0,10,-10
"309","6246臺龍","110/08/18","光和-和美",10,0,10
"310","6246臺龍","110/08/18","凱基-永和",0,10,-10
"311","6246臺龍","110/08/18","凱基-屏東",10,0,10
"312","6246臺龍","110/08/18","華南永昌-公誠",0,10,-10
"313","6246臺龍","110/08/18","元大-永康",10,0,10
"314","6246臺龍","110/08/18","凱基-台北",1,10,-9
"315","6246臺龍","110/08/18","元大-竹科",5,0,5
"316","6246臺龍","110/08/18","元大-北港",0,9,-9
"317","6246臺龍","110/08/18","元大-北成功",4,0,4
"318","6246臺龍","110/08/18","日盛-和美",0,6,-6
"319","6246臺龍","110/08/18","大慶-苗栗",3,0,3
"320","6246臺龍","110/08/18","群益金鼎-北高雄",0,6,-6
"321","6246臺龍","110/08/18","統一-彰化",3,0,3
"322","6246臺龍","110/08/18","日進",0,5,-5
"323","6246臺龍","110/08/18","日茂-南投",3,0,3
"324","6246臺龍","110/08/18","凱基-松山",0,5,-5
"325","6246臺龍","110/08/18","兆豐-新營",3,0,3
"326","6246臺龍","110/08/18","凱基-三多",2,7,-5
"327","6246臺龍","110/08/18","元大-南投",3,0,3
"328","6246臺龍","110/08/18","元富-烏日",0,4,-4
"329","6246臺龍","110/08/18","元富-大裕",2,0,2
"330","6246臺龍","110/08/18","兆豐-景美",0,4,-4
"331","00715L期街口布蘭特正2","110/08/18","兆豐-鹿港",751,0,751
"332","00715L期街口布蘭特正2","110/08/18","元大證券",368,4666,-4298
"333","00715L期街口布蘭特正2","110/08/18","合庫-新竹",597,1,596
"334","00715L期街口布蘭特正2","110/08/18","凱基-台北",310,4173,-3863
"335","00715L期街口布蘭特正2","110/08/18","(牛牛牛)亞-鑫豐",606,24,582
"336","00715L期街口布蘭特正2","110/08/18","統一",5,1703,-1698
"337","00715L期街口布蘭特正2","110/08/18","元富-古亭",499,0,499
"338","00715L期街口布蘭特正2","110/08/18","元大-台中",8,1176,-1168
"339","00715L期街口布蘭特正2","110/08/18","統一-新竹",411,0,411
"340","00715L期街口布蘭特正2","110/08/18","兆豐-來福",0,590,-590
"341","00715L期街口布蘭特正2","110/08/18","永豐金-北高雄",331,0,331
"342","00715L期街口布蘭特正2","110/08/18","元富",5,588,-583
"343","00715L期街口布蘭特正2","110/08/18","中國信託-新竹",327,0,327
"344","00715L期街口布蘭特正2","110/08/18","康和",686,1184,-498
"345","00715L期街口布蘭特正2","110/08/18","新光",396,124,272
"346","00715L期街口布蘭特正2","110/08/18","新光-台中",143,525,-382
"347","00715L期街口布蘭特正2","110/08/18","元大-沙鹿",216,0,216
"348","00715L期街口布蘭特正2","110/08/18","元大-雙和",25,380,-355
"349","00715L期街口布蘭特正2","110/08/18","國泰-敦南",244,30,214
"350","00715L期街口布蘭特正2","110/08/18","玉山-新竹",8,324,-316
"351","00715L期街口布蘭特正2","110/08/18","元大-花蓮",229,20,209
"352","00715L期街口布蘭特正2","110/08/18","玉山-台南",19,285,-266
"353","00715L期街口布蘭特正2","110/08/18","兆豐-台中",226,36,190
"354","00715L期街口布蘭特正2","110/08/18","永豐金證券",4,240,-236
"355","00715L期街口布蘭特正2","110/08/18","元大-復北",200,10,190
"356","00715L期街口布蘭特正2","110/08/18","永豐金-台南",13,230,-217
"357","00715L期街口布蘭特正2","110/08/18","台新-新營",221,32,189
"358","00715L期街口布蘭特正2","110/08/18","中國信託-永康",15,210,-195
"359","00715L期街口布蘭特正2","110/08/18","新光-新竹",204,17,187
"360","00715L期街口布蘭特正2","110/08/18","凱基-大里",2,189,-187
"361","8941關中","110/08/18","元大-華山",1,0,1
"362","8941關中","110/08/18","群益金鼎-開元",0,2,-2
"363","8941關中","110/08/18","元大-南京",1,0,1
"364","8941關中","110/08/18","元大-桃興",0,1,-1
"365","8941關中","110/08/18","元大-西門",1,0,1
"366","8941關中","110/08/18","華南永昌-淡水",0,0,0
"367","8941關中","110/08/18","華南永昌-淡水",0,0,0
"368","8941關中","110/08/18","富邦-台北",0,0,0
"369","8941關中","110/08/18","富邦-台北",0,0,0
"370","8941關中","110/08/18","元大-金華",1,1,0
"371","8941關中","110/08/18","元大-金華",1,1,0
"372","8941關中","110/08/18","永豐金-敦北",0,0,0
"373","8941關中","110/08/18","永豐金-敦北",0,0,0
"374","8941關中","110/08/18","",NA,NA,NA
"375","8941關中","110/08/18","",NA,NA,NA
"376","8941關中","110/08/18","",NA,NA,NA
"377","8941關中","110/08/18","",NA,NA,NA
"378","8941關中","110/08/18","",NA,NA,NA
"379","8941關中","110/08/18","",NA,NA,NA
"380","8941關中","110/08/18","",NA,NA,NA
"381","8941關中","110/08/18","",NA,NA,NA
"382","8941關中","110/08/18","",NA,NA,NA
"383","8941關中","110/08/18","",NA,NA,NA
"384","8941關中","110/08/18","",NA,NA,NA
"385","8941關中","110/08/18","",NA,NA,NA
"386","8941關中","110/08/18","",NA,NA,NA
"387","8941關中","110/08/18","",NA,NA,NA
"388","8941關中","110/08/18","",NA,NA,NA
"389","8941關中","110/08/18","",NA,NA,NA
"390","8941關中","110/08/18","",NA,NA,NA
"391","8936國統","110/08/18","凱基-台北",120,29,91
"392","8936國統","110/08/18","新光-高雄",0,70,-70
"393","8936國統","110/08/18","美林",66,1,65
"394","8936國統","110/08/18","華南永昌-林口",1,70,-69
"395","8936國統","110/08/18","元大-萬華",50,0,50
"396","8936國統","110/08/18","台新-高雄",36,97,-61
"397","8936國統","110/08/18","摩根大通",95,54,41
"398","8936國統","110/08/18","永豐金-忠孝",12,44,-32
"399","8936國統","110/08/18","港商野村",92,58,34
"400","8936國統","110/08/18","台灣摩根士丹利",26,53,-27
"401","8936國統","110/08/18","中國信託-高雄",12,0,12
"402","8936國統","110/08/18","台新-中壢",0,25,-25
"403","8936國統","110/08/18","玉山-台南",12,0,12
"404","8936國統","110/08/18","元大-高雄",5,30,-25
"405","8936國統","110/08/18","國泰-敦南",18,6,12
"406","8936國統","110/08/18","玉山-嘉義",5,25,-20
"407","8936國統","110/08/18","元大-成功",11,0,11
"408","8936國統","110/08/18","新加坡商瑞銀",120,137,-17
"409","8936國統","110/08/18","臺銀-新竹",10,0,10
"410","8936國統","110/08/18","美商高盛",7,23,-16
"411","8936國統","110/08/18","大慶-楊梅",10,0,10
"412","8936國統","110/08/18","國泰-板橋",0,13,-13
"413","8936國統","110/08/18","兆豐-三重",10,0,10
"414","8936國統","110/08/18","群益金鼎-潭子",0,12,-12
"415","8936國統","110/08/18","兆豐-北高雄",10,0,10
"416","8936國統","110/08/18","群益金鼎-鳳山",0,12,-12
"417","8936國統","110/08/18","元大-大里德芳",10,0,10
"418","8936國統","110/08/18","合庫-高雄",0,10,-10
"419","8936國統","110/08/18","永豐金-新莊",10,0,10
"420","8936國統","110/08/18","第一金-新興",0,10,-10
"421","6226光鼎","110/08/18","凱基-台北",625,134,491
"422","6226光鼎","110/08/18","國泰-台中",21,655,-634
"423","6226光鼎","110/08/18","元大-文心興安",224,4,220
"424","6226光鼎","110/08/18","群益金鼎-士林",0,100,-100
"425","6226光鼎","110/08/18","美商高盛",231,46,185
"426","6226光鼎","110/08/18","元大-竹科",24,122,-98
"427","6226光鼎","110/08/18","美林",213,118,95
"428","6226光鼎","110/08/18","新光-桃園",22,96,-74
"429","6226光鼎","110/08/18","新加坡商瑞銀",165,83,82
"430","6226光鼎","110/08/18","永豐金-南投",15,83,-68
"431","6226光鼎","110/08/18","凱基-竹科",67,4,63
"432","6226光鼎","110/08/18","富邦-建國",21,80,-59
"433","6226光鼎","110/08/18","元大證券",92,29,63
"434","6226光鼎","110/08/18","元富-信義",2,58,-56
"435","6226光鼎","110/08/18","元大-敦化",63,11,52
"436","6226光鼎","110/08/18","凱基-新豐",15,69,-54
"437","6226光鼎","110/08/18","兆豐-鹿港",54,4,50
"438","6226光鼎","110/08/18","群益金鼎-台中",2,54,-52
"439","6226光鼎","110/08/18","群益金鼎-萬華",54,9,45
"440","6226光鼎","110/08/18","宏遠-光隆",0,50,-50
"441","6226光鼎","110/08/18","大昌",48,12,36
"442","6226光鼎","110/08/18","元大-福營",5,53,-48
"443","6226光鼎","110/08/18","凱基-站前",35,1,34
"444","6226光鼎","110/08/18","永豐金-竹北",2,43,-41
"445","6226光鼎","110/08/18","日盛-和美",47,16,31
"446","6226光鼎","110/08/18","兆豐-民生",0,40,-40
"447","6226光鼎","110/08/18","群益金鼎-永和",30,0,30
"448","6226光鼎","110/08/18","玉山證券",10,50,-40
"449","6226光鼎","110/08/18","凱基-中港",30,0,30
"450","6226光鼎","110/08/18","凱基-民權",11,51,-40
"451","2363矽統","110/08/18","凱基-南崁",1528,19,1509
"452","2363矽統","110/08/18","台灣摩根士丹利",64,1051,-987
"453","2363矽統","110/08/18","凱基-台北",1850,671,1179
"454","2363矽統","110/08/18","美商高盛",386,711,-325
"455","2363矽統","110/08/18","摩根大通",1073,563,510
"456","2363矽統","110/08/18","台新-三民",47,361,-314
"457","2363矽統","110/08/18","富邦-板橋",403,71,332
"458","2363矽統","110/08/18","新加坡商瑞銀",699,987,-288
"459","2363矽統","110/08/18","玉山-高雄",391,228,163
"460","2363矽統","110/08/18","富邦-台北",82,251,-169
"461","2363矽統","110/08/18","群益金鼎",154,21,133
"462","2363矽統","110/08/18","富邦-新店",28,140,-112
"463","2363矽統","110/08/18","永豐金證券",155,31,124
"464","2363矽統","110/08/18","中國信託-忠孝",89,200,-111
"465","2363矽統","110/08/18","日盛-樹林",159,39,120
"466","2363矽統","110/08/18","玉山-台中",14,122,-108
"467","2363矽統","110/08/18","石橋證券",112,1,111
"468","2363矽統","110/08/18","元大-汐止",112,215,-103
"469","2363矽統","110/08/18","合庫-高雄",123,15,108
"470","2363矽統","110/08/18","永豐金-板盛",2,105,-103
"471","2363矽統","110/08/18","凱基-汐止",103,1,102
"472","2363矽統","110/08/18","群益金鼎-南京",59,160,-101
"473","2363矽統","110/08/18","永興",94,4,90
"474","2363矽統","110/08/18","永豐金-天母",14,112,-98
"475","2363矽統","110/08/18","元大-前金",207,139,68
"476","2363矽統","110/08/18","凱基-竹科",22,110,-88
"477","2363矽統","110/08/18","新光-桃園",84,17,67
"478","2363矽統","110/08/18","華南永昌-台中",35,122,-87
"479","2363矽統","110/08/18","富邦-台南",95,30,65
"480","2363矽統","110/08/18","國泰-敦南",437,521,-84
"481","8112至上","110/08/18","港商野村",371,52,319
"482","8112至上","110/08/18","新加坡商瑞銀",70,220,-150
"483","8112至上","110/08/18","凱基-台北",202,29,173
"484","8112至上","110/08/18","元大證券",3,102,-99
"485","8112至上","110/08/18","美林",135,39,96
"486","8112至上","110/08/18","凱基-新店",0,91,-91
"487","8112至上","110/08/18","凱基-市政",81,0,81
"488","8112至上","110/08/18","台灣摩根士丹利",0,87,-87
"489","8112至上","110/08/18","摩根大通",287,209,78
"490","8112至上","110/08/18","元大-佳里",3,82,-79
"491","8112至上","110/08/18","美商高盛",97,25,72
"492","8112至上","110/08/18","合庫-台中",5,67,-62
"493","8112至上","110/08/18","台新證券",71,13,58
"494","8112至上","110/08/18","宏遠證券",0,59,-59
"495","8112至上","110/08/18","大慶",60,10,50
"496","8112至上","110/08/18","凱基-文心",0,53,-53
"497","8112至上","110/08/18","凱基-站前",52,13,39
"498","8112至上","110/08/18","元大-樹林",8,60,-52
"499","8112至上","110/08/18","元大-大灣",38,0,38
"500","8112至上","110/08/18","元大-永春",2,43,-41
"501","8112至上","110/08/18","永豐金-中盛",31,3,28
"502","8112至上","110/08/18","富邦-新營",2,40,-38
"503","8112至上","110/08/18","國票-北高雄",25,0,25
"504","8112至上","110/08/18","永豐金-員林",1,38,-37
"505","8112至上","110/08/18","富邦-竹東",21,0,21
"506","8112至上","110/08/18","玉山-高雄",23,55,-32
"507","8112至上","110/08/18","彰銀-七賢",20,0,20
"508","8112至上","110/08/18","大昌-桃園",1,30,-29
"509","8112至上","110/08/18","元富-新莊",20,0,20
"510","8112至上","110/08/18","新光-台南",1,30,-29
"511","1570力肯","110/08/18","凱基-台北",129,5,124
"512","1570力肯","110/08/18","華南永昌-桃園",0,102,-102
"513","1570力肯","110/08/18","香港上海匯豐",36,0,36
"514","1570力肯","110/08/18","中國信託-高雄",0,49,-49
"515","1570力肯","110/08/18","統一",30,0,30
"516","1570力肯","110/08/18","元富-世貿",0,20,-20
"517","1570力肯","110/08/18","群益金鼎-北高雄",27,0,27
"518","1570力肯","110/08/18","國泰證券",0,20,-20
"519","1570力肯","110/08/18","國票-北高雄",21,3,18
"520","1570力肯","110/08/18","元大-屏南",0,15,-15
"521","1570力肯","110/08/18","元大-南投",20,4,16
"522","1570力肯","110/08/18","元大-和平",5,20,-15
"523","1570力肯","110/08/18","新光-台南",15,0,15
"524","1570力肯","110/08/18","元大-基隆",0,12,-12
"525","1570力肯","110/08/18","富邦-高雄",15,0,15
"526","1570力肯","110/08/18","玉山-台中",0,10,-10
"527","1570力肯","110/08/18","華南永昌-嘉義",12,0,12
"528","1570力肯","110/08/18","元大-苗栗",0,10,-10
"529","1570力肯","110/08/18","富邦-花蓮",10,0,10
"530","1570力肯","110/08/18","元大-草屯",0,10,-10
"531","1570力肯","110/08/18","元富-新店",10,2,8
"532","1570力肯","110/08/18","富邦-彰化",0,8,-8
"533","1570力肯","110/08/18","富邦-台東",12,4,8
"534","1570力肯","110/08/18","日盛-嘉義",0,7,-7
"535","1570力肯","110/08/18","日盛-高雄",7,0,7
"536","1570力肯","110/08/18","永豐金-桃園",3,10,-7
"537","1570力肯","110/08/18","元大-羅東",7,0,7
"538","1570力肯","110/08/18","大昌-安康",0,6,-6
"539","1570力肯","110/08/18","大慶-蘆洲",9,3,6
"540","1570力肯","110/08/18","國票-和平",0,6,-6
"541","2929淘帝","110/08/18","摩根大通",42,2,40
"542","2929淘帝","110/08/18","日盛-嘉義",0,30,-30
"543","2929淘帝","110/08/18","元富-板橋",23,0,23
"544","2929淘帝","110/08/18","兆豐-復興",0,16,-16
"545","2929淘帝","110/08/18","元大-太平",19,0,19
"546","2929淘帝","110/08/18","兆豐-桃鶯",0,13,-13
"547","2929淘帝","110/08/18","永豐金-中盛",10,0,10
"548","2929淘帝","110/08/18","中國信託",4,14,-10
"549","2929淘帝","110/08/18","新光",18,9,9
"550","2929淘帝","110/08/18","宏遠-高雄",0,6,-6
"551","2929淘帝","110/08/18","永豐金證券",8,0,8
"552","2929淘帝","110/08/18","元大-東泰",0,5,-5
"553","2929淘帝","110/08/18","元富-新竹",5,0,5
"554","2929淘帝","110/08/18","港商野村",5,9,-4
"555","2929淘帝","110/08/18","富邦-新店",5,0,5
"556","2929淘帝","110/08/18","(牛牛牛)亞-鑫豐",0,4,-4
"557","2929淘帝","110/08/18","凱基-豐中",4,0,4
"558","2929淘帝","110/08/18","群益金鼎-潭子",0,4,-4
"559","2929淘帝","110/08/18","永豐金-竹北",4,0,4
"560","2929淘帝","110/08/18","亞東",0,3,-3
"561","2929淘帝","110/08/18","亞東-板橋",4,1,3
"562","2929淘帝","110/08/18","台新-高雄",0,3,-3
"563","2929淘帝","110/08/18","中國信託-中壢",3,0,3
"564","2929淘帝","110/08/18","國泰-板橋",0,3,-3
"565","2929淘帝","110/08/18","凱基-中山",7,4,3
"566","2929淘帝","110/08/18","元大-土城學府",0,3,-3
"567","2929淘帝","110/08/18","富邦-陽明",5,2,3
"568","2929淘帝","110/08/18","元大-楊梅",0,3,-3
"569","2929淘帝","110/08/18","臺銀-鳳山",2,0,2
"570","2929淘帝","110/08/18","日盛-高雄",0,2,-2
"571","5410國眾","110/08/18","元大-中壢",31,0,31
"572","5410國眾","110/08/18","凱基-台北",3,57,-54
"573","5410國眾","110/08/18","康和-台北",10,0,10
"574","5410國眾","110/08/18","台灣企銀-北高雄",0,20,-20
"575","5410國眾","110/08/18","土銀-嘉義",9,0,9
"576","5410國眾","110/08/18","摩根大通",5,22,-17
"577","5410國眾","110/08/18","凱基-中山",8,0,8
"578","5410國眾","110/08/18","臺銀-臺南",1,16,-15
"579","5410國眾","110/08/18","凱基-彰化",7,0,7
"580","5410國眾","110/08/18","大昌-樹林",5,20,-15
"581","5410國眾","110/08/18","永豐金-員林",8,1,7
"582","5410國眾","110/08/18","宏遠-民生",0,10,-10
"583","5410國眾","110/08/18","玉山-城中",6,0,6
"584","5410國眾","110/08/18","兆豐-高雄",0,10,-10
"585","5410國眾","110/08/18","富邦-員林",6,0,6
"586","5410國眾","110/08/18","富邦-仁愛",1,10,-9
"587","5410國眾","110/08/18","元大-崇德",6,0,6
"588","5410國眾","110/08/18","元大-土城學府",2,11,-9
"589","5410國眾","110/08/18","永豐金-敦南",6,0,6
"590","5410國眾","110/08/18","元大-豐原",0,7,-7
"591","5410國眾","110/08/18","國泰-敦南",5,0,5
"592","5410國眾","110/08/18","台新-高雄",0,6,-6
"593","5410國眾","110/08/18","凱基-科園",5,0,5
"594","5410國眾","110/08/18","元大-大里",0,6,-6
"595","5410國眾","110/08/18","元大-博愛",5,0,5
"596","5410國眾","110/08/18","永豐金-復興",0,6,-6
"597","5410國眾","110/08/18","元大-新盛",5,0,5
"598","5410國眾","110/08/18","元大-大天母",0,5,-5
"599","5410國眾","110/08/18","國泰-松江",4,0,4
"600","5410國眾","110/08/18","永豐金-板新",0,5,-5
"601","2841台開","110/08/18","宏遠-館前",479,0,479
"602","2841台開","110/08/18","兆豐-鹿港",0,200,-200
"603","2841台開","110/08/18","第一金",46,0,46
"604","2841台開","110/08/18","兆豐-台南",0,120,-120
"605","2841台開","110/08/18","凱基-竹科",25,0,25
"606","2841台開","110/08/18","摩根大通",0,100,-100
"607","2841台開","110/08/18","合庫證券",24,0,24
"608","2841台開","110/08/18","日盛-信義",0,69,-69
"609","2841台開","110/08/18","第一金-台中",20,0,20
"610","2841台開","110/08/18","玉山-高雄",0,51,-51
"611","2841台開","110/08/18","富邦-板橋",24,5,19
"612","2841台開","110/08/18","台新證券",5,40,-35
"613","2841台開","110/08/18","永豐金-中盛",16,0,16
"614","2841台開","110/08/18","華南永昌-鳳山",0,30,-30
"615","2841台開","110/08/18","統一-新台中",15,0,15
"616","2841台開","110/08/18","中國信託-嘉義",0,24,-24
"617","2841台開","110/08/18","統一-士林",20,5,15
"618","2841台開","110/08/18","元大-竹山",0,21,-21
"619","2841台開","110/08/18","華南永昌-台中",14,0,14
"620","2841台開","110/08/18","凱基-高美館",0,20,-20
"621","2841台開","110/08/18","元大-彰化",20,7,13
"622","2841台開","110/08/18","華南永昌-高雄",5,25,-20
"623","2841台開","110/08/18","元大-六合",13,0,13
"624","2841台開","110/08/18","元大-嘉義",0,20,-20
"625","2841台開","110/08/18","兆豐-台中",10,0,10
"626","2841台開","110/08/18","兆豐-天母",0,10,-10
"627","2841台開","110/08/18","玉山-桃園",10,0,10
"628","2841台開","110/08/18","群益金鼎-敦南",0,10,-10
"629","2841台開","110/08/18","元大-台南",10,0,10
"630","2841台開","110/08/18","元大-北三重",0,10,-10
"631","6207雷科","110/08/18","凱基-台北",77,2,75
"632","6207雷科","110/08/18","元大-高雄",0,106,-106
"633","6207雷科","110/08/18","摩根大通",94,60,34
"634","6207雷科","110/08/18","凱基-高雄",4,34,-30
"635","6207雷科","110/08/18","港商野村",48,17,31
"636","6207雷科","110/08/18","凱基-復興",0,30,-30
"637","6207雷科","110/08/18","兆豐-南京",30,0,30
"638","6207雷科","110/08/18","日盛證券",0,29,-29
"639","6207雷科","110/08/18","元大-六合",30,0,30
"640","6207雷科","110/08/18","凱基-敦北",1,28,-27
"641","6207雷科","110/08/18","新加坡商瑞銀",66,40,26
"642","6207雷科","110/08/18","群益金鼎-東門",0,16,-16
"643","6207雷科","110/08/18","台新-高雄",21,0,21
"644","6207雷科","110/08/18","元大-天母",0,11,-11
"645","6207雷科","110/08/18","光和-和美",17,0,17
"646","6207雷科","110/08/18","美商高盛",4,13,-9
"647","6207雷科","110/08/18","凱基-三重",13,0,13
"648","6207雷科","110/08/18","新光",0,8,-8
"649","6207雷科","110/08/18","元富-安南",10,0,10
"650","6207雷科","110/08/18","永豐金-忠孝",0,8,-8
"651","6207雷科","110/08/18","元大-東門",9,0,9
"652","6207雷科","110/08/18","合庫證券",0,7,-7
"653","6207雷科","110/08/18","第一金-華江",8,2,6
"654","6207雷科","110/08/18","康和-台中",0,6,-6
"655","6207雷科","110/08/18","永豐金-高雄",6,0,6
"656","6207雷科","110/08/18","元大-大天母",0,6,-6
"657","6207雷科","110/08/18","玉山-台大",5,0,5
"658","6207雷科","110/08/18","統一-三多",0,5,-5
"659","6207雷科","110/08/18","凱基-岡山",5,0,5
"660","6207雷科","110/08/18","中國信託-忠孝",0,5,-5
"661","3679新至陞","110/08/18","摩根大通",52,6,46
"662","3679新至陞","110/08/18","統一-三重",0,21,-21
"663","3679新至陞","110/08/18","凱基-台北",46,13,33
"664","3679新至陞","110/08/18","元大-北成功",0,19,-19
"665","3679新至陞","110/08/18","台灣摩根士丹利",31,0,31
"666","3679新至陞","110/08/18","華南永昌-大安",0,18,-18
"667","3679新至陞","110/08/18","瑞士信貸",26,1,25
"668","3679新至陞","110/08/18","台新證券",0,14,-14
"669","3679新至陞","110/08/18","美林",23,5,18
"670","3679新至陞","110/08/18","萬泰",0,12,-12
"671","3679新至陞","110/08/18","元大-文心興安",15,0,15
"672","3679新至陞","110/08/18","大慶-苗栗",0,10,-10
"673","3679新至陞","110/08/18","(牛牛牛)亞-網路",8,0,8
"674","3679新至陞","110/08/18","元大-成功",0,10,-10
"675","3679新至陞","110/08/18","永豐金-板橋",5,0,5
"676","3679新至陞","110/08/18","富邦-嘉義",0,8,-8
"677","3679新至陞","110/08/18","美商高盛",3,0,3
"678","3679新至陞","110/08/18","凱基-長庚",0,7,-7
"679","3679新至陞","110/08/18","兆豐-公益",3,0,3
"680","3679新至陞","110/08/18","凱基-文心",0,6,-6
"681","3679新至陞","110/08/18","聯邦-三重",3,0,3
"682","3679新至陞","110/08/18","統一",0,5,-5
"683","3679新至陞","110/08/18","土銀-台中",2,0,2
"684","3679新至陞","110/08/18","元大-敦化",0,4,-4
"685","3679新至陞","110/08/18","土銀-新竹",2,0,2
"686","3679新至陞","110/08/18","日盛-文化",1,4,-3
"687","3679新至陞","110/08/18","國泰-高雄",2,0,2
"688","3679新至陞","110/08/18","彰銀",0,3,-3
"689","3679新至陞","110/08/18","土銀-士林",1,0,1
"690","3679新至陞","110/08/18","元富-大昌",0,3,-3
"691","2727王品","110/08/18","凱基-台北",94,29,65
"692","2727王品","110/08/18","港商麥格理",0,65,-65
"693","2727王品","110/08/18","摩根大通",42,13,29
"694","2727王品","110/08/18","華南永昌",1,39,-38
"695","2727王品","110/08/18","彰銀-台中",27,0,27
"696","2727王品","110/08/18","元富-板橋",1,16,-15
"697","2727王品","110/08/18","瑞士信貸",18,3,15
"698","2727王品","110/08/18","港商野村",66,79,-13
"699","2727王品","110/08/18","凱基-埔墘",10,0,10
"700","2727王品","110/08/18","第一金-桃園",0,11,-11
"701","2727王品","110/08/18","富邦-建國",13,3,10
"702","2727王品","110/08/18","元大-汐止",0,11,-11
"703","2727王品","110/08/18","元大-學甲",10,0,10
"704","2727王品","110/08/18","凱基-三峽",0,10,-10
"705","2727王品","110/08/18","國泰-台中",28,19,9
"706","2727王品","110/08/18","凱基-板橋",3,12,-9
"707","2727王品","110/08/18","凱基-高美館",7,0,7
"708","2727王品","110/08/18","凱基-林口",5,14,-9
"709","2727王品","110/08/18","凱基-竹北",9,2,7
"710","2727王品","110/08/18","富邦-中壢",2,11,-9
"711","2727王品","110/08/18","元大-四維",7,0,7
"712","2727王品","110/08/18","福勝",0,8,-8
"713","2727王品","110/08/18","元大-敦南",8,1,7
"714","2727王品","110/08/18","國泰-敦南",4,12,-8
"715","2727王品","110/08/18","統一",19,13,6
"716","2727王品","110/08/18","台新-三民",1,8,-7
"717","2727王品","110/08/18","日盛-屏東",5,0,5
"718","2727王品","110/08/18","華南永昌-林口",0,7,-7
"719","2727王品","110/08/18","國泰-館前",6,1,5
"720","2727王品","110/08/18","永豐金-內湖",0,7,-7
"721","1570力肯","110/08/18","凱基-台北",129,5,124
"722","1570力肯","110/08/18","華南永昌-桃園",0,102,-102
"723","1570力肯","110/08/18","香港上海匯豐",36,0,36
"724","1570力肯","110/08/18","中國信託-高雄",0,49,-49
"725","1570力肯","110/08/18","統一",30,0,30
"726","1570力肯","110/08/18","元富-世貿",0,20,-20
"727","1570力肯","110/08/18","群益金鼎-北高雄",27,0,27
"728","1570力肯","110/08/18","國泰證券",0,20,-20
"729","1570力肯","110/08/18","國票-北高雄",21,3,18
"730","1570力肯","110/08/18","元大-屏南",0,15,-15
"731","1570力肯","110/08/18","元大-南投",20,4,16
"732","1570力肯","110/08/18","元大-和平",5,20,-15
"733","1570力肯","110/08/18","新光-台南",15,0,15
"734","1570力肯","110/08/18","元大-基隆",0,12,-12
"735","1570力肯","110/08/18","富邦-高雄",15,0,15
"736","1570力肯","110/08/18","玉山-台中",0,10,-10
"737","1570力肯","110/08/18","華南永昌-嘉義",12,0,12
"738","1570力肯","110/08/18","元大-苗栗",0,10,-10
"739","1570力肯","110/08/18","富邦-花蓮",10,0,10
"740","1570力肯","110/08/18","元大-草屯",0,10,-10
"741","1570力肯","110/08/18","元富-新店",10,2,8
"742","1570力肯","110/08/18","富邦-彰化",0,8,-8
"743","1570力肯","110/08/18","富邦-台東",12,4,8
"744","1570力肯","110/08/18","日盛-嘉義",0,7,-7
"745","1570力肯","110/08/18","日盛-高雄",7,0,7
"746","1570力肯","110/08/18","永豐金-桃園",3,10,-7
"747","1570力肯","110/08/18","元大-羅東",7,0,7
"748","1570力肯","110/08/18","大昌-安康",0,6,-6
"749","1570力肯","110/08/18","大慶-蘆洲",9,3,6
"750","1570力肯","110/08/18","國票-和平",0,6,-6
"751","6180橘子","110/08/18","美林",40,0,40
"752","6180橘子","110/08/18","香港上海匯豐",0,102,-102
"753","6180橘子","110/08/18","新加坡商瑞銀",23,1,22
"754","6180橘子","110/08/18","台灣摩根士丹利",2,73,-71
"755","6180橘子","110/08/18","凱基-基隆",18,2,16
"756","6180橘子","110/08/18","美商高盛",1,31,-30
"757","6180橘子","110/08/18","華南永昌-虎尾",15,0,15
"758","6180橘子","110/08/18","凱基-市政",1,25,-24
"759","6180橘子","110/08/18","元富-城東",14,1,13
"760","6180橘子","110/08/18","日盛-板橋",1,20,-19
"761","6180橘子","110/08/18","富邦-台北",16,3,13
"762","6180橘子","110/08/18","新光-高雄",1,14,-13
"763","6180橘子","110/08/18","富邦-中壢",11,2,9
"764","6180橘子","110/08/18","凱基-東門",2,15,-13
"765","6180橘子","110/08/18","富邦-宜蘭",9,0,9
"766","6180橘子","110/08/18","元大-基隆孝二",0,12,-12
"767","6180橘子","110/08/18","元大-前金",10,1,9
"768","6180橘子","110/08/18","兆豐-三重",0,11,-11
"769","6180橘子","110/08/18","中國信託",8,0,8
"770","6180橘子","110/08/18","日盛證券",0,10,-10
"771","6180橘子","110/08/18","元大-中壢",12,4,8
"772","6180橘子","110/08/18","摩根大通",80,89,-9
"773","6180橘子","110/08/18","凱基-大直",7,0,7
"774","6180橘子","110/08/18","新光",9,18,-9
"775","6180橘子","110/08/18","元大證券",9,2,7
"776","6180橘子","110/08/18","富邦-南屯",0,9,-9
"777","6180橘子","110/08/18","大慶-楊梅",6,0,6
"778","6180橘子","110/08/18","元大-板橋三民",0,9,-9
"779","6180橘子","110/08/18","華南永昌",7,1,6
"780","6180橘子","110/08/18","元大-桃園",2,11,-9
"781","2390云辰","110/08/18","兆豐-公益",192,31,161
"782","2390云辰","110/08/18","摩根大通",1314,1582,-268
"783","2390云辰","110/08/18","元大-土城學府",406,260,146
"784","2390云辰","110/08/18","凱基-台北",727,962,-235
"785","2390云辰","110/08/18","群益金鼎-敦南",106,4,102
"786","2390云辰","110/08/18","國泰-桃園",53,264,-211
"787","2390云辰","110/08/18","元大-竹科",136,36,100
"788","2390云辰","110/08/18","富邦-內湖",0,201,-201
"789","2390云辰","110/08/18","元大-館前",151,52,99
"790","2390云辰","110/08/18","元大-復北",5,193,-188
"791","2390云辰","110/08/18","日盛-園區",128,46,82
"792","2390云辰","110/08/18","凱基-民權",2,160,-158
"793","2390云辰","110/08/18","元大-東泰",84,9,75
"794","2390云辰","110/08/18","國票-安和",98,231,-133
"795","2390云辰","110/08/18","福勝",68,8,60
"796","2390云辰","110/08/18","新加坡商瑞銀",102,225,-123
"797","2390云辰","110/08/18","宏遠-光隆",73,14,59
"798","2390云辰","110/08/18","港商野村",1128,1238,-110
"799","2390云辰","110/08/18","元富",66,10,56
"800","2390云辰","110/08/18","台灣摩根士丹利",3,100,-97
"801","2390云辰","110/08/18","華南永昌-合泰",54,1,53
"802","2390云辰","110/08/18","永豐金-嘉義",4,97,-93
"803","2390云辰","110/08/18","凱基-中港",60,9,51
"804","2390云辰","110/08/18","統一-城中",57,147,-90
"805","2390云辰","110/08/18","第一金-忠孝",54,5,49
"806","2390云辰","110/08/18","富邦-彰化",47,128,-81
"807","2390云辰","110/08/18","統一-新台中",140,91,49
"808","2390云辰","110/08/18","美林",341,412,-71
"809","2390云辰","110/08/18","群益金鼎-台中",53,6,47
"810","2390云辰","110/08/18","新光",312,382,-70
"811","2609陽明","110/08/17","兆豐-中壢",5227,708,4519
"812","2609陽明","110/08/17","康和",48,4865,-4817
"813","2609陽明","110/08/17","凱基-台北",5969,1780,4189
"814","2609陽明","110/08/17","永豐金-信義",84,2643,-2559
"815","2609陽明","110/08/17","兆豐-三民",2114,136,1978
"816","2609陽明","110/08/17","凱基-虎尾",487,2286,-1799
"817","2609陽明","110/08/17","兆豐-復興",3638,1682,1956
"818","2609陽明","110/08/17","港商野村",1127,2155,-1028
"819","2609陽明","110/08/17","台灣摩根士丹利",2505,858,1647
"820","2609陽明","110/08/17","兆豐-虎尾",1846,2756,-910
"821","2609陽明","110/08/17","日盛-板橋",1734,262,1472
"822","2609陽明","110/08/17","富邦-嘉義",7219,8100,-881
"823","2609陽明","110/08/17","美林",3468,2882,586
"824","2609陽明","110/08/17","元大-頭份",78,810,-732
"825","2609陽明","110/08/17","香港上海匯豐",593,100,493
"826","2609陽明","110/08/17","摩根大通",1422,2133,-711
"827","2609陽明","110/08/17","統一-土城",366,14,352
"828","2609陽明","110/08/17","元大-永春",281,971,-690
"829","2609陽明","110/08/17","統一-敦南",899,577,322
"830","2609陽明","110/08/17","宏遠證券",948,1614,-666
"831","2609陽明","110/08/17","富邦-桃園",413,123,290
"832","2609陽明","110/08/17","凱基-竹東",20,668,-648
"833","2609陽明","110/08/17","日盛-中壢",537,256,281
"834","2609陽明","110/08/17","元大證券",1377,2001,-624
"835","2609陽明","110/08/17","兆豐-板橋",545,318,227
"836","2609陽明","110/08/17","元富-新店",74,549,-475
"837","2609陽明","110/08/17","凱基-桃園",367,142,225
"838","2609陽明","110/08/17","華南永昌-楠梓",73,486,-413
"839","2609陽明","110/08/17","統一-城中",390,169,221
"840","2609陽明","110/08/17","臺銀",286,681,-395
"841","2636台驊投控","110/08/17","元富-文心",272,9,263
"842","2636台驊投控","110/08/17","凱基-彰化",0,689,-689
"843","2636台驊投控","110/08/17","日盛-大墩",185,19,166
"844","2636台驊投控","110/08/17","摩根大通",347,761,-414
"845","2636台驊投控","110/08/17","第一金-桃園",147,26,121
"846","2636台驊投控","110/08/17","富邦-花蓮",106,366,-260
"847","2636台驊投控","110/08/17","元富-大昌",84,15,69
"848","2636台驊投控","110/08/17","凱基-台北",395,566,-171
"849","2636台驊投控","110/08/17","新光",258,192,66
"850","2636台驊投控","110/08/17","大慶",15,175,-160
"851","2636台驊投控","110/08/17","統一-新台中",64,4,60
"852","2636台驊投控","110/08/17","統一",111,247,-136
"853","2636台驊投控","110/08/17","華南永昌-竹北",308,252,56
"854","2636台驊投控","110/08/17","富邦證券",0,134,-134
"855","2636台驊投控","110/08/17","日盛-木柵",60,8,52
"856","2636台驊投控","110/08/17","富邦-虎尾",294,414,-120
"857","2636台驊投控","110/08/17","國泰-敦南",335,283,52
"858","2636台驊投控","110/08/17","元大-士林",4,114,-110
"859","2636台驊投控","110/08/17","美商高盛",96,54,42
"860","2636台驊投控","110/08/17","美林",320,401,-81
"861","2636台驊投控","110/08/17","凱基-市政",60,22,38
"862","2636台驊投控","110/08/17","瑞士信貸",62,134,-72
"863","2636台驊投控","110/08/17","元大-龍潭",50,13,37
"864","2636台驊投控","110/08/17","兆豐-東門",70,140,-70
"865","2636台驊投控","110/08/17","國票-九鼎",50,16,34
"866","2636台驊投控","110/08/17","凱基-高美館",89,158,-69
"867","2636台驊投控","110/08/17","元大-東門",37,3,34
"868","2636台驊投控","110/08/17","日盛證券",103,170,-67
"869","2636台驊投控","110/08/17","富邦-三重",33,1,32
"870","2636台驊投控","110/08/17","宏遠-桃園",4,44,-40
"871","2867三商壽","110/08/17","摩根大通",670,119,551
"872","2867三商壽","110/08/17","玉山-左營",10,1173,-1163
"873","2867三商壽","110/08/17","元富-世貿",288,0,288
"874","2867三商壽","110/08/17","華南永昌",50,736,-686
"875","2867三商壽","110/08/17","日盛-中和",276,10,266
"876","2867三商壽","110/08/17","台灣摩根士丹利",37,195,-158
"877","2867三商壽","110/08/17","新光-台中",243,7,236
"878","2867三商壽","110/08/17","兆豐-北高雄",0,135,-135
"879","2867三商壽","110/08/17","台新-台中",198,1,197
"880","2867三商壽","110/08/17","宏遠證券",9,141,-132
"881","2867三商壽","110/08/17","華南永昌-長虹",136,0,136
"882","2867三商壽","110/08/17","永豐金-市政",0,115,-115
"883","2867三商壽","110/08/17","美林",137,2,135
"884","2867三商壽","110/08/17","兆豐-新竹",0,113,-113
"885","2867三商壽","110/08/17","元大-土城永寧",100,1,99
"886","2867三商壽","110/08/17","永豐金證券",0,82,-82
"887","2867三商壽","110/08/17","國泰-台中",99,2,97
"888","2867三商壽","110/08/17","元大-彰化民生",0,80,-80
"889","2867三商壽","110/08/17","元富-古亭",100,4,96
"890","2867三商壽","110/08/17","永豐金-中盛",4,77,-73
"891","2867三商壽","110/08/17","合庫-西台中",80,0,80
"892","2867三商壽","110/08/17","元富",0,70,-70
"893","2867三商壽","110/08/17","新加坡商瑞銀",83,4,79
"894","2867三商壽","110/08/17","宏遠-中和",10,57,-47
"895","2867三商壽","110/08/17","永豐金-埔里",64,5,59
"896","2867三商壽","110/08/17","富邦-嘉義",4,50,-46
"897","2867三商壽","110/08/17","元富-緯城",50,0,50
"898","2867三商壽","110/08/17","第一金-華江",0,30,-30
"899","2867三商壽","110/08/17","台新-建北",49,0,49
"900","2867三商壽","110/08/17","台新證券",2,32,-30
"901","5521工信","110/08/17","元大-沙鹿",60,0,60
"902","5521工信","110/08/17","摩根大通",75,227,-152
"903","5521工信","110/08/17","群益金鼎-萬華",46,0,46
"904","5521工信","110/08/17","凱基-台北",5,68,-63
"905","5521工信","110/08/17","台新證券",37,1,36
"906","5521工信","110/08/17","群益金鼎-敦南",0,60,-60
"907","5521工信","110/08/17","華南永昌-竹北",31,0,31
"908","5521工信","110/08/17","台灣摩根士丹利",5,64,-59
"909","5521工信","110/08/17","元大-北投",30,0,30
"910","5521工信","110/08/17","元富-古亭",0,40,-40
"911","5521工信","110/08/17","元富-屏東",24,0,24
"912","5521工信","110/08/17","台灣企銀-嘉義",0,35,-35
"913","5521工信","110/08/17","富邦-台北",23,0,23
"914","5521工信","110/08/17","美林",5,37,-32
"915","5521工信","110/08/17","元大-屏南",23,0,23
"916","5521工信","110/08/17","華南永昌",0,27,-27
"917","5521工信","110/08/17","國泰-敦南",40,18,22
"918","5521工信","110/08/17","華南永昌-潮州",0,25,-25
"919","5521工信","110/08/17","兆豐-中壢",20,0,20
"920","5521工信","110/08/17","台新-高雄",0,24,-24
"921","5521工信","110/08/17","新光-台南",20,0,20
"922","5521工信","110/08/17","大慶-楊梅",0,22,-22
"923","5521工信","110/08/17","臺銀-鳳山",19,0,19
"924","5521工信","110/08/17","凱基-桃園",0,20,-20
"925","5521工信","110/08/17","日進",18,0,18
"926","5521工信","110/08/17","元大-東蘆",0,20,-20
"927","5521工信","110/08/17","永豐金-鳳山",17,0,17
"928","5521工信","110/08/17","第一金-桃園",0,18,-18
"929","5521工信","110/08/17","玉山證券",14,0,14
"930","5521工信","110/08/17","新光-新竹",3,20,-17
"931","1471首利","110/08/17","摩根大通",110,14,96
"932","1471首利","110/08/17","元大-台南",0,54,-54
"933","1471首利","110/08/17","臺銀-臺中",40,0,40
"934","1471首利","110/08/17","高橋-龍潭",0,50,-50
"935","1471首利","110/08/17","瑞士信貸",33,0,33
"936","1471首利","110/08/17","元大-竹南",0,35,-35
"937","1471首利","110/08/17","凱基-台北",30,6,24
"938","1471首利","110/08/17","台新證券",1,31,-30
"939","1471首利","110/08/17","元大-竹山",23,0,23
"940","1471首利","110/08/17","國泰-敦南",7,33,-26
"941","1471首利","110/08/17","大慶-蘆洲",14,0,14
"942","1471首利","110/08/17","元大-西門",0,23,-23
"943","1471首利","110/08/17","兆豐-員林",13,1,12
"944","1471首利","110/08/17","元富-埔里",0,20,-20
"945","1471首利","110/08/17","致和-府前",11,0,11
"946","1471首利","110/08/17","富邦-台中",0,20,-20
"947","1471首利","110/08/17","國票-彰化",11,0,11
"948","1471首利","110/08/17","日茂",0,11,-11
"949","1471首利","110/08/17","元富-新莊",10,0,10
"950","1471首利","110/08/17","高橋",0,10,-10
"951","1471首利","110/08/17","國票",10,0,10
"952","1471首利","110/08/17","大昌-新店",0,10,-10
"953","1471首利","110/08/17","富邦-永和",10,0,10
"954","1471首利","110/08/17","元富-文心",1,10,-9
"955","1471首利","110/08/17","元大-新莊",10,0,10
"956","1471首利","110/08/17","凱基-雙和",0,8,-8
"957","1471首利","110/08/17","元大-鹿港",10,0,10
"958","1471首利","110/08/17","凱基-屏東",0,8,-8
"959","1471首利","110/08/17","元大-清水",11,2,9
"960","1471首利","110/08/17","日盛-永康",0,7,-7
"961","2883開發金","110/08/17","中國信託-文心",3524,26,3498
"962","2883開發金","110/08/17","新加坡商瑞銀",513,7792,-7279
"963","2883開發金","110/08/17","元大證券",1912,297,1615
"964","2883開發金","110/08/17","亞東-新竹",206,2692,-2486
"965","2883開發金","110/08/17","摩根大通",4110,2504,1606
"966","2883開發金","110/08/17","凱基-台北",2263,4277,-2014
"967","2883開發金","110/08/17","美林",2099,733,1366
"968","2883開發金","110/08/17","永豐金證券",103,1899,-1796
"969","2883開發金","110/08/17","日盛證券",2406,1218,1188
"970","2883開發金","110/08/17","華南永昌-苑裡",13,1229,-1216
"971","2883開發金","110/08/17","國泰-館前",942,128,814
"972","2883開發金","110/08/17","統一-新營",39,1202,-1163
"973","2883開發金","110/08/17","元富-城中",808,6,802
"974","2883開發金","110/08/17","兆豐-高雄",68,1153,-1085
"975","2883開發金","110/08/17","港商法國興業",764,0,764
"976","2883開發金","110/08/17","凱基-斗六",3,812,-809
"977","2883開發金","110/08/17","元大-南屯",759,75,684
"978","2883開發金","110/08/17","元大-四維",736,1467,-731
"979","2883開發金","110/08/17","康和-仁愛",514,10,504
"980","2883開發金","110/08/17","台新證券",682,1391,-709
"981","2883開發金","110/08/17","新光",1403,910,493
"982","2883開發金","110/08/17","凱基-豐中",7,617,-610
"983","2883開發金","110/08/17","統一-汐止",489,5,484
"984","2883開發金","110/08/17","土銀-嘉義",10,580,-570
"985","2883開發金","110/08/17","永豐金-忠孝",650,206,444
"986","2883開發金","110/08/17","港商麥格理",1131,1682,-551
"987","2883開發金","110/08/17","港商野村",2803,2361,442
"988","2883開發金","110/08/17","富邦-陽明",158,680,-522
"989","2883開發金","110/08/17","元富-大裕",454,22,432
"990","2883開發金","110/08/17","台灣摩根士丹利",2238,2750,-512
"991","6205詮欣","110/08/17","日盛-三重",15,0,15
"992","6205詮欣","110/08/17","元富-松德",0,10,-10
"993","6205詮欣","110/08/17","臺銀-民權",5,0,5
"994","6205詮欣","110/08/17","元富-安南",0,8,-8
"995","6205詮欣","110/08/17","華南永昌-長虹",5,0,5
"996","6205詮欣","110/08/17","元大-大雅",0,3,-3
"997","6205詮欣","110/08/17","德信-新營",4,0,4
"998","6205詮欣","110/08/17","兆豐-南門",0,3,-3
"999","6205詮欣","110/08/17","凱基-汐止",4,0,4
"1000","6205詮欣","110/08/17","兆豐-南京",0,3,-3
"1001","6205詮欣","110/08/17","富邦-陽明",4,0,4
"1002","6205詮欣","110/08/17","元大-豐原",0,2,-2
"1003","6205詮欣","110/08/17","元大-汐止",4,0,4
"1004","6205詮欣","110/08/17","大昌",0,1,-1
"1005","6205詮欣","110/08/17","華南永昌-古亭",3,0,3
"1006","6205詮欣","110/08/17","永豐金-中正",0,1,-1
"1007","6205詮欣","110/08/17","凱基-台北",1,0,1
"1008","6205詮欣","110/08/17","大昌-安康",0,1,-1
"1009","6205詮欣","110/08/17","元大-鑫永和",1,0,1
"1010","6205詮欣","110/08/17","日盛-台中",0,1,-1
"1011","6205詮欣","110/08/17","統一-士林",0,0,0
"1012","6205詮欣","110/08/17","新百王",0,1,-1
"1013","6205詮欣","110/08/17","統一-南京",0,0,0
"1014","6205詮欣","110/08/17","元富-文心",0,1,-1
"1015","6205詮欣","110/08/17","國泰證券",0,0,0
"1016","6205詮欣","110/08/17","統一",0,1,-1
"1017","6205詮欣","110/08/17","華南永昌-高雄",0,0,0
"1018","6205詮欣","110/08/17","第一金-中壢",0,1,-1
"1019","6205詮欣","110/08/17","永豐金-中和",1,1,0
"1020","6205詮欣","110/08/17","大慶-基隆",0,1,-1
"1021","1540喬福","110/08/17","元大-松山",20,0,20
"1022","1540喬福","110/08/17","群益金鼎-館前",0,31,-31
"1023","1540喬福","110/08/17","凱基-中壢",17,0,17
"1024","1540喬福","110/08/17","日盛-文化",0,30,-30
"1025","1540喬福","110/08/17","元大-左營",11,0,11
"1026","1540喬福","110/08/17","兆豐-民生",0,17,-17
"1027","1540喬福","110/08/17","元富-文心",10,0,10
"1028","1540喬福","110/08/17","凱基-台北",0,5,-5
"1029","1540喬福","110/08/17","元大-土城永寧",10,0,10
"1030","1540喬福","110/08/17","國票-台中",0,3,-3
"1031","1540喬福","110/08/17","元大-成功",10,0,10
"1032","1540喬福","110/08/17","元大-大益",0,3,-3
"1033","1540喬福","110/08/17","富邦-板橋",6,0,6
"1034","1540喬福","110/08/17","致和-南京",0,2,-2
"1035","1540喬福","110/08/17","新光",4,0,4
"1036","1540喬福","110/08/17","國泰-館前",0,2,-2
"1037","1540喬福","110/08/17","亞東",2,0,2
"1038","1540喬福","110/08/17","富邦-陽明",0,2,-2
"1039","1540喬福","110/08/17","群益金鼎-新店",2,0,2
"1040","1540喬福","110/08/17","元大-龍潭",0,2,-2
"1041","1540喬福","110/08/17","日盛-員林",1,0,1
"1042","1540喬福","110/08/17","日盛-台中",0,1,-1
"1043","1540喬福","110/08/17","日盛-鳳山",1,0,1
"1044","1540喬福","110/08/17","美林",0,1,-1
"1045","1540喬福","110/08/17","統一-屏東",1,0,1
"1046","1540喬福","110/08/17","第一金-高雄",0,1,-1
"1047","1540喬福","110/08/17","元富-大昌",1,0,1
"1048","1540喬福","110/08/17","元富",1,2,-1
"1049","1540喬福","110/08/17","台新-高雄",1,0,1
"1050","1540喬福","110/08/17","新光-新竹",0,1,-1
"1051","2888新光金","110/08/17","華南永昌-岡山",6623,36,6587
"1052","2888新光金","110/08/17","元富-城東",11,13997,-13986
"1053","2888新光金","110/08/17","元大-忠孝鼎富",4976,0,4976
"1054","2888新光金","110/08/17","永豐金證券",19,2260,-2241
"1055","2888新光金","110/08/17","永豐金-萬盛",3955,15,3940
"1056","2888新光金","110/08/17","國票-博愛",0,2051,-2051
"1057","2888新光金","110/08/17","摩根大通",3699,247,3452
"1058","2888新光金","110/08/17","群益金鼎",0,1836,-1836
"1059","2888新光金","110/08/17","瑞士信貸",3064,605,2459
"1060","2888新光金","110/08/17","華南永昌",10,1624,-1614
"1061","2888新光金","110/08/17","凱基-大安",2179,2,2177
"1062","2888新光金","110/08/17","元大-大同",0,714,-714
"1063","2888新光金","110/08/17","國票-台東",1935,23,1912
"1064","2888新光金","110/08/17","安泰",0,598,-598
"1065","2888新光金","110/08/17","永豐金-信義",1497,5,1492
"1066","2888新光金","110/08/17","大昌",3,555,-552
"1067","2888新光金","110/08/17","國票-北投",1304,0,1304
"1068","2888新光金","110/08/17","福勝",3,510,-507
"1069","2888新光金","110/08/17","兆豐-松德",1251,0,1251
"1070","2888新光金","110/08/17","元大-太平",20,525,-505
"1071","2888新光金","110/08/17","花旗環球",1101,147,954
"1072","2888新光金","110/08/17","中國信託-三重",0,503,-503
"1073","2888新光金","110/08/17","港商法國興業",1031,180,851
"1074","2888新光金","110/08/17","台灣摩根士丹利",1136,1627,-491
"1075","2888新光金","110/08/17","凱基-站前",788,13,775
"1076","2888新光金","110/08/17","美林",141,604,-463
"1077","2888新光金","110/08/17","台灣匯立證券",763,0,763
"1078","2888新光金","110/08/17","群益金鼎-土城",0,415,-415
"1079","2888新光金","110/08/17","群益金鼎-崇德",735,3,732
"1080","2888新光金","110/08/17","凱基-台北",632,1033,-401
"1081","1340勝悅","110/08/17","國泰-台中",12,0,12
"1082","1340勝悅","110/08/17","永豐金-潮州",0,20,-20
"1083","1340勝悅","110/08/17","新光-新竹",10,0,10
"1084","1340勝悅","110/08/17","臺灣企銀-桃園",0,10,-10
"1085","1340勝悅","110/08/17","元富-成功",8,0,8
"1086","1340勝悅","110/08/17","瑞士信貸",0,6,-6
"1087","1340勝悅","110/08/17","臺灣企銀-埔墘",5,0,5
"1088","1340勝悅","110/08/17","玉山-桃園",0,5,-5
"1089","1340勝悅","110/08/17","華南永昌-敦南",5,0,5
"1090","1340勝悅","110/08/17","華南永昌-虎尾",0,5,-5
"1091","1340勝悅","110/08/17","富邦-新店",11,6,5
"1092","1340勝悅","110/08/17","永豐金-博愛",0,5,-5
"1093","1340勝悅","110/08/17","美商高盛",4,0,4
"1094","1340勝悅","110/08/17","日盛-永康",0,4,-4
"1095","1340勝悅","110/08/17","新光-桃園",3,0,3
"1096","1340勝悅","110/08/17","元富-世貿",0,4,-4
"1097","1340勝悅","110/08/17","日盛-八德",2,0,2
"1098","1340勝悅","110/08/17","摩根大通",2,6,-4
"1099","1340勝悅","110/08/17","凱基-基隆",2,0,2
"1100","1340勝悅","110/08/17","玉山-新莊",0,3,-3
"1101","1340勝悅","110/08/17","元大-松江",2,0,2
"1102","1340勝悅","110/08/17","國泰-敦南",5,8,-3
"1103","1340勝悅","110/08/17","元大-崇德",2,0,2
"1104","1340勝悅","110/08/17","富邦-桃園",0,3,-3
"1105","1340勝悅","110/08/17","國泰-館前",1,0,1
"1106","1340勝悅","110/08/17","元大-和平",0,3,-3
"1107","1340勝悅","110/08/17","群益金鼎-民權",1,0,1
"1108","1340勝悅","110/08/17","永豐金-南投",0,3,-3
"1109","1340勝悅","110/08/17","華南永昌-大安",1,0,1
"1110","1340勝悅","110/08/17","富邦-羅東",2,4,-2
"1111","6246臺龍","110/08/17","台新-三民",90,0,90
"1112","6246臺龍","110/08/17","日盛證券",0,52,-52
"1113","6246臺龍","110/08/17","港商野村",63,28,35
"1114","6246臺龍","110/08/17","凱基-幸福",0,10,-10
"1115","6246臺龍","110/08/17","台新證券",20,0,20
"1116","6246臺龍","110/08/17","元富-新店",0,9,-9
"1117","6246臺龍","110/08/17","凱基-信義",7,0,7
"1118","6246臺龍","110/08/17","凱基-科園",0,8,-8
"1119","6246臺龍","110/08/17","凱基-站前",5,0,5
"1120","6246臺龍","110/08/17","元富-世貿",0,7,-7
"1121","6246臺龍","110/08/17","合庫-嘉義",5,1,4
"1122","6246臺龍","110/08/17","兆豐-公益",0,7,-7
"1123","6246臺龍","110/08/17","元大-林園",10,6,4
"1124","6246臺龍","110/08/17","元大-東蘆",0,7,-7
"1125","6246臺龍","110/08/17","元大-永康",4,0,4
"1126","6246臺龍","110/08/17","群益金鼎-嘉義",0,6,-6
"1127","6246臺龍","110/08/17","元大-基隆孝二",4,0,4
"1128","6246臺龍","110/08/17","華南永昌-頭份",0,6,-6
"1129","6246臺龍","110/08/17","日盛-斗六",3,0,3
"1130","6246臺龍","110/08/17","元大-北港",0,5,-5
"1131","6246臺龍","110/08/17","永全",3,0,3
"1132","6246臺龍","110/08/17","日盛-和美",0,4,-4
"1133","6246臺龍","110/08/17","兆豐-景美",3,0,3
"1134","6246臺龍","110/08/17","國泰-敦南",1,5,-4
"1135","6246臺龍","110/08/17","台新-台中",3,0,3
"1136","6246臺龍","110/08/17","群益金鼎-新竹",0,4,-4
"1137","6246臺龍","110/08/17","元大-雙和",3,0,3
"1138","6246臺龍","110/08/17","凱基-台北",0,4,-4
"1139","6246臺龍","110/08/17","土銀",2,0,2
"1140","6246臺龍","110/08/17","元大-府城",0,4,-4
"1141","00715L期街口布蘭特正2","110/08/17","華南永昌-長虹",860,0,860
"1142","00715L期街口布蘭特正2","110/08/17","元大證券",78,4339,-4261
"1143","00715L期街口布蘭特正2","110/08/17","永豐金-台中",823,20,803
"1144","00715L期街口布蘭特正2","110/08/17","元富",2,3940,-3938
"1145","00715L期街口布蘭特正2","110/08/17","日盛-和美",595,0,595
"1146","00715L期街口布蘭特正2","110/08/17","永豐金證券",41,1048,-1007
"1147","00715L期街口布蘭特正2","110/08/17","第一金-豐原",420,0,420
"1148","00715L期街口布蘭特正2","110/08/17","統一-桃園",5,850,-845
"1149","00715L期街口布蘭特正2","110/08/17","元大-前金",419,0,419
"1150","00715L期街口布蘭特正2","110/08/17","富邦證券",258,1081,-823
"1151","00715L期街口布蘭特正2","110/08/17","華南永昌-台中",419,5,414
"1152","00715L期街口布蘭特正2","110/08/17","元大-台中",9,534,-525
"1153","00715L期街口布蘭特正2","110/08/17","元大-北三重",403,0,403
"1154","00715L期街口布蘭特正2","110/08/17","合庫-高雄",10,310,-300
"1155","00715L期街口布蘭特正2","110/08/17","日盛-新莊",375,0,375
"1156","00715L期街口布蘭特正2","110/08/17","港商野村",1,240,-239
"1157","00715L期街口布蘭特正2","110/08/17","富邦-基隆",310,0,310
"1158","00715L期街口布蘭特正2","110/08/17","群益金鼎-民權",2,208,-206
"1159","00715L期街口布蘭特正2","110/08/17","臺銀-新竹",311,10,301
"1160","00715L期街口布蘭特正2","110/08/17","元大-大里德芳",1,200,-199
"1161","00715L期街口布蘭特正2","110/08/17","元富-中港",300,0,300
"1162","00715L期街口布蘭特正2","110/08/17","元大-中和",1,187,-186
"1163","00715L期街口布蘭特正2","110/08/17","新光",368,82,286
"1164","00715L期街口布蘭特正2","110/08/17","康和",0,133,-133
"1165","00715L期街口布蘭特正2","110/08/17","中國信託-新竹",263,0,263
"1166","00715L期街口布蘭特正2","110/08/17","永豐金-板新",25,150,-125
"1167","00715L期街口布蘭特正2","110/08/17","台中銀",253,0,253
"1168","00715L期街口布蘭特正2","110/08/17","兆豐-桃鶯",6,110,-104
"1169","00715L期街口布蘭特正2","110/08/17","統一-台中",230,0,230
"1170","00715L期街口布蘭特正2","110/08/17","凱基-大直",2,100,-98
"1171","8941關中","110/08/17","宏遠-館前",4,0,4
"1172","8941關中","110/08/17","凱基-高美館",0,1,-1
"1173","8941關中","110/08/17","",NA,NA,NA
"1174","8941關中","110/08/17","凱基-台北",0,1,-1
"1175","8941關中","110/08/17","",NA,NA,NA
"1176","8941關中","110/08/17","元大-南投",0,1,-1
"1177","8941關中","110/08/17","",NA,NA,NA
"1178","8941關中","110/08/17","元大-華山",0,1,-1
"1179","8941關中","110/08/17","",NA,NA,NA
"1180","8941關中","110/08/17","",NA,NA,NA
"1181","8941關中","110/08/17","",NA,NA,NA
"1182","8941關中","110/08/17","",NA,NA,NA
"1183","8941關中","110/08/17","",NA,NA,NA
"1184","8941關中","110/08/17","",NA,NA,NA
"1185","8941關中","110/08/17","",NA,NA,NA
"1186","8941關中","110/08/17","",NA,NA,NA
"1187","8941關中","110/08/17","",NA,NA,NA
"1188","8941關中","110/08/17","",NA,NA,NA
"1189","8941關中","110/08/17","",NA,NA,NA
"1190","8941關中","110/08/17","",NA,NA,NA
"1191","8941關中","110/08/17","",NA,NA,NA
"1192","8941關中","110/08/17","",NA,NA,NA
"1193","8941關中","110/08/17","",NA,NA,NA
"1194","8941關中","110/08/17","",NA,NA,NA
"1195","8941關中","110/08/17","",NA,NA,NA
"1196","8941關中","110/08/17","",NA,NA,NA
"1197","8941關中","110/08/17","",NA,NA,NA
"1198","8941關中","110/08/17","",NA,NA,NA
"1199","8941關中","110/08/17","",NA,NA,NA
"1200","8941關中","110/08/17","",NA,NA,NA
"1201","8936國統","110/08/17","台新-高雄",511,7,504
"1202","8936國統","110/08/17","凱基-高美館",20,157,-137
"1203","8936國統","110/08/17","美林",60,0,60
"1204","8936國統","110/08/17","台灣摩根士丹利",7,56,-49
"1205","8936國統","110/08/17","台中銀-高雄",33,0,33
"1206","8936國統","110/08/17","永豐金-大園",5,52,-47
"1207","8936國統","110/08/17","摩根大通",71,39,32
"1208","8936國統","110/08/17","新光-台中",16,60,-44
"1209","8936國統","110/08/17","元大-豐原站前",30,0,30
"1210","8936國統","110/08/17","國泰-敦南",14,44,-30
"1211","8936國統","110/08/17","第一金-新興",25,0,25
"1212","8936國統","110/08/17","港商野村",41,64,-23
"1213","8936國統","110/08/17","凱基-台北",45,24,21
"1214","8936國統","110/08/17","凱基-站前",0,20,-20
"1215","8936國統","110/08/17","日盛-忠孝",20,0,20
"1216","8936國統","110/08/17","國泰-高雄",3,20,-17
"1217","8936國統","110/08/17","日盛-高雄",15,0,15
"1218","8936國統","110/08/17","富邦-嘉義",0,17,-17
"1219","8936國統","110/08/17","新加坡商瑞銀",66,53,13
"1220","8936國統","110/08/17","元大-敦化",0,17,-17
"1221","8936國統","110/08/17","玉山-台南",14,3,11
"1222","8936國統","110/08/17","統一-台中",0,15,-15
"1223","8936國統","110/08/17","日盛-斗六",10,0,10
"1224","8936國統","110/08/17","兆豐-高雄",0,15,-15
"1225","8936國統","110/08/17","統一-新營",10,0,10
"1226","8936國統","110/08/17","陽信-石牌",0,15,-15
"1227","8936國統","110/08/17","元富-三重",15,5,10
"1228","8936國統","110/08/17","元大-文心",0,15,-15
"1229","8936國統","110/08/17","群益金鼎-台中",10,0,10
"1230","8936國統","110/08/17","美商高盛",8,22,-14
"1231","6226光鼎","110/08/17","國泰-台中",693,66,627
"1232","6226光鼎","110/08/17","美商高盛",21,669,-648
"1233","6226光鼎","110/08/17","摩根大通",453,306,147
"1234","6226光鼎","110/08/17","凱基-台北",116,705,-589
"1235","6226光鼎","110/08/17","日盛-員林",105,1,104
"1236","6226光鼎","110/08/17","第一金-大稻埕",101,627,-526
"1237","6226光鼎","110/08/17","永豐金-南投",80,0,80
"1238","6226光鼎","110/08/17","瑞士信貸",0,356,-356
"1239","6226光鼎","110/08/17","宏遠-光隆",60,0,60
"1240","6226光鼎","110/08/17","美林",48,202,-154
"1241","6226光鼎","110/08/17","元大-員林中山",52,0,52
"1242","6226光鼎","110/08/17","新光",74,175,-101
"1243","6226光鼎","110/08/17","合庫-鳳山",54,4,50
"1244","6226光鼎","110/08/17","元大-北屯",1,101,-100
"1245","6226光鼎","110/08/17","元大-福營",51,5,46
"1246","6226光鼎","110/08/17","台新-屏東",0,70,-70
"1247","6226光鼎","110/08/17","凱基-市府",46,4,42
"1248","6226光鼎","110/08/17","永豐金-南京",6,74,-68
"1249","6226光鼎","110/08/17","兆豐-永和",41,1,40
"1250","6226光鼎","110/08/17","元大-西螺",2,55,-53
"1251","6226光鼎","110/08/17","凱基-永和",40,1,39
"1252","6226光鼎","110/08/17","統一-基隆",0,50,-50
"1253","6226光鼎","110/08/17","元大-敦化",38,0,38
"1254","6226光鼎","110/08/17","永豐金-板橋",2,46,-44
"1255","6226光鼎","110/08/17","凱基-中山",42,5,37
"1256","6226光鼎","110/08/17","元大-草屯",2,33,-31
"1257","6226光鼎","110/08/17","國泰-桃園",131,97,34
"1258","6226光鼎","110/08/17","元大-西門",0,28,-28
"1259","6226光鼎","110/08/17","富邦-台北",55,21,34
"1260","6226光鼎","110/08/17","凱基-屏東",1,27,-26
"1261","2363矽統","110/08/17","第一金-高雄",356,4,352
"1262","2363矽統","110/08/17","瑞士信貸",86,1495,-1409
"1263","2363矽統","110/08/17","元富-永和",241,5,236
"1264","2363矽統","110/08/17","凱基-台北",737,1867,-1130
"1265","2363矽統","110/08/17","凱基-高美館",254,23,231
"1266","2363矽統","110/08/17","台灣摩根士丹利",0,438,-438
"1267","2363矽統","110/08/17","台新證券",511,295,216
"1268","2363矽統","110/08/17","元富-城東",13,409,-396
"1269","2363矽統","110/08/17","土銀-士林",189,0,189
"1270","2363矽統","110/08/17","(牛牛牛)亞-鑫豐",24,247,-223
"1271","2363矽統","110/08/17","永豐金-天母",155,0,155
"1272","2363矽統","110/08/17","美林",97,274,-177
"1273","2363矽統","110/08/17","玉山-台中",301,164,137
"1274","2363矽統","110/08/17","凱基-長庚",11,134,-123
"1275","2363矽統","110/08/17","凱基-竹北",122,5,117
"1276","2363矽統","110/08/17","元富-新店",4,115,-111
"1277","2363矽統","110/08/17","群益金鼎-三民",115,8,107
"1278","2363矽統","110/08/17","元大-北成功",142,237,-95
"1279","2363矽統","110/08/17","港商野村",1447,1350,97
"1280","2363矽統","110/08/17","日盛-木柵",70,160,-90
"1281","2363矽統","110/08/17","永豐金-新竹",105,20,85
"1282","2363矽統","110/08/17","摩根大通",240,322,-82
"1283","2363矽統","110/08/17","永豐金-松山",77,0,77
"1284","2363矽統","110/08/17","第一金-新竹",266,342,-76
"1285","2363矽統","110/08/17","富邦-宜蘭",84,11,73
"1286","2363矽統","110/08/17","華南永昌-岡山",42,110,-68
"1287","2363矽統","110/08/17","永豐金-南投",72,1,71
"1288","2363矽統","110/08/17","康和",48,112,-64
"1289","2363矽統","110/08/17","富邦-仁愛",90,22,68
"1290","2363矽統","110/08/17","華南永昌-楠梓",30,90,-60
"1291","8112至上","110/08/17","港商麥格理",158,0,158
"1292","8112至上","110/08/17","瑞士信貸",0,249,-249
"1293","8112至上","110/08/17","凱基-台北",177,49,128
"1294","8112至上","110/08/17","摩根大通",56,233,-177
"1295","8112至上","110/08/17","德信",120,0,120
"1296","8112至上","110/08/17","新加坡商瑞銀",19,179,-160
"1297","8112至上","110/08/17","台新證券",116,19,97
"1298","8112至上","110/08/17","富邦-仁愛",13,141,-128
"1299","8112至上","110/08/17","合庫-台中",75,2,73
"1300","8112至上","110/08/17","凱基-復興",1,108,-107
"1301","8112至上","110/08/17","美林",79,10,69
"1302","8112至上","110/08/17","台灣摩根士丹利",0,101,-101
"1303","8112至上","110/08/17","統一",46,0,46
"1304","8112至上","110/08/17","香港上海匯豐",0,96,-96
"1305","8112至上","110/08/17","群益金鼎-瑞豐",40,0,40
"1306","8112至上","110/08/17","群益金鼎-基隆",1,70,-69
"1307","8112至上","110/08/17","臺銀-金山",37,0,37
"1308","8112至上","110/08/17","日盛-花蓮",0,52,-52
"1309","8112至上","110/08/17","新光-高雄",37,4,33
"1310","8112至上","110/08/17","國票-北高雄",0,50,-50
"1311","8112至上","110/08/17","臺銀",41,15,26
"1312","8112至上","110/08/17","永豐金-新竹",0,48,-48
"1313","8112至上","110/08/17","元大證券",27,2,25
"1314","8112至上","110/08/17","日進",0,45,-45
"1315","8112至上","110/08/17","元大-內湖",24,0,24
"1316","8112至上","110/08/17","大展",0,30,-30
"1317","8112至上","110/08/17","國票-天祥",23,0,23
"1318","8112至上","110/08/17","港商野村",30,52,-22
"1319","8112至上","110/08/17","元大-土城永寧",23,0,23
"1320","8112至上","110/08/17","凱基-市府",1,21,-20
"1321","1570力肯","110/08/17","元大-南投",88,1,87
"1322","1570力肯","110/08/17","富邦-仁愛",0,42,-42
"1323","1570力肯","110/08/17","群益金鼎-高雄",51,10,41
"1324","1570力肯","110/08/17","元富-新竹",0,30,-30
"1325","1570力肯","110/08/17","凱基-台北",47,7,40
"1326","1570力肯","110/08/17","元大-新盛",2,28,-26
"1327","1570力肯","110/08/17","統一",29,4,25
"1328","1570力肯","110/08/17","凱基-台南",0,20,-20
"1329","1570力肯","110/08/17","元大-大雅",25,0,25
"1330","1570力肯","110/08/17","日盛-復興",0,15,-15
"1331","1570力肯","110/08/17","台新證券",24,10,14
"1332","1570力肯","110/08/17","元大-前金",1,15,-14
"1333","1570力肯","110/08/17","元大證券",14,0,14
"1334","1570力肯","110/08/17","元大-北成功",0,14,-14
"1335","1570力肯","110/08/17","日盛-板橋",12,0,12
"1336","1570力肯","110/08/17","臺銀-臺南",0,11,-11
"1337","1570力肯","110/08/17","元大-鑫永和",11,0,11
"1338","1570力肯","110/08/17","凱基-彰化",0,11,-11
"1339","1570力肯","110/08/17","富邦-內湖",10,0,10
"1340","1570力肯","110/08/17","合庫-桃園",0,10,-10
"1341","1570力肯","110/08/17","元富-緯城",10,1,9
"1342","1570力肯","110/08/17","凱基-南崁",0,10,-10
"1343","1570力肯","110/08/17","元大-開元",10,2,8
"1344","1570力肯","110/08/17","凱基-台中",0,9,-9
"1345","1570力肯","110/08/17","元大-桃興",8,1,7
"1346","1570力肯","110/08/17","華南永昌-嘉義",0,8,-8
"1347","1570力肯","110/08/17","日盛-員林",6,0,6
"1348","1570力肯","110/08/17","元大-鹿港",1,9,-8
"1349","1570力肯","110/08/17","陽信",5,0,5
"1350","1570力肯","110/08/17","國票-中正",0,7,-7
"1351","2929淘帝","110/08/17","元大-太平",48,0,48
"1352","2929淘帝","110/08/17","華南永昌-苗栗",0,30,-30
"1353","2929淘帝","110/08/17","永豐金-敦南",22,0,22
"1354","2929淘帝","110/08/17","兆豐-復興",0,15,-15
"1355","2929淘帝","110/08/17","永興",12,0,12
"1356","2929淘帝","110/08/17","凱基-長庚",0,13,-13
"1357","2929淘帝","110/08/17","日盛-復興",10,0,10
"1358","2929淘帝","110/08/17","美林",1,13,-12
"1359","2929淘帝","110/08/17","第一金-大稻埕",10,0,10
"1360","2929淘帝","110/08/17","永豐金-豐原",0,10,-10
"1361","2929淘帝","110/08/17","華南永昌-長虹",10,0,10
"1362","2929淘帝","110/08/17","華南永昌-高雄",1,10,-9
"1363","2929淘帝","110/08/17","元大-高雄",8,0,8
"1364","2929淘帝","110/08/17","日盛-南京",0,8,-8
"1365","2929淘帝","110/08/17","港商野村",12,5,7
"1366","2929淘帝","110/08/17","兆豐-大同",0,7,-7
"1367","2929淘帝","110/08/17","亞東-板橋",7,0,7
"1368","2929淘帝","110/08/17","摩根大通",0,6,-6
"1369","2929淘帝","110/08/17","國票-北高雄",6,0,6
"1370","2929淘帝","110/08/17","凱基-台中",0,5,-5
"1371","2929淘帝","110/08/17","國票-九鼎",6,0,6
"1372","2929淘帝","110/08/17","元大-鶯歌",0,5,-5
"1373","2929淘帝","110/08/17","亞東-新竹",5,0,5
"1374","2929淘帝","110/08/17","元大-上新莊",0,5,-5
"1375","2929淘帝","110/08/17","新加坡商瑞銀",4,0,4
"1376","2929淘帝","110/08/17","元大-北三重",0,5,-5
"1377","2929淘帝","110/08/17","凱基-中山",6,2,4
"1378","2929淘帝","110/08/17","第一金-澎湖",4,8,-4
"1379","2929淘帝","110/08/17","富邦-南屯",4,0,4
"1380","2929淘帝","110/08/17","日進",1,5,-4
"1381","5410國眾","110/08/17","元大-博愛",50,3,47
"1382","5410國眾","110/08/17","瑞士信貸",0,61,-61
"1383","5410國眾","110/08/17","土銀-嘉義",38,0,38
"1384","5410國眾","110/08/17","新光",3,41,-38
"1385","5410國眾","110/08/17","國票-北高雄",20,0,20
"1386","5410國眾","110/08/17","凱基-台南",2,30,-28
"1387","5410國眾","110/08/17","凱基-台北",37,22,15
"1388","5410國眾","110/08/17","元富-基隆",0,21,-21
"1389","5410國眾","110/08/17","兆豐-永和",14,0,14
"1390","5410國眾","110/08/17","富邦-新竹",1,16,-15
"1391","5410國眾","110/08/17","富邦-台北",22,10,12
"1392","5410國眾","110/08/17","亞東-新竹",0,14,-14
"1393","5410國眾","110/08/17","元大-中壢",12,0,12
"1394","5410國眾","110/08/17","群益金鼎-新竹",1,15,-14
"1395","5410國眾","110/08/17","摩根大通",25,14,11
"1396","5410國眾","110/08/17","富邦-永和",1,14,-13
"1397","5410國眾","110/08/17","日盛-花蓮",10,0,10
"1398","5410國眾","110/08/17","元大-新竹經國",0,12,-12
"1399","5410國眾","110/08/17","元富-同大",11,1,10
"1400","5410國眾","110/08/17","群益金鼎-三民",0,11,-11
"1401","5410國眾","110/08/17","凱基-科園",10,0,10
"1402","5410國眾","110/08/17","寶盛",0,10,-10
"1403","5410國眾","110/08/17","元大-潮州",10,0,10
"1404","5410國眾","110/08/17","永豐金-板橋",0,10,-10
"1405","5410國眾","110/08/17","台新-左楠",10,1,9
"1406","5410國眾","110/08/17","永豐金-竹科",1,11,-10
"1407","5410國眾","110/08/17","群益金鼎-古亭",14,5,9
"1408","5410國眾","110/08/17","臺銀",1,9,-8
"1409","5410國眾","110/08/17","永豐金-萬盛",9,0,9
"1410","5410國眾","110/08/17","群益金鼎-南京",0,8,-8
"1411","2841台開","110/08/17","宏遠-館前",169,2,167
"1412","2841台開","110/08/17","光和-溪湖",0,120,-120
"1413","2841台開","110/08/17","第一金",54,0,54
"1414","2841台開","110/08/17","兆豐-台南",0,109,-109
"1415","2841台開","110/08/17","台新-三民",50,0,50
"1416","2841台開","110/08/17","永豐金-台南",0,50,-50
"1417","2841台開","110/08/17","日盛證券",52,24,28
"1418","2841台開","110/08/17","兆豐-高雄",0,38,-38
"1419","2841台開","110/08/17","華南永昌-台中",20,0,20
"1420","2841台開","110/08/17","元大-林園",0,30,-30
"1421","2841台開","110/08/17","永豐金-中盛",17,0,17
"1422","2841台開","110/08/17","兆豐-台中",0,20,-20
"1423","2841台開","110/08/17","日盛-台中",15,0,15
"1424","2841台開","110/08/17","元大-敦化",0,20,-20
"1425","2841台開","110/08/17","日盛-園區",15,0,15
"1426","2841台開","110/08/17","元大-彰化民生",2,21,-19
"1427","2841台開","110/08/17","國泰-館前",15,0,15
"1428","2841台開","110/08/17","凱基-彰化",1,14,-13
"1429","2841台開","110/08/17","日盛-大墩",10,0,10
"1430","2841台開","110/08/17","元大-大灣",0,13,-13
"1431","2841台開","110/08/17","大慶-蘆洲",10,0,10
"1432","2841台開","110/08/17","元大-鹿港",0,11,-11
"1433","2841台開","110/08/17","凱基-員林",10,0,10
"1434","2841台開","110/08/17","兆豐-公益",0,10,-10
"1435","2841台開","110/08/17","富邦-基隆",10,0,10
"1436","2841台開","110/08/17","元大-北三重",0,10,-10
"1437","2841台開","110/08/17","元大-新竹經國",10,0,10
"1438","2841台開","110/08/17","華南永昌-鳳山",0,7,-7
"1439","2841台開","110/08/17","元富-成功",8,0,8
"1440","2841台開","110/08/17","元大-南海",0,7,-7
"1441","6207雷科","110/08/17","台新-高雄",82,2,80
"1442","6207雷科","110/08/17","第一金-員林",0,60,-60
"1443","6207雷科","110/08/17","凱基-台北",42,16,26
"1444","6207雷科","110/08/17","元大-高雄",0,47,-47
"1445","6207雷科","110/08/17","摩根大通",26,5,21
"1446","6207雷科","110/08/17","凱基-復興",0,20,-20
"1447","6207雷科","110/08/17","安泰",20,0,20
"1448","6207雷科","110/08/17","元大-新盛",1,20,-19
"1449","6207雷科","110/08/17","富邦-中壢",20,0,20
"1450","6207雷科","110/08/17","元富-大昌",0,12,-12
"1451","6207雷科","110/08/17","新加坡商瑞銀",23,6,17
"1452","6207雷科","110/08/17","華南永昌-岡山",1,12,-11
"1453","6207雷科","110/08/17","日盛-桃園",10,0,10
"1454","6207雷科","110/08/17","日盛-板橋",0,10,-10
"1455","6207雷科","110/08/17","兆豐-西螺",10,0,10
"1456","6207雷科","110/08/17","凱基-中壢",0,10,-10
"1457","6207雷科","110/08/17","中國信託-高雄",8,0,8
"1458","6207雷科","110/08/17","港商野村",7,16,-9
"1459","6207雷科","110/08/17","大昌-桃園",8,0,8
"1460","6207雷科","110/08/17","凱基-三重",1,10,-9
"1461","6207雷科","110/08/17","群益金鼎-士林",6,0,6
"1462","6207雷科","110/08/17","台新-台中",0,8,-8
"1463","6207雷科","110/08/17","美林",5,0,5
"1464","6207雷科","110/08/17","富邦-板橋",0,8,-8
"1465","6207雷科","110/08/17","中國信託-三重",5,0,5
"1466","6207雷科","110/08/17","兆豐-公益",0,6,-6
"1467","6207雷科","110/08/17","康和-內湖",5,0,5
"1468","6207雷科","110/08/17","新光-桃園",0,6,-6
"1469","6207雷科","110/08/17","新光",9,4,5
"1470","6207雷科","110/08/17","凱基-大里",0,6,-6
"1471","3679新至陞","110/08/17","台灣摩根士丹利",20,0,20
"1472","3679新至陞","110/08/17","台新證券",1,31,-30
"1473","3679新至陞","110/08/17","凱基-長庚",12,0,12
"1474","3679新至陞","110/08/17","統一",0,27,-27
"1475","3679新至陞","110/08/17","元大-大天母",12,0,12
"1476","3679新至陞","110/08/17","國票-南科",0,20,-20
"1477","3679新至陞","110/08/17","瑞士信貸",24,15,9
"1478","3679新至陞","110/08/17","國泰-忠孝",0,7,-7
"1479","3679新至陞","110/08/17","康和-板橋",6,0,6
"1480","3679新至陞","110/08/17","美林",10,15,-5
"1481","3679新至陞","110/08/17","元大-四維",6,0,6
"1482","3679新至陞","110/08/17","國泰-桃園",0,5,-5
"1483","3679新至陞","110/08/17","日盛-台中",5,0,5
"1484","3679新至陞","110/08/17","凱基-頭份",0,4,-4
"1485","3679新至陞","110/08/17","第一金-彰化",5,0,5
"1486","3679新至陞","110/08/17","港商野村",1,4,-3
"1487","3679新至陞","110/08/17","凱基-文心",5,1,4
"1488","3679新至陞","110/08/17","凱基-台北",8,11,-3
"1489","3679新至陞","110/08/17","元大-雙和",4,0,4
"1490","3679新至陞","110/08/17","元大證券",1,4,-3
"1491","3679新至陞","110/08/17","元大-草屯",4,0,4
"1492","3679新至陞","110/08/17","元大-新莊",0,3,-3
"1493","3679新至陞","110/08/17","合庫-彰化",2,0,2
"1494","3679新至陞","110/08/17","港商法國興業",0,2,-2
"1495","3679新至陞","110/08/17","臺銀-臺中",2,0,2
"1496","3679新至陞","110/08/17","元富-板橋",0,2,-2
"1497","3679新至陞","110/08/17","日盛-文化",3,1,2
"1498","3679新至陞","110/08/17","康和-高雄",0,2,-2
"1499","3679新至陞","110/08/17","永豐金-敦南",2,0,2
"1500","3679新至陞","110/08/17","群益金鼎-三重",0,2,-2
"1501","2727王品","110/08/17","凱基-台北",63,1,62
"1502","2727王品","110/08/17","第一金-高雄",1,111,-110
"1503","2727王品","110/08/17","台灣摩根士丹利",86,37,49
"1504","2727王品","110/08/17","摩根大通",29,118,-89
"1505","2727王品","110/08/17","瑞士信貸",32,0,32
"1506","2727王品","110/08/17","永豐金證券",0,83,-83
"1507","2727王品","110/08/17","元大-北屯",32,1,31
"1508","2727王品","110/08/17","華南永昌",1,38,-37
"1509","2727王品","110/08/17","美林",37,8,29
"1510","2727王品","110/08/17","合庫-新竹",1,31,-30
"1511","2727王品","110/08/17","凱基-市政",23,0,23
"1512","2727王品","110/08/17","中國信託-新竹",1,23,-22
"1513","2727王品","110/08/17","港商野村",74,54,20
"1514","2727王品","110/08/17","玉山證券",16,33,-17
"1515","2727王品","110/08/17","元大-板橋",20,0,20
"1516","2727王品","110/08/17","富邦-台北",5,19,-14
"1517","2727王品","110/08/17","元大-汐止",12,0,12
"1518","2727王品","110/08/17","群益金鼎-中壢",1,14,-13
"1519","2727王品","110/08/17","元大-龍潭",19,8,11
"1520","2727王品","110/08/17","富邦證券",0,13,-13
"1521","2727王品","110/08/17","元富",10,0,10
"1522","2727王品","110/08/17","元大證券",9,22,-13
"1523","2727王品","110/08/17","彰銀-台中",9,0,9
"1524","2727王品","110/08/17","聯邦商銀",0,12,-12
"1525","2727王品","110/08/17","中國信託",11,2,9
"1526","2727王品","110/08/17","日盛-屏東",7,17,-10
"1527","2727王品","110/08/17","群益金鼎-西松",10,1,9
"1528","2727王品","110/08/17","康和-高雄",0,10,-10
"1529","2727王品","110/08/17","第一金-自由",8,0,8
"1530","2727王品","110/08/17","新光-高雄",1,11,-10
"1531","1570力肯","110/08/17","元大-南投",88,1,87
"1532","1570力肯","110/08/17","富邦-仁愛",0,42,-42
"1533","1570力肯","110/08/17","群益金鼎-高雄",51,10,41
"1534","1570力肯","110/08/17","元富-新竹",0,30,-30
"1535","1570力肯","110/08/17","凱基-台北",47,7,40
"1536","1570力肯","110/08/17","元大-新盛",2,28,-26
"1537","1570力肯","110/08/17","統一",29,4,25
"1538","1570力肯","110/08/17","凱基-台南",0,20,-20
"1539","1570力肯","110/08/17","元大-大雅",25,0,25
"1540","1570力肯","110/08/17","日盛-復興",0,15,-15
"1541","1570力肯","110/08/17","台新證券",24,10,14
"1542","1570力肯","110/08/17","元大-前金",1,15,-14
"1543","1570力肯","110/08/17","元大證券",14,0,14
"1544","1570力肯","110/08/17","元大-北成功",0,14,-14
"1545","1570力肯","110/08/17","日盛-板橋",12,0,12
"1546","1570力肯","110/08/17","臺銀-臺南",0,11,-11
"1547","1570力肯","110/08/17","元大-鑫永和",11,0,11
"1548","1570力肯","110/08/17","凱基-彰化",0,11,-11
"1549","1570力肯","110/08/17","富邦-內湖",10,0,10
"1550","1570力肯","110/08/17","合庫-桃園",0,10,-10
"1551","1570力肯","110/08/17","元富-緯城",10,1,9
"1552","1570力肯","110/08/17","凱基-南崁",0,10,-10
"1553","1570力肯","110/08/17","元大-開元",10,2,8
"1554","1570力肯","110/08/17","凱基-台中",0,9,-9
"1555","1570力肯","110/08/17","元大-桃興",8,1,7
"1556","1570力肯","110/08/17","華南永昌-嘉義",0,8,-8
"1557","1570力肯","110/08/17","日盛-員林",6,0,6
"1558","1570力肯","110/08/17","元大-鹿港",1,9,-8
"1559","1570力肯","110/08/17","陽信",5,0,5
"1560","1570力肯","110/08/17","國票-中正",0,7,-7
"1561","6180橘子","110/08/17","摩根大通",107,25,82
"1562","6180橘子","110/08/17","元大-高雄",0,50,-50
"1563","6180橘子","110/08/17","美林",59,0,59
"1564","6180橘子","110/08/17","第一金-新竹",1,30,-29
"1565","6180橘子","110/08/17","美商高盛",31,0,31
"1566","6180橘子","110/08/17","台新-建北",1,25,-24
"1567","6180橘子","110/08/17","凱基-台北",32,6,26
"1568","6180橘子","110/08/17","群益金鼎-大安",0,20,-20
"1569","6180橘子","110/08/17","合庫-自強",10,0,10
"1570","6180橘子","110/08/17","台灣摩根士丹利",37,54,-17
"1571","6180橘子","110/08/17","元富-世貿",10,0,10
"1572","6180橘子","110/08/17","玉山-台南",1,13,-12
"1573","6180橘子","110/08/17","元大-台中中港",10,0,10
"1574","6180橘子","110/08/17","富邦-基隆",0,11,-11
"1575","6180橘子","110/08/17","臺銀-金山",11,2,9
"1576","6180橘子","110/08/17","日盛-雙和",0,10,-10
"1577","6180橘子","110/08/17","華南永昌-虎尾",8,0,8
"1578","6180橘子","110/08/17","統一-台南",0,10,-10
"1579","6180橘子","110/08/17","元大-彰化民生",7,0,7
"1580","6180橘子","110/08/17","新光-桃園",0,10,-10
"1581","6180橘子","110/08/17","群益金鼎-嘉義",6,0,6
"1582","6180橘子","110/08/17","凱基-竹北",0,10,-10
"1583","6180橘子","110/08/17","元大-太平",6,0,6
"1584","6180橘子","110/08/17","元大-基隆孝二",0,10,-10
"1585","6180橘子","110/08/17","永豐金-敦北",6,0,6
"1586","6180橘子","110/08/17","永豐金-大園",0,10,-10
"1587","6180橘子","110/08/17","華南永昌-台中",5,0,5
"1588","6180橘子","110/08/17","第一金-中山",0,8,-8
"1589","6180橘子","110/08/17","元大-永春",5,0,5
"1590","6180橘子","110/08/17","台新證券",4,12,-8
"1591","2390云辰","110/08/17","美林",601,355,246
"1592","2390云辰","110/08/17","富邦-虎尾",786,1240,-454
"1593","2390云辰","110/08/17","凱基-台北",999,859,140
"1594","2390云辰","110/08/17","富隆-長安",2,262,-260
"1595","2390云辰","110/08/17","新光",1508,1370,138
"1596","2390云辰","110/08/17","摩根大通",2924,3174,-250
"1597","2390云辰","110/08/17","國泰-敦南",1264,1133,131
"1598","2390云辰","110/08/17","元大-木柵",204,419,-215
"1599","2390云辰","110/08/17","富邦-內湖",143,18,125
"1600","2390云辰","110/08/17","兆豐-埔墘",10,165,-155
"1601","2390云辰","110/08/17","統一-新營",142,28,114
"1602","2390云辰","110/08/17","美商高盛",332,483,-151
"1603","2390云辰","110/08/17","兆豐-虎尾",107,5,102
"1604","2390云辰","110/08/17","元大-大同",829,966,-137
"1605","2390云辰","110/08/17","新加坡商瑞銀",274,177,97
"1606","2390云辰","110/08/17","元大-土城學府",236,367,-131
"1607","2390云辰","110/08/17","元大-上新莊",82,9,73
"1608","2390云辰","110/08/17","富邦-花蓮",5,107,-102
"1609","2390云辰","110/08/17","凱基-民權",145,78,67
"1610","2390云辰","110/08/17","元大-台中",20,118,-98
"1611","2390云辰","110/08/17","富邦-彰化",200,133,67
"1612","2390云辰","110/08/17","群益金鼎-開元",70,150,-80
"1613","2390云辰","110/08/17","宏遠-桃園",67,5,62
"1614","2390云辰","110/08/17","永豐金-古亭",27,106,-79
"1615","2390云辰","110/08/17","港商野村",2090,2030,60
"1616","2390云辰","110/08/17","土銀-士林",0,78,-78
"1617","2390云辰","110/08/17","永豐金-萬盛",76,17,59
"1618","2390云辰","110/08/17","元富-高雄",94,166,-72
"1619","2390云辰","110/08/17","元大-歸仁",85,34,51
"1620","2390云辰","110/08/17","富邦-敦南",40,108,-68
"1621","2609陽明","110/08/16","康和",4181,128,4053
"1622","2609陽明","110/08/16","凱基-台北",1053,19933,-18880
"1623","2609陽明","110/08/16","宏遠證券",2579,659,1920
"1624","2609陽明","110/08/16","群益金鼎-三重",162,5149,-4987
"1625","2609陽明","110/08/16","華南永昌-竹北",2072,225,1847
"1626","2609陽明","110/08/16","兆豐-南京",3041,5871,-2830
"1627","2609陽明","110/08/16","凱基-虎尾",4140,2400,1740
"1628","2609陽明","110/08/16","中國信託-松江",116,2823,-2707
"1629","2609陽明","110/08/16","元大證券",8157,7010,1147
"1630","2609陽明","110/08/16","兆豐-復興",107,2607,-2500
"1631","2609陽明","110/08/16","摩根大通",5939,5074,865
"1632","2609陽明","110/08/16","美林",2802,5073,-2271
"1633","2609陽明","110/08/16","永豐金-信義",865,85,780
"1634","2609陽明","110/08/16","兆豐-三民",182,2181,-1999
"1635","2609陽明","110/08/16","元大-頭份",1005,248,757
"1636","2609陽明","110/08/16","新加坡商瑞銀",561,2511,-1950
"1637","2609陽明","110/08/16","港商野村",2920,2184,736
"1638","2609陽明","110/08/16","凱基-城中",585,1560,-975
"1639","2609陽明","110/08/16","元大-信義",944,209,735
"1640","2609陽明","110/08/16","元大-竹科",394,1326,-932
"1641","2609陽明","110/08/16","凱基-市政",14533,13859,674
"1642","2609陽明","110/08/16","群益金鼎-大安",89,951,-862
"1643","2609陽明","110/08/16","富邦-嘉義",7027,6481,546
"1644","2609陽明","110/08/16","瑞士信貸",910,1607,-697
"1645","2609陽明","110/08/16","新光-新竹",1792,1331,461
"1646","2609陽明","110/08/16","兆豐-新竹",305,932,-627
"1647","2609陽明","110/08/16","凱基-台南",808,378,430
"1648","2609陽明","110/08/16","元大-永春",376,856,-480
"1649","2609陽明","110/08/16","凱基-信義",434,31,403
"1650","2609陽明","110/08/16","元富",483,956,-473
"1651","2636台驊投控","110/08/16","凱基",893,138,755
"1652","2636台驊投控","110/08/16","日盛-台中",36,221,-185
"1653","2636台驊投控","110/08/16","瑞士信貸",524,17,507
"1654","2636台驊投控","110/08/16","統一-新竹",4,188,-184
"1655","2636台驊投控","110/08/16","台灣摩根士丹利",534,35,499
"1656","2636台驊投控","110/08/16","國泰-敦南",291,403,-112
"1657","2636台驊投控","110/08/16","富邦-花蓮",283,25,258
"1658","2636台驊投控","110/08/16","新光",259,366,-107
"1659","2636台驊投控","110/08/16","新光-新竹",349,144,205
"1660","2636台驊投控","110/08/16","群益金鼎",89,185,-96
"1661","2636台驊投控","110/08/16","國票-彰化",442,282,160
"1662","2636台驊投控","110/08/16","新光-桃園",22,98,-76
"1663","2636台驊投控","110/08/16","大慶",160,1,159
"1664","2636台驊投控","110/08/16","群益金鼎-南京",57,126,-69
"1665","2636台驊投控","110/08/16","富邦-虎尾",144,13,131
"1666","2636台驊投控","110/08/16","玉山-台南",61,127,-66
"1667","2636台驊投控","110/08/16","元大-士林",118,2,116
"1668","2636台驊投控","110/08/16","元富-大昌",5,66,-61
"1669","2636台驊投控","110/08/16","摩根大通",799,698,101
"1670","2636台驊投控","110/08/16","日盛證券",78,137,-59
"1671","2636台驊投控","110/08/16","日盛-宜蘭",100,3,97
"1672","2636台驊投控","110/08/16","凱基-市政",13,68,-55
"1673","2636台驊投控","110/08/16","凱基-台北",786,690,96
"1674","2636台驊投控","110/08/16","兆豐-城中",7,58,-51
"1675","2636台驊投控","110/08/16","兆豐-東門",101,31,70
"1676","2636台驊投控","110/08/16","永豐金-新竹",33,83,-50
"1677","2636台驊投控","110/08/16","凱基-長庚",66,6,60
"1678","2636台驊投控","110/08/16","國泰-台中",69,115,-46
"1679","2636台驊投控","110/08/16","元富-中壢",76,18,58
"1680","2636台驊投控","110/08/16","國票-九鼎",18,61,-43
"1681","2867三商壽","110/08/16","兆豐-大同",800,0,800
"1682","2867三商壽","110/08/16","台新證券",7,983,-976
"1683","2867三商壽","110/08/16","元富-世貿",646,5,641
"1684","2867三商壽","110/08/16","美林",0,406,-406
"1685","2867三商壽","110/08/16","元大-土城永寧",320,0,320
"1686","2867三商壽","110/08/16","(牛牛牛)亞-鑫豐",15,120,-105
"1687","2867三商壽","110/08/16","新加坡商瑞銀",241,18,223
"1688","2867三商壽","110/08/16","土銀",0,100,-100
"1689","2867三商壽","110/08/16","玉山-城中",156,0,156
"1690","2867三商壽","110/08/16","兆豐-來福",0,100,-100
"1691","2867三商壽","110/08/16","元大-桃園",100,0,100
"1692","2867三商壽","110/08/16","凱基-虎尾",0,90,-90
"1693","2867三商壽","110/08/16","高橋-龍潭",87,1,86
"1694","2867三商壽","110/08/16","瑞士信貸",53,140,-87
"1695","2867三商壽","110/08/16","富邦-員林",79,0,79
"1696","2867三商壽","110/08/16","花旗環球",7,83,-76
"1697","2867三商壽","110/08/16","華南永昌-高雄",50,0,50
"1698","2867三商壽","110/08/16","元大-大同",0,67,-67
"1699","2867三商壽","110/08/16","元大-崇德",50,0,50
"1700","2867三商壽","110/08/16","日盛-板橋",0,60,-60
"1701","2867三商壽","110/08/16","華南永昌-虎尾",40,0,40
"1702","2867三商壽","110/08/16","元大-博愛",2,62,-60
"1703","2867三商壽","110/08/16","元大-大統",40,0,40
"1704","2867三商壽","110/08/16","(牛牛牛)亞-網路",0,55,-55
"1705","2867三商壽","110/08/16","新光",87,48,39
"1706","2867三商壽","110/08/16","美商高盛",105,158,-53
"1707","2867三商壽","110/08/16","元大-大安",36,0,36
"1708","2867三商壽","110/08/16","永豐金-屏東",1,52,-51
"1709","2867三商壽","110/08/16","群益金鼎-西松",35,0,35
"1710","2867三商壽","110/08/16","兆豐-台中港",0,50,-50
"1711","5521工信","110/08/16","第一金-新竹",84,0,84
"1712","5521工信","110/08/16","摩根大通",83,306,-223
"1713","5521工信","110/08/16","日進",60,0,60
"1714","5521工信","110/08/16","日盛證券",0,70,-70
"1715","5521工信","110/08/16","凱基-中壢",40,0,40
"1716","5521工信","110/08/16","群益金鼎-海山",0,40,-40
"1717","5521工信","110/08/16","台新證券",37,0,37
"1718","5521工信","110/08/16","華南永昌",0,39,-39
"1719","5521工信","110/08/16","群益金鼎-台中",35,0,35
"1720","5521工信","110/08/16","美林",5,43,-38
"1721","5521工信","110/08/16","富邦-台北",30,0,30
"1722","5521工信","110/08/16","康和-澎湖",0,30,-30
"1723","5521工信","110/08/16","元大-永和",30,0,30
"1724","5521工信","110/08/16","華南永昌-彰化",5,34,-29
"1725","5521工信","110/08/16","華南永昌-潮州",28,0,28
"1726","5521工信","110/08/16","元大-龍潭",0,25,-25
"1727","5521工信","110/08/16","玉山-嘉義",23,0,23
"1728","5521工信","110/08/16","兆豐-桃園",0,24,-24
"1729","5521工信","110/08/16","元大-新莊",40,17,23
"1730","5521工信","110/08/16","華南永昌-林口",1,25,-24
"1731","5521工信","110/08/16","第一金-桃園",22,0,22
"1732","5521工信","110/08/16","台灣企銀-台中",0,20,-20
"1733","5521工信","110/08/16","凱基-鳳山",20,0,20
"1734","5521工信","110/08/16","第一金-台南",0,20,-20
"1735","5521工信","110/08/16","元大-路竹",20,0,20
"1736","5521工信","110/08/16","元富-古亭",0,20,-20
"1737","5521工信","110/08/16","合庫-桃園",20,1,19
"1738","5521工信","110/08/16","兆豐-中壢",0,20,-20
"1739","5521工信","110/08/16","臺銀-鳳山",21,2,19
"1740","5521工信","110/08/16","元大-仁愛",0,20,-20
"1741","1471首利","110/08/16","摩根大通",196,88,108
"1742","1471首利","110/08/16","元大-草屯",1,200,-199
"1743","1471首利","110/08/16","瑞士信貸",95,17,78
"1744","1471首利","110/08/16","元富-埔里",0,51,-51
"1745","1471首利","110/08/16","新加坡商瑞銀",38,0,38
"1746","1471首利","110/08/16","凱基-雙和",0,40,-40
"1747","1471首利","110/08/16","國泰-敦南",37,2,35
"1748","1471首利","110/08/16","華南永昌-公誠",0,40,-40
"1749","1471首利","110/08/16","凱基-彰化",31,0,31
"1750","1471首利","110/08/16","元大-大灣",0,36,-36
"1751","1471首利","110/08/16","光和-溪湖",20,0,20
"1752","1471首利","110/08/16","新光-台中",17,42,-25
"1753","1471首利","110/08/16","國票-中港",20,0,20
"1754","1471首利","110/08/16","富邦-仁愛",0,25,-25
"1755","1471首利","110/08/16","美林",15,0,15
"1756","1471首利","110/08/16","群益金鼎-台北",0,24,-24
"1757","1471首利","110/08/16","元大-板橋",15,0,15
"1758","1471首利","110/08/16","永豐金-竹北",0,22,-22
"1759","1471首利","110/08/16","凱基-長庚",16,2,14
"1760","1471首利","110/08/16","合庫-台中",0,20,-20
"1761","1471首利","110/08/16","元大-斗信",14,0,14
"1762","1471首利","110/08/16","高橋-龍潭",2,22,-20
"1763","1471首利","110/08/16","第一金-高雄",12,0,12
"1764","1471首利","110/08/16","國票-台中",0,20,-20
"1765","1471首利","110/08/16","玉山-大里",12,0,12
"1766","1471首利","110/08/16","群益金鼎-潭子",0,20,-20
"1767","1471首利","110/08/16","永豐金-大園",12,0,12
"1768","1471首利","110/08/16","台新證券",2,19,-17
"1769","1471首利","110/08/16","永豐金-中正",12,0,12
"1770","1471首利","110/08/16","聯邦-高雄",0,15,-15
"1771","2883開發金","110/08/16","中國信託-文心",4881,27,4854
"1772","2883開發金","110/08/16","摩根大通",1712,30864,-29152
"1773","2883開發金","110/08/16","國泰-敦南",3101,627,2474
"1774","2883開發金","110/08/16","台灣摩根士丹利",453,18916,-18463
"1775","2883開發金","110/08/16","亞東-新竹",3614,1222,2392
"1776","2883開發金","110/08/16","凱基-台北",8208,20874,-12666
"1777","2883開發金","110/08/16","花旗環球",3115,841,2274
"1778","2883開發金","110/08/16","新加坡商瑞銀",363,11873,-11510
"1779","2883開發金","110/08/16","元大證券",3308,1099,2209
"1780","2883開發金","110/08/16","美林",130,9722,-9592
"1781","2883開發金","110/08/16","康和-仁愛",2103,0,2103
"1782","2883開發金","110/08/16","統一",766,7210,-6444
"1783","2883開發金","110/08/16","玉山-大里",1874,31,1843
"1784","2883開發金","110/08/16","元富",48,5683,-5635
"1785","2883開發金","110/08/16","第一金-忠孝",1836,3,1833
"1786","2883開發金","110/08/16","富邦證券",147,4117,-3970
"1787","2883開發金","110/08/16","宏遠證券",1825,5,1820
"1788","2883開發金","110/08/16","國票-長城",22,2713,-2691
"1789","2883開發金","110/08/16","統一-新竹",1630,2,1628
"1790","2883開發金","110/08/16","台新證券",1753,4439,-2686
"1791","2883開發金","110/08/16","國泰-板橋",1493,346,1147
"1792","2883開發金","110/08/16","元大-士林",417,2698,-2281
"1793","2883開發金","110/08/16","國泰-館前",1856,775,1081
"1794","2883開發金","110/08/16","港商野村",3026,5159,-2133
"1795","2883開發金","110/08/16","群益金鼎-高盛",1005,12,993
"1796","2883開發金","110/08/16","瑞士信貸",1295,3237,-1942
"1797","2883開發金","110/08/16","元大-新莊",860,16,844
"1798","2883開發金","110/08/16","美商高盛",162,1917,-1755
"1799","2883開發金","110/08/16","臺銀",807,32,775
"1800","2883開發金","110/08/16","國泰證券",290,1593,-1303
"1801","6205詮欣","110/08/16","凱基-汐止",22,0,22
"1802","6205詮欣","110/08/16","凱基-台北",0,10,-10
"1803","6205詮欣","110/08/16","臺銀-民權",10,0,10
"1804","6205詮欣","110/08/16","永興-水湳",0,6,-6
"1805","6205詮欣","110/08/16","德信-新營",6,0,6
"1806","6205詮欣","110/08/16","國票-博愛",0,6,-6
"1807","6205詮欣","110/08/16","玉山證券",5,0,5
"1808","6205詮欣","110/08/16","日盛-三重",5,10,-5
"1809","6205詮欣","110/08/16","亞東-板橋",4,0,4
"1810","6205詮欣","110/08/16","日盛-永康",0,5,-5
"1811","6205詮欣","110/08/16","元大-羅東",4,0,4
"1812","6205詮欣","110/08/16","摩根大通",0,5,-5
"1813","6205詮欣","110/08/16","元大-汐止",4,0,4
"1814","6205詮欣","110/08/16","玉山-台南",0,5,-5
"1815","6205詮欣","110/08/16","臺銀-高雄",3,0,3
"1816","6205詮欣","110/08/16","元大-大天母",0,4,-4
"1817","6205詮欣","110/08/16","美林",2,0,2
"1818","6205詮欣","110/08/16","永豐金-中盛",0,3,-3
"1819","6205詮欣","110/08/16","群益金鼎-基隆",2,0,2
"1820","6205詮欣","110/08/16","華南永昌-彰化",0,2,-2
"1821","6205詮欣","110/08/16","合庫-三重",1,0,1
"1822","6205詮欣","110/08/16","富邦-中壢",0,2,-2
"1823","6205詮欣","110/08/16","(牛牛牛)亞-網路",1,0,1
"1824","6205詮欣","110/08/16","元大-成功",0,2,-2
"1825","6205詮欣","110/08/16","豐農",1,0,1
"1826","6205詮欣","110/08/16","統一-士林",0,1,-1
"1827","6205詮欣","110/08/16","凱基-站前",1,0,1
"1828","6205詮欣","110/08/16","統一-金門",0,1,-1
"1829","6205詮欣","110/08/16","富邦-建國",1,0,1
"1830","6205詮欣","110/08/16","元富-文心",0,1,-1
"1831","1540喬福","110/08/16","元大-成功",25,0,25
"1832","1540喬福","110/08/16","凱基-台北",0,51,-51
"1833","1540喬福","110/08/16","新光",16,0,16
"1834","1540喬福","110/08/16","新光-新竹",10,29,-19
"1835","1540喬福","110/08/16","日盛-鳳山",10,0,10
"1836","1540喬福","110/08/16","元大-北屯",0,18,-18
"1837","1540喬福","110/08/16","台新-左楠",10,0,10
"1838","1540喬福","110/08/16","北城證券",0,16,-16
"1839","1540喬福","110/08/16","玉山-左營",10,0,10
"1840","1540喬福","110/08/16","國泰-敦南",2,18,-16
"1841","1540喬福","110/08/16","富邦-南屯",10,0,10
"1842","1540喬福","110/08/16","新光-桃園",0,15,-15
"1843","1540喬福","110/08/16","富邦-板橋",8,0,8
"1844","1540喬福","110/08/16","新光-台南",0,12,-12
"1845","1540喬福","110/08/16","凱基-中壢",7,0,7
"1846","1540喬福","110/08/16","凱基-台中",0,12,-12
"1847","1540喬福","110/08/16","元富-新竹",5,0,5
"1848","1540喬福","110/08/16","元大-汐止",0,10,-10
"1849","1540喬福","110/08/16","兆豐-北高雄",5,0,5
"1850","1540喬福","110/08/16","凱基-竹北",0,7,-7
"1851","1540喬福","110/08/16","台新-台中",5,0,5
"1852","1540喬福","110/08/16","日盛-文化",0,4,-4
"1853","1540喬福","110/08/16","凱基-台南",5,0,5
"1854","1540喬福","110/08/16","富邦-桃園",0,3,-3
"1855","1540喬福","110/08/16","元大-龍潭",5,0,5
"1856","1540喬福","110/08/16","摩根大通",1,3,-2
"1857","1540喬福","110/08/16","元富-緯城",4,0,4
"1858","1540喬福","110/08/16","玉山-城中",0,2,-2
"1859","1540喬福","110/08/16","元大-大安",4,0,4
"1860","1540喬福","110/08/16","永豐金-桃園",0,2,-2
"1861","2888新光金","110/08/16","兆豐-公益",12939,12,12927
"1862","2888新光金","110/08/16","摩根大通",2056,10998,-8942
"1863","2888新光金","110/08/16","元大-忠孝鼎富",11100,189,10911
"1864","2888新光金","110/08/16","元富-城東",25,8381,-8356
"1865","2888新光金","110/08/16","港商麥格理",9753,0,9753
"1866","2888新光金","110/08/16","元富",6,7491,-7485
"1867","2888新光金","110/08/16","群益金鼎-大安",3294,0,3294
"1868","2888新光金","110/08/16","美林",136,3975,-3839
"1869","2888新光金","110/08/16","凱基-復興",3020,0,3020
"1870","2888新光金","110/08/16","臺銀-高雄",19,3007,-2988
"1871","2888新光金","110/08/16","美商高盛",5603,3216,2387
"1872","2888新光金","110/08/16","台灣摩根士丹利",419,2562,-2143
"1873","2888新光金","110/08/16","國票-台東",2067,0,2067
"1874","2888新光金","110/08/16","瑞士信貸",58,1618,-1560
"1875","2888新光金","110/08/16","群益金鼎-台北",1872,0,1872
"1876","2888新光金","110/08/16","玉山-新竹",0,1497,-1497
"1877","2888新光金","110/08/16","新加坡商瑞銀",2005,179,1826
"1878","2888新光金","110/08/16","國票-博愛",3,1208,-1205
"1879","2888新光金","110/08/16","華南永昌-忠孝",1827,90,1737
"1880","2888新光金","110/08/16","元大-士林",85,1185,-1100
"1881","2888新光金","110/08/16","富邦-新營",1400,0,1400
"1882","2888新光金","110/08/16","臺銀-民權",19,1095,-1076
"1883","2888新光金","110/08/16","華南永昌-鳳山",1174,11,1163
"1884","2888新光金","110/08/16","法銀巴黎",0,868,-868
"1885","2888新光金","110/08/16","元大-員林",1051,12,1039
"1886","2888新光金","110/08/16","群益金鼎",10,847,-837
"1887","2888新光金","110/08/16","富邦-高雄",1015,11,1004
"1888","2888新光金","110/08/16","元富-世貿",7,794,-787
"1889","2888新光金","110/08/16","日盛-南京",1000,5,995
"1890","2888新光金","110/08/16","國票-安和",0,724,-724
"1891","1340勝悅","110/08/16","元富-成功",30,0,30
"1892","1340勝悅","110/08/16","元富-城東",0,107,-107
"1893","1340勝悅","110/08/16","華南永昌-公誠",30,0,30
"1894","1340勝悅","110/08/16","永豐金-竹科",0,38,-38
"1895","1340勝悅","110/08/16","華南永昌-敦南",25,0,25
"1896","1340勝悅","110/08/16","德信-新營",0,30,-30
"1897","1340勝悅","110/08/16","合庫-自強",15,0,15
"1898","1340勝悅","110/08/16","國泰-松江",0,15,-15
"1899","1340勝悅","110/08/16","臺銀-鳳山",15,0,15
"1900","1340勝悅","110/08/16","摩根大通",5,17,-12
"1901","1340勝悅","110/08/16","元富-中港",10,0,10
"1902","1340勝悅","110/08/16","港商法國興業",0,11,-11
"1903","1340勝悅","110/08/16","永豐金-南京",10,0,10
"1904","1340勝悅","110/08/16","玉山-高雄",0,10,-10
"1905","1340勝悅","110/08/16","新光",9,0,9
"1906","1340勝悅","110/08/16","凱基-台北",0,10,-10
"1907","1340勝悅","110/08/16","國泰-台中",14,7,7
"1908","1340勝悅","110/08/16","華南永昌-嘉義",0,10,-10
"1909","1340勝悅","110/08/16","元大-苗栗",6,0,6
"1910","1340勝悅","110/08/16","合庫-台南",0,6,-6
"1911","1340勝悅","110/08/16","元大-屏南",6,0,6
"1912","1340勝悅","110/08/16","玉山-桃園",0,5,-5
"1913","1340勝悅","110/08/16","臺灣企銀-埔墘",5,0,5
"1914","1340勝悅","110/08/16","永豐金-博愛",0,5,-5
"1915","1340勝悅","110/08/16","日盛-板橋",5,0,5
"1916","1340勝悅","110/08/16","美林",0,2,-2
"1917","1340勝悅","110/08/16","致和-東門",5,0,5
"1918","1340勝悅","110/08/16","兆豐-城中",0,2,-2
"1919","1340勝悅","110/08/16","群益金鼎-館前",7,2,5
"1920","1340勝悅","110/08/16","元大-大雅",0,2,-2
"1921","6246臺龍","110/08/16","元大-南投",25,5,20
"1922","6246臺龍","110/08/16","元大-中壢",9,26,-17
"1923","6246臺龍","110/08/16","港商野村",65,46,19
"1924","6246臺龍","110/08/16","台新-台中",1,15,-14
"1925","6246臺龍","110/08/16","華南永昌",23,5,18
"1926","6246臺龍","110/08/16","群益金鼎-開元",0,12,-12
"1927","6246臺龍","110/08/16","華南永昌-彰化",15,4,11
"1928","6246臺龍","110/08/16","凱基-苗栗",0,7,-7
"1929","6246臺龍","110/08/16","統一-台中",10,0,10
"1930","6246臺龍","110/08/16","日盛-鳳山",0,6,-6
"1931","6246臺龍","110/08/16","兆豐-新營",11,1,10
"1932","6246臺龍","110/08/16","台新證券",4,10,-6
"1933","6246臺龍","110/08/16","玉山-桃園",10,0,10
"1934","6246臺龍","110/08/16","新光",4,10,-6
"1935","6246臺龍","110/08/16","凱基-台北",12,2,10
"1936","6246臺龍","110/08/16","華南永昌-嘉義",0,6,-6
"1937","6246臺龍","110/08/16","群益金鼎-東大",9,0,9
"1938","6246臺龍","110/08/16","元大-竹北",0,6,-6
"1939","6246臺龍","110/08/16","元富-中港",6,0,6
"1940","6246臺龍","110/08/16","元大-永康",0,6,-6
"1941","6246臺龍","110/08/16","德信-新營",6,0,6
"1942","6246臺龍","110/08/16","元富-新店",0,5,-5
"1943","6246臺龍","110/08/16","兆豐-西螺",5,0,5
"1944","6246臺龍","110/08/16","台中銀",0,5,-5
"1945","6246臺龍","110/08/16","群益金鼎-土城",5,0,5
"1946","6246臺龍","110/08/16","群益金鼎-永和",0,5,-5
"1947","6246臺龍","110/08/16","富邦-仁愛",5,0,5
"1948","6246臺龍","110/08/16","元大-台南",0,5,-5
"1949","6246臺龍","110/08/16","元大-基隆孝二",7,2,5
"1950","6246臺龍","110/08/16","元大-土城",0,5,-5
"1951","00715L期街口布蘭特正2","110/08/16","元富",1720,5,1715
"1952","00715L期街口布蘭特正2","110/08/16","元大證券",365,4674,-4309
"1953","00715L期街口布蘭特正2","110/08/16","港商野村",1350,660,690
"1954","00715L期街口布蘭特正2","110/08/16","華南永昌-長虹",50,820,-770
"1955","00715L期街口布蘭特正2","110/08/16","(牛牛牛)亞-鑫豐",587,51,536
"1956","00715L期街口布蘭特正2","110/08/16","凱基-台北",42,470,-428
"1957","00715L期街口布蘭特正2","110/08/16","富邦-嘉義",405,0,405
"1958","00715L期街口布蘭特正2","110/08/16","永豐金證券",5,360,-355
"1959","00715L期街口布蘭特正2","110/08/16","兆豐-嘉義",303,0,303
"1960","00715L期街口布蘭特正2","110/08/16","元大-復北",1,333,-332
"1961","00715L期街口布蘭特正2","110/08/16","元大-學甲",272,0,272
"1962","00715L期街口布蘭特正2","110/08/16","兆豐-新莊",0,306,-306
"1963","00715L期街口布蘭特正2","110/08/16","元大-中和",308,52,256
"1964","00715L期街口布蘭特正2","110/08/16","凱基-松山",0,302,-302
"1965","00715L期街口布蘭特正2","110/08/16","新光",318,84,234
"1966","00715L期街口布蘭特正2","110/08/16","統一-桃園",7,280,-273
"1967","00715L期街口布蘭特正2","110/08/16","元大-北港",165,0,165
"1968","00715L期街口布蘭特正2","110/08/16","日盛-板橋",31,300,-269
"1969","00715L期街口布蘭特正2","110/08/16","台中銀",202,45,157
"1970","00715L期街口布蘭特正2","110/08/16","凱基",0,250,-250
"1971","00715L期街口布蘭特正2","110/08/16","元大-台中中港",157,0,157
"1972","00715L期街口布蘭特正2","110/08/16","富邦-仁愛",11,250,-239
"1973","00715L期街口布蘭特正2","110/08/16","元大-花蓮",150,4,146
"1974","00715L期街口布蘭特正2","110/08/16","台新-台中",34,262,-228
"1975","00715L期街口布蘭特正2","110/08/16","統一-台中",165,32,133
"1976","00715L期街口布蘭特正2","110/08/16","元富-吉利",5,210,-205
"1977","00715L期街口布蘭特正2","110/08/16","永全-南崁",130,0,130
"1978","00715L期街口布蘭特正2","110/08/16","康和",0,150,-150
"1979","00715L期街口布蘭特正2","110/08/16","元富-中壢",223,100,123
"1980","00715L期街口布蘭特正2","110/08/16","兆豐-台中港",53,190,-137
"1981","8941關中","110/08/16","凱基-市府",4,0,4
"1982","8941關中","110/08/16","統一-台中",0,3,-3
"1983","8941關中","110/08/16","(牛牛牛)亞-鑫豐",2,1,1
"1984","8941關中","110/08/16","宏遠-中和",0,1,-1
"1985","8941關中","110/08/16","富邦-左營",1,0,1
"1986","8941關中","110/08/16","富邦-竹北",0,1,-1
"1987","8941關中","110/08/16","元大-路竹",1,0,1
"1988","8941關中","110/08/16","元大-華山",0,1,-1
"1989","8941關中","110/08/16","統一-新台中",0,0,0
"1990","8941關中","110/08/16","永豐金-中正",0,1,-1
"1991","8941關中","110/08/16","元富-中港",0,0,0
"1992","8941關中","110/08/16","統一-新台中",0,0,0
"1993","8941關中","110/08/16","元大證券",0,0,0
"1994","8941關中","110/08/16","元富-中港",0,0,0
"1995","8941關中","110/08/16","元大-龍潭",0,0,0
"1996","8941關中","110/08/16","元大證券",0,0,0
"1997","8941關中","110/08/16","永豐金-南投",0,0,0
"1998","8941關中","110/08/16","元大-龍潭",0,0,0
"1999","8941關中","110/08/16","",NA,NA,NA
"2000","8941關中","110/08/16","永豐金-南投",0,0,0
"2001","8941關中","110/08/16","",NA,NA,NA
"2002","8941關中","110/08/16","",NA,NA,NA
"2003","8941關中","110/08/16","",NA,NA,NA
"2004","8941關中","110/08/16","",NA,NA,NA
"2005","8941關中","110/08/16","",NA,NA,NA
"2006","8941關中","110/08/16","",NA,NA,NA
"2007","8941關中","110/08/16","",NA,NA,NA
"2008","8941關中","110/08/16","",NA,NA,NA
"2009","8941關中","110/08/16","",NA,NA,NA
"2010","8941關中","110/08/16","",NA,NA,NA
"2011","8936國統","110/08/16","台中銀-高雄",200,0,200
"2012","8936國統","110/08/16","摩根大通",39,181,-142
"2013","8936國統","110/08/16","美林",139,31,108
"2014","8936國統","110/08/16","新加坡商瑞銀",48,178,-130
"2015","8936國統","110/08/16","元大-天母",50,0,50
"2016","8936國統","110/08/16","凱基-台北",66,161,-95
"2017","8936國統","110/08/16","中國信託",50,2,48
"2018","8936國統","110/08/16","新光-桃園",2,90,-88
"2019","8936國統","110/08/16","元大-豐原站前",40,0,40
"2020","8936國統","110/08/16","台灣摩根士丹利",1,79,-78
"2021","8936國統","110/08/16","元大-北港",32,0,32
"2022","8936國統","110/08/16","永豐金-苓雅",10,80,-70
"2023","8936國統","110/08/16","永豐金-竹科",28,0,28
"2024","8936國統","110/08/16","富邦-南屯",15,64,-49
"2025","8936國統","110/08/16","凱基-岡山",27,0,27
"2026","8936國統","110/08/16","台新-高雄",10,56,-46
"2027","8936國統","110/08/16","第一金-自由",20,0,20
"2028","8936國統","110/08/16","國票-北高雄",5,30,-25
"2029","8936國統","110/08/16","港商野村",68,50,18
"2030","8936國統","110/08/16","台新-屏東",0,25,-25
"2031","8936國統","110/08/16","華南永昌-岡山",16,0,16
"2032","8936國統","110/08/16","元大-高雄",0,23,-23
"2033","8936國統","110/08/16","新光-台中",59,44,15
"2034","8936國統","110/08/16","台灣企銀-豐原",0,22,-22
"2035","8936國統","110/08/16","日盛證券",14,0,14
"2036","8936國統","110/08/16","玉山證券",0,19,-19
"2037","8936國統","110/08/16","元富-林園",12,0,12
"2038","8936國統","110/08/16","日盛-中壢",0,16,-16
"2039","8936國統","110/08/16","兆豐-景美",12,0,12
"2040","8936國統","110/08/16","美商高盛",6,21,-15
"2041","6226光鼎","110/08/16","凱基-台北",1070,545,525
"2042","6226光鼎","110/08/16","台新證券",86,218,-132
"2043","6226光鼎","110/08/16","美林",291,133,158
"2044","6226光鼎","110/08/16","元富-新竹",10,139,-129
"2045","6226光鼎","110/08/16","瑞士信貸",144,6,138
"2046","6226光鼎","110/08/16","元大-台南",0,101,-101
"2047","6226光鼎","110/08/16","摩根大通",340,206,134
"2048","6226光鼎","110/08/16","永豐金-南投",1,100,-99
"2049","6226光鼎","110/08/16","美商高盛",222,102,120
"2050","6226光鼎","110/08/16","華南永昌-高雄",1,63,-62
"2051","6226光鼎","110/08/16","新光",195,77,118
"2052","6226光鼎","110/08/16","元大-仁愛",1,61,-60
"2053","6226光鼎","110/08/16","第一金-大稻埕",103,1,102
"2054","6226光鼎","110/08/16","群益金鼎-士林",39,98,-59
"2055","6226光鼎","110/08/16","元大-北投",101,4,97
"2056","6226光鼎","110/08/16","元大-府城",20,72,-52
"2057","6226光鼎","110/08/16","元大-竹科",101,10,91
"2058","6226光鼎","110/08/16","合庫-鳳山",4,53,-49
"2059","6226光鼎","110/08/16","元大-北屯",104,15,89
"2060","6226光鼎","110/08/16","國票-九鼎",2,44,-42
"2061","6226光鼎","110/08/16","國泰-桃園",98,29,69
"2062","6226光鼎","110/08/16","元大-金華",13,55,-42
"2063","6226光鼎","110/08/16","群益金鼎-東門",67,0,67
"2064","6226光鼎","110/08/16","富邦-竹東",5,43,-38
"2065","6226光鼎","110/08/16","港商野村",277,215,62
"2066","6226光鼎","110/08/16","元大-雙和",6,43,-37
"2067","6226光鼎","110/08/16","群益金鼎-西松",51,1,50
"2068","6226光鼎","110/08/16","中國信託-忠孝",2,36,-34
"2069","6226光鼎","110/08/16","元富-古亭",50,3,47
"2070","6226光鼎","110/08/16","華南永昌-三重",3,37,-34
"2071","2363矽統","110/08/16","凱基-台北",2187,1127,1060
"2072","2363矽統","110/08/16","元大-東泰",32,339,-307
"2073","2363矽統","110/08/16","美商高盛",1277,381,896
"2074","2363矽統","110/08/16","國泰-敦南",408,608,-200
"2075","2363矽統","110/08/16","美林",777,172,605
"2076","2363矽統","110/08/16","台灣摩根士丹利",6,185,-179
"2077","2363矽統","110/08/16","新加坡商瑞銀",764,476,288
"2078","2363矽統","110/08/16","群益金鼎",14,154,-140
"2079","2363矽統","110/08/16","永豐金-嘉義",250,2,248
"2080","2363矽統","110/08/16","富邦-新竹",103,229,-126
"2081","2363矽統","110/08/16","瑞士信貸",247,11,236
"2082","2363矽統","110/08/16","凱基",0,120,-120
"2083","2363矽統","110/08/16","群益金鼎-士林",173,17,156
"2084","2363矽統","110/08/16","元大-大統",25,138,-113
"2085","2363矽統","110/08/16","統一-新竹",151,2,149
"2086","2363矽統","110/08/16","富邦-中壢",17,125,-108
"2087","2363矽統","110/08/16","港商野村",1539,1409,130
"2088","2363矽統","110/08/16","兆豐-天母",1,102,-101
"2089","2363矽統","110/08/16","凱基-長庚",136,12,124
"2090","2363矽統","110/08/16","陽信-石牌",13,105,-92
"2091","2363矽統","110/08/16","台新-三民",156,49,107
"2092","2363矽統","110/08/16","永豐金-新店",8,100,-92
"2093","2363矽統","110/08/16","凱基-南崁",98,26,72
"2094","2363矽統","110/08/16","日盛-北高雄",25,105,-80
"2095","2363矽統","110/08/16","元富-城東",78,9,69
"2096","2363矽統","110/08/16","元大-萬華",36,116,-80
"2097","2363矽統","110/08/16","元大-汐止",144,79,65
"2098","2363矽統","110/08/16","玉山證券",37,116,-79
"2099","2363矽統","110/08/16","永豐金-中壢",91,28,63
"2100","2363矽統","110/08/16","元大-敦南",3,81,-78
"2101","8112至上","110/08/16","合庫證券",140,7,133
"2102","8112至上","110/08/16","摩根大通",19,588,-569
"2103","8112至上","110/08/16","新光-桃園",102,4,98
"2104","8112至上","110/08/16","新加坡商瑞銀",17,338,-321
"2105","8112至上","110/08/16","元大-敦化",80,2,78
"2106","8112至上","110/08/16","瑞士信貸",3,181,-178
"2107","8112至上","110/08/16","元大-台北",71,0,71
"2108","8112至上","110/08/16","美林",84,183,-99
"2109","8112至上","110/08/16","凱基-嘉義",97,37,60
"2110","8112至上","110/08/16","台灣摩根士丹利",9,101,-92
"2111","8112至上","110/08/16","元大-開元",44,1,43
"2112","8112至上","110/08/16","凱基-台北",133,201,-68
"2113","8112至上","110/08/16","永豐金-台中",43,0,43
"2114","8112至上","110/08/16","新光-高雄",3,57,-54
"2115","8112至上","110/08/16","元大-仁愛",40,0,40
"2116","8112至上","110/08/16","新百王",1,51,-50
"2117","8112至上","110/08/16","富邦-仁愛",65,27,38
"2118","8112至上","110/08/16","華南永昌-新莊",2,47,-45
"2119","8112至上","110/08/16","元大-前金",40,3,37
"2120","8112至上","110/08/16","華南永昌-潮州",0,30,-30
"2121","8112至上","110/08/16","富邦-中壢",33,1,32
"2122","8112至上","110/08/16","國票-長城",18,45,-27
"2123","8112至上","110/08/16","統一-中壢",31,0,31
"2124","8112至上","110/08/16","群益金鼎-海山",3,30,-27
"2125","8112至上","110/08/16","台新-台中",32,1,31
"2126","8112至上","110/08/16","元大-發財",1,28,-27
"2127","8112至上","110/08/16","新光",38,11,27
"2128","8112至上","110/08/16","兆豐-斗南",4,30,-26
"2129","8112至上","110/08/16","合庫-嘉義",25,0,25
"2130","8112至上","110/08/16","國泰-板橋",9,32,-23
"2131","1570力肯","110/08/16","兆豐-民生",80,0,80
"2132","1570力肯","110/08/16","台新證券",17,184,-167
"2133","1570力肯","110/08/16","國票-北高雄",145,85,60
"2134","1570力肯","110/08/16","凱基-台北",61,183,-122
"2135","1570力肯","110/08/16","新光",83,31,52
"2136","1570力肯","110/08/16","摩根大通",18,89,-71
"2137","1570力肯","110/08/16","凱基-三峽",40,0,40
"2138","1570力肯","110/08/16","新光-台南",1,50,-49
"2139","1570力肯","110/08/16","元大-大雅",40,0,40
"2140","1570力肯","110/08/16","國泰-松江",0,30,-30
"2141","1570力肯","110/08/16","元富-新竹",30,0,30
"2142","1570力肯","110/08/16","永豐金-桃園",0,30,-30
"2143","1570力肯","110/08/16","富邦-花蓮",29,0,29
"2144","1570力肯","110/08/16","元富-文心",1,23,-22
"2145","1570力肯","110/08/16","統一-高雄",26,1,25
"2146","1570力肯","110/08/16","永豐金-屏東",3,25,-22
"2147","1570力肯","110/08/16","元大-雙和",24,0,24
"2148","1570力肯","110/08/16","台灣摩根士丹利",0,18,-18
"2149","1570力肯","110/08/16","日盛-高雄",21,0,21
"2150","1570力肯","110/08/16","元富-新店",2,20,-18
"2151","1570力肯","110/08/16","國票-和平",27,6,21
"2152","1570力肯","110/08/16","康和-屏東",0,16,-16
"2153","1570力肯","110/08/16","國泰證券",20,0,20
"2154","1570力肯","110/08/16","聯邦-三重",0,15,-15
"2155","1570力肯","110/08/16","群益金鼎-東門",20,0,20
"2156","1570力肯","110/08/16","富邦-內湖",8,21,-13
"2157","1570力肯","110/08/16","元大-民生",19,0,19
"2158","1570力肯","110/08/16","新光-台中",8,20,-12
"2159","1570力肯","110/08/16","元富-民權",15,0,15
"2160","1570力肯","110/08/16","國泰-館前",0,12,-12
"2161","2929淘帝","110/08/16","日盛-中壢",55,1,54
"2162","2929淘帝","110/08/16","摩根大通",10,80,-70
"2163","2929淘帝","110/08/16","元大-太平",31,0,31
"2164","2929淘帝","110/08/16","港商野村",13,57,-44
"2165","2929淘帝","110/08/16","宏遠-館前",30,0,30
"2166","2929淘帝","110/08/16","元大-西門",0,37,-37
"2167","2929淘帝","110/08/16","凱基-東門",24,0,24
"2168","2929淘帝","110/08/16","新加坡商瑞銀",4,26,-22
"2169","2929淘帝","110/08/16","台新-台中",21,0,21
"2170","2929淘帝","110/08/16","元大-大里",0,22,-22
"2171","2929淘帝","110/08/16","日盛-八德",16,0,16
"2172","2929淘帝","110/08/16","兆豐-三重",0,20,-20
"2173","2929淘帝","110/08/16","元富-文心",10,0,10
"2174","2929淘帝","110/08/16","永豐金-鳳山",0,14,-14
"2175","2929淘帝","110/08/16","兆豐-桃園",10,0,10
"2176","2929淘帝","110/08/16","美林",6,17,-11
"2177","2929淘帝","110/08/16","群益金鼎-基隆",10,0,10
"2178","2929淘帝","110/08/16","臺銀-金山",0,10,-10
"2179","2929淘帝","110/08/16","永豐金證券",10,0,10
"2180","2929淘帝","110/08/16","國票-博愛",0,10,-10
"2181","2929淘帝","110/08/16","新光",10,2,8
"2182","2929淘帝","110/08/16","元大-上新莊",2,12,-10
"2183","2929淘帝","110/08/16","元大-承德",8,0,8
"2184","2929淘帝","110/08/16","兆豐-大同",0,9,-9
"2185","2929淘帝","110/08/16","亞東-新竹",7,0,7
"2186","2929淘帝","110/08/16","台新-建北",0,9,-9
"2187","2929淘帝","110/08/16","凱基-林口",7,0,7
"2188","2929淘帝","110/08/16","國泰-館前",0,7,-7
"2189","2929淘帝","110/08/16","凱基-新豐",6,0,6
"2190","2929淘帝","110/08/16","兆豐-台南",0,6,-6
"2191","5410國眾","110/08/16","兆豐-城中",85,0,85
"2192","5410國眾","110/08/16","國泰-敦南",15,99,-84
"2193","5410國眾","110/08/16","元大-六合",42,0,42
"2194","5410國眾","110/08/16","凱基-高雄",0,50,-50
"2195","5410國眾","110/08/16","兆豐-小港",36,0,36
"2196","5410國眾","110/08/16","瑞士信貸",0,44,-44
"2197","5410國眾","110/08/16","凱基-台南",30,0,30
"2198","5410國眾","110/08/16","摩根大通",46,87,-41
"2199","5410國眾","110/08/16","富邦-建國",31,1,30
"2200","5410國眾","110/08/16","元大-士林",0,38,-38
"2201","5410國眾","110/08/16","國票-安和",31,4,27
"2202","5410國眾","110/08/16","兆豐-台中港",0,30,-30
"2203","5410國眾","110/08/16","凱基-竹北",24,0,24
"2204","5410國眾","110/08/16","凱基-台北",27,55,-28
"2205","5410國眾","110/08/16","玉山-新莊",15,0,15
"2206","5410國眾","110/08/16","元大-古亭",0,26,-26
"2207","5410國眾","110/08/16","元大-木柵",12,0,12
"2208","5410國眾","110/08/16","臺銀",1,24,-23
"2209","5410國眾","110/08/16","元大-新盛",12,0,12
"2210","5410國眾","110/08/16","元大-中壢",3,26,-23
"2211","5410國眾","110/08/16","永豐金-台南",12,1,11
"2212","5410國眾","110/08/16","元大-北港",0,21,-21
"2213","5410國眾","110/08/16","合庫-桃園",10,0,10
"2214","5410國眾","110/08/16","元大-北投",0,20,-20
"2215","5410國眾","110/08/16","日盛-屏東",10,0,10
"2216","5410國眾","110/08/16","元富-潮州",0,15,-15
"2217","5410國眾","110/08/16","元富-城東",10,0,10
"2218","5410國眾","110/08/16","臺銀-鳳山",1,15,-14
"2219","5410國眾","110/08/16","富邦-陽明",10,0,10
"2220","5410國眾","110/08/16","元大-屏東",0,14,-14
"2221","2841台開","110/08/16","宏遠-館前",190,0,190
"2222","2841台開","110/08/16","港商野村",0,44,-44
"2223","2841台開","110/08/16","合庫證券",30,0,30
"2224","2841台開","110/08/16","新光-台南",0,33,-33
"2225","2841台開","110/08/16","凱基-竹科",20,0,20
"2226","2841台開","110/08/16","台新證券",10,42,-32
"2227","2841台開","110/08/16","永豐金-中盛",13,0,13
"2228","2841台開","110/08/16","元大-大里德芳",0,30,-30
"2229","2841台開","110/08/16","大慶-蘆洲",10,0,10
"2230","2841台開","110/08/16","合庫-台中",0,28,-28
"2231","2841台開","110/08/16","新光",13,3,10
"2232","2841台開","110/08/16","元大-善化",0,20,-20
"2233","2841台開","110/08/16","元大-新店中正",10,0,10
"2234","2841台開","110/08/16","永豐金-敦南",30,50,-20
"2235","2841台開","110/08/16","群益金鼎-崇德",8,0,8
"2236","2841台開","110/08/16","新加坡商瑞銀",0,16,-16
"2237","2841台開","110/08/16","元富-成功",7,0,7
"2238","2841台開","110/08/16","玉山-新莊",0,16,-16
"2239","2841台開","110/08/16","元大-彰化",7,0,7
"2240","2841台開","110/08/16","日盛-內湖",0,15,-15
"2241","2841台開","110/08/16","台中銀",5,0,5
"2242","2841台開","110/08/16","兆豐-民生",0,15,-15
"2243","2841台開","110/08/16","中國信託-文心",5,0,5
"2244","2841台開","110/08/16","華南永昌-高雄",0,15,-15
"2245","2841台開","110/08/16","兆豐-台中",5,0,5
"2246","2841台開","110/08/16","元大-永康",0,10,-10
"2247","2841台開","110/08/16","台新-新營",5,0,5
"2248","2841台開","110/08/16","元大-北三重",0,10,-10
"2249","2841台開","110/08/16","凱基-東港",10,5,5
"2250","2841台開","110/08/16","永豐金證券",0,10,-10
"2251","6207雷科","110/08/16","台新-高雄",131,3,128
"2252","6207雷科","110/08/16","元大-高雄",0,52,-52
"2253","6207雷科","110/08/16","凱基-台北",70,20,50
"2254","6207雷科","110/08/16","摩根大通",62,112,-50
"2255","6207雷科","110/08/16","元大-東門",42,0,42
"2256","6207雷科","110/08/16","華南永昌-三重",0,50,-50
"2257","6207雷科","110/08/16","永豐金證券",30,0,30
"2258","6207雷科","110/08/16","凱基-復興",0,40,-40
"2259","6207雷科","110/08/16","元大-六合",21,0,21
"2260","6207雷科","110/08/16","元大-潮州",0,40,-40
"2261","6207雷科","110/08/16","群益金鼎-東門",20,0,20
"2262","6207雷科","110/08/16","日盛證券",2,37,-35
"2263","6207雷科","110/08/16","元大-松江",20,0,20
"2264","6207雷科","110/08/16","新加坡商瑞銀",45,80,-35
"2265","6207雷科","110/08/16","大昌-桃園",28,10,18
"2266","6207雷科","110/08/16","玉山-士林",0,27,-27
"2267","6207雷科","110/08/16","統一-新竹",16,0,16
"2268","6207雷科","110/08/16","元大-大統",0,22,-22
"2269","6207雷科","110/08/16","台中銀",15,0,15
"2270","6207雷科","110/08/16","元大-民生",2,24,-22
"2271","6207雷科","110/08/16","中國信託-三重",13,0,13
"2272","6207雷科","110/08/16","凱基-高雄",6,27,-21
"2273","6207雷科","110/08/16","凱基-岡山",11,0,11
"2274","6207雷科","110/08/16","國票-北高雄",0,15,-15
"2275","6207雷科","110/08/16","富邦-中壢",11,0,11
"2276","6207雷科","110/08/16","新光",0,12,-12
"2277","6207雷科","110/08/16","港商野村",27,17,10
"2278","6207雷科","110/08/16","台新-左楠",1,12,-11
"2279","6207雷科","110/08/16","第一金-安和",10,0,10
"2280","6207雷科","110/08/16","新光-台南",0,10,-10
"2281","3679新至陞","110/08/16","凱基-台北",15,2,13
"2282","3679新至陞","110/08/16","摩根大通",7,19,-12
"2283","3679新至陞","110/08/16","台灣摩根士丹利",8,3,5
"2284","3679新至陞","110/08/16","瑞士信貸",0,11,-11
"2285","3679新至陞","110/08/16","國泰-桃園",5,0,5
"2286","3679新至陞","110/08/16","永豐金-苓雅",1,5,-4
"2287","3679新至陞","110/08/16","美商高盛",3,0,3
"2288","3679新至陞","110/08/16","國泰-松江",0,3,-3
"2289","3679新至陞","110/08/16","華南永昌",3,0,3
"2290","3679新至陞","110/08/16","凱基-台南",0,3,-3
"2291","3679新至陞","110/08/16","日盛-竹北",2,0,2
"2292","3679新至陞","110/08/16","彰銀",0,2,-2
"2293","3679新至陞","110/08/16","日盛-文化",3,1,2
"2294","3679新至陞","110/08/16","新加坡商瑞銀",0,2,-2
"2295","3679新至陞","110/08/16","大慶-蘆洲",3,1,2
"2296","3679新至陞","110/08/16","第一金-頭份",0,2,-2
"2297","3679新至陞","110/08/16","國票-九鼎",2,0,2
"2298","3679新至陞","110/08/16","康和-嘉義",0,2,-2
"2299","3679新至陞","110/08/16","華南永昌-高雄",2,0,2
"2300","3679新至陞","110/08/16","凱基-站前",0,2,-2
"2301","3679新至陞","110/08/16","元大-新店中正",2,0,2
"2302","3679新至陞","110/08/16","元大證券",0,2,-2
"2303","3679新至陞","110/08/16","土銀-士林",1,0,1
"2304","3679新至陞","110/08/16","元大-頭份",0,2,-2
"2305","3679新至陞","110/08/16","日盛證券",1,0,1
"2306","3679新至陞","110/08/16","元大-斗信",0,2,-2
"2307","3679新至陞","110/08/16","美林",10,9,1
"2308","3679新至陞","110/08/16","元大-嘉義",0,2,-2
"2309","3679新至陞","110/08/16","第一金-忠孝",1,0,1
"2310","3679新至陞","110/08/16","日盛-龍潭",0,1,-1
"2311","2727王品","110/08/16","瑞士信貸",49,0,49
"2312","2727王品","110/08/16","台新證券",4,162,-158
"2313","2727王品","110/08/16","台灣摩根士丹利",33,3,30
"2314","2727王品","110/08/16","臺銀-鳳山",5,81,-76
"2315","2727王品","110/08/16","新光",37,12,25
"2316","2727王品","110/08/16","玉山-台南",2,33,-31
"2317","2727王品","110/08/16","日盛-忠孝",20,0,20
"2318","2727王品","110/08/16","美商高盛",0,23,-23
"2319","2727王品","110/08/16","元大-東蘆",16,1,15
"2320","2727王品","110/08/16","兆豐-南京",0,20,-20
"2321","2727王品","110/08/16","第一金-台中",15,1,14
"2322","2727王品","110/08/16","凱基-虎尾",0,20,-20
"2323","2727王品","110/08/16","國泰-敦南",29,15,14
"2324","2727王品","110/08/16","中國信託",2,20,-18
"2325","2727王品","110/08/16","第一金-桃園",13,0,13
"2326","2727王品","110/08/16","新光-桃園",2,20,-18
"2327","2727王品","110/08/16","第一金-忠孝",13,1,12
"2328","2727王品","110/08/16","永豐金證券",2,20,-18
"2329","2727王品","110/08/16","摩根大通",24,12,12
"2330","2727王品","110/08/16","統一",6,22,-16
"2331","2727王品","110/08/16","富邦-陽明",15,3,12
"2332","2727王品","110/08/16","合庫證券",2,14,-12
"2333","2727王品","110/08/16","元富-西松",13,2,11
"2334","2727王品","110/08/16","富邦-仁愛",7,19,-12
"2335","2727王品","110/08/16","聯邦-興中",11,0,11
"2336","2727王品","110/08/16","元大-竹科",4,16,-12
"2337","2727王品","110/08/16","中國信託-松江",10,0,10
"2338","2727王品","110/08/16","元大-和平",0,12,-12
"2339","2727王品","110/08/16","凱基-市府",10,0,10
"2340","2727王品","110/08/16","凱基-興隆",1,12,-11
"2341","1570力肯","110/08/16","兆豐-民生",80,0,80
"2342","1570力肯","110/08/16","台新證券",17,184,-167
"2343","1570力肯","110/08/16","國票-北高雄",145,85,60
"2344","1570力肯","110/08/16","凱基-台北",61,183,-122
"2345","1570力肯","110/08/16","新光",83,31,52
"2346","1570力肯","110/08/16","摩根大通",18,89,-71
"2347","1570力肯","110/08/16","凱基-三峽",40,0,40
"2348","1570力肯","110/08/16","新光-台南",1,50,-49
"2349","1570力肯","110/08/16","元大-大雅",40,0,40
"2350","1570力肯","110/08/16","國泰-松江",0,30,-30
"2351","1570力肯","110/08/16","元富-新竹",30,0,30
"2352","1570力肯","110/08/16","永豐金-桃園",0,30,-30
"2353","1570力肯","110/08/16","富邦-花蓮",29,0,29
"2354","1570力肯","110/08/16","元富-文心",1,23,-22
"2355","1570力肯","110/08/16","統一-高雄",26,1,25
"2356","1570力肯","110/08/16","永豐金-屏東",3,25,-22
"2357","1570力肯","110/08/16","元大-雙和",24,0,24
"2358","1570力肯","110/08/16","台灣摩根士丹利",0,18,-18
"2359","1570力肯","110/08/16","日盛-高雄",21,0,21
"2360","1570力肯","110/08/16","元富-新店",2,20,-18
"2361","1570力肯","110/08/16","國票-和平",27,6,21
"2362","1570力肯","110/08/16","康和-屏東",0,16,-16
"2363","1570力肯","110/08/16","國泰證券",20,0,20
"2364","1570力肯","110/08/16","聯邦-三重",0,15,-15
"2365","1570力肯","110/08/16","群益金鼎-東門",20,0,20
"2366","1570力肯","110/08/16","富邦-內湖",8,21,-13
"2367","1570力肯","110/08/16","元大-民生",19,0,19
"2368","1570力肯","110/08/16","新光-台中",8,20,-12
"2369","1570力肯","110/08/16","元富-民權",15,0,15
"2370","1570力肯","110/08/16","國泰-館前",0,12,-12
"2371","6180橘子","110/08/16","美林",85,0,85
"2372","6180橘子","110/08/16","合庫-高雄",2,121,-119
"2373","6180橘子","110/08/16","新加坡商瑞銀",42,8,34
"2374","6180橘子","110/08/16","群益金鼎-三民",0,100,-100
"2375","6180橘子","110/08/16","合庫-自強",30,0,30
"2376","6180橘子","110/08/16","台灣摩根士丹利",0,50,-50
"2377","6180橘子","110/08/16","元大-中壢",23,0,23
"2378","6180橘子","110/08/16","統一",0,30,-30
"2379","6180橘子","110/08/16","新光-桃園",24,2,22
"2380","6180橘子","110/08/16","凱基-台北",0,27,-27
"2381","6180橘子","110/08/16","日盛-板橋",20,0,20
"2382","6180橘子","110/08/16","群益金鼎-大安",0,20,-20
"2383","6180橘子","110/08/16","康和-嘉義",19,0,19
"2384","6180橘子","110/08/16","元大-博愛",1,20,-19
"2385","6180橘子","110/08/16","永豐金-敦北",19,1,18
"2386","6180橘子","110/08/16","元大-文心興安",2,20,-18
"2387","6180橘子","110/08/16","元大-四維",16,0,16
"2388","6180橘子","110/08/16","統一-中壢",0,15,-15
"2389","6180橘子","110/08/16","元大-和平",16,0,16
"2390","6180橘子","110/08/16","元富-宜蘭",2,15,-13
"2391","6180橘子","110/08/16","港商野村",27,12,15
"2392","6180橘子","110/08/16","元大-沙鹿",0,12,-12
"2393","6180橘子","110/08/16","富隆-長安",15,0,15
"2394","6180橘子","110/08/16","元大-清水",0,12,-12
"2395","6180橘子","110/08/16","摩根大通",51,36,15
"2396","6180橘子","110/08/16","臺銀-鳳山",3,14,-11
"2397","6180橘子","110/08/16","美商高盛",15,1,14
"2398","6180橘子","110/08/16","盈溢",0,10,-10
"2399","6180橘子","110/08/16","元大-永和",13,0,13
"2400","6180橘子","110/08/16","元富-世貿",0,10,-10
"2401","2390云辰","110/08/16","富邦-虎尾",514,48,466
"2402","2390云辰","110/08/16","凱基-台北",495,1222,-727
"2403","2390云辰","110/08/16","摩根大通",2747,2369,378
"2404","2390云辰","110/08/16","元富-西松",194,423,-229
"2405","2390云辰","110/08/16","國泰-桃園",291,66,225
"2406","2390云辰","110/08/16","國票-安和",121,349,-228
"2407","2390云辰","110/08/16","元大-木柵",237,23,214
"2408","2390云辰","110/08/16","元大-信義",10,155,-145
"2409","2390云辰","110/08/16","新光",859,695,164
"2410","2390云辰","110/08/16","統一-新台中",6,137,-131
"2411","2390云辰","110/08/16","元大證券",229,67,162
"2412","2390云辰","110/08/16","美林",355,470,-115
"2413","2390云辰","110/08/16","兆豐-埔墘",719,573,146
"2414","2390云辰","110/08/16","台新-高雄",113,208,-95
"2415","2390云辰","110/08/16","永豐金-嘉義",144,20,124
"2416","2390云辰","110/08/16","豐農",37,114,-77
"2417","2390云辰","110/08/16","元大-台中",126,26,100
"2418","2390云辰","110/08/16","國泰-忠孝",15,85,-70
"2419","2390云辰","110/08/16","瑞士信貸",124,28,96
"2420","2390云辰","110/08/16","富邦-北港",154,223,-69
"2421","2390云辰","110/08/16","永豐金-古亭",120,24,96
"2422","2390云辰","110/08/16","凱基-科園",11,79,-68
"2423","2390云辰","110/08/16","富邦-嘉義",2108,2013,95
"2424","2390云辰","110/08/16","華南永昌-台中",82,149,-67
"2425","2390云辰","110/08/16","富邦-內湖",120,26,94
"2426","2390云辰","110/08/16","台新-左楠",61,126,-65
"2427","2390云辰","110/08/16","群益金鼎-三重",142,56,86
"2428","2390云辰","110/08/16","元大-林園",3,67,-64
"2429","2390云辰","110/08/16","元大-前金",200,123,77
"2430","2390云辰","110/08/16","永豐金-萬盛",23,84,-61
"2431","2867三商壽","110/08/13","美商高盛",295,16,279
"2432","2867三商壽","110/08/13","摩根大通",109,286,-177
"2433","2867三商壽","110/08/13","大慶-中壢",183,1,182
"2434","2867三商壽","110/08/13","元大-佳里",0,113,-113
"2435","2867三商壽","110/08/13","新加坡商瑞銀",121,0,121
"2436","2867三商壽","110/08/13","元大-崇德",0,103,-103
"2437","2867三商壽","110/08/13","凱基-五股",100,0,100
"2438","2867三商壽","110/08/13","台灣摩根士丹利",9,83,-74
"2439","2867三商壽","110/08/13","元大-桃園",100,1,99
"2440","2867三商壽","110/08/13","國泰-台南",1,73,-72
"2441","2867三商壽","110/08/13","凱基-虎尾",90,0,90
"2442","2867三商壽","110/08/13","元大證券",1,62,-61
"2443","2867三商壽","110/08/13","華南永昌-高雄",100,10,90
"2444","2867三商壽","110/08/13","元大-台中",0,60,-60
"2445","2867三商壽","110/08/13","兆豐-北高雄",81,2,79
"2446","2867三商壽","110/08/13","元大-大同",0,53,-53
"2447","2867三商壽","110/08/13","新光",105,39,66
"2448","2867三商壽","110/08/13","兆豐-鹿港",0,50,-50
"2449","2867三商壽","110/08/13","富邦-彰化",60,0,60
"2450","2867三商壽","110/08/13","合庫-西台中",2,50,-48
"2451","2867三商壽","110/08/13","富邦-台南",60,0,60
"2452","2867三商壽","110/08/13","新光-台中",7,53,-46
"2453","2867三商壽","110/08/13","玉山-板橋",60,1,59
"2454","2867三商壽","110/08/13","元大-大益",0,44,-44
"2455","2867三商壽","110/08/13","群益金鼎-新竹",56,0,56
"2456","2867三商壽","110/08/13","亞東-板橋",0,36,-36
"2457","2867三商壽","110/08/13","元大-大統",53,0,53
"2458","2867三商壽","110/08/13","福邦證券",0,34,-34
"2459","2867三商壽","110/08/13","瑞士信貸",55,3,52
"2460","2867三商壽","110/08/13","元大-博愛",16,50,-34
"2461","5521工信","110/08/13","日進",100,0,100
"2462","5521工信","110/08/13","美林",1,87,-86
"2463","5521工信","110/08/13","摩根大通",180,102,78
"2464","5521工信","110/08/13","日盛-復興",1,70,-69
"2465","5521工信","110/08/13","元大-鳳山",30,0,30
"2466","5521工信","110/08/13","永豐金-鳳山",1,60,-59
"2467","5521工信","110/08/13","(牛牛牛)亞-鑫豐",28,2,26
"2468","5521工信","110/08/13","中國信託-三重",0,52,-52
"2469","5521工信","110/08/13","新光",24,0,24
"2470","5521工信","110/08/13","華南永昌-民權",0,50,-50
"2471","5521工信","110/08/13","華南永昌-彰化",21,0,21
"2472","5521工信","110/08/13","第一金-新竹",0,34,-34
"2473","5521工信","110/08/13","台灣企銀-建成",20,0,20
"2474","5521工信","110/08/13","凱基-台北",18,49,-31
"2475","5521工信","110/08/13","大昌",20,0,20
"2476","5521工信","110/08/13","元大-新莊",10,38,-28
"2477","5521工信","110/08/13","兆豐-中壢",20,0,20
"2478","5521工信","110/08/13","台灣摩根士丹利",2,28,-26
"2479","5521工信","110/08/13","國票-和平",20,0,20
"2480","5521工信","110/08/13","華南永昌",0,23,-23
"2481","5521工信","110/08/13","元大-基隆孝二",20,0,20
"2482","5521工信","110/08/13","統一-板橋",0,20,-20
"2483","5521工信","110/08/13","日盛-中和",19,0,19
"2484","5521工信","110/08/13","港商法國興業",0,17,-17
"2485","5521工信","110/08/13","兆豐-小港",19,0,19
"2486","5521工信","110/08/13","元大-府城",0,16,-16
"2487","5521工信","110/08/13","富邦-高雄",17,0,17
"2488","5521工信","110/08/13","元大-敦化",0,16,-16
"2489","5521工信","110/08/13","統一-員林",15,0,15
"2490","5521工信","110/08/13","新光-新竹",5,20,-15
"2491","1471首利","110/08/13","聯邦-高雄",42,0,42
"2492","1471首利","110/08/13","摩根大通",41,220,-179
"2493","1471首利","110/08/13","元大-西門",40,0,40
"2494","1471首利","110/08/13","元大-敦化",0,100,-100
"2495","1471首利","110/08/13","元大-大灣",37,0,37
"2496","1471首利","110/08/13","美林",0,69,-69
"2497","1471首利","110/08/13","第一金-台南",30,0,30
"2498","1471首利","110/08/13","瑞士信貸",5,65,-60
"2499","1471首利","110/08/13","元富-大昌",25,0,25
"2500","1471首利","110/08/13","美商高盛",0,51,-51
"2501","1471首利","110/08/13","大慶-中壢",20,0,20
"2502","1471首利","110/08/13","華南永昌-苗栗",5,30,-25
"2503","1471首利","110/08/13","凱基-台南",20,0,20
"2504","1471首利","110/08/13","玉山-台南",0,22,-22
"2505","1471首利","110/08/13","新光",19,0,19
"2506","1471首利","110/08/13","元富-民權",0,20,-20
"2507","1471首利","110/08/13","凱基-羅東",17,0,17
"2508","1471首利","110/08/13","中國信託",0,20,-20
"2509","1471首利","110/08/13","永豐金-台南",20,4,16
"2510","1471首利","110/08/13","凱基-五股",0,20,-20
"2511","1471首利","110/08/13","元大-屏東",14,0,14
"2512","1471首利","110/08/13","台灣摩根士丹利",0,17,-17
"2513","1471首利","110/08/13","新光-台中",16,4,12
"2514","1471首利","110/08/13","兆豐-員林",2,15,-13
"2515","1471首利","110/08/13","元大-頭份",12,0,12
"2516","1471首利","110/08/13","日盛-宜蘭",0,10,-10
"2517","1471首利","110/08/13","凱基-三重",11,0,11
"2518","1471首利","110/08/13","元富-緯城",1,10,-9
"2519","1471首利","110/08/13","日盛-鳳山",10,0,10
"2520","1471首利","110/08/13","國泰-台中",2,8,-6
"2521","2883開發金","110/08/13","凱基-台北",23196,4416,18780
"2522","2883開發金","110/08/13","永豐金-彰化",79,4793,-4714
"2523","2883開發金","110/08/13","摩根大通",24818,6057,18761
"2524","2883開發金","110/08/13","第一金-忠孝",55,4613,-4558
"2525","2883開發金","110/08/13","新加坡商瑞銀",6645,205,6440
"2526","2883開發金","110/08/13","台新證券",1316,5539,-4223
"2527","2883開發金","110/08/13","中國信託-文心",4723,123,4600
"2528","2883開發金","110/08/13","日盛證券",587,3754,-3167
"2529","2883開發金","110/08/13","美林",6276,1780,4496
"2530","2883開發金","110/08/13","群益金鼎-大甲",48,2429,-2381
"2531","2883開發金","110/08/13","國泰證券",3682,17,3665
"2532","2883開發金","110/08/13","永豐金證券",169,1849,-1680
"2533","2883開發金","110/08/13","台灣摩根士丹利",3927,582,3345
"2534","2883開發金","110/08/13","華南永昌-南京",169,1407,-1238
"2535","2883開發金","110/08/13","群益金鼎",2401,367,2034
"2536","2883開發金","110/08/13","凱基-台東",270,1494,-1224
"2537","2883開發金","110/08/13","香港上海匯豐",2006,0,2006
"2538","2883開發金","110/08/13","日盛-板橋",207,1398,-1191
"2539","2883開發金","110/08/13","兆豐證券",1776,128,1648
"2540","2883開發金","110/08/13","元大-萬華",78,1243,-1165
"2541","2883開發金","110/08/13","瑞士信貸",3551,2174,1377
"2542","2883開發金","110/08/13","富邦-台北",295,1428,-1133
"2543","2883開發金","110/08/13","港商野村",7299,6088,1211
"2544","2883開發金","110/08/13","元大-成功",216,1287,-1071
"2545","2883開發金","110/08/13","美商高盛",1016,0,1016
"2546","2883開發金","110/08/13","新光-台中",485,1519,-1034
"2547","2883開發金","110/08/13","元大-大灣",1183,214,969
"2548","2883開發金","110/08/13","國票",232,1261,-1029
"2549","2883開發金","110/08/13","花旗環球",1104,284,820
"2550","2883開發金","110/08/13","永豐金-桃園",141,1157,-1016
"2551","6205詮欣","110/08/13","合庫-三重",15,0,15
"2552","6205詮欣","110/08/13","摩根大通",3,17,-14
"2553","6205詮欣","110/08/13","港商法國興業",11,0,11
"2554","6205詮欣","110/08/13","元大-善化",0,10,-10
"2555","6205詮欣","110/08/13","臺銀-民權",7,0,7
"2556","6205詮欣","110/08/13","元大-台中中港",0,3,-3
"2557","6205詮欣","110/08/13","日盛-三重",5,0,5
"2558","6205詮欣","110/08/13","合庫-鳳山",0,2,-2
"2559","6205詮欣","110/08/13","群益金鼎-屏東",5,0,5
"2560","6205詮欣","110/08/13","元富-潮州",0,2,-2
"2561","6205詮欣","110/08/13","德信-新營",3,0,3
"2562","6205詮欣","110/08/13","兆豐-桃鶯",0,2,-2
"2563","6205詮欣","110/08/13","美林",2,0,2
"2564","6205詮欣","110/08/13","致和-台北",0,2,-2
"2565","6205詮欣","110/08/13","兆豐-西螺",1,0,1
"2566","6205詮欣","110/08/13","華南永昌-三重",0,2,-2
"2567","6205詮欣","110/08/13","新光-台中",1,0,1
"2568","6205詮欣","110/08/13","土銀-台中",0,1,-1
"2569","6205詮欣","110/08/13","聯邦-嘉義",1,0,1
"2570","6205詮欣","110/08/13","日盛-中壢",0,1,-1
"2571","6205詮欣","110/08/13","玉山-南京東路",1,0,1
"2572","6205詮欣","110/08/13","美商高盛",0,1,-1
"2573","6205詮欣","110/08/13","群益金鼎-中港",1,0,1
"2574","6205詮欣","110/08/13","大展-台南",0,1,-1
"2575","6205詮欣","110/08/13","凱基-大安",1,0,1
"2576","6205詮欣","110/08/13","第一金-彰化",0,1,-1
"2577","6205詮欣","110/08/13","元大-仁愛",1,0,1
"2578","6205詮欣","110/08/13","統一-三重",1,2,-1
"2579","6205詮欣","110/08/13","元大-台南",1,0,1
"2580","6205詮欣","110/08/13","元富-桃園",0,1,-1
"2581","1540喬福","110/08/13","元富-中原",100,0,100
"2582","1540喬福","110/08/13","日盛-文化",0,48,-48
"2583","1540喬福","110/08/13","台新-台中",31,0,31
"2584","1540喬福","110/08/13","凱基-台北",0,33,-33
"2585","1540喬福","110/08/13","兆豐-北高雄",18,0,18
"2586","1540喬福","110/08/13","元大-大安",0,32,-32
"2587","1540喬福","110/08/13","元大-土城永寧",11,0,11
"2588","1540喬福","110/08/13","合庫-台中",2,23,-21
"2589","1540喬福","110/08/13","(牛牛牛)亞-鑫豐",10,0,10
"2590","1540喬福","110/08/13","華南永昌-楠梓",0,20,-20
"2591","1540喬福","110/08/13","凱基-中壢",7,0,7
"2592","1540喬福","110/08/13","群益金鼎-館前",1,20,-19
"2593","1540喬福","110/08/13","安泰",5,0,5
"2594","1540喬福","110/08/13","富邦-花蓮",0,15,-15
"2595","1540喬福","110/08/13","群益金鼎-古亭",5,0,5
"2596","1540喬福","110/08/13","日盛-景美",0,10,-10
"2597","1540喬福","110/08/13","元富-緯城",4,0,4
"2598","1540喬福","110/08/13","台新-高雄",0,9,-9
"2599","1540喬福","110/08/13","兆豐-南京",4,0,4
"2600","1540喬福","110/08/13","玉山-大里",0,8,-8
"2601","1540喬福","110/08/13","凱基-台中",4,0,4
"2602","1540喬福","110/08/13","元大-斗信",0,8,-8
"2603","1540喬福","110/08/13","凱基-台南",5,1,4
"2604","1540喬福","110/08/13","新光-台南",0,6,-6
"2605","1540喬福","110/08/13","元大-龍潭",4,0,4
"2606","1540喬福","110/08/13","兆豐-板橋",0,5,-5
"2607","1540喬福","110/08/13","兆豐-高雄",3,0,3
"2608","1540喬福","110/08/13","富邦-彰化",0,5,-5
"2609","1540喬福","110/08/13","兆豐-鹿港",3,0,3
"2610","1540喬福","110/08/13","美林",0,4,-4
"2611","2888新光金","110/08/13","永豐金-天母",2112,0,2112
"2612","2888新光金","110/08/13","摩根大通",308,3587,-3279
"2613","2888新光金","110/08/13","合庫-西台中",2116,5,2111
"2614","2888新光金","110/08/13","玉山-嘉義",7,1514,-1507
"2615","2888新光金","110/08/13","統一-新竹",1706,0,1706
"2616","2888新光金","110/08/13","國票-台東",0,1500,-1500
"2617","2888新光金","110/08/13","凱基-台北",3076,1640,1436
"2618","2888新光金","110/08/13","台灣摩根士丹利",127,1148,-1021
"2619","2888新光金","110/08/13","元大證券",1418,10,1408
"2620","2888新光金","110/08/13","華南永昌-岡山",62,930,-868
"2621","2888新光金","110/08/13","康和",761,2,759
"2622","2888新光金","110/08/13","港商野村",47,827,-780
"2623","2888新光金","110/08/13","富邦-仁愛",739,52,687
"2624","2888新光金","110/08/13","美商高盛",697,1236,-539
"2625","2888新光金","110/08/13","新加坡商瑞銀",716,121,595
"2626","2888新光金","110/08/13","日盛-八德",88,572,-484
"2627","2888新光金","110/08/13","富邦-彰化",588,12,576
"2628","2888新光金","110/08/13","群益金鼎-三重",1,437,-436
"2629","2888新光金","110/08/13","玉山證券",558,12,546
"2630","2888新光金","110/08/13","永豐金-嘉義",52,472,-420
"2631","2888新光金","110/08/13","群益金鼎-瑞豐",550,10,540
"2632","2888新光金","110/08/13","元富-城東",7,390,-383
"2633","2888新光金","110/08/13","元大-三重",523,0,523
"2634","2888新光金","110/08/13","群益金鼎-高雄",6,387,-381
"2635","2888新光金","110/08/13","永豐金-博愛",420,27,393
"2636","2888新光金","110/08/13","凱基-宜蘭",9,379,-370
"2637","2888新光金","110/08/13","第一金-豐原",364,20,344
"2638","2888新光金","110/08/13","美林",938,1287,-349
"2639","2888新光金","110/08/13","國票-九鼎",317,3,314
"2640","2888新光金","110/08/13","華南永昌-台中",0,329,-329
"2641","1340勝悅","110/08/13","元富-成功",72,0,72
"2642","1340勝悅","110/08/13","元大-忠孝",0,36,-36
"2643","1340勝悅","110/08/13","元大-博愛",10,0,10
"2644","1340勝悅","110/08/13","新光",4,21,-17
"2645","1340勝悅","110/08/13","臺灣企銀-埔墘",5,0,5
"2646","1340勝悅","110/08/13","摩根大通",3,19,-16
"2647","1340勝悅","110/08/13","元大-新莊",5,0,5
"2648","1340勝悅","110/08/13","群益金鼎-三重",0,15,-15
"2649","1340勝悅","110/08/13","美商高盛",4,0,4
"2650","1340勝悅","110/08/13","日盛-永康",0,10,-10
"2651","1340勝悅","110/08/13","國泰-敦南",6,2,4
"2652","1340勝悅","110/08/13","華南永昌-合泰",0,10,-10
"2653","1340勝悅","110/08/13","統一-城中",6,3,3
"2654","1340勝悅","110/08/13","日盛-木柵",0,8,-8
"2655","1340勝悅","110/08/13","元富-新店",3,0,3
"2656","1340勝悅","110/08/13","港商法國興業",0,6,-6
"2657","1340勝悅","110/08/13","玉山-士林",3,0,3
"2658","1340勝悅","110/08/13","群益金鼎-中港",0,5,-5
"2659","1340勝悅","110/08/13","群益金鼎-館前",4,1,3
"2660","1340勝悅","110/08/13","第一金-自由",0,4,-4
"2661","1340勝悅","110/08/13","元富-安南",2,0,2
"2662","1340勝悅","110/08/13","兆豐-新營",0,4,-4
"2663","1340勝悅","110/08/13","大昌-樹林",2,0,2
"2664","1340勝悅","110/08/13","國泰-台中",1,5,-4
"2665","1340勝悅","110/08/13","群益金鼎",2,0,2
"2666","1340勝悅","110/08/13","元大-林園",0,4,-4
"2667","1340勝悅","110/08/13","群益金鼎-北高雄",2,0,2
"2668","1340勝悅","110/08/13","元大-四維",0,4,-4
"2669","1340勝悅","110/08/13","華南永昌",2,0,2
"2670","1340勝悅","110/08/13","美林",0,2,-2
"2671","6246臺龍","110/08/13","華南永昌-彰化",31,0,31
"2672","6246臺龍","110/08/13","永豐金-內湖",0,95,-95
"2673","6246臺龍","110/08/13","合庫-台中",23,0,23
"2674","6246臺龍","110/08/13","玉山-大里",0,21,-21
"2675","6246臺龍","110/08/13","兆豐-忠孝",24,3,21
"2676","6246臺龍","110/08/13","新光-新竹",0,20,-20
"2677","6246臺龍","110/08/13","元大-台北",16,0,16
"2678","6246臺龍","110/08/13","台新-台中",1,19,-18
"2679","6246臺龍","110/08/13","元大-新莊",11,1,10
"2680","6246臺龍","110/08/13","光和",2,17,-15
"2681","6246臺龍","110/08/13","德信-新營",9,0,9
"2682","6246臺龍","110/08/13","日盛-高雄",0,10,-10
"2683","6246臺龍","110/08/13","凱基-永和",9,0,9
"2684","6246臺龍","110/08/13","元富-世貿",0,10,-10
"2685","6246臺龍","110/08/13","港商野村",20,12,8
"2686","6246臺龍","110/08/13","(牛牛牛)亞-鑫豐",1,11,-10
"2687","6246臺龍","110/08/13","富邦-建國",8,0,8
"2688","6246臺龍","110/08/13","國泰-敦南",6,16,-10
"2689","6246臺龍","110/08/13","群益金鼎-開元",12,5,7
"2690","6246臺龍","110/08/13","永豐金-市政",1,10,-9
"2691","6246臺龍","110/08/13","群益金鼎-古亭",7,0,7
"2692","6246臺龍","110/08/13","華南永昌-嘉義",0,8,-8
"2693","6246臺龍","110/08/13","凱基-高美館",7,0,7
"2694","6246臺龍","110/08/13","富邦-敦南",4,11,-7
"2695","6246臺龍","110/08/13","元大-東蘆",10,3,7
"2696","6246臺龍","110/08/13","第一金-彰化",6,12,-6
"2697","6246臺龍","110/08/13","元大-金華",8,1,7
"2698","6246臺龍","110/08/13","新光-桃園",2,8,-6
"2699","6246臺龍","110/08/13","永豐金-松山",7,0,7
"2700","6246臺龍","110/08/13","凱基-竹科",0,6,-6
"2701","00715L期街口布蘭特正2","110/08/13","元大證券",6162,789,5373
"2702","00715L期街口布蘭特正2","110/08/13","元大-四維",2,1000,-998
"2703","00715L期街口布蘭特正2","110/08/13","元富",1528,0,1528
"2704","00715L期街口布蘭特正2","110/08/13","玉山-嘉義",20,1016,-996
"2705","00715L期街口布蘭特正2","110/08/13","合庫證券",1153,0,1153
"2706","00715L期街口布蘭特正2","110/08/13","群益金鼎-古亭",0,666,-666
"2707","00715L期街口布蘭特正2","110/08/13","富邦證券",1029,290,739
"2708","00715L期街口布蘭特正2","110/08/13","富邦-員林",9,489,-480
"2709","00715L期街口布蘭特正2","110/08/13","台新-台中",284,9,275
"2710","00715L期街口布蘭特正2","110/08/13","元大-嘉義",1,400,-399
"2711","00715L期街口布蘭特正2","110/08/13","兆豐-台中",238,0,238
"2712","00715L期街口布蘭特正2","110/08/13","臺銀-新竹",2,360,-358
"2713","00715L期街口布蘭特正2","110/08/13","統一-桃園",283,80,203
"2714","00715L期街口布蘭特正2","110/08/13","日盛-二林",0,300,-300
"2715","00715L期街口布蘭特正2","110/08/13","群益金鼎-屏東",200,0,200
"2716","00715L期街口布蘭特正2","110/08/13","群益金鼎-延平",100,400,-300
"2717","00715L期街口布蘭特正2","110/08/13","元富-虎尾",172,0,172
"2718","00715L期街口布蘭特正2","110/08/13","元大-中和",175,450,-275
"2719","00715L期街口布蘭特正2","110/08/13","凱基-五股",163,0,163
"2720","00715L期街口布蘭特正2","110/08/13","第一金-彰化",5,230,-225
"2721","00715L期街口布蘭特正2","110/08/13","國泰-台南",155,19,136
"2722","00715L期街口布蘭特正2","110/08/13","元大-大里",16,225,-209
"2723","00715L期街口布蘭特正2","110/08/13","永豐金證券",482,350,132
"2724","00715L期街口布蘭特正2","110/08/13","港商野村",7,212,-205
"2725","00715L期街口布蘭特正2","110/08/13","元大-內湖",110,0,110
"2726","00715L期街口布蘭特正2","110/08/13","合庫-新竹",1,199,-198
"2727","00715L期街口布蘭特正2","110/08/13","兆豐-嘉義",103,0,103
"2728","00715L期街口布蘭特正2","110/08/13","高橋",9,205,-196
"2729","00715L期街口布蘭特正2","110/08/13","群益金鼎-土城",100,0,100
"2730","00715L期街口布蘭特正2","110/08/13","國泰-敦南",78,271,-193
"2731","8941關中","110/08/13","宏遠-館前",3,0,3
"2732","8941關中","110/08/13","日盛-信義",0,2,-2
"2733","8941關中","110/08/13","國泰-忠孝",1,0,1
"2734","8941關中","110/08/13","宏遠-中和",0,1,-1
"2735","8941關中","110/08/13","康和-板橋",0,0,0
"2736","8941關中","110/08/13","康和-嘉義",0,1,-1
"2737","8941關中","110/08/13","富邦-左營",0,0,0
"2738","8941關中","110/08/13","康和-板橋",0,0,0
"2739","8941關中","110/08/13","元大-松江",0,0,0
"2740","8941關中","110/08/13","富邦-左營",0,0,0
"2741","8941關中","110/08/13","元大-淡水",0,0,0
"2742","8941關中","110/08/13","元大-松江",0,0,0
"2743","8941關中","110/08/13","",NA,NA,NA
"2744","8941關中","110/08/13","元大-淡水",0,0,0
"2745","8941關中","110/08/13","",NA,NA,NA
"2746","8941關中","110/08/13","",NA,NA,NA
"2747","8941關中","110/08/13","",NA,NA,NA
"2748","8941關中","110/08/13","",NA,NA,NA
"2749","8941關中","110/08/13","",NA,NA,NA
"2750","8941關中","110/08/13","",NA,NA,NA
"2751","8941關中","110/08/13","",NA,NA,NA
"2752","8941關中","110/08/13","",NA,NA,NA
"2753","8941關中","110/08/13","",NA,NA,NA
"2754","8941關中","110/08/13","",NA,NA,NA
"2755","8941關中","110/08/13","",NA,NA,NA
"2756","8941關中","110/08/13","",NA,NA,NA
"2757","8941關中","110/08/13","",NA,NA,NA
"2758","8941關中","110/08/13","",NA,NA,NA
"2759","8941關中","110/08/13","",NA,NA,NA
"2760","8941關中","110/08/13","",NA,NA,NA
"2761","8936國統","110/08/13","台新-高雄",127,0,127
"2762","8936國統","110/08/13","第一金-豐原",0,60,-60
"2763","8936國統","110/08/13","美林",84,18,66
"2764","8936國統","110/08/13","凱基-台北",1,50,-49
"2765","8936國統","110/08/13","摩根大通",40,14,26
"2766","8936國統","110/08/13","凱基-高美館",8,51,-43
"2767","8936國統","110/08/13","凱基-台南",23,0,23
"2768","8936國統","110/08/13","港商野村",8,39,-31
"2769","8936國統","110/08/13","第一金-路竹",20,0,20
"2770","8936國統","110/08/13","日盛-忠孝",0,25,-25
"2771","8936國統","110/08/13","元大-敦化",17,0,17
"2772","8936國統","110/08/13","群益金鼎-台中",0,20,-20
"2773","8936國統","110/08/13","新光-台中",22,6,16
"2774","8936國統","110/08/13","台新-台南",0,15,-15
"2775","8936國統","110/08/13","元大-文心",15,0,15
"2776","8936國統","110/08/13","元大-博愛",0,14,-14
"2777","8936國統","110/08/13","元大-敦南",14,0,14
"2778","8936國統","110/08/13","合庫-台南",0,10,-10
"2779","8936國統","110/08/13","日盛-北高雄",12,0,12
"2780","8936國統","110/08/13","新光-桃園",0,10,-10
"2781","8936國統","110/08/13","元大-西螺",10,0,10
"2782","8936國統","110/08/13","永豐金-南投",0,10,-10
"2783","8936國統","110/08/13","彰銀",8,0,8
"2784","8936國統","110/08/13","永豐金-竹科",0,10,-10
"2785","8936國統","110/08/13","元富-大昌",8,0,8
"2786","8936國統","110/08/13","富邦-竹北",0,8,-8
"2787","8936國統","110/08/13","富邦-南屯",10,2,8
"2788","8936國統","110/08/13","元大-大里德芳",5,13,-8
"2789","8936國統","110/08/13","元大-天母",7,0,7
"2790","8936國統","110/08/13","台新證券",0,7,-7
"2791","6226光鼎","110/08/13","國泰-敦南",676,469,207
"2792","6226光鼎","110/08/13","摩根大通",267,1531,-1264
"2793","6226光鼎","110/08/13","元富-新竹",163,19,144
"2794","6226光鼎","110/08/13","美商高盛",149,1352,-1203
"2795","6226光鼎","110/08/13","合庫-台中",461,334,127
"2796","6226光鼎","110/08/13","瑞士信貸",52,752,-700
"2797","6226光鼎","110/08/13","國泰-台中",734,609,125
"2798","6226光鼎","110/08/13","凱基-台北",84,488,-404
"2799","6226光鼎","110/08/13","元大-小港",198,88,110
"2800","6226光鼎","110/08/13","台新-中壢",2,226,-224
"2801","6226光鼎","110/08/13","凱基-永和",91,0,91
"2802","6226光鼎","110/08/13","元大-文心興安",44,216,-172
"2803","6226光鼎","110/08/13","元大-西螺",82,5,77
"2804","6226光鼎","110/08/13","美林",234,376,-142
"2805","6226光鼎","110/08/13","永豐金-南京",78,1,77
"2806","6226光鼎","110/08/13","凱基-嘉義",12,126,-114
"2807","6226光鼎","110/08/13","群益金鼎-萬華",78,9,69
"2808","6226光鼎","110/08/13","富邦-陽明",23,117,-94
"2809","6226光鼎","110/08/13","日盛-八德",63,1,62
"2810","6226光鼎","110/08/13","兆豐-大安",4,85,-81
"2811","6226光鼎","110/08/13","凱基-桃園",88,27,61
"2812","6226光鼎","110/08/13","永豐金-中盛",27,107,-80
"2813","6226光鼎","110/08/13","凱基-岡山",62,1,61
"2814","6226光鼎","110/08/13","元大證券",232,304,-72
"2815","6226光鼎","110/08/13","臺銀-鳳山",110,52,58
"2816","6226光鼎","110/08/13","凱基-台中",19,84,-65
"2817","6226光鼎","110/08/13","元大-板橋三民",114,56,58
"2818","6226光鼎","110/08/13","元大-士林",107,171,-64
"2819","6226光鼎","110/08/13","凱基-板橋",195,140,55
"2820","6226光鼎","110/08/13","富邦-高雄",15,69,-54
"2821","2363矽統","110/08/13","美商高盛",416,10,406
"2822","2363矽統","110/08/13","元大-佳里",319,1216,-897
"2823","2363矽統","110/08/13","土銀",374,14,360
"2824","2363矽統","110/08/13","瑞士信貸",0,836,-836
"2825","2363矽統","110/08/13","玉山-台中",289,18,271
"2826","2363矽統","110/08/13","永豐金-中正",22,676,-654
"2827","2363矽統","110/08/13","大展",244,10,234
"2828","2363矽統","110/08/13","台灣摩根士丹利",116,566,-450
"2829","2363矽統","110/08/13","永豐金-板盛",172,22,150
"2830","2363矽統","110/08/13","宏遠-桃園",11,359,-348
"2831","2363矽統","110/08/13","富邦-仁愛",198,49,149
"2832","2363矽統","110/08/13","國泰-敦南",671,911,-240
"2833","2363矽統","110/08/13","日盛-北高雄",206,85,121
"2834","2363矽統","110/08/13","元大證券",126,352,-226
"2835","2363矽統","110/08/13","台新-三民",163,55,108
"2836","2363矽統","110/08/13","花旗環球",0,223,-223
"2837","2363矽統","110/08/13","元富-新店",130,23,107
"2838","2363矽統","110/08/13","臺銀",48,259,-211
"2839","2363矽統","110/08/13","永豐金-桃盛",108,5,103
"2840","2363矽統","110/08/13","摩根大通",268,460,-192
"2841","2363矽統","110/08/13","元大-復北",129,28,101
"2842","2363矽統","110/08/13","國票",63,248,-185
"2843","2363矽統","110/08/13","台新-屏東",116,18,98
"2844","2363矽統","110/08/13","台新-高雄",91,263,-172
"2845","2363矽統","110/08/13","華南永昌-虎尾",180,87,93
"2846","2363矽統","110/08/13","合庫證券",18,177,-159
"2847","2363矽統","110/08/13","元大-板橋",101,10,91
"2848","2363矽統","110/08/13","第一金-華江",65,206,-141
"2849","2363矽統","110/08/13","新光",343,260,83
"2850","2363矽統","110/08/13","中國信託-忠孝",65,201,-136
"2851","8112至上","110/08/13","合庫證券",160,5,155
"2852","8112至上","110/08/13","摩根大通",123,818,-695
"2853","8112至上","110/08/13","凱基-竹科",140,12,128
"2854","8112至上","110/08/13","美林",22,299,-277
"2855","8112至上","110/08/13","臺灣企銀-桃園",126,0,126
"2856","8112至上","110/08/13","第一金-華江",4,158,-154
"2857","8112至上","110/08/13","統一-中壢",79,1,78
"2858","8112至上","110/08/13","群益金鼎-基隆",1,117,-116
"2859","8112至上","110/08/13","港商麥格理",86,9,77
"2860","8112至上","110/08/13","新光-桃園",2,100,-98
"2861","8112至上","110/08/13","富邦-新竹",78,2,76
"2862","8112至上","110/08/13","永興-水湳",0,95,-95
"2863","8112至上","110/08/13","凱基-復興",67,0,67
"2864","8112至上","110/08/13","凱基-新店",50,141,-91
"2865","8112至上","110/08/13","合庫-西台中",62,2,60
"2866","8112至上","110/08/13","元富-新興",3,91,-88
"2867","8112至上","110/08/13","大慶",60,0,60
"2868","8112至上","110/08/13","凱基-台北",60,148,-88
"2869","8112至上","110/08/13","日盛-新竹",59,2,57
"2870","8112至上","110/08/13","國票-中和",4,90,-86
"2871","8112至上","110/08/13","元大-開元",53,0,53
"2872","8112至上","110/08/13","新加坡商瑞銀",5,88,-83
"2873","8112至上","110/08/13","富邦-中壢",51,4,47
"2874","8112至上","110/08/13","宏遠-民生",2,52,-50
"2875","8112至上","110/08/13","富邦-桃園",46,0,46
"2876","8112至上","110/08/13","群益金鼎-竹南",0,50,-50
"2877","8112至上","110/08/13","合庫-嘉義",44,0,44
"2878","8112至上","110/08/13","新百王",2,50,-48
"2879","8112至上","110/08/13","元大-府城",55,11,44
"2880","8112至上","110/08/13","港商野村",13,60,-47
"2881","1570力肯","110/08/13","新光",147,12,135
"2882","1570力肯","110/08/13","(牛牛牛)亞-鑫豐",15,136,-121
"2883","1570力肯","110/08/13","國票-北高雄",128,0,128
"2884","1570力肯","110/08/13","富邦-台中",0,51,-51
"2885","1570力肯","110/08/13","凱基-台北",80,24,56
"2886","1570力肯","110/08/13","日盛-頭份",0,50,-50
"2887","1570力肯","110/08/13","統一",54,0,54
"2888","1570力肯","110/08/13","元富-高雄",0,40,-40
"2889","1570力肯","110/08/13","國票-內壢",49,1,48
"2890","1570力肯","110/08/13","凱基-高美館",2,41,-39
"2891","1570力肯","110/08/13","美林",37,0,37
"2892","1570力肯","110/08/13","日盛-忠孝",0,38,-38
"2893","1570力肯","110/08/13","國票-天祥",45,8,37
"2894","1570力肯","110/08/13","元大-羅東",0,20,-20
"2895","1570力肯","110/08/13","摩根大通",67,45,22
"2896","1570力肯","110/08/13","元大-大天母",0,20,-20
"2897","1570力肯","110/08/13","永豐金-屏東",22,0,22
"2898","1570力肯","110/08/13","永豐金-嘉義",0,20,-20
"2899","1570力肯","110/08/13","元富-新店",20,0,20
"2900","1570力肯","110/08/13","國泰-敦南",2,20,-18
"2901","1570力肯","110/08/13","(牛牛牛)亞證券",20,0,20
"2902","1570力肯","110/08/13","元大-沙鹿",1,18,-17
"2903","1570力肯","110/08/13","凱基-台南",20,0,20
"2904","1570力肯","110/08/13","元大-林森",0,16,-16
"2905","1570力肯","110/08/13","元大-開元",20,0,20
"2906","1570力肯","110/08/13","永豐金-市政",1,16,-15
"2907","1570力肯","110/08/13","元大-花蓮",20,0,20
"2908","1570力肯","110/08/13","統一-三重",5,19,-14
"2909","1570力肯","110/08/13","元大-基隆",19,0,19
"2910","1570力肯","110/08/13","國泰-新莊",1,15,-14
"2911","2929淘帝","110/08/13","新光-新竹",488,287,201
"2912","2929淘帝","110/08/13","美林",17,84,-67
"2913","2929淘帝","110/08/13","元大-西門",38,1,37
"2914","2929淘帝","110/08/13","摩根大通",0,63,-63
"2915","2929淘帝","110/08/13","元富-文心",30,0,30
"2916","2929淘帝","110/08/13","港商野村",14,69,-55
"2917","2929淘帝","110/08/13","華南永昌-苗栗",30,0,30
"2918","2929淘帝","110/08/13","玉山-新竹",0,50,-50
"2919","2929淘帝","110/08/13","元大-豐原站前",31,1,30
"2920","2929淘帝","110/08/13","臺銀-新竹",0,30,-30
"2921","2929淘帝","110/08/13","元富-台南",22,0,22
"2922","2929淘帝","110/08/13","元富-三重",23,52,-29
"2923","2929淘帝","110/08/13","凱基-東門",20,0,20
"2924","2929淘帝","110/08/13","新加坡商瑞銀",18,41,-23
"2925","2929淘帝","110/08/13","永豐金-敦南",17,0,17
"2926","2929淘帝","110/08/13","兆豐-大同",0,21,-21
"2927","2929淘帝","110/08/13","新光",44,29,15
"2928","2929淘帝","110/08/13","美商高盛",0,20,-20
"2929","2929淘帝","110/08/13","元大-蘆洲",14,0,14
"2930","2929淘帝","110/08/13","台新-左楠",6,25,-19
"2931","2929淘帝","110/08/13","國票-博愛",12,0,12
"2932","2929淘帝","110/08/13","港商法國興業",0,14,-14
"2933","2929淘帝","110/08/13","合庫-自強",10,0,10
"2934","2929淘帝","110/08/13","台新證券",7,21,-14
"2935","2929淘帝","110/08/13","兆豐-桃園",10,0,10
"2936","2929淘帝","110/08/13","元大-館前",0,14,-14
"2937","2929淘帝","110/08/13","凱基-頭份",10,0,10
"2938","2929淘帝","110/08/13","亞東-新竹",0,13,-13
"2939","2929淘帝","110/08/13","華南永昌-大安",10,0,10
"2940","2929淘帝","110/08/13","元大-永和",7,20,-13
"2941","5410國眾","110/08/13","土銀-嘉義",21,0,21
"2942","5410國眾","110/08/13","國泰-敦南",20,102,-82
"2943","5410國眾","110/08/13","日盛-大墩",15,0,15
"2944","5410國眾","110/08/13","元大-大雅",0,64,-64
"2945","5410國眾","110/08/13","群益金鼎-民權",14,0,14
"2946","5410國眾","110/08/13","大昌-新店",0,37,-37
"2947","5410國眾","110/08/13","玉山-嘉義",12,0,12
"2948","5410國眾","110/08/13","陽信-石牌",0,33,-33
"2949","5410國眾","110/08/13","元大-新竹經國",12,0,12
"2950","5410國眾","110/08/13","摩根大通",0,26,-26
"2951","5410國眾","110/08/13","日盛-屏東",10,0,10
"2952","5410國眾","110/08/13","瑞士信貸",0,18,-18
"2953","5410國眾","110/08/13","富邦-竹北",10,0,10
"2954","5410國眾","110/08/13","元大-北投",8,22,-14
"2955","5410國眾","110/08/13","元富",10,1,9
"2956","5410國眾","110/08/13","合庫-台中",0,10,-10
"2957","5410國眾","110/08/13","凱基-八德",9,0,9
"2958","5410國眾","110/08/13","合庫-新竹",0,10,-10
"2959","5410國眾","110/08/13","富邦-台北",9,0,9
"2960","5410國眾","110/08/13","元大-善化",0,10,-10
"2961","5410國眾","110/08/13","富邦-新店",10,1,9
"2962","5410國眾","110/08/13","大昌",0,9,-9
"2963","5410國眾","110/08/13","元富-虎尾",8,0,8
"2964","5410國眾","110/08/13","兆豐-三重",0,9,-9
"2965","5410國眾","110/08/13","統一",7,0,7
"2966","5410國眾","110/08/13","新光",17,25,-8
"2967","5410國眾","110/08/13","日茂-南投",7,0,7
"2968","5410國眾","110/08/13","亞東-新竹",0,5,-5
"2969","5410國眾","110/08/13","元大-彰化",7,0,7
"2970","5410國眾","110/08/13","兆豐-桃鶯",0,5,-5
"2971","2841台開","110/08/13","宏遠-館前",181,0,181
"2972","2841台開","110/08/13","永豐金-內湖",0,77,-77
"2973","2841台開","110/08/13","日盛證券",70,1,69
"2974","2841台開","110/08/13","富邦-岡山",0,72,-72
"2975","2841台開","110/08/13","台新-三民",50,0,50
"2976","2841台開","110/08/13","永豐金-屏東",0,50,-50
"2977","2841台開","110/08/13","凱基-市政",18,0,18
"2978","2841台開","110/08/13","港商野村",0,38,-38
"2979","2841台開","110/08/13","新光",32,16,16
"2980","2841台開","110/08/13","元大-林園",0,30,-30
"2981","2841台開","110/08/13","兆豐-新營",15,0,15
"2982","2841台開","110/08/13","永豐金-敦南",13,42,-29
"2983","2841台開","110/08/13","日盛-內湖",12,0,12
"2984","2841台開","110/08/13","臺銀-民權",0,20,-20
"2985","2841台開","110/08/13","群益金鼎-基隆",11,0,11
"2986","2841台開","110/08/13","元大-崇德",0,19,-19
"2987","2841台開","110/08/13","富邦-台北",10,0,10
"2988","2841台開","110/08/13","日盛-中壢",0,18,-18
"2989","2841台開","110/08/13","元大-歸仁",10,0,10
"2990","2841台開","110/08/13","兆豐-板橋",0,10,-10
"2991","2841台開","110/08/13","凱基-台北",9,2,7
"2992","2841台開","110/08/13","豐農",0,10,-10
"2993","2841台開","110/08/13","元大-福營",10,3,7
"2994","2841台開","110/08/13","元大-北三重",0,10,-10
"2995","2841台開","110/08/13","元富-文心",5,0,5
"2996","2841台開","110/08/13","台新證券",6,13,-7
"2997","2841台開","110/08/13","凱基-東港",5,0,5
"2998","2841台開","110/08/13","光和-嘉義",0,6,-6
"2999","2841台開","110/08/13","元富-成功",3,0,3
"3000","2841台開","110/08/13","中國信託-高雄",0,5,-5
"3001","6207雷科","110/08/13","安泰",51,0,51
"3002","6207雷科","110/08/13","摩根大通",12,80,-68
"3003","6207雷科","110/08/13","永豐金證券",34,0,34
"3004","6207雷科","110/08/13","美林",1,34,-33
"3005","6207雷科","110/08/13","元大-潮州",32,0,32
"3006","6207雷科","110/08/13","新加坡商瑞銀",18,45,-27
"3007","6207雷科","110/08/13","元大-六合",30,0,30
"3008","6207雷科","110/08/13","凱基-復興",0,20,-20
"3009","6207雷科","110/08/13","富邦-中壢",20,0,20
"3010","6207雷科","110/08/13","凱基-台北",15,31,-16
"3011","6207雷科","110/08/13","統一-台中",10,0,10
"3012","6207雷科","110/08/13","港商野村",1,13,-12
"3013","6207雷科","110/08/13","凱基-岡山",10,0,10
"3014","6207雷科","110/08/13","群益金鼎-東門",0,12,-12
"3015","6207雷科","110/08/13","元大-東門",10,0,10
"3016","6207雷科","110/08/13","凱基-三峽",4,15,-11
"3017","6207雷科","110/08/13","元大-大天母",13,3,10
"3018","6207雷科","110/08/13","兆豐-公益",0,9,-9
"3019","6207雷科","110/08/13","元大-路竹",8,0,8
"3020","6207雷科","110/08/13","元大-鳳山",0,8,-8
"3021","6207雷科","110/08/13","富邦-敦南",7,0,7
"3022","6207雷科","110/08/13","合庫-鳳山",0,6,-6
"3023","6207雷科","110/08/13","兆豐-彰化",6,0,6
"3024","6207雷科","110/08/13","凱基-三重",0,6,-6
"3025","6207雷科","110/08/13","群益金鼎-土城",6,0,6
"3026","6207雷科","110/08/13","凱基-幸福",0,6,-6
"3027","6207雷科","110/08/13","玉山-台南",5,0,5
"3028","6207雷科","110/08/13","富邦-基隆",0,6,-6
"3029","6207雷科","110/08/13","凱基-湖口",5,0,5
"3030","6207雷科","110/08/13","元大-清水",0,6,-6
"3031","3679新至陞","110/08/13","元大-大天母",20,0,20
"3032","3679新至陞","110/08/13","摩根大通",2,27,-25
"3033","3679新至陞","110/08/13","台灣摩根士丹利",12,0,12
"3034","3679新至陞","110/08/13","瑞士信貸",1,16,-15
"3035","3679新至陞","110/08/13","元大-成功",10,0,10
"3036","3679新至陞","110/08/13","美林",0,10,-10
"3037","3679新至陞","110/08/13","兆豐-高雄",9,0,9
"3038","3679新至陞","110/08/13","凱基-台北",11,16,-5
"3039","3679新至陞","110/08/13","國泰-松江",4,0,4
"3040","3679新至陞","110/08/13","元大-東蘆",0,5,-5
"3041","3679新至陞","110/08/13","元大-大同",3,0,3
"3042","3679新至陞","110/08/13","元大-北成功",0,4,-4
"3043","3679新至陞","110/08/13","合庫-台中",2,0,2
"3044","3679新至陞","110/08/13","富邦-中壢",0,3,-3
"3045","3679新至陞","110/08/13","台中銀-員林",2,0,2
"3046","3679新至陞","110/08/13","彰銀",0,2,-2
"3047","3679新至陞","110/08/13","康和-板橋",2,0,2
"3048","3679新至陞","110/08/13","凱基-大安",0,2,-2
"3049","3679新至陞","110/08/13","新光-高雄",2,0,2
"3050","3679新至陞","110/08/13","華南永昌-鶯歌",0,2,-2
"3051","3679新至陞","110/08/13","凱基-文心",5,3,2
"3052","3679新至陞","110/08/13","富邦-仁愛",0,2,-2
"3053","3679新至陞","110/08/13","元大-景美",2,0,2
"3054","3679新至陞","110/08/13","元大證券",1,3,-2
"3055","3679新至陞","110/08/13","元大-土城永寧",2,0,2
"3056","3679新至陞","110/08/13","元大-土城",0,2,-2
"3057","3679新至陞","110/08/13","美商高盛",1,0,1
"3058","3679新至陞","110/08/13","台灣企銀-民雄",0,1,-1
"3059","3679新至陞","110/08/13","台新證券",1,0,1
"3060","3679新至陞","110/08/13","日盛證券",0,1,-1
"3061","2727王品","110/08/13","新光",27,6,21
"3062","2727王品","110/08/13","摩根大通",1,53,-52
"3063","2727王品","110/08/13","大慶-富順",20,0,20
"3064","2727王品","110/08/13","土銀-南港",0,40,-40
"3065","2727王品","110/08/13","兆豐-東門",17,0,17
"3066","2727王品","110/08/13","港商麥格理",0,24,-24
"3067","2727王品","110/08/13","新光-台中",19,2,17
"3068","2727王品","110/08/13","新加坡商瑞銀",0,21,-21
"3069","2727王品","110/08/13","元大-竹科",11,0,11
"3070","2727王品","110/08/13","康和-台南",1,22,-21
"3071","2727王品","110/08/13","日盛-屏東",10,0,10
"3072","2727王品","110/08/13","富邦-員林",0,17,-17
"3073","2727王品","110/08/13","彰銀-七賢",10,0,10
"3074","2727王品","110/08/13","港商野村",3,18,-15
"3075","2727王品","110/08/13","玉山-大里",10,0,10
"3076","2727王品","110/08/13","富邦-新營",0,15,-15
"3077","2727王品","110/08/13","富邦-台中",12,2,10
"3078","2727王品","110/08/13","台灣企銀-竹北",3,17,-14
"3079","2727王品","110/08/13","國泰-敦南",15,6,9
"3080","2727王品","110/08/13","國泰-板橋",3,17,-14
"3081","2727王品","110/08/13","臺銀",9,1,8
"3082","2727王品","110/08/13","凱基-板橋",0,13,-13
"3083","2727王品","110/08/13","元大-台中",8,0,8
"3084","2727王品","110/08/13","日盛-中和",1,13,-12
"3085","2727王品","110/08/13","國泰-台中",11,4,7
"3086","2727王品","110/08/13","第一金-新竹",1,12,-11
"3087","2727王品","110/08/13","永豐金-彰化",7,0,7
"3088","2727王品","110/08/13","統一",1,12,-11
"3089","2727王品","110/08/13","新光-桃園",6,0,6
"3090","2727王品","110/08/13","統一-竹南",0,10,-10
"3091","1570力肯","110/08/13","新光",147,12,135
"3092","1570力肯","110/08/13","(牛牛牛)亞-鑫豐",15,136,-121
"3093","1570力肯","110/08/13","國票-北高雄",128,0,128
"3094","1570力肯","110/08/13","富邦-台中",0,51,-51
"3095","1570力肯","110/08/13","凱基-台北",80,24,56
"3096","1570力肯","110/08/13","日盛-頭份",0,50,-50
"3097","1570力肯","110/08/13","統一",54,0,54
"3098","1570力肯","110/08/13","元富-高雄",0,40,-40
"3099","1570力肯","110/08/13","國票-內壢",49,1,48
"3100","1570力肯","110/08/13","凱基-高美館",2,41,-39
"3101","1570力肯","110/08/13","美林",37,0,37
"3102","1570力肯","110/08/13","日盛-忠孝",0,38,-38
"3103","1570力肯","110/08/13","國票-天祥",45,8,37
"3104","1570力肯","110/08/13","元大-羅東",0,20,-20
"3105","1570力肯","110/08/13","摩根大通",67,45,22
"3106","1570力肯","110/08/13","元大-大天母",0,20,-20
"3107","1570力肯","110/08/13","永豐金-屏東",22,0,22
"3108","1570力肯","110/08/13","永豐金-嘉義",0,20,-20
"3109","1570力肯","110/08/13","元富-新店",20,0,20
"3110","1570力肯","110/08/13","國泰-敦南",2,20,-18
"3111","1570力肯","110/08/13","(牛牛牛)亞證券",20,0,20
"3112","1570力肯","110/08/13","元大-沙鹿",1,18,-17
"3113","1570力肯","110/08/13","凱基-台南",20,0,20
"3114","1570力肯","110/08/13","元大-林森",0,16,-16
"3115","1570力肯","110/08/13","元大-開元",20,0,20
"3116","1570力肯","110/08/13","永豐金-市政",1,16,-15
"3117","1570力肯","110/08/13","元大-花蓮",20,0,20
"3118","1570力肯","110/08/13","統一-三重",5,19,-14
"3119","1570力肯","110/08/13","元大-基隆",19,0,19
"3120","1570力肯","110/08/13","國泰-新莊",1,15,-14
"3121","6180橘子","110/08/13","美商高盛",48,0,48
"3122","6180橘子","110/08/13","玉山-桃園",1,30,-29
"3123","6180橘子","110/08/13","美林",37,0,37
"3124","6180橘子","110/08/13","元大-成功",0,22,-22
"3125","6180橘子","110/08/13","凱基-台北",17,1,16
"3126","6180橘子","110/08/13","群益金鼎",0,11,-11
"3127","6180橘子","110/08/13","台新證券",15,1,14
"3128","6180橘子","110/08/13","亞東-高雄",0,10,-10
"3129","6180橘子","110/08/13","台灣摩根士丹利",13,0,13
"3130","6180橘子","110/08/13","元大-北港",0,10,-10
"3131","6180橘子","110/08/13","元大-北投",11,0,11
"3132","6180橘子","110/08/13","統一-彰化",3,10,-7
"3133","6180橘子","110/08/13","合庫-自強",10,0,10
"3134","6180橘子","110/08/13","摩根大通",6,13,-7
"3135","6180橘子","110/08/13","統一-台南",10,0,10
"3136","6180橘子","110/08/13","群益金鼎-中山",1,8,-7
"3137","6180橘子","110/08/13","兆豐-台中",10,0,10
"3138","6180橘子","110/08/13","元大-敦南",0,7,-7
"3139","6180橘子","110/08/13","群益金鼎-台中",10,0,10
"3140","6180橘子","110/08/13","國泰-板橋",0,6,-6
"3141","6180橘子","110/08/13","康和-台中",6,0,6
"3142","6180橘子","110/08/13","富邦-宜蘭",0,6,-6
"3143","6180橘子","110/08/13","凱基-汐止",5,0,5
"3144","6180橘子","110/08/13","元大-台北",0,6,-6
"3145","6180橘子","110/08/13","日盛-景美",6,2,4
"3146","6180橘子","110/08/13","永豐金-板橋",0,6,-6
"3147","6180橘子","110/08/13","新光-台中",4,0,4
"3148","6180橘子","110/08/13","亞東",0,5,-5
"3149","6180橘子","110/08/13","國泰-敦南",4,0,4
"3150","6180橘子","110/08/13","兆豐-竹北",0,5,-5
"3151","2390云辰","110/08/13","摩根大通",643,393,250
"3152","2390云辰","110/08/13","元大-信義",0,202,-202
"3153","2390云辰","110/08/13","美商高盛",269,138,131
"3154","2390云辰","110/08/13","美林",169,289,-120
"3155","2390云辰","110/08/13","凱基-台北",418,293,125
"3156","2390云辰","110/08/13","元大-東港",9,102,-93
"3157","2390云辰","110/08/13","元富-板橋",94,13,81
"3158","2390云辰","110/08/13","元富-高雄",17,94,-77
"3159","2390云辰","110/08/13","土銀-士林",78,0,78
"3160","2390云辰","110/08/13","凱基-竹科",5,76,-71
"3161","2390云辰","110/08/13","元大-前金",92,16,76
"3162","2390云辰","110/08/13","國票-博愛",40,107,-67
"3163","2390云辰","110/08/13","台新-台中",89,24,65
"3164","2390云辰","110/08/13","群益金鼎-開元",26,90,-64
"3165","2390云辰","110/08/13","光和-嘉義",73,10,63
"3166","2390云辰","110/08/13","新加坡商瑞銀",4,61,-57
"3167","2390云辰","110/08/13","富邦-敦南",59,0,59
"3168","2390云辰","110/08/13","港商野村",277,333,-56
"3169","2390云辰","110/08/13","富邦-彰化",69,11,58
"3170","2390云辰","110/08/13","新光",144,197,-53
"3171","2390云辰","110/08/13","元大-草屯",75,17,58
"3172","2390云辰","110/08/13","統一",23,75,-52
"3173","2390云辰","110/08/13","光和-溪湖",54,1,53
"3174","2390云辰","110/08/13","元大-林園",0,51,-51
"3175","2390云辰","110/08/13","元大-土城學府",263,210,53
"3176","2390云辰","110/08/13","富邦-新營",1,48,-47
"3177","2390云辰","110/08/13","元大-文心興安",64,11,53
"3178","2390云辰","110/08/13","元大-新莊",33,80,-47
"3179","2390云辰","110/08/13","國泰-忠孝",50,0,50
"3180","2390云辰","110/08/13","日盛-園區",10,55,-45
"3181","2867三商壽","110/08/12","新光",292,1,291
"3182","2867三商壽","110/08/12","摩根大通",53,266,-213
"3183","2867三商壽","110/08/12","元大-土城永寧",200,0,200
"3184","2867三商壽","110/08/12","元大-崇德",3,201,-198
"3185","2867三商壽","110/08/12","合庫證券",100,0,100
"3186","2867三商壽","110/08/12","美商高盛",31,159,-128
"3187","2867三商壽","110/08/12","土銀",100,0,100
"3188","2867三商壽","110/08/12","富邦證券",0,120,-120
"3189","2867三商壽","110/08/12","臺銀-臺南",100,0,100
"3190","2867三商壽","110/08/12","凱基-信義",0,117,-117
"3191","2867三商壽","110/08/12","元富-古亭",100,0,100
"3192","2867三商壽","110/08/12","凱基-台北",2,113,-111
"3193","2867三商壽","110/08/12","元大-新莊",100,0,100
"3194","2867三商壽","110/08/12","凱基-虎尾",0,100,-100
"3195","2867三商壽","110/08/12","凱基",97,0,97
"3196","2867三商壽","110/08/12","元大-南投",0,92,-92
"3197","2867三商壽","110/08/12","元大-桃園",60,0,60
"3198","2867三商壽","110/08/12","台灣摩根士丹利",0,70,-70
"3199","2867三商壽","110/08/12","合庫-西台中",51,0,51
"3200","2867三商壽","110/08/12","美林",8,72,-64
"3201","2867三商壽","110/08/12","華南永昌-鳳山",51,1,50
"3202","2867三商壽","110/08/12","新加坡商瑞銀",0,61,-61
"3203","2867三商壽","110/08/12","元大-沙鹿",39,0,39
"3204","2867三商壽","110/08/12","群益金鼎-台北",0,60,-60
"3205","2867三商壽","110/08/12","光和",30,0,30
"3206","2867三商壽","110/08/12","富邦-宜蘭",0,50,-50
"3207","2867三商壽","110/08/12","元大-龍潭",30,0,30
"3208","2867三商壽","110/08/12","元大-旗山",0,50,-50
"3209","2867三商壽","110/08/12","永豐金-員林",30,0,30
"3210","2867三商壽","110/08/12","元富-吉利",0,27,-27
"3211","5521工信","110/08/12","日進",900,0,900
"3212","5521工信","110/08/12","永豐金證券",14,200,-186
"3213","5521工信","110/08/12","摩根大通",678,57,621
"3214","5521工信","110/08/12","富邦-中壢",2,112,-110
"3215","5521工信","110/08/12","國票-安和",254,20,234
"3216","5521工信","110/08/12","中國信託-嘉義",0,100,-100
"3217","5521工信","110/08/12","凱基-台北",194,46,148
"3218","5521工信","110/08/12","元大-南屯",0,58,-58
"3219","5521工信","110/08/12","日盛-中和",103,10,93
"3220","5521工信","110/08/12","凱基-中壢",0,55,-55
"3221","5521工信","110/08/12","新光-新竹",80,5,75
"3222","5521工信","110/08/12","(牛牛牛)亞-鑫豐",1,52,-51
"3223","5521工信","110/08/12","美林",69,10,59
"3224","5521工信","110/08/12","台新證券",1,51,-50
"3225","5521工信","110/08/12","富邦-台北",69,20,49
"3226","5521工信","110/08/12","群益金鼎-崇德",0,48,-48
"3227","5521工信","110/08/12","新光-台南",37,0,37
"3228","5521工信","110/08/12","康和-內湖",0,46,-46
"3229","5521工信","110/08/12","永豐金-鳳山",32,0,32
"3230","5521工信","110/08/12","日盛-新莊",0,45,-45
"3231","5521工信","110/08/12","第一金-台南",67,42,25
"3232","5521工信","110/08/12","元大-旗山",1,46,-45
"3233","5521工信","110/08/12","台灣企銀-台中",20,0,20
"3234","5521工信","110/08/12","元大-內湖",0,45,-45
"3235","5521工信","110/08/12","康和-澎湖",20,0,20
"3236","5521工信","110/08/12","日盛-高雄",0,42,-42
"3237","5521工信","110/08/12","凱基-三多",20,0,20
"3238","5521工信","110/08/12","元大-大同",0,42,-42
"3239","5521工信","110/08/12","元大-仁愛",20,0,20
"3240","5521工信","110/08/12","第一金-新竹",0,40,-40
"3241","1471首利","110/08/12","摩根大通",190,21,169
"3242","1471首利","110/08/12","光和-溪湖",0,75,-75
"3243","1471首利","110/08/12","元大-敦化",100,0,100
"3244","1471首利","110/08/12","富邦-基隆",2,41,-39
"3245","1471首利","110/08/12","瑞士信貸",86,0,86
"3246","1471首利","110/08/12","凱基-台南",0,30,-30
"3247","1471首利","110/08/12","美商高盛",51,0,51
"3248","1471首利","110/08/12","元富-民權",0,29,-29
"3249","1471首利","110/08/12","美林",49,0,49
"3250","1471首利","110/08/12","凱基-東門",0,24,-24
"3251","1471首利","110/08/12","國票-北高雄",20,0,20
"3252","1471首利","110/08/12","永興-大墩",0,20,-20
"3253","1471首利","110/08/12","凱基-五股",20,0,20
"3254","1471首利","110/08/12","元大-土城",1,21,-20
"3255","1471首利","110/08/12","永豐金-中壢",20,0,20
"3256","1471首利","110/08/12","凱基-內埔",1,20,-19
"3257","1471首利","110/08/12","凱基-台北",16,0,16
"3258","1471首利","110/08/12","中國信託",0,17,-17
"3259","1471首利","110/08/12","台新證券",16,3,13
"3260","1471首利","110/08/12","華南永昌-中正",2,19,-17
"3261","1471首利","110/08/12","兆豐-員林",15,3,12
"3262","1471首利","110/08/12","中國信託-文心",0,16,-16
"3263","1471首利","110/08/12","中國信託-永康",10,0,10
"3264","1471首利","110/08/12","兆豐-台南",1,17,-16
"3265","1471首利","110/08/12","華南永昌-麻豆",11,1,10
"3266","1471首利","110/08/12","凱基-新豐",0,15,-15
"3267","1471首利","110/08/12","元大-新營",10,0,10
"3268","1471首利","110/08/12","永豐金-新莊",0,15,-15
"3269","1471首利","110/08/12","新加坡商瑞銀",6,0,6
"3270","1471首利","110/08/12","凱基-彰化",6,20,-14
"3271","2883開發金","110/08/12","美林",2636,759,1877
"3272","2883開發金","110/08/12","摩根大通",28,5087,-5059
"3273","2883開發金","110/08/12","華南永昌",889,3,886
"3274","2883開發金","110/08/12","新加坡商瑞銀",111,2619,-2508
"3275","2883開發金","110/08/12","美商高盛",1037,275,762
"3276","2883開發金","110/08/12","富邦-彰化",7,809,-802
"3277","2883開發金","110/08/12","凱基-員林",600,0,600
"3278","2883開發金","110/08/12","瑞士信貸",773,1528,-755
"3279","2883開發金","110/08/12","日盛-中壢",532,9,523
"3280","2883開發金","110/08/12","港商野村",2,600,-598
"3281","2883開發金","110/08/12","元大證券",631,169,462
"3282","2883開發金","110/08/12","宏遠-民生",0,500,-500
"3283","2883開發金","110/08/12","玉山-高雄",457,5,452
"3284","2883開發金","110/08/12","元大-桃園",19,504,-485
"3285","2883開發金","110/08/12","元大-員林",435,0,435
"3286","2883開發金","110/08/12","台灣摩根士丹利",1506,1983,-477
"3287","2883開發金","110/08/12","永豐金-高雄",343,20,323
"3288","2883開發金","110/08/12","永豐金-台南",29,495,-466
"3289","2883開發金","110/08/12","日盛-大墩",321,0,321
"3290","2883開發金","110/08/12","元大-斗六",4,457,-453
"3291","2883開發金","110/08/12","台新-三民",338,19,319
"3292","2883開發金","110/08/12","群益金鼎-桃園",36,314,-278
"3293","2883開發金","110/08/12","國泰-敦南",468,170,298
"3294","2883開發金","110/08/12","群益金鼎-開元",15,221,-206
"3295","2883開發金","110/08/12","兆豐-北高雄",258,6,252
"3296","2883開發金","110/08/12","土銀-台中",1,202,-201
"3297","2883開發金","110/08/12","安泰",272,53,219
"3298","2883開發金","110/08/12","凱基-台中",12,204,-192
"3299","2883開發金","110/08/12","群益金鼎-彰化",218,4,214
"3300","2883開發金","110/08/12","永豐金-中盛",55,246,-191
"3301","6205詮欣","110/08/12","元大-新竹經國",12,0,12
"3302","6205詮欣","110/08/12","元大-善化",0,20,-20
"3303","6205詮欣","110/08/12","臺銀-民權",8,0,8
"3304","6205詮欣","110/08/12","瑞士信貸",0,4,-4
"3305","6205詮欣","110/08/12","聯邦-嘉義",5,0,5
"3306","6205詮欣","110/08/12","群益金鼎-板橋",0,4,-4
"3307","6205詮欣","110/08/12","中國信託-三重",3,0,3
"3308","6205詮欣","110/08/12","元大-屏東民生",0,4,-4
"3309","6205詮欣","110/08/12","德信-新營",3,0,3
"3310","6205詮欣","110/08/12","臺銀-高雄",0,3,-3
"3311","6205詮欣","110/08/12","合庫-彰化",2,0,2
"3312","6205詮欣","110/08/12","凱基-南崁",0,3,-3
"3313","6205詮欣","110/08/12","新光-台南",2,0,2
"3314","6205詮欣","110/08/12","元大-華山",0,3,-3
"3315","6205詮欣","110/08/12","玉山-雙和",2,0,2
"3316","6205詮欣","110/08/12","摩根大通",0,2,-2
"3317","6205詮欣","110/08/12","元大-南投",2,0,2
"3318","6205詮欣","110/08/12","兆豐-新營",0,1,-1
"3319","6205詮欣","110/08/12","統一-三重",1,0,1
"3320","6205詮欣","110/08/12","兆豐-中壢",0,1,-1
"3321","6205詮欣","110/08/12","元富-安南",1,0,1
"3322","6205詮欣","110/08/12","凱基-台北",0,1,-1
"3323","6205詮欣","110/08/12","豐農",1,0,1
"3324","6205詮欣","110/08/12","凱基-竹科",0,1,-1
"3325","6205詮欣","110/08/12","北城證券",1,0,1
"3326","6205詮欣","110/08/12","富邦-高雄",0,1,-1
"3327","6205詮欣","110/08/12","玉山-嘉義",1,0,1
"3328","6205詮欣","110/08/12","元大-路竹",0,1,-1
"3329","6205詮欣","110/08/12","凱基-五股",1,0,1
"3330","6205詮欣","110/08/12","元大-屏南",0,1,-1
"3331","1540喬福","110/08/12","元富-中原",20,0,20
"3332","1540喬福","110/08/12","永豐金-豐原",0,64,-64
"3333","1540喬福","110/08/12","台中銀",17,0,17
"3334","1540喬福","110/08/12","統一-新台中",0,19,-19
"3335","1540喬福","110/08/12","凱基-中壢",11,0,11
"3336","1540喬福","110/08/12","凱基-興隆",0,7,-7
"3337","1540喬福","110/08/12","凱基-台中",8,0,8
"3338","1540喬福","110/08/12","玉山-城中",0,6,-6
"3339","1540喬福","110/08/12","亞東",5,0,5
"3340","1540喬福","110/08/12","富邦-台北",1,5,-4
"3341","1540喬福","110/08/12","群益金鼎-古亭",5,0,5
"3342","1540喬福","110/08/12","元大-左營",0,2,-2
"3343","1540喬福","110/08/12","美林",4,0,4
"3344","1540喬福","110/08/12","國泰-敦南",0,1,-1
"3345","1540喬福","110/08/12","兆豐-鹿港",4,0,4
"3346","1540喬福","110/08/12","凱基-基隆",0,1,-1
"3347","1540喬福","110/08/12","港商法國興業",3,0,3
"3348","1540喬福","110/08/12","凱基-大里",0,1,-1
"3349","1540喬福","110/08/12","凱基-苗栗",3,0,3
"3350","1540喬福","110/08/12","元富-中壢",0,0,0
"3351","1540喬福","110/08/12","國票-台中",2,0,2
"3352","1540喬福","110/08/12","凱基-竹北",0,0,0
"3353","1540喬福","110/08/12","兆豐-高雄",2,0,2
"3354","1540喬福","110/08/12","凱基-台北",1,1,0
"3355","1540喬福","110/08/12","元富-緯城",2,0,2
"3356","1540喬福","110/08/12","華南永昌-南京",0,0,0
"3357","1540喬福","110/08/12","華南永昌-台中",2,0,2
"3358","1540喬福","110/08/12","富邦-高雄",0,0,0
"3359","1540喬福","110/08/12","富邦-中壢",2,0,2
"3360","1540喬福","110/08/12","富邦-三重",0,0,0
"3361","2888新光金","110/08/12","群益金鼎-崇德",2118,3,2115
"3362","2888新光金","110/08/12","國票-台東",12,1903,-1891
"3363","2888新光金","110/08/12","國票-九鼎",2175,141,2034
"3364","2888新光金","110/08/12","永豐金-竹科",0,1186,-1186
"3365","2888新光金","110/08/12","元大-忠孝鼎富",986,4,982
"3366","2888新光金","110/08/12","群益金鼎-民權",1,1049,-1048
"3367","2888新光金","110/08/12","台灣摩根士丹利",992,319,673
"3368","2888新光金","110/08/12","凱基-台北",1172,2195,-1023
"3369","2888新光金","110/08/12","港商法國興業",670,0,670
"3370","2888新光金","110/08/12","摩根大通",829,1704,-875
"3371","2888新光金","110/08/12","富邦-內湖",605,0,605
"3372","2888新光金","110/08/12","美林",248,668,-420
"3373","2888新光金","110/08/12","華南永昌-台中",600,3,597
"3374","2888新光金","110/08/12","群益金鼎-鳳山",2,404,-402
"3375","2888新光金","110/08/12","元大-豐原站前",556,38,518
"3376","2888新光金","110/08/12","新加坡商瑞銀",470,857,-387
"3377","2888新光金","110/08/12","瑞士信貸",643,139,504
"3378","2888新光金","110/08/12","香港上海匯豐",22,270,-248
"3379","2888新光金","110/08/12","元大-永和",505,8,497
"3380","2888新光金","110/08/12","合庫證券",2,232,-230
"3381","2888新光金","110/08/12","法銀巴黎",498,9,489
"3382","2888新光金","110/08/12","元大-大同",0,214,-214
"3383","2888新光金","110/08/12","福邦-新竹",430,0,430
"3384","2888新光金","110/08/12","元富-文心",2,210,-208
"3385","2888新光金","110/08/12","凱基-鳳山",379,3,376
"3386","2888新光金","110/08/12","新光",154,346,-192
"3387","2888新光金","110/08/12","康和-內湖",306,7,299
"3388","2888新光金","110/08/12","元富-城東",28,215,-187
"3389","2888新光金","110/08/12","元大-樹林",300,10,290
"3390","2888新光金","110/08/12","富邦-彰化",23,201,-178
"3391","1340勝悅","110/08/12","國泰-台中",11,0,11
"3392","1340勝悅","110/08/12","中國信託",0,76,-76
"3393","1340勝悅","110/08/12","元大-博愛",10,0,10
"3394","1340勝悅","110/08/12","日盛-八德",0,14,-14
"3395","1340勝悅","110/08/12","凱基-台北",8,1,7
"3396","1340勝悅","110/08/12","摩根大通",3,13,-10
"3397","1340勝悅","110/08/12","臺灣企銀-埔墘",5,0,5
"3398","1340勝悅","110/08/12","日盛-木柵",0,7,-7
"3399","1340勝悅","110/08/12","第一金-新竹",5,0,5
"3400","1340勝悅","110/08/12","元大-路竹",0,7,-7
"3401","1340勝悅","110/08/12","元富-新興",5,0,5
"3402","1340勝悅","110/08/12","群益金鼎-內湖",0,4,-4
"3403","1340勝悅","110/08/12","兆豐-台南",5,0,5
"3404","1340勝悅","110/08/12","凱基-彰化",0,4,-4
"3405","1340勝悅","110/08/12","玉山-士林",5,0,5
"3406","1340勝悅","110/08/12","元大-大天母",0,3,-3
"3407","1340勝悅","110/08/12","華南永昌-新莊",5,0,5
"3408","1340勝悅","110/08/12","統一-城中",4,6,-2
"3409","1340勝悅","110/08/12","美商高盛",4,0,4
"3410","1340勝悅","110/08/12","兆豐-新竹",0,2,-2
"3411","1340勝悅","110/08/12","港商法國興業",3,0,3
"3412","1340勝悅","110/08/12","台新證券",0,2,-2
"3413","1340勝悅","110/08/12","台新-台中",3,0,3
"3414","1340勝悅","110/08/12","富邦-台南",0,2,-2
"3415","1340勝悅","110/08/12","玉山-台大",3,0,3
"3416","1340勝悅","110/08/12","元大-新營",0,2,-2
"3417","1340勝悅","110/08/12","國泰-高雄",3,0,3
"3418","1340勝悅","110/08/12","瑞士信貸",2,3,-1
"3419","1340勝悅","110/08/12","元大-竹南",3,0,3
"3420","1340勝悅","110/08/12","永豐金-中正",0,1,-1
"3421","6246臺龍","110/08/12","元大-南投",75,0,75
"3422","6246臺龍","110/08/12","統一-台中",0,58,-58
"3423","6246臺龍","110/08/12","元大-台北",32,0,32
"3424","6246臺龍","110/08/12","合庫-台中",1,41,-40
"3425","6246臺龍","110/08/12","元富-世貿",30,2,28
"3426","6246臺龍","110/08/12","凱基-市府",0,40,-40
"3427","6246臺龍","110/08/12","凱基-永和",25,0,25
"3428","6246臺龍","110/08/12","日盛-木柵",4,33,-29
"3429","6246臺龍","110/08/12","元富-新店",18,3,15
"3430","6246臺龍","110/08/12","凱基-台北",1,29,-28
"3431","6246臺龍","110/08/12","華南永昌-忠孝",12,0,12
"3432","6246臺龍","110/08/12","永豐金-內湖",2,30,-28
"3433","6246臺龍","110/08/12","永豐金-復興",12,0,12
"3434","6246臺龍","110/08/12","元大-中壢",23,44,-21
"3435","6246臺龍","110/08/12","富邦-敦南",11,0,11
"3436","6246臺龍","110/08/12","永全-南崁",0,20,-20
"3437","6246臺龍","110/08/12","元大證券",13,2,11
"3438","6246臺龍","110/08/12","國泰-敦南",7,27,-20
"3439","6246臺龍","110/08/12","大慶-蘆洲",10,0,10
"3440","6246臺龍","110/08/12","大昌",0,18,-18
"3441","6246臺龍","110/08/12","元大-新莊",10,0,10
"3442","6246臺龍","110/08/12","新光-台中",3,17,-14
"3443","6246臺龍","110/08/12","元大-林園",10,1,9
"3444","6246臺龍","110/08/12","元大-金門",3,16,-13
"3445","6246臺龍","110/08/12","元大-西屯",10,2,8
"3446","6246臺龍","110/08/12","永全",0,10,-10
"3447","6246臺龍","110/08/12","兆豐-公益",7,0,7
"3448","6246臺龍","110/08/12","元大-新店中正",0,10,-10
"3449","6246臺龍","110/08/12","群益金鼎-開元",7,0,7
"3450","6246臺龍","110/08/12","日盛-八德",0,8,-8
"3451","00715L期街口布蘭特正2","110/08/12","元大證券",13644,167,13477
"3452","00715L期街口布蘭特正2","110/08/12","元大-林森",0,780,-780
"3453","00715L期街口布蘭特正2","110/08/12","永豐金證券",2789,2,2787
"3454","00715L期街口布蘭特正2","110/08/12","台新-新營",12,600,-588
"3455","00715L期街口布蘭特正2","110/08/12","統一",2972,199,2773
"3456","00715L期街口布蘭特正2","110/08/12","台中銀",10,592,-582
"3457","00715L期街口布蘭特正2","110/08/12","元富",1524,5,1519
"3458","00715L期街口布蘭特正2","110/08/12","群益金鼎-屏東",0,575,-575
"3459","00715L期街口布蘭特正2","110/08/12","統一-嘉義",466,26,440
"3460","00715L期街口布蘭特正2","110/08/12","元大-北港",10,505,-495
"3461","00715L期街口布蘭特正2","110/08/12","群益金鼎-延平",300,4,296
"3462","00715L期街口布蘭特正2","110/08/12","兆豐-台中",0,476,-476
"3463","00715L期街口布蘭特正2","110/08/12","台新-三民",300,24,276
"3464","00715L期街口布蘭特正2","110/08/12","宏遠-桃園",0,438,-438
"3465","00715L期街口布蘭特正2","110/08/12","群益金鼎-瑞豐",210,14,196
"3466","00715L期街口布蘭特正2","110/08/12","台新-台中",65,474,-409
"3467","00715L期街口布蘭特正2","110/08/12","港商野村",320,140,180
"3468","00715L期街口布蘭特正2","110/08/12","元大-西螺",3,382,-379
"3469","00715L期街口布蘭特正2","110/08/12","台新-松江",200,35,165
"3470","00715L期街口布蘭特正2","110/08/12","凱基-城中",0,370,-370
"3471","00715L期街口布蘭特正2","110/08/12","合庫證券",121,0,121
"3472","00715L期街口布蘭特正2","110/08/12","元大-歸仁",20,384,-364
"3473","00715L期街口布蘭特正2","110/08/12","元大-旗山",120,1,119
"3474","00715L期街口布蘭特正2","110/08/12","群益金鼎-古亭",13,367,-354
"3475","00715L期街口布蘭特正2","110/08/12","富邦-員林",362,251,111
"3476","00715L期街口布蘭特正2","110/08/12","元大-竹科",6,327,-321
"3477","00715L期街口布蘭特正2","110/08/12","日盛-木柵",130,22,108
"3478","00715L期街口布蘭特正2","110/08/12","臺銀-新竹",0,320,-320
"3479","00715L期街口布蘭特正2","110/08/12","大慶-苗栗",107,2,105
"3480","00715L期街口布蘭特正2","110/08/12","統一-台中",7,325,-318
"3481","8941關中","110/08/12","元大-金華",1,0,1
"3482","8941關中","110/08/12","凱基-士林",0,2,-2
"3483","8941關中","110/08/12","元大-桃興",1,0,1
"3484","8941關中","110/08/12","(牛牛牛)亞-鑫豐",0,0,0
"3485","8941關中","110/08/12","(牛牛牛)亞-鑫豐",0,0,0
"3486","8941關中","110/08/12","台新-三民",0,0,0
"3487","8941關中","110/08/12","台新-三民",0,0,0
"3488","8941關中","110/08/12","國泰-忠孝",1,1,0
"3489","8941關中","110/08/12","國泰-忠孝",1,1,0
"3490","8941關中","110/08/12","凱基-市府",1,1,0
"3491","8941關中","110/08/12","凱基-市府",1,1,0
"3492","8941關中","110/08/12","",NA,NA,NA
"3493","8941關中","110/08/12","",NA,NA,NA
"3494","8941關中","110/08/12","",NA,NA,NA
"3495","8941關中","110/08/12","",NA,NA,NA
"3496","8941關中","110/08/12","",NA,NA,NA
"3497","8941關中","110/08/12","",NA,NA,NA
"3498","8941關中","110/08/12","",NA,NA,NA
"3499","8941關中","110/08/12","",NA,NA,NA
"3500","8941關中","110/08/12","",NA,NA,NA
"3501","8941關中","110/08/12","",NA,NA,NA
"3502","8941關中","110/08/12","",NA,NA,NA
"3503","8941關中","110/08/12","",NA,NA,NA
"3504","8941關中","110/08/12","",NA,NA,NA
"3505","8941關中","110/08/12","",NA,NA,NA
"3506","8941關中","110/08/12","",NA,NA,NA
"3507","8941關中","110/08/12","",NA,NA,NA
"3508","8941關中","110/08/12","",NA,NA,NA
"3509","8941關中","110/08/12","",NA,NA,NA
"3510","8941關中","110/08/12","",NA,NA,NA
"3511","8936國統","110/08/12","台新-高雄",410,32,378
"3512","8936國統","110/08/12","日盛-景美",0,70,-70
"3513","8936國統","110/08/12","元富-林園",65,0,65
"3514","8936國統","110/08/12","臺銀-金山",0,55,-55
"3515","8936國統","110/08/12","摩根大通",64,12,52
"3516","8936國統","110/08/12","元大-敦南",0,32,-32
"3517","8936國統","110/08/12","新加坡商瑞銀",53,31,22
"3518","8936國統","110/08/12","華南永昌-南京",0,30,-30
"3519","8936國統","110/08/12","元大-莒光",19,0,19
"3520","8936國統","110/08/12","玉山-台南",0,23,-23
"3521","8936國統","110/08/12","第一金-高雄",10,0,10
"3522","8936國統","110/08/12","兆豐-岡山",1,21,-20
"3523","8936國統","110/08/12","統一-高雄",10,0,10
"3524","8936國統","110/08/12","統一-新竹",0,14,-14
"3525","8936國統","110/08/12","元富-桃園",10,0,10
"3526","8936國統","110/08/12","國泰-敦南",1,14,-13
"3527","8936國統","110/08/12","台新-台南",10,0,10
"3528","8936國統","110/08/12","台灣摩根士丹利",2,14,-12
"3529","8936國統","110/08/12","元大-竹山",9,0,9
"3530","8936國統","110/08/12","凱基-台南",3,14,-11
"3531","8936國統","110/08/12","港商野村",15,8,7
"3532","8936國統","110/08/12","凱基-高美館",0,11,-11
"3533","8936國統","110/08/12","華南永昌-高雄",6,0,6
"3534","8936國統","110/08/12","元大-博愛",0,10,-10
"3535","8936國統","110/08/12","土銀-高雄",5,0,5
"3536","8936國統","110/08/12","第一金-新興",0,9,-9
"3537","8936國統","110/08/12","大昌-安康",5,0,5
"3538","8936國統","110/08/12","元大-沙鹿",0,9,-9
"3539","8936國統","110/08/12","兆豐-斗南",5,0,5
"3540","8936國統","110/08/12","元大-左營",3,12,-9
"3541","6226光鼎","110/08/12","摩根大通",1930,830,1100
"3542","6226光鼎","110/08/12","凱基-台北",224,675,-451
"3543","6226光鼎","110/08/12","第一金-大稻埕",418,0,418
"3544","6226光鼎","110/08/12","統一-高雄",1,353,-352
"3545","6226光鼎","110/08/12","台新-中壢",239,3,236
"3546","6226光鼎","110/08/12","美林",153,291,-138
"3547","6226光鼎","110/08/12","元大-文心興安",223,27,196
"3548","6226光鼎","110/08/12","大昌",88,225,-137
"3549","6226光鼎","110/08/12","富邦-陽明",112,9,103
"3550","6226光鼎","110/08/12","元大-土城永寧",3,126,-123
"3551","6226光鼎","110/08/12","華南永昌-高雄",96,13,83
"3552","6226光鼎","110/08/12","元大-北屯",16,107,-91
"3553","6226光鼎","110/08/12","永豐金-南投",95,13,82
"3554","6226光鼎","110/08/12","統一-板橋",0,88,-88
"3555","6226光鼎","110/08/12","永豐金-中盛",102,26,76
"3556","6226光鼎","110/08/12","群益金鼎-東大",5,91,-86
"3557","6226光鼎","110/08/12","元大證券",90,15,75
"3558","6226光鼎","110/08/12","富邦-南屯",40,111,-71
"3559","6226光鼎","110/08/12","元大-屏東民生",85,15,70
"3560","6226光鼎","110/08/12","新光",240,309,-69
"3561","6226光鼎","110/08/12","台灣摩根士丹利",93,32,61
"3562","6226光鼎","110/08/12","台新-高雄",75,143,-68
"3563","6226光鼎","110/08/12","富邦-高雄",121,66,55
"3564","6226光鼎","110/08/12","日盛證券",10,76,-66
"3565","6226光鼎","110/08/12","臺銀",106,54,52
"3566","6226光鼎","110/08/12","國泰-敦南",391,457,-66
"3567","6226光鼎","110/08/12","台灣企銀-三民",58,8,50
"3568","6226光鼎","110/08/12","富邦-台北",31,97,-66
"3569","6226光鼎","110/08/12","元大-新竹",250,200,50
"3570","6226光鼎","110/08/12","凱基-永和",30,91,-61
"3571","2363矽統","110/08/12","元大-佳里",810,33,777
"3572","2363矽統","110/08/12","凱基-台北",1783,3582,-1799
"3573","2363矽統","110/08/12","元大-大同",455,30,425
"3574","2363矽統","110/08/12","台灣摩根士丹利",0,959,-959
"3575","2363矽統","110/08/12","富邦-建國",503,100,403
"3576","2363矽統","110/08/12","華南永昌-斗六",90,1037,-947
"3577","2363矽統","110/08/12","北城證券",434,34,400
"3578","2363矽統","110/08/12","群益金鼎-敦南",27,331,-304
"3579","2363矽統","110/08/12","元大-開元",321,33,288
"3580","2363矽統","110/08/12","美商高盛",57,327,-270
"3581","2363矽統","110/08/12","台新-三民",287,84,203
"3582","2363矽統","110/08/12","大慶-蘆洲",26,233,-207
"3583","2363矽統","110/08/12","台中銀",157,23,134
"3584","2363矽統","110/08/12","新光-台南",130,324,-194
"3585","2363矽統","110/08/12","元大-新竹經國",152,21,131
"3586","2363矽統","110/08/12","美林",927,1076,-149
"3587","2363矽統","110/08/12","台新-高雄",449,322,127
"3588","2363矽統","110/08/12","華南永昌-頭份",187,328,-141
"3589","2363矽統","110/08/12","華南永昌",254,163,91
"3590","2363矽統","110/08/12","陽信-石牌",157,276,-119
"3591","2363矽統","110/08/12","凱基-城中",98,13,85
"3592","2363矽統","110/08/12","兆豐證券",0,104,-104
"3593","2363矽統","110/08/12","台中銀-台北",85,4,81
"3594","2363矽統","110/08/12","元大-忠孝鼎富",32,132,-100
"3595","2363矽統","110/08/12","元大-新莊",140,60,80
"3596","2363矽統","110/08/12","元大-鳳中",85,185,-100
"3597","2363矽統","110/08/12","玉山-台中",116,41,75
"3598","2363矽統","110/08/12","永豐金-桃盛",24,119,-95
"3599","2363矽統","110/08/12","元富-彰化",88,23,65
"3600","2363矽統","110/08/12","元大證券",51,145,-94
"3601","8112至上","110/08/12","摩根大通",1492,130,1362
"3602","8112至上","110/08/12","永豐金-台中",0,274,-274
"3603","8112至上","110/08/12","美林",712,13,699
"3604","8112至上","110/08/12","永豐金證券",8,272,-264
"3605","8112至上","110/08/12","台灣摩根士丹利",696,41,655
"3606","8112至上","110/08/12","群益金鼎-基隆",0,249,-249
"3607","8112至上","110/08/12","凱基-台北",582,82,500
"3608","8112至上","110/08/12","國票-長城",2,228,-226
"3609","8112至上","110/08/12","新加坡商瑞銀",359,18,341
"3610","8112至上","110/08/12","新光-新竹",19,208,-189
"3611","8112至上","110/08/12","花旗環球",266,0,266
"3612","8112至上","110/08/12","玉山-嘉義",20,168,-148
"3613","8112至上","110/08/12","富邦-仁愛",231,25,206
"3614","8112至上","110/08/12","元大-高雄",0,131,-131
"3615","8112至上","110/08/12","美商高盛",190,3,187
"3616","8112至上","110/08/12","臺灣企銀-桃園",128,251,-123
"3617","8112至上","110/08/12","凱基-三重",121,6,115
"3618","8112至上","110/08/12","元大-府城",0,115,-115
"3619","8112至上","110/08/12","港商野村",198,88,110
"3620","8112至上","110/08/12","台新證券",100,203,-103
"3621","8112至上","110/08/12","國票-中港",101,0,101
"3622","8112至上","110/08/12","康和-板橋",5,106,-101
"3623","8112至上","110/08/12","日盛-新竹",80,3,77
"3624","8112至上","110/08/12","元大-北成功",0,101,-101
"3625","8112至上","110/08/12","兆豐-斗南",71,8,63
"3626","8112至上","110/08/12","元大-永和",5,88,-83
"3627","8112至上","110/08/12","大慶",63,1,62
"3628","8112至上","110/08/12","群益金鼎-內湖",0,80,-80
"3629","8112至上","110/08/12","群益金鼎-竹南",57,1,56
"3630","8112至上","110/08/12","元大-南勢角",0,80,-80
"3631","1570力肯","110/08/12","台新證券",91,15,76
"3632","1570力肯","110/08/12","國票-北高雄",2,361,-359
"3633","1570力肯","110/08/12","元大-南投",81,5,76
"3634","1570力肯","110/08/12","新光",95,222,-127
"3635","1570力肯","110/08/12","永全-南崁",94,20,74
"3636","1570力肯","110/08/12","(牛牛牛)亞-鑫豐",28,120,-92
"3637","1570力肯","110/08/12","日盛-忠孝",57,0,57
"3638","1570力肯","110/08/12","華南永昌-高雄",0,52,-52
"3639","1570力肯","110/08/12","永豐金-北高雄",55,0,55
"3640","1570力肯","110/08/12","群益金鼎-三重",0,42,-42
"3641","1570力肯","110/08/12","中國信託-高雄",72,22,50
"3642","1570力肯","110/08/12","日盛-八德",2,39,-37
"3643","1570力肯","110/08/12","凱基-天母",49,0,49
"3644","1570力肯","110/08/12","新光-台中",130,167,-37
"3645","1570力肯","110/08/12","新光-台南",56,18,38
"3646","1570力肯","110/08/12","日盛-樹林",1,31,-30
"3647","1570力肯","110/08/12","兆豐-嘉義",35,0,35
"3648","1570力肯","110/08/12","元大-竹北",0,30,-30
"3649","1570力肯","110/08/12","國票-天祥",32,1,31
"3650","1570力肯","110/08/12","元大-楊梅",6,35,-29
"3651","1570力肯","110/08/12","國泰-松江",81,51,30
"3652","1570力肯","110/08/12","元大-桃興",4,32,-28
"3653","1570力肯","110/08/12","元大-新店中正",33,3,30
"3654","1570力肯","110/08/12","亞東-台中",0,26,-26
"3655","1570力肯","110/08/12","統一",48,21,27
"3656","1570力肯","110/08/12","永豐金-屏東",5,30,-25
"3657","1570力肯","110/08/12","國票-內壢",26,0,26
"3658","1570力肯","110/08/12","國泰-館前",0,24,-24
"3659","1570力肯","110/08/12","元大-大益",27,1,26
"3660","1570力肯","110/08/12","摩根大通",173,193,-20
"3661","2929淘帝","110/08/12","摩根大通",47,0,47
"3662","2929淘帝","110/08/12","華南永昌-彰化",0,30,-30
"3663","2929淘帝","110/08/12","宏遠-館前",40,0,40
"3664","2929淘帝","110/08/12","第一金-大稻埕",0,10,-10
"3665","2929淘帝","110/08/12","富邦-高雄",16,0,16
"3666","2929淘帝","110/08/12","統一-敦南",0,10,-10
"3667","2929淘帝","110/08/12","兆豐-內湖",15,0,15
"3668","2929淘帝","110/08/12","玉山-台南",0,10,-10
"3669","2929淘帝","110/08/12","港商野村",29,15,14
"3670","2929淘帝","110/08/12","元大-花蓮",0,10,-10
"3671","2929淘帝","110/08/12","元富-台南",10,0,10
"3672","2929淘帝","110/08/12","凱基-台中",0,9,-9
"3673","2929淘帝","110/08/12","豐農",10,0,10
"3674","2929淘帝","110/08/12","群益金鼎-潭子",0,8,-8
"3675","2929淘帝","110/08/12","群益金鼎-三重",10,0,10
"3676","2929淘帝","110/08/12","新加坡商瑞銀",10,17,-7
"3677","2929淘帝","110/08/12","永豐金證券",10,0,10
"3678","2929淘帝","110/08/12","新光-高雄",0,7,-7
"3679","2929淘帝","110/08/12","永豐金-敦南",10,0,10
"3680","2929淘帝","110/08/12","亞東-板橋",0,6,-6
"3681","2929淘帝","110/08/12","凱基-八德",6,0,6
"3682","2929淘帝","110/08/12","元富-中港",0,6,-6
"3683","2929淘帝","110/08/12","台新-新莊",5,0,5
"3684","2929淘帝","110/08/12","國泰-敦南",1,7,-6
"3685","2929淘帝","110/08/12","群益金鼎-中山",5,0,5
"3686","2929淘帝","110/08/12","永豐金-市政",0,6,-6
"3687","2929淘帝","110/08/12","凱基-幸福",5,0,5
"3688","2929淘帝","110/08/12","永豐金-中盛",10,16,-6
"3689","2929淘帝","110/08/12","元富-新竹",4,0,4
"3690","2929淘帝","110/08/12","台新-三民",0,5,-5
"3691","5410國眾","110/08/12","凱基-八德",23,0,23
"3692","5410國眾","110/08/12","國泰-敦南",1,101,-100
"3693","5410國眾","110/08/12","元大-大灣",11,0,11
"3694","5410國眾","110/08/12","第一金-華江",0,27,-27
"3695","5410國眾","110/08/12","合庫-新竹",10,0,10
"3696","5410國眾","110/08/12","元大-竹科",0,17,-17
"3697","5410國眾","110/08/12","凱基-虎尾",10,0,10
"3698","5410國眾","110/08/12","元大-歸仁",1,15,-14
"3699","5410國眾","110/08/12","富邦-竹北",10,0,10
"3700","5410國眾","110/08/12","日盛-八德",0,10,-10
"3701","5410國眾","110/08/12","玉山-新莊",9,0,9
"3702","5410國眾","110/08/12","華南永昌-潮州",0,10,-10
"3703","5410國眾","110/08/12","玉山-台大",8,0,8
"3704","5410國眾","110/08/12","富邦-板橋",0,7,-7
"3705","5410國眾","110/08/12","凱基-桃園",8,0,8
"3706","5410國眾","110/08/12","凱基-高雄",0,6,-6
"3707","5410國眾","110/08/12","日盛-永康",7,0,7
"3708","5410國眾","110/08/12","元大-忠孝",0,6,-6
"3709","5410國眾","110/08/12","玉山-雙和",7,0,7
"3710","5410國眾","110/08/12","凱基-汐止",0,5,-5
"3711","5410國眾","110/08/12","元大-彰化",7,0,7
"3712","5410國眾","110/08/12","凱基-台北",0,5,-5
"3713","5410國眾","110/08/12","元大-崇德",7,0,7
"3714","5410國眾","110/08/12","元富-花蓮",0,4,-4
"3715","5410國眾","110/08/12","國泰-館前",6,0,6
"3716","5410國眾","110/08/12","凱基-岡山",0,4,-4
"3717","5410國眾","110/08/12","國泰-板橋",8,2,6
"3718","5410國眾","110/08/12","瑞士信貸",0,3,-3
"3719","5410國眾","110/08/12","元富-桃園",5,0,5
"3720","5410國眾","110/08/12","富邦-台中",0,3,-3
"3721","2841台開","110/08/12","宏遠-館前",370,0,370
"3722","2841台開","110/08/12","永豐金-敦南",4,134,-130
"3723","2841台開","110/08/12","永豐金-豐原",94,0,94
"3724","2841台開","110/08/12","港商野村",0,85,-85
"3725","2841台開","110/08/12","富邦-北港",53,0,53
"3726","2841台開","110/08/12","國泰-忠孝",1,40,-39
"3727","2841台開","110/08/12","新光-台中",20,0,20
"3728","2841台開","110/08/12","富邦-仁愛",0,38,-38
"3729","2841台開","110/08/12","凱基-高美館",20,0,20
"3730","2841台開","110/08/12","新加坡商瑞銀",0,27,-27
"3731","2841台開","110/08/12","元大-左營",20,0,20
"3732","2841台開","110/08/12","統一-嘉義",0,21,-21
"3733","2841台開","110/08/12","元大-基隆孝二",11,0,11
"3734","2841台開","110/08/12","日盛-忠孝",0,20,-20
"3735","2841台開","110/08/12","元大-路竹",10,0,10
"3736","2841台開","110/08/12","日盛-中壢",0,20,-20
"3737","2841台開","110/08/12","華南永昌-虎尾",9,0,9
"3738","2841台開","110/08/12","宏遠-桃園",0,20,-20
"3739","2841台開","110/08/12","康和-台北",6,0,6
"3740","2841台開","110/08/12","群益金鼎-南京",0,20,-20
"3741","2841台開","110/08/12","致和-東門",5,0,5
"3742","2841台開","110/08/12","合庫-基隆",0,18,-18
"3743","2841台開","110/08/12","元大-虎尾",5,0,5
"3744","2841台開","110/08/12","日盛證券",0,17,-17
"3745","2841台開","110/08/12","元大-莒光",5,0,5
"3746","2841台開","110/08/12","元大-歸仁",0,15,-15
"3747","2841台開","110/08/12","永豐金-桃園",5,0,5
"3748","2841台開","110/08/12","新光",10,21,-11
"3749","2841台開","110/08/12","新光-台南",4,0,4
"3750","2841台開","110/08/12","群益金鼎-天母",0,11,-11
"3751","6207雷科","110/08/12","摩根大通",125,11,114
"3752","6207雷科","110/08/12","凱基-復興",0,120,-120
"3753","6207雷科","110/08/12","凱基-台北",96,1,95
"3754","6207雷科","110/08/12","元大-鳳山",0,62,-62
"3755","6207雷科","110/08/12","美林",38,3,35
"3756","6207雷科","110/08/12","日盛證券",0,56,-56
"3757","6207雷科","110/08/12","兆豐-南京",30,0,30
"3758","6207雷科","110/08/12","日盛-忠孝",0,48,-48
"3759","6207雷科","110/08/12","港商野村",27,1,26
"3760","6207雷科","110/08/12","日盛-桃園",0,11,-11
"3761","6207雷科","110/08/12","元大-南京",20,0,20
"3762","6207雷科","110/08/12","中國信託-高雄",0,10,-10
"3763","6207雷科","110/08/12","臺銀-臺南",12,0,12
"3764","6207雷科","110/08/12","元大-土城永寧",0,10,-10
"3765","6207雷科","110/08/12","瑞士信貸",11,0,11
"3766","6207雷科","110/08/12","凱基-湖口",0,8,-8
"3767","6207雷科","110/08/12","新加坡商瑞銀",20,11,9
"3768","6207雷科","110/08/12","富邦-敦南",0,7,-7
"3769","6207雷科","110/08/12","第一金-新興",6,0,6
"3770","6207雷科","110/08/12","凱基-三峽",0,6,-6
"3771","6207雷科","110/08/12","群益金鼎-士林",6,0,6
"3772","6207雷科","110/08/12","永豐金-高雄",0,6,-6
"3773","6207雷科","110/08/12","群益金鼎-瑞豐",6,0,6
"3774","6207雷科","110/08/12","宏遠證券",0,5,-5
"3775","6207雷科","110/08/12","兆豐-來福",5,0,5
"3776","6207雷科","110/08/12","元富-彰化",0,5,-5
"3777","6207雷科","110/08/12","華南永昌-彰化",5,0,5
"3778","6207雷科","110/08/12","凱基-岡山",0,5,-5
"3779","6207雷科","110/08/12","富邦-中壢",5,0,5
"3780","6207雷科","110/08/12","富邦-建國",0,5,-5
"3781","3679新至陞","110/08/12","台灣摩根士丹利",10,0,10
"3782","3679新至陞","110/08/12","元大-成功",0,10,-10
"3783","3679新至陞","110/08/12","國泰-松江",8,0,8
"3784","3679新至陞","110/08/12","新加坡商瑞銀",0,7,-7
"3785","3679新至陞","110/08/12","元大-大同",3,0,3
"3786","3679新至陞","110/08/12","摩根大通",2,6,-4
"3787","3679新至陞","110/08/12","聯邦-三重",2,0,2
"3788","3679新至陞","110/08/12","瑞士信貸",0,3,-3
"3789","3679新至陞","110/08/12","凱基-站前",2,0,2
"3790","3679新至陞","110/08/12","港商野村",0,3,-3
"3791","3679新至陞","110/08/12","日盛-板橋",1,0,1
"3792","3679新至陞","110/08/12","凱基-新豐",0,3,-3
"3793","3679新至陞","110/08/12","日盛-龍潭",1,0,1
"3794","3679新至陞","110/08/12","元大證券",0,3,-3
"3795","3679新至陞","110/08/12","美商高盛",1,0,1
"3796","3679新至陞","110/08/12","康和-板橋",0,2,-2
"3797","3679新至陞","110/08/12","大慶-蘆洲",1,0,1
"3798","3679新至陞","110/08/12","富邦-台北",0,2,-2
"3799","3679新至陞","110/08/12","元富-民權",1,0,1
"3800","3679新至陞","110/08/12","元大-土城永寧",0,2,-2
"3801","3679新至陞","110/08/12","元富-花蓮",1,0,1
"3802","3679新至陞","110/08/12","彰銀",0,1,-1
"3803","3679新至陞","110/08/12","(牛牛牛)亞-網路",1,0,1
"3804","3679新至陞","110/08/12","大慶-富順",0,1,-1
"3805","3679新至陞","110/08/12","光和-溪湖",1,0,1
"3806","3679新至陞","110/08/12","台中銀-豐原",0,1,-1
"3807","3679新至陞","110/08/12","兆豐-城中",1,0,1
"3808","3679新至陞","110/08/12","兆豐-東門",0,1,-1
"3809","3679新至陞","110/08/12","兆豐-岡山",1,0,1
"3810","3679新至陞","110/08/12","凱基-新店",0,1,-1
"3811","2727王品","110/08/12","新光",25,8,17
"3812","2727王品","110/08/12","美林",0,76,-76
"3813","2727王品","110/08/12","彰銀-台中",14,2,12
"3814","2727王品","110/08/12","新加坡商瑞銀",0,52,-52
"3815","2727王品","110/08/12","康和-澎湖",10,0,10
"3816","2727王品","110/08/12","凱基-台北",2,38,-36
"3817","2727王品","110/08/12","富邦-建國",10,1,9
"3818","2727王品","110/08/12","國泰證券",0,22,-22
"3819","2727王品","110/08/12","永豐金-中正",9,0,9
"3820","2727王品","110/08/12","統一",1,19,-18
"3821","2727王品","110/08/12","中國信託",12,4,8
"3822","2727王品","110/08/12","元大證券",5,21,-16
"3823","2727王品","110/08/12","國泰-敦南",9,1,8
"3824","2727王品","110/08/12","永豐金證券",0,16,-16
"3825","2727王品","110/08/12","日盛-景美",8,1,7
"3826","2727王品","110/08/12","港商野村",4,15,-11
"3827","2727王品","110/08/12","元富-永和",7,0,7
"3828","2727王品","110/08/12","元富-大昌",0,8,-8
"3829","2727王品","110/08/12","富邦-新店",7,0,7
"3830","2727王品","110/08/12","元大-沙鹿",0,8,-8
"3831","2727王品","110/08/12","日盛-木柵",6,0,6
"3832","2727王品","110/08/12","元大-板橋",5,10,-5
"3833","2727王品","110/08/12","日盛-屏東",7,1,6
"3834","2727王品","110/08/12","永豐金-彰化",0,5,-5
"3835","2727王品","110/08/12","台新-三民",7,1,6
"3836","2727王品","110/08/12","大慶-泰山",0,4,-4
"3837","2727王品","110/08/12","凱基-三重",6,0,6
"3838","2727王品","110/08/12","台中銀",0,4,-4
"3839","2727王品","110/08/12","第一金-台南",5,0,5
"3840","2727王品","110/08/12","康和",0,4,-4
"3841","1570力肯","110/08/12","台新證券",91,15,76
"3842","1570力肯","110/08/12","國票-北高雄",2,361,-359
"3843","1570力肯","110/08/12","元大-南投",81,5,76
"3844","1570力肯","110/08/12","新光",95,222,-127
"3845","1570力肯","110/08/12","永全-南崁",94,20,74
"3846","1570力肯","110/08/12","(牛牛牛)亞-鑫豐",28,120,-92
"3847","1570力肯","110/08/12","日盛-忠孝",57,0,57
"3848","1570力肯","110/08/12","華南永昌-高雄",0,52,-52
"3849","1570力肯","110/08/12","永豐金-北高雄",55,0,55
"3850","1570力肯","110/08/12","群益金鼎-三重",0,42,-42
"3851","1570力肯","110/08/12","中國信託-高雄",72,22,50
"3852","1570力肯","110/08/12","日盛-八德",2,39,-37
"3853","1570力肯","110/08/12","凱基-天母",49,0,49
"3854","1570力肯","110/08/12","新光-台中",130,167,-37
"3855","1570力肯","110/08/12","新光-台南",56,18,38
"3856","1570力肯","110/08/12","日盛-樹林",1,31,-30
"3857","1570力肯","110/08/12","兆豐-嘉義",35,0,35
"3858","1570力肯","110/08/12","元大-竹北",0,30,-30
"3859","1570力肯","110/08/12","國票-天祥",32,1,31
"3860","1570力肯","110/08/12","元大-楊梅",6,35,-29
"3861","1570力肯","110/08/12","國泰-松江",81,51,30
"3862","1570力肯","110/08/12","元大-桃興",4,32,-28
"3863","1570力肯","110/08/12","元大-新店中正",33,3,30
"3864","1570力肯","110/08/12","亞東-台中",0,26,-26
"3865","1570力肯","110/08/12","統一",48,21,27
"3866","1570力肯","110/08/12","永豐金-屏東",5,30,-25
"3867","1570力肯","110/08/12","國票-內壢",26,0,26
"3868","1570力肯","110/08/12","國泰-館前",0,24,-24
"3869","1570力肯","110/08/12","元大-大益",27,1,26
"3870","1570力肯","110/08/12","摩根大通",173,193,-20
"3871","6180橘子","110/08/12","第一金-忠孝",54,0,54
"3872","6180橘子","110/08/12","台灣企銀-屏東",0,30,-30
"3873","6180橘子","110/08/12","美林",35,0,35
"3874","6180橘子","110/08/12","元大-斗信",0,20,-20
"3875","6180橘子","110/08/12","凱基-台北",27,0,27
"3876","6180橘子","110/08/12","永豐金-信義",0,15,-15
"3877","6180橘子","110/08/12","美商高盛",23,2,21
"3878","6180橘子","110/08/12","玉山-桃園",0,14,-14
"3879","6180橘子","110/08/12","元大-前金",20,0,20
"3880","6180橘子","110/08/12","兆豐-埔墘",0,10,-10
"3881","6180橘子","110/08/12","摩根大通",21,5,16
"3882","6180橘子","110/08/12","富邦-高雄",0,10,-10
"3883","6180橘子","110/08/12","元大-敦南",11,0,11
"3884","6180橘子","110/08/12","台新-新營",1,10,-9
"3885","6180橘子","110/08/12","統一-基隆",10,0,10
"3886","6180橘子","110/08/12","富邦-員林",0,9,-9
"3887","6180橘子","110/08/12","元大證券",6,0,6
"3888","6180橘子","110/08/12","台灣摩根士丹利",4,11,-7
"3889","6180橘子","110/08/12","日盛-樹林",5,0,5
"3890","6180橘子","110/08/12","大慶-蘆洲",0,7,-7
"3891","6180橘子","110/08/12","新光-新竹",6,1,5
"3892","6180橘子","110/08/12","元大-北三重",0,7,-7
"3893","6180橘子","110/08/12","元大-上新莊",5,0,5
"3894","6180橘子","110/08/12","新光",1,6,-5
"3895","6180橘子","110/08/12","新加坡商瑞銀",3,0,3
"3896","6180橘子","110/08/12","華南永昌-虎尾",0,5,-5
"3897","6180橘子","110/08/12","統一-中壢",3,0,3
"3898","6180橘子","110/08/12","元大-屏南",0,5,-5
"3899","6180橘子","110/08/12","元富-新店",3,0,3
"3900","6180橘子","110/08/12","群益金鼎-東湖",1,5,-4
"3901","2390云辰","110/08/12","美林",245,9,236
"3902","2390云辰","110/08/12","臺銀-臺中",2,218,-216
"3903","2390云辰","110/08/12","新加坡商瑞銀",90,20,70
"3904","2390云辰","110/08/12","兆豐-寶成",0,185,-185
"3905","2390云辰","110/08/12","台灣摩根士丹利",59,2,57
"3906","2390云辰","110/08/12","元大-板橋三民",1,70,-69
"3907","2390云辰","110/08/12","凱基-台北",127,72,55
"3908","2390云辰","110/08/12","永豐金-松山",5,70,-65
"3909","2390云辰","110/08/12","元大-豐原站前",51,1,50
"3910","2390云辰","110/08/12","富邦-建國",11,62,-51
"3911","2390云辰","110/08/12","港商野村",198,154,44
"3912","2390云辰","110/08/12","元大-土城學府",36,70,-34
"3913","2390云辰","110/08/12","凱基-站前",54,10,44
"3914","2390云辰","110/08/12","元大-土城永寧",10,39,-29
"3915","2390云辰","110/08/12","元大-北三重",34,2,32
"3916","2390云辰","110/08/12","群益金鼎-中壢",3,30,-27
"3917","2390云辰","110/08/12","凱基-民權",30,0,30
"3918","2390云辰","110/08/12","元大-新竹",3,30,-27
"3919","2390云辰","110/08/12","華南永昌-岡山",28,0,28
"3920","2390云辰","110/08/12","元富-城東",2,28,-26
"3921","2390云辰","110/08/12","元富-同大",34,7,27
"3922","2390云辰","110/08/12","群益金鼎-三民",2,26,-24
"3923","2390云辰","110/08/12","元大-路竹",45,20,25
"3924","2390云辰","110/08/12","台新-左楠",28,50,-22
"3925","2390云辰","110/08/12","國票-博愛",34,11,23
"3926","2390云辰","110/08/12","中農",1,23,-22
"3927","2390云辰","110/08/12","元大-台南",25,2,23
"3928","2390云辰","110/08/12","聯邦商銀",0,22,-22
"3929","2390云辰","110/08/12","群益金鼎-開元",30,8,22
"3930","2390云辰","110/08/12","元富-新店",2,23,-21
"3931","2867三商壽","110/08/11","摩根大通",509,31,478
"3932","2867三商壽","110/08/11","港商野村",13,188,-175
"3933","2867三商壽","110/08/11","美商高盛",157,17,140
"3934","2867三商壽","110/08/11","宏遠-高雄",0,150,-150
"3935","2867三商壽","110/08/11","凱基-台北",123,14,109
"3936","2867三商壽","110/08/11","日盛-鳳山",0,73,-73
"3937","2867三商壽","110/08/11","凱基-八德",101,0,101
"3938","2867三商壽","110/08/11","德信-中正",0,71,-71
"3939","2867三商壽","110/08/11","統一-平鎮",100,0,100
"3940","2867三商壽","110/08/11","凱基-新豐",1,67,-66
"3941","2867三商壽","110/08/11","元大-土城永寧",94,5,89
"3942","2867三商壽","110/08/11","土銀-新竹",0,60,-60
"3943","2867三商壽","110/08/11","元大-沙鹿",63,0,63
"3944","2867三商壽","110/08/11","凱基-中港",0,55,-55
"3945","2867三商壽","110/08/11","新加坡商瑞銀",55,1,54
"3946","2867三商壽","110/08/11","中國信託-文心",11,61,-50
"3947","2867三商壽","110/08/11","台灣摩根士丹利",60,10,50
"3948","2867三商壽","110/08/11","國泰-新莊",2,50,-48
"3949","2867三商壽","110/08/11","元富-潮州",41,0,41
"3950","2867三商壽","110/08/11","群益金鼎",0,40,-40
"3951","2867三商壽","110/08/11","統一-汐止",40,0,40
"3952","2867三商壽","110/08/11","元大-大益",0,40,-40
"3953","2867三商壽","110/08/11","新光-高雄",40,4,36
"3954","2867三商壽","110/08/11","富邦-板橋",5,38,-33
"3955","2867三商壽","110/08/11","玉山-板橋",31,1,30
"3956","2867三商壽","110/08/11","元富-古亭",0,30,-30
"3957","2867三商壽","110/08/11","美林",194,168,26
"3958","2867三商壽","110/08/11","元大-金華",0,30,-30
"3959","2867三商壽","110/08/11","凱基",24,0,24
"3960","2867三商壽","110/08/11","元大-汐止",13,42,-29
"3961","5521工信","110/08/11","摩根大通",417,16,401
"3962","5521工信","110/08/11","元大-沙鹿",0,103,-103
"3963","5521工信","110/08/11","凱基-台北",86,5,81
"3964","5521工信","110/08/11","華南永昌",0,43,-43
"3965","5521工信","110/08/11","日進",73,0,73
"3966","5521工信","110/08/11","聯邦-雙和",0,42,-42
"3967","5521工信","110/08/11","日盛證券",70,0,70
"3968","5521工信","110/08/11","元富-基隆",0,38,-38
"3969","5521工信","110/08/11","富邦-台北",65,0,65
"3970","5521工信","110/08/11","第一金-路竹",0,37,-37
"3971","5521工信","110/08/11","富邦-苗栗",50,0,50
"3972","5521工信","110/08/11","土銀-台中",0,35,-35
"3973","5521工信","110/08/11","永豐金-鳳山",40,1,39
"3974","5521工信","110/08/11","玉山-高雄",0,30,-30
"3975","5521工信","110/08/11","台灣企銀-北高雄",30,0,30
"3976","5521工信","110/08/11","凱基-台南",0,30,-30
"3977","5521工信","110/08/11","美林",71,42,29
"3978","5521工信","110/08/11","凱基-復興",0,30,-30
"3979","5521工信","110/08/11","台新-台中",31,6,25
"3980","5521工信","110/08/11","元大-屏南",0,30,-30
"3981","5521工信","110/08/11","凱基-鳳山",20,0,20
"3982","5521工信","110/08/11","永豐金-天母",0,30,-30
"3983","5521工信","110/08/11","元大-東蘆",20,0,20
"3984","5521工信","110/08/11","華南永昌-潮州",4,32,-28
"3985","5521工信","110/08/11","群益金鼎-士林",21,3,18
"3986","5521工信","110/08/11","華南永昌-彰化",13,39,-26
"3987","5521工信","110/08/11","永豐金證券",14,0,14
"3988","5521工信","110/08/11","日盛-新莊",0,25,-25
"3989","5521工信","110/08/11","瑞士信貸",13,0,13
"3990","5521工信","110/08/11","群益金鼎-敦南",0,25,-25
"3991","1471首利","110/08/11","瑞士信貸",162,0,162
"3992","1471首利","110/08/11","日盛-和美",1,55,-54
"3993","1471首利","110/08/11","永全-八德",100,0,100
"3994","1471首利","110/08/11","臺銀-臺中",3,55,-52
"3995","1471首利","110/08/11","摩根大通",128,46,82
"3996","1471首利","110/08/11","永豐金-板盛",0,42,-42
"3997","1471首利","110/08/11","台新證券",48,7,41
"3998","1471首利","110/08/11","兆豐-桃園",0,40,-40
"3999","1471首利","110/08/11","凱基-台南",30,0,30
"4000","1471首利","110/08/11","凱基-東門",0,40,-40
"4001","1471首利","110/08/11","凱基-內埔",20,0,20
"4002","1471首利","110/08/11","元大-新竹經國",0,40,-40
"4003","1471首利","110/08/11","元大-蘆洲",20,0,20
"4004","1471首利","110/08/11","群益金鼎-中港",0,35,-35
"4005","1471首利","110/08/11","台新-高雄",16,0,16
"4006","1471首利","110/08/11","元大-竹山",0,30,-30
"4007","1471首利","110/08/11","大慶-富順",13,0,13
"4008","1471首利","110/08/11","富邦-新竹",1,30,-29
"4009","1471首利","110/08/11","群益金鼎-海山",13,0,13
"4010","1471首利","110/08/11","日盛-八德",0,27,-27
"4011","1471首利","110/08/11","日盛-大墩",12,0,12
"4012","1471首利","110/08/11","大慶-蘆洲",5,30,-25
"4013","1471首利","110/08/11","凱基-三重",12,0,12
"4014","1471首利","110/08/11","元富-林園",0,25,-25
"4015","1471首利","110/08/11","華南永昌-林口",12,0,12
"4016","1471首利","110/08/11","元富-大昌",0,25,-25
"4017","1471首利","110/08/11","富邦-中壢",13,2,11
"4018","1471首利","110/08/11","新光",9,34,-25
"4019","1471首利","110/08/11","合庫-台中",10,0,10
"4020","1471首利","110/08/11","兆豐-寶成",0,24,-24
"4021","2883開發金","110/08/11","瑞士信貸",5796,0,5796
"4022","2883開發金","110/08/11","元富",772,4335,-3563
"4023","2883開發金","110/08/11","元大-板橋三民",4182,53,4129
"4024","2883開發金","110/08/11","美林",2516,5260,-2744
"4025","2883開發金","110/08/11","合庫證券",3532,28,3504
"4026","2883開發金","110/08/11","永豐金-彰化",42,2447,-2405
"4027","2883開發金","110/08/11","兆豐證券",2123,44,2079
"4028","2883開發金","110/08/11","元大證券",1279,3467,-2188
"4029","2883開發金","110/08/11","台灣摩根士丹利",2946,1744,1202
"4030","2883開發金","110/08/11","國票-長城",0,2014,-2014
"4031","2883開發金","110/08/11","富邦-建國",1195,92,1103
"4032","2883開發金","110/08/11","港商野村",3121,4600,-1479
"4033","2883開發金","110/08/11","新光-新竹",1140,38,1102
"4034","2883開發金","110/08/11","元大-金華",31,1341,-1310
"4035","2883開發金","110/08/11","美商高盛",1600,535,1065
"4036","2883開發金","110/08/11","元大-彰化",67,1218,-1151
"4037","2883開發金","110/08/11","群益金鼎-南京",1083,202,881
"4038","2883開發金","110/08/11","玉山-高雄",99,986,-887
"4039","2883開發金","110/08/11","凱基-台北",5046,4258,788
"4040","2883開發金","110/08/11","元富-彰化",27,813,-786
"4041","2883開發金","110/08/11","港商法國興業",728,0,728
"4042","2883開發金","110/08/11","摩根大通",3362,4085,-723
"4043","2883開發金","110/08/11","玉山證券",716,98,618
"4044","2883開發金","110/08/11","國泰證券",21,658,-637
"4045","2883開發金","110/08/11","凱基-豐中",634,76,558
"4046","2883開發金","110/08/11","富邦-新店",61,662,-601
"4047","2883開發金","110/08/11","永豐金-忠孝",1406,858,548
"4048","2883開發金","110/08/11","元大-小港",71,667,-596
"4049","2883開發金","110/08/11","元大-民生",532,2,530
"4050","2883開發金","110/08/11","富邦-台北",213,798,-585
"4051","6205詮欣","110/08/11","臺銀-民權",25,0,25
"4052","6205詮欣","110/08/11","摩根大通",2,46,-44
"4053","6205詮欣","110/08/11","合庫-三重",20,0,20
"4054","6205詮欣","110/08/11","永豐金-敦南",0,14,-14
"4055","6205詮欣","110/08/11","元富-宜蘭",20,0,20
"4056","6205詮欣","110/08/11","瑞士信貸",0,11,-11
"4057","6205詮欣","110/08/11","德信-新營",10,0,10
"4058","6205詮欣","110/08/11","永豐金-忠孝",0,10,-10
"4059","6205詮欣","110/08/11","元大-西屯",10,0,10
"4060","6205詮欣","110/08/11","統一-汐止",0,6,-6
"4061","6205詮欣","110/08/11","永豐金-中正",9,0,9
"4062","6205詮欣","110/08/11","港商野村",0,5,-5
"4063","6205詮欣","110/08/11","日盛-三重",5,0,5
"4064","6205詮欣","110/08/11","新光",0,5,-5
"4065","6205詮欣","110/08/11","日盛-花蓮",5,0,5
"4066","6205詮欣","110/08/11","群益金鼎-開元",0,5,-5
"4067","6205詮欣","110/08/11","宏遠證券",5,0,5
"4068","6205詮欣","110/08/11","富邦-陽明",0,5,-5
"4069","6205詮欣","110/08/11","高橋",5,0,5
"4070","6205詮欣","110/08/11","元大-館前",0,5,-5
"4071","6205詮欣","110/08/11","亞東-板橋",4,0,4
"4072","6205詮欣","110/08/11","大慶-中壢",0,4,-4
"4073","6205詮欣","110/08/11","元富-基隆",3,0,3
"4074","6205詮欣","110/08/11","凱基-和平",0,4,-4
"4075","6205詮欣","110/08/11","元大-台中中港",3,0,3
"4076","6205詮欣","110/08/11","富邦-台北",0,4,-4
"4077","6205詮欣","110/08/11","合庫-彰化",2,0,2
"4078","6205詮欣","110/08/11","元大-南投",0,4,-4
"4079","6205詮欣","110/08/11","元大-西門",2,0,2
"4080","6205詮欣","110/08/11","元大-東蘆",0,4,-4
"4081","1540喬福","110/08/11","元富-中原",30,0,30
"4082","1540喬福","110/08/11","統一-新台中",0,18,-18
"4083","1540喬福","110/08/11","台中銀",17,0,17
"4084","1540喬福","110/08/11","凱基-台北",0,16,-16
"4085","1540喬福","110/08/11","富邦-竹北",11,0,11
"4086","1540喬福","110/08/11","永豐金-板新",0,15,-15
"4087","1540喬福","110/08/11","國泰-敦南",8,0,8
"4088","1540喬福","110/08/11","永豐金-中盛",0,11,-11
"4089","1540喬福","110/08/11","凱基-中壢",6,0,6
"4090","1540喬福","110/08/11","元大-中壢",0,10,-10
"4091","1540喬福","110/08/11","凱基-台南",5,0,5
"4092","1540喬福","110/08/11","玉山-台南",0,4,-4
"4093","1540喬福","110/08/11","元大-土城永寧",3,0,3
"4094","1540喬福","110/08/11","國票-南科",0,3,-3
"4095","1540喬福","110/08/11","臺銀-鳳山",2,0,2
"4096","1540喬福","110/08/11","元大-龍潭",0,3,-3
"4097","1540喬福","110/08/11","日盛-台中",2,0,2
"4098","1540喬福","110/08/11","臺銀-臺中",0,2,-2
"4099","1540喬福","110/08/11","兆豐-北高雄",2,0,2
"4100","1540喬福","110/08/11","(牛牛牛)亞-網路",0,2,-2
"4101","1540喬福","110/08/11","兆豐-三民",2,0,2
"4102","1540喬福","110/08/11","新光-台南",0,2,-2
"4103","1540喬福","110/08/11","合庫-桃園",1,0,1
"4104","1540喬福","110/08/11","凱基-永和",0,2,-2
"4105","1540喬福","110/08/11","臺銀-民權",1,0,1
"4106","1540喬福","110/08/11","元大-南崁",0,2,-2
"4107","1540喬福","110/08/11","臺銀-高雄",1,0,1
"4108","1540喬福","110/08/11","美林",0,1,-1
"4109","1540喬福","110/08/11","日盛-永康",1,0,1
"4110","1540喬福","110/08/11","美商高盛",0,1,-1
"4111","2888新光金","110/08/11","摩根大通",6950,1470,5480
"4112","2888新光金","110/08/11","第一金-高雄",5,5018,-5013
"4113","2888新光金","110/08/11","元大-忠孝鼎富",4314,11,4303
"4114","2888新光金","110/08/11","永豐金-天母",0,2241,-2241
"4115","2888新光金","110/08/11","美商高盛",4420,228,4192
"4116","2888新光金","110/08/11","統一-中壢",11,1720,-1709
"4117","2888新光金","110/08/11","瑞士信貸",2928,166,2762
"4118","2888新光金","110/08/11","美林",1510,3170,-1660
"4119","2888新光金","110/08/11","群益金鼎",1859,0,1859
"4120","2888新光金","110/08/11","國票-台東",21,1606,-1585
"4121","2888新光金","110/08/11","凱基-台北",5335,3700,1635
"4122","2888新光金","110/08/11","元富-城東",25,1082,-1057
"4123","2888新光金","110/08/11","新加坡商瑞銀",1506,65,1441
"4124","2888新光金","110/08/11","台灣摩根士丹利",916,1951,-1035
"4125","2888新光金","110/08/11","港商法國興業",1338,0,1338
"4126","2888新光金","110/08/11","中國信託",25,740,-715
"4127","2888新光金","110/08/11","元富-中港",1250,9,1241
"4128","2888新光金","110/08/11","新光",391,1047,-656
"4129","2888新光金","110/08/11","福邦-新竹",1176,0,1176
"4130","2888新光金","110/08/11","合庫-高雄",1,567,-566
"4131","2888新光金","110/08/11","凱基-林口",1005,35,970
"4132","2888新光金","110/08/11","康和-台中",1,463,-462
"4133","2888新光金","110/08/11","港商野村",1301,434,867
"4134","2888新光金","110/08/11","玉山證券",260,691,-431
"4135","2888新光金","110/08/11","國票-安和",1179,519,660
"4136","2888新光金","110/08/11","元大-和平",4,382,-378
"4137","2888新光金","110/08/11","富邦-敦南",569,19,550
"4138","2888新光金","110/08/11","日盛-新莊",0,350,-350
"4139","2888新光金","110/08/11","香港上海匯豐",441,0,441
"4140","2888新光金","110/08/11","群益金鼎-大興",1,341,-340
"4141","1340勝悅","110/08/11","華南永昌-高雄",24,4,20
"4142","1340勝悅","110/08/11","元大-大統",0,42,-42
"4143","1340勝悅","110/08/11","亞東-板橋",18,0,18
"4144","1340勝悅","110/08/11","(牛牛牛)亞-鑫豐",0,25,-25
"4145","1340勝悅","110/08/11","永豐金-台南",12,0,12
"4146","1340勝悅","110/08/11","美林",0,20,-20
"4147","1340勝悅","110/08/11","永豐金-板盛",10,0,10
"4148","1340勝悅","110/08/11","摩根大通",0,18,-18
"4149","1340勝悅","110/08/11","永豐金-天母",9,0,9
"4150","1340勝悅","110/08/11","元富-基隆",0,12,-12
"4151","1340勝悅","110/08/11","國泰-敦南",15,7,8
"4152","1340勝悅","110/08/11","玉山-高雄",0,12,-12
"4153","1340勝悅","110/08/11","群益金鼎-館前",8,0,8
"4154","1340勝悅","110/08/11","元大-桃興",0,10,-10
"4155","1340勝悅","110/08/11","凱基-台中",7,0,7
"4156","1340勝悅","110/08/11","永豐金-博愛",0,10,-10
"4157","1340勝悅","110/08/11","統一-城中",6,0,6
"4158","1340勝悅","110/08/11","瑞士信貸",0,8,-8
"4159","1340勝悅","110/08/11","群益金鼎-崇德",6,0,6
"4160","1340勝悅","110/08/11","日盛-台中",0,6,-6
"4161","1340勝悅","110/08/11","永豐金-松山",6,0,6
"4162","1340勝悅","110/08/11","元大-景美",0,6,-6
"4163","1340勝悅","110/08/11","臺銀-鳳山",5,0,5
"4164","1340勝悅","110/08/11","日盛-信義",0,5,-5
"4165","1340勝悅","110/08/11","永全-南崁",5,0,5
"4166","1340勝悅","110/08/11","台新證券",0,5,-5
"4167","1340勝悅","110/08/11","玉山-士林",5,0,5
"4168","1340勝悅","110/08/11","元大-忠孝鼎富",0,5,-5
"4169","1340勝悅","110/08/11","國泰-台中",15,10,5
"4170","1340勝悅","110/08/11","元大-中壢",0,5,-5
"4171","6246臺龍","110/08/11","永興",40,3,37
"4172","6246臺龍","110/08/11","港商野村",6,139,-133
"4173","6246臺龍","110/08/11","永豐金-內湖",42,9,33
"4174","6246臺龍","110/08/11","統一",0,97,-97
"4175","6246臺龍","110/08/11","元大-豐原站前",68,41,27
"4176","6246臺龍","110/08/11","兆豐-松德",0,82,-82
"4177","6246臺龍","110/08/11","日盛-員林",21,1,20
"4178","6246臺龍","110/08/11","元大-新盛",24,80,-56
"4179","6246臺龍","110/08/11","康和-澎湖",20,0,20
"4180","6246臺龍","110/08/11","元大-北港",0,35,-35
"4181","6246臺龍","110/08/11","元大-歸仁",18,0,18
"4182","6246臺龍","110/08/11","元大-西門",0,28,-28
"4183","6246臺龍","110/08/11","元大-中壢",35,17,18
"4184","6246臺龍","110/08/11","永興-台中",0,27,-27
"4185","6246臺龍","110/08/11","玉山-大里",17,0,17
"4186","6246臺龍","110/08/11","永興-水湳",0,25,-25
"4187","6246臺龍","110/08/11","大慶-泰山",15,0,15
"4188","6246臺龍","110/08/11","元大-西螺",6,30,-24
"4189","6246臺龍","110/08/11","永豐金-松山",15,1,14
"4190","6246臺龍","110/08/11","元大-西屯",2,25,-23
"4191","6246臺龍","110/08/11","凱基-永和",13,0,13
"4192","6246臺龍","110/08/11","新光",45,67,-22
"4193","6246臺龍","110/08/11","華南永昌-嘉義",13,0,13
"4194","6246臺龍","110/08/11","第一金-台中",0,20,-20
"4195","6246臺龍","110/08/11","富邦-三重",13,0,13
"4196","6246臺龍","110/08/11","兆豐-南京",0,20,-20
"4197","6246臺龍","110/08/11","日盛-高雄",12,0,12
"4198","6246臺龍","110/08/11","日盛-頭份",2,20,-18
"4199","6246臺龍","110/08/11","群益金鼎-北高雄",12,0,12
"4200","6246臺龍","110/08/11","宏遠-桃園",0,17,-17
"4201","00715L期街口布蘭特正2","110/08/11","元大證券",11593,2378,9215
"4202","00715L期街口布蘭特正2","110/08/11","凱基-台北",313,3001,-2688
"4203","00715L期街口布蘭特正2","110/08/11","永豐金-新店",1600,4,1596
"4204","00715L期街口布蘭特正2","110/08/11","富邦-南屯",403,1908,-1505
"4205","00715L期街口布蘭特正2","110/08/11","第一金-台中",1282,31,1251
"4206","00715L期街口布蘭特正2","110/08/11","新光",152,1165,-1013
"4207","00715L期街口布蘭特正2","110/08/11","元大-敦化",1200,20,1180
"4208","00715L期街口布蘭特正2","110/08/11","第一金-台南",0,519,-519
"4209","00715L期街口布蘭特正2","110/08/11","永豐金證券",1128,53,1075
"4210","00715L期街口布蘭特正2","110/08/11","統一-新竹",13,506,-493
"4211","00715L期街口布蘭特正2","110/08/11","元大-復北",556,21,535
"4212","00715L期街口布蘭特正2","110/08/11","台新-三民",0,438,-438
"4213","00715L期街口布蘭特正2","110/08/11","日盛-永康",340,0,340
"4214","00715L期街口布蘭特正2","110/08/11","富邦-彰化",30,391,-361
"4215","00715L期街口布蘭特正2","110/08/11","群益金鼎-板橋",350,17,333
"4216","00715L期街口布蘭特正2","110/08/11","元富-中壢",5,316,-311
"4217","00715L期街口布蘭特正2","110/08/11","元富",325,2,323
"4218","00715L期街口布蘭特正2","110/08/11","凱基-豐中",0,302,-302
"4219","00715L期街口布蘭特正2","110/08/11","凱基-科園",300,0,300
"4220","00715L期街口布蘭特正2","110/08/11","康和",359,645,-286
"4221","00715L期街口布蘭特正2","110/08/11","元大-蘆洲",311,59,252
"4222","00715L期街口布蘭特正2","110/08/11","元富-成功",5,290,-285
"4223","00715L期街口布蘭特正2","110/08/11","群益金鼎-崇德",251,20,231
"4224","00715L期街口布蘭特正2","110/08/11","台新-松江",0,268,-268
"4225","00715L期街口布蘭特正2","110/08/11","富邦-建國",265,42,223
"4226","00715L期街口布蘭特正2","110/08/11","元大-前金",21,279,-258
"4227","00715L期街口布蘭特正2","110/08/11","富邦-嘉義",300,99,201
"4228","00715L期街口布蘭特正2","110/08/11","國泰-高雄",13,236,-223
"4229","00715L期街口布蘭特正2","110/08/11","元大-竹科",314,115,199
"4230","00715L期街口布蘭特正2","110/08/11","中國信託-嘉義",4,223,-219
"4231","8941關中","110/08/11","凱基-市府",1,0,1
"4232","8941關中","110/08/11","元大-古亭",0,1,-1
"4233","8941關中","110/08/11","康和-板橋",0,0,0
"4234","8941關中","110/08/11","康和-板橋",0,0,0
"4235","8941關中","110/08/11","國泰-忠孝",0,0,0
"4236","8941關中","110/08/11","國泰-忠孝",0,0,0
"4237","8941關中","110/08/11","富邦-北港",0,0,0
"4238","8941關中","110/08/11","富邦-北港",0,0,0
"4239","8941關中","110/08/11","元大證券",0,0,0
"4240","8941關中","110/08/11","元大證券",0,0,0
"4241","8941關中","110/08/11","",NA,NA,NA
"4242","8941關中","110/08/11","",NA,NA,NA
"4243","8941關中","110/08/11","",NA,NA,NA
"4244","8941關中","110/08/11","",NA,NA,NA
"4245","8941關中","110/08/11","",NA,NA,NA
"4246","8941關中","110/08/11","",NA,NA,NA
"4247","8941關中","110/08/11","",NA,NA,NA
"4248","8941關中","110/08/11","",NA,NA,NA
"4249","8941關中","110/08/11","",NA,NA,NA
"4250","8941關中","110/08/11","",NA,NA,NA
"4251","8941關中","110/08/11","",NA,NA,NA
"4252","8941關中","110/08/11","",NA,NA,NA
"4253","8941關中","110/08/11","",NA,NA,NA
"4254","8941關中","110/08/11","",NA,NA,NA
"4255","8941關中","110/08/11","",NA,NA,NA
"4256","8941關中","110/08/11","",NA,NA,NA
"4257","8941關中","110/08/11","",NA,NA,NA
"4258","8941關中","110/08/11","",NA,NA,NA
"4259","8941關中","110/08/11","",NA,NA,NA
"4260","8941關中","110/08/11","",NA,NA,NA
"4261","8936國統","110/08/11","台新-高雄",218,1,217
"4262","8936國統","110/08/11","凱基-內埔",0,70,-70
"4263","8936國統","110/08/11","新光-桃園",105,3,102
"4264","8936國統","110/08/11","元大-太平",0,60,-60
"4265","8936國統","110/08/11","新加坡商瑞銀",124,59,65
"4266","8936國統","110/08/11","永豐金-板盛",0,48,-48
"4267","8936國統","110/08/11","美林",61,0,61
"4268","8936國統","110/08/11","兆豐-高雄",0,29,-29
"4269","8936國統","110/08/11","摩根大通",71,16,55
"4270","8936國統","110/08/11","群益金鼎-屏東",0,27,-27
"4271","8936國統","110/08/11","元富-同大",41,5,36
"4272","8936國統","110/08/11","新光",0,24,-24
"4273","8936國統","110/08/11","凱基-台北",38,6,32
"4274","8936國統","110/08/11","凱基-台南",0,22,-22
"4275","8936國統","110/08/11","華南永昌-高雄",22,0,22
"4276","8936國統","110/08/11","合庫-高雄",0,20,-20
"4277","8936國統","110/08/11","日盛-三峽",21,0,21
"4278","8936國統","110/08/11","永豐金-大園",0,20,-20
"4279","8936國統","110/08/11","兆豐-大同",30,9,21
"4280","8936國統","110/08/11","永豐金-台中",0,20,-20
"4281","8936國統","110/08/11","宏遠-台南",20,0,20
"4282","8936國統","110/08/11","永豐金-竹科",0,20,-20
"4283","8936國統","110/08/11","美商高盛",17,1,16
"4284","8936國統","110/08/11","港商野村",49,67,-18
"4285","8936國統","110/08/11","日盛-斗六",15,0,15
"4286","8936國統","110/08/11","第一金-新興",0,16,-16
"4287","8936國統","110/08/11","元富-大裕",15,0,15
"4288","8936國統","110/08/11","新光-台中",14,29,-15
"4289","8936國統","110/08/11","台新-台中",15,2,13
"4290","8936國統","110/08/11","凱基-永和",0,15,-15
"4291","6226光鼎","110/08/11","美商高盛",595,148,447
"4292","6226光鼎","110/08/11","瑞士信貸",297,751,-454
"4293","6226光鼎","110/08/11","凱基-台北",506,69,437
"4294","6226光鼎","110/08/11","摩根大通",911,1317,-406
"4295","6226光鼎","110/08/11","統一-高雄",503,150,353
"4296","6226光鼎","110/08/11","凱基-站前",29,313,-284
"4297","6226光鼎","110/08/11","美林",507,312,195
"4298","6226光鼎","110/08/11","台中銀-台北",0,280,-280
"4299","6226光鼎","110/08/11","合庫-台中",143,4,139
"4300","6226光鼎","110/08/11","國泰-台中",75,176,-101
"4301","6226光鼎","110/08/11","大昌",139,0,139
"4302","6226光鼎","110/08/11","元富-潮州",10,107,-97
"4303","6226光鼎","110/08/11","台灣摩根士丹利",229,101,128
"4304","6226光鼎","110/08/11","中國信託-永康",63,159,-96
"4305","6226光鼎","110/08/11","元大-北投",123,4,119
"4306","6226光鼎","110/08/11","國泰-高雄",15,96,-81
"4307","6226光鼎","110/08/11","富邦-南屯",170,63,107
"4308","6226光鼎","110/08/11","凱基-三多",23,100,-77
"4309","6226光鼎","110/08/11","群益金鼎-西松",176,93,83
"4310","6226光鼎","110/08/11","玉山-高雄",17,90,-73
"4311","6226光鼎","110/08/11","台新證券",167,99,68
"4312","6226光鼎","110/08/11","元大-新盛",8,81,-73
"4313","6226光鼎","110/08/11","永豐金-內湖",79,22,57
"4314","6226光鼎","110/08/11","元大-府城",7,72,-65
"4315","6226光鼎","110/08/11","日盛證券",51,6,45
"4316","6226光鼎","110/08/11","統一-仁愛",13,75,-62
"4317","6226光鼎","110/08/11","臺銀-高雄",70,26,44
"4318","6226光鼎","110/08/11","高橋",4,61,-57
"4319","6226光鼎","110/08/11","富邦-陽明",84,40,44
"4320","6226光鼎","110/08/11","台新-屏東",16,71,-55
"4321","2363矽統","110/08/11","瑞士信貸",547,0,547
"4322","2363矽統","110/08/11","凱基-台北",2934,4385,-1451
"4323","2363矽統","110/08/11","台灣摩根士丹利",677,160,517
"4324","2363矽統","110/08/11","陽信-石牌",34,626,-592
"4325","2363矽統","110/08/11","玉山-台中",331,139,192
"4326","2363矽統","110/08/11","永豐金證券",103,405,-302
"4327","2363矽統","110/08/11","台新-左楠",191,33,158
"4328","2363矽統","110/08/11","元大-成功",60,289,-229
"4329","2363矽統","110/08/11","華南永昌-頭份",197,45,152
"4330","2363矽統","110/08/11","美林",747,959,-212
"4331","2363矽統","110/08/11","元大-忠孝鼎富",196,51,145
"4332","2363矽統","110/08/11","元大-員林中山",83,286,-203
"4333","2363矽統","110/08/11","元大-汐止",279,150,129
"4334","2363矽統","110/08/11","凱基-市府",42,242,-200
"4335","2363矽統","110/08/11","大慶-蘆洲",135,26,109
"4336","2363矽統","110/08/11","永豐金-埔里",4,181,-177
"4337","2363矽統","110/08/11","合庫-高雄",135,30,105
"4338","2363矽統","110/08/11","群益金鼎-內湖",41,195,-154
"4339","2363矽統","110/08/11","兆豐證券",105,1,104
"4340","2363矽統","110/08/11","元大-旗山",157,307,-150
"4341","2363矽統","110/08/11","永豐金-竹科",112,15,97
"4342","2363矽統","110/08/11","兆豐-台中港",38,178,-140
"4343","2363矽統","110/08/11","國票-彰化",95,0,95
"4344","2363矽統","110/08/11","元大-新竹",55,194,-139
"4345","2363矽統","110/08/11","元大-斗信",152,65,87
"4346","2363矽統","110/08/11","凱基-永和",32,161,-129
"4347","2363矽統","110/08/11","亞東",95,10,85
"4348","2363矽統","110/08/11","第一金-桃園",59,183,-124
"4349","2363矽統","110/08/11","美商高盛",906,822,84
"4350","2363矽統","110/08/11","台新證券",525,640,-115
"4351","8112至上","110/08/11","港商野村",188,11,177
"4352","8112至上","110/08/11","新加坡商瑞銀",35,847,-812
"4353","8112至上","110/08/11","大昌-桃園",173,0,173
"4354","8112至上","110/08/11","宏遠證券",2,536,-534
"4355","8112至上","110/08/11","合庫證券",142,3,139
"4356","8112至上","110/08/11","富邦-仁愛",67,324,-257
"4357","8112至上","110/08/11","美商高盛",145,14,131
"4358","8112至上","110/08/11","凱基-市政",0,202,-202
"4359","8112至上","110/08/11","群益金鼎-內湖",132,10,122
"4360","8112至上","110/08/11","凱基-復興",16,190,-174
"4361","8112至上","110/08/11","國票-長城",130,30,100
"4362","8112至上","110/08/11","瑞士信貸",136,306,-170
"4363","8112至上","110/08/11","玉山-板橋",84,0,84
"4364","8112至上","110/08/11","兆豐-公益",1,120,-119
"4365","8112至上","110/08/11","臺灣企銀-桃園",60,0,60
"4366","8112至上","110/08/11","元大-萬華",12,131,-119
"4367","8112至上","110/08/11","新光",103,44,59
"4368","8112至上","110/08/11","凱基-台北",211,321,-110
"4369","8112至上","110/08/11","華南永昌-中正",52,0,52
"4370","8112至上","110/08/11","美林",21,116,-95
"4371","8112至上","110/08/11","元大-仁愛",50,0,50
"4372","8112至上","110/08/11","永豐金-豐原",7,102,-95
"4373","8112至上","110/08/11","元大-北成功",101,53,48
"4374","8112至上","110/08/11","兆豐-民生",0,70,-70
"4375","8112至上","110/08/11","合庫-嘉義",45,0,45
"4376","8112至上","110/08/11","元富",2,71,-69
"4377","8112至上","110/08/11","大慶-富順",46,1,45
"4378","8112至上","110/08/11","玉山-士林",6,67,-61
"4379","8112至上","110/08/11","臺銀-金山",45,1,44
"4380","8112至上","110/08/11","凱基-埔墘",0,60,-60
"4381","1570力肯","110/08/11","國票-內壢",386,0,386
"4382","1570力肯","110/08/11","群益金鼎-大興",0,100,-100
"4383","1570力肯","110/08/11","華南永昌-桃園",104,3,101
"4384","1570力肯","110/08/11","新光",177,255,-78
"4385","1570力肯","110/08/11","摩根大通",154,84,70
"4386","1570力肯","110/08/11","富邦-台中",0,61,-61
"4387","1570力肯","110/08/11","日盛-頭份",51,0,51
"4388","1570力肯","110/08/11","群益金鼎-忠孝",1,60,-59
"4389","1570力肯","110/08/11","永豐金-中壢",51,1,50
"4390","1570力肯","110/08/11","元大-新店中正",2,61,-59
"4391","1570力肯","110/08/11","永豐金-北高雄",50,0,50
"4392","1570力肯","110/08/11","富邦-陽明",1,51,-50
"4393","1570力肯","110/08/11","凱基-天母",51,2,49
"4394","1570力肯","110/08/11","元大-太平",5,54,-49
"4395","1570力肯","110/08/11","日盛-員林",52,5,47
"4396","1570力肯","110/08/11","統一-松江",0,43,-43
"4397","1570力肯","110/08/11","元富-高雄",40,0,40
"4398","1570力肯","110/08/11","台新證券",6,44,-38
"4399","1570力肯","110/08/11","中國信託-嘉義",34,0,34
"4400","1570力肯","110/08/11","永豐金證券",1,36,-35
"4401","1570力肯","110/08/11","元大-北成功",30,1,29
"4402","1570力肯","110/08/11","瑞士信貸",0,27,-27
"4403","1570力肯","110/08/11","亞東-台中",26,0,26
"4404","1570力肯","110/08/11","元大-中壢",9,35,-26
"4405","1570力肯","110/08/11","第一金-嘉義",26,0,26
"4406","1570力肯","110/08/11","美商高盛",0,25,-25
"4407","1570力肯","110/08/11","凱基-中壢",27,3,24
"4408","1570力肯","110/08/11","國票-北高雄",128,153,-25
"4409","1570力肯","110/08/11","元大-福營",25,1,24
"4410","1570力肯","110/08/11","元富-新店",10,34,-24
"4411","2929淘帝","110/08/11","美林",25,5,20
"4412","2929淘帝","110/08/11","華南永昌",0,25,-25
"4413","2929淘帝","110/08/11","永興",20,0,20
"4414","2929淘帝","110/08/11","台新-台中",0,22,-22
"4415","2929淘帝","110/08/11","新光",17,1,16
"4416","2929淘帝","110/08/11","富邦-永和",1,21,-20
"4417","2929淘帝","110/08/11","臺銀-臺南",12,0,12
"4418","2929淘帝","110/08/11","元富-古亭",0,18,-18
"4419","2929淘帝","110/08/11","第一金-大稻埕",10,0,10
"4420","2929淘帝","110/08/11","永豐金-大園",5,23,-18
"4421","2929淘帝","110/08/11","兆豐-桃園",10,0,10
"4422","2929淘帝","110/08/11","富邦-新店",3,19,-16
"4423","2929淘帝","110/08/11","國票-九鼎",10,0,10
"4424","2929淘帝","110/08/11","新光-台中",16,31,-15
"4425","2929淘帝","110/08/11","華南永昌-長虹",10,0,10
"4426","2929淘帝","110/08/11","國泰-新莊",0,10,-10
"4427","2929淘帝","110/08/11","凱基-長庚",7,0,7
"4428","2929淘帝","110/08/11","元大-東泰",0,10,-10
"4429","2929淘帝","110/08/11","凱基-林口",7,0,7
"4430","2929淘帝","110/08/11","凱基-斗六",0,8,-8
"4431","2929淘帝","110/08/11","日盛-中壢",5,0,5
"4432","2929淘帝","110/08/11","永豐金證券",0,7,-7
"4433","2929淘帝","110/08/11","港商法國興業",5,0,5
"4434","2929淘帝","110/08/11","第一金-員林",0,5,-5
"4435","2929淘帝","110/08/11","元富-中壢",5,0,5
"4436","2929淘帝","110/08/11","元富-新竹",0,5,-5
"4437","2929淘帝","110/08/11","元富-文心",5,0,5
"4438","2929淘帝","110/08/11","凱基-東門",0,5,-5
"4439","2929淘帝","110/08/11","凱基-台中",5,0,5
"4440","2929淘帝","110/08/11","元大-桃園",0,5,-5
"4441","5410國眾","110/08/11","群益金鼎",128,0,128
"4442","5410國眾","110/08/11","國泰-敦南",12,206,-194
"4443","5410國眾","110/08/11","富邦-建國",100,0,100
"4444","5410國眾","110/08/11","凱基-竹北",2,112,-110
"4445","5410國眾","110/08/11","玉山-新莊",35,0,35
"4446","5410國眾","110/08/11","大昌-樹林",0,100,-100
"4447","5410國眾","110/08/11","合庫-桃園",30,0,30
"4448","5410國眾","110/08/11","凱基-市政",0,100,-100
"4449","5410國眾","110/08/11","高橋",30,0,30
"4450","5410國眾","110/08/11","摩根大通",20,68,-48
"4451","5410國眾","110/08/11","元大-崇德",28,0,28
"4452","5410國眾","110/08/11","凱基-台北",7,39,-32
"4453","5410國眾","110/08/11","元大-新盛",28,0,28
"4454","5410國眾","110/08/11","元大-復北",0,30,-30
"4455","5410國眾","110/08/11","凱基-三峽",21,0,21
"4456","5410國眾","110/08/11","大昌",0,26,-26
"4457","5410國眾","110/08/11","臺銀-臺中",17,0,17
"4458","5410國眾","110/08/11","第一金-豐原",0,23,-23
"4459","5410國眾","110/08/11","新光",15,0,15
"4460","5410國眾","110/08/11","元富-三重",0,22,-22
"4461","5410國眾","110/08/11","國泰-台中",20,8,12
"4462","5410國眾","110/08/11","元大-樹林",2,21,-19
"4463","5410國眾","110/08/11","新光-桃園",11,0,11
"4464","5410國眾","110/08/11","元大-成功",0,17,-17
"4465","5410國眾","110/08/11","元大-旗山",11,0,11
"4466","5410國眾","110/08/11","新光-台中",0,16,-16
"4467","5410國眾","110/08/11","大昌-新店",10,0,10
"4468","5410國眾","110/08/11","臺銀-臺南",1,14,-13
"4469","5410國眾","110/08/11","豐農",10,0,10
"4470","5410國眾","110/08/11","瑞士信貸",0,12,-12
"4471","2841台開","110/08/11","宏遠-館前",402,0,402
"4472","2841台開","110/08/11","永豐金-敦南",11,270,-259
"4473","2841台開","110/08/11","日盛-信義",129,0,129
"4474","2841台開","110/08/11","國票-天祥",0,100,-100
"4475","2841台開","110/08/11","元大-南投",80,0,80
"4476","2841台開","110/08/11","日盛證券",27,117,-90
"4477","2841台開","110/08/11","日盛-園區",72,0,72
"4478","2841台開","110/08/11","永興-水湳",0,30,-30
"4479","2841台開","110/08/11","華南永昌-鶯歌",45,0,45
"4480","2841台開","110/08/11","兆豐-寶成",0,30,-30
"4481","2841台開","110/08/11","元大-福營",20,0,20
"4482","2841台開","110/08/11","元富-四維",0,26,-26
"4483","2841台開","110/08/11","元大-左營",20,0,20
"4484","2841台開","110/08/11","統一-士林",0,25,-25
"4485","2841台開","110/08/11","永豐金-員林",15,0,15
"4486","2841台開","110/08/11","日盛-忠孝",0,20,-20
"4487","2841台開","110/08/11","日盛-內湖",11,0,11
"4488","2841台開","110/08/11","大慶-蘆洲",0,20,-20
"4489","2841台開","110/08/11","國泰-館前",10,0,10
"4490","2841台開","110/08/11","國票-中和",0,20,-20
"4491","2841台開","110/08/11","華南永昌-潮州",10,0,10
"4492","2841台開","110/08/11","元大-大灣",0,20,-20
"4493","2841台開","110/08/11","元大-大里德芳",10,0,10
"4494","2841台開","110/08/11","元大-雙和",0,20,-20
"4495","2841台開","110/08/11","元大-小港",10,0,10
"4496","2841台開","110/08/11","新光",28,47,-19
"4497","2841台開","110/08/11","新光-台南",7,0,7
"4498","2841台開","110/08/11","玉山-台中",0,13,-13
"4499","2841台開","110/08/11","國泰-台中",6,0,6
"4500","2841台開","110/08/11","富邦-建國",0,12,-12
"4501","6207雷科","110/08/11","台新-高雄",136,8,128
"4502","6207雷科","110/08/11","群益金鼎-東門",1,90,-89
"4503","6207雷科","110/08/11","凱基-台北",108,21,87
"4504","6207雷科","110/08/11","摩根大通",89,156,-67
"4505","6207雷科","110/08/11","富邦-陽明",70,0,70
"4506","6207雷科","110/08/11","元大-鳳山",22,60,-38
"4507","6207雷科","110/08/11","永豐金證券",30,0,30
"4508","6207雷科","110/08/11","凱基-三重",5,40,-35
"4509","6207雷科","110/08/11","永豐金-高雄",29,5,24
"4510","6207雷科","110/08/11","美林",5,35,-30
"4511","6207雷科","110/08/11","元大-高雄",18,0,18
"4512","6207雷科","110/08/11","港商野村",28,58,-30
"4513","6207雷科","110/08/11","元大-竹山",17,0,17
"4514","6207雷科","110/08/11","元大-路竹",3,30,-27
"4515","6207雷科","110/08/11","國泰-台南",15,2,13
"4516","6207雷科","110/08/11","元大-小港",3,30,-27
"4517","6207雷科","110/08/11","元大-東門",12,0,12
"4518","6207雷科","110/08/11","(牛牛牛)亞-網路",0,23,-23
"4519","6207雷科","110/08/11","台灣企銀-太平",10,0,10
"4520","6207雷科","110/08/11","台新證券",4,26,-22
"4521","6207雷科","110/08/11","富邦-中壢",10,0,10
"4522","6207雷科","110/08/11","新光",2,23,-21
"4523","6207雷科","110/08/11","元大-博愛",10,0,10
"4524","6207雷科","110/08/11","元大-雙和",0,19,-19
"4525","6207雷科","110/08/11","富邦-內湖",9,0,9
"4526","6207雷科","110/08/11","新加坡商瑞銀",25,41,-16
"4527","6207雷科","110/08/11","中國信託-高雄",8,0,8
"4528","6207雷科","110/08/11","玉山證券",3,19,-16
"4529","6207雷科","110/08/11","國票-九鼎",8,0,8
"4530","6207雷科","110/08/11","玉山-雙和",0,16,-16
"4531","3679新至陞","110/08/11","摩根大通",62,3,59
"4532","3679新至陞","110/08/11","港商野村",7,25,-18
"4533","3679新至陞","110/08/11","台灣摩根士丹利",38,0,38
"4534","3679新至陞","110/08/11","凱基-文心",0,9,-9
"4535","3679新至陞","110/08/11","華南永昌-台中",16,0,16
"4536","3679新至陞","110/08/11","北城證券",0,8,-8
"4537","3679新至陞","110/08/11","凱基-台北",37,23,14
"4538","3679新至陞","110/08/11","華南永昌-大安",2,10,-8
"4539","3679新至陞","110/08/11","元大-成功",13,1,12
"4540","3679新至陞","110/08/11","元大-板橋",0,8,-8
"4541","3679新至陞","110/08/11","美林",22,16,6
"4542","3679新至陞","110/08/11","致和-東門",0,7,-7
"4543","3679新至陞","110/08/11","新加坡商瑞銀",12,6,6
"4544","3679新至陞","110/08/11","凱基-長庚",0,7,-7
"4545","3679新至陞","110/08/11","國泰-館前",5,0,5
"4546","3679新至陞","110/08/11","花旗環球",0,6,-6
"4547","3679新至陞","110/08/11","瑞士信貸",9,5,4
"4548","3679新至陞","110/08/11","群益金鼎-古亭",0,6,-6
"4549","3679新至陞","110/08/11","國泰-板橋",5,1,4
"4550","3679新至陞","110/08/11","元大-大同",0,6,-6
"4551","3679新至陞","110/08/11","日進",3,0,3
"4552","3679新至陞","110/08/11","華南永昌-鶯歌",0,5,-5
"4553","3679新至陞","110/08/11","(牛牛牛)亞-網路",4,1,3
"4554","3679新至陞","110/08/11","永豐金-新竹",0,5,-5
"4555","3679新至陞","110/08/11","康和-板橋",3,0,3
"4556","3679新至陞","110/08/11","凱基-新豐",0,4,-4
"4557","3679新至陞","110/08/11","高橋-內壢",2,0,2
"4558","3679新至陞","110/08/11","臺銀-高雄",1,4,-3
"4559","3679新至陞","110/08/11","富邦-台北",7,5,2
"4560","3679新至陞","110/08/11","日盛-文化",0,3,-3
"4561","2727王品","110/08/11","美林",113,23,90
"4562","2727王品","110/08/11","台灣摩根士丹利",8,65,-57
"4563","2727王品","110/08/11","富邦-左營",72,1,71
"4564","2727王品","110/08/11","合庫-新竹",1,23,-22
"4565","2727王品","110/08/11","凱基-台北",80,42,38
"4566","2727王品","110/08/11","永豐金-忠孝",0,20,-20
"4567","2727王品","110/08/11","港商野村",96,70,26
"4568","2727王品","110/08/11","彰銀-台中",1,15,-14
"4569","2727王品","110/08/11","國泰證券",23,1,22
"4570","2727王品","110/08/11","國泰-敦南",10,24,-14
"4571","2727王品","110/08/11","統一",28,8,20
"4572","2727王品","110/08/11","凱基-南崁",0,11,-11
"4573","2727王品","110/08/11","玉山-台南",20,1,19
"4574","2727王品","110/08/11","永豐金-三重",0,10,-10
"4575","2727王品","110/08/11","新光-台中",22,9,13
"4576","2727王品","110/08/11","富邦-中壢",3,12,-9
"4577","2727王品","110/08/11","凱基-興隆",11,0,11
"4578","2727王品","110/08/11","新光",16,24,-8
"4579","2727王品","110/08/11","元大證券",44,33,11
"4580","2727王品","110/08/11","國泰-板橋",12,20,-8
"4581","2727王品","110/08/11","日盛-樹林",12,2,10
"4582","2727王品","110/08/11","元大-彰化",0,8,-8
"4583","2727王品","110/08/11","第一金-新竹",10,0,10
"4584","2727王品","110/08/11","日盛-木柵",0,7,-7
"4585","2727王品","110/08/11","永全",10,0,10
"4586","2727王品","110/08/11","第一金-頭份",0,7,-7
"4587","2727王品","110/08/11","凱基-埔墘",10,0,10
"4588","2727王品","110/08/11","中國信託-高雄",2,9,-7
"4589","2727王品","110/08/11","摩根大通",42,33,9
"4590","2727王品","110/08/11","兆豐-公益",0,7,-7
"4591","1570力肯","110/08/11","國票-內壢",386,0,386
"4592","1570力肯","110/08/11","群益金鼎-大興",0,100,-100
"4593","1570力肯","110/08/11","華南永昌-桃園",104,3,101
"4594","1570力肯","110/08/11","新光",177,255,-78
"4595","1570力肯","110/08/11","摩根大通",154,84,70
"4596","1570力肯","110/08/11","富邦-台中",0,61,-61
"4597","1570力肯","110/08/11","日盛-頭份",51,0,51
"4598","1570力肯","110/08/11","群益金鼎-忠孝",1,60,-59
"4599","1570力肯","110/08/11","永豐金-中壢",51,1,50
"4600","1570力肯","110/08/11","元大-新店中正",2,61,-59
"4601","1570力肯","110/08/11","永豐金-北高雄",50,0,50
"4602","1570力肯","110/08/11","富邦-陽明",1,51,-50
"4603","1570力肯","110/08/11","凱基-天母",51,2,49
"4604","1570力肯","110/08/11","元大-太平",5,54,-49
"4605","1570力肯","110/08/11","日盛-員林",52,5,47
"4606","1570力肯","110/08/11","統一-松江",0,43,-43
"4607","1570力肯","110/08/11","元富-高雄",40,0,40
"4608","1570力肯","110/08/11","台新證券",6,44,-38
"4609","1570力肯","110/08/11","中國信託-嘉義",34,0,34
"4610","1570力肯","110/08/11","永豐金證券",1,36,-35
"4611","1570力肯","110/08/11","元大-北成功",30,1,29
"4612","1570力肯","110/08/11","瑞士信貸",0,27,-27
"4613","1570力肯","110/08/11","亞東-台中",26,0,26
"4614","1570力肯","110/08/11","元大-中壢",9,35,-26
"4615","1570力肯","110/08/11","第一金-嘉義",26,0,26
"4616","1570力肯","110/08/11","美商高盛",0,25,-25
"4617","1570力肯","110/08/11","凱基-中壢",27,3,24
"4618","1570力肯","110/08/11","國票-北高雄",128,153,-25
"4619","1570力肯","110/08/11","元大-福營",25,1,24
"4620","1570力肯","110/08/11","元富-新店",10,34,-24
"4621","6180橘子","110/08/11","台灣摩根士丹利",42,7,35
"4622","6180橘子","110/08/11","港商野村",5,128,-123
"4623","6180橘子","110/08/11","美商高盛",25,0,25
"4624","6180橘子","110/08/11","合庫-高雄",0,31,-31
"4625","6180橘子","110/08/11","元大-草屯",17,0,17
"4626","6180橘子","110/08/11","摩根大通",13,36,-23
"4627","6180橘子","110/08/11","日盛-文化",16,0,16
"4628","6180橘子","110/08/11","凱基-台北",37,60,-23
"4629","6180橘子","110/08/11","康和-嘉義",11,0,11
"4630","6180橘子","110/08/11","北城證券",0,19,-19
"4631","6180橘子","110/08/11","元大-左營",11,0,11
"4632","6180橘子","110/08/11","元富-潮州",24,41,-17
"4633","6180橘子","110/08/11","土銀-花蓮",10,0,10
"4634","6180橘子","110/08/11","群益金鼎-新店",0,15,-15
"4635","6180橘子","110/08/11","日盛證券",10,0,10
"4636","6180橘子","110/08/11","兆豐-竹北",0,14,-14
"4637","6180橘子","110/08/11","日盛-高雄",10,0,10
"4638","6180橘子","110/08/11","元富-成功",0,13,-13
"4639","6180橘子","110/08/11","國泰-新莊",10,0,10
"4640","6180橘子","110/08/11","新加坡商瑞銀",0,10,-10
"4641","6180橘子","110/08/11","群益金鼎-東門",10,0,10
"4642","6180橘子","110/08/11","康和-高雄",0,10,-10
"4643","6180橘子","110/08/11","凱基-中壢",10,0,10
"4644","6180橘子","110/08/11","國泰-館前",0,10,-10
"4645","6180橘子","110/08/11","元大-中壢",10,0,10
"4646","6180橘子","110/08/11","群益金鼎-嘉義",1,11,-10
"4647","6180橘子","110/08/11","元大-復北",10,0,10
"4648","6180橘子","110/08/11","華南永昌-虎尾",0,10,-10
"4649","6180橘子","110/08/11","美林",12,3,9
"4650","6180橘子","110/08/11","元富-民權",0,8,-8
"4651","2390云辰","110/08/11","臺銀-臺中",224,5,219
"4652","2390云辰","110/08/11","摩根大通",194,707,-513
"4653","2390云辰","110/08/11","兆豐-寶成",187,2,185
"4654","2390云辰","110/08/11","美商高盛",18,229,-211
"4655","2390云辰","110/08/11","元大-土城學府",143,69,74
"4656","2390云辰","110/08/11","兆豐-岡山",5,103,-98
"4657","2390云辰","110/08/11","凱基-民權",70,0,70
"4658","2390云辰","110/08/11","台新證券",13,108,-95
"4659","2390云辰","110/08/11","元大-草屯",67,2,65
"4660","2390云辰","110/08/11","美林",23,98,-75
"4661","2390云辰","110/08/11","兆豐-公益",60,0,60
"4662","2390云辰","110/08/11","永豐金-竹科",0,71,-71
"4663","2390云辰","110/08/11","國票-安和",56,0,56
"4664","2390云辰","110/08/11","元富-花蓮",0,70,-70
"4665","2390云辰","110/08/11","元富-中港",50,0,50
"4666","2390云辰","110/08/11","統一-城中",5,66,-61
"4667","2390云辰","110/08/11","元富-高雄",48,1,47
"4668","2390云辰","110/08/11","國泰-台中",50,109,-59
"4669","2390云辰","110/08/11","統一-新營",45,5,40
"4670","2390云辰","110/08/11","元大-豐原站前",10,69,-59
"4671","2390云辰","110/08/11","元大-板橋三民",39,1,38
"4672","2390云辰","110/08/11","新加坡商瑞銀",18,75,-57
"4673","2390云辰","110/08/11","元富-新店",52,17,35
"4674","2390云辰","110/08/11","台新-左楠",15,67,-52
"4675","2390云辰","110/08/11","永全-南崁",35,4,31
"4676","2390云辰","110/08/11","凱基-中壢",7,59,-52
"4677","2390云辰","110/08/11","群益金鼎-萬華",33,3,30
"4678","2390云辰","110/08/11","國票-北高雄",23,69,-46
"4679","2390云辰","110/08/11","日盛-宜蘭",25,0,25
"4680","2390云辰","110/08/11","新光-高雄",11,53,-42
"4681","2542興富發","110/08/06","瑞士信貸",747,10,737
"4682","2542興富發","110/08/06","凱基-士林",5,972,-967
"4683","2542興富發","110/08/06","摩根大通",837,107,730
"4684","2542興富發","110/08/06","統一-台中",1,376,-375
"4685","2542興富發","110/08/06","群益金鼎-敦南",681,1,680
"4686","2542興富發","110/08/06","永豐金-豐原",16,133,-117
"4687","2542興富發","110/08/06","凱基-台北",790,360,430
"4688","2542興富發","110/08/06","元富-敦南",0,111,-111
"4689","2542興富發","110/08/06","台灣摩根士丹利",259,20,239
"4690","2542興富發","110/08/06","兆豐-南京",0,108,-108
"4691","2542興富發","110/08/06","美商高盛",235,0,235
"4692","2542興富發","110/08/06","元大-金華",0,100,-100
"4693","2542興富發","110/08/06","新加坡商瑞銀",178,0,178
"4694","2542興富發","110/08/06","陽信",0,80,-80
"4695","2542興富發","110/08/06","凱基-中山",167,2,165
"4696","2542興富發","110/08/06","統一-金門",0,78,-78
"4697","2542興富發","110/08/06","凱基",121,14,107
"4698","2542興富發","110/08/06","新光-台中",7,68,-61
"4699","2542興富發","110/08/06","大慶-楊梅",101,4,97
"4700","2542興富發","110/08/06","富邦-新店",2,58,-56
"4701","2542興富發","110/08/06","美林",193,109,84
"4702","2542興富發","110/08/06","元大-新竹",0,52,-52
"4703","2542興富發","110/08/06","統一",64,5,59
"4704","2542興富發","110/08/06","凱基-永和",0,51,-51
"4705","2542興富發","110/08/06","富邦-南屯",60,1,59
"4706","2542興富發","110/08/06","統一-中壢",0,50,-50
"4707","2542興富發","110/08/06","群益金鼎",43,0,43
"4708","2542興富發","110/08/06","元富",0,50,-50
"4709","2542興富發","110/08/06","元大證券",128,85,43
"4710","2542興富發","110/08/06","法銀巴黎",0,48,-48
"4711","2867三商壽","110/08/06","摩根大通",410,157,253
"4712","2867三商壽","110/08/06","日盛-新莊",0,719,-719
"4713","2867三商壽","110/08/06","元大-北港",201,0,201
"4714","2867三商壽","110/08/06","群益金鼎-桃園",0,400,-400
"4715","2867三商壽","110/08/06","元大-斗信",200,0,200
"4716","2867三商壽","110/08/06","中國信託-文心",1,301,-300
"4717","2867三商壽","110/08/06","元大-沙鹿",199,0,199
"4718","2867三商壽","110/08/06","美林",10,169,-159
"4719","2867三商壽","110/08/06","永豐金-嘉義",130,0,130
"4720","2867三商壽","110/08/06","法銀巴黎",0,122,-122
"4721","2867三商壽","110/08/06","第一金-自由",100,0,100
"4722","2867三商壽","110/08/06","國票-中和",0,100,-100
"4723","2867三商壽","110/08/06","元大-大里德芳",100,0,100
"4724","2867三商壽","110/08/06","台灣摩根士丹利",65,164,-99
"4725","2867三商壽","110/08/06","元大-土城永寧",100,0,100
"4726","2867三商壽","110/08/06","凱基-高美館",2,64,-62
"4727","2867三商壽","110/08/06","瑞士信貸",94,0,94
"4728","2867三商壽","110/08/06","元大證券",1,62,-61
"4729","2867三商壽","110/08/06","元大-汐止",60,0,60
"4730","2867三商壽","110/08/06","華南永昌-南京",0,50,-50
"4731","2867三商壽","110/08/06","元富-大裕",52,0,52
"4732","2867三商壽","110/08/06","凱基-頭份",0,45,-45
"4733","2867三商壽","110/08/06","新光",53,1,52
"4734","2867三商壽","110/08/06","凱基",0,44,-44
"4735","2867三商壽","110/08/06","凱基-市府",51,0,51
"4736","2867三商壽","110/08/06","康和-屏東",0,43,-43
"4737","2867三商壽","110/08/06","安泰",49,0,49
"4738","2867三商壽","110/08/06","凱基-八德",0,40,-40
"4739","2867三商壽","110/08/06","富邦-桃園",50,2,48
"4740","2867三商壽","110/08/06","凱基-虎尾",0,40,-40
"4741","5521工信","110/08/06","日進",412,0,412
"4742","5521工信","110/08/06","中國信託-嘉義",0,100,-100
"4743","5521工信","110/08/06","瑞士信貸",48,0,48
"4744","5521工信","110/08/06","美林",0,69,-69
"4745","5521工信","110/08/06","日盛-雙和",34,0,34
"4746","5521工信","110/08/06","統一-新竹",0,60,-60
"4747","5521工信","110/08/06","聯邦-雙和",25,0,25
"4748","5521工信","110/08/06","第一金-桃園",0,55,-55
"4749","5521工信","110/08/06","台新證券",32,12,20
"4750","5521工信","110/08/06","凱基-台北",0,54,-54
"4751","5521工信","110/08/06","土銀-台中",17,0,17
"4752","5521工信","110/08/06","華南永昌-桃園",0,49,-49
"4753","5521工信","110/08/06","(牛牛牛)亞-鑫豐",15,0,15
"4754","5521工信","110/08/06","第一金-安和",0,40,-40
"4755","5521工信","110/08/06","元大-沙鹿",19,4,15
"4756","5521工信","110/08/06","合庫-台南",0,36,-36
"4757","5521工信","110/08/06","元富-安南",14,0,14
"4758","5521工信","110/08/06","台灣摩根士丹利",7,34,-27
"4759","5521工信","110/08/06","新加坡商瑞銀",10,0,10
"4760","5521工信","110/08/06","摩根大通",22,48,-26
"4761","5521工信","110/08/06","德信-中正",10,0,10
"4762","5521工信","110/08/06","台新-台中",0,20,-20
"4763","5521工信","110/08/06","國泰-敦南",22,12,10
"4764","5521工信","110/08/06","元大-豐原",0,20,-20
"4765","5521工信","110/08/06","群益金鼎-屏東",10,0,10
"4766","5521工信","110/08/06","元大-北成功",0,20,-20
"4767","5521工信","110/08/06","群益金鼎-東門",10,0,10
"4768","5521工信","110/08/06","永豐金-埔里",0,20,-20
"4769","5521工信","110/08/06","元大-西螺",10,0,10
"4770","5521工信","110/08/06","港商野村",0,16,-16
"4771","1471首利","110/08/06","國票-彰化",30,0,30
"4772","1471首利","110/08/06","兆豐-麻豆",0,50,-50
"4773","1471首利","110/08/06","凱基-宜蘭",27,0,27
"4774","1471首利","110/08/06","台新證券",3,30,-27
"4775","1471首利","110/08/06","玉山-桃園",22,0,22
"4776","1471首利","110/08/06","美林",15,41,-26
"4777","1471首利","110/08/06","新光-台中",17,0,17
"4778","1471首利","110/08/06","永豐金-台南",0,25,-25
"4779","1471首利","110/08/06","兆豐-埔墘",14,0,14
"4780","1471首利","110/08/06","元富-草屯",0,19,-19
"4781","1471首利","110/08/06","新光-高雄",11,0,11
"4782","1471首利","110/08/06","新光-桃園",0,17,-17
"4783","1471首利","110/08/06","合庫-鳳山",10,0,10
"4784","1471首利","110/08/06","摩根大通",13,28,-15
"4785","1471首利","110/08/06","統一-竹南",10,0,10
"4786","1471首利","110/08/06","華南永昌-淡水",1,15,-14
"4787","1471首利","110/08/06","(牛牛牛)亞-鑫豐",10,0,10
"4788","1471首利","110/08/06","台中銀",1,14,-13
"4789","1471首利","110/08/06","兆豐-岡山",10,0,10
"4790","1471首利","110/08/06","玉山-板橋",0,12,-12
"4791","1471首利","110/08/06","凱基-彰化",10,0,10
"4792","1471首利","110/08/06","富邦-基隆",10,22,-12
"4793","1471首利","110/08/06","富邦-永和",10,0,10
"4794","1471首利","110/08/06","台灣企銀",0,10,-10
"4795","1471首利","110/08/06","元大-竹山",10,0,10
"4796","1471首利","110/08/06","元富-民權",0,10,-10
"4797","1471首利","110/08/06","元大-民雄",10,0,10
"4798","1471首利","110/08/06","元大-左營",0,10,-10
"4799","1471首利","110/08/06","元大-南崁",10,1,9
"4800","1471首利","110/08/06","大昌-新店",2,11,-9
"4801","2883開發金","110/08/06","國泰證券",7766,49,7717
"4802","2883開發金","110/08/06","永豐金-板橋",2,2245,-2243
"4803","2883開發金","110/08/06","元富-城東",7094,124,6970
"4804","2883開發金","110/08/06","玉山-台南",63,2130,-2067
"4805","2883開發金","110/08/06","摩根大通",4922,1097,3825
"4806","2883開發金","110/08/06","國泰-板橋",236,1871,-1635
"4807","2883開發金","110/08/06","瑞士信貸",3230,108,3122
"4808","2883開發金","110/08/06","港商野村",1243,2562,-1319
"4809","2883開發金","110/08/06","凱基-台北",4810,2311,2499
"4810","2883開發金","110/08/06","美林",1480,2782,-1302
"4811","2883開發金","110/08/06","合庫證券",3551,2064,1487
"4812","2883開發金","110/08/06","群益金鼎-中山",7,1151,-1144
"4813","2883開發金","110/08/06","新加坡商瑞銀",3900,2689,1211
"4814","2883開發金","110/08/06","日盛-員林",17,1100,-1083
"4815","2883開發金","110/08/06","玉山證券",1332,183,1149
"4816","2883開發金","110/08/06","台灣摩根士丹利",509,1544,-1035
"4817","2883開發金","110/08/06","國票-長城",1003,0,1003
"4818","2883開發金","110/08/06","台灣企銀-民雄",0,1004,-1004
"4819","2883開發金","110/08/06","康和",720,0,720
"4820","2883開發金","110/08/06","港商法國興業",7,981,-974
"4821","2883開發金","110/08/06","福邦證券",590,15,575
"4822","2883開發金","110/08/06","新光",240,1199,-959
"4823","2883開發金","110/08/06","台灣企銀-九如",492,10,482
"4824","2883開發金","110/08/06","元大-新莊",58,1017,-959
"4825","2883開發金","110/08/06","宏遠-民生",502,54,448
"4826","2883開發金","110/08/06","富邦-彰化",5,766,-761
"4827","2883開發金","110/08/06","元大證券",803,358,445
"4828","2883開發金","110/08/06","中國信託",270,931,-661
"4829","2883開發金","110/08/06","玉山-高雄",476,80,396
"4830","2883開發金","110/08/06","永豐金-彰化",33,655,-622
"4831","6205詮欣","110/08/06","臺銀-民權",20,0,20
"4832","6205詮欣","110/08/06","元大-板橋",0,50,-50
"4833","6205詮欣","110/08/06","合庫-三重",15,0,15
"4834","6205詮欣","110/08/06","摩根大通",0,29,-29
"4835","6205詮欣","110/08/06","日盛-三重",15,4,11
"4836","6205詮欣","110/08/06","臺銀-新竹",0,3,-3
"4837","6205詮欣","110/08/06","凱基-長庚",10,0,10
"4838","6205詮欣","110/08/06","日盛-頭份",0,3,-3
"4839","6205詮欣","110/08/06","臺銀-臺中",5,0,5
"4840","6205詮欣","110/08/06","群益金鼎-潭子",0,3,-3
"4841","6205詮欣","110/08/06","兆豐-台中",4,0,4
"4842","6205詮欣","110/08/06","永豐金-敦南",0,3,-3
"4843","6205詮欣","110/08/06","凱基-台北",4,0,4
"4844","6205詮欣","110/08/06","美林",0,2,-2
"4845","6205詮欣","110/08/06","元大-龍潭",4,0,4
"4846","6205詮欣","110/08/06","新加坡商瑞銀",6,8,-2
"4847","6205詮欣","110/08/06","瑞士信貸",3,0,3
"4848","6205詮欣","110/08/06","華南永昌-淡水",0,2,-2
"4849","6205詮欣","110/08/06","國泰-板橋",3,0,3
"4850","6205詮欣","110/08/06","元大-發財",0,2,-2
"4851","6205詮欣","110/08/06","台中銀",2,0,2
"4852","6205詮欣","110/08/06","元大-屏東民生",0,2,-2
"4853","6205詮欣","110/08/06","德信-新營",2,0,2
"4854","6205詮欣","110/08/06","統一-南京",0,1,-1
"4855","6205詮欣","110/08/06","兆豐-竹北",2,0,2
"4856","6205詮欣","110/08/06","新光-台中",0,1,-1
"4857","6205詮欣","110/08/06","兆豐-景美",2,0,2
"4858","6205詮欣","110/08/06","玉山證券",0,1,-1
"4859","6205詮欣","110/08/06","台新-台中",2,0,2
"4860","6205詮欣","110/08/06","富邦-左營",0,1,-1
"4861","1540喬福","110/08/06","元富-中原",27,0,27
"4862","1540喬福","110/08/06","統一-新台中",0,25,-25
"4863","1540喬福","110/08/06","合庫-台中",24,0,24
"4864","1540喬福","110/08/06","大慶-中壢",0,24,-24
"4865","1540喬福","110/08/06","台新-台中",10,0,10
"4866","1540喬福","110/08/06","福勝",0,7,-7
"4867","1540喬福","110/08/06","富邦-竹北",7,0,7
"4868","1540喬福","110/08/06","群益金鼎-高雄",0,5,-5
"4869","1540喬福","110/08/06","華南永昌-中正",5,0,5
"4870","1540喬福","110/08/06","富邦-高雄",0,5,-5
"4871","1540喬福","110/08/06","玉山證券",4,0,4
"4872","1540喬福","110/08/06","美林",0,3,-3
"4873","1540喬福","110/08/06","兆豐-台中港",2,0,2
"4874","1540喬福","110/08/06","元大-景美",0,3,-3
"4875","1540喬福","110/08/06","國票-中正",2,0,2
"4876","1540喬福","110/08/06","元大-和平",0,3,-3
"4877","1540喬福","110/08/06","凱基-虎尾",2,0,2
"4878","1540喬福","110/08/06","日盛-台中",0,2,-2
"4879","1540喬福","110/08/06","凱基-台北",2,0,2
"4880","1540喬福","110/08/06","日盛-中和",0,2,-2
"4881","1540喬福","110/08/06","元大-府城",2,0,2
"4882","1540喬福","110/08/06","台新-台南",0,2,-2
"4883","1540喬福","110/08/06","土銀-玉里",1,0,1
"4884","1540喬福","110/08/06","玉山-高雄",0,2,-2
"4885","1540喬福","110/08/06","第一金-中壢",1,0,1
"4886","1540喬福","110/08/06","凱基-中壢",0,2,-2
"4887","1540喬福","110/08/06","國票-彰化",1,0,1
"4888","1540喬福","110/08/06","致和-南京",0,1,-1
"4889","1540喬福","110/08/06","國泰-敦南",1,0,1
"4890","1540喬福","110/08/06","摩根大通",0,1,-1
"4891","2888新光金","110/08/06","玉山-城中",3762,22,3740
"4892","2888新光金","110/08/06","美林",583,3191,-2608
"4893","2888新光金","110/08/06","瑞士信貸",1783,778,1005
"4894","2888新光金","110/08/06","元富-城東",39,1594,-1555
"4895","2888新光金","110/08/06","元大-土城永寧",1004,16,988
"4896","2888新光金","110/08/06","日盛-板橋",19,1000,-981
"4897","2888新光金","110/08/06","新加坡商瑞銀",1129,357,772
"4898","2888新光金","110/08/06","摩根大通",2207,3153,-946
"4899","2888新光金","110/08/06","中國信託",566,4,562
"4900","2888新光金","110/08/06","新光",505,1390,-885
"4901","2888新光金","110/08/06","富邦-員林",484,3,481
"4902","2888新光金","110/08/06","台灣摩根士丹利",181,1022,-841
"4903","2888新光金","110/08/06","臺銀-金山",432,3,429
"4904","2888新光金","110/08/06","元大-四維",35,750,-715
"4905","2888新光金","110/08/06","臺銀",418,2,416
"4906","2888新光金","110/08/06","美商高盛",114,811,-697
"4907","2888新光金","110/08/06","凱基-東勢",404,6,398
"4908","2888新光金","110/08/06","法銀巴黎",274,867,-593
"4909","2888新光金","110/08/06","玉山證券",416,73,343
"4910","2888新光金","110/08/06","元大-員林",18,503,-485
"4911","2888新光金","110/08/06","華南永昌-民權",305,0,305
"4912","2888新光金","110/08/06","富邦-建國",57,471,-414
"4913","2888新光金","110/08/06","永興",300,10,290
"4914","2888新光金","110/08/06","富邦-台中",15,418,-403
"4915","2888新光金","110/08/06","富邦-台北",319,48,271
"4916","2888新光金","110/08/06","華南永昌-嘉義",2,324,-322
"4917","2888新光金","110/08/06","兆豐-員林",274,28,246
"4918","2888新光金","110/08/06","凱基-台北",839,1120,-281
"4919","2888新光金","110/08/06","合庫-台中",240,10,230
"4920","2888新光金","110/08/06","國泰-館前",20,289,-269
"4921","1340勝悅","110/08/06","國泰-台中",30,0,30
"4922","1340勝悅","110/08/06","凱基-三峽",0,20,-20
"4923","1340勝悅","110/08/06","元富-彰化",10,0,10
"4924","1340勝悅","110/08/06","富邦-台東",1,14,-13
"4925","1340勝悅","110/08/06","華南永昌-忠孝",8,0,8
"4926","1340勝悅","110/08/06","華南永昌-三重",0,12,-12
"4927","1340勝悅","110/08/06","華南永昌-大安",7,0,7
"4928","1340勝悅","110/08/06","華南永昌-台中",0,10,-10
"4929","1340勝悅","110/08/06","永豐金-信義",6,0,6
"4930","1340勝悅","110/08/06","美林",0,8,-8
"4931","1340勝悅","110/08/06","臺灣企銀-埔墘",5,0,5
"4932","1340勝悅","110/08/06","第一金-豐原",0,8,-8
"4933","1340勝悅","110/08/06","元大-沙鹿",5,0,5
"4934","1340勝悅","110/08/06","凱基-城中",0,8,-8
"4935","1340勝悅","110/08/06","新光-高雄",4,0,4
"4936","1340勝悅","110/08/06","華南永昌-嘉義",0,6,-6
"4937","1340勝悅","110/08/06","群益金鼎-彰化",4,0,4
"4938","1340勝悅","110/08/06","元富",0,5,-5
"4939","1340勝悅","110/08/06","元大-仁愛",4,0,4
"4940","1340勝悅","110/08/06","光和-田中",0,5,-5
"4941","1340勝悅","110/08/06","美商高盛",3,0,3
"4942","1340勝悅","110/08/06","摩根大通",0,5,-5
"4943","1340勝悅","110/08/06","群益金鼎-館前",3,0,3
"4944","1340勝悅","110/08/06","元大-草屯",0,4,-4
"4945","1340勝悅","110/08/06","臺銀-臺中",2,0,2
"4946","1340勝悅","110/08/06","凱基-台北",1,4,-3
"4947","1340勝悅","110/08/06","永全-南崁",2,0,2
"4948","1340勝悅","110/08/06","元大-苑裡",0,3,-3
"4949","1340勝悅","110/08/06","群益金鼎-崇德",2,0,2
"4950","1340勝悅","110/08/06","日盛-員林",0,2,-2
"4951","6246臺龍","110/08/06","元大-西螺",120,1,119
"4952","6246臺龍","110/08/06","統一",0,247,-247
"4953","6246臺龍","110/08/06","富邦-敦南",111,0,111
"4954","6246臺龍","110/08/06","元大-林森",3,203,-200
"4955","6246臺龍","110/08/06","統一-台中",74,10,64
"4956","6246臺龍","110/08/06","凱基-大直",4,103,-99
"4957","6246臺龍","110/08/06","日盛證券",53,0,53
"4958","6246臺龍","110/08/06","大慶-富順",45,110,-65
"4959","6246臺龍","110/08/06","兆豐-高雄",81,38,43
"4960","6246臺龍","110/08/06","統一-南京",20,70,-50
"4961","6246臺龍","110/08/06","群益金鼎-東大",43,2,41
"4962","6246臺龍","110/08/06","港商野村",166,213,-47
"4963","6246臺龍","110/08/06","統一-永和",40,0,40
"4964","6246臺龍","110/08/06","台灣企銀",0,45,-45
"4965","6246臺龍","110/08/06","凱基-市府",48,8,40
"4966","6246臺龍","110/08/06","華南永昌-忠孝",1,45,-44
"4967","6246臺龍","110/08/06","凱基-員林",40,0,40
"4968","6246臺龍","110/08/06","永豐金-桃盛",0,35,-35
"4969","6246臺龍","110/08/06","新光-高雄",57,21,36
"4970","6246臺龍","110/08/06","康和-澎湖",0,30,-30
"4971","6246臺龍","110/08/06","國泰-敦南",104,69,35
"4972","6246臺龍","110/08/06","康和-石牌",0,30,-30
"4973","6246臺龍","110/08/06","元大-金門",39,5,34
"4974","6246臺龍","110/08/06","中國信託-永康",6,35,-29
"4975","6246臺龍","110/08/06","元大-西屯",29,2,27
"4976","6246臺龍","110/08/06","康和-內湖",2,30,-28
"4977","6246臺龍","110/08/06","永興-水湳",26,1,25
"4978","6246臺龍","110/08/06","大昌",16,43,-27
"4979","6246臺龍","110/08/06","元大-豐原站前",25,0,25
"4980","6246臺龍","110/08/06","台新證券",29,55,-26
"4981","00715L期街口布蘭特正2","110/08/06","華南永昌-長虹",810,50,760
"4982","00715L期街口布蘭特正2","110/08/06","永豐金證券",105,2122,-2017
"4983","00715L期街口布蘭特正2","110/08/06","富邦證券",557,0,557
"4984","00715L期街口布蘭特正2","110/08/06","(牛牛牛)亞-鑫豐",23,892,-869
"4985","00715L期街口布蘭特正2","110/08/06","新光",643,129,514
"4986","00715L期街口布蘭特正2","110/08/06","凱基-台北",1,789,-788
"4987","00715L期街口布蘭特正2","110/08/06","台新-新營",434,0,434
"4988","00715L期街口布蘭特正2","110/08/06","元大-永康",0,781,-781
"4989","00715L期街口布蘭特正2","110/08/06","群益金鼎-屏東",401,0,401
"4990","00715L期街口布蘭特正2","110/08/06","富邦-彰化",0,513,-513
"4991","00715L期街口布蘭特正2","110/08/06","永豐金-板盛",402,21,381
"4992","00715L期街口布蘭特正2","110/08/06","玉山-大里",0,488,-488
"4993","00715L期街口布蘭特正2","110/08/06","兆豐-員林",302,6,296
"4994","00715L期街口布蘭特正2","110/08/06","元大-中和",0,400,-400
"4995","00715L期街口布蘭特正2","110/08/06","兆豐-新莊",260,0,260
"4996","00715L期街口布蘭特正2","110/08/06","元富-安南",2,310,-308
"4997","00715L期街口布蘭特正2","110/08/06","宏遠-光隆",252,0,252
"4998","00715L期街口布蘭特正2","110/08/06","元大-羅東",5,304,-299
"4999","00715L期街口布蘭特正2","110/08/06","台中銀",207,0,207
"5000","00715L期街口布蘭特正2","110/08/06","第一金-路竹",13,273,-260
"5001","00715L期街口布蘭特正2","110/08/06","國票-北高雄",204,0,204
"5002","00715L期街口布蘭特正2","110/08/06","元大-新盛",5,247,-242
"5003","00715L期街口布蘭特正2","110/08/06","永豐金-新店",200,4,196
"5004","00715L期街口布蘭特正2","110/08/06","元大-忠孝",0,202,-202
"5005","00715L期街口布蘭特正2","110/08/06","元大-新莊",211,17,194
"5006","00715L期街口布蘭特正2","110/08/06","兆豐-嘉義",8,200,-192
"5007","00715L期街口布蘭特正2","110/08/06","聯邦-興中",185,0,185
"5008","00715L期街口布蘭特正2","110/08/06","元大-西屯",5,190,-185
"5009","00715L期街口布蘭特正2","110/08/06","元富-成功",244,62,182
"5010","00715L期街口布蘭特正2","110/08/06","元大-前金",1,181,-180
"5011","8941關中","110/08/06","第一金-台南",6,0,6
"5012","8941關中","110/08/06","富邦-員林",0,20,-20
"5013","8941關中","110/08/06","凱基-市府",6,0,6
"5014","8941關中","110/08/06","元大-金華",0,1,-1
"5015","8941關中","110/08/06","合庫-台中",5,0,5
"5016","8941關中","110/08/06","元大-淡水",0,1,-1
"5017","8941關中","110/08/06","永豐金-三重",2,0,2
"5018","8941關中","110/08/06","合庫證券",0,0,0
"5019","8941關中","110/08/06","(牛牛牛)亞-鑫豐",1,0,1
"5020","8941關中","110/08/06","元大證券",0,0,0
"5021","8941關中","110/08/06","群益金鼎-基隆",1,0,1
"5022","8941關中","110/08/06","元大-桃興",2,2,0
"5023","8941關中","110/08/06","元大-古亭",1,0,1
"5024","8941關中","110/08/06","元大-板橋",0,0,0
"5025","8941關中","110/08/06","合庫證券",0,0,0
"5026","8941關中","110/08/06","永豐金-萬盛",0,0,0
"5027","8941關中","110/08/06","元大證券",0,0,0
"5028","8941關中","110/08/06","",NA,NA,NA
"5029","8941關中","110/08/06","元大-桃興",2,2,0
"5030","8941關中","110/08/06","",NA,NA,NA
"5031","8941關中","110/08/06","元大-板橋",0,0,0
"5032","8941關中","110/08/06","",NA,NA,NA
"5033","8941關中","110/08/06","永豐金-萬盛",0,0,0
"5034","8941關中","110/08/06","",NA,NA,NA
"5035","8941關中","110/08/06","",NA,NA,NA
"5036","8941關中","110/08/06","",NA,NA,NA
"5037","8941關中","110/08/06","",NA,NA,NA
"5038","8941關中","110/08/06","",NA,NA,NA
"5039","8941關中","110/08/06","",NA,NA,NA
"5040","8941關中","110/08/06","",NA,NA,NA
"5041","8936國統","110/08/06","摩根大通",55,0,55
"5042","8936國統","110/08/06","大慶-蘆洲",1,63,-62
"5043","8936國統","110/08/06","凱基-台北",66,19,47
"5044","8936國統","110/08/06","宏遠-館前",0,50,-50
"5045","8936國統","110/08/06","國票-敦北法人",25,1,24
"5046","8936國統","110/08/06","凱基-長庚",0,46,-46
"5047","8936國統","110/08/06","元大-大里德芳",22,0,22
"5048","8936國統","110/08/06","台灣摩根士丹利",0,42,-42
"5049","8936國統","110/08/06","兆豐-新營",20,0,20
"5050","8936國統","110/08/06","永豐金-苓雅",15,48,-33
"5051","8936國統","110/08/06","新光-新竹",17,0,17
"5052","8936國統","110/08/06","元大-竹東",0,30,-30
"5053","8936國統","110/08/06","新光-台中",17,4,13
"5054","8936國統","110/08/06","新加坡商瑞銀",23,49,-26
"5055","8936國統","110/08/06","元富-新店",10,0,10
"5056","8936國統","110/08/06","國票-北高雄",0,25,-25
"5057","8936國統","110/08/06","中國信託-永康",10,0,10
"5058","8936國統","110/08/06","國泰-台南",0,20,-20
"5059","8936國統","110/08/06","台新-高雄",11,1,10
"5060","8936國統","110/08/06","國泰-敦南",7,24,-17
"5061","8936國統","110/08/06","國泰-板橋",10,0,10
"5062","8936國統","110/08/06","臺灣企銀-桃園",0,13,-13
"5063","8936國統","110/08/06","群益金鼎-東湖",10,0,10
"5064","8936國統","110/08/06","美商高盛",1,13,-12
"5065","8936國統","110/08/06","元大-北成功",10,0,10
"5066","8936國統","110/08/06","合庫-高雄",0,10,-10
"5067","8936國統","110/08/06","臺銀-高雄",9,0,9
"5068","8936國統","110/08/06","臺銀",0,10,-10
"5069","8936國統","110/08/06","日盛-和美",9,0,9
"5070","8936國統","110/08/06","元大-土城學府",0,10,-10
"5071","6226光鼎","110/08/06","國泰-敦南",183,87,96
"5072","6226光鼎","110/08/06","富邦-嘉義",286,537,-251
"5073","6226光鼎","110/08/06","台新-高雄",129,53,76
"5074","6226光鼎","110/08/06","統一-新竹",30,181,-151
"5075","6226光鼎","110/08/06","新光",81,25,56
"5076","6226光鼎","110/08/06","宏遠-台中",0,118,-118
"5077","6226光鼎","110/08/06","台新證券",112,57,55
"5078","6226光鼎","110/08/06","華南永昌-大安",2,82,-80
"5079","6226光鼎","110/08/06","台新-新營",56,4,52
"5080","6226光鼎","110/08/06","元富-西松",1,76,-75
"5081","6226光鼎","110/08/06","中國信託",48,7,41
"5082","6226光鼎","110/08/06","凱基-豐中",1,74,-73
"5083","6226光鼎","110/08/06","富邦-板橋",38,5,33
"5084","6226光鼎","110/08/06","凱基-長庚",3,64,-61
"5085","6226光鼎","110/08/06","台新-中壢",32,0,32
"5086","6226光鼎","110/08/06","元富-高雄",2,58,-56
"5087","6226光鼎","110/08/06","日盛-北高雄",32,1,31
"5088","6226光鼎","110/08/06","永豐金-萬盛",2,49,-47
"5089","6226光鼎","110/08/06","群益金鼎-桃園",31,0,31
"5090","6226光鼎","110/08/06","統一-仁愛",11,57,-46
"5091","6226光鼎","110/08/06","元大-屏東民生",31,0,31
"5092","6226光鼎","110/08/06","國票-台中",0,46,-46
"5093","6226光鼎","110/08/06","中國信託-永康",35,5,30
"5094","6226光鼎","110/08/06","群益金鼎-嘉義",11,55,-44
"5095","6226光鼎","110/08/06","國泰-台中",57,27,30
"5096","6226光鼎","110/08/06","元大-沙鹿",6,50,-44
"5097","6226光鼎","110/08/06","群益金鼎-板橋",30,0,30
"5098","6226光鼎","110/08/06","新光-高雄",17,58,-41
"5099","6226光鼎","110/08/06","寶盛",29,0,29
"5100","6226光鼎","110/08/06","元大-嘉義",3,36,-33
"5101","2363矽統","110/08/06","新加坡商瑞銀",1338,777,561
"5102","2363矽統","110/08/06","凱基-台北",4343,7347,-3004
"5103","2363矽統","110/08/06","日盛-三峽",475,86,389
"5104","2363矽統","110/08/06","摩根大通",1716,2908,-1192
"5105","2363矽統","110/08/06","中國信託-忠孝",433,44,389
"5106","2363矽統","110/08/06","美商高盛",315,1169,-854
"5107","2363矽統","110/08/06","陽信-石牌",448,73,375
"5108","2363矽統","110/08/06","永豐金證券",168,889,-721
"5109","2363矽統","110/08/06","國泰-台中",743,471,272
"5110","2363矽統","110/08/06","國票-敦北法人",29,513,-484
"5111","2363矽統","110/08/06","國泰-敦南",2177,1919,258
"5112","2363矽統","110/08/06","元富-嘉義",43,424,-381
"5113","2363矽統","110/08/06","台新-台中",565,347,218
"5114","2363矽統","110/08/06","元大-東泰",174,540,-366
"5115","2363矽統","110/08/06","元大-敦化",246,31,215
"5116","2363矽統","110/08/06","元大證券",187,522,-335
"5117","2363矽統","110/08/06","大昌-桃園",241,51,190
"5118","2363矽統","110/08/06","合庫證券",173,495,-322
"5119","2363矽統","110/08/06","華南永昌-淡水",230,48,182
"5120","2363矽統","110/08/06","元大-萬華",128,391,-263
"5121","2363矽統","110/08/06","港商野村",2381,2203,178
"5122","2363矽統","110/08/06","國票-博愛",93,350,-257
"5123","2363矽統","110/08/06","台新-高雄",529,361,168
"5124","2363矽統","110/08/06","台新-屏東",200,455,-255
"5125","2363矽統","110/08/06","元大-新竹",320,156,164
"5126","2363矽統","110/08/06","日盛-南京",74,327,-253
"5127","2363矽統","110/08/06","元大-中壢",454,292,162
"5128","2363矽統","110/08/06","兆豐-民生",16,227,-211
"5129","2363矽統","110/08/06","新光-台南",310,150,160
"5130","2363矽統","110/08/06","元大-旗山",168,364,-196
"5131","8112至上","110/08/06","新光-新竹",533,65,468
"5132","8112至上","110/08/06","摩根大通",12,2930,-2918
"5133","8112至上","110/08/06","國泰-新莊",192,0,192
"5134","8112至上","110/08/06","凱基-台北",388,1548,-1160
"5135","8112至上","110/08/06","合庫證券",195,11,184
"5136","8112至上","110/08/06","新加坡商瑞銀",17,1069,-1052
"5137","8112至上","110/08/06","元大-西門",178,2,176
"5138","8112至上","110/08/06","台灣摩根士丹利",48,955,-907
"5139","8112至上","110/08/06","(牛牛牛)亞-鑫豐",153,13,140
"5140","8112至上","110/08/06","元大-竹科",61,824,-763
"5141","8112至上","110/08/06","永豐金-中正",120,1,119
"5142","8112至上","110/08/06","美林",19,583,-564
"5143","8112至上","110/08/06","陽信",111,0,111
"5144","8112至上","110/08/06","瑞士信貸",0,547,-547
"5145","8112至上","110/08/06","康和-板橋",106,0,106
"5146","8112至上","110/08/06","康和",2,484,-482
"5147","8112至上","110/08/06","群益金鼎-延平",101,0,101
"5148","8112至上","110/08/06","永豐金-台中",17,430,-413
"5149","8112至上","110/08/06","元大-北成功",110,14,96
"5150","8112至上","110/08/06","元大-屏南",4,393,-389
"5151","8112至上","110/08/06","元富-古亭",141,46,95
"5152","8112至上","110/08/06","美商高盛",12,217,-205
"5153","8112至上","110/08/06","臺灣企銀-埔墘",92,1,91
"5154","8112至上","110/08/06","新光-桃園",42,204,-162
"5155","8112至上","110/08/06","第一金-桃園",89,0,89
"5156","8112至上","110/08/06","玉山證券",18,162,-144
"5157","8112至上","110/08/06","台新證券",105,16,89
"5158","8112至上","110/08/06","群益金鼎-基隆",7,151,-144
"5159","8112至上","110/08/06","玉山-板橋",96,10,86
"5160","8112至上","110/08/06","台新-新營",60,183,-123
"5161","1570力肯","110/08/06","國票-北高雄",246,40,206
"5162","1570力肯","110/08/06","富邦-高雄",0,47,-47
"5163","1570力肯","110/08/06","統一-松江",43,0,43
"5164","1570力肯","110/08/06","凱基-台北",55,101,-46
"5165","1570力肯","110/08/06","日茂-南投",42,2,40
"5166","1570力肯","110/08/06","台新證券",25,60,-35
"5167","1570力肯","110/08/06","群益金鼎-三重",34,2,32
"5168","1570力肯","110/08/06","元富-三重",0,32,-32
"5169","1570力肯","110/08/06","華南永昌-麻豆",32,4,28
"5170","1570力肯","110/08/06","台中銀-員林",0,32,-32
"5171","1570力肯","110/08/06","永豐金-中和",29,2,27
"5172","1570力肯","110/08/06","國泰-板橋",1,33,-32
"5173","1570力肯","110/08/06","永豐金-大園",21,0,21
"5174","1570力肯","110/08/06","摩根大通",83,112,-29
"5175","1570力肯","110/08/06","統一-三重",25,5,20
"5176","1570力肯","110/08/06","玉山-新莊",0,27,-27
"5177","1570力肯","110/08/06","元富-新店",20,0,20
"5178","1570力肯","110/08/06","永豐金-虎尾",0,27,-27
"5179","1570力肯","110/08/06","大昌-桃園",21,1,20
"5180","1570力肯","110/08/06","玉山-左營",0,25,-25
"5181","1570力肯","110/08/06","康和-高雄",18,1,17
"5182","1570力肯","110/08/06","富邦-仁愛",10,32,-22
"5183","1570力肯","110/08/06","元富-潮州",16,0,16
"5184","1570力肯","110/08/06","中國信託-忠孝",0,21,-21
"5185","1570力肯","110/08/06","元富-松德",15,0,15
"5186","1570力肯","110/08/06","臺銀-鳳山",4,24,-20
"5187","1570力肯","110/08/06","凱基-嘉義",15,0,15
"5188","1570力肯","110/08/06","台新-屏東",1,21,-20
"5189","1570力肯","110/08/06","凱基-埔墘",15,0,15
"5190","1570力肯","110/08/06","群益金鼎-西松",0,20,-20
"5191","2929淘帝","110/08/06","統一",155,0,155
"5192","2929淘帝","110/08/06","元富-敦南",0,100,-100
"5193","2929淘帝","110/08/06","港商野村",188,52,136
"5194","2929淘帝","110/08/06","兆豐-忠孝",0,60,-60
"5195","2929淘帝","110/08/06","摩根大通",72,3,69
"5196","2929淘帝","110/08/06","台新證券",9,68,-59
"5197","2929淘帝","110/08/06","新光-新竹",45,0,45
"5198","2929淘帝","110/08/06","凱基-台北",30,80,-50
"5199","2929淘帝","110/08/06","華南永昌",40,1,39
"5200","2929淘帝","110/08/06","台新-台中",0,45,-45
"5201","2929淘帝","110/08/06","美林",52,18,34
"5202","2929淘帝","110/08/06","國泰-台中",2,43,-41
"5203","2929淘帝","110/08/06","新加坡商瑞銀",48,14,34
"5204","2929淘帝","110/08/06","華南永昌-林口",0,37,-37
"5205","2929淘帝","110/08/06","日盛-頭份",32,0,32
"5206","2929淘帝","110/08/06","元大-屏南",0,30,-30
"5207","2929淘帝","110/08/06","日盛-板橋中山",30,0,30
"5208","2929淘帝","110/08/06","群益金鼎-潭子",0,26,-26
"5209","2929淘帝","110/08/06","元大-中壢",25,3,22
"5210","2929淘帝","110/08/06","元大-新莊",3,26,-23
"5211","2929淘帝","110/08/06","元大-莒光",21,0,21
"5212","2929淘帝","110/08/06","臺銀-臺南",0,22,-22
"5213","2929淘帝","110/08/06","福勝",20,0,20
"5214","2929淘帝","110/08/06","新光",2,24,-22
"5215","2929淘帝","110/08/06","元富-三重",17,0,17
"5216","2929淘帝","110/08/06","華南永昌-長虹",0,22,-22
"5217","2929淘帝","110/08/06","國票-南京",17,0,17
"5218","2929淘帝","110/08/06","富邦-高雄",0,20,-20
"5219","2929淘帝","110/08/06","合庫證券",16,0,16
"5220","2929淘帝","110/08/06","元大-竹科",0,20,-20
"5221","5410國眾","110/08/06","元大-中壢",15,1,14
"5222","5410國眾","110/08/06","凱基-台北",0,16,-16
"5223","5410國眾","110/08/06","玉山-嘉義",10,0,10
"5224","5410國眾","110/08/06","元大-松山",0,15,-15
"5225","5410國眾","110/08/06","元大-敦南",10,0,10
"5226","5410國眾","110/08/06","元大-斗信",0,10,-10
"5227","5410國眾","110/08/06","永豐金-板橋",10,0,10
"5228","5410國眾","110/08/06","臺銀-臺南",0,9,-9
"5229","5410國眾","110/08/06","華南永昌-新莊",9,0,9
"5230","5410國眾","110/08/06","新光-台中",0,9,-9
"5231","5410國眾","110/08/06","華南永昌-世貿",6,0,6
"5232","5410國眾","110/08/06","群益金鼎-中壢",0,7,-7
"5233","5410國眾","110/08/06","亞東",5,0,5
"5234","5410國眾","110/08/06","永豐金-中和",0,7,-7
"5235","5410國眾","110/08/06","大昌-新店",5,0,5
"5236","5410國眾","110/08/06","元大-北投",0,6,-6
"5237","5410國眾","110/08/06","凱基-民權",5,0,5
"5238","5410國眾","110/08/06","元大-豐原站前",0,6,-6
"5239","5410國眾","110/08/06","元大-士林",5,0,5
"5240","5410國眾","110/08/06","臺銀",0,5,-5
"5241","5410國眾","110/08/06","元大-北三重",5,0,5
"5242","5410國眾","110/08/06","台灣企銀-太平",0,5,-5
"5243","5410國眾","110/08/06","永豐金-桃園",5,0,5
"5244","5410國眾","110/08/06","元大-大益",0,5,-5
"5245","5410國眾","110/08/06","兆豐-員林",4,0,4
"5246","5410國眾","110/08/06","元大-和平",0,5,-5
"5247","5410國眾","110/08/06","台新-三民",4,0,4
"5248","5410國眾","110/08/06","元大-台南",0,5,-5
"5249","5410國眾","110/08/06","國泰-敦南",6,2,4
"5250","5410國眾","110/08/06","元大-古亭",0,5,-5
"5251","2841台開","110/08/06","宏遠-館前",520,0,520
"5252","2841台開","110/08/06","元富-台南",0,200,-200
"5253","2841台開","110/08/06","合庫證券",193,0,193
"5254","2841台開","110/08/06","元大-鹿港",0,182,-182
"5255","2841台開","110/08/06","永興-台中",100,0,100
"5256","2841台開","110/08/06","群益金鼎-桃園",0,132,-132
"5257","2841台開","110/08/06","永豐金-竹北",78,0,78
"5258","2841台開","110/08/06","中國信託-忠孝",0,130,-130
"5259","2841台開","110/08/06","元大證券",50,0,50
"5260","2841台開","110/08/06","元大-四維",3,116,-113
"5261","2841台開","110/08/06","元大-大天母",50,0,50
"5262","2841台開","110/08/06","元富-嘉義",0,50,-50
"5263","2841台開","110/08/06","永豐金-敦南",50,0,50
"5264","2841台開","110/08/06","元富-板橋",0,50,-50
"5265","2841台開","110/08/06","日盛-園區",49,0,49
"5266","2841台開","110/08/06","(牛牛牛)亞-鑫豐",0,50,-50
"5267","2841台開","110/08/06","元大-前金",38,0,38
"5268","2841台開","110/08/06","群益金鼎-新店",0,50,-50
"5269","2841台開","110/08/06","新光-台中",32,1,31
"5270","2841台開","110/08/06","統一-彰化",0,45,-45
"5271","2841台開","110/08/06","華南永昌-台中",30,0,30
"5272","2841台開","110/08/06","台中銀",12,50,-38
"5273","2841台開","110/08/06","第一金-忠孝",20,0,20
"5274","2841台開","110/08/06","國票-中和",0,30,-30
"5275","2841台開","110/08/06","富邦-台北",20,0,20
"5276","2841台開","110/08/06","富邦-竹北",0,29,-29
"5277","2841台開","110/08/06","元大-林園",20,0,20
"5278","2841台開","110/08/06","日盛-樹林",0,26,-26
"5279","2841台開","110/08/06","日盛-信義",18,0,18
"5280","2841台開","110/08/06","富邦-板橋",0,25,-25
"5281","6207雷科","110/08/06","凱基-台北",167,49,118
"5282","6207雷科","110/08/06","群益金鼎-古亭",0,80,-80
"5283","6207雷科","110/08/06","摩根大通",185,102,83
"5284","6207雷科","110/08/06","康和-台中",0,56,-56
"5285","6207雷科","110/08/06","新光-台中",65,1,64
"5286","6207雷科","110/08/06","統一-板橋",8,59,-51
"5287","6207雷科","110/08/06","元大-鳳山",77,40,37
"5288","6207雷科","110/08/06","臺銀",0,50,-50
"5289","6207雷科","110/08/06","德信",30,0,30
"5290","6207雷科","110/08/06","日盛-忠孝",0,50,-50
"5291","6207雷科","110/08/06","新加坡商瑞銀",47,19,28
"5292","6207雷科","110/08/06","永豐金-虎尾",0,29,-29
"5293","6207雷科","110/08/06","凱基-三重",30,2,28
"5294","6207雷科","110/08/06","凱基-敦北",0,23,-23
"5295","6207雷科","110/08/06","凱基-三峽",33,10,23
"5296","6207雷科","110/08/06","華南永昌-世貿",0,22,-22
"5297","6207雷科","110/08/06","玉山-台大",25,3,22
"5298","6207雷科","110/08/06","兆豐-來福",5,25,-20
"5299","6207雷科","110/08/06","元大-板橋",15,0,15
"5300","6207雷科","110/08/06","群益金鼎-中壢",1,21,-20
"5301","6207雷科","110/08/06","元大-南京",13,0,13
"5302","6207雷科","110/08/06","宏遠-台南",0,16,-16
"5303","6207雷科","110/08/06","元富-大昌",12,0,12
"5304","6207雷科","110/08/06","合庫-桃園",0,15,-15
"5305","6207雷科","110/08/06","德信-和平",11,0,11
"5306","6207雷科","110/08/06","玉山-新莊",1,16,-15
"5307","6207雷科","110/08/06","元大-承德",12,1,11
"5308","6207雷科","110/08/06","群益金鼎-敦南",0,15,-15
"5309","6207雷科","110/08/06","台新-高雄",18,8,10
"5310","6207雷科","110/08/06","台新-左楠",2,15,-13
"5311","3679新至陞","110/08/06","國票-安和",10,0,10
"5312","3679新至陞","110/08/06","摩根大通",1,32,-31
"5313","3679新至陞","110/08/06","元大-上新莊",10,0,10
"5314","3679新至陞","110/08/06","凱基-台北",2,17,-15
"5315","3679新至陞","110/08/06","富邦-台北",9,0,9
"5316","3679新至陞","110/08/06","台灣摩根士丹利",0,11,-11
"5317","3679新至陞","110/08/06","元大-板橋",9,3,6
"5318","3679新至陞","110/08/06","瑞士信貸",0,11,-11
"5319","3679新至陞","110/08/06","康和-板橋",5,0,5
"5320","3679新至陞","110/08/06","兆豐-員林",0,10,-10
"5321","3679新至陞","110/08/06","國泰-松江",5,0,5
"5322","3679新至陞","110/08/06","元大-蘆洲",0,10,-10
"5323","3679新至陞","110/08/06","凱基-三峽",5,0,5
"5324","3679新至陞","110/08/06","美林",1,8,-7
"5325","3679新至陞","110/08/06","華南永昌-大安",5,0,5
"5326","3679新至陞","110/08/06","群益金鼎-桃園",0,7,-7
"5327","3679新至陞","110/08/06","台新-屏東",4,0,4
"5328","3679新至陞","110/08/06","玉山-台大",0,5,-5
"5329","3679新至陞","110/08/06","群益金鼎-敦南",4,0,4
"5330","3679新至陞","110/08/06","日盛-新竹",0,4,-4
"5331","3679新至陞","110/08/06","元大-天母",4,0,4
"5332","3679新至陞","110/08/06","土銀-和平",2,5,-3
"5333","3679新至陞","110/08/06","臺銀-高雄",3,0,3
"5334","3679新至陞","110/08/06","元富-松德",0,3,-3
"5335","3679新至陞","110/08/06","台中銀-員林",3,0,3
"5336","3679新至陞","110/08/06","光和-田中",0,3,-3
"5337","3679新至陞","110/08/06","北城證券",3,0,3
"5338","3679新至陞","110/08/06","群益金鼎-台南",0,3,-3
"5339","3679新至陞","110/08/06","元大-景美",3,0,3
"5340","3679新至陞","110/08/06","元大證券",1,4,-3
"5341","2727王品","110/08/06","摩根大通",65,18,47
"5342","2727王品","110/08/06","美商高盛",12,258,-246
"5343","2727王品","110/08/06","華南永昌",18,0,18
"5344","2727王品","110/08/06","安泰",2,60,-58
"5345","2727王品","110/08/06","凱基-台北",41,25,16
"5346","2727王品","110/08/06","台灣摩根士丹利",10,59,-49
"5347","2727王品","110/08/06","元大-中壢",20,4,16
"5348","2727王品","110/08/06","台新證券",17,60,-43
"5349","2727王品","110/08/06","台新-高雄",27,13,14
"5350","2727王品","110/08/06","元大-桃園",0,32,-32
"5351","2727王品","110/08/06","永豐金-苓雅",14,1,13
"5352","2727王品","110/08/06","凱基-基隆",0,30,-30
"5353","2727王品","110/08/06","永豐金-中盛",14,1,13
"5354","2727王品","110/08/06","群益金鼎-台中",0,22,-22
"5355","2727王品","110/08/06","第一金-安和",12,0,12
"5356","2727王品","110/08/06","凱基-三重",1,20,-19
"5357","2727王品","110/08/06","台新-台南",12,0,12
"5358","2727王品","110/08/06","元大證券",23,42,-19
"5359","2727王品","110/08/06","元大-八德",12,0,12
"5360","2727王品","110/08/06","瑞士信貸",0,18,-18
"5361","2727王品","110/08/06","新加坡商瑞銀",14,3,11
"5362","2727王品","110/08/06","港商野村",32,50,-18
"5363","2727王品","110/08/06","美林",11,1,10
"5364","2727王品","110/08/06","元大-羅東",2,17,-15
"5365","2727王品","110/08/06","台新-中壢",10,0,10
"5366","2727王品","110/08/06","元大-彰化",3,15,-12
"5367","2727王品","110/08/06","大昌-新竹",9,0,9
"5368","2727王品","110/08/06","土銀-高雄",1,12,-11
"5369","2727王品","110/08/06","元大-文心興安",11,2,9
"5370","2727王品","110/08/06","台新-新莊",0,11,-11
"5371","1570力肯","110/08/06","國票-北高雄",246,40,206
"5372","1570力肯","110/08/06","富邦-高雄",0,47,-47
"5373","1570力肯","110/08/06","統一-松江",43,0,43
"5374","1570力肯","110/08/06","凱基-台北",55,101,-46
"5375","1570力肯","110/08/06","日茂-南投",42,2,40
"5376","1570力肯","110/08/06","台新證券",25,60,-35
"5377","1570力肯","110/08/06","群益金鼎-三重",34,2,32
"5378","1570力肯","110/08/06","元富-三重",0,32,-32
"5379","1570力肯","110/08/06","華南永昌-麻豆",32,4,28
"5380","1570力肯","110/08/06","台中銀-員林",0,32,-32
"5381","1570力肯","110/08/06","永豐金-中和",29,2,27
"5382","1570力肯","110/08/06","國泰-板橋",1,33,-32
"5383","1570力肯","110/08/06","永豐金-大園",21,0,21
"5384","1570力肯","110/08/06","摩根大通",83,112,-29
"5385","1570力肯","110/08/06","統一-三重",25,5,20
"5386","1570力肯","110/08/06","玉山-新莊",0,27,-27
"5387","1570力肯","110/08/06","元富-新店",20,0,20
"5388","1570力肯","110/08/06","永豐金-虎尾",0,27,-27
"5389","1570力肯","110/08/06","大昌-桃園",21,1,20
"5390","1570力肯","110/08/06","玉山-左營",0,25,-25
"5391","1570力肯","110/08/06","康和-高雄",18,1,17
"5392","1570力肯","110/08/06","富邦-仁愛",10,32,-22
"5393","1570力肯","110/08/06","元富-潮州",16,0,16
"5394","1570力肯","110/08/06","中國信託-忠孝",0,21,-21
"5395","1570力肯","110/08/06","元富-松德",15,0,15
"5396","1570力肯","110/08/06","臺銀-鳳山",4,24,-20
"5397","1570力肯","110/08/06","凱基-嘉義",15,0,15
"5398","1570力肯","110/08/06","台新-屏東",1,21,-20
"5399","1570力肯","110/08/06","凱基-埔墘",15,0,15
"5400","1570力肯","110/08/06","群益金鼎-西松",0,20,-20
"5401","6180橘子","110/08/06","凱基-中山",138,3,135
"5402","6180橘子","110/08/06","新光",6,37,-31
"5403","6180橘子","110/08/06","富邦-高雄",18,0,18
"5404","6180橘子","110/08/06","永豐金-板新",0,24,-24
"5405","6180橘子","110/08/06","美商高盛",14,0,14
"5406","6180橘子","110/08/06","國票-九鼎",0,20,-20
"5407","6180橘子","110/08/06","富邦-板橋",14,0,14
"5408","6180橘子","110/08/06","群益金鼎-古亭",0,20,-20
"5409","6180橘子","110/08/06","台灣摩根士丹利",18,6,12
"5410","6180橘子","110/08/06","凱基-台北",2,22,-20
"5411","6180橘子","110/08/06","聯邦-雙和",11,0,11
"5412","6180橘子","110/08/06","富邦-員林",1,20,-19
"5413","6180橘子","110/08/06","宏遠-光隆",10,0,10
"5414","6180橘子","110/08/06","富邦-基隆",0,14,-14
"5415","6180橘子","110/08/06","元富-四維",10,0,10
"5416","6180橘子","110/08/06","元富-永和",1,12,-11
"5417","6180橘子","110/08/06","摩根大通",11,1,10
"5418","6180橘子","110/08/06","玉山-台南",0,11,-11
"5419","6180橘子","110/08/06","日盛-中壢",9,0,9
"5420","6180橘子","110/08/06","元大-彰化民生",0,11,-11
"5421","6180橘子","110/08/06","中國信託",9,0,9
"5422","6180橘子","110/08/06","群益金鼎-忠孝",0,10,-10
"5423","6180橘子","110/08/06","凱基-板橋",10,1,9
"5424","6180橘子","110/08/06","元大-龍潭",0,10,-10
"5425","6180橘子","110/08/06","日盛-景美",9,2,7
"5426","6180橘子","110/08/06","元大-金華",1,11,-10
"5427","6180橘子","110/08/06","瑞士信貸",7,0,7
"5428","6180橘子","110/08/06","第一金-新興",0,8,-8
"5429","6180橘子","110/08/06","元大-高雄",5,0,5
"5430","6180橘子","110/08/06","美林",0,7,-7
"5431","2390云辰","110/08/06","元大證券",203,14,189
"5432","2390云辰","110/08/06","永豐金-豐原",0,174,-174
"5433","2390云辰","110/08/06","美商高盛",114,7,107
"5434","2390云辰","110/08/06","第一金-華江",0,83,-83
"5435","2390云辰","110/08/06","華南永昌-麻豆",103,0,103
"5436","2390云辰","110/08/06","凱基-台北",126,197,-71
"5437","2390云辰","110/08/06","國票-安和",76,11,65
"5438","2390云辰","110/08/06","摩根大通",129,187,-58
"5439","2390云辰","110/08/06","港商野村",188,138,50
"5440","2390云辰","110/08/06","臺銀-金山",0,50,-50
"5441","2390云辰","110/08/06","元大-土城學府",102,56,46
"5442","2390云辰","110/08/06","聯邦商銀",13,50,-37
"5443","2390云辰","110/08/06","元富-板橋",41,0,41
"5444","2390云辰","110/08/06","元大-上新莊",10,43,-33
"5445","2390云辰","110/08/06","新加坡商瑞銀",47,7,40
"5446","2390云辰","110/08/06","兆豐-三民",0,30,-30
"5447","2390云辰","110/08/06","元大-台南",35,0,35
"5448","2390云辰","110/08/06","富邦-桃園",0,30,-30
"5449","2390云辰","110/08/06","凱基-林口",31,0,31
"5450","2390云辰","110/08/06","國泰-敦南",33,60,-27
"5451","2390云辰","110/08/06","凱基-台中",23,0,23
"5452","2390云辰","110/08/06","元大-天母",1,28,-27
"5453","2390云辰","110/08/06","台新-左楠",22,0,22
"5454","2390云辰","110/08/06","統一-高雄",0,25,-25
"5455","2390云辰","110/08/06","元大-文心",24,2,22
"5456","2390云辰","110/08/06","元大-太平",0,22,-22
"5457","2390云辰","110/08/06","統一-三重",22,1,21
"5458","2390云辰","110/08/06","彰銀-台中",36,56,-20
"5459","2390云辰","110/08/06","台灣企銀-嘉義",20,0,20
"5460","2390云辰","110/08/06","統一-屏東",1,21,-20
"5461","2867三商壽","110/08/05","摩根大通",376,0,376
"5462","2867三商壽","110/08/05","日盛-新莊",0,253,-253
"5463","2867三商壽","110/08/05","玉山-大里",307,1,306
"5464","2867三商壽","110/08/05","宏遠-高雄",0,156,-156
"5465","2867三商壽","110/08/05","元大-土城永寧",250,0,250
"5466","2867三商壽","110/08/05","康和-台中",0,135,-135
"5467","2867三商壽","110/08/05","新加坡商瑞銀",137,0,137
"5468","2867三商壽","110/08/05","台灣摩根士丹利",17,133,-116
"5469","2867三商壽","110/08/05","大展",120,0,120
"5470","2867三商壽","110/08/05","台灣企銀-竹北",0,100,-100
"5471","2867三商壽","110/08/05","凱基-長庚",120,0,120
"5472","2867三商壽","110/08/05","群益金鼎-桃園",1,100,-99
"5473","2867三商壽","110/08/05","元大-大同",104,2,102
"5474","2867三商壽","110/08/05","永豐金-高雄",10,101,-91
"5475","2867三商壽","110/08/05","凱基-台北",98,30,68
"5476","2867三商壽","110/08/05","元富",0,70,-70
"5477","2867三商壽","110/08/05","華南永昌-朴子",60,0,60
"5478","2867三商壽","110/08/05","富邦-花蓮",0,53,-53
"5479","2867三商壽","110/08/05","永豐金-市政",50,0,50
"5480","2867三商壽","110/08/05","日盛-台南",0,43,-43
"5481","2867三商壽","110/08/05","富邦-台南",49,1,48
"5482","2867三商壽","110/08/05","宏遠-台中",6,45,-39
"5483","2867三商壽","110/08/05","永豐金-永康",30,0,30
"5484","2867三商壽","110/08/05","瑞士信貸",0,32,-32
"5485","2867三商壽","110/08/05","富邦-竹東",30,1,29
"5486","2867三商壽","110/08/05","致和-高雄",0,31,-31
"5487","2867三商壽","110/08/05","兆豐-高雄",30,10,20
"5488","2867三商壽","110/08/05","國泰-台南",1,32,-31
"5489","2867三商壽","110/08/05","群益金鼎-西松",20,0,20
"5490","2867三商壽","110/08/05","元大-松山",1,31,-30
"5491","5521工信","110/08/05","兆豐-桃園",72,0,72
"5492","5521工信","110/08/05","美林",5,100,-95
"5493","5521工信","110/08/05","(牛牛牛)亞-鑫豐",24,0,24
"5494","5521工信","110/08/05","華南永昌-桃園",0,76,-76
"5495","5521工信","110/08/05","富邦-建國",22,0,22
"5496","5521工信","110/08/05","第一金-桃園",0,43,-43
"5497","5521工信","110/08/05","日盛-雙和",16,0,16
"5498","5521工信","110/08/05","凱基-台北",0,26,-26
"5499","5521工信","110/08/05","元大-鳳山",16,0,16
"5500","5521工信","110/08/05","台灣摩根士丹利",0,22,-22
"5501","5521工信","110/08/05","元富-城東",12,0,12
"5502","5521工信","110/08/05","富邦-竹北",0,20,-20
"5503","5521工信","110/08/05","元大-東蘆",12,0,12
"5504","5521工信","110/08/05","富邦-員林",0,20,-20
"5505","5521工信","110/08/05","元大-路竹",11,0,11
"5506","5521工信","110/08/05","元大-豐原",0,20,-20
"5507","5521工信","110/08/05","元大-基隆孝二",11,0,11
"5508","5521工信","110/08/05","港商野村",0,17,-17
"5509","5521工信","110/08/05","日盛-園區",10,0,10
"5510","5521工信","110/08/05","元大-大同",0,14,-14
"5511","5521工信","110/08/05","玉山-台大",10,0,10
"5512","5521工信","110/08/05","永豐金證券",0,14,-14
"5513","5521工信","110/08/05","華南永昌-公誠",10,0,10
"5514","5521工信","110/08/05","兆豐-高雄",0,10,-10
"5515","5521工信","110/08/05","元大-斗六",10,0,10
"5516","5521工信","110/08/05","群益金鼎-永和",0,10,-10
"5517","5521工信","110/08/05","元大-屏東",10,0,10
"5518","5521工信","110/08/05","永豐金-中和",0,10,-10
"5519","5521工信","110/08/05","國泰-台中",9,0,9
"5520","5521工信","110/08/05","第一金-高雄",0,7,-7
"5521","1471首利","110/08/05","國票-北高雄",50,0,50
"5522","1471首利","110/08/05","永豐金-板盛",0,129,-129
"5523","1471首利","110/08/05","台灣摩根士丹利",49,0,49
"5524","1471首利","110/08/05","元大-三重",0,50,-50
"5525","1471首利","110/08/05","元大-太平",30,0,30
"5526","1471首利","110/08/05","瑞士信貸",0,42,-42
"5527","1471首利","110/08/05","國泰-敦南",24,0,24
"5528","1471首利","110/08/05","美林",0,37,-37
"5529","1471首利","110/08/05","玉山-桃園",21,0,21
"5530","1471首利","110/08/05","元富-草屯",0,30,-30
"5531","1471首利","110/08/05","宏遠-光隆",20,0,20
"5532","1471首利","110/08/05","元富-民權",0,25,-25
"5533","1471首利","110/08/05","富邦-嘉義",20,1,19
"5534","1471首利","110/08/05","台中銀",0,23,-23
"5535","1471首利","110/08/05","元大-博愛",30,13,17
"5536","1471首利","110/08/05","元富-新興",0,20,-20
"5537","1471首利","110/08/05","台新-高雄",16,0,16
"5538","1471首利","110/08/05","摩根大通",17,33,-16
"5539","1471首利","110/08/05","日盛-文化",15,0,15
"5540","1471首利","110/08/05","日盛-鳳山",0,15,-15
"5541","1471首利","110/08/05","群益金鼎-新莊",15,0,15
"5542","1471首利","110/08/05","高橋",0,14,-14
"5543","1471首利","110/08/05","凱基-科園",13,0,13
"5544","1471首利","110/08/05","富邦-羅東",0,13,-13
"5545","1471首利","110/08/05","元大-高雄",12,0,12
"5546","1471首利","110/08/05","德信-中正",0,12,-12
"5547","1471首利","110/08/05","第一金-桃園",11,0,11
"5548","1471首利","110/08/05","群益金鼎-中港",5,17,-12
"5549","1471首利","110/08/05","台灣企銀-太平",10,0,10
"5550","1471首利","110/08/05","第一金-台南",0,10,-10
"5551","2883開發金","110/08/05","元富",5268,0,5268
"5552","2883開發金","110/08/05","新光-高雄",309,4909,-4600
"5553","2883開發金","110/08/05","瑞士信貸",4963,0,4963
"5554","2883開發金","110/08/05","富邦-竹東",594,3509,-2915
"5555","2883開發金","110/08/05","富邦證券",3800,0,3800
"5556","2883開發金","110/08/05","永豐金-南京",2,1915,-1913
"5557","2883開發金","110/08/05","台灣摩根士丹利",3886,1250,2636
"5558","2883開發金","110/08/05","第一金-自由",2,1894,-1892
"5559","2883開發金","110/08/05","元富-城東",2119,68,2051
"5560","2883開發金","110/08/05","康和-仁愛",0,1820,-1820
"5561","2883開發金","110/08/05","港商野村",2397,395,2002
"5562","2883開發金","110/08/05","兆豐-台中港",22,1522,-1500
"5563","2883開發金","110/08/05","第一金-忠孝",2020,88,1932
"5564","2883開發金","110/08/05","元大-大同",43,1010,-967
"5565","2883開發金","110/08/05","國泰證券",1682,3,1679
"5566","2883開發金","110/08/05","國票",53,645,-592
"5567","2883開發金","110/08/05","大和國泰",1666,0,1666
"5568","2883開發金","110/08/05","富邦-新竹",86,674,-588
"5569","2883開發金","110/08/05","永豐金-板橋",1507,15,1492
"5570","2883開發金","110/08/05","富邦-建國",39,560,-521
"5571","2883開發金","110/08/05","台灣企銀-民雄",1002,0,1002
"5572","2883開發金","110/08/05","日盛-台南",7,525,-518
"5573","2883開發金","110/08/05","美林",1263,577,686
"5574","2883開發金","110/08/05","凱基-基隆",1,510,-509
"5575","2883開發金","110/08/05","康和",640,0,640
"5576","2883開發金","110/08/05","元富-民權",0,500,-500
"5577","2883開發金","110/08/05","凱基-台北",1262,679,583
"5578","2883開發金","110/08/05","永豐金-松山",9,509,-500
"5579","2883開發金","110/08/05","福邦證券",560,50,510
"5580","2883開發金","110/08/05","華南永昌-中正",25,511,-486
"5581","6205詮欣","110/08/05","富邦-高雄",27,0,27
"5582","6205詮欣","110/08/05","臺銀-鳳山",0,31,-31
"5583","6205詮欣","110/08/05","摩根大通",27,1,26
"5584","6205詮欣","110/08/05","合庫-三重",0,15,-15
"5585","6205詮欣","110/08/05","永豐金-敦南",14,0,14
"5586","6205詮欣","110/08/05","臺銀-民權",11,21,-10
"5587","6205詮欣","110/08/05","凱基-台北",14,1,13
"5588","6205詮欣","110/08/05","日盛-中壢",0,10,-10
"5589","6205詮欣","110/08/05","瑞士信貸",14,5,9
"5590","6205詮欣","110/08/05","統一-松江",0,10,-10
"5591","6205詮欣","110/08/05","凱基-湖口",9,0,9
"5592","6205詮欣","110/08/05","台新-三民",0,9,-9
"5593","6205詮欣","110/08/05","德信-新營",4,0,4
"5594","6205詮欣","110/08/05","臺銀-新竹",1,9,-8
"5595","6205詮欣","110/08/05","元大-東蘆",5,1,4
"5596","6205詮欣","110/08/05","康和",0,5,-5
"5597","6205詮欣","110/08/05","臺銀-高雄",3,0,3
"5598","6205詮欣","110/08/05","元大-館前",0,4,-4
"5599","6205詮欣","110/08/05","富邦-左營",3,0,3
"5600","6205詮欣","110/08/05","宏遠-新化",0,3,-3
"5601","6205詮欣","110/08/05","日盛-花蓮",2,0,2
"5602","6205詮欣","110/08/05","新加坡商瑞銀",4,7,-3
"5603","6205詮欣","110/08/05","元富-三重",2,0,2
"5604","6205詮欣","110/08/05","致和-高雄",0,3,-3
"5605","6205詮欣","110/08/05","北城證券",2,0,2
"5606","6205詮欣","110/08/05","國票",0,3,-3
"5607","6205詮欣","110/08/05","國票-南港",2,0,2
"5608","6205詮欣","110/08/05","富邦-嘉義",0,3,-3
"5609","6205詮欣","110/08/05","台新證券",2,0,2
"5610","6205詮欣","110/08/05","統一-士林",0,2,-2
"5611","1540喬福","110/08/05","元富-中原",24,0,24
"5612","1540喬福","110/08/05","統一-新台中",0,21,-21
"5613","1540喬福","110/08/05","台新-台南",10,0,10
"5614","1540喬福","110/08/05","國泰-敦南",0,15,-15
"5615","1540喬福","110/08/05","台新-台中",10,0,10
"5616","1540喬福","110/08/05","華南永昌-南京",0,10,-10
"5617","1540喬福","110/08/05","瑞士信貸",6,0,6
"5618","1540喬福","110/08/05","元大-台中中港",0,10,-10
"5619","1540喬福","110/08/05","台中銀-豐原",6,0,6
"5620","1540喬福","110/08/05","德信-新營",0,8,-8
"5621","1540喬福","110/08/05","凱基-台北",6,0,6
"5622","1540喬福","110/08/05","新光-台南",0,4,-4
"5623","1540喬福","110/08/05","凱基-台南",5,0,5
"5624","1540喬福","110/08/05","元大-大天母",6,10,-4
"5625","1540喬福","110/08/05","元大-士林",5,0,5
"5626","1540喬福","110/08/05","康和-新竹",0,3,-3
"5627","1540喬福","110/08/05","美林",2,0,2
"5628","1540喬福","110/08/05","元大-龍潭",0,3,-3
"5629","1540喬福","110/08/05","群益金鼎-崇德",2,0,2
"5630","1540喬福","110/08/05","第一金-員林",0,1,-1
"5631","1540喬福","110/08/05","凱基-苗栗",2,0,2
"5632","1540喬福","110/08/05","第一金-豐原",0,1,-1
"5633","1540喬福","110/08/05","凱基-中壢",2,0,2
"5634","1540喬福","110/08/05","台新-高雄",0,1,-1
"5635","1540喬福","110/08/05","土銀-士林",1,0,1
"5636","1540喬福","110/08/05","元大-崇德",0,1,-1
"5637","1540喬福","110/08/05","群益金鼎-丹鳳",1,0,1
"5638","1540喬福","110/08/05","元大-中壢",0,1,-1
"5639","1540喬福","110/08/05","元大-文心",1,0,1
"5640","1540喬福","110/08/05","元大-斗信",0,1,-1
"5641","2888新光金","110/08/05","華南永昌-南京",3753,8,3745
"5642","2888新光金","110/08/05","第一金-高雄",0,5007,-5007
"5643","2888新光金","110/08/05","玉山-城中",2004,28,1976
"5644","2888新光金","110/08/05","美商高盛",12,1719,-1707
"5645","2888新光金","110/08/05","元大-西門",906,18,888
"5646","2888新光金","110/08/05","香港上海匯豐",0,1437,-1437
"5647","2888新光金","110/08/05","日盛-和美",557,3,554
"5648","2888新光金","110/08/05","凱基-台南",46,802,-756
"5649","2888新光金","110/08/05","康和-台中",460,49,411
"5650","2888新光金","110/08/05","美林",538,1140,-602
"5651","2888新光金","110/08/05","元富-緯城",302,1,301
"5652","2888新光金","110/08/05","凱基-台北",686,1280,-594
"5653","2888新光金","110/08/05","彰銀",301,3,298
"5654","2888新光金","110/08/05","法銀巴黎",0,562,-562
"5655","2888新光金","110/08/05","花旗環球",356,84,272
"5656","2888新光金","110/08/05","瑞士信貸",1350,1798,-448
"5657","2888新光金","110/08/05","永全-南崁",240,0,240
"5658","2888新光金","110/08/05","群益金鼎-丹鳳",4,303,-299
"5659","2888新光金","110/08/05","永豐金-彰化",232,20,212
"5660","2888新光金","110/08/05","安泰-大發",10,300,-290
"5661","2888新光金","110/08/05","統一-新台中",214,7,207
"5662","2888新光金","110/08/05","摩根大通",1159,1428,-269
"5663","2888新光金","110/08/05","中國信託-永康",203,0,203
"5664","2888新光金","110/08/05","兆豐-員林",4,260,-256
"5665","2888新光金","110/08/05","日盛-景美",200,0,200
"5666","2888新光金","110/08/05","日盛-大墩",0,250,-250
"5667","2888新光金","110/08/05","元大-東泰",207,22,185
"5668","2888新光金","110/08/05","元大-大里",31,243,-212
"5669","2888新光金","110/08/05","合庫證券",181,2,179
"5670","2888新光金","110/08/05","北城證券",25,230,-205
"5671","1340勝悅","110/08/05","富邦-仁愛",20,0,20
"5672","1340勝悅","110/08/05","中國信託",0,36,-36
"5673","1340勝悅","110/08/05","華南永昌-忠孝",12,0,12
"5674","1340勝悅","110/08/05","新光-新竹",0,18,-18
"5675","1340勝悅","110/08/05","華南永昌-楠梓",10,0,10
"5676","1340勝悅","110/08/05","永豐金-嘉義",0,15,-15
"5677","1340勝悅","110/08/05","統一-城中",17,11,6
"5678","1340勝悅","110/08/05","日茂",0,10,-10
"5679","1340勝悅","110/08/05","臺灣企銀-埔墘",5,0,5
"5680","1340勝悅","110/08/05","富邦-宜蘭",0,10,-10
"5681","1340勝悅","110/08/05","國票-台東",5,0,5
"5682","1340勝悅","110/08/05","元富-花蓮",0,9,-9
"5683","1340勝悅","110/08/05","新光-高雄",5,0,5
"5684","1340勝悅","110/08/05","永豐金-南京",0,7,-7
"5685","1340勝悅","110/08/05","國泰-台中",6,1,5
"5686","1340勝悅","110/08/05","統一",0,6,-6
"5687","1340勝悅","110/08/05","富邦-陽明",5,0,5
"5688","1340勝悅","110/08/05","合庫-西台中",0,3,-3
"5689","1340勝悅","110/08/05","日盛-板橋",4,0,4
"5690","1340勝悅","110/08/05","港商野村",0,3,-3
"5691","1340勝悅","110/08/05","港商法國興業",4,0,4
"5692","1340勝悅","110/08/05","兆豐-新竹",0,3,-3
"5693","1340勝悅","110/08/05","臺銀-高雄",3,0,3
"5694","1340勝悅","110/08/05","亞東-台中",0,2,-2
"5695","1340勝悅","110/08/05","元富-新店",3,0,3
"5696","1340勝悅","110/08/05","元大-歸仁",0,2,-2
"5697","1340勝悅","110/08/05","康和-屏東",3,0,3
"5698","1340勝悅","110/08/05","日盛-斗六",0,1,-1
"5699","1340勝悅","110/08/05","群益金鼎-民權",3,0,3
"5700","1340勝悅","110/08/05","日盛-中和",0,1,-1
"5701","6246臺龍","110/08/05","元大-林森",200,0,200
"5702","6246臺龍","110/08/05","統一",0,180,-180
"5703","6246臺龍","110/08/05","元大證券",92,1,91
"5704","6246臺龍","110/08/05","大慶-富順",0,114,-114
"5705","6246臺龍","110/08/05","凱基-大直",99,19,80
"5706","6246臺龍","110/08/05","台新-三民",0,77,-77
"5707","6246臺龍","110/08/05","元大-北港",51,0,51
"5708","6246臺龍","110/08/05","永興",0,48,-48
"5709","6246臺龍","110/08/05","統一-南京",50,0,50
"5710","6246臺龍","110/08/05","華南永昌-嘉義",1,26,-25
"5711","6246臺龍","110/08/05","台灣企銀",40,0,40
"5712","6246臺龍","110/08/05","宏遠-民生",0,20,-20
"5713","6246臺龍","110/08/05","永豐金-虎尾",23,0,23
"5714","6246臺龍","110/08/05","兆豐-大同",0,20,-20
"5715","6246臺龍","110/08/05","凱基-台北",27,5,22
"5716","6246臺龍","110/08/05","華南永昌-林口",0,20,-20
"5717","6246臺龍","110/08/05","元富-新竹",20,0,20
"5718","6246臺龍","110/08/05","元大-永春",0,20,-20
"5719","6246臺龍","110/08/05","康和-石牌",20,0,20
"5720","6246臺龍","110/08/05","元大-東泰",0,19,-19
"5721","6246臺龍","110/08/05","聯邦-大業",20,0,20
"5722","6246臺龍","110/08/05","德信-新營",0,18,-18
"5723","6246臺龍","110/08/05","凱基-彰化",18,0,18
"5724","6246臺龍","110/08/05","永豐金-松山",10,28,-18
"5725","6246臺龍","110/08/05","永豐金-復興",17,1,16
"5726","6246臺龍","110/08/05","台新-台中",4,20,-16
"5727","6246臺龍","110/08/05","新光-台中",17,2,15
"5728","6246臺龍","110/08/05","兆豐-竹北",5,20,-15
"5729","6246臺龍","110/08/05","元大-路竹",15,1,14
"5730","6246臺龍","110/08/05","兆豐-南京",1,14,-13
"5731","00715L期街口布蘭特正2","110/08/05","(牛牛牛)亞-鑫豐",1195,20,1175
"5732","00715L期街口布蘭特正2","110/08/05","元大證券",1735,21716,-19981
"5733","00715L期街口布蘭特正2","110/08/05","元大-萬華",930,0,930
"5734","00715L期街口布蘭特正2","110/08/05","凱基-台北",182,11686,-11504
"5735","00715L期街口布蘭特正2","110/08/05","元大-永康",810,9,801
"5736","00715L期街口布蘭特正2","110/08/05","元富",8,6852,-6844
"5737","00715L期街口布蘭特正2","110/08/05","富邦-彰化",760,0,760
"5738","00715L期街口布蘭特正2","110/08/05","台新證券",598,4522,-3924
"5739","00715L期街口布蘭特正2","110/08/05","國泰-敦南",830,155,675
"5740","00715L期街口布蘭特正2","110/08/05","凱基",0,3168,-3168
"5741","00715L期街口布蘭特正2","110/08/05","新光-台中",698,33,665
"5742","00715L期街口布蘭特正2","110/08/05","群益金鼎",0,1742,-1742
"5743","00715L期街口布蘭特正2","110/08/05","富邦-南屯",621,5,616
"5744","00715L期街口布蘭特正2","110/08/05","國票",22,1607,-1585
"5745","00715L期街口布蘭特正2","110/08/05","群益金鼎-士林",620,40,580
"5746","00715L期街口布蘭特正2","110/08/05","永豐金證券",91,1254,-1163
"5747","00715L期街口布蘭特正2","110/08/05","兆豐-嘉義",510,0,510
"5748","00715L期街口布蘭特正2","110/08/05","富邦證券",140,1095,-955
"5749","00715L期街口布蘭特正2","110/08/05","統一-新竹",508,9,499
"5750","00715L期街口布蘭特正2","110/08/05","元大-雙和",22,850,-828
"5751","00715L期街口布蘭特正2","110/08/05","國泰-板橋",521,24,497
"5752","00715L期街口布蘭特正2","110/08/05","國票-台中",25,805,-780
"5753","00715L期街口布蘭特正2","110/08/05","元大-中和",481,3,478
"5754","00715L期街口布蘭特正2","110/08/05","華南永昌-長虹",145,820,-675
"5755","00715L期街口布蘭特正2","110/08/05","元大-羅東",470,0,470
"5756","00715L期街口布蘭特正2","110/08/05","日盛-大墩",121,455,-334
"5757","00715L期街口布蘭特正2","110/08/05","群益金鼎-嘉義",483,20,463
"5758","00715L期街口布蘭特正2","110/08/05","華南永昌-斗六",52,380,-328
"5759","00715L期街口布蘭特正2","110/08/05","群益金鼎-中壢",476,30,446
"5760","00715L期街口布蘭特正2","110/08/05","康和",0,250,-250
"5761","8941關中","110/08/05","第一金-台南",1,0,1
"5762","8941關中","110/08/05","元富-宜蘭",0,2,-2
"5763","8941關中","110/08/05","康和-嘉義",1,0,1
"5764","8941關中","110/08/05","統一-南京",0,1,-1
"5765","8941關中","110/08/05","群益金鼎-延平",1,0,1
"5766","8941關中","110/08/05","合庫證券",0,0,0
"5767","8941關中","110/08/05","合庫證券",0,0,0
"5768","8941關中","110/08/05","(牛牛牛)亞-鑫豐",0,0,0
"5769","8941關中","110/08/05","(牛牛牛)亞-鑫豐",0,0,0
"5770","8941關中","110/08/05","富邦-北港",0,0,0
"5771","8941關中","110/08/05","富邦-北港",0,0,0
"5772","8941關中","110/08/05","",NA,NA,NA
"5773","8941關中","110/08/05","",NA,NA,NA
"5774","8941關中","110/08/05","",NA,NA,NA
"5775","8941關中","110/08/05","",NA,NA,NA
"5776","8941關中","110/08/05","",NA,NA,NA
"5777","8941關中","110/08/05","",NA,NA,NA
"5778","8941關中","110/08/05","",NA,NA,NA
"5779","8941關中","110/08/05","",NA,NA,NA
"5780","8941關中","110/08/05","",NA,NA,NA
"5781","8941關中","110/08/05","",NA,NA,NA
"5782","8941關中","110/08/05","",NA,NA,NA
"5783","8941關中","110/08/05","",NA,NA,NA
"5784","8941關中","110/08/05","",NA,NA,NA
"5785","8941關中","110/08/05","",NA,NA,NA
"5786","8941關中","110/08/05","",NA,NA,NA
"5787","8941關中","110/08/05","",NA,NA,NA
"5788","8941關中","110/08/05","",NA,NA,NA
"5789","8941關中","110/08/05","",NA,NA,NA
"5790","8941關中","110/08/05","",NA,NA,NA
"5791","8936國統","110/08/05","國票-敦北法人",100,0,100
"5792","8936國統","110/08/05","摩根大通",16,240,-224
"5793","8936國統","110/08/05","第一金-光復",50,0,50
"5794","8936國統","110/08/05","台新-松江",0,205,-205
"5795","8936國統","110/08/05","元大-蘆洲",45,0,45
"5796","8936國統","110/08/05","凱基-台北",1,177,-176
"5797","8936國統","110/08/05","富邦-建國",34,0,34
"5798","8936國統","110/08/05","新加坡商瑞銀",14,119,-105
"5799","8936國統","110/08/05","富邦-高雄",33,1,32
"5800","8936國統","110/08/05","凱基-市政",0,35,-35
"5801","8936國統","110/08/05","元大-敦南",30,0,30
"5802","8936國統","110/08/05","瑞士信貸",0,31,-31
"5803","8936國統","110/08/05","元大-博愛",23,0,23
"5804","8936國統","110/08/05","合庫-高雄",22,49,-27
"5805","8936國統","110/08/05","國票-長城",20,0,20
"5806","8936國統","110/08/05","港商野村",15,41,-26
"5807","8936國統","110/08/05","凱基-岡山",20,0,20
"5808","8936國統","110/08/05","富邦-陽明",1,24,-23
"5809","8936國統","110/08/05","凱基-台南",20,0,20
"5810","8936國統","110/08/05","合庫-新竹",0,22,-22
"5811","8936國統","110/08/05","富邦-中壢",21,2,19
"5812","8936國統","110/08/05","美商高盛",0,20,-20
"5813","8936國統","110/08/05","永豐金-忠孝",17,0,17
"5814","8936國統","110/08/05","元大-雙和",0,20,-20
"5815","8936國統","110/08/05","玉山-台中",16,0,16
"5816","8936國統","110/08/05","彰銀-七賢",0,18,-18
"5817","8936國統","110/08/05","兆豐-景美",15,0,15
"5818","8936國統","110/08/05","台灣企銀-台中",0,15,-15
"5819","8936國統","110/08/05","富邦-南屯",15,0,15
"5820","8936國統","110/08/05","兆豐-大同",0,15,-15
"5821","6226光鼎","110/08/05","國泰-敦南",190,90,100
"5822","6226光鼎","110/08/05","富邦-嘉義",590,964,-374
"5823","6226光鼎","110/08/05","凱基-台中",98,2,96
"5824","6226光鼎","110/08/05","日盛-員林",9,200,-191
"5825","6226光鼎","110/08/05","華南永昌-大安",95,13,82
"5826","6226光鼎","110/08/05","華南永昌",5,157,-152
"5827","6226光鼎","110/08/05","凱基-豐中",68,2,66
"5828","6226光鼎","110/08/05","國票-敦北法人",0,106,-106
"5829","6226光鼎","110/08/05","元富-西松",76,15,61
"5830","6226光鼎","110/08/05","元大-雙和",27,118,-91
"5831","6226光鼎","110/08/05","群益金鼎-土城",61,0,61
"5832","6226光鼎","110/08/05","華南永昌-南京",48,137,-89
"5833","6226光鼎","110/08/05","新光-高雄",64,4,60
"5834","6226光鼎","110/08/05","統一-新竹",37,124,-87
"5835","6226光鼎","110/08/05","宏遠-台中",67,9,58
"5836","6226光鼎","110/08/05","大昌",3,78,-75
"5837","6226光鼎","110/08/05","元大-東港",53,0,53
"5838","6226光鼎","110/08/05","凱基-台北",1,74,-73
"5839","6226光鼎","110/08/05","群益金鼎-敦南",60,10,50
"5840","6226光鼎","110/08/05","中國信託-文心",10,65,-55
"5841","6226光鼎","110/08/05","日盛-高雄",53,7,46
"5842","6226光鼎","110/08/05","台新-新莊",1,54,-53
"5843","6226光鼎","110/08/05","台新-新營",49,4,45
"5844","6226光鼎","110/08/05","台新-台中",84,135,-51
"5845","6226光鼎","110/08/05","玉山-雙和",42,2,40
"5846","6226光鼎","110/08/05","元大-嘉義",77,128,-51
"5847","6226光鼎","110/08/05","永豐金-高雄",44,8,36
"5848","6226光鼎","110/08/05","日盛-大墩",1,43,-42
"5849","6226光鼎","110/08/05","元富-花蓮",42,7,35
"5850","6226光鼎","110/08/05","日茂-埔里",0,41,-41
"5851","2363矽統","110/08/05","瑞士信貸",3345,0,3345
"5852","2363矽統","110/08/05","新加坡商瑞銀",1909,2622,-713
"5853","2363矽統","110/08/05","台灣摩根士丹利",2917,53,2864
"5854","2363矽統","110/08/05","統一-板橋",37,650,-613
"5855","2363矽統","110/08/05","摩根大通",5124,3944,1180
"5856","2363矽統","110/08/05","美商高盛",702,1245,-543
"5857","2363矽統","110/08/05","康和-台中",911,292,619
"5858","2363矽統","110/08/05","元富-西松",367,902,-535
"5859","2363矽統","110/08/05","永豐金證券",951,339,612
"5860","2363矽統","110/08/05","華南永昌-斗六",55,584,-529
"5861","2363矽統","110/08/05","群益金鼎-三民",571,106,465
"5862","2363矽統","110/08/05","美林",2987,3501,-514
"5863","2363矽統","110/08/05","國票-敦北法人",484,51,433
"5864","2363矽統","110/08/05","群益金鼎-館前",331,802,-471
"5865","2363矽統","110/08/05","陽信-石牌",624,204,420
"5866","2363矽統","110/08/05","永豐金-三重",138,571,-433
"5867","2363矽統","110/08/05","合庫證券",520,118,402
"5868","2363矽統","110/08/05","富邦-中壢",348,774,-426
"5869","2363矽統","110/08/05","元大-承德",385,70,315
"5870","2363矽統","110/08/05","北城證券",53,459,-406
"5871","2363矽統","110/08/05","新光",2366,2079,287
"5872","2363矽統","110/08/05","凱基-興隆",370,717,-347
"5873","2363矽統","110/08/05","元大證券",601,329,272
"5874","2363矽統","110/08/05","元大-屏南",132,464,-332
"5875","2363矽統","110/08/05","國泰-敦南",4481,4216,265
"5876","2363矽統","110/08/05","日盛-中和",208,531,-323
"5877","2363矽統","110/08/05","元大-台中",562,349,213
"5878","2363矽統","110/08/05","土銀",28,340,-312
"5879","2363矽統","110/08/05","富邦-台北",584,380,204
"5880","2363矽統","110/08/05","永豐金-嘉義",97,401,-304
"5881","8112至上","110/08/05","元大-竹科",858,64,794
"5882","8112至上","110/08/05","摩根大通",461,775,-314
"5883","8112至上","110/08/05","港商野村",937,361,576
"5884","8112至上","110/08/05","台灣摩根士丹利",16,272,-256
"5885","8112至上","110/08/05","康和",484,0,484
"5886","8112至上","110/08/05","高橋",3,183,-180
"5887","8112至上","110/08/05","新加坡商瑞銀",514,58,456
"5888","8112至上","110/08/05","合庫證券",19,162,-143
"5889","8112至上","110/08/05","元大-屏南",391,4,387
"5890","8112至上","110/08/05","元大-北屯",3,145,-142
"5891","8112至上","110/08/05","國票-長城",427,142,285
"5892","8112至上","110/08/05","元大-府城",14,154,-140
"5893","8112至上","110/08/05","元大-萬華",246,12,234
"5894","8112至上","110/08/05","群益金鼎-三重",0,138,-138
"5895","8112至上","110/08/05","台灣匯立證券",210,0,210
"5896","8112至上","110/08/05","富邦-台北",25,129,-104
"5897","8112至上","110/08/05","凱基-敦北",200,4,196
"5898","8112至上","110/08/05","元富-佳里",7,100,-93
"5899","8112至上","110/08/05","元大-北成功",205,17,188
"5900","8112至上","110/08/05","元富-台南",0,86,-86
"5901","8112至上","110/08/05","元大-高雄",146,14,132
"5902","8112至上","110/08/05","臺灣企銀-桃園",0,82,-82
"5903","8112至上","110/08/05","美商高盛",161,47,114
"5904","8112至上","110/08/05","玉山-嘉義",10,88,-78
"5905","8112至上","110/08/05","花旗環球",102,0,102
"5906","8112至上","110/08/05","凱基-復興",1,67,-66
"5907","8112至上","110/08/05","統一-士林",108,8,100
"5908","8112至上","110/08/05","富邦-中壢",23,89,-66
"5909","8112至上","110/08/05","新光",244,159,85
"5910","8112至上","110/08/05","元大-上新莊",1,67,-66
"5911","1570力肯","110/08/05","國票",352,0,352
"5912","1570力肯","110/08/05","國票-和平",7,402,-395
"5913","1570力肯","110/08/05","台新證券",211,87,124
"5914","1570力肯","110/08/05","摩根大通",46,335,-289
"5915","1570力肯","110/08/05","國泰-敦南",206,125,81
"5916","1570力肯","110/08/05","國票-北高雄",79,306,-227
"5917","1570力肯","110/08/05","聯邦商銀",75,0,75
"5918","1570力肯","110/08/05","統一",3,226,-223
"5919","1570力肯","110/08/05","元大-東泰",61,4,57
"5920","1570力肯","110/08/05","凱基-台北",184,366,-182
"5921","1570力肯","110/08/05","元大-桃興",113,66,47
"5922","1570力肯","110/08/05","統一-土城",89,161,-72
"5923","1570力肯","110/08/05","國泰-板橋",96,50,46
"5924","1570力肯","110/08/05","統一-屏東",0,64,-64
"5925","1570力肯","110/08/05","合庫-桃園",92,48,44
"5926","1570力肯","110/08/05","大昌-新店",9,61,-52
"5927","1570力肯","110/08/05","華南永昌-高雄",53,12,41
"5928","1570力肯","110/08/05","群益金鼎-忠孝",11,60,-49
"5929","1570力肯","110/08/05","國泰-高雄",50,14,36
"5930","1570力肯","110/08/05","臺銀-臺南",12,52,-40
"5931","1570力肯","110/08/05","國泰-台中",60,25,35
"5932","1570力肯","110/08/05","凱基-岡山",28,68,-40
"5933","1570力肯","110/08/05","富邦-仁愛",52,17,35
"5934","1570力肯","110/08/05","元大-蘆洲",8,44,-36
"5935","1570力肯","110/08/05","中國信託-忠孝",37,3,34
"5936","1570力肯","110/08/05","統一-仁愛",25,60,-35
"5937","1570力肯","110/08/05","元大-中壢",44,10,34
"5938","1570力肯","110/08/05","富邦-高雄",8,43,-35
"5939","1570力肯","110/08/05","日盛-新竹",30,0,30
"5940","1570力肯","110/08/05","大慶-蘆洲",110,142,-32
"5941","2929淘帝","110/08/05","國泰-松江",60,0,60
"5942","2929淘帝","110/08/05","摩根大通",4,87,-83
"5943","2929淘帝","110/08/05","美林",79,30,49
"5944","2929淘帝","110/08/05","日盛-南京",0,80,-80
"5945","2929淘帝","110/08/05","港商野村",87,45,42
"5946","2929淘帝","110/08/05","華南永昌-頭份",0,80,-80
"5947","2929淘帝","110/08/05","兆豐-忠孝",40,0,40
"5948","2929淘帝","110/08/05","日盛-雙和",2,57,-55
"5949","2929淘帝","110/08/05","新光-新竹",41,2,39
"5950","2929淘帝","110/08/05","台新-台中",2,33,-31
"5951","2929淘帝","110/08/05","元大-民生",31,0,31
"5952","2929淘帝","110/08/05","群益金鼎-新竹",0,30,-30
"5953","2929淘帝","110/08/05","元富-中港",28,0,28
"5954","2929淘帝","110/08/05","元大-北成功",0,30,-30
"5955","2929淘帝","110/08/05","凱基-台北",66,41,25
"5956","2929淘帝","110/08/05","元大-天母",5,30,-25
"5957","2929淘帝","110/08/05","富邦-新店",20,0,20
"5958","2929淘帝","110/08/05","元大-北港",0,25,-25
"5959","2929淘帝","110/08/05","康和-台中",15,0,15
"5960","2929淘帝","110/08/05","兆豐-彰化",0,24,-24
"5961","2929淘帝","110/08/05","華南永昌-古亭",15,0,15
"5962","2929淘帝","110/08/05","國泰-台中",1,25,-24
"5963","2929淘帝","110/08/05","日盛-景美",11,0,11
"5964","2929淘帝","110/08/05","華南永昌-大安",0,22,-22
"5965","2929淘帝","110/08/05","台新證券",11,0,11
"5966","2929淘帝","110/08/05","國泰-館前",10,31,-21
"5967","2929淘帝","110/08/05","凱基-三重",11,0,11
"5968","2929淘帝","110/08/05","元富-安南",0,20,-20
"5969","2929淘帝","110/08/05","華南永昌-竹北",11,0,11
"5970","2929淘帝","110/08/05","元大-屏南",10,30,-20
"5971","5410國眾","110/08/05","凱基-市政",40,0,40
"5972","5410國眾","110/08/05","元富-台南",0,27,-27
"5973","5410國眾","110/08/05","安泰",16,0,16
"5974","5410國眾","110/08/05","群益金鼎-內湖",0,16,-16
"5975","5410國眾","110/08/05","元大-善化",12,0,12
"5976","5410國眾","110/08/05","中農",0,15,-15
"5977","5410國眾","110/08/05","元富-同大",10,0,10
"5978","5410國眾","110/08/05","新光-台南",0,15,-15
"5979","5410國眾","110/08/05","中國信託-新竹",10,0,10
"5980","5410國眾","110/08/05","統一-平鎮",0,13,-13
"5981","5410國眾","110/08/05","元大-敦南",10,0,10
"5982","5410國眾","110/08/05","臺銀",0,11,-11
"5983","5410國眾","110/08/05","台灣企銀-太平",8,0,8
"5984","5410國眾","110/08/05","凱基-城中",0,10,-10
"5985","5410國眾","110/08/05","瑞士信貸",7,0,7
"5986","5410國眾","110/08/05","元大-崇德",0,10,-10
"5987","5410國眾","110/08/05","元富-烏日",6,0,6
"5988","5410國眾","110/08/05","元大-和平",0,10,-10
"5989","5410國眾","110/08/05","摩根大通",7,1,6
"5990","5410國眾","110/08/05","新光-台中",1,9,-8
"5991","5410國眾","110/08/05","元富-三重",11,6,5
"5992","5410國眾","110/08/05","富邦-板橋",0,6,-6
"5993","5410國眾","110/08/05","中國信託-忠孝",5,0,5
"5994","5410國眾","110/08/05","新百王",0,5,-5
"5995","5410國眾","110/08/05","凱基-復興",5,0,5
"5996","5410國眾","110/08/05","元大-大益",0,5,-5
"5997","5410國眾","110/08/05","永豐金-台中",4,0,4
"5998","5410國眾","110/08/05","永豐金-板橋",0,5,-5
"5999","5410國眾","110/08/05","元富-板橋",3,0,3
"6000","5410國眾","110/08/05","台新-中壢",0,4,-4
"6001","2841台開","110/08/05","日盛證券",201,0,201
"6002","2841台開","110/08/05","第一金-自由",0,272,-272
"6003","2841台開","110/08/05","永豐金-敦南",202,1,201
"6004","2841台開","110/08/05","瑞士信貸",0,149,-149
"6005","2841台開","110/08/05","元大-大天母",200,0,200
"6006","2841台開","110/08/05","玉山-新竹",0,131,-131
"6007","2841台開","110/08/05","永豐金-鳳山",100,0,100
"6008","2841台開","110/08/05","元富-板橋",0,125,-125
"6009","2841台開","110/08/05","台新-三民",100,1,99
"6010","2841台開","110/08/05","元大-台中中港",0,109,-109
"6011","2841台開","110/08/05","凱基-竹科",67,0,67
"6012","2841台開","110/08/05","兆豐-東門",0,100,-100
"6013","2841台開","110/08/05","國泰-敦南",44,5,39
"6014","2841台開","110/08/05","(牛牛牛)亞-鑫豐",0,97,-97
"6015","2841台開","110/08/05","元大-中壢",35,0,35
"6016","2841台開","110/08/05","元富-嘉義",0,50,-50
"6017","2841台開","110/08/05","國泰-忠孝",33,0,33
"6018","2841台開","110/08/05","新光",20,67,-47
"6019","2841台開","110/08/05","元大-新竹經國",30,0,30
"6020","2841台開","110/08/05","永豐金-豐原",3,50,-47
"6021","2841台開","110/08/05","日盛-內湖",24,0,24
"6022","2841台開","110/08/05","統一-士林",0,31,-31
"6023","2841台開","110/08/05","新光-高雄",21,0,21
"6024","2841台開","110/08/05","元大-龍潭",0,30,-30
"6025","2841台開","110/08/05","元大-林園",20,0,20
"6026","2841台開","110/08/05","新光-台南",0,27,-27
"6027","2841台開","110/08/05","元大-仁愛",20,0,20
"6028","2841台開","110/08/05","台新-台中",0,22,-22
"6029","2841台開","110/08/05","群益金鼎-崇德",18,0,18
"6030","2841台開","110/08/05","大昌-安康",0,20,-20
"6031","6207雷科","110/08/05","摩根大通",313,64,249
"6032","6207雷科","110/08/05","日盛-忠孝",2,93,-91
"6033","6207雷科","110/08/05","新加坡商瑞銀",141,6,135
"6034","6207雷科","110/08/05","凱基-復興",0,90,-90
"6035","6207雷科","110/08/05","凱基-台北",142,20,122
"6036","6207雷科","110/08/05","群益金鼎-敦南",0,67,-67
"6037","6207雷科","110/08/05","台新-高雄",111,0,111
"6038","6207雷科","110/08/05","元大-鳳山",11,73,-62
"6039","6207雷科","110/08/05","瑞士信貸",58,0,58
"6040","6207雷科","110/08/05","群益金鼎-東門",0,56,-56
"6041","6207雷科","110/08/05","美林",45,0,45
"6042","6207雷科","110/08/05","元富-同大",1,41,-40
"6043","6207雷科","110/08/05","凱基-板橋",46,1,45
"6044","6207雷科","110/08/05","群益金鼎-屏東",1,41,-40
"6045","6207雷科","110/08/05","美商高盛",37,0,37
"6046","6207雷科","110/08/05","群益金鼎-延平",0,40,-40
"6047","6207雷科","110/08/05","凱基-三多",30,0,30
"6048","6207雷科","110/08/05","群益金鼎-瑞豐",1,33,-32
"6049","6207雷科","110/08/05","永豐金-虎尾",29,0,29
"6050","6207雷科","110/08/05","日盛證券",0,30,-30
"6051","6207雷科","110/08/05","第一金-中山",21,1,20
"6052","6207雷科","110/08/05","臺銀",1,30,-29
"6053","6207雷科","110/08/05","華南永昌-林口",20,0,20
"6054","6207雷科","110/08/05","群益金鼎-古亭",0,26,-26
"6055","6207雷科","110/08/05","兆豐-公益",18,0,18
"6056","6207雷科","110/08/05","凱基-高雄",4,30,-26
"6057","6207雷科","110/08/05","港商野村",62,46,16
"6058","6207雷科","110/08/05","富邦-竹東",0,25,-25
"6059","6207雷科","110/08/05","華南永昌-南京",16,0,16
"6060","6207雷科","110/08/05","元大-台中中港",2,25,-23
"6061","3679新至陞","110/08/05","新光",13,0,13
"6062","3679新至陞","110/08/05","凱基-台北",1,13,-12
"6063","3679新至陞","110/08/05","華南永昌-麻豆",3,0,3
"6064","3679新至陞","110/08/05","台灣摩根士丹利",0,5,-5
"6065","3679新至陞","110/08/05","臺灣企銀-埔墘",2,0,2
"6066","3679新至陞","110/08/05","元大-成功",0,5,-5
"6067","3679新至陞","110/08/05","彰銀",2,0,2
"6068","3679新至陞","110/08/05","元大證券",0,3,-3
"6069","3679新至陞","110/08/05","永全-南崁",2,0,2
"6070","3679新至陞","110/08/05","新加坡商瑞銀",0,2,-2
"6071","3679新至陞","110/08/05","群益金鼎",2,0,2
"6072","3679新至陞","110/08/05","摩根大通",0,2,-2
"6073","3679新至陞","110/08/05","富邦-三重",2,0,2
"6074","3679新至陞","110/08/05","國泰-館前",0,2,-2
"6075","3679新至陞","110/08/05","永豐金-敦北",2,0,2
"6076","3679新至陞","110/08/05","凱基-東港",0,2,-2
"6077","3679新至陞","110/08/05","臺銀-新竹",1,0,1
"6078","3679新至陞","110/08/05","元大-竹北",0,2,-2
"6079","3679新至陞","110/08/05","第一金-新興",1,0,1
"6080","3679新至陞","110/08/05","日盛-嘉義",0,1,-1
"6081","3679新至陞","110/08/05","統一-宜蘭",1,0,1
"6082","3679新至陞","110/08/05","美商高盛",1,2,-1
"6083","3679新至陞","110/08/05","元富-同大",1,0,1
"6084","3679新至陞","110/08/05","港商野村",0,1,-1
"6085","3679新至陞","110/08/05","中國信託-新竹",1,0,1
"6086","3679新至陞","110/08/05","第一金-員林",0,1,-1
"6087","3679新至陞","110/08/05","兆豐-民生",1,0,1
"6088","3679新至陞","110/08/05","統一-中壢",0,1,-1
"6089","3679新至陞","110/08/05","國泰-新莊",1,0,1
"6090","3679新至陞","110/08/05","統一-新竹",0,1,-1
"6091","2727王品","110/08/05","港商野村",68,43,25
"6092","2727王品","110/08/05","元富-宜蘭",6,96,-90
"6093","2727王品","110/08/05","花旗環球",24,0,24
"6094","2727王品","110/08/05","凱基-市政",1,89,-88
"6095","2727王品","110/08/05","新光",42,19,23
"6096","2727王品","110/08/05","群益金鼎-宜蘭",4,89,-85
"6097","2727王品","110/08/05","永豐金-忠孝",21,0,21
"6098","2727王品","110/08/05","永豐金-大園",4,66,-62
"6099","2727王品","110/08/05","凱基-埔墘",15,0,15
"6100","2727王品","110/08/05","康和-澎湖",1,60,-59
"6101","2727王品","110/08/05","新光-桃園",17,3,14
"6102","2727王品","110/08/05","日盛-八德",1,33,-32
"6103","2727王品","110/08/05","日盛-忠孝",16,3,13
"6104","2727王品","110/08/05","元大-桃園",0,29,-29
"6105","2727王品","110/08/05","統一",28,15,13
"6106","2727王品","110/08/05","凱基-竹科",4,31,-27
"6107","2727王品","110/08/05","富邦-員林",15,2,13
"6108","2727王品","110/08/05","富邦-新店",2,29,-27
"6109","2727王品","110/08/05","永豐金-桃盛",16,3,13
"6110","2727王品","110/08/05","兆豐-小港",2,26,-24
"6111","2727王品","110/08/05","元富-屏東",12,0,12
"6112","2727王品","110/08/05","華南永昌",6,25,-19
"6113","2727王品","110/08/05","凱基-台北",52,40,12
"6114","2727王品","110/08/05","台灣摩根士丹利",15,32,-17
"6115","2727王品","110/08/05","永豐金-彰化",12,0,12
"6116","2727王品","110/08/05","凱基-天母",0,15,-15
"6117","2727王品","110/08/05","美林",11,0,11
"6118","2727王品","110/08/05","富邦證券",0,15,-15
"6119","2727王品","110/08/05","群益金鼎-崇德",10,0,10
"6120","2727王品","110/08/05","永豐金證券",1,13,-12
"6121","1570力肯","110/08/05","國票",352,0,352
"6122","1570力肯","110/08/05","國票-和平",7,402,-395
"6123","1570力肯","110/08/05","台新證券",211,87,124
"6124","1570力肯","110/08/05","摩根大通",46,335,-289
"6125","1570力肯","110/08/05","國泰-敦南",206,125,81
"6126","1570力肯","110/08/05","國票-北高雄",79,306,-227
"6127","1570力肯","110/08/05","聯邦商銀",75,0,75
"6128","1570力肯","110/08/05","統一",3,226,-223
"6129","1570力肯","110/08/05","元大-東泰",61,4,57
"6130","1570力肯","110/08/05","凱基-台北",184,366,-182
"6131","1570力肯","110/08/05","元大-桃興",113,66,47
"6132","1570力肯","110/08/05","統一-土城",89,161,-72
"6133","1570力肯","110/08/05","國泰-板橋",96,50,46
"6134","1570力肯","110/08/05","統一-屏東",0,64,-64
"6135","1570力肯","110/08/05","合庫-桃園",92,48,44
"6136","1570力肯","110/08/05","大昌-新店",9,61,-52
"6137","1570力肯","110/08/05","華南永昌-高雄",53,12,41
"6138","1570力肯","110/08/05","群益金鼎-忠孝",11,60,-49
"6139","1570力肯","110/08/05","國泰-高雄",50,14,36
"6140","1570力肯","110/08/05","臺銀-臺南",12,52,-40
"6141","1570力肯","110/08/05","國泰-台中",60,25,35
"6142","1570力肯","110/08/05","凱基-岡山",28,68,-40
"6143","1570力肯","110/08/05","富邦-仁愛",52,17,35
"6144","1570力肯","110/08/05","元大-蘆洲",8,44,-36
"6145","1570力肯","110/08/05","中國信託-忠孝",37,3,34
"6146","1570力肯","110/08/05","統一-仁愛",25,60,-35
"6147","1570力肯","110/08/05","元大-中壢",44,10,34
"6148","1570力肯","110/08/05","富邦-高雄",8,43,-35
"6149","1570力肯","110/08/05","日盛-新竹",30,0,30
"6150","1570力肯","110/08/05","大慶-蘆洲",110,142,-32
"6151","6180橘子","110/08/05","永豐金-松山",51,0,51
"6152","6180橘子","110/08/05","凱基-板橋",0,80,-80
"6153","6180橘子","110/08/05","新光",40,2,38
"6154","6180橘子","110/08/05","康和-高雄",0,40,-40
"6155","6180橘子","110/08/05","兆豐證券",33,0,33
"6156","6180橘子","110/08/05","合庫-鳳山",0,32,-32
"6157","6180橘子","110/08/05","中國信託-文心",15,0,15
"6158","6180橘子","110/08/05","日盛-頭份",1,24,-23
"6159","6180橘子","110/08/05","富邦-陽明",15,0,15
"6160","6180橘子","110/08/05","兆豐-新營",0,22,-22
"6161","6180橘子","110/08/05","元大-龍潭",11,0,11
"6162","6180橘子","110/08/05","元大-福營",0,20,-20
"6163","6180橘子","110/08/05","日盛-新竹",10,0,10
"6164","6180橘子","110/08/05","新加坡商瑞銀",0,19,-19
"6165","6180橘子","110/08/05","凱基-汐止",10,0,10
"6166","6180橘子","110/08/05","永豐金-新竹",0,17,-17
"6167","6180橘子","110/08/05","元大-中壢",10,1,9
"6168","6180橘子","110/08/05","第一金-新興",1,16,-15
"6169","6180橘子","110/08/05","元富-潮州",8,0,8
"6170","6180橘子","110/08/05","凱基-中壢",0,12,-12
"6171","6180橘子","110/08/05","大慶",7,0,7
"6172","6180橘子","110/08/05","光和",0,10,-10
"6173","6180橘子","110/08/05","台新證券",7,0,7
"6174","6180橘子","110/08/05","統一-中壢",0,9,-9
"6175","6180橘子","110/08/05","聯邦-雙和",7,0,7
"6176","6180橘子","110/08/05","富邦-基隆",0,9,-9
"6177","6180橘子","110/08/05","元大證券",7,0,7
"6178","6180橘子","110/08/05","台灣摩根士丹利",0,8,-8
"6179","6180橘子","110/08/05","國泰-新莊",6,0,6
"6180","6180橘子","110/08/05","康和-仁愛",0,8,-8
"6181","2390云辰","110/08/05","日盛證券",100,0,100
"6182","2390云辰","110/08/05","摩根大通",45,525,-480
"6183","2390云辰","110/08/05","兆豐-岡山",63,0,63
"6184","2390云辰","110/08/05","統一-新台中",62,177,-115
"6185","2390云辰","110/08/05","凱基-基隆",65,10,55
"6186","2390云辰","110/08/05","富邦-中壢",0,81,-81
"6187","2390云辰","110/08/05","凱基-中壢",52,3,49
"6188","2390云辰","110/08/05","元大-大甲",3,73,-70
"6189","2390云辰","110/08/05","台新-左楠",30,0,30
"6190","2390云辰","110/08/05","元大-樹林",16,53,-37
"6191","2390云辰","110/08/05","富邦-台北",33,6,27
"6192","2390云辰","110/08/05","元富-大裕",17,46,-29
"6193","2390云辰","110/08/05","統一-中壢",27,1,26
"6194","2390云辰","110/08/05","凱基-台中",1,30,-29
"6195","2390云辰","110/08/05","元大-和平",47,22,25
"6196","2390云辰","110/08/05","大慶-蘆洲",2,30,-28
"6197","2390云辰","110/08/05","統一-士林",26,2,24
"6198","2390云辰","110/08/05","元大-大統",3,31,-28
"6199","2390云辰","110/08/05","富邦-新營",23,0,23
"6200","2390云辰","110/08/05","臺銀-金山",1,27,-26
"6201","2390云辰","110/08/05","元大-景美",22,1,21
"6202","2390云辰","110/08/05","國泰-台中",0,23,-23
"6203","2390云辰","110/08/05","合庫-嘉義",20,0,20
"6204","2390云辰","110/08/05","富邦-岡山",0,23,-23
"6205","2390云辰","110/08/05","台灣企銀-嘉義",20,0,20
"6206","2390云辰","110/08/05","元大-土城學府",24,47,-23
"6207","2390云辰","110/08/05","日盛-板橋",21,1,20
"6208","2390云辰","110/08/05","台新-台中",28,50,-22
"6209","2390云辰","110/08/05","凱基-竹科",28,8,20
"6210","2390云辰","110/08/05","群益金鼎-鳳山",0,21,-21
"6211","1471首利","110/08/04","玉山-桃園",51,0,51
"6212","1471首利","110/08/04","國票-九鼎",0,60,-60
"6213","1471首利","110/08/04","華南永昌-潮州",50,1,49
"6214","1471首利","110/08/04","日盛-士林",0,20,-20
"6215","1471首利","110/08/04","瑞士信貸",33,3,30
"6216","1471首利","110/08/04","元大-博愛",4,24,-20
"6217","1471首利","110/08/04","兆豐-板橋",20,0,20
"6218","1471首利","110/08/04","群益金鼎-台中",1,20,-19
"6219","1471首利","110/08/04","兆豐-台中港",30,13,17
"6220","1471首利","110/08/04","國泰-高雄",0,16,-16
"6221","1471首利","110/08/04","富邦-基隆",16,0,16
"6222","1471首利","110/08/04","元大-台南",1,17,-16
"6223","1471首利","110/08/04","美林",15,0,15
"6224","1471首利","110/08/04","國泰-敦南",18,32,-14
"6225","1471首利","110/08/04","永豐金-員林",12,0,12
"6226","1471首利","110/08/04","新光",21,33,-12
"6227","1471首利","110/08/04","第一金-台南",11,0,11
"6228","1471首利","110/08/04","凱基-土城",0,12,-12
"6229","1471首利","110/08/04","德信-中正",12,1,11
"6230","1471首利","110/08/04","合庫-高雄",0,10,-10
"6231","1471首利","110/08/04","合庫-台中",10,0,10
"6232","1471首利","110/08/04","元富-宜蘭",0,10,-10
"6233","1471首利","110/08/04","國泰-新莊",10,0,10
"6234","1471首利","110/08/04","國泰-板橋",0,10,-10
"6235","1471首利","110/08/04","富邦-桃園",10,0,10
"6236","1471首利","110/08/04","群益金鼎-鳳山",0,10,-10
"6237","1471首利","110/08/04","元大-苗栗",10,0,10
"6238","1471首利","110/08/04","元大-東泰",0,10,-10
"6239","1471首利","110/08/04","玉山-左營",10,1,9
"6240","1471首利","110/08/04","元大-林園",0,10,-10
"6241","2883開發金","110/08/04","國泰證券",3650,0,3650
"6242","2883開發金","110/08/04","康和-仁愛",3,1737,-1734
"6243","2883開發金","110/08/04","統一",2763,29,2734
"6244","2883開發金","110/08/04","新加坡商瑞銀",356,1472,-1116
"6245","2883開發金","110/08/04","凱基-台北",2041,429,1612
"6246","2883開發金","110/08/04","豐農",5,1025,-1020
"6247","2883開發金","110/08/04","元富-城東",1602,26,1576
"6248","2883開發金","110/08/04","富邦-建國",271,1004,-733
"6249","2883開發金","110/08/04","元富",1190,0,1190
"6250","2883開發金","110/08/04","元大-北成功",6,608,-602
"6251","2883開發金","110/08/04","美商高盛",1033,355,678
"6252","2883開發金","110/08/04","台灣摩根士丹利",573,1019,-446
"6253","2883開發金","110/08/04","康和",661,6,655
"6254","2883開發金","110/08/04","台新-中壢",2,431,-429
"6255","2883開發金","110/08/04","國票-長城",504,8,496
"6256","2883開發金","110/08/04","凱基-和平",1,400,-399
"6257","2883開發金","110/08/04","元大-大灣",734,304,430
"6258","2883開發金","110/08/04","元大-蘆洲",7,370,-363
"6259","2883開發金","110/08/04","永豐金-板橋",500,100,400
"6260","2883開發金","110/08/04","元大-民生",10,370,-360
"6261","2883開發金","110/08/04","永豐金-台南",389,11,378
"6262","2883開發金","110/08/04","中國信託-中壢",1,321,-320
"6263","2883開發金","110/08/04","日盛證券",608,255,353
"6264","2883開發金","110/08/04","港商法國興業",0,291,-291
"6265","2883開發金","110/08/04","花旗環球",343,0,343
"6266","2883開發金","110/08/04","日盛-北高雄",20,309,-289
"6267","2883開發金","110/08/04","瑞士信貸",462,121,341
"6268","2883開發金","110/08/04","日盛-花蓮",11,250,-239
"6269","2883開發金","110/08/04","凱基",320,0,320
"6270","2883開發金","110/08/04","群益金鼎-東湖",10,243,-233
"6271","6205詮欣","110/08/04","摩根大通",18,0,18
"6272","6205詮欣","110/08/04","永豐金-敦南",16,36,-20
"6273","6205詮欣","110/08/04","臺銀-民權",5,0,5
"6274","6205詮欣","110/08/04","瑞士信貸",6,10,-4
"6275","6205詮欣","110/08/04","凱基-台北",4,0,4
"6276","6205詮欣","110/08/04","致和-高雄",0,4,-4
"6277","6205詮欣","110/08/04","元富-潮州",3,0,3
"6278","6205詮欣","110/08/04","群益金鼎-台南",0,3,-3
"6279","6205詮欣","110/08/04","台中銀",3,0,3
"6280","6205詮欣","110/08/04","元大-路竹",0,3,-3
"6281","6205詮欣","110/08/04","華南永昌",3,0,3
"6282","6205詮欣","110/08/04","元大-北成功",0,3,-3
"6283","6205詮欣","110/08/04","美林",2,0,2
"6284","6205詮欣","110/08/04","凱基-東門",0,2,-2
"6285","6205詮欣","110/08/04","元富-新店",2,0,2
"6286","6205詮欣","110/08/04","凱基-基隆",0,2,-2
"6287","6205詮欣","110/08/04","元大-羅東",2,0,2
"6288","6205詮欣","110/08/04","凱基-大安",0,2,-2
"6289","6205詮欣","110/08/04","元大-館前",2,0,2
"6290","6205詮欣","110/08/04","元大-土城學府",0,2,-2
"6291","6205詮欣","110/08/04","元大-楊梅",2,0,2
"6292","6205詮欣","110/08/04","元大-民生",0,2,-2
"6293","6205詮欣","110/08/04","元大-信義",2,0,2
"6294","6205詮欣","110/08/04","日盛-八德",0,1,-1
"6295","6205詮欣","110/08/04","永豐金-埔里",2,0,2
"6296","6205詮欣","110/08/04","宏遠-高雄",0,1,-1
"6297","6205詮欣","110/08/04","日盛-板橋",1,0,1
"6298","6205詮欣","110/08/04","新加坡商瑞銀",0,1,-1
"6299","6205詮欣","110/08/04","日盛-木柵",1,0,1
"6300","6205詮欣","110/08/04","第一金-華江",0,1,-1
"6301","1540喬福","110/08/04","元富-中原",58,0,58
"6302","1540喬福","110/08/04","元大-大天母",0,60,-60
"6303","1540喬福","110/08/04","(牛牛牛)亞-鑫豐",26,0,26
"6304","1540喬福","110/08/04","統一-新台中",0,18,-18
"6305","1540喬福","110/08/04","國泰-敦南",10,0,10
"6306","1540喬福","110/08/04","群益金鼎-士林",0,7,-7
"6307","1540喬福","110/08/04","富邦-南屯",10,0,10
"6308","1540喬福","110/08/04","兆豐-北高雄",0,6,-6
"6309","1540喬福","110/08/04","兆豐-鹿港",3,0,3
"6310","1540喬福","110/08/04","凱基-市政",0,5,-5
"6311","1540喬福","110/08/04","元大-土城永寧",2,0,2
"6312","1540喬福","110/08/04","亞東-高雄",0,4,-4
"6313","1540喬福","110/08/04","第一金-桃園",1,0,1
"6314","1540喬福","110/08/04","永豐金-大園",0,4,-4
"6315","1540喬福","110/08/04","兆豐-高雄",1,0,1
"6316","1540喬福","110/08/04","永豐金-豐原",0,2,-2
"6317","1540喬福","110/08/04","元大-苑裡",1,0,1
"6318","1540喬福","110/08/04","兆豐-三重",0,1,-1
"6319","1540喬福","110/08/04","臺銀-鳳山",0,0,0
"6320","1540喬福","110/08/04","致和-南京",0,1,-1
"6321","1540喬福","110/08/04","大慶",0,0,0
"6322","1540喬福","110/08/04","國票-嘉義",0,1,-1
"6323","1540喬福","110/08/04","元富-信義",0,0,0
"6324","1540喬福","110/08/04","兆豐-嘉義",0,1,-1
"6325","1540喬福","110/08/04","德信-新營",1,1,0
"6326","1540喬福","110/08/04","華南永昌-林口",0,1,-1
"6327","1540喬福","110/08/04","國票-台中",1,1,0
"6328","1540喬福","110/08/04","華南永昌-潮州",0,1,-1
"6329","1540喬福","110/08/04","康和-板橋",0,0,0
"6330","1540喬福","110/08/04","國票-台中",1,1,0
"6331","2888新光金","110/08/04","港商麥格理",2490,0,2490
"6332","2888新光金","110/08/04","永豐金-苓雅",2,1543,-1541
"6333","2888新光金","110/08/04","凱基-八德",1000,1,999
"6334","2888新光金","110/08/04","美商高盛",196,1441,-1245
"6335","2888新光金","110/08/04","新光",1122,247,875
"6336","2888新光金","110/08/04","台灣摩根士丹利",724,1776,-1052
"6337","2888新光金","110/08/04","國票-桃園",1200,402,798
"6338","2888新光金","110/08/04","摩根大通",616,1665,-1049
"6339","2888新光金","110/08/04","華南永昌-南京",759,36,723
"6340","2888新光金","110/08/04","康和-台中",0,680,-680
"6341","2888新光金","110/08/04","港商法國興業",568,0,568
"6342","2888新光金","110/08/04","群益金鼎-高雄",0,533,-533
"6343","2888新光金","110/08/04","花旗環球",559,0,559
"6344","2888新光金","110/08/04","亞東",34,531,-497
"6345","2888新光金","110/08/04","法銀巴黎",801,242,559
"6346","2888新光金","110/08/04","群益金鼎-土城",25,464,-439
"6347","2888新光金","110/08/04","凱基-台北",889,355,534
"6348","2888新光金","110/08/04","國票-北高雄",2,425,-423
"6349","2888新光金","110/08/04","統一-松江",500,0,500
"6350","2888新光金","110/08/04","凱基-台南",0,400,-400
"6351","2888新光金","110/08/04","華南永昌-長虹",345,0,345
"6352","2888新光金","110/08/04","新加坡商瑞銀",128,486,-358
"6353","2888新光金","110/08/04","美林",884,551,333
"6354","2888新光金","110/08/04","統一-屏東",0,344,-344
"6355","2888新光金","110/08/04","群益金鼎-中壢",301,3,298
"6356","2888新光金","110/08/04","統一-宜蘭",8,326,-318
"6357","2888新光金","110/08/04","群益金鼎",278,0,278
"6358","2888新光金","110/08/04","群益金鼎-萬華",0,284,-284
"6359","2888新光金","110/08/04","元大-北投",249,5,244
"6360","2888新光金","110/08/04","富邦-仁愛",10,276,-266
"6361","1340勝悅","110/08/04","第一金-新竹",10,0,10
"6362","1340勝悅","110/08/04","中國信託",0,23,-23
"6363","1340勝悅","110/08/04","凱基-虎尾",8,0,8
"6364","1340勝悅","110/08/04","永豐金-潮州",0,19,-19
"6365","1340勝悅","110/08/04","凱基-台中",6,0,6
"6366","1340勝悅","110/08/04","元富-花蓮",0,10,-10
"6367","1340勝悅","110/08/04","臺灣企銀-埔墘",5,0,5
"6368","1340勝悅","110/08/04","中國信託-永康",0,10,-10
"6369","1340勝悅","110/08/04","第一金",5,0,5
"6370","1340勝悅","110/08/04","第一金-中壢",0,7,-7
"6371","1340勝悅","110/08/04","凱基-八德",5,0,5
"6372","1340勝悅","110/08/04","高橋-中壢",0,5,-5
"6373","1340勝悅","110/08/04","永豐金-博愛",5,0,5
"6374","1340勝悅","110/08/04","富邦-新店",0,5,-5
"6375","1340勝悅","110/08/04","摩根大通",6,2,4
"6376","1340勝悅","110/08/04","台新-高雄",0,4,-4
"6377","1340勝悅","110/08/04","凱基-三重",4,0,4
"6378","1340勝悅","110/08/04","新光",0,4,-4
"6379","1340勝悅","110/08/04","統一-城中",7,4,3
"6380","1340勝悅","110/08/04","兆豐-松德",0,2,-2
"6381","1340勝悅","110/08/04","群益金鼎-館前",3,0,3
"6382","1340勝悅","110/08/04","凱基-嘉義",0,2,-2
"6383","1340勝悅","110/08/04","元大-南京",3,0,3
"6384","1340勝悅","110/08/04","富邦-宜蘭",0,2,-2
"6385","1340勝悅","110/08/04","瑞士信貸",2,0,2
"6386","1340勝悅","110/08/04","永豐金-永康",0,2,-2
"6387","1340勝悅","110/08/04","大慶-富順",2,0,2
"6388","1340勝悅","110/08/04","永豐金-嘉義",0,2,-2
"6389","1340勝悅","110/08/04","國泰-高雄",2,0,2
"6390","1340勝悅","110/08/04","玉山證券",0,1,-1
"6391","6246臺龍","110/08/04","統一",347,0,347
"6392","6246臺龍","110/08/04","大慶-富順",0,168,-168
"6393","6246臺龍","110/08/04","元大-西螺",30,0,30
"6394","6246臺龍","110/08/04","元大-善化",1,91,-90
"6395","6246臺龍","110/08/04","華南永昌-嘉義",26,0,26
"6396","6246臺龍","110/08/04","新光-高雄",2,75,-73
"6397","6246臺龍","110/08/04","中國信託-永康",31,9,22
"6398","6246臺龍","110/08/04","元大-永春",1,40,-39
"6399","6246臺龍","110/08/04","元大-西屯",25,4,21
"6400","6246臺龍","110/08/04","元大-基隆孝二",1,35,-34
"6401","6246臺龍","110/08/04","凱基-竹科",23,3,20
"6402","6246臺龍","110/08/04","凱基-復興",10,43,-33
"6403","6246臺龍","110/08/04","凱基-大直",19,0,19
"6404","6246臺龍","110/08/04","國泰-台中",3,34,-31
"6405","6246臺龍","110/08/04","第一金-台南",18,0,18
"6406","6246臺龍","110/08/04","統一-屏東",0,26,-26
"6407","6246臺龍","110/08/04","萬泰",15,0,15
"6408","6246臺龍","110/08/04","台灣企銀-台南",1,25,-24
"6409","6246臺龍","110/08/04","華南永昌-台中",15,0,15
"6410","6246臺龍","110/08/04","宏遠-民生",0,22,-22
"6411","6246臺龍","110/08/04","凱基-板橋",13,0,13
"6412","6246臺龍","110/08/04","兆豐-來福",0,20,-20
"6413","6246臺龍","110/08/04","宏遠-高雄",12,0,12
"6414","6246臺龍","110/08/04","永豐金-市政",0,17,-17
"6415","6246臺龍","110/08/04","新光-台中",11,0,11
"6416","6246臺龍","110/08/04","台新-台中",5,21,-16
"6417","6246臺龍","110/08/04","玉山證券",13,2,11
"6418","6246臺龍","110/08/04","華南永昌-彰化",1,16,-15
"6419","6246臺龍","110/08/04","永豐金-高雄",12,1,11
"6420","6246臺龍","110/08/04","元大-博愛",13,28,-15
"6421","00715L期街口布蘭特正2","110/08/04","宏遠-高雄",1056,0,1056
"6422","00715L期街口布蘭特正2","110/08/04","元大證券",1348,7345,-5997
"6423","00715L期街口布蘭特正2","110/08/04","凱基-豐中",576,0,576
"6424","00715L期街口布蘭特正2","110/08/04","凱基-台北",37,5749,-5712
"6425","00715L期街口布蘭特正2","110/08/04","富邦-基隆",467,0,467
"6426","00715L期街口布蘭特正2","110/08/04","富邦證券",253,2075,-1822
"6427","00715L期街口布蘭特正2","110/08/04","國泰-板橋",470,30,440
"6428","00715L期街口布蘭特正2","110/08/04","第一金-頭份",11,400,-389
"6429","00715L期街口布蘭特正2","110/08/04","統一-高雄",358,3,355
"6430","00715L期街口布蘭特正2","110/08/04","富邦-永和",4,376,-372
"6431","00715L期街口布蘭特正2","110/08/04","中國信託-永康",219,1,218
"6432","00715L期街口布蘭特正2","110/08/04","永豐金-新店",0,370,-370
"6433","00715L期街口布蘭特正2","110/08/04","元大-中和",217,0,217
"6434","00715L期街口布蘭特正2","110/08/04","元富",53,412,-359
"6435","00715L期街口布蘭特正2","110/08/04","日盛-花蓮",201,1,200
"6436","00715L期街口布蘭特正2","110/08/04","臺銀-民權",15,366,-351
"6437","00715L期街口布蘭特正2","110/08/04","元大-中壢",201,12,189
"6438","00715L期街口布蘭特正2","110/08/04","兆豐-新莊",0,300,-300
"6439","00715L期街口布蘭特正2","110/08/04","宏遠-桃園",190,2,188
"6440","00715L期街口布蘭特正2","110/08/04","大昌-新店",17,300,-283
"6441","00715L期街口布蘭特正2","110/08/04","玉山-大里",182,0,182
"6442","00715L期街口布蘭特正2","110/08/04","元大-西螺",87,303,-216
"6443","00715L期街口布蘭特正2","110/08/04","新光",258,80,178
"6444","00715L期街口布蘭特正2","110/08/04","華南永昌-高雄",7,206,-199
"6445","00715L期街口布蘭特正2","110/08/04","元大-花蓮",178,0,178
"6446","00715L期街口布蘭特正2","110/08/04","國票-台中",8,200,-192
"6447","00715L期街口布蘭特正2","110/08/04","新光-台中",242,68,174
"6448","00715L期街口布蘭特正2","110/08/04","群益金鼎-鳳山",12,174,-162
"6449","00715L期街口布蘭特正2","110/08/04","(牛牛牛)亞-網路",166,0,166
"6450","00715L期街口布蘭特正2","110/08/04","國泰-台南",8,150,-142
"6451","8941關中","110/08/04","宏遠-館前",3,0,3
"6452","8941關中","110/08/04","元大-基隆",0,3,-3
"6453","8941關中","110/08/04","日盛-和美",1,0,1
"6454","8941關中","110/08/04","富邦-員林",0,2,-2
"6455","8941關中","110/08/04","元大-華山",1,0,1
"6456","8941關中","110/08/04","新光-高雄",0,0,0
"6457","8941關中","110/08/04","新光-高雄",0,0,0
"6458","8941關中","110/08/04","國泰-高雄",0,0,0
"6459","8941關中","110/08/04","國泰-高雄",0,0,0
"6460","8941關中","110/08/04","富邦-建國",0,0,0
"6461","8941關中","110/08/04","富邦-建國",0,0,0
"6462","8941關中","110/08/04","元大-西屯",0,0,0
"6463","8941關中","110/08/04","元大-西屯",0,0,0
"6464","8941關中","110/08/04","元大-花蓮",0,0,0
"6465","8941關中","110/08/04","元大-花蓮",0,0,0
"6466","8941關中","110/08/04","永豐金-萬盛",0,0,0
"6467","8941關中","110/08/04","永豐金-萬盛",0,0,0
"6468","8941關中","110/08/04","",NA,NA,NA
"6469","8941關中","110/08/04","",NA,NA,NA
"6470","8941關中","110/08/04","",NA,NA,NA
"6471","8941關中","110/08/04","",NA,NA,NA
"6472","8941關中","110/08/04","",NA,NA,NA
"6473","8941關中","110/08/04","",NA,NA,NA
"6474","8941關中","110/08/04","",NA,NA,NA
"6475","8941關中","110/08/04","",NA,NA,NA
"6476","8941關中","110/08/04","",NA,NA,NA
"6477","8941關中","110/08/04","",NA,NA,NA
"6478","8941關中","110/08/04","",NA,NA,NA
"6479","8941關中","110/08/04","",NA,NA,NA
"6480","8941關中","110/08/04","",NA,NA,NA
"6481","8936國統","110/08/04","第一金-光復",120,0,120
"6482","8936國統","110/08/04","兆豐-彰化",0,61,-61
"6483","8936國統","110/08/04","美林",99,3,96
"6484","8936國統","110/08/04","凱基-台北",4,56,-52
"6485","8936國統","110/08/04","華南永昌-楠梓",70,5,65
"6486","8936國統","110/08/04","凱基-內埔",0,50,-50
"6487","8936國統","110/08/04","永豐金-高雄",62,0,62
"6488","8936國統","110/08/04","台灣摩根士丹利",0,42,-42
"6489","8936國統","110/08/04","國票-台南",60,0,60
"6490","8936國統","110/08/04","永豐金-苓雅",1,40,-39
"6491","8936國統","110/08/04","永豐金-台中",30,0,30
"6492","8936國統","110/08/04","群益金鼎-內湖",0,30,-30
"6493","8936國統","110/08/04","第一金-豐原",20,0,20
"6494","8936國統","110/08/04","國票-北高雄",0,20,-20
"6495","8936國統","110/08/04","玉山-高雄",13,0,13
"6496","8936國統","110/08/04","宏遠-館前",0,19,-19
"6497","8936國統","110/08/04","元大-莒光",11,0,11
"6498","8936國統","110/08/04","美商高盛",3,22,-19
"6499","8936國統","110/08/04","亞東-高雄",10,0,10
"6500","8936國統","110/08/04","元大-大里德芳",4,21,-17
"6501","8936國統","110/08/04","第一金-路竹",10,0,10
"6502","8936國統","110/08/04","第一金-高雄",0,14,-14
"6503","8936國統","110/08/04","新光-台中",8,1,7
"6504","8936國統","110/08/04","日盛-竹北",0,12,-12
"6505","8936國統","110/08/04","統一-三多",5,0,5
"6506","8936國統","110/08/04","亞東",0,12,-12
"6507","8936國統","110/08/04","國票-內壢",5,0,5
"6508","8936國統","110/08/04","摩根大通",32,44,-12
"6509","8936國統","110/08/04","新光",10,5,5
"6510","8936國統","110/08/04","第一金-嘉義",0,10,-10
"6511","6226光鼎","110/08/04","富邦-嘉義",1247,573,674
"6512","6226光鼎","110/08/04","國泰-敦南",89,234,-145
"6513","6226光鼎","110/08/04","永豐金-桃盛",205,0,205
"6514","6226光鼎","110/08/04","日盛-嘉義",0,131,-131
"6515","6226光鼎","110/08/04","台新-左楠",120,1,119
"6516","6226光鼎","110/08/04","群益金鼎-東大",35,150,-115
"6517","6226光鼎","110/08/04","群益金鼎-敦南",127,8,119
"6518","6226光鼎","110/08/04","台中銀-員林",0,101,-101
"6519","6226光鼎","110/08/04","台灣摩根士丹利",135,55,80
"6520","6226光鼎","110/08/04","玉山-雙和",2,97,-95
"6521","6226光鼎","110/08/04","華南永昌-南京",89,14,75
"6522","6226光鼎","110/08/04","台新證券",76,167,-91
"6523","6226光鼎","110/08/04","台新-台中",101,32,69
"6524","6226光鼎","110/08/04","華南永昌-頭份",7,86,-79
"6525","6226光鼎","110/08/04","宏遠-台中",60,3,57
"6526","6226光鼎","110/08/04","高橋",0,70,-70
"6527","6226光鼎","110/08/04","大昌",79,26,53
"6528","6226光鼎","110/08/04","國泰-館前",18,62,-44
"6529","6226光鼎","110/08/04","台新-新莊",54,2,52
"6530","6226光鼎","110/08/04","凱基-永和",0,43,-43
"6531","6226光鼎","110/08/04","群益金鼎-三民",51,3,48
"6532","6226光鼎","110/08/04","日盛-景美",0,38,-38
"6533","6226光鼎","110/08/04","中國信託-永康",62,18,44
"6534","6226光鼎","110/08/04","華南永昌-高雄",9,47,-38
"6535","6226光鼎","110/08/04","國票-台中",45,2,43
"6536","6226光鼎","110/08/04","元大-太平",6,44,-38
"6537","6226光鼎","110/08/04","統一-士林",44,4,40
"6538","6226光鼎","110/08/04","元大-北投",0,37,-37
"6539","6226光鼎","110/08/04","統一-仁愛",51,14,37
"6540","6226光鼎","110/08/04","元大-板橋",0,37,-37
"6541","2363矽統","110/08/04","富邦-中壢",628,138,490
"6542","2363矽統","110/08/04","新加坡商瑞銀",986,2541,-1555
"6543","2363矽統","110/08/04","凱基-台北",7207,6730,477
"6544","2363矽統","110/08/04","台灣摩根士丹利",158,1373,-1215
"6545","2363矽統","110/08/04","元大-承德",449,81,368
"6546","2363矽統","110/08/04","摩根大通",2506,3701,-1195
"6547","2363矽統","110/08/04","群益金鼎-高雄",438,99,339
"6548","2363矽統","110/08/04","日盛-文化",121,1226,-1105
"6549","2363矽統","110/08/04","元富-嘉義",383,57,326
"6550","2363矽統","110/08/04","美林",2013,2637,-624
"6551","2363矽統","110/08/04","元大-旗山",446,147,299
"6552","2363矽統","110/08/04","凱基-新莊",44,445,-401
"6553","2363矽統","110/08/04","大慶-台中",304,14,290
"6554","2363矽統","110/08/04","台新-松江",60,449,-389
"6555","2363矽統","110/08/04","國票-博愛",425,150,275
"6556","2363矽統","110/08/04","統一-士林",649,1031,-382
"6557","2363矽統","110/08/04","台新-台南",494,230,264
"6558","2363矽統","110/08/04","新光",1494,1876,-382
"6559","2363矽統","110/08/04","群益金鼎-內湖",393,135,258
"6560","2363矽統","110/08/04","華南永昌",691,1068,-377
"6561","2363矽統","110/08/04","群益金鼎-桃園",295,68,227
"6562","2363矽統","110/08/04","富邦-彰化",122,486,-364
"6563","2363矽統","110/08/04","永豐金-羅東",397,182,215
"6564","2363矽統","110/08/04","凱基-永和",198,478,-280
"6565","2363矽統","110/08/04","元大-永春",347,142,205
"6566","2363矽統","110/08/04","富邦-嘉義",1358,1619,-261
"6567","2363矽統","110/08/04","台新-屏東",466,275,191
"6568","2363矽統","110/08/04","元大-前金",175,419,-244
"6569","2363矽統","110/08/04","元大-萬華",286,96,190
"6570","2363矽統","110/08/04","凱基-大直",681,912,-231
"6571","8112至上","110/08/04","台灣匯立證券",138,0,138
"6572","8112至上","110/08/04","日盛-高雄",1,355,-354
"6573","8112至上","110/08/04","元富-新興",94,8,86
"6574","8112至上","110/08/04","玉山-士林",0,150,-150
"6575","8112至上","110/08/04","合庫-西台中",55,7,48
"6576","8112至上","110/08/04","台灣摩根士丹利",20,143,-123
"6577","8112至上","110/08/04","摩根大通",145,97,48
"6578","8112至上","110/08/04","元富-大昌",0,120,-120
"6579","8112至上","110/08/04","台新證券",48,1,47
"6580","8112至上","110/08/04","華南永昌-林口",1,90,-89
"6581","8112至上","110/08/04","第一金-高雄",40,0,40
"6582","8112至上","110/08/04","元大-北屯",1,70,-69
"6583","8112至上","110/08/04","群益金鼎-大安",40,0,40
"6584","8112至上","110/08/04","凱基-台北",140,206,-66
"6585","8112至上","110/08/04","日盛-新竹",60,26,34
"6586","8112至上","110/08/04","新加坡商瑞銀",16,68,-52
"6587","8112至上","110/08/04","美林",69,38,31
"6588","8112至上","110/08/04","第一金-自由",0,50,-50
"6589","8112至上","110/08/04","凱基-虎尾",30,0,30
"6590","8112至上","110/08/04","康和-內湖",0,34,-34
"6591","8112至上","110/08/04","永豐金-台南",32,2,30
"6592","8112至上","110/08/04","聯邦商銀",0,34,-34
"6593","8112至上","110/08/04","港商野村",30,1,29
"6594","8112至上","110/08/04","臺銀-鳳山",0,28,-28
"6595","8112至上","110/08/04","國泰-館前",29,5,24
"6596","8112至上","110/08/04","兆豐-公益",0,28,-28
"6597","8112至上","110/08/04","元富-佳里",21,0,21
"6598","8112至上","110/08/04","元大-崇德",0,21,-21
"6599","8112至上","110/08/04","日進",20,0,20
"6600","8112至上","110/08/04","元大-土城永寧",0,20,-20
"6601","1570力肯","110/08/04","摩根大通",330,27,303
"6602","1570力肯","110/08/04","元大-板橋",0,86,-86
"6603","1570力肯","110/08/04","統一",224,0,224
"6604","1570力肯","110/08/04","群益金鼎-忠孝",0,80,-80
"6605","1570力肯","110/08/04","富邦-台中",84,1,83
"6606","1570力肯","110/08/04","元富-緯城",0,51,-51
"6607","1570力肯","110/08/04","統一-土城",287,222,65
"6608","1570力肯","110/08/04","國票-和平",0,51,-51
"6609","1570力肯","110/08/04","群益金鼎-中壢",60,0,60
"6610","1570力肯","110/08/04","日盛-二林",0,43,-43
"6611","1570力肯","110/08/04","富邦-高雄",69,10,59
"6612","1570力肯","110/08/04","國泰-板橋",0,43,-43
"6613","1570力肯","110/08/04","統一-屏東",61,4,57
"6614","1570力肯","110/08/04","元大-新莊",1,44,-43
"6615","1570力肯","110/08/04","凱基-岡山",53,1,52
"6616","1570力肯","110/08/04","凱基-嘉義",0,42,-42
"6617","1570力肯","110/08/04","新光-台中",43,12,31
"6618","1570力肯","110/08/04","華南永昌-鳳山",2,42,-40
"6619","1570力肯","110/08/04","台中銀-員林",30,1,29
"6620","1570力肯","110/08/04","凱基-三峽",0,37,-37
"6621","1570力肯","110/08/04","元富-三重",37,12,25
"6622","1570力肯","110/08/04","國票-中正",0,36,-36
"6623","1570力肯","110/08/04","統一-新台中",30,6,24
"6624","1570力肯","110/08/04","高橋",0,30,-30
"6625","1570力肯","110/08/04","致和-府前",25,1,24
"6626","1570力肯","110/08/04","日盛-高雄",0,29,-29
"6627","1570力肯","110/08/04","凱基-中港",22,0,22
"6628","1570力肯","110/08/04","(牛牛牛)亞-鑫豐",6,29,-23
"6629","1570力肯","110/08/04","宏遠證券",20,0,20
"6630","1570力肯","110/08/04","元富-松德",1,22,-21
"6631","2929淘帝","110/08/04","兆豐-忠孝",23,0,23
"6632","2929淘帝","110/08/04","美林",12,107,-95
"6633","2929淘帝","110/08/04","華南永昌-長虹",21,0,21
"6634","2929淘帝","110/08/04","兆豐-新莊",0,94,-94
"6635","2929淘帝","110/08/04","兆豐-桃園",20,0,20
"6636","2929淘帝","110/08/04","富邦-北港",0,30,-30
"6637","2929淘帝","110/08/04","新加坡商瑞銀",34,18,16
"6638","2929淘帝","110/08/04","永興-水湳",0,20,-20
"6639","2929淘帝","110/08/04","凱基-林口",15,0,15
"6640","2929淘帝","110/08/04","兆豐-復興",0,20,-20
"6641","2929淘帝","110/08/04","富邦-竹東",17,5,12
"6642","2929淘帝","110/08/04","國泰-高雄",1,15,-14
"6643","2929淘帝","110/08/04","台新-建北",11,0,11
"6644","2929淘帝","110/08/04","元大-上新莊",0,14,-14
"6645","2929淘帝","110/08/04","凱基-豐中",11,0,11
"6646","2929淘帝","110/08/04","凱基-敦北",0,11,-11
"6647","2929淘帝","110/08/04","統一-汐止",10,0,10
"6648","2929淘帝","110/08/04","臺銀-金山",0,10,-10
"6649","2929淘帝","110/08/04","新百王",10,0,10
"6650","2929淘帝","110/08/04","日盛-斗六",0,10,-10
"6651","2929淘帝","110/08/04","凱基-台北",16,6,10
"6652","2929淘帝","110/08/04","港商野村",16,26,-10
"6653","2929淘帝","110/08/04","華南永昌-苗栗",10,0,10
"6654","2929淘帝","110/08/04","第一金-自由",0,10,-10
"6655","2929淘帝","110/08/04","富邦-板橋",10,0,10
"6656","2929淘帝","110/08/04","玉山-台南",0,10,-10
"6657","2929淘帝","110/08/04","元大-路竹",10,0,10
"6658","2929淘帝","110/08/04","凱基-五股",0,10,-10
"6659","2929淘帝","110/08/04","元大-東蘆",10,0,10
"6660","2929淘帝","110/08/04","華南永昌-楠梓",0,10,-10
"6661","5410國眾","110/08/04","永豐金-內湖",100,1,99
"6662","5410國眾","110/08/04","群益金鼎-內湖",0,46,-46
"6663","5410國眾","110/08/04","永豐金-板新",36,0,36
"6664","5410國眾","110/08/04","新光",2,36,-34
"6665","5410國眾","110/08/04","兆豐-城中",27,0,27
"6666","5410國眾","110/08/04","元富-嘉義",0,20,-20
"6667","5410國眾","110/08/04","凱基-竹北",10,0,10
"6668","5410國眾","110/08/04","元大-博愛",0,20,-20
"6669","5410國眾","110/08/04","新光-高雄",9,0,9
"6670","5410國眾","110/08/04","永豐金-彰化",0,20,-20
"6671","5410國眾","110/08/04","兆豐-北高雄",8,0,8
"6672","5410國眾","110/08/04","元大-斗信",0,11,-11
"6673","5410國眾","110/08/04","元富-三重",9,3,6
"6674","5410國眾","110/08/04","統一-平鎮",0,10,-10
"6675","5410國眾","110/08/04","台新證券",7,1,6
"6676","5410國眾","110/08/04","元大-台北",0,10,-10
"6677","5410國眾","110/08/04","元大-中壢",10,4,6
"6678","5410國眾","110/08/04","元大-大灣",0,10,-10
"6679","5410國眾","110/08/04","北城證券",5,0,5
"6680","5410國眾","110/08/04","元大-前金",0,9,-9
"6681","5410國眾","110/08/04","國票-和平",5,0,5
"6682","5410國眾","110/08/04","致和證券",0,8,-8
"6683","5410國眾","110/08/04","元大-新盛",5,0,5
"6684","5410國眾","110/08/04","元大-崇德",0,7,-7
"6685","5410國眾","110/08/04","永豐金-中盛",5,0,5
"6686","5410國眾","110/08/04","臺銀-鳳山",0,6,-6
"6687","5410國眾","110/08/04","永豐金-桃園",5,0,5
"6688","5410國眾","110/08/04","玉山-左營",0,6,-6
"6689","5410國眾","110/08/04","凱基-台北",7,3,4
"6690","5410國眾","110/08/04","富邦-台中",0,6,-6
"6691","2841台開","110/08/04","永豐金-敦南",1166,0,1166
"6692","2841台開","110/08/04","統一-三重",0,943,-943
"6693","2841台開","110/08/04","永豐金-鳳山",206,50,156
"6694","2841台開","110/08/04","群益金鼎-東大",0,250,-250
"6695","2841台開","110/08/04","凱基-文心",136,0,136
"6696","2841台開","110/08/04","元富-城東",5,250,-245
"6697","2841台開","110/08/04","國泰-敦南",135,7,128
"6698","2841台開","110/08/04","元大-大灣",16,200,-184
"6699","2841台開","110/08/04","新光",109,4,105
"6700","2841台開","110/08/04","元大-新店中正",0,128,-128
"6701","2841台開","110/08/04","日盛-信義",102,0,102
"6702","2841台開","110/08/04","兆豐-麻豆",0,120,-120
"6703","2841台開","110/08/04","兆豐-東門",100,0,100
"6704","2841台開","110/08/04","土銀",0,100,-100
"6705","2841台開","110/08/04","台新-三民",100,0,100
"6706","2841台開","110/08/04","臺銀",0,100,-100
"6707","2841台開","110/08/04","群益金鼎-海山",100,0,100
"6708","2841台開","110/08/04","富邦-新店",4,90,-86
"6709","2841台開","110/08/04","國泰-板橋",106,13,93
"6710","2841台開","110/08/04","合庫-台中",23,104,-81
"6711","2841台開","110/08/04","永豐金-彰化",100,10,90
"6712","2841台開","110/08/04","統一-高雄",0,77,-77
"6713","2841台開","110/08/04","永豐金-萬盛",101,16,85
"6714","2841台開","110/08/04","群益金鼎-屏東",0,75,-75
"6715","2841台開","110/08/04","國票-天祥",80,0,80
"6716","2841台開","110/08/04","中國信託-高雄",2,70,-68
"6717","2841台開","110/08/04","群益金鼎-崇德",84,5,79
"6718","2841台開","110/08/04","凱基-三峽",0,61,-61
"6719","2841台開","110/08/04","群益金鼎-館前",82,3,79
"6720","2841台開","110/08/04","統一-彰化",0,60,-60
"6721","6207雷科","110/08/04","凱基-羅東",80,1,79
"6722","6207雷科","110/08/04","凱基-板橋",1,213,-212
"6723","6207雷科","110/08/04","元大-鳳山",76,2,74
"6724","6207雷科","110/08/04","摩根大通",105,209,-104
"6725","6207雷科","110/08/04","凱基-台南",37,1,36
"6726","6207雷科","110/08/04","凱基-台北",22,122,-100
"6727","6207雷科","110/08/04","富邦-竹東",35,0,35
"6728","6207雷科","110/08/04","華南永昌",12,100,-88
"6729","6207雷科","110/08/04","群益金鼎-東門",31,4,27
"6730","6207雷科","110/08/04","統一-高雄",3,74,-71
"6731","6207雷科","110/08/04","新光-高雄",30,4,26
"6732","6207雷科","110/08/04","群益金鼎-大興",0,70,-70
"6733","6207雷科","110/08/04","大慶-蘆洲",21,0,21
"6734","6207雷科","110/08/04","日盛-忠孝",0,62,-62
"6735","6207雷科","110/08/04","瑞士信貸",20,0,20
"6736","6207雷科","110/08/04","富邦-台中",0,50,-50
"6737","6207雷科","110/08/04","元大-羅東",20,0,20
"6738","6207雷科","110/08/04","永豐金-內湖",0,50,-50
"6739","6207雷科","110/08/04","群益金鼎-南京",20,2,18
"6740","6207雷科","110/08/04","美林",3,47,-44
"6741","6207雷科","110/08/04","元大-汐止",16,0,16
"6742","6207雷科","110/08/04","元富-大昌",0,40,-40
"6743","6207雷科","110/08/04","兆豐-來福",15,0,15
"6744","6207雷科","110/08/04","兆豐-景美",2,40,-38
"6745","6207雷科","110/08/04","國泰-敦南",21,6,15
"6746","6207雷科","110/08/04","新加坡商瑞銀",12,49,-37
"6747","6207雷科","110/08/04","永豐金-台中",15,0,15
"6748","6207雷科","110/08/04","群益金鼎-古亭",2,24,-22
"6749","6207雷科","110/08/04","元大-沙鹿",14,0,14
"6750","6207雷科","110/08/04","華南永昌-虎尾",0,21,-21
"6751","3679新至陞","110/08/04","凱基-台北",27,0,27
"6752","3679新至陞","110/08/04","香港上海匯豐",0,12,-12
"6753","3679新至陞","110/08/04","港商法國興業",20,0,20
"6754","3679新至陞","110/08/04","台灣摩根士丹利",0,10,-10
"6755","3679新至陞","110/08/04","新加坡商瑞銀",13,0,13
"6756","3679新至陞","110/08/04","港商野村",0,8,-8
"6757","3679新至陞","110/08/04","(牛牛牛)亞-網路",11,0,11
"6758","3679新至陞","110/08/04","玉山證券",2,9,-7
"6759","3679新至陞","110/08/04","摩根大通",9,4,5
"6760","3679新至陞","110/08/04","富邦-陽明",0,6,-6
"6761","3679新至陞","110/08/04","國泰-敦南",6,2,4
"6762","3679新至陞","110/08/04","統一",0,5,-5
"6763","3679新至陞","110/08/04","土銀-和平",3,0,3
"6764","3679新至陞","110/08/04","華南永昌-淡水",0,5,-5
"6765","3679新至陞","110/08/04","台中銀-員林",3,0,3
"6766","3679新至陞","110/08/04","元大-成功",0,5,-5
"6767","3679新至陞","110/08/04","元大-永春",3,0,3
"6768","3679新至陞","110/08/04","群益金鼎-內湖",0,4,-4
"6769","3679新至陞","110/08/04","國票-台東",2,0,2
"6770","3679新至陞","110/08/04","國泰-館前",0,3,-3
"6771","3679新至陞","110/08/04","富邦-新店",2,0,2
"6772","3679新至陞","110/08/04","凱基-板橋",0,3,-3
"6773","3679新至陞","110/08/04","富邦-三重",2,0,2
"6774","3679新至陞","110/08/04","凱基-三峽",0,3,-3
"6775","3679新至陞","110/08/04","元大-板橋三民",2,0,2
"6776","3679新至陞","110/08/04","凱基-中山",0,3,-3
"6777","3679新至陞","110/08/04","永豐金-敦南",2,0,2
"6778","3679新至陞","110/08/04","元大-承德",1,4,-3
"6779","3679新至陞","110/08/04","大昌-新店",1,0,1
"6780","3679新至陞","110/08/04","元大-大同",0,3,-3
"6781","2727王品","110/08/04","元富",46,0,46
"6782","2727王品","110/08/04","台灣摩根士丹利",20,277,-257
"6783","2727王品","110/08/04","台新證券",36,7,29
"6784","2727王品","110/08/04","群益金鼎-三民",2,104,-102
"6785","2727王品","110/08/04","國泰-敦南",42,13,29
"6786","2727王品","110/08/04","第一金",1,102,-101
"6787","2727王品","110/08/04","國泰-台中",19,2,17
"6788","2727王品","110/08/04","元大-東蘆",1,45,-44
"6789","2727王品","110/08/04","華南永昌-虎尾",13,0,13
"6790","2727王品","110/08/04","新光-台中",10,43,-33
"6791","2727王品","110/08/04","凱基-五股",11,0,11
"6792","2727王品","110/08/04","新光-桃園",9,42,-33
"6793","2727王品","110/08/04","國泰-館前",16,6,10
"6794","2727王品","110/08/04","凱基-興隆",1,21,-20
"6795","2727王品","110/08/04","凱基-基隆",10,0,10
"6796","2727王品","110/08/04","元大-龍潭",6,23,-17
"6797","2727王品","110/08/04","凱基-南崁",10,0,10
"6798","2727王品","110/08/04","日盛-士林",0,15,-15
"6799","2727王品","110/08/04","富邦-台北",12,2,10
"6800","2727王品","110/08/04","凱基-天母",0,15,-15
"6801","2727王品","110/08/04","新光",34,25,9
"6802","2727王品","110/08/04","日盛-台中",4,15,-11
"6803","2727王品","110/08/04","玉山證券",12,3,9
"6804","2727王品","110/08/04","永豐金-信義",1,12,-11
"6805","2727王品","110/08/04","國泰-高雄",10,2,8
"6806","2727王品","110/08/04","新加坡商瑞銀",2,12,-10
"6807","2727王品","110/08/04","群益金鼎-宜蘭",8,0,8
"6808","2727王品","110/08/04","元大-豐原",0,10,-10
"6809","2727王品","110/08/04","國泰-台南",7,0,7
"6810","2727王品","110/08/04","元大-樹林",1,11,-10
"6811","1570力肯","110/08/04","摩根大通",330,27,303
"6812","1570力肯","110/08/04","元大-板橋",0,86,-86
"6813","1570力肯","110/08/04","統一",224,0,224
"6814","1570力肯","110/08/04","群益金鼎-忠孝",0,80,-80
"6815","1570力肯","110/08/04","富邦-台中",84,1,83
"6816","1570力肯","110/08/04","元富-緯城",0,51,-51
"6817","1570力肯","110/08/04","統一-土城",287,222,65
"6818","1570力肯","110/08/04","國票-和平",0,51,-51
"6819","1570力肯","110/08/04","群益金鼎-中壢",60,0,60
"6820","1570力肯","110/08/04","日盛-二林",0,43,-43
"6821","1570力肯","110/08/04","富邦-高雄",69,10,59
"6822","1570力肯","110/08/04","國泰-板橋",0,43,-43
"6823","1570力肯","110/08/04","統一-屏東",61,4,57
"6824","1570力肯","110/08/04","元大-新莊",1,44,-43
"6825","1570力肯","110/08/04","凱基-岡山",53,1,52
"6826","1570力肯","110/08/04","凱基-嘉義",0,42,-42
"6827","1570力肯","110/08/04","新光-台中",43,12,31
"6828","1570力肯","110/08/04","華南永昌-鳳山",2,42,-40
"6829","1570力肯","110/08/04","台中銀-員林",30,1,29
"6830","1570力肯","110/08/04","凱基-三峽",0,37,-37
"6831","1570力肯","110/08/04","元富-三重",37,12,25
"6832","1570力肯","110/08/04","國票-中正",0,36,-36
"6833","1570力肯","110/08/04","統一-新台中",30,6,24
"6834","1570力肯","110/08/04","高橋",0,30,-30
"6835","1570力肯","110/08/04","致和-府前",25,1,24
"6836","1570力肯","110/08/04","日盛-高雄",0,29,-29
"6837","1570力肯","110/08/04","凱基-中港",22,0,22
"6838","1570力肯","110/08/04","(牛牛牛)亞-鑫豐",6,29,-23
"6839","1570力肯","110/08/04","宏遠證券",20,0,20
"6840","1570力肯","110/08/04","元富-松德",1,22,-21
"6841","6180橘子","110/08/04","新光",67,10,57
"6842","6180橘子","110/08/04","群益金鼎-桃園",0,30,-30
"6843","6180橘子","110/08/04","美林",15,0,15
"6844","6180橘子","110/08/04","華南永昌-苑裡",0,30,-30
"6845","6180橘子","110/08/04","第一金-中山",15,1,14
"6846","6180橘子","110/08/04","台灣摩根士丹利",0,19,-19
"6847","6180橘子","110/08/04","日盛-台中",10,0,10
"6848","6180橘子","110/08/04","台新-三民",0,16,-16
"6849","6180橘子","110/08/04","新光-桃園",10,0,10
"6850","6180橘子","110/08/04","群益金鼎-士林",0,13,-13
"6851","6180橘子","110/08/04","康和",9,0,9
"6852","6180橘子","110/08/04","群益金鼎-中港",0,11,-11
"6853","6180橘子","110/08/04","富邦-羅東",8,0,8
"6854","6180橘子","110/08/04","新加坡商瑞銀",0,10,-10
"6855","6180橘子","110/08/04","國票-九鼎",7,0,7
"6856","6180橘子","110/08/04","統一-彰化",0,10,-10
"6857","6180橘子","110/08/04","玉山-桃園",7,0,7
"6858","6180橘子","110/08/04","兆豐-埔墘",0,10,-10
"6859","6180橘子","110/08/04","元大-員林中山",7,0,7
"6860","6180橘子","110/08/04","摩根大通",3,13,-10
"6861","6180橘子","110/08/04","瑞士信貸",6,0,6
"6862","6180橘子","110/08/04","康和-延平",0,10,-10
"6863","6180橘子","110/08/04","富邦-新竹",7,1,6
"6864","6180橘子","110/08/04","大昌-安康",0,9,-9
"6865","6180橘子","110/08/04","富邦-宜蘭",6,0,6
"6866","6180橘子","110/08/04","富邦-仁愛",1,10,-9
"6867","6180橘子","110/08/04","統一-嘉義",5,0,5
"6868","6180橘子","110/08/04","花旗環球",0,8,-8
"6869","6180橘子","110/08/04","富邦-陽明",5,0,5
"6870","6180橘子","110/08/04","福勝",0,8,-8
"6871","2390云辰","110/08/04","元富-吉利",71,6,65
"6872","2390云辰","110/08/04","港商野村",180,422,-242
"6873","2390云辰","110/08/04","兆豐-新營",53,4,49
"6874","2390云辰","110/08/04","凱基-台北",75,264,-189
"6875","2390云辰","110/08/04","台新證券",83,37,46
"6876","2390云辰","110/08/04","美林",32,132,-100
"6877","2390云辰","110/08/04","日盛-新莊",53,12,41
"6878","2390云辰","110/08/04","華南永昌-鳳山",82,181,-99
"6879","2390云辰","110/08/04","兆豐-岡山",40,0,40
"6880","2390云辰","110/08/04","日盛-園區",1,91,-90
"6881","2390云辰","110/08/04","元大-新莊",42,6,36
"6882","2390云辰","110/08/04","統一-城中",3,82,-79
"6883","2390云辰","110/08/04","永豐金-鳳山",37,3,34
"6884","2390云辰","110/08/04","第一金-中壢",0,73,-73
"6885","2390云辰","110/08/04","德信-新營",37,4,33
"6886","2390云辰","110/08/04","元大-忠孝",8,74,-66
"6887","2390云辰","110/08/04","群益金鼎-三民",35,2,33
"6888","2390云辰","110/08/04","凱基-竹科",6,67,-61
"6889","2390云辰","110/08/04","玉山-雙和",39,7,32
"6890","2390云辰","110/08/04","統一-屏東",0,51,-51
"6891","2390云辰","110/08/04","凱基-三重",33,3,30
"6892","2390云辰","110/08/04","富邦-新店",2,50,-48
"6893","2390云辰","110/08/04","華南永昌-朴子",35,6,29
"6894","2390云辰","110/08/04","元富-大裕",21,56,-35
"6895","2390云辰","110/08/04","國票-和平",29,1,28
"6896","2390云辰","110/08/04","永豐金-三重",6,41,-35
"6897","2390云辰","110/08/04","元大-東蘆",31,3,28
"6898","2390云辰","110/08/04","臺銀",15,47,-32
"6899","2390云辰","110/08/04","日茂",59,33,26
"6900","2390云辰","110/08/04","凱基-台中",1,33,-32
"6901","1471首利","110/08/02","日盛-和美",31,0,31
"6902","1471首利","110/08/02","日盛-八德",0,63,-63
"6903","1471首利","110/08/02","宏遠-光隆",30,0,30
"6904","1471首利","110/08/02","凱基-幸福",0,49,-49
"6905","1471首利","110/08/02","元富-花蓮",25,0,25
"6906","1471首利","110/08/02","富邦-台北",0,30,-30
"6907","1471首利","110/08/02","凱基-台北",25,0,25
"6908","1471首利","110/08/02","元大-東蘆",0,30,-30
"6909","1471首利","110/08/02","日盛-木柵",20,0,20
"6910","1471首利","110/08/02","合庫-桃園",0,20,-20
"6911","1471首利","110/08/02","凱基-高美館",20,0,20
"6912","1471首利","110/08/02","康和-澎湖",0,15,-15
"6913","1471首利","110/08/02","新光-台中",24,5,19
"6914","1471首利","110/08/02","元大-斗信",0,15,-15
"6915","1471首利","110/08/02","富邦-羅東",15,0,15
"6916","1471首利","110/08/02","元富-民權",0,12,-12
"6917","1471首利","110/08/02","兆豐-鹿港",14,0,14
"6918","1471首利","110/08/02","玉山-新莊",0,12,-12
"6919","1471首利","110/08/02","美林",16,4,12
"6920","1471首利","110/08/02","宏遠-桃園",0,10,-10
"6921","1471首利","110/08/02","統一-桃園",12,0,12
"6922","1471首利","110/08/02","瑞士信貸",0,10,-10
"6923","1471首利","110/08/02","合庫-高雄",10,0,10
"6924","1471首利","110/08/02","大慶-苗栗",0,10,-10
"6925","1471首利","110/08/02","日盛-士林",10,0,10
"6926","1471首利","110/08/02","統一-新營",0,10,-10
"6927","1471首利","110/08/02","港商法國興業",10,0,10
"6928","1471首利","110/08/02","群益金鼎-三重",0,10,-10
"6929","1471首利","110/08/02","第一金-台南",10,0,10
"6930","1471首利","110/08/02","元大-基隆",0,10,-10
"6931","2883開發金","110/08/02","統一",3076,29,3047
"6932","2883開發金","110/08/02","中農",2,3126,-3124
"6933","2883開發金","110/08/02","凱基-台北",2789,192,2597
"6934","2883開發金","110/08/02","群益金鼎",11,2008,-1997
"6935","2883開發金","110/08/02","元富-城東",2139,5,2134
"6936","2883開發金","110/08/02","摩根大通",2081,3944,-1863
"6937","2883開發金","110/08/02","瑞士信貸",2184,316,1868
"6938","2883開發金","110/08/02","港商野村",949,2553,-1604
"6939","2883開發金","110/08/02","美林",1160,271,889
"6940","2883開發金","110/08/02","台灣匯立證券",198,1533,-1335
"6941","2883開發金","110/08/02","港商麥格理",855,0,855
"6942","2883開發金","110/08/02","中國信託",69,1041,-972
"6943","2883開發金","110/08/02","元大-金華",533,33,500
"6944","2883開發金","110/08/02","兆豐證券",1,863,-862
"6945","2883開發金","110/08/02","新加坡商瑞銀",1089,624,465
"6946","2883開發金","110/08/02","美商高盛",6,644,-638
"6947","2883開發金","110/08/02","法銀巴黎",441,0,441
"6948","2883開發金","110/08/02","華南永昌-中正",4,632,-628
"6949","2883開發金","110/08/02","富邦-嘉義",425,24,401
"6950","2883開發金","110/08/02","第一金-安和",156,757,-601
"6951","2883開發金","110/08/02","元富-烏日",367,3,364
"6952","2883開發金","110/08/02","國票",0,524,-524
"6953","2883開發金","110/08/02","台灣摩根士丹利",634,280,354
"6954","2883開發金","110/08/02","元富",266,770,-504
"6955","2883開發金","110/08/02","國泰-館前",516,180,336
"6956","2883開發金","110/08/02","新光",1651,1984,-333
"6957","2883開發金","110/08/02","聯邦-敦化",321,5,316
"6958","2883開發金","110/08/02","元富-安南",20,324,-304
"6959","2883開發金","110/08/02","玉山-士林",307,13,294
"6960","2883開發金","110/08/02","群益金鼎-東門",6,280,-274
"6961","6205詮欣","110/08/02","元大-館前",16,0,16
"6962","6205詮欣","110/08/02","永豐金-敦南",0,21,-21
"6963","6205詮欣","110/08/02","臺銀",11,0,11
"6964","6205詮欣","110/08/02","日盛-三重",0,17,-17
"6965","6205詮欣","110/08/02","臺銀-民權",10,0,10
"6966","6205詮欣","110/08/02","永豐金-博愛",0,10,-10
"6967","6205詮欣","110/08/02","摩根大通",11,1,10
"6968","6205詮欣","110/08/02","國票-台南",0,5,-5
"6969","6205詮欣","110/08/02","合庫-三重",5,0,5
"6970","6205詮欣","110/08/02","群益金鼎-三重",0,4,-4
"6971","6205詮欣","110/08/02","元大-東蘆",5,0,5
"6972","6205詮欣","110/08/02","元大-土城",0,4,-4
"6973","6205詮欣","110/08/02","凱基",3,0,3
"6974","6205詮欣","110/08/02","元大-草屯",0,4,-4
"6975","6205詮欣","110/08/02","日盛-雙和",2,0,2
"6976","6205詮欣","110/08/02","臺銀-新竹",1,4,-3
"6977","6205詮欣","110/08/02","兆豐-南京",2,0,2
"6978","6205詮欣","110/08/02","光和-嘉義",0,3,-3
"6979","6205詮欣","110/08/02","凱基-台北",3,1,2
"6980","6205詮欣","110/08/02","永豐金-內湖",0,3,-3
"6981","6205詮欣","110/08/02","元大-西螺",2,0,2
"6982","6205詮欣","110/08/02","第一金-華江",0,2,-2
"6983","6205詮欣","110/08/02","元大-新竹經國",2,0,2
"6984","6205詮欣","110/08/02","中國信託-高雄",0,2,-2
"6985","6205詮欣","110/08/02","元大-北成功",2,0,2
"6986","6205詮欣","110/08/02","兆豐-鹿港",0,2,-2
"6987","6205詮欣","110/08/02","臺銀-臺中",1,0,1
"6988","6205詮欣","110/08/02","統一-平鎮",0,1,-1
"6989","6205詮欣","110/08/02","德信-新營",1,0,1
"6990","6205詮欣","110/08/02","台新-台中",0,1,-1
"6991","1540喬福","110/08/02","富邦-南屯",10,0,10
"6992","1540喬福","110/08/02","永豐金-埔里",0,22,-22
"6993","1540喬福","110/08/02","元富-中原",10,2,8
"6994","1540喬福","110/08/02","統一-新台中",0,17,-17
"6995","1540喬福","110/08/02","德信-新營",6,0,6
"6996","1540喬福","110/08/02","統一-三多",0,3,-3
"6997","1540喬福","110/08/02","元大-龍潭",3,0,3
"6998","1540喬福","110/08/02","光和-高雄",0,2,-2
"6999","1540喬福","110/08/02","凱基-台北",3,0,3
"7000","1540喬福","110/08/02","兆豐-嘉義",0,2,-2
"7001","1540喬福","110/08/02","新光-桃園",3,0,3
"7002","1540喬福","110/08/02","台新-高雄",0,1,-1
"7003","1540喬福","110/08/02","永豐金-內湖",2,0,2
"7004","1540喬福","110/08/02","新光",0,1,-1
"7005","1540喬福","110/08/02","港商法國興業",2,0,2
"7006","1540喬福","110/08/02","國泰-館前",0,1,-1
"7007","1540喬福","110/08/02","統一-台南",2,0,2
"7008","1540喬福","110/08/02","群益金鼎-民權",0,1,-1
"7009","1540喬福","110/08/02","元富-桃園",2,0,2
"7010","1540喬福","110/08/02","富邦-嘉義",0,1,-1
"7011","1540喬福","110/08/02","台中銀-豐原",2,0,2
"7012","1540喬福","110/08/02","元大-新竹",0,1,-1
"7013","1540喬福","110/08/02","(牛牛牛)亞-網路",1,0,1
"7014","1540喬福","110/08/02","元大-豐原站前",0,1,-1
"7015","1540喬福","110/08/02","元富",1,0,1
"7016","1540喬福","110/08/02","臺銀-鳳山",0,0,0
"7017","1540喬福","110/08/02","第一金-桃園",1,0,1
"7018","1540喬福","110/08/02","第一金",0,0,0
"7019","1540喬福","110/08/02","瑞士信貸",1,0,1
"7020","1540喬福","110/08/02","華南永昌-南京",0,0,0
"7021","2888新光金","110/08/02","花旗環球",2291,0,2291
"7022","2888新光金","110/08/02","瑞士信貸",1405,3997,-2592
"7023","2888新光金","110/08/02","美林",2235,208,2027
"7024","2888新光金","110/08/02","新加坡商瑞銀",780,2173,-1393
"7025","2888新光金","110/08/02","群益金鼎-彰化",1014,2,1012
"7026","2888新光金","110/08/02","美商高盛",369,1356,-987
"7027","2888新光金","110/08/02","富邦-建國",823,9,814
"7028","2888新光金","110/08/02","元大-仁愛",69,795,-726
"7029","2888新光金","110/08/02","元大-華山",532,1,531
"7030","2888新光金","110/08/02","永興-台中",0,500,-500
"7031","2888新光金","110/08/02","法銀巴黎",666,166,500
"7032","2888新光金","110/08/02","凱基-站前",17,506,-489
"7033","2888新光金","110/08/02","台灣匯立證券",421,0,421
"7034","2888新光金","110/08/02","元富-城東",38,496,-458
"7035","2888新光金","110/08/02","凱基-台南",376,17,359
"7036","2888新光金","110/08/02","群益金鼎-中港",2,450,-448
"7037","2888新光金","110/08/02","永豐金-嘉義",352,0,352
"7038","2888新光金","110/08/02","華南永昌",25,461,-436
"7039","2888新光金","110/08/02","合庫-台中",339,1,338
"7040","2888新光金","110/08/02","港商野村",135,550,-415
"7041","2888新光金","110/08/02","港商麥格理",316,0,316
"7042","2888新光金","110/08/02","大慶-苗栗",1,406,-405
"7043","2888新光金","110/08/02","群益金鼎-建成",298,5,293
"7044","2888新光金","110/08/02","華南永昌-中正",34,419,-385
"7045","2888新光金","110/08/02","永豐金-板盛",221,0,221
"7046","2888新光金","110/08/02","玉山-台大",0,350,-350
"7047","2888新光金","110/08/02","台灣摩根士丹利",1700,1488,212
"7048","2888新光金","110/08/02","元大-汐止",66,363,-297
"7049","2888新光金","110/08/02","凱基-竹北",200,0,200
"7050","2888新光金","110/08/02","台新-新莊",14,265,-251
"7051","1340勝悅","110/08/02","國泰-台中",22,0,22
"7052","1340勝悅","110/08/02","中國信託",0,83,-83
"7053","1340勝悅","110/08/02","港商法國興業",14,0,14
"7054","1340勝悅","110/08/02","元大-開元",0,11,-11
"7055","1340勝悅","110/08/02","新光",18,5,13
"7056","1340勝悅","110/08/02","凱基-永康",0,10,-10
"7057","1340勝悅","110/08/02","元大-基隆孝二",11,0,11
"7058","1340勝悅","110/08/02","富邦-宜蘭",0,10,-10
"7059","1340勝悅","110/08/02","玉山-士林",10,0,10
"7060","1340勝悅","110/08/02","元大-大統",0,10,-10
"7061","1340勝悅","110/08/02","凱基",6,0,6
"7062","1340勝悅","110/08/02","富邦-板橋",0,5,-5
"7063","1340勝悅","110/08/02","摩根大通",4,0,4
"7064","1340勝悅","110/08/02","瑞士信貸",1,5,-4
"7065","1340勝悅","110/08/02","國泰-敦南",8,4,4
"7066","1340勝悅","110/08/02","華南永昌-忠孝",0,2,-2
"7067","1340勝悅","110/08/02","國泰-新莊",3,0,3
"7068","1340勝悅","110/08/02","元大-虎尾",0,2,-2
"7069","1340勝悅","110/08/02","凱基-嘉義",3,0,3
"7070","1340勝悅","110/08/02","元大-路竹",0,2,-2
"7071","1340勝悅","110/08/02","群益金鼎-館前",3,0,3
"7072","1340勝悅","110/08/02","元大-信義",0,2,-2
"7073","1340勝悅","110/08/02","國泰-館前",3,0,3
"7074","1340勝悅","110/08/02","華南永昌-高雄",0,1,-1
"7075","1340勝悅","110/08/02","臺銀-鳳山",3,0,3
"7076","1340勝悅","110/08/02","玉山-大里",0,0,0
"7077","1340勝悅","110/08/02","國泰-高雄",4,1,3
"7078","1340勝悅","110/08/02","群益金鼎-丹鳳",0,0,0
"7079","1340勝悅","110/08/02","美商高盛",3,0,3
"7080","1340勝悅","110/08/02","富邦-虎尾",0,0,0
"7081","6246臺龍","110/08/02","台新證券",19,1,18
"7082","6246臺龍","110/08/02","元大-新竹經國",0,6,-6
"7083","6246臺龍","110/08/02","凱基-台北",7,2,5
"7084","6246臺龍","110/08/02","台新-台南",0,5,-5
"7085","6246臺龍","110/08/02","國票-九鼎",3,0,3
"7086","6246臺龍","110/08/02","宏遠-新化",1,4,-3
"7087","6246臺龍","110/08/02","國票-南京",3,0,3
"7088","6246臺龍","110/08/02","元富-板橋",0,3,-3
"7089","6246臺龍","110/08/02","新光-台中",3,0,3
"7090","6246臺龍","110/08/02","國泰-敦南",0,3,-3
"7091","6246臺龍","110/08/02","元大-員林",3,0,3
"7092","6246臺龍","110/08/02","富邦-台中",0,3,-3
"7093","6246臺龍","110/08/02","元大-永和",3,0,3
"7094","6246臺龍","110/08/02","元大-大益",2,5,-3
"7095","6246臺龍","110/08/02","港商野村",2,0,2
"7096","6246臺龍","110/08/02","日盛-永康",0,2,-2
"7097","6246臺龍","110/08/02","台新-高雄",2,0,2
"7098","6246臺龍","110/08/02","日盛-宜蘭",0,2,-2
"7099","6246臺龍","110/08/02","新光-台南",2,0,2
"7100","6246臺龍","110/08/02","宏遠-台南",0,2,-2
"7101","6246臺龍","110/08/02","日盛-文化",1,0,1
"7102","6246臺龍","110/08/02","高橋-龍潭",0,2,-2
"7103","6246臺龍","110/08/02","國泰-忠孝",1,0,1
"7104","6246臺龍","110/08/02","群益金鼎-中壢",0,2,-2
"7105","6246臺龍","110/08/02","群益金鼎-崇德",3,2,1
"7106","6246臺龍","110/08/02","凱基-三多",0,2,-2
"7107","6246臺龍","110/08/02","富邦-員林",1,0,1
"7108","6246臺龍","110/08/02","統一-中壢",0,1,-1
"7109","6246臺龍","110/08/02","富邦-三重",1,0,1
"7110","6246臺龍","110/08/02","中國信託-嘉義",0,1,-1
"7111","00715L期街口布蘭特正2","110/08/02","元大證券",7296,1000,6296
"7112","00715L期街口布蘭特正2","110/08/02","富邦-基隆",0,850,-850
"7113","00715L期街口布蘭特正2","110/08/02","永豐金證券",2221,338,1883
"7114","00715L期街口布蘭特正2","110/08/02","(牛牛牛)亞-鑫豐",10,850,-840
"7115","00715L期街口布蘭特正2","110/08/02","統一",1460,100,1360
"7116","00715L期街口布蘭特正2","110/08/02","華南永昌-長虹",57,820,-763
"7117","00715L期街口布蘭特正2","110/08/02","國票-中港",1000,0,1000
"7118","00715L期街口布蘭特正2","110/08/02","富邦-彰化",0,700,-700
"7119","00715L期街口布蘭特正2","110/08/02","第一金-台中",900,13,887
"7120","00715L期街口布蘭特正2","110/08/02","第一金-路竹",0,682,-682
"7121","00715L期街口布蘭特正2","110/08/02","群益金鼎",728,0,728
"7122","00715L期街口布蘭特正2","110/08/02","台新證券",112,791,-679
"7123","00715L期街口布蘭特正2","110/08/02","群益金鼎-古亭",433,1,432
"7124","00715L期街口布蘭特正2","110/08/02","第一金-忠孝",45,483,-438
"7125","00715L期街口布蘭特正2","110/08/02","凱基-市政",525,125,400
"7126","00715L期街口布蘭特正2","110/08/02","玉山-台南",0,373,-373
"7127","00715L期街口布蘭特正2","110/08/02","元大-敦化",400,0,400
"7128","00715L期街口布蘭特正2","110/08/02","國泰-板橋",3,313,-310
"7129","00715L期街口布蘭特正2","110/08/02","元大-草屯",353,21,332
"7130","00715L期街口布蘭特正2","110/08/02","凱基",0,300,-300
"7131","00715L期街口布蘭特正2","110/08/02","元大-萬華",250,0,250
"7132","00715L期街口布蘭特正2","110/08/02","元大-嘉義",1,300,-299
"7133","00715L期街口布蘭特正2","110/08/02","統一-員林",180,0,180
"7134","00715L期街口布蘭特正2","110/08/02","元大-大灣",14,303,-289
"7135","00715L期街口布蘭特正2","110/08/02","富邦證券",282,152,130
"7136","00715L期街口布蘭特正2","110/08/02","新光-桃園",45,295,-250
"7137","00715L期街口布蘭特正2","110/08/02","元富-潮州",125,0,125
"7138","00715L期街口布蘭特正2","110/08/02","元大-新莊",76,306,-230
"7139","00715L期街口布蘭特正2","110/08/02","兆豐-台中港",106,0,106
"7140","00715L期街口布蘭特正2","110/08/02","富邦-台北",0,211,-211
"7141","8941關中","110/08/02","宏遠-館前",3,0,3
"7142","8941關中","110/08/02","富邦-台中",0,5,-5
"7143","8941關中","110/08/02","群益金鼎-彰化",2,0,2
"7144","8941關中","110/08/02","富邦-員林",0,4,-4
"7145","8941關中","110/08/02","第一金-台中",1,0,1
"7146","8941關中","110/08/02","元大-新竹經國",0,0,0
"7147","8941關中","110/08/02","台新-台中",1,0,1
"7148","8941關中","110/08/02","永豐金-萬盛",0,0,0
"7149","8941關中","110/08/02","華南永昌-南京",1,0,1
"7150","8941關中","110/08/02","",NA,NA,NA
"7151","8941關中","110/08/02","元大-桃興",2,1,1
"7152","8941關中","110/08/02","",NA,NA,NA
"7153","8941關中","110/08/02","元大-新竹經國",0,0,0
"7154","8941關中","110/08/02","",NA,NA,NA
"7155","8941關中","110/08/02","永豐金-萬盛",0,0,0
"7156","8941關中","110/08/02","",NA,NA,NA
"7157","8941關中","110/08/02","",NA,NA,NA
"7158","8941關中","110/08/02","",NA,NA,NA
"7159","8941關中","110/08/02","",NA,NA,NA
"7160","8941關中","110/08/02","",NA,NA,NA
"7161","8941關中","110/08/02","",NA,NA,NA
"7162","8941關中","110/08/02","",NA,NA,NA
"7163","8941關中","110/08/02","",NA,NA,NA
"7164","8941關中","110/08/02","",NA,NA,NA
"7165","8941關中","110/08/02","",NA,NA,NA
"7166","8941關中","110/08/02","",NA,NA,NA
"7167","8941關中","110/08/02","",NA,NA,NA
"7168","8941關中","110/08/02","",NA,NA,NA
"7169","8941關中","110/08/02","",NA,NA,NA
"7170","8941關中","110/08/02","",NA,NA,NA
"7171","8936國統","110/08/02","合庫-高雄",68,0,68
"7172","8936國統","110/08/02","凱基-台北",0,125,-125
"7173","8936國統","110/08/02","元大-蘆洲",33,0,33
"7174","8936國統","110/08/02","摩根大通",9,125,-116
"7175","8936國統","110/08/02","富邦-高雄",30,4,26
"7176","8936國統","110/08/02","永全-南崁",0,50,-50
"7177","8936國統","110/08/02","大慶-蘆洲",20,0,20
"7178","8936國統","110/08/02","新光-台中",16,55,-39
"7179","8936國統","110/08/02","兆豐-桃鶯",20,0,20
"7180","8936國統","110/08/02","凱基-市政",0,31,-31
"7181","8936國統","110/08/02","元大-東泰",20,0,20
"7182","8936國統","110/08/02","美商高盛",1,20,-19
"7183","8936國統","110/08/02","永豐金-忠孝",20,0,20
"7184","8936國統","110/08/02","元大-東港",3,20,-17
"7185","8936國統","110/08/02","元大-旗山",15,0,15
"7186","8936國統","110/08/02","台灣企銀-台中",0,15,-15
"7187","8936國統","110/08/02","中國信託-文心",12,0,12
"7188","8936國統","110/08/02","日盛-竹北",0,15,-15
"7189","8936國統","110/08/02","國泰-敦南",14,2,12
"7190","8936國統","110/08/02","瑞士信貸",0,11,-11
"7191","8936國統","110/08/02","元大-敦南",12,0,12
"7192","8936國統","110/08/02","港商野村",26,36,-10
"7193","8936國統","110/08/02","日盛-三峽",11,0,11
"7194","8936國統","110/08/02","統一-竹南",0,10,-10
"7195","8936國統","110/08/02","永豐金-苓雅",11,0,11
"7196","8936國統","110/08/02","國泰-高雄",1,11,-10
"7197","8936國統","110/08/02","宏遠-高雄",11,1,10
"7198","8936國統","110/08/02","元大-天母",0,9,-9
"7199","8936國統","110/08/02","第一金-嘉義",10,0,10
"7200","8936國統","110/08/02","元大-台中中港",0,9,-9
"7201","6226光鼎","110/08/02","新百王",283,0,283
"7202","6226光鼎","110/08/02","元富-安南",3,113,-110
"7203","6226光鼎","110/08/02","日盛-文化",219,3,216
"7204","6226光鼎","110/08/02","群益金鼎-東大",24,124,-100
"7205","6226光鼎","110/08/02","元大-嘉義",127,37,90
"7206","6226光鼎","110/08/02","富邦-南屯",3,100,-97
"7207","6226光鼎","110/08/02","統一-新竹",113,31,82
"7208","6226光鼎","110/08/02","元大-鳳中",2,99,-97
"7209","6226光鼎","110/08/02","台中銀-員林",111,47,64
"7210","6226光鼎","110/08/02","元大-忠孝鼎富",10,100,-90
"7211","6226光鼎","110/08/02","永豐金證券",66,5,61
"7212","6226光鼎","110/08/02","華南永昌-小港",0,84,-84
"7213","6226光鼎","110/08/02","日盛-員林",107,50,57
"7214","6226光鼎","110/08/02","國泰-敦南",247,324,-77
"7215","6226光鼎","110/08/02","國票-九鼎",72,24,48
"7216","6226光鼎","110/08/02","亞東",5,76,-71
"7217","6226光鼎","110/08/02","元大-士林",53,6,47
"7218","6226光鼎","110/08/02","中國信託-新竹",2,62,-60
"7219","6226光鼎","110/08/02","元大-鹿港",48,7,41
"7220","6226光鼎","110/08/02","元大-南屯",12,64,-52
"7221","6226光鼎","110/08/02","中國信託-文心",48,8,40
"7222","6226光鼎","110/08/02","元大-高雄",9,61,-52
"7223","6226光鼎","110/08/02","國泰-新莊",56,17,39
"7224","6226光鼎","110/08/02","元大-台北",2,53,-51
"7225","6226光鼎","110/08/02","元大-大同",39,0,39
"7226","6226光鼎","110/08/02","第一金-華江",8,52,-44
"7227","6226光鼎","110/08/02","富邦-建國",39,1,38
"7228","6226光鼎","110/08/02","元富-新莊",3,44,-41
"7229","6226光鼎","110/08/02","統一-三重",54,18,36
"7230","6226光鼎","110/08/02","玉山-桃園",3,40,-37
"7231","2363矽統","110/08/02","中國信託-忠孝",405,25,380
"7232","2363矽統","110/08/02","富邦證券",16,4082,-4066
"7233","2363矽統","110/08/02","群益金鼎-屏東",349,123,226
"7234","2363矽統","110/08/02","凱基-台北",2669,4466,-1797
"7235","2363矽統","110/08/02","群益金鼎-永和",233,20,213
"7236","2363矽統","110/08/02","台灣摩根士丹利",69,1749,-1680
"7237","2363矽統","110/08/02","富邦-中壢",299,91,208
"7238","2363矽統","110/08/02","新加坡商瑞銀",361,1486,-1125
"7239","2363矽統","110/08/02","永豐金-彰化",188,4,184
"7240","2363矽統","110/08/02","港商野村",619,1622,-1003
"7241","2363矽統","110/08/02","元大-承德",253,73,180
"7242","2363矽統","110/08/02","美商高盛",214,1077,-863
"7243","2363矽統","110/08/02","康和-台中",192,23,169
"7244","2363矽統","110/08/02","兆豐-復興",124,973,-849
"7245","2363矽統","110/08/02","新光",550,382,168
"7246","2363矽統","110/08/02","統一-仁愛",132,666,-534
"7247","2363矽統","110/08/02","元大-萬華",224,61,163
"7248","2363矽統","110/08/02","美林",520,1028,-508
"7249","2363矽統","110/08/02","元大-博愛",204,44,160
"7250","2363矽統","110/08/02","統一-土城",32,536,-504
"7251","2363矽統","110/08/02","兆豐-三民",171,17,154
"7252","2363矽統","110/08/02","華南永昌-斗六",33,526,-493
"7253","2363矽統","110/08/02","元大-新竹",196,44,152
"7254","2363矽統","110/08/02","統一-敦南",35,527,-492
"7255","2363矽統","110/08/02","凱基-三重",178,29,149
"7256","2363矽統","110/08/02","永豐金-員林",12,495,-483
"7257","2363矽統","110/08/02","元大-忠孝",181,38,143
"7258","2363矽統","110/08/02","統一-城中",117,589,-472
"7259","2363矽統","110/08/02","元富-世貿",142,4,138
"7260","2363矽統","110/08/02","摩根大通",1070,1471,-401
"7261","8112至上","110/08/02","合庫證券",213,0,213
"7262","8112至上","110/08/02","台灣摩根士丹利",9,287,-278
"7263","8112至上","110/08/02","凱基-台北",298,152,146
"7264","8112至上","110/08/02","凱基-三重",3,236,-233
"7265","8112至上","110/08/02","大慶",87,0,87
"7266","8112至上","110/08/02","臺銀-鳳山",11,124,-113
"7267","8112至上","110/08/02","凱基-新店",84,0,84
"7268","8112至上","110/08/02","合庫-台中",1,112,-111
"7269","8112至上","110/08/02","香港上海匯豐",76,0,76
"7270","8112至上","110/08/02","土銀-嘉義",0,105,-105
"7271","8112至上","110/08/02","群益金鼎-建成",65,1,64
"7272","8112至上","110/08/02","元大-新莊",2,106,-104
"7273","8112至上","110/08/02","玉山-板橋",63,0,63
"7274","8112至上","110/08/02","台新-建北",0,95,-95
"7275","8112至上","110/08/02","元大-前金",61,2,59
"7276","8112至上","110/08/02","華南永昌-彰化",2,64,-62
"7277","8112至上","110/08/02","台新-台中",58,5,53
"7278","8112至上","110/08/02","群益金鼎-北高雄",3,50,-47
"7279","8112至上","110/08/02","亞東",51,0,51
"7280","8112至上","110/08/02","元大-福營",1,45,-44
"7281","8112至上","110/08/02","美林",49,1,48
"7282","8112至上","110/08/02","永豐金-南京",2,38,-36
"7283","8112至上","110/08/02","摩根大通",114,67,47
"7284","8112至上","110/08/02","亞東-板橋",2,34,-32
"7285","8112至上","110/08/02","美商高盛",46,0,46
"7286","8112至上","110/08/02","元大-台南",2,33,-31
"7287","8112至上","110/08/02","凱基-松山",43,1,42
"7288","8112至上","110/08/02","統一-城中",0,30,-30
"7289","8112至上","110/08/02","群益金鼎-大安",40,0,40
"7290","8112至上","110/08/02","元富-板橋",5,35,-30
"7291","1570力肯","110/08/02","群益金鼎-高雄",11,0,11
"7292","1570力肯","110/08/02","大慶",0,5,-5
"7293","1570力肯","110/08/02","臺銀-臺南",4,0,4
"7294","1570力肯","110/08/02","元大-板橋",0,4,-4
"7295","1570力肯","110/08/02","新光-台中",4,0,4
"7296","1570力肯","110/08/02","玉山證券",0,4,-4
"7297","1570力肯","110/08/02","(牛牛牛)亞-鑫豐",3,0,3
"7298","1570力肯","110/08/02","國泰-台南",0,3,-3
"7299","1570力肯","110/08/02","土銀-白河",2,0,2
"7300","1570力肯","110/08/02","元富-新店",0,3,-3
"7301","1570力肯","110/08/02","統一-松江",2,0,2
"7302","1570力肯","110/08/02","元富-永和",0,2,-2
"7303","1570力肯","110/08/02","中國信託-永康",1,0,1
"7304","1570力肯","110/08/02","凱基-台北",0,2,-2
"7305","1570力肯","110/08/02","凱基-信義",1,0,1
"7306","1570力肯","110/08/02","統一-城中",0,2,-2
"7307","1570力肯","110/08/02","凱基-幸福",1,0,1
"7308","1570力肯","110/08/02","新光",0,1,-1
"7309","1570力肯","110/08/02","元大-歸仁",1,0,1
"7310","1570力肯","110/08/02","凱基-岡山",0,1,-1
"7311","1570力肯","110/08/02","合庫-台中",0,0,0
"7312","1570力肯","110/08/02","富邦-台南",0,1,-1
"7313","1570力肯","110/08/02","康和-板橋",0,0,0
"7314","1570力肯","110/08/02","元大-新盛",0,1,-1
"7315","1570力肯","110/08/02","群益金鼎-鳳山",0,0,0
"7316","1570力肯","110/08/02","永豐金-嘉義",0,1,-1
"7317","1570力肯","110/08/02","元大-樹林",0,0,0
"7318","1570力肯","110/08/02","康和-板橋",0,0,0
"7319","1570力肯","110/08/02","",NA,NA,NA
"7320","1570力肯","110/08/02","合庫-台中",0,0,0
"7321","2929淘帝","110/08/02","元大-民生",29,0,29
"7322","2929淘帝","110/08/02","新加坡商瑞銀",4,70,-66
"7323","2929淘帝","110/08/02","兆豐-桃園",20,0,20
"7324","2929淘帝","110/08/02","富邦-建國",0,26,-26
"7325","2929淘帝","110/08/02","新光",14,0,14
"7326","2929淘帝","110/08/02","美林",0,24,-24
"7327","2929淘帝","110/08/02","兆豐-忠孝",13,0,13
"7328","2929淘帝","110/08/02","元大-和平",0,13,-13
"7329","2929淘帝","110/08/02","兆豐-彰化",12,0,12
"7330","2929淘帝","110/08/02","元大-永和",0,10,-10
"7331","2929淘帝","110/08/02","合庫-高雄",10,0,10
"7332","2929淘帝","110/08/02","日盛-頭份",0,9,-9
"7333","2929淘帝","110/08/02","富邦-台北",10,0,10
"7334","2929淘帝","110/08/02","群益金鼎-中山",0,9,-9
"7335","2929淘帝","110/08/02","國泰-敦南",9,0,9
"7336","2929淘帝","110/08/02","華南永昌-頭份",0,7,-7
"7337","2929淘帝","110/08/02","元富-文心",10,2,8
"7338","2929淘帝","110/08/02","永豐金-敦南",0,7,-7
"7339","2929淘帝","110/08/02","台新-台中",7,0,7
"7340","2929淘帝","110/08/02","凱基-台北",5,11,-6
"7341","2929淘帝","110/08/02","元大-文心",6,0,6
"7342","2929淘帝","110/08/02","臺銀-鳳山",0,5,-5
"7343","2929淘帝","110/08/02","日盛-忠孝",5,0,5
"7344","2929淘帝","110/08/02","凱基-城中",0,5,-5
"7345","2929淘帝","110/08/02","第一金-高雄",5,0,5
"7346","2929淘帝","110/08/02","華南永昌-台中",0,5,-5
"7347","2929淘帝","110/08/02","富邦-基隆",6,1,5
"7348","2929淘帝","110/08/02","元大-博愛",0,5,-5
"7349","2929淘帝","110/08/02","富邦-新店",5,0,5
"7350","2929淘帝","110/08/02","元富-緯城",0,4,-4
"7351","5410國眾","110/08/02","新加坡商瑞銀",19,0,19
"7352","5410國眾","110/08/02","日盛-斗六",0,15,-15
"7353","5410國眾","110/08/02","兆豐-城中",18,0,18
"7354","5410國眾","110/08/02","元大-大同",0,15,-15
"7355","5410國眾","110/08/02","日盛-新莊",10,0,10
"7356","5410國眾","110/08/02","元大-博愛",0,10,-10
"7357","5410國眾","110/08/02","元富-佳里",10,0,10
"7358","5410國眾","110/08/02","凱基-台北",0,7,-7
"7359","5410國眾","110/08/02","摩根大通",9,0,9
"7360","5410國眾","110/08/02","臺銀-臺南",0,6,-6
"7361","5410國眾","110/08/02","國泰-桃園",6,0,6
"7362","5410國眾","110/08/02","元富-嘉義",0,6,-6
"7363","5410國眾","110/08/02","元富-新竹",5,0,5
"7364","5410國眾","110/08/02","第一金-中壢",0,5,-5
"7365","5410國眾","110/08/02","元大-復北",5,0,5
"7366","5410國眾","110/08/02","致和證券",0,5,-5
"7367","5410國眾","110/08/02","永豐金-桃園",5,0,5
"7368","5410國眾","110/08/02","群益金鼎-土城",0,5,-5
"7369","5410國眾","110/08/02","安泰-楠梓",4,0,4
"7370","5410國眾","110/08/02","華南永昌-中正",0,5,-5
"7371","5410國眾","110/08/02","台灣企銀-太平",3,0,3
"7372","5410國眾","110/08/02","元大-新莊",0,5,-5
"7373","5410國眾","110/08/02","新光",3,0,3
"7374","5410國眾","110/08/02","土銀-新竹",0,4,-4
"7375","5410國眾","110/08/02","富邦-內湖",3,0,3
"7376","5410國眾","110/08/02","日盛-員林",0,3,-3
"7377","5410國眾","110/08/02","中國信託-新竹",2,0,2
"7378","5410國眾","110/08/02","元大-新竹經國",0,3,-3
"7379","5410國眾","110/08/02","華南永昌-楠梓",2,0,2
"7380","5410國眾","110/08/02","元富-緯城",0,2,-2
"7381","2841台開","110/08/02","富邦-敦南",71,0,71
"7382","2841台開","110/08/02","永豐金-松山",0,91,-91
"7383","2841台開","110/08/02","國泰-館前",38,0,38
"7384","2841台開","110/08/02","元大-蘆洲",0,40,-40
"7385","2841台開","110/08/02","台中銀",19,0,19
"7386","2841台開","110/08/02","凱基-台北",2,33,-31
"7387","2841台開","110/08/02","元富-烏日",18,0,18
"7388","2841台開","110/08/02","兆豐-寶成",0,20,-20
"7389","2841台開","110/08/02","國泰-板橋",15,0,15
"7390","2841台開","110/08/02","華南永昌-民權",0,20,-20
"7391","2841台開","110/08/02","元大-台中",15,0,15
"7392","2841台開","110/08/02","國票-敦北法人",0,18,-18
"7393","2841台開","110/08/02","元大-福營",15,0,15
"7394","2841台開","110/08/02","第一金-路竹",0,17,-17
"7395","2841台開","110/08/02","日盛-花蓮",14,0,14
"7396","2841台開","110/08/02","中國信託-高雄",0,15,-15
"7397","2841台開","110/08/02","新光",12,0,12
"7398","2841台開","110/08/02","日進",0,10,-10
"7399","2841台開","110/08/02","永豐金-敦南",62,51,11
"7400","2841台開","110/08/02","統一-三多",0,10,-10
"7401","2841台開","110/08/02","日盛-台中",10,0,10
"7402","2841台開","110/08/02","元大-路竹",0,10,-10
"7403","2841台開","110/08/02","群益金鼎-崇德",10,0,10
"7404","2841台開","110/08/02","元大-中和",0,10,-10
"7405","2841台開","110/08/02","元大-南海",10,0,10
"7406","2841台開","110/08/02","宏遠-桃園",0,9,-9
"7407","2841台開","110/08/02","國泰-桃園",8,0,8
"7408","2841台開","110/08/02","大昌-新店",0,6,-6
"7409","2841台開","110/08/02","台新-台中",6,0,6
"7410","2841台開","110/08/02","國票-天祥",0,6,-6
"7411","6207雷科","110/08/02","摩根大通",173,19,154
"7412","6207雷科","110/08/02","凱基-高雄",0,50,-50
"7413","6207雷科","110/08/02","凱基-台北",150,10,140
"7414","6207雷科","110/08/02","群益金鼎-東門",0,26,-26
"7415","6207雷科","110/08/02","華南永昌-朴子",55,0,55
"7416","6207雷科","110/08/02","富邦-竹東",0,25,-25
"7417","6207雷科","110/08/02","新加坡商瑞銀",51,5,46
"7418","6207雷科","110/08/02","華南永昌-東勢",3,27,-24
"7419","6207雷科","110/08/02","元大-西門",54,12,42
"7420","6207雷科","110/08/02","富邦-岡山",1,25,-24
"7421","6207雷科","110/08/02","兆豐-景美",42,2,40
"7422","6207雷科","110/08/02","台灣摩根士丹利",0,22,-22
"7423","6207雷科","110/08/02","日盛-忠孝",35,0,35
"7424","6207雷科","110/08/02","國泰-高雄",1,23,-22
"7425","6207雷科","110/08/02","美林",25,0,25
"7426","6207雷科","110/08/02","富邦-建國",0,17,-17
"7427","6207雷科","110/08/02","日盛-北高雄",16,0,16
"7428","6207雷科","110/08/02","元大-上新莊",0,16,-16
"7429","6207雷科","110/08/02","統一-板橋",15,0,15
"7430","6207雷科","110/08/02","中國信託-高雄",0,15,-15
"7431","6207雷科","110/08/02","凱基-市政",15,0,15
"7432","6207雷科","110/08/02","宏遠證券",0,13,-13
"7433","6207雷科","110/08/02","新光-新竹",16,2,14
"7434","6207雷科","110/08/02","凱基-彰化",0,13,-13
"7435","6207雷科","110/08/02","港商野村",23,12,11
"7436","6207雷科","110/08/02","永豐金-內湖",0,13,-13
"7437","6207雷科","110/08/02","統一-南京",11,0,11
"7438","6207雷科","110/08/02","新百王",0,12,-12
"7439","6207雷科","110/08/02","元大-嘉義",11,0,11
"7440","6207雷科","110/08/02","玉山-大里",0,12,-12
"7441","3679新至陞","110/08/02","元大-成功",26,0,26
"7442","3679新至陞","110/08/02","富邦-陽明",1,34,-33
"7443","3679新至陞","110/08/02","元大-樹林",20,0,20
"7444","3679新至陞","110/08/02","富邦-中壢",0,20,-20
"7445","3679新至陞","110/08/02","(牛牛牛)亞-網路",18,0,18
"7446","3679新至陞","110/08/02","凱基-台北",34,48,-14
"7447","3679新至陞","110/08/02","凱基-中山",12,0,12
"7448","3679新至陞","110/08/02","永豐金證券",0,14,-14
"7449","3679新至陞","110/08/02","統一",21,11,10
"7450","3679新至陞","110/08/02","臺銀-臺南",2,14,-12
"7451","3679新至陞","110/08/02","玉山-台大",10,0,10
"7452","3679新至陞","110/08/02","摩根大通",20,32,-12
"7453","3679新至陞","110/08/02","台中銀",8,0,8
"7454","3679新至陞","110/08/02","富邦-嘉義",0,10,-10
"7455","3679新至陞","110/08/02","港商野村",8,2,6
"7456","3679新至陞","110/08/02","國票-北高雄",1,10,-9
"7457","3679新至陞","110/08/02","群益金鼎-丹鳳",6,0,6
"7458","3679新至陞","110/08/02","台新-台中",0,9,-9
"7459","3679新至陞","110/08/02","元大-高雄",6,0,6
"7460","3679新至陞","110/08/02","凱基-宜蘭",0,7,-7
"7461","3679新至陞","110/08/02","新加坡商瑞銀",5,0,5
"7462","3679新至陞","110/08/02","凱基-埔墘",0,7,-7
"7463","3679新至陞","110/08/02","台灣摩根士丹利",13,9,4
"7464","3679新至陞","110/08/02","永豐金-台中",0,7,-7
"7465","3679新至陞","110/08/02","第一金-華江",4,0,4
"7466","3679新至陞","110/08/02","永豐金-潮州",0,7,-7
"7467","3679新至陞","110/08/02","新光",11,7,4
"7468","3679新至陞","110/08/02","凱基-五股",0,6,-6
"7469","3679新至陞","110/08/02","國泰-館前",4,0,4
"7470","3679新至陞","110/08/02","富邦-建國",0,6,-6
"7471","2727王品","110/08/02","摩根大通",38,5,33
"7472","2727王品","110/08/02","台灣摩根士丹利",13,170,-157
"7473","2727王品","110/08/02","日盛-忠孝",33,3,30
"7474","2727王品","110/08/02","華南永昌",7,156,-149
"7475","2727王品","110/08/02","凱基-天母",30,0,30
"7476","2727王品","110/08/02","凱基-台北",37,57,-20
"7477","2727王品","110/08/02","花旗環球",17,0,17
"7478","2727王品","110/08/02","國票-北高雄",1,19,-18
"7479","2727王品","110/08/02","永豐金-竹科",20,5,15
"7480","2727王品","110/08/02","港商野村",39,54,-15
"7481","2727王品","110/08/02","彰銀-台中",16,2,14
"7482","2727王品","110/08/02","元大-四維",1,15,-14
"7483","2727王品","110/08/02","國票-內壢",14,0,14
"7484","2727王品","110/08/02","美林",12,25,-13
"7485","2727王品","110/08/02","新光-台中",17,3,14
"7486","2727王品","110/08/02","瑞士信貸",0,12,-12
"7487","2727王品","110/08/02","永豐金-南京",16,3,13
"7488","2727王品","110/08/02","元大-北成功",0,10,-10
"7489","2727王品","110/08/02","元大-樹林",13,1,12
"7490","2727王品","110/08/02","元大-崇德",0,8,-8
"7491","2727王品","110/08/02","國泰-板橋",17,7,10
"7492","2727王品","110/08/02","永豐金-內湖",3,10,-7
"7493","2727王品","110/08/02","凱基-埔墘",10,0,10
"7494","2727王品","110/08/02","大昌",5,11,-6
"7495","2727王品","110/08/02","元大-豐原",10,0,10
"7496","2727王品","110/08/02","華南永昌-斗六",2,8,-6
"7497","2727王品","110/08/02","元大-桃園",10,0,10
"7498","2727王品","110/08/02","國泰-台中",4,9,-5
"7499","2727王品","110/08/02","凱基-科園",9,0,9
"7500","2727王品","110/08/02","群益金鼎-土城",0,5,-5
"7501","1570力肯","110/08/02","群益金鼎-高雄",11,0,11
"7502","1570力肯","110/08/02","大慶",0,5,-5
"7503","1570力肯","110/08/02","臺銀-臺南",4,0,4
"7504","1570力肯","110/08/02","元大-板橋",0,4,-4
"7505","1570力肯","110/08/02","新光-台中",4,0,4
"7506","1570力肯","110/08/02","玉山證券",0,4,-4
"7507","1570力肯","110/08/02","(牛牛牛)亞-鑫豐",3,0,3
"7508","1570力肯","110/08/02","國泰-台南",0,3,-3
"7509","1570力肯","110/08/02","土銀-白河",2,0,2
"7510","1570力肯","110/08/02","元富-新店",0,3,-3
"7511","1570力肯","110/08/02","統一-松江",2,0,2
"7512","1570力肯","110/08/02","元富-永和",0,2,-2
"7513","1570力肯","110/08/02","中國信託-永康",1,0,1
"7514","1570力肯","110/08/02","凱基-台北",0,2,-2
"7515","1570力肯","110/08/02","凱基-信義",1,0,1
"7516","1570力肯","110/08/02","統一-城中",0,2,-2
"7517","1570力肯","110/08/02","凱基-幸福",1,0,1
"7518","1570力肯","110/08/02","新光",0,1,-1
"7519","1570力肯","110/08/02","元大-歸仁",1,0,1
"7520","1570力肯","110/08/02","凱基-岡山",0,1,-1
"7521","1570力肯","110/08/02","合庫-台中",0,0,0
"7522","1570力肯","110/08/02","富邦-台南",0,1,-1
"7523","1570力肯","110/08/02","康和-板橋",0,0,0
"7524","1570力肯","110/08/02","元大-新盛",0,1,-1
"7525","1570力肯","110/08/02","群益金鼎-鳳山",0,0,0
"7526","1570力肯","110/08/02","永豐金-嘉義",0,1,-1
"7527","1570力肯","110/08/02","元大-樹林",0,0,0
"7528","1570力肯","110/08/02","康和-板橋",0,0,0
"7529","1570力肯","110/08/02","",NA,NA,NA
"7530","1570力肯","110/08/02","合庫-台中",0,0,0
"7531","6180橘子","110/08/02","美商高盛",21,8,13
"7532","6180橘子","110/08/02","國票-嘉義",0,29,-29
"7533","6180橘子","110/08/02","統一-彰化",10,0,10
"7534","6180橘子","110/08/02","新加坡商瑞銀",0,21,-21
"7535","6180橘子","110/08/02","中國信託-高雄",10,0,10
"7536","6180橘子","110/08/02","凱基-台北",20,40,-20
"7537","6180橘子","110/08/02","兆豐-斗南",10,0,10
"7538","6180橘子","110/08/02","摩根大通",3,15,-12
"7539","6180橘子","110/08/02","兆豐-埔墘",10,0,10
"7540","6180橘子","110/08/02","第一金-桃園",0,10,-10
"7541","6180橘子","110/08/02","玉山證券",10,0,10
"7542","6180橘子","110/08/02","凱基-東港",0,10,-10
"7543","6180橘子","110/08/02","富邦-羅東",8,1,7
"7544","6180橘子","110/08/02","元大-桃園",0,10,-10
"7545","6180橘子","110/08/02","元大證券",7,0,7
"7546","6180橘子","110/08/02","元大-館前",0,9,-9
"7547","6180橘子","110/08/02","元大-復北",7,0,7
"7548","6180橘子","110/08/02","台灣摩根士丹利",3,10,-7
"7549","6180橘子","110/08/02","華南永昌-長虹",6,0,6
"7550","6180橘子","110/08/02","光和-花壇",0,5,-5
"7551","6180橘子","110/08/02","元富-文心",5,0,5
"7552","6180橘子","110/08/02","玉山-嘉義",0,5,-5
"7553","6180橘子","110/08/02","台新-新莊",5,0,5
"7554","6180橘子","110/08/02","凱基-松山",0,5,-5
"7555","6180橘子","110/08/02","康和-嘉義",5,0,5
"7556","6180橘子","110/08/02","永豐金-員林",0,4,-4
"7557","6180橘子","110/08/02","凱基-興隆",5,0,5
"7558","6180橘子","110/08/02","元富-大裕",0,3,-3
"7559","6180橘子","110/08/02","華南永昌-楠梓",5,0,5
"7560","6180橘子","110/08/02","富邦-板橋",0,3,-3
"7561","2390云辰","110/08/02","摩根大通",1945,913,1032
"7562","2390云辰","110/08/02","華南永昌-鳳山",154,448,-294
"7563","2390云辰","110/08/02","富邦-陽明",118,11,107
"7564","2390云辰","110/08/02","群益金鼎-三重",1,168,-167
"7565","2390云辰","110/08/02","兆豐-三民",153,62,91
"7566","2390云辰","110/08/02","統一-內湖",5,102,-97
"7567","2390云辰","110/08/02","光和-嘉義",83,4,79
"7568","2390云辰","110/08/02","台新證券",235,320,-85
"7569","2390云辰","110/08/02","華南永昌-新莊",78,4,74
"7570","2390云辰","110/08/02","統一-新台中",8,87,-79
"7571","2390云辰","110/08/02","統一-城中",182,111,71
"7572","2390云辰","110/08/02","美商高盛",10,88,-78
"7573","2390云辰","110/08/02","台灣摩根士丹利",153,85,68
"7574","2390云辰","110/08/02","元大-汐止",57,130,-73
"7575","2390云辰","110/08/02","凱基-和平",115,47,68
"7576","2390云辰","110/08/02","港商野村",580,638,-58
"7577","2390云辰","110/08/02","華南永昌-公誠",75,13,62
"7578","2390云辰","110/08/02","元富-板橋",5,61,-56
"7579","2390云辰","110/08/02","永豐金-竹科",71,9,62
"7580","2390云辰","110/08/02","新加坡商瑞銀",11,66,-55
"7581","2390云辰","110/08/02","新光",160,100,60
"7582","2390云辰","110/08/02","元大-豐原",6,56,-50
"7583","2390云辰","110/08/02","凱基-岡山",61,1,60
"7584","2390云辰","110/08/02","元大-土城",5,55,-50
"7585","2390云辰","110/08/02","美林",254,195,59
"7586","2390云辰","110/08/02","凱基-站前",1,49,-48
"7587","2390云辰","110/08/02","凱基-大里",76,22,54
"7588","2390云辰","110/08/02","元大-中壢",6,54,-48
"7589","2390云辰","110/08/02","元大-鳳中",60,8,52
"7590","2390云辰","110/08/02","日盛證券",48,95,-47
"7591","1471首利","110/07/29","宏遠-光隆",35,0,35
"7592","1471首利","110/07/29","摩根大通",24,132,-108
"7593","1471首利","110/07/29","玉山-桃園",33,3,30
"7594","1471首利","110/07/29","台灣企銀-太平",0,60,-60
"7595","1471首利","110/07/29","富邦-台南",30,0,30
"7596","1471首利","110/07/29","元大-斗六",0,40,-40
"7597","1471首利","110/07/29","臺灣企銀-桃園",25,0,25
"7598","1471首利","110/07/29","元大-歸仁",0,23,-23
"7599","1471首利","110/07/29","元富-草屯",15,0,15
"7600","1471首利","110/07/29","日盛-永康",0,20,-20
"7601","1471首利","110/07/29","新光-桃園",15,0,15
"7602","1471首利","110/07/29","台中銀-員林",0,20,-20
"7603","1471首利","110/07/29","元大-博愛",15,2,13
"7604","1471首利","110/07/29","凱基-東門",0,14,-14
"7605","1471首利","110/07/29","臺銀-鳳山",12,0,12
"7606","1471首利","110/07/29","元大-草屯",1,15,-14
"7607","1471首利","110/07/29","元富-新莊",11,0,11
"7608","1471首利","110/07/29","元大-新竹經國",0,13,-13
"7609","1471首利","110/07/29","兆豐-來福",11,0,11
"7610","1471首利","110/07/29","日盛-土城",0,10,-10
"7611","1471首利","110/07/29","統一-新營",10,0,10
"7612","1471首利","110/07/29","美林",0,10,-10
"7613","1471首利","110/07/29","光和-溪湖",10,0,10
"7614","1471首利","110/07/29","永興-水湳",0,10,-10
"7615","1471首利","110/07/29","台新-左楠",10,0,10
"7616","1471首利","110/07/29","玉山證券",0,10,-10
"7617","1471首利","110/07/29","群益金鼎-台中",10,0,10
"7618","1471首利","110/07/29","群益金鼎-海山",2,12,-10
"7619","1471首利","110/07/29","凱基-內埔",10,0,10
"7620","1471首利","110/07/29","凱基-羅東",0,10,-10
"7621","2883開發金","110/07/29","國泰證券",2782,3,2779
"7622","2883開發金","110/07/29","永豐金證券",223,3618,-3395
"7623","2883開發金","110/07/29","凱基-台北",2299,284,2015
"7624","2883開發金","110/07/29","摩根大通",411,2625,-2214
"7625","2883開發金","110/07/29","第一金",1539,7,1532
"7626","2883開發金","110/07/29","台灣企銀",5,1717,-1712
"7627","2883開發金","110/07/29","港商野村",1983,585,1398
"7628","2883開發金","110/07/29","新加坡商瑞銀",843,2324,-1481
"7629","2883開發金","110/07/29","元富",1805,427,1378
"7630","2883開發金","110/07/29","港商麥格理",0,1129,-1129
"7631","2883開發金","110/07/29","台灣摩根士丹利",1634,398,1236
"7632","2883開發金","110/07/29","元大-學甲",1,953,-952
"7633","2883開發金","110/07/29","花旗環球",932,0,932
"7634","2883開發金","110/07/29","國票-博愛",100,1025,-925
"7635","2883開發金","110/07/29","凱基-敦北",590,5,585
"7636","2883開發金","110/07/29","國泰-館前",220,944,-724
"7637","2883開發金","110/07/29","國票-長城",506,4,502
"7638","2883開發金","110/07/29","兆豐-高雄",33,650,-617
"7639","2883開發金","110/07/29","港商法國興業",506,18,488
"7640","2883開發金","110/07/29","元富-緯城",1,513,-512
"7641","2883開發金","110/07/29","台新證券",753,287,466
"7642","2883開發金","110/07/29","美林",232,698,-466
"7643","2883開發金","110/07/29","元大-鳳中",495,71,424
"7644","2883開發金","110/07/29","元富-城中",50,513,-463
"7645","2883開發金","110/07/29","日茂",374,3,371
"7646","2883開發金","110/07/29","致和-崇德",0,404,-404
"7647","2883開發金","110/07/29","大和國泰",368,0,368
"7648","2883開發金","110/07/29","永豐金-板橋",123,506,-383
"7649","2883開發金","110/07/29","新光",603,243,360
"7650","2883開發金","110/07/29","中國信託-忠孝",100,423,-323
"7651","6205詮欣","110/07/29","臺銀-鳳山",31,0,31
"7652","6205詮欣","110/07/29","永豐金-敦南",0,53,-53
"7653","6205詮欣","110/07/29","摩根大通",16,2,14
"7654","6205詮欣","110/07/29","元大-土城學府",2,16,-14
"7655","6205詮欣","110/07/29","臺銀",10,0,10
"7656","6205詮欣","110/07/29","元富-潮州",0,11,-11
"7657","6205詮欣","110/07/29","日盛證券",10,0,10
"7658","6205詮欣","110/07/29","元大-清水",0,10,-10
"7659","6205詮欣","110/07/29","兆豐-新莊",10,0,10
"7660","6205詮欣","110/07/29","日盛-三重",0,7,-7
"7661","6205詮欣","110/07/29","元大-南屯",10,0,10
"7662","6205詮欣","110/07/29","日盛-屏東",0,6,-6
"7663","6205詮欣","110/07/29","富邦-建國",4,0,4
"7664","6205詮欣","110/07/29","華南永昌-公誠",0,5,-5
"7665","6205詮欣","110/07/29","富邦-南屯",4,0,4
"7666","6205詮欣","110/07/29","元大-南京",0,5,-5
"7667","6205詮欣","110/07/29","臺銀-臺中",3,0,3
"7668","6205詮欣","110/07/29","瑞士信貸",0,4,-4
"7669","6205詮欣","110/07/29","日盛-和美",3,0,3
"7670","6205詮欣","110/07/29","凱基-大安",0,4,-4
"7671","6205詮欣","110/07/29","德信-新營",3,0,3
"7672","6205詮欣","110/07/29","元大-大里德芳",0,4,-4
"7673","6205詮欣","110/07/29","兆豐-景美",3,0,3
"7674","6205詮欣","110/07/29","合庫-基隆",0,2,-2
"7675","6205詮欣","110/07/29","國票",3,0,3
"7676","6205詮欣","110/07/29","中國信託-永康",0,2,-2
"7677","6205詮欣","110/07/29","國票-南崁",3,0,3
"7678","6205詮欣","110/07/29","兆豐-小港",0,2,-2
"7679","6205詮欣","110/07/29","元大-蘆洲",3,0,3
"7680","6205詮欣","110/07/29","康和-台中",0,2,-2
"7681","1540喬福","110/07/29","高橋-龍潭",10,0,10
"7682","1540喬福","110/07/29","統一-新台中",0,19,-19
"7683","1540喬福","110/07/29","富邦-南屯",10,0,10
"7684","1540喬福","110/07/29","元富-大昌",0,10,-10
"7685","1540喬福","110/07/29","元大-斗六",5,0,5
"7686","1540喬福","110/07/29","大昌-新店",0,6,-6
"7687","1540喬福","110/07/29","兆豐-北高雄",3,0,3
"7688","1540喬福","110/07/29","凱基-台北",0,3,-3
"7689","1540喬福","110/07/29","元大-大安",3,0,3
"7690","1540喬福","110/07/29","台新-台中",0,2,-2
"7691","1540喬福","110/07/29","永豐金-台中",3,0,3
"7692","1540喬福","110/07/29","群益金鼎-嘉義",0,2,-2
"7693","1540喬福","110/07/29","臺銀-金山",2,0,2
"7694","1540喬福","110/07/29","凱基-天母",0,2,-2
"7695","1540喬福","110/07/29","日盛-士林",2,0,2
"7696","1540喬福","110/07/29","花旗環球",0,1,-1
"7697","1540喬福","110/07/29","元大-土城學府",2,0,2
"7698","1540喬福","110/07/29","第一金-大稻埕",0,1,-1
"7699","1540喬福","110/07/29","元大-南京",2,0,2
"7700","1540喬福","110/07/29","統一-嘉義",0,1,-1
"7701","1540喬福","110/07/29","臺銀-臺南",1,0,1
"7702","1540喬福","110/07/29","元富-中港",0,1,-1
"7703","1540喬福","110/07/29","第一金-台南",1,0,1
"7704","1540喬福","110/07/29","(牛牛牛)亞-網路",0,1,-1
"7705","1540喬福","110/07/29","台中銀-豐原",1,0,1
"7706","1540喬福","110/07/29","玉山-高雄",0,1,-1
"7707","1540喬福","110/07/29","中國信託-高雄",1,0,1
"7708","1540喬福","110/07/29","群益金鼎-台南",0,1,-1
"7709","1540喬福","110/07/29","兆豐-台中港",1,0,1
"7710","1540喬福","110/07/29","凱基-鳳山",0,1,-1
"7711","2888新光金","110/07/29","美商高盛",6409,110,6299
"7712","2888新光金","110/07/29","元大-忠孝鼎富",0,6714,-6714
"7713","2888新光金","110/07/29","台灣摩根士丹利",4583,443,4140
"7714","2888新光金","110/07/29","凱基-台北",5855,11898,-6043
"7715","2888新光金","110/07/29","元富-草屯",2193,2,2191
"7716","2888新光金","110/07/29","瑞士信貸",161,6090,-5929
"7717","2888新光金","110/07/29","華南永昌-南京",2059,21,2038
"7718","2888新光金","110/07/29","永豐金-萬盛",124,3599,-3475
"7719","2888新光金","110/07/29","凱基-市政",1558,0,1558
"7720","2888新光金","110/07/29","群益金鼎-大安",2,3306,-3304
"7721","2888新光金","110/07/29","法銀巴黎",1234,0,1234
"7722","2888新光金","110/07/29","凱基-復興",15,3015,-3000
"7723","2888新光金","110/07/29","永豐金-台中",1166,49,1117
"7724","2888新光金","110/07/29","新加坡商瑞銀",1429,4265,-2836
"7725","2888新光金","110/07/29","群益金鼎-崇德",1083,10,1073
"7726","2888新光金","110/07/29","凱基-大安",10,2564,-2554
"7727","2888新光金","110/07/29","兆豐-竹北",1002,29,973
"7728","2888新光金","110/07/29","中國信託",46,2012,-1966
"7729","2888新光金","110/07/29","美林",1767,804,963
"7730","2888新光金","110/07/29","群益金鼎-台北",10,1875,-1865
"7731","2888新光金","110/07/29","元大-三重",882,0,882
"7732","2888新光金","110/07/29","元富-城東",142,1856,-1714
"7733","2888新光金","110/07/29","元大-豐原站前",983,114,869
"7734","2888新光金","110/07/29","華南永昌-忠孝",10,1600,-1590
"7735","2888新光金","110/07/29","元大-北港",868,5,863
"7736","2888新光金","110/07/29","永豐金-信義",10,1497,-1487
"7737","2888新光金","110/07/29","合庫-台中",891,54,837
"7738","2888新光金","110/07/29","富邦-建國",350,1736,-1386
"7739","2888新光金","110/07/29","統一-汐止",725,14,711
"7740","2888新光金","110/07/29","富邦-新營",60,1402,-1342
"7741","1340勝悅","110/07/29","新光-新竹",18,0,18
"7742","1340勝悅","110/07/29","瑞士信貸",0,8,-8
"7743","1340勝悅","110/07/29","華南永昌-彰化",5,0,5
"7744","1340勝悅","110/07/29","台新證券",0,7,-7
"7745","1340勝悅","110/07/29","元大-六合",5,0,5
"7746","1340勝悅","110/07/29","元富-緯城",0,5,-5
"7747","1340勝悅","110/07/29","第一金-自由",4,0,4
"7748","1340勝悅","110/07/29","兆豐-南京",0,5,-5
"7749","1340勝悅","110/07/29","新光",4,0,4
"7750","1340勝悅","110/07/29","富邦-南屯",0,5,-5
"7751","1340勝悅","110/07/29","美商高盛",3,0,3
"7752","1340勝悅","110/07/29","元富-安南",0,4,-4
"7753","1340勝悅","110/07/29","元富-彰化",3,0,3
"7754","1340勝悅","110/07/29","兆豐-三民",0,4,-4
"7755","1340勝悅","110/07/29","大昌",2,0,2
"7756","1340勝悅","110/07/29","兆豐-松德",0,4,-4
"7757","1340勝悅","110/07/29","兆豐-大安",2,0,2
"7758","1340勝悅","110/07/29","國票-台中",0,4,-4
"7759","1340勝悅","110/07/29","摩根大通",2,0,2
"7760","1340勝悅","110/07/29","第一金-路竹",0,3,-3
"7761","1340勝悅","110/07/29","新光-台中",2,0,2
"7762","1340勝悅","110/07/29","統一-城中",2,4,-2
"7763","1340勝悅","110/07/29","凱基-八德",2,0,2
"7764","1340勝悅","110/07/29","元富-同大",0,2,-2
"7765","1340勝悅","110/07/29","合庫-高雄",1,0,1
"7766","1340勝悅","110/07/29","台新-高雄",0,2,-2
"7767","1340勝悅","110/07/29","日進",1,0,1
"7768","1340勝悅","110/07/29","凱基-北門",0,2,-2
"7769","1340勝悅","110/07/29","新光-台南",1,0,1
"7770","1340勝悅","110/07/29","元大-汐止",0,2,-2
"7771","6246臺龍","110/07/29","港商野村",38,1,37
"7772","6246臺龍","110/07/29","玉山-台南",0,27,-27
"7773","6246臺龍","110/07/29","凱基-幸福",25,0,25
"7774","6246臺龍","110/07/29","國泰-忠孝",0,25,-25
"7775","6246臺龍","110/07/29","亞東-板橋",16,0,16
"7776","6246臺龍","110/07/29","光和",0,21,-21
"7777","6246臺龍","110/07/29","元大-台中",10,0,10
"7778","6246臺龍","110/07/29","第一金-安和",0,20,-20
"7779","6246臺龍","110/07/29","兆豐-松德",9,0,9
"7780","6246臺龍","110/07/29","兆豐-竹北",5,25,-20
"7781","6246臺龍","110/07/29","兆豐-公益",8,0,8
"7782","6246臺龍","110/07/29","元大-大里",0,20,-20
"7783","6246臺龍","110/07/29","華南永昌",7,0,7
"7784","6246臺龍","110/07/29","台新-台南",0,15,-15
"7785","6246臺龍","110/07/29","日盛-斗六",6,0,6
"7786","6246臺龍","110/07/29","永豐金-羅東",2,15,-13
"7787","6246臺龍","110/07/29","元富-中港",6,0,6
"7788","6246臺龍","110/07/29","元大-博愛",1,10,-9
"7789","6246臺龍","110/07/29","台新證券",8,2,6
"7790","6246臺龍","110/07/29","宏遠-台中",0,5,-5
"7791","6246臺龍","110/07/29","臺銀-臺中",5,0,5
"7792","6246臺龍","110/07/29","台新-左楠",0,5,-5
"7793","6246臺龍","110/07/29","元富-宜蘭",5,0,5
"7794","6246臺龍","110/07/29","中農",0,5,-5
"7795","6246臺龍","110/07/29","德信-新營",5,0,5
"7796","6246臺龍","110/07/29","群益金鼎-竹南",0,5,-5
"7797","6246臺龍","110/07/29","新光-新竹",5,0,5
"7798","6246臺龍","110/07/29","凱基-科園",0,5,-5
"7799","6246臺龍","110/07/29","國泰-敦南",10,5,5
"7800","6246臺龍","110/07/29","日盛-宜蘭",1,5,-4
"7801","00715L期街口布蘭特正2","110/07/29","永豐金證券",2129,2,2127
"7802","00715L期街口布蘭特正2","110/07/29","國票-博愛",55,702,-647
"7803","00715L期街口布蘭特正2","110/07/29","元大證券",1918,115,1803
"7804","00715L期街口布蘭特正2","110/07/29","富邦-彰化",0,605,-605
"7805","00715L期街口布蘭特正2","110/07/29","統一",1050,313,737
"7806","00715L期街口布蘭特正2","110/07/29","元大-前金",0,440,-440
"7807","00715L期街口布蘭特正2","110/07/29","港商野村",821,263,558
"7808","00715L期街口布蘭特正2","110/07/29","群益金鼎-崇德",0,340,-340
"7809","00715L期街口布蘭特正2","110/07/29","永豐金-內湖",500,0,500
"7810","00715L期街口布蘭特正2","110/07/29","元富-板橋",7,330,-323
"7811","00715L期街口布蘭特正2","110/07/29","元富-大裕",505,23,482
"7812","00715L期街口布蘭特正2","110/07/29","元大-三重",3,200,-197
"7813","00715L期街口布蘭特正2","110/07/29","國票-台中",276,0,276
"7814","00715L期街口布蘭特正2","110/07/29","凱基-東勢",5,194,-189
"7815","00715L期街口布蘭特正2","110/07/29","統一-高雄",300,118,182
"7816","00715L期街口布蘭特正2","110/07/29","富邦-台北",0,181,-181
"7817","00715L期街口布蘭特正2","110/07/29","群益金鼎-瑞豐",180,0,180
"7818","00715L期街口布蘭特正2","110/07/29","大慶-中和",0,174,-174
"7819","00715L期街口布蘭特正2","110/07/29","元大-南崁",128,0,128
"7820","00715L期街口布蘭特正2","110/07/29","永豐金-萬盛",0,153,-153
"7821","00715L期街口布蘭特正2","110/07/29","大慶-蘆洲",106,0,106
"7822","00715L期街口布蘭特正2","110/07/29","元大-開元",0,151,-151
"7823","00715L期街口布蘭特正2","110/07/29","統一-中壢",100,0,100
"7824","00715L期街口布蘭特正2","110/07/29","日盛-新竹",0,126,-126
"7825","00715L期街口布蘭特正2","110/07/29","第一金-自由",100,2,98
"7826","00715L期街口布蘭特正2","110/07/29","凱基-豐中",0,123,-123
"7827","00715L期街口布蘭特正2","110/07/29","華南永昌-內壢",100,2,98
"7828","00715L期街口布蘭特正2","110/07/29","元大-東泰",0,122,-122
"7829","00715L期街口布蘭特正2","110/07/29","永豐金-板橋",98,0,98
"7830","00715L期街口布蘭特正2","110/07/29","台新-高雄",0,121,-121
"7831","8941關中","110/07/29","富邦-仁愛",1,0,1
"7832","8941關中","110/07/29","富邦-員林",0,1,-1
"7833","8941關中","110/07/29","康和-板橋",0,0,0
"7834","8941關中","110/07/29","康和-板橋",0,0,0
"7835","8941關中","110/07/29","玉山證券",0,0,0
"7836","8941關中","110/07/29","玉山證券",0,0,0
"7837","8941關中","110/07/29","玉山-數位",0,0,0
"7838","8941關中","110/07/29","玉山-數位",0,0,0
"7839","8941關中","110/07/29","凱基-市府",0,0,0
"7840","8941關中","110/07/29","凱基-市府",0,0,0
"7841","8941關中","110/07/29","元大-鶯歌",0,0,0
"7842","8941關中","110/07/29","元大-鶯歌",0,0,0
"7843","8941關中","110/07/29","元大-花蓮",0,0,0
"7844","8941關中","110/07/29","元大-花蓮",0,0,0
"7845","8941關中","110/07/29","",NA,NA,NA
"7846","8941關中","110/07/29","",NA,NA,NA
"7847","8941關中","110/07/29","",NA,NA,NA
"7848","8941關中","110/07/29","",NA,NA,NA
"7849","8941關中","110/07/29","",NA,NA,NA
"7850","8941關中","110/07/29","",NA,NA,NA
"7851","8941關中","110/07/29","",NA,NA,NA
"7852","8941關中","110/07/29","",NA,NA,NA
"7853","8941關中","110/07/29","",NA,NA,NA
"7854","8941關中","110/07/29","",NA,NA,NA
"7855","8941關中","110/07/29","",NA,NA,NA
"7856","8941關中","110/07/29","",NA,NA,NA
"7857","8941關中","110/07/29","",NA,NA,NA
"7858","8941關中","110/07/29","",NA,NA,NA
"7859","8941關中","110/07/29","",NA,NA,NA
"7860","8941關中","110/07/29","",NA,NA,NA
"7861","8936國統","110/07/29","新加坡商瑞銀",89,19,70
"7862","8936國統","110/07/29","日盛-忠孝",11,135,-124
"7863","8936國統","110/07/29","瑞士信貸",55,3,52
"7864","8936國統","110/07/29","元富-敦南",0,80,-80
"7865","8936國統","110/07/29","凱基-台北",48,3,45
"7866","8936國統","110/07/29","康和",0,20,-20
"7867","8936國統","110/07/29","摩根大通",97,60,37
"7868","8936國統","110/07/29","元大-竹科",0,20,-20
"7869","8936國統","110/07/29","美林",27,2,25
"7870","8936國統","110/07/29","永豐金-桃園",0,19,-19
"7871","8936國統","110/07/29","凱基-三多",25,0,25
"7872","8936國統","110/07/29","群益金鼎-高盛",0,14,-14
"7873","8936國統","110/07/29","凱基-北門",27,2,25
"7874","8936國統","110/07/29","元富-安南",2,15,-13
"7875","8936國統","110/07/29","兆豐-桃鶯",30,10,20
"7876","8936國統","110/07/29","富邦-內湖",2,15,-13
"7877","8936國統","110/07/29","永豐金-台中",20,0,20
"7878","8936國統","110/07/29","元大-復北",0,11,-11
"7879","8936國統","110/07/29","台灣摩根士丹利",30,12,18
"7880","8936國統","110/07/29","合庫-鳳山",0,10,-10
"7881","8936國統","110/07/29","兆豐-大同",15,0,15
"7882","8936國統","110/07/29","元富-潮州",0,10,-10
"7883","8936國統","110/07/29","新光-台中",39,24,15
"7884","8936國統","110/07/29","群益金鼎-台北",0,10,-10
"7885","8936國統","110/07/29","兆豐-新營",10,0,10
"7886","8936國統","110/07/29","凱基-高雄",20,30,-10
"7887","8936國統","110/07/29","台新-高雄",10,0,10
"7888","8936國統","110/07/29","富邦-桃園",0,10,-10
"7889","8936國統","110/07/29","玉山-士林",10,0,10
"7890","8936國統","110/07/29","新光",1,10,-9
"7891","6226光鼎","110/07/29","台新-台中",396,46,350
"7892","6226光鼎","110/07/29","群益金鼎-東大",11,309,-298
"7893","6226光鼎","110/07/29","元富-永和",242,0,242
"7894","6226光鼎","110/07/29","日盛證券",2,176,-174
"7895","6226光鼎","110/07/29","永豐金-古亭",200,0,200
"7896","6226光鼎","110/07/29","國泰-敦南",90,197,-107
"7897","6226光鼎","110/07/29","華南永昌",216,46,170
"7898","6226光鼎","110/07/29","元大-雙和",16,111,-95
"7899","6226光鼎","110/07/29","國票-北高雄",188,36,152
"7900","6226光鼎","110/07/29","元大-大統",2,94,-92
"7901","6226光鼎","110/07/29","國票-台南",120,4,116
"7902","6226光鼎","110/07/29","元大-板橋",5,78,-73
"7903","6226光鼎","110/07/29","永豐金證券",101,3,98
"7904","6226光鼎","110/07/29","群益金鼎-萬華",46,111,-65
"7905","6226光鼎","110/07/29","富邦-建國",125,28,97
"7906","6226光鼎","110/07/29","華南永昌-竹北",1,60,-59
"7907","6226光鼎","110/07/29","群益金鼎-土城",94,9,85
"7908","6226光鼎","110/07/29","玉山證券",28,86,-58
"7909","6226光鼎","110/07/29","元富-四維",82,4,78
"7910","6226光鼎","110/07/29","元大-土城學府",13,68,-55
"7911","6226光鼎","110/07/29","元大-鳳中",69,15,54
"7912","6226光鼎","110/07/29","元大-豐原",5,59,-54
"7913","6226光鼎","110/07/29","台新-新莊",54,1,53
"7914","6226光鼎","110/07/29","統一",56,107,-51
"7915","6226光鼎","110/07/29","中國信託-新竹",63,13,50
"7916","6226光鼎","110/07/29","統一-內湖",0,48,-48
"7917","6226光鼎","110/07/29","群益金鼎-士林",50,0,50
"7918","6226光鼎","110/07/29","元大-東港",2,50,-48
"7919","6226光鼎","110/07/29","台新-高雄",125,80,45
"7920","6226光鼎","110/07/29","元大-太平",1,46,-45
"7921","2363矽統","110/07/29","凱基-台北",2235,1238,997
"7922","2363矽統","110/07/29","康和-台中",10,437,-427
"7923","2363矽統","110/07/29","摩根大通",1784,793,991
"7924","2363矽統","110/07/29","第一金-新興",11,310,-299
"7925","2363矽統","110/07/29","港商野村",1833,1300,533
"7926","2363矽統","110/07/29","瑞士信貸",9,190,-181
"7927","2363矽統","110/07/29","美林",652,288,364
"7928","2363矽統","110/07/29","台新證券",659,808,-149
"7929","2363矽統","110/07/29","元大-台中",376,38,338
"7930","2363矽統","110/07/29","元大-萬華",42,189,-147
"7931","2363矽統","110/07/29","新加坡商瑞銀",748,474,274
"7932","2363矽統","110/07/29","台新-左楠",26,171,-145
"7933","2363矽統","110/07/29","國泰-敦南",566,333,233
"7934","2363矽統","110/07/29","華南永昌-鳳山",116,241,-125
"7935","2363矽統","110/07/29","元大-旗山",299,66,233
"7936","2363矽統","110/07/29","永全-南崁",0,117,-117
"7937","2363矽統","110/07/29","美商高盛",600,433,167
"7938","2363矽統","110/07/29","群益金鼎-桃園",25,131,-106
"7939","2363矽統","110/07/29","元大-永和",146,12,134
"7940","2363矽統","110/07/29","宏遠-新化",3,103,-100
"7941","2363矽統","110/07/29","元大證券",137,9,128
"7942","2363矽統","110/07/29","新光",331,429,-98
"7943","2363矽統","110/07/29","永豐金-彰化",135,10,125
"7944","2363矽統","110/07/29","中國信託-忠孝",101,188,-87
"7945","2363矽統","110/07/29","北城證券",139,19,120
"7946","2363矽統","110/07/29","群益金鼎-建成",11,95,-84
"7947","2363矽統","110/07/29","富邦-高雄",153,34,119
"7948","2363矽統","110/07/29","群益金鼎-三民",23,105,-82
"7949","2363矽統","110/07/29","元大-蘆洲",120,19,101
"7950","2363矽統","110/07/29","元大-豐原",104,186,-82
"7951","8112至上","110/07/29","合庫證券",194,1,193
"7952","8112至上","110/07/29","摩根大通",4,424,-420
"7953","8112至上","110/07/29","美商高盛",154,5,149
"7954","8112至上","110/07/29","日盛-高雄",2,400,-398
"7955","8112至上","110/07/29","永豐金證券",144,0,144
"7956","8112至上","110/07/29","港商法國興業",0,374,-374
"7957","8112至上","110/07/29","新光-台中",123,12,111
"7958","8112至上","110/07/29","凱基-台北",50,312,-262
"7959","8112至上","110/07/29","新加坡商瑞銀",189,83,106
"7960","8112至上","110/07/29","美林",69,232,-163
"7961","8112至上","110/07/29","華南永昌-新莊",73,0,73
"7962","8112至上","110/07/29","兆豐-公益",0,120,-120
"7963","8112至上","110/07/29","新光",108,49,59
"7964","8112至上","110/07/29","瑞士信貸",1,109,-108
"7965","8112至上","110/07/29","元富-文心",45,3,42
"7966","8112至上","110/07/29","華南永昌-小港",4,30,-26
"7967","8112至上","110/07/29","華南永昌-林口",41,0,41
"7968","8112至上","110/07/29","富邦-中壢",1,24,-23
"7969","8112至上","110/07/29","港商野村",146,112,34
"7970","8112至上","110/07/29","元大-歸仁",2,24,-22
"7971","8112至上","110/07/29","臺銀-高雄",30,0,30
"7972","8112至上","110/07/29","華南永昌-麻豆",0,21,-21
"7973","8112至上","110/07/29","元富-佳里",30,0,30
"7974","8112至上","110/07/29","台新-松江",0,20,-20
"7975","8112至上","110/07/29","永豐金-內湖",30,1,29
"7976","8112至上","110/07/29","元大-新莊",1,20,-19
"7977","8112至上","110/07/29","台新-新營",31,3,28
"7978","8112至上","110/07/29","華南永昌-岡山",1,19,-18
"7979","8112至上","110/07/29","永豐金-彰化",27,0,27
"7980","8112至上","110/07/29","元大-崇德",3,20,-17
"7981","1570力肯","110/07/29","群益金鼎-高雄",20,0,20
"7982","1570力肯","110/07/29","聯邦-興中",0,17,-17
"7983","1570力肯","110/07/29","群益金鼎-板橋",16,0,16
"7984","1570力肯","110/07/29","富邦-建國",0,10,-10
"7985","1570力肯","110/07/29","統一-敦南",5,0,5
"7986","1570力肯","110/07/29","凱基-站前",0,5,-5
"7987","1570力肯","110/07/29","元富-松德",4,0,4
"7988","1570力肯","110/07/29","國泰-板橋",0,4,-4
"7989","1570力肯","110/07/29","元大-和平",4,0,4
"7990","1570力肯","110/07/29","統一-土城",0,3,-3
"7991","1570力肯","110/07/29","凱基-幸福",3,0,3
"7992","1570力肯","110/07/29","凱基-大里",0,3,-3
"7993","1570力肯","110/07/29","華南永昌-鳳山",3,0,3
"7994","1570力肯","110/07/29","凱基-台北",0,3,-3
"7995","1570力肯","110/07/29","元大-北港",4,2,2
"7996","1570力肯","110/07/29","元大-屏東民生",0,3,-3
"7997","1570力肯","110/07/29","美林",1,0,1
"7998","1570力肯","110/07/29","元富-緯城",0,2,-2
"7999","1570力肯","110/07/29","國泰-台南",1,0,1
"8000","1570力肯","110/07/29","台新-高雄",0,2,-2
"8001","1570力肯","110/07/29","元大-歸仁",1,0,1
"8002","1570力肯","110/07/29","華南永昌-楠梓",0,2,-2
"8003","1570力肯","110/07/29","元大-松山",1,0,1
"8004","1570力肯","110/07/29","元大-北成功",0,2,-2
"8005","1570力肯","110/07/29","元大-文心興安",1,0,1
"8006","1570力肯","110/07/29","元大-板橋",0,2,-2
"8007","1570力肯","110/07/29","元大-東蘆",1,0,1
"8008","1570力肯","110/07/29","統一-台南",0,1,-1
"8009","1570力肯","110/07/29","群益金鼎-鳳山",0,0,0
"8010","1570力肯","110/07/29","台新證券",0,1,-1
"8011","2929淘帝","110/07/29","新光-新竹",118,13,105
"8012","2929淘帝","110/07/29","元富-敦南",0,91,-91
"8013","2929淘帝","110/07/29","新加坡商瑞銀",56,0,56
"8014","2929淘帝","110/07/29","日盛-板橋中山",0,38,-38
"8015","2929淘帝","110/07/29","凱基-台北",39,4,35
"8016","2929淘帝","110/07/29","群益金鼎-士林",0,20,-20
"8017","2929淘帝","110/07/29","元大-民生",29,0,29
"8018","2929淘帝","110/07/29","華南永昌-敦南",0,20,-20
"8019","2929淘帝","110/07/29","美林",37,9,28
"8020","2929淘帝","110/07/29","高橋-龍潭",3,20,-17
"8021","2929淘帝","110/07/29","元大-承德",15,0,15
"8022","2929淘帝","110/07/29","凱基-中山",4,19,-15
"8023","2929淘帝","110/07/29","第一金-台南",10,0,10
"8024","2929淘帝","110/07/29","富邦-台北",0,15,-15
"8025","2929淘帝","110/07/29","富邦-桃園",9,0,9
"8026","2929淘帝","110/07/29","元富-台中",0,14,-14
"8027","2929淘帝","110/07/29","港商野村",17,10,7
"8028","2929淘帝","110/07/29","台新-建北",0,13,-13
"8029","2929淘帝","110/07/29","台中銀-豐原",6,0,6
"8030","2929淘帝","110/07/29","永豐金-敦南",0,12,-12
"8031","2929淘帝","110/07/29","元大-文心興安",6,0,6
"8032","2929淘帝","110/07/29","新光-台南",0,11,-11
"8033","2929淘帝","110/07/29","德信-新營",5,0,5
"8034","2929淘帝","110/07/29","宏遠-光隆",0,10,-10
"8035","2929淘帝","110/07/29","元大-博愛",5,0,5
"8036","2929淘帝","110/07/29","元大-嘉義",0,6,-6
"8037","2929淘帝","110/07/29","元大-員林",5,0,5
"8038","2929淘帝","110/07/29","日茂-南投",0,5,-5
"8039","2929淘帝","110/07/29","富邦-中壢",4,0,4
"8040","2929淘帝","110/07/29","新光",0,5,-5
"8041","5410國眾","110/07/29","兆豐-城中",32,0,32
"8042","5410國眾","110/07/29","第一金-台南",0,51,-51
"8043","5410國眾","110/07/29","新加坡商瑞銀",19,0,19
"8044","5410國眾","110/07/29","元富-大昌",0,13,-13
"8045","5410國眾","110/07/29","華南永昌-新莊",16,0,16
"8046","5410國眾","110/07/29","臺銀-臺南",0,12,-12
"8047","5410國眾","110/07/29","元大-小港",11,0,11
"8048","5410國眾","110/07/29","日盛-木柵",0,10,-10
"8049","5410國眾","110/07/29","臺銀",10,0,10
"8050","5410國眾","110/07/29","元富-安南",0,10,-10
"8051","5410國眾","110/07/29","臺銀-臺中",10,0,10
"8052","5410國眾","110/07/29","新光",4,13,-9
"8053","5410國眾","110/07/29","宏遠-館前",10,0,10
"8054","5410國眾","110/07/29","永豐金-屏東",0,5,-5
"8055","5410國眾","110/07/29","台新-中壢",10,0,10
"8056","5410國眾","110/07/29","永豐金-苓雅",0,5,-5
"8057","5410國眾","110/07/29","摩根大通",10,1,9
"8058","5410國眾","110/07/29","國票-台南",0,4,-4
"8059","5410國眾","110/07/29","元大-北投",9,0,9
"8060","5410國眾","110/07/29","永豐金-埔里",0,4,-4
"8061","5410國眾","110/07/29","台新證券",7,1,6
"8062","5410國眾","110/07/29","光和",0,3,-3
"8063","5410國眾","110/07/29","元富-新竹",5,0,5
"8064","5410國眾","110/07/29","凱基-汐止",0,3,-3
"8065","5410國眾","110/07/29","凱基-竹北",5,0,5
"8066","5410國眾","110/07/29","元大-善化",0,3,-3
"8067","5410國眾","110/07/29","永豐金-敦南",5,1,4
"8068","5410國眾","110/07/29","元大-員林",0,3,-3
"8069","5410國眾","110/07/29","美林",4,1,3
"8070","5410國眾","110/07/29","永豐金-台南",0,3,-3
"8071","2841台開","110/07/29","兆豐-台南",237,0,237
"8072","2841台開","110/07/29","元大-四維",0,184,-184
"8073","2841台開","110/07/29","永豐金-敦南",60,10,50
"8074","2841台開","110/07/29","玉山-新竹",0,145,-145
"8075","2841台開","110/07/29","永豐金-板新",50,0,50
"8076","2841台開","110/07/29","港商野村",0,124,-124
"8077","2841台開","110/07/29","華南永昌-南京",45,2,43
"8078","2841台開","110/07/29","永豐金-台南",0,32,-32
"8079","2841台開","110/07/29","群益金鼎-崇德",23,0,23
"8080","2841台開","110/07/29","華南永昌-公誠",0,23,-23
"8081","2841台開","110/07/29","日盛-園區",20,0,20
"8082","2841台開","110/07/29","元大-善化",0,22,-22
"8083","2841台開","110/07/29","台新-台中",20,0,20
"8084","2841台開","110/07/29","元大-豐原",0,20,-20
"8085","2841台開","110/07/29","華南永昌-新莊",20,0,20
"8086","2841台開","110/07/29","凱基-台北",0,15,-15
"8087","2841台開","110/07/29","富邦-仁愛",20,0,20
"8088","2841台開","110/07/29","富邦-台北",0,15,-15
"8089","2841台開","110/07/29","新光",15,0,15
"8090","2841台開","110/07/29","臺銀",0,10,-10
"8091","2841台開","110/07/29","華南永昌-台中",15,0,15
"8092","2841台開","110/07/29","元富-三重",0,10,-10
"8093","2841台開","110/07/29","凱基-彰化",13,0,13
"8094","2841台開","110/07/29","元大-林森",0,10,-10
"8095","2841台開","110/07/29","兆豐-台中",10,0,10
"8096","2841台開","110/07/29","光和-花壇",0,9,-9
"8097","2841台開","110/07/29","永豐金-松山",10,0,10
"8098","2841台開","110/07/29","國泰-桃園",1,10,-9
"8099","2841台開","110/07/29","國泰-館前",9,0,9
"8100","2841台開","110/07/29","玉山-嘉義",0,8,-8
"8101","6207雷科","110/07/29","永豐金-古亭",100,0,100
"8102","6207雷科","110/07/29","摩根大通",59,151,-92
"8103","6207雷科","110/07/29","國泰-館前",52,6,46
"8104","6207雷科","110/07/29","凱基-高雄",0,82,-82
"8105","6207雷科","110/07/29","新加坡商瑞銀",41,12,29
"8106","6207雷科","110/07/29","元大-松江",0,25,-25
"8107","6207雷科","110/07/29","大慶-蘆洲",29,6,23
"8108","6207雷科","110/07/29","元大-雙和",2,25,-23
"8109","6207雷科","110/07/29","永豐金-羅東",21,0,21
"8110","6207雷科","110/07/29","港商野村",16,36,-20
"8111","6207雷科","110/07/29","統一-南京",16,0,16
"8112","6207雷科","110/07/29","盈溢-楠梓",0,20,-20
"8113","6207雷科","110/07/29","凱基-台北",45,29,16
"8114","6207雷科","110/07/29","統一",2,20,-18
"8115","6207雷科","110/07/29","富邦-敦南",16,0,16
"8116","6207雷科","110/07/29","日盛-新竹",1,16,-15
"8117","6207雷科","110/07/29","統一-高雄",15,0,15
"8118","6207雷科","110/07/29","康和-台中",0,15,-15
"8119","6207雷科","110/07/29","台新-中壢",11,0,11
"8120","6207雷科","110/07/29","凱基-竹科",0,13,-13
"8121","6207雷科","110/07/29","台灣企銀-竹北",10,0,10
"8122","6207雷科","110/07/29","元大-鳳中",0,12,-12
"8123","6207雷科","110/07/29","宏遠證券",10,0,10
"8124","6207雷科","110/07/29","元大-土城",0,12,-12
"8125","6207雷科","110/07/29","中國信託-忠孝",10,0,10
"8126","6207雷科","110/07/29","華南永昌-高雄",0,11,-11
"8127","6207雷科","110/07/29","大昌-桃園",11,1,10
"8128","6207雷科","110/07/29","元大-木柵",0,10,-10
"8129","6207雷科","110/07/29","玉山-城中",11,1,10
"8130","6207雷科","110/07/29","日盛-板橋",1,10,-9
"8131","3679新至陞","110/07/29","華南永昌-淡水",5,0,5
"8132","3679新至陞","110/07/29","元富-板橋",0,16,-16
"8133","3679新至陞","110/07/29","富邦-新竹華信",5,0,5
"8134","3679新至陞","110/07/29","凱基-台北",0,8,-8
"8135","3679新至陞","110/07/29","永豐金-中和",5,0,5
"8136","3679新至陞","110/07/29","摩根大通",1,6,-5
"8137","3679新至陞","110/07/29","富邦-台北",4,0,4
"8138","3679新至陞","110/07/29","美林",0,4,-4
"8139","3679新至陞","110/07/29","元富-彰化",2,0,2
"8140","3679新至陞","110/07/29","瑞士信貸",0,4,-4
"8141","3679新至陞","110/07/29","兆豐-台中港",2,0,2
"8142","3679新至陞","110/07/29","元大-成功",0,3,-3
"8143","3679新至陞","110/07/29","富邦-三重",2,0,2
"8144","3679新至陞","110/07/29","統一-台南",0,2,-2
"8145","3679新至陞","110/07/29","元大-沙鹿",2,0,2
"8146","3679新至陞","110/07/29","元富-新興",0,2,-2
"8147","3679新至陞","110/07/29","元大-福營",2,0,2
"8148","3679新至陞","110/07/29","凱基-竹科",0,2,-2
"8149","3679新至陞","110/07/29","元大-花蓮",2,0,2
"8150","3679新至陞","110/07/29","元大證券",0,2,-2
"8151","3679新至陞","110/07/29","元大-板橋",2,0,2
"8152","3679新至陞","110/07/29","日盛-北高雄",0,1,-1
"8153","3679新至陞","110/07/29","永豐金-台南",2,0,2
"8154","3679新至陞","110/07/29","宏遠-高雄",0,1,-1
"8155","3679新至陞","110/07/29","合庫-彰化",1,0,1
"8156","3679新至陞","110/07/29","花旗環球",0,1,-1
"8157","3679新至陞","110/07/29","臺銀-臺南",1,0,1
"8158","3679新至陞","110/07/29","華南永昌-岡山",0,1,-1
"8159","3679新至陞","110/07/29","永興-水湳",1,0,1
"8160","3679新至陞","110/07/29","元大-佳里",0,1,-1
"8161","2727王品","110/07/29","第一金",30,0,30
"8162","2727王品","110/07/29","元大-高雄",1,93,-92
"8163","2727王品","110/07/29","港商麥格理",22,0,22
"8164","2727王品","110/07/29","新加坡商瑞銀",5,82,-77
"8165","2727王品","110/07/29","國票-北高雄",24,2,22
"8166","2727王品","110/07/29","美林",0,27,-27
"8167","2727王品","110/07/29","日盛-忠孝",21,0,21
"8168","2727王品","110/07/29","港商野村",21,48,-27
"8169","2727王品","110/07/29","新光",22,3,19
"8170","2727王品","110/07/29","凱基-台北",43,61,-18
"8171","2727王品","110/07/29","國泰-敦南",18,7,11
"8172","2727王品","110/07/29","華南永昌-麻豆",0,18,-18
"8173","2727王品","110/07/29","凱基-五股",11,0,11
"8174","2727王品","110/07/29","國泰-台中",2,17,-15
"8175","2727王品","110/07/29","兆豐-鹿港",12,2,10
"8176","2727王品","110/07/29","永豐金-桃盛",0,15,-15
"8177","2727王品","110/07/29","凱基-埔墘",10,0,10
"8178","2727王品","110/07/29","美商高盛",1,15,-14
"8179","2727王品","110/07/29","永豐金-潮州",10,0,10
"8180","2727王品","110/07/29","玉山證券",4,15,-11
"8181","2727王品","110/07/29","統一",12,4,8
"8182","2727王品","110/07/29","摩根大通",12,22,-10
"8183","2727王品","110/07/29","國泰-板橋",7,0,7
"8184","2727王品","110/07/29","元大-四維",2,12,-10
"8185","2727王品","110/07/29","彰銀-台中",7,1,6
"8186","2727王品","110/07/29","凱基-興隆",0,9,-9
"8187","2727王品","110/07/29","新光-高雄",12,6,6
"8188","2727王品","110/07/29","瑞士信貸",0,8,-8
"8189","2727王品","110/07/29","玉山-數位",6,0,6
"8190","2727王品","110/07/29","大昌-桃園",0,7,-7
"8191","1570力肯","110/07/29","群益金鼎-高雄",20,0,20
"8192","1570力肯","110/07/29","聯邦-興中",0,17,-17
"8193","1570力肯","110/07/29","群益金鼎-板橋",16,0,16
"8194","1570力肯","110/07/29","富邦-建國",0,10,-10
"8195","1570力肯","110/07/29","統一-敦南",5,0,5
"8196","1570力肯","110/07/29","凱基-站前",0,5,-5
"8197","1570力肯","110/07/29","元富-松德",4,0,4
"8198","1570力肯","110/07/29","國泰-板橋",0,4,-4
"8199","1570力肯","110/07/29","元大-和平",4,0,4
"8200","1570力肯","110/07/29","統一-土城",0,3,-3
"8201","1570力肯","110/07/29","凱基-幸福",3,0,3
"8202","1570力肯","110/07/29","凱基-大里",0,3,-3
"8203","1570力肯","110/07/29","華南永昌-鳳山",3,0,3
"8204","1570力肯","110/07/29","凱基-台北",0,3,-3
"8205","1570力肯","110/07/29","元大-北港",4,2,2
"8206","1570力肯","110/07/29","元大-屏東民生",0,3,-3
"8207","1570力肯","110/07/29","美林",1,0,1
"8208","1570力肯","110/07/29","元富-緯城",0,2,-2
"8209","1570力肯","110/07/29","國泰-台南",1,0,1
"8210","1570力肯","110/07/29","台新-高雄",0,2,-2
"8211","1570力肯","110/07/29","元大-歸仁",1,0,1
"8212","1570力肯","110/07/29","華南永昌-楠梓",0,2,-2
"8213","1570力肯","110/07/29","元大-松山",1,0,1
"8214","1570力肯","110/07/29","元大-北成功",0,2,-2
"8215","1570力肯","110/07/29","元大-文心興安",1,0,1
"8216","1570力肯","110/07/29","元大-板橋",0,2,-2
"8217","1570力肯","110/07/29","元大-東蘆",1,0,1
"8218","1570力肯","110/07/29","統一-台南",0,1,-1
"8219","1570力肯","110/07/29","群益金鼎-鳳山",0,0,0
"8220","1570力肯","110/07/29","台新證券",0,1,-1
"8221","6180橘子","110/07/29","凱基-台北",50,4,46
"8222","6180橘子","110/07/29","兆豐證券",0,95,-95
"8223","6180橘子","110/07/29","花旗環球",25,0,25
"8224","6180橘子","110/07/29","香港上海匯豐",0,74,-74
"8225","6180橘子","110/07/29","瑞士信貸",26,2,24
"8226","6180橘子","110/07/29","福勝",0,24,-24
"8227","6180橘子","110/07/29","兆豐-大同",20,0,20
"8228","6180橘子","110/07/29","第一金-安和",0,20,-20
"8229","6180橘子","110/07/29","新光-台中",17,0,17
"8230","6180橘子","110/07/29","永豐金-敦北",0,18,-18
"8231","6180橘子","110/07/29","元大-南屯",15,0,15
"8232","6180橘子","110/07/29","致和-崇德",0,10,-10
"8233","6180橘子","110/07/29","摩根大通",54,40,14
"8234","6180橘子","110/07/29","玉山-台大",0,10,-10
"8235","6180橘子","110/07/29","玉山-桃園",10,0,10
"8236","6180橘子","110/07/29","元大-四維",0,10,-10
"8237","6180橘子","110/07/29","永豐金-中正",10,0,10
"8238","6180橘子","110/07/29","元大-小港",0,8,-8
"8239","6180橘子","110/07/29","元富-三重",8,0,8
"8240","6180橘子","110/07/29","台灣摩根士丹利",7,13,-6
"8241","6180橘子","110/07/29","國泰-新莊",9,1,8
"8242","6180橘子","110/07/29","群益金鼎-丹鳳",0,6,-6
"8243","6180橘子","110/07/29","元大-木柵",8,0,8
"8244","6180橘子","110/07/29","永豐金-南京",2,8,-6
"8245","6180橘子","110/07/29","國票-敦北法人",7,0,7
"8246","6180橘子","110/07/29","日盛-頭份",5,10,-5
"8247","6180橘子","110/07/29","元大證券",7,0,7
"8248","6180橘子","110/07/29","宏遠-高雄",0,5,-5
"8249","6180橘子","110/07/29","高橋",6,0,6
"8250","6180橘子","110/07/29","第一金-中山",1,5,-4
"8251","2390云辰","110/07/29","元大-永和",561,61,500
"8252","2390云辰","110/07/29","摩根大通",152,377,-225
"8253","2390云辰","110/07/29","台灣摩根士丹利",163,1,162
"8254","2390云辰","110/07/29","元富-同大",3,139,-136
"8255","2390云辰","110/07/29","元大-善化",87,0,87
"8256","2390云辰","110/07/29","豐農",3,128,-125
"8257","2390云辰","110/07/29","元大-草屯",89,6,83
"8258","2390云辰","110/07/29","美商高盛",6,88,-82
"8259","2390云辰","110/07/29","富邦-羅東",74,10,64
"8260","2390云辰","110/07/29","美林",43,112,-69
"8261","2390云辰","110/07/29","元大-鑫永和",61,1,60
"8262","2390云辰","110/07/29","元大-發財",4,61,-57
"8263","2390云辰","110/07/29","元富-高雄",93,40,53
"8264","2390云辰","110/07/29","大慶-泰山",0,51,-51
"8265","2390云辰","110/07/29","台新-左楠",43,1,42
"8266","2390云辰","110/07/29","群益金鼎",5,49,-44
"8267","2390云辰","110/07/29","日盛-永康",35,2,33
"8268","2390云辰","110/07/29","元大-松江",0,40,-40
"8269","2390云辰","110/07/29","玉山-板橋",37,5,32
"8270","2390云辰","110/07/29","統一-新台中",123,161,-38
"8271","2390云辰","110/07/29","日盛-板橋中山",45,15,30
"8272","2390云辰","110/07/29","兆豐-員林",0,35,-35
"8273","2390云辰","110/07/29","元大-大統",30,0,30
"8274","2390云辰","110/07/29","第一金-新竹",1,35,-34
"8275","2390云辰","110/07/29","元大-竹北",30,1,29
"8276","2390云辰","110/07/29","日盛-員林",3,33,-30
"8277","2390云辰","110/07/29","元大-北屯",26,0,26
"8278","2390云辰","110/07/29","新光",40,70,-30
"8279","2390云辰","110/07/29","元大-林園",25,0,25
"8280","2390云辰","110/07/29","永豐金-松山",21,49,-28
"8281","1471首利","110/07/28","美林",138,26,112
"8282","1471首利","110/07/28","玉山-台大",0,234,-234
"8283","1471首利","110/07/28","摩根大通",164,80,84
"8284","1471首利","110/07/28","國票-九鼎",0,149,-149
"8285","1471首利","110/07/28","(牛牛牛)亞-鑫豐",65,0,65
"8286","1471首利","110/07/28","台中銀",0,69,-69
"8287","1471首利","110/07/28","大昌-新店",44,0,44
"8288","1471首利","110/07/28","元大-博愛",0,32,-32
"8289","1471首利","110/07/28","玉山-桃園",69,30,39
"8290","1471首利","110/07/28","凱基-竹北",0,30,-30
"8291","1471首利","110/07/28","兆豐-鹿港",28,0,28
"8292","1471首利","110/07/28","富邦-苗栗",0,30,-30
"8293","1471首利","110/07/28","聯邦-高雄",21,0,21
"8294","1471首利","110/07/28","港商法國興業",0,22,-22
"8295","1471首利","110/07/28","永豐金-中正",21,0,21
"8296","1471首利","110/07/28","國票-安和",0,20,-20
"8297","1471首利","110/07/28","第一金-高雄",16,0,16
"8298","1471首利","110/07/28","華南永昌-苑裡",0,15,-15
"8299","1471首利","110/07/28","統一-桃園",13,0,13
"8300","1471首利","110/07/28","日盛-中壢",0,13,-13
"8301","1471首利","110/07/28","新光-台中",19,6,13
"8302","1471首利","110/07/28","玉山-台南",0,13,-13
"8303","1471首利","110/07/28","彰銀-七賢",11,0,11
"8304","1471首利","110/07/28","凱基-桃園",0,12,-12
"8305","1471首利","110/07/28","第一金-台南",11,0,11
"8306","1471首利","110/07/28","聯邦-雙和",0,11,-11
"8307","1471首利","110/07/28","台新證券",11,0,11
"8308","1471首利","110/07/28","統一-新營",0,10,-10
"8309","1471首利","110/07/28","凱基-東勢",11,0,11
"8310","1471首利","110/07/28","凱基-城中",0,10,-10
"8311","2883開發金","110/07/28","摩根大通",5171,647,4524
"8312","2883開發金","110/07/28","台灣摩根士丹利",921,11451,-10530
"8313","2883開發金","110/07/28","瑞士信貸",4234,62,4172
"8314","2883開發金","110/07/28","美商高盛",522,3615,-3093
"8315","2883開發金","110/07/28","國泰證券",2247,28,2219
"8316","2883開發金","110/07/28","(牛牛牛)亞證券",0,3000,-3000
"8317","2883開發金","110/07/28","元大證券",2306,91,2215
"8318","2883開發金","110/07/28","康和-仁愛",17,3004,-2987
"8319","2883開發金","110/07/28","元富-城東",2203,113,2090
"8320","2883開發金","110/07/28","第一金",18,2301,-2283
"8321","2883開發金","110/07/28","新加坡商瑞銀",1840,81,1759
"8322","2883開發金","110/07/28","凱基-台北",3735,5169,-1434
"8323","2883開發金","110/07/28","永豐金-彰化",1682,27,1655
"8324","2883開發金","110/07/28","宏遠-高雄",4,1420,-1416
"8325","2883開發金","110/07/28","日盛證券",1637,9,1628
"8326","2883開發金","110/07/28","亞東-板橋",507,1722,-1215
"8327","2883開發金","110/07/28","元大-彰化",1183,11,1172
"8328","2883開發金","110/07/28","凱基-豐中",32,1127,-1095
"8329","2883開發金","110/07/28","美林",2507,1378,1129
"8330","2883開發金","110/07/28","群益金鼎-三重",65,993,-928
"8331","2883開發金","110/07/28","華南永昌",1204,239,965
"8332","2883開發金","110/07/28","元大-羅東",30,872,-842
"8333","2883開發金","110/07/28","日盛-台南",816,6,810
"8334","2883開發金","110/07/28","花旗環球",188,1004,-816
"8335","2883開發金","110/07/28","台新-松江",722,40,682
"8336","2883開發金","110/07/28","華南永昌-朴子",33,716,-683
"8337","2883開發金","110/07/28","新光-台中",858,231,627
"8338","2883開發金","110/07/28","元大-永和",31,700,-669
"8339","2883開發金","110/07/28","凱基-員林",634,25,609
"8340","2883開發金","110/07/28","玉山-台南",97,738,-641
"8341","6205詮欣","110/07/28","臺銀",30,0,30
"8342","6205詮欣","110/07/28","台灣摩根士丹利",0,59,-59
"8343","6205詮欣","110/07/28","元大-善化",30,0,30
"8344","6205詮欣","110/07/28","凱基-大安",0,50,-50
"8345","6205詮欣","110/07/28","日盛證券",16,0,16
"8346","6205詮欣","110/07/28","元大-板橋",0,20,-20
"8347","6205詮欣","110/07/28","元大-土城學府",15,3,12
"8348","6205詮欣","110/07/28","摩根大通",17,30,-13
"8349","6205詮欣","110/07/28","臺銀-民權",10,0,10
"8350","6205詮欣","110/07/28","凱基-台北",0,11,-11
"8351","6205詮欣","110/07/28","德信-新營",10,0,10
"8352","6205詮欣","110/07/28","新加坡商瑞銀",0,10,-10
"8353","6205詮欣","110/07/28","福勝",10,0,10
"8354","6205詮欣","110/07/28","第一金-新竹",0,10,-10
"8355","6205詮欣","110/07/28","元大-清水",10,0,10
"8356","6205詮欣","110/07/28","台新-高雄",0,6,-6
"8357","6205詮欣","110/07/28","新光",9,0,9
"8358","6205詮欣","110/07/28","凱基-三多",0,6,-6
"8359","6205詮欣","110/07/28","群益金鼎-屏東",7,0,7
"8360","6205詮欣","110/07/28","美林",2,7,-5
"8361","6205詮欣","110/07/28","元大-汐止",6,0,6
"8362","6205詮欣","110/07/28","瑞士信貸",0,5,-5
"8363","6205詮欣","110/07/28","統一-屏東",5,0,5
"8364","6205詮欣","110/07/28","中國信託-三重",0,5,-5
"8365","6205詮欣","110/07/28","日盛-三重",4,0,4
"8366","6205詮欣","110/07/28","日盛-雙和",0,4,-4
"8367","6205詮欣","110/07/28","亞東-板橋",4,0,4
"8368","6205詮欣","110/07/28","宏遠-光隆",0,4,-4
"8369","6205詮欣","110/07/28","台中銀",4,0,4
"8370","6205詮欣","110/07/28","兆豐-新莊",0,4,-4
"8371","1540喬福","110/07/28","兆豐-北高雄",48,0,48
"8372","1540喬福","110/07/28","合庫-台中",1,60,-59
"8373","1540喬福","110/07/28","兆豐-台中港",33,0,33
"8374","1540喬福","110/07/28","凱基-台北",0,44,-44
"8375","1540喬福","110/07/28","大慶-中壢",19,0,19
"8376","1540喬福","110/07/28","元大-學甲",0,35,-35
"8377","1540喬福","110/07/28","富邦-員林",18,0,18
"8378","1540喬福","110/07/28","統一-新台中",0,26,-26
"8379","1540喬福","110/07/28","(牛牛牛)亞-鑫豐",12,0,12
"8380","1540喬福","110/07/28","新光-新竹",0,21,-21
"8381","1540喬福","110/07/28","元富-文心",10,0,10
"8382","1540喬福","110/07/28","富邦-台北",0,20,-20
"8383","1540喬福","110/07/28","光和-和美",10,0,10
"8384","1540喬福","110/07/28","富邦-南屯",0,20,-20
"8385","1540喬福","110/07/28","永豐金-三重",9,0,9
"8386","1540喬福","110/07/28","元大-鶯歌",0,10,-10
"8387","1540喬福","110/07/28","臺銀-鳳山",8,0,8
"8388","1540喬福","110/07/28","元大-豐原",0,7,-7
"8389","1540喬福","110/07/28","元大-斗六",7,0,7
"8390","1540喬福","110/07/28","大昌-樹林",0,6,-6
"8391","1540喬福","110/07/28","台新-台中",6,0,6
"8392","1540喬福","110/07/28","新光-桃園",0,5,-5
"8393","1540喬福","110/07/28","華南永昌-中正",6,0,6
"8394","1540喬福","110/07/28","凱基-站前",0,5,-5
"8395","1540喬福","110/07/28","永豐金-台中",6,0,6
"8396","1540喬福","110/07/28","臺銀",0,4,-4
"8397","1540喬福","110/07/28","臺銀-民權",5,0,5
"8398","1540喬福","110/07/28","台新證券",0,3,-3
"8399","1540喬福","110/07/28","元富-中原",5,0,5
"8400","1540喬福","110/07/28","台新-高雄",0,3,-3
"8401","2888新光金","110/07/28","臺銀-高雄",3050,3,3047
"8402","2888新光金","110/07/28","摩根大通",2543,11316,-8773
"8403","2888新光金","110/07/28","元富-城東",2019,129,1890
"8404","2888新光金","110/07/28","香港上海匯豐",120,7576,-7456
"8405","2888新光金","110/07/28","元大證券",2106,407,1699
"8406","2888新光金","110/07/28","凱基-台北",1641,5238,-3597
"8407","2888新光金","110/07/28","凱基-台南",1068,33,1035
"8408","2888新光金","110/07/28","新加坡商瑞銀",0,3572,-3572
"8409","2888新光金","110/07/28","彰銀-台中",1098,75,1023
"8410","2888新光金","110/07/28","台灣摩根士丹利",4358,7129,-2771
"8411","2888新光金","110/07/28","元富-城中",1003,0,1003
"8412","2888新光金","110/07/28","元大-大統",103,2853,-2750
"8413","2888新光金","110/07/28","元大-大天母",1113,119,994
"8414","2888新光金","110/07/28","光和",204,2235,-2031
"8415","2888新光金","110/07/28","元大-仁愛",761,1,760
"8416","2888新光金","110/07/28","兆豐-鹿港",80,1755,-1675
"8417","2888新光金","110/07/28","日盛-雙和",927,179,748
"8418","2888新光金","110/07/28","凱基-市政",17,1447,-1430
"8419","2888新光金","110/07/28","元大-大里",648,0,648
"8420","2888新光金","110/07/28","華南永昌-敦南",66,1320,-1254
"8421","2888新光金","110/07/28","凱基-竹科",2665,2026,639
"8422","2888新光金","110/07/28","法銀巴黎",195,1423,-1228
"8423","2888新光金","110/07/28","日盛-高雄",619,11,608
"8424","2888新光金","110/07/28","臺銀",123,1343,-1220
"8425","2888新光金","110/07/28","群益金鼎-海山",710,151,559
"8426","2888新光金","110/07/28","花旗環球",0,865,-865
"8427","2888新光金","110/07/28","台新證券",855,305,550
"8428","2888新光金","110/07/28","元大-鹿港",46,848,-802
"8429","2888新光金","110/07/28","國泰-敦南",774,237,537
"8430","2888新光金","110/07/28","合庫-台中",121,800,-679
"8431","1340勝悅","110/07/28","新光-台南",50,0,50
"8432","1340勝悅","110/07/28","兆豐-南京",0,25,-25
"8433","1340勝悅","110/07/28","臺銀-臺中",6,0,6
"8434","1340勝悅","110/07/28","凱基-台北",0,22,-22
"8435","1340勝悅","110/07/28","新光",6,0,6
"8436","1340勝悅","110/07/28","美林",0,12,-12
"8437","1340勝悅","110/07/28","臺灣企銀-埔墘",5,0,5
"8438","1340勝悅","110/07/28","群益金鼎-台中",0,11,-11
"8439","1340勝悅","110/07/28","國票-敦北法人",5,0,5
"8440","1340勝悅","110/07/28","合庫-西台中",1,10,-9
"8441","1340勝悅","110/07/28","國泰-高雄",5,0,5
"8442","1340勝悅","110/07/28","元大-基隆孝二",0,8,-8
"8443","1340勝悅","110/07/28","國泰-台中",5,0,5
"8444","1340勝悅","110/07/28","統一-城中",0,7,-7
"8445","1340勝悅","110/07/28","群益金鼎-館前",5,0,5
"8446","1340勝悅","110/07/28","凱基-幸福",0,7,-7
"8447","1340勝悅","110/07/28","中國信託-文心",3,0,3
"8448","1340勝悅","110/07/28","臺銀-新竹",0,5,-5
"8449","1340勝悅","110/07/28","群益金鼎-崇德",3,0,3
"8450","1340勝悅","110/07/28","港商法國興業",0,5,-5
"8451","1340勝悅","110/07/28","元大-永春",3,0,3
"8452","1340勝悅","110/07/28","元大-新竹經國",0,5,-5
"8453","1340勝悅","110/07/28","永豐金-松山",3,0,3
"8454","1340勝悅","110/07/28","台新證券",0,4,-4
"8455","1340勝悅","110/07/28","永豐金-嘉義",3,0,3
"8456","1340勝悅","110/07/28","港商野村",0,3,-3
"8457","1340勝悅","110/07/28","日盛-木柵",2,0,2
"8458","1340勝悅","110/07/28","摩根大通",0,3,-3
"8459","1340勝悅","110/07/28","台新-台中",2,0,2
"8460","1340勝悅","110/07/28","富邦-台北",0,3,-3
"8461","6246臺龍","110/07/28","元大-基隆孝二",32,0,32
"8462","6246臺龍","110/07/28","永豐金-桃園",4,135,-131
"8463","6246臺龍","110/07/28","合庫-台中",30,0,30
"8464","6246臺龍","110/07/28","港商野村",5,93,-88
"8465","6246臺龍","110/07/28","元大-木柵",30,0,30
"8466","6246臺龍","110/07/28","凱基-台北",9,65,-56
"8467","6246臺龍","110/07/28","光和",21,0,21
"8468","6246臺龍","110/07/28","元大-西螺",0,31,-31
"8469","6246臺龍","110/07/28","宏遠-民生",20,0,20
"8470","6246臺龍","110/07/28","群益金鼎-鳳山",0,27,-27
"8471","6246臺龍","110/07/28","第一金-安和",20,0,20
"8472","6246臺龍","110/07/28","元大-西屯",0,25,-25
"8473","6246臺龍","110/07/28","兆豐-竹北",24,4,20
"8474","6246臺龍","110/07/28","永豐金-虎尾",6,27,-21
"8475","6246臺龍","110/07/28","凱基-幸福",20,0,20
"8476","6246臺龍","110/07/28","日盛-台中",1,20,-19
"8477","6246臺龍","110/07/28","德信-新營",19,0,19
"8478","6246臺龍","110/07/28","統一",0,16,-16
"8479","6246臺龍","110/07/28","台新證券",21,4,17
"8480","6246臺龍","110/07/28","群益金鼎-土城",0,16,-16
"8481","6246臺龍","110/07/28","華南永昌-公誠",17,0,17
"8482","6246臺龍","110/07/28","元大-員林",0,15,-15
"8483","6246臺龍","110/07/28","中國信託-文心",15,0,15
"8484","6246臺龍","110/07/28","華南永昌-長虹",0,11,-11
"8485","6246臺龍","110/07/28","群益金鼎-崇德",15,0,15
"8486","6246臺龍","110/07/28","日盛-中壢",0,10,-10
"8487","6246臺龍","110/07/28","兆豐-公益",12,0,12
"8488","6246臺龍","110/07/28","第一金-彰化",0,10,-10
"8489","6246臺龍","110/07/28","國票",12,0,12
"8490","6246臺龍","110/07/28","元富-中原",0,10,-10
"8491","00715L期街口布蘭特正2","110/07/28","永豐金證券",5725,30,5695
"8492","00715L期街口布蘭特正2","110/07/28","元大-四維",0,2013,-2013
"8493","00715L期街口布蘭特正2","110/07/28","元大證券",5235,705,4530
"8494","00715L期街口布蘭特正2","110/07/28","凱基-豐中",0,1536,-1536
"8495","00715L期街口布蘭特正2","110/07/28","國票",2733,11,2722
"8496","00715L期街口布蘭特正2","110/07/28","華南永昌-東昇",0,1010,-1010
"8497","00715L期街口布蘭特正2","110/07/28","富邦證券",2340,417,1923
"8498","00715L期街口布蘭特正2","110/07/28","兆豐-三民",0,1004,-1004
"8499","00715L期街口布蘭特正2","110/07/28","凱基-台北",2241,325,1916
"8500","00715L期街口布蘭特正2","110/07/28","元富-古亭",0,600,-600
"8501","00715L期街口布蘭特正2","110/07/28","統一",1635,132,1503
"8502","00715L期街口布蘭特正2","110/07/28","台新-新營",20,558,-538
"8503","00715L期街口布蘭特正2","110/07/28","國票-中港",1500,0,1500
"8504","00715L期街口布蘭特正2","110/07/28","富邦-台北",0,453,-453
"8505","00715L期街口布蘭特正2","110/07/28","兆豐-台中",525,6,519
"8506","00715L期街口布蘭特正2","110/07/28","港商野村",71,519,-448
"8507","00715L期街口布蘭特正2","110/07/28","合庫證券",1008,500,508
"8508","00715L期街口布蘭特正2","110/07/28","第一金-自由",10,405,-395
"8509","00715L期街口布蘭特正2","110/07/28","永豐金-三重",500,0,500
"8510","00715L期街口布蘭特正2","110/07/28","玉山-高雄",17,387,-370
"8511","00715L期街口布蘭特正2","110/07/28","凱基-市政",500,1,499
"8512","00715L期街口布蘭特正2","110/07/28","統一-桃園",0,331,-331
"8513","00715L期街口布蘭特正2","110/07/28","元富-大裕",500,8,492
"8514","00715L期街口布蘭特正2","110/07/28","元富-中壢",0,309,-309
"8515","00715L期街口布蘭特正2","110/07/28","永豐金-內湖",503,18,485
"8516","00715L期街口布蘭特正2","110/07/28","台新證券",21,329,-308
"8517","00715L期街口布蘭特正2","110/07/28","元富-吉利",280,0,280
"8518","00715L期街口布蘭特正2","110/07/28","國票-台中",0,275,-275
"8519","00715L期街口布蘭特正2","110/07/28","國票-博愛",200,0,200
"8520","00715L期街口布蘭特正2","110/07/28","日盛-木柵",0,268,-268
"8521","8941關中","110/07/28","第一金-台南",2,0,2
"8522","8941關中","110/07/28","聯邦-富強",0,3,-3
"8523","8941關中","110/07/28","元大-西屯",2,0,2
"8524","8941關中","110/07/28","富邦-員林",0,3,-3
"8525","8941關中","110/07/28","玉山證券",1,0,1
"8526","8941關中","110/07/28","第一金-安和",0,2,-2
"8527","8941關中","110/07/28","國泰-忠孝",1,0,1
"8528","8941關中","110/07/28","第一金-台中",0,1,-1
"8529","8941關中","110/07/28","凱基-岡山",1,0,1
"8530","8941關中","110/07/28","玉山-台中",0,0,0
"8531","8941關中","110/07/28","富邦-羅東",1,0,1
"8532","8941關中","110/07/28","元大-新竹經國",0,0,0
"8533","8941關中","110/07/28","永豐金-敦南",1,0,1
"8534","8941關中","110/07/28","元大-桃興",1,1,0
"8535","8941關中","110/07/28","玉山-台中",0,0,0
"8536","8941關中","110/07/28","",NA,NA,NA
"8537","8941關中","110/07/28","元大-新竹經國",0,0,0
"8538","8941關中","110/07/28","",NA,NA,NA
"8539","8941關中","110/07/28","元大-桃興",1,1,0
"8540","8941關中","110/07/28","",NA,NA,NA
"8541","8941關中","110/07/28","",NA,NA,NA
"8542","8941關中","110/07/28","",NA,NA,NA
"8543","8941關中","110/07/28","",NA,NA,NA
"8544","8941關中","110/07/28","",NA,NA,NA
"8545","8941關中","110/07/28","",NA,NA,NA
"8546","8941關中","110/07/28","",NA,NA,NA
"8547","8941關中","110/07/28","",NA,NA,NA
"8548","8941關中","110/07/28","",NA,NA,NA
"8549","8941關中","110/07/28","",NA,NA,NA
"8550","8941關中","110/07/28","",NA,NA,NA
"8551","8936國統","110/07/28","宏遠-高雄",141,1,140
"8552","8936國統","110/07/28","摩根大通",82,517,-435
"8553","8936國統","110/07/28","日盛-景美",100,0,100
"8554","8936國統","110/07/28","凱基-台北",5,290,-285
"8555","8936國統","110/07/28","永豐金-苓雅",67,0,67
"8556","8936國統","110/07/28","瑞士信貸",0,245,-245
"8557","8936國統","110/07/28","玉山-台南",64,0,64
"8558","8936國統","110/07/28","台灣摩根士丹利",16,176,-160
"8559","8936國統","110/07/28","國票-北高雄",61,1,60
"8560","8936國統","110/07/28","凱基-市政",11,110,-99
"8561","8936國統","110/07/28","玉山-高雄",49,0,49
"8562","8936國統","110/07/28","元大-東蘆",0,82,-82
"8563","8936國統","110/07/28","元大-小港",47,0,47
"8564","8936國統","110/07/28","新加坡商瑞銀",128,205,-77
"8565","8936國統","110/07/28","元大-台中",40,0,40
"8566","8936國統","110/07/28","元大-歸仁",30,75,-45
"8567","8936國統","110/07/28","新光-台中",41,7,34
"8568","8936國統","110/07/28","台新-台中",17,55,-38
"8569","8936國統","110/07/28","元大-豐原站前",32,0,32
"8570","8936國統","110/07/28","康和",20,58,-38
"8571","8936國統","110/07/28","玉山-台中",31,0,31
"8572","8936國統","110/07/28","第一金-新興",0,31,-31
"8573","8936國統","110/07/28","富邦-高雄",26,0,26
"8574","8936國統","110/07/28","元富-松德",0,30,-30
"8575","8936國統","110/07/28","元大-鳳中",30,5,25
"8576","8936國統","110/07/28","元大-中和",2,30,-28
"8577","8936國統","110/07/28","元富-林園",20,0,20
"8578","8936國統","110/07/28","兆豐-嘉義",0,22,-22
"8579","8936國統","110/07/28","兆豐-北高雄",20,0,20
"8580","8936國統","110/07/28","美林",11,32,-21
"8581","6226光鼎","110/07/28","群益金鼎-萬華",147,14,133
"8582","6226光鼎","110/07/28","群益金鼎-敦南",5,282,-277
"8583","6226光鼎","110/07/28","台新-台中",227,114,113
"8584","6226光鼎","110/07/28","華南永昌",19,142,-123
"8585","6226光鼎","110/07/28","摩根大通",109,0,109
"8586","6226光鼎","110/07/28","康和-台北",0,100,-100
"8587","6226光鼎","110/07/28","統一",107,0,107
"8588","6226光鼎","110/07/28","臺銀-民權",4,100,-96
"8589","6226光鼎","110/07/28","凱基-台北",103,1,102
"8590","6226光鼎","110/07/28","元大-潮州",11,102,-91
"8591","6226光鼎","110/07/28","台灣摩根士丹利",104,7,97
"8592","6226光鼎","110/07/28","華南永昌-嘉義",50,130,-80
"8593","6226光鼎","110/07/28","群益金鼎-館前",97,0,97
"8594","6226光鼎","110/07/28","台新證券",79,153,-74
"8595","6226光鼎","110/07/28","國泰-台中",97,20,77
"8596","6226光鼎","110/07/28","玉山-台南",4,74,-70
"8597","6226光鼎","110/07/28","元大-嘉義",83,16,67
"8598","6226光鼎","110/07/28","臺銀-臺中",6,65,-59
"8599","6226光鼎","110/07/28","新光-桃園",69,8,61
"8600","6226光鼎","110/07/28","富邦-仁愛",6,63,-57
"8601","6226光鼎","110/07/28","群益金鼎-三重",59,2,57
"8602","6226光鼎","110/07/28","凱基-大里",0,51,-51
"8603","6226光鼎","110/07/28","日盛-員林",63,12,51
"8604","6226光鼎","110/07/28","國泰-敦南",116,166,-50
"8605","6226光鼎","110/07/28","永豐金-松山",66,20,46
"8606","6226光鼎","110/07/28","元富-中港",2,51,-49
"8607","6226光鼎","110/07/28","統一-內湖",48,7,41
"8608","6226光鼎","110/07/28","群益金鼎-延平",0,49,-49
"8609","6226光鼎","110/07/28","凱基-高美館",51,10,41
"8610","6226光鼎","110/07/28","元大-新竹經國",5,53,-48
"8611","2363矽統","110/07/28","摩根大通",809,282,527
"8612","2363矽統","110/07/28","國泰-敦南",145,861,-716
"8613","2363矽統","110/07/28","美商高盛",532,264,268
"8614","2363矽統","110/07/28","元大-台中",18,384,-366
"8615","2363矽統","110/07/28","台新-三民",263,18,245
"8616","2363矽統","110/07/28","新光",197,525,-328
"8617","2363矽統","110/07/28","台新證券",929,703,226
"8618","2363矽統","110/07/28","群益金鼎-三民",24,266,-242
"8619","2363矽統","110/07/28","第一金-嘉義",154,0,154
"8620","2363矽統","110/07/28","凱基-斗六",0,187,-187
"8621","2363矽統","110/07/28","凱基-台北",1039,889,150
"8622","2363矽統","110/07/28","元大-上新莊",3,134,-131
"8623","2363矽統","110/07/28","永豐金-竹科",132,11,121
"8624","2363矽統","110/07/28","永豐金-彰化",5,134,-129
"8625","2363矽統","110/07/28","華南永昌-鳳山",146,34,112
"8626","2363矽統","110/07/28","日盛-二林",15,142,-127
"8627","2363矽統","110/07/28","第一金-新興",108,1,107
"8628","2363矽統","110/07/28","元大證券",18,125,-107
"8629","2363矽統","110/07/28","港商野村",673,568,105
"8630","2363矽統","110/07/28","新光-台南",25,129,-104
"8631","2363矽統","110/07/28","群益金鼎-桃園",111,11,100
"8632","2363矽統","110/07/28","統一",7,109,-102
"8633","2363矽統","110/07/28","台新-左楠",94,15,79
"8634","2363矽統","110/07/28","康和-南崁",11,108,-97
"8635","2363矽統","110/07/28","新加坡商瑞銀",789,711,78
"8636","2363矽統","110/07/28","國票",25,121,-96
"8637","2363矽統","110/07/28","國票-九鼎",99,26,73
"8638","2363矽統","110/07/28","群益金鼎-敦南",11,107,-96
"8639","2363矽統","110/07/28","兆豐-埔墘",62,0,62
"8640","2363矽統","110/07/28","兆豐-寶成",2,79,-77
"8641","8112至上","110/07/28","摩根大通",630,183,447
"8642","8112至上","110/07/28","永豐金-永康",0,242,-242
"8643","8112至上","110/07/28","合庫證券",317,21,296
"8644","8112至上","110/07/28","高橋",3,222,-219
"8645","8112至上","110/07/28","新加坡商瑞銀",417,132,285
"8646","8112至上","110/07/28","玉山證券",2,206,-204
"8647","8112至上","110/07/28","台灣摩根士丹利",253,58,195
"8648","8112至上","110/07/28","新光",50,206,-156
"8649","8112至上","110/07/28","港商野村",350,164,186
"8650","8112至上","110/07/28","永豐金-苓雅",2,102,-100
"8651","8112至上","110/07/28","美商高盛",184,7,177
"8652","8112至上","110/07/28","凱基-永和",0,80,-80
"8653","8112至上","110/07/28","美林",213,53,160
"8654","8112至上","110/07/28","華南永昌-新莊",60,134,-74
"8655","8112至上","110/07/28","花旗環球",86,16,70
"8656","8112至上","110/07/28","台新-松江",27,90,-63
"8657","8112至上","110/07/28","玉山-板橋",82,17,65
"8658","8112至上","110/07/28","宏遠證券",1,50,-49
"8659","8112至上","110/07/28","凱基-竹科",67,3,64
"8660","8112至上","110/07/28","元大-苑裡",23,72,-49
"8661","8112至上","110/07/28","元大-府城",56,0,56
"8662","8112至上","110/07/28","元大-基隆孝二",5,53,-48
"8663","8112至上","110/07/28","永豐金-內湖",37,0,37
"8664","8112至上","110/07/28","康和-仁愛",5,51,-46
"8665","8112至上","110/07/28","瑞士信貸",58,26,32
"8666","8112至上","110/07/28","台新證券",31,73,-42
"8667","8112至上","110/07/28","元大證券",60,29,31
"8668","8112至上","110/07/28","兆豐-公益",0,40,-40
"8669","8112至上","110/07/28","元富-新店",35,5,30
"8670","8112至上","110/07/28","中國信託-忠孝",1,37,-36
"8671","1570力肯","110/07/28","國泰-敦南",50,0,50
"8672","1570力肯","110/07/28","元大-高雄",0,42,-42
"8673","1570力肯","110/07/28","群益金鼎-高雄",31,0,31
"8674","1570力肯","110/07/28","國票-新莊",0,14,-14
"8675","1570力肯","110/07/28","元富-延平",15,0,15
"8676","1570力肯","110/07/28","凱基-站前",0,10,-10
"8677","1570力肯","110/07/28","(牛牛牛)亞-鑫豐",10,0,10
"8678","1570力肯","110/07/28","凱基-台北",0,10,-10
"8679","1570力肯","110/07/28","元富-緯城",6,0,6
"8680","1570力肯","110/07/28","元大-忠孝",0,10,-10
"8681","1570力肯","110/07/28","合庫-自強",5,0,5
"8682","1570力肯","110/07/28","台灣摩根士丹利",0,9,-9
"8683","1570力肯","110/07/28","臺銀-臺南",4,0,4
"8684","1570力肯","110/07/28","群益金鼎-板橋",0,8,-8
"8685","1570力肯","110/07/28","兆豐-台中港",3,0,3
"8686","1570力肯","110/07/28","永豐金-大園",0,7,-7
"8687","1570力肯","110/07/28","日盛-板橋",2,0,2
"8688","1570力肯","110/07/28","元大-台南",0,5,-5
"8689","1570力肯","110/07/28","統一-松江",2,0,2
"8690","1570力肯","110/07/28","合庫-台中",0,4,-4
"8691","1570力肯","110/07/28","台新-三民",2,0,2
"8692","1570力肯","110/07/28","富邦-板橋",0,3,-3
"8693","1570力肯","110/07/28","群益金鼎-土城",2,0,2
"8694","1570力肯","110/07/28","元大-板橋",0,3,-3
"8695","1570力肯","110/07/28","元大-和平",2,0,2
"8696","1570力肯","110/07/28","統一-桃園",0,2,-2
"8697","1570力肯","110/07/28","元大-土城永寧",2,0,2
"8698","1570力肯","110/07/28","凱基-三多",0,2,-2
"8699","1570力肯","110/07/28","大昌-樹林",1,0,1
"8700","1570力肯","110/07/28","華南永昌-高雄",0,2,-2
"8701","2929淘帝","110/07/28","日盛-八德",40,0,40
"8702","2929淘帝","110/07/28","凱基-林口",0,150,-150
"8703","2929淘帝","110/07/28","玉山-新竹",30,0,30
"8704","2929淘帝","110/07/28","日盛-台中",0,35,-35
"8705","2929淘帝","110/07/28","國泰-松江",33,3,30
"8706","2929淘帝","110/07/28","永豐金-永康",0,21,-21
"8707","2929淘帝","110/07/28","元大-民生",28,0,28
"8708","2929淘帝","110/07/28","新加坡商瑞銀",13,32,-19
"8709","2929淘帝","110/07/28","合庫-高雄",21,0,21
"8710","2929淘帝","110/07/28","國泰-敦南",2,20,-18
"8711","2929淘帝","110/07/28","華南永昌",20,0,20
"8712","2929淘帝","110/07/28","臺銀",2,17,-15
"8713","2929淘帝","110/07/28","台新證券",12,0,12
"8714","2929淘帝","110/07/28","群益金鼎-敦南",0,13,-13
"8715","2929淘帝","110/07/28","第一金-大稻埕",10,0,10
"8716","2929淘帝","110/07/28","富邦-建國",1,13,-12
"8717","2929淘帝","110/07/28","華南永昌-台中",10,0,10
"8718","2929淘帝","110/07/28","元富-城東",0,10,-10
"8719","2929淘帝","110/07/28","元大-士林",10,0,10
"8720","2929淘帝","110/07/28","兆豐-景美",0,8,-8
"8721","2929淘帝","110/07/28","元大-屏南",10,0,10
"8722","2929淘帝","110/07/28","美林",3,10,-7
"8723","2929淘帝","110/07/28","元大-員林",10,0,10
"8724","2929淘帝","110/07/28","元富-彰化",0,7,-7
"8725","2929淘帝","110/07/28","新光-桃園",9,0,9
"8726","2929淘帝","110/07/28","港商法國興業",0,6,-6
"8727","2929淘帝","110/07/28","日盛-景美",7,0,7
"8728","2929淘帝","110/07/28","新光-高雄",0,6,-6
"8729","2929淘帝","110/07/28","玉山證券",7,0,7
"8730","2929淘帝","110/07/28","港商野村",3,8,-5
"8731","5410國眾","110/07/28","兆豐-城中",38,0,38
"8732","5410國眾","110/07/28","兆豐-南門",3,80,-77
"8733","5410國眾","110/07/28","大展",20,0,20
"8734","5410國眾","110/07/28","摩根大通",12,56,-44
"8735","5410國眾","110/07/28","新光-桃園",20,0,20
"8736","5410國眾","110/07/28","凱基-台北",0,28,-28
"8737","5410國眾","110/07/28","凱基-竹北",20,0,20
"8738","5410國眾","110/07/28","亞東-板橋",0,20,-20
"8739","5410國眾","110/07/28","元大-新莊",17,0,17
"8740","5410國眾","110/07/28","統一-新台中",0,20,-20
"8741","5410國眾","110/07/28","新光",20,8,12
"8742","5410國眾","110/07/28","瑞士信貸",0,16,-16
"8743","5410國眾","110/07/28","國泰-敦南",11,0,11
"8744","5410國眾","110/07/28","新加坡商瑞銀",0,15,-15
"8745","5410國眾","110/07/28","日盛-內湖",10,0,10
"8746","5410國眾","110/07/28","統一-金門",0,15,-15
"8747","5410國眾","110/07/28","元富-新竹",10,0,10
"8748","5410國眾","110/07/28","元大-北投",0,12,-12
"8749","5410國眾","110/07/28","群益金鼎-永和",10,0,10
"8750","5410國眾","110/07/28","新百王",0,10,-10
"8751","5410國眾","110/07/28","華南永昌-中正",10,0,10
"8752","5410國眾","110/07/28","元大-館前",0,10,-10
"8753","5410國眾","110/07/28","元大-旗山",10,0,10
"8754","5410國眾","110/07/28","元富-安南",0,9,-9
"8755","5410國眾","110/07/28","元大-大天母",10,0,10
"8756","5410國眾","110/07/28","元大-龍潭",1,10,-9
"8757","5410國眾","110/07/28","大昌",9,0,9
"8758","5410國眾","110/07/28","港商野村",1,7,-6
"8759","5410國眾","110/07/28","臺銀-鳳山",8,0,8
"8760","5410國眾","110/07/28","元大-東泰",0,6,-6
"8761","2841台開","110/07/28","台新-台中",36,0,36
"8762","2841台開","110/07/28","元大-大雅",0,90,-90
"8763","2841台開","110/07/28","群益金鼎-大甲",24,0,24
"8764","2841台開","110/07/28","凱基-台北",0,73,-73
"8765","2841台開","110/07/28","永豐金-敦南",29,8,21
"8766","2841台開","110/07/28","港商野村",0,27,-27
"8767","2841台開","110/07/28","第一金-台中",20,0,20
"8768","2841台開","110/07/28","大慶-富順",0,20,-20
"8769","2841台開","110/07/28","元富-烏日",20,0,20
"8770","2841台開","110/07/28","豐農",0,17,-17
"8771","2841台開","110/07/28","元大-歸仁",20,0,20
"8772","2841台開","110/07/28","元大-大里德芳",0,15,-15
"8773","2841台開","110/07/28","永豐金-豐原",20,0,20
"8774","2841台開","110/07/28","日盛-大墩",0,10,-10
"8775","2841台開","110/07/28","日盛-花蓮",15,0,15
"8776","2841台開","110/07/28","元大-博愛",0,10,-10
"8777","2841台開","110/07/28","大昌-安康",18,3,15
"8778","2841台開","110/07/28","元大-豐原站前",0,10,-10
"8779","2841台開","110/07/28","陽信-石牌",13,0,13
"8780","2841台開","110/07/28","台新證券",6,13,-7
"8781","2841台開","110/07/28","台灣摩根士丹利",10,0,10
"8782","2841台開","110/07/28","台中銀",0,5,-5
"8783","2841台開","110/07/28","台新-高雄",10,0,10
"8784","2841台開","110/07/28","中國信託-中壢",0,5,-5
"8785","2841台開","110/07/28","國泰-忠孝",10,0,10
"8786","2841台開","110/07/28","元大-大同",0,5,-5
"8787","2841台開","110/07/28","元大-竹南",10,0,10
"8788","2841台開","110/07/28","元大-大益",0,4,-4
"8789","2841台開","110/07/28","元大-屏南",9,0,9
"8790","2841台開","110/07/28","元富-松德",0,3,-3
"8791","6207雷科","110/07/28","新加坡商瑞銀",153,44,109
"8792","6207雷科","110/07/28","康和-延平",0,48,-48
"8793","6207雷科","110/07/28","摩根大通",219,131,88
"8794","6207雷科","110/07/28","元富-大昌",0,33,-33
"8795","6207雷科","110/07/28","康和-台中",70,0,70
"8796","6207雷科","110/07/28","聯邦商銀",0,30,-30
"8797","6207雷科","110/07/28","凱基-台北",112,49,63
"8798","6207雷科","110/07/28","兆豐-三民",1,30,-29
"8799","6207雷科","110/07/28","凱基-復興",63,3,60
"8800","6207雷科","110/07/28","元大-龍潭",0,25,-25
"8801","6207雷科","110/07/28","群益金鼎-三民",59,8,51
"8802","6207雷科","110/07/28","宏遠證券",0,23,-23
"8803","6207雷科","110/07/28","永豐金-羅東",50,0,50
"8804","6207雷科","110/07/28","大昌-桃園",15,36,-21
"8805","6207雷科","110/07/28","美林",46,3,43
"8806","6207雷科","110/07/28","國泰-桃園",0,21,-21
"8807","6207雷科","110/07/28","群益金鼎-敦南",51,16,35
"8808","6207雷科","110/07/28","凱基-中壢",0,21,-21
"8809","6207雷科","110/07/28","日盛-忠孝",31,0,31
"8810","6207雷科","110/07/28","富邦-台北",4,24,-20
"8811","6207雷科","110/07/28","港商野村",32,8,24
"8812","6207雷科","110/07/28","臺銀-臺南",0,19,-19
"8813","6207雷科","110/07/28","群益金鼎-東門",22,0,22
"8814","6207雷科","110/07/28","新光",5,24,-19
"8815","6207雷科","110/07/28","統一-高雄",41,20,21
"8816","6207雷科","110/07/28","群益金鼎-大甲",1,20,-19
"8817","6207雷科","110/07/28","群益金鼎-延平",21,0,21
"8818","6207雷科","110/07/28","元大-中壢",10,28,-18
"8819","6207雷科","110/07/28","彰銀-台中",20,0,20
"8820","6207雷科","110/07/28","永豐金-北高雄",3,20,-17
"8821","3679新至陞","110/07/28","華南永昌-淡水",10,0,10
"8822","3679新至陞","110/07/28","瑞士信貸",0,25,-25
"8823","3679新至陞","110/07/28","富邦-嘉義",10,0,10
"8824","3679新至陞","110/07/28","凱基-台北",6,14,-8
"8825","3679新至陞","110/07/28","台中銀-員林",11,2,9
"8826","3679新至陞","110/07/28","美林",5,12,-7
"8827","3679新至陞","110/07/28","大昌-樹林",7,0,7
"8828","3679新至陞","110/07/28","摩根大通",5,11,-6
"8829","3679新至陞","110/07/28","康和-澎湖",5,0,5
"8830","3679新至陞","110/07/28","兆豐-新莊",0,5,-5
"8831","3679新至陞","110/07/28","富邦-台北",5,0,5
"8832","3679新至陞","110/07/28","群益金鼎-新莊",0,5,-5
"8833","3679新至陞","110/07/28","元大-成功",5,0,5
"8834","3679新至陞","110/07/28","台灣摩根士丹利",0,4,-4
"8835","3679新至陞","110/07/28","新加坡商瑞銀",3,0,3
"8836","3679新至陞","110/07/28","日盛-新竹",0,3,-3
"8837","3679新至陞","110/07/28","中國信託-新竹",3,0,3
"8838","3679新至陞","110/07/28","群益金鼎-東門",0,3,-3
"8839","3679新至陞","110/07/28","元大-新莊",3,0,3
"8840","3679新至陞","110/07/28","元大證券",0,3,-3
"8841","3679新至陞","110/07/28","宏遠-光隆",2,0,2
"8842","3679新至陞","110/07/28","元大-忠孝",0,3,-3
"8843","3679新至陞","110/07/28","大慶-蘆洲",2,0,2
"8844","3679新至陞","110/07/28","合庫-西台中",0,2,-2
"8845","3679新至陞","110/07/28","台新-左楠",2,0,2
"8846","3679新至陞","110/07/28","日盛-板橋",0,2,-2
"8847","3679新至陞","110/07/28","群益金鼎-三重",2,0,2
"8848","3679新至陞","110/07/28","國票-桃園",0,2,-2
"8849","3679新至陞","110/07/28","華南永昌-高雄",2,0,2
"8850","3679新至陞","110/07/28","台新-台南",0,2,-2
"8851","2727王品","110/07/28","凱基-台北",139,50,89
"8852","2727王品","110/07/28","新光-台中",9,68,-59
"8853","2727王品","110/07/28","美林",77,10,67
"8854","2727王品","110/07/28","瑞士信貸",16,54,-38
"8855","2727王品","110/07/28","港商野村",118,64,54
"8856","2727王品","110/07/28","華南永昌",4,41,-37
"8857","2727王品","110/07/28","國泰-敦南",51,30,21
"8858","2727王品","110/07/28","美商高盛",2,30,-28
"8859","2727王品","110/07/28","新加坡商瑞銀",58,38,20
"8860","2727王品","110/07/28","富邦-板橋",17,38,-21
"8861","2727王品","110/07/28","永豐金-中盛",24,4,20
"8862","2727王品","110/07/28","富邦-竹北",0,20,-20
"8863","2727王品","110/07/28","元大-南崁",20,2,18
"8864","2727王品","110/07/28","元大-小港",1,21,-20
"8865","2727王品","110/07/28","摩根大通",48,32,16
"8866","2727王品","110/07/28","凱基",0,18,-18
"8867","2727王品","110/07/28","臺銀-高雄",14,0,14
"8868","2727王品","110/07/28","統一",15,31,-16
"8869","2727王品","110/07/28","永豐金-桃盛",19,5,14
"8870","2727王品","110/07/28","國泰-台中",12,28,-16
"8871","2727王品","110/07/28","凱基-內湖",13,0,13
"8872","2727王品","110/07/28","元大-台中",7,22,-15
"8873","2727王品","110/07/28","永豐金-中正",15,2,13
"8874","2727王品","110/07/28","華南永昌-麻豆",0,14,-14
"8875","2727王品","110/07/28","富邦-建國",18,7,11
"8876","2727王品","110/07/28","永豐金-豐原",1,15,-14
"8877","2727王品","110/07/28","富邦-陽明",15,5,10
"8878","2727王品","110/07/28","國票-內壢",1,14,-13
"8879","2727王品","110/07/28","元大-南京",10,0,10
"8880","2727王品","110/07/28","永豐金證券",2,15,-13
"8881","1570力肯","110/07/28","國泰-敦南",50,0,50
"8882","1570力肯","110/07/28","元大-高雄",0,42,-42
"8883","1570力肯","110/07/28","群益金鼎-高雄",31,0,31
"8884","1570力肯","110/07/28","國票-新莊",0,14,-14
"8885","1570力肯","110/07/28","元富-延平",15,0,15
"8886","1570力肯","110/07/28","凱基-站前",0,10,-10
"8887","1570力肯","110/07/28","(牛牛牛)亞-鑫豐",10,0,10
"8888","1570力肯","110/07/28","凱基-台北",0,10,-10
"8889","1570力肯","110/07/28","元富-緯城",6,0,6
"8890","1570力肯","110/07/28","元大-忠孝",0,10,-10
"8891","1570力肯","110/07/28","合庫-自強",5,0,5
"8892","1570力肯","110/07/28","台灣摩根士丹利",0,9,-9
"8893","1570力肯","110/07/28","臺銀-臺南",4,0,4
"8894","1570力肯","110/07/28","群益金鼎-板橋",0,8,-8
"8895","1570力肯","110/07/28","兆豐-台中港",3,0,3
"8896","1570力肯","110/07/28","永豐金-大園",0,7,-7
"8897","1570力肯","110/07/28","日盛-板橋",2,0,2
"8898","1570力肯","110/07/28","元大-台南",0,5,-5
"8899","1570力肯","110/07/28","統一-松江",2,0,2
"8900","1570力肯","110/07/28","合庫-台中",0,4,-4
"8901","1570力肯","110/07/28","台新-三民",2,0,2
"8902","1570力肯","110/07/28","富邦-板橋",0,3,-3
"8903","1570力肯","110/07/28","群益金鼎-土城",2,0,2
"8904","1570力肯","110/07/28","元大-板橋",0,3,-3
"8905","1570力肯","110/07/28","元大-和平",2,0,2
"8906","1570力肯","110/07/28","統一-桃園",0,2,-2
"8907","1570力肯","110/07/28","元大-土城永寧",2,0,2
"8908","1570力肯","110/07/28","凱基-三多",0,2,-2
"8909","1570力肯","110/07/28","大昌-樹林",1,0,1
"8910","1570力肯","110/07/28","華南永昌-高雄",0,2,-2
"8911","6180橘子","110/07/28","凱基-台北",152,85,67
"8912","6180橘子","110/07/28","摩根大通",20,92,-72
"8913","6180橘子","110/07/28","新光",57,18,39
"8914","6180橘子","110/07/28","大慶-台中",0,33,-33
"8915","6180橘子","110/07/28","美商高盛",49,12,37
"8916","6180橘子","110/07/28","兆豐證券",0,25,-25
"8917","6180橘子","110/07/28","第一金-安和",20,0,20
"8918","6180橘子","110/07/28","元大-上新莊",0,22,-22
"8919","6180橘子","110/07/28","元富-桃園",20,0,20
"8920","6180橘子","110/07/28","新加坡商瑞銀",23,44,-21
"8921","6180橘子","110/07/28","第一金-員林",19,0,19
"8922","6180橘子","110/07/28","富邦-內湖",0,21,-21
"8923","6180橘子","110/07/28","富邦-嘉義",22,4,18
"8924","6180橘子","110/07/28","第一金-新興",0,20,-20
"8925","6180橘子","110/07/28","統一-嘉義",16,0,16
"8926","6180橘子","110/07/28","臺銀-臺南",5,22,-17
"8927","6180橘子","110/07/28","國票-九鼎",15,0,15
"8928","6180橘子","110/07/28","第一金-忠孝",0,10,-10
"8929","6180橘子","110/07/28","華南永昌-朴子",14,0,14
"8930","6180橘子","110/07/28","元富-屏東",0,10,-10
"8931","6180橘子","110/07/28","群益金鼎-台南",13,0,13
"8932","6180橘子","110/07/28","凱基-八德",1,11,-10
"8933","6180橘子","110/07/28","富邦-建國",13,1,12
"8934","6180橘子","110/07/28","元大-和平",1,11,-10
"8935","6180橘子","110/07/28","富邦-板橋",16,5,11
"8936","6180橘子","110/07/28","元大-台中中港",0,10,-10
"8937","6180橘子","110/07/28","元富-新店",10,0,10
"8938","6180橘子","110/07/28","元大-南屯",0,9,-9
"8939","6180橘子","110/07/28","元大-台南",10,0,10
"8940","6180橘子","110/07/28","永豐金-屏東",0,9,-9
"8941","2390云辰","110/07/28","摩根大通",1589,780,809
"8942","2390云辰","110/07/28","華南永昌-鳳山",34,290,-256
"8943","2390云辰","110/07/28","凱基-台北",457,300,157
"8944","2390云辰","110/07/28","凱基-基隆",0,224,-224
"8945","2390云辰","110/07/28","美林",330,206,124
"8946","2390云辰","110/07/28","元富-高雄",56,177,-121
"8947","2390云辰","110/07/28","元富-同大",159,35,124
"8948","2390云辰","110/07/28","元富-中港",1,100,-99
"8949","2390云辰","110/07/28","台灣摩根士丹利",193,71,122
"8950","2390云辰","110/07/28","兆豐-公益",4,100,-96
"8951","2390云辰","110/07/28","元大-前金",150,49,101
"8952","2390云辰","110/07/28","統一-新台中",180,274,-94
"8953","2390云辰","110/07/28","永豐金-鳳山",110,18,92
"8954","2390云辰","110/07/28","日盛-新莊",4,76,-72
"8955","2390云辰","110/07/28","元大-林園",99,11,88
"8956","2390云辰","110/07/28","永豐金-新店",0,57,-57
"8957","2390云辰","110/07/28","元大-信義",121,35,86
"8958","2390云辰","110/07/28","華南永昌-內壢",0,56,-56
"8959","2390云辰","110/07/28","美商高盛",206,123,83
"8960","2390云辰","110/07/28","第一金-豐原",9,63,-54
"8961","2390云辰","110/07/28","統一-城中",101,37,64
"8962","2390云辰","110/07/28","華南永昌-中正",13,67,-54
"8963","2390云辰","110/07/28","元大-竹山",75,20,55
"8964","2390云辰","110/07/28","元大-大益",7,59,-52
"8965","2390云辰","110/07/28","豐農",79,25,54
"8966","2390云辰","110/07/28","大慶",0,50,-50
"8967","2390云辰","110/07/28","新加坡商瑞銀",68,15,53
"8968","2390云辰","110/07/28","凱基-豐中",3,49,-46
"8969","2390云辰","110/07/28","統一-屏東",54,5,49
"8970","2390云辰","110/07/28","元大-彰化民生",7,51,-44
"8971","1471首利","110/07/27","永全-八德",50,0,50
"8972","1471首利","110/07/27","國票-九鼎",0,306,-306
"8973","1471首利","110/07/27","中國信託-松江",48,0,48
"8974","1471首利","110/07/27","兆豐-天母",1,115,-114
"8975","1471首利","110/07/27","富邦-嘉義",40,0,40
"8976","1471首利","110/07/27","美林",0,42,-42
"8977","1471首利","110/07/27","富邦-台南",33,0,33
"8978","1471首利","110/07/27","摩根大通",45,75,-30
"8979","1471首利","110/07/27","(牛牛牛)亞-鑫豐",32,0,32
"8980","1471首利","110/07/27","凱基-八德",0,30,-30
"8981","1471首利","110/07/27","台灣企銀-太平",25,0,25
"8982","1471首利","110/07/27","中國信託-高雄",0,25,-25
"8983","1471首利","110/07/27","群益金鼎-台中",23,0,23
"8984","1471首利","110/07/27","統一-新台中",0,24,-24
"8985","1471首利","110/07/27","元富-潮州",20,0,20
"8986","1471首利","110/07/27","聯邦-高雄",0,21,-21
"8987","1471首利","110/07/27","凱基-信義",20,0,20
"8988","1471首利","110/07/27","德信-中正",0,20,-20
"8989","1471首利","110/07/27","富邦-基隆",26,8,18
"8990","1471首利","110/07/27","元大-福營",3,20,-17
"8991","1471首利","110/07/27","日盛-高雄",17,0,17
"8992","1471首利","110/07/27","凱基-宜蘭",0,16,-16
"8993","1471首利","110/07/27","國泰-敦南",16,2,14
"8994","1471首利","110/07/27","凱基-天母",0,15,-15
"8995","1471首利","110/07/27","元大-大甲",13,0,13
"8996","1471首利","110/07/27","第一金-高雄",6,20,-14
"8997","1471首利","110/07/27","合庫-鳳山",12,0,12
"8998","1471首利","110/07/27","元大-中壢",0,13,-13
"8999","1471首利","110/07/27","日盛-大墩",12,0,12
"9000","1471首利","110/07/27","元富-安南",0,12,-12
"9001","2883開發金","110/07/27","元富",1762,67,1695
"9002","2883開發金","110/07/27","美林",0,11931,-11931
"9003","2883開發金","110/07/27","福邦證券",1450,0,1450
"9004","2883開發金","110/07/27","新加坡商瑞銀",1513,8370,-6857
"9005","2883開發金","110/07/27","凱基",1422,0,1422
"9006","2883開發金","110/07/27","凱基-台北",1081,5265,-4184
"9007","2883開發金","110/07/27","瑞士信貸",2044,731,1313
"9008","2883開發金","110/07/27","摩根大通",612,3392,-2780
"9009","2883開發金","110/07/27","台灣摩根士丹利",2112,921,1191
"9010","2883開發金","110/07/27","統一-仁愛",31,2002,-1971
"9011","2883開發金","110/07/27","新光",1474,461,1013
"9012","2883開發金","110/07/27","兆豐證券",192,1910,-1718
"9013","2883開發金","110/07/27","國票-長城",1003,20,983
"9014","2883開發金","110/07/27","(牛牛牛)亞-鑫豐",276,1815,-1539
"9015","2883開發金","110/07/27","台新證券",1207,362,845
"9016","2883開發金","110/07/27","永豐金-板橋",197,1610,-1413
"9017","2883開發金","110/07/27","港商野村",2209,1498,711
"9018","2883開發金","110/07/27","美商高盛",16,1337,-1321
"9019","2883開發金","110/07/27","永豐金-彰化",680,26,654
"9020","2883開發金","110/07/27","兆豐-北高雄",60,1360,-1300
"9021","2883開發金","110/07/27","台新-高雄",918,265,653
"9022","2883開發金","110/07/27","兆豐-景美",26,1070,-1044
"9023","2883開發金","110/07/27","國泰-敦南",1273,634,639
"9024","2883開發金","110/07/27","亞東-新竹",7,1001,-994
"9025","2883開發金","110/07/27","元大證券",876,246,630
"9026","2883開發金","110/07/27","富邦-羅東",201,1098,-897
"9027","2883開發金","110/07/27","致和證券",684,92,592
"9028","2883開發金","110/07/27","統一",159,811,-652
"9029","2883開發金","110/07/27","元大-民生",550,2,548
"9030","2883開發金","110/07/27","香港上海匯豐",0,584,-584
"9031","6205詮欣","110/07/27","土銀-和平",20,0,20
"9032","6205詮欣","110/07/27","摩根大通",3,22,-19
"9033","6205詮欣","110/07/27","臺銀-民權",20,6,14
"9034","6205詮欣","110/07/27","瑞士信貸",5,16,-11
"9035","6205詮欣","110/07/27","台新證券",5,0,5
"9036","6205詮欣","110/07/27","臺銀-鳳山",0,6,-6
"9037","6205詮欣","110/07/27","華南永昌-小港",5,0,5
"9038","6205詮欣","110/07/27","臺銀-新竹",0,5,-5
"9039","6205詮欣","110/07/27","日盛-新莊",4,0,4
"9040","6205詮欣","110/07/27","國票-和平",0,4,-4
"9041","6205詮欣","110/07/27","元富-三重",4,0,4
"9042","6205詮欣","110/07/27","凱基-東門",0,4,-4
"9043","6205詮欣","110/07/27","致和-佳里",4,1,3
"9044","6205詮欣","110/07/27","富邦-花蓮",0,3,-3
"9045","6205詮欣","110/07/27","華南永昌-岡山",3,0,3
"9046","6205詮欣","110/07/27","元大-北投",0,3,-3
"9047","6205詮欣","110/07/27","元大-成功",3,0,3
"9048","6205詮欣","110/07/27","元大-民生",2,5,-3
"9049","6205詮欣","110/07/27","土銀-嘉義",2,0,2
"9050","6205詮欣","110/07/27","日盛-三重",0,2,-2
"9051","6205詮欣","110/07/27","第一金-光復",2,0,2
"9052","6205詮欣","110/07/27","日盛-北高雄",0,2,-2
"9053","6205詮欣","110/07/27","統一-屏東",2,0,2
"9054","6205詮欣","110/07/27","港商野村",0,2,-2
"9055","6205詮欣","110/07/27","元富-新莊",2,0,2
"9056","6205詮欣","110/07/27","統一-彰化",0,2,-2
"9057","6205詮欣","110/07/27","兆豐-竹北",2,0,2
"9058","6205詮欣","110/07/27","永全",0,2,-2
"9059","6205詮欣","110/07/27","新光",2,0,2
"9060","6205詮欣","110/07/27","兆豐-西螺",0,2,-2
"9061","1540喬福","110/07/27","富邦-員林",10,0,10
"9062","1540喬福","110/07/27","合庫-台中",0,26,-26
"9063","1540喬福","110/07/27","元大-中壢",10,0,10
"9064","1540喬福","110/07/27","統一-新台中",0,25,-25
"9065","1540喬福","110/07/27","凱基-台中",8,0,8
"9066","1540喬福","110/07/27","元大-斗六",0,10,-10
"9067","1540喬福","110/07/27","大慶-中壢",5,0,5
"9068","1540喬福","110/07/27","凱基-中港",0,9,-9
"9069","1540喬福","110/07/27","兆豐-北高雄",5,0,5
"9070","1540喬福","110/07/27","國票-中正",0,8,-8
"9071","1540喬福","110/07/27","兆豐-三民",5,0,5
"9072","1540喬福","110/07/27","臺銀-臺中",0,5,-5
"9073","1540喬福","110/07/27","台新-台中",5,0,5
"9074","1540喬福","110/07/27","元富-中原",0,5,-5
"9075","1540喬福","110/07/27","國票-九鼎",4,0,4
"9076","1540喬福","110/07/27","新光-桃園",0,5,-5
"9077","1540喬福","110/07/27","富邦-高雄",5,1,4
"9078","1540喬福","110/07/27","大昌-新竹",0,4,-4
"9079","1540喬福","110/07/27","永豐金-羅東",4,0,4
"9080","1540喬福","110/07/27","元大-員林中山",0,4,-4
"9081","1540喬福","110/07/27","台新證券",3,0,3
"9082","1540喬福","110/07/27","群益金鼎-瑞豐",0,3,-3
"9083","1540喬福","110/07/27","華南永昌-台中",3,0,3
"9084","1540喬福","110/07/27","凱基-台北",0,3,-3
"9085","1540喬福","110/07/27","富邦-台東",3,0,3
"9086","1540喬福","110/07/27","富邦-建國",0,3,-3
"9087","1540喬福","110/07/27","元大-台中中港",3,0,3
"9088","1540喬福","110/07/27","國票-北投",0,2,-2
"9089","1540喬福","110/07/27","亞東",2,0,2
"9090","1540喬福","110/07/27","元大-鳳山",0,2,-2
"9091","2888新光金","110/07/27","台灣摩根士丹利",11737,746,10991
"9092","2888新光金","110/07/27","玉山-城中",112,6002,-5890
"9093","2888新光金","110/07/27","美林",3692,417,3275
"9094","2888新光金","110/07/27","新加坡商瑞銀",120,5935,-5815
"9095","2888新光金","110/07/27","凱基-台北",4378,2713,1665
"9096","2888新光金","110/07/27","摩根大通",1586,7187,-5601
"9097","2888新光金","110/07/27","凱基-台南",1551,3,1548
"9098","2888新光金","110/07/27","富邦-建國",298,5641,-5343
"9099","2888新光金","110/07/27","台新證券",1494,124,1370
"9100","2888新光金","110/07/27","第一金-高雄",81,5014,-4933
"9101","2888新光金","110/07/27","新光",2434,1212,1222
"9102","2888新光金","110/07/27","瑞士信貸",191,4524,-4333
"9103","2888新光金","110/07/27","元大-四維",1246,25,1221
"9104","2888新光金","110/07/27","兆豐-鹿港",45,2632,-2587
"9105","2888新光金","110/07/27","富隆-長安",1070,0,1070
"9106","2888新光金","110/07/27","國票-彰化",3,1803,-1800
"9107","2888新光金","110/07/27","永豐金-萬盛",1052,0,1052
"9108","2888新光金","110/07/27","港商野村",0,1434,-1434
"9109","2888新光金","110/07/27","法銀巴黎",1116,120,996
"9110","2888新光金","110/07/27","統一-高雄",173,1511,-1338
"9111","2888新光金","110/07/27","凱基-竹科",853,4,849
"9112","2888新光金","110/07/27","群益金鼎-古亭",40,1202,-1162
"9113","2888新光金","110/07/27","元大-斗信",874,50,824
"9114","2888新光金","110/07/27","日盛-樹林",34,1034,-1000
"9115","2888新光金","110/07/27","日盛-景美",811,119,692
"9116","2888新光金","110/07/27","統一-土城",18,1000,-982
"9117","2888新光金","110/07/27","元富-世貿",568,2,566
"9118","2888新光金","110/07/27","元大-鹿港",125,1057,-932
"9119","2888新光金","110/07/27","日盛-雙和",567,2,565
"9120","2888新光金","110/07/27","新光-桃園",91,993,-902
"9121","1340勝悅","110/07/27","亞東-台中",15,0,15
"9122","1340勝悅","110/07/27","凱基-岡山",0,25,-25
"9123","1340勝悅","110/07/27","元大-路竹",15,0,15
"9124","1340勝悅","110/07/27","合庫-嘉義",0,14,-14
"9125","1340勝悅","110/07/27","臺銀-臺中",7,0,7
"9126","1340勝悅","110/07/27","元大-北港",0,14,-14
"9127","1340勝悅","110/07/27","台新-台中",7,0,7
"9128","1340勝悅","110/07/27","凱基-台北",0,12,-12
"9129","1340勝悅","110/07/27","元大-屏南",6,0,6
"9130","1340勝悅","110/07/27","兆豐-三民",0,7,-7
"9131","1340勝悅","110/07/27","臺灣企銀-埔墘",5,0,5
"9132","1340勝悅","110/07/27","華南永昌-台中",1,7,-6
"9133","1340勝悅","110/07/27","日盛-板橋",5,0,5
"9134","1340勝悅","110/07/27","日盛-信義",0,5,-5
"9135","1340勝悅","110/07/27","日盛-新莊",5,0,5
"9136","1340勝悅","110/07/27","德信-和平",0,5,-5
"9137","1340勝悅","110/07/27","臺銀-鳳山",4,0,4
"9138","1340勝悅","110/07/27","台新證券",0,5,-5
"9139","1340勝悅","110/07/27","玉山-城中",4,0,4
"9140","1340勝悅","110/07/27","新光-高雄",0,4,-4
"9141","1340勝悅","110/07/27","美商高盛",3,0,3
"9142","1340勝悅","110/07/27","瑞士信貸",0,2,-2
"9143","1340勝悅","110/07/27","(牛牛牛)亞-鑫豐",3,0,3
"9144","1340勝悅","110/07/27","港商野村",0,2,-2
"9145","1340勝悅","110/07/27","國票-長城",2,0,2
"9146","1340勝悅","110/07/27","台新-高雄",1,3,-2
"9147","1340勝悅","110/07/27","新光",2,0,2
"9148","1340勝悅","110/07/27","玉山證券",0,2,-2
"9149","1340勝悅","110/07/27","群益金鼎-館前",2,0,2
"9150","1340勝悅","110/07/27","玉山-南京東路",0,2,-2
"9151","6246臺龍","110/07/27","永豐金-桃園",135,0,135
"9152","6246臺龍","110/07/27","元大-木柵",0,59,-59
"9153","6246臺龍","110/07/27","港商野村",111,30,81
"9154","6246臺龍","110/07/27","日盛-景美",0,52,-52
"9155","6246臺龍","110/07/27","元大-西螺",31,0,31
"9156","6246臺龍","110/07/27","華南永昌-彰化",0,46,-46
"9157","6246臺龍","110/07/27","群益金鼎-鳳山",27,0,27
"9158","6246臺龍","110/07/27","兆豐-松德",0,43,-43
"9159","6246臺龍","110/07/27","永豐金-虎尾",27,0,27
"9160","6246臺龍","110/07/27","華南永昌-公誠",5,35,-30
"9161","6246臺龍","110/07/27","玉山-台南",28,2,26
"9162","6246臺龍","110/07/27","凱基-幸福",0,28,-28
"9163","6246臺龍","110/07/27","元大-西屯",25,0,25
"9164","6246臺龍","110/07/27","元富-安南",0,22,-22
"9165","6246臺龍","110/07/27","國泰-忠孝",23,0,23
"9166","6246臺龍","110/07/27","日盛-文化",0,20,-20
"9167","6246臺龍","110/07/27","元大-大里",21,0,21
"9168","6246臺龍","110/07/27","兆豐-寶成",0,20,-20
"9169","6246臺龍","110/07/27","兆豐-竹北",20,0,20
"9170","6246臺龍","110/07/27","華南永昌-虎尾",0,20,-20
"9171","6246臺龍","110/07/27","元大-員林",20,0,20
"9172","6246臺龍","110/07/27","永豐金-埔里",0,19,-19
"9173","6246臺龍","110/07/27","永豐金-敦南",20,0,20
"9174","6246臺龍","110/07/27","兆豐-新營",2,20,-18
"9175","6246臺龍","110/07/27","永豐金-羅東",23,5,18
"9176","6246臺龍","110/07/27","新光-台中",3,20,-17
"9177","6246臺龍","110/07/27","永豐金-桃盛",18,0,18
"9178","6246臺龍","110/07/27","凱基-市政",0,17,-17
"9179","6246臺龍","110/07/27","統一",16,0,16
"9180","6246臺龍","110/07/27","元大-蘆洲",0,16,-16
"9181","00715L期街口布蘭特正2","110/07/27","元大證券",10436,28,10408
"9182","00715L期街口布蘭特正2","110/07/27","元大-萬華",0,751,-751
"9183","00715L期街口布蘭特正2","110/07/27","凱基-台北",4269,129,4140
"9184","00715L期街口布蘭特正2","110/07/27","元大-大里德芳",0,734,-734
"9185","00715L期街口布蘭特正2","110/07/27","群益金鼎",3798,0,3798
"9186","00715L期街口布蘭特正2","110/07/27","新光",380,1105,-725
"9187","00715L期街口布蘭特正2","110/07/27","永豐金證券",2610,22,2588
"9188","00715L期街口布蘭特正2","110/07/27","(牛牛牛)亞-網路",10,697,-687
"9189","00715L期街口布蘭特正2","110/07/27","國票",2605,21,2584
"9190","00715L期街口布蘭特正2","110/07/27","日盛-新莊",5,550,-545
"9191","00715L期街口布蘭特正2","110/07/27","富邦證券",1522,0,1522
"9192","00715L期街口布蘭特正2","110/07/27","玉山-高雄",7,494,-487
"9193","00715L期街口布蘭特正2","110/07/27","合庫證券",1507,239,1268
"9194","00715L期街口布蘭特正2","110/07/27","華南永昌",1,471,-470
"9195","00715L期街口布蘭特正2","110/07/27","元富",1102,0,1102
"9196","00715L期街口布蘭特正2","110/07/27","華南永昌-竹北",0,469,-469
"9197","00715L期街口布蘭特正2","110/07/27","凱基",980,0,980
"9198","00715L期街口布蘭特正2","110/07/27","兆豐-嘉義",0,420,-420
"9199","00715L期街口布蘭特正2","110/07/27","國票-博愛",702,0,702
"9200","00715L期街口布蘭特正2","110/07/27","國票-九鼎",0,409,-409
"9201","00715L期街口布蘭特正2","110/07/27","統一",796,117,679
"9202","00715L期街口布蘭特正2","110/07/27","統一-高雄",0,405,-405
"9203","00715L期街口布蘭特正2","110/07/27","華南永昌-長虹",810,185,625
"9204","00715L期街口布蘭特正2","110/07/27","富邦-彰化",0,402,-402
"9205","00715L期街口布蘭特正2","110/07/27","港商野村",1076,494,582
"9206","00715L期街口布蘭特正2","110/07/27","元大-羅東",0,400,-400
"9207","00715L期街口布蘭特正2","110/07/27","永豐金-三重",500,16,484
"9208","00715L期街口布蘭特正2","110/07/27","富邦-高雄",0,398,-398
"9209","00715L期街口布蘭特正2","110/07/27","元大-敦化",420,0,420
"9210","00715L期街口布蘭特正2","110/07/27","新光-台中",17,391,-374
"9211","8941關中","110/07/27","富邦-仁愛",4,0,4
"9212","8941關中","110/07/27","光和-溪湖",0,2,-2
"9213","8941關中","110/07/27","日盛-新莊",1,0,1
"9214","8941關中","110/07/27","富邦-園區",0,2,-2
"9215","8941關中","110/07/27","台新-高雄",1,0,1
"9216","8941關中","110/07/27","合庫-高雄",0,1,-1
"9217","8941關中","110/07/27","元大-金華",1,0,1
"9218","8941關中","110/07/27","凱基-台北",0,1,-1
"9219","8941關中","110/07/27","臺銀-鳳山",0,0,0
"9220","8941關中","110/07/27","富邦-台東",0,1,-1
"9221","8941關中","110/07/27","日盛-花蓮",0,0,0
"9222","8941關中","110/07/27","臺銀-鳳山",0,0,0
"9223","8941關中","110/07/27","康和-板橋",0,0,0
"9224","8941關中","110/07/27","日盛-花蓮",0,0,0
"9225","8941關中","110/07/27","富邦-宜蘭",0,0,0
"9226","8941關中","110/07/27","康和-板橋",0,0,0
"9227","8941關中","110/07/27","元大-新竹經國",0,0,0
"9228","8941關中","110/07/27","富邦-宜蘭",0,0,0
"9229","8941關中","110/07/27","永豐金-萬盛",0,0,0
"9230","8941關中","110/07/27","元大-新竹經國",0,0,0
"9231","8941關中","110/07/27","永豐金-桃盛",0,0,0
"9232","8941關中","110/07/27","永豐金-萬盛",0,0,0
"9233","8941關中","110/07/27","",NA,NA,NA
"9234","8941關中","110/07/27","永豐金-桃盛",0,0,0
"9235","8941關中","110/07/27","",NA,NA,NA
"9236","8941關中","110/07/27","",NA,NA,NA
"9237","8941關中","110/07/27","",NA,NA,NA
"9238","8941關中","110/07/27","",NA,NA,NA
"9239","8941關中","110/07/27","",NA,NA,NA
"9240","8941關中","110/07/27","",NA,NA,NA
"9241","8936國統","110/07/27","日盛-景美",100,0,100
"9242","8936國統","110/07/27","摩根大通",115,220,-105
"9243","8936國統","110/07/27","大慶-蘆洲",90,0,90
"9244","8936國統","110/07/27","玉山-桃園",0,75,-75
"9245","8936國統","110/07/27","台新-建北",60,0,60
"9246","8936國統","110/07/27","凱基-台北",13,77,-64
"9247","8936國統","110/07/27","日盛-忠孝",40,1,39
"9248","8936國統","110/07/27","元富-大昌",2,50,-48
"9249","8936國統","110/07/27","新加坡商瑞銀",109,71,38
"9250","8936國統","110/07/27","華南永昌-台中",4,45,-41
"9251","8936國統","110/07/27","華南永昌",30,0,30
"9252","8936國統","110/07/27","新光-台中",26,66,-40
"9253","8936國統","110/07/27","兆豐-來福",29,0,29
"9254","8936國統","110/07/27","台灣摩根士丹利",20,54,-34
"9255","8936國統","110/07/27","元大-旗山",28,0,28
"9256","8936國統","110/07/27","元大-東蘆",0,34,-34
"9257","8936國統","110/07/27","元大-松江",27,0,27
"9258","8936國統","110/07/27","富邦-仁愛",1,34,-33
"9259","8936國統","110/07/27","新光",41,19,22
"9260","8936國統","110/07/27","凱基-板橋",0,31,-31
"9261","8936國統","110/07/27","元富-林園",20,0,20
"9262","8936國統","110/07/27","凱基-信義",0,30,-30
"9263","8936國統","110/07/27","玉山-高雄",20,0,20
"9264","8936國統","110/07/27","瑞士信貸",1,30,-29
"9265","8936國統","110/07/27","凱基-桃園",23,3,20
"9266","8936國統","110/07/27","元大-花蓮",2,24,-22
"9267","8936國統","110/07/27","永豐金-永康",20,0,20
"9268","8936國統","110/07/27","元富-緯城",0,20,-20
"9269","8936國統","110/07/27","日盛-屏東",23,4,19
"9270","8936國統","110/07/27","群益金鼎-宜蘭",0,20,-20
"9271","6226光鼎","110/07/27","第一金-忠孝",405,4,401
"9272","6226光鼎","110/07/27","華南永昌-台南",5,240,-235
"9273","6226光鼎","110/07/27","台新-台中",272,75,197
"9274","6226光鼎","110/07/27","大慶-泰山",0,201,-201
"9275","6226光鼎","110/07/27","凱基-和平",155,7,148
"9276","6226光鼎","110/07/27","富邦-員林",2,151,-149
"9277","6226光鼎","110/07/27","新加坡商瑞銀",133,0,133
"9278","6226光鼎","110/07/27","群益金鼎-東大",23,165,-142
"9279","6226光鼎","110/07/27","統一-敦南",126,3,123
"9280","6226光鼎","110/07/27","元大-景美",3,132,-129
"9281","6226光鼎","110/07/27","台灣摩根士丹利",129,8,121
"9282","6226光鼎","110/07/27","台新-高雄",84,186,-102
"9283","6226光鼎","110/07/27","統一-新竹",117,1,116
"9284","6226光鼎","110/07/27","合庫證券",27,121,-94
"9285","6226光鼎","110/07/27","日盛證券",122,13,109
"9286","6226光鼎","110/07/27","致和-佳里",5,81,-76
"9287","6226光鼎","110/07/27","元大-潮州",101,1,100
"9288","6226光鼎","110/07/27","永豐金-南投",3,77,-74
"9289","6226光鼎","110/07/27","國泰-敦南",232,145,87
"9290","6226光鼎","110/07/27","台新-新莊",1,57,-56
"9291","6226光鼎","110/07/27","摩根大通",86,0,86
"9292","6226光鼎","110/07/27","日盛-中壢",11,64,-53
"9293","6226光鼎","110/07/27","元富",80,0,80
"9294","6226光鼎","110/07/27","日進",11,63,-52
"9295","6226光鼎","110/07/27","華南永昌-嘉義",80,1,79
"9296","6226光鼎","110/07/27","高橋",13,64,-51
"9297","6226光鼎","110/07/27","元大-高雄",70,3,67
"9298","6226光鼎","110/07/27","元大-土城",1,52,-51
"9299","6226光鼎","110/07/27","華南永昌",82,21,61
"9300","6226光鼎","110/07/27","華南永昌-林口",11,60,-49
"9301","2363矽統","110/07/27","國泰-敦南",541,118,423
"9302","2363矽統","110/07/27","摩根大通",317,1405,-1088
"9303","2363矽統","110/07/27","台新證券",564,333,231
"9304","2363矽統","110/07/27","美林",210,1095,-885
"9305","2363矽統","110/07/27","元大-沙鹿",196,9,187
"9306","2363矽統","110/07/27","港商野村",275,1065,-790
"9307","2363矽統","110/07/27","新光",300,151,149
"9308","2363矽統","110/07/27","凱基-台北",518,1192,-674
"9309","2363矽統","110/07/27","華南永昌-台南",108,3,105
"9310","2363矽統","110/07/27","新加坡商瑞銀",213,703,-490
"9311","2363矽統","110/07/27","華南永昌-朴子",140,43,97
"9312","2363矽統","110/07/27","富邦-南屯",6,272,-266
"9313","2363矽統","110/07/27","華南永昌-公誠",109,13,96
"9314","2363矽統","110/07/27","美商高盛",31,233,-202
"9315","2363矽統","110/07/27","元富-松德",95,1,94
"9316","2363矽統","110/07/27","元大證券",38,235,-197
"9317","2363矽統","110/07/27","中國信託-永康",102,8,94
"9318","2363矽統","110/07/27","永豐金證券",15,201,-186
"9319","2363矽統","110/07/27","台新-三民",111,21,90
"9320","2363矽統","110/07/27","亞東",46,206,-160
"9321","2363矽統","110/07/27","凱基-中港",85,3,82
"9322","2363矽統","110/07/27","群益金鼎",21,169,-148
"9323","2363矽統","110/07/27","元富-烏日",87,6,81
"9324","2363矽統","110/07/27","第一金-嘉義",0,100,-100
"9325","2363矽統","110/07/27","富邦-台北",135,56,79
"9326","2363矽統","110/07/27","凱基-彰化",9,100,-91
"9327","2363矽統","110/07/27","元大-復北",81,12,69
"9328","2363矽統","110/07/27","元富-佳里",27,97,-70
"9329","2363矽統","110/07/27","中國信託-忠孝",94,26,68
"9330","2363矽統","110/07/27","合庫-桃園",8,76,-68
"9331","8112至上","110/07/27","凱基-竹科",300,10,290
"9332","8112至上","110/07/27","凱基-三重",1,501,-500
"9333","8112至上","110/07/27","台灣摩根士丹利",271,49,222
"9334","8112至上","110/07/27","美林",21,339,-318
"9335","8112至上","110/07/27","摩根大通",488,427,61
"9336","8112至上","110/07/27","凱基-台北",423,615,-192
"9337","8112至上","110/07/27","香港上海匯豐",61,0,61
"9338","8112至上","110/07/27","港商野村",83,183,-100
"9339","8112至上","110/07/27","日盛證券",62,4,58
"9340","8112至上","110/07/27","永豐金-台南",2,79,-77
"9341","8112至上","110/07/27","元大-基隆孝二",52,0,52
"9342","8112至上","110/07/27","福邦證券",0,71,-71
"9343","8112至上","110/07/27","永豐金-中正",59,7,52
"9344","8112至上","110/07/27","兆豐-天母",0,50,-50
"9345","8112至上","110/07/27","群益金鼎-高盛",47,0,47
"9346","8112至上","110/07/27","元富-林園",3,52,-49
"9347","8112至上","110/07/27","永豐金-內湖",47,0,47
"9348","8112至上","110/07/27","永豐金-苓雅",1,50,-49
"9349","8112至上","110/07/27","富邦-台北",45,5,40
"9350","8112至上","110/07/27","元大-新莊",9,53,-44
"9351","8112至上","110/07/27","台新證券",78,39,39
"9352","8112至上","110/07/27","第一金-路竹",20,57,-37
"9353","8112至上","110/07/27","新光-台中",44,7,37
"9354","8112至上","110/07/27","新光-桃園",2,36,-34
"9355","8112至上","110/07/27","元大-羅東",38,1,37
"9356","8112至上","110/07/27","元大-東港",0,27,-27
"9357","8112至上","110/07/27","新光",101,65,36
"9358","8112至上","110/07/27","國泰-松江",2,28,-26
"9359","8112至上","110/07/27","元大-新竹",63,28,35
"9360","8112至上","110/07/27","群益金鼎-潭子",2,28,-26
"9361","1570力肯","110/07/27","國票-北高雄",7,0,7
"9362","1570力肯","110/07/27","元大-高雄",0,16,-16
"9363","1570力肯","110/07/27","富邦-陽明",5,0,5
"9364","1570力肯","110/07/27","國票-新莊",0,5,-5
"9365","1570力肯","110/07/27","元大-民雄",3,0,3
"9366","1570力肯","110/07/27","凱基-台北",0,5,-5
"9367","1570力肯","110/07/27","凱基-大里",3,0,3
"9368","1570力肯","110/07/27","美林",0,2,-2
"9369","1570力肯","110/07/27","凱基-長庚",3,0,3
"9370","1570力肯","110/07/27","富邦-南屯",0,2,-2
"9371","1570力肯","110/07/27","元大-新莊",2,0,2
"9372","1570力肯","110/07/27","元大-南崁",0,2,-2
"9373","1570力肯","110/07/27","大昌-樹林",2,0,2
"9374","1570力肯","110/07/27","元大-板橋",0,2,-2
"9375","1570力肯","110/07/27","台新-台中",2,0,2
"9376","1570力肯","110/07/27","新光",0,1,-1
"9377","1570力肯","110/07/27","新光-新竹",2,0,2
"9378","1570力肯","110/07/27","國泰-板橋",0,1,-1
"9379","1570力肯","110/07/27","富邦-左營",2,0,2
"9380","1570力肯","110/07/27","凱基-鳳山",0,1,-1
"9381","1570力肯","110/07/27","群益金鼎-土城",1,0,1
"9382","1570力肯","110/07/27","(牛牛牛)亞-鑫豐",2,2,0
"9383","1570力肯","110/07/27","凱基-竹東",1,0,1
"9384","1570力肯","110/07/27","元大-新盛",1,1,0
"9385","1570力肯","110/07/27","日盛-員林",1,0,1
"9386","1570力肯","110/07/27","",NA,NA,NA
"9387","1570力肯","110/07/27","玉山-板橋",1,0,1
"9388","1570力肯","110/07/27","",NA,NA,NA
"9389","1570力肯","110/07/27","元富-同大",1,0,1
"9390","1570力肯","110/07/27","",NA,NA,NA
"9391","2929淘帝","110/07/27","元大-民生",28,0,28
"9392","2929淘帝","110/07/27","元大-鳳山",0,20,-20
"9393","2929淘帝","110/07/27","臺銀-民權",18,0,18
"9394","2929淘帝","110/07/27","港商野村",1,18,-17
"9395","2929淘帝","110/07/27","合庫-高雄",13,0,13
"9396","2929淘帝","110/07/27","玉山-板橋",0,15,-15
"9397","2929淘帝","110/07/27","永興-水湳",10,0,10
"9398","2929淘帝","110/07/27","美林",0,10,-10
"9399","2929淘帝","110/07/27","富邦-陽明",10,0,10
"9400","2929淘帝","110/07/27","凱基-八德",0,10,-10
"9401","2929淘帝","110/07/27","元大-中和",10,0,10
"9402","2929淘帝","110/07/27","永豐金證券",0,9,-9
"9403","2929淘帝","110/07/27","國泰-館前",6,0,6
"9404","2929淘帝","110/07/27","新加坡商瑞銀",10,18,-8
"9405","2929淘帝","110/07/27","富邦-內湖",6,0,6
"9406","2929淘帝","110/07/27","富邦-台北",0,8,-8
"9407","2929淘帝","110/07/27","合庫-台南",5,0,5
"9408","2929淘帝","110/07/27","宏遠-台中",0,7,-7
"9409","2929淘帝","110/07/27","凱基-東門",5,0,5
"9410","2929淘帝","110/07/27","元富-潮州",0,7,-7
"9411","2929淘帝","110/07/27","元大-大益",5,0,5
"9412","2929淘帝","110/07/27","群益金鼎-延平",0,6,-6
"9413","2929淘帝","110/07/27","元大-屏南",5,0,5
"9414","2929淘帝","110/07/27","元大-文心",0,6,-6
"9415","2929淘帝","110/07/27","永豐金-板盛",5,0,5
"9416","2929淘帝","110/07/27","永豐金-中壢",0,6,-6
"9417","2929淘帝","110/07/27","臺銀",4,0,4
"9418","2929淘帝","110/07/27","美商高盛",0,5,-5
"9419","2929淘帝","110/07/27","永豐金-市政",4,0,4
"9420","2929淘帝","110/07/27","兆豐-南門",0,5,-5
"9421","5410國眾","110/07/27","摩根大通",47,0,47
"9422","5410國眾","110/07/27","元富-嘉義",0,48,-48
"9423","5410國眾","110/07/27","兆豐-城中",43,0,43
"9424","5410國眾","110/07/27","統一-平鎮",0,20,-20
"9425","5410國眾","110/07/27","香港上海匯豐",36,0,36
"9426","5410國眾","110/07/27","元大-大益",0,18,-18
"9427","5410國眾","110/07/27","港商麥格理",26,0,26
"9428","5410國眾","110/07/27","凱基-台北",0,16,-16
"9429","5410國眾","110/07/27","元富-大昌",21,0,21
"9430","5410國眾","110/07/27","凱基-站前",0,15,-15
"9431","5410國眾","110/07/27","元富-四維",20,0,20
"9432","5410國眾","110/07/27","元大-南勢角",0,13,-13
"9433","5410國眾","110/07/27","新光-台中",20,0,20
"9434","5410國眾","110/07/27","日盛-忠孝",0,11,-11
"9435","5410國眾","110/07/27","統一-金門",15,0,15
"9436","5410國眾","110/07/27","玉山-板橋",0,11,-11
"9437","5410國眾","110/07/27","玉山-高雄",15,0,15
"9438","5410國眾","110/07/27","元大-崇德",0,11,-11
"9439","5410國眾","110/07/27","凱基-竹北",15,0,15
"9440","5410國眾","110/07/27","元大-大天母",0,11,-11
"9441","5410國眾","110/07/27","元大-新莊",14,1,13
"9442","5410國眾","110/07/27","元富-松德",0,10,-10
"9443","5410國眾","110/07/27","華南永昌-中正",14,4,10
"9444","5410國眾","110/07/27","豐農",0,10,-10
"9445","5410國眾","110/07/27","元大-屏南",10,0,10
"9446","5410國眾","110/07/27","新光-新竹",0,10,-10
"9447","5410國眾","110/07/27","元大-中和",10,0,10
"9448","5410國眾","110/07/27","凱基-虎尾",0,10,-10
"9449","5410國眾","110/07/27","台新證券",10,1,9
"9450","5410國眾","110/07/27","元大-善化",0,10,-10
"9451","2841台開","110/07/27","日盛證券",620,0,620
"9452","2841台開","110/07/27","玉山-新竹",0,312,-312
"9453","2841台開","110/07/27","永豐金-豐原",65,0,65
"9454","2841台開","110/07/27","港商野村",0,216,-216
"9455","2841台開","110/07/27","元大-南投",50,0,50
"9456","2841台開","110/07/27","永興-水湳",0,90,-90
"9457","2841台開","110/07/27","台灣摩根士丹利",40,0,40
"9458","2841台開","110/07/27","凱基-興隆",0,64,-64
"9459","2841台開","110/07/27","玉山-高雄",29,0,29
"9460","2841台開","110/07/27","美林",0,30,-30
"9461","2841台開","110/07/27","第一金-台中",20,0,20
"9462","2841台開","110/07/27","國泰-松江",5,35,-30
"9463","2841台開","110/07/27","凱基-市政",20,0,20
"9464","2841台開","110/07/27","台新-左楠",0,25,-25
"9465","2841台開","110/07/27","群益金鼎-大甲",18,1,17
"9466","2841台開","110/07/27","大昌-樹林",0,20,-20
"9467","2841台開","110/07/27","台中銀",16,1,15
"9468","2841台開","110/07/27","富邦-仁愛",0,20,-20
"9469","2841台開","110/07/27","國泰-板橋",12,0,12
"9470","2841台開","110/07/27","致和-南京",0,16,-16
"9471","2841台開","110/07/27","群益金鼎-基隆",10,0,10
"9472","2841台開","110/07/27","凱基-台北",2,16,-14
"9473","2841台開","110/07/27","華南永昌-新莊",10,0,10
"9474","2841台開","110/07/27","日盛-台南",0,10,-10
"9475","2841台開","110/07/27","元大-福營",10,0,10
"9476","2841台開","110/07/27","國票-台東",0,10,-10
"9477","2841台開","110/07/27","元大-歸仁",10,0,10
"9478","2841台開","110/07/27","台新-台中",5,15,-10
"9479","2841台開","110/07/27","中國信託-文心",5,0,5
"9480","2841台開","110/07/27","凱基-台中",0,10,-10
"9481","6207雷科","110/07/27","摩根大通",249,119,130
"9482","6207雷科","110/07/27","永豐金-台南",2,82,-80
"9483","6207雷科","110/07/27","群益金鼎-丹鳳",70,0,70
"9484","6207雷科","110/07/27","永豐金-內湖",39,109,-70
"9485","6207雷科","110/07/27","群益金鼎-東門",42,0,42
"9486","6207雷科","110/07/27","新加坡商瑞銀",22,76,-54
"9487","6207雷科","110/07/27","永豐金-敦南",38,4,34
"9488","6207雷科","110/07/27","新光-高雄",4,57,-53
"9489","6207雷科","110/07/27","凱基-復興",30,0,30
"9490","6207雷科","110/07/27","瑞士信貸",0,40,-40
"9491","6207雷科","110/07/27","元大-東門",30,0,30
"9492","6207雷科","110/07/27","凱基-高雄",4,43,-39
"9493","6207雷科","110/07/27","大昌-桃園",33,8,25
"9494","6207雷科","110/07/27","華南永昌-高雄",4,40,-36
"9495","6207雷科","110/07/27","富邦-虎尾",24,0,24
"9496","6207雷科","110/07/27","新光",11,44,-33
"9497","6207雷科","110/07/27","凱基-羅東",24,2,22
"9498","6207雷科","110/07/27","日盛-板橋中山",0,29,-29
"9499","6207雷科","110/07/27","群益金鼎-延平",21,0,21
"9500","6207雷科","110/07/27","元大-六合",3,30,-27
"9501","6207雷科","110/07/27","群益金鼎-屏東",20,0,20
"9502","6207雷科","110/07/27","中國信託-新竹",7,33,-26
"9503","6207雷科","110/07/27","永豐金-埔里",20,0,20
"9504","6207雷科","110/07/27","元富-城中",0,23,-23
"9505","6207雷科","110/07/27","康和-延平",21,3,18
"9506","6207雷科","110/07/27","元大-大雅",2,20,-18
"9507","6207雷科","110/07/27","群益金鼎-中壢",20,2,18
"9508","6207雷科","110/07/27","永豐金-新莊",2,20,-18
"9509","6207雷科","110/07/27","宏遠證券",31,15,16
"9510","6207雷科","110/07/27","富邦-台中",5,21,-16
"9511","3679新至陞","110/07/27","凱基-市政",25,0,25
"9512","3679新至陞","110/07/27","瑞士信貸",0,13,-13
"9513","3679新至陞","110/07/27","兆豐-高雄",10,0,10
"9514","3679新至陞","110/07/27","元大-天母",0,9,-9
"9515","3679新至陞","110/07/27","光和-溪湖",8,0,8
"9516","3679新至陞","110/07/27","元大-彰化民生",0,6,-6
"9517","3679新至陞","110/07/27","臺銀-新竹",7,0,7
"9518","3679新至陞","110/07/27","康和-澎湖",2,7,-5
"9519","3679新至陞","110/07/27","新加坡商瑞銀",7,0,7
"9520","3679新至陞","110/07/27","聯邦-大業",0,5,-5
"9521","3679新至陞","110/07/27","永豐金-板橋",6,0,6
"9522","3679新至陞","110/07/27","元大-成功",0,5,-5
"9523","3679新至陞","110/07/27","宏遠-光隆",5,0,5
"9524","3679新至陞","110/07/27","康和-板橋",0,4,-4
"9525","3679新至陞","110/07/27","統一",5,0,5
"9526","3679新至陞","110/07/27","凱基-新豐",0,4,-4
"9527","3679新至陞","110/07/27","統一-新竹",5,0,5
"9528","3679新至陞","110/07/27","統一-高雄",0,3,-3
"9529","3679新至陞","110/07/27","元富-松德",5,0,5
"9530","3679新至陞","110/07/27","統一-新台中",0,3,-3
"9531","3679新至陞","110/07/27","元大-淡水",5,0,5
"9532","3679新至陞","110/07/27","元富-安南",0,3,-3
"9533","3679新至陞","110/07/27","日盛證券",4,0,4
"9534","3679新至陞","110/07/27","國票-北高雄",0,3,-3
"9535","3679新至陞","110/07/27","國泰-板橋",4,0,4
"9536","3679新至陞","110/07/27","玉山-新莊",0,3,-3
"9537","3679新至陞","110/07/27","(牛牛牛)亞-網路",3,0,3
"9538","3679新至陞","110/07/27","凱基-屏東",0,3,-3
"9539","3679新至陞","110/07/27","國票-九鼎",3,0,3
"9540","3679新至陞","110/07/27","台灣摩根士丹利",0,2,-2
"9541","2727王品","110/07/27","台灣摩根士丹利",103,12,91
"9542","2727王品","110/07/27","元大-彰化民生",11,420,-409
"9543","2727王品","110/07/27","華南永昌-麻豆",33,0,33
"9544","2727王品","110/07/27","美商高盛",0,247,-247
"9545","2727王品","110/07/27","元大-龍潭",31,1,30
"9546","2727王品","110/07/27","華南永昌",7,193,-186
"9547","2727王品","110/07/27","國泰-敦南",38,11,27
"9548","2727王品","110/07/27","花旗環球",0,86,-86
"9549","2727王品","110/07/27","群益金鼎-基隆",27,1,26
"9550","2727王品","110/07/27","凱基-台北",81,139,-58
"9551","2727王品","110/07/27","富邦-台中",26,0,26
"9552","2727王品","110/07/27","元大證券",23,64,-41
"9553","2727王品","110/07/27","元富",31,6,25
"9554","2727王品","110/07/27","瑞士信貸",0,37,-37
"9555","2727王品","110/07/27","元大-桃園",25,0,25
"9556","2727王品","110/07/27","富邦-建國",8,35,-27
"9557","2727王品","110/07/27","凱基-大直",21,1,20
"9558","2727王品","110/07/27","凱基-埔墘",6,29,-23
"9559","2727王品","110/07/27","日盛-士林",16,0,16
"9560","2727王品","110/07/27","美林",5,26,-21
"9561","2727王品","110/07/27","國票-敦北法人",17,1,16
"9562","2727王品","110/07/27","港商野村",12,30,-18
"9563","2727王品","110/07/27","群益金鼎-高雄",16,0,16
"9564","2727王品","110/07/27","華南永昌-林口",3,21,-18
"9565","2727王品","110/07/27","永豐金-忠孝",18,2,16
"9566","2727王品","110/07/27","彰銀-台中",4,20,-16
"9567","2727王品","110/07/27","臺銀-高雄",16,1,15
"9568","2727王品","110/07/27","統一",3,17,-14
"9569","2727王品","110/07/27","台新-台中",18,3,15
"9570","2727王品","110/07/27","富邦-新竹華信",2,15,-13
"9571","1570力肯","110/07/27","國票-北高雄",7,0,7
"9572","1570力肯","110/07/27","元大-高雄",0,16,-16
"9573","1570力肯","110/07/27","富邦-陽明",5,0,5
"9574","1570力肯","110/07/27","國票-新莊",0,5,-5
"9575","1570力肯","110/07/27","元大-民雄",3,0,3
"9576","1570力肯","110/07/27","凱基-台北",0,5,-5
"9577","1570力肯","110/07/27","凱基-大里",3,0,3
"9578","1570力肯","110/07/27","美林",0,2,-2
"9579","1570力肯","110/07/27","凱基-長庚",3,0,3
"9580","1570力肯","110/07/27","富邦-南屯",0,2,-2
"9581","1570力肯","110/07/27","元大-新莊",2,0,2
"9582","1570力肯","110/07/27","元大-南崁",0,2,-2
"9583","1570力肯","110/07/27","大昌-樹林",2,0,2
"9584","1570力肯","110/07/27","元大-板橋",0,2,-2
"9585","1570力肯","110/07/27","台新-台中",2,0,2
"9586","1570力肯","110/07/27","新光",0,1,-1
"9587","1570力肯","110/07/27","新光-新竹",2,0,2
"9588","1570力肯","110/07/27","國泰-板橋",0,1,-1
"9589","1570力肯","110/07/27","富邦-左營",2,0,2
"9590","1570力肯","110/07/27","凱基-鳳山",0,1,-1
"9591","1570力肯","110/07/27","群益金鼎-土城",1,0,1
"9592","1570力肯","110/07/27","(牛牛牛)亞-鑫豐",2,2,0
"9593","1570力肯","110/07/27","凱基-竹東",1,0,1
"9594","1570力肯","110/07/27","元大-新盛",1,1,0
"9595","1570力肯","110/07/27","日盛-員林",1,0,1
"9596","1570力肯","110/07/27","",NA,NA,NA
"9597","1570力肯","110/07/27","玉山-板橋",1,0,1
"9598","1570力肯","110/07/27","",NA,NA,NA
"9599","1570力肯","110/07/27","元富-同大",1,0,1
"9600","1570力肯","110/07/27","",NA,NA,NA
"9601","6180橘子","110/07/27","新加坡商瑞銀",166,24,142
"9602","6180橘子","110/07/27","花旗環球",31,87,-56
"9603","6180橘子","110/07/27","彰銀-台中",50,1,49
"9604","6180橘子","110/07/27","凱基-台北",53,108,-55
"9605","6180橘子","110/07/27","日盛-文化",48,8,40
"9606","6180橘子","110/07/27","新光",39,81,-42
"9607","6180橘子","110/07/27","美林",39,0,39
"9608","6180橘子","110/07/27","富邦-台北",1,25,-24
"9609","6180橘子","110/07/27","元大-草屯",54,17,37
"9610","6180橘子","110/07/27","第一金-員林",0,22,-22
"9611","6180橘子","110/07/27","美商高盛",35,1,34
"9612","6180橘子","110/07/27","富邦-新竹華信",7,28,-21
"9613","6180橘子","110/07/27","元大-上新莊",32,0,32
"9614","6180橘子","110/07/27","凱基-中山",5,24,-19
"9615","6180橘子","110/07/27","台灣摩根士丹利",30,0,30
"9616","6180橘子","110/07/27","國泰-敦南",22,37,-15
"9617","6180橘子","110/07/27","摩根大通",49,21,28
"9618","6180橘子","110/07/27","合庫-自強",2,16,-14
"9619","6180橘子","110/07/27","兆豐-大同",30,4,26
"9620","6180橘子","110/07/27","大昌-安康",1,14,-13
"9621","6180橘子","110/07/27","元大-羅東",21,0,21
"9622","6180橘子","110/07/27","高橋",0,11,-11
"9623","6180橘子","110/07/27","日盛-頭份",16,0,16
"9624","6180橘子","110/07/27","土銀-新竹",0,10,-10
"9625","6180橘子","110/07/27","瑞士信貸",24,8,16
"9626","6180橘子","110/07/27","兆豐-麻豆",0,10,-10
"9627","6180橘子","110/07/27","群益金鼎-士林",15,0,15
"9628","6180橘子","110/07/27","康和-永和",0,10,-10
"9629","6180橘子","110/07/27","永豐金-南京",15,1,14
"9630","6180橘子","110/07/27","永豐金-竹科",2,12,-10
"9631","2390云辰","110/07/27","凱基-基隆",207,3,204
"9632","2390云辰","110/07/27","凱基-台北",248,732,-484
"9633","2390云辰","110/07/27","摩根大通",730,560,170
"9634","2390云辰","110/07/27","美林",17,218,-201
"9635","2390云辰","110/07/27","華南永昌-中正",182,43,139
"9636","2390云辰","110/07/27","港商野村",85,277,-192
"9637","2390云辰","110/07/27","兆豐-北高雄",124,1,123
"9638","2390云辰","110/07/27","玉山-新莊",4,87,-83
"9639","2390云辰","110/07/27","元大-信義",108,5,103
"9640","2390云辰","110/07/27","新光",96,163,-67
"9641","2390云辰","110/07/27","富邦-陽明",94,22,72
"9642","2390云辰","110/07/27","新光-新竹",7,74,-67
"9643","2390云辰","110/07/27","日盛證券",140,71,69
"9644","2390云辰","110/07/27","富邦-左營",46,107,-61
"9645","2390云辰","110/07/27","第一金-豐原",56,0,56
"9646","2390云辰","110/07/27","大昌-新店",9,64,-55
"9647","2390云辰","110/07/27","統一-新台中",67,22,45
"9648","2390云辰","110/07/27","日盛-和美",28,81,-53
"9649","2390云辰","110/07/27","元大-復北",47,2,45
"9650","2390云辰","110/07/27","元大-台南",3,54,-51
"9651","2390云辰","110/07/27","富邦-建國",54,10,44
"9652","2390云辰","110/07/27","元富-世貿",10,60,-50
"9653","2390云辰","110/07/27","兆豐-桃鶯",46,5,41
"9654","2390云辰","110/07/27","華南永昌-鳳山",41,90,-49
"9655","2390云辰","110/07/27","富邦-中壢",45,4,41
"9656","2390云辰","110/07/27","聯邦商銀",6,52,-46
"9657","2390云辰","110/07/27","富邦-新竹華信",46,11,35
"9658","2390云辰","110/07/27","合庫-高雄",7,50,-43
"9659","2390云辰","110/07/27","第一金-華江",30,2,28
"9660","2390云辰","110/07/27","瑞士信貸",0,42,-42
"9661","2363矽統","110/07/26","凱基-台北",1994,468,1526
"9662","2363矽統","110/07/26","富邦-南屯",5,375,-370
"9663","2363矽統","110/07/26","新加坡商瑞銀",1537,208,1329
"9664","2363矽統","110/07/26","聯邦-興中",0,203,-203
"9665","2363矽統","110/07/26","摩根大通",2033,997,1036
"9666","2363矽統","110/07/26","台新證券",427,622,-195
"9667","2363矽統","110/07/26","瑞士信貸",930,0,930
"9668","2363矽統","110/07/26","元大-鳳中",10,203,-193
"9669","2363矽統","110/07/26","美林",985,76,909
"9670","2363矽統","110/07/26","國泰-板橋",69,209,-140
"9671","2363矽統","110/07/26","港商野村",1072,282,790
"9672","2363矽統","110/07/26","北城證券",6,132,-126
"9673","2363矽統","110/07/26","美商高盛",711,7,704
"9674","2363矽統","110/07/26","華南永昌-朴子",30,152,-122
"9675","2363矽統","110/07/26","新光",570,278,292
"9676","2363矽統","110/07/26","台新-台中",27,145,-118
"9677","2363矽統","110/07/26","台新-台南",244,39,205
"9678","2363矽統","110/07/26","群益金鼎-萬華",13,128,-115
"9679","2363矽統","110/07/26","元大證券",243,52,191
"9680","2363矽統","110/07/26","日盛-樹林",7,116,-109
"9681","2363矽統","110/07/26","永豐金證券",189,27,162
"9682","2363矽統","110/07/26","群益金鼎-屏東",200,303,-103
"9683","2363矽統","110/07/26","元大-楊梅",177,16,161
"9684","2363矽統","110/07/26","元大-潮州",6,102,-96
"9685","2363矽統","110/07/26","群益金鼎",158,21,137
"9686","2363矽統","110/07/26","新光-桃園",22,117,-95
"9687","2363矽統","110/07/26","元富-城東",107,8,99
"9688","2363矽統","110/07/26","凱基-和平",45,140,-95
"9689","2363矽統","110/07/26","日盛-雙和",109,14,95
"9690","2363矽統","110/07/26","合庫-台南",5,95,-90
"9691","8112至上","110/07/26","摩根大通",1728,41,1687
"9692","8112至上","110/07/26","玉山-左營",3,600,-597
"9693","8112至上","110/07/26","台灣摩根士丹利",408,10,398
"9694","8112至上","110/07/26","凱基-三重",1,527,-526
"9695","8112至上","110/07/26","凱基-台北",693,311,382
"9696","8112至上","110/07/26","中國信託-忠孝",0,103,-103
"9697","8112至上","110/07/26","港商法國興業",376,1,375
"9698","8112至上","110/07/26","凱基-站前",7,105,-98
"9699","8112至上","110/07/26","美商高盛",172,26,146
"9700","8112至上","110/07/26","國票-中港",0,96,-96
"9701","8112至上","110/07/26","新加坡商瑞銀",201,69,132
"9702","8112至上","110/07/26","兆豐-公益",3,84,-81
"9703","8112至上","110/07/26","美林",192,62,130
"9704","8112至上","110/07/26","玉山證券",2,65,-63
"9705","8112至上","110/07/26","港商野村",142,58,84
"9706","8112至上","110/07/26","統一-台中",1,62,-61
"9707","8112至上","110/07/26","凱基-永和",75,0,75
"9708","8112至上","110/07/26","富邦-陽明",3,60,-57
"9709","8112至上","110/07/26","凱基-竹科",65,2,63
"9710","8112至上","110/07/26","新光-新竹",86,141,-55
"9711","8112至上","110/07/26","華南永昌-敦南",63,1,62
"9712","8112至上","110/07/26","富邦-台北",2,57,-55
"9713","8112至上","110/07/26","兆豐-天母",50,0,50
"9714","8112至上","110/07/26","玉山-板橋",2,51,-49
"9715","8112至上","110/07/26","新光-桃園",57,11,46
"9716","8112至上","110/07/26","台新-新營",6,47,-41
"9717","8112至上","110/07/26","光和",35,1,34
"9718","8112至上","110/07/26","元大-虎尾",4,42,-38
"9719","8112至上","110/07/26","華南永昌-新莊",31,3,28
"9720","8112至上","110/07/26","日盛-新竹",1,38,-37
"9721","1570力肯","110/07/26","元大-民雄",10,0,10
"9722","1570力肯","110/07/26","元大-高雄",0,33,-33
"9723","1570力肯","110/07/26","新光-台中",10,1,9
"9724","1570力肯","110/07/26","日盛-宜蘭",0,8,-8
"9725","1570力肯","110/07/26","富邦-陽明",9,0,9
"9726","1570力肯","110/07/26","美林",0,5,-5
"9727","1570力肯","110/07/26","大慶-蘆洲",8,0,8
"9728","1570力肯","110/07/26","凱基-永康",0,5,-5
"9729","1570力肯","110/07/26","福勝",8,0,8
"9730","1570力肯","110/07/26","台新證券",0,4,-4
"9731","1570力肯","110/07/26","凱基-桃園",7,0,7
"9732","1570力肯","110/07/26","元大-汐止",0,4,-4
"9733","1570力肯","110/07/26","中國信託-永康",3,0,3
"9734","1570力肯","110/07/26","元大-桃興",0,3,-3
"9735","1570力肯","110/07/26","兆豐-台中港",3,0,3
"9736","1570力肯","110/07/26","元富-吉利",0,2,-2
"9737","1570力肯","110/07/26","國票-北高雄",3,0,3
"9738","1570力肯","110/07/26","國泰-板橋",0,2,-2
"9739","1570力肯","110/07/26","富邦-員林",3,0,3
"9740","1570力肯","110/07/26","元大-台中",0,2,-2
"9741","1570力肯","110/07/26","瑞士信貸",2,0,2
"9742","1570力肯","110/07/26","元大-西螺",0,2,-2
"9743","1570力肯","110/07/26","大昌-樹林",2,0,2
"9744","1570力肯","110/07/26","元大-苑裡",0,2,-2
"9745","1570力肯","110/07/26","兆豐-忠孝",2,0,2
"9746","1570力肯","110/07/26","合庫-三重",0,1,-1
"9747","1570力肯","110/07/26","新光",2,0,2
"9748","1570力肯","110/07/26","臺銀-臺南",0,1,-1
"9749","1570力肯","110/07/26","凱基-台北",2,0,2
"9750","1570力肯","110/07/26","元富-永和",0,1,-1
"9751","2929淘帝","110/07/26","合庫-高雄",47,0,47
"9752","2929淘帝","110/07/26","港商野村",11,42,-31
"9753","2929淘帝","110/07/26","元大-民生",28,0,28
"9754","2929淘帝","110/07/26","凱基-林口",0,30,-30
"9755","2929淘帝","110/07/26","臺銀-鳳山",10,0,10
"9756","2929淘帝","110/07/26","美林",1,28,-27
"9757","2929淘帝","110/07/26","華南永昌-鶯歌",10,0,10
"9758","2929淘帝","110/07/26","富邦-竹北",0,20,-20
"9759","2929淘帝","110/07/26","元大-永和",10,0,10
"9760","2929淘帝","110/07/26","凱基-台北",0,12,-12
"9761","2929淘帝","110/07/26","永豐金證券",8,0,8
"9762","2929淘帝","110/07/26","中國信託-永康",0,10,-10
"9763","2929淘帝","110/07/26","元大-太平",8,1,7
"9764","2929淘帝","110/07/26","摩根大通",0,10,-10
"9765","2929淘帝","110/07/26","德信-和平",6,0,6
"9766","2929淘帝","110/07/26","群益金鼎-高雄",0,10,-10
"9767","2929淘帝","110/07/26","兆豐-南門",6,0,6
"9768","2929淘帝","110/07/26","富邦-宜蘭",0,10,-10
"9769","2929淘帝","110/07/26","元大-新竹經國",6,0,6
"9770","2929淘帝","110/07/26","新加坡商瑞銀",4,13,-9
"9771","2929淘帝","110/07/26","合庫-台南",5,0,5
"9772","2929淘帝","110/07/26","元富-敦南",0,7,-7
"9773","2929淘帝","110/07/26","第一金-新興",5,0,5
"9774","2929淘帝","110/07/26","元大-基隆",0,6,-6
"9775","2929淘帝","110/07/26","玉山-新竹",5,0,5
"9776","2929淘帝","110/07/26","新光-台中",1,6,-5
"9777","2929淘帝","110/07/26","元大-金門",5,0,5
"9778","2929淘帝","110/07/26","華南永昌",0,5,-5
"9779","2929淘帝","110/07/26","台新-台中",4,0,4
"9780","2929淘帝","110/07/26","永豐金-中和",0,5,-5
"9781","5410國眾","110/07/26","摩根大通",71,0,71
"9782","5410國眾","110/07/26","日盛-忠孝",0,142,-142
"9783","5410國眾","110/07/26","凱基-台北",67,4,63
"9784","5410國眾","110/07/26","元富-嘉義",0,55,-55
"9785","5410國眾","110/07/26","兆豐-城中",47,0,47
"9786","5410國眾","110/07/26","國泰-敦南",2,30,-28
"9787","5410國眾","110/07/26","永豐金-內湖",45,0,45
"9788","5410國眾","110/07/26","群益金鼎-板橋",0,15,-15
"9789","5410國眾","110/07/26","元大-新莊",26,0,26
"9790","5410國眾","110/07/26","華南永昌-三重",0,11,-11
"9791","5410國眾","110/07/26","兆豐-麻豆",10,0,10
"9792","5410國眾","110/07/26","永全-南崁",0,10,-10
"9793","5410國眾","110/07/26","新光-台中",10,0,10
"9794","5410國眾","110/07/26","台新-建北",1,11,-10
"9795","5410國眾","110/07/26","元大-屏南",10,0,10
"9796","5410國眾","110/07/26","臺銀-臺南",0,8,-8
"9797","5410國眾","110/07/26","港商野村",9,0,9
"9798","5410國眾","110/07/26","群益金鼎-東大",0,7,-7
"9799","5410國眾","110/07/26","新光",13,4,9
"9800","5410國眾","110/07/26","永豐金-中正",0,7,-7
"9801","5410國眾","110/07/26","華南永昌-小港",7,0,7
"9802","5410國眾","110/07/26","永豐金-桃園",0,7,-7
"9803","5410國眾","110/07/26","玉山-左營",6,0,6
"9804","5410國眾","110/07/26","第一金-高雄",0,6,-6
"9805","5410國眾","110/07/26","土銀-台南",5,0,5
"9806","5410國眾","110/07/26","台中銀-豐原",0,6,-6
"9807","5410國眾","110/07/26","新加坡商瑞銀",5,0,5
"9808","5410國眾","110/07/26","亞東-高雄",0,5,-5
"9809","5410國眾","110/07/26","元富-三重",8,3,5
"9810","5410國眾","110/07/26","國票-北高雄",0,5,-5
"9811","2841台開","110/07/26","台新-台中",282,5,277
"9812","2841台開","110/07/26","港商野村",0,128,-128
"9813","2841台開","110/07/26","凱基-台北",41,0,41
"9814","2841台開","110/07/26","富邦-仁愛",0,70,-70
"9815","2841台開","110/07/26","台灣摩根士丹利",40,0,40
"9816","2841台開","110/07/26","元大-彰化",0,60,-60
"9817","2841台開","110/07/26","元富-緯城",40,0,40
"9818","2841台開","110/07/26","永興-水湳",0,30,-30
"9819","2841台開","110/07/26","玉山-高雄",38,0,38
"9820","2841台開","110/07/26","富邦-新竹華信",0,23,-23
"9821","2841台開","110/07/26","日盛-樹林",21,0,21
"9822","2841台開","110/07/26","宏遠-光隆",0,20,-20
"9823","2841台開","110/07/26","元大-松江",20,0,20
"9824","2841台開","110/07/26","玉山證券",0,20,-20
"9825","2841台開","110/07/26","元大-歸仁",20,0,20
"9826","2841台開","110/07/26","富邦-板橋",0,20,-20
"9827","2841台開","110/07/26","國泰-桃園",20,3,17
"9828","2841台開","110/07/26","元大-台中中港",0,19,-19
"9829","2841台開","110/07/26","新光-台中",15,0,15
"9830","2841台開","110/07/26","臺銀-臺南",0,18,-18
"9831","2841台開","110/07/26","群益金鼎-東門",11,0,11
"9832","2841台開","110/07/26","永豐金-敦南",3,19,-16
"9833","2841台開","110/07/26","華南永昌-內壢",11,0,11
"9834","2841台開","110/07/26","統一-桃園",0,13,-13
"9835","2841台開","110/07/26","元富-烏日",10,0,10
"9836","2841台開","110/07/26","國泰-台中",0,11,-11
"9837","2841台開","110/07/26","國泰-忠孝",10,2,8
"9838","2841台開","110/07/26","元大-福營",0,11,-11
"9839","2841台開","110/07/26","元大-潮州",6,0,6
"9840","2841台開","110/07/26","凱基-站前",0,10,-10
"9841","6207雷科","110/07/26","元大-向上",70,0,70
"9842","6207雷科","110/07/26","摩根大通",45,241,-196
"9843","6207雷科","110/07/26","國票-中和",67,5,62
"9844","6207雷科","110/07/26","華南永昌-台中",16,180,-164
"9845","6207雷科","110/07/26","永豐金-台南",63,2,61
"9846","6207雷科","110/07/26","瑞士信貸",4,69,-65
"9847","6207雷科","110/07/26","國泰-板橋",32,0,32
"9848","6207雷科","110/07/26","國票-天祥",11,76,-65
"9849","6207雷科","110/07/26","華南永昌-朴子",24,0,24
"9850","6207雷科","110/07/26","新加坡商瑞銀",15,78,-63
"9851","6207雷科","110/07/26","台新證券",35,12,23
"9852","6207雷科","110/07/26","凱基-台北",86,134,-48
"9853","6207雷科","110/07/26","永豐金-板盛",24,1,23
"9854","6207雷科","110/07/26","富邦-台中",58,100,-42
"9855","6207雷科","110/07/26","康和-台中",24,2,22
"9856","6207雷科","110/07/26","兆豐-大安",0,41,-41
"9857","6207雷科","110/07/26","台新-台南",22,2,20
"9858","6207雷科","110/07/26","群益金鼎-館前",0,40,-40
"9859","6207雷科","110/07/26","元大-大統",22,2,20
"9860","6207雷科","110/07/26","富邦-羅東",2,39,-37
"9861","6207雷科","110/07/26","元富-桃園",19,0,19
"9862","6207雷科","110/07/26","國票-台東",0,30,-30
"9863","6207雷科","110/07/26","高橋",17,0,17
"9864","6207雷科","110/07/26","凱基-士林",1,30,-29
"9865","6207雷科","110/07/26","元富-同大",30,13,17
"9866","6207雷科","110/07/26","元大-南京",3,31,-28
"9867","6207雷科","110/07/26","元大-內湖",17,0,17
"9868","6207雷科","110/07/26","宏遠-桃園",0,24,-24
"9869","6207雷科","110/07/26","永豐金-內湖",19,2,17
"9870","6207雷科","110/07/26","國票-和平",0,23,-23
"9871","3679新至陞","110/07/26","元富-板橋",16,0,16
"9872","3679新至陞","110/07/26","台新-台中",0,19,-19
"9873","3679新至陞","110/07/26","華南永昌-淡水",10,0,10
"9874","3679新至陞","110/07/26","元大-成功",0,10,-10
"9875","3679新至陞","110/07/26","光和-溪湖",8,0,8
"9876","3679新至陞","110/07/26","日進",0,9,-9
"9877","3679新至陞","110/07/26","宏遠-光隆",6,0,6
"9878","3679新至陞","110/07/26","臺銀-臺中",0,5,-5
"9879","3679新至陞","110/07/26","玉山-嘉義",5,0,5
"9880","3679新至陞","110/07/26","港商法國興業",0,4,-4
"9881","3679新至陞","110/07/26","元富-安南",3,0,3
"9882","3679新至陞","110/07/26","統一-新台中",0,3,-3
"9883","3679新至陞","110/07/26","摩根大通",4,1,3
"9884","3679新至陞","110/07/26","大慶-苗栗",1,3,-2
"9885","3679新至陞","110/07/26","凱基-台北",5,2,3
"9886","3679新至陞","110/07/26","元富-松德",0,2,-2
"9887","3679新至陞","110/07/26","凱基-站前",2,0,2
"9888","3679新至陞","110/07/26","富邦-仁愛",0,2,-2
"9889","3679新至陞","110/07/26","華南永昌",2,0,2
"9890","3679新至陞","110/07/26","元大-文心興安",0,2,-2
"9891","3679新至陞","110/07/26","元大-上新莊",2,0,2
"9892","3679新至陞","110/07/26","永豐金證券",0,2,-2
"9893","3679新至陞","110/07/26","美林",4,3,1
"9894","3679新至陞","110/07/26","臺銀-高雄",0,1,-1
"9895","3679新至陞","110/07/26","台灣摩根士丹利",2,1,1
"9896","3679新至陞","110/07/26","台灣企銀-屏東",0,1,-1
"9897","3679新至陞","110/07/26","美商高盛",1,0,1
"9898","3679新至陞","110/07/26","大慶-富順",0,1,-1
"9899","3679新至陞","110/07/26","富邦-台北",1,0,1
"9900","3679新至陞","110/07/26","統一-彰化",0,1,-1
"9901","2727王品","110/07/26","兆豐-南京",300,0,300
"9902","2727王品","110/07/26","元富-安南",0,62,-62
"9903","2727王品","110/07/26","凱基-台北",74,29,45
"9904","2727王品","110/07/26","瑞士信貸",0,44,-44
"9905","2727王品","110/07/26","富邦-建國",25,2,23
"9906","2727王品","110/07/26","新加坡商瑞銀",0,44,-44
"9907","2727王品","110/07/26","台灣摩根士丹利",22,0,22
"9908","2727王品","110/07/26","統一",11,54,-43
"9909","2727王品","110/07/26","永豐金-屏東",14,1,13
"9910","2727王品","110/07/26","美林",4,39,-35
"9911","2727王品","110/07/26","富邦-桃園",12,1,11
"9912","2727王品","110/07/26","第一金",0,30,-30
"9913","2727王品","110/07/26","日盛-鳳山",11,1,10
"9914","2727王品","110/07/26","康和-台中",0,30,-30
"9915","2727王品","110/07/26","元富-城中",10,0,10
"9916","2727王品","110/07/26","國泰證券",1,31,-30
"9917","2727王品","110/07/26","元大-龍潭",11,1,10
"9918","2727王品","110/07/26","元大證券",37,67,-30
"9919","2727王品","110/07/26","新光-台中",15,6,9
"9920","2727王品","110/07/26","康和",1,29,-28
"9921","2727王品","110/07/26","富邦-台中",10,1,9
"9922","2727王品","110/07/26","永豐金證券",0,27,-27
"9923","2727王品","110/07/26","元大-基隆孝二",10,1,9
"9924","2727王品","110/07/26","安泰",1,26,-25
"9925","2727王品","110/07/26","臺銀-臺中",10,2,8
"9926","2727王品","110/07/26","永豐金-古亭",2,20,-18
"9927","2727王品","110/07/26","元大-花蓮",8,0,8
"9928","2727王品","110/07/26","國票-天祥",0,16,-16
"9929","2727王品","110/07/26","元大-斗信",9,1,8
"9930","2727王品","110/07/26","摩根大通",17,33,-16
"9931","1570力肯","110/07/26","元大-民雄",10,0,10
"9932","1570力肯","110/07/26","元大-高雄",0,33,-33
"9933","1570力肯","110/07/26","新光-台中",10,1,9
"9934","1570力肯","110/07/26","日盛-宜蘭",0,8,-8
"9935","1570力肯","110/07/26","富邦-陽明",9,0,9
"9936","1570力肯","110/07/26","美林",0,5,-5
"9937","1570力肯","110/07/26","大慶-蘆洲",8,0,8
"9938","1570力肯","110/07/26","凱基-永康",0,5,-5
"9939","1570力肯","110/07/26","福勝",8,0,8
"9940","1570力肯","110/07/26","台新證券",0,4,-4
"9941","1570力肯","110/07/26","凱基-桃園",7,0,7
"9942","1570力肯","110/07/26","元大-汐止",0,4,-4
"9943","1570力肯","110/07/26","中國信託-永康",3,0,3
"9944","1570力肯","110/07/26","元大-桃興",0,3,-3
"9945","1570力肯","110/07/26","兆豐-台中港",3,0,3
"9946","1570力肯","110/07/26","元富-吉利",0,2,-2
"9947","1570力肯","110/07/26","國票-北高雄",3,0,3
"9948","1570力肯","110/07/26","國泰-板橋",0,2,-2
"9949","1570力肯","110/07/26","富邦-員林",3,0,3
"9950","1570力肯","110/07/26","元大-台中",0,2,-2
"9951","1570力肯","110/07/26","瑞士信貸",2,0,2
"9952","1570力肯","110/07/26","元大-西螺",0,2,-2
"9953","1570力肯","110/07/26","大昌-樹林",2,0,2
"9954","1570力肯","110/07/26","元大-苑裡",0,2,-2
"9955","1570力肯","110/07/26","兆豐-忠孝",2,0,2
"9956","1570力肯","110/07/26","合庫-三重",0,1,-1
"9957","1570力肯","110/07/26","新光",2,0,2
"9958","1570力肯","110/07/26","臺銀-臺南",0,1,-1
"9959","1570力肯","110/07/26","凱基-台北",2,0,2
"9960","1570力肯","110/07/26","元富-永和",0,1,-1
"9961","6180橘子","110/07/26","凱基-台北",121,1,120
"9962","6180橘子","110/07/26","元大-竹山",0,35,-35
"9963","6180橘子","110/07/26","新加坡商瑞銀",71,2,69
"9964","6180橘子","110/07/26","元大-和平",0,30,-30
"9965","6180橘子","110/07/26","摩根大通",70,4,66
"9966","6180橘子","110/07/26","元大-草屯",3,27,-24
"9967","6180橘子","110/07/26","美林",33,0,33
"9968","6180橘子","110/07/26","華南永昌-高雄",0,21,-21
"9969","6180橘子","110/07/26","台灣摩根士丹利",20,4,16
"9970","6180橘子","110/07/26","兆豐-埔墘",0,18,-18
"9971","6180橘子","110/07/26","合庫-高雄",11,0,11
"9972","6180橘子","110/07/26","元富-林園",0,17,-17
"9973","6180橘子","110/07/26","港商野村",10,0,10
"9974","6180橘子","110/07/26","元富-成功",0,16,-16
"9975","6180橘子","110/07/26","富邦-宜蘭",10,0,10
"9976","6180橘子","110/07/26","群益金鼎-台南",0,13,-13
"9977","6180橘子","110/07/26","統一-彰化",10,1,9
"9978","6180橘子","110/07/26","元大-開元",0,13,-13
"9979","6180橘子","110/07/26","兆豐-北高雄",9,1,8
"9980","6180橘子","110/07/26","富邦-台中",0,12,-12
"9981","6180橘子","110/07/26","元大-新店中正",10,2,8
"9982","6180橘子","110/07/26","(牛牛牛)亞-鑫豐",1,12,-11
"9983","6180橘子","110/07/26","國泰-敦南",10,3,7
"9984","6180橘子","110/07/26","台新-台南",0,11,-11
"9985","6180橘子","110/07/26","合庫-自強",5,0,5
"9986","6180橘子","110/07/26","聯邦-興中",0,11,-11
"9987","6180橘子","110/07/26","大慶-蘆洲",5,0,5
"9988","6180橘子","110/07/26","日盛-中和",0,10,-10
"9989","6180橘子","110/07/26","統一-中壢",5,0,5
"9990","6180橘子","110/07/26","康和-台北",0,10,-10
"9991","2390云辰","110/07/26","元大-大同",311,3,308
"9992","2390云辰","110/07/26","摩根大通",139,570,-431
"9993","2390云辰","110/07/26","華南永昌-鳳山",276,4,272
"9994","2390云辰","110/07/26","美林",103,243,-140
"9995","2390云辰","110/07/26","永豐金-竹北",201,6,195
"9996","2390云辰","110/07/26","元大-彰化民生",0,117,-117
"9997","2390云辰","110/07/26","富邦-左營",107,17,90
"9998","2390云辰","110/07/26","元富-中港",0,102,-102
"9999","2390云辰","110/07/26","元富-高雄",82,5,77
"10000","2390云辰","110/07/26","凱基-台北",161,249,-88
"10001","2390云辰","110/07/26","元大-太平",75,10,65
"10002","2390云辰","110/07/26","國票-新莊",15,78,-63
"10003","2390云辰","110/07/26","元大-大益",63,13,50
"10004","2390云辰","110/07/26","第一金-豐原",1,59,-58
"10005","2390云辰","110/07/26","元富-新竹",41,1,40
"10006","2390云辰","110/07/26","統一-竹南",5,48,-43
"10007","2390云辰","110/07/26","日盛-永康",42,4,38
"10008","2390云辰","110/07/26","第一金-台南",28,62,-34
"10009","2390云辰","110/07/26","群益金鼎-中壢",50,12,38
"10010","2390云辰","110/07/26","台灣摩根士丹利",38,70,-32
"10011","2390云辰","110/07/26","元大-鑫永和",54,18,36
"10012","2390云辰","110/07/26","群益金鼎-士林",20,52,-32
"10013","2390云辰","110/07/26","元富-同大",34,1,33
"10014","2390云辰","110/07/26","群益金鼎-延平",2,31,-29
"10015","2390云辰","110/07/26","致和-崇德",52,21,31
"10016","2390云辰","110/07/26","凱基-豐中",12,40,-28
"10017","2390云辰","110/07/26","永豐金-松山",32,2,30
"10018","2390云辰","110/07/26","富邦-中壢",19,47,-28
"10019","2390云辰","110/07/26","凱基-三重",36,8,28
"10020","2390云辰","110/07/26","統一-基隆",2,27,-25
"10021","2363矽統","110/07/20","第一金-忠孝",400,115,285
"10022","2363矽統","110/07/20","國票-長城",3,452,-449
"10023","2363矽統","110/07/20","第一金-高雄",188,0,188
"10024","2363矽統","110/07/20","美林",158,531,-373
"10025","2363矽統","110/07/20","凱基-高美館",199,14,185
"10026","2363矽統","110/07/20","台新-左楠",13,310,-297
"10027","2363矽統","110/07/20","凱基-台北",434,326,108
"10028","2363矽統","110/07/20","玉山-台大",4,228,-224
"10029","2363矽統","110/07/20","元富-松德",105,0,105
"10030","2363矽統","110/07/20","群益金鼎-大甲",11,227,-216
"10031","2363矽統","110/07/20","元大-竹科",109,7,102
"10032","2363矽統","110/07/20","群益金鼎-中港",2,111,-109
"10033","2363矽統","110/07/20","元大-成功",102,2,100
"10034","2363矽統","110/07/20","元大-大天母",0,109,-109
"10035","2363矽統","110/07/20","富邦-仁愛",116,17,99
"10036","2363矽統","110/07/20","國泰-敦南",114,218,-104
"10037","2363矽統","110/07/20","元大-上新莊",102,16,86
"10038","2363矽統","110/07/20","港商野村",250,350,-100
"10039","2363矽統","110/07/20","台新證券",286,208,78
"10040","2363矽統","110/07/20","康和-澎湖",0,90,-90
"10041","2363矽統","110/07/20","元大-新營",81,9,72
"10042","2363矽統","110/07/20","凱基-中壢",15,99,-84
"10043","2363矽統","110/07/20","華南永昌-鳳山",76,5,71
"10044","2363矽統","110/07/20","元大-學甲",0,81,-81
"10045","2363矽統","110/07/20","富邦-員林",65,2,63
"10046","2363矽統","110/07/20","凱基-三重",22,91,-69
"10047","2363矽統","110/07/20","元富-成功",67,6,61
"10048","2363矽統","110/07/20","永豐金-嘉義",24,92,-68
"10049","2363矽統","110/07/20","新光-新竹",62,1,61
"10050","2363矽統","110/07/20","大慶-蘆洲",23,89,-66
"10051","8112至上","110/07/20","摩根大通",1226,293,933
"10052","8112至上","110/07/20","凱基-三重",27,502,-475
"10053","8112至上","110/07/20","新加坡商瑞銀",358,83,275
"10054","8112至上","110/07/20","宏遠證券",0,418,-418
"10055","8112至上","110/07/20","台灣摩根士丹利",159,9,150
"10056","8112至上","110/07/20","台新-台中",11,291,-280
"10057","8112至上","110/07/20","統一-新竹",115,5,110
"10058","8112至上","110/07/20","美林",44,194,-150
"10059","8112至上","110/07/20","新光",233,126,107
"10060","8112至上","110/07/20","凱基-新莊",0,100,-100
"10061","8112至上","110/07/20","凱基-台北",367,260,107
"10062","8112至上","110/07/20","富邦-永和",14,104,-90
"10063","8112至上","110/07/20","兆豐-西螺",104,10,94
"10064","8112至上","110/07/20","國票-敦北法人",4,88,-84
"10065","8112至上","110/07/20","永豐金-中正",87,6,81
"10066","8112至上","110/07/20","凱基-市政",3,80,-77
"10067","8112至上","110/07/20","富邦-新店",102,24,78
"10068","8112至上","110/07/20","台新證券",68,142,-74
"10069","8112至上","110/07/20","元大-大同",83,5,78
"10070","8112至上","110/07/20","永豐金-中壢",11,80,-69
"10071","8112至上","110/07/20","富邦-園區",64,2,62
"10072","8112至上","110/07/20","永豐金-台南",22,91,-69
"10073","8112至上","110/07/20","新光-台南",73,14,59
"10074","8112至上","110/07/20","元大-大雅",22,87,-65
"10075","8112至上","110/07/20","統一-台中",60,2,58
"10076","8112至上","110/07/20","光和",10,67,-57
"10077","8112至上","110/07/20","元大-北成功",58,4,54
"10078","8112至上","110/07/20","元大-竹科",27,74,-47
"10079","8112至上","110/07/20","元富-林園",53,0,53
"10080","8112至上","110/07/20","兆豐-公益",1,47,-46
"10081","1570力肯","110/07/20","國票-北高雄",36,0,36
"10082","1570力肯","110/07/20","國泰-敦南",0,19,-19
"10083","1570力肯","110/07/20","群益金鼎-高雄",16,0,16
"10084","1570力肯","110/07/20","中國信託-永康",0,12,-12
"10085","1570力肯","110/07/20","臺銀-鳳山",10,0,10
"10086","1570力肯","110/07/20","第一金-路竹",0,10,-10
"10087","1570力肯","110/07/20","群益金鼎-新竹",6,0,6
"10088","1570力肯","110/07/20","福勝",0,10,-10
"10089","1570力肯","110/07/20","大昌-樹林",5,0,5
"10090","1570力肯","110/07/20","群益金鼎-板橋",0,10,-10
"10091","1570力肯","110/07/20","華南永昌-楠梓",5,0,5
"10092","1570力肯","110/07/20","日盛-鳳山",0,8,-8
"10093","1570力肯","110/07/20","元大-基隆孝二",5,0,5
"10094","1570力肯","110/07/20","永豐金-新竹",6,14,-8
"10095","1570力肯","110/07/20","元大-新竹經國",4,0,4
"10096","1570力肯","110/07/20","第一金-彰化",0,7,-7
"10097","1570力肯","110/07/20","土銀-高雄",2,0,2
"10098","1570力肯","110/07/20","元富-吉利",0,7,-7
"10099","1570力肯","110/07/20","台灣企銀-太平",2,0,2
"10100","1570力肯","110/07/20","台中銀-員林",0,7,-7
"10101","1570力肯","110/07/20","兆豐-忠孝",2,0,2
"10102","1570力肯","110/07/20","玉山證券",1,8,-7
"10103","1570力肯","110/07/20","玉山-城中",2,0,2
"10104","1570力肯","110/07/20","統一-三重",0,5,-5
"10105","1570力肯","110/07/20","國泰-板橋",2,0,2
"10106","1570力肯","110/07/20","光和-溪湖",0,3,-3
"10107","1570力肯","110/07/20","凱基-台北",2,0,2
"10108","1570力肯","110/07/20","康和-澎湖",0,3,-3
"10109","1570力肯","110/07/20","華南永昌-高雄",2,0,2
"10110","1570力肯","110/07/20","摩根大通",0,2,-2
"10111","2929淘帝","110/07/20","玉山-新竹",59,0,59
"10112","2929淘帝","110/07/20","臺銀",0,45,-45
"10113","2929淘帝","110/07/20","兆豐-新莊",50,0,50
"10114","2929淘帝","110/07/20","光和-嘉義",0,29,-29
"10115","2929淘帝","110/07/20","元大-大甲",30,0,30
"10116","2929淘帝","110/07/20","新加坡商瑞銀",27,55,-28
"10117","2929淘帝","110/07/20","元大-民生",29,0,29
"10118","2929淘帝","110/07/20","華南永昌-潮州",0,20,-20
"10119","2929淘帝","110/07/20","元大-員林",20,0,20
"10120","2929淘帝","110/07/20","玉山-高雄",0,14,-14
"10121","2929淘帝","110/07/20","元富-台南",18,0,18
"10122","2929淘帝","110/07/20","富邦-南屯",2,13,-11
"10123","2929淘帝","110/07/20","港商野村",63,50,13
"10124","2929淘帝","110/07/20","高橋-龍潭",0,10,-10
"10125","2929淘帝","110/07/20","高橋",10,0,10
"10126","2929淘帝","110/07/20","台新-建北",0,10,-10
"10127","2929淘帝","110/07/20","元富-林園",10,0,10
"10128","2929淘帝","110/07/20","群益金鼎-台中",0,10,-10
"10129","2929淘帝","110/07/20","玉山-台南",10,0,10
"10130","2929淘帝","110/07/20","華南永昌-苗栗",0,10,-10
"10131","2929淘帝","110/07/20","群益金鼎-士林",10,0,10
"10132","2929淘帝","110/07/20","群益金鼎-西松",0,9,-9
"10133","2929淘帝","110/07/20","凱基-台北",16,6,10
"10134","2929淘帝","110/07/20","台新-三民",0,8,-8
"10135","2929淘帝","110/07/20","合庫證券",9,0,9
"10136","2929淘帝","110/07/20","群益金鼎",0,8,-8
"10137","2929淘帝","110/07/20","永豐金證券",9,2,7
"10138","2929淘帝","110/07/20","富邦-永和",0,7,-7
"10139","2929淘帝","110/07/20","凱基-基隆",6,0,6
"10140","2929淘帝","110/07/20","國泰-台中",6,12,-6
"10141","5410國眾","110/07/20","日盛-內湖",27,0,27
"10142","5410國眾","110/07/20","永豐金-內湖",0,23,-23
"10143","5410國眾","110/07/20","富邦-新營",20,0,20
"10144","5410國眾","110/07/20","兆豐-台中港",0,20,-20
"10145","5410國眾","110/07/20","大昌",17,0,17
"10146","5410國眾","110/07/20","元富-嘉義",0,15,-15
"10147","5410國眾","110/07/20","永豐金-台南",17,0,17
"10148","5410國眾","110/07/20","元富-吉利",0,11,-11
"10149","5410國眾","110/07/20","凱基-站前",15,0,15
"10150","5410國眾","110/07/20","凱基-長庚",0,10,-10
"10151","5410國眾","110/07/20","凱基-竹北",11,0,11
"10152","5410國眾","110/07/20","元大-八德",0,10,-10
"10153","5410國眾","110/07/20","元富-民權",9,0,9
"10154","5410國眾","110/07/20","元大-天母",0,10,-10
"10155","5410國眾","110/07/20","群益金鼎-嘉義",6,0,6
"10156","5410國眾","110/07/20","國泰-桃園",0,9,-9
"10157","5410國眾","110/07/20","元大-土城學府",6,0,6
"10158","5410國眾","110/07/20","新光",5,12,-7
"10159","5410國眾","110/07/20","第一金-豐原",5,0,5
"10160","5410國眾","110/07/20","玉山-桃園",0,7,-7
"10161","5410國眾","110/07/20","華南永昌-林口",5,0,5
"10162","5410國眾","110/07/20","玉山-雙和",0,6,-6
"10163","5410國眾","110/07/20","元大-博愛",5,0,5
"10164","5410國眾","110/07/20","臺銀-臺南",0,5,-5
"10165","5410國眾","110/07/20","元大-竹南",5,0,5
"10166","5410國眾","110/07/20","彰銀-七賢",0,5,-5
"10167","5410國眾","110/07/20","元大-新店中正",5,0,5
"10168","5410國眾","110/07/20","宏遠證券",0,5,-5
"10169","5410國眾","110/07/20","元富-烏日",4,0,4
"10170","5410國眾","110/07/20","摩根大通",0,5,-5
"10171","2841台開","110/07/20","中國信託-忠孝",145,0,145
"10172","2841台開","110/07/20","凱基-松山",0,100,-100
"10173","2841台開","110/07/20","第一金-台中",68,0,68
"10174","2841台開","110/07/20","第一金-自由",0,33,-33
"10175","2841台開","110/07/20","美商高盛",37,0,37
"10176","2841台開","110/07/20","港商野村",0,29,-29
"10177","2841台開","110/07/20","台中銀",32,0,32
"10178","2841台開","110/07/20","國泰-敦南",11,31,-20
"10179","2841台開","110/07/20","台新-台中",20,0,20
"10180","2841台開","110/07/20","華南永昌-台中",0,20,-20
"10181","2841台開","110/07/20","凱基-東港",10,0,10
"10182","2841台開","110/07/20","元大-發財",0,15,-15
"10183","2841台開","110/07/20","大昌-安康",10,3,7
"10184","2841台開","110/07/20","元大-福營",9,23,-14
"10185","2841台開","110/07/20","豐農",7,0,7
"10186","2841台開","110/07/20","永豐金-敦南",5,18,-13
"10187","2841台開","110/07/20","元大-歸仁",7,0,7
"10188","2841台開","110/07/20","統一-城中",0,11,-11
"10189","2841台開","110/07/20","日盛-木柵",5,0,5
"10190","2841台開","110/07/20","日盛-台南",0,10,-10
"10191","2841台開","110/07/20","台新-台南",4,0,4
"10192","2841台開","110/07/20","兆豐-寶成",0,10,-10
"10193","2841台開","110/07/20","日盛證券",3,0,3
"10194","2841台開","110/07/20","國票-中港",0,10,-10
"10195","2841台開","110/07/20","台新證券",8,5,3
"10196","2841台開","110/07/20","群益金鼎",0,10,-10
"10197","2841台開","110/07/20","元大-沙鹿",3,0,3
"10198","2841台開","110/07/20","玉山證券",1,10,-9
"10199","2841台開","110/07/20","國泰-台中",2,0,2
"10200","2841台開","110/07/20","大昌-新店",0,6,-6
"10201","6207雷科","110/07/20","元大-西門",100,4,96
"10202","6207雷科","110/07/20","永豐金-內湖",0,109,-109
"10203","6207雷科","110/07/20","凱基-復興",50,0,50
"10204","6207雷科","110/07/20","國泰證券",0,90,-90
"10205","6207雷科","110/07/20","凱基-台北",47,1,46
"10206","6207雷科","110/07/20","元大-頭份",0,55,-55
"10207","6207雷科","110/07/20","玉山-城中",43,1,42
"10208","6207雷科","110/07/20","永豐金-虎尾",0,50,-50
"10209","6207雷科","110/07/20","華南永昌-長虹",44,5,39
"10210","6207雷科","110/07/20","元富-世貿",0,33,-33
"10211","6207雷科","110/07/20","凱基-板橋",38,1,37
"10212","6207雷科","110/07/20","元大-南崁",0,22,-22
"10213","6207雷科","110/07/20","元富-信義",39,3,36
"10214","6207雷科","110/07/20","永豐金-鳳山",0,21,-21
"10215","6207雷科","110/07/20","元富-彰化",35,0,35
"10216","6207雷科","110/07/20","永豐金-三重",6,27,-21
"10217","6207雷科","110/07/20","凱基-高美館",34,0,34
"10218","6207雷科","110/07/20","第一金-澎湖",0,20,-20
"10219","6207雷科","110/07/20","富邦-中壢",26,2,24
"10220","6207雷科","110/07/20","群益金鼎-東大",0,20,-20
"10221","6207雷科","110/07/20","大昌-桃園",23,0,23
"10222","6207雷科","110/07/20","兆豐-民生",0,19,-19
"10223","6207雷科","110/07/20","元大-四維",39,17,22
"10224","6207雷科","110/07/20","元大-北成功",1,20,-19
"10225","6207雷科","110/07/20","台灣摩根士丹利",18,0,18
"10226","6207雷科","110/07/20","元大-虎尾",1,18,-17
"10227","6207雷科","110/07/20","國票-中和",16,0,16
"10228","6207雷科","110/07/20","元大-文心興安",0,15,-15
"10229","6207雷科","110/07/20","永豐金-大園",16,0,16
"10230","6207雷科","110/07/20","瑞士信貸",0,14,-14
"10231","3679新至陞","110/07/20","國票-敦北法人",18,0,18
"10232","3679新至陞","110/07/20","華南永昌-台中",0,32,-32
"10233","3679新至陞","110/07/20","台中銀-員林",17,3,14
"10234","3679新至陞","110/07/20","凱基-台北",12,32,-20
"10235","3679新至陞","110/07/20","群益金鼎-高盛",13,0,13
"10236","3679新至陞","110/07/20","摩根大通",2,14,-12
"10237","3679新至陞","110/07/20","康和-澎湖",8,0,8
"10238","3679新至陞","110/07/20","國泰-桃園",0,11,-11
"10239","3679新至陞","110/07/20","台新證券",6,0,6
"10240","3679新至陞","110/07/20","群益金鼎-台南",0,10,-10
"10241","3679新至陞","110/07/20","宏遠-光隆",4,0,4
"10242","3679新至陞","110/07/20","群益金鼎-大安",0,10,-10
"10243","3679新至陞","110/07/20","玉山-大里",4,0,4
"10244","3679新至陞","110/07/20","永豐金證券",4,14,-10
"10245","3679新至陞","110/07/20","台中銀-豐原",3,0,3
"10246","3679新至陞","110/07/20","兆豐-大同",1,6,-5
"10247","3679新至陞","110/07/20","玉山-新莊",3,0,3
"10248","3679新至陞","110/07/20","群益金鼎-館前",0,4,-4
"10249","3679新至陞","110/07/20","凱基-中山",3,0,3
"10250","3679新至陞","110/07/20","富邦-南屯",0,4,-4
"10251","3679新至陞","110/07/20","富邦-台北",3,0,3
"10252","3679新至陞","110/07/20","瑞士信貸",3,6,-3
"10253","3679新至陞","110/07/20","元大-板橋",3,0,3
"10254","3679新至陞","110/07/20","國泰-板橋",0,3,-3
"10255","3679新至陞","110/07/20","日盛-八德",2,0,2
"10256","3679新至陞","110/07/20","富邦-中壢",1,4,-3
"10257","3679新至陞","110/07/20","日盛-復興",2,0,2
"10258","3679新至陞","110/07/20","台灣企銀",0,2,-2
"10259","3679新至陞","110/07/20","康和-板橋",2,0,2
"10260","3679新至陞","110/07/20","日盛-大墩",0,2,-2
"10261","2727王品","110/07/20","兆豐-南京",200,0,200
"10262","2727王品","110/07/20","凱基-市政",1,75,-74
"10263","2727王品","110/07/20","富邦證券",88,0,88
"10264","2727王品","110/07/20","美商高盛",6,38,-32
"10265","2727王品","110/07/20","台新證券",142,55,87
"10266","2727王品","110/07/20","富邦-陽明",7,38,-31
"10267","2727王品","110/07/20","瑞士信貸",50,0,50
"10268","2727王品","110/07/20","永豐金-中正",3,34,-31
"10269","2727王品","110/07/20","港商野村",106,57,49
"10270","2727王品","110/07/20","永豐金-潮州",0,31,-31
"10271","2727王品","110/07/20","凱基-台北",67,27,40
"10272","2727王品","110/07/20","兆豐-大安",0,30,-30
"10273","2727王品","110/07/20","永豐金-大園",29,2,27
"10274","2727王品","110/07/20","摩根大通",50,73,-23
"10275","2727王品","110/07/20","康和-高雄",20,0,20
"10276","2727王品","110/07/20","日盛證券",4,24,-20
"10277","2727王品","110/07/20","第一金-高雄",20,3,17
"10278","2727王品","110/07/20","凱基-大里",0,20,-20
"10279","2727王品","110/07/20","富邦-板橋",21,4,17
"10280","2727王品","110/07/20","群益金鼎-大甲",0,18,-18
"10281","2727王品","110/07/20","永豐金-桃盛",15,0,15
"10282","2727王品","110/07/20","統一",18,29,-11
"10283","2727王品","110/07/20","凱基",13,0,13
"10284","2727王品","110/07/20","國泰-台中",12,23,-11
"10285","2727王品","110/07/20","新加坡商瑞銀",23,11,12
"10286","2727王品","110/07/20","元大-彰化",0,11,-11
"10287","2727王品","110/07/20","亞東",10,0,10
"10288","2727王品","110/07/20","國泰-館前",4,14,-10
"10289","2727王品","110/07/20","康和-台中",13,4,9
"10290","2727王品","110/07/20","元大-學甲",0,10,-10
"10291","1570力肯","110/07/20","國票-北高雄",36,0,36
"10292","1570力肯","110/07/20","國泰-敦南",0,19,-19
"10293","1570力肯","110/07/20","群益金鼎-高雄",16,0,16
"10294","1570力肯","110/07/20","中國信託-永康",0,12,-12
"10295","1570力肯","110/07/20","臺銀-鳳山",10,0,10
"10296","1570力肯","110/07/20","第一金-路竹",0,10,-10
"10297","1570力肯","110/07/20","群益金鼎-新竹",6,0,6
"10298","1570力肯","110/07/20","福勝",0,10,-10
"10299","1570力肯","110/07/20","大昌-樹林",5,0,5
"10300","1570力肯","110/07/20","群益金鼎-板橋",0,10,-10
"10301","1570力肯","110/07/20","華南永昌-楠梓",5,0,5
"10302","1570力肯","110/07/20","日盛-鳳山",0,8,-8
"10303","1570力肯","110/07/20","元大-基隆孝二",5,0,5
"10304","1570力肯","110/07/20","永豐金-新竹",6,14,-8
"10305","1570力肯","110/07/20","元大-新竹經國",4,0,4
"10306","1570力肯","110/07/20","第一金-彰化",0,7,-7
"10307","1570力肯","110/07/20","土銀-高雄",2,0,2
"10308","1570力肯","110/07/20","元富-吉利",0,7,-7
"10309","1570力肯","110/07/20","台灣企銀-太平",2,0,2
"10310","1570力肯","110/07/20","台中銀-員林",0,7,-7
"10311","1570力肯","110/07/20","兆豐-忠孝",2,0,2
"10312","1570力肯","110/07/20","玉山證券",1,8,-7
"10313","1570力肯","110/07/20","玉山-城中",2,0,2
"10314","1570力肯","110/07/20","統一-三重",0,5,-5
"10315","1570力肯","110/07/20","國泰-板橋",2,0,2
"10316","1570力肯","110/07/20","光和-溪湖",0,3,-3
"10317","1570力肯","110/07/20","凱基-台北",2,0,2
"10318","1570力肯","110/07/20","康和-澎湖",0,3,-3
"10319","1570力肯","110/07/20","華南永昌-高雄",2,0,2
"10320","1570力肯","110/07/20","摩根大通",0,2,-2
"10321","6180橘子","110/07/20","摩根大通",89,31,58
"10322","6180橘子","110/07/20","群益金鼎-中山",0,80,-80
"10323","6180橘子","110/07/20","美商高盛",27,0,27
"10324","6180橘子","110/07/20","台中銀-台北",0,30,-30
"10325","6180橘子","110/07/20","新加坡商瑞銀",28,1,27
"10326","6180橘子","110/07/20","日盛-新莊",1,22,-21
"10327","6180橘子","110/07/20","新光",41,16,25
"10328","6180橘子","110/07/20","元富-緯城",2,20,-18
"10329","6180橘子","110/07/20","日盛-文化",21,0,21
"10330","6180橘子","110/07/20","日盛-新竹",2,15,-13
"10331","6180橘子","110/07/20","元富-潮州",20,0,20
"10332","6180橘子","110/07/20","元大-汐止",0,12,-12
"10333","6180橘子","110/07/20","凱基-台北",31,11,20
"10334","6180橘子","110/07/20","元大-豐原站前",0,12,-12
"10335","6180橘子","110/07/20","元大-草屯",18,0,18
"10336","6180橘子","110/07/20","德信-中正",0,10,-10
"10337","6180橘子","110/07/20","花旗環球",13,0,13
"10338","6180橘子","110/07/20","新光-台南",0,10,-10
"10339","6180橘子","110/07/20","元大-桃園",12,0,12
"10340","6180橘子","110/07/20","玉山-雙和",0,10,-10
"10341","6180橘子","110/07/20","群益金鼎",10,0,10
"10342","6180橘子","110/07/20","元大-四維",0,10,-10
"10343","6180橘子","110/07/20","元大-高雄",10,0,10
"10344","6180橘子","110/07/20","元大-永春",2,12,-10
"10345","6180橘子","110/07/20","群益金鼎-嘉義",9,0,9
"10346","6180橘子","110/07/20","凱基-高美館",0,8,-8
"10347","6180橘子","110/07/20","富邦-嘉義",9,0,9
"10348","6180橘子","110/07/20","華南永昌",2,10,-8
"10349","6180橘子","110/07/20","元富-草屯",10,2,8
"10350","6180橘子","110/07/20","富邦-台北",0,8,-8
"10351","2390云辰","110/07/20","元大證券",6043,11,6032
"10352","2390云辰","110/07/20","華南永昌-鳳山",2,312,-310
"10353","2390云辰","110/07/20","兆豐-復興",998,0,998
"10354","2390云辰","110/07/20","台灣摩根士丹利",0,247,-247
"10355","2390云辰","110/07/20","富邦-嘉義",775,7,768
"10356","2390云辰","110/07/20","元大-復北",4,239,-235
"10357","2390云辰","110/07/20","統一-台中",350,6,344
"10358","2390云辰","110/07/20","富邦-建國",25,236,-211
"10359","2390云辰","110/07/20","兆豐-城中",240,0,240
"10360","2390云辰","110/07/20","元富-中港",0,202,-202
"10361","2390云辰","110/07/20","群益金鼎-館前",204,2,202
"10362","2390云辰","110/07/20","國泰-敦南",20,194,-174
"10363","2390云辰","110/07/20","凱基-大直",187,0,187
"10364","2390云辰","110/07/20","元大-土城學府",10,156,-146
"10365","2390云辰","110/07/20","永豐金證券",160,10,150
"10366","2390云辰","110/07/20","中國信託-松江",0,130,-130
"10367","2390云辰","110/07/20","日盛-高雄",104,2,102
"10368","2390云辰","110/07/20","凱基-基隆",0,130,-130
"10369","2390云辰","110/07/20","凱基-中山",100,3,97
"10370","2390云辰","110/07/20","永豐金-中正",1,117,-116
"10371","2390云辰","110/07/20","元大-基隆",85,7,78
"10372","2390云辰","110/07/20","富邦-陽明",1,94,-93
"10373","2390云辰","110/07/20","群益金鼎-東大",64,2,62
"10374","2390云辰","110/07/20","元大-潮州",20,112,-92
"10375","2390云辰","110/07/20","元大-前金",60,1,59
"10376","2390云辰","110/07/20","宏遠證券",0,89,-89
"10377","2390云辰","110/07/20","國票-北高雄",63,14,49
"10378","2390云辰","110/07/20","兆豐-台中",0,75,-75
"10379","2390云辰","110/07/20","群益金鼎-三重",40,6,34
"10380","2390云辰","110/07/20","新光",8,82,-74
"10381","2363矽統","110/07/19","第一金-忠孝",210,0,210
"10382","2363矽統","110/07/19","富邦-仁愛",32,575,-543
"10383","2363矽統","110/07/19","中國信託-文心",191,9,182
"10384","2363矽統","110/07/19","新加坡商瑞銀",53,486,-433
"10385","2363矽統","110/07/19","華南永昌-鳳山",116,1,115
"10386","2363矽統","110/07/19","摩根大通",42,320,-278
"10387","2363矽統","110/07/19","元大-新竹",113,12,101
"10388","2363矽統","110/07/19","元大-竹科",3,201,-198
"10389","2363矽統","110/07/19","凱基-中山",89,1,88
"10390","2363矽統","110/07/19","元大-成功",7,183,-176
"10391","2363矽統","110/07/19","永豐金-嘉義",82,7,75
"10392","2363矽統","110/07/19","凱基-大里",0,150,-150
"10393","2363矽統","110/07/19","凱基-台南",72,4,68
"10394","2363矽統","110/07/19","瑞士信貸",80,215,-135
"10395","2363矽統","110/07/19","元富-城東",84,17,67
"10396","2363矽統","110/07/19","日盛-新莊",4,135,-131
"10397","2363矽統","110/07/19","群益金鼎-東湖",61,0,61
"10398","2363矽統","110/07/19","宏遠-桃園",20,150,-130
"10399","2363矽統","110/07/19","兆豐-中壢",55,0,55
"10400","2363矽統","110/07/19","凱基-三重",7,107,-100
"10401","2363矽統","110/07/19","康和-內湖",55,1,54
"10402","2363矽統","110/07/19","凱基-台北",384,476,-92
"10403","2363矽統","110/07/19","群益金鼎-桃園",55,2,53
"10404","2363矽統","110/07/19","合庫-台中",3,84,-81
"10405","2363矽統","110/07/19","群益金鼎-大興",50,0,50
"10406","2363矽統","110/07/19","致和-金華",1,80,-79
"10407","2363矽統","110/07/19","台新-台中",81,32,49
"10408","2363矽統","110/07/19","凱基-員林",5,77,-72
"10409","2363矽統","110/07/19","北城證券",58,10,48
"10410","2363矽統","110/07/19","華南永昌-合泰",2,70,-68
"10411","8112至上","110/07/19","摩根大通",1413,144,1269
"10412","8112至上","110/07/19","凱基-三重",3,600,-597
"10413","8112至上","110/07/19","凱基-台北",1053,266,787
"10414","8112至上","110/07/19","元大-府城",0,165,-165
"10415","8112至上","110/07/19","新加坡商瑞銀",523,2,521
"10416","8112至上","110/07/19","台灣企銀-台中",0,150,-150
"10417","8112至上","110/07/19","台灣摩根士丹利",487,8,479
"10418","8112至上","110/07/19","(牛牛牛)亞-鑫豐",26,119,-93
"10419","8112至上","110/07/19","美林",529,93,436
"10420","8112至上","110/07/19","永豐金-台南",15,95,-80
"10421","8112至上","110/07/19","港商野村",358,36,322
"10422","8112至上","110/07/19","亞東-板橋",2,81,-79
"10423","8112至上","110/07/19","美商高盛",276,3,273
"10424","8112至上","110/07/19","陽信",0,70,-70
"10425","8112至上","110/07/19","兆豐-公益",180,7,173
"10426","8112至上","110/07/19","元富-佳里",0,69,-69
"10427","8112至上","110/07/19","國泰-板橋",116,15,101
"10428","8112至上","110/07/19","臺銀-鳳山",7,72,-65
"10429","8112至上","110/07/19","凱基-新莊",100,1,99
"10430","8112至上","110/07/19","兆豐-竹北",4,65,-61
"10431","8112至上","110/07/19","凱基-市政",89,0,89
"10432","8112至上","110/07/19","國泰-新莊",2,62,-60
"10433","8112至上","110/07/19","玉山證券",73,7,66
"10434","8112至上","110/07/19","元富-大裕",2,60,-58
"10435","8112至上","110/07/19","花旗環球",64,0,64
"10436","8112至上","110/07/19","臺灣企銀-桃園",0,55,-55
"10437","8112至上","110/07/19","合庫-台中",55,3,52
"10438","8112至上","110/07/19","康和-台南",4,59,-55
"10439","8112至上","110/07/19","永豐金-中壢",50,1,49
"10440","8112至上","110/07/19","第一金-華江",3,55,-52
"10441","1570力肯","110/07/19","國票-北高雄",34,0,34
"10442","1570力肯","110/07/19","合庫-三重",0,8,-8
"10443","1570力肯","110/07/19","新光",30,3,27
"10444","1570力肯","110/07/19","元大-高雄",0,8,-8
"10445","1570力肯","110/07/19","凱基-台北",24,1,23
"10446","1570力肯","110/07/19","合庫-台中",0,7,-7
"10447","1570力肯","110/07/19","台灣摩根士丹利",7,0,7
"10448","1570力肯","110/07/19","臺銀-臺中",0,6,-6
"10449","1570力肯","110/07/19","元大-林森",5,0,5
"10450","1570力肯","110/07/19","摩根大通",6,11,-5
"10451","1570力肯","110/07/19","元大-士林",4,0,4
"10452","1570力肯","110/07/19","元富-緯城",0,4,-4
"10453","1570力肯","110/07/19","玉山證券",8,5,3
"10454","1570力肯","110/07/19","玉山-台大",0,4,-4
"10455","1570力肯","110/07/19","統一-城中",2,0,2
"10456","1570力肯","110/07/19","群益金鼎-三重",0,4,-4
"10457","1570力肯","110/07/19","元大-基隆孝二",2,0,2
"10458","1570力肯","110/07/19","凱基-鳳山",1,5,-4
"10459","1570力肯","110/07/19","土銀-建國",1,0,1
"10460","1570力肯","110/07/19","元大-板橋",0,4,-4
"10461","1570力肯","110/07/19","日盛-復興",1,0,1
"10462","1570力肯","110/07/19","日盛-和美",0,3,-3
"10463","1570力肯","110/07/19","瑞士信貸",1,0,1
"10464","1570力肯","110/07/19","元富-新店",2,5,-3
"10465","1570力肯","110/07/19","元富-四維",1,0,1
"10466","1570力肯","110/07/19","元大-新莊",0,3,-3
"10467","1570力肯","110/07/19","群益金鼎-北高雄",1,0,1
"10468","1570力肯","110/07/19","永豐金-敦南",0,3,-3
"10469","1570力肯","110/07/19","凱基-高美館",1,0,1
"10470","1570力肯","110/07/19","永豐金-台中",0,3,-3
"10471","2929淘帝","110/07/19","元大-民生",28,0,28
"10472","2929淘帝","110/07/19","元大-六合",0,40,-40
"10473","2929淘帝","110/07/19","宏遠-光隆",25,0,25
"10474","2929淘帝","110/07/19","新光-新竹",0,35,-35
"10475","2929淘帝","110/07/19","華南永昌-苗栗",20,0,20
"10476","2929淘帝","110/07/19","新加坡商瑞銀",1,30,-29
"10477","2929淘帝","110/07/19","元大-員林",20,0,20
"10478","2929淘帝","110/07/19","永豐金-永康",0,27,-27
"10479","2929淘帝","110/07/19","合庫-高雄",18,0,18
"10480","2929淘帝","110/07/19","凱基-復興",0,24,-24
"10481","2929淘帝","110/07/19","臺銀-鳳山",18,0,18
"10482","2929淘帝","110/07/19","日盛-豐原",0,22,-22
"10483","2929淘帝","110/07/19","日盛-雙和",17,0,17
"10484","2929淘帝","110/07/19","富邦-南屯",1,22,-21
"10485","2929淘帝","110/07/19","華南永昌-林口",15,0,15
"10486","2929淘帝","110/07/19","新光",1,21,-20
"10487","2929淘帝","110/07/19","元大-屏南",15,0,15
"10488","2929淘帝","110/07/19","華南永昌",0,20,-20
"10489","2929淘帝","110/07/19","台新-中壢",12,0,12
"10490","2929淘帝","110/07/19","富邦-竹東",2,22,-20
"10491","2929淘帝","110/07/19","新光-台中",11,0,11
"10492","2929淘帝","110/07/19","凱基-士林",0,16,-16
"10493","2929淘帝","110/07/19","凱基-台北",20,9,11
"10494","2929淘帝","110/07/19","福勝",0,15,-15
"10495","2929淘帝","110/07/19","富邦-台北",11,0,11
"10496","2929淘帝","110/07/19","港商野村",25,37,-12
"10497","2929淘帝","110/07/19","合庫-自強",10,0,10
"10498","2929淘帝","110/07/19","群益金鼎-建成",0,11,-11
"10499","2929淘帝","110/07/19","凱基-豐中",10,0,10
"10500","2929淘帝","110/07/19","華南永昌-朴子",0,11,-11
"10501","5410國眾","110/07/19","香港上海匯豐",28,0,28
"10502","5410國眾","110/07/19","群益金鼎-內湖",0,80,-80
"10503","5410國眾","110/07/19","大昌",26,0,26
"10504","5410國眾","110/07/19","永豐金-屏東",0,14,-14
"10505","5410國眾","110/07/19","兆豐-公益",20,0,20
"10506","5410國眾","110/07/19","永豐金-南京",0,10,-10
"10507","5410國眾","110/07/19","合庫-嘉義",10,0,10
"10508","5410國眾","110/07/19","元大-內湖",0,9,-9
"10509","5410國眾","110/07/19","台新-左楠",20,10,10
"10510","5410國眾","110/07/19","富邦-永和",0,8,-8
"10511","5410國眾","110/07/19","摩根大通",15,6,9
"10512","5410國眾","110/07/19","日盛-景美",0,6,-6
"10513","5410國眾","110/07/19","台灣企銀-民雄",8,0,8
"10514","5410國眾","110/07/19","光和",1,7,-6
"10515","5410國眾","110/07/19","元大-竹科",8,0,8
"10516","5410國眾","110/07/19","元大-士林",0,6,-6
"10517","5410國眾","110/07/19","凱基-台北",9,3,6
"10518","5410國眾","110/07/19","新光-台中",0,5,-5
"10519","5410國眾","110/07/19","元大-博愛",6,0,6
"10520","5410國眾","110/07/19","元大-景美",0,5,-5
"10521","5410國眾","110/07/19","台新-三民",5,0,5
"10522","5410國眾","110/07/19","大慶-蘆洲",0,4,-4
"10523","5410國眾","110/07/19","群益金鼎-中壢",5,0,5
"10524","5410國眾","110/07/19","中國信託-新竹",0,4,-4
"10525","5410國眾","110/07/19","群益金鼎-嘉義",5,0,5
"10526","5410國眾","110/07/19","新光",6,10,-4
"10527","5410國眾","110/07/19","日盛證券",4,0,4
"10528","5410國眾","110/07/19","元大-基隆孝二",0,4,-4
"10529","5410國眾","110/07/19","群益金鼎-新店",4,0,4
"10530","5410國眾","110/07/19","土銀-台中",0,3,-3
"10531","2841台開","110/07/19","元富-城東",150,0,150
"10532","2841台開","110/07/19","日進",0,80,-80
"10533","2841台開","110/07/19","中國信託-忠孝",80,0,80
"10534","2841台開","110/07/19","港商野村",0,77,-77
"10535","2841台開","110/07/19","凱基-台北",52,0,52
"10536","2841台開","110/07/19","摩根大通",0,41,-41
"10537","2841台開","110/07/19","美商高盛",48,0,48
"10538","2841台開","110/07/19","元大-三重",1,38,-37
"10539","2841台開","110/07/19","台中銀",43,0,43
"10540","2841台開","110/07/19","元大-福營",0,30,-30
"10541","2841台開","110/07/19","永豐金-豐原",32,0,32
"10542","2841台開","110/07/19","新光",4,28,-24
"10543","2841台開","110/07/19","豐農",20,0,20
"10544","2841台開","110/07/19","元大-竹科",0,22,-22
"10545","2841台開","110/07/19","台新-台中",30,10,20
"10546","2841台開","110/07/19","永豐金-敦南",33,55,-22
"10547","2841台開","110/07/19","華南永昌-新莊",20,0,20
"10548","2841台開","110/07/19","日盛-二林",0,15,-15
"10549","2841台開","110/07/19","第一金-台中",12,0,12
"10550","2841台開","110/07/19","元富-虎尾",0,15,-15
"10551","2841台開","110/07/19","國泰-台中",12,0,12
"10552","2841台開","110/07/19","華南永昌-世貿",0,15,-15
"10553","2841台開","110/07/19","日茂",10,0,10
"10554","2841台開","110/07/19","統一-三多",0,12,-12
"10555","2841台開","110/07/19","凱基-埔墘",10,0,10
"10556","2841台開","110/07/19","台中銀-豐原",0,10,-10
"10557","2841台開","110/07/19","永豐金-內湖",8,0,8
"10558","2841台開","110/07/19","元大-頭份",0,10,-10
"10559","2841台開","110/07/19","合庫-台中",7,0,7
"10560","2841台開","110/07/19","合庫-台南",0,8,-8
"10561","6207雷科","110/07/19","元富-信義",92,0,92
"10562","6207雷科","110/07/19","新加坡商瑞銀",5,104,-99
"10563","6207雷科","110/07/19","國泰證券",90,0,90
"10564","6207雷科","110/07/19","富邦-彰化",2,97,-95
"10565","6207雷科","110/07/19","元富-城中",80,4,76
"10566","6207雷科","110/07/19","永豐金-內湖",6,85,-79
"10567","6207雷科","110/07/19","元大-福營",71,5,66
"10568","6207雷科","110/07/19","摩根大通",102,164,-62
"10569","6207雷科","110/07/19","凱基-復興",60,0,60
"10570","6207雷科","110/07/19","瑞士信貸",0,51,-51
"10571","6207雷科","110/07/19","凱基-台北",91,46,45
"10572","6207雷科","110/07/19","凱基-板橋",10,55,-45
"10573","6207雷科","110/07/19","玉山-城中",42,0,42
"10574","6207雷科","110/07/19","華南永昌-大安",0,40,-40
"10575","6207雷科","110/07/19","華南永昌-長虹",40,0,40
"10576","6207雷科","110/07/19","群益金鼎-東大",1,40,-39
"10577","6207雷科","110/07/19","永豐金-羅東",38,0,38
"10578","6207雷科","110/07/19","台新-高雄",15,47,-32
"10579","6207雷科","110/07/19","日盛-忠孝",36,2,34
"10580","6207雷科","110/07/19","玉山-嘉義",1,32,-31
"10581","6207雷科","110/07/19","凱基-羅東",37,3,34
"10582","6207雷科","110/07/19","凱基-中港",0,30,-30
"10583","6207雷科","110/07/19","第一金-新竹",30,0,30
"10584","6207雷科","110/07/19","元大-六合",7,36,-29
"10585","6207雷科","110/07/19","玉山-數位",27,1,26
"10586","6207雷科","110/07/19","元富-花蓮",0,28,-28
"10587","6207雷科","110/07/19","凱基-長庚",22,0,22
"10588","6207雷科","110/07/19","群益金鼎-瑞豐",6,34,-28
"10589","6207雷科","110/07/19","台灣企銀-北高雄",20,0,20
"10590","6207雷科","110/07/19","新百王",0,26,-26
"10591","3679新至陞","110/07/19","元大-成功",7,0,7
"10592","3679新至陞","110/07/19","群益金鼎-大安",0,15,-15
"10593","3679新至陞","110/07/19","美商高盛",6,0,6
"10594","3679新至陞","110/07/19","凱基-民權",0,10,-10
"10595","3679新至陞","110/07/19","台新-高雄",5,0,5
"10596","3679新至陞","110/07/19","元大-西門",0,10,-10
"10597","3679新至陞","110/07/19","凱基-松山",5,0,5
"10598","3679新至陞","110/07/19","瑞士信貸",0,6,-6
"10599","3679新至陞","110/07/19","日盛-員林",4,0,4
"10600","3679新至陞","110/07/19","兆豐-高雄",0,6,-6
"10601","3679新至陞","110/07/19","台中銀-員林",4,0,4
"10602","3679新至陞","110/07/19","群益金鼎",0,5,-5
"10603","3679新至陞","110/07/19","(牛牛牛)亞-網路",3,0,3
"10604","3679新至陞","110/07/19","元大-永春",0,4,-4
"10605","3679新至陞","110/07/19","大昌-新店",3,0,3
"10606","3679新至陞","110/07/19","凱基-台北",2,5,-3
"10607","3679新至陞","110/07/19","凱基-埔墘",3,0,3
"10608","3679新至陞","110/07/19","港商法國興業",0,2,-2
"10609","3679新至陞","110/07/19","元大-板橋",3,0,3
"10610","3679新至陞","110/07/19","摩根大通",2,4,-2
"10611","3679新至陞","110/07/19","臺銀-金山",2,0,2
"10612","3679新至陞","110/07/19","元大-金門",0,2,-2
"10613","3679新至陞","110/07/19","日盛-樹林",2,0,2
"10614","3679新至陞","110/07/19","元大-土城",0,2,-2
"10615","3679新至陞","110/07/19","致和-東門",2,0,2
"10616","3679新至陞","110/07/19","日盛-鳳山",0,1,-1
"10617","3679新至陞","110/07/19","國票-敦北法人",2,0,2
"10618","3679新至陞","110/07/19","美林",1,2,-1
"10619","3679新至陞","110/07/19","台新證券",2,0,2
"10620","3679新至陞","110/07/19","第一金",0,1,-1
"10621","2727王品","110/07/19","台新證券",374,33,341
"10622","2727王品","110/07/19","台灣摩根士丹利",25,188,-163
"10623","2727王品","110/07/19","瑞士信貸",217,1,216
"10624","2727王品","110/07/19","港商野村",74,198,-124
"10625","2727王品","110/07/19","兆豐-南京",200,0,200
"10626","2727王品","110/07/19","統一",6,80,-74
"10627","2727王品","110/07/19","第一金",70,1,69
"10628","2727王品","110/07/19","合庫-台中",8,79,-71
"10629","2727王品","110/07/19","元大-小港",59,1,58
"10630","2727王品","110/07/19","凱基-台北",178,231,-53
"10631","2727王品","110/07/19","玉山-桃園",42,6,36
"10632","2727王品","110/07/19","富邦-中壢",3,52,-49
"10633","2727王品","110/07/19","永豐金-大園",31,0,31
"10634","2727王品","110/07/19","凱基-永華",0,43,-43
"10635","2727王品","110/07/19","兆豐-大安",30,0,30
"10636","2727王品","110/07/19","土銀-台中",0,36,-36
"10637","2727王品","110/07/19","美商高盛",38,15,23
"10638","2727王品","110/07/19","美林",8,41,-33
"10639","2727王品","110/07/19","康和-澎湖",23,1,22
"10640","2727王品","110/07/19","中國信託-忠孝",1,33,-32
"10641","2727王品","110/07/19","第一金-高雄",21,0,21
"10642","2727王品","110/07/19","新光",31,61,-30
"10643","2727王品","110/07/19","國票-內壢",21,0,21
"10644","2727王品","110/07/19","第一金-豐原",0,26,-26
"10645","2727王品","110/07/19","元大-桃興",19,3,16
"10646","2727王品","110/07/19","富邦-彰化",0,26,-26
"10647","2727王品","110/07/19","凱基-三重",16,1,15
"10648","2727王品","110/07/19","摩根大通",78,97,-19
"10649","2727王品","110/07/19","永豐金-南投",16,1,15
"10650","2727王品","110/07/19","國泰證券",2,21,-19
"10651","1570力肯","110/07/19","國票-北高雄",34,0,34
"10652","1570力肯","110/07/19","合庫-三重",0,8,-8
"10653","1570力肯","110/07/19","新光",30,3,27
"10654","1570力肯","110/07/19","元大-高雄",0,8,-8
"10655","1570力肯","110/07/19","凱基-台北",24,1,23
"10656","1570力肯","110/07/19","合庫-台中",0,7,-7
"10657","1570力肯","110/07/19","台灣摩根士丹利",7,0,7
"10658","1570力肯","110/07/19","臺銀-臺中",0,6,-6
"10659","1570力肯","110/07/19","元大-林森",5,0,5
"10660","1570力肯","110/07/19","摩根大通",6,11,-5
"10661","1570力肯","110/07/19","元大-士林",4,0,4
"10662","1570力肯","110/07/19","元富-緯城",0,4,-4
"10663","1570力肯","110/07/19","玉山證券",8,5,3
"10664","1570力肯","110/07/19","玉山-台大",0,4,-4
"10665","1570力肯","110/07/19","統一-城中",2,0,2
"10666","1570力肯","110/07/19","群益金鼎-三重",0,4,-4
"10667","1570力肯","110/07/19","元大-基隆孝二",2,0,2
"10668","1570力肯","110/07/19","凱基-鳳山",1,5,-4
"10669","1570力肯","110/07/19","土銀-建國",1,0,1
"10670","1570力肯","110/07/19","元大-板橋",0,4,-4
"10671","1570力肯","110/07/19","日盛-復興",1,0,1
"10672","1570力肯","110/07/19","日盛-和美",0,3,-3
"10673","1570力肯","110/07/19","瑞士信貸",1,0,1
"10674","1570力肯","110/07/19","元富-新店",2,5,-3
"10675","1570力肯","110/07/19","元富-四維",1,0,1
"10676","1570力肯","110/07/19","元大-新莊",0,3,-3
"10677","1570力肯","110/07/19","群益金鼎-北高雄",1,0,1
"10678","1570力肯","110/07/19","永豐金-敦南",0,3,-3
"10679","1570力肯","110/07/19","凱基-高美館",1,0,1
"10680","1570力肯","110/07/19","永豐金-台中",0,3,-3
"10681","6180橘子","110/07/19","兆豐證券",55,0,55
"10682","6180橘子","110/07/19","石橋證券",0,80,-80
"10683","6180橘子","110/07/19","凱基-台北",89,35,54
"10684","6180橘子","110/07/19","永豐金-大園",2,50,-48
"10685","6180橘子","110/07/19","合庫-自強",36,0,36
"10686","6180橘子","110/07/19","群益金鼎-屏東",0,40,-40
"10687","6180橘子","110/07/19","新光",50,25,25
"10688","6180橘子","110/07/19","國泰-敦南",0,19,-19
"10689","6180橘子","110/07/19","日盛-龍潭",20,0,20
"10690","6180橘子","110/07/19","日盛-新竹",2,20,-18
"10691","6180橘子","110/07/19","元大-斗信",16,1,15
"10692","6180橘子","110/07/19","摩根大通",17,35,-18
"10693","6180橘子","110/07/19","康和-台中",12,0,12
"10694","6180橘子","110/07/19","富邦-陽明",0,17,-17
"10695","6180橘子","110/07/19","國泰-台中",14,2,12
"10696","6180橘子","110/07/19","美商高盛",11,27,-16
"10697","6180橘子","110/07/19","富邦-嘉義",12,0,12
"10698","6180橘子","110/07/19","統一-宜蘭",0,14,-14
"10699","6180橘子","110/07/19","元大-草屯",12,0,12
"10700","6180橘子","110/07/19","凱基-興隆",0,12,-12
"10701","6180橘子","110/07/19","元富-桃園",11,0,11
"10702","6180橘子","110/07/19","台中銀-豐原",1,11,-10
"10703","6180橘子","110/07/19","兆豐-城中",10,0,10
"10704","6180橘子","110/07/19","永豐金-豐原",0,10,-10
"10705","6180橘子","110/07/19","元大-旗山",10,0,10
"10706","6180橘子","110/07/19","永豐金-竹科",0,10,-10
"10707","6180橘子","110/07/19","元大-大安",10,0,10
"10708","6180橘子","110/07/19","臺銀-鳳山",1,10,-9
"10709","6180橘子","110/07/19","大昌-新店",9,0,9
"10710","6180橘子","110/07/19","群益金鼎-台南",0,9,-9
"10711","2390云辰","110/07/19","摩根大通",1135,266,869
"10712","2390云辰","110/07/19","元富-成功",15,119,-104
"10713","2390云辰","110/07/19","台灣摩根士丹利",232,40,192
"10714","2390云辰","110/07/19","元富-中港",5,101,-96
"10715","2390云辰","110/07/19","凱基-台北",669,504,165
"10716","2390云辰","110/07/19","元富-嘉義",5,85,-80
"10717","2390云辰","110/07/19","美林",290,159,131
"10718","2390云辰","110/07/19","美商高盛",11,62,-51
"10719","2390云辰","110/07/19","統一",111,8,103
"10720","2390云辰","110/07/19","群益金鼎-西松",4,54,-50
"10721","2390云辰","110/07/19","元富-埔里",102,0,102
"10722","2390云辰","110/07/19","聯邦商銀",0,48,-48
"10723","2390云辰","110/07/19","華南永昌-台中",126,26,100
"10724","2390云辰","110/07/19","元大-萬華",15,57,-42
"10725","2390云辰","110/07/19","永豐金-豐原",100,32,68
"10726","2390云辰","110/07/19","群益金鼎-高雄",2,42,-40
"10727","2390云辰","110/07/19","台新-台南",87,25,62
"10728","2390云辰","110/07/19","國泰-敦南",117,154,-37
"10729","2390云辰","110/07/19","台新-左楠",67,11,56
"10730","2390云辰","110/07/19","中國信託-文心",5,40,-35
"10731","2390云辰","110/07/19","國泰-忠孝",52,0,52
"10732","2390云辰","110/07/19","凱基-城中",16,51,-35
"10733","2390云辰","110/07/19","台新證券",105,54,51
"10734","2390云辰","110/07/19","瑞士信貸",0,31,-31
"10735","2390云辰","110/07/19","華南永昌-頭份",53,3,50
"10736","2390云辰","110/07/19","中國信託-永康",1,32,-31
"10737","2390云辰","110/07/19","新光-台南",44,0,44
"10738","2390云辰","110/07/19","統一-彰化",2,32,-30
"10739","2390云辰","110/07/19","合庫-西台中",50,8,42
"10740","2390云辰","110/07/19","元大-館前",7,37,-30
"10741","2363矽統","110/07/16","國票-長城",461,21,440
"10742","2363矽統","110/07/16","新加坡商瑞銀",155,482,-327
"10743","2363矽統","110/07/16","凱基-豐中",201,3,198
"10744","2363矽統","110/07/16","港商野村",253,546,-293
"10745","2363矽統","110/07/16","凱基-土城",132,9,123
"10746","2363矽統","110/07/16","摩根大通",116,401,-285
"10747","2363矽統","110/07/16","台新證券",199,78,121
"10748","2363矽統","110/07/16","瑞士信貸",291,533,-242
"10749","2363矽統","110/07/16","日盛-中和",74,0,74
"10750","2363矽統","110/07/16","日盛-竹北",19,248,-229
"10751","2363矽統","110/07/16","日盛-員林",66,3,63
"10752","2363矽統","110/07/16","臺銀-金山",4,211,-207
"10753","2363矽統","110/07/16","國票-中和",60,3,57
"10754","2363矽統","110/07/16","元大-大統",13,138,-125
"10755","2363矽統","110/07/16","新光",240,184,56
"10756","2363矽統","110/07/16","永豐金證券",11,125,-114
"10757","2363矽統","110/07/16","富邦-竹東",65,9,56
"10758","2363矽統","110/07/16","兆豐-民生",2,101,-99
"10759","2363矽統","110/07/16","華南永昌-鳳山",56,1,55
"10760","2363矽統","110/07/16","群益金鼎-松山",2,100,-98
"10761","2363矽統","110/07/16","凱基-台北",520,466,54
"10762","2363矽統","110/07/16","元大-花蓮",8,99,-91
"10763","2363矽統","110/07/16","元富-城東",63,12,51
"10764","2363矽統","110/07/16","華南永昌-虎尾",68,154,-86
"10765","2363矽統","110/07/16","群益金鼎-桃園",56,5,51
"10766","2363矽統","110/07/16","富邦-新竹華信",7,89,-82
"10767","2363矽統","110/07/16","北城證券",60,10,50
"10768","2363矽統","110/07/16","元大-佳里",3,81,-78
"10769","2363矽統","110/07/16","國票-九鼎",57,7,50
"10770","2363矽統","110/07/16","玉山-南京東路",0,73,-73
"10771","8112至上","110/07/16","宏遠證券",551,6,545
"10772","8112至上","110/07/16","玉山-桃園",42,318,-276
"10773","8112至上","110/07/16","台灣摩根士丹利",317,11,306
"10774","8112至上","110/07/16","美林",64,305,-241
"10775","8112至上","110/07/16","新加坡商瑞銀",378,73,305
"10776","8112至上","110/07/16","宏遠-館前",16,212,-196
"10777","8112至上","110/07/16","凱基-台北",758,553,205
"10778","8112至上","110/07/16","玉山-嘉義",19,95,-76
"10779","8112至上","110/07/16","富邦證券",127,0,127
"10780","8112至上","110/07/16","群益金鼎-三民",7,82,-75
"10781","8112至上","110/07/16","台新證券",129,30,99
"10782","8112至上","110/07/16","日盛-二林",1,73,-72
"10783","8112至上","110/07/16","花旗環球",97,0,97
"10784","8112至上","110/07/16","玉山-台大",8,76,-68
"10785","8112至上","110/07/16","永豐金-台南",97,8,89
"10786","8112至上","110/07/16","元富-台南",1,68,-67
"10787","8112至上","110/07/16","元大-大天母",93,15,78
"10788","8112至上","110/07/16","玉山-板橋",4,71,-67
"10789","8112至上","110/07/16","亞東-板橋",72,2,70
"10790","8112至上","110/07/16","臺灣企銀-埔墘",0,60,-60
"10791","8112至上","110/07/16","永豐金-中正",64,9,55
"10792","8112至上","110/07/16","華南永昌-鶯歌",11,64,-53
"10793","8112至上","110/07/16","大昌-樹林",53,2,51
"10794","8112至上","110/07/16","元大-士林",7,59,-52
"10795","8112至上","110/07/16","凱基-永和",56,5,51
"10796","8112至上","110/07/16","元富-新店",8,57,-49
"10797","8112至上","110/07/16","兆豐-竹北",53,3,50
"10798","8112至上","110/07/16","富邦-陽明",9,58,-49
"10799","8112至上","110/07/16","日盛-豐原",48,0,48
"10800","8112至上","110/07/16","元大-發財",0,49,-49
"10801","1570力肯","110/07/16","新光",71,6,65
"10802","1570力肯","110/07/16","元大-高雄",0,23,-23
"10803","1570力肯","110/07/16","國票-北高雄",21,0,21
"10804","1570力肯","110/07/16","合庫-台南",0,20,-20
"10805","1570力肯","110/07/16","凱基-台北",17,1,16
"10806","1570力肯","110/07/16","元富-新店",0,15,-15
"10807","1570力肯","110/07/16","群益金鼎-高雄",15,0,15
"10808","1570力肯","110/07/16","元大-東港",0,10,-10
"10809","1570力肯","110/07/16","富邦-建國",10,0,10
"10810","1570力肯","110/07/16","中國信託",0,7,-7
"10811","1570力肯","110/07/16","元大-士林",5,0,5
"10812","1570力肯","110/07/16","台新證券",0,6,-6
"10813","1570力肯","110/07/16","瑞士信貸",3,0,3
"10814","1570力肯","110/07/16","日盛-信義",0,5,-5
"10815","1570力肯","110/07/16","臺銀-高雄",2,0,2
"10816","1570力肯","110/07/16","宏遠-館前",0,5,-5
"10817","1570力肯","110/07/16","華南永昌",2,0,2
"10818","1570力肯","110/07/16","國泰-館前",0,5,-5
"10819","1570力肯","110/07/16","元富-同大",1,0,1
"10820","1570力肯","110/07/16","富邦-園區",0,5,-5
"10821","1570力肯","110/07/16","兆豐-麻豆",1,0,1
"10822","1570力肯","110/07/16","永豐金-中正",0,5,-5
"10823","1570力肯","110/07/16","國泰-板橋",1,0,1
"10824","1570力肯","110/07/16","(牛牛牛)亞-鑫豐",0,4,-4
"10825","1570力肯","110/07/16","群益金鼎-東湖",1,0,1
"10826","1570力肯","110/07/16","台中銀-員林",0,3,-3
"10827","1570力肯","110/07/16","元大-東泰",1,0,1
"10828","1570力肯","110/07/16","玉山-新莊",0,3,-3
"10829","1570力肯","110/07/16","元大-南勢角",1,0,1
"10830","1570力肯","110/07/16","凱基-長庚",0,3,-3
"10831","2929淘帝","110/07/16","元大-民生",28,0,28
"10832","2929淘帝","110/07/16","玉山-新竹",0,30,-30
"10833","2929淘帝","110/07/16","元大-員林",20,0,20
"10834","2929淘帝","110/07/16","合庫證券",0,20,-20
"10835","2929淘帝","110/07/16","兆豐-桃鶯",12,0,12
"10836","2929淘帝","110/07/16","元大-六合",0,20,-20
"10837","2929淘帝","110/07/16","元大-大統",10,0,10
"10838","2929淘帝","110/07/16","摩根大通",0,12,-12
"10839","2929淘帝","110/07/16","新加坡商瑞銀",9,0,9
"10840","2929淘帝","110/07/16","永興",0,6,-6
"10841","2929淘帝","110/07/16","凱基-基隆",6,0,6
"10842","2929淘帝","110/07/16","凱基-長庚",0,5,-5
"10843","2929淘帝","110/07/16","合庫-高雄",5,0,5
"10844","2929淘帝","110/07/16","群益金鼎-潭子",0,4,-4
"10845","2929淘帝","110/07/16","台新-台中",6,1,5
"10846","2929淘帝","110/07/16","華南永昌-小港",2,6,-4
"10847","2929淘帝","110/07/16","元大-承德",5,0,5
"10848","2929淘帝","110/07/16","華南永昌-虎尾",0,4,-4
"10849","2929淘帝","110/07/16","元大-沙鹿",5,0,5
"10850","2929淘帝","110/07/16","日盛-和美",0,3,-3
"10851","2929淘帝","110/07/16","大慶-苗栗",5,1,4
"10852","2929淘帝","110/07/16","彰銀",0,3,-3
"10853","2929淘帝","110/07/16","台新-新營",4,0,4
"10854","2929淘帝","110/07/16","港商野村",7,10,-3
"10855","2929淘帝","110/07/16","凱基-台北",6,2,4
"10856","2929淘帝","110/07/16","群益金鼎-中山",1,4,-3
"10857","2929淘帝","110/07/16","兆豐-台中港",3,0,3
"10858","2929淘帝","110/07/16","凱基-嘉義",0,3,-3
"10859","2929淘帝","110/07/16","國票-北高雄",3,0,3
"10860","2929淘帝","110/07/16","元大-斗信",0,3,-3
"10861","5410國眾","110/07/16","盈溢-籬子內",49,0,49
"10862","5410國眾","110/07/16","元大-博愛",0,41,-41
"10863","5410國眾","110/07/16","香港上海匯豐",31,0,31
"10864","5410國眾","110/07/16","元富-嘉義",0,20,-20
"10865","5410國眾","110/07/16","元大-東泰",30,0,30
"10866","5410國眾","110/07/16","國泰-桃園",0,18,-18
"10867","5410國眾","110/07/16","兆豐-台中港",20,0,20
"10868","5410國眾","110/07/16","元富",0,17,-17
"10869","5410國眾","110/07/16","臺銀-臺南",11,0,11
"10870","5410國眾","110/07/16","元大-新竹",0,14,-14
"10871","5410國眾","110/07/16","富邦-新竹華信",11,0,11
"10872","5410國眾","110/07/16","安泰-大發",0,11,-11
"10873","5410國眾","110/07/16","臺銀",10,0,10
"10874","5410國眾","110/07/16","大昌-樹林",0,10,-10
"10875","5410國眾","110/07/16","凱基-台北",8,1,7
"10876","5410國眾","110/07/16","群益金鼎-內湖",0,10,-10
"10877","5410國眾","110/07/16","日盛-士林",5,0,5
"10878","5410國眾","110/07/16","元大-樹林",0,10,-10
"10879","5410國眾","110/07/16","新光-桃園",5,0,5
"10880","5410國眾","110/07/16","元大-內湖",0,9,-9
"10881","5410國眾","110/07/16","國泰-台南",5,0,5
"10882","5410國眾","110/07/16","群益金鼎-永和",0,5,-5
"10883","5410國眾","110/07/16","群益金鼎-嘉義",5,0,5
"10884","5410國眾","110/07/16","凱基-屏東",0,5,-5
"10885","5410國眾","110/07/16","元大-屏南",5,0,5
"10886","5410國眾","110/07/16","統一-員林",0,4,-4
"10887","5410國眾","110/07/16","日盛-員林",3,0,3
"10888","5410國眾","110/07/16","國泰-松江",0,4,-4
"10889","5410國眾","110/07/16","瑞士信貸",3,0,3
"10890","5410國眾","110/07/16","凱基-台南",0,4,-4
"10891","2841台開","110/07/16","日盛證券",250,0,250
"10892","2841台開","110/07/16","元大-歸仁",0,590,-590
"10893","2841台開","110/07/16","凱基-文心",204,0,204
"10894","2841台開","110/07/16","摩根大通",0,245,-245
"10895","2841台開","110/07/16","國泰-館前",114,0,114
"10896","2841台開","110/07/16","日盛-信義",0,145,-145
"10897","2841台開","110/07/16","永豐金-豐原",75,0,75
"10898","2841台開","110/07/16","港商野村",0,103,-103
"10899","2841台開","110/07/16","台新-台中",76,10,66
"10900","2841台開","110/07/16","玉山-嘉義",5,54,-49
"10901","2841台開","110/07/16","中國信託-文心",51,5,46
"10902","2841台開","110/07/16","台新證券",22,63,-41
"10903","2841台開","110/07/16","華南永昌-新莊",41,10,31
"10904","2841台開","110/07/16","美商高盛",0,39,-39
"10905","2841台開","110/07/16","富邦-嘉義",30,0,30
"10906","2841台開","110/07/16","亞東-板橋",0,30,-30
"10907","2841台開","110/07/16","新光",26,0,26
"10908","2841台開","110/07/16","永豐金-北高雄",0,30,-30
"10909","2841台開","110/07/16","富邦-板橋",25,0,25
"10910","2841台開","110/07/16","日盛-忠孝",0,20,-20
"10911","2841台開","110/07/16","新光-台中",22,0,22
"10912","2841台開","110/07/16","元富-草屯",0,15,-15
"10913","2841台開","110/07/16","元大-承德",22,0,22
"10914","2841台開","110/07/16","永豐金-板新",0,12,-12
"10915","2841台開","110/07/16","日盛-三重",20,0,20
"10916","2841台開","110/07/16","第一金-華江",0,10,-10
"10917","2841台開","110/07/16","日盛-新莊",20,0,20
"10918","2841台開","110/07/16","兆豐-南京",0,10,-10
"10919","2841台開","110/07/16","凱基-台南",20,0,20
"10920","2841台開","110/07/16","國票-中港",0,10,-10
"10921","6207雷科","110/07/16","統一-平鎮",215,4,211
"10922","6207雷科","110/07/16","凱基-台北",344,628,-284
"10923","6207雷科","110/07/16","凱基-復興",166,6,160
"10924","6207雷科","110/07/16","新加坡商瑞銀",104,370,-266
"10925","6207雷科","110/07/16","永豐金-南京",141,3,138
"10926","6207雷科","110/07/16","摩根大通",193,430,-237
"10927","6207雷科","110/07/16","永豐金-內湖",117,1,116
"10928","6207雷科","110/07/16","富邦證券",0,150,-150
"10929","6207雷科","110/07/16","日盛證券",104,2,102
"10930","6207雷科","110/07/16","華南永昌-中正",26,169,-143
"10931","6207雷科","110/07/16","群益金鼎-古亭",74,2,72
"10932","6207雷科","110/07/16","凱基-敦北",1,142,-141
"10933","6207雷科","110/07/16","群益金鼎-東門",76,12,64
"10934","6207雷科","110/07/16","凱基-板橋",0,120,-120
"10935","6207雷科","110/07/16","日盛-板橋",78,25,53
"10936","6207雷科","110/07/16","元富-大昌",30,136,-106
"10937","6207雷科","110/07/16","元大-斗六",57,6,51
"10938","6207雷科","110/07/16","元大-北成功",26,97,-71
"10939","6207雷科","110/07/16","元大-頭份",53,3,50
"10940","6207雷科","110/07/16","新光-桃園",29,93,-64
"10941","6207雷科","110/07/16","群益金鼎-東大",56,11,45
"10942","6207雷科","110/07/16","新百王",27,90,-63
"10943","6207雷科","110/07/16","永豐金-虎尾",50,8,42
"10944","6207雷科","110/07/16","玉山-左營",16,72,-56
"10945","6207雷科","110/07/16","元大-西門",39,1,38
"10946","6207雷科","110/07/16","群益金鼎-中壢",3,54,-51
"10947","6207雷科","110/07/16","凱基-竹科",38,1,37
"10948","6207雷科","110/07/16","元富-中原",21,67,-46
"10949","6207雷科","110/07/16","元富-世貿",50,15,35
"10950","6207雷科","110/07/16","大昌-桃園",26,70,-44
"10951","3679新至陞","110/07/16","元大-成功",17,1,16
"10952","3679新至陞","110/07/16","國票-桃園",0,11,-11
"10953","3679新至陞","110/07/16","玉山-台大",5,0,5
"10954","3679新至陞","110/07/16","富邦-台北",0,10,-10
"10955","3679新至陞","110/07/16","日盛-員林",4,0,4
"10956","3679新至陞","110/07/16","富邦-苗栗",0,10,-10
"10957","3679新至陞","110/07/16","凱基-台北",6,2,4
"10958","3679新至陞","110/07/16","元大-永春",0,6,-6
"10959","3679新至陞","110/07/16","台灣摩根士丹利",3,0,3
"10960","3679新至陞","110/07/16","美林",0,5,-5
"10961","3679新至陞","110/07/16","凱基-中山",3,0,3
"10962","3679新至陞","110/07/16","瑞士信貸",3,7,-4
"10963","3679新至陞","110/07/16","元大-承德",3,0,3
"10964","3679新至陞","110/07/16","宏遠-館前",0,3,-3
"10965","3679新至陞","110/07/16","元大-汐止",4,1,3
"10966","3679新至陞","110/07/16","元大-東港",0,3,-3
"10967","3679新至陞","110/07/16","日盛-大墩",2,0,2
"10968","3679新至陞","110/07/16","元大證券",0,2,-2
"10969","3679新至陞","110/07/16","玉山-城中",2,0,2
"10970","3679新至陞","110/07/16","永豐金-板新",0,2,-2
"10971","3679新至陞","110/07/16","華南永昌-內壢",2,0,2
"10972","3679新至陞","110/07/16","臺銀-民權",0,1,-1
"10973","3679新至陞","110/07/16","元大-台南",2,0,2
"10974","3679新至陞","110/07/16","日盛-台中",0,1,-1
"10975","3679新至陞","110/07/16","元大-大同",2,0,2
"10976","3679新至陞","110/07/16","日盛-鳳山",0,1,-1
"10977","3679新至陞","110/07/16","臺銀-高雄",1,0,1
"10978","3679新至陞","110/07/16","元富-古亭",0,1,-1
"10979","3679新至陞","110/07/16","日盛-樹林",1,0,1
"10980","3679新至陞","110/07/16","元富-新興",0,1,-1
"10981","2727王品","110/07/16","富邦證券",570,0,570
"10982","2727王品","110/07/16","台新證券",27,77,-50
"10983","2727王品","110/07/16","兆豐-南京",200,0,200
"10984","2727王品","110/07/16","台灣摩根士丹利",4,47,-43
"10985","2727王品","110/07/16","瑞士信貸",133,2,131
"10986","2727王品","110/07/16","永豐金-大園",0,33,-33
"10987","2727王品","110/07/16","美林",121,26,95
"10988","2727王品","110/07/16","元大-北屯",0,32,-32
"10989","2727王品","110/07/16","統一",103,43,60
"10990","2727王品","110/07/16","富邦-南屯",1,30,-29
"10991","2727王品","110/07/16","中國信託-忠孝",36,2,34
"10992","2727王品","110/07/16","元大-基隆孝二",0,29,-29
"10993","2727王品","110/07/16","元大證券",68,45,23
"10994","2727王品","110/07/16","日盛-忠孝",4,30,-26
"10995","2727王品","110/07/16","合庫-彰化",22,1,21
"10996","2727王品","110/07/16","新光-新竹",1,21,-20
"10997","2727王品","110/07/16","港商野村",126,105,21
"10998","2727王品","110/07/16","凱基-台北",94,113,-19
"10999","2727王品","110/07/16","元富-板橋",22,1,21
"11000","2727王品","110/07/16","富邦-虎尾",1,19,-18
"11001","2727王品","110/07/16","新加坡商瑞銀",36,18,18
"11002","2727王品","110/07/16","元大-南京",0,17,-17
"11003","2727王品","110/07/16","國泰證券",20,5,15
"11004","2727王品","110/07/16","日盛-鳳山",2,18,-16
"11005","2727王品","110/07/16","日盛-桃園",13,1,12
"11006","2727王品","110/07/16","新光",34,50,-16
"11007","2727王品","110/07/16","凱基-市政",12,1,11
"11008","2727王品","110/07/16","富邦-台北",2,18,-16
"11009","2727王品","110/07/16","元大-嘉義",14,3,11
"11010","2727王品","110/07/16","國票-內壢",1,15,-14
"11011","1570力肯","110/07/16","新光",71,6,65
"11012","1570力肯","110/07/16","元大-高雄",0,23,-23
"11013","1570力肯","110/07/16","國票-北高雄",21,0,21
"11014","1570力肯","110/07/16","合庫-台南",0,20,-20
"11015","1570力肯","110/07/16","凱基-台北",17,1,16
"11016","1570力肯","110/07/16","元富-新店",0,15,-15
"11017","1570力肯","110/07/16","群益金鼎-高雄",15,0,15
"11018","1570力肯","110/07/16","元大-東港",0,10,-10
"11019","1570力肯","110/07/16","富邦-建國",10,0,10
"11020","1570力肯","110/07/16","中國信託",0,7,-7
"11021","1570力肯","110/07/16","元大-士林",5,0,5
"11022","1570力肯","110/07/16","台新證券",0,6,-6
"11023","1570力肯","110/07/16","瑞士信貸",3,0,3
"11024","1570力肯","110/07/16","日盛-信義",0,5,-5
"11025","1570力肯","110/07/16","臺銀-高雄",2,0,2
"11026","1570力肯","110/07/16","宏遠-館前",0,5,-5
"11027","1570力肯","110/07/16","華南永昌",2,0,2
"11028","1570力肯","110/07/16","國泰-館前",0,5,-5
"11029","1570力肯","110/07/16","元富-同大",1,0,1
"11030","1570力肯","110/07/16","富邦-園區",0,5,-5
"11031","1570力肯","110/07/16","兆豐-麻豆",1,0,1
"11032","1570力肯","110/07/16","永豐金-中正",0,5,-5
"11033","1570力肯","110/07/16","國泰-板橋",1,0,1
"11034","1570力肯","110/07/16","(牛牛牛)亞-鑫豐",0,4,-4
"11035","1570力肯","110/07/16","群益金鼎-東湖",1,0,1
"11036","1570力肯","110/07/16","台中銀-員林",0,3,-3
"11037","1570力肯","110/07/16","元大-東泰",1,0,1
"11038","1570力肯","110/07/16","玉山-新莊",0,3,-3
"11039","1570力肯","110/07/16","元大-南勢角",1,0,1
"11040","1570力肯","110/07/16","凱基-長庚",0,3,-3
"11041","6180橘子","110/07/16","日盛-文化",71,5,66
"11042","6180橘子","110/07/16","凱基-台北",110,238,-128
"11043","6180橘子","110/07/16","新加坡商瑞銀",75,19,56
"11044","6180橘子","110/07/16","摩根大通",77,161,-84
"11045","6180橘子","110/07/16","瑞士信貸",51,0,51
"11046","6180橘子","110/07/16","元富-高雄",0,62,-62
"11047","6180橘子","110/07/16","台灣企銀-屏東",50,0,50
"11048","6180橘子","110/07/16","美商高盛",0,40,-40
"11049","6180橘子","110/07/16","元大-桃園",52,2,50
"11050","6180橘子","110/07/16","合庫-自強",0,37,-37
"11051","6180橘子","110/07/16","康和-台北",51,10,41
"11052","6180橘子","110/07/16","美林",15,48,-33
"11053","6180橘子","110/07/16","群益金鼎-屏東",61,20,41
"11054","6180橘子","110/07/16","元富-四維",0,32,-32
"11055","6180橘子","110/07/16","元大-彰化",33,2,31
"11056","6180橘子","110/07/16","新光",63,92,-29
"11057","6180橘子","110/07/16","台中銀-台北",30,0,30
"11058","6180橘子","110/07/16","新光-台南",6,28,-22
"11059","6180橘子","110/07/16","福勝",29,3,26
"11060","6180橘子","110/07/16","港商野村",28,49,-21
"11061","6180橘子","110/07/16","兆豐證券",21,0,21
"11062","6180橘子","110/07/16","統一",2,23,-21
"11063","6180橘子","110/07/16","華南永昌-頭份",20,0,20
"11064","6180橘子","110/07/16","元大-豐原站前",3,21,-18
"11065","6180橘子","110/07/16","富邦-台北",25,5,20
"11066","6180橘子","110/07/16","豐農",3,20,-17
"11067","6180橘子","110/07/16","富邦-員林",23,4,19
"11068","6180橘子","110/07/16","安泰-大發",0,17,-17
"11069","6180橘子","110/07/16","台新-新莊",20,2,18
"11070","6180橘子","110/07/16","群益金鼎",2,19,-17
"11071","2390云辰","110/07/16","兆豐-天母",642,7,635
"11072","2390云辰","110/07/16","凱基",0,5007,-5007
"11073","2390云辰","110/07/16","華南永昌-鳳山",339,35,304
"11074","2390云辰","110/07/16","凱基-台北",1224,2306,-1082
"11075","2390云辰","110/07/16","第一金-大稻埕",269,13,256
"11076","2390云辰","110/07/16","元大證券",206,1177,-971
"11077","2390云辰","110/07/16","國泰-敦南",665,427,238
"11078","2390云辰","110/07/16","摩根大通",1073,1967,-894
"11079","2390云辰","110/07/16","富邦-建國",272,50,222
"11080","2390云辰","110/07/16","台灣摩根士丹利",232,671,-439
"11081","2390云辰","110/07/16","元大-信義",180,15,165
"11082","2390云辰","110/07/16","美林",187,496,-309
"11083","2390云辰","110/07/16","瑞士信貸",155,0,155
"11084","2390云辰","110/07/16","港商野村",680,950,-270
"11085","2390云辰","110/07/16","台新證券",461,317,144
"11086","2390云辰","110/07/16","永豐金-中正",18,170,-152
"11087","2390云辰","110/07/16","兆豐-公益",148,11,137
"11088","2390云辰","110/07/16","元富-板橋",30,169,-139
"11089","2390云辰","110/07/16","元大-土城學府",197,61,136
"11090","2390云辰","110/07/16","新加坡商瑞銀",61,175,-114
"11091","2390云辰","110/07/16","元大-天母",232,122,110
"11092","2390云辰","110/07/16","聯邦商銀",54,167,-113
"11093","2390云辰","110/07/16","凱基-基隆",109,2,107
"11094","2390云辰","110/07/16","群益金鼎-大甲",13,111,-98
"11095","2390云辰","110/07/16","元富-成功",110,5,105
"11096","2390云辰","110/07/16","統一-屏東",4,92,-88
"11097","2390云辰","110/07/16","統一-新營",118,14,104
"11098","2390云辰","110/07/16","凱基-大直",3,80,-77
"11099","2390云辰","110/07/16","國泰-板橋",268,170,98
"11100","2390云辰","110/07/16","元大-桃興",46,117,-71
"11101","2363矽統","110/07/15","康和-台中",626,61,565
"11102","2363矽統","110/07/15","新加坡商瑞銀",202,838,-636
"11103","2363矽統","110/07/15","摩根大通",1271,932,339
"11104","2363矽統","110/07/15","美林",185,720,-535
"11105","2363矽統","110/07/15","瑞士信貸",530,230,300
"11106","2363矽統","110/07/15","富邦-仁愛",60,583,-523
"11107","2363矽統","110/07/15","宏遠-桃園",281,0,281
"11108","2363矽統","110/07/15","元大-板橋",35,368,-333
"11109","2363矽統","110/07/15","大展",252,19,233
"11110","2363矽統","110/07/15","花旗環球",0,308,-308
"11111","2363矽統","110/07/15","凱基-台北",683,498,185
"11112","2363矽統","110/07/15","元富-成功",2,113,-111
"11113","2363矽統","110/07/15","永豐金證券",166,11,155
"11114","2363矽統","110/07/15","富邦-新營",23,132,-109
"11115","2363矽統","110/07/15","群益金鼎",157,5,152
"11116","2363矽統","110/07/15","臺銀-金山",197,304,-107
"11117","2363矽統","110/07/15","新光",333,229,104
"11118","2363矽統","110/07/15","日盛-二林",13,116,-103
"11119","2363矽統","110/07/15","永豐金-台南",130,26,104
"11120","2363矽統","110/07/15","台新-左楠",40,126,-86
"11121","2363矽統","110/07/15","國票-南京",100,0,100
"11122","2363矽統","110/07/15","康和-南崁",15,100,-85
"11123","2363矽統","110/07/15","群益金鼎-松山",150,50,100
"11124","2363矽統","110/07/15","永豐金-員林",9,91,-82
"11125","2363矽統","110/07/15","中國信託-松江",103,5,98
"11126","2363矽統","110/07/15","光和-嘉義",5,78,-73
"11127","2363矽統","110/07/15","國票-新莊",187,92,95
"11128","2363矽統","110/07/15","日盛-板橋中山",3,73,-70
"11129","2363矽統","110/07/15","北城證券",216,126,90
"11130","2363矽統","110/07/15","元大證券",10,75,-65
"11131","8112至上","110/07/15","凱基-台北",535,32,503
"11132","8112至上","110/07/15","群益金鼎-台南",0,116,-116
"11133","8112至上","110/07/15","摩根大通",362,16,346
"11134","8112至上","110/07/15","華南永昌-高雄",2,112,-110
"11135","8112至上","110/07/15","台灣摩根士丹利",254,0,254
"11136","8112至上","110/07/15","永豐金-台南",27,128,-101
"11137","8112至上","110/07/15","花旗環球",159,0,159
"11138","8112至上","110/07/15","元大-東蘆",2,73,-71
"11139","8112至上","110/07/15","新加坡商瑞銀",95,2,93
"11140","8112至上","110/07/15","美林",3,66,-63
"11141","8112至上","110/07/15","玉山-嘉義",84,0,84
"11142","8112至上","110/07/15","元大-館前",0,62,-62
"11143","8112至上","110/07/15","新光",82,6,76
"11144","8112至上","110/07/15","元富-信義",0,50,-50
"11145","8112至上","110/07/15","瑞士信貸",80,7,73
"11146","8112至上","110/07/15","台新證券",35,82,-47
"11147","8112至上","110/07/15","美商高盛",64,0,64
"11148","8112至上","110/07/15","大慶-蘆洲",7,53,-46
"11149","8112至上","110/07/15","兆豐-小港",56,0,56
"11150","8112至上","110/07/15","國票-天祥",0,45,-45
"11151","8112至上","110/07/15","永豐金-內湖",60,11,49
"11152","8112至上","110/07/15","凱基-中山",1,45,-44
"11153","8112至上","110/07/15","永豐金-南投",46,1,45
"11154","8112至上","110/07/15","元大-士林",0,43,-43
"11155","8112至上","110/07/15","凱基-三重",40,0,40
"11156","8112至上","110/07/15","玉山-城中",4,44,-40
"11157","8112至上","110/07/15","台灣企銀",29,0,29
"11158","8112至上","110/07/15","凱基-彰化",0,39,-39
"11159","8112至上","110/07/15","元大-府城",42,14,28
"11160","8112至上","110/07/15","元富-花蓮",2,40,-38
"11161","1570力肯","110/07/15","群益金鼎-高雄",40,0,40
"11162","1570力肯","110/07/15","元大-高雄",0,12,-12
"11163","1570力肯","110/07/15","新光",40,8,32
"11164","1570力肯","110/07/15","永豐金-中正",0,10,-10
"11165","1570力肯","110/07/15","凱基-台北",20,2,18
"11166","1570力肯","110/07/15","國泰-松江",0,9,-9
"11167","1570力肯","110/07/15","凱基-天母",6,0,6
"11168","1570力肯","110/07/15","台新證券",0,8,-8
"11169","1570力肯","110/07/15","元富-新店",5,0,5
"11170","1570力肯","110/07/15","玉山證券",0,7,-7
"11171","1570力肯","110/07/15","凱基-中港",5,0,5
"11172","1570力肯","110/07/15","元大-府城",0,7,-7
"11173","1570力肯","110/07/15","富邦-園區",5,0,5
"11174","1570力肯","110/07/15","元大-板橋",0,6,-6
"11175","1570力肯","110/07/15","瑞士信貸",4,0,4
"11176","1570力肯","110/07/15","日盛-信義",0,5,-5
"11177","1570力肯","110/07/15","第一金-路竹",3,0,3
"11178","1570力肯","110/07/15","國票-和平",0,5,-5
"11179","1570力肯","110/07/15","摩根大通",3,0,3
"11180","1570力肯","110/07/15","元大-民雄",0,5,-5
"11181","1570力肯","110/07/15","凱基-桃園",3,0,3
"11182","1570力肯","110/07/15","統一-台中",0,4,-4
"11183","1570力肯","110/07/15","永豐金-苓雅",3,0,3
"11184","1570力肯","110/07/15","玉山-雙和",0,4,-4
"11185","1570力肯","110/07/15","統一-員林",2,0,2
"11186","1570力肯","110/07/15","凱基-敦北",0,4,-4
"11187","1570力肯","110/07/15","元大-永春",2,0,2
"11188","1570力肯","110/07/15","富邦-新店",0,4,-4
"11189","1570力肯","110/07/15","元大-土城永寧",2,0,2
"11190","1570力肯","110/07/15","日盛-板橋",0,3,-3
"11191","2929淘帝","110/07/15","港商野村",58,4,54
"11192","2929淘帝","110/07/15","日盛-園區",0,25,-25
"11193","2929淘帝","110/07/15","元大-民生",29,0,29
"11194","2929淘帝","110/07/15","兆豐-南京",0,20,-20
"11195","2929淘帝","110/07/15","新加坡商瑞銀",22,1,21
"11196","2929淘帝","110/07/15","玉山-高雄",0,18,-18
"11197","2929淘帝","110/07/15","凱基-台北",20,2,18
"11198","2929淘帝","110/07/15","富邦-南屯",1,15,-14
"11199","2929淘帝","110/07/15","大慶-中壢",15,1,14
"11200","2929淘帝","110/07/15","富邦-員林",0,13,-13
"11201","2929淘帝","110/07/15","日盛-和美",10,0,10
"11202","2929淘帝","110/07/15","凱基-站前",0,10,-10
"11203","2929淘帝","110/07/15","元大-員林",10,0,10
"11204","2929淘帝","110/07/15","元大-台中",0,10,-10
"11205","2929淘帝","110/07/15","凱基-基隆",6,0,6
"11206","2929淘帝","110/07/15","美林",10,19,-9
"11207","2929淘帝","110/07/15","臺銀-鳳山",5,0,5
"11208","2929淘帝","110/07/15","元大-新盛",0,8,-8
"11209","2929淘帝","110/07/15","第一金-路竹",5,0,5
"11210","2929淘帝","110/07/15","台新-台南",0,7,-7
"11211","2929淘帝","110/07/15","元富-大裕",5,0,5
"11212","2929淘帝","110/07/15","元大-大天母",0,7,-7
"11213","2929淘帝","110/07/15","玉山-大里",5,0,5
"11214","2929淘帝","110/07/15","華南永昌-虎尾",0,6,-6
"11215","2929淘帝","110/07/15","元大-博愛",5,0,5
"11216","2929淘帝","110/07/15","永豐金證券",0,6,-6
"11217","2929淘帝","110/07/15","永豐金-新莊",5,0,5
"11218","2929淘帝","110/07/15","兆豐-竹北",0,5,-5
"11219","2929淘帝","110/07/15","元大-南崁",4,0,4
"11220","2929淘帝","110/07/15","元大-文心興安",0,5,-5
"11221","5410國眾","110/07/15","香港上海匯豐",18,0,18
"11222","5410國眾","110/07/15","元大-南屯",0,18,-18
"11223","5410國眾","110/07/15","摩根大通",15,0,15
"11224","5410國眾","110/07/15","亞東-新竹",0,15,-15
"11225","5410國眾","110/07/15","日盛-士林",10,0,10
"11226","5410國眾","110/07/15","兆豐-台中港",0,15,-15
"11227","5410國眾","110/07/15","群益金鼎-嘉義",10,0,10
"11228","5410國眾","110/07/15","日盛-板橋",0,12,-12
"11229","5410國眾","110/07/15","元大-高雄",10,0,10
"11230","5410國眾","110/07/15","台中銀-豐原",0,9,-9
"11231","5410國眾","110/07/15","元大-東港",10,0,10
"11232","5410國眾","110/07/15","臺銀-臺南",3,10,-7
"11233","5410國眾","110/07/15","臺銀",10,5,5
"11234","5410國眾","110/07/15","瑞士信貸",0,5,-5
"11235","5410國眾","110/07/15","台新-新營",5,0,5
"11236","5410國眾","110/07/15","統一-員林",0,5,-5
"11237","5410國眾","110/07/15","富邦-台北",5,0,5
"11238","5410國眾","110/07/15","大昌-樹林",0,5,-5
"11239","5410國眾","110/07/15","日盛-屏東",4,0,4
"11240","5410國眾","110/07/15","兆豐-來福",0,5,-5
"11241","5410國眾","110/07/15","高橋",5,1,4
"11242","5410國眾","110/07/15","豐農",0,5,-5
"11243","5410國眾","110/07/15","中國信託-新竹",4,1,3
"11244","5410國眾","110/07/15","元大-大里",0,5,-5
"11245","5410國眾","110/07/15","富邦-建國",3,0,3
"11246","5410國眾","110/07/15","港商野村",0,3,-3
"11247","5410國眾","110/07/15","永豐金-桃園",3,0,3
"11248","5410國眾","110/07/15","中農",0,3,-3
"11249","5410國眾","110/07/15","大展",2,0,2
"11250","5410國眾","110/07/15","國泰-忠孝",0,3,-3
"11251","2841台開","110/07/15","日盛證券",310,0,310
"11252","2841台開","110/07/15","港商野村",0,97,-97
"11253","2841台開","110/07/15","元富-城東",100,0,100
"11254","2841台開","110/07/15","元大-員林",0,77,-77
"11255","2841台開","110/07/15","凱基-文心",30,0,30
"11256","2841台開","110/07/15","新光",3,73,-70
"11257","2841台開","110/07/15","日盛-雙和",24,0,24
"11258","2841台開","110/07/15","永豐金-北高雄",0,30,-30
"11259","2841台開","110/07/15","第一金-台中",20,0,20
"11260","2841台開","110/07/15","華南永昌",0,25,-25
"11261","2841台開","110/07/15","豐農",20,0,20
"11262","2841台開","110/07/15","日盛-台南",0,20,-20
"11263","2841台開","110/07/15","華南永昌-新莊",19,0,19
"11264","2841台開","110/07/15","致和-佳里",0,20,-20
"11265","2841台開","110/07/15","玉山-大里",12,0,12
"11266","2841台開","110/07/15","國票-中港",0,20,-20
"11267","2841台開","110/07/15","元富-安南",10,0,10
"11268","2841台開","110/07/15","元大-歸仁",0,20,-20
"11269","2841台開","110/07/15","凱基-市政",10,0,10
"11270","2841台開","110/07/15","統一-三多",0,19,-19
"11271","2841台開","110/07/15","凱基-竹科",10,0,10
"11272","2841台開","110/07/15","凱基-城中",0,18,-18
"11273","2841台開","110/07/15","國泰-板橋",10,1,9
"11274","2841台開","110/07/15","國票-中和",0,15,-15
"11275","2841台開","110/07/15","凱基-台北",9,0,9
"11276","2841台開","110/07/15","元大-彰化",0,15,-15
"11277","2841台開","110/07/15","合庫證券",6,0,6
"11278","2841台開","110/07/15","元大-復北",0,15,-15
"11279","2841台開","110/07/15","台中銀",6,0,6
"11280","2841台開","110/07/15","土銀-花蓮",0,14,-14
"11281","6207雷科","110/07/15","凱基-板橋",210,45,165
"11282","6207雷科","110/07/15","群益金鼎-台北",20,80,-60
"11283","6207雷科","110/07/15","富邦證券",150,0,150
"11284","6207雷科","110/07/15","元大-大天母",1,56,-55
"11285","6207雷科","110/07/15","凱基-復興",140,0,140
"11286","6207雷科","110/07/15","大慶-中壢",2,50,-48
"11287","6207雷科","110/07/15","華南永昌-中正",140,0,140
"11288","6207雷科","110/07/15","元富-林園",0,47,-47
"11289","6207雷科","110/07/15","永豐金-內湖",92,10,82
"11290","6207雷科","110/07/15","元大-東門",0,40,-40
"11291","6207雷科","110/07/15","富邦-彰化",81,11,70
"11292","6207雷科","110/07/15","第一金-安和",0,37,-37
"11293","6207雷科","110/07/15","(牛牛牛)亞-網路",67,0,67
"11294","6207雷科","110/07/15","凱基-台北",61,97,-36
"11295","6207雷科","110/07/15","台新證券",60,8,52
"11296","6207雷科","110/07/15","國票-南科",0,32,-32
"11297","6207雷科","110/07/15","華南永昌",50,3,47
"11298","6207雷科","110/07/15","元大-四維",0,32,-32
"11299","6207雷科","110/07/15","新加坡商瑞銀",68,26,42
"11300","6207雷科","110/07/15","元大-板橋",0,30,-30
"11301","6207雷科","110/07/15","日盛-景美",40,0,40
"11302","6207雷科","110/07/15","元大-南崁",1,30,-29
"11303","6207雷科","110/07/15","元富-大昌",40,0,40
"11304","6207雷科","110/07/15","凱基-岡山",0,27,-27
"11305","6207雷科","110/07/15","統一-高雄",38,5,33
"11306","6207雷科","110/07/15","統一-新竹",0,26,-26
"11307","6207雷科","110/07/15","日盛證券",32,0,32
"11308","6207雷科","110/07/15","群益金鼎-三民",1,27,-26
"11309","6207雷科","110/07/15","華南永昌-頭份",31,0,31
"11310","6207雷科","110/07/15","國票-台中",0,25,-25
"11311","3679新至陞","110/07/15","群益金鼎-大安",25,0,25
"11312","3679新至陞","110/07/15","元大-成功",0,10,-10
"11313","3679新至陞","110/07/15","元大-彰化",13,0,13
"11314","3679新至陞","110/07/15","群益金鼎-東大",0,8,-8
"11315","3679新至陞","110/07/15","國票-桃園",10,0,10
"11316","3679新至陞","110/07/15","凱基-台北",4,12,-8
"11317","3679新至陞","110/07/15","群益金鼎-台南",10,0,10
"11318","3679新至陞","110/07/15","第一金-華江",0,5,-5
"11319","3679新至陞","110/07/15","華南永昌-台中",10,0,10
"11320","3679新至陞","110/07/15","兆豐-來福",0,5,-5
"11321","3679新至陞","110/07/15","港商野村",9,0,9
"11322","3679新至陞","110/07/15","元大-北三重",0,5,-5
"11323","3679新至陞","110/07/15","元大-永春",6,0,6
"11324","3679新至陞","110/07/15","瑞士信貸",0,4,-4
"11325","3679新至陞","110/07/15","(牛牛牛)亞-網路",5,0,5
"11326","3679新至陞","110/07/15","新加坡商瑞銀",0,4,-4
"11327","3679新至陞","110/07/15","凱基-高雄",5,0,5
"11328","3679新至陞","110/07/15","元大-汐止",0,4,-4
"11329","3679新至陞","110/07/15","美商高盛",6,2,4
"11330","3679新至陞","110/07/15","台中銀-員林",0,3,-3
"11331","3679新至陞","110/07/15","台新證券",3,1,2
"11332","3679新至陞","110/07/15","兆豐-忠孝",0,3,-3
"11333","3679新至陞","110/07/15","群益金鼎-大興",2,0,2
"11334","3679新至陞","110/07/15","玉山-新莊",0,3,-3
"11335","3679新至陞","110/07/15","元大-六合",2,0,2
"11336","3679新至陞","110/07/15","永豐金-屏東",0,3,-3
"11337","3679新至陞","110/07/15","彰銀",1,0,1
"11338","3679新至陞","110/07/15","永豐金-敦南",0,3,-3
"11339","3679新至陞","110/07/15","美林",2,1,1
"11340","3679新至陞","110/07/15","永豐金-萬盛",0,3,-3
"11341","2727王品","110/07/15","兆豐-南京",101,0,101
"11342","2727王品","110/07/15","富邦-左營",0,102,-102
"11343","2727王品","110/07/15","港商野村",166,73,93
"11344","2727王品","110/07/15","日盛-忠孝",2,32,-30
"11345","2727王品","110/07/15","瑞士信貸",97,8,89
"11346","2727王品","110/07/15","群益金鼎-古亭",2,24,-22
"11347","2727王品","110/07/15","玉山證券",56,12,44
"11348","2727王品","110/07/15","日盛-八德",0,21,-21
"11349","2727王品","110/07/15","第一金-高雄",43,1,42
"11350","2727王品","110/07/15","元大-新盛",2,23,-21
"11351","2727王品","110/07/15","台新證券",74,45,29
"11352","2727王品","110/07/15","摩根大通",53,72,-19
"11353","2727王品","110/07/15","康和-澎湖",27,0,27
"11354","2727王品","110/07/15","富邦-彰化",8,26,-18
"11355","2727王品","110/07/15","富邦-陽明",31,4,27
"11356","2727王品","110/07/15","富邦-台中",7,24,-17
"11357","2727王品","110/07/15","國票-北高雄",27,1,26
"11358","2727王品","110/07/15","新加坡商瑞銀",13,29,-16
"11359","2727王品","110/07/15","國泰-板橋",38,12,26
"11360","2727王品","110/07/15","國泰-敦南",35,50,-15
"11361","2727王品","110/07/15","凱基-興隆",23,0,23
"11362","2727王品","110/07/15","元大-龍潭",0,14,-14
"11363","2727王品","110/07/15","凱基-板橋",29,7,22
"11364","2727王品","110/07/15","中國信託-文心",8,21,-13
"11365","2727王品","110/07/15","合庫-彰化",21,0,21
"11366","2727王品","110/07/15","永豐金-竹科",2,15,-13
"11367","2727王品","110/07/15","土銀-南港",20,0,20
"11368","2727王品","110/07/15","臺銀-臺南",2,14,-12
"11369","2727王品","110/07/15","美林",37,18,19
"11370","2727王品","110/07/15","凱基-台北",56,68,-12
"11371","1570力肯","110/07/15","群益金鼎-高雄",40,0,40
"11372","1570力肯","110/07/15","元大-高雄",0,12,-12
"11373","1570力肯","110/07/15","新光",40,8,32
"11374","1570力肯","110/07/15","永豐金-中正",0,10,-10
"11375","1570力肯","110/07/15","凱基-台北",20,2,18
"11376","1570力肯","110/07/15","國泰-松江",0,9,-9
"11377","1570力肯","110/07/15","凱基-天母",6,0,6
"11378","1570力肯","110/07/15","台新證券",0,8,-8
"11379","1570力肯","110/07/15","元富-新店",5,0,5
"11380","1570力肯","110/07/15","玉山證券",0,7,-7
"11381","1570力肯","110/07/15","凱基-中港",5,0,5
"11382","1570力肯","110/07/15","元大-府城",0,7,-7
"11383","1570力肯","110/07/15","富邦-園區",5,0,5
"11384","1570力肯","110/07/15","元大-板橋",0,6,-6
"11385","1570力肯","110/07/15","瑞士信貸",4,0,4
"11386","1570力肯","110/07/15","日盛-信義",0,5,-5
"11387","1570力肯","110/07/15","第一金-路竹",3,0,3
"11388","1570力肯","110/07/15","國票-和平",0,5,-5
"11389","1570力肯","110/07/15","摩根大通",3,0,3
"11390","1570力肯","110/07/15","元大-民雄",0,5,-5
"11391","1570力肯","110/07/15","凱基-桃園",3,0,3
"11392","1570力肯","110/07/15","統一-台中",0,4,-4
"11393","1570力肯","110/07/15","永豐金-苓雅",3,0,3
"11394","1570力肯","110/07/15","玉山-雙和",0,4,-4
"11395","1570力肯","110/07/15","統一-員林",2,0,2
"11396","1570力肯","110/07/15","凱基-敦北",0,4,-4
"11397","1570力肯","110/07/15","元大-永春",2,0,2
"11398","1570力肯","110/07/15","富邦-新店",0,4,-4
"11399","1570力肯","110/07/15","元大-土城永寧",2,0,2
"11400","1570力肯","110/07/15","日盛-板橋",0,3,-3
"11401","6180橘子","110/07/15","兆豐證券",130,0,130
"11402","6180橘子","110/07/15","港商野村",21,137,-116
"11403","6180橘子","110/07/15","摩根大通",111,0,111
"11404","6180橘子","110/07/15","高橋",0,40,-40
"11405","6180橘子","110/07/15","石橋證券",80,0,80
"11406","6180橘子","110/07/15","臺銀",1,40,-39
"11407","6180橘子","110/07/15","凱基-台北",78,26,52
"11408","6180橘子","110/07/15","玉山-桃園",0,35,-35
"11409","6180橘子","110/07/15","新加坡商瑞銀",38,1,37
"11410","6180橘子","110/07/15","玉山-台南",2,33,-31
"11411","6180橘子","110/07/15","富邦-員林",32,0,32
"11412","6180橘子","110/07/15","統一-南京",0,30,-30
"11413","6180橘子","110/07/15","日盛-文化",23,0,23
"11414","6180橘子","110/07/15","康和-台南",0,25,-25
"11415","6180橘子","110/07/15","元富-新店",20,0,20
"11416","6180橘子","110/07/15","大昌-樹林",0,22,-22
"11417","6180橘子","110/07/15","美林",15,0,15
"11418","6180橘子","110/07/15","康和-新竹",0,20,-20
"11419","6180橘子","110/07/15","新光-新竹",17,2,15
"11420","6180橘子","110/07/15","群益金鼎-台中",0,20,-20
"11421","6180橘子","110/07/15","富邦-嘉義",12,0,12
"11422","6180橘子","110/07/15","元大-彰化民生",0,18,-18
"11423","6180橘子","110/07/15","花旗環球",11,0,11
"11424","6180橘子","110/07/15","元大-草屯",0,16,-16
"11425","6180橘子","110/07/15","第一金-新興",11,0,11
"11426","6180橘子","110/07/15","元富-潮州",0,13,-13
"11427","6180橘子","110/07/15","第一金-桃園",10,0,10
"11428","6180橘子","110/07/15","宏遠-台南",0,11,-11
"11429","6180橘子","110/07/15","永興",10,0,10
"11430","6180橘子","110/07/15","大慶-泰山",0,10,-10
"11431","2390云辰","110/07/15","凱基",5007,0,5007
"11432","2390云辰","110/07/15","凱基-台北",382,616,-234
"11433","2390云辰","110/07/15","元大證券",1006,25,981
"11434","2390云辰","110/07/15","富邦-陽明",69,265,-196
"11435","2390云辰","110/07/15","元大-天母",456,20,436
"11436","2390云辰","110/07/15","永豐金-桃園",63,255,-192
"11437","2390云辰","110/07/15","港商野村",975,675,300
"11438","2390云辰","110/07/15","富邦-仁愛",17,187,-170
"11439","2390云辰","110/07/15","摩根大通",1318,1040,278
"11440","2390云辰","110/07/15","日盛-和美",2,165,-163
"11441","2390云辰","110/07/15","國票-博愛",184,7,177
"11442","2390云辰","110/07/15","國泰-敦南",142,290,-148
"11443","2390云辰","110/07/15","群益金鼎-大甲",113,13,100
"11444","2390云辰","110/07/15","台灣摩根士丹利",51,197,-146
"11445","2390云辰","110/07/15","凱基-大直",89,2,87
"11446","2390云辰","110/07/15","國票-嘉義",4,148,-144
"11447","2390云辰","110/07/15","玉山-台中",77,8,69
"11448","2390云辰","110/07/15","台中銀",8,139,-131
"11449","2390云辰","110/07/15","聯邦商銀",70,4,66
"11450","2390云辰","110/07/15","元大-彰化民生",7,138,-131
"11451","2390云辰","110/07/15","元大-大里",88,25,63
"11452","2390云辰","110/07/15","元富-成功",2,111,-109
"11453","2390云辰","110/07/15","富邦-嘉義",542,480,62
"11454","2390云辰","110/07/15","元大-東泰",3,106,-103
"11455","2390云辰","110/07/15","新加坡商瑞銀",158,97,61
"11456","2390云辰","110/07/15","合庫-三重",1,102,-101
"11457","2390云辰","110/07/15","華南永昌-台中",86,35,51
"11458","2390云辰","110/07/15","元富-大裕",4,87,-83
"11459","2390云辰","110/07/15","群益金鼎",51,6,45
"11460","2390云辰","110/07/15","凱基-和平",17,96,-79
"11461","2363矽統","110/07/14","台灣摩根士丹利",463,0,463
"11462","2363矽統","110/07/14","新加坡商瑞銀",568,1321,-753
"11463","2363矽統","110/07/14","台新證券",750,342,408
"11464","2363矽統","110/07/14","瑞士信貸",149,864,-715
"11465","2363矽統","110/07/14","玉山-台中",363,51,312
"11466","2363矽統","110/07/14","台新-屏東",115,380,-265
"11467","2363矽統","110/07/14","元大-斗六",223,25,198
"11468","2363矽統","110/07/14","永豐金證券",16,265,-249
"11469","2363矽統","110/07/14","華南永昌-朴子",208,38,170
"11470","2363矽統","110/07/14","美林",462,701,-239
"11471","2363矽統","110/07/14","元富-西松",169,12,157
"11472","2363矽統","110/07/14","宏遠-桃園",269,500,-231
"11473","2363矽統","110/07/14","永豐金-大園",146,6,140
"11474","2363矽統","110/07/14","凱基-竹北",36,254,-218
"11475","2363矽統","110/07/14","土銀-和平",134,0,134
"11476","2363矽統","110/07/14","港商法國興業",0,214,-214
"11477","2363矽統","110/07/14","富邦-新營",130,13,117
"11478","2363矽統","110/07/14","港商野村",835,1044,-209
"11479","2363矽統","110/07/14","元富-成功",118,11,107
"11480","2363矽統","110/07/14","北城證券",212,411,-199
"11481","2363矽統","110/07/14","元富-烏日",121,18,103
"11482","2363矽統","110/07/14","(牛牛牛)亞-鑫豐",51,241,-190
"11483","2363矽統","110/07/14","日盛-二林",120,18,102
"11484","2363矽統","110/07/14","國票-博愛",24,213,-189
"11485","2363矽統","110/07/14","兆豐-忠孝",98,2,96
"11486","2363矽統","110/07/14","大慶-蘆洲",134,316,-182
"11487","2363矽統","110/07/14","大慶-楊梅",92,3,89
"11488","2363矽統","110/07/14","彰銀-台中",15,193,-178
"11489","2363矽統","110/07/14","元富-三重",120,33,87
"11490","2363矽統","110/07/14","日盛-和美",18,185,-167
"11491","8112至上","110/07/14","新加坡商瑞銀",223,17,206
"11492","8112至上","110/07/14","瑞士信貸",8,170,-162
"11493","8112至上","110/07/14","摩根大通",285,129,156
"11494","8112至上","110/07/14","美林",55,202,-147
"11495","8112至上","110/07/14","花旗環球",124,0,124
"11496","8112至上","110/07/14","凱基-台北",325,436,-111
"11497","8112至上","110/07/14","兆豐-公益",117,4,113
"11498","8112至上","110/07/14","台中銀-台北",0,98,-98
"11499","8112至上","110/07/14","香港上海匯豐",111,0,111
"11500","8112至上","110/07/14","玉山-台大",17,107,-90
"11501","8112至上","110/07/14","永豐金-內湖",117,21,96
"11502","8112至上","110/07/14","康和-內湖",1,90,-89
"11503","8112至上","110/07/14","台灣摩根士丹利",108,16,92
"11504","8112至上","110/07/14","港商野村",21,84,-63
"11505","8112至上","110/07/14","元大-東蘆",77,0,77
"11506","8112至上","110/07/14","兆豐-北高雄",1,60,-59
"11507","8112至上","110/07/14","新光",108,48,60
"11508","8112至上","110/07/14","群益金鼎-海山",1,52,-51
"11509","8112至上","110/07/14","大慶-蘆洲",59,0,59
"11510","8112至上","110/07/14","群益金鼎-大安",0,50,-50
"11511","8112至上","110/07/14","華南永昌-台中",56,3,53
"11512","8112至上","110/07/14","富邦-仁愛",2,49,-47
"11513","8112至上","110/07/14","土銀-嘉義",52,2,50
"11514","8112至上","110/07/14","元大-金華",0,42,-42
"11515","8112至上","110/07/14","美商高盛",40,0,40
"11516","8112至上","110/07/14","元大-內湖",4,43,-39
"11517","8112至上","110/07/14","臺銀",63,29,34
"11518","8112至上","110/07/14","第一金-華江",2,37,-35
"11519","8112至上","110/07/14","元富-嘉義",31,0,31
"11520","8112至上","110/07/14","永豐金-苓雅",2,34,-32
"11521","1570力肯","110/07/14","國票-北高雄",68,0,68
"11522","1570力肯","110/07/14","摩根大通",0,21,-21
"11523","1570力肯","110/07/14","日盛-八德",30,1,29
"11524","1570力肯","110/07/14","新光",1,19,-18
"11525","1570力肯","110/07/14","玉山-高雄",7,0,7
"11526","1570力肯","110/07/14","(牛牛牛)亞-鑫豐",0,17,-17
"11527","1570力肯","110/07/14","臺銀-臺南",5,0,5
"11528","1570力肯","110/07/14","日盛-士林",0,10,-10
"11529","1570力肯","110/07/14","凱基-三峽",5,0,5
"11530","1570力肯","110/07/14","統一-員林",0,10,-10
"11531","1570力肯","110/07/14","元大-和平",5,0,5
"11532","1570力肯","110/07/14","國票-新莊",0,10,-10
"11533","1570力肯","110/07/14","合庫-三重",4,0,4
"11534","1570力肯","110/07/14","凱基-高美館",0,10,-10
"11535","1570力肯","110/07/14","瑞士信貸",4,0,4
"11536","1570力肯","110/07/14","元大-屏東民生",0,5,-5
"11537","1570力肯","110/07/14","統一-三多",4,0,4
"11538","1570力肯","110/07/14","元大-古亭",0,5,-5
"11539","1570力肯","110/07/14","華南永昌-古亭",4,0,4
"11540","1570力肯","110/07/14","日盛-木柵",0,4,-4
"11541","1570力肯","110/07/14","元大-高雄",3,0,3
"11542","1570力肯","110/07/14","大昌",0,4,-4
"11543","1570力肯","110/07/14","兆豐-忠孝",2,0,2
"11544","1570力肯","110/07/14","群益金鼎-東大",0,4,-4
"11545","1570力肯","110/07/14","富邦-陽明",2,0,2
"11546","1570力肯","110/07/14","凱基-台北",0,4,-4
"11547","1570力肯","110/07/14","元大-松山",2,0,2
"11548","1570力肯","110/07/14","元大-板橋",0,4,-4
"11549","1570力肯","110/07/14","元大-忠孝",2,0,2
"11550","1570力肯","110/07/14","第一金-中山",0,3,-3
"11551","2929淘帝","110/07/14","華南永昌-林口",60,0,60
"11552","2929淘帝","110/07/14","群益金鼎",25,540,-515
"11553","2929淘帝","110/07/14","美林",87,31,56
"11554","2929淘帝","110/07/14","國泰-台南",1,30,-29
"11555","2929淘帝","110/07/14","元富-台南",40,0,40
"11556","2929淘帝","110/07/14","宏遠-桃園",0,20,-20
"11557","2929淘帝","110/07/14","元大-民生",39,0,39
"11558","2929淘帝","110/07/14","摩根大通",11,31,-20
"11559","2929淘帝","110/07/14","臺銀-鳳山",34,0,34
"11560","2929淘帝","110/07/14","台新-建北",5,20,-15
"11561","2929淘帝","110/07/14","合庫-高雄",34,1,33
"11562","2929淘帝","110/07/14","新光",1,16,-15
"11563","2929淘帝","110/07/14","華南永昌-鶯歌",28,0,28
"11564","2929淘帝","110/07/14","玉山-板橋",0,15,-15
"11565","2929淘帝","110/07/14","永興",25,0,25
"11566","2929淘帝","110/07/14","凱基-羅東",0,15,-15
"11567","2929淘帝","110/07/14","元大-新盛",25,1,24
"11568","2929淘帝","110/07/14","元大-頭份",0,15,-15
"11569","2929淘帝","110/07/14","日盛-南京",23,0,23
"11570","2929淘帝","110/07/14","第一金-台南",0,13,-13
"11571","2929淘帝","110/07/14","日茂",20,0,20
"11572","2929淘帝","110/07/14","富邦-基隆",0,12,-12
"11573","2929淘帝","110/07/14","台新-台中",20,0,20
"11574","2929淘帝","110/07/14","日茂-南投",1,12,-11
"11575","2929淘帝","110/07/14","華南永昌",20,0,20
"11576","2929淘帝","110/07/14","元大-豐原站前",0,11,-11
"11577","2929淘帝","110/07/14","福勝",15,0,15
"11578","2929淘帝","110/07/14","玉山-士林",0,10,-10
"11579","2929淘帝","110/07/14","富邦-南屯",15,0,15
"11580","2929淘帝","110/07/14","富邦-台北",0,10,-10
"11581","5410國眾","110/07/14","兆豐-城中",35,0,35
"11582","5410國眾","110/07/14","瑞士信貸",0,29,-29
"11583","5410國眾","110/07/14","新光",21,1,20
"11584","5410國眾","110/07/14","國泰-板橋",1,30,-29
"11585","5410國眾","110/07/14","國泰-敦南",21,1,20
"11586","5410國眾","110/07/14","日盛-高雄",0,20,-20
"11587","5410國眾","110/07/14","國泰-台中",20,1,19
"11588","5410國眾","110/07/14","台新-左楠",1,20,-19
"11589","5410國眾","110/07/14","元大-崇德",19,0,19
"11590","5410國眾","110/07/14","元富-大昌",1,18,-17
"11591","5410國眾","110/07/14","土銀-士林",18,0,18
"11592","5410國眾","110/07/14","富邦-建國",0,15,-15
"11593","5410國眾","110/07/14","元大-新盛",20,2,18
"11594","5410國眾","110/07/14","元富-嘉義",0,12,-12
"11595","5410國眾","110/07/14","兆豐-高雄",15,0,15
"11596","5410國眾","110/07/14","永全-南崁",0,12,-12
"11597","5410國眾","110/07/14","宏遠-中和",10,0,10
"11598","5410國眾","110/07/14","元大-員林",0,11,-11
"11599","5410國眾","110/07/14","新光-桃園",10,0,10
"11600","5410國眾","110/07/14","高橋",0,10,-10
"11601","5410國眾","110/07/14","國泰-台南",10,0,10
"11602","5410國眾","110/07/14","永興",0,10,-10
"11603","5410國眾","110/07/14","元大-復北",10,0,10
"11604","5410國眾","110/07/14","華南永昌-三重",0,10,-10
"11605","5410國眾","110/07/14","元大-竹科",8,0,8
"11606","5410國眾","110/07/14","元大-苑裡",0,7,-7
"11607","5410國眾","110/07/14","台新-新營",6,0,6
"11608","5410國眾","110/07/14","港商野村",0,6,-6
"11609","5410國眾","110/07/14","日盛-士林",5,0,5
"11610","5410國眾","110/07/14","摩根大通",5,11,-6
"11611","2841台開","110/07/14","凱基-文心",73,0,73
"11612","2841台開","110/07/14","國泰-敦南",0,50,-50
"11613","2841台開","110/07/14","元富-潮州",30,0,30
"11614","2841台開","110/07/14","凱基-中壢",0,40,-40
"11615","2841台開","110/07/14","第一金-台中",20,0,20
"11616","2841台開","110/07/14","統一-新竹",0,24,-24
"11617","2841台開","110/07/14","華南永昌-新莊",20,0,20
"11618","2841台開","110/07/14","元富-草屯",0,20,-20
"11619","2841台開","110/07/14","永豐金-豐原",20,0,20
"11620","2841台開","110/07/14","台新-台南",0,20,-20
"11621","2841台開","110/07/14","國泰-館前",15,0,15
"11622","2841台開","110/07/14","永豐金-敦南",45,63,-18
"11623","2841台開","110/07/14","群益金鼎-基隆",12,0,12
"11624","2841台開","110/07/14","國票-北高雄",0,13,-13
"11625","2841台開","110/07/14","日盛-信義",10,0,10
"11626","2841台開","110/07/14","凱基-松山",0,10,-10
"11627","2841台開","110/07/14","台新-台中",10,0,10
"11628","2841台開","110/07/14","元大證券",0,10,-10
"11629","2841台開","110/07/14","新光",10,1,9
"11630","2841台開","110/07/14","元大-中壢",0,10,-10
"11631","2841台開","110/07/14","凱基-新店",8,0,8
"11632","2841台開","110/07/14","富邦-陽明",1,10,-9
"11633","2841台開","110/07/14","元大-斗信",7,0,7
"11634","2841台開","110/07/14","富邦-建國",0,9,-9
"11635","2841台開","110/07/14","元大-三重",6,0,6
"11636","2841台開","110/07/14","富邦-台南",0,8,-8
"11637","2841台開","110/07/14","永豐金-中和",6,0,6
"11638","2841台開","110/07/14","康和-澎湖",0,7,-7
"11639","2841台開","110/07/14","元富-成功",5,0,5
"11640","2841台開","110/07/14","日盛-斗六",0,6,-6
"11641","6207雷科","110/07/14","群益金鼎-台北",60,0,60
"11642","6207雷科","110/07/14","新加坡商瑞銀",10,56,-46
"11643","6207雷科","110/07/14","台新-高雄",43,3,40
"11644","6207雷科","110/07/14","國票-中和",0,41,-41
"11645","6207雷科","110/07/14","元大-高雄",19,0,19
"11646","6207雷科","110/07/14","元大-復北",0,33,-33
"11647","6207雷科","110/07/14","福勝",15,0,15
"11648","6207雷科","110/07/14","光和-和美",0,20,-20
"11649","6207雷科","110/07/14","群益金鼎-中山",15,0,15
"11650","6207雷科","110/07/14","群益金鼎-丹鳳",0,20,-20
"11651","6207雷科","110/07/14","元大-林園",15,0,15
"11652","6207雷科","110/07/14","第一金-路竹",0,10,-10
"11653","6207雷科","110/07/14","新光",12,0,12
"11654","6207雷科","110/07/14","元大-歸仁",0,10,-10
"11655","6207雷科","110/07/14","元大-大天母",10,0,10
"11656","6207雷科","110/07/14","宏遠-館前",0,9,-9
"11657","6207雷科","110/07/14","永豐金-忠孝",9,0,9
"11658","6207雷科","110/07/14","凱基-台北",12,20,-8
"11659","6207雷科","110/07/14","永豐金-新店",7,0,7
"11660","6207雷科","110/07/14","美林",0,7,-7
"11661","6207雷科","110/07/14","玉山-嘉義",6,0,6
"11662","6207雷科","110/07/14","摩根大通",16,23,-7
"11663","6207雷科","110/07/14","元大-屏東",6,0,6
"11664","6207雷科","110/07/14","凱基-高雄",1,7,-6
"11665","6207雷科","110/07/14","凱基-大安",5,0,5
"11666","6207雷科","110/07/14","台中銀-豐原",0,5,-5
"11667","6207雷科","110/07/14","富邦-台南",5,0,5
"11668","6207雷科","110/07/14","元大-新竹經國",0,5,-5
"11669","6207雷科","110/07/14","元大-成功",5,0,5
"11670","6207雷科","110/07/14","光和-田中",0,4,-4
"11671","3679新至陞","110/07/14","凱基-台北",31,6,25
"11672","3679新至陞","110/07/14","群益金鼎-東大",0,15,-15
"11673","3679新至陞","110/07/14","華南永昌-新莊",10,0,10
"11674","3679新至陞","110/07/14","瑞士信貸",0,12,-12
"11675","3679新至陞","110/07/14","新加坡商瑞銀",11,3,8
"11676","3679新至陞","110/07/14","群益金鼎-永和",0,10,-10
"11677","3679新至陞","110/07/14","美商高盛",6,0,6
"11678","3679新至陞","110/07/14","元大-成功",5,15,-10
"11679","3679新至陞","110/07/14","第一金-中壢",6,0,6
"11680","3679新至陞","110/07/14","統一-板橋",1,10,-9
"11681","3679新至陞","110/07/14","(牛牛牛)亞-網路",4,0,4
"11682","3679新至陞","110/07/14","玉山-左營",0,5,-5
"11683","3679新至陞","110/07/14","元大-六合",3,0,3
"11684","3679新至陞","110/07/14","群益金鼎-三民",0,4,-4
"11685","3679新至陞","110/07/14","合庫-自強",2,0,2
"11686","3679新至陞","110/07/14","富邦-宜蘭",0,4,-4
"11687","3679新至陞","110/07/14","高橋-內壢",2,0,2
"11688","3679新至陞","110/07/14","永豐金-苓雅",0,3,-3
"11689","3679新至陞","110/07/14","台中銀-員林",2,0,2
"11690","3679新至陞","110/07/14","摩根大通",5,7,-2
"11691","3679新至陞","110/07/14","凱基-高美館",2,0,2
"11692","3679新至陞","110/07/14","元大-板橋三民",0,2,-2
"11693","3679新至陞","110/07/14","元大-福營",2,0,2
"11694","3679新至陞","110/07/14","宏遠-中和",0,1,-1
"11695","3679新至陞","110/07/14","永豐金-松山",2,0,2
"11696","3679新至陞","110/07/14","元富-佳里",0,1,-1
"11697","3679新至陞","110/07/14","永豐金-萬盛",2,0,2
"11698","3679新至陞","110/07/14","(牛牛牛)亞-鑫豐",0,1,-1
"11699","3679新至陞","110/07/14","元富-松德",1,0,1
"11700","3679新至陞","110/07/14","中國信託-中壢",0,1,-1
"11701","2727王品","110/07/14","富邦-左營",102,1,101
"11702","2727王品","110/07/14","統一-城中",100,234,-134
"11703","2727王品","110/07/14","國泰-板橋",105,11,94
"11704","2727王品","110/07/14","富邦-台北",1,125,-124
"11705","2727王品","110/07/14","港商野村",149,72,77
"11706","2727王品","110/07/14","台灣摩根士丹利",1,48,-47
"11707","2727王品","110/07/14","合庫-台中",66,2,64
"11708","2727王品","110/07/14","國票-新莊",0,40,-40
"11709","2727王品","110/07/14","臺銀-金山",63,8,55
"11710","2727王品","110/07/14","永豐金-忠孝",2,39,-37
"11711","2727王品","110/07/14","摩根大通",83,39,44
"11712","2727王品","110/07/14","富邦-彰化",1,34,-33
"11713","2727王品","110/07/14","凱基-台北",84,42,42
"11714","2727王品","110/07/14","康和-高雄",0,30,-30
"11715","2727王品","110/07/14","土銀-台中",35,1,34
"11716","2727王品","110/07/14","安泰",0,26,-26
"11717","2727王品","110/07/14","華南永昌-麻豆",32,1,31
"11718","2727王品","110/07/14","富邦-新竹華信",0,21,-21
"11719","2727王品","110/07/14","元大證券",85,55,30
"11720","2727王品","110/07/14","元大-南崁",1,22,-21
"11721","2727王品","110/07/14","新加坡商瑞銀",40,15,25
"11722","2727王品","110/07/14","彰銀-台中",0,18,-18
"11723","2727王品","110/07/14","日盛-八德",19,0,19
"11724","2727王品","110/07/14","元富-同大",2,20,-18
"11725","2727王品","110/07/14","統一",35,17,18
"11726","2727王品","110/07/14","玉山-嘉義",1,17,-16
"11727","2727王品","110/07/14","元富-大昌",18,1,17
"11728","2727王品","110/07/14","國泰-館前",4,20,-16
"11729","2727王品","110/07/14","玉山-板橋",15,1,14
"11730","2727王品","110/07/14","第一金-嘉義",1,13,-12
"11731","1570力肯","110/07/14","國票-北高雄",68,0,68
"11732","1570力肯","110/07/14","摩根大通",0,21,-21
"11733","1570力肯","110/07/14","日盛-八德",30,1,29
"11734","1570力肯","110/07/14","新光",1,19,-18
"11735","1570力肯","110/07/14","玉山-高雄",7,0,7
"11736","1570力肯","110/07/14","(牛牛牛)亞-鑫豐",0,17,-17
"11737","1570力肯","110/07/14","臺銀-臺南",5,0,5
"11738","1570力肯","110/07/14","日盛-士林",0,10,-10
"11739","1570力肯","110/07/14","凱基-三峽",5,0,5
"11740","1570力肯","110/07/14","統一-員林",0,10,-10
"11741","1570力肯","110/07/14","元大-和平",5,0,5
"11742","1570力肯","110/07/14","國票-新莊",0,10,-10
"11743","1570力肯","110/07/14","合庫-三重",4,0,4
"11744","1570力肯","110/07/14","凱基-高美館",0,10,-10
"11745","1570力肯","110/07/14","瑞士信貸",4,0,4
"11746","1570力肯","110/07/14","元大-屏東民生",0,5,-5
"11747","1570力肯","110/07/14","統一-三多",4,0,4
"11748","1570力肯","110/07/14","元大-古亭",0,5,-5
"11749","1570力肯","110/07/14","華南永昌-古亭",4,0,4
"11750","1570力肯","110/07/14","日盛-木柵",0,4,-4
"11751","1570力肯","110/07/14","元大-高雄",3,0,3
"11752","1570力肯","110/07/14","大昌",0,4,-4
"11753","1570力肯","110/07/14","兆豐-忠孝",2,0,2
"11754","1570力肯","110/07/14","群益金鼎-東大",0,4,-4
"11755","1570力肯","110/07/14","富邦-陽明",2,0,2
"11756","1570力肯","110/07/14","凱基-台北",0,4,-4
"11757","1570力肯","110/07/14","元大-松山",2,0,2
"11758","1570力肯","110/07/14","元大-板橋",0,4,-4
"11759","1570力肯","110/07/14","元大-忠孝",2,0,2
"11760","1570力肯","110/07/14","第一金-中山",0,3,-3
"11761","6180橘子","110/07/14","新加坡商瑞銀",84,28,56
"11762","6180橘子","110/07/14","凱基-台北",4,37,-33
"11763","6180橘子","110/07/14","日盛-信義",29,1,28
"11764","6180橘子","110/07/14","玉山-台南",1,22,-21
"11765","6180橘子","110/07/14","豐農",28,4,24
"11766","6180橘子","110/07/14","日盛-新竹",1,21,-20
"11767","6180橘子","110/07/14","新光-新竹",24,1,23
"11768","6180橘子","110/07/14","元富-潮州",0,19,-19
"11769","6180橘子","110/07/14","華南永昌-高雄",20,0,20
"11770","6180橘子","110/07/14","元大-信義",0,17,-17
"11771","6180橘子","110/07/14","元大-羅東",20,0,20
"11772","6180橘子","110/07/14","台灣企銀-台中",1,16,-15
"11773","6180橘子","110/07/14","元大-台中中港",20,0,20
"11774","6180橘子","110/07/14","元大-北港",0,15,-15
"11775","6180橘子","110/07/14","富邦-嘉義",24,5,19
"11776","6180橘子","110/07/14","富邦-高雄",0,14,-14
"11777","6180橘子","110/07/14","富邦-仁愛",15,0,15
"11778","6180橘子","110/07/14","兆豐-埔墘",0,13,-13
"11779","6180橘子","110/07/14","國票-九鼎",13,0,13
"11780","6180橘子","110/07/14","第一金-中山",0,10,-10
"11781","6180橘子","110/07/14","日盛-木柵",12,0,12
"11782","6180橘子","110/07/14","元大-彰化民生",0,10,-10
"11783","6180橘子","110/07/14","元大-成功",10,0,10
"11784","6180橘子","110/07/14","福勝",1,10,-9
"11785","6180橘子","110/07/14","港商野村",10,2,8
"11786","6180橘子","110/07/14","群益金鼎-丹鳳",1,10,-9
"11787","6180橘子","110/07/14","玉山-左營",8,0,8
"11788","6180橘子","110/07/14","群益金鼎-板橋",0,8,-8
"11789","6180橘子","110/07/14","富邦-陽明",16,8,8
"11790","6180橘子","110/07/14","合庫-鳳山",0,7,-7
"11791","2390云辰","110/07/14","摩根大通",995,198,797
"11792","2390云辰","110/07/14","新加坡商瑞銀",28,399,-371
"11793","2390云辰","110/07/14","美林",383,22,361
"11794","2390云辰","110/07/14","凱基-新豐",3,198,-195
"11795","2390云辰","110/07/14","台灣摩根士丹利",684,358,326
"11796","2390云辰","110/07/14","元大-士林",1,152,-151
"11797","2390云辰","110/07/14","凱基-台北",656,402,254
"11798","2390云辰","110/07/14","元大-竹山",80,181,-101
"11799","2390云辰","110/07/14","日盛-和美",110,5,105
"11800","2390云辰","110/07/14","群益金鼎-開元",19,95,-76
"11801","2390云辰","110/07/14","元大-天母",72,0,72
"11802","2390云辰","110/07/14","新光",77,150,-73
"11803","2390云辰","110/07/14","永豐金-松山",57,0,57
"11804","2390云辰","110/07/14","元富-高雄",0,71,-71
"11805","2390云辰","110/07/14","統一-屏東",53,0,53
"11806","2390云辰","110/07/14","元大-土城學府",130,201,-71
"11807","2390云辰","110/07/14","港商野村",486,450,36
"11808","2390云辰","110/07/14","元大-善化",12,76,-64
"11809","2390云辰","110/07/14","致和-崇德",30,0,30
"11810","2390云辰","110/07/14","華南永昌-岡山",23,81,-58
"11811","2390云辰","110/07/14","富邦-台北",40,14,26
"11812","2390云辰","110/07/14","群益金鼎-大興",82,125,-43
"11813","2390云辰","110/07/14","台新-高雄",38,13,25
"11814","2390云辰","110/07/14","大慶-中壢",0,41,-41
"11815","2390云辰","110/07/14","富邦-板橋",32,7,25
"11816","2390云辰","110/07/14","玉山-板橋",6,47,-41
"11817","2390云辰","110/07/14","陽信-石牌",24,0,24
"11818","2390云辰","110/07/14","富邦-台東",2,42,-40
"11819","2390云辰","110/07/14","凱基-屏東",32,8,24
"11820","2390云辰","110/07/14","元大-新營",3,42,-39
"11821","2363矽統","110/07/14","台灣摩根士丹利",463,0,463
"11822","2363矽統","110/07/14","新加坡商瑞銀",568,1321,-753
"11823","2363矽統","110/07/14","台新證券",750,342,408
"11824","2363矽統","110/07/14","瑞士信貸",149,864,-715
"11825","2363矽統","110/07/14","玉山-台中",363,51,312
"11826","2363矽統","110/07/14","台新-屏東",115,380,-265
"11827","2363矽統","110/07/14","元大-斗六",223,25,198
"11828","2363矽統","110/07/14","永豐金證券",16,265,-249
"11829","2363矽統","110/07/14","華南永昌-朴子",208,38,170
"11830","2363矽統","110/07/14","美林",462,701,-239
"11831","2363矽統","110/07/14","元富-西松",169,12,157
"11832","2363矽統","110/07/14","宏遠-桃園",269,500,-231
"11833","2363矽統","110/07/14","永豐金-大園",146,6,140
"11834","2363矽統","110/07/14","凱基-竹北",36,254,-218
"11835","2363矽統","110/07/14","土銀-和平",134,0,134
"11836","2363矽統","110/07/14","港商法國興業",0,214,-214
"11837","2363矽統","110/07/14","富邦-新營",130,13,117
"11838","2363矽統","110/07/14","港商野村",835,1044,-209
"11839","2363矽統","110/07/14","元富-成功",118,11,107
"11840","2363矽統","110/07/14","北城證券",212,411,-199
"11841","2363矽統","110/07/14","元富-烏日",121,18,103
"11842","2363矽統","110/07/14","(牛牛牛)亞-鑫豐",51,241,-190
"11843","2363矽統","110/07/14","日盛-二林",120,18,102
"11844","2363矽統","110/07/14","國票-博愛",24,213,-189
"11845","2363矽統","110/07/14","兆豐-忠孝",98,2,96
"11846","2363矽統","110/07/14","大慶-蘆洲",134,316,-182
"11847","2363矽統","110/07/14","大慶-楊梅",92,3,89
"11848","2363矽統","110/07/14","彰銀-台中",15,193,-178
"11849","2363矽統","110/07/14","元富-三重",120,33,87
"11850","2363矽統","110/07/14","日盛-和美",18,185,-167
"11851","8112至上","110/07/14","新加坡商瑞銀",223,17,206
"11852","8112至上","110/07/14","瑞士信貸",8,170,-162
"11853","8112至上","110/07/14","摩根大通",285,129,156
"11854","8112至上","110/07/14","美林",55,202,-147
"11855","8112至上","110/07/14","花旗環球",124,0,124
"11856","8112至上","110/07/14","凱基-台北",325,436,-111
"11857","8112至上","110/07/14","兆豐-公益",117,4,113
"11858","8112至上","110/07/14","台中銀-台北",0,98,-98
"11859","8112至上","110/07/14","香港上海匯豐",111,0,111
"11860","8112至上","110/07/14","玉山-台大",17,107,-90
"11861","8112至上","110/07/14","永豐金-內湖",117,21,96
"11862","8112至上","110/07/14","康和-內湖",1,90,-89
"11863","8112至上","110/07/14","台灣摩根士丹利",108,16,92
"11864","8112至上","110/07/14","港商野村",21,84,-63
"11865","8112至上","110/07/14","元大-東蘆",77,0,77
"11866","8112至上","110/07/14","兆豐-北高雄",1,60,-59
"11867","8112至上","110/07/14","新光",108,48,60
"11868","8112至上","110/07/14","群益金鼎-海山",1,52,-51
"11869","8112至上","110/07/14","大慶-蘆洲",59,0,59
"11870","8112至上","110/07/14","群益金鼎-大安",0,50,-50
"11871","8112至上","110/07/14","華南永昌-台中",56,3,53
"11872","8112至上","110/07/14","富邦-仁愛",2,49,-47
"11873","8112至上","110/07/14","土銀-嘉義",52,2,50
"11874","8112至上","110/07/14","元大-金華",0,42,-42
"11875","8112至上","110/07/14","美商高盛",40,0,40
"11876","8112至上","110/07/14","元大-內湖",4,43,-39
"11877","8112至上","110/07/14","臺銀",63,29,34
"11878","8112至上","110/07/14","第一金-華江",2,37,-35
"11879","8112至上","110/07/14","元富-嘉義",31,0,31
"11880","8112至上","110/07/14","永豐金-苓雅",2,34,-32
"11881","1570力肯","110/07/14","國票-北高雄",68,0,68
"11882","1570力肯","110/07/14","摩根大通",0,21,-21
"11883","1570力肯","110/07/14","日盛-八德",30,1,29
"11884","1570力肯","110/07/14","新光",1,19,-18
"11885","1570力肯","110/07/14","玉山-高雄",7,0,7
"11886","1570力肯","110/07/14","(牛牛牛)亞-鑫豐",0,17,-17
"11887","1570力肯","110/07/14","臺銀-臺南",5,0,5
"11888","1570力肯","110/07/14","日盛-士林",0,10,-10
"11889","1570力肯","110/07/14","凱基-三峽",5,0,5
"11890","1570力肯","110/07/14","統一-員林",0,10,-10
"11891","1570力肯","110/07/14","元大-和平",5,0,5
"11892","1570力肯","110/07/14","國票-新莊",0,10,-10
"11893","1570力肯","110/07/14","合庫-三重",4,0,4
"11894","1570力肯","110/07/14","凱基-高美館",0,10,-10
"11895","1570力肯","110/07/14","瑞士信貸",4,0,4
"11896","1570力肯","110/07/14","元大-屏東民生",0,5,-5
"11897","1570力肯","110/07/14","統一-三多",4,0,4
"11898","1570力肯","110/07/14","元大-古亭",0,5,-5
"11899","1570力肯","110/07/14","華南永昌-古亭",4,0,4
"11900","1570力肯","110/07/14","日盛-木柵",0,4,-4
"11901","1570力肯","110/07/14","元大-高雄",3,0,3
"11902","1570力肯","110/07/14","大昌",0,4,-4
"11903","1570力肯","110/07/14","兆豐-忠孝",2,0,2
"11904","1570力肯","110/07/14","群益金鼎-東大",0,4,-4
"11905","1570力肯","110/07/14","富邦-陽明",2,0,2
"11906","1570力肯","110/07/14","凱基-台北",0,4,-4
"11907","1570力肯","110/07/14","元大-松山",2,0,2
"11908","1570力肯","110/07/14","元大-板橋",0,4,-4
"11909","1570力肯","110/07/14","元大-忠孝",2,0,2
"11910","1570力肯","110/07/14","第一金-中山",0,3,-3
"11911","2929淘帝","110/07/14","華南永昌-林口",60,0,60
"11912","2929淘帝","110/07/14","群益金鼎",25,540,-515
"11913","2929淘帝","110/07/14","美林",87,31,56
"11914","2929淘帝","110/07/14","國泰-台南",1,30,-29
"11915","2929淘帝","110/07/14","元富-台南",40,0,40
"11916","2929淘帝","110/07/14","宏遠-桃園",0,20,-20
"11917","2929淘帝","110/07/14","元大-民生",39,0,39
"11918","2929淘帝","110/07/14","摩根大通",11,31,-20
"11919","2929淘帝","110/07/14","臺銀-鳳山",34,0,34
"11920","2929淘帝","110/07/14","台新-建北",5,20,-15
"11921","2929淘帝","110/07/14","合庫-高雄",34,1,33
"11922","2929淘帝","110/07/14","新光",1,16,-15
"11923","2929淘帝","110/07/14","華南永昌-鶯歌",28,0,28
"11924","2929淘帝","110/07/14","玉山-板橋",0,15,-15
"11925","2929淘帝","110/07/14","永興",25,0,25
"11926","2929淘帝","110/07/14","凱基-羅東",0,15,-15
"11927","2929淘帝","110/07/14","元大-新盛",25,1,24
"11928","2929淘帝","110/07/14","元大-頭份",0,15,-15
"11929","2929淘帝","110/07/14","日盛-南京",23,0,23
"11930","2929淘帝","110/07/14","第一金-台南",0,13,-13
"11931","2929淘帝","110/07/14","日茂",20,0,20
"11932","2929淘帝","110/07/14","富邦-基隆",0,12,-12
"11933","2929淘帝","110/07/14","台新-台中",20,0,20
"11934","2929淘帝","110/07/14","日茂-南投",1,12,-11
"11935","2929淘帝","110/07/14","華南永昌",20,0,20
"11936","2929淘帝","110/07/14","元大-豐原站前",0,11,-11
"11937","2929淘帝","110/07/14","福勝",15,0,15
"11938","2929淘帝","110/07/14","玉山-士林",0,10,-10
"11939","2929淘帝","110/07/14","富邦-南屯",15,0,15
"11940","2929淘帝","110/07/14","富邦-台北",0,10,-10
"11941","5410國眾","110/07/14","兆豐-城中",35,0,35
"11942","5410國眾","110/07/14","瑞士信貸",0,29,-29
"11943","5410國眾","110/07/14","新光",21,1,20
"11944","5410國眾","110/07/14","國泰-板橋",1,30,-29
"11945","5410國眾","110/07/14","國泰-敦南",21,1,20
"11946","5410國眾","110/07/14","日盛-高雄",0,20,-20
"11947","5410國眾","110/07/14","國泰-台中",20,1,19
"11948","5410國眾","110/07/14","台新-左楠",1,20,-19
"11949","5410國眾","110/07/14","元大-崇德",19,0,19
"11950","5410國眾","110/07/14","元富-大昌",1,18,-17
"11951","5410國眾","110/07/14","土銀-士林",18,0,18
"11952","5410國眾","110/07/14","富邦-建國",0,15,-15
"11953","5410國眾","110/07/14","元大-新盛",20,2,18
"11954","5410國眾","110/07/14","元富-嘉義",0,12,-12
"11955","5410國眾","110/07/14","兆豐-高雄",15,0,15
"11956","5410國眾","110/07/14","永全-南崁",0,12,-12
"11957","5410國眾","110/07/14","宏遠-中和",10,0,10
"11958","5410國眾","110/07/14","元大-員林",0,11,-11
"11959","5410國眾","110/07/14","新光-桃園",10,0,10
"11960","5410國眾","110/07/14","高橋",0,10,-10
"11961","5410國眾","110/07/14","國泰-台南",10,0,10
"11962","5410國眾","110/07/14","永興",0,10,-10
"11963","5410國眾","110/07/14","元大-復北",10,0,10
"11964","5410國眾","110/07/14","華南永昌-三重",0,10,-10
"11965","5410國眾","110/07/14","元大-竹科",8,0,8
"11966","5410國眾","110/07/14","元大-苑裡",0,7,-7
"11967","5410國眾","110/07/14","台新-新營",6,0,6
"11968","5410國眾","110/07/14","港商野村",0,6,-6
"11969","5410國眾","110/07/14","日盛-士林",5,0,5
"11970","5410國眾","110/07/14","摩根大通",5,11,-6
"11971","2841台開","110/07/14","凱基-文心",73,0,73
"11972","2841台開","110/07/14","國泰-敦南",0,50,-50
"11973","2841台開","110/07/14","元富-潮州",30,0,30
"11974","2841台開","110/07/14","凱基-中壢",0,40,-40
"11975","2841台開","110/07/14","第一金-台中",20,0,20
"11976","2841台開","110/07/14","統一-新竹",0,24,-24
"11977","2841台開","110/07/14","華南永昌-新莊",20,0,20
"11978","2841台開","110/07/14","元富-草屯",0,20,-20
"11979","2841台開","110/07/14","永豐金-豐原",20,0,20
"11980","2841台開","110/07/14","台新-台南",0,20,-20
"11981","2841台開","110/07/14","國泰-館前",15,0,15
"11982","2841台開","110/07/14","永豐金-敦南",45,63,-18
"11983","2841台開","110/07/14","群益金鼎-基隆",12,0,12
"11984","2841台開","110/07/14","國票-北高雄",0,13,-13
"11985","2841台開","110/07/14","日盛-信義",10,0,10
"11986","2841台開","110/07/14","凱基-松山",0,10,-10
"11987","2841台開","110/07/14","台新-台中",10,0,10
"11988","2841台開","110/07/14","元大證券",0,10,-10
"11989","2841台開","110/07/14","新光",10,1,9
"11990","2841台開","110/07/14","元大-中壢",0,10,-10
"11991","2841台開","110/07/14","凱基-新店",8,0,8
"11992","2841台開","110/07/14","富邦-陽明",1,10,-9
"11993","2841台開","110/07/14","元大-斗信",7,0,7
"11994","2841台開","110/07/14","富邦-建國",0,9,-9
"11995","2841台開","110/07/14","元大-三重",6,0,6
"11996","2841台開","110/07/14","富邦-台南",0,8,-8
"11997","2841台開","110/07/14","永豐金-中和",6,0,6
"11998","2841台開","110/07/14","康和-澎湖",0,7,-7
"11999","2841台開","110/07/14","元富-成功",5,0,5
"12000","2841台開","110/07/14","日盛-斗六",0,6,-6
"12001","6207雷科","110/07/14","群益金鼎-台北",60,0,60
"12002","6207雷科","110/07/14","新加坡商瑞銀",10,56,-46
"12003","6207雷科","110/07/14","台新-高雄",43,3,40
"12004","6207雷科","110/07/14","國票-中和",0,41,-41
"12005","6207雷科","110/07/14","元大-高雄",19,0,19
"12006","6207雷科","110/07/14","元大-復北",0,33,-33
"12007","6207雷科","110/07/14","福勝",15,0,15
"12008","6207雷科","110/07/14","光和-和美",0,20,-20
"12009","6207雷科","110/07/14","群益金鼎-中山",15,0,15
"12010","6207雷科","110/07/14","群益金鼎-丹鳳",0,20,-20
"12011","6207雷科","110/07/14","元大-林園",15,0,15
"12012","6207雷科","110/07/14","第一金-路竹",0,10,-10
"12013","6207雷科","110/07/14","新光",12,0,12
"12014","6207雷科","110/07/14","元大-歸仁",0,10,-10
"12015","6207雷科","110/07/14","元大-大天母",10,0,10
"12016","6207雷科","110/07/14","宏遠-館前",0,9,-9
"12017","6207雷科","110/07/14","永豐金-忠孝",9,0,9
"12018","6207雷科","110/07/14","凱基-台北",12,20,-8
"12019","6207雷科","110/07/14","永豐金-新店",7,0,7
"12020","6207雷科","110/07/14","美林",0,7,-7
"12021","6207雷科","110/07/14","玉山-嘉義",6,0,6
"12022","6207雷科","110/07/14","摩根大通",16,23,-7
"12023","6207雷科","110/07/14","元大-屏東",6,0,6
"12024","6207雷科","110/07/14","凱基-高雄",1,7,-6
"12025","6207雷科","110/07/14","凱基-大安",5,0,5
"12026","6207雷科","110/07/14","台中銀-豐原",0,5,-5
"12027","6207雷科","110/07/14","富邦-台南",5,0,5
"12028","6207雷科","110/07/14","元大-新竹經國",0,5,-5
"12029","6207雷科","110/07/14","元大-成功",5,0,5
"12030","6207雷科","110/07/14","光和-田中",0,4,-4
"12031","3679新至陞","110/07/14","凱基-台北",31,6,25
"12032","3679新至陞","110/07/14","群益金鼎-東大",0,15,-15
"12033","3679新至陞","110/07/14","華南永昌-新莊",10,0,10
"12034","3679新至陞","110/07/14","瑞士信貸",0,12,-12
"12035","3679新至陞","110/07/14","新加坡商瑞銀",11,3,8
"12036","3679新至陞","110/07/14","群益金鼎-永和",0,10,-10
"12037","3679新至陞","110/07/14","美商高盛",6,0,6
"12038","3679新至陞","110/07/14","元大-成功",5,15,-10
"12039","3679新至陞","110/07/14","第一金-中壢",6,0,6
"12040","3679新至陞","110/07/14","統一-板橋",1,10,-9
"12041","3679新至陞","110/07/14","(牛牛牛)亞-網路",4,0,4
"12042","3679新至陞","110/07/14","玉山-左營",0,5,-5
"12043","3679新至陞","110/07/14","元大-六合",3,0,3
"12044","3679新至陞","110/07/14","群益金鼎-三民",0,4,-4
"12045","3679新至陞","110/07/14","合庫-自強",2,0,2
"12046","3679新至陞","110/07/14","富邦-宜蘭",0,4,-4
"12047","3679新至陞","110/07/14","高橋-內壢",2,0,2
"12048","3679新至陞","110/07/14","永豐金-苓雅",0,3,-3
"12049","3679新至陞","110/07/14","台中銀-員林",2,0,2
"12050","3679新至陞","110/07/14","摩根大通",5,7,-2
"12051","3679新至陞","110/07/14","凱基-高美館",2,0,2
"12052","3679新至陞","110/07/14","元大-板橋三民",0,2,-2
"12053","3679新至陞","110/07/14","元大-福營",2,0,2
"12054","3679新至陞","110/07/14","宏遠-中和",0,1,-1
"12055","3679新至陞","110/07/14","永豐金-松山",2,0,2
"12056","3679新至陞","110/07/14","元富-佳里",0,1,-1
"12057","3679新至陞","110/07/14","永豐金-萬盛",2,0,2
"12058","3679新至陞","110/07/14","(牛牛牛)亞-鑫豐",0,1,-1
"12059","3679新至陞","110/07/14","元富-松德",1,0,1
"12060","3679新至陞","110/07/14","中國信託-中壢",0,1,-1
"12061","2727王品","110/07/14","富邦-左營",102,1,101
"12062","2727王品","110/07/14","統一-城中",100,234,-134
"12063","2727王品","110/07/14","國泰-板橋",105,11,94
"12064","2727王品","110/07/14","富邦-台北",1,125,-124
"12065","2727王品","110/07/14","港商野村",149,72,77
"12066","2727王品","110/07/14","台灣摩根士丹利",1,48,-47
"12067","2727王品","110/07/14","合庫-台中",66,2,64
"12068","2727王品","110/07/14","國票-新莊",0,40,-40
"12069","2727王品","110/07/14","臺銀-金山",63,8,55
"12070","2727王品","110/07/14","永豐金-忠孝",2,39,-37
"12071","2727王品","110/07/14","摩根大通",83,39,44
"12072","2727王品","110/07/14","富邦-彰化",1,34,-33
"12073","2727王品","110/07/14","凱基-台北",84,42,42
"12074","2727王品","110/07/14","康和-高雄",0,30,-30
"12075","2727王品","110/07/14","土銀-台中",35,1,34
"12076","2727王品","110/07/14","安泰",0,26,-26
"12077","2727王品","110/07/14","華南永昌-麻豆",32,1,31
"12078","2727王品","110/07/14","富邦-新竹華信",0,21,-21
"12079","2727王品","110/07/14","元大證券",85,55,30
"12080","2727王品","110/07/14","元大-南崁",1,22,-21
"12081","2727王品","110/07/14","新加坡商瑞銀",40,15,25
"12082","2727王品","110/07/14","彰銀-台中",0,18,-18
"12083","2727王品","110/07/14","日盛-八德",19,0,19
"12084","2727王品","110/07/14","元富-同大",2,20,-18
"12085","2727王品","110/07/14","統一",35,17,18
"12086","2727王品","110/07/14","玉山-嘉義",1,17,-16
"12087","2727王品","110/07/14","元富-大昌",18,1,17
"12088","2727王品","110/07/14","國泰-館前",4,20,-16
"12089","2727王品","110/07/14","玉山-板橋",15,1,14
"12090","2727王品","110/07/14","第一金-嘉義",1,13,-12
"12091","1570力肯","110/07/14","國票-北高雄",68,0,68
"12092","1570力肯","110/07/14","摩根大通",0,21,-21
"12093","1570力肯","110/07/14","日盛-八德",30,1,29
"12094","1570力肯","110/07/14","新光",1,19,-18
"12095","1570力肯","110/07/14","玉山-高雄",7,0,7
"12096","1570力肯","110/07/14","(牛牛牛)亞-鑫豐",0,17,-17
"12097","1570力肯","110/07/14","臺銀-臺南",5,0,5
"12098","1570力肯","110/07/14","日盛-士林",0,10,-10
"12099","1570力肯","110/07/14","凱基-三峽",5,0,5
"12100","1570力肯","110/07/14","統一-員林",0,10,-10
"12101","1570力肯","110/07/14","元大-和平",5,0,5
"12102","1570力肯","110/07/14","國票-新莊",0,10,-10
"12103","1570力肯","110/07/14","合庫-三重",4,0,4
"12104","1570力肯","110/07/14","凱基-高美館",0,10,-10
"12105","1570力肯","110/07/14","瑞士信貸",4,0,4
"12106","1570力肯","110/07/14","元大-屏東民生",0,5,-5
"12107","1570力肯","110/07/14","統一-三多",4,0,4
"12108","1570力肯","110/07/14","元大-古亭",0,5,-5
"12109","1570力肯","110/07/14","華南永昌-古亭",4,0,4
"12110","1570力肯","110/07/14","日盛-木柵",0,4,-4
"12111","1570力肯","110/07/14","元大-高雄",3,0,3
"12112","1570力肯","110/07/14","大昌",0,4,-4
"12113","1570力肯","110/07/14","兆豐-忠孝",2,0,2
"12114","1570力肯","110/07/14","群益金鼎-東大",0,4,-4
"12115","1570力肯","110/07/14","富邦-陽明",2,0,2
"12116","1570力肯","110/07/14","凱基-台北",0,4,-4
"12117","1570力肯","110/07/14","元大-松山",2,0,2
"12118","1570力肯","110/07/14","元大-板橋",0,4,-4
"12119","1570力肯","110/07/14","元大-忠孝",2,0,2
"12120","1570力肯","110/07/14","第一金-中山",0,3,-3
"12121","6180橘子","110/07/14","新加坡商瑞銀",84,28,56
"12122","6180橘子","110/07/14","凱基-台北",4,37,-33
"12123","6180橘子","110/07/14","日盛-信義",29,1,28
"12124","6180橘子","110/07/14","玉山-台南",1,22,-21
"12125","6180橘子","110/07/14","豐農",28,4,24
"12126","6180橘子","110/07/14","日盛-新竹",1,21,-20
"12127","6180橘子","110/07/14","新光-新竹",24,1,23
"12128","6180橘子","110/07/14","元富-潮州",0,19,-19
"12129","6180橘子","110/07/14","華南永昌-高雄",20,0,20
"12130","6180橘子","110/07/14","元大-信義",0,17,-17
"12131","6180橘子","110/07/14","元大-羅東",20,0,20
"12132","6180橘子","110/07/14","台灣企銀-台中",1,16,-15
"12133","6180橘子","110/07/14","元大-台中中港",20,0,20
"12134","6180橘子","110/07/14","元大-北港",0,15,-15
"12135","6180橘子","110/07/14","富邦-嘉義",24,5,19
"12136","6180橘子","110/07/14","富邦-高雄",0,14,-14
"12137","6180橘子","110/07/14","富邦-仁愛",15,0,15
"12138","6180橘子","110/07/14","兆豐-埔墘",0,13,-13
"12139","6180橘子","110/07/14","國票-九鼎",13,0,13
"12140","6180橘子","110/07/14","第一金-中山",0,10,-10
"12141","6180橘子","110/07/14","日盛-木柵",12,0,12
"12142","6180橘子","110/07/14","元大-彰化民生",0,10,-10
"12143","6180橘子","110/07/14","元大-成功",10,0,10
"12144","6180橘子","110/07/14","福勝",1,10,-9
"12145","6180橘子","110/07/14","港商野村",10,2,8
"12146","6180橘子","110/07/14","群益金鼎-丹鳳",1,10,-9
"12147","6180橘子","110/07/14","玉山-左營",8,0,8
"12148","6180橘子","110/07/14","群益金鼎-板橋",0,8,-8
"12149","6180橘子","110/07/14","富邦-陽明",16,8,8
"12150","6180橘子","110/07/14","合庫-鳳山",0,7,-7
"12151","2390云辰","110/07/14","摩根大通",995,198,797
"12152","2390云辰","110/07/14","新加坡商瑞銀",28,399,-371
"12153","2390云辰","110/07/14","美林",383,22,361
"12154","2390云辰","110/07/14","凱基-新豐",3,198,-195
"12155","2390云辰","110/07/14","台灣摩根士丹利",684,358,326
"12156","2390云辰","110/07/14","元大-士林",1,152,-151
"12157","2390云辰","110/07/14","凱基-台北",656,402,254
"12158","2390云辰","110/07/14","元大-竹山",80,181,-101
"12159","2390云辰","110/07/14","日盛-和美",110,5,105
"12160","2390云辰","110/07/14","群益金鼎-開元",19,95,-76
"12161","2390云辰","110/07/14","元大-天母",72,0,72
"12162","2390云辰","110/07/14","新光",77,150,-73
"12163","2390云辰","110/07/14","永豐金-松山",57,0,57
"12164","2390云辰","110/07/14","元富-高雄",0,71,-71
"12165","2390云辰","110/07/14","統一-屏東",53,0,53
"12166","2390云辰","110/07/14","元大-土城學府",130,201,-71
"12167","2390云辰","110/07/14","港商野村",486,450,36
"12168","2390云辰","110/07/14","元大-善化",12,76,-64
"12169","2390云辰","110/07/14","致和-崇德",30,0,30
"12170","2390云辰","110/07/14","華南永昌-岡山",23,81,-58
"12171","2390云辰","110/07/14","富邦-台北",40,14,26
"12172","2390云辰","110/07/14","群益金鼎-大興",82,125,-43
"12173","2390云辰","110/07/14","台新-高雄",38,13,25
"12174","2390云辰","110/07/14","大慶-中壢",0,41,-41
"12175","2390云辰","110/07/14","富邦-板橋",32,7,25
"12176","2390云辰","110/07/14","玉山-板橋",6,47,-41
"12177","2390云辰","110/07/14","陽信-石牌",24,0,24
"12178","2390云辰","110/07/14","富邦-台東",2,42,-40
"12179","2390云辰","110/07/14","凱基-屏東",32,8,24
"12180","2390云辰","110/07/14","元大-新營",3,42,-39
"12181","2363矽統","110/07/14","台灣摩根士丹利",463,0,463
"12182","2363矽統","110/07/14","新加坡商瑞銀",568,1321,-753
"12183","2363矽統","110/07/14","台新證券",750,342,408
"12184","2363矽統","110/07/14","瑞士信貸",149,864,-715
"12185","2363矽統","110/07/14","玉山-台中",363,51,312
"12186","2363矽統","110/07/14","台新-屏東",115,380,-265
"12187","2363矽統","110/07/14","元大-斗六",223,25,198
"12188","2363矽統","110/07/14","永豐金證券",16,265,-249
"12189","2363矽統","110/07/14","華南永昌-朴子",208,38,170
"12190","2363矽統","110/07/14","美林",462,701,-239
"12191","2363矽統","110/07/14","元富-西松",169,12,157
"12192","2363矽統","110/07/14","宏遠-桃園",269,500,-231
"12193","2363矽統","110/07/14","永豐金-大園",146,6,140
"12194","2363矽統","110/07/14","凱基-竹北",36,254,-218
"12195","2363矽統","110/07/14","土銀-和平",134,0,134
"12196","2363矽統","110/07/14","港商法國興業",0,214,-214
"12197","2363矽統","110/07/14","富邦-新營",130,13,117
"12198","2363矽統","110/07/14","港商野村",835,1044,-209
"12199","2363矽統","110/07/14","元富-成功",118,11,107
"12200","2363矽統","110/07/14","北城證券",212,411,-199
"12201","2363矽統","110/07/14","元富-烏日",121,18,103
"12202","2363矽統","110/07/14","(牛牛牛)亞-鑫豐",51,241,-190
"12203","2363矽統","110/07/14","日盛-二林",120,18,102
"12204","2363矽統","110/07/14","國票-博愛",24,213,-189
"12205","2363矽統","110/07/14","兆豐-忠孝",98,2,96
"12206","2363矽統","110/07/14","大慶-蘆洲",134,316,-182
"12207","2363矽統","110/07/14","大慶-楊梅",92,3,89
"12208","2363矽統","110/07/14","彰銀-台中",15,193,-178
"12209","2363矽統","110/07/14","元富-三重",120,33,87
"12210","2363矽統","110/07/14","日盛-和美",18,185,-167
"12211","8112至上","110/07/14","新加坡商瑞銀",223,17,206
"12212","8112至上","110/07/14","瑞士信貸",8,170,-162
"12213","8112至上","110/07/14","摩根大通",285,129,156
"12214","8112至上","110/07/14","美林",55,202,-147
"12215","8112至上","110/07/14","花旗環球",124,0,124
"12216","8112至上","110/07/14","凱基-台北",325,436,-111
"12217","8112至上","110/07/14","兆豐-公益",117,4,113
"12218","8112至上","110/07/14","台中銀-台北",0,98,-98
"12219","8112至上","110/07/14","香港上海匯豐",111,0,111
"12220","8112至上","110/07/14","玉山-台大",17,107,-90
"12221","8112至上","110/07/14","永豐金-內湖",117,21,96
"12222","8112至上","110/07/14","康和-內湖",1,90,-89
"12223","8112至上","110/07/14","台灣摩根士丹利",108,16,92
"12224","8112至上","110/07/14","港商野村",21,84,-63
"12225","8112至上","110/07/14","元大-東蘆",77,0,77
"12226","8112至上","110/07/14","兆豐-北高雄",1,60,-59
"12227","8112至上","110/07/14","新光",108,48,60
"12228","8112至上","110/07/14","群益金鼎-海山",1,52,-51
"12229","8112至上","110/07/14","大慶-蘆洲",59,0,59
"12230","8112至上","110/07/14","群益金鼎-大安",0,50,-50
"12231","8112至上","110/07/14","華南永昌-台中",56,3,53
"12232","8112至上","110/07/14","富邦-仁愛",2,49,-47
"12233","8112至上","110/07/14","土銀-嘉義",52,2,50
"12234","8112至上","110/07/14","元大-金華",0,42,-42
"12235","8112至上","110/07/14","美商高盛",40,0,40
"12236","8112至上","110/07/14","元大-內湖",4,43,-39
"12237","8112至上","110/07/14","臺銀",63,29,34
"12238","8112至上","110/07/14","第一金-華江",2,37,-35
"12239","8112至上","110/07/14","元富-嘉義",31,0,31
"12240","8112至上","110/07/14","永豐金-苓雅",2,34,-32
"12241","1570力肯","110/07/14","國票-北高雄",68,0,68
"12242","1570力肯","110/07/14","摩根大通",0,21,-21
"12243","1570力肯","110/07/14","日盛-八德",30,1,29
"12244","1570力肯","110/07/14","新光",1,19,-18
"12245","1570力肯","110/07/14","玉山-高雄",7,0,7
"12246","1570力肯","110/07/14","(牛牛牛)亞-鑫豐",0,17,-17
"12247","1570力肯","110/07/14","臺銀-臺南",5,0,5
"12248","1570力肯","110/07/14","日盛-士林",0,10,-10
"12249","1570力肯","110/07/14","凱基-三峽",5,0,5
"12250","1570力肯","110/07/14","統一-員林",0,10,-10
"12251","1570力肯","110/07/14","元大-和平",5,0,5
"12252","1570力肯","110/07/14","國票-新莊",0,10,-10
"12253","1570力肯","110/07/14","合庫-三重",4,0,4
"12254","1570力肯","110/07/14","凱基-高美館",0,10,-10
"12255","1570力肯","110/07/14","瑞士信貸",4,0,4
"12256","1570力肯","110/07/14","元大-屏東民生",0,5,-5
"12257","1570力肯","110/07/14","統一-三多",4,0,4
"12258","1570力肯","110/07/14","元大-古亭",0,5,-5
"12259","1570力肯","110/07/14","華南永昌-古亭",4,0,4
"12260","1570力肯","110/07/14","日盛-木柵",0,4,-4
"12261","1570力肯","110/07/14","元大-高雄",3,0,3
"12262","1570力肯","110/07/14","大昌",0,4,-4
"12263","1570力肯","110/07/14","兆豐-忠孝",2,0,2
"12264","1570力肯","110/07/14","群益金鼎-東大",0,4,-4
"12265","1570力肯","110/07/14","富邦-陽明",2,0,2
"12266","1570力肯","110/07/14","凱基-台北",0,4,-4
"12267","1570力肯","110/07/14","元大-松山",2,0,2
"12268","1570力肯","110/07/14","元大-板橋",0,4,-4
"12269","1570力肯","110/07/14","元大-忠孝",2,0,2
"12270","1570力肯","110/07/14","第一金-中山",0,3,-3
"12271","2929淘帝","110/07/14","華南永昌-林口",60,0,60
"12272","2929淘帝","110/07/14","群益金鼎",25,540,-515
"12273","2929淘帝","110/07/14","美林",87,31,56
"12274","2929淘帝","110/07/14","國泰-台南",1,30,-29
"12275","2929淘帝","110/07/14","元富-台南",40,0,40
"12276","2929淘帝","110/07/14","宏遠-桃園",0,20,-20
"12277","2929淘帝","110/07/14","元大-民生",39,0,39
"12278","2929淘帝","110/07/14","摩根大通",11,31,-20
"12279","2929淘帝","110/07/14","臺銀-鳳山",34,0,34
"12280","2929淘帝","110/07/14","台新-建北",5,20,-15
"12281","2929淘帝","110/07/14","合庫-高雄",34,1,33
"12282","2929淘帝","110/07/14","新光",1,16,-15
"12283","2929淘帝","110/07/14","華南永昌-鶯歌",28,0,28
"12284","2929淘帝","110/07/14","玉山-板橋",0,15,-15
"12285","2929淘帝","110/07/14","永興",25,0,25
"12286","2929淘帝","110/07/14","凱基-羅東",0,15,-15
"12287","2929淘帝","110/07/14","元大-新盛",25,1,24
"12288","2929淘帝","110/07/14","元大-頭份",0,15,-15
"12289","2929淘帝","110/07/14","日盛-南京",23,0,23
"12290","2929淘帝","110/07/14","第一金-台南",0,13,-13
"12291","2929淘帝","110/07/14","日茂",20,0,20
"12292","2929淘帝","110/07/14","富邦-基隆",0,12,-12
"12293","2929淘帝","110/07/14","台新-台中",20,0,20
"12294","2929淘帝","110/07/14","日茂-南投",1,12,-11
"12295","2929淘帝","110/07/14","華南永昌",20,0,20
"12296","2929淘帝","110/07/14","元大-豐原站前",0,11,-11
"12297","2929淘帝","110/07/14","福勝",15,0,15
"12298","2929淘帝","110/07/14","玉山-士林",0,10,-10
"12299","2929淘帝","110/07/14","富邦-南屯",15,0,15
"12300","2929淘帝","110/07/14","富邦-台北",0,10,-10
"12301","5410國眾","110/07/14","兆豐-城中",35,0,35
"12302","5410國眾","110/07/14","瑞士信貸",0,29,-29
"12303","5410國眾","110/07/14","新光",21,1,20
"12304","5410國眾","110/07/14","國泰-板橋",1,30,-29
"12305","5410國眾","110/07/14","國泰-敦南",21,1,20
"12306","5410國眾","110/07/14","日盛-高雄",0,20,-20
"12307","5410國眾","110/07/14","國泰-台中",20,1,19
"12308","5410國眾","110/07/14","台新-左楠",1,20,-19
"12309","5410國眾","110/07/14","元大-崇德",19,0,19
"12310","5410國眾","110/07/14","元富-大昌",1,18,-17
"12311","5410國眾","110/07/14","土銀-士林",18,0,18
"12312","5410國眾","110/07/14","富邦-建國",0,15,-15
"12313","5410國眾","110/07/14","元大-新盛",20,2,18
"12314","5410國眾","110/07/14","元富-嘉義",0,12,-12
"12315","5410國眾","110/07/14","兆豐-高雄",15,0,15
"12316","5410國眾","110/07/14","永全-南崁",0,12,-12
"12317","5410國眾","110/07/14","宏遠-中和",10,0,10
"12318","5410國眾","110/07/14","元大-員林",0,11,-11
"12319","5410國眾","110/07/14","新光-桃園",10,0,10
"12320","5410國眾","110/07/14","高橋",0,10,-10
"12321","5410國眾","110/07/14","國泰-台南",10,0,10
"12322","5410國眾","110/07/14","永興",0,10,-10
"12323","5410國眾","110/07/14","元大-復北",10,0,10
"12324","5410國眾","110/07/14","華南永昌-三重",0,10,-10
"12325","5410國眾","110/07/14","元大-竹科",8,0,8
"12326","5410國眾","110/07/14","元大-苑裡",0,7,-7
"12327","5410國眾","110/07/14","台新-新營",6,0,6
"12328","5410國眾","110/07/14","港商野村",0,6,-6
"12329","5410國眾","110/07/14","日盛-士林",5,0,5
"12330","5410國眾","110/07/14","摩根大通",5,11,-6
"12331","2841台開","110/07/14","凱基-文心",73,0,73
"12332","2841台開","110/07/14","國泰-敦南",0,50,-50
"12333","2841台開","110/07/14","元富-潮州",30,0,30
"12334","2841台開","110/07/14","凱基-中壢",0,40,-40
"12335","2841台開","110/07/14","第一金-台中",20,0,20
"12336","2841台開","110/07/14","統一-新竹",0,24,-24
"12337","2841台開","110/07/14","華南永昌-新莊",20,0,20
"12338","2841台開","110/07/14","元富-草屯",0,20,-20
"12339","2841台開","110/07/14","永豐金-豐原",20,0,20
"12340","2841台開","110/07/14","台新-台南",0,20,-20
"12341","2841台開","110/07/14","國泰-館前",15,0,15
"12342","2841台開","110/07/14","永豐金-敦南",45,63,-18
"12343","2841台開","110/07/14","群益金鼎-基隆",12,0,12
"12344","2841台開","110/07/14","國票-北高雄",0,13,-13
"12345","2841台開","110/07/14","日盛-信義",10,0,10
"12346","2841台開","110/07/14","凱基-松山",0,10,-10
"12347","2841台開","110/07/14","台新-台中",10,0,10
"12348","2841台開","110/07/14","元大證券",0,10,-10
"12349","2841台開","110/07/14","新光",10,1,9
"12350","2841台開","110/07/14","元大-中壢",0,10,-10
"12351","2841台開","110/07/14","凱基-新店",8,0,8
"12352","2841台開","110/07/14","富邦-陽明",1,10,-9
"12353","2841台開","110/07/14","元大-斗信",7,0,7
"12354","2841台開","110/07/14","富邦-建國",0,9,-9
"12355","2841台開","110/07/14","元大-三重",6,0,6
"12356","2841台開","110/07/14","富邦-台南",0,8,-8
"12357","2841台開","110/07/14","永豐金-中和",6,0,6
"12358","2841台開","110/07/14","康和-澎湖",0,7,-7
"12359","2841台開","110/07/14","元富-成功",5,0,5
"12360","2841台開","110/07/14","日盛-斗六",0,6,-6
"12361","6207雷科","110/07/14","群益金鼎-台北",60,0,60
"12362","6207雷科","110/07/14","新加坡商瑞銀",10,56,-46
"12363","6207雷科","110/07/14","台新-高雄",43,3,40
"12364","6207雷科","110/07/14","國票-中和",0,41,-41
"12365","6207雷科","110/07/14","元大-高雄",19,0,19
"12366","6207雷科","110/07/14","元大-復北",0,33,-33
"12367","6207雷科","110/07/14","福勝",15,0,15
"12368","6207雷科","110/07/14","光和-和美",0,20,-20
"12369","6207雷科","110/07/14","群益金鼎-中山",15,0,15
"12370","6207雷科","110/07/14","群益金鼎-丹鳳",0,20,-20
"12371","6207雷科","110/07/14","元大-林園",15,0,15
"12372","6207雷科","110/07/14","第一金-路竹",0,10,-10
"12373","6207雷科","110/07/14","新光",12,0,12
"12374","6207雷科","110/07/14","元大-歸仁",0,10,-10
"12375","6207雷科","110/07/14","元大-大天母",10,0,10
"12376","6207雷科","110/07/14","宏遠-館前",0,9,-9
"12377","6207雷科","110/07/14","永豐金-忠孝",9,0,9
"12378","6207雷科","110/07/14","凱基-台北",12,20,-8
"12379","6207雷科","110/07/14","永豐金-新店",7,0,7
"12380","6207雷科","110/07/14","美林",0,7,-7
"12381","6207雷科","110/07/14","玉山-嘉義",6,0,6
"12382","6207雷科","110/07/14","摩根大通",16,23,-7
"12383","6207雷科","110/07/14","元大-屏東",6,0,6
"12384","6207雷科","110/07/14","凱基-高雄",1,7,-6
"12385","6207雷科","110/07/14","凱基-大安",5,0,5
"12386","6207雷科","110/07/14","台中銀-豐原",0,5,-5
"12387","6207雷科","110/07/14","富邦-台南",5,0,5
"12388","6207雷科","110/07/14","元大-新竹經國",0,5,-5
"12389","6207雷科","110/07/14","元大-成功",5,0,5
"12390","6207雷科","110/07/14","光和-田中",0,4,-4
"12391","3679新至陞","110/07/14","凱基-台北",31,6,25
"12392","3679新至陞","110/07/14","群益金鼎-東大",0,15,-15
"12393","3679新至陞","110/07/14","華南永昌-新莊",10,0,10
"12394","3679新至陞","110/07/14","瑞士信貸",0,12,-12
"12395","3679新至陞","110/07/14","新加坡商瑞銀",11,3,8
"12396","3679新至陞","110/07/14","群益金鼎-永和",0,10,-10
"12397","3679新至陞","110/07/14","美商高盛",6,0,6
"12398","3679新至陞","110/07/14","元大-成功",5,15,-10
"12399","3679新至陞","110/07/14","第一金-中壢",6,0,6
"12400","3679新至陞","110/07/14","統一-板橋",1,10,-9
"12401","3679新至陞","110/07/14","(牛牛牛)亞-網路",4,0,4
"12402","3679新至陞","110/07/14","玉山-左營",0,5,-5
"12403","3679新至陞","110/07/14","元大-六合",3,0,3
"12404","3679新至陞","110/07/14","群益金鼎-三民",0,4,-4
"12405","3679新至陞","110/07/14","合庫-自強",2,0,2
"12406","3679新至陞","110/07/14","富邦-宜蘭",0,4,-4
"12407","3679新至陞","110/07/14","高橋-內壢",2,0,2
"12408","3679新至陞","110/07/14","永豐金-苓雅",0,3,-3
"12409","3679新至陞","110/07/14","台中銀-員林",2,0,2
"12410","3679新至陞","110/07/14","摩根大通",5,7,-2
"12411","3679新至陞","110/07/14","凱基-高美館",2,0,2
"12412","3679新至陞","110/07/14","元大-板橋三民",0,2,-2
"12413","3679新至陞","110/07/14","元大-福營",2,0,2
"12414","3679新至陞","110/07/14","宏遠-中和",0,1,-1
"12415","3679新至陞","110/07/14","永豐金-松山",2,0,2
"12416","3679新至陞","110/07/14","元富-佳里",0,1,-1
"12417","3679新至陞","110/07/14","永豐金-萬盛",2,0,2
"12418","3679新至陞","110/07/14","(牛牛牛)亞-鑫豐",0,1,-1
"12419","3679新至陞","110/07/14","元富-松德",1,0,1
"12420","3679新至陞","110/07/14","中國信託-中壢",0,1,-1
"12421","2727王品","110/07/14","富邦-左營",102,1,101
"12422","2727王品","110/07/14","統一-城中",100,234,-134
"12423","2727王品","110/07/14","國泰-板橋",105,11,94
"12424","2727王品","110/07/14","富邦-台北",1,125,-124
"12425","2727王品","110/07/14","港商野村",149,72,77
"12426","2727王品","110/07/14","台灣摩根士丹利",1,48,-47
"12427","2727王品","110/07/14","合庫-台中",66,2,64
"12428","2727王品","110/07/14","國票-新莊",0,40,-40
"12429","2727王品","110/07/14","臺銀-金山",63,8,55
"12430","2727王品","110/07/14","永豐金-忠孝",2,39,-37
"12431","2727王品","110/07/14","摩根大通",83,39,44
"12432","2727王品","110/07/14","富邦-彰化",1,34,-33
"12433","2727王品","110/07/14","凱基-台北",84,42,42
"12434","2727王品","110/07/14","康和-高雄",0,30,-30
"12435","2727王品","110/07/14","土銀-台中",35,1,34
"12436","2727王品","110/07/14","安泰",0,26,-26
"12437","2727王品","110/07/14","華南永昌-麻豆",32,1,31
"12438","2727王品","110/07/14","富邦-新竹華信",0,21,-21
"12439","2727王品","110/07/14","元大證券",85,55,30
"12440","2727王品","110/07/14","元大-南崁",1,22,-21
"12441","2727王品","110/07/14","新加坡商瑞銀",40,15,25
"12442","2727王品","110/07/14","彰銀-台中",0,18,-18
"12443","2727王品","110/07/14","日盛-八德",19,0,19
"12444","2727王品","110/07/14","元富-同大",2,20,-18
"12445","2727王品","110/07/14","統一",35,17,18
"12446","2727王品","110/07/14","玉山-嘉義",1,17,-16
"12447","2727王品","110/07/14","元富-大昌",18,1,17
"12448","2727王品","110/07/14","國泰-館前",4,20,-16
"12449","2727王品","110/07/14","玉山-板橋",15,1,14
"12450","2727王品","110/07/14","第一金-嘉義",1,13,-12
"12451","1570力肯","110/07/14","國票-北高雄",68,0,68
"12452","1570力肯","110/07/14","摩根大通",0,21,-21
"12453","1570力肯","110/07/14","日盛-八德",30,1,29
"12454","1570力肯","110/07/14","新光",1,19,-18
"12455","1570力肯","110/07/14","玉山-高雄",7,0,7
"12456","1570力肯","110/07/14","(牛牛牛)亞-鑫豐",0,17,-17
"12457","1570力肯","110/07/14","臺銀-臺南",5,0,5
"12458","1570力肯","110/07/14","日盛-士林",0,10,-10
"12459","1570力肯","110/07/14","凱基-三峽",5,0,5
"12460","1570力肯","110/07/14","統一-員林",0,10,-10
"12461","1570力肯","110/07/14","元大-和平",5,0,5
"12462","1570力肯","110/07/14","國票-新莊",0,10,-10
"12463","1570力肯","110/07/14","合庫-三重",4,0,4
"12464","1570力肯","110/07/14","凱基-高美館",0,10,-10
"12465","1570力肯","110/07/14","瑞士信貸",4,0,4
"12466","1570力肯","110/07/14","元大-屏東民生",0,5,-5
"12467","1570力肯","110/07/14","統一-三多",4,0,4
"12468","1570力肯","110/07/14","元大-古亭",0,5,-5
"12469","1570力肯","110/07/14","華南永昌-古亭",4,0,4
"12470","1570力肯","110/07/14","日盛-木柵",0,4,-4
"12471","1570力肯","110/07/14","元大-高雄",3,0,3
"12472","1570力肯","110/07/14","大昌",0,4,-4
"12473","1570力肯","110/07/14","兆豐-忠孝",2,0,2
"12474","1570力肯","110/07/14","群益金鼎-東大",0,4,-4
"12475","1570力肯","110/07/14","富邦-陽明",2,0,2
"12476","1570力肯","110/07/14","凱基-台北",0,4,-4
"12477","1570力肯","110/07/14","元大-松山",2,0,2
"12478","1570力肯","110/07/14","元大-板橋",0,4,-4
"12479","1570力肯","110/07/14","元大-忠孝",2,0,2
"12480","1570力肯","110/07/14","第一金-中山",0,3,-3
"12481","6180橘子","110/07/14","新加坡商瑞銀",84,28,56
"12482","6180橘子","110/07/14","凱基-台北",4,37,-33
"12483","6180橘子","110/07/14","日盛-信義",29,1,28
"12484","6180橘子","110/07/14","玉山-台南",1,22,-21
"12485","6180橘子","110/07/14","豐農",28,4,24
"12486","6180橘子","110/07/14","日盛-新竹",1,21,-20
"12487","6180橘子","110/07/14","新光-新竹",24,1,23
"12488","6180橘子","110/07/14","元富-潮州",0,19,-19
"12489","6180橘子","110/07/14","華南永昌-高雄",20,0,20
"12490","6180橘子","110/07/14","元大-信義",0,17,-17
"12491","6180橘子","110/07/14","元大-羅東",20,0,20
"12492","6180橘子","110/07/14","台灣企銀-台中",1,16,-15
"12493","6180橘子","110/07/14","元大-台中中港",20,0,20
"12494","6180橘子","110/07/14","元大-北港",0,15,-15
"12495","6180橘子","110/07/14","富邦-嘉義",24,5,19
"12496","6180橘子","110/07/14","富邦-高雄",0,14,-14
"12497","6180橘子","110/07/14","富邦-仁愛",15,0,15
"12498","6180橘子","110/07/14","兆豐-埔墘",0,13,-13
"12499","6180橘子","110/07/14","國票-九鼎",13,0,13
"12500","6180橘子","110/07/14","第一金-中山",0,10,-10
"12501","6180橘子","110/07/14","日盛-木柵",12,0,12
"12502","6180橘子","110/07/14","元大-彰化民生",0,10,-10
"12503","6180橘子","110/07/14","元大-成功",10,0,10
"12504","6180橘子","110/07/14","福勝",1,10,-9
"12505","6180橘子","110/07/14","港商野村",10,2,8
"12506","6180橘子","110/07/14","群益金鼎-丹鳳",1,10,-9
"12507","6180橘子","110/07/14","玉山-左營",8,0,8
"12508","6180橘子","110/07/14","群益金鼎-板橋",0,8,-8
"12509","6180橘子","110/07/14","富邦-陽明",16,8,8
"12510","6180橘子","110/07/14","合庫-鳳山",0,7,-7
"12511","2390云辰","110/07/14","摩根大通",995,198,797
"12512","2390云辰","110/07/14","新加坡商瑞銀",28,399,-371
"12513","2390云辰","110/07/14","美林",383,22,361
"12514","2390云辰","110/07/14","凱基-新豐",3,198,-195
"12515","2390云辰","110/07/14","台灣摩根士丹利",684,358,326
"12516","2390云辰","110/07/14","元大-士林",1,152,-151
"12517","2390云辰","110/07/14","凱基-台北",656,402,254
"12518","2390云辰","110/07/14","元大-竹山",80,181,-101
"12519","2390云辰","110/07/14","日盛-和美",110,5,105
"12520","2390云辰","110/07/14","群益金鼎-開元",19,95,-76
"12521","2390云辰","110/07/14","元大-天母",72,0,72
"12522","2390云辰","110/07/14","新光",77,150,-73
"12523","2390云辰","110/07/14","永豐金-松山",57,0,57
"12524","2390云辰","110/07/14","元富-高雄",0,71,-71
"12525","2390云辰","110/07/14","統一-屏東",53,0,53
"12526","2390云辰","110/07/14","元大-土城學府",130,201,-71
"12527","2390云辰","110/07/14","港商野村",486,450,36
"12528","2390云辰","110/07/14","元大-善化",12,76,-64
"12529","2390云辰","110/07/14","致和-崇德",30,0,30
"12530","2390云辰","110/07/14","華南永昌-岡山",23,81,-58
"12531","2390云辰","110/07/14","富邦-台北",40,14,26
"12532","2390云辰","110/07/14","群益金鼎-大興",82,125,-43
"12533","2390云辰","110/07/14","台新-高雄",38,13,25
"12534","2390云辰","110/07/14","大慶-中壢",0,41,-41
"12535","2390云辰","110/07/14","富邦-板橋",32,7,25
"12536","2390云辰","110/07/14","玉山-板橋",6,47,-41
"12537","2390云辰","110/07/14","陽信-石牌",24,0,24
"12538","2390云辰","110/07/14","富邦-台東",2,42,-40
"12539","2390云辰","110/07/14","凱基-屏東",32,8,24
"12540","2390云辰","110/07/14","元大-新營",3,42,-39
"12541","2363矽統","110/07/14","台灣摩根士丹利",463,0,463
"12542","2363矽統","110/07/14","新加坡商瑞銀",568,1321,-753
"12543","2363矽統","110/07/14","台新證券",750,342,408
"12544","2363矽統","110/07/14","瑞士信貸",149,864,-715
"12545","2363矽統","110/07/14","玉山-台中",363,51,312
"12546","2363矽統","110/07/14","台新-屏東",115,380,-265
"12547","2363矽統","110/07/14","元大-斗六",223,25,198
"12548","2363矽統","110/07/14","永豐金證券",16,265,-249
"12549","2363矽統","110/07/14","華南永昌-朴子",208,38,170
"12550","2363矽統","110/07/14","美林",462,701,-239
"12551","2363矽統","110/07/14","元富-西松",169,12,157
"12552","2363矽統","110/07/14","宏遠-桃園",269,500,-231
"12553","2363矽統","110/07/14","永豐金-大園",146,6,140
"12554","2363矽統","110/07/14","凱基-竹北",36,254,-218
"12555","2363矽統","110/07/14","土銀-和平",134,0,134
"12556","2363矽統","110/07/14","港商法國興業",0,214,-214
"12557","2363矽統","110/07/14","富邦-新營",130,13,117
"12558","2363矽統","110/07/14","港商野村",835,1044,-209
"12559","2363矽統","110/07/14","元富-成功",118,11,107
"12560","2363矽統","110/07/14","北城證券",212,411,-199
"12561","2363矽統","110/07/14","元富-烏日",121,18,103
"12562","2363矽統","110/07/14","(牛牛牛)亞-鑫豐",51,241,-190
"12563","2363矽統","110/07/14","日盛-二林",120,18,102
"12564","2363矽統","110/07/14","國票-博愛",24,213,-189
"12565","2363矽統","110/07/14","兆豐-忠孝",98,2,96
"12566","2363矽統","110/07/14","大慶-蘆洲",134,316,-182
"12567","2363矽統","110/07/14","大慶-楊梅",92,3,89
"12568","2363矽統","110/07/14","彰銀-台中",15,193,-178
"12569","2363矽統","110/07/14","元富-三重",120,33,87
"12570","2363矽統","110/07/14","日盛-和美",18,185,-167
"12571","8112至上","110/07/14","新加坡商瑞銀",223,17,206
"12572","8112至上","110/07/14","瑞士信貸",8,170,-162
"12573","8112至上","110/07/14","摩根大通",285,129,156
"12574","8112至上","110/07/14","美林",55,202,-147
"12575","8112至上","110/07/14","花旗環球",124,0,124
"12576","8112至上","110/07/14","凱基-台北",325,436,-111
"12577","8112至上","110/07/14","兆豐-公益",117,4,113
"12578","8112至上","110/07/14","台中銀-台北",0,98,-98
"12579","8112至上","110/07/14","香港上海匯豐",111,0,111
"12580","8112至上","110/07/14","玉山-台大",17,107,-90
"12581","8112至上","110/07/14","永豐金-內湖",117,21,96
"12582","8112至上","110/07/14","康和-內湖",1,90,-89
"12583","8112至上","110/07/14","台灣摩根士丹利",108,16,92
"12584","8112至上","110/07/14","港商野村",21,84,-63
"12585","8112至上","110/07/14","元大-東蘆",77,0,77
"12586","8112至上","110/07/14","兆豐-北高雄",1,60,-59
"12587","8112至上","110/07/14","新光",108,48,60
"12588","8112至上","110/07/14","群益金鼎-海山",1,52,-51
"12589","8112至上","110/07/14","大慶-蘆洲",59,0,59
"12590","8112至上","110/07/14","群益金鼎-大安",0,50,-50
"12591","8112至上","110/07/14","華南永昌-台中",56,3,53
"12592","8112至上","110/07/14","富邦-仁愛",2,49,-47
"12593","8112至上","110/07/14","土銀-嘉義",52,2,50
"12594","8112至上","110/07/14","元大-金華",0,42,-42
"12595","8112至上","110/07/14","美商高盛",40,0,40
"12596","8112至上","110/07/14","元大-內湖",4,43,-39
"12597","8112至上","110/07/14","臺銀",63,29,34
"12598","8112至上","110/07/14","第一金-華江",2,37,-35
"12599","8112至上","110/07/14","元富-嘉義",31,0,31
"12600","8112至上","110/07/14","永豐金-苓雅",2,34,-32
"12601","1570力肯","110/07/14","國票-北高雄",68,0,68
"12602","1570力肯","110/07/14","摩根大通",0,21,-21
"12603","1570力肯","110/07/14","日盛-八德",30,1,29
"12604","1570力肯","110/07/14","新光",1,19,-18
"12605","1570力肯","110/07/14","玉山-高雄",7,0,7
"12606","1570力肯","110/07/14","(牛牛牛)亞-鑫豐",0,17,-17
"12607","1570力肯","110/07/14","臺銀-臺南",5,0,5
"12608","1570力肯","110/07/14","日盛-士林",0,10,-10
"12609","1570力肯","110/07/14","凱基-三峽",5,0,5
"12610","1570力肯","110/07/14","統一-員林",0,10,-10
"12611","1570力肯","110/07/14","元大-和平",5,0,5
"12612","1570力肯","110/07/14","國票-新莊",0,10,-10
"12613","1570力肯","110/07/14","合庫-三重",4,0,4
"12614","1570力肯","110/07/14","凱基-高美館",0,10,-10
"12615","1570力肯","110/07/14","瑞士信貸",4,0,4
"12616","1570力肯","110/07/14","元大-屏東民生",0,5,-5
"12617","1570力肯","110/07/14","統一-三多",4,0,4
"12618","1570力肯","110/07/14","元大-古亭",0,5,-5
"12619","1570力肯","110/07/14","華南永昌-古亭",4,0,4
"12620","1570力肯","110/07/14","日盛-木柵",0,4,-4
"12621","1570力肯","110/07/14","元大-高雄",3,0,3
"12622","1570力肯","110/07/14","大昌",0,4,-4
"12623","1570力肯","110/07/14","兆豐-忠孝",2,0,2
"12624","1570力肯","110/07/14","群益金鼎-東大",0,4,-4
"12625","1570力肯","110/07/14","富邦-陽明",2,0,2
"12626","1570力肯","110/07/14","凱基-台北",0,4,-4
"12627","1570力肯","110/07/14","元大-松山",2,0,2
"12628","1570力肯","110/07/14","元大-板橋",0,4,-4
"12629","1570力肯","110/07/14","元大-忠孝",2,0,2
"12630","1570力肯","110/07/14","第一金-中山",0,3,-3
"12631","2929淘帝","110/07/14","華南永昌-林口",60,0,60
"12632","2929淘帝","110/07/14","群益金鼎",25,540,-515
"12633","2929淘帝","110/07/14","美林",87,31,56
"12634","2929淘帝","110/07/14","國泰-台南",1,30,-29
"12635","2929淘帝","110/07/14","元富-台南",40,0,40
"12636","2929淘帝","110/07/14","宏遠-桃園",0,20,-20
"12637","2929淘帝","110/07/14","元大-民生",39,0,39
"12638","2929淘帝","110/07/14","摩根大通",11,31,-20
"12639","2929淘帝","110/07/14","臺銀-鳳山",34,0,34
"12640","2929淘帝","110/07/14","台新-建北",5,20,-15
"12641","2929淘帝","110/07/14","合庫-高雄",34,1,33
"12642","2929淘帝","110/07/14","新光",1,16,-15
"12643","2929淘帝","110/07/14","華南永昌-鶯歌",28,0,28
"12644","2929淘帝","110/07/14","玉山-板橋",0,15,-15
"12645","2929淘帝","110/07/14","永興",25,0,25
"12646","2929淘帝","110/07/14","凱基-羅東",0,15,-15
"12647","2929淘帝","110/07/14","元大-新盛",25,1,24
"12648","2929淘帝","110/07/14","元大-頭份",0,15,-15
"12649","2929淘帝","110/07/14","日盛-南京",23,0,23
"12650","2929淘帝","110/07/14","第一金-台南",0,13,-13
"12651","2929淘帝","110/07/14","日茂",20,0,20
"12652","2929淘帝","110/07/14","富邦-基隆",0,12,-12
"12653","2929淘帝","110/07/14","台新-台中",20,0,20
"12654","2929淘帝","110/07/14","日茂-南投",1,12,-11
"12655","2929淘帝","110/07/14","華南永昌",20,0,20
"12656","2929淘帝","110/07/14","元大-豐原站前",0,11,-11
"12657","2929淘帝","110/07/14","福勝",15,0,15
"12658","2929淘帝","110/07/14","玉山-士林",0,10,-10
"12659","2929淘帝","110/07/14","富邦-南屯",15,0,15
"12660","2929淘帝","110/07/14","富邦-台北",0,10,-10
"12661","5410國眾","110/07/14","兆豐-城中",35,0,35
"12662","5410國眾","110/07/14","瑞士信貸",0,29,-29
"12663","5410國眾","110/07/14","新光",21,1,20
"12664","5410國眾","110/07/14","國泰-板橋",1,30,-29
"12665","5410國眾","110/07/14","國泰-敦南",21,1,20
"12666","5410國眾","110/07/14","日盛-高雄",0,20,-20
"12667","5410國眾","110/07/14","國泰-台中",20,1,19
"12668","5410國眾","110/07/14","台新-左楠",1,20,-19
"12669","5410國眾","110/07/14","元大-崇德",19,0,19
"12670","5410國眾","110/07/14","元富-大昌",1,18,-17
"12671","5410國眾","110/07/14","土銀-士林",18,0,18
"12672","5410國眾","110/07/14","富邦-建國",0,15,-15
"12673","5410國眾","110/07/14","元大-新盛",20,2,18
"12674","5410國眾","110/07/14","元富-嘉義",0,12,-12
"12675","5410國眾","110/07/14","兆豐-高雄",15,0,15
"12676","5410國眾","110/07/14","永全-南崁",0,12,-12
"12677","5410國眾","110/07/14","宏遠-中和",10,0,10
"12678","5410國眾","110/07/14","元大-員林",0,11,-11
"12679","5410國眾","110/07/14","新光-桃園",10,0,10
"12680","5410國眾","110/07/14","高橋",0,10,-10
"12681","5410國眾","110/07/14","國泰-台南",10,0,10
"12682","5410國眾","110/07/14","永興",0,10,-10
"12683","5410國眾","110/07/14","元大-復北",10,0,10
"12684","5410國眾","110/07/14","華南永昌-三重",0,10,-10
"12685","5410國眾","110/07/14","元大-竹科",8,0,8
"12686","5410國眾","110/07/14","元大-苑裡",0,7,-7
"12687","5410國眾","110/07/14","台新-新營",6,0,6
"12688","5410國眾","110/07/14","港商野村",0,6,-6
"12689","5410國眾","110/07/14","日盛-士林",5,0,5
"12690","5410國眾","110/07/14","摩根大通",5,11,-6
"12691","2841台開","110/07/14","凱基-文心",73,0,73
"12692","2841台開","110/07/14","國泰-敦南",0,50,-50
"12693","2841台開","110/07/14","元富-潮州",30,0,30
"12694","2841台開","110/07/14","凱基-中壢",0,40,-40
"12695","2841台開","110/07/14","第一金-台中",20,0,20
"12696","2841台開","110/07/14","統一-新竹",0,24,-24
"12697","2841台開","110/07/14","華南永昌-新莊",20,0,20
"12698","2841台開","110/07/14","元富-草屯",0,20,-20
"12699","2841台開","110/07/14","永豐金-豐原",20,0,20
"12700","2841台開","110/07/14","台新-台南",0,20,-20
"12701","2841台開","110/07/14","國泰-館前",15,0,15
"12702","2841台開","110/07/14","永豐金-敦南",45,63,-18
"12703","2841台開","110/07/14","群益金鼎-基隆",12,0,12
"12704","2841台開","110/07/14","國票-北高雄",0,13,-13
"12705","2841台開","110/07/14","日盛-信義",10,0,10
"12706","2841台開","110/07/14","凱基-松山",0,10,-10
"12707","2841台開","110/07/14","台新-台中",10,0,10
"12708","2841台開","110/07/14","元大證券",0,10,-10
"12709","2841台開","110/07/14","新光",10,1,9
"12710","2841台開","110/07/14","元大-中壢",0,10,-10
"12711","2841台開","110/07/14","凱基-新店",8,0,8
"12712","2841台開","110/07/14","富邦-陽明",1,10,-9
"12713","2841台開","110/07/14","元大-斗信",7,0,7
"12714","2841台開","110/07/14","富邦-建國",0,9,-9
"12715","2841台開","110/07/14","元大-三重",6,0,6
"12716","2841台開","110/07/14","富邦-台南",0,8,-8
"12717","2841台開","110/07/14","永豐金-中和",6,0,6
"12718","2841台開","110/07/14","康和-澎湖",0,7,-7
"12719","2841台開","110/07/14","元富-成功",5,0,5
"12720","2841台開","110/07/14","日盛-斗六",0,6,-6
"12721","6207雷科","110/07/14","群益金鼎-台北",60,0,60
"12722","6207雷科","110/07/14","新加坡商瑞銀",10,56,-46
"12723","6207雷科","110/07/14","台新-高雄",43,3,40
"12724","6207雷科","110/07/14","國票-中和",0,41,-41
"12725","6207雷科","110/07/14","元大-高雄",19,0,19
"12726","6207雷科","110/07/14","元大-復北",0,33,-33
"12727","6207雷科","110/07/14","福勝",15,0,15
"12728","6207雷科","110/07/14","光和-和美",0,20,-20
"12729","6207雷科","110/07/14","群益金鼎-中山",15,0,15
"12730","6207雷科","110/07/14","群益金鼎-丹鳳",0,20,-20
"12731","6207雷科","110/07/14","元大-林園",15,0,15
"12732","6207雷科","110/07/14","第一金-路竹",0,10,-10
"12733","6207雷科","110/07/14","新光",12,0,12
"12734","6207雷科","110/07/14","元大-歸仁",0,10,-10
"12735","6207雷科","110/07/14","元大-大天母",10,0,10
"12736","6207雷科","110/07/14","宏遠-館前",0,9,-9
"12737","6207雷科","110/07/14","永豐金-忠孝",9,0,9
"12738","6207雷科","110/07/14","凱基-台北",12,20,-8
"12739","6207雷科","110/07/14","永豐金-新店",7,0,7
"12740","6207雷科","110/07/14","美林",0,7,-7
"12741","6207雷科","110/07/14","玉山-嘉義",6,0,6
"12742","6207雷科","110/07/14","摩根大通",16,23,-7
"12743","6207雷科","110/07/14","元大-屏東",6,0,6
"12744","6207雷科","110/07/14","凱基-高雄",1,7,-6
"12745","6207雷科","110/07/14","凱基-大安",5,0,5
"12746","6207雷科","110/07/14","台中銀-豐原",0,5,-5
"12747","6207雷科","110/07/14","富邦-台南",5,0,5
"12748","6207雷科","110/07/14","元大-新竹經國",0,5,-5
"12749","6207雷科","110/07/14","元大-成功",5,0,5
"12750","6207雷科","110/07/14","光和-田中",0,4,-4
"12751","3679新至陞","110/07/14","凱基-台北",31,6,25
"12752","3679新至陞","110/07/14","群益金鼎-東大",0,15,-15
"12753","3679新至陞","110/07/14","華南永昌-新莊",10,0,10
"12754","3679新至陞","110/07/14","瑞士信貸",0,12,-12
"12755","3679新至陞","110/07/14","新加坡商瑞銀",11,3,8
"12756","3679新至陞","110/07/14","群益金鼎-永和",0,10,-10
"12757","3679新至陞","110/07/14","美商高盛",6,0,6
"12758","3679新至陞","110/07/14","元大-成功",5,15,-10
"12759","3679新至陞","110/07/14","第一金-中壢",6,0,6
"12760","3679新至陞","110/07/14","統一-板橋",1,10,-9
"12761","3679新至陞","110/07/14","(牛牛牛)亞-網路",4,0,4
"12762","3679新至陞","110/07/14","玉山-左營",0,5,-5
"12763","3679新至陞","110/07/14","元大-六合",3,0,3
"12764","3679新至陞","110/07/14","群益金鼎-三民",0,4,-4
"12765","3679新至陞","110/07/14","合庫-自強",2,0,2
"12766","3679新至陞","110/07/14","富邦-宜蘭",0,4,-4
"12767","3679新至陞","110/07/14","高橋-內壢",2,0,2
"12768","3679新至陞","110/07/14","永豐金-苓雅",0,3,-3
"12769","3679新至陞","110/07/14","台中銀-員林",2,0,2
"12770","3679新至陞","110/07/14","摩根大通",5,7,-2
"12771","3679新至陞","110/07/14","凱基-高美館",2,0,2
"12772","3679新至陞","110/07/14","元大-板橋三民",0,2,-2
"12773","3679新至陞","110/07/14","元大-福營",2,0,2
"12774","3679新至陞","110/07/14","宏遠-中和",0,1,-1
"12775","3679新至陞","110/07/14","永豐金-松山",2,0,2
"12776","3679新至陞","110/07/14","元富-佳里",0,1,-1
"12777","3679新至陞","110/07/14","永豐金-萬盛",2,0,2
"12778","3679新至陞","110/07/14","(牛牛牛)亞-鑫豐",0,1,-1
"12779","3679新至陞","110/07/14","元富-松德",1,0,1
"12780","3679新至陞","110/07/14","中國信託-中壢",0,1,-1
"12781","2727王品","110/07/14","富邦-左營",102,1,101
"12782","2727王品","110/07/14","統一-城中",100,234,-134
"12783","2727王品","110/07/14","國泰-板橋",105,11,94
"12784","2727王品","110/07/14","富邦-台北",1,125,-124
"12785","2727王品","110/07/14","港商野村",149,72,77
"12786","2727王品","110/07/14","台灣摩根士丹利",1,48,-47
"12787","2727王品","110/07/14","合庫-台中",66,2,64
"12788","2727王品","110/07/14","國票-新莊",0,40,-40
"12789","2727王品","110/07/14","臺銀-金山",63,8,55
"12790","2727王品","110/07/14","永豐金-忠孝",2,39,-37
"12791","2727王品","110/07/14","摩根大通",83,39,44
"12792","2727王品","110/07/14","富邦-彰化",1,34,-33
"12793","2727王品","110/07/14","凱基-台北",84,42,42
"12794","2727王品","110/07/14","康和-高雄",0,30,-30
"12795","2727王品","110/07/14","土銀-台中",35,1,34
"12796","2727王品","110/07/14","安泰",0,26,-26
"12797","2727王品","110/07/14","華南永昌-麻豆",32,1,31
"12798","2727王品","110/07/14","富邦-新竹華信",0,21,-21
"12799","2727王品","110/07/14","元大證券",85,55,30
"12800","2727王品","110/07/14","元大-南崁",1,22,-21
"12801","2727王品","110/07/14","新加坡商瑞銀",40,15,25
"12802","2727王品","110/07/14","彰銀-台中",0,18,-18
"12803","2727王品","110/07/14","日盛-八德",19,0,19
"12804","2727王品","110/07/14","元富-同大",2,20,-18
"12805","2727王品","110/07/14","統一",35,17,18
"12806","2727王品","110/07/14","玉山-嘉義",1,17,-16
"12807","2727王品","110/07/14","元富-大昌",18,1,17
"12808","2727王品","110/07/14","國泰-館前",4,20,-16
"12809","2727王品","110/07/14","玉山-板橋",15,1,14
"12810","2727王品","110/07/14","第一金-嘉義",1,13,-12
"12811","1570力肯","110/07/14","國票-北高雄",68,0,68
"12812","1570力肯","110/07/14","摩根大通",0,21,-21
"12813","1570力肯","110/07/14","日盛-八德",30,1,29
"12814","1570力肯","110/07/14","新光",1,19,-18
"12815","1570力肯","110/07/14","玉山-高雄",7,0,7
"12816","1570力肯","110/07/14","(牛牛牛)亞-鑫豐",0,17,-17
"12817","1570力肯","110/07/14","臺銀-臺南",5,0,5
"12818","1570力肯","110/07/14","日盛-士林",0,10,-10
"12819","1570力肯","110/07/14","凱基-三峽",5,0,5
"12820","1570力肯","110/07/14","統一-員林",0,10,-10
"12821","1570力肯","110/07/14","元大-和平",5,0,5
"12822","1570力肯","110/07/14","國票-新莊",0,10,-10
"12823","1570力肯","110/07/14","合庫-三重",4,0,4
"12824","1570力肯","110/07/14","凱基-高美館",0,10,-10
"12825","1570力肯","110/07/14","瑞士信貸",4,0,4
"12826","1570力肯","110/07/14","元大-屏東民生",0,5,-5
"12827","1570力肯","110/07/14","統一-三多",4,0,4
"12828","1570力肯","110/07/14","元大-古亭",0,5,-5
"12829","1570力肯","110/07/14","華南永昌-古亭",4,0,4
"12830","1570力肯","110/07/14","日盛-木柵",0,4,-4
"12831","1570力肯","110/07/14","元大-高雄",3,0,3
"12832","1570力肯","110/07/14","大昌",0,4,-4
"12833","1570力肯","110/07/14","兆豐-忠孝",2,0,2
"12834","1570力肯","110/07/14","群益金鼎-東大",0,4,-4
"12835","1570力肯","110/07/14","富邦-陽明",2,0,2
"12836","1570力肯","110/07/14","凱基-台北",0,4,-4
"12837","1570力肯","110/07/14","元大-松山",2,0,2
"12838","1570力肯","110/07/14","元大-板橋",0,4,-4
"12839","1570力肯","110/07/14","元大-忠孝",2,0,2
"12840","1570力肯","110/07/14","第一金-中山",0,3,-3
"12841","6180橘子","110/07/14","新加坡商瑞銀",84,28,56
"12842","6180橘子","110/07/14","凱基-台北",4,37,-33
"12843","6180橘子","110/07/14","日盛-信義",29,1,28
"12844","6180橘子","110/07/14","玉山-台南",1,22,-21
"12845","6180橘子","110/07/14","豐農",28,4,24
"12846","6180橘子","110/07/14","日盛-新竹",1,21,-20
"12847","6180橘子","110/07/14","新光-新竹",24,1,23
"12848","6180橘子","110/07/14","元富-潮州",0,19,-19
"12849","6180橘子","110/07/14","華南永昌-高雄",20,0,20
"12850","6180橘子","110/07/14","元大-信義",0,17,-17
"12851","6180橘子","110/07/14","元大-羅東",20,0,20
"12852","6180橘子","110/07/14","台灣企銀-台中",1,16,-15
"12853","6180橘子","110/07/14","元大-台中中港",20,0,20
"12854","6180橘子","110/07/14","元大-北港",0,15,-15
"12855","6180橘子","110/07/14","富邦-嘉義",24,5,19
"12856","6180橘子","110/07/14","富邦-高雄",0,14,-14
"12857","6180橘子","110/07/14","富邦-仁愛",15,0,15
"12858","6180橘子","110/07/14","兆豐-埔墘",0,13,-13
"12859","6180橘子","110/07/14","國票-九鼎",13,0,13
"12860","6180橘子","110/07/14","第一金-中山",0,10,-10
"12861","6180橘子","110/07/14","日盛-木柵",12,0,12
"12862","6180橘子","110/07/14","元大-彰化民生",0,10,-10
"12863","6180橘子","110/07/14","元大-成功",10,0,10
"12864","6180橘子","110/07/14","福勝",1,10,-9
"12865","6180橘子","110/07/14","港商野村",10,2,8
"12866","6180橘子","110/07/14","群益金鼎-丹鳳",1,10,-9
"12867","6180橘子","110/07/14","玉山-左營",8,0,8
"12868","6180橘子","110/07/14","群益金鼎-板橋",0,8,-8
"12869","6180橘子","110/07/14","富邦-陽明",16,8,8
"12870","6180橘子","110/07/14","合庫-鳳山",0,7,-7
"12871","2390云辰","110/07/14","摩根大通",995,198,797
"12872","2390云辰","110/07/14","新加坡商瑞銀",28,399,-371
"12873","2390云辰","110/07/14","美林",383,22,361
"12874","2390云辰","110/07/14","凱基-新豐",3,198,-195
"12875","2390云辰","110/07/14","台灣摩根士丹利",684,358,326
"12876","2390云辰","110/07/14","元大-士林",1,152,-151
"12877","2390云辰","110/07/14","凱基-台北",656,402,254
"12878","2390云辰","110/07/14","元大-竹山",80,181,-101
"12879","2390云辰","110/07/14","日盛-和美",110,5,105
"12880","2390云辰","110/07/14","群益金鼎-開元",19,95,-76
"12881","2390云辰","110/07/14","元大-天母",72,0,72
"12882","2390云辰","110/07/14","新光",77,150,-73
"12883","2390云辰","110/07/14","永豐金-松山",57,0,57
"12884","2390云辰","110/07/14","元富-高雄",0,71,-71
"12885","2390云辰","110/07/14","統一-屏東",53,0,53
"12886","2390云辰","110/07/14","元大-土城學府",130,201,-71
"12887","2390云辰","110/07/14","港商野村",486,450,36
"12888","2390云辰","110/07/14","元大-善化",12,76,-64
"12889","2390云辰","110/07/14","致和-崇德",30,0,30
"12890","2390云辰","110/07/14","華南永昌-岡山",23,81,-58
"12891","2390云辰","110/07/14","富邦-台北",40,14,26
"12892","2390云辰","110/07/14","群益金鼎-大興",82,125,-43
"12893","2390云辰","110/07/14","台新-高雄",38,13,25
"12894","2390云辰","110/07/14","大慶-中壢",0,41,-41
"12895","2390云辰","110/07/14","富邦-板橋",32,7,25
"12896","2390云辰","110/07/14","玉山-板橋",6,47,-41
"12897","2390云辰","110/07/14","陽信-石牌",24,0,24
"12898","2390云辰","110/07/14","富邦-台東",2,42,-40
"12899","2390云辰","110/07/14","凱基-屏東",32,8,24
"12900","2390云辰","110/07/14","元大-新營",3,42,-39
"12901","2363矽統","110/07/14","台灣摩根士丹利",463,0,463
"12902","2363矽統","110/07/14","新加坡商瑞銀",568,1321,-753
"12903","2363矽統","110/07/14","台新證券",750,342,408
"12904","2363矽統","110/07/14","瑞士信貸",149,864,-715
"12905","2363矽統","110/07/14","玉山-台中",363,51,312
"12906","2363矽統","110/07/14","台新-屏東",115,380,-265
"12907","2363矽統","110/07/14","元大-斗六",223,25,198
"12908","2363矽統","110/07/14","永豐金證券",16,265,-249
"12909","2363矽統","110/07/14","華南永昌-朴子",208,38,170
"12910","2363矽統","110/07/14","美林",462,701,-239
"12911","2363矽統","110/07/14","元富-西松",169,12,157
"12912","2363矽統","110/07/14","宏遠-桃園",269,500,-231
"12913","2363矽統","110/07/14","永豐金-大園",146,6,140
"12914","2363矽統","110/07/14","凱基-竹北",36,254,-218
"12915","2363矽統","110/07/14","土銀-和平",134,0,134
"12916","2363矽統","110/07/14","港商法國興業",0,214,-214
"12917","2363矽統","110/07/14","富邦-新營",130,13,117
"12918","2363矽統","110/07/14","港商野村",835,1044,-209
"12919","2363矽統","110/07/14","元富-成功",118,11,107
"12920","2363矽統","110/07/14","北城證券",212,411,-199
"12921","2363矽統","110/07/14","元富-烏日",121,18,103
"12922","2363矽統","110/07/14","(牛牛牛)亞-鑫豐",51,241,-190
"12923","2363矽統","110/07/14","日盛-二林",120,18,102
"12924","2363矽統","110/07/14","國票-博愛",24,213,-189
"12925","2363矽統","110/07/14","兆豐-忠孝",98,2,96
"12926","2363矽統","110/07/14","大慶-蘆洲",134,316,-182
"12927","2363矽統","110/07/14","大慶-楊梅",92,3,89
"12928","2363矽統","110/07/14","彰銀-台中",15,193,-178
"12929","2363矽統","110/07/14","元富-三重",120,33,87
"12930","2363矽統","110/07/14","日盛-和美",18,185,-167
"12931","8112至上","110/07/14","新加坡商瑞銀",223,17,206
"12932","8112至上","110/07/14","瑞士信貸",8,170,-162
"12933","8112至上","110/07/14","摩根大通",285,129,156
"12934","8112至上","110/07/14","美林",55,202,-147
"12935","8112至上","110/07/14","花旗環球",124,0,124
"12936","8112至上","110/07/14","凱基-台北",325,436,-111
"12937","8112至上","110/07/14","兆豐-公益",117,4,113
"12938","8112至上","110/07/14","台中銀-台北",0,98,-98
"12939","8112至上","110/07/14","香港上海匯豐",111,0,111
"12940","8112至上","110/07/14","玉山-台大",17,107,-90
"12941","8112至上","110/07/14","永豐金-內湖",117,21,96
"12942","8112至上","110/07/14","康和-內湖",1,90,-89
"12943","8112至上","110/07/14","台灣摩根士丹利",108,16,92
"12944","8112至上","110/07/14","港商野村",21,84,-63
"12945","8112至上","110/07/14","元大-東蘆",77,0,77
"12946","8112至上","110/07/14","兆豐-北高雄",1,60,-59
"12947","8112至上","110/07/14","新光",108,48,60
"12948","8112至上","110/07/14","群益金鼎-海山",1,52,-51
"12949","8112至上","110/07/14","大慶-蘆洲",59,0,59
"12950","8112至上","110/07/14","群益金鼎-大安",0,50,-50
"12951","8112至上","110/07/14","華南永昌-台中",56,3,53
"12952","8112至上","110/07/14","富邦-仁愛",2,49,-47
"12953","8112至上","110/07/14","土銀-嘉義",52,2,50
"12954","8112至上","110/07/14","元大-金華",0,42,-42
"12955","8112至上","110/07/14","美商高盛",40,0,40
"12956","8112至上","110/07/14","元大-內湖",4,43,-39
"12957","8112至上","110/07/14","臺銀",63,29,34
"12958","8112至上","110/07/14","第一金-華江",2,37,-35
"12959","8112至上","110/07/14","元富-嘉義",31,0,31
"12960","8112至上","110/07/14","永豐金-苓雅",2,34,-32
"12961","1570力肯","110/07/14","國票-北高雄",68,0,68
"12962","1570力肯","110/07/14","摩根大通",0,21,-21
"12963","1570力肯","110/07/14","日盛-八德",30,1,29
"12964","1570力肯","110/07/14","新光",1,19,-18
"12965","1570力肯","110/07/14","玉山-高雄",7,0,7
"12966","1570力肯","110/07/14","(牛牛牛)亞-鑫豐",0,17,-17
"12967","1570力肯","110/07/14","臺銀-臺南",5,0,5
"12968","1570力肯","110/07/14","日盛-士林",0,10,-10
"12969","1570力肯","110/07/14","凱基-三峽",5,0,5
"12970","1570力肯","110/07/14","統一-員林",0,10,-10
"12971","1570力肯","110/07/14","元大-和平",5,0,5
"12972","1570力肯","110/07/14","國票-新莊",0,10,-10
"12973","1570力肯","110/07/14","合庫-三重",4,0,4
"12974","1570力肯","110/07/14","凱基-高美館",0,10,-10
"12975","1570力肯","110/07/14","瑞士信貸",4,0,4
"12976","1570力肯","110/07/14","元大-屏東民生",0,5,-5
"12977","1570力肯","110/07/14","統一-三多",4,0,4
"12978","1570力肯","110/07/14","元大-古亭",0,5,-5
"12979","1570力肯","110/07/14","華南永昌-古亭",4,0,4
"12980","1570力肯","110/07/14","日盛-木柵",0,4,-4
"12981","1570力肯","110/07/14","元大-高雄",3,0,3
"12982","1570力肯","110/07/14","大昌",0,4,-4
"12983","1570力肯","110/07/14","兆豐-忠孝",2,0,2
"12984","1570力肯","110/07/14","群益金鼎-東大",0,4,-4
"12985","1570力肯","110/07/14","富邦-陽明",2,0,2
"12986","1570力肯","110/07/14","凱基-台北",0,4,-4
"12987","1570力肯","110/07/14","元大-松山",2,0,2
"12988","1570力肯","110/07/14","元大-板橋",0,4,-4
"12989","1570力肯","110/07/14","元大-忠孝",2,0,2
"12990","1570力肯","110/07/14","第一金-中山",0,3,-3
"12991","2929淘帝","110/07/14","華南永昌-林口",60,0,60
"12992","2929淘帝","110/07/14","群益金鼎",25,540,-515
"12993","2929淘帝","110/07/14","美林",87,31,56
"12994","2929淘帝","110/07/14","國泰-台南",1,30,-29
"12995","2929淘帝","110/07/14","元富-台南",40,0,40
"12996","2929淘帝","110/07/14","宏遠-桃園",0,20,-20
"12997","2929淘帝","110/07/14","元大-民生",39,0,39
"12998","2929淘帝","110/07/14","摩根大通",11,31,-20
"12999","2929淘帝","110/07/14","臺銀-鳳山",34,0,34
"13000","2929淘帝","110/07/14","台新-建北",5,20,-15
"13001","2929淘帝","110/07/14","合庫-高雄",34,1,33
"13002","2929淘帝","110/07/14","新光",1,16,-15
"13003","2929淘帝","110/07/14","華南永昌-鶯歌",28,0,28
"13004","2929淘帝","110/07/14","玉山-板橋",0,15,-15
"13005","2929淘帝","110/07/14","永興",25,0,25
"13006","2929淘帝","110/07/14","凱基-羅東",0,15,-15
"13007","2929淘帝","110/07/14","元大-新盛",25,1,24
"13008","2929淘帝","110/07/14","元大-頭份",0,15,-15
"13009","2929淘帝","110/07/14","日盛-南京",23,0,23
"13010","2929淘帝","110/07/14","第一金-台南",0,13,-13
"13011","2929淘帝","110/07/14","日茂",20,0,20
"13012","2929淘帝","110/07/14","富邦-基隆",0,12,-12
"13013","2929淘帝","110/07/14","台新-台中",20,0,20
"13014","2929淘帝","110/07/14","日茂-南投",1,12,-11
"13015","2929淘帝","110/07/14","華南永昌",20,0,20
"13016","2929淘帝","110/07/14","元大-豐原站前",0,11,-11
"13017","2929淘帝","110/07/14","福勝",15,0,15
"13018","2929淘帝","110/07/14","玉山-士林",0,10,-10
"13019","2929淘帝","110/07/14","富邦-南屯",15,0,15
"13020","2929淘帝","110/07/14","富邦-台北",0,10,-10
"13021","5410國眾","110/07/14","兆豐-城中",35,0,35
"13022","5410國眾","110/07/14","瑞士信貸",0,29,-29
"13023","5410國眾","110/07/14","新光",21,1,20
"13024","5410國眾","110/07/14","國泰-板橋",1,30,-29
"13025","5410國眾","110/07/14","國泰-敦南",21,1,20
"13026","5410國眾","110/07/14","日盛-高雄",0,20,-20
"13027","5410國眾","110/07/14","國泰-台中",20,1,19
"13028","5410國眾","110/07/14","台新-左楠",1,20,-19
"13029","5410國眾","110/07/14","元大-崇德",19,0,19
"13030","5410國眾","110/07/14","元富-大昌",1,18,-17
"13031","5410國眾","110/07/14","土銀-士林",18,0,18
"13032","5410國眾","110/07/14","富邦-建國",0,15,-15
"13033","5410國眾","110/07/14","元大-新盛",20,2,18
"13034","5410國眾","110/07/14","元富-嘉義",0,12,-12
"13035","5410國眾","110/07/14","兆豐-高雄",15,0,15
"13036","5410國眾","110/07/14","永全-南崁",0,12,-12
"13037","5410國眾","110/07/14","宏遠-中和",10,0,10
"13038","5410國眾","110/07/14","元大-員林",0,11,-11
"13039","5410國眾","110/07/14","新光-桃園",10,0,10
"13040","5410國眾","110/07/14","高橋",0,10,-10
"13041","5410國眾","110/07/14","國泰-台南",10,0,10
"13042","5410國眾","110/07/14","永興",0,10,-10
"13043","5410國眾","110/07/14","元大-復北",10,0,10
"13044","5410國眾","110/07/14","華南永昌-三重",0,10,-10
"13045","5410國眾","110/07/14","元大-竹科",8,0,8
"13046","5410國眾","110/07/14","元大-苑裡",0,7,-7
"13047","5410國眾","110/07/14","台新-新營",6,0,6
"13048","5410國眾","110/07/14","港商野村",0,6,-6
"13049","5410國眾","110/07/14","日盛-士林",5,0,5
"13050","5410國眾","110/07/14","摩根大通",5,11,-6
"13051","2841台開","110/07/14","凱基-文心",73,0,73
"13052","2841台開","110/07/14","國泰-敦南",0,50,-50
"13053","2841台開","110/07/14","元富-潮州",30,0,30
"13054","2841台開","110/07/14","凱基-中壢",0,40,-40
"13055","2841台開","110/07/14","第一金-台中",20,0,20
"13056","2841台開","110/07/14","統一-新竹",0,24,-24
"13057","2841台開","110/07/14","華南永昌-新莊",20,0,20
"13058","2841台開","110/07/14","元富-草屯",0,20,-20
"13059","2841台開","110/07/14","永豐金-豐原",20,0,20
"13060","2841台開","110/07/14","台新-台南",0,20,-20
"13061","2841台開","110/07/14","國泰-館前",15,0,15
"13062","2841台開","110/07/14","永豐金-敦南",45,63,-18
"13063","2841台開","110/07/14","群益金鼎-基隆",12,0,12
"13064","2841台開","110/07/14","國票-北高雄",0,13,-13
"13065","2841台開","110/07/14","日盛-信義",10,0,10
"13066","2841台開","110/07/14","凱基-松山",0,10,-10
"13067","2841台開","110/07/14","台新-台中",10,0,10
"13068","2841台開","110/07/14","元大證券",0,10,-10
"13069","2841台開","110/07/14","新光",10,1,9
"13070","2841台開","110/07/14","元大-中壢",0,10,-10
"13071","2841台開","110/07/14","凱基-新店",8,0,8
"13072","2841台開","110/07/14","富邦-陽明",1,10,-9
"13073","2841台開","110/07/14","元大-斗信",7,0,7
"13074","2841台開","110/07/14","富邦-建國",0,9,-9
"13075","2841台開","110/07/14","元大-三重",6,0,6
"13076","2841台開","110/07/14","富邦-台南",0,8,-8
"13077","2841台開","110/07/14","永豐金-中和",6,0,6
"13078","2841台開","110/07/14","康和-澎湖",0,7,-7
"13079","2841台開","110/07/14","元富-成功",5,0,5
"13080","2841台開","110/07/14","日盛-斗六",0,6,-6
"13081","6207雷科","110/07/14","群益金鼎-台北",60,0,60
"13082","6207雷科","110/07/14","新加坡商瑞銀",10,56,-46
"13083","6207雷科","110/07/14","台新-高雄",43,3,40
"13084","6207雷科","110/07/14","國票-中和",0,41,-41
"13085","6207雷科","110/07/14","元大-高雄",19,0,19
"13086","6207雷科","110/07/14","元大-復北",0,33,-33
"13087","6207雷科","110/07/14","福勝",15,0,15
"13088","6207雷科","110/07/14","光和-和美",0,20,-20
"13089","6207雷科","110/07/14","群益金鼎-中山",15,0,15
"13090","6207雷科","110/07/14","群益金鼎-丹鳳",0,20,-20
"13091","6207雷科","110/07/14","元大-林園",15,0,15
"13092","6207雷科","110/07/14","第一金-路竹",0,10,-10
"13093","6207雷科","110/07/14","新光",12,0,12
"13094","6207雷科","110/07/14","元大-歸仁",0,10,-10
"13095","6207雷科","110/07/14","元大-大天母",10,0,10
"13096","6207雷科","110/07/14","宏遠-館前",0,9,-9
"13097","6207雷科","110/07/14","永豐金-忠孝",9,0,9
"13098","6207雷科","110/07/14","凱基-台北",12,20,-8
"13099","6207雷科","110/07/14","永豐金-新店",7,0,7
"13100","6207雷科","110/07/14","美林",0,7,-7
"13101","6207雷科","110/07/14","玉山-嘉義",6,0,6
"13102","6207雷科","110/07/14","摩根大通",16,23,-7
"13103","6207雷科","110/07/14","元大-屏東",6,0,6
"13104","6207雷科","110/07/14","凱基-高雄",1,7,-6
"13105","6207雷科","110/07/14","凱基-大安",5,0,5
"13106","6207雷科","110/07/14","台中銀-豐原",0,5,-5
"13107","6207雷科","110/07/14","富邦-台南",5,0,5
"13108","6207雷科","110/07/14","元大-新竹經國",0,5,-5
"13109","6207雷科","110/07/14","元大-成功",5,0,5
"13110","6207雷科","110/07/14","光和-田中",0,4,-4
"13111","3679新至陞","110/07/14","凱基-台北",31,6,25
"13112","3679新至陞","110/07/14","群益金鼎-東大",0,15,-15
"13113","3679新至陞","110/07/14","華南永昌-新莊",10,0,10
"13114","3679新至陞","110/07/14","瑞士信貸",0,12,-12
"13115","3679新至陞","110/07/14","新加坡商瑞銀",11,3,8
"13116","3679新至陞","110/07/14","群益金鼎-永和",0,10,-10
"13117","3679新至陞","110/07/14","美商高盛",6,0,6
"13118","3679新至陞","110/07/14","元大-成功",5,15,-10
"13119","3679新至陞","110/07/14","第一金-中壢",6,0,6
"13120","3679新至陞","110/07/14","統一-板橋",1,10,-9
"13121","3679新至陞","110/07/14","(牛牛牛)亞-網路",4,0,4
"13122","3679新至陞","110/07/14","玉山-左營",0,5,-5
"13123","3679新至陞","110/07/14","元大-六合",3,0,3
"13124","3679新至陞","110/07/14","群益金鼎-三民",0,4,-4
"13125","3679新至陞","110/07/14","合庫-自強",2,0,2
"13126","3679新至陞","110/07/14","富邦-宜蘭",0,4,-4
"13127","3679新至陞","110/07/14","高橋-內壢",2,0,2
"13128","3679新至陞","110/07/14","永豐金-苓雅",0,3,-3
"13129","3679新至陞","110/07/14","台中銀-員林",2,0,2
"13130","3679新至陞","110/07/14","摩根大通",5,7,-2
"13131","3679新至陞","110/07/14","凱基-高美館",2,0,2
"13132","3679新至陞","110/07/14","元大-板橋三民",0,2,-2
"13133","3679新至陞","110/07/14","元大-福營",2,0,2
"13134","3679新至陞","110/07/14","宏遠-中和",0,1,-1
"13135","3679新至陞","110/07/14","永豐金-松山",2,0,2
"13136","3679新至陞","110/07/14","元富-佳里",0,1,-1
"13137","3679新至陞","110/07/14","永豐金-萬盛",2,0,2
"13138","3679新至陞","110/07/14","(牛牛牛)亞-鑫豐",0,1,-1
"13139","3679新至陞","110/07/14","元富-松德",1,0,1
"13140","3679新至陞","110/07/14","中國信託-中壢",0,1,-1
"13141","2727王品","110/07/14","富邦-左營",102,1,101
"13142","2727王品","110/07/14","統一-城中",100,234,-134
"13143","2727王品","110/07/14","國泰-板橋",105,11,94
"13144","2727王品","110/07/14","富邦-台北",1,125,-124
"13145","2727王品","110/07/14","港商野村",149,72,77
"13146","2727王品","110/07/14","台灣摩根士丹利",1,48,-47
"13147","2727王品","110/07/14","合庫-台中",66,2,64
"13148","2727王品","110/07/14","國票-新莊",0,40,-40
"13149","2727王品","110/07/14","臺銀-金山",63,8,55
"13150","2727王品","110/07/14","永豐金-忠孝",2,39,-37
"13151","2727王品","110/07/14","摩根大通",83,39,44
"13152","2727王品","110/07/14","富邦-彰化",1,34,-33
"13153","2727王品","110/07/14","凱基-台北",84,42,42
"13154","2727王品","110/07/14","康和-高雄",0,30,-30
"13155","2727王品","110/07/14","土銀-台中",35,1,34
"13156","2727王品","110/07/14","安泰",0,26,-26
"13157","2727王品","110/07/14","華南永昌-麻豆",32,1,31
"13158","2727王品","110/07/14","富邦-新竹華信",0,21,-21
"13159","2727王品","110/07/14","元大證券",85,55,30
"13160","2727王品","110/07/14","元大-南崁",1,22,-21
"13161","2727王品","110/07/14","新加坡商瑞銀",40,15,25
"13162","2727王品","110/07/14","彰銀-台中",0,18,-18
"13163","2727王品","110/07/14","日盛-八德",19,0,19
"13164","2727王品","110/07/14","元富-同大",2,20,-18
"13165","2727王品","110/07/14","統一",35,17,18
"13166","2727王品","110/07/14","玉山-嘉義",1,17,-16
"13167","2727王品","110/07/14","元富-大昌",18,1,17
"13168","2727王品","110/07/14","國泰-館前",4,20,-16
"13169","2727王品","110/07/14","玉山-板橋",15,1,14
"13170","2727王品","110/07/14","第一金-嘉義",1,13,-12
"13171","1570力肯","110/07/14","國票-北高雄",68,0,68
"13172","1570力肯","110/07/14","摩根大通",0,21,-21
"13173","1570力肯","110/07/14","日盛-八德",30,1,29
"13174","1570力肯","110/07/14","新光",1,19,-18
"13175","1570力肯","110/07/14","玉山-高雄",7,0,7
"13176","1570力肯","110/07/14","(牛牛牛)亞-鑫豐",0,17,-17
"13177","1570力肯","110/07/14","臺銀-臺南",5,0,5
"13178","1570力肯","110/07/14","日盛-士林",0,10,-10
"13179","1570力肯","110/07/14","凱基-三峽",5,0,5
"13180","1570力肯","110/07/14","統一-員林",0,10,-10
"13181","1570力肯","110/07/14","元大-和平",5,0,5
"13182","1570力肯","110/07/14","國票-新莊",0,10,-10
"13183","1570力肯","110/07/14","合庫-三重",4,0,4
"13184","1570力肯","110/07/14","凱基-高美館",0,10,-10
"13185","1570力肯","110/07/14","瑞士信貸",4,0,4
"13186","1570力肯","110/07/14","元大-屏東民生",0,5,-5
"13187","1570力肯","110/07/14","統一-三多",4,0,4
"13188","1570力肯","110/07/14","元大-古亭",0,5,-5
"13189","1570力肯","110/07/14","華南永昌-古亭",4,0,4
"13190","1570力肯","110/07/14","日盛-木柵",0,4,-4
"13191","1570力肯","110/07/14","元大-高雄",3,0,3
"13192","1570力肯","110/07/14","大昌",0,4,-4
"13193","1570力肯","110/07/14","兆豐-忠孝",2,0,2
"13194","1570力肯","110/07/14","群益金鼎-東大",0,4,-4
"13195","1570力肯","110/07/14","富邦-陽明",2,0,2
"13196","1570力肯","110/07/14","凱基-台北",0,4,-4
"13197","1570力肯","110/07/14","元大-松山",2,0,2
"13198","1570力肯","110/07/14","元大-板橋",0,4,-4
"13199","1570力肯","110/07/14","元大-忠孝",2,0,2
"13200","1570力肯","110/07/14","第一金-中山",0,3,-3
"13201","6180橘子","110/07/14","新加坡商瑞銀",84,28,56
"13202","6180橘子","110/07/14","凱基-台北",4,37,-33
"13203","6180橘子","110/07/14","日盛-信義",29,1,28
"13204","6180橘子","110/07/14","玉山-台南",1,22,-21
"13205","6180橘子","110/07/14","豐農",28,4,24
"13206","6180橘子","110/07/14","日盛-新竹",1,21,-20
"13207","6180橘子","110/07/14","新光-新竹",24,1,23
"13208","6180橘子","110/07/14","元富-潮州",0,19,-19
"13209","6180橘子","110/07/14","華南永昌-高雄",20,0,20
"13210","6180橘子","110/07/14","元大-信義",0,17,-17
"13211","6180橘子","110/07/14","元大-羅東",20,0,20
"13212","6180橘子","110/07/14","台灣企銀-台中",1,16,-15
"13213","6180橘子","110/07/14","元大-台中中港",20,0,20
"13214","6180橘子","110/07/14","元大-北港",0,15,-15
"13215","6180橘子","110/07/14","富邦-嘉義",24,5,19
"13216","6180橘子","110/07/14","富邦-高雄",0,14,-14
"13217","6180橘子","110/07/14","富邦-仁愛",15,0,15
"13218","6180橘子","110/07/14","兆豐-埔墘",0,13,-13
"13219","6180橘子","110/07/14","國票-九鼎",13,0,13
"13220","6180橘子","110/07/14","第一金-中山",0,10,-10
"13221","6180橘子","110/07/14","日盛-木柵",12,0,12
"13222","6180橘子","110/07/14","元大-彰化民生",0,10,-10
"13223","6180橘子","110/07/14","元大-成功",10,0,10
"13224","6180橘子","110/07/14","福勝",1,10,-9
"13225","6180橘子","110/07/14","港商野村",10,2,8
"13226","6180橘子","110/07/14","群益金鼎-丹鳳",1,10,-9
"13227","6180橘子","110/07/14","玉山-左營",8,0,8
"13228","6180橘子","110/07/14","群益金鼎-板橋",0,8,-8
"13229","6180橘子","110/07/14","富邦-陽明",16,8,8
"13230","6180橘子","110/07/14","合庫-鳳山",0,7,-7
"13231","2390云辰","110/07/14","摩根大通",995,198,797
"13232","2390云辰","110/07/14","新加坡商瑞銀",28,399,-371
"13233","2390云辰","110/07/14","美林",383,22,361
"13234","2390云辰","110/07/14","凱基-新豐",3,198,-195
"13235","2390云辰","110/07/14","台灣摩根士丹利",684,358,326
"13236","2390云辰","110/07/14","元大-士林",1,152,-151
"13237","2390云辰","110/07/14","凱基-台北",656,402,254
"13238","2390云辰","110/07/14","元大-竹山",80,181,-101
"13239","2390云辰","110/07/14","日盛-和美",110,5,105
"13240","2390云辰","110/07/14","群益金鼎-開元",19,95,-76
"13241","2390云辰","110/07/14","元大-天母",72,0,72
"13242","2390云辰","110/07/14","新光",77,150,-73
"13243","2390云辰","110/07/14","永豐金-松山",57,0,57
"13244","2390云辰","110/07/14","元富-高雄",0,71,-71
"13245","2390云辰","110/07/14","統一-屏東",53,0,53
"13246","2390云辰","110/07/14","元大-土城學府",130,201,-71
"13247","2390云辰","110/07/14","港商野村",486,450,36
"13248","2390云辰","110/07/14","元大-善化",12,76,-64
"13249","2390云辰","110/07/14","致和-崇德",30,0,30
"13250","2390云辰","110/07/14","華南永昌-岡山",23,81,-58
"13251","2390云辰","110/07/14","富邦-台北",40,14,26
"13252","2390云辰","110/07/14","群益金鼎-大興",82,125,-43
"13253","2390云辰","110/07/14","台新-高雄",38,13,25
"13254","2390云辰","110/07/14","大慶-中壢",0,41,-41
"13255","2390云辰","110/07/14","富邦-板橋",32,7,25
"13256","2390云辰","110/07/14","玉山-板橋",6,47,-41
"13257","2390云辰","110/07/14","陽信-石牌",24,0,24
"13258","2390云辰","110/07/14","富邦-台東",2,42,-40
"13259","2390云辰","110/07/14","凱基-屏東",32,8,24
"13260","2390云辰","110/07/14","元大-新營",3,42,-39
"13261","2363矽統","110/07/14","台灣摩根士丹利",463,0,463
"13262","2363矽統","110/07/14","新加坡商瑞銀",568,1321,-753
"13263","2363矽統","110/07/14","台新證券",750,342,408
"13264","2363矽統","110/07/14","瑞士信貸",149,864,-715
"13265","2363矽統","110/07/14","玉山-台中",363,51,312
"13266","2363矽統","110/07/14","台新-屏東",115,380,-265
"13267","2363矽統","110/07/14","元大-斗六",223,25,198
"13268","2363矽統","110/07/14","永豐金證券",16,265,-249
"13269","2363矽統","110/07/14","華南永昌-朴子",208,38,170
"13270","2363矽統","110/07/14","美林",462,701,-239
"13271","2363矽統","110/07/14","元富-西松",169,12,157
"13272","2363矽統","110/07/14","宏遠-桃園",269,500,-231
"13273","2363矽統","110/07/14","永豐金-大園",146,6,140
"13274","2363矽統","110/07/14","凱基-竹北",36,254,-218
"13275","2363矽統","110/07/14","土銀-和平",134,0,134
"13276","2363矽統","110/07/14","港商法國興業",0,214,-214
"13277","2363矽統","110/07/14","富邦-新營",130,13,117
"13278","2363矽統","110/07/14","港商野村",835,1044,-209
"13279","2363矽統","110/07/14","元富-成功",118,11,107
"13280","2363矽統","110/07/14","北城證券",212,411,-199
"13281","2363矽統","110/07/14","元富-烏日",121,18,103
"13282","2363矽統","110/07/14","(牛牛牛)亞-鑫豐",51,241,-190
"13283","2363矽統","110/07/14","日盛-二林",120,18,102
"13284","2363矽統","110/07/14","國票-博愛",24,213,-189
"13285","2363矽統","110/07/14","兆豐-忠孝",98,2,96
"13286","2363矽統","110/07/14","大慶-蘆洲",134,316,-182
"13287","2363矽統","110/07/14","大慶-楊梅",92,3,89
"13288","2363矽統","110/07/14","彰銀-台中",15,193,-178
"13289","2363矽統","110/07/14","元富-三重",120,33,87
"13290","2363矽統","110/07/14","日盛-和美",18,185,-167
"13291","8112至上","110/07/14","新加坡商瑞銀",223,17,206
"13292","8112至上","110/07/14","瑞士信貸",8,170,-162
"13293","8112至上","110/07/14","摩根大通",285,129,156
"13294","8112至上","110/07/14","美林",55,202,-147
"13295","8112至上","110/07/14","花旗環球",124,0,124
"13296","8112至上","110/07/14","凱基-台北",325,436,-111
"13297","8112至上","110/07/14","兆豐-公益",117,4,113
"13298","8112至上","110/07/14","台中銀-台北",0,98,-98
"13299","8112至上","110/07/14","香港上海匯豐",111,0,111
"13300","8112至上","110/07/14","玉山-台大",17,107,-90
"13301","8112至上","110/07/14","永豐金-內湖",117,21,96
"13302","8112至上","110/07/14","康和-內湖",1,90,-89
"13303","8112至上","110/07/14","台灣摩根士丹利",108,16,92
"13304","8112至上","110/07/14","港商野村",21,84,-63
"13305","8112至上","110/07/14","元大-東蘆",77,0,77
"13306","8112至上","110/07/14","兆豐-北高雄",1,60,-59
"13307","8112至上","110/07/14","新光",108,48,60
"13308","8112至上","110/07/14","群益金鼎-海山",1,52,-51
"13309","8112至上","110/07/14","大慶-蘆洲",59,0,59
"13310","8112至上","110/07/14","群益金鼎-大安",0,50,-50
"13311","8112至上","110/07/14","華南永昌-台中",56,3,53
"13312","8112至上","110/07/14","富邦-仁愛",2,49,-47
"13313","8112至上","110/07/14","土銀-嘉義",52,2,50
"13314","8112至上","110/07/14","元大-金華",0,42,-42
"13315","8112至上","110/07/14","美商高盛",40,0,40
"13316","8112至上","110/07/14","元大-內湖",4,43,-39
"13317","8112至上","110/07/14","臺銀",63,29,34
"13318","8112至上","110/07/14","第一金-華江",2,37,-35
"13319","8112至上","110/07/14","元富-嘉義",31,0,31
"13320","8112至上","110/07/14","永豐金-苓雅",2,34,-32
"13321","1570力肯","110/07/14","國票-北高雄",68,0,68
"13322","1570力肯","110/07/14","摩根大通",0,21,-21
"13323","1570力肯","110/07/14","日盛-八德",30,1,29
"13324","1570力肯","110/07/14","新光",1,19,-18
"13325","1570力肯","110/07/14","玉山-高雄",7,0,7
"13326","1570力肯","110/07/14","(牛牛牛)亞-鑫豐",0,17,-17
"13327","1570力肯","110/07/14","臺銀-臺南",5,0,5
"13328","1570力肯","110/07/14","日盛-士林",0,10,-10
"13329","1570力肯","110/07/14","凱基-三峽",5,0,5
"13330","1570力肯","110/07/14","統一-員林",0,10,-10
"13331","1570力肯","110/07/14","元大-和平",5,0,5
"13332","1570力肯","110/07/14","國票-新莊",0,10,-10
"13333","1570力肯","110/07/14","合庫-三重",4,0,4
"13334","1570力肯","110/07/14","凱基-高美館",0,10,-10
"13335","1570力肯","110/07/14","瑞士信貸",4,0,4
"13336","1570力肯","110/07/14","元大-屏東民生",0,5,-5
"13337","1570力肯","110/07/14","統一-三多",4,0,4
"13338","1570力肯","110/07/14","元大-古亭",0,5,-5
"13339","1570力肯","110/07/14","華南永昌-古亭",4,0,4
"13340","1570力肯","110/07/14","日盛-木柵",0,4,-4
"13341","1570力肯","110/07/14","元大-高雄",3,0,3
"13342","1570力肯","110/07/14","大昌",0,4,-4
"13343","1570力肯","110/07/14","兆豐-忠孝",2,0,2
"13344","1570力肯","110/07/14","群益金鼎-東大",0,4,-4
"13345","1570力肯","110/07/14","富邦-陽明",2,0,2
"13346","1570力肯","110/07/14","凱基-台北",0,4,-4
"13347","1570力肯","110/07/14","元大-松山",2,0,2
"13348","1570力肯","110/07/14","元大-板橋",0,4,-4
"13349","1570力肯","110/07/14","元大-忠孝",2,0,2
"13350","1570力肯","110/07/14","第一金-中山",0,3,-3
"13351","2929淘帝","110/07/14","華南永昌-林口",60,0,60
"13352","2929淘帝","110/07/14","群益金鼎",25,540,-515
"13353","2929淘帝","110/07/14","美林",87,31,56
"13354","2929淘帝","110/07/14","國泰-台南",1,30,-29
"13355","2929淘帝","110/07/14","元富-台南",40,0,40
"13356","2929淘帝","110/07/14","宏遠-桃園",0,20,-20
"13357","2929淘帝","110/07/14","元大-民生",39,0,39
"13358","2929淘帝","110/07/14","摩根大通",11,31,-20
"13359","2929淘帝","110/07/14","臺銀-鳳山",34,0,34
"13360","2929淘帝","110/07/14","台新-建北",5,20,-15
"13361","2929淘帝","110/07/14","合庫-高雄",34,1,33
"13362","2929淘帝","110/07/14","新光",1,16,-15
"13363","2929淘帝","110/07/14","華南永昌-鶯歌",28,0,28
"13364","2929淘帝","110/07/14","玉山-板橋",0,15,-15
"13365","2929淘帝","110/07/14","永興",25,0,25
"13366","2929淘帝","110/07/14","凱基-羅東",0,15,-15
"13367","2929淘帝","110/07/14","元大-新盛",25,1,24
"13368","2929淘帝","110/07/14","元大-頭份",0,15,-15
"13369","2929淘帝","110/07/14","日盛-南京",23,0,23
"13370","2929淘帝","110/07/14","第一金-台南",0,13,-13
"13371","2929淘帝","110/07/14","日茂",20,0,20
"13372","2929淘帝","110/07/14","富邦-基隆",0,12,-12
"13373","2929淘帝","110/07/14","台新-台中",20,0,20
"13374","2929淘帝","110/07/14","日茂-南投",1,12,-11
"13375","2929淘帝","110/07/14","華南永昌",20,0,20
"13376","2929淘帝","110/07/14","元大-豐原站前",0,11,-11
"13377","2929淘帝","110/07/14","福勝",15,0,15
"13378","2929淘帝","110/07/14","玉山-士林",0,10,-10
"13379","2929淘帝","110/07/14","富邦-南屯",15,0,15
"13380","2929淘帝","110/07/14","富邦-台北",0,10,-10
"13381","5410國眾","110/07/14","兆豐-城中",35,0,35
"13382","5410國眾","110/07/14","瑞士信貸",0,29,-29
"13383","5410國眾","110/07/14","新光",21,1,20
"13384","5410國眾","110/07/14","國泰-板橋",1,30,-29
"13385","5410國眾","110/07/14","國泰-敦南",21,1,20
"13386","5410國眾","110/07/14","日盛-高雄",0,20,-20
"13387","5410國眾","110/07/14","國泰-台中",20,1,19
"13388","5410國眾","110/07/14","台新-左楠",1,20,-19
"13389","5410國眾","110/07/14","元大-崇德",19,0,19
"13390","5410國眾","110/07/14","元富-大昌",1,18,-17
"13391","5410國眾","110/07/14","土銀-士林",18,0,18
"13392","5410國眾","110/07/14","富邦-建國",0,15,-15
"13393","5410國眾","110/07/14","元大-新盛",20,2,18
"13394","5410國眾","110/07/14","元富-嘉義",0,12,-12
"13395","5410國眾","110/07/14","兆豐-高雄",15,0,15
"13396","5410國眾","110/07/14","永全-南崁",0,12,-12
"13397","5410國眾","110/07/14","宏遠-中和",10,0,10
"13398","5410國眾","110/07/14","元大-員林",0,11,-11
"13399","5410國眾","110/07/14","新光-桃園",10,0,10
"13400","5410國眾","110/07/14","高橋",0,10,-10
"13401","5410國眾","110/07/14","國泰-台南",10,0,10
"13402","5410國眾","110/07/14","永興",0,10,-10
"13403","5410國眾","110/07/14","元大-復北",10,0,10
"13404","5410國眾","110/07/14","華南永昌-三重",0,10,-10
"13405","5410國眾","110/07/14","元大-竹科",8,0,8
"13406","5410國眾","110/07/14","元大-苑裡",0,7,-7
"13407","5410國眾","110/07/14","台新-新營",6,0,6
"13408","5410國眾","110/07/14","港商野村",0,6,-6
"13409","5410國眾","110/07/14","日盛-士林",5,0,5
"13410","5410國眾","110/07/14","摩根大通",5,11,-6
"13411","2841台開","110/07/14","凱基-文心",73,0,73
"13412","2841台開","110/07/14","國泰-敦南",0,50,-50
"13413","2841台開","110/07/14","元富-潮州",30,0,30
"13414","2841台開","110/07/14","凱基-中壢",0,40,-40
"13415","2841台開","110/07/14","第一金-台中",20,0,20
"13416","2841台開","110/07/14","統一-新竹",0,24,-24
"13417","2841台開","110/07/14","華南永昌-新莊",20,0,20
"13418","2841台開","110/07/14","元富-草屯",0,20,-20
"13419","2841台開","110/07/14","永豐金-豐原",20,0,20
"13420","2841台開","110/07/14","台新-台南",0,20,-20
"13421","2841台開","110/07/14","國泰-館前",15,0,15
"13422","2841台開","110/07/14","永豐金-敦南",45,63,-18
"13423","2841台開","110/07/14","群益金鼎-基隆",12,0,12
"13424","2841台開","110/07/14","國票-北高雄",0,13,-13
"13425","2841台開","110/07/14","日盛-信義",10,0,10
"13426","2841台開","110/07/14","凱基-松山",0,10,-10
"13427","2841台開","110/07/14","台新-台中",10,0,10
"13428","2841台開","110/07/14","元大證券",0,10,-10
"13429","2841台開","110/07/14","新光",10,1,9
"13430","2841台開","110/07/14","元大-中壢",0,10,-10
"13431","2841台開","110/07/14","凱基-新店",8,0,8
"13432","2841台開","110/07/14","富邦-陽明",1,10,-9
"13433","2841台開","110/07/14","元大-斗信",7,0,7
"13434","2841台開","110/07/14","富邦-建國",0,9,-9
"13435","2841台開","110/07/14","元大-三重",6,0,6
"13436","2841台開","110/07/14","富邦-台南",0,8,-8
"13437","2841台開","110/07/14","永豐金-中和",6,0,6
"13438","2841台開","110/07/14","康和-澎湖",0,7,-7
"13439","2841台開","110/07/14","元富-成功",5,0,5
"13440","2841台開","110/07/14","日盛-斗六",0,6,-6
"13441","6207雷科","110/07/14","群益金鼎-台北",60,0,60
"13442","6207雷科","110/07/14","新加坡商瑞銀",10,56,-46
"13443","6207雷科","110/07/14","台新-高雄",43,3,40
"13444","6207雷科","110/07/14","國票-中和",0,41,-41
"13445","6207雷科","110/07/14","元大-高雄",19,0,19
"13446","6207雷科","110/07/14","元大-復北",0,33,-33
"13447","6207雷科","110/07/14","福勝",15,0,15
"13448","6207雷科","110/07/14","光和-和美",0,20,-20
"13449","6207雷科","110/07/14","群益金鼎-中山",15,0,15
"13450","6207雷科","110/07/14","群益金鼎-丹鳳",0,20,-20
"13451","6207雷科","110/07/14","元大-林園",15,0,15
"13452","6207雷科","110/07/14","第一金-路竹",0,10,-10
"13453","6207雷科","110/07/14","新光",12,0,12
"13454","6207雷科","110/07/14","元大-歸仁",0,10,-10
"13455","6207雷科","110/07/14","元大-大天母",10,0,10
"13456","6207雷科","110/07/14","宏遠-館前",0,9,-9
"13457","6207雷科","110/07/14","永豐金-忠孝",9,0,9
"13458","6207雷科","110/07/14","凱基-台北",12,20,-8
"13459","6207雷科","110/07/14","永豐金-新店",7,0,7
"13460","6207雷科","110/07/14","美林",0,7,-7
"13461","6207雷科","110/07/14","玉山-嘉義",6,0,6
"13462","6207雷科","110/07/14","摩根大通",16,23,-7
"13463","6207雷科","110/07/14","元大-屏東",6,0,6
"13464","6207雷科","110/07/14","凱基-高雄",1,7,-6
"13465","6207雷科","110/07/14","凱基-大安",5,0,5
"13466","6207雷科","110/07/14","台中銀-豐原",0,5,-5
"13467","6207雷科","110/07/14","富邦-台南",5,0,5
"13468","6207雷科","110/07/14","元大-新竹經國",0,5,-5
"13469","6207雷科","110/07/14","元大-成功",5,0,5
"13470","6207雷科","110/07/14","光和-田中",0,4,-4
"13471","3679新至陞","110/07/14","凱基-台北",31,6,25
"13472","3679新至陞","110/07/14","群益金鼎-東大",0,15,-15
"13473","3679新至陞","110/07/14","華南永昌-新莊",10,0,10
"13474","3679新至陞","110/07/14","瑞士信貸",0,12,-12
"13475","3679新至陞","110/07/14","新加坡商瑞銀",11,3,8
"13476","3679新至陞","110/07/14","群益金鼎-永和",0,10,-10
"13477","3679新至陞","110/07/14","美商高盛",6,0,6
"13478","3679新至陞","110/07/14","元大-成功",5,15,-10
"13479","3679新至陞","110/07/14","第一金-中壢",6,0,6
"13480","3679新至陞","110/07/14","統一-板橋",1,10,-9
"13481","3679新至陞","110/07/14","(牛牛牛)亞-網路",4,0,4
"13482","3679新至陞","110/07/14","玉山-左營",0,5,-5
"13483","3679新至陞","110/07/14","元大-六合",3,0,3
"13484","3679新至陞","110/07/14","群益金鼎-三民",0,4,-4
"13485","3679新至陞","110/07/14","合庫-自強",2,0,2
"13486","3679新至陞","110/07/14","富邦-宜蘭",0,4,-4
"13487","3679新至陞","110/07/14","高橋-內壢",2,0,2
"13488","3679新至陞","110/07/14","永豐金-苓雅",0,3,-3
"13489","3679新至陞","110/07/14","台中銀-員林",2,0,2
"13490","3679新至陞","110/07/14","摩根大通",5,7,-2
"13491","3679新至陞","110/07/14","凱基-高美館",2,0,2
"13492","3679新至陞","110/07/14","元大-板橋三民",0,2,-2
"13493","3679新至陞","110/07/14","元大-福營",2,0,2
"13494","3679新至陞","110/07/14","宏遠-中和",0,1,-1
"13495","3679新至陞","110/07/14","永豐金-松山",2,0,2
"13496","3679新至陞","110/07/14","元富-佳里",0,1,-1
"13497","3679新至陞","110/07/14","永豐金-萬盛",2,0,2
"13498","3679新至陞","110/07/14","(牛牛牛)亞-鑫豐",0,1,-1
"13499","3679新至陞","110/07/14","元富-松德",1,0,1
"13500","3679新至陞","110/07/14","中國信託-中壢",0,1,-1
"13501","2727王品","110/07/14","富邦-左營",102,1,101
"13502","2727王品","110/07/14","統一-城中",100,234,-134
"13503","2727王品","110/07/14","國泰-板橋",105,11,94
"13504","2727王品","110/07/14","富邦-台北",1,125,-124
"13505","2727王品","110/07/14","港商野村",149,72,77
"13506","2727王品","110/07/14","台灣摩根士丹利",1,48,-47
"13507","2727王品","110/07/14","合庫-台中",66,2,64
"13508","2727王品","110/07/14","國票-新莊",0,40,-40
"13509","2727王品","110/07/14","臺銀-金山",63,8,55
"13510","2727王品","110/07/14","永豐金-忠孝",2,39,-37
"13511","2727王品","110/07/14","摩根大通",83,39,44
"13512","2727王品","110/07/14","富邦-彰化",1,34,-33
"13513","2727王品","110/07/14","凱基-台北",84,42,42
"13514","2727王品","110/07/14","康和-高雄",0,30,-30
"13515","2727王品","110/07/14","土銀-台中",35,1,34
"13516","2727王品","110/07/14","安泰",0,26,-26
"13517","2727王品","110/07/14","華南永昌-麻豆",32,1,31
"13518","2727王品","110/07/14","富邦-新竹華信",0,21,-21
"13519","2727王品","110/07/14","元大證券",85,55,30
"13520","2727王品","110/07/14","元大-南崁",1,22,-21
"13521","2727王品","110/07/14","新加坡商瑞銀",40,15,25
"13522","2727王品","110/07/14","彰銀-台中",0,18,-18
"13523","2727王品","110/07/14","日盛-八德",19,0,19
"13524","2727王品","110/07/14","元富-同大",2,20,-18
"13525","2727王品","110/07/14","統一",35,17,18
"13526","2727王品","110/07/14","玉山-嘉義",1,17,-16
"13527","2727王品","110/07/14","元富-大昌",18,1,17
"13528","2727王品","110/07/14","國泰-館前",4,20,-16
"13529","2727王品","110/07/14","玉山-板橋",15,1,14
"13530","2727王品","110/07/14","第一金-嘉義",1,13,-12
"13531","1570力肯","110/07/14","國票-北高雄",68,0,68
"13532","1570力肯","110/07/14","摩根大通",0,21,-21
"13533","1570力肯","110/07/14","日盛-八德",30,1,29
"13534","1570力肯","110/07/14","新光",1,19,-18
"13535","1570力肯","110/07/14","玉山-高雄",7,0,7
"13536","1570力肯","110/07/14","(牛牛牛)亞-鑫豐",0,17,-17
"13537","1570力肯","110/07/14","臺銀-臺南",5,0,5
"13538","1570力肯","110/07/14","日盛-士林",0,10,-10
"13539","1570力肯","110/07/14","凱基-三峽",5,0,5
"13540","1570力肯","110/07/14","統一-員林",0,10,-10
"13541","1570力肯","110/07/14","元大-和平",5,0,5
"13542","1570力肯","110/07/14","國票-新莊",0,10,-10
"13543","1570力肯","110/07/14","合庫-三重",4,0,4
"13544","1570力肯","110/07/14","凱基-高美館",0,10,-10
"13545","1570力肯","110/07/14","瑞士信貸",4,0,4
"13546","1570力肯","110/07/14","元大-屏東民生",0,5,-5
"13547","1570力肯","110/07/14","統一-三多",4,0,4
"13548","1570力肯","110/07/14","元大-古亭",0,5,-5
"13549","1570力肯","110/07/14","華南永昌-古亭",4,0,4
"13550","1570力肯","110/07/14","日盛-木柵",0,4,-4
"13551","1570力肯","110/07/14","元大-高雄",3,0,3
"13552","1570力肯","110/07/14","大昌",0,4,-4
"13553","1570力肯","110/07/14","兆豐-忠孝",2,0,2
"13554","1570力肯","110/07/14","群益金鼎-東大",0,4,-4
"13555","1570力肯","110/07/14","富邦-陽明",2,0,2
"13556","1570力肯","110/07/14","凱基-台北",0,4,-4
"13557","1570力肯","110/07/14","元大-松山",2,0,2
"13558","1570力肯","110/07/14","元大-板橋",0,4,-4
"13559","1570力肯","110/07/14","元大-忠孝",2,0,2
"13560","1570力肯","110/07/14","第一金-中山",0,3,-3
"13561","6180橘子","110/07/14","新加坡商瑞銀",84,28,56
"13562","6180橘子","110/07/14","凱基-台北",4,37,-33
"13563","6180橘子","110/07/14","日盛-信義",29,1,28
"13564","6180橘子","110/07/14","玉山-台南",1,22,-21
"13565","6180橘子","110/07/14","豐農",28,4,24
"13566","6180橘子","110/07/14","日盛-新竹",1,21,-20
"13567","6180橘子","110/07/14","新光-新竹",24,1,23
"13568","6180橘子","110/07/14","元富-潮州",0,19,-19
"13569","6180橘子","110/07/14","華南永昌-高雄",20,0,20
"13570","6180橘子","110/07/14","元大-信義",0,17,-17
"13571","6180橘子","110/07/14","元大-羅東",20,0,20
"13572","6180橘子","110/07/14","台灣企銀-台中",1,16,-15
"13573","6180橘子","110/07/14","元大-台中中港",20,0,20
"13574","6180橘子","110/07/14","元大-北港",0,15,-15
"13575","6180橘子","110/07/14","富邦-嘉義",24,5,19
"13576","6180橘子","110/07/14","富邦-高雄",0,14,-14
"13577","6180橘子","110/07/14","富邦-仁愛",15,0,15
"13578","6180橘子","110/07/14","兆豐-埔墘",0,13,-13
"13579","6180橘子","110/07/14","國票-九鼎",13,0,13
"13580","6180橘子","110/07/14","第一金-中山",0,10,-10
"13581","6180橘子","110/07/14","日盛-木柵",12,0,12
"13582","6180橘子","110/07/14","元大-彰化民生",0,10,-10
"13583","6180橘子","110/07/14","元大-成功",10,0,10
"13584","6180橘子","110/07/14","福勝",1,10,-9
"13585","6180橘子","110/07/14","港商野村",10,2,8
"13586","6180橘子","110/07/14","群益金鼎-丹鳳",1,10,-9
"13587","6180橘子","110/07/14","玉山-左營",8,0,8
"13588","6180橘子","110/07/14","群益金鼎-板橋",0,8,-8
"13589","6180橘子","110/07/14","富邦-陽明",16,8,8
"13590","6180橘子","110/07/14","合庫-鳳山",0,7,-7
"13591","2390云辰","110/07/14","摩根大通",995,198,797
"13592","2390云辰","110/07/14","新加坡商瑞銀",28,399,-371
"13593","2390云辰","110/07/14","美林",383,22,361
"13594","2390云辰","110/07/14","凱基-新豐",3,198,-195
"13595","2390云辰","110/07/14","台灣摩根士丹利",684,358,326
"13596","2390云辰","110/07/14","元大-士林",1,152,-151
"13597","2390云辰","110/07/14","凱基-台北",656,402,254
"13598","2390云辰","110/07/14","元大-竹山",80,181,-101
"13599","2390云辰","110/07/14","日盛-和美",110,5,105
"13600","2390云辰","110/07/14","群益金鼎-開元",19,95,-76
"13601","2390云辰","110/07/14","元大-天母",72,0,72
"13602","2390云辰","110/07/14","新光",77,150,-73
"13603","2390云辰","110/07/14","永豐金-松山",57,0,57
"13604","2390云辰","110/07/14","元富-高雄",0,71,-71
"13605","2390云辰","110/07/14","統一-屏東",53,0,53
"13606","2390云辰","110/07/14","元大-土城學府",130,201,-71
"13607","2390云辰","110/07/14","港商野村",486,450,36
"13608","2390云辰","110/07/14","元大-善化",12,76,-64
"13609","2390云辰","110/07/14","致和-崇德",30,0,30
"13610","2390云辰","110/07/14","華南永昌-岡山",23,81,-58
"13611","2390云辰","110/07/14","富邦-台北",40,14,26
"13612","2390云辰","110/07/14","群益金鼎-大興",82,125,-43
"13613","2390云辰","110/07/14","台新-高雄",38,13,25
"13614","2390云辰","110/07/14","大慶-中壢",0,41,-41
"13615","2390云辰","110/07/14","富邦-板橋",32,7,25
"13616","2390云辰","110/07/14","玉山-板橋",6,47,-41
"13617","2390云辰","110/07/14","陽信-石牌",24,0,24
"13618","2390云辰","110/07/14","富邦-台東",2,42,-40
"13619","2390云辰","110/07/14","凱基-屏東",32,8,24
"13620","2390云辰","110/07/14","元大-新營",3,42,-39
"13621","2363矽統","110/07/13","凱基-南崁",2133,63,2070
"13622","2363矽統","110/07/13","凱基-幸福",36,4048,-4012
"13623","2363矽統","110/07/13","國泰-敦南",2195,1617,578
"13624","2363矽統","110/07/13","統一",192,3325,-3133
"13625","2363矽統","110/07/13","中農",670,139,531
"13626","2363矽統","110/07/13","新加坡商瑞銀",1000,2747,-1747
"13627","2363矽統","110/07/13","康和-台中",638,154,484
"13628","2363矽統","110/07/13","凱基-台北",5359,6609,-1250
"13629","2363矽統","110/07/13","群益金鼎-三民",577,137,440
"13630","2363矽統","110/07/13","摩根大通",1930,2858,-928
"13631","2363矽統","110/07/13","台新-屏東",510,88,422
"13632","2363矽統","110/07/13","港商野村",960,1679,-719
"13633","2363矽統","110/07/13","德信-中正",455,67,388
"13634","2363矽統","110/07/13","兆豐-復興",25,705,-680
"13635","2363矽統","110/07/13","日盛-竹北",365,70,295
"13636","2363矽統","110/07/13","統一-仁愛",114,755,-641
"13637","2363矽統","110/07/13","元大-佳里",452,189,263
"13638","2363矽統","110/07/13","統一-敦南",29,638,-609
"13639","2363矽統","110/07/13","國票-博愛",296,38,258
"13640","2363矽統","110/07/13","統一-土城",100,704,-604
"13641","2363矽統","110/07/13","元大-萬華",340,95,245
"13642","2363矽統","110/07/13","統一-城中",116,676,-560
"13643","2363矽統","110/07/13","新光",1259,1031,228
"13644","2363矽統","110/07/13","永豐金證券",306,859,-553
"13645","2363矽統","110/07/13","元富-成功",323,96,227
"13646","2363矽統","110/07/13","元富",54,567,-513
"13647","2363矽統","110/07/13","豐農",228,23,205
"13648","2363矽統","110/07/13","瑞士信貸",202,666,-464
"13649","2363矽統","110/07/13","台灣企銀-岡山",186,4,182
"13650","2363矽統","110/07/13","永豐金-嘉義",67,468,-401
"13651","8112至上","110/07/13","摩根大通",688,296,392
"13652","8112至上","110/07/13","國票-中和",0,401,-401
"13653","8112至上","110/07/13","港商野村",344,145,199
"13654","8112至上","110/07/13","永豐金-板盛",0,205,-205
"13655","8112至上","110/07/13","兆豐-公益",195,5,190
"13656","8112至上","110/07/13","凱基-五股",43,155,-112
"13657","8112至上","110/07/13","台灣摩根士丹利",183,0,183
"13658","8112至上","110/07/13","凱基-市政",0,100,-100
"13659","8112至上","110/07/13","群益金鼎-敦南",153,2,151
"13660","8112至上","110/07/13","元大-大里德芳",1,92,-91
"13661","8112至上","110/07/13","臺銀-金山",146,26,120
"13662","8112至上","110/07/13","玉山-桃園",26,110,-84
"13663","8112至上","110/07/13","臺銀",133,19,114
"13664","8112至上","110/07/13","兆豐-天母",0,81,-81
"13665","8112至上","110/07/13","合庫-台中",115,6,109
"13666","8112至上","110/07/13","凱基-城中",3,84,-81
"13667","8112至上","110/07/13","亞東-板橋",134,26,108
"13668","8112至上","110/07/13","日盛-新莊",9,85,-76
"13669","8112至上","110/07/13","凱基-台北",414,326,88
"13670","8112至上","110/07/13","日盛-台中",2,64,-62
"13671","8112至上","110/07/13","新加坡商瑞銀",181,100,81
"13672","8112至上","110/07/13","日盛-中壢",3,64,-61
"13673","8112至上","110/07/13","國泰-敦南",108,31,77
"13674","8112至上","110/07/13","元大-台中",2,59,-57
"13675","8112至上","110/07/13","第一金-華江",77,4,73
"13676","8112至上","110/07/13","元大-雙和",7,64,-57
"13677","8112至上","110/07/13","永豐金-內湖",73,1,72
"13678","8112至上","110/07/13","元大-高雄",8,62,-54
"13679","8112至上","110/07/13","元大-永和",68,1,67
"13680","8112至上","110/07/13","元大-館前",2,55,-53
"13681","1570力肯","110/07/13","新光",115,11,104
"13682","1570力肯","110/07/13","元大-北三重",0,162,-162
"13683","1570力肯","110/07/13","群益金鼎-高雄",54,0,54
"13684","1570力肯","110/07/13","元大-大灣",0,25,-25
"13685","1570力肯","110/07/13","國票-新莊",22,0,22
"13686","1570力肯","110/07/13","永豐金-苓雅",0,22,-22
"13687","1570力肯","110/07/13","日盛-桃園",12,0,12
"13688","1570力肯","110/07/13","永豐金-永康",0,19,-19
"13689","1570力肯","110/07/13","元大-高雄",12,0,12
"13690","1570力肯","110/07/13","富邦-員林",0,15,-15
"13691","1570力肯","110/07/13","合庫-自強",11,0,11
"13692","1570力肯","110/07/13","凱基-台南",0,11,-11
"13693","1570力肯","110/07/13","摩根大通",26,15,11
"13694","1570力肯","110/07/13","日盛-竹北",0,10,-10
"13695","1570力肯","110/07/13","永豐金-中盛",11,0,11
"13696","1570力肯","110/07/13","國票-九鼎",0,10,-10
"13697","1570力肯","110/07/13","兆豐-台中港",10,0,10
"13698","1570力肯","110/07/13","凱基-桃園",0,10,-10
"13699","1570力肯","110/07/13","國泰-松江",9,0,9
"13700","1570力肯","110/07/13","凱基-新豐",0,10,-10
"13701","1570力肯","110/07/13","元大-新盛",9,0,9
"13702","1570力肯","110/07/13","元大-學甲",0,10,-10
"13703","1570力肯","110/07/13","元富-緯城",6,0,6
"13704","1570力肯","110/07/13","群益金鼎-東湖",1,10,-9
"13705","1570力肯","110/07/13","統一-三重",5,0,5
"13706","1570力肯","110/07/13","大昌",0,6,-6
"13707","1570力肯","110/07/13","元大-前金",5,0,5
"13708","1570力肯","110/07/13","元大-土城學府",0,6,-6
"13709","1570力肯","110/07/13","永豐金證券",5,0,5
"13710","1570力肯","110/07/13","統一",0,5,-5
"13711","2929淘帝","110/07/13","玉山-新竹",130,0,130
"13712","2929淘帝","110/07/13","美商高盛",0,177,-177
"13713","2929淘帝","110/07/13","臺銀-民權",60,0,60
"13714","2929淘帝","110/07/13","凱基-台北",6,80,-74
"13715","2929淘帝","110/07/13","新百王",31,0,31
"13716","2929淘帝","110/07/13","元富-大裕",0,49,-49
"13717","2929淘帝","110/07/13","日盛-園區",30,0,30
"13718","2929淘帝","110/07/13","國泰-館前",3,51,-48
"13719","2929淘帝","110/07/13","元大-南投",31,1,30
"13720","2929淘帝","110/07/13","凱基-中壢",0,41,-41
"13721","2929淘帝","110/07/13","兆豐-忠孝",28,0,28
"13722","2929淘帝","110/07/13","港商野村",21,55,-34
"13723","2929淘帝","110/07/13","元大-民生",28,0,28
"13724","2929淘帝","110/07/13","華南永昌-南京",2,34,-32
"13725","2929淘帝","110/07/13","合庫-高雄",27,0,27
"13726","2929淘帝","110/07/13","群益金鼎-土城",0,30,-30
"13727","2929淘帝","110/07/13","凱基-豐中",27,0,27
"13728","2929淘帝","110/07/13","富邦-南屯",0,22,-22
"13729","2929淘帝","110/07/13","新光",21,4,17
"13730","2929淘帝","110/07/13","第一金-豐原",0,20,-20
"13731","2929淘帝","110/07/13","元大-天母",17,0,17
"13732","2929淘帝","110/07/13","元大-屏南",6,26,-20
"13733","2929淘帝","110/07/13","永興",14,0,14
"13734","2929淘帝","110/07/13","永豐金-敦南",1,21,-20
"13735","2929淘帝","110/07/13","富邦-台北",12,0,12
"13736","2929淘帝","110/07/13","凱基-三重",2,21,-19
"13737","2929淘帝","110/07/13","元大-永和",12,0,12
"13738","2929淘帝","110/07/13","富邦-仁愛",7,25,-18
"13739","2929淘帝","110/07/13","國票-天祥",11,0,11
"13740","2929淘帝","110/07/13","元大-北投",0,16,-16
"13741","5410國眾","110/07/13","兆豐-城中",274,0,274
"13742","5410國眾","110/07/13","元富-嘉義",0,103,-103
"13743","5410國眾","110/07/13","新光",50,4,46
"13744","5410國眾","110/07/13","凱基-台北",0,50,-50
"13745","5410國眾","110/07/13","國泰-台中",26,0,26
"13746","5410國眾","110/07/13","瑞士信貸",0,31,-31
"13747","5410國眾","110/07/13","新加坡商瑞銀",22,0,22
"13748","5410國眾","110/07/13","台新-新莊",0,27,-27
"13749","5410國眾","110/07/13","光和-嘉義",20,0,20
"13750","5410國眾","110/07/13","元大-汐止",0,20,-20
"13751","5410國眾","110/07/13","凱基-竹北",17,0,17
"13752","5410國眾","110/07/13","亞東-新竹",0,17,-17
"13753","5410國眾","110/07/13","新光-桃園",15,0,15
"13754","5410國眾","110/07/13","元大-南勢角",0,13,-13
"13755","5410國眾","110/07/13","凱基-台東",14,0,14
"13756","5410國眾","110/07/13","台新-台南",0,12,-12
"13757","5410國眾","110/07/13","富邦-竹北",11,0,11
"13758","5410國眾","110/07/13","中國信託",0,11,-11
"13759","5410國眾","110/07/13","元富-同大",10,0,10
"13760","5410國眾","110/07/13","華南永昌",0,11,-11
"13761","5410國眾","110/07/13","國泰-敦南",24,15,9
"13762","5410國眾","110/07/13","臺銀-臺南",0,10,-10
"13763","5410國眾","110/07/13","日盛-內湖",7,0,7
"13764","5410國眾","110/07/13","台灣企銀-民雄",0,10,-10
"13765","5410國眾","110/07/13","台新-左楠",7,0,7
"13766","5410國眾","110/07/13","高橋",0,10,-10
"13767","5410國眾","110/07/13","元大-新盛",18,12,6
"13768","5410國眾","110/07/13","康和-嘉義",0,10,-10
"13769","5410國眾","110/07/13","統一",5,0,5
"13770","5410國眾","110/07/13","凱基-基隆",0,10,-10
"13771","2841台開","110/07/13","中國信託-高雄",251,50,201
"13772","2841台開","110/07/13","兆豐-公益",0,177,-177
"13773","2841台開","110/07/13","日盛證券",210,13,197
"13774","2841台開","110/07/13","日進",0,152,-152
"13775","2841台開","110/07/13","第一金-台中",55,0,55
"13776","2841台開","110/07/13","港商野村",0,109,-109
"13777","2841台開","110/07/13","國泰-板橋",46,0,46
"13778","2841台開","110/07/13","日盛-信義",0,103,-103
"13779","2841台開","110/07/13","國泰-館前",48,3,45
"13780","2841台開","110/07/13","國泰-敦南",11,75,-64
"13781","2841台開","110/07/13","華南永昌-新莊",45,0,45
"13782","2841台開","110/07/13","永興",0,50,-50
"13783","2841台開","110/07/13","日盛-園區",42,0,42
"13784","2841台開","110/07/13","永豐金-敦南",61,104,-43
"13785","2841台開","110/07/13","台新證券",32,0,32
"13786","2841台開","110/07/13","富邦-台南",0,42,-42
"13787","2841台開","110/07/13","台新-高雄",32,2,30
"13788","2841台開","110/07/13","國票-安和",0,30,-30
"13789","2841台開","110/07/13","豐農",23,0,23
"13790","2841台開","110/07/13","元大-桃園",0,25,-25
"13791","2841台開","110/07/13","合庫-嘉義",20,0,20
"13792","2841台開","110/07/13","新光",8,32,-24
"13793","2841台開","110/07/13","華南永昌-高雄",20,0,20
"13794","2841台開","110/07/13","元大-仁愛",0,24,-24
"13795","2841台開","110/07/13","元大-樹林",16,0,16
"13796","2841台開","110/07/13","日盛-中和",0,20,-20
"13797","2841台開","110/07/13","第一金-華江",15,2,13
"13798","2841台開","110/07/13","元富",0,20,-20
"13799","2841台開","110/07/13","美商高盛",12,0,12
"13800","2841台開","110/07/13","富邦-宜蘭",0,20,-20
"13801","6207雷科","110/07/13","元大-高雄",121,0,121
"13802","6207雷科","110/07/13","華南永昌-朴子",1,60,-59
"13803","6207雷科","110/07/13","第一金-新興",20,0,20
"13804","6207雷科","110/07/13","元大-南海",0,36,-36
"13805","6207雷科","110/07/13","元富-三重",20,0,20
"13806","6207雷科","110/07/13","凱基-土城",0,35,-35
"13807","6207雷科","110/07/13","元大-林園",15,0,15
"13808","6207雷科","110/07/13","台灣企銀",0,20,-20
"13809","6207雷科","110/07/13","元大-金華",16,1,15
"13810","6207雷科","110/07/13","群益金鼎-丹鳳",0,20,-20
"13811","6207雷科","110/07/13","日盛證券",10,0,10
"13812","6207雷科","110/07/13","元大-博愛",0,17,-17
"13813","6207雷科","110/07/13","統一-台中",10,0,10
"13814","6207雷科","110/07/13","元大-北港",0,13,-13
"13815","6207雷科","110/07/13","群益金鼎-土城",10,0,10
"13816","6207雷科","110/07/13","新加坡商瑞銀",0,12,-12
"13817","6207雷科","110/07/13","群益金鼎-桃園",10,0,10
"13818","6207雷科","110/07/13","凱基-台北",4,16,-12
"13819","6207雷科","110/07/13","永豐金-新莊",10,0,10
"13820","6207雷科","110/07/13","日茂-埔里",0,11,-11
"13821","6207雷科","110/07/13","永豐金-新店",10,0,10
"13822","6207雷科","110/07/13","元大-莒光",0,11,-11
"13823","6207雷科","110/07/13","元大證券",9,0,9
"13824","6207雷科","110/07/13","統一-新竹",0,10,-10
"13825","6207雷科","110/07/13","日盛-木柵",9,1,8
"13826","6207雷科","110/07/13","元大-西螺",0,10,-10
"13827","6207雷科","110/07/13","兆豐-來福",8,0,8
"13828","6207雷科","110/07/13","康和-台中",0,8,-8
"13829","6207雷科","110/07/13","新光",7,0,7
"13830","6207雷科","110/07/13","兆豐-高雄",0,6,-6
"13831","3679新至陞","110/07/13","永豐金證券",50,0,50
"13832","3679新至陞","110/07/13","摩根大通",2,25,-23
"13833","3679新至陞","110/07/13","國泰-桃園",22,0,22
"13834","3679新至陞","110/07/13","元大-成功",0,22,-22
"13835","3679新至陞","110/07/13","台中銀-員林",11,0,11
"13836","3679新至陞","110/07/13","富邦-板橋",1,19,-18
"13837","3679新至陞","110/07/13","元大-文心興安",8,0,8
"13838","3679新至陞","110/07/13","日盛-新莊",0,10,-10
"13839","3679新至陞","110/07/13","美商高盛",6,0,6
"13840","3679新至陞","110/07/13","台新-台中",0,10,-10
"13841","3679新至陞","110/07/13","台新-高雄",6,0,6
"13842","3679新至陞","110/07/13","永豐金-新竹",0,8,-8
"13843","3679新至陞","110/07/13","凱基-台北",18,12,6
"13844","3679新至陞","110/07/13","瑞士信貸",12,19,-7
"13845","3679新至陞","110/07/13","日盛-復興",5,0,5
"13846","3679新至陞","110/07/13","統一-南京",0,7,-7
"13847","3679新至陞","110/07/13","(牛牛牛)亞-鑫豐",4,0,4
"13848","3679新至陞","110/07/13","凱基-新莊",0,7,-7
"13849","3679新至陞","110/07/13","元富-大昌",3,0,3
"13850","3679新至陞","110/07/13","新加坡商瑞銀",0,6,-6
"13851","3679新至陞","110/07/13","富邦-台北",3,0,3
"13852","3679新至陞","110/07/13","合庫-自強",0,5,-5
"13853","3679新至陞","110/07/13","日盛-樹林",2,0,2
"13854","3679新至陞","110/07/13","富邦-桃園",0,5,-5
"13855","3679新至陞","110/07/13","宏遠-光隆",2,0,2
"13856","3679新至陞","110/07/13","永豐金-潮州",0,4,-4
"13857","3679新至陞","110/07/13","美林",3,1,2
"13858","3679新至陞","110/07/13","臺銀-臺南",0,3,-3
"13859","3679新至陞","110/07/13","第一金-中壢",2,0,2
"13860","3679新至陞","110/07/13","元大-六合",0,3,-3
"13861","2727王品","110/07/13","富邦-台北",43,3,40
"13862","2727王品","110/07/13","台灣摩根士丹利",15,97,-82
"13863","2727王品","110/07/13","元大-基隆孝二",40,0,40
"13864","2727王品","110/07/13","玉山-台南",5,57,-52
"13865","2727王品","110/07/13","國票-新莊",40,1,39
"13866","2727王品","110/07/13","新加坡商瑞銀",0,48,-48
"13867","2727王品","110/07/13","第一金-豐原",66,42,24
"13868","2727王品","110/07/13","凱基-台北",41,77,-36
"13869","2727王品","110/07/13","永豐金-大園",34,10,24
"13870","2727王品","110/07/13","永豐金-永康",0,22,-22
"13871","2727王品","110/07/13","元大-北屯",22,0,22
"13872","2727王品","110/07/13","統一-台中",2,22,-20
"13873","2727王品","110/07/13","元大-東蘆",26,7,19
"13874","2727王品","110/07/13","國泰-台中",21,39,-18
"13875","2727王品","110/07/13","永豐金-萬盛",13,1,12
"13876","2727王品","110/07/13","合庫-彰化",3,20,-17
"13877","2727王品","110/07/13","日盛-嘉義",11,0,11
"13878","2727王品","110/07/13","港商野村",13,30,-17
"13879","2727王品","110/07/13","日盛-八德",11,0,11
"13880","2727王品","110/07/13","元大-楊梅",1,16,-15
"13881","2727王品","110/07/13","統一-竹南",11,0,11
"13882","2727王品","110/07/13","凱基-高美館",2,15,-13
"13883","2727王品","110/07/13","日盛-士林",12,2,10
"13884","2727王品","110/07/13","美商高盛",2,14,-12
"13885","2727王品","110/07/13","統一-敦南",10,0,10
"13886","2727王品","110/07/13","統一-平鎮",1,13,-12
"13887","2727王品","110/07/13","中國信託",15,5,10
"13888","2727王品","110/07/13","兆豐-台中港",4,16,-12
"13889","2727王品","110/07/13","兆豐-竹北",13,3,10
"13890","2727王品","110/07/13","凱基-八德",1,13,-12
"13891","1570力肯","110/07/13","新光",115,11,104
"13892","1570力肯","110/07/13","元大-北三重",0,162,-162
"13893","1570力肯","110/07/13","群益金鼎-高雄",54,0,54
"13894","1570力肯","110/07/13","元大-大灣",0,25,-25
"13895","1570力肯","110/07/13","國票-新莊",22,0,22
"13896","1570力肯","110/07/13","永豐金-苓雅",0,22,-22
"13897","1570力肯","110/07/13","日盛-桃園",12,0,12
"13898","1570力肯","110/07/13","永豐金-永康",0,19,-19
"13899","1570力肯","110/07/13","元大-高雄",12,0,12
"13900","1570力肯","110/07/13","富邦-員林",0,15,-15
"13901","1570力肯","110/07/13","合庫-自強",11,0,11
"13902","1570力肯","110/07/13","凱基-台南",0,11,-11
"13903","1570力肯","110/07/13","摩根大通",26,15,11
"13904","1570力肯","110/07/13","日盛-竹北",0,10,-10
"13905","1570力肯","110/07/13","永豐金-中盛",11,0,11
"13906","1570力肯","110/07/13","國票-九鼎",0,10,-10
"13907","1570力肯","110/07/13","兆豐-台中港",10,0,10
"13908","1570力肯","110/07/13","凱基-桃園",0,10,-10
"13909","1570力肯","110/07/13","國泰-松江",9,0,9
"13910","1570力肯","110/07/13","凱基-新豐",0,10,-10
"13911","1570力肯","110/07/13","元大-新盛",9,0,9
"13912","1570力肯","110/07/13","元大-學甲",0,10,-10
"13913","1570力肯","110/07/13","元富-緯城",6,0,6
"13914","1570力肯","110/07/13","群益金鼎-東湖",1,10,-9
"13915","1570力肯","110/07/13","統一-三重",5,0,5
"13916","1570力肯","110/07/13","大昌",0,6,-6
"13917","1570力肯","110/07/13","元大-前金",5,0,5
"13918","1570力肯","110/07/13","元大-土城學府",0,6,-6
"13919","1570力肯","110/07/13","永豐金證券",5,0,5
"13920","1570力肯","110/07/13","統一",0,5,-5
"13921","6180橘子","110/07/13","摩根大通",119,0,119
"13922","6180橘子","110/07/13","元大-崇德",2,61,-59
"13923","6180橘子","110/07/13","美商高盛",96,0,96
"13924","6180橘子","110/07/13","康和-台中",0,51,-51
"13925","6180橘子","110/07/13","新加坡商瑞銀",86,7,79
"13926","6180橘子","110/07/13","康和-台北",0,50,-50
"13927","6180橘子","110/07/13","元大-和平",40,0,40
"13928","6180橘子","110/07/13","元富-潮州",0,40,-40
"13929","6180橘子","110/07/13","凱基-台北",83,47,36
"13930","6180橘子","110/07/13","日盛-永康",0,26,-26
"13931","6180橘子","110/07/13","美林",39,5,34
"13932","6180橘子","110/07/13","永豐金-中正",0,24,-24
"13933","6180橘子","110/07/13","富邦-新竹華信",31,2,29
"13934","6180橘子","110/07/13","國泰-板橋",2,25,-23
"13935","6180橘子","110/07/13","統一-南京",21,0,21
"13936","6180橘子","110/07/13","日盛-大墩",0,20,-20
"13937","6180橘子","110/07/13","富邦-陽明",24,3,21
"13938","6180橘子","110/07/13","元大-草屯",13,32,-19
"13939","6180橘子","110/07/13","大昌-樹林",21,1,20
"13940","6180橘子","110/07/13","元富-林園",1,18,-17
"13941","6180橘子","110/07/13","花旗環球",19,0,19
"13942","6180橘子","110/07/13","新光-新竹",1,18,-17
"13943","6180橘子","110/07/13","華南永昌-台南",19,0,19
"13944","6180橘子","110/07/13","元大-土城永寧",0,17,-17
"13945","6180橘子","110/07/13","福勝",14,0,14
"13946","6180橘子","110/07/13","國泰-新莊",3,19,-16
"13947","6180橘子","110/07/13","富邦-嘉義",12,1,11
"13948","6180橘子","110/07/13","中國信託-永康",6,21,-15
"13949","6180橘子","110/07/13","元大-板橋三民",11,0,11
"13950","6180橘子","110/07/13","凱基-東港",1,15,-14
"13951","2390云辰","110/07/13","新加坡商瑞銀",562,75,487
"13952","2390云辰","110/07/13","大展-台南",0,532,-532
"13953","2390云辰","110/07/13","台灣摩根士丹利",330,155,175
"13954","2390云辰","110/07/13","凱基-台北",668,854,-186
"13955","2390云辰","110/07/13","兆豐-公益",126,25,101
"13956","2390云辰","110/07/13","凱基-三重",12,172,-160
"13957","2390云辰","110/07/13","元富-中港",100,2,98
"13958","2390云辰","110/07/13","兆豐-忠孝",4,161,-157
"13959","2390云辰","110/07/13","統一-新台中",106,9,97
"13960","2390云辰","110/07/13","元大-士林",19,170,-151
"13961","2390云辰","110/07/13","中國信託-松江",81,11,70
"13962","2390云辰","110/07/13","臺銀-新竹",14,117,-103
"13963","2390云辰","110/07/13","日盛-板橋",72,3,69
"13964","2390云辰","110/07/13","國票-台中",4,102,-98
"13965","2390云辰","110/07/13","日盛-和美",57,0,57
"13966","2390云辰","110/07/13","新光",147,232,-85
"13967","2390云辰","110/07/13","永豐金-桃園",88,36,52
"13968","2390云辰","110/07/13","致和-崇德",2,70,-68
"13969","2390云辰","110/07/13","玉山-士林",54,4,50
"13970","2390云辰","110/07/13","群益金鼎-屏東",2,70,-68
"13971","2390云辰","110/07/13","富邦-仁愛",56,6,50
"13972","2390云辰","110/07/13","元大-大里",35,98,-63
"13973","2390云辰","110/07/13","第一金-豐原",50,1,49
"13974","2390云辰","110/07/13","元大-萬華",35,94,-59
"13975","2390云辰","110/07/13","摩根大通",502,453,49
"13976","2390云辰","110/07/13","元富-吉利",2,60,-58
"13977","2390云辰","110/07/13","凱基-松山",61,13,48
"13978","2390云辰","110/07/13","兆豐-新竹",3,53,-50
"13979","2390云辰","110/07/13","大昌",64,22,42
"13980","2390云辰","110/07/13","富邦-嘉義",65,108,-43
"13981","2363矽統","110/07/13","凱基-南崁",2133,63,2070
"13982","2363矽統","110/07/13","凱基-幸福",36,4048,-4012
"13983","2363矽統","110/07/13","國泰-敦南",2195,1617,578
"13984","2363矽統","110/07/13","統一",192,3325,-3133
"13985","2363矽統","110/07/13","中農",670,139,531
"13986","2363矽統","110/07/13","新加坡商瑞銀",1000,2747,-1747
"13987","2363矽統","110/07/13","康和-台中",638,154,484
"13988","2363矽統","110/07/13","凱基-台北",5359,6609,-1250
"13989","2363矽統","110/07/13","群益金鼎-三民",577,137,440
"13990","2363矽統","110/07/13","摩根大通",1930,2858,-928
"13991","2363矽統","110/07/13","台新-屏東",510,88,422
"13992","2363矽統","110/07/13","港商野村",960,1679,-719
"13993","2363矽統","110/07/13","德信-中正",455,67,388
"13994","2363矽統","110/07/13","兆豐-復興",25,705,-680
"13995","2363矽統","110/07/13","日盛-竹北",365,70,295
"13996","2363矽統","110/07/13","統一-仁愛",114,755,-641
"13997","2363矽統","110/07/13","元大-佳里",452,189,263
"13998","2363矽統","110/07/13","統一-敦南",29,638,-609
"13999","2363矽統","110/07/13","國票-博愛",296,38,258
"14000","2363矽統","110/07/13","統一-土城",100,704,-604
"14001","2363矽統","110/07/13","元大-萬華",340,95,245
"14002","2363矽統","110/07/13","統一-城中",116,676,-560
"14003","2363矽統","110/07/13","新光",1259,1031,228
"14004","2363矽統","110/07/13","永豐金證券",306,859,-553
"14005","2363矽統","110/07/13","元富-成功",323,96,227
"14006","2363矽統","110/07/13","元富",54,567,-513
"14007","2363矽統","110/07/13","豐農",228,23,205
"14008","2363矽統","110/07/13","瑞士信貸",202,666,-464
"14009","2363矽統","110/07/13","台灣企銀-岡山",186,4,182
"14010","2363矽統","110/07/13","永豐金-嘉義",67,468,-401
"14011","8112至上","110/07/13","摩根大通",688,296,392
"14012","8112至上","110/07/13","國票-中和",0,401,-401
"14013","8112至上","110/07/13","港商野村",344,145,199
"14014","8112至上","110/07/13","永豐金-板盛",0,205,-205
"14015","8112至上","110/07/13","兆豐-公益",195,5,190
"14016","8112至上","110/07/13","凱基-五股",43,155,-112
"14017","8112至上","110/07/13","台灣摩根士丹利",183,0,183
"14018","8112至上","110/07/13","凱基-市政",0,100,-100
"14019","8112至上","110/07/13","群益金鼎-敦南",153,2,151
"14020","8112至上","110/07/13","元大-大里德芳",1,92,-91
"14021","8112至上","110/07/13","臺銀-金山",146,26,120
"14022","8112至上","110/07/13","玉山-桃園",26,110,-84
"14023","8112至上","110/07/13","臺銀",133,19,114
"14024","8112至上","110/07/13","兆豐-天母",0,81,-81
"14025","8112至上","110/07/13","合庫-台中",115,6,109
"14026","8112至上","110/07/13","凱基-城中",3,84,-81
"14027","8112至上","110/07/13","亞東-板橋",134,26,108
"14028","8112至上","110/07/13","日盛-新莊",9,85,-76
"14029","8112至上","110/07/13","凱基-台北",414,326,88
"14030","8112至上","110/07/13","日盛-台中",2,64,-62
"14031","8112至上","110/07/13","新加坡商瑞銀",181,100,81
"14032","8112至上","110/07/13","日盛-中壢",3,64,-61
"14033","8112至上","110/07/13","國泰-敦南",108,31,77
"14034","8112至上","110/07/13","元大-台中",2,59,-57
"14035","8112至上","110/07/13","第一金-華江",77,4,73
"14036","8112至上","110/07/13","元大-雙和",7,64,-57
"14037","8112至上","110/07/13","永豐金-內湖",73,1,72
"14038","8112至上","110/07/13","元大-高雄",8,62,-54
"14039","8112至上","110/07/13","元大-永和",68,1,67
"14040","8112至上","110/07/13","元大-館前",2,55,-53
"14041","1570力肯","110/07/13","新光",115,11,104
"14042","1570力肯","110/07/13","元大-北三重",0,162,-162
"14043","1570力肯","110/07/13","群益金鼎-高雄",54,0,54
"14044","1570力肯","110/07/13","元大-大灣",0,25,-25
"14045","1570力肯","110/07/13","國票-新莊",22,0,22
"14046","1570力肯","110/07/13","永豐金-苓雅",0,22,-22
"14047","1570力肯","110/07/13","日盛-桃園",12,0,12
"14048","1570力肯","110/07/13","永豐金-永康",0,19,-19
"14049","1570力肯","110/07/13","元大-高雄",12,0,12
"14050","1570力肯","110/07/13","富邦-員林",0,15,-15
"14051","1570力肯","110/07/13","合庫-自強",11,0,11
"14052","1570力肯","110/07/13","凱基-台南",0,11,-11
"14053","1570力肯","110/07/13","摩根大通",26,15,11
"14054","1570力肯","110/07/13","日盛-竹北",0,10,-10
"14055","1570力肯","110/07/13","永豐金-中盛",11,0,11
"14056","1570力肯","110/07/13","國票-九鼎",0,10,-10
"14057","1570力肯","110/07/13","兆豐-台中港",10,0,10
"14058","1570力肯","110/07/13","凱基-桃園",0,10,-10
"14059","1570力肯","110/07/13","國泰-松江",9,0,9
"14060","1570力肯","110/07/13","凱基-新豐",0,10,-10
"14061","1570力肯","110/07/13","元大-新盛",9,0,9
"14062","1570力肯","110/07/13","元大-學甲",0,10,-10
"14063","1570力肯","110/07/13","元富-緯城",6,0,6
"14064","1570力肯","110/07/13","群益金鼎-東湖",1,10,-9
"14065","1570力肯","110/07/13","統一-三重",5,0,5
"14066","1570力肯","110/07/13","大昌",0,6,-6
"14067","1570力肯","110/07/13","元大-前金",5,0,5
"14068","1570力肯","110/07/13","元大-土城學府",0,6,-6
"14069","1570力肯","110/07/13","永豐金證券",5,0,5
"14070","1570力肯","110/07/13","統一",0,5,-5
"14071","2929淘帝","110/07/13","玉山-新竹",130,0,130
"14072","2929淘帝","110/07/13","美商高盛",0,177,-177
"14073","2929淘帝","110/07/13","臺銀-民權",60,0,60
"14074","2929淘帝","110/07/13","凱基-台北",6,80,-74
"14075","2929淘帝","110/07/13","新百王",31,0,31
"14076","2929淘帝","110/07/13","元富-大裕",0,49,-49
"14077","2929淘帝","110/07/13","日盛-園區",30,0,30
"14078","2929淘帝","110/07/13","國泰-館前",3,51,-48
"14079","2929淘帝","110/07/13","元大-南投",31,1,30
"14080","2929淘帝","110/07/13","凱基-中壢",0,41,-41
"14081","2929淘帝","110/07/13","兆豐-忠孝",28,0,28
"14082","2929淘帝","110/07/13","港商野村",21,55,-34
"14083","2929淘帝","110/07/13","元大-民生",28,0,28
"14084","2929淘帝","110/07/13","華南永昌-南京",2,34,-32
"14085","2929淘帝","110/07/13","合庫-高雄",27,0,27
"14086","2929淘帝","110/07/13","群益金鼎-土城",0,30,-30
"14087","2929淘帝","110/07/13","凱基-豐中",27,0,27
"14088","2929淘帝","110/07/13","富邦-南屯",0,22,-22
"14089","2929淘帝","110/07/13","新光",21,4,17
"14090","2929淘帝","110/07/13","第一金-豐原",0,20,-20
"14091","2929淘帝","110/07/13","元大-天母",17,0,17
"14092","2929淘帝","110/07/13","元大-屏南",6,26,-20
"14093","2929淘帝","110/07/13","永興",14,0,14
"14094","2929淘帝","110/07/13","永豐金-敦南",1,21,-20
"14095","2929淘帝","110/07/13","富邦-台北",12,0,12
"14096","2929淘帝","110/07/13","凱基-三重",2,21,-19
"14097","2929淘帝","110/07/13","元大-永和",12,0,12
"14098","2929淘帝","110/07/13","富邦-仁愛",7,25,-18
"14099","2929淘帝","110/07/13","國票-天祥",11,0,11
"14100","2929淘帝","110/07/13","元大-北投",0,16,-16
"14101","5410國眾","110/07/13","兆豐-城中",274,0,274
"14102","5410國眾","110/07/13","元富-嘉義",0,103,-103
"14103","5410國眾","110/07/13","新光",50,4,46
"14104","5410國眾","110/07/13","凱基-台北",0,50,-50
"14105","5410國眾","110/07/13","國泰-台中",26,0,26
"14106","5410國眾","110/07/13","瑞士信貸",0,31,-31
"14107","5410國眾","110/07/13","新加坡商瑞銀",22,0,22
"14108","5410國眾","110/07/13","台新-新莊",0,27,-27
"14109","5410國眾","110/07/13","光和-嘉義",20,0,20
"14110","5410國眾","110/07/13","元大-汐止",0,20,-20
"14111","5410國眾","110/07/13","凱基-竹北",17,0,17
"14112","5410國眾","110/07/13","亞東-新竹",0,17,-17
"14113","5410國眾","110/07/13","新光-桃園",15,0,15
"14114","5410國眾","110/07/13","元大-南勢角",0,13,-13
"14115","5410國眾","110/07/13","凱基-台東",14,0,14
"14116","5410國眾","110/07/13","台新-台南",0,12,-12
"14117","5410國眾","110/07/13","富邦-竹北",11,0,11
"14118","5410國眾","110/07/13","中國信託",0,11,-11
"14119","5410國眾","110/07/13","元富-同大",10,0,10
"14120","5410國眾","110/07/13","華南永昌",0,11,-11
"14121","5410國眾","110/07/13","國泰-敦南",24,15,9
"14122","5410國眾","110/07/13","臺銀-臺南",0,10,-10
"14123","5410國眾","110/07/13","日盛-內湖",7,0,7
"14124","5410國眾","110/07/13","台灣企銀-民雄",0,10,-10
"14125","5410國眾","110/07/13","台新-左楠",7,0,7
"14126","5410國眾","110/07/13","高橋",0,10,-10
"14127","5410國眾","110/07/13","元大-新盛",18,12,6
"14128","5410國眾","110/07/13","康和-嘉義",0,10,-10
"14129","5410國眾","110/07/13","統一",5,0,5
"14130","5410國眾","110/07/13","凱基-基隆",0,10,-10
"14131","2841台開","110/07/13","中國信託-高雄",251,50,201
"14132","2841台開","110/07/13","兆豐-公益",0,177,-177
"14133","2841台開","110/07/13","日盛證券",210,13,197
"14134","2841台開","110/07/13","日進",0,152,-152
"14135","2841台開","110/07/13","第一金-台中",55,0,55
"14136","2841台開","110/07/13","港商野村",0,109,-109
"14137","2841台開","110/07/13","國泰-板橋",46,0,46
"14138","2841台開","110/07/13","日盛-信義",0,103,-103
"14139","2841台開","110/07/13","國泰-館前",48,3,45
"14140","2841台開","110/07/13","國泰-敦南",11,75,-64
"14141","2841台開","110/07/13","華南永昌-新莊",45,0,45
"14142","2841台開","110/07/13","永興",0,50,-50
"14143","2841台開","110/07/13","日盛-園區",42,0,42
"14144","2841台開","110/07/13","永豐金-敦南",61,104,-43
"14145","2841台開","110/07/13","台新證券",32,0,32
"14146","2841台開","110/07/13","富邦-台南",0,42,-42
"14147","2841台開","110/07/13","台新-高雄",32,2,30
"14148","2841台開","110/07/13","國票-安和",0,30,-30
"14149","2841台開","110/07/13","豐農",23,0,23
"14150","2841台開","110/07/13","元大-桃園",0,25,-25
"14151","2841台開","110/07/13","合庫-嘉義",20,0,20
"14152","2841台開","110/07/13","新光",8,32,-24
"14153","2841台開","110/07/13","華南永昌-高雄",20,0,20
"14154","2841台開","110/07/13","元大-仁愛",0,24,-24
"14155","2841台開","110/07/13","元大-樹林",16,0,16
"14156","2841台開","110/07/13","日盛-中和",0,20,-20
"14157","2841台開","110/07/13","第一金-華江",15,2,13
"14158","2841台開","110/07/13","元富",0,20,-20
"14159","2841台開","110/07/13","美商高盛",12,0,12
"14160","2841台開","110/07/13","富邦-宜蘭",0,20,-20
"14161","6207雷科","110/07/13","元大-高雄",121,0,121
"14162","6207雷科","110/07/13","華南永昌-朴子",1,60,-59
"14163","6207雷科","110/07/13","第一金-新興",20,0,20
"14164","6207雷科","110/07/13","元大-南海",0,36,-36
"14165","6207雷科","110/07/13","元富-三重",20,0,20
"14166","6207雷科","110/07/13","凱基-土城",0,35,-35
"14167","6207雷科","110/07/13","元大-林園",15,0,15
"14168","6207雷科","110/07/13","台灣企銀",0,20,-20
"14169","6207雷科","110/07/13","元大-金華",16,1,15
"14170","6207雷科","110/07/13","群益金鼎-丹鳳",0,20,-20
"14171","6207雷科","110/07/13","日盛證券",10,0,10
"14172","6207雷科","110/07/13","元大-博愛",0,17,-17
"14173","6207雷科","110/07/13","統一-台中",10,0,10
"14174","6207雷科","110/07/13","元大-北港",0,13,-13
"14175","6207雷科","110/07/13","群益金鼎-土城",10,0,10
"14176","6207雷科","110/07/13","新加坡商瑞銀",0,12,-12
"14177","6207雷科","110/07/13","群益金鼎-桃園",10,0,10
"14178","6207雷科","110/07/13","凱基-台北",4,16,-12
"14179","6207雷科","110/07/13","永豐金-新莊",10,0,10
"14180","6207雷科","110/07/13","日茂-埔里",0,11,-11
"14181","6207雷科","110/07/13","永豐金-新店",10,0,10
"14182","6207雷科","110/07/13","元大-莒光",0,11,-11
"14183","6207雷科","110/07/13","元大證券",9,0,9
"14184","6207雷科","110/07/13","統一-新竹",0,10,-10
"14185","6207雷科","110/07/13","日盛-木柵",9,1,8
"14186","6207雷科","110/07/13","元大-西螺",0,10,-10
"14187","6207雷科","110/07/13","兆豐-來福",8,0,8
"14188","6207雷科","110/07/13","康和-台中",0,8,-8
"14189","6207雷科","110/07/13","新光",7,0,7
"14190","6207雷科","110/07/13","兆豐-高雄",0,6,-6
"14191","3679新至陞","110/07/13","永豐金證券",50,0,50
"14192","3679新至陞","110/07/13","摩根大通",2,25,-23
"14193","3679新至陞","110/07/13","國泰-桃園",22,0,22
"14194","3679新至陞","110/07/13","元大-成功",0,22,-22
"14195","3679新至陞","110/07/13","台中銀-員林",11,0,11
"14196","3679新至陞","110/07/13","富邦-板橋",1,19,-18
"14197","3679新至陞","110/07/13","元大-文心興安",8,0,8
"14198","3679新至陞","110/07/13","日盛-新莊",0,10,-10
"14199","3679新至陞","110/07/13","美商高盛",6,0,6
"14200","3679新至陞","110/07/13","台新-台中",0,10,-10
"14201","3679新至陞","110/07/13","台新-高雄",6,0,6
"14202","3679新至陞","110/07/13","永豐金-新竹",0,8,-8
"14203","3679新至陞","110/07/13","凱基-台北",18,12,6
"14204","3679新至陞","110/07/13","瑞士信貸",12,19,-7
"14205","3679新至陞","110/07/13","日盛-復興",5,0,5
"14206","3679新至陞","110/07/13","統一-南京",0,7,-7
"14207","3679新至陞","110/07/13","(牛牛牛)亞-鑫豐",4,0,4
"14208","3679新至陞","110/07/13","凱基-新莊",0,7,-7
"14209","3679新至陞","110/07/13","元富-大昌",3,0,3
"14210","3679新至陞","110/07/13","新加坡商瑞銀",0,6,-6
"14211","3679新至陞","110/07/13","富邦-台北",3,0,3
"14212","3679新至陞","110/07/13","合庫-自強",0,5,-5
"14213","3679新至陞","110/07/13","日盛-樹林",2,0,2
"14214","3679新至陞","110/07/13","富邦-桃園",0,5,-5
"14215","3679新至陞","110/07/13","宏遠-光隆",2,0,2
"14216","3679新至陞","110/07/13","永豐金-潮州",0,4,-4
"14217","3679新至陞","110/07/13","美林",3,1,2
"14218","3679新至陞","110/07/13","臺銀-臺南",0,3,-3
"14219","3679新至陞","110/07/13","第一金-中壢",2,0,2
"14220","3679新至陞","110/07/13","元大-六合",0,3,-3
"14221","2727王品","110/07/13","富邦-台北",43,3,40
"14222","2727王品","110/07/13","台灣摩根士丹利",15,97,-82
"14223","2727王品","110/07/13","元大-基隆孝二",40,0,40
"14224","2727王品","110/07/13","玉山-台南",5,57,-52
"14225","2727王品","110/07/13","國票-新莊",40,1,39
"14226","2727王品","110/07/13","新加坡商瑞銀",0,48,-48
"14227","2727王品","110/07/13","第一金-豐原",66,42,24
"14228","2727王品","110/07/13","凱基-台北",41,77,-36
"14229","2727王品","110/07/13","永豐金-大園",34,10,24
"14230","2727王品","110/07/13","永豐金-永康",0,22,-22
"14231","2727王品","110/07/13","元大-北屯",22,0,22
"14232","2727王品","110/07/13","統一-台中",2,22,-20
"14233","2727王品","110/07/13","元大-東蘆",26,7,19
"14234","2727王品","110/07/13","國泰-台中",21,39,-18
"14235","2727王品","110/07/13","永豐金-萬盛",13,1,12
"14236","2727王品","110/07/13","合庫-彰化",3,20,-17
"14237","2727王品","110/07/13","日盛-嘉義",11,0,11
"14238","2727王品","110/07/13","港商野村",13,30,-17
"14239","2727王品","110/07/13","日盛-八德",11,0,11
"14240","2727王品","110/07/13","元大-楊梅",1,16,-15
"14241","2727王品","110/07/13","統一-竹南",11,0,11
"14242","2727王品","110/07/13","凱基-高美館",2,15,-13
"14243","2727王品","110/07/13","日盛-士林",12,2,10
"14244","2727王品","110/07/13","美商高盛",2,14,-12
"14245","2727王品","110/07/13","統一-敦南",10,0,10
"14246","2727王品","110/07/13","統一-平鎮",1,13,-12
"14247","2727王品","110/07/13","中國信託",15,5,10
"14248","2727王品","110/07/13","兆豐-台中港",4,16,-12
"14249","2727王品","110/07/13","兆豐-竹北",13,3,10
"14250","2727王品","110/07/13","凱基-八德",1,13,-12
"14251","1570力肯","110/07/13","新光",115,11,104
"14252","1570力肯","110/07/13","元大-北三重",0,162,-162
"14253","1570力肯","110/07/13","群益金鼎-高雄",54,0,54
"14254","1570力肯","110/07/13","元大-大灣",0,25,-25
"14255","1570力肯","110/07/13","國票-新莊",22,0,22
"14256","1570力肯","110/07/13","永豐金-苓雅",0,22,-22
"14257","1570力肯","110/07/13","日盛-桃園",12,0,12
"14258","1570力肯","110/07/13","永豐金-永康",0,19,-19
"14259","1570力肯","110/07/13","元大-高雄",12,0,12
"14260","1570力肯","110/07/13","富邦-員林",0,15,-15
"14261","1570力肯","110/07/13","合庫-自強",11,0,11
"14262","1570力肯","110/07/13","凱基-台南",0,11,-11
"14263","1570力肯","110/07/13","摩根大通",26,15,11
"14264","1570力肯","110/07/13","日盛-竹北",0,10,-10
"14265","1570力肯","110/07/13","永豐金-中盛",11,0,11
"14266","1570力肯","110/07/13","國票-九鼎",0,10,-10
"14267","1570力肯","110/07/13","兆豐-台中港",10,0,10
"14268","1570力肯","110/07/13","凱基-桃園",0,10,-10
"14269","1570力肯","110/07/13","國泰-松江",9,0,9
"14270","1570力肯","110/07/13","凱基-新豐",0,10,-10
"14271","1570力肯","110/07/13","元大-新盛",9,0,9
"14272","1570力肯","110/07/13","元大-學甲",0,10,-10
"14273","1570力肯","110/07/13","元富-緯城",6,0,6
"14274","1570力肯","110/07/13","群益金鼎-東湖",1,10,-9
"14275","1570力肯","110/07/13","統一-三重",5,0,5
"14276","1570力肯","110/07/13","大昌",0,6,-6
"14277","1570力肯","110/07/13","元大-前金",5,0,5
"14278","1570力肯","110/07/13","元大-土城學府",0,6,-6
"14279","1570力肯","110/07/13","永豐金證券",5,0,5
"14280","1570力肯","110/07/13","統一",0,5,-5
"14281","6180橘子","110/07/13","摩根大通",119,0,119
"14282","6180橘子","110/07/13","元大-崇德",2,61,-59
"14283","6180橘子","110/07/13","美商高盛",96,0,96
"14284","6180橘子","110/07/13","康和-台中",0,51,-51
"14285","6180橘子","110/07/13","新加坡商瑞銀",86,7,79
"14286","6180橘子","110/07/13","康和-台北",0,50,-50
"14287","6180橘子","110/07/13","元大-和平",40,0,40
"14288","6180橘子","110/07/13","元富-潮州",0,40,-40
"14289","6180橘子","110/07/13","凱基-台北",83,47,36
"14290","6180橘子","110/07/13","日盛-永康",0,26,-26
"14291","6180橘子","110/07/13","美林",39,5,34
"14292","6180橘子","110/07/13","永豐金-中正",0,24,-24
"14293","6180橘子","110/07/13","富邦-新竹華信",31,2,29
"14294","6180橘子","110/07/13","國泰-板橋",2,25,-23
"14295","6180橘子","110/07/13","統一-南京",21,0,21
"14296","6180橘子","110/07/13","日盛-大墩",0,20,-20
"14297","6180橘子","110/07/13","富邦-陽明",24,3,21
"14298","6180橘子","110/07/13","元大-草屯",13,32,-19
"14299","6180橘子","110/07/13","大昌-樹林",21,1,20
"14300","6180橘子","110/07/13","元富-林園",1,18,-17
"14301","6180橘子","110/07/13","花旗環球",19,0,19
"14302","6180橘子","110/07/13","新光-新竹",1,18,-17
"14303","6180橘子","110/07/13","華南永昌-台南",19,0,19
"14304","6180橘子","110/07/13","元大-土城永寧",0,17,-17
"14305","6180橘子","110/07/13","福勝",14,0,14
"14306","6180橘子","110/07/13","國泰-新莊",3,19,-16
"14307","6180橘子","110/07/13","富邦-嘉義",12,1,11
"14308","6180橘子","110/07/13","中國信託-永康",6,21,-15
"14309","6180橘子","110/07/13","元大-板橋三民",11,0,11
"14310","6180橘子","110/07/13","凱基-東港",1,15,-14
"14311","2390云辰","110/07/13","新加坡商瑞銀",562,75,487
"14312","2390云辰","110/07/13","大展-台南",0,532,-532
"14313","2390云辰","110/07/13","台灣摩根士丹利",330,155,175
"14314","2390云辰","110/07/13","凱基-台北",668,854,-186
"14315","2390云辰","110/07/13","兆豐-公益",126,25,101
"14316","2390云辰","110/07/13","凱基-三重",12,172,-160
"14317","2390云辰","110/07/13","元富-中港",100,2,98
"14318","2390云辰","110/07/13","兆豐-忠孝",4,161,-157
"14319","2390云辰","110/07/13","統一-新台中",106,9,97
"14320","2390云辰","110/07/13","元大-士林",19,170,-151
"14321","2390云辰","110/07/13","中國信託-松江",81,11,70
"14322","2390云辰","110/07/13","臺銀-新竹",14,117,-103
"14323","2390云辰","110/07/13","日盛-板橋",72,3,69
"14324","2390云辰","110/07/13","國票-台中",4,102,-98
"14325","2390云辰","110/07/13","日盛-和美",57,0,57
"14326","2390云辰","110/07/13","新光",147,232,-85
"14327","2390云辰","110/07/13","永豐金-桃園",88,36,52
"14328","2390云辰","110/07/13","致和-崇德",2,70,-68
"14329","2390云辰","110/07/13","玉山-士林",54,4,50
"14330","2390云辰","110/07/13","群益金鼎-屏東",2,70,-68
"14331","2390云辰","110/07/13","富邦-仁愛",56,6,50
"14332","2390云辰","110/07/13","元大-大里",35,98,-63
"14333","2390云辰","110/07/13","第一金-豐原",50,1,49
"14334","2390云辰","110/07/13","元大-萬華",35,94,-59
"14335","2390云辰","110/07/13","摩根大通",502,453,49
"14336","2390云辰","110/07/13","元富-吉利",2,60,-58
"14337","2390云辰","110/07/13","凱基-松山",61,13,48
"14338","2390云辰","110/07/13","兆豐-新竹",3,53,-50
"14339","2390云辰","110/07/13","大昌",64,22,42
"14340","2390云辰","110/07/13","富邦-嘉義",65,108,-43
"14341","2363矽統","110/07/13","凱基-南崁",2133,63,2070
"14342","2363矽統","110/07/13","凱基-幸福",36,4048,-4012
"14343","2363矽統","110/07/13","國泰-敦南",2195,1617,578
"14344","2363矽統","110/07/13","統一",192,3325,-3133
"14345","2363矽統","110/07/13","中農",670,139,531
"14346","2363矽統","110/07/13","新加坡商瑞銀",1000,2747,-1747
"14347","2363矽統","110/07/13","康和-台中",638,154,484
"14348","2363矽統","110/07/13","凱基-台北",5359,6609,-1250
"14349","2363矽統","110/07/13","群益金鼎-三民",577,137,440
"14350","2363矽統","110/07/13","摩根大通",1930,2858,-928
"14351","2363矽統","110/07/13","台新-屏東",510,88,422
"14352","2363矽統","110/07/13","港商野村",960,1679,-719
"14353","2363矽統","110/07/13","德信-中正",455,67,388
"14354","2363矽統","110/07/13","兆豐-復興",25,705,-680
"14355","2363矽統","110/07/13","日盛-竹北",365,70,295
"14356","2363矽統","110/07/13","統一-仁愛",114,755,-641
"14357","2363矽統","110/07/13","元大-佳里",452,189,263
"14358","2363矽統","110/07/13","統一-敦南",29,638,-609
"14359","2363矽統","110/07/13","國票-博愛",296,38,258
"14360","2363矽統","110/07/13","統一-土城",100,704,-604
"14361","2363矽統","110/07/13","元大-萬華",340,95,245
"14362","2363矽統","110/07/13","統一-城中",116,676,-560
"14363","2363矽統","110/07/13","新光",1259,1031,228
"14364","2363矽統","110/07/13","永豐金證券",306,859,-553
"14365","2363矽統","110/07/13","元富-成功",323,96,227
"14366","2363矽統","110/07/13","元富",54,567,-513
"14367","2363矽統","110/07/13","豐農",228,23,205
"14368","2363矽統","110/07/13","瑞士信貸",202,666,-464
"14369","2363矽統","110/07/13","台灣企銀-岡山",186,4,182
"14370","2363矽統","110/07/13","永豐金-嘉義",67,468,-401
"14371","2363矽統","110/07/13","凱基-南崁",2133,63,2070
"14372","2363矽統","110/07/13","凱基-幸福",36,4048,-4012
"14373","2363矽統","110/07/13","國泰-敦南",2195,1617,578
"14374","2363矽統","110/07/13","統一",192,3325,-3133
"14375","2363矽統","110/07/13","中農",670,139,531
"14376","2363矽統","110/07/13","新加坡商瑞銀",1000,2747,-1747
"14377","2363矽統","110/07/13","康和-台中",638,154,484
"14378","2363矽統","110/07/13","凱基-台北",5359,6609,-1250
"14379","2363矽統","110/07/13","群益金鼎-三民",577,137,440
"14380","2363矽統","110/07/13","摩根大通",1930,2858,-928
"14381","2363矽統","110/07/13","台新-屏東",510,88,422
"14382","2363矽統","110/07/13","港商野村",960,1679,-719
"14383","2363矽統","110/07/13","德信-中正",455,67,388
"14384","2363矽統","110/07/13","兆豐-復興",25,705,-680
"14385","2363矽統","110/07/13","日盛-竹北",365,70,295
"14386","2363矽統","110/07/13","統一-仁愛",114,755,-641
"14387","2363矽統","110/07/13","元大-佳里",452,189,263
"14388","2363矽統","110/07/13","統一-敦南",29,638,-609
"14389","2363矽統","110/07/13","國票-博愛",296,38,258
"14390","2363矽統","110/07/13","統一-土城",100,704,-604
"14391","2363矽統","110/07/13","元大-萬華",340,95,245
"14392","2363矽統","110/07/13","統一-城中",116,676,-560
"14393","2363矽統","110/07/13","新光",1259,1031,228
"14394","2363矽統","110/07/13","永豐金證券",306,859,-553
"14395","2363矽統","110/07/13","元富-成功",323,96,227
"14396","2363矽統","110/07/13","元富",54,567,-513
"14397","2363矽統","110/07/13","豐農",228,23,205
"14398","2363矽統","110/07/13","瑞士信貸",202,666,-464
"14399","2363矽統","110/07/13","台灣企銀-岡山",186,4,182
"14400","2363矽統","110/07/13","永豐金-嘉義",67,468,-401
"14401","2363矽統","110/07/13","凱基-南崁",2133,63,2070
"14402","2363矽統","110/07/13","凱基-幸福",36,4048,-4012
"14403","2363矽統","110/07/13","國泰-敦南",2195,1617,578
"14404","2363矽統","110/07/13","統一",192,3325,-3133
"14405","2363矽統","110/07/13","中農",670,139,531
"14406","2363矽統","110/07/13","新加坡商瑞銀",1000,2747,-1747
"14407","2363矽統","110/07/13","康和-台中",638,154,484
"14408","2363矽統","110/07/13","凱基-台北",5359,6609,-1250
"14409","2363矽統","110/07/13","群益金鼎-三民",577,137,440
"14410","2363矽統","110/07/13","摩根大通",1930,2858,-928
"14411","2363矽統","110/07/13","台新-屏東",510,88,422
"14412","2363矽統","110/07/13","港商野村",960,1679,-719
"14413","2363矽統","110/07/13","德信-中正",455,67,388
"14414","2363矽統","110/07/13","兆豐-復興",25,705,-680
"14415","2363矽統","110/07/13","日盛-竹北",365,70,295
"14416","2363矽統","110/07/13","統一-仁愛",114,755,-641
"14417","2363矽統","110/07/13","元大-佳里",452,189,263
"14418","2363矽統","110/07/13","統一-敦南",29,638,-609
"14419","2363矽統","110/07/13","國票-博愛",296,38,258
"14420","2363矽統","110/07/13","統一-土城",100,704,-604
"14421","2363矽統","110/07/13","元大-萬華",340,95,245
"14422","2363矽統","110/07/13","統一-城中",116,676,-560
"14423","2363矽統","110/07/13","新光",1259,1031,228
"14424","2363矽統","110/07/13","永豐金證券",306,859,-553
"14425","2363矽統","110/07/13","元富-成功",323,96,227
"14426","2363矽統","110/07/13","元富",54,567,-513
"14427","2363矽統","110/07/13","豐農",228,23,205
"14428","2363矽統","110/07/13","瑞士信貸",202,666,-464
"14429","2363矽統","110/07/13","台灣企銀-岡山",186,4,182
"14430","2363矽統","110/07/13","永豐金-嘉義",67,468,-401
"14431","1570力肯","110/07/13","新光",115,11,104
"14432","1570力肯","110/07/13","元大-北三重",0,162,-162
"14433","1570力肯","110/07/13","群益金鼎-高雄",54,0,54
"14434","1570力肯","110/07/13","元大-大灣",0,25,-25
"14435","1570力肯","110/07/13","國票-新莊",22,0,22
"14436","1570力肯","110/07/13","永豐金-苓雅",0,22,-22
"14437","1570力肯","110/07/13","日盛-桃園",12,0,12
"14438","1570力肯","110/07/13","永豐金-永康",0,19,-19
"14439","1570力肯","110/07/13","元大-高雄",12,0,12
"14440","1570力肯","110/07/13","富邦-員林",0,15,-15
"14441","1570力肯","110/07/13","合庫-自強",11,0,11
"14442","1570力肯","110/07/13","凱基-台南",0,11,-11
"14443","1570力肯","110/07/13","摩根大通",26,15,11
"14444","1570力肯","110/07/13","日盛-竹北",0,10,-10
"14445","1570力肯","110/07/13","永豐金-中盛",11,0,11
"14446","1570力肯","110/07/13","國票-九鼎",0,10,-10
"14447","1570力肯","110/07/13","兆豐-台中港",10,0,10
"14448","1570力肯","110/07/13","凱基-桃園",0,10,-10
"14449","1570力肯","110/07/13","國泰-松江",9,0,9
"14450","1570力肯","110/07/13","凱基-新豐",0,10,-10
"14451","1570力肯","110/07/13","元大-新盛",9,0,9
"14452","1570力肯","110/07/13","元大-學甲",0,10,-10
"14453","1570力肯","110/07/13","元富-緯城",6,0,6
"14454","1570力肯","110/07/13","群益金鼎-東湖",1,10,-9
"14455","1570力肯","110/07/13","統一-三重",5,0,5
"14456","1570力肯","110/07/13","大昌",0,6,-6
"14457","1570力肯","110/07/13","元大-前金",5,0,5
"14458","1570力肯","110/07/13","元大-土城學府",0,6,-6
"14459","1570力肯","110/07/13","永豐金證券",5,0,5
"14460","1570力肯","110/07/13","統一",0,5,-5
"14461","1570力肯","110/07/13","新光",115,11,104
"14462","1570力肯","110/07/13","元大-北三重",0,162,-162
"14463","1570力肯","110/07/13","群益金鼎-高雄",54,0,54
"14464","1570力肯","110/07/13","元大-大灣",0,25,-25
"14465","1570力肯","110/07/13","國票-新莊",22,0,22
"14466","1570力肯","110/07/13","永豐金-苓雅",0,22,-22
"14467","1570力肯","110/07/13","日盛-桃園",12,0,12
"14468","1570力肯","110/07/13","永豐金-永康",0,19,-19
"14469","1570力肯","110/07/13","元大-高雄",12,0,12
"14470","1570力肯","110/07/13","富邦-員林",0,15,-15
"14471","1570力肯","110/07/13","合庫-自強",11,0,11
"14472","1570力肯","110/07/13","凱基-台南",0,11,-11
"14473","1570力肯","110/07/13","摩根大通",26,15,11
"14474","1570力肯","110/07/13","日盛-竹北",0,10,-10
"14475","1570力肯","110/07/13","永豐金-中盛",11,0,11
"14476","1570力肯","110/07/13","國票-九鼎",0,10,-10
"14477","1570力肯","110/07/13","兆豐-台中港",10,0,10
"14478","1570力肯","110/07/13","凱基-桃園",0,10,-10
"14479","1570力肯","110/07/13","國泰-松江",9,0,9
"14480","1570力肯","110/07/13","凱基-新豐",0,10,-10
"14481","1570力肯","110/07/13","元大-新盛",9,0,9
"14482","1570力肯","110/07/13","元大-學甲",0,10,-10
"14483","1570力肯","110/07/13","元富-緯城",6,0,6
"14484","1570力肯","110/07/13","群益金鼎-東湖",1,10,-9
"14485","1570力肯","110/07/13","統一-三重",5,0,5
"14486","1570力肯","110/07/13","大昌",0,6,-6
"14487","1570力肯","110/07/13","元大-前金",5,0,5
"14488","1570力肯","110/07/13","元大-土城學府",0,6,-6
"14489","1570力肯","110/07/13","永豐金證券",5,0,5
"14490","1570力肯","110/07/13","統一",0,5,-5
"14491","6180橘子","110/07/13","摩根大通",119,0,119
"14492","6180橘子","110/07/13","元大-崇德",2,61,-59
"14493","6180橘子","110/07/13","美商高盛",96,0,96
"14494","6180橘子","110/07/13","康和-台中",0,51,-51
"14495","6180橘子","110/07/13","新加坡商瑞銀",86,7,79
"14496","6180橘子","110/07/13","康和-台北",0,50,-50
"14497","6180橘子","110/07/13","元大-和平",40,0,40
"14498","6180橘子","110/07/13","元富-潮州",0,40,-40
"14499","6180橘子","110/07/13","凱基-台北",83,47,36
"14500","6180橘子","110/07/13","日盛-永康",0,26,-26
"14501","6180橘子","110/07/13","美林",39,5,34
"14502","6180橘子","110/07/13","永豐金-中正",0,24,-24
"14503","6180橘子","110/07/13","富邦-新竹華信",31,2,29
"14504","6180橘子","110/07/13","國泰-板橋",2,25,-23
"14505","6180橘子","110/07/13","統一-南京",21,0,21
"14506","6180橘子","110/07/13","日盛-大墩",0,20,-20
"14507","6180橘子","110/07/13","富邦-陽明",24,3,21
"14508","6180橘子","110/07/13","元大-草屯",13,32,-19
"14509","6180橘子","110/07/13","大昌-樹林",21,1,20
"14510","6180橘子","110/07/13","元富-林園",1,18,-17
"14511","6180橘子","110/07/13","花旗環球",19,0,19
"14512","6180橘子","110/07/13","新光-新竹",1,18,-17
"14513","6180橘子","110/07/13","華南永昌-台南",19,0,19
"14514","6180橘子","110/07/13","元大-土城永寧",0,17,-17
"14515","6180橘子","110/07/13","福勝",14,0,14
"14516","6180橘子","110/07/13","國泰-新莊",3,19,-16
"14517","6180橘子","110/07/13","富邦-嘉義",12,1,11
"14518","6180橘子","110/07/13","中國信託-永康",6,21,-15
"14519","6180橘子","110/07/13","元大-板橋三民",11,0,11
"14520","6180橘子","110/07/13","凱基-東港",1,15,-14
"14521","1570力肯","110/07/13","新光",115,11,104
"14522","1570力肯","110/07/13","元大-北三重",0,162,-162
"14523","1570力肯","110/07/13","群益金鼎-高雄",54,0,54
"14524","1570力肯","110/07/13","元大-大灣",0,25,-25
"14525","1570力肯","110/07/13","國票-新莊",22,0,22
"14526","1570力肯","110/07/13","永豐金-苓雅",0,22,-22
"14527","1570力肯","110/07/13","日盛-桃園",12,0,12
"14528","1570力肯","110/07/13","永豐金-永康",0,19,-19
"14529","1570力肯","110/07/13","元大-高雄",12,0,12
"14530","1570力肯","110/07/13","富邦-員林",0,15,-15
"14531","1570力肯","110/07/13","合庫-自強",11,0,11
"14532","1570力肯","110/07/13","凱基-台南",0,11,-11
"14533","1570力肯","110/07/13","摩根大通",26,15,11
"14534","1570力肯","110/07/13","日盛-竹北",0,10,-10
"14535","1570力肯","110/07/13","永豐金-中盛",11,0,11
"14536","1570力肯","110/07/13","國票-九鼎",0,10,-10
"14537","1570力肯","110/07/13","兆豐-台中港",10,0,10
"14538","1570力肯","110/07/13","凱基-桃園",0,10,-10
"14539","1570力肯","110/07/13","國泰-松江",9,0,9
"14540","1570力肯","110/07/13","凱基-新豐",0,10,-10
"14541","1570力肯","110/07/13","元大-新盛",9,0,9
"14542","1570力肯","110/07/13","元大-學甲",0,10,-10
"14543","1570力肯","110/07/13","元富-緯城",6,0,6
"14544","1570力肯","110/07/13","群益金鼎-東湖",1,10,-9
"14545","1570力肯","110/07/13","統一-三重",5,0,5
"14546","1570力肯","110/07/13","大昌",0,6,-6
"14547","1570力肯","110/07/13","元大-前金",5,0,5
"14548","1570力肯","110/07/13","元大-土城學府",0,6,-6
"14549","1570力肯","110/07/13","永豐金證券",5,0,5
"14550","1570力肯","110/07/13","統一",0,5,-5
"14551","6180橘子","110/07/13","摩根大通",119,0,119
"14552","6180橘子","110/07/13","元大-崇德",2,61,-59
"14553","6180橘子","110/07/13","美商高盛",96,0,96
"14554","6180橘子","110/07/13","康和-台中",0,51,-51
"14555","6180橘子","110/07/13","新加坡商瑞銀",86,7,79
"14556","6180橘子","110/07/13","康和-台北",0,50,-50
"14557","6180橘子","110/07/13","元大-和平",40,0,40
"14558","6180橘子","110/07/13","元富-潮州",0,40,-40
"14559","6180橘子","110/07/13","凱基-台北",83,47,36
"14560","6180橘子","110/07/13","日盛-永康",0,26,-26
"14561","6180橘子","110/07/13","美林",39,5,34
"14562","6180橘子","110/07/13","永豐金-中正",0,24,-24
"14563","6180橘子","110/07/13","富邦-新竹華信",31,2,29
"14564","6180橘子","110/07/13","國泰-板橋",2,25,-23
"14565","6180橘子","110/07/13","統一-南京",21,0,21
"14566","6180橘子","110/07/13","日盛-大墩",0,20,-20
"14567","6180橘子","110/07/13","富邦-陽明",24,3,21
"14568","6180橘子","110/07/13","元大-草屯",13,32,-19
"14569","6180橘子","110/07/13","大昌-樹林",21,1,20
"14570","6180橘子","110/07/13","元富-林園",1,18,-17
"14571","6180橘子","110/07/13","花旗環球",19,0,19
"14572","6180橘子","110/07/13","新光-新竹",1,18,-17
"14573","6180橘子","110/07/13","華南永昌-台南",19,0,19
"14574","6180橘子","110/07/13","元大-土城永寧",0,17,-17
"14575","6180橘子","110/07/13","福勝",14,0,14
"14576","6180橘子","110/07/13","國泰-新莊",3,19,-16
"14577","6180橘子","110/07/13","富邦-嘉義",12,1,11
"14578","6180橘子","110/07/13","中國信託-永康",6,21,-15
"14579","6180橘子","110/07/13","元大-板橋三民",11,0,11
"14580","6180橘子","110/07/13","凱基-東港",1,15,-14
"14581","2390云辰","110/07/13","新加坡商瑞銀",562,75,487
"14582","2390云辰","110/07/13","大展-台南",0,532,-532
"14583","2390云辰","110/07/13","台灣摩根士丹利",330,155,175
"14584","2390云辰","110/07/13","凱基-台北",668,854,-186
"14585","2390云辰","110/07/13","兆豐-公益",126,25,101
"14586","2390云辰","110/07/13","凱基-三重",12,172,-160
"14587","2390云辰","110/07/13","元富-中港",100,2,98
"14588","2390云辰","110/07/13","兆豐-忠孝",4,161,-157
"14589","2390云辰","110/07/13","統一-新台中",106,9,97
"14590","2390云辰","110/07/13","元大-士林",19,170,-151
"14591","2390云辰","110/07/13","中國信託-松江",81,11,70
"14592","2390云辰","110/07/13","臺銀-新竹",14,117,-103
"14593","2390云辰","110/07/13","日盛-板橋",72,3,69
"14594","2390云辰","110/07/13","國票-台中",4,102,-98
"14595","2390云辰","110/07/13","日盛-和美",57,0,57
"14596","2390云辰","110/07/13","新光",147,232,-85
"14597","2390云辰","110/07/13","永豐金-桃園",88,36,52
"14598","2390云辰","110/07/13","致和-崇德",2,70,-68
"14599","2390云辰","110/07/13","玉山-士林",54,4,50
"14600","2390云辰","110/07/13","群益金鼎-屏東",2,70,-68
"14601","2390云辰","110/07/13","富邦-仁愛",56,6,50
"14602","2390云辰","110/07/13","元大-大里",35,98,-63
"14603","2390云辰","110/07/13","第一金-豐原",50,1,49
"14604","2390云辰","110/07/13","元大-萬華",35,94,-59
"14605","2390云辰","110/07/13","摩根大通",502,453,49
"14606","2390云辰","110/07/13","元富-吉利",2,60,-58
"14607","2390云辰","110/07/13","凱基-松山",61,13,48
"14608","2390云辰","110/07/13","兆豐-新竹",3,53,-50
"14609","2390云辰","110/07/13","大昌",64,22,42
"14610","2390云辰","110/07/13","富邦-嘉義",65,108,-43
"14611","2363矽統","110/07/13","凱基-南崁",2133,63,2070
"14612","2363矽統","110/07/13","凱基-幸福",36,4048,-4012
"14613","2363矽統","110/07/13","國泰-敦南",2195,1617,578
"14614","2363矽統","110/07/13","統一",192,3325,-3133
"14615","2363矽統","110/07/13","中農",670,139,531
"14616","2363矽統","110/07/13","新加坡商瑞銀",1000,2747,-1747
"14617","2363矽統","110/07/13","康和-台中",638,154,484
"14618","2363矽統","110/07/13","凱基-台北",5359,6609,-1250
"14619","2363矽統","110/07/13","群益金鼎-三民",577,137,440
"14620","2363矽統","110/07/13","摩根大通",1930,2858,-928
"14621","2363矽統","110/07/13","台新-屏東",510,88,422
"14622","2363矽統","110/07/13","港商野村",960,1679,-719
"14623","2363矽統","110/07/13","德信-中正",455,67,388
"14624","2363矽統","110/07/13","兆豐-復興",25,705,-680
"14625","2363矽統","110/07/13","日盛-竹北",365,70,295
"14626","2363矽統","110/07/13","統一-仁愛",114,755,-641
"14627","2363矽統","110/07/13","元大-佳里",452,189,263
"14628","2363矽統","110/07/13","統一-敦南",29,638,-609
"14629","2363矽統","110/07/13","國票-博愛",296,38,258
"14630","2363矽統","110/07/13","統一-土城",100,704,-604
"14631","2363矽統","110/07/13","元大-萬華",340,95,245
"14632","2363矽統","110/07/13","統一-城中",116,676,-560
"14633","2363矽統","110/07/13","新光",1259,1031,228
"14634","2363矽統","110/07/13","永豐金證券",306,859,-553
"14635","2363矽統","110/07/13","元富-成功",323,96,227
"14636","2363矽統","110/07/13","元富",54,567,-513
"14637","2363矽統","110/07/13","豐農",228,23,205
"14638","2363矽統","110/07/13","瑞士信貸",202,666,-464
"14639","2363矽統","110/07/13","台灣企銀-岡山",186,4,182
"14640","2363矽統","110/07/13","永豐金-嘉義",67,468,-401
"14641","8112至上","110/07/13","摩根大通",688,296,392
"14642","8112至上","110/07/13","國票-中和",0,401,-401
"14643","8112至上","110/07/13","港商野村",344,145,199
"14644","8112至上","110/07/13","永豐金-板盛",0,205,-205
"14645","8112至上","110/07/13","兆豐-公益",195,5,190
"14646","8112至上","110/07/13","凱基-五股",43,155,-112
"14647","8112至上","110/07/13","台灣摩根士丹利",183,0,183
"14648","8112至上","110/07/13","凱基-市政",0,100,-100
"14649","8112至上","110/07/13","群益金鼎-敦南",153,2,151
"14650","8112至上","110/07/13","元大-大里德芳",1,92,-91
"14651","8112至上","110/07/13","臺銀-金山",146,26,120
"14652","8112至上","110/07/13","玉山-桃園",26,110,-84
"14653","8112至上","110/07/13","臺銀",133,19,114
"14654","8112至上","110/07/13","兆豐-天母",0,81,-81
"14655","8112至上","110/07/13","合庫-台中",115,6,109
"14656","8112至上","110/07/13","凱基-城中",3,84,-81
"14657","8112至上","110/07/13","亞東-板橋",134,26,108
"14658","8112至上","110/07/13","日盛-新莊",9,85,-76
"14659","8112至上","110/07/13","凱基-台北",414,326,88
"14660","8112至上","110/07/13","日盛-台中",2,64,-62
"14661","8112至上","110/07/13","新加坡商瑞銀",181,100,81
"14662","8112至上","110/07/13","日盛-中壢",3,64,-61
"14663","8112至上","110/07/13","國泰-敦南",108,31,77
"14664","8112至上","110/07/13","元大-台中",2,59,-57
"14665","8112至上","110/07/13","第一金-華江",77,4,73
"14666","8112至上","110/07/13","元大-雙和",7,64,-57
"14667","8112至上","110/07/13","永豐金-內湖",73,1,72
"14668","8112至上","110/07/13","元大-高雄",8,62,-54
"14669","8112至上","110/07/13","元大-永和",68,1,67
"14670","8112至上","110/07/13","元大-館前",2,55,-53
"14671","2929淘帝","110/07/13","玉山-新竹",130,0,130
"14672","2929淘帝","110/07/13","美商高盛",0,177,-177
"14673","2929淘帝","110/07/13","臺銀-民權",60,0,60
"14674","2929淘帝","110/07/13","凱基-台北",6,80,-74
"14675","2929淘帝","110/07/13","新百王",31,0,31
"14676","2929淘帝","110/07/13","元富-大裕",0,49,-49
"14677","2929淘帝","110/07/13","日盛-園區",30,0,30
"14678","2929淘帝","110/07/13","國泰-館前",3,51,-48
"14679","2929淘帝","110/07/13","元大-南投",31,1,30
"14680","2929淘帝","110/07/13","凱基-中壢",0,41,-41
"14681","2929淘帝","110/07/13","兆豐-忠孝",28,0,28
"14682","2929淘帝","110/07/13","港商野村",21,55,-34
"14683","2929淘帝","110/07/13","元大-民生",28,0,28
"14684","2929淘帝","110/07/13","華南永昌-南京",2,34,-32
"14685","2929淘帝","110/07/13","合庫-高雄",27,0,27
"14686","2929淘帝","110/07/13","群益金鼎-土城",0,30,-30
"14687","2929淘帝","110/07/13","凱基-豐中",27,0,27
"14688","2929淘帝","110/07/13","富邦-南屯",0,22,-22
"14689","2929淘帝","110/07/13","新光",21,4,17
"14690","2929淘帝","110/07/13","第一金-豐原",0,20,-20
"14691","2929淘帝","110/07/13","元大-天母",17,0,17
"14692","2929淘帝","110/07/13","元大-屏南",6,26,-20
"14693","2929淘帝","110/07/13","永興",14,0,14
"14694","2929淘帝","110/07/13","永豐金-敦南",1,21,-20
"14695","2929淘帝","110/07/13","富邦-台北",12,0,12
"14696","2929淘帝","110/07/13","凱基-三重",2,21,-19
"14697","2929淘帝","110/07/13","元大-永和",12,0,12
"14698","2929淘帝","110/07/13","富邦-仁愛",7,25,-18
"14699","2929淘帝","110/07/13","國票-天祥",11,0,11
"14700","2929淘帝","110/07/13","元大-北投",0,16,-16
"14701","2841台開","110/07/13","中國信託-高雄",251,50,201
"14702","2841台開","110/07/13","兆豐-公益",0,177,-177
"14703","2841台開","110/07/13","日盛證券",210,13,197
"14704","2841台開","110/07/13","日進",0,152,-152
"14705","2841台開","110/07/13","第一金-台中",55,0,55
"14706","2841台開","110/07/13","港商野村",0,109,-109
"14707","2841台開","110/07/13","國泰-板橋",46,0,46
"14708","2841台開","110/07/13","日盛-信義",0,103,-103
"14709","2841台開","110/07/13","國泰-館前",48,3,45
"14710","2841台開","110/07/13","國泰-敦南",11,75,-64
"14711","2841台開","110/07/13","華南永昌-新莊",45,0,45
"14712","2841台開","110/07/13","永興",0,50,-50
"14713","2841台開","110/07/13","日盛-園區",42,0,42
"14714","2841台開","110/07/13","永豐金-敦南",61,104,-43
"14715","2841台開","110/07/13","台新證券",32,0,32
"14716","2841台開","110/07/13","富邦-台南",0,42,-42
"14717","2841台開","110/07/13","台新-高雄",32,2,30
"14718","2841台開","110/07/13","國票-安和",0,30,-30
"14719","2841台開","110/07/13","豐農",23,0,23
"14720","2841台開","110/07/13","元大-桃園",0,25,-25
"14721","2841台開","110/07/13","合庫-嘉義",20,0,20
"14722","2841台開","110/07/13","新光",8,32,-24
"14723","2841台開","110/07/13","華南永昌-高雄",20,0,20
"14724","2841台開","110/07/13","元大-仁愛",0,24,-24
"14725","2841台開","110/07/13","元大-樹林",16,0,16
"14726","2841台開","110/07/13","日盛-中和",0,20,-20
"14727","2841台開","110/07/13","第一金-華江",15,2,13
"14728","2841台開","110/07/13","元富",0,20,-20
"14729","2841台開","110/07/13","美商高盛",12,0,12
"14730","2841台開","110/07/13","富邦-宜蘭",0,20,-20
"14731","6207雷科","110/07/13","元大-高雄",121,0,121
"14732","6207雷科","110/07/13","華南永昌-朴子",1,60,-59
"14733","6207雷科","110/07/13","第一金-新興",20,0,20
"14734","6207雷科","110/07/13","元大-南海",0,36,-36
"14735","6207雷科","110/07/13","元富-三重",20,0,20
"14736","6207雷科","110/07/13","凱基-土城",0,35,-35
"14737","6207雷科","110/07/13","元大-林園",15,0,15
"14738","6207雷科","110/07/13","台灣企銀",0,20,-20
"14739","6207雷科","110/07/13","元大-金華",16,1,15
"14740","6207雷科","110/07/13","群益金鼎-丹鳳",0,20,-20
"14741","6207雷科","110/07/13","日盛證券",10,0,10
"14742","6207雷科","110/07/13","元大-博愛",0,17,-17
"14743","6207雷科","110/07/13","統一-台中",10,0,10
"14744","6207雷科","110/07/13","元大-北港",0,13,-13
"14745","6207雷科","110/07/13","群益金鼎-土城",10,0,10
"14746","6207雷科","110/07/13","新加坡商瑞銀",0,12,-12
"14747","6207雷科","110/07/13","群益金鼎-桃園",10,0,10
"14748","6207雷科","110/07/13","凱基-台北",4,16,-12
"14749","6207雷科","110/07/13","永豐金-新莊",10,0,10
"14750","6207雷科","110/07/13","日茂-埔里",0,11,-11
"14751","6207雷科","110/07/13","永豐金-新店",10,0,10
"14752","6207雷科","110/07/13","元大-莒光",0,11,-11
"14753","6207雷科","110/07/13","元大證券",9,0,9
"14754","6207雷科","110/07/13","統一-新竹",0,10,-10
"14755","6207雷科","110/07/13","日盛-木柵",9,1,8
"14756","6207雷科","110/07/13","元大-西螺",0,10,-10
"14757","6207雷科","110/07/13","兆豐-來福",8,0,8
"14758","6207雷科","110/07/13","康和-台中",0,8,-8
"14759","6207雷科","110/07/13","新光",7,0,7
"14760","6207雷科","110/07/13","兆豐-高雄",0,6,-6
"14761","3679新至陞","110/07/13","永豐金證券",50,0,50
"14762","3679新至陞","110/07/13","摩根大通",2,25,-23
"14763","3679新至陞","110/07/13","國泰-桃園",22,0,22
"14764","3679新至陞","110/07/13","元大-成功",0,22,-22
"14765","3679新至陞","110/07/13","台中銀-員林",11,0,11
"14766","3679新至陞","110/07/13","富邦-板橋",1,19,-18
"14767","3679新至陞","110/07/13","元大-文心興安",8,0,8
"14768","3679新至陞","110/07/13","日盛-新莊",0,10,-10
"14769","3679新至陞","110/07/13","美商高盛",6,0,6
"14770","3679新至陞","110/07/13","台新-台中",0,10,-10
"14771","3679新至陞","110/07/13","台新-高雄",6,0,6
"14772","3679新至陞","110/07/13","永豐金-新竹",0,8,-8
"14773","3679新至陞","110/07/13","凱基-台北",18,12,6
"14774","3679新至陞","110/07/13","瑞士信貸",12,19,-7
"14775","3679新至陞","110/07/13","日盛-復興",5,0,5
"14776","3679新至陞","110/07/13","統一-南京",0,7,-7
"14777","3679新至陞","110/07/13","(牛牛牛)亞-鑫豐",4,0,4
"14778","3679新至陞","110/07/13","凱基-新莊",0,7,-7
"14779","3679新至陞","110/07/13","元富-大昌",3,0,3
"14780","3679新至陞","110/07/13","新加坡商瑞銀",0,6,-6
"14781","3679新至陞","110/07/13","富邦-台北",3,0,3
"14782","3679新至陞","110/07/13","合庫-自強",0,5,-5
"14783","3679新至陞","110/07/13","日盛-樹林",2,0,2
"14784","3679新至陞","110/07/13","富邦-桃園",0,5,-5
"14785","3679新至陞","110/07/13","宏遠-光隆",2,0,2
"14786","3679新至陞","110/07/13","永豐金-潮州",0,4,-4
"14787","3679新至陞","110/07/13","美林",3,1,2
"14788","3679新至陞","110/07/13","臺銀-臺南",0,3,-3
"14789","3679新至陞","110/07/13","第一金-中壢",2,0,2
"14790","3679新至陞","110/07/13","元大-六合",0,3,-3
"14791","2727王品","110/07/13","富邦-台北",43,3,40
"14792","2727王品","110/07/13","台灣摩根士丹利",15,97,-82
"14793","2727王品","110/07/13","元大-基隆孝二",40,0,40
"14794","2727王品","110/07/13","玉山-台南",5,57,-52
"14795","2727王品","110/07/13","國票-新莊",40,1,39
"14796","2727王品","110/07/13","新加坡商瑞銀",0,48,-48
"14797","2727王品","110/07/13","第一金-豐原",66,42,24
"14798","2727王品","110/07/13","凱基-台北",41,77,-36
"14799","2727王品","110/07/13","永豐金-大園",34,10,24
"14800","2727王品","110/07/13","永豐金-永康",0,22,-22
"14801","2727王品","110/07/13","元大-北屯",22,0,22
"14802","2727王品","110/07/13","統一-台中",2,22,-20
"14803","2727王品","110/07/13","元大-東蘆",26,7,19
"14804","2727王品","110/07/13","國泰-台中",21,39,-18
"14805","2727王品","110/07/13","永豐金-萬盛",13,1,12
"14806","2727王品","110/07/13","合庫-彰化",3,20,-17
"14807","2727王品","110/07/13","日盛-嘉義",11,0,11
"14808","2727王品","110/07/13","港商野村",13,30,-17
"14809","2727王品","110/07/13","日盛-八德",11,0,11
"14810","2727王品","110/07/13","元大-楊梅",1,16,-15
"14811","2727王品","110/07/13","統一-竹南",11,0,11
"14812","2727王品","110/07/13","凱基-高美館",2,15,-13
"14813","2727王品","110/07/13","日盛-士林",12,2,10
"14814","2727王品","110/07/13","美商高盛",2,14,-12
"14815","2727王品","110/07/13","統一-敦南",10,0,10
"14816","2727王品","110/07/13","統一-平鎮",1,13,-12
"14817","2727王品","110/07/13","中國信託",15,5,10
"14818","2727王品","110/07/13","兆豐-台中港",4,16,-12
"14819","2727王品","110/07/13","兆豐-竹北",13,3,10
"14820","2727王品","110/07/13","凱基-八德",1,13,-12
"14821","1570力肯","110/07/13","新光",115,11,104
"14822","1570力肯","110/07/13","元大-北三重",0,162,-162
"14823","1570力肯","110/07/13","群益金鼎-高雄",54,0,54
"14824","1570力肯","110/07/13","元大-大灣",0,25,-25
"14825","1570力肯","110/07/13","國票-新莊",22,0,22
"14826","1570力肯","110/07/13","永豐金-苓雅",0,22,-22
"14827","1570力肯","110/07/13","日盛-桃園",12,0,12
"14828","1570力肯","110/07/13","永豐金-永康",0,19,-19
"14829","1570力肯","110/07/13","元大-高雄",12,0,12
"14830","1570力肯","110/07/13","富邦-員林",0,15,-15
"14831","1570力肯","110/07/13","合庫-自強",11,0,11
"14832","1570力肯","110/07/13","凱基-台南",0,11,-11
"14833","1570力肯","110/07/13","摩根大通",26,15,11
"14834","1570力肯","110/07/13","日盛-竹北",0,10,-10
"14835","1570力肯","110/07/13","永豐金-中盛",11,0,11
"14836","1570力肯","110/07/13","國票-九鼎",0,10,-10
"14837","1570力肯","110/07/13","兆豐-台中港",10,0,10
"14838","1570力肯","110/07/13","凱基-桃園",0,10,-10
"14839","1570力肯","110/07/13","國泰-松江",9,0,9
"14840","1570力肯","110/07/13","凱基-新豐",0,10,-10
"14841","1570力肯","110/07/13","元大-新盛",9,0,9
"14842","1570力肯","110/07/13","元大-學甲",0,10,-10
"14843","1570力肯","110/07/13","元富-緯城",6,0,6
"14844","1570力肯","110/07/13","群益金鼎-東湖",1,10,-9
"14845","1570力肯","110/07/13","統一-三重",5,0,5
"14846","1570力肯","110/07/13","大昌",0,6,-6
"14847","1570力肯","110/07/13","元大-前金",5,0,5
"14848","1570力肯","110/07/13","元大-土城學府",0,6,-6
"14849","1570力肯","110/07/13","永豐金證券",5,0,5
"14850","1570力肯","110/07/13","統一",0,5,-5
"14851","6180橘子","110/07/13","摩根大通",119,0,119
"14852","6180橘子","110/07/13","元大-崇德",2,61,-59
"14853","6180橘子","110/07/13","美商高盛",96,0,96
"14854","6180橘子","110/07/13","康和-台中",0,51,-51
"14855","6180橘子","110/07/13","新加坡商瑞銀",86,7,79
"14856","6180橘子","110/07/13","康和-台北",0,50,-50
"14857","6180橘子","110/07/13","元大-和平",40,0,40
"14858","6180橘子","110/07/13","元富-潮州",0,40,-40
"14859","6180橘子","110/07/13","凱基-台北",83,47,36
"14860","6180橘子","110/07/13","日盛-永康",0,26,-26
"14861","6180橘子","110/07/13","美林",39,5,34
"14862","6180橘子","110/07/13","永豐金-中正",0,24,-24
"14863","6180橘子","110/07/13","富邦-新竹華信",31,2,29
"14864","6180橘子","110/07/13","國泰-板橋",2,25,-23
"14865","6180橘子","110/07/13","統一-南京",21,0,21
"14866","6180橘子","110/07/13","日盛-大墩",0,20,-20
"14867","6180橘子","110/07/13","富邦-陽明",24,3,21
"14868","6180橘子","110/07/13","元大-草屯",13,32,-19
"14869","6180橘子","110/07/13","大昌-樹林",21,1,20
"14870","6180橘子","110/07/13","元富-林園",1,18,-17
"14871","6180橘子","110/07/13","花旗環球",19,0,19
"14872","6180橘子","110/07/13","新光-新竹",1,18,-17
"14873","6180橘子","110/07/13","華南永昌-台南",19,0,19
"14874","6180橘子","110/07/13","元大-土城永寧",0,17,-17
"14875","6180橘子","110/07/13","福勝",14,0,14
"14876","6180橘子","110/07/13","國泰-新莊",3,19,-16
"14877","6180橘子","110/07/13","富邦-嘉義",12,1,11
"14878","6180橘子","110/07/13","中國信託-永康",6,21,-15
"14879","6180橘子","110/07/13","元大-板橋三民",11,0,11
"14880","6180橘子","110/07/13","凱基-東港",1,15,-14
"14881","2390云辰","110/07/13","新加坡商瑞銀",562,75,487
"14882","2390云辰","110/07/13","大展-台南",0,532,-532
"14883","2390云辰","110/07/13","台灣摩根士丹利",330,155,175
"14884","2390云辰","110/07/13","凱基-台北",668,854,-186
"14885","2390云辰","110/07/13","兆豐-公益",126,25,101
"14886","2390云辰","110/07/13","凱基-三重",12,172,-160
"14887","2390云辰","110/07/13","元富-中港",100,2,98
"14888","2390云辰","110/07/13","兆豐-忠孝",4,161,-157
"14889","2390云辰","110/07/13","統一-新台中",106,9,97
"14890","2390云辰","110/07/13","元大-士林",19,170,-151
"14891","2390云辰","110/07/13","中國信託-松江",81,11,70
"14892","2390云辰","110/07/13","臺銀-新竹",14,117,-103
"14893","2390云辰","110/07/13","日盛-板橋",72,3,69
"14894","2390云辰","110/07/13","國票-台中",4,102,-98
"14895","2390云辰","110/07/13","日盛-和美",57,0,57
"14896","2390云辰","110/07/13","新光",147,232,-85
"14897","2390云辰","110/07/13","永豐金-桃園",88,36,52
"14898","2390云辰","110/07/13","致和-崇德",2,70,-68
"14899","2390云辰","110/07/13","玉山-士林",54,4,50
"14900","2390云辰","110/07/13","群益金鼎-屏東",2,70,-68
"14901","2390云辰","110/07/13","富邦-仁愛",56,6,50
"14902","2390云辰","110/07/13","元大-大里",35,98,-63
"14903","2390云辰","110/07/13","第一金-豐原",50,1,49
"14904","2390云辰","110/07/13","元大-萬華",35,94,-59
"14905","2390云辰","110/07/13","摩根大通",502,453,49
"14906","2390云辰","110/07/13","元富-吉利",2,60,-58
"14907","2390云辰","110/07/13","凱基-松山",61,13,48
"14908","2390云辰","110/07/13","兆豐-新竹",3,53,-50
"14909","2390云辰","110/07/13","大昌",64,22,42
"14910","2390云辰","110/07/13","富邦-嘉義",65,108,-43
"14911","2363矽統","110/07/13","凱基-南崁",2133,63,2070
"14912","2363矽統","110/07/13","凱基-幸福",36,4048,-4012
"14913","2363矽統","110/07/13","國泰-敦南",2195,1617,578
"14914","2363矽統","110/07/13","統一",192,3325,-3133
"14915","2363矽統","110/07/13","中農",670,139,531
"14916","2363矽統","110/07/13","新加坡商瑞銀",1000,2747,-1747
"14917","2363矽統","110/07/13","康和-台中",638,154,484
"14918","2363矽統","110/07/13","凱基-台北",5359,6609,-1250
"14919","2363矽統","110/07/13","群益金鼎-三民",577,137,440
"14920","2363矽統","110/07/13","摩根大通",1930,2858,-928
"14921","2363矽統","110/07/13","台新-屏東",510,88,422
"14922","2363矽統","110/07/13","港商野村",960,1679,-719
"14923","2363矽統","110/07/13","德信-中正",455,67,388
"14924","2363矽統","110/07/13","兆豐-復興",25,705,-680
"14925","2363矽統","110/07/13","日盛-竹北",365,70,295
"14926","2363矽統","110/07/13","統一-仁愛",114,755,-641
"14927","2363矽統","110/07/13","元大-佳里",452,189,263
"14928","2363矽統","110/07/13","統一-敦南",29,638,-609
"14929","2363矽統","110/07/13","國票-博愛",296,38,258
"14930","2363矽統","110/07/13","統一-土城",100,704,-604
"14931","2363矽統","110/07/13","元大-萬華",340,95,245
"14932","2363矽統","110/07/13","統一-城中",116,676,-560
"14933","2363矽統","110/07/13","新光",1259,1031,228
"14934","2363矽統","110/07/13","永豐金證券",306,859,-553
"14935","2363矽統","110/07/13","元富-成功",323,96,227
"14936","2363矽統","110/07/13","元富",54,567,-513
"14937","2363矽統","110/07/13","豐農",228,23,205
"14938","2363矽統","110/07/13","瑞士信貸",202,666,-464
"14939","2363矽統","110/07/13","台灣企銀-岡山",186,4,182
"14940","2363矽統","110/07/13","永豐金-嘉義",67,468,-401
"14941","8112至上","110/07/13","摩根大通",688,296,392
"14942","8112至上","110/07/13","國票-中和",0,401,-401
"14943","8112至上","110/07/13","港商野村",344,145,199
"14944","8112至上","110/07/13","永豐金-板盛",0,205,-205
"14945","8112至上","110/07/13","兆豐-公益",195,5,190
"14946","8112至上","110/07/13","凱基-五股",43,155,-112
"14947","8112至上","110/07/13","台灣摩根士丹利",183,0,183
"14948","8112至上","110/07/13","凱基-市政",0,100,-100
"14949","8112至上","110/07/13","群益金鼎-敦南",153,2,151
"14950","8112至上","110/07/13","元大-大里德芳",1,92,-91
"14951","8112至上","110/07/13","臺銀-金山",146,26,120
"14952","8112至上","110/07/13","玉山-桃園",26,110,-84
"14953","8112至上","110/07/13","臺銀",133,19,114
"14954","8112至上","110/07/13","兆豐-天母",0,81,-81
"14955","8112至上","110/07/13","合庫-台中",115,6,109
"14956","8112至上","110/07/13","凱基-城中",3,84,-81
"14957","8112至上","110/07/13","亞東-板橋",134,26,108
"14958","8112至上","110/07/13","日盛-新莊",9,85,-76
"14959","8112至上","110/07/13","凱基-台北",414,326,88
"14960","8112至上","110/07/13","日盛-台中",2,64,-62
"14961","8112至上","110/07/13","新加坡商瑞銀",181,100,81
"14962","8112至上","110/07/13","日盛-中壢",3,64,-61
"14963","8112至上","110/07/13","國泰-敦南",108,31,77
"14964","8112至上","110/07/13","元大-台中",2,59,-57
"14965","8112至上","110/07/13","第一金-華江",77,4,73
"14966","8112至上","110/07/13","元大-雙和",7,64,-57
"14967","8112至上","110/07/13","永豐金-內湖",73,1,72
"14968","8112至上","110/07/13","元大-高雄",8,62,-54
"14969","8112至上","110/07/13","元大-永和",68,1,67
"14970","8112至上","110/07/13","元大-館前",2,55,-53
"14971","2929淘帝","110/07/13","玉山-新竹",130,0,130
"14972","2929淘帝","110/07/13","美商高盛",0,177,-177
"14973","2929淘帝","110/07/13","臺銀-民權",60,0,60
"14974","2929淘帝","110/07/13","凱基-台北",6,80,-74
"14975","2929淘帝","110/07/13","新百王",31,0,31
"14976","2929淘帝","110/07/13","元富-大裕",0,49,-49
"14977","2929淘帝","110/07/13","日盛-園區",30,0,30
"14978","2929淘帝","110/07/13","國泰-館前",3,51,-48
"14979","2929淘帝","110/07/13","元大-南投",31,1,30
"14980","2929淘帝","110/07/13","凱基-中壢",0,41,-41
"14981","2929淘帝","110/07/13","兆豐-忠孝",28,0,28
"14982","2929淘帝","110/07/13","港商野村",21,55,-34
"14983","2929淘帝","110/07/13","元大-民生",28,0,28
"14984","2929淘帝","110/07/13","華南永昌-南京",2,34,-32
"14985","2929淘帝","110/07/13","合庫-高雄",27,0,27
"14986","2929淘帝","110/07/13","群益金鼎-土城",0,30,-30
"14987","2929淘帝","110/07/13","凱基-豐中",27,0,27
"14988","2929淘帝","110/07/13","富邦-南屯",0,22,-22
"14989","2929淘帝","110/07/13","新光",21,4,17
"14990","2929淘帝","110/07/13","第一金-豐原",0,20,-20
"14991","2929淘帝","110/07/13","元大-天母",17,0,17
"14992","2929淘帝","110/07/13","元大-屏南",6,26,-20
"14993","2929淘帝","110/07/13","永興",14,0,14
"14994","2929淘帝","110/07/13","永豐金-敦南",1,21,-20
"14995","2929淘帝","110/07/13","富邦-台北",12,0,12
"14996","2929淘帝","110/07/13","凱基-三重",2,21,-19
"14997","2929淘帝","110/07/13","元大-永和",12,0,12
"14998","2929淘帝","110/07/13","富邦-仁愛",7,25,-18
"14999","2929淘帝","110/07/13","國票-天祥",11,0,11
"15000","2929淘帝","110/07/13","元大-北投",0,16,-16
"15001","5410國眾","110/07/13","兆豐-城中",274,0,274
"15002","5410國眾","110/07/13","元富-嘉義",0,103,-103
"15003","5410國眾","110/07/13","新光",50,4,46
"15004","5410國眾","110/07/13","凱基-台北",0,50,-50
"15005","5410國眾","110/07/13","國泰-台中",26,0,26
"15006","5410國眾","110/07/13","瑞士信貸",0,31,-31
"15007","5410國眾","110/07/13","新加坡商瑞銀",22,0,22
"15008","5410國眾","110/07/13","台新-新莊",0,27,-27
"15009","5410國眾","110/07/13","光和-嘉義",20,0,20
"15010","5410國眾","110/07/13","元大-汐止",0,20,-20
"15011","5410國眾","110/07/13","凱基-竹北",17,0,17
"15012","5410國眾","110/07/13","亞東-新竹",0,17,-17
"15013","5410國眾","110/07/13","新光-桃園",15,0,15
"15014","5410國眾","110/07/13","元大-南勢角",0,13,-13
"15015","5410國眾","110/07/13","凱基-台東",14,0,14
"15016","5410國眾","110/07/13","台新-台南",0,12,-12
"15017","5410國眾","110/07/13","富邦-竹北",11,0,11
"15018","5410國眾","110/07/13","中國信託",0,11,-11
"15019","5410國眾","110/07/13","元富-同大",10,0,10
"15020","5410國眾","110/07/13","華南永昌",0,11,-11
"15021","5410國眾","110/07/13","國泰-敦南",24,15,9
"15022","5410國眾","110/07/13","臺銀-臺南",0,10,-10
"15023","5410國眾","110/07/13","日盛-內湖",7,0,7
"15024","5410國眾","110/07/13","台灣企銀-民雄",0,10,-10
"15025","5410國眾","110/07/13","台新-左楠",7,0,7
"15026","5410國眾","110/07/13","高橋",0,10,-10
"15027","5410國眾","110/07/13","元大-新盛",18,12,6
"15028","5410國眾","110/07/13","康和-嘉義",0,10,-10
"15029","5410國眾","110/07/13","統一",5,0,5
"15030","5410國眾","110/07/13","凱基-基隆",0,10,-10
"15031","2841台開","110/07/13","中國信託-高雄",251,50,201
"15032","2841台開","110/07/13","兆豐-公益",0,177,-177
"15033","2841台開","110/07/13","日盛證券",210,13,197
"15034","2841台開","110/07/13","日進",0,152,-152
"15035","2841台開","110/07/13","第一金-台中",55,0,55
"15036","2841台開","110/07/13","港商野村",0,109,-109
"15037","2841台開","110/07/13","國泰-板橋",46,0,46
"15038","2841台開","110/07/13","日盛-信義",0,103,-103
"15039","2841台開","110/07/13","國泰-館前",48,3,45
"15040","2841台開","110/07/13","國泰-敦南",11,75,-64
"15041","2841台開","110/07/13","華南永昌-新莊",45,0,45
"15042","2841台開","110/07/13","永興",0,50,-50
"15043","2841台開","110/07/13","日盛-園區",42,0,42
"15044","2841台開","110/07/13","永豐金-敦南",61,104,-43
"15045","2841台開","110/07/13","台新證券",32,0,32
"15046","2841台開","110/07/13","富邦-台南",0,42,-42
"15047","2841台開","110/07/13","台新-高雄",32,2,30
"15048","2841台開","110/07/13","國票-安和",0,30,-30
"15049","2841台開","110/07/13","豐農",23,0,23
"15050","2841台開","110/07/13","元大-桃園",0,25,-25
"15051","2841台開","110/07/13","合庫-嘉義",20,0,20
"15052","2841台開","110/07/13","新光",8,32,-24
"15053","2841台開","110/07/13","華南永昌-高雄",20,0,20
"15054","2841台開","110/07/13","元大-仁愛",0,24,-24
"15055","2841台開","110/07/13","元大-樹林",16,0,16
"15056","2841台開","110/07/13","日盛-中和",0,20,-20
"15057","2841台開","110/07/13","第一金-華江",15,2,13
"15058","2841台開","110/07/13","元富",0,20,-20
"15059","2841台開","110/07/13","美商高盛",12,0,12
"15060","2841台開","110/07/13","富邦-宜蘭",0,20,-20
"15061","6207雷科","110/07/13","元大-高雄",121,0,121
"15062","6207雷科","110/07/13","華南永昌-朴子",1,60,-59
"15063","6207雷科","110/07/13","第一金-新興",20,0,20
"15064","6207雷科","110/07/13","元大-南海",0,36,-36
"15065","6207雷科","110/07/13","元富-三重",20,0,20
"15066","6207雷科","110/07/13","凱基-土城",0,35,-35
"15067","6207雷科","110/07/13","元大-林園",15,0,15
"15068","6207雷科","110/07/13","台灣企銀",0,20,-20
"15069","6207雷科","110/07/13","元大-金華",16,1,15
"15070","6207雷科","110/07/13","群益金鼎-丹鳳",0,20,-20
"15071","6207雷科","110/07/13","日盛證券",10,0,10
"15072","6207雷科","110/07/13","元大-博愛",0,17,-17
"15073","6207雷科","110/07/13","統一-台中",10,0,10
"15074","6207雷科","110/07/13","元大-北港",0,13,-13
"15075","6207雷科","110/07/13","群益金鼎-土城",10,0,10
"15076","6207雷科","110/07/13","新加坡商瑞銀",0,12,-12
"15077","6207雷科","110/07/13","群益金鼎-桃園",10,0,10
"15078","6207雷科","110/07/13","凱基-台北",4,16,-12
"15079","6207雷科","110/07/13","永豐金-新莊",10,0,10
"15080","6207雷科","110/07/13","日茂-埔里",0,11,-11
"15081","6207雷科","110/07/13","永豐金-新店",10,0,10
"15082","6207雷科","110/07/13","元大-莒光",0,11,-11
"15083","6207雷科","110/07/13","元大證券",9,0,9
"15084","6207雷科","110/07/13","統一-新竹",0,10,-10
"15085","6207雷科","110/07/13","日盛-木柵",9,1,8
"15086","6207雷科","110/07/13","元大-西螺",0,10,-10
"15087","6207雷科","110/07/13","兆豐-來福",8,0,8
"15088","6207雷科","110/07/13","康和-台中",0,8,-8
"15089","6207雷科","110/07/13","新光",7,0,7
"15090","6207雷科","110/07/13","兆豐-高雄",0,6,-6
"15091","3679新至陞","110/07/13","永豐金證券",50,0,50
"15092","3679新至陞","110/07/13","摩根大通",2,25,-23
"15093","3679新至陞","110/07/13","國泰-桃園",22,0,22
"15094","3679新至陞","110/07/13","元大-成功",0,22,-22
"15095","3679新至陞","110/07/13","台中銀-員林",11,0,11
"15096","3679新至陞","110/07/13","富邦-板橋",1,19,-18
"15097","3679新至陞","110/07/13","元大-文心興安",8,0,8
"15098","3679新至陞","110/07/13","日盛-新莊",0,10,-10
"15099","3679新至陞","110/07/13","美商高盛",6,0,6
"15100","3679新至陞","110/07/13","台新-台中",0,10,-10
"15101","3679新至陞","110/07/13","台新-高雄",6,0,6
"15102","3679新至陞","110/07/13","永豐金-新竹",0,8,-8
"15103","3679新至陞","110/07/13","凱基-台北",18,12,6
"15104","3679新至陞","110/07/13","瑞士信貸",12,19,-7
"15105","3679新至陞","110/07/13","日盛-復興",5,0,5
"15106","3679新至陞","110/07/13","統一-南京",0,7,-7
"15107","3679新至陞","110/07/13","(牛牛牛)亞-鑫豐",4,0,4
"15108","3679新至陞","110/07/13","凱基-新莊",0,7,-7
"15109","3679新至陞","110/07/13","元富-大昌",3,0,3
"15110","3679新至陞","110/07/13","新加坡商瑞銀",0,6,-6
"15111","3679新至陞","110/07/13","富邦-台北",3,0,3
"15112","3679新至陞","110/07/13","合庫-自強",0,5,-5
"15113","3679新至陞","110/07/13","日盛-樹林",2,0,2
"15114","3679新至陞","110/07/13","富邦-桃園",0,5,-5
"15115","3679新至陞","110/07/13","宏遠-光隆",2,0,2
"15116","3679新至陞","110/07/13","永豐金-潮州",0,4,-4
"15117","3679新至陞","110/07/13","美林",3,1,2
"15118","3679新至陞","110/07/13","臺銀-臺南",0,3,-3
"15119","3679新至陞","110/07/13","第一金-中壢",2,0,2
"15120","3679新至陞","110/07/13","元大-六合",0,3,-3
"15121","2727王品","110/07/13","富邦-台北",43,3,40
"15122","2727王品","110/07/13","台灣摩根士丹利",15,97,-82
"15123","2727王品","110/07/13","元大-基隆孝二",40,0,40
"15124","2727王品","110/07/13","玉山-台南",5,57,-52
"15125","2727王品","110/07/13","國票-新莊",40,1,39
"15126","2727王品","110/07/13","新加坡商瑞銀",0,48,-48
"15127","2727王品","110/07/13","第一金-豐原",66,42,24
"15128","2727王品","110/07/13","凱基-台北",41,77,-36
"15129","2727王品","110/07/13","永豐金-大園",34,10,24
"15130","2727王品","110/07/13","永豐金-永康",0,22,-22
"15131","2727王品","110/07/13","元大-北屯",22,0,22
"15132","2727王品","110/07/13","統一-台中",2,22,-20
"15133","2727王品","110/07/13","元大-東蘆",26,7,19
"15134","2727王品","110/07/13","國泰-台中",21,39,-18
"15135","2727王品","110/07/13","永豐金-萬盛",13,1,12
"15136","2727王品","110/07/13","合庫-彰化",3,20,-17
"15137","2727王品","110/07/13","日盛-嘉義",11,0,11
"15138","2727王品","110/07/13","港商野村",13,30,-17
"15139","2727王品","110/07/13","日盛-八德",11,0,11
"15140","2727王品","110/07/13","元大-楊梅",1,16,-15
"15141","2727王品","110/07/13","統一-竹南",11,0,11
"15142","2727王品","110/07/13","凱基-高美館",2,15,-13
"15143","2727王品","110/07/13","日盛-士林",12,2,10
"15144","2727王品","110/07/13","美商高盛",2,14,-12
"15145","2727王品","110/07/13","統一-敦南",10,0,10
"15146","2727王品","110/07/13","統一-平鎮",1,13,-12
"15147","2727王品","110/07/13","中國信託",15,5,10
"15148","2727王品","110/07/13","兆豐-台中港",4,16,-12
"15149","2727王品","110/07/13","兆豐-竹北",13,3,10
"15150","2727王品","110/07/13","凱基-八德",1,13,-12
"15151","1570力肯","110/07/13","新光",115,11,104
"15152","1570力肯","110/07/13","元大-北三重",0,162,-162
"15153","1570力肯","110/07/13","群益金鼎-高雄",54,0,54
"15154","1570力肯","110/07/13","元大-大灣",0,25,-25
"15155","1570力肯","110/07/13","國票-新莊",22,0,22
"15156","1570力肯","110/07/13","永豐金-苓雅",0,22,-22
"15157","1570力肯","110/07/13","日盛-桃園",12,0,12
"15158","1570力肯","110/07/13","永豐金-永康",0,19,-19
"15159","1570力肯","110/07/13","元大-高雄",12,0,12
"15160","1570力肯","110/07/13","富邦-員林",0,15,-15
"15161","1570力肯","110/07/13","合庫-自強",11,0,11
"15162","1570力肯","110/07/13","凱基-台南",0,11,-11
"15163","1570力肯","110/07/13","摩根大通",26,15,11
"15164","1570力肯","110/07/13","日盛-竹北",0,10,-10
"15165","1570力肯","110/07/13","永豐金-中盛",11,0,11
"15166","1570力肯","110/07/13","國票-九鼎",0,10,-10
"15167","1570力肯","110/07/13","兆豐-台中港",10,0,10
"15168","1570力肯","110/07/13","凱基-桃園",0,10,-10
"15169","1570力肯","110/07/13","國泰-松江",9,0,9
"15170","1570力肯","110/07/13","凱基-新豐",0,10,-10
"15171","1570力肯","110/07/13","元大-新盛",9,0,9
"15172","1570力肯","110/07/13","元大-學甲",0,10,-10
"15173","1570力肯","110/07/13","元富-緯城",6,0,6
"15174","1570力肯","110/07/13","群益金鼎-東湖",1,10,-9
"15175","1570力肯","110/07/13","統一-三重",5,0,5
"15176","1570力肯","110/07/13","大昌",0,6,-6
"15177","1570力肯","110/07/13","元大-前金",5,0,5
"15178","1570力肯","110/07/13","元大-土城學府",0,6,-6
"15179","1570力肯","110/07/13","永豐金證券",5,0,5
"15180","1570力肯","110/07/13","統一",0,5,-5
"15181","6180橘子","110/07/13","摩根大通",119,0,119
"15182","6180橘子","110/07/13","元大-崇德",2,61,-59
"15183","6180橘子","110/07/13","美商高盛",96,0,96
"15184","6180橘子","110/07/13","康和-台中",0,51,-51
"15185","6180橘子","110/07/13","新加坡商瑞銀",86,7,79
"15186","6180橘子","110/07/13","康和-台北",0,50,-50
"15187","6180橘子","110/07/13","元大-和平",40,0,40
"15188","6180橘子","110/07/13","元富-潮州",0,40,-40
"15189","6180橘子","110/07/13","凱基-台北",83,47,36
"15190","6180橘子","110/07/13","日盛-永康",0,26,-26
"15191","6180橘子","110/07/13","美林",39,5,34
"15192","6180橘子","110/07/13","永豐金-中正",0,24,-24
"15193","6180橘子","110/07/13","富邦-新竹華信",31,2,29
"15194","6180橘子","110/07/13","國泰-板橋",2,25,-23
"15195","6180橘子","110/07/13","統一-南京",21,0,21
"15196","6180橘子","110/07/13","日盛-大墩",0,20,-20
"15197","6180橘子","110/07/13","富邦-陽明",24,3,21
"15198","6180橘子","110/07/13","元大-草屯",13,32,-19
"15199","6180橘子","110/07/13","大昌-樹林",21,1,20
"15200","6180橘子","110/07/13","元富-林園",1,18,-17
"15201","6180橘子","110/07/13","花旗環球",19,0,19
"15202","6180橘子","110/07/13","新光-新竹",1,18,-17
"15203","6180橘子","110/07/13","華南永昌-台南",19,0,19
"15204","6180橘子","110/07/13","元大-土城永寧",0,17,-17
"15205","6180橘子","110/07/13","福勝",14,0,14
"15206","6180橘子","110/07/13","國泰-新莊",3,19,-16
"15207","6180橘子","110/07/13","富邦-嘉義",12,1,11
"15208","6180橘子","110/07/13","中國信託-永康",6,21,-15
"15209","6180橘子","110/07/13","元大-板橋三民",11,0,11
"15210","6180橘子","110/07/13","凱基-東港",1,15,-14
"15211","2390云辰","110/07/13","新加坡商瑞銀",562,75,487
"15212","2390云辰","110/07/13","大展-台南",0,532,-532
"15213","2390云辰","110/07/13","台灣摩根士丹利",330,155,175
"15214","2390云辰","110/07/13","凱基-台北",668,854,-186
"15215","2390云辰","110/07/13","兆豐-公益",126,25,101
"15216","2390云辰","110/07/13","凱基-三重",12,172,-160
"15217","2390云辰","110/07/13","元富-中港",100,2,98
"15218","2390云辰","110/07/13","兆豐-忠孝",4,161,-157
"15219","2390云辰","110/07/13","統一-新台中",106,9,97
"15220","2390云辰","110/07/13","元大-士林",19,170,-151
"15221","2390云辰","110/07/13","中國信託-松江",81,11,70
"15222","2390云辰","110/07/13","臺銀-新竹",14,117,-103
"15223","2390云辰","110/07/13","日盛-板橋",72,3,69
"15224","2390云辰","110/07/13","國票-台中",4,102,-98
"15225","2390云辰","110/07/13","日盛-和美",57,0,57
"15226","2390云辰","110/07/13","新光",147,232,-85
"15227","2390云辰","110/07/13","永豐金-桃園",88,36,52
"15228","2390云辰","110/07/13","致和-崇德",2,70,-68
"15229","2390云辰","110/07/13","玉山-士林",54,4,50
"15230","2390云辰","110/07/13","群益金鼎-屏東",2,70,-68
"15231","2390云辰","110/07/13","富邦-仁愛",56,6,50
"15232","2390云辰","110/07/13","元大-大里",35,98,-63
"15233","2390云辰","110/07/13","第一金-豐原",50,1,49
"15234","2390云辰","110/07/13","元大-萬華",35,94,-59
"15235","2390云辰","110/07/13","摩根大通",502,453,49
"15236","2390云辰","110/07/13","元富-吉利",2,60,-58
"15237","2390云辰","110/07/13","凱基-松山",61,13,48
"15238","2390云辰","110/07/13","兆豐-新竹",3,53,-50
"15239","2390云辰","110/07/13","大昌",64,22,42
"15240","2390云辰","110/07/13","富邦-嘉義",65,108,-43
"15241","2363矽統","110/07/13","凱基-南崁",2133,63,2070
"15242","2363矽統","110/07/13","凱基-幸福",36,4048,-4012
"15243","2363矽統","110/07/13","國泰-敦南",2195,1617,578
"15244","2363矽統","110/07/13","統一",192,3325,-3133
"15245","2363矽統","110/07/13","中農",670,139,531
"15246","2363矽統","110/07/13","新加坡商瑞銀",1000,2747,-1747
"15247","2363矽統","110/07/13","康和-台中",638,154,484
"15248","2363矽統","110/07/13","凱基-台北",5359,6609,-1250
"15249","2363矽統","110/07/13","群益金鼎-三民",577,137,440
"15250","2363矽統","110/07/13","摩根大通",1930,2858,-928
"15251","2363矽統","110/07/13","台新-屏東",510,88,422
"15252","2363矽統","110/07/13","港商野村",960,1679,-719
"15253","2363矽統","110/07/13","德信-中正",455,67,388
"15254","2363矽統","110/07/13","兆豐-復興",25,705,-680
"15255","2363矽統","110/07/13","日盛-竹北",365,70,295
"15256","2363矽統","110/07/13","統一-仁愛",114,755,-641
"15257","2363矽統","110/07/13","元大-佳里",452,189,263
"15258","2363矽統","110/07/13","統一-敦南",29,638,-609
"15259","2363矽統","110/07/13","國票-博愛",296,38,258
"15260","2363矽統","110/07/13","統一-土城",100,704,-604
"15261","2363矽統","110/07/13","元大-萬華",340,95,245
"15262","2363矽統","110/07/13","統一-城中",116,676,-560
"15263","2363矽統","110/07/13","新光",1259,1031,228
"15264","2363矽統","110/07/13","永豐金證券",306,859,-553
"15265","2363矽統","110/07/13","元富-成功",323,96,227
"15266","2363矽統","110/07/13","元富",54,567,-513
"15267","2363矽統","110/07/13","豐農",228,23,205
"15268","2363矽統","110/07/13","瑞士信貸",202,666,-464
"15269","2363矽統","110/07/13","台灣企銀-岡山",186,4,182
"15270","2363矽統","110/07/13","永豐金-嘉義",67,468,-401
"15271","8112至上","110/07/13","摩根大通",688,296,392
"15272","8112至上","110/07/13","國票-中和",0,401,-401
"15273","8112至上","110/07/13","港商野村",344,145,199
"15274","8112至上","110/07/13","永豐金-板盛",0,205,-205
"15275","8112至上","110/07/13","兆豐-公益",195,5,190
"15276","8112至上","110/07/13","凱基-五股",43,155,-112
"15277","8112至上","110/07/13","台灣摩根士丹利",183,0,183
"15278","8112至上","110/07/13","凱基-市政",0,100,-100
"15279","8112至上","110/07/13","群益金鼎-敦南",153,2,151
"15280","8112至上","110/07/13","元大-大里德芳",1,92,-91
"15281","8112至上","110/07/13","臺銀-金山",146,26,120
"15282","8112至上","110/07/13","玉山-桃園",26,110,-84
"15283","8112至上","110/07/13","臺銀",133,19,114
"15284","8112至上","110/07/13","兆豐-天母",0,81,-81
"15285","8112至上","110/07/13","合庫-台中",115,6,109
"15286","8112至上","110/07/13","凱基-城中",3,84,-81
"15287","8112至上","110/07/13","亞東-板橋",134,26,108
"15288","8112至上","110/07/13","日盛-新莊",9,85,-76
"15289","8112至上","110/07/13","凱基-台北",414,326,88
"15290","8112至上","110/07/13","日盛-台中",2,64,-62
"15291","8112至上","110/07/13","新加坡商瑞銀",181,100,81
"15292","8112至上","110/07/13","日盛-中壢",3,64,-61
"15293","8112至上","110/07/13","國泰-敦南",108,31,77
"15294","8112至上","110/07/13","元大-台中",2,59,-57
"15295","8112至上","110/07/13","第一金-華江",77,4,73
"15296","8112至上","110/07/13","元大-雙和",7,64,-57
"15297","8112至上","110/07/13","永豐金-內湖",73,1,72
"15298","8112至上","110/07/13","元大-高雄",8,62,-54
"15299","8112至上","110/07/13","元大-永和",68,1,67
"15300","8112至上","110/07/13","元大-館前",2,55,-53
"15301","2929淘帝","110/07/13","玉山-新竹",130,0,130
"15302","2929淘帝","110/07/13","美商高盛",0,177,-177
"15303","2929淘帝","110/07/13","臺銀-民權",60,0,60
"15304","2929淘帝","110/07/13","凱基-台北",6,80,-74
"15305","2929淘帝","110/07/13","新百王",31,0,31
"15306","2929淘帝","110/07/13","元富-大裕",0,49,-49
"15307","2929淘帝","110/07/13","日盛-園區",30,0,30
"15308","2929淘帝","110/07/13","國泰-館前",3,51,-48
"15309","2929淘帝","110/07/13","元大-南投",31,1,30
"15310","2929淘帝","110/07/13","凱基-中壢",0,41,-41
"15311","2929淘帝","110/07/13","兆豐-忠孝",28,0,28
"15312","2929淘帝","110/07/13","港商野村",21,55,-34
"15313","2929淘帝","110/07/13","元大-民生",28,0,28
"15314","2929淘帝","110/07/13","華南永昌-南京",2,34,-32
"15315","2929淘帝","110/07/13","合庫-高雄",27,0,27
"15316","2929淘帝","110/07/13","群益金鼎-土城",0,30,-30
"15317","2929淘帝","110/07/13","凱基-豐中",27,0,27
"15318","2929淘帝","110/07/13","富邦-南屯",0,22,-22
"15319","2929淘帝","110/07/13","新光",21,4,17
"15320","2929淘帝","110/07/13","第一金-豐原",0,20,-20
"15321","2929淘帝","110/07/13","元大-天母",17,0,17
"15322","2929淘帝","110/07/13","元大-屏南",6,26,-20
"15323","2929淘帝","110/07/13","永興",14,0,14
"15324","2929淘帝","110/07/13","永豐金-敦南",1,21,-20
"15325","2929淘帝","110/07/13","富邦-台北",12,0,12
"15326","2929淘帝","110/07/13","凱基-三重",2,21,-19
"15327","2929淘帝","110/07/13","元大-永和",12,0,12
"15328","2929淘帝","110/07/13","富邦-仁愛",7,25,-18
"15329","2929淘帝","110/07/13","國票-天祥",11,0,11
"15330","2929淘帝","110/07/13","元大-北投",0,16,-16
"15331","5410國眾","110/07/13","兆豐-城中",274,0,274
"15332","5410國眾","110/07/13","元富-嘉義",0,103,-103
"15333","5410國眾","110/07/13","新光",50,4,46
"15334","5410國眾","110/07/13","凱基-台北",0,50,-50
"15335","5410國眾","110/07/13","國泰-台中",26,0,26
"15336","5410國眾","110/07/13","瑞士信貸",0,31,-31
"15337","5410國眾","110/07/13","新加坡商瑞銀",22,0,22
"15338","5410國眾","110/07/13","台新-新莊",0,27,-27
"15339","5410國眾","110/07/13","光和-嘉義",20,0,20
"15340","5410國眾","110/07/13","元大-汐止",0,20,-20
"15341","5410國眾","110/07/13","凱基-竹北",17,0,17
"15342","5410國眾","110/07/13","亞東-新竹",0,17,-17
"15343","5410國眾","110/07/13","新光-桃園",15,0,15
"15344","5410國眾","110/07/13","元大-南勢角",0,13,-13
"15345","5410國眾","110/07/13","凱基-台東",14,0,14
"15346","5410國眾","110/07/13","台新-台南",0,12,-12
"15347","5410國眾","110/07/13","富邦-竹北",11,0,11
"15348","5410國眾","110/07/13","中國信託",0,11,-11
"15349","5410國眾","110/07/13","元富-同大",10,0,10
"15350","5410國眾","110/07/13","華南永昌",0,11,-11
"15351","5410國眾","110/07/13","國泰-敦南",24,15,9
"15352","5410國眾","110/07/13","臺銀-臺南",0,10,-10
"15353","5410國眾","110/07/13","日盛-內湖",7,0,7
"15354","5410國眾","110/07/13","台灣企銀-民雄",0,10,-10
"15355","5410國眾","110/07/13","台新-左楠",7,0,7
"15356","5410國眾","110/07/13","高橋",0,10,-10
"15357","5410國眾","110/07/13","元大-新盛",18,12,6
"15358","5410國眾","110/07/13","康和-嘉義",0,10,-10
"15359","5410國眾","110/07/13","統一",5,0,5
"15360","5410國眾","110/07/13","凱基-基隆",0,10,-10
"15361","2841台開","110/07/13","中國信託-高雄",251,50,201
"15362","2841台開","110/07/13","兆豐-公益",0,177,-177
"15363","2841台開","110/07/13","日盛證券",210,13,197
"15364","2841台開","110/07/13","日進",0,152,-152
"15365","2841台開","110/07/13","第一金-台中",55,0,55
"15366","2841台開","110/07/13","港商野村",0,109,-109
"15367","2841台開","110/07/13","國泰-板橋",46,0,46
"15368","2841台開","110/07/13","日盛-信義",0,103,-103
"15369","2841台開","110/07/13","國泰-館前",48,3,45
"15370","2841台開","110/07/13","國泰-敦南",11,75,-64
"15371","2841台開","110/07/13","華南永昌-新莊",45,0,45
"15372","2841台開","110/07/13","永興",0,50,-50
"15373","2841台開","110/07/13","日盛-園區",42,0,42
"15374","2841台開","110/07/13","永豐金-敦南",61,104,-43
"15375","2841台開","110/07/13","台新證券",32,0,32
"15376","2841台開","110/07/13","富邦-台南",0,42,-42
"15377","2841台開","110/07/13","台新-高雄",32,2,30
"15378","2841台開","110/07/13","國票-安和",0,30,-30
"15379","2841台開","110/07/13","豐農",23,0,23
"15380","2841台開","110/07/13","元大-桃園",0,25,-25
"15381","2841台開","110/07/13","合庫-嘉義",20,0,20
"15382","2841台開","110/07/13","新光",8,32,-24
"15383","2841台開","110/07/13","華南永昌-高雄",20,0,20
"15384","2841台開","110/07/13","元大-仁愛",0,24,-24
"15385","2841台開","110/07/13","元大-樹林",16,0,16
"15386","2841台開","110/07/13","日盛-中和",0,20,-20
"15387","2841台開","110/07/13","第一金-華江",15,2,13
"15388","2841台開","110/07/13","元富",0,20,-20
"15389","2841台開","110/07/13","美商高盛",12,0,12
"15390","2841台開","110/07/13","富邦-宜蘭",0,20,-20
"15391","6207雷科","110/07/13","元大-高雄",121,0,121
"15392","6207雷科","110/07/13","華南永昌-朴子",1,60,-59
"15393","6207雷科","110/07/13","第一金-新興",20,0,20
"15394","6207雷科","110/07/13","元大-南海",0,36,-36
"15395","6207雷科","110/07/13","元富-三重",20,0,20
"15396","6207雷科","110/07/13","凱基-土城",0,35,-35
"15397","6207雷科","110/07/13","元大-林園",15,0,15
"15398","6207雷科","110/07/13","台灣企銀",0,20,-20
"15399","6207雷科","110/07/13","元大-金華",16,1,15
"15400","6207雷科","110/07/13","群益金鼎-丹鳳",0,20,-20
"15401","6207雷科","110/07/13","日盛證券",10,0,10
"15402","6207雷科","110/07/13","元大-博愛",0,17,-17
"15403","6207雷科","110/07/13","統一-台中",10,0,10
"15404","6207雷科","110/07/13","元大-北港",0,13,-13
"15405","6207雷科","110/07/13","群益金鼎-土城",10,0,10
"15406","6207雷科","110/07/13","新加坡商瑞銀",0,12,-12
"15407","6207雷科","110/07/13","群益金鼎-桃園",10,0,10
"15408","6207雷科","110/07/13","凱基-台北",4,16,-12
"15409","6207雷科","110/07/13","永豐金-新莊",10,0,10
"15410","6207雷科","110/07/13","日茂-埔里",0,11,-11
"15411","6207雷科","110/07/13","永豐金-新店",10,0,10
"15412","6207雷科","110/07/13","元大-莒光",0,11,-11
"15413","6207雷科","110/07/13","元大證券",9,0,9
"15414","6207雷科","110/07/13","統一-新竹",0,10,-10
"15415","6207雷科","110/07/13","日盛-木柵",9,1,8
"15416","6207雷科","110/07/13","元大-西螺",0,10,-10
"15417","6207雷科","110/07/13","兆豐-來福",8,0,8
"15418","6207雷科","110/07/13","康和-台中",0,8,-8
"15419","6207雷科","110/07/13","新光",7,0,7
"15420","6207雷科","110/07/13","兆豐-高雄",0,6,-6
"15421","3679新至陞","110/07/13","永豐金證券",50,0,50
"15422","3679新至陞","110/07/13","摩根大通",2,25,-23
"15423","3679新至陞","110/07/13","國泰-桃園",22,0,22
"15424","3679新至陞","110/07/13","元大-成功",0,22,-22
"15425","3679新至陞","110/07/13","台中銀-員林",11,0,11
"15426","3679新至陞","110/07/13","富邦-板橋",1,19,-18
"15427","3679新至陞","110/07/13","元大-文心興安",8,0,8
"15428","3679新至陞","110/07/13","日盛-新莊",0,10,-10
"15429","3679新至陞","110/07/13","美商高盛",6,0,6
"15430","3679新至陞","110/07/13","台新-台中",0,10,-10
"15431","3679新至陞","110/07/13","台新-高雄",6,0,6
"15432","3679新至陞","110/07/13","永豐金-新竹",0,8,-8
"15433","3679新至陞","110/07/13","凱基-台北",18,12,6
"15434","3679新至陞","110/07/13","瑞士信貸",12,19,-7
"15435","3679新至陞","110/07/13","日盛-復興",5,0,5
"15436","3679新至陞","110/07/13","統一-南京",0,7,-7
"15437","3679新至陞","110/07/13","(牛牛牛)亞-鑫豐",4,0,4
"15438","3679新至陞","110/07/13","凱基-新莊",0,7,-7
"15439","3679新至陞","110/07/13","元富-大昌",3,0,3
"15440","3679新至陞","110/07/13","新加坡商瑞銀",0,6,-6
"15441","3679新至陞","110/07/13","富邦-台北",3,0,3
"15442","3679新至陞","110/07/13","合庫-自強",0,5,-5
"15443","3679新至陞","110/07/13","日盛-樹林",2,0,2
"15444","3679新至陞","110/07/13","富邦-桃園",0,5,-5
"15445","3679新至陞","110/07/13","宏遠-光隆",2,0,2
"15446","3679新至陞","110/07/13","永豐金-潮州",0,4,-4
"15447","3679新至陞","110/07/13","美林",3,1,2
"15448","3679新至陞","110/07/13","臺銀-臺南",0,3,-3
"15449","3679新至陞","110/07/13","第一金-中壢",2,0,2
"15450","3679新至陞","110/07/13","元大-六合",0,3,-3
"15451","2727王品","110/07/13","富邦-台北",43,3,40
"15452","2727王品","110/07/13","台灣摩根士丹利",15,97,-82
"15453","2727王品","110/07/13","元大-基隆孝二",40,0,40
"15454","2727王品","110/07/13","玉山-台南",5,57,-52
"15455","2727王品","110/07/13","國票-新莊",40,1,39
"15456","2727王品","110/07/13","新加坡商瑞銀",0,48,-48
"15457","2727王品","110/07/13","第一金-豐原",66,42,24
"15458","2727王品","110/07/13","凱基-台北",41,77,-36
"15459","2727王品","110/07/13","永豐金-大園",34,10,24
"15460","2727王品","110/07/13","永豐金-永康",0,22,-22
"15461","2727王品","110/07/13","元大-北屯",22,0,22
"15462","2727王品","110/07/13","統一-台中",2,22,-20
"15463","2727王品","110/07/13","元大-東蘆",26,7,19
"15464","2727王品","110/07/13","國泰-台中",21,39,-18
"15465","2727王品","110/07/13","永豐金-萬盛",13,1,12
"15466","2727王品","110/07/13","合庫-彰化",3,20,-17
"15467","2727王品","110/07/13","日盛-嘉義",11,0,11
"15468","2727王品","110/07/13","港商野村",13,30,-17
"15469","2727王品","110/07/13","日盛-八德",11,0,11
"15470","2727王品","110/07/13","元大-楊梅",1,16,-15
"15471","2727王品","110/07/13","統一-竹南",11,0,11
"15472","2727王品","110/07/13","凱基-高美館",2,15,-13
"15473","2727王品","110/07/13","日盛-士林",12,2,10
"15474","2727王品","110/07/13","美商高盛",2,14,-12
"15475","2727王品","110/07/13","統一-敦南",10,0,10
"15476","2727王品","110/07/13","統一-平鎮",1,13,-12
"15477","2727王品","110/07/13","中國信託",15,5,10
"15478","2727王品","110/07/13","兆豐-台中港",4,16,-12
"15479","2727王品","110/07/13","兆豐-竹北",13,3,10
"15480","2727王品","110/07/13","凱基-八德",1,13,-12
"15481","1570力肯","110/07/13","新光",115,11,104
"15482","1570力肯","110/07/13","元大-北三重",0,162,-162
"15483","1570力肯","110/07/13","群益金鼎-高雄",54,0,54
"15484","1570力肯","110/07/13","元大-大灣",0,25,-25
"15485","1570力肯","110/07/13","國票-新莊",22,0,22
"15486","1570力肯","110/07/13","永豐金-苓雅",0,22,-22
"15487","1570力肯","110/07/13","日盛-桃園",12,0,12
"15488","1570力肯","110/07/13","永豐金-永康",0,19,-19
"15489","1570力肯","110/07/13","元大-高雄",12,0,12
"15490","1570力肯","110/07/13","富邦-員林",0,15,-15
"15491","1570力肯","110/07/13","合庫-自強",11,0,11
"15492","1570力肯","110/07/13","凱基-台南",0,11,-11
"15493","1570力肯","110/07/13","摩根大通",26,15,11
"15494","1570力肯","110/07/13","日盛-竹北",0,10,-10
"15495","1570力肯","110/07/13","永豐金-中盛",11,0,11
"15496","1570力肯","110/07/13","國票-九鼎",0,10,-10
"15497","1570力肯","110/07/13","兆豐-台中港",10,0,10
"15498","1570力肯","110/07/13","凱基-桃園",0,10,-10
"15499","1570力肯","110/07/13","國泰-松江",9,0,9
"15500","1570力肯","110/07/13","凱基-新豐",0,10,-10
"15501","1570力肯","110/07/13","元大-新盛",9,0,9
"15502","1570力肯","110/07/13","元大-學甲",0,10,-10
"15503","1570力肯","110/07/13","元富-緯城",6,0,6
"15504","1570力肯","110/07/13","群益金鼎-東湖",1,10,-9
"15505","1570力肯","110/07/13","統一-三重",5,0,5
"15506","1570力肯","110/07/13","大昌",0,6,-6
"15507","1570力肯","110/07/13","元大-前金",5,0,5
"15508","1570力肯","110/07/13","元大-土城學府",0,6,-6
"15509","1570力肯","110/07/13","永豐金證券",5,0,5
"15510","1570力肯","110/07/13","統一",0,5,-5
"15511","6180橘子","110/07/13","摩根大通",119,0,119
"15512","6180橘子","110/07/13","元大-崇德",2,61,-59
"15513","6180橘子","110/07/13","美商高盛",96,0,96
"15514","6180橘子","110/07/13","康和-台中",0,51,-51
"15515","6180橘子","110/07/13","新加坡商瑞銀",86,7,79
"15516","6180橘子","110/07/13","康和-台北",0,50,-50
"15517","6180橘子","110/07/13","元大-和平",40,0,40
"15518","6180橘子","110/07/13","元富-潮州",0,40,-40
"15519","6180橘子","110/07/13","凱基-台北",83,47,36
"15520","6180橘子","110/07/13","日盛-永康",0,26,-26
"15521","6180橘子","110/07/13","美林",39,5,34
"15522","6180橘子","110/07/13","永豐金-中正",0,24,-24
"15523","6180橘子","110/07/13","富邦-新竹華信",31,2,29
"15524","6180橘子","110/07/13","國泰-板橋",2,25,-23
"15525","6180橘子","110/07/13","統一-南京",21,0,21
"15526","6180橘子","110/07/13","日盛-大墩",0,20,-20
"15527","6180橘子","110/07/13","富邦-陽明",24,3,21
"15528","6180橘子","110/07/13","元大-草屯",13,32,-19
"15529","6180橘子","110/07/13","大昌-樹林",21,1,20
"15530","6180橘子","110/07/13","元富-林園",1,18,-17
"15531","6180橘子","110/07/13","花旗環球",19,0,19
"15532","6180橘子","110/07/13","新光-新竹",1,18,-17
"15533","6180橘子","110/07/13","華南永昌-台南",19,0,19
"15534","6180橘子","110/07/13","元大-土城永寧",0,17,-17
"15535","6180橘子","110/07/13","福勝",14,0,14
"15536","6180橘子","110/07/13","國泰-新莊",3,19,-16
"15537","6180橘子","110/07/13","富邦-嘉義",12,1,11
"15538","6180橘子","110/07/13","中國信託-永康",6,21,-15
"15539","6180橘子","110/07/13","元大-板橋三民",11,0,11
"15540","6180橘子","110/07/13","凱基-東港",1,15,-14
"15541","2390云辰","110/07/13","新加坡商瑞銀",562,75,487
"15542","2390云辰","110/07/13","大展-台南",0,532,-532
"15543","2390云辰","110/07/13","台灣摩根士丹利",330,155,175
"15544","2390云辰","110/07/13","凱基-台北",668,854,-186
"15545","2390云辰","110/07/13","兆豐-公益",126,25,101
"15546","2390云辰","110/07/13","凱基-三重",12,172,-160
"15547","2390云辰","110/07/13","元富-中港",100,2,98
"15548","2390云辰","110/07/13","兆豐-忠孝",4,161,-157
"15549","2390云辰","110/07/13","統一-新台中",106,9,97
"15550","2390云辰","110/07/13","元大-士林",19,170,-151
"15551","2390云辰","110/07/13","中國信託-松江",81,11,70
"15552","2390云辰","110/07/13","臺銀-新竹",14,117,-103
"15553","2390云辰","110/07/13","日盛-板橋",72,3,69
"15554","2390云辰","110/07/13","國票-台中",4,102,-98
"15555","2390云辰","110/07/13","日盛-和美",57,0,57
"15556","2390云辰","110/07/13","新光",147,232,-85
"15557","2390云辰","110/07/13","永豐金-桃園",88,36,52
"15558","2390云辰","110/07/13","致和-崇德",2,70,-68
"15559","2390云辰","110/07/13","玉山-士林",54,4,50
"15560","2390云辰","110/07/13","群益金鼎-屏東",2,70,-68
"15561","2390云辰","110/07/13","富邦-仁愛",56,6,50
"15562","2390云辰","110/07/13","元大-大里",35,98,-63
"15563","2390云辰","110/07/13","第一金-豐原",50,1,49
"15564","2390云辰","110/07/13","元大-萬華",35,94,-59
"15565","2390云辰","110/07/13","摩根大通",502,453,49
"15566","2390云辰","110/07/13","元富-吉利",2,60,-58
"15567","2390云辰","110/07/13","凱基-松山",61,13,48
"15568","2390云辰","110/07/13","兆豐-新竹",3,53,-50
"15569","2390云辰","110/07/13","大昌",64,22,42
"15570","2390云辰","110/07/13","富邦-嘉義",65,108,-43
"15571","2363矽統","110/07/13","凱基-南崁",2133,63,2070
"15572","2363矽統","110/07/13","凱基-幸福",36,4048,-4012
"15573","2363矽統","110/07/13","國泰-敦南",2195,1617,578
"15574","2363矽統","110/07/13","統一",192,3325,-3133
"15575","2363矽統","110/07/13","中農",670,139,531
"15576","2363矽統","110/07/13","新加坡商瑞銀",1000,2747,-1747
"15577","2363矽統","110/07/13","康和-台中",638,154,484
"15578","2363矽統","110/07/13","凱基-台北",5359,6609,-1250
"15579","2363矽統","110/07/13","群益金鼎-三民",577,137,440
"15580","2363矽統","110/07/13","摩根大通",1930,2858,-928
"15581","2363矽統","110/07/13","台新-屏東",510,88,422
"15582","2363矽統","110/07/13","港商野村",960,1679,-719
"15583","2363矽統","110/07/13","德信-中正",455,67,388
"15584","2363矽統","110/07/13","兆豐-復興",25,705,-680
"15585","2363矽統","110/07/13","日盛-竹北",365,70,295
"15586","2363矽統","110/07/13","統一-仁愛",114,755,-641
"15587","2363矽統","110/07/13","元大-佳里",452,189,263
"15588","2363矽統","110/07/13","統一-敦南",29,638,-609
"15589","2363矽統","110/07/13","國票-博愛",296,38,258
"15590","2363矽統","110/07/13","統一-土城",100,704,-604
"15591","2363矽統","110/07/13","元大-萬華",340,95,245
"15592","2363矽統","110/07/13","統一-城中",116,676,-560
"15593","2363矽統","110/07/13","新光",1259,1031,228
"15594","2363矽統","110/07/13","永豐金證券",306,859,-553
"15595","2363矽統","110/07/13","元富-成功",323,96,227
"15596","2363矽統","110/07/13","元富",54,567,-513
"15597","2363矽統","110/07/13","豐農",228,23,205
"15598","2363矽統","110/07/13","瑞士信貸",202,666,-464
"15599","2363矽統","110/07/13","台灣企銀-岡山",186,4,182
"15600","2363矽統","110/07/13","永豐金-嘉義",67,468,-401
"15601","8112至上","110/07/13","摩根大通",688,296,392
"15602","8112至上","110/07/13","國票-中和",0,401,-401
"15603","8112至上","110/07/13","港商野村",344,145,199
"15604","8112至上","110/07/13","永豐金-板盛",0,205,-205
"15605","8112至上","110/07/13","兆豐-公益",195,5,190
"15606","8112至上","110/07/13","凱基-五股",43,155,-112
"15607","8112至上","110/07/13","台灣摩根士丹利",183,0,183
"15608","8112至上","110/07/13","凱基-市政",0,100,-100
"15609","8112至上","110/07/13","群益金鼎-敦南",153,2,151
"15610","8112至上","110/07/13","元大-大里德芳",1,92,-91
"15611","8112至上","110/07/13","臺銀-金山",146,26,120
"15612","8112至上","110/07/13","玉山-桃園",26,110,-84
"15613","8112至上","110/07/13","臺銀",133,19,114
"15614","8112至上","110/07/13","兆豐-天母",0,81,-81
"15615","8112至上","110/07/13","合庫-台中",115,6,109
"15616","8112至上","110/07/13","凱基-城中",3,84,-81
"15617","8112至上","110/07/13","亞東-板橋",134,26,108
"15618","8112至上","110/07/13","日盛-新莊",9,85,-76
"15619","8112至上","110/07/13","凱基-台北",414,326,88
"15620","8112至上","110/07/13","日盛-台中",2,64,-62
"15621","8112至上","110/07/13","新加坡商瑞銀",181,100,81
"15622","8112至上","110/07/13","日盛-中壢",3,64,-61
"15623","8112至上","110/07/13","國泰-敦南",108,31,77
"15624","8112至上","110/07/13","元大-台中",2,59,-57
"15625","8112至上","110/07/13","第一金-華江",77,4,73
"15626","8112至上","110/07/13","元大-雙和",7,64,-57
"15627","8112至上","110/07/13","永豐金-內湖",73,1,72
"15628","8112至上","110/07/13","元大-高雄",8,62,-54
"15629","8112至上","110/07/13","元大-永和",68,1,67
"15630","8112至上","110/07/13","元大-館前",2,55,-53
"15631","4903聯光通","110/07/13","台灣企銀-太平",56,0,56
"15632","4903聯光通","110/07/13","土銀",0,32,-32
"15633","4903聯光通","110/07/13","元富-新興",23,0,23
"15634","4903聯光通","110/07/13","元大-樹林",0,19,-19
"15635","4903聯光通","110/07/13","日盛-樹林",22,0,22
"15636","4903聯光通","110/07/13","凱基-士林",0,17,-17
"15637","4903聯光通","110/07/13","兆豐-天母",20,0,20
"15638","4903聯光通","110/07/13","國票-博愛",0,14,-14
"15639","4903聯光通","110/07/13","華南永昌-桃園",20,0,20
"15640","4903聯光通","110/07/13","元富",0,10,-10
"15641","4903聯光通","110/07/13","富邦-新店",10,0,10
"15642","4903聯光通","110/07/13","新光",0,10,-10
"15643","4903聯光通","110/07/13","新光-台中",5,0,5
"15644","4903聯光通","110/07/13","玉山-南京東路",0,10,-10
"15645","4903聯光通","110/07/13","華南永昌-台中",5,0,5
"15646","4903聯光通","110/07/13","富邦-陽明",0,10,-10
"15647","4903聯光通","110/07/13","元大-崇德",5,0,5
"15648","4903聯光通","110/07/13","元大-大甲",0,8,-8
"15649","4903聯光通","110/07/13","元大-草屯",5,0,5
"15650","4903聯光通","110/07/13","富邦-台中",0,7,-7
"15651","4903聯光通","110/07/13","元富-草屯",4,0,4
"15652","4903聯光通","110/07/13","凱基-中壢",0,6,-6
"15653","4903聯光通","110/07/13","元大-清水",4,0,4
"15654","4903聯光通","110/07/13","臺銀-民權",0,5,-5
"15655","4903聯光通","110/07/13","元大-東泰",4,0,4
"15656","4903聯光通","110/07/13","日盛-板橋",0,5,-5
"15657","4903聯光通","110/07/13","元大-佳里",2,0,2
"15658","4903聯光通","110/07/13","中國信託-忠孝",0,5,-5
"15659","4903聯光通","110/07/13","永豐金-板橋",2,0,2
"15660","4903聯光通","110/07/13","永豐金-鳳山",0,5,-5
"15661","2929淘帝","110/07/13","玉山-新竹",130,0,130
"15662","2929淘帝","110/07/13","美商高盛",0,177,-177
"15663","2929淘帝","110/07/13","臺銀-民權",60,0,60
"15664","2929淘帝","110/07/13","凱基-台北",6,80,-74
"15665","2929淘帝","110/07/13","新百王",31,0,31
"15666","2929淘帝","110/07/13","元富-大裕",0,49,-49
"15667","2929淘帝","110/07/13","日盛-園區",30,0,30
"15668","2929淘帝","110/07/13","國泰-館前",3,51,-48
"15669","2929淘帝","110/07/13","元大-南投",31,1,30
"15670","2929淘帝","110/07/13","凱基-中壢",0,41,-41
"15671","2929淘帝","110/07/13","兆豐-忠孝",28,0,28
"15672","2929淘帝","110/07/13","港商野村",21,55,-34
"15673","2929淘帝","110/07/13","元大-民生",28,0,28
"15674","2929淘帝","110/07/13","華南永昌-南京",2,34,-32
"15675","2929淘帝","110/07/13","合庫-高雄",27,0,27
"15676","2929淘帝","110/07/13","群益金鼎-土城",0,30,-30
"15677","2929淘帝","110/07/13","凱基-豐中",27,0,27
"15678","2929淘帝","110/07/13","富邦-南屯",0,22,-22
"15679","2929淘帝","110/07/13","新光",21,4,17
"15680","2929淘帝","110/07/13","第一金-豐原",0,20,-20
"15681","2929淘帝","110/07/13","元大-天母",17,0,17
"15682","2929淘帝","110/07/13","元大-屏南",6,26,-20
"15683","2929淘帝","110/07/13","永興",14,0,14
"15684","2929淘帝","110/07/13","永豐金-敦南",1,21,-20
"15685","2929淘帝","110/07/13","富邦-台北",12,0,12
"15686","2929淘帝","110/07/13","凱基-三重",2,21,-19
"15687","2929淘帝","110/07/13","元大-永和",12,0,12
"15688","2929淘帝","110/07/13","富邦-仁愛",7,25,-18
"15689","2929淘帝","110/07/13","國票-天祥",11,0,11
"15690","2929淘帝","110/07/13","元大-北投",0,16,-16
"15691","5410國眾","110/07/13","兆豐-城中",274,0,274
"15692","5410國眾","110/07/13","元富-嘉義",0,103,-103
"15693","5410國眾","110/07/13","新光",50,4,46
"15694","5410國眾","110/07/13","凱基-台北",0,50,-50
"15695","5410國眾","110/07/13","國泰-台中",26,0,26
"15696","5410國眾","110/07/13","瑞士信貸",0,31,-31
"15697","5410國眾","110/07/13","新加坡商瑞銀",22,0,22
"15698","5410國眾","110/07/13","台新-新莊",0,27,-27
"15699","5410國眾","110/07/13","光和-嘉義",20,0,20
"15700","5410國眾","110/07/13","元大-汐止",0,20,-20
"15701","5410國眾","110/07/13","凱基-竹北",17,0,17
"15702","5410國眾","110/07/13","亞東-新竹",0,17,-17
"15703","5410國眾","110/07/13","新光-桃園",15,0,15
"15704","5410國眾","110/07/13","元大-南勢角",0,13,-13
"15705","5410國眾","110/07/13","凱基-台東",14,0,14
"15706","5410國眾","110/07/13","台新-台南",0,12,-12
"15707","5410國眾","110/07/13","富邦-竹北",11,0,11
"15708","5410國眾","110/07/13","中國信託",0,11,-11
"15709","5410國眾","110/07/13","元富-同大",10,0,10
"15710","5410國眾","110/07/13","華南永昌",0,11,-11
"15711","5410國眾","110/07/13","國泰-敦南",24,15,9
"15712","5410國眾","110/07/13","臺銀-臺南",0,10,-10
"15713","5410國眾","110/07/13","日盛-內湖",7,0,7
"15714","5410國眾","110/07/13","台灣企銀-民雄",0,10,-10
"15715","5410國眾","110/07/13","台新-左楠",7,0,7
"15716","5410國眾","110/07/13","高橋",0,10,-10
"15717","5410國眾","110/07/13","元大-新盛",18,12,6
"15718","5410國眾","110/07/13","康和-嘉義",0,10,-10
"15719","5410國眾","110/07/13","統一",5,0,5
"15720","5410國眾","110/07/13","凱基-基隆",0,10,-10
"15721","2841台開","110/07/13","中國信託-高雄",251,50,201
"15722","2841台開","110/07/13","兆豐-公益",0,177,-177
"15723","2841台開","110/07/13","日盛證券",210,13,197
"15724","2841台開","110/07/13","日進",0,152,-152
"15725","2841台開","110/07/13","第一金-台中",55,0,55
"15726","2841台開","110/07/13","港商野村",0,109,-109
"15727","2841台開","110/07/13","國泰-板橋",46,0,46
"15728","2841台開","110/07/13","日盛-信義",0,103,-103
"15729","2841台開","110/07/13","國泰-館前",48,3,45
"15730","2841台開","110/07/13","國泰-敦南",11,75,-64
"15731","2841台開","110/07/13","華南永昌-新莊",45,0,45
"15732","2841台開","110/07/13","永興",0,50,-50
"15733","2841台開","110/07/13","日盛-園區",42,0,42
"15734","2841台開","110/07/13","永豐金-敦南",61,104,-43
"15735","2841台開","110/07/13","台新證券",32,0,32
"15736","2841台開","110/07/13","富邦-台南",0,42,-42
"15737","2841台開","110/07/13","台新-高雄",32,2,30
"15738","2841台開","110/07/13","國票-安和",0,30,-30
"15739","2841台開","110/07/13","豐農",23,0,23
"15740","2841台開","110/07/13","元大-桃園",0,25,-25
"15741","2841台開","110/07/13","合庫-嘉義",20,0,20
"15742","2841台開","110/07/13","新光",8,32,-24
"15743","2841台開","110/07/13","華南永昌-高雄",20,0,20
"15744","2841台開","110/07/13","元大-仁愛",0,24,-24
"15745","2841台開","110/07/13","元大-樹林",16,0,16
"15746","2841台開","110/07/13","日盛-中和",0,20,-20
"15747","2841台開","110/07/13","第一金-華江",15,2,13
"15748","2841台開","110/07/13","元富",0,20,-20
"15749","2841台開","110/07/13","美商高盛",12,0,12
"15750","2841台開","110/07/13","富邦-宜蘭",0,20,-20
"15751","6207雷科","110/07/13","元大-高雄",121,0,121
"15752","6207雷科","110/07/13","華南永昌-朴子",1,60,-59
"15753","6207雷科","110/07/13","第一金-新興",20,0,20
"15754","6207雷科","110/07/13","元大-南海",0,36,-36
"15755","6207雷科","110/07/13","元富-三重",20,0,20
"15756","6207雷科","110/07/13","凱基-土城",0,35,-35
"15757","6207雷科","110/07/13","元大-林園",15,0,15
"15758","6207雷科","110/07/13","台灣企銀",0,20,-20
"15759","6207雷科","110/07/13","元大-金華",16,1,15
"15760","6207雷科","110/07/13","群益金鼎-丹鳳",0,20,-20
"15761","6207雷科","110/07/13","日盛證券",10,0,10
"15762","6207雷科","110/07/13","元大-博愛",0,17,-17
"15763","6207雷科","110/07/13","統一-台中",10,0,10
"15764","6207雷科","110/07/13","元大-北港",0,13,-13
"15765","6207雷科","110/07/13","群益金鼎-土城",10,0,10
"15766","6207雷科","110/07/13","新加坡商瑞銀",0,12,-12
"15767","6207雷科","110/07/13","群益金鼎-桃園",10,0,10
"15768","6207雷科","110/07/13","凱基-台北",4,16,-12
"15769","6207雷科","110/07/13","永豐金-新莊",10,0,10
"15770","6207雷科","110/07/13","日茂-埔里",0,11,-11
"15771","6207雷科","110/07/13","永豐金-新店",10,0,10
"15772","6207雷科","110/07/13","元大-莒光",0,11,-11
"15773","6207雷科","110/07/13","元大證券",9,0,9
"15774","6207雷科","110/07/13","統一-新竹",0,10,-10
"15775","6207雷科","110/07/13","日盛-木柵",9,1,8
"15776","6207雷科","110/07/13","元大-西螺",0,10,-10
"15777","6207雷科","110/07/13","兆豐-來福",8,0,8
"15778","6207雷科","110/07/13","康和-台中",0,8,-8
"15779","6207雷科","110/07/13","新光",7,0,7
"15780","6207雷科","110/07/13","兆豐-高雄",0,6,-6
"15781","3679新至陞","110/07/13","永豐金證券",50,0,50
"15782","3679新至陞","110/07/13","摩根大通",2,25,-23
"15783","3679新至陞","110/07/13","國泰-桃園",22,0,22
"15784","3679新至陞","110/07/13","元大-成功",0,22,-22
"15785","3679新至陞","110/07/13","台中銀-員林",11,0,11
"15786","3679新至陞","110/07/13","富邦-板橋",1,19,-18
"15787","3679新至陞","110/07/13","元大-文心興安",8,0,8
"15788","3679新至陞","110/07/13","日盛-新莊",0,10,-10
"15789","3679新至陞","110/07/13","美商高盛",6,0,6
"15790","3679新至陞","110/07/13","台新-台中",0,10,-10
"15791","3679新至陞","110/07/13","台新-高雄",6,0,6
"15792","3679新至陞","110/07/13","永豐金-新竹",0,8,-8
"15793","3679新至陞","110/07/13","凱基-台北",18,12,6
"15794","3679新至陞","110/07/13","瑞士信貸",12,19,-7
"15795","3679新至陞","110/07/13","日盛-復興",5,0,5
"15796","3679新至陞","110/07/13","統一-南京",0,7,-7
"15797","3679新至陞","110/07/13","(牛牛牛)亞-鑫豐",4,0,4
"15798","3679新至陞","110/07/13","凱基-新莊",0,7,-7
"15799","3679新至陞","110/07/13","元富-大昌",3,0,3
"15800","3679新至陞","110/07/13","新加坡商瑞銀",0,6,-6
"15801","3679新至陞","110/07/13","富邦-台北",3,0,3
"15802","3679新至陞","110/07/13","合庫-自強",0,5,-5
"15803","3679新至陞","110/07/13","日盛-樹林",2,0,2
"15804","3679新至陞","110/07/13","富邦-桃園",0,5,-5
"15805","3679新至陞","110/07/13","宏遠-光隆",2,0,2
"15806","3679新至陞","110/07/13","永豐金-潮州",0,4,-4
"15807","3679新至陞","110/07/13","美林",3,1,2
"15808","3679新至陞","110/07/13","臺銀-臺南",0,3,-3
"15809","3679新至陞","110/07/13","第一金-中壢",2,0,2
"15810","3679新至陞","110/07/13","元大-六合",0,3,-3
"15811","2727王品","110/07/13","富邦-台北",43,3,40
"15812","2727王品","110/07/13","台灣摩根士丹利",15,97,-82
"15813","2727王品","110/07/13","元大-基隆孝二",40,0,40
"15814","2727王品","110/07/13","玉山-台南",5,57,-52
"15815","2727王品","110/07/13","國票-新莊",40,1,39
"15816","2727王品","110/07/13","新加坡商瑞銀",0,48,-48
"15817","2727王品","110/07/13","第一金-豐原",66,42,24
"15818","2727王品","110/07/13","凱基-台北",41,77,-36
"15819","2727王品","110/07/13","永豐金-大園",34,10,24
"15820","2727王品","110/07/13","永豐金-永康",0,22,-22
"15821","2727王品","110/07/13","元大-北屯",22,0,22
"15822","2727王品","110/07/13","統一-台中",2,22,-20
"15823","2727王品","110/07/13","元大-東蘆",26,7,19
"15824","2727王品","110/07/13","國泰-台中",21,39,-18
"15825","2727王品","110/07/13","永豐金-萬盛",13,1,12
"15826","2727王品","110/07/13","合庫-彰化",3,20,-17
"15827","2727王品","110/07/13","日盛-嘉義",11,0,11
"15828","2727王品","110/07/13","港商野村",13,30,-17
"15829","2727王品","110/07/13","日盛-八德",11,0,11
"15830","2727王品","110/07/13","元大-楊梅",1,16,-15
"15831","2727王品","110/07/13","統一-竹南",11,0,11
"15832","2727王品","110/07/13","凱基-高美館",2,15,-13
"15833","2727王品","110/07/13","日盛-士林",12,2,10
"15834","2727王品","110/07/13","美商高盛",2,14,-12
"15835","2727王品","110/07/13","統一-敦南",10,0,10
"15836","2727王品","110/07/13","統一-平鎮",1,13,-12
"15837","2727王品","110/07/13","中國信託",15,5,10
"15838","2727王品","110/07/13","兆豐-台中港",4,16,-12
"15839","2727王品","110/07/13","兆豐-竹北",13,3,10
"15840","2727王品","110/07/13","凱基-八德",1,13,-12
"15841","1570力肯","110/07/13","新光",115,11,104
"15842","1570力肯","110/07/13","元大-北三重",0,162,-162
"15843","1570力肯","110/07/13","群益金鼎-高雄",54,0,54
"15844","1570力肯","110/07/13","元大-大灣",0,25,-25
"15845","1570力肯","110/07/13","國票-新莊",22,0,22
"15846","1570力肯","110/07/13","永豐金-苓雅",0,22,-22
"15847","1570力肯","110/07/13","日盛-桃園",12,0,12
"15848","1570力肯","110/07/13","永豐金-永康",0,19,-19
"15849","1570力肯","110/07/13","元大-高雄",12,0,12
"15850","1570力肯","110/07/13","富邦-員林",0,15,-15
"15851","1570力肯","110/07/13","合庫-自強",11,0,11
"15852","1570力肯","110/07/13","凱基-台南",0,11,-11
"15853","1570力肯","110/07/13","摩根大通",26,15,11
"15854","1570力肯","110/07/13","日盛-竹北",0,10,-10
"15855","1570力肯","110/07/13","永豐金-中盛",11,0,11
"15856","1570力肯","110/07/13","國票-九鼎",0,10,-10
"15857","1570力肯","110/07/13","兆豐-台中港",10,0,10
"15858","1570力肯","110/07/13","凱基-桃園",0,10,-10
"15859","1570力肯","110/07/13","國泰-松江",9,0,9
"15860","1570力肯","110/07/13","凱基-新豐",0,10,-10
"15861","1570力肯","110/07/13","元大-新盛",9,0,9
"15862","1570力肯","110/07/13","元大-學甲",0,10,-10
"15863","1570力肯","110/07/13","元富-緯城",6,0,6
"15864","1570力肯","110/07/13","群益金鼎-東湖",1,10,-9
"15865","1570力肯","110/07/13","統一-三重",5,0,5
"15866","1570力肯","110/07/13","大昌",0,6,-6
"15867","1570力肯","110/07/13","元大-前金",5,0,5
"15868","1570力肯","110/07/13","元大-土城學府",0,6,-6
"15869","1570力肯","110/07/13","永豐金證券",5,0,5
"15870","1570力肯","110/07/13","統一",0,5,-5
"15871","6180橘子","110/07/13","摩根大通",119,0,119
"15872","6180橘子","110/07/13","元大-崇德",2,61,-59
"15873","6180橘子","110/07/13","美商高盛",96,0,96
"15874","6180橘子","110/07/13","康和-台中",0,51,-51
"15875","6180橘子","110/07/13","新加坡商瑞銀",86,7,79
"15876","6180橘子","110/07/13","康和-台北",0,50,-50
"15877","6180橘子","110/07/13","元大-和平",40,0,40
"15878","6180橘子","110/07/13","元富-潮州",0,40,-40
"15879","6180橘子","110/07/13","凱基-台北",83,47,36
"15880","6180橘子","110/07/13","日盛-永康",0,26,-26
"15881","6180橘子","110/07/13","美林",39,5,34
"15882","6180橘子","110/07/13","永豐金-中正",0,24,-24
"15883","6180橘子","110/07/13","富邦-新竹華信",31,2,29
"15884","6180橘子","110/07/13","國泰-板橋",2,25,-23
"15885","6180橘子","110/07/13","統一-南京",21,0,21
"15886","6180橘子","110/07/13","日盛-大墩",0,20,-20
"15887","6180橘子","110/07/13","富邦-陽明",24,3,21
"15888","6180橘子","110/07/13","元大-草屯",13,32,-19
"15889","6180橘子","110/07/13","大昌-樹林",21,1,20
"15890","6180橘子","110/07/13","元富-林園",1,18,-17
"15891","6180橘子","110/07/13","花旗環球",19,0,19
"15892","6180橘子","110/07/13","新光-新竹",1,18,-17
"15893","6180橘子","110/07/13","華南永昌-台南",19,0,19
"15894","6180橘子","110/07/13","元大-土城永寧",0,17,-17
"15895","6180橘子","110/07/13","福勝",14,0,14
"15896","6180橘子","110/07/13","國泰-新莊",3,19,-16
"15897","6180橘子","110/07/13","富邦-嘉義",12,1,11
"15898","6180橘子","110/07/13","中國信託-永康",6,21,-15
"15899","6180橘子","110/07/13","元大-板橋三民",11,0,11
"15900","6180橘子","110/07/13","凱基-東港",1,15,-14
"15901","2390云辰","110/07/13","新加坡商瑞銀",562,75,487
"15902","2390云辰","110/07/13","大展-台南",0,532,-532
"15903","2390云辰","110/07/13","台灣摩根士丹利",330,155,175
"15904","2390云辰","110/07/13","凱基-台北",668,854,-186
"15905","2390云辰","110/07/13","兆豐-公益",126,25,101
"15906","2390云辰","110/07/13","凱基-三重",12,172,-160
"15907","2390云辰","110/07/13","元富-中港",100,2,98
"15908","2390云辰","110/07/13","兆豐-忠孝",4,161,-157
"15909","2390云辰","110/07/13","統一-新台中",106,9,97
"15910","2390云辰","110/07/13","元大-士林",19,170,-151
"15911","2390云辰","110/07/13","中國信託-松江",81,11,70
"15912","2390云辰","110/07/13","臺銀-新竹",14,117,-103
"15913","2390云辰","110/07/13","日盛-板橋",72,3,69
"15914","2390云辰","110/07/13","國票-台中",4,102,-98
"15915","2390云辰","110/07/13","日盛-和美",57,0,57
"15916","2390云辰","110/07/13","新光",147,232,-85
"15917","2390云辰","110/07/13","永豐金-桃園",88,36,52
"15918","2390云辰","110/07/13","致和-崇德",2,70,-68
"15919","2390云辰","110/07/13","玉山-士林",54,4,50
"15920","2390云辰","110/07/13","群益金鼎-屏東",2,70,-68
"15921","2390云辰","110/07/13","富邦-仁愛",56,6,50
"15922","2390云辰","110/07/13","元大-大里",35,98,-63
"15923","2390云辰","110/07/13","第一金-豐原",50,1,49
"15924","2390云辰","110/07/13","元大-萬華",35,94,-59
"15925","2390云辰","110/07/13","摩根大通",502,453,49
"15926","2390云辰","110/07/13","元富-吉利",2,60,-58
"15927","2390云辰","110/07/13","凱基-松山",61,13,48
"15928","2390云辰","110/07/13","兆豐-新竹",3,53,-50
"15929","2390云辰","110/07/13","大昌",64,22,42
"15930","2390云辰","110/07/13","富邦-嘉義",65,108,-43
"15931","2363矽統","110/07/13","凱基-南崁",2133,63,2070
"15932","2363矽統","110/07/13","凱基-幸福",36,4048,-4012
"15933","2363矽統","110/07/13","國泰-敦南",2195,1617,578
"15934","2363矽統","110/07/13","統一",192,3325,-3133
"15935","2363矽統","110/07/13","中農",670,139,531
"15936","2363矽統","110/07/13","新加坡商瑞銀",1000,2747,-1747
"15937","2363矽統","110/07/13","康和-台中",638,154,484
"15938","2363矽統","110/07/13","凱基-台北",5359,6609,-1250
"15939","2363矽統","110/07/13","群益金鼎-三民",577,137,440
"15940","2363矽統","110/07/13","摩根大通",1930,2858,-928
"15941","2363矽統","110/07/13","台新-屏東",510,88,422
"15942","2363矽統","110/07/13","港商野村",960,1679,-719
"15943","2363矽統","110/07/13","德信-中正",455,67,388
"15944","2363矽統","110/07/13","兆豐-復興",25,705,-680
"15945","2363矽統","110/07/13","日盛-竹北",365,70,295
"15946","2363矽統","110/07/13","統一-仁愛",114,755,-641
"15947","2363矽統","110/07/13","元大-佳里",452,189,263
"15948","2363矽統","110/07/13","統一-敦南",29,638,-609
"15949","2363矽統","110/07/13","國票-博愛",296,38,258
"15950","2363矽統","110/07/13","統一-土城",100,704,-604
"15951","2363矽統","110/07/13","元大-萬華",340,95,245
"15952","2363矽統","110/07/13","統一-城中",116,676,-560
"15953","2363矽統","110/07/13","新光",1259,1031,228
"15954","2363矽統","110/07/13","永豐金證券",306,859,-553
"15955","2363矽統","110/07/13","元富-成功",323,96,227
"15956","2363矽統","110/07/13","元富",54,567,-513
"15957","2363矽統","110/07/13","豐農",228,23,205
"15958","2363矽統","110/07/13","瑞士信貸",202,666,-464
"15959","2363矽統","110/07/13","台灣企銀-岡山",186,4,182
"15960","2363矽統","110/07/13","永豐金-嘉義",67,468,-401
"15961","8112至上","110/07/13","摩根大通",688,296,392
"15962","8112至上","110/07/13","國票-中和",0,401,-401
"15963","8112至上","110/07/13","港商野村",344,145,199
"15964","8112至上","110/07/13","永豐金-板盛",0,205,-205
"15965","8112至上","110/07/13","兆豐-公益",195,5,190
"15966","8112至上","110/07/13","凱基-五股",43,155,-112
"15967","8112至上","110/07/13","台灣摩根士丹利",183,0,183
"15968","8112至上","110/07/13","凱基-市政",0,100,-100
"15969","8112至上","110/07/13","群益金鼎-敦南",153,2,151
"15970","8112至上","110/07/13","元大-大里德芳",1,92,-91
"15971","8112至上","110/07/13","臺銀-金山",146,26,120
"15972","8112至上","110/07/13","玉山-桃園",26,110,-84
"15973","8112至上","110/07/13","臺銀",133,19,114
"15974","8112至上","110/07/13","兆豐-天母",0,81,-81
"15975","8112至上","110/07/13","合庫-台中",115,6,109
"15976","8112至上","110/07/13","凱基-城中",3,84,-81
"15977","8112至上","110/07/13","亞東-板橋",134,26,108
"15978","8112至上","110/07/13","日盛-新莊",9,85,-76
"15979","8112至上","110/07/13","凱基-台北",414,326,88
"15980","8112至上","110/07/13","日盛-台中",2,64,-62
"15981","8112至上","110/07/13","新加坡商瑞銀",181,100,81
"15982","8112至上","110/07/13","日盛-中壢",3,64,-61
"15983","8112至上","110/07/13","國泰-敦南",108,31,77
"15984","8112至上","110/07/13","元大-台中",2,59,-57
"15985","8112至上","110/07/13","第一金-華江",77,4,73
"15986","8112至上","110/07/13","元大-雙和",7,64,-57
"15987","8112至上","110/07/13","永豐金-內湖",73,1,72
"15988","8112至上","110/07/13","元大-高雄",8,62,-54
"15989","8112至上","110/07/13","元大-永和",68,1,67
"15990","8112至上","110/07/13","元大-館前",2,55,-53
"15991","4903聯光通","110/07/13","台灣企銀-太平",56,0,56
"15992","4903聯光通","110/07/13","土銀",0,32,-32
"15993","4903聯光通","110/07/13","元富-新興",23,0,23
"15994","4903聯光通","110/07/13","元大-樹林",0,19,-19
"15995","4903聯光通","110/07/13","日盛-樹林",22,0,22
"15996","4903聯光通","110/07/13","凱基-士林",0,17,-17
"15997","4903聯光通","110/07/13","兆豐-天母",20,0,20
"15998","4903聯光通","110/07/13","國票-博愛",0,14,-14
"15999","4903聯光通","110/07/13","華南永昌-桃園",20,0,20
"16000","4903聯光通","110/07/13","元富",0,10,-10
"16001","4903聯光通","110/07/13","富邦-新店",10,0,10
"16002","4903聯光通","110/07/13","新光",0,10,-10
"16003","4903聯光通","110/07/13","新光-台中",5,0,5
"16004","4903聯光通","110/07/13","玉山-南京東路",0,10,-10
"16005","4903聯光通","110/07/13","華南永昌-台中",5,0,5
"16006","4903聯光通","110/07/13","富邦-陽明",0,10,-10
"16007","4903聯光通","110/07/13","元大-崇德",5,0,5
"16008","4903聯光通","110/07/13","元大-大甲",0,8,-8
"16009","4903聯光通","110/07/13","元大-草屯",5,0,5
"16010","4903聯光通","110/07/13","富邦-台中",0,7,-7
"16011","4903聯光通","110/07/13","元富-草屯",4,0,4
"16012","4903聯光通","110/07/13","凱基-中壢",0,6,-6
"16013","4903聯光通","110/07/13","元大-清水",4,0,4
"16014","4903聯光通","110/07/13","臺銀-民權",0,5,-5
"16015","4903聯光通","110/07/13","元大-東泰",4,0,4
"16016","4903聯光通","110/07/13","日盛-板橋",0,5,-5
"16017","4903聯光通","110/07/13","元大-佳里",2,0,2
"16018","4903聯光通","110/07/13","中國信託-忠孝",0,5,-5
"16019","4903聯光通","110/07/13","永豐金-板橋",2,0,2
"16020","4903聯光通","110/07/13","永豐金-鳳山",0,5,-5
"16021","2929淘帝","110/07/13","玉山-新竹",130,0,130
"16022","2929淘帝","110/07/13","美商高盛",0,177,-177
"16023","2929淘帝","110/07/13","臺銀-民權",60,0,60
"16024","2929淘帝","110/07/13","凱基-台北",6,80,-74
"16025","2929淘帝","110/07/13","新百王",31,0,31
"16026","2929淘帝","110/07/13","元富-大裕",0,49,-49
"16027","2929淘帝","110/07/13","日盛-園區",30,0,30
"16028","2929淘帝","110/07/13","國泰-館前",3,51,-48
"16029","2929淘帝","110/07/13","元大-南投",31,1,30
"16030","2929淘帝","110/07/13","凱基-中壢",0,41,-41
"16031","2929淘帝","110/07/13","兆豐-忠孝",28,0,28
"16032","2929淘帝","110/07/13","港商野村",21,55,-34
"16033","2929淘帝","110/07/13","元大-民生",28,0,28
"16034","2929淘帝","110/07/13","華南永昌-南京",2,34,-32
"16035","2929淘帝","110/07/13","合庫-高雄",27,0,27
"16036","2929淘帝","110/07/13","群益金鼎-土城",0,30,-30
"16037","2929淘帝","110/07/13","凱基-豐中",27,0,27
"16038","2929淘帝","110/07/13","富邦-南屯",0,22,-22
"16039","2929淘帝","110/07/13","新光",21,4,17
"16040","2929淘帝","110/07/13","第一金-豐原",0,20,-20
"16041","2929淘帝","110/07/13","元大-天母",17,0,17
"16042","2929淘帝","110/07/13","元大-屏南",6,26,-20
"16043","2929淘帝","110/07/13","永興",14,0,14
"16044","2929淘帝","110/07/13","永豐金-敦南",1,21,-20
"16045","2929淘帝","110/07/13","富邦-台北",12,0,12
"16046","2929淘帝","110/07/13","凱基-三重",2,21,-19
"16047","2929淘帝","110/07/13","元大-永和",12,0,12
"16048","2929淘帝","110/07/13","富邦-仁愛",7,25,-18
"16049","2929淘帝","110/07/13","國票-天祥",11,0,11
"16050","2929淘帝","110/07/13","元大-北投",0,16,-16
"16051","5410國眾","110/07/13","兆豐-城中",274,0,274
"16052","5410國眾","110/07/13","元富-嘉義",0,103,-103
"16053","5410國眾","110/07/13","新光",50,4,46
"16054","5410國眾","110/07/13","凱基-台北",0,50,-50
"16055","5410國眾","110/07/13","國泰-台中",26,0,26
"16056","5410國眾","110/07/13","瑞士信貸",0,31,-31
"16057","5410國眾","110/07/13","新加坡商瑞銀",22,0,22
"16058","5410國眾","110/07/13","台新-新莊",0,27,-27
"16059","5410國眾","110/07/13","光和-嘉義",20,0,20
"16060","5410國眾","110/07/13","元大-汐止",0,20,-20
"16061","5410國眾","110/07/13","凱基-竹北",17,0,17
"16062","5410國眾","110/07/13","亞東-新竹",0,17,-17
"16063","5410國眾","110/07/13","新光-桃園",15,0,15
"16064","5410國眾","110/07/13","元大-南勢角",0,13,-13
"16065","5410國眾","110/07/13","凱基-台東",14,0,14
"16066","5410國眾","110/07/13","台新-台南",0,12,-12
"16067","5410國眾","110/07/13","富邦-竹北",11,0,11
"16068","5410國眾","110/07/13","中國信託",0,11,-11
"16069","5410國眾","110/07/13","元富-同大",10,0,10
"16070","5410國眾","110/07/13","華南永昌",0,11,-11
"16071","5410國眾","110/07/13","國泰-敦南",24,15,9
"16072","5410國眾","110/07/13","臺銀-臺南",0,10,-10
"16073","5410國眾","110/07/13","日盛-內湖",7,0,7
"16074","5410國眾","110/07/13","台灣企銀-民雄",0,10,-10
"16075","5410國眾","110/07/13","台新-左楠",7,0,7
"16076","5410國眾","110/07/13","高橋",0,10,-10
"16077","5410國眾","110/07/13","元大-新盛",18,12,6
"16078","5410國眾","110/07/13","康和-嘉義",0,10,-10
"16079","5410國眾","110/07/13","統一",5,0,5
"16080","5410國眾","110/07/13","凱基-基隆",0,10,-10
"16081","2841台開","110/07/13","中國信託-高雄",251,50,201
"16082","2841台開","110/07/13","兆豐-公益",0,177,-177
"16083","2841台開","110/07/13","日盛證券",210,13,197
"16084","2841台開","110/07/13","日進",0,152,-152
"16085","2841台開","110/07/13","第一金-台中",55,0,55
"16086","2841台開","110/07/13","港商野村",0,109,-109
"16087","2841台開","110/07/13","國泰-板橋",46,0,46
"16088","2841台開","110/07/13","日盛-信義",0,103,-103
"16089","2841台開","110/07/13","國泰-館前",48,3,45
"16090","2841台開","110/07/13","國泰-敦南",11,75,-64
"16091","2841台開","110/07/13","華南永昌-新莊",45,0,45
"16092","2841台開","110/07/13","永興",0,50,-50
"16093","2841台開","110/07/13","日盛-園區",42,0,42
"16094","2841台開","110/07/13","永豐金-敦南",61,104,-43
"16095","2841台開","110/07/13","台新證券",32,0,32
"16096","2841台開","110/07/13","富邦-台南",0,42,-42
"16097","2841台開","110/07/13","台新-高雄",32,2,30
"16098","2841台開","110/07/13","國票-安和",0,30,-30
"16099","2841台開","110/07/13","豐農",23,0,23
"16100","2841台開","110/07/13","元大-桃園",0,25,-25
"16101","2841台開","110/07/13","合庫-嘉義",20,0,20
"16102","2841台開","110/07/13","新光",8,32,-24
"16103","2841台開","110/07/13","華南永昌-高雄",20,0,20
"16104","2841台開","110/07/13","元大-仁愛",0,24,-24
"16105","2841台開","110/07/13","元大-樹林",16,0,16
"16106","2841台開","110/07/13","日盛-中和",0,20,-20
"16107","2841台開","110/07/13","第一金-華江",15,2,13
"16108","2841台開","110/07/13","元富",0,20,-20
"16109","2841台開","110/07/13","美商高盛",12,0,12
"16110","2841台開","110/07/13","富邦-宜蘭",0,20,-20
"16111","6207雷科","110/07/13","元大-高雄",121,0,121
"16112","6207雷科","110/07/13","華南永昌-朴子",1,60,-59
"16113","6207雷科","110/07/13","第一金-新興",20,0,20
"16114","6207雷科","110/07/13","元大-南海",0,36,-36
"16115","6207雷科","110/07/13","元富-三重",20,0,20
"16116","6207雷科","110/07/13","凱基-土城",0,35,-35
"16117","6207雷科","110/07/13","元大-林園",15,0,15
"16118","6207雷科","110/07/13","台灣企銀",0,20,-20
"16119","6207雷科","110/07/13","元大-金華",16,1,15
"16120","6207雷科","110/07/13","群益金鼎-丹鳳",0,20,-20
"16121","6207雷科","110/07/13","日盛證券",10,0,10
"16122","6207雷科","110/07/13","元大-博愛",0,17,-17
"16123","6207雷科","110/07/13","統一-台中",10,0,10
"16124","6207雷科","110/07/13","元大-北港",0,13,-13
"16125","6207雷科","110/07/13","群益金鼎-土城",10,0,10
"16126","6207雷科","110/07/13","新加坡商瑞銀",0,12,-12
"16127","6207雷科","110/07/13","群益金鼎-桃園",10,0,10
"16128","6207雷科","110/07/13","凱基-台北",4,16,-12
"16129","6207雷科","110/07/13","永豐金-新莊",10,0,10
"16130","6207雷科","110/07/13","日茂-埔里",0,11,-11
"16131","6207雷科","110/07/13","永豐金-新店",10,0,10
"16132","6207雷科","110/07/13","元大-莒光",0,11,-11
"16133","6207雷科","110/07/13","元大證券",9,0,9
"16134","6207雷科","110/07/13","統一-新竹",0,10,-10
"16135","6207雷科","110/07/13","日盛-木柵",9,1,8
"16136","6207雷科","110/07/13","元大-西螺",0,10,-10
"16137","6207雷科","110/07/13","兆豐-來福",8,0,8
"16138","6207雷科","110/07/13","康和-台中",0,8,-8
"16139","6207雷科","110/07/13","新光",7,0,7
"16140","6207雷科","110/07/13","兆豐-高雄",0,6,-6
"16141","3679新至陞","110/07/13","永豐金證券",50,0,50
"16142","3679新至陞","110/07/13","摩根大通",2,25,-23
"16143","3679新至陞","110/07/13","國泰-桃園",22,0,22
"16144","3679新至陞","110/07/13","元大-成功",0,22,-22
"16145","3679新至陞","110/07/13","台中銀-員林",11,0,11
"16146","3679新至陞","110/07/13","富邦-板橋",1,19,-18
"16147","3679新至陞","110/07/13","元大-文心興安",8,0,8
"16148","3679新至陞","110/07/13","日盛-新莊",0,10,-10
"16149","3679新至陞","110/07/13","美商高盛",6,0,6
"16150","3679新至陞","110/07/13","台新-台中",0,10,-10
"16151","3679新至陞","110/07/13","台新-高雄",6,0,6
"16152","3679新至陞","110/07/13","永豐金-新竹",0,8,-8
"16153","3679新至陞","110/07/13","凱基-台北",18,12,6
"16154","3679新至陞","110/07/13","瑞士信貸",12,19,-7
"16155","3679新至陞","110/07/13","日盛-復興",5,0,5
"16156","3679新至陞","110/07/13","統一-南京",0,7,-7
"16157","3679新至陞","110/07/13","(牛牛牛)亞-鑫豐",4,0,4
"16158","3679新至陞","110/07/13","凱基-新莊",0,7,-7
"16159","3679新至陞","110/07/13","元富-大昌",3,0,3
"16160","3679新至陞","110/07/13","新加坡商瑞銀",0,6,-6
"16161","3679新至陞","110/07/13","富邦-台北",3,0,3
"16162","3679新至陞","110/07/13","合庫-自強",0,5,-5
"16163","3679新至陞","110/07/13","日盛-樹林",2,0,2
"16164","3679新至陞","110/07/13","富邦-桃園",0,5,-5
"16165","3679新至陞","110/07/13","宏遠-光隆",2,0,2
"16166","3679新至陞","110/07/13","永豐金-潮州",0,4,-4
"16167","3679新至陞","110/07/13","美林",3,1,2
"16168","3679新至陞","110/07/13","臺銀-臺南",0,3,-3
"16169","3679新至陞","110/07/13","第一金-中壢",2,0,2
"16170","3679新至陞","110/07/13","元大-六合",0,3,-3
"16171","2727王品","110/07/13","富邦-台北",43,3,40
"16172","2727王品","110/07/13","台灣摩根士丹利",15,97,-82
"16173","2727王品","110/07/13","元大-基隆孝二",40,0,40
"16174","2727王品","110/07/13","玉山-台南",5,57,-52
"16175","2727王品","110/07/13","國票-新莊",40,1,39
"16176","2727王品","110/07/13","新加坡商瑞銀",0,48,-48
"16177","2727王品","110/07/13","第一金-豐原",66,42,24
"16178","2727王品","110/07/13","凱基-台北",41,77,-36
"16179","2727王品","110/07/13","永豐金-大園",34,10,24
"16180","2727王品","110/07/13","永豐金-永康",0,22,-22
"16181","2727王品","110/07/13","元大-北屯",22,0,22
"16182","2727王品","110/07/13","統一-台中",2,22,-20
"16183","2727王品","110/07/13","元大-東蘆",26,7,19
"16184","2727王品","110/07/13","國泰-台中",21,39,-18
"16185","2727王品","110/07/13","永豐金-萬盛",13,1,12
"16186","2727王品","110/07/13","合庫-彰化",3,20,-17
"16187","2727王品","110/07/13","日盛-嘉義",11,0,11
"16188","2727王品","110/07/13","港商野村",13,30,-17
"16189","2727王品","110/07/13","日盛-八德",11,0,11
"16190","2727王品","110/07/13","元大-楊梅",1,16,-15
"16191","2727王品","110/07/13","統一-竹南",11,0,11
"16192","2727王品","110/07/13","凱基-高美館",2,15,-13
"16193","2727王品","110/07/13","日盛-士林",12,2,10
"16194","2727王品","110/07/13","美商高盛",2,14,-12
"16195","2727王品","110/07/13","統一-敦南",10,0,10
"16196","2727王品","110/07/13","統一-平鎮",1,13,-12
"16197","2727王品","110/07/13","中國信託",15,5,10
"16198","2727王品","110/07/13","兆豐-台中港",4,16,-12
"16199","2727王品","110/07/13","兆豐-竹北",13,3,10
"16200","2727王品","110/07/13","凱基-八德",1,13,-12
"16201","1570力肯","110/07/13","新光",115,11,104
"16202","1570力肯","110/07/13","元大-北三重",0,162,-162
"16203","1570力肯","110/07/13","群益金鼎-高雄",54,0,54
"16204","1570力肯","110/07/13","元大-大灣",0,25,-25
"16205","1570力肯","110/07/13","國票-新莊",22,0,22
"16206","1570力肯","110/07/13","永豐金-苓雅",0,22,-22
"16207","1570力肯","110/07/13","日盛-桃園",12,0,12
"16208","1570力肯","110/07/13","永豐金-永康",0,19,-19
"16209","1570力肯","110/07/13","元大-高雄",12,0,12
"16210","1570力肯","110/07/13","富邦-員林",0,15,-15
"16211","1570力肯","110/07/13","合庫-自強",11,0,11
"16212","1570力肯","110/07/13","凱基-台南",0,11,-11
"16213","1570力肯","110/07/13","摩根大通",26,15,11
"16214","1570力肯","110/07/13","日盛-竹北",0,10,-10
"16215","1570力肯","110/07/13","永豐金-中盛",11,0,11
"16216","1570力肯","110/07/13","國票-九鼎",0,10,-10
"16217","1570力肯","110/07/13","兆豐-台中港",10,0,10
"16218","1570力肯","110/07/13","凱基-桃園",0,10,-10
"16219","1570力肯","110/07/13","國泰-松江",9,0,9
"16220","1570力肯","110/07/13","凱基-新豐",0,10,-10
"16221","1570力肯","110/07/13","元大-新盛",9,0,9
"16222","1570力肯","110/07/13","元大-學甲",0,10,-10
"16223","1570力肯","110/07/13","元富-緯城",6,0,6
"16224","1570力肯","110/07/13","群益金鼎-東湖",1,10,-9
"16225","1570力肯","110/07/13","統一-三重",5,0,5
"16226","1570力肯","110/07/13","大昌",0,6,-6
"16227","1570力肯","110/07/13","元大-前金",5,0,5
"16228","1570力肯","110/07/13","元大-土城學府",0,6,-6
"16229","1570力肯","110/07/13","永豐金證券",5,0,5
"16230","1570力肯","110/07/13","統一",0,5,-5
"16231","6180橘子","110/07/13","摩根大通",119,0,119
"16232","6180橘子","110/07/13","元大-崇德",2,61,-59
"16233","6180橘子","110/07/13","美商高盛",96,0,96
"16234","6180橘子","110/07/13","康和-台中",0,51,-51
"16235","6180橘子","110/07/13","新加坡商瑞銀",86,7,79
"16236","6180橘子","110/07/13","康和-台北",0,50,-50
"16237","6180橘子","110/07/13","元大-和平",40,0,40
"16238","6180橘子","110/07/13","元富-潮州",0,40,-40
"16239","6180橘子","110/07/13","凱基-台北",83,47,36
"16240","6180橘子","110/07/13","日盛-永康",0,26,-26
"16241","6180橘子","110/07/13","美林",39,5,34
"16242","6180橘子","110/07/13","永豐金-中正",0,24,-24
"16243","6180橘子","110/07/13","富邦-新竹華信",31,2,29
"16244","6180橘子","110/07/13","國泰-板橋",2,25,-23
"16245","6180橘子","110/07/13","統一-南京",21,0,21
"16246","6180橘子","110/07/13","日盛-大墩",0,20,-20
"16247","6180橘子","110/07/13","富邦-陽明",24,3,21
"16248","6180橘子","110/07/13","元大-草屯",13,32,-19
"16249","6180橘子","110/07/13","大昌-樹林",21,1,20
"16250","6180橘子","110/07/13","元富-林園",1,18,-17
"16251","6180橘子","110/07/13","花旗環球",19,0,19
"16252","6180橘子","110/07/13","新光-新竹",1,18,-17
"16253","6180橘子","110/07/13","華南永昌-台南",19,0,19
"16254","6180橘子","110/07/13","元大-土城永寧",0,17,-17
"16255","6180橘子","110/07/13","福勝",14,0,14
"16256","6180橘子","110/07/13","國泰-新莊",3,19,-16
"16257","6180橘子","110/07/13","富邦-嘉義",12,1,11
"16258","6180橘子","110/07/13","中國信託-永康",6,21,-15
"16259","6180橘子","110/07/13","元大-板橋三民",11,0,11
"16260","6180橘子","110/07/13","凱基-東港",1,15,-14
"16261","2390云辰","110/07/13","新加坡商瑞銀",562,75,487
"16262","2390云辰","110/07/13","大展-台南",0,532,-532
"16263","2390云辰","110/07/13","台灣摩根士丹利",330,155,175
"16264","2390云辰","110/07/13","凱基-台北",668,854,-186
"16265","2390云辰","110/07/13","兆豐-公益",126,25,101
"16266","2390云辰","110/07/13","凱基-三重",12,172,-160
"16267","2390云辰","110/07/13","元富-中港",100,2,98
"16268","2390云辰","110/07/13","兆豐-忠孝",4,161,-157
"16269","2390云辰","110/07/13","統一-新台中",106,9,97
"16270","2390云辰","110/07/13","元大-士林",19,170,-151
"16271","2390云辰","110/07/13","中國信託-松江",81,11,70
"16272","2390云辰","110/07/13","臺銀-新竹",14,117,-103
"16273","2390云辰","110/07/13","日盛-板橋",72,3,69
"16274","2390云辰","110/07/13","國票-台中",4,102,-98
"16275","2390云辰","110/07/13","日盛-和美",57,0,57
"16276","2390云辰","110/07/13","新光",147,232,-85
"16277","2390云辰","110/07/13","永豐金-桃園",88,36,52
"16278","2390云辰","110/07/13","致和-崇德",2,70,-68
"16279","2390云辰","110/07/13","玉山-士林",54,4,50
"16280","2390云辰","110/07/13","群益金鼎-屏東",2,70,-68
"16281","2390云辰","110/07/13","富邦-仁愛",56,6,50
"16282","2390云辰","110/07/13","元大-大里",35,98,-63
"16283","2390云辰","110/07/13","第一金-豐原",50,1,49
"16284","2390云辰","110/07/13","元大-萬華",35,94,-59
"16285","2390云辰","110/07/13","摩根大通",502,453,49
"16286","2390云辰","110/07/13","元富-吉利",2,60,-58
"16287","2390云辰","110/07/13","凱基-松山",61,13,48
"16288","2390云辰","110/07/13","兆豐-新竹",3,53,-50
"16289","2390云辰","110/07/13","大昌",64,22,42
"16290","2390云辰","110/07/13","富邦-嘉義",65,108,-43
"16291","2363矽統","110/07/13","凱基-南崁",2133,63,2070
"16292","2363矽統","110/07/13","凱基-幸福",36,4048,-4012
"16293","2363矽統","110/07/13","國泰-敦南",2195,1617,578
"16294","2363矽統","110/07/13","統一",192,3325,-3133
"16295","2363矽統","110/07/13","中農",670,139,531
"16296","2363矽統","110/07/13","新加坡商瑞銀",1000,2747,-1747
"16297","2363矽統","110/07/13","康和-台中",638,154,484
"16298","2363矽統","110/07/13","凱基-台北",5359,6609,-1250
"16299","2363矽統","110/07/13","群益金鼎-三民",577,137,440
"16300","2363矽統","110/07/13","摩根大通",1930,2858,-928
"16301","2363矽統","110/07/13","台新-屏東",510,88,422
"16302","2363矽統","110/07/13","港商野村",960,1679,-719
"16303","2363矽統","110/07/13","德信-中正",455,67,388
"16304","2363矽統","110/07/13","兆豐-復興",25,705,-680
"16305","2363矽統","110/07/13","日盛-竹北",365,70,295
"16306","2363矽統","110/07/13","統一-仁愛",114,755,-641
"16307","2363矽統","110/07/13","元大-佳里",452,189,263
"16308","2363矽統","110/07/13","統一-敦南",29,638,-609
"16309","2363矽統","110/07/13","國票-博愛",296,38,258
"16310","2363矽統","110/07/13","統一-土城",100,704,-604
"16311","2363矽統","110/07/13","元大-萬華",340,95,245
"16312","2363矽統","110/07/13","統一-城中",116,676,-560
"16313","2363矽統","110/07/13","新光",1259,1031,228
"16314","2363矽統","110/07/13","永豐金證券",306,859,-553
"16315","2363矽統","110/07/13","元富-成功",323,96,227
"16316","2363矽統","110/07/13","元富",54,567,-513
"16317","2363矽統","110/07/13","豐農",228,23,205
"16318","2363矽統","110/07/13","瑞士信貸",202,666,-464
"16319","2363矽統","110/07/13","台灣企銀-岡山",186,4,182
"16320","2363矽統","110/07/13","永豐金-嘉義",67,468,-401
"16321","8112至上","110/07/13","摩根大通",688,296,392
"16322","8112至上","110/07/13","國票-中和",0,401,-401
"16323","8112至上","110/07/13","港商野村",344,145,199
"16324","8112至上","110/07/13","永豐金-板盛",0,205,-205
"16325","8112至上","110/07/13","兆豐-公益",195,5,190
"16326","8112至上","110/07/13","凱基-五股",43,155,-112
"16327","8112至上","110/07/13","台灣摩根士丹利",183,0,183
"16328","8112至上","110/07/13","凱基-市政",0,100,-100
"16329","8112至上","110/07/13","群益金鼎-敦南",153,2,151
"16330","8112至上","110/07/13","元大-大里德芳",1,92,-91
"16331","8112至上","110/07/13","臺銀-金山",146,26,120
"16332","8112至上","110/07/13","玉山-桃園",26,110,-84
"16333","8112至上","110/07/13","臺銀",133,19,114
"16334","8112至上","110/07/13","兆豐-天母",0,81,-81
"16335","8112至上","110/07/13","合庫-台中",115,6,109
"16336","8112至上","110/07/13","凱基-城中",3,84,-81
"16337","8112至上","110/07/13","亞東-板橋",134,26,108
"16338","8112至上","110/07/13","日盛-新莊",9,85,-76
"16339","8112至上","110/07/13","凱基-台北",414,326,88
"16340","8112至上","110/07/13","日盛-台中",2,64,-62
"16341","8112至上","110/07/13","新加坡商瑞銀",181,100,81
"16342","8112至上","110/07/13","日盛-中壢",3,64,-61
"16343","8112至上","110/07/13","國泰-敦南",108,31,77
"16344","8112至上","110/07/13","元大-台中",2,59,-57
"16345","8112至上","110/07/13","第一金-華江",77,4,73
"16346","8112至上","110/07/13","元大-雙和",7,64,-57
"16347","8112至上","110/07/13","永豐金-內湖",73,1,72
"16348","8112至上","110/07/13","元大-高雄",8,62,-54
"16349","8112至上","110/07/13","元大-永和",68,1,67
"16350","8112至上","110/07/13","元大-館前",2,55,-53
"16351","4903聯光通","110/07/13","台灣企銀-太平",56,0,56
"16352","4903聯光通","110/07/13","土銀",0,32,-32
"16353","4903聯光通","110/07/13","元富-新興",23,0,23
"16354","4903聯光通","110/07/13","元大-樹林",0,19,-19
"16355","4903聯光通","110/07/13","日盛-樹林",22,0,22
"16356","4903聯光通","110/07/13","凱基-士林",0,17,-17
"16357","4903聯光通","110/07/13","兆豐-天母",20,0,20
"16358","4903聯光通","110/07/13","國票-博愛",0,14,-14
"16359","4903聯光通","110/07/13","華南永昌-桃園",20,0,20
"16360","4903聯光通","110/07/13","元富",0,10,-10
"16361","4903聯光通","110/07/13","富邦-新店",10,0,10
"16362","4903聯光通","110/07/13","新光",0,10,-10
"16363","4903聯光通","110/07/13","新光-台中",5,0,5
"16364","4903聯光通","110/07/13","玉山-南京東路",0,10,-10
"16365","4903聯光通","110/07/13","華南永昌-台中",5,0,5
"16366","4903聯光通","110/07/13","富邦-陽明",0,10,-10
"16367","4903聯光通","110/07/13","元大-崇德",5,0,5
"16368","4903聯光通","110/07/13","元大-大甲",0,8,-8
"16369","4903聯光通","110/07/13","元大-草屯",5,0,5
"16370","4903聯光通","110/07/13","富邦-台中",0,7,-7
"16371","4903聯光通","110/07/13","元富-草屯",4,0,4
"16372","4903聯光通","110/07/13","凱基-中壢",0,6,-6
"16373","4903聯光通","110/07/13","元大-清水",4,0,4
"16374","4903聯光通","110/07/13","臺銀-民權",0,5,-5
"16375","4903聯光通","110/07/13","元大-東泰",4,0,4
"16376","4903聯光通","110/07/13","日盛-板橋",0,5,-5
"16377","4903聯光通","110/07/13","元大-佳里",2,0,2
"16378","4903聯光通","110/07/13","中國信託-忠孝",0,5,-5
"16379","4903聯光通","110/07/13","永豐金-板橋",2,0,2
"16380","4903聯光通","110/07/13","永豐金-鳳山",0,5,-5
"16381","2929淘帝","110/07/13","玉山-新竹",130,0,130
"16382","2929淘帝","110/07/13","美商高盛",0,177,-177
"16383","2929淘帝","110/07/13","臺銀-民權",60,0,60
"16384","2929淘帝","110/07/13","凱基-台北",6,80,-74
"16385","2929淘帝","110/07/13","新百王",31,0,31
"16386","2929淘帝","110/07/13","元富-大裕",0,49,-49
"16387","2929淘帝","110/07/13","日盛-園區",30,0,30
"16388","2929淘帝","110/07/13","國泰-館前",3,51,-48
"16389","2929淘帝","110/07/13","元大-南投",31,1,30
"16390","2929淘帝","110/07/13","凱基-中壢",0,41,-41
"16391","2929淘帝","110/07/13","兆豐-忠孝",28,0,28
"16392","2929淘帝","110/07/13","港商野村",21,55,-34
"16393","2929淘帝","110/07/13","元大-民生",28,0,28
"16394","2929淘帝","110/07/13","華南永昌-南京",2,34,-32
"16395","2929淘帝","110/07/13","合庫-高雄",27,0,27
"16396","2929淘帝","110/07/13","群益金鼎-土城",0,30,-30
"16397","2929淘帝","110/07/13","凱基-豐中",27,0,27
"16398","2929淘帝","110/07/13","富邦-南屯",0,22,-22
"16399","2929淘帝","110/07/13","新光",21,4,17
"16400","2929淘帝","110/07/13","第一金-豐原",0,20,-20
"16401","2929淘帝","110/07/13","元大-天母",17,0,17
"16402","2929淘帝","110/07/13","元大-屏南",6,26,-20
"16403","2929淘帝","110/07/13","永興",14,0,14
"16404","2929淘帝","110/07/13","永豐金-敦南",1,21,-20
"16405","2929淘帝","110/07/13","富邦-台北",12,0,12
"16406","2929淘帝","110/07/13","凱基-三重",2,21,-19
"16407","2929淘帝","110/07/13","元大-永和",12,0,12
"16408","2929淘帝","110/07/13","富邦-仁愛",7,25,-18
"16409","2929淘帝","110/07/13","國票-天祥",11,0,11
"16410","2929淘帝","110/07/13","元大-北投",0,16,-16
"16411","5410國眾","110/07/13","兆豐-城中",274,0,274
"16412","5410國眾","110/07/13","元富-嘉義",0,103,-103
"16413","5410國眾","110/07/13","新光",50,4,46
"16414","5410國眾","110/07/13","凱基-台北",0,50,-50
"16415","5410國眾","110/07/13","國泰-台中",26,0,26
"16416","5410國眾","110/07/13","瑞士信貸",0,31,-31
"16417","5410國眾","110/07/13","新加坡商瑞銀",22,0,22
"16418","5410國眾","110/07/13","台新-新莊",0,27,-27
"16419","5410國眾","110/07/13","光和-嘉義",20,0,20
"16420","5410國眾","110/07/13","元大-汐止",0,20,-20
"16421","5410國眾","110/07/13","凱基-竹北",17,0,17
"16422","5410國眾","110/07/13","亞東-新竹",0,17,-17
"16423","5410國眾","110/07/13","新光-桃園",15,0,15
"16424","5410國眾","110/07/13","元大-南勢角",0,13,-13
"16425","5410國眾","110/07/13","凱基-台東",14,0,14
"16426","5410國眾","110/07/13","台新-台南",0,12,-12
"16427","5410國眾","110/07/13","富邦-竹北",11,0,11
"16428","5410國眾","110/07/13","中國信託",0,11,-11
"16429","5410國眾","110/07/13","元富-同大",10,0,10
"16430","5410國眾","110/07/13","華南永昌",0,11,-11
"16431","5410國眾","110/07/13","國泰-敦南",24,15,9
"16432","5410國眾","110/07/13","臺銀-臺南",0,10,-10
"16433","5410國眾","110/07/13","日盛-內湖",7,0,7
"16434","5410國眾","110/07/13","台灣企銀-民雄",0,10,-10
"16435","5410國眾","110/07/13","台新-左楠",7,0,7
"16436","5410國眾","110/07/13","高橋",0,10,-10
"16437","5410國眾","110/07/13","元大-新盛",18,12,6
"16438","5410國眾","110/07/13","康和-嘉義",0,10,-10
"16439","5410國眾","110/07/13","統一",5,0,5
"16440","5410國眾","110/07/13","凱基-基隆",0,10,-10
"16441","2841台開","110/07/13","中國信託-高雄",251,50,201
"16442","2841台開","110/07/13","兆豐-公益",0,177,-177
"16443","2841台開","110/07/13","日盛證券",210,13,197
"16444","2841台開","110/07/13","日進",0,152,-152
"16445","2841台開","110/07/13","第一金-台中",55,0,55
"16446","2841台開","110/07/13","港商野村",0,109,-109
"16447","2841台開","110/07/13","國泰-板橋",46,0,46
"16448","2841台開","110/07/13","日盛-信義",0,103,-103
"16449","2841台開","110/07/13","國泰-館前",48,3,45
"16450","2841台開","110/07/13","國泰-敦南",11,75,-64
"16451","2841台開","110/07/13","華南永昌-新莊",45,0,45
"16452","2841台開","110/07/13","永興",0,50,-50
"16453","2841台開","110/07/13","日盛-園區",42,0,42
"16454","2841台開","110/07/13","永豐金-敦南",61,104,-43
"16455","2841台開","110/07/13","台新證券",32,0,32
"16456","2841台開","110/07/13","富邦-台南",0,42,-42
"16457","2841台開","110/07/13","台新-高雄",32,2,30
"16458","2841台開","110/07/13","國票-安和",0,30,-30
"16459","2841台開","110/07/13","豐農",23,0,23
"16460","2841台開","110/07/13","元大-桃園",0,25,-25
"16461","2841台開","110/07/13","合庫-嘉義",20,0,20
"16462","2841台開","110/07/13","新光",8,32,-24
"16463","2841台開","110/07/13","華南永昌-高雄",20,0,20
"16464","2841台開","110/07/13","元大-仁愛",0,24,-24
"16465","2841台開","110/07/13","元大-樹林",16,0,16
"16466","2841台開","110/07/13","日盛-中和",0,20,-20
"16467","2841台開","110/07/13","第一金-華江",15,2,13
"16468","2841台開","110/07/13","元富",0,20,-20
"16469","2841台開","110/07/13","美商高盛",12,0,12
"16470","2841台開","110/07/13","富邦-宜蘭",0,20,-20
"16471","6207雷科","110/07/13","元大-高雄",121,0,121
"16472","6207雷科","110/07/13","華南永昌-朴子",1,60,-59
"16473","6207雷科","110/07/13","第一金-新興",20,0,20
"16474","6207雷科","110/07/13","元大-南海",0,36,-36
"16475","6207雷科","110/07/13","元富-三重",20,0,20
"16476","6207雷科","110/07/13","凱基-土城",0,35,-35
"16477","6207雷科","110/07/13","元大-林園",15,0,15
"16478","6207雷科","110/07/13","台灣企銀",0,20,-20
"16479","6207雷科","110/07/13","元大-金華",16,1,15
"16480","6207雷科","110/07/13","群益金鼎-丹鳳",0,20,-20
"16481","6207雷科","110/07/13","日盛證券",10,0,10
"16482","6207雷科","110/07/13","元大-博愛",0,17,-17
"16483","6207雷科","110/07/13","統一-台中",10,0,10
"16484","6207雷科","110/07/13","元大-北港",0,13,-13
"16485","6207雷科","110/07/13","群益金鼎-土城",10,0,10
"16486","6207雷科","110/07/13","新加坡商瑞銀",0,12,-12
"16487","6207雷科","110/07/13","群益金鼎-桃園",10,0,10
"16488","6207雷科","110/07/13","凱基-台北",4,16,-12
"16489","6207雷科","110/07/13","永豐金-新莊",10,0,10
"16490","6207雷科","110/07/13","日茂-埔里",0,11,-11
"16491","6207雷科","110/07/13","永豐金-新店",10,0,10
"16492","6207雷科","110/07/13","元大-莒光",0,11,-11
"16493","6207雷科","110/07/13","元大證券",9,0,9
"16494","6207雷科","110/07/13","統一-新竹",0,10,-10
"16495","6207雷科","110/07/13","日盛-木柵",9,1,8
"16496","6207雷科","110/07/13","元大-西螺",0,10,-10
"16497","6207雷科","110/07/13","兆豐-來福",8,0,8
"16498","6207雷科","110/07/13","康和-台中",0,8,-8
"16499","6207雷科","110/07/13","新光",7,0,7
"16500","6207雷科","110/07/13","兆豐-高雄",0,6,-6
"16501","3679新至陞","110/07/13","永豐金證券",50,0,50
"16502","3679新至陞","110/07/13","摩根大通",2,25,-23
"16503","3679新至陞","110/07/13","國泰-桃園",22,0,22
"16504","3679新至陞","110/07/13","元大-成功",0,22,-22
"16505","3679新至陞","110/07/13","台中銀-員林",11,0,11
"16506","3679新至陞","110/07/13","富邦-板橋",1,19,-18
"16507","3679新至陞","110/07/13","元大-文心興安",8,0,8
"16508","3679新至陞","110/07/13","日盛-新莊",0,10,-10
"16509","3679新至陞","110/07/13","美商高盛",6,0,6
"16510","3679新至陞","110/07/13","台新-台中",0,10,-10
"16511","3679新至陞","110/07/13","台新-高雄",6,0,6
"16512","3679新至陞","110/07/13","永豐金-新竹",0,8,-8
"16513","3679新至陞","110/07/13","凱基-台北",18,12,6
"16514","3679新至陞","110/07/13","瑞士信貸",12,19,-7
"16515","3679新至陞","110/07/13","日盛-復興",5,0,5
"16516","3679新至陞","110/07/13","統一-南京",0,7,-7
"16517","3679新至陞","110/07/13","(牛牛牛)亞-鑫豐",4,0,4
"16518","3679新至陞","110/07/13","凱基-新莊",0,7,-7
"16519","3679新至陞","110/07/13","元富-大昌",3,0,3
"16520","3679新至陞","110/07/13","新加坡商瑞銀",0,6,-6
"16521","3679新至陞","110/07/13","富邦-台北",3,0,3
"16522","3679新至陞","110/07/13","合庫-自強",0,5,-5
"16523","3679新至陞","110/07/13","日盛-樹林",2,0,2
"16524","3679新至陞","110/07/13","富邦-桃園",0,5,-5
"16525","3679新至陞","110/07/13","宏遠-光隆",2,0,2
"16526","3679新至陞","110/07/13","永豐金-潮州",0,4,-4
"16527","3679新至陞","110/07/13","美林",3,1,2
"16528","3679新至陞","110/07/13","臺銀-臺南",0,3,-3
"16529","3679新至陞","110/07/13","第一金-中壢",2,0,2
"16530","3679新至陞","110/07/13","元大-六合",0,3,-3
"16531","2727王品","110/07/13","富邦-台北",43,3,40
"16532","2727王品","110/07/13","台灣摩根士丹利",15,97,-82
"16533","2727王品","110/07/13","元大-基隆孝二",40,0,40
"16534","2727王品","110/07/13","玉山-台南",5,57,-52
"16535","2727王品","110/07/13","國票-新莊",40,1,39
"16536","2727王品","110/07/13","新加坡商瑞銀",0,48,-48
"16537","2727王品","110/07/13","第一金-豐原",66,42,24
"16538","2727王品","110/07/13","凱基-台北",41,77,-36
"16539","2727王品","110/07/13","永豐金-大園",34,10,24
"16540","2727王品","110/07/13","永豐金-永康",0,22,-22
"16541","2727王品","110/07/13","元大-北屯",22,0,22
"16542","2727王品","110/07/13","統一-台中",2,22,-20
"16543","2727王品","110/07/13","元大-東蘆",26,7,19
"16544","2727王品","110/07/13","國泰-台中",21,39,-18
"16545","2727王品","110/07/13","永豐金-萬盛",13,1,12
"16546","2727王品","110/07/13","合庫-彰化",3,20,-17
"16547","2727王品","110/07/13","日盛-嘉義",11,0,11
"16548","2727王品","110/07/13","港商野村",13,30,-17
"16549","2727王品","110/07/13","日盛-八德",11,0,11
"16550","2727王品","110/07/13","元大-楊梅",1,16,-15
"16551","2727王品","110/07/13","統一-竹南",11,0,11
"16552","2727王品","110/07/13","凱基-高美館",2,15,-13
"16553","2727王品","110/07/13","日盛-士林",12,2,10
"16554","2727王品","110/07/13","美商高盛",2,14,-12
"16555","2727王品","110/07/13","統一-敦南",10,0,10
"16556","2727王品","110/07/13","統一-平鎮",1,13,-12
"16557","2727王品","110/07/13","中國信託",15,5,10
"16558","2727王品","110/07/13","兆豐-台中港",4,16,-12
"16559","2727王品","110/07/13","兆豐-竹北",13,3,10
"16560","2727王品","110/07/13","凱基-八德",1,13,-12
"16561","1570力肯","110/07/13","新光",115,11,104
"16562","1570力肯","110/07/13","元大-北三重",0,162,-162
"16563","1570力肯","110/07/13","群益金鼎-高雄",54,0,54
"16564","1570力肯","110/07/13","元大-大灣",0,25,-25
"16565","1570力肯","110/07/13","國票-新莊",22,0,22
"16566","1570力肯","110/07/13","永豐金-苓雅",0,22,-22
"16567","1570力肯","110/07/13","日盛-桃園",12,0,12
"16568","1570力肯","110/07/13","永豐金-永康",0,19,-19
"16569","1570力肯","110/07/13","元大-高雄",12,0,12
"16570","1570力肯","110/07/13","富邦-員林",0,15,-15
"16571","1570力肯","110/07/13","合庫-自強",11,0,11
"16572","1570力肯","110/07/13","凱基-台南",0,11,-11
"16573","1570力肯","110/07/13","摩根大通",26,15,11
"16574","1570力肯","110/07/13","日盛-竹北",0,10,-10
"16575","1570力肯","110/07/13","永豐金-中盛",11,0,11
"16576","1570力肯","110/07/13","國票-九鼎",0,10,-10
"16577","1570力肯","110/07/13","兆豐-台中港",10,0,10
"16578","1570力肯","110/07/13","凱基-桃園",0,10,-10
"16579","1570力肯","110/07/13","國泰-松江",9,0,9
"16580","1570力肯","110/07/13","凱基-新豐",0,10,-10
"16581","1570力肯","110/07/13","元大-新盛",9,0,9
"16582","1570力肯","110/07/13","元大-學甲",0,10,-10
"16583","1570力肯","110/07/13","元富-緯城",6,0,6
"16584","1570力肯","110/07/13","群益金鼎-東湖",1,10,-9
"16585","1570力肯","110/07/13","統一-三重",5,0,5
"16586","1570力肯","110/07/13","大昌",0,6,-6
"16587","1570力肯","110/07/13","元大-前金",5,0,5
"16588","1570力肯","110/07/13","元大-土城學府",0,6,-6
"16589","1570力肯","110/07/13","永豐金證券",5,0,5
"16590","1570力肯","110/07/13","統一",0,5,-5
"16591","6180橘子","110/07/13","摩根大通",119,0,119
"16592","6180橘子","110/07/13","元大-崇德",2,61,-59
"16593","6180橘子","110/07/13","美商高盛",96,0,96
"16594","6180橘子","110/07/13","康和-台中",0,51,-51
"16595","6180橘子","110/07/13","新加坡商瑞銀",86,7,79
"16596","6180橘子","110/07/13","康和-台北",0,50,-50
"16597","6180橘子","110/07/13","元大-和平",40,0,40
"16598","6180橘子","110/07/13","元富-潮州",0,40,-40
"16599","6180橘子","110/07/13","凱基-台北",83,47,36
"16600","6180橘子","110/07/13","日盛-永康",0,26,-26
"16601","6180橘子","110/07/13","美林",39,5,34
"16602","6180橘子","110/07/13","永豐金-中正",0,24,-24
"16603","6180橘子","110/07/13","富邦-新竹華信",31,2,29
"16604","6180橘子","110/07/13","國泰-板橋",2,25,-23
"16605","6180橘子","110/07/13","統一-南京",21,0,21
"16606","6180橘子","110/07/13","日盛-大墩",0,20,-20
"16607","6180橘子","110/07/13","富邦-陽明",24,3,21
"16608","6180橘子","110/07/13","元大-草屯",13,32,-19
"16609","6180橘子","110/07/13","大昌-樹林",21,1,20
"16610","6180橘子","110/07/13","元富-林園",1,18,-17
"16611","6180橘子","110/07/13","花旗環球",19,0,19
"16612","6180橘子","110/07/13","新光-新竹",1,18,-17
"16613","6180橘子","110/07/13","華南永昌-台南",19,0,19
"16614","6180橘子","110/07/13","元大-土城永寧",0,17,-17
"16615","6180橘子","110/07/13","福勝",14,0,14
"16616","6180橘子","110/07/13","國泰-新莊",3,19,-16
"16617","6180橘子","110/07/13","富邦-嘉義",12,1,11
"16618","6180橘子","110/07/13","中國信託-永康",6,21,-15
"16619","6180橘子","110/07/13","元大-板橋三民",11,0,11
"16620","6180橘子","110/07/13","凱基-東港",1,15,-14
"16621","2390云辰","110/07/13","新加坡商瑞銀",562,75,487
"16622","2390云辰","110/07/13","大展-台南",0,532,-532
"16623","2390云辰","110/07/13","台灣摩根士丹利",330,155,175
"16624","2390云辰","110/07/13","凱基-台北",668,854,-186
"16625","2390云辰","110/07/13","兆豐-公益",126,25,101
"16626","2390云辰","110/07/13","凱基-三重",12,172,-160
"16627","2390云辰","110/07/13","元富-中港",100,2,98
"16628","2390云辰","110/07/13","兆豐-忠孝",4,161,-157
"16629","2390云辰","110/07/13","統一-新台中",106,9,97
"16630","2390云辰","110/07/13","元大-士林",19,170,-151
"16631","2390云辰","110/07/13","中國信託-松江",81,11,70
"16632","2390云辰","110/07/13","臺銀-新竹",14,117,-103
"16633","2390云辰","110/07/13","日盛-板橋",72,3,69
"16634","2390云辰","110/07/13","國票-台中",4,102,-98
"16635","2390云辰","110/07/13","日盛-和美",57,0,57
"16636","2390云辰","110/07/13","新光",147,232,-85
"16637","2390云辰","110/07/13","永豐金-桃園",88,36,52
"16638","2390云辰","110/07/13","致和-崇德",2,70,-68
"16639","2390云辰","110/07/13","玉山-士林",54,4,50
"16640","2390云辰","110/07/13","群益金鼎-屏東",2,70,-68
"16641","2390云辰","110/07/13","富邦-仁愛",56,6,50
"16642","2390云辰","110/07/13","元大-大里",35,98,-63
"16643","2390云辰","110/07/13","第一金-豐原",50,1,49
"16644","2390云辰","110/07/13","元大-萬華",35,94,-59
"16645","2390云辰","110/07/13","摩根大通",502,453,49
"16646","2390云辰","110/07/13","元富-吉利",2,60,-58
"16647","2390云辰","110/07/13","凱基-松山",61,13,48
"16648","2390云辰","110/07/13","兆豐-新竹",3,53,-50
"16649","2390云辰","110/07/13","大昌",64,22,42
"16650","2390云辰","110/07/13","富邦-嘉義",65,108,-43
"16651","2363矽統","110/07/13","凱基-南崁",2133,63,2070
"16652","2363矽統","110/07/13","凱基-幸福",36,4048,-4012
"16653","2363矽統","110/07/13","國泰-敦南",2195,1617,578
"16654","2363矽統","110/07/13","統一",192,3325,-3133
"16655","2363矽統","110/07/13","中農",670,139,531
"16656","2363矽統","110/07/13","新加坡商瑞銀",1000,2747,-1747
"16657","2363矽統","110/07/13","康和-台中",638,154,484
"16658","2363矽統","110/07/13","凱基-台北",5359,6609,-1250
"16659","2363矽統","110/07/13","群益金鼎-三民",577,137,440
"16660","2363矽統","110/07/13","摩根大通",1930,2858,-928
"16661","2363矽統","110/07/13","台新-屏東",510,88,422
"16662","2363矽統","110/07/13","港商野村",960,1679,-719
"16663","2363矽統","110/07/13","德信-中正",455,67,388
"16664","2363矽統","110/07/13","兆豐-復興",25,705,-680
"16665","2363矽統","110/07/13","日盛-竹北",365,70,295
"16666","2363矽統","110/07/13","統一-仁愛",114,755,-641
"16667","2363矽統","110/07/13","元大-佳里",452,189,263
"16668","2363矽統","110/07/13","統一-敦南",29,638,-609
"16669","2363矽統","110/07/13","國票-博愛",296,38,258
"16670","2363矽統","110/07/13","統一-土城",100,704,-604
"16671","2363矽統","110/07/13","元大-萬華",340,95,245
"16672","2363矽統","110/07/13","統一-城中",116,676,-560
"16673","2363矽統","110/07/13","新光",1259,1031,228
"16674","2363矽統","110/07/13","永豐金證券",306,859,-553
"16675","2363矽統","110/07/13","元富-成功",323,96,227
"16676","2363矽統","110/07/13","元富",54,567,-513
"16677","2363矽統","110/07/13","豐農",228,23,205
"16678","2363矽統","110/07/13","瑞士信貸",202,666,-464
"16679","2363矽統","110/07/13","台灣企銀-岡山",186,4,182
"16680","2363矽統","110/07/13","永豐金-嘉義",67,468,-401
"16681","8112至上","110/07/13","摩根大通",688,296,392
"16682","8112至上","110/07/13","國票-中和",0,401,-401
"16683","8112至上","110/07/13","港商野村",344,145,199
"16684","8112至上","110/07/13","永豐金-板盛",0,205,-205
"16685","8112至上","110/07/13","兆豐-公益",195,5,190
"16686","8112至上","110/07/13","凱基-五股",43,155,-112
"16687","8112至上","110/07/13","台灣摩根士丹利",183,0,183
"16688","8112至上","110/07/13","凱基-市政",0,100,-100
"16689","8112至上","110/07/13","群益金鼎-敦南",153,2,151
"16690","8112至上","110/07/13","元大-大里德芳",1,92,-91
"16691","8112至上","110/07/13","臺銀-金山",146,26,120
"16692","8112至上","110/07/13","玉山-桃園",26,110,-84
"16693","8112至上","110/07/13","臺銀",133,19,114
"16694","8112至上","110/07/13","兆豐-天母",0,81,-81
"16695","8112至上","110/07/13","合庫-台中",115,6,109
"16696","8112至上","110/07/13","凱基-城中",3,84,-81
"16697","8112至上","110/07/13","亞東-板橋",134,26,108
"16698","8112至上","110/07/13","日盛-新莊",9,85,-76
"16699","8112至上","110/07/13","凱基-台北",414,326,88
"16700","8112至上","110/07/13","日盛-台中",2,64,-62
"16701","8112至上","110/07/13","新加坡商瑞銀",181,100,81
"16702","8112至上","110/07/13","日盛-中壢",3,64,-61
"16703","8112至上","110/07/13","國泰-敦南",108,31,77
"16704","8112至上","110/07/13","元大-台中",2,59,-57
"16705","8112至上","110/07/13","第一金-華江",77,4,73
"16706","8112至上","110/07/13","元大-雙和",7,64,-57
"16707","8112至上","110/07/13","永豐金-內湖",73,1,72
"16708","8112至上","110/07/13","元大-高雄",8,62,-54
"16709","8112至上","110/07/13","元大-永和",68,1,67
"16710","8112至上","110/07/13","元大-館前",2,55,-53
"16711","4903聯光通","110/07/13","台灣企銀-太平",56,0,56
"16712","4903聯光通","110/07/13","土銀",0,32,-32
"16713","4903聯光通","110/07/13","元富-新興",23,0,23
"16714","4903聯光通","110/07/13","元大-樹林",0,19,-19
"16715","4903聯光通","110/07/13","日盛-樹林",22,0,22
"16716","4903聯光通","110/07/13","凱基-士林",0,17,-17
"16717","4903聯光通","110/07/13","兆豐-天母",20,0,20
"16718","4903聯光通","110/07/13","國票-博愛",0,14,-14
"16719","4903聯光通","110/07/13","華南永昌-桃園",20,0,20
"16720","4903聯光通","110/07/13","元富",0,10,-10
"16721","4903聯光通","110/07/13","富邦-新店",10,0,10
"16722","4903聯光通","110/07/13","新光",0,10,-10
"16723","4903聯光通","110/07/13","新光-台中",5,0,5
"16724","4903聯光通","110/07/13","玉山-南京東路",0,10,-10
"16725","4903聯光通","110/07/13","華南永昌-台中",5,0,5
"16726","4903聯光通","110/07/13","富邦-陽明",0,10,-10
"16727","4903聯光通","110/07/13","元大-崇德",5,0,5
"16728","4903聯光通","110/07/13","元大-大甲",0,8,-8
"16729","4903聯光通","110/07/13","元大-草屯",5,0,5
"16730","4903聯光通","110/07/13","富邦-台中",0,7,-7
"16731","4903聯光通","110/07/13","元富-草屯",4,0,4
"16732","4903聯光通","110/07/13","凱基-中壢",0,6,-6
"16733","4903聯光通","110/07/13","元大-清水",4,0,4
"16734","4903聯光通","110/07/13","臺銀-民權",0,5,-5
"16735","4903聯光通","110/07/13","元大-東泰",4,0,4
"16736","4903聯光通","110/07/13","日盛-板橋",0,5,-5
"16737","4903聯光通","110/07/13","元大-佳里",2,0,2
"16738","4903聯光通","110/07/13","中國信託-忠孝",0,5,-5
"16739","4903聯光通","110/07/13","永豐金-板橋",2,0,2
"16740","4903聯光通","110/07/13","永豐金-鳳山",0,5,-5
"16741","2929淘帝","110/07/13","玉山-新竹",130,0,130
"16742","2929淘帝","110/07/13","美商高盛",0,177,-177
"16743","2929淘帝","110/07/13","臺銀-民權",60,0,60
"16744","2929淘帝","110/07/13","凱基-台北",6,80,-74
"16745","2929淘帝","110/07/13","新百王",31,0,31
"16746","2929淘帝","110/07/13","元富-大裕",0,49,-49
"16747","2929淘帝","110/07/13","日盛-園區",30,0,30
"16748","2929淘帝","110/07/13","國泰-館前",3,51,-48
"16749","2929淘帝","110/07/13","元大-南投",31,1,30
"16750","2929淘帝","110/07/13","凱基-中壢",0,41,-41
"16751","2929淘帝","110/07/13","兆豐-忠孝",28,0,28
"16752","2929淘帝","110/07/13","港商野村",21,55,-34
"16753","2929淘帝","110/07/13","元大-民生",28,0,28
"16754","2929淘帝","110/07/13","華南永昌-南京",2,34,-32
"16755","2929淘帝","110/07/13","合庫-高雄",27,0,27
"16756","2929淘帝","110/07/13","群益金鼎-土城",0,30,-30
"16757","2929淘帝","110/07/13","凱基-豐中",27,0,27
"16758","2929淘帝","110/07/13","富邦-南屯",0,22,-22
"16759","2929淘帝","110/07/13","新光",21,4,17
"16760","2929淘帝","110/07/13","第一金-豐原",0,20,-20
"16761","2929淘帝","110/07/13","元大-天母",17,0,17
"16762","2929淘帝","110/07/13","元大-屏南",6,26,-20
"16763","2929淘帝","110/07/13","永興",14,0,14
"16764","2929淘帝","110/07/13","永豐金-敦南",1,21,-20
"16765","2929淘帝","110/07/13","富邦-台北",12,0,12
"16766","2929淘帝","110/07/13","凱基-三重",2,21,-19
"16767","2929淘帝","110/07/13","元大-永和",12,0,12
"16768","2929淘帝","110/07/13","富邦-仁愛",7,25,-18
"16769","2929淘帝","110/07/13","國票-天祥",11,0,11
"16770","2929淘帝","110/07/13","元大-北投",0,16,-16
"16771","5410國眾","110/07/13","兆豐-城中",274,0,274
"16772","5410國眾","110/07/13","元富-嘉義",0,103,-103
"16773","5410國眾","110/07/13","新光",50,4,46
"16774","5410國眾","110/07/13","凱基-台北",0,50,-50
"16775","5410國眾","110/07/13","國泰-台中",26,0,26
"16776","5410國眾","110/07/13","瑞士信貸",0,31,-31
"16777","5410國眾","110/07/13","新加坡商瑞銀",22,0,22
"16778","5410國眾","110/07/13","台新-新莊",0,27,-27
"16779","5410國眾","110/07/13","光和-嘉義",20,0,20
"16780","5410國眾","110/07/13","元大-汐止",0,20,-20
"16781","5410國眾","110/07/13","凱基-竹北",17,0,17
"16782","5410國眾","110/07/13","亞東-新竹",0,17,-17
"16783","5410國眾","110/07/13","新光-桃園",15,0,15
"16784","5410國眾","110/07/13","元大-南勢角",0,13,-13
"16785","5410國眾","110/07/13","凱基-台東",14,0,14
"16786","5410國眾","110/07/13","台新-台南",0,12,-12
"16787","5410國眾","110/07/13","富邦-竹北",11,0,11
"16788","5410國眾","110/07/13","中國信託",0,11,-11
"16789","5410國眾","110/07/13","元富-同大",10,0,10
"16790","5410國眾","110/07/13","華南永昌",0,11,-11
"16791","5410國眾","110/07/13","國泰-敦南",24,15,9
"16792","5410國眾","110/07/13","臺銀-臺南",0,10,-10
"16793","5410國眾","110/07/13","日盛-內湖",7,0,7
"16794","5410國眾","110/07/13","台灣企銀-民雄",0,10,-10
"16795","5410國眾","110/07/13","台新-左楠",7,0,7
"16796","5410國眾","110/07/13","高橋",0,10,-10
"16797","5410國眾","110/07/13","元大-新盛",18,12,6
"16798","5410國眾","110/07/13","康和-嘉義",0,10,-10
"16799","5410國眾","110/07/13","統一",5,0,5
"16800","5410國眾","110/07/13","凱基-基隆",0,10,-10
"16801","2841台開","110/07/13","中國信託-高雄",251,50,201
"16802","2841台開","110/07/13","兆豐-公益",0,177,-177
"16803","2841台開","110/07/13","日盛證券",210,13,197
"16804","2841台開","110/07/13","日進",0,152,-152
"16805","2841台開","110/07/13","第一金-台中",55,0,55
"16806","2841台開","110/07/13","港商野村",0,109,-109
"16807","2841台開","110/07/13","國泰-板橋",46,0,46
"16808","2841台開","110/07/13","日盛-信義",0,103,-103
"16809","2841台開","110/07/13","國泰-館前",48,3,45
"16810","2841台開","110/07/13","國泰-敦南",11,75,-64
"16811","2841台開","110/07/13","華南永昌-新莊",45,0,45
"16812","2841台開","110/07/13","永興",0,50,-50
"16813","2841台開","110/07/13","日盛-園區",42,0,42
"16814","2841台開","110/07/13","永豐金-敦南",61,104,-43
"16815","2841台開","110/07/13","台新證券",32,0,32
"16816","2841台開","110/07/13","富邦-台南",0,42,-42
"16817","2841台開","110/07/13","台新-高雄",32,2,30
"16818","2841台開","110/07/13","國票-安和",0,30,-30
"16819","2841台開","110/07/13","豐農",23,0,23
"16820","2841台開","110/07/13","元大-桃園",0,25,-25
"16821","2841台開","110/07/13","合庫-嘉義",20,0,20
"16822","2841台開","110/07/13","新光",8,32,-24
"16823","2841台開","110/07/13","華南永昌-高雄",20,0,20
"16824","2841台開","110/07/13","元大-仁愛",0,24,-24
"16825","2841台開","110/07/13","元大-樹林",16,0,16
"16826","2841台開","110/07/13","日盛-中和",0,20,-20
"16827","2841台開","110/07/13","第一金-華江",15,2,13
"16828","2841台開","110/07/13","元富",0,20,-20
"16829","2841台開","110/07/13","美商高盛",12,0,12
"16830","2841台開","110/07/13","富邦-宜蘭",0,20,-20
"16831","6207雷科","110/07/13","元大-高雄",121,0,121
"16832","6207雷科","110/07/13","華南永昌-朴子",1,60,-59
"16833","6207雷科","110/07/13","第一金-新興",20,0,20
"16834","6207雷科","110/07/13","元大-南海",0,36,-36
"16835","6207雷科","110/07/13","元富-三重",20,0,20
"16836","6207雷科","110/07/13","凱基-土城",0,35,-35
"16837","6207雷科","110/07/13","元大-林園",15,0,15
"16838","6207雷科","110/07/13","台灣企銀",0,20,-20
"16839","6207雷科","110/07/13","元大-金華",16,1,15
"16840","6207雷科","110/07/13","群益金鼎-丹鳳",0,20,-20
"16841","6207雷科","110/07/13","日盛證券",10,0,10
"16842","6207雷科","110/07/13","元大-博愛",0,17,-17
"16843","6207雷科","110/07/13","統一-台中",10,0,10
"16844","6207雷科","110/07/13","元大-北港",0,13,-13
"16845","6207雷科","110/07/13","群益金鼎-土城",10,0,10
"16846","6207雷科","110/07/13","新加坡商瑞銀",0,12,-12
"16847","6207雷科","110/07/13","群益金鼎-桃園",10,0,10
"16848","6207雷科","110/07/13","凱基-台北",4,16,-12
"16849","6207雷科","110/07/13","永豐金-新莊",10,0,10
"16850","6207雷科","110/07/13","日茂-埔里",0,11,-11
"16851","6207雷科","110/07/13","永豐金-新店",10,0,10
"16852","6207雷科","110/07/13","元大-莒光",0,11,-11
"16853","6207雷科","110/07/13","元大證券",9,0,9
"16854","6207雷科","110/07/13","統一-新竹",0,10,-10
"16855","6207雷科","110/07/13","日盛-木柵",9,1,8
"16856","6207雷科","110/07/13","元大-西螺",0,10,-10
"16857","6207雷科","110/07/13","兆豐-來福",8,0,8
"16858","6207雷科","110/07/13","康和-台中",0,8,-8
"16859","6207雷科","110/07/13","新光",7,0,7
"16860","6207雷科","110/07/13","兆豐-高雄",0,6,-6
"16861","3679新至陞","110/07/13","永豐金證券",50,0,50
"16862","3679新至陞","110/07/13","摩根大通",2,25,-23
"16863","3679新至陞","110/07/13","國泰-桃園",22,0,22
"16864","3679新至陞","110/07/13","元大-成功",0,22,-22
"16865","3679新至陞","110/07/13","台中銀-員林",11,0,11
"16866","3679新至陞","110/07/13","富邦-板橋",1,19,-18
"16867","3679新至陞","110/07/13","元大-文心興安",8,0,8
"16868","3679新至陞","110/07/13","日盛-新莊",0,10,-10
"16869","3679新至陞","110/07/13","美商高盛",6,0,6
"16870","3679新至陞","110/07/13","台新-台中",0,10,-10
"16871","3679新至陞","110/07/13","台新-高雄",6,0,6
"16872","3679新至陞","110/07/13","永豐金-新竹",0,8,-8
"16873","3679新至陞","110/07/13","凱基-台北",18,12,6
"16874","3679新至陞","110/07/13","瑞士信貸",12,19,-7
"16875","3679新至陞","110/07/13","日盛-復興",5,0,5
"16876","3679新至陞","110/07/13","統一-南京",0,7,-7
"16877","3679新至陞","110/07/13","(牛牛牛)亞-鑫豐",4,0,4
"16878","3679新至陞","110/07/13","凱基-新莊",0,7,-7
"16879","3679新至陞","110/07/13","元富-大昌",3,0,3
"16880","3679新至陞","110/07/13","新加坡商瑞銀",0,6,-6
"16881","3679新至陞","110/07/13","富邦-台北",3,0,3
"16882","3679新至陞","110/07/13","合庫-自強",0,5,-5
"16883","3679新至陞","110/07/13","日盛-樹林",2,0,2
"16884","3679新至陞","110/07/13","富邦-桃園",0,5,-5
"16885","3679新至陞","110/07/13","宏遠-光隆",2,0,2
"16886","3679新至陞","110/07/13","永豐金-潮州",0,4,-4
"16887","3679新至陞","110/07/13","美林",3,1,2
"16888","3679新至陞","110/07/13","臺銀-臺南",0,3,-3
"16889","3679新至陞","110/07/13","第一金-中壢",2,0,2
"16890","3679新至陞","110/07/13","元大-六合",0,3,-3
"16891","2727王品","110/07/13","富邦-台北",43,3,40
"16892","2727王品","110/07/13","台灣摩根士丹利",15,97,-82
"16893","2727王品","110/07/13","元大-基隆孝二",40,0,40
"16894","2727王品","110/07/13","玉山-台南",5,57,-52
"16895","2727王品","110/07/13","國票-新莊",40,1,39
"16896","2727王品","110/07/13","新加坡商瑞銀",0,48,-48
"16897","2727王品","110/07/13","第一金-豐原",66,42,24
"16898","2727王品","110/07/13","凱基-台北",41,77,-36
"16899","2727王品","110/07/13","永豐金-大園",34,10,24
"16900","2727王品","110/07/13","永豐金-永康",0,22,-22
"16901","2727王品","110/07/13","元大-北屯",22,0,22
"16902","2727王品","110/07/13","統一-台中",2,22,-20
"16903","2727王品","110/07/13","元大-東蘆",26,7,19
"16904","2727王品","110/07/13","國泰-台中",21,39,-18
"16905","2727王品","110/07/13","永豐金-萬盛",13,1,12
"16906","2727王品","110/07/13","合庫-彰化",3,20,-17
"16907","2727王品","110/07/13","日盛-嘉義",11,0,11
"16908","2727王品","110/07/13","港商野村",13,30,-17
"16909","2727王品","110/07/13","日盛-八德",11,0,11
"16910","2727王品","110/07/13","元大-楊梅",1,16,-15
"16911","2727王品","110/07/13","統一-竹南",11,0,11
"16912","2727王品","110/07/13","凱基-高美館",2,15,-13
"16913","2727王品","110/07/13","日盛-士林",12,2,10
"16914","2727王品","110/07/13","美商高盛",2,14,-12
"16915","2727王品","110/07/13","統一-敦南",10,0,10
"16916","2727王品","110/07/13","統一-平鎮",1,13,-12
"16917","2727王品","110/07/13","中國信託",15,5,10
"16918","2727王品","110/07/13","兆豐-台中港",4,16,-12
"16919","2727王品","110/07/13","兆豐-竹北",13,3,10
"16920","2727王品","110/07/13","凱基-八德",1,13,-12
"16921","1570力肯","110/07/13","新光",115,11,104
"16922","1570力肯","110/07/13","元大-北三重",0,162,-162
"16923","1570力肯","110/07/13","群益金鼎-高雄",54,0,54
"16924","1570力肯","110/07/13","元大-大灣",0,25,-25
"16925","1570力肯","110/07/13","國票-新莊",22,0,22
"16926","1570力肯","110/07/13","永豐金-苓雅",0,22,-22
"16927","1570力肯","110/07/13","日盛-桃園",12,0,12
"16928","1570力肯","110/07/13","永豐金-永康",0,19,-19
"16929","1570力肯","110/07/13","元大-高雄",12,0,12
"16930","1570力肯","110/07/13","富邦-員林",0,15,-15
"16931","1570力肯","110/07/13","合庫-自強",11,0,11
"16932","1570力肯","110/07/13","凱基-台南",0,11,-11
"16933","1570力肯","110/07/13","摩根大通",26,15,11
"16934","1570力肯","110/07/13","日盛-竹北",0,10,-10
"16935","1570力肯","110/07/13","永豐金-中盛",11,0,11
"16936","1570力肯","110/07/13","國票-九鼎",0,10,-10
"16937","1570力肯","110/07/13","兆豐-台中港",10,0,10
"16938","1570力肯","110/07/13","凱基-桃園",0,10,-10
"16939","1570力肯","110/07/13","國泰-松江",9,0,9
"16940","1570力肯","110/07/13","凱基-新豐",0,10,-10
"16941","1570力肯","110/07/13","元大-新盛",9,0,9
"16942","1570力肯","110/07/13","元大-學甲",0,10,-10
"16943","1570力肯","110/07/13","元富-緯城",6,0,6
"16944","1570力肯","110/07/13","群益金鼎-東湖",1,10,-9
"16945","1570力肯","110/07/13","統一-三重",5,0,5
"16946","1570力肯","110/07/13","大昌",0,6,-6
"16947","1570力肯","110/07/13","元大-前金",5,0,5
"16948","1570力肯","110/07/13","元大-土城學府",0,6,-6
"16949","1570力肯","110/07/13","永豐金證券",5,0,5
"16950","1570力肯","110/07/13","統一",0,5,-5
"16951","6180橘子","110/07/13","摩根大通",119,0,119
"16952","6180橘子","110/07/13","元大-崇德",2,61,-59
"16953","6180橘子","110/07/13","美商高盛",96,0,96
"16954","6180橘子","110/07/13","康和-台中",0,51,-51
"16955","6180橘子","110/07/13","新加坡商瑞銀",86,7,79
"16956","6180橘子","110/07/13","康和-台北",0,50,-50
"16957","6180橘子","110/07/13","元大-和平",40,0,40
"16958","6180橘子","110/07/13","元富-潮州",0,40,-40
"16959","6180橘子","110/07/13","凱基-台北",83,47,36
"16960","6180橘子","110/07/13","日盛-永康",0,26,-26
"16961","6180橘子","110/07/13","美林",39,5,34
"16962","6180橘子","110/07/13","永豐金-中正",0,24,-24
"16963","6180橘子","110/07/13","富邦-新竹華信",31,2,29
"16964","6180橘子","110/07/13","國泰-板橋",2,25,-23
"16965","6180橘子","110/07/13","統一-南京",21,0,21
"16966","6180橘子","110/07/13","日盛-大墩",0,20,-20
"16967","6180橘子","110/07/13","富邦-陽明",24,3,21
"16968","6180橘子","110/07/13","元大-草屯",13,32,-19
"16969","6180橘子","110/07/13","大昌-樹林",21,1,20
"16970","6180橘子","110/07/13","元富-林園",1,18,-17
"16971","6180橘子","110/07/13","花旗環球",19,0,19
"16972","6180橘子","110/07/13","新光-新竹",1,18,-17
"16973","6180橘子","110/07/13","華南永昌-台南",19,0,19
"16974","6180橘子","110/07/13","元大-土城永寧",0,17,-17
"16975","6180橘子","110/07/13","福勝",14,0,14
"16976","6180橘子","110/07/13","國泰-新莊",3,19,-16
"16977","6180橘子","110/07/13","富邦-嘉義",12,1,11
"16978","6180橘子","110/07/13","中國信託-永康",6,21,-15
"16979","6180橘子","110/07/13","元大-板橋三民",11,0,11
"16980","6180橘子","110/07/13","凱基-東港",1,15,-14
"16981","2390云辰","110/07/13","新加坡商瑞銀",562,75,487
"16982","2390云辰","110/07/13","大展-台南",0,532,-532
"16983","2390云辰","110/07/13","台灣摩根士丹利",330,155,175
"16984","2390云辰","110/07/13","凱基-台北",668,854,-186
"16985","2390云辰","110/07/13","兆豐-公益",126,25,101
"16986","2390云辰","110/07/13","凱基-三重",12,172,-160
"16987","2390云辰","110/07/13","元富-中港",100,2,98
"16988","2390云辰","110/07/13","兆豐-忠孝",4,161,-157
"16989","2390云辰","110/07/13","統一-新台中",106,9,97
"16990","2390云辰","110/07/13","元大-士林",19,170,-151
"16991","2390云辰","110/07/13","中國信託-松江",81,11,70
"16992","2390云辰","110/07/13","臺銀-新竹",14,117,-103
"16993","2390云辰","110/07/13","日盛-板橋",72,3,69
"16994","2390云辰","110/07/13","國票-台中",4,102,-98
"16995","2390云辰","110/07/13","日盛-和美",57,0,57
"16996","2390云辰","110/07/13","新光",147,232,-85
"16997","2390云辰","110/07/13","永豐金-桃園",88,36,52
"16998","2390云辰","110/07/13","致和-崇德",2,70,-68
"16999","2390云辰","110/07/13","玉山-士林",54,4,50
"17000","2390云辰","110/07/13","群益金鼎-屏東",2,70,-68
"17001","2390云辰","110/07/13","富邦-仁愛",56,6,50
"17002","2390云辰","110/07/13","元大-大里",35,98,-63
"17003","2390云辰","110/07/13","第一金-豐原",50,1,49
"17004","2390云辰","110/07/13","元大-萬華",35,94,-59
"17005","2390云辰","110/07/13","摩根大通",502,453,49
"17006","2390云辰","110/07/13","元富-吉利",2,60,-58
"17007","2390云辰","110/07/13","凱基-松山",61,13,48
"17008","2390云辰","110/07/13","兆豐-新竹",3,53,-50
"17009","2390云辰","110/07/13","大昌",64,22,42
"17010","2390云辰","110/07/13","富邦-嘉義",65,108,-43
"17011","2363矽統","110/07/13","凱基-南崁",2133,63,2070
"17012","2363矽統","110/07/13","凱基-幸福",36,4048,-4012
"17013","2363矽統","110/07/13","國泰-敦南",2195,1617,578
"17014","2363矽統","110/07/13","統一",192,3325,-3133
"17015","2363矽統","110/07/13","中農",670,139,531
"17016","2363矽統","110/07/13","新加坡商瑞銀",1000,2747,-1747
"17017","2363矽統","110/07/13","康和-台中",638,154,484
"17018","2363矽統","110/07/13","凱基-台北",5359,6609,-1250
"17019","2363矽統","110/07/13","群益金鼎-三民",577,137,440
"17020","2363矽統","110/07/13","摩根大通",1930,2858,-928
"17021","2363矽統","110/07/13","台新-屏東",510,88,422
"17022","2363矽統","110/07/13","港商野村",960,1679,-719
"17023","2363矽統","110/07/13","德信-中正",455,67,388
"17024","2363矽統","110/07/13","兆豐-復興",25,705,-680
"17025","2363矽統","110/07/13","日盛-竹北",365,70,295
"17026","2363矽統","110/07/13","統一-仁愛",114,755,-641
"17027","2363矽統","110/07/13","元大-佳里",452,189,263
"17028","2363矽統","110/07/13","統一-敦南",29,638,-609
"17029","2363矽統","110/07/13","國票-博愛",296,38,258
"17030","2363矽統","110/07/13","統一-土城",100,704,-604
"17031","2363矽統","110/07/13","元大-萬華",340,95,245
"17032","2363矽統","110/07/13","統一-城中",116,676,-560
"17033","2363矽統","110/07/13","新光",1259,1031,228
"17034","2363矽統","110/07/13","永豐金證券",306,859,-553
"17035","2363矽統","110/07/13","元富-成功",323,96,227
"17036","2363矽統","110/07/13","元富",54,567,-513
"17037","2363矽統","110/07/13","豐農",228,23,205
"17038","2363矽統","110/07/13","瑞士信貸",202,666,-464
"17039","2363矽統","110/07/13","台灣企銀-岡山",186,4,182
"17040","2363矽統","110/07/13","永豐金-嘉義",67,468,-401
"17041","8112至上","110/07/13","摩根大通",688,296,392
"17042","8112至上","110/07/13","國票-中和",0,401,-401
"17043","8112至上","110/07/13","港商野村",344,145,199
"17044","8112至上","110/07/13","永豐金-板盛",0,205,-205
"17045","8112至上","110/07/13","兆豐-公益",195,5,190
"17046","8112至上","110/07/13","凱基-五股",43,155,-112
"17047","8112至上","110/07/13","台灣摩根士丹利",183,0,183
"17048","8112至上","110/07/13","凱基-市政",0,100,-100
"17049","8112至上","110/07/13","群益金鼎-敦南",153,2,151
"17050","8112至上","110/07/13","元大-大里德芳",1,92,-91
"17051","8112至上","110/07/13","臺銀-金山",146,26,120
"17052","8112至上","110/07/13","玉山-桃園",26,110,-84
"17053","8112至上","110/07/13","臺銀",133,19,114
"17054","8112至上","110/07/13","兆豐-天母",0,81,-81
"17055","8112至上","110/07/13","合庫-台中",115,6,109
"17056","8112至上","110/07/13","凱基-城中",3,84,-81
"17057","8112至上","110/07/13","亞東-板橋",134,26,108
"17058","8112至上","110/07/13","日盛-新莊",9,85,-76
"17059","8112至上","110/07/13","凱基-台北",414,326,88
"17060","8112至上","110/07/13","日盛-台中",2,64,-62
"17061","8112至上","110/07/13","新加坡商瑞銀",181,100,81
"17062","8112至上","110/07/13","日盛-中壢",3,64,-61
"17063","8112至上","110/07/13","國泰-敦南",108,31,77
"17064","8112至上","110/07/13","元大-台中",2,59,-57
"17065","8112至上","110/07/13","第一金-華江",77,4,73
"17066","8112至上","110/07/13","元大-雙和",7,64,-57
"17067","8112至上","110/07/13","永豐金-內湖",73,1,72
"17068","8112至上","110/07/13","元大-高雄",8,62,-54
"17069","8112至上","110/07/13","元大-永和",68,1,67
"17070","8112至上","110/07/13","元大-館前",2,55,-53
"17071","4903聯光通","110/07/13","台灣企銀-太平",56,0,56
"17072","4903聯光通","110/07/13","土銀",0,32,-32
"17073","4903聯光通","110/07/13","元富-新興",23,0,23
"17074","4903聯光通","110/07/13","元大-樹林",0,19,-19
"17075","4903聯光通","110/07/13","日盛-樹林",22,0,22
"17076","4903聯光通","110/07/13","凱基-士林",0,17,-17
"17077","4903聯光通","110/07/13","兆豐-天母",20,0,20
"17078","4903聯光通","110/07/13","國票-博愛",0,14,-14
"17079","4903聯光通","110/07/13","華南永昌-桃園",20,0,20
"17080","4903聯光通","110/07/13","元富",0,10,-10
"17081","4903聯光通","110/07/13","富邦-新店",10,0,10
"17082","4903聯光通","110/07/13","新光",0,10,-10
"17083","4903聯光通","110/07/13","新光-台中",5,0,5
"17084","4903聯光通","110/07/13","玉山-南京東路",0,10,-10
"17085","4903聯光通","110/07/13","華南永昌-台中",5,0,5
"17086","4903聯光通","110/07/13","富邦-陽明",0,10,-10
"17087","4903聯光通","110/07/13","元大-崇德",5,0,5
"17088","4903聯光通","110/07/13","元大-大甲",0,8,-8
"17089","4903聯光通","110/07/13","元大-草屯",5,0,5
"17090","4903聯光通","110/07/13","富邦-台中",0,7,-7
"17091","4903聯光通","110/07/13","元富-草屯",4,0,4
"17092","4903聯光通","110/07/13","凱基-中壢",0,6,-6
"17093","4903聯光通","110/07/13","元大-清水",4,0,4
"17094","4903聯光通","110/07/13","臺銀-民權",0,5,-5
"17095","4903聯光通","110/07/13","元大-東泰",4,0,4
"17096","4903聯光通","110/07/13","日盛-板橋",0,5,-5
"17097","4903聯光通","110/07/13","元大-佳里",2,0,2
"17098","4903聯光通","110/07/13","中國信託-忠孝",0,5,-5
"17099","4903聯光通","110/07/13","永豐金-板橋",2,0,2
"17100","4903聯光通","110/07/13","永豐金-鳳山",0,5,-5
"17101","2929淘帝","110/07/13","玉山-新竹",130,0,130
"17102","2929淘帝","110/07/13","美商高盛",0,177,-177
"17103","2929淘帝","110/07/13","臺銀-民權",60,0,60
"17104","2929淘帝","110/07/13","凱基-台北",6,80,-74
"17105","2929淘帝","110/07/13","新百王",31,0,31
"17106","2929淘帝","110/07/13","元富-大裕",0,49,-49
"17107","2929淘帝","110/07/13","日盛-園區",30,0,30
"17108","2929淘帝","110/07/13","國泰-館前",3,51,-48
"17109","2929淘帝","110/07/13","元大-南投",31,1,30
"17110","2929淘帝","110/07/13","凱基-中壢",0,41,-41
"17111","2929淘帝","110/07/13","兆豐-忠孝",28,0,28
"17112","2929淘帝","110/07/13","港商野村",21,55,-34
"17113","2929淘帝","110/07/13","元大-民生",28,0,28
"17114","2929淘帝","110/07/13","華南永昌-南京",2,34,-32
"17115","2929淘帝","110/07/13","合庫-高雄",27,0,27
"17116","2929淘帝","110/07/13","群益金鼎-土城",0,30,-30
"17117","2929淘帝","110/07/13","凱基-豐中",27,0,27
"17118","2929淘帝","110/07/13","富邦-南屯",0,22,-22
"17119","2929淘帝","110/07/13","新光",21,4,17
"17120","2929淘帝","110/07/13","第一金-豐原",0,20,-20
"17121","2929淘帝","110/07/13","元大-天母",17,0,17
"17122","2929淘帝","110/07/13","元大-屏南",6,26,-20
"17123","2929淘帝","110/07/13","永興",14,0,14
"17124","2929淘帝","110/07/13","永豐金-敦南",1,21,-20
"17125","2929淘帝","110/07/13","富邦-台北",12,0,12
"17126","2929淘帝","110/07/13","凱基-三重",2,21,-19
"17127","2929淘帝","110/07/13","元大-永和",12,0,12
"17128","2929淘帝","110/07/13","富邦-仁愛",7,25,-18
"17129","2929淘帝","110/07/13","國票-天祥",11,0,11
"17130","2929淘帝","110/07/13","元大-北投",0,16,-16
"17131","5410國眾","110/07/13","兆豐-城中",274,0,274
"17132","5410國眾","110/07/13","元富-嘉義",0,103,-103
"17133","5410國眾","110/07/13","新光",50,4,46
"17134","5410國眾","110/07/13","凱基-台北",0,50,-50
"17135","5410國眾","110/07/13","國泰-台中",26,0,26
"17136","5410國眾","110/07/13","瑞士信貸",0,31,-31
"17137","5410國眾","110/07/13","新加坡商瑞銀",22,0,22
"17138","5410國眾","110/07/13","台新-新莊",0,27,-27
"17139","5410國眾","110/07/13","光和-嘉義",20,0,20
"17140","5410國眾","110/07/13","元大-汐止",0,20,-20
"17141","5410國眾","110/07/13","凱基-竹北",17,0,17
"17142","5410國眾","110/07/13","亞東-新竹",0,17,-17
"17143","5410國眾","110/07/13","新光-桃園",15,0,15
"17144","5410國眾","110/07/13","元大-南勢角",0,13,-13
"17145","5410國眾","110/07/13","凱基-台東",14,0,14
"17146","5410國眾","110/07/13","台新-台南",0,12,-12
"17147","5410國眾","110/07/13","富邦-竹北",11,0,11
"17148","5410國眾","110/07/13","中國信託",0,11,-11
"17149","5410國眾","110/07/13","元富-同大",10,0,10
"17150","5410國眾","110/07/13","華南永昌",0,11,-11
"17151","5410國眾","110/07/13","國泰-敦南",24,15,9
"17152","5410國眾","110/07/13","臺銀-臺南",0,10,-10
"17153","5410國眾","110/07/13","日盛-內湖",7,0,7
"17154","5410國眾","110/07/13","台灣企銀-民雄",0,10,-10
"17155","5410國眾","110/07/13","台新-左楠",7,0,7
"17156","5410國眾","110/07/13","高橋",0,10,-10
"17157","5410國眾","110/07/13","元大-新盛",18,12,6
"17158","5410國眾","110/07/13","康和-嘉義",0,10,-10
"17159","5410國眾","110/07/13","統一",5,0,5
"17160","5410國眾","110/07/13","凱基-基隆",0,10,-10
"17161","2841台開","110/07/13","中國信託-高雄",251,50,201
"17162","2841台開","110/07/13","兆豐-公益",0,177,-177
"17163","2841台開","110/07/13","日盛證券",210,13,197
"17164","2841台開","110/07/13","日進",0,152,-152
"17165","2841台開","110/07/13","第一金-台中",55,0,55
"17166","2841台開","110/07/13","港商野村",0,109,-109
"17167","2841台開","110/07/13","國泰-板橋",46,0,46
"17168","2841台開","110/07/13","日盛-信義",0,103,-103
"17169","2841台開","110/07/13","國泰-館前",48,3,45
"17170","2841台開","110/07/13","國泰-敦南",11,75,-64
"17171","2841台開","110/07/13","華南永昌-新莊",45,0,45
"17172","2841台開","110/07/13","永興",0,50,-50
"17173","2841台開","110/07/13","日盛-園區",42,0,42
"17174","2841台開","110/07/13","永豐金-敦南",61,104,-43
"17175","2841台開","110/07/13","台新證券",32,0,32
"17176","2841台開","110/07/13","富邦-台南",0,42,-42
"17177","2841台開","110/07/13","台新-高雄",32,2,30
"17178","2841台開","110/07/13","國票-安和",0,30,-30
"17179","2841台開","110/07/13","豐農",23,0,23
"17180","2841台開","110/07/13","元大-桃園",0,25,-25
"17181","2841台開","110/07/13","合庫-嘉義",20,0,20
"17182","2841台開","110/07/13","新光",8,32,-24
"17183","2841台開","110/07/13","華南永昌-高雄",20,0,20
"17184","2841台開","110/07/13","元大-仁愛",0,24,-24
"17185","2841台開","110/07/13","元大-樹林",16,0,16
"17186","2841台開","110/07/13","日盛-中和",0,20,-20
"17187","2841台開","110/07/13","第一金-華江",15,2,13
"17188","2841台開","110/07/13","元富",0,20,-20
"17189","2841台開","110/07/13","美商高盛",12,0,12
"17190","2841台開","110/07/13","富邦-宜蘭",0,20,-20
"17191","6207雷科","110/07/13","元大-高雄",121,0,121
"17192","6207雷科","110/07/13","華南永昌-朴子",1,60,-59
"17193","6207雷科","110/07/13","第一金-新興",20,0,20
"17194","6207雷科","110/07/13","元大-南海",0,36,-36
"17195","6207雷科","110/07/13","元富-三重",20,0,20
"17196","6207雷科","110/07/13","凱基-土城",0,35,-35
"17197","6207雷科","110/07/13","元大-林園",15,0,15
"17198","6207雷科","110/07/13","台灣企銀",0,20,-20
"17199","6207雷科","110/07/13","元大-金華",16,1,15
"17200","6207雷科","110/07/13","群益金鼎-丹鳳",0,20,-20
"17201","6207雷科","110/07/13","日盛證券",10,0,10
"17202","6207雷科","110/07/13","元大-博愛",0,17,-17
"17203","6207雷科","110/07/13","統一-台中",10,0,10
"17204","6207雷科","110/07/13","元大-北港",0,13,-13
"17205","6207雷科","110/07/13","群益金鼎-土城",10,0,10
"17206","6207雷科","110/07/13","新加坡商瑞銀",0,12,-12
"17207","6207雷科","110/07/13","群益金鼎-桃園",10,0,10
"17208","6207雷科","110/07/13","凱基-台北",4,16,-12
"17209","6207雷科","110/07/13","永豐金-新莊",10,0,10
"17210","6207雷科","110/07/13","日茂-埔里",0,11,-11
"17211","6207雷科","110/07/13","永豐金-新店",10,0,10
"17212","6207雷科","110/07/13","元大-莒光",0,11,-11
"17213","6207雷科","110/07/13","元大證券",9,0,9
"17214","6207雷科","110/07/13","統一-新竹",0,10,-10
"17215","6207雷科","110/07/13","日盛-木柵",9,1,8
"17216","6207雷科","110/07/13","元大-西螺",0,10,-10
"17217","6207雷科","110/07/13","兆豐-來福",8,0,8
"17218","6207雷科","110/07/13","康和-台中",0,8,-8
"17219","6207雷科","110/07/13","新光",7,0,7
"17220","6207雷科","110/07/13","兆豐-高雄",0,6,-6
"17221","3679新至陞","110/07/13","永豐金證券",50,0,50
"17222","3679新至陞","110/07/13","摩根大通",2,25,-23
"17223","3679新至陞","110/07/13","國泰-桃園",22,0,22
"17224","3679新至陞","110/07/13","元大-成功",0,22,-22
"17225","3679新至陞","110/07/13","台中銀-員林",11,0,11
"17226","3679新至陞","110/07/13","富邦-板橋",1,19,-18
"17227","3679新至陞","110/07/13","元大-文心興安",8,0,8
"17228","3679新至陞","110/07/13","日盛-新莊",0,10,-10
"17229","3679新至陞","110/07/13","美商高盛",6,0,6
"17230","3679新至陞","110/07/13","台新-台中",0,10,-10
"17231","3679新至陞","110/07/13","台新-高雄",6,0,6
"17232","3679新至陞","110/07/13","永豐金-新竹",0,8,-8
"17233","3679新至陞","110/07/13","凱基-台北",18,12,6
"17234","3679新至陞","110/07/13","瑞士信貸",12,19,-7
"17235","3679新至陞","110/07/13","日盛-復興",5,0,5
"17236","3679新至陞","110/07/13","統一-南京",0,7,-7
"17237","3679新至陞","110/07/13","(牛牛牛)亞-鑫豐",4,0,4
"17238","3679新至陞","110/07/13","凱基-新莊",0,7,-7
"17239","3679新至陞","110/07/13","元富-大昌",3,0,3
"17240","3679新至陞","110/07/13","新加坡商瑞銀",0,6,-6
"17241","3679新至陞","110/07/13","富邦-台北",3,0,3
"17242","3679新至陞","110/07/13","合庫-自強",0,5,-5
"17243","3679新至陞","110/07/13","日盛-樹林",2,0,2
"17244","3679新至陞","110/07/13","富邦-桃園",0,5,-5
"17245","3679新至陞","110/07/13","宏遠-光隆",2,0,2
"17246","3679新至陞","110/07/13","永豐金-潮州",0,4,-4
"17247","3679新至陞","110/07/13","美林",3,1,2
"17248","3679新至陞","110/07/13","臺銀-臺南",0,3,-3
"17249","3679新至陞","110/07/13","第一金-中壢",2,0,2
"17250","3679新至陞","110/07/13","元大-六合",0,3,-3
"17251","2727王品","110/07/13","富邦-台北",43,3,40
"17252","2727王品","110/07/13","台灣摩根士丹利",15,97,-82
"17253","2727王品","110/07/13","元大-基隆孝二",40,0,40
"17254","2727王品","110/07/13","玉山-台南",5,57,-52
"17255","2727王品","110/07/13","國票-新莊",40,1,39
"17256","2727王品","110/07/13","新加坡商瑞銀",0,48,-48
"17257","2727王品","110/07/13","第一金-豐原",66,42,24
"17258","2727王品","110/07/13","凱基-台北",41,77,-36
"17259","2727王品","110/07/13","永豐金-大園",34,10,24
"17260","2727王品","110/07/13","永豐金-永康",0,22,-22
"17261","2727王品","110/07/13","元大-北屯",22,0,22
"17262","2727王品","110/07/13","統一-台中",2,22,-20
"17263","2727王品","110/07/13","元大-東蘆",26,7,19
"17264","2727王品","110/07/13","國泰-台中",21,39,-18
"17265","2727王品","110/07/13","永豐金-萬盛",13,1,12
"17266","2727王品","110/07/13","合庫-彰化",3,20,-17
"17267","2727王品","110/07/13","日盛-嘉義",11,0,11
"17268","2727王品","110/07/13","港商野村",13,30,-17
"17269","2727王品","110/07/13","日盛-八德",11,0,11
"17270","2727王品","110/07/13","元大-楊梅",1,16,-15
"17271","2727王品","110/07/13","統一-竹南",11,0,11
"17272","2727王品","110/07/13","凱基-高美館",2,15,-13
"17273","2727王品","110/07/13","日盛-士林",12,2,10
"17274","2727王品","110/07/13","美商高盛",2,14,-12
"17275","2727王品","110/07/13","統一-敦南",10,0,10
"17276","2727王品","110/07/13","統一-平鎮",1,13,-12
"17277","2727王品","110/07/13","中國信託",15,5,10
"17278","2727王品","110/07/13","兆豐-台中港",4,16,-12
"17279","2727王品","110/07/13","兆豐-竹北",13,3,10
"17280","2727王品","110/07/13","凱基-八德",1,13,-12
"17281","1570力肯","110/07/13","新光",115,11,104
"17282","1570力肯","110/07/13","元大-北三重",0,162,-162
"17283","1570力肯","110/07/13","群益金鼎-高雄",54,0,54
"17284","1570力肯","110/07/13","元大-大灣",0,25,-25
"17285","1570力肯","110/07/13","國票-新莊",22,0,22
"17286","1570力肯","110/07/13","永豐金-苓雅",0,22,-22
"17287","1570力肯","110/07/13","日盛-桃園",12,0,12
"17288","1570力肯","110/07/13","永豐金-永康",0,19,-19
"17289","1570力肯","110/07/13","元大-高雄",12,0,12
"17290","1570力肯","110/07/13","富邦-員林",0,15,-15
"17291","1570力肯","110/07/13","合庫-自強",11,0,11
"17292","1570力肯","110/07/13","凱基-台南",0,11,-11
"17293","1570力肯","110/07/13","摩根大通",26,15,11
"17294","1570力肯","110/07/13","日盛-竹北",0,10,-10
"17295","1570力肯","110/07/13","永豐金-中盛",11,0,11
"17296","1570力肯","110/07/13","國票-九鼎",0,10,-10
"17297","1570力肯","110/07/13","兆豐-台中港",10,0,10
"17298","1570力肯","110/07/13","凱基-桃園",0,10,-10
"17299","1570力肯","110/07/13","國泰-松江",9,0,9
"17300","1570力肯","110/07/13","凱基-新豐",0,10,-10
"17301","1570力肯","110/07/13","元大-新盛",9,0,9
"17302","1570力肯","110/07/13","元大-學甲",0,10,-10
"17303","1570力肯","110/07/13","元富-緯城",6,0,6
"17304","1570力肯","110/07/13","群益金鼎-東湖",1,10,-9
"17305","1570力肯","110/07/13","統一-三重",5,0,5
"17306","1570力肯","110/07/13","大昌",0,6,-6
"17307","1570力肯","110/07/13","元大-前金",5,0,5
"17308","1570力肯","110/07/13","元大-土城學府",0,6,-6
"17309","1570力肯","110/07/13","永豐金證券",5,0,5
"17310","1570力肯","110/07/13","統一",0,5,-5
"17311","6180橘子","110/07/13","摩根大通",119,0,119
"17312","6180橘子","110/07/13","元大-崇德",2,61,-59
"17313","6180橘子","110/07/13","美商高盛",96,0,96
"17314","6180橘子","110/07/13","康和-台中",0,51,-51
"17315","6180橘子","110/07/13","新加坡商瑞銀",86,7,79
"17316","6180橘子","110/07/13","康和-台北",0,50,-50
"17317","6180橘子","110/07/13","元大-和平",40,0,40
"17318","6180橘子","110/07/13","元富-潮州",0,40,-40
"17319","6180橘子","110/07/13","凱基-台北",83,47,36
"17320","6180橘子","110/07/13","日盛-永康",0,26,-26
"17321","6180橘子","110/07/13","美林",39,5,34
"17322","6180橘子","110/07/13","永豐金-中正",0,24,-24
"17323","6180橘子","110/07/13","富邦-新竹華信",31,2,29
"17324","6180橘子","110/07/13","國泰-板橋",2,25,-23
"17325","6180橘子","110/07/13","統一-南京",21,0,21
"17326","6180橘子","110/07/13","日盛-大墩",0,20,-20
"17327","6180橘子","110/07/13","富邦-陽明",24,3,21
"17328","6180橘子","110/07/13","元大-草屯",13,32,-19
"17329","6180橘子","110/07/13","大昌-樹林",21,1,20
"17330","6180橘子","110/07/13","元富-林園",1,18,-17
"17331","6180橘子","110/07/13","花旗環球",19,0,19
"17332","6180橘子","110/07/13","新光-新竹",1,18,-17
"17333","6180橘子","110/07/13","華南永昌-台南",19,0,19
"17334","6180橘子","110/07/13","元大-土城永寧",0,17,-17
"17335","6180橘子","110/07/13","福勝",14,0,14
"17336","6180橘子","110/07/13","國泰-新莊",3,19,-16
"17337","6180橘子","110/07/13","富邦-嘉義",12,1,11
"17338","6180橘子","110/07/13","中國信託-永康",6,21,-15
"17339","6180橘子","110/07/13","元大-板橋三民",11,0,11
"17340","6180橘子","110/07/13","凱基-東港",1,15,-14
"17341","2390云辰","110/07/13","新加坡商瑞銀",562,75,487
"17342","2390云辰","110/07/13","大展-台南",0,532,-532
"17343","2390云辰","110/07/13","台灣摩根士丹利",330,155,175
"17344","2390云辰","110/07/13","凱基-台北",668,854,-186
"17345","2390云辰","110/07/13","兆豐-公益",126,25,101
"17346","2390云辰","110/07/13","凱基-三重",12,172,-160
"17347","2390云辰","110/07/13","元富-中港",100,2,98
"17348","2390云辰","110/07/13","兆豐-忠孝",4,161,-157
"17349","2390云辰","110/07/13","統一-新台中",106,9,97
"17350","2390云辰","110/07/13","元大-士林",19,170,-151
"17351","2390云辰","110/07/13","中國信託-松江",81,11,70
"17352","2390云辰","110/07/13","臺銀-新竹",14,117,-103
"17353","2390云辰","110/07/13","日盛-板橋",72,3,69
"17354","2390云辰","110/07/13","國票-台中",4,102,-98
"17355","2390云辰","110/07/13","日盛-和美",57,0,57
"17356","2390云辰","110/07/13","新光",147,232,-85
"17357","2390云辰","110/07/13","永豐金-桃園",88,36,52
"17358","2390云辰","110/07/13","致和-崇德",2,70,-68
"17359","2390云辰","110/07/13","玉山-士林",54,4,50
"17360","2390云辰","110/07/13","群益金鼎-屏東",2,70,-68
"17361","2390云辰","110/07/13","富邦-仁愛",56,6,50
"17362","2390云辰","110/07/13","元大-大里",35,98,-63
"17363","2390云辰","110/07/13","第一金-豐原",50,1,49
"17364","2390云辰","110/07/13","元大-萬華",35,94,-59
"17365","2390云辰","110/07/13","摩根大通",502,453,49
"17366","2390云辰","110/07/13","元富-吉利",2,60,-58
"17367","2390云辰","110/07/13","凱基-松山",61,13,48
"17368","2390云辰","110/07/13","兆豐-新竹",3,53,-50
"17369","2390云辰","110/07/13","大昌",64,22,42
"17370","2390云辰","110/07/13","富邦-嘉義",65,108,-43
"17371","2363矽統","110/07/12","凱基-幸福",4046,31,4015
"17372","2363矽統","110/07/12","台新證券",478,2105,-1627
"17373","2363矽統","110/07/12","統一",3504,120,3384
"17374","2363矽統","110/07/12","第一金-忠孝",4,1068,-1064
"17375","2363矽統","110/07/12","摩根大通",3006,2149,857
"17376","2363矽統","110/07/12","台新-台中",381,1003,-622
"17377","2363矽統","110/07/12","永豐金證券",1428,610,818
"17378","2363矽統","110/07/12","新光",1295,1822,-527
"17379","2363矽統","110/07/12","兆豐-復興",1936,1233,703
"17380","2363矽統","110/07/12","大昌-樹林",54,537,-483
"17381","2363矽統","110/07/12","台灣摩根士丹利",701,0,701
"17382","2363矽統","110/07/12","華南永昌-台中",90,549,-459
"17383","2363矽統","110/07/12","永豐金-南投",803,145,658
"17384","2363矽統","110/07/12","玉山-高雄",167,612,-445
"17385","2363矽統","110/07/12","統一-仁愛",1214,586,628
"17386","2363矽統","110/07/12","元富-同大",201,540,-339
"17387","2363矽統","110/07/12","統一-土城",688,75,613
"17388","2363矽統","110/07/12","華南永昌-東勢",31,367,-336
"17389","2363矽統","110/07/12","統一-城中",711,131,580
"17390","2363矽統","110/07/12","土銀-花蓮",9,333,-324
"17391","2363矽統","110/07/12","統一-敦南",632,54,578
"17392","2363矽統","110/07/12","凱基-豐中",120,434,-314
"17393","2363矽統","110/07/12","新加坡商瑞銀",1232,731,501
"17394","2363矽統","110/07/12","永豐金-竹科",54,323,-269
"17395","2363矽統","110/07/12","元富",2640,2142,498
"17396","2363矽統","110/07/12","元大-斗六",53,300,-247
"17397","2363矽統","110/07/12","凱基-永和",460,31,429
"17398","2363矽統","110/07/12","華南永昌-朴子",47,278,-231
"17399","2363矽統","110/07/12","第一金",380,22,358
"17400","2363矽統","110/07/12","永豐金-彰化",22,228,-206
"17401","8112至上","110/07/12","摩根大通",1167,290,877
"17402","8112至上","110/07/12","群益金鼎-新莊",1,156,-155
"17403","8112至上","110/07/12","凱基-台北",983,546,437
"17404","8112至上","110/07/12","國票-中港",0,131,-131
"17405","8112至上","110/07/12","新加坡商瑞銀",429,12,417
"17406","8112至上","110/07/12","元大證券",10,136,-126
"17407","8112至上","110/07/12","元大-屏南",360,2,358
"17408","8112至上","110/07/12","元大-中壢",11,135,-124
"17409","8112至上","110/07/12","美林",323,15,308
"17410","8112至上","110/07/12","合庫-基隆",0,122,-122
"17411","8112至上","110/07/12","台灣摩根士丹利",299,0,299
"17412","8112至上","110/07/12","群益金鼎-高盛",4,103,-99
"17413","8112至上","110/07/12","港商野村",267,28,239
"17414","8112至上","110/07/12","新光",110,202,-92
"17415","8112至上","110/07/12","大慶",165,3,162
"17416","8112至上","110/07/12","元大-府城",2,94,-92
"17417","8112至上","110/07/12","永豐金-台南",170,29,141
"17418","8112至上","110/07/12","富邦-板橋",5,92,-87
"17419","8112至上","110/07/12","華南永昌-長虹",128,2,126
"17420","8112至上","110/07/12","元大-土城",8,89,-81
"17421","8112至上","110/07/12","富邦-仁愛",157,51,106
"17422","8112至上","110/07/12","日盛-頭份",40,117,-77
"17423","8112至上","110/07/12","瑞士信貸",104,0,104
"17424","8112至上","110/07/12","玉山-嘉義",3,80,-77
"17425","8112至上","110/07/12","凱基-站前",100,11,89
"17426","8112至上","110/07/12","永豐金-松山",4,79,-75
"17427","8112至上","110/07/12","富邦-北港",90,3,87
"17428","8112至上","110/07/12","元大-敦南",3,75,-72
"17429","8112至上","110/07/12","元大-北港",101,20,81
"17430","8112至上","110/07/12","元富-大裕",6,77,-71
"17431","4903聯光通","110/07/12","台灣企銀-太平",19,0,19
"17432","4903聯光通","110/07/12","玉山-南京東路",0,16,-16
"17433","4903聯光通","110/07/12","統一-土城",17,0,17
"17434","4903聯光通","110/07/12","新光",0,14,-14
"17435","4903聯光通","110/07/12","國票-博愛",14,0,14
"17436","4903聯光通","110/07/12","兆豐-彰化",0,10,-10
"17437","4903聯光通","110/07/12","新光-台中",15,2,13
"17438","4903聯光通","110/07/12","國票",0,10,-10
"17439","4903聯光通","110/07/12","元大-彰化",11,0,11
"17440","4903聯光通","110/07/12","富邦-敦南",0,10,-10
"17441","4903聯光通","110/07/12","華南永昌-林口",10,0,10
"17442","4903聯光通","110/07/12","元大-前金",0,9,-9
"17443","4903聯光通","110/07/12","永豐金-南投",9,0,9
"17444","4903聯光通","110/07/12","日盛-頭份",0,8,-8
"17445","4903聯光通","110/07/12","元大-清水",8,0,8
"17446","4903聯光通","110/07/12","元大-太平",0,8,-8
"17447","4903聯光通","110/07/12","元大-博愛",8,0,8
"17448","4903聯光通","110/07/12","兆豐-埔墘",0,7,-7
"17449","4903聯光通","110/07/12","玉山-新莊",5,0,5
"17450","4903聯光通","110/07/12","臺銀-民權",0,5,-5
"17451","4903聯光通","110/07/12","凱基-士林",10,5,5
"17452","4903聯光通","110/07/12","富邦-板橋",0,5,-5
"17453","4903聯光通","110/07/12","元大-斗六",4,0,4
"17454","4903聯光通","110/07/12","元大-土城永寧",0,5,-5
"17455","4903聯光通","110/07/12","永豐金-羅東",4,0,4
"17456","4903聯光通","110/07/12","台新證券",0,4,-4
"17457","4903聯光通","110/07/12","日盛-樹林",3,0,3
"17458","4903聯光通","110/07/12","凱基-中壢",0,4,-4
"17459","4903聯光通","110/07/12","華南永昌-鶯歌",2,0,2
"17460","4903聯光通","110/07/12","元大-羅東",0,4,-4
"17461","2929淘帝","110/07/12","新光-台中",95,36,59
"17462","2929淘帝","110/07/12","華南永昌-林口",7,208,-201
"17463","2929淘帝","110/07/12","富邦-板橋",62,5,57
"17464","2929淘帝","110/07/12","富邦-台北",6,200,-194
"17465","2929淘帝","110/07/12","合庫-高雄",56,6,50
"17466","2929淘帝","110/07/12","元富-大裕",11,200,-189
"17467","2929淘帝","110/07/12","永興",41,0,41
"17468","2929淘帝","110/07/12","台中銀-台北",0,160,-160
"17469","2929淘帝","110/07/12","兆豐-忠孝",58,18,40
"17470","2929淘帝","110/07/12","日盛-園區",1,111,-110
"17471","2929淘帝","110/07/12","新光-高雄",39,3,36
"17472","2929淘帝","110/07/12","日盛-八德",0,88,-88
"17473","2929淘帝","110/07/12","凱基-豐中",36,0,36
"17474","2929淘帝","110/07/12","玉山-新竹",32,110,-78
"17475","2929淘帝","110/07/12","元大-民生",35,0,35
"17476","2929淘帝","110/07/12","元大-前金",0,72,-72
"17477","2929淘帝","110/07/12","臺銀-臺南",32,1,31
"17478","2929淘帝","110/07/12","元大-館前",12,83,-71
"17479","2929淘帝","110/07/12","台新證券",44,13,31
"17480","2929淘帝","110/07/12","華南永昌",1,57,-56
"17481","2929淘帝","110/07/12","新百王",30,0,30
"17482","2929淘帝","110/07/12","元大-南崁",4,59,-55
"17483","2929淘帝","110/07/12","群益金鼎-大興",30,0,30
"17484","2929淘帝","110/07/12","元大-嘉義",0,51,-51
"17485","2929淘帝","110/07/12","凱基-台北",32,5,27
"17486","2929淘帝","110/07/12","日茂",1,50,-49
"17487","2929淘帝","110/07/12","元富-城東",26,0,26
"17488","2929淘帝","110/07/12","新光",35,83,-48
"17489","2929淘帝","110/07/12","國泰-松江",26,0,26
"17490","2929淘帝","110/07/12","日盛-新竹",1,48,-47
"17491","5410國眾","110/07/12","群益金鼎-中壢",68,0,68
"17492","5410國眾","110/07/12","摩根大通",6,67,-61
"17493","5410國眾","110/07/12","凱基-市政",40,0,40
"17494","5410國眾","110/07/12","元富-嘉義",0,60,-60
"17495","5410國眾","110/07/12","凱基-竹北",38,0,38
"17496","5410國眾","110/07/12","凱基-台北",0,51,-51
"17497","5410國眾","110/07/12","華南永昌-三重",30,0,30
"17498","5410國眾","110/07/12","元富-大裕",0,33,-33
"17499","5410國眾","110/07/12","永興",20,0,20
"17500","5410國眾","110/07/12","日盛-木柵",0,15,-15
"17501","5410國眾","110/07/12","統一-新台中",20,0,20
"17502","5410國眾","110/07/12","群益金鼎-民權",0,15,-15
"17503","5410國眾","110/07/12","兆豐-三重",20,0,20
"17504","5410國眾","110/07/12","元富-緯城",0,14,-14
"17505","5410國眾","110/07/12","富邦-台中",20,0,20
"17506","5410國眾","110/07/12","元大-大同",0,12,-12
"17507","5410國眾","110/07/12","臺銀",15,0,15
"17508","5410國眾","110/07/12","元大-莒光",0,10,-10
"17509","5410國眾","110/07/12","新光-桃園",20,6,14
"17510","5410國眾","110/07/12","元大-博愛",0,10,-10
"17511","5410國眾","110/07/12","元大-員林",12,0,12
"17512","5410國眾","110/07/12","日盛-永康",0,8,-8
"17513","5410國眾","110/07/12","日盛-員林",10,0,10
"17514","5410國眾","110/07/12","元大-四維",5,13,-8
"17515","5410國眾","110/07/12","元大-新盛",10,0,10
"17516","5410國眾","110/07/12","新加坡商瑞銀",0,7,-7
"17517","5410國眾","110/07/12","永豐金-台南",10,0,10
"17518","5410國眾","110/07/12","致和-金華",0,7,-7
"17519","5410國眾","110/07/12","元富-新莊",8,0,8
"17520","5410國眾","110/07/12","新光-新竹",0,7,-7
"17521","2841台開","110/07/12","永豐金-敦南",139,26,113
"17522","2841台開","110/07/12","華南永昌-朴子",0,528,-528
"17523","2841台開","110/07/12","日盛-雙和",68,0,68
"17524","2841台開","110/07/12","元大-苑裡",2,50,-48
"17525","2841台開","110/07/12","台新證券",62,4,58
"17526","2841台開","110/07/12","群益金鼎-東湖",0,40,-40
"17527","2841台開","110/07/12","凱基-文心",50,0,50
"17528","2841台開","110/07/12","第一金-員林",0,30,-30
"17529","2841台開","110/07/12","第一金-台中",45,0,45
"17530","2841台開","110/07/12","德信-中正",0,20,-20
"17531","2841台開","110/07/12","富邦-嘉義",40,0,40
"17532","2841台開","110/07/12","兆豐-嘉義",0,20,-20
"17533","2841台開","110/07/12","日盛-木柵",30,0,30
"17534","2841台開","110/07/12","彰銀-七賢",0,15,-15
"17535","2841台開","110/07/12","中國信託-文心",31,3,28
"17536","2841台開","110/07/12","元大-承德",0,14,-14
"17537","2841台開","110/07/12","元大-福營",30,7,23
"17538","2841台開","110/07/12","元富",0,12,-12
"17539","2841台開","110/07/12","台中銀",20,0,20
"17540","2841台開","110/07/12","富邦-陽明",0,11,-11
"17541","2841台開","110/07/12","國泰-板橋",20,0,20
"17542","2841台開","110/07/12","元大證券",0,11,-11
"17543","2841台開","110/07/12","元大-前金",20,0,20
"17544","2841台開","110/07/12","元大-大甲",0,10,-10
"17545","2841台開","110/07/12","中國信託-高雄",16,1,15
"17546","2841台開","110/07/12","日盛-新竹",0,8,-8
"17547","2841台開","110/07/12","陽信-石牌",15,0,15
"17548","2841台開","110/07/12","元富-城東",0,8,-8
"17549","2841台開","110/07/12","永豐金-南投",15,0,15
"17550","2841台開","110/07/12","玉山-台南",2,10,-8
"17551","6207雷科","110/07/12","元大-高雄",34,0,34
"17552","6207雷科","110/07/12","永豐金-三重",1,32,-31
"17553","6207雷科","110/07/12","華南永昌-林口",16,1,15
"17554","6207雷科","110/07/12","永全-八德",0,30,-30
"17555","6207雷科","110/07/12","摩根大通",19,6,13
"17556","6207雷科","110/07/12","國泰-台中",0,14,-14
"17557","6207雷科","110/07/12","元富-埔里",10,0,10
"17558","6207雷科","110/07/12","第一金-澎湖",0,10,-10
"17559","6207雷科","110/07/12","凱基-台南",10,0,10
"17560","6207雷科","110/07/12","元富-林園",0,10,-10
"17561","6207雷科","110/07/12","新加坡商瑞銀",9,0,9
"17562","6207雷科","110/07/12","元大-東門",0,10,-10
"17563","6207雷科","110/07/12","瑞士信貸",8,0,8
"17564","6207雷科","110/07/12","兆豐-嘉義",0,4,-4
"17565","6207雷科","110/07/12","中國信託-高雄",9,1,8
"17566","6207雷科","110/07/12","新光",0,4,-4
"17567","6207雷科","110/07/12","凱基-高雄",6,0,6
"17568","6207雷科","110/07/12","新光-台中",0,4,-4
"17569","6207雷科","110/07/12","元大-六合",6,0,6
"17570","6207雷科","110/07/12","群益金鼎-開元",0,4,-4
"17571","6207雷科","110/07/12","永豐金-信義",6,0,6
"17572","6207雷科","110/07/12","凱基-桃園",0,4,-4
"17573","6207雷科","110/07/12","群益金鼎-土城",5,0,5
"17574","6207雷科","110/07/12","凱基-民權",0,4,-4
"17575","6207雷科","110/07/12","群益金鼎-竹南",5,0,5
"17576","6207雷科","110/07/12","玉山-新莊",0,3,-3
"17577","6207雷科","110/07/12","元大-大灣",5,1,4
"17578","6207雷科","110/07/12","國泰-松江",0,3,-3
"17579","6207雷科","110/07/12","永興",3,0,3
"17580","6207雷科","110/07/12","富邦-羅東",0,3,-3
"17581","3679新至陞","110/07/12","富邦-新竹華信",40,2,38
"17582","3679新至陞","110/07/12","瑞士信貸",0,45,-45
"17583","3679新至陞","110/07/12","台中銀-員林",28,2,26
"17584","3679新至陞","110/07/12","永豐金-天母",0,39,-39
"17585","3679新至陞","110/07/12","聯邦-大業",24,0,24
"17586","3679新至陞","110/07/12","摩根大通",7,35,-28
"17587","3679新至陞","110/07/12","永豐金證券",20,0,20
"17588","3679新至陞","110/07/12","凱基-台北",8,36,-28
"17589","3679新至陞","110/07/12","港商法國興業",14,0,14
"17590","3679新至陞","110/07/12","華南永昌-小港",1,23,-22
"17591","3679新至陞","110/07/12","日盛-樹林",13,1,12
"17592","3679新至陞","110/07/12","台新-台中",0,15,-15
"17593","3679新至陞","110/07/12","國泰-桃園",9,0,9
"17594","3679新至陞","110/07/12","統一-台中",0,12,-12
"17595","3679新至陞","110/07/12","宏遠-館前",8,0,8
"17596","3679新至陞","110/07/12","元大-成功",1,12,-11
"17597","3679新至陞","110/07/12","凱基",10,2,8
"17598","3679新至陞","110/07/12","康和-澎湖",0,8,-8
"17599","3679新至陞","110/07/12","(牛牛牛)亞-網路",7,0,7
"17600","3679新至陞","110/07/12","新加坡商瑞銀",0,7,-7
"17601","3679新至陞","110/07/12","兆豐-員林",7,0,7
"17602","3679新至陞","110/07/12","兆豐-來福",0,7,-7
"17603","3679新至陞","110/07/12","大慶-蘆洲",5,0,5
"17604","3679新至陞","110/07/12","元大-佳里",0,6,-6
"17605","3679新至陞","110/07/12","土銀-花蓮",4,0,4
"17606","3679新至陞","110/07/12","美商高盛",0,5,-5
"17607","3679新至陞","110/07/12","台新-高雄",5,1,4
"17608","3679新至陞","110/07/12","國票-新莊",0,5,-5
"17609","3679新至陞","110/07/12","元大-天母",4,0,4
"17610","3679新至陞","110/07/12","台新-屏東",0,5,-5
"17611","2727王品","110/07/12","凱基-台北",354,198,156
"17612","2727王品","110/07/12","台灣摩根士丹利",5,386,-381
"17613","2727王品","110/07/12","統一-城中",159,22,137
"17614","2727王品","110/07/12","元大-嘉義",4,60,-56
"17615","2727王品","110/07/12","日盛-忠孝",60,0,60
"17616","2727王品","110/07/12","元大-大同",2,44,-42
"17617","2727王品","110/07/12","永豐金-忠孝",45,5,40
"17618","2727王品","110/07/12","國泰-台中",32,73,-41
"17619","2727王品","110/07/12","合庫-新竹",31,0,31
"17620","2727王品","110/07/12","元大證券",127,163,-36
"17621","2727王品","110/07/12","富邦-台中",31,3,28
"17622","2727王品","110/07/12","凱基",1,33,-32
"17623","2727王品","110/07/12","元大-桃園",35,10,25
"17624","2727王品","110/07/12","永全-南崁",1,31,-30
"17625","2727王品","110/07/12","新加坡商瑞銀",28,4,24
"17626","2727王品","110/07/12","凱基-和平",2,32,-30
"17627","2727王品","110/07/12","群益金鼎-古亭",25,2,23
"17628","2727王品","110/07/12","永豐金-大園",8,38,-30
"17629","2727王品","110/07/12","元大-龍潭",29,7,22
"17630","2727王品","110/07/12","瑞士信貸",0,28,-28
"17631","2727王品","110/07/12","永豐金-永康",25,3,22
"17632","2727王品","110/07/12","元富",17,44,-27
"17633","2727王品","110/07/12","富邦-竹北",24,3,21
"17634","2727王品","110/07/12","元大-北屯",5,32,-27
"17635","2727王品","110/07/12","群益金鼎-松山",20,0,20
"17636","2727王品","110/07/12","華南永昌",3,28,-25
"17637","2727王品","110/07/12","元大-八德",20,0,20
"17638","2727王品","110/07/12","統一-竹南",1,23,-22
"17639","2727王品","110/07/12","元大-南京",25,6,19
"17640","2727王品","110/07/12","永豐金證券",4,26,-22
"17641","1570力肯","110/07/12","國票-北高雄",40,0,40
"17642","1570力肯","110/07/12","日盛-竹北",0,40,-40
"17643","1570力肯","110/07/12","摩根大通",16,0,16
"17644","1570力肯","110/07/12","第一金-華江",1,38,-37
"17645","1570力肯","110/07/12","新光",31,19,12
"17646","1570力肯","110/07/12","元大-永春",0,26,-26
"17647","1570力肯","110/07/12","元大-台中中港",12,0,12
"17648","1570力肯","110/07/12","元大-古亭",1,20,-19
"17649","1570力肯","110/07/12","日盛-高雄",10,0,10
"17650","1570力肯","110/07/12","國泰-松江",0,16,-16
"17651","1570力肯","110/07/12","第一金-路竹",10,0,10
"17652","1570力肯","110/07/12","台新-台南",0,15,-15
"17653","1570力肯","110/07/12","台新-新莊",10,0,10
"17654","1570力肯","110/07/12","康和-石牌",0,15,-15
"17655","1570力肯","110/07/12","元大-新盛",9,0,9
"17656","1570力肯","110/07/12","國泰-板橋",0,11,-11
"17657","1570力肯","110/07/12","凱基-台北",8,0,8
"17658","1570力肯","110/07/12","元大-高雄",0,11,-11
"17659","1570力肯","110/07/12","彰銀-七賢",6,0,6
"17660","1570力肯","110/07/12","兆豐-桃園",0,10,-10
"17661","1570力肯","110/07/12","元富-緯城",6,0,6
"17662","1570力肯","110/07/12","元大-大益",0,10,-10
"17663","1570力肯","110/07/12","華南永昌-古亭",6,0,6
"17664","1570力肯","110/07/12","中國信託-文心",0,5,-5
"17665","1570力肯","110/07/12","富邦-陽明",6,0,6
"17666","1570力肯","110/07/12","光和",0,5,-5
"17667","1570力肯","110/07/12","臺銀-臺南",5,0,5
"17668","1570力肯","110/07/12","陽信-石牌",0,5,-5
"17669","1570力肯","110/07/12","宏遠-館前",5,0,5
"17670","1570力肯","110/07/12","國泰-高雄",0,5,-5
"17671","6180橘子","110/07/12","康和-台中",32,2,30
"17672","6180橘子","110/07/12","新百王",1,40,-39
"17673","6180橘子","110/07/12","美林",32,3,29
"17674","6180橘子","110/07/12","富邦-陽明",4,42,-38
"17675","6180橘子","110/07/12","元大-羅東",21,0,21
"17676","6180橘子","110/07/12","新光",3,32,-29
"17677","6180橘子","110/07/12","兆豐-埔墘",16,0,16
"17678","6180橘子","110/07/12","日盛-文化",4,20,-16
"17679","6180橘子","110/07/12","元大-雙和",12,0,12
"17680","6180橘子","110/07/12","華南永昌-鶯歌",0,15,-15
"17681","6180橘子","110/07/12","美商高盛",18,7,11
"17682","6180橘子","110/07/12","中國信託-忠孝",7,20,-13
"17683","6180橘子","110/07/12","台新證券",14,3,11
"17684","6180橘子","110/07/12","凱基-台北",5,17,-12
"17685","6180橘子","110/07/12","元大-中壢",12,1,11
"17686","6180橘子","110/07/12","凱基-高雄",0,11,-11
"17687","6180橘子","110/07/12","統一-南京",10,0,10
"17688","6180橘子","110/07/12","凱基-大安",0,10,-10
"17689","6180橘子","110/07/12","致和-崇德",10,0,10
"17690","6180橘子","110/07/12","元大-北屯",0,10,-10
"17691","6180橘子","110/07/12","玉山-板橋",10,0,10
"17692","6180橘子","110/07/12","元大-南京",0,9,-9
"17693","6180橘子","110/07/12","富邦-仁愛",10,0,10
"17694","6180橘子","110/07/12","元大-台南",1,10,-9
"17695","6180橘子","110/07/12","摩根大通",10,1,9
"17696","6180橘子","110/07/12","康和-澎湖",0,8,-8
"17697","6180橘子","110/07/12","元富-林園",8,0,8
"17698","6180橘子","110/07/12","第一金-台中",0,7,-7
"17699","6180橘子","110/07/12","大慶-富順",7,0,7
"17700","6180橘子","110/07/12","台新-台南",1,8,-7
"17701","2390云辰","110/07/12","統一-新台中",170,0,170
"17702","2390云辰","110/07/12","元大-天母",2,450,-448
"17703","2390云辰","110/07/12","華南永昌-麻豆",137,2,135
"17704","2390云辰","110/07/12","國泰-忠孝",1,143,-142
"17705","2390云辰","110/07/12","元富-成功",103,14,89
"17706","2390云辰","110/07/12","摩根大通",377,512,-135
"17707","2390云辰","110/07/12","元大-土城學府",146,69,77
"17708","2390云辰","110/07/12","台灣摩根士丹利",0,91,-91
"17709","2390云辰","110/07/12","永豐金-永康",76,4,72
"17710","2390云辰","110/07/12","美林",84,146,-62
"17711","2390云辰","110/07/12","台中銀",73,2,71
"17712","2390云辰","110/07/12","華南永昌-嘉義",2,61,-59
"17713","2390云辰","110/07/12","大昌",63,3,60
"17714","2390云辰","110/07/12","永豐金-羅東",0,49,-49
"17715","2390云辰","110/07/12","合庫-三重",50,0,50
"17716","2390云辰","110/07/12","玉山-台中",6,53,-47
"17717","2390云辰","110/07/12","元富-高雄",93,50,43
"17718","2390云辰","110/07/12","玉山-新莊",2,48,-46
"17719","2390云辰","110/07/12","元大-館前",40,4,36
"17720","2390云辰","110/07/12","元大-大里",7,52,-45
"17721","2390云辰","110/07/12","港商野村",143,109,34
"17722","2390云辰","110/07/12","元大-內湖",3,48,-45
"17723","2390云辰","110/07/12","元大-雙和",34,0,34
"17724","2390云辰","110/07/12","永豐金-市政",1,42,-41
"17725","2390云辰","110/07/12","群益金鼎-民權",33,2,31
"17726","2390云辰","110/07/12","元大-學甲",1,41,-40
"17727","2390云辰","110/07/12","日盛-八德",40,10,30
"17728","2390云辰","110/07/12","兆豐-高雄",2,41,-39
"17729","2390云辰","110/07/12","國票-嘉義",30,0,30
"17730","2390云辰","110/07/12","新加坡商瑞銀",21,59,-38
"17731","4903聯光通","110/07/12","台灣企銀-太平",19,0,19
"17732","4903聯光通","110/07/12","玉山-南京東路",0,16,-16
"17733","4903聯光通","110/07/12","統一-土城",17,0,17
"17734","4903聯光通","110/07/12","新光",0,14,-14
"17735","4903聯光通","110/07/12","國票-博愛",14,0,14
"17736","4903聯光通","110/07/12","兆豐-彰化",0,10,-10
"17737","4903聯光通","110/07/12","新光-台中",15,2,13
"17738","4903聯光通","110/07/12","國票",0,10,-10
"17739","4903聯光通","110/07/12","元大-彰化",11,0,11
"17740","4903聯光通","110/07/12","富邦-敦南",0,10,-10
"17741","4903聯光通","110/07/12","華南永昌-林口",10,0,10
"17742","4903聯光通","110/07/12","元大-前金",0,9,-9
"17743","4903聯光通","110/07/12","永豐金-南投",9,0,9
"17744","4903聯光通","110/07/12","日盛-頭份",0,8,-8
"17745","4903聯光通","110/07/12","元大-清水",8,0,8
"17746","4903聯光通","110/07/12","元大-太平",0,8,-8
"17747","4903聯光通","110/07/12","元大-博愛",8,0,8
"17748","4903聯光通","110/07/12","兆豐-埔墘",0,7,-7
"17749","4903聯光通","110/07/12","玉山-新莊",5,0,5
"17750","4903聯光通","110/07/12","臺銀-民權",0,5,-5
"17751","4903聯光通","110/07/12","凱基-士林",10,5,5
"17752","4903聯光通","110/07/12","富邦-板橋",0,5,-5
"17753","4903聯光通","110/07/12","元大-斗六",4,0,4
"17754","4903聯光通","110/07/12","元大-土城永寧",0,5,-5
"17755","4903聯光通","110/07/12","永豐金-羅東",4,0,4
"17756","4903聯光通","110/07/12","台新證券",0,4,-4
"17757","4903聯光通","110/07/12","日盛-樹林",3,0,3
"17758","4903聯光通","110/07/12","凱基-中壢",0,4,-4
"17759","4903聯光通","110/07/12","華南永昌-鶯歌",2,0,2
"17760","4903聯光通","110/07/12","元大-羅東",0,4,-4
"17761","2929淘帝","110/07/12","新光-台中",95,36,59
"17762","2929淘帝","110/07/12","華南永昌-林口",7,208,-201
"17763","2929淘帝","110/07/12","富邦-板橋",62,5,57
"17764","2929淘帝","110/07/12","富邦-台北",6,200,-194
"17765","2929淘帝","110/07/12","合庫-高雄",56,6,50
"17766","2929淘帝","110/07/12","元富-大裕",11,200,-189
"17767","2929淘帝","110/07/12","永興",41,0,41
"17768","2929淘帝","110/07/12","台中銀-台北",0,160,-160
"17769","2929淘帝","110/07/12","兆豐-忠孝",58,18,40
"17770","2929淘帝","110/07/12","日盛-園區",1,111,-110
"17771","2929淘帝","110/07/12","新光-高雄",39,3,36
"17772","2929淘帝","110/07/12","日盛-八德",0,88,-88
"17773","2929淘帝","110/07/12","凱基-豐中",36,0,36
"17774","2929淘帝","110/07/12","玉山-新竹",32,110,-78
"17775","2929淘帝","110/07/12","元大-民生",35,0,35
"17776","2929淘帝","110/07/12","元大-前金",0,72,-72
"17777","2929淘帝","110/07/12","臺銀-臺南",32,1,31
"17778","2929淘帝","110/07/12","元大-館前",12,83,-71
"17779","2929淘帝","110/07/12","台新證券",44,13,31
"17780","2929淘帝","110/07/12","華南永昌",1,57,-56
"17781","2929淘帝","110/07/12","新百王",30,0,30
"17782","2929淘帝","110/07/12","元大-南崁",4,59,-55
"17783","2929淘帝","110/07/12","群益金鼎-大興",30,0,30
"17784","2929淘帝","110/07/12","元大-嘉義",0,51,-51
"17785","2929淘帝","110/07/12","凱基-台北",32,5,27
"17786","2929淘帝","110/07/12","日茂",1,50,-49
"17787","2929淘帝","110/07/12","元富-城東",26,0,26
"17788","2929淘帝","110/07/12","新光",35,83,-48
"17789","2929淘帝","110/07/12","國泰-松江",26,0,26
"17790","2929淘帝","110/07/12","日盛-新竹",1,48,-47
"17791","5410國眾","110/07/12","群益金鼎-中壢",68,0,68
"17792","5410國眾","110/07/12","摩根大通",6,67,-61
"17793","5410國眾","110/07/12","凱基-市政",40,0,40
"17794","5410國眾","110/07/12","元富-嘉義",0,60,-60
"17795","5410國眾","110/07/12","凱基-竹北",38,0,38
"17796","5410國眾","110/07/12","凱基-台北",0,51,-51
"17797","5410國眾","110/07/12","華南永昌-三重",30,0,30
"17798","5410國眾","110/07/12","元富-大裕",0,33,-33
"17799","5410國眾","110/07/12","永興",20,0,20
"17800","5410國眾","110/07/12","日盛-木柵",0,15,-15
"17801","5410國眾","110/07/12","統一-新台中",20,0,20
"17802","5410國眾","110/07/12","群益金鼎-民權",0,15,-15
"17803","5410國眾","110/07/12","兆豐-三重",20,0,20
"17804","5410國眾","110/07/12","元富-緯城",0,14,-14
"17805","5410國眾","110/07/12","富邦-台中",20,0,20
"17806","5410國眾","110/07/12","元大-大同",0,12,-12
"17807","5410國眾","110/07/12","臺銀",15,0,15
"17808","5410國眾","110/07/12","元大-莒光",0,10,-10
"17809","5410國眾","110/07/12","新光-桃園",20,6,14
"17810","5410國眾","110/07/12","元大-博愛",0,10,-10
"17811","5410國眾","110/07/12","元大-員林",12,0,12
"17812","5410國眾","110/07/12","日盛-永康",0,8,-8
"17813","5410國眾","110/07/12","日盛-員林",10,0,10
"17814","5410國眾","110/07/12","元大-四維",5,13,-8
"17815","5410國眾","110/07/12","元大-新盛",10,0,10
"17816","5410國眾","110/07/12","新加坡商瑞銀",0,7,-7
"17817","5410國眾","110/07/12","永豐金-台南",10,0,10
"17818","5410國眾","110/07/12","致和-金華",0,7,-7
"17819","5410國眾","110/07/12","元富-新莊",8,0,8
"17820","5410國眾","110/07/12","新光-新竹",0,7,-7
"17821","2841台開","110/07/12","永豐金-敦南",139,26,113
"17822","2841台開","110/07/12","華南永昌-朴子",0,528,-528
"17823","2841台開","110/07/12","日盛-雙和",68,0,68
"17824","2841台開","110/07/12","元大-苑裡",2,50,-48
"17825","2841台開","110/07/12","台新證券",62,4,58
"17826","2841台開","110/07/12","群益金鼎-東湖",0,40,-40
"17827","2841台開","110/07/12","凱基-文心",50,0,50
"17828","2841台開","110/07/12","第一金-員林",0,30,-30
"17829","2841台開","110/07/12","第一金-台中",45,0,45
"17830","2841台開","110/07/12","德信-中正",0,20,-20
"17831","2841台開","110/07/12","富邦-嘉義",40,0,40
"17832","2841台開","110/07/12","兆豐-嘉義",0,20,-20
"17833","2841台開","110/07/12","日盛-木柵",30,0,30
"17834","2841台開","110/07/12","彰銀-七賢",0,15,-15
"17835","2841台開","110/07/12","中國信託-文心",31,3,28
"17836","2841台開","110/07/12","元大-承德",0,14,-14
"17837","2841台開","110/07/12","元大-福營",30,7,23
"17838","2841台開","110/07/12","元富",0,12,-12
"17839","2841台開","110/07/12","台中銀",20,0,20
"17840","2841台開","110/07/12","富邦-陽明",0,11,-11
"17841","2841台開","110/07/12","國泰-板橋",20,0,20
"17842","2841台開","110/07/12","元大證券",0,11,-11
"17843","2841台開","110/07/12","元大-前金",20,0,20
"17844","2841台開","110/07/12","元大-大甲",0,10,-10
"17845","2841台開","110/07/12","中國信託-高雄",16,1,15
"17846","2841台開","110/07/12","日盛-新竹",0,8,-8
"17847","2841台開","110/07/12","陽信-石牌",15,0,15
"17848","2841台開","110/07/12","元富-城東",0,8,-8
"17849","2841台開","110/07/12","永豐金-南投",15,0,15
"17850","2841台開","110/07/12","玉山-台南",2,10,-8
"17851","6207雷科","110/07/12","元大-高雄",34,0,34
"17852","6207雷科","110/07/12","永豐金-三重",1,32,-31
"17853","6207雷科","110/07/12","華南永昌-林口",16,1,15
"17854","6207雷科","110/07/12","永全-八德",0,30,-30
"17855","6207雷科","110/07/12","摩根大通",19,6,13
"17856","6207雷科","110/07/12","國泰-台中",0,14,-14
"17857","6207雷科","110/07/12","元富-埔里",10,0,10
"17858","6207雷科","110/07/12","第一金-澎湖",0,10,-10
"17859","6207雷科","110/07/12","凱基-台南",10,0,10
"17860","6207雷科","110/07/12","元富-林園",0,10,-10
"17861","6207雷科","110/07/12","新加坡商瑞銀",9,0,9
"17862","6207雷科","110/07/12","元大-東門",0,10,-10
"17863","6207雷科","110/07/12","瑞士信貸",8,0,8
"17864","6207雷科","110/07/12","兆豐-嘉義",0,4,-4
"17865","6207雷科","110/07/12","中國信託-高雄",9,1,8
"17866","6207雷科","110/07/12","新光",0,4,-4
"17867","6207雷科","110/07/12","凱基-高雄",6,0,6
"17868","6207雷科","110/07/12","新光-台中",0,4,-4
"17869","6207雷科","110/07/12","元大-六合",6,0,6
"17870","6207雷科","110/07/12","群益金鼎-開元",0,4,-4
"17871","6207雷科","110/07/12","永豐金-信義",6,0,6
"17872","6207雷科","110/07/12","凱基-桃園",0,4,-4
"17873","6207雷科","110/07/12","群益金鼎-土城",5,0,5
"17874","6207雷科","110/07/12","凱基-民權",0,4,-4
"17875","6207雷科","110/07/12","群益金鼎-竹南",5,0,5
"17876","6207雷科","110/07/12","玉山-新莊",0,3,-3
"17877","6207雷科","110/07/12","元大-大灣",5,1,4
"17878","6207雷科","110/07/12","國泰-松江",0,3,-3
"17879","6207雷科","110/07/12","永興",3,0,3
"17880","6207雷科","110/07/12","富邦-羅東",0,3,-3
"17881","3679新至陞","110/07/12","富邦-新竹華信",40,2,38
"17882","3679新至陞","110/07/12","瑞士信貸",0,45,-45
"17883","3679新至陞","110/07/12","台中銀-員林",28,2,26
"17884","3679新至陞","110/07/12","永豐金-天母",0,39,-39
"17885","3679新至陞","110/07/12","聯邦-大業",24,0,24
"17886","3679新至陞","110/07/12","摩根大通",7,35,-28
"17887","3679新至陞","110/07/12","永豐金證券",20,0,20
"17888","3679新至陞","110/07/12","凱基-台北",8,36,-28
"17889","3679新至陞","110/07/12","港商法國興業",14,0,14
"17890","3679新至陞","110/07/12","華南永昌-小港",1,23,-22
"17891","3679新至陞","110/07/12","日盛-樹林",13,1,12
"17892","3679新至陞","110/07/12","台新-台中",0,15,-15
"17893","3679新至陞","110/07/12","國泰-桃園",9,0,9
"17894","3679新至陞","110/07/12","統一-台中",0,12,-12
"17895","3679新至陞","110/07/12","宏遠-館前",8,0,8
"17896","3679新至陞","110/07/12","元大-成功",1,12,-11
"17897","3679新至陞","110/07/12","凱基",10,2,8
"17898","3679新至陞","110/07/12","康和-澎湖",0,8,-8
"17899","3679新至陞","110/07/12","(牛牛牛)亞-網路",7,0,7
"17900","3679新至陞","110/07/12","新加坡商瑞銀",0,7,-7
"17901","3679新至陞","110/07/12","兆豐-員林",7,0,7
"17902","3679新至陞","110/07/12","兆豐-來福",0,7,-7
"17903","3679新至陞","110/07/12","大慶-蘆洲",5,0,5
"17904","3679新至陞","110/07/12","元大-佳里",0,6,-6
"17905","3679新至陞","110/07/12","土銀-花蓮",4,0,4
"17906","3679新至陞","110/07/12","美商高盛",0,5,-5
"17907","3679新至陞","110/07/12","台新-高雄",5,1,4
"17908","3679新至陞","110/07/12","國票-新莊",0,5,-5
"17909","3679新至陞","110/07/12","元大-天母",4,0,4
"17910","3679新至陞","110/07/12","台新-屏東",0,5,-5
"17911","2727王品","110/07/12","凱基-台北",354,198,156
"17912","2727王品","110/07/12","台灣摩根士丹利",5,386,-381
"17913","2727王品","110/07/12","統一-城中",159,22,137
"17914","2727王品","110/07/12","元大-嘉義",4,60,-56
"17915","2727王品","110/07/12","日盛-忠孝",60,0,60
"17916","2727王品","110/07/12","元大-大同",2,44,-42
"17917","2727王品","110/07/12","永豐金-忠孝",45,5,40
"17918","2727王品","110/07/12","國泰-台中",32,73,-41
"17919","2727王品","110/07/12","合庫-新竹",31,0,31
"17920","2727王品","110/07/12","元大證券",127,163,-36
"17921","2727王品","110/07/12","富邦-台中",31,3,28
"17922","2727王品","110/07/12","凱基",1,33,-32
"17923","2727王品","110/07/12","元大-桃園",35,10,25
"17924","2727王品","110/07/12","永全-南崁",1,31,-30
"17925","2727王品","110/07/12","新加坡商瑞銀",28,4,24
"17926","2727王品","110/07/12","凱基-和平",2,32,-30
"17927","2727王品","110/07/12","群益金鼎-古亭",25,2,23
"17928","2727王品","110/07/12","永豐金-大園",8,38,-30
"17929","2727王品","110/07/12","元大-龍潭",29,7,22
"17930","2727王品","110/07/12","瑞士信貸",0,28,-28
"17931","2727王品","110/07/12","永豐金-永康",25,3,22
"17932","2727王品","110/07/12","元富",17,44,-27
"17933","2727王品","110/07/12","富邦-竹北",24,3,21
"17934","2727王品","110/07/12","元大-北屯",5,32,-27
"17935","2727王品","110/07/12","群益金鼎-松山",20,0,20
"17936","2727王品","110/07/12","華南永昌",3,28,-25
"17937","2727王品","110/07/12","元大-八德",20,0,20
"17938","2727王品","110/07/12","統一-竹南",1,23,-22
"17939","2727王品","110/07/12","元大-南京",25,6,19
"17940","2727王品","110/07/12","永豐金證券",4,26,-22
"17941","1570力肯","110/07/12","國票-北高雄",40,0,40
"17942","1570力肯","110/07/12","日盛-竹北",0,40,-40
"17943","1570力肯","110/07/12","摩根大通",16,0,16
"17944","1570力肯","110/07/12","第一金-華江",1,38,-37
"17945","1570力肯","110/07/12","新光",31,19,12
"17946","1570力肯","110/07/12","元大-永春",0,26,-26
"17947","1570力肯","110/07/12","元大-台中中港",12,0,12
"17948","1570力肯","110/07/12","元大-古亭",1,20,-19
"17949","1570力肯","110/07/12","日盛-高雄",10,0,10
"17950","1570力肯","110/07/12","國泰-松江",0,16,-16
"17951","1570力肯","110/07/12","第一金-路竹",10,0,10
"17952","1570力肯","110/07/12","台新-台南",0,15,-15
"17953","1570力肯","110/07/12","台新-新莊",10,0,10
"17954","1570力肯","110/07/12","康和-石牌",0,15,-15
"17955","1570力肯","110/07/12","元大-新盛",9,0,9
"17956","1570力肯","110/07/12","國泰-板橋",0,11,-11
"17957","1570力肯","110/07/12","凱基-台北",8,0,8
"17958","1570力肯","110/07/12","元大-高雄",0,11,-11
"17959","1570力肯","110/07/12","彰銀-七賢",6,0,6
"17960","1570力肯","110/07/12","兆豐-桃園",0,10,-10
"17961","1570力肯","110/07/12","元富-緯城",6,0,6
"17962","1570力肯","110/07/12","元大-大益",0,10,-10
"17963","1570力肯","110/07/12","華南永昌-古亭",6,0,6
"17964","1570力肯","110/07/12","中國信託-文心",0,5,-5
"17965","1570力肯","110/07/12","富邦-陽明",6,0,6
"17966","1570力肯","110/07/12","光和",0,5,-5
"17967","1570力肯","110/07/12","臺銀-臺南",5,0,5
"17968","1570力肯","110/07/12","陽信-石牌",0,5,-5
"17969","1570力肯","110/07/12","宏遠-館前",5,0,5
"17970","1570力肯","110/07/12","國泰-高雄",0,5,-5
"17971","6180橘子","110/07/12","康和-台中",32,2,30
"17972","6180橘子","110/07/12","新百王",1,40,-39
"17973","6180橘子","110/07/12","美林",32,3,29
"17974","6180橘子","110/07/12","富邦-陽明",4,42,-38
"17975","6180橘子","110/07/12","元大-羅東",21,0,21
"17976","6180橘子","110/07/12","新光",3,32,-29
"17977","6180橘子","110/07/12","兆豐-埔墘",16,0,16
"17978","6180橘子","110/07/12","日盛-文化",4,20,-16
"17979","6180橘子","110/07/12","元大-雙和",12,0,12
"17980","6180橘子","110/07/12","華南永昌-鶯歌",0,15,-15
"17981","6180橘子","110/07/12","美商高盛",18,7,11
"17982","6180橘子","110/07/12","中國信託-忠孝",7,20,-13
"17983","6180橘子","110/07/12","台新證券",14,3,11
"17984","6180橘子","110/07/12","凱基-台北",5,17,-12
"17985","6180橘子","110/07/12","元大-中壢",12,1,11
"17986","6180橘子","110/07/12","凱基-高雄",0,11,-11
"17987","6180橘子","110/07/12","統一-南京",10,0,10
"17988","6180橘子","110/07/12","凱基-大安",0,10,-10
"17989","6180橘子","110/07/12","致和-崇德",10,0,10
"17990","6180橘子","110/07/12","元大-北屯",0,10,-10
"17991","6180橘子","110/07/12","玉山-板橋",10,0,10
"17992","6180橘子","110/07/12","元大-南京",0,9,-9
"17993","6180橘子","110/07/12","富邦-仁愛",10,0,10
"17994","6180橘子","110/07/12","元大-台南",1,10,-9
"17995","6180橘子","110/07/12","摩根大通",10,1,9
"17996","6180橘子","110/07/12","康和-澎湖",0,8,-8
"17997","6180橘子","110/07/12","元富-林園",8,0,8
"17998","6180橘子","110/07/12","第一金-台中",0,7,-7
"17999","6180橘子","110/07/12","大慶-富順",7,0,7
"18000","6180橘子","110/07/12","台新-台南",1,8,-7
"18001","2390云辰","110/07/12","統一-新台中",170,0,170
"18002","2390云辰","110/07/12","元大-天母",2,450,-448
"18003","2390云辰","110/07/12","華南永昌-麻豆",137,2,135
"18004","2390云辰","110/07/12","國泰-忠孝",1,143,-142
"18005","2390云辰","110/07/12","元富-成功",103,14,89
"18006","2390云辰","110/07/12","摩根大通",377,512,-135
"18007","2390云辰","110/07/12","元大-土城學府",146,69,77
"18008","2390云辰","110/07/12","台灣摩根士丹利",0,91,-91
"18009","2390云辰","110/07/12","永豐金-永康",76,4,72
"18010","2390云辰","110/07/12","美林",84,146,-62
"18011","2390云辰","110/07/12","台中銀",73,2,71
"18012","2390云辰","110/07/12","華南永昌-嘉義",2,61,-59
"18013","2390云辰","110/07/12","大昌",63,3,60
"18014","2390云辰","110/07/12","永豐金-羅東",0,49,-49
"18015","2390云辰","110/07/12","合庫-三重",50,0,50
"18016","2390云辰","110/07/12","玉山-台中",6,53,-47
"18017","2390云辰","110/07/12","元富-高雄",93,50,43
"18018","2390云辰","110/07/12","玉山-新莊",2,48,-46
"18019","2390云辰","110/07/12","元大-館前",40,4,36
"18020","2390云辰","110/07/12","元大-大里",7,52,-45
"18021","2390云辰","110/07/12","港商野村",143,109,34
"18022","2390云辰","110/07/12","元大-內湖",3,48,-45
"18023","2390云辰","110/07/12","元大-雙和",34,0,34
"18024","2390云辰","110/07/12","永豐金-市政",1,42,-41
"18025","2390云辰","110/07/12","群益金鼎-民權",33,2,31
"18026","2390云辰","110/07/12","元大-學甲",1,41,-40
"18027","2390云辰","110/07/12","日盛-八德",40,10,30
"18028","2390云辰","110/07/12","兆豐-高雄",2,41,-39
"18029","2390云辰","110/07/12","國票-嘉義",30,0,30
"18030","2390云辰","110/07/12","新加坡商瑞銀",21,59,-38
"18031","4903聯光通","110/07/09","元大-敦南",10,0,10
"18032","4903聯光通","110/07/09","第一金-台中",0,12,-12
"18033","4903聯光通","110/07/09","凱基-士林",5,0,5
"18034","4903聯光通","110/07/09","日盛-忠孝",0,3,-3
"18035","4903聯光通","110/07/09","元大-苗栗",5,0,5
"18036","4903聯光通","110/07/09","群益金鼎-崇德",0,3,-3
"18037","4903聯光通","110/07/09","元大-屏南",3,0,3
"18038","4903聯光通","110/07/09","國票-內壢",0,2,-2
"18039","4903聯光通","110/07/09","中國信託-永康",1,0,1
"18040","4903聯光通","110/07/09","康和-南崁",0,2,-2
"18041","4903聯光通","110/07/09","玉山證券",1,0,1
"18042","4903聯光通","110/07/09","新光-台中",0,2,-2
"18043","4903聯光通","110/07/09","元大-太平",4,3,1
"18044","4903聯光通","110/07/09","玉山-城中",0,2,-2
"18045","4903聯光通","110/07/09","永豐金-嘉義",1,0,1
"18046","4903聯光通","110/07/09","中國信託-文心",0,1,-1
"18047","4903聯光通","110/07/09","大昌",0,0,0
"18048","4903聯光通","110/07/09","大昌",0,0,0
"18049","4903聯光通","110/07/09","中農",0,0,0
"18050","4903聯光通","110/07/09","中農",0,0,0
"18051","4903聯光通","110/07/09","",NA,NA,NA
"18052","4903聯光通","110/07/09","",NA,NA,NA
"18053","4903聯光通","110/07/09","",NA,NA,NA
"18054","4903聯光通","110/07/09","",NA,NA,NA
"18055","4903聯光通","110/07/09","",NA,NA,NA
"18056","4903聯光通","110/07/09","",NA,NA,NA
"18057","4903聯光通","110/07/09","",NA,NA,NA
"18058","4903聯光通","110/07/09","",NA,NA,NA
"18059","4903聯光通","110/07/09","",NA,NA,NA
"18060","4903聯光通","110/07/09","",NA,NA,NA
"18061","2929淘帝","110/07/09","台中銀-台北",110,0,110
"18062","2929淘帝","110/07/09","新光",2,82,-80
"18063","2929淘帝","110/07/09","華南永昌-頭份",72,0,72
"18064","2929淘帝","110/07/09","摩根大通",2,63,-61
"18065","2929淘帝","110/07/09","合庫-高雄",71,0,71
"18066","2929淘帝","110/07/09","第一金-路竹",0,50,-50
"18067","2929淘帝","110/07/09","高橋-龍潭",37,0,37
"18068","2929淘帝","110/07/09","港商麥格理",0,42,-42
"18069","2929淘帝","110/07/09","新光-台中",60,26,34
"18070","2929淘帝","110/07/09","陽信-石牌",0,40,-40
"18071","2929淘帝","110/07/09","元富-大裕",22,1,21
"18072","2929淘帝","110/07/09","台新-左楠",1,39,-38
"18073","2929淘帝","110/07/09","合庫-鳳山",20,0,20
"18074","2929淘帝","110/07/09","凱基-桃園",3,29,-26
"18075","2929淘帝","110/07/09","元大-員林",22,2,20
"18076","2929淘帝","110/07/09","兆豐-內湖",0,25,-25
"18077","2929淘帝","110/07/09","台新-建北",15,0,15
"18078","2929淘帝","110/07/09","元大-北港",0,20,-20
"18079","2929淘帝","110/07/09","兆豐-桃園",13,0,13
"18080","2929淘帝","110/07/09","富邦-北港",0,19,-19
"18081","2929淘帝","110/07/09","兆豐-忠孝",10,0,10
"18082","2929淘帝","110/07/09","富邦-花蓮",0,17,-17
"18083","2929淘帝","110/07/09","國票-敦北法人",10,0,10
"18084","2929淘帝","110/07/09","國泰-台中",2,17,-15
"18085","2929淘帝","110/07/09","永豐金-博愛",10,0,10
"18086","2929淘帝","110/07/09","群益金鼎-彰化",0,15,-15
"18087","2929淘帝","110/07/09","群益金鼎-潭子",8,0,8
"18088","2929淘帝","110/07/09","元大-博愛",0,14,-14
"18089","2929淘帝","110/07/09","富邦-南屯",8,0,8
"18090","2929淘帝","110/07/09","日盛-板橋",0,13,-13
"18091","5410國眾","110/07/09","元大-新盛",14,0,14
"18092","5410國眾","110/07/09","(牛牛牛)亞-鑫豐",1,41,-40
"18093","5410國眾","110/07/09","台灣企銀-民雄",10,0,10
"18094","5410國眾","110/07/09","元富-嘉義",0,25,-25
"18095","5410國眾","110/07/09","元富-虎尾",9,0,9
"18096","5410國眾","110/07/09","凱基-高美館",0,10,-10
"18097","5410國眾","110/07/09","摩根大通",10,1,9
"18098","5410國眾","110/07/09","凱基-城中",0,10,-10
"18099","5410國眾","110/07/09","兆豐-北高雄",7,0,7
"18100","5410國眾","110/07/09","元大-頭份",0,10,-10
"18101","5410國眾","110/07/09","凱基-台北",8,1,7
"18102","5410國眾","110/07/09","群益金鼎-丹鳳",0,7,-7
"18103","5410國眾","110/07/09","華南永昌-公誠",7,0,7
"18104","5410國眾","110/07/09","凱基-復興",0,7,-7
"18105","5410國眾","110/07/09","香港上海匯豐",6,0,6
"18106","5410國眾","110/07/09","元大-員林",0,7,-7
"18107","5410國眾","110/07/09","凱基-中壢",6,0,6
"18108","5410國眾","110/07/09","富邦-竹東",0,6,-6
"18109","5410國眾","110/07/09","華南永昌-南京",6,0,6
"18110","5410國眾","110/07/09","亞東-高雄",0,5,-5
"18111","5410國眾","110/07/09","統一-三重",5,0,5
"18112","5410國眾","110/07/09","大慶-中壢",1,6,-5
"18113","5410國眾","110/07/09","富邦-宜蘭",5,0,5
"18114","5410國眾","110/07/09","群益金鼎-中港",0,5,-5
"18115","5410國眾","110/07/09","元大-崇德",5,0,5
"18116","5410國眾","110/07/09","元大-八德",0,5,-5
"18117","5410國眾","110/07/09","元大-博愛",5,0,5
"18118","5410國眾","110/07/09","富邦-基隆",0,4,-4
"18119","5410國眾","110/07/09","元大-龍潭",5,0,5
"18120","5410國眾","110/07/09","臺銀-新竹",0,3,-3
"18121","2841台開","110/07/09","日盛-雙和",102,0,102
"18122","2841台開","110/07/09","港商野村",0,129,-129
"18123","2841台開","110/07/09","元大-館前",70,0,70
"18124","2841台開","110/07/09","兆豐-永和",0,100,-100
"18125","2841台開","110/07/09","凱基-文心",50,0,50
"18126","2841台開","110/07/09","台新證券",7,28,-21
"18127","2841台開","110/07/09","富邦-嘉義",40,0,40
"18128","2841台開","110/07/09","國票-北高雄",0,20,-20
"18129","2841台開","110/07/09","美商高盛",15,0,15
"18130","2841台開","110/07/09","永豐金-敦南",29,46,-17
"18131","2841台開","110/07/09","台中銀",15,0,15
"18132","2841台開","110/07/09","合庫-基隆",0,12,-12
"18133","2841台開","110/07/09","新光",11,0,11
"18134","2841台開","110/07/09","中國信託-松江",0,12,-12
"18135","2841台開","110/07/09","華南永昌-長虹",10,0,10
"18136","2841台開","110/07/09","兆豐-城中",0,12,-12
"18137","2841台開","110/07/09","永豐金-南投",10,0,10
"18138","2841台開","110/07/09","台中銀-豐原",0,10,-10
"18139","2841台開","110/07/09","合庫-桃園",7,0,7
"18140","2841台開","110/07/09","兆豐-景美",0,10,-10
"18141","2841台開","110/07/09","群益金鼎-古亭",7,0,7
"18142","2841台開","110/07/09","群益金鼎-基隆",0,10,-10
"18143","2841台開","110/07/09","國泰-敦南",6,0,6
"18144","2841台開","110/07/09","元大-北三重",0,10,-10
"18145","2841台開","110/07/09","凱基-桃園",8,2,6
"18146","2841台開","110/07/09","(牛牛牛)亞-網路",0,9,-9
"18147","2841台開","110/07/09","日盛證券",5,0,5
"18148","2841台開","110/07/09","台新-高雄",1,10,-9
"18149","2841台開","110/07/09","元富-文心",5,0,5
"18150","2841台開","110/07/09","凱基-台北",0,7,-7
"18151","6207雷科","110/07/09","群益金鼎-新竹",47,0,47
"18152","6207雷科","110/07/09","新光",7,24,-17
"18153","6207雷科","110/07/09","永豐金-三重",31,0,31
"18154","6207雷科","110/07/09","日盛-和美",0,15,-15
"18155","6207雷科","110/07/09","新加坡商瑞銀",33,5,28
"18156","6207雷科","110/07/09","國泰-台南",0,15,-15
"18157","6207雷科","110/07/09","元大-高雄",26,0,26
"18158","6207雷科","110/07/09","華南永昌-古亭",0,14,-14
"18159","6207雷科","110/07/09","統一-員林",22,0,22
"18160","6207雷科","110/07/09","土銀-白河",0,11,-11
"18161","6207雷科","110/07/09","台新-高雄",22,0,22
"18162","6207雷科","110/07/09","日盛-台南",0,10,-10
"18163","6207雷科","110/07/09","摩根大通",34,17,17
"18164","6207雷科","110/07/09","元富-林園",0,10,-10
"18165","6207雷科","110/07/09","元大-博愛",17,1,16
"18166","6207雷科","110/07/09","富邦-園區",0,10,-10
"18167","6207雷科","110/07/09","日茂-埔里",12,0,12
"18168","6207雷科","110/07/09","元大-上新莊",0,10,-10
"18169","6207雷科","110/07/09","國泰-台中",17,6,11
"18170","6207雷科","110/07/09","永豐金-南京",0,10,-10
"18171","6207雷科","110/07/09","富邦-三重",10,0,10
"18172","6207雷科","110/07/09","兆豐-小港",0,6,-6
"18173","6207雷科","110/07/09","元大-沙鹿",10,0,10
"18174","6207雷科","110/07/09","富邦-羅東",1,7,-6
"18175","6207雷科","110/07/09","元大-八德",10,0,10
"18176","6207雷科","110/07/09","元大-土城永寧",0,6,-6
"18177","6207雷科","110/07/09","第一金-路竹",11,2,9
"18178","6207雷科","110/07/09","永豐金-板盛",0,6,-6
"18179","6207雷科","110/07/09","統一-南京",5,0,5
"18180","6207雷科","110/07/09","日盛-板橋",0,5,-5
"18181","3679新至陞","110/07/09","元大-大天母",10,0,10
"18182","3679新至陞","110/07/09","第一金-光復",0,11,-11
"18183","3679新至陞","110/07/09","日盛-樹林",9,0,9
"18184","3679新至陞","110/07/09","瑞士信貸",0,8,-8
"18185","3679新至陞","110/07/09","凱基-台北",11,2,9
"18186","3679新至陞","110/07/09","大慶-苗栗",0,5,-5
"18187","3679新至陞","110/07/09","華南永昌-小港",8,0,8
"18188","3679新至陞","110/07/09","元大-永春",0,5,-5
"18189","3679新至陞","110/07/09","兆豐-來福",7,0,7
"18190","3679新至陞","110/07/09","日盛-和美",0,4,-4
"18191","3679新至陞","110/07/09","香港上海匯豐",5,0,5
"18192","3679新至陞","110/07/09","元大-雙和",0,3,-3
"18193","3679新至陞","110/07/09","台中銀-員林",3,0,3
"18194","3679新至陞","110/07/09","永豐金-屏東",0,3,-3
"18195","3679新至陞","110/07/09","新光",3,0,3
"18196","3679新至陞","110/07/09","彰銀",0,2,-2
"18197","3679新至陞","110/07/09","土銀-花蓮",2,0,2
"18198","3679新至陞","110/07/09","宏遠-館前",0,2,-2
"18199","3679新至陞","110/07/09","第一金-澎湖",2,0,2
"18200","3679新至陞","110/07/09","港商野村",0,2,-2
"18201","3679新至陞","110/07/09","摩根大通",2,0,2
"18202","3679新至陞","110/07/09","大昌-新店",0,2,-2
"18203","3679新至陞","110/07/09","國泰-敦南",2,0,2
"18204","3679新至陞","110/07/09","元大-新莊",0,2,-2
"18205","3679新至陞","110/07/09","元大-淡水",4,2,2
"18206","3679新至陞","110/07/09","元大-板橋",0,2,-2
"18207","3679新至陞","110/07/09","日盛-士林",1,0,1
"18208","3679新至陞","110/07/09","台灣摩根士丹利",0,1,-1
"18209","3679新至陞","110/07/09","日盛-信義",1,0,1
"18210","3679新至陞","110/07/09","第一金-高雄",0,1,-1
"18211","2727王品","110/07/09","台灣匯立證券",90,0,90
"18212","2727王品","110/07/09","台灣摩根士丹利",0,267,-267
"18213","2727王品","110/07/09","國泰-敦南",166,84,82
"18214","2727王品","110/07/09","富邦-台北",35,299,-264
"18215","2727王品","110/07/09","富邦-仁愛",56,12,44
"18216","2727王品","110/07/09","凱基-台北",174,296,-122
"18217","2727王品","110/07/09","台新證券",109,66,43
"18218","2727王品","110/07/09","第一金",2,102,-100
"18219","2727王品","110/07/09","新光",117,87,30
"18220","2727王品","110/07/09","群益金鼎-大安",0,80,-80
"18221","2727王品","110/07/09","臺銀-臺中",35,6,29
"18222","2727王品","110/07/09","兆豐-大安",7,60,-53
"18223","2727王品","110/07/09","元大-桃園",32,3,29
"18224","2727王品","110/07/09","永豐金-南投",0,50,-50
"18225","2727王品","110/07/09","元富-宜蘭",34,6,28
"18226","2727王品","110/07/09","新加坡商瑞銀",6,46,-40
"18227","2727王品","110/07/09","玉山-台中",34,8,26
"18228","2727王品","110/07/09","合庫-彰化",11,50,-39
"18229","2727王品","110/07/09","群益金鼎-宜蘭",30,4,26
"18230","2727王品","110/07/09","永豐金-萬盛",13,52,-39
"18231","2727王品","110/07/09","富邦-台中",42,16,26
"18232","2727王品","110/07/09","瑞士信貸",0,34,-34
"18233","2727王品","110/07/09","第一金-豐原",25,1,24
"18234","2727王品","110/07/09","元大-和平",4,35,-31
"18235","2727王品","110/07/09","臺銀",30,8,22
"18236","2727王品","110/07/09","美林",14,44,-30
"18237","2727王品","110/07/09","兆豐-來福",23,1,22
"18238","2727王品","110/07/09","元大-員林",9,38,-29
"18239","2727王品","110/07/09","玉山-士林",22,2,20
"18240","2727王品","110/07/09","元富-西松",4,31,-27
"18241","1570力肯","110/07/09","凱基-台北",30,1,29
"18242","1570力肯","110/07/09","群益金鼎-彰化",0,20,-20
"18243","1570力肯","110/07/09","新光-台南",20,0,20
"18244","1570力肯","110/07/09","元大-土城學府",0,20,-20
"18245","1570力肯","110/07/09","元大-高雄",20,0,20
"18246","1570力肯","110/07/09","元大-大統",0,16,-16
"18247","1570力肯","110/07/09","國票-中正",12,0,12
"18248","1570力肯","110/07/09","元大-新營",0,11,-11
"18249","1570力肯","110/07/09","日盛-高雄",6,0,6
"18250","1570力肯","110/07/09","元大-和平",0,10,-10
"18251","1570力肯","110/07/09","元富-緯城",6,0,6
"18252","1570力肯","110/07/09","元大-草屯",0,10,-10
"18253","1570力肯","110/07/09","群益金鼎-台南",6,0,6
"18254","1570力肯","110/07/09","元大-鹿港",0,9,-9
"18255","1570力肯","110/07/09","華南永昌-岡山",6,0,6
"18256","1570力肯","110/07/09","合庫-基隆",0,7,-7
"18257","1570力肯","110/07/09","統一-中壢",5,0,5
"18258","1570力肯","110/07/09","摩根大通",2,8,-6
"18259","1570力肯","110/07/09","凱基-三峽",5,0,5
"18260","1570力肯","110/07/09","台灣企銀-豐原",0,4,-4
"18261","1570力肯","110/07/09","大昌-樹林",4,0,4
"18262","1570力肯","110/07/09","日盛-桃園",0,4,-4
"18263","1570力肯","110/07/09","新光",3,0,3
"18264","1570力肯","110/07/09","國泰-高雄",0,3,-3
"18265","1570力肯","110/07/09","富邦-新竹華信",3,0,3
"18266","1570力肯","110/07/09","永豐金-敦南",0,3,-3
"18267","1570力肯","110/07/09","合庫-台中",2,0,2
"18268","1570力肯","110/07/09","土銀-彰化",0,2,-2
"18269","1570力肯","110/07/09","臺銀-臺中",2,0,2
"18270","1570力肯","110/07/09","臺銀-鳳山",0,2,-2
"18271","6180橘子","110/07/09","摩根大通",63,1,62
"18272","6180橘子","110/07/09","元大-南京",1,32,-31
"18273","6180橘子","110/07/09","富邦-陽明",73,33,40
"18274","6180橘子","110/07/09","群益金鼎-台北",0,25,-25
"18275","6180橘子","110/07/09","新加坡商瑞銀",31,0,31
"18276","6180橘子","110/07/09","兆豐-復興",0,21,-21
"18277","6180橘子","110/07/09","美商高盛",25,0,25
"18278","6180橘子","110/07/09","永豐金-嘉義",0,21,-21
"18279","6180橘子","110/07/09","凱基-台北",26,10,16
"18280","6180橘子","110/07/09","凱基-中壢",8,24,-16
"18281","6180橘子","110/07/09","華南永昌-楠梓",13,0,13
"18282","6180橘子","110/07/09","致和-崇德",0,15,-15
"18283","6180橘子","110/07/09","華南永昌-朴子",11,0,11
"18284","6180橘子","110/07/09","群益金鼎-屏東",0,15,-15
"18285","6180橘子","110/07/09","元大-北港",11,0,11
"18286","6180橘子","110/07/09","群益金鼎-中山",0,15,-15
"18287","6180橘子","110/07/09","元大-成功",10,1,9
"18288","6180橘子","110/07/09","瑞士信貸",1,15,-14
"18289","6180橘子","110/07/09","新光",26,18,8
"18290","6180橘子","110/07/09","日盛-二林",0,10,-10
"18291","6180橘子","110/07/09","統一-三重",6,0,6
"18292","6180橘子","110/07/09","凱基-東門",0,10,-10
"18293","6180橘子","110/07/09","群益金鼎-嘉義",6,0,6
"18294","6180橘子","110/07/09","華南永昌-三重",0,10,-10
"18295","6180橘子","110/07/09","元大-員林中山",6,0,6
"18296","6180橘子","110/07/09","元大-彰化民生",1,11,-10
"18297","6180橘子","110/07/09","合庫-鳳山",5,0,5
"18298","6180橘子","110/07/09","永豐金-新店",1,11,-10
"18299","6180橘子","110/07/09","富邦-建國",6,1,5
"18300","6180橘子","110/07/09","群益金鼎-丹鳳",0,8,-8
"18301","2390云辰","110/07/09","摩根大通",279,56,223
"18302","2390云辰","110/07/09","元大-天母",0,127,-127
"18303","2390云辰","110/07/09","日盛-鳳山",110,2,108
"18304","2390云辰","110/07/09","中國信託-文心",5,109,-104
"18305","2390云辰","110/07/09","宏遠證券",100,0,100
"18306","2390云辰","110/07/09","永豐金-復興",0,55,-55
"18307","2390云辰","110/07/09","元大-大里",63,6,57
"18308","2390云辰","110/07/09","凱基-台北",239,286,-47
"18309","2390云辰","110/07/09","凱基-八德",59,10,49
"18310","2390云辰","110/07/09","德信",2,32,-30
"18311","2390云辰","110/07/09","合庫-新竹",40,0,40
"18312","2390云辰","110/07/09","兆豐-桃鶯",2,32,-30
"18313","2390云辰","110/07/09","國票",40,1,39
"18314","2390云辰","110/07/09","致和-南京",0,30,-30
"18315","2390云辰","110/07/09","新加坡商瑞銀",49,13,36
"18316","2390云辰","110/07/09","富邦-虎尾",1,31,-30
"18317","2390云辰","110/07/09","統一-新台中",36,2,34
"18318","2390云辰","110/07/09","元大-善化",2,31,-29
"18319","2390云辰","110/07/09","國票-嘉義",31,0,31
"18320","2390云辰","110/07/09","富邦-板橋",0,27,-27
"18321","2390云辰","110/07/09","華南永昌",35,7,28
"18322","2390云辰","110/07/09","富邦-永和",3,28,-25
"18323","2390云辰","110/07/09","玉山-台中",49,22,27
"18324","2390云辰","110/07/09","第一金-自由",20,44,-24
"18325","2390云辰","110/07/09","華南永昌-敦南",25,0,25
"18326","2390云辰","110/07/09","凱基-內湖",0,24,-24
"18327","2390云辰","110/07/09","新光-高雄",27,4,23
"18328","2390云辰","110/07/09","元大-汐止",1,24,-23
"18329","2390云辰","110/07/09","台灣摩根士丹利",85,63,22
"18330","2390云辰","110/07/09","新光-台中",12,33,-21
"18331","4903聯光通","110/07/09","元大-敦南",10,0,10
"18332","4903聯光通","110/07/09","第一金-台中",0,12,-12
"18333","4903聯光通","110/07/09","凱基-士林",5,0,5
"18334","4903聯光通","110/07/09","日盛-忠孝",0,3,-3
"18335","4903聯光通","110/07/09","元大-苗栗",5,0,5
"18336","4903聯光通","110/07/09","群益金鼎-崇德",0,3,-3
"18337","4903聯光通","110/07/09","元大-屏南",3,0,3
"18338","4903聯光通","110/07/09","國票-內壢",0,2,-2
"18339","4903聯光通","110/07/09","中國信託-永康",1,0,1
"18340","4903聯光通","110/07/09","康和-南崁",0,2,-2
"18341","4903聯光通","110/07/09","玉山證券",1,0,1
"18342","4903聯光通","110/07/09","新光-台中",0,2,-2
"18343","4903聯光通","110/07/09","元大-太平",4,3,1
"18344","4903聯光通","110/07/09","玉山-城中",0,2,-2
"18345","4903聯光通","110/07/09","永豐金-嘉義",1,0,1
"18346","4903聯光通","110/07/09","中國信託-文心",0,1,-1
"18347","4903聯光通","110/07/09","大昌",0,0,0
"18348","4903聯光通","110/07/09","大昌",0,0,0
"18349","4903聯光通","110/07/09","中農",0,0,0
"18350","4903聯光通","110/07/09","中農",0,0,0
"18351","4903聯光通","110/07/09","",NA,NA,NA
"18352","4903聯光通","110/07/09","",NA,NA,NA
"18353","4903聯光通","110/07/09","",NA,NA,NA
"18354","4903聯光通","110/07/09","",NA,NA,NA
"18355","4903聯光通","110/07/09","",NA,NA,NA
"18356","4903聯光通","110/07/09","",NA,NA,NA
"18357","4903聯光通","110/07/09","",NA,NA,NA
"18358","4903聯光通","110/07/09","",NA,NA,NA
"18359","4903聯光通","110/07/09","",NA,NA,NA
"18360","4903聯光通","110/07/09","",NA,NA,NA
"18361","2929淘帝","110/07/09","台中銀-台北",110,0,110
"18362","2929淘帝","110/07/09","新光",2,82,-80
"18363","2929淘帝","110/07/09","華南永昌-頭份",72,0,72
"18364","2929淘帝","110/07/09","摩根大通",2,63,-61
"18365","2929淘帝","110/07/09","合庫-高雄",71,0,71
"18366","2929淘帝","110/07/09","第一金-路竹",0,50,-50
"18367","2929淘帝","110/07/09","高橋-龍潭",37,0,37
"18368","2929淘帝","110/07/09","港商麥格理",0,42,-42
"18369","2929淘帝","110/07/09","新光-台中",60,26,34
"18370","2929淘帝","110/07/09","陽信-石牌",0,40,-40
"18371","2929淘帝","110/07/09","元富-大裕",22,1,21
"18372","2929淘帝","110/07/09","台新-左楠",1,39,-38
"18373","2929淘帝","110/07/09","合庫-鳳山",20,0,20
"18374","2929淘帝","110/07/09","凱基-桃園",3,29,-26
"18375","2929淘帝","110/07/09","元大-員林",22,2,20
"18376","2929淘帝","110/07/09","兆豐-內湖",0,25,-25
"18377","2929淘帝","110/07/09","台新-建北",15,0,15
"18378","2929淘帝","110/07/09","元大-北港",0,20,-20
"18379","2929淘帝","110/07/09","兆豐-桃園",13,0,13
"18380","2929淘帝","110/07/09","富邦-北港",0,19,-19
"18381","2929淘帝","110/07/09","兆豐-忠孝",10,0,10
"18382","2929淘帝","110/07/09","富邦-花蓮",0,17,-17
"18383","2929淘帝","110/07/09","國票-敦北法人",10,0,10
"18384","2929淘帝","110/07/09","國泰-台中",2,17,-15
"18385","2929淘帝","110/07/09","永豐金-博愛",10,0,10
"18386","2929淘帝","110/07/09","群益金鼎-彰化",0,15,-15
"18387","2929淘帝","110/07/09","群益金鼎-潭子",8,0,8
"18388","2929淘帝","110/07/09","元大-博愛",0,14,-14
"18389","2929淘帝","110/07/09","富邦-南屯",8,0,8
"18390","2929淘帝","110/07/09","日盛-板橋",0,13,-13
"18391","5410國眾","110/07/09","元大-新盛",14,0,14
"18392","5410國眾","110/07/09","(牛牛牛)亞-鑫豐",1,41,-40
"18393","5410國眾","110/07/09","台灣企銀-民雄",10,0,10
"18394","5410國眾","110/07/09","元富-嘉義",0,25,-25
"18395","5410國眾","110/07/09","元富-虎尾",9,0,9
"18396","5410國眾","110/07/09","凱基-高美館",0,10,-10
"18397","5410國眾","110/07/09","摩根大通",10,1,9
"18398","5410國眾","110/07/09","凱基-城中",0,10,-10
"18399","5410國眾","110/07/09","兆豐-北高雄",7,0,7
"18400","5410國眾","110/07/09","元大-頭份",0,10,-10
"18401","5410國眾","110/07/09","凱基-台北",8,1,7
"18402","5410國眾","110/07/09","群益金鼎-丹鳳",0,7,-7
"18403","5410國眾","110/07/09","華南永昌-公誠",7,0,7
"18404","5410國眾","110/07/09","凱基-復興",0,7,-7
"18405","5410國眾","110/07/09","香港上海匯豐",6,0,6
"18406","5410國眾","110/07/09","元大-員林",0,7,-7
"18407","5410國眾","110/07/09","凱基-中壢",6,0,6
"18408","5410國眾","110/07/09","富邦-竹東",0,6,-6
"18409","5410國眾","110/07/09","華南永昌-南京",6,0,6
"18410","5410國眾","110/07/09","亞東-高雄",0,5,-5
"18411","5410國眾","110/07/09","統一-三重",5,0,5
"18412","5410國眾","110/07/09","大慶-中壢",1,6,-5
"18413","5410國眾","110/07/09","富邦-宜蘭",5,0,5
"18414","5410國眾","110/07/09","群益金鼎-中港",0,5,-5
"18415","5410國眾","110/07/09","元大-崇德",5,0,5
"18416","5410國眾","110/07/09","元大-八德",0,5,-5
"18417","5410國眾","110/07/09","元大-博愛",5,0,5
"18418","5410國眾","110/07/09","富邦-基隆",0,4,-4
"18419","5410國眾","110/07/09","元大-龍潭",5,0,5
"18420","5410國眾","110/07/09","臺銀-新竹",0,3,-3
"18421","2841台開","110/07/09","日盛-雙和",102,0,102
"18422","2841台開","110/07/09","港商野村",0,129,-129
"18423","2841台開","110/07/09","元大-館前",70,0,70
"18424","2841台開","110/07/09","兆豐-永和",0,100,-100
"18425","2841台開","110/07/09","凱基-文心",50,0,50
"18426","2841台開","110/07/09","台新證券",7,28,-21
"18427","2841台開","110/07/09","富邦-嘉義",40,0,40
"18428","2841台開","110/07/09","國票-北高雄",0,20,-20
"18429","2841台開","110/07/09","美商高盛",15,0,15
"18430","2841台開","110/07/09","永豐金-敦南",29,46,-17
"18431","2841台開","110/07/09","台中銀",15,0,15
"18432","2841台開","110/07/09","合庫-基隆",0,12,-12
"18433","2841台開","110/07/09","新光",11,0,11
"18434","2841台開","110/07/09","中國信託-松江",0,12,-12
"18435","2841台開","110/07/09","華南永昌-長虹",10,0,10
"18436","2841台開","110/07/09","兆豐-城中",0,12,-12
"18437","2841台開","110/07/09","永豐金-南投",10,0,10
"18438","2841台開","110/07/09","台中銀-豐原",0,10,-10
"18439","2841台開","110/07/09","合庫-桃園",7,0,7
"18440","2841台開","110/07/09","兆豐-景美",0,10,-10
"18441","2841台開","110/07/09","群益金鼎-古亭",7,0,7
"18442","2841台開","110/07/09","群益金鼎-基隆",0,10,-10
"18443","2841台開","110/07/09","國泰-敦南",6,0,6
"18444","2841台開","110/07/09","元大-北三重",0,10,-10
"18445","2841台開","110/07/09","凱基-桃園",8,2,6
"18446","2841台開","110/07/09","(牛牛牛)亞-網路",0,9,-9
"18447","2841台開","110/07/09","日盛證券",5,0,5
"18448","2841台開","110/07/09","台新-高雄",1,10,-9
"18449","2841台開","110/07/09","元富-文心",5,0,5
"18450","2841台開","110/07/09","凱基-台北",0,7,-7
"18451","6207雷科","110/07/09","群益金鼎-新竹",47,0,47
"18452","6207雷科","110/07/09","新光",7,24,-17
"18453","6207雷科","110/07/09","永豐金-三重",31,0,31
"18454","6207雷科","110/07/09","日盛-和美",0,15,-15
"18455","6207雷科","110/07/09","新加坡商瑞銀",33,5,28
"18456","6207雷科","110/07/09","國泰-台南",0,15,-15
"18457","6207雷科","110/07/09","元大-高雄",26,0,26
"18458","6207雷科","110/07/09","華南永昌-古亭",0,14,-14
"18459","6207雷科","110/07/09","統一-員林",22,0,22
"18460","6207雷科","110/07/09","土銀-白河",0,11,-11
"18461","6207雷科","110/07/09","台新-高雄",22,0,22
"18462","6207雷科","110/07/09","日盛-台南",0,10,-10
"18463","6207雷科","110/07/09","摩根大通",34,17,17
"18464","6207雷科","110/07/09","元富-林園",0,10,-10
"18465","6207雷科","110/07/09","元大-博愛",17,1,16
"18466","6207雷科","110/07/09","富邦-園區",0,10,-10
"18467","6207雷科","110/07/09","日茂-埔里",12,0,12
"18468","6207雷科","110/07/09","元大-上新莊",0,10,-10
"18469","6207雷科","110/07/09","國泰-台中",17,6,11
"18470","6207雷科","110/07/09","永豐金-南京",0,10,-10
"18471","6207雷科","110/07/09","富邦-三重",10,0,10
"18472","6207雷科","110/07/09","兆豐-小港",0,6,-6
"18473","6207雷科","110/07/09","元大-沙鹿",10,0,10
"18474","6207雷科","110/07/09","富邦-羅東",1,7,-6
"18475","6207雷科","110/07/09","元大-八德",10,0,10
"18476","6207雷科","110/07/09","元大-土城永寧",0,6,-6
"18477","6207雷科","110/07/09","第一金-路竹",11,2,9
"18478","6207雷科","110/07/09","永豐金-板盛",0,6,-6
"18479","6207雷科","110/07/09","統一-南京",5,0,5
"18480","6207雷科","110/07/09","日盛-板橋",0,5,-5
"18481","3679新至陞","110/07/09","元大-大天母",10,0,10
"18482","3679新至陞","110/07/09","第一金-光復",0,11,-11
"18483","3679新至陞","110/07/09","日盛-樹林",9,0,9
"18484","3679新至陞","110/07/09","瑞士信貸",0,8,-8
"18485","3679新至陞","110/07/09","凱基-台北",11,2,9
"18486","3679新至陞","110/07/09","大慶-苗栗",0,5,-5
"18487","3679新至陞","110/07/09","華南永昌-小港",8,0,8
"18488","3679新至陞","110/07/09","元大-永春",0,5,-5
"18489","3679新至陞","110/07/09","兆豐-來福",7,0,7
"18490","3679新至陞","110/07/09","日盛-和美",0,4,-4
"18491","3679新至陞","110/07/09","香港上海匯豐",5,0,5
"18492","3679新至陞","110/07/09","元大-雙和",0,3,-3
"18493","3679新至陞","110/07/09","台中銀-員林",3,0,3
"18494","3679新至陞","110/07/09","永豐金-屏東",0,3,-3
"18495","3679新至陞","110/07/09","新光",3,0,3
"18496","3679新至陞","110/07/09","彰銀",0,2,-2
"18497","3679新至陞","110/07/09","土銀-花蓮",2,0,2
"18498","3679新至陞","110/07/09","宏遠-館前",0,2,-2
"18499","3679新至陞","110/07/09","第一金-澎湖",2,0,2
"18500","3679新至陞","110/07/09","港商野村",0,2,-2
"18501","3679新至陞","110/07/09","摩根大通",2,0,2
"18502","3679新至陞","110/07/09","大昌-新店",0,2,-2
"18503","3679新至陞","110/07/09","國泰-敦南",2,0,2
"18504","3679新至陞","110/07/09","元大-新莊",0,2,-2
"18505","3679新至陞","110/07/09","元大-淡水",4,2,2
"18506","3679新至陞","110/07/09","元大-板橋",0,2,-2
"18507","3679新至陞","110/07/09","日盛-士林",1,0,1
"18508","3679新至陞","110/07/09","台灣摩根士丹利",0,1,-1
"18509","3679新至陞","110/07/09","日盛-信義",1,0,1
"18510","3679新至陞","110/07/09","第一金-高雄",0,1,-1
"18511","2727王品","110/07/09","台灣匯立證券",90,0,90
"18512","2727王品","110/07/09","台灣摩根士丹利",0,267,-267
"18513","2727王品","110/07/09","國泰-敦南",166,84,82
"18514","2727王品","110/07/09","富邦-台北",35,299,-264
"18515","2727王品","110/07/09","富邦-仁愛",56,12,44
"18516","2727王品","110/07/09","凱基-台北",174,296,-122
"18517","2727王品","110/07/09","台新證券",109,66,43
"18518","2727王品","110/07/09","第一金",2,102,-100
"18519","2727王品","110/07/09","新光",117,87,30
"18520","2727王品","110/07/09","群益金鼎-大安",0,80,-80
"18521","2727王品","110/07/09","臺銀-臺中",35,6,29
"18522","2727王品","110/07/09","兆豐-大安",7,60,-53
"18523","2727王品","110/07/09","元大-桃園",32,3,29
"18524","2727王品","110/07/09","永豐金-南投",0,50,-50
"18525","2727王品","110/07/09","元富-宜蘭",34,6,28
"18526","2727王品","110/07/09","新加坡商瑞銀",6,46,-40
"18527","2727王品","110/07/09","玉山-台中",34,8,26
"18528","2727王品","110/07/09","合庫-彰化",11,50,-39
"18529","2727王品","110/07/09","群益金鼎-宜蘭",30,4,26
"18530","2727王品","110/07/09","永豐金-萬盛",13,52,-39
"18531","2727王品","110/07/09","富邦-台中",42,16,26
"18532","2727王品","110/07/09","瑞士信貸",0,34,-34
"18533","2727王品","110/07/09","第一金-豐原",25,1,24
"18534","2727王品","110/07/09","元大-和平",4,35,-31
"18535","2727王品","110/07/09","臺銀",30,8,22
"18536","2727王品","110/07/09","美林",14,44,-30
"18537","2727王品","110/07/09","兆豐-來福",23,1,22
"18538","2727王品","110/07/09","元大-員林",9,38,-29
"18539","2727王品","110/07/09","玉山-士林",22,2,20
"18540","2727王品","110/07/09","元富-西松",4,31,-27
"18541","1570力肯","110/07/09","凱基-台北",30,1,29
"18542","1570力肯","110/07/09","群益金鼎-彰化",0,20,-20
"18543","1570力肯","110/07/09","新光-台南",20,0,20
"18544","1570力肯","110/07/09","元大-土城學府",0,20,-20
"18545","1570力肯","110/07/09","元大-高雄",20,0,20
"18546","1570力肯","110/07/09","元大-大統",0,16,-16
"18547","1570力肯","110/07/09","國票-中正",12,0,12
"18548","1570力肯","110/07/09","元大-新營",0,11,-11
"18549","1570力肯","110/07/09","日盛-高雄",6,0,6
"18550","1570力肯","110/07/09","元大-和平",0,10,-10
"18551","1570力肯","110/07/09","元富-緯城",6,0,6
"18552","1570力肯","110/07/09","元大-草屯",0,10,-10
"18553","1570力肯","110/07/09","群益金鼎-台南",6,0,6
"18554","1570力肯","110/07/09","元大-鹿港",0,9,-9
"18555","1570力肯","110/07/09","華南永昌-岡山",6,0,6
"18556","1570力肯","110/07/09","合庫-基隆",0,7,-7
"18557","1570力肯","110/07/09","統一-中壢",5,0,5
"18558","1570力肯","110/07/09","摩根大通",2,8,-6
"18559","1570力肯","110/07/09","凱基-三峽",5,0,5
"18560","1570力肯","110/07/09","台灣企銀-豐原",0,4,-4
"18561","1570力肯","110/07/09","大昌-樹林",4,0,4
"18562","1570力肯","110/07/09","日盛-桃園",0,4,-4
"18563","1570力肯","110/07/09","新光",3,0,3
"18564","1570力肯","110/07/09","國泰-高雄",0,3,-3
"18565","1570力肯","110/07/09","富邦-新竹華信",3,0,3
"18566","1570力肯","110/07/09","永豐金-敦南",0,3,-3
"18567","1570力肯","110/07/09","合庫-台中",2,0,2
"18568","1570力肯","110/07/09","土銀-彰化",0,2,-2
"18569","1570力肯","110/07/09","臺銀-臺中",2,0,2
"18570","1570力肯","110/07/09","臺銀-鳳山",0,2,-2
"18571","6180橘子","110/07/09","摩根大通",63,1,62
"18572","6180橘子","110/07/09","元大-南京",1,32,-31
"18573","6180橘子","110/07/09","富邦-陽明",73,33,40
"18574","6180橘子","110/07/09","群益金鼎-台北",0,25,-25
"18575","6180橘子","110/07/09","新加坡商瑞銀",31,0,31
"18576","6180橘子","110/07/09","兆豐-復興",0,21,-21
"18577","6180橘子","110/07/09","美商高盛",25,0,25
"18578","6180橘子","110/07/09","永豐金-嘉義",0,21,-21
"18579","6180橘子","110/07/09","凱基-台北",26,10,16
"18580","6180橘子","110/07/09","凱基-中壢",8,24,-16
"18581","6180橘子","110/07/09","華南永昌-楠梓",13,0,13
"18582","6180橘子","110/07/09","致和-崇德",0,15,-15
"18583","6180橘子","110/07/09","華南永昌-朴子",11,0,11
"18584","6180橘子","110/07/09","群益金鼎-屏東",0,15,-15
"18585","6180橘子","110/07/09","元大-北港",11,0,11
"18586","6180橘子","110/07/09","群益金鼎-中山",0,15,-15
"18587","6180橘子","110/07/09","元大-成功",10,1,9
"18588","6180橘子","110/07/09","瑞士信貸",1,15,-14
"18589","6180橘子","110/07/09","新光",26,18,8
"18590","6180橘子","110/07/09","日盛-二林",0,10,-10
"18591","6180橘子","110/07/09","統一-三重",6,0,6
"18592","6180橘子","110/07/09","凱基-東門",0,10,-10
"18593","6180橘子","110/07/09","群益金鼎-嘉義",6,0,6
"18594","6180橘子","110/07/09","華南永昌-三重",0,10,-10
"18595","6180橘子","110/07/09","元大-員林中山",6,0,6
"18596","6180橘子","110/07/09","元大-彰化民生",1,11,-10
"18597","6180橘子","110/07/09","合庫-鳳山",5,0,5
"18598","6180橘子","110/07/09","永豐金-新店",1,11,-10
"18599","6180橘子","110/07/09","富邦-建國",6,1,5
"18600","6180橘子","110/07/09","群益金鼎-丹鳳",0,8,-8
"18601","2390云辰","110/07/09","摩根大通",279,56,223
"18602","2390云辰","110/07/09","元大-天母",0,127,-127
"18603","2390云辰","110/07/09","日盛-鳳山",110,2,108
"18604","2390云辰","110/07/09","中國信託-文心",5,109,-104
"18605","2390云辰","110/07/09","宏遠證券",100,0,100
"18606","2390云辰","110/07/09","永豐金-復興",0,55,-55
"18607","2390云辰","110/07/09","元大-大里",63,6,57
"18608","2390云辰","110/07/09","凱基-台北",239,286,-47
"18609","2390云辰","110/07/09","凱基-八德",59,10,49
"18610","2390云辰","110/07/09","德信",2,32,-30
"18611","2390云辰","110/07/09","合庫-新竹",40,0,40
"18612","2390云辰","110/07/09","兆豐-桃鶯",2,32,-30
"18613","2390云辰","110/07/09","國票",40,1,39
"18614","2390云辰","110/07/09","致和-南京",0,30,-30
"18615","2390云辰","110/07/09","新加坡商瑞銀",49,13,36
"18616","2390云辰","110/07/09","富邦-虎尾",1,31,-30
"18617","2390云辰","110/07/09","統一-新台中",36,2,34
"18618","2390云辰","110/07/09","元大-善化",2,31,-29
"18619","2390云辰","110/07/09","國票-嘉義",31,0,31
"18620","2390云辰","110/07/09","富邦-板橋",0,27,-27
"18621","2390云辰","110/07/09","華南永昌",35,7,28
"18622","2390云辰","110/07/09","富邦-永和",3,28,-25
"18623","2390云辰","110/07/09","玉山-台中",49,22,27
"18624","2390云辰","110/07/09","第一金-自由",20,44,-24
"18625","2390云辰","110/07/09","華南永昌-敦南",25,0,25
"18626","2390云辰","110/07/09","凱基-內湖",0,24,-24
"18627","2390云辰","110/07/09","新光-高雄",27,4,23
"18628","2390云辰","110/07/09","元大-汐止",1,24,-23
"18629","2390云辰","110/07/09","台灣摩根士丹利",85,63,22
"18630","2390云辰","110/07/09","新光-台中",12,33,-21
"18631","4903聯光通","110/07/09","元大-敦南",10,0,10
"18632","4903聯光通","110/07/09","第一金-台中",0,12,-12
"18633","4903聯光通","110/07/09","凱基-士林",5,0,5
"18634","4903聯光通","110/07/09","日盛-忠孝",0,3,-3
"18635","4903聯光通","110/07/09","元大-苗栗",5,0,5
"18636","4903聯光通","110/07/09","群益金鼎-崇德",0,3,-3
"18637","4903聯光通","110/07/09","元大-屏南",3,0,3
"18638","4903聯光通","110/07/09","國票-內壢",0,2,-2
"18639","4903聯光通","110/07/09","中國信託-永康",1,0,1
"18640","4903聯光通","110/07/09","康和-南崁",0,2,-2
"18641","4903聯光通","110/07/09","玉山證券",1,0,1
"18642","4903聯光通","110/07/09","新光-台中",0,2,-2
"18643","4903聯光通","110/07/09","元大-太平",4,3,1
"18644","4903聯光通","110/07/09","玉山-城中",0,2,-2
"18645","4903聯光通","110/07/09","永豐金-嘉義",1,0,1
"18646","4903聯光通","110/07/09","中國信託-文心",0,1,-1
"18647","4903聯光通","110/07/09","大昌",0,0,0
"18648","4903聯光通","110/07/09","大昌",0,0,0
"18649","4903聯光通","110/07/09","中農",0,0,0
"18650","4903聯光通","110/07/09","中農",0,0,0
"18651","4903聯光通","110/07/09","",NA,NA,NA
"18652","4903聯光通","110/07/09","",NA,NA,NA
"18653","4903聯光通","110/07/09","",NA,NA,NA
"18654","4903聯光通","110/07/09","",NA,NA,NA
"18655","4903聯光通","110/07/09","",NA,NA,NA
"18656","4903聯光通","110/07/09","",NA,NA,NA
"18657","4903聯光通","110/07/09","",NA,NA,NA
"18658","4903聯光通","110/07/09","",NA,NA,NA
"18659","4903聯光通","110/07/09","",NA,NA,NA
"18660","4903聯光通","110/07/09","",NA,NA,NA
"18661","2929淘帝","110/07/09","台中銀-台北",110,0,110
"18662","2929淘帝","110/07/09","新光",2,82,-80
"18663","2929淘帝","110/07/09","華南永昌-頭份",72,0,72
"18664","2929淘帝","110/07/09","摩根大通",2,63,-61
"18665","2929淘帝","110/07/09","合庫-高雄",71,0,71
"18666","2929淘帝","110/07/09","第一金-路竹",0,50,-50
"18667","2929淘帝","110/07/09","高橋-龍潭",37,0,37
"18668","2929淘帝","110/07/09","港商麥格理",0,42,-42
"18669","2929淘帝","110/07/09","新光-台中",60,26,34
"18670","2929淘帝","110/07/09","陽信-石牌",0,40,-40
"18671","2929淘帝","110/07/09","元富-大裕",22,1,21
"18672","2929淘帝","110/07/09","台新-左楠",1,39,-38
"18673","2929淘帝","110/07/09","合庫-鳳山",20,0,20
"18674","2929淘帝","110/07/09","凱基-桃園",3,29,-26
"18675","2929淘帝","110/07/09","元大-員林",22,2,20
"18676","2929淘帝","110/07/09","兆豐-內湖",0,25,-25
"18677","2929淘帝","110/07/09","台新-建北",15,0,15
"18678","2929淘帝","110/07/09","元大-北港",0,20,-20
"18679","2929淘帝","110/07/09","兆豐-桃園",13,0,13
"18680","2929淘帝","110/07/09","富邦-北港",0,19,-19
"18681","2929淘帝","110/07/09","兆豐-忠孝",10,0,10
"18682","2929淘帝","110/07/09","富邦-花蓮",0,17,-17
"18683","2929淘帝","110/07/09","國票-敦北法人",10,0,10
"18684","2929淘帝","110/07/09","國泰-台中",2,17,-15
"18685","2929淘帝","110/07/09","永豐金-博愛",10,0,10
"18686","2929淘帝","110/07/09","群益金鼎-彰化",0,15,-15
"18687","2929淘帝","110/07/09","群益金鼎-潭子",8,0,8
"18688","2929淘帝","110/07/09","元大-博愛",0,14,-14
"18689","2929淘帝","110/07/09","富邦-南屯",8,0,8
"18690","2929淘帝","110/07/09","日盛-板橋",0,13,-13
"18691","5410國眾","110/07/09","元大-新盛",14,0,14
"18692","5410國眾","110/07/09","(牛牛牛)亞-鑫豐",1,41,-40
"18693","5410國眾","110/07/09","台灣企銀-民雄",10,0,10
"18694","5410國眾","110/07/09","元富-嘉義",0,25,-25
"18695","5410國眾","110/07/09","元富-虎尾",9,0,9
"18696","5410國眾","110/07/09","凱基-高美館",0,10,-10
"18697","5410國眾","110/07/09","摩根大通",10,1,9
"18698","5410國眾","110/07/09","凱基-城中",0,10,-10
"18699","5410國眾","110/07/09","兆豐-北高雄",7,0,7
"18700","5410國眾","110/07/09","元大-頭份",0,10,-10
"18701","5410國眾","110/07/09","凱基-台北",8,1,7
"18702","5410國眾","110/07/09","群益金鼎-丹鳳",0,7,-7
"18703","5410國眾","110/07/09","華南永昌-公誠",7,0,7
"18704","5410國眾","110/07/09","凱基-復興",0,7,-7
"18705","5410國眾","110/07/09","香港上海匯豐",6,0,6
"18706","5410國眾","110/07/09","元大-員林",0,7,-7
"18707","5410國眾","110/07/09","凱基-中壢",6,0,6
"18708","5410國眾","110/07/09","富邦-竹東",0,6,-6
"18709","5410國眾","110/07/09","華南永昌-南京",6,0,6
"18710","5410國眾","110/07/09","亞東-高雄",0,5,-5
"18711","5410國眾","110/07/09","統一-三重",5,0,5
"18712","5410國眾","110/07/09","大慶-中壢",1,6,-5
"18713","5410國眾","110/07/09","富邦-宜蘭",5,0,5
"18714","5410國眾","110/07/09","群益金鼎-中港",0,5,-5
"18715","5410國眾","110/07/09","元大-崇德",5,0,5
"18716","5410國眾","110/07/09","元大-八德",0,5,-5
"18717","5410國眾","110/07/09","元大-博愛",5,0,5
"18718","5410國眾","110/07/09","富邦-基隆",0,4,-4
"18719","5410國眾","110/07/09","元大-龍潭",5,0,5
"18720","5410國眾","110/07/09","臺銀-新竹",0,3,-3
"18721","2841台開","110/07/09","日盛-雙和",102,0,102
"18722","2841台開","110/07/09","港商野村",0,129,-129
"18723","2841台開","110/07/09","元大-館前",70,0,70
"18724","2841台開","110/07/09","兆豐-永和",0,100,-100
"18725","2841台開","110/07/09","凱基-文心",50,0,50
"18726","2841台開","110/07/09","台新證券",7,28,-21
"18727","2841台開","110/07/09","富邦-嘉義",40,0,40
"18728","2841台開","110/07/09","國票-北高雄",0,20,-20
"18729","2841台開","110/07/09","美商高盛",15,0,15
"18730","2841台開","110/07/09","永豐金-敦南",29,46,-17
"18731","2841台開","110/07/09","台中銀",15,0,15
"18732","2841台開","110/07/09","合庫-基隆",0,12,-12
"18733","2841台開","110/07/09","新光",11,0,11
"18734","2841台開","110/07/09","中國信託-松江",0,12,-12
"18735","2841台開","110/07/09","華南永昌-長虹",10,0,10
"18736","2841台開","110/07/09","兆豐-城中",0,12,-12
"18737","2841台開","110/07/09","永豐金-南投",10,0,10
"18738","2841台開","110/07/09","台中銀-豐原",0,10,-10
"18739","2841台開","110/07/09","合庫-桃園",7,0,7
"18740","2841台開","110/07/09","兆豐-景美",0,10,-10
"18741","2841台開","110/07/09","群益金鼎-古亭",7,0,7
"18742","2841台開","110/07/09","群益金鼎-基隆",0,10,-10
"18743","2841台開","110/07/09","國泰-敦南",6,0,6
"18744","2841台開","110/07/09","元大-北三重",0,10,-10
"18745","2841台開","110/07/09","凱基-桃園",8,2,6
"18746","2841台開","110/07/09","(牛牛牛)亞-網路",0,9,-9
"18747","2841台開","110/07/09","日盛證券",5,0,5
"18748","2841台開","110/07/09","台新-高雄",1,10,-9
"18749","2841台開","110/07/09","元富-文心",5,0,5
"18750","2841台開","110/07/09","凱基-台北",0,7,-7
"18751","6207雷科","110/07/09","群益金鼎-新竹",47,0,47
"18752","6207雷科","110/07/09","新光",7,24,-17
"18753","6207雷科","110/07/09","永豐金-三重",31,0,31
"18754","6207雷科","110/07/09","日盛-和美",0,15,-15
"18755","6207雷科","110/07/09","新加坡商瑞銀",33,5,28
"18756","6207雷科","110/07/09","國泰-台南",0,15,-15
"18757","6207雷科","110/07/09","元大-高雄",26,0,26
"18758","6207雷科","110/07/09","華南永昌-古亭",0,14,-14
"18759","6207雷科","110/07/09","統一-員林",22,0,22
"18760","6207雷科","110/07/09","土銀-白河",0,11,-11
"18761","6207雷科","110/07/09","台新-高雄",22,0,22
"18762","6207雷科","110/07/09","日盛-台南",0,10,-10
"18763","6207雷科","110/07/09","摩根大通",34,17,17
"18764","6207雷科","110/07/09","元富-林園",0,10,-10
"18765","6207雷科","110/07/09","元大-博愛",17,1,16
"18766","6207雷科","110/07/09","富邦-園區",0,10,-10
"18767","6207雷科","110/07/09","日茂-埔里",12,0,12
"18768","6207雷科","110/07/09","元大-上新莊",0,10,-10
"18769","6207雷科","110/07/09","國泰-台中",17,6,11
"18770","6207雷科","110/07/09","永豐金-南京",0,10,-10
"18771","6207雷科","110/07/09","富邦-三重",10,0,10
"18772","6207雷科","110/07/09","兆豐-小港",0,6,-6
"18773","6207雷科","110/07/09","元大-沙鹿",10,0,10
"18774","6207雷科","110/07/09","富邦-羅東",1,7,-6
"18775","6207雷科","110/07/09","元大-八德",10,0,10
"18776","6207雷科","110/07/09","元大-土城永寧",0,6,-6
"18777","6207雷科","110/07/09","第一金-路竹",11,2,9
"18778","6207雷科","110/07/09","永豐金-板盛",0,6,-6
"18779","6207雷科","110/07/09","統一-南京",5,0,5
"18780","6207雷科","110/07/09","日盛-板橋",0,5,-5
"18781","3679新至陞","110/07/09","元大-大天母",10,0,10
"18782","3679新至陞","110/07/09","第一金-光復",0,11,-11
"18783","3679新至陞","110/07/09","日盛-樹林",9,0,9
"18784","3679新至陞","110/07/09","瑞士信貸",0,8,-8
"18785","3679新至陞","110/07/09","凱基-台北",11,2,9
"18786","3679新至陞","110/07/09","大慶-苗栗",0,5,-5
"18787","3679新至陞","110/07/09","華南永昌-小港",8,0,8
"18788","3679新至陞","110/07/09","元大-永春",0,5,-5
"18789","3679新至陞","110/07/09","兆豐-來福",7,0,7
"18790","3679新至陞","110/07/09","日盛-和美",0,4,-4
"18791","3679新至陞","110/07/09","香港上海匯豐",5,0,5
"18792","3679新至陞","110/07/09","元大-雙和",0,3,-3
"18793","3679新至陞","110/07/09","台中銀-員林",3,0,3
"18794","3679新至陞","110/07/09","永豐金-屏東",0,3,-3
"18795","3679新至陞","110/07/09","新光",3,0,3
"18796","3679新至陞","110/07/09","彰銀",0,2,-2
"18797","3679新至陞","110/07/09","土銀-花蓮",2,0,2
"18798","3679新至陞","110/07/09","宏遠-館前",0,2,-2
"18799","3679新至陞","110/07/09","第一金-澎湖",2,0,2
"18800","3679新至陞","110/07/09","港商野村",0,2,-2
"18801","3679新至陞","110/07/09","摩根大通",2,0,2
"18802","3679新至陞","110/07/09","大昌-新店",0,2,-2
"18803","3679新至陞","110/07/09","國泰-敦南",2,0,2
"18804","3679新至陞","110/07/09","元大-新莊",0,2,-2
"18805","3679新至陞","110/07/09","元大-淡水",4,2,2
"18806","3679新至陞","110/07/09","元大-板橋",0,2,-2
"18807","3679新至陞","110/07/09","日盛-士林",1,0,1
"18808","3679新至陞","110/07/09","台灣摩根士丹利",0,1,-1
"18809","3679新至陞","110/07/09","日盛-信義",1,0,1
"18810","3679新至陞","110/07/09","第一金-高雄",0,1,-1
"18811","2727王品","110/07/09","台灣匯立證券",90,0,90
"18812","2727王品","110/07/09","台灣摩根士丹利",0,267,-267
"18813","2727王品","110/07/09","國泰-敦南",166,84,82
"18814","2727王品","110/07/09","富邦-台北",35,299,-264
"18815","2727王品","110/07/09","富邦-仁愛",56,12,44
"18816","2727王品","110/07/09","凱基-台北",174,296,-122
"18817","2727王品","110/07/09","台新證券",109,66,43
"18818","2727王品","110/07/09","第一金",2,102,-100
"18819","2727王品","110/07/09","新光",117,87,30
"18820","2727王品","110/07/09","群益金鼎-大安",0,80,-80
"18821","2727王品","110/07/09","臺銀-臺中",35,6,29
"18822","2727王品","110/07/09","兆豐-大安",7,60,-53
"18823","2727王品","110/07/09","元大-桃園",32,3,29
"18824","2727王品","110/07/09","永豐金-南投",0,50,-50
"18825","2727王品","110/07/09","元富-宜蘭",34,6,28
"18826","2727王品","110/07/09","新加坡商瑞銀",6,46,-40
"18827","2727王品","110/07/09","玉山-台中",34,8,26
"18828","2727王品","110/07/09","合庫-彰化",11,50,-39
"18829","2727王品","110/07/09","群益金鼎-宜蘭",30,4,26
"18830","2727王品","110/07/09","永豐金-萬盛",13,52,-39
"18831","2727王品","110/07/09","富邦-台中",42,16,26
"18832","2727王品","110/07/09","瑞士信貸",0,34,-34
"18833","2727王品","110/07/09","第一金-豐原",25,1,24
"18834","2727王品","110/07/09","元大-和平",4,35,-31
"18835","2727王品","110/07/09","臺銀",30,8,22
"18836","2727王品","110/07/09","美林",14,44,-30
"18837","2727王品","110/07/09","兆豐-來福",23,1,22
"18838","2727王品","110/07/09","元大-員林",9,38,-29
"18839","2727王品","110/07/09","玉山-士林",22,2,20
"18840","2727王品","110/07/09","元富-西松",4,31,-27
"18841","1570力肯","110/07/09","凱基-台北",30,1,29
"18842","1570力肯","110/07/09","群益金鼎-彰化",0,20,-20
"18843","1570力肯","110/07/09","新光-台南",20,0,20
"18844","1570力肯","110/07/09","元大-土城學府",0,20,-20
"18845","1570力肯","110/07/09","元大-高雄",20,0,20
"18846","1570力肯","110/07/09","元大-大統",0,16,-16
"18847","1570力肯","110/07/09","國票-中正",12,0,12
"18848","1570力肯","110/07/09","元大-新營",0,11,-11
"18849","1570力肯","110/07/09","日盛-高雄",6,0,6
"18850","1570力肯","110/07/09","元大-和平",0,10,-10
"18851","1570力肯","110/07/09","元富-緯城",6,0,6
"18852","1570力肯","110/07/09","元大-草屯",0,10,-10
"18853","1570力肯","110/07/09","群益金鼎-台南",6,0,6
"18854","1570力肯","110/07/09","元大-鹿港",0,9,-9
"18855","1570力肯","110/07/09","華南永昌-岡山",6,0,6
"18856","1570力肯","110/07/09","合庫-基隆",0,7,-7
"18857","1570力肯","110/07/09","統一-中壢",5,0,5
"18858","1570力肯","110/07/09","摩根大通",2,8,-6
"18859","1570力肯","110/07/09","凱基-三峽",5,0,5
"18860","1570力肯","110/07/09","台灣企銀-豐原",0,4,-4
"18861","1570力肯","110/07/09","大昌-樹林",4,0,4
"18862","1570力肯","110/07/09","日盛-桃園",0,4,-4
"18863","1570力肯","110/07/09","新光",3,0,3
"18864","1570力肯","110/07/09","國泰-高雄",0,3,-3
"18865","1570力肯","110/07/09","富邦-新竹華信",3,0,3
"18866","1570力肯","110/07/09","永豐金-敦南",0,3,-3
"18867","1570力肯","110/07/09","合庫-台中",2,0,2
"18868","1570力肯","110/07/09","土銀-彰化",0,2,-2
"18869","1570力肯","110/07/09","臺銀-臺中",2,0,2
"18870","1570力肯","110/07/09","臺銀-鳳山",0,2,-2
"18871","6180橘子","110/07/09","摩根大通",63,1,62
"18872","6180橘子","110/07/09","元大-南京",1,32,-31
"18873","6180橘子","110/07/09","富邦-陽明",73,33,40
"18874","6180橘子","110/07/09","群益金鼎-台北",0,25,-25
"18875","6180橘子","110/07/09","新加坡商瑞銀",31,0,31
"18876","6180橘子","110/07/09","兆豐-復興",0,21,-21
"18877","6180橘子","110/07/09","美商高盛",25,0,25
"18878","6180橘子","110/07/09","永豐金-嘉義",0,21,-21
"18879","6180橘子","110/07/09","凱基-台北",26,10,16
"18880","6180橘子","110/07/09","凱基-中壢",8,24,-16
"18881","6180橘子","110/07/09","華南永昌-楠梓",13,0,13
"18882","6180橘子","110/07/09","致和-崇德",0,15,-15
"18883","6180橘子","110/07/09","華南永昌-朴子",11,0,11
"18884","6180橘子","110/07/09","群益金鼎-屏東",0,15,-15
"18885","6180橘子","110/07/09","元大-北港",11,0,11
"18886","6180橘子","110/07/09","群益金鼎-中山",0,15,-15
"18887","6180橘子","110/07/09","元大-成功",10,1,9
"18888","6180橘子","110/07/09","瑞士信貸",1,15,-14
"18889","6180橘子","110/07/09","新光",26,18,8
"18890","6180橘子","110/07/09","日盛-二林",0,10,-10
"18891","6180橘子","110/07/09","統一-三重",6,0,6
"18892","6180橘子","110/07/09","凱基-東門",0,10,-10
"18893","6180橘子","110/07/09","群益金鼎-嘉義",6,0,6
"18894","6180橘子","110/07/09","華南永昌-三重",0,10,-10
"18895","6180橘子","110/07/09","元大-員林中山",6,0,6
"18896","6180橘子","110/07/09","元大-彰化民生",1,11,-10
"18897","6180橘子","110/07/09","合庫-鳳山",5,0,5
"18898","6180橘子","110/07/09","永豐金-新店",1,11,-10
"18899","6180橘子","110/07/09","富邦-建國",6,1,5
"18900","6180橘子","110/07/09","群益金鼎-丹鳳",0,8,-8
"18901","2390云辰","110/07/09","摩根大通",279,56,223
"18902","2390云辰","110/07/09","元大-天母",0,127,-127
"18903","2390云辰","110/07/09","日盛-鳳山",110,2,108
"18904","2390云辰","110/07/09","中國信託-文心",5,109,-104
"18905","2390云辰","110/07/09","宏遠證券",100,0,100
"18906","2390云辰","110/07/09","永豐金-復興",0,55,-55
"18907","2390云辰","110/07/09","元大-大里",63,6,57
"18908","2390云辰","110/07/09","凱基-台北",239,286,-47
"18909","2390云辰","110/07/09","凱基-八德",59,10,49
"18910","2390云辰","110/07/09","德信",2,32,-30
"18911","2390云辰","110/07/09","合庫-新竹",40,0,40
"18912","2390云辰","110/07/09","兆豐-桃鶯",2,32,-30
"18913","2390云辰","110/07/09","國票",40,1,39
"18914","2390云辰","110/07/09","致和-南京",0,30,-30
"18915","2390云辰","110/07/09","新加坡商瑞銀",49,13,36
"18916","2390云辰","110/07/09","富邦-虎尾",1,31,-30
"18917","2390云辰","110/07/09","統一-新台中",36,2,34
"18918","2390云辰","110/07/09","元大-善化",2,31,-29
"18919","2390云辰","110/07/09","國票-嘉義",31,0,31
"18920","2390云辰","110/07/09","富邦-板橋",0,27,-27
"18921","2390云辰","110/07/09","華南永昌",35,7,28
"18922","2390云辰","110/07/09","富邦-永和",3,28,-25
"18923","2390云辰","110/07/09","玉山-台中",49,22,27
"18924","2390云辰","110/07/09","第一金-自由",20,44,-24
"18925","2390云辰","110/07/09","華南永昌-敦南",25,0,25
"18926","2390云辰","110/07/09","凱基-內湖",0,24,-24
"18927","2390云辰","110/07/09","新光-高雄",27,4,23
"18928","2390云辰","110/07/09","元大-汐止",1,24,-23
"18929","2390云辰","110/07/09","台灣摩根士丹利",85,63,22
"18930","2390云辰","110/07/09","新光-台中",12,33,-21
"18931","4903聯光通","110/07/09","元大-敦南",10,0,10
"18932","4903聯光通","110/07/09","第一金-台中",0,12,-12
"18933","4903聯光通","110/07/09","凱基-士林",5,0,5
"18934","4903聯光通","110/07/09","日盛-忠孝",0,3,-3
"18935","4903聯光通","110/07/09","元大-苗栗",5,0,5
"18936","4903聯光通","110/07/09","群益金鼎-崇德",0,3,-3
"18937","4903聯光通","110/07/09","元大-屏南",3,0,3
"18938","4903聯光通","110/07/09","國票-內壢",0,2,-2
"18939","4903聯光通","110/07/09","中國信託-永康",1,0,1
"18940","4903聯光通","110/07/09","康和-南崁",0,2,-2
"18941","4903聯光通","110/07/09","玉山證券",1,0,1
"18942","4903聯光通","110/07/09","新光-台中",0,2,-2
"18943","4903聯光通","110/07/09","元大-太平",4,3,1
"18944","4903聯光通","110/07/09","玉山-城中",0,2,-2
"18945","4903聯光通","110/07/09","永豐金-嘉義",1,0,1
"18946","4903聯光通","110/07/09","中國信託-文心",0,1,-1
"18947","4903聯光通","110/07/09","大昌",0,0,0
"18948","4903聯光通","110/07/09","大昌",0,0,0
"18949","4903聯光通","110/07/09","中農",0,0,0
"18950","4903聯光通","110/07/09","中農",0,0,0
"18951","4903聯光通","110/07/09","",NA,NA,NA
"18952","4903聯光通","110/07/09","",NA,NA,NA
"18953","4903聯光通","110/07/09","",NA,NA,NA
"18954","4903聯光通","110/07/09","",NA,NA,NA
"18955","4903聯光通","110/07/09","",NA,NA,NA
"18956","4903聯光通","110/07/09","",NA,NA,NA
"18957","4903聯光通","110/07/09","",NA,NA,NA
"18958","4903聯光通","110/07/09","",NA,NA,NA
"18959","4903聯光通","110/07/09","",NA,NA,NA
"18960","4903聯光通","110/07/09","",NA,NA,NA
"18961","2929淘帝","110/07/09","台中銀-台北",110,0,110
"18962","2929淘帝","110/07/09","新光",2,82,-80
"18963","2929淘帝","110/07/09","華南永昌-頭份",72,0,72
"18964","2929淘帝","110/07/09","摩根大通",2,63,-61
"18965","2929淘帝","110/07/09","合庫-高雄",71,0,71
"18966","2929淘帝","110/07/09","第一金-路竹",0,50,-50
"18967","2929淘帝","110/07/09","高橋-龍潭",37,0,37
"18968","2929淘帝","110/07/09","港商麥格理",0,42,-42
"18969","2929淘帝","110/07/09","新光-台中",60,26,34
"18970","2929淘帝","110/07/09","陽信-石牌",0,40,-40
"18971","2929淘帝","110/07/09","元富-大裕",22,1,21
"18972","2929淘帝","110/07/09","台新-左楠",1,39,-38
"18973","2929淘帝","110/07/09","合庫-鳳山",20,0,20
"18974","2929淘帝","110/07/09","凱基-桃園",3,29,-26
"18975","2929淘帝","110/07/09","元大-員林",22,2,20
"18976","2929淘帝","110/07/09","兆豐-內湖",0,25,-25
"18977","2929淘帝","110/07/09","台新-建北",15,0,15
"18978","2929淘帝","110/07/09","元大-北港",0,20,-20
"18979","2929淘帝","110/07/09","兆豐-桃園",13,0,13
"18980","2929淘帝","110/07/09","富邦-北港",0,19,-19
"18981","2929淘帝","110/07/09","兆豐-忠孝",10,0,10
"18982","2929淘帝","110/07/09","富邦-花蓮",0,17,-17
"18983","2929淘帝","110/07/09","國票-敦北法人",10,0,10
"18984","2929淘帝","110/07/09","國泰-台中",2,17,-15
"18985","2929淘帝","110/07/09","永豐金-博愛",10,0,10
"18986","2929淘帝","110/07/09","群益金鼎-彰化",0,15,-15
"18987","2929淘帝","110/07/09","群益金鼎-潭子",8,0,8
"18988","2929淘帝","110/07/09","元大-博愛",0,14,-14
"18989","2929淘帝","110/07/09","富邦-南屯",8,0,8
"18990","2929淘帝","110/07/09","日盛-板橋",0,13,-13
"18991","5410國眾","110/07/09","元大-新盛",14,0,14
"18992","5410國眾","110/07/09","(牛牛牛)亞-鑫豐",1,41,-40
"18993","5410國眾","110/07/09","台灣企銀-民雄",10,0,10
"18994","5410國眾","110/07/09","元富-嘉義",0,25,-25
"18995","5410國眾","110/07/09","元富-虎尾",9,0,9
"18996","5410國眾","110/07/09","凱基-高美館",0,10,-10
"18997","5410國眾","110/07/09","摩根大通",10,1,9
"18998","5410國眾","110/07/09","凱基-城中",0,10,-10
"18999","5410國眾","110/07/09","兆豐-北高雄",7,0,7
"19000","5410國眾","110/07/09","元大-頭份",0,10,-10
"19001","5410國眾","110/07/09","凱基-台北",8,1,7
"19002","5410國眾","110/07/09","群益金鼎-丹鳳",0,7,-7
"19003","5410國眾","110/07/09","華南永昌-公誠",7,0,7
"19004","5410國眾","110/07/09","凱基-復興",0,7,-7
"19005","5410國眾","110/07/09","香港上海匯豐",6,0,6
"19006","5410國眾","110/07/09","元大-員林",0,7,-7
"19007","5410國眾","110/07/09","凱基-中壢",6,0,6
"19008","5410國眾","110/07/09","富邦-竹東",0,6,-6
"19009","5410國眾","110/07/09","華南永昌-南京",6,0,6
"19010","5410國眾","110/07/09","亞東-高雄",0,5,-5
"19011","5410國眾","110/07/09","統一-三重",5,0,5
"19012","5410國眾","110/07/09","大慶-中壢",1,6,-5
"19013","5410國眾","110/07/09","富邦-宜蘭",5,0,5
"19014","5410國眾","110/07/09","群益金鼎-中港",0,5,-5
"19015","5410國眾","110/07/09","元大-崇德",5,0,5
"19016","5410國眾","110/07/09","元大-八德",0,5,-5
"19017","5410國眾","110/07/09","元大-博愛",5,0,5
"19018","5410國眾","110/07/09","富邦-基隆",0,4,-4
"19019","5410國眾","110/07/09","元大-龍潭",5,0,5
"19020","5410國眾","110/07/09","臺銀-新竹",0,3,-3
"19021","2841台開","110/07/09","日盛-雙和",102,0,102
"19022","2841台開","110/07/09","港商野村",0,129,-129
"19023","2841台開","110/07/09","元大-館前",70,0,70
"19024","2841台開","110/07/09","兆豐-永和",0,100,-100
"19025","2841台開","110/07/09","凱基-文心",50,0,50
"19026","2841台開","110/07/09","台新證券",7,28,-21
"19027","2841台開","110/07/09","富邦-嘉義",40,0,40
"19028","2841台開","110/07/09","國票-北高雄",0,20,-20
"19029","2841台開","110/07/09","美商高盛",15,0,15
"19030","2841台開","110/07/09","永豐金-敦南",29,46,-17
"19031","2841台開","110/07/09","台中銀",15,0,15
"19032","2841台開","110/07/09","合庫-基隆",0,12,-12
"19033","2841台開","110/07/09","新光",11,0,11
"19034","2841台開","110/07/09","中國信託-松江",0,12,-12
"19035","2841台開","110/07/09","華南永昌-長虹",10,0,10
"19036","2841台開","110/07/09","兆豐-城中",0,12,-12
"19037","2841台開","110/07/09","永豐金-南投",10,0,10
"19038","2841台開","110/07/09","台中銀-豐原",0,10,-10
"19039","2841台開","110/07/09","合庫-桃園",7,0,7
"19040","2841台開","110/07/09","兆豐-景美",0,10,-10
"19041","2841台開","110/07/09","群益金鼎-古亭",7,0,7
"19042","2841台開","110/07/09","群益金鼎-基隆",0,10,-10
"19043","2841台開","110/07/09","國泰-敦南",6,0,6
"19044","2841台開","110/07/09","元大-北三重",0,10,-10
"19045","2841台開","110/07/09","凱基-桃園",8,2,6
"19046","2841台開","110/07/09","(牛牛牛)亞-網路",0,9,-9
"19047","2841台開","110/07/09","日盛證券",5,0,5
"19048","2841台開","110/07/09","台新-高雄",1,10,-9
"19049","2841台開","110/07/09","元富-文心",5,0,5
"19050","2841台開","110/07/09","凱基-台北",0,7,-7
"19051","6207雷科","110/07/09","群益金鼎-新竹",47,0,47
"19052","6207雷科","110/07/09","新光",7,24,-17
"19053","6207雷科","110/07/09","永豐金-三重",31,0,31
"19054","6207雷科","110/07/09","日盛-和美",0,15,-15
"19055","6207雷科","110/07/09","新加坡商瑞銀",33,5,28
"19056","6207雷科","110/07/09","國泰-台南",0,15,-15
"19057","6207雷科","110/07/09","元大-高雄",26,0,26
"19058","6207雷科","110/07/09","華南永昌-古亭",0,14,-14
"19059","6207雷科","110/07/09","統一-員林",22,0,22
"19060","6207雷科","110/07/09","土銀-白河",0,11,-11
"19061","6207雷科","110/07/09","台新-高雄",22,0,22
"19062","6207雷科","110/07/09","日盛-台南",0,10,-10
"19063","6207雷科","110/07/09","摩根大通",34,17,17
"19064","6207雷科","110/07/09","元富-林園",0,10,-10
"19065","6207雷科","110/07/09","元大-博愛",17,1,16
"19066","6207雷科","110/07/09","富邦-園區",0,10,-10
"19067","6207雷科","110/07/09","日茂-埔里",12,0,12
"19068","6207雷科","110/07/09","元大-上新莊",0,10,-10
"19069","6207雷科","110/07/09","國泰-台中",17,6,11
"19070","6207雷科","110/07/09","永豐金-南京",0,10,-10
"19071","6207雷科","110/07/09","富邦-三重",10,0,10
"19072","6207雷科","110/07/09","兆豐-小港",0,6,-6
"19073","6207雷科","110/07/09","元大-沙鹿",10,0,10
"19074","6207雷科","110/07/09","富邦-羅東",1,7,-6
"19075","6207雷科","110/07/09","元大-八德",10,0,10
"19076","6207雷科","110/07/09","元大-土城永寧",0,6,-6
"19077","6207雷科","110/07/09","第一金-路竹",11,2,9
"19078","6207雷科","110/07/09","永豐金-板盛",0,6,-6
"19079","6207雷科","110/07/09","統一-南京",5,0,5
"19080","6207雷科","110/07/09","日盛-板橋",0,5,-5
"19081","3679新至陞","110/07/09","元大-大天母",10,0,10
"19082","3679新至陞","110/07/09","第一金-光復",0,11,-11
"19083","3679新至陞","110/07/09","日盛-樹林",9,0,9
"19084","3679新至陞","110/07/09","瑞士信貸",0,8,-8
"19085","3679新至陞","110/07/09","凱基-台北",11,2,9
"19086","3679新至陞","110/07/09","大慶-苗栗",0,5,-5
"19087","3679新至陞","110/07/09","華南永昌-小港",8,0,8
"19088","3679新至陞","110/07/09","元大-永春",0,5,-5
"19089","3679新至陞","110/07/09","兆豐-來福",7,0,7
"19090","3679新至陞","110/07/09","日盛-和美",0,4,-4
"19091","3679新至陞","110/07/09","香港上海匯豐",5,0,5
"19092","3679新至陞","110/07/09","元大-雙和",0,3,-3
"19093","3679新至陞","110/07/09","台中銀-員林",3,0,3
"19094","3679新至陞","110/07/09","永豐金-屏東",0,3,-3
"19095","3679新至陞","110/07/09","新光",3,0,3
"19096","3679新至陞","110/07/09","彰銀",0,2,-2
"19097","3679新至陞","110/07/09","土銀-花蓮",2,0,2
"19098","3679新至陞","110/07/09","宏遠-館前",0,2,-2
"19099","3679新至陞","110/07/09","第一金-澎湖",2,0,2
"19100","3679新至陞","110/07/09","港商野村",0,2,-2
"19101","3679新至陞","110/07/09","摩根大通",2,0,2
"19102","3679新至陞","110/07/09","大昌-新店",0,2,-2
"19103","3679新至陞","110/07/09","國泰-敦南",2,0,2
"19104","3679新至陞","110/07/09","元大-新莊",0,2,-2
"19105","3679新至陞","110/07/09","元大-淡水",4,2,2
"19106","3679新至陞","110/07/09","元大-板橋",0,2,-2
"19107","3679新至陞","110/07/09","日盛-士林",1,0,1
"19108","3679新至陞","110/07/09","台灣摩根士丹利",0,1,-1
"19109","3679新至陞","110/07/09","日盛-信義",1,0,1
"19110","3679新至陞","110/07/09","第一金-高雄",0,1,-1
"19111","2727王品","110/07/09","台灣匯立證券",90,0,90
"19112","2727王品","110/07/09","台灣摩根士丹利",0,267,-267
"19113","2727王品","110/07/09","國泰-敦南",166,84,82
"19114","2727王品","110/07/09","富邦-台北",35,299,-264
"19115","2727王品","110/07/09","富邦-仁愛",56,12,44
"19116","2727王品","110/07/09","凱基-台北",174,296,-122
"19117","2727王品","110/07/09","台新證券",109,66,43
"19118","2727王品","110/07/09","第一金",2,102,-100
"19119","2727王品","110/07/09","新光",117,87,30
"19120","2727王品","110/07/09","群益金鼎-大安",0,80,-80
"19121","2727王品","110/07/09","臺銀-臺中",35,6,29
"19122","2727王品","110/07/09","兆豐-大安",7,60,-53
"19123","2727王品","110/07/09","元大-桃園",32,3,29
"19124","2727王品","110/07/09","永豐金-南投",0,50,-50
"19125","2727王品","110/07/09","元富-宜蘭",34,6,28
"19126","2727王品","110/07/09","新加坡商瑞銀",6,46,-40
"19127","2727王品","110/07/09","玉山-台中",34,8,26
"19128","2727王品","110/07/09","合庫-彰化",11,50,-39
"19129","2727王品","110/07/09","群益金鼎-宜蘭",30,4,26
"19130","2727王品","110/07/09","永豐金-萬盛",13,52,-39
"19131","2727王品","110/07/09","富邦-台中",42,16,26
"19132","2727王品","110/07/09","瑞士信貸",0,34,-34
"19133","2727王品","110/07/09","第一金-豐原",25,1,24
"19134","2727王品","110/07/09","元大-和平",4,35,-31
"19135","2727王品","110/07/09","臺銀",30,8,22
"19136","2727王品","110/07/09","美林",14,44,-30
"19137","2727王品","110/07/09","兆豐-來福",23,1,22
"19138","2727王品","110/07/09","元大-員林",9,38,-29
"19139","2727王品","110/07/09","玉山-士林",22,2,20
"19140","2727王品","110/07/09","元富-西松",4,31,-27
"19141","1570力肯","110/07/09","凱基-台北",30,1,29
"19142","1570力肯","110/07/09","群益金鼎-彰化",0,20,-20
"19143","1570力肯","110/07/09","新光-台南",20,0,20
"19144","1570力肯","110/07/09","元大-土城學府",0,20,-20
"19145","1570力肯","110/07/09","元大-高雄",20,0,20
"19146","1570力肯","110/07/09","元大-大統",0,16,-16
"19147","1570力肯","110/07/09","國票-中正",12,0,12
"19148","1570力肯","110/07/09","元大-新營",0,11,-11
"19149","1570力肯","110/07/09","日盛-高雄",6,0,6
"19150","1570力肯","110/07/09","元大-和平",0,10,-10
"19151","1570力肯","110/07/09","元富-緯城",6,0,6
"19152","1570力肯","110/07/09","元大-草屯",0,10,-10
"19153","1570力肯","110/07/09","群益金鼎-台南",6,0,6
"19154","1570力肯","110/07/09","元大-鹿港",0,9,-9
"19155","1570力肯","110/07/09","華南永昌-岡山",6,0,6
"19156","1570力肯","110/07/09","合庫-基隆",0,7,-7
"19157","1570力肯","110/07/09","統一-中壢",5,0,5
"19158","1570力肯","110/07/09","摩根大通",2,8,-6
"19159","1570力肯","110/07/09","凱基-三峽",5,0,5
"19160","1570力肯","110/07/09","台灣企銀-豐原",0,4,-4
"19161","1570力肯","110/07/09","大昌-樹林",4,0,4
"19162","1570力肯","110/07/09","日盛-桃園",0,4,-4
"19163","1570力肯","110/07/09","新光",3,0,3
"19164","1570力肯","110/07/09","國泰-高雄",0,3,-3
"19165","1570力肯","110/07/09","富邦-新竹華信",3,0,3
"19166","1570力肯","110/07/09","永豐金-敦南",0,3,-3
"19167","1570力肯","110/07/09","合庫-台中",2,0,2
"19168","1570力肯","110/07/09","土銀-彰化",0,2,-2
"19169","1570力肯","110/07/09","臺銀-臺中",2,0,2
"19170","1570力肯","110/07/09","臺銀-鳳山",0,2,-2
"19171","6180橘子","110/07/09","摩根大通",63,1,62
"19172","6180橘子","110/07/09","元大-南京",1,32,-31
"19173","6180橘子","110/07/09","富邦-陽明",73,33,40
"19174","6180橘子","110/07/09","群益金鼎-台北",0,25,-25
"19175","6180橘子","110/07/09","新加坡商瑞銀",31,0,31
"19176","6180橘子","110/07/09","兆豐-復興",0,21,-21
"19177","6180橘子","110/07/09","美商高盛",25,0,25
"19178","6180橘子","110/07/09","永豐金-嘉義",0,21,-21
"19179","6180橘子","110/07/09","凱基-台北",26,10,16
"19180","6180橘子","110/07/09","凱基-中壢",8,24,-16
"19181","6180橘子","110/07/09","華南永昌-楠梓",13,0,13
"19182","6180橘子","110/07/09","致和-崇德",0,15,-15
"19183","6180橘子","110/07/09","華南永昌-朴子",11,0,11
"19184","6180橘子","110/07/09","群益金鼎-屏東",0,15,-15
"19185","6180橘子","110/07/09","元大-北港",11,0,11
"19186","6180橘子","110/07/09","群益金鼎-中山",0,15,-15
"19187","6180橘子","110/07/09","元大-成功",10,1,9
"19188","6180橘子","110/07/09","瑞士信貸",1,15,-14
"19189","6180橘子","110/07/09","新光",26,18,8
"19190","6180橘子","110/07/09","日盛-二林",0,10,-10
"19191","6180橘子","110/07/09","統一-三重",6,0,6
"19192","6180橘子","110/07/09","凱基-東門",0,10,-10
"19193","6180橘子","110/07/09","群益金鼎-嘉義",6,0,6
"19194","6180橘子","110/07/09","華南永昌-三重",0,10,-10
"19195","6180橘子","110/07/09","元大-員林中山",6,0,6
"19196","6180橘子","110/07/09","元大-彰化民生",1,11,-10
"19197","6180橘子","110/07/09","合庫-鳳山",5,0,5
"19198","6180橘子","110/07/09","永豐金-新店",1,11,-10
"19199","6180橘子","110/07/09","富邦-建國",6,1,5
"19200","6180橘子","110/07/09","群益金鼎-丹鳳",0,8,-8
"19201","2390云辰","110/07/09","摩根大通",279,56,223
"19202","2390云辰","110/07/09","元大-天母",0,127,-127
"19203","2390云辰","110/07/09","日盛-鳳山",110,2,108
"19204","2390云辰","110/07/09","中國信託-文心",5,109,-104
"19205","2390云辰","110/07/09","宏遠證券",100,0,100
"19206","2390云辰","110/07/09","永豐金-復興",0,55,-55
"19207","2390云辰","110/07/09","元大-大里",63,6,57
"19208","2390云辰","110/07/09","凱基-台北",239,286,-47
"19209","2390云辰","110/07/09","凱基-八德",59,10,49
"19210","2390云辰","110/07/09","德信",2,32,-30
"19211","2390云辰","110/07/09","合庫-新竹",40,0,40
"19212","2390云辰","110/07/09","兆豐-桃鶯",2,32,-30
"19213","2390云辰","110/07/09","國票",40,1,39
"19214","2390云辰","110/07/09","致和-南京",0,30,-30
"19215","2390云辰","110/07/09","新加坡商瑞銀",49,13,36
"19216","2390云辰","110/07/09","富邦-虎尾",1,31,-30
"19217","2390云辰","110/07/09","統一-新台中",36,2,34
"19218","2390云辰","110/07/09","元大-善化",2,31,-29
"19219","2390云辰","110/07/09","國票-嘉義",31,0,31
"19220","2390云辰","110/07/09","富邦-板橋",0,27,-27
"19221","2390云辰","110/07/09","華南永昌",35,7,28
"19222","2390云辰","110/07/09","富邦-永和",3,28,-25
"19223","2390云辰","110/07/09","玉山-台中",49,22,27
"19224","2390云辰","110/07/09","第一金-自由",20,44,-24
"19225","2390云辰","110/07/09","華南永昌-敦南",25,0,25
"19226","2390云辰","110/07/09","凱基-內湖",0,24,-24
"19227","2390云辰","110/07/09","新光-高雄",27,4,23
"19228","2390云辰","110/07/09","元大-汐止",1,24,-23
"19229","2390云辰","110/07/09","台灣摩根士丹利",85,63,22
"19230","2390云辰","110/07/09","新光-台中",12,33,-21
"19231","4903聯光通","110/07/09","元大-敦南",10,0,10
"19232","4903聯光通","110/07/09","第一金-台中",0,12,-12
"19233","4903聯光通","110/07/09","凱基-士林",5,0,5
"19234","4903聯光通","110/07/09","日盛-忠孝",0,3,-3
"19235","4903聯光通","110/07/09","元大-苗栗",5,0,5
"19236","4903聯光通","110/07/09","群益金鼎-崇德",0,3,-3
"19237","4903聯光通","110/07/09","元大-屏南",3,0,3
"19238","4903聯光通","110/07/09","國票-內壢",0,2,-2
"19239","4903聯光通","110/07/09","中國信託-永康",1,0,1
"19240","4903聯光通","110/07/09","康和-南崁",0,2,-2
"19241","4903聯光通","110/07/09","玉山證券",1,0,1
"19242","4903聯光通","110/07/09","新光-台中",0,2,-2
"19243","4903聯光通","110/07/09","元大-太平",4,3,1
"19244","4903聯光通","110/07/09","玉山-城中",0,2,-2
"19245","4903聯光通","110/07/09","永豐金-嘉義",1,0,1
"19246","4903聯光通","110/07/09","中國信託-文心",0,1,-1
"19247","4903聯光通","110/07/09","大昌",0,0,0
"19248","4903聯光通","110/07/09","大昌",0,0,0
"19249","4903聯光通","110/07/09","中農",0,0,0
"19250","4903聯光通","110/07/09","中農",0,0,0
"19251","4903聯光通","110/07/09","",NA,NA,NA
"19252","4903聯光通","110/07/09","",NA,NA,NA
"19253","4903聯光通","110/07/09","",NA,NA,NA
"19254","4903聯光通","110/07/09","",NA,NA,NA
"19255","4903聯光通","110/07/09","",NA,NA,NA
"19256","4903聯光通","110/07/09","",NA,NA,NA
"19257","4903聯光通","110/07/09","",NA,NA,NA
"19258","4903聯光通","110/07/09","",NA,NA,NA
"19259","4903聯光通","110/07/09","",NA,NA,NA
"19260","4903聯光通","110/07/09","",NA,NA,NA
"19261","2929淘帝","110/07/09","台中銀-台北",110,0,110
"19262","2929淘帝","110/07/09","新光",2,82,-80
"19263","2929淘帝","110/07/09","華南永昌-頭份",72,0,72
"19264","2929淘帝","110/07/09","摩根大通",2,63,-61
"19265","2929淘帝","110/07/09","合庫-高雄",71,0,71
"19266","2929淘帝","110/07/09","第一金-路竹",0,50,-50
"19267","2929淘帝","110/07/09","高橋-龍潭",37,0,37
"19268","2929淘帝","110/07/09","港商麥格理",0,42,-42
"19269","2929淘帝","110/07/09","新光-台中",60,26,34
"19270","2929淘帝","110/07/09","陽信-石牌",0,40,-40
"19271","2929淘帝","110/07/09","元富-大裕",22,1,21
"19272","2929淘帝","110/07/09","台新-左楠",1,39,-38
"19273","2929淘帝","110/07/09","合庫-鳳山",20,0,20
"19274","2929淘帝","110/07/09","凱基-桃園",3,29,-26
"19275","2929淘帝","110/07/09","元大-員林",22,2,20
"19276","2929淘帝","110/07/09","兆豐-內湖",0,25,-25
"19277","2929淘帝","110/07/09","台新-建北",15,0,15
"19278","2929淘帝","110/07/09","元大-北港",0,20,-20
"19279","2929淘帝","110/07/09","兆豐-桃園",13,0,13
"19280","2929淘帝","110/07/09","富邦-北港",0,19,-19
"19281","2929淘帝","110/07/09","兆豐-忠孝",10,0,10
"19282","2929淘帝","110/07/09","富邦-花蓮",0,17,-17
"19283","2929淘帝","110/07/09","國票-敦北法人",10,0,10
"19284","2929淘帝","110/07/09","國泰-台中",2,17,-15
"19285","2929淘帝","110/07/09","永豐金-博愛",10,0,10
"19286","2929淘帝","110/07/09","群益金鼎-彰化",0,15,-15
"19287","2929淘帝","110/07/09","群益金鼎-潭子",8,0,8
"19288","2929淘帝","110/07/09","元大-博愛",0,14,-14
"19289","2929淘帝","110/07/09","富邦-南屯",8,0,8
"19290","2929淘帝","110/07/09","日盛-板橋",0,13,-13
"19291","5410國眾","110/07/09","元大-新盛",14,0,14
"19292","5410國眾","110/07/09","(牛牛牛)亞-鑫豐",1,41,-40
"19293","5410國眾","110/07/09","台灣企銀-民雄",10,0,10
"19294","5410國眾","110/07/09","元富-嘉義",0,25,-25
"19295","5410國眾","110/07/09","元富-虎尾",9,0,9
"19296","5410國眾","110/07/09","凱基-高美館",0,10,-10
"19297","5410國眾","110/07/09","摩根大通",10,1,9
"19298","5410國眾","110/07/09","凱基-城中",0,10,-10
"19299","5410國眾","110/07/09","兆豐-北高雄",7,0,7
"19300","5410國眾","110/07/09","元大-頭份",0,10,-10
"19301","5410國眾","110/07/09","凱基-台北",8,1,7
"19302","5410國眾","110/07/09","群益金鼎-丹鳳",0,7,-7
"19303","5410國眾","110/07/09","華南永昌-公誠",7,0,7
"19304","5410國眾","110/07/09","凱基-復興",0,7,-7
"19305","5410國眾","110/07/09","香港上海匯豐",6,0,6
"19306","5410國眾","110/07/09","元大-員林",0,7,-7
"19307","5410國眾","110/07/09","凱基-中壢",6,0,6
"19308","5410國眾","110/07/09","富邦-竹東",0,6,-6
"19309","5410國眾","110/07/09","華南永昌-南京",6,0,6
"19310","5410國眾","110/07/09","亞東-高雄",0,5,-5
"19311","5410國眾","110/07/09","統一-三重",5,0,5
"19312","5410國眾","110/07/09","大慶-中壢",1,6,-5
"19313","5410國眾","110/07/09","富邦-宜蘭",5,0,5
"19314","5410國眾","110/07/09","群益金鼎-中港",0,5,-5
"19315","5410國眾","110/07/09","元大-崇德",5,0,5
"19316","5410國眾","110/07/09","元大-八德",0,5,-5
"19317","5410國眾","110/07/09","元大-博愛",5,0,5
"19318","5410國眾","110/07/09","富邦-基隆",0,4,-4
"19319","5410國眾","110/07/09","元大-龍潭",5,0,5
"19320","5410國眾","110/07/09","臺銀-新竹",0,3,-3
"19321","2841台開","110/07/09","日盛-雙和",102,0,102
"19322","2841台開","110/07/09","港商野村",0,129,-129
"19323","2841台開","110/07/09","元大-館前",70,0,70
"19324","2841台開","110/07/09","兆豐-永和",0,100,-100
"19325","2841台開","110/07/09","凱基-文心",50,0,50
"19326","2841台開","110/07/09","台新證券",7,28,-21
"19327","2841台開","110/07/09","富邦-嘉義",40,0,40
"19328","2841台開","110/07/09","國票-北高雄",0,20,-20
"19329","2841台開","110/07/09","美商高盛",15,0,15
"19330","2841台開","110/07/09","永豐金-敦南",29,46,-17
"19331","2841台開","110/07/09","台中銀",15,0,15
"19332","2841台開","110/07/09","合庫-基隆",0,12,-12
"19333","2841台開","110/07/09","新光",11,0,11
"19334","2841台開","110/07/09","中國信託-松江",0,12,-12
"19335","2841台開","110/07/09","華南永昌-長虹",10,0,10
"19336","2841台開","110/07/09","兆豐-城中",0,12,-12
"19337","2841台開","110/07/09","永豐金-南投",10,0,10
"19338","2841台開","110/07/09","台中銀-豐原",0,10,-10
"19339","2841台開","110/07/09","合庫-桃園",7,0,7
"19340","2841台開","110/07/09","兆豐-景美",0,10,-10
"19341","2841台開","110/07/09","群益金鼎-古亭",7,0,7
"19342","2841台開","110/07/09","群益金鼎-基隆",0,10,-10
"19343","2841台開","110/07/09","國泰-敦南",6,0,6
"19344","2841台開","110/07/09","元大-北三重",0,10,-10
"19345","2841台開","110/07/09","凱基-桃園",8,2,6
"19346","2841台開","110/07/09","(牛牛牛)亞-網路",0,9,-9
"19347","2841台開","110/07/09","日盛證券",5,0,5
"19348","2841台開","110/07/09","台新-高雄",1,10,-9
"19349","2841台開","110/07/09","元富-文心",5,0,5
"19350","2841台開","110/07/09","凱基-台北",0,7,-7
"19351","6207雷科","110/07/09","群益金鼎-新竹",47,0,47
"19352","6207雷科","110/07/09","新光",7,24,-17
"19353","6207雷科","110/07/09","永豐金-三重",31,0,31
"19354","6207雷科","110/07/09","日盛-和美",0,15,-15
"19355","6207雷科","110/07/09","新加坡商瑞銀",33,5,28
"19356","6207雷科","110/07/09","國泰-台南",0,15,-15
"19357","6207雷科","110/07/09","元大-高雄",26,0,26
"19358","6207雷科","110/07/09","華南永昌-古亭",0,14,-14
"19359","6207雷科","110/07/09","統一-員林",22,0,22
"19360","6207雷科","110/07/09","土銀-白河",0,11,-11
"19361","6207雷科","110/07/09","台新-高雄",22,0,22
"19362","6207雷科","110/07/09","日盛-台南",0,10,-10
"19363","6207雷科","110/07/09","摩根大通",34,17,17
"19364","6207雷科","110/07/09","元富-林園",0,10,-10
"19365","6207雷科","110/07/09","元大-博愛",17,1,16
"19366","6207雷科","110/07/09","富邦-園區",0,10,-10
"19367","6207雷科","110/07/09","日茂-埔里",12,0,12
"19368","6207雷科","110/07/09","元大-上新莊",0,10,-10
"19369","6207雷科","110/07/09","國泰-台中",17,6,11
"19370","6207雷科","110/07/09","永豐金-南京",0,10,-10
"19371","6207雷科","110/07/09","富邦-三重",10,0,10
"19372","6207雷科","110/07/09","兆豐-小港",0,6,-6
"19373","6207雷科","110/07/09","元大-沙鹿",10,0,10
"19374","6207雷科","110/07/09","富邦-羅東",1,7,-6
"19375","6207雷科","110/07/09","元大-八德",10,0,10
"19376","6207雷科","110/07/09","元大-土城永寧",0,6,-6
"19377","6207雷科","110/07/09","第一金-路竹",11,2,9
"19378","6207雷科","110/07/09","永豐金-板盛",0,6,-6
"19379","6207雷科","110/07/09","統一-南京",5,0,5
"19380","6207雷科","110/07/09","日盛-板橋",0,5,-5
"19381","3679新至陞","110/07/09","元大-大天母",10,0,10
"19382","3679新至陞","110/07/09","第一金-光復",0,11,-11
"19383","3679新至陞","110/07/09","日盛-樹林",9,0,9
"19384","3679新至陞","110/07/09","瑞士信貸",0,8,-8
"19385","3679新至陞","110/07/09","凱基-台北",11,2,9
"19386","3679新至陞","110/07/09","大慶-苗栗",0,5,-5
"19387","3679新至陞","110/07/09","華南永昌-小港",8,0,8
"19388","3679新至陞","110/07/09","元大-永春",0,5,-5
"19389","3679新至陞","110/07/09","兆豐-來福",7,0,7
"19390","3679新至陞","110/07/09","日盛-和美",0,4,-4
"19391","3679新至陞","110/07/09","香港上海匯豐",5,0,5
"19392","3679新至陞","110/07/09","元大-雙和",0,3,-3
"19393","3679新至陞","110/07/09","台中銀-員林",3,0,3
"19394","3679新至陞","110/07/09","永豐金-屏東",0,3,-3
"19395","3679新至陞","110/07/09","新光",3,0,3
"19396","3679新至陞","110/07/09","彰銀",0,2,-2
"19397","3679新至陞","110/07/09","土銀-花蓮",2,0,2
"19398","3679新至陞","110/07/09","宏遠-館前",0,2,-2
"19399","3679新至陞","110/07/09","第一金-澎湖",2,0,2
"19400","3679新至陞","110/07/09","港商野村",0,2,-2
"19401","3679新至陞","110/07/09","摩根大通",2,0,2
"19402","3679新至陞","110/07/09","大昌-新店",0,2,-2
"19403","3679新至陞","110/07/09","國泰-敦南",2,0,2
"19404","3679新至陞","110/07/09","元大-新莊",0,2,-2
"19405","3679新至陞","110/07/09","元大-淡水",4,2,2
"19406","3679新至陞","110/07/09","元大-板橋",0,2,-2
"19407","3679新至陞","110/07/09","日盛-士林",1,0,1
"19408","3679新至陞","110/07/09","台灣摩根士丹利",0,1,-1
"19409","3679新至陞","110/07/09","日盛-信義",1,0,1
"19410","3679新至陞","110/07/09","第一金-高雄",0,1,-1
"19411","2727王品","110/07/09","台灣匯立證券",90,0,90
"19412","2727王品","110/07/09","台灣摩根士丹利",0,267,-267
"19413","2727王品","110/07/09","國泰-敦南",166,84,82
"19414","2727王品","110/07/09","富邦-台北",35,299,-264
"19415","2727王品","110/07/09","富邦-仁愛",56,12,44
"19416","2727王品","110/07/09","凱基-台北",174,296,-122
"19417","2727王品","110/07/09","台新證券",109,66,43
"19418","2727王品","110/07/09","第一金",2,102,-100
"19419","2727王品","110/07/09","新光",117,87,30
"19420","2727王品","110/07/09","群益金鼎-大安",0,80,-80
"19421","2727王品","110/07/09","臺銀-臺中",35,6,29
"19422","2727王品","110/07/09","兆豐-大安",7,60,-53
"19423","2727王品","110/07/09","元大-桃園",32,3,29
"19424","2727王品","110/07/09","永豐金-南投",0,50,-50
"19425","2727王品","110/07/09","元富-宜蘭",34,6,28
"19426","2727王品","110/07/09","新加坡商瑞銀",6,46,-40
"19427","2727王品","110/07/09","玉山-台中",34,8,26
"19428","2727王品","110/07/09","合庫-彰化",11,50,-39
"19429","2727王品","110/07/09","群益金鼎-宜蘭",30,4,26
"19430","2727王品","110/07/09","永豐金-萬盛",13,52,-39
"19431","2727王品","110/07/09","富邦-台中",42,16,26
"19432","2727王品","110/07/09","瑞士信貸",0,34,-34
"19433","2727王品","110/07/09","第一金-豐原",25,1,24
"19434","2727王品","110/07/09","元大-和平",4,35,-31
"19435","2727王品","110/07/09","臺銀",30,8,22
"19436","2727王品","110/07/09","美林",14,44,-30
"19437","2727王品","110/07/09","兆豐-來福",23,1,22
"19438","2727王品","110/07/09","元大-員林",9,38,-29
"19439","2727王品","110/07/09","玉山-士林",22,2,20
"19440","2727王品","110/07/09","元富-西松",4,31,-27
"19441","1570力肯","110/07/09","凱基-台北",30,1,29
"19442","1570力肯","110/07/09","群益金鼎-彰化",0,20,-20
"19443","1570力肯","110/07/09","新光-台南",20,0,20
"19444","1570力肯","110/07/09","元大-土城學府",0,20,-20
"19445","1570力肯","110/07/09","元大-高雄",20,0,20
"19446","1570力肯","110/07/09","元大-大統",0,16,-16
"19447","1570力肯","110/07/09","國票-中正",12,0,12
"19448","1570力肯","110/07/09","元大-新營",0,11,-11
"19449","1570力肯","110/07/09","日盛-高雄",6,0,6
"19450","1570力肯","110/07/09","元大-和平",0,10,-10
"19451","1570力肯","110/07/09","元富-緯城",6,0,6
"19452","1570力肯","110/07/09","元大-草屯",0,10,-10
"19453","1570力肯","110/07/09","群益金鼎-台南",6,0,6
"19454","1570力肯","110/07/09","元大-鹿港",0,9,-9
"19455","1570力肯","110/07/09","華南永昌-岡山",6,0,6
"19456","1570力肯","110/07/09","合庫-基隆",0,7,-7
"19457","1570力肯","110/07/09","統一-中壢",5,0,5
"19458","1570力肯","110/07/09","摩根大通",2,8,-6
"19459","1570力肯","110/07/09","凱基-三峽",5,0,5
"19460","1570力肯","110/07/09","台灣企銀-豐原",0,4,-4
"19461","1570力肯","110/07/09","大昌-樹林",4,0,4
"19462","1570力肯","110/07/09","日盛-桃園",0,4,-4
"19463","1570力肯","110/07/09","新光",3,0,3
"19464","1570力肯","110/07/09","國泰-高雄",0,3,-3
"19465","1570力肯","110/07/09","富邦-新竹華信",3,0,3
"19466","1570力肯","110/07/09","永豐金-敦南",0,3,-3
"19467","1570力肯","110/07/09","合庫-台中",2,0,2
"19468","1570力肯","110/07/09","土銀-彰化",0,2,-2
"19469","1570力肯","110/07/09","臺銀-臺中",2,0,2
"19470","1570力肯","110/07/09","臺銀-鳳山",0,2,-2
"19471","6180橘子","110/07/09","摩根大通",63,1,62
"19472","6180橘子","110/07/09","元大-南京",1,32,-31
"19473","6180橘子","110/07/09","富邦-陽明",73,33,40
"19474","6180橘子","110/07/09","群益金鼎-台北",0,25,-25
"19475","6180橘子","110/07/09","新加坡商瑞銀",31,0,31
"19476","6180橘子","110/07/09","兆豐-復興",0,21,-21
"19477","6180橘子","110/07/09","美商高盛",25,0,25
"19478","6180橘子","110/07/09","永豐金-嘉義",0,21,-21
"19479","6180橘子","110/07/09","凱基-台北",26,10,16
"19480","6180橘子","110/07/09","凱基-中壢",8,24,-16
"19481","6180橘子","110/07/09","華南永昌-楠梓",13,0,13
"19482","6180橘子","110/07/09","致和-崇德",0,15,-15
"19483","6180橘子","110/07/09","華南永昌-朴子",11,0,11
"19484","6180橘子","110/07/09","群益金鼎-屏東",0,15,-15
"19485","6180橘子","110/07/09","元大-北港",11,0,11
"19486","6180橘子","110/07/09","群益金鼎-中山",0,15,-15
"19487","6180橘子","110/07/09","元大-成功",10,1,9
"19488","6180橘子","110/07/09","瑞士信貸",1,15,-14
"19489","6180橘子","110/07/09","新光",26,18,8
"19490","6180橘子","110/07/09","日盛-二林",0,10,-10
"19491","6180橘子","110/07/09","統一-三重",6,0,6
"19492","6180橘子","110/07/09","凱基-東門",0,10,-10
"19493","6180橘子","110/07/09","群益金鼎-嘉義",6,0,6
"19494","6180橘子","110/07/09","華南永昌-三重",0,10,-10
"19495","6180橘子","110/07/09","元大-員林中山",6,0,6
"19496","6180橘子","110/07/09","元大-彰化民生",1,11,-10
"19497","6180橘子","110/07/09","合庫-鳳山",5,0,5
"19498","6180橘子","110/07/09","永豐金-新店",1,11,-10
"19499","6180橘子","110/07/09","富邦-建國",6,1,5
"19500","6180橘子","110/07/09","群益金鼎-丹鳳",0,8,-8
"19501","2390云辰","110/07/09","摩根大通",279,56,223
"19502","2390云辰","110/07/09","元大-天母",0,127,-127
"19503","2390云辰","110/07/09","日盛-鳳山",110,2,108
"19504","2390云辰","110/07/09","中國信託-文心",5,109,-104
"19505","2390云辰","110/07/09","宏遠證券",100,0,100
"19506","2390云辰","110/07/09","永豐金-復興",0,55,-55
"19507","2390云辰","110/07/09","元大-大里",63,6,57
"19508","2390云辰","110/07/09","凱基-台北",239,286,-47
"19509","2390云辰","110/07/09","凱基-八德",59,10,49
"19510","2390云辰","110/07/09","德信",2,32,-30
"19511","2390云辰","110/07/09","合庫-新竹",40,0,40
"19512","2390云辰","110/07/09","兆豐-桃鶯",2,32,-30
"19513","2390云辰","110/07/09","國票",40,1,39
"19514","2390云辰","110/07/09","致和-南京",0,30,-30
"19515","2390云辰","110/07/09","新加坡商瑞銀",49,13,36
"19516","2390云辰","110/07/09","富邦-虎尾",1,31,-30
"19517","2390云辰","110/07/09","統一-新台中",36,2,34
"19518","2390云辰","110/07/09","元大-善化",2,31,-29
"19519","2390云辰","110/07/09","國票-嘉義",31,0,31
"19520","2390云辰","110/07/09","富邦-板橋",0,27,-27
"19521","2390云辰","110/07/09","華南永昌",35,7,28
"19522","2390云辰","110/07/09","富邦-永和",3,28,-25
"19523","2390云辰","110/07/09","玉山-台中",49,22,27
"19524","2390云辰","110/07/09","第一金-自由",20,44,-24
"19525","2390云辰","110/07/09","華南永昌-敦南",25,0,25
"19526","2390云辰","110/07/09","凱基-內湖",0,24,-24
"19527","2390云辰","110/07/09","新光-高雄",27,4,23
"19528","2390云辰","110/07/09","元大-汐止",1,24,-23
"19529","2390云辰","110/07/09","台灣摩根士丹利",85,63,22
"19530","2390云辰","110/07/09","新光-台中",12,33,-21
"19531","4903聯光通","110/07/09","元大-敦南",10,0,10
"19532","4903聯光通","110/07/09","第一金-台中",0,12,-12
"19533","4903聯光通","110/07/09","凱基-士林",5,0,5
"19534","4903聯光通","110/07/09","日盛-忠孝",0,3,-3
"19535","4903聯光通","110/07/09","元大-苗栗",5,0,5
"19536","4903聯光通","110/07/09","群益金鼎-崇德",0,3,-3
"19537","4903聯光通","110/07/09","元大-屏南",3,0,3
"19538","4903聯光通","110/07/09","國票-內壢",0,2,-2
"19539","4903聯光通","110/07/09","中國信託-永康",1,0,1
"19540","4903聯光通","110/07/09","康和-南崁",0,2,-2
"19541","4903聯光通","110/07/09","玉山證券",1,0,1
"19542","4903聯光通","110/07/09","新光-台中",0,2,-2
"19543","4903聯光通","110/07/09","元大-太平",4,3,1
"19544","4903聯光通","110/07/09","玉山-城中",0,2,-2
"19545","4903聯光通","110/07/09","永豐金-嘉義",1,0,1
"19546","4903聯光通","110/07/09","中國信託-文心",0,1,-1
"19547","4903聯光通","110/07/09","大昌",0,0,0
"19548","4903聯光通","110/07/09","大昌",0,0,0
"19549","4903聯光通","110/07/09","中農",0,0,0
"19550","4903聯光通","110/07/09","中農",0,0,0
"19551","4903聯光通","110/07/09","",NA,NA,NA
"19552","4903聯光通","110/07/09","",NA,NA,NA
"19553","4903聯光通","110/07/09","",NA,NA,NA
"19554","4903聯光通","110/07/09","",NA,NA,NA
"19555","4903聯光通","110/07/09","",NA,NA,NA
"19556","4903聯光通","110/07/09","",NA,NA,NA
"19557","4903聯光通","110/07/09","",NA,NA,NA
"19558","4903聯光通","110/07/09","",NA,NA,NA
"19559","4903聯光通","110/07/09","",NA,NA,NA
"19560","4903聯光通","110/07/09","",NA,NA,NA
"19561","2929淘帝","110/07/09","台中銀-台北",110,0,110
"19562","2929淘帝","110/07/09","新光",2,82,-80
"19563","2929淘帝","110/07/09","華南永昌-頭份",72,0,72
"19564","2929淘帝","110/07/09","摩根大通",2,63,-61
"19565","2929淘帝","110/07/09","合庫-高雄",71,0,71
"19566","2929淘帝","110/07/09","第一金-路竹",0,50,-50
"19567","2929淘帝","110/07/09","高橋-龍潭",37,0,37
"19568","2929淘帝","110/07/09","港商麥格理",0,42,-42
"19569","2929淘帝","110/07/09","新光-台中",60,26,34
"19570","2929淘帝","110/07/09","陽信-石牌",0,40,-40
"19571","2929淘帝","110/07/09","元富-大裕",22,1,21
"19572","2929淘帝","110/07/09","台新-左楠",1,39,-38
"19573","2929淘帝","110/07/09","合庫-鳳山",20,0,20
"19574","2929淘帝","110/07/09","凱基-桃園",3,29,-26
"19575","2929淘帝","110/07/09","元大-員林",22,2,20
"19576","2929淘帝","110/07/09","兆豐-內湖",0,25,-25
"19577","2929淘帝","110/07/09","台新-建北",15,0,15
"19578","2929淘帝","110/07/09","元大-北港",0,20,-20
"19579","2929淘帝","110/07/09","兆豐-桃園",13,0,13
"19580","2929淘帝","110/07/09","富邦-北港",0,19,-19
"19581","2929淘帝","110/07/09","兆豐-忠孝",10,0,10
"19582","2929淘帝","110/07/09","富邦-花蓮",0,17,-17
"19583","2929淘帝","110/07/09","國票-敦北法人",10,0,10
"19584","2929淘帝","110/07/09","國泰-台中",2,17,-15
"19585","2929淘帝","110/07/09","永豐金-博愛",10,0,10
"19586","2929淘帝","110/07/09","群益金鼎-彰化",0,15,-15
"19587","2929淘帝","110/07/09","群益金鼎-潭子",8,0,8
"19588","2929淘帝","110/07/09","元大-博愛",0,14,-14
"19589","2929淘帝","110/07/09","富邦-南屯",8,0,8
"19590","2929淘帝","110/07/09","日盛-板橋",0,13,-13
"19591","5410國眾","110/07/09","元大-新盛",14,0,14
"19592","5410國眾","110/07/09","(牛牛牛)亞-鑫豐",1,41,-40
"19593","5410國眾","110/07/09","台灣企銀-民雄",10,0,10
"19594","5410國眾","110/07/09","元富-嘉義",0,25,-25
"19595","5410國眾","110/07/09","元富-虎尾",9,0,9
"19596","5410國眾","110/07/09","凱基-高美館",0,10,-10
"19597","5410國眾","110/07/09","摩根大通",10,1,9
"19598","5410國眾","110/07/09","凱基-城中",0,10,-10
"19599","5410國眾","110/07/09","兆豐-北高雄",7,0,7
"19600","5410國眾","110/07/09","元大-頭份",0,10,-10
"19601","5410國眾","110/07/09","凱基-台北",8,1,7
"19602","5410國眾","110/07/09","群益金鼎-丹鳳",0,7,-7
"19603","5410國眾","110/07/09","華南永昌-公誠",7,0,7
"19604","5410國眾","110/07/09","凱基-復興",0,7,-7
"19605","5410國眾","110/07/09","香港上海匯豐",6,0,6
"19606","5410國眾","110/07/09","元大-員林",0,7,-7
"19607","5410國眾","110/07/09","凱基-中壢",6,0,6
"19608","5410國眾","110/07/09","富邦-竹東",0,6,-6
"19609","5410國眾","110/07/09","華南永昌-南京",6,0,6
"19610","5410國眾","110/07/09","亞東-高雄",0,5,-5
"19611","5410國眾","110/07/09","統一-三重",5,0,5
"19612","5410國眾","110/07/09","大慶-中壢",1,6,-5
"19613","5410國眾","110/07/09","富邦-宜蘭",5,0,5
"19614","5410國眾","110/07/09","群益金鼎-中港",0,5,-5
"19615","5410國眾","110/07/09","元大-崇德",5,0,5
"19616","5410國眾","110/07/09","元大-八德",0,5,-5
"19617","5410國眾","110/07/09","元大-博愛",5,0,5
"19618","5410國眾","110/07/09","富邦-基隆",0,4,-4
"19619","5410國眾","110/07/09","元大-龍潭",5,0,5
"19620","5410國眾","110/07/09","臺銀-新竹",0,3,-3
"19621","2841台開","110/07/09","日盛-雙和",102,0,102
"19622","2841台開","110/07/09","港商野村",0,129,-129
"19623","2841台開","110/07/09","元大-館前",70,0,70
"19624","2841台開","110/07/09","兆豐-永和",0,100,-100
"19625","2841台開","110/07/09","凱基-文心",50,0,50
"19626","2841台開","110/07/09","台新證券",7,28,-21
"19627","2841台開","110/07/09","富邦-嘉義",40,0,40
"19628","2841台開","110/07/09","國票-北高雄",0,20,-20
"19629","2841台開","110/07/09","美商高盛",15,0,15
"19630","2841台開","110/07/09","永豐金-敦南",29,46,-17
"19631","2841台開","110/07/09","台中銀",15,0,15
"19632","2841台開","110/07/09","合庫-基隆",0,12,-12
"19633","2841台開","110/07/09","新光",11,0,11
"19634","2841台開","110/07/09","中國信託-松江",0,12,-12
"19635","2841台開","110/07/09","華南永昌-長虹",10,0,10
"19636","2841台開","110/07/09","兆豐-城中",0,12,-12
"19637","2841台開","110/07/09","永豐金-南投",10,0,10
"19638","2841台開","110/07/09","台中銀-豐原",0,10,-10
"19639","2841台開","110/07/09","合庫-桃園",7,0,7
"19640","2841台開","110/07/09","兆豐-景美",0,10,-10
"19641","2841台開","110/07/09","群益金鼎-古亭",7,0,7
"19642","2841台開","110/07/09","群益金鼎-基隆",0,10,-10
"19643","2841台開","110/07/09","國泰-敦南",6,0,6
"19644","2841台開","110/07/09","元大-北三重",0,10,-10
"19645","2841台開","110/07/09","凱基-桃園",8,2,6
"19646","2841台開","110/07/09","(牛牛牛)亞-網路",0,9,-9
"19647","2841台開","110/07/09","日盛證券",5,0,5
"19648","2841台開","110/07/09","台新-高雄",1,10,-9
"19649","2841台開","110/07/09","元富-文心",5,0,5
"19650","2841台開","110/07/09","凱基-台北",0,7,-7
"19651","6207雷科","110/07/09","群益金鼎-新竹",47,0,47
"19652","6207雷科","110/07/09","新光",7,24,-17
"19653","6207雷科","110/07/09","永豐金-三重",31,0,31
"19654","6207雷科","110/07/09","日盛-和美",0,15,-15
"19655","6207雷科","110/07/09","新加坡商瑞銀",33,5,28
"19656","6207雷科","110/07/09","國泰-台南",0,15,-15
"19657","6207雷科","110/07/09","元大-高雄",26,0,26
"19658","6207雷科","110/07/09","華南永昌-古亭",0,14,-14
"19659","6207雷科","110/07/09","統一-員林",22,0,22
"19660","6207雷科","110/07/09","土銀-白河",0,11,-11
"19661","6207雷科","110/07/09","台新-高雄",22,0,22
"19662","6207雷科","110/07/09","日盛-台南",0,10,-10
"19663","6207雷科","110/07/09","摩根大通",34,17,17
"19664","6207雷科","110/07/09","元富-林園",0,10,-10
"19665","6207雷科","110/07/09","元大-博愛",17,1,16
"19666","6207雷科","110/07/09","富邦-園區",0,10,-10
"19667","6207雷科","110/07/09","日茂-埔里",12,0,12
"19668","6207雷科","110/07/09","元大-上新莊",0,10,-10
"19669","6207雷科","110/07/09","國泰-台中",17,6,11
"19670","6207雷科","110/07/09","永豐金-南京",0,10,-10
"19671","6207雷科","110/07/09","富邦-三重",10,0,10
"19672","6207雷科","110/07/09","兆豐-小港",0,6,-6
"19673","6207雷科","110/07/09","元大-沙鹿",10,0,10
"19674","6207雷科","110/07/09","富邦-羅東",1,7,-6
"19675","6207雷科","110/07/09","元大-八德",10,0,10
"19676","6207雷科","110/07/09","元大-土城永寧",0,6,-6
"19677","6207雷科","110/07/09","第一金-路竹",11,2,9
"19678","6207雷科","110/07/09","永豐金-板盛",0,6,-6
"19679","6207雷科","110/07/09","統一-南京",5,0,5
"19680","6207雷科","110/07/09","日盛-板橋",0,5,-5
"19681","3679新至陞","110/07/09","元大-大天母",10,0,10
"19682","3679新至陞","110/07/09","第一金-光復",0,11,-11
"19683","3679新至陞","110/07/09","日盛-樹林",9,0,9
"19684","3679新至陞","110/07/09","瑞士信貸",0,8,-8
"19685","3679新至陞","110/07/09","凱基-台北",11,2,9
"19686","3679新至陞","110/07/09","大慶-苗栗",0,5,-5
"19687","3679新至陞","110/07/09","華南永昌-小港",8,0,8
"19688","3679新至陞","110/07/09","元大-永春",0,5,-5
"19689","3679新至陞","110/07/09","兆豐-來福",7,0,7
"19690","3679新至陞","110/07/09","日盛-和美",0,4,-4
"19691","3679新至陞","110/07/09","香港上海匯豐",5,0,5
"19692","3679新至陞","110/07/09","元大-雙和",0,3,-3
"19693","3679新至陞","110/07/09","台中銀-員林",3,0,3
"19694","3679新至陞","110/07/09","永豐金-屏東",0,3,-3
"19695","3679新至陞","110/07/09","新光",3,0,3
"19696","3679新至陞","110/07/09","彰銀",0,2,-2
"19697","3679新至陞","110/07/09","土銀-花蓮",2,0,2
"19698","3679新至陞","110/07/09","宏遠-館前",0,2,-2
"19699","3679新至陞","110/07/09","第一金-澎湖",2,0,2
"19700","3679新至陞","110/07/09","港商野村",0,2,-2
"19701","3679新至陞","110/07/09","摩根大通",2,0,2
"19702","3679新至陞","110/07/09","大昌-新店",0,2,-2
"19703","3679新至陞","110/07/09","國泰-敦南",2,0,2
"19704","3679新至陞","110/07/09","元大-新莊",0,2,-2
"19705","3679新至陞","110/07/09","元大-淡水",4,2,2
"19706","3679新至陞","110/07/09","元大-板橋",0,2,-2
"19707","3679新至陞","110/07/09","日盛-士林",1,0,1
"19708","3679新至陞","110/07/09","台灣摩根士丹利",0,1,-1
"19709","3679新至陞","110/07/09","日盛-信義",1,0,1
"19710","3679新至陞","110/07/09","第一金-高雄",0,1,-1
"19711","2727王品","110/07/09","台灣匯立證券",90,0,90
"19712","2727王品","110/07/09","台灣摩根士丹利",0,267,-267
"19713","2727王品","110/07/09","國泰-敦南",166,84,82
"19714","2727王品","110/07/09","富邦-台北",35,299,-264
"19715","2727王品","110/07/09","富邦-仁愛",56,12,44
"19716","2727王品","110/07/09","凱基-台北",174,296,-122
"19717","2727王品","110/07/09","台新證券",109,66,43
"19718","2727王品","110/07/09","第一金",2,102,-100
"19719","2727王品","110/07/09","新光",117,87,30
"19720","2727王品","110/07/09","群益金鼎-大安",0,80,-80
"19721","2727王品","110/07/09","臺銀-臺中",35,6,29
"19722","2727王品","110/07/09","兆豐-大安",7,60,-53
"19723","2727王品","110/07/09","元大-桃園",32,3,29
"19724","2727王品","110/07/09","永豐金-南投",0,50,-50
"19725","2727王品","110/07/09","元富-宜蘭",34,6,28
"19726","2727王品","110/07/09","新加坡商瑞銀",6,46,-40
"19727","2727王品","110/07/09","玉山-台中",34,8,26
"19728","2727王品","110/07/09","合庫-彰化",11,50,-39
"19729","2727王品","110/07/09","群益金鼎-宜蘭",30,4,26
"19730","2727王品","110/07/09","永豐金-萬盛",13,52,-39
"19731","2727王品","110/07/09","富邦-台中",42,16,26
"19732","2727王品","110/07/09","瑞士信貸",0,34,-34
"19733","2727王品","110/07/09","第一金-豐原",25,1,24
"19734","2727王品","110/07/09","元大-和平",4,35,-31
"19735","2727王品","110/07/09","臺銀",30,8,22
"19736","2727王品","110/07/09","美林",14,44,-30
"19737","2727王品","110/07/09","兆豐-來福",23,1,22
"19738","2727王品","110/07/09","元大-員林",9,38,-29
"19739","2727王品","110/07/09","玉山-士林",22,2,20
"19740","2727王品","110/07/09","元富-西松",4,31,-27
"19741","1570力肯","110/07/09","凱基-台北",30,1,29
"19742","1570力肯","110/07/09","群益金鼎-彰化",0,20,-20
"19743","1570力肯","110/07/09","新光-台南",20,0,20
"19744","1570力肯","110/07/09","元大-土城學府",0,20,-20
"19745","1570力肯","110/07/09","元大-高雄",20,0,20
"19746","1570力肯","110/07/09","元大-大統",0,16,-16
"19747","1570力肯","110/07/09","國票-中正",12,0,12
"19748","1570力肯","110/07/09","元大-新營",0,11,-11
"19749","1570力肯","110/07/09","日盛-高雄",6,0,6
"19750","1570力肯","110/07/09","元大-和平",0,10,-10
"19751","1570力肯","110/07/09","元富-緯城",6,0,6
"19752","1570力肯","110/07/09","元大-草屯",0,10,-10
"19753","1570力肯","110/07/09","群益金鼎-台南",6,0,6
"19754","1570力肯","110/07/09","元大-鹿港",0,9,-9
"19755","1570力肯","110/07/09","華南永昌-岡山",6,0,6
"19756","1570力肯","110/07/09","合庫-基隆",0,7,-7
"19757","1570力肯","110/07/09","統一-中壢",5,0,5
"19758","1570力肯","110/07/09","摩根大通",2,8,-6
"19759","1570力肯","110/07/09","凱基-三峽",5,0,5
"19760","1570力肯","110/07/09","台灣企銀-豐原",0,4,-4
"19761","1570力肯","110/07/09","大昌-樹林",4,0,4
"19762","1570力肯","110/07/09","日盛-桃園",0,4,-4
"19763","1570力肯","110/07/09","新光",3,0,3
"19764","1570力肯","110/07/09","國泰-高雄",0,3,-3
"19765","1570力肯","110/07/09","富邦-新竹華信",3,0,3
"19766","1570力肯","110/07/09","永豐金-敦南",0,3,-3
"19767","1570力肯","110/07/09","合庫-台中",2,0,2
"19768","1570力肯","110/07/09","土銀-彰化",0,2,-2
"19769","1570力肯","110/07/09","臺銀-臺中",2,0,2
"19770","1570力肯","110/07/09","臺銀-鳳山",0,2,-2
"19771","6180橘子","110/07/09","摩根大通",63,1,62
"19772","6180橘子","110/07/09","元大-南京",1,32,-31
"19773","6180橘子","110/07/09","富邦-陽明",73,33,40
"19774","6180橘子","110/07/09","群益金鼎-台北",0,25,-25
"19775","6180橘子","110/07/09","新加坡商瑞銀",31,0,31
"19776","6180橘子","110/07/09","兆豐-復興",0,21,-21
"19777","6180橘子","110/07/09","美商高盛",25,0,25
"19778","6180橘子","110/07/09","永豐金-嘉義",0,21,-21
"19779","6180橘子","110/07/09","凱基-台北",26,10,16
"19780","6180橘子","110/07/09","凱基-中壢",8,24,-16
"19781","6180橘子","110/07/09","華南永昌-楠梓",13,0,13
"19782","6180橘子","110/07/09","致和-崇德",0,15,-15
"19783","6180橘子","110/07/09","華南永昌-朴子",11,0,11
"19784","6180橘子","110/07/09","群益金鼎-屏東",0,15,-15
"19785","6180橘子","110/07/09","元大-北港",11,0,11
"19786","6180橘子","110/07/09","群益金鼎-中山",0,15,-15
"19787","6180橘子","110/07/09","元大-成功",10,1,9
"19788","6180橘子","110/07/09","瑞士信貸",1,15,-14
"19789","6180橘子","110/07/09","新光",26,18,8
"19790","6180橘子","110/07/09","日盛-二林",0,10,-10
"19791","6180橘子","110/07/09","統一-三重",6,0,6
"19792","6180橘子","110/07/09","凱基-東門",0,10,-10
"19793","6180橘子","110/07/09","群益金鼎-嘉義",6,0,6
"19794","6180橘子","110/07/09","華南永昌-三重",0,10,-10
"19795","6180橘子","110/07/09","元大-員林中山",6,0,6
"19796","6180橘子","110/07/09","元大-彰化民生",1,11,-10
"19797","6180橘子","110/07/09","合庫-鳳山",5,0,5
"19798","6180橘子","110/07/09","永豐金-新店",1,11,-10
"19799","6180橘子","110/07/09","富邦-建國",6,1,5
"19800","6180橘子","110/07/09","群益金鼎-丹鳳",0,8,-8
"19801","2390云辰","110/07/09","摩根大通",279,56,223
"19802","2390云辰","110/07/09","元大-天母",0,127,-127
"19803","2390云辰","110/07/09","日盛-鳳山",110,2,108
"19804","2390云辰","110/07/09","中國信託-文心",5,109,-104
"19805","2390云辰","110/07/09","宏遠證券",100,0,100
"19806","2390云辰","110/07/09","永豐金-復興",0,55,-55
"19807","2390云辰","110/07/09","元大-大里",63,6,57
"19808","2390云辰","110/07/09","凱基-台北",239,286,-47
"19809","2390云辰","110/07/09","凱基-八德",59,10,49
"19810","2390云辰","110/07/09","德信",2,32,-30
"19811","2390云辰","110/07/09","合庫-新竹",40,0,40
"19812","2390云辰","110/07/09","兆豐-桃鶯",2,32,-30
"19813","2390云辰","110/07/09","國票",40,1,39
"19814","2390云辰","110/07/09","致和-南京",0,30,-30
"19815","2390云辰","110/07/09","新加坡商瑞銀",49,13,36
"19816","2390云辰","110/07/09","富邦-虎尾",1,31,-30
"19817","2390云辰","110/07/09","統一-新台中",36,2,34
"19818","2390云辰","110/07/09","元大-善化",2,31,-29
"19819","2390云辰","110/07/09","國票-嘉義",31,0,31
"19820","2390云辰","110/07/09","富邦-板橋",0,27,-27
"19821","2390云辰","110/07/09","華南永昌",35,7,28
"19822","2390云辰","110/07/09","富邦-永和",3,28,-25
"19823","2390云辰","110/07/09","玉山-台中",49,22,27
"19824","2390云辰","110/07/09","第一金-自由",20,44,-24
"19825","2390云辰","110/07/09","華南永昌-敦南",25,0,25
"19826","2390云辰","110/07/09","凱基-內湖",0,24,-24
"19827","2390云辰","110/07/09","新光-高雄",27,4,23
"19828","2390云辰","110/07/09","元大-汐止",1,24,-23
"19829","2390云辰","110/07/09","台灣摩根士丹利",85,63,22
"19830","2390云辰","110/07/09","新光-台中",12,33,-21
"19831","4903聯光通","110/07/09","元大-敦南",10,0,10
"19832","4903聯光通","110/07/09","第一金-台中",0,12,-12
"19833","4903聯光通","110/07/09","凱基-士林",5,0,5
"19834","4903聯光通","110/07/09","日盛-忠孝",0,3,-3
"19835","4903聯光通","110/07/09","元大-苗栗",5,0,5
"19836","4903聯光通","110/07/09","群益金鼎-崇德",0,3,-3
"19837","4903聯光通","110/07/09","元大-屏南",3,0,3
"19838","4903聯光通","110/07/09","國票-內壢",0,2,-2
"19839","4903聯光通","110/07/09","中國信託-永康",1,0,1
"19840","4903聯光通","110/07/09","康和-南崁",0,2,-2
"19841","4903聯光通","110/07/09","玉山證券",1,0,1
"19842","4903聯光通","110/07/09","新光-台中",0,2,-2
"19843","4903聯光通","110/07/09","元大-太平",4,3,1
"19844","4903聯光通","110/07/09","玉山-城中",0,2,-2
"19845","4903聯光通","110/07/09","永豐金-嘉義",1,0,1
"19846","4903聯光通","110/07/09","中國信託-文心",0,1,-1
"19847","4903聯光通","110/07/09","大昌",0,0,0
"19848","4903聯光通","110/07/09","大昌",0,0,0
"19849","4903聯光通","110/07/09","中農",0,0,0
"19850","4903聯光通","110/07/09","中農",0,0,0
"19851","4903聯光通","110/07/09","",NA,NA,NA
"19852","4903聯光通","110/07/09","",NA,NA,NA
"19853","4903聯光通","110/07/09","",NA,NA,NA
"19854","4903聯光通","110/07/09","",NA,NA,NA
"19855","4903聯光通","110/07/09","",NA,NA,NA
"19856","4903聯光通","110/07/09","",NA,NA,NA
"19857","4903聯光通","110/07/09","",NA,NA,NA
"19858","4903聯光通","110/07/09","",NA,NA,NA
"19859","4903聯光通","110/07/09","",NA,NA,NA
"19860","4903聯光通","110/07/09","",NA,NA,NA
"19861","2929淘帝","110/07/09","台中銀-台北",110,0,110
"19862","2929淘帝","110/07/09","新光",2,82,-80
"19863","2929淘帝","110/07/09","華南永昌-頭份",72,0,72
"19864","2929淘帝","110/07/09","摩根大通",2,63,-61
"19865","2929淘帝","110/07/09","合庫-高雄",71,0,71
"19866","2929淘帝","110/07/09","第一金-路竹",0,50,-50
"19867","2929淘帝","110/07/09","高橋-龍潭",37,0,37
"19868","2929淘帝","110/07/09","港商麥格理",0,42,-42
"19869","2929淘帝","110/07/09","新光-台中",60,26,34
"19870","2929淘帝","110/07/09","陽信-石牌",0,40,-40
"19871","2929淘帝","110/07/09","元富-大裕",22,1,21
"19872","2929淘帝","110/07/09","台新-左楠",1,39,-38
"19873","2929淘帝","110/07/09","合庫-鳳山",20,0,20
"19874","2929淘帝","110/07/09","凱基-桃園",3,29,-26
"19875","2929淘帝","110/07/09","元大-員林",22,2,20
"19876","2929淘帝","110/07/09","兆豐-內湖",0,25,-25
"19877","2929淘帝","110/07/09","台新-建北",15,0,15
"19878","2929淘帝","110/07/09","元大-北港",0,20,-20
"19879","2929淘帝","110/07/09","兆豐-桃園",13,0,13
"19880","2929淘帝","110/07/09","富邦-北港",0,19,-19
"19881","2929淘帝","110/07/09","兆豐-忠孝",10,0,10
"19882","2929淘帝","110/07/09","富邦-花蓮",0,17,-17
"19883","2929淘帝","110/07/09","國票-敦北法人",10,0,10
"19884","2929淘帝","110/07/09","國泰-台中",2,17,-15
"19885","2929淘帝","110/07/09","永豐金-博愛",10,0,10
"19886","2929淘帝","110/07/09","群益金鼎-彰化",0,15,-15
"19887","2929淘帝","110/07/09","群益金鼎-潭子",8,0,8
"19888","2929淘帝","110/07/09","元大-博愛",0,14,-14
"19889","2929淘帝","110/07/09","富邦-南屯",8,0,8
"19890","2929淘帝","110/07/09","日盛-板橋",0,13,-13
"19891","5410國眾","110/07/09","元大-新盛",14,0,14
"19892","5410國眾","110/07/09","(牛牛牛)亞-鑫豐",1,41,-40
"19893","5410國眾","110/07/09","台灣企銀-民雄",10,0,10
"19894","5410國眾","110/07/09","元富-嘉義",0,25,-25
"19895","5410國眾","110/07/09","元富-虎尾",9,0,9
"19896","5410國眾","110/07/09","凱基-高美館",0,10,-10
"19897","5410國眾","110/07/09","摩根大通",10,1,9
"19898","5410國眾","110/07/09","凱基-城中",0,10,-10
"19899","5410國眾","110/07/09","兆豐-北高雄",7,0,7
"19900","5410國眾","110/07/09","元大-頭份",0,10,-10
"19901","5410國眾","110/07/09","凱基-台北",8,1,7
"19902","5410國眾","110/07/09","群益金鼎-丹鳳",0,7,-7
"19903","5410國眾","110/07/09","華南永昌-公誠",7,0,7
"19904","5410國眾","110/07/09","凱基-復興",0,7,-7
"19905","5410國眾","110/07/09","香港上海匯豐",6,0,6
"19906","5410國眾","110/07/09","元大-員林",0,7,-7
"19907","5410國眾","110/07/09","凱基-中壢",6,0,6
"19908","5410國眾","110/07/09","富邦-竹東",0,6,-6
"19909","5410國眾","110/07/09","華南永昌-南京",6,0,6
"19910","5410國眾","110/07/09","亞東-高雄",0,5,-5
"19911","5410國眾","110/07/09","統一-三重",5,0,5
"19912","5410國眾","110/07/09","大慶-中壢",1,6,-5
"19913","5410國眾","110/07/09","富邦-宜蘭",5,0,5
"19914","5410國眾","110/07/09","群益金鼎-中港",0,5,-5
"19915","5410國眾","110/07/09","元大-崇德",5,0,5
"19916","5410國眾","110/07/09","元大-八德",0,5,-5
"19917","5410國眾","110/07/09","元大-博愛",5,0,5
"19918","5410國眾","110/07/09","富邦-基隆",0,4,-4
"19919","5410國眾","110/07/09","元大-龍潭",5,0,5
"19920","5410國眾","110/07/09","臺銀-新竹",0,3,-3
"19921","2841台開","110/07/09","日盛-雙和",102,0,102
"19922","2841台開","110/07/09","港商野村",0,129,-129
"19923","2841台開","110/07/09","元大-館前",70,0,70
"19924","2841台開","110/07/09","兆豐-永和",0,100,-100
"19925","2841台開","110/07/09","凱基-文心",50,0,50
"19926","2841台開","110/07/09","台新證券",7,28,-21
"19927","2841台開","110/07/09","富邦-嘉義",40,0,40
"19928","2841台開","110/07/09","國票-北高雄",0,20,-20
"19929","2841台開","110/07/09","美商高盛",15,0,15
"19930","2841台開","110/07/09","永豐金-敦南",29,46,-17
"19931","2841台開","110/07/09","台中銀",15,0,15
"19932","2841台開","110/07/09","合庫-基隆",0,12,-12
"19933","2841台開","110/07/09","新光",11,0,11
"19934","2841台開","110/07/09","中國信託-松江",0,12,-12
"19935","2841台開","110/07/09","華南永昌-長虹",10,0,10
"19936","2841台開","110/07/09","兆豐-城中",0,12,-12
"19937","2841台開","110/07/09","永豐金-南投",10,0,10
"19938","2841台開","110/07/09","台中銀-豐原",0,10,-10
"19939","2841台開","110/07/09","合庫-桃園",7,0,7
"19940","2841台開","110/07/09","兆豐-景美",0,10,-10
"19941","2841台開","110/07/09","群益金鼎-古亭",7,0,7
"19942","2841台開","110/07/09","群益金鼎-基隆",0,10,-10
"19943","2841台開","110/07/09","國泰-敦南",6,0,6
"19944","2841台開","110/07/09","元大-北三重",0,10,-10
"19945","2841台開","110/07/09","凱基-桃園",8,2,6
"19946","2841台開","110/07/09","(牛牛牛)亞-網路",0,9,-9
"19947","2841台開","110/07/09","日盛證券",5,0,5
"19948","2841台開","110/07/09","台新-高雄",1,10,-9
"19949","2841台開","110/07/09","元富-文心",5,0,5
"19950","2841台開","110/07/09","凱基-台北",0,7,-7
"19951","6207雷科","110/07/09","群益金鼎-新竹",47,0,47
"19952","6207雷科","110/07/09","新光",7,24,-17
"19953","6207雷科","110/07/09","永豐金-三重",31,0,31
"19954","6207雷科","110/07/09","日盛-和美",0,15,-15
"19955","6207雷科","110/07/09","新加坡商瑞銀",33,5,28
"19956","6207雷科","110/07/09","國泰-台南",0,15,-15
"19957","6207雷科","110/07/09","元大-高雄",26,0,26
"19958","6207雷科","110/07/09","華南永昌-古亭",0,14,-14
"19959","6207雷科","110/07/09","統一-員林",22,0,22
"19960","6207雷科","110/07/09","土銀-白河",0,11,-11
"19961","6207雷科","110/07/09","台新-高雄",22,0,22
"19962","6207雷科","110/07/09","日盛-台南",0,10,-10
"19963","6207雷科","110/07/09","摩根大通",34,17,17
"19964","6207雷科","110/07/09","元富-林園",0,10,-10
"19965","6207雷科","110/07/09","元大-博愛",17,1,16
"19966","6207雷科","110/07/09","富邦-園區",0,10,-10
"19967","6207雷科","110/07/09","日茂-埔里",12,0,12
"19968","6207雷科","110/07/09","元大-上新莊",0,10,-10
"19969","6207雷科","110/07/09","國泰-台中",17,6,11
"19970","6207雷科","110/07/09","永豐金-南京",0,10,-10
"19971","6207雷科","110/07/09","富邦-三重",10,0,10
"19972","6207雷科","110/07/09","兆豐-小港",0,6,-6
"19973","6207雷科","110/07/09","元大-沙鹿",10,0,10
"19974","6207雷科","110/07/09","富邦-羅東",1,7,-6
"19975","6207雷科","110/07/09","元大-八德",10,0,10
"19976","6207雷科","110/07/09","元大-土城永寧",0,6,-6
"19977","6207雷科","110/07/09","第一金-路竹",11,2,9
"19978","6207雷科","110/07/09","永豐金-板盛",0,6,-6
"19979","6207雷科","110/07/09","統一-南京",5,0,5
"19980","6207雷科","110/07/09","日盛-板橋",0,5,-5
"19981","3679新至陞","110/07/09","元大-大天母",10,0,10
"19982","3679新至陞","110/07/09","第一金-光復",0,11,-11
"19983","3679新至陞","110/07/09","日盛-樹林",9,0,9
"19984","3679新至陞","110/07/09","瑞士信貸",0,8,-8
"19985","3679新至陞","110/07/09","凱基-台北",11,2,9
"19986","3679新至陞","110/07/09","大慶-苗栗",0,5,-5
"19987","3679新至陞","110/07/09","華南永昌-小港",8,0,8
"19988","3679新至陞","110/07/09","元大-永春",0,5,-5
"19989","3679新至陞","110/07/09","兆豐-來福",7,0,7
"19990","3679新至陞","110/07/09","日盛-和美",0,4,-4
"19991","3679新至陞","110/07/09","香港上海匯豐",5,0,5
"19992","3679新至陞","110/07/09","元大-雙和",0,3,-3
"19993","3679新至陞","110/07/09","台中銀-員林",3,0,3
"19994","3679新至陞","110/07/09","永豐金-屏東",0,3,-3
"19995","3679新至陞","110/07/09","新光",3,0,3
"19996","3679新至陞","110/07/09","彰銀",0,2,-2
"19997","3679新至陞","110/07/09","土銀-花蓮",2,0,2
"19998","3679新至陞","110/07/09","宏遠-館前",0,2,-2
"19999","3679新至陞","110/07/09","第一金-澎湖",2,0,2
"20000","3679新至陞","110/07/09","港商野村",0,2,-2
"20001","3679新至陞","110/07/09","摩根大通",2,0,2
"20002","3679新至陞","110/07/09","大昌-新店",0,2,-2
"20003","3679新至陞","110/07/09","國泰-敦南",2,0,2
"20004","3679新至陞","110/07/09","元大-新莊",0,2,-2
"20005","3679新至陞","110/07/09","元大-淡水",4,2,2
"20006","3679新至陞","110/07/09","元大-板橋",0,2,-2
"20007","3679新至陞","110/07/09","日盛-士林",1,0,1
"20008","3679新至陞","110/07/09","台灣摩根士丹利",0,1,-1
"20009","3679新至陞","110/07/09","日盛-信義",1,0,1
"20010","3679新至陞","110/07/09","第一金-高雄",0,1,-1
"20011","2727王品","110/07/09","台灣匯立證券",90,0,90
"20012","2727王品","110/07/09","台灣摩根士丹利",0,267,-267
"20013","2727王品","110/07/09","國泰-敦南",166,84,82
"20014","2727王品","110/07/09","富邦-台北",35,299,-264
"20015","2727王品","110/07/09","富邦-仁愛",56,12,44
"20016","2727王品","110/07/09","凱基-台北",174,296,-122
"20017","2727王品","110/07/09","台新證券",109,66,43
"20018","2727王品","110/07/09","第一金",2,102,-100
"20019","2727王品","110/07/09","新光",117,87,30
"20020","2727王品","110/07/09","群益金鼎-大安",0,80,-80
"20021","2727王品","110/07/09","臺銀-臺中",35,6,29
"20022","2727王品","110/07/09","兆豐-大安",7,60,-53
"20023","2727王品","110/07/09","元大-桃園",32,3,29
"20024","2727王品","110/07/09","永豐金-南投",0,50,-50
"20025","2727王品","110/07/09","元富-宜蘭",34,6,28
"20026","2727王品","110/07/09","新加坡商瑞銀",6,46,-40
"20027","2727王品","110/07/09","玉山-台中",34,8,26
"20028","2727王品","110/07/09","合庫-彰化",11,50,-39
"20029","2727王品","110/07/09","群益金鼎-宜蘭",30,4,26
"20030","2727王品","110/07/09","永豐金-萬盛",13,52,-39
"20031","2727王品","110/07/09","富邦-台中",42,16,26
"20032","2727王品","110/07/09","瑞士信貸",0,34,-34
"20033","2727王品","110/07/09","第一金-豐原",25,1,24
"20034","2727王品","110/07/09","元大-和平",4,35,-31
"20035","2727王品","110/07/09","臺銀",30,8,22
"20036","2727王品","110/07/09","美林",14,44,-30
"20037","2727王品","110/07/09","兆豐-來福",23,1,22
"20038","2727王品","110/07/09","元大-員林",9,38,-29
"20039","2727王品","110/07/09","玉山-士林",22,2,20
"20040","2727王品","110/07/09","元富-西松",4,31,-27
"20041","1570力肯","110/07/09","凱基-台北",30,1,29
"20042","1570力肯","110/07/09","群益金鼎-彰化",0,20,-20
"20043","1570力肯","110/07/09","新光-台南",20,0,20
"20044","1570力肯","110/07/09","元大-土城學府",0,20,-20
"20045","1570力肯","110/07/09","元大-高雄",20,0,20
"20046","1570力肯","110/07/09","元大-大統",0,16,-16
"20047","1570力肯","110/07/09","國票-中正",12,0,12
"20048","1570力肯","110/07/09","元大-新營",0,11,-11
"20049","1570力肯","110/07/09","日盛-高雄",6,0,6
"20050","1570力肯","110/07/09","元大-和平",0,10,-10
"20051","1570力肯","110/07/09","元富-緯城",6,0,6
"20052","1570力肯","110/07/09","元大-草屯",0,10,-10
"20053","1570力肯","110/07/09","群益金鼎-台南",6,0,6
"20054","1570力肯","110/07/09","元大-鹿港",0,9,-9
"20055","1570力肯","110/07/09","華南永昌-岡山",6,0,6
"20056","1570力肯","110/07/09","合庫-基隆",0,7,-7
"20057","1570力肯","110/07/09","統一-中壢",5,0,5
"20058","1570力肯","110/07/09","摩根大通",2,8,-6
"20059","1570力肯","110/07/09","凱基-三峽",5,0,5
"20060","1570力肯","110/07/09","台灣企銀-豐原",0,4,-4
"20061","1570力肯","110/07/09","大昌-樹林",4,0,4
"20062","1570力肯","110/07/09","日盛-桃園",0,4,-4
"20063","1570力肯","110/07/09","新光",3,0,3
"20064","1570力肯","110/07/09","國泰-高雄",0,3,-3
"20065","1570力肯","110/07/09","富邦-新竹華信",3,0,3
"20066","1570力肯","110/07/09","永豐金-敦南",0,3,-3
"20067","1570力肯","110/07/09","合庫-台中",2,0,2
"20068","1570力肯","110/07/09","土銀-彰化",0,2,-2
"20069","1570力肯","110/07/09","臺銀-臺中",2,0,2
"20070","1570力肯","110/07/09","臺銀-鳳山",0,2,-2
"20071","6180橘子","110/07/09","摩根大通",63,1,62
"20072","6180橘子","110/07/09","元大-南京",1,32,-31
"20073","6180橘子","110/07/09","富邦-陽明",73,33,40
"20074","6180橘子","110/07/09","群益金鼎-台北",0,25,-25
"20075","6180橘子","110/07/09","新加坡商瑞銀",31,0,31
"20076","6180橘子","110/07/09","兆豐-復興",0,21,-21
"20077","6180橘子","110/07/09","美商高盛",25,0,25
"20078","6180橘子","110/07/09","永豐金-嘉義",0,21,-21
"20079","6180橘子","110/07/09","凱基-台北",26,10,16
"20080","6180橘子","110/07/09","凱基-中壢",8,24,-16
"20081","6180橘子","110/07/09","華南永昌-楠梓",13,0,13
"20082","6180橘子","110/07/09","致和-崇德",0,15,-15
"20083","6180橘子","110/07/09","華南永昌-朴子",11,0,11
"20084","6180橘子","110/07/09","群益金鼎-屏東",0,15,-15
"20085","6180橘子","110/07/09","元大-北港",11,0,11
"20086","6180橘子","110/07/09","群益金鼎-中山",0,15,-15
"20087","6180橘子","110/07/09","元大-成功",10,1,9
"20088","6180橘子","110/07/09","瑞士信貸",1,15,-14
"20089","6180橘子","110/07/09","新光",26,18,8
"20090","6180橘子","110/07/09","日盛-二林",0,10,-10
"20091","6180橘子","110/07/09","統一-三重",6,0,6
"20092","6180橘子","110/07/09","凱基-東門",0,10,-10
"20093","6180橘子","110/07/09","群益金鼎-嘉義",6,0,6
"20094","6180橘子","110/07/09","華南永昌-三重",0,10,-10
"20095","6180橘子","110/07/09","元大-員林中山",6,0,6
"20096","6180橘子","110/07/09","元大-彰化民生",1,11,-10
"20097","6180橘子","110/07/09","合庫-鳳山",5,0,5
"20098","6180橘子","110/07/09","永豐金-新店",1,11,-10
"20099","6180橘子","110/07/09","富邦-建國",6,1,5
"20100","6180橘子","110/07/09","群益金鼎-丹鳳",0,8,-8
"20101","2390云辰","110/07/09","摩根大通",279,56,223
"20102","2390云辰","110/07/09","元大-天母",0,127,-127
"20103","2390云辰","110/07/09","日盛-鳳山",110,2,108
"20104","2390云辰","110/07/09","中國信託-文心",5,109,-104
"20105","2390云辰","110/07/09","宏遠證券",100,0,100
"20106","2390云辰","110/07/09","永豐金-復興",0,55,-55
"20107","2390云辰","110/07/09","元大-大里",63,6,57
"20108","2390云辰","110/07/09","凱基-台北",239,286,-47
"20109","2390云辰","110/07/09","凱基-八德",59,10,49
"20110","2390云辰","110/07/09","德信",2,32,-30
"20111","2390云辰","110/07/09","合庫-新竹",40,0,40
"20112","2390云辰","110/07/09","兆豐-桃鶯",2,32,-30
"20113","2390云辰","110/07/09","國票",40,1,39
"20114","2390云辰","110/07/09","致和-南京",0,30,-30
"20115","2390云辰","110/07/09","新加坡商瑞銀",49,13,36
"20116","2390云辰","110/07/09","富邦-虎尾",1,31,-30
"20117","2390云辰","110/07/09","統一-新台中",36,2,34
"20118","2390云辰","110/07/09","元大-善化",2,31,-29
"20119","2390云辰","110/07/09","國票-嘉義",31,0,31
"20120","2390云辰","110/07/09","富邦-板橋",0,27,-27
"20121","2390云辰","110/07/09","華南永昌",35,7,28
"20122","2390云辰","110/07/09","富邦-永和",3,28,-25
"20123","2390云辰","110/07/09","玉山-台中",49,22,27
"20124","2390云辰","110/07/09","第一金-自由",20,44,-24
"20125","2390云辰","110/07/09","華南永昌-敦南",25,0,25
"20126","2390云辰","110/07/09","凱基-內湖",0,24,-24
"20127","2390云辰","110/07/09","新光-高雄",27,4,23
"20128","2390云辰","110/07/09","元大-汐止",1,24,-23
"20129","2390云辰","110/07/09","台灣摩根士丹利",85,63,22
"20130","2390云辰","110/07/09","新光-台中",12,33,-21
"20131","4903聯光通","110/07/09","元大-敦南",10,0,10
"20132","4903聯光通","110/07/09","第一金-台中",0,12,-12
"20133","4903聯光通","110/07/09","凱基-士林",5,0,5
"20134","4903聯光通","110/07/09","日盛-忠孝",0,3,-3
"20135","4903聯光通","110/07/09","元大-苗栗",5,0,5
"20136","4903聯光通","110/07/09","群益金鼎-崇德",0,3,-3
"20137","4903聯光通","110/07/09","元大-屏南",3,0,3
"20138","4903聯光通","110/07/09","國票-內壢",0,2,-2
"20139","4903聯光通","110/07/09","中國信託-永康",1,0,1
"20140","4903聯光通","110/07/09","康和-南崁",0,2,-2
"20141","4903聯光通","110/07/09","玉山證券",1,0,1
"20142","4903聯光通","110/07/09","新光-台中",0,2,-2
"20143","4903聯光通","110/07/09","元大-太平",4,3,1
"20144","4903聯光通","110/07/09","玉山-城中",0,2,-2
"20145","4903聯光通","110/07/09","永豐金-嘉義",1,0,1
"20146","4903聯光通","110/07/09","中國信託-文心",0,1,-1
"20147","4903聯光通","110/07/09","大昌",0,0,0
"20148","4903聯光通","110/07/09","大昌",0,0,0
"20149","4903聯光通","110/07/09","中農",0,0,0
"20150","4903聯光通","110/07/09","中農",0,0,0
"20151","4903聯光通","110/07/09","",NA,NA,NA
"20152","4903聯光通","110/07/09","",NA,NA,NA
"20153","4903聯光通","110/07/09","",NA,NA,NA
"20154","4903聯光通","110/07/09","",NA,NA,NA
"20155","4903聯光通","110/07/09","",NA,NA,NA
"20156","4903聯光通","110/07/09","",NA,NA,NA
"20157","4903聯光通","110/07/09","",NA,NA,NA
"20158","4903聯光通","110/07/09","",NA,NA,NA
"20159","4903聯光通","110/07/09","",NA,NA,NA
"20160","4903聯光通","110/07/09","",NA,NA,NA
"20161","2929淘帝","110/07/09","台中銀-台北",110,0,110
"20162","2929淘帝","110/07/09","新光",2,82,-80
"20163","2929淘帝","110/07/09","華南永昌-頭份",72,0,72
"20164","2929淘帝","110/07/09","摩根大通",2,63,-61
"20165","2929淘帝","110/07/09","合庫-高雄",71,0,71
"20166","2929淘帝","110/07/09","第一金-路竹",0,50,-50
"20167","2929淘帝","110/07/09","高橋-龍潭",37,0,37
"20168","2929淘帝","110/07/09","港商麥格理",0,42,-42
"20169","2929淘帝","110/07/09","新光-台中",60,26,34
"20170","2929淘帝","110/07/09","陽信-石牌",0,40,-40
"20171","2929淘帝","110/07/09","元富-大裕",22,1,21
"20172","2929淘帝","110/07/09","台新-左楠",1,39,-38
"20173","2929淘帝","110/07/09","合庫-鳳山",20,0,20
"20174","2929淘帝","110/07/09","凱基-桃園",3,29,-26
"20175","2929淘帝","110/07/09","元大-員林",22,2,20
"20176","2929淘帝","110/07/09","兆豐-內湖",0,25,-25
"20177","2929淘帝","110/07/09","台新-建北",15,0,15
"20178","2929淘帝","110/07/09","元大-北港",0,20,-20
"20179","2929淘帝","110/07/09","兆豐-桃園",13,0,13
"20180","2929淘帝","110/07/09","富邦-北港",0,19,-19
"20181","2929淘帝","110/07/09","兆豐-忠孝",10,0,10
"20182","2929淘帝","110/07/09","富邦-花蓮",0,17,-17
"20183","2929淘帝","110/07/09","國票-敦北法人",10,0,10
"20184","2929淘帝","110/07/09","國泰-台中",2,17,-15
"20185","2929淘帝","110/07/09","永豐金-博愛",10,0,10
"20186","2929淘帝","110/07/09","群益金鼎-彰化",0,15,-15
"20187","2929淘帝","110/07/09","群益金鼎-潭子",8,0,8
"20188","2929淘帝","110/07/09","元大-博愛",0,14,-14
"20189","2929淘帝","110/07/09","富邦-南屯",8,0,8
"20190","2929淘帝","110/07/09","日盛-板橋",0,13,-13
"20191","5410國眾","110/07/09","元大-新盛",14,0,14
"20192","5410國眾","110/07/09","(牛牛牛)亞-鑫豐",1,41,-40
"20193","5410國眾","110/07/09","台灣企銀-民雄",10,0,10
"20194","5410國眾","110/07/09","元富-嘉義",0,25,-25
"20195","5410國眾","110/07/09","元富-虎尾",9,0,9
"20196","5410國眾","110/07/09","凱基-高美館",0,10,-10
"20197","5410國眾","110/07/09","摩根大通",10,1,9
"20198","5410國眾","110/07/09","凱基-城中",0,10,-10
"20199","5410國眾","110/07/09","兆豐-北高雄",7,0,7
"20200","5410國眾","110/07/09","元大-頭份",0,10,-10
"20201","5410國眾","110/07/09","凱基-台北",8,1,7
"20202","5410國眾","110/07/09","群益金鼎-丹鳳",0,7,-7
"20203","5410國眾","110/07/09","華南永昌-公誠",7,0,7
"20204","5410國眾","110/07/09","凱基-復興",0,7,-7
"20205","5410國眾","110/07/09","香港上海匯豐",6,0,6
"20206","5410國眾","110/07/09","元大-員林",0,7,-7
"20207","5410國眾","110/07/09","凱基-中壢",6,0,6
"20208","5410國眾","110/07/09","富邦-竹東",0,6,-6
"20209","5410國眾","110/07/09","華南永昌-南京",6,0,6
"20210","5410國眾","110/07/09","亞東-高雄",0,5,-5
"20211","5410國眾","110/07/09","統一-三重",5,0,5
"20212","5410國眾","110/07/09","大慶-中壢",1,6,-5
"20213","5410國眾","110/07/09","富邦-宜蘭",5,0,5
"20214","5410國眾","110/07/09","群益金鼎-中港",0,5,-5
"20215","5410國眾","110/07/09","元大-崇德",5,0,5
"20216","5410國眾","110/07/09","元大-八德",0,5,-5
"20217","5410國眾","110/07/09","元大-博愛",5,0,5
"20218","5410國眾","110/07/09","富邦-基隆",0,4,-4
"20219","5410國眾","110/07/09","元大-龍潭",5,0,5
"20220","5410國眾","110/07/09","臺銀-新竹",0,3,-3
"20221","2841台開","110/07/09","日盛-雙和",102,0,102
"20222","2841台開","110/07/09","港商野村",0,129,-129
"20223","2841台開","110/07/09","元大-館前",70,0,70
"20224","2841台開","110/07/09","兆豐-永和",0,100,-100
"20225","2841台開","110/07/09","凱基-文心",50,0,50
"20226","2841台開","110/07/09","台新證券",7,28,-21
"20227","2841台開","110/07/09","富邦-嘉義",40,0,40
"20228","2841台開","110/07/09","國票-北高雄",0,20,-20
"20229","2841台開","110/07/09","美商高盛",15,0,15
"20230","2841台開","110/07/09","永豐金-敦南",29,46,-17
"20231","2841台開","110/07/09","台中銀",15,0,15
"20232","2841台開","110/07/09","合庫-基隆",0,12,-12
"20233","2841台開","110/07/09","新光",11,0,11
"20234","2841台開","110/07/09","中國信託-松江",0,12,-12
"20235","2841台開","110/07/09","華南永昌-長虹",10,0,10
"20236","2841台開","110/07/09","兆豐-城中",0,12,-12
"20237","2841台開","110/07/09","永豐金-南投",10,0,10
"20238","2841台開","110/07/09","台中銀-豐原",0,10,-10
"20239","2841台開","110/07/09","合庫-桃園",7,0,7
"20240","2841台開","110/07/09","兆豐-景美",0,10,-10
"20241","2841台開","110/07/09","群益金鼎-古亭",7,0,7
"20242","2841台開","110/07/09","群益金鼎-基隆",0,10,-10
"20243","2841台開","110/07/09","國泰-敦南",6,0,6
"20244","2841台開","110/07/09","元大-北三重",0,10,-10
"20245","2841台開","110/07/09","凱基-桃園",8,2,6
"20246","2841台開","110/07/09","(牛牛牛)亞-網路",0,9,-9
"20247","2841台開","110/07/09","日盛證券",5,0,5
"20248","2841台開","110/07/09","台新-高雄",1,10,-9
"20249","2841台開","110/07/09","元富-文心",5,0,5
"20250","2841台開","110/07/09","凱基-台北",0,7,-7
"20251","6207雷科","110/07/09","群益金鼎-新竹",47,0,47
"20252","6207雷科","110/07/09","新光",7,24,-17
"20253","6207雷科","110/07/09","永豐金-三重",31,0,31
"20254","6207雷科","110/07/09","日盛-和美",0,15,-15
"20255","6207雷科","110/07/09","新加坡商瑞銀",33,5,28
"20256","6207雷科","110/07/09","國泰-台南",0,15,-15
"20257","6207雷科","110/07/09","元大-高雄",26,0,26
"20258","6207雷科","110/07/09","華南永昌-古亭",0,14,-14
"20259","6207雷科","110/07/09","統一-員林",22,0,22
"20260","6207雷科","110/07/09","土銀-白河",0,11,-11
"20261","6207雷科","110/07/09","台新-高雄",22,0,22
"20262","6207雷科","110/07/09","日盛-台南",0,10,-10
"20263","6207雷科","110/07/09","摩根大通",34,17,17
"20264","6207雷科","110/07/09","元富-林園",0,10,-10
"20265","6207雷科","110/07/09","元大-博愛",17,1,16
"20266","6207雷科","110/07/09","富邦-園區",0,10,-10
"20267","6207雷科","110/07/09","日茂-埔里",12,0,12
"20268","6207雷科","110/07/09","元大-上新莊",0,10,-10
"20269","6207雷科","110/07/09","國泰-台中",17,6,11
"20270","6207雷科","110/07/09","永豐金-南京",0,10,-10
"20271","6207雷科","110/07/09","富邦-三重",10,0,10
"20272","6207雷科","110/07/09","兆豐-小港",0,6,-6
"20273","6207雷科","110/07/09","元大-沙鹿",10,0,10
"20274","6207雷科","110/07/09","富邦-羅東",1,7,-6
"20275","6207雷科","110/07/09","元大-八德",10,0,10
"20276","6207雷科","110/07/09","元大-土城永寧",0,6,-6
"20277","6207雷科","110/07/09","第一金-路竹",11,2,9
"20278","6207雷科","110/07/09","永豐金-板盛",0,6,-6
"20279","6207雷科","110/07/09","統一-南京",5,0,5
"20280","6207雷科","110/07/09","日盛-板橋",0,5,-5
"20281","3679新至陞","110/07/09","元大-大天母",10,0,10
"20282","3679新至陞","110/07/09","第一金-光復",0,11,-11
"20283","3679新至陞","110/07/09","日盛-樹林",9,0,9
"20284","3679新至陞","110/07/09","瑞士信貸",0,8,-8
"20285","3679新至陞","110/07/09","凱基-台北",11,2,9
"20286","3679新至陞","110/07/09","大慶-苗栗",0,5,-5
"20287","3679新至陞","110/07/09","華南永昌-小港",8,0,8
"20288","3679新至陞","110/07/09","元大-永春",0,5,-5
"20289","3679新至陞","110/07/09","兆豐-來福",7,0,7
"20290","3679新至陞","110/07/09","日盛-和美",0,4,-4
"20291","3679新至陞","110/07/09","香港上海匯豐",5,0,5
"20292","3679新至陞","110/07/09","元大-雙和",0,3,-3
"20293","3679新至陞","110/07/09","台中銀-員林",3,0,3
"20294","3679新至陞","110/07/09","永豐金-屏東",0,3,-3
"20295","3679新至陞","110/07/09","新光",3,0,3
"20296","3679新至陞","110/07/09","彰銀",0,2,-2
"20297","3679新至陞","110/07/09","土銀-花蓮",2,0,2
"20298","3679新至陞","110/07/09","宏遠-館前",0,2,-2
"20299","3679新至陞","110/07/09","第一金-澎湖",2,0,2
"20300","3679新至陞","110/07/09","港商野村",0,2,-2
"20301","3679新至陞","110/07/09","摩根大通",2,0,2
"20302","3679新至陞","110/07/09","大昌-新店",0,2,-2
"20303","3679新至陞","110/07/09","國泰-敦南",2,0,2
"20304","3679新至陞","110/07/09","元大-新莊",0,2,-2
"20305","3679新至陞","110/07/09","元大-淡水",4,2,2
"20306","3679新至陞","110/07/09","元大-板橋",0,2,-2
"20307","3679新至陞","110/07/09","日盛-士林",1,0,1
"20308","3679新至陞","110/07/09","台灣摩根士丹利",0,1,-1
"20309","3679新至陞","110/07/09","日盛-信義",1,0,1
"20310","3679新至陞","110/07/09","第一金-高雄",0,1,-1
"20311","2727王品","110/07/09","台灣匯立證券",90,0,90
"20312","2727王品","110/07/09","台灣摩根士丹利",0,267,-267
"20313","2727王品","110/07/09","國泰-敦南",166,84,82
"20314","2727王品","110/07/09","富邦-台北",35,299,-264
"20315","2727王品","110/07/09","富邦-仁愛",56,12,44
"20316","2727王品","110/07/09","凱基-台北",174,296,-122
"20317","2727王品","110/07/09","台新證券",109,66,43
"20318","2727王品","110/07/09","第一金",2,102,-100
"20319","2727王品","110/07/09","新光",117,87,30
"20320","2727王品","110/07/09","群益金鼎-大安",0,80,-80
"20321","2727王品","110/07/09","臺銀-臺中",35,6,29
"20322","2727王品","110/07/09","兆豐-大安",7,60,-53
"20323","2727王品","110/07/09","元大-桃園",32,3,29
"20324","2727王品","110/07/09","永豐金-南投",0,50,-50
"20325","2727王品","110/07/09","元富-宜蘭",34,6,28
"20326","2727王品","110/07/09","新加坡商瑞銀",6,46,-40
"20327","2727王品","110/07/09","玉山-台中",34,8,26
"20328","2727王品","110/07/09","合庫-彰化",11,50,-39
"20329","2727王品","110/07/09","群益金鼎-宜蘭",30,4,26
"20330","2727王品","110/07/09","永豐金-萬盛",13,52,-39
"20331","2727王品","110/07/09","富邦-台中",42,16,26
"20332","2727王品","110/07/09","瑞士信貸",0,34,-34
"20333","2727王品","110/07/09","第一金-豐原",25,1,24
"20334","2727王品","110/07/09","元大-和平",4,35,-31
"20335","2727王品","110/07/09","臺銀",30,8,22
"20336","2727王品","110/07/09","美林",14,44,-30
"20337","2727王品","110/07/09","兆豐-來福",23,1,22
"20338","2727王品","110/07/09","元大-員林",9,38,-29
"20339","2727王品","110/07/09","玉山-士林",22,2,20
"20340","2727王品","110/07/09","元富-西松",4,31,-27
"20341","1570力肯","110/07/09","凱基-台北",30,1,29
"20342","1570力肯","110/07/09","群益金鼎-彰化",0,20,-20
"20343","1570力肯","110/07/09","新光-台南",20,0,20
"20344","1570力肯","110/07/09","元大-土城學府",0,20,-20
"20345","1570力肯","110/07/09","元大-高雄",20,0,20
"20346","1570力肯","110/07/09","元大-大統",0,16,-16
"20347","1570力肯","110/07/09","國票-中正",12,0,12
"20348","1570力肯","110/07/09","元大-新營",0,11,-11
"20349","1570力肯","110/07/09","日盛-高雄",6,0,6
"20350","1570力肯","110/07/09","元大-和平",0,10,-10
"20351","1570力肯","110/07/09","元富-緯城",6,0,6
"20352","1570力肯","110/07/09","元大-草屯",0,10,-10
"20353","1570力肯","110/07/09","群益金鼎-台南",6,0,6
"20354","1570力肯","110/07/09","元大-鹿港",0,9,-9
"20355","1570力肯","110/07/09","華南永昌-岡山",6,0,6
"20356","1570力肯","110/07/09","合庫-基隆",0,7,-7
"20357","1570力肯","110/07/09","統一-中壢",5,0,5
"20358","1570力肯","110/07/09","摩根大通",2,8,-6
"20359","1570力肯","110/07/09","凱基-三峽",5,0,5
"20360","1570力肯","110/07/09","台灣企銀-豐原",0,4,-4
"20361","1570力肯","110/07/09","大昌-樹林",4,0,4
"20362","1570力肯","110/07/09","日盛-桃園",0,4,-4
"20363","1570力肯","110/07/09","新光",3,0,3
"20364","1570力肯","110/07/09","國泰-高雄",0,3,-3
"20365","1570力肯","110/07/09","富邦-新竹華信",3,0,3
"20366","1570力肯","110/07/09","永豐金-敦南",0,3,-3
"20367","1570力肯","110/07/09","合庫-台中",2,0,2
"20368","1570力肯","110/07/09","土銀-彰化",0,2,-2
"20369","1570力肯","110/07/09","臺銀-臺中",2,0,2
"20370","1570力肯","110/07/09","臺銀-鳳山",0,2,-2
"20371","6180橘子","110/07/09","摩根大通",63,1,62
"20372","6180橘子","110/07/09","元大-南京",1,32,-31
"20373","6180橘子","110/07/09","富邦-陽明",73,33,40
"20374","6180橘子","110/07/09","群益金鼎-台北",0,25,-25
"20375","6180橘子","110/07/09","新加坡商瑞銀",31,0,31
"20376","6180橘子","110/07/09","兆豐-復興",0,21,-21
"20377","6180橘子","110/07/09","美商高盛",25,0,25
"20378","6180橘子","110/07/09","永豐金-嘉義",0,21,-21
"20379","6180橘子","110/07/09","凱基-台北",26,10,16
"20380","6180橘子","110/07/09","凱基-中壢",8,24,-16
"20381","6180橘子","110/07/09","華南永昌-楠梓",13,0,13
"20382","6180橘子","110/07/09","致和-崇德",0,15,-15
"20383","6180橘子","110/07/09","華南永昌-朴子",11,0,11
"20384","6180橘子","110/07/09","群益金鼎-屏東",0,15,-15
"20385","6180橘子","110/07/09","元大-北港",11,0,11
"20386","6180橘子","110/07/09","群益金鼎-中山",0,15,-15
"20387","6180橘子","110/07/09","元大-成功",10,1,9
"20388","6180橘子","110/07/09","瑞士信貸",1,15,-14
"20389","6180橘子","110/07/09","新光",26,18,8
"20390","6180橘子","110/07/09","日盛-二林",0,10,-10
"20391","6180橘子","110/07/09","統一-三重",6,0,6
"20392","6180橘子","110/07/09","凱基-東門",0,10,-10
"20393","6180橘子","110/07/09","群益金鼎-嘉義",6,0,6
"20394","6180橘子","110/07/09","華南永昌-三重",0,10,-10
"20395","6180橘子","110/07/09","元大-員林中山",6,0,6
"20396","6180橘子","110/07/09","元大-彰化民生",1,11,-10
"20397","6180橘子","110/07/09","合庫-鳳山",5,0,5
"20398","6180橘子","110/07/09","永豐金-新店",1,11,-10
"20399","6180橘子","110/07/09","富邦-建國",6,1,5
"20400","6180橘子","110/07/09","群益金鼎-丹鳳",0,8,-8
"20401","2390云辰","110/07/09","摩根大通",279,56,223
"20402","2390云辰","110/07/09","元大-天母",0,127,-127
"20403","2390云辰","110/07/09","日盛-鳳山",110,2,108
"20404","2390云辰","110/07/09","中國信託-文心",5,109,-104
"20405","2390云辰","110/07/09","宏遠證券",100,0,100
"20406","2390云辰","110/07/09","永豐金-復興",0,55,-55
"20407","2390云辰","110/07/09","元大-大里",63,6,57
"20408","2390云辰","110/07/09","凱基-台北",239,286,-47
"20409","2390云辰","110/07/09","凱基-八德",59,10,49
"20410","2390云辰","110/07/09","德信",2,32,-30
"20411","2390云辰","110/07/09","合庫-新竹",40,0,40
"20412","2390云辰","110/07/09","兆豐-桃鶯",2,32,-30
"20413","2390云辰","110/07/09","國票",40,1,39
"20414","2390云辰","110/07/09","致和-南京",0,30,-30
"20415","2390云辰","110/07/09","新加坡商瑞銀",49,13,36
"20416","2390云辰","110/07/09","富邦-虎尾",1,31,-30
"20417","2390云辰","110/07/09","統一-新台中",36,2,34
"20418","2390云辰","110/07/09","元大-善化",2,31,-29
"20419","2390云辰","110/07/09","國票-嘉義",31,0,31
"20420","2390云辰","110/07/09","富邦-板橋",0,27,-27
"20421","2390云辰","110/07/09","華南永昌",35,7,28
"20422","2390云辰","110/07/09","富邦-永和",3,28,-25
"20423","2390云辰","110/07/09","玉山-台中",49,22,27
"20424","2390云辰","110/07/09","第一金-自由",20,44,-24
"20425","2390云辰","110/07/09","華南永昌-敦南",25,0,25
"20426","2390云辰","110/07/09","凱基-內湖",0,24,-24
"20427","2390云辰","110/07/09","新光-高雄",27,4,23
"20428","2390云辰","110/07/09","元大-汐止",1,24,-23
"20429","2390云辰","110/07/09","台灣摩根士丹利",85,63,22
"20430","2390云辰","110/07/09","新光-台中",12,33,-21
"20431","4903聯光通","110/07/09","元大-敦南",10,0,10
"20432","4903聯光通","110/07/09","第一金-台中",0,12,-12
"20433","4903聯光通","110/07/09","凱基-士林",5,0,5
"20434","4903聯光通","110/07/09","日盛-忠孝",0,3,-3
"20435","4903聯光通","110/07/09","元大-苗栗",5,0,5
"20436","4903聯光通","110/07/09","群益金鼎-崇德",0,3,-3
"20437","4903聯光通","110/07/09","元大-屏南",3,0,3
"20438","4903聯光通","110/07/09","國票-內壢",0,2,-2
"20439","4903聯光通","110/07/09","中國信託-永康",1,0,1
"20440","4903聯光通","110/07/09","康和-南崁",0,2,-2
"20441","4903聯光通","110/07/09","玉山證券",1,0,1
"20442","4903聯光通","110/07/09","新光-台中",0,2,-2
"20443","4903聯光通","110/07/09","元大-太平",4,3,1
"20444","4903聯光通","110/07/09","玉山-城中",0,2,-2
"20445","4903聯光通","110/07/09","永豐金-嘉義",1,0,1
"20446","4903聯光通","110/07/09","中國信託-文心",0,1,-1
"20447","4903聯光通","110/07/09","大昌",0,0,0
"20448","4903聯光通","110/07/09","大昌",0,0,0
"20449","4903聯光通","110/07/09","中農",0,0,0
"20450","4903聯光通","110/07/09","中農",0,0,0
"20451","2929淘帝","110/07/09","台中銀-台北",110,0,110
"20452","2929淘帝","110/07/09","新光",2,82,-80
"20453","2929淘帝","110/07/09","華南永昌-頭份",72,0,72
"20454","2929淘帝","110/07/09","摩根大通",2,63,-61
"20455","2929淘帝","110/07/09","合庫-高雄",71,0,71
"20456","2929淘帝","110/07/09","第一金-路竹",0,50,-50
"20457","2929淘帝","110/07/09","高橋-龍潭",37,0,37
"20458","2929淘帝","110/07/09","港商麥格理",0,42,-42
"20459","2929淘帝","110/07/09","新光-台中",60,26,34
"20460","2929淘帝","110/07/09","陽信-石牌",0,40,-40
"20461","2929淘帝","110/07/09","元富-大裕",22,1,21
"20462","2929淘帝","110/07/09","台新-左楠",1,39,-38
"20463","2929淘帝","110/07/09","合庫-鳳山",20,0,20
"20464","2929淘帝","110/07/09","凱基-桃園",3,29,-26
"20465","2929淘帝","110/07/09","元大-員林",22,2,20
"20466","2929淘帝","110/07/09","兆豐-內湖",0,25,-25
"20467","2929淘帝","110/07/09","台新-建北",15,0,15
"20468","2929淘帝","110/07/09","元大-北港",0,20,-20
"20469","2929淘帝","110/07/09","兆豐-桃園",13,0,13
"20470","2929淘帝","110/07/09","富邦-北港",0,19,-19
"20471","2929淘帝","110/07/09","兆豐-忠孝",10,0,10
"20472","2929淘帝","110/07/09","富邦-花蓮",0,17,-17
"20473","2929淘帝","110/07/09","國票-敦北法人",10,0,10
"20474","2929淘帝","110/07/09","國泰-台中",2,17,-15
"20475","2929淘帝","110/07/09","永豐金-博愛",10,0,10
"20476","2929淘帝","110/07/09","群益金鼎-彰化",0,15,-15
"20477","2929淘帝","110/07/09","群益金鼎-潭子",8,0,8
"20478","2929淘帝","110/07/09","元大-博愛",0,14,-14
"20479","2929淘帝","110/07/09","富邦-南屯",8,0,8
"20480","2929淘帝","110/07/09","日盛-板橋",0,13,-13
"20481","5410國眾","110/07/09","元大-新盛",14,0,14
"20482","5410國眾","110/07/09","(牛牛牛)亞-鑫豐",1,41,-40
"20483","5410國眾","110/07/09","台灣企銀-民雄",10,0,10
"20484","5410國眾","110/07/09","元富-嘉義",0,25,-25
"20485","5410國眾","110/07/09","元富-虎尾",9,0,9
"20486","5410國眾","110/07/09","凱基-高美館",0,10,-10
"20487","5410國眾","110/07/09","摩根大通",10,1,9
"20488","5410國眾","110/07/09","凱基-城中",0,10,-10
"20489","5410國眾","110/07/09","兆豐-北高雄",7,0,7
"20490","5410國眾","110/07/09","元大-頭份",0,10,-10
"20491","5410國眾","110/07/09","凱基-台北",8,1,7
"20492","5410國眾","110/07/09","群益金鼎-丹鳳",0,7,-7
"20493","5410國眾","110/07/09","華南永昌-公誠",7,0,7
"20494","5410國眾","110/07/09","凱基-復興",0,7,-7
"20495","5410國眾","110/07/09","香港上海匯豐",6,0,6
"20496","5410國眾","110/07/09","元大-員林",0,7,-7
"20497","5410國眾","110/07/09","凱基-中壢",6,0,6
"20498","5410國眾","110/07/09","富邦-竹東",0,6,-6
"20499","5410國眾","110/07/09","華南永昌-南京",6,0,6
"20500","5410國眾","110/07/09","亞東-高雄",0,5,-5
"20501","5410國眾","110/07/09","統一-三重",5,0,5
"20502","5410國眾","110/07/09","大慶-中壢",1,6,-5
"20503","5410國眾","110/07/09","富邦-宜蘭",5,0,5
"20504","5410國眾","110/07/09","群益金鼎-中港",0,5,-5
"20505","5410國眾","110/07/09","元大-崇德",5,0,5
"20506","5410國眾","110/07/09","元大-八德",0,5,-5
"20507","5410國眾","110/07/09","元大-博愛",5,0,5
"20508","5410國眾","110/07/09","富邦-基隆",0,4,-4
"20509","5410國眾","110/07/09","元大-龍潭",5,0,5
"20510","5410國眾","110/07/09","臺銀-新竹",0,3,-3
"20511","2841台開","110/07/09","日盛-雙和",102,0,102
"20512","2841台開","110/07/09","港商野村",0,129,-129
"20513","2841台開","110/07/09","元大-館前",70,0,70
"20514","2841台開","110/07/09","兆豐-永和",0,100,-100
"20515","2841台開","110/07/09","凱基-文心",50,0,50
"20516","2841台開","110/07/09","台新證券",7,28,-21
"20517","2841台開","110/07/09","富邦-嘉義",40,0,40
"20518","2841台開","110/07/09","國票-北高雄",0,20,-20
"20519","2841台開","110/07/09","美商高盛",15,0,15
"20520","2841台開","110/07/09","永豐金-敦南",29,46,-17
"20521","2841台開","110/07/09","台中銀",15,0,15
"20522","2841台開","110/07/09","合庫-基隆",0,12,-12
"20523","2841台開","110/07/09","新光",11,0,11
"20524","2841台開","110/07/09","中國信託-松江",0,12,-12
"20525","2841台開","110/07/09","華南永昌-長虹",10,0,10
"20526","2841台開","110/07/09","兆豐-城中",0,12,-12
"20527","2841台開","110/07/09","永豐金-南投",10,0,10
"20528","2841台開","110/07/09","台中銀-豐原",0,10,-10
"20529","2841台開","110/07/09","合庫-桃園",7,0,7
"20530","2841台開","110/07/09","兆豐-景美",0,10,-10
"20531","2841台開","110/07/09","群益金鼎-古亭",7,0,7
"20532","2841台開","110/07/09","群益金鼎-基隆",0,10,-10
"20533","2841台開","110/07/09","國泰-敦南",6,0,6
"20534","2841台開","110/07/09","元大-北三重",0,10,-10
"20535","2841台開","110/07/09","凱基-桃園",8,2,6
"20536","2841台開","110/07/09","(牛牛牛)亞-網路",0,9,-9
"20537","2841台開","110/07/09","日盛證券",5,0,5
"20538","2841台開","110/07/09","台新-高雄",1,10,-9
"20539","2841台開","110/07/09","元富-文心",5,0,5
"20540","2841台開","110/07/09","凱基-台北",0,7,-7
"20541","6207雷科","110/07/09","群益金鼎-新竹",47,0,47
"20542","6207雷科","110/07/09","新光",7,24,-17
"20543","6207雷科","110/07/09","永豐金-三重",31,0,31
"20544","6207雷科","110/07/09","日盛-和美",0,15,-15
"20545","6207雷科","110/07/09","新加坡商瑞銀",33,5,28
"20546","6207雷科","110/07/09","國泰-台南",0,15,-15
"20547","6207雷科","110/07/09","元大-高雄",26,0,26
"20548","6207雷科","110/07/09","華南永昌-古亭",0,14,-14
"20549","6207雷科","110/07/09","統一-員林",22,0,22
"20550","6207雷科","110/07/09","土銀-白河",0,11,-11
"20551","6207雷科","110/07/09","台新-高雄",22,0,22
"20552","6207雷科","110/07/09","日盛-台南",0,10,-10
"20553","6207雷科","110/07/09","摩根大通",34,17,17
"20554","6207雷科","110/07/09","元富-林園",0,10,-10
"20555","6207雷科","110/07/09","元大-博愛",17,1,16
"20556","6207雷科","110/07/09","富邦-園區",0,10,-10
"20557","6207雷科","110/07/09","日茂-埔里",12,0,12
"20558","6207雷科","110/07/09","元大-上新莊",0,10,-10
"20559","6207雷科","110/07/09","國泰-台中",17,6,11
"20560","6207雷科","110/07/09","永豐金-南京",0,10,-10
"20561","6207雷科","110/07/09","富邦-三重",10,0,10
"20562","6207雷科","110/07/09","兆豐-小港",0,6,-6
"20563","6207雷科","110/07/09","元大-沙鹿",10,0,10
"20564","6207雷科","110/07/09","富邦-羅東",1,7,-6
"20565","6207雷科","110/07/09","元大-八德",10,0,10
"20566","6207雷科","110/07/09","元大-土城永寧",0,6,-6
"20567","6207雷科","110/07/09","第一金-路竹",11,2,9
"20568","6207雷科","110/07/09","永豐金-板盛",0,6,-6
"20569","6207雷科","110/07/09","統一-南京",5,0,5
"20570","6207雷科","110/07/09","日盛-板橋",0,5,-5
"20571","3679新至陞","110/07/09","元大-大天母",10,0,10
"20572","3679新至陞","110/07/09","第一金-光復",0,11,-11
"20573","3679新至陞","110/07/09","日盛-樹林",9,0,9
"20574","3679新至陞","110/07/09","瑞士信貸",0,8,-8
"20575","3679新至陞","110/07/09","凱基-台北",11,2,9
"20576","3679新至陞","110/07/09","大慶-苗栗",0,5,-5
"20577","3679新至陞","110/07/09","華南永昌-小港",8,0,8
"20578","3679新至陞","110/07/09","元大-永春",0,5,-5
"20579","3679新至陞","110/07/09","兆豐-來福",7,0,7
"20580","3679新至陞","110/07/09","日盛-和美",0,4,-4
"20581","3679新至陞","110/07/09","香港上海匯豐",5,0,5
"20582","3679新至陞","110/07/09","元大-雙和",0,3,-3
"20583","3679新至陞","110/07/09","台中銀-員林",3,0,3
"20584","3679新至陞","110/07/09","永豐金-屏東",0,3,-3
"20585","3679新至陞","110/07/09","新光",3,0,3
"20586","3679新至陞","110/07/09","彰銀",0,2,-2
"20587","3679新至陞","110/07/09","土銀-花蓮",2,0,2
"20588","3679新至陞","110/07/09","宏遠-館前",0,2,-2
"20589","3679新至陞","110/07/09","第一金-澎湖",2,0,2
"20590","3679新至陞","110/07/09","港商野村",0,2,-2
"20591","3679新至陞","110/07/09","摩根大通",2,0,2
"20592","3679新至陞","110/07/09","大昌-新店",0,2,-2
"20593","3679新至陞","110/07/09","國泰-敦南",2,0,2
"20594","3679新至陞","110/07/09","元大-新莊",0,2,-2
"20595","3679新至陞","110/07/09","元大-淡水",4,2,2
"20596","3679新至陞","110/07/09","元大-板橋",0,2,-2
"20597","3679新至陞","110/07/09","日盛-士林",1,0,1
"20598","3679新至陞","110/07/09","台灣摩根士丹利",0,1,-1
"20599","3679新至陞","110/07/09","日盛-信義",1,0,1
"20600","3679新至陞","110/07/09","第一金-高雄",0,1,-1
"20601","2727王品","110/07/09","台灣匯立證券",90,0,90
"20602","2727王品","110/07/09","台灣摩根士丹利",0,267,-267
"20603","2727王品","110/07/09","國泰-敦南",166,84,82
"20604","2727王品","110/07/09","富邦-台北",35,299,-264
"20605","2727王品","110/07/09","富邦-仁愛",56,12,44
"20606","2727王品","110/07/09","凱基-台北",174,296,-122
"20607","2727王品","110/07/09","台新證券",109,66,43
"20608","2727王品","110/07/09","第一金",2,102,-100
"20609","2727王品","110/07/09","新光",117,87,30
"20610","2727王品","110/07/09","群益金鼎-大安",0,80,-80
"20611","2727王品","110/07/09","臺銀-臺中",35,6,29
"20612","2727王品","110/07/09","兆豐-大安",7,60,-53
"20613","2727王品","110/07/09","元大-桃園",32,3,29
"20614","2727王品","110/07/09","永豐金-南投",0,50,-50
"20615","2727王品","110/07/09","元富-宜蘭",34,6,28
"20616","2727王品","110/07/09","新加坡商瑞銀",6,46,-40
"20617","2727王品","110/07/09","玉山-台中",34,8,26
"20618","2727王品","110/07/09","合庫-彰化",11,50,-39
"20619","2727王品","110/07/09","群益金鼎-宜蘭",30,4,26
"20620","2727王品","110/07/09","永豐金-萬盛",13,52,-39
"20621","2727王品","110/07/09","富邦-台中",42,16,26
"20622","2727王品","110/07/09","瑞士信貸",0,34,-34
"20623","2727王品","110/07/09","第一金-豐原",25,1,24
"20624","2727王品","110/07/09","元大-和平",4,35,-31
"20625","2727王品","110/07/09","臺銀",30,8,22
"20626","2727王品","110/07/09","美林",14,44,-30
"20627","2727王品","110/07/09","兆豐-來福",23,1,22
"20628","2727王品","110/07/09","元大-員林",9,38,-29
"20629","2727王品","110/07/09","玉山-士林",22,2,20
"20630","2727王品","110/07/09","元富-西松",4,31,-27
"20631","1570力肯","110/07/09","凱基-台北",30,1,29
"20632","1570力肯","110/07/09","群益金鼎-彰化",0,20,-20
"20633","1570力肯","110/07/09","新光-台南",20,0,20
"20634","1570力肯","110/07/09","元大-土城學府",0,20,-20
"20635","1570力肯","110/07/09","元大-高雄",20,0,20
"20636","1570力肯","110/07/09","元大-大統",0,16,-16
"20637","1570力肯","110/07/09","國票-中正",12,0,12
"20638","1570力肯","110/07/09","元大-新營",0,11,-11
"20639","1570力肯","110/07/09","日盛-高雄",6,0,6
"20640","1570力肯","110/07/09","元大-和平",0,10,-10
"20641","1570力肯","110/07/09","元富-緯城",6,0,6
"20642","1570力肯","110/07/09","元大-草屯",0,10,-10
"20643","1570力肯","110/07/09","群益金鼎-台南",6,0,6
"20644","1570力肯","110/07/09","元大-鹿港",0,9,-9
"20645","1570力肯","110/07/09","華南永昌-岡山",6,0,6
"20646","1570力肯","110/07/09","合庫-基隆",0,7,-7
"20647","1570力肯","110/07/09","統一-中壢",5,0,5
"20648","1570力肯","110/07/09","摩根大通",2,8,-6
"20649","1570力肯","110/07/09","凱基-三峽",5,0,5
"20650","1570力肯","110/07/09","台灣企銀-豐原",0,4,-4
"20651","1570力肯","110/07/09","大昌-樹林",4,0,4
"20652","1570力肯","110/07/09","日盛-桃園",0,4,-4
"20653","1570力肯","110/07/09","新光",3,0,3
"20654","1570力肯","110/07/09","國泰-高雄",0,3,-3
"20655","1570力肯","110/07/09","富邦-新竹華信",3,0,3
"20656","1570力肯","110/07/09","永豐金-敦南",0,3,-3
"20657","1570力肯","110/07/09","合庫-台中",2,0,2
"20658","1570力肯","110/07/09","土銀-彰化",0,2,-2
"20659","1570力肯","110/07/09","臺銀-臺中",2,0,2
"20660","1570力肯","110/07/09","臺銀-鳳山",0,2,-2
"20661","6180橘子","110/07/09","摩根大通",63,1,62
"20662","6180橘子","110/07/09","元大-南京",1,32,-31
"20663","6180橘子","110/07/09","富邦-陽明",73,33,40
"20664","6180橘子","110/07/09","群益金鼎-台北",0,25,-25
"20665","6180橘子","110/07/09","新加坡商瑞銀",31,0,31
"20666","6180橘子","110/07/09","兆豐-復興",0,21,-21
"20667","6180橘子","110/07/09","美商高盛",25,0,25
"20668","6180橘子","110/07/09","永豐金-嘉義",0,21,-21
"20669","6180橘子","110/07/09","凱基-台北",26,10,16
"20670","6180橘子","110/07/09","凱基-中壢",8,24,-16
"20671","6180橘子","110/07/09","華南永昌-楠梓",13,0,13
"20672","6180橘子","110/07/09","致和-崇德",0,15,-15
"20673","6180橘子","110/07/09","華南永昌-朴子",11,0,11
"20674","6180橘子","110/07/09","群益金鼎-屏東",0,15,-15
"20675","6180橘子","110/07/09","元大-北港",11,0,11
"20676","6180橘子","110/07/09","群益金鼎-中山",0,15,-15
"20677","6180橘子","110/07/09","元大-成功",10,1,9
"20678","6180橘子","110/07/09","瑞士信貸",1,15,-14
"20679","6180橘子","110/07/09","新光",26,18,8
"20680","6180橘子","110/07/09","日盛-二林",0,10,-10
"20681","6180橘子","110/07/09","統一-三重",6,0,6
"20682","6180橘子","110/07/09","凱基-東門",0,10,-10
"20683","6180橘子","110/07/09","群益金鼎-嘉義",6,0,6
"20684","6180橘子","110/07/09","華南永昌-三重",0,10,-10
"20685","6180橘子","110/07/09","元大-員林中山",6,0,6
"20686","6180橘子","110/07/09","元大-彰化民生",1,11,-10
"20687","6180橘子","110/07/09","合庫-鳳山",5,0,5
"20688","6180橘子","110/07/09","永豐金-新店",1,11,-10
"20689","6180橘子","110/07/09","富邦-建國",6,1,5
"20690","6180橘子","110/07/09","群益金鼎-丹鳳",0,8,-8
"20691","2390云辰","110/07/09","摩根大通",279,56,223
"20692","2390云辰","110/07/09","元大-天母",0,127,-127
"20693","2390云辰","110/07/09","日盛-鳳山",110,2,108
"20694","2390云辰","110/07/09","中國信託-文心",5,109,-104
"20695","2390云辰","110/07/09","宏遠證券",100,0,100
"20696","2390云辰","110/07/09","永豐金-復興",0,55,-55
"20697","2390云辰","110/07/09","元大-大里",63,6,57
"20698","2390云辰","110/07/09","凱基-台北",239,286,-47
"20699","2390云辰","110/07/09","凱基-八德",59,10,49
"20700","2390云辰","110/07/09","德信",2,32,-30
"20701","2390云辰","110/07/09","合庫-新竹",40,0,40
"20702","2390云辰","110/07/09","兆豐-桃鶯",2,32,-30
"20703","2390云辰","110/07/09","國票",40,1,39
"20704","2390云辰","110/07/09","致和-南京",0,30,-30
"20705","2390云辰","110/07/09","新加坡商瑞銀",49,13,36
"20706","2390云辰","110/07/09","富邦-虎尾",1,31,-30
"20707","2390云辰","110/07/09","統一-新台中",36,2,34
"20708","2390云辰","110/07/09","元大-善化",2,31,-29
"20709","2390云辰","110/07/09","國票-嘉義",31,0,31
"20710","2390云辰","110/07/09","富邦-板橋",0,27,-27
"20711","2390云辰","110/07/09","華南永昌",35,7,28
"20712","2390云辰","110/07/09","富邦-永和",3,28,-25
"20713","2390云辰","110/07/09","玉山-台中",49,22,27
"20714","2390云辰","110/07/09","第一金-自由",20,44,-24
"20715","2390云辰","110/07/09","華南永昌-敦南",25,0,25
"20716","2390云辰","110/07/09","凱基-內湖",0,24,-24
"20717","2390云辰","110/07/09","新光-高雄",27,4,23
"20718","2390云辰","110/07/09","元大-汐止",1,24,-23
"20719","2390云辰","110/07/09","台灣摩根士丹利",85,63,22
"20720","2390云辰","110/07/09","新光-台中",12,33,-21
"20721","4903聯光通","110/07/08","元富-新興",18,0,18
"20722","4903聯光通","110/07/08","中國信託-中壢",0,14,-14
"20723","4903聯光通","110/07/08","元大-苗栗",9,0,9
"20724","4903聯光通","110/07/08","彰銀",0,7,-7
"20725","4903聯光通","110/07/08","兆豐-鹿港",3,0,3
"20726","4903聯光通","110/07/08","中國信託-松江",0,5,-5
"20727","4903聯光通","110/07/08","群益金鼎-萬華",2,0,2
"20728","4903聯光通","110/07/08","光和",0,2,-2
"20729","4903聯光通","110/07/08","元大-屏南",1,0,1
"20730","4903聯光通","110/07/08","元大-鶯歌",0,2,-2
"20731","4903聯光通","110/07/08","華南永昌-新莊",0,0,0
"20732","4903聯光通","110/07/08","群益金鼎-館前",0,1,-1
"20733","4903聯光通","110/07/08","元大-羅東",0,0,0
"20734","4903聯光通","110/07/08","華南永昌",0,1,-1
"20735","4903聯光通","110/07/08","元大-太平",2,3,-1
"20736","4903聯光通","110/07/08","華南永昌-新莊",0,0,0
"20737","4903聯光通","110/07/08","元大-羅東",0,0,0
"20738","2929淘帝","110/07/08","日盛-園區",90,6,84
"20739","2929淘帝","110/07/08","元大-太平",1,111,-110
"20740","2929淘帝","110/07/08","華南永昌-頭份",54,0,54
"20741","2929淘帝","110/07/08","港商野村",31,106,-75
"20742","2929淘帝","110/07/08","美商高盛",50,0,50
"20743","2929淘帝","110/07/08","凱基-板橋",62,111,-49
"20744","2929淘帝","110/07/08","台中銀-台北",50,0,50
"20745","2929淘帝","110/07/08","新光-台中",30,78,-48
"20746","2929淘帝","110/07/08","臺銀-臺南",30,0,30
"20747","2929淘帝","110/07/08","元富-永和",1,41,-40
"20748","2929淘帝","110/07/08","永豐金-大園",42,12,30
"20749","2929淘帝","110/07/08","永豐金-鳳山",0,28,-28
"20750","2929淘帝","110/07/08","元富-三重",30,1,29
"20751","2929淘帝","110/07/08","元大-南崁",0,26,-26
"20752","2929淘帝","110/07/08","兆豐-桃鶯",29,0,29
"20753","2929淘帝","110/07/08","元大-花蓮",2,27,-25
"20754","2929淘帝","110/07/08","元大-承德",20,3,17
"20755","2929淘帝","110/07/08","元大-府城",0,24,-24
"20756","2929淘帝","110/07/08","新光-新竹",13,0,13
"20757","2929淘帝","110/07/08","新光",21,43,-22
"20758","2929淘帝","110/07/08","富邦-內湖",13,0,13
"20759","2929淘帝","110/07/08","臺銀-民權",0,20,-20
"20760","2929淘帝","110/07/08","國泰-板橋",13,1,12
"20761","2929淘帝","110/07/08","摩根大通",66,84,-18
"20762","2929淘帝","110/07/08","第一金-大稻埕",10,0,10
"20763","2929淘帝","110/07/08","凱基-台北",0,17,-17
"20764","2929淘帝","110/07/08","統一-汐止",10,0,10
"20765","2929淘帝","110/07/08","元大-博愛",6,23,-17
"20766","2929淘帝","110/07/08","元富-大裕",10,0,10
"20767","2929淘帝","110/07/08","永豐金-桃盛",0,16,-16
"20768","5410國眾","110/07/08","元大-新盛",15,0,15
"20769","5410國眾","110/07/08","元大-旗山",0,50,-50
"20770","5410國眾","110/07/08","元大-屏南",10,0,10
"20771","5410國眾","110/07/08","元大-頭份",0,14,-14
"20772","5410國眾","110/07/08","元大-成功",10,0,10
"20773","5410國眾","110/07/08","國泰-高雄",0,8,-8
"20774","5410國眾","110/07/08","元大-東泰",7,0,7
"20775","5410國眾","110/07/08","元大-小港",0,7,-7
"20776","5410國眾","110/07/08","富邦-陽明",6,0,6
"20777","5410國眾","110/07/08","統一-嘉義",0,5,-5
"20778","5410國眾","110/07/08","臺銀-金山",5,0,5
"20779","5410國眾","110/07/08","兆豐-台中港",0,5,-5
"20780","5410國眾","110/07/08","日盛-員林",5,0,5
"20781","5410國眾","110/07/08","凱基-屏東",0,5,-5
"20782","5410國眾","110/07/08","摩根大通",5,0,5
"20783","5410國眾","110/07/08","元大-八德",0,5,-5
"20784","5410國眾","110/07/08","富邦-桃園",5,0,5
"20785","5410國眾","110/07/08","元富-嘉義",0,4,-4
"20786","5410國眾","110/07/08","元富-大昌",4,0,4
"20787","5410國眾","110/07/08","玉山-雙和",0,4,-4
"20788","5410國眾","110/07/08","台新-台中",4,0,4
"20789","5410國眾","110/07/08","凱基-高美館",1,5,-4
"20790","5410國眾","110/07/08","華南永昌-小港",5,1,4
"20791","5410國眾","110/07/08","統一-員林",0,3,-3
"20792","5410國眾","110/07/08","元大-新竹",5,1,4
"20793","5410國眾","110/07/08","臺銀-鳳山",0,2,-2
"20794","5410國眾","110/07/08","元大-土城學府",4,0,4
"20795","5410國眾","110/07/08","亞東",0,2,-2
"20796","5410國眾","110/07/08","元大-新莊",4,0,4
"20797","5410國眾","110/07/08","新光",0,2,-2
"20798","2841台開","110/07/08","元大-樹林",653,0,653
"20799","2841台開","110/07/08","港商野村",0,868,-868
"20800","2841台開","110/07/08","台新證券",115,0,115
"20801","2841台開","110/07/08","群益金鼎-忠孝",0,100,-100
"20802","2841台開","110/07/08","永豐金-豐原",105,0,105
"20803","2841台開","110/07/08","宏遠-高雄",0,56,-56
"20804","2841台開","110/07/08","元富-新興",100,0,100
"20805","2841台開","110/07/08","新光",3,38,-35
"20806","2841台開","110/07/08","凱基-文心",50,0,50
"20807","2841台開","110/07/08","花旗環球",0,29,-29
"20808","2841台開","110/07/08","元大-八德",40,0,40
"20809","2841台開","110/07/08","富邦-仁愛",2,30,-28
"20810","2841台開","110/07/08","日盛-雙和",30,0,30
"20811","2841台開","110/07/08","元富-潮州",0,24,-24
"20812","2841台開","110/07/08","統一-竹南",30,0,30
"20813","2841台開","110/07/08","元大-沙鹿",0,20,-20
"20814","2841台開","110/07/08","凱基-台南",30,0,30
"20815","2841台開","110/07/08","元大-汐止",0,20,-20
"20816","2841台開","110/07/08","元大-福營",30,0,30
"20817","2841台開","110/07/08","合庫-嘉義",2,20,-18
"20818","2841台開","110/07/08","合庫-台中",22,0,22
"20819","2841台開","110/07/08","國泰-敦南",3,21,-18
"20820","2841台開","110/07/08","大昌-安康",28,10,18
"20821","2841台開","110/07/08","日盛-竹北",0,15,-15
"20822","2841台開","110/07/08","元大-斗信",15,0,15
"20823","2841台開","110/07/08","元大-三重",0,15,-15
"20824","2841台開","110/07/08","富邦-台北",13,0,13
"20825","2841台開","110/07/08","永豐金-敦南",45,60,-15
"20826","2841台開","110/07/08","合庫-桃園",10,0,10
"20827","2841台開","110/07/08","(牛牛牛)亞-網路",0,12,-12
"20828","6207雷科","110/07/08","台新-高雄",54,2,52
"20829","6207雷科","110/07/08","群益金鼎-丹鳳",0,60,-60
"20830","6207雷科","110/07/08","新光-台中",18,0,18
"20831","6207雷科","110/07/08","元大-頭份",1,56,-55
"20832","6207雷科","110/07/08","日盛-嘉義",16,0,16
"20833","6207雷科","110/07/08","國票-中和",0,30,-30
"20834","6207雷科","110/07/08","合庫-鳳山",15,0,15
"20835","6207雷科","110/07/08","凱基-台北",1,29,-28
"20836","6207雷科","110/07/08","臺銀-臺中",12,0,12
"20837","6207雷科","110/07/08","兆豐-板橋",0,25,-25
"20838","6207雷科","110/07/08","群益金鼎-土城",12,0,12
"20839","6207雷科","110/07/08","凱基-城中",4,25,-21
"20840","6207雷科","110/07/08","新光",25,14,11
"20841","6207雷科","110/07/08","日進",0,20,-20
"20842","6207雷科","110/07/08","凱基-中壢",11,0,11
"20843","6207雷科","110/07/08","台新證券",3,20,-17
"20844","6207雷科","110/07/08","台灣企銀",10,0,10
"20845","6207雷科","110/07/08","群益金鼎-中山",0,16,-16
"20846","6207雷科","110/07/08","第一金-新興",11,1,10
"20847","6207雷科","110/07/08","元大-東門",0,16,-16
"20848","6207雷科","110/07/08","元富-吉利",10,0,10
"20849","6207雷科","110/07/08","群益金鼎-大甲",0,13,-13
"20850","6207雷科","110/07/08","光和-和美",10,0,10
"20851","6207雷科","110/07/08","日盛-板橋",0,10,-10
"20852","6207雷科","110/07/08","永豐金-南京",10,0,10
"20853","6207雷科","110/07/08","日盛-中壢",0,10,-10
"20854","6207雷科","110/07/08","土銀",8,0,8
"20855","6207雷科","110/07/08","摩根大通",125,135,-10
"20856","6207雷科","110/07/08","中國信託-高雄",8,0,8
"20857","6207雷科","110/07/08","凱基-五股",0,10,-10
"20858","3679新至陞","110/07/08","華南永昌-台中",17,0,17
"20859","3679新至陞","110/07/08","大慶-蘆洲",0,10,-10
"20860","3679新至陞","110/07/08","國泰-桃園",6,0,6
"20861","3679新至陞","110/07/08","華南永昌-小港",0,7,-7
"20862","3679新至陞","110/07/08","元大-永春",6,0,6
"20863","3679新至陞","110/07/08","國泰-館前",0,3,-3
"20864","3679新至陞","110/07/08","香港上海匯豐",4,0,4
"20865","3679新至陞","110/07/08","元大-板橋",0,3,-3
"20866","3679新至陞","110/07/08","中國信託-新竹",3,0,3
"20867","3679新至陞","110/07/08","港商法國興業",0,2,-2
"20868","3679新至陞","110/07/08","國票-敦北法人",3,0,3
"20869","3679新至陞","110/07/08","第一金-忠孝",0,2,-2
"20870","3679新至陞","110/07/08","群益金鼎-台南",2,0,2
"20871","3679新至陞","110/07/08","元富-古亭",0,2,-2
"20872","3679新至陞","110/07/08","凱基",2,0,2
"20873","3679新至陞","110/07/08","摩根大通",1,3,-2
"20874","3679新至陞","110/07/08","凱基-台北",6,4,2
"20875","3679新至陞","110/07/08","富邦-板橋",0,2,-2
"20876","3679新至陞","110/07/08","日盛-信義",1,0,1
"20877","3679新至陞","110/07/08","元大-文心興安",0,2,-2
"20878","3679新至陞","110/07/08","日盛-新莊",1,0,1
"20879","3679新至陞","110/07/08","臺銀-高雄",0,1,-1
"20880","3679新至陞","110/07/08","大慶",1,0,1
"20881","3679新至陞","110/07/08","日盛-高雄",0,1,-1
"20882","3679新至陞","110/07/08","兆豐-三重",1,0,1
"20883","3679新至陞","110/07/08","日盛-文化",0,1,-1
"20884","3679新至陞","110/07/08","致和-東門",1,0,1
"20885","3679新至陞","110/07/08","美商高盛",0,1,-1
"20886","3679新至陞","110/07/08","台新證券",1,0,1
"20887","3679新至陞","110/07/08","瑞士信貸",0,1,-1
"20888","2727王品","110/07/08","群益金鼎-大安",80,0,80
"20889","2727王品","110/07/08","台灣摩根士丹利",1,300,-299
"20890","2727王品","110/07/08","富邦-台北",237,165,72
"20891","2727王品","110/07/08","元大證券",173,439,-266
"20892","2727王品","110/07/08","永豐金-萬盛",55,5,50
"20893","2727王品","110/07/08","統一",33,200,-167
"20894","2727王品","110/07/08","永豐金-南投",53,10,43
"20895","2727王品","110/07/08","凱基-台北",476,615,-139
"20896","2727王品","110/07/08","國泰-敦南",190,148,42
"20897","2727王品","110/07/08","永豐金-松山",8,138,-130
"20898","2727王品","110/07/08","台新-高雄",71,36,35
"20899","2727王品","110/07/08","新加坡商瑞銀",38,138,-100
"20900","2727王品","110/07/08","富邦-建國",62,27,35
"20901","2727王品","110/07/08","富邦-嘉義",84,182,-98
"20902","2727王品","110/07/08","永豐金證券",50,15,35
"20903","2727王品","110/07/08","元富-台南",4,99,-95
"20904","2727王品","110/07/08","港商野村",185,152,33
"20905","2727王品","110/07/08","凱基-永華",4,92,-88
"20906","2727王品","110/07/08","元大-嘉義",35,3,32
"20907","2727王品","110/07/08","凱基-大直",2,73,-71
"20908","2727王品","110/07/08","台新-三民",35,4,31
"20909","2727王品","110/07/08","美林",105,164,-59
"20910","2727王品","110/07/08","凱基-桃園",35,4,31
"20911","2727王品","110/07/08","第一金-台南",11,63,-52
"20912","2727王品","110/07/08","元大-和平",41,10,31
"20913","2727王品","110/07/08","摩根大通",216,259,-43
"20914","2727王品","110/07/08","兆豐-大安",33,5,28
"20915","2727王品","110/07/08","元大-員林",9,50,-41
"20916","2727王品","110/07/08","元大-新盛",33,6,27
"20917","2727王品","110/07/08","兆豐-虎尾",1,41,-40
"20918","1570力肯","110/07/08","群益金鼎-三重",20,0,20
"20919","1570力肯","110/07/08","中國信託-永康",0,26,-26
"20920","1570力肯","110/07/08","凱基-中壢",20,0,20
"20921","1570力肯","110/07/08","統一-敦南",0,12,-12
"20922","1570力肯","110/07/08","群益金鼎-台南",14,0,14
"20923","1570力肯","110/07/08","國票-博愛",0,10,-10
"20924","1570力肯","110/07/08","元富-緯城",10,0,10
"20925","1570力肯","110/07/08","元大-西門",0,10,-10
"20926","1570力肯","110/07/08","瑞士信貸",7,0,7
"20927","1570力肯","110/07/08","新光",0,9,-9
"20928","1570力肯","110/07/08","摩根大通",6,0,6
"20929","1570力肯","110/07/08","永豐金-大園",0,9,-9
"20930","1570力肯","110/07/08","土銀-白河",5,0,5
"20931","1570力肯","110/07/08","日盛-大墩",0,6,-6
"20932","1570力肯","110/07/08","台灣摩根士丹利",4,0,4
"20933","1570力肯","110/07/08","台新證券",0,6,-6
"20934","1570力肯","110/07/08","元大-新莊",3,0,3
"20935","1570力肯","110/07/08","永全",0,5,-5
"20936","1570力肯","110/07/08","永豐金-苓雅",3,0,3
"20937","1570力肯","110/07/08","元大-天母",0,5,-5
"20938","1570力肯","110/07/08","合庫-三重",2,0,2
"20939","1570力肯","110/07/08","元富-吉利",0,3,-3
"20940","1570力肯","110/07/08","(牛牛牛)亞-鑫豐",2,0,2
"20941","1570力肯","110/07/08","國泰-高雄",0,3,-3
"20942","1570力肯","110/07/08","玉山-大里",2,0,2
"20943","1570力肯","110/07/08","群益金鼎-北高雄",0,3,-3
"20944","1570力肯","110/07/08","國泰-敦南",2,0,2
"20945","1570力肯","110/07/08","群益金鼎-東門",0,2,-2
"20946","1570力肯","110/07/08","華南永昌-岡山",2,0,2
"20947","1570力肯","110/07/08","日盛-高雄",5,6,-1
"20948","6180橘子","110/07/08","新光",30,4,26
"20949","6180橘子","110/07/08","元大-土城學府",0,89,-89
"20950","6180橘子","110/07/08","康和-台南",22,0,22
"20951","6180橘子","110/07/08","凱基-東勢",1,66,-65
"20952","6180橘子","110/07/08","國泰-板橋",22,0,22
"20953","6180橘子","110/07/08","光和",0,64,-64
"20954","6180橘子","110/07/08","日盛-文化",21,0,21
"20955","6180橘子","110/07/08","中國信託-忠孝",0,50,-50
"20956","6180橘子","110/07/08","中國信託-文心",20,2,18
"20957","6180橘子","110/07/08","元富-大裕",0,25,-25
"20958","6180橘子","110/07/08","凱基-台北",39,24,15
"20959","6180橘子","110/07/08","統一-基隆",1,25,-24
"20960","6180橘子","110/07/08","元富-新店",14,0,14
"20961","6180橘子","110/07/08","美商高盛",1,21,-20
"20962","6180橘子","110/07/08","元大-土城永寧",11,0,11
"20963","6180橘子","110/07/08","元大證券",1,19,-18
"20964","6180橘子","110/07/08","永豐金-南京",11,0,11
"20965","6180橘子","110/07/08","元大-太平",2,20,-18
"20966","6180橘子","110/07/08","宏遠-館前",10,0,10
"20967","6180橘子","110/07/08","合庫證券",2,18,-16
"20968","6180橘子","110/07/08","國泰-新莊",10,0,10
"20969","6180橘子","110/07/08","台灣摩根士丹利",1,12,-11
"20970","6180橘子","110/07/08","群益金鼎",10,0,10
"20971","6180橘子","110/07/08","瑞士信貸",0,11,-11
"20972","6180橘子","110/07/08","凱基-高雄",10,0,10
"20973","6180橘子","110/07/08","元富-嘉義",0,11,-11
"20974","6180橘子","110/07/08","凱基-大安",10,0,10
"20975","6180橘子","110/07/08","新光-高雄",0,11,-11
"20976","6180橘子","110/07/08","富邦-仁愛",10,0,10
"20977","6180橘子","110/07/08","大慶-苗栗",0,10,-10
"20978","2390云辰","110/07/08","統一-新台中",126,1,125
"20979","2390云辰","110/07/08","摩根大通",62,661,-599
"20980","2390云辰","110/07/08","元大-員林",111,0,111
"20981","2390云辰","110/07/08","新加坡商瑞銀",0,173,-173
"20982","2390云辰","110/07/08","合庫-高雄",105,0,105
"20983","2390云辰","110/07/08","元大-天母",7,150,-143
"20984","2390云辰","110/07/08","凱基-台北",255,177,78
"20985","2390云辰","110/07/08","台灣摩根士丹利",0,134,-134
"20986","2390云辰","110/07/08","新光",71,17,54
"20987","2390云辰","110/07/08","玉山-台中",17,120,-103
"20988","2390云辰","110/07/08","國票-嘉義",53,0,53
"20989","2390云辰","110/07/08","美商高盛",0,78,-78
"20990","2390云辰","110/07/08","富邦-仁愛",53,4,49
"20991","2390云辰","110/07/08","美林",11,82,-71
"20992","2390云辰","110/07/08","兆豐-城中",48,0,48
"20993","2390云辰","110/07/08","群益金鼎-大興",35,106,-71
"20994","2390云辰","110/07/08","元大-新營",47,0,47
"20995","2390云辰","110/07/08","光和",11,71,-60
"20996","2390云辰","110/07/08","國泰-敦南",89,55,34
"20997","2390云辰","110/07/08","國泰-台中",28,70,-42
"20998","2390云辰","110/07/08","兆豐-台中",40,7,33
"20999","2390云辰","110/07/08","玉山-新莊",6,46,-40
"21000","2390云辰","110/07/08","永豐金-中正",36,6,30
"21001","2390云辰","110/07/08","富邦-台北",21,57,-36
"21002","2390云辰","110/07/08","中國信託-三重",29,0,29
"21003","2390云辰","110/07/08","土銀-台中",0,30,-30
"21004","2390云辰","110/07/08","富邦-陽明",33,5,28
"21005","2390云辰","110/07/08","兆豐-埔墘",1,31,-30
"21006","2390云辰","110/07/08","元富-桃園",27,0,27
"21007","2390云辰","110/07/08","玉山-南京東路",3,33,-30
"21008","4903聯光通","110/07/07","元大-太平",47,4,43
"21009","4903聯光通","110/07/07","日盛-板橋",0,15,-15
"21010","4903聯光通","110/07/07","華南永昌-桃園",10,0,10
"21011","4903聯光通","110/07/07","元大-八德",0,9,-9
"21012","4903聯光通","110/07/07","元大-南投",9,0,9
"21013","4903聯光通","110/07/07","宏遠證券",0,7,-7
"21014","4903聯光通","110/07/07","新光-台中",3,0,3
"21015","4903聯光通","110/07/07","大慶",0,7,-7
"21016","4903聯光通","110/07/07","國泰-敦南",1,0,1
"21017","4903聯光通","110/07/07","群益金鼎-館前",0,6,-6
"21018","4903聯光通","110/07/07","國票-中正",0,0,0
"21019","4903聯光通","110/07/07","元大-羅東",0,5,-5
"21020","4903聯光通","110/07/07","康和-內湖",0,0,0
"21021","4903聯光通","110/07/07","新光",8,12,-4
"21022","4903聯光通","110/07/07","凱基-站前",0,0,0
"21023","4903聯光通","110/07/07","國泰-高雄",0,3,-3
"21024","4903聯光通","110/07/07","華南永昌",1,1,0
"21025","4903聯光通","110/07/07","第一金-台中",0,3,-3
"21026","4903聯光通","110/07/07","華南永昌-新莊",0,0,0
"21027","4903聯光通","110/07/07","中農",0,1,-1
"21028","4903聯光通","110/07/07","臺灣企銀-桃園",0,1,-1
"21029","4903聯光通","110/07/07","台新-新營",0,1,-1
"21030","4903聯光通","110/07/07","元大-鶯歌",2,3,-1
"21031","4903聯光通","110/07/07","元大-永和",0,1,-1
"21032","4903聯光通","110/07/07","元大-苑裡",0,1,-1
"21033","2929淘帝","110/07/07","統一",163,0,163
"21034","2929淘帝","110/07/07","新光-台中",57,142,-85
"21035","2929淘帝","110/07/07","港商野村",323,181,142
"21036","2929淘帝","110/07/07","兆豐-忠孝",0,76,-76
"21037","2929淘帝","110/07/07","日盛-中壢",132,10,122
"21038","2929淘帝","110/07/07","台新-建北",0,53,-53
"21039","2929淘帝","110/07/07","新加坡商瑞銀",140,19,121
"21040","2929淘帝","110/07/07","臺銀-鳳山",0,44,-44
"21041","2929淘帝","110/07/07","日盛-嘉義",101,0,101
"21042","2929淘帝","110/07/07","元大-新盛",0,42,-42
"21043","2929淘帝","110/07/07","摩根大通",101,16,85
"21044","2929淘帝","110/07/07","富邦-建國",6,47,-41
"21045","2929淘帝","110/07/07","元大-太平",55,2,53
"21046","2929淘帝","110/07/07","日盛-園區",0,40,-40
"21047","2929淘帝","110/07/07","元富-松德",50,1,49
"21048","2929淘帝","110/07/07","新光-高雄",1,38,-37
"21049","2929淘帝","110/07/07","凱基-板橋",53,5,48
"21050","2929淘帝","110/07/07","永豐金-三重",1,34,-33
"21051","2929淘帝","110/07/07","美林",80,34,46
"21052","2929淘帝","110/07/07","元大-彰化",0,31,-31
"21053","2929淘帝","110/07/07","元富-台南",41,0,41
"21054","2929淘帝","110/07/07","第一金-大稻埕",0,30,-30
"21055","2929淘帝","110/07/07","兆豐-竹北",39,0,39
"21056","2929淘帝","110/07/07","國泰-敦南",3,33,-30
"21057","2929淘帝","110/07/07","元大-西門",36,0,36
"21058","2929淘帝","110/07/07","富邦-員林",0,30,-30
"21059","2929淘帝","110/07/07","華南永昌",39,4,35
"21060","2929淘帝","110/07/07","元大-蘆洲",1,30,-29
"21061","2929淘帝","110/07/07","日盛-板橋中山",30,0,30
"21062","2929淘帝","110/07/07","台新-台南",4,32,-28
"21063","5410國眾","110/07/07","兆豐-城中",66,0,66
"21064","5410國眾","110/07/07","富邦-仁愛",0,115,-115
"21065","5410國眾","110/07/07","摩根大通",21,0,21
"21066","5410國眾","110/07/07","亞東-板橋",0,38,-38
"21067","5410國眾","110/07/07","元大-北投",21,0,21
"21068","5410國眾","110/07/07","凱基-台北",2,24,-22
"21069","5410國眾","110/07/07","亞東-新竹",15,0,15
"21070","5410國眾","110/07/07","彰銀-七賢",0,10,-10
"21071","5410國眾","110/07/07","元大-福營",12,0,12
"21072","5410國眾","110/07/07","凱基-基隆",0,10,-10
"21073","5410國眾","110/07/07","新光-高雄",11,0,11
"21074","5410國眾","110/07/07","凱基-屏東",0,10,-10
"21075","5410國眾","110/07/07","華南永昌-小港",10,0,10
"21076","5410國眾","110/07/07","凱基-鳳山",0,10,-10
"21077","5410國眾","110/07/07","元大-大灣",10,0,10
"21078","5410國眾","110/07/07","永豐金-忠孝",0,10,-10
"21079","5410國眾","110/07/07","元大-莒光",10,0,10
"21080","5410國眾","110/07/07","日盛-板橋中山",0,9,-9
"21081","5410國眾","110/07/07","台中銀-豐原",9,0,9
"21082","5410國眾","110/07/07","統一-高雄",0,5,-5
"21083","5410國眾","110/07/07","元大-南屯",9,0,9
"21084","5410國眾","110/07/07","元大-斗六",0,5,-5
"21085","5410國眾","110/07/07","日盛-新莊",7,0,7
"21086","5410國眾","110/07/07","元大-大益",0,5,-5
"21087","5410國眾","110/07/07","元富-大昌",6,0,6
"21088","5410國眾","110/07/07","元大-南投",0,5,-5
"21089","5410國眾","110/07/07","新光-新竹",6,0,6
"21090","5410國眾","110/07/07","永豐金-員林",0,5,-5
"21091","5410國眾","110/07/07","臺銀-金山",5,0,5
"21092","5410國眾","110/07/07","華南永昌-楠梓",0,4,-4
"21093","2841台開","110/07/07","永豐金-豐原",268,0,268
"21094","2841台開","110/07/07","凱基-市政",0,200,-200
"21095","2841台開","110/07/07","永豐金-南投",200,0,200
"21096","2841台開","110/07/07","永豐金-彰化",0,100,-100
"21097","2841台開","110/07/07","新光",139,9,130
"21098","2841台開","110/07/07","元大-開元",1,93,-92
"21099","2841台開","110/07/07","中國信託-高雄",50,1,49
"21100","2841台開","110/07/07","港商野村",0,80,-80
"21101","2841台開","110/07/07","元大-歸仁",40,0,40
"21102","2841台開","110/07/07","凱基-台南",25,85,-60
"21103","2841台開","110/07/07","台中銀",35,0,35
"21104","2841台開","110/07/07","美商高盛",1,58,-57
"21105","2841台開","110/07/07","台新-新營",30,0,30
"21106","2841台開","110/07/07","統一-三重",0,55,-55
"21107","2841台開","110/07/07","富邦-台南",30,0,30
"21108","2841台開","110/07/07","台新證券",12,50,-38
"21109","2841台開","110/07/07","國泰-板橋",30,1,29
"21110","2841台開","110/07/07","陽信-石牌",0,31,-31
"21111","2841台開","110/07/07","凱基-文心",28,0,28
"21112","2841台開","110/07/07","元大-福營",0,31,-31
"21113","2841台開","110/07/07","凱基-站前",27,0,27
"21114","2841台開","110/07/07","第一金-澎湖",0,30,-30
"21115","2841台開","110/07/07","大昌-安康",38,16,22
"21116","2841台開","110/07/07","元大-新莊",0,30,-30
"21117","2841台開","110/07/07","合庫-台中",20,0,20
"21118","2841台開","110/07/07","國泰-館前",0,28,-28
"21119","2841台開","110/07/07","日盛-台南",20,0,20
"21120","2841台開","110/07/07","元大-竹科",0,25,-25
"21121","2841台開","110/07/07","台中銀-員林",20,0,20
"21122","2841台開","110/07/07","富邦-仁愛",1,22,-21
"21123","6207雷科","110/07/07","元大-大天母",21,0,21
"21124","6207雷科","110/07/07","元大-高雄",0,105,-105
"21125","6207雷科","110/07/07","元大-頭份",18,0,18
"21126","6207雷科","110/07/07","永豐金-中正",0,35,-35
"21127","6207雷科","110/07/07","第一金-新興",16,0,16
"21128","6207雷科","110/07/07","摩根大通",8,39,-31
"21129","6207雷科","110/07/07","富邦-虎尾",12,0,12
"21130","6207雷科","110/07/07","元大-林園",0,30,-30
"21131","6207雷科","110/07/07","兆豐-板橋",10,0,10
"21132","6207雷科","110/07/07","凱基-台北",0,19,-19
"21133","6207雷科","110/07/07","玉山-台大",10,0,10
"21134","6207雷科","110/07/07","國票-中和",13,25,-12
"21135","6207雷科","110/07/07","元大-四維",10,0,10
"21136","6207雷科","110/07/07","新加坡商瑞銀",0,9,-9
"21137","6207雷科","110/07/07","元大-鹿港",10,0,10
"21138","6207雷科","110/07/07","玉山-高雄",0,8,-8
"21139","6207雷科","110/07/07","元大-信義",10,0,10
"21140","6207雷科","110/07/07","玉山-台南",0,8,-8
"21141","6207雷科","110/07/07","台新-三民",8,0,8
"21142","6207雷科","110/07/07","宏遠-高雄",0,5,-5
"21143","6207雷科","110/07/07","元大-上新莊",8,0,8
"21144","6207雷科","110/07/07","元大-南海",0,5,-5
"21145","6207雷科","110/07/07","大昌-桃園",7,0,7
"21146","6207雷科","110/07/07","元大-莒光",0,4,-4
"21147","6207雷科","110/07/07","新光-台中",10,4,6
"21148","6207雷科","110/07/07","港商野村",0,3,-3
"21149","6207雷科","110/07/07","日盛-頭份",5,0,5
"21150","6207雷科","110/07/07","大慶-台南",0,3,-3
"21151","6207雷科","110/07/07","日茂-埔里",5,0,5
"21152","6207雷科","110/07/07","凱基-站前",0,3,-3
"21153","3679新至陞","110/07/07","永豐金證券",18,0,18
"21154","3679新至陞","110/07/07","美林",0,13,-13
"21155","3679新至陞","110/07/07","元大-文心興安",6,0,6
"21156","3679新至陞","110/07/07","兆豐-大安",0,10,-10
"21157","3679新至陞","110/07/07","中農",5,0,5
"21158","3679新至陞","110/07/07","國泰-桃園",0,4,-4
"21159","3679新至陞","110/07/07","台新證券",4,0,4
"21160","3679新至陞","110/07/07","永豐金-虎尾",0,4,-4
"21161","3679新至陞","110/07/07","華南永昌-小港",4,0,4
"21162","3679新至陞","110/07/07","台灣摩根士丹利",0,3,-3
"21163","3679新至陞","110/07/07","元大-天母",4,0,4
"21164","3679新至陞","110/07/07","瑞士信貸",0,3,-3
"21165","3679新至陞","110/07/07","台中銀-員林",4,1,3
"21166","3679新至陞","110/07/07","統一-新竹",0,3,-3
"21167","3679新至陞","110/07/07","摩根大通",4,1,3
"21168","3679新至陞","110/07/07","統一-三重",0,3,-3
"21169","3679新至陞","110/07/07","凱基-台北",7,4,3
"21170","3679新至陞","110/07/07","凱基-竹北",0,3,-3
"21171","3679新至陞","110/07/07","華南永昌-高雄",3,0,3
"21172","3679新至陞","110/07/07","元富-世貿",0,2,-2
"21173","3679新至陞","110/07/07","永豐金-潮州",2,0,2
"21174","3679新至陞","110/07/07","兆豐-鹿港",0,2,-2
"21175","3679新至陞","110/07/07","合庫-新竹",1,0,1
"21176","3679新至陞","110/07/07","玉山-台大",0,2,-2
"21177","3679新至陞","110/07/07","土銀-高雄",1,0,1
"21178","3679新至陞","110/07/07","國泰-館前",0,2,-2
"21179","3679新至陞","110/07/07","元富-新興",1,0,1
"21180","3679新至陞","110/07/07","群益金鼎-新莊",0,2,-2
"21181","3679新至陞","110/07/07","富邦-中壢",1,0,1
"21182","3679新至陞","110/07/07","元大-桃園",0,2,-2
"21183","2727王品","110/07/07","第一金",62,0,62
"21184","2727王品","110/07/07","台灣摩根士丹利",1,177,-176
"21185","2727王品","110/07/07","凱基-埔墘",40,0,40
"21186","2727王品","110/07/07","凱基-台北",49,151,-102
"21187","2727王品","110/07/07","中國信託-忠孝",40,1,39
"21188","2727王品","110/07/07","摩根大通",19,107,-88
"21189","2727王品","110/07/07","玉山-板橋",40,6,34
"21190","2727王品","110/07/07","美商高盛",2,86,-84
"21191","2727王品","110/07/07","亞東-新竹",31,1,30
"21192","2727王品","110/07/07","元大-北屯",1,52,-51
"21193","2727王品","110/07/07","群益金鼎-宜蘭",25,1,24
"21194","2727王品","110/07/07","國泰證券",1,47,-46
"21195","2727王品","110/07/07","富邦-竹北",23,0,23
"21196","2727王品","110/07/07","統一",3,33,-30
"21197","2727王品","110/07/07","元大-旗山",23,0,23
"21198","2727王品","110/07/07","第一金-台中",1,30,-29
"21199","2727王品","110/07/07","元富-宜蘭",21,0,21
"21200","2727王品","110/07/07","華南永昌-中正",4,29,-25
"21201","2727王品","110/07/07","國票-長城",20,0,20
"21202","2727王品","110/07/07","美林",0,23,-23
"21203","2727王品","110/07/07","台新證券",47,28,19
"21204","2727王品","110/07/07","群益金鼎-館前",0,20,-20
"21205","2727王品","110/07/07","富邦-新竹華信",18,1,17
"21206","2727王品","110/07/07","國票-內壢",0,16,-16
"21207","2727王品","110/07/07","永豐金-中正",18,1,17
"21208","2727王品","110/07/07","兆豐-新莊",0,15,-15
"21209","2727王品","110/07/07","華南永昌-麻豆",17,1,16
"21210","2727王品","110/07/07","港商野村",15,28,-13
"21211","2727王品","110/07/07","永豐金-潮州",15,0,15
"21212","2727王品","110/07/07","元大-善化",1,13,-12
"21213","1570力肯","110/07/07","台新證券",88,0,88
"21214","1570力肯","110/07/07","新光",0,54,-54
"21215","1570力肯","110/07/07","摩根大通",49,15,34
"21216","1570力肯","110/07/07","元大-高雄",0,40,-40
"21217","1570力肯","110/07/07","合庫-桃園",20,0,20
"21218","1570力肯","110/07/07","國票-北高雄",38,50,-12
"21219","1570力肯","110/07/07","元大-土城學府",20,0,20
"21220","1570力肯","110/07/07","群益金鼎-嘉義",0,10,-10
"21221","1570力肯","110/07/07","永豐金-板盛",18,0,18
"21222","1570力肯","110/07/07","元大-草屯",0,10,-10
"21223","1570力肯","110/07/07","永豐金-永康",18,0,18
"21224","1570力肯","110/07/07","日盛-高雄",0,9,-9
"21225","1570力肯","110/07/07","統一-員林",14,0,14
"21226","1570力肯","110/07/07","第一金-路竹",0,9,-9
"21227","1570力肯","110/07/07","元大-竹山",6,0,6
"21228","1570力肯","110/07/07","元大-古亭",0,9,-9
"21229","1570力肯","110/07/07","統一-敦南",5,0,5
"21230","1570力肯","110/07/07","國票-中正",0,8,-8
"21231","1570力肯","110/07/07","元大-永和",5,0,5
"21232","1570力肯","110/07/07","群益金鼎-鳳山",0,6,-6
"21233","1570力肯","110/07/07","元富-大裕",4,0,4
"21234","1570力肯","110/07/07","元大-土城永寧",0,6,-6
"21235","1570力肯","110/07/07","華南永昌-斗六",4,0,4
"21236","1570力肯","110/07/07","中國信託",0,5,-5
"21237","1570力肯","110/07/07","永豐金-松山",6,3,3
"21238","1570力肯","110/07/07","日盛-板橋",0,4,-4
"21239","1570力肯","110/07/07","永豐金-南投",4,1,3
"21240","1570力肯","110/07/07","日盛-木柵",0,4,-4
"21241","1570力肯","110/07/07","土銀-彰化",2,0,2
"21242","1570力肯","110/07/07","玉山-桃園",0,4,-4
"21243","6180橘子","110/07/07","臺銀-金山",27,0,27
"21244","6180橘子","110/07/07","凱基-台北",6,36,-30
"21245","6180橘子","110/07/07","元富-潮州",20,0,20
"21246","6180橘子","110/07/07","元大-天母",1,26,-25
"21247","6180橘子","110/07/07","凱基-中山",20,0,20
"21248","6180橘子","110/07/07","富邦-陽明",0,22,-22
"21249","6180橘子","110/07/07","元大-太平",23,4,19
"21250","6180橘子","110/07/07","日盛-頭份",0,20,-20
"21251","6180橘子","110/07/07","摩根大通",17,0,17
"21252","6180橘子","110/07/07","富邦-仁愛",0,20,-20
"21253","6180橘子","110/07/07","元大-草屯",20,3,17
"21254","6180橘子","110/07/07","永豐金-新莊",0,20,-20
"21255","6180橘子","110/07/07","華南永昌-楠梓",15,1,14
"21256","6180橘子","110/07/07","台灣摩根士丹利",0,18,-18
"21257","6180橘子","110/07/07","中國信託-永康",12,0,12
"21258","6180橘子","110/07/07","華南永昌-長虹",1,16,-15
"21259","6180橘子","110/07/07","日盛-文化",10,0,10
"21260","6180橘子","110/07/07","新光-新竹",0,12,-12
"21261","6180橘子","110/07/07","國泰-館前",10,0,10
"21262","6180橘子","110/07/07","凱基-中壢",0,12,-12
"21263","6180橘子","110/07/07","華南永昌-鶯歌",10,0,10
"21264","6180橘子","110/07/07","第一金-忠孝",0,11,-11
"21265","6180橘子","110/07/07","元大-豐原站前",10,0,10
"21266","6180橘子","110/07/07","元大-沙鹿",0,11,-11
"21267","6180橘子","110/07/07","元大-北屯",10,0,10
"21268","6180橘子","110/07/07","永豐金-羅東",0,11,-11
"21269","6180橘子","110/07/07","兆豐-台中",10,1,9
"21270","6180橘子","110/07/07","兆豐-埔墘",0,10,-10
"21271","6180橘子","110/07/07","群益金鼎-開元",9,0,9
"21272","6180橘子","110/07/07","華南永昌-台中",0,10,-10
"21273","2390云辰","110/07/07","元大-向上",144,0,144
"21274","2390云辰","110/07/07","摩根大通",18,674,-656
"21275","2390云辰","110/07/07","元富-中港",102,0,102
"21276","2390云辰","110/07/07","凱基-台北",141,625,-484
"21277","2390云辰","110/07/07","群益金鼎-民權",104,4,100
"21278","2390云辰","110/07/07","美林",32,261,-229
"21279","2390云辰","110/07/07","兆豐-忠孝",81,0,81
"21280","2390云辰","110/07/07","新加坡商瑞銀",50,149,-99
"21281","2390云辰","110/07/07","合庫-新竹",60,0,60
"21282","2390云辰","110/07/07","台灣摩根士丹利",7,87,-80
"21283","2390云辰","110/07/07","元大-土城學府",59,1,58
"21284","2390云辰","110/07/07","元大-金華",2,68,-66
"21285","2390云辰","110/07/07","玉山-大里",58,3,55
"21286","2390云辰","110/07/07","國票-新莊",13,65,-52
"21287","2390云辰","110/07/07","元大-東蘆",54,1,53
"21288","2390云辰","110/07/07","凱基-三重",12,56,-44
"21289","2390云辰","110/07/07","元富-三重",51,0,51
"21290","2390云辰","110/07/07","新光-台中",23,65,-42
"21291","2390云辰","110/07/07","元富-埔里",50,0,50
"21292","2390云辰","110/07/07","第一金-中壢",5,45,-40
"21293","2390云辰","110/07/07","中國信託-三重",52,3,49
"21294","2390云辰","110/07/07","華南永昌-斗六",0,40,-40
"21295","2390云辰","110/07/07","元大-彰化民生",64,15,49
"21296","2390云辰","110/07/07","富邦-新竹華信",25,61,-36
"21297","2390云辰","110/07/07","元大-潮州",50,5,45
"21298","2390云辰","110/07/07","玉山-新莊",2,32,-30
"21299","2390云辰","110/07/07","元富-高雄",57,14,43
"21300","2390云辰","110/07/07","凱基-新豐",17,47,-30
"21301","2390云辰","110/07/07","凱基-和平",40,0,40
"21302","2390云辰","110/07/07","統一-汐止",1,29,-28
"21303","4903聯光通","110/07/06","元大-苗栗",10,0,10
"21304","4903聯光通","110/07/06","宏遠證券",0,13,-13
"21305","4903聯光通","110/07/06","彰銀",5,0,5
"21306","4903聯光通","110/07/06","富邦-新營",0,4,-4
"21307","4903聯光通","110/07/06","元大-松山",5,0,5
"21308","4903聯光通","110/07/06","元富-草屯",0,3,-3
"21309","4903聯光通","110/07/06","新光",3,0,3
"21310","4903聯光通","110/07/06","元大-羅東",0,3,-3
"21311","4903聯光通","110/07/06","群益金鼎-館前",1,0,1
"21312","4903聯光通","110/07/06","元大-北三重",0,2,-2
"21313","4903聯光通","110/07/06","華南永昌-鶯歌",1,0,1
"21314","4903聯光通","110/07/06","國泰-敦南",0,1,-1
"21315","4903聯光通","110/07/06","永豐金-市政",1,0,1
"21316","4903聯光通","110/07/06","元富-板橋",0,0,0
"21317","4903聯光通","110/07/06","元富-板橋",0,0,0
"21318","4903聯光通","110/07/06","華南永昌",0,0,0
"21319","4903聯光通","110/07/06","華南永昌",0,0,0
"21320","4903聯光通","110/07/06","元大-太平",2,2,0
"21321","4903聯光通","110/07/06","元大-太平",2,2,0
"21322","2929淘帝","110/07/06","新光",204,85,119
"21323","2929淘帝","110/07/06","港商野村",62,282,-220
"21324","2929淘帝","110/07/06","日盛-中壢",94,0,94
"21325","2929淘帝","110/07/06","摩根大通",64,264,-200
"21326","2929淘帝","110/07/06","元富-城東",84,0,84
"21327","2929淘帝","110/07/06","統一",0,163,-163
"21328","2929淘帝","110/07/06","日盛-雙和",55,0,55
"21329","2929淘帝","110/07/06","香港上海匯豐",0,141,-141
"21330","2929淘帝","110/07/06","第一金-路竹",71,17,54
"21331","2929淘帝","110/07/06","新加坡商瑞銀",54,179,-125
"21332","2929淘帝","110/07/06","元大-花蓮",44,2,42
"21333","2929淘帝","110/07/06","合庫-高雄",3,122,-119
"21334","2929淘帝","110/07/06","永豐金-大園",73,33,40
"21335","2929淘帝","110/07/06","美林",34,118,-84
"21336","2929淘帝","110/07/06","元大-太平",44,6,38
"21337","2929淘帝","110/07/06","元大-員林",2,82,-80
"21338","2929淘帝","110/07/06","國泰-板橋",40,5,35
"21339","2929淘帝","110/07/06","元富-松德",26,75,-49
"21340","2929淘帝","110/07/06","兆豐-內湖",33,1,32
"21341","2929淘帝","110/07/06","臺銀-臺南",9,52,-43
"21342","2929淘帝","110/07/06","元大-博愛",43,11,32
"21343","2929淘帝","110/07/06","元大-北投",5,48,-43
"21344","2929淘帝","110/07/06","日盛-竹北",40,10,30
"21345","2929淘帝","110/07/06","臺銀-民權",1,41,-40
"21346","2929淘帝","110/07/06","元大-善化",52,22,30
"21347","2929淘帝","110/07/06","兆豐-忠孝",1,41,-40
"21348","2929淘帝","110/07/06","富邦-北港",29,0,29
"21349","2929淘帝","110/07/06","元大-西門",1,36,-35
"21350","2929淘帝","110/07/06","凱基-湖口",27,0,27
"21351","2929淘帝","110/07/06","玉山-嘉義",3,35,-32
"21352","5410國眾","110/07/06","兆豐-城中",28,0,28
"21353","5410國眾","110/07/06","凱基-高美館",1,18,-17
"21354","5410國眾","110/07/06","元大-小港",20,0,20
"21355","5410國眾","110/07/06","國泰-館前",0,15,-15
"21356","5410國眾","110/07/06","元大-新盛",18,0,18
"21357","5410國眾","110/07/06","國泰-板橋",2,17,-15
"21358","5410國眾","110/07/06","香港上海匯豐",15,0,15
"21359","5410國眾","110/07/06","新光",0,13,-13
"21360","5410國眾","110/07/06","華南永昌-小港",15,0,15
"21361","5410國眾","110/07/06","元富-緯城",0,10,-10
"21362","5410國眾","110/07/06","元富-大昌",13,0,13
"21363","5410國眾","110/07/06","中農",0,10,-10
"21364","5410國眾","110/07/06","臺銀-臺南",10,0,10
"21365","5410國眾","110/07/06","凱基-屏東",0,10,-10
"21366","5410國眾","110/07/06","元富-延平",8,0,8
"21367","5410國眾","110/07/06","新光-桃園",0,6,-6
"21368","5410國眾","110/07/06","元大-八德",17,9,8
"21369","5410國眾","110/07/06","高橋-龍潭",0,5,-5
"21370","5410國眾","110/07/06","摩根大通",7,0,7
"21371","5410國眾","110/07/06","元富-世貿",0,5,-5
"21372","5410國眾","110/07/06","凱基-桃園",7,0,7
"21373","5410國眾","110/07/06","群益金鼎-瑞豐",0,5,-5
"21374","5410國眾","110/07/06","永豐金-屏東",7,0,7
"21375","5410國眾","110/07/06","富邦-台中",0,5,-5
"21376","5410國眾","110/07/06","台新-左楠",5,0,5
"21377","5410國眾","110/07/06","永豐金-板橋",0,5,-5
"21378","5410國眾","110/07/06","富邦-竹東",5,0,5
"21379","5410國眾","110/07/06","富邦-台南",0,4,-4
"21380","5410國眾","110/07/06","元大-新莊",5,0,5
"21381","5410國眾","110/07/06","凱基-站前",0,3,-3
"21382","2841台開","110/07/06","群益金鼎-忠孝",100,0,100
"21383","2841台開","110/07/06","港商野村",0,295,-295
"21384","2841台開","110/07/06","台新證券",58,0,58
"21385","2841台開","110/07/06","元大-善化",0,50,-50
"21386","2841台開","110/07/06","台新-台中",58,0,58
"21387","2841台開","110/07/06","元大-四維",0,50,-50
"21388","2841台開","110/07/06","永豐金-敦南",50,0,50
"21389","2841台開","110/07/06","台新-新營",0,30,-30
"21390","2841台開","110/07/06","元大-台中",45,0,45
"21391","2841台開","110/07/06","群益金鼎-桃園",0,21,-21
"21392","2841台開","110/07/06","凱基-文心",43,0,43
"21393","2841台開","110/07/06","台中銀-員林",0,20,-20
"21394","2841台開","110/07/06","永豐金-潮州",30,0,30
"21395","2841台開","110/07/06","群益金鼎-延平",0,15,-15
"21396","2841台開","110/07/06","第一金-自由",25,0,25
"21397","2841台開","110/07/06","元大-三重",0,13,-13
"21398","2841台開","110/07/06","美商高盛",17,0,17
"21399","2841台開","110/07/06","元富-古亭",0,10,-10
"21400","2841台開","110/07/06","大昌-安康",39,22,17
"21401","2841台開","110/07/06","群益金鼎-北高雄",0,10,-10
"21402","2841台開","110/07/06","台中銀",15,0,15
"21403","2841台開","110/07/06","華南永昌-南京",0,10,-10
"21404","2841台開","110/07/06","玉山-嘉義",15,0,15
"21405","2841台開","110/07/06","富邦-花蓮",0,10,-10
"21406","2841台開","110/07/06","新光",11,0,11
"21407","2841台開","110/07/06","富邦-高雄",0,10,-10
"21408","2841台開","110/07/06","兆豐-永和",10,0,10
"21409","2841台開","110/07/06","元大-竹山",0,10,-10
"21410","2841台開","110/07/06","康和-內湖",10,0,10
"21411","2841台開","110/07/06","元大-屏東",0,10,-10
"21412","6207雷科","110/07/06","新光",45,4,41
"21413","6207雷科","110/07/06","凱基-高美館",1,104,-103
"21414","6207雷科","110/07/06","統一-基隆",30,0,30
"21415","6207雷科","110/07/06","摩根大通",11,45,-34
"21416","6207雷科","110/07/06","康和-南崁",13,0,13
"21417","6207雷科","110/07/06","群益金鼎-新竹",0,22,-22
"21418","6207雷科","110/07/06","宏遠-台南",10,0,10
"21419","6207雷科","110/07/06","港商野村",2,23,-21
"21420","6207雷科","110/07/06","國票-和平",10,0,10
"21421","6207雷科","110/07/06","凱基-台北",0,14,-14
"21422","6207雷科","110/07/06","永豐金-天母",10,0,10
"21423","6207雷科","110/07/06","台新-三民",0,12,-12
"21424","6207雷科","110/07/06","台新證券",10,1,9
"21425","6207雷科","110/07/06","群益金鼎-開元",1,11,-10
"21426","6207雷科","110/07/06","群益金鼎-士林",8,0,8
"21427","6207雷科","110/07/06","富邦-南屯",0,8,-8
"21428","6207雷科","110/07/06","群益金鼎-瑞豐",7,0,7
"21429","6207雷科","110/07/06","元大-善化",0,8,-8
"21430","6207雷科","110/07/06","元大-四維",7,0,7
"21431","6207雷科","110/07/06","日盛-頭份",0,5,-5
"21432","6207雷科","110/07/06","國票-中和",6,0,6
"21433","6207雷科","110/07/06","第一金-高雄",0,5,-5
"21434","6207雷科","110/07/06","台新-中壢",6,0,6
"21435","6207雷科","110/07/06","凱基-八德",0,5,-5
"21436","6207雷科","110/07/06","凱基-高雄",6,0,6
"21437","6207雷科","110/07/06","凱基-頭份",0,5,-5
"21438","6207雷科","110/07/06","富邦-彰化",6,0,6
"21439","6207雷科","110/07/06","合庫-新竹",0,4,-4
"21440","6207雷科","110/07/06","凱基-大安",5,0,5
"21441","6207雷科","110/07/06","新光-高雄",0,4,-4
"21442","3679新至陞","110/07/06","凱基",11,0,11
"21443","3679新至陞","110/07/06","摩根大通",0,22,-22
"21444","3679新至陞","110/07/06","台中銀-員林",11,1,10
"21445","3679新至陞","110/07/06","凱基-台北",6,21,-15
"21446","3679新至陞","110/07/06","安泰-大發",10,0,10
"21447","3679新至陞","110/07/06","瑞士信貸",0,13,-13
"21448","3679新至陞","110/07/06","香港上海匯豐",8,0,8
"21449","3679新至陞","110/07/06","富邦-苗栗",0,10,-10
"21450","3679新至陞","110/07/06","永豐金證券",8,2,6
"21451","3679新至陞","110/07/06","元大-永春",0,6,-6
"21452","3679新至陞","110/07/06","第一金-高雄",5,0,5
"21453","3679新至陞","110/07/06","凱基-興隆",0,5,-5
"21454","3679新至陞","110/07/06","群益金鼎-高盛",3,0,3
"21455","3679新至陞","110/07/06","國泰-桃園",0,3,-3
"21456","3679新至陞","110/07/06","元大-嘉義",3,0,3
"21457","3679新至陞","110/07/06","元大-萬華",2,5,-3
"21458","3679新至陞","110/07/06","臺銀-高雄",2,0,2
"21459","3679新至陞","110/07/06","美林",0,2,-2
"21460","3679新至陞","110/07/06","日盛-復興",2,0,2
"21461","3679新至陞","110/07/06","第一金-華江",0,2,-2
"21462","3679新至陞","110/07/06","日盛-樹林",4,2,2
"21463","3679新至陞","110/07/06","新光-台中",0,2,-2
"21464","3679新至陞","110/07/06","宏遠-館前",2,0,2
"21465","3679新至陞","110/07/06","華南永昌-民權",0,2,-2
"21466","3679新至陞","110/07/06","台新證券",2,0,2
"21467","3679新至陞","110/07/06","元大-板橋",0,2,-2
"21468","3679新至陞","110/07/06","康和-板橋",2,0,2
"21469","3679新至陞","110/07/06","日盛-板橋中山",0,1,-1
"21470","3679新至陞","110/07/06","群益金鼎-台南",2,0,2
"21471","3679新至陞","110/07/06","宏遠證券",0,1,-1
"21472","2727王品","110/07/06","元大證券",1033,729,304
"21473","2727王品","110/07/06","台灣摩根士丹利",35,184,-149
"21474","2727王品","110/07/06","富邦-台北",332,46,286
"21475","2727王品","110/07/06","元大-北屯",11,79,-68
"21476","2727王品","110/07/06","統一",252,43,209
"21477","2727王品","110/07/06","元富-敦南",4,70,-66
"21478","2727王品","110/07/06","永豐金-松山",147,14,133
"21479","2727王品","110/07/06","元大-基隆孝二",11,75,-64
"21480","2727王品","110/07/06","富邦-嘉義",301,198,103
"21481","2727王品","110/07/06","臺銀-臺南",9,69,-60
"21482","2727王品","110/07/06","新加坡商瑞銀",128,34,94
"21483","2727王品","110/07/06","中國信託-忠孝",5,48,-43
"21484","2727王品","110/07/06","元富-台南",97,6,91
"21485","2727王品","110/07/06","永豐金-市政",5,46,-41
"21486","2727王品","110/07/06","台新證券",169,105,64
"21487","2727王品","110/07/06","彰銀-台中",19,56,-37
"21488","2727王品","110/07/06","美林",115,58,57
"21489","2727王品","110/07/06","玉山證券",30,67,-37
"21490","2727王品","110/07/06","華南永昌",75,23,52
"21491","2727王品","110/07/06","凱基-埔墘",4,41,-37
"21492","2727王品","110/07/06","凱基-台北",445,398,47
"21493","2727王品","110/07/06","永豐金-大園",3,40,-37
"21494","2727王品","110/07/06","凱基-大直",48,7,41
"21495","2727王品","110/07/06","元富",2,37,-35
"21496","2727王品","110/07/06","凱基-林口",45,4,41
"21497","2727王品","110/07/06","富邦-仁愛",32,64,-32
"21498","2727王品","110/07/06","德信",40,1,39
"21499","2727王品","110/07/06","玉山-板橋",52,82,-30
"21500","2727王品","110/07/06","第一金",42,5,37
"21501","2727王品","110/07/06","中國信託-文心",10,39,-29
"21502","1570力肯","110/07/06","香港上海匯豐",47,0,47
"21503","1570力肯","110/07/06","新光",2,107,-105
"21504","1570力肯","110/07/06","元大-高雄",55,16,39
"21505","1570力肯","110/07/06","摩根大通",11,58,-47
"21506","1570力肯","110/07/06","元富-緯城",37,0,37
"21507","1570力肯","110/07/06","高橋",4,50,-46
"21508","1570力肯","110/07/06","台新-台南",16,0,16
"21509","1570力肯","110/07/06","合庫-桃園",0,20,-20
"21510","1570力肯","110/07/06","元大-新竹經國",14,0,14
"21511","1570力肯","110/07/06","永豐金-板盛",0,18,-18
"21512","1570力肯","110/07/06","富邦-左營",12,0,12
"21513","1570力肯","110/07/06","華南永昌-公誠",0,9,-9
"21514","1570力肯","110/07/06","國票-中正",12,2,10
"21515","1570力肯","110/07/06","凱基-台北",1,9,-8
"21516","1570力肯","110/07/06","國票-博愛",10,0,10
"21517","1570力肯","110/07/06","臺銀-臺中",0,6,-6
"21518","1570力肯","110/07/06","統一-敦南",12,5,7
"21519","1570力肯","110/07/06","台新-三民",0,5,-5
"21520","1570力肯","110/07/06","群益金鼎-三重",7,0,7
"21521","1570力肯","110/07/06","華南永昌-麻豆",0,5,-5
"21522","1570力肯","110/07/06","臺銀-臺南",6,0,6
"21523","1570力肯","110/07/06","合庫-台南",0,4,-4
"21524","1570力肯","110/07/06","大慶-蘆洲",6,0,6
"21525","1570力肯","110/07/06","統一-員林",0,4,-4
"21526","1570力肯","110/07/06","元富-新店",6,0,6
"21527","1570力肯","110/07/06","康和-澎湖",0,4,-4
"21528","1570力肯","110/07/06","玉山-雙和",7,1,6
"21529","1570力肯","110/07/06","華南永昌-斗六",0,4,-4
"21530","1570力肯","110/07/06","永豐金-敦南",9,3,6
"21531","1570力肯","110/07/06","元大-和平",0,4,-4
"21532","6180橘子","110/07/06","凱基-台北",72,12,60
"21533","6180橘子","110/07/06","臺銀-金山",5,105,-100
"21534","6180橘子","110/07/06","美林",29,0,29
"21535","6180橘子","110/07/06","元大-台中",0,100,-100
"21536","6180橘子","110/07/06","合庫-自強",21,0,21
"21537","6180橘子","110/07/06","康和-台南",3,50,-47
"21538","6180橘子","110/07/06","凱基-三峽",17,0,17
"21539","6180橘子","110/07/06","元大-中和",0,35,-35
"21540","6180橘子","110/07/06","富邦-虎尾",15,1,14
"21541","6180橘子","110/07/06","中國信託-忠孝",0,16,-16
"21542","6180橘子","110/07/06","元富-潮州",13,0,13
"21543","6180橘子","110/07/06","玉山-高雄",0,12,-12
"21544","6180橘子","110/07/06","中國信託-永康",13,0,13
"21545","6180橘子","110/07/06","港商野村",0,11,-11
"21546","6180橘子","110/07/06","元大-草屯",18,5,13
"21547","6180橘子","110/07/06","群益金鼎-松山",0,11,-11
"21548","6180橘子","110/07/06","臺銀",11,0,11
"21549","6180橘子","110/07/06","永豐金-豐原",0,11,-11
"21550","6180橘子","110/07/06","新光",15,4,11
"21551","6180橘子","110/07/06","元富-嘉義",5,15,-10
"21552","6180橘子","110/07/06","元大-竹東",11,0,11
"21553","6180橘子","110/07/06","玉山-士林",0,10,-10
"21554","6180橘子","110/07/06","宏遠-台中",10,0,10
"21555","6180橘子","110/07/06","凱基-北門",0,10,-10
"21556","6180橘子","110/07/06","第一金-台南",10,0,10
"21557","6180橘子","110/07/06","第一金-忠孝",0,9,-9
"21558","6180橘子","110/07/06","國泰-敦南",10,0,10
"21559","6180橘子","110/07/06","統一-基隆",0,9,-9
"21560","6180橘子","110/07/06","富邦-嘉義",10,0,10
"21561","6180橘子","110/07/06","安泰-大發",1,10,-9
"21562","2390云辰","110/07/06","元大-天母",975,276,699
"21563","2390云辰","110/07/06","台灣摩根士丹利",3,265,-262
"21564","2390云辰","110/07/06","摩根大通",688,312,376
"21565","2390云辰","110/07/06","群益金鼎-海山",3,166,-163
"21566","2390云辰","110/07/06","國泰-忠孝",164,3,161
"21567","2390云辰","110/07/06","國泰-敦南",188,339,-151
"21568","2390云辰","110/07/06","富邦-北港",140,7,133
"21569","2390云辰","110/07/06","元大-土城學府",12,119,-107
"21570","2390云辰","110/07/06","聯邦商銀",151,22,129
"21571","2390云辰","110/07/06","永豐金-高雄",4,103,-99
"21572","2390云辰","110/07/06","中國信託-文心",143,17,126
"21573","2390云辰","110/07/06","土銀-士林",0,94,-94
"21574","2390云辰","110/07/06","永豐金-中正",133,7,126
"21575","2390云辰","110/07/06","元大-佳里",11,91,-80
"21576","2390云辰","110/07/06","群益金鼎-大興",178,76,102
"21577","2390云辰","110/07/06","玉山-台中",10,86,-76
"21578","2390云辰","110/07/06","元富-中港",103,3,100
"21579","2390云辰","110/07/06","新光",251,324,-73
"21580","2390云辰","110/07/06","統一-新台中",104,12,92
"21581","2390云辰","110/07/06","富邦-敦南",29,101,-72
"21582","2390云辰","110/07/06","新加坡商瑞銀",211,120,91
"21583","2390云辰","110/07/06","兆豐-台中",0,58,-58
"21584","2390云辰","110/07/06","兆豐-忠孝",100,11,89
"21585","2390云辰","110/07/06","日盛證券",16,73,-57
"21586","2390云辰","110/07/06","凱基-林口",87,9,78
"21587","2390云辰","110/07/06","元大-東泰",5,61,-56
"21588","2390云辰","110/07/06","元富-西松",72,4,68
"21589","2390云辰","110/07/06","台新證券",136,190,-54
"21590","2390云辰","110/07/06","台新-左楠",66,9,57
"21591","2390云辰","110/07/06","元大-六合",10,63,-53
