"","stake","date","name","buy","sell","total"
"1","2363矽統","110/07/15","康和-台中",626,61,565
"2","2363矽統","110/07/15","新加坡商瑞銀",202,838,-636
"3","2363矽統","110/07/15","摩根大通",1271,932,339
"4","2363矽統","110/07/15","美林",185,720,-535
"5","2363矽統","110/07/15","瑞士信貸",530,230,300
"6","2363矽統","110/07/15","富邦-仁愛",60,583,-523
"7","2363矽統","110/07/15","宏遠-桃園",281,0,281
"8","2363矽統","110/07/15","元大-板橋",35,368,-333
"9","2363矽統","110/07/15","大展",252,19,233
"10","2363矽統","110/07/15","花旗環球",0,308,-308
"11","2363矽統","110/07/15","凱基-台北",683,498,185
"12","2363矽統","110/07/15","元富-成功",2,113,-111
"13","2363矽統","110/07/15","永豐金證券",166,11,155
"14","2363矽統","110/07/15","富邦-新營",23,132,-109
"15","2363矽統","110/07/15","群益金鼎",157,5,152
"16","2363矽統","110/07/15","臺銀-金山",197,304,-107
"17","2363矽統","110/07/15","新光",333,229,104
"18","2363矽統","110/07/15","日盛-二林",13,116,-103
"19","2363矽統","110/07/15","永豐金-台南",130,26,104
"20","2363矽統","110/07/15","台新-左楠",40,126,-86
"21","2363矽統","110/07/15","國票-南京",100,0,100
"22","2363矽統","110/07/15","康和-南崁",15,100,-85
"23","2363矽統","110/07/15","群益金鼎-松山",150,50,100
"24","2363矽統","110/07/15","永豐金-員林",9,91,-82
"25","2363矽統","110/07/15","中國信託-松江",103,5,98
"26","2363矽統","110/07/15","光和-嘉義",5,78,-73
"27","2363矽統","110/07/15","國票-新莊",187,92,95
"28","2363矽統","110/07/15","日盛-板橋中山",3,73,-70
"29","2363矽統","110/07/15","北城證券",216,126,90
"30","2363矽統","110/07/15","元大證券",10,75,-65
"31","8112至上","110/07/15","凱基-台北",535,32,503
"32","8112至上","110/07/15","群益金鼎-台南",0,116,-116
"33","8112至上","110/07/15","摩根大通",362,16,346
"34","8112至上","110/07/15","華南永昌-高雄",2,112,-110
"35","8112至上","110/07/15","台灣摩根士丹利",254,0,254
"36","8112至上","110/07/15","永豐金-台南",27,128,-101
"37","8112至上","110/07/15","花旗環球",159,0,159
"38","8112至上","110/07/15","元大-東蘆",2,73,-71
"39","8112至上","110/07/15","新加坡商瑞銀",95,2,93
"40","8112至上","110/07/15","美林",3,66,-63
"41","8112至上","110/07/15","玉山-嘉義",84,0,84
"42","8112至上","110/07/15","元大-館前",0,62,-62
"43","8112至上","110/07/15","新光",82,6,76
"44","8112至上","110/07/15","元富-信義",0,50,-50
"45","8112至上","110/07/15","瑞士信貸",80,7,73
"46","8112至上","110/07/15","台新證券",35,82,-47
"47","8112至上","110/07/15","美商高盛",64,0,64
"48","8112至上","110/07/15","大慶-蘆洲",7,53,-46
"49","8112至上","110/07/15","兆豐-小港",56,0,56
"50","8112至上","110/07/15","國票-天祥",0,45,-45
"51","8112至上","110/07/15","永豐金-內湖",60,11,49
"52","8112至上","110/07/15","凱基-中山",1,45,-44
"53","8112至上","110/07/15","永豐金-南投",46,1,45
"54","8112至上","110/07/15","元大-士林",0,43,-43
"55","8112至上","110/07/15","凱基-三重",40,0,40
"56","8112至上","110/07/15","玉山-城中",4,44,-40
"57","8112至上","110/07/15","台灣企銀",29,0,29
"58","8112至上","110/07/15","凱基-彰化",0,39,-39
"59","8112至上","110/07/15","元大-府城",42,14,28
"60","8112至上","110/07/15","元富-花蓮",2,40,-38
"61","1570力肯","110/07/15","群益金鼎-高雄",40,0,40
"62","1570力肯","110/07/15","元大-高雄",0,12,-12
"63","1570力肯","110/07/15","新光",40,8,32
"64","1570力肯","110/07/15","永豐金-中正",0,10,-10
"65","1570力肯","110/07/15","凱基-台北",20,2,18
"66","1570力肯","110/07/15","國泰-松江",0,9,-9
"67","1570力肯","110/07/15","凱基-天母",6,0,6
"68","1570力肯","110/07/15","台新證券",0,8,-8
"69","1570力肯","110/07/15","元富-新店",5,0,5
"70","1570力肯","110/07/15","玉山證券",0,7,-7
"71","1570力肯","110/07/15","凱基-中港",5,0,5
"72","1570力肯","110/07/15","元大-府城",0,7,-7
"73","1570力肯","110/07/15","富邦-園區",5,0,5
"74","1570力肯","110/07/15","元大-板橋",0,6,-6
"75","1570力肯","110/07/15","瑞士信貸",4,0,4
"76","1570力肯","110/07/15","日盛-信義",0,5,-5
"77","1570力肯","110/07/15","第一金-路竹",3,0,3
"78","1570力肯","110/07/15","國票-和平",0,5,-5
"79","1570力肯","110/07/15","摩根大通",3,0,3
"80","1570力肯","110/07/15","元大-民雄",0,5,-5
"81","1570力肯","110/07/15","凱基-桃園",3,0,3
"82","1570力肯","110/07/15","統一-台中",0,4,-4
"83","1570力肯","110/07/15","永豐金-苓雅",3,0,3
"84","1570力肯","110/07/15","玉山-雙和",0,4,-4
"85","1570力肯","110/07/15","統一-員林",2,0,2
"86","1570力肯","110/07/15","凱基-敦北",0,4,-4
"87","1570力肯","110/07/15","元大-永春",2,0,2
"88","1570力肯","110/07/15","富邦-新店",0,4,-4
"89","1570力肯","110/07/15","元大-土城永寧",2,0,2
"90","1570力肯","110/07/15","日盛-板橋",0,3,-3
"91","2929淘帝","110/07/15","港商野村",58,4,54
"92","2929淘帝","110/07/15","日盛-園區",0,25,-25
"93","2929淘帝","110/07/15","元大-民生",29,0,29
"94","2929淘帝","110/07/15","兆豐-南京",0,20,-20
"95","2929淘帝","110/07/15","新加坡商瑞銀",22,1,21
"96","2929淘帝","110/07/15","玉山-高雄",0,18,-18
"97","2929淘帝","110/07/15","凱基-台北",20,2,18
"98","2929淘帝","110/07/15","富邦-南屯",1,15,-14
"99","2929淘帝","110/07/15","大慶-中壢",15,1,14
"100","2929淘帝","110/07/15","富邦-員林",0,13,-13
"101","2929淘帝","110/07/15","日盛-和美",10,0,10
"102","2929淘帝","110/07/15","凱基-站前",0,10,-10
"103","2929淘帝","110/07/15","元大-員林",10,0,10
"104","2929淘帝","110/07/15","元大-台中",0,10,-10
"105","2929淘帝","110/07/15","凱基-基隆",6,0,6
"106","2929淘帝","110/07/15","美林",10,19,-9
"107","2929淘帝","110/07/15","臺銀-鳳山",5,0,5
"108","2929淘帝","110/07/15","元大-新盛",0,8,-8
"109","2929淘帝","110/07/15","第一金-路竹",5,0,5
"110","2929淘帝","110/07/15","台新-台南",0,7,-7
"111","2929淘帝","110/07/15","元富-大裕",5,0,5
"112","2929淘帝","110/07/15","元大-大天母",0,7,-7
"113","2929淘帝","110/07/15","玉山-大里",5,0,5
"114","2929淘帝","110/07/15","華南永昌-虎尾",0,6,-6
"115","2929淘帝","110/07/15","元大-博愛",5,0,5
"116","2929淘帝","110/07/15","永豐金證券",0,6,-6
"117","2929淘帝","110/07/15","永豐金-新莊",5,0,5
"118","2929淘帝","110/07/15","兆豐-竹北",0,5,-5
"119","2929淘帝","110/07/15","元大-南崁",4,0,4
"120","2929淘帝","110/07/15","元大-文心興安",0,5,-5
"121","5410國眾","110/07/15","香港上海匯豐",18,0,18
"122","5410國眾","110/07/15","元大-南屯",0,18,-18
"123","5410國眾","110/07/15","摩根大通",15,0,15
"124","5410國眾","110/07/15","亞東-新竹",0,15,-15
"125","5410國眾","110/07/15","日盛-士林",10,0,10
"126","5410國眾","110/07/15","兆豐-台中港",0,15,-15
"127","5410國眾","110/07/15","群益金鼎-嘉義",10,0,10
"128","5410國眾","110/07/15","日盛-板橋",0,12,-12
"129","5410國眾","110/07/15","元大-高雄",10,0,10
"130","5410國眾","110/07/15","台中銀-豐原",0,9,-9
"131","5410國眾","110/07/15","元大-東港",10,0,10
"132","5410國眾","110/07/15","臺銀-臺南",3,10,-7
"133","5410國眾","110/07/15","臺銀",10,5,5
"134","5410國眾","110/07/15","瑞士信貸",0,5,-5
"135","5410國眾","110/07/15","台新-新營",5,0,5
"136","5410國眾","110/07/15","統一-員林",0,5,-5
"137","5410國眾","110/07/15","富邦-台北",5,0,5
"138","5410國眾","110/07/15","大昌-樹林",0,5,-5
"139","5410國眾","110/07/15","日盛-屏東",4,0,4
"140","5410國眾","110/07/15","兆豐-來福",0,5,-5
"141","5410國眾","110/07/15","高橋",5,1,4
"142","5410國眾","110/07/15","豐農",0,5,-5
"143","5410國眾","110/07/15","中國信託-新竹",4,1,3
"144","5410國眾","110/07/15","元大-大里",0,5,-5
"145","5410國眾","110/07/15","富邦-建國",3,0,3
"146","5410國眾","110/07/15","港商野村",0,3,-3
"147","5410國眾","110/07/15","永豐金-桃園",3,0,3
"148","5410國眾","110/07/15","中農",0,3,-3
"149","5410國眾","110/07/15","大展",2,0,2
"150","5410國眾","110/07/15","國泰-忠孝",0,3,-3
"151","2841台開","110/07/15","日盛證券",310,0,310
"152","2841台開","110/07/15","港商野村",0,97,-97
"153","2841台開","110/07/15","元富-城東",100,0,100
"154","2841台開","110/07/15","元大-員林",0,77,-77
"155","2841台開","110/07/15","凱基-文心",30,0,30
"156","2841台開","110/07/15","新光",3,73,-70
"157","2841台開","110/07/15","日盛-雙和",24,0,24
"158","2841台開","110/07/15","永豐金-北高雄",0,30,-30
"159","2841台開","110/07/15","第一金-台中",20,0,20
"160","2841台開","110/07/15","華南永昌",0,25,-25
"161","2841台開","110/07/15","豐農",20,0,20
"162","2841台開","110/07/15","日盛-台南",0,20,-20
"163","2841台開","110/07/15","華南永昌-新莊",19,0,19
"164","2841台開","110/07/15","致和-佳里",0,20,-20
"165","2841台開","110/07/15","玉山-大里",12,0,12
"166","2841台開","110/07/15","國票-中港",0,20,-20
"167","2841台開","110/07/15","元富-安南",10,0,10
"168","2841台開","110/07/15","元大-歸仁",0,20,-20
"169","2841台開","110/07/15","凱基-市政",10,0,10
"170","2841台開","110/07/15","統一-三多",0,19,-19
"171","2841台開","110/07/15","凱基-竹科",10,0,10
"172","2841台開","110/07/15","凱基-城中",0,18,-18
"173","2841台開","110/07/15","國泰-板橋",10,1,9
"174","2841台開","110/07/15","國票-中和",0,15,-15
"175","2841台開","110/07/15","凱基-台北",9,0,9
"176","2841台開","110/07/15","元大-彰化",0,15,-15
"177","2841台開","110/07/15","合庫證券",6,0,6
"178","2841台開","110/07/15","元大-復北",0,15,-15
"179","2841台開","110/07/15","台中銀",6,0,6
"180","2841台開","110/07/15","土銀-花蓮",0,14,-14
"181","6207雷科","110/07/15","凱基-板橋",210,45,165
"182","6207雷科","110/07/15","群益金鼎-台北",20,80,-60
"183","6207雷科","110/07/15","富邦證券",150,0,150
"184","6207雷科","110/07/15","元大-大天母",1,56,-55
"185","6207雷科","110/07/15","凱基-復興",140,0,140
"186","6207雷科","110/07/15","大慶-中壢",2,50,-48
"187","6207雷科","110/07/15","華南永昌-中正",140,0,140
"188","6207雷科","110/07/15","元富-林園",0,47,-47
"189","6207雷科","110/07/15","永豐金-內湖",92,10,82
"190","6207雷科","110/07/15","元大-東門",0,40,-40
"191","6207雷科","110/07/15","富邦-彰化",81,11,70
"192","6207雷科","110/07/15","第一金-安和",0,37,-37
"193","6207雷科","110/07/15","(牛牛牛)亞-網路",67,0,67
"194","6207雷科","110/07/15","凱基-台北",61,97,-36
"195","6207雷科","110/07/15","台新證券",60,8,52
"196","6207雷科","110/07/15","國票-南科",0,32,-32
"197","6207雷科","110/07/15","華南永昌",50,3,47
"198","6207雷科","110/07/15","元大-四維",0,32,-32
"199","6207雷科","110/07/15","新加坡商瑞銀",68,26,42
"200","6207雷科","110/07/15","元大-板橋",0,30,-30
"201","6207雷科","110/07/15","日盛-景美",40,0,40
"202","6207雷科","110/07/15","元大-南崁",1,30,-29
"203","6207雷科","110/07/15","元富-大昌",40,0,40
"204","6207雷科","110/07/15","凱基-岡山",0,27,-27
"205","6207雷科","110/07/15","統一-高雄",38,5,33
"206","6207雷科","110/07/15","統一-新竹",0,26,-26
"207","6207雷科","110/07/15","日盛證券",32,0,32
"208","6207雷科","110/07/15","群益金鼎-三民",1,27,-26
"209","6207雷科","110/07/15","華南永昌-頭份",31,0,31
"210","6207雷科","110/07/15","國票-台中",0,25,-25
"211","3679新至陞","110/07/15","群益金鼎-大安",25,0,25
"212","3679新至陞","110/07/15","元大-成功",0,10,-10
"213","3679新至陞","110/07/15","元大-彰化",13,0,13
"214","3679新至陞","110/07/15","群益金鼎-東大",0,8,-8
"215","3679新至陞","110/07/15","國票-桃園",10,0,10
"216","3679新至陞","110/07/15","凱基-台北",4,12,-8
"217","3679新至陞","110/07/15","群益金鼎-台南",10,0,10
"218","3679新至陞","110/07/15","第一金-華江",0,5,-5
"219","3679新至陞","110/07/15","華南永昌-台中",10,0,10
"220","3679新至陞","110/07/15","兆豐-來福",0,5,-5
"221","3679新至陞","110/07/15","港商野村",9,0,9
"222","3679新至陞","110/07/15","元大-北三重",0,5,-5
"223","3679新至陞","110/07/15","元大-永春",6,0,6
"224","3679新至陞","110/07/15","瑞士信貸",0,4,-4
"225","3679新至陞","110/07/15","(牛牛牛)亞-網路",5,0,5
"226","3679新至陞","110/07/15","新加坡商瑞銀",0,4,-4
"227","3679新至陞","110/07/15","凱基-高雄",5,0,5
"228","3679新至陞","110/07/15","元大-汐止",0,4,-4
"229","3679新至陞","110/07/15","美商高盛",6,2,4
"230","3679新至陞","110/07/15","台中銀-員林",0,3,-3
"231","3679新至陞","110/07/15","台新證券",3,1,2
"232","3679新至陞","110/07/15","兆豐-忠孝",0,3,-3
"233","3679新至陞","110/07/15","群益金鼎-大興",2,0,2
"234","3679新至陞","110/07/15","玉山-新莊",0,3,-3
"235","3679新至陞","110/07/15","元大-六合",2,0,2
"236","3679新至陞","110/07/15","永豐金-屏東",0,3,-3
"237","3679新至陞","110/07/15","彰銀",1,0,1
"238","3679新至陞","110/07/15","永豐金-敦南",0,3,-3
"239","3679新至陞","110/07/15","美林",2,1,1
"240","3679新至陞","110/07/15","永豐金-萬盛",0,3,-3
"241","2727王品","110/07/15","兆豐-南京",101,0,101
"242","2727王品","110/07/15","富邦-左營",0,102,-102
"243","2727王品","110/07/15","港商野村",166,73,93
"244","2727王品","110/07/15","日盛-忠孝",2,32,-30
"245","2727王品","110/07/15","瑞士信貸",97,8,89
"246","2727王品","110/07/15","群益金鼎-古亭",2,24,-22
"247","2727王品","110/07/15","玉山證券",56,12,44
"248","2727王品","110/07/15","日盛-八德",0,21,-21
"249","2727王品","110/07/15","第一金-高雄",43,1,42
"250","2727王品","110/07/15","元大-新盛",2,23,-21
"251","2727王品","110/07/15","台新證券",74,45,29
"252","2727王品","110/07/15","摩根大通",53,72,-19
"253","2727王品","110/07/15","康和-澎湖",27,0,27
"254","2727王品","110/07/15","富邦-彰化",8,26,-18
"255","2727王品","110/07/15","富邦-陽明",31,4,27
"256","2727王品","110/07/15","富邦-台中",7,24,-17
"257","2727王品","110/07/15","國票-北高雄",27,1,26
"258","2727王品","110/07/15","新加坡商瑞銀",13,29,-16
"259","2727王品","110/07/15","國泰-板橋",38,12,26
"260","2727王品","110/07/15","國泰-敦南",35,50,-15
"261","2727王品","110/07/15","凱基-興隆",23,0,23
"262","2727王品","110/07/15","元大-龍潭",0,14,-14
"263","2727王品","110/07/15","凱基-板橋",29,7,22
"264","2727王品","110/07/15","中國信託-文心",8,21,-13
"265","2727王品","110/07/15","合庫-彰化",21,0,21
"266","2727王品","110/07/15","永豐金-竹科",2,15,-13
"267","2727王品","110/07/15","土銀-南港",20,0,20
"268","2727王品","110/07/15","臺銀-臺南",2,14,-12
"269","2727王品","110/07/15","美林",37,18,19
"270","2727王品","110/07/15","凱基-台北",56,68,-12
"271","1570力肯","110/07/15","群益金鼎-高雄",40,0,40
"272","1570力肯","110/07/15","元大-高雄",0,12,-12
"273","1570力肯","110/07/15","新光",40,8,32
"274","1570力肯","110/07/15","永豐金-中正",0,10,-10
"275","1570力肯","110/07/15","凱基-台北",20,2,18
"276","1570力肯","110/07/15","國泰-松江",0,9,-9
"277","1570力肯","110/07/15","凱基-天母",6,0,6
"278","1570力肯","110/07/15","台新證券",0,8,-8
"279","1570力肯","110/07/15","元富-新店",5,0,5
"280","1570力肯","110/07/15","玉山證券",0,7,-7
"281","1570力肯","110/07/15","凱基-中港",5,0,5
"282","1570力肯","110/07/15","元大-府城",0,7,-7
"283","1570力肯","110/07/15","富邦-園區",5,0,5
"284","1570力肯","110/07/15","元大-板橋",0,6,-6
"285","1570力肯","110/07/15","瑞士信貸",4,0,4
"286","1570力肯","110/07/15","日盛-信義",0,5,-5
"287","1570力肯","110/07/15","第一金-路竹",3,0,3
"288","1570力肯","110/07/15","國票-和平",0,5,-5
"289","1570力肯","110/07/15","摩根大通",3,0,3
"290","1570力肯","110/07/15","元大-民雄",0,5,-5
"291","1570力肯","110/07/15","凱基-桃園",3,0,3
"292","1570力肯","110/07/15","統一-台中",0,4,-4
"293","1570力肯","110/07/15","永豐金-苓雅",3,0,3
"294","1570力肯","110/07/15","玉山-雙和",0,4,-4
"295","1570力肯","110/07/15","統一-員林",2,0,2
"296","1570力肯","110/07/15","凱基-敦北",0,4,-4
"297","1570力肯","110/07/15","元大-永春",2,0,2
"298","1570力肯","110/07/15","富邦-新店",0,4,-4
"299","1570力肯","110/07/15","元大-土城永寧",2,0,2
"300","1570力肯","110/07/15","日盛-板橋",0,3,-3
"301","6180橘子","110/07/15","兆豐證券",130,0,130
"302","6180橘子","110/07/15","港商野村",21,137,-116
"303","6180橘子","110/07/15","摩根大通",111,0,111
"304","6180橘子","110/07/15","高橋",0,40,-40
"305","6180橘子","110/07/15","石橋證券",80,0,80
"306","6180橘子","110/07/15","臺銀",1,40,-39
"307","6180橘子","110/07/15","凱基-台北",78,26,52
"308","6180橘子","110/07/15","玉山-桃園",0,35,-35
"309","6180橘子","110/07/15","新加坡商瑞銀",38,1,37
"310","6180橘子","110/07/15","玉山-台南",2,33,-31
"311","6180橘子","110/07/15","富邦-員林",32,0,32
"312","6180橘子","110/07/15","統一-南京",0,30,-30
"313","6180橘子","110/07/15","日盛-文化",23,0,23
"314","6180橘子","110/07/15","康和-台南",0,25,-25
"315","6180橘子","110/07/15","元富-新店",20,0,20
"316","6180橘子","110/07/15","大昌-樹林",0,22,-22
"317","6180橘子","110/07/15","美林",15,0,15
"318","6180橘子","110/07/15","康和-新竹",0,20,-20
"319","6180橘子","110/07/15","新光-新竹",17,2,15
"320","6180橘子","110/07/15","群益金鼎-台中",0,20,-20
"321","6180橘子","110/07/15","富邦-嘉義",12,0,12
"322","6180橘子","110/07/15","元大-彰化民生",0,18,-18
"323","6180橘子","110/07/15","花旗環球",11,0,11
"324","6180橘子","110/07/15","元大-草屯",0,16,-16
"325","6180橘子","110/07/15","第一金-新興",11,0,11
"326","6180橘子","110/07/15","元富-潮州",0,13,-13
"327","6180橘子","110/07/15","第一金-桃園",10,0,10
"328","6180橘子","110/07/15","宏遠-台南",0,11,-11
"329","6180橘子","110/07/15","永興",10,0,10
"330","6180橘子","110/07/15","大慶-泰山",0,10,-10
"331","2390云辰","110/07/15","凱基",5007,0,5007
"332","2390云辰","110/07/15","凱基-台北",382,616,-234
"333","2390云辰","110/07/15","元大證券",1006,25,981
"334","2390云辰","110/07/15","富邦-陽明",69,265,-196
"335","2390云辰","110/07/15","元大-天母",456,20,436
"336","2390云辰","110/07/15","永豐金-桃園",63,255,-192
"337","2390云辰","110/07/15","港商野村",975,675,300
"338","2390云辰","110/07/15","富邦-仁愛",17,187,-170
"339","2390云辰","110/07/15","摩根大通",1318,1040,278
"340","2390云辰","110/07/15","日盛-和美",2,165,-163
"341","2390云辰","110/07/15","國票-博愛",184,7,177
"342","2390云辰","110/07/15","國泰-敦南",142,290,-148
"343","2390云辰","110/07/15","群益金鼎-大甲",113,13,100
"344","2390云辰","110/07/15","台灣摩根士丹利",51,197,-146
"345","2390云辰","110/07/15","凱基-大直",89,2,87
"346","2390云辰","110/07/15","國票-嘉義",4,148,-144
"347","2390云辰","110/07/15","玉山-台中",77,8,69
"348","2390云辰","110/07/15","台中銀",8,139,-131
"349","2390云辰","110/07/15","聯邦商銀",70,4,66
"350","2390云辰","110/07/15","元大-彰化民生",7,138,-131
"351","2390云辰","110/07/15","元大-大里",88,25,63
"352","2390云辰","110/07/15","元富-成功",2,111,-109
"353","2390云辰","110/07/15","富邦-嘉義",542,480,62
"354","2390云辰","110/07/15","元大-東泰",3,106,-103
"355","2390云辰","110/07/15","新加坡商瑞銀",158,97,61
"356","2390云辰","110/07/15","合庫-三重",1,102,-101
"357","2390云辰","110/07/15","華南永昌-台中",86,35,51
"358","2390云辰","110/07/15","元富-大裕",4,87,-83
"359","2390云辰","110/07/15","群益金鼎",51,6,45
"360","2390云辰","110/07/15","凱基-和平",17,96,-79
"361","2363矽統","110/07/14","台灣摩根士丹利",463,0,463
"362","2363矽統","110/07/14","新加坡商瑞銀",568,1321,-753
"363","2363矽統","110/07/14","台新證券",750,342,408
"364","2363矽統","110/07/14","瑞士信貸",149,864,-715
"365","2363矽統","110/07/14","玉山-台中",363,51,312
"366","2363矽統","110/07/14","台新-屏東",115,380,-265
"367","2363矽統","110/07/14","元大-斗六",223,25,198
"368","2363矽統","110/07/14","永豐金證券",16,265,-249
"369","2363矽統","110/07/14","華南永昌-朴子",208,38,170
"370","2363矽統","110/07/14","美林",462,701,-239
"371","2363矽統","110/07/14","元富-西松",169,12,157
"372","2363矽統","110/07/14","宏遠-桃園",269,500,-231
"373","2363矽統","110/07/14","永豐金-大園",146,6,140
"374","2363矽統","110/07/14","凱基-竹北",36,254,-218
"375","2363矽統","110/07/14","土銀-和平",134,0,134
"376","2363矽統","110/07/14","港商法國興業",0,214,-214
"377","2363矽統","110/07/14","富邦-新營",130,13,117
"378","2363矽統","110/07/14","港商野村",835,1044,-209
"379","2363矽統","110/07/14","元富-成功",118,11,107
"380","2363矽統","110/07/14","北城證券",212,411,-199
"381","2363矽統","110/07/14","元富-烏日",121,18,103
"382","2363矽統","110/07/14","(牛牛牛)亞-鑫豐",51,241,-190
"383","2363矽統","110/07/14","日盛-二林",120,18,102
"384","2363矽統","110/07/14","國票-博愛",24,213,-189
"385","2363矽統","110/07/14","兆豐-忠孝",98,2,96
"386","2363矽統","110/07/14","大慶-蘆洲",134,316,-182
"387","2363矽統","110/07/14","大慶-楊梅",92,3,89
"388","2363矽統","110/07/14","彰銀-台中",15,193,-178
"389","2363矽統","110/07/14","元富-三重",120,33,87
"390","2363矽統","110/07/14","日盛-和美",18,185,-167
"391","8112至上","110/07/14","新加坡商瑞銀",223,17,206
"392","8112至上","110/07/14","瑞士信貸",8,170,-162
"393","8112至上","110/07/14","摩根大通",285,129,156
"394","8112至上","110/07/14","美林",55,202,-147
"395","8112至上","110/07/14","花旗環球",124,0,124
"396","8112至上","110/07/14","凱基-台北",325,436,-111
"397","8112至上","110/07/14","兆豐-公益",117,4,113
"398","8112至上","110/07/14","台中銀-台北",0,98,-98
"399","8112至上","110/07/14","香港上海匯豐",111,0,111
"400","8112至上","110/07/14","玉山-台大",17,107,-90
"401","8112至上","110/07/14","永豐金-內湖",117,21,96
"402","8112至上","110/07/14","康和-內湖",1,90,-89
"403","8112至上","110/07/14","台灣摩根士丹利",108,16,92
"404","8112至上","110/07/14","港商野村",21,84,-63
"405","8112至上","110/07/14","元大-東蘆",77,0,77
"406","8112至上","110/07/14","兆豐-北高雄",1,60,-59
"407","8112至上","110/07/14","新光",108,48,60
"408","8112至上","110/07/14","群益金鼎-海山",1,52,-51
"409","8112至上","110/07/14","大慶-蘆洲",59,0,59
"410","8112至上","110/07/14","群益金鼎-大安",0,50,-50
"411","8112至上","110/07/14","華南永昌-台中",56,3,53
"412","8112至上","110/07/14","富邦-仁愛",2,49,-47
"413","8112至上","110/07/14","土銀-嘉義",52,2,50
"414","8112至上","110/07/14","元大-金華",0,42,-42
"415","8112至上","110/07/14","美商高盛",40,0,40
"416","8112至上","110/07/14","元大-內湖",4,43,-39
"417","8112至上","110/07/14","臺銀",63,29,34
"418","8112至上","110/07/14","第一金-華江",2,37,-35
"419","8112至上","110/07/14","元富-嘉義",31,0,31
"420","8112至上","110/07/14","永豐金-苓雅",2,34,-32
"421","1570力肯","110/07/14","國票-北高雄",68,0,68
"422","1570力肯","110/07/14","摩根大通",0,21,-21
"423","1570力肯","110/07/14","日盛-八德",30,1,29
"424","1570力肯","110/07/14","新光",1,19,-18
"425","1570力肯","110/07/14","玉山-高雄",7,0,7
"426","1570力肯","110/07/14","(牛牛牛)亞-鑫豐",0,17,-17
"427","1570力肯","110/07/14","臺銀-臺南",5,0,5
"428","1570力肯","110/07/14","日盛-士林",0,10,-10
"429","1570力肯","110/07/14","凱基-三峽",5,0,5
"430","1570力肯","110/07/14","統一-員林",0,10,-10
"431","1570力肯","110/07/14","元大-和平",5,0,5
"432","1570力肯","110/07/14","國票-新莊",0,10,-10
"433","1570力肯","110/07/14","合庫-三重",4,0,4
"434","1570力肯","110/07/14","凱基-高美館",0,10,-10
"435","1570力肯","110/07/14","瑞士信貸",4,0,4
"436","1570力肯","110/07/14","元大-屏東民生",0,5,-5
"437","1570力肯","110/07/14","統一-三多",4,0,4
"438","1570力肯","110/07/14","元大-古亭",0,5,-5
"439","1570力肯","110/07/14","華南永昌-古亭",4,0,4
"440","1570力肯","110/07/14","日盛-木柵",0,4,-4
"441","1570力肯","110/07/14","元大-高雄",3,0,3
"442","1570力肯","110/07/14","大昌",0,4,-4
"443","1570力肯","110/07/14","兆豐-忠孝",2,0,2
"444","1570力肯","110/07/14","群益金鼎-東大",0,4,-4
"445","1570力肯","110/07/14","富邦-陽明",2,0,2
"446","1570力肯","110/07/14","凱基-台北",0,4,-4
"447","1570力肯","110/07/14","元大-松山",2,0,2
"448","1570力肯","110/07/14","元大-板橋",0,4,-4
"449","1570力肯","110/07/14","元大-忠孝",2,0,2
"450","1570力肯","110/07/14","第一金-中山",0,3,-3
"451","2929淘帝","110/07/14","華南永昌-林口",60,0,60
"452","2929淘帝","110/07/14","群益金鼎",25,540,-515
"453","2929淘帝","110/07/14","美林",87,31,56
"454","2929淘帝","110/07/14","國泰-台南",1,30,-29
"455","2929淘帝","110/07/14","元富-台南",40,0,40
"456","2929淘帝","110/07/14","宏遠-桃園",0,20,-20
"457","2929淘帝","110/07/14","元大-民生",39,0,39
"458","2929淘帝","110/07/14","摩根大通",11,31,-20
"459","2929淘帝","110/07/14","臺銀-鳳山",34,0,34
"460","2929淘帝","110/07/14","台新-建北",5,20,-15
"461","2929淘帝","110/07/14","合庫-高雄",34,1,33
"462","2929淘帝","110/07/14","新光",1,16,-15
"463","2929淘帝","110/07/14","華南永昌-鶯歌",28,0,28
"464","2929淘帝","110/07/14","玉山-板橋",0,15,-15
"465","2929淘帝","110/07/14","永興",25,0,25
"466","2929淘帝","110/07/14","凱基-羅東",0,15,-15
"467","2929淘帝","110/07/14","元大-新盛",25,1,24
"468","2929淘帝","110/07/14","元大-頭份",0,15,-15
"469","2929淘帝","110/07/14","日盛-南京",23,0,23
"470","2929淘帝","110/07/14","第一金-台南",0,13,-13
"471","2929淘帝","110/07/14","日茂",20,0,20
"472","2929淘帝","110/07/14","富邦-基隆",0,12,-12
"473","2929淘帝","110/07/14","台新-台中",20,0,20
"474","2929淘帝","110/07/14","日茂-南投",1,12,-11
"475","2929淘帝","110/07/14","華南永昌",20,0,20
"476","2929淘帝","110/07/14","元大-豐原站前",0,11,-11
"477","2929淘帝","110/07/14","福勝",15,0,15
"478","2929淘帝","110/07/14","玉山-士林",0,10,-10
"479","2929淘帝","110/07/14","富邦-南屯",15,0,15
"480","2929淘帝","110/07/14","富邦-台北",0,10,-10
"481","5410國眾","110/07/14","兆豐-城中",35,0,35
"482","5410國眾","110/07/14","瑞士信貸",0,29,-29
"483","5410國眾","110/07/14","新光",21,1,20
"484","5410國眾","110/07/14","國泰-板橋",1,30,-29
"485","5410國眾","110/07/14","國泰-敦南",21,1,20
"486","5410國眾","110/07/14","日盛-高雄",0,20,-20
"487","5410國眾","110/07/14","國泰-台中",20,1,19
"488","5410國眾","110/07/14","台新-左楠",1,20,-19
"489","5410國眾","110/07/14","元大-崇德",19,0,19
"490","5410國眾","110/07/14","元富-大昌",1,18,-17
"491","5410國眾","110/07/14","土銀-士林",18,0,18
"492","5410國眾","110/07/14","富邦-建國",0,15,-15
"493","5410國眾","110/07/14","元大-新盛",20,2,18
"494","5410國眾","110/07/14","元富-嘉義",0,12,-12
"495","5410國眾","110/07/14","兆豐-高雄",15,0,15
"496","5410國眾","110/07/14","永全-南崁",0,12,-12
"497","5410國眾","110/07/14","宏遠-中和",10,0,10
"498","5410國眾","110/07/14","元大-員林",0,11,-11
"499","5410國眾","110/07/14","新光-桃園",10,0,10
"500","5410國眾","110/07/14","高橋",0,10,-10
"501","5410國眾","110/07/14","國泰-台南",10,0,10
"502","5410國眾","110/07/14","永興",0,10,-10
"503","5410國眾","110/07/14","元大-復北",10,0,10
"504","5410國眾","110/07/14","華南永昌-三重",0,10,-10
"505","5410國眾","110/07/14","元大-竹科",8,0,8
"506","5410國眾","110/07/14","元大-苑裡",0,7,-7
"507","5410國眾","110/07/14","台新-新營",6,0,6
"508","5410國眾","110/07/14","港商野村",0,6,-6
"509","5410國眾","110/07/14","日盛-士林",5,0,5
"510","5410國眾","110/07/14","摩根大通",5,11,-6
"511","2841台開","110/07/14","凱基-文心",73,0,73
"512","2841台開","110/07/14","國泰-敦南",0,50,-50
"513","2841台開","110/07/14","元富-潮州",30,0,30
"514","2841台開","110/07/14","凱基-中壢",0,40,-40
"515","2841台開","110/07/14","第一金-台中",20,0,20
"516","2841台開","110/07/14","統一-新竹",0,24,-24
"517","2841台開","110/07/14","華南永昌-新莊",20,0,20
"518","2841台開","110/07/14","元富-草屯",0,20,-20
"519","2841台開","110/07/14","永豐金-豐原",20,0,20
"520","2841台開","110/07/14","台新-台南",0,20,-20
"521","2841台開","110/07/14","國泰-館前",15,0,15
"522","2841台開","110/07/14","永豐金-敦南",45,63,-18
"523","2841台開","110/07/14","群益金鼎-基隆",12,0,12
"524","2841台開","110/07/14","國票-北高雄",0,13,-13
"525","2841台開","110/07/14","日盛-信義",10,0,10
"526","2841台開","110/07/14","凱基-松山",0,10,-10
"527","2841台開","110/07/14","台新-台中",10,0,10
"528","2841台開","110/07/14","元大證券",0,10,-10
"529","2841台開","110/07/14","新光",10,1,9
"530","2841台開","110/07/14","元大-中壢",0,10,-10
"531","2841台開","110/07/14","凱基-新店",8,0,8
"532","2841台開","110/07/14","富邦-陽明",1,10,-9
"533","2841台開","110/07/14","元大-斗信",7,0,7
"534","2841台開","110/07/14","富邦-建國",0,9,-9
"535","2841台開","110/07/14","元大-三重",6,0,6
"536","2841台開","110/07/14","富邦-台南",0,8,-8
"537","2841台開","110/07/14","永豐金-中和",6,0,6
"538","2841台開","110/07/14","康和-澎湖",0,7,-7
"539","2841台開","110/07/14","元富-成功",5,0,5
"540","2841台開","110/07/14","日盛-斗六",0,6,-6
"541","6207雷科","110/07/14","群益金鼎-台北",60,0,60
"542","6207雷科","110/07/14","新加坡商瑞銀",10,56,-46
"543","6207雷科","110/07/14","台新-高雄",43,3,40
"544","6207雷科","110/07/14","國票-中和",0,41,-41
"545","6207雷科","110/07/14","元大-高雄",19,0,19
"546","6207雷科","110/07/14","元大-復北",0,33,-33
"547","6207雷科","110/07/14","福勝",15,0,15
"548","6207雷科","110/07/14","光和-和美",0,20,-20
"549","6207雷科","110/07/14","群益金鼎-中山",15,0,15
"550","6207雷科","110/07/14","群益金鼎-丹鳳",0,20,-20
"551","6207雷科","110/07/14","元大-林園",15,0,15
"552","6207雷科","110/07/14","第一金-路竹",0,10,-10
"553","6207雷科","110/07/14","新光",12,0,12
"554","6207雷科","110/07/14","元大-歸仁",0,10,-10
"555","6207雷科","110/07/14","元大-大天母",10,0,10
"556","6207雷科","110/07/14","宏遠-館前",0,9,-9
"557","6207雷科","110/07/14","永豐金-忠孝",9,0,9
"558","6207雷科","110/07/14","凱基-台北",12,20,-8
"559","6207雷科","110/07/14","永豐金-新店",7,0,7
"560","6207雷科","110/07/14","美林",0,7,-7
"561","6207雷科","110/07/14","玉山-嘉義",6,0,6
"562","6207雷科","110/07/14","摩根大通",16,23,-7
"563","6207雷科","110/07/14","元大-屏東",6,0,6
"564","6207雷科","110/07/14","凱基-高雄",1,7,-6
"565","6207雷科","110/07/14","凱基-大安",5,0,5
"566","6207雷科","110/07/14","台中銀-豐原",0,5,-5
"567","6207雷科","110/07/14","富邦-台南",5,0,5
"568","6207雷科","110/07/14","元大-新竹經國",0,5,-5
"569","6207雷科","110/07/14","元大-成功",5,0,5
"570","6207雷科","110/07/14","光和-田中",0,4,-4
"571","3679新至陞","110/07/14","凱基-台北",31,6,25
"572","3679新至陞","110/07/14","群益金鼎-東大",0,15,-15
"573","3679新至陞","110/07/14","華南永昌-新莊",10,0,10
"574","3679新至陞","110/07/14","瑞士信貸",0,12,-12
"575","3679新至陞","110/07/14","新加坡商瑞銀",11,3,8
"576","3679新至陞","110/07/14","群益金鼎-永和",0,10,-10
"577","3679新至陞","110/07/14","美商高盛",6,0,6
"578","3679新至陞","110/07/14","元大-成功",5,15,-10
"579","3679新至陞","110/07/14","第一金-中壢",6,0,6
"580","3679新至陞","110/07/14","統一-板橋",1,10,-9
"581","3679新至陞","110/07/14","(牛牛牛)亞-網路",4,0,4
"582","3679新至陞","110/07/14","玉山-左營",0,5,-5
"583","3679新至陞","110/07/14","元大-六合",3,0,3
"584","3679新至陞","110/07/14","群益金鼎-三民",0,4,-4
"585","3679新至陞","110/07/14","合庫-自強",2,0,2
"586","3679新至陞","110/07/14","富邦-宜蘭",0,4,-4
"587","3679新至陞","110/07/14","高橋-內壢",2,0,2
"588","3679新至陞","110/07/14","永豐金-苓雅",0,3,-3
"589","3679新至陞","110/07/14","台中銀-員林",2,0,2
"590","3679新至陞","110/07/14","摩根大通",5,7,-2
"591","3679新至陞","110/07/14","凱基-高美館",2,0,2
"592","3679新至陞","110/07/14","元大-板橋三民",0,2,-2
"593","3679新至陞","110/07/14","元大-福營",2,0,2
"594","3679新至陞","110/07/14","宏遠-中和",0,1,-1
"595","3679新至陞","110/07/14","永豐金-松山",2,0,2
"596","3679新至陞","110/07/14","元富-佳里",0,1,-1
"597","3679新至陞","110/07/14","永豐金-萬盛",2,0,2
"598","3679新至陞","110/07/14","(牛牛牛)亞-鑫豐",0,1,-1
"599","3679新至陞","110/07/14","元富-松德",1,0,1
"600","3679新至陞","110/07/14","中國信託-中壢",0,1,-1
"601","2727王品","110/07/14","富邦-左營",102,1,101
"602","2727王品","110/07/14","統一-城中",100,234,-134
"603","2727王品","110/07/14","國泰-板橋",105,11,94
"604","2727王品","110/07/14","富邦-台北",1,125,-124
"605","2727王品","110/07/14","港商野村",149,72,77
"606","2727王品","110/07/14","台灣摩根士丹利",1,48,-47
"607","2727王品","110/07/14","合庫-台中",66,2,64
"608","2727王品","110/07/14","國票-新莊",0,40,-40
"609","2727王品","110/07/14","臺銀-金山",63,8,55
"610","2727王品","110/07/14","永豐金-忠孝",2,39,-37
"611","2727王品","110/07/14","摩根大通",83,39,44
"612","2727王品","110/07/14","富邦-彰化",1,34,-33
"613","2727王品","110/07/14","凱基-台北",84,42,42
"614","2727王品","110/07/14","康和-高雄",0,30,-30
"615","2727王品","110/07/14","土銀-台中",35,1,34
"616","2727王品","110/07/14","安泰",0,26,-26
"617","2727王品","110/07/14","華南永昌-麻豆",32,1,31
"618","2727王品","110/07/14","富邦-新竹華信",0,21,-21
"619","2727王品","110/07/14","元大證券",85,55,30
"620","2727王品","110/07/14","元大-南崁",1,22,-21
"621","2727王品","110/07/14","新加坡商瑞銀",40,15,25
"622","2727王品","110/07/14","彰銀-台中",0,18,-18
"623","2727王品","110/07/14","日盛-八德",19,0,19
"624","2727王品","110/07/14","元富-同大",2,20,-18
"625","2727王品","110/07/14","統一",35,17,18
"626","2727王品","110/07/14","玉山-嘉義",1,17,-16
"627","2727王品","110/07/14","元富-大昌",18,1,17
"628","2727王品","110/07/14","國泰-館前",4,20,-16
"629","2727王品","110/07/14","玉山-板橋",15,1,14
"630","2727王品","110/07/14","第一金-嘉義",1,13,-12
"631","1570力肯","110/07/14","國票-北高雄",68,0,68
"632","1570力肯","110/07/14","摩根大通",0,21,-21
"633","1570力肯","110/07/14","日盛-八德",30,1,29
"634","1570力肯","110/07/14","新光",1,19,-18
"635","1570力肯","110/07/14","玉山-高雄",7,0,7
"636","1570力肯","110/07/14","(牛牛牛)亞-鑫豐",0,17,-17
"637","1570力肯","110/07/14","臺銀-臺南",5,0,5
"638","1570力肯","110/07/14","日盛-士林",0,10,-10
"639","1570力肯","110/07/14","凱基-三峽",5,0,5
"640","1570力肯","110/07/14","統一-員林",0,10,-10
"641","1570力肯","110/07/14","元大-和平",5,0,5
"642","1570力肯","110/07/14","國票-新莊",0,10,-10
"643","1570力肯","110/07/14","合庫-三重",4,0,4
"644","1570力肯","110/07/14","凱基-高美館",0,10,-10
"645","1570力肯","110/07/14","瑞士信貸",4,0,4
"646","1570力肯","110/07/14","元大-屏東民生",0,5,-5
"647","1570力肯","110/07/14","統一-三多",4,0,4
"648","1570力肯","110/07/14","元大-古亭",0,5,-5
"649","1570力肯","110/07/14","華南永昌-古亭",4,0,4
"650","1570力肯","110/07/14","日盛-木柵",0,4,-4
"651","1570力肯","110/07/14","元大-高雄",3,0,3
"652","1570力肯","110/07/14","大昌",0,4,-4
"653","1570力肯","110/07/14","兆豐-忠孝",2,0,2
"654","1570力肯","110/07/14","群益金鼎-東大",0,4,-4
"655","1570力肯","110/07/14","富邦-陽明",2,0,2
"656","1570力肯","110/07/14","凱基-台北",0,4,-4
"657","1570力肯","110/07/14","元大-松山",2,0,2
"658","1570力肯","110/07/14","元大-板橋",0,4,-4
"659","1570力肯","110/07/14","元大-忠孝",2,0,2
"660","1570力肯","110/07/14","第一金-中山",0,3,-3
"661","6180橘子","110/07/14","新加坡商瑞銀",84,28,56
"662","6180橘子","110/07/14","凱基-台北",4,37,-33
"663","6180橘子","110/07/14","日盛-信義",29,1,28
"664","6180橘子","110/07/14","玉山-台南",1,22,-21
"665","6180橘子","110/07/14","豐農",28,4,24
"666","6180橘子","110/07/14","日盛-新竹",1,21,-20
"667","6180橘子","110/07/14","新光-新竹",24,1,23
"668","6180橘子","110/07/14","元富-潮州",0,19,-19
"669","6180橘子","110/07/14","華南永昌-高雄",20,0,20
"670","6180橘子","110/07/14","元大-信義",0,17,-17
"671","6180橘子","110/07/14","元大-羅東",20,0,20
"672","6180橘子","110/07/14","台灣企銀-台中",1,16,-15
"673","6180橘子","110/07/14","元大-台中中港",20,0,20
"674","6180橘子","110/07/14","元大-北港",0,15,-15
"675","6180橘子","110/07/14","富邦-嘉義",24,5,19
"676","6180橘子","110/07/14","富邦-高雄",0,14,-14
"677","6180橘子","110/07/14","富邦-仁愛",15,0,15
"678","6180橘子","110/07/14","兆豐-埔墘",0,13,-13
"679","6180橘子","110/07/14","國票-九鼎",13,0,13
"680","6180橘子","110/07/14","第一金-中山",0,10,-10
"681","6180橘子","110/07/14","日盛-木柵",12,0,12
"682","6180橘子","110/07/14","元大-彰化民生",0,10,-10
"683","6180橘子","110/07/14","元大-成功",10,0,10
"684","6180橘子","110/07/14","福勝",1,10,-9
"685","6180橘子","110/07/14","港商野村",10,2,8
"686","6180橘子","110/07/14","群益金鼎-丹鳳",1,10,-9
"687","6180橘子","110/07/14","玉山-左營",8,0,8
"688","6180橘子","110/07/14","群益金鼎-板橋",0,8,-8
"689","6180橘子","110/07/14","富邦-陽明",16,8,8
"690","6180橘子","110/07/14","合庫-鳳山",0,7,-7
"691","2390云辰","110/07/14","摩根大通",995,198,797
"692","2390云辰","110/07/14","新加坡商瑞銀",28,399,-371
"693","2390云辰","110/07/14","美林",383,22,361
"694","2390云辰","110/07/14","凱基-新豐",3,198,-195
"695","2390云辰","110/07/14","台灣摩根士丹利",684,358,326
"696","2390云辰","110/07/14","元大-士林",1,152,-151
"697","2390云辰","110/07/14","凱基-台北",656,402,254
"698","2390云辰","110/07/14","元大-竹山",80,181,-101
"699","2390云辰","110/07/14","日盛-和美",110,5,105
"700","2390云辰","110/07/14","群益金鼎-開元",19,95,-76
"701","2390云辰","110/07/14","元大-天母",72,0,72
"702","2390云辰","110/07/14","新光",77,150,-73
"703","2390云辰","110/07/14","永豐金-松山",57,0,57
"704","2390云辰","110/07/14","元富-高雄",0,71,-71
"705","2390云辰","110/07/14","統一-屏東",53,0,53
"706","2390云辰","110/07/14","元大-土城學府",130,201,-71
"707","2390云辰","110/07/14","港商野村",486,450,36
"708","2390云辰","110/07/14","元大-善化",12,76,-64
"709","2390云辰","110/07/14","致和-崇德",30,0,30
"710","2390云辰","110/07/14","華南永昌-岡山",23,81,-58
"711","2390云辰","110/07/14","富邦-台北",40,14,26
"712","2390云辰","110/07/14","群益金鼎-大興",82,125,-43
"713","2390云辰","110/07/14","台新-高雄",38,13,25
"714","2390云辰","110/07/14","大慶-中壢",0,41,-41
"715","2390云辰","110/07/14","富邦-板橋",32,7,25
"716","2390云辰","110/07/14","玉山-板橋",6,47,-41
"717","2390云辰","110/07/14","陽信-石牌",24,0,24
"718","2390云辰","110/07/14","富邦-台東",2,42,-40
"719","2390云辰","110/07/14","凱基-屏東",32,8,24
"720","2390云辰","110/07/14","元大-新營",3,42,-39
"721","2363矽統","110/07/14","台灣摩根士丹利",463,0,463
"722","2363矽統","110/07/14","新加坡商瑞銀",568,1321,-753
"723","2363矽統","110/07/14","台新證券",750,342,408
"724","2363矽統","110/07/14","瑞士信貸",149,864,-715
"725","2363矽統","110/07/14","玉山-台中",363,51,312
"726","2363矽統","110/07/14","台新-屏東",115,380,-265
"727","2363矽統","110/07/14","元大-斗六",223,25,198
"728","2363矽統","110/07/14","永豐金證券",16,265,-249
"729","2363矽統","110/07/14","華南永昌-朴子",208,38,170
"730","2363矽統","110/07/14","美林",462,701,-239
"731","2363矽統","110/07/14","元富-西松",169,12,157
"732","2363矽統","110/07/14","宏遠-桃園",269,500,-231
"733","2363矽統","110/07/14","永豐金-大園",146,6,140
"734","2363矽統","110/07/14","凱基-竹北",36,254,-218
"735","2363矽統","110/07/14","土銀-和平",134,0,134
"736","2363矽統","110/07/14","港商法國興業",0,214,-214
"737","2363矽統","110/07/14","富邦-新營",130,13,117
"738","2363矽統","110/07/14","港商野村",835,1044,-209
"739","2363矽統","110/07/14","元富-成功",118,11,107
"740","2363矽統","110/07/14","北城證券",212,411,-199
"741","2363矽統","110/07/14","元富-烏日",121,18,103
"742","2363矽統","110/07/14","(牛牛牛)亞-鑫豐",51,241,-190
"743","2363矽統","110/07/14","日盛-二林",120,18,102
"744","2363矽統","110/07/14","國票-博愛",24,213,-189
"745","2363矽統","110/07/14","兆豐-忠孝",98,2,96
"746","2363矽統","110/07/14","大慶-蘆洲",134,316,-182
"747","2363矽統","110/07/14","大慶-楊梅",92,3,89
"748","2363矽統","110/07/14","彰銀-台中",15,193,-178
"749","2363矽統","110/07/14","元富-三重",120,33,87
"750","2363矽統","110/07/14","日盛-和美",18,185,-167
"751","8112至上","110/07/14","新加坡商瑞銀",223,17,206
"752","8112至上","110/07/14","瑞士信貸",8,170,-162
"753","8112至上","110/07/14","摩根大通",285,129,156
"754","8112至上","110/07/14","美林",55,202,-147
"755","8112至上","110/07/14","花旗環球",124,0,124
"756","8112至上","110/07/14","凱基-台北",325,436,-111
"757","8112至上","110/07/14","兆豐-公益",117,4,113
"758","8112至上","110/07/14","台中銀-台北",0,98,-98
"759","8112至上","110/07/14","香港上海匯豐",111,0,111
"760","8112至上","110/07/14","玉山-台大",17,107,-90
"761","8112至上","110/07/14","永豐金-內湖",117,21,96
"762","8112至上","110/07/14","康和-內湖",1,90,-89
"763","8112至上","110/07/14","台灣摩根士丹利",108,16,92
"764","8112至上","110/07/14","港商野村",21,84,-63
"765","8112至上","110/07/14","元大-東蘆",77,0,77
"766","8112至上","110/07/14","兆豐-北高雄",1,60,-59
"767","8112至上","110/07/14","新光",108,48,60
"768","8112至上","110/07/14","群益金鼎-海山",1,52,-51
"769","8112至上","110/07/14","大慶-蘆洲",59,0,59
"770","8112至上","110/07/14","群益金鼎-大安",0,50,-50
"771","8112至上","110/07/14","華南永昌-台中",56,3,53
"772","8112至上","110/07/14","富邦-仁愛",2,49,-47
"773","8112至上","110/07/14","土銀-嘉義",52,2,50
"774","8112至上","110/07/14","元大-金華",0,42,-42
"775","8112至上","110/07/14","美商高盛",40,0,40
"776","8112至上","110/07/14","元大-內湖",4,43,-39
"777","8112至上","110/07/14","臺銀",63,29,34
"778","8112至上","110/07/14","第一金-華江",2,37,-35
"779","8112至上","110/07/14","元富-嘉義",31,0,31
"780","8112至上","110/07/14","永豐金-苓雅",2,34,-32
"781","1570力肯","110/07/14","國票-北高雄",68,0,68
"782","1570力肯","110/07/14","摩根大通",0,21,-21
"783","1570力肯","110/07/14","日盛-八德",30,1,29
"784","1570力肯","110/07/14","新光",1,19,-18
"785","1570力肯","110/07/14","玉山-高雄",7,0,7
"786","1570力肯","110/07/14","(牛牛牛)亞-鑫豐",0,17,-17
"787","1570力肯","110/07/14","臺銀-臺南",5,0,5
"788","1570力肯","110/07/14","日盛-士林",0,10,-10
"789","1570力肯","110/07/14","凱基-三峽",5,0,5
"790","1570力肯","110/07/14","統一-員林",0,10,-10
"791","1570力肯","110/07/14","元大-和平",5,0,5
"792","1570力肯","110/07/14","國票-新莊",0,10,-10
"793","1570力肯","110/07/14","合庫-三重",4,0,4
"794","1570力肯","110/07/14","凱基-高美館",0,10,-10
"795","1570力肯","110/07/14","瑞士信貸",4,0,4
"796","1570力肯","110/07/14","元大-屏東民生",0,5,-5
"797","1570力肯","110/07/14","統一-三多",4,0,4
"798","1570力肯","110/07/14","元大-古亭",0,5,-5
"799","1570力肯","110/07/14","華南永昌-古亭",4,0,4
"800","1570力肯","110/07/14","日盛-木柵",0,4,-4
"801","1570力肯","110/07/14","元大-高雄",3,0,3
"802","1570力肯","110/07/14","大昌",0,4,-4
"803","1570力肯","110/07/14","兆豐-忠孝",2,0,2
"804","1570力肯","110/07/14","群益金鼎-東大",0,4,-4
"805","1570力肯","110/07/14","富邦-陽明",2,0,2
"806","1570力肯","110/07/14","凱基-台北",0,4,-4
"807","1570力肯","110/07/14","元大-松山",2,0,2
"808","1570力肯","110/07/14","元大-板橋",0,4,-4
"809","1570力肯","110/07/14","元大-忠孝",2,0,2
"810","1570力肯","110/07/14","第一金-中山",0,3,-3
"811","2929淘帝","110/07/14","華南永昌-林口",60,0,60
"812","2929淘帝","110/07/14","群益金鼎",25,540,-515
"813","2929淘帝","110/07/14","美林",87,31,56
"814","2929淘帝","110/07/14","國泰-台南",1,30,-29
"815","2929淘帝","110/07/14","元富-台南",40,0,40
"816","2929淘帝","110/07/14","宏遠-桃園",0,20,-20
"817","2929淘帝","110/07/14","元大-民生",39,0,39
"818","2929淘帝","110/07/14","摩根大通",11,31,-20
"819","2929淘帝","110/07/14","臺銀-鳳山",34,0,34
"820","2929淘帝","110/07/14","台新-建北",5,20,-15
"821","2929淘帝","110/07/14","合庫-高雄",34,1,33
"822","2929淘帝","110/07/14","新光",1,16,-15
"823","2929淘帝","110/07/14","華南永昌-鶯歌",28,0,28
"824","2929淘帝","110/07/14","玉山-板橋",0,15,-15
"825","2929淘帝","110/07/14","永興",25,0,25
"826","2929淘帝","110/07/14","凱基-羅東",0,15,-15
"827","2929淘帝","110/07/14","元大-新盛",25,1,24
"828","2929淘帝","110/07/14","元大-頭份",0,15,-15
"829","2929淘帝","110/07/14","日盛-南京",23,0,23
"830","2929淘帝","110/07/14","第一金-台南",0,13,-13
"831","2929淘帝","110/07/14","日茂",20,0,20
"832","2929淘帝","110/07/14","富邦-基隆",0,12,-12
"833","2929淘帝","110/07/14","台新-台中",20,0,20
"834","2929淘帝","110/07/14","日茂-南投",1,12,-11
"835","2929淘帝","110/07/14","華南永昌",20,0,20
"836","2929淘帝","110/07/14","元大-豐原站前",0,11,-11
"837","2929淘帝","110/07/14","福勝",15,0,15
"838","2929淘帝","110/07/14","玉山-士林",0,10,-10
"839","2929淘帝","110/07/14","富邦-南屯",15,0,15
"840","2929淘帝","110/07/14","富邦-台北",0,10,-10
"841","5410國眾","110/07/14","兆豐-城中",35,0,35
"842","5410國眾","110/07/14","瑞士信貸",0,29,-29
"843","5410國眾","110/07/14","新光",21,1,20
"844","5410國眾","110/07/14","國泰-板橋",1,30,-29
"845","5410國眾","110/07/14","國泰-敦南",21,1,20
"846","5410國眾","110/07/14","日盛-高雄",0,20,-20
"847","5410國眾","110/07/14","國泰-台中",20,1,19
"848","5410國眾","110/07/14","台新-左楠",1,20,-19
"849","5410國眾","110/07/14","元大-崇德",19,0,19
"850","5410國眾","110/07/14","元富-大昌",1,18,-17
"851","5410國眾","110/07/14","土銀-士林",18,0,18
"852","5410國眾","110/07/14","富邦-建國",0,15,-15
"853","5410國眾","110/07/14","元大-新盛",20,2,18
"854","5410國眾","110/07/14","元富-嘉義",0,12,-12
"855","5410國眾","110/07/14","兆豐-高雄",15,0,15
"856","5410國眾","110/07/14","永全-南崁",0,12,-12
"857","5410國眾","110/07/14","宏遠-中和",10,0,10
"858","5410國眾","110/07/14","元大-員林",0,11,-11
"859","5410國眾","110/07/14","新光-桃園",10,0,10
"860","5410國眾","110/07/14","高橋",0,10,-10
"861","5410國眾","110/07/14","國泰-台南",10,0,10
"862","5410國眾","110/07/14","永興",0,10,-10
"863","5410國眾","110/07/14","元大-復北",10,0,10
"864","5410國眾","110/07/14","華南永昌-三重",0,10,-10
"865","5410國眾","110/07/14","元大-竹科",8,0,8
"866","5410國眾","110/07/14","元大-苑裡",0,7,-7
"867","5410國眾","110/07/14","台新-新營",6,0,6
"868","5410國眾","110/07/14","港商野村",0,6,-6
"869","5410國眾","110/07/14","日盛-士林",5,0,5
"870","5410國眾","110/07/14","摩根大通",5,11,-6
"871","2841台開","110/07/14","凱基-文心",73,0,73
"872","2841台開","110/07/14","國泰-敦南",0,50,-50
"873","2841台開","110/07/14","元富-潮州",30,0,30
"874","2841台開","110/07/14","凱基-中壢",0,40,-40
"875","2841台開","110/07/14","第一金-台中",20,0,20
"876","2841台開","110/07/14","統一-新竹",0,24,-24
"877","2841台開","110/07/14","華南永昌-新莊",20,0,20
"878","2841台開","110/07/14","元富-草屯",0,20,-20
"879","2841台開","110/07/14","永豐金-豐原",20,0,20
"880","2841台開","110/07/14","台新-台南",0,20,-20
"881","2841台開","110/07/14","國泰-館前",15,0,15
"882","2841台開","110/07/14","永豐金-敦南",45,63,-18
"883","2841台開","110/07/14","群益金鼎-基隆",12,0,12
"884","2841台開","110/07/14","國票-北高雄",0,13,-13
"885","2841台開","110/07/14","日盛-信義",10,0,10
"886","2841台開","110/07/14","凱基-松山",0,10,-10
"887","2841台開","110/07/14","台新-台中",10,0,10
"888","2841台開","110/07/14","元大證券",0,10,-10
"889","2841台開","110/07/14","新光",10,1,9
"890","2841台開","110/07/14","元大-中壢",0,10,-10
"891","2841台開","110/07/14","凱基-新店",8,0,8
"892","2841台開","110/07/14","富邦-陽明",1,10,-9
"893","2841台開","110/07/14","元大-斗信",7,0,7
"894","2841台開","110/07/14","富邦-建國",0,9,-9
"895","2841台開","110/07/14","元大-三重",6,0,6
"896","2841台開","110/07/14","富邦-台南",0,8,-8
"897","2841台開","110/07/14","永豐金-中和",6,0,6
"898","2841台開","110/07/14","康和-澎湖",0,7,-7
"899","2841台開","110/07/14","元富-成功",5,0,5
"900","2841台開","110/07/14","日盛-斗六",0,6,-6
"901","6207雷科","110/07/14","群益金鼎-台北",60,0,60
"902","6207雷科","110/07/14","新加坡商瑞銀",10,56,-46
"903","6207雷科","110/07/14","台新-高雄",43,3,40
"904","6207雷科","110/07/14","國票-中和",0,41,-41
"905","6207雷科","110/07/14","元大-高雄",19,0,19
"906","6207雷科","110/07/14","元大-復北",0,33,-33
"907","6207雷科","110/07/14","福勝",15,0,15
"908","6207雷科","110/07/14","光和-和美",0,20,-20
"909","6207雷科","110/07/14","群益金鼎-中山",15,0,15
"910","6207雷科","110/07/14","群益金鼎-丹鳳",0,20,-20
"911","6207雷科","110/07/14","元大-林園",15,0,15
"912","6207雷科","110/07/14","第一金-路竹",0,10,-10
"913","6207雷科","110/07/14","新光",12,0,12
"914","6207雷科","110/07/14","元大-歸仁",0,10,-10
"915","6207雷科","110/07/14","元大-大天母",10,0,10
"916","6207雷科","110/07/14","宏遠-館前",0,9,-9
"917","6207雷科","110/07/14","永豐金-忠孝",9,0,9
"918","6207雷科","110/07/14","凱基-台北",12,20,-8
"919","6207雷科","110/07/14","永豐金-新店",7,0,7
"920","6207雷科","110/07/14","美林",0,7,-7
"921","6207雷科","110/07/14","玉山-嘉義",6,0,6
"922","6207雷科","110/07/14","摩根大通",16,23,-7
"923","6207雷科","110/07/14","元大-屏東",6,0,6
"924","6207雷科","110/07/14","凱基-高雄",1,7,-6
"925","6207雷科","110/07/14","凱基-大安",5,0,5
"926","6207雷科","110/07/14","台中銀-豐原",0,5,-5
"927","6207雷科","110/07/14","富邦-台南",5,0,5
"928","6207雷科","110/07/14","元大-新竹經國",0,5,-5
"929","6207雷科","110/07/14","元大-成功",5,0,5
"930","6207雷科","110/07/14","光和-田中",0,4,-4
"931","3679新至陞","110/07/14","凱基-台北",31,6,25
"932","3679新至陞","110/07/14","群益金鼎-東大",0,15,-15
"933","3679新至陞","110/07/14","華南永昌-新莊",10,0,10
"934","3679新至陞","110/07/14","瑞士信貸",0,12,-12
"935","3679新至陞","110/07/14","新加坡商瑞銀",11,3,8
"936","3679新至陞","110/07/14","群益金鼎-永和",0,10,-10
"937","3679新至陞","110/07/14","美商高盛",6,0,6
"938","3679新至陞","110/07/14","元大-成功",5,15,-10
"939","3679新至陞","110/07/14","第一金-中壢",6,0,6
"940","3679新至陞","110/07/14","統一-板橋",1,10,-9
"941","3679新至陞","110/07/14","(牛牛牛)亞-網路",4,0,4
"942","3679新至陞","110/07/14","玉山-左營",0,5,-5
"943","3679新至陞","110/07/14","元大-六合",3,0,3
"944","3679新至陞","110/07/14","群益金鼎-三民",0,4,-4
"945","3679新至陞","110/07/14","合庫-自強",2,0,2
"946","3679新至陞","110/07/14","富邦-宜蘭",0,4,-4
"947","3679新至陞","110/07/14","高橋-內壢",2,0,2
"948","3679新至陞","110/07/14","永豐金-苓雅",0,3,-3
"949","3679新至陞","110/07/14","台中銀-員林",2,0,2
"950","3679新至陞","110/07/14","摩根大通",5,7,-2
"951","3679新至陞","110/07/14","凱基-高美館",2,0,2
"952","3679新至陞","110/07/14","元大-板橋三民",0,2,-2
"953","3679新至陞","110/07/14","元大-福營",2,0,2
"954","3679新至陞","110/07/14","宏遠-中和",0,1,-1
"955","3679新至陞","110/07/14","永豐金-松山",2,0,2
"956","3679新至陞","110/07/14","元富-佳里",0,1,-1
"957","3679新至陞","110/07/14","永豐金-萬盛",2,0,2
"958","3679新至陞","110/07/14","(牛牛牛)亞-鑫豐",0,1,-1
"959","3679新至陞","110/07/14","元富-松德",1,0,1
"960","3679新至陞","110/07/14","中國信託-中壢",0,1,-1
"961","2727王品","110/07/14","富邦-左營",102,1,101
"962","2727王品","110/07/14","統一-城中",100,234,-134
"963","2727王品","110/07/14","國泰-板橋",105,11,94
"964","2727王品","110/07/14","富邦-台北",1,125,-124
"965","2727王品","110/07/14","港商野村",149,72,77
"966","2727王品","110/07/14","台灣摩根士丹利",1,48,-47
"967","2727王品","110/07/14","合庫-台中",66,2,64
"968","2727王品","110/07/14","國票-新莊",0,40,-40
"969","2727王品","110/07/14","臺銀-金山",63,8,55
"970","2727王品","110/07/14","永豐金-忠孝",2,39,-37
"971","2727王品","110/07/14","摩根大通",83,39,44
"972","2727王品","110/07/14","富邦-彰化",1,34,-33
"973","2727王品","110/07/14","凱基-台北",84,42,42
"974","2727王品","110/07/14","康和-高雄",0,30,-30
"975","2727王品","110/07/14","土銀-台中",35,1,34
"976","2727王品","110/07/14","安泰",0,26,-26
"977","2727王品","110/07/14","華南永昌-麻豆",32,1,31
"978","2727王品","110/07/14","富邦-新竹華信",0,21,-21
"979","2727王品","110/07/14","元大證券",85,55,30
"980","2727王品","110/07/14","元大-南崁",1,22,-21
"981","2727王品","110/07/14","新加坡商瑞銀",40,15,25
"982","2727王品","110/07/14","彰銀-台中",0,18,-18
"983","2727王品","110/07/14","日盛-八德",19,0,19
"984","2727王品","110/07/14","元富-同大",2,20,-18
"985","2727王品","110/07/14","統一",35,17,18
"986","2727王品","110/07/14","玉山-嘉義",1,17,-16
"987","2727王品","110/07/14","元富-大昌",18,1,17
"988","2727王品","110/07/14","國泰-館前",4,20,-16
"989","2727王品","110/07/14","玉山-板橋",15,1,14
"990","2727王品","110/07/14","第一金-嘉義",1,13,-12
"991","1570力肯","110/07/14","國票-北高雄",68,0,68
"992","1570力肯","110/07/14","摩根大通",0,21,-21
"993","1570力肯","110/07/14","日盛-八德",30,1,29
"994","1570力肯","110/07/14","新光",1,19,-18
"995","1570力肯","110/07/14","玉山-高雄",7,0,7
"996","1570力肯","110/07/14","(牛牛牛)亞-鑫豐",0,17,-17
"997","1570力肯","110/07/14","臺銀-臺南",5,0,5
"998","1570力肯","110/07/14","日盛-士林",0,10,-10
"999","1570力肯","110/07/14","凱基-三峽",5,0,5
"1000","1570力肯","110/07/14","統一-員林",0,10,-10
"1001","1570力肯","110/07/14","元大-和平",5,0,5
"1002","1570力肯","110/07/14","國票-新莊",0,10,-10
"1003","1570力肯","110/07/14","合庫-三重",4,0,4
"1004","1570力肯","110/07/14","凱基-高美館",0,10,-10
"1005","1570力肯","110/07/14","瑞士信貸",4,0,4
"1006","1570力肯","110/07/14","元大-屏東民生",0,5,-5
"1007","1570力肯","110/07/14","統一-三多",4,0,4
"1008","1570力肯","110/07/14","元大-古亭",0,5,-5
"1009","1570力肯","110/07/14","華南永昌-古亭",4,0,4
"1010","1570力肯","110/07/14","日盛-木柵",0,4,-4
"1011","1570力肯","110/07/14","元大-高雄",3,0,3
"1012","1570力肯","110/07/14","大昌",0,4,-4
"1013","1570力肯","110/07/14","兆豐-忠孝",2,0,2
"1014","1570力肯","110/07/14","群益金鼎-東大",0,4,-4
"1015","1570力肯","110/07/14","富邦-陽明",2,0,2
"1016","1570力肯","110/07/14","凱基-台北",0,4,-4
"1017","1570力肯","110/07/14","元大-松山",2,0,2
"1018","1570力肯","110/07/14","元大-板橋",0,4,-4
"1019","1570力肯","110/07/14","元大-忠孝",2,0,2
"1020","1570力肯","110/07/14","第一金-中山",0,3,-3
"1021","6180橘子","110/07/14","新加坡商瑞銀",84,28,56
"1022","6180橘子","110/07/14","凱基-台北",4,37,-33
"1023","6180橘子","110/07/14","日盛-信義",29,1,28
"1024","6180橘子","110/07/14","玉山-台南",1,22,-21
"1025","6180橘子","110/07/14","豐農",28,4,24
"1026","6180橘子","110/07/14","日盛-新竹",1,21,-20
"1027","6180橘子","110/07/14","新光-新竹",24,1,23
"1028","6180橘子","110/07/14","元富-潮州",0,19,-19
"1029","6180橘子","110/07/14","華南永昌-高雄",20,0,20
"1030","6180橘子","110/07/14","元大-信義",0,17,-17
"1031","6180橘子","110/07/14","元大-羅東",20,0,20
"1032","6180橘子","110/07/14","台灣企銀-台中",1,16,-15
"1033","6180橘子","110/07/14","元大-台中中港",20,0,20
"1034","6180橘子","110/07/14","元大-北港",0,15,-15
"1035","6180橘子","110/07/14","富邦-嘉義",24,5,19
"1036","6180橘子","110/07/14","富邦-高雄",0,14,-14
"1037","6180橘子","110/07/14","富邦-仁愛",15,0,15
"1038","6180橘子","110/07/14","兆豐-埔墘",0,13,-13
"1039","6180橘子","110/07/14","國票-九鼎",13,0,13
"1040","6180橘子","110/07/14","第一金-中山",0,10,-10
"1041","6180橘子","110/07/14","日盛-木柵",12,0,12
"1042","6180橘子","110/07/14","元大-彰化民生",0,10,-10
"1043","6180橘子","110/07/14","元大-成功",10,0,10
"1044","6180橘子","110/07/14","福勝",1,10,-9
"1045","6180橘子","110/07/14","港商野村",10,2,8
"1046","6180橘子","110/07/14","群益金鼎-丹鳳",1,10,-9
"1047","6180橘子","110/07/14","玉山-左營",8,0,8
"1048","6180橘子","110/07/14","群益金鼎-板橋",0,8,-8
"1049","6180橘子","110/07/14","富邦-陽明",16,8,8
"1050","6180橘子","110/07/14","合庫-鳳山",0,7,-7
"1051","2390云辰","110/07/14","摩根大通",995,198,797
"1052","2390云辰","110/07/14","新加坡商瑞銀",28,399,-371
"1053","2390云辰","110/07/14","美林",383,22,361
"1054","2390云辰","110/07/14","凱基-新豐",3,198,-195
"1055","2390云辰","110/07/14","台灣摩根士丹利",684,358,326
"1056","2390云辰","110/07/14","元大-士林",1,152,-151
"1057","2390云辰","110/07/14","凱基-台北",656,402,254
"1058","2390云辰","110/07/14","元大-竹山",80,181,-101
"1059","2390云辰","110/07/14","日盛-和美",110,5,105
"1060","2390云辰","110/07/14","群益金鼎-開元",19,95,-76
"1061","2390云辰","110/07/14","元大-天母",72,0,72
"1062","2390云辰","110/07/14","新光",77,150,-73
"1063","2390云辰","110/07/14","永豐金-松山",57,0,57
"1064","2390云辰","110/07/14","元富-高雄",0,71,-71
"1065","2390云辰","110/07/14","統一-屏東",53,0,53
"1066","2390云辰","110/07/14","元大-土城學府",130,201,-71
"1067","2390云辰","110/07/14","港商野村",486,450,36
"1068","2390云辰","110/07/14","元大-善化",12,76,-64
"1069","2390云辰","110/07/14","致和-崇德",30,0,30
"1070","2390云辰","110/07/14","華南永昌-岡山",23,81,-58
"1071","2390云辰","110/07/14","富邦-台北",40,14,26
"1072","2390云辰","110/07/14","群益金鼎-大興",82,125,-43
"1073","2390云辰","110/07/14","台新-高雄",38,13,25
"1074","2390云辰","110/07/14","大慶-中壢",0,41,-41
"1075","2390云辰","110/07/14","富邦-板橋",32,7,25
"1076","2390云辰","110/07/14","玉山-板橋",6,47,-41
"1077","2390云辰","110/07/14","陽信-石牌",24,0,24
"1078","2390云辰","110/07/14","富邦-台東",2,42,-40
"1079","2390云辰","110/07/14","凱基-屏東",32,8,24
"1080","2390云辰","110/07/14","元大-新營",3,42,-39
"1081","2363矽統","110/07/14","台灣摩根士丹利",463,0,463
"1082","2363矽統","110/07/14","新加坡商瑞銀",568,1321,-753
"1083","2363矽統","110/07/14","台新證券",750,342,408
"1084","2363矽統","110/07/14","瑞士信貸",149,864,-715
"1085","2363矽統","110/07/14","玉山-台中",363,51,312
"1086","2363矽統","110/07/14","台新-屏東",115,380,-265
"1087","2363矽統","110/07/14","元大-斗六",223,25,198
"1088","2363矽統","110/07/14","永豐金證券",16,265,-249
"1089","2363矽統","110/07/14","華南永昌-朴子",208,38,170
"1090","2363矽統","110/07/14","美林",462,701,-239
"1091","2363矽統","110/07/14","元富-西松",169,12,157
"1092","2363矽統","110/07/14","宏遠-桃園",269,500,-231
"1093","2363矽統","110/07/14","永豐金-大園",146,6,140
"1094","2363矽統","110/07/14","凱基-竹北",36,254,-218
"1095","2363矽統","110/07/14","土銀-和平",134,0,134
"1096","2363矽統","110/07/14","港商法國興業",0,214,-214
"1097","2363矽統","110/07/14","富邦-新營",130,13,117
"1098","2363矽統","110/07/14","港商野村",835,1044,-209
"1099","2363矽統","110/07/14","元富-成功",118,11,107
"1100","2363矽統","110/07/14","北城證券",212,411,-199
"1101","2363矽統","110/07/14","元富-烏日",121,18,103
"1102","2363矽統","110/07/14","(牛牛牛)亞-鑫豐",51,241,-190
"1103","2363矽統","110/07/14","日盛-二林",120,18,102
"1104","2363矽統","110/07/14","國票-博愛",24,213,-189
"1105","2363矽統","110/07/14","兆豐-忠孝",98,2,96
"1106","2363矽統","110/07/14","大慶-蘆洲",134,316,-182
"1107","2363矽統","110/07/14","大慶-楊梅",92,3,89
"1108","2363矽統","110/07/14","彰銀-台中",15,193,-178
"1109","2363矽統","110/07/14","元富-三重",120,33,87
"1110","2363矽統","110/07/14","日盛-和美",18,185,-167
"1111","8112至上","110/07/14","新加坡商瑞銀",223,17,206
"1112","8112至上","110/07/14","瑞士信貸",8,170,-162
"1113","8112至上","110/07/14","摩根大通",285,129,156
"1114","8112至上","110/07/14","美林",55,202,-147
"1115","8112至上","110/07/14","花旗環球",124,0,124
"1116","8112至上","110/07/14","凱基-台北",325,436,-111
"1117","8112至上","110/07/14","兆豐-公益",117,4,113
"1118","8112至上","110/07/14","台中銀-台北",0,98,-98
"1119","8112至上","110/07/14","香港上海匯豐",111,0,111
"1120","8112至上","110/07/14","玉山-台大",17,107,-90
"1121","8112至上","110/07/14","永豐金-內湖",117,21,96
"1122","8112至上","110/07/14","康和-內湖",1,90,-89
"1123","8112至上","110/07/14","台灣摩根士丹利",108,16,92
"1124","8112至上","110/07/14","港商野村",21,84,-63
"1125","8112至上","110/07/14","元大-東蘆",77,0,77
"1126","8112至上","110/07/14","兆豐-北高雄",1,60,-59
"1127","8112至上","110/07/14","新光",108,48,60
"1128","8112至上","110/07/14","群益金鼎-海山",1,52,-51
"1129","8112至上","110/07/14","大慶-蘆洲",59,0,59
"1130","8112至上","110/07/14","群益金鼎-大安",0,50,-50
"1131","8112至上","110/07/14","華南永昌-台中",56,3,53
"1132","8112至上","110/07/14","富邦-仁愛",2,49,-47
"1133","8112至上","110/07/14","土銀-嘉義",52,2,50
"1134","8112至上","110/07/14","元大-金華",0,42,-42
"1135","8112至上","110/07/14","美商高盛",40,0,40
"1136","8112至上","110/07/14","元大-內湖",4,43,-39
"1137","8112至上","110/07/14","臺銀",63,29,34
"1138","8112至上","110/07/14","第一金-華江",2,37,-35
"1139","8112至上","110/07/14","元富-嘉義",31,0,31
"1140","8112至上","110/07/14","永豐金-苓雅",2,34,-32
"1141","1570力肯","110/07/14","國票-北高雄",68,0,68
"1142","1570力肯","110/07/14","摩根大通",0,21,-21
"1143","1570力肯","110/07/14","日盛-八德",30,1,29
"1144","1570力肯","110/07/14","新光",1,19,-18
"1145","1570力肯","110/07/14","玉山-高雄",7,0,7
"1146","1570力肯","110/07/14","(牛牛牛)亞-鑫豐",0,17,-17
"1147","1570力肯","110/07/14","臺銀-臺南",5,0,5
"1148","1570力肯","110/07/14","日盛-士林",0,10,-10
"1149","1570力肯","110/07/14","凱基-三峽",5,0,5
"1150","1570力肯","110/07/14","統一-員林",0,10,-10
"1151","1570力肯","110/07/14","元大-和平",5,0,5
"1152","1570力肯","110/07/14","國票-新莊",0,10,-10
"1153","1570力肯","110/07/14","合庫-三重",4,0,4
"1154","1570力肯","110/07/14","凱基-高美館",0,10,-10
"1155","1570力肯","110/07/14","瑞士信貸",4,0,4
"1156","1570力肯","110/07/14","元大-屏東民生",0,5,-5
"1157","1570力肯","110/07/14","統一-三多",4,0,4
"1158","1570力肯","110/07/14","元大-古亭",0,5,-5
"1159","1570力肯","110/07/14","華南永昌-古亭",4,0,4
"1160","1570力肯","110/07/14","日盛-木柵",0,4,-4
"1161","1570力肯","110/07/14","元大-高雄",3,0,3
"1162","1570力肯","110/07/14","大昌",0,4,-4
"1163","1570力肯","110/07/14","兆豐-忠孝",2,0,2
"1164","1570力肯","110/07/14","群益金鼎-東大",0,4,-4
"1165","1570力肯","110/07/14","富邦-陽明",2,0,2
"1166","1570力肯","110/07/14","凱基-台北",0,4,-4
"1167","1570力肯","110/07/14","元大-松山",2,0,2
"1168","1570力肯","110/07/14","元大-板橋",0,4,-4
"1169","1570力肯","110/07/14","元大-忠孝",2,0,2
"1170","1570力肯","110/07/14","第一金-中山",0,3,-3
"1171","2929淘帝","110/07/14","華南永昌-林口",60,0,60
"1172","2929淘帝","110/07/14","群益金鼎",25,540,-515
"1173","2929淘帝","110/07/14","美林",87,31,56
"1174","2929淘帝","110/07/14","國泰-台南",1,30,-29
"1175","2929淘帝","110/07/14","元富-台南",40,0,40
"1176","2929淘帝","110/07/14","宏遠-桃園",0,20,-20
"1177","2929淘帝","110/07/14","元大-民生",39,0,39
"1178","2929淘帝","110/07/14","摩根大通",11,31,-20
"1179","2929淘帝","110/07/14","臺銀-鳳山",34,0,34
"1180","2929淘帝","110/07/14","台新-建北",5,20,-15
"1181","2929淘帝","110/07/14","合庫-高雄",34,1,33
"1182","2929淘帝","110/07/14","新光",1,16,-15
"1183","2929淘帝","110/07/14","華南永昌-鶯歌",28,0,28
"1184","2929淘帝","110/07/14","玉山-板橋",0,15,-15
"1185","2929淘帝","110/07/14","永興",25,0,25
"1186","2929淘帝","110/07/14","凱基-羅東",0,15,-15
"1187","2929淘帝","110/07/14","元大-新盛",25,1,24
"1188","2929淘帝","110/07/14","元大-頭份",0,15,-15
"1189","2929淘帝","110/07/14","日盛-南京",23,0,23
"1190","2929淘帝","110/07/14","第一金-台南",0,13,-13
"1191","2929淘帝","110/07/14","日茂",20,0,20
"1192","2929淘帝","110/07/14","富邦-基隆",0,12,-12
"1193","2929淘帝","110/07/14","台新-台中",20,0,20
"1194","2929淘帝","110/07/14","日茂-南投",1,12,-11
"1195","2929淘帝","110/07/14","華南永昌",20,0,20
"1196","2929淘帝","110/07/14","元大-豐原站前",0,11,-11
"1197","2929淘帝","110/07/14","福勝",15,0,15
"1198","2929淘帝","110/07/14","玉山-士林",0,10,-10
"1199","2929淘帝","110/07/14","富邦-南屯",15,0,15
"1200","2929淘帝","110/07/14","富邦-台北",0,10,-10
"1201","5410國眾","110/07/14","兆豐-城中",35,0,35
"1202","5410國眾","110/07/14","瑞士信貸",0,29,-29
"1203","5410國眾","110/07/14","新光",21,1,20
"1204","5410國眾","110/07/14","國泰-板橋",1,30,-29
"1205","5410國眾","110/07/14","國泰-敦南",21,1,20
"1206","5410國眾","110/07/14","日盛-高雄",0,20,-20
"1207","5410國眾","110/07/14","國泰-台中",20,1,19
"1208","5410國眾","110/07/14","台新-左楠",1,20,-19
"1209","5410國眾","110/07/14","元大-崇德",19,0,19
"1210","5410國眾","110/07/14","元富-大昌",1,18,-17
"1211","5410國眾","110/07/14","土銀-士林",18,0,18
"1212","5410國眾","110/07/14","富邦-建國",0,15,-15
"1213","5410國眾","110/07/14","元大-新盛",20,2,18
"1214","5410國眾","110/07/14","元富-嘉義",0,12,-12
"1215","5410國眾","110/07/14","兆豐-高雄",15,0,15
"1216","5410國眾","110/07/14","永全-南崁",0,12,-12
"1217","5410國眾","110/07/14","宏遠-中和",10,0,10
"1218","5410國眾","110/07/14","元大-員林",0,11,-11
"1219","5410國眾","110/07/14","新光-桃園",10,0,10
"1220","5410國眾","110/07/14","高橋",0,10,-10
"1221","5410國眾","110/07/14","國泰-台南",10,0,10
"1222","5410國眾","110/07/14","永興",0,10,-10
"1223","5410國眾","110/07/14","元大-復北",10,0,10
"1224","5410國眾","110/07/14","華南永昌-三重",0,10,-10
"1225","5410國眾","110/07/14","元大-竹科",8,0,8
"1226","5410國眾","110/07/14","元大-苑裡",0,7,-7
"1227","5410國眾","110/07/14","台新-新營",6,0,6
"1228","5410國眾","110/07/14","港商野村",0,6,-6
"1229","5410國眾","110/07/14","日盛-士林",5,0,5
"1230","5410國眾","110/07/14","摩根大通",5,11,-6
"1231","2841台開","110/07/14","凱基-文心",73,0,73
"1232","2841台開","110/07/14","國泰-敦南",0,50,-50
"1233","2841台開","110/07/14","元富-潮州",30,0,30
"1234","2841台開","110/07/14","凱基-中壢",0,40,-40
"1235","2841台開","110/07/14","第一金-台中",20,0,20
"1236","2841台開","110/07/14","統一-新竹",0,24,-24
"1237","2841台開","110/07/14","華南永昌-新莊",20,0,20
"1238","2841台開","110/07/14","元富-草屯",0,20,-20
"1239","2841台開","110/07/14","永豐金-豐原",20,0,20
"1240","2841台開","110/07/14","台新-台南",0,20,-20
"1241","2841台開","110/07/14","國泰-館前",15,0,15
"1242","2841台開","110/07/14","永豐金-敦南",45,63,-18
"1243","2841台開","110/07/14","群益金鼎-基隆",12,0,12
"1244","2841台開","110/07/14","國票-北高雄",0,13,-13
"1245","2841台開","110/07/14","日盛-信義",10,0,10
"1246","2841台開","110/07/14","凱基-松山",0,10,-10
"1247","2841台開","110/07/14","台新-台中",10,0,10
"1248","2841台開","110/07/14","元大證券",0,10,-10
"1249","2841台開","110/07/14","新光",10,1,9
"1250","2841台開","110/07/14","元大-中壢",0,10,-10
"1251","2841台開","110/07/14","凱基-新店",8,0,8
"1252","2841台開","110/07/14","富邦-陽明",1,10,-9
"1253","2841台開","110/07/14","元大-斗信",7,0,7
"1254","2841台開","110/07/14","富邦-建國",0,9,-9
"1255","2841台開","110/07/14","元大-三重",6,0,6
"1256","2841台開","110/07/14","富邦-台南",0,8,-8
"1257","2841台開","110/07/14","永豐金-中和",6,0,6
"1258","2841台開","110/07/14","康和-澎湖",0,7,-7
"1259","2841台開","110/07/14","元富-成功",5,0,5
"1260","2841台開","110/07/14","日盛-斗六",0,6,-6
"1261","6207雷科","110/07/14","群益金鼎-台北",60,0,60
"1262","6207雷科","110/07/14","新加坡商瑞銀",10,56,-46
"1263","6207雷科","110/07/14","台新-高雄",43,3,40
"1264","6207雷科","110/07/14","國票-中和",0,41,-41
"1265","6207雷科","110/07/14","元大-高雄",19,0,19
"1266","6207雷科","110/07/14","元大-復北",0,33,-33
"1267","6207雷科","110/07/14","福勝",15,0,15
"1268","6207雷科","110/07/14","光和-和美",0,20,-20
"1269","6207雷科","110/07/14","群益金鼎-中山",15,0,15
"1270","6207雷科","110/07/14","群益金鼎-丹鳳",0,20,-20
"1271","6207雷科","110/07/14","元大-林園",15,0,15
"1272","6207雷科","110/07/14","第一金-路竹",0,10,-10
"1273","6207雷科","110/07/14","新光",12,0,12
"1274","6207雷科","110/07/14","元大-歸仁",0,10,-10
"1275","6207雷科","110/07/14","元大-大天母",10,0,10
"1276","6207雷科","110/07/14","宏遠-館前",0,9,-9
"1277","6207雷科","110/07/14","永豐金-忠孝",9,0,9
"1278","6207雷科","110/07/14","凱基-台北",12,20,-8
"1279","6207雷科","110/07/14","永豐金-新店",7,0,7
"1280","6207雷科","110/07/14","美林",0,7,-7
"1281","6207雷科","110/07/14","玉山-嘉義",6,0,6
"1282","6207雷科","110/07/14","摩根大通",16,23,-7
"1283","6207雷科","110/07/14","元大-屏東",6,0,6
"1284","6207雷科","110/07/14","凱基-高雄",1,7,-6
"1285","6207雷科","110/07/14","凱基-大安",5,0,5
"1286","6207雷科","110/07/14","台中銀-豐原",0,5,-5
"1287","6207雷科","110/07/14","富邦-台南",5,0,5
"1288","6207雷科","110/07/14","元大-新竹經國",0,5,-5
"1289","6207雷科","110/07/14","元大-成功",5,0,5
"1290","6207雷科","110/07/14","光和-田中",0,4,-4
"1291","3679新至陞","110/07/14","凱基-台北",31,6,25
"1292","3679新至陞","110/07/14","群益金鼎-東大",0,15,-15
"1293","3679新至陞","110/07/14","華南永昌-新莊",10,0,10
"1294","3679新至陞","110/07/14","瑞士信貸",0,12,-12
"1295","3679新至陞","110/07/14","新加坡商瑞銀",11,3,8
"1296","3679新至陞","110/07/14","群益金鼎-永和",0,10,-10
"1297","3679新至陞","110/07/14","美商高盛",6,0,6
"1298","3679新至陞","110/07/14","元大-成功",5,15,-10
"1299","3679新至陞","110/07/14","第一金-中壢",6,0,6
"1300","3679新至陞","110/07/14","統一-板橋",1,10,-9
"1301","3679新至陞","110/07/14","(牛牛牛)亞-網路",4,0,4
"1302","3679新至陞","110/07/14","玉山-左營",0,5,-5
"1303","3679新至陞","110/07/14","元大-六合",3,0,3
"1304","3679新至陞","110/07/14","群益金鼎-三民",0,4,-4
"1305","3679新至陞","110/07/14","合庫-自強",2,0,2
"1306","3679新至陞","110/07/14","富邦-宜蘭",0,4,-4
"1307","3679新至陞","110/07/14","高橋-內壢",2,0,2
"1308","3679新至陞","110/07/14","永豐金-苓雅",0,3,-3
"1309","3679新至陞","110/07/14","台中銀-員林",2,0,2
"1310","3679新至陞","110/07/14","摩根大通",5,7,-2
"1311","3679新至陞","110/07/14","凱基-高美館",2,0,2
"1312","3679新至陞","110/07/14","元大-板橋三民",0,2,-2
"1313","3679新至陞","110/07/14","元大-福營",2,0,2
"1314","3679新至陞","110/07/14","宏遠-中和",0,1,-1
"1315","3679新至陞","110/07/14","永豐金-松山",2,0,2
"1316","3679新至陞","110/07/14","元富-佳里",0,1,-1
"1317","3679新至陞","110/07/14","永豐金-萬盛",2,0,2
"1318","3679新至陞","110/07/14","(牛牛牛)亞-鑫豐",0,1,-1
"1319","3679新至陞","110/07/14","元富-松德",1,0,1
"1320","3679新至陞","110/07/14","中國信託-中壢",0,1,-1
"1321","2727王品","110/07/14","富邦-左營",102,1,101
"1322","2727王品","110/07/14","統一-城中",100,234,-134
"1323","2727王品","110/07/14","國泰-板橋",105,11,94
"1324","2727王品","110/07/14","富邦-台北",1,125,-124
"1325","2727王品","110/07/14","港商野村",149,72,77
"1326","2727王品","110/07/14","台灣摩根士丹利",1,48,-47
"1327","2727王品","110/07/14","合庫-台中",66,2,64
"1328","2727王品","110/07/14","國票-新莊",0,40,-40
"1329","2727王品","110/07/14","臺銀-金山",63,8,55
"1330","2727王品","110/07/14","永豐金-忠孝",2,39,-37
"1331","2727王品","110/07/14","摩根大通",83,39,44
"1332","2727王品","110/07/14","富邦-彰化",1,34,-33
"1333","2727王品","110/07/14","凱基-台北",84,42,42
"1334","2727王品","110/07/14","康和-高雄",0,30,-30
"1335","2727王品","110/07/14","土銀-台中",35,1,34
"1336","2727王品","110/07/14","安泰",0,26,-26
"1337","2727王品","110/07/14","華南永昌-麻豆",32,1,31
"1338","2727王品","110/07/14","富邦-新竹華信",0,21,-21
"1339","2727王品","110/07/14","元大證券",85,55,30
"1340","2727王品","110/07/14","元大-南崁",1,22,-21
"1341","2727王品","110/07/14","新加坡商瑞銀",40,15,25
"1342","2727王品","110/07/14","彰銀-台中",0,18,-18
"1343","2727王品","110/07/14","日盛-八德",19,0,19
"1344","2727王品","110/07/14","元富-同大",2,20,-18
"1345","2727王品","110/07/14","統一",35,17,18
"1346","2727王品","110/07/14","玉山-嘉義",1,17,-16
"1347","2727王品","110/07/14","元富-大昌",18,1,17
"1348","2727王品","110/07/14","國泰-館前",4,20,-16
"1349","2727王品","110/07/14","玉山-板橋",15,1,14
"1350","2727王品","110/07/14","第一金-嘉義",1,13,-12
"1351","1570力肯","110/07/14","國票-北高雄",68,0,68
"1352","1570力肯","110/07/14","摩根大通",0,21,-21
"1353","1570力肯","110/07/14","日盛-八德",30,1,29
"1354","1570力肯","110/07/14","新光",1,19,-18
"1355","1570力肯","110/07/14","玉山-高雄",7,0,7
"1356","1570力肯","110/07/14","(牛牛牛)亞-鑫豐",0,17,-17
"1357","1570力肯","110/07/14","臺銀-臺南",5,0,5
"1358","1570力肯","110/07/14","日盛-士林",0,10,-10
"1359","1570力肯","110/07/14","凱基-三峽",5,0,5
"1360","1570力肯","110/07/14","統一-員林",0,10,-10
"1361","1570力肯","110/07/14","元大-和平",5,0,5
"1362","1570力肯","110/07/14","國票-新莊",0,10,-10
"1363","1570力肯","110/07/14","合庫-三重",4,0,4
"1364","1570力肯","110/07/14","凱基-高美館",0,10,-10
"1365","1570力肯","110/07/14","瑞士信貸",4,0,4
"1366","1570力肯","110/07/14","元大-屏東民生",0,5,-5
"1367","1570力肯","110/07/14","統一-三多",4,0,4
"1368","1570力肯","110/07/14","元大-古亭",0,5,-5
"1369","1570力肯","110/07/14","華南永昌-古亭",4,0,4
"1370","1570力肯","110/07/14","日盛-木柵",0,4,-4
"1371","1570力肯","110/07/14","元大-高雄",3,0,3
"1372","1570力肯","110/07/14","大昌",0,4,-4
"1373","1570力肯","110/07/14","兆豐-忠孝",2,0,2
"1374","1570力肯","110/07/14","群益金鼎-東大",0,4,-4
"1375","1570力肯","110/07/14","富邦-陽明",2,0,2
"1376","1570力肯","110/07/14","凱基-台北",0,4,-4
"1377","1570力肯","110/07/14","元大-松山",2,0,2
"1378","1570力肯","110/07/14","元大-板橋",0,4,-4
"1379","1570力肯","110/07/14","元大-忠孝",2,0,2
"1380","1570力肯","110/07/14","第一金-中山",0,3,-3
"1381","6180橘子","110/07/14","新加坡商瑞銀",84,28,56
"1382","6180橘子","110/07/14","凱基-台北",4,37,-33
"1383","6180橘子","110/07/14","日盛-信義",29,1,28
"1384","6180橘子","110/07/14","玉山-台南",1,22,-21
"1385","6180橘子","110/07/14","豐農",28,4,24
"1386","6180橘子","110/07/14","日盛-新竹",1,21,-20
"1387","6180橘子","110/07/14","新光-新竹",24,1,23
"1388","6180橘子","110/07/14","元富-潮州",0,19,-19
"1389","6180橘子","110/07/14","華南永昌-高雄",20,0,20
"1390","6180橘子","110/07/14","元大-信義",0,17,-17
"1391","6180橘子","110/07/14","元大-羅東",20,0,20
"1392","6180橘子","110/07/14","台灣企銀-台中",1,16,-15
"1393","6180橘子","110/07/14","元大-台中中港",20,0,20
"1394","6180橘子","110/07/14","元大-北港",0,15,-15
"1395","6180橘子","110/07/14","富邦-嘉義",24,5,19
"1396","6180橘子","110/07/14","富邦-高雄",0,14,-14
"1397","6180橘子","110/07/14","富邦-仁愛",15,0,15
"1398","6180橘子","110/07/14","兆豐-埔墘",0,13,-13
"1399","6180橘子","110/07/14","國票-九鼎",13,0,13
"1400","6180橘子","110/07/14","第一金-中山",0,10,-10
"1401","6180橘子","110/07/14","日盛-木柵",12,0,12
"1402","6180橘子","110/07/14","元大-彰化民生",0,10,-10
"1403","6180橘子","110/07/14","元大-成功",10,0,10
"1404","6180橘子","110/07/14","福勝",1,10,-9
"1405","6180橘子","110/07/14","港商野村",10,2,8
"1406","6180橘子","110/07/14","群益金鼎-丹鳳",1,10,-9
"1407","6180橘子","110/07/14","玉山-左營",8,0,8
"1408","6180橘子","110/07/14","群益金鼎-板橋",0,8,-8
"1409","6180橘子","110/07/14","富邦-陽明",16,8,8
"1410","6180橘子","110/07/14","合庫-鳳山",0,7,-7
"1411","2390云辰","110/07/14","摩根大通",995,198,797
"1412","2390云辰","110/07/14","新加坡商瑞銀",28,399,-371
"1413","2390云辰","110/07/14","美林",383,22,361
"1414","2390云辰","110/07/14","凱基-新豐",3,198,-195
"1415","2390云辰","110/07/14","台灣摩根士丹利",684,358,326
"1416","2390云辰","110/07/14","元大-士林",1,152,-151
"1417","2390云辰","110/07/14","凱基-台北",656,402,254
"1418","2390云辰","110/07/14","元大-竹山",80,181,-101
"1419","2390云辰","110/07/14","日盛-和美",110,5,105
"1420","2390云辰","110/07/14","群益金鼎-開元",19,95,-76
"1421","2390云辰","110/07/14","元大-天母",72,0,72
"1422","2390云辰","110/07/14","新光",77,150,-73
"1423","2390云辰","110/07/14","永豐金-松山",57,0,57
"1424","2390云辰","110/07/14","元富-高雄",0,71,-71
"1425","2390云辰","110/07/14","統一-屏東",53,0,53
"1426","2390云辰","110/07/14","元大-土城學府",130,201,-71
"1427","2390云辰","110/07/14","港商野村",486,450,36
"1428","2390云辰","110/07/14","元大-善化",12,76,-64
"1429","2390云辰","110/07/14","致和-崇德",30,0,30
"1430","2390云辰","110/07/14","華南永昌-岡山",23,81,-58
"1431","2390云辰","110/07/14","富邦-台北",40,14,26
"1432","2390云辰","110/07/14","群益金鼎-大興",82,125,-43
"1433","2390云辰","110/07/14","台新-高雄",38,13,25
"1434","2390云辰","110/07/14","大慶-中壢",0,41,-41
"1435","2390云辰","110/07/14","富邦-板橋",32,7,25
"1436","2390云辰","110/07/14","玉山-板橋",6,47,-41
"1437","2390云辰","110/07/14","陽信-石牌",24,0,24
"1438","2390云辰","110/07/14","富邦-台東",2,42,-40
"1439","2390云辰","110/07/14","凱基-屏東",32,8,24
"1440","2390云辰","110/07/14","元大-新營",3,42,-39
"1441","2363矽統","110/07/14","台灣摩根士丹利",463,0,463
"1442","2363矽統","110/07/14","新加坡商瑞銀",568,1321,-753
"1443","2363矽統","110/07/14","台新證券",750,342,408
"1444","2363矽統","110/07/14","瑞士信貸",149,864,-715
"1445","2363矽統","110/07/14","玉山-台中",363,51,312
"1446","2363矽統","110/07/14","台新-屏東",115,380,-265
"1447","2363矽統","110/07/14","元大-斗六",223,25,198
"1448","2363矽統","110/07/14","永豐金證券",16,265,-249
"1449","2363矽統","110/07/14","華南永昌-朴子",208,38,170
"1450","2363矽統","110/07/14","美林",462,701,-239
"1451","2363矽統","110/07/14","元富-西松",169,12,157
"1452","2363矽統","110/07/14","宏遠-桃園",269,500,-231
"1453","2363矽統","110/07/14","永豐金-大園",146,6,140
"1454","2363矽統","110/07/14","凱基-竹北",36,254,-218
"1455","2363矽統","110/07/14","土銀-和平",134,0,134
"1456","2363矽統","110/07/14","港商法國興業",0,214,-214
"1457","2363矽統","110/07/14","富邦-新營",130,13,117
"1458","2363矽統","110/07/14","港商野村",835,1044,-209
"1459","2363矽統","110/07/14","元富-成功",118,11,107
"1460","2363矽統","110/07/14","北城證券",212,411,-199
"1461","2363矽統","110/07/14","元富-烏日",121,18,103
"1462","2363矽統","110/07/14","(牛牛牛)亞-鑫豐",51,241,-190
"1463","2363矽統","110/07/14","日盛-二林",120,18,102
"1464","2363矽統","110/07/14","國票-博愛",24,213,-189
"1465","2363矽統","110/07/14","兆豐-忠孝",98,2,96
"1466","2363矽統","110/07/14","大慶-蘆洲",134,316,-182
"1467","2363矽統","110/07/14","大慶-楊梅",92,3,89
"1468","2363矽統","110/07/14","彰銀-台中",15,193,-178
"1469","2363矽統","110/07/14","元富-三重",120,33,87
"1470","2363矽統","110/07/14","日盛-和美",18,185,-167
"1471","8112至上","110/07/14","新加坡商瑞銀",223,17,206
"1472","8112至上","110/07/14","瑞士信貸",8,170,-162
"1473","8112至上","110/07/14","摩根大通",285,129,156
"1474","8112至上","110/07/14","美林",55,202,-147
"1475","8112至上","110/07/14","花旗環球",124,0,124
"1476","8112至上","110/07/14","凱基-台北",325,436,-111
"1477","8112至上","110/07/14","兆豐-公益",117,4,113
"1478","8112至上","110/07/14","台中銀-台北",0,98,-98
"1479","8112至上","110/07/14","香港上海匯豐",111,0,111
"1480","8112至上","110/07/14","玉山-台大",17,107,-90
"1481","8112至上","110/07/14","永豐金-內湖",117,21,96
"1482","8112至上","110/07/14","康和-內湖",1,90,-89
"1483","8112至上","110/07/14","台灣摩根士丹利",108,16,92
"1484","8112至上","110/07/14","港商野村",21,84,-63
"1485","8112至上","110/07/14","元大-東蘆",77,0,77
"1486","8112至上","110/07/14","兆豐-北高雄",1,60,-59
"1487","8112至上","110/07/14","新光",108,48,60
"1488","8112至上","110/07/14","群益金鼎-海山",1,52,-51
"1489","8112至上","110/07/14","大慶-蘆洲",59,0,59
"1490","8112至上","110/07/14","群益金鼎-大安",0,50,-50
"1491","8112至上","110/07/14","華南永昌-台中",56,3,53
"1492","8112至上","110/07/14","富邦-仁愛",2,49,-47
"1493","8112至上","110/07/14","土銀-嘉義",52,2,50
"1494","8112至上","110/07/14","元大-金華",0,42,-42
"1495","8112至上","110/07/14","美商高盛",40,0,40
"1496","8112至上","110/07/14","元大-內湖",4,43,-39
"1497","8112至上","110/07/14","臺銀",63,29,34
"1498","8112至上","110/07/14","第一金-華江",2,37,-35
"1499","8112至上","110/07/14","元富-嘉義",31,0,31
"1500","8112至上","110/07/14","永豐金-苓雅",2,34,-32
"1501","1570力肯","110/07/14","國票-北高雄",68,0,68
"1502","1570力肯","110/07/14","摩根大通",0,21,-21
"1503","1570力肯","110/07/14","日盛-八德",30,1,29
"1504","1570力肯","110/07/14","新光",1,19,-18
"1505","1570力肯","110/07/14","玉山-高雄",7,0,7
"1506","1570力肯","110/07/14","(牛牛牛)亞-鑫豐",0,17,-17
"1507","1570力肯","110/07/14","臺銀-臺南",5,0,5
"1508","1570力肯","110/07/14","日盛-士林",0,10,-10
"1509","1570力肯","110/07/14","凱基-三峽",5,0,5
"1510","1570力肯","110/07/14","統一-員林",0,10,-10
"1511","1570力肯","110/07/14","元大-和平",5,0,5
"1512","1570力肯","110/07/14","國票-新莊",0,10,-10
"1513","1570力肯","110/07/14","合庫-三重",4,0,4
"1514","1570力肯","110/07/14","凱基-高美館",0,10,-10
"1515","1570力肯","110/07/14","瑞士信貸",4,0,4
"1516","1570力肯","110/07/14","元大-屏東民生",0,5,-5
"1517","1570力肯","110/07/14","統一-三多",4,0,4
"1518","1570力肯","110/07/14","元大-古亭",0,5,-5
"1519","1570力肯","110/07/14","華南永昌-古亭",4,0,4
"1520","1570力肯","110/07/14","日盛-木柵",0,4,-4
"1521","1570力肯","110/07/14","元大-高雄",3,0,3
"1522","1570力肯","110/07/14","大昌",0,4,-4
"1523","1570力肯","110/07/14","兆豐-忠孝",2,0,2
"1524","1570力肯","110/07/14","群益金鼎-東大",0,4,-4
"1525","1570力肯","110/07/14","富邦-陽明",2,0,2
"1526","1570力肯","110/07/14","凱基-台北",0,4,-4
"1527","1570力肯","110/07/14","元大-松山",2,0,2
"1528","1570力肯","110/07/14","元大-板橋",0,4,-4
"1529","1570力肯","110/07/14","元大-忠孝",2,0,2
"1530","1570力肯","110/07/14","第一金-中山",0,3,-3
"1531","2929淘帝","110/07/14","華南永昌-林口",60,0,60
"1532","2929淘帝","110/07/14","群益金鼎",25,540,-515
"1533","2929淘帝","110/07/14","美林",87,31,56
"1534","2929淘帝","110/07/14","國泰-台南",1,30,-29
"1535","2929淘帝","110/07/14","元富-台南",40,0,40
"1536","2929淘帝","110/07/14","宏遠-桃園",0,20,-20
"1537","2929淘帝","110/07/14","元大-民生",39,0,39
"1538","2929淘帝","110/07/14","摩根大通",11,31,-20
"1539","2929淘帝","110/07/14","臺銀-鳳山",34,0,34
"1540","2929淘帝","110/07/14","台新-建北",5,20,-15
"1541","2929淘帝","110/07/14","合庫-高雄",34,1,33
"1542","2929淘帝","110/07/14","新光",1,16,-15
"1543","2929淘帝","110/07/14","華南永昌-鶯歌",28,0,28
"1544","2929淘帝","110/07/14","玉山-板橋",0,15,-15
"1545","2929淘帝","110/07/14","永興",25,0,25
"1546","2929淘帝","110/07/14","凱基-羅東",0,15,-15
"1547","2929淘帝","110/07/14","元大-新盛",25,1,24
"1548","2929淘帝","110/07/14","元大-頭份",0,15,-15
"1549","2929淘帝","110/07/14","日盛-南京",23,0,23
"1550","2929淘帝","110/07/14","第一金-台南",0,13,-13
"1551","2929淘帝","110/07/14","日茂",20,0,20
"1552","2929淘帝","110/07/14","富邦-基隆",0,12,-12
"1553","2929淘帝","110/07/14","台新-台中",20,0,20
"1554","2929淘帝","110/07/14","日茂-南投",1,12,-11
"1555","2929淘帝","110/07/14","華南永昌",20,0,20
"1556","2929淘帝","110/07/14","元大-豐原站前",0,11,-11
"1557","2929淘帝","110/07/14","福勝",15,0,15
"1558","2929淘帝","110/07/14","玉山-士林",0,10,-10
"1559","2929淘帝","110/07/14","富邦-南屯",15,0,15
"1560","2929淘帝","110/07/14","富邦-台北",0,10,-10
"1561","5410國眾","110/07/14","兆豐-城中",35,0,35
"1562","5410國眾","110/07/14","瑞士信貸",0,29,-29
"1563","5410國眾","110/07/14","新光",21,1,20
"1564","5410國眾","110/07/14","國泰-板橋",1,30,-29
"1565","5410國眾","110/07/14","國泰-敦南",21,1,20
"1566","5410國眾","110/07/14","日盛-高雄",0,20,-20
"1567","5410國眾","110/07/14","國泰-台中",20,1,19
"1568","5410國眾","110/07/14","台新-左楠",1,20,-19
"1569","5410國眾","110/07/14","元大-崇德",19,0,19
"1570","5410國眾","110/07/14","元富-大昌",1,18,-17
"1571","5410國眾","110/07/14","土銀-士林",18,0,18
"1572","5410國眾","110/07/14","富邦-建國",0,15,-15
"1573","5410國眾","110/07/14","元大-新盛",20,2,18
"1574","5410國眾","110/07/14","元富-嘉義",0,12,-12
"1575","5410國眾","110/07/14","兆豐-高雄",15,0,15
"1576","5410國眾","110/07/14","永全-南崁",0,12,-12
"1577","5410國眾","110/07/14","宏遠-中和",10,0,10
"1578","5410國眾","110/07/14","元大-員林",0,11,-11
"1579","5410國眾","110/07/14","新光-桃園",10,0,10
"1580","5410國眾","110/07/14","高橋",0,10,-10
"1581","5410國眾","110/07/14","國泰-台南",10,0,10
"1582","5410國眾","110/07/14","永興",0,10,-10
"1583","5410國眾","110/07/14","元大-復北",10,0,10
"1584","5410國眾","110/07/14","華南永昌-三重",0,10,-10
"1585","5410國眾","110/07/14","元大-竹科",8,0,8
"1586","5410國眾","110/07/14","元大-苑裡",0,7,-7
"1587","5410國眾","110/07/14","台新-新營",6,0,6
"1588","5410國眾","110/07/14","港商野村",0,6,-6
"1589","5410國眾","110/07/14","日盛-士林",5,0,5
"1590","5410國眾","110/07/14","摩根大通",5,11,-6
"1591","2841台開","110/07/14","凱基-文心",73,0,73
"1592","2841台開","110/07/14","國泰-敦南",0,50,-50
"1593","2841台開","110/07/14","元富-潮州",30,0,30
"1594","2841台開","110/07/14","凱基-中壢",0,40,-40
"1595","2841台開","110/07/14","第一金-台中",20,0,20
"1596","2841台開","110/07/14","統一-新竹",0,24,-24
"1597","2841台開","110/07/14","華南永昌-新莊",20,0,20
"1598","2841台開","110/07/14","元富-草屯",0,20,-20
"1599","2841台開","110/07/14","永豐金-豐原",20,0,20
"1600","2841台開","110/07/14","台新-台南",0,20,-20
"1601","2841台開","110/07/14","國泰-館前",15,0,15
"1602","2841台開","110/07/14","永豐金-敦南",45,63,-18
"1603","2841台開","110/07/14","群益金鼎-基隆",12,0,12
"1604","2841台開","110/07/14","國票-北高雄",0,13,-13
"1605","2841台開","110/07/14","日盛-信義",10,0,10
"1606","2841台開","110/07/14","凱基-松山",0,10,-10
"1607","2841台開","110/07/14","台新-台中",10,0,10
"1608","2841台開","110/07/14","元大證券",0,10,-10
"1609","2841台開","110/07/14","新光",10,1,9
"1610","2841台開","110/07/14","元大-中壢",0,10,-10
"1611","2841台開","110/07/14","凱基-新店",8,0,8
"1612","2841台開","110/07/14","富邦-陽明",1,10,-9
"1613","2841台開","110/07/14","元大-斗信",7,0,7
"1614","2841台開","110/07/14","富邦-建國",0,9,-9
"1615","2841台開","110/07/14","元大-三重",6,0,6
"1616","2841台開","110/07/14","富邦-台南",0,8,-8
"1617","2841台開","110/07/14","永豐金-中和",6,0,6
"1618","2841台開","110/07/14","康和-澎湖",0,7,-7
"1619","2841台開","110/07/14","元富-成功",5,0,5
"1620","2841台開","110/07/14","日盛-斗六",0,6,-6
"1621","6207雷科","110/07/14","群益金鼎-台北",60,0,60
"1622","6207雷科","110/07/14","新加坡商瑞銀",10,56,-46
"1623","6207雷科","110/07/14","台新-高雄",43,3,40
"1624","6207雷科","110/07/14","國票-中和",0,41,-41
"1625","6207雷科","110/07/14","元大-高雄",19,0,19
"1626","6207雷科","110/07/14","元大-復北",0,33,-33
"1627","6207雷科","110/07/14","福勝",15,0,15
"1628","6207雷科","110/07/14","光和-和美",0,20,-20
"1629","6207雷科","110/07/14","群益金鼎-中山",15,0,15
"1630","6207雷科","110/07/14","群益金鼎-丹鳳",0,20,-20
"1631","6207雷科","110/07/14","元大-林園",15,0,15
"1632","6207雷科","110/07/14","第一金-路竹",0,10,-10
"1633","6207雷科","110/07/14","新光",12,0,12
"1634","6207雷科","110/07/14","元大-歸仁",0,10,-10
"1635","6207雷科","110/07/14","元大-大天母",10,0,10
"1636","6207雷科","110/07/14","宏遠-館前",0,9,-9
"1637","6207雷科","110/07/14","永豐金-忠孝",9,0,9
"1638","6207雷科","110/07/14","凱基-台北",12,20,-8
"1639","6207雷科","110/07/14","永豐金-新店",7,0,7
"1640","6207雷科","110/07/14","美林",0,7,-7
"1641","6207雷科","110/07/14","玉山-嘉義",6,0,6
"1642","6207雷科","110/07/14","摩根大通",16,23,-7
"1643","6207雷科","110/07/14","元大-屏東",6,0,6
"1644","6207雷科","110/07/14","凱基-高雄",1,7,-6
"1645","6207雷科","110/07/14","凱基-大安",5,0,5
"1646","6207雷科","110/07/14","台中銀-豐原",0,5,-5
"1647","6207雷科","110/07/14","富邦-台南",5,0,5
"1648","6207雷科","110/07/14","元大-新竹經國",0,5,-5
"1649","6207雷科","110/07/14","元大-成功",5,0,5
"1650","6207雷科","110/07/14","光和-田中",0,4,-4
"1651","3679新至陞","110/07/14","凱基-台北",31,6,25
"1652","3679新至陞","110/07/14","群益金鼎-東大",0,15,-15
"1653","3679新至陞","110/07/14","華南永昌-新莊",10,0,10
"1654","3679新至陞","110/07/14","瑞士信貸",0,12,-12
"1655","3679新至陞","110/07/14","新加坡商瑞銀",11,3,8
"1656","3679新至陞","110/07/14","群益金鼎-永和",0,10,-10
"1657","3679新至陞","110/07/14","美商高盛",6,0,6
"1658","3679新至陞","110/07/14","元大-成功",5,15,-10
"1659","3679新至陞","110/07/14","第一金-中壢",6,0,6
"1660","3679新至陞","110/07/14","統一-板橋",1,10,-9
"1661","3679新至陞","110/07/14","(牛牛牛)亞-網路",4,0,4
"1662","3679新至陞","110/07/14","玉山-左營",0,5,-5
"1663","3679新至陞","110/07/14","元大-六合",3,0,3
"1664","3679新至陞","110/07/14","群益金鼎-三民",0,4,-4
"1665","3679新至陞","110/07/14","合庫-自強",2,0,2
"1666","3679新至陞","110/07/14","富邦-宜蘭",0,4,-4
"1667","3679新至陞","110/07/14","高橋-內壢",2,0,2
"1668","3679新至陞","110/07/14","永豐金-苓雅",0,3,-3
"1669","3679新至陞","110/07/14","台中銀-員林",2,0,2
"1670","3679新至陞","110/07/14","摩根大通",5,7,-2
"1671","3679新至陞","110/07/14","凱基-高美館",2,0,2
"1672","3679新至陞","110/07/14","元大-板橋三民",0,2,-2
"1673","3679新至陞","110/07/14","元大-福營",2,0,2
"1674","3679新至陞","110/07/14","宏遠-中和",0,1,-1
"1675","3679新至陞","110/07/14","永豐金-松山",2,0,2
"1676","3679新至陞","110/07/14","元富-佳里",0,1,-1
"1677","3679新至陞","110/07/14","永豐金-萬盛",2,0,2
"1678","3679新至陞","110/07/14","(牛牛牛)亞-鑫豐",0,1,-1
"1679","3679新至陞","110/07/14","元富-松德",1,0,1
"1680","3679新至陞","110/07/14","中國信託-中壢",0,1,-1
"1681","2727王品","110/07/14","富邦-左營",102,1,101
"1682","2727王品","110/07/14","統一-城中",100,234,-134
"1683","2727王品","110/07/14","國泰-板橋",105,11,94
"1684","2727王品","110/07/14","富邦-台北",1,125,-124
"1685","2727王品","110/07/14","港商野村",149,72,77
"1686","2727王品","110/07/14","台灣摩根士丹利",1,48,-47
"1687","2727王品","110/07/14","合庫-台中",66,2,64
"1688","2727王品","110/07/14","國票-新莊",0,40,-40
"1689","2727王品","110/07/14","臺銀-金山",63,8,55
"1690","2727王品","110/07/14","永豐金-忠孝",2,39,-37
"1691","2727王品","110/07/14","摩根大通",83,39,44
"1692","2727王品","110/07/14","富邦-彰化",1,34,-33
"1693","2727王品","110/07/14","凱基-台北",84,42,42
"1694","2727王品","110/07/14","康和-高雄",0,30,-30
"1695","2727王品","110/07/14","土銀-台中",35,1,34
"1696","2727王品","110/07/14","安泰",0,26,-26
"1697","2727王品","110/07/14","華南永昌-麻豆",32,1,31
"1698","2727王品","110/07/14","富邦-新竹華信",0,21,-21
"1699","2727王品","110/07/14","元大證券",85,55,30
"1700","2727王品","110/07/14","元大-南崁",1,22,-21
"1701","2727王品","110/07/14","新加坡商瑞銀",40,15,25
"1702","2727王品","110/07/14","彰銀-台中",0,18,-18
"1703","2727王品","110/07/14","日盛-八德",19,0,19
"1704","2727王品","110/07/14","元富-同大",2,20,-18
"1705","2727王品","110/07/14","統一",35,17,18
"1706","2727王品","110/07/14","玉山-嘉義",1,17,-16
"1707","2727王品","110/07/14","元富-大昌",18,1,17
"1708","2727王品","110/07/14","國泰-館前",4,20,-16
"1709","2727王品","110/07/14","玉山-板橋",15,1,14
"1710","2727王品","110/07/14","第一金-嘉義",1,13,-12
"1711","1570力肯","110/07/14","國票-北高雄",68,0,68
"1712","1570力肯","110/07/14","摩根大通",0,21,-21
"1713","1570力肯","110/07/14","日盛-八德",30,1,29
"1714","1570力肯","110/07/14","新光",1,19,-18
"1715","1570力肯","110/07/14","玉山-高雄",7,0,7
"1716","1570力肯","110/07/14","(牛牛牛)亞-鑫豐",0,17,-17
"1717","1570力肯","110/07/14","臺銀-臺南",5,0,5
"1718","1570力肯","110/07/14","日盛-士林",0,10,-10
"1719","1570力肯","110/07/14","凱基-三峽",5,0,5
"1720","1570力肯","110/07/14","統一-員林",0,10,-10
"1721","1570力肯","110/07/14","元大-和平",5,0,5
"1722","1570力肯","110/07/14","國票-新莊",0,10,-10
"1723","1570力肯","110/07/14","合庫-三重",4,0,4
"1724","1570力肯","110/07/14","凱基-高美館",0,10,-10
"1725","1570力肯","110/07/14","瑞士信貸",4,0,4
"1726","1570力肯","110/07/14","元大-屏東民生",0,5,-5
"1727","1570力肯","110/07/14","統一-三多",4,0,4
"1728","1570力肯","110/07/14","元大-古亭",0,5,-5
"1729","1570力肯","110/07/14","華南永昌-古亭",4,0,4
"1730","1570力肯","110/07/14","日盛-木柵",0,4,-4
"1731","1570力肯","110/07/14","元大-高雄",3,0,3
"1732","1570力肯","110/07/14","大昌",0,4,-4
"1733","1570力肯","110/07/14","兆豐-忠孝",2,0,2
"1734","1570力肯","110/07/14","群益金鼎-東大",0,4,-4
"1735","1570力肯","110/07/14","富邦-陽明",2,0,2
"1736","1570力肯","110/07/14","凱基-台北",0,4,-4
"1737","1570力肯","110/07/14","元大-松山",2,0,2
"1738","1570力肯","110/07/14","元大-板橋",0,4,-4
"1739","1570力肯","110/07/14","元大-忠孝",2,0,2
"1740","1570力肯","110/07/14","第一金-中山",0,3,-3
"1741","6180橘子","110/07/14","新加坡商瑞銀",84,28,56
"1742","6180橘子","110/07/14","凱基-台北",4,37,-33
"1743","6180橘子","110/07/14","日盛-信義",29,1,28
"1744","6180橘子","110/07/14","玉山-台南",1,22,-21
"1745","6180橘子","110/07/14","豐農",28,4,24
"1746","6180橘子","110/07/14","日盛-新竹",1,21,-20
"1747","6180橘子","110/07/14","新光-新竹",24,1,23
"1748","6180橘子","110/07/14","元富-潮州",0,19,-19
"1749","6180橘子","110/07/14","華南永昌-高雄",20,0,20
"1750","6180橘子","110/07/14","元大-信義",0,17,-17
"1751","6180橘子","110/07/14","元大-羅東",20,0,20
"1752","6180橘子","110/07/14","台灣企銀-台中",1,16,-15
"1753","6180橘子","110/07/14","元大-台中中港",20,0,20
"1754","6180橘子","110/07/14","元大-北港",0,15,-15
"1755","6180橘子","110/07/14","富邦-嘉義",24,5,19
"1756","6180橘子","110/07/14","富邦-高雄",0,14,-14
"1757","6180橘子","110/07/14","富邦-仁愛",15,0,15
"1758","6180橘子","110/07/14","兆豐-埔墘",0,13,-13
"1759","6180橘子","110/07/14","國票-九鼎",13,0,13
"1760","6180橘子","110/07/14","第一金-中山",0,10,-10
"1761","6180橘子","110/07/14","日盛-木柵",12,0,12
"1762","6180橘子","110/07/14","元大-彰化民生",0,10,-10
"1763","6180橘子","110/07/14","元大-成功",10,0,10
"1764","6180橘子","110/07/14","福勝",1,10,-9
"1765","6180橘子","110/07/14","港商野村",10,2,8
"1766","6180橘子","110/07/14","群益金鼎-丹鳳",1,10,-9
"1767","6180橘子","110/07/14","玉山-左營",8,0,8
"1768","6180橘子","110/07/14","群益金鼎-板橋",0,8,-8
"1769","6180橘子","110/07/14","富邦-陽明",16,8,8
"1770","6180橘子","110/07/14","合庫-鳳山",0,7,-7
"1771","2390云辰","110/07/14","摩根大通",995,198,797
"1772","2390云辰","110/07/14","新加坡商瑞銀",28,399,-371
"1773","2390云辰","110/07/14","美林",383,22,361
"1774","2390云辰","110/07/14","凱基-新豐",3,198,-195
"1775","2390云辰","110/07/14","台灣摩根士丹利",684,358,326
"1776","2390云辰","110/07/14","元大-士林",1,152,-151
"1777","2390云辰","110/07/14","凱基-台北",656,402,254
"1778","2390云辰","110/07/14","元大-竹山",80,181,-101
"1779","2390云辰","110/07/14","日盛-和美",110,5,105
"1780","2390云辰","110/07/14","群益金鼎-開元",19,95,-76
"1781","2390云辰","110/07/14","元大-天母",72,0,72
"1782","2390云辰","110/07/14","新光",77,150,-73
"1783","2390云辰","110/07/14","永豐金-松山",57,0,57
"1784","2390云辰","110/07/14","元富-高雄",0,71,-71
"1785","2390云辰","110/07/14","統一-屏東",53,0,53
"1786","2390云辰","110/07/14","元大-土城學府",130,201,-71
"1787","2390云辰","110/07/14","港商野村",486,450,36
"1788","2390云辰","110/07/14","元大-善化",12,76,-64
"1789","2390云辰","110/07/14","致和-崇德",30,0,30
"1790","2390云辰","110/07/14","華南永昌-岡山",23,81,-58
"1791","2390云辰","110/07/14","富邦-台北",40,14,26
"1792","2390云辰","110/07/14","群益金鼎-大興",82,125,-43
"1793","2390云辰","110/07/14","台新-高雄",38,13,25
"1794","2390云辰","110/07/14","大慶-中壢",0,41,-41
"1795","2390云辰","110/07/14","富邦-板橋",32,7,25
"1796","2390云辰","110/07/14","玉山-板橋",6,47,-41
"1797","2390云辰","110/07/14","陽信-石牌",24,0,24
"1798","2390云辰","110/07/14","富邦-台東",2,42,-40
"1799","2390云辰","110/07/14","凱基-屏東",32,8,24
"1800","2390云辰","110/07/14","元大-新營",3,42,-39
"1801","2363矽統","110/07/14","台灣摩根士丹利",463,0,463
"1802","2363矽統","110/07/14","新加坡商瑞銀",568,1321,-753
"1803","2363矽統","110/07/14","台新證券",750,342,408
"1804","2363矽統","110/07/14","瑞士信貸",149,864,-715
"1805","2363矽統","110/07/14","玉山-台中",363,51,312
"1806","2363矽統","110/07/14","台新-屏東",115,380,-265
"1807","2363矽統","110/07/14","元大-斗六",223,25,198
"1808","2363矽統","110/07/14","永豐金證券",16,265,-249
"1809","2363矽統","110/07/14","華南永昌-朴子",208,38,170
"1810","2363矽統","110/07/14","美林",462,701,-239
"1811","2363矽統","110/07/14","元富-西松",169,12,157
"1812","2363矽統","110/07/14","宏遠-桃園",269,500,-231
"1813","2363矽統","110/07/14","永豐金-大園",146,6,140
"1814","2363矽統","110/07/14","凱基-竹北",36,254,-218
"1815","2363矽統","110/07/14","土銀-和平",134,0,134
"1816","2363矽統","110/07/14","港商法國興業",0,214,-214
"1817","2363矽統","110/07/14","富邦-新營",130,13,117
"1818","2363矽統","110/07/14","港商野村",835,1044,-209
"1819","2363矽統","110/07/14","元富-成功",118,11,107
"1820","2363矽統","110/07/14","北城證券",212,411,-199
"1821","2363矽統","110/07/14","元富-烏日",121,18,103
"1822","2363矽統","110/07/14","(牛牛牛)亞-鑫豐",51,241,-190
"1823","2363矽統","110/07/14","日盛-二林",120,18,102
"1824","2363矽統","110/07/14","國票-博愛",24,213,-189
"1825","2363矽統","110/07/14","兆豐-忠孝",98,2,96
"1826","2363矽統","110/07/14","大慶-蘆洲",134,316,-182
"1827","2363矽統","110/07/14","大慶-楊梅",92,3,89
"1828","2363矽統","110/07/14","彰銀-台中",15,193,-178
"1829","2363矽統","110/07/14","元富-三重",120,33,87
"1830","2363矽統","110/07/14","日盛-和美",18,185,-167
"1831","8112至上","110/07/14","新加坡商瑞銀",223,17,206
"1832","8112至上","110/07/14","瑞士信貸",8,170,-162
"1833","8112至上","110/07/14","摩根大通",285,129,156
"1834","8112至上","110/07/14","美林",55,202,-147
"1835","8112至上","110/07/14","花旗環球",124,0,124
"1836","8112至上","110/07/14","凱基-台北",325,436,-111
"1837","8112至上","110/07/14","兆豐-公益",117,4,113
"1838","8112至上","110/07/14","台中銀-台北",0,98,-98
"1839","8112至上","110/07/14","香港上海匯豐",111,0,111
"1840","8112至上","110/07/14","玉山-台大",17,107,-90
"1841","8112至上","110/07/14","永豐金-內湖",117,21,96
"1842","8112至上","110/07/14","康和-內湖",1,90,-89
"1843","8112至上","110/07/14","台灣摩根士丹利",108,16,92
"1844","8112至上","110/07/14","港商野村",21,84,-63
"1845","8112至上","110/07/14","元大-東蘆",77,0,77
"1846","8112至上","110/07/14","兆豐-北高雄",1,60,-59
"1847","8112至上","110/07/14","新光",108,48,60
"1848","8112至上","110/07/14","群益金鼎-海山",1,52,-51
"1849","8112至上","110/07/14","大慶-蘆洲",59,0,59
"1850","8112至上","110/07/14","群益金鼎-大安",0,50,-50
"1851","8112至上","110/07/14","華南永昌-台中",56,3,53
"1852","8112至上","110/07/14","富邦-仁愛",2,49,-47
"1853","8112至上","110/07/14","土銀-嘉義",52,2,50
"1854","8112至上","110/07/14","元大-金華",0,42,-42
"1855","8112至上","110/07/14","美商高盛",40,0,40
"1856","8112至上","110/07/14","元大-內湖",4,43,-39
"1857","8112至上","110/07/14","臺銀",63,29,34
"1858","8112至上","110/07/14","第一金-華江",2,37,-35
"1859","8112至上","110/07/14","元富-嘉義",31,0,31
"1860","8112至上","110/07/14","永豐金-苓雅",2,34,-32
"1861","1570力肯","110/07/14","國票-北高雄",68,0,68
"1862","1570力肯","110/07/14","摩根大通",0,21,-21
"1863","1570力肯","110/07/14","日盛-八德",30,1,29
"1864","1570力肯","110/07/14","新光",1,19,-18
"1865","1570力肯","110/07/14","玉山-高雄",7,0,7
"1866","1570力肯","110/07/14","(牛牛牛)亞-鑫豐",0,17,-17
"1867","1570力肯","110/07/14","臺銀-臺南",5,0,5
"1868","1570力肯","110/07/14","日盛-士林",0,10,-10
"1869","1570力肯","110/07/14","凱基-三峽",5,0,5
"1870","1570力肯","110/07/14","統一-員林",0,10,-10
"1871","1570力肯","110/07/14","元大-和平",5,0,5
"1872","1570力肯","110/07/14","國票-新莊",0,10,-10
"1873","1570力肯","110/07/14","合庫-三重",4,0,4
"1874","1570力肯","110/07/14","凱基-高美館",0,10,-10
"1875","1570力肯","110/07/14","瑞士信貸",4,0,4
"1876","1570力肯","110/07/14","元大-屏東民生",0,5,-5
"1877","1570力肯","110/07/14","統一-三多",4,0,4
"1878","1570力肯","110/07/14","元大-古亭",0,5,-5
"1879","1570力肯","110/07/14","華南永昌-古亭",4,0,4
"1880","1570力肯","110/07/14","日盛-木柵",0,4,-4
"1881","1570力肯","110/07/14","元大-高雄",3,0,3
"1882","1570力肯","110/07/14","大昌",0,4,-4
"1883","1570力肯","110/07/14","兆豐-忠孝",2,0,2
"1884","1570力肯","110/07/14","群益金鼎-東大",0,4,-4
"1885","1570力肯","110/07/14","富邦-陽明",2,0,2
"1886","1570力肯","110/07/14","凱基-台北",0,4,-4
"1887","1570力肯","110/07/14","元大-松山",2,0,2
"1888","1570力肯","110/07/14","元大-板橋",0,4,-4
"1889","1570力肯","110/07/14","元大-忠孝",2,0,2
"1890","1570力肯","110/07/14","第一金-中山",0,3,-3
"1891","2929淘帝","110/07/14","華南永昌-林口",60,0,60
"1892","2929淘帝","110/07/14","群益金鼎",25,540,-515
"1893","2929淘帝","110/07/14","美林",87,31,56
"1894","2929淘帝","110/07/14","國泰-台南",1,30,-29
"1895","2929淘帝","110/07/14","元富-台南",40,0,40
"1896","2929淘帝","110/07/14","宏遠-桃園",0,20,-20
"1897","2929淘帝","110/07/14","元大-民生",39,0,39
"1898","2929淘帝","110/07/14","摩根大通",11,31,-20
"1899","2929淘帝","110/07/14","臺銀-鳳山",34,0,34
"1900","2929淘帝","110/07/14","台新-建北",5,20,-15
"1901","2929淘帝","110/07/14","合庫-高雄",34,1,33
"1902","2929淘帝","110/07/14","新光",1,16,-15
"1903","2929淘帝","110/07/14","華南永昌-鶯歌",28,0,28
"1904","2929淘帝","110/07/14","玉山-板橋",0,15,-15
"1905","2929淘帝","110/07/14","永興",25,0,25
"1906","2929淘帝","110/07/14","凱基-羅東",0,15,-15
"1907","2929淘帝","110/07/14","元大-新盛",25,1,24
"1908","2929淘帝","110/07/14","元大-頭份",0,15,-15
"1909","2929淘帝","110/07/14","日盛-南京",23,0,23
"1910","2929淘帝","110/07/14","第一金-台南",0,13,-13
"1911","2929淘帝","110/07/14","日茂",20,0,20
"1912","2929淘帝","110/07/14","富邦-基隆",0,12,-12
"1913","2929淘帝","110/07/14","台新-台中",20,0,20
"1914","2929淘帝","110/07/14","日茂-南投",1,12,-11
"1915","2929淘帝","110/07/14","華南永昌",20,0,20
"1916","2929淘帝","110/07/14","元大-豐原站前",0,11,-11
"1917","2929淘帝","110/07/14","福勝",15,0,15
"1918","2929淘帝","110/07/14","玉山-士林",0,10,-10
"1919","2929淘帝","110/07/14","富邦-南屯",15,0,15
"1920","2929淘帝","110/07/14","富邦-台北",0,10,-10
"1921","5410國眾","110/07/14","兆豐-城中",35,0,35
"1922","5410國眾","110/07/14","瑞士信貸",0,29,-29
"1923","5410國眾","110/07/14","新光",21,1,20
"1924","5410國眾","110/07/14","國泰-板橋",1,30,-29
"1925","5410國眾","110/07/14","國泰-敦南",21,1,20
"1926","5410國眾","110/07/14","日盛-高雄",0,20,-20
"1927","5410國眾","110/07/14","國泰-台中",20,1,19
"1928","5410國眾","110/07/14","台新-左楠",1,20,-19
"1929","5410國眾","110/07/14","元大-崇德",19,0,19
"1930","5410國眾","110/07/14","元富-大昌",1,18,-17
"1931","5410國眾","110/07/14","土銀-士林",18,0,18
"1932","5410國眾","110/07/14","富邦-建國",0,15,-15
"1933","5410國眾","110/07/14","元大-新盛",20,2,18
"1934","5410國眾","110/07/14","元富-嘉義",0,12,-12
"1935","5410國眾","110/07/14","兆豐-高雄",15,0,15
"1936","5410國眾","110/07/14","永全-南崁",0,12,-12
"1937","5410國眾","110/07/14","宏遠-中和",10,0,10
"1938","5410國眾","110/07/14","元大-員林",0,11,-11
"1939","5410國眾","110/07/14","新光-桃園",10,0,10
"1940","5410國眾","110/07/14","高橋",0,10,-10
"1941","5410國眾","110/07/14","國泰-台南",10,0,10
"1942","5410國眾","110/07/14","永興",0,10,-10
"1943","5410國眾","110/07/14","元大-復北",10,0,10
"1944","5410國眾","110/07/14","華南永昌-三重",0,10,-10
"1945","5410國眾","110/07/14","元大-竹科",8,0,8
"1946","5410國眾","110/07/14","元大-苑裡",0,7,-7
"1947","5410國眾","110/07/14","台新-新營",6,0,6
"1948","5410國眾","110/07/14","港商野村",0,6,-6
"1949","5410國眾","110/07/14","日盛-士林",5,0,5
"1950","5410國眾","110/07/14","摩根大通",5,11,-6
"1951","2841台開","110/07/14","凱基-文心",73,0,73
"1952","2841台開","110/07/14","國泰-敦南",0,50,-50
"1953","2841台開","110/07/14","元富-潮州",30,0,30
"1954","2841台開","110/07/14","凱基-中壢",0,40,-40
"1955","2841台開","110/07/14","第一金-台中",20,0,20
"1956","2841台開","110/07/14","統一-新竹",0,24,-24
"1957","2841台開","110/07/14","華南永昌-新莊",20,0,20
"1958","2841台開","110/07/14","元富-草屯",0,20,-20
"1959","2841台開","110/07/14","永豐金-豐原",20,0,20
"1960","2841台開","110/07/14","台新-台南",0,20,-20
"1961","2841台開","110/07/14","國泰-館前",15,0,15
"1962","2841台開","110/07/14","永豐金-敦南",45,63,-18
"1963","2841台開","110/07/14","群益金鼎-基隆",12,0,12
"1964","2841台開","110/07/14","國票-北高雄",0,13,-13
"1965","2841台開","110/07/14","日盛-信義",10,0,10
"1966","2841台開","110/07/14","凱基-松山",0,10,-10
"1967","2841台開","110/07/14","台新-台中",10,0,10
"1968","2841台開","110/07/14","元大證券",0,10,-10
"1969","2841台開","110/07/14","新光",10,1,9
"1970","2841台開","110/07/14","元大-中壢",0,10,-10
"1971","2841台開","110/07/14","凱基-新店",8,0,8
"1972","2841台開","110/07/14","富邦-陽明",1,10,-9
"1973","2841台開","110/07/14","元大-斗信",7,0,7
"1974","2841台開","110/07/14","富邦-建國",0,9,-9
"1975","2841台開","110/07/14","元大-三重",6,0,6
"1976","2841台開","110/07/14","富邦-台南",0,8,-8
"1977","2841台開","110/07/14","永豐金-中和",6,0,6
"1978","2841台開","110/07/14","康和-澎湖",0,7,-7
"1979","2841台開","110/07/14","元富-成功",5,0,5
"1980","2841台開","110/07/14","日盛-斗六",0,6,-6
"1981","6207雷科","110/07/14","群益金鼎-台北",60,0,60
"1982","6207雷科","110/07/14","新加坡商瑞銀",10,56,-46
"1983","6207雷科","110/07/14","台新-高雄",43,3,40
"1984","6207雷科","110/07/14","國票-中和",0,41,-41
"1985","6207雷科","110/07/14","元大-高雄",19,0,19
"1986","6207雷科","110/07/14","元大-復北",0,33,-33
"1987","6207雷科","110/07/14","福勝",15,0,15
"1988","6207雷科","110/07/14","光和-和美",0,20,-20
"1989","6207雷科","110/07/14","群益金鼎-中山",15,0,15
"1990","6207雷科","110/07/14","群益金鼎-丹鳳",0,20,-20
"1991","6207雷科","110/07/14","元大-林園",15,0,15
"1992","6207雷科","110/07/14","第一金-路竹",0,10,-10
"1993","6207雷科","110/07/14","新光",12,0,12
"1994","6207雷科","110/07/14","元大-歸仁",0,10,-10
"1995","6207雷科","110/07/14","元大-大天母",10,0,10
"1996","6207雷科","110/07/14","宏遠-館前",0,9,-9
"1997","6207雷科","110/07/14","永豐金-忠孝",9,0,9
"1998","6207雷科","110/07/14","凱基-台北",12,20,-8
"1999","6207雷科","110/07/14","永豐金-新店",7,0,7
"2000","6207雷科","110/07/14","美林",0,7,-7
"2001","6207雷科","110/07/14","玉山-嘉義",6,0,6
"2002","6207雷科","110/07/14","摩根大通",16,23,-7
"2003","6207雷科","110/07/14","元大-屏東",6,0,6
"2004","6207雷科","110/07/14","凱基-高雄",1,7,-6
"2005","6207雷科","110/07/14","凱基-大安",5,0,5
"2006","6207雷科","110/07/14","台中銀-豐原",0,5,-5
"2007","6207雷科","110/07/14","富邦-台南",5,0,5
"2008","6207雷科","110/07/14","元大-新竹經國",0,5,-5
"2009","6207雷科","110/07/14","元大-成功",5,0,5
"2010","6207雷科","110/07/14","光和-田中",0,4,-4
"2011","3679新至陞","110/07/14","凱基-台北",31,6,25
"2012","3679新至陞","110/07/14","群益金鼎-東大",0,15,-15
"2013","3679新至陞","110/07/14","華南永昌-新莊",10,0,10
"2014","3679新至陞","110/07/14","瑞士信貸",0,12,-12
"2015","3679新至陞","110/07/14","新加坡商瑞銀",11,3,8
"2016","3679新至陞","110/07/14","群益金鼎-永和",0,10,-10
"2017","3679新至陞","110/07/14","美商高盛",6,0,6
"2018","3679新至陞","110/07/14","元大-成功",5,15,-10
"2019","3679新至陞","110/07/14","第一金-中壢",6,0,6
"2020","3679新至陞","110/07/14","統一-板橋",1,10,-9
"2021","3679新至陞","110/07/14","(牛牛牛)亞-網路",4,0,4
"2022","3679新至陞","110/07/14","玉山-左營",0,5,-5
"2023","3679新至陞","110/07/14","元大-六合",3,0,3
"2024","3679新至陞","110/07/14","群益金鼎-三民",0,4,-4
"2025","3679新至陞","110/07/14","合庫-自強",2,0,2
"2026","3679新至陞","110/07/14","富邦-宜蘭",0,4,-4
"2027","3679新至陞","110/07/14","高橋-內壢",2,0,2
"2028","3679新至陞","110/07/14","永豐金-苓雅",0,3,-3
"2029","3679新至陞","110/07/14","台中銀-員林",2,0,2
"2030","3679新至陞","110/07/14","摩根大通",5,7,-2
"2031","3679新至陞","110/07/14","凱基-高美館",2,0,2
"2032","3679新至陞","110/07/14","元大-板橋三民",0,2,-2
"2033","3679新至陞","110/07/14","元大-福營",2,0,2
"2034","3679新至陞","110/07/14","宏遠-中和",0,1,-1
"2035","3679新至陞","110/07/14","永豐金-松山",2,0,2
"2036","3679新至陞","110/07/14","元富-佳里",0,1,-1
"2037","3679新至陞","110/07/14","永豐金-萬盛",2,0,2
"2038","3679新至陞","110/07/14","(牛牛牛)亞-鑫豐",0,1,-1
"2039","3679新至陞","110/07/14","元富-松德",1,0,1
"2040","3679新至陞","110/07/14","中國信託-中壢",0,1,-1
"2041","2727王品","110/07/14","富邦-左營",102,1,101
"2042","2727王品","110/07/14","統一-城中",100,234,-134
"2043","2727王品","110/07/14","國泰-板橋",105,11,94
"2044","2727王品","110/07/14","富邦-台北",1,125,-124
"2045","2727王品","110/07/14","港商野村",149,72,77
"2046","2727王品","110/07/14","台灣摩根士丹利",1,48,-47
"2047","2727王品","110/07/14","合庫-台中",66,2,64
"2048","2727王品","110/07/14","國票-新莊",0,40,-40
"2049","2727王品","110/07/14","臺銀-金山",63,8,55
"2050","2727王品","110/07/14","永豐金-忠孝",2,39,-37
"2051","2727王品","110/07/14","摩根大通",83,39,44
"2052","2727王品","110/07/14","富邦-彰化",1,34,-33
"2053","2727王品","110/07/14","凱基-台北",84,42,42
"2054","2727王品","110/07/14","康和-高雄",0,30,-30
"2055","2727王品","110/07/14","土銀-台中",35,1,34
"2056","2727王品","110/07/14","安泰",0,26,-26
"2057","2727王品","110/07/14","華南永昌-麻豆",32,1,31
"2058","2727王品","110/07/14","富邦-新竹華信",0,21,-21
"2059","2727王品","110/07/14","元大證券",85,55,30
"2060","2727王品","110/07/14","元大-南崁",1,22,-21
"2061","2727王品","110/07/14","新加坡商瑞銀",40,15,25
"2062","2727王品","110/07/14","彰銀-台中",0,18,-18
"2063","2727王品","110/07/14","日盛-八德",19,0,19
"2064","2727王品","110/07/14","元富-同大",2,20,-18
"2065","2727王品","110/07/14","統一",35,17,18
"2066","2727王品","110/07/14","玉山-嘉義",1,17,-16
"2067","2727王品","110/07/14","元富-大昌",18,1,17
"2068","2727王品","110/07/14","國泰-館前",4,20,-16
"2069","2727王品","110/07/14","玉山-板橋",15,1,14
"2070","2727王品","110/07/14","第一金-嘉義",1,13,-12
"2071","1570力肯","110/07/14","國票-北高雄",68,0,68
"2072","1570力肯","110/07/14","摩根大通",0,21,-21
"2073","1570力肯","110/07/14","日盛-八德",30,1,29
"2074","1570力肯","110/07/14","新光",1,19,-18
"2075","1570力肯","110/07/14","玉山-高雄",7,0,7
"2076","1570力肯","110/07/14","(牛牛牛)亞-鑫豐",0,17,-17
"2077","1570力肯","110/07/14","臺銀-臺南",5,0,5
"2078","1570力肯","110/07/14","日盛-士林",0,10,-10
"2079","1570力肯","110/07/14","凱基-三峽",5,0,5
"2080","1570力肯","110/07/14","統一-員林",0,10,-10
"2081","1570力肯","110/07/14","元大-和平",5,0,5
"2082","1570力肯","110/07/14","國票-新莊",0,10,-10
"2083","1570力肯","110/07/14","合庫-三重",4,0,4
"2084","1570力肯","110/07/14","凱基-高美館",0,10,-10
"2085","1570力肯","110/07/14","瑞士信貸",4,0,4
"2086","1570力肯","110/07/14","元大-屏東民生",0,5,-5
"2087","1570力肯","110/07/14","統一-三多",4,0,4
"2088","1570力肯","110/07/14","元大-古亭",0,5,-5
"2089","1570力肯","110/07/14","華南永昌-古亭",4,0,4
"2090","1570力肯","110/07/14","日盛-木柵",0,4,-4
"2091","1570力肯","110/07/14","元大-高雄",3,0,3
"2092","1570力肯","110/07/14","大昌",0,4,-4
"2093","1570力肯","110/07/14","兆豐-忠孝",2,0,2
"2094","1570力肯","110/07/14","群益金鼎-東大",0,4,-4
"2095","1570力肯","110/07/14","富邦-陽明",2,0,2
"2096","1570力肯","110/07/14","凱基-台北",0,4,-4
"2097","1570力肯","110/07/14","元大-松山",2,0,2
"2098","1570力肯","110/07/14","元大-板橋",0,4,-4
"2099","1570力肯","110/07/14","元大-忠孝",2,0,2
"2100","1570力肯","110/07/14","第一金-中山",0,3,-3
"2101","6180橘子","110/07/14","新加坡商瑞銀",84,28,56
"2102","6180橘子","110/07/14","凱基-台北",4,37,-33
"2103","6180橘子","110/07/14","日盛-信義",29,1,28
"2104","6180橘子","110/07/14","玉山-台南",1,22,-21
"2105","6180橘子","110/07/14","豐農",28,4,24
"2106","6180橘子","110/07/14","日盛-新竹",1,21,-20
"2107","6180橘子","110/07/14","新光-新竹",24,1,23
"2108","6180橘子","110/07/14","元富-潮州",0,19,-19
"2109","6180橘子","110/07/14","華南永昌-高雄",20,0,20
"2110","6180橘子","110/07/14","元大-信義",0,17,-17
"2111","6180橘子","110/07/14","元大-羅東",20,0,20
"2112","6180橘子","110/07/14","台灣企銀-台中",1,16,-15
"2113","6180橘子","110/07/14","元大-台中中港",20,0,20
"2114","6180橘子","110/07/14","元大-北港",0,15,-15
"2115","6180橘子","110/07/14","富邦-嘉義",24,5,19
"2116","6180橘子","110/07/14","富邦-高雄",0,14,-14
"2117","6180橘子","110/07/14","富邦-仁愛",15,0,15
"2118","6180橘子","110/07/14","兆豐-埔墘",0,13,-13
"2119","6180橘子","110/07/14","國票-九鼎",13,0,13
"2120","6180橘子","110/07/14","第一金-中山",0,10,-10
"2121","6180橘子","110/07/14","日盛-木柵",12,0,12
"2122","6180橘子","110/07/14","元大-彰化民生",0,10,-10
"2123","6180橘子","110/07/14","元大-成功",10,0,10
"2124","6180橘子","110/07/14","福勝",1,10,-9
"2125","6180橘子","110/07/14","港商野村",10,2,8
"2126","6180橘子","110/07/14","群益金鼎-丹鳳",1,10,-9
"2127","6180橘子","110/07/14","玉山-左營",8,0,8
"2128","6180橘子","110/07/14","群益金鼎-板橋",0,8,-8
"2129","6180橘子","110/07/14","富邦-陽明",16,8,8
"2130","6180橘子","110/07/14","合庫-鳳山",0,7,-7
"2131","2390云辰","110/07/14","摩根大通",995,198,797
"2132","2390云辰","110/07/14","新加坡商瑞銀",28,399,-371
"2133","2390云辰","110/07/14","美林",383,22,361
"2134","2390云辰","110/07/14","凱基-新豐",3,198,-195
"2135","2390云辰","110/07/14","台灣摩根士丹利",684,358,326
"2136","2390云辰","110/07/14","元大-士林",1,152,-151
"2137","2390云辰","110/07/14","凱基-台北",656,402,254
"2138","2390云辰","110/07/14","元大-竹山",80,181,-101
"2139","2390云辰","110/07/14","日盛-和美",110,5,105
"2140","2390云辰","110/07/14","群益金鼎-開元",19,95,-76
"2141","2390云辰","110/07/14","元大-天母",72,0,72
"2142","2390云辰","110/07/14","新光",77,150,-73
"2143","2390云辰","110/07/14","永豐金-松山",57,0,57
"2144","2390云辰","110/07/14","元富-高雄",0,71,-71
"2145","2390云辰","110/07/14","統一-屏東",53,0,53
"2146","2390云辰","110/07/14","元大-土城學府",130,201,-71
"2147","2390云辰","110/07/14","港商野村",486,450,36
"2148","2390云辰","110/07/14","元大-善化",12,76,-64
"2149","2390云辰","110/07/14","致和-崇德",30,0,30
"2150","2390云辰","110/07/14","華南永昌-岡山",23,81,-58
"2151","2390云辰","110/07/14","富邦-台北",40,14,26
"2152","2390云辰","110/07/14","群益金鼎-大興",82,125,-43
"2153","2390云辰","110/07/14","台新-高雄",38,13,25
"2154","2390云辰","110/07/14","大慶-中壢",0,41,-41
"2155","2390云辰","110/07/14","富邦-板橋",32,7,25
"2156","2390云辰","110/07/14","玉山-板橋",6,47,-41
"2157","2390云辰","110/07/14","陽信-石牌",24,0,24
"2158","2390云辰","110/07/14","富邦-台東",2,42,-40
"2159","2390云辰","110/07/14","凱基-屏東",32,8,24
"2160","2390云辰","110/07/14","元大-新營",3,42,-39
"2161","2363矽統","110/07/14","台灣摩根士丹利",463,0,463
"2162","2363矽統","110/07/14","新加坡商瑞銀",568,1321,-753
"2163","2363矽統","110/07/14","台新證券",750,342,408
"2164","2363矽統","110/07/14","瑞士信貸",149,864,-715
"2165","2363矽統","110/07/14","玉山-台中",363,51,312
"2166","2363矽統","110/07/14","台新-屏東",115,380,-265
"2167","2363矽統","110/07/14","元大-斗六",223,25,198
"2168","2363矽統","110/07/14","永豐金證券",16,265,-249
"2169","2363矽統","110/07/14","華南永昌-朴子",208,38,170
"2170","2363矽統","110/07/14","美林",462,701,-239
"2171","2363矽統","110/07/14","元富-西松",169,12,157
"2172","2363矽統","110/07/14","宏遠-桃園",269,500,-231
"2173","2363矽統","110/07/14","永豐金-大園",146,6,140
"2174","2363矽統","110/07/14","凱基-竹北",36,254,-218
"2175","2363矽統","110/07/14","土銀-和平",134,0,134
"2176","2363矽統","110/07/14","港商法國興業",0,214,-214
"2177","2363矽統","110/07/14","富邦-新營",130,13,117
"2178","2363矽統","110/07/14","港商野村",835,1044,-209
"2179","2363矽統","110/07/14","元富-成功",118,11,107
"2180","2363矽統","110/07/14","北城證券",212,411,-199
"2181","2363矽統","110/07/14","元富-烏日",121,18,103
"2182","2363矽統","110/07/14","(牛牛牛)亞-鑫豐",51,241,-190
"2183","2363矽統","110/07/14","日盛-二林",120,18,102
"2184","2363矽統","110/07/14","國票-博愛",24,213,-189
"2185","2363矽統","110/07/14","兆豐-忠孝",98,2,96
"2186","2363矽統","110/07/14","大慶-蘆洲",134,316,-182
"2187","2363矽統","110/07/14","大慶-楊梅",92,3,89
"2188","2363矽統","110/07/14","彰銀-台中",15,193,-178
"2189","2363矽統","110/07/14","元富-三重",120,33,87
"2190","2363矽統","110/07/14","日盛-和美",18,185,-167
"2191","8112至上","110/07/14","新加坡商瑞銀",223,17,206
"2192","8112至上","110/07/14","瑞士信貸",8,170,-162
"2193","8112至上","110/07/14","摩根大通",285,129,156
"2194","8112至上","110/07/14","美林",55,202,-147
"2195","8112至上","110/07/14","花旗環球",124,0,124
"2196","8112至上","110/07/14","凱基-台北",325,436,-111
"2197","8112至上","110/07/14","兆豐-公益",117,4,113
"2198","8112至上","110/07/14","台中銀-台北",0,98,-98
"2199","8112至上","110/07/14","香港上海匯豐",111,0,111
"2200","8112至上","110/07/14","玉山-台大",17,107,-90
"2201","8112至上","110/07/14","永豐金-內湖",117,21,96
"2202","8112至上","110/07/14","康和-內湖",1,90,-89
"2203","8112至上","110/07/14","台灣摩根士丹利",108,16,92
"2204","8112至上","110/07/14","港商野村",21,84,-63
"2205","8112至上","110/07/14","元大-東蘆",77,0,77
"2206","8112至上","110/07/14","兆豐-北高雄",1,60,-59
"2207","8112至上","110/07/14","新光",108,48,60
"2208","8112至上","110/07/14","群益金鼎-海山",1,52,-51
"2209","8112至上","110/07/14","大慶-蘆洲",59,0,59
"2210","8112至上","110/07/14","群益金鼎-大安",0,50,-50
"2211","8112至上","110/07/14","華南永昌-台中",56,3,53
"2212","8112至上","110/07/14","富邦-仁愛",2,49,-47
"2213","8112至上","110/07/14","土銀-嘉義",52,2,50
"2214","8112至上","110/07/14","元大-金華",0,42,-42
"2215","8112至上","110/07/14","美商高盛",40,0,40
"2216","8112至上","110/07/14","元大-內湖",4,43,-39
"2217","8112至上","110/07/14","臺銀",63,29,34
"2218","8112至上","110/07/14","第一金-華江",2,37,-35
"2219","8112至上","110/07/14","元富-嘉義",31,0,31
"2220","8112至上","110/07/14","永豐金-苓雅",2,34,-32
"2221","1570力肯","110/07/14","國票-北高雄",68,0,68
"2222","1570力肯","110/07/14","摩根大通",0,21,-21
"2223","1570力肯","110/07/14","日盛-八德",30,1,29
"2224","1570力肯","110/07/14","新光",1,19,-18
"2225","1570力肯","110/07/14","玉山-高雄",7,0,7
"2226","1570力肯","110/07/14","(牛牛牛)亞-鑫豐",0,17,-17
"2227","1570力肯","110/07/14","臺銀-臺南",5,0,5
"2228","1570力肯","110/07/14","日盛-士林",0,10,-10
"2229","1570力肯","110/07/14","凱基-三峽",5,0,5
"2230","1570力肯","110/07/14","統一-員林",0,10,-10
"2231","1570力肯","110/07/14","元大-和平",5,0,5
"2232","1570力肯","110/07/14","國票-新莊",0,10,-10
"2233","1570力肯","110/07/14","合庫-三重",4,0,4
"2234","1570力肯","110/07/14","凱基-高美館",0,10,-10
"2235","1570力肯","110/07/14","瑞士信貸",4,0,4
"2236","1570力肯","110/07/14","元大-屏東民生",0,5,-5
"2237","1570力肯","110/07/14","統一-三多",4,0,4
"2238","1570力肯","110/07/14","元大-古亭",0,5,-5
"2239","1570力肯","110/07/14","華南永昌-古亭",4,0,4
"2240","1570力肯","110/07/14","日盛-木柵",0,4,-4
"2241","1570力肯","110/07/14","元大-高雄",3,0,3
"2242","1570力肯","110/07/14","大昌",0,4,-4
"2243","1570力肯","110/07/14","兆豐-忠孝",2,0,2
"2244","1570力肯","110/07/14","群益金鼎-東大",0,4,-4
"2245","1570力肯","110/07/14","富邦-陽明",2,0,2
"2246","1570力肯","110/07/14","凱基-台北",0,4,-4
"2247","1570力肯","110/07/14","元大-松山",2,0,2
"2248","1570力肯","110/07/14","元大-板橋",0,4,-4
"2249","1570力肯","110/07/14","元大-忠孝",2,0,2
"2250","1570力肯","110/07/14","第一金-中山",0,3,-3
"2251","2929淘帝","110/07/14","華南永昌-林口",60,0,60
"2252","2929淘帝","110/07/14","群益金鼎",25,540,-515
"2253","2929淘帝","110/07/14","美林",87,31,56
"2254","2929淘帝","110/07/14","國泰-台南",1,30,-29
"2255","2929淘帝","110/07/14","元富-台南",40,0,40
"2256","2929淘帝","110/07/14","宏遠-桃園",0,20,-20
"2257","2929淘帝","110/07/14","元大-民生",39,0,39
"2258","2929淘帝","110/07/14","摩根大通",11,31,-20
"2259","2929淘帝","110/07/14","臺銀-鳳山",34,0,34
"2260","2929淘帝","110/07/14","台新-建北",5,20,-15
"2261","2929淘帝","110/07/14","合庫-高雄",34,1,33
"2262","2929淘帝","110/07/14","新光",1,16,-15
"2263","2929淘帝","110/07/14","華南永昌-鶯歌",28,0,28
"2264","2929淘帝","110/07/14","玉山-板橋",0,15,-15
"2265","2929淘帝","110/07/14","永興",25,0,25
"2266","2929淘帝","110/07/14","凱基-羅東",0,15,-15
"2267","2929淘帝","110/07/14","元大-新盛",25,1,24
"2268","2929淘帝","110/07/14","元大-頭份",0,15,-15
"2269","2929淘帝","110/07/14","日盛-南京",23,0,23
"2270","2929淘帝","110/07/14","第一金-台南",0,13,-13
"2271","2929淘帝","110/07/14","日茂",20,0,20
"2272","2929淘帝","110/07/14","富邦-基隆",0,12,-12
"2273","2929淘帝","110/07/14","台新-台中",20,0,20
"2274","2929淘帝","110/07/14","日茂-南投",1,12,-11
"2275","2929淘帝","110/07/14","華南永昌",20,0,20
"2276","2929淘帝","110/07/14","元大-豐原站前",0,11,-11
"2277","2929淘帝","110/07/14","福勝",15,0,15
"2278","2929淘帝","110/07/14","玉山-士林",0,10,-10
"2279","2929淘帝","110/07/14","富邦-南屯",15,0,15
"2280","2929淘帝","110/07/14","富邦-台北",0,10,-10
"2281","5410國眾","110/07/14","兆豐-城中",35,0,35
"2282","5410國眾","110/07/14","瑞士信貸",0,29,-29
"2283","5410國眾","110/07/14","新光",21,1,20
"2284","5410國眾","110/07/14","國泰-板橋",1,30,-29
"2285","5410國眾","110/07/14","國泰-敦南",21,1,20
"2286","5410國眾","110/07/14","日盛-高雄",0,20,-20
"2287","5410國眾","110/07/14","國泰-台中",20,1,19
"2288","5410國眾","110/07/14","台新-左楠",1,20,-19
"2289","5410國眾","110/07/14","元大-崇德",19,0,19
"2290","5410國眾","110/07/14","元富-大昌",1,18,-17
"2291","5410國眾","110/07/14","土銀-士林",18,0,18
"2292","5410國眾","110/07/14","富邦-建國",0,15,-15
"2293","5410國眾","110/07/14","元大-新盛",20,2,18
"2294","5410國眾","110/07/14","元富-嘉義",0,12,-12
"2295","5410國眾","110/07/14","兆豐-高雄",15,0,15
"2296","5410國眾","110/07/14","永全-南崁",0,12,-12
"2297","5410國眾","110/07/14","宏遠-中和",10,0,10
"2298","5410國眾","110/07/14","元大-員林",0,11,-11
"2299","5410國眾","110/07/14","新光-桃園",10,0,10
"2300","5410國眾","110/07/14","高橋",0,10,-10
"2301","5410國眾","110/07/14","國泰-台南",10,0,10
"2302","5410國眾","110/07/14","永興",0,10,-10
"2303","5410國眾","110/07/14","元大-復北",10,0,10
"2304","5410國眾","110/07/14","華南永昌-三重",0,10,-10
"2305","5410國眾","110/07/14","元大-竹科",8,0,8
"2306","5410國眾","110/07/14","元大-苑裡",0,7,-7
"2307","5410國眾","110/07/14","台新-新營",6,0,6
"2308","5410國眾","110/07/14","港商野村",0,6,-6
"2309","5410國眾","110/07/14","日盛-士林",5,0,5
"2310","5410國眾","110/07/14","摩根大通",5,11,-6
"2311","2841台開","110/07/14","凱基-文心",73,0,73
"2312","2841台開","110/07/14","國泰-敦南",0,50,-50
"2313","2841台開","110/07/14","元富-潮州",30,0,30
"2314","2841台開","110/07/14","凱基-中壢",0,40,-40
"2315","2841台開","110/07/14","第一金-台中",20,0,20
"2316","2841台開","110/07/14","統一-新竹",0,24,-24
"2317","2841台開","110/07/14","華南永昌-新莊",20,0,20
"2318","2841台開","110/07/14","元富-草屯",0,20,-20
"2319","2841台開","110/07/14","永豐金-豐原",20,0,20
"2320","2841台開","110/07/14","台新-台南",0,20,-20
"2321","2841台開","110/07/14","國泰-館前",15,0,15
"2322","2841台開","110/07/14","永豐金-敦南",45,63,-18
"2323","2841台開","110/07/14","群益金鼎-基隆",12,0,12
"2324","2841台開","110/07/14","國票-北高雄",0,13,-13
"2325","2841台開","110/07/14","日盛-信義",10,0,10
"2326","2841台開","110/07/14","凱基-松山",0,10,-10
"2327","2841台開","110/07/14","台新-台中",10,0,10
"2328","2841台開","110/07/14","元大證券",0,10,-10
"2329","2841台開","110/07/14","新光",10,1,9
"2330","2841台開","110/07/14","元大-中壢",0,10,-10
"2331","2841台開","110/07/14","凱基-新店",8,0,8
"2332","2841台開","110/07/14","富邦-陽明",1,10,-9
"2333","2841台開","110/07/14","元大-斗信",7,0,7
"2334","2841台開","110/07/14","富邦-建國",0,9,-9
"2335","2841台開","110/07/14","元大-三重",6,0,6
"2336","2841台開","110/07/14","富邦-台南",0,8,-8
"2337","2841台開","110/07/14","永豐金-中和",6,0,6
"2338","2841台開","110/07/14","康和-澎湖",0,7,-7
"2339","2841台開","110/07/14","元富-成功",5,0,5
"2340","2841台開","110/07/14","日盛-斗六",0,6,-6
"2341","6207雷科","110/07/14","群益金鼎-台北",60,0,60
"2342","6207雷科","110/07/14","新加坡商瑞銀",10,56,-46
"2343","6207雷科","110/07/14","台新-高雄",43,3,40
"2344","6207雷科","110/07/14","國票-中和",0,41,-41
"2345","6207雷科","110/07/14","元大-高雄",19,0,19
"2346","6207雷科","110/07/14","元大-復北",0,33,-33
"2347","6207雷科","110/07/14","福勝",15,0,15
"2348","6207雷科","110/07/14","光和-和美",0,20,-20
"2349","6207雷科","110/07/14","群益金鼎-中山",15,0,15
"2350","6207雷科","110/07/14","群益金鼎-丹鳳",0,20,-20
"2351","6207雷科","110/07/14","元大-林園",15,0,15
"2352","6207雷科","110/07/14","第一金-路竹",0,10,-10
"2353","6207雷科","110/07/14","新光",12,0,12
"2354","6207雷科","110/07/14","元大-歸仁",0,10,-10
"2355","6207雷科","110/07/14","元大-大天母",10,0,10
"2356","6207雷科","110/07/14","宏遠-館前",0,9,-9
"2357","6207雷科","110/07/14","永豐金-忠孝",9,0,9
"2358","6207雷科","110/07/14","凱基-台北",12,20,-8
"2359","6207雷科","110/07/14","永豐金-新店",7,0,7
"2360","6207雷科","110/07/14","美林",0,7,-7
"2361","6207雷科","110/07/14","玉山-嘉義",6,0,6
"2362","6207雷科","110/07/14","摩根大通",16,23,-7
"2363","6207雷科","110/07/14","元大-屏東",6,0,6
"2364","6207雷科","110/07/14","凱基-高雄",1,7,-6
"2365","6207雷科","110/07/14","凱基-大安",5,0,5
"2366","6207雷科","110/07/14","台中銀-豐原",0,5,-5
"2367","6207雷科","110/07/14","富邦-台南",5,0,5
"2368","6207雷科","110/07/14","元大-新竹經國",0,5,-5
"2369","6207雷科","110/07/14","元大-成功",5,0,5
"2370","6207雷科","110/07/14","光和-田中",0,4,-4
"2371","3679新至陞","110/07/14","凱基-台北",31,6,25
"2372","3679新至陞","110/07/14","群益金鼎-東大",0,15,-15
"2373","3679新至陞","110/07/14","華南永昌-新莊",10,0,10
"2374","3679新至陞","110/07/14","瑞士信貸",0,12,-12
"2375","3679新至陞","110/07/14","新加坡商瑞銀",11,3,8
"2376","3679新至陞","110/07/14","群益金鼎-永和",0,10,-10
"2377","3679新至陞","110/07/14","美商高盛",6,0,6
"2378","3679新至陞","110/07/14","元大-成功",5,15,-10
"2379","3679新至陞","110/07/14","第一金-中壢",6,0,6
"2380","3679新至陞","110/07/14","統一-板橋",1,10,-9
"2381","3679新至陞","110/07/14","(牛牛牛)亞-網路",4,0,4
"2382","3679新至陞","110/07/14","玉山-左營",0,5,-5
"2383","3679新至陞","110/07/14","元大-六合",3,0,3
"2384","3679新至陞","110/07/14","群益金鼎-三民",0,4,-4
"2385","3679新至陞","110/07/14","合庫-自強",2,0,2
"2386","3679新至陞","110/07/14","富邦-宜蘭",0,4,-4
"2387","3679新至陞","110/07/14","高橋-內壢",2,0,2
"2388","3679新至陞","110/07/14","永豐金-苓雅",0,3,-3
"2389","3679新至陞","110/07/14","台中銀-員林",2,0,2
"2390","3679新至陞","110/07/14","摩根大通",5,7,-2
"2391","3679新至陞","110/07/14","凱基-高美館",2,0,2
"2392","3679新至陞","110/07/14","元大-板橋三民",0,2,-2
"2393","3679新至陞","110/07/14","元大-福營",2,0,2
"2394","3679新至陞","110/07/14","宏遠-中和",0,1,-1
"2395","3679新至陞","110/07/14","永豐金-松山",2,0,2
"2396","3679新至陞","110/07/14","元富-佳里",0,1,-1
"2397","3679新至陞","110/07/14","永豐金-萬盛",2,0,2
"2398","3679新至陞","110/07/14","(牛牛牛)亞-鑫豐",0,1,-1
"2399","3679新至陞","110/07/14","元富-松德",1,0,1
"2400","3679新至陞","110/07/14","中國信託-中壢",0,1,-1
"2401","2727王品","110/07/14","富邦-左營",102,1,101
"2402","2727王品","110/07/14","統一-城中",100,234,-134
"2403","2727王品","110/07/14","國泰-板橋",105,11,94
"2404","2727王品","110/07/14","富邦-台北",1,125,-124
"2405","2727王品","110/07/14","港商野村",149,72,77
"2406","2727王品","110/07/14","台灣摩根士丹利",1,48,-47
"2407","2727王品","110/07/14","合庫-台中",66,2,64
"2408","2727王品","110/07/14","國票-新莊",0,40,-40
"2409","2727王品","110/07/14","臺銀-金山",63,8,55
"2410","2727王品","110/07/14","永豐金-忠孝",2,39,-37
"2411","2727王品","110/07/14","摩根大通",83,39,44
"2412","2727王品","110/07/14","富邦-彰化",1,34,-33
"2413","2727王品","110/07/14","凱基-台北",84,42,42
"2414","2727王品","110/07/14","康和-高雄",0,30,-30
"2415","2727王品","110/07/14","土銀-台中",35,1,34
"2416","2727王品","110/07/14","安泰",0,26,-26
"2417","2727王品","110/07/14","華南永昌-麻豆",32,1,31
"2418","2727王品","110/07/14","富邦-新竹華信",0,21,-21
"2419","2727王品","110/07/14","元大證券",85,55,30
"2420","2727王品","110/07/14","元大-南崁",1,22,-21
"2421","2727王品","110/07/14","新加坡商瑞銀",40,15,25
"2422","2727王品","110/07/14","彰銀-台中",0,18,-18
"2423","2727王品","110/07/14","日盛-八德",19,0,19
"2424","2727王品","110/07/14","元富-同大",2,20,-18
"2425","2727王品","110/07/14","統一",35,17,18
"2426","2727王品","110/07/14","玉山-嘉義",1,17,-16
"2427","2727王品","110/07/14","元富-大昌",18,1,17
"2428","2727王品","110/07/14","國泰-館前",4,20,-16
"2429","2727王品","110/07/14","玉山-板橋",15,1,14
"2430","2727王品","110/07/14","第一金-嘉義",1,13,-12
"2431","1570力肯","110/07/14","國票-北高雄",68,0,68
"2432","1570力肯","110/07/14","摩根大通",0,21,-21
"2433","1570力肯","110/07/14","日盛-八德",30,1,29
"2434","1570力肯","110/07/14","新光",1,19,-18
"2435","1570力肯","110/07/14","玉山-高雄",7,0,7
"2436","1570力肯","110/07/14","(牛牛牛)亞-鑫豐",0,17,-17
"2437","1570力肯","110/07/14","臺銀-臺南",5,0,5
"2438","1570力肯","110/07/14","日盛-士林",0,10,-10
"2439","1570力肯","110/07/14","凱基-三峽",5,0,5
"2440","1570力肯","110/07/14","統一-員林",0,10,-10
"2441","1570力肯","110/07/14","元大-和平",5,0,5
"2442","1570力肯","110/07/14","國票-新莊",0,10,-10
"2443","1570力肯","110/07/14","合庫-三重",4,0,4
"2444","1570力肯","110/07/14","凱基-高美館",0,10,-10
"2445","1570力肯","110/07/14","瑞士信貸",4,0,4
"2446","1570力肯","110/07/14","元大-屏東民生",0,5,-5
"2447","1570力肯","110/07/14","統一-三多",4,0,4
"2448","1570力肯","110/07/14","元大-古亭",0,5,-5
"2449","1570力肯","110/07/14","華南永昌-古亭",4,0,4
"2450","1570力肯","110/07/14","日盛-木柵",0,4,-4
"2451","1570力肯","110/07/14","元大-高雄",3,0,3
"2452","1570力肯","110/07/14","大昌",0,4,-4
"2453","1570力肯","110/07/14","兆豐-忠孝",2,0,2
"2454","1570力肯","110/07/14","群益金鼎-東大",0,4,-4
"2455","1570力肯","110/07/14","富邦-陽明",2,0,2
"2456","1570力肯","110/07/14","凱基-台北",0,4,-4
"2457","1570力肯","110/07/14","元大-松山",2,0,2
"2458","1570力肯","110/07/14","元大-板橋",0,4,-4
"2459","1570力肯","110/07/14","元大-忠孝",2,0,2
"2460","1570力肯","110/07/14","第一金-中山",0,3,-3
"2461","6180橘子","110/07/14","新加坡商瑞銀",84,28,56
"2462","6180橘子","110/07/14","凱基-台北",4,37,-33
"2463","6180橘子","110/07/14","日盛-信義",29,1,28
"2464","6180橘子","110/07/14","玉山-台南",1,22,-21
"2465","6180橘子","110/07/14","豐農",28,4,24
"2466","6180橘子","110/07/14","日盛-新竹",1,21,-20
"2467","6180橘子","110/07/14","新光-新竹",24,1,23
"2468","6180橘子","110/07/14","元富-潮州",0,19,-19
"2469","6180橘子","110/07/14","華南永昌-高雄",20,0,20
"2470","6180橘子","110/07/14","元大-信義",0,17,-17
"2471","6180橘子","110/07/14","元大-羅東",20,0,20
"2472","6180橘子","110/07/14","台灣企銀-台中",1,16,-15
"2473","6180橘子","110/07/14","元大-台中中港",20,0,20
"2474","6180橘子","110/07/14","元大-北港",0,15,-15
"2475","6180橘子","110/07/14","富邦-嘉義",24,5,19
"2476","6180橘子","110/07/14","富邦-高雄",0,14,-14
"2477","6180橘子","110/07/14","富邦-仁愛",15,0,15
"2478","6180橘子","110/07/14","兆豐-埔墘",0,13,-13
"2479","6180橘子","110/07/14","國票-九鼎",13,0,13
"2480","6180橘子","110/07/14","第一金-中山",0,10,-10
"2481","6180橘子","110/07/14","日盛-木柵",12,0,12
"2482","6180橘子","110/07/14","元大-彰化民生",0,10,-10
"2483","6180橘子","110/07/14","元大-成功",10,0,10
"2484","6180橘子","110/07/14","福勝",1,10,-9
"2485","6180橘子","110/07/14","港商野村",10,2,8
"2486","6180橘子","110/07/14","群益金鼎-丹鳳",1,10,-9
"2487","6180橘子","110/07/14","玉山-左營",8,0,8
"2488","6180橘子","110/07/14","群益金鼎-板橋",0,8,-8
"2489","6180橘子","110/07/14","富邦-陽明",16,8,8
"2490","6180橘子","110/07/14","合庫-鳳山",0,7,-7
"2491","2390云辰","110/07/14","摩根大通",995,198,797
"2492","2390云辰","110/07/14","新加坡商瑞銀",28,399,-371
"2493","2390云辰","110/07/14","美林",383,22,361
"2494","2390云辰","110/07/14","凱基-新豐",3,198,-195
"2495","2390云辰","110/07/14","台灣摩根士丹利",684,358,326
"2496","2390云辰","110/07/14","元大-士林",1,152,-151
"2497","2390云辰","110/07/14","凱基-台北",656,402,254
"2498","2390云辰","110/07/14","元大-竹山",80,181,-101
"2499","2390云辰","110/07/14","日盛-和美",110,5,105
"2500","2390云辰","110/07/14","群益金鼎-開元",19,95,-76
"2501","2390云辰","110/07/14","元大-天母",72,0,72
"2502","2390云辰","110/07/14","新光",77,150,-73
"2503","2390云辰","110/07/14","永豐金-松山",57,0,57
"2504","2390云辰","110/07/14","元富-高雄",0,71,-71
"2505","2390云辰","110/07/14","統一-屏東",53,0,53
"2506","2390云辰","110/07/14","元大-土城學府",130,201,-71
"2507","2390云辰","110/07/14","港商野村",486,450,36
"2508","2390云辰","110/07/14","元大-善化",12,76,-64
"2509","2390云辰","110/07/14","致和-崇德",30,0,30
"2510","2390云辰","110/07/14","華南永昌-岡山",23,81,-58
"2511","2390云辰","110/07/14","富邦-台北",40,14,26
"2512","2390云辰","110/07/14","群益金鼎-大興",82,125,-43
"2513","2390云辰","110/07/14","台新-高雄",38,13,25
"2514","2390云辰","110/07/14","大慶-中壢",0,41,-41
"2515","2390云辰","110/07/14","富邦-板橋",32,7,25
"2516","2390云辰","110/07/14","玉山-板橋",6,47,-41
"2517","2390云辰","110/07/14","陽信-石牌",24,0,24
"2518","2390云辰","110/07/14","富邦-台東",2,42,-40
"2519","2390云辰","110/07/14","凱基-屏東",32,8,24
"2520","2390云辰","110/07/14","元大-新營",3,42,-39
"2521","2363矽統","110/07/13","凱基-南崁",2133,63,2070
"2522","2363矽統","110/07/13","凱基-幸福",36,4048,-4012
"2523","2363矽統","110/07/13","國泰-敦南",2195,1617,578
"2524","2363矽統","110/07/13","統一",192,3325,-3133
"2525","2363矽統","110/07/13","中農",670,139,531
"2526","2363矽統","110/07/13","新加坡商瑞銀",1000,2747,-1747
"2527","2363矽統","110/07/13","康和-台中",638,154,484
"2528","2363矽統","110/07/13","凱基-台北",5359,6609,-1250
"2529","2363矽統","110/07/13","群益金鼎-三民",577,137,440
"2530","2363矽統","110/07/13","摩根大通",1930,2858,-928
"2531","2363矽統","110/07/13","台新-屏東",510,88,422
"2532","2363矽統","110/07/13","港商野村",960,1679,-719
"2533","2363矽統","110/07/13","德信-中正",455,67,388
"2534","2363矽統","110/07/13","兆豐-復興",25,705,-680
"2535","2363矽統","110/07/13","日盛-竹北",365,70,295
"2536","2363矽統","110/07/13","統一-仁愛",114,755,-641
"2537","2363矽統","110/07/13","元大-佳里",452,189,263
"2538","2363矽統","110/07/13","統一-敦南",29,638,-609
"2539","2363矽統","110/07/13","國票-博愛",296,38,258
"2540","2363矽統","110/07/13","統一-土城",100,704,-604
"2541","2363矽統","110/07/13","元大-萬華",340,95,245
"2542","2363矽統","110/07/13","統一-城中",116,676,-560
"2543","2363矽統","110/07/13","新光",1259,1031,228
"2544","2363矽統","110/07/13","永豐金證券",306,859,-553
"2545","2363矽統","110/07/13","元富-成功",323,96,227
"2546","2363矽統","110/07/13","元富",54,567,-513
"2547","2363矽統","110/07/13","豐農",228,23,205
"2548","2363矽統","110/07/13","瑞士信貸",202,666,-464
"2549","2363矽統","110/07/13","台灣企銀-岡山",186,4,182
"2550","2363矽統","110/07/13","永豐金-嘉義",67,468,-401
"2551","8112至上","110/07/13","摩根大通",688,296,392
"2552","8112至上","110/07/13","國票-中和",0,401,-401
"2553","8112至上","110/07/13","港商野村",344,145,199
"2554","8112至上","110/07/13","永豐金-板盛",0,205,-205
"2555","8112至上","110/07/13","兆豐-公益",195,5,190
"2556","8112至上","110/07/13","凱基-五股",43,155,-112
"2557","8112至上","110/07/13","台灣摩根士丹利",183,0,183
"2558","8112至上","110/07/13","凱基-市政",0,100,-100
"2559","8112至上","110/07/13","群益金鼎-敦南",153,2,151
"2560","8112至上","110/07/13","元大-大里德芳",1,92,-91
"2561","8112至上","110/07/13","臺銀-金山",146,26,120
"2562","8112至上","110/07/13","玉山-桃園",26,110,-84
"2563","8112至上","110/07/13","臺銀",133,19,114
"2564","8112至上","110/07/13","兆豐-天母",0,81,-81
"2565","8112至上","110/07/13","合庫-台中",115,6,109
"2566","8112至上","110/07/13","凱基-城中",3,84,-81
"2567","8112至上","110/07/13","亞東-板橋",134,26,108
"2568","8112至上","110/07/13","日盛-新莊",9,85,-76
"2569","8112至上","110/07/13","凱基-台北",414,326,88
"2570","8112至上","110/07/13","日盛-台中",2,64,-62
"2571","8112至上","110/07/13","新加坡商瑞銀",181,100,81
"2572","8112至上","110/07/13","日盛-中壢",3,64,-61
"2573","8112至上","110/07/13","國泰-敦南",108,31,77
"2574","8112至上","110/07/13","元大-台中",2,59,-57
"2575","8112至上","110/07/13","第一金-華江",77,4,73
"2576","8112至上","110/07/13","元大-雙和",7,64,-57
"2577","8112至上","110/07/13","永豐金-內湖",73,1,72
"2578","8112至上","110/07/13","元大-高雄",8,62,-54
"2579","8112至上","110/07/13","元大-永和",68,1,67
"2580","8112至上","110/07/13","元大-館前",2,55,-53
"2581","1570力肯","110/07/13","新光",115,11,104
"2582","1570力肯","110/07/13","元大-北三重",0,162,-162
"2583","1570力肯","110/07/13","群益金鼎-高雄",54,0,54
"2584","1570力肯","110/07/13","元大-大灣",0,25,-25
"2585","1570力肯","110/07/13","國票-新莊",22,0,22
"2586","1570力肯","110/07/13","永豐金-苓雅",0,22,-22
"2587","1570力肯","110/07/13","日盛-桃園",12,0,12
"2588","1570力肯","110/07/13","永豐金-永康",0,19,-19
"2589","1570力肯","110/07/13","元大-高雄",12,0,12
"2590","1570力肯","110/07/13","富邦-員林",0,15,-15
"2591","1570力肯","110/07/13","合庫-自強",11,0,11
"2592","1570力肯","110/07/13","凱基-台南",0,11,-11
"2593","1570力肯","110/07/13","摩根大通",26,15,11
"2594","1570力肯","110/07/13","日盛-竹北",0,10,-10
"2595","1570力肯","110/07/13","永豐金-中盛",11,0,11
"2596","1570力肯","110/07/13","國票-九鼎",0,10,-10
"2597","1570力肯","110/07/13","兆豐-台中港",10,0,10
"2598","1570力肯","110/07/13","凱基-桃園",0,10,-10
"2599","1570力肯","110/07/13","國泰-松江",9,0,9
"2600","1570力肯","110/07/13","凱基-新豐",0,10,-10
"2601","1570力肯","110/07/13","元大-新盛",9,0,9
"2602","1570力肯","110/07/13","元大-學甲",0,10,-10
"2603","1570力肯","110/07/13","元富-緯城",6,0,6
"2604","1570力肯","110/07/13","群益金鼎-東湖",1,10,-9
"2605","1570力肯","110/07/13","統一-三重",5,0,5
"2606","1570力肯","110/07/13","大昌",0,6,-6
"2607","1570力肯","110/07/13","元大-前金",5,0,5
"2608","1570力肯","110/07/13","元大-土城學府",0,6,-6
"2609","1570力肯","110/07/13","永豐金證券",5,0,5
"2610","1570力肯","110/07/13","統一",0,5,-5
"2611","2929淘帝","110/07/13","玉山-新竹",130,0,130
"2612","2929淘帝","110/07/13","美商高盛",0,177,-177
"2613","2929淘帝","110/07/13","臺銀-民權",60,0,60
"2614","2929淘帝","110/07/13","凱基-台北",6,80,-74
"2615","2929淘帝","110/07/13","新百王",31,0,31
"2616","2929淘帝","110/07/13","元富-大裕",0,49,-49
"2617","2929淘帝","110/07/13","日盛-園區",30,0,30
"2618","2929淘帝","110/07/13","國泰-館前",3,51,-48
"2619","2929淘帝","110/07/13","元大-南投",31,1,30
"2620","2929淘帝","110/07/13","凱基-中壢",0,41,-41
"2621","2929淘帝","110/07/13","兆豐-忠孝",28,0,28
"2622","2929淘帝","110/07/13","港商野村",21,55,-34
"2623","2929淘帝","110/07/13","元大-民生",28,0,28
"2624","2929淘帝","110/07/13","華南永昌-南京",2,34,-32
"2625","2929淘帝","110/07/13","合庫-高雄",27,0,27
"2626","2929淘帝","110/07/13","群益金鼎-土城",0,30,-30
"2627","2929淘帝","110/07/13","凱基-豐中",27,0,27
"2628","2929淘帝","110/07/13","富邦-南屯",0,22,-22
"2629","2929淘帝","110/07/13","新光",21,4,17
"2630","2929淘帝","110/07/13","第一金-豐原",0,20,-20
"2631","2929淘帝","110/07/13","元大-天母",17,0,17
"2632","2929淘帝","110/07/13","元大-屏南",6,26,-20
"2633","2929淘帝","110/07/13","永興",14,0,14
"2634","2929淘帝","110/07/13","永豐金-敦南",1,21,-20
"2635","2929淘帝","110/07/13","富邦-台北",12,0,12
"2636","2929淘帝","110/07/13","凱基-三重",2,21,-19
"2637","2929淘帝","110/07/13","元大-永和",12,0,12
"2638","2929淘帝","110/07/13","富邦-仁愛",7,25,-18
"2639","2929淘帝","110/07/13","國票-天祥",11,0,11
"2640","2929淘帝","110/07/13","元大-北投",0,16,-16
"2641","5410國眾","110/07/13","兆豐-城中",274,0,274
"2642","5410國眾","110/07/13","元富-嘉義",0,103,-103
"2643","5410國眾","110/07/13","新光",50,4,46
"2644","5410國眾","110/07/13","凱基-台北",0,50,-50
"2645","5410國眾","110/07/13","國泰-台中",26,0,26
"2646","5410國眾","110/07/13","瑞士信貸",0,31,-31
"2647","5410國眾","110/07/13","新加坡商瑞銀",22,0,22
"2648","5410國眾","110/07/13","台新-新莊",0,27,-27
"2649","5410國眾","110/07/13","光和-嘉義",20,0,20
"2650","5410國眾","110/07/13","元大-汐止",0,20,-20
"2651","5410國眾","110/07/13","凱基-竹北",17,0,17
"2652","5410國眾","110/07/13","亞東-新竹",0,17,-17
"2653","5410國眾","110/07/13","新光-桃園",15,0,15
"2654","5410國眾","110/07/13","元大-南勢角",0,13,-13
"2655","5410國眾","110/07/13","凱基-台東",14,0,14
"2656","5410國眾","110/07/13","台新-台南",0,12,-12
"2657","5410國眾","110/07/13","富邦-竹北",11,0,11
"2658","5410國眾","110/07/13","中國信託",0,11,-11
"2659","5410國眾","110/07/13","元富-同大",10,0,10
"2660","5410國眾","110/07/13","華南永昌",0,11,-11
"2661","5410國眾","110/07/13","國泰-敦南",24,15,9
"2662","5410國眾","110/07/13","臺銀-臺南",0,10,-10
"2663","5410國眾","110/07/13","日盛-內湖",7,0,7
"2664","5410國眾","110/07/13","台灣企銀-民雄",0,10,-10
"2665","5410國眾","110/07/13","台新-左楠",7,0,7
"2666","5410國眾","110/07/13","高橋",0,10,-10
"2667","5410國眾","110/07/13","元大-新盛",18,12,6
"2668","5410國眾","110/07/13","康和-嘉義",0,10,-10
"2669","5410國眾","110/07/13","統一",5,0,5
"2670","5410國眾","110/07/13","凱基-基隆",0,10,-10
"2671","2841台開","110/07/13","中國信託-高雄",251,50,201
"2672","2841台開","110/07/13","兆豐-公益",0,177,-177
"2673","2841台開","110/07/13","日盛證券",210,13,197
"2674","2841台開","110/07/13","日進",0,152,-152
"2675","2841台開","110/07/13","第一金-台中",55,0,55
"2676","2841台開","110/07/13","港商野村",0,109,-109
"2677","2841台開","110/07/13","國泰-板橋",46,0,46
"2678","2841台開","110/07/13","日盛-信義",0,103,-103
"2679","2841台開","110/07/13","國泰-館前",48,3,45
"2680","2841台開","110/07/13","國泰-敦南",11,75,-64
"2681","2841台開","110/07/13","華南永昌-新莊",45,0,45
"2682","2841台開","110/07/13","永興",0,50,-50
"2683","2841台開","110/07/13","日盛-園區",42,0,42
"2684","2841台開","110/07/13","永豐金-敦南",61,104,-43
"2685","2841台開","110/07/13","台新證券",32,0,32
"2686","2841台開","110/07/13","富邦-台南",0,42,-42
"2687","2841台開","110/07/13","台新-高雄",32,2,30
"2688","2841台開","110/07/13","國票-安和",0,30,-30
"2689","2841台開","110/07/13","豐農",23,0,23
"2690","2841台開","110/07/13","元大-桃園",0,25,-25
"2691","2841台開","110/07/13","合庫-嘉義",20,0,20
"2692","2841台開","110/07/13","新光",8,32,-24
"2693","2841台開","110/07/13","華南永昌-高雄",20,0,20
"2694","2841台開","110/07/13","元大-仁愛",0,24,-24
"2695","2841台開","110/07/13","元大-樹林",16,0,16
"2696","2841台開","110/07/13","日盛-中和",0,20,-20
"2697","2841台開","110/07/13","第一金-華江",15,2,13
"2698","2841台開","110/07/13","元富",0,20,-20
"2699","2841台開","110/07/13","美商高盛",12,0,12
"2700","2841台開","110/07/13","富邦-宜蘭",0,20,-20
"2701","6207雷科","110/07/13","元大-高雄",121,0,121
"2702","6207雷科","110/07/13","華南永昌-朴子",1,60,-59
"2703","6207雷科","110/07/13","第一金-新興",20,0,20
"2704","6207雷科","110/07/13","元大-南海",0,36,-36
"2705","6207雷科","110/07/13","元富-三重",20,0,20
"2706","6207雷科","110/07/13","凱基-土城",0,35,-35
"2707","6207雷科","110/07/13","元大-林園",15,0,15
"2708","6207雷科","110/07/13","台灣企銀",0,20,-20
"2709","6207雷科","110/07/13","元大-金華",16,1,15
"2710","6207雷科","110/07/13","群益金鼎-丹鳳",0,20,-20
"2711","6207雷科","110/07/13","日盛證券",10,0,10
"2712","6207雷科","110/07/13","元大-博愛",0,17,-17
"2713","6207雷科","110/07/13","統一-台中",10,0,10
"2714","6207雷科","110/07/13","元大-北港",0,13,-13
"2715","6207雷科","110/07/13","群益金鼎-土城",10,0,10
"2716","6207雷科","110/07/13","新加坡商瑞銀",0,12,-12
"2717","6207雷科","110/07/13","群益金鼎-桃園",10,0,10
"2718","6207雷科","110/07/13","凱基-台北",4,16,-12
"2719","6207雷科","110/07/13","永豐金-新莊",10,0,10
"2720","6207雷科","110/07/13","日茂-埔里",0,11,-11
"2721","6207雷科","110/07/13","永豐金-新店",10,0,10
"2722","6207雷科","110/07/13","元大-莒光",0,11,-11
"2723","6207雷科","110/07/13","元大證券",9,0,9
"2724","6207雷科","110/07/13","統一-新竹",0,10,-10
"2725","6207雷科","110/07/13","日盛-木柵",9,1,8
"2726","6207雷科","110/07/13","元大-西螺",0,10,-10
"2727","6207雷科","110/07/13","兆豐-來福",8,0,8
"2728","6207雷科","110/07/13","康和-台中",0,8,-8
"2729","6207雷科","110/07/13","新光",7,0,7
"2730","6207雷科","110/07/13","兆豐-高雄",0,6,-6
"2731","3679新至陞","110/07/13","永豐金證券",50,0,50
"2732","3679新至陞","110/07/13","摩根大通",2,25,-23
"2733","3679新至陞","110/07/13","國泰-桃園",22,0,22
"2734","3679新至陞","110/07/13","元大-成功",0,22,-22
"2735","3679新至陞","110/07/13","台中銀-員林",11,0,11
"2736","3679新至陞","110/07/13","富邦-板橋",1,19,-18
"2737","3679新至陞","110/07/13","元大-文心興安",8,0,8
"2738","3679新至陞","110/07/13","日盛-新莊",0,10,-10
"2739","3679新至陞","110/07/13","美商高盛",6,0,6
"2740","3679新至陞","110/07/13","台新-台中",0,10,-10
"2741","3679新至陞","110/07/13","台新-高雄",6,0,6
"2742","3679新至陞","110/07/13","永豐金-新竹",0,8,-8
"2743","3679新至陞","110/07/13","凱基-台北",18,12,6
"2744","3679新至陞","110/07/13","瑞士信貸",12,19,-7
"2745","3679新至陞","110/07/13","日盛-復興",5,0,5
"2746","3679新至陞","110/07/13","統一-南京",0,7,-7
"2747","3679新至陞","110/07/13","(牛牛牛)亞-鑫豐",4,0,4
"2748","3679新至陞","110/07/13","凱基-新莊",0,7,-7
"2749","3679新至陞","110/07/13","元富-大昌",3,0,3
"2750","3679新至陞","110/07/13","新加坡商瑞銀",0,6,-6
"2751","3679新至陞","110/07/13","富邦-台北",3,0,3
"2752","3679新至陞","110/07/13","合庫-自強",0,5,-5
"2753","3679新至陞","110/07/13","日盛-樹林",2,0,2
"2754","3679新至陞","110/07/13","富邦-桃園",0,5,-5
"2755","3679新至陞","110/07/13","宏遠-光隆",2,0,2
"2756","3679新至陞","110/07/13","永豐金-潮州",0,4,-4
"2757","3679新至陞","110/07/13","美林",3,1,2
"2758","3679新至陞","110/07/13","臺銀-臺南",0,3,-3
"2759","3679新至陞","110/07/13","第一金-中壢",2,0,2
"2760","3679新至陞","110/07/13","元大-六合",0,3,-3
"2761","2727王品","110/07/13","富邦-台北",43,3,40
"2762","2727王品","110/07/13","台灣摩根士丹利",15,97,-82
"2763","2727王品","110/07/13","元大-基隆孝二",40,0,40
"2764","2727王品","110/07/13","玉山-台南",5,57,-52
"2765","2727王品","110/07/13","國票-新莊",40,1,39
"2766","2727王品","110/07/13","新加坡商瑞銀",0,48,-48
"2767","2727王品","110/07/13","第一金-豐原",66,42,24
"2768","2727王品","110/07/13","凱基-台北",41,77,-36
"2769","2727王品","110/07/13","永豐金-大園",34,10,24
"2770","2727王品","110/07/13","永豐金-永康",0,22,-22
"2771","2727王品","110/07/13","元大-北屯",22,0,22
"2772","2727王品","110/07/13","統一-台中",2,22,-20
"2773","2727王品","110/07/13","元大-東蘆",26,7,19
"2774","2727王品","110/07/13","國泰-台中",21,39,-18
"2775","2727王品","110/07/13","永豐金-萬盛",13,1,12
"2776","2727王品","110/07/13","合庫-彰化",3,20,-17
"2777","2727王品","110/07/13","日盛-嘉義",11,0,11
"2778","2727王品","110/07/13","港商野村",13,30,-17
"2779","2727王品","110/07/13","日盛-八德",11,0,11
"2780","2727王品","110/07/13","元大-楊梅",1,16,-15
"2781","2727王品","110/07/13","統一-竹南",11,0,11
"2782","2727王品","110/07/13","凱基-高美館",2,15,-13
"2783","2727王品","110/07/13","日盛-士林",12,2,10
"2784","2727王品","110/07/13","美商高盛",2,14,-12
"2785","2727王品","110/07/13","統一-敦南",10,0,10
"2786","2727王品","110/07/13","統一-平鎮",1,13,-12
"2787","2727王品","110/07/13","中國信託",15,5,10
"2788","2727王品","110/07/13","兆豐-台中港",4,16,-12
"2789","2727王品","110/07/13","兆豐-竹北",13,3,10
"2790","2727王品","110/07/13","凱基-八德",1,13,-12
"2791","1570力肯","110/07/13","新光",115,11,104
"2792","1570力肯","110/07/13","元大-北三重",0,162,-162
"2793","1570力肯","110/07/13","群益金鼎-高雄",54,0,54
"2794","1570力肯","110/07/13","元大-大灣",0,25,-25
"2795","1570力肯","110/07/13","國票-新莊",22,0,22
"2796","1570力肯","110/07/13","永豐金-苓雅",0,22,-22
"2797","1570力肯","110/07/13","日盛-桃園",12,0,12
"2798","1570力肯","110/07/13","永豐金-永康",0,19,-19
"2799","1570力肯","110/07/13","元大-高雄",12,0,12
"2800","1570力肯","110/07/13","富邦-員林",0,15,-15
"2801","1570力肯","110/07/13","合庫-自強",11,0,11
"2802","1570力肯","110/07/13","凱基-台南",0,11,-11
"2803","1570力肯","110/07/13","摩根大通",26,15,11
"2804","1570力肯","110/07/13","日盛-竹北",0,10,-10
"2805","1570力肯","110/07/13","永豐金-中盛",11,0,11
"2806","1570力肯","110/07/13","國票-九鼎",0,10,-10
"2807","1570力肯","110/07/13","兆豐-台中港",10,0,10
"2808","1570力肯","110/07/13","凱基-桃園",0,10,-10
"2809","1570力肯","110/07/13","國泰-松江",9,0,9
"2810","1570力肯","110/07/13","凱基-新豐",0,10,-10
"2811","1570力肯","110/07/13","元大-新盛",9,0,9
"2812","1570力肯","110/07/13","元大-學甲",0,10,-10
"2813","1570力肯","110/07/13","元富-緯城",6,0,6
"2814","1570力肯","110/07/13","群益金鼎-東湖",1,10,-9
"2815","1570力肯","110/07/13","統一-三重",5,0,5
"2816","1570力肯","110/07/13","大昌",0,6,-6
"2817","1570力肯","110/07/13","元大-前金",5,0,5
"2818","1570力肯","110/07/13","元大-土城學府",0,6,-6
"2819","1570力肯","110/07/13","永豐金證券",5,0,5
"2820","1570力肯","110/07/13","統一",0,5,-5
"2821","6180橘子","110/07/13","摩根大通",119,0,119
"2822","6180橘子","110/07/13","元大-崇德",2,61,-59
"2823","6180橘子","110/07/13","美商高盛",96,0,96
"2824","6180橘子","110/07/13","康和-台中",0,51,-51
"2825","6180橘子","110/07/13","新加坡商瑞銀",86,7,79
"2826","6180橘子","110/07/13","康和-台北",0,50,-50
"2827","6180橘子","110/07/13","元大-和平",40,0,40
"2828","6180橘子","110/07/13","元富-潮州",0,40,-40
"2829","6180橘子","110/07/13","凱基-台北",83,47,36
"2830","6180橘子","110/07/13","日盛-永康",0,26,-26
"2831","6180橘子","110/07/13","美林",39,5,34
"2832","6180橘子","110/07/13","永豐金-中正",0,24,-24
"2833","6180橘子","110/07/13","富邦-新竹華信",31,2,29
"2834","6180橘子","110/07/13","國泰-板橋",2,25,-23
"2835","6180橘子","110/07/13","統一-南京",21,0,21
"2836","6180橘子","110/07/13","日盛-大墩",0,20,-20
"2837","6180橘子","110/07/13","富邦-陽明",24,3,21
"2838","6180橘子","110/07/13","元大-草屯",13,32,-19
"2839","6180橘子","110/07/13","大昌-樹林",21,1,20
"2840","6180橘子","110/07/13","元富-林園",1,18,-17
"2841","6180橘子","110/07/13","花旗環球",19,0,19
"2842","6180橘子","110/07/13","新光-新竹",1,18,-17
"2843","6180橘子","110/07/13","華南永昌-台南",19,0,19
"2844","6180橘子","110/07/13","元大-土城永寧",0,17,-17
"2845","6180橘子","110/07/13","福勝",14,0,14
"2846","6180橘子","110/07/13","國泰-新莊",3,19,-16
"2847","6180橘子","110/07/13","富邦-嘉義",12,1,11
"2848","6180橘子","110/07/13","中國信託-永康",6,21,-15
"2849","6180橘子","110/07/13","元大-板橋三民",11,0,11
"2850","6180橘子","110/07/13","凱基-東港",1,15,-14
"2851","2390云辰","110/07/13","新加坡商瑞銀",562,75,487
"2852","2390云辰","110/07/13","大展-台南",0,532,-532
"2853","2390云辰","110/07/13","台灣摩根士丹利",330,155,175
"2854","2390云辰","110/07/13","凱基-台北",668,854,-186
"2855","2390云辰","110/07/13","兆豐-公益",126,25,101
"2856","2390云辰","110/07/13","凱基-三重",12,172,-160
"2857","2390云辰","110/07/13","元富-中港",100,2,98
"2858","2390云辰","110/07/13","兆豐-忠孝",4,161,-157
"2859","2390云辰","110/07/13","統一-新台中",106,9,97
"2860","2390云辰","110/07/13","元大-士林",19,170,-151
"2861","2390云辰","110/07/13","中國信託-松江",81,11,70
"2862","2390云辰","110/07/13","臺銀-新竹",14,117,-103
"2863","2390云辰","110/07/13","日盛-板橋",72,3,69
"2864","2390云辰","110/07/13","國票-台中",4,102,-98
"2865","2390云辰","110/07/13","日盛-和美",57,0,57
"2866","2390云辰","110/07/13","新光",147,232,-85
"2867","2390云辰","110/07/13","永豐金-桃園",88,36,52
"2868","2390云辰","110/07/13","致和-崇德",2,70,-68
"2869","2390云辰","110/07/13","玉山-士林",54,4,50
"2870","2390云辰","110/07/13","群益金鼎-屏東",2,70,-68
"2871","2390云辰","110/07/13","富邦-仁愛",56,6,50
"2872","2390云辰","110/07/13","元大-大里",35,98,-63
"2873","2390云辰","110/07/13","第一金-豐原",50,1,49
"2874","2390云辰","110/07/13","元大-萬華",35,94,-59
"2875","2390云辰","110/07/13","摩根大通",502,453,49
"2876","2390云辰","110/07/13","元富-吉利",2,60,-58
"2877","2390云辰","110/07/13","凱基-松山",61,13,48
"2878","2390云辰","110/07/13","兆豐-新竹",3,53,-50
"2879","2390云辰","110/07/13","大昌",64,22,42
"2880","2390云辰","110/07/13","富邦-嘉義",65,108,-43
"2881","2363矽統","110/07/13","凱基-南崁",2133,63,2070
"2882","2363矽統","110/07/13","凱基-幸福",36,4048,-4012
"2883","2363矽統","110/07/13","國泰-敦南",2195,1617,578
"2884","2363矽統","110/07/13","統一",192,3325,-3133
"2885","2363矽統","110/07/13","中農",670,139,531
"2886","2363矽統","110/07/13","新加坡商瑞銀",1000,2747,-1747
"2887","2363矽統","110/07/13","康和-台中",638,154,484
"2888","2363矽統","110/07/13","凱基-台北",5359,6609,-1250
"2889","2363矽統","110/07/13","群益金鼎-三民",577,137,440
"2890","2363矽統","110/07/13","摩根大通",1930,2858,-928
"2891","2363矽統","110/07/13","台新-屏東",510,88,422
"2892","2363矽統","110/07/13","港商野村",960,1679,-719
"2893","2363矽統","110/07/13","德信-中正",455,67,388
"2894","2363矽統","110/07/13","兆豐-復興",25,705,-680
"2895","2363矽統","110/07/13","日盛-竹北",365,70,295
"2896","2363矽統","110/07/13","統一-仁愛",114,755,-641
"2897","2363矽統","110/07/13","元大-佳里",452,189,263
"2898","2363矽統","110/07/13","統一-敦南",29,638,-609
"2899","2363矽統","110/07/13","國票-博愛",296,38,258
"2900","2363矽統","110/07/13","統一-土城",100,704,-604
"2901","2363矽統","110/07/13","元大-萬華",340,95,245
"2902","2363矽統","110/07/13","統一-城中",116,676,-560
"2903","2363矽統","110/07/13","新光",1259,1031,228
"2904","2363矽統","110/07/13","永豐金證券",306,859,-553
"2905","2363矽統","110/07/13","元富-成功",323,96,227
"2906","2363矽統","110/07/13","元富",54,567,-513
"2907","2363矽統","110/07/13","豐農",228,23,205
"2908","2363矽統","110/07/13","瑞士信貸",202,666,-464
"2909","2363矽統","110/07/13","台灣企銀-岡山",186,4,182
"2910","2363矽統","110/07/13","永豐金-嘉義",67,468,-401
"2911","8112至上","110/07/13","摩根大通",688,296,392
"2912","8112至上","110/07/13","國票-中和",0,401,-401
"2913","8112至上","110/07/13","港商野村",344,145,199
"2914","8112至上","110/07/13","永豐金-板盛",0,205,-205
"2915","8112至上","110/07/13","兆豐-公益",195,5,190
"2916","8112至上","110/07/13","凱基-五股",43,155,-112
"2917","8112至上","110/07/13","台灣摩根士丹利",183,0,183
"2918","8112至上","110/07/13","凱基-市政",0,100,-100
"2919","8112至上","110/07/13","群益金鼎-敦南",153,2,151
"2920","8112至上","110/07/13","元大-大里德芳",1,92,-91
"2921","8112至上","110/07/13","臺銀-金山",146,26,120
"2922","8112至上","110/07/13","玉山-桃園",26,110,-84
"2923","8112至上","110/07/13","臺銀",133,19,114
"2924","8112至上","110/07/13","兆豐-天母",0,81,-81
"2925","8112至上","110/07/13","合庫-台中",115,6,109
"2926","8112至上","110/07/13","凱基-城中",3,84,-81
"2927","8112至上","110/07/13","亞東-板橋",134,26,108
"2928","8112至上","110/07/13","日盛-新莊",9,85,-76
"2929","8112至上","110/07/13","凱基-台北",414,326,88
"2930","8112至上","110/07/13","日盛-台中",2,64,-62
"2931","8112至上","110/07/13","新加坡商瑞銀",181,100,81
"2932","8112至上","110/07/13","日盛-中壢",3,64,-61
"2933","8112至上","110/07/13","國泰-敦南",108,31,77
"2934","8112至上","110/07/13","元大-台中",2,59,-57
"2935","8112至上","110/07/13","第一金-華江",77,4,73
"2936","8112至上","110/07/13","元大-雙和",7,64,-57
"2937","8112至上","110/07/13","永豐金-內湖",73,1,72
"2938","8112至上","110/07/13","元大-高雄",8,62,-54
"2939","8112至上","110/07/13","元大-永和",68,1,67
"2940","8112至上","110/07/13","元大-館前",2,55,-53
"2941","1570力肯","110/07/13","新光",115,11,104
"2942","1570力肯","110/07/13","元大-北三重",0,162,-162
"2943","1570力肯","110/07/13","群益金鼎-高雄",54,0,54
"2944","1570力肯","110/07/13","元大-大灣",0,25,-25
"2945","1570力肯","110/07/13","國票-新莊",22,0,22
"2946","1570力肯","110/07/13","永豐金-苓雅",0,22,-22
"2947","1570力肯","110/07/13","日盛-桃園",12,0,12
"2948","1570力肯","110/07/13","永豐金-永康",0,19,-19
"2949","1570力肯","110/07/13","元大-高雄",12,0,12
"2950","1570力肯","110/07/13","富邦-員林",0,15,-15
"2951","1570力肯","110/07/13","合庫-自強",11,0,11
"2952","1570力肯","110/07/13","凱基-台南",0,11,-11
"2953","1570力肯","110/07/13","摩根大通",26,15,11
"2954","1570力肯","110/07/13","日盛-竹北",0,10,-10
"2955","1570力肯","110/07/13","永豐金-中盛",11,0,11
"2956","1570力肯","110/07/13","國票-九鼎",0,10,-10
"2957","1570力肯","110/07/13","兆豐-台中港",10,0,10
"2958","1570力肯","110/07/13","凱基-桃園",0,10,-10
"2959","1570力肯","110/07/13","國泰-松江",9,0,9
"2960","1570力肯","110/07/13","凱基-新豐",0,10,-10
"2961","1570力肯","110/07/13","元大-新盛",9,0,9
"2962","1570力肯","110/07/13","元大-學甲",0,10,-10
"2963","1570力肯","110/07/13","元富-緯城",6,0,6
"2964","1570力肯","110/07/13","群益金鼎-東湖",1,10,-9
"2965","1570力肯","110/07/13","統一-三重",5,0,5
"2966","1570力肯","110/07/13","大昌",0,6,-6
"2967","1570力肯","110/07/13","元大-前金",5,0,5
"2968","1570力肯","110/07/13","元大-土城學府",0,6,-6
"2969","1570力肯","110/07/13","永豐金證券",5,0,5
"2970","1570力肯","110/07/13","統一",0,5,-5
"2971","2929淘帝","110/07/13","玉山-新竹",130,0,130
"2972","2929淘帝","110/07/13","美商高盛",0,177,-177
"2973","2929淘帝","110/07/13","臺銀-民權",60,0,60
"2974","2929淘帝","110/07/13","凱基-台北",6,80,-74
"2975","2929淘帝","110/07/13","新百王",31,0,31
"2976","2929淘帝","110/07/13","元富-大裕",0,49,-49
"2977","2929淘帝","110/07/13","日盛-園區",30,0,30
"2978","2929淘帝","110/07/13","國泰-館前",3,51,-48
"2979","2929淘帝","110/07/13","元大-南投",31,1,30
"2980","2929淘帝","110/07/13","凱基-中壢",0,41,-41
"2981","2929淘帝","110/07/13","兆豐-忠孝",28,0,28
"2982","2929淘帝","110/07/13","港商野村",21,55,-34
"2983","2929淘帝","110/07/13","元大-民生",28,0,28
"2984","2929淘帝","110/07/13","華南永昌-南京",2,34,-32
"2985","2929淘帝","110/07/13","合庫-高雄",27,0,27
"2986","2929淘帝","110/07/13","群益金鼎-土城",0,30,-30
"2987","2929淘帝","110/07/13","凱基-豐中",27,0,27
"2988","2929淘帝","110/07/13","富邦-南屯",0,22,-22
"2989","2929淘帝","110/07/13","新光",21,4,17
"2990","2929淘帝","110/07/13","第一金-豐原",0,20,-20
"2991","2929淘帝","110/07/13","元大-天母",17,0,17
"2992","2929淘帝","110/07/13","元大-屏南",6,26,-20
"2993","2929淘帝","110/07/13","永興",14,0,14
"2994","2929淘帝","110/07/13","永豐金-敦南",1,21,-20
"2995","2929淘帝","110/07/13","富邦-台北",12,0,12
"2996","2929淘帝","110/07/13","凱基-三重",2,21,-19
"2997","2929淘帝","110/07/13","元大-永和",12,0,12
"2998","2929淘帝","110/07/13","富邦-仁愛",7,25,-18
"2999","2929淘帝","110/07/13","國票-天祥",11,0,11
"3000","2929淘帝","110/07/13","元大-北投",0,16,-16
"3001","5410國眾","110/07/13","兆豐-城中",274,0,274
"3002","5410國眾","110/07/13","元富-嘉義",0,103,-103
"3003","5410國眾","110/07/13","新光",50,4,46
"3004","5410國眾","110/07/13","凱基-台北",0,50,-50
"3005","5410國眾","110/07/13","國泰-台中",26,0,26
"3006","5410國眾","110/07/13","瑞士信貸",0,31,-31
"3007","5410國眾","110/07/13","新加坡商瑞銀",22,0,22
"3008","5410國眾","110/07/13","台新-新莊",0,27,-27
"3009","5410國眾","110/07/13","光和-嘉義",20,0,20
"3010","5410國眾","110/07/13","元大-汐止",0,20,-20
"3011","5410國眾","110/07/13","凱基-竹北",17,0,17
"3012","5410國眾","110/07/13","亞東-新竹",0,17,-17
"3013","5410國眾","110/07/13","新光-桃園",15,0,15
"3014","5410國眾","110/07/13","元大-南勢角",0,13,-13
"3015","5410國眾","110/07/13","凱基-台東",14,0,14
"3016","5410國眾","110/07/13","台新-台南",0,12,-12
"3017","5410國眾","110/07/13","富邦-竹北",11,0,11
"3018","5410國眾","110/07/13","中國信託",0,11,-11
"3019","5410國眾","110/07/13","元富-同大",10,0,10
"3020","5410國眾","110/07/13","華南永昌",0,11,-11
"3021","5410國眾","110/07/13","國泰-敦南",24,15,9
"3022","5410國眾","110/07/13","臺銀-臺南",0,10,-10
"3023","5410國眾","110/07/13","日盛-內湖",7,0,7
"3024","5410國眾","110/07/13","台灣企銀-民雄",0,10,-10
"3025","5410國眾","110/07/13","台新-左楠",7,0,7
"3026","5410國眾","110/07/13","高橋",0,10,-10
"3027","5410國眾","110/07/13","元大-新盛",18,12,6
"3028","5410國眾","110/07/13","康和-嘉義",0,10,-10
"3029","5410國眾","110/07/13","統一",5,0,5
"3030","5410國眾","110/07/13","凱基-基隆",0,10,-10
"3031","2841台開","110/07/13","中國信託-高雄",251,50,201
"3032","2841台開","110/07/13","兆豐-公益",0,177,-177
"3033","2841台開","110/07/13","日盛證券",210,13,197
"3034","2841台開","110/07/13","日進",0,152,-152
"3035","2841台開","110/07/13","第一金-台中",55,0,55
"3036","2841台開","110/07/13","港商野村",0,109,-109
"3037","2841台開","110/07/13","國泰-板橋",46,0,46
"3038","2841台開","110/07/13","日盛-信義",0,103,-103
"3039","2841台開","110/07/13","國泰-館前",48,3,45
"3040","2841台開","110/07/13","國泰-敦南",11,75,-64
"3041","2841台開","110/07/13","華南永昌-新莊",45,0,45
"3042","2841台開","110/07/13","永興",0,50,-50
"3043","2841台開","110/07/13","日盛-園區",42,0,42
"3044","2841台開","110/07/13","永豐金-敦南",61,104,-43
"3045","2841台開","110/07/13","台新證券",32,0,32
"3046","2841台開","110/07/13","富邦-台南",0,42,-42
"3047","2841台開","110/07/13","台新-高雄",32,2,30
"3048","2841台開","110/07/13","國票-安和",0,30,-30
"3049","2841台開","110/07/13","豐農",23,0,23
"3050","2841台開","110/07/13","元大-桃園",0,25,-25
"3051","2841台開","110/07/13","合庫-嘉義",20,0,20
"3052","2841台開","110/07/13","新光",8,32,-24
"3053","2841台開","110/07/13","華南永昌-高雄",20,0,20
"3054","2841台開","110/07/13","元大-仁愛",0,24,-24
"3055","2841台開","110/07/13","元大-樹林",16,0,16
"3056","2841台開","110/07/13","日盛-中和",0,20,-20
"3057","2841台開","110/07/13","第一金-華江",15,2,13
"3058","2841台開","110/07/13","元富",0,20,-20
"3059","2841台開","110/07/13","美商高盛",12,0,12
"3060","2841台開","110/07/13","富邦-宜蘭",0,20,-20
"3061","6207雷科","110/07/13","元大-高雄",121,0,121
"3062","6207雷科","110/07/13","華南永昌-朴子",1,60,-59
"3063","6207雷科","110/07/13","第一金-新興",20,0,20
"3064","6207雷科","110/07/13","元大-南海",0,36,-36
"3065","6207雷科","110/07/13","元富-三重",20,0,20
"3066","6207雷科","110/07/13","凱基-土城",0,35,-35
"3067","6207雷科","110/07/13","元大-林園",15,0,15
"3068","6207雷科","110/07/13","台灣企銀",0,20,-20
"3069","6207雷科","110/07/13","元大-金華",16,1,15
"3070","6207雷科","110/07/13","群益金鼎-丹鳳",0,20,-20
"3071","6207雷科","110/07/13","日盛證券",10,0,10
"3072","6207雷科","110/07/13","元大-博愛",0,17,-17
"3073","6207雷科","110/07/13","統一-台中",10,0,10
"3074","6207雷科","110/07/13","元大-北港",0,13,-13
"3075","6207雷科","110/07/13","群益金鼎-土城",10,0,10
"3076","6207雷科","110/07/13","新加坡商瑞銀",0,12,-12
"3077","6207雷科","110/07/13","群益金鼎-桃園",10,0,10
"3078","6207雷科","110/07/13","凱基-台北",4,16,-12
"3079","6207雷科","110/07/13","永豐金-新莊",10,0,10
"3080","6207雷科","110/07/13","日茂-埔里",0,11,-11
"3081","6207雷科","110/07/13","永豐金-新店",10,0,10
"3082","6207雷科","110/07/13","元大-莒光",0,11,-11
"3083","6207雷科","110/07/13","元大證券",9,0,9
"3084","6207雷科","110/07/13","統一-新竹",0,10,-10
"3085","6207雷科","110/07/13","日盛-木柵",9,1,8
"3086","6207雷科","110/07/13","元大-西螺",0,10,-10
"3087","6207雷科","110/07/13","兆豐-來福",8,0,8
"3088","6207雷科","110/07/13","康和-台中",0,8,-8
"3089","6207雷科","110/07/13","新光",7,0,7
"3090","6207雷科","110/07/13","兆豐-高雄",0,6,-6
"3091","3679新至陞","110/07/13","永豐金證券",50,0,50
"3092","3679新至陞","110/07/13","摩根大通",2,25,-23
"3093","3679新至陞","110/07/13","國泰-桃園",22,0,22
"3094","3679新至陞","110/07/13","元大-成功",0,22,-22
"3095","3679新至陞","110/07/13","台中銀-員林",11,0,11
"3096","3679新至陞","110/07/13","富邦-板橋",1,19,-18
"3097","3679新至陞","110/07/13","元大-文心興安",8,0,8
"3098","3679新至陞","110/07/13","日盛-新莊",0,10,-10
"3099","3679新至陞","110/07/13","美商高盛",6,0,6
"3100","3679新至陞","110/07/13","台新-台中",0,10,-10
"3101","3679新至陞","110/07/13","台新-高雄",6,0,6
"3102","3679新至陞","110/07/13","永豐金-新竹",0,8,-8
"3103","3679新至陞","110/07/13","凱基-台北",18,12,6
"3104","3679新至陞","110/07/13","瑞士信貸",12,19,-7
"3105","3679新至陞","110/07/13","日盛-復興",5,0,5
"3106","3679新至陞","110/07/13","統一-南京",0,7,-7
"3107","3679新至陞","110/07/13","(牛牛牛)亞-鑫豐",4,0,4
"3108","3679新至陞","110/07/13","凱基-新莊",0,7,-7
"3109","3679新至陞","110/07/13","元富-大昌",3,0,3
"3110","3679新至陞","110/07/13","新加坡商瑞銀",0,6,-6
"3111","3679新至陞","110/07/13","富邦-台北",3,0,3
"3112","3679新至陞","110/07/13","合庫-自強",0,5,-5
"3113","3679新至陞","110/07/13","日盛-樹林",2,0,2
"3114","3679新至陞","110/07/13","富邦-桃園",0,5,-5
"3115","3679新至陞","110/07/13","宏遠-光隆",2,0,2
"3116","3679新至陞","110/07/13","永豐金-潮州",0,4,-4
"3117","3679新至陞","110/07/13","美林",3,1,2
"3118","3679新至陞","110/07/13","臺銀-臺南",0,3,-3
"3119","3679新至陞","110/07/13","第一金-中壢",2,0,2
"3120","3679新至陞","110/07/13","元大-六合",0,3,-3
"3121","2727王品","110/07/13","富邦-台北",43,3,40
"3122","2727王品","110/07/13","台灣摩根士丹利",15,97,-82
"3123","2727王品","110/07/13","元大-基隆孝二",40,0,40
"3124","2727王品","110/07/13","玉山-台南",5,57,-52
"3125","2727王品","110/07/13","國票-新莊",40,1,39
"3126","2727王品","110/07/13","新加坡商瑞銀",0,48,-48
"3127","2727王品","110/07/13","第一金-豐原",66,42,24
"3128","2727王品","110/07/13","凱基-台北",41,77,-36
"3129","2727王品","110/07/13","永豐金-大園",34,10,24
"3130","2727王品","110/07/13","永豐金-永康",0,22,-22
"3131","2727王品","110/07/13","元大-北屯",22,0,22
"3132","2727王品","110/07/13","統一-台中",2,22,-20
"3133","2727王品","110/07/13","元大-東蘆",26,7,19
"3134","2727王品","110/07/13","國泰-台中",21,39,-18
"3135","2727王品","110/07/13","永豐金-萬盛",13,1,12
"3136","2727王品","110/07/13","合庫-彰化",3,20,-17
"3137","2727王品","110/07/13","日盛-嘉義",11,0,11
"3138","2727王品","110/07/13","港商野村",13,30,-17
"3139","2727王品","110/07/13","日盛-八德",11,0,11
"3140","2727王品","110/07/13","元大-楊梅",1,16,-15
"3141","2727王品","110/07/13","統一-竹南",11,0,11
"3142","2727王品","110/07/13","凱基-高美館",2,15,-13
"3143","2727王品","110/07/13","日盛-士林",12,2,10
"3144","2727王品","110/07/13","美商高盛",2,14,-12
"3145","2727王品","110/07/13","統一-敦南",10,0,10
"3146","2727王品","110/07/13","統一-平鎮",1,13,-12
"3147","2727王品","110/07/13","中國信託",15,5,10
"3148","2727王品","110/07/13","兆豐-台中港",4,16,-12
"3149","2727王品","110/07/13","兆豐-竹北",13,3,10
"3150","2727王品","110/07/13","凱基-八德",1,13,-12
"3151","1570力肯","110/07/13","新光",115,11,104
"3152","1570力肯","110/07/13","元大-北三重",0,162,-162
"3153","1570力肯","110/07/13","群益金鼎-高雄",54,0,54
"3154","1570力肯","110/07/13","元大-大灣",0,25,-25
"3155","1570力肯","110/07/13","國票-新莊",22,0,22
"3156","1570力肯","110/07/13","永豐金-苓雅",0,22,-22
"3157","1570力肯","110/07/13","日盛-桃園",12,0,12
"3158","1570力肯","110/07/13","永豐金-永康",0,19,-19
"3159","1570力肯","110/07/13","元大-高雄",12,0,12
"3160","1570力肯","110/07/13","富邦-員林",0,15,-15
"3161","1570力肯","110/07/13","合庫-自強",11,0,11
"3162","1570力肯","110/07/13","凱基-台南",0,11,-11
"3163","1570力肯","110/07/13","摩根大通",26,15,11
"3164","1570力肯","110/07/13","日盛-竹北",0,10,-10
"3165","1570力肯","110/07/13","永豐金-中盛",11,0,11
"3166","1570力肯","110/07/13","國票-九鼎",0,10,-10
"3167","1570力肯","110/07/13","兆豐-台中港",10,0,10
"3168","1570力肯","110/07/13","凱基-桃園",0,10,-10
"3169","1570力肯","110/07/13","國泰-松江",9,0,9
"3170","1570力肯","110/07/13","凱基-新豐",0,10,-10
"3171","1570力肯","110/07/13","元大-新盛",9,0,9
"3172","1570力肯","110/07/13","元大-學甲",0,10,-10
"3173","1570力肯","110/07/13","元富-緯城",6,0,6
"3174","1570力肯","110/07/13","群益金鼎-東湖",1,10,-9
"3175","1570力肯","110/07/13","統一-三重",5,0,5
"3176","1570力肯","110/07/13","大昌",0,6,-6
"3177","1570力肯","110/07/13","元大-前金",5,0,5
"3178","1570力肯","110/07/13","元大-土城學府",0,6,-6
"3179","1570力肯","110/07/13","永豐金證券",5,0,5
"3180","1570力肯","110/07/13","統一",0,5,-5
"3181","6180橘子","110/07/13","摩根大通",119,0,119
"3182","6180橘子","110/07/13","元大-崇德",2,61,-59
"3183","6180橘子","110/07/13","美商高盛",96,0,96
"3184","6180橘子","110/07/13","康和-台中",0,51,-51
"3185","6180橘子","110/07/13","新加坡商瑞銀",86,7,79
"3186","6180橘子","110/07/13","康和-台北",0,50,-50
"3187","6180橘子","110/07/13","元大-和平",40,0,40
"3188","6180橘子","110/07/13","元富-潮州",0,40,-40
"3189","6180橘子","110/07/13","凱基-台北",83,47,36
"3190","6180橘子","110/07/13","日盛-永康",0,26,-26
"3191","6180橘子","110/07/13","美林",39,5,34
"3192","6180橘子","110/07/13","永豐金-中正",0,24,-24
"3193","6180橘子","110/07/13","富邦-新竹華信",31,2,29
"3194","6180橘子","110/07/13","國泰-板橋",2,25,-23
"3195","6180橘子","110/07/13","統一-南京",21,0,21
"3196","6180橘子","110/07/13","日盛-大墩",0,20,-20
"3197","6180橘子","110/07/13","富邦-陽明",24,3,21
"3198","6180橘子","110/07/13","元大-草屯",13,32,-19
"3199","6180橘子","110/07/13","大昌-樹林",21,1,20
"3200","6180橘子","110/07/13","元富-林園",1,18,-17
"3201","6180橘子","110/07/13","花旗環球",19,0,19
"3202","6180橘子","110/07/13","新光-新竹",1,18,-17
"3203","6180橘子","110/07/13","華南永昌-台南",19,0,19
"3204","6180橘子","110/07/13","元大-土城永寧",0,17,-17
"3205","6180橘子","110/07/13","福勝",14,0,14
"3206","6180橘子","110/07/13","國泰-新莊",3,19,-16
"3207","6180橘子","110/07/13","富邦-嘉義",12,1,11
"3208","6180橘子","110/07/13","中國信託-永康",6,21,-15
"3209","6180橘子","110/07/13","元大-板橋三民",11,0,11
"3210","6180橘子","110/07/13","凱基-東港",1,15,-14
"3211","2390云辰","110/07/13","新加坡商瑞銀",562,75,487
"3212","2390云辰","110/07/13","大展-台南",0,532,-532
"3213","2390云辰","110/07/13","台灣摩根士丹利",330,155,175
"3214","2390云辰","110/07/13","凱基-台北",668,854,-186
"3215","2390云辰","110/07/13","兆豐-公益",126,25,101
"3216","2390云辰","110/07/13","凱基-三重",12,172,-160
"3217","2390云辰","110/07/13","元富-中港",100,2,98
"3218","2390云辰","110/07/13","兆豐-忠孝",4,161,-157
"3219","2390云辰","110/07/13","統一-新台中",106,9,97
"3220","2390云辰","110/07/13","元大-士林",19,170,-151
"3221","2390云辰","110/07/13","中國信託-松江",81,11,70
"3222","2390云辰","110/07/13","臺銀-新竹",14,117,-103
"3223","2390云辰","110/07/13","日盛-板橋",72,3,69
"3224","2390云辰","110/07/13","國票-台中",4,102,-98
"3225","2390云辰","110/07/13","日盛-和美",57,0,57
"3226","2390云辰","110/07/13","新光",147,232,-85
"3227","2390云辰","110/07/13","永豐金-桃園",88,36,52
"3228","2390云辰","110/07/13","致和-崇德",2,70,-68
"3229","2390云辰","110/07/13","玉山-士林",54,4,50
"3230","2390云辰","110/07/13","群益金鼎-屏東",2,70,-68
"3231","2390云辰","110/07/13","富邦-仁愛",56,6,50
"3232","2390云辰","110/07/13","元大-大里",35,98,-63
"3233","2390云辰","110/07/13","第一金-豐原",50,1,49
"3234","2390云辰","110/07/13","元大-萬華",35,94,-59
"3235","2390云辰","110/07/13","摩根大通",502,453,49
"3236","2390云辰","110/07/13","元富-吉利",2,60,-58
"3237","2390云辰","110/07/13","凱基-松山",61,13,48
"3238","2390云辰","110/07/13","兆豐-新竹",3,53,-50
"3239","2390云辰","110/07/13","大昌",64,22,42
"3240","2390云辰","110/07/13","富邦-嘉義",65,108,-43
"3241","2363矽統","110/07/13","凱基-南崁",2133,63,2070
"3242","2363矽統","110/07/13","凱基-幸福",36,4048,-4012
"3243","2363矽統","110/07/13","國泰-敦南",2195,1617,578
"3244","2363矽統","110/07/13","統一",192,3325,-3133
"3245","2363矽統","110/07/13","中農",670,139,531
"3246","2363矽統","110/07/13","新加坡商瑞銀",1000,2747,-1747
"3247","2363矽統","110/07/13","康和-台中",638,154,484
"3248","2363矽統","110/07/13","凱基-台北",5359,6609,-1250
"3249","2363矽統","110/07/13","群益金鼎-三民",577,137,440
"3250","2363矽統","110/07/13","摩根大通",1930,2858,-928
"3251","2363矽統","110/07/13","台新-屏東",510,88,422
"3252","2363矽統","110/07/13","港商野村",960,1679,-719
"3253","2363矽統","110/07/13","德信-中正",455,67,388
"3254","2363矽統","110/07/13","兆豐-復興",25,705,-680
"3255","2363矽統","110/07/13","日盛-竹北",365,70,295
"3256","2363矽統","110/07/13","統一-仁愛",114,755,-641
"3257","2363矽統","110/07/13","元大-佳里",452,189,263
"3258","2363矽統","110/07/13","統一-敦南",29,638,-609
"3259","2363矽統","110/07/13","國票-博愛",296,38,258
"3260","2363矽統","110/07/13","統一-土城",100,704,-604
"3261","2363矽統","110/07/13","元大-萬華",340,95,245
"3262","2363矽統","110/07/13","統一-城中",116,676,-560
"3263","2363矽統","110/07/13","新光",1259,1031,228
"3264","2363矽統","110/07/13","永豐金證券",306,859,-553
"3265","2363矽統","110/07/13","元富-成功",323,96,227
"3266","2363矽統","110/07/13","元富",54,567,-513
"3267","2363矽統","110/07/13","豐農",228,23,205
"3268","2363矽統","110/07/13","瑞士信貸",202,666,-464
"3269","2363矽統","110/07/13","台灣企銀-岡山",186,4,182
"3270","2363矽統","110/07/13","永豐金-嘉義",67,468,-401
"3271","2363矽統","110/07/13","凱基-南崁",2133,63,2070
"3272","2363矽統","110/07/13","凱基-幸福",36,4048,-4012
"3273","2363矽統","110/07/13","國泰-敦南",2195,1617,578
"3274","2363矽統","110/07/13","統一",192,3325,-3133
"3275","2363矽統","110/07/13","中農",670,139,531
"3276","2363矽統","110/07/13","新加坡商瑞銀",1000,2747,-1747
"3277","2363矽統","110/07/13","康和-台中",638,154,484
"3278","2363矽統","110/07/13","凱基-台北",5359,6609,-1250
"3279","2363矽統","110/07/13","群益金鼎-三民",577,137,440
"3280","2363矽統","110/07/13","摩根大通",1930,2858,-928
"3281","2363矽統","110/07/13","台新-屏東",510,88,422
"3282","2363矽統","110/07/13","港商野村",960,1679,-719
"3283","2363矽統","110/07/13","德信-中正",455,67,388
"3284","2363矽統","110/07/13","兆豐-復興",25,705,-680
"3285","2363矽統","110/07/13","日盛-竹北",365,70,295
"3286","2363矽統","110/07/13","統一-仁愛",114,755,-641
"3287","2363矽統","110/07/13","元大-佳里",452,189,263
"3288","2363矽統","110/07/13","統一-敦南",29,638,-609
"3289","2363矽統","110/07/13","國票-博愛",296,38,258
"3290","2363矽統","110/07/13","統一-土城",100,704,-604
"3291","2363矽統","110/07/13","元大-萬華",340,95,245
"3292","2363矽統","110/07/13","統一-城中",116,676,-560
"3293","2363矽統","110/07/13","新光",1259,1031,228
"3294","2363矽統","110/07/13","永豐金證券",306,859,-553
"3295","2363矽統","110/07/13","元富-成功",323,96,227
"3296","2363矽統","110/07/13","元富",54,567,-513
"3297","2363矽統","110/07/13","豐農",228,23,205
"3298","2363矽統","110/07/13","瑞士信貸",202,666,-464
"3299","2363矽統","110/07/13","台灣企銀-岡山",186,4,182
"3300","2363矽統","110/07/13","永豐金-嘉義",67,468,-401
"3301","2363矽統","110/07/13","凱基-南崁",2133,63,2070
"3302","2363矽統","110/07/13","凱基-幸福",36,4048,-4012
"3303","2363矽統","110/07/13","國泰-敦南",2195,1617,578
"3304","2363矽統","110/07/13","統一",192,3325,-3133
"3305","2363矽統","110/07/13","中農",670,139,531
"3306","2363矽統","110/07/13","新加坡商瑞銀",1000,2747,-1747
"3307","2363矽統","110/07/13","康和-台中",638,154,484
"3308","2363矽統","110/07/13","凱基-台北",5359,6609,-1250
"3309","2363矽統","110/07/13","群益金鼎-三民",577,137,440
"3310","2363矽統","110/07/13","摩根大通",1930,2858,-928
"3311","2363矽統","110/07/13","台新-屏東",510,88,422
"3312","2363矽統","110/07/13","港商野村",960,1679,-719
"3313","2363矽統","110/07/13","德信-中正",455,67,388
"3314","2363矽統","110/07/13","兆豐-復興",25,705,-680
"3315","2363矽統","110/07/13","日盛-竹北",365,70,295
"3316","2363矽統","110/07/13","統一-仁愛",114,755,-641
"3317","2363矽統","110/07/13","元大-佳里",452,189,263
"3318","2363矽統","110/07/13","統一-敦南",29,638,-609
"3319","2363矽統","110/07/13","國票-博愛",296,38,258
"3320","2363矽統","110/07/13","統一-土城",100,704,-604
"3321","2363矽統","110/07/13","元大-萬華",340,95,245
"3322","2363矽統","110/07/13","統一-城中",116,676,-560
"3323","2363矽統","110/07/13","新光",1259,1031,228
"3324","2363矽統","110/07/13","永豐金證券",306,859,-553
"3325","2363矽統","110/07/13","元富-成功",323,96,227
"3326","2363矽統","110/07/13","元富",54,567,-513
"3327","2363矽統","110/07/13","豐農",228,23,205
"3328","2363矽統","110/07/13","瑞士信貸",202,666,-464
"3329","2363矽統","110/07/13","台灣企銀-岡山",186,4,182
"3330","2363矽統","110/07/13","永豐金-嘉義",67,468,-401
"3331","1570力肯","110/07/13","新光",115,11,104
"3332","1570力肯","110/07/13","元大-北三重",0,162,-162
"3333","1570力肯","110/07/13","群益金鼎-高雄",54,0,54
"3334","1570力肯","110/07/13","元大-大灣",0,25,-25
"3335","1570力肯","110/07/13","國票-新莊",22,0,22
"3336","1570力肯","110/07/13","永豐金-苓雅",0,22,-22
"3337","1570力肯","110/07/13","日盛-桃園",12,0,12
"3338","1570力肯","110/07/13","永豐金-永康",0,19,-19
"3339","1570力肯","110/07/13","元大-高雄",12,0,12
"3340","1570力肯","110/07/13","富邦-員林",0,15,-15
"3341","1570力肯","110/07/13","合庫-自強",11,0,11
"3342","1570力肯","110/07/13","凱基-台南",0,11,-11
"3343","1570力肯","110/07/13","摩根大通",26,15,11
"3344","1570力肯","110/07/13","日盛-竹北",0,10,-10
"3345","1570力肯","110/07/13","永豐金-中盛",11,0,11
"3346","1570力肯","110/07/13","國票-九鼎",0,10,-10
"3347","1570力肯","110/07/13","兆豐-台中港",10,0,10
"3348","1570力肯","110/07/13","凱基-桃園",0,10,-10
"3349","1570力肯","110/07/13","國泰-松江",9,0,9
"3350","1570力肯","110/07/13","凱基-新豐",0,10,-10
"3351","1570力肯","110/07/13","元大-新盛",9,0,9
"3352","1570力肯","110/07/13","元大-學甲",0,10,-10
"3353","1570力肯","110/07/13","元富-緯城",6,0,6
"3354","1570力肯","110/07/13","群益金鼎-東湖",1,10,-9
"3355","1570力肯","110/07/13","統一-三重",5,0,5
"3356","1570力肯","110/07/13","大昌",0,6,-6
"3357","1570力肯","110/07/13","元大-前金",5,0,5
"3358","1570力肯","110/07/13","元大-土城學府",0,6,-6
"3359","1570力肯","110/07/13","永豐金證券",5,0,5
"3360","1570力肯","110/07/13","統一",0,5,-5
"3361","1570力肯","110/07/13","新光",115,11,104
"3362","1570力肯","110/07/13","元大-北三重",0,162,-162
"3363","1570力肯","110/07/13","群益金鼎-高雄",54,0,54
"3364","1570力肯","110/07/13","元大-大灣",0,25,-25
"3365","1570力肯","110/07/13","國票-新莊",22,0,22
"3366","1570力肯","110/07/13","永豐金-苓雅",0,22,-22
"3367","1570力肯","110/07/13","日盛-桃園",12,0,12
"3368","1570力肯","110/07/13","永豐金-永康",0,19,-19
"3369","1570力肯","110/07/13","元大-高雄",12,0,12
"3370","1570力肯","110/07/13","富邦-員林",0,15,-15
"3371","1570力肯","110/07/13","合庫-自強",11,0,11
"3372","1570力肯","110/07/13","凱基-台南",0,11,-11
"3373","1570力肯","110/07/13","摩根大通",26,15,11
"3374","1570力肯","110/07/13","日盛-竹北",0,10,-10
"3375","1570力肯","110/07/13","永豐金-中盛",11,0,11
"3376","1570力肯","110/07/13","國票-九鼎",0,10,-10
"3377","1570力肯","110/07/13","兆豐-台中港",10,0,10
"3378","1570力肯","110/07/13","凱基-桃園",0,10,-10
"3379","1570力肯","110/07/13","國泰-松江",9,0,9
"3380","1570力肯","110/07/13","凱基-新豐",0,10,-10
"3381","1570力肯","110/07/13","元大-新盛",9,0,9
"3382","1570力肯","110/07/13","元大-學甲",0,10,-10
"3383","1570力肯","110/07/13","元富-緯城",6,0,6
"3384","1570力肯","110/07/13","群益金鼎-東湖",1,10,-9
"3385","1570力肯","110/07/13","統一-三重",5,0,5
"3386","1570力肯","110/07/13","大昌",0,6,-6
"3387","1570力肯","110/07/13","元大-前金",5,0,5
"3388","1570力肯","110/07/13","元大-土城學府",0,6,-6
"3389","1570力肯","110/07/13","永豐金證券",5,0,5
"3390","1570力肯","110/07/13","統一",0,5,-5
"3391","6180橘子","110/07/13","摩根大通",119,0,119
"3392","6180橘子","110/07/13","元大-崇德",2,61,-59
"3393","6180橘子","110/07/13","美商高盛",96,0,96
"3394","6180橘子","110/07/13","康和-台中",0,51,-51
"3395","6180橘子","110/07/13","新加坡商瑞銀",86,7,79
"3396","6180橘子","110/07/13","康和-台北",0,50,-50
"3397","6180橘子","110/07/13","元大-和平",40,0,40
"3398","6180橘子","110/07/13","元富-潮州",0,40,-40
"3399","6180橘子","110/07/13","凱基-台北",83,47,36
"3400","6180橘子","110/07/13","日盛-永康",0,26,-26
"3401","6180橘子","110/07/13","美林",39,5,34
"3402","6180橘子","110/07/13","永豐金-中正",0,24,-24
"3403","6180橘子","110/07/13","富邦-新竹華信",31,2,29
"3404","6180橘子","110/07/13","國泰-板橋",2,25,-23
"3405","6180橘子","110/07/13","統一-南京",21,0,21
"3406","6180橘子","110/07/13","日盛-大墩",0,20,-20
"3407","6180橘子","110/07/13","富邦-陽明",24,3,21
"3408","6180橘子","110/07/13","元大-草屯",13,32,-19
"3409","6180橘子","110/07/13","大昌-樹林",21,1,20
"3410","6180橘子","110/07/13","元富-林園",1,18,-17
"3411","6180橘子","110/07/13","花旗環球",19,0,19
"3412","6180橘子","110/07/13","新光-新竹",1,18,-17
"3413","6180橘子","110/07/13","華南永昌-台南",19,0,19
"3414","6180橘子","110/07/13","元大-土城永寧",0,17,-17
"3415","6180橘子","110/07/13","福勝",14,0,14
"3416","6180橘子","110/07/13","國泰-新莊",3,19,-16
"3417","6180橘子","110/07/13","富邦-嘉義",12,1,11
"3418","6180橘子","110/07/13","中國信託-永康",6,21,-15
"3419","6180橘子","110/07/13","元大-板橋三民",11,0,11
"3420","6180橘子","110/07/13","凱基-東港",1,15,-14
"3421","1570力肯","110/07/13","新光",115,11,104
"3422","1570力肯","110/07/13","元大-北三重",0,162,-162
"3423","1570力肯","110/07/13","群益金鼎-高雄",54,0,54
"3424","1570力肯","110/07/13","元大-大灣",0,25,-25
"3425","1570力肯","110/07/13","國票-新莊",22,0,22
"3426","1570力肯","110/07/13","永豐金-苓雅",0,22,-22
"3427","1570力肯","110/07/13","日盛-桃園",12,0,12
"3428","1570力肯","110/07/13","永豐金-永康",0,19,-19
"3429","1570力肯","110/07/13","元大-高雄",12,0,12
"3430","1570力肯","110/07/13","富邦-員林",0,15,-15
"3431","1570力肯","110/07/13","合庫-自強",11,0,11
"3432","1570力肯","110/07/13","凱基-台南",0,11,-11
"3433","1570力肯","110/07/13","摩根大通",26,15,11
"3434","1570力肯","110/07/13","日盛-竹北",0,10,-10
"3435","1570力肯","110/07/13","永豐金-中盛",11,0,11
"3436","1570力肯","110/07/13","國票-九鼎",0,10,-10
"3437","1570力肯","110/07/13","兆豐-台中港",10,0,10
"3438","1570力肯","110/07/13","凱基-桃園",0,10,-10
"3439","1570力肯","110/07/13","國泰-松江",9,0,9
"3440","1570力肯","110/07/13","凱基-新豐",0,10,-10
"3441","1570力肯","110/07/13","元大-新盛",9,0,9
"3442","1570力肯","110/07/13","元大-學甲",0,10,-10
"3443","1570力肯","110/07/13","元富-緯城",6,0,6
"3444","1570力肯","110/07/13","群益金鼎-東湖",1,10,-9
"3445","1570力肯","110/07/13","統一-三重",5,0,5
"3446","1570力肯","110/07/13","大昌",0,6,-6
"3447","1570力肯","110/07/13","元大-前金",5,0,5
"3448","1570力肯","110/07/13","元大-土城學府",0,6,-6
"3449","1570力肯","110/07/13","永豐金證券",5,0,5
"3450","1570力肯","110/07/13","統一",0,5,-5
"3451","6180橘子","110/07/13","摩根大通",119,0,119
"3452","6180橘子","110/07/13","元大-崇德",2,61,-59
"3453","6180橘子","110/07/13","美商高盛",96,0,96
"3454","6180橘子","110/07/13","康和-台中",0,51,-51
"3455","6180橘子","110/07/13","新加坡商瑞銀",86,7,79
"3456","6180橘子","110/07/13","康和-台北",0,50,-50
"3457","6180橘子","110/07/13","元大-和平",40,0,40
"3458","6180橘子","110/07/13","元富-潮州",0,40,-40
"3459","6180橘子","110/07/13","凱基-台北",83,47,36
"3460","6180橘子","110/07/13","日盛-永康",0,26,-26
"3461","6180橘子","110/07/13","美林",39,5,34
"3462","6180橘子","110/07/13","永豐金-中正",0,24,-24
"3463","6180橘子","110/07/13","富邦-新竹華信",31,2,29
"3464","6180橘子","110/07/13","國泰-板橋",2,25,-23
"3465","6180橘子","110/07/13","統一-南京",21,0,21
"3466","6180橘子","110/07/13","日盛-大墩",0,20,-20
"3467","6180橘子","110/07/13","富邦-陽明",24,3,21
"3468","6180橘子","110/07/13","元大-草屯",13,32,-19
"3469","6180橘子","110/07/13","大昌-樹林",21,1,20
"3470","6180橘子","110/07/13","元富-林園",1,18,-17
"3471","6180橘子","110/07/13","花旗環球",19,0,19
"3472","6180橘子","110/07/13","新光-新竹",1,18,-17
"3473","6180橘子","110/07/13","華南永昌-台南",19,0,19
"3474","6180橘子","110/07/13","元大-土城永寧",0,17,-17
"3475","6180橘子","110/07/13","福勝",14,0,14
"3476","6180橘子","110/07/13","國泰-新莊",3,19,-16
"3477","6180橘子","110/07/13","富邦-嘉義",12,1,11
"3478","6180橘子","110/07/13","中國信託-永康",6,21,-15
"3479","6180橘子","110/07/13","元大-板橋三民",11,0,11
"3480","6180橘子","110/07/13","凱基-東港",1,15,-14
"3481","2390云辰","110/07/13","新加坡商瑞銀",562,75,487
"3482","2390云辰","110/07/13","大展-台南",0,532,-532
"3483","2390云辰","110/07/13","台灣摩根士丹利",330,155,175
"3484","2390云辰","110/07/13","凱基-台北",668,854,-186
"3485","2390云辰","110/07/13","兆豐-公益",126,25,101
"3486","2390云辰","110/07/13","凱基-三重",12,172,-160
"3487","2390云辰","110/07/13","元富-中港",100,2,98
"3488","2390云辰","110/07/13","兆豐-忠孝",4,161,-157
"3489","2390云辰","110/07/13","統一-新台中",106,9,97
"3490","2390云辰","110/07/13","元大-士林",19,170,-151
"3491","2390云辰","110/07/13","中國信託-松江",81,11,70
"3492","2390云辰","110/07/13","臺銀-新竹",14,117,-103
"3493","2390云辰","110/07/13","日盛-板橋",72,3,69
"3494","2390云辰","110/07/13","國票-台中",4,102,-98
"3495","2390云辰","110/07/13","日盛-和美",57,0,57
"3496","2390云辰","110/07/13","新光",147,232,-85
"3497","2390云辰","110/07/13","永豐金-桃園",88,36,52
"3498","2390云辰","110/07/13","致和-崇德",2,70,-68
"3499","2390云辰","110/07/13","玉山-士林",54,4,50
"3500","2390云辰","110/07/13","群益金鼎-屏東",2,70,-68
"3501","2390云辰","110/07/13","富邦-仁愛",56,6,50
"3502","2390云辰","110/07/13","元大-大里",35,98,-63
"3503","2390云辰","110/07/13","第一金-豐原",50,1,49
"3504","2390云辰","110/07/13","元大-萬華",35,94,-59
"3505","2390云辰","110/07/13","摩根大通",502,453,49
"3506","2390云辰","110/07/13","元富-吉利",2,60,-58
"3507","2390云辰","110/07/13","凱基-松山",61,13,48
"3508","2390云辰","110/07/13","兆豐-新竹",3,53,-50
"3509","2390云辰","110/07/13","大昌",64,22,42
"3510","2390云辰","110/07/13","富邦-嘉義",65,108,-43
"3511","2363矽統","110/07/13","凱基-南崁",2133,63,2070
"3512","2363矽統","110/07/13","凱基-幸福",36,4048,-4012
"3513","2363矽統","110/07/13","國泰-敦南",2195,1617,578
"3514","2363矽統","110/07/13","統一",192,3325,-3133
"3515","2363矽統","110/07/13","中農",670,139,531
"3516","2363矽統","110/07/13","新加坡商瑞銀",1000,2747,-1747
"3517","2363矽統","110/07/13","康和-台中",638,154,484
"3518","2363矽統","110/07/13","凱基-台北",5359,6609,-1250
"3519","2363矽統","110/07/13","群益金鼎-三民",577,137,440
"3520","2363矽統","110/07/13","摩根大通",1930,2858,-928
"3521","2363矽統","110/07/13","台新-屏東",510,88,422
"3522","2363矽統","110/07/13","港商野村",960,1679,-719
"3523","2363矽統","110/07/13","德信-中正",455,67,388
"3524","2363矽統","110/07/13","兆豐-復興",25,705,-680
"3525","2363矽統","110/07/13","日盛-竹北",365,70,295
"3526","2363矽統","110/07/13","統一-仁愛",114,755,-641
"3527","2363矽統","110/07/13","元大-佳里",452,189,263
"3528","2363矽統","110/07/13","統一-敦南",29,638,-609
"3529","2363矽統","110/07/13","國票-博愛",296,38,258
"3530","2363矽統","110/07/13","統一-土城",100,704,-604
"3531","2363矽統","110/07/13","元大-萬華",340,95,245
"3532","2363矽統","110/07/13","統一-城中",116,676,-560
"3533","2363矽統","110/07/13","新光",1259,1031,228
"3534","2363矽統","110/07/13","永豐金證券",306,859,-553
"3535","2363矽統","110/07/13","元富-成功",323,96,227
"3536","2363矽統","110/07/13","元富",54,567,-513
"3537","2363矽統","110/07/13","豐農",228,23,205
"3538","2363矽統","110/07/13","瑞士信貸",202,666,-464
"3539","2363矽統","110/07/13","台灣企銀-岡山",186,4,182
"3540","2363矽統","110/07/13","永豐金-嘉義",67,468,-401
"3541","8112至上","110/07/13","摩根大通",688,296,392
"3542","8112至上","110/07/13","國票-中和",0,401,-401
"3543","8112至上","110/07/13","港商野村",344,145,199
"3544","8112至上","110/07/13","永豐金-板盛",0,205,-205
"3545","8112至上","110/07/13","兆豐-公益",195,5,190
"3546","8112至上","110/07/13","凱基-五股",43,155,-112
"3547","8112至上","110/07/13","台灣摩根士丹利",183,0,183
"3548","8112至上","110/07/13","凱基-市政",0,100,-100
"3549","8112至上","110/07/13","群益金鼎-敦南",153,2,151
"3550","8112至上","110/07/13","元大-大里德芳",1,92,-91
"3551","8112至上","110/07/13","臺銀-金山",146,26,120
"3552","8112至上","110/07/13","玉山-桃園",26,110,-84
"3553","8112至上","110/07/13","臺銀",133,19,114
"3554","8112至上","110/07/13","兆豐-天母",0,81,-81
"3555","8112至上","110/07/13","合庫-台中",115,6,109
"3556","8112至上","110/07/13","凱基-城中",3,84,-81
"3557","8112至上","110/07/13","亞東-板橋",134,26,108
"3558","8112至上","110/07/13","日盛-新莊",9,85,-76
"3559","8112至上","110/07/13","凱基-台北",414,326,88
"3560","8112至上","110/07/13","日盛-台中",2,64,-62
"3561","8112至上","110/07/13","新加坡商瑞銀",181,100,81
"3562","8112至上","110/07/13","日盛-中壢",3,64,-61
"3563","8112至上","110/07/13","國泰-敦南",108,31,77
"3564","8112至上","110/07/13","元大-台中",2,59,-57
"3565","8112至上","110/07/13","第一金-華江",77,4,73
"3566","8112至上","110/07/13","元大-雙和",7,64,-57
"3567","8112至上","110/07/13","永豐金-內湖",73,1,72
"3568","8112至上","110/07/13","元大-高雄",8,62,-54
"3569","8112至上","110/07/13","元大-永和",68,1,67
"3570","8112至上","110/07/13","元大-館前",2,55,-53
"3571","2929淘帝","110/07/13","玉山-新竹",130,0,130
"3572","2929淘帝","110/07/13","美商高盛",0,177,-177
"3573","2929淘帝","110/07/13","臺銀-民權",60,0,60
"3574","2929淘帝","110/07/13","凱基-台北",6,80,-74
"3575","2929淘帝","110/07/13","新百王",31,0,31
"3576","2929淘帝","110/07/13","元富-大裕",0,49,-49
"3577","2929淘帝","110/07/13","日盛-園區",30,0,30
"3578","2929淘帝","110/07/13","國泰-館前",3,51,-48
"3579","2929淘帝","110/07/13","元大-南投",31,1,30
"3580","2929淘帝","110/07/13","凱基-中壢",0,41,-41
"3581","2929淘帝","110/07/13","兆豐-忠孝",28,0,28
"3582","2929淘帝","110/07/13","港商野村",21,55,-34
"3583","2929淘帝","110/07/13","元大-民生",28,0,28
"3584","2929淘帝","110/07/13","華南永昌-南京",2,34,-32
"3585","2929淘帝","110/07/13","合庫-高雄",27,0,27
"3586","2929淘帝","110/07/13","群益金鼎-土城",0,30,-30
"3587","2929淘帝","110/07/13","凱基-豐中",27,0,27
"3588","2929淘帝","110/07/13","富邦-南屯",0,22,-22
"3589","2929淘帝","110/07/13","新光",21,4,17
"3590","2929淘帝","110/07/13","第一金-豐原",0,20,-20
"3591","2929淘帝","110/07/13","元大-天母",17,0,17
"3592","2929淘帝","110/07/13","元大-屏南",6,26,-20
"3593","2929淘帝","110/07/13","永興",14,0,14
"3594","2929淘帝","110/07/13","永豐金-敦南",1,21,-20
"3595","2929淘帝","110/07/13","富邦-台北",12,0,12
"3596","2929淘帝","110/07/13","凱基-三重",2,21,-19
"3597","2929淘帝","110/07/13","元大-永和",12,0,12
"3598","2929淘帝","110/07/13","富邦-仁愛",7,25,-18
"3599","2929淘帝","110/07/13","國票-天祥",11,0,11
"3600","2929淘帝","110/07/13","元大-北投",0,16,-16
"3601","2841台開","110/07/13","中國信託-高雄",251,50,201
"3602","2841台開","110/07/13","兆豐-公益",0,177,-177
"3603","2841台開","110/07/13","日盛證券",210,13,197
"3604","2841台開","110/07/13","日進",0,152,-152
"3605","2841台開","110/07/13","第一金-台中",55,0,55
"3606","2841台開","110/07/13","港商野村",0,109,-109
"3607","2841台開","110/07/13","國泰-板橋",46,0,46
"3608","2841台開","110/07/13","日盛-信義",0,103,-103
"3609","2841台開","110/07/13","國泰-館前",48,3,45
"3610","2841台開","110/07/13","國泰-敦南",11,75,-64
"3611","2841台開","110/07/13","華南永昌-新莊",45,0,45
"3612","2841台開","110/07/13","永興",0,50,-50
"3613","2841台開","110/07/13","日盛-園區",42,0,42
"3614","2841台開","110/07/13","永豐金-敦南",61,104,-43
"3615","2841台開","110/07/13","台新證券",32,0,32
"3616","2841台開","110/07/13","富邦-台南",0,42,-42
"3617","2841台開","110/07/13","台新-高雄",32,2,30
"3618","2841台開","110/07/13","國票-安和",0,30,-30
"3619","2841台開","110/07/13","豐農",23,0,23
"3620","2841台開","110/07/13","元大-桃園",0,25,-25
"3621","2841台開","110/07/13","合庫-嘉義",20,0,20
"3622","2841台開","110/07/13","新光",8,32,-24
"3623","2841台開","110/07/13","華南永昌-高雄",20,0,20
"3624","2841台開","110/07/13","元大-仁愛",0,24,-24
"3625","2841台開","110/07/13","元大-樹林",16,0,16
"3626","2841台開","110/07/13","日盛-中和",0,20,-20
"3627","2841台開","110/07/13","第一金-華江",15,2,13
"3628","2841台開","110/07/13","元富",0,20,-20
"3629","2841台開","110/07/13","美商高盛",12,0,12
"3630","2841台開","110/07/13","富邦-宜蘭",0,20,-20
"3631","6207雷科","110/07/13","元大-高雄",121,0,121
"3632","6207雷科","110/07/13","華南永昌-朴子",1,60,-59
"3633","6207雷科","110/07/13","第一金-新興",20,0,20
"3634","6207雷科","110/07/13","元大-南海",0,36,-36
"3635","6207雷科","110/07/13","元富-三重",20,0,20
"3636","6207雷科","110/07/13","凱基-土城",0,35,-35
"3637","6207雷科","110/07/13","元大-林園",15,0,15
"3638","6207雷科","110/07/13","台灣企銀",0,20,-20
"3639","6207雷科","110/07/13","元大-金華",16,1,15
"3640","6207雷科","110/07/13","群益金鼎-丹鳳",0,20,-20
"3641","6207雷科","110/07/13","日盛證券",10,0,10
"3642","6207雷科","110/07/13","元大-博愛",0,17,-17
"3643","6207雷科","110/07/13","統一-台中",10,0,10
"3644","6207雷科","110/07/13","元大-北港",0,13,-13
"3645","6207雷科","110/07/13","群益金鼎-土城",10,0,10
"3646","6207雷科","110/07/13","新加坡商瑞銀",0,12,-12
"3647","6207雷科","110/07/13","群益金鼎-桃園",10,0,10
"3648","6207雷科","110/07/13","凱基-台北",4,16,-12
"3649","6207雷科","110/07/13","永豐金-新莊",10,0,10
"3650","6207雷科","110/07/13","日茂-埔里",0,11,-11
"3651","6207雷科","110/07/13","永豐金-新店",10,0,10
"3652","6207雷科","110/07/13","元大-莒光",0,11,-11
"3653","6207雷科","110/07/13","元大證券",9,0,9
"3654","6207雷科","110/07/13","統一-新竹",0,10,-10
"3655","6207雷科","110/07/13","日盛-木柵",9,1,8
"3656","6207雷科","110/07/13","元大-西螺",0,10,-10
"3657","6207雷科","110/07/13","兆豐-來福",8,0,8
"3658","6207雷科","110/07/13","康和-台中",0,8,-8
"3659","6207雷科","110/07/13","新光",7,0,7
"3660","6207雷科","110/07/13","兆豐-高雄",0,6,-6
"3661","3679新至陞","110/07/13","永豐金證券",50,0,50
"3662","3679新至陞","110/07/13","摩根大通",2,25,-23
"3663","3679新至陞","110/07/13","國泰-桃園",22,0,22
"3664","3679新至陞","110/07/13","元大-成功",0,22,-22
"3665","3679新至陞","110/07/13","台中銀-員林",11,0,11
"3666","3679新至陞","110/07/13","富邦-板橋",1,19,-18
"3667","3679新至陞","110/07/13","元大-文心興安",8,0,8
"3668","3679新至陞","110/07/13","日盛-新莊",0,10,-10
"3669","3679新至陞","110/07/13","美商高盛",6,0,6
"3670","3679新至陞","110/07/13","台新-台中",0,10,-10
"3671","3679新至陞","110/07/13","台新-高雄",6,0,6
"3672","3679新至陞","110/07/13","永豐金-新竹",0,8,-8
"3673","3679新至陞","110/07/13","凱基-台北",18,12,6
"3674","3679新至陞","110/07/13","瑞士信貸",12,19,-7
"3675","3679新至陞","110/07/13","日盛-復興",5,0,5
"3676","3679新至陞","110/07/13","統一-南京",0,7,-7
"3677","3679新至陞","110/07/13","(牛牛牛)亞-鑫豐",4,0,4
"3678","3679新至陞","110/07/13","凱基-新莊",0,7,-7
"3679","3679新至陞","110/07/13","元富-大昌",3,0,3
"3680","3679新至陞","110/07/13","新加坡商瑞銀",0,6,-6
"3681","3679新至陞","110/07/13","富邦-台北",3,0,3
"3682","3679新至陞","110/07/13","合庫-自強",0,5,-5
"3683","3679新至陞","110/07/13","日盛-樹林",2,0,2
"3684","3679新至陞","110/07/13","富邦-桃園",0,5,-5
"3685","3679新至陞","110/07/13","宏遠-光隆",2,0,2
"3686","3679新至陞","110/07/13","永豐金-潮州",0,4,-4
"3687","3679新至陞","110/07/13","美林",3,1,2
"3688","3679新至陞","110/07/13","臺銀-臺南",0,3,-3
"3689","3679新至陞","110/07/13","第一金-中壢",2,0,2
"3690","3679新至陞","110/07/13","元大-六合",0,3,-3
"3691","2727王品","110/07/13","富邦-台北",43,3,40
"3692","2727王品","110/07/13","台灣摩根士丹利",15,97,-82
"3693","2727王品","110/07/13","元大-基隆孝二",40,0,40
"3694","2727王品","110/07/13","玉山-台南",5,57,-52
"3695","2727王品","110/07/13","國票-新莊",40,1,39
"3696","2727王品","110/07/13","新加坡商瑞銀",0,48,-48
"3697","2727王品","110/07/13","第一金-豐原",66,42,24
"3698","2727王品","110/07/13","凱基-台北",41,77,-36
"3699","2727王品","110/07/13","永豐金-大園",34,10,24
"3700","2727王品","110/07/13","永豐金-永康",0,22,-22
"3701","2727王品","110/07/13","元大-北屯",22,0,22
"3702","2727王品","110/07/13","統一-台中",2,22,-20
"3703","2727王品","110/07/13","元大-東蘆",26,7,19
"3704","2727王品","110/07/13","國泰-台中",21,39,-18
"3705","2727王品","110/07/13","永豐金-萬盛",13,1,12
"3706","2727王品","110/07/13","合庫-彰化",3,20,-17
"3707","2727王品","110/07/13","日盛-嘉義",11,0,11
"3708","2727王品","110/07/13","港商野村",13,30,-17
"3709","2727王品","110/07/13","日盛-八德",11,0,11
"3710","2727王品","110/07/13","元大-楊梅",1,16,-15
"3711","2727王品","110/07/13","統一-竹南",11,0,11
"3712","2727王品","110/07/13","凱基-高美館",2,15,-13
"3713","2727王品","110/07/13","日盛-士林",12,2,10
"3714","2727王品","110/07/13","美商高盛",2,14,-12
"3715","2727王品","110/07/13","統一-敦南",10,0,10
"3716","2727王品","110/07/13","統一-平鎮",1,13,-12
"3717","2727王品","110/07/13","中國信託",15,5,10
"3718","2727王品","110/07/13","兆豐-台中港",4,16,-12
"3719","2727王品","110/07/13","兆豐-竹北",13,3,10
"3720","2727王品","110/07/13","凱基-八德",1,13,-12
"3721","1570力肯","110/07/13","新光",115,11,104
"3722","1570力肯","110/07/13","元大-北三重",0,162,-162
"3723","1570力肯","110/07/13","群益金鼎-高雄",54,0,54
"3724","1570力肯","110/07/13","元大-大灣",0,25,-25
"3725","1570力肯","110/07/13","國票-新莊",22,0,22
"3726","1570力肯","110/07/13","永豐金-苓雅",0,22,-22
"3727","1570力肯","110/07/13","日盛-桃園",12,0,12
"3728","1570力肯","110/07/13","永豐金-永康",0,19,-19
"3729","1570力肯","110/07/13","元大-高雄",12,0,12
"3730","1570力肯","110/07/13","富邦-員林",0,15,-15
"3731","1570力肯","110/07/13","合庫-自強",11,0,11
"3732","1570力肯","110/07/13","凱基-台南",0,11,-11
"3733","1570力肯","110/07/13","摩根大通",26,15,11
"3734","1570力肯","110/07/13","日盛-竹北",0,10,-10
"3735","1570力肯","110/07/13","永豐金-中盛",11,0,11
"3736","1570力肯","110/07/13","國票-九鼎",0,10,-10
"3737","1570力肯","110/07/13","兆豐-台中港",10,0,10
"3738","1570力肯","110/07/13","凱基-桃園",0,10,-10
"3739","1570力肯","110/07/13","國泰-松江",9,0,9
"3740","1570力肯","110/07/13","凱基-新豐",0,10,-10
"3741","1570力肯","110/07/13","元大-新盛",9,0,9
"3742","1570力肯","110/07/13","元大-學甲",0,10,-10
"3743","1570力肯","110/07/13","元富-緯城",6,0,6
"3744","1570力肯","110/07/13","群益金鼎-東湖",1,10,-9
"3745","1570力肯","110/07/13","統一-三重",5,0,5
"3746","1570力肯","110/07/13","大昌",0,6,-6
"3747","1570力肯","110/07/13","元大-前金",5,0,5
"3748","1570力肯","110/07/13","元大-土城學府",0,6,-6
"3749","1570力肯","110/07/13","永豐金證券",5,0,5
"3750","1570力肯","110/07/13","統一",0,5,-5
"3751","6180橘子","110/07/13","摩根大通",119,0,119
"3752","6180橘子","110/07/13","元大-崇德",2,61,-59
"3753","6180橘子","110/07/13","美商高盛",96,0,96
"3754","6180橘子","110/07/13","康和-台中",0,51,-51
"3755","6180橘子","110/07/13","新加坡商瑞銀",86,7,79
"3756","6180橘子","110/07/13","康和-台北",0,50,-50
"3757","6180橘子","110/07/13","元大-和平",40,0,40
"3758","6180橘子","110/07/13","元富-潮州",0,40,-40
"3759","6180橘子","110/07/13","凱基-台北",83,47,36
"3760","6180橘子","110/07/13","日盛-永康",0,26,-26
"3761","6180橘子","110/07/13","美林",39,5,34
"3762","6180橘子","110/07/13","永豐金-中正",0,24,-24
"3763","6180橘子","110/07/13","富邦-新竹華信",31,2,29
"3764","6180橘子","110/07/13","國泰-板橋",2,25,-23
"3765","6180橘子","110/07/13","統一-南京",21,0,21
"3766","6180橘子","110/07/13","日盛-大墩",0,20,-20
"3767","6180橘子","110/07/13","富邦-陽明",24,3,21
"3768","6180橘子","110/07/13","元大-草屯",13,32,-19
"3769","6180橘子","110/07/13","大昌-樹林",21,1,20
"3770","6180橘子","110/07/13","元富-林園",1,18,-17
"3771","6180橘子","110/07/13","花旗環球",19,0,19
"3772","6180橘子","110/07/13","新光-新竹",1,18,-17
"3773","6180橘子","110/07/13","華南永昌-台南",19,0,19
"3774","6180橘子","110/07/13","元大-土城永寧",0,17,-17
"3775","6180橘子","110/07/13","福勝",14,0,14
"3776","6180橘子","110/07/13","國泰-新莊",3,19,-16
"3777","6180橘子","110/07/13","富邦-嘉義",12,1,11
"3778","6180橘子","110/07/13","中國信託-永康",6,21,-15
"3779","6180橘子","110/07/13","元大-板橋三民",11,0,11
"3780","6180橘子","110/07/13","凱基-東港",1,15,-14
"3781","2390云辰","110/07/13","新加坡商瑞銀",562,75,487
"3782","2390云辰","110/07/13","大展-台南",0,532,-532
"3783","2390云辰","110/07/13","台灣摩根士丹利",330,155,175
"3784","2390云辰","110/07/13","凱基-台北",668,854,-186
"3785","2390云辰","110/07/13","兆豐-公益",126,25,101
"3786","2390云辰","110/07/13","凱基-三重",12,172,-160
"3787","2390云辰","110/07/13","元富-中港",100,2,98
"3788","2390云辰","110/07/13","兆豐-忠孝",4,161,-157
"3789","2390云辰","110/07/13","統一-新台中",106,9,97
"3790","2390云辰","110/07/13","元大-士林",19,170,-151
"3791","2390云辰","110/07/13","中國信託-松江",81,11,70
"3792","2390云辰","110/07/13","臺銀-新竹",14,117,-103
"3793","2390云辰","110/07/13","日盛-板橋",72,3,69
"3794","2390云辰","110/07/13","國票-台中",4,102,-98
"3795","2390云辰","110/07/13","日盛-和美",57,0,57
"3796","2390云辰","110/07/13","新光",147,232,-85
"3797","2390云辰","110/07/13","永豐金-桃園",88,36,52
"3798","2390云辰","110/07/13","致和-崇德",2,70,-68
"3799","2390云辰","110/07/13","玉山-士林",54,4,50
"3800","2390云辰","110/07/13","群益金鼎-屏東",2,70,-68
"3801","2390云辰","110/07/13","富邦-仁愛",56,6,50
"3802","2390云辰","110/07/13","元大-大里",35,98,-63
"3803","2390云辰","110/07/13","第一金-豐原",50,1,49
"3804","2390云辰","110/07/13","元大-萬華",35,94,-59
"3805","2390云辰","110/07/13","摩根大通",502,453,49
"3806","2390云辰","110/07/13","元富-吉利",2,60,-58
"3807","2390云辰","110/07/13","凱基-松山",61,13,48
"3808","2390云辰","110/07/13","兆豐-新竹",3,53,-50
"3809","2390云辰","110/07/13","大昌",64,22,42
"3810","2390云辰","110/07/13","富邦-嘉義",65,108,-43
"3811","2363矽統","110/07/13","凱基-南崁",2133,63,2070
"3812","2363矽統","110/07/13","凱基-幸福",36,4048,-4012
"3813","2363矽統","110/07/13","國泰-敦南",2195,1617,578
"3814","2363矽統","110/07/13","統一",192,3325,-3133
"3815","2363矽統","110/07/13","中農",670,139,531
"3816","2363矽統","110/07/13","新加坡商瑞銀",1000,2747,-1747
"3817","2363矽統","110/07/13","康和-台中",638,154,484
"3818","2363矽統","110/07/13","凱基-台北",5359,6609,-1250
"3819","2363矽統","110/07/13","群益金鼎-三民",577,137,440
"3820","2363矽統","110/07/13","摩根大通",1930,2858,-928
"3821","2363矽統","110/07/13","台新-屏東",510,88,422
"3822","2363矽統","110/07/13","港商野村",960,1679,-719
"3823","2363矽統","110/07/13","德信-中正",455,67,388
"3824","2363矽統","110/07/13","兆豐-復興",25,705,-680
"3825","2363矽統","110/07/13","日盛-竹北",365,70,295
"3826","2363矽統","110/07/13","統一-仁愛",114,755,-641
"3827","2363矽統","110/07/13","元大-佳里",452,189,263
"3828","2363矽統","110/07/13","統一-敦南",29,638,-609
"3829","2363矽統","110/07/13","國票-博愛",296,38,258
"3830","2363矽統","110/07/13","統一-土城",100,704,-604
"3831","2363矽統","110/07/13","元大-萬華",340,95,245
"3832","2363矽統","110/07/13","統一-城中",116,676,-560
"3833","2363矽統","110/07/13","新光",1259,1031,228
"3834","2363矽統","110/07/13","永豐金證券",306,859,-553
"3835","2363矽統","110/07/13","元富-成功",323,96,227
"3836","2363矽統","110/07/13","元富",54,567,-513
"3837","2363矽統","110/07/13","豐農",228,23,205
"3838","2363矽統","110/07/13","瑞士信貸",202,666,-464
"3839","2363矽統","110/07/13","台灣企銀-岡山",186,4,182
"3840","2363矽統","110/07/13","永豐金-嘉義",67,468,-401
"3841","8112至上","110/07/13","摩根大通",688,296,392
"3842","8112至上","110/07/13","國票-中和",0,401,-401
"3843","8112至上","110/07/13","港商野村",344,145,199
"3844","8112至上","110/07/13","永豐金-板盛",0,205,-205
"3845","8112至上","110/07/13","兆豐-公益",195,5,190
"3846","8112至上","110/07/13","凱基-五股",43,155,-112
"3847","8112至上","110/07/13","台灣摩根士丹利",183,0,183
"3848","8112至上","110/07/13","凱基-市政",0,100,-100
"3849","8112至上","110/07/13","群益金鼎-敦南",153,2,151
"3850","8112至上","110/07/13","元大-大里德芳",1,92,-91
"3851","8112至上","110/07/13","臺銀-金山",146,26,120
"3852","8112至上","110/07/13","玉山-桃園",26,110,-84
"3853","8112至上","110/07/13","臺銀",133,19,114
"3854","8112至上","110/07/13","兆豐-天母",0,81,-81
"3855","8112至上","110/07/13","合庫-台中",115,6,109
"3856","8112至上","110/07/13","凱基-城中",3,84,-81
"3857","8112至上","110/07/13","亞東-板橋",134,26,108
"3858","8112至上","110/07/13","日盛-新莊",9,85,-76
"3859","8112至上","110/07/13","凱基-台北",414,326,88
"3860","8112至上","110/07/13","日盛-台中",2,64,-62
"3861","8112至上","110/07/13","新加坡商瑞銀",181,100,81
"3862","8112至上","110/07/13","日盛-中壢",3,64,-61
"3863","8112至上","110/07/13","國泰-敦南",108,31,77
"3864","8112至上","110/07/13","元大-台中",2,59,-57
"3865","8112至上","110/07/13","第一金-華江",77,4,73
"3866","8112至上","110/07/13","元大-雙和",7,64,-57
"3867","8112至上","110/07/13","永豐金-內湖",73,1,72
"3868","8112至上","110/07/13","元大-高雄",8,62,-54
"3869","8112至上","110/07/13","元大-永和",68,1,67
"3870","8112至上","110/07/13","元大-館前",2,55,-53
"3871","2929淘帝","110/07/13","玉山-新竹",130,0,130
"3872","2929淘帝","110/07/13","美商高盛",0,177,-177
"3873","2929淘帝","110/07/13","臺銀-民權",60,0,60
"3874","2929淘帝","110/07/13","凱基-台北",6,80,-74
"3875","2929淘帝","110/07/13","新百王",31,0,31
"3876","2929淘帝","110/07/13","元富-大裕",0,49,-49
"3877","2929淘帝","110/07/13","日盛-園區",30,0,30
"3878","2929淘帝","110/07/13","國泰-館前",3,51,-48
"3879","2929淘帝","110/07/13","元大-南投",31,1,30
"3880","2929淘帝","110/07/13","凱基-中壢",0,41,-41
"3881","2929淘帝","110/07/13","兆豐-忠孝",28,0,28
"3882","2929淘帝","110/07/13","港商野村",21,55,-34
"3883","2929淘帝","110/07/13","元大-民生",28,0,28
"3884","2929淘帝","110/07/13","華南永昌-南京",2,34,-32
"3885","2929淘帝","110/07/13","合庫-高雄",27,0,27
"3886","2929淘帝","110/07/13","群益金鼎-土城",0,30,-30
"3887","2929淘帝","110/07/13","凱基-豐中",27,0,27
"3888","2929淘帝","110/07/13","富邦-南屯",0,22,-22
"3889","2929淘帝","110/07/13","新光",21,4,17
"3890","2929淘帝","110/07/13","第一金-豐原",0,20,-20
"3891","2929淘帝","110/07/13","元大-天母",17,0,17
"3892","2929淘帝","110/07/13","元大-屏南",6,26,-20
"3893","2929淘帝","110/07/13","永興",14,0,14
"3894","2929淘帝","110/07/13","永豐金-敦南",1,21,-20
"3895","2929淘帝","110/07/13","富邦-台北",12,0,12
"3896","2929淘帝","110/07/13","凱基-三重",2,21,-19
"3897","2929淘帝","110/07/13","元大-永和",12,0,12
"3898","2929淘帝","110/07/13","富邦-仁愛",7,25,-18
"3899","2929淘帝","110/07/13","國票-天祥",11,0,11
"3900","2929淘帝","110/07/13","元大-北投",0,16,-16
"3901","5410國眾","110/07/13","兆豐-城中",274,0,274
"3902","5410國眾","110/07/13","元富-嘉義",0,103,-103
"3903","5410國眾","110/07/13","新光",50,4,46
"3904","5410國眾","110/07/13","凱基-台北",0,50,-50
"3905","5410國眾","110/07/13","國泰-台中",26,0,26
"3906","5410國眾","110/07/13","瑞士信貸",0,31,-31
"3907","5410國眾","110/07/13","新加坡商瑞銀",22,0,22
"3908","5410國眾","110/07/13","台新-新莊",0,27,-27
"3909","5410國眾","110/07/13","光和-嘉義",20,0,20
"3910","5410國眾","110/07/13","元大-汐止",0,20,-20
"3911","5410國眾","110/07/13","凱基-竹北",17,0,17
"3912","5410國眾","110/07/13","亞東-新竹",0,17,-17
"3913","5410國眾","110/07/13","新光-桃園",15,0,15
"3914","5410國眾","110/07/13","元大-南勢角",0,13,-13
"3915","5410國眾","110/07/13","凱基-台東",14,0,14
"3916","5410國眾","110/07/13","台新-台南",0,12,-12
"3917","5410國眾","110/07/13","富邦-竹北",11,0,11
"3918","5410國眾","110/07/13","中國信託",0,11,-11
"3919","5410國眾","110/07/13","元富-同大",10,0,10
"3920","5410國眾","110/07/13","華南永昌",0,11,-11
"3921","5410國眾","110/07/13","國泰-敦南",24,15,9
"3922","5410國眾","110/07/13","臺銀-臺南",0,10,-10
"3923","5410國眾","110/07/13","日盛-內湖",7,0,7
"3924","5410國眾","110/07/13","台灣企銀-民雄",0,10,-10
"3925","5410國眾","110/07/13","台新-左楠",7,0,7
"3926","5410國眾","110/07/13","高橋",0,10,-10
"3927","5410國眾","110/07/13","元大-新盛",18,12,6
"3928","5410國眾","110/07/13","康和-嘉義",0,10,-10
"3929","5410國眾","110/07/13","統一",5,0,5
"3930","5410國眾","110/07/13","凱基-基隆",0,10,-10
"3931","2841台開","110/07/13","中國信託-高雄",251,50,201
"3932","2841台開","110/07/13","兆豐-公益",0,177,-177
"3933","2841台開","110/07/13","日盛證券",210,13,197
"3934","2841台開","110/07/13","日進",0,152,-152
"3935","2841台開","110/07/13","第一金-台中",55,0,55
"3936","2841台開","110/07/13","港商野村",0,109,-109
"3937","2841台開","110/07/13","國泰-板橋",46,0,46
"3938","2841台開","110/07/13","日盛-信義",0,103,-103
"3939","2841台開","110/07/13","國泰-館前",48,3,45
"3940","2841台開","110/07/13","國泰-敦南",11,75,-64
"3941","2841台開","110/07/13","華南永昌-新莊",45,0,45
"3942","2841台開","110/07/13","永興",0,50,-50
"3943","2841台開","110/07/13","日盛-園區",42,0,42
"3944","2841台開","110/07/13","永豐金-敦南",61,104,-43
"3945","2841台開","110/07/13","台新證券",32,0,32
"3946","2841台開","110/07/13","富邦-台南",0,42,-42
"3947","2841台開","110/07/13","台新-高雄",32,2,30
"3948","2841台開","110/07/13","國票-安和",0,30,-30
"3949","2841台開","110/07/13","豐農",23,0,23
"3950","2841台開","110/07/13","元大-桃園",0,25,-25
"3951","2841台開","110/07/13","合庫-嘉義",20,0,20
"3952","2841台開","110/07/13","新光",8,32,-24
"3953","2841台開","110/07/13","華南永昌-高雄",20,0,20
"3954","2841台開","110/07/13","元大-仁愛",0,24,-24
"3955","2841台開","110/07/13","元大-樹林",16,0,16
"3956","2841台開","110/07/13","日盛-中和",0,20,-20
"3957","2841台開","110/07/13","第一金-華江",15,2,13
"3958","2841台開","110/07/13","元富",0,20,-20
"3959","2841台開","110/07/13","美商高盛",12,0,12
"3960","2841台開","110/07/13","富邦-宜蘭",0,20,-20
"3961","6207雷科","110/07/13","元大-高雄",121,0,121
"3962","6207雷科","110/07/13","華南永昌-朴子",1,60,-59
"3963","6207雷科","110/07/13","第一金-新興",20,0,20
"3964","6207雷科","110/07/13","元大-南海",0,36,-36
"3965","6207雷科","110/07/13","元富-三重",20,0,20
"3966","6207雷科","110/07/13","凱基-土城",0,35,-35
"3967","6207雷科","110/07/13","元大-林園",15,0,15
"3968","6207雷科","110/07/13","台灣企銀",0,20,-20
"3969","6207雷科","110/07/13","元大-金華",16,1,15
"3970","6207雷科","110/07/13","群益金鼎-丹鳳",0,20,-20
"3971","6207雷科","110/07/13","日盛證券",10,0,10
"3972","6207雷科","110/07/13","元大-博愛",0,17,-17
"3973","6207雷科","110/07/13","統一-台中",10,0,10
"3974","6207雷科","110/07/13","元大-北港",0,13,-13
"3975","6207雷科","110/07/13","群益金鼎-土城",10,0,10
"3976","6207雷科","110/07/13","新加坡商瑞銀",0,12,-12
"3977","6207雷科","110/07/13","群益金鼎-桃園",10,0,10
"3978","6207雷科","110/07/13","凱基-台北",4,16,-12
"3979","6207雷科","110/07/13","永豐金-新莊",10,0,10
"3980","6207雷科","110/07/13","日茂-埔里",0,11,-11
"3981","6207雷科","110/07/13","永豐金-新店",10,0,10
"3982","6207雷科","110/07/13","元大-莒光",0,11,-11
"3983","6207雷科","110/07/13","元大證券",9,0,9
"3984","6207雷科","110/07/13","統一-新竹",0,10,-10
"3985","6207雷科","110/07/13","日盛-木柵",9,1,8
"3986","6207雷科","110/07/13","元大-西螺",0,10,-10
"3987","6207雷科","110/07/13","兆豐-來福",8,0,8
"3988","6207雷科","110/07/13","康和-台中",0,8,-8
"3989","6207雷科","110/07/13","新光",7,0,7
"3990","6207雷科","110/07/13","兆豐-高雄",0,6,-6
"3991","3679新至陞","110/07/13","永豐金證券",50,0,50
"3992","3679新至陞","110/07/13","摩根大通",2,25,-23
"3993","3679新至陞","110/07/13","國泰-桃園",22,0,22
"3994","3679新至陞","110/07/13","元大-成功",0,22,-22
"3995","3679新至陞","110/07/13","台中銀-員林",11,0,11
"3996","3679新至陞","110/07/13","富邦-板橋",1,19,-18
"3997","3679新至陞","110/07/13","元大-文心興安",8,0,8
"3998","3679新至陞","110/07/13","日盛-新莊",0,10,-10
"3999","3679新至陞","110/07/13","美商高盛",6,0,6
"4000","3679新至陞","110/07/13","台新-台中",0,10,-10
"4001","3679新至陞","110/07/13","台新-高雄",6,0,6
"4002","3679新至陞","110/07/13","永豐金-新竹",0,8,-8
"4003","3679新至陞","110/07/13","凱基-台北",18,12,6
"4004","3679新至陞","110/07/13","瑞士信貸",12,19,-7
"4005","3679新至陞","110/07/13","日盛-復興",5,0,5
"4006","3679新至陞","110/07/13","統一-南京",0,7,-7
"4007","3679新至陞","110/07/13","(牛牛牛)亞-鑫豐",4,0,4
"4008","3679新至陞","110/07/13","凱基-新莊",0,7,-7
"4009","3679新至陞","110/07/13","元富-大昌",3,0,3
"4010","3679新至陞","110/07/13","新加坡商瑞銀",0,6,-6
"4011","3679新至陞","110/07/13","富邦-台北",3,0,3
"4012","3679新至陞","110/07/13","合庫-自強",0,5,-5
"4013","3679新至陞","110/07/13","日盛-樹林",2,0,2
"4014","3679新至陞","110/07/13","富邦-桃園",0,5,-5
"4015","3679新至陞","110/07/13","宏遠-光隆",2,0,2
"4016","3679新至陞","110/07/13","永豐金-潮州",0,4,-4
"4017","3679新至陞","110/07/13","美林",3,1,2
"4018","3679新至陞","110/07/13","臺銀-臺南",0,3,-3
"4019","3679新至陞","110/07/13","第一金-中壢",2,0,2
"4020","3679新至陞","110/07/13","元大-六合",0,3,-3
"4021","2727王品","110/07/13","富邦-台北",43,3,40
"4022","2727王品","110/07/13","台灣摩根士丹利",15,97,-82
"4023","2727王品","110/07/13","元大-基隆孝二",40,0,40
"4024","2727王品","110/07/13","玉山-台南",5,57,-52
"4025","2727王品","110/07/13","國票-新莊",40,1,39
"4026","2727王品","110/07/13","新加坡商瑞銀",0,48,-48
"4027","2727王品","110/07/13","第一金-豐原",66,42,24
"4028","2727王品","110/07/13","凱基-台北",41,77,-36
"4029","2727王品","110/07/13","永豐金-大園",34,10,24
"4030","2727王品","110/07/13","永豐金-永康",0,22,-22
"4031","2727王品","110/07/13","元大-北屯",22,0,22
"4032","2727王品","110/07/13","統一-台中",2,22,-20
"4033","2727王品","110/07/13","元大-東蘆",26,7,19
"4034","2727王品","110/07/13","國泰-台中",21,39,-18
"4035","2727王品","110/07/13","永豐金-萬盛",13,1,12
"4036","2727王品","110/07/13","合庫-彰化",3,20,-17
"4037","2727王品","110/07/13","日盛-嘉義",11,0,11
"4038","2727王品","110/07/13","港商野村",13,30,-17
"4039","2727王品","110/07/13","日盛-八德",11,0,11
"4040","2727王品","110/07/13","元大-楊梅",1,16,-15
"4041","2727王品","110/07/13","統一-竹南",11,0,11
"4042","2727王品","110/07/13","凱基-高美館",2,15,-13
"4043","2727王品","110/07/13","日盛-士林",12,2,10
"4044","2727王品","110/07/13","美商高盛",2,14,-12
"4045","2727王品","110/07/13","統一-敦南",10,0,10
"4046","2727王品","110/07/13","統一-平鎮",1,13,-12
"4047","2727王品","110/07/13","中國信託",15,5,10
"4048","2727王品","110/07/13","兆豐-台中港",4,16,-12
"4049","2727王品","110/07/13","兆豐-竹北",13,3,10
"4050","2727王品","110/07/13","凱基-八德",1,13,-12
"4051","1570力肯","110/07/13","新光",115,11,104
"4052","1570力肯","110/07/13","元大-北三重",0,162,-162
"4053","1570力肯","110/07/13","群益金鼎-高雄",54,0,54
"4054","1570力肯","110/07/13","元大-大灣",0,25,-25
"4055","1570力肯","110/07/13","國票-新莊",22,0,22
"4056","1570力肯","110/07/13","永豐金-苓雅",0,22,-22
"4057","1570力肯","110/07/13","日盛-桃園",12,0,12
"4058","1570力肯","110/07/13","永豐金-永康",0,19,-19
"4059","1570力肯","110/07/13","元大-高雄",12,0,12
"4060","1570力肯","110/07/13","富邦-員林",0,15,-15
"4061","1570力肯","110/07/13","合庫-自強",11,0,11
"4062","1570力肯","110/07/13","凱基-台南",0,11,-11
"4063","1570力肯","110/07/13","摩根大通",26,15,11
"4064","1570力肯","110/07/13","日盛-竹北",0,10,-10
"4065","1570力肯","110/07/13","永豐金-中盛",11,0,11
"4066","1570力肯","110/07/13","國票-九鼎",0,10,-10
"4067","1570力肯","110/07/13","兆豐-台中港",10,0,10
"4068","1570力肯","110/07/13","凱基-桃園",0,10,-10
"4069","1570力肯","110/07/13","國泰-松江",9,0,9
"4070","1570力肯","110/07/13","凱基-新豐",0,10,-10
"4071","1570力肯","110/07/13","元大-新盛",9,0,9
"4072","1570力肯","110/07/13","元大-學甲",0,10,-10
"4073","1570力肯","110/07/13","元富-緯城",6,0,6
"4074","1570力肯","110/07/13","群益金鼎-東湖",1,10,-9
"4075","1570力肯","110/07/13","統一-三重",5,0,5
"4076","1570力肯","110/07/13","大昌",0,6,-6
"4077","1570力肯","110/07/13","元大-前金",5,0,5
"4078","1570力肯","110/07/13","元大-土城學府",0,6,-6
"4079","1570力肯","110/07/13","永豐金證券",5,0,5
"4080","1570力肯","110/07/13","統一",0,5,-5
"4081","6180橘子","110/07/13","摩根大通",119,0,119
"4082","6180橘子","110/07/13","元大-崇德",2,61,-59
"4083","6180橘子","110/07/13","美商高盛",96,0,96
"4084","6180橘子","110/07/13","康和-台中",0,51,-51
"4085","6180橘子","110/07/13","新加坡商瑞銀",86,7,79
"4086","6180橘子","110/07/13","康和-台北",0,50,-50
"4087","6180橘子","110/07/13","元大-和平",40,0,40
"4088","6180橘子","110/07/13","元富-潮州",0,40,-40
"4089","6180橘子","110/07/13","凱基-台北",83,47,36
"4090","6180橘子","110/07/13","日盛-永康",0,26,-26
"4091","6180橘子","110/07/13","美林",39,5,34
"4092","6180橘子","110/07/13","永豐金-中正",0,24,-24
"4093","6180橘子","110/07/13","富邦-新竹華信",31,2,29
"4094","6180橘子","110/07/13","國泰-板橋",2,25,-23
"4095","6180橘子","110/07/13","統一-南京",21,0,21
"4096","6180橘子","110/07/13","日盛-大墩",0,20,-20
"4097","6180橘子","110/07/13","富邦-陽明",24,3,21
"4098","6180橘子","110/07/13","元大-草屯",13,32,-19
"4099","6180橘子","110/07/13","大昌-樹林",21,1,20
"4100","6180橘子","110/07/13","元富-林園",1,18,-17
"4101","6180橘子","110/07/13","花旗環球",19,0,19
"4102","6180橘子","110/07/13","新光-新竹",1,18,-17
"4103","6180橘子","110/07/13","華南永昌-台南",19,0,19
"4104","6180橘子","110/07/13","元大-土城永寧",0,17,-17
"4105","6180橘子","110/07/13","福勝",14,0,14
"4106","6180橘子","110/07/13","國泰-新莊",3,19,-16
"4107","6180橘子","110/07/13","富邦-嘉義",12,1,11
"4108","6180橘子","110/07/13","中國信託-永康",6,21,-15
"4109","6180橘子","110/07/13","元大-板橋三民",11,0,11
"4110","6180橘子","110/07/13","凱基-東港",1,15,-14
"4111","2390云辰","110/07/13","新加坡商瑞銀",562,75,487
"4112","2390云辰","110/07/13","大展-台南",0,532,-532
"4113","2390云辰","110/07/13","台灣摩根士丹利",330,155,175
"4114","2390云辰","110/07/13","凱基-台北",668,854,-186
"4115","2390云辰","110/07/13","兆豐-公益",126,25,101
"4116","2390云辰","110/07/13","凱基-三重",12,172,-160
"4117","2390云辰","110/07/13","元富-中港",100,2,98
"4118","2390云辰","110/07/13","兆豐-忠孝",4,161,-157
"4119","2390云辰","110/07/13","統一-新台中",106,9,97
"4120","2390云辰","110/07/13","元大-士林",19,170,-151
"4121","2390云辰","110/07/13","中國信託-松江",81,11,70
"4122","2390云辰","110/07/13","臺銀-新竹",14,117,-103
"4123","2390云辰","110/07/13","日盛-板橋",72,3,69
"4124","2390云辰","110/07/13","國票-台中",4,102,-98
"4125","2390云辰","110/07/13","日盛-和美",57,0,57
"4126","2390云辰","110/07/13","新光",147,232,-85
"4127","2390云辰","110/07/13","永豐金-桃園",88,36,52
"4128","2390云辰","110/07/13","致和-崇德",2,70,-68
"4129","2390云辰","110/07/13","玉山-士林",54,4,50
"4130","2390云辰","110/07/13","群益金鼎-屏東",2,70,-68
"4131","2390云辰","110/07/13","富邦-仁愛",56,6,50
"4132","2390云辰","110/07/13","元大-大里",35,98,-63
"4133","2390云辰","110/07/13","第一金-豐原",50,1,49
"4134","2390云辰","110/07/13","元大-萬華",35,94,-59
"4135","2390云辰","110/07/13","摩根大通",502,453,49
"4136","2390云辰","110/07/13","元富-吉利",2,60,-58
"4137","2390云辰","110/07/13","凱基-松山",61,13,48
"4138","2390云辰","110/07/13","兆豐-新竹",3,53,-50
"4139","2390云辰","110/07/13","大昌",64,22,42
"4140","2390云辰","110/07/13","富邦-嘉義",65,108,-43
"4141","2363矽統","110/07/13","凱基-南崁",2133,63,2070
"4142","2363矽統","110/07/13","凱基-幸福",36,4048,-4012
"4143","2363矽統","110/07/13","國泰-敦南",2195,1617,578
"4144","2363矽統","110/07/13","統一",192,3325,-3133
"4145","2363矽統","110/07/13","中農",670,139,531
"4146","2363矽統","110/07/13","新加坡商瑞銀",1000,2747,-1747
"4147","2363矽統","110/07/13","康和-台中",638,154,484
"4148","2363矽統","110/07/13","凱基-台北",5359,6609,-1250
"4149","2363矽統","110/07/13","群益金鼎-三民",577,137,440
"4150","2363矽統","110/07/13","摩根大通",1930,2858,-928
"4151","2363矽統","110/07/13","台新-屏東",510,88,422
"4152","2363矽統","110/07/13","港商野村",960,1679,-719
"4153","2363矽統","110/07/13","德信-中正",455,67,388
"4154","2363矽統","110/07/13","兆豐-復興",25,705,-680
"4155","2363矽統","110/07/13","日盛-竹北",365,70,295
"4156","2363矽統","110/07/13","統一-仁愛",114,755,-641
"4157","2363矽統","110/07/13","元大-佳里",452,189,263
"4158","2363矽統","110/07/13","統一-敦南",29,638,-609
"4159","2363矽統","110/07/13","國票-博愛",296,38,258
"4160","2363矽統","110/07/13","統一-土城",100,704,-604
"4161","2363矽統","110/07/13","元大-萬華",340,95,245
"4162","2363矽統","110/07/13","統一-城中",116,676,-560
"4163","2363矽統","110/07/13","新光",1259,1031,228
"4164","2363矽統","110/07/13","永豐金證券",306,859,-553
"4165","2363矽統","110/07/13","元富-成功",323,96,227
"4166","2363矽統","110/07/13","元富",54,567,-513
"4167","2363矽統","110/07/13","豐農",228,23,205
"4168","2363矽統","110/07/13","瑞士信貸",202,666,-464
"4169","2363矽統","110/07/13","台灣企銀-岡山",186,4,182
"4170","2363矽統","110/07/13","永豐金-嘉義",67,468,-401
"4171","8112至上","110/07/13","摩根大通",688,296,392
"4172","8112至上","110/07/13","國票-中和",0,401,-401
"4173","8112至上","110/07/13","港商野村",344,145,199
"4174","8112至上","110/07/13","永豐金-板盛",0,205,-205
"4175","8112至上","110/07/13","兆豐-公益",195,5,190
"4176","8112至上","110/07/13","凱基-五股",43,155,-112
"4177","8112至上","110/07/13","台灣摩根士丹利",183,0,183
"4178","8112至上","110/07/13","凱基-市政",0,100,-100
"4179","8112至上","110/07/13","群益金鼎-敦南",153,2,151
"4180","8112至上","110/07/13","元大-大里德芳",1,92,-91
"4181","8112至上","110/07/13","臺銀-金山",146,26,120
"4182","8112至上","110/07/13","玉山-桃園",26,110,-84
"4183","8112至上","110/07/13","臺銀",133,19,114
"4184","8112至上","110/07/13","兆豐-天母",0,81,-81
"4185","8112至上","110/07/13","合庫-台中",115,6,109
"4186","8112至上","110/07/13","凱基-城中",3,84,-81
"4187","8112至上","110/07/13","亞東-板橋",134,26,108
"4188","8112至上","110/07/13","日盛-新莊",9,85,-76
"4189","8112至上","110/07/13","凱基-台北",414,326,88
"4190","8112至上","110/07/13","日盛-台中",2,64,-62
"4191","8112至上","110/07/13","新加坡商瑞銀",181,100,81
"4192","8112至上","110/07/13","日盛-中壢",3,64,-61
"4193","8112至上","110/07/13","國泰-敦南",108,31,77
"4194","8112至上","110/07/13","元大-台中",2,59,-57
"4195","8112至上","110/07/13","第一金-華江",77,4,73
"4196","8112至上","110/07/13","元大-雙和",7,64,-57
"4197","8112至上","110/07/13","永豐金-內湖",73,1,72
"4198","8112至上","110/07/13","元大-高雄",8,62,-54
"4199","8112至上","110/07/13","元大-永和",68,1,67
"4200","8112至上","110/07/13","元大-館前",2,55,-53
"4201","2929淘帝","110/07/13","玉山-新竹",130,0,130
"4202","2929淘帝","110/07/13","美商高盛",0,177,-177
"4203","2929淘帝","110/07/13","臺銀-民權",60,0,60
"4204","2929淘帝","110/07/13","凱基-台北",6,80,-74
"4205","2929淘帝","110/07/13","新百王",31,0,31
"4206","2929淘帝","110/07/13","元富-大裕",0,49,-49
"4207","2929淘帝","110/07/13","日盛-園區",30,0,30
"4208","2929淘帝","110/07/13","國泰-館前",3,51,-48
"4209","2929淘帝","110/07/13","元大-南投",31,1,30
"4210","2929淘帝","110/07/13","凱基-中壢",0,41,-41
"4211","2929淘帝","110/07/13","兆豐-忠孝",28,0,28
"4212","2929淘帝","110/07/13","港商野村",21,55,-34
"4213","2929淘帝","110/07/13","元大-民生",28,0,28
"4214","2929淘帝","110/07/13","華南永昌-南京",2,34,-32
"4215","2929淘帝","110/07/13","合庫-高雄",27,0,27
"4216","2929淘帝","110/07/13","群益金鼎-土城",0,30,-30
"4217","2929淘帝","110/07/13","凱基-豐中",27,0,27
"4218","2929淘帝","110/07/13","富邦-南屯",0,22,-22
"4219","2929淘帝","110/07/13","新光",21,4,17
"4220","2929淘帝","110/07/13","第一金-豐原",0,20,-20
"4221","2929淘帝","110/07/13","元大-天母",17,0,17
"4222","2929淘帝","110/07/13","元大-屏南",6,26,-20
"4223","2929淘帝","110/07/13","永興",14,0,14
"4224","2929淘帝","110/07/13","永豐金-敦南",1,21,-20
"4225","2929淘帝","110/07/13","富邦-台北",12,0,12
"4226","2929淘帝","110/07/13","凱基-三重",2,21,-19
"4227","2929淘帝","110/07/13","元大-永和",12,0,12
"4228","2929淘帝","110/07/13","富邦-仁愛",7,25,-18
"4229","2929淘帝","110/07/13","國票-天祥",11,0,11
"4230","2929淘帝","110/07/13","元大-北投",0,16,-16
"4231","5410國眾","110/07/13","兆豐-城中",274,0,274
"4232","5410國眾","110/07/13","元富-嘉義",0,103,-103
"4233","5410國眾","110/07/13","新光",50,4,46
"4234","5410國眾","110/07/13","凱基-台北",0,50,-50
"4235","5410國眾","110/07/13","國泰-台中",26,0,26
"4236","5410國眾","110/07/13","瑞士信貸",0,31,-31
"4237","5410國眾","110/07/13","新加坡商瑞銀",22,0,22
"4238","5410國眾","110/07/13","台新-新莊",0,27,-27
"4239","5410國眾","110/07/13","光和-嘉義",20,0,20
"4240","5410國眾","110/07/13","元大-汐止",0,20,-20
"4241","5410國眾","110/07/13","凱基-竹北",17,0,17
"4242","5410國眾","110/07/13","亞東-新竹",0,17,-17
"4243","5410國眾","110/07/13","新光-桃園",15,0,15
"4244","5410國眾","110/07/13","元大-南勢角",0,13,-13
"4245","5410國眾","110/07/13","凱基-台東",14,0,14
"4246","5410國眾","110/07/13","台新-台南",0,12,-12
"4247","5410國眾","110/07/13","富邦-竹北",11,0,11
"4248","5410國眾","110/07/13","中國信託",0,11,-11
"4249","5410國眾","110/07/13","元富-同大",10,0,10
"4250","5410國眾","110/07/13","華南永昌",0,11,-11
"4251","5410國眾","110/07/13","國泰-敦南",24,15,9
"4252","5410國眾","110/07/13","臺銀-臺南",0,10,-10
"4253","5410國眾","110/07/13","日盛-內湖",7,0,7
"4254","5410國眾","110/07/13","台灣企銀-民雄",0,10,-10
"4255","5410國眾","110/07/13","台新-左楠",7,0,7
"4256","5410國眾","110/07/13","高橋",0,10,-10
"4257","5410國眾","110/07/13","元大-新盛",18,12,6
"4258","5410國眾","110/07/13","康和-嘉義",0,10,-10
"4259","5410國眾","110/07/13","統一",5,0,5
"4260","5410國眾","110/07/13","凱基-基隆",0,10,-10
"4261","2841台開","110/07/13","中國信託-高雄",251,50,201
"4262","2841台開","110/07/13","兆豐-公益",0,177,-177
"4263","2841台開","110/07/13","日盛證券",210,13,197
"4264","2841台開","110/07/13","日進",0,152,-152
"4265","2841台開","110/07/13","第一金-台中",55,0,55
"4266","2841台開","110/07/13","港商野村",0,109,-109
"4267","2841台開","110/07/13","國泰-板橋",46,0,46
"4268","2841台開","110/07/13","日盛-信義",0,103,-103
"4269","2841台開","110/07/13","國泰-館前",48,3,45
"4270","2841台開","110/07/13","國泰-敦南",11,75,-64
"4271","2841台開","110/07/13","華南永昌-新莊",45,0,45
"4272","2841台開","110/07/13","永興",0,50,-50
"4273","2841台開","110/07/13","日盛-園區",42,0,42
"4274","2841台開","110/07/13","永豐金-敦南",61,104,-43
"4275","2841台開","110/07/13","台新證券",32,0,32
"4276","2841台開","110/07/13","富邦-台南",0,42,-42
"4277","2841台開","110/07/13","台新-高雄",32,2,30
"4278","2841台開","110/07/13","國票-安和",0,30,-30
"4279","2841台開","110/07/13","豐農",23,0,23
"4280","2841台開","110/07/13","元大-桃園",0,25,-25
"4281","2841台開","110/07/13","合庫-嘉義",20,0,20
"4282","2841台開","110/07/13","新光",8,32,-24
"4283","2841台開","110/07/13","華南永昌-高雄",20,0,20
"4284","2841台開","110/07/13","元大-仁愛",0,24,-24
"4285","2841台開","110/07/13","元大-樹林",16,0,16
"4286","2841台開","110/07/13","日盛-中和",0,20,-20
"4287","2841台開","110/07/13","第一金-華江",15,2,13
"4288","2841台開","110/07/13","元富",0,20,-20
"4289","2841台開","110/07/13","美商高盛",12,0,12
"4290","2841台開","110/07/13","富邦-宜蘭",0,20,-20
"4291","6207雷科","110/07/13","元大-高雄",121,0,121
"4292","6207雷科","110/07/13","華南永昌-朴子",1,60,-59
"4293","6207雷科","110/07/13","第一金-新興",20,0,20
"4294","6207雷科","110/07/13","元大-南海",0,36,-36
"4295","6207雷科","110/07/13","元富-三重",20,0,20
"4296","6207雷科","110/07/13","凱基-土城",0,35,-35
"4297","6207雷科","110/07/13","元大-林園",15,0,15
"4298","6207雷科","110/07/13","台灣企銀",0,20,-20
"4299","6207雷科","110/07/13","元大-金華",16,1,15
"4300","6207雷科","110/07/13","群益金鼎-丹鳳",0,20,-20
"4301","6207雷科","110/07/13","日盛證券",10,0,10
"4302","6207雷科","110/07/13","元大-博愛",0,17,-17
"4303","6207雷科","110/07/13","統一-台中",10,0,10
"4304","6207雷科","110/07/13","元大-北港",0,13,-13
"4305","6207雷科","110/07/13","群益金鼎-土城",10,0,10
"4306","6207雷科","110/07/13","新加坡商瑞銀",0,12,-12
"4307","6207雷科","110/07/13","群益金鼎-桃園",10,0,10
"4308","6207雷科","110/07/13","凱基-台北",4,16,-12
"4309","6207雷科","110/07/13","永豐金-新莊",10,0,10
"4310","6207雷科","110/07/13","日茂-埔里",0,11,-11
"4311","6207雷科","110/07/13","永豐金-新店",10,0,10
"4312","6207雷科","110/07/13","元大-莒光",0,11,-11
"4313","6207雷科","110/07/13","元大證券",9,0,9
"4314","6207雷科","110/07/13","統一-新竹",0,10,-10
"4315","6207雷科","110/07/13","日盛-木柵",9,1,8
"4316","6207雷科","110/07/13","元大-西螺",0,10,-10
"4317","6207雷科","110/07/13","兆豐-來福",8,0,8
"4318","6207雷科","110/07/13","康和-台中",0,8,-8
"4319","6207雷科","110/07/13","新光",7,0,7
"4320","6207雷科","110/07/13","兆豐-高雄",0,6,-6
"4321","3679新至陞","110/07/13","永豐金證券",50,0,50
"4322","3679新至陞","110/07/13","摩根大通",2,25,-23
"4323","3679新至陞","110/07/13","國泰-桃園",22,0,22
"4324","3679新至陞","110/07/13","元大-成功",0,22,-22
"4325","3679新至陞","110/07/13","台中銀-員林",11,0,11
"4326","3679新至陞","110/07/13","富邦-板橋",1,19,-18
"4327","3679新至陞","110/07/13","元大-文心興安",8,0,8
"4328","3679新至陞","110/07/13","日盛-新莊",0,10,-10
"4329","3679新至陞","110/07/13","美商高盛",6,0,6
"4330","3679新至陞","110/07/13","台新-台中",0,10,-10
"4331","3679新至陞","110/07/13","台新-高雄",6,0,6
"4332","3679新至陞","110/07/13","永豐金-新竹",0,8,-8
"4333","3679新至陞","110/07/13","凱基-台北",18,12,6
"4334","3679新至陞","110/07/13","瑞士信貸",12,19,-7
"4335","3679新至陞","110/07/13","日盛-復興",5,0,5
"4336","3679新至陞","110/07/13","統一-南京",0,7,-7
"4337","3679新至陞","110/07/13","(牛牛牛)亞-鑫豐",4,0,4
"4338","3679新至陞","110/07/13","凱基-新莊",0,7,-7
"4339","3679新至陞","110/07/13","元富-大昌",3,0,3
"4340","3679新至陞","110/07/13","新加坡商瑞銀",0,6,-6
"4341","3679新至陞","110/07/13","富邦-台北",3,0,3
"4342","3679新至陞","110/07/13","合庫-自強",0,5,-5
"4343","3679新至陞","110/07/13","日盛-樹林",2,0,2
"4344","3679新至陞","110/07/13","富邦-桃園",0,5,-5
"4345","3679新至陞","110/07/13","宏遠-光隆",2,0,2
"4346","3679新至陞","110/07/13","永豐金-潮州",0,4,-4
"4347","3679新至陞","110/07/13","美林",3,1,2
"4348","3679新至陞","110/07/13","臺銀-臺南",0,3,-3
"4349","3679新至陞","110/07/13","第一金-中壢",2,0,2
"4350","3679新至陞","110/07/13","元大-六合",0,3,-3
"4351","2727王品","110/07/13","富邦-台北",43,3,40
"4352","2727王品","110/07/13","台灣摩根士丹利",15,97,-82
"4353","2727王品","110/07/13","元大-基隆孝二",40,0,40
"4354","2727王品","110/07/13","玉山-台南",5,57,-52
"4355","2727王品","110/07/13","國票-新莊",40,1,39
"4356","2727王品","110/07/13","新加坡商瑞銀",0,48,-48
"4357","2727王品","110/07/13","第一金-豐原",66,42,24
"4358","2727王品","110/07/13","凱基-台北",41,77,-36
"4359","2727王品","110/07/13","永豐金-大園",34,10,24
"4360","2727王品","110/07/13","永豐金-永康",0,22,-22
"4361","2727王品","110/07/13","元大-北屯",22,0,22
"4362","2727王品","110/07/13","統一-台中",2,22,-20
"4363","2727王品","110/07/13","元大-東蘆",26,7,19
"4364","2727王品","110/07/13","國泰-台中",21,39,-18
"4365","2727王品","110/07/13","永豐金-萬盛",13,1,12
"4366","2727王品","110/07/13","合庫-彰化",3,20,-17
"4367","2727王品","110/07/13","日盛-嘉義",11,0,11
"4368","2727王品","110/07/13","港商野村",13,30,-17
"4369","2727王品","110/07/13","日盛-八德",11,0,11
"4370","2727王品","110/07/13","元大-楊梅",1,16,-15
"4371","2727王品","110/07/13","統一-竹南",11,0,11
"4372","2727王品","110/07/13","凱基-高美館",2,15,-13
"4373","2727王品","110/07/13","日盛-士林",12,2,10
"4374","2727王品","110/07/13","美商高盛",2,14,-12
"4375","2727王品","110/07/13","統一-敦南",10,0,10
"4376","2727王品","110/07/13","統一-平鎮",1,13,-12
"4377","2727王品","110/07/13","中國信託",15,5,10
"4378","2727王品","110/07/13","兆豐-台中港",4,16,-12
"4379","2727王品","110/07/13","兆豐-竹北",13,3,10
"4380","2727王品","110/07/13","凱基-八德",1,13,-12
"4381","1570力肯","110/07/13","新光",115,11,104
"4382","1570力肯","110/07/13","元大-北三重",0,162,-162
"4383","1570力肯","110/07/13","群益金鼎-高雄",54,0,54
"4384","1570力肯","110/07/13","元大-大灣",0,25,-25
"4385","1570力肯","110/07/13","國票-新莊",22,0,22
"4386","1570力肯","110/07/13","永豐金-苓雅",0,22,-22
"4387","1570力肯","110/07/13","日盛-桃園",12,0,12
"4388","1570力肯","110/07/13","永豐金-永康",0,19,-19
"4389","1570力肯","110/07/13","元大-高雄",12,0,12
"4390","1570力肯","110/07/13","富邦-員林",0,15,-15
"4391","1570力肯","110/07/13","合庫-自強",11,0,11
"4392","1570力肯","110/07/13","凱基-台南",0,11,-11
"4393","1570力肯","110/07/13","摩根大通",26,15,11
"4394","1570力肯","110/07/13","日盛-竹北",0,10,-10
"4395","1570力肯","110/07/13","永豐金-中盛",11,0,11
"4396","1570力肯","110/07/13","國票-九鼎",0,10,-10
"4397","1570力肯","110/07/13","兆豐-台中港",10,0,10
"4398","1570力肯","110/07/13","凱基-桃園",0,10,-10
"4399","1570力肯","110/07/13","國泰-松江",9,0,9
"4400","1570力肯","110/07/13","凱基-新豐",0,10,-10
"4401","1570力肯","110/07/13","元大-新盛",9,0,9
"4402","1570力肯","110/07/13","元大-學甲",0,10,-10
"4403","1570力肯","110/07/13","元富-緯城",6,0,6
"4404","1570力肯","110/07/13","群益金鼎-東湖",1,10,-9
"4405","1570力肯","110/07/13","統一-三重",5,0,5
"4406","1570力肯","110/07/13","大昌",0,6,-6
"4407","1570力肯","110/07/13","元大-前金",5,0,5
"4408","1570力肯","110/07/13","元大-土城學府",0,6,-6
"4409","1570力肯","110/07/13","永豐金證券",5,0,5
"4410","1570力肯","110/07/13","統一",0,5,-5
"4411","6180橘子","110/07/13","摩根大通",119,0,119
"4412","6180橘子","110/07/13","元大-崇德",2,61,-59
"4413","6180橘子","110/07/13","美商高盛",96,0,96
"4414","6180橘子","110/07/13","康和-台中",0,51,-51
"4415","6180橘子","110/07/13","新加坡商瑞銀",86,7,79
"4416","6180橘子","110/07/13","康和-台北",0,50,-50
"4417","6180橘子","110/07/13","元大-和平",40,0,40
"4418","6180橘子","110/07/13","元富-潮州",0,40,-40
"4419","6180橘子","110/07/13","凱基-台北",83,47,36
"4420","6180橘子","110/07/13","日盛-永康",0,26,-26
"4421","6180橘子","110/07/13","美林",39,5,34
"4422","6180橘子","110/07/13","永豐金-中正",0,24,-24
"4423","6180橘子","110/07/13","富邦-新竹華信",31,2,29
"4424","6180橘子","110/07/13","國泰-板橋",2,25,-23
"4425","6180橘子","110/07/13","統一-南京",21,0,21
"4426","6180橘子","110/07/13","日盛-大墩",0,20,-20
"4427","6180橘子","110/07/13","富邦-陽明",24,3,21
"4428","6180橘子","110/07/13","元大-草屯",13,32,-19
"4429","6180橘子","110/07/13","大昌-樹林",21,1,20
"4430","6180橘子","110/07/13","元富-林園",1,18,-17
"4431","6180橘子","110/07/13","花旗環球",19,0,19
"4432","6180橘子","110/07/13","新光-新竹",1,18,-17
"4433","6180橘子","110/07/13","華南永昌-台南",19,0,19
"4434","6180橘子","110/07/13","元大-土城永寧",0,17,-17
"4435","6180橘子","110/07/13","福勝",14,0,14
"4436","6180橘子","110/07/13","國泰-新莊",3,19,-16
"4437","6180橘子","110/07/13","富邦-嘉義",12,1,11
"4438","6180橘子","110/07/13","中國信託-永康",6,21,-15
"4439","6180橘子","110/07/13","元大-板橋三民",11,0,11
"4440","6180橘子","110/07/13","凱基-東港",1,15,-14
"4441","2390云辰","110/07/13","新加坡商瑞銀",562,75,487
"4442","2390云辰","110/07/13","大展-台南",0,532,-532
"4443","2390云辰","110/07/13","台灣摩根士丹利",330,155,175
"4444","2390云辰","110/07/13","凱基-台北",668,854,-186
"4445","2390云辰","110/07/13","兆豐-公益",126,25,101
"4446","2390云辰","110/07/13","凱基-三重",12,172,-160
"4447","2390云辰","110/07/13","元富-中港",100,2,98
"4448","2390云辰","110/07/13","兆豐-忠孝",4,161,-157
"4449","2390云辰","110/07/13","統一-新台中",106,9,97
"4450","2390云辰","110/07/13","元大-士林",19,170,-151
"4451","2390云辰","110/07/13","中國信託-松江",81,11,70
"4452","2390云辰","110/07/13","臺銀-新竹",14,117,-103
"4453","2390云辰","110/07/13","日盛-板橋",72,3,69
"4454","2390云辰","110/07/13","國票-台中",4,102,-98
"4455","2390云辰","110/07/13","日盛-和美",57,0,57
"4456","2390云辰","110/07/13","新光",147,232,-85
"4457","2390云辰","110/07/13","永豐金-桃園",88,36,52
"4458","2390云辰","110/07/13","致和-崇德",2,70,-68
"4459","2390云辰","110/07/13","玉山-士林",54,4,50
"4460","2390云辰","110/07/13","群益金鼎-屏東",2,70,-68
"4461","2390云辰","110/07/13","富邦-仁愛",56,6,50
"4462","2390云辰","110/07/13","元大-大里",35,98,-63
"4463","2390云辰","110/07/13","第一金-豐原",50,1,49
"4464","2390云辰","110/07/13","元大-萬華",35,94,-59
"4465","2390云辰","110/07/13","摩根大通",502,453,49
"4466","2390云辰","110/07/13","元富-吉利",2,60,-58
"4467","2390云辰","110/07/13","凱基-松山",61,13,48
"4468","2390云辰","110/07/13","兆豐-新竹",3,53,-50
"4469","2390云辰","110/07/13","大昌",64,22,42
"4470","2390云辰","110/07/13","富邦-嘉義",65,108,-43
"4471","2363矽統","110/07/13","凱基-南崁",2133,63,2070
"4472","2363矽統","110/07/13","凱基-幸福",36,4048,-4012
"4473","2363矽統","110/07/13","國泰-敦南",2195,1617,578
"4474","2363矽統","110/07/13","統一",192,3325,-3133
"4475","2363矽統","110/07/13","中農",670,139,531
"4476","2363矽統","110/07/13","新加坡商瑞銀",1000,2747,-1747
"4477","2363矽統","110/07/13","康和-台中",638,154,484
"4478","2363矽統","110/07/13","凱基-台北",5359,6609,-1250
"4479","2363矽統","110/07/13","群益金鼎-三民",577,137,440
"4480","2363矽統","110/07/13","摩根大通",1930,2858,-928
"4481","2363矽統","110/07/13","台新-屏東",510,88,422
"4482","2363矽統","110/07/13","港商野村",960,1679,-719
"4483","2363矽統","110/07/13","德信-中正",455,67,388
"4484","2363矽統","110/07/13","兆豐-復興",25,705,-680
"4485","2363矽統","110/07/13","日盛-竹北",365,70,295
"4486","2363矽統","110/07/13","統一-仁愛",114,755,-641
"4487","2363矽統","110/07/13","元大-佳里",452,189,263
"4488","2363矽統","110/07/13","統一-敦南",29,638,-609
"4489","2363矽統","110/07/13","國票-博愛",296,38,258
"4490","2363矽統","110/07/13","統一-土城",100,704,-604
"4491","2363矽統","110/07/13","元大-萬華",340,95,245
"4492","2363矽統","110/07/13","統一-城中",116,676,-560
"4493","2363矽統","110/07/13","新光",1259,1031,228
"4494","2363矽統","110/07/13","永豐金證券",306,859,-553
"4495","2363矽統","110/07/13","元富-成功",323,96,227
"4496","2363矽統","110/07/13","元富",54,567,-513
"4497","2363矽統","110/07/13","豐農",228,23,205
"4498","2363矽統","110/07/13","瑞士信貸",202,666,-464
"4499","2363矽統","110/07/13","台灣企銀-岡山",186,4,182
"4500","2363矽統","110/07/13","永豐金-嘉義",67,468,-401
"4501","8112至上","110/07/13","摩根大通",688,296,392
"4502","8112至上","110/07/13","國票-中和",0,401,-401
"4503","8112至上","110/07/13","港商野村",344,145,199
"4504","8112至上","110/07/13","永豐金-板盛",0,205,-205
"4505","8112至上","110/07/13","兆豐-公益",195,5,190
"4506","8112至上","110/07/13","凱基-五股",43,155,-112
"4507","8112至上","110/07/13","台灣摩根士丹利",183,0,183
"4508","8112至上","110/07/13","凱基-市政",0,100,-100
"4509","8112至上","110/07/13","群益金鼎-敦南",153,2,151
"4510","8112至上","110/07/13","元大-大里德芳",1,92,-91
"4511","8112至上","110/07/13","臺銀-金山",146,26,120
"4512","8112至上","110/07/13","玉山-桃園",26,110,-84
"4513","8112至上","110/07/13","臺銀",133,19,114
"4514","8112至上","110/07/13","兆豐-天母",0,81,-81
"4515","8112至上","110/07/13","合庫-台中",115,6,109
"4516","8112至上","110/07/13","凱基-城中",3,84,-81
"4517","8112至上","110/07/13","亞東-板橋",134,26,108
"4518","8112至上","110/07/13","日盛-新莊",9,85,-76
"4519","8112至上","110/07/13","凱基-台北",414,326,88
"4520","8112至上","110/07/13","日盛-台中",2,64,-62
"4521","8112至上","110/07/13","新加坡商瑞銀",181,100,81
"4522","8112至上","110/07/13","日盛-中壢",3,64,-61
"4523","8112至上","110/07/13","國泰-敦南",108,31,77
"4524","8112至上","110/07/13","元大-台中",2,59,-57
"4525","8112至上","110/07/13","第一金-華江",77,4,73
"4526","8112至上","110/07/13","元大-雙和",7,64,-57
"4527","8112至上","110/07/13","永豐金-內湖",73,1,72
"4528","8112至上","110/07/13","元大-高雄",8,62,-54
"4529","8112至上","110/07/13","元大-永和",68,1,67
"4530","8112至上","110/07/13","元大-館前",2,55,-53
"4531","4903聯光通","110/07/13","台灣企銀-太平",56,0,56
"4532","4903聯光通","110/07/13","土銀",0,32,-32
"4533","4903聯光通","110/07/13","元富-新興",23,0,23
"4534","4903聯光通","110/07/13","元大-樹林",0,19,-19
"4535","4903聯光通","110/07/13","日盛-樹林",22,0,22
"4536","4903聯光通","110/07/13","凱基-士林",0,17,-17
"4537","4903聯光通","110/07/13","兆豐-天母",20,0,20
"4538","4903聯光通","110/07/13","國票-博愛",0,14,-14
"4539","4903聯光通","110/07/13","華南永昌-桃園",20,0,20
"4540","4903聯光通","110/07/13","元富",0,10,-10
"4541","4903聯光通","110/07/13","富邦-新店",10,0,10
"4542","4903聯光通","110/07/13","新光",0,10,-10
"4543","4903聯光通","110/07/13","新光-台中",5,0,5
"4544","4903聯光通","110/07/13","玉山-南京東路",0,10,-10
"4545","4903聯光通","110/07/13","華南永昌-台中",5,0,5
"4546","4903聯光通","110/07/13","富邦-陽明",0,10,-10
"4547","4903聯光通","110/07/13","元大-崇德",5,0,5
"4548","4903聯光通","110/07/13","元大-大甲",0,8,-8
"4549","4903聯光通","110/07/13","元大-草屯",5,0,5
"4550","4903聯光通","110/07/13","富邦-台中",0,7,-7
"4551","4903聯光通","110/07/13","元富-草屯",4,0,4
"4552","4903聯光通","110/07/13","凱基-中壢",0,6,-6
"4553","4903聯光通","110/07/13","元大-清水",4,0,4
"4554","4903聯光通","110/07/13","臺銀-民權",0,5,-5
"4555","4903聯光通","110/07/13","元大-東泰",4,0,4
"4556","4903聯光通","110/07/13","日盛-板橋",0,5,-5
"4557","4903聯光通","110/07/13","元大-佳里",2,0,2
"4558","4903聯光通","110/07/13","中國信託-忠孝",0,5,-5
"4559","4903聯光通","110/07/13","永豐金-板橋",2,0,2
"4560","4903聯光通","110/07/13","永豐金-鳳山",0,5,-5
"4561","2929淘帝","110/07/13","玉山-新竹",130,0,130
"4562","2929淘帝","110/07/13","美商高盛",0,177,-177
"4563","2929淘帝","110/07/13","臺銀-民權",60,0,60
"4564","2929淘帝","110/07/13","凱基-台北",6,80,-74
"4565","2929淘帝","110/07/13","新百王",31,0,31
"4566","2929淘帝","110/07/13","元富-大裕",0,49,-49
"4567","2929淘帝","110/07/13","日盛-園區",30,0,30
"4568","2929淘帝","110/07/13","國泰-館前",3,51,-48
"4569","2929淘帝","110/07/13","元大-南投",31,1,30
"4570","2929淘帝","110/07/13","凱基-中壢",0,41,-41
"4571","2929淘帝","110/07/13","兆豐-忠孝",28,0,28
"4572","2929淘帝","110/07/13","港商野村",21,55,-34
"4573","2929淘帝","110/07/13","元大-民生",28,0,28
"4574","2929淘帝","110/07/13","華南永昌-南京",2,34,-32
"4575","2929淘帝","110/07/13","合庫-高雄",27,0,27
"4576","2929淘帝","110/07/13","群益金鼎-土城",0,30,-30
"4577","2929淘帝","110/07/13","凱基-豐中",27,0,27
"4578","2929淘帝","110/07/13","富邦-南屯",0,22,-22
"4579","2929淘帝","110/07/13","新光",21,4,17
"4580","2929淘帝","110/07/13","第一金-豐原",0,20,-20
"4581","2929淘帝","110/07/13","元大-天母",17,0,17
"4582","2929淘帝","110/07/13","元大-屏南",6,26,-20
"4583","2929淘帝","110/07/13","永興",14,0,14
"4584","2929淘帝","110/07/13","永豐金-敦南",1,21,-20
"4585","2929淘帝","110/07/13","富邦-台北",12,0,12
"4586","2929淘帝","110/07/13","凱基-三重",2,21,-19
"4587","2929淘帝","110/07/13","元大-永和",12,0,12
"4588","2929淘帝","110/07/13","富邦-仁愛",7,25,-18
"4589","2929淘帝","110/07/13","國票-天祥",11,0,11
"4590","2929淘帝","110/07/13","元大-北投",0,16,-16
"4591","5410國眾","110/07/13","兆豐-城中",274,0,274
"4592","5410國眾","110/07/13","元富-嘉義",0,103,-103
"4593","5410國眾","110/07/13","新光",50,4,46
"4594","5410國眾","110/07/13","凱基-台北",0,50,-50
"4595","5410國眾","110/07/13","國泰-台中",26,0,26
"4596","5410國眾","110/07/13","瑞士信貸",0,31,-31
"4597","5410國眾","110/07/13","新加坡商瑞銀",22,0,22
"4598","5410國眾","110/07/13","台新-新莊",0,27,-27
"4599","5410國眾","110/07/13","光和-嘉義",20,0,20
"4600","5410國眾","110/07/13","元大-汐止",0,20,-20
"4601","5410國眾","110/07/13","凱基-竹北",17,0,17
"4602","5410國眾","110/07/13","亞東-新竹",0,17,-17
"4603","5410國眾","110/07/13","新光-桃園",15,0,15
"4604","5410國眾","110/07/13","元大-南勢角",0,13,-13
"4605","5410國眾","110/07/13","凱基-台東",14,0,14
"4606","5410國眾","110/07/13","台新-台南",0,12,-12
"4607","5410國眾","110/07/13","富邦-竹北",11,0,11
"4608","5410國眾","110/07/13","中國信託",0,11,-11
"4609","5410國眾","110/07/13","元富-同大",10,0,10
"4610","5410國眾","110/07/13","華南永昌",0,11,-11
"4611","5410國眾","110/07/13","國泰-敦南",24,15,9
"4612","5410國眾","110/07/13","臺銀-臺南",0,10,-10
"4613","5410國眾","110/07/13","日盛-內湖",7,0,7
"4614","5410國眾","110/07/13","台灣企銀-民雄",0,10,-10
"4615","5410國眾","110/07/13","台新-左楠",7,0,7
"4616","5410國眾","110/07/13","高橋",0,10,-10
"4617","5410國眾","110/07/13","元大-新盛",18,12,6
"4618","5410國眾","110/07/13","康和-嘉義",0,10,-10
"4619","5410國眾","110/07/13","統一",5,0,5
"4620","5410國眾","110/07/13","凱基-基隆",0,10,-10
"4621","2841台開","110/07/13","中國信託-高雄",251,50,201
"4622","2841台開","110/07/13","兆豐-公益",0,177,-177
"4623","2841台開","110/07/13","日盛證券",210,13,197
"4624","2841台開","110/07/13","日進",0,152,-152
"4625","2841台開","110/07/13","第一金-台中",55,0,55
"4626","2841台開","110/07/13","港商野村",0,109,-109
"4627","2841台開","110/07/13","國泰-板橋",46,0,46
"4628","2841台開","110/07/13","日盛-信義",0,103,-103
"4629","2841台開","110/07/13","國泰-館前",48,3,45
"4630","2841台開","110/07/13","國泰-敦南",11,75,-64
"4631","2841台開","110/07/13","華南永昌-新莊",45,0,45
"4632","2841台開","110/07/13","永興",0,50,-50
"4633","2841台開","110/07/13","日盛-園區",42,0,42
"4634","2841台開","110/07/13","永豐金-敦南",61,104,-43
"4635","2841台開","110/07/13","台新證券",32,0,32
"4636","2841台開","110/07/13","富邦-台南",0,42,-42
"4637","2841台開","110/07/13","台新-高雄",32,2,30
"4638","2841台開","110/07/13","國票-安和",0,30,-30
"4639","2841台開","110/07/13","豐農",23,0,23
"4640","2841台開","110/07/13","元大-桃園",0,25,-25
"4641","2841台開","110/07/13","合庫-嘉義",20,0,20
"4642","2841台開","110/07/13","新光",8,32,-24
"4643","2841台開","110/07/13","華南永昌-高雄",20,0,20
"4644","2841台開","110/07/13","元大-仁愛",0,24,-24
"4645","2841台開","110/07/13","元大-樹林",16,0,16
"4646","2841台開","110/07/13","日盛-中和",0,20,-20
"4647","2841台開","110/07/13","第一金-華江",15,2,13
"4648","2841台開","110/07/13","元富",0,20,-20
"4649","2841台開","110/07/13","美商高盛",12,0,12
"4650","2841台開","110/07/13","富邦-宜蘭",0,20,-20
"4651","6207雷科","110/07/13","元大-高雄",121,0,121
"4652","6207雷科","110/07/13","華南永昌-朴子",1,60,-59
"4653","6207雷科","110/07/13","第一金-新興",20,0,20
"4654","6207雷科","110/07/13","元大-南海",0,36,-36
"4655","6207雷科","110/07/13","元富-三重",20,0,20
"4656","6207雷科","110/07/13","凱基-土城",0,35,-35
"4657","6207雷科","110/07/13","元大-林園",15,0,15
"4658","6207雷科","110/07/13","台灣企銀",0,20,-20
"4659","6207雷科","110/07/13","元大-金華",16,1,15
"4660","6207雷科","110/07/13","群益金鼎-丹鳳",0,20,-20
"4661","6207雷科","110/07/13","日盛證券",10,0,10
"4662","6207雷科","110/07/13","元大-博愛",0,17,-17
"4663","6207雷科","110/07/13","統一-台中",10,0,10
"4664","6207雷科","110/07/13","元大-北港",0,13,-13
"4665","6207雷科","110/07/13","群益金鼎-土城",10,0,10
"4666","6207雷科","110/07/13","新加坡商瑞銀",0,12,-12
"4667","6207雷科","110/07/13","群益金鼎-桃園",10,0,10
"4668","6207雷科","110/07/13","凱基-台北",4,16,-12
"4669","6207雷科","110/07/13","永豐金-新莊",10,0,10
"4670","6207雷科","110/07/13","日茂-埔里",0,11,-11
"4671","6207雷科","110/07/13","永豐金-新店",10,0,10
"4672","6207雷科","110/07/13","元大-莒光",0,11,-11
"4673","6207雷科","110/07/13","元大證券",9,0,9
"4674","6207雷科","110/07/13","統一-新竹",0,10,-10
"4675","6207雷科","110/07/13","日盛-木柵",9,1,8
"4676","6207雷科","110/07/13","元大-西螺",0,10,-10
"4677","6207雷科","110/07/13","兆豐-來福",8,0,8
"4678","6207雷科","110/07/13","康和-台中",0,8,-8
"4679","6207雷科","110/07/13","新光",7,0,7
"4680","6207雷科","110/07/13","兆豐-高雄",0,6,-6
"4681","3679新至陞","110/07/13","永豐金證券",50,0,50
"4682","3679新至陞","110/07/13","摩根大通",2,25,-23
"4683","3679新至陞","110/07/13","國泰-桃園",22,0,22
"4684","3679新至陞","110/07/13","元大-成功",0,22,-22
"4685","3679新至陞","110/07/13","台中銀-員林",11,0,11
"4686","3679新至陞","110/07/13","富邦-板橋",1,19,-18
"4687","3679新至陞","110/07/13","元大-文心興安",8,0,8
"4688","3679新至陞","110/07/13","日盛-新莊",0,10,-10
"4689","3679新至陞","110/07/13","美商高盛",6,0,6
"4690","3679新至陞","110/07/13","台新-台中",0,10,-10
"4691","3679新至陞","110/07/13","台新-高雄",6,0,6
"4692","3679新至陞","110/07/13","永豐金-新竹",0,8,-8
"4693","3679新至陞","110/07/13","凱基-台北",18,12,6
"4694","3679新至陞","110/07/13","瑞士信貸",12,19,-7
"4695","3679新至陞","110/07/13","日盛-復興",5,0,5
"4696","3679新至陞","110/07/13","統一-南京",0,7,-7
"4697","3679新至陞","110/07/13","(牛牛牛)亞-鑫豐",4,0,4
"4698","3679新至陞","110/07/13","凱基-新莊",0,7,-7
"4699","3679新至陞","110/07/13","元富-大昌",3,0,3
"4700","3679新至陞","110/07/13","新加坡商瑞銀",0,6,-6
"4701","3679新至陞","110/07/13","富邦-台北",3,0,3
"4702","3679新至陞","110/07/13","合庫-自強",0,5,-5
"4703","3679新至陞","110/07/13","日盛-樹林",2,0,2
"4704","3679新至陞","110/07/13","富邦-桃園",0,5,-5
"4705","3679新至陞","110/07/13","宏遠-光隆",2,0,2
"4706","3679新至陞","110/07/13","永豐金-潮州",0,4,-4
"4707","3679新至陞","110/07/13","美林",3,1,2
"4708","3679新至陞","110/07/13","臺銀-臺南",0,3,-3
"4709","3679新至陞","110/07/13","第一金-中壢",2,0,2
"4710","3679新至陞","110/07/13","元大-六合",0,3,-3
"4711","2727王品","110/07/13","富邦-台北",43,3,40
"4712","2727王品","110/07/13","台灣摩根士丹利",15,97,-82
"4713","2727王品","110/07/13","元大-基隆孝二",40,0,40
"4714","2727王品","110/07/13","玉山-台南",5,57,-52
"4715","2727王品","110/07/13","國票-新莊",40,1,39
"4716","2727王品","110/07/13","新加坡商瑞銀",0,48,-48
"4717","2727王品","110/07/13","第一金-豐原",66,42,24
"4718","2727王品","110/07/13","凱基-台北",41,77,-36
"4719","2727王品","110/07/13","永豐金-大園",34,10,24
"4720","2727王品","110/07/13","永豐金-永康",0,22,-22
"4721","2727王品","110/07/13","元大-北屯",22,0,22
"4722","2727王品","110/07/13","統一-台中",2,22,-20
"4723","2727王品","110/07/13","元大-東蘆",26,7,19
"4724","2727王品","110/07/13","國泰-台中",21,39,-18
"4725","2727王品","110/07/13","永豐金-萬盛",13,1,12
"4726","2727王品","110/07/13","合庫-彰化",3,20,-17
"4727","2727王品","110/07/13","日盛-嘉義",11,0,11
"4728","2727王品","110/07/13","港商野村",13,30,-17
"4729","2727王品","110/07/13","日盛-八德",11,0,11
"4730","2727王品","110/07/13","元大-楊梅",1,16,-15
"4731","2727王品","110/07/13","統一-竹南",11,0,11
"4732","2727王品","110/07/13","凱基-高美館",2,15,-13
"4733","2727王品","110/07/13","日盛-士林",12,2,10
"4734","2727王品","110/07/13","美商高盛",2,14,-12
"4735","2727王品","110/07/13","統一-敦南",10,0,10
"4736","2727王品","110/07/13","統一-平鎮",1,13,-12
"4737","2727王品","110/07/13","中國信託",15,5,10
"4738","2727王品","110/07/13","兆豐-台中港",4,16,-12
"4739","2727王品","110/07/13","兆豐-竹北",13,3,10
"4740","2727王品","110/07/13","凱基-八德",1,13,-12
"4741","1570力肯","110/07/13","新光",115,11,104
"4742","1570力肯","110/07/13","元大-北三重",0,162,-162
"4743","1570力肯","110/07/13","群益金鼎-高雄",54,0,54
"4744","1570力肯","110/07/13","元大-大灣",0,25,-25
"4745","1570力肯","110/07/13","國票-新莊",22,0,22
"4746","1570力肯","110/07/13","永豐金-苓雅",0,22,-22
"4747","1570力肯","110/07/13","日盛-桃園",12,0,12
"4748","1570力肯","110/07/13","永豐金-永康",0,19,-19
"4749","1570力肯","110/07/13","元大-高雄",12,0,12
"4750","1570力肯","110/07/13","富邦-員林",0,15,-15
"4751","1570力肯","110/07/13","合庫-自強",11,0,11
"4752","1570力肯","110/07/13","凱基-台南",0,11,-11
"4753","1570力肯","110/07/13","摩根大通",26,15,11
"4754","1570力肯","110/07/13","日盛-竹北",0,10,-10
"4755","1570力肯","110/07/13","永豐金-中盛",11,0,11
"4756","1570力肯","110/07/13","國票-九鼎",0,10,-10
"4757","1570力肯","110/07/13","兆豐-台中港",10,0,10
"4758","1570力肯","110/07/13","凱基-桃園",0,10,-10
"4759","1570力肯","110/07/13","國泰-松江",9,0,9
"4760","1570力肯","110/07/13","凱基-新豐",0,10,-10
"4761","1570力肯","110/07/13","元大-新盛",9,0,9
"4762","1570力肯","110/07/13","元大-學甲",0,10,-10
"4763","1570力肯","110/07/13","元富-緯城",6,0,6
"4764","1570力肯","110/07/13","群益金鼎-東湖",1,10,-9
"4765","1570力肯","110/07/13","統一-三重",5,0,5
"4766","1570力肯","110/07/13","大昌",0,6,-6
"4767","1570力肯","110/07/13","元大-前金",5,0,5
"4768","1570力肯","110/07/13","元大-土城學府",0,6,-6
"4769","1570力肯","110/07/13","永豐金證券",5,0,5
"4770","1570力肯","110/07/13","統一",0,5,-5
"4771","6180橘子","110/07/13","摩根大通",119,0,119
"4772","6180橘子","110/07/13","元大-崇德",2,61,-59
"4773","6180橘子","110/07/13","美商高盛",96,0,96
"4774","6180橘子","110/07/13","康和-台中",0,51,-51
"4775","6180橘子","110/07/13","新加坡商瑞銀",86,7,79
"4776","6180橘子","110/07/13","康和-台北",0,50,-50
"4777","6180橘子","110/07/13","元大-和平",40,0,40
"4778","6180橘子","110/07/13","元富-潮州",0,40,-40
"4779","6180橘子","110/07/13","凱基-台北",83,47,36
"4780","6180橘子","110/07/13","日盛-永康",0,26,-26
"4781","6180橘子","110/07/13","美林",39,5,34
"4782","6180橘子","110/07/13","永豐金-中正",0,24,-24
"4783","6180橘子","110/07/13","富邦-新竹華信",31,2,29
"4784","6180橘子","110/07/13","國泰-板橋",2,25,-23
"4785","6180橘子","110/07/13","統一-南京",21,0,21
"4786","6180橘子","110/07/13","日盛-大墩",0,20,-20
"4787","6180橘子","110/07/13","富邦-陽明",24,3,21
"4788","6180橘子","110/07/13","元大-草屯",13,32,-19
"4789","6180橘子","110/07/13","大昌-樹林",21,1,20
"4790","6180橘子","110/07/13","元富-林園",1,18,-17
"4791","6180橘子","110/07/13","花旗環球",19,0,19
"4792","6180橘子","110/07/13","新光-新竹",1,18,-17
"4793","6180橘子","110/07/13","華南永昌-台南",19,0,19
"4794","6180橘子","110/07/13","元大-土城永寧",0,17,-17
"4795","6180橘子","110/07/13","福勝",14,0,14
"4796","6180橘子","110/07/13","國泰-新莊",3,19,-16
"4797","6180橘子","110/07/13","富邦-嘉義",12,1,11
"4798","6180橘子","110/07/13","中國信託-永康",6,21,-15
"4799","6180橘子","110/07/13","元大-板橋三民",11,0,11
"4800","6180橘子","110/07/13","凱基-東港",1,15,-14
"4801","2390云辰","110/07/13","新加坡商瑞銀",562,75,487
"4802","2390云辰","110/07/13","大展-台南",0,532,-532
"4803","2390云辰","110/07/13","台灣摩根士丹利",330,155,175
"4804","2390云辰","110/07/13","凱基-台北",668,854,-186
"4805","2390云辰","110/07/13","兆豐-公益",126,25,101
"4806","2390云辰","110/07/13","凱基-三重",12,172,-160
"4807","2390云辰","110/07/13","元富-中港",100,2,98
"4808","2390云辰","110/07/13","兆豐-忠孝",4,161,-157
"4809","2390云辰","110/07/13","統一-新台中",106,9,97
"4810","2390云辰","110/07/13","元大-士林",19,170,-151
"4811","2390云辰","110/07/13","中國信託-松江",81,11,70
"4812","2390云辰","110/07/13","臺銀-新竹",14,117,-103
"4813","2390云辰","110/07/13","日盛-板橋",72,3,69
"4814","2390云辰","110/07/13","國票-台中",4,102,-98
"4815","2390云辰","110/07/13","日盛-和美",57,0,57
"4816","2390云辰","110/07/13","新光",147,232,-85
"4817","2390云辰","110/07/13","永豐金-桃園",88,36,52
"4818","2390云辰","110/07/13","致和-崇德",2,70,-68
"4819","2390云辰","110/07/13","玉山-士林",54,4,50
"4820","2390云辰","110/07/13","群益金鼎-屏東",2,70,-68
"4821","2390云辰","110/07/13","富邦-仁愛",56,6,50
"4822","2390云辰","110/07/13","元大-大里",35,98,-63
"4823","2390云辰","110/07/13","第一金-豐原",50,1,49
"4824","2390云辰","110/07/13","元大-萬華",35,94,-59
"4825","2390云辰","110/07/13","摩根大通",502,453,49
"4826","2390云辰","110/07/13","元富-吉利",2,60,-58
"4827","2390云辰","110/07/13","凱基-松山",61,13,48
"4828","2390云辰","110/07/13","兆豐-新竹",3,53,-50
"4829","2390云辰","110/07/13","大昌",64,22,42
"4830","2390云辰","110/07/13","富邦-嘉義",65,108,-43
"4831","2363矽統","110/07/13","凱基-南崁",2133,63,2070
"4832","2363矽統","110/07/13","凱基-幸福",36,4048,-4012
"4833","2363矽統","110/07/13","國泰-敦南",2195,1617,578
"4834","2363矽統","110/07/13","統一",192,3325,-3133
"4835","2363矽統","110/07/13","中農",670,139,531
"4836","2363矽統","110/07/13","新加坡商瑞銀",1000,2747,-1747
"4837","2363矽統","110/07/13","康和-台中",638,154,484
"4838","2363矽統","110/07/13","凱基-台北",5359,6609,-1250
"4839","2363矽統","110/07/13","群益金鼎-三民",577,137,440
"4840","2363矽統","110/07/13","摩根大通",1930,2858,-928
"4841","2363矽統","110/07/13","台新-屏東",510,88,422
"4842","2363矽統","110/07/13","港商野村",960,1679,-719
"4843","2363矽統","110/07/13","德信-中正",455,67,388
"4844","2363矽統","110/07/13","兆豐-復興",25,705,-680
"4845","2363矽統","110/07/13","日盛-竹北",365,70,295
"4846","2363矽統","110/07/13","統一-仁愛",114,755,-641
"4847","2363矽統","110/07/13","元大-佳里",452,189,263
"4848","2363矽統","110/07/13","統一-敦南",29,638,-609
"4849","2363矽統","110/07/13","國票-博愛",296,38,258
"4850","2363矽統","110/07/13","統一-土城",100,704,-604
"4851","2363矽統","110/07/13","元大-萬華",340,95,245
"4852","2363矽統","110/07/13","統一-城中",116,676,-560
"4853","2363矽統","110/07/13","新光",1259,1031,228
"4854","2363矽統","110/07/13","永豐金證券",306,859,-553
"4855","2363矽統","110/07/13","元富-成功",323,96,227
"4856","2363矽統","110/07/13","元富",54,567,-513
"4857","2363矽統","110/07/13","豐農",228,23,205
"4858","2363矽統","110/07/13","瑞士信貸",202,666,-464
"4859","2363矽統","110/07/13","台灣企銀-岡山",186,4,182
"4860","2363矽統","110/07/13","永豐金-嘉義",67,468,-401
"4861","8112至上","110/07/13","摩根大通",688,296,392
"4862","8112至上","110/07/13","國票-中和",0,401,-401
"4863","8112至上","110/07/13","港商野村",344,145,199
"4864","8112至上","110/07/13","永豐金-板盛",0,205,-205
"4865","8112至上","110/07/13","兆豐-公益",195,5,190
"4866","8112至上","110/07/13","凱基-五股",43,155,-112
"4867","8112至上","110/07/13","台灣摩根士丹利",183,0,183
"4868","8112至上","110/07/13","凱基-市政",0,100,-100
"4869","8112至上","110/07/13","群益金鼎-敦南",153,2,151
"4870","8112至上","110/07/13","元大-大里德芳",1,92,-91
"4871","8112至上","110/07/13","臺銀-金山",146,26,120
"4872","8112至上","110/07/13","玉山-桃園",26,110,-84
"4873","8112至上","110/07/13","臺銀",133,19,114
"4874","8112至上","110/07/13","兆豐-天母",0,81,-81
"4875","8112至上","110/07/13","合庫-台中",115,6,109
"4876","8112至上","110/07/13","凱基-城中",3,84,-81
"4877","8112至上","110/07/13","亞東-板橋",134,26,108
"4878","8112至上","110/07/13","日盛-新莊",9,85,-76
"4879","8112至上","110/07/13","凱基-台北",414,326,88
"4880","8112至上","110/07/13","日盛-台中",2,64,-62
"4881","8112至上","110/07/13","新加坡商瑞銀",181,100,81
"4882","8112至上","110/07/13","日盛-中壢",3,64,-61
"4883","8112至上","110/07/13","國泰-敦南",108,31,77
"4884","8112至上","110/07/13","元大-台中",2,59,-57
"4885","8112至上","110/07/13","第一金-華江",77,4,73
"4886","8112至上","110/07/13","元大-雙和",7,64,-57
"4887","8112至上","110/07/13","永豐金-內湖",73,1,72
"4888","8112至上","110/07/13","元大-高雄",8,62,-54
"4889","8112至上","110/07/13","元大-永和",68,1,67
"4890","8112至上","110/07/13","元大-館前",2,55,-53
"4891","4903聯光通","110/07/13","台灣企銀-太平",56,0,56
"4892","4903聯光通","110/07/13","土銀",0,32,-32
"4893","4903聯光通","110/07/13","元富-新興",23,0,23
"4894","4903聯光通","110/07/13","元大-樹林",0,19,-19
"4895","4903聯光通","110/07/13","日盛-樹林",22,0,22
"4896","4903聯光通","110/07/13","凱基-士林",0,17,-17
"4897","4903聯光通","110/07/13","兆豐-天母",20,0,20
"4898","4903聯光通","110/07/13","國票-博愛",0,14,-14
"4899","4903聯光通","110/07/13","華南永昌-桃園",20,0,20
"4900","4903聯光通","110/07/13","元富",0,10,-10
"4901","4903聯光通","110/07/13","富邦-新店",10,0,10
"4902","4903聯光通","110/07/13","新光",0,10,-10
"4903","4903聯光通","110/07/13","新光-台中",5,0,5
"4904","4903聯光通","110/07/13","玉山-南京東路",0,10,-10
"4905","4903聯光通","110/07/13","華南永昌-台中",5,0,5
"4906","4903聯光通","110/07/13","富邦-陽明",0,10,-10
"4907","4903聯光通","110/07/13","元大-崇德",5,0,5
"4908","4903聯光通","110/07/13","元大-大甲",0,8,-8
"4909","4903聯光通","110/07/13","元大-草屯",5,0,5
"4910","4903聯光通","110/07/13","富邦-台中",0,7,-7
"4911","4903聯光通","110/07/13","元富-草屯",4,0,4
"4912","4903聯光通","110/07/13","凱基-中壢",0,6,-6
"4913","4903聯光通","110/07/13","元大-清水",4,0,4
"4914","4903聯光通","110/07/13","臺銀-民權",0,5,-5
"4915","4903聯光通","110/07/13","元大-東泰",4,0,4
"4916","4903聯光通","110/07/13","日盛-板橋",0,5,-5
"4917","4903聯光通","110/07/13","元大-佳里",2,0,2
"4918","4903聯光通","110/07/13","中國信託-忠孝",0,5,-5
"4919","4903聯光通","110/07/13","永豐金-板橋",2,0,2
"4920","4903聯光通","110/07/13","永豐金-鳳山",0,5,-5
"4921","2929淘帝","110/07/13","玉山-新竹",130,0,130
"4922","2929淘帝","110/07/13","美商高盛",0,177,-177
"4923","2929淘帝","110/07/13","臺銀-民權",60,0,60
"4924","2929淘帝","110/07/13","凱基-台北",6,80,-74
"4925","2929淘帝","110/07/13","新百王",31,0,31
"4926","2929淘帝","110/07/13","元富-大裕",0,49,-49
"4927","2929淘帝","110/07/13","日盛-園區",30,0,30
"4928","2929淘帝","110/07/13","國泰-館前",3,51,-48
"4929","2929淘帝","110/07/13","元大-南投",31,1,30
"4930","2929淘帝","110/07/13","凱基-中壢",0,41,-41
"4931","2929淘帝","110/07/13","兆豐-忠孝",28,0,28
"4932","2929淘帝","110/07/13","港商野村",21,55,-34
"4933","2929淘帝","110/07/13","元大-民生",28,0,28
"4934","2929淘帝","110/07/13","華南永昌-南京",2,34,-32
"4935","2929淘帝","110/07/13","合庫-高雄",27,0,27
"4936","2929淘帝","110/07/13","群益金鼎-土城",0,30,-30
"4937","2929淘帝","110/07/13","凱基-豐中",27,0,27
"4938","2929淘帝","110/07/13","富邦-南屯",0,22,-22
"4939","2929淘帝","110/07/13","新光",21,4,17
"4940","2929淘帝","110/07/13","第一金-豐原",0,20,-20
"4941","2929淘帝","110/07/13","元大-天母",17,0,17
"4942","2929淘帝","110/07/13","元大-屏南",6,26,-20
"4943","2929淘帝","110/07/13","永興",14,0,14
"4944","2929淘帝","110/07/13","永豐金-敦南",1,21,-20
"4945","2929淘帝","110/07/13","富邦-台北",12,0,12
"4946","2929淘帝","110/07/13","凱基-三重",2,21,-19
"4947","2929淘帝","110/07/13","元大-永和",12,0,12
"4948","2929淘帝","110/07/13","富邦-仁愛",7,25,-18
"4949","2929淘帝","110/07/13","國票-天祥",11,0,11
"4950","2929淘帝","110/07/13","元大-北投",0,16,-16
"4951","5410國眾","110/07/13","兆豐-城中",274,0,274
"4952","5410國眾","110/07/13","元富-嘉義",0,103,-103
"4953","5410國眾","110/07/13","新光",50,4,46
"4954","5410國眾","110/07/13","凱基-台北",0,50,-50
"4955","5410國眾","110/07/13","國泰-台中",26,0,26
"4956","5410國眾","110/07/13","瑞士信貸",0,31,-31
"4957","5410國眾","110/07/13","新加坡商瑞銀",22,0,22
"4958","5410國眾","110/07/13","台新-新莊",0,27,-27
"4959","5410國眾","110/07/13","光和-嘉義",20,0,20
"4960","5410國眾","110/07/13","元大-汐止",0,20,-20
"4961","5410國眾","110/07/13","凱基-竹北",17,0,17
"4962","5410國眾","110/07/13","亞東-新竹",0,17,-17
"4963","5410國眾","110/07/13","新光-桃園",15,0,15
"4964","5410國眾","110/07/13","元大-南勢角",0,13,-13
"4965","5410國眾","110/07/13","凱基-台東",14,0,14
"4966","5410國眾","110/07/13","台新-台南",0,12,-12
"4967","5410國眾","110/07/13","富邦-竹北",11,0,11
"4968","5410國眾","110/07/13","中國信託",0,11,-11
"4969","5410國眾","110/07/13","元富-同大",10,0,10
"4970","5410國眾","110/07/13","華南永昌",0,11,-11
"4971","5410國眾","110/07/13","國泰-敦南",24,15,9
"4972","5410國眾","110/07/13","臺銀-臺南",0,10,-10
"4973","5410國眾","110/07/13","日盛-內湖",7,0,7
"4974","5410國眾","110/07/13","台灣企銀-民雄",0,10,-10
"4975","5410國眾","110/07/13","台新-左楠",7,0,7
"4976","5410國眾","110/07/13","高橋",0,10,-10
"4977","5410國眾","110/07/13","元大-新盛",18,12,6
"4978","5410國眾","110/07/13","康和-嘉義",0,10,-10
"4979","5410國眾","110/07/13","統一",5,0,5
"4980","5410國眾","110/07/13","凱基-基隆",0,10,-10
"4981","2841台開","110/07/13","中國信託-高雄",251,50,201
"4982","2841台開","110/07/13","兆豐-公益",0,177,-177
"4983","2841台開","110/07/13","日盛證券",210,13,197
"4984","2841台開","110/07/13","日進",0,152,-152
"4985","2841台開","110/07/13","第一金-台中",55,0,55
"4986","2841台開","110/07/13","港商野村",0,109,-109
"4987","2841台開","110/07/13","國泰-板橋",46,0,46
"4988","2841台開","110/07/13","日盛-信義",0,103,-103
"4989","2841台開","110/07/13","國泰-館前",48,3,45
"4990","2841台開","110/07/13","國泰-敦南",11,75,-64
"4991","2841台開","110/07/13","華南永昌-新莊",45,0,45
"4992","2841台開","110/07/13","永興",0,50,-50
"4993","2841台開","110/07/13","日盛-園區",42,0,42
"4994","2841台開","110/07/13","永豐金-敦南",61,104,-43
"4995","2841台開","110/07/13","台新證券",32,0,32
"4996","2841台開","110/07/13","富邦-台南",0,42,-42
"4997","2841台開","110/07/13","台新-高雄",32,2,30
"4998","2841台開","110/07/13","國票-安和",0,30,-30
"4999","2841台開","110/07/13","豐農",23,0,23
"5000","2841台開","110/07/13","元大-桃園",0,25,-25
"5001","2841台開","110/07/13","合庫-嘉義",20,0,20
"5002","2841台開","110/07/13","新光",8,32,-24
"5003","2841台開","110/07/13","華南永昌-高雄",20,0,20
"5004","2841台開","110/07/13","元大-仁愛",0,24,-24
"5005","2841台開","110/07/13","元大-樹林",16,0,16
"5006","2841台開","110/07/13","日盛-中和",0,20,-20
"5007","2841台開","110/07/13","第一金-華江",15,2,13
"5008","2841台開","110/07/13","元富",0,20,-20
"5009","2841台開","110/07/13","美商高盛",12,0,12
"5010","2841台開","110/07/13","富邦-宜蘭",0,20,-20
"5011","6207雷科","110/07/13","元大-高雄",121,0,121
"5012","6207雷科","110/07/13","華南永昌-朴子",1,60,-59
"5013","6207雷科","110/07/13","第一金-新興",20,0,20
"5014","6207雷科","110/07/13","元大-南海",0,36,-36
"5015","6207雷科","110/07/13","元富-三重",20,0,20
"5016","6207雷科","110/07/13","凱基-土城",0,35,-35
"5017","6207雷科","110/07/13","元大-林園",15,0,15
"5018","6207雷科","110/07/13","台灣企銀",0,20,-20
"5019","6207雷科","110/07/13","元大-金華",16,1,15
"5020","6207雷科","110/07/13","群益金鼎-丹鳳",0,20,-20
"5021","6207雷科","110/07/13","日盛證券",10,0,10
"5022","6207雷科","110/07/13","元大-博愛",0,17,-17
"5023","6207雷科","110/07/13","統一-台中",10,0,10
"5024","6207雷科","110/07/13","元大-北港",0,13,-13
"5025","6207雷科","110/07/13","群益金鼎-土城",10,0,10
"5026","6207雷科","110/07/13","新加坡商瑞銀",0,12,-12
"5027","6207雷科","110/07/13","群益金鼎-桃園",10,0,10
"5028","6207雷科","110/07/13","凱基-台北",4,16,-12
"5029","6207雷科","110/07/13","永豐金-新莊",10,0,10
"5030","6207雷科","110/07/13","日茂-埔里",0,11,-11
"5031","6207雷科","110/07/13","永豐金-新店",10,0,10
"5032","6207雷科","110/07/13","元大-莒光",0,11,-11
"5033","6207雷科","110/07/13","元大證券",9,0,9
"5034","6207雷科","110/07/13","統一-新竹",0,10,-10
"5035","6207雷科","110/07/13","日盛-木柵",9,1,8
"5036","6207雷科","110/07/13","元大-西螺",0,10,-10
"5037","6207雷科","110/07/13","兆豐-來福",8,0,8
"5038","6207雷科","110/07/13","康和-台中",0,8,-8
"5039","6207雷科","110/07/13","新光",7,0,7
"5040","6207雷科","110/07/13","兆豐-高雄",0,6,-6
"5041","3679新至陞","110/07/13","永豐金證券",50,0,50
"5042","3679新至陞","110/07/13","摩根大通",2,25,-23
"5043","3679新至陞","110/07/13","國泰-桃園",22,0,22
"5044","3679新至陞","110/07/13","元大-成功",0,22,-22
"5045","3679新至陞","110/07/13","台中銀-員林",11,0,11
"5046","3679新至陞","110/07/13","富邦-板橋",1,19,-18
"5047","3679新至陞","110/07/13","元大-文心興安",8,0,8
"5048","3679新至陞","110/07/13","日盛-新莊",0,10,-10
"5049","3679新至陞","110/07/13","美商高盛",6,0,6
"5050","3679新至陞","110/07/13","台新-台中",0,10,-10
"5051","3679新至陞","110/07/13","台新-高雄",6,0,6
"5052","3679新至陞","110/07/13","永豐金-新竹",0,8,-8
"5053","3679新至陞","110/07/13","凱基-台北",18,12,6
"5054","3679新至陞","110/07/13","瑞士信貸",12,19,-7
"5055","3679新至陞","110/07/13","日盛-復興",5,0,5
"5056","3679新至陞","110/07/13","統一-南京",0,7,-7
"5057","3679新至陞","110/07/13","(牛牛牛)亞-鑫豐",4,0,4
"5058","3679新至陞","110/07/13","凱基-新莊",0,7,-7
"5059","3679新至陞","110/07/13","元富-大昌",3,0,3
"5060","3679新至陞","110/07/13","新加坡商瑞銀",0,6,-6
"5061","3679新至陞","110/07/13","富邦-台北",3,0,3
"5062","3679新至陞","110/07/13","合庫-自強",0,5,-5
"5063","3679新至陞","110/07/13","日盛-樹林",2,0,2
"5064","3679新至陞","110/07/13","富邦-桃園",0,5,-5
"5065","3679新至陞","110/07/13","宏遠-光隆",2,0,2
"5066","3679新至陞","110/07/13","永豐金-潮州",0,4,-4
"5067","3679新至陞","110/07/13","美林",3,1,2
"5068","3679新至陞","110/07/13","臺銀-臺南",0,3,-3
"5069","3679新至陞","110/07/13","第一金-中壢",2,0,2
"5070","3679新至陞","110/07/13","元大-六合",0,3,-3
"5071","2727王品","110/07/13","富邦-台北",43,3,40
"5072","2727王品","110/07/13","台灣摩根士丹利",15,97,-82
"5073","2727王品","110/07/13","元大-基隆孝二",40,0,40
"5074","2727王品","110/07/13","玉山-台南",5,57,-52
"5075","2727王品","110/07/13","國票-新莊",40,1,39
"5076","2727王品","110/07/13","新加坡商瑞銀",0,48,-48
"5077","2727王品","110/07/13","第一金-豐原",66,42,24
"5078","2727王品","110/07/13","凱基-台北",41,77,-36
"5079","2727王品","110/07/13","永豐金-大園",34,10,24
"5080","2727王品","110/07/13","永豐金-永康",0,22,-22
"5081","2727王品","110/07/13","元大-北屯",22,0,22
"5082","2727王品","110/07/13","統一-台中",2,22,-20
"5083","2727王品","110/07/13","元大-東蘆",26,7,19
"5084","2727王品","110/07/13","國泰-台中",21,39,-18
"5085","2727王品","110/07/13","永豐金-萬盛",13,1,12
"5086","2727王品","110/07/13","合庫-彰化",3,20,-17
"5087","2727王品","110/07/13","日盛-嘉義",11,0,11
"5088","2727王品","110/07/13","港商野村",13,30,-17
"5089","2727王品","110/07/13","日盛-八德",11,0,11
"5090","2727王品","110/07/13","元大-楊梅",1,16,-15
"5091","2727王品","110/07/13","統一-竹南",11,0,11
"5092","2727王品","110/07/13","凱基-高美館",2,15,-13
"5093","2727王品","110/07/13","日盛-士林",12,2,10
"5094","2727王品","110/07/13","美商高盛",2,14,-12
"5095","2727王品","110/07/13","統一-敦南",10,0,10
"5096","2727王品","110/07/13","統一-平鎮",1,13,-12
"5097","2727王品","110/07/13","中國信託",15,5,10
"5098","2727王品","110/07/13","兆豐-台中港",4,16,-12
"5099","2727王品","110/07/13","兆豐-竹北",13,3,10
"5100","2727王品","110/07/13","凱基-八德",1,13,-12
"5101","1570力肯","110/07/13","新光",115,11,104
"5102","1570力肯","110/07/13","元大-北三重",0,162,-162
"5103","1570力肯","110/07/13","群益金鼎-高雄",54,0,54
"5104","1570力肯","110/07/13","元大-大灣",0,25,-25
"5105","1570力肯","110/07/13","國票-新莊",22,0,22
"5106","1570力肯","110/07/13","永豐金-苓雅",0,22,-22
"5107","1570力肯","110/07/13","日盛-桃園",12,0,12
"5108","1570力肯","110/07/13","永豐金-永康",0,19,-19
"5109","1570力肯","110/07/13","元大-高雄",12,0,12
"5110","1570力肯","110/07/13","富邦-員林",0,15,-15
"5111","1570力肯","110/07/13","合庫-自強",11,0,11
"5112","1570力肯","110/07/13","凱基-台南",0,11,-11
"5113","1570力肯","110/07/13","摩根大通",26,15,11
"5114","1570力肯","110/07/13","日盛-竹北",0,10,-10
"5115","1570力肯","110/07/13","永豐金-中盛",11,0,11
"5116","1570力肯","110/07/13","國票-九鼎",0,10,-10
"5117","1570力肯","110/07/13","兆豐-台中港",10,0,10
"5118","1570力肯","110/07/13","凱基-桃園",0,10,-10
"5119","1570力肯","110/07/13","國泰-松江",9,0,9
"5120","1570力肯","110/07/13","凱基-新豐",0,10,-10
"5121","1570力肯","110/07/13","元大-新盛",9,0,9
"5122","1570力肯","110/07/13","元大-學甲",0,10,-10
"5123","1570力肯","110/07/13","元富-緯城",6,0,6
"5124","1570力肯","110/07/13","群益金鼎-東湖",1,10,-9
"5125","1570力肯","110/07/13","統一-三重",5,0,5
"5126","1570力肯","110/07/13","大昌",0,6,-6
"5127","1570力肯","110/07/13","元大-前金",5,0,5
"5128","1570力肯","110/07/13","元大-土城學府",0,6,-6
"5129","1570力肯","110/07/13","永豐金證券",5,0,5
"5130","1570力肯","110/07/13","統一",0,5,-5
"5131","6180橘子","110/07/13","摩根大通",119,0,119
"5132","6180橘子","110/07/13","元大-崇德",2,61,-59
"5133","6180橘子","110/07/13","美商高盛",96,0,96
"5134","6180橘子","110/07/13","康和-台中",0,51,-51
"5135","6180橘子","110/07/13","新加坡商瑞銀",86,7,79
"5136","6180橘子","110/07/13","康和-台北",0,50,-50
"5137","6180橘子","110/07/13","元大-和平",40,0,40
"5138","6180橘子","110/07/13","元富-潮州",0,40,-40
"5139","6180橘子","110/07/13","凱基-台北",83,47,36
"5140","6180橘子","110/07/13","日盛-永康",0,26,-26
"5141","6180橘子","110/07/13","美林",39,5,34
"5142","6180橘子","110/07/13","永豐金-中正",0,24,-24
"5143","6180橘子","110/07/13","富邦-新竹華信",31,2,29
"5144","6180橘子","110/07/13","國泰-板橋",2,25,-23
"5145","6180橘子","110/07/13","統一-南京",21,0,21
"5146","6180橘子","110/07/13","日盛-大墩",0,20,-20
"5147","6180橘子","110/07/13","富邦-陽明",24,3,21
"5148","6180橘子","110/07/13","元大-草屯",13,32,-19
"5149","6180橘子","110/07/13","大昌-樹林",21,1,20
"5150","6180橘子","110/07/13","元富-林園",1,18,-17
"5151","6180橘子","110/07/13","花旗環球",19,0,19
"5152","6180橘子","110/07/13","新光-新竹",1,18,-17
"5153","6180橘子","110/07/13","華南永昌-台南",19,0,19
"5154","6180橘子","110/07/13","元大-土城永寧",0,17,-17
"5155","6180橘子","110/07/13","福勝",14,0,14
"5156","6180橘子","110/07/13","國泰-新莊",3,19,-16
"5157","6180橘子","110/07/13","富邦-嘉義",12,1,11
"5158","6180橘子","110/07/13","中國信託-永康",6,21,-15
"5159","6180橘子","110/07/13","元大-板橋三民",11,0,11
"5160","6180橘子","110/07/13","凱基-東港",1,15,-14
"5161","2390云辰","110/07/13","新加坡商瑞銀",562,75,487
"5162","2390云辰","110/07/13","大展-台南",0,532,-532
"5163","2390云辰","110/07/13","台灣摩根士丹利",330,155,175
"5164","2390云辰","110/07/13","凱基-台北",668,854,-186
"5165","2390云辰","110/07/13","兆豐-公益",126,25,101
"5166","2390云辰","110/07/13","凱基-三重",12,172,-160
"5167","2390云辰","110/07/13","元富-中港",100,2,98
"5168","2390云辰","110/07/13","兆豐-忠孝",4,161,-157
"5169","2390云辰","110/07/13","統一-新台中",106,9,97
"5170","2390云辰","110/07/13","元大-士林",19,170,-151
"5171","2390云辰","110/07/13","中國信託-松江",81,11,70
"5172","2390云辰","110/07/13","臺銀-新竹",14,117,-103
"5173","2390云辰","110/07/13","日盛-板橋",72,3,69
"5174","2390云辰","110/07/13","國票-台中",4,102,-98
"5175","2390云辰","110/07/13","日盛-和美",57,0,57
"5176","2390云辰","110/07/13","新光",147,232,-85
"5177","2390云辰","110/07/13","永豐金-桃園",88,36,52
"5178","2390云辰","110/07/13","致和-崇德",2,70,-68
"5179","2390云辰","110/07/13","玉山-士林",54,4,50
"5180","2390云辰","110/07/13","群益金鼎-屏東",2,70,-68
"5181","2390云辰","110/07/13","富邦-仁愛",56,6,50
"5182","2390云辰","110/07/13","元大-大里",35,98,-63
"5183","2390云辰","110/07/13","第一金-豐原",50,1,49
"5184","2390云辰","110/07/13","元大-萬華",35,94,-59
"5185","2390云辰","110/07/13","摩根大通",502,453,49
"5186","2390云辰","110/07/13","元富-吉利",2,60,-58
"5187","2390云辰","110/07/13","凱基-松山",61,13,48
"5188","2390云辰","110/07/13","兆豐-新竹",3,53,-50
"5189","2390云辰","110/07/13","大昌",64,22,42
"5190","2390云辰","110/07/13","富邦-嘉義",65,108,-43
"5191","2363矽統","110/07/13","凱基-南崁",2133,63,2070
"5192","2363矽統","110/07/13","凱基-幸福",36,4048,-4012
"5193","2363矽統","110/07/13","國泰-敦南",2195,1617,578
"5194","2363矽統","110/07/13","統一",192,3325,-3133
"5195","2363矽統","110/07/13","中農",670,139,531
"5196","2363矽統","110/07/13","新加坡商瑞銀",1000,2747,-1747
"5197","2363矽統","110/07/13","康和-台中",638,154,484
"5198","2363矽統","110/07/13","凱基-台北",5359,6609,-1250
"5199","2363矽統","110/07/13","群益金鼎-三民",577,137,440
"5200","2363矽統","110/07/13","摩根大通",1930,2858,-928
"5201","2363矽統","110/07/13","台新-屏東",510,88,422
"5202","2363矽統","110/07/13","港商野村",960,1679,-719
"5203","2363矽統","110/07/13","德信-中正",455,67,388
"5204","2363矽統","110/07/13","兆豐-復興",25,705,-680
"5205","2363矽統","110/07/13","日盛-竹北",365,70,295
"5206","2363矽統","110/07/13","統一-仁愛",114,755,-641
"5207","2363矽統","110/07/13","元大-佳里",452,189,263
"5208","2363矽統","110/07/13","統一-敦南",29,638,-609
"5209","2363矽統","110/07/13","國票-博愛",296,38,258
"5210","2363矽統","110/07/13","統一-土城",100,704,-604
"5211","2363矽統","110/07/13","元大-萬華",340,95,245
"5212","2363矽統","110/07/13","統一-城中",116,676,-560
"5213","2363矽統","110/07/13","新光",1259,1031,228
"5214","2363矽統","110/07/13","永豐金證券",306,859,-553
"5215","2363矽統","110/07/13","元富-成功",323,96,227
"5216","2363矽統","110/07/13","元富",54,567,-513
"5217","2363矽統","110/07/13","豐農",228,23,205
"5218","2363矽統","110/07/13","瑞士信貸",202,666,-464
"5219","2363矽統","110/07/13","台灣企銀-岡山",186,4,182
"5220","2363矽統","110/07/13","永豐金-嘉義",67,468,-401
"5221","8112至上","110/07/13","摩根大通",688,296,392
"5222","8112至上","110/07/13","國票-中和",0,401,-401
"5223","8112至上","110/07/13","港商野村",344,145,199
"5224","8112至上","110/07/13","永豐金-板盛",0,205,-205
"5225","8112至上","110/07/13","兆豐-公益",195,5,190
"5226","8112至上","110/07/13","凱基-五股",43,155,-112
"5227","8112至上","110/07/13","台灣摩根士丹利",183,0,183
"5228","8112至上","110/07/13","凱基-市政",0,100,-100
"5229","8112至上","110/07/13","群益金鼎-敦南",153,2,151
"5230","8112至上","110/07/13","元大-大里德芳",1,92,-91
"5231","8112至上","110/07/13","臺銀-金山",146,26,120
"5232","8112至上","110/07/13","玉山-桃園",26,110,-84
"5233","8112至上","110/07/13","臺銀",133,19,114
"5234","8112至上","110/07/13","兆豐-天母",0,81,-81
"5235","8112至上","110/07/13","合庫-台中",115,6,109
"5236","8112至上","110/07/13","凱基-城中",3,84,-81
"5237","8112至上","110/07/13","亞東-板橋",134,26,108
"5238","8112至上","110/07/13","日盛-新莊",9,85,-76
"5239","8112至上","110/07/13","凱基-台北",414,326,88
"5240","8112至上","110/07/13","日盛-台中",2,64,-62
"5241","8112至上","110/07/13","新加坡商瑞銀",181,100,81
"5242","8112至上","110/07/13","日盛-中壢",3,64,-61
"5243","8112至上","110/07/13","國泰-敦南",108,31,77
"5244","8112至上","110/07/13","元大-台中",2,59,-57
"5245","8112至上","110/07/13","第一金-華江",77,4,73
"5246","8112至上","110/07/13","元大-雙和",7,64,-57
"5247","8112至上","110/07/13","永豐金-內湖",73,1,72
"5248","8112至上","110/07/13","元大-高雄",8,62,-54
"5249","8112至上","110/07/13","元大-永和",68,1,67
"5250","8112至上","110/07/13","元大-館前",2,55,-53
"5251","4903聯光通","110/07/13","台灣企銀-太平",56,0,56
"5252","4903聯光通","110/07/13","土銀",0,32,-32
"5253","4903聯光通","110/07/13","元富-新興",23,0,23
"5254","4903聯光通","110/07/13","元大-樹林",0,19,-19
"5255","4903聯光通","110/07/13","日盛-樹林",22,0,22
"5256","4903聯光通","110/07/13","凱基-士林",0,17,-17
"5257","4903聯光通","110/07/13","兆豐-天母",20,0,20
"5258","4903聯光通","110/07/13","國票-博愛",0,14,-14
"5259","4903聯光通","110/07/13","華南永昌-桃園",20,0,20
"5260","4903聯光通","110/07/13","元富",0,10,-10
"5261","4903聯光通","110/07/13","富邦-新店",10,0,10
"5262","4903聯光通","110/07/13","新光",0,10,-10
"5263","4903聯光通","110/07/13","新光-台中",5,0,5
"5264","4903聯光通","110/07/13","玉山-南京東路",0,10,-10
"5265","4903聯光通","110/07/13","華南永昌-台中",5,0,5
"5266","4903聯光通","110/07/13","富邦-陽明",0,10,-10
"5267","4903聯光通","110/07/13","元大-崇德",5,0,5
"5268","4903聯光通","110/07/13","元大-大甲",0,8,-8
"5269","4903聯光通","110/07/13","元大-草屯",5,0,5
"5270","4903聯光通","110/07/13","富邦-台中",0,7,-7
"5271","4903聯光通","110/07/13","元富-草屯",4,0,4
"5272","4903聯光通","110/07/13","凱基-中壢",0,6,-6
"5273","4903聯光通","110/07/13","元大-清水",4,0,4
"5274","4903聯光通","110/07/13","臺銀-民權",0,5,-5
"5275","4903聯光通","110/07/13","元大-東泰",4,0,4
"5276","4903聯光通","110/07/13","日盛-板橋",0,5,-5
"5277","4903聯光通","110/07/13","元大-佳里",2,0,2
"5278","4903聯光通","110/07/13","中國信託-忠孝",0,5,-5
"5279","4903聯光通","110/07/13","永豐金-板橋",2,0,2
"5280","4903聯光通","110/07/13","永豐金-鳳山",0,5,-5
"5281","2929淘帝","110/07/13","玉山-新竹",130,0,130
"5282","2929淘帝","110/07/13","美商高盛",0,177,-177
"5283","2929淘帝","110/07/13","臺銀-民權",60,0,60
"5284","2929淘帝","110/07/13","凱基-台北",6,80,-74
"5285","2929淘帝","110/07/13","新百王",31,0,31
"5286","2929淘帝","110/07/13","元富-大裕",0,49,-49
"5287","2929淘帝","110/07/13","日盛-園區",30,0,30
"5288","2929淘帝","110/07/13","國泰-館前",3,51,-48
"5289","2929淘帝","110/07/13","元大-南投",31,1,30
"5290","2929淘帝","110/07/13","凱基-中壢",0,41,-41
"5291","2929淘帝","110/07/13","兆豐-忠孝",28,0,28
"5292","2929淘帝","110/07/13","港商野村",21,55,-34
"5293","2929淘帝","110/07/13","元大-民生",28,0,28
"5294","2929淘帝","110/07/13","華南永昌-南京",2,34,-32
"5295","2929淘帝","110/07/13","合庫-高雄",27,0,27
"5296","2929淘帝","110/07/13","群益金鼎-土城",0,30,-30
"5297","2929淘帝","110/07/13","凱基-豐中",27,0,27
"5298","2929淘帝","110/07/13","富邦-南屯",0,22,-22
"5299","2929淘帝","110/07/13","新光",21,4,17
"5300","2929淘帝","110/07/13","第一金-豐原",0,20,-20
"5301","2929淘帝","110/07/13","元大-天母",17,0,17
"5302","2929淘帝","110/07/13","元大-屏南",6,26,-20
"5303","2929淘帝","110/07/13","永興",14,0,14
"5304","2929淘帝","110/07/13","永豐金-敦南",1,21,-20
"5305","2929淘帝","110/07/13","富邦-台北",12,0,12
"5306","2929淘帝","110/07/13","凱基-三重",2,21,-19
"5307","2929淘帝","110/07/13","元大-永和",12,0,12
"5308","2929淘帝","110/07/13","富邦-仁愛",7,25,-18
"5309","2929淘帝","110/07/13","國票-天祥",11,0,11
"5310","2929淘帝","110/07/13","元大-北投",0,16,-16
"5311","5410國眾","110/07/13","兆豐-城中",274,0,274
"5312","5410國眾","110/07/13","元富-嘉義",0,103,-103
"5313","5410國眾","110/07/13","新光",50,4,46
"5314","5410國眾","110/07/13","凱基-台北",0,50,-50
"5315","5410國眾","110/07/13","國泰-台中",26,0,26
"5316","5410國眾","110/07/13","瑞士信貸",0,31,-31
"5317","5410國眾","110/07/13","新加坡商瑞銀",22,0,22
"5318","5410國眾","110/07/13","台新-新莊",0,27,-27
"5319","5410國眾","110/07/13","光和-嘉義",20,0,20
"5320","5410國眾","110/07/13","元大-汐止",0,20,-20
"5321","5410國眾","110/07/13","凱基-竹北",17,0,17
"5322","5410國眾","110/07/13","亞東-新竹",0,17,-17
"5323","5410國眾","110/07/13","新光-桃園",15,0,15
"5324","5410國眾","110/07/13","元大-南勢角",0,13,-13
"5325","5410國眾","110/07/13","凱基-台東",14,0,14
"5326","5410國眾","110/07/13","台新-台南",0,12,-12
"5327","5410國眾","110/07/13","富邦-竹北",11,0,11
"5328","5410國眾","110/07/13","中國信託",0,11,-11
"5329","5410國眾","110/07/13","元富-同大",10,0,10
"5330","5410國眾","110/07/13","華南永昌",0,11,-11
"5331","5410國眾","110/07/13","國泰-敦南",24,15,9
"5332","5410國眾","110/07/13","臺銀-臺南",0,10,-10
"5333","5410國眾","110/07/13","日盛-內湖",7,0,7
"5334","5410國眾","110/07/13","台灣企銀-民雄",0,10,-10
"5335","5410國眾","110/07/13","台新-左楠",7,0,7
"5336","5410國眾","110/07/13","高橋",0,10,-10
"5337","5410國眾","110/07/13","元大-新盛",18,12,6
"5338","5410國眾","110/07/13","康和-嘉義",0,10,-10
"5339","5410國眾","110/07/13","統一",5,0,5
"5340","5410國眾","110/07/13","凱基-基隆",0,10,-10
"5341","2841台開","110/07/13","中國信託-高雄",251,50,201
"5342","2841台開","110/07/13","兆豐-公益",0,177,-177
"5343","2841台開","110/07/13","日盛證券",210,13,197
"5344","2841台開","110/07/13","日進",0,152,-152
"5345","2841台開","110/07/13","第一金-台中",55,0,55
"5346","2841台開","110/07/13","港商野村",0,109,-109
"5347","2841台開","110/07/13","國泰-板橋",46,0,46
"5348","2841台開","110/07/13","日盛-信義",0,103,-103
"5349","2841台開","110/07/13","國泰-館前",48,3,45
"5350","2841台開","110/07/13","國泰-敦南",11,75,-64
"5351","2841台開","110/07/13","華南永昌-新莊",45,0,45
"5352","2841台開","110/07/13","永興",0,50,-50
"5353","2841台開","110/07/13","日盛-園區",42,0,42
"5354","2841台開","110/07/13","永豐金-敦南",61,104,-43
"5355","2841台開","110/07/13","台新證券",32,0,32
"5356","2841台開","110/07/13","富邦-台南",0,42,-42
"5357","2841台開","110/07/13","台新-高雄",32,2,30
"5358","2841台開","110/07/13","國票-安和",0,30,-30
"5359","2841台開","110/07/13","豐農",23,0,23
"5360","2841台開","110/07/13","元大-桃園",0,25,-25
"5361","2841台開","110/07/13","合庫-嘉義",20,0,20
"5362","2841台開","110/07/13","新光",8,32,-24
"5363","2841台開","110/07/13","華南永昌-高雄",20,0,20
"5364","2841台開","110/07/13","元大-仁愛",0,24,-24
"5365","2841台開","110/07/13","元大-樹林",16,0,16
"5366","2841台開","110/07/13","日盛-中和",0,20,-20
"5367","2841台開","110/07/13","第一金-華江",15,2,13
"5368","2841台開","110/07/13","元富",0,20,-20
"5369","2841台開","110/07/13","美商高盛",12,0,12
"5370","2841台開","110/07/13","富邦-宜蘭",0,20,-20
"5371","6207雷科","110/07/13","元大-高雄",121,0,121
"5372","6207雷科","110/07/13","華南永昌-朴子",1,60,-59
"5373","6207雷科","110/07/13","第一金-新興",20,0,20
"5374","6207雷科","110/07/13","元大-南海",0,36,-36
"5375","6207雷科","110/07/13","元富-三重",20,0,20
"5376","6207雷科","110/07/13","凱基-土城",0,35,-35
"5377","6207雷科","110/07/13","元大-林園",15,0,15
"5378","6207雷科","110/07/13","台灣企銀",0,20,-20
"5379","6207雷科","110/07/13","元大-金華",16,1,15
"5380","6207雷科","110/07/13","群益金鼎-丹鳳",0,20,-20
"5381","6207雷科","110/07/13","日盛證券",10,0,10
"5382","6207雷科","110/07/13","元大-博愛",0,17,-17
"5383","6207雷科","110/07/13","統一-台中",10,0,10
"5384","6207雷科","110/07/13","元大-北港",0,13,-13
"5385","6207雷科","110/07/13","群益金鼎-土城",10,0,10
"5386","6207雷科","110/07/13","新加坡商瑞銀",0,12,-12
"5387","6207雷科","110/07/13","群益金鼎-桃園",10,0,10
"5388","6207雷科","110/07/13","凱基-台北",4,16,-12
"5389","6207雷科","110/07/13","永豐金-新莊",10,0,10
"5390","6207雷科","110/07/13","日茂-埔里",0,11,-11
"5391","6207雷科","110/07/13","永豐金-新店",10,0,10
"5392","6207雷科","110/07/13","元大-莒光",0,11,-11
"5393","6207雷科","110/07/13","元大證券",9,0,9
"5394","6207雷科","110/07/13","統一-新竹",0,10,-10
"5395","6207雷科","110/07/13","日盛-木柵",9,1,8
"5396","6207雷科","110/07/13","元大-西螺",0,10,-10
"5397","6207雷科","110/07/13","兆豐-來福",8,0,8
"5398","6207雷科","110/07/13","康和-台中",0,8,-8
"5399","6207雷科","110/07/13","新光",7,0,7
"5400","6207雷科","110/07/13","兆豐-高雄",0,6,-6
"5401","3679新至陞","110/07/13","永豐金證券",50,0,50
"5402","3679新至陞","110/07/13","摩根大通",2,25,-23
"5403","3679新至陞","110/07/13","國泰-桃園",22,0,22
"5404","3679新至陞","110/07/13","元大-成功",0,22,-22
"5405","3679新至陞","110/07/13","台中銀-員林",11,0,11
"5406","3679新至陞","110/07/13","富邦-板橋",1,19,-18
"5407","3679新至陞","110/07/13","元大-文心興安",8,0,8
"5408","3679新至陞","110/07/13","日盛-新莊",0,10,-10
"5409","3679新至陞","110/07/13","美商高盛",6,0,6
"5410","3679新至陞","110/07/13","台新-台中",0,10,-10
"5411","3679新至陞","110/07/13","台新-高雄",6,0,6
"5412","3679新至陞","110/07/13","永豐金-新竹",0,8,-8
"5413","3679新至陞","110/07/13","凱基-台北",18,12,6
"5414","3679新至陞","110/07/13","瑞士信貸",12,19,-7
"5415","3679新至陞","110/07/13","日盛-復興",5,0,5
"5416","3679新至陞","110/07/13","統一-南京",0,7,-7
"5417","3679新至陞","110/07/13","(牛牛牛)亞-鑫豐",4,0,4
"5418","3679新至陞","110/07/13","凱基-新莊",0,7,-7
"5419","3679新至陞","110/07/13","元富-大昌",3,0,3
"5420","3679新至陞","110/07/13","新加坡商瑞銀",0,6,-6
"5421","3679新至陞","110/07/13","富邦-台北",3,0,3
"5422","3679新至陞","110/07/13","合庫-自強",0,5,-5
"5423","3679新至陞","110/07/13","日盛-樹林",2,0,2
"5424","3679新至陞","110/07/13","富邦-桃園",0,5,-5
"5425","3679新至陞","110/07/13","宏遠-光隆",2,0,2
"5426","3679新至陞","110/07/13","永豐金-潮州",0,4,-4
"5427","3679新至陞","110/07/13","美林",3,1,2
"5428","3679新至陞","110/07/13","臺銀-臺南",0,3,-3
"5429","3679新至陞","110/07/13","第一金-中壢",2,0,2
"5430","3679新至陞","110/07/13","元大-六合",0,3,-3
"5431","2727王品","110/07/13","富邦-台北",43,3,40
"5432","2727王品","110/07/13","台灣摩根士丹利",15,97,-82
"5433","2727王品","110/07/13","元大-基隆孝二",40,0,40
"5434","2727王品","110/07/13","玉山-台南",5,57,-52
"5435","2727王品","110/07/13","國票-新莊",40,1,39
"5436","2727王品","110/07/13","新加坡商瑞銀",0,48,-48
"5437","2727王品","110/07/13","第一金-豐原",66,42,24
"5438","2727王品","110/07/13","凱基-台北",41,77,-36
"5439","2727王品","110/07/13","永豐金-大園",34,10,24
"5440","2727王品","110/07/13","永豐金-永康",0,22,-22
"5441","2727王品","110/07/13","元大-北屯",22,0,22
"5442","2727王品","110/07/13","統一-台中",2,22,-20
"5443","2727王品","110/07/13","元大-東蘆",26,7,19
"5444","2727王品","110/07/13","國泰-台中",21,39,-18
"5445","2727王品","110/07/13","永豐金-萬盛",13,1,12
"5446","2727王品","110/07/13","合庫-彰化",3,20,-17
"5447","2727王品","110/07/13","日盛-嘉義",11,0,11
"5448","2727王品","110/07/13","港商野村",13,30,-17
"5449","2727王品","110/07/13","日盛-八德",11,0,11
"5450","2727王品","110/07/13","元大-楊梅",1,16,-15
"5451","2727王品","110/07/13","統一-竹南",11,0,11
"5452","2727王品","110/07/13","凱基-高美館",2,15,-13
"5453","2727王品","110/07/13","日盛-士林",12,2,10
"5454","2727王品","110/07/13","美商高盛",2,14,-12
"5455","2727王品","110/07/13","統一-敦南",10,0,10
"5456","2727王品","110/07/13","統一-平鎮",1,13,-12
"5457","2727王品","110/07/13","中國信託",15,5,10
"5458","2727王品","110/07/13","兆豐-台中港",4,16,-12
"5459","2727王品","110/07/13","兆豐-竹北",13,3,10
"5460","2727王品","110/07/13","凱基-八德",1,13,-12
"5461","1570力肯","110/07/13","新光",115,11,104
"5462","1570力肯","110/07/13","元大-北三重",0,162,-162
"5463","1570力肯","110/07/13","群益金鼎-高雄",54,0,54
"5464","1570力肯","110/07/13","元大-大灣",0,25,-25
"5465","1570力肯","110/07/13","國票-新莊",22,0,22
"5466","1570力肯","110/07/13","永豐金-苓雅",0,22,-22
"5467","1570力肯","110/07/13","日盛-桃園",12,0,12
"5468","1570力肯","110/07/13","永豐金-永康",0,19,-19
"5469","1570力肯","110/07/13","元大-高雄",12,0,12
"5470","1570力肯","110/07/13","富邦-員林",0,15,-15
"5471","1570力肯","110/07/13","合庫-自強",11,0,11
"5472","1570力肯","110/07/13","凱基-台南",0,11,-11
"5473","1570力肯","110/07/13","摩根大通",26,15,11
"5474","1570力肯","110/07/13","日盛-竹北",0,10,-10
"5475","1570力肯","110/07/13","永豐金-中盛",11,0,11
"5476","1570力肯","110/07/13","國票-九鼎",0,10,-10
"5477","1570力肯","110/07/13","兆豐-台中港",10,0,10
"5478","1570力肯","110/07/13","凱基-桃園",0,10,-10
"5479","1570力肯","110/07/13","國泰-松江",9,0,9
"5480","1570力肯","110/07/13","凱基-新豐",0,10,-10
"5481","1570力肯","110/07/13","元大-新盛",9,0,9
"5482","1570力肯","110/07/13","元大-學甲",0,10,-10
"5483","1570力肯","110/07/13","元富-緯城",6,0,6
"5484","1570力肯","110/07/13","群益金鼎-東湖",1,10,-9
"5485","1570力肯","110/07/13","統一-三重",5,0,5
"5486","1570力肯","110/07/13","大昌",0,6,-6
"5487","1570力肯","110/07/13","元大-前金",5,0,5
"5488","1570力肯","110/07/13","元大-土城學府",0,6,-6
"5489","1570力肯","110/07/13","永豐金證券",5,0,5
"5490","1570力肯","110/07/13","統一",0,5,-5
"5491","6180橘子","110/07/13","摩根大通",119,0,119
"5492","6180橘子","110/07/13","元大-崇德",2,61,-59
"5493","6180橘子","110/07/13","美商高盛",96,0,96
"5494","6180橘子","110/07/13","康和-台中",0,51,-51
"5495","6180橘子","110/07/13","新加坡商瑞銀",86,7,79
"5496","6180橘子","110/07/13","康和-台北",0,50,-50
"5497","6180橘子","110/07/13","元大-和平",40,0,40
"5498","6180橘子","110/07/13","元富-潮州",0,40,-40
"5499","6180橘子","110/07/13","凱基-台北",83,47,36
"5500","6180橘子","110/07/13","日盛-永康",0,26,-26
"5501","6180橘子","110/07/13","美林",39,5,34
"5502","6180橘子","110/07/13","永豐金-中正",0,24,-24
"5503","6180橘子","110/07/13","富邦-新竹華信",31,2,29
"5504","6180橘子","110/07/13","國泰-板橋",2,25,-23
"5505","6180橘子","110/07/13","統一-南京",21,0,21
"5506","6180橘子","110/07/13","日盛-大墩",0,20,-20
"5507","6180橘子","110/07/13","富邦-陽明",24,3,21
"5508","6180橘子","110/07/13","元大-草屯",13,32,-19
"5509","6180橘子","110/07/13","大昌-樹林",21,1,20
"5510","6180橘子","110/07/13","元富-林園",1,18,-17
"5511","6180橘子","110/07/13","花旗環球",19,0,19
"5512","6180橘子","110/07/13","新光-新竹",1,18,-17
"5513","6180橘子","110/07/13","華南永昌-台南",19,0,19
"5514","6180橘子","110/07/13","元大-土城永寧",0,17,-17
"5515","6180橘子","110/07/13","福勝",14,0,14
"5516","6180橘子","110/07/13","國泰-新莊",3,19,-16
"5517","6180橘子","110/07/13","富邦-嘉義",12,1,11
"5518","6180橘子","110/07/13","中國信託-永康",6,21,-15
"5519","6180橘子","110/07/13","元大-板橋三民",11,0,11
"5520","6180橘子","110/07/13","凱基-東港",1,15,-14
"5521","2390云辰","110/07/13","新加坡商瑞銀",562,75,487
"5522","2390云辰","110/07/13","大展-台南",0,532,-532
"5523","2390云辰","110/07/13","台灣摩根士丹利",330,155,175
"5524","2390云辰","110/07/13","凱基-台北",668,854,-186
"5525","2390云辰","110/07/13","兆豐-公益",126,25,101
"5526","2390云辰","110/07/13","凱基-三重",12,172,-160
"5527","2390云辰","110/07/13","元富-中港",100,2,98
"5528","2390云辰","110/07/13","兆豐-忠孝",4,161,-157
"5529","2390云辰","110/07/13","統一-新台中",106,9,97
"5530","2390云辰","110/07/13","元大-士林",19,170,-151
"5531","2390云辰","110/07/13","中國信託-松江",81,11,70
"5532","2390云辰","110/07/13","臺銀-新竹",14,117,-103
"5533","2390云辰","110/07/13","日盛-板橋",72,3,69
"5534","2390云辰","110/07/13","國票-台中",4,102,-98
"5535","2390云辰","110/07/13","日盛-和美",57,0,57
"5536","2390云辰","110/07/13","新光",147,232,-85
"5537","2390云辰","110/07/13","永豐金-桃園",88,36,52
"5538","2390云辰","110/07/13","致和-崇德",2,70,-68
"5539","2390云辰","110/07/13","玉山-士林",54,4,50
"5540","2390云辰","110/07/13","群益金鼎-屏東",2,70,-68
"5541","2390云辰","110/07/13","富邦-仁愛",56,6,50
"5542","2390云辰","110/07/13","元大-大里",35,98,-63
"5543","2390云辰","110/07/13","第一金-豐原",50,1,49
"5544","2390云辰","110/07/13","元大-萬華",35,94,-59
"5545","2390云辰","110/07/13","摩根大通",502,453,49
"5546","2390云辰","110/07/13","元富-吉利",2,60,-58
"5547","2390云辰","110/07/13","凱基-松山",61,13,48
"5548","2390云辰","110/07/13","兆豐-新竹",3,53,-50
"5549","2390云辰","110/07/13","大昌",64,22,42
"5550","2390云辰","110/07/13","富邦-嘉義",65,108,-43
"5551","2363矽統","110/07/13","凱基-南崁",2133,63,2070
"5552","2363矽統","110/07/13","凱基-幸福",36,4048,-4012
"5553","2363矽統","110/07/13","國泰-敦南",2195,1617,578
"5554","2363矽統","110/07/13","統一",192,3325,-3133
"5555","2363矽統","110/07/13","中農",670,139,531
"5556","2363矽統","110/07/13","新加坡商瑞銀",1000,2747,-1747
"5557","2363矽統","110/07/13","康和-台中",638,154,484
"5558","2363矽統","110/07/13","凱基-台北",5359,6609,-1250
"5559","2363矽統","110/07/13","群益金鼎-三民",577,137,440
"5560","2363矽統","110/07/13","摩根大通",1930,2858,-928
"5561","2363矽統","110/07/13","台新-屏東",510,88,422
"5562","2363矽統","110/07/13","港商野村",960,1679,-719
"5563","2363矽統","110/07/13","德信-中正",455,67,388
"5564","2363矽統","110/07/13","兆豐-復興",25,705,-680
"5565","2363矽統","110/07/13","日盛-竹北",365,70,295
"5566","2363矽統","110/07/13","統一-仁愛",114,755,-641
"5567","2363矽統","110/07/13","元大-佳里",452,189,263
"5568","2363矽統","110/07/13","統一-敦南",29,638,-609
"5569","2363矽統","110/07/13","國票-博愛",296,38,258
"5570","2363矽統","110/07/13","統一-土城",100,704,-604
"5571","2363矽統","110/07/13","元大-萬華",340,95,245
"5572","2363矽統","110/07/13","統一-城中",116,676,-560
"5573","2363矽統","110/07/13","新光",1259,1031,228
"5574","2363矽統","110/07/13","永豐金證券",306,859,-553
"5575","2363矽統","110/07/13","元富-成功",323,96,227
"5576","2363矽統","110/07/13","元富",54,567,-513
"5577","2363矽統","110/07/13","豐農",228,23,205
"5578","2363矽統","110/07/13","瑞士信貸",202,666,-464
"5579","2363矽統","110/07/13","台灣企銀-岡山",186,4,182
"5580","2363矽統","110/07/13","永豐金-嘉義",67,468,-401
"5581","8112至上","110/07/13","摩根大通",688,296,392
"5582","8112至上","110/07/13","國票-中和",0,401,-401
"5583","8112至上","110/07/13","港商野村",344,145,199
"5584","8112至上","110/07/13","永豐金-板盛",0,205,-205
"5585","8112至上","110/07/13","兆豐-公益",195,5,190
"5586","8112至上","110/07/13","凱基-五股",43,155,-112
"5587","8112至上","110/07/13","台灣摩根士丹利",183,0,183
"5588","8112至上","110/07/13","凱基-市政",0,100,-100
"5589","8112至上","110/07/13","群益金鼎-敦南",153,2,151
"5590","8112至上","110/07/13","元大-大里德芳",1,92,-91
"5591","8112至上","110/07/13","臺銀-金山",146,26,120
"5592","8112至上","110/07/13","玉山-桃園",26,110,-84
"5593","8112至上","110/07/13","臺銀",133,19,114
"5594","8112至上","110/07/13","兆豐-天母",0,81,-81
"5595","8112至上","110/07/13","合庫-台中",115,6,109
"5596","8112至上","110/07/13","凱基-城中",3,84,-81
"5597","8112至上","110/07/13","亞東-板橋",134,26,108
"5598","8112至上","110/07/13","日盛-新莊",9,85,-76
"5599","8112至上","110/07/13","凱基-台北",414,326,88
"5600","8112至上","110/07/13","日盛-台中",2,64,-62
"5601","8112至上","110/07/13","新加坡商瑞銀",181,100,81
"5602","8112至上","110/07/13","日盛-中壢",3,64,-61
"5603","8112至上","110/07/13","國泰-敦南",108,31,77
"5604","8112至上","110/07/13","元大-台中",2,59,-57
"5605","8112至上","110/07/13","第一金-華江",77,4,73
"5606","8112至上","110/07/13","元大-雙和",7,64,-57
"5607","8112至上","110/07/13","永豐金-內湖",73,1,72
"5608","8112至上","110/07/13","元大-高雄",8,62,-54
"5609","8112至上","110/07/13","元大-永和",68,1,67
"5610","8112至上","110/07/13","元大-館前",2,55,-53
"5611","4903聯光通","110/07/13","台灣企銀-太平",56,0,56
"5612","4903聯光通","110/07/13","土銀",0,32,-32
"5613","4903聯光通","110/07/13","元富-新興",23,0,23
"5614","4903聯光通","110/07/13","元大-樹林",0,19,-19
"5615","4903聯光通","110/07/13","日盛-樹林",22,0,22
"5616","4903聯光通","110/07/13","凱基-士林",0,17,-17
"5617","4903聯光通","110/07/13","兆豐-天母",20,0,20
"5618","4903聯光通","110/07/13","國票-博愛",0,14,-14
"5619","4903聯光通","110/07/13","華南永昌-桃園",20,0,20
"5620","4903聯光通","110/07/13","元富",0,10,-10
"5621","4903聯光通","110/07/13","富邦-新店",10,0,10
"5622","4903聯光通","110/07/13","新光",0,10,-10
"5623","4903聯光通","110/07/13","新光-台中",5,0,5
"5624","4903聯光通","110/07/13","玉山-南京東路",0,10,-10
"5625","4903聯光通","110/07/13","華南永昌-台中",5,0,5
"5626","4903聯光通","110/07/13","富邦-陽明",0,10,-10
"5627","4903聯光通","110/07/13","元大-崇德",5,0,5
"5628","4903聯光通","110/07/13","元大-大甲",0,8,-8
"5629","4903聯光通","110/07/13","元大-草屯",5,0,5
"5630","4903聯光通","110/07/13","富邦-台中",0,7,-7
"5631","4903聯光通","110/07/13","元富-草屯",4,0,4
"5632","4903聯光通","110/07/13","凱基-中壢",0,6,-6
"5633","4903聯光通","110/07/13","元大-清水",4,0,4
"5634","4903聯光通","110/07/13","臺銀-民權",0,5,-5
"5635","4903聯光通","110/07/13","元大-東泰",4,0,4
"5636","4903聯光通","110/07/13","日盛-板橋",0,5,-5
"5637","4903聯光通","110/07/13","元大-佳里",2,0,2
"5638","4903聯光通","110/07/13","中國信託-忠孝",0,5,-5
"5639","4903聯光通","110/07/13","永豐金-板橋",2,0,2
"5640","4903聯光通","110/07/13","永豐金-鳳山",0,5,-5
"5641","2929淘帝","110/07/13","玉山-新竹",130,0,130
"5642","2929淘帝","110/07/13","美商高盛",0,177,-177
"5643","2929淘帝","110/07/13","臺銀-民權",60,0,60
"5644","2929淘帝","110/07/13","凱基-台北",6,80,-74
"5645","2929淘帝","110/07/13","新百王",31,0,31
"5646","2929淘帝","110/07/13","元富-大裕",0,49,-49
"5647","2929淘帝","110/07/13","日盛-園區",30,0,30
"5648","2929淘帝","110/07/13","國泰-館前",3,51,-48
"5649","2929淘帝","110/07/13","元大-南投",31,1,30
"5650","2929淘帝","110/07/13","凱基-中壢",0,41,-41
"5651","2929淘帝","110/07/13","兆豐-忠孝",28,0,28
"5652","2929淘帝","110/07/13","港商野村",21,55,-34
"5653","2929淘帝","110/07/13","元大-民生",28,0,28
"5654","2929淘帝","110/07/13","華南永昌-南京",2,34,-32
"5655","2929淘帝","110/07/13","合庫-高雄",27,0,27
"5656","2929淘帝","110/07/13","群益金鼎-土城",0,30,-30
"5657","2929淘帝","110/07/13","凱基-豐中",27,0,27
"5658","2929淘帝","110/07/13","富邦-南屯",0,22,-22
"5659","2929淘帝","110/07/13","新光",21,4,17
"5660","2929淘帝","110/07/13","第一金-豐原",0,20,-20
"5661","2929淘帝","110/07/13","元大-天母",17,0,17
"5662","2929淘帝","110/07/13","元大-屏南",6,26,-20
"5663","2929淘帝","110/07/13","永興",14,0,14
"5664","2929淘帝","110/07/13","永豐金-敦南",1,21,-20
"5665","2929淘帝","110/07/13","富邦-台北",12,0,12
"5666","2929淘帝","110/07/13","凱基-三重",2,21,-19
"5667","2929淘帝","110/07/13","元大-永和",12,0,12
"5668","2929淘帝","110/07/13","富邦-仁愛",7,25,-18
"5669","2929淘帝","110/07/13","國票-天祥",11,0,11
"5670","2929淘帝","110/07/13","元大-北投",0,16,-16
"5671","5410國眾","110/07/13","兆豐-城中",274,0,274
"5672","5410國眾","110/07/13","元富-嘉義",0,103,-103
"5673","5410國眾","110/07/13","新光",50,4,46
"5674","5410國眾","110/07/13","凱基-台北",0,50,-50
"5675","5410國眾","110/07/13","國泰-台中",26,0,26
"5676","5410國眾","110/07/13","瑞士信貸",0,31,-31
"5677","5410國眾","110/07/13","新加坡商瑞銀",22,0,22
"5678","5410國眾","110/07/13","台新-新莊",0,27,-27
"5679","5410國眾","110/07/13","光和-嘉義",20,0,20
"5680","5410國眾","110/07/13","元大-汐止",0,20,-20
"5681","5410國眾","110/07/13","凱基-竹北",17,0,17
"5682","5410國眾","110/07/13","亞東-新竹",0,17,-17
"5683","5410國眾","110/07/13","新光-桃園",15,0,15
"5684","5410國眾","110/07/13","元大-南勢角",0,13,-13
"5685","5410國眾","110/07/13","凱基-台東",14,0,14
"5686","5410國眾","110/07/13","台新-台南",0,12,-12
"5687","5410國眾","110/07/13","富邦-竹北",11,0,11
"5688","5410國眾","110/07/13","中國信託",0,11,-11
"5689","5410國眾","110/07/13","元富-同大",10,0,10
"5690","5410國眾","110/07/13","華南永昌",0,11,-11
"5691","5410國眾","110/07/13","國泰-敦南",24,15,9
"5692","5410國眾","110/07/13","臺銀-臺南",0,10,-10
"5693","5410國眾","110/07/13","日盛-內湖",7,0,7
"5694","5410國眾","110/07/13","台灣企銀-民雄",0,10,-10
"5695","5410國眾","110/07/13","台新-左楠",7,0,7
"5696","5410國眾","110/07/13","高橋",0,10,-10
"5697","5410國眾","110/07/13","元大-新盛",18,12,6
"5698","5410國眾","110/07/13","康和-嘉義",0,10,-10
"5699","5410國眾","110/07/13","統一",5,0,5
"5700","5410國眾","110/07/13","凱基-基隆",0,10,-10
"5701","2841台開","110/07/13","中國信託-高雄",251,50,201
"5702","2841台開","110/07/13","兆豐-公益",0,177,-177
"5703","2841台開","110/07/13","日盛證券",210,13,197
"5704","2841台開","110/07/13","日進",0,152,-152
"5705","2841台開","110/07/13","第一金-台中",55,0,55
"5706","2841台開","110/07/13","港商野村",0,109,-109
"5707","2841台開","110/07/13","國泰-板橋",46,0,46
"5708","2841台開","110/07/13","日盛-信義",0,103,-103
"5709","2841台開","110/07/13","國泰-館前",48,3,45
"5710","2841台開","110/07/13","國泰-敦南",11,75,-64
"5711","2841台開","110/07/13","華南永昌-新莊",45,0,45
"5712","2841台開","110/07/13","永興",0,50,-50
"5713","2841台開","110/07/13","日盛-園區",42,0,42
"5714","2841台開","110/07/13","永豐金-敦南",61,104,-43
"5715","2841台開","110/07/13","台新證券",32,0,32
"5716","2841台開","110/07/13","富邦-台南",0,42,-42
"5717","2841台開","110/07/13","台新-高雄",32,2,30
"5718","2841台開","110/07/13","國票-安和",0,30,-30
"5719","2841台開","110/07/13","豐農",23,0,23
"5720","2841台開","110/07/13","元大-桃園",0,25,-25
"5721","2841台開","110/07/13","合庫-嘉義",20,0,20
"5722","2841台開","110/07/13","新光",8,32,-24
"5723","2841台開","110/07/13","華南永昌-高雄",20,0,20
"5724","2841台開","110/07/13","元大-仁愛",0,24,-24
"5725","2841台開","110/07/13","元大-樹林",16,0,16
"5726","2841台開","110/07/13","日盛-中和",0,20,-20
"5727","2841台開","110/07/13","第一金-華江",15,2,13
"5728","2841台開","110/07/13","元富",0,20,-20
"5729","2841台開","110/07/13","美商高盛",12,0,12
"5730","2841台開","110/07/13","富邦-宜蘭",0,20,-20
"5731","6207雷科","110/07/13","元大-高雄",121,0,121
"5732","6207雷科","110/07/13","華南永昌-朴子",1,60,-59
"5733","6207雷科","110/07/13","第一金-新興",20,0,20
"5734","6207雷科","110/07/13","元大-南海",0,36,-36
"5735","6207雷科","110/07/13","元富-三重",20,0,20
"5736","6207雷科","110/07/13","凱基-土城",0,35,-35
"5737","6207雷科","110/07/13","元大-林園",15,0,15
"5738","6207雷科","110/07/13","台灣企銀",0,20,-20
"5739","6207雷科","110/07/13","元大-金華",16,1,15
"5740","6207雷科","110/07/13","群益金鼎-丹鳳",0,20,-20
"5741","6207雷科","110/07/13","日盛證券",10,0,10
"5742","6207雷科","110/07/13","元大-博愛",0,17,-17
"5743","6207雷科","110/07/13","統一-台中",10,0,10
"5744","6207雷科","110/07/13","元大-北港",0,13,-13
"5745","6207雷科","110/07/13","群益金鼎-土城",10,0,10
"5746","6207雷科","110/07/13","新加坡商瑞銀",0,12,-12
"5747","6207雷科","110/07/13","群益金鼎-桃園",10,0,10
"5748","6207雷科","110/07/13","凱基-台北",4,16,-12
"5749","6207雷科","110/07/13","永豐金-新莊",10,0,10
"5750","6207雷科","110/07/13","日茂-埔里",0,11,-11
"5751","6207雷科","110/07/13","永豐金-新店",10,0,10
"5752","6207雷科","110/07/13","元大-莒光",0,11,-11
"5753","6207雷科","110/07/13","元大證券",9,0,9
"5754","6207雷科","110/07/13","統一-新竹",0,10,-10
"5755","6207雷科","110/07/13","日盛-木柵",9,1,8
"5756","6207雷科","110/07/13","元大-西螺",0,10,-10
"5757","6207雷科","110/07/13","兆豐-來福",8,0,8
"5758","6207雷科","110/07/13","康和-台中",0,8,-8
"5759","6207雷科","110/07/13","新光",7,0,7
"5760","6207雷科","110/07/13","兆豐-高雄",0,6,-6
"5761","3679新至陞","110/07/13","永豐金證券",50,0,50
"5762","3679新至陞","110/07/13","摩根大通",2,25,-23
"5763","3679新至陞","110/07/13","國泰-桃園",22,0,22
"5764","3679新至陞","110/07/13","元大-成功",0,22,-22
"5765","3679新至陞","110/07/13","台中銀-員林",11,0,11
"5766","3679新至陞","110/07/13","富邦-板橋",1,19,-18
"5767","3679新至陞","110/07/13","元大-文心興安",8,0,8
"5768","3679新至陞","110/07/13","日盛-新莊",0,10,-10
"5769","3679新至陞","110/07/13","美商高盛",6,0,6
"5770","3679新至陞","110/07/13","台新-台中",0,10,-10
"5771","3679新至陞","110/07/13","台新-高雄",6,0,6
"5772","3679新至陞","110/07/13","永豐金-新竹",0,8,-8
"5773","3679新至陞","110/07/13","凱基-台北",18,12,6
"5774","3679新至陞","110/07/13","瑞士信貸",12,19,-7
"5775","3679新至陞","110/07/13","日盛-復興",5,0,5
"5776","3679新至陞","110/07/13","統一-南京",0,7,-7
"5777","3679新至陞","110/07/13","(牛牛牛)亞-鑫豐",4,0,4
"5778","3679新至陞","110/07/13","凱基-新莊",0,7,-7
"5779","3679新至陞","110/07/13","元富-大昌",3,0,3
"5780","3679新至陞","110/07/13","新加坡商瑞銀",0,6,-6
"5781","3679新至陞","110/07/13","富邦-台北",3,0,3
"5782","3679新至陞","110/07/13","合庫-自強",0,5,-5
"5783","3679新至陞","110/07/13","日盛-樹林",2,0,2
"5784","3679新至陞","110/07/13","富邦-桃園",0,5,-5
"5785","3679新至陞","110/07/13","宏遠-光隆",2,0,2
"5786","3679新至陞","110/07/13","永豐金-潮州",0,4,-4
"5787","3679新至陞","110/07/13","美林",3,1,2
"5788","3679新至陞","110/07/13","臺銀-臺南",0,3,-3
"5789","3679新至陞","110/07/13","第一金-中壢",2,0,2
"5790","3679新至陞","110/07/13","元大-六合",0,3,-3
"5791","2727王品","110/07/13","富邦-台北",43,3,40
"5792","2727王品","110/07/13","台灣摩根士丹利",15,97,-82
"5793","2727王品","110/07/13","元大-基隆孝二",40,0,40
"5794","2727王品","110/07/13","玉山-台南",5,57,-52
"5795","2727王品","110/07/13","國票-新莊",40,1,39
"5796","2727王品","110/07/13","新加坡商瑞銀",0,48,-48
"5797","2727王品","110/07/13","第一金-豐原",66,42,24
"5798","2727王品","110/07/13","凱基-台北",41,77,-36
"5799","2727王品","110/07/13","永豐金-大園",34,10,24
"5800","2727王品","110/07/13","永豐金-永康",0,22,-22
"5801","2727王品","110/07/13","元大-北屯",22,0,22
"5802","2727王品","110/07/13","統一-台中",2,22,-20
"5803","2727王品","110/07/13","元大-東蘆",26,7,19
"5804","2727王品","110/07/13","國泰-台中",21,39,-18
"5805","2727王品","110/07/13","永豐金-萬盛",13,1,12
"5806","2727王品","110/07/13","合庫-彰化",3,20,-17
"5807","2727王品","110/07/13","日盛-嘉義",11,0,11
"5808","2727王品","110/07/13","港商野村",13,30,-17
"5809","2727王品","110/07/13","日盛-八德",11,0,11
"5810","2727王品","110/07/13","元大-楊梅",1,16,-15
"5811","2727王品","110/07/13","統一-竹南",11,0,11
"5812","2727王品","110/07/13","凱基-高美館",2,15,-13
"5813","2727王品","110/07/13","日盛-士林",12,2,10
"5814","2727王品","110/07/13","美商高盛",2,14,-12
"5815","2727王品","110/07/13","統一-敦南",10,0,10
"5816","2727王品","110/07/13","統一-平鎮",1,13,-12
"5817","2727王品","110/07/13","中國信託",15,5,10
"5818","2727王品","110/07/13","兆豐-台中港",4,16,-12
"5819","2727王品","110/07/13","兆豐-竹北",13,3,10
"5820","2727王品","110/07/13","凱基-八德",1,13,-12
"5821","1570力肯","110/07/13","新光",115,11,104
"5822","1570力肯","110/07/13","元大-北三重",0,162,-162
"5823","1570力肯","110/07/13","群益金鼎-高雄",54,0,54
"5824","1570力肯","110/07/13","元大-大灣",0,25,-25
"5825","1570力肯","110/07/13","國票-新莊",22,0,22
"5826","1570力肯","110/07/13","永豐金-苓雅",0,22,-22
"5827","1570力肯","110/07/13","日盛-桃園",12,0,12
"5828","1570力肯","110/07/13","永豐金-永康",0,19,-19
"5829","1570力肯","110/07/13","元大-高雄",12,0,12
"5830","1570力肯","110/07/13","富邦-員林",0,15,-15
"5831","1570力肯","110/07/13","合庫-自強",11,0,11
"5832","1570力肯","110/07/13","凱基-台南",0,11,-11
"5833","1570力肯","110/07/13","摩根大通",26,15,11
"5834","1570力肯","110/07/13","日盛-竹北",0,10,-10
"5835","1570力肯","110/07/13","永豐金-中盛",11,0,11
"5836","1570力肯","110/07/13","國票-九鼎",0,10,-10
"5837","1570力肯","110/07/13","兆豐-台中港",10,0,10
"5838","1570力肯","110/07/13","凱基-桃園",0,10,-10
"5839","1570力肯","110/07/13","國泰-松江",9,0,9
"5840","1570力肯","110/07/13","凱基-新豐",0,10,-10
"5841","1570力肯","110/07/13","元大-新盛",9,0,9
"5842","1570力肯","110/07/13","元大-學甲",0,10,-10
"5843","1570力肯","110/07/13","元富-緯城",6,0,6
"5844","1570力肯","110/07/13","群益金鼎-東湖",1,10,-9
"5845","1570力肯","110/07/13","統一-三重",5,0,5
"5846","1570力肯","110/07/13","大昌",0,6,-6
"5847","1570力肯","110/07/13","元大-前金",5,0,5
"5848","1570力肯","110/07/13","元大-土城學府",0,6,-6
"5849","1570力肯","110/07/13","永豐金證券",5,0,5
"5850","1570力肯","110/07/13","統一",0,5,-5
"5851","6180橘子","110/07/13","摩根大通",119,0,119
"5852","6180橘子","110/07/13","元大-崇德",2,61,-59
"5853","6180橘子","110/07/13","美商高盛",96,0,96
"5854","6180橘子","110/07/13","康和-台中",0,51,-51
"5855","6180橘子","110/07/13","新加坡商瑞銀",86,7,79
"5856","6180橘子","110/07/13","康和-台北",0,50,-50
"5857","6180橘子","110/07/13","元大-和平",40,0,40
"5858","6180橘子","110/07/13","元富-潮州",0,40,-40
"5859","6180橘子","110/07/13","凱基-台北",83,47,36
"5860","6180橘子","110/07/13","日盛-永康",0,26,-26
"5861","6180橘子","110/07/13","美林",39,5,34
"5862","6180橘子","110/07/13","永豐金-中正",0,24,-24
"5863","6180橘子","110/07/13","富邦-新竹華信",31,2,29
"5864","6180橘子","110/07/13","國泰-板橋",2,25,-23
"5865","6180橘子","110/07/13","統一-南京",21,0,21
"5866","6180橘子","110/07/13","日盛-大墩",0,20,-20
"5867","6180橘子","110/07/13","富邦-陽明",24,3,21
"5868","6180橘子","110/07/13","元大-草屯",13,32,-19
"5869","6180橘子","110/07/13","大昌-樹林",21,1,20
"5870","6180橘子","110/07/13","元富-林園",1,18,-17
"5871","6180橘子","110/07/13","花旗環球",19,0,19
"5872","6180橘子","110/07/13","新光-新竹",1,18,-17
"5873","6180橘子","110/07/13","華南永昌-台南",19,0,19
"5874","6180橘子","110/07/13","元大-土城永寧",0,17,-17
"5875","6180橘子","110/07/13","福勝",14,0,14
"5876","6180橘子","110/07/13","國泰-新莊",3,19,-16
"5877","6180橘子","110/07/13","富邦-嘉義",12,1,11
"5878","6180橘子","110/07/13","中國信託-永康",6,21,-15
"5879","6180橘子","110/07/13","元大-板橋三民",11,0,11
"5880","6180橘子","110/07/13","凱基-東港",1,15,-14
"5881","2390云辰","110/07/13","新加坡商瑞銀",562,75,487
"5882","2390云辰","110/07/13","大展-台南",0,532,-532
"5883","2390云辰","110/07/13","台灣摩根士丹利",330,155,175
"5884","2390云辰","110/07/13","凱基-台北",668,854,-186
"5885","2390云辰","110/07/13","兆豐-公益",126,25,101
"5886","2390云辰","110/07/13","凱基-三重",12,172,-160
"5887","2390云辰","110/07/13","元富-中港",100,2,98
"5888","2390云辰","110/07/13","兆豐-忠孝",4,161,-157
"5889","2390云辰","110/07/13","統一-新台中",106,9,97
"5890","2390云辰","110/07/13","元大-士林",19,170,-151
"5891","2390云辰","110/07/13","中國信託-松江",81,11,70
"5892","2390云辰","110/07/13","臺銀-新竹",14,117,-103
"5893","2390云辰","110/07/13","日盛-板橋",72,3,69
"5894","2390云辰","110/07/13","國票-台中",4,102,-98
"5895","2390云辰","110/07/13","日盛-和美",57,0,57
"5896","2390云辰","110/07/13","新光",147,232,-85
"5897","2390云辰","110/07/13","永豐金-桃園",88,36,52
"5898","2390云辰","110/07/13","致和-崇德",2,70,-68
"5899","2390云辰","110/07/13","玉山-士林",54,4,50
"5900","2390云辰","110/07/13","群益金鼎-屏東",2,70,-68
"5901","2390云辰","110/07/13","富邦-仁愛",56,6,50
"5902","2390云辰","110/07/13","元大-大里",35,98,-63
"5903","2390云辰","110/07/13","第一金-豐原",50,1,49
"5904","2390云辰","110/07/13","元大-萬華",35,94,-59
"5905","2390云辰","110/07/13","摩根大通",502,453,49
"5906","2390云辰","110/07/13","元富-吉利",2,60,-58
"5907","2390云辰","110/07/13","凱基-松山",61,13,48
"5908","2390云辰","110/07/13","兆豐-新竹",3,53,-50
"5909","2390云辰","110/07/13","大昌",64,22,42
"5910","2390云辰","110/07/13","富邦-嘉義",65,108,-43
"5911","2363矽統","110/07/13","凱基-南崁",2133,63,2070
"5912","2363矽統","110/07/13","凱基-幸福",36,4048,-4012
"5913","2363矽統","110/07/13","國泰-敦南",2195,1617,578
"5914","2363矽統","110/07/13","統一",192,3325,-3133
"5915","2363矽統","110/07/13","中農",670,139,531
"5916","2363矽統","110/07/13","新加坡商瑞銀",1000,2747,-1747
"5917","2363矽統","110/07/13","康和-台中",638,154,484
"5918","2363矽統","110/07/13","凱基-台北",5359,6609,-1250
"5919","2363矽統","110/07/13","群益金鼎-三民",577,137,440
"5920","2363矽統","110/07/13","摩根大通",1930,2858,-928
"5921","2363矽統","110/07/13","台新-屏東",510,88,422
"5922","2363矽統","110/07/13","港商野村",960,1679,-719
"5923","2363矽統","110/07/13","德信-中正",455,67,388
"5924","2363矽統","110/07/13","兆豐-復興",25,705,-680
"5925","2363矽統","110/07/13","日盛-竹北",365,70,295
"5926","2363矽統","110/07/13","統一-仁愛",114,755,-641
"5927","2363矽統","110/07/13","元大-佳里",452,189,263
"5928","2363矽統","110/07/13","統一-敦南",29,638,-609
"5929","2363矽統","110/07/13","國票-博愛",296,38,258
"5930","2363矽統","110/07/13","統一-土城",100,704,-604
"5931","2363矽統","110/07/13","元大-萬華",340,95,245
"5932","2363矽統","110/07/13","統一-城中",116,676,-560
"5933","2363矽統","110/07/13","新光",1259,1031,228
"5934","2363矽統","110/07/13","永豐金證券",306,859,-553
"5935","2363矽統","110/07/13","元富-成功",323,96,227
"5936","2363矽統","110/07/13","元富",54,567,-513
"5937","2363矽統","110/07/13","豐農",228,23,205
"5938","2363矽統","110/07/13","瑞士信貸",202,666,-464
"5939","2363矽統","110/07/13","台灣企銀-岡山",186,4,182
"5940","2363矽統","110/07/13","永豐金-嘉義",67,468,-401
"5941","8112至上","110/07/13","摩根大通",688,296,392
"5942","8112至上","110/07/13","國票-中和",0,401,-401
"5943","8112至上","110/07/13","港商野村",344,145,199
"5944","8112至上","110/07/13","永豐金-板盛",0,205,-205
"5945","8112至上","110/07/13","兆豐-公益",195,5,190
"5946","8112至上","110/07/13","凱基-五股",43,155,-112
"5947","8112至上","110/07/13","台灣摩根士丹利",183,0,183
"5948","8112至上","110/07/13","凱基-市政",0,100,-100
"5949","8112至上","110/07/13","群益金鼎-敦南",153,2,151
"5950","8112至上","110/07/13","元大-大里德芳",1,92,-91
"5951","8112至上","110/07/13","臺銀-金山",146,26,120
"5952","8112至上","110/07/13","玉山-桃園",26,110,-84
"5953","8112至上","110/07/13","臺銀",133,19,114
"5954","8112至上","110/07/13","兆豐-天母",0,81,-81
"5955","8112至上","110/07/13","合庫-台中",115,6,109
"5956","8112至上","110/07/13","凱基-城中",3,84,-81
"5957","8112至上","110/07/13","亞東-板橋",134,26,108
"5958","8112至上","110/07/13","日盛-新莊",9,85,-76
"5959","8112至上","110/07/13","凱基-台北",414,326,88
"5960","8112至上","110/07/13","日盛-台中",2,64,-62
"5961","8112至上","110/07/13","新加坡商瑞銀",181,100,81
"5962","8112至上","110/07/13","日盛-中壢",3,64,-61
"5963","8112至上","110/07/13","國泰-敦南",108,31,77
"5964","8112至上","110/07/13","元大-台中",2,59,-57
"5965","8112至上","110/07/13","第一金-華江",77,4,73
"5966","8112至上","110/07/13","元大-雙和",7,64,-57
"5967","8112至上","110/07/13","永豐金-內湖",73,1,72
"5968","8112至上","110/07/13","元大-高雄",8,62,-54
"5969","8112至上","110/07/13","元大-永和",68,1,67
"5970","8112至上","110/07/13","元大-館前",2,55,-53
"5971","4903聯光通","110/07/13","台灣企銀-太平",56,0,56
"5972","4903聯光通","110/07/13","土銀",0,32,-32
"5973","4903聯光通","110/07/13","元富-新興",23,0,23
"5974","4903聯光通","110/07/13","元大-樹林",0,19,-19
"5975","4903聯光通","110/07/13","日盛-樹林",22,0,22
"5976","4903聯光通","110/07/13","凱基-士林",0,17,-17
"5977","4903聯光通","110/07/13","兆豐-天母",20,0,20
"5978","4903聯光通","110/07/13","國票-博愛",0,14,-14
"5979","4903聯光通","110/07/13","華南永昌-桃園",20,0,20
"5980","4903聯光通","110/07/13","元富",0,10,-10
"5981","4903聯光通","110/07/13","富邦-新店",10,0,10
"5982","4903聯光通","110/07/13","新光",0,10,-10
"5983","4903聯光通","110/07/13","新光-台中",5,0,5
"5984","4903聯光通","110/07/13","玉山-南京東路",0,10,-10
"5985","4903聯光通","110/07/13","華南永昌-台中",5,0,5
"5986","4903聯光通","110/07/13","富邦-陽明",0,10,-10
"5987","4903聯光通","110/07/13","元大-崇德",5,0,5
"5988","4903聯光通","110/07/13","元大-大甲",0,8,-8
"5989","4903聯光通","110/07/13","元大-草屯",5,0,5
"5990","4903聯光通","110/07/13","富邦-台中",0,7,-7
"5991","4903聯光通","110/07/13","元富-草屯",4,0,4
"5992","4903聯光通","110/07/13","凱基-中壢",0,6,-6
"5993","4903聯光通","110/07/13","元大-清水",4,0,4
"5994","4903聯光通","110/07/13","臺銀-民權",0,5,-5
"5995","4903聯光通","110/07/13","元大-東泰",4,0,4
"5996","4903聯光通","110/07/13","日盛-板橋",0,5,-5
"5997","4903聯光通","110/07/13","元大-佳里",2,0,2
"5998","4903聯光通","110/07/13","中國信託-忠孝",0,5,-5
"5999","4903聯光通","110/07/13","永豐金-板橋",2,0,2
"6000","4903聯光通","110/07/13","永豐金-鳳山",0,5,-5
"6001","2929淘帝","110/07/13","玉山-新竹",130,0,130
"6002","2929淘帝","110/07/13","美商高盛",0,177,-177
"6003","2929淘帝","110/07/13","臺銀-民權",60,0,60
"6004","2929淘帝","110/07/13","凱基-台北",6,80,-74
"6005","2929淘帝","110/07/13","新百王",31,0,31
"6006","2929淘帝","110/07/13","元富-大裕",0,49,-49
"6007","2929淘帝","110/07/13","日盛-園區",30,0,30
"6008","2929淘帝","110/07/13","國泰-館前",3,51,-48
"6009","2929淘帝","110/07/13","元大-南投",31,1,30
"6010","2929淘帝","110/07/13","凱基-中壢",0,41,-41
"6011","2929淘帝","110/07/13","兆豐-忠孝",28,0,28
"6012","2929淘帝","110/07/13","港商野村",21,55,-34
"6013","2929淘帝","110/07/13","元大-民生",28,0,28
"6014","2929淘帝","110/07/13","華南永昌-南京",2,34,-32
"6015","2929淘帝","110/07/13","合庫-高雄",27,0,27
"6016","2929淘帝","110/07/13","群益金鼎-土城",0,30,-30
"6017","2929淘帝","110/07/13","凱基-豐中",27,0,27
"6018","2929淘帝","110/07/13","富邦-南屯",0,22,-22
"6019","2929淘帝","110/07/13","新光",21,4,17
"6020","2929淘帝","110/07/13","第一金-豐原",0,20,-20
"6021","2929淘帝","110/07/13","元大-天母",17,0,17
"6022","2929淘帝","110/07/13","元大-屏南",6,26,-20
"6023","2929淘帝","110/07/13","永興",14,0,14
"6024","2929淘帝","110/07/13","永豐金-敦南",1,21,-20
"6025","2929淘帝","110/07/13","富邦-台北",12,0,12
"6026","2929淘帝","110/07/13","凱基-三重",2,21,-19
"6027","2929淘帝","110/07/13","元大-永和",12,0,12
"6028","2929淘帝","110/07/13","富邦-仁愛",7,25,-18
"6029","2929淘帝","110/07/13","國票-天祥",11,0,11
"6030","2929淘帝","110/07/13","元大-北投",0,16,-16
"6031","5410國眾","110/07/13","兆豐-城中",274,0,274
"6032","5410國眾","110/07/13","元富-嘉義",0,103,-103
"6033","5410國眾","110/07/13","新光",50,4,46
"6034","5410國眾","110/07/13","凱基-台北",0,50,-50
"6035","5410國眾","110/07/13","國泰-台中",26,0,26
"6036","5410國眾","110/07/13","瑞士信貸",0,31,-31
"6037","5410國眾","110/07/13","新加坡商瑞銀",22,0,22
"6038","5410國眾","110/07/13","台新-新莊",0,27,-27
"6039","5410國眾","110/07/13","光和-嘉義",20,0,20
"6040","5410國眾","110/07/13","元大-汐止",0,20,-20
"6041","5410國眾","110/07/13","凱基-竹北",17,0,17
"6042","5410國眾","110/07/13","亞東-新竹",0,17,-17
"6043","5410國眾","110/07/13","新光-桃園",15,0,15
"6044","5410國眾","110/07/13","元大-南勢角",0,13,-13
"6045","5410國眾","110/07/13","凱基-台東",14,0,14
"6046","5410國眾","110/07/13","台新-台南",0,12,-12
"6047","5410國眾","110/07/13","富邦-竹北",11,0,11
"6048","5410國眾","110/07/13","中國信託",0,11,-11
"6049","5410國眾","110/07/13","元富-同大",10,0,10
"6050","5410國眾","110/07/13","華南永昌",0,11,-11
"6051","5410國眾","110/07/13","國泰-敦南",24,15,9
"6052","5410國眾","110/07/13","臺銀-臺南",0,10,-10
"6053","5410國眾","110/07/13","日盛-內湖",7,0,7
"6054","5410國眾","110/07/13","台灣企銀-民雄",0,10,-10
"6055","5410國眾","110/07/13","台新-左楠",7,0,7
"6056","5410國眾","110/07/13","高橋",0,10,-10
"6057","5410國眾","110/07/13","元大-新盛",18,12,6
"6058","5410國眾","110/07/13","康和-嘉義",0,10,-10
"6059","5410國眾","110/07/13","統一",5,0,5
"6060","5410國眾","110/07/13","凱基-基隆",0,10,-10
"6061","2841台開","110/07/13","中國信託-高雄",251,50,201
"6062","2841台開","110/07/13","兆豐-公益",0,177,-177
"6063","2841台開","110/07/13","日盛證券",210,13,197
"6064","2841台開","110/07/13","日進",0,152,-152
"6065","2841台開","110/07/13","第一金-台中",55,0,55
"6066","2841台開","110/07/13","港商野村",0,109,-109
"6067","2841台開","110/07/13","國泰-板橋",46,0,46
"6068","2841台開","110/07/13","日盛-信義",0,103,-103
"6069","2841台開","110/07/13","國泰-館前",48,3,45
"6070","2841台開","110/07/13","國泰-敦南",11,75,-64
"6071","2841台開","110/07/13","華南永昌-新莊",45,0,45
"6072","2841台開","110/07/13","永興",0,50,-50
"6073","2841台開","110/07/13","日盛-園區",42,0,42
"6074","2841台開","110/07/13","永豐金-敦南",61,104,-43
"6075","2841台開","110/07/13","台新證券",32,0,32
"6076","2841台開","110/07/13","富邦-台南",0,42,-42
"6077","2841台開","110/07/13","台新-高雄",32,2,30
"6078","2841台開","110/07/13","國票-安和",0,30,-30
"6079","2841台開","110/07/13","豐農",23,0,23
"6080","2841台開","110/07/13","元大-桃園",0,25,-25
"6081","2841台開","110/07/13","合庫-嘉義",20,0,20
"6082","2841台開","110/07/13","新光",8,32,-24
"6083","2841台開","110/07/13","華南永昌-高雄",20,0,20
"6084","2841台開","110/07/13","元大-仁愛",0,24,-24
"6085","2841台開","110/07/13","元大-樹林",16,0,16
"6086","2841台開","110/07/13","日盛-中和",0,20,-20
"6087","2841台開","110/07/13","第一金-華江",15,2,13
"6088","2841台開","110/07/13","元富",0,20,-20
"6089","2841台開","110/07/13","美商高盛",12,0,12
"6090","2841台開","110/07/13","富邦-宜蘭",0,20,-20
"6091","6207雷科","110/07/13","元大-高雄",121,0,121
"6092","6207雷科","110/07/13","華南永昌-朴子",1,60,-59
"6093","6207雷科","110/07/13","第一金-新興",20,0,20
"6094","6207雷科","110/07/13","元大-南海",0,36,-36
"6095","6207雷科","110/07/13","元富-三重",20,0,20
"6096","6207雷科","110/07/13","凱基-土城",0,35,-35
"6097","6207雷科","110/07/13","元大-林園",15,0,15
"6098","6207雷科","110/07/13","台灣企銀",0,20,-20
"6099","6207雷科","110/07/13","元大-金華",16,1,15
"6100","6207雷科","110/07/13","群益金鼎-丹鳳",0,20,-20
"6101","6207雷科","110/07/13","日盛證券",10,0,10
"6102","6207雷科","110/07/13","元大-博愛",0,17,-17
"6103","6207雷科","110/07/13","統一-台中",10,0,10
"6104","6207雷科","110/07/13","元大-北港",0,13,-13
"6105","6207雷科","110/07/13","群益金鼎-土城",10,0,10
"6106","6207雷科","110/07/13","新加坡商瑞銀",0,12,-12
"6107","6207雷科","110/07/13","群益金鼎-桃園",10,0,10
"6108","6207雷科","110/07/13","凱基-台北",4,16,-12
"6109","6207雷科","110/07/13","永豐金-新莊",10,0,10
"6110","6207雷科","110/07/13","日茂-埔里",0,11,-11
"6111","6207雷科","110/07/13","永豐金-新店",10,0,10
"6112","6207雷科","110/07/13","元大-莒光",0,11,-11
"6113","6207雷科","110/07/13","元大證券",9,0,9
"6114","6207雷科","110/07/13","統一-新竹",0,10,-10
"6115","6207雷科","110/07/13","日盛-木柵",9,1,8
"6116","6207雷科","110/07/13","元大-西螺",0,10,-10
"6117","6207雷科","110/07/13","兆豐-來福",8,0,8
"6118","6207雷科","110/07/13","康和-台中",0,8,-8
"6119","6207雷科","110/07/13","新光",7,0,7
"6120","6207雷科","110/07/13","兆豐-高雄",0,6,-6
"6121","3679新至陞","110/07/13","永豐金證券",50,0,50
"6122","3679新至陞","110/07/13","摩根大通",2,25,-23
"6123","3679新至陞","110/07/13","國泰-桃園",22,0,22
"6124","3679新至陞","110/07/13","元大-成功",0,22,-22
"6125","3679新至陞","110/07/13","台中銀-員林",11,0,11
"6126","3679新至陞","110/07/13","富邦-板橋",1,19,-18
"6127","3679新至陞","110/07/13","元大-文心興安",8,0,8
"6128","3679新至陞","110/07/13","日盛-新莊",0,10,-10
"6129","3679新至陞","110/07/13","美商高盛",6,0,6
"6130","3679新至陞","110/07/13","台新-台中",0,10,-10
"6131","3679新至陞","110/07/13","台新-高雄",6,0,6
"6132","3679新至陞","110/07/13","永豐金-新竹",0,8,-8
"6133","3679新至陞","110/07/13","凱基-台北",18,12,6
"6134","3679新至陞","110/07/13","瑞士信貸",12,19,-7
"6135","3679新至陞","110/07/13","日盛-復興",5,0,5
"6136","3679新至陞","110/07/13","統一-南京",0,7,-7
"6137","3679新至陞","110/07/13","(牛牛牛)亞-鑫豐",4,0,4
"6138","3679新至陞","110/07/13","凱基-新莊",0,7,-7
"6139","3679新至陞","110/07/13","元富-大昌",3,0,3
"6140","3679新至陞","110/07/13","新加坡商瑞銀",0,6,-6
"6141","3679新至陞","110/07/13","富邦-台北",3,0,3
"6142","3679新至陞","110/07/13","合庫-自強",0,5,-5
"6143","3679新至陞","110/07/13","日盛-樹林",2,0,2
"6144","3679新至陞","110/07/13","富邦-桃園",0,5,-5
"6145","3679新至陞","110/07/13","宏遠-光隆",2,0,2
"6146","3679新至陞","110/07/13","永豐金-潮州",0,4,-4
"6147","3679新至陞","110/07/13","美林",3,1,2
"6148","3679新至陞","110/07/13","臺銀-臺南",0,3,-3
"6149","3679新至陞","110/07/13","第一金-中壢",2,0,2
"6150","3679新至陞","110/07/13","元大-六合",0,3,-3
"6151","2727王品","110/07/13","富邦-台北",43,3,40
"6152","2727王品","110/07/13","台灣摩根士丹利",15,97,-82
"6153","2727王品","110/07/13","元大-基隆孝二",40,0,40
"6154","2727王品","110/07/13","玉山-台南",5,57,-52
"6155","2727王品","110/07/13","國票-新莊",40,1,39
"6156","2727王品","110/07/13","新加坡商瑞銀",0,48,-48
"6157","2727王品","110/07/13","第一金-豐原",66,42,24
"6158","2727王品","110/07/13","凱基-台北",41,77,-36
"6159","2727王品","110/07/13","永豐金-大園",34,10,24
"6160","2727王品","110/07/13","永豐金-永康",0,22,-22
"6161","2727王品","110/07/13","元大-北屯",22,0,22
"6162","2727王品","110/07/13","統一-台中",2,22,-20
"6163","2727王品","110/07/13","元大-東蘆",26,7,19
"6164","2727王品","110/07/13","國泰-台中",21,39,-18
"6165","2727王品","110/07/13","永豐金-萬盛",13,1,12
"6166","2727王品","110/07/13","合庫-彰化",3,20,-17
"6167","2727王品","110/07/13","日盛-嘉義",11,0,11
"6168","2727王品","110/07/13","港商野村",13,30,-17
"6169","2727王品","110/07/13","日盛-八德",11,0,11
"6170","2727王品","110/07/13","元大-楊梅",1,16,-15
"6171","2727王品","110/07/13","統一-竹南",11,0,11
"6172","2727王品","110/07/13","凱基-高美館",2,15,-13
"6173","2727王品","110/07/13","日盛-士林",12,2,10
"6174","2727王品","110/07/13","美商高盛",2,14,-12
"6175","2727王品","110/07/13","統一-敦南",10,0,10
"6176","2727王品","110/07/13","統一-平鎮",1,13,-12
"6177","2727王品","110/07/13","中國信託",15,5,10
"6178","2727王品","110/07/13","兆豐-台中港",4,16,-12
"6179","2727王品","110/07/13","兆豐-竹北",13,3,10
"6180","2727王品","110/07/13","凱基-八德",1,13,-12
"6181","1570力肯","110/07/13","新光",115,11,104
"6182","1570力肯","110/07/13","元大-北三重",0,162,-162
"6183","1570力肯","110/07/13","群益金鼎-高雄",54,0,54
"6184","1570力肯","110/07/13","元大-大灣",0,25,-25
"6185","1570力肯","110/07/13","國票-新莊",22,0,22
"6186","1570力肯","110/07/13","永豐金-苓雅",0,22,-22
"6187","1570力肯","110/07/13","日盛-桃園",12,0,12
"6188","1570力肯","110/07/13","永豐金-永康",0,19,-19
"6189","1570力肯","110/07/13","元大-高雄",12,0,12
"6190","1570力肯","110/07/13","富邦-員林",0,15,-15
"6191","1570力肯","110/07/13","合庫-自強",11,0,11
"6192","1570力肯","110/07/13","凱基-台南",0,11,-11
"6193","1570力肯","110/07/13","摩根大通",26,15,11
"6194","1570力肯","110/07/13","日盛-竹北",0,10,-10
"6195","1570力肯","110/07/13","永豐金-中盛",11,0,11
"6196","1570力肯","110/07/13","國票-九鼎",0,10,-10
"6197","1570力肯","110/07/13","兆豐-台中港",10,0,10
"6198","1570力肯","110/07/13","凱基-桃園",0,10,-10
"6199","1570力肯","110/07/13","國泰-松江",9,0,9
"6200","1570力肯","110/07/13","凱基-新豐",0,10,-10
"6201","1570力肯","110/07/13","元大-新盛",9,0,9
"6202","1570力肯","110/07/13","元大-學甲",0,10,-10
"6203","1570力肯","110/07/13","元富-緯城",6,0,6
"6204","1570力肯","110/07/13","群益金鼎-東湖",1,10,-9
"6205","1570力肯","110/07/13","統一-三重",5,0,5
"6206","1570力肯","110/07/13","大昌",0,6,-6
"6207","1570力肯","110/07/13","元大-前金",5,0,5
"6208","1570力肯","110/07/13","元大-土城學府",0,6,-6
"6209","1570力肯","110/07/13","永豐金證券",5,0,5
"6210","1570力肯","110/07/13","統一",0,5,-5
"6211","6180橘子","110/07/13","摩根大通",119,0,119
"6212","6180橘子","110/07/13","元大-崇德",2,61,-59
"6213","6180橘子","110/07/13","美商高盛",96,0,96
"6214","6180橘子","110/07/13","康和-台中",0,51,-51
"6215","6180橘子","110/07/13","新加坡商瑞銀",86,7,79
"6216","6180橘子","110/07/13","康和-台北",0,50,-50
"6217","6180橘子","110/07/13","元大-和平",40,0,40
"6218","6180橘子","110/07/13","元富-潮州",0,40,-40
"6219","6180橘子","110/07/13","凱基-台北",83,47,36
"6220","6180橘子","110/07/13","日盛-永康",0,26,-26
"6221","6180橘子","110/07/13","美林",39,5,34
"6222","6180橘子","110/07/13","永豐金-中正",0,24,-24
"6223","6180橘子","110/07/13","富邦-新竹華信",31,2,29
"6224","6180橘子","110/07/13","國泰-板橋",2,25,-23
"6225","6180橘子","110/07/13","統一-南京",21,0,21
"6226","6180橘子","110/07/13","日盛-大墩",0,20,-20
"6227","6180橘子","110/07/13","富邦-陽明",24,3,21
"6228","6180橘子","110/07/13","元大-草屯",13,32,-19
"6229","6180橘子","110/07/13","大昌-樹林",21,1,20
"6230","6180橘子","110/07/13","元富-林園",1,18,-17
"6231","6180橘子","110/07/13","花旗環球",19,0,19
"6232","6180橘子","110/07/13","新光-新竹",1,18,-17
"6233","6180橘子","110/07/13","華南永昌-台南",19,0,19
"6234","6180橘子","110/07/13","元大-土城永寧",0,17,-17
"6235","6180橘子","110/07/13","福勝",14,0,14
"6236","6180橘子","110/07/13","國泰-新莊",3,19,-16
"6237","6180橘子","110/07/13","富邦-嘉義",12,1,11
"6238","6180橘子","110/07/13","中國信託-永康",6,21,-15
"6239","6180橘子","110/07/13","元大-板橋三民",11,0,11
"6240","6180橘子","110/07/13","凱基-東港",1,15,-14
"6241","2390云辰","110/07/13","新加坡商瑞銀",562,75,487
"6242","2390云辰","110/07/13","大展-台南",0,532,-532
"6243","2390云辰","110/07/13","台灣摩根士丹利",330,155,175
"6244","2390云辰","110/07/13","凱基-台北",668,854,-186
"6245","2390云辰","110/07/13","兆豐-公益",126,25,101
"6246","2390云辰","110/07/13","凱基-三重",12,172,-160
"6247","2390云辰","110/07/13","元富-中港",100,2,98
"6248","2390云辰","110/07/13","兆豐-忠孝",4,161,-157
"6249","2390云辰","110/07/13","統一-新台中",106,9,97
"6250","2390云辰","110/07/13","元大-士林",19,170,-151
"6251","2390云辰","110/07/13","中國信託-松江",81,11,70
"6252","2390云辰","110/07/13","臺銀-新竹",14,117,-103
"6253","2390云辰","110/07/13","日盛-板橋",72,3,69
"6254","2390云辰","110/07/13","國票-台中",4,102,-98
"6255","2390云辰","110/07/13","日盛-和美",57,0,57
"6256","2390云辰","110/07/13","新光",147,232,-85
"6257","2390云辰","110/07/13","永豐金-桃園",88,36,52
"6258","2390云辰","110/07/13","致和-崇德",2,70,-68
"6259","2390云辰","110/07/13","玉山-士林",54,4,50
"6260","2390云辰","110/07/13","群益金鼎-屏東",2,70,-68
"6261","2390云辰","110/07/13","富邦-仁愛",56,6,50
"6262","2390云辰","110/07/13","元大-大里",35,98,-63
"6263","2390云辰","110/07/13","第一金-豐原",50,1,49
"6264","2390云辰","110/07/13","元大-萬華",35,94,-59
"6265","2390云辰","110/07/13","摩根大通",502,453,49
"6266","2390云辰","110/07/13","元富-吉利",2,60,-58
"6267","2390云辰","110/07/13","凱基-松山",61,13,48
"6268","2390云辰","110/07/13","兆豐-新竹",3,53,-50
"6269","2390云辰","110/07/13","大昌",64,22,42
"6270","2390云辰","110/07/13","富邦-嘉義",65,108,-43
"6271","2363矽統","110/07/12","凱基-幸福",4046,31,4015
"6272","2363矽統","110/07/12","台新證券",478,2105,-1627
"6273","2363矽統","110/07/12","統一",3504,120,3384
"6274","2363矽統","110/07/12","第一金-忠孝",4,1068,-1064
"6275","2363矽統","110/07/12","摩根大通",3006,2149,857
"6276","2363矽統","110/07/12","台新-台中",381,1003,-622
"6277","2363矽統","110/07/12","永豐金證券",1428,610,818
"6278","2363矽統","110/07/12","新光",1295,1822,-527
"6279","2363矽統","110/07/12","兆豐-復興",1936,1233,703
"6280","2363矽統","110/07/12","大昌-樹林",54,537,-483
"6281","2363矽統","110/07/12","台灣摩根士丹利",701,0,701
"6282","2363矽統","110/07/12","華南永昌-台中",90,549,-459
"6283","2363矽統","110/07/12","永豐金-南投",803,145,658
"6284","2363矽統","110/07/12","玉山-高雄",167,612,-445
"6285","2363矽統","110/07/12","統一-仁愛",1214,586,628
"6286","2363矽統","110/07/12","元富-同大",201,540,-339
"6287","2363矽統","110/07/12","統一-土城",688,75,613
"6288","2363矽統","110/07/12","華南永昌-東勢",31,367,-336
"6289","2363矽統","110/07/12","統一-城中",711,131,580
"6290","2363矽統","110/07/12","土銀-花蓮",9,333,-324
"6291","2363矽統","110/07/12","統一-敦南",632,54,578
"6292","2363矽統","110/07/12","凱基-豐中",120,434,-314
"6293","2363矽統","110/07/12","新加坡商瑞銀",1232,731,501
"6294","2363矽統","110/07/12","永豐金-竹科",54,323,-269
"6295","2363矽統","110/07/12","元富",2640,2142,498
"6296","2363矽統","110/07/12","元大-斗六",53,300,-247
"6297","2363矽統","110/07/12","凱基-永和",460,31,429
"6298","2363矽統","110/07/12","華南永昌-朴子",47,278,-231
"6299","2363矽統","110/07/12","第一金",380,22,358
"6300","2363矽統","110/07/12","永豐金-彰化",22,228,-206
"6301","8112至上","110/07/12","摩根大通",1167,290,877
"6302","8112至上","110/07/12","群益金鼎-新莊",1,156,-155
"6303","8112至上","110/07/12","凱基-台北",983,546,437
"6304","8112至上","110/07/12","國票-中港",0,131,-131
"6305","8112至上","110/07/12","新加坡商瑞銀",429,12,417
"6306","8112至上","110/07/12","元大證券",10,136,-126
"6307","8112至上","110/07/12","元大-屏南",360,2,358
"6308","8112至上","110/07/12","元大-中壢",11,135,-124
"6309","8112至上","110/07/12","美林",323,15,308
"6310","8112至上","110/07/12","合庫-基隆",0,122,-122
"6311","8112至上","110/07/12","台灣摩根士丹利",299,0,299
"6312","8112至上","110/07/12","群益金鼎-高盛",4,103,-99
"6313","8112至上","110/07/12","港商野村",267,28,239
"6314","8112至上","110/07/12","新光",110,202,-92
"6315","8112至上","110/07/12","大慶",165,3,162
"6316","8112至上","110/07/12","元大-府城",2,94,-92
"6317","8112至上","110/07/12","永豐金-台南",170,29,141
"6318","8112至上","110/07/12","富邦-板橋",5,92,-87
"6319","8112至上","110/07/12","華南永昌-長虹",128,2,126
"6320","8112至上","110/07/12","元大-土城",8,89,-81
"6321","8112至上","110/07/12","富邦-仁愛",157,51,106
"6322","8112至上","110/07/12","日盛-頭份",40,117,-77
"6323","8112至上","110/07/12","瑞士信貸",104,0,104
"6324","8112至上","110/07/12","玉山-嘉義",3,80,-77
"6325","8112至上","110/07/12","凱基-站前",100,11,89
"6326","8112至上","110/07/12","永豐金-松山",4,79,-75
"6327","8112至上","110/07/12","富邦-北港",90,3,87
"6328","8112至上","110/07/12","元大-敦南",3,75,-72
"6329","8112至上","110/07/12","元大-北港",101,20,81
"6330","8112至上","110/07/12","元富-大裕",6,77,-71
"6331","4903聯光通","110/07/12","台灣企銀-太平",19,0,19
"6332","4903聯光通","110/07/12","玉山-南京東路",0,16,-16
"6333","4903聯光通","110/07/12","統一-土城",17,0,17
"6334","4903聯光通","110/07/12","新光",0,14,-14
"6335","4903聯光通","110/07/12","國票-博愛",14,0,14
"6336","4903聯光通","110/07/12","兆豐-彰化",0,10,-10
"6337","4903聯光通","110/07/12","新光-台中",15,2,13
"6338","4903聯光通","110/07/12","國票",0,10,-10
"6339","4903聯光通","110/07/12","元大-彰化",11,0,11
"6340","4903聯光通","110/07/12","富邦-敦南",0,10,-10
"6341","4903聯光通","110/07/12","華南永昌-林口",10,0,10
"6342","4903聯光通","110/07/12","元大-前金",0,9,-9
"6343","4903聯光通","110/07/12","永豐金-南投",9,0,9
"6344","4903聯光通","110/07/12","日盛-頭份",0,8,-8
"6345","4903聯光通","110/07/12","元大-清水",8,0,8
"6346","4903聯光通","110/07/12","元大-太平",0,8,-8
"6347","4903聯光通","110/07/12","元大-博愛",8,0,8
"6348","4903聯光通","110/07/12","兆豐-埔墘",0,7,-7
"6349","4903聯光通","110/07/12","玉山-新莊",5,0,5
"6350","4903聯光通","110/07/12","臺銀-民權",0,5,-5
"6351","4903聯光通","110/07/12","凱基-士林",10,5,5
"6352","4903聯光通","110/07/12","富邦-板橋",0,5,-5
"6353","4903聯光通","110/07/12","元大-斗六",4,0,4
"6354","4903聯光通","110/07/12","元大-土城永寧",0,5,-5
"6355","4903聯光通","110/07/12","永豐金-羅東",4,0,4
"6356","4903聯光通","110/07/12","台新證券",0,4,-4
"6357","4903聯光通","110/07/12","日盛-樹林",3,0,3
"6358","4903聯光通","110/07/12","凱基-中壢",0,4,-4
"6359","4903聯光通","110/07/12","華南永昌-鶯歌",2,0,2
"6360","4903聯光通","110/07/12","元大-羅東",0,4,-4
"6361","2929淘帝","110/07/12","新光-台中",95,36,59
"6362","2929淘帝","110/07/12","華南永昌-林口",7,208,-201
"6363","2929淘帝","110/07/12","富邦-板橋",62,5,57
"6364","2929淘帝","110/07/12","富邦-台北",6,200,-194
"6365","2929淘帝","110/07/12","合庫-高雄",56,6,50
"6366","2929淘帝","110/07/12","元富-大裕",11,200,-189
"6367","2929淘帝","110/07/12","永興",41,0,41
"6368","2929淘帝","110/07/12","台中銀-台北",0,160,-160
"6369","2929淘帝","110/07/12","兆豐-忠孝",58,18,40
"6370","2929淘帝","110/07/12","日盛-園區",1,111,-110
"6371","2929淘帝","110/07/12","新光-高雄",39,3,36
"6372","2929淘帝","110/07/12","日盛-八德",0,88,-88
"6373","2929淘帝","110/07/12","凱基-豐中",36,0,36
"6374","2929淘帝","110/07/12","玉山-新竹",32,110,-78
"6375","2929淘帝","110/07/12","元大-民生",35,0,35
"6376","2929淘帝","110/07/12","元大-前金",0,72,-72
"6377","2929淘帝","110/07/12","臺銀-臺南",32,1,31
"6378","2929淘帝","110/07/12","元大-館前",12,83,-71
"6379","2929淘帝","110/07/12","台新證券",44,13,31
"6380","2929淘帝","110/07/12","華南永昌",1,57,-56
"6381","2929淘帝","110/07/12","新百王",30,0,30
"6382","2929淘帝","110/07/12","元大-南崁",4,59,-55
"6383","2929淘帝","110/07/12","群益金鼎-大興",30,0,30
"6384","2929淘帝","110/07/12","元大-嘉義",0,51,-51
"6385","2929淘帝","110/07/12","凱基-台北",32,5,27
"6386","2929淘帝","110/07/12","日茂",1,50,-49
"6387","2929淘帝","110/07/12","元富-城東",26,0,26
"6388","2929淘帝","110/07/12","新光",35,83,-48
"6389","2929淘帝","110/07/12","國泰-松江",26,0,26
"6390","2929淘帝","110/07/12","日盛-新竹",1,48,-47
"6391","5410國眾","110/07/12","群益金鼎-中壢",68,0,68
"6392","5410國眾","110/07/12","摩根大通",6,67,-61
"6393","5410國眾","110/07/12","凱基-市政",40,0,40
"6394","5410國眾","110/07/12","元富-嘉義",0,60,-60
"6395","5410國眾","110/07/12","凱基-竹北",38,0,38
"6396","5410國眾","110/07/12","凱基-台北",0,51,-51
"6397","5410國眾","110/07/12","華南永昌-三重",30,0,30
"6398","5410國眾","110/07/12","元富-大裕",0,33,-33
"6399","5410國眾","110/07/12","永興",20,0,20
"6400","5410國眾","110/07/12","日盛-木柵",0,15,-15
"6401","5410國眾","110/07/12","統一-新台中",20,0,20
"6402","5410國眾","110/07/12","群益金鼎-民權",0,15,-15
"6403","5410國眾","110/07/12","兆豐-三重",20,0,20
"6404","5410國眾","110/07/12","元富-緯城",0,14,-14
"6405","5410國眾","110/07/12","富邦-台中",20,0,20
"6406","5410國眾","110/07/12","元大-大同",0,12,-12
"6407","5410國眾","110/07/12","臺銀",15,0,15
"6408","5410國眾","110/07/12","元大-莒光",0,10,-10
"6409","5410國眾","110/07/12","新光-桃園",20,6,14
"6410","5410國眾","110/07/12","元大-博愛",0,10,-10
"6411","5410國眾","110/07/12","元大-員林",12,0,12
"6412","5410國眾","110/07/12","日盛-永康",0,8,-8
"6413","5410國眾","110/07/12","日盛-員林",10,0,10
"6414","5410國眾","110/07/12","元大-四維",5,13,-8
"6415","5410國眾","110/07/12","元大-新盛",10,0,10
"6416","5410國眾","110/07/12","新加坡商瑞銀",0,7,-7
"6417","5410國眾","110/07/12","永豐金-台南",10,0,10
"6418","5410國眾","110/07/12","致和-金華",0,7,-7
"6419","5410國眾","110/07/12","元富-新莊",8,0,8
"6420","5410國眾","110/07/12","新光-新竹",0,7,-7
"6421","2841台開","110/07/12","永豐金-敦南",139,26,113
"6422","2841台開","110/07/12","華南永昌-朴子",0,528,-528
"6423","2841台開","110/07/12","日盛-雙和",68,0,68
"6424","2841台開","110/07/12","元大-苑裡",2,50,-48
"6425","2841台開","110/07/12","台新證券",62,4,58
"6426","2841台開","110/07/12","群益金鼎-東湖",0,40,-40
"6427","2841台開","110/07/12","凱基-文心",50,0,50
"6428","2841台開","110/07/12","第一金-員林",0,30,-30
"6429","2841台開","110/07/12","第一金-台中",45,0,45
"6430","2841台開","110/07/12","德信-中正",0,20,-20
"6431","2841台開","110/07/12","富邦-嘉義",40,0,40
"6432","2841台開","110/07/12","兆豐-嘉義",0,20,-20
"6433","2841台開","110/07/12","日盛-木柵",30,0,30
"6434","2841台開","110/07/12","彰銀-七賢",0,15,-15
"6435","2841台開","110/07/12","中國信託-文心",31,3,28
"6436","2841台開","110/07/12","元大-承德",0,14,-14
"6437","2841台開","110/07/12","元大-福營",30,7,23
"6438","2841台開","110/07/12","元富",0,12,-12
"6439","2841台開","110/07/12","台中銀",20,0,20
"6440","2841台開","110/07/12","富邦-陽明",0,11,-11
"6441","2841台開","110/07/12","國泰-板橋",20,0,20
"6442","2841台開","110/07/12","元大證券",0,11,-11
"6443","2841台開","110/07/12","元大-前金",20,0,20
"6444","2841台開","110/07/12","元大-大甲",0,10,-10
"6445","2841台開","110/07/12","中國信託-高雄",16,1,15
"6446","2841台開","110/07/12","日盛-新竹",0,8,-8
"6447","2841台開","110/07/12","陽信-石牌",15,0,15
"6448","2841台開","110/07/12","元富-城東",0,8,-8
"6449","2841台開","110/07/12","永豐金-南投",15,0,15
"6450","2841台開","110/07/12","玉山-台南",2,10,-8
"6451","6207雷科","110/07/12","元大-高雄",34,0,34
"6452","6207雷科","110/07/12","永豐金-三重",1,32,-31
"6453","6207雷科","110/07/12","華南永昌-林口",16,1,15
"6454","6207雷科","110/07/12","永全-八德",0,30,-30
"6455","6207雷科","110/07/12","摩根大通",19,6,13
"6456","6207雷科","110/07/12","國泰-台中",0,14,-14
"6457","6207雷科","110/07/12","元富-埔里",10,0,10
"6458","6207雷科","110/07/12","第一金-澎湖",0,10,-10
"6459","6207雷科","110/07/12","凱基-台南",10,0,10
"6460","6207雷科","110/07/12","元富-林園",0,10,-10
"6461","6207雷科","110/07/12","新加坡商瑞銀",9,0,9
"6462","6207雷科","110/07/12","元大-東門",0,10,-10
"6463","6207雷科","110/07/12","瑞士信貸",8,0,8
"6464","6207雷科","110/07/12","兆豐-嘉義",0,4,-4
"6465","6207雷科","110/07/12","中國信託-高雄",9,1,8
"6466","6207雷科","110/07/12","新光",0,4,-4
"6467","6207雷科","110/07/12","凱基-高雄",6,0,6
"6468","6207雷科","110/07/12","新光-台中",0,4,-4
"6469","6207雷科","110/07/12","元大-六合",6,0,6
"6470","6207雷科","110/07/12","群益金鼎-開元",0,4,-4
"6471","6207雷科","110/07/12","永豐金-信義",6,0,6
"6472","6207雷科","110/07/12","凱基-桃園",0,4,-4
"6473","6207雷科","110/07/12","群益金鼎-土城",5,0,5
"6474","6207雷科","110/07/12","凱基-民權",0,4,-4
"6475","6207雷科","110/07/12","群益金鼎-竹南",5,0,5
"6476","6207雷科","110/07/12","玉山-新莊",0,3,-3
"6477","6207雷科","110/07/12","元大-大灣",5,1,4
"6478","6207雷科","110/07/12","國泰-松江",0,3,-3
"6479","6207雷科","110/07/12","永興",3,0,3
"6480","6207雷科","110/07/12","富邦-羅東",0,3,-3
"6481","3679新至陞","110/07/12","富邦-新竹華信",40,2,38
"6482","3679新至陞","110/07/12","瑞士信貸",0,45,-45
"6483","3679新至陞","110/07/12","台中銀-員林",28,2,26
"6484","3679新至陞","110/07/12","永豐金-天母",0,39,-39
"6485","3679新至陞","110/07/12","聯邦-大業",24,0,24
"6486","3679新至陞","110/07/12","摩根大通",7,35,-28
"6487","3679新至陞","110/07/12","永豐金證券",20,0,20
"6488","3679新至陞","110/07/12","凱基-台北",8,36,-28
"6489","3679新至陞","110/07/12","港商法國興業",14,0,14
"6490","3679新至陞","110/07/12","華南永昌-小港",1,23,-22
"6491","3679新至陞","110/07/12","日盛-樹林",13,1,12
"6492","3679新至陞","110/07/12","台新-台中",0,15,-15
"6493","3679新至陞","110/07/12","國泰-桃園",9,0,9
"6494","3679新至陞","110/07/12","統一-台中",0,12,-12
"6495","3679新至陞","110/07/12","宏遠-館前",8,0,8
"6496","3679新至陞","110/07/12","元大-成功",1,12,-11
"6497","3679新至陞","110/07/12","凱基",10,2,8
"6498","3679新至陞","110/07/12","康和-澎湖",0,8,-8
"6499","3679新至陞","110/07/12","(牛牛牛)亞-網路",7,0,7
"6500","3679新至陞","110/07/12","新加坡商瑞銀",0,7,-7
"6501","3679新至陞","110/07/12","兆豐-員林",7,0,7
"6502","3679新至陞","110/07/12","兆豐-來福",0,7,-7
"6503","3679新至陞","110/07/12","大慶-蘆洲",5,0,5
"6504","3679新至陞","110/07/12","元大-佳里",0,6,-6
"6505","3679新至陞","110/07/12","土銀-花蓮",4,0,4
"6506","3679新至陞","110/07/12","美商高盛",0,5,-5
"6507","3679新至陞","110/07/12","台新-高雄",5,1,4
"6508","3679新至陞","110/07/12","國票-新莊",0,5,-5
"6509","3679新至陞","110/07/12","元大-天母",4,0,4
"6510","3679新至陞","110/07/12","台新-屏東",0,5,-5
"6511","2727王品","110/07/12","凱基-台北",354,198,156
"6512","2727王品","110/07/12","台灣摩根士丹利",5,386,-381
"6513","2727王品","110/07/12","統一-城中",159,22,137
"6514","2727王品","110/07/12","元大-嘉義",4,60,-56
"6515","2727王品","110/07/12","日盛-忠孝",60,0,60
"6516","2727王品","110/07/12","元大-大同",2,44,-42
"6517","2727王品","110/07/12","永豐金-忠孝",45,5,40
"6518","2727王品","110/07/12","國泰-台中",32,73,-41
"6519","2727王品","110/07/12","合庫-新竹",31,0,31
"6520","2727王品","110/07/12","元大證券",127,163,-36
"6521","2727王品","110/07/12","富邦-台中",31,3,28
"6522","2727王品","110/07/12","凱基",1,33,-32
"6523","2727王品","110/07/12","元大-桃園",35,10,25
"6524","2727王品","110/07/12","永全-南崁",1,31,-30
"6525","2727王品","110/07/12","新加坡商瑞銀",28,4,24
"6526","2727王品","110/07/12","凱基-和平",2,32,-30
"6527","2727王品","110/07/12","群益金鼎-古亭",25,2,23
"6528","2727王品","110/07/12","永豐金-大園",8,38,-30
"6529","2727王品","110/07/12","元大-龍潭",29,7,22
"6530","2727王品","110/07/12","瑞士信貸",0,28,-28
"6531","2727王品","110/07/12","永豐金-永康",25,3,22
"6532","2727王品","110/07/12","元富",17,44,-27
"6533","2727王品","110/07/12","富邦-竹北",24,3,21
"6534","2727王品","110/07/12","元大-北屯",5,32,-27
"6535","2727王品","110/07/12","群益金鼎-松山",20,0,20
"6536","2727王品","110/07/12","華南永昌",3,28,-25
"6537","2727王品","110/07/12","元大-八德",20,0,20
"6538","2727王品","110/07/12","統一-竹南",1,23,-22
"6539","2727王品","110/07/12","元大-南京",25,6,19
"6540","2727王品","110/07/12","永豐金證券",4,26,-22
"6541","1570力肯","110/07/12","國票-北高雄",40,0,40
"6542","1570力肯","110/07/12","日盛-竹北",0,40,-40
"6543","1570力肯","110/07/12","摩根大通",16,0,16
"6544","1570力肯","110/07/12","第一金-華江",1,38,-37
"6545","1570力肯","110/07/12","新光",31,19,12
"6546","1570力肯","110/07/12","元大-永春",0,26,-26
"6547","1570力肯","110/07/12","元大-台中中港",12,0,12
"6548","1570力肯","110/07/12","元大-古亭",1,20,-19
"6549","1570力肯","110/07/12","日盛-高雄",10,0,10
"6550","1570力肯","110/07/12","國泰-松江",0,16,-16
"6551","1570力肯","110/07/12","第一金-路竹",10,0,10
"6552","1570力肯","110/07/12","台新-台南",0,15,-15
"6553","1570力肯","110/07/12","台新-新莊",10,0,10
"6554","1570力肯","110/07/12","康和-石牌",0,15,-15
"6555","1570力肯","110/07/12","元大-新盛",9,0,9
"6556","1570力肯","110/07/12","國泰-板橋",0,11,-11
"6557","1570力肯","110/07/12","凱基-台北",8,0,8
"6558","1570力肯","110/07/12","元大-高雄",0,11,-11
"6559","1570力肯","110/07/12","彰銀-七賢",6,0,6
"6560","1570力肯","110/07/12","兆豐-桃園",0,10,-10
"6561","1570力肯","110/07/12","元富-緯城",6,0,6
"6562","1570力肯","110/07/12","元大-大益",0,10,-10
"6563","1570力肯","110/07/12","華南永昌-古亭",6,0,6
"6564","1570力肯","110/07/12","中國信託-文心",0,5,-5
"6565","1570力肯","110/07/12","富邦-陽明",6,0,6
"6566","1570力肯","110/07/12","光和",0,5,-5
"6567","1570力肯","110/07/12","臺銀-臺南",5,0,5
"6568","1570力肯","110/07/12","陽信-石牌",0,5,-5
"6569","1570力肯","110/07/12","宏遠-館前",5,0,5
"6570","1570力肯","110/07/12","國泰-高雄",0,5,-5
"6571","6180橘子","110/07/12","康和-台中",32,2,30
"6572","6180橘子","110/07/12","新百王",1,40,-39
"6573","6180橘子","110/07/12","美林",32,3,29
"6574","6180橘子","110/07/12","富邦-陽明",4,42,-38
"6575","6180橘子","110/07/12","元大-羅東",21,0,21
"6576","6180橘子","110/07/12","新光",3,32,-29
"6577","6180橘子","110/07/12","兆豐-埔墘",16,0,16
"6578","6180橘子","110/07/12","日盛-文化",4,20,-16
"6579","6180橘子","110/07/12","元大-雙和",12,0,12
"6580","6180橘子","110/07/12","華南永昌-鶯歌",0,15,-15
"6581","6180橘子","110/07/12","美商高盛",18,7,11
"6582","6180橘子","110/07/12","中國信託-忠孝",7,20,-13
"6583","6180橘子","110/07/12","台新證券",14,3,11
"6584","6180橘子","110/07/12","凱基-台北",5,17,-12
"6585","6180橘子","110/07/12","元大-中壢",12,1,11
"6586","6180橘子","110/07/12","凱基-高雄",0,11,-11
"6587","6180橘子","110/07/12","統一-南京",10,0,10
"6588","6180橘子","110/07/12","凱基-大安",0,10,-10
"6589","6180橘子","110/07/12","致和-崇德",10,0,10
"6590","6180橘子","110/07/12","元大-北屯",0,10,-10
"6591","6180橘子","110/07/12","玉山-板橋",10,0,10
"6592","6180橘子","110/07/12","元大-南京",0,9,-9
"6593","6180橘子","110/07/12","富邦-仁愛",10,0,10
"6594","6180橘子","110/07/12","元大-台南",1,10,-9
"6595","6180橘子","110/07/12","摩根大通",10,1,9
"6596","6180橘子","110/07/12","康和-澎湖",0,8,-8
"6597","6180橘子","110/07/12","元富-林園",8,0,8
"6598","6180橘子","110/07/12","第一金-台中",0,7,-7
"6599","6180橘子","110/07/12","大慶-富順",7,0,7
"6600","6180橘子","110/07/12","台新-台南",1,8,-7
"6601","2390云辰","110/07/12","統一-新台中",170,0,170
"6602","2390云辰","110/07/12","元大-天母",2,450,-448
"6603","2390云辰","110/07/12","華南永昌-麻豆",137,2,135
"6604","2390云辰","110/07/12","國泰-忠孝",1,143,-142
"6605","2390云辰","110/07/12","元富-成功",103,14,89
"6606","2390云辰","110/07/12","摩根大通",377,512,-135
"6607","2390云辰","110/07/12","元大-土城學府",146,69,77
"6608","2390云辰","110/07/12","台灣摩根士丹利",0,91,-91
"6609","2390云辰","110/07/12","永豐金-永康",76,4,72
"6610","2390云辰","110/07/12","美林",84,146,-62
"6611","2390云辰","110/07/12","台中銀",73,2,71
"6612","2390云辰","110/07/12","華南永昌-嘉義",2,61,-59
"6613","2390云辰","110/07/12","大昌",63,3,60
"6614","2390云辰","110/07/12","永豐金-羅東",0,49,-49
"6615","2390云辰","110/07/12","合庫-三重",50,0,50
"6616","2390云辰","110/07/12","玉山-台中",6,53,-47
"6617","2390云辰","110/07/12","元富-高雄",93,50,43
"6618","2390云辰","110/07/12","玉山-新莊",2,48,-46
"6619","2390云辰","110/07/12","元大-館前",40,4,36
"6620","2390云辰","110/07/12","元大-大里",7,52,-45
"6621","2390云辰","110/07/12","港商野村",143,109,34
"6622","2390云辰","110/07/12","元大-內湖",3,48,-45
"6623","2390云辰","110/07/12","元大-雙和",34,0,34
"6624","2390云辰","110/07/12","永豐金-市政",1,42,-41
"6625","2390云辰","110/07/12","群益金鼎-民權",33,2,31
"6626","2390云辰","110/07/12","元大-學甲",1,41,-40
"6627","2390云辰","110/07/12","日盛-八德",40,10,30
"6628","2390云辰","110/07/12","兆豐-高雄",2,41,-39
"6629","2390云辰","110/07/12","國票-嘉義",30,0,30
"6630","2390云辰","110/07/12","新加坡商瑞銀",21,59,-38
"6631","4903聯光通","110/07/12","台灣企銀-太平",19,0,19
"6632","4903聯光通","110/07/12","玉山-南京東路",0,16,-16
"6633","4903聯光通","110/07/12","統一-土城",17,0,17
"6634","4903聯光通","110/07/12","新光",0,14,-14
"6635","4903聯光通","110/07/12","國票-博愛",14,0,14
"6636","4903聯光通","110/07/12","兆豐-彰化",0,10,-10
"6637","4903聯光通","110/07/12","新光-台中",15,2,13
"6638","4903聯光通","110/07/12","國票",0,10,-10
"6639","4903聯光通","110/07/12","元大-彰化",11,0,11
"6640","4903聯光通","110/07/12","富邦-敦南",0,10,-10
"6641","4903聯光通","110/07/12","華南永昌-林口",10,0,10
"6642","4903聯光通","110/07/12","元大-前金",0,9,-9
"6643","4903聯光通","110/07/12","永豐金-南投",9,0,9
"6644","4903聯光通","110/07/12","日盛-頭份",0,8,-8
"6645","4903聯光通","110/07/12","元大-清水",8,0,8
"6646","4903聯光通","110/07/12","元大-太平",0,8,-8
"6647","4903聯光通","110/07/12","元大-博愛",8,0,8
"6648","4903聯光通","110/07/12","兆豐-埔墘",0,7,-7
"6649","4903聯光通","110/07/12","玉山-新莊",5,0,5
"6650","4903聯光通","110/07/12","臺銀-民權",0,5,-5
"6651","4903聯光通","110/07/12","凱基-士林",10,5,5
"6652","4903聯光通","110/07/12","富邦-板橋",0,5,-5
"6653","4903聯光通","110/07/12","元大-斗六",4,0,4
"6654","4903聯光通","110/07/12","元大-土城永寧",0,5,-5
"6655","4903聯光通","110/07/12","永豐金-羅東",4,0,4
"6656","4903聯光通","110/07/12","台新證券",0,4,-4
"6657","4903聯光通","110/07/12","日盛-樹林",3,0,3
"6658","4903聯光通","110/07/12","凱基-中壢",0,4,-4
"6659","4903聯光通","110/07/12","華南永昌-鶯歌",2,0,2
"6660","4903聯光通","110/07/12","元大-羅東",0,4,-4
"6661","2929淘帝","110/07/12","新光-台中",95,36,59
"6662","2929淘帝","110/07/12","華南永昌-林口",7,208,-201
"6663","2929淘帝","110/07/12","富邦-板橋",62,5,57
"6664","2929淘帝","110/07/12","富邦-台北",6,200,-194
"6665","2929淘帝","110/07/12","合庫-高雄",56,6,50
"6666","2929淘帝","110/07/12","元富-大裕",11,200,-189
"6667","2929淘帝","110/07/12","永興",41,0,41
"6668","2929淘帝","110/07/12","台中銀-台北",0,160,-160
"6669","2929淘帝","110/07/12","兆豐-忠孝",58,18,40
"6670","2929淘帝","110/07/12","日盛-園區",1,111,-110
"6671","2929淘帝","110/07/12","新光-高雄",39,3,36
"6672","2929淘帝","110/07/12","日盛-八德",0,88,-88
"6673","2929淘帝","110/07/12","凱基-豐中",36,0,36
"6674","2929淘帝","110/07/12","玉山-新竹",32,110,-78
"6675","2929淘帝","110/07/12","元大-民生",35,0,35
"6676","2929淘帝","110/07/12","元大-前金",0,72,-72
"6677","2929淘帝","110/07/12","臺銀-臺南",32,1,31
"6678","2929淘帝","110/07/12","元大-館前",12,83,-71
"6679","2929淘帝","110/07/12","台新證券",44,13,31
"6680","2929淘帝","110/07/12","華南永昌",1,57,-56
"6681","2929淘帝","110/07/12","新百王",30,0,30
"6682","2929淘帝","110/07/12","元大-南崁",4,59,-55
"6683","2929淘帝","110/07/12","群益金鼎-大興",30,0,30
"6684","2929淘帝","110/07/12","元大-嘉義",0,51,-51
"6685","2929淘帝","110/07/12","凱基-台北",32,5,27
"6686","2929淘帝","110/07/12","日茂",1,50,-49
"6687","2929淘帝","110/07/12","元富-城東",26,0,26
"6688","2929淘帝","110/07/12","新光",35,83,-48
"6689","2929淘帝","110/07/12","國泰-松江",26,0,26
"6690","2929淘帝","110/07/12","日盛-新竹",1,48,-47
"6691","5410國眾","110/07/12","群益金鼎-中壢",68,0,68
"6692","5410國眾","110/07/12","摩根大通",6,67,-61
"6693","5410國眾","110/07/12","凱基-市政",40,0,40
"6694","5410國眾","110/07/12","元富-嘉義",0,60,-60
"6695","5410國眾","110/07/12","凱基-竹北",38,0,38
"6696","5410國眾","110/07/12","凱基-台北",0,51,-51
"6697","5410國眾","110/07/12","華南永昌-三重",30,0,30
"6698","5410國眾","110/07/12","元富-大裕",0,33,-33
"6699","5410國眾","110/07/12","永興",20,0,20
"6700","5410國眾","110/07/12","日盛-木柵",0,15,-15
"6701","5410國眾","110/07/12","統一-新台中",20,0,20
"6702","5410國眾","110/07/12","群益金鼎-民權",0,15,-15
"6703","5410國眾","110/07/12","兆豐-三重",20,0,20
"6704","5410國眾","110/07/12","元富-緯城",0,14,-14
"6705","5410國眾","110/07/12","富邦-台中",20,0,20
"6706","5410國眾","110/07/12","元大-大同",0,12,-12
"6707","5410國眾","110/07/12","臺銀",15,0,15
"6708","5410國眾","110/07/12","元大-莒光",0,10,-10
"6709","5410國眾","110/07/12","新光-桃園",20,6,14
"6710","5410國眾","110/07/12","元大-博愛",0,10,-10
"6711","5410國眾","110/07/12","元大-員林",12,0,12
"6712","5410國眾","110/07/12","日盛-永康",0,8,-8
"6713","5410國眾","110/07/12","日盛-員林",10,0,10
"6714","5410國眾","110/07/12","元大-四維",5,13,-8
"6715","5410國眾","110/07/12","元大-新盛",10,0,10
"6716","5410國眾","110/07/12","新加坡商瑞銀",0,7,-7
"6717","5410國眾","110/07/12","永豐金-台南",10,0,10
"6718","5410國眾","110/07/12","致和-金華",0,7,-7
"6719","5410國眾","110/07/12","元富-新莊",8,0,8
"6720","5410國眾","110/07/12","新光-新竹",0,7,-7
"6721","2841台開","110/07/12","永豐金-敦南",139,26,113
"6722","2841台開","110/07/12","華南永昌-朴子",0,528,-528
"6723","2841台開","110/07/12","日盛-雙和",68,0,68
"6724","2841台開","110/07/12","元大-苑裡",2,50,-48
"6725","2841台開","110/07/12","台新證券",62,4,58
"6726","2841台開","110/07/12","群益金鼎-東湖",0,40,-40
"6727","2841台開","110/07/12","凱基-文心",50,0,50
"6728","2841台開","110/07/12","第一金-員林",0,30,-30
"6729","2841台開","110/07/12","第一金-台中",45,0,45
"6730","2841台開","110/07/12","德信-中正",0,20,-20
"6731","2841台開","110/07/12","富邦-嘉義",40,0,40
"6732","2841台開","110/07/12","兆豐-嘉義",0,20,-20
"6733","2841台開","110/07/12","日盛-木柵",30,0,30
"6734","2841台開","110/07/12","彰銀-七賢",0,15,-15
"6735","2841台開","110/07/12","中國信託-文心",31,3,28
"6736","2841台開","110/07/12","元大-承德",0,14,-14
"6737","2841台開","110/07/12","元大-福營",30,7,23
"6738","2841台開","110/07/12","元富",0,12,-12
"6739","2841台開","110/07/12","台中銀",20,0,20
"6740","2841台開","110/07/12","富邦-陽明",0,11,-11
"6741","2841台開","110/07/12","國泰-板橋",20,0,20
"6742","2841台開","110/07/12","元大證券",0,11,-11
"6743","2841台開","110/07/12","元大-前金",20,0,20
"6744","2841台開","110/07/12","元大-大甲",0,10,-10
"6745","2841台開","110/07/12","中國信託-高雄",16,1,15
"6746","2841台開","110/07/12","日盛-新竹",0,8,-8
"6747","2841台開","110/07/12","陽信-石牌",15,0,15
"6748","2841台開","110/07/12","元富-城東",0,8,-8
"6749","2841台開","110/07/12","永豐金-南投",15,0,15
"6750","2841台開","110/07/12","玉山-台南",2,10,-8
"6751","6207雷科","110/07/12","元大-高雄",34,0,34
"6752","6207雷科","110/07/12","永豐金-三重",1,32,-31
"6753","6207雷科","110/07/12","華南永昌-林口",16,1,15
"6754","6207雷科","110/07/12","永全-八德",0,30,-30
"6755","6207雷科","110/07/12","摩根大通",19,6,13
"6756","6207雷科","110/07/12","國泰-台中",0,14,-14
"6757","6207雷科","110/07/12","元富-埔里",10,0,10
"6758","6207雷科","110/07/12","第一金-澎湖",0,10,-10
"6759","6207雷科","110/07/12","凱基-台南",10,0,10
"6760","6207雷科","110/07/12","元富-林園",0,10,-10
"6761","6207雷科","110/07/12","新加坡商瑞銀",9,0,9
"6762","6207雷科","110/07/12","元大-東門",0,10,-10
"6763","6207雷科","110/07/12","瑞士信貸",8,0,8
"6764","6207雷科","110/07/12","兆豐-嘉義",0,4,-4
"6765","6207雷科","110/07/12","中國信託-高雄",9,1,8
"6766","6207雷科","110/07/12","新光",0,4,-4
"6767","6207雷科","110/07/12","凱基-高雄",6,0,6
"6768","6207雷科","110/07/12","新光-台中",0,4,-4
"6769","6207雷科","110/07/12","元大-六合",6,0,6
"6770","6207雷科","110/07/12","群益金鼎-開元",0,4,-4
"6771","6207雷科","110/07/12","永豐金-信義",6,0,6
"6772","6207雷科","110/07/12","凱基-桃園",0,4,-4
"6773","6207雷科","110/07/12","群益金鼎-土城",5,0,5
"6774","6207雷科","110/07/12","凱基-民權",0,4,-4
"6775","6207雷科","110/07/12","群益金鼎-竹南",5,0,5
"6776","6207雷科","110/07/12","玉山-新莊",0,3,-3
"6777","6207雷科","110/07/12","元大-大灣",5,1,4
"6778","6207雷科","110/07/12","國泰-松江",0,3,-3
"6779","6207雷科","110/07/12","永興",3,0,3
"6780","6207雷科","110/07/12","富邦-羅東",0,3,-3
"6781","3679新至陞","110/07/12","富邦-新竹華信",40,2,38
"6782","3679新至陞","110/07/12","瑞士信貸",0,45,-45
"6783","3679新至陞","110/07/12","台中銀-員林",28,2,26
"6784","3679新至陞","110/07/12","永豐金-天母",0,39,-39
"6785","3679新至陞","110/07/12","聯邦-大業",24,0,24
"6786","3679新至陞","110/07/12","摩根大通",7,35,-28
"6787","3679新至陞","110/07/12","永豐金證券",20,0,20
"6788","3679新至陞","110/07/12","凱基-台北",8,36,-28
"6789","3679新至陞","110/07/12","港商法國興業",14,0,14
"6790","3679新至陞","110/07/12","華南永昌-小港",1,23,-22
"6791","3679新至陞","110/07/12","日盛-樹林",13,1,12
"6792","3679新至陞","110/07/12","台新-台中",0,15,-15
"6793","3679新至陞","110/07/12","國泰-桃園",9,0,9
"6794","3679新至陞","110/07/12","統一-台中",0,12,-12
"6795","3679新至陞","110/07/12","宏遠-館前",8,0,8
"6796","3679新至陞","110/07/12","元大-成功",1,12,-11
"6797","3679新至陞","110/07/12","凱基",10,2,8
"6798","3679新至陞","110/07/12","康和-澎湖",0,8,-8
"6799","3679新至陞","110/07/12","(牛牛牛)亞-網路",7,0,7
"6800","3679新至陞","110/07/12","新加坡商瑞銀",0,7,-7
"6801","3679新至陞","110/07/12","兆豐-員林",7,0,7
"6802","3679新至陞","110/07/12","兆豐-來福",0,7,-7
"6803","3679新至陞","110/07/12","大慶-蘆洲",5,0,5
"6804","3679新至陞","110/07/12","元大-佳里",0,6,-6
"6805","3679新至陞","110/07/12","土銀-花蓮",4,0,4
"6806","3679新至陞","110/07/12","美商高盛",0,5,-5
"6807","3679新至陞","110/07/12","台新-高雄",5,1,4
"6808","3679新至陞","110/07/12","國票-新莊",0,5,-5
"6809","3679新至陞","110/07/12","元大-天母",4,0,4
"6810","3679新至陞","110/07/12","台新-屏東",0,5,-5
"6811","2727王品","110/07/12","凱基-台北",354,198,156
"6812","2727王品","110/07/12","台灣摩根士丹利",5,386,-381
"6813","2727王品","110/07/12","統一-城中",159,22,137
"6814","2727王品","110/07/12","元大-嘉義",4,60,-56
"6815","2727王品","110/07/12","日盛-忠孝",60,0,60
"6816","2727王品","110/07/12","元大-大同",2,44,-42
"6817","2727王品","110/07/12","永豐金-忠孝",45,5,40
"6818","2727王品","110/07/12","國泰-台中",32,73,-41
"6819","2727王品","110/07/12","合庫-新竹",31,0,31
"6820","2727王品","110/07/12","元大證券",127,163,-36
"6821","2727王品","110/07/12","富邦-台中",31,3,28
"6822","2727王品","110/07/12","凱基",1,33,-32
"6823","2727王品","110/07/12","元大-桃園",35,10,25
"6824","2727王品","110/07/12","永全-南崁",1,31,-30
"6825","2727王品","110/07/12","新加坡商瑞銀",28,4,24
"6826","2727王品","110/07/12","凱基-和平",2,32,-30
"6827","2727王品","110/07/12","群益金鼎-古亭",25,2,23
"6828","2727王品","110/07/12","永豐金-大園",8,38,-30
"6829","2727王品","110/07/12","元大-龍潭",29,7,22
"6830","2727王品","110/07/12","瑞士信貸",0,28,-28
"6831","2727王品","110/07/12","永豐金-永康",25,3,22
"6832","2727王品","110/07/12","元富",17,44,-27
"6833","2727王品","110/07/12","富邦-竹北",24,3,21
"6834","2727王品","110/07/12","元大-北屯",5,32,-27
"6835","2727王品","110/07/12","群益金鼎-松山",20,0,20
"6836","2727王品","110/07/12","華南永昌",3,28,-25
"6837","2727王品","110/07/12","元大-八德",20,0,20
"6838","2727王品","110/07/12","統一-竹南",1,23,-22
"6839","2727王品","110/07/12","元大-南京",25,6,19
"6840","2727王品","110/07/12","永豐金證券",4,26,-22
"6841","1570力肯","110/07/12","國票-北高雄",40,0,40
"6842","1570力肯","110/07/12","日盛-竹北",0,40,-40
"6843","1570力肯","110/07/12","摩根大通",16,0,16
"6844","1570力肯","110/07/12","第一金-華江",1,38,-37
"6845","1570力肯","110/07/12","新光",31,19,12
"6846","1570力肯","110/07/12","元大-永春",0,26,-26
"6847","1570力肯","110/07/12","元大-台中中港",12,0,12
"6848","1570力肯","110/07/12","元大-古亭",1,20,-19
"6849","1570力肯","110/07/12","日盛-高雄",10,0,10
"6850","1570力肯","110/07/12","國泰-松江",0,16,-16
"6851","1570力肯","110/07/12","第一金-路竹",10,0,10
"6852","1570力肯","110/07/12","台新-台南",0,15,-15
"6853","1570力肯","110/07/12","台新-新莊",10,0,10
"6854","1570力肯","110/07/12","康和-石牌",0,15,-15
"6855","1570力肯","110/07/12","元大-新盛",9,0,9
"6856","1570力肯","110/07/12","國泰-板橋",0,11,-11
"6857","1570力肯","110/07/12","凱基-台北",8,0,8
"6858","1570力肯","110/07/12","元大-高雄",0,11,-11
"6859","1570力肯","110/07/12","彰銀-七賢",6,0,6
"6860","1570力肯","110/07/12","兆豐-桃園",0,10,-10
"6861","1570力肯","110/07/12","元富-緯城",6,0,6
"6862","1570力肯","110/07/12","元大-大益",0,10,-10
"6863","1570力肯","110/07/12","華南永昌-古亭",6,0,6
"6864","1570力肯","110/07/12","中國信託-文心",0,5,-5
"6865","1570力肯","110/07/12","富邦-陽明",6,0,6
"6866","1570力肯","110/07/12","光和",0,5,-5
"6867","1570力肯","110/07/12","臺銀-臺南",5,0,5
"6868","1570力肯","110/07/12","陽信-石牌",0,5,-5
"6869","1570力肯","110/07/12","宏遠-館前",5,0,5
"6870","1570力肯","110/07/12","國泰-高雄",0,5,-5
"6871","6180橘子","110/07/12","康和-台中",32,2,30
"6872","6180橘子","110/07/12","新百王",1,40,-39
"6873","6180橘子","110/07/12","美林",32,3,29
"6874","6180橘子","110/07/12","富邦-陽明",4,42,-38
"6875","6180橘子","110/07/12","元大-羅東",21,0,21
"6876","6180橘子","110/07/12","新光",3,32,-29
"6877","6180橘子","110/07/12","兆豐-埔墘",16,0,16
"6878","6180橘子","110/07/12","日盛-文化",4,20,-16
"6879","6180橘子","110/07/12","元大-雙和",12,0,12
"6880","6180橘子","110/07/12","華南永昌-鶯歌",0,15,-15
"6881","6180橘子","110/07/12","美商高盛",18,7,11
"6882","6180橘子","110/07/12","中國信託-忠孝",7,20,-13
"6883","6180橘子","110/07/12","台新證券",14,3,11
"6884","6180橘子","110/07/12","凱基-台北",5,17,-12
"6885","6180橘子","110/07/12","元大-中壢",12,1,11
"6886","6180橘子","110/07/12","凱基-高雄",0,11,-11
"6887","6180橘子","110/07/12","統一-南京",10,0,10
"6888","6180橘子","110/07/12","凱基-大安",0,10,-10
"6889","6180橘子","110/07/12","致和-崇德",10,0,10
"6890","6180橘子","110/07/12","元大-北屯",0,10,-10
"6891","6180橘子","110/07/12","玉山-板橋",10,0,10
"6892","6180橘子","110/07/12","元大-南京",0,9,-9
"6893","6180橘子","110/07/12","富邦-仁愛",10,0,10
"6894","6180橘子","110/07/12","元大-台南",1,10,-9
"6895","6180橘子","110/07/12","摩根大通",10,1,9
"6896","6180橘子","110/07/12","康和-澎湖",0,8,-8
"6897","6180橘子","110/07/12","元富-林園",8,0,8
"6898","6180橘子","110/07/12","第一金-台中",0,7,-7
"6899","6180橘子","110/07/12","大慶-富順",7,0,7
"6900","6180橘子","110/07/12","台新-台南",1,8,-7
"6901","2390云辰","110/07/12","統一-新台中",170,0,170
"6902","2390云辰","110/07/12","元大-天母",2,450,-448
"6903","2390云辰","110/07/12","華南永昌-麻豆",137,2,135
"6904","2390云辰","110/07/12","國泰-忠孝",1,143,-142
"6905","2390云辰","110/07/12","元富-成功",103,14,89
"6906","2390云辰","110/07/12","摩根大通",377,512,-135
"6907","2390云辰","110/07/12","元大-土城學府",146,69,77
"6908","2390云辰","110/07/12","台灣摩根士丹利",0,91,-91
"6909","2390云辰","110/07/12","永豐金-永康",76,4,72
"6910","2390云辰","110/07/12","美林",84,146,-62
"6911","2390云辰","110/07/12","台中銀",73,2,71
"6912","2390云辰","110/07/12","華南永昌-嘉義",2,61,-59
"6913","2390云辰","110/07/12","大昌",63,3,60
"6914","2390云辰","110/07/12","永豐金-羅東",0,49,-49
"6915","2390云辰","110/07/12","合庫-三重",50,0,50
"6916","2390云辰","110/07/12","玉山-台中",6,53,-47
"6917","2390云辰","110/07/12","元富-高雄",93,50,43
"6918","2390云辰","110/07/12","玉山-新莊",2,48,-46
"6919","2390云辰","110/07/12","元大-館前",40,4,36
"6920","2390云辰","110/07/12","元大-大里",7,52,-45
"6921","2390云辰","110/07/12","港商野村",143,109,34
"6922","2390云辰","110/07/12","元大-內湖",3,48,-45
"6923","2390云辰","110/07/12","元大-雙和",34,0,34
"6924","2390云辰","110/07/12","永豐金-市政",1,42,-41
"6925","2390云辰","110/07/12","群益金鼎-民權",33,2,31
"6926","2390云辰","110/07/12","元大-學甲",1,41,-40
"6927","2390云辰","110/07/12","日盛-八德",40,10,30
"6928","2390云辰","110/07/12","兆豐-高雄",2,41,-39
"6929","2390云辰","110/07/12","國票-嘉義",30,0,30
"6930","2390云辰","110/07/12","新加坡商瑞銀",21,59,-38
"6931","4903聯光通","110/07/09","元大-敦南",10,0,10
"6932","4903聯光通","110/07/09","第一金-台中",0,12,-12
"6933","4903聯光通","110/07/09","凱基-士林",5,0,5
"6934","4903聯光通","110/07/09","日盛-忠孝",0,3,-3
"6935","4903聯光通","110/07/09","元大-苗栗",5,0,5
"6936","4903聯光通","110/07/09","群益金鼎-崇德",0,3,-3
"6937","4903聯光通","110/07/09","元大-屏南",3,0,3
"6938","4903聯光通","110/07/09","國票-內壢",0,2,-2
"6939","4903聯光通","110/07/09","中國信託-永康",1,0,1
"6940","4903聯光通","110/07/09","康和-南崁",0,2,-2
"6941","4903聯光通","110/07/09","玉山證券",1,0,1
"6942","4903聯光通","110/07/09","新光-台中",0,2,-2
"6943","4903聯光通","110/07/09","元大-太平",4,3,1
"6944","4903聯光通","110/07/09","玉山-城中",0,2,-2
"6945","4903聯光通","110/07/09","永豐金-嘉義",1,0,1
"6946","4903聯光通","110/07/09","中國信託-文心",0,1,-1
"6947","4903聯光通","110/07/09","大昌",0,0,0
"6948","4903聯光通","110/07/09","大昌",0,0,0
"6949","4903聯光通","110/07/09","中農",0,0,0
"6950","4903聯光通","110/07/09","中農",0,0,0
"6951","4903聯光通","110/07/09","",NA,NA,NA
"6952","4903聯光通","110/07/09","",NA,NA,NA
"6953","4903聯光通","110/07/09","",NA,NA,NA
"6954","4903聯光通","110/07/09","",NA,NA,NA
"6955","4903聯光通","110/07/09","",NA,NA,NA
"6956","4903聯光通","110/07/09","",NA,NA,NA
"6957","4903聯光通","110/07/09","",NA,NA,NA
"6958","4903聯光通","110/07/09","",NA,NA,NA
"6959","4903聯光通","110/07/09","",NA,NA,NA
"6960","4903聯光通","110/07/09","",NA,NA,NA
"6961","2929淘帝","110/07/09","台中銀-台北",110,0,110
"6962","2929淘帝","110/07/09","新光",2,82,-80
"6963","2929淘帝","110/07/09","華南永昌-頭份",72,0,72
"6964","2929淘帝","110/07/09","摩根大通",2,63,-61
"6965","2929淘帝","110/07/09","合庫-高雄",71,0,71
"6966","2929淘帝","110/07/09","第一金-路竹",0,50,-50
"6967","2929淘帝","110/07/09","高橋-龍潭",37,0,37
"6968","2929淘帝","110/07/09","港商麥格理",0,42,-42
"6969","2929淘帝","110/07/09","新光-台中",60,26,34
"6970","2929淘帝","110/07/09","陽信-石牌",0,40,-40
"6971","2929淘帝","110/07/09","元富-大裕",22,1,21
"6972","2929淘帝","110/07/09","台新-左楠",1,39,-38
"6973","2929淘帝","110/07/09","合庫-鳳山",20,0,20
"6974","2929淘帝","110/07/09","凱基-桃園",3,29,-26
"6975","2929淘帝","110/07/09","元大-員林",22,2,20
"6976","2929淘帝","110/07/09","兆豐-內湖",0,25,-25
"6977","2929淘帝","110/07/09","台新-建北",15,0,15
"6978","2929淘帝","110/07/09","元大-北港",0,20,-20
"6979","2929淘帝","110/07/09","兆豐-桃園",13,0,13
"6980","2929淘帝","110/07/09","富邦-北港",0,19,-19
"6981","2929淘帝","110/07/09","兆豐-忠孝",10,0,10
"6982","2929淘帝","110/07/09","富邦-花蓮",0,17,-17
"6983","2929淘帝","110/07/09","國票-敦北法人",10,0,10
"6984","2929淘帝","110/07/09","國泰-台中",2,17,-15
"6985","2929淘帝","110/07/09","永豐金-博愛",10,0,10
"6986","2929淘帝","110/07/09","群益金鼎-彰化",0,15,-15
"6987","2929淘帝","110/07/09","群益金鼎-潭子",8,0,8
"6988","2929淘帝","110/07/09","元大-博愛",0,14,-14
"6989","2929淘帝","110/07/09","富邦-南屯",8,0,8
"6990","2929淘帝","110/07/09","日盛-板橋",0,13,-13
"6991","5410國眾","110/07/09","元大-新盛",14,0,14
"6992","5410國眾","110/07/09","(牛牛牛)亞-鑫豐",1,41,-40
"6993","5410國眾","110/07/09","台灣企銀-民雄",10,0,10
"6994","5410國眾","110/07/09","元富-嘉義",0,25,-25
"6995","5410國眾","110/07/09","元富-虎尾",9,0,9
"6996","5410國眾","110/07/09","凱基-高美館",0,10,-10
"6997","5410國眾","110/07/09","摩根大通",10,1,9
"6998","5410國眾","110/07/09","凱基-城中",0,10,-10
"6999","5410國眾","110/07/09","兆豐-北高雄",7,0,7
"7000","5410國眾","110/07/09","元大-頭份",0,10,-10
"7001","5410國眾","110/07/09","凱基-台北",8,1,7
"7002","5410國眾","110/07/09","群益金鼎-丹鳳",0,7,-7
"7003","5410國眾","110/07/09","華南永昌-公誠",7,0,7
"7004","5410國眾","110/07/09","凱基-復興",0,7,-7
"7005","5410國眾","110/07/09","香港上海匯豐",6,0,6
"7006","5410國眾","110/07/09","元大-員林",0,7,-7
"7007","5410國眾","110/07/09","凱基-中壢",6,0,6
"7008","5410國眾","110/07/09","富邦-竹東",0,6,-6
"7009","5410國眾","110/07/09","華南永昌-南京",6,0,6
"7010","5410國眾","110/07/09","亞東-高雄",0,5,-5
"7011","5410國眾","110/07/09","統一-三重",5,0,5
"7012","5410國眾","110/07/09","大慶-中壢",1,6,-5
"7013","5410國眾","110/07/09","富邦-宜蘭",5,0,5
"7014","5410國眾","110/07/09","群益金鼎-中港",0,5,-5
"7015","5410國眾","110/07/09","元大-崇德",5,0,5
"7016","5410國眾","110/07/09","元大-八德",0,5,-5
"7017","5410國眾","110/07/09","元大-博愛",5,0,5
"7018","5410國眾","110/07/09","富邦-基隆",0,4,-4
"7019","5410國眾","110/07/09","元大-龍潭",5,0,5
"7020","5410國眾","110/07/09","臺銀-新竹",0,3,-3
"7021","2841台開","110/07/09","日盛-雙和",102,0,102
"7022","2841台開","110/07/09","港商野村",0,129,-129
"7023","2841台開","110/07/09","元大-館前",70,0,70
"7024","2841台開","110/07/09","兆豐-永和",0,100,-100
"7025","2841台開","110/07/09","凱基-文心",50,0,50
"7026","2841台開","110/07/09","台新證券",7,28,-21
"7027","2841台開","110/07/09","富邦-嘉義",40,0,40
"7028","2841台開","110/07/09","國票-北高雄",0,20,-20
"7029","2841台開","110/07/09","美商高盛",15,0,15
"7030","2841台開","110/07/09","永豐金-敦南",29,46,-17
"7031","2841台開","110/07/09","台中銀",15,0,15
"7032","2841台開","110/07/09","合庫-基隆",0,12,-12
"7033","2841台開","110/07/09","新光",11,0,11
"7034","2841台開","110/07/09","中國信託-松江",0,12,-12
"7035","2841台開","110/07/09","華南永昌-長虹",10,0,10
"7036","2841台開","110/07/09","兆豐-城中",0,12,-12
"7037","2841台開","110/07/09","永豐金-南投",10,0,10
"7038","2841台開","110/07/09","台中銀-豐原",0,10,-10
"7039","2841台開","110/07/09","合庫-桃園",7,0,7
"7040","2841台開","110/07/09","兆豐-景美",0,10,-10
"7041","2841台開","110/07/09","群益金鼎-古亭",7,0,7
"7042","2841台開","110/07/09","群益金鼎-基隆",0,10,-10
"7043","2841台開","110/07/09","國泰-敦南",6,0,6
"7044","2841台開","110/07/09","元大-北三重",0,10,-10
"7045","2841台開","110/07/09","凱基-桃園",8,2,6
"7046","2841台開","110/07/09","(牛牛牛)亞-網路",0,9,-9
"7047","2841台開","110/07/09","日盛證券",5,0,5
"7048","2841台開","110/07/09","台新-高雄",1,10,-9
"7049","2841台開","110/07/09","元富-文心",5,0,5
"7050","2841台開","110/07/09","凱基-台北",0,7,-7
"7051","6207雷科","110/07/09","群益金鼎-新竹",47,0,47
"7052","6207雷科","110/07/09","新光",7,24,-17
"7053","6207雷科","110/07/09","永豐金-三重",31,0,31
"7054","6207雷科","110/07/09","日盛-和美",0,15,-15
"7055","6207雷科","110/07/09","新加坡商瑞銀",33,5,28
"7056","6207雷科","110/07/09","國泰-台南",0,15,-15
"7057","6207雷科","110/07/09","元大-高雄",26,0,26
"7058","6207雷科","110/07/09","華南永昌-古亭",0,14,-14
"7059","6207雷科","110/07/09","統一-員林",22,0,22
"7060","6207雷科","110/07/09","土銀-白河",0,11,-11
"7061","6207雷科","110/07/09","台新-高雄",22,0,22
"7062","6207雷科","110/07/09","日盛-台南",0,10,-10
"7063","6207雷科","110/07/09","摩根大通",34,17,17
"7064","6207雷科","110/07/09","元富-林園",0,10,-10
"7065","6207雷科","110/07/09","元大-博愛",17,1,16
"7066","6207雷科","110/07/09","富邦-園區",0,10,-10
"7067","6207雷科","110/07/09","日茂-埔里",12,0,12
"7068","6207雷科","110/07/09","元大-上新莊",0,10,-10
"7069","6207雷科","110/07/09","國泰-台中",17,6,11
"7070","6207雷科","110/07/09","永豐金-南京",0,10,-10
"7071","6207雷科","110/07/09","富邦-三重",10,0,10
"7072","6207雷科","110/07/09","兆豐-小港",0,6,-6
"7073","6207雷科","110/07/09","元大-沙鹿",10,0,10
"7074","6207雷科","110/07/09","富邦-羅東",1,7,-6
"7075","6207雷科","110/07/09","元大-八德",10,0,10
"7076","6207雷科","110/07/09","元大-土城永寧",0,6,-6
"7077","6207雷科","110/07/09","第一金-路竹",11,2,9
"7078","6207雷科","110/07/09","永豐金-板盛",0,6,-6
"7079","6207雷科","110/07/09","統一-南京",5,0,5
"7080","6207雷科","110/07/09","日盛-板橋",0,5,-5
"7081","3679新至陞","110/07/09","元大-大天母",10,0,10
"7082","3679新至陞","110/07/09","第一金-光復",0,11,-11
"7083","3679新至陞","110/07/09","日盛-樹林",9,0,9
"7084","3679新至陞","110/07/09","瑞士信貸",0,8,-8
"7085","3679新至陞","110/07/09","凱基-台北",11,2,9
"7086","3679新至陞","110/07/09","大慶-苗栗",0,5,-5
"7087","3679新至陞","110/07/09","華南永昌-小港",8,0,8
"7088","3679新至陞","110/07/09","元大-永春",0,5,-5
"7089","3679新至陞","110/07/09","兆豐-來福",7,0,7
"7090","3679新至陞","110/07/09","日盛-和美",0,4,-4
"7091","3679新至陞","110/07/09","香港上海匯豐",5,0,5
"7092","3679新至陞","110/07/09","元大-雙和",0,3,-3
"7093","3679新至陞","110/07/09","台中銀-員林",3,0,3
"7094","3679新至陞","110/07/09","永豐金-屏東",0,3,-3
"7095","3679新至陞","110/07/09","新光",3,0,3
"7096","3679新至陞","110/07/09","彰銀",0,2,-2
"7097","3679新至陞","110/07/09","土銀-花蓮",2,0,2
"7098","3679新至陞","110/07/09","宏遠-館前",0,2,-2
"7099","3679新至陞","110/07/09","第一金-澎湖",2,0,2
"7100","3679新至陞","110/07/09","港商野村",0,2,-2
"7101","3679新至陞","110/07/09","摩根大通",2,0,2
"7102","3679新至陞","110/07/09","大昌-新店",0,2,-2
"7103","3679新至陞","110/07/09","國泰-敦南",2,0,2
"7104","3679新至陞","110/07/09","元大-新莊",0,2,-2
"7105","3679新至陞","110/07/09","元大-淡水",4,2,2
"7106","3679新至陞","110/07/09","元大-板橋",0,2,-2
"7107","3679新至陞","110/07/09","日盛-士林",1,0,1
"7108","3679新至陞","110/07/09","台灣摩根士丹利",0,1,-1
"7109","3679新至陞","110/07/09","日盛-信義",1,0,1
"7110","3679新至陞","110/07/09","第一金-高雄",0,1,-1
"7111","2727王品","110/07/09","台灣匯立證券",90,0,90
"7112","2727王品","110/07/09","台灣摩根士丹利",0,267,-267
"7113","2727王品","110/07/09","國泰-敦南",166,84,82
"7114","2727王品","110/07/09","富邦-台北",35,299,-264
"7115","2727王品","110/07/09","富邦-仁愛",56,12,44
"7116","2727王品","110/07/09","凱基-台北",174,296,-122
"7117","2727王品","110/07/09","台新證券",109,66,43
"7118","2727王品","110/07/09","第一金",2,102,-100
"7119","2727王品","110/07/09","新光",117,87,30
"7120","2727王品","110/07/09","群益金鼎-大安",0,80,-80
"7121","2727王品","110/07/09","臺銀-臺中",35,6,29
"7122","2727王品","110/07/09","兆豐-大安",7,60,-53
"7123","2727王品","110/07/09","元大-桃園",32,3,29
"7124","2727王品","110/07/09","永豐金-南投",0,50,-50
"7125","2727王品","110/07/09","元富-宜蘭",34,6,28
"7126","2727王品","110/07/09","新加坡商瑞銀",6,46,-40
"7127","2727王品","110/07/09","玉山-台中",34,8,26
"7128","2727王品","110/07/09","合庫-彰化",11,50,-39
"7129","2727王品","110/07/09","群益金鼎-宜蘭",30,4,26
"7130","2727王品","110/07/09","永豐金-萬盛",13,52,-39
"7131","2727王品","110/07/09","富邦-台中",42,16,26
"7132","2727王品","110/07/09","瑞士信貸",0,34,-34
"7133","2727王品","110/07/09","第一金-豐原",25,1,24
"7134","2727王品","110/07/09","元大-和平",4,35,-31
"7135","2727王品","110/07/09","臺銀",30,8,22
"7136","2727王品","110/07/09","美林",14,44,-30
"7137","2727王品","110/07/09","兆豐-來福",23,1,22
"7138","2727王品","110/07/09","元大-員林",9,38,-29
"7139","2727王品","110/07/09","玉山-士林",22,2,20
"7140","2727王品","110/07/09","元富-西松",4,31,-27
"7141","1570力肯","110/07/09","凱基-台北",30,1,29
"7142","1570力肯","110/07/09","群益金鼎-彰化",0,20,-20
"7143","1570力肯","110/07/09","新光-台南",20,0,20
"7144","1570力肯","110/07/09","元大-土城學府",0,20,-20
"7145","1570力肯","110/07/09","元大-高雄",20,0,20
"7146","1570力肯","110/07/09","元大-大統",0,16,-16
"7147","1570力肯","110/07/09","國票-中正",12,0,12
"7148","1570力肯","110/07/09","元大-新營",0,11,-11
"7149","1570力肯","110/07/09","日盛-高雄",6,0,6
"7150","1570力肯","110/07/09","元大-和平",0,10,-10
"7151","1570力肯","110/07/09","元富-緯城",6,0,6
"7152","1570力肯","110/07/09","元大-草屯",0,10,-10
"7153","1570力肯","110/07/09","群益金鼎-台南",6,0,6
"7154","1570力肯","110/07/09","元大-鹿港",0,9,-9
"7155","1570力肯","110/07/09","華南永昌-岡山",6,0,6
"7156","1570力肯","110/07/09","合庫-基隆",0,7,-7
"7157","1570力肯","110/07/09","統一-中壢",5,0,5
"7158","1570力肯","110/07/09","摩根大通",2,8,-6
"7159","1570力肯","110/07/09","凱基-三峽",5,0,5
"7160","1570力肯","110/07/09","台灣企銀-豐原",0,4,-4
"7161","1570力肯","110/07/09","大昌-樹林",4,0,4
"7162","1570力肯","110/07/09","日盛-桃園",0,4,-4
"7163","1570力肯","110/07/09","新光",3,0,3
"7164","1570力肯","110/07/09","國泰-高雄",0,3,-3
"7165","1570力肯","110/07/09","富邦-新竹華信",3,0,3
"7166","1570力肯","110/07/09","永豐金-敦南",0,3,-3
"7167","1570力肯","110/07/09","合庫-台中",2,0,2
"7168","1570力肯","110/07/09","土銀-彰化",0,2,-2
"7169","1570力肯","110/07/09","臺銀-臺中",2,0,2
"7170","1570力肯","110/07/09","臺銀-鳳山",0,2,-2
"7171","6180橘子","110/07/09","摩根大通",63,1,62
"7172","6180橘子","110/07/09","元大-南京",1,32,-31
"7173","6180橘子","110/07/09","富邦-陽明",73,33,40
"7174","6180橘子","110/07/09","群益金鼎-台北",0,25,-25
"7175","6180橘子","110/07/09","新加坡商瑞銀",31,0,31
"7176","6180橘子","110/07/09","兆豐-復興",0,21,-21
"7177","6180橘子","110/07/09","美商高盛",25,0,25
"7178","6180橘子","110/07/09","永豐金-嘉義",0,21,-21
"7179","6180橘子","110/07/09","凱基-台北",26,10,16
"7180","6180橘子","110/07/09","凱基-中壢",8,24,-16
"7181","6180橘子","110/07/09","華南永昌-楠梓",13,0,13
"7182","6180橘子","110/07/09","致和-崇德",0,15,-15
"7183","6180橘子","110/07/09","華南永昌-朴子",11,0,11
"7184","6180橘子","110/07/09","群益金鼎-屏東",0,15,-15
"7185","6180橘子","110/07/09","元大-北港",11,0,11
"7186","6180橘子","110/07/09","群益金鼎-中山",0,15,-15
"7187","6180橘子","110/07/09","元大-成功",10,1,9
"7188","6180橘子","110/07/09","瑞士信貸",1,15,-14
"7189","6180橘子","110/07/09","新光",26,18,8
"7190","6180橘子","110/07/09","日盛-二林",0,10,-10
"7191","6180橘子","110/07/09","統一-三重",6,0,6
"7192","6180橘子","110/07/09","凱基-東門",0,10,-10
"7193","6180橘子","110/07/09","群益金鼎-嘉義",6,0,6
"7194","6180橘子","110/07/09","華南永昌-三重",0,10,-10
"7195","6180橘子","110/07/09","元大-員林中山",6,0,6
"7196","6180橘子","110/07/09","元大-彰化民生",1,11,-10
"7197","6180橘子","110/07/09","合庫-鳳山",5,0,5
"7198","6180橘子","110/07/09","永豐金-新店",1,11,-10
"7199","6180橘子","110/07/09","富邦-建國",6,1,5
"7200","6180橘子","110/07/09","群益金鼎-丹鳳",0,8,-8
"7201","2390云辰","110/07/09","摩根大通",279,56,223
"7202","2390云辰","110/07/09","元大-天母",0,127,-127
"7203","2390云辰","110/07/09","日盛-鳳山",110,2,108
"7204","2390云辰","110/07/09","中國信託-文心",5,109,-104
"7205","2390云辰","110/07/09","宏遠證券",100,0,100
"7206","2390云辰","110/07/09","永豐金-復興",0,55,-55
"7207","2390云辰","110/07/09","元大-大里",63,6,57
"7208","2390云辰","110/07/09","凱基-台北",239,286,-47
"7209","2390云辰","110/07/09","凱基-八德",59,10,49
"7210","2390云辰","110/07/09","德信",2,32,-30
"7211","2390云辰","110/07/09","合庫-新竹",40,0,40
"7212","2390云辰","110/07/09","兆豐-桃鶯",2,32,-30
"7213","2390云辰","110/07/09","國票",40,1,39
"7214","2390云辰","110/07/09","致和-南京",0,30,-30
"7215","2390云辰","110/07/09","新加坡商瑞銀",49,13,36
"7216","2390云辰","110/07/09","富邦-虎尾",1,31,-30
"7217","2390云辰","110/07/09","統一-新台中",36,2,34
"7218","2390云辰","110/07/09","元大-善化",2,31,-29
"7219","2390云辰","110/07/09","國票-嘉義",31,0,31
"7220","2390云辰","110/07/09","富邦-板橋",0,27,-27
"7221","2390云辰","110/07/09","華南永昌",35,7,28
"7222","2390云辰","110/07/09","富邦-永和",3,28,-25
"7223","2390云辰","110/07/09","玉山-台中",49,22,27
"7224","2390云辰","110/07/09","第一金-自由",20,44,-24
"7225","2390云辰","110/07/09","華南永昌-敦南",25,0,25
"7226","2390云辰","110/07/09","凱基-內湖",0,24,-24
"7227","2390云辰","110/07/09","新光-高雄",27,4,23
"7228","2390云辰","110/07/09","元大-汐止",1,24,-23
"7229","2390云辰","110/07/09","台灣摩根士丹利",85,63,22
"7230","2390云辰","110/07/09","新光-台中",12,33,-21
"7231","4903聯光通","110/07/09","元大-敦南",10,0,10
"7232","4903聯光通","110/07/09","第一金-台中",0,12,-12
"7233","4903聯光通","110/07/09","凱基-士林",5,0,5
"7234","4903聯光通","110/07/09","日盛-忠孝",0,3,-3
"7235","4903聯光通","110/07/09","元大-苗栗",5,0,5
"7236","4903聯光通","110/07/09","群益金鼎-崇德",0,3,-3
"7237","4903聯光通","110/07/09","元大-屏南",3,0,3
"7238","4903聯光通","110/07/09","國票-內壢",0,2,-2
"7239","4903聯光通","110/07/09","中國信託-永康",1,0,1
"7240","4903聯光通","110/07/09","康和-南崁",0,2,-2
"7241","4903聯光通","110/07/09","玉山證券",1,0,1
"7242","4903聯光通","110/07/09","新光-台中",0,2,-2
"7243","4903聯光通","110/07/09","元大-太平",4,3,1
"7244","4903聯光通","110/07/09","玉山-城中",0,2,-2
"7245","4903聯光通","110/07/09","永豐金-嘉義",1,0,1
"7246","4903聯光通","110/07/09","中國信託-文心",0,1,-1
"7247","4903聯光通","110/07/09","大昌",0,0,0
"7248","4903聯光通","110/07/09","大昌",0,0,0
"7249","4903聯光通","110/07/09","中農",0,0,0
"7250","4903聯光通","110/07/09","中農",0,0,0
"7251","4903聯光通","110/07/09","",NA,NA,NA
"7252","4903聯光通","110/07/09","",NA,NA,NA
"7253","4903聯光通","110/07/09","",NA,NA,NA
"7254","4903聯光通","110/07/09","",NA,NA,NA
"7255","4903聯光通","110/07/09","",NA,NA,NA
"7256","4903聯光通","110/07/09","",NA,NA,NA
"7257","4903聯光通","110/07/09","",NA,NA,NA
"7258","4903聯光通","110/07/09","",NA,NA,NA
"7259","4903聯光通","110/07/09","",NA,NA,NA
"7260","4903聯光通","110/07/09","",NA,NA,NA
"7261","2929淘帝","110/07/09","台中銀-台北",110,0,110
"7262","2929淘帝","110/07/09","新光",2,82,-80
"7263","2929淘帝","110/07/09","華南永昌-頭份",72,0,72
"7264","2929淘帝","110/07/09","摩根大通",2,63,-61
"7265","2929淘帝","110/07/09","合庫-高雄",71,0,71
"7266","2929淘帝","110/07/09","第一金-路竹",0,50,-50
"7267","2929淘帝","110/07/09","高橋-龍潭",37,0,37
"7268","2929淘帝","110/07/09","港商麥格理",0,42,-42
"7269","2929淘帝","110/07/09","新光-台中",60,26,34
"7270","2929淘帝","110/07/09","陽信-石牌",0,40,-40
"7271","2929淘帝","110/07/09","元富-大裕",22,1,21
"7272","2929淘帝","110/07/09","台新-左楠",1,39,-38
"7273","2929淘帝","110/07/09","合庫-鳳山",20,0,20
"7274","2929淘帝","110/07/09","凱基-桃園",3,29,-26
"7275","2929淘帝","110/07/09","元大-員林",22,2,20
"7276","2929淘帝","110/07/09","兆豐-內湖",0,25,-25
"7277","2929淘帝","110/07/09","台新-建北",15,0,15
"7278","2929淘帝","110/07/09","元大-北港",0,20,-20
"7279","2929淘帝","110/07/09","兆豐-桃園",13,0,13
"7280","2929淘帝","110/07/09","富邦-北港",0,19,-19
"7281","2929淘帝","110/07/09","兆豐-忠孝",10,0,10
"7282","2929淘帝","110/07/09","富邦-花蓮",0,17,-17
"7283","2929淘帝","110/07/09","國票-敦北法人",10,0,10
"7284","2929淘帝","110/07/09","國泰-台中",2,17,-15
"7285","2929淘帝","110/07/09","永豐金-博愛",10,0,10
"7286","2929淘帝","110/07/09","群益金鼎-彰化",0,15,-15
"7287","2929淘帝","110/07/09","群益金鼎-潭子",8,0,8
"7288","2929淘帝","110/07/09","元大-博愛",0,14,-14
"7289","2929淘帝","110/07/09","富邦-南屯",8,0,8
"7290","2929淘帝","110/07/09","日盛-板橋",0,13,-13
"7291","5410國眾","110/07/09","元大-新盛",14,0,14
"7292","5410國眾","110/07/09","(牛牛牛)亞-鑫豐",1,41,-40
"7293","5410國眾","110/07/09","台灣企銀-民雄",10,0,10
"7294","5410國眾","110/07/09","元富-嘉義",0,25,-25
"7295","5410國眾","110/07/09","元富-虎尾",9,0,9
"7296","5410國眾","110/07/09","凱基-高美館",0,10,-10
"7297","5410國眾","110/07/09","摩根大通",10,1,9
"7298","5410國眾","110/07/09","凱基-城中",0,10,-10
"7299","5410國眾","110/07/09","兆豐-北高雄",7,0,7
"7300","5410國眾","110/07/09","元大-頭份",0,10,-10
"7301","5410國眾","110/07/09","凱基-台北",8,1,7
"7302","5410國眾","110/07/09","群益金鼎-丹鳳",0,7,-7
"7303","5410國眾","110/07/09","華南永昌-公誠",7,0,7
"7304","5410國眾","110/07/09","凱基-復興",0,7,-7
"7305","5410國眾","110/07/09","香港上海匯豐",6,0,6
"7306","5410國眾","110/07/09","元大-員林",0,7,-7
"7307","5410國眾","110/07/09","凱基-中壢",6,0,6
"7308","5410國眾","110/07/09","富邦-竹東",0,6,-6
"7309","5410國眾","110/07/09","華南永昌-南京",6,0,6
"7310","5410國眾","110/07/09","亞東-高雄",0,5,-5
"7311","5410國眾","110/07/09","統一-三重",5,0,5
"7312","5410國眾","110/07/09","大慶-中壢",1,6,-5
"7313","5410國眾","110/07/09","富邦-宜蘭",5,0,5
"7314","5410國眾","110/07/09","群益金鼎-中港",0,5,-5
"7315","5410國眾","110/07/09","元大-崇德",5,0,5
"7316","5410國眾","110/07/09","元大-八德",0,5,-5
"7317","5410國眾","110/07/09","元大-博愛",5,0,5
"7318","5410國眾","110/07/09","富邦-基隆",0,4,-4
"7319","5410國眾","110/07/09","元大-龍潭",5,0,5
"7320","5410國眾","110/07/09","臺銀-新竹",0,3,-3
"7321","2841台開","110/07/09","日盛-雙和",102,0,102
"7322","2841台開","110/07/09","港商野村",0,129,-129
"7323","2841台開","110/07/09","元大-館前",70,0,70
"7324","2841台開","110/07/09","兆豐-永和",0,100,-100
"7325","2841台開","110/07/09","凱基-文心",50,0,50
"7326","2841台開","110/07/09","台新證券",7,28,-21
"7327","2841台開","110/07/09","富邦-嘉義",40,0,40
"7328","2841台開","110/07/09","國票-北高雄",0,20,-20
"7329","2841台開","110/07/09","美商高盛",15,0,15
"7330","2841台開","110/07/09","永豐金-敦南",29,46,-17
"7331","2841台開","110/07/09","台中銀",15,0,15
"7332","2841台開","110/07/09","合庫-基隆",0,12,-12
"7333","2841台開","110/07/09","新光",11,0,11
"7334","2841台開","110/07/09","中國信託-松江",0,12,-12
"7335","2841台開","110/07/09","華南永昌-長虹",10,0,10
"7336","2841台開","110/07/09","兆豐-城中",0,12,-12
"7337","2841台開","110/07/09","永豐金-南投",10,0,10
"7338","2841台開","110/07/09","台中銀-豐原",0,10,-10
"7339","2841台開","110/07/09","合庫-桃園",7,0,7
"7340","2841台開","110/07/09","兆豐-景美",0,10,-10
"7341","2841台開","110/07/09","群益金鼎-古亭",7,0,7
"7342","2841台開","110/07/09","群益金鼎-基隆",0,10,-10
"7343","2841台開","110/07/09","國泰-敦南",6,0,6
"7344","2841台開","110/07/09","元大-北三重",0,10,-10
"7345","2841台開","110/07/09","凱基-桃園",8,2,6
"7346","2841台開","110/07/09","(牛牛牛)亞-網路",0,9,-9
"7347","2841台開","110/07/09","日盛證券",5,0,5
"7348","2841台開","110/07/09","台新-高雄",1,10,-9
"7349","2841台開","110/07/09","元富-文心",5,0,5
"7350","2841台開","110/07/09","凱基-台北",0,7,-7
"7351","6207雷科","110/07/09","群益金鼎-新竹",47,0,47
"7352","6207雷科","110/07/09","新光",7,24,-17
"7353","6207雷科","110/07/09","永豐金-三重",31,0,31
"7354","6207雷科","110/07/09","日盛-和美",0,15,-15
"7355","6207雷科","110/07/09","新加坡商瑞銀",33,5,28
"7356","6207雷科","110/07/09","國泰-台南",0,15,-15
"7357","6207雷科","110/07/09","元大-高雄",26,0,26
"7358","6207雷科","110/07/09","華南永昌-古亭",0,14,-14
"7359","6207雷科","110/07/09","統一-員林",22,0,22
"7360","6207雷科","110/07/09","土銀-白河",0,11,-11
"7361","6207雷科","110/07/09","台新-高雄",22,0,22
"7362","6207雷科","110/07/09","日盛-台南",0,10,-10
"7363","6207雷科","110/07/09","摩根大通",34,17,17
"7364","6207雷科","110/07/09","元富-林園",0,10,-10
"7365","6207雷科","110/07/09","元大-博愛",17,1,16
"7366","6207雷科","110/07/09","富邦-園區",0,10,-10
"7367","6207雷科","110/07/09","日茂-埔里",12,0,12
"7368","6207雷科","110/07/09","元大-上新莊",0,10,-10
"7369","6207雷科","110/07/09","國泰-台中",17,6,11
"7370","6207雷科","110/07/09","永豐金-南京",0,10,-10
"7371","6207雷科","110/07/09","富邦-三重",10,0,10
"7372","6207雷科","110/07/09","兆豐-小港",0,6,-6
"7373","6207雷科","110/07/09","元大-沙鹿",10,0,10
"7374","6207雷科","110/07/09","富邦-羅東",1,7,-6
"7375","6207雷科","110/07/09","元大-八德",10,0,10
"7376","6207雷科","110/07/09","元大-土城永寧",0,6,-6
"7377","6207雷科","110/07/09","第一金-路竹",11,2,9
"7378","6207雷科","110/07/09","永豐金-板盛",0,6,-6
"7379","6207雷科","110/07/09","統一-南京",5,0,5
"7380","6207雷科","110/07/09","日盛-板橋",0,5,-5
"7381","3679新至陞","110/07/09","元大-大天母",10,0,10
"7382","3679新至陞","110/07/09","第一金-光復",0,11,-11
"7383","3679新至陞","110/07/09","日盛-樹林",9,0,9
"7384","3679新至陞","110/07/09","瑞士信貸",0,8,-8
"7385","3679新至陞","110/07/09","凱基-台北",11,2,9
"7386","3679新至陞","110/07/09","大慶-苗栗",0,5,-5
"7387","3679新至陞","110/07/09","華南永昌-小港",8,0,8
"7388","3679新至陞","110/07/09","元大-永春",0,5,-5
"7389","3679新至陞","110/07/09","兆豐-來福",7,0,7
"7390","3679新至陞","110/07/09","日盛-和美",0,4,-4
"7391","3679新至陞","110/07/09","香港上海匯豐",5,0,5
"7392","3679新至陞","110/07/09","元大-雙和",0,3,-3
"7393","3679新至陞","110/07/09","台中銀-員林",3,0,3
"7394","3679新至陞","110/07/09","永豐金-屏東",0,3,-3
"7395","3679新至陞","110/07/09","新光",3,0,3
"7396","3679新至陞","110/07/09","彰銀",0,2,-2
"7397","3679新至陞","110/07/09","土銀-花蓮",2,0,2
"7398","3679新至陞","110/07/09","宏遠-館前",0,2,-2
"7399","3679新至陞","110/07/09","第一金-澎湖",2,0,2
"7400","3679新至陞","110/07/09","港商野村",0,2,-2
"7401","3679新至陞","110/07/09","摩根大通",2,0,2
"7402","3679新至陞","110/07/09","大昌-新店",0,2,-2
"7403","3679新至陞","110/07/09","國泰-敦南",2,0,2
"7404","3679新至陞","110/07/09","元大-新莊",0,2,-2
"7405","3679新至陞","110/07/09","元大-淡水",4,2,2
"7406","3679新至陞","110/07/09","元大-板橋",0,2,-2
"7407","3679新至陞","110/07/09","日盛-士林",1,0,1
"7408","3679新至陞","110/07/09","台灣摩根士丹利",0,1,-1
"7409","3679新至陞","110/07/09","日盛-信義",1,0,1
"7410","3679新至陞","110/07/09","第一金-高雄",0,1,-1
"7411","2727王品","110/07/09","台灣匯立證券",90,0,90
"7412","2727王品","110/07/09","台灣摩根士丹利",0,267,-267
"7413","2727王品","110/07/09","國泰-敦南",166,84,82
"7414","2727王品","110/07/09","富邦-台北",35,299,-264
"7415","2727王品","110/07/09","富邦-仁愛",56,12,44
"7416","2727王品","110/07/09","凱基-台北",174,296,-122
"7417","2727王品","110/07/09","台新證券",109,66,43
"7418","2727王品","110/07/09","第一金",2,102,-100
"7419","2727王品","110/07/09","新光",117,87,30
"7420","2727王品","110/07/09","群益金鼎-大安",0,80,-80
"7421","2727王品","110/07/09","臺銀-臺中",35,6,29
"7422","2727王品","110/07/09","兆豐-大安",7,60,-53
"7423","2727王品","110/07/09","元大-桃園",32,3,29
"7424","2727王品","110/07/09","永豐金-南投",0,50,-50
"7425","2727王品","110/07/09","元富-宜蘭",34,6,28
"7426","2727王品","110/07/09","新加坡商瑞銀",6,46,-40
"7427","2727王品","110/07/09","玉山-台中",34,8,26
"7428","2727王品","110/07/09","合庫-彰化",11,50,-39
"7429","2727王品","110/07/09","群益金鼎-宜蘭",30,4,26
"7430","2727王品","110/07/09","永豐金-萬盛",13,52,-39
"7431","2727王品","110/07/09","富邦-台中",42,16,26
"7432","2727王品","110/07/09","瑞士信貸",0,34,-34
"7433","2727王品","110/07/09","第一金-豐原",25,1,24
"7434","2727王品","110/07/09","元大-和平",4,35,-31
"7435","2727王品","110/07/09","臺銀",30,8,22
"7436","2727王品","110/07/09","美林",14,44,-30
"7437","2727王品","110/07/09","兆豐-來福",23,1,22
"7438","2727王品","110/07/09","元大-員林",9,38,-29
"7439","2727王品","110/07/09","玉山-士林",22,2,20
"7440","2727王品","110/07/09","元富-西松",4,31,-27
"7441","1570力肯","110/07/09","凱基-台北",30,1,29
"7442","1570力肯","110/07/09","群益金鼎-彰化",0,20,-20
"7443","1570力肯","110/07/09","新光-台南",20,0,20
"7444","1570力肯","110/07/09","元大-土城學府",0,20,-20
"7445","1570力肯","110/07/09","元大-高雄",20,0,20
"7446","1570力肯","110/07/09","元大-大統",0,16,-16
"7447","1570力肯","110/07/09","國票-中正",12,0,12
"7448","1570力肯","110/07/09","元大-新營",0,11,-11
"7449","1570力肯","110/07/09","日盛-高雄",6,0,6
"7450","1570力肯","110/07/09","元大-和平",0,10,-10
"7451","1570力肯","110/07/09","元富-緯城",6,0,6
"7452","1570力肯","110/07/09","元大-草屯",0,10,-10
"7453","1570力肯","110/07/09","群益金鼎-台南",6,0,6
"7454","1570力肯","110/07/09","元大-鹿港",0,9,-9
"7455","1570力肯","110/07/09","華南永昌-岡山",6,0,6
"7456","1570力肯","110/07/09","合庫-基隆",0,7,-7
"7457","1570力肯","110/07/09","統一-中壢",5,0,5
"7458","1570力肯","110/07/09","摩根大通",2,8,-6
"7459","1570力肯","110/07/09","凱基-三峽",5,0,5
"7460","1570力肯","110/07/09","台灣企銀-豐原",0,4,-4
"7461","1570力肯","110/07/09","大昌-樹林",4,0,4
"7462","1570力肯","110/07/09","日盛-桃園",0,4,-4
"7463","1570力肯","110/07/09","新光",3,0,3
"7464","1570力肯","110/07/09","國泰-高雄",0,3,-3
"7465","1570力肯","110/07/09","富邦-新竹華信",3,0,3
"7466","1570力肯","110/07/09","永豐金-敦南",0,3,-3
"7467","1570力肯","110/07/09","合庫-台中",2,0,2
"7468","1570力肯","110/07/09","土銀-彰化",0,2,-2
"7469","1570力肯","110/07/09","臺銀-臺中",2,0,2
"7470","1570力肯","110/07/09","臺銀-鳳山",0,2,-2
"7471","6180橘子","110/07/09","摩根大通",63,1,62
"7472","6180橘子","110/07/09","元大-南京",1,32,-31
"7473","6180橘子","110/07/09","富邦-陽明",73,33,40
"7474","6180橘子","110/07/09","群益金鼎-台北",0,25,-25
"7475","6180橘子","110/07/09","新加坡商瑞銀",31,0,31
"7476","6180橘子","110/07/09","兆豐-復興",0,21,-21
"7477","6180橘子","110/07/09","美商高盛",25,0,25
"7478","6180橘子","110/07/09","永豐金-嘉義",0,21,-21
"7479","6180橘子","110/07/09","凱基-台北",26,10,16
"7480","6180橘子","110/07/09","凱基-中壢",8,24,-16
"7481","6180橘子","110/07/09","華南永昌-楠梓",13,0,13
"7482","6180橘子","110/07/09","致和-崇德",0,15,-15
"7483","6180橘子","110/07/09","華南永昌-朴子",11,0,11
"7484","6180橘子","110/07/09","群益金鼎-屏東",0,15,-15
"7485","6180橘子","110/07/09","元大-北港",11,0,11
"7486","6180橘子","110/07/09","群益金鼎-中山",0,15,-15
"7487","6180橘子","110/07/09","元大-成功",10,1,9
"7488","6180橘子","110/07/09","瑞士信貸",1,15,-14
"7489","6180橘子","110/07/09","新光",26,18,8
"7490","6180橘子","110/07/09","日盛-二林",0,10,-10
"7491","6180橘子","110/07/09","統一-三重",6,0,6
"7492","6180橘子","110/07/09","凱基-東門",0,10,-10
"7493","6180橘子","110/07/09","群益金鼎-嘉義",6,0,6
"7494","6180橘子","110/07/09","華南永昌-三重",0,10,-10
"7495","6180橘子","110/07/09","元大-員林中山",6,0,6
"7496","6180橘子","110/07/09","元大-彰化民生",1,11,-10
"7497","6180橘子","110/07/09","合庫-鳳山",5,0,5
"7498","6180橘子","110/07/09","永豐金-新店",1,11,-10
"7499","6180橘子","110/07/09","富邦-建國",6,1,5
"7500","6180橘子","110/07/09","群益金鼎-丹鳳",0,8,-8
"7501","2390云辰","110/07/09","摩根大通",279,56,223
"7502","2390云辰","110/07/09","元大-天母",0,127,-127
"7503","2390云辰","110/07/09","日盛-鳳山",110,2,108
"7504","2390云辰","110/07/09","中國信託-文心",5,109,-104
"7505","2390云辰","110/07/09","宏遠證券",100,0,100
"7506","2390云辰","110/07/09","永豐金-復興",0,55,-55
"7507","2390云辰","110/07/09","元大-大里",63,6,57
"7508","2390云辰","110/07/09","凱基-台北",239,286,-47
"7509","2390云辰","110/07/09","凱基-八德",59,10,49
"7510","2390云辰","110/07/09","德信",2,32,-30
"7511","2390云辰","110/07/09","合庫-新竹",40,0,40
"7512","2390云辰","110/07/09","兆豐-桃鶯",2,32,-30
"7513","2390云辰","110/07/09","國票",40,1,39
"7514","2390云辰","110/07/09","致和-南京",0,30,-30
"7515","2390云辰","110/07/09","新加坡商瑞銀",49,13,36
"7516","2390云辰","110/07/09","富邦-虎尾",1,31,-30
"7517","2390云辰","110/07/09","統一-新台中",36,2,34
"7518","2390云辰","110/07/09","元大-善化",2,31,-29
"7519","2390云辰","110/07/09","國票-嘉義",31,0,31
"7520","2390云辰","110/07/09","富邦-板橋",0,27,-27
"7521","2390云辰","110/07/09","華南永昌",35,7,28
"7522","2390云辰","110/07/09","富邦-永和",3,28,-25
"7523","2390云辰","110/07/09","玉山-台中",49,22,27
"7524","2390云辰","110/07/09","第一金-自由",20,44,-24
"7525","2390云辰","110/07/09","華南永昌-敦南",25,0,25
"7526","2390云辰","110/07/09","凱基-內湖",0,24,-24
"7527","2390云辰","110/07/09","新光-高雄",27,4,23
"7528","2390云辰","110/07/09","元大-汐止",1,24,-23
"7529","2390云辰","110/07/09","台灣摩根士丹利",85,63,22
"7530","2390云辰","110/07/09","新光-台中",12,33,-21
"7531","4903聯光通","110/07/09","元大-敦南",10,0,10
"7532","4903聯光通","110/07/09","第一金-台中",0,12,-12
"7533","4903聯光通","110/07/09","凱基-士林",5,0,5
"7534","4903聯光通","110/07/09","日盛-忠孝",0,3,-3
"7535","4903聯光通","110/07/09","元大-苗栗",5,0,5
"7536","4903聯光通","110/07/09","群益金鼎-崇德",0,3,-3
"7537","4903聯光通","110/07/09","元大-屏南",3,0,3
"7538","4903聯光通","110/07/09","國票-內壢",0,2,-2
"7539","4903聯光通","110/07/09","中國信託-永康",1,0,1
"7540","4903聯光通","110/07/09","康和-南崁",0,2,-2
"7541","4903聯光通","110/07/09","玉山證券",1,0,1
"7542","4903聯光通","110/07/09","新光-台中",0,2,-2
"7543","4903聯光通","110/07/09","元大-太平",4,3,1
"7544","4903聯光通","110/07/09","玉山-城中",0,2,-2
"7545","4903聯光通","110/07/09","永豐金-嘉義",1,0,1
"7546","4903聯光通","110/07/09","中國信託-文心",0,1,-1
"7547","4903聯光通","110/07/09","大昌",0,0,0
"7548","4903聯光通","110/07/09","大昌",0,0,0
"7549","4903聯光通","110/07/09","中農",0,0,0
"7550","4903聯光通","110/07/09","中農",0,0,0
"7551","4903聯光通","110/07/09","",NA,NA,NA
"7552","4903聯光通","110/07/09","",NA,NA,NA
"7553","4903聯光通","110/07/09","",NA,NA,NA
"7554","4903聯光通","110/07/09","",NA,NA,NA
"7555","4903聯光通","110/07/09","",NA,NA,NA
"7556","4903聯光通","110/07/09","",NA,NA,NA
"7557","4903聯光通","110/07/09","",NA,NA,NA
"7558","4903聯光通","110/07/09","",NA,NA,NA
"7559","4903聯光通","110/07/09","",NA,NA,NA
"7560","4903聯光通","110/07/09","",NA,NA,NA
"7561","2929淘帝","110/07/09","台中銀-台北",110,0,110
"7562","2929淘帝","110/07/09","新光",2,82,-80
"7563","2929淘帝","110/07/09","華南永昌-頭份",72,0,72
"7564","2929淘帝","110/07/09","摩根大通",2,63,-61
"7565","2929淘帝","110/07/09","合庫-高雄",71,0,71
"7566","2929淘帝","110/07/09","第一金-路竹",0,50,-50
"7567","2929淘帝","110/07/09","高橋-龍潭",37,0,37
"7568","2929淘帝","110/07/09","港商麥格理",0,42,-42
"7569","2929淘帝","110/07/09","新光-台中",60,26,34
"7570","2929淘帝","110/07/09","陽信-石牌",0,40,-40
"7571","2929淘帝","110/07/09","元富-大裕",22,1,21
"7572","2929淘帝","110/07/09","台新-左楠",1,39,-38
"7573","2929淘帝","110/07/09","合庫-鳳山",20,0,20
"7574","2929淘帝","110/07/09","凱基-桃園",3,29,-26
"7575","2929淘帝","110/07/09","元大-員林",22,2,20
"7576","2929淘帝","110/07/09","兆豐-內湖",0,25,-25
"7577","2929淘帝","110/07/09","台新-建北",15,0,15
"7578","2929淘帝","110/07/09","元大-北港",0,20,-20
"7579","2929淘帝","110/07/09","兆豐-桃園",13,0,13
"7580","2929淘帝","110/07/09","富邦-北港",0,19,-19
"7581","2929淘帝","110/07/09","兆豐-忠孝",10,0,10
"7582","2929淘帝","110/07/09","富邦-花蓮",0,17,-17
"7583","2929淘帝","110/07/09","國票-敦北法人",10,0,10
"7584","2929淘帝","110/07/09","國泰-台中",2,17,-15
"7585","2929淘帝","110/07/09","永豐金-博愛",10,0,10
"7586","2929淘帝","110/07/09","群益金鼎-彰化",0,15,-15
"7587","2929淘帝","110/07/09","群益金鼎-潭子",8,0,8
"7588","2929淘帝","110/07/09","元大-博愛",0,14,-14
"7589","2929淘帝","110/07/09","富邦-南屯",8,0,8
"7590","2929淘帝","110/07/09","日盛-板橋",0,13,-13
"7591","5410國眾","110/07/09","元大-新盛",14,0,14
"7592","5410國眾","110/07/09","(牛牛牛)亞-鑫豐",1,41,-40
"7593","5410國眾","110/07/09","台灣企銀-民雄",10,0,10
"7594","5410國眾","110/07/09","元富-嘉義",0,25,-25
"7595","5410國眾","110/07/09","元富-虎尾",9,0,9
"7596","5410國眾","110/07/09","凱基-高美館",0,10,-10
"7597","5410國眾","110/07/09","摩根大通",10,1,9
"7598","5410國眾","110/07/09","凱基-城中",0,10,-10
"7599","5410國眾","110/07/09","兆豐-北高雄",7,0,7
"7600","5410國眾","110/07/09","元大-頭份",0,10,-10
"7601","5410國眾","110/07/09","凱基-台北",8,1,7
"7602","5410國眾","110/07/09","群益金鼎-丹鳳",0,7,-7
"7603","5410國眾","110/07/09","華南永昌-公誠",7,0,7
"7604","5410國眾","110/07/09","凱基-復興",0,7,-7
"7605","5410國眾","110/07/09","香港上海匯豐",6,0,6
"7606","5410國眾","110/07/09","元大-員林",0,7,-7
"7607","5410國眾","110/07/09","凱基-中壢",6,0,6
"7608","5410國眾","110/07/09","富邦-竹東",0,6,-6
"7609","5410國眾","110/07/09","華南永昌-南京",6,0,6
"7610","5410國眾","110/07/09","亞東-高雄",0,5,-5
"7611","5410國眾","110/07/09","統一-三重",5,0,5
"7612","5410國眾","110/07/09","大慶-中壢",1,6,-5
"7613","5410國眾","110/07/09","富邦-宜蘭",5,0,5
"7614","5410國眾","110/07/09","群益金鼎-中港",0,5,-5
"7615","5410國眾","110/07/09","元大-崇德",5,0,5
"7616","5410國眾","110/07/09","元大-八德",0,5,-5
"7617","5410國眾","110/07/09","元大-博愛",5,0,5
"7618","5410國眾","110/07/09","富邦-基隆",0,4,-4
"7619","5410國眾","110/07/09","元大-龍潭",5,0,5
"7620","5410國眾","110/07/09","臺銀-新竹",0,3,-3
"7621","2841台開","110/07/09","日盛-雙和",102,0,102
"7622","2841台開","110/07/09","港商野村",0,129,-129
"7623","2841台開","110/07/09","元大-館前",70,0,70
"7624","2841台開","110/07/09","兆豐-永和",0,100,-100
"7625","2841台開","110/07/09","凱基-文心",50,0,50
"7626","2841台開","110/07/09","台新證券",7,28,-21
"7627","2841台開","110/07/09","富邦-嘉義",40,0,40
"7628","2841台開","110/07/09","國票-北高雄",0,20,-20
"7629","2841台開","110/07/09","美商高盛",15,0,15
"7630","2841台開","110/07/09","永豐金-敦南",29,46,-17
"7631","2841台開","110/07/09","台中銀",15,0,15
"7632","2841台開","110/07/09","合庫-基隆",0,12,-12
"7633","2841台開","110/07/09","新光",11,0,11
"7634","2841台開","110/07/09","中國信託-松江",0,12,-12
"7635","2841台開","110/07/09","華南永昌-長虹",10,0,10
"7636","2841台開","110/07/09","兆豐-城中",0,12,-12
"7637","2841台開","110/07/09","永豐金-南投",10,0,10
"7638","2841台開","110/07/09","台中銀-豐原",0,10,-10
"7639","2841台開","110/07/09","合庫-桃園",7,0,7
"7640","2841台開","110/07/09","兆豐-景美",0,10,-10
"7641","2841台開","110/07/09","群益金鼎-古亭",7,0,7
"7642","2841台開","110/07/09","群益金鼎-基隆",0,10,-10
"7643","2841台開","110/07/09","國泰-敦南",6,0,6
"7644","2841台開","110/07/09","元大-北三重",0,10,-10
"7645","2841台開","110/07/09","凱基-桃園",8,2,6
"7646","2841台開","110/07/09","(牛牛牛)亞-網路",0,9,-9
"7647","2841台開","110/07/09","日盛證券",5,0,5
"7648","2841台開","110/07/09","台新-高雄",1,10,-9
"7649","2841台開","110/07/09","元富-文心",5,0,5
"7650","2841台開","110/07/09","凱基-台北",0,7,-7
"7651","6207雷科","110/07/09","群益金鼎-新竹",47,0,47
"7652","6207雷科","110/07/09","新光",7,24,-17
"7653","6207雷科","110/07/09","永豐金-三重",31,0,31
"7654","6207雷科","110/07/09","日盛-和美",0,15,-15
"7655","6207雷科","110/07/09","新加坡商瑞銀",33,5,28
"7656","6207雷科","110/07/09","國泰-台南",0,15,-15
"7657","6207雷科","110/07/09","元大-高雄",26,0,26
"7658","6207雷科","110/07/09","華南永昌-古亭",0,14,-14
"7659","6207雷科","110/07/09","統一-員林",22,0,22
"7660","6207雷科","110/07/09","土銀-白河",0,11,-11
"7661","6207雷科","110/07/09","台新-高雄",22,0,22
"7662","6207雷科","110/07/09","日盛-台南",0,10,-10
"7663","6207雷科","110/07/09","摩根大通",34,17,17
"7664","6207雷科","110/07/09","元富-林園",0,10,-10
"7665","6207雷科","110/07/09","元大-博愛",17,1,16
"7666","6207雷科","110/07/09","富邦-園區",0,10,-10
"7667","6207雷科","110/07/09","日茂-埔里",12,0,12
"7668","6207雷科","110/07/09","元大-上新莊",0,10,-10
"7669","6207雷科","110/07/09","國泰-台中",17,6,11
"7670","6207雷科","110/07/09","永豐金-南京",0,10,-10
"7671","6207雷科","110/07/09","富邦-三重",10,0,10
"7672","6207雷科","110/07/09","兆豐-小港",0,6,-6
"7673","6207雷科","110/07/09","元大-沙鹿",10,0,10
"7674","6207雷科","110/07/09","富邦-羅東",1,7,-6
"7675","6207雷科","110/07/09","元大-八德",10,0,10
"7676","6207雷科","110/07/09","元大-土城永寧",0,6,-6
"7677","6207雷科","110/07/09","第一金-路竹",11,2,9
"7678","6207雷科","110/07/09","永豐金-板盛",0,6,-6
"7679","6207雷科","110/07/09","統一-南京",5,0,5
"7680","6207雷科","110/07/09","日盛-板橋",0,5,-5
"7681","3679新至陞","110/07/09","元大-大天母",10,0,10
"7682","3679新至陞","110/07/09","第一金-光復",0,11,-11
"7683","3679新至陞","110/07/09","日盛-樹林",9,0,9
"7684","3679新至陞","110/07/09","瑞士信貸",0,8,-8
"7685","3679新至陞","110/07/09","凱基-台北",11,2,9
"7686","3679新至陞","110/07/09","大慶-苗栗",0,5,-5
"7687","3679新至陞","110/07/09","華南永昌-小港",8,0,8
"7688","3679新至陞","110/07/09","元大-永春",0,5,-5
"7689","3679新至陞","110/07/09","兆豐-來福",7,0,7
"7690","3679新至陞","110/07/09","日盛-和美",0,4,-4
"7691","3679新至陞","110/07/09","香港上海匯豐",5,0,5
"7692","3679新至陞","110/07/09","元大-雙和",0,3,-3
"7693","3679新至陞","110/07/09","台中銀-員林",3,0,3
"7694","3679新至陞","110/07/09","永豐金-屏東",0,3,-3
"7695","3679新至陞","110/07/09","新光",3,0,3
"7696","3679新至陞","110/07/09","彰銀",0,2,-2
"7697","3679新至陞","110/07/09","土銀-花蓮",2,0,2
"7698","3679新至陞","110/07/09","宏遠-館前",0,2,-2
"7699","3679新至陞","110/07/09","第一金-澎湖",2,0,2
"7700","3679新至陞","110/07/09","港商野村",0,2,-2
"7701","3679新至陞","110/07/09","摩根大通",2,0,2
"7702","3679新至陞","110/07/09","大昌-新店",0,2,-2
"7703","3679新至陞","110/07/09","國泰-敦南",2,0,2
"7704","3679新至陞","110/07/09","元大-新莊",0,2,-2
"7705","3679新至陞","110/07/09","元大-淡水",4,2,2
"7706","3679新至陞","110/07/09","元大-板橋",0,2,-2
"7707","3679新至陞","110/07/09","日盛-士林",1,0,1
"7708","3679新至陞","110/07/09","台灣摩根士丹利",0,1,-1
"7709","3679新至陞","110/07/09","日盛-信義",1,0,1
"7710","3679新至陞","110/07/09","第一金-高雄",0,1,-1
"7711","2727王品","110/07/09","台灣匯立證券",90,0,90
"7712","2727王品","110/07/09","台灣摩根士丹利",0,267,-267
"7713","2727王品","110/07/09","國泰-敦南",166,84,82
"7714","2727王品","110/07/09","富邦-台北",35,299,-264
"7715","2727王品","110/07/09","富邦-仁愛",56,12,44
"7716","2727王品","110/07/09","凱基-台北",174,296,-122
"7717","2727王品","110/07/09","台新證券",109,66,43
"7718","2727王品","110/07/09","第一金",2,102,-100
"7719","2727王品","110/07/09","新光",117,87,30
"7720","2727王品","110/07/09","群益金鼎-大安",0,80,-80
"7721","2727王品","110/07/09","臺銀-臺中",35,6,29
"7722","2727王品","110/07/09","兆豐-大安",7,60,-53
"7723","2727王品","110/07/09","元大-桃園",32,3,29
"7724","2727王品","110/07/09","永豐金-南投",0,50,-50
"7725","2727王品","110/07/09","元富-宜蘭",34,6,28
"7726","2727王品","110/07/09","新加坡商瑞銀",6,46,-40
"7727","2727王品","110/07/09","玉山-台中",34,8,26
"7728","2727王品","110/07/09","合庫-彰化",11,50,-39
"7729","2727王品","110/07/09","群益金鼎-宜蘭",30,4,26
"7730","2727王品","110/07/09","永豐金-萬盛",13,52,-39
"7731","2727王品","110/07/09","富邦-台中",42,16,26
"7732","2727王品","110/07/09","瑞士信貸",0,34,-34
"7733","2727王品","110/07/09","第一金-豐原",25,1,24
"7734","2727王品","110/07/09","元大-和平",4,35,-31
"7735","2727王品","110/07/09","臺銀",30,8,22
"7736","2727王品","110/07/09","美林",14,44,-30
"7737","2727王品","110/07/09","兆豐-來福",23,1,22
"7738","2727王品","110/07/09","元大-員林",9,38,-29
"7739","2727王品","110/07/09","玉山-士林",22,2,20
"7740","2727王品","110/07/09","元富-西松",4,31,-27
"7741","1570力肯","110/07/09","凱基-台北",30,1,29
"7742","1570力肯","110/07/09","群益金鼎-彰化",0,20,-20
"7743","1570力肯","110/07/09","新光-台南",20,0,20
"7744","1570力肯","110/07/09","元大-土城學府",0,20,-20
"7745","1570力肯","110/07/09","元大-高雄",20,0,20
"7746","1570力肯","110/07/09","元大-大統",0,16,-16
"7747","1570力肯","110/07/09","國票-中正",12,0,12
"7748","1570力肯","110/07/09","元大-新營",0,11,-11
"7749","1570力肯","110/07/09","日盛-高雄",6,0,6
"7750","1570力肯","110/07/09","元大-和平",0,10,-10
"7751","1570力肯","110/07/09","元富-緯城",6,0,6
"7752","1570力肯","110/07/09","元大-草屯",0,10,-10
"7753","1570力肯","110/07/09","群益金鼎-台南",6,0,6
"7754","1570力肯","110/07/09","元大-鹿港",0,9,-9
"7755","1570力肯","110/07/09","華南永昌-岡山",6,0,6
"7756","1570力肯","110/07/09","合庫-基隆",0,7,-7
"7757","1570力肯","110/07/09","統一-中壢",5,0,5
"7758","1570力肯","110/07/09","摩根大通",2,8,-6
"7759","1570力肯","110/07/09","凱基-三峽",5,0,5
"7760","1570力肯","110/07/09","台灣企銀-豐原",0,4,-4
"7761","1570力肯","110/07/09","大昌-樹林",4,0,4
"7762","1570力肯","110/07/09","日盛-桃園",0,4,-4
"7763","1570力肯","110/07/09","新光",3,0,3
"7764","1570力肯","110/07/09","國泰-高雄",0,3,-3
"7765","1570力肯","110/07/09","富邦-新竹華信",3,0,3
"7766","1570力肯","110/07/09","永豐金-敦南",0,3,-3
"7767","1570力肯","110/07/09","合庫-台中",2,0,2
"7768","1570力肯","110/07/09","土銀-彰化",0,2,-2
"7769","1570力肯","110/07/09","臺銀-臺中",2,0,2
"7770","1570力肯","110/07/09","臺銀-鳳山",0,2,-2
"7771","6180橘子","110/07/09","摩根大通",63,1,62
"7772","6180橘子","110/07/09","元大-南京",1,32,-31
"7773","6180橘子","110/07/09","富邦-陽明",73,33,40
"7774","6180橘子","110/07/09","群益金鼎-台北",0,25,-25
"7775","6180橘子","110/07/09","新加坡商瑞銀",31,0,31
"7776","6180橘子","110/07/09","兆豐-復興",0,21,-21
"7777","6180橘子","110/07/09","美商高盛",25,0,25
"7778","6180橘子","110/07/09","永豐金-嘉義",0,21,-21
"7779","6180橘子","110/07/09","凱基-台北",26,10,16
"7780","6180橘子","110/07/09","凱基-中壢",8,24,-16
"7781","6180橘子","110/07/09","華南永昌-楠梓",13,0,13
"7782","6180橘子","110/07/09","致和-崇德",0,15,-15
"7783","6180橘子","110/07/09","華南永昌-朴子",11,0,11
"7784","6180橘子","110/07/09","群益金鼎-屏東",0,15,-15
"7785","6180橘子","110/07/09","元大-北港",11,0,11
"7786","6180橘子","110/07/09","群益金鼎-中山",0,15,-15
"7787","6180橘子","110/07/09","元大-成功",10,1,9
"7788","6180橘子","110/07/09","瑞士信貸",1,15,-14
"7789","6180橘子","110/07/09","新光",26,18,8
"7790","6180橘子","110/07/09","日盛-二林",0,10,-10
"7791","6180橘子","110/07/09","統一-三重",6,0,6
"7792","6180橘子","110/07/09","凱基-東門",0,10,-10
"7793","6180橘子","110/07/09","群益金鼎-嘉義",6,0,6
"7794","6180橘子","110/07/09","華南永昌-三重",0,10,-10
"7795","6180橘子","110/07/09","元大-員林中山",6,0,6
"7796","6180橘子","110/07/09","元大-彰化民生",1,11,-10
"7797","6180橘子","110/07/09","合庫-鳳山",5,0,5
"7798","6180橘子","110/07/09","永豐金-新店",1,11,-10
"7799","6180橘子","110/07/09","富邦-建國",6,1,5
"7800","6180橘子","110/07/09","群益金鼎-丹鳳",0,8,-8
"7801","2390云辰","110/07/09","摩根大通",279,56,223
"7802","2390云辰","110/07/09","元大-天母",0,127,-127
"7803","2390云辰","110/07/09","日盛-鳳山",110,2,108
"7804","2390云辰","110/07/09","中國信託-文心",5,109,-104
"7805","2390云辰","110/07/09","宏遠證券",100,0,100
"7806","2390云辰","110/07/09","永豐金-復興",0,55,-55
"7807","2390云辰","110/07/09","元大-大里",63,6,57
"7808","2390云辰","110/07/09","凱基-台北",239,286,-47
"7809","2390云辰","110/07/09","凱基-八德",59,10,49
"7810","2390云辰","110/07/09","德信",2,32,-30
"7811","2390云辰","110/07/09","合庫-新竹",40,0,40
"7812","2390云辰","110/07/09","兆豐-桃鶯",2,32,-30
"7813","2390云辰","110/07/09","國票",40,1,39
"7814","2390云辰","110/07/09","致和-南京",0,30,-30
"7815","2390云辰","110/07/09","新加坡商瑞銀",49,13,36
"7816","2390云辰","110/07/09","富邦-虎尾",1,31,-30
"7817","2390云辰","110/07/09","統一-新台中",36,2,34
"7818","2390云辰","110/07/09","元大-善化",2,31,-29
"7819","2390云辰","110/07/09","國票-嘉義",31,0,31
"7820","2390云辰","110/07/09","富邦-板橋",0,27,-27
"7821","2390云辰","110/07/09","華南永昌",35,7,28
"7822","2390云辰","110/07/09","富邦-永和",3,28,-25
"7823","2390云辰","110/07/09","玉山-台中",49,22,27
"7824","2390云辰","110/07/09","第一金-自由",20,44,-24
"7825","2390云辰","110/07/09","華南永昌-敦南",25,0,25
"7826","2390云辰","110/07/09","凱基-內湖",0,24,-24
"7827","2390云辰","110/07/09","新光-高雄",27,4,23
"7828","2390云辰","110/07/09","元大-汐止",1,24,-23
"7829","2390云辰","110/07/09","台灣摩根士丹利",85,63,22
"7830","2390云辰","110/07/09","新光-台中",12,33,-21
"7831","4903聯光通","110/07/09","元大-敦南",10,0,10
"7832","4903聯光通","110/07/09","第一金-台中",0,12,-12
"7833","4903聯光通","110/07/09","凱基-士林",5,0,5
"7834","4903聯光通","110/07/09","日盛-忠孝",0,3,-3
"7835","4903聯光通","110/07/09","元大-苗栗",5,0,5
"7836","4903聯光通","110/07/09","群益金鼎-崇德",0,3,-3
"7837","4903聯光通","110/07/09","元大-屏南",3,0,3
"7838","4903聯光通","110/07/09","國票-內壢",0,2,-2
"7839","4903聯光通","110/07/09","中國信託-永康",1,0,1
"7840","4903聯光通","110/07/09","康和-南崁",0,2,-2
"7841","4903聯光通","110/07/09","玉山證券",1,0,1
"7842","4903聯光通","110/07/09","新光-台中",0,2,-2
"7843","4903聯光通","110/07/09","元大-太平",4,3,1
"7844","4903聯光通","110/07/09","玉山-城中",0,2,-2
"7845","4903聯光通","110/07/09","永豐金-嘉義",1,0,1
"7846","4903聯光通","110/07/09","中國信託-文心",0,1,-1
"7847","4903聯光通","110/07/09","大昌",0,0,0
"7848","4903聯光通","110/07/09","大昌",0,0,0
"7849","4903聯光通","110/07/09","中農",0,0,0
"7850","4903聯光通","110/07/09","中農",0,0,0
"7851","4903聯光通","110/07/09","",NA,NA,NA
"7852","4903聯光通","110/07/09","",NA,NA,NA
"7853","4903聯光通","110/07/09","",NA,NA,NA
"7854","4903聯光通","110/07/09","",NA,NA,NA
"7855","4903聯光通","110/07/09","",NA,NA,NA
"7856","4903聯光通","110/07/09","",NA,NA,NA
"7857","4903聯光通","110/07/09","",NA,NA,NA
"7858","4903聯光通","110/07/09","",NA,NA,NA
"7859","4903聯光通","110/07/09","",NA,NA,NA
"7860","4903聯光通","110/07/09","",NA,NA,NA
"7861","2929淘帝","110/07/09","台中銀-台北",110,0,110
"7862","2929淘帝","110/07/09","新光",2,82,-80
"7863","2929淘帝","110/07/09","華南永昌-頭份",72,0,72
"7864","2929淘帝","110/07/09","摩根大通",2,63,-61
"7865","2929淘帝","110/07/09","合庫-高雄",71,0,71
"7866","2929淘帝","110/07/09","第一金-路竹",0,50,-50
"7867","2929淘帝","110/07/09","高橋-龍潭",37,0,37
"7868","2929淘帝","110/07/09","港商麥格理",0,42,-42
"7869","2929淘帝","110/07/09","新光-台中",60,26,34
"7870","2929淘帝","110/07/09","陽信-石牌",0,40,-40
"7871","2929淘帝","110/07/09","元富-大裕",22,1,21
"7872","2929淘帝","110/07/09","台新-左楠",1,39,-38
"7873","2929淘帝","110/07/09","合庫-鳳山",20,0,20
"7874","2929淘帝","110/07/09","凱基-桃園",3,29,-26
"7875","2929淘帝","110/07/09","元大-員林",22,2,20
"7876","2929淘帝","110/07/09","兆豐-內湖",0,25,-25
"7877","2929淘帝","110/07/09","台新-建北",15,0,15
"7878","2929淘帝","110/07/09","元大-北港",0,20,-20
"7879","2929淘帝","110/07/09","兆豐-桃園",13,0,13
"7880","2929淘帝","110/07/09","富邦-北港",0,19,-19
"7881","2929淘帝","110/07/09","兆豐-忠孝",10,0,10
"7882","2929淘帝","110/07/09","富邦-花蓮",0,17,-17
"7883","2929淘帝","110/07/09","國票-敦北法人",10,0,10
"7884","2929淘帝","110/07/09","國泰-台中",2,17,-15
"7885","2929淘帝","110/07/09","永豐金-博愛",10,0,10
"7886","2929淘帝","110/07/09","群益金鼎-彰化",0,15,-15
"7887","2929淘帝","110/07/09","群益金鼎-潭子",8,0,8
"7888","2929淘帝","110/07/09","元大-博愛",0,14,-14
"7889","2929淘帝","110/07/09","富邦-南屯",8,0,8
"7890","2929淘帝","110/07/09","日盛-板橋",0,13,-13
"7891","5410國眾","110/07/09","元大-新盛",14,0,14
"7892","5410國眾","110/07/09","(牛牛牛)亞-鑫豐",1,41,-40
"7893","5410國眾","110/07/09","台灣企銀-民雄",10,0,10
"7894","5410國眾","110/07/09","元富-嘉義",0,25,-25
"7895","5410國眾","110/07/09","元富-虎尾",9,0,9
"7896","5410國眾","110/07/09","凱基-高美館",0,10,-10
"7897","5410國眾","110/07/09","摩根大通",10,1,9
"7898","5410國眾","110/07/09","凱基-城中",0,10,-10
"7899","5410國眾","110/07/09","兆豐-北高雄",7,0,7
"7900","5410國眾","110/07/09","元大-頭份",0,10,-10
"7901","5410國眾","110/07/09","凱基-台北",8,1,7
"7902","5410國眾","110/07/09","群益金鼎-丹鳳",0,7,-7
"7903","5410國眾","110/07/09","華南永昌-公誠",7,0,7
"7904","5410國眾","110/07/09","凱基-復興",0,7,-7
"7905","5410國眾","110/07/09","香港上海匯豐",6,0,6
"7906","5410國眾","110/07/09","元大-員林",0,7,-7
"7907","5410國眾","110/07/09","凱基-中壢",6,0,6
"7908","5410國眾","110/07/09","富邦-竹東",0,6,-6
"7909","5410國眾","110/07/09","華南永昌-南京",6,0,6
"7910","5410國眾","110/07/09","亞東-高雄",0,5,-5
"7911","5410國眾","110/07/09","統一-三重",5,0,5
"7912","5410國眾","110/07/09","大慶-中壢",1,6,-5
"7913","5410國眾","110/07/09","富邦-宜蘭",5,0,5
"7914","5410國眾","110/07/09","群益金鼎-中港",0,5,-5
"7915","5410國眾","110/07/09","元大-崇德",5,0,5
"7916","5410國眾","110/07/09","元大-八德",0,5,-5
"7917","5410國眾","110/07/09","元大-博愛",5,0,5
"7918","5410國眾","110/07/09","富邦-基隆",0,4,-4
"7919","5410國眾","110/07/09","元大-龍潭",5,0,5
"7920","5410國眾","110/07/09","臺銀-新竹",0,3,-3
"7921","2841台開","110/07/09","日盛-雙和",102,0,102
"7922","2841台開","110/07/09","港商野村",0,129,-129
"7923","2841台開","110/07/09","元大-館前",70,0,70
"7924","2841台開","110/07/09","兆豐-永和",0,100,-100
"7925","2841台開","110/07/09","凱基-文心",50,0,50
"7926","2841台開","110/07/09","台新證券",7,28,-21
"7927","2841台開","110/07/09","富邦-嘉義",40,0,40
"7928","2841台開","110/07/09","國票-北高雄",0,20,-20
"7929","2841台開","110/07/09","美商高盛",15,0,15
"7930","2841台開","110/07/09","永豐金-敦南",29,46,-17
"7931","2841台開","110/07/09","台中銀",15,0,15
"7932","2841台開","110/07/09","合庫-基隆",0,12,-12
"7933","2841台開","110/07/09","新光",11,0,11
"7934","2841台開","110/07/09","中國信託-松江",0,12,-12
"7935","2841台開","110/07/09","華南永昌-長虹",10,0,10
"7936","2841台開","110/07/09","兆豐-城中",0,12,-12
"7937","2841台開","110/07/09","永豐金-南投",10,0,10
"7938","2841台開","110/07/09","台中銀-豐原",0,10,-10
"7939","2841台開","110/07/09","合庫-桃園",7,0,7
"7940","2841台開","110/07/09","兆豐-景美",0,10,-10
"7941","2841台開","110/07/09","群益金鼎-古亭",7,0,7
"7942","2841台開","110/07/09","群益金鼎-基隆",0,10,-10
"7943","2841台開","110/07/09","國泰-敦南",6,0,6
"7944","2841台開","110/07/09","元大-北三重",0,10,-10
"7945","2841台開","110/07/09","凱基-桃園",8,2,6
"7946","2841台開","110/07/09","(牛牛牛)亞-網路",0,9,-9
"7947","2841台開","110/07/09","日盛證券",5,0,5
"7948","2841台開","110/07/09","台新-高雄",1,10,-9
"7949","2841台開","110/07/09","元富-文心",5,0,5
"7950","2841台開","110/07/09","凱基-台北",0,7,-7
"7951","6207雷科","110/07/09","群益金鼎-新竹",47,0,47
"7952","6207雷科","110/07/09","新光",7,24,-17
"7953","6207雷科","110/07/09","永豐金-三重",31,0,31
"7954","6207雷科","110/07/09","日盛-和美",0,15,-15
"7955","6207雷科","110/07/09","新加坡商瑞銀",33,5,28
"7956","6207雷科","110/07/09","國泰-台南",0,15,-15
"7957","6207雷科","110/07/09","元大-高雄",26,0,26
"7958","6207雷科","110/07/09","華南永昌-古亭",0,14,-14
"7959","6207雷科","110/07/09","統一-員林",22,0,22
"7960","6207雷科","110/07/09","土銀-白河",0,11,-11
"7961","6207雷科","110/07/09","台新-高雄",22,0,22
"7962","6207雷科","110/07/09","日盛-台南",0,10,-10
"7963","6207雷科","110/07/09","摩根大通",34,17,17
"7964","6207雷科","110/07/09","元富-林園",0,10,-10
"7965","6207雷科","110/07/09","元大-博愛",17,1,16
"7966","6207雷科","110/07/09","富邦-園區",0,10,-10
"7967","6207雷科","110/07/09","日茂-埔里",12,0,12
"7968","6207雷科","110/07/09","元大-上新莊",0,10,-10
"7969","6207雷科","110/07/09","國泰-台中",17,6,11
"7970","6207雷科","110/07/09","永豐金-南京",0,10,-10
"7971","6207雷科","110/07/09","富邦-三重",10,0,10
"7972","6207雷科","110/07/09","兆豐-小港",0,6,-6
"7973","6207雷科","110/07/09","元大-沙鹿",10,0,10
"7974","6207雷科","110/07/09","富邦-羅東",1,7,-6
"7975","6207雷科","110/07/09","元大-八德",10,0,10
"7976","6207雷科","110/07/09","元大-土城永寧",0,6,-6
"7977","6207雷科","110/07/09","第一金-路竹",11,2,9
"7978","6207雷科","110/07/09","永豐金-板盛",0,6,-6
"7979","6207雷科","110/07/09","統一-南京",5,0,5
"7980","6207雷科","110/07/09","日盛-板橋",0,5,-5
"7981","3679新至陞","110/07/09","元大-大天母",10,0,10
"7982","3679新至陞","110/07/09","第一金-光復",0,11,-11
"7983","3679新至陞","110/07/09","日盛-樹林",9,0,9
"7984","3679新至陞","110/07/09","瑞士信貸",0,8,-8
"7985","3679新至陞","110/07/09","凱基-台北",11,2,9
"7986","3679新至陞","110/07/09","大慶-苗栗",0,5,-5
"7987","3679新至陞","110/07/09","華南永昌-小港",8,0,8
"7988","3679新至陞","110/07/09","元大-永春",0,5,-5
"7989","3679新至陞","110/07/09","兆豐-來福",7,0,7
"7990","3679新至陞","110/07/09","日盛-和美",0,4,-4
"7991","3679新至陞","110/07/09","香港上海匯豐",5,0,5
"7992","3679新至陞","110/07/09","元大-雙和",0,3,-3
"7993","3679新至陞","110/07/09","台中銀-員林",3,0,3
"7994","3679新至陞","110/07/09","永豐金-屏東",0,3,-3
"7995","3679新至陞","110/07/09","新光",3,0,3
"7996","3679新至陞","110/07/09","彰銀",0,2,-2
"7997","3679新至陞","110/07/09","土銀-花蓮",2,0,2
"7998","3679新至陞","110/07/09","宏遠-館前",0,2,-2
"7999","3679新至陞","110/07/09","第一金-澎湖",2,0,2
"8000","3679新至陞","110/07/09","港商野村",0,2,-2
"8001","3679新至陞","110/07/09","摩根大通",2,0,2
"8002","3679新至陞","110/07/09","大昌-新店",0,2,-2
"8003","3679新至陞","110/07/09","國泰-敦南",2,0,2
"8004","3679新至陞","110/07/09","元大-新莊",0,2,-2
"8005","3679新至陞","110/07/09","元大-淡水",4,2,2
"8006","3679新至陞","110/07/09","元大-板橋",0,2,-2
"8007","3679新至陞","110/07/09","日盛-士林",1,0,1
"8008","3679新至陞","110/07/09","台灣摩根士丹利",0,1,-1
"8009","3679新至陞","110/07/09","日盛-信義",1,0,1
"8010","3679新至陞","110/07/09","第一金-高雄",0,1,-1
"8011","2727王品","110/07/09","台灣匯立證券",90,0,90
"8012","2727王品","110/07/09","台灣摩根士丹利",0,267,-267
"8013","2727王品","110/07/09","國泰-敦南",166,84,82
"8014","2727王品","110/07/09","富邦-台北",35,299,-264
"8015","2727王品","110/07/09","富邦-仁愛",56,12,44
"8016","2727王品","110/07/09","凱基-台北",174,296,-122
"8017","2727王品","110/07/09","台新證券",109,66,43
"8018","2727王品","110/07/09","第一金",2,102,-100
"8019","2727王品","110/07/09","新光",117,87,30
"8020","2727王品","110/07/09","群益金鼎-大安",0,80,-80
"8021","2727王品","110/07/09","臺銀-臺中",35,6,29
"8022","2727王品","110/07/09","兆豐-大安",7,60,-53
"8023","2727王品","110/07/09","元大-桃園",32,3,29
"8024","2727王品","110/07/09","永豐金-南投",0,50,-50
"8025","2727王品","110/07/09","元富-宜蘭",34,6,28
"8026","2727王品","110/07/09","新加坡商瑞銀",6,46,-40
"8027","2727王品","110/07/09","玉山-台中",34,8,26
"8028","2727王品","110/07/09","合庫-彰化",11,50,-39
"8029","2727王品","110/07/09","群益金鼎-宜蘭",30,4,26
"8030","2727王品","110/07/09","永豐金-萬盛",13,52,-39
"8031","2727王品","110/07/09","富邦-台中",42,16,26
"8032","2727王品","110/07/09","瑞士信貸",0,34,-34
"8033","2727王品","110/07/09","第一金-豐原",25,1,24
"8034","2727王品","110/07/09","元大-和平",4,35,-31
"8035","2727王品","110/07/09","臺銀",30,8,22
"8036","2727王品","110/07/09","美林",14,44,-30
"8037","2727王品","110/07/09","兆豐-來福",23,1,22
"8038","2727王品","110/07/09","元大-員林",9,38,-29
"8039","2727王品","110/07/09","玉山-士林",22,2,20
"8040","2727王品","110/07/09","元富-西松",4,31,-27
"8041","1570力肯","110/07/09","凱基-台北",30,1,29
"8042","1570力肯","110/07/09","群益金鼎-彰化",0,20,-20
"8043","1570力肯","110/07/09","新光-台南",20,0,20
"8044","1570力肯","110/07/09","元大-土城學府",0,20,-20
"8045","1570力肯","110/07/09","元大-高雄",20,0,20
"8046","1570力肯","110/07/09","元大-大統",0,16,-16
"8047","1570力肯","110/07/09","國票-中正",12,0,12
"8048","1570力肯","110/07/09","元大-新營",0,11,-11
"8049","1570力肯","110/07/09","日盛-高雄",6,0,6
"8050","1570力肯","110/07/09","元大-和平",0,10,-10
"8051","1570力肯","110/07/09","元富-緯城",6,0,6
"8052","1570力肯","110/07/09","元大-草屯",0,10,-10
"8053","1570力肯","110/07/09","群益金鼎-台南",6,0,6
"8054","1570力肯","110/07/09","元大-鹿港",0,9,-9
"8055","1570力肯","110/07/09","華南永昌-岡山",6,0,6
"8056","1570力肯","110/07/09","合庫-基隆",0,7,-7
"8057","1570力肯","110/07/09","統一-中壢",5,0,5
"8058","1570力肯","110/07/09","摩根大通",2,8,-6
"8059","1570力肯","110/07/09","凱基-三峽",5,0,5
"8060","1570力肯","110/07/09","台灣企銀-豐原",0,4,-4
"8061","1570力肯","110/07/09","大昌-樹林",4,0,4
"8062","1570力肯","110/07/09","日盛-桃園",0,4,-4
"8063","1570力肯","110/07/09","新光",3,0,3
"8064","1570力肯","110/07/09","國泰-高雄",0,3,-3
"8065","1570力肯","110/07/09","富邦-新竹華信",3,0,3
"8066","1570力肯","110/07/09","永豐金-敦南",0,3,-3
"8067","1570力肯","110/07/09","合庫-台中",2,0,2
"8068","1570力肯","110/07/09","土銀-彰化",0,2,-2
"8069","1570力肯","110/07/09","臺銀-臺中",2,0,2
"8070","1570力肯","110/07/09","臺銀-鳳山",0,2,-2
"8071","6180橘子","110/07/09","摩根大通",63,1,62
"8072","6180橘子","110/07/09","元大-南京",1,32,-31
"8073","6180橘子","110/07/09","富邦-陽明",73,33,40
"8074","6180橘子","110/07/09","群益金鼎-台北",0,25,-25
"8075","6180橘子","110/07/09","新加坡商瑞銀",31,0,31
"8076","6180橘子","110/07/09","兆豐-復興",0,21,-21
"8077","6180橘子","110/07/09","美商高盛",25,0,25
"8078","6180橘子","110/07/09","永豐金-嘉義",0,21,-21
"8079","6180橘子","110/07/09","凱基-台北",26,10,16
"8080","6180橘子","110/07/09","凱基-中壢",8,24,-16
"8081","6180橘子","110/07/09","華南永昌-楠梓",13,0,13
"8082","6180橘子","110/07/09","致和-崇德",0,15,-15
"8083","6180橘子","110/07/09","華南永昌-朴子",11,0,11
"8084","6180橘子","110/07/09","群益金鼎-屏東",0,15,-15
"8085","6180橘子","110/07/09","元大-北港",11,0,11
"8086","6180橘子","110/07/09","群益金鼎-中山",0,15,-15
"8087","6180橘子","110/07/09","元大-成功",10,1,9
"8088","6180橘子","110/07/09","瑞士信貸",1,15,-14
"8089","6180橘子","110/07/09","新光",26,18,8
"8090","6180橘子","110/07/09","日盛-二林",0,10,-10
"8091","6180橘子","110/07/09","統一-三重",6,0,6
"8092","6180橘子","110/07/09","凱基-東門",0,10,-10
"8093","6180橘子","110/07/09","群益金鼎-嘉義",6,0,6
"8094","6180橘子","110/07/09","華南永昌-三重",0,10,-10
"8095","6180橘子","110/07/09","元大-員林中山",6,0,6
"8096","6180橘子","110/07/09","元大-彰化民生",1,11,-10
"8097","6180橘子","110/07/09","合庫-鳳山",5,0,5
"8098","6180橘子","110/07/09","永豐金-新店",1,11,-10
"8099","6180橘子","110/07/09","富邦-建國",6,1,5
"8100","6180橘子","110/07/09","群益金鼎-丹鳳",0,8,-8
"8101","2390云辰","110/07/09","摩根大通",279,56,223
"8102","2390云辰","110/07/09","元大-天母",0,127,-127
"8103","2390云辰","110/07/09","日盛-鳳山",110,2,108
"8104","2390云辰","110/07/09","中國信託-文心",5,109,-104
"8105","2390云辰","110/07/09","宏遠證券",100,0,100
"8106","2390云辰","110/07/09","永豐金-復興",0,55,-55
"8107","2390云辰","110/07/09","元大-大里",63,6,57
"8108","2390云辰","110/07/09","凱基-台北",239,286,-47
"8109","2390云辰","110/07/09","凱基-八德",59,10,49
"8110","2390云辰","110/07/09","德信",2,32,-30
"8111","2390云辰","110/07/09","合庫-新竹",40,0,40
"8112","2390云辰","110/07/09","兆豐-桃鶯",2,32,-30
"8113","2390云辰","110/07/09","國票",40,1,39
"8114","2390云辰","110/07/09","致和-南京",0,30,-30
"8115","2390云辰","110/07/09","新加坡商瑞銀",49,13,36
"8116","2390云辰","110/07/09","富邦-虎尾",1,31,-30
"8117","2390云辰","110/07/09","統一-新台中",36,2,34
"8118","2390云辰","110/07/09","元大-善化",2,31,-29
"8119","2390云辰","110/07/09","國票-嘉義",31,0,31
"8120","2390云辰","110/07/09","富邦-板橋",0,27,-27
"8121","2390云辰","110/07/09","華南永昌",35,7,28
"8122","2390云辰","110/07/09","富邦-永和",3,28,-25
"8123","2390云辰","110/07/09","玉山-台中",49,22,27
"8124","2390云辰","110/07/09","第一金-自由",20,44,-24
"8125","2390云辰","110/07/09","華南永昌-敦南",25,0,25
"8126","2390云辰","110/07/09","凱基-內湖",0,24,-24
"8127","2390云辰","110/07/09","新光-高雄",27,4,23
"8128","2390云辰","110/07/09","元大-汐止",1,24,-23
"8129","2390云辰","110/07/09","台灣摩根士丹利",85,63,22
"8130","2390云辰","110/07/09","新光-台中",12,33,-21
"8131","4903聯光通","110/07/09","元大-敦南",10,0,10
"8132","4903聯光通","110/07/09","第一金-台中",0,12,-12
"8133","4903聯光通","110/07/09","凱基-士林",5,0,5
"8134","4903聯光通","110/07/09","日盛-忠孝",0,3,-3
"8135","4903聯光通","110/07/09","元大-苗栗",5,0,5
"8136","4903聯光通","110/07/09","群益金鼎-崇德",0,3,-3
"8137","4903聯光通","110/07/09","元大-屏南",3,0,3
"8138","4903聯光通","110/07/09","國票-內壢",0,2,-2
"8139","4903聯光通","110/07/09","中國信託-永康",1,0,1
"8140","4903聯光通","110/07/09","康和-南崁",0,2,-2
"8141","4903聯光通","110/07/09","玉山證券",1,0,1
"8142","4903聯光通","110/07/09","新光-台中",0,2,-2
"8143","4903聯光通","110/07/09","元大-太平",4,3,1
"8144","4903聯光通","110/07/09","玉山-城中",0,2,-2
"8145","4903聯光通","110/07/09","永豐金-嘉義",1,0,1
"8146","4903聯光通","110/07/09","中國信託-文心",0,1,-1
"8147","4903聯光通","110/07/09","大昌",0,0,0
"8148","4903聯光通","110/07/09","大昌",0,0,0
"8149","4903聯光通","110/07/09","中農",0,0,0
"8150","4903聯光通","110/07/09","中農",0,0,0
"8151","4903聯光通","110/07/09","",NA,NA,NA
"8152","4903聯光通","110/07/09","",NA,NA,NA
"8153","4903聯光通","110/07/09","",NA,NA,NA
"8154","4903聯光通","110/07/09","",NA,NA,NA
"8155","4903聯光通","110/07/09","",NA,NA,NA
"8156","4903聯光通","110/07/09","",NA,NA,NA
"8157","4903聯光通","110/07/09","",NA,NA,NA
"8158","4903聯光通","110/07/09","",NA,NA,NA
"8159","4903聯光通","110/07/09","",NA,NA,NA
"8160","4903聯光通","110/07/09","",NA,NA,NA
"8161","2929淘帝","110/07/09","台中銀-台北",110,0,110
"8162","2929淘帝","110/07/09","新光",2,82,-80
"8163","2929淘帝","110/07/09","華南永昌-頭份",72,0,72
"8164","2929淘帝","110/07/09","摩根大通",2,63,-61
"8165","2929淘帝","110/07/09","合庫-高雄",71,0,71
"8166","2929淘帝","110/07/09","第一金-路竹",0,50,-50
"8167","2929淘帝","110/07/09","高橋-龍潭",37,0,37
"8168","2929淘帝","110/07/09","港商麥格理",0,42,-42
"8169","2929淘帝","110/07/09","新光-台中",60,26,34
"8170","2929淘帝","110/07/09","陽信-石牌",0,40,-40
"8171","2929淘帝","110/07/09","元富-大裕",22,1,21
"8172","2929淘帝","110/07/09","台新-左楠",1,39,-38
"8173","2929淘帝","110/07/09","合庫-鳳山",20,0,20
"8174","2929淘帝","110/07/09","凱基-桃園",3,29,-26
"8175","2929淘帝","110/07/09","元大-員林",22,2,20
"8176","2929淘帝","110/07/09","兆豐-內湖",0,25,-25
"8177","2929淘帝","110/07/09","台新-建北",15,0,15
"8178","2929淘帝","110/07/09","元大-北港",0,20,-20
"8179","2929淘帝","110/07/09","兆豐-桃園",13,0,13
"8180","2929淘帝","110/07/09","富邦-北港",0,19,-19
"8181","2929淘帝","110/07/09","兆豐-忠孝",10,0,10
"8182","2929淘帝","110/07/09","富邦-花蓮",0,17,-17
"8183","2929淘帝","110/07/09","國票-敦北法人",10,0,10
"8184","2929淘帝","110/07/09","國泰-台中",2,17,-15
"8185","2929淘帝","110/07/09","永豐金-博愛",10,0,10
"8186","2929淘帝","110/07/09","群益金鼎-彰化",0,15,-15
"8187","2929淘帝","110/07/09","群益金鼎-潭子",8,0,8
"8188","2929淘帝","110/07/09","元大-博愛",0,14,-14
"8189","2929淘帝","110/07/09","富邦-南屯",8,0,8
"8190","2929淘帝","110/07/09","日盛-板橋",0,13,-13
"8191","5410國眾","110/07/09","元大-新盛",14,0,14
"8192","5410國眾","110/07/09","(牛牛牛)亞-鑫豐",1,41,-40
"8193","5410國眾","110/07/09","台灣企銀-民雄",10,0,10
"8194","5410國眾","110/07/09","元富-嘉義",0,25,-25
"8195","5410國眾","110/07/09","元富-虎尾",9,0,9
"8196","5410國眾","110/07/09","凱基-高美館",0,10,-10
"8197","5410國眾","110/07/09","摩根大通",10,1,9
"8198","5410國眾","110/07/09","凱基-城中",0,10,-10
"8199","5410國眾","110/07/09","兆豐-北高雄",7,0,7
"8200","5410國眾","110/07/09","元大-頭份",0,10,-10
"8201","5410國眾","110/07/09","凱基-台北",8,1,7
"8202","5410國眾","110/07/09","群益金鼎-丹鳳",0,7,-7
"8203","5410國眾","110/07/09","華南永昌-公誠",7,0,7
"8204","5410國眾","110/07/09","凱基-復興",0,7,-7
"8205","5410國眾","110/07/09","香港上海匯豐",6,0,6
"8206","5410國眾","110/07/09","元大-員林",0,7,-7
"8207","5410國眾","110/07/09","凱基-中壢",6,0,6
"8208","5410國眾","110/07/09","富邦-竹東",0,6,-6
"8209","5410國眾","110/07/09","華南永昌-南京",6,0,6
"8210","5410國眾","110/07/09","亞東-高雄",0,5,-5
"8211","5410國眾","110/07/09","統一-三重",5,0,5
"8212","5410國眾","110/07/09","大慶-中壢",1,6,-5
"8213","5410國眾","110/07/09","富邦-宜蘭",5,0,5
"8214","5410國眾","110/07/09","群益金鼎-中港",0,5,-5
"8215","5410國眾","110/07/09","元大-崇德",5,0,5
"8216","5410國眾","110/07/09","元大-八德",0,5,-5
"8217","5410國眾","110/07/09","元大-博愛",5,0,5
"8218","5410國眾","110/07/09","富邦-基隆",0,4,-4
"8219","5410國眾","110/07/09","元大-龍潭",5,0,5
"8220","5410國眾","110/07/09","臺銀-新竹",0,3,-3
"8221","2841台開","110/07/09","日盛-雙和",102,0,102
"8222","2841台開","110/07/09","港商野村",0,129,-129
"8223","2841台開","110/07/09","元大-館前",70,0,70
"8224","2841台開","110/07/09","兆豐-永和",0,100,-100
"8225","2841台開","110/07/09","凱基-文心",50,0,50
"8226","2841台開","110/07/09","台新證券",7,28,-21
"8227","2841台開","110/07/09","富邦-嘉義",40,0,40
"8228","2841台開","110/07/09","國票-北高雄",0,20,-20
"8229","2841台開","110/07/09","美商高盛",15,0,15
"8230","2841台開","110/07/09","永豐金-敦南",29,46,-17
"8231","2841台開","110/07/09","台中銀",15,0,15
"8232","2841台開","110/07/09","合庫-基隆",0,12,-12
"8233","2841台開","110/07/09","新光",11,0,11
"8234","2841台開","110/07/09","中國信託-松江",0,12,-12
"8235","2841台開","110/07/09","華南永昌-長虹",10,0,10
"8236","2841台開","110/07/09","兆豐-城中",0,12,-12
"8237","2841台開","110/07/09","永豐金-南投",10,0,10
"8238","2841台開","110/07/09","台中銀-豐原",0,10,-10
"8239","2841台開","110/07/09","合庫-桃園",7,0,7
"8240","2841台開","110/07/09","兆豐-景美",0,10,-10
"8241","2841台開","110/07/09","群益金鼎-古亭",7,0,7
"8242","2841台開","110/07/09","群益金鼎-基隆",0,10,-10
"8243","2841台開","110/07/09","國泰-敦南",6,0,6
"8244","2841台開","110/07/09","元大-北三重",0,10,-10
"8245","2841台開","110/07/09","凱基-桃園",8,2,6
"8246","2841台開","110/07/09","(牛牛牛)亞-網路",0,9,-9
"8247","2841台開","110/07/09","日盛證券",5,0,5
"8248","2841台開","110/07/09","台新-高雄",1,10,-9
"8249","2841台開","110/07/09","元富-文心",5,0,5
"8250","2841台開","110/07/09","凱基-台北",0,7,-7
"8251","6207雷科","110/07/09","群益金鼎-新竹",47,0,47
"8252","6207雷科","110/07/09","新光",7,24,-17
"8253","6207雷科","110/07/09","永豐金-三重",31,0,31
"8254","6207雷科","110/07/09","日盛-和美",0,15,-15
"8255","6207雷科","110/07/09","新加坡商瑞銀",33,5,28
"8256","6207雷科","110/07/09","國泰-台南",0,15,-15
"8257","6207雷科","110/07/09","元大-高雄",26,0,26
"8258","6207雷科","110/07/09","華南永昌-古亭",0,14,-14
"8259","6207雷科","110/07/09","統一-員林",22,0,22
"8260","6207雷科","110/07/09","土銀-白河",0,11,-11
"8261","6207雷科","110/07/09","台新-高雄",22,0,22
"8262","6207雷科","110/07/09","日盛-台南",0,10,-10
"8263","6207雷科","110/07/09","摩根大通",34,17,17
"8264","6207雷科","110/07/09","元富-林園",0,10,-10
"8265","6207雷科","110/07/09","元大-博愛",17,1,16
"8266","6207雷科","110/07/09","富邦-園區",0,10,-10
"8267","6207雷科","110/07/09","日茂-埔里",12,0,12
"8268","6207雷科","110/07/09","元大-上新莊",0,10,-10
"8269","6207雷科","110/07/09","國泰-台中",17,6,11
"8270","6207雷科","110/07/09","永豐金-南京",0,10,-10
"8271","6207雷科","110/07/09","富邦-三重",10,0,10
"8272","6207雷科","110/07/09","兆豐-小港",0,6,-6
"8273","6207雷科","110/07/09","元大-沙鹿",10,0,10
"8274","6207雷科","110/07/09","富邦-羅東",1,7,-6
"8275","6207雷科","110/07/09","元大-八德",10,0,10
"8276","6207雷科","110/07/09","元大-土城永寧",0,6,-6
"8277","6207雷科","110/07/09","第一金-路竹",11,2,9
"8278","6207雷科","110/07/09","永豐金-板盛",0,6,-6
"8279","6207雷科","110/07/09","統一-南京",5,0,5
"8280","6207雷科","110/07/09","日盛-板橋",0,5,-5
"8281","3679新至陞","110/07/09","元大-大天母",10,0,10
"8282","3679新至陞","110/07/09","第一金-光復",0,11,-11
"8283","3679新至陞","110/07/09","日盛-樹林",9,0,9
"8284","3679新至陞","110/07/09","瑞士信貸",0,8,-8
"8285","3679新至陞","110/07/09","凱基-台北",11,2,9
"8286","3679新至陞","110/07/09","大慶-苗栗",0,5,-5
"8287","3679新至陞","110/07/09","華南永昌-小港",8,0,8
"8288","3679新至陞","110/07/09","元大-永春",0,5,-5
"8289","3679新至陞","110/07/09","兆豐-來福",7,0,7
"8290","3679新至陞","110/07/09","日盛-和美",0,4,-4
"8291","3679新至陞","110/07/09","香港上海匯豐",5,0,5
"8292","3679新至陞","110/07/09","元大-雙和",0,3,-3
"8293","3679新至陞","110/07/09","台中銀-員林",3,0,3
"8294","3679新至陞","110/07/09","永豐金-屏東",0,3,-3
"8295","3679新至陞","110/07/09","新光",3,0,3
"8296","3679新至陞","110/07/09","彰銀",0,2,-2
"8297","3679新至陞","110/07/09","土銀-花蓮",2,0,2
"8298","3679新至陞","110/07/09","宏遠-館前",0,2,-2
"8299","3679新至陞","110/07/09","第一金-澎湖",2,0,2
"8300","3679新至陞","110/07/09","港商野村",0,2,-2
"8301","3679新至陞","110/07/09","摩根大通",2,0,2
"8302","3679新至陞","110/07/09","大昌-新店",0,2,-2
"8303","3679新至陞","110/07/09","國泰-敦南",2,0,2
"8304","3679新至陞","110/07/09","元大-新莊",0,2,-2
"8305","3679新至陞","110/07/09","元大-淡水",4,2,2
"8306","3679新至陞","110/07/09","元大-板橋",0,2,-2
"8307","3679新至陞","110/07/09","日盛-士林",1,0,1
"8308","3679新至陞","110/07/09","台灣摩根士丹利",0,1,-1
"8309","3679新至陞","110/07/09","日盛-信義",1,0,1
"8310","3679新至陞","110/07/09","第一金-高雄",0,1,-1
"8311","2727王品","110/07/09","台灣匯立證券",90,0,90
"8312","2727王品","110/07/09","台灣摩根士丹利",0,267,-267
"8313","2727王品","110/07/09","國泰-敦南",166,84,82
"8314","2727王品","110/07/09","富邦-台北",35,299,-264
"8315","2727王品","110/07/09","富邦-仁愛",56,12,44
"8316","2727王品","110/07/09","凱基-台北",174,296,-122
"8317","2727王品","110/07/09","台新證券",109,66,43
"8318","2727王品","110/07/09","第一金",2,102,-100
"8319","2727王品","110/07/09","新光",117,87,30
"8320","2727王品","110/07/09","群益金鼎-大安",0,80,-80
"8321","2727王品","110/07/09","臺銀-臺中",35,6,29
"8322","2727王品","110/07/09","兆豐-大安",7,60,-53
"8323","2727王品","110/07/09","元大-桃園",32,3,29
"8324","2727王品","110/07/09","永豐金-南投",0,50,-50
"8325","2727王品","110/07/09","元富-宜蘭",34,6,28
"8326","2727王品","110/07/09","新加坡商瑞銀",6,46,-40
"8327","2727王品","110/07/09","玉山-台中",34,8,26
"8328","2727王品","110/07/09","合庫-彰化",11,50,-39
"8329","2727王品","110/07/09","群益金鼎-宜蘭",30,4,26
"8330","2727王品","110/07/09","永豐金-萬盛",13,52,-39
"8331","2727王品","110/07/09","富邦-台中",42,16,26
"8332","2727王品","110/07/09","瑞士信貸",0,34,-34
"8333","2727王品","110/07/09","第一金-豐原",25,1,24
"8334","2727王品","110/07/09","元大-和平",4,35,-31
"8335","2727王品","110/07/09","臺銀",30,8,22
"8336","2727王品","110/07/09","美林",14,44,-30
"8337","2727王品","110/07/09","兆豐-來福",23,1,22
"8338","2727王品","110/07/09","元大-員林",9,38,-29
"8339","2727王品","110/07/09","玉山-士林",22,2,20
"8340","2727王品","110/07/09","元富-西松",4,31,-27
"8341","1570力肯","110/07/09","凱基-台北",30,1,29
"8342","1570力肯","110/07/09","群益金鼎-彰化",0,20,-20
"8343","1570力肯","110/07/09","新光-台南",20,0,20
"8344","1570力肯","110/07/09","元大-土城學府",0,20,-20
"8345","1570力肯","110/07/09","元大-高雄",20,0,20
"8346","1570力肯","110/07/09","元大-大統",0,16,-16
"8347","1570力肯","110/07/09","國票-中正",12,0,12
"8348","1570力肯","110/07/09","元大-新營",0,11,-11
"8349","1570力肯","110/07/09","日盛-高雄",6,0,6
"8350","1570力肯","110/07/09","元大-和平",0,10,-10
"8351","1570力肯","110/07/09","元富-緯城",6,0,6
"8352","1570力肯","110/07/09","元大-草屯",0,10,-10
"8353","1570力肯","110/07/09","群益金鼎-台南",6,0,6
"8354","1570力肯","110/07/09","元大-鹿港",0,9,-9
"8355","1570力肯","110/07/09","華南永昌-岡山",6,0,6
"8356","1570力肯","110/07/09","合庫-基隆",0,7,-7
"8357","1570力肯","110/07/09","統一-中壢",5,0,5
"8358","1570力肯","110/07/09","摩根大通",2,8,-6
"8359","1570力肯","110/07/09","凱基-三峽",5,0,5
"8360","1570力肯","110/07/09","台灣企銀-豐原",0,4,-4
"8361","1570力肯","110/07/09","大昌-樹林",4,0,4
"8362","1570力肯","110/07/09","日盛-桃園",0,4,-4
"8363","1570力肯","110/07/09","新光",3,0,3
"8364","1570力肯","110/07/09","國泰-高雄",0,3,-3
"8365","1570力肯","110/07/09","富邦-新竹華信",3,0,3
"8366","1570力肯","110/07/09","永豐金-敦南",0,3,-3
"8367","1570力肯","110/07/09","合庫-台中",2,0,2
"8368","1570力肯","110/07/09","土銀-彰化",0,2,-2
"8369","1570力肯","110/07/09","臺銀-臺中",2,0,2
"8370","1570力肯","110/07/09","臺銀-鳳山",0,2,-2
"8371","6180橘子","110/07/09","摩根大通",63,1,62
"8372","6180橘子","110/07/09","元大-南京",1,32,-31
"8373","6180橘子","110/07/09","富邦-陽明",73,33,40
"8374","6180橘子","110/07/09","群益金鼎-台北",0,25,-25
"8375","6180橘子","110/07/09","新加坡商瑞銀",31,0,31
"8376","6180橘子","110/07/09","兆豐-復興",0,21,-21
"8377","6180橘子","110/07/09","美商高盛",25,0,25
"8378","6180橘子","110/07/09","永豐金-嘉義",0,21,-21
"8379","6180橘子","110/07/09","凱基-台北",26,10,16
"8380","6180橘子","110/07/09","凱基-中壢",8,24,-16
"8381","6180橘子","110/07/09","華南永昌-楠梓",13,0,13
"8382","6180橘子","110/07/09","致和-崇德",0,15,-15
"8383","6180橘子","110/07/09","華南永昌-朴子",11,0,11
"8384","6180橘子","110/07/09","群益金鼎-屏東",0,15,-15
"8385","6180橘子","110/07/09","元大-北港",11,0,11
"8386","6180橘子","110/07/09","群益金鼎-中山",0,15,-15
"8387","6180橘子","110/07/09","元大-成功",10,1,9
"8388","6180橘子","110/07/09","瑞士信貸",1,15,-14
"8389","6180橘子","110/07/09","新光",26,18,8
"8390","6180橘子","110/07/09","日盛-二林",0,10,-10
"8391","6180橘子","110/07/09","統一-三重",6,0,6
"8392","6180橘子","110/07/09","凱基-東門",0,10,-10
"8393","6180橘子","110/07/09","群益金鼎-嘉義",6,0,6
"8394","6180橘子","110/07/09","華南永昌-三重",0,10,-10
"8395","6180橘子","110/07/09","元大-員林中山",6,0,6
"8396","6180橘子","110/07/09","元大-彰化民生",1,11,-10
"8397","6180橘子","110/07/09","合庫-鳳山",5,0,5
"8398","6180橘子","110/07/09","永豐金-新店",1,11,-10
"8399","6180橘子","110/07/09","富邦-建國",6,1,5
"8400","6180橘子","110/07/09","群益金鼎-丹鳳",0,8,-8
"8401","2390云辰","110/07/09","摩根大通",279,56,223
"8402","2390云辰","110/07/09","元大-天母",0,127,-127
"8403","2390云辰","110/07/09","日盛-鳳山",110,2,108
"8404","2390云辰","110/07/09","中國信託-文心",5,109,-104
"8405","2390云辰","110/07/09","宏遠證券",100,0,100
"8406","2390云辰","110/07/09","永豐金-復興",0,55,-55
"8407","2390云辰","110/07/09","元大-大里",63,6,57
"8408","2390云辰","110/07/09","凱基-台北",239,286,-47
"8409","2390云辰","110/07/09","凱基-八德",59,10,49
"8410","2390云辰","110/07/09","德信",2,32,-30
"8411","2390云辰","110/07/09","合庫-新竹",40,0,40
"8412","2390云辰","110/07/09","兆豐-桃鶯",2,32,-30
"8413","2390云辰","110/07/09","國票",40,1,39
"8414","2390云辰","110/07/09","致和-南京",0,30,-30
"8415","2390云辰","110/07/09","新加坡商瑞銀",49,13,36
"8416","2390云辰","110/07/09","富邦-虎尾",1,31,-30
"8417","2390云辰","110/07/09","統一-新台中",36,2,34
"8418","2390云辰","110/07/09","元大-善化",2,31,-29
"8419","2390云辰","110/07/09","國票-嘉義",31,0,31
"8420","2390云辰","110/07/09","富邦-板橋",0,27,-27
"8421","2390云辰","110/07/09","華南永昌",35,7,28
"8422","2390云辰","110/07/09","富邦-永和",3,28,-25
"8423","2390云辰","110/07/09","玉山-台中",49,22,27
"8424","2390云辰","110/07/09","第一金-自由",20,44,-24
"8425","2390云辰","110/07/09","華南永昌-敦南",25,0,25
"8426","2390云辰","110/07/09","凱基-內湖",0,24,-24
"8427","2390云辰","110/07/09","新光-高雄",27,4,23
"8428","2390云辰","110/07/09","元大-汐止",1,24,-23
"8429","2390云辰","110/07/09","台灣摩根士丹利",85,63,22
"8430","2390云辰","110/07/09","新光-台中",12,33,-21
"8431","4903聯光通","110/07/09","元大-敦南",10,0,10
"8432","4903聯光通","110/07/09","第一金-台中",0,12,-12
"8433","4903聯光通","110/07/09","凱基-士林",5,0,5
"8434","4903聯光通","110/07/09","日盛-忠孝",0,3,-3
"8435","4903聯光通","110/07/09","元大-苗栗",5,0,5
"8436","4903聯光通","110/07/09","群益金鼎-崇德",0,3,-3
"8437","4903聯光通","110/07/09","元大-屏南",3,0,3
"8438","4903聯光通","110/07/09","國票-內壢",0,2,-2
"8439","4903聯光通","110/07/09","中國信託-永康",1,0,1
"8440","4903聯光通","110/07/09","康和-南崁",0,2,-2
"8441","4903聯光通","110/07/09","玉山證券",1,0,1
"8442","4903聯光通","110/07/09","新光-台中",0,2,-2
"8443","4903聯光通","110/07/09","元大-太平",4,3,1
"8444","4903聯光通","110/07/09","玉山-城中",0,2,-2
"8445","4903聯光通","110/07/09","永豐金-嘉義",1,0,1
"8446","4903聯光通","110/07/09","中國信託-文心",0,1,-1
"8447","4903聯光通","110/07/09","大昌",0,0,0
"8448","4903聯光通","110/07/09","大昌",0,0,0
"8449","4903聯光通","110/07/09","中農",0,0,0
"8450","4903聯光通","110/07/09","中農",0,0,0
"8451","4903聯光通","110/07/09","",NA,NA,NA
"8452","4903聯光通","110/07/09","",NA,NA,NA
"8453","4903聯光通","110/07/09","",NA,NA,NA
"8454","4903聯光通","110/07/09","",NA,NA,NA
"8455","4903聯光通","110/07/09","",NA,NA,NA
"8456","4903聯光通","110/07/09","",NA,NA,NA
"8457","4903聯光通","110/07/09","",NA,NA,NA
"8458","4903聯光通","110/07/09","",NA,NA,NA
"8459","4903聯光通","110/07/09","",NA,NA,NA
"8460","4903聯光通","110/07/09","",NA,NA,NA
"8461","2929淘帝","110/07/09","台中銀-台北",110,0,110
"8462","2929淘帝","110/07/09","新光",2,82,-80
"8463","2929淘帝","110/07/09","華南永昌-頭份",72,0,72
"8464","2929淘帝","110/07/09","摩根大通",2,63,-61
"8465","2929淘帝","110/07/09","合庫-高雄",71,0,71
"8466","2929淘帝","110/07/09","第一金-路竹",0,50,-50
"8467","2929淘帝","110/07/09","高橋-龍潭",37,0,37
"8468","2929淘帝","110/07/09","港商麥格理",0,42,-42
"8469","2929淘帝","110/07/09","新光-台中",60,26,34
"8470","2929淘帝","110/07/09","陽信-石牌",0,40,-40
"8471","2929淘帝","110/07/09","元富-大裕",22,1,21
"8472","2929淘帝","110/07/09","台新-左楠",1,39,-38
"8473","2929淘帝","110/07/09","合庫-鳳山",20,0,20
"8474","2929淘帝","110/07/09","凱基-桃園",3,29,-26
"8475","2929淘帝","110/07/09","元大-員林",22,2,20
"8476","2929淘帝","110/07/09","兆豐-內湖",0,25,-25
"8477","2929淘帝","110/07/09","台新-建北",15,0,15
"8478","2929淘帝","110/07/09","元大-北港",0,20,-20
"8479","2929淘帝","110/07/09","兆豐-桃園",13,0,13
"8480","2929淘帝","110/07/09","富邦-北港",0,19,-19
"8481","2929淘帝","110/07/09","兆豐-忠孝",10,0,10
"8482","2929淘帝","110/07/09","富邦-花蓮",0,17,-17
"8483","2929淘帝","110/07/09","國票-敦北法人",10,0,10
"8484","2929淘帝","110/07/09","國泰-台中",2,17,-15
"8485","2929淘帝","110/07/09","永豐金-博愛",10,0,10
"8486","2929淘帝","110/07/09","群益金鼎-彰化",0,15,-15
"8487","2929淘帝","110/07/09","群益金鼎-潭子",8,0,8
"8488","2929淘帝","110/07/09","元大-博愛",0,14,-14
"8489","2929淘帝","110/07/09","富邦-南屯",8,0,8
"8490","2929淘帝","110/07/09","日盛-板橋",0,13,-13
"8491","5410國眾","110/07/09","元大-新盛",14,0,14
"8492","5410國眾","110/07/09","(牛牛牛)亞-鑫豐",1,41,-40
"8493","5410國眾","110/07/09","台灣企銀-民雄",10,0,10
"8494","5410國眾","110/07/09","元富-嘉義",0,25,-25
"8495","5410國眾","110/07/09","元富-虎尾",9,0,9
"8496","5410國眾","110/07/09","凱基-高美館",0,10,-10
"8497","5410國眾","110/07/09","摩根大通",10,1,9
"8498","5410國眾","110/07/09","凱基-城中",0,10,-10
"8499","5410國眾","110/07/09","兆豐-北高雄",7,0,7
"8500","5410國眾","110/07/09","元大-頭份",0,10,-10
"8501","5410國眾","110/07/09","凱基-台北",8,1,7
"8502","5410國眾","110/07/09","群益金鼎-丹鳳",0,7,-7
"8503","5410國眾","110/07/09","華南永昌-公誠",7,0,7
"8504","5410國眾","110/07/09","凱基-復興",0,7,-7
"8505","5410國眾","110/07/09","香港上海匯豐",6,0,6
"8506","5410國眾","110/07/09","元大-員林",0,7,-7
"8507","5410國眾","110/07/09","凱基-中壢",6,0,6
"8508","5410國眾","110/07/09","富邦-竹東",0,6,-6
"8509","5410國眾","110/07/09","華南永昌-南京",6,0,6
"8510","5410國眾","110/07/09","亞東-高雄",0,5,-5
"8511","5410國眾","110/07/09","統一-三重",5,0,5
"8512","5410國眾","110/07/09","大慶-中壢",1,6,-5
"8513","5410國眾","110/07/09","富邦-宜蘭",5,0,5
"8514","5410國眾","110/07/09","群益金鼎-中港",0,5,-5
"8515","5410國眾","110/07/09","元大-崇德",5,0,5
"8516","5410國眾","110/07/09","元大-八德",0,5,-5
"8517","5410國眾","110/07/09","元大-博愛",5,0,5
"8518","5410國眾","110/07/09","富邦-基隆",0,4,-4
"8519","5410國眾","110/07/09","元大-龍潭",5,0,5
"8520","5410國眾","110/07/09","臺銀-新竹",0,3,-3
"8521","2841台開","110/07/09","日盛-雙和",102,0,102
"8522","2841台開","110/07/09","港商野村",0,129,-129
"8523","2841台開","110/07/09","元大-館前",70,0,70
"8524","2841台開","110/07/09","兆豐-永和",0,100,-100
"8525","2841台開","110/07/09","凱基-文心",50,0,50
"8526","2841台開","110/07/09","台新證券",7,28,-21
"8527","2841台開","110/07/09","富邦-嘉義",40,0,40
"8528","2841台開","110/07/09","國票-北高雄",0,20,-20
"8529","2841台開","110/07/09","美商高盛",15,0,15
"8530","2841台開","110/07/09","永豐金-敦南",29,46,-17
"8531","2841台開","110/07/09","台中銀",15,0,15
"8532","2841台開","110/07/09","合庫-基隆",0,12,-12
"8533","2841台開","110/07/09","新光",11,0,11
"8534","2841台開","110/07/09","中國信託-松江",0,12,-12
"8535","2841台開","110/07/09","華南永昌-長虹",10,0,10
"8536","2841台開","110/07/09","兆豐-城中",0,12,-12
"8537","2841台開","110/07/09","永豐金-南投",10,0,10
"8538","2841台開","110/07/09","台中銀-豐原",0,10,-10
"8539","2841台開","110/07/09","合庫-桃園",7,0,7
"8540","2841台開","110/07/09","兆豐-景美",0,10,-10
"8541","2841台開","110/07/09","群益金鼎-古亭",7,0,7
"8542","2841台開","110/07/09","群益金鼎-基隆",0,10,-10
"8543","2841台開","110/07/09","國泰-敦南",6,0,6
"8544","2841台開","110/07/09","元大-北三重",0,10,-10
"8545","2841台開","110/07/09","凱基-桃園",8,2,6
"8546","2841台開","110/07/09","(牛牛牛)亞-網路",0,9,-9
"8547","2841台開","110/07/09","日盛證券",5,0,5
"8548","2841台開","110/07/09","台新-高雄",1,10,-9
"8549","2841台開","110/07/09","元富-文心",5,0,5
"8550","2841台開","110/07/09","凱基-台北",0,7,-7
"8551","6207雷科","110/07/09","群益金鼎-新竹",47,0,47
"8552","6207雷科","110/07/09","新光",7,24,-17
"8553","6207雷科","110/07/09","永豐金-三重",31,0,31
"8554","6207雷科","110/07/09","日盛-和美",0,15,-15
"8555","6207雷科","110/07/09","新加坡商瑞銀",33,5,28
"8556","6207雷科","110/07/09","國泰-台南",0,15,-15
"8557","6207雷科","110/07/09","元大-高雄",26,0,26
"8558","6207雷科","110/07/09","華南永昌-古亭",0,14,-14
"8559","6207雷科","110/07/09","統一-員林",22,0,22
"8560","6207雷科","110/07/09","土銀-白河",0,11,-11
"8561","6207雷科","110/07/09","台新-高雄",22,0,22
"8562","6207雷科","110/07/09","日盛-台南",0,10,-10
"8563","6207雷科","110/07/09","摩根大通",34,17,17
"8564","6207雷科","110/07/09","元富-林園",0,10,-10
"8565","6207雷科","110/07/09","元大-博愛",17,1,16
"8566","6207雷科","110/07/09","富邦-園區",0,10,-10
"8567","6207雷科","110/07/09","日茂-埔里",12,0,12
"8568","6207雷科","110/07/09","元大-上新莊",0,10,-10
"8569","6207雷科","110/07/09","國泰-台中",17,6,11
"8570","6207雷科","110/07/09","永豐金-南京",0,10,-10
"8571","6207雷科","110/07/09","富邦-三重",10,0,10
"8572","6207雷科","110/07/09","兆豐-小港",0,6,-6
"8573","6207雷科","110/07/09","元大-沙鹿",10,0,10
"8574","6207雷科","110/07/09","富邦-羅東",1,7,-6
"8575","6207雷科","110/07/09","元大-八德",10,0,10
"8576","6207雷科","110/07/09","元大-土城永寧",0,6,-6
"8577","6207雷科","110/07/09","第一金-路竹",11,2,9
"8578","6207雷科","110/07/09","永豐金-板盛",0,6,-6
"8579","6207雷科","110/07/09","統一-南京",5,0,5
"8580","6207雷科","110/07/09","日盛-板橋",0,5,-5
"8581","3679新至陞","110/07/09","元大-大天母",10,0,10
"8582","3679新至陞","110/07/09","第一金-光復",0,11,-11
"8583","3679新至陞","110/07/09","日盛-樹林",9,0,9
"8584","3679新至陞","110/07/09","瑞士信貸",0,8,-8
"8585","3679新至陞","110/07/09","凱基-台北",11,2,9
"8586","3679新至陞","110/07/09","大慶-苗栗",0,5,-5
"8587","3679新至陞","110/07/09","華南永昌-小港",8,0,8
"8588","3679新至陞","110/07/09","元大-永春",0,5,-5
"8589","3679新至陞","110/07/09","兆豐-來福",7,0,7
"8590","3679新至陞","110/07/09","日盛-和美",0,4,-4
"8591","3679新至陞","110/07/09","香港上海匯豐",5,0,5
"8592","3679新至陞","110/07/09","元大-雙和",0,3,-3
"8593","3679新至陞","110/07/09","台中銀-員林",3,0,3
"8594","3679新至陞","110/07/09","永豐金-屏東",0,3,-3
"8595","3679新至陞","110/07/09","新光",3,0,3
"8596","3679新至陞","110/07/09","彰銀",0,2,-2
"8597","3679新至陞","110/07/09","土銀-花蓮",2,0,2
"8598","3679新至陞","110/07/09","宏遠-館前",0,2,-2
"8599","3679新至陞","110/07/09","第一金-澎湖",2,0,2
"8600","3679新至陞","110/07/09","港商野村",0,2,-2
"8601","3679新至陞","110/07/09","摩根大通",2,0,2
"8602","3679新至陞","110/07/09","大昌-新店",0,2,-2
"8603","3679新至陞","110/07/09","國泰-敦南",2,0,2
"8604","3679新至陞","110/07/09","元大-新莊",0,2,-2
"8605","3679新至陞","110/07/09","元大-淡水",4,2,2
"8606","3679新至陞","110/07/09","元大-板橋",0,2,-2
"8607","3679新至陞","110/07/09","日盛-士林",1,0,1
"8608","3679新至陞","110/07/09","台灣摩根士丹利",0,1,-1
"8609","3679新至陞","110/07/09","日盛-信義",1,0,1
"8610","3679新至陞","110/07/09","第一金-高雄",0,1,-1
"8611","2727王品","110/07/09","台灣匯立證券",90,0,90
"8612","2727王品","110/07/09","台灣摩根士丹利",0,267,-267
"8613","2727王品","110/07/09","國泰-敦南",166,84,82
"8614","2727王品","110/07/09","富邦-台北",35,299,-264
"8615","2727王品","110/07/09","富邦-仁愛",56,12,44
"8616","2727王品","110/07/09","凱基-台北",174,296,-122
"8617","2727王品","110/07/09","台新證券",109,66,43
"8618","2727王品","110/07/09","第一金",2,102,-100
"8619","2727王品","110/07/09","新光",117,87,30
"8620","2727王品","110/07/09","群益金鼎-大安",0,80,-80
"8621","2727王品","110/07/09","臺銀-臺中",35,6,29
"8622","2727王品","110/07/09","兆豐-大安",7,60,-53
"8623","2727王品","110/07/09","元大-桃園",32,3,29
"8624","2727王品","110/07/09","永豐金-南投",0,50,-50
"8625","2727王品","110/07/09","元富-宜蘭",34,6,28
"8626","2727王品","110/07/09","新加坡商瑞銀",6,46,-40
"8627","2727王品","110/07/09","玉山-台中",34,8,26
"8628","2727王品","110/07/09","合庫-彰化",11,50,-39
"8629","2727王品","110/07/09","群益金鼎-宜蘭",30,4,26
"8630","2727王品","110/07/09","永豐金-萬盛",13,52,-39
"8631","2727王品","110/07/09","富邦-台中",42,16,26
"8632","2727王品","110/07/09","瑞士信貸",0,34,-34
"8633","2727王品","110/07/09","第一金-豐原",25,1,24
"8634","2727王品","110/07/09","元大-和平",4,35,-31
"8635","2727王品","110/07/09","臺銀",30,8,22
"8636","2727王品","110/07/09","美林",14,44,-30
"8637","2727王品","110/07/09","兆豐-來福",23,1,22
"8638","2727王品","110/07/09","元大-員林",9,38,-29
"8639","2727王品","110/07/09","玉山-士林",22,2,20
"8640","2727王品","110/07/09","元富-西松",4,31,-27
"8641","1570力肯","110/07/09","凱基-台北",30,1,29
"8642","1570力肯","110/07/09","群益金鼎-彰化",0,20,-20
"8643","1570力肯","110/07/09","新光-台南",20,0,20
"8644","1570力肯","110/07/09","元大-土城學府",0,20,-20
"8645","1570力肯","110/07/09","元大-高雄",20,0,20
"8646","1570力肯","110/07/09","元大-大統",0,16,-16
"8647","1570力肯","110/07/09","國票-中正",12,0,12
"8648","1570力肯","110/07/09","元大-新營",0,11,-11
"8649","1570力肯","110/07/09","日盛-高雄",6,0,6
"8650","1570力肯","110/07/09","元大-和平",0,10,-10
"8651","1570力肯","110/07/09","元富-緯城",6,0,6
"8652","1570力肯","110/07/09","元大-草屯",0,10,-10
"8653","1570力肯","110/07/09","群益金鼎-台南",6,0,6
"8654","1570力肯","110/07/09","元大-鹿港",0,9,-9
"8655","1570力肯","110/07/09","華南永昌-岡山",6,0,6
"8656","1570力肯","110/07/09","合庫-基隆",0,7,-7
"8657","1570力肯","110/07/09","統一-中壢",5,0,5
"8658","1570力肯","110/07/09","摩根大通",2,8,-6
"8659","1570力肯","110/07/09","凱基-三峽",5,0,5
"8660","1570力肯","110/07/09","台灣企銀-豐原",0,4,-4
"8661","1570力肯","110/07/09","大昌-樹林",4,0,4
"8662","1570力肯","110/07/09","日盛-桃園",0,4,-4
"8663","1570力肯","110/07/09","新光",3,0,3
"8664","1570力肯","110/07/09","國泰-高雄",0,3,-3
"8665","1570力肯","110/07/09","富邦-新竹華信",3,0,3
"8666","1570力肯","110/07/09","永豐金-敦南",0,3,-3
"8667","1570力肯","110/07/09","合庫-台中",2,0,2
"8668","1570力肯","110/07/09","土銀-彰化",0,2,-2
"8669","1570力肯","110/07/09","臺銀-臺中",2,0,2
"8670","1570力肯","110/07/09","臺銀-鳳山",0,2,-2
"8671","6180橘子","110/07/09","摩根大通",63,1,62
"8672","6180橘子","110/07/09","元大-南京",1,32,-31
"8673","6180橘子","110/07/09","富邦-陽明",73,33,40
"8674","6180橘子","110/07/09","群益金鼎-台北",0,25,-25
"8675","6180橘子","110/07/09","新加坡商瑞銀",31,0,31
"8676","6180橘子","110/07/09","兆豐-復興",0,21,-21
"8677","6180橘子","110/07/09","美商高盛",25,0,25
"8678","6180橘子","110/07/09","永豐金-嘉義",0,21,-21
"8679","6180橘子","110/07/09","凱基-台北",26,10,16
"8680","6180橘子","110/07/09","凱基-中壢",8,24,-16
"8681","6180橘子","110/07/09","華南永昌-楠梓",13,0,13
"8682","6180橘子","110/07/09","致和-崇德",0,15,-15
"8683","6180橘子","110/07/09","華南永昌-朴子",11,0,11
"8684","6180橘子","110/07/09","群益金鼎-屏東",0,15,-15
"8685","6180橘子","110/07/09","元大-北港",11,0,11
"8686","6180橘子","110/07/09","群益金鼎-中山",0,15,-15
"8687","6180橘子","110/07/09","元大-成功",10,1,9
"8688","6180橘子","110/07/09","瑞士信貸",1,15,-14
"8689","6180橘子","110/07/09","新光",26,18,8
"8690","6180橘子","110/07/09","日盛-二林",0,10,-10
"8691","6180橘子","110/07/09","統一-三重",6,0,6
"8692","6180橘子","110/07/09","凱基-東門",0,10,-10
"8693","6180橘子","110/07/09","群益金鼎-嘉義",6,0,6
"8694","6180橘子","110/07/09","華南永昌-三重",0,10,-10
"8695","6180橘子","110/07/09","元大-員林中山",6,0,6
"8696","6180橘子","110/07/09","元大-彰化民生",1,11,-10
"8697","6180橘子","110/07/09","合庫-鳳山",5,0,5
"8698","6180橘子","110/07/09","永豐金-新店",1,11,-10
"8699","6180橘子","110/07/09","富邦-建國",6,1,5
"8700","6180橘子","110/07/09","群益金鼎-丹鳳",0,8,-8
"8701","2390云辰","110/07/09","摩根大通",279,56,223
"8702","2390云辰","110/07/09","元大-天母",0,127,-127
"8703","2390云辰","110/07/09","日盛-鳳山",110,2,108
"8704","2390云辰","110/07/09","中國信託-文心",5,109,-104
"8705","2390云辰","110/07/09","宏遠證券",100,0,100
"8706","2390云辰","110/07/09","永豐金-復興",0,55,-55
"8707","2390云辰","110/07/09","元大-大里",63,6,57
"8708","2390云辰","110/07/09","凱基-台北",239,286,-47
"8709","2390云辰","110/07/09","凱基-八德",59,10,49
"8710","2390云辰","110/07/09","德信",2,32,-30
"8711","2390云辰","110/07/09","合庫-新竹",40,0,40
"8712","2390云辰","110/07/09","兆豐-桃鶯",2,32,-30
"8713","2390云辰","110/07/09","國票",40,1,39
"8714","2390云辰","110/07/09","致和-南京",0,30,-30
"8715","2390云辰","110/07/09","新加坡商瑞銀",49,13,36
"8716","2390云辰","110/07/09","富邦-虎尾",1,31,-30
"8717","2390云辰","110/07/09","統一-新台中",36,2,34
"8718","2390云辰","110/07/09","元大-善化",2,31,-29
"8719","2390云辰","110/07/09","國票-嘉義",31,0,31
"8720","2390云辰","110/07/09","富邦-板橋",0,27,-27
"8721","2390云辰","110/07/09","華南永昌",35,7,28
"8722","2390云辰","110/07/09","富邦-永和",3,28,-25
"8723","2390云辰","110/07/09","玉山-台中",49,22,27
"8724","2390云辰","110/07/09","第一金-自由",20,44,-24
"8725","2390云辰","110/07/09","華南永昌-敦南",25,0,25
"8726","2390云辰","110/07/09","凱基-內湖",0,24,-24
"8727","2390云辰","110/07/09","新光-高雄",27,4,23
"8728","2390云辰","110/07/09","元大-汐止",1,24,-23
"8729","2390云辰","110/07/09","台灣摩根士丹利",85,63,22
"8730","2390云辰","110/07/09","新光-台中",12,33,-21
"8731","4903聯光通","110/07/09","元大-敦南",10,0,10
"8732","4903聯光通","110/07/09","第一金-台中",0,12,-12
"8733","4903聯光通","110/07/09","凱基-士林",5,0,5
"8734","4903聯光通","110/07/09","日盛-忠孝",0,3,-3
"8735","4903聯光通","110/07/09","元大-苗栗",5,0,5
"8736","4903聯光通","110/07/09","群益金鼎-崇德",0,3,-3
"8737","4903聯光通","110/07/09","元大-屏南",3,0,3
"8738","4903聯光通","110/07/09","國票-內壢",0,2,-2
"8739","4903聯光通","110/07/09","中國信託-永康",1,0,1
"8740","4903聯光通","110/07/09","康和-南崁",0,2,-2
"8741","4903聯光通","110/07/09","玉山證券",1,0,1
"8742","4903聯光通","110/07/09","新光-台中",0,2,-2
"8743","4903聯光通","110/07/09","元大-太平",4,3,1
"8744","4903聯光通","110/07/09","玉山-城中",0,2,-2
"8745","4903聯光通","110/07/09","永豐金-嘉義",1,0,1
"8746","4903聯光通","110/07/09","中國信託-文心",0,1,-1
"8747","4903聯光通","110/07/09","大昌",0,0,0
"8748","4903聯光通","110/07/09","大昌",0,0,0
"8749","4903聯光通","110/07/09","中農",0,0,0
"8750","4903聯光通","110/07/09","中農",0,0,0
"8751","4903聯光通","110/07/09","",NA,NA,NA
"8752","4903聯光通","110/07/09","",NA,NA,NA
"8753","4903聯光通","110/07/09","",NA,NA,NA
"8754","4903聯光通","110/07/09","",NA,NA,NA
"8755","4903聯光通","110/07/09","",NA,NA,NA
"8756","4903聯光通","110/07/09","",NA,NA,NA
"8757","4903聯光通","110/07/09","",NA,NA,NA
"8758","4903聯光通","110/07/09","",NA,NA,NA
"8759","4903聯光通","110/07/09","",NA,NA,NA
"8760","4903聯光通","110/07/09","",NA,NA,NA
"8761","2929淘帝","110/07/09","台中銀-台北",110,0,110
"8762","2929淘帝","110/07/09","新光",2,82,-80
"8763","2929淘帝","110/07/09","華南永昌-頭份",72,0,72
"8764","2929淘帝","110/07/09","摩根大通",2,63,-61
"8765","2929淘帝","110/07/09","合庫-高雄",71,0,71
"8766","2929淘帝","110/07/09","第一金-路竹",0,50,-50
"8767","2929淘帝","110/07/09","高橋-龍潭",37,0,37
"8768","2929淘帝","110/07/09","港商麥格理",0,42,-42
"8769","2929淘帝","110/07/09","新光-台中",60,26,34
"8770","2929淘帝","110/07/09","陽信-石牌",0,40,-40
"8771","2929淘帝","110/07/09","元富-大裕",22,1,21
"8772","2929淘帝","110/07/09","台新-左楠",1,39,-38
"8773","2929淘帝","110/07/09","合庫-鳳山",20,0,20
"8774","2929淘帝","110/07/09","凱基-桃園",3,29,-26
"8775","2929淘帝","110/07/09","元大-員林",22,2,20
"8776","2929淘帝","110/07/09","兆豐-內湖",0,25,-25
"8777","2929淘帝","110/07/09","台新-建北",15,0,15
"8778","2929淘帝","110/07/09","元大-北港",0,20,-20
"8779","2929淘帝","110/07/09","兆豐-桃園",13,0,13
"8780","2929淘帝","110/07/09","富邦-北港",0,19,-19
"8781","2929淘帝","110/07/09","兆豐-忠孝",10,0,10
"8782","2929淘帝","110/07/09","富邦-花蓮",0,17,-17
"8783","2929淘帝","110/07/09","國票-敦北法人",10,0,10
"8784","2929淘帝","110/07/09","國泰-台中",2,17,-15
"8785","2929淘帝","110/07/09","永豐金-博愛",10,0,10
"8786","2929淘帝","110/07/09","群益金鼎-彰化",0,15,-15
"8787","2929淘帝","110/07/09","群益金鼎-潭子",8,0,8
"8788","2929淘帝","110/07/09","元大-博愛",0,14,-14
"8789","2929淘帝","110/07/09","富邦-南屯",8,0,8
"8790","2929淘帝","110/07/09","日盛-板橋",0,13,-13
"8791","5410國眾","110/07/09","元大-新盛",14,0,14
"8792","5410國眾","110/07/09","(牛牛牛)亞-鑫豐",1,41,-40
"8793","5410國眾","110/07/09","台灣企銀-民雄",10,0,10
"8794","5410國眾","110/07/09","元富-嘉義",0,25,-25
"8795","5410國眾","110/07/09","元富-虎尾",9,0,9
"8796","5410國眾","110/07/09","凱基-高美館",0,10,-10
"8797","5410國眾","110/07/09","摩根大通",10,1,9
"8798","5410國眾","110/07/09","凱基-城中",0,10,-10
"8799","5410國眾","110/07/09","兆豐-北高雄",7,0,7
"8800","5410國眾","110/07/09","元大-頭份",0,10,-10
"8801","5410國眾","110/07/09","凱基-台北",8,1,7
"8802","5410國眾","110/07/09","群益金鼎-丹鳳",0,7,-7
"8803","5410國眾","110/07/09","華南永昌-公誠",7,0,7
"8804","5410國眾","110/07/09","凱基-復興",0,7,-7
"8805","5410國眾","110/07/09","香港上海匯豐",6,0,6
"8806","5410國眾","110/07/09","元大-員林",0,7,-7
"8807","5410國眾","110/07/09","凱基-中壢",6,0,6
"8808","5410國眾","110/07/09","富邦-竹東",0,6,-6
"8809","5410國眾","110/07/09","華南永昌-南京",6,0,6
"8810","5410國眾","110/07/09","亞東-高雄",0,5,-5
"8811","5410國眾","110/07/09","統一-三重",5,0,5
"8812","5410國眾","110/07/09","大慶-中壢",1,6,-5
"8813","5410國眾","110/07/09","富邦-宜蘭",5,0,5
"8814","5410國眾","110/07/09","群益金鼎-中港",0,5,-5
"8815","5410國眾","110/07/09","元大-崇德",5,0,5
"8816","5410國眾","110/07/09","元大-八德",0,5,-5
"8817","5410國眾","110/07/09","元大-博愛",5,0,5
"8818","5410國眾","110/07/09","富邦-基隆",0,4,-4
"8819","5410國眾","110/07/09","元大-龍潭",5,0,5
"8820","5410國眾","110/07/09","臺銀-新竹",0,3,-3
"8821","2841台開","110/07/09","日盛-雙和",102,0,102
"8822","2841台開","110/07/09","港商野村",0,129,-129
"8823","2841台開","110/07/09","元大-館前",70,0,70
"8824","2841台開","110/07/09","兆豐-永和",0,100,-100
"8825","2841台開","110/07/09","凱基-文心",50,0,50
"8826","2841台開","110/07/09","台新證券",7,28,-21
"8827","2841台開","110/07/09","富邦-嘉義",40,0,40
"8828","2841台開","110/07/09","國票-北高雄",0,20,-20
"8829","2841台開","110/07/09","美商高盛",15,0,15
"8830","2841台開","110/07/09","永豐金-敦南",29,46,-17
"8831","2841台開","110/07/09","台中銀",15,0,15
"8832","2841台開","110/07/09","合庫-基隆",0,12,-12
"8833","2841台開","110/07/09","新光",11,0,11
"8834","2841台開","110/07/09","中國信託-松江",0,12,-12
"8835","2841台開","110/07/09","華南永昌-長虹",10,0,10
"8836","2841台開","110/07/09","兆豐-城中",0,12,-12
"8837","2841台開","110/07/09","永豐金-南投",10,0,10
"8838","2841台開","110/07/09","台中銀-豐原",0,10,-10
"8839","2841台開","110/07/09","合庫-桃園",7,0,7
"8840","2841台開","110/07/09","兆豐-景美",0,10,-10
"8841","2841台開","110/07/09","群益金鼎-古亭",7,0,7
"8842","2841台開","110/07/09","群益金鼎-基隆",0,10,-10
"8843","2841台開","110/07/09","國泰-敦南",6,0,6
"8844","2841台開","110/07/09","元大-北三重",0,10,-10
"8845","2841台開","110/07/09","凱基-桃園",8,2,6
"8846","2841台開","110/07/09","(牛牛牛)亞-網路",0,9,-9
"8847","2841台開","110/07/09","日盛證券",5,0,5
"8848","2841台開","110/07/09","台新-高雄",1,10,-9
"8849","2841台開","110/07/09","元富-文心",5,0,5
"8850","2841台開","110/07/09","凱基-台北",0,7,-7
"8851","6207雷科","110/07/09","群益金鼎-新竹",47,0,47
"8852","6207雷科","110/07/09","新光",7,24,-17
"8853","6207雷科","110/07/09","永豐金-三重",31,0,31
"8854","6207雷科","110/07/09","日盛-和美",0,15,-15
"8855","6207雷科","110/07/09","新加坡商瑞銀",33,5,28
"8856","6207雷科","110/07/09","國泰-台南",0,15,-15
"8857","6207雷科","110/07/09","元大-高雄",26,0,26
"8858","6207雷科","110/07/09","華南永昌-古亭",0,14,-14
"8859","6207雷科","110/07/09","統一-員林",22,0,22
"8860","6207雷科","110/07/09","土銀-白河",0,11,-11
"8861","6207雷科","110/07/09","台新-高雄",22,0,22
"8862","6207雷科","110/07/09","日盛-台南",0,10,-10
"8863","6207雷科","110/07/09","摩根大通",34,17,17
"8864","6207雷科","110/07/09","元富-林園",0,10,-10
"8865","6207雷科","110/07/09","元大-博愛",17,1,16
"8866","6207雷科","110/07/09","富邦-園區",0,10,-10
"8867","6207雷科","110/07/09","日茂-埔里",12,0,12
"8868","6207雷科","110/07/09","元大-上新莊",0,10,-10
"8869","6207雷科","110/07/09","國泰-台中",17,6,11
"8870","6207雷科","110/07/09","永豐金-南京",0,10,-10
"8871","6207雷科","110/07/09","富邦-三重",10,0,10
"8872","6207雷科","110/07/09","兆豐-小港",0,6,-6
"8873","6207雷科","110/07/09","元大-沙鹿",10,0,10
"8874","6207雷科","110/07/09","富邦-羅東",1,7,-6
"8875","6207雷科","110/07/09","元大-八德",10,0,10
"8876","6207雷科","110/07/09","元大-土城永寧",0,6,-6
"8877","6207雷科","110/07/09","第一金-路竹",11,2,9
"8878","6207雷科","110/07/09","永豐金-板盛",0,6,-6
"8879","6207雷科","110/07/09","統一-南京",5,0,5
"8880","6207雷科","110/07/09","日盛-板橋",0,5,-5
"8881","3679新至陞","110/07/09","元大-大天母",10,0,10
"8882","3679新至陞","110/07/09","第一金-光復",0,11,-11
"8883","3679新至陞","110/07/09","日盛-樹林",9,0,9
"8884","3679新至陞","110/07/09","瑞士信貸",0,8,-8
"8885","3679新至陞","110/07/09","凱基-台北",11,2,9
"8886","3679新至陞","110/07/09","大慶-苗栗",0,5,-5
"8887","3679新至陞","110/07/09","華南永昌-小港",8,0,8
"8888","3679新至陞","110/07/09","元大-永春",0,5,-5
"8889","3679新至陞","110/07/09","兆豐-來福",7,0,7
"8890","3679新至陞","110/07/09","日盛-和美",0,4,-4
"8891","3679新至陞","110/07/09","香港上海匯豐",5,0,5
"8892","3679新至陞","110/07/09","元大-雙和",0,3,-3
"8893","3679新至陞","110/07/09","台中銀-員林",3,0,3
"8894","3679新至陞","110/07/09","永豐金-屏東",0,3,-3
"8895","3679新至陞","110/07/09","新光",3,0,3
"8896","3679新至陞","110/07/09","彰銀",0,2,-2
"8897","3679新至陞","110/07/09","土銀-花蓮",2,0,2
"8898","3679新至陞","110/07/09","宏遠-館前",0,2,-2
"8899","3679新至陞","110/07/09","第一金-澎湖",2,0,2
"8900","3679新至陞","110/07/09","港商野村",0,2,-2
"8901","3679新至陞","110/07/09","摩根大通",2,0,2
"8902","3679新至陞","110/07/09","大昌-新店",0,2,-2
"8903","3679新至陞","110/07/09","國泰-敦南",2,0,2
"8904","3679新至陞","110/07/09","元大-新莊",0,2,-2
"8905","3679新至陞","110/07/09","元大-淡水",4,2,2
"8906","3679新至陞","110/07/09","元大-板橋",0,2,-2
"8907","3679新至陞","110/07/09","日盛-士林",1,0,1
"8908","3679新至陞","110/07/09","台灣摩根士丹利",0,1,-1
"8909","3679新至陞","110/07/09","日盛-信義",1,0,1
"8910","3679新至陞","110/07/09","第一金-高雄",0,1,-1
"8911","2727王品","110/07/09","台灣匯立證券",90,0,90
"8912","2727王品","110/07/09","台灣摩根士丹利",0,267,-267
"8913","2727王品","110/07/09","國泰-敦南",166,84,82
"8914","2727王品","110/07/09","富邦-台北",35,299,-264
"8915","2727王品","110/07/09","富邦-仁愛",56,12,44
"8916","2727王品","110/07/09","凱基-台北",174,296,-122
"8917","2727王品","110/07/09","台新證券",109,66,43
"8918","2727王品","110/07/09","第一金",2,102,-100
"8919","2727王品","110/07/09","新光",117,87,30
"8920","2727王品","110/07/09","群益金鼎-大安",0,80,-80
"8921","2727王品","110/07/09","臺銀-臺中",35,6,29
"8922","2727王品","110/07/09","兆豐-大安",7,60,-53
"8923","2727王品","110/07/09","元大-桃園",32,3,29
"8924","2727王品","110/07/09","永豐金-南投",0,50,-50
"8925","2727王品","110/07/09","元富-宜蘭",34,6,28
"8926","2727王品","110/07/09","新加坡商瑞銀",6,46,-40
"8927","2727王品","110/07/09","玉山-台中",34,8,26
"8928","2727王品","110/07/09","合庫-彰化",11,50,-39
"8929","2727王品","110/07/09","群益金鼎-宜蘭",30,4,26
"8930","2727王品","110/07/09","永豐金-萬盛",13,52,-39
"8931","2727王品","110/07/09","富邦-台中",42,16,26
"8932","2727王品","110/07/09","瑞士信貸",0,34,-34
"8933","2727王品","110/07/09","第一金-豐原",25,1,24
"8934","2727王品","110/07/09","元大-和平",4,35,-31
"8935","2727王品","110/07/09","臺銀",30,8,22
"8936","2727王品","110/07/09","美林",14,44,-30
"8937","2727王品","110/07/09","兆豐-來福",23,1,22
"8938","2727王品","110/07/09","元大-員林",9,38,-29
"8939","2727王品","110/07/09","玉山-士林",22,2,20
"8940","2727王品","110/07/09","元富-西松",4,31,-27
"8941","1570力肯","110/07/09","凱基-台北",30,1,29
"8942","1570力肯","110/07/09","群益金鼎-彰化",0,20,-20
"8943","1570力肯","110/07/09","新光-台南",20,0,20
"8944","1570力肯","110/07/09","元大-土城學府",0,20,-20
"8945","1570力肯","110/07/09","元大-高雄",20,0,20
"8946","1570力肯","110/07/09","元大-大統",0,16,-16
"8947","1570力肯","110/07/09","國票-中正",12,0,12
"8948","1570力肯","110/07/09","元大-新營",0,11,-11
"8949","1570力肯","110/07/09","日盛-高雄",6,0,6
"8950","1570力肯","110/07/09","元大-和平",0,10,-10
"8951","1570力肯","110/07/09","元富-緯城",6,0,6
"8952","1570力肯","110/07/09","元大-草屯",0,10,-10
"8953","1570力肯","110/07/09","群益金鼎-台南",6,0,6
"8954","1570力肯","110/07/09","元大-鹿港",0,9,-9
"8955","1570力肯","110/07/09","華南永昌-岡山",6,0,6
"8956","1570力肯","110/07/09","合庫-基隆",0,7,-7
"8957","1570力肯","110/07/09","統一-中壢",5,0,5
"8958","1570力肯","110/07/09","摩根大通",2,8,-6
"8959","1570力肯","110/07/09","凱基-三峽",5,0,5
"8960","1570力肯","110/07/09","台灣企銀-豐原",0,4,-4
"8961","1570力肯","110/07/09","大昌-樹林",4,0,4
"8962","1570力肯","110/07/09","日盛-桃園",0,4,-4
"8963","1570力肯","110/07/09","新光",3,0,3
"8964","1570力肯","110/07/09","國泰-高雄",0,3,-3
"8965","1570力肯","110/07/09","富邦-新竹華信",3,0,3
"8966","1570力肯","110/07/09","永豐金-敦南",0,3,-3
"8967","1570力肯","110/07/09","合庫-台中",2,0,2
"8968","1570力肯","110/07/09","土銀-彰化",0,2,-2
"8969","1570力肯","110/07/09","臺銀-臺中",2,0,2
"8970","1570力肯","110/07/09","臺銀-鳳山",0,2,-2
"8971","6180橘子","110/07/09","摩根大通",63,1,62
"8972","6180橘子","110/07/09","元大-南京",1,32,-31
"8973","6180橘子","110/07/09","富邦-陽明",73,33,40
"8974","6180橘子","110/07/09","群益金鼎-台北",0,25,-25
"8975","6180橘子","110/07/09","新加坡商瑞銀",31,0,31
"8976","6180橘子","110/07/09","兆豐-復興",0,21,-21
"8977","6180橘子","110/07/09","美商高盛",25,0,25
"8978","6180橘子","110/07/09","永豐金-嘉義",0,21,-21
"8979","6180橘子","110/07/09","凱基-台北",26,10,16
"8980","6180橘子","110/07/09","凱基-中壢",8,24,-16
"8981","6180橘子","110/07/09","華南永昌-楠梓",13,0,13
"8982","6180橘子","110/07/09","致和-崇德",0,15,-15
"8983","6180橘子","110/07/09","華南永昌-朴子",11,0,11
"8984","6180橘子","110/07/09","群益金鼎-屏東",0,15,-15
"8985","6180橘子","110/07/09","元大-北港",11,0,11
"8986","6180橘子","110/07/09","群益金鼎-中山",0,15,-15
"8987","6180橘子","110/07/09","元大-成功",10,1,9
"8988","6180橘子","110/07/09","瑞士信貸",1,15,-14
"8989","6180橘子","110/07/09","新光",26,18,8
"8990","6180橘子","110/07/09","日盛-二林",0,10,-10
"8991","6180橘子","110/07/09","統一-三重",6,0,6
"8992","6180橘子","110/07/09","凱基-東門",0,10,-10
"8993","6180橘子","110/07/09","群益金鼎-嘉義",6,0,6
"8994","6180橘子","110/07/09","華南永昌-三重",0,10,-10
"8995","6180橘子","110/07/09","元大-員林中山",6,0,6
"8996","6180橘子","110/07/09","元大-彰化民生",1,11,-10
"8997","6180橘子","110/07/09","合庫-鳳山",5,0,5
"8998","6180橘子","110/07/09","永豐金-新店",1,11,-10
"8999","6180橘子","110/07/09","富邦-建國",6,1,5
"9000","6180橘子","110/07/09","群益金鼎-丹鳳",0,8,-8
"9001","2390云辰","110/07/09","摩根大通",279,56,223
"9002","2390云辰","110/07/09","元大-天母",0,127,-127
"9003","2390云辰","110/07/09","日盛-鳳山",110,2,108
"9004","2390云辰","110/07/09","中國信託-文心",5,109,-104
"9005","2390云辰","110/07/09","宏遠證券",100,0,100
"9006","2390云辰","110/07/09","永豐金-復興",0,55,-55
"9007","2390云辰","110/07/09","元大-大里",63,6,57
"9008","2390云辰","110/07/09","凱基-台北",239,286,-47
"9009","2390云辰","110/07/09","凱基-八德",59,10,49
"9010","2390云辰","110/07/09","德信",2,32,-30
"9011","2390云辰","110/07/09","合庫-新竹",40,0,40
"9012","2390云辰","110/07/09","兆豐-桃鶯",2,32,-30
"9013","2390云辰","110/07/09","國票",40,1,39
"9014","2390云辰","110/07/09","致和-南京",0,30,-30
"9015","2390云辰","110/07/09","新加坡商瑞銀",49,13,36
"9016","2390云辰","110/07/09","富邦-虎尾",1,31,-30
"9017","2390云辰","110/07/09","統一-新台中",36,2,34
"9018","2390云辰","110/07/09","元大-善化",2,31,-29
"9019","2390云辰","110/07/09","國票-嘉義",31,0,31
"9020","2390云辰","110/07/09","富邦-板橋",0,27,-27
"9021","2390云辰","110/07/09","華南永昌",35,7,28
"9022","2390云辰","110/07/09","富邦-永和",3,28,-25
"9023","2390云辰","110/07/09","玉山-台中",49,22,27
"9024","2390云辰","110/07/09","第一金-自由",20,44,-24
"9025","2390云辰","110/07/09","華南永昌-敦南",25,0,25
"9026","2390云辰","110/07/09","凱基-內湖",0,24,-24
"9027","2390云辰","110/07/09","新光-高雄",27,4,23
"9028","2390云辰","110/07/09","元大-汐止",1,24,-23
"9029","2390云辰","110/07/09","台灣摩根士丹利",85,63,22
"9030","2390云辰","110/07/09","新光-台中",12,33,-21
"9031","4903聯光通","110/07/09","元大-敦南",10,0,10
"9032","4903聯光通","110/07/09","第一金-台中",0,12,-12
"9033","4903聯光通","110/07/09","凱基-士林",5,0,5
"9034","4903聯光通","110/07/09","日盛-忠孝",0,3,-3
"9035","4903聯光通","110/07/09","元大-苗栗",5,0,5
"9036","4903聯光通","110/07/09","群益金鼎-崇德",0,3,-3
"9037","4903聯光通","110/07/09","元大-屏南",3,0,3
"9038","4903聯光通","110/07/09","國票-內壢",0,2,-2
"9039","4903聯光通","110/07/09","中國信託-永康",1,0,1
"9040","4903聯光通","110/07/09","康和-南崁",0,2,-2
"9041","4903聯光通","110/07/09","玉山證券",1,0,1
"9042","4903聯光通","110/07/09","新光-台中",0,2,-2
"9043","4903聯光通","110/07/09","元大-太平",4,3,1
"9044","4903聯光通","110/07/09","玉山-城中",0,2,-2
"9045","4903聯光通","110/07/09","永豐金-嘉義",1,0,1
"9046","4903聯光通","110/07/09","中國信託-文心",0,1,-1
"9047","4903聯光通","110/07/09","大昌",0,0,0
"9048","4903聯光通","110/07/09","大昌",0,0,0
"9049","4903聯光通","110/07/09","中農",0,0,0
"9050","4903聯光通","110/07/09","中農",0,0,0
"9051","4903聯光通","110/07/09","",NA,NA,NA
"9052","4903聯光通","110/07/09","",NA,NA,NA
"9053","4903聯光通","110/07/09","",NA,NA,NA
"9054","4903聯光通","110/07/09","",NA,NA,NA
"9055","4903聯光通","110/07/09","",NA,NA,NA
"9056","4903聯光通","110/07/09","",NA,NA,NA
"9057","4903聯光通","110/07/09","",NA,NA,NA
"9058","4903聯光通","110/07/09","",NA,NA,NA
"9059","4903聯光通","110/07/09","",NA,NA,NA
"9060","4903聯光通","110/07/09","",NA,NA,NA
"9061","2929淘帝","110/07/09","台中銀-台北",110,0,110
"9062","2929淘帝","110/07/09","新光",2,82,-80
"9063","2929淘帝","110/07/09","華南永昌-頭份",72,0,72
"9064","2929淘帝","110/07/09","摩根大通",2,63,-61
"9065","2929淘帝","110/07/09","合庫-高雄",71,0,71
"9066","2929淘帝","110/07/09","第一金-路竹",0,50,-50
"9067","2929淘帝","110/07/09","高橋-龍潭",37,0,37
"9068","2929淘帝","110/07/09","港商麥格理",0,42,-42
"9069","2929淘帝","110/07/09","新光-台中",60,26,34
"9070","2929淘帝","110/07/09","陽信-石牌",0,40,-40
"9071","2929淘帝","110/07/09","元富-大裕",22,1,21
"9072","2929淘帝","110/07/09","台新-左楠",1,39,-38
"9073","2929淘帝","110/07/09","合庫-鳳山",20,0,20
"9074","2929淘帝","110/07/09","凱基-桃園",3,29,-26
"9075","2929淘帝","110/07/09","元大-員林",22,2,20
"9076","2929淘帝","110/07/09","兆豐-內湖",0,25,-25
"9077","2929淘帝","110/07/09","台新-建北",15,0,15
"9078","2929淘帝","110/07/09","元大-北港",0,20,-20
"9079","2929淘帝","110/07/09","兆豐-桃園",13,0,13
"9080","2929淘帝","110/07/09","富邦-北港",0,19,-19
"9081","2929淘帝","110/07/09","兆豐-忠孝",10,0,10
"9082","2929淘帝","110/07/09","富邦-花蓮",0,17,-17
"9083","2929淘帝","110/07/09","國票-敦北法人",10,0,10
"9084","2929淘帝","110/07/09","國泰-台中",2,17,-15
"9085","2929淘帝","110/07/09","永豐金-博愛",10,0,10
"9086","2929淘帝","110/07/09","群益金鼎-彰化",0,15,-15
"9087","2929淘帝","110/07/09","群益金鼎-潭子",8,0,8
"9088","2929淘帝","110/07/09","元大-博愛",0,14,-14
"9089","2929淘帝","110/07/09","富邦-南屯",8,0,8
"9090","2929淘帝","110/07/09","日盛-板橋",0,13,-13
"9091","5410國眾","110/07/09","元大-新盛",14,0,14
"9092","5410國眾","110/07/09","(牛牛牛)亞-鑫豐",1,41,-40
"9093","5410國眾","110/07/09","台灣企銀-民雄",10,0,10
"9094","5410國眾","110/07/09","元富-嘉義",0,25,-25
"9095","5410國眾","110/07/09","元富-虎尾",9,0,9
"9096","5410國眾","110/07/09","凱基-高美館",0,10,-10
"9097","5410國眾","110/07/09","摩根大通",10,1,9
"9098","5410國眾","110/07/09","凱基-城中",0,10,-10
"9099","5410國眾","110/07/09","兆豐-北高雄",7,0,7
"9100","5410國眾","110/07/09","元大-頭份",0,10,-10
"9101","5410國眾","110/07/09","凱基-台北",8,1,7
"9102","5410國眾","110/07/09","群益金鼎-丹鳳",0,7,-7
"9103","5410國眾","110/07/09","華南永昌-公誠",7,0,7
"9104","5410國眾","110/07/09","凱基-復興",0,7,-7
"9105","5410國眾","110/07/09","香港上海匯豐",6,0,6
"9106","5410國眾","110/07/09","元大-員林",0,7,-7
"9107","5410國眾","110/07/09","凱基-中壢",6,0,6
"9108","5410國眾","110/07/09","富邦-竹東",0,6,-6
"9109","5410國眾","110/07/09","華南永昌-南京",6,0,6
"9110","5410國眾","110/07/09","亞東-高雄",0,5,-5
"9111","5410國眾","110/07/09","統一-三重",5,0,5
"9112","5410國眾","110/07/09","大慶-中壢",1,6,-5
"9113","5410國眾","110/07/09","富邦-宜蘭",5,0,5
"9114","5410國眾","110/07/09","群益金鼎-中港",0,5,-5
"9115","5410國眾","110/07/09","元大-崇德",5,0,5
"9116","5410國眾","110/07/09","元大-八德",0,5,-5
"9117","5410國眾","110/07/09","元大-博愛",5,0,5
"9118","5410國眾","110/07/09","富邦-基隆",0,4,-4
"9119","5410國眾","110/07/09","元大-龍潭",5,0,5
"9120","5410國眾","110/07/09","臺銀-新竹",0,3,-3
"9121","2841台開","110/07/09","日盛-雙和",102,0,102
"9122","2841台開","110/07/09","港商野村",0,129,-129
"9123","2841台開","110/07/09","元大-館前",70,0,70
"9124","2841台開","110/07/09","兆豐-永和",0,100,-100
"9125","2841台開","110/07/09","凱基-文心",50,0,50
"9126","2841台開","110/07/09","台新證券",7,28,-21
"9127","2841台開","110/07/09","富邦-嘉義",40,0,40
"9128","2841台開","110/07/09","國票-北高雄",0,20,-20
"9129","2841台開","110/07/09","美商高盛",15,0,15
"9130","2841台開","110/07/09","永豐金-敦南",29,46,-17
"9131","2841台開","110/07/09","台中銀",15,0,15
"9132","2841台開","110/07/09","合庫-基隆",0,12,-12
"9133","2841台開","110/07/09","新光",11,0,11
"9134","2841台開","110/07/09","中國信託-松江",0,12,-12
"9135","2841台開","110/07/09","華南永昌-長虹",10,0,10
"9136","2841台開","110/07/09","兆豐-城中",0,12,-12
"9137","2841台開","110/07/09","永豐金-南投",10,0,10
"9138","2841台開","110/07/09","台中銀-豐原",0,10,-10
"9139","2841台開","110/07/09","合庫-桃園",7,0,7
"9140","2841台開","110/07/09","兆豐-景美",0,10,-10
"9141","2841台開","110/07/09","群益金鼎-古亭",7,0,7
"9142","2841台開","110/07/09","群益金鼎-基隆",0,10,-10
"9143","2841台開","110/07/09","國泰-敦南",6,0,6
"9144","2841台開","110/07/09","元大-北三重",0,10,-10
"9145","2841台開","110/07/09","凱基-桃園",8,2,6
"9146","2841台開","110/07/09","(牛牛牛)亞-網路",0,9,-9
"9147","2841台開","110/07/09","日盛證券",5,0,5
"9148","2841台開","110/07/09","台新-高雄",1,10,-9
"9149","2841台開","110/07/09","元富-文心",5,0,5
"9150","2841台開","110/07/09","凱基-台北",0,7,-7
"9151","6207雷科","110/07/09","群益金鼎-新竹",47,0,47
"9152","6207雷科","110/07/09","新光",7,24,-17
"9153","6207雷科","110/07/09","永豐金-三重",31,0,31
"9154","6207雷科","110/07/09","日盛-和美",0,15,-15
"9155","6207雷科","110/07/09","新加坡商瑞銀",33,5,28
"9156","6207雷科","110/07/09","國泰-台南",0,15,-15
"9157","6207雷科","110/07/09","元大-高雄",26,0,26
"9158","6207雷科","110/07/09","華南永昌-古亭",0,14,-14
"9159","6207雷科","110/07/09","統一-員林",22,0,22
"9160","6207雷科","110/07/09","土銀-白河",0,11,-11
"9161","6207雷科","110/07/09","台新-高雄",22,0,22
"9162","6207雷科","110/07/09","日盛-台南",0,10,-10
"9163","6207雷科","110/07/09","摩根大通",34,17,17
"9164","6207雷科","110/07/09","元富-林園",0,10,-10
"9165","6207雷科","110/07/09","元大-博愛",17,1,16
"9166","6207雷科","110/07/09","富邦-園區",0,10,-10
"9167","6207雷科","110/07/09","日茂-埔里",12,0,12
"9168","6207雷科","110/07/09","元大-上新莊",0,10,-10
"9169","6207雷科","110/07/09","國泰-台中",17,6,11
"9170","6207雷科","110/07/09","永豐金-南京",0,10,-10
"9171","6207雷科","110/07/09","富邦-三重",10,0,10
"9172","6207雷科","110/07/09","兆豐-小港",0,6,-6
"9173","6207雷科","110/07/09","元大-沙鹿",10,0,10
"9174","6207雷科","110/07/09","富邦-羅東",1,7,-6
"9175","6207雷科","110/07/09","元大-八德",10,0,10
"9176","6207雷科","110/07/09","元大-土城永寧",0,6,-6
"9177","6207雷科","110/07/09","第一金-路竹",11,2,9
"9178","6207雷科","110/07/09","永豐金-板盛",0,6,-6
"9179","6207雷科","110/07/09","統一-南京",5,0,5
"9180","6207雷科","110/07/09","日盛-板橋",0,5,-5
"9181","3679新至陞","110/07/09","元大-大天母",10,0,10
"9182","3679新至陞","110/07/09","第一金-光復",0,11,-11
"9183","3679新至陞","110/07/09","日盛-樹林",9,0,9
"9184","3679新至陞","110/07/09","瑞士信貸",0,8,-8
"9185","3679新至陞","110/07/09","凱基-台北",11,2,9
"9186","3679新至陞","110/07/09","大慶-苗栗",0,5,-5
"9187","3679新至陞","110/07/09","華南永昌-小港",8,0,8
"9188","3679新至陞","110/07/09","元大-永春",0,5,-5
"9189","3679新至陞","110/07/09","兆豐-來福",7,0,7
"9190","3679新至陞","110/07/09","日盛-和美",0,4,-4
"9191","3679新至陞","110/07/09","香港上海匯豐",5,0,5
"9192","3679新至陞","110/07/09","元大-雙和",0,3,-3
"9193","3679新至陞","110/07/09","台中銀-員林",3,0,3
"9194","3679新至陞","110/07/09","永豐金-屏東",0,3,-3
"9195","3679新至陞","110/07/09","新光",3,0,3
"9196","3679新至陞","110/07/09","彰銀",0,2,-2
"9197","3679新至陞","110/07/09","土銀-花蓮",2,0,2
"9198","3679新至陞","110/07/09","宏遠-館前",0,2,-2
"9199","3679新至陞","110/07/09","第一金-澎湖",2,0,2
"9200","3679新至陞","110/07/09","港商野村",0,2,-2
"9201","3679新至陞","110/07/09","摩根大通",2,0,2
"9202","3679新至陞","110/07/09","大昌-新店",0,2,-2
"9203","3679新至陞","110/07/09","國泰-敦南",2,0,2
"9204","3679新至陞","110/07/09","元大-新莊",0,2,-2
"9205","3679新至陞","110/07/09","元大-淡水",4,2,2
"9206","3679新至陞","110/07/09","元大-板橋",0,2,-2
"9207","3679新至陞","110/07/09","日盛-士林",1,0,1
"9208","3679新至陞","110/07/09","台灣摩根士丹利",0,1,-1
"9209","3679新至陞","110/07/09","日盛-信義",1,0,1
"9210","3679新至陞","110/07/09","第一金-高雄",0,1,-1
"9211","2727王品","110/07/09","台灣匯立證券",90,0,90
"9212","2727王品","110/07/09","台灣摩根士丹利",0,267,-267
"9213","2727王品","110/07/09","國泰-敦南",166,84,82
"9214","2727王品","110/07/09","富邦-台北",35,299,-264
"9215","2727王品","110/07/09","富邦-仁愛",56,12,44
"9216","2727王品","110/07/09","凱基-台北",174,296,-122
"9217","2727王品","110/07/09","台新證券",109,66,43
"9218","2727王品","110/07/09","第一金",2,102,-100
"9219","2727王品","110/07/09","新光",117,87,30
"9220","2727王品","110/07/09","群益金鼎-大安",0,80,-80
"9221","2727王品","110/07/09","臺銀-臺中",35,6,29
"9222","2727王品","110/07/09","兆豐-大安",7,60,-53
"9223","2727王品","110/07/09","元大-桃園",32,3,29
"9224","2727王品","110/07/09","永豐金-南投",0,50,-50
"9225","2727王品","110/07/09","元富-宜蘭",34,6,28
"9226","2727王品","110/07/09","新加坡商瑞銀",6,46,-40
"9227","2727王品","110/07/09","玉山-台中",34,8,26
"9228","2727王品","110/07/09","合庫-彰化",11,50,-39
"9229","2727王品","110/07/09","群益金鼎-宜蘭",30,4,26
"9230","2727王品","110/07/09","永豐金-萬盛",13,52,-39
"9231","2727王品","110/07/09","富邦-台中",42,16,26
"9232","2727王品","110/07/09","瑞士信貸",0,34,-34
"9233","2727王品","110/07/09","第一金-豐原",25,1,24
"9234","2727王品","110/07/09","元大-和平",4,35,-31
"9235","2727王品","110/07/09","臺銀",30,8,22
"9236","2727王品","110/07/09","美林",14,44,-30
"9237","2727王品","110/07/09","兆豐-來福",23,1,22
"9238","2727王品","110/07/09","元大-員林",9,38,-29
"9239","2727王品","110/07/09","玉山-士林",22,2,20
"9240","2727王品","110/07/09","元富-西松",4,31,-27
"9241","1570力肯","110/07/09","凱基-台北",30,1,29
"9242","1570力肯","110/07/09","群益金鼎-彰化",0,20,-20
"9243","1570力肯","110/07/09","新光-台南",20,0,20
"9244","1570力肯","110/07/09","元大-土城學府",0,20,-20
"9245","1570力肯","110/07/09","元大-高雄",20,0,20
"9246","1570力肯","110/07/09","元大-大統",0,16,-16
"9247","1570力肯","110/07/09","國票-中正",12,0,12
"9248","1570力肯","110/07/09","元大-新營",0,11,-11
"9249","1570力肯","110/07/09","日盛-高雄",6,0,6
"9250","1570力肯","110/07/09","元大-和平",0,10,-10
"9251","1570力肯","110/07/09","元富-緯城",6,0,6
"9252","1570力肯","110/07/09","元大-草屯",0,10,-10
"9253","1570力肯","110/07/09","群益金鼎-台南",6,0,6
"9254","1570力肯","110/07/09","元大-鹿港",0,9,-9
"9255","1570力肯","110/07/09","華南永昌-岡山",6,0,6
"9256","1570力肯","110/07/09","合庫-基隆",0,7,-7
"9257","1570力肯","110/07/09","統一-中壢",5,0,5
"9258","1570力肯","110/07/09","摩根大通",2,8,-6
"9259","1570力肯","110/07/09","凱基-三峽",5,0,5
"9260","1570力肯","110/07/09","台灣企銀-豐原",0,4,-4
"9261","1570力肯","110/07/09","大昌-樹林",4,0,4
"9262","1570力肯","110/07/09","日盛-桃園",0,4,-4
"9263","1570力肯","110/07/09","新光",3,0,3
"9264","1570力肯","110/07/09","國泰-高雄",0,3,-3
"9265","1570力肯","110/07/09","富邦-新竹華信",3,0,3
"9266","1570力肯","110/07/09","永豐金-敦南",0,3,-3
"9267","1570力肯","110/07/09","合庫-台中",2,0,2
"9268","1570力肯","110/07/09","土銀-彰化",0,2,-2
"9269","1570力肯","110/07/09","臺銀-臺中",2,0,2
"9270","1570力肯","110/07/09","臺銀-鳳山",0,2,-2
"9271","6180橘子","110/07/09","摩根大通",63,1,62
"9272","6180橘子","110/07/09","元大-南京",1,32,-31
"9273","6180橘子","110/07/09","富邦-陽明",73,33,40
"9274","6180橘子","110/07/09","群益金鼎-台北",0,25,-25
"9275","6180橘子","110/07/09","新加坡商瑞銀",31,0,31
"9276","6180橘子","110/07/09","兆豐-復興",0,21,-21
"9277","6180橘子","110/07/09","美商高盛",25,0,25
"9278","6180橘子","110/07/09","永豐金-嘉義",0,21,-21
"9279","6180橘子","110/07/09","凱基-台北",26,10,16
"9280","6180橘子","110/07/09","凱基-中壢",8,24,-16
"9281","6180橘子","110/07/09","華南永昌-楠梓",13,0,13
"9282","6180橘子","110/07/09","致和-崇德",0,15,-15
"9283","6180橘子","110/07/09","華南永昌-朴子",11,0,11
"9284","6180橘子","110/07/09","群益金鼎-屏東",0,15,-15
"9285","6180橘子","110/07/09","元大-北港",11,0,11
"9286","6180橘子","110/07/09","群益金鼎-中山",0,15,-15
"9287","6180橘子","110/07/09","元大-成功",10,1,9
"9288","6180橘子","110/07/09","瑞士信貸",1,15,-14
"9289","6180橘子","110/07/09","新光",26,18,8
"9290","6180橘子","110/07/09","日盛-二林",0,10,-10
"9291","6180橘子","110/07/09","統一-三重",6,0,6
"9292","6180橘子","110/07/09","凱基-東門",0,10,-10
"9293","6180橘子","110/07/09","群益金鼎-嘉義",6,0,6
"9294","6180橘子","110/07/09","華南永昌-三重",0,10,-10
"9295","6180橘子","110/07/09","元大-員林中山",6,0,6
"9296","6180橘子","110/07/09","元大-彰化民生",1,11,-10
"9297","6180橘子","110/07/09","合庫-鳳山",5,0,5
"9298","6180橘子","110/07/09","永豐金-新店",1,11,-10
"9299","6180橘子","110/07/09","富邦-建國",6,1,5
"9300","6180橘子","110/07/09","群益金鼎-丹鳳",0,8,-8
"9301","2390云辰","110/07/09","摩根大通",279,56,223
"9302","2390云辰","110/07/09","元大-天母",0,127,-127
"9303","2390云辰","110/07/09","日盛-鳳山",110,2,108
"9304","2390云辰","110/07/09","中國信託-文心",5,109,-104
"9305","2390云辰","110/07/09","宏遠證券",100,0,100
"9306","2390云辰","110/07/09","永豐金-復興",0,55,-55
"9307","2390云辰","110/07/09","元大-大里",63,6,57
"9308","2390云辰","110/07/09","凱基-台北",239,286,-47
"9309","2390云辰","110/07/09","凱基-八德",59,10,49
"9310","2390云辰","110/07/09","德信",2,32,-30
"9311","2390云辰","110/07/09","合庫-新竹",40,0,40
"9312","2390云辰","110/07/09","兆豐-桃鶯",2,32,-30
"9313","2390云辰","110/07/09","國票",40,1,39
"9314","2390云辰","110/07/09","致和-南京",0,30,-30
"9315","2390云辰","110/07/09","新加坡商瑞銀",49,13,36
"9316","2390云辰","110/07/09","富邦-虎尾",1,31,-30
"9317","2390云辰","110/07/09","統一-新台中",36,2,34
"9318","2390云辰","110/07/09","元大-善化",2,31,-29
"9319","2390云辰","110/07/09","國票-嘉義",31,0,31
"9320","2390云辰","110/07/09","富邦-板橋",0,27,-27
"9321","2390云辰","110/07/09","華南永昌",35,7,28
"9322","2390云辰","110/07/09","富邦-永和",3,28,-25
"9323","2390云辰","110/07/09","玉山-台中",49,22,27
"9324","2390云辰","110/07/09","第一金-自由",20,44,-24
"9325","2390云辰","110/07/09","華南永昌-敦南",25,0,25
"9326","2390云辰","110/07/09","凱基-內湖",0,24,-24
"9327","2390云辰","110/07/09","新光-高雄",27,4,23
"9328","2390云辰","110/07/09","元大-汐止",1,24,-23
"9329","2390云辰","110/07/09","台灣摩根士丹利",85,63,22
"9330","2390云辰","110/07/09","新光-台中",12,33,-21
"9331","4903聯光通","110/07/09","元大-敦南",10,0,10
"9332","4903聯光通","110/07/09","第一金-台中",0,12,-12
"9333","4903聯光通","110/07/09","凱基-士林",5,0,5
"9334","4903聯光通","110/07/09","日盛-忠孝",0,3,-3
"9335","4903聯光通","110/07/09","元大-苗栗",5,0,5
"9336","4903聯光通","110/07/09","群益金鼎-崇德",0,3,-3
"9337","4903聯光通","110/07/09","元大-屏南",3,0,3
"9338","4903聯光通","110/07/09","國票-內壢",0,2,-2
"9339","4903聯光通","110/07/09","中國信託-永康",1,0,1
"9340","4903聯光通","110/07/09","康和-南崁",0,2,-2
"9341","4903聯光通","110/07/09","玉山證券",1,0,1
"9342","4903聯光通","110/07/09","新光-台中",0,2,-2
"9343","4903聯光通","110/07/09","元大-太平",4,3,1
"9344","4903聯光通","110/07/09","玉山-城中",0,2,-2
"9345","4903聯光通","110/07/09","永豐金-嘉義",1,0,1
"9346","4903聯光通","110/07/09","中國信託-文心",0,1,-1
"9347","4903聯光通","110/07/09","大昌",0,0,0
"9348","4903聯光通","110/07/09","大昌",0,0,0
"9349","4903聯光通","110/07/09","中農",0,0,0
"9350","4903聯光通","110/07/09","中農",0,0,0
"9351","2929淘帝","110/07/09","台中銀-台北",110,0,110
"9352","2929淘帝","110/07/09","新光",2,82,-80
"9353","2929淘帝","110/07/09","華南永昌-頭份",72,0,72
"9354","2929淘帝","110/07/09","摩根大通",2,63,-61
"9355","2929淘帝","110/07/09","合庫-高雄",71,0,71
"9356","2929淘帝","110/07/09","第一金-路竹",0,50,-50
"9357","2929淘帝","110/07/09","高橋-龍潭",37,0,37
"9358","2929淘帝","110/07/09","港商麥格理",0,42,-42
"9359","2929淘帝","110/07/09","新光-台中",60,26,34
"9360","2929淘帝","110/07/09","陽信-石牌",0,40,-40
"9361","2929淘帝","110/07/09","元富-大裕",22,1,21
"9362","2929淘帝","110/07/09","台新-左楠",1,39,-38
"9363","2929淘帝","110/07/09","合庫-鳳山",20,0,20
"9364","2929淘帝","110/07/09","凱基-桃園",3,29,-26
"9365","2929淘帝","110/07/09","元大-員林",22,2,20
"9366","2929淘帝","110/07/09","兆豐-內湖",0,25,-25
"9367","2929淘帝","110/07/09","台新-建北",15,0,15
"9368","2929淘帝","110/07/09","元大-北港",0,20,-20
"9369","2929淘帝","110/07/09","兆豐-桃園",13,0,13
"9370","2929淘帝","110/07/09","富邦-北港",0,19,-19
"9371","2929淘帝","110/07/09","兆豐-忠孝",10,0,10
"9372","2929淘帝","110/07/09","富邦-花蓮",0,17,-17
"9373","2929淘帝","110/07/09","國票-敦北法人",10,0,10
"9374","2929淘帝","110/07/09","國泰-台中",2,17,-15
"9375","2929淘帝","110/07/09","永豐金-博愛",10,0,10
"9376","2929淘帝","110/07/09","群益金鼎-彰化",0,15,-15
"9377","2929淘帝","110/07/09","群益金鼎-潭子",8,0,8
"9378","2929淘帝","110/07/09","元大-博愛",0,14,-14
"9379","2929淘帝","110/07/09","富邦-南屯",8,0,8
"9380","2929淘帝","110/07/09","日盛-板橋",0,13,-13
"9381","5410國眾","110/07/09","元大-新盛",14,0,14
"9382","5410國眾","110/07/09","(牛牛牛)亞-鑫豐",1,41,-40
"9383","5410國眾","110/07/09","台灣企銀-民雄",10,0,10
"9384","5410國眾","110/07/09","元富-嘉義",0,25,-25
"9385","5410國眾","110/07/09","元富-虎尾",9,0,9
"9386","5410國眾","110/07/09","凱基-高美館",0,10,-10
"9387","5410國眾","110/07/09","摩根大通",10,1,9
"9388","5410國眾","110/07/09","凱基-城中",0,10,-10
"9389","5410國眾","110/07/09","兆豐-北高雄",7,0,7
"9390","5410國眾","110/07/09","元大-頭份",0,10,-10
"9391","5410國眾","110/07/09","凱基-台北",8,1,7
"9392","5410國眾","110/07/09","群益金鼎-丹鳳",0,7,-7
"9393","5410國眾","110/07/09","華南永昌-公誠",7,0,7
"9394","5410國眾","110/07/09","凱基-復興",0,7,-7
"9395","5410國眾","110/07/09","香港上海匯豐",6,0,6
"9396","5410國眾","110/07/09","元大-員林",0,7,-7
"9397","5410國眾","110/07/09","凱基-中壢",6,0,6
"9398","5410國眾","110/07/09","富邦-竹東",0,6,-6
"9399","5410國眾","110/07/09","華南永昌-南京",6,0,6
"9400","5410國眾","110/07/09","亞東-高雄",0,5,-5
"9401","5410國眾","110/07/09","統一-三重",5,0,5
"9402","5410國眾","110/07/09","大慶-中壢",1,6,-5
"9403","5410國眾","110/07/09","富邦-宜蘭",5,0,5
"9404","5410國眾","110/07/09","群益金鼎-中港",0,5,-5
"9405","5410國眾","110/07/09","元大-崇德",5,0,5
"9406","5410國眾","110/07/09","元大-八德",0,5,-5
"9407","5410國眾","110/07/09","元大-博愛",5,0,5
"9408","5410國眾","110/07/09","富邦-基隆",0,4,-4
"9409","5410國眾","110/07/09","元大-龍潭",5,0,5
"9410","5410國眾","110/07/09","臺銀-新竹",0,3,-3
"9411","2841台開","110/07/09","日盛-雙和",102,0,102
"9412","2841台開","110/07/09","港商野村",0,129,-129
"9413","2841台開","110/07/09","元大-館前",70,0,70
"9414","2841台開","110/07/09","兆豐-永和",0,100,-100
"9415","2841台開","110/07/09","凱基-文心",50,0,50
"9416","2841台開","110/07/09","台新證券",7,28,-21
"9417","2841台開","110/07/09","富邦-嘉義",40,0,40
"9418","2841台開","110/07/09","國票-北高雄",0,20,-20
"9419","2841台開","110/07/09","美商高盛",15,0,15
"9420","2841台開","110/07/09","永豐金-敦南",29,46,-17
"9421","2841台開","110/07/09","台中銀",15,0,15
"9422","2841台開","110/07/09","合庫-基隆",0,12,-12
"9423","2841台開","110/07/09","新光",11,0,11
"9424","2841台開","110/07/09","中國信託-松江",0,12,-12
"9425","2841台開","110/07/09","華南永昌-長虹",10,0,10
"9426","2841台開","110/07/09","兆豐-城中",0,12,-12
"9427","2841台開","110/07/09","永豐金-南投",10,0,10
"9428","2841台開","110/07/09","台中銀-豐原",0,10,-10
"9429","2841台開","110/07/09","合庫-桃園",7,0,7
"9430","2841台開","110/07/09","兆豐-景美",0,10,-10
"9431","2841台開","110/07/09","群益金鼎-古亭",7,0,7
"9432","2841台開","110/07/09","群益金鼎-基隆",0,10,-10
"9433","2841台開","110/07/09","國泰-敦南",6,0,6
"9434","2841台開","110/07/09","元大-北三重",0,10,-10
"9435","2841台開","110/07/09","凱基-桃園",8,2,6
"9436","2841台開","110/07/09","(牛牛牛)亞-網路",0,9,-9
"9437","2841台開","110/07/09","日盛證券",5,0,5
"9438","2841台開","110/07/09","台新-高雄",1,10,-9
"9439","2841台開","110/07/09","元富-文心",5,0,5
"9440","2841台開","110/07/09","凱基-台北",0,7,-7
"9441","6207雷科","110/07/09","群益金鼎-新竹",47,0,47
"9442","6207雷科","110/07/09","新光",7,24,-17
"9443","6207雷科","110/07/09","永豐金-三重",31,0,31
"9444","6207雷科","110/07/09","日盛-和美",0,15,-15
"9445","6207雷科","110/07/09","新加坡商瑞銀",33,5,28
"9446","6207雷科","110/07/09","國泰-台南",0,15,-15
"9447","6207雷科","110/07/09","元大-高雄",26,0,26
"9448","6207雷科","110/07/09","華南永昌-古亭",0,14,-14
"9449","6207雷科","110/07/09","統一-員林",22,0,22
"9450","6207雷科","110/07/09","土銀-白河",0,11,-11
"9451","6207雷科","110/07/09","台新-高雄",22,0,22
"9452","6207雷科","110/07/09","日盛-台南",0,10,-10
"9453","6207雷科","110/07/09","摩根大通",34,17,17
"9454","6207雷科","110/07/09","元富-林園",0,10,-10
"9455","6207雷科","110/07/09","元大-博愛",17,1,16
"9456","6207雷科","110/07/09","富邦-園區",0,10,-10
"9457","6207雷科","110/07/09","日茂-埔里",12,0,12
"9458","6207雷科","110/07/09","元大-上新莊",0,10,-10
"9459","6207雷科","110/07/09","國泰-台中",17,6,11
"9460","6207雷科","110/07/09","永豐金-南京",0,10,-10
"9461","6207雷科","110/07/09","富邦-三重",10,0,10
"9462","6207雷科","110/07/09","兆豐-小港",0,6,-6
"9463","6207雷科","110/07/09","元大-沙鹿",10,0,10
"9464","6207雷科","110/07/09","富邦-羅東",1,7,-6
"9465","6207雷科","110/07/09","元大-八德",10,0,10
"9466","6207雷科","110/07/09","元大-土城永寧",0,6,-6
"9467","6207雷科","110/07/09","第一金-路竹",11,2,9
"9468","6207雷科","110/07/09","永豐金-板盛",0,6,-6
"9469","6207雷科","110/07/09","統一-南京",5,0,5
"9470","6207雷科","110/07/09","日盛-板橋",0,5,-5
"9471","3679新至陞","110/07/09","元大-大天母",10,0,10
"9472","3679新至陞","110/07/09","第一金-光復",0,11,-11
"9473","3679新至陞","110/07/09","日盛-樹林",9,0,9
"9474","3679新至陞","110/07/09","瑞士信貸",0,8,-8
"9475","3679新至陞","110/07/09","凱基-台北",11,2,9
"9476","3679新至陞","110/07/09","大慶-苗栗",0,5,-5
"9477","3679新至陞","110/07/09","華南永昌-小港",8,0,8
"9478","3679新至陞","110/07/09","元大-永春",0,5,-5
"9479","3679新至陞","110/07/09","兆豐-來福",7,0,7
"9480","3679新至陞","110/07/09","日盛-和美",0,4,-4
"9481","3679新至陞","110/07/09","香港上海匯豐",5,0,5
"9482","3679新至陞","110/07/09","元大-雙和",0,3,-3
"9483","3679新至陞","110/07/09","台中銀-員林",3,0,3
"9484","3679新至陞","110/07/09","永豐金-屏東",0,3,-3
"9485","3679新至陞","110/07/09","新光",3,0,3
"9486","3679新至陞","110/07/09","彰銀",0,2,-2
"9487","3679新至陞","110/07/09","土銀-花蓮",2,0,2
"9488","3679新至陞","110/07/09","宏遠-館前",0,2,-2
"9489","3679新至陞","110/07/09","第一金-澎湖",2,0,2
"9490","3679新至陞","110/07/09","港商野村",0,2,-2
"9491","3679新至陞","110/07/09","摩根大通",2,0,2
"9492","3679新至陞","110/07/09","大昌-新店",0,2,-2
"9493","3679新至陞","110/07/09","國泰-敦南",2,0,2
"9494","3679新至陞","110/07/09","元大-新莊",0,2,-2
"9495","3679新至陞","110/07/09","元大-淡水",4,2,2
"9496","3679新至陞","110/07/09","元大-板橋",0,2,-2
"9497","3679新至陞","110/07/09","日盛-士林",1,0,1
"9498","3679新至陞","110/07/09","台灣摩根士丹利",0,1,-1
"9499","3679新至陞","110/07/09","日盛-信義",1,0,1
"9500","3679新至陞","110/07/09","第一金-高雄",0,1,-1
"9501","2727王品","110/07/09","台灣匯立證券",90,0,90
"9502","2727王品","110/07/09","台灣摩根士丹利",0,267,-267
"9503","2727王品","110/07/09","國泰-敦南",166,84,82
"9504","2727王品","110/07/09","富邦-台北",35,299,-264
"9505","2727王品","110/07/09","富邦-仁愛",56,12,44
"9506","2727王品","110/07/09","凱基-台北",174,296,-122
"9507","2727王品","110/07/09","台新證券",109,66,43
"9508","2727王品","110/07/09","第一金",2,102,-100
"9509","2727王品","110/07/09","新光",117,87,30
"9510","2727王品","110/07/09","群益金鼎-大安",0,80,-80
"9511","2727王品","110/07/09","臺銀-臺中",35,6,29
"9512","2727王品","110/07/09","兆豐-大安",7,60,-53
"9513","2727王品","110/07/09","元大-桃園",32,3,29
"9514","2727王品","110/07/09","永豐金-南投",0,50,-50
"9515","2727王品","110/07/09","元富-宜蘭",34,6,28
"9516","2727王品","110/07/09","新加坡商瑞銀",6,46,-40
"9517","2727王品","110/07/09","玉山-台中",34,8,26
"9518","2727王品","110/07/09","合庫-彰化",11,50,-39
"9519","2727王品","110/07/09","群益金鼎-宜蘭",30,4,26
"9520","2727王品","110/07/09","永豐金-萬盛",13,52,-39
"9521","2727王品","110/07/09","富邦-台中",42,16,26
"9522","2727王品","110/07/09","瑞士信貸",0,34,-34
"9523","2727王品","110/07/09","第一金-豐原",25,1,24
"9524","2727王品","110/07/09","元大-和平",4,35,-31
"9525","2727王品","110/07/09","臺銀",30,8,22
"9526","2727王品","110/07/09","美林",14,44,-30
"9527","2727王品","110/07/09","兆豐-來福",23,1,22
"9528","2727王品","110/07/09","元大-員林",9,38,-29
"9529","2727王品","110/07/09","玉山-士林",22,2,20
"9530","2727王品","110/07/09","元富-西松",4,31,-27
"9531","1570力肯","110/07/09","凱基-台北",30,1,29
"9532","1570力肯","110/07/09","群益金鼎-彰化",0,20,-20
"9533","1570力肯","110/07/09","新光-台南",20,0,20
"9534","1570力肯","110/07/09","元大-土城學府",0,20,-20
"9535","1570力肯","110/07/09","元大-高雄",20,0,20
"9536","1570力肯","110/07/09","元大-大統",0,16,-16
"9537","1570力肯","110/07/09","國票-中正",12,0,12
"9538","1570力肯","110/07/09","元大-新營",0,11,-11
"9539","1570力肯","110/07/09","日盛-高雄",6,0,6
"9540","1570力肯","110/07/09","元大-和平",0,10,-10
"9541","1570力肯","110/07/09","元富-緯城",6,0,6
"9542","1570力肯","110/07/09","元大-草屯",0,10,-10
"9543","1570力肯","110/07/09","群益金鼎-台南",6,0,6
"9544","1570力肯","110/07/09","元大-鹿港",0,9,-9
"9545","1570力肯","110/07/09","華南永昌-岡山",6,0,6
"9546","1570力肯","110/07/09","合庫-基隆",0,7,-7
"9547","1570力肯","110/07/09","統一-中壢",5,0,5
"9548","1570力肯","110/07/09","摩根大通",2,8,-6
"9549","1570力肯","110/07/09","凱基-三峽",5,0,5
"9550","1570力肯","110/07/09","台灣企銀-豐原",0,4,-4
"9551","1570力肯","110/07/09","大昌-樹林",4,0,4
"9552","1570力肯","110/07/09","日盛-桃園",0,4,-4
"9553","1570力肯","110/07/09","新光",3,0,3
"9554","1570力肯","110/07/09","國泰-高雄",0,3,-3
"9555","1570力肯","110/07/09","富邦-新竹華信",3,0,3
"9556","1570力肯","110/07/09","永豐金-敦南",0,3,-3
"9557","1570力肯","110/07/09","合庫-台中",2,0,2
"9558","1570力肯","110/07/09","土銀-彰化",0,2,-2
"9559","1570力肯","110/07/09","臺銀-臺中",2,0,2
"9560","1570力肯","110/07/09","臺銀-鳳山",0,2,-2
"9561","6180橘子","110/07/09","摩根大通",63,1,62
"9562","6180橘子","110/07/09","元大-南京",1,32,-31
"9563","6180橘子","110/07/09","富邦-陽明",73,33,40
"9564","6180橘子","110/07/09","群益金鼎-台北",0,25,-25
"9565","6180橘子","110/07/09","新加坡商瑞銀",31,0,31
"9566","6180橘子","110/07/09","兆豐-復興",0,21,-21
"9567","6180橘子","110/07/09","美商高盛",25,0,25
"9568","6180橘子","110/07/09","永豐金-嘉義",0,21,-21
"9569","6180橘子","110/07/09","凱基-台北",26,10,16
"9570","6180橘子","110/07/09","凱基-中壢",8,24,-16
"9571","6180橘子","110/07/09","華南永昌-楠梓",13,0,13
"9572","6180橘子","110/07/09","致和-崇德",0,15,-15
"9573","6180橘子","110/07/09","華南永昌-朴子",11,0,11
"9574","6180橘子","110/07/09","群益金鼎-屏東",0,15,-15
"9575","6180橘子","110/07/09","元大-北港",11,0,11
"9576","6180橘子","110/07/09","群益金鼎-中山",0,15,-15
"9577","6180橘子","110/07/09","元大-成功",10,1,9
"9578","6180橘子","110/07/09","瑞士信貸",1,15,-14
"9579","6180橘子","110/07/09","新光",26,18,8
"9580","6180橘子","110/07/09","日盛-二林",0,10,-10
"9581","6180橘子","110/07/09","統一-三重",6,0,6
"9582","6180橘子","110/07/09","凱基-東門",0,10,-10
"9583","6180橘子","110/07/09","群益金鼎-嘉義",6,0,6
"9584","6180橘子","110/07/09","華南永昌-三重",0,10,-10
"9585","6180橘子","110/07/09","元大-員林中山",6,0,6
"9586","6180橘子","110/07/09","元大-彰化民生",1,11,-10
"9587","6180橘子","110/07/09","合庫-鳳山",5,0,5
"9588","6180橘子","110/07/09","永豐金-新店",1,11,-10
"9589","6180橘子","110/07/09","富邦-建國",6,1,5
"9590","6180橘子","110/07/09","群益金鼎-丹鳳",0,8,-8
"9591","2390云辰","110/07/09","摩根大通",279,56,223
"9592","2390云辰","110/07/09","元大-天母",0,127,-127
"9593","2390云辰","110/07/09","日盛-鳳山",110,2,108
"9594","2390云辰","110/07/09","中國信託-文心",5,109,-104
"9595","2390云辰","110/07/09","宏遠證券",100,0,100
"9596","2390云辰","110/07/09","永豐金-復興",0,55,-55
"9597","2390云辰","110/07/09","元大-大里",63,6,57
"9598","2390云辰","110/07/09","凱基-台北",239,286,-47
"9599","2390云辰","110/07/09","凱基-八德",59,10,49
"9600","2390云辰","110/07/09","德信",2,32,-30
"9601","2390云辰","110/07/09","合庫-新竹",40,0,40
"9602","2390云辰","110/07/09","兆豐-桃鶯",2,32,-30
"9603","2390云辰","110/07/09","國票",40,1,39
"9604","2390云辰","110/07/09","致和-南京",0,30,-30
"9605","2390云辰","110/07/09","新加坡商瑞銀",49,13,36
"9606","2390云辰","110/07/09","富邦-虎尾",1,31,-30
"9607","2390云辰","110/07/09","統一-新台中",36,2,34
"9608","2390云辰","110/07/09","元大-善化",2,31,-29
"9609","2390云辰","110/07/09","國票-嘉義",31,0,31
"9610","2390云辰","110/07/09","富邦-板橋",0,27,-27
"9611","2390云辰","110/07/09","華南永昌",35,7,28
"9612","2390云辰","110/07/09","富邦-永和",3,28,-25
"9613","2390云辰","110/07/09","玉山-台中",49,22,27
"9614","2390云辰","110/07/09","第一金-自由",20,44,-24
"9615","2390云辰","110/07/09","華南永昌-敦南",25,0,25
"9616","2390云辰","110/07/09","凱基-內湖",0,24,-24
"9617","2390云辰","110/07/09","新光-高雄",27,4,23
"9618","2390云辰","110/07/09","元大-汐止",1,24,-23
"9619","2390云辰","110/07/09","台灣摩根士丹利",85,63,22
"9620","2390云辰","110/07/09","新光-台中",12,33,-21
"9621","4903聯光通","110/07/08","元富-新興",18,0,18
"9622","4903聯光通","110/07/08","中國信託-中壢",0,14,-14
"9623","4903聯光通","110/07/08","元大-苗栗",9,0,9
"9624","4903聯光通","110/07/08","彰銀",0,7,-7
"9625","4903聯光通","110/07/08","兆豐-鹿港",3,0,3
"9626","4903聯光通","110/07/08","中國信託-松江",0,5,-5
"9627","4903聯光通","110/07/08","群益金鼎-萬華",2,0,2
"9628","4903聯光通","110/07/08","光和",0,2,-2
"9629","4903聯光通","110/07/08","元大-屏南",1,0,1
"9630","4903聯光通","110/07/08","元大-鶯歌",0,2,-2
"9631","4903聯光通","110/07/08","華南永昌-新莊",0,0,0
"9632","4903聯光通","110/07/08","群益金鼎-館前",0,1,-1
"9633","4903聯光通","110/07/08","元大-羅東",0,0,0
"9634","4903聯光通","110/07/08","華南永昌",0,1,-1
"9635","4903聯光通","110/07/08","元大-太平",2,3,-1
"9636","4903聯光通","110/07/08","華南永昌-新莊",0,0,0
"9637","4903聯光通","110/07/08","元大-羅東",0,0,0
"9638","2929淘帝","110/07/08","日盛-園區",90,6,84
"9639","2929淘帝","110/07/08","元大-太平",1,111,-110
"9640","2929淘帝","110/07/08","華南永昌-頭份",54,0,54
"9641","2929淘帝","110/07/08","港商野村",31,106,-75
"9642","2929淘帝","110/07/08","美商高盛",50,0,50
"9643","2929淘帝","110/07/08","凱基-板橋",62,111,-49
"9644","2929淘帝","110/07/08","台中銀-台北",50,0,50
"9645","2929淘帝","110/07/08","新光-台中",30,78,-48
"9646","2929淘帝","110/07/08","臺銀-臺南",30,0,30
"9647","2929淘帝","110/07/08","元富-永和",1,41,-40
"9648","2929淘帝","110/07/08","永豐金-大園",42,12,30
"9649","2929淘帝","110/07/08","永豐金-鳳山",0,28,-28
"9650","2929淘帝","110/07/08","元富-三重",30,1,29
"9651","2929淘帝","110/07/08","元大-南崁",0,26,-26
"9652","2929淘帝","110/07/08","兆豐-桃鶯",29,0,29
"9653","2929淘帝","110/07/08","元大-花蓮",2,27,-25
"9654","2929淘帝","110/07/08","元大-承德",20,3,17
"9655","2929淘帝","110/07/08","元大-府城",0,24,-24
"9656","2929淘帝","110/07/08","新光-新竹",13,0,13
"9657","2929淘帝","110/07/08","新光",21,43,-22
"9658","2929淘帝","110/07/08","富邦-內湖",13,0,13
"9659","2929淘帝","110/07/08","臺銀-民權",0,20,-20
"9660","2929淘帝","110/07/08","國泰-板橋",13,1,12
"9661","2929淘帝","110/07/08","摩根大通",66,84,-18
"9662","2929淘帝","110/07/08","第一金-大稻埕",10,0,10
"9663","2929淘帝","110/07/08","凱基-台北",0,17,-17
"9664","2929淘帝","110/07/08","統一-汐止",10,0,10
"9665","2929淘帝","110/07/08","元大-博愛",6,23,-17
"9666","2929淘帝","110/07/08","元富-大裕",10,0,10
"9667","2929淘帝","110/07/08","永豐金-桃盛",0,16,-16
"9668","5410國眾","110/07/08","元大-新盛",15,0,15
"9669","5410國眾","110/07/08","元大-旗山",0,50,-50
"9670","5410國眾","110/07/08","元大-屏南",10,0,10
"9671","5410國眾","110/07/08","元大-頭份",0,14,-14
"9672","5410國眾","110/07/08","元大-成功",10,0,10
"9673","5410國眾","110/07/08","國泰-高雄",0,8,-8
"9674","5410國眾","110/07/08","元大-東泰",7,0,7
"9675","5410國眾","110/07/08","元大-小港",0,7,-7
"9676","5410國眾","110/07/08","富邦-陽明",6,0,6
"9677","5410國眾","110/07/08","統一-嘉義",0,5,-5
"9678","5410國眾","110/07/08","臺銀-金山",5,0,5
"9679","5410國眾","110/07/08","兆豐-台中港",0,5,-5
"9680","5410國眾","110/07/08","日盛-員林",5,0,5
"9681","5410國眾","110/07/08","凱基-屏東",0,5,-5
"9682","5410國眾","110/07/08","摩根大通",5,0,5
"9683","5410國眾","110/07/08","元大-八德",0,5,-5
"9684","5410國眾","110/07/08","富邦-桃園",5,0,5
"9685","5410國眾","110/07/08","元富-嘉義",0,4,-4
"9686","5410國眾","110/07/08","元富-大昌",4,0,4
"9687","5410國眾","110/07/08","玉山-雙和",0,4,-4
"9688","5410國眾","110/07/08","台新-台中",4,0,4
"9689","5410國眾","110/07/08","凱基-高美館",1,5,-4
"9690","5410國眾","110/07/08","華南永昌-小港",5,1,4
"9691","5410國眾","110/07/08","統一-員林",0,3,-3
"9692","5410國眾","110/07/08","元大-新竹",5,1,4
"9693","5410國眾","110/07/08","臺銀-鳳山",0,2,-2
"9694","5410國眾","110/07/08","元大-土城學府",4,0,4
"9695","5410國眾","110/07/08","亞東",0,2,-2
"9696","5410國眾","110/07/08","元大-新莊",4,0,4
"9697","5410國眾","110/07/08","新光",0,2,-2
"9698","2841台開","110/07/08","元大-樹林",653,0,653
"9699","2841台開","110/07/08","港商野村",0,868,-868
"9700","2841台開","110/07/08","台新證券",115,0,115
"9701","2841台開","110/07/08","群益金鼎-忠孝",0,100,-100
"9702","2841台開","110/07/08","永豐金-豐原",105,0,105
"9703","2841台開","110/07/08","宏遠-高雄",0,56,-56
"9704","2841台開","110/07/08","元富-新興",100,0,100
"9705","2841台開","110/07/08","新光",3,38,-35
"9706","2841台開","110/07/08","凱基-文心",50,0,50
"9707","2841台開","110/07/08","花旗環球",0,29,-29
"9708","2841台開","110/07/08","元大-八德",40,0,40
"9709","2841台開","110/07/08","富邦-仁愛",2,30,-28
"9710","2841台開","110/07/08","日盛-雙和",30,0,30
"9711","2841台開","110/07/08","元富-潮州",0,24,-24
"9712","2841台開","110/07/08","統一-竹南",30,0,30
"9713","2841台開","110/07/08","元大-沙鹿",0,20,-20
"9714","2841台開","110/07/08","凱基-台南",30,0,30
"9715","2841台開","110/07/08","元大-汐止",0,20,-20
"9716","2841台開","110/07/08","元大-福營",30,0,30
"9717","2841台開","110/07/08","合庫-嘉義",2,20,-18
"9718","2841台開","110/07/08","合庫-台中",22,0,22
"9719","2841台開","110/07/08","國泰-敦南",3,21,-18
"9720","2841台開","110/07/08","大昌-安康",28,10,18
"9721","2841台開","110/07/08","日盛-竹北",0,15,-15
"9722","2841台開","110/07/08","元大-斗信",15,0,15
"9723","2841台開","110/07/08","元大-三重",0,15,-15
"9724","2841台開","110/07/08","富邦-台北",13,0,13
"9725","2841台開","110/07/08","永豐金-敦南",45,60,-15
"9726","2841台開","110/07/08","合庫-桃園",10,0,10
"9727","2841台開","110/07/08","(牛牛牛)亞-網路",0,12,-12
"9728","6207雷科","110/07/08","台新-高雄",54,2,52
"9729","6207雷科","110/07/08","群益金鼎-丹鳳",0,60,-60
"9730","6207雷科","110/07/08","新光-台中",18,0,18
"9731","6207雷科","110/07/08","元大-頭份",1,56,-55
"9732","6207雷科","110/07/08","日盛-嘉義",16,0,16
"9733","6207雷科","110/07/08","國票-中和",0,30,-30
"9734","6207雷科","110/07/08","合庫-鳳山",15,0,15
"9735","6207雷科","110/07/08","凱基-台北",1,29,-28
"9736","6207雷科","110/07/08","臺銀-臺中",12,0,12
"9737","6207雷科","110/07/08","兆豐-板橋",0,25,-25
"9738","6207雷科","110/07/08","群益金鼎-土城",12,0,12
"9739","6207雷科","110/07/08","凱基-城中",4,25,-21
"9740","6207雷科","110/07/08","新光",25,14,11
"9741","6207雷科","110/07/08","日進",0,20,-20
"9742","6207雷科","110/07/08","凱基-中壢",11,0,11
"9743","6207雷科","110/07/08","台新證券",3,20,-17
"9744","6207雷科","110/07/08","台灣企銀",10,0,10
"9745","6207雷科","110/07/08","群益金鼎-中山",0,16,-16
"9746","6207雷科","110/07/08","第一金-新興",11,1,10
"9747","6207雷科","110/07/08","元大-東門",0,16,-16
"9748","6207雷科","110/07/08","元富-吉利",10,0,10
"9749","6207雷科","110/07/08","群益金鼎-大甲",0,13,-13
"9750","6207雷科","110/07/08","光和-和美",10,0,10
"9751","6207雷科","110/07/08","日盛-板橋",0,10,-10
"9752","6207雷科","110/07/08","永豐金-南京",10,0,10
"9753","6207雷科","110/07/08","日盛-中壢",0,10,-10
"9754","6207雷科","110/07/08","土銀",8,0,8
"9755","6207雷科","110/07/08","摩根大通",125,135,-10
"9756","6207雷科","110/07/08","中國信託-高雄",8,0,8
"9757","6207雷科","110/07/08","凱基-五股",0,10,-10
"9758","3679新至陞","110/07/08","華南永昌-台中",17,0,17
"9759","3679新至陞","110/07/08","大慶-蘆洲",0,10,-10
"9760","3679新至陞","110/07/08","國泰-桃園",6,0,6
"9761","3679新至陞","110/07/08","華南永昌-小港",0,7,-7
"9762","3679新至陞","110/07/08","元大-永春",6,0,6
"9763","3679新至陞","110/07/08","國泰-館前",0,3,-3
"9764","3679新至陞","110/07/08","香港上海匯豐",4,0,4
"9765","3679新至陞","110/07/08","元大-板橋",0,3,-3
"9766","3679新至陞","110/07/08","中國信託-新竹",3,0,3
"9767","3679新至陞","110/07/08","港商法國興業",0,2,-2
"9768","3679新至陞","110/07/08","國票-敦北法人",3,0,3
"9769","3679新至陞","110/07/08","第一金-忠孝",0,2,-2
"9770","3679新至陞","110/07/08","群益金鼎-台南",2,0,2
"9771","3679新至陞","110/07/08","元富-古亭",0,2,-2
"9772","3679新至陞","110/07/08","凱基",2,0,2
"9773","3679新至陞","110/07/08","摩根大通",1,3,-2
"9774","3679新至陞","110/07/08","凱基-台北",6,4,2
"9775","3679新至陞","110/07/08","富邦-板橋",0,2,-2
"9776","3679新至陞","110/07/08","日盛-信義",1,0,1
"9777","3679新至陞","110/07/08","元大-文心興安",0,2,-2
"9778","3679新至陞","110/07/08","日盛-新莊",1,0,1
"9779","3679新至陞","110/07/08","臺銀-高雄",0,1,-1
"9780","3679新至陞","110/07/08","大慶",1,0,1
"9781","3679新至陞","110/07/08","日盛-高雄",0,1,-1
"9782","3679新至陞","110/07/08","兆豐-三重",1,0,1
"9783","3679新至陞","110/07/08","日盛-文化",0,1,-1
"9784","3679新至陞","110/07/08","致和-東門",1,0,1
"9785","3679新至陞","110/07/08","美商高盛",0,1,-1
"9786","3679新至陞","110/07/08","台新證券",1,0,1
"9787","3679新至陞","110/07/08","瑞士信貸",0,1,-1
"9788","2727王品","110/07/08","群益金鼎-大安",80,0,80
"9789","2727王品","110/07/08","台灣摩根士丹利",1,300,-299
"9790","2727王品","110/07/08","富邦-台北",237,165,72
"9791","2727王品","110/07/08","元大證券",173,439,-266
"9792","2727王品","110/07/08","永豐金-萬盛",55,5,50
"9793","2727王品","110/07/08","統一",33,200,-167
"9794","2727王品","110/07/08","永豐金-南投",53,10,43
"9795","2727王品","110/07/08","凱基-台北",476,615,-139
"9796","2727王品","110/07/08","國泰-敦南",190,148,42
"9797","2727王品","110/07/08","永豐金-松山",8,138,-130
"9798","2727王品","110/07/08","台新-高雄",71,36,35
"9799","2727王品","110/07/08","新加坡商瑞銀",38,138,-100
"9800","2727王品","110/07/08","富邦-建國",62,27,35
"9801","2727王品","110/07/08","富邦-嘉義",84,182,-98
"9802","2727王品","110/07/08","永豐金證券",50,15,35
"9803","2727王品","110/07/08","元富-台南",4,99,-95
"9804","2727王品","110/07/08","港商野村",185,152,33
"9805","2727王品","110/07/08","凱基-永華",4,92,-88
"9806","2727王品","110/07/08","元大-嘉義",35,3,32
"9807","2727王品","110/07/08","凱基-大直",2,73,-71
"9808","2727王品","110/07/08","台新-三民",35,4,31
"9809","2727王品","110/07/08","美林",105,164,-59
"9810","2727王品","110/07/08","凱基-桃園",35,4,31
"9811","2727王品","110/07/08","第一金-台南",11,63,-52
"9812","2727王品","110/07/08","元大-和平",41,10,31
"9813","2727王品","110/07/08","摩根大通",216,259,-43
"9814","2727王品","110/07/08","兆豐-大安",33,5,28
"9815","2727王品","110/07/08","元大-員林",9,50,-41
"9816","2727王品","110/07/08","元大-新盛",33,6,27
"9817","2727王品","110/07/08","兆豐-虎尾",1,41,-40
"9818","1570力肯","110/07/08","群益金鼎-三重",20,0,20
"9819","1570力肯","110/07/08","中國信託-永康",0,26,-26
"9820","1570力肯","110/07/08","凱基-中壢",20,0,20
"9821","1570力肯","110/07/08","統一-敦南",0,12,-12
"9822","1570力肯","110/07/08","群益金鼎-台南",14,0,14
"9823","1570力肯","110/07/08","國票-博愛",0,10,-10
"9824","1570力肯","110/07/08","元富-緯城",10,0,10
"9825","1570力肯","110/07/08","元大-西門",0,10,-10
"9826","1570力肯","110/07/08","瑞士信貸",7,0,7
"9827","1570力肯","110/07/08","新光",0,9,-9
"9828","1570力肯","110/07/08","摩根大通",6,0,6
"9829","1570力肯","110/07/08","永豐金-大園",0,9,-9
"9830","1570力肯","110/07/08","土銀-白河",5,0,5
"9831","1570力肯","110/07/08","日盛-大墩",0,6,-6
"9832","1570力肯","110/07/08","台灣摩根士丹利",4,0,4
"9833","1570力肯","110/07/08","台新證券",0,6,-6
"9834","1570力肯","110/07/08","元大-新莊",3,0,3
"9835","1570力肯","110/07/08","永全",0,5,-5
"9836","1570力肯","110/07/08","永豐金-苓雅",3,0,3
"9837","1570力肯","110/07/08","元大-天母",0,5,-5
"9838","1570力肯","110/07/08","合庫-三重",2,0,2
"9839","1570力肯","110/07/08","元富-吉利",0,3,-3
"9840","1570力肯","110/07/08","(牛牛牛)亞-鑫豐",2,0,2
"9841","1570力肯","110/07/08","國泰-高雄",0,3,-3
"9842","1570力肯","110/07/08","玉山-大里",2,0,2
"9843","1570力肯","110/07/08","群益金鼎-北高雄",0,3,-3
"9844","1570力肯","110/07/08","國泰-敦南",2,0,2
"9845","1570力肯","110/07/08","群益金鼎-東門",0,2,-2
"9846","1570力肯","110/07/08","華南永昌-岡山",2,0,2
"9847","1570力肯","110/07/08","日盛-高雄",5,6,-1
"9848","6180橘子","110/07/08","新光",30,4,26
"9849","6180橘子","110/07/08","元大-土城學府",0,89,-89
"9850","6180橘子","110/07/08","康和-台南",22,0,22
"9851","6180橘子","110/07/08","凱基-東勢",1,66,-65
"9852","6180橘子","110/07/08","國泰-板橋",22,0,22
"9853","6180橘子","110/07/08","光和",0,64,-64
"9854","6180橘子","110/07/08","日盛-文化",21,0,21
"9855","6180橘子","110/07/08","中國信託-忠孝",0,50,-50
"9856","6180橘子","110/07/08","中國信託-文心",20,2,18
"9857","6180橘子","110/07/08","元富-大裕",0,25,-25
"9858","6180橘子","110/07/08","凱基-台北",39,24,15
"9859","6180橘子","110/07/08","統一-基隆",1,25,-24
"9860","6180橘子","110/07/08","元富-新店",14,0,14
"9861","6180橘子","110/07/08","美商高盛",1,21,-20
"9862","6180橘子","110/07/08","元大-土城永寧",11,0,11
"9863","6180橘子","110/07/08","元大證券",1,19,-18
"9864","6180橘子","110/07/08","永豐金-南京",11,0,11
"9865","6180橘子","110/07/08","元大-太平",2,20,-18
"9866","6180橘子","110/07/08","宏遠-館前",10,0,10
"9867","6180橘子","110/07/08","合庫證券",2,18,-16
"9868","6180橘子","110/07/08","國泰-新莊",10,0,10
"9869","6180橘子","110/07/08","台灣摩根士丹利",1,12,-11
"9870","6180橘子","110/07/08","群益金鼎",10,0,10
"9871","6180橘子","110/07/08","瑞士信貸",0,11,-11
"9872","6180橘子","110/07/08","凱基-高雄",10,0,10
"9873","6180橘子","110/07/08","元富-嘉義",0,11,-11
"9874","6180橘子","110/07/08","凱基-大安",10,0,10
"9875","6180橘子","110/07/08","新光-高雄",0,11,-11
"9876","6180橘子","110/07/08","富邦-仁愛",10,0,10
"9877","6180橘子","110/07/08","大慶-苗栗",0,10,-10
"9878","2390云辰","110/07/08","統一-新台中",126,1,125
"9879","2390云辰","110/07/08","摩根大通",62,661,-599
"9880","2390云辰","110/07/08","元大-員林",111,0,111
"9881","2390云辰","110/07/08","新加坡商瑞銀",0,173,-173
"9882","2390云辰","110/07/08","合庫-高雄",105,0,105
"9883","2390云辰","110/07/08","元大-天母",7,150,-143
"9884","2390云辰","110/07/08","凱基-台北",255,177,78
"9885","2390云辰","110/07/08","台灣摩根士丹利",0,134,-134
"9886","2390云辰","110/07/08","新光",71,17,54
"9887","2390云辰","110/07/08","玉山-台中",17,120,-103
"9888","2390云辰","110/07/08","國票-嘉義",53,0,53
"9889","2390云辰","110/07/08","美商高盛",0,78,-78
"9890","2390云辰","110/07/08","富邦-仁愛",53,4,49
"9891","2390云辰","110/07/08","美林",11,82,-71
"9892","2390云辰","110/07/08","兆豐-城中",48,0,48
"9893","2390云辰","110/07/08","群益金鼎-大興",35,106,-71
"9894","2390云辰","110/07/08","元大-新營",47,0,47
"9895","2390云辰","110/07/08","光和",11,71,-60
"9896","2390云辰","110/07/08","國泰-敦南",89,55,34
"9897","2390云辰","110/07/08","國泰-台中",28,70,-42
"9898","2390云辰","110/07/08","兆豐-台中",40,7,33
"9899","2390云辰","110/07/08","玉山-新莊",6,46,-40
"9900","2390云辰","110/07/08","永豐金-中正",36,6,30
"9901","2390云辰","110/07/08","富邦-台北",21,57,-36
"9902","2390云辰","110/07/08","中國信託-三重",29,0,29
"9903","2390云辰","110/07/08","土銀-台中",0,30,-30
"9904","2390云辰","110/07/08","富邦-陽明",33,5,28
"9905","2390云辰","110/07/08","兆豐-埔墘",1,31,-30
"9906","2390云辰","110/07/08","元富-桃園",27,0,27
"9907","2390云辰","110/07/08","玉山-南京東路",3,33,-30
"9908","4903聯光通","110/07/07","元大-太平",47,4,43
"9909","4903聯光通","110/07/07","日盛-板橋",0,15,-15
"9910","4903聯光通","110/07/07","華南永昌-桃園",10,0,10
"9911","4903聯光通","110/07/07","元大-八德",0,9,-9
"9912","4903聯光通","110/07/07","元大-南投",9,0,9
"9913","4903聯光通","110/07/07","宏遠證券",0,7,-7
"9914","4903聯光通","110/07/07","新光-台中",3,0,3
"9915","4903聯光通","110/07/07","大慶",0,7,-7
"9916","4903聯光通","110/07/07","國泰-敦南",1,0,1
"9917","4903聯光通","110/07/07","群益金鼎-館前",0,6,-6
"9918","4903聯光通","110/07/07","國票-中正",0,0,0
"9919","4903聯光通","110/07/07","元大-羅東",0,5,-5
"9920","4903聯光通","110/07/07","康和-內湖",0,0,0
"9921","4903聯光通","110/07/07","新光",8,12,-4
"9922","4903聯光通","110/07/07","凱基-站前",0,0,0
"9923","4903聯光通","110/07/07","國泰-高雄",0,3,-3
"9924","4903聯光通","110/07/07","華南永昌",1,1,0
"9925","4903聯光通","110/07/07","第一金-台中",0,3,-3
"9926","4903聯光通","110/07/07","華南永昌-新莊",0,0,0
"9927","4903聯光通","110/07/07","中農",0,1,-1
"9928","4903聯光通","110/07/07","臺灣企銀-桃園",0,1,-1
"9929","4903聯光通","110/07/07","台新-新營",0,1,-1
"9930","4903聯光通","110/07/07","元大-鶯歌",2,3,-1
"9931","4903聯光通","110/07/07","元大-永和",0,1,-1
"9932","4903聯光通","110/07/07","元大-苑裡",0,1,-1
"9933","2929淘帝","110/07/07","統一",163,0,163
"9934","2929淘帝","110/07/07","新光-台中",57,142,-85
"9935","2929淘帝","110/07/07","港商野村",323,181,142
"9936","2929淘帝","110/07/07","兆豐-忠孝",0,76,-76
"9937","2929淘帝","110/07/07","日盛-中壢",132,10,122
"9938","2929淘帝","110/07/07","台新-建北",0,53,-53
"9939","2929淘帝","110/07/07","新加坡商瑞銀",140,19,121
"9940","2929淘帝","110/07/07","臺銀-鳳山",0,44,-44
"9941","2929淘帝","110/07/07","日盛-嘉義",101,0,101
"9942","2929淘帝","110/07/07","元大-新盛",0,42,-42
"9943","2929淘帝","110/07/07","摩根大通",101,16,85
"9944","2929淘帝","110/07/07","富邦-建國",6,47,-41
"9945","2929淘帝","110/07/07","元大-太平",55,2,53
"9946","2929淘帝","110/07/07","日盛-園區",0,40,-40
"9947","2929淘帝","110/07/07","元富-松德",50,1,49
"9948","2929淘帝","110/07/07","新光-高雄",1,38,-37
"9949","2929淘帝","110/07/07","凱基-板橋",53,5,48
"9950","2929淘帝","110/07/07","永豐金-三重",1,34,-33
"9951","2929淘帝","110/07/07","美林",80,34,46
"9952","2929淘帝","110/07/07","元大-彰化",0,31,-31
"9953","2929淘帝","110/07/07","元富-台南",41,0,41
"9954","2929淘帝","110/07/07","第一金-大稻埕",0,30,-30
"9955","2929淘帝","110/07/07","兆豐-竹北",39,0,39
"9956","2929淘帝","110/07/07","國泰-敦南",3,33,-30
"9957","2929淘帝","110/07/07","元大-西門",36,0,36
"9958","2929淘帝","110/07/07","富邦-員林",0,30,-30
"9959","2929淘帝","110/07/07","華南永昌",39,4,35
"9960","2929淘帝","110/07/07","元大-蘆洲",1,30,-29
"9961","2929淘帝","110/07/07","日盛-板橋中山",30,0,30
"9962","2929淘帝","110/07/07","台新-台南",4,32,-28
"9963","5410國眾","110/07/07","兆豐-城中",66,0,66
"9964","5410國眾","110/07/07","富邦-仁愛",0,115,-115
"9965","5410國眾","110/07/07","摩根大通",21,0,21
"9966","5410國眾","110/07/07","亞東-板橋",0,38,-38
"9967","5410國眾","110/07/07","元大-北投",21,0,21
"9968","5410國眾","110/07/07","凱基-台北",2,24,-22
"9969","5410國眾","110/07/07","亞東-新竹",15,0,15
"9970","5410國眾","110/07/07","彰銀-七賢",0,10,-10
"9971","5410國眾","110/07/07","元大-福營",12,0,12
"9972","5410國眾","110/07/07","凱基-基隆",0,10,-10
"9973","5410國眾","110/07/07","新光-高雄",11,0,11
"9974","5410國眾","110/07/07","凱基-屏東",0,10,-10
"9975","5410國眾","110/07/07","華南永昌-小港",10,0,10
"9976","5410國眾","110/07/07","凱基-鳳山",0,10,-10
"9977","5410國眾","110/07/07","元大-大灣",10,0,10
"9978","5410國眾","110/07/07","永豐金-忠孝",0,10,-10
"9979","5410國眾","110/07/07","元大-莒光",10,0,10
"9980","5410國眾","110/07/07","日盛-板橋中山",0,9,-9
"9981","5410國眾","110/07/07","台中銀-豐原",9,0,9
"9982","5410國眾","110/07/07","統一-高雄",0,5,-5
"9983","5410國眾","110/07/07","元大-南屯",9,0,9
"9984","5410國眾","110/07/07","元大-斗六",0,5,-5
"9985","5410國眾","110/07/07","日盛-新莊",7,0,7
"9986","5410國眾","110/07/07","元大-大益",0,5,-5
"9987","5410國眾","110/07/07","元富-大昌",6,0,6
"9988","5410國眾","110/07/07","元大-南投",0,5,-5
"9989","5410國眾","110/07/07","新光-新竹",6,0,6
"9990","5410國眾","110/07/07","永豐金-員林",0,5,-5
"9991","5410國眾","110/07/07","臺銀-金山",5,0,5
"9992","5410國眾","110/07/07","華南永昌-楠梓",0,4,-4
"9993","2841台開","110/07/07","永豐金-豐原",268,0,268
"9994","2841台開","110/07/07","凱基-市政",0,200,-200
"9995","2841台開","110/07/07","永豐金-南投",200,0,200
"9996","2841台開","110/07/07","永豐金-彰化",0,100,-100
"9997","2841台開","110/07/07","新光",139,9,130
"9998","2841台開","110/07/07","元大-開元",1,93,-92
"9999","2841台開","110/07/07","中國信託-高雄",50,1,49
"10000","2841台開","110/07/07","港商野村",0,80,-80
"10001","2841台開","110/07/07","元大-歸仁",40,0,40
"10002","2841台開","110/07/07","凱基-台南",25,85,-60
"10003","2841台開","110/07/07","台中銀",35,0,35
"10004","2841台開","110/07/07","美商高盛",1,58,-57
"10005","2841台開","110/07/07","台新-新營",30,0,30
"10006","2841台開","110/07/07","統一-三重",0,55,-55
"10007","2841台開","110/07/07","富邦-台南",30,0,30
"10008","2841台開","110/07/07","台新證券",12,50,-38
"10009","2841台開","110/07/07","國泰-板橋",30,1,29
"10010","2841台開","110/07/07","陽信-石牌",0,31,-31
"10011","2841台開","110/07/07","凱基-文心",28,0,28
"10012","2841台開","110/07/07","元大-福營",0,31,-31
"10013","2841台開","110/07/07","凱基-站前",27,0,27
"10014","2841台開","110/07/07","第一金-澎湖",0,30,-30
"10015","2841台開","110/07/07","大昌-安康",38,16,22
"10016","2841台開","110/07/07","元大-新莊",0,30,-30
"10017","2841台開","110/07/07","合庫-台中",20,0,20
"10018","2841台開","110/07/07","國泰-館前",0,28,-28
"10019","2841台開","110/07/07","日盛-台南",20,0,20
"10020","2841台開","110/07/07","元大-竹科",0,25,-25
"10021","2841台開","110/07/07","台中銀-員林",20,0,20
"10022","2841台開","110/07/07","富邦-仁愛",1,22,-21
"10023","6207雷科","110/07/07","元大-大天母",21,0,21
"10024","6207雷科","110/07/07","元大-高雄",0,105,-105
"10025","6207雷科","110/07/07","元大-頭份",18,0,18
"10026","6207雷科","110/07/07","永豐金-中正",0,35,-35
"10027","6207雷科","110/07/07","第一金-新興",16,0,16
"10028","6207雷科","110/07/07","摩根大通",8,39,-31
"10029","6207雷科","110/07/07","富邦-虎尾",12,0,12
"10030","6207雷科","110/07/07","元大-林園",0,30,-30
"10031","6207雷科","110/07/07","兆豐-板橋",10,0,10
"10032","6207雷科","110/07/07","凱基-台北",0,19,-19
"10033","6207雷科","110/07/07","玉山-台大",10,0,10
"10034","6207雷科","110/07/07","國票-中和",13,25,-12
"10035","6207雷科","110/07/07","元大-四維",10,0,10
"10036","6207雷科","110/07/07","新加坡商瑞銀",0,9,-9
"10037","6207雷科","110/07/07","元大-鹿港",10,0,10
"10038","6207雷科","110/07/07","玉山-高雄",0,8,-8
"10039","6207雷科","110/07/07","元大-信義",10,0,10
"10040","6207雷科","110/07/07","玉山-台南",0,8,-8
"10041","6207雷科","110/07/07","台新-三民",8,0,8
"10042","6207雷科","110/07/07","宏遠-高雄",0,5,-5
"10043","6207雷科","110/07/07","元大-上新莊",8,0,8
"10044","6207雷科","110/07/07","元大-南海",0,5,-5
"10045","6207雷科","110/07/07","大昌-桃園",7,0,7
"10046","6207雷科","110/07/07","元大-莒光",0,4,-4
"10047","6207雷科","110/07/07","新光-台中",10,4,6
"10048","6207雷科","110/07/07","港商野村",0,3,-3
"10049","6207雷科","110/07/07","日盛-頭份",5,0,5
"10050","6207雷科","110/07/07","大慶-台南",0,3,-3
"10051","6207雷科","110/07/07","日茂-埔里",5,0,5
"10052","6207雷科","110/07/07","凱基-站前",0,3,-3
"10053","3679新至陞","110/07/07","永豐金證券",18,0,18
"10054","3679新至陞","110/07/07","美林",0,13,-13
"10055","3679新至陞","110/07/07","元大-文心興安",6,0,6
"10056","3679新至陞","110/07/07","兆豐-大安",0,10,-10
"10057","3679新至陞","110/07/07","中農",5,0,5
"10058","3679新至陞","110/07/07","國泰-桃園",0,4,-4
"10059","3679新至陞","110/07/07","台新證券",4,0,4
"10060","3679新至陞","110/07/07","永豐金-虎尾",0,4,-4
"10061","3679新至陞","110/07/07","華南永昌-小港",4,0,4
"10062","3679新至陞","110/07/07","台灣摩根士丹利",0,3,-3
"10063","3679新至陞","110/07/07","元大-天母",4,0,4
"10064","3679新至陞","110/07/07","瑞士信貸",0,3,-3
"10065","3679新至陞","110/07/07","台中銀-員林",4,1,3
"10066","3679新至陞","110/07/07","統一-新竹",0,3,-3
"10067","3679新至陞","110/07/07","摩根大通",4,1,3
"10068","3679新至陞","110/07/07","統一-三重",0,3,-3
"10069","3679新至陞","110/07/07","凱基-台北",7,4,3
"10070","3679新至陞","110/07/07","凱基-竹北",0,3,-3
"10071","3679新至陞","110/07/07","華南永昌-高雄",3,0,3
"10072","3679新至陞","110/07/07","元富-世貿",0,2,-2
"10073","3679新至陞","110/07/07","永豐金-潮州",2,0,2
"10074","3679新至陞","110/07/07","兆豐-鹿港",0,2,-2
"10075","3679新至陞","110/07/07","合庫-新竹",1,0,1
"10076","3679新至陞","110/07/07","玉山-台大",0,2,-2
"10077","3679新至陞","110/07/07","土銀-高雄",1,0,1
"10078","3679新至陞","110/07/07","國泰-館前",0,2,-2
"10079","3679新至陞","110/07/07","元富-新興",1,0,1
"10080","3679新至陞","110/07/07","群益金鼎-新莊",0,2,-2
"10081","3679新至陞","110/07/07","富邦-中壢",1,0,1
"10082","3679新至陞","110/07/07","元大-桃園",0,2,-2
"10083","2727王品","110/07/07","第一金",62,0,62
"10084","2727王品","110/07/07","台灣摩根士丹利",1,177,-176
"10085","2727王品","110/07/07","凱基-埔墘",40,0,40
"10086","2727王品","110/07/07","凱基-台北",49,151,-102
"10087","2727王品","110/07/07","中國信託-忠孝",40,1,39
"10088","2727王品","110/07/07","摩根大通",19,107,-88
"10089","2727王品","110/07/07","玉山-板橋",40,6,34
"10090","2727王品","110/07/07","美商高盛",2,86,-84
"10091","2727王品","110/07/07","亞東-新竹",31,1,30
"10092","2727王品","110/07/07","元大-北屯",1,52,-51
"10093","2727王品","110/07/07","群益金鼎-宜蘭",25,1,24
"10094","2727王品","110/07/07","國泰證券",1,47,-46
"10095","2727王品","110/07/07","富邦-竹北",23,0,23
"10096","2727王品","110/07/07","統一",3,33,-30
"10097","2727王品","110/07/07","元大-旗山",23,0,23
"10098","2727王品","110/07/07","第一金-台中",1,30,-29
"10099","2727王品","110/07/07","元富-宜蘭",21,0,21
"10100","2727王品","110/07/07","華南永昌-中正",4,29,-25
"10101","2727王品","110/07/07","國票-長城",20,0,20
"10102","2727王品","110/07/07","美林",0,23,-23
"10103","2727王品","110/07/07","台新證券",47,28,19
"10104","2727王品","110/07/07","群益金鼎-館前",0,20,-20
"10105","2727王品","110/07/07","富邦-新竹華信",18,1,17
"10106","2727王品","110/07/07","國票-內壢",0,16,-16
"10107","2727王品","110/07/07","永豐金-中正",18,1,17
"10108","2727王品","110/07/07","兆豐-新莊",0,15,-15
"10109","2727王品","110/07/07","華南永昌-麻豆",17,1,16
"10110","2727王品","110/07/07","港商野村",15,28,-13
"10111","2727王品","110/07/07","永豐金-潮州",15,0,15
"10112","2727王品","110/07/07","元大-善化",1,13,-12
"10113","1570力肯","110/07/07","台新證券",88,0,88
"10114","1570力肯","110/07/07","新光",0,54,-54
"10115","1570力肯","110/07/07","摩根大通",49,15,34
"10116","1570力肯","110/07/07","元大-高雄",0,40,-40
"10117","1570力肯","110/07/07","合庫-桃園",20,0,20
"10118","1570力肯","110/07/07","國票-北高雄",38,50,-12
"10119","1570力肯","110/07/07","元大-土城學府",20,0,20
"10120","1570力肯","110/07/07","群益金鼎-嘉義",0,10,-10
"10121","1570力肯","110/07/07","永豐金-板盛",18,0,18
"10122","1570力肯","110/07/07","元大-草屯",0,10,-10
"10123","1570力肯","110/07/07","永豐金-永康",18,0,18
"10124","1570力肯","110/07/07","日盛-高雄",0,9,-9
"10125","1570力肯","110/07/07","統一-員林",14,0,14
"10126","1570力肯","110/07/07","第一金-路竹",0,9,-9
"10127","1570力肯","110/07/07","元大-竹山",6,0,6
"10128","1570力肯","110/07/07","元大-古亭",0,9,-9
"10129","1570力肯","110/07/07","統一-敦南",5,0,5
"10130","1570力肯","110/07/07","國票-中正",0,8,-8
"10131","1570力肯","110/07/07","元大-永和",5,0,5
"10132","1570力肯","110/07/07","群益金鼎-鳳山",0,6,-6
"10133","1570力肯","110/07/07","元富-大裕",4,0,4
"10134","1570力肯","110/07/07","元大-土城永寧",0,6,-6
"10135","1570力肯","110/07/07","華南永昌-斗六",4,0,4
"10136","1570力肯","110/07/07","中國信託",0,5,-5
"10137","1570力肯","110/07/07","永豐金-松山",6,3,3
"10138","1570力肯","110/07/07","日盛-板橋",0,4,-4
"10139","1570力肯","110/07/07","永豐金-南投",4,1,3
"10140","1570力肯","110/07/07","日盛-木柵",0,4,-4
"10141","1570力肯","110/07/07","土銀-彰化",2,0,2
"10142","1570力肯","110/07/07","玉山-桃園",0,4,-4
"10143","6180橘子","110/07/07","臺銀-金山",27,0,27
"10144","6180橘子","110/07/07","凱基-台北",6,36,-30
"10145","6180橘子","110/07/07","元富-潮州",20,0,20
"10146","6180橘子","110/07/07","元大-天母",1,26,-25
"10147","6180橘子","110/07/07","凱基-中山",20,0,20
"10148","6180橘子","110/07/07","富邦-陽明",0,22,-22
"10149","6180橘子","110/07/07","元大-太平",23,4,19
"10150","6180橘子","110/07/07","日盛-頭份",0,20,-20
"10151","6180橘子","110/07/07","摩根大通",17,0,17
"10152","6180橘子","110/07/07","富邦-仁愛",0,20,-20
"10153","6180橘子","110/07/07","元大-草屯",20,3,17
"10154","6180橘子","110/07/07","永豐金-新莊",0,20,-20
"10155","6180橘子","110/07/07","華南永昌-楠梓",15,1,14
"10156","6180橘子","110/07/07","台灣摩根士丹利",0,18,-18
"10157","6180橘子","110/07/07","中國信託-永康",12,0,12
"10158","6180橘子","110/07/07","華南永昌-長虹",1,16,-15
"10159","6180橘子","110/07/07","日盛-文化",10,0,10
"10160","6180橘子","110/07/07","新光-新竹",0,12,-12
"10161","6180橘子","110/07/07","國泰-館前",10,0,10
"10162","6180橘子","110/07/07","凱基-中壢",0,12,-12
"10163","6180橘子","110/07/07","華南永昌-鶯歌",10,0,10
"10164","6180橘子","110/07/07","第一金-忠孝",0,11,-11
"10165","6180橘子","110/07/07","元大-豐原站前",10,0,10
"10166","6180橘子","110/07/07","元大-沙鹿",0,11,-11
"10167","6180橘子","110/07/07","元大-北屯",10,0,10
"10168","6180橘子","110/07/07","永豐金-羅東",0,11,-11
"10169","6180橘子","110/07/07","兆豐-台中",10,1,9
"10170","6180橘子","110/07/07","兆豐-埔墘",0,10,-10
"10171","6180橘子","110/07/07","群益金鼎-開元",9,0,9
"10172","6180橘子","110/07/07","華南永昌-台中",0,10,-10
"10173","2390云辰","110/07/07","元大-向上",144,0,144
"10174","2390云辰","110/07/07","摩根大通",18,674,-656
"10175","2390云辰","110/07/07","元富-中港",102,0,102
"10176","2390云辰","110/07/07","凱基-台北",141,625,-484
"10177","2390云辰","110/07/07","群益金鼎-民權",104,4,100
"10178","2390云辰","110/07/07","美林",32,261,-229
"10179","2390云辰","110/07/07","兆豐-忠孝",81,0,81
"10180","2390云辰","110/07/07","新加坡商瑞銀",50,149,-99
"10181","2390云辰","110/07/07","合庫-新竹",60,0,60
"10182","2390云辰","110/07/07","台灣摩根士丹利",7,87,-80
"10183","2390云辰","110/07/07","元大-土城學府",59,1,58
"10184","2390云辰","110/07/07","元大-金華",2,68,-66
"10185","2390云辰","110/07/07","玉山-大里",58,3,55
"10186","2390云辰","110/07/07","國票-新莊",13,65,-52
"10187","2390云辰","110/07/07","元大-東蘆",54,1,53
"10188","2390云辰","110/07/07","凱基-三重",12,56,-44
"10189","2390云辰","110/07/07","元富-三重",51,0,51
"10190","2390云辰","110/07/07","新光-台中",23,65,-42
"10191","2390云辰","110/07/07","元富-埔里",50,0,50
"10192","2390云辰","110/07/07","第一金-中壢",5,45,-40
"10193","2390云辰","110/07/07","中國信託-三重",52,3,49
"10194","2390云辰","110/07/07","華南永昌-斗六",0,40,-40
"10195","2390云辰","110/07/07","元大-彰化民生",64,15,49
"10196","2390云辰","110/07/07","富邦-新竹華信",25,61,-36
"10197","2390云辰","110/07/07","元大-潮州",50,5,45
"10198","2390云辰","110/07/07","玉山-新莊",2,32,-30
"10199","2390云辰","110/07/07","元富-高雄",57,14,43
"10200","2390云辰","110/07/07","凱基-新豐",17,47,-30
"10201","2390云辰","110/07/07","凱基-和平",40,0,40
"10202","2390云辰","110/07/07","統一-汐止",1,29,-28
"10203","4903聯光通","110/07/06","元大-苗栗",10,0,10
"10204","4903聯光通","110/07/06","宏遠證券",0,13,-13
"10205","4903聯光通","110/07/06","彰銀",5,0,5
"10206","4903聯光通","110/07/06","富邦-新營",0,4,-4
"10207","4903聯光通","110/07/06","元大-松山",5,0,5
"10208","4903聯光通","110/07/06","元富-草屯",0,3,-3
"10209","4903聯光通","110/07/06","新光",3,0,3
"10210","4903聯光通","110/07/06","元大-羅東",0,3,-3
"10211","4903聯光通","110/07/06","群益金鼎-館前",1,0,1
"10212","4903聯光通","110/07/06","元大-北三重",0,2,-2
"10213","4903聯光通","110/07/06","華南永昌-鶯歌",1,0,1
"10214","4903聯光通","110/07/06","國泰-敦南",0,1,-1
"10215","4903聯光通","110/07/06","永豐金-市政",1,0,1
"10216","4903聯光通","110/07/06","元富-板橋",0,0,0
"10217","4903聯光通","110/07/06","元富-板橋",0,0,0
"10218","4903聯光通","110/07/06","華南永昌",0,0,0
"10219","4903聯光通","110/07/06","華南永昌",0,0,0
"10220","4903聯光通","110/07/06","元大-太平",2,2,0
"10221","4903聯光通","110/07/06","元大-太平",2,2,0
"10222","2929淘帝","110/07/06","新光",204,85,119
"10223","2929淘帝","110/07/06","港商野村",62,282,-220
"10224","2929淘帝","110/07/06","日盛-中壢",94,0,94
"10225","2929淘帝","110/07/06","摩根大通",64,264,-200
"10226","2929淘帝","110/07/06","元富-城東",84,0,84
"10227","2929淘帝","110/07/06","統一",0,163,-163
"10228","2929淘帝","110/07/06","日盛-雙和",55,0,55
"10229","2929淘帝","110/07/06","香港上海匯豐",0,141,-141
"10230","2929淘帝","110/07/06","第一金-路竹",71,17,54
"10231","2929淘帝","110/07/06","新加坡商瑞銀",54,179,-125
"10232","2929淘帝","110/07/06","元大-花蓮",44,2,42
"10233","2929淘帝","110/07/06","合庫-高雄",3,122,-119
"10234","2929淘帝","110/07/06","永豐金-大園",73,33,40
"10235","2929淘帝","110/07/06","美林",34,118,-84
"10236","2929淘帝","110/07/06","元大-太平",44,6,38
"10237","2929淘帝","110/07/06","元大-員林",2,82,-80
"10238","2929淘帝","110/07/06","國泰-板橋",40,5,35
"10239","2929淘帝","110/07/06","元富-松德",26,75,-49
"10240","2929淘帝","110/07/06","兆豐-內湖",33,1,32
"10241","2929淘帝","110/07/06","臺銀-臺南",9,52,-43
"10242","2929淘帝","110/07/06","元大-博愛",43,11,32
"10243","2929淘帝","110/07/06","元大-北投",5,48,-43
"10244","2929淘帝","110/07/06","日盛-竹北",40,10,30
"10245","2929淘帝","110/07/06","臺銀-民權",1,41,-40
"10246","2929淘帝","110/07/06","元大-善化",52,22,30
"10247","2929淘帝","110/07/06","兆豐-忠孝",1,41,-40
"10248","2929淘帝","110/07/06","富邦-北港",29,0,29
"10249","2929淘帝","110/07/06","元大-西門",1,36,-35
"10250","2929淘帝","110/07/06","凱基-湖口",27,0,27
"10251","2929淘帝","110/07/06","玉山-嘉義",3,35,-32
"10252","5410國眾","110/07/06","兆豐-城中",28,0,28
"10253","5410國眾","110/07/06","凱基-高美館",1,18,-17
"10254","5410國眾","110/07/06","元大-小港",20,0,20
"10255","5410國眾","110/07/06","國泰-館前",0,15,-15
"10256","5410國眾","110/07/06","元大-新盛",18,0,18
"10257","5410國眾","110/07/06","國泰-板橋",2,17,-15
"10258","5410國眾","110/07/06","香港上海匯豐",15,0,15
"10259","5410國眾","110/07/06","新光",0,13,-13
"10260","5410國眾","110/07/06","華南永昌-小港",15,0,15
"10261","5410國眾","110/07/06","元富-緯城",0,10,-10
"10262","5410國眾","110/07/06","元富-大昌",13,0,13
"10263","5410國眾","110/07/06","中農",0,10,-10
"10264","5410國眾","110/07/06","臺銀-臺南",10,0,10
"10265","5410國眾","110/07/06","凱基-屏東",0,10,-10
"10266","5410國眾","110/07/06","元富-延平",8,0,8
"10267","5410國眾","110/07/06","新光-桃園",0,6,-6
"10268","5410國眾","110/07/06","元大-八德",17,9,8
"10269","5410國眾","110/07/06","高橋-龍潭",0,5,-5
"10270","5410國眾","110/07/06","摩根大通",7,0,7
"10271","5410國眾","110/07/06","元富-世貿",0,5,-5
"10272","5410國眾","110/07/06","凱基-桃園",7,0,7
"10273","5410國眾","110/07/06","群益金鼎-瑞豐",0,5,-5
"10274","5410國眾","110/07/06","永豐金-屏東",7,0,7
"10275","5410國眾","110/07/06","富邦-台中",0,5,-5
"10276","5410國眾","110/07/06","台新-左楠",5,0,5
"10277","5410國眾","110/07/06","永豐金-板橋",0,5,-5
"10278","5410國眾","110/07/06","富邦-竹東",5,0,5
"10279","5410國眾","110/07/06","富邦-台南",0,4,-4
"10280","5410國眾","110/07/06","元大-新莊",5,0,5
"10281","5410國眾","110/07/06","凱基-站前",0,3,-3
"10282","2841台開","110/07/06","群益金鼎-忠孝",100,0,100
"10283","2841台開","110/07/06","港商野村",0,295,-295
"10284","2841台開","110/07/06","台新證券",58,0,58
"10285","2841台開","110/07/06","元大-善化",0,50,-50
"10286","2841台開","110/07/06","台新-台中",58,0,58
"10287","2841台開","110/07/06","元大-四維",0,50,-50
"10288","2841台開","110/07/06","永豐金-敦南",50,0,50
"10289","2841台開","110/07/06","台新-新營",0,30,-30
"10290","2841台開","110/07/06","元大-台中",45,0,45
"10291","2841台開","110/07/06","群益金鼎-桃園",0,21,-21
"10292","2841台開","110/07/06","凱基-文心",43,0,43
"10293","2841台開","110/07/06","台中銀-員林",0,20,-20
"10294","2841台開","110/07/06","永豐金-潮州",30,0,30
"10295","2841台開","110/07/06","群益金鼎-延平",0,15,-15
"10296","2841台開","110/07/06","第一金-自由",25,0,25
"10297","2841台開","110/07/06","元大-三重",0,13,-13
"10298","2841台開","110/07/06","美商高盛",17,0,17
"10299","2841台開","110/07/06","元富-古亭",0,10,-10
"10300","2841台開","110/07/06","大昌-安康",39,22,17
"10301","2841台開","110/07/06","群益金鼎-北高雄",0,10,-10
"10302","2841台開","110/07/06","台中銀",15,0,15
"10303","2841台開","110/07/06","華南永昌-南京",0,10,-10
"10304","2841台開","110/07/06","玉山-嘉義",15,0,15
"10305","2841台開","110/07/06","富邦-花蓮",0,10,-10
"10306","2841台開","110/07/06","新光",11,0,11
"10307","2841台開","110/07/06","富邦-高雄",0,10,-10
"10308","2841台開","110/07/06","兆豐-永和",10,0,10
"10309","2841台開","110/07/06","元大-竹山",0,10,-10
"10310","2841台開","110/07/06","康和-內湖",10,0,10
"10311","2841台開","110/07/06","元大-屏東",0,10,-10
"10312","6207雷科","110/07/06","新光",45,4,41
"10313","6207雷科","110/07/06","凱基-高美館",1,104,-103
"10314","6207雷科","110/07/06","統一-基隆",30,0,30
"10315","6207雷科","110/07/06","摩根大通",11,45,-34
"10316","6207雷科","110/07/06","康和-南崁",13,0,13
"10317","6207雷科","110/07/06","群益金鼎-新竹",0,22,-22
"10318","6207雷科","110/07/06","宏遠-台南",10,0,10
"10319","6207雷科","110/07/06","港商野村",2,23,-21
"10320","6207雷科","110/07/06","國票-和平",10,0,10
"10321","6207雷科","110/07/06","凱基-台北",0,14,-14
"10322","6207雷科","110/07/06","永豐金-天母",10,0,10
"10323","6207雷科","110/07/06","台新-三民",0,12,-12
"10324","6207雷科","110/07/06","台新證券",10,1,9
"10325","6207雷科","110/07/06","群益金鼎-開元",1,11,-10
"10326","6207雷科","110/07/06","群益金鼎-士林",8,0,8
"10327","6207雷科","110/07/06","富邦-南屯",0,8,-8
"10328","6207雷科","110/07/06","群益金鼎-瑞豐",7,0,7
"10329","6207雷科","110/07/06","元大-善化",0,8,-8
"10330","6207雷科","110/07/06","元大-四維",7,0,7
"10331","6207雷科","110/07/06","日盛-頭份",0,5,-5
"10332","6207雷科","110/07/06","國票-中和",6,0,6
"10333","6207雷科","110/07/06","第一金-高雄",0,5,-5
"10334","6207雷科","110/07/06","台新-中壢",6,0,6
"10335","6207雷科","110/07/06","凱基-八德",0,5,-5
"10336","6207雷科","110/07/06","凱基-高雄",6,0,6
"10337","6207雷科","110/07/06","凱基-頭份",0,5,-5
"10338","6207雷科","110/07/06","富邦-彰化",6,0,6
"10339","6207雷科","110/07/06","合庫-新竹",0,4,-4
"10340","6207雷科","110/07/06","凱基-大安",5,0,5
"10341","6207雷科","110/07/06","新光-高雄",0,4,-4
"10342","3679新至陞","110/07/06","凱基",11,0,11
"10343","3679新至陞","110/07/06","摩根大通",0,22,-22
"10344","3679新至陞","110/07/06","台中銀-員林",11,1,10
"10345","3679新至陞","110/07/06","凱基-台北",6,21,-15
"10346","3679新至陞","110/07/06","安泰-大發",10,0,10
"10347","3679新至陞","110/07/06","瑞士信貸",0,13,-13
"10348","3679新至陞","110/07/06","香港上海匯豐",8,0,8
"10349","3679新至陞","110/07/06","富邦-苗栗",0,10,-10
"10350","3679新至陞","110/07/06","永豐金證券",8,2,6
"10351","3679新至陞","110/07/06","元大-永春",0,6,-6
"10352","3679新至陞","110/07/06","第一金-高雄",5,0,5
"10353","3679新至陞","110/07/06","凱基-興隆",0,5,-5
"10354","3679新至陞","110/07/06","群益金鼎-高盛",3,0,3
"10355","3679新至陞","110/07/06","國泰-桃園",0,3,-3
"10356","3679新至陞","110/07/06","元大-嘉義",3,0,3
"10357","3679新至陞","110/07/06","元大-萬華",2,5,-3
"10358","3679新至陞","110/07/06","臺銀-高雄",2,0,2
"10359","3679新至陞","110/07/06","美林",0,2,-2
"10360","3679新至陞","110/07/06","日盛-復興",2,0,2
"10361","3679新至陞","110/07/06","第一金-華江",0,2,-2
"10362","3679新至陞","110/07/06","日盛-樹林",4,2,2
"10363","3679新至陞","110/07/06","新光-台中",0,2,-2
"10364","3679新至陞","110/07/06","宏遠-館前",2,0,2
"10365","3679新至陞","110/07/06","華南永昌-民權",0,2,-2
"10366","3679新至陞","110/07/06","台新證券",2,0,2
"10367","3679新至陞","110/07/06","元大-板橋",0,2,-2
"10368","3679新至陞","110/07/06","康和-板橋",2,0,2
"10369","3679新至陞","110/07/06","日盛-板橋中山",0,1,-1
"10370","3679新至陞","110/07/06","群益金鼎-台南",2,0,2
"10371","3679新至陞","110/07/06","宏遠證券",0,1,-1
"10372","2727王品","110/07/06","元大證券",1033,729,304
"10373","2727王品","110/07/06","台灣摩根士丹利",35,184,-149
"10374","2727王品","110/07/06","富邦-台北",332,46,286
"10375","2727王品","110/07/06","元大-北屯",11,79,-68
"10376","2727王品","110/07/06","統一",252,43,209
"10377","2727王品","110/07/06","元富-敦南",4,70,-66
"10378","2727王品","110/07/06","永豐金-松山",147,14,133
"10379","2727王品","110/07/06","元大-基隆孝二",11,75,-64
"10380","2727王品","110/07/06","富邦-嘉義",301,198,103
"10381","2727王品","110/07/06","臺銀-臺南",9,69,-60
"10382","2727王品","110/07/06","新加坡商瑞銀",128,34,94
"10383","2727王品","110/07/06","中國信託-忠孝",5,48,-43
"10384","2727王品","110/07/06","元富-台南",97,6,91
"10385","2727王品","110/07/06","永豐金-市政",5,46,-41
"10386","2727王品","110/07/06","台新證券",169,105,64
"10387","2727王品","110/07/06","彰銀-台中",19,56,-37
"10388","2727王品","110/07/06","美林",115,58,57
"10389","2727王品","110/07/06","玉山證券",30,67,-37
"10390","2727王品","110/07/06","華南永昌",75,23,52
"10391","2727王品","110/07/06","凱基-埔墘",4,41,-37
"10392","2727王品","110/07/06","凱基-台北",445,398,47
"10393","2727王品","110/07/06","永豐金-大園",3,40,-37
"10394","2727王品","110/07/06","凱基-大直",48,7,41
"10395","2727王品","110/07/06","元富",2,37,-35
"10396","2727王品","110/07/06","凱基-林口",45,4,41
"10397","2727王品","110/07/06","富邦-仁愛",32,64,-32
"10398","2727王品","110/07/06","德信",40,1,39
"10399","2727王品","110/07/06","玉山-板橋",52,82,-30
"10400","2727王品","110/07/06","第一金",42,5,37
"10401","2727王品","110/07/06","中國信託-文心",10,39,-29
"10402","1570力肯","110/07/06","香港上海匯豐",47,0,47
"10403","1570力肯","110/07/06","新光",2,107,-105
"10404","1570力肯","110/07/06","元大-高雄",55,16,39
"10405","1570力肯","110/07/06","摩根大通",11,58,-47
"10406","1570力肯","110/07/06","元富-緯城",37,0,37
"10407","1570力肯","110/07/06","高橋",4,50,-46
"10408","1570力肯","110/07/06","台新-台南",16,0,16
"10409","1570力肯","110/07/06","合庫-桃園",0,20,-20
"10410","1570力肯","110/07/06","元大-新竹經國",14,0,14
"10411","1570力肯","110/07/06","永豐金-板盛",0,18,-18
"10412","1570力肯","110/07/06","富邦-左營",12,0,12
"10413","1570力肯","110/07/06","華南永昌-公誠",0,9,-9
"10414","1570力肯","110/07/06","國票-中正",12,2,10
"10415","1570力肯","110/07/06","凱基-台北",1,9,-8
"10416","1570力肯","110/07/06","國票-博愛",10,0,10
"10417","1570力肯","110/07/06","臺銀-臺中",0,6,-6
"10418","1570力肯","110/07/06","統一-敦南",12,5,7
"10419","1570力肯","110/07/06","台新-三民",0,5,-5
"10420","1570力肯","110/07/06","群益金鼎-三重",7,0,7
"10421","1570力肯","110/07/06","華南永昌-麻豆",0,5,-5
"10422","1570力肯","110/07/06","臺銀-臺南",6,0,6
"10423","1570力肯","110/07/06","合庫-台南",0,4,-4
"10424","1570力肯","110/07/06","大慶-蘆洲",6,0,6
"10425","1570力肯","110/07/06","統一-員林",0,4,-4
"10426","1570力肯","110/07/06","元富-新店",6,0,6
"10427","1570力肯","110/07/06","康和-澎湖",0,4,-4
"10428","1570力肯","110/07/06","玉山-雙和",7,1,6
"10429","1570力肯","110/07/06","華南永昌-斗六",0,4,-4
"10430","1570力肯","110/07/06","永豐金-敦南",9,3,6
"10431","1570力肯","110/07/06","元大-和平",0,4,-4
"10432","6180橘子","110/07/06","凱基-台北",72,12,60
"10433","6180橘子","110/07/06","臺銀-金山",5,105,-100
"10434","6180橘子","110/07/06","美林",29,0,29
"10435","6180橘子","110/07/06","元大-台中",0,100,-100
"10436","6180橘子","110/07/06","合庫-自強",21,0,21
"10437","6180橘子","110/07/06","康和-台南",3,50,-47
"10438","6180橘子","110/07/06","凱基-三峽",17,0,17
"10439","6180橘子","110/07/06","元大-中和",0,35,-35
"10440","6180橘子","110/07/06","富邦-虎尾",15,1,14
"10441","6180橘子","110/07/06","中國信託-忠孝",0,16,-16
"10442","6180橘子","110/07/06","元富-潮州",13,0,13
"10443","6180橘子","110/07/06","玉山-高雄",0,12,-12
"10444","6180橘子","110/07/06","中國信託-永康",13,0,13
"10445","6180橘子","110/07/06","港商野村",0,11,-11
"10446","6180橘子","110/07/06","元大-草屯",18,5,13
"10447","6180橘子","110/07/06","群益金鼎-松山",0,11,-11
"10448","6180橘子","110/07/06","臺銀",11,0,11
"10449","6180橘子","110/07/06","永豐金-豐原",0,11,-11
"10450","6180橘子","110/07/06","新光",15,4,11
"10451","6180橘子","110/07/06","元富-嘉義",5,15,-10
"10452","6180橘子","110/07/06","元大-竹東",11,0,11
"10453","6180橘子","110/07/06","玉山-士林",0,10,-10
"10454","6180橘子","110/07/06","宏遠-台中",10,0,10
"10455","6180橘子","110/07/06","凱基-北門",0,10,-10
"10456","6180橘子","110/07/06","第一金-台南",10,0,10
"10457","6180橘子","110/07/06","第一金-忠孝",0,9,-9
"10458","6180橘子","110/07/06","國泰-敦南",10,0,10
"10459","6180橘子","110/07/06","統一-基隆",0,9,-9
"10460","6180橘子","110/07/06","富邦-嘉義",10,0,10
"10461","6180橘子","110/07/06","安泰-大發",1,10,-9
"10462","2390云辰","110/07/06","元大-天母",975,276,699
"10463","2390云辰","110/07/06","台灣摩根士丹利",3,265,-262
"10464","2390云辰","110/07/06","摩根大通",688,312,376
"10465","2390云辰","110/07/06","群益金鼎-海山",3,166,-163
"10466","2390云辰","110/07/06","國泰-忠孝",164,3,161
"10467","2390云辰","110/07/06","國泰-敦南",188,339,-151
"10468","2390云辰","110/07/06","富邦-北港",140,7,133
"10469","2390云辰","110/07/06","元大-土城學府",12,119,-107
"10470","2390云辰","110/07/06","聯邦商銀",151,22,129
"10471","2390云辰","110/07/06","永豐金-高雄",4,103,-99
"10472","2390云辰","110/07/06","中國信託-文心",143,17,126
"10473","2390云辰","110/07/06","土銀-士林",0,94,-94
"10474","2390云辰","110/07/06","永豐金-中正",133,7,126
"10475","2390云辰","110/07/06","元大-佳里",11,91,-80
"10476","2390云辰","110/07/06","群益金鼎-大興",178,76,102
"10477","2390云辰","110/07/06","玉山-台中",10,86,-76
"10478","2390云辰","110/07/06","元富-中港",103,3,100
"10479","2390云辰","110/07/06","新光",251,324,-73
"10480","2390云辰","110/07/06","統一-新台中",104,12,92
"10481","2390云辰","110/07/06","富邦-敦南",29,101,-72
"10482","2390云辰","110/07/06","新加坡商瑞銀",211,120,91
"10483","2390云辰","110/07/06","兆豐-台中",0,58,-58
"10484","2390云辰","110/07/06","兆豐-忠孝",100,11,89
"10485","2390云辰","110/07/06","日盛證券",16,73,-57
"10486","2390云辰","110/07/06","凱基-林口",87,9,78
"10487","2390云辰","110/07/06","元大-東泰",5,61,-56
"10488","2390云辰","110/07/06","元富-西松",72,4,68
"10489","2390云辰","110/07/06","台新證券",136,190,-54
"10490","2390云辰","110/07/06","台新-左楠",66,9,57
"10491","2390云辰","110/07/06","元大-六合",10,63,-53
