"","stake","date","name","buy","sell","total"
"1","2363矽統","110/07/13","凱基-南崁",2133,63,2070
"2","2363矽統","110/07/13","凱基-幸福",36,4048,-4012
"3","2363矽統","110/07/13","國泰-敦南",2195,1617,578
"4","2363矽統","110/07/13","統一",192,3325,-3133
"5","2363矽統","110/07/13","中農",670,139,531
"6","2363矽統","110/07/13","新加坡商瑞銀",1000,2747,-1747
"7","2363矽統","110/07/13","康和-台中",638,154,484
"8","2363矽統","110/07/13","凱基-台北",5359,6609,-1250
"9","2363矽統","110/07/13","群益金鼎-三民",577,137,440
"10","2363矽統","110/07/13","摩根大通",1930,2858,-928
"11","2363矽統","110/07/13","台新-屏東",510,88,422
"12","2363矽統","110/07/13","港商野村",960,1679,-719
"13","2363矽統","110/07/13","德信-中正",455,67,388
"14","2363矽統","110/07/13","兆豐-復興",25,705,-680
"15","2363矽統","110/07/13","日盛-竹北",365,70,295
"16","2363矽統","110/07/13","統一-仁愛",114,755,-641
"17","2363矽統","110/07/13","元大-佳里",452,189,263
"18","2363矽統","110/07/13","統一-敦南",29,638,-609
"19","2363矽統","110/07/13","國票-博愛",296,38,258
"20","2363矽統","110/07/13","統一-土城",100,704,-604
"21","2363矽統","110/07/13","元大-萬華",340,95,245
"22","2363矽統","110/07/13","統一-城中",116,676,-560
"23","2363矽統","110/07/13","新光",1259,1031,228
"24","2363矽統","110/07/13","永豐金證券",306,859,-553
"25","2363矽統","110/07/13","元富-成功",323,96,227
"26","2363矽統","110/07/13","元富",54,567,-513
"27","2363矽統","110/07/13","豐農",228,23,205
"28","2363矽統","110/07/13","瑞士信貸",202,666,-464
"29","2363矽統","110/07/13","台灣企銀-岡山",186,4,182
"30","2363矽統","110/07/13","永豐金-嘉義",67,468,-401
"31","8112至上","110/07/13","摩根大通",688,296,392
"32","8112至上","110/07/13","國票-中和",0,401,-401
"33","8112至上","110/07/13","港商野村",344,145,199
"34","8112至上","110/07/13","永豐金-板盛",0,205,-205
"35","8112至上","110/07/13","兆豐-公益",195,5,190
"36","8112至上","110/07/13","凱基-五股",43,155,-112
"37","8112至上","110/07/13","台灣摩根士丹利",183,0,183
"38","8112至上","110/07/13","凱基-市政",0,100,-100
"39","8112至上","110/07/13","群益金鼎-敦南",153,2,151
"40","8112至上","110/07/13","元大-大里德芳",1,92,-91
"41","8112至上","110/07/13","臺銀-金山",146,26,120
"42","8112至上","110/07/13","玉山-桃園",26,110,-84
"43","8112至上","110/07/13","臺銀",133,19,114
"44","8112至上","110/07/13","兆豐-天母",0,81,-81
"45","8112至上","110/07/13","合庫-台中",115,6,109
"46","8112至上","110/07/13","凱基-城中",3,84,-81
"47","8112至上","110/07/13","亞東-板橋",134,26,108
"48","8112至上","110/07/13","日盛-新莊",9,85,-76
"49","8112至上","110/07/13","凱基-台北",414,326,88
"50","8112至上","110/07/13","日盛-台中",2,64,-62
"51","8112至上","110/07/13","新加坡商瑞銀",181,100,81
"52","8112至上","110/07/13","日盛-中壢",3,64,-61
"53","8112至上","110/07/13","國泰-敦南",108,31,77
"54","8112至上","110/07/13","元大-台中",2,59,-57
"55","8112至上","110/07/13","第一金-華江",77,4,73
"56","8112至上","110/07/13","元大-雙和",7,64,-57
"57","8112至上","110/07/13","永豐金-內湖",73,1,72
"58","8112至上","110/07/13","元大-高雄",8,62,-54
"59","8112至上","110/07/13","元大-永和",68,1,67
"60","8112至上","110/07/13","元大-館前",2,55,-53
"61","1570力肯","110/07/13","新光",115,11,104
"62","1570力肯","110/07/13","元大-北三重",0,162,-162
"63","1570力肯","110/07/13","群益金鼎-高雄",54,0,54
"64","1570力肯","110/07/13","元大-大灣",0,25,-25
"65","1570力肯","110/07/13","國票-新莊",22,0,22
"66","1570力肯","110/07/13","永豐金-苓雅",0,22,-22
"67","1570力肯","110/07/13","日盛-桃園",12,0,12
"68","1570力肯","110/07/13","永豐金-永康",0,19,-19
"69","1570力肯","110/07/13","元大-高雄",12,0,12
"70","1570力肯","110/07/13","富邦-員林",0,15,-15
"71","1570力肯","110/07/13","合庫-自強",11,0,11
"72","1570力肯","110/07/13","凱基-台南",0,11,-11
"73","1570力肯","110/07/13","摩根大通",26,15,11
"74","1570力肯","110/07/13","日盛-竹北",0,10,-10
"75","1570力肯","110/07/13","永豐金-中盛",11,0,11
"76","1570力肯","110/07/13","國票-九鼎",0,10,-10
"77","1570力肯","110/07/13","兆豐-台中港",10,0,10
"78","1570力肯","110/07/13","凱基-桃園",0,10,-10
"79","1570力肯","110/07/13","國泰-松江",9,0,9
"80","1570力肯","110/07/13","凱基-新豐",0,10,-10
"81","1570力肯","110/07/13","元大-新盛",9,0,9
"82","1570力肯","110/07/13","元大-學甲",0,10,-10
"83","1570力肯","110/07/13","元富-緯城",6,0,6
"84","1570力肯","110/07/13","群益金鼎-東湖",1,10,-9
"85","1570力肯","110/07/13","統一-三重",5,0,5
"86","1570力肯","110/07/13","大昌",0,6,-6
"87","1570力肯","110/07/13","元大-前金",5,0,5
"88","1570力肯","110/07/13","元大-土城學府",0,6,-6
"89","1570力肯","110/07/13","永豐金證券",5,0,5
"90","1570力肯","110/07/13","統一",0,5,-5
"91","2929淘帝","110/07/13","玉山-新竹",130,0,130
"92","2929淘帝","110/07/13","美商高盛",0,177,-177
"93","2929淘帝","110/07/13","臺銀-民權",60,0,60
"94","2929淘帝","110/07/13","凱基-台北",6,80,-74
"95","2929淘帝","110/07/13","新百王",31,0,31
"96","2929淘帝","110/07/13","元富-大裕",0,49,-49
"97","2929淘帝","110/07/13","日盛-園區",30,0,30
"98","2929淘帝","110/07/13","國泰-館前",3,51,-48
"99","2929淘帝","110/07/13","元大-南投",31,1,30
"100","2929淘帝","110/07/13","凱基-中壢",0,41,-41
"101","2929淘帝","110/07/13","兆豐-忠孝",28,0,28
"102","2929淘帝","110/07/13","港商野村",21,55,-34
"103","2929淘帝","110/07/13","元大-民生",28,0,28
"104","2929淘帝","110/07/13","華南永昌-南京",2,34,-32
"105","2929淘帝","110/07/13","合庫-高雄",27,0,27
"106","2929淘帝","110/07/13","群益金鼎-土城",0,30,-30
"107","2929淘帝","110/07/13","凱基-豐中",27,0,27
"108","2929淘帝","110/07/13","富邦-南屯",0,22,-22
"109","2929淘帝","110/07/13","新光",21,4,17
"110","2929淘帝","110/07/13","第一金-豐原",0,20,-20
"111","2929淘帝","110/07/13","元大-天母",17,0,17
"112","2929淘帝","110/07/13","元大-屏南",6,26,-20
"113","2929淘帝","110/07/13","永興",14,0,14
"114","2929淘帝","110/07/13","永豐金-敦南",1,21,-20
"115","2929淘帝","110/07/13","富邦-台北",12,0,12
"116","2929淘帝","110/07/13","凱基-三重",2,21,-19
"117","2929淘帝","110/07/13","元大-永和",12,0,12
"118","2929淘帝","110/07/13","富邦-仁愛",7,25,-18
"119","2929淘帝","110/07/13","國票-天祥",11,0,11
"120","2929淘帝","110/07/13","元大-北投",0,16,-16
"121","5410國眾","110/07/13","兆豐-城中",274,0,274
"122","5410國眾","110/07/13","元富-嘉義",0,103,-103
"123","5410國眾","110/07/13","新光",50,4,46
"124","5410國眾","110/07/13","凱基-台北",0,50,-50
"125","5410國眾","110/07/13","國泰-台中",26,0,26
"126","5410國眾","110/07/13","瑞士信貸",0,31,-31
"127","5410國眾","110/07/13","新加坡商瑞銀",22,0,22
"128","5410國眾","110/07/13","台新-新莊",0,27,-27
"129","5410國眾","110/07/13","光和-嘉義",20,0,20
"130","5410國眾","110/07/13","元大-汐止",0,20,-20
"131","5410國眾","110/07/13","凱基-竹北",17,0,17
"132","5410國眾","110/07/13","亞東-新竹",0,17,-17
"133","5410國眾","110/07/13","新光-桃園",15,0,15
"134","5410國眾","110/07/13","元大-南勢角",0,13,-13
"135","5410國眾","110/07/13","凱基-台東",14,0,14
"136","5410國眾","110/07/13","台新-台南",0,12,-12
"137","5410國眾","110/07/13","富邦-竹北",11,0,11
"138","5410國眾","110/07/13","中國信託",0,11,-11
"139","5410國眾","110/07/13","元富-同大",10,0,10
"140","5410國眾","110/07/13","華南永昌",0,11,-11
"141","5410國眾","110/07/13","國泰-敦南",24,15,9
"142","5410國眾","110/07/13","臺銀-臺南",0,10,-10
"143","5410國眾","110/07/13","日盛-內湖",7,0,7
"144","5410國眾","110/07/13","台灣企銀-民雄",0,10,-10
"145","5410國眾","110/07/13","台新-左楠",7,0,7
"146","5410國眾","110/07/13","高橋",0,10,-10
"147","5410國眾","110/07/13","元大-新盛",18,12,6
"148","5410國眾","110/07/13","康和-嘉義",0,10,-10
"149","5410國眾","110/07/13","統一",5,0,5
"150","5410國眾","110/07/13","凱基-基隆",0,10,-10
"151","2841台開","110/07/13","中國信託-高雄",251,50,201
"152","2841台開","110/07/13","兆豐-公益",0,177,-177
"153","2841台開","110/07/13","日盛證券",210,13,197
"154","2841台開","110/07/13","日進",0,152,-152
"155","2841台開","110/07/13","第一金-台中",55,0,55
"156","2841台開","110/07/13","港商野村",0,109,-109
"157","2841台開","110/07/13","國泰-板橋",46,0,46
"158","2841台開","110/07/13","日盛-信義",0,103,-103
"159","2841台開","110/07/13","國泰-館前",48,3,45
"160","2841台開","110/07/13","國泰-敦南",11,75,-64
"161","2841台開","110/07/13","華南永昌-新莊",45,0,45
"162","2841台開","110/07/13","永興",0,50,-50
"163","2841台開","110/07/13","日盛-園區",42,0,42
"164","2841台開","110/07/13","永豐金-敦南",61,104,-43
"165","2841台開","110/07/13","台新證券",32,0,32
"166","2841台開","110/07/13","富邦-台南",0,42,-42
"167","2841台開","110/07/13","台新-高雄",32,2,30
"168","2841台開","110/07/13","國票-安和",0,30,-30
"169","2841台開","110/07/13","豐農",23,0,23
"170","2841台開","110/07/13","元大-桃園",0,25,-25
"171","2841台開","110/07/13","合庫-嘉義",20,0,20
"172","2841台開","110/07/13","新光",8,32,-24
"173","2841台開","110/07/13","華南永昌-高雄",20,0,20
"174","2841台開","110/07/13","元大-仁愛",0,24,-24
"175","2841台開","110/07/13","元大-樹林",16,0,16
"176","2841台開","110/07/13","日盛-中和",0,20,-20
"177","2841台開","110/07/13","第一金-華江",15,2,13
"178","2841台開","110/07/13","元富",0,20,-20
"179","2841台開","110/07/13","美商高盛",12,0,12
"180","2841台開","110/07/13","富邦-宜蘭",0,20,-20
"181","6207雷科","110/07/13","元大-高雄",121,0,121
"182","6207雷科","110/07/13","華南永昌-朴子",1,60,-59
"183","6207雷科","110/07/13","第一金-新興",20,0,20
"184","6207雷科","110/07/13","元大-南海",0,36,-36
"185","6207雷科","110/07/13","元富-三重",20,0,20
"186","6207雷科","110/07/13","凱基-土城",0,35,-35
"187","6207雷科","110/07/13","元大-林園",15,0,15
"188","6207雷科","110/07/13","台灣企銀",0,20,-20
"189","6207雷科","110/07/13","元大-金華",16,1,15
"190","6207雷科","110/07/13","群益金鼎-丹鳳",0,20,-20
"191","6207雷科","110/07/13","日盛證券",10,0,10
"192","6207雷科","110/07/13","元大-博愛",0,17,-17
"193","6207雷科","110/07/13","統一-台中",10,0,10
"194","6207雷科","110/07/13","元大-北港",0,13,-13
"195","6207雷科","110/07/13","群益金鼎-土城",10,0,10
"196","6207雷科","110/07/13","新加坡商瑞銀",0,12,-12
"197","6207雷科","110/07/13","群益金鼎-桃園",10,0,10
"198","6207雷科","110/07/13","凱基-台北",4,16,-12
"199","6207雷科","110/07/13","永豐金-新莊",10,0,10
"200","6207雷科","110/07/13","日茂-埔里",0,11,-11
"201","6207雷科","110/07/13","永豐金-新店",10,0,10
"202","6207雷科","110/07/13","元大-莒光",0,11,-11
"203","6207雷科","110/07/13","元大證券",9,0,9
"204","6207雷科","110/07/13","統一-新竹",0,10,-10
"205","6207雷科","110/07/13","日盛-木柵",9,1,8
"206","6207雷科","110/07/13","元大-西螺",0,10,-10
"207","6207雷科","110/07/13","兆豐-來福",8,0,8
"208","6207雷科","110/07/13","康和-台中",0,8,-8
"209","6207雷科","110/07/13","新光",7,0,7
"210","6207雷科","110/07/13","兆豐-高雄",0,6,-6
"211","3679新至陞","110/07/13","永豐金證券",50,0,50
"212","3679新至陞","110/07/13","摩根大通",2,25,-23
"213","3679新至陞","110/07/13","國泰-桃園",22,0,22
"214","3679新至陞","110/07/13","元大-成功",0,22,-22
"215","3679新至陞","110/07/13","台中銀-員林",11,0,11
"216","3679新至陞","110/07/13","富邦-板橋",1,19,-18
"217","3679新至陞","110/07/13","元大-文心興安",8,0,8
"218","3679新至陞","110/07/13","日盛-新莊",0,10,-10
"219","3679新至陞","110/07/13","美商高盛",6,0,6
"220","3679新至陞","110/07/13","台新-台中",0,10,-10
"221","3679新至陞","110/07/13","台新-高雄",6,0,6
"222","3679新至陞","110/07/13","永豐金-新竹",0,8,-8
"223","3679新至陞","110/07/13","凱基-台北",18,12,6
"224","3679新至陞","110/07/13","瑞士信貸",12,19,-7
"225","3679新至陞","110/07/13","日盛-復興",5,0,5
"226","3679新至陞","110/07/13","統一-南京",0,7,-7
"227","3679新至陞","110/07/13","(牛牛牛)亞-鑫豐",4,0,4
"228","3679新至陞","110/07/13","凱基-新莊",0,7,-7
"229","3679新至陞","110/07/13","元富-大昌",3,0,3
"230","3679新至陞","110/07/13","新加坡商瑞銀",0,6,-6
"231","3679新至陞","110/07/13","富邦-台北",3,0,3
"232","3679新至陞","110/07/13","合庫-自強",0,5,-5
"233","3679新至陞","110/07/13","日盛-樹林",2,0,2
"234","3679新至陞","110/07/13","富邦-桃園",0,5,-5
"235","3679新至陞","110/07/13","宏遠-光隆",2,0,2
"236","3679新至陞","110/07/13","永豐金-潮州",0,4,-4
"237","3679新至陞","110/07/13","美林",3,1,2
"238","3679新至陞","110/07/13","臺銀-臺南",0,3,-3
"239","3679新至陞","110/07/13","第一金-中壢",2,0,2
"240","3679新至陞","110/07/13","元大-六合",0,3,-3
"241","2727王品","110/07/13","富邦-台北",43,3,40
"242","2727王品","110/07/13","台灣摩根士丹利",15,97,-82
"243","2727王品","110/07/13","元大-基隆孝二",40,0,40
"244","2727王品","110/07/13","玉山-台南",5,57,-52
"245","2727王品","110/07/13","國票-新莊",40,1,39
"246","2727王品","110/07/13","新加坡商瑞銀",0,48,-48
"247","2727王品","110/07/13","第一金-豐原",66,42,24
"248","2727王品","110/07/13","凱基-台北",41,77,-36
"249","2727王品","110/07/13","永豐金-大園",34,10,24
"250","2727王品","110/07/13","永豐金-永康",0,22,-22
"251","2727王品","110/07/13","元大-北屯",22,0,22
"252","2727王品","110/07/13","統一-台中",2,22,-20
"253","2727王品","110/07/13","元大-東蘆",26,7,19
"254","2727王品","110/07/13","國泰-台中",21,39,-18
"255","2727王品","110/07/13","永豐金-萬盛",13,1,12
"256","2727王品","110/07/13","合庫-彰化",3,20,-17
"257","2727王品","110/07/13","日盛-嘉義",11,0,11
"258","2727王品","110/07/13","港商野村",13,30,-17
"259","2727王品","110/07/13","日盛-八德",11,0,11
"260","2727王品","110/07/13","元大-楊梅",1,16,-15
"261","2727王品","110/07/13","統一-竹南",11,0,11
"262","2727王品","110/07/13","凱基-高美館",2,15,-13
"263","2727王品","110/07/13","日盛-士林",12,2,10
"264","2727王品","110/07/13","美商高盛",2,14,-12
"265","2727王品","110/07/13","統一-敦南",10,0,10
"266","2727王品","110/07/13","統一-平鎮",1,13,-12
"267","2727王品","110/07/13","中國信託",15,5,10
"268","2727王品","110/07/13","兆豐-台中港",4,16,-12
"269","2727王品","110/07/13","兆豐-竹北",13,3,10
"270","2727王品","110/07/13","凱基-八德",1,13,-12
"271","1570力肯","110/07/13","新光",115,11,104
"272","1570力肯","110/07/13","元大-北三重",0,162,-162
"273","1570力肯","110/07/13","群益金鼎-高雄",54,0,54
"274","1570力肯","110/07/13","元大-大灣",0,25,-25
"275","1570力肯","110/07/13","國票-新莊",22,0,22
"276","1570力肯","110/07/13","永豐金-苓雅",0,22,-22
"277","1570力肯","110/07/13","日盛-桃園",12,0,12
"278","1570力肯","110/07/13","永豐金-永康",0,19,-19
"279","1570力肯","110/07/13","元大-高雄",12,0,12
"280","1570力肯","110/07/13","富邦-員林",0,15,-15
"281","1570力肯","110/07/13","合庫-自強",11,0,11
"282","1570力肯","110/07/13","凱基-台南",0,11,-11
"283","1570力肯","110/07/13","摩根大通",26,15,11
"284","1570力肯","110/07/13","日盛-竹北",0,10,-10
"285","1570力肯","110/07/13","永豐金-中盛",11,0,11
"286","1570力肯","110/07/13","國票-九鼎",0,10,-10
"287","1570力肯","110/07/13","兆豐-台中港",10,0,10
"288","1570力肯","110/07/13","凱基-桃園",0,10,-10
"289","1570力肯","110/07/13","國泰-松江",9,0,9
"290","1570力肯","110/07/13","凱基-新豐",0,10,-10
"291","1570力肯","110/07/13","元大-新盛",9,0,9
"292","1570力肯","110/07/13","元大-學甲",0,10,-10
"293","1570力肯","110/07/13","元富-緯城",6,0,6
"294","1570力肯","110/07/13","群益金鼎-東湖",1,10,-9
"295","1570力肯","110/07/13","統一-三重",5,0,5
"296","1570力肯","110/07/13","大昌",0,6,-6
"297","1570力肯","110/07/13","元大-前金",5,0,5
"298","1570力肯","110/07/13","元大-土城學府",0,6,-6
"299","1570力肯","110/07/13","永豐金證券",5,0,5
"300","1570力肯","110/07/13","統一",0,5,-5
"301","6180橘子","110/07/13","摩根大通",119,0,119
"302","6180橘子","110/07/13","元大-崇德",2,61,-59
"303","6180橘子","110/07/13","美商高盛",96,0,96
"304","6180橘子","110/07/13","康和-台中",0,51,-51
"305","6180橘子","110/07/13","新加坡商瑞銀",86,7,79
"306","6180橘子","110/07/13","康和-台北",0,50,-50
"307","6180橘子","110/07/13","元大-和平",40,0,40
"308","6180橘子","110/07/13","元富-潮州",0,40,-40
"309","6180橘子","110/07/13","凱基-台北",83,47,36
"310","6180橘子","110/07/13","日盛-永康",0,26,-26
"311","6180橘子","110/07/13","美林",39,5,34
"312","6180橘子","110/07/13","永豐金-中正",0,24,-24
"313","6180橘子","110/07/13","富邦-新竹華信",31,2,29
"314","6180橘子","110/07/13","國泰-板橋",2,25,-23
"315","6180橘子","110/07/13","統一-南京",21,0,21
"316","6180橘子","110/07/13","日盛-大墩",0,20,-20
"317","6180橘子","110/07/13","富邦-陽明",24,3,21
"318","6180橘子","110/07/13","元大-草屯",13,32,-19
"319","6180橘子","110/07/13","大昌-樹林",21,1,20
"320","6180橘子","110/07/13","元富-林園",1,18,-17
"321","6180橘子","110/07/13","花旗環球",19,0,19
"322","6180橘子","110/07/13","新光-新竹",1,18,-17
"323","6180橘子","110/07/13","華南永昌-台南",19,0,19
"324","6180橘子","110/07/13","元大-土城永寧",0,17,-17
"325","6180橘子","110/07/13","福勝",14,0,14
"326","6180橘子","110/07/13","國泰-新莊",3,19,-16
"327","6180橘子","110/07/13","富邦-嘉義",12,1,11
"328","6180橘子","110/07/13","中國信託-永康",6,21,-15
"329","6180橘子","110/07/13","元大-板橋三民",11,0,11
"330","6180橘子","110/07/13","凱基-東港",1,15,-14
"331","2390云辰","110/07/13","新加坡商瑞銀",562,75,487
"332","2390云辰","110/07/13","大展-台南",0,532,-532
"333","2390云辰","110/07/13","台灣摩根士丹利",330,155,175
"334","2390云辰","110/07/13","凱基-台北",668,854,-186
"335","2390云辰","110/07/13","兆豐-公益",126,25,101
"336","2390云辰","110/07/13","凱基-三重",12,172,-160
"337","2390云辰","110/07/13","元富-中港",100,2,98
"338","2390云辰","110/07/13","兆豐-忠孝",4,161,-157
"339","2390云辰","110/07/13","統一-新台中",106,9,97
"340","2390云辰","110/07/13","元大-士林",19,170,-151
"341","2390云辰","110/07/13","中國信託-松江",81,11,70
"342","2390云辰","110/07/13","臺銀-新竹",14,117,-103
"343","2390云辰","110/07/13","日盛-板橋",72,3,69
"344","2390云辰","110/07/13","國票-台中",4,102,-98
"345","2390云辰","110/07/13","日盛-和美",57,0,57
"346","2390云辰","110/07/13","新光",147,232,-85
"347","2390云辰","110/07/13","永豐金-桃園",88,36,52
"348","2390云辰","110/07/13","致和-崇德",2,70,-68
"349","2390云辰","110/07/13","玉山-士林",54,4,50
"350","2390云辰","110/07/13","群益金鼎-屏東",2,70,-68
"351","2390云辰","110/07/13","富邦-仁愛",56,6,50
"352","2390云辰","110/07/13","元大-大里",35,98,-63
"353","2390云辰","110/07/13","第一金-豐原",50,1,49
"354","2390云辰","110/07/13","元大-萬華",35,94,-59
"355","2390云辰","110/07/13","摩根大通",502,453,49
"356","2390云辰","110/07/13","元富-吉利",2,60,-58
"357","2390云辰","110/07/13","凱基-松山",61,13,48
"358","2390云辰","110/07/13","兆豐-新竹",3,53,-50
"359","2390云辰","110/07/13","大昌",64,22,42
"360","2390云辰","110/07/13","富邦-嘉義",65,108,-43
"361","2363矽統","110/07/13","凱基-南崁",2133,63,2070
"362","2363矽統","110/07/13","凱基-幸福",36,4048,-4012
"363","2363矽統","110/07/13","國泰-敦南",2195,1617,578
"364","2363矽統","110/07/13","統一",192,3325,-3133
"365","2363矽統","110/07/13","中農",670,139,531
"366","2363矽統","110/07/13","新加坡商瑞銀",1000,2747,-1747
"367","2363矽統","110/07/13","康和-台中",638,154,484
"368","2363矽統","110/07/13","凱基-台北",5359,6609,-1250
"369","2363矽統","110/07/13","群益金鼎-三民",577,137,440
"370","2363矽統","110/07/13","摩根大通",1930,2858,-928
"371","2363矽統","110/07/13","台新-屏東",510,88,422
"372","2363矽統","110/07/13","港商野村",960,1679,-719
"373","2363矽統","110/07/13","德信-中正",455,67,388
"374","2363矽統","110/07/13","兆豐-復興",25,705,-680
"375","2363矽統","110/07/13","日盛-竹北",365,70,295
"376","2363矽統","110/07/13","統一-仁愛",114,755,-641
"377","2363矽統","110/07/13","元大-佳里",452,189,263
"378","2363矽統","110/07/13","統一-敦南",29,638,-609
"379","2363矽統","110/07/13","國票-博愛",296,38,258
"380","2363矽統","110/07/13","統一-土城",100,704,-604
"381","2363矽統","110/07/13","元大-萬華",340,95,245
"382","2363矽統","110/07/13","統一-城中",116,676,-560
"383","2363矽統","110/07/13","新光",1259,1031,228
"384","2363矽統","110/07/13","永豐金證券",306,859,-553
"385","2363矽統","110/07/13","元富-成功",323,96,227
"386","2363矽統","110/07/13","元富",54,567,-513
"387","2363矽統","110/07/13","豐農",228,23,205
"388","2363矽統","110/07/13","瑞士信貸",202,666,-464
"389","2363矽統","110/07/13","台灣企銀-岡山",186,4,182
"390","2363矽統","110/07/13","永豐金-嘉義",67,468,-401
"391","8112至上","110/07/13","摩根大通",688,296,392
"392","8112至上","110/07/13","國票-中和",0,401,-401
"393","8112至上","110/07/13","港商野村",344,145,199
"394","8112至上","110/07/13","永豐金-板盛",0,205,-205
"395","8112至上","110/07/13","兆豐-公益",195,5,190
"396","8112至上","110/07/13","凱基-五股",43,155,-112
"397","8112至上","110/07/13","台灣摩根士丹利",183,0,183
"398","8112至上","110/07/13","凱基-市政",0,100,-100
"399","8112至上","110/07/13","群益金鼎-敦南",153,2,151
"400","8112至上","110/07/13","元大-大里德芳",1,92,-91
"401","8112至上","110/07/13","臺銀-金山",146,26,120
"402","8112至上","110/07/13","玉山-桃園",26,110,-84
"403","8112至上","110/07/13","臺銀",133,19,114
"404","8112至上","110/07/13","兆豐-天母",0,81,-81
"405","8112至上","110/07/13","合庫-台中",115,6,109
"406","8112至上","110/07/13","凱基-城中",3,84,-81
"407","8112至上","110/07/13","亞東-板橋",134,26,108
"408","8112至上","110/07/13","日盛-新莊",9,85,-76
"409","8112至上","110/07/13","凱基-台北",414,326,88
"410","8112至上","110/07/13","日盛-台中",2,64,-62
"411","8112至上","110/07/13","新加坡商瑞銀",181,100,81
"412","8112至上","110/07/13","日盛-中壢",3,64,-61
"413","8112至上","110/07/13","國泰-敦南",108,31,77
"414","8112至上","110/07/13","元大-台中",2,59,-57
"415","8112至上","110/07/13","第一金-華江",77,4,73
"416","8112至上","110/07/13","元大-雙和",7,64,-57
"417","8112至上","110/07/13","永豐金-內湖",73,1,72
"418","8112至上","110/07/13","元大-高雄",8,62,-54
"419","8112至上","110/07/13","元大-永和",68,1,67
"420","8112至上","110/07/13","元大-館前",2,55,-53
"421","1570力肯","110/07/13","新光",115,11,104
"422","1570力肯","110/07/13","元大-北三重",0,162,-162
"423","1570力肯","110/07/13","群益金鼎-高雄",54,0,54
"424","1570力肯","110/07/13","元大-大灣",0,25,-25
"425","1570力肯","110/07/13","國票-新莊",22,0,22
"426","1570力肯","110/07/13","永豐金-苓雅",0,22,-22
"427","1570力肯","110/07/13","日盛-桃園",12,0,12
"428","1570力肯","110/07/13","永豐金-永康",0,19,-19
"429","1570力肯","110/07/13","元大-高雄",12,0,12
"430","1570力肯","110/07/13","富邦-員林",0,15,-15
"431","1570力肯","110/07/13","合庫-自強",11,0,11
"432","1570力肯","110/07/13","凱基-台南",0,11,-11
"433","1570力肯","110/07/13","摩根大通",26,15,11
"434","1570力肯","110/07/13","日盛-竹北",0,10,-10
"435","1570力肯","110/07/13","永豐金-中盛",11,0,11
"436","1570力肯","110/07/13","國票-九鼎",0,10,-10
"437","1570力肯","110/07/13","兆豐-台中港",10,0,10
"438","1570力肯","110/07/13","凱基-桃園",0,10,-10
"439","1570力肯","110/07/13","國泰-松江",9,0,9
"440","1570力肯","110/07/13","凱基-新豐",0,10,-10
"441","1570力肯","110/07/13","元大-新盛",9,0,9
"442","1570力肯","110/07/13","元大-學甲",0,10,-10
"443","1570力肯","110/07/13","元富-緯城",6,0,6
"444","1570力肯","110/07/13","群益金鼎-東湖",1,10,-9
"445","1570力肯","110/07/13","統一-三重",5,0,5
"446","1570力肯","110/07/13","大昌",0,6,-6
"447","1570力肯","110/07/13","元大-前金",5,0,5
"448","1570力肯","110/07/13","元大-土城學府",0,6,-6
"449","1570力肯","110/07/13","永豐金證券",5,0,5
"450","1570力肯","110/07/13","統一",0,5,-5
"451","2929淘帝","110/07/13","玉山-新竹",130,0,130
"452","2929淘帝","110/07/13","美商高盛",0,177,-177
"453","2929淘帝","110/07/13","臺銀-民權",60,0,60
"454","2929淘帝","110/07/13","凱基-台北",6,80,-74
"455","2929淘帝","110/07/13","新百王",31,0,31
"456","2929淘帝","110/07/13","元富-大裕",0,49,-49
"457","2929淘帝","110/07/13","日盛-園區",30,0,30
"458","2929淘帝","110/07/13","國泰-館前",3,51,-48
"459","2929淘帝","110/07/13","元大-南投",31,1,30
"460","2929淘帝","110/07/13","凱基-中壢",0,41,-41
"461","2929淘帝","110/07/13","兆豐-忠孝",28,0,28
"462","2929淘帝","110/07/13","港商野村",21,55,-34
"463","2929淘帝","110/07/13","元大-民生",28,0,28
"464","2929淘帝","110/07/13","華南永昌-南京",2,34,-32
"465","2929淘帝","110/07/13","合庫-高雄",27,0,27
"466","2929淘帝","110/07/13","群益金鼎-土城",0,30,-30
"467","2929淘帝","110/07/13","凱基-豐中",27,0,27
"468","2929淘帝","110/07/13","富邦-南屯",0,22,-22
"469","2929淘帝","110/07/13","新光",21,4,17
"470","2929淘帝","110/07/13","第一金-豐原",0,20,-20
"471","2929淘帝","110/07/13","元大-天母",17,0,17
"472","2929淘帝","110/07/13","元大-屏南",6,26,-20
"473","2929淘帝","110/07/13","永興",14,0,14
"474","2929淘帝","110/07/13","永豐金-敦南",1,21,-20
"475","2929淘帝","110/07/13","富邦-台北",12,0,12
"476","2929淘帝","110/07/13","凱基-三重",2,21,-19
"477","2929淘帝","110/07/13","元大-永和",12,0,12
"478","2929淘帝","110/07/13","富邦-仁愛",7,25,-18
"479","2929淘帝","110/07/13","國票-天祥",11,0,11
"480","2929淘帝","110/07/13","元大-北投",0,16,-16
"481","5410國眾","110/07/13","兆豐-城中",274,0,274
"482","5410國眾","110/07/13","元富-嘉義",0,103,-103
"483","5410國眾","110/07/13","新光",50,4,46
"484","5410國眾","110/07/13","凱基-台北",0,50,-50
"485","5410國眾","110/07/13","國泰-台中",26,0,26
"486","5410國眾","110/07/13","瑞士信貸",0,31,-31
"487","5410國眾","110/07/13","新加坡商瑞銀",22,0,22
"488","5410國眾","110/07/13","台新-新莊",0,27,-27
"489","5410國眾","110/07/13","光和-嘉義",20,0,20
"490","5410國眾","110/07/13","元大-汐止",0,20,-20
"491","5410國眾","110/07/13","凱基-竹北",17,0,17
"492","5410國眾","110/07/13","亞東-新竹",0,17,-17
"493","5410國眾","110/07/13","新光-桃園",15,0,15
"494","5410國眾","110/07/13","元大-南勢角",0,13,-13
"495","5410國眾","110/07/13","凱基-台東",14,0,14
"496","5410國眾","110/07/13","台新-台南",0,12,-12
"497","5410國眾","110/07/13","富邦-竹北",11,0,11
"498","5410國眾","110/07/13","中國信託",0,11,-11
"499","5410國眾","110/07/13","元富-同大",10,0,10
"500","5410國眾","110/07/13","華南永昌",0,11,-11
"501","5410國眾","110/07/13","國泰-敦南",24,15,9
"502","5410國眾","110/07/13","臺銀-臺南",0,10,-10
"503","5410國眾","110/07/13","日盛-內湖",7,0,7
"504","5410國眾","110/07/13","台灣企銀-民雄",0,10,-10
"505","5410國眾","110/07/13","台新-左楠",7,0,7
"506","5410國眾","110/07/13","高橋",0,10,-10
"507","5410國眾","110/07/13","元大-新盛",18,12,6
"508","5410國眾","110/07/13","康和-嘉義",0,10,-10
"509","5410國眾","110/07/13","統一",5,0,5
"510","5410國眾","110/07/13","凱基-基隆",0,10,-10
"511","2841台開","110/07/13","中國信託-高雄",251,50,201
"512","2841台開","110/07/13","兆豐-公益",0,177,-177
"513","2841台開","110/07/13","日盛證券",210,13,197
"514","2841台開","110/07/13","日進",0,152,-152
"515","2841台開","110/07/13","第一金-台中",55,0,55
"516","2841台開","110/07/13","港商野村",0,109,-109
"517","2841台開","110/07/13","國泰-板橋",46,0,46
"518","2841台開","110/07/13","日盛-信義",0,103,-103
"519","2841台開","110/07/13","國泰-館前",48,3,45
"520","2841台開","110/07/13","國泰-敦南",11,75,-64
"521","2841台開","110/07/13","華南永昌-新莊",45,0,45
"522","2841台開","110/07/13","永興",0,50,-50
"523","2841台開","110/07/13","日盛-園區",42,0,42
"524","2841台開","110/07/13","永豐金-敦南",61,104,-43
"525","2841台開","110/07/13","台新證券",32,0,32
"526","2841台開","110/07/13","富邦-台南",0,42,-42
"527","2841台開","110/07/13","台新-高雄",32,2,30
"528","2841台開","110/07/13","國票-安和",0,30,-30
"529","2841台開","110/07/13","豐農",23,0,23
"530","2841台開","110/07/13","元大-桃園",0,25,-25
"531","2841台開","110/07/13","合庫-嘉義",20,0,20
"532","2841台開","110/07/13","新光",8,32,-24
"533","2841台開","110/07/13","華南永昌-高雄",20,0,20
"534","2841台開","110/07/13","元大-仁愛",0,24,-24
"535","2841台開","110/07/13","元大-樹林",16,0,16
"536","2841台開","110/07/13","日盛-中和",0,20,-20
"537","2841台開","110/07/13","第一金-華江",15,2,13
"538","2841台開","110/07/13","元富",0,20,-20
"539","2841台開","110/07/13","美商高盛",12,0,12
"540","2841台開","110/07/13","富邦-宜蘭",0,20,-20
"541","6207雷科","110/07/13","元大-高雄",121,0,121
"542","6207雷科","110/07/13","華南永昌-朴子",1,60,-59
"543","6207雷科","110/07/13","第一金-新興",20,0,20
"544","6207雷科","110/07/13","元大-南海",0,36,-36
"545","6207雷科","110/07/13","元富-三重",20,0,20
"546","6207雷科","110/07/13","凱基-土城",0,35,-35
"547","6207雷科","110/07/13","元大-林園",15,0,15
"548","6207雷科","110/07/13","台灣企銀",0,20,-20
"549","6207雷科","110/07/13","元大-金華",16,1,15
"550","6207雷科","110/07/13","群益金鼎-丹鳳",0,20,-20
"551","6207雷科","110/07/13","日盛證券",10,0,10
"552","6207雷科","110/07/13","元大-博愛",0,17,-17
"553","6207雷科","110/07/13","統一-台中",10,0,10
"554","6207雷科","110/07/13","元大-北港",0,13,-13
"555","6207雷科","110/07/13","群益金鼎-土城",10,0,10
"556","6207雷科","110/07/13","新加坡商瑞銀",0,12,-12
"557","6207雷科","110/07/13","群益金鼎-桃園",10,0,10
"558","6207雷科","110/07/13","凱基-台北",4,16,-12
"559","6207雷科","110/07/13","永豐金-新莊",10,0,10
"560","6207雷科","110/07/13","日茂-埔里",0,11,-11
"561","6207雷科","110/07/13","永豐金-新店",10,0,10
"562","6207雷科","110/07/13","元大-莒光",0,11,-11
"563","6207雷科","110/07/13","元大證券",9,0,9
"564","6207雷科","110/07/13","統一-新竹",0,10,-10
"565","6207雷科","110/07/13","日盛-木柵",9,1,8
"566","6207雷科","110/07/13","元大-西螺",0,10,-10
"567","6207雷科","110/07/13","兆豐-來福",8,0,8
"568","6207雷科","110/07/13","康和-台中",0,8,-8
"569","6207雷科","110/07/13","新光",7,0,7
"570","6207雷科","110/07/13","兆豐-高雄",0,6,-6
"571","3679新至陞","110/07/13","永豐金證券",50,0,50
"572","3679新至陞","110/07/13","摩根大通",2,25,-23
"573","3679新至陞","110/07/13","國泰-桃園",22,0,22
"574","3679新至陞","110/07/13","元大-成功",0,22,-22
"575","3679新至陞","110/07/13","台中銀-員林",11,0,11
"576","3679新至陞","110/07/13","富邦-板橋",1,19,-18
"577","3679新至陞","110/07/13","元大-文心興安",8,0,8
"578","3679新至陞","110/07/13","日盛-新莊",0,10,-10
"579","3679新至陞","110/07/13","美商高盛",6,0,6
"580","3679新至陞","110/07/13","台新-台中",0,10,-10
"581","3679新至陞","110/07/13","台新-高雄",6,0,6
"582","3679新至陞","110/07/13","永豐金-新竹",0,8,-8
"583","3679新至陞","110/07/13","凱基-台北",18,12,6
"584","3679新至陞","110/07/13","瑞士信貸",12,19,-7
"585","3679新至陞","110/07/13","日盛-復興",5,0,5
"586","3679新至陞","110/07/13","統一-南京",0,7,-7
"587","3679新至陞","110/07/13","(牛牛牛)亞-鑫豐",4,0,4
"588","3679新至陞","110/07/13","凱基-新莊",0,7,-7
"589","3679新至陞","110/07/13","元富-大昌",3,0,3
"590","3679新至陞","110/07/13","新加坡商瑞銀",0,6,-6
"591","3679新至陞","110/07/13","富邦-台北",3,0,3
"592","3679新至陞","110/07/13","合庫-自強",0,5,-5
"593","3679新至陞","110/07/13","日盛-樹林",2,0,2
"594","3679新至陞","110/07/13","富邦-桃園",0,5,-5
"595","3679新至陞","110/07/13","宏遠-光隆",2,0,2
"596","3679新至陞","110/07/13","永豐金-潮州",0,4,-4
"597","3679新至陞","110/07/13","美林",3,1,2
"598","3679新至陞","110/07/13","臺銀-臺南",0,3,-3
"599","3679新至陞","110/07/13","第一金-中壢",2,0,2
"600","3679新至陞","110/07/13","元大-六合",0,3,-3
"601","2727王品","110/07/13","富邦-台北",43,3,40
"602","2727王品","110/07/13","台灣摩根士丹利",15,97,-82
"603","2727王品","110/07/13","元大-基隆孝二",40,0,40
"604","2727王品","110/07/13","玉山-台南",5,57,-52
"605","2727王品","110/07/13","國票-新莊",40,1,39
"606","2727王品","110/07/13","新加坡商瑞銀",0,48,-48
"607","2727王品","110/07/13","第一金-豐原",66,42,24
"608","2727王品","110/07/13","凱基-台北",41,77,-36
"609","2727王品","110/07/13","永豐金-大園",34,10,24
"610","2727王品","110/07/13","永豐金-永康",0,22,-22
"611","2727王品","110/07/13","元大-北屯",22,0,22
"612","2727王品","110/07/13","統一-台中",2,22,-20
"613","2727王品","110/07/13","元大-東蘆",26,7,19
"614","2727王品","110/07/13","國泰-台中",21,39,-18
"615","2727王品","110/07/13","永豐金-萬盛",13,1,12
"616","2727王品","110/07/13","合庫-彰化",3,20,-17
"617","2727王品","110/07/13","日盛-嘉義",11,0,11
"618","2727王品","110/07/13","港商野村",13,30,-17
"619","2727王品","110/07/13","日盛-八德",11,0,11
"620","2727王品","110/07/13","元大-楊梅",1,16,-15
"621","2727王品","110/07/13","統一-竹南",11,0,11
"622","2727王品","110/07/13","凱基-高美館",2,15,-13
"623","2727王品","110/07/13","日盛-士林",12,2,10
"624","2727王品","110/07/13","美商高盛",2,14,-12
"625","2727王品","110/07/13","統一-敦南",10,0,10
"626","2727王品","110/07/13","統一-平鎮",1,13,-12
"627","2727王品","110/07/13","中國信託",15,5,10
"628","2727王品","110/07/13","兆豐-台中港",4,16,-12
"629","2727王品","110/07/13","兆豐-竹北",13,3,10
"630","2727王品","110/07/13","凱基-八德",1,13,-12
"631","1570力肯","110/07/13","新光",115,11,104
"632","1570力肯","110/07/13","元大-北三重",0,162,-162
"633","1570力肯","110/07/13","群益金鼎-高雄",54,0,54
"634","1570力肯","110/07/13","元大-大灣",0,25,-25
"635","1570力肯","110/07/13","國票-新莊",22,0,22
"636","1570力肯","110/07/13","永豐金-苓雅",0,22,-22
"637","1570力肯","110/07/13","日盛-桃園",12,0,12
"638","1570力肯","110/07/13","永豐金-永康",0,19,-19
"639","1570力肯","110/07/13","元大-高雄",12,0,12
"640","1570力肯","110/07/13","富邦-員林",0,15,-15
"641","1570力肯","110/07/13","合庫-自強",11,0,11
"642","1570力肯","110/07/13","凱基-台南",0,11,-11
"643","1570力肯","110/07/13","摩根大通",26,15,11
"644","1570力肯","110/07/13","日盛-竹北",0,10,-10
"645","1570力肯","110/07/13","永豐金-中盛",11,0,11
"646","1570力肯","110/07/13","國票-九鼎",0,10,-10
"647","1570力肯","110/07/13","兆豐-台中港",10,0,10
"648","1570力肯","110/07/13","凱基-桃園",0,10,-10
"649","1570力肯","110/07/13","國泰-松江",9,0,9
"650","1570力肯","110/07/13","凱基-新豐",0,10,-10
"651","1570力肯","110/07/13","元大-新盛",9,0,9
"652","1570力肯","110/07/13","元大-學甲",0,10,-10
"653","1570力肯","110/07/13","元富-緯城",6,0,6
"654","1570力肯","110/07/13","群益金鼎-東湖",1,10,-9
"655","1570力肯","110/07/13","統一-三重",5,0,5
"656","1570力肯","110/07/13","大昌",0,6,-6
"657","1570力肯","110/07/13","元大-前金",5,0,5
"658","1570力肯","110/07/13","元大-土城學府",0,6,-6
"659","1570力肯","110/07/13","永豐金證券",5,0,5
"660","1570力肯","110/07/13","統一",0,5,-5
"661","6180橘子","110/07/13","摩根大通",119,0,119
"662","6180橘子","110/07/13","元大-崇德",2,61,-59
"663","6180橘子","110/07/13","美商高盛",96,0,96
"664","6180橘子","110/07/13","康和-台中",0,51,-51
"665","6180橘子","110/07/13","新加坡商瑞銀",86,7,79
"666","6180橘子","110/07/13","康和-台北",0,50,-50
"667","6180橘子","110/07/13","元大-和平",40,0,40
"668","6180橘子","110/07/13","元富-潮州",0,40,-40
"669","6180橘子","110/07/13","凱基-台北",83,47,36
"670","6180橘子","110/07/13","日盛-永康",0,26,-26
"671","6180橘子","110/07/13","美林",39,5,34
"672","6180橘子","110/07/13","永豐金-中正",0,24,-24
"673","6180橘子","110/07/13","富邦-新竹華信",31,2,29
"674","6180橘子","110/07/13","國泰-板橋",2,25,-23
"675","6180橘子","110/07/13","統一-南京",21,0,21
"676","6180橘子","110/07/13","日盛-大墩",0,20,-20
"677","6180橘子","110/07/13","富邦-陽明",24,3,21
"678","6180橘子","110/07/13","元大-草屯",13,32,-19
"679","6180橘子","110/07/13","大昌-樹林",21,1,20
"680","6180橘子","110/07/13","元富-林園",1,18,-17
"681","6180橘子","110/07/13","花旗環球",19,0,19
"682","6180橘子","110/07/13","新光-新竹",1,18,-17
"683","6180橘子","110/07/13","華南永昌-台南",19,0,19
"684","6180橘子","110/07/13","元大-土城永寧",0,17,-17
"685","6180橘子","110/07/13","福勝",14,0,14
"686","6180橘子","110/07/13","國泰-新莊",3,19,-16
"687","6180橘子","110/07/13","富邦-嘉義",12,1,11
"688","6180橘子","110/07/13","中國信託-永康",6,21,-15
"689","6180橘子","110/07/13","元大-板橋三民",11,0,11
"690","6180橘子","110/07/13","凱基-東港",1,15,-14
"691","2390云辰","110/07/13","新加坡商瑞銀",562,75,487
"692","2390云辰","110/07/13","大展-台南",0,532,-532
"693","2390云辰","110/07/13","台灣摩根士丹利",330,155,175
"694","2390云辰","110/07/13","凱基-台北",668,854,-186
"695","2390云辰","110/07/13","兆豐-公益",126,25,101
"696","2390云辰","110/07/13","凱基-三重",12,172,-160
"697","2390云辰","110/07/13","元富-中港",100,2,98
"698","2390云辰","110/07/13","兆豐-忠孝",4,161,-157
"699","2390云辰","110/07/13","統一-新台中",106,9,97
"700","2390云辰","110/07/13","元大-士林",19,170,-151
"701","2390云辰","110/07/13","中國信託-松江",81,11,70
"702","2390云辰","110/07/13","臺銀-新竹",14,117,-103
"703","2390云辰","110/07/13","日盛-板橋",72,3,69
"704","2390云辰","110/07/13","國票-台中",4,102,-98
"705","2390云辰","110/07/13","日盛-和美",57,0,57
"706","2390云辰","110/07/13","新光",147,232,-85
"707","2390云辰","110/07/13","永豐金-桃園",88,36,52
"708","2390云辰","110/07/13","致和-崇德",2,70,-68
"709","2390云辰","110/07/13","玉山-士林",54,4,50
"710","2390云辰","110/07/13","群益金鼎-屏東",2,70,-68
"711","2390云辰","110/07/13","富邦-仁愛",56,6,50
"712","2390云辰","110/07/13","元大-大里",35,98,-63
"713","2390云辰","110/07/13","第一金-豐原",50,1,49
"714","2390云辰","110/07/13","元大-萬華",35,94,-59
"715","2390云辰","110/07/13","摩根大通",502,453,49
"716","2390云辰","110/07/13","元富-吉利",2,60,-58
"717","2390云辰","110/07/13","凱基-松山",61,13,48
"718","2390云辰","110/07/13","兆豐-新竹",3,53,-50
"719","2390云辰","110/07/13","大昌",64,22,42
"720","2390云辰","110/07/13","富邦-嘉義",65,108,-43
"721","2363矽統","110/07/13","凱基-南崁",2133,63,2070
"722","2363矽統","110/07/13","凱基-幸福",36,4048,-4012
"723","2363矽統","110/07/13","國泰-敦南",2195,1617,578
"724","2363矽統","110/07/13","統一",192,3325,-3133
"725","2363矽統","110/07/13","中農",670,139,531
"726","2363矽統","110/07/13","新加坡商瑞銀",1000,2747,-1747
"727","2363矽統","110/07/13","康和-台中",638,154,484
"728","2363矽統","110/07/13","凱基-台北",5359,6609,-1250
"729","2363矽統","110/07/13","群益金鼎-三民",577,137,440
"730","2363矽統","110/07/13","摩根大通",1930,2858,-928
"731","2363矽統","110/07/13","台新-屏東",510,88,422
"732","2363矽統","110/07/13","港商野村",960,1679,-719
"733","2363矽統","110/07/13","德信-中正",455,67,388
"734","2363矽統","110/07/13","兆豐-復興",25,705,-680
"735","2363矽統","110/07/13","日盛-竹北",365,70,295
"736","2363矽統","110/07/13","統一-仁愛",114,755,-641
"737","2363矽統","110/07/13","元大-佳里",452,189,263
"738","2363矽統","110/07/13","統一-敦南",29,638,-609
"739","2363矽統","110/07/13","國票-博愛",296,38,258
"740","2363矽統","110/07/13","統一-土城",100,704,-604
"741","2363矽統","110/07/13","元大-萬華",340,95,245
"742","2363矽統","110/07/13","統一-城中",116,676,-560
"743","2363矽統","110/07/13","新光",1259,1031,228
"744","2363矽統","110/07/13","永豐金證券",306,859,-553
"745","2363矽統","110/07/13","元富-成功",323,96,227
"746","2363矽統","110/07/13","元富",54,567,-513
"747","2363矽統","110/07/13","豐農",228,23,205
"748","2363矽統","110/07/13","瑞士信貸",202,666,-464
"749","2363矽統","110/07/13","台灣企銀-岡山",186,4,182
"750","2363矽統","110/07/13","永豐金-嘉義",67,468,-401
"751","2363矽統","110/07/13","凱基-南崁",2133,63,2070
"752","2363矽統","110/07/13","凱基-幸福",36,4048,-4012
"753","2363矽統","110/07/13","國泰-敦南",2195,1617,578
"754","2363矽統","110/07/13","統一",192,3325,-3133
"755","2363矽統","110/07/13","中農",670,139,531
"756","2363矽統","110/07/13","新加坡商瑞銀",1000,2747,-1747
"757","2363矽統","110/07/13","康和-台中",638,154,484
"758","2363矽統","110/07/13","凱基-台北",5359,6609,-1250
"759","2363矽統","110/07/13","群益金鼎-三民",577,137,440
"760","2363矽統","110/07/13","摩根大通",1930,2858,-928
"761","2363矽統","110/07/13","台新-屏東",510,88,422
"762","2363矽統","110/07/13","港商野村",960,1679,-719
"763","2363矽統","110/07/13","德信-中正",455,67,388
"764","2363矽統","110/07/13","兆豐-復興",25,705,-680
"765","2363矽統","110/07/13","日盛-竹北",365,70,295
"766","2363矽統","110/07/13","統一-仁愛",114,755,-641
"767","2363矽統","110/07/13","元大-佳里",452,189,263
"768","2363矽統","110/07/13","統一-敦南",29,638,-609
"769","2363矽統","110/07/13","國票-博愛",296,38,258
"770","2363矽統","110/07/13","統一-土城",100,704,-604
"771","2363矽統","110/07/13","元大-萬華",340,95,245
"772","2363矽統","110/07/13","統一-城中",116,676,-560
"773","2363矽統","110/07/13","新光",1259,1031,228
"774","2363矽統","110/07/13","永豐金證券",306,859,-553
"775","2363矽統","110/07/13","元富-成功",323,96,227
"776","2363矽統","110/07/13","元富",54,567,-513
"777","2363矽統","110/07/13","豐農",228,23,205
"778","2363矽統","110/07/13","瑞士信貸",202,666,-464
"779","2363矽統","110/07/13","台灣企銀-岡山",186,4,182
"780","2363矽統","110/07/13","永豐金-嘉義",67,468,-401
"781","2363矽統","110/07/13","凱基-南崁",2133,63,2070
"782","2363矽統","110/07/13","凱基-幸福",36,4048,-4012
"783","2363矽統","110/07/13","國泰-敦南",2195,1617,578
"784","2363矽統","110/07/13","統一",192,3325,-3133
"785","2363矽統","110/07/13","中農",670,139,531
"786","2363矽統","110/07/13","新加坡商瑞銀",1000,2747,-1747
"787","2363矽統","110/07/13","康和-台中",638,154,484
"788","2363矽統","110/07/13","凱基-台北",5359,6609,-1250
"789","2363矽統","110/07/13","群益金鼎-三民",577,137,440
"790","2363矽統","110/07/13","摩根大通",1930,2858,-928
"791","2363矽統","110/07/13","台新-屏東",510,88,422
"792","2363矽統","110/07/13","港商野村",960,1679,-719
"793","2363矽統","110/07/13","德信-中正",455,67,388
"794","2363矽統","110/07/13","兆豐-復興",25,705,-680
"795","2363矽統","110/07/13","日盛-竹北",365,70,295
"796","2363矽統","110/07/13","統一-仁愛",114,755,-641
"797","2363矽統","110/07/13","元大-佳里",452,189,263
"798","2363矽統","110/07/13","統一-敦南",29,638,-609
"799","2363矽統","110/07/13","國票-博愛",296,38,258
"800","2363矽統","110/07/13","統一-土城",100,704,-604
"801","2363矽統","110/07/13","元大-萬華",340,95,245
"802","2363矽統","110/07/13","統一-城中",116,676,-560
"803","2363矽統","110/07/13","新光",1259,1031,228
"804","2363矽統","110/07/13","永豐金證券",306,859,-553
"805","2363矽統","110/07/13","元富-成功",323,96,227
"806","2363矽統","110/07/13","元富",54,567,-513
"807","2363矽統","110/07/13","豐農",228,23,205
"808","2363矽統","110/07/13","瑞士信貸",202,666,-464
"809","2363矽統","110/07/13","台灣企銀-岡山",186,4,182
"810","2363矽統","110/07/13","永豐金-嘉義",67,468,-401
"811","1570力肯","110/07/13","新光",115,11,104
"812","1570力肯","110/07/13","元大-北三重",0,162,-162
"813","1570力肯","110/07/13","群益金鼎-高雄",54,0,54
"814","1570力肯","110/07/13","元大-大灣",0,25,-25
"815","1570力肯","110/07/13","國票-新莊",22,0,22
"816","1570力肯","110/07/13","永豐金-苓雅",0,22,-22
"817","1570力肯","110/07/13","日盛-桃園",12,0,12
"818","1570力肯","110/07/13","永豐金-永康",0,19,-19
"819","1570力肯","110/07/13","元大-高雄",12,0,12
"820","1570力肯","110/07/13","富邦-員林",0,15,-15
"821","1570力肯","110/07/13","合庫-自強",11,0,11
"822","1570力肯","110/07/13","凱基-台南",0,11,-11
"823","1570力肯","110/07/13","摩根大通",26,15,11
"824","1570力肯","110/07/13","日盛-竹北",0,10,-10
"825","1570力肯","110/07/13","永豐金-中盛",11,0,11
"826","1570力肯","110/07/13","國票-九鼎",0,10,-10
"827","1570力肯","110/07/13","兆豐-台中港",10,0,10
"828","1570力肯","110/07/13","凱基-桃園",0,10,-10
"829","1570力肯","110/07/13","國泰-松江",9,0,9
"830","1570力肯","110/07/13","凱基-新豐",0,10,-10
"831","1570力肯","110/07/13","元大-新盛",9,0,9
"832","1570力肯","110/07/13","元大-學甲",0,10,-10
"833","1570力肯","110/07/13","元富-緯城",6,0,6
"834","1570力肯","110/07/13","群益金鼎-東湖",1,10,-9
"835","1570力肯","110/07/13","統一-三重",5,0,5
"836","1570力肯","110/07/13","大昌",0,6,-6
"837","1570力肯","110/07/13","元大-前金",5,0,5
"838","1570力肯","110/07/13","元大-土城學府",0,6,-6
"839","1570力肯","110/07/13","永豐金證券",5,0,5
"840","1570力肯","110/07/13","統一",0,5,-5
"841","1570力肯","110/07/13","新光",115,11,104
"842","1570力肯","110/07/13","元大-北三重",0,162,-162
"843","1570力肯","110/07/13","群益金鼎-高雄",54,0,54
"844","1570力肯","110/07/13","元大-大灣",0,25,-25
"845","1570力肯","110/07/13","國票-新莊",22,0,22
"846","1570力肯","110/07/13","永豐金-苓雅",0,22,-22
"847","1570力肯","110/07/13","日盛-桃園",12,0,12
"848","1570力肯","110/07/13","永豐金-永康",0,19,-19
"849","1570力肯","110/07/13","元大-高雄",12,0,12
"850","1570力肯","110/07/13","富邦-員林",0,15,-15
"851","1570力肯","110/07/13","合庫-自強",11,0,11
"852","1570力肯","110/07/13","凱基-台南",0,11,-11
"853","1570力肯","110/07/13","摩根大通",26,15,11
"854","1570力肯","110/07/13","日盛-竹北",0,10,-10
"855","1570力肯","110/07/13","永豐金-中盛",11,0,11
"856","1570力肯","110/07/13","國票-九鼎",0,10,-10
"857","1570力肯","110/07/13","兆豐-台中港",10,0,10
"858","1570力肯","110/07/13","凱基-桃園",0,10,-10
"859","1570力肯","110/07/13","國泰-松江",9,0,9
"860","1570力肯","110/07/13","凱基-新豐",0,10,-10
"861","1570力肯","110/07/13","元大-新盛",9,0,9
"862","1570力肯","110/07/13","元大-學甲",0,10,-10
"863","1570力肯","110/07/13","元富-緯城",6,0,6
"864","1570力肯","110/07/13","群益金鼎-東湖",1,10,-9
"865","1570力肯","110/07/13","統一-三重",5,0,5
"866","1570力肯","110/07/13","大昌",0,6,-6
"867","1570力肯","110/07/13","元大-前金",5,0,5
"868","1570力肯","110/07/13","元大-土城學府",0,6,-6
"869","1570力肯","110/07/13","永豐金證券",5,0,5
"870","1570力肯","110/07/13","統一",0,5,-5
"871","6180橘子","110/07/13","摩根大通",119,0,119
"872","6180橘子","110/07/13","元大-崇德",2,61,-59
"873","6180橘子","110/07/13","美商高盛",96,0,96
"874","6180橘子","110/07/13","康和-台中",0,51,-51
"875","6180橘子","110/07/13","新加坡商瑞銀",86,7,79
"876","6180橘子","110/07/13","康和-台北",0,50,-50
"877","6180橘子","110/07/13","元大-和平",40,0,40
"878","6180橘子","110/07/13","元富-潮州",0,40,-40
"879","6180橘子","110/07/13","凱基-台北",83,47,36
"880","6180橘子","110/07/13","日盛-永康",0,26,-26
"881","6180橘子","110/07/13","美林",39,5,34
"882","6180橘子","110/07/13","永豐金-中正",0,24,-24
"883","6180橘子","110/07/13","富邦-新竹華信",31,2,29
"884","6180橘子","110/07/13","國泰-板橋",2,25,-23
"885","6180橘子","110/07/13","統一-南京",21,0,21
"886","6180橘子","110/07/13","日盛-大墩",0,20,-20
"887","6180橘子","110/07/13","富邦-陽明",24,3,21
"888","6180橘子","110/07/13","元大-草屯",13,32,-19
"889","6180橘子","110/07/13","大昌-樹林",21,1,20
"890","6180橘子","110/07/13","元富-林園",1,18,-17
"891","6180橘子","110/07/13","花旗環球",19,0,19
"892","6180橘子","110/07/13","新光-新竹",1,18,-17
"893","6180橘子","110/07/13","華南永昌-台南",19,0,19
"894","6180橘子","110/07/13","元大-土城永寧",0,17,-17
"895","6180橘子","110/07/13","福勝",14,0,14
"896","6180橘子","110/07/13","國泰-新莊",3,19,-16
"897","6180橘子","110/07/13","富邦-嘉義",12,1,11
"898","6180橘子","110/07/13","中國信託-永康",6,21,-15
"899","6180橘子","110/07/13","元大-板橋三民",11,0,11
"900","6180橘子","110/07/13","凱基-東港",1,15,-14
"901","1570力肯","110/07/13","新光",115,11,104
"902","1570力肯","110/07/13","元大-北三重",0,162,-162
"903","1570力肯","110/07/13","群益金鼎-高雄",54,0,54
"904","1570力肯","110/07/13","元大-大灣",0,25,-25
"905","1570力肯","110/07/13","國票-新莊",22,0,22
"906","1570力肯","110/07/13","永豐金-苓雅",0,22,-22
"907","1570力肯","110/07/13","日盛-桃園",12,0,12
"908","1570力肯","110/07/13","永豐金-永康",0,19,-19
"909","1570力肯","110/07/13","元大-高雄",12,0,12
"910","1570力肯","110/07/13","富邦-員林",0,15,-15
"911","1570力肯","110/07/13","合庫-自強",11,0,11
"912","1570力肯","110/07/13","凱基-台南",0,11,-11
"913","1570力肯","110/07/13","摩根大通",26,15,11
"914","1570力肯","110/07/13","日盛-竹北",0,10,-10
"915","1570力肯","110/07/13","永豐金-中盛",11,0,11
"916","1570力肯","110/07/13","國票-九鼎",0,10,-10
"917","1570力肯","110/07/13","兆豐-台中港",10,0,10
"918","1570力肯","110/07/13","凱基-桃園",0,10,-10
"919","1570力肯","110/07/13","國泰-松江",9,0,9
"920","1570力肯","110/07/13","凱基-新豐",0,10,-10
"921","1570力肯","110/07/13","元大-新盛",9,0,9
"922","1570力肯","110/07/13","元大-學甲",0,10,-10
"923","1570力肯","110/07/13","元富-緯城",6,0,6
"924","1570力肯","110/07/13","群益金鼎-東湖",1,10,-9
"925","1570力肯","110/07/13","統一-三重",5,0,5
"926","1570力肯","110/07/13","大昌",0,6,-6
"927","1570力肯","110/07/13","元大-前金",5,0,5
"928","1570力肯","110/07/13","元大-土城學府",0,6,-6
"929","1570力肯","110/07/13","永豐金證券",5,0,5
"930","1570力肯","110/07/13","統一",0,5,-5
"931","6180橘子","110/07/13","摩根大通",119,0,119
"932","6180橘子","110/07/13","元大-崇德",2,61,-59
"933","6180橘子","110/07/13","美商高盛",96,0,96
"934","6180橘子","110/07/13","康和-台中",0,51,-51
"935","6180橘子","110/07/13","新加坡商瑞銀",86,7,79
"936","6180橘子","110/07/13","康和-台北",0,50,-50
"937","6180橘子","110/07/13","元大-和平",40,0,40
"938","6180橘子","110/07/13","元富-潮州",0,40,-40
"939","6180橘子","110/07/13","凱基-台北",83,47,36
"940","6180橘子","110/07/13","日盛-永康",0,26,-26
"941","6180橘子","110/07/13","美林",39,5,34
"942","6180橘子","110/07/13","永豐金-中正",0,24,-24
"943","6180橘子","110/07/13","富邦-新竹華信",31,2,29
"944","6180橘子","110/07/13","國泰-板橋",2,25,-23
"945","6180橘子","110/07/13","統一-南京",21,0,21
"946","6180橘子","110/07/13","日盛-大墩",0,20,-20
"947","6180橘子","110/07/13","富邦-陽明",24,3,21
"948","6180橘子","110/07/13","元大-草屯",13,32,-19
"949","6180橘子","110/07/13","大昌-樹林",21,1,20
"950","6180橘子","110/07/13","元富-林園",1,18,-17
"951","6180橘子","110/07/13","花旗環球",19,0,19
"952","6180橘子","110/07/13","新光-新竹",1,18,-17
"953","6180橘子","110/07/13","華南永昌-台南",19,0,19
"954","6180橘子","110/07/13","元大-土城永寧",0,17,-17
"955","6180橘子","110/07/13","福勝",14,0,14
"956","6180橘子","110/07/13","國泰-新莊",3,19,-16
"957","6180橘子","110/07/13","富邦-嘉義",12,1,11
"958","6180橘子","110/07/13","中國信託-永康",6,21,-15
"959","6180橘子","110/07/13","元大-板橋三民",11,0,11
"960","6180橘子","110/07/13","凱基-東港",1,15,-14
"961","2390云辰","110/07/13","新加坡商瑞銀",562,75,487
"962","2390云辰","110/07/13","大展-台南",0,532,-532
"963","2390云辰","110/07/13","台灣摩根士丹利",330,155,175
"964","2390云辰","110/07/13","凱基-台北",668,854,-186
"965","2390云辰","110/07/13","兆豐-公益",126,25,101
"966","2390云辰","110/07/13","凱基-三重",12,172,-160
"967","2390云辰","110/07/13","元富-中港",100,2,98
"968","2390云辰","110/07/13","兆豐-忠孝",4,161,-157
"969","2390云辰","110/07/13","統一-新台中",106,9,97
"970","2390云辰","110/07/13","元大-士林",19,170,-151
"971","2390云辰","110/07/13","中國信託-松江",81,11,70
"972","2390云辰","110/07/13","臺銀-新竹",14,117,-103
"973","2390云辰","110/07/13","日盛-板橋",72,3,69
"974","2390云辰","110/07/13","國票-台中",4,102,-98
"975","2390云辰","110/07/13","日盛-和美",57,0,57
"976","2390云辰","110/07/13","新光",147,232,-85
"977","2390云辰","110/07/13","永豐金-桃園",88,36,52
"978","2390云辰","110/07/13","致和-崇德",2,70,-68
"979","2390云辰","110/07/13","玉山-士林",54,4,50
"980","2390云辰","110/07/13","群益金鼎-屏東",2,70,-68
"981","2390云辰","110/07/13","富邦-仁愛",56,6,50
"982","2390云辰","110/07/13","元大-大里",35,98,-63
"983","2390云辰","110/07/13","第一金-豐原",50,1,49
"984","2390云辰","110/07/13","元大-萬華",35,94,-59
"985","2390云辰","110/07/13","摩根大通",502,453,49
"986","2390云辰","110/07/13","元富-吉利",2,60,-58
"987","2390云辰","110/07/13","凱基-松山",61,13,48
"988","2390云辰","110/07/13","兆豐-新竹",3,53,-50
"989","2390云辰","110/07/13","大昌",64,22,42
"990","2390云辰","110/07/13","富邦-嘉義",65,108,-43
"991","2363矽統","110/07/13","凱基-南崁",2133,63,2070
"992","2363矽統","110/07/13","凱基-幸福",36,4048,-4012
"993","2363矽統","110/07/13","國泰-敦南",2195,1617,578
"994","2363矽統","110/07/13","統一",192,3325,-3133
"995","2363矽統","110/07/13","中農",670,139,531
"996","2363矽統","110/07/13","新加坡商瑞銀",1000,2747,-1747
"997","2363矽統","110/07/13","康和-台中",638,154,484
"998","2363矽統","110/07/13","凱基-台北",5359,6609,-1250
"999","2363矽統","110/07/13","群益金鼎-三民",577,137,440
"1000","2363矽統","110/07/13","摩根大通",1930,2858,-928
"1001","2363矽統","110/07/13","台新-屏東",510,88,422
"1002","2363矽統","110/07/13","港商野村",960,1679,-719
"1003","2363矽統","110/07/13","德信-中正",455,67,388
"1004","2363矽統","110/07/13","兆豐-復興",25,705,-680
"1005","2363矽統","110/07/13","日盛-竹北",365,70,295
"1006","2363矽統","110/07/13","統一-仁愛",114,755,-641
"1007","2363矽統","110/07/13","元大-佳里",452,189,263
"1008","2363矽統","110/07/13","統一-敦南",29,638,-609
"1009","2363矽統","110/07/13","國票-博愛",296,38,258
"1010","2363矽統","110/07/13","統一-土城",100,704,-604
"1011","2363矽統","110/07/13","元大-萬華",340,95,245
"1012","2363矽統","110/07/13","統一-城中",116,676,-560
"1013","2363矽統","110/07/13","新光",1259,1031,228
"1014","2363矽統","110/07/13","永豐金證券",306,859,-553
"1015","2363矽統","110/07/13","元富-成功",323,96,227
"1016","2363矽統","110/07/13","元富",54,567,-513
"1017","2363矽統","110/07/13","豐農",228,23,205
"1018","2363矽統","110/07/13","瑞士信貸",202,666,-464
"1019","2363矽統","110/07/13","台灣企銀-岡山",186,4,182
"1020","2363矽統","110/07/13","永豐金-嘉義",67,468,-401
"1021","8112至上","110/07/13","摩根大通",688,296,392
"1022","8112至上","110/07/13","國票-中和",0,401,-401
"1023","8112至上","110/07/13","港商野村",344,145,199
"1024","8112至上","110/07/13","永豐金-板盛",0,205,-205
"1025","8112至上","110/07/13","兆豐-公益",195,5,190
"1026","8112至上","110/07/13","凱基-五股",43,155,-112
"1027","8112至上","110/07/13","台灣摩根士丹利",183,0,183
"1028","8112至上","110/07/13","凱基-市政",0,100,-100
"1029","8112至上","110/07/13","群益金鼎-敦南",153,2,151
"1030","8112至上","110/07/13","元大-大里德芳",1,92,-91
"1031","8112至上","110/07/13","臺銀-金山",146,26,120
"1032","8112至上","110/07/13","玉山-桃園",26,110,-84
"1033","8112至上","110/07/13","臺銀",133,19,114
"1034","8112至上","110/07/13","兆豐-天母",0,81,-81
"1035","8112至上","110/07/13","合庫-台中",115,6,109
"1036","8112至上","110/07/13","凱基-城中",3,84,-81
"1037","8112至上","110/07/13","亞東-板橋",134,26,108
"1038","8112至上","110/07/13","日盛-新莊",9,85,-76
"1039","8112至上","110/07/13","凱基-台北",414,326,88
"1040","8112至上","110/07/13","日盛-台中",2,64,-62
"1041","8112至上","110/07/13","新加坡商瑞銀",181,100,81
"1042","8112至上","110/07/13","日盛-中壢",3,64,-61
"1043","8112至上","110/07/13","國泰-敦南",108,31,77
"1044","8112至上","110/07/13","元大-台中",2,59,-57
"1045","8112至上","110/07/13","第一金-華江",77,4,73
"1046","8112至上","110/07/13","元大-雙和",7,64,-57
"1047","8112至上","110/07/13","永豐金-內湖",73,1,72
"1048","8112至上","110/07/13","元大-高雄",8,62,-54
"1049","8112至上","110/07/13","元大-永和",68,1,67
"1050","8112至上","110/07/13","元大-館前",2,55,-53
"1051","2929淘帝","110/07/13","玉山-新竹",130,0,130
"1052","2929淘帝","110/07/13","美商高盛",0,177,-177
"1053","2929淘帝","110/07/13","臺銀-民權",60,0,60
"1054","2929淘帝","110/07/13","凱基-台北",6,80,-74
"1055","2929淘帝","110/07/13","新百王",31,0,31
"1056","2929淘帝","110/07/13","元富-大裕",0,49,-49
"1057","2929淘帝","110/07/13","日盛-園區",30,0,30
"1058","2929淘帝","110/07/13","國泰-館前",3,51,-48
"1059","2929淘帝","110/07/13","元大-南投",31,1,30
"1060","2929淘帝","110/07/13","凱基-中壢",0,41,-41
"1061","2929淘帝","110/07/13","兆豐-忠孝",28,0,28
"1062","2929淘帝","110/07/13","港商野村",21,55,-34
"1063","2929淘帝","110/07/13","元大-民生",28,0,28
"1064","2929淘帝","110/07/13","華南永昌-南京",2,34,-32
"1065","2929淘帝","110/07/13","合庫-高雄",27,0,27
"1066","2929淘帝","110/07/13","群益金鼎-土城",0,30,-30
"1067","2929淘帝","110/07/13","凱基-豐中",27,0,27
"1068","2929淘帝","110/07/13","富邦-南屯",0,22,-22
"1069","2929淘帝","110/07/13","新光",21,4,17
"1070","2929淘帝","110/07/13","第一金-豐原",0,20,-20
"1071","2929淘帝","110/07/13","元大-天母",17,0,17
"1072","2929淘帝","110/07/13","元大-屏南",6,26,-20
"1073","2929淘帝","110/07/13","永興",14,0,14
"1074","2929淘帝","110/07/13","永豐金-敦南",1,21,-20
"1075","2929淘帝","110/07/13","富邦-台北",12,0,12
"1076","2929淘帝","110/07/13","凱基-三重",2,21,-19
"1077","2929淘帝","110/07/13","元大-永和",12,0,12
"1078","2929淘帝","110/07/13","富邦-仁愛",7,25,-18
"1079","2929淘帝","110/07/13","國票-天祥",11,0,11
"1080","2929淘帝","110/07/13","元大-北投",0,16,-16
"1081","2841台開","110/07/13","中國信託-高雄",251,50,201
"1082","2841台開","110/07/13","兆豐-公益",0,177,-177
"1083","2841台開","110/07/13","日盛證券",210,13,197
"1084","2841台開","110/07/13","日進",0,152,-152
"1085","2841台開","110/07/13","第一金-台中",55,0,55
"1086","2841台開","110/07/13","港商野村",0,109,-109
"1087","2841台開","110/07/13","國泰-板橋",46,0,46
"1088","2841台開","110/07/13","日盛-信義",0,103,-103
"1089","2841台開","110/07/13","國泰-館前",48,3,45
"1090","2841台開","110/07/13","國泰-敦南",11,75,-64
"1091","2841台開","110/07/13","華南永昌-新莊",45,0,45
"1092","2841台開","110/07/13","永興",0,50,-50
"1093","2841台開","110/07/13","日盛-園區",42,0,42
"1094","2841台開","110/07/13","永豐金-敦南",61,104,-43
"1095","2841台開","110/07/13","台新證券",32,0,32
"1096","2841台開","110/07/13","富邦-台南",0,42,-42
"1097","2841台開","110/07/13","台新-高雄",32,2,30
"1098","2841台開","110/07/13","國票-安和",0,30,-30
"1099","2841台開","110/07/13","豐農",23,0,23
"1100","2841台開","110/07/13","元大-桃園",0,25,-25
"1101","2841台開","110/07/13","合庫-嘉義",20,0,20
"1102","2841台開","110/07/13","新光",8,32,-24
"1103","2841台開","110/07/13","華南永昌-高雄",20,0,20
"1104","2841台開","110/07/13","元大-仁愛",0,24,-24
"1105","2841台開","110/07/13","元大-樹林",16,0,16
"1106","2841台開","110/07/13","日盛-中和",0,20,-20
"1107","2841台開","110/07/13","第一金-華江",15,2,13
"1108","2841台開","110/07/13","元富",0,20,-20
"1109","2841台開","110/07/13","美商高盛",12,0,12
"1110","2841台開","110/07/13","富邦-宜蘭",0,20,-20
"1111","6207雷科","110/07/13","元大-高雄",121,0,121
"1112","6207雷科","110/07/13","華南永昌-朴子",1,60,-59
"1113","6207雷科","110/07/13","第一金-新興",20,0,20
"1114","6207雷科","110/07/13","元大-南海",0,36,-36
"1115","6207雷科","110/07/13","元富-三重",20,0,20
"1116","6207雷科","110/07/13","凱基-土城",0,35,-35
"1117","6207雷科","110/07/13","元大-林園",15,0,15
"1118","6207雷科","110/07/13","台灣企銀",0,20,-20
"1119","6207雷科","110/07/13","元大-金華",16,1,15
"1120","6207雷科","110/07/13","群益金鼎-丹鳳",0,20,-20
"1121","6207雷科","110/07/13","日盛證券",10,0,10
"1122","6207雷科","110/07/13","元大-博愛",0,17,-17
"1123","6207雷科","110/07/13","統一-台中",10,0,10
"1124","6207雷科","110/07/13","元大-北港",0,13,-13
"1125","6207雷科","110/07/13","群益金鼎-土城",10,0,10
"1126","6207雷科","110/07/13","新加坡商瑞銀",0,12,-12
"1127","6207雷科","110/07/13","群益金鼎-桃園",10,0,10
"1128","6207雷科","110/07/13","凱基-台北",4,16,-12
"1129","6207雷科","110/07/13","永豐金-新莊",10,0,10
"1130","6207雷科","110/07/13","日茂-埔里",0,11,-11
"1131","6207雷科","110/07/13","永豐金-新店",10,0,10
"1132","6207雷科","110/07/13","元大-莒光",0,11,-11
"1133","6207雷科","110/07/13","元大證券",9,0,9
"1134","6207雷科","110/07/13","統一-新竹",0,10,-10
"1135","6207雷科","110/07/13","日盛-木柵",9,1,8
"1136","6207雷科","110/07/13","元大-西螺",0,10,-10
"1137","6207雷科","110/07/13","兆豐-來福",8,0,8
"1138","6207雷科","110/07/13","康和-台中",0,8,-8
"1139","6207雷科","110/07/13","新光",7,0,7
"1140","6207雷科","110/07/13","兆豐-高雄",0,6,-6
"1141","3679新至陞","110/07/13","永豐金證券",50,0,50
"1142","3679新至陞","110/07/13","摩根大通",2,25,-23
"1143","3679新至陞","110/07/13","國泰-桃園",22,0,22
"1144","3679新至陞","110/07/13","元大-成功",0,22,-22
"1145","3679新至陞","110/07/13","台中銀-員林",11,0,11
"1146","3679新至陞","110/07/13","富邦-板橋",1,19,-18
"1147","3679新至陞","110/07/13","元大-文心興安",8,0,8
"1148","3679新至陞","110/07/13","日盛-新莊",0,10,-10
"1149","3679新至陞","110/07/13","美商高盛",6,0,6
"1150","3679新至陞","110/07/13","台新-台中",0,10,-10
"1151","3679新至陞","110/07/13","台新-高雄",6,0,6
"1152","3679新至陞","110/07/13","永豐金-新竹",0,8,-8
"1153","3679新至陞","110/07/13","凱基-台北",18,12,6
"1154","3679新至陞","110/07/13","瑞士信貸",12,19,-7
"1155","3679新至陞","110/07/13","日盛-復興",5,0,5
"1156","3679新至陞","110/07/13","統一-南京",0,7,-7
"1157","3679新至陞","110/07/13","(牛牛牛)亞-鑫豐",4,0,4
"1158","3679新至陞","110/07/13","凱基-新莊",0,7,-7
"1159","3679新至陞","110/07/13","元富-大昌",3,0,3
"1160","3679新至陞","110/07/13","新加坡商瑞銀",0,6,-6
"1161","3679新至陞","110/07/13","富邦-台北",3,0,3
"1162","3679新至陞","110/07/13","合庫-自強",0,5,-5
"1163","3679新至陞","110/07/13","日盛-樹林",2,0,2
"1164","3679新至陞","110/07/13","富邦-桃園",0,5,-5
"1165","3679新至陞","110/07/13","宏遠-光隆",2,0,2
"1166","3679新至陞","110/07/13","永豐金-潮州",0,4,-4
"1167","3679新至陞","110/07/13","美林",3,1,2
"1168","3679新至陞","110/07/13","臺銀-臺南",0,3,-3
"1169","3679新至陞","110/07/13","第一金-中壢",2,0,2
"1170","3679新至陞","110/07/13","元大-六合",0,3,-3
"1171","2727王品","110/07/13","富邦-台北",43,3,40
"1172","2727王品","110/07/13","台灣摩根士丹利",15,97,-82
"1173","2727王品","110/07/13","元大-基隆孝二",40,0,40
"1174","2727王品","110/07/13","玉山-台南",5,57,-52
"1175","2727王品","110/07/13","國票-新莊",40,1,39
"1176","2727王品","110/07/13","新加坡商瑞銀",0,48,-48
"1177","2727王品","110/07/13","第一金-豐原",66,42,24
"1178","2727王品","110/07/13","凱基-台北",41,77,-36
"1179","2727王品","110/07/13","永豐金-大園",34,10,24
"1180","2727王品","110/07/13","永豐金-永康",0,22,-22
"1181","2727王品","110/07/13","元大-北屯",22,0,22
"1182","2727王品","110/07/13","統一-台中",2,22,-20
"1183","2727王品","110/07/13","元大-東蘆",26,7,19
"1184","2727王品","110/07/13","國泰-台中",21,39,-18
"1185","2727王品","110/07/13","永豐金-萬盛",13,1,12
"1186","2727王品","110/07/13","合庫-彰化",3,20,-17
"1187","2727王品","110/07/13","日盛-嘉義",11,0,11
"1188","2727王品","110/07/13","港商野村",13,30,-17
"1189","2727王品","110/07/13","日盛-八德",11,0,11
"1190","2727王品","110/07/13","元大-楊梅",1,16,-15
"1191","2727王品","110/07/13","統一-竹南",11,0,11
"1192","2727王品","110/07/13","凱基-高美館",2,15,-13
"1193","2727王品","110/07/13","日盛-士林",12,2,10
"1194","2727王品","110/07/13","美商高盛",2,14,-12
"1195","2727王品","110/07/13","統一-敦南",10,0,10
"1196","2727王品","110/07/13","統一-平鎮",1,13,-12
"1197","2727王品","110/07/13","中國信託",15,5,10
"1198","2727王品","110/07/13","兆豐-台中港",4,16,-12
"1199","2727王品","110/07/13","兆豐-竹北",13,3,10
"1200","2727王品","110/07/13","凱基-八德",1,13,-12
"1201","1570力肯","110/07/13","新光",115,11,104
"1202","1570力肯","110/07/13","元大-北三重",0,162,-162
"1203","1570力肯","110/07/13","群益金鼎-高雄",54,0,54
"1204","1570力肯","110/07/13","元大-大灣",0,25,-25
"1205","1570力肯","110/07/13","國票-新莊",22,0,22
"1206","1570力肯","110/07/13","永豐金-苓雅",0,22,-22
"1207","1570力肯","110/07/13","日盛-桃園",12,0,12
"1208","1570力肯","110/07/13","永豐金-永康",0,19,-19
"1209","1570力肯","110/07/13","元大-高雄",12,0,12
"1210","1570力肯","110/07/13","富邦-員林",0,15,-15
"1211","1570力肯","110/07/13","合庫-自強",11,0,11
"1212","1570力肯","110/07/13","凱基-台南",0,11,-11
"1213","1570力肯","110/07/13","摩根大通",26,15,11
"1214","1570力肯","110/07/13","日盛-竹北",0,10,-10
"1215","1570力肯","110/07/13","永豐金-中盛",11,0,11
"1216","1570力肯","110/07/13","國票-九鼎",0,10,-10
"1217","1570力肯","110/07/13","兆豐-台中港",10,0,10
"1218","1570力肯","110/07/13","凱基-桃園",0,10,-10
"1219","1570力肯","110/07/13","國泰-松江",9,0,9
"1220","1570力肯","110/07/13","凱基-新豐",0,10,-10
"1221","1570力肯","110/07/13","元大-新盛",9,0,9
"1222","1570力肯","110/07/13","元大-學甲",0,10,-10
"1223","1570力肯","110/07/13","元富-緯城",6,0,6
"1224","1570力肯","110/07/13","群益金鼎-東湖",1,10,-9
"1225","1570力肯","110/07/13","統一-三重",5,0,5
"1226","1570力肯","110/07/13","大昌",0,6,-6
"1227","1570力肯","110/07/13","元大-前金",5,0,5
"1228","1570力肯","110/07/13","元大-土城學府",0,6,-6
"1229","1570力肯","110/07/13","永豐金證券",5,0,5
"1230","1570力肯","110/07/13","統一",0,5,-5
"1231","6180橘子","110/07/13","摩根大通",119,0,119
"1232","6180橘子","110/07/13","元大-崇德",2,61,-59
"1233","6180橘子","110/07/13","美商高盛",96,0,96
"1234","6180橘子","110/07/13","康和-台中",0,51,-51
"1235","6180橘子","110/07/13","新加坡商瑞銀",86,7,79
"1236","6180橘子","110/07/13","康和-台北",0,50,-50
"1237","6180橘子","110/07/13","元大-和平",40,0,40
"1238","6180橘子","110/07/13","元富-潮州",0,40,-40
"1239","6180橘子","110/07/13","凱基-台北",83,47,36
"1240","6180橘子","110/07/13","日盛-永康",0,26,-26
"1241","6180橘子","110/07/13","美林",39,5,34
"1242","6180橘子","110/07/13","永豐金-中正",0,24,-24
"1243","6180橘子","110/07/13","富邦-新竹華信",31,2,29
"1244","6180橘子","110/07/13","國泰-板橋",2,25,-23
"1245","6180橘子","110/07/13","統一-南京",21,0,21
"1246","6180橘子","110/07/13","日盛-大墩",0,20,-20
"1247","6180橘子","110/07/13","富邦-陽明",24,3,21
"1248","6180橘子","110/07/13","元大-草屯",13,32,-19
"1249","6180橘子","110/07/13","大昌-樹林",21,1,20
"1250","6180橘子","110/07/13","元富-林園",1,18,-17
"1251","6180橘子","110/07/13","花旗環球",19,0,19
"1252","6180橘子","110/07/13","新光-新竹",1,18,-17
"1253","6180橘子","110/07/13","華南永昌-台南",19,0,19
"1254","6180橘子","110/07/13","元大-土城永寧",0,17,-17
"1255","6180橘子","110/07/13","福勝",14,0,14
"1256","6180橘子","110/07/13","國泰-新莊",3,19,-16
"1257","6180橘子","110/07/13","富邦-嘉義",12,1,11
"1258","6180橘子","110/07/13","中國信託-永康",6,21,-15
"1259","6180橘子","110/07/13","元大-板橋三民",11,0,11
"1260","6180橘子","110/07/13","凱基-東港",1,15,-14
"1261","2390云辰","110/07/13","新加坡商瑞銀",562,75,487
"1262","2390云辰","110/07/13","大展-台南",0,532,-532
"1263","2390云辰","110/07/13","台灣摩根士丹利",330,155,175
"1264","2390云辰","110/07/13","凱基-台北",668,854,-186
"1265","2390云辰","110/07/13","兆豐-公益",126,25,101
"1266","2390云辰","110/07/13","凱基-三重",12,172,-160
"1267","2390云辰","110/07/13","元富-中港",100,2,98
"1268","2390云辰","110/07/13","兆豐-忠孝",4,161,-157
"1269","2390云辰","110/07/13","統一-新台中",106,9,97
"1270","2390云辰","110/07/13","元大-士林",19,170,-151
"1271","2390云辰","110/07/13","中國信託-松江",81,11,70
"1272","2390云辰","110/07/13","臺銀-新竹",14,117,-103
"1273","2390云辰","110/07/13","日盛-板橋",72,3,69
"1274","2390云辰","110/07/13","國票-台中",4,102,-98
"1275","2390云辰","110/07/13","日盛-和美",57,0,57
"1276","2390云辰","110/07/13","新光",147,232,-85
"1277","2390云辰","110/07/13","永豐金-桃園",88,36,52
"1278","2390云辰","110/07/13","致和-崇德",2,70,-68
"1279","2390云辰","110/07/13","玉山-士林",54,4,50
"1280","2390云辰","110/07/13","群益金鼎-屏東",2,70,-68
"1281","2390云辰","110/07/13","富邦-仁愛",56,6,50
"1282","2390云辰","110/07/13","元大-大里",35,98,-63
"1283","2390云辰","110/07/13","第一金-豐原",50,1,49
"1284","2390云辰","110/07/13","元大-萬華",35,94,-59
"1285","2390云辰","110/07/13","摩根大通",502,453,49
"1286","2390云辰","110/07/13","元富-吉利",2,60,-58
"1287","2390云辰","110/07/13","凱基-松山",61,13,48
"1288","2390云辰","110/07/13","兆豐-新竹",3,53,-50
"1289","2390云辰","110/07/13","大昌",64,22,42
"1290","2390云辰","110/07/13","富邦-嘉義",65,108,-43
"1291","2363矽統","110/07/13","凱基-南崁",2133,63,2070
"1292","2363矽統","110/07/13","凱基-幸福",36,4048,-4012
"1293","2363矽統","110/07/13","國泰-敦南",2195,1617,578
"1294","2363矽統","110/07/13","統一",192,3325,-3133
"1295","2363矽統","110/07/13","中農",670,139,531
"1296","2363矽統","110/07/13","新加坡商瑞銀",1000,2747,-1747
"1297","2363矽統","110/07/13","康和-台中",638,154,484
"1298","2363矽統","110/07/13","凱基-台北",5359,6609,-1250
"1299","2363矽統","110/07/13","群益金鼎-三民",577,137,440
"1300","2363矽統","110/07/13","摩根大通",1930,2858,-928
"1301","2363矽統","110/07/13","台新-屏東",510,88,422
"1302","2363矽統","110/07/13","港商野村",960,1679,-719
"1303","2363矽統","110/07/13","德信-中正",455,67,388
"1304","2363矽統","110/07/13","兆豐-復興",25,705,-680
"1305","2363矽統","110/07/13","日盛-竹北",365,70,295
"1306","2363矽統","110/07/13","統一-仁愛",114,755,-641
"1307","2363矽統","110/07/13","元大-佳里",452,189,263
"1308","2363矽統","110/07/13","統一-敦南",29,638,-609
"1309","2363矽統","110/07/13","國票-博愛",296,38,258
"1310","2363矽統","110/07/13","統一-土城",100,704,-604
"1311","2363矽統","110/07/13","元大-萬華",340,95,245
"1312","2363矽統","110/07/13","統一-城中",116,676,-560
"1313","2363矽統","110/07/13","新光",1259,1031,228
"1314","2363矽統","110/07/13","永豐金證券",306,859,-553
"1315","2363矽統","110/07/13","元富-成功",323,96,227
"1316","2363矽統","110/07/13","元富",54,567,-513
"1317","2363矽統","110/07/13","豐農",228,23,205
"1318","2363矽統","110/07/13","瑞士信貸",202,666,-464
"1319","2363矽統","110/07/13","台灣企銀-岡山",186,4,182
"1320","2363矽統","110/07/13","永豐金-嘉義",67,468,-401
"1321","8112至上","110/07/13","摩根大通",688,296,392
"1322","8112至上","110/07/13","國票-中和",0,401,-401
"1323","8112至上","110/07/13","港商野村",344,145,199
"1324","8112至上","110/07/13","永豐金-板盛",0,205,-205
"1325","8112至上","110/07/13","兆豐-公益",195,5,190
"1326","8112至上","110/07/13","凱基-五股",43,155,-112
"1327","8112至上","110/07/13","台灣摩根士丹利",183,0,183
"1328","8112至上","110/07/13","凱基-市政",0,100,-100
"1329","8112至上","110/07/13","群益金鼎-敦南",153,2,151
"1330","8112至上","110/07/13","元大-大里德芳",1,92,-91
"1331","8112至上","110/07/13","臺銀-金山",146,26,120
"1332","8112至上","110/07/13","玉山-桃園",26,110,-84
"1333","8112至上","110/07/13","臺銀",133,19,114
"1334","8112至上","110/07/13","兆豐-天母",0,81,-81
"1335","8112至上","110/07/13","合庫-台中",115,6,109
"1336","8112至上","110/07/13","凱基-城中",3,84,-81
"1337","8112至上","110/07/13","亞東-板橋",134,26,108
"1338","8112至上","110/07/13","日盛-新莊",9,85,-76
"1339","8112至上","110/07/13","凱基-台北",414,326,88
"1340","8112至上","110/07/13","日盛-台中",2,64,-62
"1341","8112至上","110/07/13","新加坡商瑞銀",181,100,81
"1342","8112至上","110/07/13","日盛-中壢",3,64,-61
"1343","8112至上","110/07/13","國泰-敦南",108,31,77
"1344","8112至上","110/07/13","元大-台中",2,59,-57
"1345","8112至上","110/07/13","第一金-華江",77,4,73
"1346","8112至上","110/07/13","元大-雙和",7,64,-57
"1347","8112至上","110/07/13","永豐金-內湖",73,1,72
"1348","8112至上","110/07/13","元大-高雄",8,62,-54
"1349","8112至上","110/07/13","元大-永和",68,1,67
"1350","8112至上","110/07/13","元大-館前",2,55,-53
"1351","2929淘帝","110/07/13","玉山-新竹",130,0,130
"1352","2929淘帝","110/07/13","美商高盛",0,177,-177
"1353","2929淘帝","110/07/13","臺銀-民權",60,0,60
"1354","2929淘帝","110/07/13","凱基-台北",6,80,-74
"1355","2929淘帝","110/07/13","新百王",31,0,31
"1356","2929淘帝","110/07/13","元富-大裕",0,49,-49
"1357","2929淘帝","110/07/13","日盛-園區",30,0,30
"1358","2929淘帝","110/07/13","國泰-館前",3,51,-48
"1359","2929淘帝","110/07/13","元大-南投",31,1,30
"1360","2929淘帝","110/07/13","凱基-中壢",0,41,-41
"1361","2929淘帝","110/07/13","兆豐-忠孝",28,0,28
"1362","2929淘帝","110/07/13","港商野村",21,55,-34
"1363","2929淘帝","110/07/13","元大-民生",28,0,28
"1364","2929淘帝","110/07/13","華南永昌-南京",2,34,-32
"1365","2929淘帝","110/07/13","合庫-高雄",27,0,27
"1366","2929淘帝","110/07/13","群益金鼎-土城",0,30,-30
"1367","2929淘帝","110/07/13","凱基-豐中",27,0,27
"1368","2929淘帝","110/07/13","富邦-南屯",0,22,-22
"1369","2929淘帝","110/07/13","新光",21,4,17
"1370","2929淘帝","110/07/13","第一金-豐原",0,20,-20
"1371","2929淘帝","110/07/13","元大-天母",17,0,17
"1372","2929淘帝","110/07/13","元大-屏南",6,26,-20
"1373","2929淘帝","110/07/13","永興",14,0,14
"1374","2929淘帝","110/07/13","永豐金-敦南",1,21,-20
"1375","2929淘帝","110/07/13","富邦-台北",12,0,12
"1376","2929淘帝","110/07/13","凱基-三重",2,21,-19
"1377","2929淘帝","110/07/13","元大-永和",12,0,12
"1378","2929淘帝","110/07/13","富邦-仁愛",7,25,-18
"1379","2929淘帝","110/07/13","國票-天祥",11,0,11
"1380","2929淘帝","110/07/13","元大-北投",0,16,-16
"1381","5410國眾","110/07/13","兆豐-城中",274,0,274
"1382","5410國眾","110/07/13","元富-嘉義",0,103,-103
"1383","5410國眾","110/07/13","新光",50,4,46
"1384","5410國眾","110/07/13","凱基-台北",0,50,-50
"1385","5410國眾","110/07/13","國泰-台中",26,0,26
"1386","5410國眾","110/07/13","瑞士信貸",0,31,-31
"1387","5410國眾","110/07/13","新加坡商瑞銀",22,0,22
"1388","5410國眾","110/07/13","台新-新莊",0,27,-27
"1389","5410國眾","110/07/13","光和-嘉義",20,0,20
"1390","5410國眾","110/07/13","元大-汐止",0,20,-20
"1391","5410國眾","110/07/13","凱基-竹北",17,0,17
"1392","5410國眾","110/07/13","亞東-新竹",0,17,-17
"1393","5410國眾","110/07/13","新光-桃園",15,0,15
"1394","5410國眾","110/07/13","元大-南勢角",0,13,-13
"1395","5410國眾","110/07/13","凱基-台東",14,0,14
"1396","5410國眾","110/07/13","台新-台南",0,12,-12
"1397","5410國眾","110/07/13","富邦-竹北",11,0,11
"1398","5410國眾","110/07/13","中國信託",0,11,-11
"1399","5410國眾","110/07/13","元富-同大",10,0,10
"1400","5410國眾","110/07/13","華南永昌",0,11,-11
"1401","5410國眾","110/07/13","國泰-敦南",24,15,9
"1402","5410國眾","110/07/13","臺銀-臺南",0,10,-10
"1403","5410國眾","110/07/13","日盛-內湖",7,0,7
"1404","5410國眾","110/07/13","台灣企銀-民雄",0,10,-10
"1405","5410國眾","110/07/13","台新-左楠",7,0,7
"1406","5410國眾","110/07/13","高橋",0,10,-10
"1407","5410國眾","110/07/13","元大-新盛",18,12,6
"1408","5410國眾","110/07/13","康和-嘉義",0,10,-10
"1409","5410國眾","110/07/13","統一",5,0,5
"1410","5410國眾","110/07/13","凱基-基隆",0,10,-10
"1411","2841台開","110/07/13","中國信託-高雄",251,50,201
"1412","2841台開","110/07/13","兆豐-公益",0,177,-177
"1413","2841台開","110/07/13","日盛證券",210,13,197
"1414","2841台開","110/07/13","日進",0,152,-152
"1415","2841台開","110/07/13","第一金-台中",55,0,55
"1416","2841台開","110/07/13","港商野村",0,109,-109
"1417","2841台開","110/07/13","國泰-板橋",46,0,46
"1418","2841台開","110/07/13","日盛-信義",0,103,-103
"1419","2841台開","110/07/13","國泰-館前",48,3,45
"1420","2841台開","110/07/13","國泰-敦南",11,75,-64
"1421","2841台開","110/07/13","華南永昌-新莊",45,0,45
"1422","2841台開","110/07/13","永興",0,50,-50
"1423","2841台開","110/07/13","日盛-園區",42,0,42
"1424","2841台開","110/07/13","永豐金-敦南",61,104,-43
"1425","2841台開","110/07/13","台新證券",32,0,32
"1426","2841台開","110/07/13","富邦-台南",0,42,-42
"1427","2841台開","110/07/13","台新-高雄",32,2,30
"1428","2841台開","110/07/13","國票-安和",0,30,-30
"1429","2841台開","110/07/13","豐農",23,0,23
"1430","2841台開","110/07/13","元大-桃園",0,25,-25
"1431","2841台開","110/07/13","合庫-嘉義",20,0,20
"1432","2841台開","110/07/13","新光",8,32,-24
"1433","2841台開","110/07/13","華南永昌-高雄",20,0,20
"1434","2841台開","110/07/13","元大-仁愛",0,24,-24
"1435","2841台開","110/07/13","元大-樹林",16,0,16
"1436","2841台開","110/07/13","日盛-中和",0,20,-20
"1437","2841台開","110/07/13","第一金-華江",15,2,13
"1438","2841台開","110/07/13","元富",0,20,-20
"1439","2841台開","110/07/13","美商高盛",12,0,12
"1440","2841台開","110/07/13","富邦-宜蘭",0,20,-20
"1441","6207雷科","110/07/13","元大-高雄",121,0,121
"1442","6207雷科","110/07/13","華南永昌-朴子",1,60,-59
"1443","6207雷科","110/07/13","第一金-新興",20,0,20
"1444","6207雷科","110/07/13","元大-南海",0,36,-36
"1445","6207雷科","110/07/13","元富-三重",20,0,20
"1446","6207雷科","110/07/13","凱基-土城",0,35,-35
"1447","6207雷科","110/07/13","元大-林園",15,0,15
"1448","6207雷科","110/07/13","台灣企銀",0,20,-20
"1449","6207雷科","110/07/13","元大-金華",16,1,15
"1450","6207雷科","110/07/13","群益金鼎-丹鳳",0,20,-20
"1451","6207雷科","110/07/13","日盛證券",10,0,10
"1452","6207雷科","110/07/13","元大-博愛",0,17,-17
"1453","6207雷科","110/07/13","統一-台中",10,0,10
"1454","6207雷科","110/07/13","元大-北港",0,13,-13
"1455","6207雷科","110/07/13","群益金鼎-土城",10,0,10
"1456","6207雷科","110/07/13","新加坡商瑞銀",0,12,-12
"1457","6207雷科","110/07/13","群益金鼎-桃園",10,0,10
"1458","6207雷科","110/07/13","凱基-台北",4,16,-12
"1459","6207雷科","110/07/13","永豐金-新莊",10,0,10
"1460","6207雷科","110/07/13","日茂-埔里",0,11,-11
"1461","6207雷科","110/07/13","永豐金-新店",10,0,10
"1462","6207雷科","110/07/13","元大-莒光",0,11,-11
"1463","6207雷科","110/07/13","元大證券",9,0,9
"1464","6207雷科","110/07/13","統一-新竹",0,10,-10
"1465","6207雷科","110/07/13","日盛-木柵",9,1,8
"1466","6207雷科","110/07/13","元大-西螺",0,10,-10
"1467","6207雷科","110/07/13","兆豐-來福",8,0,8
"1468","6207雷科","110/07/13","康和-台中",0,8,-8
"1469","6207雷科","110/07/13","新光",7,0,7
"1470","6207雷科","110/07/13","兆豐-高雄",0,6,-6
"1471","3679新至陞","110/07/13","永豐金證券",50,0,50
"1472","3679新至陞","110/07/13","摩根大通",2,25,-23
"1473","3679新至陞","110/07/13","國泰-桃園",22,0,22
"1474","3679新至陞","110/07/13","元大-成功",0,22,-22
"1475","3679新至陞","110/07/13","台中銀-員林",11,0,11
"1476","3679新至陞","110/07/13","富邦-板橋",1,19,-18
"1477","3679新至陞","110/07/13","元大-文心興安",8,0,8
"1478","3679新至陞","110/07/13","日盛-新莊",0,10,-10
"1479","3679新至陞","110/07/13","美商高盛",6,0,6
"1480","3679新至陞","110/07/13","台新-台中",0,10,-10
"1481","3679新至陞","110/07/13","台新-高雄",6,0,6
"1482","3679新至陞","110/07/13","永豐金-新竹",0,8,-8
"1483","3679新至陞","110/07/13","凱基-台北",18,12,6
"1484","3679新至陞","110/07/13","瑞士信貸",12,19,-7
"1485","3679新至陞","110/07/13","日盛-復興",5,0,5
"1486","3679新至陞","110/07/13","統一-南京",0,7,-7
"1487","3679新至陞","110/07/13","(牛牛牛)亞-鑫豐",4,0,4
"1488","3679新至陞","110/07/13","凱基-新莊",0,7,-7
"1489","3679新至陞","110/07/13","元富-大昌",3,0,3
"1490","3679新至陞","110/07/13","新加坡商瑞銀",0,6,-6
"1491","3679新至陞","110/07/13","富邦-台北",3,0,3
"1492","3679新至陞","110/07/13","合庫-自強",0,5,-5
"1493","3679新至陞","110/07/13","日盛-樹林",2,0,2
"1494","3679新至陞","110/07/13","富邦-桃園",0,5,-5
"1495","3679新至陞","110/07/13","宏遠-光隆",2,0,2
"1496","3679新至陞","110/07/13","永豐金-潮州",0,4,-4
"1497","3679新至陞","110/07/13","美林",3,1,2
"1498","3679新至陞","110/07/13","臺銀-臺南",0,3,-3
"1499","3679新至陞","110/07/13","第一金-中壢",2,0,2
"1500","3679新至陞","110/07/13","元大-六合",0,3,-3
"1501","2727王品","110/07/13","富邦-台北",43,3,40
"1502","2727王品","110/07/13","台灣摩根士丹利",15,97,-82
"1503","2727王品","110/07/13","元大-基隆孝二",40,0,40
"1504","2727王品","110/07/13","玉山-台南",5,57,-52
"1505","2727王品","110/07/13","國票-新莊",40,1,39
"1506","2727王品","110/07/13","新加坡商瑞銀",0,48,-48
"1507","2727王品","110/07/13","第一金-豐原",66,42,24
"1508","2727王品","110/07/13","凱基-台北",41,77,-36
"1509","2727王品","110/07/13","永豐金-大園",34,10,24
"1510","2727王品","110/07/13","永豐金-永康",0,22,-22
"1511","2727王品","110/07/13","元大-北屯",22,0,22
"1512","2727王品","110/07/13","統一-台中",2,22,-20
"1513","2727王品","110/07/13","元大-東蘆",26,7,19
"1514","2727王品","110/07/13","國泰-台中",21,39,-18
"1515","2727王品","110/07/13","永豐金-萬盛",13,1,12
"1516","2727王品","110/07/13","合庫-彰化",3,20,-17
"1517","2727王品","110/07/13","日盛-嘉義",11,0,11
"1518","2727王品","110/07/13","港商野村",13,30,-17
"1519","2727王品","110/07/13","日盛-八德",11,0,11
"1520","2727王品","110/07/13","元大-楊梅",1,16,-15
"1521","2727王品","110/07/13","統一-竹南",11,0,11
"1522","2727王品","110/07/13","凱基-高美館",2,15,-13
"1523","2727王品","110/07/13","日盛-士林",12,2,10
"1524","2727王品","110/07/13","美商高盛",2,14,-12
"1525","2727王品","110/07/13","統一-敦南",10,0,10
"1526","2727王品","110/07/13","統一-平鎮",1,13,-12
"1527","2727王品","110/07/13","中國信託",15,5,10
"1528","2727王品","110/07/13","兆豐-台中港",4,16,-12
"1529","2727王品","110/07/13","兆豐-竹北",13,3,10
"1530","2727王品","110/07/13","凱基-八德",1,13,-12
"1531","1570力肯","110/07/13","新光",115,11,104
"1532","1570力肯","110/07/13","元大-北三重",0,162,-162
"1533","1570力肯","110/07/13","群益金鼎-高雄",54,0,54
"1534","1570力肯","110/07/13","元大-大灣",0,25,-25
"1535","1570力肯","110/07/13","國票-新莊",22,0,22
"1536","1570力肯","110/07/13","永豐金-苓雅",0,22,-22
"1537","1570力肯","110/07/13","日盛-桃園",12,0,12
"1538","1570力肯","110/07/13","永豐金-永康",0,19,-19
"1539","1570力肯","110/07/13","元大-高雄",12,0,12
"1540","1570力肯","110/07/13","富邦-員林",0,15,-15
"1541","1570力肯","110/07/13","合庫-自強",11,0,11
"1542","1570力肯","110/07/13","凱基-台南",0,11,-11
"1543","1570力肯","110/07/13","摩根大通",26,15,11
"1544","1570力肯","110/07/13","日盛-竹北",0,10,-10
"1545","1570力肯","110/07/13","永豐金-中盛",11,0,11
"1546","1570力肯","110/07/13","國票-九鼎",0,10,-10
"1547","1570力肯","110/07/13","兆豐-台中港",10,0,10
"1548","1570力肯","110/07/13","凱基-桃園",0,10,-10
"1549","1570力肯","110/07/13","國泰-松江",9,0,9
"1550","1570力肯","110/07/13","凱基-新豐",0,10,-10
"1551","1570力肯","110/07/13","元大-新盛",9,0,9
"1552","1570力肯","110/07/13","元大-學甲",0,10,-10
"1553","1570力肯","110/07/13","元富-緯城",6,0,6
"1554","1570力肯","110/07/13","群益金鼎-東湖",1,10,-9
"1555","1570力肯","110/07/13","統一-三重",5,0,5
"1556","1570力肯","110/07/13","大昌",0,6,-6
"1557","1570力肯","110/07/13","元大-前金",5,0,5
"1558","1570力肯","110/07/13","元大-土城學府",0,6,-6
"1559","1570力肯","110/07/13","永豐金證券",5,0,5
"1560","1570力肯","110/07/13","統一",0,5,-5
"1561","6180橘子","110/07/13","摩根大通",119,0,119
"1562","6180橘子","110/07/13","元大-崇德",2,61,-59
"1563","6180橘子","110/07/13","美商高盛",96,0,96
"1564","6180橘子","110/07/13","康和-台中",0,51,-51
"1565","6180橘子","110/07/13","新加坡商瑞銀",86,7,79
"1566","6180橘子","110/07/13","康和-台北",0,50,-50
"1567","6180橘子","110/07/13","元大-和平",40,0,40
"1568","6180橘子","110/07/13","元富-潮州",0,40,-40
"1569","6180橘子","110/07/13","凱基-台北",83,47,36
"1570","6180橘子","110/07/13","日盛-永康",0,26,-26
"1571","6180橘子","110/07/13","美林",39,5,34
"1572","6180橘子","110/07/13","永豐金-中正",0,24,-24
"1573","6180橘子","110/07/13","富邦-新竹華信",31,2,29
"1574","6180橘子","110/07/13","國泰-板橋",2,25,-23
"1575","6180橘子","110/07/13","統一-南京",21,0,21
"1576","6180橘子","110/07/13","日盛-大墩",0,20,-20
"1577","6180橘子","110/07/13","富邦-陽明",24,3,21
"1578","6180橘子","110/07/13","元大-草屯",13,32,-19
"1579","6180橘子","110/07/13","大昌-樹林",21,1,20
"1580","6180橘子","110/07/13","元富-林園",1,18,-17
"1581","6180橘子","110/07/13","花旗環球",19,0,19
"1582","6180橘子","110/07/13","新光-新竹",1,18,-17
"1583","6180橘子","110/07/13","華南永昌-台南",19,0,19
"1584","6180橘子","110/07/13","元大-土城永寧",0,17,-17
"1585","6180橘子","110/07/13","福勝",14,0,14
"1586","6180橘子","110/07/13","國泰-新莊",3,19,-16
"1587","6180橘子","110/07/13","富邦-嘉義",12,1,11
"1588","6180橘子","110/07/13","中國信託-永康",6,21,-15
"1589","6180橘子","110/07/13","元大-板橋三民",11,0,11
"1590","6180橘子","110/07/13","凱基-東港",1,15,-14
"1591","2390云辰","110/07/13","新加坡商瑞銀",562,75,487
"1592","2390云辰","110/07/13","大展-台南",0,532,-532
"1593","2390云辰","110/07/13","台灣摩根士丹利",330,155,175
"1594","2390云辰","110/07/13","凱基-台北",668,854,-186
"1595","2390云辰","110/07/13","兆豐-公益",126,25,101
"1596","2390云辰","110/07/13","凱基-三重",12,172,-160
"1597","2390云辰","110/07/13","元富-中港",100,2,98
"1598","2390云辰","110/07/13","兆豐-忠孝",4,161,-157
"1599","2390云辰","110/07/13","統一-新台中",106,9,97
"1600","2390云辰","110/07/13","元大-士林",19,170,-151
"1601","2390云辰","110/07/13","中國信託-松江",81,11,70
"1602","2390云辰","110/07/13","臺銀-新竹",14,117,-103
"1603","2390云辰","110/07/13","日盛-板橋",72,3,69
"1604","2390云辰","110/07/13","國票-台中",4,102,-98
"1605","2390云辰","110/07/13","日盛-和美",57,0,57
"1606","2390云辰","110/07/13","新光",147,232,-85
"1607","2390云辰","110/07/13","永豐金-桃園",88,36,52
"1608","2390云辰","110/07/13","致和-崇德",2,70,-68
"1609","2390云辰","110/07/13","玉山-士林",54,4,50
"1610","2390云辰","110/07/13","群益金鼎-屏東",2,70,-68
"1611","2390云辰","110/07/13","富邦-仁愛",56,6,50
"1612","2390云辰","110/07/13","元大-大里",35,98,-63
"1613","2390云辰","110/07/13","第一金-豐原",50,1,49
"1614","2390云辰","110/07/13","元大-萬華",35,94,-59
"1615","2390云辰","110/07/13","摩根大通",502,453,49
"1616","2390云辰","110/07/13","元富-吉利",2,60,-58
"1617","2390云辰","110/07/13","凱基-松山",61,13,48
"1618","2390云辰","110/07/13","兆豐-新竹",3,53,-50
"1619","2390云辰","110/07/13","大昌",64,22,42
"1620","2390云辰","110/07/13","富邦-嘉義",65,108,-43
"1621","2363矽統","110/07/13","凱基-南崁",2133,63,2070
"1622","2363矽統","110/07/13","凱基-幸福",36,4048,-4012
"1623","2363矽統","110/07/13","國泰-敦南",2195,1617,578
"1624","2363矽統","110/07/13","統一",192,3325,-3133
"1625","2363矽統","110/07/13","中農",670,139,531
"1626","2363矽統","110/07/13","新加坡商瑞銀",1000,2747,-1747
"1627","2363矽統","110/07/13","康和-台中",638,154,484
"1628","2363矽統","110/07/13","凱基-台北",5359,6609,-1250
"1629","2363矽統","110/07/13","群益金鼎-三民",577,137,440
"1630","2363矽統","110/07/13","摩根大通",1930,2858,-928
"1631","2363矽統","110/07/13","台新-屏東",510,88,422
"1632","2363矽統","110/07/13","港商野村",960,1679,-719
"1633","2363矽統","110/07/13","德信-中正",455,67,388
"1634","2363矽統","110/07/13","兆豐-復興",25,705,-680
"1635","2363矽統","110/07/13","日盛-竹北",365,70,295
"1636","2363矽統","110/07/13","統一-仁愛",114,755,-641
"1637","2363矽統","110/07/13","元大-佳里",452,189,263
"1638","2363矽統","110/07/13","統一-敦南",29,638,-609
"1639","2363矽統","110/07/13","國票-博愛",296,38,258
"1640","2363矽統","110/07/13","統一-土城",100,704,-604
"1641","2363矽統","110/07/13","元大-萬華",340,95,245
"1642","2363矽統","110/07/13","統一-城中",116,676,-560
"1643","2363矽統","110/07/13","新光",1259,1031,228
"1644","2363矽統","110/07/13","永豐金證券",306,859,-553
"1645","2363矽統","110/07/13","元富-成功",323,96,227
"1646","2363矽統","110/07/13","元富",54,567,-513
"1647","2363矽統","110/07/13","豐農",228,23,205
"1648","2363矽統","110/07/13","瑞士信貸",202,666,-464
"1649","2363矽統","110/07/13","台灣企銀-岡山",186,4,182
"1650","2363矽統","110/07/13","永豐金-嘉義",67,468,-401
"1651","8112至上","110/07/13","摩根大通",688,296,392
"1652","8112至上","110/07/13","國票-中和",0,401,-401
"1653","8112至上","110/07/13","港商野村",344,145,199
"1654","8112至上","110/07/13","永豐金-板盛",0,205,-205
"1655","8112至上","110/07/13","兆豐-公益",195,5,190
"1656","8112至上","110/07/13","凱基-五股",43,155,-112
"1657","8112至上","110/07/13","台灣摩根士丹利",183,0,183
"1658","8112至上","110/07/13","凱基-市政",0,100,-100
"1659","8112至上","110/07/13","群益金鼎-敦南",153,2,151
"1660","8112至上","110/07/13","元大-大里德芳",1,92,-91
"1661","8112至上","110/07/13","臺銀-金山",146,26,120
"1662","8112至上","110/07/13","玉山-桃園",26,110,-84
"1663","8112至上","110/07/13","臺銀",133,19,114
"1664","8112至上","110/07/13","兆豐-天母",0,81,-81
"1665","8112至上","110/07/13","合庫-台中",115,6,109
"1666","8112至上","110/07/13","凱基-城中",3,84,-81
"1667","8112至上","110/07/13","亞東-板橋",134,26,108
"1668","8112至上","110/07/13","日盛-新莊",9,85,-76
"1669","8112至上","110/07/13","凱基-台北",414,326,88
"1670","8112至上","110/07/13","日盛-台中",2,64,-62
"1671","8112至上","110/07/13","新加坡商瑞銀",181,100,81
"1672","8112至上","110/07/13","日盛-中壢",3,64,-61
"1673","8112至上","110/07/13","國泰-敦南",108,31,77
"1674","8112至上","110/07/13","元大-台中",2,59,-57
"1675","8112至上","110/07/13","第一金-華江",77,4,73
"1676","8112至上","110/07/13","元大-雙和",7,64,-57
"1677","8112至上","110/07/13","永豐金-內湖",73,1,72
"1678","8112至上","110/07/13","元大-高雄",8,62,-54
"1679","8112至上","110/07/13","元大-永和",68,1,67
"1680","8112至上","110/07/13","元大-館前",2,55,-53
"1681","2929淘帝","110/07/13","玉山-新竹",130,0,130
"1682","2929淘帝","110/07/13","美商高盛",0,177,-177
"1683","2929淘帝","110/07/13","臺銀-民權",60,0,60
"1684","2929淘帝","110/07/13","凱基-台北",6,80,-74
"1685","2929淘帝","110/07/13","新百王",31,0,31
"1686","2929淘帝","110/07/13","元富-大裕",0,49,-49
"1687","2929淘帝","110/07/13","日盛-園區",30,0,30
"1688","2929淘帝","110/07/13","國泰-館前",3,51,-48
"1689","2929淘帝","110/07/13","元大-南投",31,1,30
"1690","2929淘帝","110/07/13","凱基-中壢",0,41,-41
"1691","2929淘帝","110/07/13","兆豐-忠孝",28,0,28
"1692","2929淘帝","110/07/13","港商野村",21,55,-34
"1693","2929淘帝","110/07/13","元大-民生",28,0,28
"1694","2929淘帝","110/07/13","華南永昌-南京",2,34,-32
"1695","2929淘帝","110/07/13","合庫-高雄",27,0,27
"1696","2929淘帝","110/07/13","群益金鼎-土城",0,30,-30
"1697","2929淘帝","110/07/13","凱基-豐中",27,0,27
"1698","2929淘帝","110/07/13","富邦-南屯",0,22,-22
"1699","2929淘帝","110/07/13","新光",21,4,17
"1700","2929淘帝","110/07/13","第一金-豐原",0,20,-20
"1701","2929淘帝","110/07/13","元大-天母",17,0,17
"1702","2929淘帝","110/07/13","元大-屏南",6,26,-20
"1703","2929淘帝","110/07/13","永興",14,0,14
"1704","2929淘帝","110/07/13","永豐金-敦南",1,21,-20
"1705","2929淘帝","110/07/13","富邦-台北",12,0,12
"1706","2929淘帝","110/07/13","凱基-三重",2,21,-19
"1707","2929淘帝","110/07/13","元大-永和",12,0,12
"1708","2929淘帝","110/07/13","富邦-仁愛",7,25,-18
"1709","2929淘帝","110/07/13","國票-天祥",11,0,11
"1710","2929淘帝","110/07/13","元大-北投",0,16,-16
"1711","5410國眾","110/07/13","兆豐-城中",274,0,274
"1712","5410國眾","110/07/13","元富-嘉義",0,103,-103
"1713","5410國眾","110/07/13","新光",50,4,46
"1714","5410國眾","110/07/13","凱基-台北",0,50,-50
"1715","5410國眾","110/07/13","國泰-台中",26,0,26
"1716","5410國眾","110/07/13","瑞士信貸",0,31,-31
"1717","5410國眾","110/07/13","新加坡商瑞銀",22,0,22
"1718","5410國眾","110/07/13","台新-新莊",0,27,-27
"1719","5410國眾","110/07/13","光和-嘉義",20,0,20
"1720","5410國眾","110/07/13","元大-汐止",0,20,-20
"1721","5410國眾","110/07/13","凱基-竹北",17,0,17
"1722","5410國眾","110/07/13","亞東-新竹",0,17,-17
"1723","5410國眾","110/07/13","新光-桃園",15,0,15
"1724","5410國眾","110/07/13","元大-南勢角",0,13,-13
"1725","5410國眾","110/07/13","凱基-台東",14,0,14
"1726","5410國眾","110/07/13","台新-台南",0,12,-12
"1727","5410國眾","110/07/13","富邦-竹北",11,0,11
"1728","5410國眾","110/07/13","中國信託",0,11,-11
"1729","5410國眾","110/07/13","元富-同大",10,0,10
"1730","5410國眾","110/07/13","華南永昌",0,11,-11
"1731","5410國眾","110/07/13","國泰-敦南",24,15,9
"1732","5410國眾","110/07/13","臺銀-臺南",0,10,-10
"1733","5410國眾","110/07/13","日盛-內湖",7,0,7
"1734","5410國眾","110/07/13","台灣企銀-民雄",0,10,-10
"1735","5410國眾","110/07/13","台新-左楠",7,0,7
"1736","5410國眾","110/07/13","高橋",0,10,-10
"1737","5410國眾","110/07/13","元大-新盛",18,12,6
"1738","5410國眾","110/07/13","康和-嘉義",0,10,-10
"1739","5410國眾","110/07/13","統一",5,0,5
"1740","5410國眾","110/07/13","凱基-基隆",0,10,-10
"1741","2841台開","110/07/13","中國信託-高雄",251,50,201
"1742","2841台開","110/07/13","兆豐-公益",0,177,-177
"1743","2841台開","110/07/13","日盛證券",210,13,197
"1744","2841台開","110/07/13","日進",0,152,-152
"1745","2841台開","110/07/13","第一金-台中",55,0,55
"1746","2841台開","110/07/13","港商野村",0,109,-109
"1747","2841台開","110/07/13","國泰-板橋",46,0,46
"1748","2841台開","110/07/13","日盛-信義",0,103,-103
"1749","2841台開","110/07/13","國泰-館前",48,3,45
"1750","2841台開","110/07/13","國泰-敦南",11,75,-64
"1751","2841台開","110/07/13","華南永昌-新莊",45,0,45
"1752","2841台開","110/07/13","永興",0,50,-50
"1753","2841台開","110/07/13","日盛-園區",42,0,42
"1754","2841台開","110/07/13","永豐金-敦南",61,104,-43
"1755","2841台開","110/07/13","台新證券",32,0,32
"1756","2841台開","110/07/13","富邦-台南",0,42,-42
"1757","2841台開","110/07/13","台新-高雄",32,2,30
"1758","2841台開","110/07/13","國票-安和",0,30,-30
"1759","2841台開","110/07/13","豐農",23,0,23
"1760","2841台開","110/07/13","元大-桃園",0,25,-25
"1761","2841台開","110/07/13","合庫-嘉義",20,0,20
"1762","2841台開","110/07/13","新光",8,32,-24
"1763","2841台開","110/07/13","華南永昌-高雄",20,0,20
"1764","2841台開","110/07/13","元大-仁愛",0,24,-24
"1765","2841台開","110/07/13","元大-樹林",16,0,16
"1766","2841台開","110/07/13","日盛-中和",0,20,-20
"1767","2841台開","110/07/13","第一金-華江",15,2,13
"1768","2841台開","110/07/13","元富",0,20,-20
"1769","2841台開","110/07/13","美商高盛",12,0,12
"1770","2841台開","110/07/13","富邦-宜蘭",0,20,-20
"1771","6207雷科","110/07/13","元大-高雄",121,0,121
"1772","6207雷科","110/07/13","華南永昌-朴子",1,60,-59
"1773","6207雷科","110/07/13","第一金-新興",20,0,20
"1774","6207雷科","110/07/13","元大-南海",0,36,-36
"1775","6207雷科","110/07/13","元富-三重",20,0,20
"1776","6207雷科","110/07/13","凱基-土城",0,35,-35
"1777","6207雷科","110/07/13","元大-林園",15,0,15
"1778","6207雷科","110/07/13","台灣企銀",0,20,-20
"1779","6207雷科","110/07/13","元大-金華",16,1,15
"1780","6207雷科","110/07/13","群益金鼎-丹鳳",0,20,-20
"1781","6207雷科","110/07/13","日盛證券",10,0,10
"1782","6207雷科","110/07/13","元大-博愛",0,17,-17
"1783","6207雷科","110/07/13","統一-台中",10,0,10
"1784","6207雷科","110/07/13","元大-北港",0,13,-13
"1785","6207雷科","110/07/13","群益金鼎-土城",10,0,10
"1786","6207雷科","110/07/13","新加坡商瑞銀",0,12,-12
"1787","6207雷科","110/07/13","群益金鼎-桃園",10,0,10
"1788","6207雷科","110/07/13","凱基-台北",4,16,-12
"1789","6207雷科","110/07/13","永豐金-新莊",10,0,10
"1790","6207雷科","110/07/13","日茂-埔里",0,11,-11
"1791","6207雷科","110/07/13","永豐金-新店",10,0,10
"1792","6207雷科","110/07/13","元大-莒光",0,11,-11
"1793","6207雷科","110/07/13","元大證券",9,0,9
"1794","6207雷科","110/07/13","統一-新竹",0,10,-10
"1795","6207雷科","110/07/13","日盛-木柵",9,1,8
"1796","6207雷科","110/07/13","元大-西螺",0,10,-10
"1797","6207雷科","110/07/13","兆豐-來福",8,0,8
"1798","6207雷科","110/07/13","康和-台中",0,8,-8
"1799","6207雷科","110/07/13","新光",7,0,7
"1800","6207雷科","110/07/13","兆豐-高雄",0,6,-6
"1801","3679新至陞","110/07/13","永豐金證券",50,0,50
"1802","3679新至陞","110/07/13","摩根大通",2,25,-23
"1803","3679新至陞","110/07/13","國泰-桃園",22,0,22
"1804","3679新至陞","110/07/13","元大-成功",0,22,-22
"1805","3679新至陞","110/07/13","台中銀-員林",11,0,11
"1806","3679新至陞","110/07/13","富邦-板橋",1,19,-18
"1807","3679新至陞","110/07/13","元大-文心興安",8,0,8
"1808","3679新至陞","110/07/13","日盛-新莊",0,10,-10
"1809","3679新至陞","110/07/13","美商高盛",6,0,6
"1810","3679新至陞","110/07/13","台新-台中",0,10,-10
"1811","3679新至陞","110/07/13","台新-高雄",6,0,6
"1812","3679新至陞","110/07/13","永豐金-新竹",0,8,-8
"1813","3679新至陞","110/07/13","凱基-台北",18,12,6
"1814","3679新至陞","110/07/13","瑞士信貸",12,19,-7
"1815","3679新至陞","110/07/13","日盛-復興",5,0,5
"1816","3679新至陞","110/07/13","統一-南京",0,7,-7
"1817","3679新至陞","110/07/13","(牛牛牛)亞-鑫豐",4,0,4
"1818","3679新至陞","110/07/13","凱基-新莊",0,7,-7
"1819","3679新至陞","110/07/13","元富-大昌",3,0,3
"1820","3679新至陞","110/07/13","新加坡商瑞銀",0,6,-6
"1821","3679新至陞","110/07/13","富邦-台北",3,0,3
"1822","3679新至陞","110/07/13","合庫-自強",0,5,-5
"1823","3679新至陞","110/07/13","日盛-樹林",2,0,2
"1824","3679新至陞","110/07/13","富邦-桃園",0,5,-5
"1825","3679新至陞","110/07/13","宏遠-光隆",2,0,2
"1826","3679新至陞","110/07/13","永豐金-潮州",0,4,-4
"1827","3679新至陞","110/07/13","美林",3,1,2
"1828","3679新至陞","110/07/13","臺銀-臺南",0,3,-3
"1829","3679新至陞","110/07/13","第一金-中壢",2,0,2
"1830","3679新至陞","110/07/13","元大-六合",0,3,-3
"1831","2727王品","110/07/13","富邦-台北",43,3,40
"1832","2727王品","110/07/13","台灣摩根士丹利",15,97,-82
"1833","2727王品","110/07/13","元大-基隆孝二",40,0,40
"1834","2727王品","110/07/13","玉山-台南",5,57,-52
"1835","2727王品","110/07/13","國票-新莊",40,1,39
"1836","2727王品","110/07/13","新加坡商瑞銀",0,48,-48
"1837","2727王品","110/07/13","第一金-豐原",66,42,24
"1838","2727王品","110/07/13","凱基-台北",41,77,-36
"1839","2727王品","110/07/13","永豐金-大園",34,10,24
"1840","2727王品","110/07/13","永豐金-永康",0,22,-22
"1841","2727王品","110/07/13","元大-北屯",22,0,22
"1842","2727王品","110/07/13","統一-台中",2,22,-20
"1843","2727王品","110/07/13","元大-東蘆",26,7,19
"1844","2727王品","110/07/13","國泰-台中",21,39,-18
"1845","2727王品","110/07/13","永豐金-萬盛",13,1,12
"1846","2727王品","110/07/13","合庫-彰化",3,20,-17
"1847","2727王品","110/07/13","日盛-嘉義",11,0,11
"1848","2727王品","110/07/13","港商野村",13,30,-17
"1849","2727王品","110/07/13","日盛-八德",11,0,11
"1850","2727王品","110/07/13","元大-楊梅",1,16,-15
"1851","2727王品","110/07/13","統一-竹南",11,0,11
"1852","2727王品","110/07/13","凱基-高美館",2,15,-13
"1853","2727王品","110/07/13","日盛-士林",12,2,10
"1854","2727王品","110/07/13","美商高盛",2,14,-12
"1855","2727王品","110/07/13","統一-敦南",10,0,10
"1856","2727王品","110/07/13","統一-平鎮",1,13,-12
"1857","2727王品","110/07/13","中國信託",15,5,10
"1858","2727王品","110/07/13","兆豐-台中港",4,16,-12
"1859","2727王品","110/07/13","兆豐-竹北",13,3,10
"1860","2727王品","110/07/13","凱基-八德",1,13,-12
"1861","1570力肯","110/07/13","新光",115,11,104
"1862","1570力肯","110/07/13","元大-北三重",0,162,-162
"1863","1570力肯","110/07/13","群益金鼎-高雄",54,0,54
"1864","1570力肯","110/07/13","元大-大灣",0,25,-25
"1865","1570力肯","110/07/13","國票-新莊",22,0,22
"1866","1570力肯","110/07/13","永豐金-苓雅",0,22,-22
"1867","1570力肯","110/07/13","日盛-桃園",12,0,12
"1868","1570力肯","110/07/13","永豐金-永康",0,19,-19
"1869","1570力肯","110/07/13","元大-高雄",12,0,12
"1870","1570力肯","110/07/13","富邦-員林",0,15,-15
"1871","1570力肯","110/07/13","合庫-自強",11,0,11
"1872","1570力肯","110/07/13","凱基-台南",0,11,-11
"1873","1570力肯","110/07/13","摩根大通",26,15,11
"1874","1570力肯","110/07/13","日盛-竹北",0,10,-10
"1875","1570力肯","110/07/13","永豐金-中盛",11,0,11
"1876","1570力肯","110/07/13","國票-九鼎",0,10,-10
"1877","1570力肯","110/07/13","兆豐-台中港",10,0,10
"1878","1570力肯","110/07/13","凱基-桃園",0,10,-10
"1879","1570力肯","110/07/13","國泰-松江",9,0,9
"1880","1570力肯","110/07/13","凱基-新豐",0,10,-10
"1881","1570力肯","110/07/13","元大-新盛",9,0,9
"1882","1570力肯","110/07/13","元大-學甲",0,10,-10
"1883","1570力肯","110/07/13","元富-緯城",6,0,6
"1884","1570力肯","110/07/13","群益金鼎-東湖",1,10,-9
"1885","1570力肯","110/07/13","統一-三重",5,0,5
"1886","1570力肯","110/07/13","大昌",0,6,-6
"1887","1570力肯","110/07/13","元大-前金",5,0,5
"1888","1570力肯","110/07/13","元大-土城學府",0,6,-6
"1889","1570力肯","110/07/13","永豐金證券",5,0,5
"1890","1570力肯","110/07/13","統一",0,5,-5
"1891","6180橘子","110/07/13","摩根大通",119,0,119
"1892","6180橘子","110/07/13","元大-崇德",2,61,-59
"1893","6180橘子","110/07/13","美商高盛",96,0,96
"1894","6180橘子","110/07/13","康和-台中",0,51,-51
"1895","6180橘子","110/07/13","新加坡商瑞銀",86,7,79
"1896","6180橘子","110/07/13","康和-台北",0,50,-50
"1897","6180橘子","110/07/13","元大-和平",40,0,40
"1898","6180橘子","110/07/13","元富-潮州",0,40,-40
"1899","6180橘子","110/07/13","凱基-台北",83,47,36
"1900","6180橘子","110/07/13","日盛-永康",0,26,-26
"1901","6180橘子","110/07/13","美林",39,5,34
"1902","6180橘子","110/07/13","永豐金-中正",0,24,-24
"1903","6180橘子","110/07/13","富邦-新竹華信",31,2,29
"1904","6180橘子","110/07/13","國泰-板橋",2,25,-23
"1905","6180橘子","110/07/13","統一-南京",21,0,21
"1906","6180橘子","110/07/13","日盛-大墩",0,20,-20
"1907","6180橘子","110/07/13","富邦-陽明",24,3,21
"1908","6180橘子","110/07/13","元大-草屯",13,32,-19
"1909","6180橘子","110/07/13","大昌-樹林",21,1,20
"1910","6180橘子","110/07/13","元富-林園",1,18,-17
"1911","6180橘子","110/07/13","花旗環球",19,0,19
"1912","6180橘子","110/07/13","新光-新竹",1,18,-17
"1913","6180橘子","110/07/13","華南永昌-台南",19,0,19
"1914","6180橘子","110/07/13","元大-土城永寧",0,17,-17
"1915","6180橘子","110/07/13","福勝",14,0,14
"1916","6180橘子","110/07/13","國泰-新莊",3,19,-16
"1917","6180橘子","110/07/13","富邦-嘉義",12,1,11
"1918","6180橘子","110/07/13","中國信託-永康",6,21,-15
"1919","6180橘子","110/07/13","元大-板橋三民",11,0,11
"1920","6180橘子","110/07/13","凱基-東港",1,15,-14
"1921","2390云辰","110/07/13","新加坡商瑞銀",562,75,487
"1922","2390云辰","110/07/13","大展-台南",0,532,-532
"1923","2390云辰","110/07/13","台灣摩根士丹利",330,155,175
"1924","2390云辰","110/07/13","凱基-台北",668,854,-186
"1925","2390云辰","110/07/13","兆豐-公益",126,25,101
"1926","2390云辰","110/07/13","凱基-三重",12,172,-160
"1927","2390云辰","110/07/13","元富-中港",100,2,98
"1928","2390云辰","110/07/13","兆豐-忠孝",4,161,-157
"1929","2390云辰","110/07/13","統一-新台中",106,9,97
"1930","2390云辰","110/07/13","元大-士林",19,170,-151
"1931","2390云辰","110/07/13","中國信託-松江",81,11,70
"1932","2390云辰","110/07/13","臺銀-新竹",14,117,-103
"1933","2390云辰","110/07/13","日盛-板橋",72,3,69
"1934","2390云辰","110/07/13","國票-台中",4,102,-98
"1935","2390云辰","110/07/13","日盛-和美",57,0,57
"1936","2390云辰","110/07/13","新光",147,232,-85
"1937","2390云辰","110/07/13","永豐金-桃園",88,36,52
"1938","2390云辰","110/07/13","致和-崇德",2,70,-68
"1939","2390云辰","110/07/13","玉山-士林",54,4,50
"1940","2390云辰","110/07/13","群益金鼎-屏東",2,70,-68
"1941","2390云辰","110/07/13","富邦-仁愛",56,6,50
"1942","2390云辰","110/07/13","元大-大里",35,98,-63
"1943","2390云辰","110/07/13","第一金-豐原",50,1,49
"1944","2390云辰","110/07/13","元大-萬華",35,94,-59
"1945","2390云辰","110/07/13","摩根大通",502,453,49
"1946","2390云辰","110/07/13","元富-吉利",2,60,-58
"1947","2390云辰","110/07/13","凱基-松山",61,13,48
"1948","2390云辰","110/07/13","兆豐-新竹",3,53,-50
"1949","2390云辰","110/07/13","大昌",64,22,42
"1950","2390云辰","110/07/13","富邦-嘉義",65,108,-43
"1951","2363矽統","110/07/13","凱基-南崁",2133,63,2070
"1952","2363矽統","110/07/13","凱基-幸福",36,4048,-4012
"1953","2363矽統","110/07/13","國泰-敦南",2195,1617,578
"1954","2363矽統","110/07/13","統一",192,3325,-3133
"1955","2363矽統","110/07/13","中農",670,139,531
"1956","2363矽統","110/07/13","新加坡商瑞銀",1000,2747,-1747
"1957","2363矽統","110/07/13","康和-台中",638,154,484
"1958","2363矽統","110/07/13","凱基-台北",5359,6609,-1250
"1959","2363矽統","110/07/13","群益金鼎-三民",577,137,440
"1960","2363矽統","110/07/13","摩根大通",1930,2858,-928
"1961","2363矽統","110/07/13","台新-屏東",510,88,422
"1962","2363矽統","110/07/13","港商野村",960,1679,-719
"1963","2363矽統","110/07/13","德信-中正",455,67,388
"1964","2363矽統","110/07/13","兆豐-復興",25,705,-680
"1965","2363矽統","110/07/13","日盛-竹北",365,70,295
"1966","2363矽統","110/07/13","統一-仁愛",114,755,-641
"1967","2363矽統","110/07/13","元大-佳里",452,189,263
"1968","2363矽統","110/07/13","統一-敦南",29,638,-609
"1969","2363矽統","110/07/13","國票-博愛",296,38,258
"1970","2363矽統","110/07/13","統一-土城",100,704,-604
"1971","2363矽統","110/07/13","元大-萬華",340,95,245
"1972","2363矽統","110/07/13","統一-城中",116,676,-560
"1973","2363矽統","110/07/13","新光",1259,1031,228
"1974","2363矽統","110/07/13","永豐金證券",306,859,-553
"1975","2363矽統","110/07/13","元富-成功",323,96,227
"1976","2363矽統","110/07/13","元富",54,567,-513
"1977","2363矽統","110/07/13","豐農",228,23,205
"1978","2363矽統","110/07/13","瑞士信貸",202,666,-464
"1979","2363矽統","110/07/13","台灣企銀-岡山",186,4,182
"1980","2363矽統","110/07/13","永豐金-嘉義",67,468,-401
"1981","8112至上","110/07/13","摩根大通",688,296,392
"1982","8112至上","110/07/13","國票-中和",0,401,-401
"1983","8112至上","110/07/13","港商野村",344,145,199
"1984","8112至上","110/07/13","永豐金-板盛",0,205,-205
"1985","8112至上","110/07/13","兆豐-公益",195,5,190
"1986","8112至上","110/07/13","凱基-五股",43,155,-112
"1987","8112至上","110/07/13","台灣摩根士丹利",183,0,183
"1988","8112至上","110/07/13","凱基-市政",0,100,-100
"1989","8112至上","110/07/13","群益金鼎-敦南",153,2,151
"1990","8112至上","110/07/13","元大-大里德芳",1,92,-91
"1991","8112至上","110/07/13","臺銀-金山",146,26,120
"1992","8112至上","110/07/13","玉山-桃園",26,110,-84
"1993","8112至上","110/07/13","臺銀",133,19,114
"1994","8112至上","110/07/13","兆豐-天母",0,81,-81
"1995","8112至上","110/07/13","合庫-台中",115,6,109
"1996","8112至上","110/07/13","凱基-城中",3,84,-81
"1997","8112至上","110/07/13","亞東-板橋",134,26,108
"1998","8112至上","110/07/13","日盛-新莊",9,85,-76
"1999","8112至上","110/07/13","凱基-台北",414,326,88
"2000","8112至上","110/07/13","日盛-台中",2,64,-62
"2001","8112至上","110/07/13","新加坡商瑞銀",181,100,81
"2002","8112至上","110/07/13","日盛-中壢",3,64,-61
"2003","8112至上","110/07/13","國泰-敦南",108,31,77
"2004","8112至上","110/07/13","元大-台中",2,59,-57
"2005","8112至上","110/07/13","第一金-華江",77,4,73
"2006","8112至上","110/07/13","元大-雙和",7,64,-57
"2007","8112至上","110/07/13","永豐金-內湖",73,1,72
"2008","8112至上","110/07/13","元大-高雄",8,62,-54
"2009","8112至上","110/07/13","元大-永和",68,1,67
"2010","8112至上","110/07/13","元大-館前",2,55,-53
"2011","4903聯光通","110/07/13","台灣企銀-太平",56,0,56
"2012","4903聯光通","110/07/13","土銀",0,32,-32
"2013","4903聯光通","110/07/13","元富-新興",23,0,23
"2014","4903聯光通","110/07/13","元大-樹林",0,19,-19
"2015","4903聯光通","110/07/13","日盛-樹林",22,0,22
"2016","4903聯光通","110/07/13","凱基-士林",0,17,-17
"2017","4903聯光通","110/07/13","兆豐-天母",20,0,20
"2018","4903聯光通","110/07/13","國票-博愛",0,14,-14
"2019","4903聯光通","110/07/13","華南永昌-桃園",20,0,20
"2020","4903聯光通","110/07/13","元富",0,10,-10
"2021","4903聯光通","110/07/13","富邦-新店",10,0,10
"2022","4903聯光通","110/07/13","新光",0,10,-10
"2023","4903聯光通","110/07/13","新光-台中",5,0,5
"2024","4903聯光通","110/07/13","玉山-南京東路",0,10,-10
"2025","4903聯光通","110/07/13","華南永昌-台中",5,0,5
"2026","4903聯光通","110/07/13","富邦-陽明",0,10,-10
"2027","4903聯光通","110/07/13","元大-崇德",5,0,5
"2028","4903聯光通","110/07/13","元大-大甲",0,8,-8
"2029","4903聯光通","110/07/13","元大-草屯",5,0,5
"2030","4903聯光通","110/07/13","富邦-台中",0,7,-7
"2031","4903聯光通","110/07/13","元富-草屯",4,0,4
"2032","4903聯光通","110/07/13","凱基-中壢",0,6,-6
"2033","4903聯光通","110/07/13","元大-清水",4,0,4
"2034","4903聯光通","110/07/13","臺銀-民權",0,5,-5
"2035","4903聯光通","110/07/13","元大-東泰",4,0,4
"2036","4903聯光通","110/07/13","日盛-板橋",0,5,-5
"2037","4903聯光通","110/07/13","元大-佳里",2,0,2
"2038","4903聯光通","110/07/13","中國信託-忠孝",0,5,-5
"2039","4903聯光通","110/07/13","永豐金-板橋",2,0,2
"2040","4903聯光通","110/07/13","永豐金-鳳山",0,5,-5
"2041","2929淘帝","110/07/13","玉山-新竹",130,0,130
"2042","2929淘帝","110/07/13","美商高盛",0,177,-177
"2043","2929淘帝","110/07/13","臺銀-民權",60,0,60
"2044","2929淘帝","110/07/13","凱基-台北",6,80,-74
"2045","2929淘帝","110/07/13","新百王",31,0,31
"2046","2929淘帝","110/07/13","元富-大裕",0,49,-49
"2047","2929淘帝","110/07/13","日盛-園區",30,0,30
"2048","2929淘帝","110/07/13","國泰-館前",3,51,-48
"2049","2929淘帝","110/07/13","元大-南投",31,1,30
"2050","2929淘帝","110/07/13","凱基-中壢",0,41,-41
"2051","2929淘帝","110/07/13","兆豐-忠孝",28,0,28
"2052","2929淘帝","110/07/13","港商野村",21,55,-34
"2053","2929淘帝","110/07/13","元大-民生",28,0,28
"2054","2929淘帝","110/07/13","華南永昌-南京",2,34,-32
"2055","2929淘帝","110/07/13","合庫-高雄",27,0,27
"2056","2929淘帝","110/07/13","群益金鼎-土城",0,30,-30
"2057","2929淘帝","110/07/13","凱基-豐中",27,0,27
"2058","2929淘帝","110/07/13","富邦-南屯",0,22,-22
"2059","2929淘帝","110/07/13","新光",21,4,17
"2060","2929淘帝","110/07/13","第一金-豐原",0,20,-20
"2061","2929淘帝","110/07/13","元大-天母",17,0,17
"2062","2929淘帝","110/07/13","元大-屏南",6,26,-20
"2063","2929淘帝","110/07/13","永興",14,0,14
"2064","2929淘帝","110/07/13","永豐金-敦南",1,21,-20
"2065","2929淘帝","110/07/13","富邦-台北",12,0,12
"2066","2929淘帝","110/07/13","凱基-三重",2,21,-19
"2067","2929淘帝","110/07/13","元大-永和",12,0,12
"2068","2929淘帝","110/07/13","富邦-仁愛",7,25,-18
"2069","2929淘帝","110/07/13","國票-天祥",11,0,11
"2070","2929淘帝","110/07/13","元大-北投",0,16,-16
"2071","5410國眾","110/07/13","兆豐-城中",274,0,274
"2072","5410國眾","110/07/13","元富-嘉義",0,103,-103
"2073","5410國眾","110/07/13","新光",50,4,46
"2074","5410國眾","110/07/13","凱基-台北",0,50,-50
"2075","5410國眾","110/07/13","國泰-台中",26,0,26
"2076","5410國眾","110/07/13","瑞士信貸",0,31,-31
"2077","5410國眾","110/07/13","新加坡商瑞銀",22,0,22
"2078","5410國眾","110/07/13","台新-新莊",0,27,-27
"2079","5410國眾","110/07/13","光和-嘉義",20,0,20
"2080","5410國眾","110/07/13","元大-汐止",0,20,-20
"2081","5410國眾","110/07/13","凱基-竹北",17,0,17
"2082","5410國眾","110/07/13","亞東-新竹",0,17,-17
"2083","5410國眾","110/07/13","新光-桃園",15,0,15
"2084","5410國眾","110/07/13","元大-南勢角",0,13,-13
"2085","5410國眾","110/07/13","凱基-台東",14,0,14
"2086","5410國眾","110/07/13","台新-台南",0,12,-12
"2087","5410國眾","110/07/13","富邦-竹北",11,0,11
"2088","5410國眾","110/07/13","中國信託",0,11,-11
"2089","5410國眾","110/07/13","元富-同大",10,0,10
"2090","5410國眾","110/07/13","華南永昌",0,11,-11
"2091","5410國眾","110/07/13","國泰-敦南",24,15,9
"2092","5410國眾","110/07/13","臺銀-臺南",0,10,-10
"2093","5410國眾","110/07/13","日盛-內湖",7,0,7
"2094","5410國眾","110/07/13","台灣企銀-民雄",0,10,-10
"2095","5410國眾","110/07/13","台新-左楠",7,0,7
"2096","5410國眾","110/07/13","高橋",0,10,-10
"2097","5410國眾","110/07/13","元大-新盛",18,12,6
"2098","5410國眾","110/07/13","康和-嘉義",0,10,-10
"2099","5410國眾","110/07/13","統一",5,0,5
"2100","5410國眾","110/07/13","凱基-基隆",0,10,-10
"2101","2841台開","110/07/13","中國信託-高雄",251,50,201
"2102","2841台開","110/07/13","兆豐-公益",0,177,-177
"2103","2841台開","110/07/13","日盛證券",210,13,197
"2104","2841台開","110/07/13","日進",0,152,-152
"2105","2841台開","110/07/13","第一金-台中",55,0,55
"2106","2841台開","110/07/13","港商野村",0,109,-109
"2107","2841台開","110/07/13","國泰-板橋",46,0,46
"2108","2841台開","110/07/13","日盛-信義",0,103,-103
"2109","2841台開","110/07/13","國泰-館前",48,3,45
"2110","2841台開","110/07/13","國泰-敦南",11,75,-64
"2111","2841台開","110/07/13","華南永昌-新莊",45,0,45
"2112","2841台開","110/07/13","永興",0,50,-50
"2113","2841台開","110/07/13","日盛-園區",42,0,42
"2114","2841台開","110/07/13","永豐金-敦南",61,104,-43
"2115","2841台開","110/07/13","台新證券",32,0,32
"2116","2841台開","110/07/13","富邦-台南",0,42,-42
"2117","2841台開","110/07/13","台新-高雄",32,2,30
"2118","2841台開","110/07/13","國票-安和",0,30,-30
"2119","2841台開","110/07/13","豐農",23,0,23
"2120","2841台開","110/07/13","元大-桃園",0,25,-25
"2121","2841台開","110/07/13","合庫-嘉義",20,0,20
"2122","2841台開","110/07/13","新光",8,32,-24
"2123","2841台開","110/07/13","華南永昌-高雄",20,0,20
"2124","2841台開","110/07/13","元大-仁愛",0,24,-24
"2125","2841台開","110/07/13","元大-樹林",16,0,16
"2126","2841台開","110/07/13","日盛-中和",0,20,-20
"2127","2841台開","110/07/13","第一金-華江",15,2,13
"2128","2841台開","110/07/13","元富",0,20,-20
"2129","2841台開","110/07/13","美商高盛",12,0,12
"2130","2841台開","110/07/13","富邦-宜蘭",0,20,-20
"2131","6207雷科","110/07/13","元大-高雄",121,0,121
"2132","6207雷科","110/07/13","華南永昌-朴子",1,60,-59
"2133","6207雷科","110/07/13","第一金-新興",20,0,20
"2134","6207雷科","110/07/13","元大-南海",0,36,-36
"2135","6207雷科","110/07/13","元富-三重",20,0,20
"2136","6207雷科","110/07/13","凱基-土城",0,35,-35
"2137","6207雷科","110/07/13","元大-林園",15,0,15
"2138","6207雷科","110/07/13","台灣企銀",0,20,-20
"2139","6207雷科","110/07/13","元大-金華",16,1,15
"2140","6207雷科","110/07/13","群益金鼎-丹鳳",0,20,-20
"2141","6207雷科","110/07/13","日盛證券",10,0,10
"2142","6207雷科","110/07/13","元大-博愛",0,17,-17
"2143","6207雷科","110/07/13","統一-台中",10,0,10
"2144","6207雷科","110/07/13","元大-北港",0,13,-13
"2145","6207雷科","110/07/13","群益金鼎-土城",10,0,10
"2146","6207雷科","110/07/13","新加坡商瑞銀",0,12,-12
"2147","6207雷科","110/07/13","群益金鼎-桃園",10,0,10
"2148","6207雷科","110/07/13","凱基-台北",4,16,-12
"2149","6207雷科","110/07/13","永豐金-新莊",10,0,10
"2150","6207雷科","110/07/13","日茂-埔里",0,11,-11
"2151","6207雷科","110/07/13","永豐金-新店",10,0,10
"2152","6207雷科","110/07/13","元大-莒光",0,11,-11
"2153","6207雷科","110/07/13","元大證券",9,0,9
"2154","6207雷科","110/07/13","統一-新竹",0,10,-10
"2155","6207雷科","110/07/13","日盛-木柵",9,1,8
"2156","6207雷科","110/07/13","元大-西螺",0,10,-10
"2157","6207雷科","110/07/13","兆豐-來福",8,0,8
"2158","6207雷科","110/07/13","康和-台中",0,8,-8
"2159","6207雷科","110/07/13","新光",7,0,7
"2160","6207雷科","110/07/13","兆豐-高雄",0,6,-6
"2161","3679新至陞","110/07/13","永豐金證券",50,0,50
"2162","3679新至陞","110/07/13","摩根大通",2,25,-23
"2163","3679新至陞","110/07/13","國泰-桃園",22,0,22
"2164","3679新至陞","110/07/13","元大-成功",0,22,-22
"2165","3679新至陞","110/07/13","台中銀-員林",11,0,11
"2166","3679新至陞","110/07/13","富邦-板橋",1,19,-18
"2167","3679新至陞","110/07/13","元大-文心興安",8,0,8
"2168","3679新至陞","110/07/13","日盛-新莊",0,10,-10
"2169","3679新至陞","110/07/13","美商高盛",6,0,6
"2170","3679新至陞","110/07/13","台新-台中",0,10,-10
"2171","3679新至陞","110/07/13","台新-高雄",6,0,6
"2172","3679新至陞","110/07/13","永豐金-新竹",0,8,-8
"2173","3679新至陞","110/07/13","凱基-台北",18,12,6
"2174","3679新至陞","110/07/13","瑞士信貸",12,19,-7
"2175","3679新至陞","110/07/13","日盛-復興",5,0,5
"2176","3679新至陞","110/07/13","統一-南京",0,7,-7
"2177","3679新至陞","110/07/13","(牛牛牛)亞-鑫豐",4,0,4
"2178","3679新至陞","110/07/13","凱基-新莊",0,7,-7
"2179","3679新至陞","110/07/13","元富-大昌",3,0,3
"2180","3679新至陞","110/07/13","新加坡商瑞銀",0,6,-6
"2181","3679新至陞","110/07/13","富邦-台北",3,0,3
"2182","3679新至陞","110/07/13","合庫-自強",0,5,-5
"2183","3679新至陞","110/07/13","日盛-樹林",2,0,2
"2184","3679新至陞","110/07/13","富邦-桃園",0,5,-5
"2185","3679新至陞","110/07/13","宏遠-光隆",2,0,2
"2186","3679新至陞","110/07/13","永豐金-潮州",0,4,-4
"2187","3679新至陞","110/07/13","美林",3,1,2
"2188","3679新至陞","110/07/13","臺銀-臺南",0,3,-3
"2189","3679新至陞","110/07/13","第一金-中壢",2,0,2
"2190","3679新至陞","110/07/13","元大-六合",0,3,-3
"2191","2727王品","110/07/13","富邦-台北",43,3,40
"2192","2727王品","110/07/13","台灣摩根士丹利",15,97,-82
"2193","2727王品","110/07/13","元大-基隆孝二",40,0,40
"2194","2727王品","110/07/13","玉山-台南",5,57,-52
"2195","2727王品","110/07/13","國票-新莊",40,1,39
"2196","2727王品","110/07/13","新加坡商瑞銀",0,48,-48
"2197","2727王品","110/07/13","第一金-豐原",66,42,24
"2198","2727王品","110/07/13","凱基-台北",41,77,-36
"2199","2727王品","110/07/13","永豐金-大園",34,10,24
"2200","2727王品","110/07/13","永豐金-永康",0,22,-22
"2201","2727王品","110/07/13","元大-北屯",22,0,22
"2202","2727王品","110/07/13","統一-台中",2,22,-20
"2203","2727王品","110/07/13","元大-東蘆",26,7,19
"2204","2727王品","110/07/13","國泰-台中",21,39,-18
"2205","2727王品","110/07/13","永豐金-萬盛",13,1,12
"2206","2727王品","110/07/13","合庫-彰化",3,20,-17
"2207","2727王品","110/07/13","日盛-嘉義",11,0,11
"2208","2727王品","110/07/13","港商野村",13,30,-17
"2209","2727王品","110/07/13","日盛-八德",11,0,11
"2210","2727王品","110/07/13","元大-楊梅",1,16,-15
"2211","2727王品","110/07/13","統一-竹南",11,0,11
"2212","2727王品","110/07/13","凱基-高美館",2,15,-13
"2213","2727王品","110/07/13","日盛-士林",12,2,10
"2214","2727王品","110/07/13","美商高盛",2,14,-12
"2215","2727王品","110/07/13","統一-敦南",10,0,10
"2216","2727王品","110/07/13","統一-平鎮",1,13,-12
"2217","2727王品","110/07/13","中國信託",15,5,10
"2218","2727王品","110/07/13","兆豐-台中港",4,16,-12
"2219","2727王品","110/07/13","兆豐-竹北",13,3,10
"2220","2727王品","110/07/13","凱基-八德",1,13,-12
"2221","1570力肯","110/07/13","新光",115,11,104
"2222","1570力肯","110/07/13","元大-北三重",0,162,-162
"2223","1570力肯","110/07/13","群益金鼎-高雄",54,0,54
"2224","1570力肯","110/07/13","元大-大灣",0,25,-25
"2225","1570力肯","110/07/13","國票-新莊",22,0,22
"2226","1570力肯","110/07/13","永豐金-苓雅",0,22,-22
"2227","1570力肯","110/07/13","日盛-桃園",12,0,12
"2228","1570力肯","110/07/13","永豐金-永康",0,19,-19
"2229","1570力肯","110/07/13","元大-高雄",12,0,12
"2230","1570力肯","110/07/13","富邦-員林",0,15,-15
"2231","1570力肯","110/07/13","合庫-自強",11,0,11
"2232","1570力肯","110/07/13","凱基-台南",0,11,-11
"2233","1570力肯","110/07/13","摩根大通",26,15,11
"2234","1570力肯","110/07/13","日盛-竹北",0,10,-10
"2235","1570力肯","110/07/13","永豐金-中盛",11,0,11
"2236","1570力肯","110/07/13","國票-九鼎",0,10,-10
"2237","1570力肯","110/07/13","兆豐-台中港",10,0,10
"2238","1570力肯","110/07/13","凱基-桃園",0,10,-10
"2239","1570力肯","110/07/13","國泰-松江",9,0,9
"2240","1570力肯","110/07/13","凱基-新豐",0,10,-10
"2241","1570力肯","110/07/13","元大-新盛",9,0,9
"2242","1570力肯","110/07/13","元大-學甲",0,10,-10
"2243","1570力肯","110/07/13","元富-緯城",6,0,6
"2244","1570力肯","110/07/13","群益金鼎-東湖",1,10,-9
"2245","1570力肯","110/07/13","統一-三重",5,0,5
"2246","1570力肯","110/07/13","大昌",0,6,-6
"2247","1570力肯","110/07/13","元大-前金",5,0,5
"2248","1570力肯","110/07/13","元大-土城學府",0,6,-6
"2249","1570力肯","110/07/13","永豐金證券",5,0,5
"2250","1570力肯","110/07/13","統一",0,5,-5
"2251","6180橘子","110/07/13","摩根大通",119,0,119
"2252","6180橘子","110/07/13","元大-崇德",2,61,-59
"2253","6180橘子","110/07/13","美商高盛",96,0,96
"2254","6180橘子","110/07/13","康和-台中",0,51,-51
"2255","6180橘子","110/07/13","新加坡商瑞銀",86,7,79
"2256","6180橘子","110/07/13","康和-台北",0,50,-50
"2257","6180橘子","110/07/13","元大-和平",40,0,40
"2258","6180橘子","110/07/13","元富-潮州",0,40,-40
"2259","6180橘子","110/07/13","凱基-台北",83,47,36
"2260","6180橘子","110/07/13","日盛-永康",0,26,-26
"2261","6180橘子","110/07/13","美林",39,5,34
"2262","6180橘子","110/07/13","永豐金-中正",0,24,-24
"2263","6180橘子","110/07/13","富邦-新竹華信",31,2,29
"2264","6180橘子","110/07/13","國泰-板橋",2,25,-23
"2265","6180橘子","110/07/13","統一-南京",21,0,21
"2266","6180橘子","110/07/13","日盛-大墩",0,20,-20
"2267","6180橘子","110/07/13","富邦-陽明",24,3,21
"2268","6180橘子","110/07/13","元大-草屯",13,32,-19
"2269","6180橘子","110/07/13","大昌-樹林",21,1,20
"2270","6180橘子","110/07/13","元富-林園",1,18,-17
"2271","6180橘子","110/07/13","花旗環球",19,0,19
"2272","6180橘子","110/07/13","新光-新竹",1,18,-17
"2273","6180橘子","110/07/13","華南永昌-台南",19,0,19
"2274","6180橘子","110/07/13","元大-土城永寧",0,17,-17
"2275","6180橘子","110/07/13","福勝",14,0,14
"2276","6180橘子","110/07/13","國泰-新莊",3,19,-16
"2277","6180橘子","110/07/13","富邦-嘉義",12,1,11
"2278","6180橘子","110/07/13","中國信託-永康",6,21,-15
"2279","6180橘子","110/07/13","元大-板橋三民",11,0,11
"2280","6180橘子","110/07/13","凱基-東港",1,15,-14
"2281","2390云辰","110/07/13","新加坡商瑞銀",562,75,487
"2282","2390云辰","110/07/13","大展-台南",0,532,-532
"2283","2390云辰","110/07/13","台灣摩根士丹利",330,155,175
"2284","2390云辰","110/07/13","凱基-台北",668,854,-186
"2285","2390云辰","110/07/13","兆豐-公益",126,25,101
"2286","2390云辰","110/07/13","凱基-三重",12,172,-160
"2287","2390云辰","110/07/13","元富-中港",100,2,98
"2288","2390云辰","110/07/13","兆豐-忠孝",4,161,-157
"2289","2390云辰","110/07/13","統一-新台中",106,9,97
"2290","2390云辰","110/07/13","元大-士林",19,170,-151
"2291","2390云辰","110/07/13","中國信託-松江",81,11,70
"2292","2390云辰","110/07/13","臺銀-新竹",14,117,-103
"2293","2390云辰","110/07/13","日盛-板橋",72,3,69
"2294","2390云辰","110/07/13","國票-台中",4,102,-98
"2295","2390云辰","110/07/13","日盛-和美",57,0,57
"2296","2390云辰","110/07/13","新光",147,232,-85
"2297","2390云辰","110/07/13","永豐金-桃園",88,36,52
"2298","2390云辰","110/07/13","致和-崇德",2,70,-68
"2299","2390云辰","110/07/13","玉山-士林",54,4,50
"2300","2390云辰","110/07/13","群益金鼎-屏東",2,70,-68
"2301","2390云辰","110/07/13","富邦-仁愛",56,6,50
"2302","2390云辰","110/07/13","元大-大里",35,98,-63
"2303","2390云辰","110/07/13","第一金-豐原",50,1,49
"2304","2390云辰","110/07/13","元大-萬華",35,94,-59
"2305","2390云辰","110/07/13","摩根大通",502,453,49
"2306","2390云辰","110/07/13","元富-吉利",2,60,-58
"2307","2390云辰","110/07/13","凱基-松山",61,13,48
"2308","2390云辰","110/07/13","兆豐-新竹",3,53,-50
"2309","2390云辰","110/07/13","大昌",64,22,42
"2310","2390云辰","110/07/13","富邦-嘉義",65,108,-43
"2311","2363矽統","110/07/13","凱基-南崁",2133,63,2070
"2312","2363矽統","110/07/13","凱基-幸福",36,4048,-4012
"2313","2363矽統","110/07/13","國泰-敦南",2195,1617,578
"2314","2363矽統","110/07/13","統一",192,3325,-3133
"2315","2363矽統","110/07/13","中農",670,139,531
"2316","2363矽統","110/07/13","新加坡商瑞銀",1000,2747,-1747
"2317","2363矽統","110/07/13","康和-台中",638,154,484
"2318","2363矽統","110/07/13","凱基-台北",5359,6609,-1250
"2319","2363矽統","110/07/13","群益金鼎-三民",577,137,440
"2320","2363矽統","110/07/13","摩根大通",1930,2858,-928
"2321","2363矽統","110/07/13","台新-屏東",510,88,422
"2322","2363矽統","110/07/13","港商野村",960,1679,-719
"2323","2363矽統","110/07/13","德信-中正",455,67,388
"2324","2363矽統","110/07/13","兆豐-復興",25,705,-680
"2325","2363矽統","110/07/13","日盛-竹北",365,70,295
"2326","2363矽統","110/07/13","統一-仁愛",114,755,-641
"2327","2363矽統","110/07/13","元大-佳里",452,189,263
"2328","2363矽統","110/07/13","統一-敦南",29,638,-609
"2329","2363矽統","110/07/13","國票-博愛",296,38,258
"2330","2363矽統","110/07/13","統一-土城",100,704,-604
"2331","2363矽統","110/07/13","元大-萬華",340,95,245
"2332","2363矽統","110/07/13","統一-城中",116,676,-560
"2333","2363矽統","110/07/13","新光",1259,1031,228
"2334","2363矽統","110/07/13","永豐金證券",306,859,-553
"2335","2363矽統","110/07/13","元富-成功",323,96,227
"2336","2363矽統","110/07/13","元富",54,567,-513
"2337","2363矽統","110/07/13","豐農",228,23,205
"2338","2363矽統","110/07/13","瑞士信貸",202,666,-464
"2339","2363矽統","110/07/13","台灣企銀-岡山",186,4,182
"2340","2363矽統","110/07/13","永豐金-嘉義",67,468,-401
"2341","8112至上","110/07/13","摩根大通",688,296,392
"2342","8112至上","110/07/13","國票-中和",0,401,-401
"2343","8112至上","110/07/13","港商野村",344,145,199
"2344","8112至上","110/07/13","永豐金-板盛",0,205,-205
"2345","8112至上","110/07/13","兆豐-公益",195,5,190
"2346","8112至上","110/07/13","凱基-五股",43,155,-112
"2347","8112至上","110/07/13","台灣摩根士丹利",183,0,183
"2348","8112至上","110/07/13","凱基-市政",0,100,-100
"2349","8112至上","110/07/13","群益金鼎-敦南",153,2,151
"2350","8112至上","110/07/13","元大-大里德芳",1,92,-91
"2351","8112至上","110/07/13","臺銀-金山",146,26,120
"2352","8112至上","110/07/13","玉山-桃園",26,110,-84
"2353","8112至上","110/07/13","臺銀",133,19,114
"2354","8112至上","110/07/13","兆豐-天母",0,81,-81
"2355","8112至上","110/07/13","合庫-台中",115,6,109
"2356","8112至上","110/07/13","凱基-城中",3,84,-81
"2357","8112至上","110/07/13","亞東-板橋",134,26,108
"2358","8112至上","110/07/13","日盛-新莊",9,85,-76
"2359","8112至上","110/07/13","凱基-台北",414,326,88
"2360","8112至上","110/07/13","日盛-台中",2,64,-62
"2361","8112至上","110/07/13","新加坡商瑞銀",181,100,81
"2362","8112至上","110/07/13","日盛-中壢",3,64,-61
"2363","8112至上","110/07/13","國泰-敦南",108,31,77
"2364","8112至上","110/07/13","元大-台中",2,59,-57
"2365","8112至上","110/07/13","第一金-華江",77,4,73
"2366","8112至上","110/07/13","元大-雙和",7,64,-57
"2367","8112至上","110/07/13","永豐金-內湖",73,1,72
"2368","8112至上","110/07/13","元大-高雄",8,62,-54
"2369","8112至上","110/07/13","元大-永和",68,1,67
"2370","8112至上","110/07/13","元大-館前",2,55,-53
"2371","4903聯光通","110/07/13","台灣企銀-太平",56,0,56
"2372","4903聯光通","110/07/13","土銀",0,32,-32
"2373","4903聯光通","110/07/13","元富-新興",23,0,23
"2374","4903聯光通","110/07/13","元大-樹林",0,19,-19
"2375","4903聯光通","110/07/13","日盛-樹林",22,0,22
"2376","4903聯光通","110/07/13","凱基-士林",0,17,-17
"2377","4903聯光通","110/07/13","兆豐-天母",20,0,20
"2378","4903聯光通","110/07/13","國票-博愛",0,14,-14
"2379","4903聯光通","110/07/13","華南永昌-桃園",20,0,20
"2380","4903聯光通","110/07/13","元富",0,10,-10
"2381","4903聯光通","110/07/13","富邦-新店",10,0,10
"2382","4903聯光通","110/07/13","新光",0,10,-10
"2383","4903聯光通","110/07/13","新光-台中",5,0,5
"2384","4903聯光通","110/07/13","玉山-南京東路",0,10,-10
"2385","4903聯光通","110/07/13","華南永昌-台中",5,0,5
"2386","4903聯光通","110/07/13","富邦-陽明",0,10,-10
"2387","4903聯光通","110/07/13","元大-崇德",5,0,5
"2388","4903聯光通","110/07/13","元大-大甲",0,8,-8
"2389","4903聯光通","110/07/13","元大-草屯",5,0,5
"2390","4903聯光通","110/07/13","富邦-台中",0,7,-7
"2391","4903聯光通","110/07/13","元富-草屯",4,0,4
"2392","4903聯光通","110/07/13","凱基-中壢",0,6,-6
"2393","4903聯光通","110/07/13","元大-清水",4,0,4
"2394","4903聯光通","110/07/13","臺銀-民權",0,5,-5
"2395","4903聯光通","110/07/13","元大-東泰",4,0,4
"2396","4903聯光通","110/07/13","日盛-板橋",0,5,-5
"2397","4903聯光通","110/07/13","元大-佳里",2,0,2
"2398","4903聯光通","110/07/13","中國信託-忠孝",0,5,-5
"2399","4903聯光通","110/07/13","永豐金-板橋",2,0,2
"2400","4903聯光通","110/07/13","永豐金-鳳山",0,5,-5
"2401","2929淘帝","110/07/13","玉山-新竹",130,0,130
"2402","2929淘帝","110/07/13","美商高盛",0,177,-177
"2403","2929淘帝","110/07/13","臺銀-民權",60,0,60
"2404","2929淘帝","110/07/13","凱基-台北",6,80,-74
"2405","2929淘帝","110/07/13","新百王",31,0,31
"2406","2929淘帝","110/07/13","元富-大裕",0,49,-49
"2407","2929淘帝","110/07/13","日盛-園區",30,0,30
"2408","2929淘帝","110/07/13","國泰-館前",3,51,-48
"2409","2929淘帝","110/07/13","元大-南投",31,1,30
"2410","2929淘帝","110/07/13","凱基-中壢",0,41,-41
"2411","2929淘帝","110/07/13","兆豐-忠孝",28,0,28
"2412","2929淘帝","110/07/13","港商野村",21,55,-34
"2413","2929淘帝","110/07/13","元大-民生",28,0,28
"2414","2929淘帝","110/07/13","華南永昌-南京",2,34,-32
"2415","2929淘帝","110/07/13","合庫-高雄",27,0,27
"2416","2929淘帝","110/07/13","群益金鼎-土城",0,30,-30
"2417","2929淘帝","110/07/13","凱基-豐中",27,0,27
"2418","2929淘帝","110/07/13","富邦-南屯",0,22,-22
"2419","2929淘帝","110/07/13","新光",21,4,17
"2420","2929淘帝","110/07/13","第一金-豐原",0,20,-20
"2421","2929淘帝","110/07/13","元大-天母",17,0,17
"2422","2929淘帝","110/07/13","元大-屏南",6,26,-20
"2423","2929淘帝","110/07/13","永興",14,0,14
"2424","2929淘帝","110/07/13","永豐金-敦南",1,21,-20
"2425","2929淘帝","110/07/13","富邦-台北",12,0,12
"2426","2929淘帝","110/07/13","凱基-三重",2,21,-19
"2427","2929淘帝","110/07/13","元大-永和",12,0,12
"2428","2929淘帝","110/07/13","富邦-仁愛",7,25,-18
"2429","2929淘帝","110/07/13","國票-天祥",11,0,11
"2430","2929淘帝","110/07/13","元大-北投",0,16,-16
"2431","5410國眾","110/07/13","兆豐-城中",274,0,274
"2432","5410國眾","110/07/13","元富-嘉義",0,103,-103
"2433","5410國眾","110/07/13","新光",50,4,46
"2434","5410國眾","110/07/13","凱基-台北",0,50,-50
"2435","5410國眾","110/07/13","國泰-台中",26,0,26
"2436","5410國眾","110/07/13","瑞士信貸",0,31,-31
"2437","5410國眾","110/07/13","新加坡商瑞銀",22,0,22
"2438","5410國眾","110/07/13","台新-新莊",0,27,-27
"2439","5410國眾","110/07/13","光和-嘉義",20,0,20
"2440","5410國眾","110/07/13","元大-汐止",0,20,-20
"2441","5410國眾","110/07/13","凱基-竹北",17,0,17
"2442","5410國眾","110/07/13","亞東-新竹",0,17,-17
"2443","5410國眾","110/07/13","新光-桃園",15,0,15
"2444","5410國眾","110/07/13","元大-南勢角",0,13,-13
"2445","5410國眾","110/07/13","凱基-台東",14,0,14
"2446","5410國眾","110/07/13","台新-台南",0,12,-12
"2447","5410國眾","110/07/13","富邦-竹北",11,0,11
"2448","5410國眾","110/07/13","中國信託",0,11,-11
"2449","5410國眾","110/07/13","元富-同大",10,0,10
"2450","5410國眾","110/07/13","華南永昌",0,11,-11
"2451","5410國眾","110/07/13","國泰-敦南",24,15,9
"2452","5410國眾","110/07/13","臺銀-臺南",0,10,-10
"2453","5410國眾","110/07/13","日盛-內湖",7,0,7
"2454","5410國眾","110/07/13","台灣企銀-民雄",0,10,-10
"2455","5410國眾","110/07/13","台新-左楠",7,0,7
"2456","5410國眾","110/07/13","高橋",0,10,-10
"2457","5410國眾","110/07/13","元大-新盛",18,12,6
"2458","5410國眾","110/07/13","康和-嘉義",0,10,-10
"2459","5410國眾","110/07/13","統一",5,0,5
"2460","5410國眾","110/07/13","凱基-基隆",0,10,-10
"2461","2841台開","110/07/13","中國信託-高雄",251,50,201
"2462","2841台開","110/07/13","兆豐-公益",0,177,-177
"2463","2841台開","110/07/13","日盛證券",210,13,197
"2464","2841台開","110/07/13","日進",0,152,-152
"2465","2841台開","110/07/13","第一金-台中",55,0,55
"2466","2841台開","110/07/13","港商野村",0,109,-109
"2467","2841台開","110/07/13","國泰-板橋",46,0,46
"2468","2841台開","110/07/13","日盛-信義",0,103,-103
"2469","2841台開","110/07/13","國泰-館前",48,3,45
"2470","2841台開","110/07/13","國泰-敦南",11,75,-64
"2471","2841台開","110/07/13","華南永昌-新莊",45,0,45
"2472","2841台開","110/07/13","永興",0,50,-50
"2473","2841台開","110/07/13","日盛-園區",42,0,42
"2474","2841台開","110/07/13","永豐金-敦南",61,104,-43
"2475","2841台開","110/07/13","台新證券",32,0,32
"2476","2841台開","110/07/13","富邦-台南",0,42,-42
"2477","2841台開","110/07/13","台新-高雄",32,2,30
"2478","2841台開","110/07/13","國票-安和",0,30,-30
"2479","2841台開","110/07/13","豐農",23,0,23
"2480","2841台開","110/07/13","元大-桃園",0,25,-25
"2481","2841台開","110/07/13","合庫-嘉義",20,0,20
"2482","2841台開","110/07/13","新光",8,32,-24
"2483","2841台開","110/07/13","華南永昌-高雄",20,0,20
"2484","2841台開","110/07/13","元大-仁愛",0,24,-24
"2485","2841台開","110/07/13","元大-樹林",16,0,16
"2486","2841台開","110/07/13","日盛-中和",0,20,-20
"2487","2841台開","110/07/13","第一金-華江",15,2,13
"2488","2841台開","110/07/13","元富",0,20,-20
"2489","2841台開","110/07/13","美商高盛",12,0,12
"2490","2841台開","110/07/13","富邦-宜蘭",0,20,-20
"2491","6207雷科","110/07/13","元大-高雄",121,0,121
"2492","6207雷科","110/07/13","華南永昌-朴子",1,60,-59
"2493","6207雷科","110/07/13","第一金-新興",20,0,20
"2494","6207雷科","110/07/13","元大-南海",0,36,-36
"2495","6207雷科","110/07/13","元富-三重",20,0,20
"2496","6207雷科","110/07/13","凱基-土城",0,35,-35
"2497","6207雷科","110/07/13","元大-林園",15,0,15
"2498","6207雷科","110/07/13","台灣企銀",0,20,-20
"2499","6207雷科","110/07/13","元大-金華",16,1,15
"2500","6207雷科","110/07/13","群益金鼎-丹鳳",0,20,-20
"2501","6207雷科","110/07/13","日盛證券",10,0,10
"2502","6207雷科","110/07/13","元大-博愛",0,17,-17
"2503","6207雷科","110/07/13","統一-台中",10,0,10
"2504","6207雷科","110/07/13","元大-北港",0,13,-13
"2505","6207雷科","110/07/13","群益金鼎-土城",10,0,10
"2506","6207雷科","110/07/13","新加坡商瑞銀",0,12,-12
"2507","6207雷科","110/07/13","群益金鼎-桃園",10,0,10
"2508","6207雷科","110/07/13","凱基-台北",4,16,-12
"2509","6207雷科","110/07/13","永豐金-新莊",10,0,10
"2510","6207雷科","110/07/13","日茂-埔里",0,11,-11
"2511","6207雷科","110/07/13","永豐金-新店",10,0,10
"2512","6207雷科","110/07/13","元大-莒光",0,11,-11
"2513","6207雷科","110/07/13","元大證券",9,0,9
"2514","6207雷科","110/07/13","統一-新竹",0,10,-10
"2515","6207雷科","110/07/13","日盛-木柵",9,1,8
"2516","6207雷科","110/07/13","元大-西螺",0,10,-10
"2517","6207雷科","110/07/13","兆豐-來福",8,0,8
"2518","6207雷科","110/07/13","康和-台中",0,8,-8
"2519","6207雷科","110/07/13","新光",7,0,7
"2520","6207雷科","110/07/13","兆豐-高雄",0,6,-6
"2521","3679新至陞","110/07/13","永豐金證券",50,0,50
"2522","3679新至陞","110/07/13","摩根大通",2,25,-23
"2523","3679新至陞","110/07/13","國泰-桃園",22,0,22
"2524","3679新至陞","110/07/13","元大-成功",0,22,-22
"2525","3679新至陞","110/07/13","台中銀-員林",11,0,11
"2526","3679新至陞","110/07/13","富邦-板橋",1,19,-18
"2527","3679新至陞","110/07/13","元大-文心興安",8,0,8
"2528","3679新至陞","110/07/13","日盛-新莊",0,10,-10
"2529","3679新至陞","110/07/13","美商高盛",6,0,6
"2530","3679新至陞","110/07/13","台新-台中",0,10,-10
"2531","3679新至陞","110/07/13","台新-高雄",6,0,6
"2532","3679新至陞","110/07/13","永豐金-新竹",0,8,-8
"2533","3679新至陞","110/07/13","凱基-台北",18,12,6
"2534","3679新至陞","110/07/13","瑞士信貸",12,19,-7
"2535","3679新至陞","110/07/13","日盛-復興",5,0,5
"2536","3679新至陞","110/07/13","統一-南京",0,7,-7
"2537","3679新至陞","110/07/13","(牛牛牛)亞-鑫豐",4,0,4
"2538","3679新至陞","110/07/13","凱基-新莊",0,7,-7
"2539","3679新至陞","110/07/13","元富-大昌",3,0,3
"2540","3679新至陞","110/07/13","新加坡商瑞銀",0,6,-6
"2541","3679新至陞","110/07/13","富邦-台北",3,0,3
"2542","3679新至陞","110/07/13","合庫-自強",0,5,-5
"2543","3679新至陞","110/07/13","日盛-樹林",2,0,2
"2544","3679新至陞","110/07/13","富邦-桃園",0,5,-5
"2545","3679新至陞","110/07/13","宏遠-光隆",2,0,2
"2546","3679新至陞","110/07/13","永豐金-潮州",0,4,-4
"2547","3679新至陞","110/07/13","美林",3,1,2
"2548","3679新至陞","110/07/13","臺銀-臺南",0,3,-3
"2549","3679新至陞","110/07/13","第一金-中壢",2,0,2
"2550","3679新至陞","110/07/13","元大-六合",0,3,-3
"2551","2727王品","110/07/13","富邦-台北",43,3,40
"2552","2727王品","110/07/13","台灣摩根士丹利",15,97,-82
"2553","2727王品","110/07/13","元大-基隆孝二",40,0,40
"2554","2727王品","110/07/13","玉山-台南",5,57,-52
"2555","2727王品","110/07/13","國票-新莊",40,1,39
"2556","2727王品","110/07/13","新加坡商瑞銀",0,48,-48
"2557","2727王品","110/07/13","第一金-豐原",66,42,24
"2558","2727王品","110/07/13","凱基-台北",41,77,-36
"2559","2727王品","110/07/13","永豐金-大園",34,10,24
"2560","2727王品","110/07/13","永豐金-永康",0,22,-22
"2561","2727王品","110/07/13","元大-北屯",22,0,22
"2562","2727王品","110/07/13","統一-台中",2,22,-20
"2563","2727王品","110/07/13","元大-東蘆",26,7,19
"2564","2727王品","110/07/13","國泰-台中",21,39,-18
"2565","2727王品","110/07/13","永豐金-萬盛",13,1,12
"2566","2727王品","110/07/13","合庫-彰化",3,20,-17
"2567","2727王品","110/07/13","日盛-嘉義",11,0,11
"2568","2727王品","110/07/13","港商野村",13,30,-17
"2569","2727王品","110/07/13","日盛-八德",11,0,11
"2570","2727王品","110/07/13","元大-楊梅",1,16,-15
"2571","2727王品","110/07/13","統一-竹南",11,0,11
"2572","2727王品","110/07/13","凱基-高美館",2,15,-13
"2573","2727王品","110/07/13","日盛-士林",12,2,10
"2574","2727王品","110/07/13","美商高盛",2,14,-12
"2575","2727王品","110/07/13","統一-敦南",10,0,10
"2576","2727王品","110/07/13","統一-平鎮",1,13,-12
"2577","2727王品","110/07/13","中國信託",15,5,10
"2578","2727王品","110/07/13","兆豐-台中港",4,16,-12
"2579","2727王品","110/07/13","兆豐-竹北",13,3,10
"2580","2727王品","110/07/13","凱基-八德",1,13,-12
"2581","1570力肯","110/07/13","新光",115,11,104
"2582","1570力肯","110/07/13","元大-北三重",0,162,-162
"2583","1570力肯","110/07/13","群益金鼎-高雄",54,0,54
"2584","1570力肯","110/07/13","元大-大灣",0,25,-25
"2585","1570力肯","110/07/13","國票-新莊",22,0,22
"2586","1570力肯","110/07/13","永豐金-苓雅",0,22,-22
"2587","1570力肯","110/07/13","日盛-桃園",12,0,12
"2588","1570力肯","110/07/13","永豐金-永康",0,19,-19
"2589","1570力肯","110/07/13","元大-高雄",12,0,12
"2590","1570力肯","110/07/13","富邦-員林",0,15,-15
"2591","1570力肯","110/07/13","合庫-自強",11,0,11
"2592","1570力肯","110/07/13","凱基-台南",0,11,-11
"2593","1570力肯","110/07/13","摩根大通",26,15,11
"2594","1570力肯","110/07/13","日盛-竹北",0,10,-10
"2595","1570力肯","110/07/13","永豐金-中盛",11,0,11
"2596","1570力肯","110/07/13","國票-九鼎",0,10,-10
"2597","1570力肯","110/07/13","兆豐-台中港",10,0,10
"2598","1570力肯","110/07/13","凱基-桃園",0,10,-10
"2599","1570力肯","110/07/13","國泰-松江",9,0,9
"2600","1570力肯","110/07/13","凱基-新豐",0,10,-10
"2601","1570力肯","110/07/13","元大-新盛",9,0,9
"2602","1570力肯","110/07/13","元大-學甲",0,10,-10
"2603","1570力肯","110/07/13","元富-緯城",6,0,6
"2604","1570力肯","110/07/13","群益金鼎-東湖",1,10,-9
"2605","1570力肯","110/07/13","統一-三重",5,0,5
"2606","1570力肯","110/07/13","大昌",0,6,-6
"2607","1570力肯","110/07/13","元大-前金",5,0,5
"2608","1570力肯","110/07/13","元大-土城學府",0,6,-6
"2609","1570力肯","110/07/13","永豐金證券",5,0,5
"2610","1570力肯","110/07/13","統一",0,5,-5
"2611","6180橘子","110/07/13","摩根大通",119,0,119
"2612","6180橘子","110/07/13","元大-崇德",2,61,-59
"2613","6180橘子","110/07/13","美商高盛",96,0,96
"2614","6180橘子","110/07/13","康和-台中",0,51,-51
"2615","6180橘子","110/07/13","新加坡商瑞銀",86,7,79
"2616","6180橘子","110/07/13","康和-台北",0,50,-50
"2617","6180橘子","110/07/13","元大-和平",40,0,40
"2618","6180橘子","110/07/13","元富-潮州",0,40,-40
"2619","6180橘子","110/07/13","凱基-台北",83,47,36
"2620","6180橘子","110/07/13","日盛-永康",0,26,-26
"2621","6180橘子","110/07/13","美林",39,5,34
"2622","6180橘子","110/07/13","永豐金-中正",0,24,-24
"2623","6180橘子","110/07/13","富邦-新竹華信",31,2,29
"2624","6180橘子","110/07/13","國泰-板橋",2,25,-23
"2625","6180橘子","110/07/13","統一-南京",21,0,21
"2626","6180橘子","110/07/13","日盛-大墩",0,20,-20
"2627","6180橘子","110/07/13","富邦-陽明",24,3,21
"2628","6180橘子","110/07/13","元大-草屯",13,32,-19
"2629","6180橘子","110/07/13","大昌-樹林",21,1,20
"2630","6180橘子","110/07/13","元富-林園",1,18,-17
"2631","6180橘子","110/07/13","花旗環球",19,0,19
"2632","6180橘子","110/07/13","新光-新竹",1,18,-17
"2633","6180橘子","110/07/13","華南永昌-台南",19,0,19
"2634","6180橘子","110/07/13","元大-土城永寧",0,17,-17
"2635","6180橘子","110/07/13","福勝",14,0,14
"2636","6180橘子","110/07/13","國泰-新莊",3,19,-16
"2637","6180橘子","110/07/13","富邦-嘉義",12,1,11
"2638","6180橘子","110/07/13","中國信託-永康",6,21,-15
"2639","6180橘子","110/07/13","元大-板橋三民",11,0,11
"2640","6180橘子","110/07/13","凱基-東港",1,15,-14
"2641","2390云辰","110/07/13","新加坡商瑞銀",562,75,487
"2642","2390云辰","110/07/13","大展-台南",0,532,-532
"2643","2390云辰","110/07/13","台灣摩根士丹利",330,155,175
"2644","2390云辰","110/07/13","凱基-台北",668,854,-186
"2645","2390云辰","110/07/13","兆豐-公益",126,25,101
"2646","2390云辰","110/07/13","凱基-三重",12,172,-160
"2647","2390云辰","110/07/13","元富-中港",100,2,98
"2648","2390云辰","110/07/13","兆豐-忠孝",4,161,-157
"2649","2390云辰","110/07/13","統一-新台中",106,9,97
"2650","2390云辰","110/07/13","元大-士林",19,170,-151
"2651","2390云辰","110/07/13","中國信託-松江",81,11,70
"2652","2390云辰","110/07/13","臺銀-新竹",14,117,-103
"2653","2390云辰","110/07/13","日盛-板橋",72,3,69
"2654","2390云辰","110/07/13","國票-台中",4,102,-98
"2655","2390云辰","110/07/13","日盛-和美",57,0,57
"2656","2390云辰","110/07/13","新光",147,232,-85
"2657","2390云辰","110/07/13","永豐金-桃園",88,36,52
"2658","2390云辰","110/07/13","致和-崇德",2,70,-68
"2659","2390云辰","110/07/13","玉山-士林",54,4,50
"2660","2390云辰","110/07/13","群益金鼎-屏東",2,70,-68
"2661","2390云辰","110/07/13","富邦-仁愛",56,6,50
"2662","2390云辰","110/07/13","元大-大里",35,98,-63
"2663","2390云辰","110/07/13","第一金-豐原",50,1,49
"2664","2390云辰","110/07/13","元大-萬華",35,94,-59
"2665","2390云辰","110/07/13","摩根大通",502,453,49
"2666","2390云辰","110/07/13","元富-吉利",2,60,-58
"2667","2390云辰","110/07/13","凱基-松山",61,13,48
"2668","2390云辰","110/07/13","兆豐-新竹",3,53,-50
"2669","2390云辰","110/07/13","大昌",64,22,42
"2670","2390云辰","110/07/13","富邦-嘉義",65,108,-43
"2671","2363矽統","110/07/13","凱基-南崁",2133,63,2070
"2672","2363矽統","110/07/13","凱基-幸福",36,4048,-4012
"2673","2363矽統","110/07/13","國泰-敦南",2195,1617,578
"2674","2363矽統","110/07/13","統一",192,3325,-3133
"2675","2363矽統","110/07/13","中農",670,139,531
"2676","2363矽統","110/07/13","新加坡商瑞銀",1000,2747,-1747
"2677","2363矽統","110/07/13","康和-台中",638,154,484
"2678","2363矽統","110/07/13","凱基-台北",5359,6609,-1250
"2679","2363矽統","110/07/13","群益金鼎-三民",577,137,440
"2680","2363矽統","110/07/13","摩根大通",1930,2858,-928
"2681","2363矽統","110/07/13","台新-屏東",510,88,422
"2682","2363矽統","110/07/13","港商野村",960,1679,-719
"2683","2363矽統","110/07/13","德信-中正",455,67,388
"2684","2363矽統","110/07/13","兆豐-復興",25,705,-680
"2685","2363矽統","110/07/13","日盛-竹北",365,70,295
"2686","2363矽統","110/07/13","統一-仁愛",114,755,-641
"2687","2363矽統","110/07/13","元大-佳里",452,189,263
"2688","2363矽統","110/07/13","統一-敦南",29,638,-609
"2689","2363矽統","110/07/13","國票-博愛",296,38,258
"2690","2363矽統","110/07/13","統一-土城",100,704,-604
"2691","2363矽統","110/07/13","元大-萬華",340,95,245
"2692","2363矽統","110/07/13","統一-城中",116,676,-560
"2693","2363矽統","110/07/13","新光",1259,1031,228
"2694","2363矽統","110/07/13","永豐金證券",306,859,-553
"2695","2363矽統","110/07/13","元富-成功",323,96,227
"2696","2363矽統","110/07/13","元富",54,567,-513
"2697","2363矽統","110/07/13","豐農",228,23,205
"2698","2363矽統","110/07/13","瑞士信貸",202,666,-464
"2699","2363矽統","110/07/13","台灣企銀-岡山",186,4,182
"2700","2363矽統","110/07/13","永豐金-嘉義",67,468,-401
"2701","8112至上","110/07/13","摩根大通",688,296,392
"2702","8112至上","110/07/13","國票-中和",0,401,-401
"2703","8112至上","110/07/13","港商野村",344,145,199
"2704","8112至上","110/07/13","永豐金-板盛",0,205,-205
"2705","8112至上","110/07/13","兆豐-公益",195,5,190
"2706","8112至上","110/07/13","凱基-五股",43,155,-112
"2707","8112至上","110/07/13","台灣摩根士丹利",183,0,183
"2708","8112至上","110/07/13","凱基-市政",0,100,-100
"2709","8112至上","110/07/13","群益金鼎-敦南",153,2,151
"2710","8112至上","110/07/13","元大-大里德芳",1,92,-91
"2711","8112至上","110/07/13","臺銀-金山",146,26,120
"2712","8112至上","110/07/13","玉山-桃園",26,110,-84
"2713","8112至上","110/07/13","臺銀",133,19,114
"2714","8112至上","110/07/13","兆豐-天母",0,81,-81
"2715","8112至上","110/07/13","合庫-台中",115,6,109
"2716","8112至上","110/07/13","凱基-城中",3,84,-81
"2717","8112至上","110/07/13","亞東-板橋",134,26,108
"2718","8112至上","110/07/13","日盛-新莊",9,85,-76
"2719","8112至上","110/07/13","凱基-台北",414,326,88
"2720","8112至上","110/07/13","日盛-台中",2,64,-62
"2721","8112至上","110/07/13","新加坡商瑞銀",181,100,81
"2722","8112至上","110/07/13","日盛-中壢",3,64,-61
"2723","8112至上","110/07/13","國泰-敦南",108,31,77
"2724","8112至上","110/07/13","元大-台中",2,59,-57
"2725","8112至上","110/07/13","第一金-華江",77,4,73
"2726","8112至上","110/07/13","元大-雙和",7,64,-57
"2727","8112至上","110/07/13","永豐金-內湖",73,1,72
"2728","8112至上","110/07/13","元大-高雄",8,62,-54
"2729","8112至上","110/07/13","元大-永和",68,1,67
"2730","8112至上","110/07/13","元大-館前",2,55,-53
"2731","4903聯光通","110/07/13","台灣企銀-太平",56,0,56
"2732","4903聯光通","110/07/13","土銀",0,32,-32
"2733","4903聯光通","110/07/13","元富-新興",23,0,23
"2734","4903聯光通","110/07/13","元大-樹林",0,19,-19
"2735","4903聯光通","110/07/13","日盛-樹林",22,0,22
"2736","4903聯光通","110/07/13","凱基-士林",0,17,-17
"2737","4903聯光通","110/07/13","兆豐-天母",20,0,20
"2738","4903聯光通","110/07/13","國票-博愛",0,14,-14
"2739","4903聯光通","110/07/13","華南永昌-桃園",20,0,20
"2740","4903聯光通","110/07/13","元富",0,10,-10
"2741","4903聯光通","110/07/13","富邦-新店",10,0,10
"2742","4903聯光通","110/07/13","新光",0,10,-10
"2743","4903聯光通","110/07/13","新光-台中",5,0,5
"2744","4903聯光通","110/07/13","玉山-南京東路",0,10,-10
"2745","4903聯光通","110/07/13","華南永昌-台中",5,0,5
"2746","4903聯光通","110/07/13","富邦-陽明",0,10,-10
"2747","4903聯光通","110/07/13","元大-崇德",5,0,5
"2748","4903聯光通","110/07/13","元大-大甲",0,8,-8
"2749","4903聯光通","110/07/13","元大-草屯",5,0,5
"2750","4903聯光通","110/07/13","富邦-台中",0,7,-7
"2751","4903聯光通","110/07/13","元富-草屯",4,0,4
"2752","4903聯光通","110/07/13","凱基-中壢",0,6,-6
"2753","4903聯光通","110/07/13","元大-清水",4,0,4
"2754","4903聯光通","110/07/13","臺銀-民權",0,5,-5
"2755","4903聯光通","110/07/13","元大-東泰",4,0,4
"2756","4903聯光通","110/07/13","日盛-板橋",0,5,-5
"2757","4903聯光通","110/07/13","元大-佳里",2,0,2
"2758","4903聯光通","110/07/13","中國信託-忠孝",0,5,-5
"2759","4903聯光通","110/07/13","永豐金-板橋",2,0,2
"2760","4903聯光通","110/07/13","永豐金-鳳山",0,5,-5
"2761","2929淘帝","110/07/13","玉山-新竹",130,0,130
"2762","2929淘帝","110/07/13","美商高盛",0,177,-177
"2763","2929淘帝","110/07/13","臺銀-民權",60,0,60
"2764","2929淘帝","110/07/13","凱基-台北",6,80,-74
"2765","2929淘帝","110/07/13","新百王",31,0,31
"2766","2929淘帝","110/07/13","元富-大裕",0,49,-49
"2767","2929淘帝","110/07/13","日盛-園區",30,0,30
"2768","2929淘帝","110/07/13","國泰-館前",3,51,-48
"2769","2929淘帝","110/07/13","元大-南投",31,1,30
"2770","2929淘帝","110/07/13","凱基-中壢",0,41,-41
"2771","2929淘帝","110/07/13","兆豐-忠孝",28,0,28
"2772","2929淘帝","110/07/13","港商野村",21,55,-34
"2773","2929淘帝","110/07/13","元大-民生",28,0,28
"2774","2929淘帝","110/07/13","華南永昌-南京",2,34,-32
"2775","2929淘帝","110/07/13","合庫-高雄",27,0,27
"2776","2929淘帝","110/07/13","群益金鼎-土城",0,30,-30
"2777","2929淘帝","110/07/13","凱基-豐中",27,0,27
"2778","2929淘帝","110/07/13","富邦-南屯",0,22,-22
"2779","2929淘帝","110/07/13","新光",21,4,17
"2780","2929淘帝","110/07/13","第一金-豐原",0,20,-20
"2781","2929淘帝","110/07/13","元大-天母",17,0,17
"2782","2929淘帝","110/07/13","元大-屏南",6,26,-20
"2783","2929淘帝","110/07/13","永興",14,0,14
"2784","2929淘帝","110/07/13","永豐金-敦南",1,21,-20
"2785","2929淘帝","110/07/13","富邦-台北",12,0,12
"2786","2929淘帝","110/07/13","凱基-三重",2,21,-19
"2787","2929淘帝","110/07/13","元大-永和",12,0,12
"2788","2929淘帝","110/07/13","富邦-仁愛",7,25,-18
"2789","2929淘帝","110/07/13","國票-天祥",11,0,11
"2790","2929淘帝","110/07/13","元大-北投",0,16,-16
"2791","5410國眾","110/07/13","兆豐-城中",274,0,274
"2792","5410國眾","110/07/13","元富-嘉義",0,103,-103
"2793","5410國眾","110/07/13","新光",50,4,46
"2794","5410國眾","110/07/13","凱基-台北",0,50,-50
"2795","5410國眾","110/07/13","國泰-台中",26,0,26
"2796","5410國眾","110/07/13","瑞士信貸",0,31,-31
"2797","5410國眾","110/07/13","新加坡商瑞銀",22,0,22
"2798","5410國眾","110/07/13","台新-新莊",0,27,-27
"2799","5410國眾","110/07/13","光和-嘉義",20,0,20
"2800","5410國眾","110/07/13","元大-汐止",0,20,-20
"2801","5410國眾","110/07/13","凱基-竹北",17,0,17
"2802","5410國眾","110/07/13","亞東-新竹",0,17,-17
"2803","5410國眾","110/07/13","新光-桃園",15,0,15
"2804","5410國眾","110/07/13","元大-南勢角",0,13,-13
"2805","5410國眾","110/07/13","凱基-台東",14,0,14
"2806","5410國眾","110/07/13","台新-台南",0,12,-12
"2807","5410國眾","110/07/13","富邦-竹北",11,0,11
"2808","5410國眾","110/07/13","中國信託",0,11,-11
"2809","5410國眾","110/07/13","元富-同大",10,0,10
"2810","5410國眾","110/07/13","華南永昌",0,11,-11
"2811","5410國眾","110/07/13","國泰-敦南",24,15,9
"2812","5410國眾","110/07/13","臺銀-臺南",0,10,-10
"2813","5410國眾","110/07/13","日盛-內湖",7,0,7
"2814","5410國眾","110/07/13","台灣企銀-民雄",0,10,-10
"2815","5410國眾","110/07/13","台新-左楠",7,0,7
"2816","5410國眾","110/07/13","高橋",0,10,-10
"2817","5410國眾","110/07/13","元大-新盛",18,12,6
"2818","5410國眾","110/07/13","康和-嘉義",0,10,-10
"2819","5410國眾","110/07/13","統一",5,0,5
"2820","5410國眾","110/07/13","凱基-基隆",0,10,-10
"2821","2841台開","110/07/13","中國信託-高雄",251,50,201
"2822","2841台開","110/07/13","兆豐-公益",0,177,-177
"2823","2841台開","110/07/13","日盛證券",210,13,197
"2824","2841台開","110/07/13","日進",0,152,-152
"2825","2841台開","110/07/13","第一金-台中",55,0,55
"2826","2841台開","110/07/13","港商野村",0,109,-109
"2827","2841台開","110/07/13","國泰-板橋",46,0,46
"2828","2841台開","110/07/13","日盛-信義",0,103,-103
"2829","2841台開","110/07/13","國泰-館前",48,3,45
"2830","2841台開","110/07/13","國泰-敦南",11,75,-64
"2831","2841台開","110/07/13","華南永昌-新莊",45,0,45
"2832","2841台開","110/07/13","永興",0,50,-50
"2833","2841台開","110/07/13","日盛-園區",42,0,42
"2834","2841台開","110/07/13","永豐金-敦南",61,104,-43
"2835","2841台開","110/07/13","台新證券",32,0,32
"2836","2841台開","110/07/13","富邦-台南",0,42,-42
"2837","2841台開","110/07/13","台新-高雄",32,2,30
"2838","2841台開","110/07/13","國票-安和",0,30,-30
"2839","2841台開","110/07/13","豐農",23,0,23
"2840","2841台開","110/07/13","元大-桃園",0,25,-25
"2841","2841台開","110/07/13","合庫-嘉義",20,0,20
"2842","2841台開","110/07/13","新光",8,32,-24
"2843","2841台開","110/07/13","華南永昌-高雄",20,0,20
"2844","2841台開","110/07/13","元大-仁愛",0,24,-24
"2845","2841台開","110/07/13","元大-樹林",16,0,16
"2846","2841台開","110/07/13","日盛-中和",0,20,-20
"2847","2841台開","110/07/13","第一金-華江",15,2,13
"2848","2841台開","110/07/13","元富",0,20,-20
"2849","2841台開","110/07/13","美商高盛",12,0,12
"2850","2841台開","110/07/13","富邦-宜蘭",0,20,-20
"2851","6207雷科","110/07/13","元大-高雄",121,0,121
"2852","6207雷科","110/07/13","華南永昌-朴子",1,60,-59
"2853","6207雷科","110/07/13","第一金-新興",20,0,20
"2854","6207雷科","110/07/13","元大-南海",0,36,-36
"2855","6207雷科","110/07/13","元富-三重",20,0,20
"2856","6207雷科","110/07/13","凱基-土城",0,35,-35
"2857","6207雷科","110/07/13","元大-林園",15,0,15
"2858","6207雷科","110/07/13","台灣企銀",0,20,-20
"2859","6207雷科","110/07/13","元大-金華",16,1,15
"2860","6207雷科","110/07/13","群益金鼎-丹鳳",0,20,-20
"2861","6207雷科","110/07/13","日盛證券",10,0,10
"2862","6207雷科","110/07/13","元大-博愛",0,17,-17
"2863","6207雷科","110/07/13","統一-台中",10,0,10
"2864","6207雷科","110/07/13","元大-北港",0,13,-13
"2865","6207雷科","110/07/13","群益金鼎-土城",10,0,10
"2866","6207雷科","110/07/13","新加坡商瑞銀",0,12,-12
"2867","6207雷科","110/07/13","群益金鼎-桃園",10,0,10
"2868","6207雷科","110/07/13","凱基-台北",4,16,-12
"2869","6207雷科","110/07/13","永豐金-新莊",10,0,10
"2870","6207雷科","110/07/13","日茂-埔里",0,11,-11
"2871","6207雷科","110/07/13","永豐金-新店",10,0,10
"2872","6207雷科","110/07/13","元大-莒光",0,11,-11
"2873","6207雷科","110/07/13","元大證券",9,0,9
"2874","6207雷科","110/07/13","統一-新竹",0,10,-10
"2875","6207雷科","110/07/13","日盛-木柵",9,1,8
"2876","6207雷科","110/07/13","元大-西螺",0,10,-10
"2877","6207雷科","110/07/13","兆豐-來福",8,0,8
"2878","6207雷科","110/07/13","康和-台中",0,8,-8
"2879","6207雷科","110/07/13","新光",7,0,7
"2880","6207雷科","110/07/13","兆豐-高雄",0,6,-6
"2881","3679新至陞","110/07/13","永豐金證券",50,0,50
"2882","3679新至陞","110/07/13","摩根大通",2,25,-23
"2883","3679新至陞","110/07/13","國泰-桃園",22,0,22
"2884","3679新至陞","110/07/13","元大-成功",0,22,-22
"2885","3679新至陞","110/07/13","台中銀-員林",11,0,11
"2886","3679新至陞","110/07/13","富邦-板橋",1,19,-18
"2887","3679新至陞","110/07/13","元大-文心興安",8,0,8
"2888","3679新至陞","110/07/13","日盛-新莊",0,10,-10
"2889","3679新至陞","110/07/13","美商高盛",6,0,6
"2890","3679新至陞","110/07/13","台新-台中",0,10,-10
"2891","3679新至陞","110/07/13","台新-高雄",6,0,6
"2892","3679新至陞","110/07/13","永豐金-新竹",0,8,-8
"2893","3679新至陞","110/07/13","凱基-台北",18,12,6
"2894","3679新至陞","110/07/13","瑞士信貸",12,19,-7
"2895","3679新至陞","110/07/13","日盛-復興",5,0,5
"2896","3679新至陞","110/07/13","統一-南京",0,7,-7
"2897","3679新至陞","110/07/13","(牛牛牛)亞-鑫豐",4,0,4
"2898","3679新至陞","110/07/13","凱基-新莊",0,7,-7
"2899","3679新至陞","110/07/13","元富-大昌",3,0,3
"2900","3679新至陞","110/07/13","新加坡商瑞銀",0,6,-6
"2901","3679新至陞","110/07/13","富邦-台北",3,0,3
"2902","3679新至陞","110/07/13","合庫-自強",0,5,-5
"2903","3679新至陞","110/07/13","日盛-樹林",2,0,2
"2904","3679新至陞","110/07/13","富邦-桃園",0,5,-5
"2905","3679新至陞","110/07/13","宏遠-光隆",2,0,2
"2906","3679新至陞","110/07/13","永豐金-潮州",0,4,-4
"2907","3679新至陞","110/07/13","美林",3,1,2
"2908","3679新至陞","110/07/13","臺銀-臺南",0,3,-3
"2909","3679新至陞","110/07/13","第一金-中壢",2,0,2
"2910","3679新至陞","110/07/13","元大-六合",0,3,-3
"2911","2727王品","110/07/13","富邦-台北",43,3,40
"2912","2727王品","110/07/13","台灣摩根士丹利",15,97,-82
"2913","2727王品","110/07/13","元大-基隆孝二",40,0,40
"2914","2727王品","110/07/13","玉山-台南",5,57,-52
"2915","2727王品","110/07/13","國票-新莊",40,1,39
"2916","2727王品","110/07/13","新加坡商瑞銀",0,48,-48
"2917","2727王品","110/07/13","第一金-豐原",66,42,24
"2918","2727王品","110/07/13","凱基-台北",41,77,-36
"2919","2727王品","110/07/13","永豐金-大園",34,10,24
"2920","2727王品","110/07/13","永豐金-永康",0,22,-22
"2921","2727王品","110/07/13","元大-北屯",22,0,22
"2922","2727王品","110/07/13","統一-台中",2,22,-20
"2923","2727王品","110/07/13","元大-東蘆",26,7,19
"2924","2727王品","110/07/13","國泰-台中",21,39,-18
"2925","2727王品","110/07/13","永豐金-萬盛",13,1,12
"2926","2727王品","110/07/13","合庫-彰化",3,20,-17
"2927","2727王品","110/07/13","日盛-嘉義",11,0,11
"2928","2727王品","110/07/13","港商野村",13,30,-17
"2929","2727王品","110/07/13","日盛-八德",11,0,11
"2930","2727王品","110/07/13","元大-楊梅",1,16,-15
"2931","2727王品","110/07/13","統一-竹南",11,0,11
"2932","2727王品","110/07/13","凱基-高美館",2,15,-13
"2933","2727王品","110/07/13","日盛-士林",12,2,10
"2934","2727王品","110/07/13","美商高盛",2,14,-12
"2935","2727王品","110/07/13","統一-敦南",10,0,10
"2936","2727王品","110/07/13","統一-平鎮",1,13,-12
"2937","2727王品","110/07/13","中國信託",15,5,10
"2938","2727王品","110/07/13","兆豐-台中港",4,16,-12
"2939","2727王品","110/07/13","兆豐-竹北",13,3,10
"2940","2727王品","110/07/13","凱基-八德",1,13,-12
"2941","1570力肯","110/07/13","新光",115,11,104
"2942","1570力肯","110/07/13","元大-北三重",0,162,-162
"2943","1570力肯","110/07/13","群益金鼎-高雄",54,0,54
"2944","1570力肯","110/07/13","元大-大灣",0,25,-25
"2945","1570力肯","110/07/13","國票-新莊",22,0,22
"2946","1570力肯","110/07/13","永豐金-苓雅",0,22,-22
"2947","1570力肯","110/07/13","日盛-桃園",12,0,12
"2948","1570力肯","110/07/13","永豐金-永康",0,19,-19
"2949","1570力肯","110/07/13","元大-高雄",12,0,12
"2950","1570力肯","110/07/13","富邦-員林",0,15,-15
"2951","1570力肯","110/07/13","合庫-自強",11,0,11
"2952","1570力肯","110/07/13","凱基-台南",0,11,-11
"2953","1570力肯","110/07/13","摩根大通",26,15,11
"2954","1570力肯","110/07/13","日盛-竹北",0,10,-10
"2955","1570力肯","110/07/13","永豐金-中盛",11,0,11
"2956","1570力肯","110/07/13","國票-九鼎",0,10,-10
"2957","1570力肯","110/07/13","兆豐-台中港",10,0,10
"2958","1570力肯","110/07/13","凱基-桃園",0,10,-10
"2959","1570力肯","110/07/13","國泰-松江",9,0,9
"2960","1570力肯","110/07/13","凱基-新豐",0,10,-10
"2961","1570力肯","110/07/13","元大-新盛",9,0,9
"2962","1570力肯","110/07/13","元大-學甲",0,10,-10
"2963","1570力肯","110/07/13","元富-緯城",6,0,6
"2964","1570力肯","110/07/13","群益金鼎-東湖",1,10,-9
"2965","1570力肯","110/07/13","統一-三重",5,0,5
"2966","1570力肯","110/07/13","大昌",0,6,-6
"2967","1570力肯","110/07/13","元大-前金",5,0,5
"2968","1570力肯","110/07/13","元大-土城學府",0,6,-6
"2969","1570力肯","110/07/13","永豐金證券",5,0,5
"2970","1570力肯","110/07/13","統一",0,5,-5
"2971","6180橘子","110/07/13","摩根大通",119,0,119
"2972","6180橘子","110/07/13","元大-崇德",2,61,-59
"2973","6180橘子","110/07/13","美商高盛",96,0,96
"2974","6180橘子","110/07/13","康和-台中",0,51,-51
"2975","6180橘子","110/07/13","新加坡商瑞銀",86,7,79
"2976","6180橘子","110/07/13","康和-台北",0,50,-50
"2977","6180橘子","110/07/13","元大-和平",40,0,40
"2978","6180橘子","110/07/13","元富-潮州",0,40,-40
"2979","6180橘子","110/07/13","凱基-台北",83,47,36
"2980","6180橘子","110/07/13","日盛-永康",0,26,-26
"2981","6180橘子","110/07/13","美林",39,5,34
"2982","6180橘子","110/07/13","永豐金-中正",0,24,-24
"2983","6180橘子","110/07/13","富邦-新竹華信",31,2,29
"2984","6180橘子","110/07/13","國泰-板橋",2,25,-23
"2985","6180橘子","110/07/13","統一-南京",21,0,21
"2986","6180橘子","110/07/13","日盛-大墩",0,20,-20
"2987","6180橘子","110/07/13","富邦-陽明",24,3,21
"2988","6180橘子","110/07/13","元大-草屯",13,32,-19
"2989","6180橘子","110/07/13","大昌-樹林",21,1,20
"2990","6180橘子","110/07/13","元富-林園",1,18,-17
"2991","6180橘子","110/07/13","花旗環球",19,0,19
"2992","6180橘子","110/07/13","新光-新竹",1,18,-17
"2993","6180橘子","110/07/13","華南永昌-台南",19,0,19
"2994","6180橘子","110/07/13","元大-土城永寧",0,17,-17
"2995","6180橘子","110/07/13","福勝",14,0,14
"2996","6180橘子","110/07/13","國泰-新莊",3,19,-16
"2997","6180橘子","110/07/13","富邦-嘉義",12,1,11
"2998","6180橘子","110/07/13","中國信託-永康",6,21,-15
"2999","6180橘子","110/07/13","元大-板橋三民",11,0,11
"3000","6180橘子","110/07/13","凱基-東港",1,15,-14
"3001","2390云辰","110/07/13","新加坡商瑞銀",562,75,487
"3002","2390云辰","110/07/13","大展-台南",0,532,-532
"3003","2390云辰","110/07/13","台灣摩根士丹利",330,155,175
"3004","2390云辰","110/07/13","凱基-台北",668,854,-186
"3005","2390云辰","110/07/13","兆豐-公益",126,25,101
"3006","2390云辰","110/07/13","凱基-三重",12,172,-160
"3007","2390云辰","110/07/13","元富-中港",100,2,98
"3008","2390云辰","110/07/13","兆豐-忠孝",4,161,-157
"3009","2390云辰","110/07/13","統一-新台中",106,9,97
"3010","2390云辰","110/07/13","元大-士林",19,170,-151
"3011","2390云辰","110/07/13","中國信託-松江",81,11,70
"3012","2390云辰","110/07/13","臺銀-新竹",14,117,-103
"3013","2390云辰","110/07/13","日盛-板橋",72,3,69
"3014","2390云辰","110/07/13","國票-台中",4,102,-98
"3015","2390云辰","110/07/13","日盛-和美",57,0,57
"3016","2390云辰","110/07/13","新光",147,232,-85
"3017","2390云辰","110/07/13","永豐金-桃園",88,36,52
"3018","2390云辰","110/07/13","致和-崇德",2,70,-68
"3019","2390云辰","110/07/13","玉山-士林",54,4,50
"3020","2390云辰","110/07/13","群益金鼎-屏東",2,70,-68
"3021","2390云辰","110/07/13","富邦-仁愛",56,6,50
"3022","2390云辰","110/07/13","元大-大里",35,98,-63
"3023","2390云辰","110/07/13","第一金-豐原",50,1,49
"3024","2390云辰","110/07/13","元大-萬華",35,94,-59
"3025","2390云辰","110/07/13","摩根大通",502,453,49
"3026","2390云辰","110/07/13","元富-吉利",2,60,-58
"3027","2390云辰","110/07/13","凱基-松山",61,13,48
"3028","2390云辰","110/07/13","兆豐-新竹",3,53,-50
"3029","2390云辰","110/07/13","大昌",64,22,42
"3030","2390云辰","110/07/13","富邦-嘉義",65,108,-43
"3031","2363矽統","110/07/13","凱基-南崁",2133,63,2070
"3032","2363矽統","110/07/13","凱基-幸福",36,4048,-4012
"3033","2363矽統","110/07/13","國泰-敦南",2195,1617,578
"3034","2363矽統","110/07/13","統一",192,3325,-3133
"3035","2363矽統","110/07/13","中農",670,139,531
"3036","2363矽統","110/07/13","新加坡商瑞銀",1000,2747,-1747
"3037","2363矽統","110/07/13","康和-台中",638,154,484
"3038","2363矽統","110/07/13","凱基-台北",5359,6609,-1250
"3039","2363矽統","110/07/13","群益金鼎-三民",577,137,440
"3040","2363矽統","110/07/13","摩根大通",1930,2858,-928
"3041","2363矽統","110/07/13","台新-屏東",510,88,422
"3042","2363矽統","110/07/13","港商野村",960,1679,-719
"3043","2363矽統","110/07/13","德信-中正",455,67,388
"3044","2363矽統","110/07/13","兆豐-復興",25,705,-680
"3045","2363矽統","110/07/13","日盛-竹北",365,70,295
"3046","2363矽統","110/07/13","統一-仁愛",114,755,-641
"3047","2363矽統","110/07/13","元大-佳里",452,189,263
"3048","2363矽統","110/07/13","統一-敦南",29,638,-609
"3049","2363矽統","110/07/13","國票-博愛",296,38,258
"3050","2363矽統","110/07/13","統一-土城",100,704,-604
"3051","2363矽統","110/07/13","元大-萬華",340,95,245
"3052","2363矽統","110/07/13","統一-城中",116,676,-560
"3053","2363矽統","110/07/13","新光",1259,1031,228
"3054","2363矽統","110/07/13","永豐金證券",306,859,-553
"3055","2363矽統","110/07/13","元富-成功",323,96,227
"3056","2363矽統","110/07/13","元富",54,567,-513
"3057","2363矽統","110/07/13","豐農",228,23,205
"3058","2363矽統","110/07/13","瑞士信貸",202,666,-464
"3059","2363矽統","110/07/13","台灣企銀-岡山",186,4,182
"3060","2363矽統","110/07/13","永豐金-嘉義",67,468,-401
"3061","8112至上","110/07/13","摩根大通",688,296,392
"3062","8112至上","110/07/13","國票-中和",0,401,-401
"3063","8112至上","110/07/13","港商野村",344,145,199
"3064","8112至上","110/07/13","永豐金-板盛",0,205,-205
"3065","8112至上","110/07/13","兆豐-公益",195,5,190
"3066","8112至上","110/07/13","凱基-五股",43,155,-112
"3067","8112至上","110/07/13","台灣摩根士丹利",183,0,183
"3068","8112至上","110/07/13","凱基-市政",0,100,-100
"3069","8112至上","110/07/13","群益金鼎-敦南",153,2,151
"3070","8112至上","110/07/13","元大-大里德芳",1,92,-91
"3071","8112至上","110/07/13","臺銀-金山",146,26,120
"3072","8112至上","110/07/13","玉山-桃園",26,110,-84
"3073","8112至上","110/07/13","臺銀",133,19,114
"3074","8112至上","110/07/13","兆豐-天母",0,81,-81
"3075","8112至上","110/07/13","合庫-台中",115,6,109
"3076","8112至上","110/07/13","凱基-城中",3,84,-81
"3077","8112至上","110/07/13","亞東-板橋",134,26,108
"3078","8112至上","110/07/13","日盛-新莊",9,85,-76
"3079","8112至上","110/07/13","凱基-台北",414,326,88
"3080","8112至上","110/07/13","日盛-台中",2,64,-62
"3081","8112至上","110/07/13","新加坡商瑞銀",181,100,81
"3082","8112至上","110/07/13","日盛-中壢",3,64,-61
"3083","8112至上","110/07/13","國泰-敦南",108,31,77
"3084","8112至上","110/07/13","元大-台中",2,59,-57
"3085","8112至上","110/07/13","第一金-華江",77,4,73
"3086","8112至上","110/07/13","元大-雙和",7,64,-57
"3087","8112至上","110/07/13","永豐金-內湖",73,1,72
"3088","8112至上","110/07/13","元大-高雄",8,62,-54
"3089","8112至上","110/07/13","元大-永和",68,1,67
"3090","8112至上","110/07/13","元大-館前",2,55,-53
"3091","4903聯光通","110/07/13","台灣企銀-太平",56,0,56
"3092","4903聯光通","110/07/13","土銀",0,32,-32
"3093","4903聯光通","110/07/13","元富-新興",23,0,23
"3094","4903聯光通","110/07/13","元大-樹林",0,19,-19
"3095","4903聯光通","110/07/13","日盛-樹林",22,0,22
"3096","4903聯光通","110/07/13","凱基-士林",0,17,-17
"3097","4903聯光通","110/07/13","兆豐-天母",20,0,20
"3098","4903聯光通","110/07/13","國票-博愛",0,14,-14
"3099","4903聯光通","110/07/13","華南永昌-桃園",20,0,20
"3100","4903聯光通","110/07/13","元富",0,10,-10
"3101","4903聯光通","110/07/13","富邦-新店",10,0,10
"3102","4903聯光通","110/07/13","新光",0,10,-10
"3103","4903聯光通","110/07/13","新光-台中",5,0,5
"3104","4903聯光通","110/07/13","玉山-南京東路",0,10,-10
"3105","4903聯光通","110/07/13","華南永昌-台中",5,0,5
"3106","4903聯光通","110/07/13","富邦-陽明",0,10,-10
"3107","4903聯光通","110/07/13","元大-崇德",5,0,5
"3108","4903聯光通","110/07/13","元大-大甲",0,8,-8
"3109","4903聯光通","110/07/13","元大-草屯",5,0,5
"3110","4903聯光通","110/07/13","富邦-台中",0,7,-7
"3111","4903聯光通","110/07/13","元富-草屯",4,0,4
"3112","4903聯光通","110/07/13","凱基-中壢",0,6,-6
"3113","4903聯光通","110/07/13","元大-清水",4,0,4
"3114","4903聯光通","110/07/13","臺銀-民權",0,5,-5
"3115","4903聯光通","110/07/13","元大-東泰",4,0,4
"3116","4903聯光通","110/07/13","日盛-板橋",0,5,-5
"3117","4903聯光通","110/07/13","元大-佳里",2,0,2
"3118","4903聯光通","110/07/13","中國信託-忠孝",0,5,-5
"3119","4903聯光通","110/07/13","永豐金-板橋",2,0,2
"3120","4903聯光通","110/07/13","永豐金-鳳山",0,5,-5
"3121","2929淘帝","110/07/13","玉山-新竹",130,0,130
"3122","2929淘帝","110/07/13","美商高盛",0,177,-177
"3123","2929淘帝","110/07/13","臺銀-民權",60,0,60
"3124","2929淘帝","110/07/13","凱基-台北",6,80,-74
"3125","2929淘帝","110/07/13","新百王",31,0,31
"3126","2929淘帝","110/07/13","元富-大裕",0,49,-49
"3127","2929淘帝","110/07/13","日盛-園區",30,0,30
"3128","2929淘帝","110/07/13","國泰-館前",3,51,-48
"3129","2929淘帝","110/07/13","元大-南投",31,1,30
"3130","2929淘帝","110/07/13","凱基-中壢",0,41,-41
"3131","2929淘帝","110/07/13","兆豐-忠孝",28,0,28
"3132","2929淘帝","110/07/13","港商野村",21,55,-34
"3133","2929淘帝","110/07/13","元大-民生",28,0,28
"3134","2929淘帝","110/07/13","華南永昌-南京",2,34,-32
"3135","2929淘帝","110/07/13","合庫-高雄",27,0,27
"3136","2929淘帝","110/07/13","群益金鼎-土城",0,30,-30
"3137","2929淘帝","110/07/13","凱基-豐中",27,0,27
"3138","2929淘帝","110/07/13","富邦-南屯",0,22,-22
"3139","2929淘帝","110/07/13","新光",21,4,17
"3140","2929淘帝","110/07/13","第一金-豐原",0,20,-20
"3141","2929淘帝","110/07/13","元大-天母",17,0,17
"3142","2929淘帝","110/07/13","元大-屏南",6,26,-20
"3143","2929淘帝","110/07/13","永興",14,0,14
"3144","2929淘帝","110/07/13","永豐金-敦南",1,21,-20
"3145","2929淘帝","110/07/13","富邦-台北",12,0,12
"3146","2929淘帝","110/07/13","凱基-三重",2,21,-19
"3147","2929淘帝","110/07/13","元大-永和",12,0,12
"3148","2929淘帝","110/07/13","富邦-仁愛",7,25,-18
"3149","2929淘帝","110/07/13","國票-天祥",11,0,11
"3150","2929淘帝","110/07/13","元大-北投",0,16,-16
"3151","5410國眾","110/07/13","兆豐-城中",274,0,274
"3152","5410國眾","110/07/13","元富-嘉義",0,103,-103
"3153","5410國眾","110/07/13","新光",50,4,46
"3154","5410國眾","110/07/13","凱基-台北",0,50,-50
"3155","5410國眾","110/07/13","國泰-台中",26,0,26
"3156","5410國眾","110/07/13","瑞士信貸",0,31,-31
"3157","5410國眾","110/07/13","新加坡商瑞銀",22,0,22
"3158","5410國眾","110/07/13","台新-新莊",0,27,-27
"3159","5410國眾","110/07/13","光和-嘉義",20,0,20
"3160","5410國眾","110/07/13","元大-汐止",0,20,-20
"3161","5410國眾","110/07/13","凱基-竹北",17,0,17
"3162","5410國眾","110/07/13","亞東-新竹",0,17,-17
"3163","5410國眾","110/07/13","新光-桃園",15,0,15
"3164","5410國眾","110/07/13","元大-南勢角",0,13,-13
"3165","5410國眾","110/07/13","凱基-台東",14,0,14
"3166","5410國眾","110/07/13","台新-台南",0,12,-12
"3167","5410國眾","110/07/13","富邦-竹北",11,0,11
"3168","5410國眾","110/07/13","中國信託",0,11,-11
"3169","5410國眾","110/07/13","元富-同大",10,0,10
"3170","5410國眾","110/07/13","華南永昌",0,11,-11
"3171","5410國眾","110/07/13","國泰-敦南",24,15,9
"3172","5410國眾","110/07/13","臺銀-臺南",0,10,-10
"3173","5410國眾","110/07/13","日盛-內湖",7,0,7
"3174","5410國眾","110/07/13","台灣企銀-民雄",0,10,-10
"3175","5410國眾","110/07/13","台新-左楠",7,0,7
"3176","5410國眾","110/07/13","高橋",0,10,-10
"3177","5410國眾","110/07/13","元大-新盛",18,12,6
"3178","5410國眾","110/07/13","康和-嘉義",0,10,-10
"3179","5410國眾","110/07/13","統一",5,0,5
"3180","5410國眾","110/07/13","凱基-基隆",0,10,-10
"3181","2841台開","110/07/13","中國信託-高雄",251,50,201
"3182","2841台開","110/07/13","兆豐-公益",0,177,-177
"3183","2841台開","110/07/13","日盛證券",210,13,197
"3184","2841台開","110/07/13","日進",0,152,-152
"3185","2841台開","110/07/13","第一金-台中",55,0,55
"3186","2841台開","110/07/13","港商野村",0,109,-109
"3187","2841台開","110/07/13","國泰-板橋",46,0,46
"3188","2841台開","110/07/13","日盛-信義",0,103,-103
"3189","2841台開","110/07/13","國泰-館前",48,3,45
"3190","2841台開","110/07/13","國泰-敦南",11,75,-64
"3191","2841台開","110/07/13","華南永昌-新莊",45,0,45
"3192","2841台開","110/07/13","永興",0,50,-50
"3193","2841台開","110/07/13","日盛-園區",42,0,42
"3194","2841台開","110/07/13","永豐金-敦南",61,104,-43
"3195","2841台開","110/07/13","台新證券",32,0,32
"3196","2841台開","110/07/13","富邦-台南",0,42,-42
"3197","2841台開","110/07/13","台新-高雄",32,2,30
"3198","2841台開","110/07/13","國票-安和",0,30,-30
"3199","2841台開","110/07/13","豐農",23,0,23
"3200","2841台開","110/07/13","元大-桃園",0,25,-25
"3201","2841台開","110/07/13","合庫-嘉義",20,0,20
"3202","2841台開","110/07/13","新光",8,32,-24
"3203","2841台開","110/07/13","華南永昌-高雄",20,0,20
"3204","2841台開","110/07/13","元大-仁愛",0,24,-24
"3205","2841台開","110/07/13","元大-樹林",16,0,16
"3206","2841台開","110/07/13","日盛-中和",0,20,-20
"3207","2841台開","110/07/13","第一金-華江",15,2,13
"3208","2841台開","110/07/13","元富",0,20,-20
"3209","2841台開","110/07/13","美商高盛",12,0,12
"3210","2841台開","110/07/13","富邦-宜蘭",0,20,-20
"3211","6207雷科","110/07/13","元大-高雄",121,0,121
"3212","6207雷科","110/07/13","華南永昌-朴子",1,60,-59
"3213","6207雷科","110/07/13","第一金-新興",20,0,20
"3214","6207雷科","110/07/13","元大-南海",0,36,-36
"3215","6207雷科","110/07/13","元富-三重",20,0,20
"3216","6207雷科","110/07/13","凱基-土城",0,35,-35
"3217","6207雷科","110/07/13","元大-林園",15,0,15
"3218","6207雷科","110/07/13","台灣企銀",0,20,-20
"3219","6207雷科","110/07/13","元大-金華",16,1,15
"3220","6207雷科","110/07/13","群益金鼎-丹鳳",0,20,-20
"3221","6207雷科","110/07/13","日盛證券",10,0,10
"3222","6207雷科","110/07/13","元大-博愛",0,17,-17
"3223","6207雷科","110/07/13","統一-台中",10,0,10
"3224","6207雷科","110/07/13","元大-北港",0,13,-13
"3225","6207雷科","110/07/13","群益金鼎-土城",10,0,10
"3226","6207雷科","110/07/13","新加坡商瑞銀",0,12,-12
"3227","6207雷科","110/07/13","群益金鼎-桃園",10,0,10
"3228","6207雷科","110/07/13","凱基-台北",4,16,-12
"3229","6207雷科","110/07/13","永豐金-新莊",10,0,10
"3230","6207雷科","110/07/13","日茂-埔里",0,11,-11
"3231","6207雷科","110/07/13","永豐金-新店",10,0,10
"3232","6207雷科","110/07/13","元大-莒光",0,11,-11
"3233","6207雷科","110/07/13","元大證券",9,0,9
"3234","6207雷科","110/07/13","統一-新竹",0,10,-10
"3235","6207雷科","110/07/13","日盛-木柵",9,1,8
"3236","6207雷科","110/07/13","元大-西螺",0,10,-10
"3237","6207雷科","110/07/13","兆豐-來福",8,0,8
"3238","6207雷科","110/07/13","康和-台中",0,8,-8
"3239","6207雷科","110/07/13","新光",7,0,7
"3240","6207雷科","110/07/13","兆豐-高雄",0,6,-6
"3241","3679新至陞","110/07/13","永豐金證券",50,0,50
"3242","3679新至陞","110/07/13","摩根大通",2,25,-23
"3243","3679新至陞","110/07/13","國泰-桃園",22,0,22
"3244","3679新至陞","110/07/13","元大-成功",0,22,-22
"3245","3679新至陞","110/07/13","台中銀-員林",11,0,11
"3246","3679新至陞","110/07/13","富邦-板橋",1,19,-18
"3247","3679新至陞","110/07/13","元大-文心興安",8,0,8
"3248","3679新至陞","110/07/13","日盛-新莊",0,10,-10
"3249","3679新至陞","110/07/13","美商高盛",6,0,6
"3250","3679新至陞","110/07/13","台新-台中",0,10,-10
"3251","3679新至陞","110/07/13","台新-高雄",6,0,6
"3252","3679新至陞","110/07/13","永豐金-新竹",0,8,-8
"3253","3679新至陞","110/07/13","凱基-台北",18,12,6
"3254","3679新至陞","110/07/13","瑞士信貸",12,19,-7
"3255","3679新至陞","110/07/13","日盛-復興",5,0,5
"3256","3679新至陞","110/07/13","統一-南京",0,7,-7
"3257","3679新至陞","110/07/13","(牛牛牛)亞-鑫豐",4,0,4
"3258","3679新至陞","110/07/13","凱基-新莊",0,7,-7
"3259","3679新至陞","110/07/13","元富-大昌",3,0,3
"3260","3679新至陞","110/07/13","新加坡商瑞銀",0,6,-6
"3261","3679新至陞","110/07/13","富邦-台北",3,0,3
"3262","3679新至陞","110/07/13","合庫-自強",0,5,-5
"3263","3679新至陞","110/07/13","日盛-樹林",2,0,2
"3264","3679新至陞","110/07/13","富邦-桃園",0,5,-5
"3265","3679新至陞","110/07/13","宏遠-光隆",2,0,2
"3266","3679新至陞","110/07/13","永豐金-潮州",0,4,-4
"3267","3679新至陞","110/07/13","美林",3,1,2
"3268","3679新至陞","110/07/13","臺銀-臺南",0,3,-3
"3269","3679新至陞","110/07/13","第一金-中壢",2,0,2
"3270","3679新至陞","110/07/13","元大-六合",0,3,-3
"3271","2727王品","110/07/13","富邦-台北",43,3,40
"3272","2727王品","110/07/13","台灣摩根士丹利",15,97,-82
"3273","2727王品","110/07/13","元大-基隆孝二",40,0,40
"3274","2727王品","110/07/13","玉山-台南",5,57,-52
"3275","2727王品","110/07/13","國票-新莊",40,1,39
"3276","2727王品","110/07/13","新加坡商瑞銀",0,48,-48
"3277","2727王品","110/07/13","第一金-豐原",66,42,24
"3278","2727王品","110/07/13","凱基-台北",41,77,-36
"3279","2727王品","110/07/13","永豐金-大園",34,10,24
"3280","2727王品","110/07/13","永豐金-永康",0,22,-22
"3281","2727王品","110/07/13","元大-北屯",22,0,22
"3282","2727王品","110/07/13","統一-台中",2,22,-20
"3283","2727王品","110/07/13","元大-東蘆",26,7,19
"3284","2727王品","110/07/13","國泰-台中",21,39,-18
"3285","2727王品","110/07/13","永豐金-萬盛",13,1,12
"3286","2727王品","110/07/13","合庫-彰化",3,20,-17
"3287","2727王品","110/07/13","日盛-嘉義",11,0,11
"3288","2727王品","110/07/13","港商野村",13,30,-17
"3289","2727王品","110/07/13","日盛-八德",11,0,11
"3290","2727王品","110/07/13","元大-楊梅",1,16,-15
"3291","2727王品","110/07/13","統一-竹南",11,0,11
"3292","2727王品","110/07/13","凱基-高美館",2,15,-13
"3293","2727王品","110/07/13","日盛-士林",12,2,10
"3294","2727王品","110/07/13","美商高盛",2,14,-12
"3295","2727王品","110/07/13","統一-敦南",10,0,10
"3296","2727王品","110/07/13","統一-平鎮",1,13,-12
"3297","2727王品","110/07/13","中國信託",15,5,10
"3298","2727王品","110/07/13","兆豐-台中港",4,16,-12
"3299","2727王品","110/07/13","兆豐-竹北",13,3,10
"3300","2727王品","110/07/13","凱基-八德",1,13,-12
"3301","1570力肯","110/07/13","新光",115,11,104
"3302","1570力肯","110/07/13","元大-北三重",0,162,-162
"3303","1570力肯","110/07/13","群益金鼎-高雄",54,0,54
"3304","1570力肯","110/07/13","元大-大灣",0,25,-25
"3305","1570力肯","110/07/13","國票-新莊",22,0,22
"3306","1570力肯","110/07/13","永豐金-苓雅",0,22,-22
"3307","1570力肯","110/07/13","日盛-桃園",12,0,12
"3308","1570力肯","110/07/13","永豐金-永康",0,19,-19
"3309","1570力肯","110/07/13","元大-高雄",12,0,12
"3310","1570力肯","110/07/13","富邦-員林",0,15,-15
"3311","1570力肯","110/07/13","合庫-自強",11,0,11
"3312","1570力肯","110/07/13","凱基-台南",0,11,-11
"3313","1570力肯","110/07/13","摩根大通",26,15,11
"3314","1570力肯","110/07/13","日盛-竹北",0,10,-10
"3315","1570力肯","110/07/13","永豐金-中盛",11,0,11
"3316","1570力肯","110/07/13","國票-九鼎",0,10,-10
"3317","1570力肯","110/07/13","兆豐-台中港",10,0,10
"3318","1570力肯","110/07/13","凱基-桃園",0,10,-10
"3319","1570力肯","110/07/13","國泰-松江",9,0,9
"3320","1570力肯","110/07/13","凱基-新豐",0,10,-10
"3321","1570力肯","110/07/13","元大-新盛",9,0,9
"3322","1570力肯","110/07/13","元大-學甲",0,10,-10
"3323","1570力肯","110/07/13","元富-緯城",6,0,6
"3324","1570力肯","110/07/13","群益金鼎-東湖",1,10,-9
"3325","1570力肯","110/07/13","統一-三重",5,0,5
"3326","1570力肯","110/07/13","大昌",0,6,-6
"3327","1570力肯","110/07/13","元大-前金",5,0,5
"3328","1570力肯","110/07/13","元大-土城學府",0,6,-6
"3329","1570力肯","110/07/13","永豐金證券",5,0,5
"3330","1570力肯","110/07/13","統一",0,5,-5
"3331","6180橘子","110/07/13","摩根大通",119,0,119
"3332","6180橘子","110/07/13","元大-崇德",2,61,-59
"3333","6180橘子","110/07/13","美商高盛",96,0,96
"3334","6180橘子","110/07/13","康和-台中",0,51,-51
"3335","6180橘子","110/07/13","新加坡商瑞銀",86,7,79
"3336","6180橘子","110/07/13","康和-台北",0,50,-50
"3337","6180橘子","110/07/13","元大-和平",40,0,40
"3338","6180橘子","110/07/13","元富-潮州",0,40,-40
"3339","6180橘子","110/07/13","凱基-台北",83,47,36
"3340","6180橘子","110/07/13","日盛-永康",0,26,-26
"3341","6180橘子","110/07/13","美林",39,5,34
"3342","6180橘子","110/07/13","永豐金-中正",0,24,-24
"3343","6180橘子","110/07/13","富邦-新竹華信",31,2,29
"3344","6180橘子","110/07/13","國泰-板橋",2,25,-23
"3345","6180橘子","110/07/13","統一-南京",21,0,21
"3346","6180橘子","110/07/13","日盛-大墩",0,20,-20
"3347","6180橘子","110/07/13","富邦-陽明",24,3,21
"3348","6180橘子","110/07/13","元大-草屯",13,32,-19
"3349","6180橘子","110/07/13","大昌-樹林",21,1,20
"3350","6180橘子","110/07/13","元富-林園",1,18,-17
"3351","6180橘子","110/07/13","花旗環球",19,0,19
"3352","6180橘子","110/07/13","新光-新竹",1,18,-17
"3353","6180橘子","110/07/13","華南永昌-台南",19,0,19
"3354","6180橘子","110/07/13","元大-土城永寧",0,17,-17
"3355","6180橘子","110/07/13","福勝",14,0,14
"3356","6180橘子","110/07/13","國泰-新莊",3,19,-16
"3357","6180橘子","110/07/13","富邦-嘉義",12,1,11
"3358","6180橘子","110/07/13","中國信託-永康",6,21,-15
"3359","6180橘子","110/07/13","元大-板橋三民",11,0,11
"3360","6180橘子","110/07/13","凱基-東港",1,15,-14
"3361","2390云辰","110/07/13","新加坡商瑞銀",562,75,487
"3362","2390云辰","110/07/13","大展-台南",0,532,-532
"3363","2390云辰","110/07/13","台灣摩根士丹利",330,155,175
"3364","2390云辰","110/07/13","凱基-台北",668,854,-186
"3365","2390云辰","110/07/13","兆豐-公益",126,25,101
"3366","2390云辰","110/07/13","凱基-三重",12,172,-160
"3367","2390云辰","110/07/13","元富-中港",100,2,98
"3368","2390云辰","110/07/13","兆豐-忠孝",4,161,-157
"3369","2390云辰","110/07/13","統一-新台中",106,9,97
"3370","2390云辰","110/07/13","元大-士林",19,170,-151
"3371","2390云辰","110/07/13","中國信託-松江",81,11,70
"3372","2390云辰","110/07/13","臺銀-新竹",14,117,-103
"3373","2390云辰","110/07/13","日盛-板橋",72,3,69
"3374","2390云辰","110/07/13","國票-台中",4,102,-98
"3375","2390云辰","110/07/13","日盛-和美",57,0,57
"3376","2390云辰","110/07/13","新光",147,232,-85
"3377","2390云辰","110/07/13","永豐金-桃園",88,36,52
"3378","2390云辰","110/07/13","致和-崇德",2,70,-68
"3379","2390云辰","110/07/13","玉山-士林",54,4,50
"3380","2390云辰","110/07/13","群益金鼎-屏東",2,70,-68
"3381","2390云辰","110/07/13","富邦-仁愛",56,6,50
"3382","2390云辰","110/07/13","元大-大里",35,98,-63
"3383","2390云辰","110/07/13","第一金-豐原",50,1,49
"3384","2390云辰","110/07/13","元大-萬華",35,94,-59
"3385","2390云辰","110/07/13","摩根大通",502,453,49
"3386","2390云辰","110/07/13","元富-吉利",2,60,-58
"3387","2390云辰","110/07/13","凱基-松山",61,13,48
"3388","2390云辰","110/07/13","兆豐-新竹",3,53,-50
"3389","2390云辰","110/07/13","大昌",64,22,42
"3390","2390云辰","110/07/13","富邦-嘉義",65,108,-43
"3391","2363矽統","110/07/13","凱基-南崁",2133,63,2070
"3392","2363矽統","110/07/13","凱基-幸福",36,4048,-4012
"3393","2363矽統","110/07/13","國泰-敦南",2195,1617,578
"3394","2363矽統","110/07/13","統一",192,3325,-3133
"3395","2363矽統","110/07/13","中農",670,139,531
"3396","2363矽統","110/07/13","新加坡商瑞銀",1000,2747,-1747
"3397","2363矽統","110/07/13","康和-台中",638,154,484
"3398","2363矽統","110/07/13","凱基-台北",5359,6609,-1250
"3399","2363矽統","110/07/13","群益金鼎-三民",577,137,440
"3400","2363矽統","110/07/13","摩根大通",1930,2858,-928
"3401","2363矽統","110/07/13","台新-屏東",510,88,422
"3402","2363矽統","110/07/13","港商野村",960,1679,-719
"3403","2363矽統","110/07/13","德信-中正",455,67,388
"3404","2363矽統","110/07/13","兆豐-復興",25,705,-680
"3405","2363矽統","110/07/13","日盛-竹北",365,70,295
"3406","2363矽統","110/07/13","統一-仁愛",114,755,-641
"3407","2363矽統","110/07/13","元大-佳里",452,189,263
"3408","2363矽統","110/07/13","統一-敦南",29,638,-609
"3409","2363矽統","110/07/13","國票-博愛",296,38,258
"3410","2363矽統","110/07/13","統一-土城",100,704,-604
"3411","2363矽統","110/07/13","元大-萬華",340,95,245
"3412","2363矽統","110/07/13","統一-城中",116,676,-560
"3413","2363矽統","110/07/13","新光",1259,1031,228
"3414","2363矽統","110/07/13","永豐金證券",306,859,-553
"3415","2363矽統","110/07/13","元富-成功",323,96,227
"3416","2363矽統","110/07/13","元富",54,567,-513
"3417","2363矽統","110/07/13","豐農",228,23,205
"3418","2363矽統","110/07/13","瑞士信貸",202,666,-464
"3419","2363矽統","110/07/13","台灣企銀-岡山",186,4,182
"3420","2363矽統","110/07/13","永豐金-嘉義",67,468,-401
"3421","8112至上","110/07/13","摩根大通",688,296,392
"3422","8112至上","110/07/13","國票-中和",0,401,-401
"3423","8112至上","110/07/13","港商野村",344,145,199
"3424","8112至上","110/07/13","永豐金-板盛",0,205,-205
"3425","8112至上","110/07/13","兆豐-公益",195,5,190
"3426","8112至上","110/07/13","凱基-五股",43,155,-112
"3427","8112至上","110/07/13","台灣摩根士丹利",183,0,183
"3428","8112至上","110/07/13","凱基-市政",0,100,-100
"3429","8112至上","110/07/13","群益金鼎-敦南",153,2,151
"3430","8112至上","110/07/13","元大-大里德芳",1,92,-91
"3431","8112至上","110/07/13","臺銀-金山",146,26,120
"3432","8112至上","110/07/13","玉山-桃園",26,110,-84
"3433","8112至上","110/07/13","臺銀",133,19,114
"3434","8112至上","110/07/13","兆豐-天母",0,81,-81
"3435","8112至上","110/07/13","合庫-台中",115,6,109
"3436","8112至上","110/07/13","凱基-城中",3,84,-81
"3437","8112至上","110/07/13","亞東-板橋",134,26,108
"3438","8112至上","110/07/13","日盛-新莊",9,85,-76
"3439","8112至上","110/07/13","凱基-台北",414,326,88
"3440","8112至上","110/07/13","日盛-台中",2,64,-62
"3441","8112至上","110/07/13","新加坡商瑞銀",181,100,81
"3442","8112至上","110/07/13","日盛-中壢",3,64,-61
"3443","8112至上","110/07/13","國泰-敦南",108,31,77
"3444","8112至上","110/07/13","元大-台中",2,59,-57
"3445","8112至上","110/07/13","第一金-華江",77,4,73
"3446","8112至上","110/07/13","元大-雙和",7,64,-57
"3447","8112至上","110/07/13","永豐金-內湖",73,1,72
"3448","8112至上","110/07/13","元大-高雄",8,62,-54
"3449","8112至上","110/07/13","元大-永和",68,1,67
"3450","8112至上","110/07/13","元大-館前",2,55,-53
"3451","4903聯光通","110/07/13","台灣企銀-太平",56,0,56
"3452","4903聯光通","110/07/13","土銀",0,32,-32
"3453","4903聯光通","110/07/13","元富-新興",23,0,23
"3454","4903聯光通","110/07/13","元大-樹林",0,19,-19
"3455","4903聯光通","110/07/13","日盛-樹林",22,0,22
"3456","4903聯光通","110/07/13","凱基-士林",0,17,-17
"3457","4903聯光通","110/07/13","兆豐-天母",20,0,20
"3458","4903聯光通","110/07/13","國票-博愛",0,14,-14
"3459","4903聯光通","110/07/13","華南永昌-桃園",20,0,20
"3460","4903聯光通","110/07/13","元富",0,10,-10
"3461","4903聯光通","110/07/13","富邦-新店",10,0,10
"3462","4903聯光通","110/07/13","新光",0,10,-10
"3463","4903聯光通","110/07/13","新光-台中",5,0,5
"3464","4903聯光通","110/07/13","玉山-南京東路",0,10,-10
"3465","4903聯光通","110/07/13","華南永昌-台中",5,0,5
"3466","4903聯光通","110/07/13","富邦-陽明",0,10,-10
"3467","4903聯光通","110/07/13","元大-崇德",5,0,5
"3468","4903聯光通","110/07/13","元大-大甲",0,8,-8
"3469","4903聯光通","110/07/13","元大-草屯",5,0,5
"3470","4903聯光通","110/07/13","富邦-台中",0,7,-7
"3471","4903聯光通","110/07/13","元富-草屯",4,0,4
"3472","4903聯光通","110/07/13","凱基-中壢",0,6,-6
"3473","4903聯光通","110/07/13","元大-清水",4,0,4
"3474","4903聯光通","110/07/13","臺銀-民權",0,5,-5
"3475","4903聯光通","110/07/13","元大-東泰",4,0,4
"3476","4903聯光通","110/07/13","日盛-板橋",0,5,-5
"3477","4903聯光通","110/07/13","元大-佳里",2,0,2
"3478","4903聯光通","110/07/13","中國信託-忠孝",0,5,-5
"3479","4903聯光通","110/07/13","永豐金-板橋",2,0,2
"3480","4903聯光通","110/07/13","永豐金-鳳山",0,5,-5
"3481","2929淘帝","110/07/13","玉山-新竹",130,0,130
"3482","2929淘帝","110/07/13","美商高盛",0,177,-177
"3483","2929淘帝","110/07/13","臺銀-民權",60,0,60
"3484","2929淘帝","110/07/13","凱基-台北",6,80,-74
"3485","2929淘帝","110/07/13","新百王",31,0,31
"3486","2929淘帝","110/07/13","元富-大裕",0,49,-49
"3487","2929淘帝","110/07/13","日盛-園區",30,0,30
"3488","2929淘帝","110/07/13","國泰-館前",3,51,-48
"3489","2929淘帝","110/07/13","元大-南投",31,1,30
"3490","2929淘帝","110/07/13","凱基-中壢",0,41,-41
"3491","2929淘帝","110/07/13","兆豐-忠孝",28,0,28
"3492","2929淘帝","110/07/13","港商野村",21,55,-34
"3493","2929淘帝","110/07/13","元大-民生",28,0,28
"3494","2929淘帝","110/07/13","華南永昌-南京",2,34,-32
"3495","2929淘帝","110/07/13","合庫-高雄",27,0,27
"3496","2929淘帝","110/07/13","群益金鼎-土城",0,30,-30
"3497","2929淘帝","110/07/13","凱基-豐中",27,0,27
"3498","2929淘帝","110/07/13","富邦-南屯",0,22,-22
"3499","2929淘帝","110/07/13","新光",21,4,17
"3500","2929淘帝","110/07/13","第一金-豐原",0,20,-20
"3501","2929淘帝","110/07/13","元大-天母",17,0,17
"3502","2929淘帝","110/07/13","元大-屏南",6,26,-20
"3503","2929淘帝","110/07/13","永興",14,0,14
"3504","2929淘帝","110/07/13","永豐金-敦南",1,21,-20
"3505","2929淘帝","110/07/13","富邦-台北",12,0,12
"3506","2929淘帝","110/07/13","凱基-三重",2,21,-19
"3507","2929淘帝","110/07/13","元大-永和",12,0,12
"3508","2929淘帝","110/07/13","富邦-仁愛",7,25,-18
"3509","2929淘帝","110/07/13","國票-天祥",11,0,11
"3510","2929淘帝","110/07/13","元大-北投",0,16,-16
"3511","5410國眾","110/07/13","兆豐-城中",274,0,274
"3512","5410國眾","110/07/13","元富-嘉義",0,103,-103
"3513","5410國眾","110/07/13","新光",50,4,46
"3514","5410國眾","110/07/13","凱基-台北",0,50,-50
"3515","5410國眾","110/07/13","國泰-台中",26,0,26
"3516","5410國眾","110/07/13","瑞士信貸",0,31,-31
"3517","5410國眾","110/07/13","新加坡商瑞銀",22,0,22
"3518","5410國眾","110/07/13","台新-新莊",0,27,-27
"3519","5410國眾","110/07/13","光和-嘉義",20,0,20
"3520","5410國眾","110/07/13","元大-汐止",0,20,-20
"3521","5410國眾","110/07/13","凱基-竹北",17,0,17
"3522","5410國眾","110/07/13","亞東-新竹",0,17,-17
"3523","5410國眾","110/07/13","新光-桃園",15,0,15
"3524","5410國眾","110/07/13","元大-南勢角",0,13,-13
"3525","5410國眾","110/07/13","凱基-台東",14,0,14
"3526","5410國眾","110/07/13","台新-台南",0,12,-12
"3527","5410國眾","110/07/13","富邦-竹北",11,0,11
"3528","5410國眾","110/07/13","中國信託",0,11,-11
"3529","5410國眾","110/07/13","元富-同大",10,0,10
"3530","5410國眾","110/07/13","華南永昌",0,11,-11
"3531","5410國眾","110/07/13","國泰-敦南",24,15,9
"3532","5410國眾","110/07/13","臺銀-臺南",0,10,-10
"3533","5410國眾","110/07/13","日盛-內湖",7,0,7
"3534","5410國眾","110/07/13","台灣企銀-民雄",0,10,-10
"3535","5410國眾","110/07/13","台新-左楠",7,0,7
"3536","5410國眾","110/07/13","高橋",0,10,-10
"3537","5410國眾","110/07/13","元大-新盛",18,12,6
"3538","5410國眾","110/07/13","康和-嘉義",0,10,-10
"3539","5410國眾","110/07/13","統一",5,0,5
"3540","5410國眾","110/07/13","凱基-基隆",0,10,-10
"3541","2841台開","110/07/13","中國信託-高雄",251,50,201
"3542","2841台開","110/07/13","兆豐-公益",0,177,-177
"3543","2841台開","110/07/13","日盛證券",210,13,197
"3544","2841台開","110/07/13","日進",0,152,-152
"3545","2841台開","110/07/13","第一金-台中",55,0,55
"3546","2841台開","110/07/13","港商野村",0,109,-109
"3547","2841台開","110/07/13","國泰-板橋",46,0,46
"3548","2841台開","110/07/13","日盛-信義",0,103,-103
"3549","2841台開","110/07/13","國泰-館前",48,3,45
"3550","2841台開","110/07/13","國泰-敦南",11,75,-64
"3551","2841台開","110/07/13","華南永昌-新莊",45,0,45
"3552","2841台開","110/07/13","永興",0,50,-50
"3553","2841台開","110/07/13","日盛-園區",42,0,42
"3554","2841台開","110/07/13","永豐金-敦南",61,104,-43
"3555","2841台開","110/07/13","台新證券",32,0,32
"3556","2841台開","110/07/13","富邦-台南",0,42,-42
"3557","2841台開","110/07/13","台新-高雄",32,2,30
"3558","2841台開","110/07/13","國票-安和",0,30,-30
"3559","2841台開","110/07/13","豐農",23,0,23
"3560","2841台開","110/07/13","元大-桃園",0,25,-25
"3561","2841台開","110/07/13","合庫-嘉義",20,0,20
"3562","2841台開","110/07/13","新光",8,32,-24
"3563","2841台開","110/07/13","華南永昌-高雄",20,0,20
"3564","2841台開","110/07/13","元大-仁愛",0,24,-24
"3565","2841台開","110/07/13","元大-樹林",16,0,16
"3566","2841台開","110/07/13","日盛-中和",0,20,-20
"3567","2841台開","110/07/13","第一金-華江",15,2,13
"3568","2841台開","110/07/13","元富",0,20,-20
"3569","2841台開","110/07/13","美商高盛",12,0,12
"3570","2841台開","110/07/13","富邦-宜蘭",0,20,-20
"3571","6207雷科","110/07/13","元大-高雄",121,0,121
"3572","6207雷科","110/07/13","華南永昌-朴子",1,60,-59
"3573","6207雷科","110/07/13","第一金-新興",20,0,20
"3574","6207雷科","110/07/13","元大-南海",0,36,-36
"3575","6207雷科","110/07/13","元富-三重",20,0,20
"3576","6207雷科","110/07/13","凱基-土城",0,35,-35
"3577","6207雷科","110/07/13","元大-林園",15,0,15
"3578","6207雷科","110/07/13","台灣企銀",0,20,-20
"3579","6207雷科","110/07/13","元大-金華",16,1,15
"3580","6207雷科","110/07/13","群益金鼎-丹鳳",0,20,-20
"3581","6207雷科","110/07/13","日盛證券",10,0,10
"3582","6207雷科","110/07/13","元大-博愛",0,17,-17
"3583","6207雷科","110/07/13","統一-台中",10,0,10
"3584","6207雷科","110/07/13","元大-北港",0,13,-13
"3585","6207雷科","110/07/13","群益金鼎-土城",10,0,10
"3586","6207雷科","110/07/13","新加坡商瑞銀",0,12,-12
"3587","6207雷科","110/07/13","群益金鼎-桃園",10,0,10
"3588","6207雷科","110/07/13","凱基-台北",4,16,-12
"3589","6207雷科","110/07/13","永豐金-新莊",10,0,10
"3590","6207雷科","110/07/13","日茂-埔里",0,11,-11
"3591","6207雷科","110/07/13","永豐金-新店",10,0,10
"3592","6207雷科","110/07/13","元大-莒光",0,11,-11
"3593","6207雷科","110/07/13","元大證券",9,0,9
"3594","6207雷科","110/07/13","統一-新竹",0,10,-10
"3595","6207雷科","110/07/13","日盛-木柵",9,1,8
"3596","6207雷科","110/07/13","元大-西螺",0,10,-10
"3597","6207雷科","110/07/13","兆豐-來福",8,0,8
"3598","6207雷科","110/07/13","康和-台中",0,8,-8
"3599","6207雷科","110/07/13","新光",7,0,7
"3600","6207雷科","110/07/13","兆豐-高雄",0,6,-6
"3601","3679新至陞","110/07/13","永豐金證券",50,0,50
"3602","3679新至陞","110/07/13","摩根大通",2,25,-23
"3603","3679新至陞","110/07/13","國泰-桃園",22,0,22
"3604","3679新至陞","110/07/13","元大-成功",0,22,-22
"3605","3679新至陞","110/07/13","台中銀-員林",11,0,11
"3606","3679新至陞","110/07/13","富邦-板橋",1,19,-18
"3607","3679新至陞","110/07/13","元大-文心興安",8,0,8
"3608","3679新至陞","110/07/13","日盛-新莊",0,10,-10
"3609","3679新至陞","110/07/13","美商高盛",6,0,6
"3610","3679新至陞","110/07/13","台新-台中",0,10,-10
"3611","3679新至陞","110/07/13","台新-高雄",6,0,6
"3612","3679新至陞","110/07/13","永豐金-新竹",0,8,-8
"3613","3679新至陞","110/07/13","凱基-台北",18,12,6
"3614","3679新至陞","110/07/13","瑞士信貸",12,19,-7
"3615","3679新至陞","110/07/13","日盛-復興",5,0,5
"3616","3679新至陞","110/07/13","統一-南京",0,7,-7
"3617","3679新至陞","110/07/13","(牛牛牛)亞-鑫豐",4,0,4
"3618","3679新至陞","110/07/13","凱基-新莊",0,7,-7
"3619","3679新至陞","110/07/13","元富-大昌",3,0,3
"3620","3679新至陞","110/07/13","新加坡商瑞銀",0,6,-6
"3621","3679新至陞","110/07/13","富邦-台北",3,0,3
"3622","3679新至陞","110/07/13","合庫-自強",0,5,-5
"3623","3679新至陞","110/07/13","日盛-樹林",2,0,2
"3624","3679新至陞","110/07/13","富邦-桃園",0,5,-5
"3625","3679新至陞","110/07/13","宏遠-光隆",2,0,2
"3626","3679新至陞","110/07/13","永豐金-潮州",0,4,-4
"3627","3679新至陞","110/07/13","美林",3,1,2
"3628","3679新至陞","110/07/13","臺銀-臺南",0,3,-3
"3629","3679新至陞","110/07/13","第一金-中壢",2,0,2
"3630","3679新至陞","110/07/13","元大-六合",0,3,-3
"3631","2727王品","110/07/13","富邦-台北",43,3,40
"3632","2727王品","110/07/13","台灣摩根士丹利",15,97,-82
"3633","2727王品","110/07/13","元大-基隆孝二",40,0,40
"3634","2727王品","110/07/13","玉山-台南",5,57,-52
"3635","2727王品","110/07/13","國票-新莊",40,1,39
"3636","2727王品","110/07/13","新加坡商瑞銀",0,48,-48
"3637","2727王品","110/07/13","第一金-豐原",66,42,24
"3638","2727王品","110/07/13","凱基-台北",41,77,-36
"3639","2727王品","110/07/13","永豐金-大園",34,10,24
"3640","2727王品","110/07/13","永豐金-永康",0,22,-22
"3641","2727王品","110/07/13","元大-北屯",22,0,22
"3642","2727王品","110/07/13","統一-台中",2,22,-20
"3643","2727王品","110/07/13","元大-東蘆",26,7,19
"3644","2727王品","110/07/13","國泰-台中",21,39,-18
"3645","2727王品","110/07/13","永豐金-萬盛",13,1,12
"3646","2727王品","110/07/13","合庫-彰化",3,20,-17
"3647","2727王品","110/07/13","日盛-嘉義",11,0,11
"3648","2727王品","110/07/13","港商野村",13,30,-17
"3649","2727王品","110/07/13","日盛-八德",11,0,11
"3650","2727王品","110/07/13","元大-楊梅",1,16,-15
"3651","2727王品","110/07/13","統一-竹南",11,0,11
"3652","2727王品","110/07/13","凱基-高美館",2,15,-13
"3653","2727王品","110/07/13","日盛-士林",12,2,10
"3654","2727王品","110/07/13","美商高盛",2,14,-12
"3655","2727王品","110/07/13","統一-敦南",10,0,10
"3656","2727王品","110/07/13","統一-平鎮",1,13,-12
"3657","2727王品","110/07/13","中國信託",15,5,10
"3658","2727王品","110/07/13","兆豐-台中港",4,16,-12
"3659","2727王品","110/07/13","兆豐-竹北",13,3,10
"3660","2727王品","110/07/13","凱基-八德",1,13,-12
"3661","1570力肯","110/07/13","新光",115,11,104
"3662","1570力肯","110/07/13","元大-北三重",0,162,-162
"3663","1570力肯","110/07/13","群益金鼎-高雄",54,0,54
"3664","1570力肯","110/07/13","元大-大灣",0,25,-25
"3665","1570力肯","110/07/13","國票-新莊",22,0,22
"3666","1570力肯","110/07/13","永豐金-苓雅",0,22,-22
"3667","1570力肯","110/07/13","日盛-桃園",12,0,12
"3668","1570力肯","110/07/13","永豐金-永康",0,19,-19
"3669","1570力肯","110/07/13","元大-高雄",12,0,12
"3670","1570力肯","110/07/13","富邦-員林",0,15,-15
"3671","1570力肯","110/07/13","合庫-自強",11,0,11
"3672","1570力肯","110/07/13","凱基-台南",0,11,-11
"3673","1570力肯","110/07/13","摩根大通",26,15,11
"3674","1570力肯","110/07/13","日盛-竹北",0,10,-10
"3675","1570力肯","110/07/13","永豐金-中盛",11,0,11
"3676","1570力肯","110/07/13","國票-九鼎",0,10,-10
"3677","1570力肯","110/07/13","兆豐-台中港",10,0,10
"3678","1570力肯","110/07/13","凱基-桃園",0,10,-10
"3679","1570力肯","110/07/13","國泰-松江",9,0,9
"3680","1570力肯","110/07/13","凱基-新豐",0,10,-10
"3681","1570力肯","110/07/13","元大-新盛",9,0,9
"3682","1570力肯","110/07/13","元大-學甲",0,10,-10
"3683","1570力肯","110/07/13","元富-緯城",6,0,6
"3684","1570力肯","110/07/13","群益金鼎-東湖",1,10,-9
"3685","1570力肯","110/07/13","統一-三重",5,0,5
"3686","1570力肯","110/07/13","大昌",0,6,-6
"3687","1570力肯","110/07/13","元大-前金",5,0,5
"3688","1570力肯","110/07/13","元大-土城學府",0,6,-6
"3689","1570力肯","110/07/13","永豐金證券",5,0,5
"3690","1570力肯","110/07/13","統一",0,5,-5
"3691","6180橘子","110/07/13","摩根大通",119,0,119
"3692","6180橘子","110/07/13","元大-崇德",2,61,-59
"3693","6180橘子","110/07/13","美商高盛",96,0,96
"3694","6180橘子","110/07/13","康和-台中",0,51,-51
"3695","6180橘子","110/07/13","新加坡商瑞銀",86,7,79
"3696","6180橘子","110/07/13","康和-台北",0,50,-50
"3697","6180橘子","110/07/13","元大-和平",40,0,40
"3698","6180橘子","110/07/13","元富-潮州",0,40,-40
"3699","6180橘子","110/07/13","凱基-台北",83,47,36
"3700","6180橘子","110/07/13","日盛-永康",0,26,-26
"3701","6180橘子","110/07/13","美林",39,5,34
"3702","6180橘子","110/07/13","永豐金-中正",0,24,-24
"3703","6180橘子","110/07/13","富邦-新竹華信",31,2,29
"3704","6180橘子","110/07/13","國泰-板橋",2,25,-23
"3705","6180橘子","110/07/13","統一-南京",21,0,21
"3706","6180橘子","110/07/13","日盛-大墩",0,20,-20
"3707","6180橘子","110/07/13","富邦-陽明",24,3,21
"3708","6180橘子","110/07/13","元大-草屯",13,32,-19
"3709","6180橘子","110/07/13","大昌-樹林",21,1,20
"3710","6180橘子","110/07/13","元富-林園",1,18,-17
"3711","6180橘子","110/07/13","花旗環球",19,0,19
"3712","6180橘子","110/07/13","新光-新竹",1,18,-17
"3713","6180橘子","110/07/13","華南永昌-台南",19,0,19
"3714","6180橘子","110/07/13","元大-土城永寧",0,17,-17
"3715","6180橘子","110/07/13","福勝",14,0,14
"3716","6180橘子","110/07/13","國泰-新莊",3,19,-16
"3717","6180橘子","110/07/13","富邦-嘉義",12,1,11
"3718","6180橘子","110/07/13","中國信託-永康",6,21,-15
"3719","6180橘子","110/07/13","元大-板橋三民",11,0,11
"3720","6180橘子","110/07/13","凱基-東港",1,15,-14
"3721","2390云辰","110/07/13","新加坡商瑞銀",562,75,487
"3722","2390云辰","110/07/13","大展-台南",0,532,-532
"3723","2390云辰","110/07/13","台灣摩根士丹利",330,155,175
"3724","2390云辰","110/07/13","凱基-台北",668,854,-186
"3725","2390云辰","110/07/13","兆豐-公益",126,25,101
"3726","2390云辰","110/07/13","凱基-三重",12,172,-160
"3727","2390云辰","110/07/13","元富-中港",100,2,98
"3728","2390云辰","110/07/13","兆豐-忠孝",4,161,-157
"3729","2390云辰","110/07/13","統一-新台中",106,9,97
"3730","2390云辰","110/07/13","元大-士林",19,170,-151
"3731","2390云辰","110/07/13","中國信託-松江",81,11,70
"3732","2390云辰","110/07/13","臺銀-新竹",14,117,-103
"3733","2390云辰","110/07/13","日盛-板橋",72,3,69
"3734","2390云辰","110/07/13","國票-台中",4,102,-98
"3735","2390云辰","110/07/13","日盛-和美",57,0,57
"3736","2390云辰","110/07/13","新光",147,232,-85
"3737","2390云辰","110/07/13","永豐金-桃園",88,36,52
"3738","2390云辰","110/07/13","致和-崇德",2,70,-68
"3739","2390云辰","110/07/13","玉山-士林",54,4,50
"3740","2390云辰","110/07/13","群益金鼎-屏東",2,70,-68
"3741","2390云辰","110/07/13","富邦-仁愛",56,6,50
"3742","2390云辰","110/07/13","元大-大里",35,98,-63
"3743","2390云辰","110/07/13","第一金-豐原",50,1,49
"3744","2390云辰","110/07/13","元大-萬華",35,94,-59
"3745","2390云辰","110/07/13","摩根大通",502,453,49
"3746","2390云辰","110/07/13","元富-吉利",2,60,-58
"3747","2390云辰","110/07/13","凱基-松山",61,13,48
"3748","2390云辰","110/07/13","兆豐-新竹",3,53,-50
"3749","2390云辰","110/07/13","大昌",64,22,42
"3750","2390云辰","110/07/13","富邦-嘉義",65,108,-43
"3751","2363矽統","110/07/12","凱基-幸福",4046,31,4015
"3752","2363矽統","110/07/12","台新證券",478,2105,-1627
"3753","2363矽統","110/07/12","統一",3504,120,3384
"3754","2363矽統","110/07/12","第一金-忠孝",4,1068,-1064
"3755","2363矽統","110/07/12","摩根大通",3006,2149,857
"3756","2363矽統","110/07/12","台新-台中",381,1003,-622
"3757","2363矽統","110/07/12","永豐金證券",1428,610,818
"3758","2363矽統","110/07/12","新光",1295,1822,-527
"3759","2363矽統","110/07/12","兆豐-復興",1936,1233,703
"3760","2363矽統","110/07/12","大昌-樹林",54,537,-483
"3761","2363矽統","110/07/12","台灣摩根士丹利",701,0,701
"3762","2363矽統","110/07/12","華南永昌-台中",90,549,-459
"3763","2363矽統","110/07/12","永豐金-南投",803,145,658
"3764","2363矽統","110/07/12","玉山-高雄",167,612,-445
"3765","2363矽統","110/07/12","統一-仁愛",1214,586,628
"3766","2363矽統","110/07/12","元富-同大",201,540,-339
"3767","2363矽統","110/07/12","統一-土城",688,75,613
"3768","2363矽統","110/07/12","華南永昌-東勢",31,367,-336
"3769","2363矽統","110/07/12","統一-城中",711,131,580
"3770","2363矽統","110/07/12","土銀-花蓮",9,333,-324
"3771","2363矽統","110/07/12","統一-敦南",632,54,578
"3772","2363矽統","110/07/12","凱基-豐中",120,434,-314
"3773","2363矽統","110/07/12","新加坡商瑞銀",1232,731,501
"3774","2363矽統","110/07/12","永豐金-竹科",54,323,-269
"3775","2363矽統","110/07/12","元富",2640,2142,498
"3776","2363矽統","110/07/12","元大-斗六",53,300,-247
"3777","2363矽統","110/07/12","凱基-永和",460,31,429
"3778","2363矽統","110/07/12","華南永昌-朴子",47,278,-231
"3779","2363矽統","110/07/12","第一金",380,22,358
"3780","2363矽統","110/07/12","永豐金-彰化",22,228,-206
"3781","8112至上","110/07/12","摩根大通",1167,290,877
"3782","8112至上","110/07/12","群益金鼎-新莊",1,156,-155
"3783","8112至上","110/07/12","凱基-台北",983,546,437
"3784","8112至上","110/07/12","國票-中港",0,131,-131
"3785","8112至上","110/07/12","新加坡商瑞銀",429,12,417
"3786","8112至上","110/07/12","元大證券",10,136,-126
"3787","8112至上","110/07/12","元大-屏南",360,2,358
"3788","8112至上","110/07/12","元大-中壢",11,135,-124
"3789","8112至上","110/07/12","美林",323,15,308
"3790","8112至上","110/07/12","合庫-基隆",0,122,-122
"3791","8112至上","110/07/12","台灣摩根士丹利",299,0,299
"3792","8112至上","110/07/12","群益金鼎-高盛",4,103,-99
"3793","8112至上","110/07/12","港商野村",267,28,239
"3794","8112至上","110/07/12","新光",110,202,-92
"3795","8112至上","110/07/12","大慶",165,3,162
"3796","8112至上","110/07/12","元大-府城",2,94,-92
"3797","8112至上","110/07/12","永豐金-台南",170,29,141
"3798","8112至上","110/07/12","富邦-板橋",5,92,-87
"3799","8112至上","110/07/12","華南永昌-長虹",128,2,126
"3800","8112至上","110/07/12","元大-土城",8,89,-81
"3801","8112至上","110/07/12","富邦-仁愛",157,51,106
"3802","8112至上","110/07/12","日盛-頭份",40,117,-77
"3803","8112至上","110/07/12","瑞士信貸",104,0,104
"3804","8112至上","110/07/12","玉山-嘉義",3,80,-77
"3805","8112至上","110/07/12","凱基-站前",100,11,89
"3806","8112至上","110/07/12","永豐金-松山",4,79,-75
"3807","8112至上","110/07/12","富邦-北港",90,3,87
"3808","8112至上","110/07/12","元大-敦南",3,75,-72
"3809","8112至上","110/07/12","元大-北港",101,20,81
"3810","8112至上","110/07/12","元富-大裕",6,77,-71
"3811","4903聯光通","110/07/12","台灣企銀-太平",19,0,19
"3812","4903聯光通","110/07/12","玉山-南京東路",0,16,-16
"3813","4903聯光通","110/07/12","統一-土城",17,0,17
"3814","4903聯光通","110/07/12","新光",0,14,-14
"3815","4903聯光通","110/07/12","國票-博愛",14,0,14
"3816","4903聯光通","110/07/12","兆豐-彰化",0,10,-10
"3817","4903聯光通","110/07/12","新光-台中",15,2,13
"3818","4903聯光通","110/07/12","國票",0,10,-10
"3819","4903聯光通","110/07/12","元大-彰化",11,0,11
"3820","4903聯光通","110/07/12","富邦-敦南",0,10,-10
"3821","4903聯光通","110/07/12","華南永昌-林口",10,0,10
"3822","4903聯光通","110/07/12","元大-前金",0,9,-9
"3823","4903聯光通","110/07/12","永豐金-南投",9,0,9
"3824","4903聯光通","110/07/12","日盛-頭份",0,8,-8
"3825","4903聯光通","110/07/12","元大-清水",8,0,8
"3826","4903聯光通","110/07/12","元大-太平",0,8,-8
"3827","4903聯光通","110/07/12","元大-博愛",8,0,8
"3828","4903聯光通","110/07/12","兆豐-埔墘",0,7,-7
"3829","4903聯光通","110/07/12","玉山-新莊",5,0,5
"3830","4903聯光通","110/07/12","臺銀-民權",0,5,-5
"3831","4903聯光通","110/07/12","凱基-士林",10,5,5
"3832","4903聯光通","110/07/12","富邦-板橋",0,5,-5
"3833","4903聯光通","110/07/12","元大-斗六",4,0,4
"3834","4903聯光通","110/07/12","元大-土城永寧",0,5,-5
"3835","4903聯光通","110/07/12","永豐金-羅東",4,0,4
"3836","4903聯光通","110/07/12","台新證券",0,4,-4
"3837","4903聯光通","110/07/12","日盛-樹林",3,0,3
"3838","4903聯光通","110/07/12","凱基-中壢",0,4,-4
"3839","4903聯光通","110/07/12","華南永昌-鶯歌",2,0,2
"3840","4903聯光通","110/07/12","元大-羅東",0,4,-4
"3841","2929淘帝","110/07/12","新光-台中",95,36,59
"3842","2929淘帝","110/07/12","華南永昌-林口",7,208,-201
"3843","2929淘帝","110/07/12","富邦-板橋",62,5,57
"3844","2929淘帝","110/07/12","富邦-台北",6,200,-194
"3845","2929淘帝","110/07/12","合庫-高雄",56,6,50
"3846","2929淘帝","110/07/12","元富-大裕",11,200,-189
"3847","2929淘帝","110/07/12","永興",41,0,41
"3848","2929淘帝","110/07/12","台中銀-台北",0,160,-160
"3849","2929淘帝","110/07/12","兆豐-忠孝",58,18,40
"3850","2929淘帝","110/07/12","日盛-園區",1,111,-110
"3851","2929淘帝","110/07/12","新光-高雄",39,3,36
"3852","2929淘帝","110/07/12","日盛-八德",0,88,-88
"3853","2929淘帝","110/07/12","凱基-豐中",36,0,36
"3854","2929淘帝","110/07/12","玉山-新竹",32,110,-78
"3855","2929淘帝","110/07/12","元大-民生",35,0,35
"3856","2929淘帝","110/07/12","元大-前金",0,72,-72
"3857","2929淘帝","110/07/12","臺銀-臺南",32,1,31
"3858","2929淘帝","110/07/12","元大-館前",12,83,-71
"3859","2929淘帝","110/07/12","台新證券",44,13,31
"3860","2929淘帝","110/07/12","華南永昌",1,57,-56
"3861","2929淘帝","110/07/12","新百王",30,0,30
"3862","2929淘帝","110/07/12","元大-南崁",4,59,-55
"3863","2929淘帝","110/07/12","群益金鼎-大興",30,0,30
"3864","2929淘帝","110/07/12","元大-嘉義",0,51,-51
"3865","2929淘帝","110/07/12","凱基-台北",32,5,27
"3866","2929淘帝","110/07/12","日茂",1,50,-49
"3867","2929淘帝","110/07/12","元富-城東",26,0,26
"3868","2929淘帝","110/07/12","新光",35,83,-48
"3869","2929淘帝","110/07/12","國泰-松江",26,0,26
"3870","2929淘帝","110/07/12","日盛-新竹",1,48,-47
"3871","5410國眾","110/07/12","群益金鼎-中壢",68,0,68
"3872","5410國眾","110/07/12","摩根大通",6,67,-61
"3873","5410國眾","110/07/12","凱基-市政",40,0,40
"3874","5410國眾","110/07/12","元富-嘉義",0,60,-60
"3875","5410國眾","110/07/12","凱基-竹北",38,0,38
"3876","5410國眾","110/07/12","凱基-台北",0,51,-51
"3877","5410國眾","110/07/12","華南永昌-三重",30,0,30
"3878","5410國眾","110/07/12","元富-大裕",0,33,-33
"3879","5410國眾","110/07/12","永興",20,0,20
"3880","5410國眾","110/07/12","日盛-木柵",0,15,-15
"3881","5410國眾","110/07/12","統一-新台中",20,0,20
"3882","5410國眾","110/07/12","群益金鼎-民權",0,15,-15
"3883","5410國眾","110/07/12","兆豐-三重",20,0,20
"3884","5410國眾","110/07/12","元富-緯城",0,14,-14
"3885","5410國眾","110/07/12","富邦-台中",20,0,20
"3886","5410國眾","110/07/12","元大-大同",0,12,-12
"3887","5410國眾","110/07/12","臺銀",15,0,15
"3888","5410國眾","110/07/12","元大-莒光",0,10,-10
"3889","5410國眾","110/07/12","新光-桃園",20,6,14
"3890","5410國眾","110/07/12","元大-博愛",0,10,-10
"3891","5410國眾","110/07/12","元大-員林",12,0,12
"3892","5410國眾","110/07/12","日盛-永康",0,8,-8
"3893","5410國眾","110/07/12","日盛-員林",10,0,10
"3894","5410國眾","110/07/12","元大-四維",5,13,-8
"3895","5410國眾","110/07/12","元大-新盛",10,0,10
"3896","5410國眾","110/07/12","新加坡商瑞銀",0,7,-7
"3897","5410國眾","110/07/12","永豐金-台南",10,0,10
"3898","5410國眾","110/07/12","致和-金華",0,7,-7
"3899","5410國眾","110/07/12","元富-新莊",8,0,8
"3900","5410國眾","110/07/12","新光-新竹",0,7,-7
"3901","2841台開","110/07/12","永豐金-敦南",139,26,113
"3902","2841台開","110/07/12","華南永昌-朴子",0,528,-528
"3903","2841台開","110/07/12","日盛-雙和",68,0,68
"3904","2841台開","110/07/12","元大-苑裡",2,50,-48
"3905","2841台開","110/07/12","台新證券",62,4,58
"3906","2841台開","110/07/12","群益金鼎-東湖",0,40,-40
"3907","2841台開","110/07/12","凱基-文心",50,0,50
"3908","2841台開","110/07/12","第一金-員林",0,30,-30
"3909","2841台開","110/07/12","第一金-台中",45,0,45
"3910","2841台開","110/07/12","德信-中正",0,20,-20
"3911","2841台開","110/07/12","富邦-嘉義",40,0,40
"3912","2841台開","110/07/12","兆豐-嘉義",0,20,-20
"3913","2841台開","110/07/12","日盛-木柵",30,0,30
"3914","2841台開","110/07/12","彰銀-七賢",0,15,-15
"3915","2841台開","110/07/12","中國信託-文心",31,3,28
"3916","2841台開","110/07/12","元大-承德",0,14,-14
"3917","2841台開","110/07/12","元大-福營",30,7,23
"3918","2841台開","110/07/12","元富",0,12,-12
"3919","2841台開","110/07/12","台中銀",20,0,20
"3920","2841台開","110/07/12","富邦-陽明",0,11,-11
"3921","2841台開","110/07/12","國泰-板橋",20,0,20
"3922","2841台開","110/07/12","元大證券",0,11,-11
"3923","2841台開","110/07/12","元大-前金",20,0,20
"3924","2841台開","110/07/12","元大-大甲",0,10,-10
"3925","2841台開","110/07/12","中國信託-高雄",16,1,15
"3926","2841台開","110/07/12","日盛-新竹",0,8,-8
"3927","2841台開","110/07/12","陽信-石牌",15,0,15
"3928","2841台開","110/07/12","元富-城東",0,8,-8
"3929","2841台開","110/07/12","永豐金-南投",15,0,15
"3930","2841台開","110/07/12","玉山-台南",2,10,-8
"3931","6207雷科","110/07/12","元大-高雄",34,0,34
"3932","6207雷科","110/07/12","永豐金-三重",1,32,-31
"3933","6207雷科","110/07/12","華南永昌-林口",16,1,15
"3934","6207雷科","110/07/12","永全-八德",0,30,-30
"3935","6207雷科","110/07/12","摩根大通",19,6,13
"3936","6207雷科","110/07/12","國泰-台中",0,14,-14
"3937","6207雷科","110/07/12","元富-埔里",10,0,10
"3938","6207雷科","110/07/12","第一金-澎湖",0,10,-10
"3939","6207雷科","110/07/12","凱基-台南",10,0,10
"3940","6207雷科","110/07/12","元富-林園",0,10,-10
"3941","6207雷科","110/07/12","新加坡商瑞銀",9,0,9
"3942","6207雷科","110/07/12","元大-東門",0,10,-10
"3943","6207雷科","110/07/12","瑞士信貸",8,0,8
"3944","6207雷科","110/07/12","兆豐-嘉義",0,4,-4
"3945","6207雷科","110/07/12","中國信託-高雄",9,1,8
"3946","6207雷科","110/07/12","新光",0,4,-4
"3947","6207雷科","110/07/12","凱基-高雄",6,0,6
"3948","6207雷科","110/07/12","新光-台中",0,4,-4
"3949","6207雷科","110/07/12","元大-六合",6,0,6
"3950","6207雷科","110/07/12","群益金鼎-開元",0,4,-4
"3951","6207雷科","110/07/12","永豐金-信義",6,0,6
"3952","6207雷科","110/07/12","凱基-桃園",0,4,-4
"3953","6207雷科","110/07/12","群益金鼎-土城",5,0,5
"3954","6207雷科","110/07/12","凱基-民權",0,4,-4
"3955","6207雷科","110/07/12","群益金鼎-竹南",5,0,5
"3956","6207雷科","110/07/12","玉山-新莊",0,3,-3
"3957","6207雷科","110/07/12","元大-大灣",5,1,4
"3958","6207雷科","110/07/12","國泰-松江",0,3,-3
"3959","6207雷科","110/07/12","永興",3,0,3
"3960","6207雷科","110/07/12","富邦-羅東",0,3,-3
"3961","3679新至陞","110/07/12","富邦-新竹華信",40,2,38
"3962","3679新至陞","110/07/12","瑞士信貸",0,45,-45
"3963","3679新至陞","110/07/12","台中銀-員林",28,2,26
"3964","3679新至陞","110/07/12","永豐金-天母",0,39,-39
"3965","3679新至陞","110/07/12","聯邦-大業",24,0,24
"3966","3679新至陞","110/07/12","摩根大通",7,35,-28
"3967","3679新至陞","110/07/12","永豐金證券",20,0,20
"3968","3679新至陞","110/07/12","凱基-台北",8,36,-28
"3969","3679新至陞","110/07/12","港商法國興業",14,0,14
"3970","3679新至陞","110/07/12","華南永昌-小港",1,23,-22
"3971","3679新至陞","110/07/12","日盛-樹林",13,1,12
"3972","3679新至陞","110/07/12","台新-台中",0,15,-15
"3973","3679新至陞","110/07/12","國泰-桃園",9,0,9
"3974","3679新至陞","110/07/12","統一-台中",0,12,-12
"3975","3679新至陞","110/07/12","宏遠-館前",8,0,8
"3976","3679新至陞","110/07/12","元大-成功",1,12,-11
"3977","3679新至陞","110/07/12","凱基",10,2,8
"3978","3679新至陞","110/07/12","康和-澎湖",0,8,-8
"3979","3679新至陞","110/07/12","(牛牛牛)亞-網路",7,0,7
"3980","3679新至陞","110/07/12","新加坡商瑞銀",0,7,-7
"3981","3679新至陞","110/07/12","兆豐-員林",7,0,7
"3982","3679新至陞","110/07/12","兆豐-來福",0,7,-7
"3983","3679新至陞","110/07/12","大慶-蘆洲",5,0,5
"3984","3679新至陞","110/07/12","元大-佳里",0,6,-6
"3985","3679新至陞","110/07/12","土銀-花蓮",4,0,4
"3986","3679新至陞","110/07/12","美商高盛",0,5,-5
"3987","3679新至陞","110/07/12","台新-高雄",5,1,4
"3988","3679新至陞","110/07/12","國票-新莊",0,5,-5
"3989","3679新至陞","110/07/12","元大-天母",4,0,4
"3990","3679新至陞","110/07/12","台新-屏東",0,5,-5
"3991","2727王品","110/07/12","凱基-台北",354,198,156
"3992","2727王品","110/07/12","台灣摩根士丹利",5,386,-381
"3993","2727王品","110/07/12","統一-城中",159,22,137
"3994","2727王品","110/07/12","元大-嘉義",4,60,-56
"3995","2727王品","110/07/12","日盛-忠孝",60,0,60
"3996","2727王品","110/07/12","元大-大同",2,44,-42
"3997","2727王品","110/07/12","永豐金-忠孝",45,5,40
"3998","2727王品","110/07/12","國泰-台中",32,73,-41
"3999","2727王品","110/07/12","合庫-新竹",31,0,31
"4000","2727王品","110/07/12","元大證券",127,163,-36
"4001","2727王品","110/07/12","富邦-台中",31,3,28
"4002","2727王品","110/07/12","凱基",1,33,-32
"4003","2727王品","110/07/12","元大-桃園",35,10,25
"4004","2727王品","110/07/12","永全-南崁",1,31,-30
"4005","2727王品","110/07/12","新加坡商瑞銀",28,4,24
"4006","2727王品","110/07/12","凱基-和平",2,32,-30
"4007","2727王品","110/07/12","群益金鼎-古亭",25,2,23
"4008","2727王品","110/07/12","永豐金-大園",8,38,-30
"4009","2727王品","110/07/12","元大-龍潭",29,7,22
"4010","2727王品","110/07/12","瑞士信貸",0,28,-28
"4011","2727王品","110/07/12","永豐金-永康",25,3,22
"4012","2727王品","110/07/12","元富",17,44,-27
"4013","2727王品","110/07/12","富邦-竹北",24,3,21
"4014","2727王品","110/07/12","元大-北屯",5,32,-27
"4015","2727王品","110/07/12","群益金鼎-松山",20,0,20
"4016","2727王品","110/07/12","華南永昌",3,28,-25
"4017","2727王品","110/07/12","元大-八德",20,0,20
"4018","2727王品","110/07/12","統一-竹南",1,23,-22
"4019","2727王品","110/07/12","元大-南京",25,6,19
"4020","2727王品","110/07/12","永豐金證券",4,26,-22
"4021","1570力肯","110/07/12","國票-北高雄",40,0,40
"4022","1570力肯","110/07/12","日盛-竹北",0,40,-40
"4023","1570力肯","110/07/12","摩根大通",16,0,16
"4024","1570力肯","110/07/12","第一金-華江",1,38,-37
"4025","1570力肯","110/07/12","新光",31,19,12
"4026","1570力肯","110/07/12","元大-永春",0,26,-26
"4027","1570力肯","110/07/12","元大-台中中港",12,0,12
"4028","1570力肯","110/07/12","元大-古亭",1,20,-19
"4029","1570力肯","110/07/12","日盛-高雄",10,0,10
"4030","1570力肯","110/07/12","國泰-松江",0,16,-16
"4031","1570力肯","110/07/12","第一金-路竹",10,0,10
"4032","1570力肯","110/07/12","台新-台南",0,15,-15
"4033","1570力肯","110/07/12","台新-新莊",10,0,10
"4034","1570力肯","110/07/12","康和-石牌",0,15,-15
"4035","1570力肯","110/07/12","元大-新盛",9,0,9
"4036","1570力肯","110/07/12","國泰-板橋",0,11,-11
"4037","1570力肯","110/07/12","凱基-台北",8,0,8
"4038","1570力肯","110/07/12","元大-高雄",0,11,-11
"4039","1570力肯","110/07/12","彰銀-七賢",6,0,6
"4040","1570力肯","110/07/12","兆豐-桃園",0,10,-10
"4041","1570力肯","110/07/12","元富-緯城",6,0,6
"4042","1570力肯","110/07/12","元大-大益",0,10,-10
"4043","1570力肯","110/07/12","華南永昌-古亭",6,0,6
"4044","1570力肯","110/07/12","中國信託-文心",0,5,-5
"4045","1570力肯","110/07/12","富邦-陽明",6,0,6
"4046","1570力肯","110/07/12","光和",0,5,-5
"4047","1570力肯","110/07/12","臺銀-臺南",5,0,5
"4048","1570力肯","110/07/12","陽信-石牌",0,5,-5
"4049","1570力肯","110/07/12","宏遠-館前",5,0,5
"4050","1570力肯","110/07/12","國泰-高雄",0,5,-5
"4051","6180橘子","110/07/12","康和-台中",32,2,30
"4052","6180橘子","110/07/12","新百王",1,40,-39
"4053","6180橘子","110/07/12","美林",32,3,29
"4054","6180橘子","110/07/12","富邦-陽明",4,42,-38
"4055","6180橘子","110/07/12","元大-羅東",21,0,21
"4056","6180橘子","110/07/12","新光",3,32,-29
"4057","6180橘子","110/07/12","兆豐-埔墘",16,0,16
"4058","6180橘子","110/07/12","日盛-文化",4,20,-16
"4059","6180橘子","110/07/12","元大-雙和",12,0,12
"4060","6180橘子","110/07/12","華南永昌-鶯歌",0,15,-15
"4061","6180橘子","110/07/12","美商高盛",18,7,11
"4062","6180橘子","110/07/12","中國信託-忠孝",7,20,-13
"4063","6180橘子","110/07/12","台新證券",14,3,11
"4064","6180橘子","110/07/12","凱基-台北",5,17,-12
"4065","6180橘子","110/07/12","元大-中壢",12,1,11
"4066","6180橘子","110/07/12","凱基-高雄",0,11,-11
"4067","6180橘子","110/07/12","統一-南京",10,0,10
"4068","6180橘子","110/07/12","凱基-大安",0,10,-10
"4069","6180橘子","110/07/12","致和-崇德",10,0,10
"4070","6180橘子","110/07/12","元大-北屯",0,10,-10
"4071","6180橘子","110/07/12","玉山-板橋",10,0,10
"4072","6180橘子","110/07/12","元大-南京",0,9,-9
"4073","6180橘子","110/07/12","富邦-仁愛",10,0,10
"4074","6180橘子","110/07/12","元大-台南",1,10,-9
"4075","6180橘子","110/07/12","摩根大通",10,1,9
"4076","6180橘子","110/07/12","康和-澎湖",0,8,-8
"4077","6180橘子","110/07/12","元富-林園",8,0,8
"4078","6180橘子","110/07/12","第一金-台中",0,7,-7
"4079","6180橘子","110/07/12","大慶-富順",7,0,7
"4080","6180橘子","110/07/12","台新-台南",1,8,-7
"4081","2390云辰","110/07/12","統一-新台中",170,0,170
"4082","2390云辰","110/07/12","元大-天母",2,450,-448
"4083","2390云辰","110/07/12","華南永昌-麻豆",137,2,135
"4084","2390云辰","110/07/12","國泰-忠孝",1,143,-142
"4085","2390云辰","110/07/12","元富-成功",103,14,89
"4086","2390云辰","110/07/12","摩根大通",377,512,-135
"4087","2390云辰","110/07/12","元大-土城學府",146,69,77
"4088","2390云辰","110/07/12","台灣摩根士丹利",0,91,-91
"4089","2390云辰","110/07/12","永豐金-永康",76,4,72
"4090","2390云辰","110/07/12","美林",84,146,-62
"4091","2390云辰","110/07/12","台中銀",73,2,71
"4092","2390云辰","110/07/12","華南永昌-嘉義",2,61,-59
"4093","2390云辰","110/07/12","大昌",63,3,60
"4094","2390云辰","110/07/12","永豐金-羅東",0,49,-49
"4095","2390云辰","110/07/12","合庫-三重",50,0,50
"4096","2390云辰","110/07/12","玉山-台中",6,53,-47
"4097","2390云辰","110/07/12","元富-高雄",93,50,43
"4098","2390云辰","110/07/12","玉山-新莊",2,48,-46
"4099","2390云辰","110/07/12","元大-館前",40,4,36
"4100","2390云辰","110/07/12","元大-大里",7,52,-45
"4101","2390云辰","110/07/12","港商野村",143,109,34
"4102","2390云辰","110/07/12","元大-內湖",3,48,-45
"4103","2390云辰","110/07/12","元大-雙和",34,0,34
"4104","2390云辰","110/07/12","永豐金-市政",1,42,-41
"4105","2390云辰","110/07/12","群益金鼎-民權",33,2,31
"4106","2390云辰","110/07/12","元大-學甲",1,41,-40
"4107","2390云辰","110/07/12","日盛-八德",40,10,30
"4108","2390云辰","110/07/12","兆豐-高雄",2,41,-39
"4109","2390云辰","110/07/12","國票-嘉義",30,0,30
"4110","2390云辰","110/07/12","新加坡商瑞銀",21,59,-38
"4111","4903聯光通","110/07/12","台灣企銀-太平",19,0,19
"4112","4903聯光通","110/07/12","玉山-南京東路",0,16,-16
"4113","4903聯光通","110/07/12","統一-土城",17,0,17
"4114","4903聯光通","110/07/12","新光",0,14,-14
"4115","4903聯光通","110/07/12","國票-博愛",14,0,14
"4116","4903聯光通","110/07/12","兆豐-彰化",0,10,-10
"4117","4903聯光通","110/07/12","新光-台中",15,2,13
"4118","4903聯光通","110/07/12","國票",0,10,-10
"4119","4903聯光通","110/07/12","元大-彰化",11,0,11
"4120","4903聯光通","110/07/12","富邦-敦南",0,10,-10
"4121","4903聯光通","110/07/12","華南永昌-林口",10,0,10
"4122","4903聯光通","110/07/12","元大-前金",0,9,-9
"4123","4903聯光通","110/07/12","永豐金-南投",9,0,9
"4124","4903聯光通","110/07/12","日盛-頭份",0,8,-8
"4125","4903聯光通","110/07/12","元大-清水",8,0,8
"4126","4903聯光通","110/07/12","元大-太平",0,8,-8
"4127","4903聯光通","110/07/12","元大-博愛",8,0,8
"4128","4903聯光通","110/07/12","兆豐-埔墘",0,7,-7
"4129","4903聯光通","110/07/12","玉山-新莊",5,0,5
"4130","4903聯光通","110/07/12","臺銀-民權",0,5,-5
"4131","4903聯光通","110/07/12","凱基-士林",10,5,5
"4132","4903聯光通","110/07/12","富邦-板橋",0,5,-5
"4133","4903聯光通","110/07/12","元大-斗六",4,0,4
"4134","4903聯光通","110/07/12","元大-土城永寧",0,5,-5
"4135","4903聯光通","110/07/12","永豐金-羅東",4,0,4
"4136","4903聯光通","110/07/12","台新證券",0,4,-4
"4137","4903聯光通","110/07/12","日盛-樹林",3,0,3
"4138","4903聯光通","110/07/12","凱基-中壢",0,4,-4
"4139","4903聯光通","110/07/12","華南永昌-鶯歌",2,0,2
"4140","4903聯光通","110/07/12","元大-羅東",0,4,-4
"4141","2929淘帝","110/07/12","新光-台中",95,36,59
"4142","2929淘帝","110/07/12","華南永昌-林口",7,208,-201
"4143","2929淘帝","110/07/12","富邦-板橋",62,5,57
"4144","2929淘帝","110/07/12","富邦-台北",6,200,-194
"4145","2929淘帝","110/07/12","合庫-高雄",56,6,50
"4146","2929淘帝","110/07/12","元富-大裕",11,200,-189
"4147","2929淘帝","110/07/12","永興",41,0,41
"4148","2929淘帝","110/07/12","台中銀-台北",0,160,-160
"4149","2929淘帝","110/07/12","兆豐-忠孝",58,18,40
"4150","2929淘帝","110/07/12","日盛-園區",1,111,-110
"4151","2929淘帝","110/07/12","新光-高雄",39,3,36
"4152","2929淘帝","110/07/12","日盛-八德",0,88,-88
"4153","2929淘帝","110/07/12","凱基-豐中",36,0,36
"4154","2929淘帝","110/07/12","玉山-新竹",32,110,-78
"4155","2929淘帝","110/07/12","元大-民生",35,0,35
"4156","2929淘帝","110/07/12","元大-前金",0,72,-72
"4157","2929淘帝","110/07/12","臺銀-臺南",32,1,31
"4158","2929淘帝","110/07/12","元大-館前",12,83,-71
"4159","2929淘帝","110/07/12","台新證券",44,13,31
"4160","2929淘帝","110/07/12","華南永昌",1,57,-56
"4161","2929淘帝","110/07/12","新百王",30,0,30
"4162","2929淘帝","110/07/12","元大-南崁",4,59,-55
"4163","2929淘帝","110/07/12","群益金鼎-大興",30,0,30
"4164","2929淘帝","110/07/12","元大-嘉義",0,51,-51
"4165","2929淘帝","110/07/12","凱基-台北",32,5,27
"4166","2929淘帝","110/07/12","日茂",1,50,-49
"4167","2929淘帝","110/07/12","元富-城東",26,0,26
"4168","2929淘帝","110/07/12","新光",35,83,-48
"4169","2929淘帝","110/07/12","國泰-松江",26,0,26
"4170","2929淘帝","110/07/12","日盛-新竹",1,48,-47
"4171","5410國眾","110/07/12","群益金鼎-中壢",68,0,68
"4172","5410國眾","110/07/12","摩根大通",6,67,-61
"4173","5410國眾","110/07/12","凱基-市政",40,0,40
"4174","5410國眾","110/07/12","元富-嘉義",0,60,-60
"4175","5410國眾","110/07/12","凱基-竹北",38,0,38
"4176","5410國眾","110/07/12","凱基-台北",0,51,-51
"4177","5410國眾","110/07/12","華南永昌-三重",30,0,30
"4178","5410國眾","110/07/12","元富-大裕",0,33,-33
"4179","5410國眾","110/07/12","永興",20,0,20
"4180","5410國眾","110/07/12","日盛-木柵",0,15,-15
"4181","5410國眾","110/07/12","統一-新台中",20,0,20
"4182","5410國眾","110/07/12","群益金鼎-民權",0,15,-15
"4183","5410國眾","110/07/12","兆豐-三重",20,0,20
"4184","5410國眾","110/07/12","元富-緯城",0,14,-14
"4185","5410國眾","110/07/12","富邦-台中",20,0,20
"4186","5410國眾","110/07/12","元大-大同",0,12,-12
"4187","5410國眾","110/07/12","臺銀",15,0,15
"4188","5410國眾","110/07/12","元大-莒光",0,10,-10
"4189","5410國眾","110/07/12","新光-桃園",20,6,14
"4190","5410國眾","110/07/12","元大-博愛",0,10,-10
"4191","5410國眾","110/07/12","元大-員林",12,0,12
"4192","5410國眾","110/07/12","日盛-永康",0,8,-8
"4193","5410國眾","110/07/12","日盛-員林",10,0,10
"4194","5410國眾","110/07/12","元大-四維",5,13,-8
"4195","5410國眾","110/07/12","元大-新盛",10,0,10
"4196","5410國眾","110/07/12","新加坡商瑞銀",0,7,-7
"4197","5410國眾","110/07/12","永豐金-台南",10,0,10
"4198","5410國眾","110/07/12","致和-金華",0,7,-7
"4199","5410國眾","110/07/12","元富-新莊",8,0,8
"4200","5410國眾","110/07/12","新光-新竹",0,7,-7
"4201","2841台開","110/07/12","永豐金-敦南",139,26,113
"4202","2841台開","110/07/12","華南永昌-朴子",0,528,-528
"4203","2841台開","110/07/12","日盛-雙和",68,0,68
"4204","2841台開","110/07/12","元大-苑裡",2,50,-48
"4205","2841台開","110/07/12","台新證券",62,4,58
"4206","2841台開","110/07/12","群益金鼎-東湖",0,40,-40
"4207","2841台開","110/07/12","凱基-文心",50,0,50
"4208","2841台開","110/07/12","第一金-員林",0,30,-30
"4209","2841台開","110/07/12","第一金-台中",45,0,45
"4210","2841台開","110/07/12","德信-中正",0,20,-20
"4211","2841台開","110/07/12","富邦-嘉義",40,0,40
"4212","2841台開","110/07/12","兆豐-嘉義",0,20,-20
"4213","2841台開","110/07/12","日盛-木柵",30,0,30
"4214","2841台開","110/07/12","彰銀-七賢",0,15,-15
"4215","2841台開","110/07/12","中國信託-文心",31,3,28
"4216","2841台開","110/07/12","元大-承德",0,14,-14
"4217","2841台開","110/07/12","元大-福營",30,7,23
"4218","2841台開","110/07/12","元富",0,12,-12
"4219","2841台開","110/07/12","台中銀",20,0,20
"4220","2841台開","110/07/12","富邦-陽明",0,11,-11
"4221","2841台開","110/07/12","國泰-板橋",20,0,20
"4222","2841台開","110/07/12","元大證券",0,11,-11
"4223","2841台開","110/07/12","元大-前金",20,0,20
"4224","2841台開","110/07/12","元大-大甲",0,10,-10
"4225","2841台開","110/07/12","中國信託-高雄",16,1,15
"4226","2841台開","110/07/12","日盛-新竹",0,8,-8
"4227","2841台開","110/07/12","陽信-石牌",15,0,15
"4228","2841台開","110/07/12","元富-城東",0,8,-8
"4229","2841台開","110/07/12","永豐金-南投",15,0,15
"4230","2841台開","110/07/12","玉山-台南",2,10,-8
"4231","6207雷科","110/07/12","元大-高雄",34,0,34
"4232","6207雷科","110/07/12","永豐金-三重",1,32,-31
"4233","6207雷科","110/07/12","華南永昌-林口",16,1,15
"4234","6207雷科","110/07/12","永全-八德",0,30,-30
"4235","6207雷科","110/07/12","摩根大通",19,6,13
"4236","6207雷科","110/07/12","國泰-台中",0,14,-14
"4237","6207雷科","110/07/12","元富-埔里",10,0,10
"4238","6207雷科","110/07/12","第一金-澎湖",0,10,-10
"4239","6207雷科","110/07/12","凱基-台南",10,0,10
"4240","6207雷科","110/07/12","元富-林園",0,10,-10
"4241","6207雷科","110/07/12","新加坡商瑞銀",9,0,9
"4242","6207雷科","110/07/12","元大-東門",0,10,-10
"4243","6207雷科","110/07/12","瑞士信貸",8,0,8
"4244","6207雷科","110/07/12","兆豐-嘉義",0,4,-4
"4245","6207雷科","110/07/12","中國信託-高雄",9,1,8
"4246","6207雷科","110/07/12","新光",0,4,-4
"4247","6207雷科","110/07/12","凱基-高雄",6,0,6
"4248","6207雷科","110/07/12","新光-台中",0,4,-4
"4249","6207雷科","110/07/12","元大-六合",6,0,6
"4250","6207雷科","110/07/12","群益金鼎-開元",0,4,-4
"4251","6207雷科","110/07/12","永豐金-信義",6,0,6
"4252","6207雷科","110/07/12","凱基-桃園",0,4,-4
"4253","6207雷科","110/07/12","群益金鼎-土城",5,0,5
"4254","6207雷科","110/07/12","凱基-民權",0,4,-4
"4255","6207雷科","110/07/12","群益金鼎-竹南",5,0,5
"4256","6207雷科","110/07/12","玉山-新莊",0,3,-3
"4257","6207雷科","110/07/12","元大-大灣",5,1,4
"4258","6207雷科","110/07/12","國泰-松江",0,3,-3
"4259","6207雷科","110/07/12","永興",3,0,3
"4260","6207雷科","110/07/12","富邦-羅東",0,3,-3
"4261","3679新至陞","110/07/12","富邦-新竹華信",40,2,38
"4262","3679新至陞","110/07/12","瑞士信貸",0,45,-45
"4263","3679新至陞","110/07/12","台中銀-員林",28,2,26
"4264","3679新至陞","110/07/12","永豐金-天母",0,39,-39
"4265","3679新至陞","110/07/12","聯邦-大業",24,0,24
"4266","3679新至陞","110/07/12","摩根大通",7,35,-28
"4267","3679新至陞","110/07/12","永豐金證券",20,0,20
"4268","3679新至陞","110/07/12","凱基-台北",8,36,-28
"4269","3679新至陞","110/07/12","港商法國興業",14,0,14
"4270","3679新至陞","110/07/12","華南永昌-小港",1,23,-22
"4271","3679新至陞","110/07/12","日盛-樹林",13,1,12
"4272","3679新至陞","110/07/12","台新-台中",0,15,-15
"4273","3679新至陞","110/07/12","國泰-桃園",9,0,9
"4274","3679新至陞","110/07/12","統一-台中",0,12,-12
"4275","3679新至陞","110/07/12","宏遠-館前",8,0,8
"4276","3679新至陞","110/07/12","元大-成功",1,12,-11
"4277","3679新至陞","110/07/12","凱基",10,2,8
"4278","3679新至陞","110/07/12","康和-澎湖",0,8,-8
"4279","3679新至陞","110/07/12","(牛牛牛)亞-網路",7,0,7
"4280","3679新至陞","110/07/12","新加坡商瑞銀",0,7,-7
"4281","3679新至陞","110/07/12","兆豐-員林",7,0,7
"4282","3679新至陞","110/07/12","兆豐-來福",0,7,-7
"4283","3679新至陞","110/07/12","大慶-蘆洲",5,0,5
"4284","3679新至陞","110/07/12","元大-佳里",0,6,-6
"4285","3679新至陞","110/07/12","土銀-花蓮",4,0,4
"4286","3679新至陞","110/07/12","美商高盛",0,5,-5
"4287","3679新至陞","110/07/12","台新-高雄",5,1,4
"4288","3679新至陞","110/07/12","國票-新莊",0,5,-5
"4289","3679新至陞","110/07/12","元大-天母",4,0,4
"4290","3679新至陞","110/07/12","台新-屏東",0,5,-5
"4291","2727王品","110/07/12","凱基-台北",354,198,156
"4292","2727王品","110/07/12","台灣摩根士丹利",5,386,-381
"4293","2727王品","110/07/12","統一-城中",159,22,137
"4294","2727王品","110/07/12","元大-嘉義",4,60,-56
"4295","2727王品","110/07/12","日盛-忠孝",60,0,60
"4296","2727王品","110/07/12","元大-大同",2,44,-42
"4297","2727王品","110/07/12","永豐金-忠孝",45,5,40
"4298","2727王品","110/07/12","國泰-台中",32,73,-41
"4299","2727王品","110/07/12","合庫-新竹",31,0,31
"4300","2727王品","110/07/12","元大證券",127,163,-36
"4301","2727王品","110/07/12","富邦-台中",31,3,28
"4302","2727王品","110/07/12","凱基",1,33,-32
"4303","2727王品","110/07/12","元大-桃園",35,10,25
"4304","2727王品","110/07/12","永全-南崁",1,31,-30
"4305","2727王品","110/07/12","新加坡商瑞銀",28,4,24
"4306","2727王品","110/07/12","凱基-和平",2,32,-30
"4307","2727王品","110/07/12","群益金鼎-古亭",25,2,23
"4308","2727王品","110/07/12","永豐金-大園",8,38,-30
"4309","2727王品","110/07/12","元大-龍潭",29,7,22
"4310","2727王品","110/07/12","瑞士信貸",0,28,-28
"4311","2727王品","110/07/12","永豐金-永康",25,3,22
"4312","2727王品","110/07/12","元富",17,44,-27
"4313","2727王品","110/07/12","富邦-竹北",24,3,21
"4314","2727王品","110/07/12","元大-北屯",5,32,-27
"4315","2727王品","110/07/12","群益金鼎-松山",20,0,20
"4316","2727王品","110/07/12","華南永昌",3,28,-25
"4317","2727王品","110/07/12","元大-八德",20,0,20
"4318","2727王品","110/07/12","統一-竹南",1,23,-22
"4319","2727王品","110/07/12","元大-南京",25,6,19
"4320","2727王品","110/07/12","永豐金證券",4,26,-22
"4321","1570力肯","110/07/12","國票-北高雄",40,0,40
"4322","1570力肯","110/07/12","日盛-竹北",0,40,-40
"4323","1570力肯","110/07/12","摩根大通",16,0,16
"4324","1570力肯","110/07/12","第一金-華江",1,38,-37
"4325","1570力肯","110/07/12","新光",31,19,12
"4326","1570力肯","110/07/12","元大-永春",0,26,-26
"4327","1570力肯","110/07/12","元大-台中中港",12,0,12
"4328","1570力肯","110/07/12","元大-古亭",1,20,-19
"4329","1570力肯","110/07/12","日盛-高雄",10,0,10
"4330","1570力肯","110/07/12","國泰-松江",0,16,-16
"4331","1570力肯","110/07/12","第一金-路竹",10,0,10
"4332","1570力肯","110/07/12","台新-台南",0,15,-15
"4333","1570力肯","110/07/12","台新-新莊",10,0,10
"4334","1570力肯","110/07/12","康和-石牌",0,15,-15
"4335","1570力肯","110/07/12","元大-新盛",9,0,9
"4336","1570力肯","110/07/12","國泰-板橋",0,11,-11
"4337","1570力肯","110/07/12","凱基-台北",8,0,8
"4338","1570力肯","110/07/12","元大-高雄",0,11,-11
"4339","1570力肯","110/07/12","彰銀-七賢",6,0,6
"4340","1570力肯","110/07/12","兆豐-桃園",0,10,-10
"4341","1570力肯","110/07/12","元富-緯城",6,0,6
"4342","1570力肯","110/07/12","元大-大益",0,10,-10
"4343","1570力肯","110/07/12","華南永昌-古亭",6,0,6
"4344","1570力肯","110/07/12","中國信託-文心",0,5,-5
"4345","1570力肯","110/07/12","富邦-陽明",6,0,6
"4346","1570力肯","110/07/12","光和",0,5,-5
"4347","1570力肯","110/07/12","臺銀-臺南",5,0,5
"4348","1570力肯","110/07/12","陽信-石牌",0,5,-5
"4349","1570力肯","110/07/12","宏遠-館前",5,0,5
"4350","1570力肯","110/07/12","國泰-高雄",0,5,-5
"4351","6180橘子","110/07/12","康和-台中",32,2,30
"4352","6180橘子","110/07/12","新百王",1,40,-39
"4353","6180橘子","110/07/12","美林",32,3,29
"4354","6180橘子","110/07/12","富邦-陽明",4,42,-38
"4355","6180橘子","110/07/12","元大-羅東",21,0,21
"4356","6180橘子","110/07/12","新光",3,32,-29
"4357","6180橘子","110/07/12","兆豐-埔墘",16,0,16
"4358","6180橘子","110/07/12","日盛-文化",4,20,-16
"4359","6180橘子","110/07/12","元大-雙和",12,0,12
"4360","6180橘子","110/07/12","華南永昌-鶯歌",0,15,-15
"4361","6180橘子","110/07/12","美商高盛",18,7,11
"4362","6180橘子","110/07/12","中國信託-忠孝",7,20,-13
"4363","6180橘子","110/07/12","台新證券",14,3,11
"4364","6180橘子","110/07/12","凱基-台北",5,17,-12
"4365","6180橘子","110/07/12","元大-中壢",12,1,11
"4366","6180橘子","110/07/12","凱基-高雄",0,11,-11
"4367","6180橘子","110/07/12","統一-南京",10,0,10
"4368","6180橘子","110/07/12","凱基-大安",0,10,-10
"4369","6180橘子","110/07/12","致和-崇德",10,0,10
"4370","6180橘子","110/07/12","元大-北屯",0,10,-10
"4371","6180橘子","110/07/12","玉山-板橋",10,0,10
"4372","6180橘子","110/07/12","元大-南京",0,9,-9
"4373","6180橘子","110/07/12","富邦-仁愛",10,0,10
"4374","6180橘子","110/07/12","元大-台南",1,10,-9
"4375","6180橘子","110/07/12","摩根大通",10,1,9
"4376","6180橘子","110/07/12","康和-澎湖",0,8,-8
"4377","6180橘子","110/07/12","元富-林園",8,0,8
"4378","6180橘子","110/07/12","第一金-台中",0,7,-7
"4379","6180橘子","110/07/12","大慶-富順",7,0,7
"4380","6180橘子","110/07/12","台新-台南",1,8,-7
"4381","2390云辰","110/07/12","統一-新台中",170,0,170
"4382","2390云辰","110/07/12","元大-天母",2,450,-448
"4383","2390云辰","110/07/12","華南永昌-麻豆",137,2,135
"4384","2390云辰","110/07/12","國泰-忠孝",1,143,-142
"4385","2390云辰","110/07/12","元富-成功",103,14,89
"4386","2390云辰","110/07/12","摩根大通",377,512,-135
"4387","2390云辰","110/07/12","元大-土城學府",146,69,77
"4388","2390云辰","110/07/12","台灣摩根士丹利",0,91,-91
"4389","2390云辰","110/07/12","永豐金-永康",76,4,72
"4390","2390云辰","110/07/12","美林",84,146,-62
"4391","2390云辰","110/07/12","台中銀",73,2,71
"4392","2390云辰","110/07/12","華南永昌-嘉義",2,61,-59
"4393","2390云辰","110/07/12","大昌",63,3,60
"4394","2390云辰","110/07/12","永豐金-羅東",0,49,-49
"4395","2390云辰","110/07/12","合庫-三重",50,0,50
"4396","2390云辰","110/07/12","玉山-台中",6,53,-47
"4397","2390云辰","110/07/12","元富-高雄",93,50,43
"4398","2390云辰","110/07/12","玉山-新莊",2,48,-46
"4399","2390云辰","110/07/12","元大-館前",40,4,36
"4400","2390云辰","110/07/12","元大-大里",7,52,-45
"4401","2390云辰","110/07/12","港商野村",143,109,34
"4402","2390云辰","110/07/12","元大-內湖",3,48,-45
"4403","2390云辰","110/07/12","元大-雙和",34,0,34
"4404","2390云辰","110/07/12","永豐金-市政",1,42,-41
"4405","2390云辰","110/07/12","群益金鼎-民權",33,2,31
"4406","2390云辰","110/07/12","元大-學甲",1,41,-40
"4407","2390云辰","110/07/12","日盛-八德",40,10,30
"4408","2390云辰","110/07/12","兆豐-高雄",2,41,-39
"4409","2390云辰","110/07/12","國票-嘉義",30,0,30
"4410","2390云辰","110/07/12","新加坡商瑞銀",21,59,-38
"4411","4903聯光通","110/07/09","元大-敦南",10,0,10
"4412","4903聯光通","110/07/09","第一金-台中",0,12,-12
"4413","4903聯光通","110/07/09","凱基-士林",5,0,5
"4414","4903聯光通","110/07/09","日盛-忠孝",0,3,-3
"4415","4903聯光通","110/07/09","元大-苗栗",5,0,5
"4416","4903聯光通","110/07/09","群益金鼎-崇德",0,3,-3
"4417","4903聯光通","110/07/09","元大-屏南",3,0,3
"4418","4903聯光通","110/07/09","國票-內壢",0,2,-2
"4419","4903聯光通","110/07/09","中國信託-永康",1,0,1
"4420","4903聯光通","110/07/09","康和-南崁",0,2,-2
"4421","4903聯光通","110/07/09","玉山證券",1,0,1
"4422","4903聯光通","110/07/09","新光-台中",0,2,-2
"4423","4903聯光通","110/07/09","元大-太平",4,3,1
"4424","4903聯光通","110/07/09","玉山-城中",0,2,-2
"4425","4903聯光通","110/07/09","永豐金-嘉義",1,0,1
"4426","4903聯光通","110/07/09","中國信託-文心",0,1,-1
"4427","4903聯光通","110/07/09","大昌",0,0,0
"4428","4903聯光通","110/07/09","大昌",0,0,0
"4429","4903聯光通","110/07/09","中農",0,0,0
"4430","4903聯光通","110/07/09","中農",0,0,0
"4431","4903聯光通","110/07/09","",NA,NA,NA
"4432","4903聯光通","110/07/09","",NA,NA,NA
"4433","4903聯光通","110/07/09","",NA,NA,NA
"4434","4903聯光通","110/07/09","",NA,NA,NA
"4435","4903聯光通","110/07/09","",NA,NA,NA
"4436","4903聯光通","110/07/09","",NA,NA,NA
"4437","4903聯光通","110/07/09","",NA,NA,NA
"4438","4903聯光通","110/07/09","",NA,NA,NA
"4439","4903聯光通","110/07/09","",NA,NA,NA
"4440","4903聯光通","110/07/09","",NA,NA,NA
"4441","2929淘帝","110/07/09","台中銀-台北",110,0,110
"4442","2929淘帝","110/07/09","新光",2,82,-80
"4443","2929淘帝","110/07/09","華南永昌-頭份",72,0,72
"4444","2929淘帝","110/07/09","摩根大通",2,63,-61
"4445","2929淘帝","110/07/09","合庫-高雄",71,0,71
"4446","2929淘帝","110/07/09","第一金-路竹",0,50,-50
"4447","2929淘帝","110/07/09","高橋-龍潭",37,0,37
"4448","2929淘帝","110/07/09","港商麥格理",0,42,-42
"4449","2929淘帝","110/07/09","新光-台中",60,26,34
"4450","2929淘帝","110/07/09","陽信-石牌",0,40,-40
"4451","2929淘帝","110/07/09","元富-大裕",22,1,21
"4452","2929淘帝","110/07/09","台新-左楠",1,39,-38
"4453","2929淘帝","110/07/09","合庫-鳳山",20,0,20
"4454","2929淘帝","110/07/09","凱基-桃園",3,29,-26
"4455","2929淘帝","110/07/09","元大-員林",22,2,20
"4456","2929淘帝","110/07/09","兆豐-內湖",0,25,-25
"4457","2929淘帝","110/07/09","台新-建北",15,0,15
"4458","2929淘帝","110/07/09","元大-北港",0,20,-20
"4459","2929淘帝","110/07/09","兆豐-桃園",13,0,13
"4460","2929淘帝","110/07/09","富邦-北港",0,19,-19
"4461","2929淘帝","110/07/09","兆豐-忠孝",10,0,10
"4462","2929淘帝","110/07/09","富邦-花蓮",0,17,-17
"4463","2929淘帝","110/07/09","國票-敦北法人",10,0,10
"4464","2929淘帝","110/07/09","國泰-台中",2,17,-15
"4465","2929淘帝","110/07/09","永豐金-博愛",10,0,10
"4466","2929淘帝","110/07/09","群益金鼎-彰化",0,15,-15
"4467","2929淘帝","110/07/09","群益金鼎-潭子",8,0,8
"4468","2929淘帝","110/07/09","元大-博愛",0,14,-14
"4469","2929淘帝","110/07/09","富邦-南屯",8,0,8
"4470","2929淘帝","110/07/09","日盛-板橋",0,13,-13
"4471","5410國眾","110/07/09","元大-新盛",14,0,14
"4472","5410國眾","110/07/09","(牛牛牛)亞-鑫豐",1,41,-40
"4473","5410國眾","110/07/09","台灣企銀-民雄",10,0,10
"4474","5410國眾","110/07/09","元富-嘉義",0,25,-25
"4475","5410國眾","110/07/09","元富-虎尾",9,0,9
"4476","5410國眾","110/07/09","凱基-高美館",0,10,-10
"4477","5410國眾","110/07/09","摩根大通",10,1,9
"4478","5410國眾","110/07/09","凱基-城中",0,10,-10
"4479","5410國眾","110/07/09","兆豐-北高雄",7,0,7
"4480","5410國眾","110/07/09","元大-頭份",0,10,-10
"4481","5410國眾","110/07/09","凱基-台北",8,1,7
"4482","5410國眾","110/07/09","群益金鼎-丹鳳",0,7,-7
"4483","5410國眾","110/07/09","華南永昌-公誠",7,0,7
"4484","5410國眾","110/07/09","凱基-復興",0,7,-7
"4485","5410國眾","110/07/09","香港上海匯豐",6,0,6
"4486","5410國眾","110/07/09","元大-員林",0,7,-7
"4487","5410國眾","110/07/09","凱基-中壢",6,0,6
"4488","5410國眾","110/07/09","富邦-竹東",0,6,-6
"4489","5410國眾","110/07/09","華南永昌-南京",6,0,6
"4490","5410國眾","110/07/09","亞東-高雄",0,5,-5
"4491","5410國眾","110/07/09","統一-三重",5,0,5
"4492","5410國眾","110/07/09","大慶-中壢",1,6,-5
"4493","5410國眾","110/07/09","富邦-宜蘭",5,0,5
"4494","5410國眾","110/07/09","群益金鼎-中港",0,5,-5
"4495","5410國眾","110/07/09","元大-崇德",5,0,5
"4496","5410國眾","110/07/09","元大-八德",0,5,-5
"4497","5410國眾","110/07/09","元大-博愛",5,0,5
"4498","5410國眾","110/07/09","富邦-基隆",0,4,-4
"4499","5410國眾","110/07/09","元大-龍潭",5,0,5
"4500","5410國眾","110/07/09","臺銀-新竹",0,3,-3
"4501","2841台開","110/07/09","日盛-雙和",102,0,102
"4502","2841台開","110/07/09","港商野村",0,129,-129
"4503","2841台開","110/07/09","元大-館前",70,0,70
"4504","2841台開","110/07/09","兆豐-永和",0,100,-100
"4505","2841台開","110/07/09","凱基-文心",50,0,50
"4506","2841台開","110/07/09","台新證券",7,28,-21
"4507","2841台開","110/07/09","富邦-嘉義",40,0,40
"4508","2841台開","110/07/09","國票-北高雄",0,20,-20
"4509","2841台開","110/07/09","美商高盛",15,0,15
"4510","2841台開","110/07/09","永豐金-敦南",29,46,-17
"4511","2841台開","110/07/09","台中銀",15,0,15
"4512","2841台開","110/07/09","合庫-基隆",0,12,-12
"4513","2841台開","110/07/09","新光",11,0,11
"4514","2841台開","110/07/09","中國信託-松江",0,12,-12
"4515","2841台開","110/07/09","華南永昌-長虹",10,0,10
"4516","2841台開","110/07/09","兆豐-城中",0,12,-12
"4517","2841台開","110/07/09","永豐金-南投",10,0,10
"4518","2841台開","110/07/09","台中銀-豐原",0,10,-10
"4519","2841台開","110/07/09","合庫-桃園",7,0,7
"4520","2841台開","110/07/09","兆豐-景美",0,10,-10
"4521","2841台開","110/07/09","群益金鼎-古亭",7,0,7
"4522","2841台開","110/07/09","群益金鼎-基隆",0,10,-10
"4523","2841台開","110/07/09","國泰-敦南",6,0,6
"4524","2841台開","110/07/09","元大-北三重",0,10,-10
"4525","2841台開","110/07/09","凱基-桃園",8,2,6
"4526","2841台開","110/07/09","(牛牛牛)亞-網路",0,9,-9
"4527","2841台開","110/07/09","日盛證券",5,0,5
"4528","2841台開","110/07/09","台新-高雄",1,10,-9
"4529","2841台開","110/07/09","元富-文心",5,0,5
"4530","2841台開","110/07/09","凱基-台北",0,7,-7
"4531","6207雷科","110/07/09","群益金鼎-新竹",47,0,47
"4532","6207雷科","110/07/09","新光",7,24,-17
"4533","6207雷科","110/07/09","永豐金-三重",31,0,31
"4534","6207雷科","110/07/09","日盛-和美",0,15,-15
"4535","6207雷科","110/07/09","新加坡商瑞銀",33,5,28
"4536","6207雷科","110/07/09","國泰-台南",0,15,-15
"4537","6207雷科","110/07/09","元大-高雄",26,0,26
"4538","6207雷科","110/07/09","華南永昌-古亭",0,14,-14
"4539","6207雷科","110/07/09","統一-員林",22,0,22
"4540","6207雷科","110/07/09","土銀-白河",0,11,-11
"4541","6207雷科","110/07/09","台新-高雄",22,0,22
"4542","6207雷科","110/07/09","日盛-台南",0,10,-10
"4543","6207雷科","110/07/09","摩根大通",34,17,17
"4544","6207雷科","110/07/09","元富-林園",0,10,-10
"4545","6207雷科","110/07/09","元大-博愛",17,1,16
"4546","6207雷科","110/07/09","富邦-園區",0,10,-10
"4547","6207雷科","110/07/09","日茂-埔里",12,0,12
"4548","6207雷科","110/07/09","元大-上新莊",0,10,-10
"4549","6207雷科","110/07/09","國泰-台中",17,6,11
"4550","6207雷科","110/07/09","永豐金-南京",0,10,-10
"4551","6207雷科","110/07/09","富邦-三重",10,0,10
"4552","6207雷科","110/07/09","兆豐-小港",0,6,-6
"4553","6207雷科","110/07/09","元大-沙鹿",10,0,10
"4554","6207雷科","110/07/09","富邦-羅東",1,7,-6
"4555","6207雷科","110/07/09","元大-八德",10,0,10
"4556","6207雷科","110/07/09","元大-土城永寧",0,6,-6
"4557","6207雷科","110/07/09","第一金-路竹",11,2,9
"4558","6207雷科","110/07/09","永豐金-板盛",0,6,-6
"4559","6207雷科","110/07/09","統一-南京",5,0,5
"4560","6207雷科","110/07/09","日盛-板橋",0,5,-5
"4561","3679新至陞","110/07/09","元大-大天母",10,0,10
"4562","3679新至陞","110/07/09","第一金-光復",0,11,-11
"4563","3679新至陞","110/07/09","日盛-樹林",9,0,9
"4564","3679新至陞","110/07/09","瑞士信貸",0,8,-8
"4565","3679新至陞","110/07/09","凱基-台北",11,2,9
"4566","3679新至陞","110/07/09","大慶-苗栗",0,5,-5
"4567","3679新至陞","110/07/09","華南永昌-小港",8,0,8
"4568","3679新至陞","110/07/09","元大-永春",0,5,-5
"4569","3679新至陞","110/07/09","兆豐-來福",7,0,7
"4570","3679新至陞","110/07/09","日盛-和美",0,4,-4
"4571","3679新至陞","110/07/09","香港上海匯豐",5,0,5
"4572","3679新至陞","110/07/09","元大-雙和",0,3,-3
"4573","3679新至陞","110/07/09","台中銀-員林",3,0,3
"4574","3679新至陞","110/07/09","永豐金-屏東",0,3,-3
"4575","3679新至陞","110/07/09","新光",3,0,3
"4576","3679新至陞","110/07/09","彰銀",0,2,-2
"4577","3679新至陞","110/07/09","土銀-花蓮",2,0,2
"4578","3679新至陞","110/07/09","宏遠-館前",0,2,-2
"4579","3679新至陞","110/07/09","第一金-澎湖",2,0,2
"4580","3679新至陞","110/07/09","港商野村",0,2,-2
"4581","3679新至陞","110/07/09","摩根大通",2,0,2
"4582","3679新至陞","110/07/09","大昌-新店",0,2,-2
"4583","3679新至陞","110/07/09","國泰-敦南",2,0,2
"4584","3679新至陞","110/07/09","元大-新莊",0,2,-2
"4585","3679新至陞","110/07/09","元大-淡水",4,2,2
"4586","3679新至陞","110/07/09","元大-板橋",0,2,-2
"4587","3679新至陞","110/07/09","日盛-士林",1,0,1
"4588","3679新至陞","110/07/09","台灣摩根士丹利",0,1,-1
"4589","3679新至陞","110/07/09","日盛-信義",1,0,1
"4590","3679新至陞","110/07/09","第一金-高雄",0,1,-1
"4591","2727王品","110/07/09","台灣匯立證券",90,0,90
"4592","2727王品","110/07/09","台灣摩根士丹利",0,267,-267
"4593","2727王品","110/07/09","國泰-敦南",166,84,82
"4594","2727王品","110/07/09","富邦-台北",35,299,-264
"4595","2727王品","110/07/09","富邦-仁愛",56,12,44
"4596","2727王品","110/07/09","凱基-台北",174,296,-122
"4597","2727王品","110/07/09","台新證券",109,66,43
"4598","2727王品","110/07/09","第一金",2,102,-100
"4599","2727王品","110/07/09","新光",117,87,30
"4600","2727王品","110/07/09","群益金鼎-大安",0,80,-80
"4601","2727王品","110/07/09","臺銀-臺中",35,6,29
"4602","2727王品","110/07/09","兆豐-大安",7,60,-53
"4603","2727王品","110/07/09","元大-桃園",32,3,29
"4604","2727王品","110/07/09","永豐金-南投",0,50,-50
"4605","2727王品","110/07/09","元富-宜蘭",34,6,28
"4606","2727王品","110/07/09","新加坡商瑞銀",6,46,-40
"4607","2727王品","110/07/09","玉山-台中",34,8,26
"4608","2727王品","110/07/09","合庫-彰化",11,50,-39
"4609","2727王品","110/07/09","群益金鼎-宜蘭",30,4,26
"4610","2727王品","110/07/09","永豐金-萬盛",13,52,-39
"4611","2727王品","110/07/09","富邦-台中",42,16,26
"4612","2727王品","110/07/09","瑞士信貸",0,34,-34
"4613","2727王品","110/07/09","第一金-豐原",25,1,24
"4614","2727王品","110/07/09","元大-和平",4,35,-31
"4615","2727王品","110/07/09","臺銀",30,8,22
"4616","2727王品","110/07/09","美林",14,44,-30
"4617","2727王品","110/07/09","兆豐-來福",23,1,22
"4618","2727王品","110/07/09","元大-員林",9,38,-29
"4619","2727王品","110/07/09","玉山-士林",22,2,20
"4620","2727王品","110/07/09","元富-西松",4,31,-27
"4621","1570力肯","110/07/09","凱基-台北",30,1,29
"4622","1570力肯","110/07/09","群益金鼎-彰化",0,20,-20
"4623","1570力肯","110/07/09","新光-台南",20,0,20
"4624","1570力肯","110/07/09","元大-土城學府",0,20,-20
"4625","1570力肯","110/07/09","元大-高雄",20,0,20
"4626","1570力肯","110/07/09","元大-大統",0,16,-16
"4627","1570力肯","110/07/09","國票-中正",12,0,12
"4628","1570力肯","110/07/09","元大-新營",0,11,-11
"4629","1570力肯","110/07/09","日盛-高雄",6,0,6
"4630","1570力肯","110/07/09","元大-和平",0,10,-10
"4631","1570力肯","110/07/09","元富-緯城",6,0,6
"4632","1570力肯","110/07/09","元大-草屯",0,10,-10
"4633","1570力肯","110/07/09","群益金鼎-台南",6,0,6
"4634","1570力肯","110/07/09","元大-鹿港",0,9,-9
"4635","1570力肯","110/07/09","華南永昌-岡山",6,0,6
"4636","1570力肯","110/07/09","合庫-基隆",0,7,-7
"4637","1570力肯","110/07/09","統一-中壢",5,0,5
"4638","1570力肯","110/07/09","摩根大通",2,8,-6
"4639","1570力肯","110/07/09","凱基-三峽",5,0,5
"4640","1570力肯","110/07/09","台灣企銀-豐原",0,4,-4
"4641","1570力肯","110/07/09","大昌-樹林",4,0,4
"4642","1570力肯","110/07/09","日盛-桃園",0,4,-4
"4643","1570力肯","110/07/09","新光",3,0,3
"4644","1570力肯","110/07/09","國泰-高雄",0,3,-3
"4645","1570力肯","110/07/09","富邦-新竹華信",3,0,3
"4646","1570力肯","110/07/09","永豐金-敦南",0,3,-3
"4647","1570力肯","110/07/09","合庫-台中",2,0,2
"4648","1570力肯","110/07/09","土銀-彰化",0,2,-2
"4649","1570力肯","110/07/09","臺銀-臺中",2,0,2
"4650","1570力肯","110/07/09","臺銀-鳳山",0,2,-2
"4651","6180橘子","110/07/09","摩根大通",63,1,62
"4652","6180橘子","110/07/09","元大-南京",1,32,-31
"4653","6180橘子","110/07/09","富邦-陽明",73,33,40
"4654","6180橘子","110/07/09","群益金鼎-台北",0,25,-25
"4655","6180橘子","110/07/09","新加坡商瑞銀",31,0,31
"4656","6180橘子","110/07/09","兆豐-復興",0,21,-21
"4657","6180橘子","110/07/09","美商高盛",25,0,25
"4658","6180橘子","110/07/09","永豐金-嘉義",0,21,-21
"4659","6180橘子","110/07/09","凱基-台北",26,10,16
"4660","6180橘子","110/07/09","凱基-中壢",8,24,-16
"4661","6180橘子","110/07/09","華南永昌-楠梓",13,0,13
"4662","6180橘子","110/07/09","致和-崇德",0,15,-15
"4663","6180橘子","110/07/09","華南永昌-朴子",11,0,11
"4664","6180橘子","110/07/09","群益金鼎-屏東",0,15,-15
"4665","6180橘子","110/07/09","元大-北港",11,0,11
"4666","6180橘子","110/07/09","群益金鼎-中山",0,15,-15
"4667","6180橘子","110/07/09","元大-成功",10,1,9
"4668","6180橘子","110/07/09","瑞士信貸",1,15,-14
"4669","6180橘子","110/07/09","新光",26,18,8
"4670","6180橘子","110/07/09","日盛-二林",0,10,-10
"4671","6180橘子","110/07/09","統一-三重",6,0,6
"4672","6180橘子","110/07/09","凱基-東門",0,10,-10
"4673","6180橘子","110/07/09","群益金鼎-嘉義",6,0,6
"4674","6180橘子","110/07/09","華南永昌-三重",0,10,-10
"4675","6180橘子","110/07/09","元大-員林中山",6,0,6
"4676","6180橘子","110/07/09","元大-彰化民生",1,11,-10
"4677","6180橘子","110/07/09","合庫-鳳山",5,0,5
"4678","6180橘子","110/07/09","永豐金-新店",1,11,-10
"4679","6180橘子","110/07/09","富邦-建國",6,1,5
"4680","6180橘子","110/07/09","群益金鼎-丹鳳",0,8,-8
"4681","2390云辰","110/07/09","摩根大通",279,56,223
"4682","2390云辰","110/07/09","元大-天母",0,127,-127
"4683","2390云辰","110/07/09","日盛-鳳山",110,2,108
"4684","2390云辰","110/07/09","中國信託-文心",5,109,-104
"4685","2390云辰","110/07/09","宏遠證券",100,0,100
"4686","2390云辰","110/07/09","永豐金-復興",0,55,-55
"4687","2390云辰","110/07/09","元大-大里",63,6,57
"4688","2390云辰","110/07/09","凱基-台北",239,286,-47
"4689","2390云辰","110/07/09","凱基-八德",59,10,49
"4690","2390云辰","110/07/09","德信",2,32,-30
"4691","2390云辰","110/07/09","合庫-新竹",40,0,40
"4692","2390云辰","110/07/09","兆豐-桃鶯",2,32,-30
"4693","2390云辰","110/07/09","國票",40,1,39
"4694","2390云辰","110/07/09","致和-南京",0,30,-30
"4695","2390云辰","110/07/09","新加坡商瑞銀",49,13,36
"4696","2390云辰","110/07/09","富邦-虎尾",1,31,-30
"4697","2390云辰","110/07/09","統一-新台中",36,2,34
"4698","2390云辰","110/07/09","元大-善化",2,31,-29
"4699","2390云辰","110/07/09","國票-嘉義",31,0,31
"4700","2390云辰","110/07/09","富邦-板橋",0,27,-27
"4701","2390云辰","110/07/09","華南永昌",35,7,28
"4702","2390云辰","110/07/09","富邦-永和",3,28,-25
"4703","2390云辰","110/07/09","玉山-台中",49,22,27
"4704","2390云辰","110/07/09","第一金-自由",20,44,-24
"4705","2390云辰","110/07/09","華南永昌-敦南",25,0,25
"4706","2390云辰","110/07/09","凱基-內湖",0,24,-24
"4707","2390云辰","110/07/09","新光-高雄",27,4,23
"4708","2390云辰","110/07/09","元大-汐止",1,24,-23
"4709","2390云辰","110/07/09","台灣摩根士丹利",85,63,22
"4710","2390云辰","110/07/09","新光-台中",12,33,-21
"4711","4903聯光通","110/07/09","元大-敦南",10,0,10
"4712","4903聯光通","110/07/09","第一金-台中",0,12,-12
"4713","4903聯光通","110/07/09","凱基-士林",5,0,5
"4714","4903聯光通","110/07/09","日盛-忠孝",0,3,-3
"4715","4903聯光通","110/07/09","元大-苗栗",5,0,5
"4716","4903聯光通","110/07/09","群益金鼎-崇德",0,3,-3
"4717","4903聯光通","110/07/09","元大-屏南",3,0,3
"4718","4903聯光通","110/07/09","國票-內壢",0,2,-2
"4719","4903聯光通","110/07/09","中國信託-永康",1,0,1
"4720","4903聯光通","110/07/09","康和-南崁",0,2,-2
"4721","4903聯光通","110/07/09","玉山證券",1,0,1
"4722","4903聯光通","110/07/09","新光-台中",0,2,-2
"4723","4903聯光通","110/07/09","元大-太平",4,3,1
"4724","4903聯光通","110/07/09","玉山-城中",0,2,-2
"4725","4903聯光通","110/07/09","永豐金-嘉義",1,0,1
"4726","4903聯光通","110/07/09","中國信託-文心",0,1,-1
"4727","4903聯光通","110/07/09","大昌",0,0,0
"4728","4903聯光通","110/07/09","大昌",0,0,0
"4729","4903聯光通","110/07/09","中農",0,0,0
"4730","4903聯光通","110/07/09","中農",0,0,0
"4731","4903聯光通","110/07/09","",NA,NA,NA
"4732","4903聯光通","110/07/09","",NA,NA,NA
"4733","4903聯光通","110/07/09","",NA,NA,NA
"4734","4903聯光通","110/07/09","",NA,NA,NA
"4735","4903聯光通","110/07/09","",NA,NA,NA
"4736","4903聯光通","110/07/09","",NA,NA,NA
"4737","4903聯光通","110/07/09","",NA,NA,NA
"4738","4903聯光通","110/07/09","",NA,NA,NA
"4739","4903聯光通","110/07/09","",NA,NA,NA
"4740","4903聯光通","110/07/09","",NA,NA,NA
"4741","2929淘帝","110/07/09","台中銀-台北",110,0,110
"4742","2929淘帝","110/07/09","新光",2,82,-80
"4743","2929淘帝","110/07/09","華南永昌-頭份",72,0,72
"4744","2929淘帝","110/07/09","摩根大通",2,63,-61
"4745","2929淘帝","110/07/09","合庫-高雄",71,0,71
"4746","2929淘帝","110/07/09","第一金-路竹",0,50,-50
"4747","2929淘帝","110/07/09","高橋-龍潭",37,0,37
"4748","2929淘帝","110/07/09","港商麥格理",0,42,-42
"4749","2929淘帝","110/07/09","新光-台中",60,26,34
"4750","2929淘帝","110/07/09","陽信-石牌",0,40,-40
"4751","2929淘帝","110/07/09","元富-大裕",22,1,21
"4752","2929淘帝","110/07/09","台新-左楠",1,39,-38
"4753","2929淘帝","110/07/09","合庫-鳳山",20,0,20
"4754","2929淘帝","110/07/09","凱基-桃園",3,29,-26
"4755","2929淘帝","110/07/09","元大-員林",22,2,20
"4756","2929淘帝","110/07/09","兆豐-內湖",0,25,-25
"4757","2929淘帝","110/07/09","台新-建北",15,0,15
"4758","2929淘帝","110/07/09","元大-北港",0,20,-20
"4759","2929淘帝","110/07/09","兆豐-桃園",13,0,13
"4760","2929淘帝","110/07/09","富邦-北港",0,19,-19
"4761","2929淘帝","110/07/09","兆豐-忠孝",10,0,10
"4762","2929淘帝","110/07/09","富邦-花蓮",0,17,-17
"4763","2929淘帝","110/07/09","國票-敦北法人",10,0,10
"4764","2929淘帝","110/07/09","國泰-台中",2,17,-15
"4765","2929淘帝","110/07/09","永豐金-博愛",10,0,10
"4766","2929淘帝","110/07/09","群益金鼎-彰化",0,15,-15
"4767","2929淘帝","110/07/09","群益金鼎-潭子",8,0,8
"4768","2929淘帝","110/07/09","元大-博愛",0,14,-14
"4769","2929淘帝","110/07/09","富邦-南屯",8,0,8
"4770","2929淘帝","110/07/09","日盛-板橋",0,13,-13
"4771","5410國眾","110/07/09","元大-新盛",14,0,14
"4772","5410國眾","110/07/09","(牛牛牛)亞-鑫豐",1,41,-40
"4773","5410國眾","110/07/09","台灣企銀-民雄",10,0,10
"4774","5410國眾","110/07/09","元富-嘉義",0,25,-25
"4775","5410國眾","110/07/09","元富-虎尾",9,0,9
"4776","5410國眾","110/07/09","凱基-高美館",0,10,-10
"4777","5410國眾","110/07/09","摩根大通",10,1,9
"4778","5410國眾","110/07/09","凱基-城中",0,10,-10
"4779","5410國眾","110/07/09","兆豐-北高雄",7,0,7
"4780","5410國眾","110/07/09","元大-頭份",0,10,-10
"4781","5410國眾","110/07/09","凱基-台北",8,1,7
"4782","5410國眾","110/07/09","群益金鼎-丹鳳",0,7,-7
"4783","5410國眾","110/07/09","華南永昌-公誠",7,0,7
"4784","5410國眾","110/07/09","凱基-復興",0,7,-7
"4785","5410國眾","110/07/09","香港上海匯豐",6,0,6
"4786","5410國眾","110/07/09","元大-員林",0,7,-7
"4787","5410國眾","110/07/09","凱基-中壢",6,0,6
"4788","5410國眾","110/07/09","富邦-竹東",0,6,-6
"4789","5410國眾","110/07/09","華南永昌-南京",6,0,6
"4790","5410國眾","110/07/09","亞東-高雄",0,5,-5
"4791","5410國眾","110/07/09","統一-三重",5,0,5
"4792","5410國眾","110/07/09","大慶-中壢",1,6,-5
"4793","5410國眾","110/07/09","富邦-宜蘭",5,0,5
"4794","5410國眾","110/07/09","群益金鼎-中港",0,5,-5
"4795","5410國眾","110/07/09","元大-崇德",5,0,5
"4796","5410國眾","110/07/09","元大-八德",0,5,-5
"4797","5410國眾","110/07/09","元大-博愛",5,0,5
"4798","5410國眾","110/07/09","富邦-基隆",0,4,-4
"4799","5410國眾","110/07/09","元大-龍潭",5,0,5
"4800","5410國眾","110/07/09","臺銀-新竹",0,3,-3
"4801","2841台開","110/07/09","日盛-雙和",102,0,102
"4802","2841台開","110/07/09","港商野村",0,129,-129
"4803","2841台開","110/07/09","元大-館前",70,0,70
"4804","2841台開","110/07/09","兆豐-永和",0,100,-100
"4805","2841台開","110/07/09","凱基-文心",50,0,50
"4806","2841台開","110/07/09","台新證券",7,28,-21
"4807","2841台開","110/07/09","富邦-嘉義",40,0,40
"4808","2841台開","110/07/09","國票-北高雄",0,20,-20
"4809","2841台開","110/07/09","美商高盛",15,0,15
"4810","2841台開","110/07/09","永豐金-敦南",29,46,-17
"4811","2841台開","110/07/09","台中銀",15,0,15
"4812","2841台開","110/07/09","合庫-基隆",0,12,-12
"4813","2841台開","110/07/09","新光",11,0,11
"4814","2841台開","110/07/09","中國信託-松江",0,12,-12
"4815","2841台開","110/07/09","華南永昌-長虹",10,0,10
"4816","2841台開","110/07/09","兆豐-城中",0,12,-12
"4817","2841台開","110/07/09","永豐金-南投",10,0,10
"4818","2841台開","110/07/09","台中銀-豐原",0,10,-10
"4819","2841台開","110/07/09","合庫-桃園",7,0,7
"4820","2841台開","110/07/09","兆豐-景美",0,10,-10
"4821","2841台開","110/07/09","群益金鼎-古亭",7,0,7
"4822","2841台開","110/07/09","群益金鼎-基隆",0,10,-10
"4823","2841台開","110/07/09","國泰-敦南",6,0,6
"4824","2841台開","110/07/09","元大-北三重",0,10,-10
"4825","2841台開","110/07/09","凱基-桃園",8,2,6
"4826","2841台開","110/07/09","(牛牛牛)亞-網路",0,9,-9
"4827","2841台開","110/07/09","日盛證券",5,0,5
"4828","2841台開","110/07/09","台新-高雄",1,10,-9
"4829","2841台開","110/07/09","元富-文心",5,0,5
"4830","2841台開","110/07/09","凱基-台北",0,7,-7
"4831","6207雷科","110/07/09","群益金鼎-新竹",47,0,47
"4832","6207雷科","110/07/09","新光",7,24,-17
"4833","6207雷科","110/07/09","永豐金-三重",31,0,31
"4834","6207雷科","110/07/09","日盛-和美",0,15,-15
"4835","6207雷科","110/07/09","新加坡商瑞銀",33,5,28
"4836","6207雷科","110/07/09","國泰-台南",0,15,-15
"4837","6207雷科","110/07/09","元大-高雄",26,0,26
"4838","6207雷科","110/07/09","華南永昌-古亭",0,14,-14
"4839","6207雷科","110/07/09","統一-員林",22,0,22
"4840","6207雷科","110/07/09","土銀-白河",0,11,-11
"4841","6207雷科","110/07/09","台新-高雄",22,0,22
"4842","6207雷科","110/07/09","日盛-台南",0,10,-10
"4843","6207雷科","110/07/09","摩根大通",34,17,17
"4844","6207雷科","110/07/09","元富-林園",0,10,-10
"4845","6207雷科","110/07/09","元大-博愛",17,1,16
"4846","6207雷科","110/07/09","富邦-園區",0,10,-10
"4847","6207雷科","110/07/09","日茂-埔里",12,0,12
"4848","6207雷科","110/07/09","元大-上新莊",0,10,-10
"4849","6207雷科","110/07/09","國泰-台中",17,6,11
"4850","6207雷科","110/07/09","永豐金-南京",0,10,-10
"4851","6207雷科","110/07/09","富邦-三重",10,0,10
"4852","6207雷科","110/07/09","兆豐-小港",0,6,-6
"4853","6207雷科","110/07/09","元大-沙鹿",10,0,10
"4854","6207雷科","110/07/09","富邦-羅東",1,7,-6
"4855","6207雷科","110/07/09","元大-八德",10,0,10
"4856","6207雷科","110/07/09","元大-土城永寧",0,6,-6
"4857","6207雷科","110/07/09","第一金-路竹",11,2,9
"4858","6207雷科","110/07/09","永豐金-板盛",0,6,-6
"4859","6207雷科","110/07/09","統一-南京",5,0,5
"4860","6207雷科","110/07/09","日盛-板橋",0,5,-5
"4861","3679新至陞","110/07/09","元大-大天母",10,0,10
"4862","3679新至陞","110/07/09","第一金-光復",0,11,-11
"4863","3679新至陞","110/07/09","日盛-樹林",9,0,9
"4864","3679新至陞","110/07/09","瑞士信貸",0,8,-8
"4865","3679新至陞","110/07/09","凱基-台北",11,2,9
"4866","3679新至陞","110/07/09","大慶-苗栗",0,5,-5
"4867","3679新至陞","110/07/09","華南永昌-小港",8,0,8
"4868","3679新至陞","110/07/09","元大-永春",0,5,-5
"4869","3679新至陞","110/07/09","兆豐-來福",7,0,7
"4870","3679新至陞","110/07/09","日盛-和美",0,4,-4
"4871","3679新至陞","110/07/09","香港上海匯豐",5,0,5
"4872","3679新至陞","110/07/09","元大-雙和",0,3,-3
"4873","3679新至陞","110/07/09","台中銀-員林",3,0,3
"4874","3679新至陞","110/07/09","永豐金-屏東",0,3,-3
"4875","3679新至陞","110/07/09","新光",3,0,3
"4876","3679新至陞","110/07/09","彰銀",0,2,-2
"4877","3679新至陞","110/07/09","土銀-花蓮",2,0,2
"4878","3679新至陞","110/07/09","宏遠-館前",0,2,-2
"4879","3679新至陞","110/07/09","第一金-澎湖",2,0,2
"4880","3679新至陞","110/07/09","港商野村",0,2,-2
"4881","3679新至陞","110/07/09","摩根大通",2,0,2
"4882","3679新至陞","110/07/09","大昌-新店",0,2,-2
"4883","3679新至陞","110/07/09","國泰-敦南",2,0,2
"4884","3679新至陞","110/07/09","元大-新莊",0,2,-2
"4885","3679新至陞","110/07/09","元大-淡水",4,2,2
"4886","3679新至陞","110/07/09","元大-板橋",0,2,-2
"4887","3679新至陞","110/07/09","日盛-士林",1,0,1
"4888","3679新至陞","110/07/09","台灣摩根士丹利",0,1,-1
"4889","3679新至陞","110/07/09","日盛-信義",1,0,1
"4890","3679新至陞","110/07/09","第一金-高雄",0,1,-1
"4891","2727王品","110/07/09","台灣匯立證券",90,0,90
"4892","2727王品","110/07/09","台灣摩根士丹利",0,267,-267
"4893","2727王品","110/07/09","國泰-敦南",166,84,82
"4894","2727王品","110/07/09","富邦-台北",35,299,-264
"4895","2727王品","110/07/09","富邦-仁愛",56,12,44
"4896","2727王品","110/07/09","凱基-台北",174,296,-122
"4897","2727王品","110/07/09","台新證券",109,66,43
"4898","2727王品","110/07/09","第一金",2,102,-100
"4899","2727王品","110/07/09","新光",117,87,30
"4900","2727王品","110/07/09","群益金鼎-大安",0,80,-80
"4901","2727王品","110/07/09","臺銀-臺中",35,6,29
"4902","2727王品","110/07/09","兆豐-大安",7,60,-53
"4903","2727王品","110/07/09","元大-桃園",32,3,29
"4904","2727王品","110/07/09","永豐金-南投",0,50,-50
"4905","2727王品","110/07/09","元富-宜蘭",34,6,28
"4906","2727王品","110/07/09","新加坡商瑞銀",6,46,-40
"4907","2727王品","110/07/09","玉山-台中",34,8,26
"4908","2727王品","110/07/09","合庫-彰化",11,50,-39
"4909","2727王品","110/07/09","群益金鼎-宜蘭",30,4,26
"4910","2727王品","110/07/09","永豐金-萬盛",13,52,-39
"4911","2727王品","110/07/09","富邦-台中",42,16,26
"4912","2727王品","110/07/09","瑞士信貸",0,34,-34
"4913","2727王品","110/07/09","第一金-豐原",25,1,24
"4914","2727王品","110/07/09","元大-和平",4,35,-31
"4915","2727王品","110/07/09","臺銀",30,8,22
"4916","2727王品","110/07/09","美林",14,44,-30
"4917","2727王品","110/07/09","兆豐-來福",23,1,22
"4918","2727王品","110/07/09","元大-員林",9,38,-29
"4919","2727王品","110/07/09","玉山-士林",22,2,20
"4920","2727王品","110/07/09","元富-西松",4,31,-27
"4921","1570力肯","110/07/09","凱基-台北",30,1,29
"4922","1570力肯","110/07/09","群益金鼎-彰化",0,20,-20
"4923","1570力肯","110/07/09","新光-台南",20,0,20
"4924","1570力肯","110/07/09","元大-土城學府",0,20,-20
"4925","1570力肯","110/07/09","元大-高雄",20,0,20
"4926","1570力肯","110/07/09","元大-大統",0,16,-16
"4927","1570力肯","110/07/09","國票-中正",12,0,12
"4928","1570力肯","110/07/09","元大-新營",0,11,-11
"4929","1570力肯","110/07/09","日盛-高雄",6,0,6
"4930","1570力肯","110/07/09","元大-和平",0,10,-10
"4931","1570力肯","110/07/09","元富-緯城",6,0,6
"4932","1570力肯","110/07/09","元大-草屯",0,10,-10
"4933","1570力肯","110/07/09","群益金鼎-台南",6,0,6
"4934","1570力肯","110/07/09","元大-鹿港",0,9,-9
"4935","1570力肯","110/07/09","華南永昌-岡山",6,0,6
"4936","1570力肯","110/07/09","合庫-基隆",0,7,-7
"4937","1570力肯","110/07/09","統一-中壢",5,0,5
"4938","1570力肯","110/07/09","摩根大通",2,8,-6
"4939","1570力肯","110/07/09","凱基-三峽",5,0,5
"4940","1570力肯","110/07/09","台灣企銀-豐原",0,4,-4
"4941","1570力肯","110/07/09","大昌-樹林",4,0,4
"4942","1570力肯","110/07/09","日盛-桃園",0,4,-4
"4943","1570力肯","110/07/09","新光",3,0,3
"4944","1570力肯","110/07/09","國泰-高雄",0,3,-3
"4945","1570力肯","110/07/09","富邦-新竹華信",3,0,3
"4946","1570力肯","110/07/09","永豐金-敦南",0,3,-3
"4947","1570力肯","110/07/09","合庫-台中",2,0,2
"4948","1570力肯","110/07/09","土銀-彰化",0,2,-2
"4949","1570力肯","110/07/09","臺銀-臺中",2,0,2
"4950","1570力肯","110/07/09","臺銀-鳳山",0,2,-2
"4951","6180橘子","110/07/09","摩根大通",63,1,62
"4952","6180橘子","110/07/09","元大-南京",1,32,-31
"4953","6180橘子","110/07/09","富邦-陽明",73,33,40
"4954","6180橘子","110/07/09","群益金鼎-台北",0,25,-25
"4955","6180橘子","110/07/09","新加坡商瑞銀",31,0,31
"4956","6180橘子","110/07/09","兆豐-復興",0,21,-21
"4957","6180橘子","110/07/09","美商高盛",25,0,25
"4958","6180橘子","110/07/09","永豐金-嘉義",0,21,-21
"4959","6180橘子","110/07/09","凱基-台北",26,10,16
"4960","6180橘子","110/07/09","凱基-中壢",8,24,-16
"4961","6180橘子","110/07/09","華南永昌-楠梓",13,0,13
"4962","6180橘子","110/07/09","致和-崇德",0,15,-15
"4963","6180橘子","110/07/09","華南永昌-朴子",11,0,11
"4964","6180橘子","110/07/09","群益金鼎-屏東",0,15,-15
"4965","6180橘子","110/07/09","元大-北港",11,0,11
"4966","6180橘子","110/07/09","群益金鼎-中山",0,15,-15
"4967","6180橘子","110/07/09","元大-成功",10,1,9
"4968","6180橘子","110/07/09","瑞士信貸",1,15,-14
"4969","6180橘子","110/07/09","新光",26,18,8
"4970","6180橘子","110/07/09","日盛-二林",0,10,-10
"4971","6180橘子","110/07/09","統一-三重",6,0,6
"4972","6180橘子","110/07/09","凱基-東門",0,10,-10
"4973","6180橘子","110/07/09","群益金鼎-嘉義",6,0,6
"4974","6180橘子","110/07/09","華南永昌-三重",0,10,-10
"4975","6180橘子","110/07/09","元大-員林中山",6,0,6
"4976","6180橘子","110/07/09","元大-彰化民生",1,11,-10
"4977","6180橘子","110/07/09","合庫-鳳山",5,0,5
"4978","6180橘子","110/07/09","永豐金-新店",1,11,-10
"4979","6180橘子","110/07/09","富邦-建國",6,1,5
"4980","6180橘子","110/07/09","群益金鼎-丹鳳",0,8,-8
"4981","2390云辰","110/07/09","摩根大通",279,56,223
"4982","2390云辰","110/07/09","元大-天母",0,127,-127
"4983","2390云辰","110/07/09","日盛-鳳山",110,2,108
"4984","2390云辰","110/07/09","中國信託-文心",5,109,-104
"4985","2390云辰","110/07/09","宏遠證券",100,0,100
"4986","2390云辰","110/07/09","永豐金-復興",0,55,-55
"4987","2390云辰","110/07/09","元大-大里",63,6,57
"4988","2390云辰","110/07/09","凱基-台北",239,286,-47
"4989","2390云辰","110/07/09","凱基-八德",59,10,49
"4990","2390云辰","110/07/09","德信",2,32,-30
"4991","2390云辰","110/07/09","合庫-新竹",40,0,40
"4992","2390云辰","110/07/09","兆豐-桃鶯",2,32,-30
"4993","2390云辰","110/07/09","國票",40,1,39
"4994","2390云辰","110/07/09","致和-南京",0,30,-30
"4995","2390云辰","110/07/09","新加坡商瑞銀",49,13,36
"4996","2390云辰","110/07/09","富邦-虎尾",1,31,-30
"4997","2390云辰","110/07/09","統一-新台中",36,2,34
"4998","2390云辰","110/07/09","元大-善化",2,31,-29
"4999","2390云辰","110/07/09","國票-嘉義",31,0,31
"5000","2390云辰","110/07/09","富邦-板橋",0,27,-27
"5001","2390云辰","110/07/09","華南永昌",35,7,28
"5002","2390云辰","110/07/09","富邦-永和",3,28,-25
"5003","2390云辰","110/07/09","玉山-台中",49,22,27
"5004","2390云辰","110/07/09","第一金-自由",20,44,-24
"5005","2390云辰","110/07/09","華南永昌-敦南",25,0,25
"5006","2390云辰","110/07/09","凱基-內湖",0,24,-24
"5007","2390云辰","110/07/09","新光-高雄",27,4,23
"5008","2390云辰","110/07/09","元大-汐止",1,24,-23
"5009","2390云辰","110/07/09","台灣摩根士丹利",85,63,22
"5010","2390云辰","110/07/09","新光-台中",12,33,-21
"5011","4903聯光通","110/07/09","元大-敦南",10,0,10
"5012","4903聯光通","110/07/09","第一金-台中",0,12,-12
"5013","4903聯光通","110/07/09","凱基-士林",5,0,5
"5014","4903聯光通","110/07/09","日盛-忠孝",0,3,-3
"5015","4903聯光通","110/07/09","元大-苗栗",5,0,5
"5016","4903聯光通","110/07/09","群益金鼎-崇德",0,3,-3
"5017","4903聯光通","110/07/09","元大-屏南",3,0,3
"5018","4903聯光通","110/07/09","國票-內壢",0,2,-2
"5019","4903聯光通","110/07/09","中國信託-永康",1,0,1
"5020","4903聯光通","110/07/09","康和-南崁",0,2,-2
"5021","4903聯光通","110/07/09","玉山證券",1,0,1
"5022","4903聯光通","110/07/09","新光-台中",0,2,-2
"5023","4903聯光通","110/07/09","元大-太平",4,3,1
"5024","4903聯光通","110/07/09","玉山-城中",0,2,-2
"5025","4903聯光通","110/07/09","永豐金-嘉義",1,0,1
"5026","4903聯光通","110/07/09","中國信託-文心",0,1,-1
"5027","4903聯光通","110/07/09","大昌",0,0,0
"5028","4903聯光通","110/07/09","大昌",0,0,0
"5029","4903聯光通","110/07/09","中農",0,0,0
"5030","4903聯光通","110/07/09","中農",0,0,0
"5031","4903聯光通","110/07/09","",NA,NA,NA
"5032","4903聯光通","110/07/09","",NA,NA,NA
"5033","4903聯光通","110/07/09","",NA,NA,NA
"5034","4903聯光通","110/07/09","",NA,NA,NA
"5035","4903聯光通","110/07/09","",NA,NA,NA
"5036","4903聯光通","110/07/09","",NA,NA,NA
"5037","4903聯光通","110/07/09","",NA,NA,NA
"5038","4903聯光通","110/07/09","",NA,NA,NA
"5039","4903聯光通","110/07/09","",NA,NA,NA
"5040","4903聯光通","110/07/09","",NA,NA,NA
"5041","2929淘帝","110/07/09","台中銀-台北",110,0,110
"5042","2929淘帝","110/07/09","新光",2,82,-80
"5043","2929淘帝","110/07/09","華南永昌-頭份",72,0,72
"5044","2929淘帝","110/07/09","摩根大通",2,63,-61
"5045","2929淘帝","110/07/09","合庫-高雄",71,0,71
"5046","2929淘帝","110/07/09","第一金-路竹",0,50,-50
"5047","2929淘帝","110/07/09","高橋-龍潭",37,0,37
"5048","2929淘帝","110/07/09","港商麥格理",0,42,-42
"5049","2929淘帝","110/07/09","新光-台中",60,26,34
"5050","2929淘帝","110/07/09","陽信-石牌",0,40,-40
"5051","2929淘帝","110/07/09","元富-大裕",22,1,21
"5052","2929淘帝","110/07/09","台新-左楠",1,39,-38
"5053","2929淘帝","110/07/09","合庫-鳳山",20,0,20
"5054","2929淘帝","110/07/09","凱基-桃園",3,29,-26
"5055","2929淘帝","110/07/09","元大-員林",22,2,20
"5056","2929淘帝","110/07/09","兆豐-內湖",0,25,-25
"5057","2929淘帝","110/07/09","台新-建北",15,0,15
"5058","2929淘帝","110/07/09","元大-北港",0,20,-20
"5059","2929淘帝","110/07/09","兆豐-桃園",13,0,13
"5060","2929淘帝","110/07/09","富邦-北港",0,19,-19
"5061","2929淘帝","110/07/09","兆豐-忠孝",10,0,10
"5062","2929淘帝","110/07/09","富邦-花蓮",0,17,-17
"5063","2929淘帝","110/07/09","國票-敦北法人",10,0,10
"5064","2929淘帝","110/07/09","國泰-台中",2,17,-15
"5065","2929淘帝","110/07/09","永豐金-博愛",10,0,10
"5066","2929淘帝","110/07/09","群益金鼎-彰化",0,15,-15
"5067","2929淘帝","110/07/09","群益金鼎-潭子",8,0,8
"5068","2929淘帝","110/07/09","元大-博愛",0,14,-14
"5069","2929淘帝","110/07/09","富邦-南屯",8,0,8
"5070","2929淘帝","110/07/09","日盛-板橋",0,13,-13
"5071","5410國眾","110/07/09","元大-新盛",14,0,14
"5072","5410國眾","110/07/09","(牛牛牛)亞-鑫豐",1,41,-40
"5073","5410國眾","110/07/09","台灣企銀-民雄",10,0,10
"5074","5410國眾","110/07/09","元富-嘉義",0,25,-25
"5075","5410國眾","110/07/09","元富-虎尾",9,0,9
"5076","5410國眾","110/07/09","凱基-高美館",0,10,-10
"5077","5410國眾","110/07/09","摩根大通",10,1,9
"5078","5410國眾","110/07/09","凱基-城中",0,10,-10
"5079","5410國眾","110/07/09","兆豐-北高雄",7,0,7
"5080","5410國眾","110/07/09","元大-頭份",0,10,-10
"5081","5410國眾","110/07/09","凱基-台北",8,1,7
"5082","5410國眾","110/07/09","群益金鼎-丹鳳",0,7,-7
"5083","5410國眾","110/07/09","華南永昌-公誠",7,0,7
"5084","5410國眾","110/07/09","凱基-復興",0,7,-7
"5085","5410國眾","110/07/09","香港上海匯豐",6,0,6
"5086","5410國眾","110/07/09","元大-員林",0,7,-7
"5087","5410國眾","110/07/09","凱基-中壢",6,0,6
"5088","5410國眾","110/07/09","富邦-竹東",0,6,-6
"5089","5410國眾","110/07/09","華南永昌-南京",6,0,6
"5090","5410國眾","110/07/09","亞東-高雄",0,5,-5
"5091","5410國眾","110/07/09","統一-三重",5,0,5
"5092","5410國眾","110/07/09","大慶-中壢",1,6,-5
"5093","5410國眾","110/07/09","富邦-宜蘭",5,0,5
"5094","5410國眾","110/07/09","群益金鼎-中港",0,5,-5
"5095","5410國眾","110/07/09","元大-崇德",5,0,5
"5096","5410國眾","110/07/09","元大-八德",0,5,-5
"5097","5410國眾","110/07/09","元大-博愛",5,0,5
"5098","5410國眾","110/07/09","富邦-基隆",0,4,-4
"5099","5410國眾","110/07/09","元大-龍潭",5,0,5
"5100","5410國眾","110/07/09","臺銀-新竹",0,3,-3
"5101","2841台開","110/07/09","日盛-雙和",102,0,102
"5102","2841台開","110/07/09","港商野村",0,129,-129
"5103","2841台開","110/07/09","元大-館前",70,0,70
"5104","2841台開","110/07/09","兆豐-永和",0,100,-100
"5105","2841台開","110/07/09","凱基-文心",50,0,50
"5106","2841台開","110/07/09","台新證券",7,28,-21
"5107","2841台開","110/07/09","富邦-嘉義",40,0,40
"5108","2841台開","110/07/09","國票-北高雄",0,20,-20
"5109","2841台開","110/07/09","美商高盛",15,0,15
"5110","2841台開","110/07/09","永豐金-敦南",29,46,-17
"5111","2841台開","110/07/09","台中銀",15,0,15
"5112","2841台開","110/07/09","合庫-基隆",0,12,-12
"5113","2841台開","110/07/09","新光",11,0,11
"5114","2841台開","110/07/09","中國信託-松江",0,12,-12
"5115","2841台開","110/07/09","華南永昌-長虹",10,0,10
"5116","2841台開","110/07/09","兆豐-城中",0,12,-12
"5117","2841台開","110/07/09","永豐金-南投",10,0,10
"5118","2841台開","110/07/09","台中銀-豐原",0,10,-10
"5119","2841台開","110/07/09","合庫-桃園",7,0,7
"5120","2841台開","110/07/09","兆豐-景美",0,10,-10
"5121","2841台開","110/07/09","群益金鼎-古亭",7,0,7
"5122","2841台開","110/07/09","群益金鼎-基隆",0,10,-10
"5123","2841台開","110/07/09","國泰-敦南",6,0,6
"5124","2841台開","110/07/09","元大-北三重",0,10,-10
"5125","2841台開","110/07/09","凱基-桃園",8,2,6
"5126","2841台開","110/07/09","(牛牛牛)亞-網路",0,9,-9
"5127","2841台開","110/07/09","日盛證券",5,0,5
"5128","2841台開","110/07/09","台新-高雄",1,10,-9
"5129","2841台開","110/07/09","元富-文心",5,0,5
"5130","2841台開","110/07/09","凱基-台北",0,7,-7
"5131","6207雷科","110/07/09","群益金鼎-新竹",47,0,47
"5132","6207雷科","110/07/09","新光",7,24,-17
"5133","6207雷科","110/07/09","永豐金-三重",31,0,31
"5134","6207雷科","110/07/09","日盛-和美",0,15,-15
"5135","6207雷科","110/07/09","新加坡商瑞銀",33,5,28
"5136","6207雷科","110/07/09","國泰-台南",0,15,-15
"5137","6207雷科","110/07/09","元大-高雄",26,0,26
"5138","6207雷科","110/07/09","華南永昌-古亭",0,14,-14
"5139","6207雷科","110/07/09","統一-員林",22,0,22
"5140","6207雷科","110/07/09","土銀-白河",0,11,-11
"5141","6207雷科","110/07/09","台新-高雄",22,0,22
"5142","6207雷科","110/07/09","日盛-台南",0,10,-10
"5143","6207雷科","110/07/09","摩根大通",34,17,17
"5144","6207雷科","110/07/09","元富-林園",0,10,-10
"5145","6207雷科","110/07/09","元大-博愛",17,1,16
"5146","6207雷科","110/07/09","富邦-園區",0,10,-10
"5147","6207雷科","110/07/09","日茂-埔里",12,0,12
"5148","6207雷科","110/07/09","元大-上新莊",0,10,-10
"5149","6207雷科","110/07/09","國泰-台中",17,6,11
"5150","6207雷科","110/07/09","永豐金-南京",0,10,-10
"5151","6207雷科","110/07/09","富邦-三重",10,0,10
"5152","6207雷科","110/07/09","兆豐-小港",0,6,-6
"5153","6207雷科","110/07/09","元大-沙鹿",10,0,10
"5154","6207雷科","110/07/09","富邦-羅東",1,7,-6
"5155","6207雷科","110/07/09","元大-八德",10,0,10
"5156","6207雷科","110/07/09","元大-土城永寧",0,6,-6
"5157","6207雷科","110/07/09","第一金-路竹",11,2,9
"5158","6207雷科","110/07/09","永豐金-板盛",0,6,-6
"5159","6207雷科","110/07/09","統一-南京",5,0,5
"5160","6207雷科","110/07/09","日盛-板橋",0,5,-5
"5161","3679新至陞","110/07/09","元大-大天母",10,0,10
"5162","3679新至陞","110/07/09","第一金-光復",0,11,-11
"5163","3679新至陞","110/07/09","日盛-樹林",9,0,9
"5164","3679新至陞","110/07/09","瑞士信貸",0,8,-8
"5165","3679新至陞","110/07/09","凱基-台北",11,2,9
"5166","3679新至陞","110/07/09","大慶-苗栗",0,5,-5
"5167","3679新至陞","110/07/09","華南永昌-小港",8,0,8
"5168","3679新至陞","110/07/09","元大-永春",0,5,-5
"5169","3679新至陞","110/07/09","兆豐-來福",7,0,7
"5170","3679新至陞","110/07/09","日盛-和美",0,4,-4
"5171","3679新至陞","110/07/09","香港上海匯豐",5,0,5
"5172","3679新至陞","110/07/09","元大-雙和",0,3,-3
"5173","3679新至陞","110/07/09","台中銀-員林",3,0,3
"5174","3679新至陞","110/07/09","永豐金-屏東",0,3,-3
"5175","3679新至陞","110/07/09","新光",3,0,3
"5176","3679新至陞","110/07/09","彰銀",0,2,-2
"5177","3679新至陞","110/07/09","土銀-花蓮",2,0,2
"5178","3679新至陞","110/07/09","宏遠-館前",0,2,-2
"5179","3679新至陞","110/07/09","第一金-澎湖",2,0,2
"5180","3679新至陞","110/07/09","港商野村",0,2,-2
"5181","3679新至陞","110/07/09","摩根大通",2,0,2
"5182","3679新至陞","110/07/09","大昌-新店",0,2,-2
"5183","3679新至陞","110/07/09","國泰-敦南",2,0,2
"5184","3679新至陞","110/07/09","元大-新莊",0,2,-2
"5185","3679新至陞","110/07/09","元大-淡水",4,2,2
"5186","3679新至陞","110/07/09","元大-板橋",0,2,-2
"5187","3679新至陞","110/07/09","日盛-士林",1,0,1
"5188","3679新至陞","110/07/09","台灣摩根士丹利",0,1,-1
"5189","3679新至陞","110/07/09","日盛-信義",1,0,1
"5190","3679新至陞","110/07/09","第一金-高雄",0,1,-1
"5191","2727王品","110/07/09","台灣匯立證券",90,0,90
"5192","2727王品","110/07/09","台灣摩根士丹利",0,267,-267
"5193","2727王品","110/07/09","國泰-敦南",166,84,82
"5194","2727王品","110/07/09","富邦-台北",35,299,-264
"5195","2727王品","110/07/09","富邦-仁愛",56,12,44
"5196","2727王品","110/07/09","凱基-台北",174,296,-122
"5197","2727王品","110/07/09","台新證券",109,66,43
"5198","2727王品","110/07/09","第一金",2,102,-100
"5199","2727王品","110/07/09","新光",117,87,30
"5200","2727王品","110/07/09","群益金鼎-大安",0,80,-80
"5201","2727王品","110/07/09","臺銀-臺中",35,6,29
"5202","2727王品","110/07/09","兆豐-大安",7,60,-53
"5203","2727王品","110/07/09","元大-桃園",32,3,29
"5204","2727王品","110/07/09","永豐金-南投",0,50,-50
"5205","2727王品","110/07/09","元富-宜蘭",34,6,28
"5206","2727王品","110/07/09","新加坡商瑞銀",6,46,-40
"5207","2727王品","110/07/09","玉山-台中",34,8,26
"5208","2727王品","110/07/09","合庫-彰化",11,50,-39
"5209","2727王品","110/07/09","群益金鼎-宜蘭",30,4,26
"5210","2727王品","110/07/09","永豐金-萬盛",13,52,-39
"5211","2727王品","110/07/09","富邦-台中",42,16,26
"5212","2727王品","110/07/09","瑞士信貸",0,34,-34
"5213","2727王品","110/07/09","第一金-豐原",25,1,24
"5214","2727王品","110/07/09","元大-和平",4,35,-31
"5215","2727王品","110/07/09","臺銀",30,8,22
"5216","2727王品","110/07/09","美林",14,44,-30
"5217","2727王品","110/07/09","兆豐-來福",23,1,22
"5218","2727王品","110/07/09","元大-員林",9,38,-29
"5219","2727王品","110/07/09","玉山-士林",22,2,20
"5220","2727王品","110/07/09","元富-西松",4,31,-27
"5221","1570力肯","110/07/09","凱基-台北",30,1,29
"5222","1570力肯","110/07/09","群益金鼎-彰化",0,20,-20
"5223","1570力肯","110/07/09","新光-台南",20,0,20
"5224","1570力肯","110/07/09","元大-土城學府",0,20,-20
"5225","1570力肯","110/07/09","元大-高雄",20,0,20
"5226","1570力肯","110/07/09","元大-大統",0,16,-16
"5227","1570力肯","110/07/09","國票-中正",12,0,12
"5228","1570力肯","110/07/09","元大-新營",0,11,-11
"5229","1570力肯","110/07/09","日盛-高雄",6,0,6
"5230","1570力肯","110/07/09","元大-和平",0,10,-10
"5231","1570力肯","110/07/09","元富-緯城",6,0,6
"5232","1570力肯","110/07/09","元大-草屯",0,10,-10
"5233","1570力肯","110/07/09","群益金鼎-台南",6,0,6
"5234","1570力肯","110/07/09","元大-鹿港",0,9,-9
"5235","1570力肯","110/07/09","華南永昌-岡山",6,0,6
"5236","1570力肯","110/07/09","合庫-基隆",0,7,-7
"5237","1570力肯","110/07/09","統一-中壢",5,0,5
"5238","1570力肯","110/07/09","摩根大通",2,8,-6
"5239","1570力肯","110/07/09","凱基-三峽",5,0,5
"5240","1570力肯","110/07/09","台灣企銀-豐原",0,4,-4
"5241","1570力肯","110/07/09","大昌-樹林",4,0,4
"5242","1570力肯","110/07/09","日盛-桃園",0,4,-4
"5243","1570力肯","110/07/09","新光",3,0,3
"5244","1570力肯","110/07/09","國泰-高雄",0,3,-3
"5245","1570力肯","110/07/09","富邦-新竹華信",3,0,3
"5246","1570力肯","110/07/09","永豐金-敦南",0,3,-3
"5247","1570力肯","110/07/09","合庫-台中",2,0,2
"5248","1570力肯","110/07/09","土銀-彰化",0,2,-2
"5249","1570力肯","110/07/09","臺銀-臺中",2,0,2
"5250","1570力肯","110/07/09","臺銀-鳳山",0,2,-2
"5251","6180橘子","110/07/09","摩根大通",63,1,62
"5252","6180橘子","110/07/09","元大-南京",1,32,-31
"5253","6180橘子","110/07/09","富邦-陽明",73,33,40
"5254","6180橘子","110/07/09","群益金鼎-台北",0,25,-25
"5255","6180橘子","110/07/09","新加坡商瑞銀",31,0,31
"5256","6180橘子","110/07/09","兆豐-復興",0,21,-21
"5257","6180橘子","110/07/09","美商高盛",25,0,25
"5258","6180橘子","110/07/09","永豐金-嘉義",0,21,-21
"5259","6180橘子","110/07/09","凱基-台北",26,10,16
"5260","6180橘子","110/07/09","凱基-中壢",8,24,-16
"5261","6180橘子","110/07/09","華南永昌-楠梓",13,0,13
"5262","6180橘子","110/07/09","致和-崇德",0,15,-15
"5263","6180橘子","110/07/09","華南永昌-朴子",11,0,11
"5264","6180橘子","110/07/09","群益金鼎-屏東",0,15,-15
"5265","6180橘子","110/07/09","元大-北港",11,0,11
"5266","6180橘子","110/07/09","群益金鼎-中山",0,15,-15
"5267","6180橘子","110/07/09","元大-成功",10,1,9
"5268","6180橘子","110/07/09","瑞士信貸",1,15,-14
"5269","6180橘子","110/07/09","新光",26,18,8
"5270","6180橘子","110/07/09","日盛-二林",0,10,-10
"5271","6180橘子","110/07/09","統一-三重",6,0,6
"5272","6180橘子","110/07/09","凱基-東門",0,10,-10
"5273","6180橘子","110/07/09","群益金鼎-嘉義",6,0,6
"5274","6180橘子","110/07/09","華南永昌-三重",0,10,-10
"5275","6180橘子","110/07/09","元大-員林中山",6,0,6
"5276","6180橘子","110/07/09","元大-彰化民生",1,11,-10
"5277","6180橘子","110/07/09","合庫-鳳山",5,0,5
"5278","6180橘子","110/07/09","永豐金-新店",1,11,-10
"5279","6180橘子","110/07/09","富邦-建國",6,1,5
"5280","6180橘子","110/07/09","群益金鼎-丹鳳",0,8,-8
"5281","2390云辰","110/07/09","摩根大通",279,56,223
"5282","2390云辰","110/07/09","元大-天母",0,127,-127
"5283","2390云辰","110/07/09","日盛-鳳山",110,2,108
"5284","2390云辰","110/07/09","中國信託-文心",5,109,-104
"5285","2390云辰","110/07/09","宏遠證券",100,0,100
"5286","2390云辰","110/07/09","永豐金-復興",0,55,-55
"5287","2390云辰","110/07/09","元大-大里",63,6,57
"5288","2390云辰","110/07/09","凱基-台北",239,286,-47
"5289","2390云辰","110/07/09","凱基-八德",59,10,49
"5290","2390云辰","110/07/09","德信",2,32,-30
"5291","2390云辰","110/07/09","合庫-新竹",40,0,40
"5292","2390云辰","110/07/09","兆豐-桃鶯",2,32,-30
"5293","2390云辰","110/07/09","國票",40,1,39
"5294","2390云辰","110/07/09","致和-南京",0,30,-30
"5295","2390云辰","110/07/09","新加坡商瑞銀",49,13,36
"5296","2390云辰","110/07/09","富邦-虎尾",1,31,-30
"5297","2390云辰","110/07/09","統一-新台中",36,2,34
"5298","2390云辰","110/07/09","元大-善化",2,31,-29
"5299","2390云辰","110/07/09","國票-嘉義",31,0,31
"5300","2390云辰","110/07/09","富邦-板橋",0,27,-27
"5301","2390云辰","110/07/09","華南永昌",35,7,28
"5302","2390云辰","110/07/09","富邦-永和",3,28,-25
"5303","2390云辰","110/07/09","玉山-台中",49,22,27
"5304","2390云辰","110/07/09","第一金-自由",20,44,-24
"5305","2390云辰","110/07/09","華南永昌-敦南",25,0,25
"5306","2390云辰","110/07/09","凱基-內湖",0,24,-24
"5307","2390云辰","110/07/09","新光-高雄",27,4,23
"5308","2390云辰","110/07/09","元大-汐止",1,24,-23
"5309","2390云辰","110/07/09","台灣摩根士丹利",85,63,22
"5310","2390云辰","110/07/09","新光-台中",12,33,-21
"5311","4903聯光通","110/07/09","元大-敦南",10,0,10
"5312","4903聯光通","110/07/09","第一金-台中",0,12,-12
"5313","4903聯光通","110/07/09","凱基-士林",5,0,5
"5314","4903聯光通","110/07/09","日盛-忠孝",0,3,-3
"5315","4903聯光通","110/07/09","元大-苗栗",5,0,5
"5316","4903聯光通","110/07/09","群益金鼎-崇德",0,3,-3
"5317","4903聯光通","110/07/09","元大-屏南",3,0,3
"5318","4903聯光通","110/07/09","國票-內壢",0,2,-2
"5319","4903聯光通","110/07/09","中國信託-永康",1,0,1
"5320","4903聯光通","110/07/09","康和-南崁",0,2,-2
"5321","4903聯光通","110/07/09","玉山證券",1,0,1
"5322","4903聯光通","110/07/09","新光-台中",0,2,-2
"5323","4903聯光通","110/07/09","元大-太平",4,3,1
"5324","4903聯光通","110/07/09","玉山-城中",0,2,-2
"5325","4903聯光通","110/07/09","永豐金-嘉義",1,0,1
"5326","4903聯光通","110/07/09","中國信託-文心",0,1,-1
"5327","4903聯光通","110/07/09","大昌",0,0,0
"5328","4903聯光通","110/07/09","大昌",0,0,0
"5329","4903聯光通","110/07/09","中農",0,0,0
"5330","4903聯光通","110/07/09","中農",0,0,0
"5331","4903聯光通","110/07/09","",NA,NA,NA
"5332","4903聯光通","110/07/09","",NA,NA,NA
"5333","4903聯光通","110/07/09","",NA,NA,NA
"5334","4903聯光通","110/07/09","",NA,NA,NA
"5335","4903聯光通","110/07/09","",NA,NA,NA
"5336","4903聯光通","110/07/09","",NA,NA,NA
"5337","4903聯光通","110/07/09","",NA,NA,NA
"5338","4903聯光通","110/07/09","",NA,NA,NA
"5339","4903聯光通","110/07/09","",NA,NA,NA
"5340","4903聯光通","110/07/09","",NA,NA,NA
"5341","2929淘帝","110/07/09","台中銀-台北",110,0,110
"5342","2929淘帝","110/07/09","新光",2,82,-80
"5343","2929淘帝","110/07/09","華南永昌-頭份",72,0,72
"5344","2929淘帝","110/07/09","摩根大通",2,63,-61
"5345","2929淘帝","110/07/09","合庫-高雄",71,0,71
"5346","2929淘帝","110/07/09","第一金-路竹",0,50,-50
"5347","2929淘帝","110/07/09","高橋-龍潭",37,0,37
"5348","2929淘帝","110/07/09","港商麥格理",0,42,-42
"5349","2929淘帝","110/07/09","新光-台中",60,26,34
"5350","2929淘帝","110/07/09","陽信-石牌",0,40,-40
"5351","2929淘帝","110/07/09","元富-大裕",22,1,21
"5352","2929淘帝","110/07/09","台新-左楠",1,39,-38
"5353","2929淘帝","110/07/09","合庫-鳳山",20,0,20
"5354","2929淘帝","110/07/09","凱基-桃園",3,29,-26
"5355","2929淘帝","110/07/09","元大-員林",22,2,20
"5356","2929淘帝","110/07/09","兆豐-內湖",0,25,-25
"5357","2929淘帝","110/07/09","台新-建北",15,0,15
"5358","2929淘帝","110/07/09","元大-北港",0,20,-20
"5359","2929淘帝","110/07/09","兆豐-桃園",13,0,13
"5360","2929淘帝","110/07/09","富邦-北港",0,19,-19
"5361","2929淘帝","110/07/09","兆豐-忠孝",10,0,10
"5362","2929淘帝","110/07/09","富邦-花蓮",0,17,-17
"5363","2929淘帝","110/07/09","國票-敦北法人",10,0,10
"5364","2929淘帝","110/07/09","國泰-台中",2,17,-15
"5365","2929淘帝","110/07/09","永豐金-博愛",10,0,10
"5366","2929淘帝","110/07/09","群益金鼎-彰化",0,15,-15
"5367","2929淘帝","110/07/09","群益金鼎-潭子",8,0,8
"5368","2929淘帝","110/07/09","元大-博愛",0,14,-14
"5369","2929淘帝","110/07/09","富邦-南屯",8,0,8
"5370","2929淘帝","110/07/09","日盛-板橋",0,13,-13
"5371","5410國眾","110/07/09","元大-新盛",14,0,14
"5372","5410國眾","110/07/09","(牛牛牛)亞-鑫豐",1,41,-40
"5373","5410國眾","110/07/09","台灣企銀-民雄",10,0,10
"5374","5410國眾","110/07/09","元富-嘉義",0,25,-25
"5375","5410國眾","110/07/09","元富-虎尾",9,0,9
"5376","5410國眾","110/07/09","凱基-高美館",0,10,-10
"5377","5410國眾","110/07/09","摩根大通",10,1,9
"5378","5410國眾","110/07/09","凱基-城中",0,10,-10
"5379","5410國眾","110/07/09","兆豐-北高雄",7,0,7
"5380","5410國眾","110/07/09","元大-頭份",0,10,-10
"5381","5410國眾","110/07/09","凱基-台北",8,1,7
"5382","5410國眾","110/07/09","群益金鼎-丹鳳",0,7,-7
"5383","5410國眾","110/07/09","華南永昌-公誠",7,0,7
"5384","5410國眾","110/07/09","凱基-復興",0,7,-7
"5385","5410國眾","110/07/09","香港上海匯豐",6,0,6
"5386","5410國眾","110/07/09","元大-員林",0,7,-7
"5387","5410國眾","110/07/09","凱基-中壢",6,0,6
"5388","5410國眾","110/07/09","富邦-竹東",0,6,-6
"5389","5410國眾","110/07/09","華南永昌-南京",6,0,6
"5390","5410國眾","110/07/09","亞東-高雄",0,5,-5
"5391","5410國眾","110/07/09","統一-三重",5,0,5
"5392","5410國眾","110/07/09","大慶-中壢",1,6,-5
"5393","5410國眾","110/07/09","富邦-宜蘭",5,0,5
"5394","5410國眾","110/07/09","群益金鼎-中港",0,5,-5
"5395","5410國眾","110/07/09","元大-崇德",5,0,5
"5396","5410國眾","110/07/09","元大-八德",0,5,-5
"5397","5410國眾","110/07/09","元大-博愛",5,0,5
"5398","5410國眾","110/07/09","富邦-基隆",0,4,-4
"5399","5410國眾","110/07/09","元大-龍潭",5,0,5
"5400","5410國眾","110/07/09","臺銀-新竹",0,3,-3
"5401","2841台開","110/07/09","日盛-雙和",102,0,102
"5402","2841台開","110/07/09","港商野村",0,129,-129
"5403","2841台開","110/07/09","元大-館前",70,0,70
"5404","2841台開","110/07/09","兆豐-永和",0,100,-100
"5405","2841台開","110/07/09","凱基-文心",50,0,50
"5406","2841台開","110/07/09","台新證券",7,28,-21
"5407","2841台開","110/07/09","富邦-嘉義",40,0,40
"5408","2841台開","110/07/09","國票-北高雄",0,20,-20
"5409","2841台開","110/07/09","美商高盛",15,0,15
"5410","2841台開","110/07/09","永豐金-敦南",29,46,-17
"5411","2841台開","110/07/09","台中銀",15,0,15
"5412","2841台開","110/07/09","合庫-基隆",0,12,-12
"5413","2841台開","110/07/09","新光",11,0,11
"5414","2841台開","110/07/09","中國信託-松江",0,12,-12
"5415","2841台開","110/07/09","華南永昌-長虹",10,0,10
"5416","2841台開","110/07/09","兆豐-城中",0,12,-12
"5417","2841台開","110/07/09","永豐金-南投",10,0,10
"5418","2841台開","110/07/09","台中銀-豐原",0,10,-10
"5419","2841台開","110/07/09","合庫-桃園",7,0,7
"5420","2841台開","110/07/09","兆豐-景美",0,10,-10
"5421","2841台開","110/07/09","群益金鼎-古亭",7,0,7
"5422","2841台開","110/07/09","群益金鼎-基隆",0,10,-10
"5423","2841台開","110/07/09","國泰-敦南",6,0,6
"5424","2841台開","110/07/09","元大-北三重",0,10,-10
"5425","2841台開","110/07/09","凱基-桃園",8,2,6
"5426","2841台開","110/07/09","(牛牛牛)亞-網路",0,9,-9
"5427","2841台開","110/07/09","日盛證券",5,0,5
"5428","2841台開","110/07/09","台新-高雄",1,10,-9
"5429","2841台開","110/07/09","元富-文心",5,0,5
"5430","2841台開","110/07/09","凱基-台北",0,7,-7
"5431","6207雷科","110/07/09","群益金鼎-新竹",47,0,47
"5432","6207雷科","110/07/09","新光",7,24,-17
"5433","6207雷科","110/07/09","永豐金-三重",31,0,31
"5434","6207雷科","110/07/09","日盛-和美",0,15,-15
"5435","6207雷科","110/07/09","新加坡商瑞銀",33,5,28
"5436","6207雷科","110/07/09","國泰-台南",0,15,-15
"5437","6207雷科","110/07/09","元大-高雄",26,0,26
"5438","6207雷科","110/07/09","華南永昌-古亭",0,14,-14
"5439","6207雷科","110/07/09","統一-員林",22,0,22
"5440","6207雷科","110/07/09","土銀-白河",0,11,-11
"5441","6207雷科","110/07/09","台新-高雄",22,0,22
"5442","6207雷科","110/07/09","日盛-台南",0,10,-10
"5443","6207雷科","110/07/09","摩根大通",34,17,17
"5444","6207雷科","110/07/09","元富-林園",0,10,-10
"5445","6207雷科","110/07/09","元大-博愛",17,1,16
"5446","6207雷科","110/07/09","富邦-園區",0,10,-10
"5447","6207雷科","110/07/09","日茂-埔里",12,0,12
"5448","6207雷科","110/07/09","元大-上新莊",0,10,-10
"5449","6207雷科","110/07/09","國泰-台中",17,6,11
"5450","6207雷科","110/07/09","永豐金-南京",0,10,-10
"5451","6207雷科","110/07/09","富邦-三重",10,0,10
"5452","6207雷科","110/07/09","兆豐-小港",0,6,-6
"5453","6207雷科","110/07/09","元大-沙鹿",10,0,10
"5454","6207雷科","110/07/09","富邦-羅東",1,7,-6
"5455","6207雷科","110/07/09","元大-八德",10,0,10
"5456","6207雷科","110/07/09","元大-土城永寧",0,6,-6
"5457","6207雷科","110/07/09","第一金-路竹",11,2,9
"5458","6207雷科","110/07/09","永豐金-板盛",0,6,-6
"5459","6207雷科","110/07/09","統一-南京",5,0,5
"5460","6207雷科","110/07/09","日盛-板橋",0,5,-5
"5461","3679新至陞","110/07/09","元大-大天母",10,0,10
"5462","3679新至陞","110/07/09","第一金-光復",0,11,-11
"5463","3679新至陞","110/07/09","日盛-樹林",9,0,9
"5464","3679新至陞","110/07/09","瑞士信貸",0,8,-8
"5465","3679新至陞","110/07/09","凱基-台北",11,2,9
"5466","3679新至陞","110/07/09","大慶-苗栗",0,5,-5
"5467","3679新至陞","110/07/09","華南永昌-小港",8,0,8
"5468","3679新至陞","110/07/09","元大-永春",0,5,-5
"5469","3679新至陞","110/07/09","兆豐-來福",7,0,7
"5470","3679新至陞","110/07/09","日盛-和美",0,4,-4
"5471","3679新至陞","110/07/09","香港上海匯豐",5,0,5
"5472","3679新至陞","110/07/09","元大-雙和",0,3,-3
"5473","3679新至陞","110/07/09","台中銀-員林",3,0,3
"5474","3679新至陞","110/07/09","永豐金-屏東",0,3,-3
"5475","3679新至陞","110/07/09","新光",3,0,3
"5476","3679新至陞","110/07/09","彰銀",0,2,-2
"5477","3679新至陞","110/07/09","土銀-花蓮",2,0,2
"5478","3679新至陞","110/07/09","宏遠-館前",0,2,-2
"5479","3679新至陞","110/07/09","第一金-澎湖",2,0,2
"5480","3679新至陞","110/07/09","港商野村",0,2,-2
"5481","3679新至陞","110/07/09","摩根大通",2,0,2
"5482","3679新至陞","110/07/09","大昌-新店",0,2,-2
"5483","3679新至陞","110/07/09","國泰-敦南",2,0,2
"5484","3679新至陞","110/07/09","元大-新莊",0,2,-2
"5485","3679新至陞","110/07/09","元大-淡水",4,2,2
"5486","3679新至陞","110/07/09","元大-板橋",0,2,-2
"5487","3679新至陞","110/07/09","日盛-士林",1,0,1
"5488","3679新至陞","110/07/09","台灣摩根士丹利",0,1,-1
"5489","3679新至陞","110/07/09","日盛-信義",1,0,1
"5490","3679新至陞","110/07/09","第一金-高雄",0,1,-1
"5491","2727王品","110/07/09","台灣匯立證券",90,0,90
"5492","2727王品","110/07/09","台灣摩根士丹利",0,267,-267
"5493","2727王品","110/07/09","國泰-敦南",166,84,82
"5494","2727王品","110/07/09","富邦-台北",35,299,-264
"5495","2727王品","110/07/09","富邦-仁愛",56,12,44
"5496","2727王品","110/07/09","凱基-台北",174,296,-122
"5497","2727王品","110/07/09","台新證券",109,66,43
"5498","2727王品","110/07/09","第一金",2,102,-100
"5499","2727王品","110/07/09","新光",117,87,30
"5500","2727王品","110/07/09","群益金鼎-大安",0,80,-80
"5501","2727王品","110/07/09","臺銀-臺中",35,6,29
"5502","2727王品","110/07/09","兆豐-大安",7,60,-53
"5503","2727王品","110/07/09","元大-桃園",32,3,29
"5504","2727王品","110/07/09","永豐金-南投",0,50,-50
"5505","2727王品","110/07/09","元富-宜蘭",34,6,28
"5506","2727王品","110/07/09","新加坡商瑞銀",6,46,-40
"5507","2727王品","110/07/09","玉山-台中",34,8,26
"5508","2727王品","110/07/09","合庫-彰化",11,50,-39
"5509","2727王品","110/07/09","群益金鼎-宜蘭",30,4,26
"5510","2727王品","110/07/09","永豐金-萬盛",13,52,-39
"5511","2727王品","110/07/09","富邦-台中",42,16,26
"5512","2727王品","110/07/09","瑞士信貸",0,34,-34
"5513","2727王品","110/07/09","第一金-豐原",25,1,24
"5514","2727王品","110/07/09","元大-和平",4,35,-31
"5515","2727王品","110/07/09","臺銀",30,8,22
"5516","2727王品","110/07/09","美林",14,44,-30
"5517","2727王品","110/07/09","兆豐-來福",23,1,22
"5518","2727王品","110/07/09","元大-員林",9,38,-29
"5519","2727王品","110/07/09","玉山-士林",22,2,20
"5520","2727王品","110/07/09","元富-西松",4,31,-27
"5521","1570力肯","110/07/09","凱基-台北",30,1,29
"5522","1570力肯","110/07/09","群益金鼎-彰化",0,20,-20
"5523","1570力肯","110/07/09","新光-台南",20,0,20
"5524","1570力肯","110/07/09","元大-土城學府",0,20,-20
"5525","1570力肯","110/07/09","元大-高雄",20,0,20
"5526","1570力肯","110/07/09","元大-大統",0,16,-16
"5527","1570力肯","110/07/09","國票-中正",12,0,12
"5528","1570力肯","110/07/09","元大-新營",0,11,-11
"5529","1570力肯","110/07/09","日盛-高雄",6,0,6
"5530","1570力肯","110/07/09","元大-和平",0,10,-10
"5531","1570力肯","110/07/09","元富-緯城",6,0,6
"5532","1570力肯","110/07/09","元大-草屯",0,10,-10
"5533","1570力肯","110/07/09","群益金鼎-台南",6,0,6
"5534","1570力肯","110/07/09","元大-鹿港",0,9,-9
"5535","1570力肯","110/07/09","華南永昌-岡山",6,0,6
"5536","1570力肯","110/07/09","合庫-基隆",0,7,-7
"5537","1570力肯","110/07/09","統一-中壢",5,0,5
"5538","1570力肯","110/07/09","摩根大通",2,8,-6
"5539","1570力肯","110/07/09","凱基-三峽",5,0,5
"5540","1570力肯","110/07/09","台灣企銀-豐原",0,4,-4
"5541","1570力肯","110/07/09","大昌-樹林",4,0,4
"5542","1570力肯","110/07/09","日盛-桃園",0,4,-4
"5543","1570力肯","110/07/09","新光",3,0,3
"5544","1570力肯","110/07/09","國泰-高雄",0,3,-3
"5545","1570力肯","110/07/09","富邦-新竹華信",3,0,3
"5546","1570力肯","110/07/09","永豐金-敦南",0,3,-3
"5547","1570力肯","110/07/09","合庫-台中",2,0,2
"5548","1570力肯","110/07/09","土銀-彰化",0,2,-2
"5549","1570力肯","110/07/09","臺銀-臺中",2,0,2
"5550","1570力肯","110/07/09","臺銀-鳳山",0,2,-2
"5551","6180橘子","110/07/09","摩根大通",63,1,62
"5552","6180橘子","110/07/09","元大-南京",1,32,-31
"5553","6180橘子","110/07/09","富邦-陽明",73,33,40
"5554","6180橘子","110/07/09","群益金鼎-台北",0,25,-25
"5555","6180橘子","110/07/09","新加坡商瑞銀",31,0,31
"5556","6180橘子","110/07/09","兆豐-復興",0,21,-21
"5557","6180橘子","110/07/09","美商高盛",25,0,25
"5558","6180橘子","110/07/09","永豐金-嘉義",0,21,-21
"5559","6180橘子","110/07/09","凱基-台北",26,10,16
"5560","6180橘子","110/07/09","凱基-中壢",8,24,-16
"5561","6180橘子","110/07/09","華南永昌-楠梓",13,0,13
"5562","6180橘子","110/07/09","致和-崇德",0,15,-15
"5563","6180橘子","110/07/09","華南永昌-朴子",11,0,11
"5564","6180橘子","110/07/09","群益金鼎-屏東",0,15,-15
"5565","6180橘子","110/07/09","元大-北港",11,0,11
"5566","6180橘子","110/07/09","群益金鼎-中山",0,15,-15
"5567","6180橘子","110/07/09","元大-成功",10,1,9
"5568","6180橘子","110/07/09","瑞士信貸",1,15,-14
"5569","6180橘子","110/07/09","新光",26,18,8
"5570","6180橘子","110/07/09","日盛-二林",0,10,-10
"5571","6180橘子","110/07/09","統一-三重",6,0,6
"5572","6180橘子","110/07/09","凱基-東門",0,10,-10
"5573","6180橘子","110/07/09","群益金鼎-嘉義",6,0,6
"5574","6180橘子","110/07/09","華南永昌-三重",0,10,-10
"5575","6180橘子","110/07/09","元大-員林中山",6,0,6
"5576","6180橘子","110/07/09","元大-彰化民生",1,11,-10
"5577","6180橘子","110/07/09","合庫-鳳山",5,0,5
"5578","6180橘子","110/07/09","永豐金-新店",1,11,-10
"5579","6180橘子","110/07/09","富邦-建國",6,1,5
"5580","6180橘子","110/07/09","群益金鼎-丹鳳",0,8,-8
"5581","2390云辰","110/07/09","摩根大通",279,56,223
"5582","2390云辰","110/07/09","元大-天母",0,127,-127
"5583","2390云辰","110/07/09","日盛-鳳山",110,2,108
"5584","2390云辰","110/07/09","中國信託-文心",5,109,-104
"5585","2390云辰","110/07/09","宏遠證券",100,0,100
"5586","2390云辰","110/07/09","永豐金-復興",0,55,-55
"5587","2390云辰","110/07/09","元大-大里",63,6,57
"5588","2390云辰","110/07/09","凱基-台北",239,286,-47
"5589","2390云辰","110/07/09","凱基-八德",59,10,49
"5590","2390云辰","110/07/09","德信",2,32,-30
"5591","2390云辰","110/07/09","合庫-新竹",40,0,40
"5592","2390云辰","110/07/09","兆豐-桃鶯",2,32,-30
"5593","2390云辰","110/07/09","國票",40,1,39
"5594","2390云辰","110/07/09","致和-南京",0,30,-30
"5595","2390云辰","110/07/09","新加坡商瑞銀",49,13,36
"5596","2390云辰","110/07/09","富邦-虎尾",1,31,-30
"5597","2390云辰","110/07/09","統一-新台中",36,2,34
"5598","2390云辰","110/07/09","元大-善化",2,31,-29
"5599","2390云辰","110/07/09","國票-嘉義",31,0,31
"5600","2390云辰","110/07/09","富邦-板橋",0,27,-27
"5601","2390云辰","110/07/09","華南永昌",35,7,28
"5602","2390云辰","110/07/09","富邦-永和",3,28,-25
"5603","2390云辰","110/07/09","玉山-台中",49,22,27
"5604","2390云辰","110/07/09","第一金-自由",20,44,-24
"5605","2390云辰","110/07/09","華南永昌-敦南",25,0,25
"5606","2390云辰","110/07/09","凱基-內湖",0,24,-24
"5607","2390云辰","110/07/09","新光-高雄",27,4,23
"5608","2390云辰","110/07/09","元大-汐止",1,24,-23
"5609","2390云辰","110/07/09","台灣摩根士丹利",85,63,22
"5610","2390云辰","110/07/09","新光-台中",12,33,-21
"5611","4903聯光通","110/07/09","元大-敦南",10,0,10
"5612","4903聯光通","110/07/09","第一金-台中",0,12,-12
"5613","4903聯光通","110/07/09","凱基-士林",5,0,5
"5614","4903聯光通","110/07/09","日盛-忠孝",0,3,-3
"5615","4903聯光通","110/07/09","元大-苗栗",5,0,5
"5616","4903聯光通","110/07/09","群益金鼎-崇德",0,3,-3
"5617","4903聯光通","110/07/09","元大-屏南",3,0,3
"5618","4903聯光通","110/07/09","國票-內壢",0,2,-2
"5619","4903聯光通","110/07/09","中國信託-永康",1,0,1
"5620","4903聯光通","110/07/09","康和-南崁",0,2,-2
"5621","4903聯光通","110/07/09","玉山證券",1,0,1
"5622","4903聯光通","110/07/09","新光-台中",0,2,-2
"5623","4903聯光通","110/07/09","元大-太平",4,3,1
"5624","4903聯光通","110/07/09","玉山-城中",0,2,-2
"5625","4903聯光通","110/07/09","永豐金-嘉義",1,0,1
"5626","4903聯光通","110/07/09","中國信託-文心",0,1,-1
"5627","4903聯光通","110/07/09","大昌",0,0,0
"5628","4903聯光通","110/07/09","大昌",0,0,0
"5629","4903聯光通","110/07/09","中農",0,0,0
"5630","4903聯光通","110/07/09","中農",0,0,0
"5631","4903聯光通","110/07/09","",NA,NA,NA
"5632","4903聯光通","110/07/09","",NA,NA,NA
"5633","4903聯光通","110/07/09","",NA,NA,NA
"5634","4903聯光通","110/07/09","",NA,NA,NA
"5635","4903聯光通","110/07/09","",NA,NA,NA
"5636","4903聯光通","110/07/09","",NA,NA,NA
"5637","4903聯光通","110/07/09","",NA,NA,NA
"5638","4903聯光通","110/07/09","",NA,NA,NA
"5639","4903聯光通","110/07/09","",NA,NA,NA
"5640","4903聯光通","110/07/09","",NA,NA,NA
"5641","2929淘帝","110/07/09","台中銀-台北",110,0,110
"5642","2929淘帝","110/07/09","新光",2,82,-80
"5643","2929淘帝","110/07/09","華南永昌-頭份",72,0,72
"5644","2929淘帝","110/07/09","摩根大通",2,63,-61
"5645","2929淘帝","110/07/09","合庫-高雄",71,0,71
"5646","2929淘帝","110/07/09","第一金-路竹",0,50,-50
"5647","2929淘帝","110/07/09","高橋-龍潭",37,0,37
"5648","2929淘帝","110/07/09","港商麥格理",0,42,-42
"5649","2929淘帝","110/07/09","新光-台中",60,26,34
"5650","2929淘帝","110/07/09","陽信-石牌",0,40,-40
"5651","2929淘帝","110/07/09","元富-大裕",22,1,21
"5652","2929淘帝","110/07/09","台新-左楠",1,39,-38
"5653","2929淘帝","110/07/09","合庫-鳳山",20,0,20
"5654","2929淘帝","110/07/09","凱基-桃園",3,29,-26
"5655","2929淘帝","110/07/09","元大-員林",22,2,20
"5656","2929淘帝","110/07/09","兆豐-內湖",0,25,-25
"5657","2929淘帝","110/07/09","台新-建北",15,0,15
"5658","2929淘帝","110/07/09","元大-北港",0,20,-20
"5659","2929淘帝","110/07/09","兆豐-桃園",13,0,13
"5660","2929淘帝","110/07/09","富邦-北港",0,19,-19
"5661","2929淘帝","110/07/09","兆豐-忠孝",10,0,10
"5662","2929淘帝","110/07/09","富邦-花蓮",0,17,-17
"5663","2929淘帝","110/07/09","國票-敦北法人",10,0,10
"5664","2929淘帝","110/07/09","國泰-台中",2,17,-15
"5665","2929淘帝","110/07/09","永豐金-博愛",10,0,10
"5666","2929淘帝","110/07/09","群益金鼎-彰化",0,15,-15
"5667","2929淘帝","110/07/09","群益金鼎-潭子",8,0,8
"5668","2929淘帝","110/07/09","元大-博愛",0,14,-14
"5669","2929淘帝","110/07/09","富邦-南屯",8,0,8
"5670","2929淘帝","110/07/09","日盛-板橋",0,13,-13
"5671","5410國眾","110/07/09","元大-新盛",14,0,14
"5672","5410國眾","110/07/09","(牛牛牛)亞-鑫豐",1,41,-40
"5673","5410國眾","110/07/09","台灣企銀-民雄",10,0,10
"5674","5410國眾","110/07/09","元富-嘉義",0,25,-25
"5675","5410國眾","110/07/09","元富-虎尾",9,0,9
"5676","5410國眾","110/07/09","凱基-高美館",0,10,-10
"5677","5410國眾","110/07/09","摩根大通",10,1,9
"5678","5410國眾","110/07/09","凱基-城中",0,10,-10
"5679","5410國眾","110/07/09","兆豐-北高雄",7,0,7
"5680","5410國眾","110/07/09","元大-頭份",0,10,-10
"5681","5410國眾","110/07/09","凱基-台北",8,1,7
"5682","5410國眾","110/07/09","群益金鼎-丹鳳",0,7,-7
"5683","5410國眾","110/07/09","華南永昌-公誠",7,0,7
"5684","5410國眾","110/07/09","凱基-復興",0,7,-7
"5685","5410國眾","110/07/09","香港上海匯豐",6,0,6
"5686","5410國眾","110/07/09","元大-員林",0,7,-7
"5687","5410國眾","110/07/09","凱基-中壢",6,0,6
"5688","5410國眾","110/07/09","富邦-竹東",0,6,-6
"5689","5410國眾","110/07/09","華南永昌-南京",6,0,6
"5690","5410國眾","110/07/09","亞東-高雄",0,5,-5
"5691","5410國眾","110/07/09","統一-三重",5,0,5
"5692","5410國眾","110/07/09","大慶-中壢",1,6,-5
"5693","5410國眾","110/07/09","富邦-宜蘭",5,0,5
"5694","5410國眾","110/07/09","群益金鼎-中港",0,5,-5
"5695","5410國眾","110/07/09","元大-崇德",5,0,5
"5696","5410國眾","110/07/09","元大-八德",0,5,-5
"5697","5410國眾","110/07/09","元大-博愛",5,0,5
"5698","5410國眾","110/07/09","富邦-基隆",0,4,-4
"5699","5410國眾","110/07/09","元大-龍潭",5,0,5
"5700","5410國眾","110/07/09","臺銀-新竹",0,3,-3
"5701","2841台開","110/07/09","日盛-雙和",102,0,102
"5702","2841台開","110/07/09","港商野村",0,129,-129
"5703","2841台開","110/07/09","元大-館前",70,0,70
"5704","2841台開","110/07/09","兆豐-永和",0,100,-100
"5705","2841台開","110/07/09","凱基-文心",50,0,50
"5706","2841台開","110/07/09","台新證券",7,28,-21
"5707","2841台開","110/07/09","富邦-嘉義",40,0,40
"5708","2841台開","110/07/09","國票-北高雄",0,20,-20
"5709","2841台開","110/07/09","美商高盛",15,0,15
"5710","2841台開","110/07/09","永豐金-敦南",29,46,-17
"5711","2841台開","110/07/09","台中銀",15,0,15
"5712","2841台開","110/07/09","合庫-基隆",0,12,-12
"5713","2841台開","110/07/09","新光",11,0,11
"5714","2841台開","110/07/09","中國信託-松江",0,12,-12
"5715","2841台開","110/07/09","華南永昌-長虹",10,0,10
"5716","2841台開","110/07/09","兆豐-城中",0,12,-12
"5717","2841台開","110/07/09","永豐金-南投",10,0,10
"5718","2841台開","110/07/09","台中銀-豐原",0,10,-10
"5719","2841台開","110/07/09","合庫-桃園",7,0,7
"5720","2841台開","110/07/09","兆豐-景美",0,10,-10
"5721","2841台開","110/07/09","群益金鼎-古亭",7,0,7
"5722","2841台開","110/07/09","群益金鼎-基隆",0,10,-10
"5723","2841台開","110/07/09","國泰-敦南",6,0,6
"5724","2841台開","110/07/09","元大-北三重",0,10,-10
"5725","2841台開","110/07/09","凱基-桃園",8,2,6
"5726","2841台開","110/07/09","(牛牛牛)亞-網路",0,9,-9
"5727","2841台開","110/07/09","日盛證券",5,0,5
"5728","2841台開","110/07/09","台新-高雄",1,10,-9
"5729","2841台開","110/07/09","元富-文心",5,0,5
"5730","2841台開","110/07/09","凱基-台北",0,7,-7
"5731","6207雷科","110/07/09","群益金鼎-新竹",47,0,47
"5732","6207雷科","110/07/09","新光",7,24,-17
"5733","6207雷科","110/07/09","永豐金-三重",31,0,31
"5734","6207雷科","110/07/09","日盛-和美",0,15,-15
"5735","6207雷科","110/07/09","新加坡商瑞銀",33,5,28
"5736","6207雷科","110/07/09","國泰-台南",0,15,-15
"5737","6207雷科","110/07/09","元大-高雄",26,0,26
"5738","6207雷科","110/07/09","華南永昌-古亭",0,14,-14
"5739","6207雷科","110/07/09","統一-員林",22,0,22
"5740","6207雷科","110/07/09","土銀-白河",0,11,-11
"5741","6207雷科","110/07/09","台新-高雄",22,0,22
"5742","6207雷科","110/07/09","日盛-台南",0,10,-10
"5743","6207雷科","110/07/09","摩根大通",34,17,17
"5744","6207雷科","110/07/09","元富-林園",0,10,-10
"5745","6207雷科","110/07/09","元大-博愛",17,1,16
"5746","6207雷科","110/07/09","富邦-園區",0,10,-10
"5747","6207雷科","110/07/09","日茂-埔里",12,0,12
"5748","6207雷科","110/07/09","元大-上新莊",0,10,-10
"5749","6207雷科","110/07/09","國泰-台中",17,6,11
"5750","6207雷科","110/07/09","永豐金-南京",0,10,-10
"5751","6207雷科","110/07/09","富邦-三重",10,0,10
"5752","6207雷科","110/07/09","兆豐-小港",0,6,-6
"5753","6207雷科","110/07/09","元大-沙鹿",10,0,10
"5754","6207雷科","110/07/09","富邦-羅東",1,7,-6
"5755","6207雷科","110/07/09","元大-八德",10,0,10
"5756","6207雷科","110/07/09","元大-土城永寧",0,6,-6
"5757","6207雷科","110/07/09","第一金-路竹",11,2,9
"5758","6207雷科","110/07/09","永豐金-板盛",0,6,-6
"5759","6207雷科","110/07/09","統一-南京",5,0,5
"5760","6207雷科","110/07/09","日盛-板橋",0,5,-5
"5761","3679新至陞","110/07/09","元大-大天母",10,0,10
"5762","3679新至陞","110/07/09","第一金-光復",0,11,-11
"5763","3679新至陞","110/07/09","日盛-樹林",9,0,9
"5764","3679新至陞","110/07/09","瑞士信貸",0,8,-8
"5765","3679新至陞","110/07/09","凱基-台北",11,2,9
"5766","3679新至陞","110/07/09","大慶-苗栗",0,5,-5
"5767","3679新至陞","110/07/09","華南永昌-小港",8,0,8
"5768","3679新至陞","110/07/09","元大-永春",0,5,-5
"5769","3679新至陞","110/07/09","兆豐-來福",7,0,7
"5770","3679新至陞","110/07/09","日盛-和美",0,4,-4
"5771","3679新至陞","110/07/09","香港上海匯豐",5,0,5
"5772","3679新至陞","110/07/09","元大-雙和",0,3,-3
"5773","3679新至陞","110/07/09","台中銀-員林",3,0,3
"5774","3679新至陞","110/07/09","永豐金-屏東",0,3,-3
"5775","3679新至陞","110/07/09","新光",3,0,3
"5776","3679新至陞","110/07/09","彰銀",0,2,-2
"5777","3679新至陞","110/07/09","土銀-花蓮",2,0,2
"5778","3679新至陞","110/07/09","宏遠-館前",0,2,-2
"5779","3679新至陞","110/07/09","第一金-澎湖",2,0,2
"5780","3679新至陞","110/07/09","港商野村",0,2,-2
"5781","3679新至陞","110/07/09","摩根大通",2,0,2
"5782","3679新至陞","110/07/09","大昌-新店",0,2,-2
"5783","3679新至陞","110/07/09","國泰-敦南",2,0,2
"5784","3679新至陞","110/07/09","元大-新莊",0,2,-2
"5785","3679新至陞","110/07/09","元大-淡水",4,2,2
"5786","3679新至陞","110/07/09","元大-板橋",0,2,-2
"5787","3679新至陞","110/07/09","日盛-士林",1,0,1
"5788","3679新至陞","110/07/09","台灣摩根士丹利",0,1,-1
"5789","3679新至陞","110/07/09","日盛-信義",1,0,1
"5790","3679新至陞","110/07/09","第一金-高雄",0,1,-1
"5791","2727王品","110/07/09","台灣匯立證券",90,0,90
"5792","2727王品","110/07/09","台灣摩根士丹利",0,267,-267
"5793","2727王品","110/07/09","國泰-敦南",166,84,82
"5794","2727王品","110/07/09","富邦-台北",35,299,-264
"5795","2727王品","110/07/09","富邦-仁愛",56,12,44
"5796","2727王品","110/07/09","凱基-台北",174,296,-122
"5797","2727王品","110/07/09","台新證券",109,66,43
"5798","2727王品","110/07/09","第一金",2,102,-100
"5799","2727王品","110/07/09","新光",117,87,30
"5800","2727王品","110/07/09","群益金鼎-大安",0,80,-80
"5801","2727王品","110/07/09","臺銀-臺中",35,6,29
"5802","2727王品","110/07/09","兆豐-大安",7,60,-53
"5803","2727王品","110/07/09","元大-桃園",32,3,29
"5804","2727王品","110/07/09","永豐金-南投",0,50,-50
"5805","2727王品","110/07/09","元富-宜蘭",34,6,28
"5806","2727王品","110/07/09","新加坡商瑞銀",6,46,-40
"5807","2727王品","110/07/09","玉山-台中",34,8,26
"5808","2727王品","110/07/09","合庫-彰化",11,50,-39
"5809","2727王品","110/07/09","群益金鼎-宜蘭",30,4,26
"5810","2727王品","110/07/09","永豐金-萬盛",13,52,-39
"5811","2727王品","110/07/09","富邦-台中",42,16,26
"5812","2727王品","110/07/09","瑞士信貸",0,34,-34
"5813","2727王品","110/07/09","第一金-豐原",25,1,24
"5814","2727王品","110/07/09","元大-和平",4,35,-31
"5815","2727王品","110/07/09","臺銀",30,8,22
"5816","2727王品","110/07/09","美林",14,44,-30
"5817","2727王品","110/07/09","兆豐-來福",23,1,22
"5818","2727王品","110/07/09","元大-員林",9,38,-29
"5819","2727王品","110/07/09","玉山-士林",22,2,20
"5820","2727王品","110/07/09","元富-西松",4,31,-27
"5821","1570力肯","110/07/09","凱基-台北",30,1,29
"5822","1570力肯","110/07/09","群益金鼎-彰化",0,20,-20
"5823","1570力肯","110/07/09","新光-台南",20,0,20
"5824","1570力肯","110/07/09","元大-土城學府",0,20,-20
"5825","1570力肯","110/07/09","元大-高雄",20,0,20
"5826","1570力肯","110/07/09","元大-大統",0,16,-16
"5827","1570力肯","110/07/09","國票-中正",12,0,12
"5828","1570力肯","110/07/09","元大-新營",0,11,-11
"5829","1570力肯","110/07/09","日盛-高雄",6,0,6
"5830","1570力肯","110/07/09","元大-和平",0,10,-10
"5831","1570力肯","110/07/09","元富-緯城",6,0,6
"5832","1570力肯","110/07/09","元大-草屯",0,10,-10
"5833","1570力肯","110/07/09","群益金鼎-台南",6,0,6
"5834","1570力肯","110/07/09","元大-鹿港",0,9,-9
"5835","1570力肯","110/07/09","華南永昌-岡山",6,0,6
"5836","1570力肯","110/07/09","合庫-基隆",0,7,-7
"5837","1570力肯","110/07/09","統一-中壢",5,0,5
"5838","1570力肯","110/07/09","摩根大通",2,8,-6
"5839","1570力肯","110/07/09","凱基-三峽",5,0,5
"5840","1570力肯","110/07/09","台灣企銀-豐原",0,4,-4
"5841","1570力肯","110/07/09","大昌-樹林",4,0,4
"5842","1570力肯","110/07/09","日盛-桃園",0,4,-4
"5843","1570力肯","110/07/09","新光",3,0,3
"5844","1570力肯","110/07/09","國泰-高雄",0,3,-3
"5845","1570力肯","110/07/09","富邦-新竹華信",3,0,3
"5846","1570力肯","110/07/09","永豐金-敦南",0,3,-3
"5847","1570力肯","110/07/09","合庫-台中",2,0,2
"5848","1570力肯","110/07/09","土銀-彰化",0,2,-2
"5849","1570力肯","110/07/09","臺銀-臺中",2,0,2
"5850","1570力肯","110/07/09","臺銀-鳳山",0,2,-2
"5851","6180橘子","110/07/09","摩根大通",63,1,62
"5852","6180橘子","110/07/09","元大-南京",1,32,-31
"5853","6180橘子","110/07/09","富邦-陽明",73,33,40
"5854","6180橘子","110/07/09","群益金鼎-台北",0,25,-25
"5855","6180橘子","110/07/09","新加坡商瑞銀",31,0,31
"5856","6180橘子","110/07/09","兆豐-復興",0,21,-21
"5857","6180橘子","110/07/09","美商高盛",25,0,25
"5858","6180橘子","110/07/09","永豐金-嘉義",0,21,-21
"5859","6180橘子","110/07/09","凱基-台北",26,10,16
"5860","6180橘子","110/07/09","凱基-中壢",8,24,-16
"5861","6180橘子","110/07/09","華南永昌-楠梓",13,0,13
"5862","6180橘子","110/07/09","致和-崇德",0,15,-15
"5863","6180橘子","110/07/09","華南永昌-朴子",11,0,11
"5864","6180橘子","110/07/09","群益金鼎-屏東",0,15,-15
"5865","6180橘子","110/07/09","元大-北港",11,0,11
"5866","6180橘子","110/07/09","群益金鼎-中山",0,15,-15
"5867","6180橘子","110/07/09","元大-成功",10,1,9
"5868","6180橘子","110/07/09","瑞士信貸",1,15,-14
"5869","6180橘子","110/07/09","新光",26,18,8
"5870","6180橘子","110/07/09","日盛-二林",0,10,-10
"5871","6180橘子","110/07/09","統一-三重",6,0,6
"5872","6180橘子","110/07/09","凱基-東門",0,10,-10
"5873","6180橘子","110/07/09","群益金鼎-嘉義",6,0,6
"5874","6180橘子","110/07/09","華南永昌-三重",0,10,-10
"5875","6180橘子","110/07/09","元大-員林中山",6,0,6
"5876","6180橘子","110/07/09","元大-彰化民生",1,11,-10
"5877","6180橘子","110/07/09","合庫-鳳山",5,0,5
"5878","6180橘子","110/07/09","永豐金-新店",1,11,-10
"5879","6180橘子","110/07/09","富邦-建國",6,1,5
"5880","6180橘子","110/07/09","群益金鼎-丹鳳",0,8,-8
"5881","2390云辰","110/07/09","摩根大通",279,56,223
"5882","2390云辰","110/07/09","元大-天母",0,127,-127
"5883","2390云辰","110/07/09","日盛-鳳山",110,2,108
"5884","2390云辰","110/07/09","中國信託-文心",5,109,-104
"5885","2390云辰","110/07/09","宏遠證券",100,0,100
"5886","2390云辰","110/07/09","永豐金-復興",0,55,-55
"5887","2390云辰","110/07/09","元大-大里",63,6,57
"5888","2390云辰","110/07/09","凱基-台北",239,286,-47
"5889","2390云辰","110/07/09","凱基-八德",59,10,49
"5890","2390云辰","110/07/09","德信",2,32,-30
"5891","2390云辰","110/07/09","合庫-新竹",40,0,40
"5892","2390云辰","110/07/09","兆豐-桃鶯",2,32,-30
"5893","2390云辰","110/07/09","國票",40,1,39
"5894","2390云辰","110/07/09","致和-南京",0,30,-30
"5895","2390云辰","110/07/09","新加坡商瑞銀",49,13,36
"5896","2390云辰","110/07/09","富邦-虎尾",1,31,-30
"5897","2390云辰","110/07/09","統一-新台中",36,2,34
"5898","2390云辰","110/07/09","元大-善化",2,31,-29
"5899","2390云辰","110/07/09","國票-嘉義",31,0,31
"5900","2390云辰","110/07/09","富邦-板橋",0,27,-27
"5901","2390云辰","110/07/09","華南永昌",35,7,28
"5902","2390云辰","110/07/09","富邦-永和",3,28,-25
"5903","2390云辰","110/07/09","玉山-台中",49,22,27
"5904","2390云辰","110/07/09","第一金-自由",20,44,-24
"5905","2390云辰","110/07/09","華南永昌-敦南",25,0,25
"5906","2390云辰","110/07/09","凱基-內湖",0,24,-24
"5907","2390云辰","110/07/09","新光-高雄",27,4,23
"5908","2390云辰","110/07/09","元大-汐止",1,24,-23
"5909","2390云辰","110/07/09","台灣摩根士丹利",85,63,22
"5910","2390云辰","110/07/09","新光-台中",12,33,-21
"5911","4903聯光通","110/07/09","元大-敦南",10,0,10
"5912","4903聯光通","110/07/09","第一金-台中",0,12,-12
"5913","4903聯光通","110/07/09","凱基-士林",5,0,5
"5914","4903聯光通","110/07/09","日盛-忠孝",0,3,-3
"5915","4903聯光通","110/07/09","元大-苗栗",5,0,5
"5916","4903聯光通","110/07/09","群益金鼎-崇德",0,3,-3
"5917","4903聯光通","110/07/09","元大-屏南",3,0,3
"5918","4903聯光通","110/07/09","國票-內壢",0,2,-2
"5919","4903聯光通","110/07/09","中國信託-永康",1,0,1
"5920","4903聯光通","110/07/09","康和-南崁",0,2,-2
"5921","4903聯光通","110/07/09","玉山證券",1,0,1
"5922","4903聯光通","110/07/09","新光-台中",0,2,-2
"5923","4903聯光通","110/07/09","元大-太平",4,3,1
"5924","4903聯光通","110/07/09","玉山-城中",0,2,-2
"5925","4903聯光通","110/07/09","永豐金-嘉義",1,0,1
"5926","4903聯光通","110/07/09","中國信託-文心",0,1,-1
"5927","4903聯光通","110/07/09","大昌",0,0,0
"5928","4903聯光通","110/07/09","大昌",0,0,0
"5929","4903聯光通","110/07/09","中農",0,0,0
"5930","4903聯光通","110/07/09","中農",0,0,0
"5931","4903聯光通","110/07/09","",NA,NA,NA
"5932","4903聯光通","110/07/09","",NA,NA,NA
"5933","4903聯光通","110/07/09","",NA,NA,NA
"5934","4903聯光通","110/07/09","",NA,NA,NA
"5935","4903聯光通","110/07/09","",NA,NA,NA
"5936","4903聯光通","110/07/09","",NA,NA,NA
"5937","4903聯光通","110/07/09","",NA,NA,NA
"5938","4903聯光通","110/07/09","",NA,NA,NA
"5939","4903聯光通","110/07/09","",NA,NA,NA
"5940","4903聯光通","110/07/09","",NA,NA,NA
"5941","2929淘帝","110/07/09","台中銀-台北",110,0,110
"5942","2929淘帝","110/07/09","新光",2,82,-80
"5943","2929淘帝","110/07/09","華南永昌-頭份",72,0,72
"5944","2929淘帝","110/07/09","摩根大通",2,63,-61
"5945","2929淘帝","110/07/09","合庫-高雄",71,0,71
"5946","2929淘帝","110/07/09","第一金-路竹",0,50,-50
"5947","2929淘帝","110/07/09","高橋-龍潭",37,0,37
"5948","2929淘帝","110/07/09","港商麥格理",0,42,-42
"5949","2929淘帝","110/07/09","新光-台中",60,26,34
"5950","2929淘帝","110/07/09","陽信-石牌",0,40,-40
"5951","2929淘帝","110/07/09","元富-大裕",22,1,21
"5952","2929淘帝","110/07/09","台新-左楠",1,39,-38
"5953","2929淘帝","110/07/09","合庫-鳳山",20,0,20
"5954","2929淘帝","110/07/09","凱基-桃園",3,29,-26
"5955","2929淘帝","110/07/09","元大-員林",22,2,20
"5956","2929淘帝","110/07/09","兆豐-內湖",0,25,-25
"5957","2929淘帝","110/07/09","台新-建北",15,0,15
"5958","2929淘帝","110/07/09","元大-北港",0,20,-20
"5959","2929淘帝","110/07/09","兆豐-桃園",13,0,13
"5960","2929淘帝","110/07/09","富邦-北港",0,19,-19
"5961","2929淘帝","110/07/09","兆豐-忠孝",10,0,10
"5962","2929淘帝","110/07/09","富邦-花蓮",0,17,-17
"5963","2929淘帝","110/07/09","國票-敦北法人",10,0,10
"5964","2929淘帝","110/07/09","國泰-台中",2,17,-15
"5965","2929淘帝","110/07/09","永豐金-博愛",10,0,10
"5966","2929淘帝","110/07/09","群益金鼎-彰化",0,15,-15
"5967","2929淘帝","110/07/09","群益金鼎-潭子",8,0,8
"5968","2929淘帝","110/07/09","元大-博愛",0,14,-14
"5969","2929淘帝","110/07/09","富邦-南屯",8,0,8
"5970","2929淘帝","110/07/09","日盛-板橋",0,13,-13
"5971","5410國眾","110/07/09","元大-新盛",14,0,14
"5972","5410國眾","110/07/09","(牛牛牛)亞-鑫豐",1,41,-40
"5973","5410國眾","110/07/09","台灣企銀-民雄",10,0,10
"5974","5410國眾","110/07/09","元富-嘉義",0,25,-25
"5975","5410國眾","110/07/09","元富-虎尾",9,0,9
"5976","5410國眾","110/07/09","凱基-高美館",0,10,-10
"5977","5410國眾","110/07/09","摩根大通",10,1,9
"5978","5410國眾","110/07/09","凱基-城中",0,10,-10
"5979","5410國眾","110/07/09","兆豐-北高雄",7,0,7
"5980","5410國眾","110/07/09","元大-頭份",0,10,-10
"5981","5410國眾","110/07/09","凱基-台北",8,1,7
"5982","5410國眾","110/07/09","群益金鼎-丹鳳",0,7,-7
"5983","5410國眾","110/07/09","華南永昌-公誠",7,0,7
"5984","5410國眾","110/07/09","凱基-復興",0,7,-7
"5985","5410國眾","110/07/09","香港上海匯豐",6,0,6
"5986","5410國眾","110/07/09","元大-員林",0,7,-7
"5987","5410國眾","110/07/09","凱基-中壢",6,0,6
"5988","5410國眾","110/07/09","富邦-竹東",0,6,-6
"5989","5410國眾","110/07/09","華南永昌-南京",6,0,6
"5990","5410國眾","110/07/09","亞東-高雄",0,5,-5
"5991","5410國眾","110/07/09","統一-三重",5,0,5
"5992","5410國眾","110/07/09","大慶-中壢",1,6,-5
"5993","5410國眾","110/07/09","富邦-宜蘭",5,0,5
"5994","5410國眾","110/07/09","群益金鼎-中港",0,5,-5
"5995","5410國眾","110/07/09","元大-崇德",5,0,5
"5996","5410國眾","110/07/09","元大-八德",0,5,-5
"5997","5410國眾","110/07/09","元大-博愛",5,0,5
"5998","5410國眾","110/07/09","富邦-基隆",0,4,-4
"5999","5410國眾","110/07/09","元大-龍潭",5,0,5
"6000","5410國眾","110/07/09","臺銀-新竹",0,3,-3
"6001","2841台開","110/07/09","日盛-雙和",102,0,102
"6002","2841台開","110/07/09","港商野村",0,129,-129
"6003","2841台開","110/07/09","元大-館前",70,0,70
"6004","2841台開","110/07/09","兆豐-永和",0,100,-100
"6005","2841台開","110/07/09","凱基-文心",50,0,50
"6006","2841台開","110/07/09","台新證券",7,28,-21
"6007","2841台開","110/07/09","富邦-嘉義",40,0,40
"6008","2841台開","110/07/09","國票-北高雄",0,20,-20
"6009","2841台開","110/07/09","美商高盛",15,0,15
"6010","2841台開","110/07/09","永豐金-敦南",29,46,-17
"6011","2841台開","110/07/09","台中銀",15,0,15
"6012","2841台開","110/07/09","合庫-基隆",0,12,-12
"6013","2841台開","110/07/09","新光",11,0,11
"6014","2841台開","110/07/09","中國信託-松江",0,12,-12
"6015","2841台開","110/07/09","華南永昌-長虹",10,0,10
"6016","2841台開","110/07/09","兆豐-城中",0,12,-12
"6017","2841台開","110/07/09","永豐金-南投",10,0,10
"6018","2841台開","110/07/09","台中銀-豐原",0,10,-10
"6019","2841台開","110/07/09","合庫-桃園",7,0,7
"6020","2841台開","110/07/09","兆豐-景美",0,10,-10
"6021","2841台開","110/07/09","群益金鼎-古亭",7,0,7
"6022","2841台開","110/07/09","群益金鼎-基隆",0,10,-10
"6023","2841台開","110/07/09","國泰-敦南",6,0,6
"6024","2841台開","110/07/09","元大-北三重",0,10,-10
"6025","2841台開","110/07/09","凱基-桃園",8,2,6
"6026","2841台開","110/07/09","(牛牛牛)亞-網路",0,9,-9
"6027","2841台開","110/07/09","日盛證券",5,0,5
"6028","2841台開","110/07/09","台新-高雄",1,10,-9
"6029","2841台開","110/07/09","元富-文心",5,0,5
"6030","2841台開","110/07/09","凱基-台北",0,7,-7
"6031","6207雷科","110/07/09","群益金鼎-新竹",47,0,47
"6032","6207雷科","110/07/09","新光",7,24,-17
"6033","6207雷科","110/07/09","永豐金-三重",31,0,31
"6034","6207雷科","110/07/09","日盛-和美",0,15,-15
"6035","6207雷科","110/07/09","新加坡商瑞銀",33,5,28
"6036","6207雷科","110/07/09","國泰-台南",0,15,-15
"6037","6207雷科","110/07/09","元大-高雄",26,0,26
"6038","6207雷科","110/07/09","華南永昌-古亭",0,14,-14
"6039","6207雷科","110/07/09","統一-員林",22,0,22
"6040","6207雷科","110/07/09","土銀-白河",0,11,-11
"6041","6207雷科","110/07/09","台新-高雄",22,0,22
"6042","6207雷科","110/07/09","日盛-台南",0,10,-10
"6043","6207雷科","110/07/09","摩根大通",34,17,17
"6044","6207雷科","110/07/09","元富-林園",0,10,-10
"6045","6207雷科","110/07/09","元大-博愛",17,1,16
"6046","6207雷科","110/07/09","富邦-園區",0,10,-10
"6047","6207雷科","110/07/09","日茂-埔里",12,0,12
"6048","6207雷科","110/07/09","元大-上新莊",0,10,-10
"6049","6207雷科","110/07/09","國泰-台中",17,6,11
"6050","6207雷科","110/07/09","永豐金-南京",0,10,-10
"6051","6207雷科","110/07/09","富邦-三重",10,0,10
"6052","6207雷科","110/07/09","兆豐-小港",0,6,-6
"6053","6207雷科","110/07/09","元大-沙鹿",10,0,10
"6054","6207雷科","110/07/09","富邦-羅東",1,7,-6
"6055","6207雷科","110/07/09","元大-八德",10,0,10
"6056","6207雷科","110/07/09","元大-土城永寧",0,6,-6
"6057","6207雷科","110/07/09","第一金-路竹",11,2,9
"6058","6207雷科","110/07/09","永豐金-板盛",0,6,-6
"6059","6207雷科","110/07/09","統一-南京",5,0,5
"6060","6207雷科","110/07/09","日盛-板橋",0,5,-5
"6061","3679新至陞","110/07/09","元大-大天母",10,0,10
"6062","3679新至陞","110/07/09","第一金-光復",0,11,-11
"6063","3679新至陞","110/07/09","日盛-樹林",9,0,9
"6064","3679新至陞","110/07/09","瑞士信貸",0,8,-8
"6065","3679新至陞","110/07/09","凱基-台北",11,2,9
"6066","3679新至陞","110/07/09","大慶-苗栗",0,5,-5
"6067","3679新至陞","110/07/09","華南永昌-小港",8,0,8
"6068","3679新至陞","110/07/09","元大-永春",0,5,-5
"6069","3679新至陞","110/07/09","兆豐-來福",7,0,7
"6070","3679新至陞","110/07/09","日盛-和美",0,4,-4
"6071","3679新至陞","110/07/09","香港上海匯豐",5,0,5
"6072","3679新至陞","110/07/09","元大-雙和",0,3,-3
"6073","3679新至陞","110/07/09","台中銀-員林",3,0,3
"6074","3679新至陞","110/07/09","永豐金-屏東",0,3,-3
"6075","3679新至陞","110/07/09","新光",3,0,3
"6076","3679新至陞","110/07/09","彰銀",0,2,-2
"6077","3679新至陞","110/07/09","土銀-花蓮",2,0,2
"6078","3679新至陞","110/07/09","宏遠-館前",0,2,-2
"6079","3679新至陞","110/07/09","第一金-澎湖",2,0,2
"6080","3679新至陞","110/07/09","港商野村",0,2,-2
"6081","3679新至陞","110/07/09","摩根大通",2,0,2
"6082","3679新至陞","110/07/09","大昌-新店",0,2,-2
"6083","3679新至陞","110/07/09","國泰-敦南",2,0,2
"6084","3679新至陞","110/07/09","元大-新莊",0,2,-2
"6085","3679新至陞","110/07/09","元大-淡水",4,2,2
"6086","3679新至陞","110/07/09","元大-板橋",0,2,-2
"6087","3679新至陞","110/07/09","日盛-士林",1,0,1
"6088","3679新至陞","110/07/09","台灣摩根士丹利",0,1,-1
"6089","3679新至陞","110/07/09","日盛-信義",1,0,1
"6090","3679新至陞","110/07/09","第一金-高雄",0,1,-1
"6091","2727王品","110/07/09","台灣匯立證券",90,0,90
"6092","2727王品","110/07/09","台灣摩根士丹利",0,267,-267
"6093","2727王品","110/07/09","國泰-敦南",166,84,82
"6094","2727王品","110/07/09","富邦-台北",35,299,-264
"6095","2727王品","110/07/09","富邦-仁愛",56,12,44
"6096","2727王品","110/07/09","凱基-台北",174,296,-122
"6097","2727王品","110/07/09","台新證券",109,66,43
"6098","2727王品","110/07/09","第一金",2,102,-100
"6099","2727王品","110/07/09","新光",117,87,30
"6100","2727王品","110/07/09","群益金鼎-大安",0,80,-80
"6101","2727王品","110/07/09","臺銀-臺中",35,6,29
"6102","2727王品","110/07/09","兆豐-大安",7,60,-53
"6103","2727王品","110/07/09","元大-桃園",32,3,29
"6104","2727王品","110/07/09","永豐金-南投",0,50,-50
"6105","2727王品","110/07/09","元富-宜蘭",34,6,28
"6106","2727王品","110/07/09","新加坡商瑞銀",6,46,-40
"6107","2727王品","110/07/09","玉山-台中",34,8,26
"6108","2727王品","110/07/09","合庫-彰化",11,50,-39
"6109","2727王品","110/07/09","群益金鼎-宜蘭",30,4,26
"6110","2727王品","110/07/09","永豐金-萬盛",13,52,-39
"6111","2727王品","110/07/09","富邦-台中",42,16,26
"6112","2727王品","110/07/09","瑞士信貸",0,34,-34
"6113","2727王品","110/07/09","第一金-豐原",25,1,24
"6114","2727王品","110/07/09","元大-和平",4,35,-31
"6115","2727王品","110/07/09","臺銀",30,8,22
"6116","2727王品","110/07/09","美林",14,44,-30
"6117","2727王品","110/07/09","兆豐-來福",23,1,22
"6118","2727王品","110/07/09","元大-員林",9,38,-29
"6119","2727王品","110/07/09","玉山-士林",22,2,20
"6120","2727王品","110/07/09","元富-西松",4,31,-27
"6121","1570力肯","110/07/09","凱基-台北",30,1,29
"6122","1570力肯","110/07/09","群益金鼎-彰化",0,20,-20
"6123","1570力肯","110/07/09","新光-台南",20,0,20
"6124","1570力肯","110/07/09","元大-土城學府",0,20,-20
"6125","1570力肯","110/07/09","元大-高雄",20,0,20
"6126","1570力肯","110/07/09","元大-大統",0,16,-16
"6127","1570力肯","110/07/09","國票-中正",12,0,12
"6128","1570力肯","110/07/09","元大-新營",0,11,-11
"6129","1570力肯","110/07/09","日盛-高雄",6,0,6
"6130","1570力肯","110/07/09","元大-和平",0,10,-10
"6131","1570力肯","110/07/09","元富-緯城",6,0,6
"6132","1570力肯","110/07/09","元大-草屯",0,10,-10
"6133","1570力肯","110/07/09","群益金鼎-台南",6,0,6
"6134","1570力肯","110/07/09","元大-鹿港",0,9,-9
"6135","1570力肯","110/07/09","華南永昌-岡山",6,0,6
"6136","1570力肯","110/07/09","合庫-基隆",0,7,-7
"6137","1570力肯","110/07/09","統一-中壢",5,0,5
"6138","1570力肯","110/07/09","摩根大通",2,8,-6
"6139","1570力肯","110/07/09","凱基-三峽",5,0,5
"6140","1570力肯","110/07/09","台灣企銀-豐原",0,4,-4
"6141","1570力肯","110/07/09","大昌-樹林",4,0,4
"6142","1570力肯","110/07/09","日盛-桃園",0,4,-4
"6143","1570力肯","110/07/09","新光",3,0,3
"6144","1570力肯","110/07/09","國泰-高雄",0,3,-3
"6145","1570力肯","110/07/09","富邦-新竹華信",3,0,3
"6146","1570力肯","110/07/09","永豐金-敦南",0,3,-3
"6147","1570力肯","110/07/09","合庫-台中",2,0,2
"6148","1570力肯","110/07/09","土銀-彰化",0,2,-2
"6149","1570力肯","110/07/09","臺銀-臺中",2,0,2
"6150","1570力肯","110/07/09","臺銀-鳳山",0,2,-2
"6151","6180橘子","110/07/09","摩根大通",63,1,62
"6152","6180橘子","110/07/09","元大-南京",1,32,-31
"6153","6180橘子","110/07/09","富邦-陽明",73,33,40
"6154","6180橘子","110/07/09","群益金鼎-台北",0,25,-25
"6155","6180橘子","110/07/09","新加坡商瑞銀",31,0,31
"6156","6180橘子","110/07/09","兆豐-復興",0,21,-21
"6157","6180橘子","110/07/09","美商高盛",25,0,25
"6158","6180橘子","110/07/09","永豐金-嘉義",0,21,-21
"6159","6180橘子","110/07/09","凱基-台北",26,10,16
"6160","6180橘子","110/07/09","凱基-中壢",8,24,-16
"6161","6180橘子","110/07/09","華南永昌-楠梓",13,0,13
"6162","6180橘子","110/07/09","致和-崇德",0,15,-15
"6163","6180橘子","110/07/09","華南永昌-朴子",11,0,11
"6164","6180橘子","110/07/09","群益金鼎-屏東",0,15,-15
"6165","6180橘子","110/07/09","元大-北港",11,0,11
"6166","6180橘子","110/07/09","群益金鼎-中山",0,15,-15
"6167","6180橘子","110/07/09","元大-成功",10,1,9
"6168","6180橘子","110/07/09","瑞士信貸",1,15,-14
"6169","6180橘子","110/07/09","新光",26,18,8
"6170","6180橘子","110/07/09","日盛-二林",0,10,-10
"6171","6180橘子","110/07/09","統一-三重",6,0,6
"6172","6180橘子","110/07/09","凱基-東門",0,10,-10
"6173","6180橘子","110/07/09","群益金鼎-嘉義",6,0,6
"6174","6180橘子","110/07/09","華南永昌-三重",0,10,-10
"6175","6180橘子","110/07/09","元大-員林中山",6,0,6
"6176","6180橘子","110/07/09","元大-彰化民生",1,11,-10
"6177","6180橘子","110/07/09","合庫-鳳山",5,0,5
"6178","6180橘子","110/07/09","永豐金-新店",1,11,-10
"6179","6180橘子","110/07/09","富邦-建國",6,1,5
"6180","6180橘子","110/07/09","群益金鼎-丹鳳",0,8,-8
"6181","2390云辰","110/07/09","摩根大通",279,56,223
"6182","2390云辰","110/07/09","元大-天母",0,127,-127
"6183","2390云辰","110/07/09","日盛-鳳山",110,2,108
"6184","2390云辰","110/07/09","中國信託-文心",5,109,-104
"6185","2390云辰","110/07/09","宏遠證券",100,0,100
"6186","2390云辰","110/07/09","永豐金-復興",0,55,-55
"6187","2390云辰","110/07/09","元大-大里",63,6,57
"6188","2390云辰","110/07/09","凱基-台北",239,286,-47
"6189","2390云辰","110/07/09","凱基-八德",59,10,49
"6190","2390云辰","110/07/09","德信",2,32,-30
"6191","2390云辰","110/07/09","合庫-新竹",40,0,40
"6192","2390云辰","110/07/09","兆豐-桃鶯",2,32,-30
"6193","2390云辰","110/07/09","國票",40,1,39
"6194","2390云辰","110/07/09","致和-南京",0,30,-30
"6195","2390云辰","110/07/09","新加坡商瑞銀",49,13,36
"6196","2390云辰","110/07/09","富邦-虎尾",1,31,-30
"6197","2390云辰","110/07/09","統一-新台中",36,2,34
"6198","2390云辰","110/07/09","元大-善化",2,31,-29
"6199","2390云辰","110/07/09","國票-嘉義",31,0,31
"6200","2390云辰","110/07/09","富邦-板橋",0,27,-27
"6201","2390云辰","110/07/09","華南永昌",35,7,28
"6202","2390云辰","110/07/09","富邦-永和",3,28,-25
"6203","2390云辰","110/07/09","玉山-台中",49,22,27
"6204","2390云辰","110/07/09","第一金-自由",20,44,-24
"6205","2390云辰","110/07/09","華南永昌-敦南",25,0,25
"6206","2390云辰","110/07/09","凱基-內湖",0,24,-24
"6207","2390云辰","110/07/09","新光-高雄",27,4,23
"6208","2390云辰","110/07/09","元大-汐止",1,24,-23
"6209","2390云辰","110/07/09","台灣摩根士丹利",85,63,22
"6210","2390云辰","110/07/09","新光-台中",12,33,-21
"6211","4903聯光通","110/07/09","元大-敦南",10,0,10
"6212","4903聯光通","110/07/09","第一金-台中",0,12,-12
"6213","4903聯光通","110/07/09","凱基-士林",5,0,5
"6214","4903聯光通","110/07/09","日盛-忠孝",0,3,-3
"6215","4903聯光通","110/07/09","元大-苗栗",5,0,5
"6216","4903聯光通","110/07/09","群益金鼎-崇德",0,3,-3
"6217","4903聯光通","110/07/09","元大-屏南",3,0,3
"6218","4903聯光通","110/07/09","國票-內壢",0,2,-2
"6219","4903聯光通","110/07/09","中國信託-永康",1,0,1
"6220","4903聯光通","110/07/09","康和-南崁",0,2,-2
"6221","4903聯光通","110/07/09","玉山證券",1,0,1
"6222","4903聯光通","110/07/09","新光-台中",0,2,-2
"6223","4903聯光通","110/07/09","元大-太平",4,3,1
"6224","4903聯光通","110/07/09","玉山-城中",0,2,-2
"6225","4903聯光通","110/07/09","永豐金-嘉義",1,0,1
"6226","4903聯光通","110/07/09","中國信託-文心",0,1,-1
"6227","4903聯光通","110/07/09","大昌",0,0,0
"6228","4903聯光通","110/07/09","大昌",0,0,0
"6229","4903聯光通","110/07/09","中農",0,0,0
"6230","4903聯光通","110/07/09","中農",0,0,0
"6231","4903聯光通","110/07/09","",NA,NA,NA
"6232","4903聯光通","110/07/09","",NA,NA,NA
"6233","4903聯光通","110/07/09","",NA,NA,NA
"6234","4903聯光通","110/07/09","",NA,NA,NA
"6235","4903聯光通","110/07/09","",NA,NA,NA
"6236","4903聯光通","110/07/09","",NA,NA,NA
"6237","4903聯光通","110/07/09","",NA,NA,NA
"6238","4903聯光通","110/07/09","",NA,NA,NA
"6239","4903聯光通","110/07/09","",NA,NA,NA
"6240","4903聯光通","110/07/09","",NA,NA,NA
"6241","2929淘帝","110/07/09","台中銀-台北",110,0,110
"6242","2929淘帝","110/07/09","新光",2,82,-80
"6243","2929淘帝","110/07/09","華南永昌-頭份",72,0,72
"6244","2929淘帝","110/07/09","摩根大通",2,63,-61
"6245","2929淘帝","110/07/09","合庫-高雄",71,0,71
"6246","2929淘帝","110/07/09","第一金-路竹",0,50,-50
"6247","2929淘帝","110/07/09","高橋-龍潭",37,0,37
"6248","2929淘帝","110/07/09","港商麥格理",0,42,-42
"6249","2929淘帝","110/07/09","新光-台中",60,26,34
"6250","2929淘帝","110/07/09","陽信-石牌",0,40,-40
"6251","2929淘帝","110/07/09","元富-大裕",22,1,21
"6252","2929淘帝","110/07/09","台新-左楠",1,39,-38
"6253","2929淘帝","110/07/09","合庫-鳳山",20,0,20
"6254","2929淘帝","110/07/09","凱基-桃園",3,29,-26
"6255","2929淘帝","110/07/09","元大-員林",22,2,20
"6256","2929淘帝","110/07/09","兆豐-內湖",0,25,-25
"6257","2929淘帝","110/07/09","台新-建北",15,0,15
"6258","2929淘帝","110/07/09","元大-北港",0,20,-20
"6259","2929淘帝","110/07/09","兆豐-桃園",13,0,13
"6260","2929淘帝","110/07/09","富邦-北港",0,19,-19
"6261","2929淘帝","110/07/09","兆豐-忠孝",10,0,10
"6262","2929淘帝","110/07/09","富邦-花蓮",0,17,-17
"6263","2929淘帝","110/07/09","國票-敦北法人",10,0,10
"6264","2929淘帝","110/07/09","國泰-台中",2,17,-15
"6265","2929淘帝","110/07/09","永豐金-博愛",10,0,10
"6266","2929淘帝","110/07/09","群益金鼎-彰化",0,15,-15
"6267","2929淘帝","110/07/09","群益金鼎-潭子",8,0,8
"6268","2929淘帝","110/07/09","元大-博愛",0,14,-14
"6269","2929淘帝","110/07/09","富邦-南屯",8,0,8
"6270","2929淘帝","110/07/09","日盛-板橋",0,13,-13
"6271","5410國眾","110/07/09","元大-新盛",14,0,14
"6272","5410國眾","110/07/09","(牛牛牛)亞-鑫豐",1,41,-40
"6273","5410國眾","110/07/09","台灣企銀-民雄",10,0,10
"6274","5410國眾","110/07/09","元富-嘉義",0,25,-25
"6275","5410國眾","110/07/09","元富-虎尾",9,0,9
"6276","5410國眾","110/07/09","凱基-高美館",0,10,-10
"6277","5410國眾","110/07/09","摩根大通",10,1,9
"6278","5410國眾","110/07/09","凱基-城中",0,10,-10
"6279","5410國眾","110/07/09","兆豐-北高雄",7,0,7
"6280","5410國眾","110/07/09","元大-頭份",0,10,-10
"6281","5410國眾","110/07/09","凱基-台北",8,1,7
"6282","5410國眾","110/07/09","群益金鼎-丹鳳",0,7,-7
"6283","5410國眾","110/07/09","華南永昌-公誠",7,0,7
"6284","5410國眾","110/07/09","凱基-復興",0,7,-7
"6285","5410國眾","110/07/09","香港上海匯豐",6,0,6
"6286","5410國眾","110/07/09","元大-員林",0,7,-7
"6287","5410國眾","110/07/09","凱基-中壢",6,0,6
"6288","5410國眾","110/07/09","富邦-竹東",0,6,-6
"6289","5410國眾","110/07/09","華南永昌-南京",6,0,6
"6290","5410國眾","110/07/09","亞東-高雄",0,5,-5
"6291","5410國眾","110/07/09","統一-三重",5,0,5
"6292","5410國眾","110/07/09","大慶-中壢",1,6,-5
"6293","5410國眾","110/07/09","富邦-宜蘭",5,0,5
"6294","5410國眾","110/07/09","群益金鼎-中港",0,5,-5
"6295","5410國眾","110/07/09","元大-崇德",5,0,5
"6296","5410國眾","110/07/09","元大-八德",0,5,-5
"6297","5410國眾","110/07/09","元大-博愛",5,0,5
"6298","5410國眾","110/07/09","富邦-基隆",0,4,-4
"6299","5410國眾","110/07/09","元大-龍潭",5,0,5
"6300","5410國眾","110/07/09","臺銀-新竹",0,3,-3
"6301","2841台開","110/07/09","日盛-雙和",102,0,102
"6302","2841台開","110/07/09","港商野村",0,129,-129
"6303","2841台開","110/07/09","元大-館前",70,0,70
"6304","2841台開","110/07/09","兆豐-永和",0,100,-100
"6305","2841台開","110/07/09","凱基-文心",50,0,50
"6306","2841台開","110/07/09","台新證券",7,28,-21
"6307","2841台開","110/07/09","富邦-嘉義",40,0,40
"6308","2841台開","110/07/09","國票-北高雄",0,20,-20
"6309","2841台開","110/07/09","美商高盛",15,0,15
"6310","2841台開","110/07/09","永豐金-敦南",29,46,-17
"6311","2841台開","110/07/09","台中銀",15,0,15
"6312","2841台開","110/07/09","合庫-基隆",0,12,-12
"6313","2841台開","110/07/09","新光",11,0,11
"6314","2841台開","110/07/09","中國信託-松江",0,12,-12
"6315","2841台開","110/07/09","華南永昌-長虹",10,0,10
"6316","2841台開","110/07/09","兆豐-城中",0,12,-12
"6317","2841台開","110/07/09","永豐金-南投",10,0,10
"6318","2841台開","110/07/09","台中銀-豐原",0,10,-10
"6319","2841台開","110/07/09","合庫-桃園",7,0,7
"6320","2841台開","110/07/09","兆豐-景美",0,10,-10
"6321","2841台開","110/07/09","群益金鼎-古亭",7,0,7
"6322","2841台開","110/07/09","群益金鼎-基隆",0,10,-10
"6323","2841台開","110/07/09","國泰-敦南",6,0,6
"6324","2841台開","110/07/09","元大-北三重",0,10,-10
"6325","2841台開","110/07/09","凱基-桃園",8,2,6
"6326","2841台開","110/07/09","(牛牛牛)亞-網路",0,9,-9
"6327","2841台開","110/07/09","日盛證券",5,0,5
"6328","2841台開","110/07/09","台新-高雄",1,10,-9
"6329","2841台開","110/07/09","元富-文心",5,0,5
"6330","2841台開","110/07/09","凱基-台北",0,7,-7
"6331","6207雷科","110/07/09","群益金鼎-新竹",47,0,47
"6332","6207雷科","110/07/09","新光",7,24,-17
"6333","6207雷科","110/07/09","永豐金-三重",31,0,31
"6334","6207雷科","110/07/09","日盛-和美",0,15,-15
"6335","6207雷科","110/07/09","新加坡商瑞銀",33,5,28
"6336","6207雷科","110/07/09","國泰-台南",0,15,-15
"6337","6207雷科","110/07/09","元大-高雄",26,0,26
"6338","6207雷科","110/07/09","華南永昌-古亭",0,14,-14
"6339","6207雷科","110/07/09","統一-員林",22,0,22
"6340","6207雷科","110/07/09","土銀-白河",0,11,-11
"6341","6207雷科","110/07/09","台新-高雄",22,0,22
"6342","6207雷科","110/07/09","日盛-台南",0,10,-10
"6343","6207雷科","110/07/09","摩根大通",34,17,17
"6344","6207雷科","110/07/09","元富-林園",0,10,-10
"6345","6207雷科","110/07/09","元大-博愛",17,1,16
"6346","6207雷科","110/07/09","富邦-園區",0,10,-10
"6347","6207雷科","110/07/09","日茂-埔里",12,0,12
"6348","6207雷科","110/07/09","元大-上新莊",0,10,-10
"6349","6207雷科","110/07/09","國泰-台中",17,6,11
"6350","6207雷科","110/07/09","永豐金-南京",0,10,-10
"6351","6207雷科","110/07/09","富邦-三重",10,0,10
"6352","6207雷科","110/07/09","兆豐-小港",0,6,-6
"6353","6207雷科","110/07/09","元大-沙鹿",10,0,10
"6354","6207雷科","110/07/09","富邦-羅東",1,7,-6
"6355","6207雷科","110/07/09","元大-八德",10,0,10
"6356","6207雷科","110/07/09","元大-土城永寧",0,6,-6
"6357","6207雷科","110/07/09","第一金-路竹",11,2,9
"6358","6207雷科","110/07/09","永豐金-板盛",0,6,-6
"6359","6207雷科","110/07/09","統一-南京",5,0,5
"6360","6207雷科","110/07/09","日盛-板橋",0,5,-5
"6361","3679新至陞","110/07/09","元大-大天母",10,0,10
"6362","3679新至陞","110/07/09","第一金-光復",0,11,-11
"6363","3679新至陞","110/07/09","日盛-樹林",9,0,9
"6364","3679新至陞","110/07/09","瑞士信貸",0,8,-8
"6365","3679新至陞","110/07/09","凱基-台北",11,2,9
"6366","3679新至陞","110/07/09","大慶-苗栗",0,5,-5
"6367","3679新至陞","110/07/09","華南永昌-小港",8,0,8
"6368","3679新至陞","110/07/09","元大-永春",0,5,-5
"6369","3679新至陞","110/07/09","兆豐-來福",7,0,7
"6370","3679新至陞","110/07/09","日盛-和美",0,4,-4
"6371","3679新至陞","110/07/09","香港上海匯豐",5,0,5
"6372","3679新至陞","110/07/09","元大-雙和",0,3,-3
"6373","3679新至陞","110/07/09","台中銀-員林",3,0,3
"6374","3679新至陞","110/07/09","永豐金-屏東",0,3,-3
"6375","3679新至陞","110/07/09","新光",3,0,3
"6376","3679新至陞","110/07/09","彰銀",0,2,-2
"6377","3679新至陞","110/07/09","土銀-花蓮",2,0,2
"6378","3679新至陞","110/07/09","宏遠-館前",0,2,-2
"6379","3679新至陞","110/07/09","第一金-澎湖",2,0,2
"6380","3679新至陞","110/07/09","港商野村",0,2,-2
"6381","3679新至陞","110/07/09","摩根大通",2,0,2
"6382","3679新至陞","110/07/09","大昌-新店",0,2,-2
"6383","3679新至陞","110/07/09","國泰-敦南",2,0,2
"6384","3679新至陞","110/07/09","元大-新莊",0,2,-2
"6385","3679新至陞","110/07/09","元大-淡水",4,2,2
"6386","3679新至陞","110/07/09","元大-板橋",0,2,-2
"6387","3679新至陞","110/07/09","日盛-士林",1,0,1
"6388","3679新至陞","110/07/09","台灣摩根士丹利",0,1,-1
"6389","3679新至陞","110/07/09","日盛-信義",1,0,1
"6390","3679新至陞","110/07/09","第一金-高雄",0,1,-1
"6391","2727王品","110/07/09","台灣匯立證券",90,0,90
"6392","2727王品","110/07/09","台灣摩根士丹利",0,267,-267
"6393","2727王品","110/07/09","國泰-敦南",166,84,82
"6394","2727王品","110/07/09","富邦-台北",35,299,-264
"6395","2727王品","110/07/09","富邦-仁愛",56,12,44
"6396","2727王品","110/07/09","凱基-台北",174,296,-122
"6397","2727王品","110/07/09","台新證券",109,66,43
"6398","2727王品","110/07/09","第一金",2,102,-100
"6399","2727王品","110/07/09","新光",117,87,30
"6400","2727王品","110/07/09","群益金鼎-大安",0,80,-80
"6401","2727王品","110/07/09","臺銀-臺中",35,6,29
"6402","2727王品","110/07/09","兆豐-大安",7,60,-53
"6403","2727王品","110/07/09","元大-桃園",32,3,29
"6404","2727王品","110/07/09","永豐金-南投",0,50,-50
"6405","2727王品","110/07/09","元富-宜蘭",34,6,28
"6406","2727王品","110/07/09","新加坡商瑞銀",6,46,-40
"6407","2727王品","110/07/09","玉山-台中",34,8,26
"6408","2727王品","110/07/09","合庫-彰化",11,50,-39
"6409","2727王品","110/07/09","群益金鼎-宜蘭",30,4,26
"6410","2727王品","110/07/09","永豐金-萬盛",13,52,-39
"6411","2727王品","110/07/09","富邦-台中",42,16,26
"6412","2727王品","110/07/09","瑞士信貸",0,34,-34
"6413","2727王品","110/07/09","第一金-豐原",25,1,24
"6414","2727王品","110/07/09","元大-和平",4,35,-31
"6415","2727王品","110/07/09","臺銀",30,8,22
"6416","2727王品","110/07/09","美林",14,44,-30
"6417","2727王品","110/07/09","兆豐-來福",23,1,22
"6418","2727王品","110/07/09","元大-員林",9,38,-29
"6419","2727王品","110/07/09","玉山-士林",22,2,20
"6420","2727王品","110/07/09","元富-西松",4,31,-27
"6421","1570力肯","110/07/09","凱基-台北",30,1,29
"6422","1570力肯","110/07/09","群益金鼎-彰化",0,20,-20
"6423","1570力肯","110/07/09","新光-台南",20,0,20
"6424","1570力肯","110/07/09","元大-土城學府",0,20,-20
"6425","1570力肯","110/07/09","元大-高雄",20,0,20
"6426","1570力肯","110/07/09","元大-大統",0,16,-16
"6427","1570力肯","110/07/09","國票-中正",12,0,12
"6428","1570力肯","110/07/09","元大-新營",0,11,-11
"6429","1570力肯","110/07/09","日盛-高雄",6,0,6
"6430","1570力肯","110/07/09","元大-和平",0,10,-10
"6431","1570力肯","110/07/09","元富-緯城",6,0,6
"6432","1570力肯","110/07/09","元大-草屯",0,10,-10
"6433","1570力肯","110/07/09","群益金鼎-台南",6,0,6
"6434","1570力肯","110/07/09","元大-鹿港",0,9,-9
"6435","1570力肯","110/07/09","華南永昌-岡山",6,0,6
"6436","1570力肯","110/07/09","合庫-基隆",0,7,-7
"6437","1570力肯","110/07/09","統一-中壢",5,0,5
"6438","1570力肯","110/07/09","摩根大通",2,8,-6
"6439","1570力肯","110/07/09","凱基-三峽",5,0,5
"6440","1570力肯","110/07/09","台灣企銀-豐原",0,4,-4
"6441","1570力肯","110/07/09","大昌-樹林",4,0,4
"6442","1570力肯","110/07/09","日盛-桃園",0,4,-4
"6443","1570力肯","110/07/09","新光",3,0,3
"6444","1570力肯","110/07/09","國泰-高雄",0,3,-3
"6445","1570力肯","110/07/09","富邦-新竹華信",3,0,3
"6446","1570力肯","110/07/09","永豐金-敦南",0,3,-3
"6447","1570力肯","110/07/09","合庫-台中",2,0,2
"6448","1570力肯","110/07/09","土銀-彰化",0,2,-2
"6449","1570力肯","110/07/09","臺銀-臺中",2,0,2
"6450","1570力肯","110/07/09","臺銀-鳳山",0,2,-2
"6451","6180橘子","110/07/09","摩根大通",63,1,62
"6452","6180橘子","110/07/09","元大-南京",1,32,-31
"6453","6180橘子","110/07/09","富邦-陽明",73,33,40
"6454","6180橘子","110/07/09","群益金鼎-台北",0,25,-25
"6455","6180橘子","110/07/09","新加坡商瑞銀",31,0,31
"6456","6180橘子","110/07/09","兆豐-復興",0,21,-21
"6457","6180橘子","110/07/09","美商高盛",25,0,25
"6458","6180橘子","110/07/09","永豐金-嘉義",0,21,-21
"6459","6180橘子","110/07/09","凱基-台北",26,10,16
"6460","6180橘子","110/07/09","凱基-中壢",8,24,-16
"6461","6180橘子","110/07/09","華南永昌-楠梓",13,0,13
"6462","6180橘子","110/07/09","致和-崇德",0,15,-15
"6463","6180橘子","110/07/09","華南永昌-朴子",11,0,11
"6464","6180橘子","110/07/09","群益金鼎-屏東",0,15,-15
"6465","6180橘子","110/07/09","元大-北港",11,0,11
"6466","6180橘子","110/07/09","群益金鼎-中山",0,15,-15
"6467","6180橘子","110/07/09","元大-成功",10,1,9
"6468","6180橘子","110/07/09","瑞士信貸",1,15,-14
"6469","6180橘子","110/07/09","新光",26,18,8
"6470","6180橘子","110/07/09","日盛-二林",0,10,-10
"6471","6180橘子","110/07/09","統一-三重",6,0,6
"6472","6180橘子","110/07/09","凱基-東門",0,10,-10
"6473","6180橘子","110/07/09","群益金鼎-嘉義",6,0,6
"6474","6180橘子","110/07/09","華南永昌-三重",0,10,-10
"6475","6180橘子","110/07/09","元大-員林中山",6,0,6
"6476","6180橘子","110/07/09","元大-彰化民生",1,11,-10
"6477","6180橘子","110/07/09","合庫-鳳山",5,0,5
"6478","6180橘子","110/07/09","永豐金-新店",1,11,-10
"6479","6180橘子","110/07/09","富邦-建國",6,1,5
"6480","6180橘子","110/07/09","群益金鼎-丹鳳",0,8,-8
"6481","2390云辰","110/07/09","摩根大通",279,56,223
"6482","2390云辰","110/07/09","元大-天母",0,127,-127
"6483","2390云辰","110/07/09","日盛-鳳山",110,2,108
"6484","2390云辰","110/07/09","中國信託-文心",5,109,-104
"6485","2390云辰","110/07/09","宏遠證券",100,0,100
"6486","2390云辰","110/07/09","永豐金-復興",0,55,-55
"6487","2390云辰","110/07/09","元大-大里",63,6,57
"6488","2390云辰","110/07/09","凱基-台北",239,286,-47
"6489","2390云辰","110/07/09","凱基-八德",59,10,49
"6490","2390云辰","110/07/09","德信",2,32,-30
"6491","2390云辰","110/07/09","合庫-新竹",40,0,40
"6492","2390云辰","110/07/09","兆豐-桃鶯",2,32,-30
"6493","2390云辰","110/07/09","國票",40,1,39
"6494","2390云辰","110/07/09","致和-南京",0,30,-30
"6495","2390云辰","110/07/09","新加坡商瑞銀",49,13,36
"6496","2390云辰","110/07/09","富邦-虎尾",1,31,-30
"6497","2390云辰","110/07/09","統一-新台中",36,2,34
"6498","2390云辰","110/07/09","元大-善化",2,31,-29
"6499","2390云辰","110/07/09","國票-嘉義",31,0,31
"6500","2390云辰","110/07/09","富邦-板橋",0,27,-27
"6501","2390云辰","110/07/09","華南永昌",35,7,28
"6502","2390云辰","110/07/09","富邦-永和",3,28,-25
"6503","2390云辰","110/07/09","玉山-台中",49,22,27
"6504","2390云辰","110/07/09","第一金-自由",20,44,-24
"6505","2390云辰","110/07/09","華南永昌-敦南",25,0,25
"6506","2390云辰","110/07/09","凱基-內湖",0,24,-24
"6507","2390云辰","110/07/09","新光-高雄",27,4,23
"6508","2390云辰","110/07/09","元大-汐止",1,24,-23
"6509","2390云辰","110/07/09","台灣摩根士丹利",85,63,22
"6510","2390云辰","110/07/09","新光-台中",12,33,-21
"6511","4903聯光通","110/07/09","元大-敦南",10,0,10
"6512","4903聯光通","110/07/09","第一金-台中",0,12,-12
"6513","4903聯光通","110/07/09","凱基-士林",5,0,5
"6514","4903聯光通","110/07/09","日盛-忠孝",0,3,-3
"6515","4903聯光通","110/07/09","元大-苗栗",5,0,5
"6516","4903聯光通","110/07/09","群益金鼎-崇德",0,3,-3
"6517","4903聯光通","110/07/09","元大-屏南",3,0,3
"6518","4903聯光通","110/07/09","國票-內壢",0,2,-2
"6519","4903聯光通","110/07/09","中國信託-永康",1,0,1
"6520","4903聯光通","110/07/09","康和-南崁",0,2,-2
"6521","4903聯光通","110/07/09","玉山證券",1,0,1
"6522","4903聯光通","110/07/09","新光-台中",0,2,-2
"6523","4903聯光通","110/07/09","元大-太平",4,3,1
"6524","4903聯光通","110/07/09","玉山-城中",0,2,-2
"6525","4903聯光通","110/07/09","永豐金-嘉義",1,0,1
"6526","4903聯光通","110/07/09","中國信託-文心",0,1,-1
"6527","4903聯光通","110/07/09","大昌",0,0,0
"6528","4903聯光通","110/07/09","大昌",0,0,0
"6529","4903聯光通","110/07/09","中農",0,0,0
"6530","4903聯光通","110/07/09","中農",0,0,0
"6531","4903聯光通","110/07/09","",NA,NA,NA
"6532","4903聯光通","110/07/09","",NA,NA,NA
"6533","4903聯光通","110/07/09","",NA,NA,NA
"6534","4903聯光通","110/07/09","",NA,NA,NA
"6535","4903聯光通","110/07/09","",NA,NA,NA
"6536","4903聯光通","110/07/09","",NA,NA,NA
"6537","4903聯光通","110/07/09","",NA,NA,NA
"6538","4903聯光通","110/07/09","",NA,NA,NA
"6539","4903聯光通","110/07/09","",NA,NA,NA
"6540","4903聯光通","110/07/09","",NA,NA,NA
"6541","2929淘帝","110/07/09","台中銀-台北",110,0,110
"6542","2929淘帝","110/07/09","新光",2,82,-80
"6543","2929淘帝","110/07/09","華南永昌-頭份",72,0,72
"6544","2929淘帝","110/07/09","摩根大通",2,63,-61
"6545","2929淘帝","110/07/09","合庫-高雄",71,0,71
"6546","2929淘帝","110/07/09","第一金-路竹",0,50,-50
"6547","2929淘帝","110/07/09","高橋-龍潭",37,0,37
"6548","2929淘帝","110/07/09","港商麥格理",0,42,-42
"6549","2929淘帝","110/07/09","新光-台中",60,26,34
"6550","2929淘帝","110/07/09","陽信-石牌",0,40,-40
"6551","2929淘帝","110/07/09","元富-大裕",22,1,21
"6552","2929淘帝","110/07/09","台新-左楠",1,39,-38
"6553","2929淘帝","110/07/09","合庫-鳳山",20,0,20
"6554","2929淘帝","110/07/09","凱基-桃園",3,29,-26
"6555","2929淘帝","110/07/09","元大-員林",22,2,20
"6556","2929淘帝","110/07/09","兆豐-內湖",0,25,-25
"6557","2929淘帝","110/07/09","台新-建北",15,0,15
"6558","2929淘帝","110/07/09","元大-北港",0,20,-20
"6559","2929淘帝","110/07/09","兆豐-桃園",13,0,13
"6560","2929淘帝","110/07/09","富邦-北港",0,19,-19
"6561","2929淘帝","110/07/09","兆豐-忠孝",10,0,10
"6562","2929淘帝","110/07/09","富邦-花蓮",0,17,-17
"6563","2929淘帝","110/07/09","國票-敦北法人",10,0,10
"6564","2929淘帝","110/07/09","國泰-台中",2,17,-15
"6565","2929淘帝","110/07/09","永豐金-博愛",10,0,10
"6566","2929淘帝","110/07/09","群益金鼎-彰化",0,15,-15
"6567","2929淘帝","110/07/09","群益金鼎-潭子",8,0,8
"6568","2929淘帝","110/07/09","元大-博愛",0,14,-14
"6569","2929淘帝","110/07/09","富邦-南屯",8,0,8
"6570","2929淘帝","110/07/09","日盛-板橋",0,13,-13
"6571","5410國眾","110/07/09","元大-新盛",14,0,14
"6572","5410國眾","110/07/09","(牛牛牛)亞-鑫豐",1,41,-40
"6573","5410國眾","110/07/09","台灣企銀-民雄",10,0,10
"6574","5410國眾","110/07/09","元富-嘉義",0,25,-25
"6575","5410國眾","110/07/09","元富-虎尾",9,0,9
"6576","5410國眾","110/07/09","凱基-高美館",0,10,-10
"6577","5410國眾","110/07/09","摩根大通",10,1,9
"6578","5410國眾","110/07/09","凱基-城中",0,10,-10
"6579","5410國眾","110/07/09","兆豐-北高雄",7,0,7
"6580","5410國眾","110/07/09","元大-頭份",0,10,-10
"6581","5410國眾","110/07/09","凱基-台北",8,1,7
"6582","5410國眾","110/07/09","群益金鼎-丹鳳",0,7,-7
"6583","5410國眾","110/07/09","華南永昌-公誠",7,0,7
"6584","5410國眾","110/07/09","凱基-復興",0,7,-7
"6585","5410國眾","110/07/09","香港上海匯豐",6,0,6
"6586","5410國眾","110/07/09","元大-員林",0,7,-7
"6587","5410國眾","110/07/09","凱基-中壢",6,0,6
"6588","5410國眾","110/07/09","富邦-竹東",0,6,-6
"6589","5410國眾","110/07/09","華南永昌-南京",6,0,6
"6590","5410國眾","110/07/09","亞東-高雄",0,5,-5
"6591","5410國眾","110/07/09","統一-三重",5,0,5
"6592","5410國眾","110/07/09","大慶-中壢",1,6,-5
"6593","5410國眾","110/07/09","富邦-宜蘭",5,0,5
"6594","5410國眾","110/07/09","群益金鼎-中港",0,5,-5
"6595","5410國眾","110/07/09","元大-崇德",5,0,5
"6596","5410國眾","110/07/09","元大-八德",0,5,-5
"6597","5410國眾","110/07/09","元大-博愛",5,0,5
"6598","5410國眾","110/07/09","富邦-基隆",0,4,-4
"6599","5410國眾","110/07/09","元大-龍潭",5,0,5
"6600","5410國眾","110/07/09","臺銀-新竹",0,3,-3
"6601","2841台開","110/07/09","日盛-雙和",102,0,102
"6602","2841台開","110/07/09","港商野村",0,129,-129
"6603","2841台開","110/07/09","元大-館前",70,0,70
"6604","2841台開","110/07/09","兆豐-永和",0,100,-100
"6605","2841台開","110/07/09","凱基-文心",50,0,50
"6606","2841台開","110/07/09","台新證券",7,28,-21
"6607","2841台開","110/07/09","富邦-嘉義",40,0,40
"6608","2841台開","110/07/09","國票-北高雄",0,20,-20
"6609","2841台開","110/07/09","美商高盛",15,0,15
"6610","2841台開","110/07/09","永豐金-敦南",29,46,-17
"6611","2841台開","110/07/09","台中銀",15,0,15
"6612","2841台開","110/07/09","合庫-基隆",0,12,-12
"6613","2841台開","110/07/09","新光",11,0,11
"6614","2841台開","110/07/09","中國信託-松江",0,12,-12
"6615","2841台開","110/07/09","華南永昌-長虹",10,0,10
"6616","2841台開","110/07/09","兆豐-城中",0,12,-12
"6617","2841台開","110/07/09","永豐金-南投",10,0,10
"6618","2841台開","110/07/09","台中銀-豐原",0,10,-10
"6619","2841台開","110/07/09","合庫-桃園",7,0,7
"6620","2841台開","110/07/09","兆豐-景美",0,10,-10
"6621","2841台開","110/07/09","群益金鼎-古亭",7,0,7
"6622","2841台開","110/07/09","群益金鼎-基隆",0,10,-10
"6623","2841台開","110/07/09","國泰-敦南",6,0,6
"6624","2841台開","110/07/09","元大-北三重",0,10,-10
"6625","2841台開","110/07/09","凱基-桃園",8,2,6
"6626","2841台開","110/07/09","(牛牛牛)亞-網路",0,9,-9
"6627","2841台開","110/07/09","日盛證券",5,0,5
"6628","2841台開","110/07/09","台新-高雄",1,10,-9
"6629","2841台開","110/07/09","元富-文心",5,0,5
"6630","2841台開","110/07/09","凱基-台北",0,7,-7
"6631","6207雷科","110/07/09","群益金鼎-新竹",47,0,47
"6632","6207雷科","110/07/09","新光",7,24,-17
"6633","6207雷科","110/07/09","永豐金-三重",31,0,31
"6634","6207雷科","110/07/09","日盛-和美",0,15,-15
"6635","6207雷科","110/07/09","新加坡商瑞銀",33,5,28
"6636","6207雷科","110/07/09","國泰-台南",0,15,-15
"6637","6207雷科","110/07/09","元大-高雄",26,0,26
"6638","6207雷科","110/07/09","華南永昌-古亭",0,14,-14
"6639","6207雷科","110/07/09","統一-員林",22,0,22
"6640","6207雷科","110/07/09","土銀-白河",0,11,-11
"6641","6207雷科","110/07/09","台新-高雄",22,0,22
"6642","6207雷科","110/07/09","日盛-台南",0,10,-10
"6643","6207雷科","110/07/09","摩根大通",34,17,17
"6644","6207雷科","110/07/09","元富-林園",0,10,-10
"6645","6207雷科","110/07/09","元大-博愛",17,1,16
"6646","6207雷科","110/07/09","富邦-園區",0,10,-10
"6647","6207雷科","110/07/09","日茂-埔里",12,0,12
"6648","6207雷科","110/07/09","元大-上新莊",0,10,-10
"6649","6207雷科","110/07/09","國泰-台中",17,6,11
"6650","6207雷科","110/07/09","永豐金-南京",0,10,-10
"6651","6207雷科","110/07/09","富邦-三重",10,0,10
"6652","6207雷科","110/07/09","兆豐-小港",0,6,-6
"6653","6207雷科","110/07/09","元大-沙鹿",10,0,10
"6654","6207雷科","110/07/09","富邦-羅東",1,7,-6
"6655","6207雷科","110/07/09","元大-八德",10,0,10
"6656","6207雷科","110/07/09","元大-土城永寧",0,6,-6
"6657","6207雷科","110/07/09","第一金-路竹",11,2,9
"6658","6207雷科","110/07/09","永豐金-板盛",0,6,-6
"6659","6207雷科","110/07/09","統一-南京",5,0,5
"6660","6207雷科","110/07/09","日盛-板橋",0,5,-5
"6661","3679新至陞","110/07/09","元大-大天母",10,0,10
"6662","3679新至陞","110/07/09","第一金-光復",0,11,-11
"6663","3679新至陞","110/07/09","日盛-樹林",9,0,9
"6664","3679新至陞","110/07/09","瑞士信貸",0,8,-8
"6665","3679新至陞","110/07/09","凱基-台北",11,2,9
"6666","3679新至陞","110/07/09","大慶-苗栗",0,5,-5
"6667","3679新至陞","110/07/09","華南永昌-小港",8,0,8
"6668","3679新至陞","110/07/09","元大-永春",0,5,-5
"6669","3679新至陞","110/07/09","兆豐-來福",7,0,7
"6670","3679新至陞","110/07/09","日盛-和美",0,4,-4
"6671","3679新至陞","110/07/09","香港上海匯豐",5,0,5
"6672","3679新至陞","110/07/09","元大-雙和",0,3,-3
"6673","3679新至陞","110/07/09","台中銀-員林",3,0,3
"6674","3679新至陞","110/07/09","永豐金-屏東",0,3,-3
"6675","3679新至陞","110/07/09","新光",3,0,3
"6676","3679新至陞","110/07/09","彰銀",0,2,-2
"6677","3679新至陞","110/07/09","土銀-花蓮",2,0,2
"6678","3679新至陞","110/07/09","宏遠-館前",0,2,-2
"6679","3679新至陞","110/07/09","第一金-澎湖",2,0,2
"6680","3679新至陞","110/07/09","港商野村",0,2,-2
"6681","3679新至陞","110/07/09","摩根大通",2,0,2
"6682","3679新至陞","110/07/09","大昌-新店",0,2,-2
"6683","3679新至陞","110/07/09","國泰-敦南",2,0,2
"6684","3679新至陞","110/07/09","元大-新莊",0,2,-2
"6685","3679新至陞","110/07/09","元大-淡水",4,2,2
"6686","3679新至陞","110/07/09","元大-板橋",0,2,-2
"6687","3679新至陞","110/07/09","日盛-士林",1,0,1
"6688","3679新至陞","110/07/09","台灣摩根士丹利",0,1,-1
"6689","3679新至陞","110/07/09","日盛-信義",1,0,1
"6690","3679新至陞","110/07/09","第一金-高雄",0,1,-1
"6691","2727王品","110/07/09","台灣匯立證券",90,0,90
"6692","2727王品","110/07/09","台灣摩根士丹利",0,267,-267
"6693","2727王品","110/07/09","國泰-敦南",166,84,82
"6694","2727王品","110/07/09","富邦-台北",35,299,-264
"6695","2727王品","110/07/09","富邦-仁愛",56,12,44
"6696","2727王品","110/07/09","凱基-台北",174,296,-122
"6697","2727王品","110/07/09","台新證券",109,66,43
"6698","2727王品","110/07/09","第一金",2,102,-100
"6699","2727王品","110/07/09","新光",117,87,30
"6700","2727王品","110/07/09","群益金鼎-大安",0,80,-80
"6701","2727王品","110/07/09","臺銀-臺中",35,6,29
"6702","2727王品","110/07/09","兆豐-大安",7,60,-53
"6703","2727王品","110/07/09","元大-桃園",32,3,29
"6704","2727王品","110/07/09","永豐金-南投",0,50,-50
"6705","2727王品","110/07/09","元富-宜蘭",34,6,28
"6706","2727王品","110/07/09","新加坡商瑞銀",6,46,-40
"6707","2727王品","110/07/09","玉山-台中",34,8,26
"6708","2727王品","110/07/09","合庫-彰化",11,50,-39
"6709","2727王品","110/07/09","群益金鼎-宜蘭",30,4,26
"6710","2727王品","110/07/09","永豐金-萬盛",13,52,-39
"6711","2727王品","110/07/09","富邦-台中",42,16,26
"6712","2727王品","110/07/09","瑞士信貸",0,34,-34
"6713","2727王品","110/07/09","第一金-豐原",25,1,24
"6714","2727王品","110/07/09","元大-和平",4,35,-31
"6715","2727王品","110/07/09","臺銀",30,8,22
"6716","2727王品","110/07/09","美林",14,44,-30
"6717","2727王品","110/07/09","兆豐-來福",23,1,22
"6718","2727王品","110/07/09","元大-員林",9,38,-29
"6719","2727王品","110/07/09","玉山-士林",22,2,20
"6720","2727王品","110/07/09","元富-西松",4,31,-27
"6721","1570力肯","110/07/09","凱基-台北",30,1,29
"6722","1570力肯","110/07/09","群益金鼎-彰化",0,20,-20
"6723","1570力肯","110/07/09","新光-台南",20,0,20
"6724","1570力肯","110/07/09","元大-土城學府",0,20,-20
"6725","1570力肯","110/07/09","元大-高雄",20,0,20
"6726","1570力肯","110/07/09","元大-大統",0,16,-16
"6727","1570力肯","110/07/09","國票-中正",12,0,12
"6728","1570力肯","110/07/09","元大-新營",0,11,-11
"6729","1570力肯","110/07/09","日盛-高雄",6,0,6
"6730","1570力肯","110/07/09","元大-和平",0,10,-10
"6731","1570力肯","110/07/09","元富-緯城",6,0,6
"6732","1570力肯","110/07/09","元大-草屯",0,10,-10
"6733","1570力肯","110/07/09","群益金鼎-台南",6,0,6
"6734","1570力肯","110/07/09","元大-鹿港",0,9,-9
"6735","1570力肯","110/07/09","華南永昌-岡山",6,0,6
"6736","1570力肯","110/07/09","合庫-基隆",0,7,-7
"6737","1570力肯","110/07/09","統一-中壢",5,0,5
"6738","1570力肯","110/07/09","摩根大通",2,8,-6
"6739","1570力肯","110/07/09","凱基-三峽",5,0,5
"6740","1570力肯","110/07/09","台灣企銀-豐原",0,4,-4
"6741","1570力肯","110/07/09","大昌-樹林",4,0,4
"6742","1570力肯","110/07/09","日盛-桃園",0,4,-4
"6743","1570力肯","110/07/09","新光",3,0,3
"6744","1570力肯","110/07/09","國泰-高雄",0,3,-3
"6745","1570力肯","110/07/09","富邦-新竹華信",3,0,3
"6746","1570力肯","110/07/09","永豐金-敦南",0,3,-3
"6747","1570力肯","110/07/09","合庫-台中",2,0,2
"6748","1570力肯","110/07/09","土銀-彰化",0,2,-2
"6749","1570力肯","110/07/09","臺銀-臺中",2,0,2
"6750","1570力肯","110/07/09","臺銀-鳳山",0,2,-2
"6751","6180橘子","110/07/09","摩根大通",63,1,62
"6752","6180橘子","110/07/09","元大-南京",1,32,-31
"6753","6180橘子","110/07/09","富邦-陽明",73,33,40
"6754","6180橘子","110/07/09","群益金鼎-台北",0,25,-25
"6755","6180橘子","110/07/09","新加坡商瑞銀",31,0,31
"6756","6180橘子","110/07/09","兆豐-復興",0,21,-21
"6757","6180橘子","110/07/09","美商高盛",25,0,25
"6758","6180橘子","110/07/09","永豐金-嘉義",0,21,-21
"6759","6180橘子","110/07/09","凱基-台北",26,10,16
"6760","6180橘子","110/07/09","凱基-中壢",8,24,-16
"6761","6180橘子","110/07/09","華南永昌-楠梓",13,0,13
"6762","6180橘子","110/07/09","致和-崇德",0,15,-15
"6763","6180橘子","110/07/09","華南永昌-朴子",11,0,11
"6764","6180橘子","110/07/09","群益金鼎-屏東",0,15,-15
"6765","6180橘子","110/07/09","元大-北港",11,0,11
"6766","6180橘子","110/07/09","群益金鼎-中山",0,15,-15
"6767","6180橘子","110/07/09","元大-成功",10,1,9
"6768","6180橘子","110/07/09","瑞士信貸",1,15,-14
"6769","6180橘子","110/07/09","新光",26,18,8
"6770","6180橘子","110/07/09","日盛-二林",0,10,-10
"6771","6180橘子","110/07/09","統一-三重",6,0,6
"6772","6180橘子","110/07/09","凱基-東門",0,10,-10
"6773","6180橘子","110/07/09","群益金鼎-嘉義",6,0,6
"6774","6180橘子","110/07/09","華南永昌-三重",0,10,-10
"6775","6180橘子","110/07/09","元大-員林中山",6,0,6
"6776","6180橘子","110/07/09","元大-彰化民生",1,11,-10
"6777","6180橘子","110/07/09","合庫-鳳山",5,0,5
"6778","6180橘子","110/07/09","永豐金-新店",1,11,-10
"6779","6180橘子","110/07/09","富邦-建國",6,1,5
"6780","6180橘子","110/07/09","群益金鼎-丹鳳",0,8,-8
"6781","2390云辰","110/07/09","摩根大通",279,56,223
"6782","2390云辰","110/07/09","元大-天母",0,127,-127
"6783","2390云辰","110/07/09","日盛-鳳山",110,2,108
"6784","2390云辰","110/07/09","中國信託-文心",5,109,-104
"6785","2390云辰","110/07/09","宏遠證券",100,0,100
"6786","2390云辰","110/07/09","永豐金-復興",0,55,-55
"6787","2390云辰","110/07/09","元大-大里",63,6,57
"6788","2390云辰","110/07/09","凱基-台北",239,286,-47
"6789","2390云辰","110/07/09","凱基-八德",59,10,49
"6790","2390云辰","110/07/09","德信",2,32,-30
"6791","2390云辰","110/07/09","合庫-新竹",40,0,40
"6792","2390云辰","110/07/09","兆豐-桃鶯",2,32,-30
"6793","2390云辰","110/07/09","國票",40,1,39
"6794","2390云辰","110/07/09","致和-南京",0,30,-30
"6795","2390云辰","110/07/09","新加坡商瑞銀",49,13,36
"6796","2390云辰","110/07/09","富邦-虎尾",1,31,-30
"6797","2390云辰","110/07/09","統一-新台中",36,2,34
"6798","2390云辰","110/07/09","元大-善化",2,31,-29
"6799","2390云辰","110/07/09","國票-嘉義",31,0,31
"6800","2390云辰","110/07/09","富邦-板橋",0,27,-27
"6801","2390云辰","110/07/09","華南永昌",35,7,28
"6802","2390云辰","110/07/09","富邦-永和",3,28,-25
"6803","2390云辰","110/07/09","玉山-台中",49,22,27
"6804","2390云辰","110/07/09","第一金-自由",20,44,-24
"6805","2390云辰","110/07/09","華南永昌-敦南",25,0,25
"6806","2390云辰","110/07/09","凱基-內湖",0,24,-24
"6807","2390云辰","110/07/09","新光-高雄",27,4,23
"6808","2390云辰","110/07/09","元大-汐止",1,24,-23
"6809","2390云辰","110/07/09","台灣摩根士丹利",85,63,22
"6810","2390云辰","110/07/09","新光-台中",12,33,-21
"6811","4903聯光通","110/07/09","元大-敦南",10,0,10
"6812","4903聯光通","110/07/09","第一金-台中",0,12,-12
"6813","4903聯光通","110/07/09","凱基-士林",5,0,5
"6814","4903聯光通","110/07/09","日盛-忠孝",0,3,-3
"6815","4903聯光通","110/07/09","元大-苗栗",5,0,5
"6816","4903聯光通","110/07/09","群益金鼎-崇德",0,3,-3
"6817","4903聯光通","110/07/09","元大-屏南",3,0,3
"6818","4903聯光通","110/07/09","國票-內壢",0,2,-2
"6819","4903聯光通","110/07/09","中國信託-永康",1,0,1
"6820","4903聯光通","110/07/09","康和-南崁",0,2,-2
"6821","4903聯光通","110/07/09","玉山證券",1,0,1
"6822","4903聯光通","110/07/09","新光-台中",0,2,-2
"6823","4903聯光通","110/07/09","元大-太平",4,3,1
"6824","4903聯光通","110/07/09","玉山-城中",0,2,-2
"6825","4903聯光通","110/07/09","永豐金-嘉義",1,0,1
"6826","4903聯光通","110/07/09","中國信託-文心",0,1,-1
"6827","4903聯光通","110/07/09","大昌",0,0,0
"6828","4903聯光通","110/07/09","大昌",0,0,0
"6829","4903聯光通","110/07/09","中農",0,0,0
"6830","4903聯光通","110/07/09","中農",0,0,0
"6831","2929淘帝","110/07/09","台中銀-台北",110,0,110
"6832","2929淘帝","110/07/09","新光",2,82,-80
"6833","2929淘帝","110/07/09","華南永昌-頭份",72,0,72
"6834","2929淘帝","110/07/09","摩根大通",2,63,-61
"6835","2929淘帝","110/07/09","合庫-高雄",71,0,71
"6836","2929淘帝","110/07/09","第一金-路竹",0,50,-50
"6837","2929淘帝","110/07/09","高橋-龍潭",37,0,37
"6838","2929淘帝","110/07/09","港商麥格理",0,42,-42
"6839","2929淘帝","110/07/09","新光-台中",60,26,34
"6840","2929淘帝","110/07/09","陽信-石牌",0,40,-40
"6841","2929淘帝","110/07/09","元富-大裕",22,1,21
"6842","2929淘帝","110/07/09","台新-左楠",1,39,-38
"6843","2929淘帝","110/07/09","合庫-鳳山",20,0,20
"6844","2929淘帝","110/07/09","凱基-桃園",3,29,-26
"6845","2929淘帝","110/07/09","元大-員林",22,2,20
"6846","2929淘帝","110/07/09","兆豐-內湖",0,25,-25
"6847","2929淘帝","110/07/09","台新-建北",15,0,15
"6848","2929淘帝","110/07/09","元大-北港",0,20,-20
"6849","2929淘帝","110/07/09","兆豐-桃園",13,0,13
"6850","2929淘帝","110/07/09","富邦-北港",0,19,-19
"6851","2929淘帝","110/07/09","兆豐-忠孝",10,0,10
"6852","2929淘帝","110/07/09","富邦-花蓮",0,17,-17
"6853","2929淘帝","110/07/09","國票-敦北法人",10,0,10
"6854","2929淘帝","110/07/09","國泰-台中",2,17,-15
"6855","2929淘帝","110/07/09","永豐金-博愛",10,0,10
"6856","2929淘帝","110/07/09","群益金鼎-彰化",0,15,-15
"6857","2929淘帝","110/07/09","群益金鼎-潭子",8,0,8
"6858","2929淘帝","110/07/09","元大-博愛",0,14,-14
"6859","2929淘帝","110/07/09","富邦-南屯",8,0,8
"6860","2929淘帝","110/07/09","日盛-板橋",0,13,-13
"6861","5410國眾","110/07/09","元大-新盛",14,0,14
"6862","5410國眾","110/07/09","(牛牛牛)亞-鑫豐",1,41,-40
"6863","5410國眾","110/07/09","台灣企銀-民雄",10,0,10
"6864","5410國眾","110/07/09","元富-嘉義",0,25,-25
"6865","5410國眾","110/07/09","元富-虎尾",9,0,9
"6866","5410國眾","110/07/09","凱基-高美館",0,10,-10
"6867","5410國眾","110/07/09","摩根大通",10,1,9
"6868","5410國眾","110/07/09","凱基-城中",0,10,-10
"6869","5410國眾","110/07/09","兆豐-北高雄",7,0,7
"6870","5410國眾","110/07/09","元大-頭份",0,10,-10
"6871","5410國眾","110/07/09","凱基-台北",8,1,7
"6872","5410國眾","110/07/09","群益金鼎-丹鳳",0,7,-7
"6873","5410國眾","110/07/09","華南永昌-公誠",7,0,7
"6874","5410國眾","110/07/09","凱基-復興",0,7,-7
"6875","5410國眾","110/07/09","香港上海匯豐",6,0,6
"6876","5410國眾","110/07/09","元大-員林",0,7,-7
"6877","5410國眾","110/07/09","凱基-中壢",6,0,6
"6878","5410國眾","110/07/09","富邦-竹東",0,6,-6
"6879","5410國眾","110/07/09","華南永昌-南京",6,0,6
"6880","5410國眾","110/07/09","亞東-高雄",0,5,-5
"6881","5410國眾","110/07/09","統一-三重",5,0,5
"6882","5410國眾","110/07/09","大慶-中壢",1,6,-5
"6883","5410國眾","110/07/09","富邦-宜蘭",5,0,5
"6884","5410國眾","110/07/09","群益金鼎-中港",0,5,-5
"6885","5410國眾","110/07/09","元大-崇德",5,0,5
"6886","5410國眾","110/07/09","元大-八德",0,5,-5
"6887","5410國眾","110/07/09","元大-博愛",5,0,5
"6888","5410國眾","110/07/09","富邦-基隆",0,4,-4
"6889","5410國眾","110/07/09","元大-龍潭",5,0,5
"6890","5410國眾","110/07/09","臺銀-新竹",0,3,-3
"6891","2841台開","110/07/09","日盛-雙和",102,0,102
"6892","2841台開","110/07/09","港商野村",0,129,-129
"6893","2841台開","110/07/09","元大-館前",70,0,70
"6894","2841台開","110/07/09","兆豐-永和",0,100,-100
"6895","2841台開","110/07/09","凱基-文心",50,0,50
"6896","2841台開","110/07/09","台新證券",7,28,-21
"6897","2841台開","110/07/09","富邦-嘉義",40,0,40
"6898","2841台開","110/07/09","國票-北高雄",0,20,-20
"6899","2841台開","110/07/09","美商高盛",15,0,15
"6900","2841台開","110/07/09","永豐金-敦南",29,46,-17
"6901","2841台開","110/07/09","台中銀",15,0,15
"6902","2841台開","110/07/09","合庫-基隆",0,12,-12
"6903","2841台開","110/07/09","新光",11,0,11
"6904","2841台開","110/07/09","中國信託-松江",0,12,-12
"6905","2841台開","110/07/09","華南永昌-長虹",10,0,10
"6906","2841台開","110/07/09","兆豐-城中",0,12,-12
"6907","2841台開","110/07/09","永豐金-南投",10,0,10
"6908","2841台開","110/07/09","台中銀-豐原",0,10,-10
"6909","2841台開","110/07/09","合庫-桃園",7,0,7
"6910","2841台開","110/07/09","兆豐-景美",0,10,-10
"6911","2841台開","110/07/09","群益金鼎-古亭",7,0,7
"6912","2841台開","110/07/09","群益金鼎-基隆",0,10,-10
"6913","2841台開","110/07/09","國泰-敦南",6,0,6
"6914","2841台開","110/07/09","元大-北三重",0,10,-10
"6915","2841台開","110/07/09","凱基-桃園",8,2,6
"6916","2841台開","110/07/09","(牛牛牛)亞-網路",0,9,-9
"6917","2841台開","110/07/09","日盛證券",5,0,5
"6918","2841台開","110/07/09","台新-高雄",1,10,-9
"6919","2841台開","110/07/09","元富-文心",5,0,5
"6920","2841台開","110/07/09","凱基-台北",0,7,-7
"6921","6207雷科","110/07/09","群益金鼎-新竹",47,0,47
"6922","6207雷科","110/07/09","新光",7,24,-17
"6923","6207雷科","110/07/09","永豐金-三重",31,0,31
"6924","6207雷科","110/07/09","日盛-和美",0,15,-15
"6925","6207雷科","110/07/09","新加坡商瑞銀",33,5,28
"6926","6207雷科","110/07/09","國泰-台南",0,15,-15
"6927","6207雷科","110/07/09","元大-高雄",26,0,26
"6928","6207雷科","110/07/09","華南永昌-古亭",0,14,-14
"6929","6207雷科","110/07/09","統一-員林",22,0,22
"6930","6207雷科","110/07/09","土銀-白河",0,11,-11
"6931","6207雷科","110/07/09","台新-高雄",22,0,22
"6932","6207雷科","110/07/09","日盛-台南",0,10,-10
"6933","6207雷科","110/07/09","摩根大通",34,17,17
"6934","6207雷科","110/07/09","元富-林園",0,10,-10
"6935","6207雷科","110/07/09","元大-博愛",17,1,16
"6936","6207雷科","110/07/09","富邦-園區",0,10,-10
"6937","6207雷科","110/07/09","日茂-埔里",12,0,12
"6938","6207雷科","110/07/09","元大-上新莊",0,10,-10
"6939","6207雷科","110/07/09","國泰-台中",17,6,11
"6940","6207雷科","110/07/09","永豐金-南京",0,10,-10
"6941","6207雷科","110/07/09","富邦-三重",10,0,10
"6942","6207雷科","110/07/09","兆豐-小港",0,6,-6
"6943","6207雷科","110/07/09","元大-沙鹿",10,0,10
"6944","6207雷科","110/07/09","富邦-羅東",1,7,-6
"6945","6207雷科","110/07/09","元大-八德",10,0,10
"6946","6207雷科","110/07/09","元大-土城永寧",0,6,-6
"6947","6207雷科","110/07/09","第一金-路竹",11,2,9
"6948","6207雷科","110/07/09","永豐金-板盛",0,6,-6
"6949","6207雷科","110/07/09","統一-南京",5,0,5
"6950","6207雷科","110/07/09","日盛-板橋",0,5,-5
"6951","3679新至陞","110/07/09","元大-大天母",10,0,10
"6952","3679新至陞","110/07/09","第一金-光復",0,11,-11
"6953","3679新至陞","110/07/09","日盛-樹林",9,0,9
"6954","3679新至陞","110/07/09","瑞士信貸",0,8,-8
"6955","3679新至陞","110/07/09","凱基-台北",11,2,9
"6956","3679新至陞","110/07/09","大慶-苗栗",0,5,-5
"6957","3679新至陞","110/07/09","華南永昌-小港",8,0,8
"6958","3679新至陞","110/07/09","元大-永春",0,5,-5
"6959","3679新至陞","110/07/09","兆豐-來福",7,0,7
"6960","3679新至陞","110/07/09","日盛-和美",0,4,-4
"6961","3679新至陞","110/07/09","香港上海匯豐",5,0,5
"6962","3679新至陞","110/07/09","元大-雙和",0,3,-3
"6963","3679新至陞","110/07/09","台中銀-員林",3,0,3
"6964","3679新至陞","110/07/09","永豐金-屏東",0,3,-3
"6965","3679新至陞","110/07/09","新光",3,0,3
"6966","3679新至陞","110/07/09","彰銀",0,2,-2
"6967","3679新至陞","110/07/09","土銀-花蓮",2,0,2
"6968","3679新至陞","110/07/09","宏遠-館前",0,2,-2
"6969","3679新至陞","110/07/09","第一金-澎湖",2,0,2
"6970","3679新至陞","110/07/09","港商野村",0,2,-2
"6971","3679新至陞","110/07/09","摩根大通",2,0,2
"6972","3679新至陞","110/07/09","大昌-新店",0,2,-2
"6973","3679新至陞","110/07/09","國泰-敦南",2,0,2
"6974","3679新至陞","110/07/09","元大-新莊",0,2,-2
"6975","3679新至陞","110/07/09","元大-淡水",4,2,2
"6976","3679新至陞","110/07/09","元大-板橋",0,2,-2
"6977","3679新至陞","110/07/09","日盛-士林",1,0,1
"6978","3679新至陞","110/07/09","台灣摩根士丹利",0,1,-1
"6979","3679新至陞","110/07/09","日盛-信義",1,0,1
"6980","3679新至陞","110/07/09","第一金-高雄",0,1,-1
"6981","2727王品","110/07/09","台灣匯立證券",90,0,90
"6982","2727王品","110/07/09","台灣摩根士丹利",0,267,-267
"6983","2727王品","110/07/09","國泰-敦南",166,84,82
"6984","2727王品","110/07/09","富邦-台北",35,299,-264
"6985","2727王品","110/07/09","富邦-仁愛",56,12,44
"6986","2727王品","110/07/09","凱基-台北",174,296,-122
"6987","2727王品","110/07/09","台新證券",109,66,43
"6988","2727王品","110/07/09","第一金",2,102,-100
"6989","2727王品","110/07/09","新光",117,87,30
"6990","2727王品","110/07/09","群益金鼎-大安",0,80,-80
"6991","2727王品","110/07/09","臺銀-臺中",35,6,29
"6992","2727王品","110/07/09","兆豐-大安",7,60,-53
"6993","2727王品","110/07/09","元大-桃園",32,3,29
"6994","2727王品","110/07/09","永豐金-南投",0,50,-50
"6995","2727王品","110/07/09","元富-宜蘭",34,6,28
"6996","2727王品","110/07/09","新加坡商瑞銀",6,46,-40
"6997","2727王品","110/07/09","玉山-台中",34,8,26
"6998","2727王品","110/07/09","合庫-彰化",11,50,-39
"6999","2727王品","110/07/09","群益金鼎-宜蘭",30,4,26
"7000","2727王品","110/07/09","永豐金-萬盛",13,52,-39
"7001","2727王品","110/07/09","富邦-台中",42,16,26
"7002","2727王品","110/07/09","瑞士信貸",0,34,-34
"7003","2727王品","110/07/09","第一金-豐原",25,1,24
"7004","2727王品","110/07/09","元大-和平",4,35,-31
"7005","2727王品","110/07/09","臺銀",30,8,22
"7006","2727王品","110/07/09","美林",14,44,-30
"7007","2727王品","110/07/09","兆豐-來福",23,1,22
"7008","2727王品","110/07/09","元大-員林",9,38,-29
"7009","2727王品","110/07/09","玉山-士林",22,2,20
"7010","2727王品","110/07/09","元富-西松",4,31,-27
"7011","1570力肯","110/07/09","凱基-台北",30,1,29
"7012","1570力肯","110/07/09","群益金鼎-彰化",0,20,-20
"7013","1570力肯","110/07/09","新光-台南",20,0,20
"7014","1570力肯","110/07/09","元大-土城學府",0,20,-20
"7015","1570力肯","110/07/09","元大-高雄",20,0,20
"7016","1570力肯","110/07/09","元大-大統",0,16,-16
"7017","1570力肯","110/07/09","國票-中正",12,0,12
"7018","1570力肯","110/07/09","元大-新營",0,11,-11
"7019","1570力肯","110/07/09","日盛-高雄",6,0,6
"7020","1570力肯","110/07/09","元大-和平",0,10,-10
"7021","1570力肯","110/07/09","元富-緯城",6,0,6
"7022","1570力肯","110/07/09","元大-草屯",0,10,-10
"7023","1570力肯","110/07/09","群益金鼎-台南",6,0,6
"7024","1570力肯","110/07/09","元大-鹿港",0,9,-9
"7025","1570力肯","110/07/09","華南永昌-岡山",6,0,6
"7026","1570力肯","110/07/09","合庫-基隆",0,7,-7
"7027","1570力肯","110/07/09","統一-中壢",5,0,5
"7028","1570力肯","110/07/09","摩根大通",2,8,-6
"7029","1570力肯","110/07/09","凱基-三峽",5,0,5
"7030","1570力肯","110/07/09","台灣企銀-豐原",0,4,-4
"7031","1570力肯","110/07/09","大昌-樹林",4,0,4
"7032","1570力肯","110/07/09","日盛-桃園",0,4,-4
"7033","1570力肯","110/07/09","新光",3,0,3
"7034","1570力肯","110/07/09","國泰-高雄",0,3,-3
"7035","1570力肯","110/07/09","富邦-新竹華信",3,0,3
"7036","1570力肯","110/07/09","永豐金-敦南",0,3,-3
"7037","1570力肯","110/07/09","合庫-台中",2,0,2
"7038","1570力肯","110/07/09","土銀-彰化",0,2,-2
"7039","1570力肯","110/07/09","臺銀-臺中",2,0,2
"7040","1570力肯","110/07/09","臺銀-鳳山",0,2,-2
"7041","6180橘子","110/07/09","摩根大通",63,1,62
"7042","6180橘子","110/07/09","元大-南京",1,32,-31
"7043","6180橘子","110/07/09","富邦-陽明",73,33,40
"7044","6180橘子","110/07/09","群益金鼎-台北",0,25,-25
"7045","6180橘子","110/07/09","新加坡商瑞銀",31,0,31
"7046","6180橘子","110/07/09","兆豐-復興",0,21,-21
"7047","6180橘子","110/07/09","美商高盛",25,0,25
"7048","6180橘子","110/07/09","永豐金-嘉義",0,21,-21
"7049","6180橘子","110/07/09","凱基-台北",26,10,16
"7050","6180橘子","110/07/09","凱基-中壢",8,24,-16
"7051","6180橘子","110/07/09","華南永昌-楠梓",13,0,13
"7052","6180橘子","110/07/09","致和-崇德",0,15,-15
"7053","6180橘子","110/07/09","華南永昌-朴子",11,0,11
"7054","6180橘子","110/07/09","群益金鼎-屏東",0,15,-15
"7055","6180橘子","110/07/09","元大-北港",11,0,11
"7056","6180橘子","110/07/09","群益金鼎-中山",0,15,-15
"7057","6180橘子","110/07/09","元大-成功",10,1,9
"7058","6180橘子","110/07/09","瑞士信貸",1,15,-14
"7059","6180橘子","110/07/09","新光",26,18,8
"7060","6180橘子","110/07/09","日盛-二林",0,10,-10
"7061","6180橘子","110/07/09","統一-三重",6,0,6
"7062","6180橘子","110/07/09","凱基-東門",0,10,-10
"7063","6180橘子","110/07/09","群益金鼎-嘉義",6,0,6
"7064","6180橘子","110/07/09","華南永昌-三重",0,10,-10
"7065","6180橘子","110/07/09","元大-員林中山",6,0,6
"7066","6180橘子","110/07/09","元大-彰化民生",1,11,-10
"7067","6180橘子","110/07/09","合庫-鳳山",5,0,5
"7068","6180橘子","110/07/09","永豐金-新店",1,11,-10
"7069","6180橘子","110/07/09","富邦-建國",6,1,5
"7070","6180橘子","110/07/09","群益金鼎-丹鳳",0,8,-8
"7071","2390云辰","110/07/09","摩根大通",279,56,223
"7072","2390云辰","110/07/09","元大-天母",0,127,-127
"7073","2390云辰","110/07/09","日盛-鳳山",110,2,108
"7074","2390云辰","110/07/09","中國信託-文心",5,109,-104
"7075","2390云辰","110/07/09","宏遠證券",100,0,100
"7076","2390云辰","110/07/09","永豐金-復興",0,55,-55
"7077","2390云辰","110/07/09","元大-大里",63,6,57
"7078","2390云辰","110/07/09","凱基-台北",239,286,-47
"7079","2390云辰","110/07/09","凱基-八德",59,10,49
"7080","2390云辰","110/07/09","德信",2,32,-30
"7081","2390云辰","110/07/09","合庫-新竹",40,0,40
"7082","2390云辰","110/07/09","兆豐-桃鶯",2,32,-30
"7083","2390云辰","110/07/09","國票",40,1,39
"7084","2390云辰","110/07/09","致和-南京",0,30,-30
"7085","2390云辰","110/07/09","新加坡商瑞銀",49,13,36
"7086","2390云辰","110/07/09","富邦-虎尾",1,31,-30
"7087","2390云辰","110/07/09","統一-新台中",36,2,34
"7088","2390云辰","110/07/09","元大-善化",2,31,-29
"7089","2390云辰","110/07/09","國票-嘉義",31,0,31
"7090","2390云辰","110/07/09","富邦-板橋",0,27,-27
"7091","2390云辰","110/07/09","華南永昌",35,7,28
"7092","2390云辰","110/07/09","富邦-永和",3,28,-25
"7093","2390云辰","110/07/09","玉山-台中",49,22,27
"7094","2390云辰","110/07/09","第一金-自由",20,44,-24
"7095","2390云辰","110/07/09","華南永昌-敦南",25,0,25
"7096","2390云辰","110/07/09","凱基-內湖",0,24,-24
"7097","2390云辰","110/07/09","新光-高雄",27,4,23
"7098","2390云辰","110/07/09","元大-汐止",1,24,-23
"7099","2390云辰","110/07/09","台灣摩根士丹利",85,63,22
"7100","2390云辰","110/07/09","新光-台中",12,33,-21
"7101","4903聯光通","110/07/08","元富-新興",18,0,18
"7102","4903聯光通","110/07/08","中國信託-中壢",0,14,-14
"7103","4903聯光通","110/07/08","元大-苗栗",9,0,9
"7104","4903聯光通","110/07/08","彰銀",0,7,-7
"7105","4903聯光通","110/07/08","兆豐-鹿港",3,0,3
"7106","4903聯光通","110/07/08","中國信託-松江",0,5,-5
"7107","4903聯光通","110/07/08","群益金鼎-萬華",2,0,2
"7108","4903聯光通","110/07/08","光和",0,2,-2
"7109","4903聯光通","110/07/08","元大-屏南",1,0,1
"7110","4903聯光通","110/07/08","元大-鶯歌",0,2,-2
"7111","4903聯光通","110/07/08","華南永昌-新莊",0,0,0
"7112","4903聯光通","110/07/08","群益金鼎-館前",0,1,-1
"7113","4903聯光通","110/07/08","元大-羅東",0,0,0
"7114","4903聯光通","110/07/08","華南永昌",0,1,-1
"7115","4903聯光通","110/07/08","元大-太平",2,3,-1
"7116","4903聯光通","110/07/08","華南永昌-新莊",0,0,0
"7117","4903聯光通","110/07/08","元大-羅東",0,0,0
"7118","2929淘帝","110/07/08","日盛-園區",90,6,84
"7119","2929淘帝","110/07/08","元大-太平",1,111,-110
"7120","2929淘帝","110/07/08","華南永昌-頭份",54,0,54
"7121","2929淘帝","110/07/08","港商野村",31,106,-75
"7122","2929淘帝","110/07/08","美商高盛",50,0,50
"7123","2929淘帝","110/07/08","凱基-板橋",62,111,-49
"7124","2929淘帝","110/07/08","台中銀-台北",50,0,50
"7125","2929淘帝","110/07/08","新光-台中",30,78,-48
"7126","2929淘帝","110/07/08","臺銀-臺南",30,0,30
"7127","2929淘帝","110/07/08","元富-永和",1,41,-40
"7128","2929淘帝","110/07/08","永豐金-大園",42,12,30
"7129","2929淘帝","110/07/08","永豐金-鳳山",0,28,-28
"7130","2929淘帝","110/07/08","元富-三重",30,1,29
"7131","2929淘帝","110/07/08","元大-南崁",0,26,-26
"7132","2929淘帝","110/07/08","兆豐-桃鶯",29,0,29
"7133","2929淘帝","110/07/08","元大-花蓮",2,27,-25
"7134","2929淘帝","110/07/08","元大-承德",20,3,17
"7135","2929淘帝","110/07/08","元大-府城",0,24,-24
"7136","2929淘帝","110/07/08","新光-新竹",13,0,13
"7137","2929淘帝","110/07/08","新光",21,43,-22
"7138","2929淘帝","110/07/08","富邦-內湖",13,0,13
"7139","2929淘帝","110/07/08","臺銀-民權",0,20,-20
"7140","2929淘帝","110/07/08","國泰-板橋",13,1,12
"7141","2929淘帝","110/07/08","摩根大通",66,84,-18
"7142","2929淘帝","110/07/08","第一金-大稻埕",10,0,10
"7143","2929淘帝","110/07/08","凱基-台北",0,17,-17
"7144","2929淘帝","110/07/08","統一-汐止",10,0,10
"7145","2929淘帝","110/07/08","元大-博愛",6,23,-17
"7146","2929淘帝","110/07/08","元富-大裕",10,0,10
"7147","2929淘帝","110/07/08","永豐金-桃盛",0,16,-16
"7148","5410國眾","110/07/08","元大-新盛",15,0,15
"7149","5410國眾","110/07/08","元大-旗山",0,50,-50
"7150","5410國眾","110/07/08","元大-屏南",10,0,10
"7151","5410國眾","110/07/08","元大-頭份",0,14,-14
"7152","5410國眾","110/07/08","元大-成功",10,0,10
"7153","5410國眾","110/07/08","國泰-高雄",0,8,-8
"7154","5410國眾","110/07/08","元大-東泰",7,0,7
"7155","5410國眾","110/07/08","元大-小港",0,7,-7
"7156","5410國眾","110/07/08","富邦-陽明",6,0,6
"7157","5410國眾","110/07/08","統一-嘉義",0,5,-5
"7158","5410國眾","110/07/08","臺銀-金山",5,0,5
"7159","5410國眾","110/07/08","兆豐-台中港",0,5,-5
"7160","5410國眾","110/07/08","日盛-員林",5,0,5
"7161","5410國眾","110/07/08","凱基-屏東",0,5,-5
"7162","5410國眾","110/07/08","摩根大通",5,0,5
"7163","5410國眾","110/07/08","元大-八德",0,5,-5
"7164","5410國眾","110/07/08","富邦-桃園",5,0,5
"7165","5410國眾","110/07/08","元富-嘉義",0,4,-4
"7166","5410國眾","110/07/08","元富-大昌",4,0,4
"7167","5410國眾","110/07/08","玉山-雙和",0,4,-4
"7168","5410國眾","110/07/08","台新-台中",4,0,4
"7169","5410國眾","110/07/08","凱基-高美館",1,5,-4
"7170","5410國眾","110/07/08","華南永昌-小港",5,1,4
"7171","5410國眾","110/07/08","統一-員林",0,3,-3
"7172","5410國眾","110/07/08","元大-新竹",5,1,4
"7173","5410國眾","110/07/08","臺銀-鳳山",0,2,-2
"7174","5410國眾","110/07/08","元大-土城學府",4,0,4
"7175","5410國眾","110/07/08","亞東",0,2,-2
"7176","5410國眾","110/07/08","元大-新莊",4,0,4
"7177","5410國眾","110/07/08","新光",0,2,-2
"7178","2841台開","110/07/08","元大-樹林",653,0,653
"7179","2841台開","110/07/08","港商野村",0,868,-868
"7180","2841台開","110/07/08","台新證券",115,0,115
"7181","2841台開","110/07/08","群益金鼎-忠孝",0,100,-100
"7182","2841台開","110/07/08","永豐金-豐原",105,0,105
"7183","2841台開","110/07/08","宏遠-高雄",0,56,-56
"7184","2841台開","110/07/08","元富-新興",100,0,100
"7185","2841台開","110/07/08","新光",3,38,-35
"7186","2841台開","110/07/08","凱基-文心",50,0,50
"7187","2841台開","110/07/08","花旗環球",0,29,-29
"7188","2841台開","110/07/08","元大-八德",40,0,40
"7189","2841台開","110/07/08","富邦-仁愛",2,30,-28
"7190","2841台開","110/07/08","日盛-雙和",30,0,30
"7191","2841台開","110/07/08","元富-潮州",0,24,-24
"7192","2841台開","110/07/08","統一-竹南",30,0,30
"7193","2841台開","110/07/08","元大-沙鹿",0,20,-20
"7194","2841台開","110/07/08","凱基-台南",30,0,30
"7195","2841台開","110/07/08","元大-汐止",0,20,-20
"7196","2841台開","110/07/08","元大-福營",30,0,30
"7197","2841台開","110/07/08","合庫-嘉義",2,20,-18
"7198","2841台開","110/07/08","合庫-台中",22,0,22
"7199","2841台開","110/07/08","國泰-敦南",3,21,-18
"7200","2841台開","110/07/08","大昌-安康",28,10,18
"7201","2841台開","110/07/08","日盛-竹北",0,15,-15
"7202","2841台開","110/07/08","元大-斗信",15,0,15
"7203","2841台開","110/07/08","元大-三重",0,15,-15
"7204","2841台開","110/07/08","富邦-台北",13,0,13
"7205","2841台開","110/07/08","永豐金-敦南",45,60,-15
"7206","2841台開","110/07/08","合庫-桃園",10,0,10
"7207","2841台開","110/07/08","(牛牛牛)亞-網路",0,12,-12
"7208","6207雷科","110/07/08","台新-高雄",54,2,52
"7209","6207雷科","110/07/08","群益金鼎-丹鳳",0,60,-60
"7210","6207雷科","110/07/08","新光-台中",18,0,18
"7211","6207雷科","110/07/08","元大-頭份",1,56,-55
"7212","6207雷科","110/07/08","日盛-嘉義",16,0,16
"7213","6207雷科","110/07/08","國票-中和",0,30,-30
"7214","6207雷科","110/07/08","合庫-鳳山",15,0,15
"7215","6207雷科","110/07/08","凱基-台北",1,29,-28
"7216","6207雷科","110/07/08","臺銀-臺中",12,0,12
"7217","6207雷科","110/07/08","兆豐-板橋",0,25,-25
"7218","6207雷科","110/07/08","群益金鼎-土城",12,0,12
"7219","6207雷科","110/07/08","凱基-城中",4,25,-21
"7220","6207雷科","110/07/08","新光",25,14,11
"7221","6207雷科","110/07/08","日進",0,20,-20
"7222","6207雷科","110/07/08","凱基-中壢",11,0,11
"7223","6207雷科","110/07/08","台新證券",3,20,-17
"7224","6207雷科","110/07/08","台灣企銀",10,0,10
"7225","6207雷科","110/07/08","群益金鼎-中山",0,16,-16
"7226","6207雷科","110/07/08","第一金-新興",11,1,10
"7227","6207雷科","110/07/08","元大-東門",0,16,-16
"7228","6207雷科","110/07/08","元富-吉利",10,0,10
"7229","6207雷科","110/07/08","群益金鼎-大甲",0,13,-13
"7230","6207雷科","110/07/08","光和-和美",10,0,10
"7231","6207雷科","110/07/08","日盛-板橋",0,10,-10
"7232","6207雷科","110/07/08","永豐金-南京",10,0,10
"7233","6207雷科","110/07/08","日盛-中壢",0,10,-10
"7234","6207雷科","110/07/08","土銀",8,0,8
"7235","6207雷科","110/07/08","摩根大通",125,135,-10
"7236","6207雷科","110/07/08","中國信託-高雄",8,0,8
"7237","6207雷科","110/07/08","凱基-五股",0,10,-10
"7238","3679新至陞","110/07/08","華南永昌-台中",17,0,17
"7239","3679新至陞","110/07/08","大慶-蘆洲",0,10,-10
"7240","3679新至陞","110/07/08","國泰-桃園",6,0,6
"7241","3679新至陞","110/07/08","華南永昌-小港",0,7,-7
"7242","3679新至陞","110/07/08","元大-永春",6,0,6
"7243","3679新至陞","110/07/08","國泰-館前",0,3,-3
"7244","3679新至陞","110/07/08","香港上海匯豐",4,0,4
"7245","3679新至陞","110/07/08","元大-板橋",0,3,-3
"7246","3679新至陞","110/07/08","中國信託-新竹",3,0,3
"7247","3679新至陞","110/07/08","港商法國興業",0,2,-2
"7248","3679新至陞","110/07/08","國票-敦北法人",3,0,3
"7249","3679新至陞","110/07/08","第一金-忠孝",0,2,-2
"7250","3679新至陞","110/07/08","群益金鼎-台南",2,0,2
"7251","3679新至陞","110/07/08","元富-古亭",0,2,-2
"7252","3679新至陞","110/07/08","凱基",2,0,2
"7253","3679新至陞","110/07/08","摩根大通",1,3,-2
"7254","3679新至陞","110/07/08","凱基-台北",6,4,2
"7255","3679新至陞","110/07/08","富邦-板橋",0,2,-2
"7256","3679新至陞","110/07/08","日盛-信義",1,0,1
"7257","3679新至陞","110/07/08","元大-文心興安",0,2,-2
"7258","3679新至陞","110/07/08","日盛-新莊",1,0,1
"7259","3679新至陞","110/07/08","臺銀-高雄",0,1,-1
"7260","3679新至陞","110/07/08","大慶",1,0,1
"7261","3679新至陞","110/07/08","日盛-高雄",0,1,-1
"7262","3679新至陞","110/07/08","兆豐-三重",1,0,1
"7263","3679新至陞","110/07/08","日盛-文化",0,1,-1
"7264","3679新至陞","110/07/08","致和-東門",1,0,1
"7265","3679新至陞","110/07/08","美商高盛",0,1,-1
"7266","3679新至陞","110/07/08","台新證券",1,0,1
"7267","3679新至陞","110/07/08","瑞士信貸",0,1,-1
"7268","2727王品","110/07/08","群益金鼎-大安",80,0,80
"7269","2727王品","110/07/08","台灣摩根士丹利",1,300,-299
"7270","2727王品","110/07/08","富邦-台北",237,165,72
"7271","2727王品","110/07/08","元大證券",173,439,-266
"7272","2727王品","110/07/08","永豐金-萬盛",55,5,50
"7273","2727王品","110/07/08","統一",33,200,-167
"7274","2727王品","110/07/08","永豐金-南投",53,10,43
"7275","2727王品","110/07/08","凱基-台北",476,615,-139
"7276","2727王品","110/07/08","國泰-敦南",190,148,42
"7277","2727王品","110/07/08","永豐金-松山",8,138,-130
"7278","2727王品","110/07/08","台新-高雄",71,36,35
"7279","2727王品","110/07/08","新加坡商瑞銀",38,138,-100
"7280","2727王品","110/07/08","富邦-建國",62,27,35
"7281","2727王品","110/07/08","富邦-嘉義",84,182,-98
"7282","2727王品","110/07/08","永豐金證券",50,15,35
"7283","2727王品","110/07/08","元富-台南",4,99,-95
"7284","2727王品","110/07/08","港商野村",185,152,33
"7285","2727王品","110/07/08","凱基-永華",4,92,-88
"7286","2727王品","110/07/08","元大-嘉義",35,3,32
"7287","2727王品","110/07/08","凱基-大直",2,73,-71
"7288","2727王品","110/07/08","台新-三民",35,4,31
"7289","2727王品","110/07/08","美林",105,164,-59
"7290","2727王品","110/07/08","凱基-桃園",35,4,31
"7291","2727王品","110/07/08","第一金-台南",11,63,-52
"7292","2727王品","110/07/08","元大-和平",41,10,31
"7293","2727王品","110/07/08","摩根大通",216,259,-43
"7294","2727王品","110/07/08","兆豐-大安",33,5,28
"7295","2727王品","110/07/08","元大-員林",9,50,-41
"7296","2727王品","110/07/08","元大-新盛",33,6,27
"7297","2727王品","110/07/08","兆豐-虎尾",1,41,-40
"7298","1570力肯","110/07/08","群益金鼎-三重",20,0,20
"7299","1570力肯","110/07/08","中國信託-永康",0,26,-26
"7300","1570力肯","110/07/08","凱基-中壢",20,0,20
"7301","1570力肯","110/07/08","統一-敦南",0,12,-12
"7302","1570力肯","110/07/08","群益金鼎-台南",14,0,14
"7303","1570力肯","110/07/08","國票-博愛",0,10,-10
"7304","1570力肯","110/07/08","元富-緯城",10,0,10
"7305","1570力肯","110/07/08","元大-西門",0,10,-10
"7306","1570力肯","110/07/08","瑞士信貸",7,0,7
"7307","1570力肯","110/07/08","新光",0,9,-9
"7308","1570力肯","110/07/08","摩根大通",6,0,6
"7309","1570力肯","110/07/08","永豐金-大園",0,9,-9
"7310","1570力肯","110/07/08","土銀-白河",5,0,5
"7311","1570力肯","110/07/08","日盛-大墩",0,6,-6
"7312","1570力肯","110/07/08","台灣摩根士丹利",4,0,4
"7313","1570力肯","110/07/08","台新證券",0,6,-6
"7314","1570力肯","110/07/08","元大-新莊",3,0,3
"7315","1570力肯","110/07/08","永全",0,5,-5
"7316","1570力肯","110/07/08","永豐金-苓雅",3,0,3
"7317","1570力肯","110/07/08","元大-天母",0,5,-5
"7318","1570力肯","110/07/08","合庫-三重",2,0,2
"7319","1570力肯","110/07/08","元富-吉利",0,3,-3
"7320","1570力肯","110/07/08","(牛牛牛)亞-鑫豐",2,0,2
"7321","1570力肯","110/07/08","國泰-高雄",0,3,-3
"7322","1570力肯","110/07/08","玉山-大里",2,0,2
"7323","1570力肯","110/07/08","群益金鼎-北高雄",0,3,-3
"7324","1570力肯","110/07/08","國泰-敦南",2,0,2
"7325","1570力肯","110/07/08","群益金鼎-東門",0,2,-2
"7326","1570力肯","110/07/08","華南永昌-岡山",2,0,2
"7327","1570力肯","110/07/08","日盛-高雄",5,6,-1
"7328","6180橘子","110/07/08","新光",30,4,26
"7329","6180橘子","110/07/08","元大-土城學府",0,89,-89
"7330","6180橘子","110/07/08","康和-台南",22,0,22
"7331","6180橘子","110/07/08","凱基-東勢",1,66,-65
"7332","6180橘子","110/07/08","國泰-板橋",22,0,22
"7333","6180橘子","110/07/08","光和",0,64,-64
"7334","6180橘子","110/07/08","日盛-文化",21,0,21
"7335","6180橘子","110/07/08","中國信託-忠孝",0,50,-50
"7336","6180橘子","110/07/08","中國信託-文心",20,2,18
"7337","6180橘子","110/07/08","元富-大裕",0,25,-25
"7338","6180橘子","110/07/08","凱基-台北",39,24,15
"7339","6180橘子","110/07/08","統一-基隆",1,25,-24
"7340","6180橘子","110/07/08","元富-新店",14,0,14
"7341","6180橘子","110/07/08","美商高盛",1,21,-20
"7342","6180橘子","110/07/08","元大-土城永寧",11,0,11
"7343","6180橘子","110/07/08","元大證券",1,19,-18
"7344","6180橘子","110/07/08","永豐金-南京",11,0,11
"7345","6180橘子","110/07/08","元大-太平",2,20,-18
"7346","6180橘子","110/07/08","宏遠-館前",10,0,10
"7347","6180橘子","110/07/08","合庫證券",2,18,-16
"7348","6180橘子","110/07/08","國泰-新莊",10,0,10
"7349","6180橘子","110/07/08","台灣摩根士丹利",1,12,-11
"7350","6180橘子","110/07/08","群益金鼎",10,0,10
"7351","6180橘子","110/07/08","瑞士信貸",0,11,-11
"7352","6180橘子","110/07/08","凱基-高雄",10,0,10
"7353","6180橘子","110/07/08","元富-嘉義",0,11,-11
"7354","6180橘子","110/07/08","凱基-大安",10,0,10
"7355","6180橘子","110/07/08","新光-高雄",0,11,-11
"7356","6180橘子","110/07/08","富邦-仁愛",10,0,10
"7357","6180橘子","110/07/08","大慶-苗栗",0,10,-10
"7358","2390云辰","110/07/08","統一-新台中",126,1,125
"7359","2390云辰","110/07/08","摩根大通",62,661,-599
"7360","2390云辰","110/07/08","元大-員林",111,0,111
"7361","2390云辰","110/07/08","新加坡商瑞銀",0,173,-173
"7362","2390云辰","110/07/08","合庫-高雄",105,0,105
"7363","2390云辰","110/07/08","元大-天母",7,150,-143
"7364","2390云辰","110/07/08","凱基-台北",255,177,78
"7365","2390云辰","110/07/08","台灣摩根士丹利",0,134,-134
"7366","2390云辰","110/07/08","新光",71,17,54
"7367","2390云辰","110/07/08","玉山-台中",17,120,-103
"7368","2390云辰","110/07/08","國票-嘉義",53,0,53
"7369","2390云辰","110/07/08","美商高盛",0,78,-78
"7370","2390云辰","110/07/08","富邦-仁愛",53,4,49
"7371","2390云辰","110/07/08","美林",11,82,-71
"7372","2390云辰","110/07/08","兆豐-城中",48,0,48
"7373","2390云辰","110/07/08","群益金鼎-大興",35,106,-71
"7374","2390云辰","110/07/08","元大-新營",47,0,47
"7375","2390云辰","110/07/08","光和",11,71,-60
"7376","2390云辰","110/07/08","國泰-敦南",89,55,34
"7377","2390云辰","110/07/08","國泰-台中",28,70,-42
"7378","2390云辰","110/07/08","兆豐-台中",40,7,33
"7379","2390云辰","110/07/08","玉山-新莊",6,46,-40
"7380","2390云辰","110/07/08","永豐金-中正",36,6,30
"7381","2390云辰","110/07/08","富邦-台北",21,57,-36
"7382","2390云辰","110/07/08","中國信託-三重",29,0,29
"7383","2390云辰","110/07/08","土銀-台中",0,30,-30
"7384","2390云辰","110/07/08","富邦-陽明",33,5,28
"7385","2390云辰","110/07/08","兆豐-埔墘",1,31,-30
"7386","2390云辰","110/07/08","元富-桃園",27,0,27
"7387","2390云辰","110/07/08","玉山-南京東路",3,33,-30
"7388","4903聯光通","110/07/07","元大-太平",47,4,43
"7389","4903聯光通","110/07/07","日盛-板橋",0,15,-15
"7390","4903聯光通","110/07/07","華南永昌-桃園",10,0,10
"7391","4903聯光通","110/07/07","元大-八德",0,9,-9
"7392","4903聯光通","110/07/07","元大-南投",9,0,9
"7393","4903聯光通","110/07/07","宏遠證券",0,7,-7
"7394","4903聯光通","110/07/07","新光-台中",3,0,3
"7395","4903聯光通","110/07/07","大慶",0,7,-7
"7396","4903聯光通","110/07/07","國泰-敦南",1,0,1
"7397","4903聯光通","110/07/07","群益金鼎-館前",0,6,-6
"7398","4903聯光通","110/07/07","國票-中正",0,0,0
"7399","4903聯光通","110/07/07","元大-羅東",0,5,-5
"7400","4903聯光通","110/07/07","康和-內湖",0,0,0
"7401","4903聯光通","110/07/07","新光",8,12,-4
"7402","4903聯光通","110/07/07","凱基-站前",0,0,0
"7403","4903聯光通","110/07/07","國泰-高雄",0,3,-3
"7404","4903聯光通","110/07/07","華南永昌",1,1,0
"7405","4903聯光通","110/07/07","第一金-台中",0,3,-3
"7406","4903聯光通","110/07/07","華南永昌-新莊",0,0,0
"7407","4903聯光通","110/07/07","中農",0,1,-1
"7408","4903聯光通","110/07/07","臺灣企銀-桃園",0,1,-1
"7409","4903聯光通","110/07/07","台新-新營",0,1,-1
"7410","4903聯光通","110/07/07","元大-鶯歌",2,3,-1
"7411","4903聯光通","110/07/07","元大-永和",0,1,-1
"7412","4903聯光通","110/07/07","元大-苑裡",0,1,-1
"7413","2929淘帝","110/07/07","統一",163,0,163
"7414","2929淘帝","110/07/07","新光-台中",57,142,-85
"7415","2929淘帝","110/07/07","港商野村",323,181,142
"7416","2929淘帝","110/07/07","兆豐-忠孝",0,76,-76
"7417","2929淘帝","110/07/07","日盛-中壢",132,10,122
"7418","2929淘帝","110/07/07","台新-建北",0,53,-53
"7419","2929淘帝","110/07/07","新加坡商瑞銀",140,19,121
"7420","2929淘帝","110/07/07","臺銀-鳳山",0,44,-44
"7421","2929淘帝","110/07/07","日盛-嘉義",101,0,101
"7422","2929淘帝","110/07/07","元大-新盛",0,42,-42
"7423","2929淘帝","110/07/07","摩根大通",101,16,85
"7424","2929淘帝","110/07/07","富邦-建國",6,47,-41
"7425","2929淘帝","110/07/07","元大-太平",55,2,53
"7426","2929淘帝","110/07/07","日盛-園區",0,40,-40
"7427","2929淘帝","110/07/07","元富-松德",50,1,49
"7428","2929淘帝","110/07/07","新光-高雄",1,38,-37
"7429","2929淘帝","110/07/07","凱基-板橋",53,5,48
"7430","2929淘帝","110/07/07","永豐金-三重",1,34,-33
"7431","2929淘帝","110/07/07","美林",80,34,46
"7432","2929淘帝","110/07/07","元大-彰化",0,31,-31
"7433","2929淘帝","110/07/07","元富-台南",41,0,41
"7434","2929淘帝","110/07/07","第一金-大稻埕",0,30,-30
"7435","2929淘帝","110/07/07","兆豐-竹北",39,0,39
"7436","2929淘帝","110/07/07","國泰-敦南",3,33,-30
"7437","2929淘帝","110/07/07","元大-西門",36,0,36
"7438","2929淘帝","110/07/07","富邦-員林",0,30,-30
"7439","2929淘帝","110/07/07","華南永昌",39,4,35
"7440","2929淘帝","110/07/07","元大-蘆洲",1,30,-29
"7441","2929淘帝","110/07/07","日盛-板橋中山",30,0,30
"7442","2929淘帝","110/07/07","台新-台南",4,32,-28
"7443","5410國眾","110/07/07","兆豐-城中",66,0,66
"7444","5410國眾","110/07/07","富邦-仁愛",0,115,-115
"7445","5410國眾","110/07/07","摩根大通",21,0,21
"7446","5410國眾","110/07/07","亞東-板橋",0,38,-38
"7447","5410國眾","110/07/07","元大-北投",21,0,21
"7448","5410國眾","110/07/07","凱基-台北",2,24,-22
"7449","5410國眾","110/07/07","亞東-新竹",15,0,15
"7450","5410國眾","110/07/07","彰銀-七賢",0,10,-10
"7451","5410國眾","110/07/07","元大-福營",12,0,12
"7452","5410國眾","110/07/07","凱基-基隆",0,10,-10
"7453","5410國眾","110/07/07","新光-高雄",11,0,11
"7454","5410國眾","110/07/07","凱基-屏東",0,10,-10
"7455","5410國眾","110/07/07","華南永昌-小港",10,0,10
"7456","5410國眾","110/07/07","凱基-鳳山",0,10,-10
"7457","5410國眾","110/07/07","元大-大灣",10,0,10
"7458","5410國眾","110/07/07","永豐金-忠孝",0,10,-10
"7459","5410國眾","110/07/07","元大-莒光",10,0,10
"7460","5410國眾","110/07/07","日盛-板橋中山",0,9,-9
"7461","5410國眾","110/07/07","台中銀-豐原",9,0,9
"7462","5410國眾","110/07/07","統一-高雄",0,5,-5
"7463","5410國眾","110/07/07","元大-南屯",9,0,9
"7464","5410國眾","110/07/07","元大-斗六",0,5,-5
"7465","5410國眾","110/07/07","日盛-新莊",7,0,7
"7466","5410國眾","110/07/07","元大-大益",0,5,-5
"7467","5410國眾","110/07/07","元富-大昌",6,0,6
"7468","5410國眾","110/07/07","元大-南投",0,5,-5
"7469","5410國眾","110/07/07","新光-新竹",6,0,6
"7470","5410國眾","110/07/07","永豐金-員林",0,5,-5
"7471","5410國眾","110/07/07","臺銀-金山",5,0,5
"7472","5410國眾","110/07/07","華南永昌-楠梓",0,4,-4
"7473","2841台開","110/07/07","永豐金-豐原",268,0,268
"7474","2841台開","110/07/07","凱基-市政",0,200,-200
"7475","2841台開","110/07/07","永豐金-南投",200,0,200
"7476","2841台開","110/07/07","永豐金-彰化",0,100,-100
"7477","2841台開","110/07/07","新光",139,9,130
"7478","2841台開","110/07/07","元大-開元",1,93,-92
"7479","2841台開","110/07/07","中國信託-高雄",50,1,49
"7480","2841台開","110/07/07","港商野村",0,80,-80
"7481","2841台開","110/07/07","元大-歸仁",40,0,40
"7482","2841台開","110/07/07","凱基-台南",25,85,-60
"7483","2841台開","110/07/07","台中銀",35,0,35
"7484","2841台開","110/07/07","美商高盛",1,58,-57
"7485","2841台開","110/07/07","台新-新營",30,0,30
"7486","2841台開","110/07/07","統一-三重",0,55,-55
"7487","2841台開","110/07/07","富邦-台南",30,0,30
"7488","2841台開","110/07/07","台新證券",12,50,-38
"7489","2841台開","110/07/07","國泰-板橋",30,1,29
"7490","2841台開","110/07/07","陽信-石牌",0,31,-31
"7491","2841台開","110/07/07","凱基-文心",28,0,28
"7492","2841台開","110/07/07","元大-福營",0,31,-31
"7493","2841台開","110/07/07","凱基-站前",27,0,27
"7494","2841台開","110/07/07","第一金-澎湖",0,30,-30
"7495","2841台開","110/07/07","大昌-安康",38,16,22
"7496","2841台開","110/07/07","元大-新莊",0,30,-30
"7497","2841台開","110/07/07","合庫-台中",20,0,20
"7498","2841台開","110/07/07","國泰-館前",0,28,-28
"7499","2841台開","110/07/07","日盛-台南",20,0,20
"7500","2841台開","110/07/07","元大-竹科",0,25,-25
"7501","2841台開","110/07/07","台中銀-員林",20,0,20
"7502","2841台開","110/07/07","富邦-仁愛",1,22,-21
"7503","6207雷科","110/07/07","元大-大天母",21,0,21
"7504","6207雷科","110/07/07","元大-高雄",0,105,-105
"7505","6207雷科","110/07/07","元大-頭份",18,0,18
"7506","6207雷科","110/07/07","永豐金-中正",0,35,-35
"7507","6207雷科","110/07/07","第一金-新興",16,0,16
"7508","6207雷科","110/07/07","摩根大通",8,39,-31
"7509","6207雷科","110/07/07","富邦-虎尾",12,0,12
"7510","6207雷科","110/07/07","元大-林園",0,30,-30
"7511","6207雷科","110/07/07","兆豐-板橋",10,0,10
"7512","6207雷科","110/07/07","凱基-台北",0,19,-19
"7513","6207雷科","110/07/07","玉山-台大",10,0,10
"7514","6207雷科","110/07/07","國票-中和",13,25,-12
"7515","6207雷科","110/07/07","元大-四維",10,0,10
"7516","6207雷科","110/07/07","新加坡商瑞銀",0,9,-9
"7517","6207雷科","110/07/07","元大-鹿港",10,0,10
"7518","6207雷科","110/07/07","玉山-高雄",0,8,-8
"7519","6207雷科","110/07/07","元大-信義",10,0,10
"7520","6207雷科","110/07/07","玉山-台南",0,8,-8
"7521","6207雷科","110/07/07","台新-三民",8,0,8
"7522","6207雷科","110/07/07","宏遠-高雄",0,5,-5
"7523","6207雷科","110/07/07","元大-上新莊",8,0,8
"7524","6207雷科","110/07/07","元大-南海",0,5,-5
"7525","6207雷科","110/07/07","大昌-桃園",7,0,7
"7526","6207雷科","110/07/07","元大-莒光",0,4,-4
"7527","6207雷科","110/07/07","新光-台中",10,4,6
"7528","6207雷科","110/07/07","港商野村",0,3,-3
"7529","6207雷科","110/07/07","日盛-頭份",5,0,5
"7530","6207雷科","110/07/07","大慶-台南",0,3,-3
"7531","6207雷科","110/07/07","日茂-埔里",5,0,5
"7532","6207雷科","110/07/07","凱基-站前",0,3,-3
"7533","3679新至陞","110/07/07","永豐金證券",18,0,18
"7534","3679新至陞","110/07/07","美林",0,13,-13
"7535","3679新至陞","110/07/07","元大-文心興安",6,0,6
"7536","3679新至陞","110/07/07","兆豐-大安",0,10,-10
"7537","3679新至陞","110/07/07","中農",5,0,5
"7538","3679新至陞","110/07/07","國泰-桃園",0,4,-4
"7539","3679新至陞","110/07/07","台新證券",4,0,4
"7540","3679新至陞","110/07/07","永豐金-虎尾",0,4,-4
"7541","3679新至陞","110/07/07","華南永昌-小港",4,0,4
"7542","3679新至陞","110/07/07","台灣摩根士丹利",0,3,-3
"7543","3679新至陞","110/07/07","元大-天母",4,0,4
"7544","3679新至陞","110/07/07","瑞士信貸",0,3,-3
"7545","3679新至陞","110/07/07","台中銀-員林",4,1,3
"7546","3679新至陞","110/07/07","統一-新竹",0,3,-3
"7547","3679新至陞","110/07/07","摩根大通",4,1,3
"7548","3679新至陞","110/07/07","統一-三重",0,3,-3
"7549","3679新至陞","110/07/07","凱基-台北",7,4,3
"7550","3679新至陞","110/07/07","凱基-竹北",0,3,-3
"7551","3679新至陞","110/07/07","華南永昌-高雄",3,0,3
"7552","3679新至陞","110/07/07","元富-世貿",0,2,-2
"7553","3679新至陞","110/07/07","永豐金-潮州",2,0,2
"7554","3679新至陞","110/07/07","兆豐-鹿港",0,2,-2
"7555","3679新至陞","110/07/07","合庫-新竹",1,0,1
"7556","3679新至陞","110/07/07","玉山-台大",0,2,-2
"7557","3679新至陞","110/07/07","土銀-高雄",1,0,1
"7558","3679新至陞","110/07/07","國泰-館前",0,2,-2
"7559","3679新至陞","110/07/07","元富-新興",1,0,1
"7560","3679新至陞","110/07/07","群益金鼎-新莊",0,2,-2
"7561","3679新至陞","110/07/07","富邦-中壢",1,0,1
"7562","3679新至陞","110/07/07","元大-桃園",0,2,-2
"7563","2727王品","110/07/07","第一金",62,0,62
"7564","2727王品","110/07/07","台灣摩根士丹利",1,177,-176
"7565","2727王品","110/07/07","凱基-埔墘",40,0,40
"7566","2727王品","110/07/07","凱基-台北",49,151,-102
"7567","2727王品","110/07/07","中國信託-忠孝",40,1,39
"7568","2727王品","110/07/07","摩根大通",19,107,-88
"7569","2727王品","110/07/07","玉山-板橋",40,6,34
"7570","2727王品","110/07/07","美商高盛",2,86,-84
"7571","2727王品","110/07/07","亞東-新竹",31,1,30
"7572","2727王品","110/07/07","元大-北屯",1,52,-51
"7573","2727王品","110/07/07","群益金鼎-宜蘭",25,1,24
"7574","2727王品","110/07/07","國泰證券",1,47,-46
"7575","2727王品","110/07/07","富邦-竹北",23,0,23
"7576","2727王品","110/07/07","統一",3,33,-30
"7577","2727王品","110/07/07","元大-旗山",23,0,23
"7578","2727王品","110/07/07","第一金-台中",1,30,-29
"7579","2727王品","110/07/07","元富-宜蘭",21,0,21
"7580","2727王品","110/07/07","華南永昌-中正",4,29,-25
"7581","2727王品","110/07/07","國票-長城",20,0,20
"7582","2727王品","110/07/07","美林",0,23,-23
"7583","2727王品","110/07/07","台新證券",47,28,19
"7584","2727王品","110/07/07","群益金鼎-館前",0,20,-20
"7585","2727王品","110/07/07","富邦-新竹華信",18,1,17
"7586","2727王品","110/07/07","國票-內壢",0,16,-16
"7587","2727王品","110/07/07","永豐金-中正",18,1,17
"7588","2727王品","110/07/07","兆豐-新莊",0,15,-15
"7589","2727王品","110/07/07","華南永昌-麻豆",17,1,16
"7590","2727王品","110/07/07","港商野村",15,28,-13
"7591","2727王品","110/07/07","永豐金-潮州",15,0,15
"7592","2727王品","110/07/07","元大-善化",1,13,-12
"7593","1570力肯","110/07/07","台新證券",88,0,88
"7594","1570力肯","110/07/07","新光",0,54,-54
"7595","1570力肯","110/07/07","摩根大通",49,15,34
"7596","1570力肯","110/07/07","元大-高雄",0,40,-40
"7597","1570力肯","110/07/07","合庫-桃園",20,0,20
"7598","1570力肯","110/07/07","國票-北高雄",38,50,-12
"7599","1570力肯","110/07/07","元大-土城學府",20,0,20
"7600","1570力肯","110/07/07","群益金鼎-嘉義",0,10,-10
"7601","1570力肯","110/07/07","永豐金-板盛",18,0,18
"7602","1570力肯","110/07/07","元大-草屯",0,10,-10
"7603","1570力肯","110/07/07","永豐金-永康",18,0,18
"7604","1570力肯","110/07/07","日盛-高雄",0,9,-9
"7605","1570力肯","110/07/07","統一-員林",14,0,14
"7606","1570力肯","110/07/07","第一金-路竹",0,9,-9
"7607","1570力肯","110/07/07","元大-竹山",6,0,6
"7608","1570力肯","110/07/07","元大-古亭",0,9,-9
"7609","1570力肯","110/07/07","統一-敦南",5,0,5
"7610","1570力肯","110/07/07","國票-中正",0,8,-8
"7611","1570力肯","110/07/07","元大-永和",5,0,5
"7612","1570力肯","110/07/07","群益金鼎-鳳山",0,6,-6
"7613","1570力肯","110/07/07","元富-大裕",4,0,4
"7614","1570力肯","110/07/07","元大-土城永寧",0,6,-6
"7615","1570力肯","110/07/07","華南永昌-斗六",4,0,4
"7616","1570力肯","110/07/07","中國信託",0,5,-5
"7617","1570力肯","110/07/07","永豐金-松山",6,3,3
"7618","1570力肯","110/07/07","日盛-板橋",0,4,-4
"7619","1570力肯","110/07/07","永豐金-南投",4,1,3
"7620","1570力肯","110/07/07","日盛-木柵",0,4,-4
"7621","1570力肯","110/07/07","土銀-彰化",2,0,2
"7622","1570力肯","110/07/07","玉山-桃園",0,4,-4
"7623","6180橘子","110/07/07","臺銀-金山",27,0,27
"7624","6180橘子","110/07/07","凱基-台北",6,36,-30
"7625","6180橘子","110/07/07","元富-潮州",20,0,20
"7626","6180橘子","110/07/07","元大-天母",1,26,-25
"7627","6180橘子","110/07/07","凱基-中山",20,0,20
"7628","6180橘子","110/07/07","富邦-陽明",0,22,-22
"7629","6180橘子","110/07/07","元大-太平",23,4,19
"7630","6180橘子","110/07/07","日盛-頭份",0,20,-20
"7631","6180橘子","110/07/07","摩根大通",17,0,17
"7632","6180橘子","110/07/07","富邦-仁愛",0,20,-20
"7633","6180橘子","110/07/07","元大-草屯",20,3,17
"7634","6180橘子","110/07/07","永豐金-新莊",0,20,-20
"7635","6180橘子","110/07/07","華南永昌-楠梓",15,1,14
"7636","6180橘子","110/07/07","台灣摩根士丹利",0,18,-18
"7637","6180橘子","110/07/07","中國信託-永康",12,0,12
"7638","6180橘子","110/07/07","華南永昌-長虹",1,16,-15
"7639","6180橘子","110/07/07","日盛-文化",10,0,10
"7640","6180橘子","110/07/07","新光-新竹",0,12,-12
"7641","6180橘子","110/07/07","國泰-館前",10,0,10
"7642","6180橘子","110/07/07","凱基-中壢",0,12,-12
"7643","6180橘子","110/07/07","華南永昌-鶯歌",10,0,10
"7644","6180橘子","110/07/07","第一金-忠孝",0,11,-11
"7645","6180橘子","110/07/07","元大-豐原站前",10,0,10
"7646","6180橘子","110/07/07","元大-沙鹿",0,11,-11
"7647","6180橘子","110/07/07","元大-北屯",10,0,10
"7648","6180橘子","110/07/07","永豐金-羅東",0,11,-11
"7649","6180橘子","110/07/07","兆豐-台中",10,1,9
"7650","6180橘子","110/07/07","兆豐-埔墘",0,10,-10
"7651","6180橘子","110/07/07","群益金鼎-開元",9,0,9
"7652","6180橘子","110/07/07","華南永昌-台中",0,10,-10
"7653","2390云辰","110/07/07","元大-向上",144,0,144
"7654","2390云辰","110/07/07","摩根大通",18,674,-656
"7655","2390云辰","110/07/07","元富-中港",102,0,102
"7656","2390云辰","110/07/07","凱基-台北",141,625,-484
"7657","2390云辰","110/07/07","群益金鼎-民權",104,4,100
"7658","2390云辰","110/07/07","美林",32,261,-229
"7659","2390云辰","110/07/07","兆豐-忠孝",81,0,81
"7660","2390云辰","110/07/07","新加坡商瑞銀",50,149,-99
"7661","2390云辰","110/07/07","合庫-新竹",60,0,60
"7662","2390云辰","110/07/07","台灣摩根士丹利",7,87,-80
"7663","2390云辰","110/07/07","元大-土城學府",59,1,58
"7664","2390云辰","110/07/07","元大-金華",2,68,-66
"7665","2390云辰","110/07/07","玉山-大里",58,3,55
"7666","2390云辰","110/07/07","國票-新莊",13,65,-52
"7667","2390云辰","110/07/07","元大-東蘆",54,1,53
"7668","2390云辰","110/07/07","凱基-三重",12,56,-44
"7669","2390云辰","110/07/07","元富-三重",51,0,51
"7670","2390云辰","110/07/07","新光-台中",23,65,-42
"7671","2390云辰","110/07/07","元富-埔里",50,0,50
"7672","2390云辰","110/07/07","第一金-中壢",5,45,-40
"7673","2390云辰","110/07/07","中國信託-三重",52,3,49
"7674","2390云辰","110/07/07","華南永昌-斗六",0,40,-40
"7675","2390云辰","110/07/07","元大-彰化民生",64,15,49
"7676","2390云辰","110/07/07","富邦-新竹華信",25,61,-36
"7677","2390云辰","110/07/07","元大-潮州",50,5,45
"7678","2390云辰","110/07/07","玉山-新莊",2,32,-30
"7679","2390云辰","110/07/07","元富-高雄",57,14,43
"7680","2390云辰","110/07/07","凱基-新豐",17,47,-30
"7681","2390云辰","110/07/07","凱基-和平",40,0,40
"7682","2390云辰","110/07/07","統一-汐止",1,29,-28
"7683","4903聯光通","110/07/06","元大-苗栗",10,0,10
"7684","4903聯光通","110/07/06","宏遠證券",0,13,-13
"7685","4903聯光通","110/07/06","彰銀",5,0,5
"7686","4903聯光通","110/07/06","富邦-新營",0,4,-4
"7687","4903聯光通","110/07/06","元大-松山",5,0,5
"7688","4903聯光通","110/07/06","元富-草屯",0,3,-3
"7689","4903聯光通","110/07/06","新光",3,0,3
"7690","4903聯光通","110/07/06","元大-羅東",0,3,-3
"7691","4903聯光通","110/07/06","群益金鼎-館前",1,0,1
"7692","4903聯光通","110/07/06","元大-北三重",0,2,-2
"7693","4903聯光通","110/07/06","華南永昌-鶯歌",1,0,1
"7694","4903聯光通","110/07/06","國泰-敦南",0,1,-1
"7695","4903聯光通","110/07/06","永豐金-市政",1,0,1
"7696","4903聯光通","110/07/06","元富-板橋",0,0,0
"7697","4903聯光通","110/07/06","元富-板橋",0,0,0
"7698","4903聯光通","110/07/06","華南永昌",0,0,0
"7699","4903聯光通","110/07/06","華南永昌",0,0,0
"7700","4903聯光通","110/07/06","元大-太平",2,2,0
"7701","4903聯光通","110/07/06","元大-太平",2,2,0
"7702","2929淘帝","110/07/06","新光",204,85,119
"7703","2929淘帝","110/07/06","港商野村",62,282,-220
"7704","2929淘帝","110/07/06","日盛-中壢",94,0,94
"7705","2929淘帝","110/07/06","摩根大通",64,264,-200
"7706","2929淘帝","110/07/06","元富-城東",84,0,84
"7707","2929淘帝","110/07/06","統一",0,163,-163
"7708","2929淘帝","110/07/06","日盛-雙和",55,0,55
"7709","2929淘帝","110/07/06","香港上海匯豐",0,141,-141
"7710","2929淘帝","110/07/06","第一金-路竹",71,17,54
"7711","2929淘帝","110/07/06","新加坡商瑞銀",54,179,-125
"7712","2929淘帝","110/07/06","元大-花蓮",44,2,42
"7713","2929淘帝","110/07/06","合庫-高雄",3,122,-119
"7714","2929淘帝","110/07/06","永豐金-大園",73,33,40
"7715","2929淘帝","110/07/06","美林",34,118,-84
"7716","2929淘帝","110/07/06","元大-太平",44,6,38
"7717","2929淘帝","110/07/06","元大-員林",2,82,-80
"7718","2929淘帝","110/07/06","國泰-板橋",40,5,35
"7719","2929淘帝","110/07/06","元富-松德",26,75,-49
"7720","2929淘帝","110/07/06","兆豐-內湖",33,1,32
"7721","2929淘帝","110/07/06","臺銀-臺南",9,52,-43
"7722","2929淘帝","110/07/06","元大-博愛",43,11,32
"7723","2929淘帝","110/07/06","元大-北投",5,48,-43
"7724","2929淘帝","110/07/06","日盛-竹北",40,10,30
"7725","2929淘帝","110/07/06","臺銀-民權",1,41,-40
"7726","2929淘帝","110/07/06","元大-善化",52,22,30
"7727","2929淘帝","110/07/06","兆豐-忠孝",1,41,-40
"7728","2929淘帝","110/07/06","富邦-北港",29,0,29
"7729","2929淘帝","110/07/06","元大-西門",1,36,-35
"7730","2929淘帝","110/07/06","凱基-湖口",27,0,27
"7731","2929淘帝","110/07/06","玉山-嘉義",3,35,-32
"7732","5410國眾","110/07/06","兆豐-城中",28,0,28
"7733","5410國眾","110/07/06","凱基-高美館",1,18,-17
"7734","5410國眾","110/07/06","元大-小港",20,0,20
"7735","5410國眾","110/07/06","國泰-館前",0,15,-15
"7736","5410國眾","110/07/06","元大-新盛",18,0,18
"7737","5410國眾","110/07/06","國泰-板橋",2,17,-15
"7738","5410國眾","110/07/06","香港上海匯豐",15,0,15
"7739","5410國眾","110/07/06","新光",0,13,-13
"7740","5410國眾","110/07/06","華南永昌-小港",15,0,15
"7741","5410國眾","110/07/06","元富-緯城",0,10,-10
"7742","5410國眾","110/07/06","元富-大昌",13,0,13
"7743","5410國眾","110/07/06","中農",0,10,-10
"7744","5410國眾","110/07/06","臺銀-臺南",10,0,10
"7745","5410國眾","110/07/06","凱基-屏東",0,10,-10
"7746","5410國眾","110/07/06","元富-延平",8,0,8
"7747","5410國眾","110/07/06","新光-桃園",0,6,-6
"7748","5410國眾","110/07/06","元大-八德",17,9,8
"7749","5410國眾","110/07/06","高橋-龍潭",0,5,-5
"7750","5410國眾","110/07/06","摩根大通",7,0,7
"7751","5410國眾","110/07/06","元富-世貿",0,5,-5
"7752","5410國眾","110/07/06","凱基-桃園",7,0,7
"7753","5410國眾","110/07/06","群益金鼎-瑞豐",0,5,-5
"7754","5410國眾","110/07/06","永豐金-屏東",7,0,7
"7755","5410國眾","110/07/06","富邦-台中",0,5,-5
"7756","5410國眾","110/07/06","台新-左楠",5,0,5
"7757","5410國眾","110/07/06","永豐金-板橋",0,5,-5
"7758","5410國眾","110/07/06","富邦-竹東",5,0,5
"7759","5410國眾","110/07/06","富邦-台南",0,4,-4
"7760","5410國眾","110/07/06","元大-新莊",5,0,5
"7761","5410國眾","110/07/06","凱基-站前",0,3,-3
"7762","2841台開","110/07/06","群益金鼎-忠孝",100,0,100
"7763","2841台開","110/07/06","港商野村",0,295,-295
"7764","2841台開","110/07/06","台新證券",58,0,58
"7765","2841台開","110/07/06","元大-善化",0,50,-50
"7766","2841台開","110/07/06","台新-台中",58,0,58
"7767","2841台開","110/07/06","元大-四維",0,50,-50
"7768","2841台開","110/07/06","永豐金-敦南",50,0,50
"7769","2841台開","110/07/06","台新-新營",0,30,-30
"7770","2841台開","110/07/06","元大-台中",45,0,45
"7771","2841台開","110/07/06","群益金鼎-桃園",0,21,-21
"7772","2841台開","110/07/06","凱基-文心",43,0,43
"7773","2841台開","110/07/06","台中銀-員林",0,20,-20
"7774","2841台開","110/07/06","永豐金-潮州",30,0,30
"7775","2841台開","110/07/06","群益金鼎-延平",0,15,-15
"7776","2841台開","110/07/06","第一金-自由",25,0,25
"7777","2841台開","110/07/06","元大-三重",0,13,-13
"7778","2841台開","110/07/06","美商高盛",17,0,17
"7779","2841台開","110/07/06","元富-古亭",0,10,-10
"7780","2841台開","110/07/06","大昌-安康",39,22,17
"7781","2841台開","110/07/06","群益金鼎-北高雄",0,10,-10
"7782","2841台開","110/07/06","台中銀",15,0,15
"7783","2841台開","110/07/06","華南永昌-南京",0,10,-10
"7784","2841台開","110/07/06","玉山-嘉義",15,0,15
"7785","2841台開","110/07/06","富邦-花蓮",0,10,-10
"7786","2841台開","110/07/06","新光",11,0,11
"7787","2841台開","110/07/06","富邦-高雄",0,10,-10
"7788","2841台開","110/07/06","兆豐-永和",10,0,10
"7789","2841台開","110/07/06","元大-竹山",0,10,-10
"7790","2841台開","110/07/06","康和-內湖",10,0,10
"7791","2841台開","110/07/06","元大-屏東",0,10,-10
"7792","6207雷科","110/07/06","新光",45,4,41
"7793","6207雷科","110/07/06","凱基-高美館",1,104,-103
"7794","6207雷科","110/07/06","統一-基隆",30,0,30
"7795","6207雷科","110/07/06","摩根大通",11,45,-34
"7796","6207雷科","110/07/06","康和-南崁",13,0,13
"7797","6207雷科","110/07/06","群益金鼎-新竹",0,22,-22
"7798","6207雷科","110/07/06","宏遠-台南",10,0,10
"7799","6207雷科","110/07/06","港商野村",2,23,-21
"7800","6207雷科","110/07/06","國票-和平",10,0,10
"7801","6207雷科","110/07/06","凱基-台北",0,14,-14
"7802","6207雷科","110/07/06","永豐金-天母",10,0,10
"7803","6207雷科","110/07/06","台新-三民",0,12,-12
"7804","6207雷科","110/07/06","台新證券",10,1,9
"7805","6207雷科","110/07/06","群益金鼎-開元",1,11,-10
"7806","6207雷科","110/07/06","群益金鼎-士林",8,0,8
"7807","6207雷科","110/07/06","富邦-南屯",0,8,-8
"7808","6207雷科","110/07/06","群益金鼎-瑞豐",7,0,7
"7809","6207雷科","110/07/06","元大-善化",0,8,-8
"7810","6207雷科","110/07/06","元大-四維",7,0,7
"7811","6207雷科","110/07/06","日盛-頭份",0,5,-5
"7812","6207雷科","110/07/06","國票-中和",6,0,6
"7813","6207雷科","110/07/06","第一金-高雄",0,5,-5
"7814","6207雷科","110/07/06","台新-中壢",6,0,6
"7815","6207雷科","110/07/06","凱基-八德",0,5,-5
"7816","6207雷科","110/07/06","凱基-高雄",6,0,6
"7817","6207雷科","110/07/06","凱基-頭份",0,5,-5
"7818","6207雷科","110/07/06","富邦-彰化",6,0,6
"7819","6207雷科","110/07/06","合庫-新竹",0,4,-4
"7820","6207雷科","110/07/06","凱基-大安",5,0,5
"7821","6207雷科","110/07/06","新光-高雄",0,4,-4
"7822","3679新至陞","110/07/06","凱基",11,0,11
"7823","3679新至陞","110/07/06","摩根大通",0,22,-22
"7824","3679新至陞","110/07/06","台中銀-員林",11,1,10
"7825","3679新至陞","110/07/06","凱基-台北",6,21,-15
"7826","3679新至陞","110/07/06","安泰-大發",10,0,10
"7827","3679新至陞","110/07/06","瑞士信貸",0,13,-13
"7828","3679新至陞","110/07/06","香港上海匯豐",8,0,8
"7829","3679新至陞","110/07/06","富邦-苗栗",0,10,-10
"7830","3679新至陞","110/07/06","永豐金證券",8,2,6
"7831","3679新至陞","110/07/06","元大-永春",0,6,-6
"7832","3679新至陞","110/07/06","第一金-高雄",5,0,5
"7833","3679新至陞","110/07/06","凱基-興隆",0,5,-5
"7834","3679新至陞","110/07/06","群益金鼎-高盛",3,0,3
"7835","3679新至陞","110/07/06","國泰-桃園",0,3,-3
"7836","3679新至陞","110/07/06","元大-嘉義",3,0,3
"7837","3679新至陞","110/07/06","元大-萬華",2,5,-3
"7838","3679新至陞","110/07/06","臺銀-高雄",2,0,2
"7839","3679新至陞","110/07/06","美林",0,2,-2
"7840","3679新至陞","110/07/06","日盛-復興",2,0,2
"7841","3679新至陞","110/07/06","第一金-華江",0,2,-2
"7842","3679新至陞","110/07/06","日盛-樹林",4,2,2
"7843","3679新至陞","110/07/06","新光-台中",0,2,-2
"7844","3679新至陞","110/07/06","宏遠-館前",2,0,2
"7845","3679新至陞","110/07/06","華南永昌-民權",0,2,-2
"7846","3679新至陞","110/07/06","台新證券",2,0,2
"7847","3679新至陞","110/07/06","元大-板橋",0,2,-2
"7848","3679新至陞","110/07/06","康和-板橋",2,0,2
"7849","3679新至陞","110/07/06","日盛-板橋中山",0,1,-1
"7850","3679新至陞","110/07/06","群益金鼎-台南",2,0,2
"7851","3679新至陞","110/07/06","宏遠證券",0,1,-1
"7852","2727王品","110/07/06","元大證券",1033,729,304
"7853","2727王品","110/07/06","台灣摩根士丹利",35,184,-149
"7854","2727王品","110/07/06","富邦-台北",332,46,286
"7855","2727王品","110/07/06","元大-北屯",11,79,-68
"7856","2727王品","110/07/06","統一",252,43,209
"7857","2727王品","110/07/06","元富-敦南",4,70,-66
"7858","2727王品","110/07/06","永豐金-松山",147,14,133
"7859","2727王品","110/07/06","元大-基隆孝二",11,75,-64
"7860","2727王品","110/07/06","富邦-嘉義",301,198,103
"7861","2727王品","110/07/06","臺銀-臺南",9,69,-60
"7862","2727王品","110/07/06","新加坡商瑞銀",128,34,94
"7863","2727王品","110/07/06","中國信託-忠孝",5,48,-43
"7864","2727王品","110/07/06","元富-台南",97,6,91
"7865","2727王品","110/07/06","永豐金-市政",5,46,-41
"7866","2727王品","110/07/06","台新證券",169,105,64
"7867","2727王品","110/07/06","彰銀-台中",19,56,-37
"7868","2727王品","110/07/06","美林",115,58,57
"7869","2727王品","110/07/06","玉山證券",30,67,-37
"7870","2727王品","110/07/06","華南永昌",75,23,52
"7871","2727王品","110/07/06","凱基-埔墘",4,41,-37
"7872","2727王品","110/07/06","凱基-台北",445,398,47
"7873","2727王品","110/07/06","永豐金-大園",3,40,-37
"7874","2727王品","110/07/06","凱基-大直",48,7,41
"7875","2727王品","110/07/06","元富",2,37,-35
"7876","2727王品","110/07/06","凱基-林口",45,4,41
"7877","2727王品","110/07/06","富邦-仁愛",32,64,-32
"7878","2727王品","110/07/06","德信",40,1,39
"7879","2727王品","110/07/06","玉山-板橋",52,82,-30
"7880","2727王品","110/07/06","第一金",42,5,37
"7881","2727王品","110/07/06","中國信託-文心",10,39,-29
"7882","1570力肯","110/07/06","香港上海匯豐",47,0,47
"7883","1570力肯","110/07/06","新光",2,107,-105
"7884","1570力肯","110/07/06","元大-高雄",55,16,39
"7885","1570力肯","110/07/06","摩根大通",11,58,-47
"7886","1570力肯","110/07/06","元富-緯城",37,0,37
"7887","1570力肯","110/07/06","高橋",4,50,-46
"7888","1570力肯","110/07/06","台新-台南",16,0,16
"7889","1570力肯","110/07/06","合庫-桃園",0,20,-20
"7890","1570力肯","110/07/06","元大-新竹經國",14,0,14
"7891","1570力肯","110/07/06","永豐金-板盛",0,18,-18
"7892","1570力肯","110/07/06","富邦-左營",12,0,12
"7893","1570力肯","110/07/06","華南永昌-公誠",0,9,-9
"7894","1570力肯","110/07/06","國票-中正",12,2,10
"7895","1570力肯","110/07/06","凱基-台北",1,9,-8
"7896","1570力肯","110/07/06","國票-博愛",10,0,10
"7897","1570力肯","110/07/06","臺銀-臺中",0,6,-6
"7898","1570力肯","110/07/06","統一-敦南",12,5,7
"7899","1570力肯","110/07/06","台新-三民",0,5,-5
"7900","1570力肯","110/07/06","群益金鼎-三重",7,0,7
"7901","1570力肯","110/07/06","華南永昌-麻豆",0,5,-5
"7902","1570力肯","110/07/06","臺銀-臺南",6,0,6
"7903","1570力肯","110/07/06","合庫-台南",0,4,-4
"7904","1570力肯","110/07/06","大慶-蘆洲",6,0,6
"7905","1570力肯","110/07/06","統一-員林",0,4,-4
"7906","1570力肯","110/07/06","元富-新店",6,0,6
"7907","1570力肯","110/07/06","康和-澎湖",0,4,-4
"7908","1570力肯","110/07/06","玉山-雙和",7,1,6
"7909","1570力肯","110/07/06","華南永昌-斗六",0,4,-4
"7910","1570力肯","110/07/06","永豐金-敦南",9,3,6
"7911","1570力肯","110/07/06","元大-和平",0,4,-4
"7912","6180橘子","110/07/06","凱基-台北",72,12,60
"7913","6180橘子","110/07/06","臺銀-金山",5,105,-100
"7914","6180橘子","110/07/06","美林",29,0,29
"7915","6180橘子","110/07/06","元大-台中",0,100,-100
"7916","6180橘子","110/07/06","合庫-自強",21,0,21
"7917","6180橘子","110/07/06","康和-台南",3,50,-47
"7918","6180橘子","110/07/06","凱基-三峽",17,0,17
"7919","6180橘子","110/07/06","元大-中和",0,35,-35
"7920","6180橘子","110/07/06","富邦-虎尾",15,1,14
"7921","6180橘子","110/07/06","中國信託-忠孝",0,16,-16
"7922","6180橘子","110/07/06","元富-潮州",13,0,13
"7923","6180橘子","110/07/06","玉山-高雄",0,12,-12
"7924","6180橘子","110/07/06","中國信託-永康",13,0,13
"7925","6180橘子","110/07/06","港商野村",0,11,-11
"7926","6180橘子","110/07/06","元大-草屯",18,5,13
"7927","6180橘子","110/07/06","群益金鼎-松山",0,11,-11
"7928","6180橘子","110/07/06","臺銀",11,0,11
"7929","6180橘子","110/07/06","永豐金-豐原",0,11,-11
"7930","6180橘子","110/07/06","新光",15,4,11
"7931","6180橘子","110/07/06","元富-嘉義",5,15,-10
"7932","6180橘子","110/07/06","元大-竹東",11,0,11
"7933","6180橘子","110/07/06","玉山-士林",0,10,-10
"7934","6180橘子","110/07/06","宏遠-台中",10,0,10
"7935","6180橘子","110/07/06","凱基-北門",0,10,-10
"7936","6180橘子","110/07/06","第一金-台南",10,0,10
"7937","6180橘子","110/07/06","第一金-忠孝",0,9,-9
"7938","6180橘子","110/07/06","國泰-敦南",10,0,10
"7939","6180橘子","110/07/06","統一-基隆",0,9,-9
"7940","6180橘子","110/07/06","富邦-嘉義",10,0,10
"7941","6180橘子","110/07/06","安泰-大發",1,10,-9
"7942","2390云辰","110/07/06","元大-天母",975,276,699
"7943","2390云辰","110/07/06","台灣摩根士丹利",3,265,-262
"7944","2390云辰","110/07/06","摩根大通",688,312,376
"7945","2390云辰","110/07/06","群益金鼎-海山",3,166,-163
"7946","2390云辰","110/07/06","國泰-忠孝",164,3,161
"7947","2390云辰","110/07/06","國泰-敦南",188,339,-151
"7948","2390云辰","110/07/06","富邦-北港",140,7,133
"7949","2390云辰","110/07/06","元大-土城學府",12,119,-107
"7950","2390云辰","110/07/06","聯邦商銀",151,22,129
"7951","2390云辰","110/07/06","永豐金-高雄",4,103,-99
"7952","2390云辰","110/07/06","中國信託-文心",143,17,126
"7953","2390云辰","110/07/06","土銀-士林",0,94,-94
"7954","2390云辰","110/07/06","永豐金-中正",133,7,126
"7955","2390云辰","110/07/06","元大-佳里",11,91,-80
"7956","2390云辰","110/07/06","群益金鼎-大興",178,76,102
"7957","2390云辰","110/07/06","玉山-台中",10,86,-76
"7958","2390云辰","110/07/06","元富-中港",103,3,100
"7959","2390云辰","110/07/06","新光",251,324,-73
"7960","2390云辰","110/07/06","統一-新台中",104,12,92
"7961","2390云辰","110/07/06","富邦-敦南",29,101,-72
"7962","2390云辰","110/07/06","新加坡商瑞銀",211,120,91
"7963","2390云辰","110/07/06","兆豐-台中",0,58,-58
"7964","2390云辰","110/07/06","兆豐-忠孝",100,11,89
"7965","2390云辰","110/07/06","日盛證券",16,73,-57
"7966","2390云辰","110/07/06","凱基-林口",87,9,78
"7967","2390云辰","110/07/06","元大-東泰",5,61,-56
"7968","2390云辰","110/07/06","元富-西松",72,4,68
"7969","2390云辰","110/07/06","台新證券",136,190,-54
"7970","2390云辰","110/07/06","台新-左楠",66,9,57
"7971","2390云辰","110/07/06","元大-六合",10,63,-53
