"","stake","date","name","buy","sell","total"
"1","2363矽統","110/07/16","國票-長城",461,21,440
"2","2363矽統","110/07/16","新加坡商瑞銀",155,482,-327
"3","2363矽統","110/07/16","凱基-豐中",201,3,198
"4","2363矽統","110/07/16","港商野村",253,546,-293
"5","2363矽統","110/07/16","凱基-土城",132,9,123
"6","2363矽統","110/07/16","摩根大通",116,401,-285
"7","2363矽統","110/07/16","台新證券",199,78,121
"8","2363矽統","110/07/16","瑞士信貸",291,533,-242
"9","2363矽統","110/07/16","日盛-中和",74,0,74
"10","2363矽統","110/07/16","日盛-竹北",19,248,-229
"11","2363矽統","110/07/16","日盛-員林",66,3,63
"12","2363矽統","110/07/16","臺銀-金山",4,211,-207
"13","2363矽統","110/07/16","國票-中和",60,3,57
"14","2363矽統","110/07/16","元大-大統",13,138,-125
"15","2363矽統","110/07/16","新光",240,184,56
"16","2363矽統","110/07/16","永豐金證券",11,125,-114
"17","2363矽統","110/07/16","富邦-竹東",65,9,56
"18","2363矽統","110/07/16","兆豐-民生",2,101,-99
"19","2363矽統","110/07/16","華南永昌-鳳山",56,1,55
"20","2363矽統","110/07/16","群益金鼎-松山",2,100,-98
"21","2363矽統","110/07/16","凱基-台北",520,466,54
"22","2363矽統","110/07/16","元大-花蓮",8,99,-91
"23","2363矽統","110/07/16","元富-城東",63,12,51
"24","2363矽統","110/07/16","華南永昌-虎尾",68,154,-86
"25","2363矽統","110/07/16","群益金鼎-桃園",56,5,51
"26","2363矽統","110/07/16","富邦-新竹華信",7,89,-82
"27","2363矽統","110/07/16","北城證券",60,10,50
"28","2363矽統","110/07/16","元大-佳里",3,81,-78
"29","2363矽統","110/07/16","國票-九鼎",57,7,50
"30","2363矽統","110/07/16","玉山-南京東路",0,73,-73
"31","8112至上","110/07/16","宏遠證券",551,6,545
"32","8112至上","110/07/16","玉山-桃園",42,318,-276
"33","8112至上","110/07/16","台灣摩根士丹利",317,11,306
"34","8112至上","110/07/16","美林",64,305,-241
"35","8112至上","110/07/16","新加坡商瑞銀",378,73,305
"36","8112至上","110/07/16","宏遠-館前",16,212,-196
"37","8112至上","110/07/16","凱基-台北",758,553,205
"38","8112至上","110/07/16","玉山-嘉義",19,95,-76
"39","8112至上","110/07/16","富邦證券",127,0,127
"40","8112至上","110/07/16","群益金鼎-三民",7,82,-75
"41","8112至上","110/07/16","台新證券",129,30,99
"42","8112至上","110/07/16","日盛-二林",1,73,-72
"43","8112至上","110/07/16","花旗環球",97,0,97
"44","8112至上","110/07/16","玉山-台大",8,76,-68
"45","8112至上","110/07/16","永豐金-台南",97,8,89
"46","8112至上","110/07/16","元富-台南",1,68,-67
"47","8112至上","110/07/16","元大-大天母",93,15,78
"48","8112至上","110/07/16","玉山-板橋",4,71,-67
"49","8112至上","110/07/16","亞東-板橋",72,2,70
"50","8112至上","110/07/16","臺灣企銀-埔墘",0,60,-60
"51","8112至上","110/07/16","永豐金-中正",64,9,55
"52","8112至上","110/07/16","華南永昌-鶯歌",11,64,-53
"53","8112至上","110/07/16","大昌-樹林",53,2,51
"54","8112至上","110/07/16","元大-士林",7,59,-52
"55","8112至上","110/07/16","凱基-永和",56,5,51
"56","8112至上","110/07/16","元富-新店",8,57,-49
"57","8112至上","110/07/16","兆豐-竹北",53,3,50
"58","8112至上","110/07/16","富邦-陽明",9,58,-49
"59","8112至上","110/07/16","日盛-豐原",48,0,48
"60","8112至上","110/07/16","元大-發財",0,49,-49
"61","1570力肯","110/07/16","新光",71,6,65
"62","1570力肯","110/07/16","元大-高雄",0,23,-23
"63","1570力肯","110/07/16","國票-北高雄",21,0,21
"64","1570力肯","110/07/16","合庫-台南",0,20,-20
"65","1570力肯","110/07/16","凱基-台北",17,1,16
"66","1570力肯","110/07/16","元富-新店",0,15,-15
"67","1570力肯","110/07/16","群益金鼎-高雄",15,0,15
"68","1570力肯","110/07/16","元大-東港",0,10,-10
"69","1570力肯","110/07/16","富邦-建國",10,0,10
"70","1570力肯","110/07/16","中國信託",0,7,-7
"71","1570力肯","110/07/16","元大-士林",5,0,5
"72","1570力肯","110/07/16","台新證券",0,6,-6
"73","1570力肯","110/07/16","瑞士信貸",3,0,3
"74","1570力肯","110/07/16","日盛-信義",0,5,-5
"75","1570力肯","110/07/16","臺銀-高雄",2,0,2
"76","1570力肯","110/07/16","宏遠-館前",0,5,-5
"77","1570力肯","110/07/16","華南永昌",2,0,2
"78","1570力肯","110/07/16","國泰-館前",0,5,-5
"79","1570力肯","110/07/16","元富-同大",1,0,1
"80","1570力肯","110/07/16","富邦-園區",0,5,-5
"81","1570力肯","110/07/16","兆豐-麻豆",1,0,1
"82","1570力肯","110/07/16","永豐金-中正",0,5,-5
"83","1570力肯","110/07/16","國泰-板橋",1,0,1
"84","1570力肯","110/07/16","(牛牛牛)亞-鑫豐",0,4,-4
"85","1570力肯","110/07/16","群益金鼎-東湖",1,0,1
"86","1570力肯","110/07/16","台中銀-員林",0,3,-3
"87","1570力肯","110/07/16","元大-東泰",1,0,1
"88","1570力肯","110/07/16","玉山-新莊",0,3,-3
"89","1570力肯","110/07/16","元大-南勢角",1,0,1
"90","1570力肯","110/07/16","凱基-長庚",0,3,-3
"91","2929淘帝","110/07/16","元大-民生",28,0,28
"92","2929淘帝","110/07/16","玉山-新竹",0,30,-30
"93","2929淘帝","110/07/16","元大-員林",20,0,20
"94","2929淘帝","110/07/16","合庫證券",0,20,-20
"95","2929淘帝","110/07/16","兆豐-桃鶯",12,0,12
"96","2929淘帝","110/07/16","元大-六合",0,20,-20
"97","2929淘帝","110/07/16","元大-大統",10,0,10
"98","2929淘帝","110/07/16","摩根大通",0,12,-12
"99","2929淘帝","110/07/16","新加坡商瑞銀",9,0,9
"100","2929淘帝","110/07/16","永興",0,6,-6
"101","2929淘帝","110/07/16","凱基-基隆",6,0,6
"102","2929淘帝","110/07/16","凱基-長庚",0,5,-5
"103","2929淘帝","110/07/16","合庫-高雄",5,0,5
"104","2929淘帝","110/07/16","群益金鼎-潭子",0,4,-4
"105","2929淘帝","110/07/16","台新-台中",6,1,5
"106","2929淘帝","110/07/16","華南永昌-小港",2,6,-4
"107","2929淘帝","110/07/16","元大-承德",5,0,5
"108","2929淘帝","110/07/16","華南永昌-虎尾",0,4,-4
"109","2929淘帝","110/07/16","元大-沙鹿",5,0,5
"110","2929淘帝","110/07/16","日盛-和美",0,3,-3
"111","2929淘帝","110/07/16","大慶-苗栗",5,1,4
"112","2929淘帝","110/07/16","彰銀",0,3,-3
"113","2929淘帝","110/07/16","台新-新營",4,0,4
"114","2929淘帝","110/07/16","港商野村",7,10,-3
"115","2929淘帝","110/07/16","凱基-台北",6,2,4
"116","2929淘帝","110/07/16","群益金鼎-中山",1,4,-3
"117","2929淘帝","110/07/16","兆豐-台中港",3,0,3
"118","2929淘帝","110/07/16","凱基-嘉義",0,3,-3
"119","2929淘帝","110/07/16","國票-北高雄",3,0,3
"120","2929淘帝","110/07/16","元大-斗信",0,3,-3
"121","5410國眾","110/07/16","盈溢-籬子內",49,0,49
"122","5410國眾","110/07/16","元大-博愛",0,41,-41
"123","5410國眾","110/07/16","香港上海匯豐",31,0,31
"124","5410國眾","110/07/16","元富-嘉義",0,20,-20
"125","5410國眾","110/07/16","元大-東泰",30,0,30
"126","5410國眾","110/07/16","國泰-桃園",0,18,-18
"127","5410國眾","110/07/16","兆豐-台中港",20,0,20
"128","5410國眾","110/07/16","元富",0,17,-17
"129","5410國眾","110/07/16","臺銀-臺南",11,0,11
"130","5410國眾","110/07/16","元大-新竹",0,14,-14
"131","5410國眾","110/07/16","富邦-新竹華信",11,0,11
"132","5410國眾","110/07/16","安泰-大發",0,11,-11
"133","5410國眾","110/07/16","臺銀",10,0,10
"134","5410國眾","110/07/16","大昌-樹林",0,10,-10
"135","5410國眾","110/07/16","凱基-台北",8,1,7
"136","5410國眾","110/07/16","群益金鼎-內湖",0,10,-10
"137","5410國眾","110/07/16","日盛-士林",5,0,5
"138","5410國眾","110/07/16","元大-樹林",0,10,-10
"139","5410國眾","110/07/16","新光-桃園",5,0,5
"140","5410國眾","110/07/16","元大-內湖",0,9,-9
"141","5410國眾","110/07/16","國泰-台南",5,0,5
"142","5410國眾","110/07/16","群益金鼎-永和",0,5,-5
"143","5410國眾","110/07/16","群益金鼎-嘉義",5,0,5
"144","5410國眾","110/07/16","凱基-屏東",0,5,-5
"145","5410國眾","110/07/16","元大-屏南",5,0,5
"146","5410國眾","110/07/16","統一-員林",0,4,-4
"147","5410國眾","110/07/16","日盛-員林",3,0,3
"148","5410國眾","110/07/16","國泰-松江",0,4,-4
"149","5410國眾","110/07/16","瑞士信貸",3,0,3
"150","5410國眾","110/07/16","凱基-台南",0,4,-4
"151","2841台開","110/07/16","日盛證券",250,0,250
"152","2841台開","110/07/16","元大-歸仁",0,590,-590
"153","2841台開","110/07/16","凱基-文心",204,0,204
"154","2841台開","110/07/16","摩根大通",0,245,-245
"155","2841台開","110/07/16","國泰-館前",114,0,114
"156","2841台開","110/07/16","日盛-信義",0,145,-145
"157","2841台開","110/07/16","永豐金-豐原",75,0,75
"158","2841台開","110/07/16","港商野村",0,103,-103
"159","2841台開","110/07/16","台新-台中",76,10,66
"160","2841台開","110/07/16","玉山-嘉義",5,54,-49
"161","2841台開","110/07/16","中國信託-文心",51,5,46
"162","2841台開","110/07/16","台新證券",22,63,-41
"163","2841台開","110/07/16","華南永昌-新莊",41,10,31
"164","2841台開","110/07/16","美商高盛",0,39,-39
"165","2841台開","110/07/16","富邦-嘉義",30,0,30
"166","2841台開","110/07/16","亞東-板橋",0,30,-30
"167","2841台開","110/07/16","新光",26,0,26
"168","2841台開","110/07/16","永豐金-北高雄",0,30,-30
"169","2841台開","110/07/16","富邦-板橋",25,0,25
"170","2841台開","110/07/16","日盛-忠孝",0,20,-20
"171","2841台開","110/07/16","新光-台中",22,0,22
"172","2841台開","110/07/16","元富-草屯",0,15,-15
"173","2841台開","110/07/16","元大-承德",22,0,22
"174","2841台開","110/07/16","永豐金-板新",0,12,-12
"175","2841台開","110/07/16","日盛-三重",20,0,20
"176","2841台開","110/07/16","第一金-華江",0,10,-10
"177","2841台開","110/07/16","日盛-新莊",20,0,20
"178","2841台開","110/07/16","兆豐-南京",0,10,-10
"179","2841台開","110/07/16","凱基-台南",20,0,20
"180","2841台開","110/07/16","國票-中港",0,10,-10
"181","6207雷科","110/07/16","統一-平鎮",215,4,211
"182","6207雷科","110/07/16","凱基-台北",344,628,-284
"183","6207雷科","110/07/16","凱基-復興",166,6,160
"184","6207雷科","110/07/16","新加坡商瑞銀",104,370,-266
"185","6207雷科","110/07/16","永豐金-南京",141,3,138
"186","6207雷科","110/07/16","摩根大通",193,430,-237
"187","6207雷科","110/07/16","永豐金-內湖",117,1,116
"188","6207雷科","110/07/16","富邦證券",0,150,-150
"189","6207雷科","110/07/16","日盛證券",104,2,102
"190","6207雷科","110/07/16","華南永昌-中正",26,169,-143
"191","6207雷科","110/07/16","群益金鼎-古亭",74,2,72
"192","6207雷科","110/07/16","凱基-敦北",1,142,-141
"193","6207雷科","110/07/16","群益金鼎-東門",76,12,64
"194","6207雷科","110/07/16","凱基-板橋",0,120,-120
"195","6207雷科","110/07/16","日盛-板橋",78,25,53
"196","6207雷科","110/07/16","元富-大昌",30,136,-106
"197","6207雷科","110/07/16","元大-斗六",57,6,51
"198","6207雷科","110/07/16","元大-北成功",26,97,-71
"199","6207雷科","110/07/16","元大-頭份",53,3,50
"200","6207雷科","110/07/16","新光-桃園",29,93,-64
"201","6207雷科","110/07/16","群益金鼎-東大",56,11,45
"202","6207雷科","110/07/16","新百王",27,90,-63
"203","6207雷科","110/07/16","永豐金-虎尾",50,8,42
"204","6207雷科","110/07/16","玉山-左營",16,72,-56
"205","6207雷科","110/07/16","元大-西門",39,1,38
"206","6207雷科","110/07/16","群益金鼎-中壢",3,54,-51
"207","6207雷科","110/07/16","凱基-竹科",38,1,37
"208","6207雷科","110/07/16","元富-中原",21,67,-46
"209","6207雷科","110/07/16","元富-世貿",50,15,35
"210","6207雷科","110/07/16","大昌-桃園",26,70,-44
"211","3679新至陞","110/07/16","元大-成功",17,1,16
"212","3679新至陞","110/07/16","國票-桃園",0,11,-11
"213","3679新至陞","110/07/16","玉山-台大",5,0,5
"214","3679新至陞","110/07/16","富邦-台北",0,10,-10
"215","3679新至陞","110/07/16","日盛-員林",4,0,4
"216","3679新至陞","110/07/16","富邦-苗栗",0,10,-10
"217","3679新至陞","110/07/16","凱基-台北",6,2,4
"218","3679新至陞","110/07/16","元大-永春",0,6,-6
"219","3679新至陞","110/07/16","台灣摩根士丹利",3,0,3
"220","3679新至陞","110/07/16","美林",0,5,-5
"221","3679新至陞","110/07/16","凱基-中山",3,0,3
"222","3679新至陞","110/07/16","瑞士信貸",3,7,-4
"223","3679新至陞","110/07/16","元大-承德",3,0,3
"224","3679新至陞","110/07/16","宏遠-館前",0,3,-3
"225","3679新至陞","110/07/16","元大-汐止",4,1,3
"226","3679新至陞","110/07/16","元大-東港",0,3,-3
"227","3679新至陞","110/07/16","日盛-大墩",2,0,2
"228","3679新至陞","110/07/16","元大證券",0,2,-2
"229","3679新至陞","110/07/16","玉山-城中",2,0,2
"230","3679新至陞","110/07/16","永豐金-板新",0,2,-2
"231","3679新至陞","110/07/16","華南永昌-內壢",2,0,2
"232","3679新至陞","110/07/16","臺銀-民權",0,1,-1
"233","3679新至陞","110/07/16","元大-台南",2,0,2
"234","3679新至陞","110/07/16","日盛-台中",0,1,-1
"235","3679新至陞","110/07/16","元大-大同",2,0,2
"236","3679新至陞","110/07/16","日盛-鳳山",0,1,-1
"237","3679新至陞","110/07/16","臺銀-高雄",1,0,1
"238","3679新至陞","110/07/16","元富-古亭",0,1,-1
"239","3679新至陞","110/07/16","日盛-樹林",1,0,1
"240","3679新至陞","110/07/16","元富-新興",0,1,-1
"241","2727王品","110/07/16","富邦證券",570,0,570
"242","2727王品","110/07/16","台新證券",27,77,-50
"243","2727王品","110/07/16","兆豐-南京",200,0,200
"244","2727王品","110/07/16","台灣摩根士丹利",4,47,-43
"245","2727王品","110/07/16","瑞士信貸",133,2,131
"246","2727王品","110/07/16","永豐金-大園",0,33,-33
"247","2727王品","110/07/16","美林",121,26,95
"248","2727王品","110/07/16","元大-北屯",0,32,-32
"249","2727王品","110/07/16","統一",103,43,60
"250","2727王品","110/07/16","富邦-南屯",1,30,-29
"251","2727王品","110/07/16","中國信託-忠孝",36,2,34
"252","2727王品","110/07/16","元大-基隆孝二",0,29,-29
"253","2727王品","110/07/16","元大證券",68,45,23
"254","2727王品","110/07/16","日盛-忠孝",4,30,-26
"255","2727王品","110/07/16","合庫-彰化",22,1,21
"256","2727王品","110/07/16","新光-新竹",1,21,-20
"257","2727王品","110/07/16","港商野村",126,105,21
"258","2727王品","110/07/16","凱基-台北",94,113,-19
"259","2727王品","110/07/16","元富-板橋",22,1,21
"260","2727王品","110/07/16","富邦-虎尾",1,19,-18
"261","2727王品","110/07/16","新加坡商瑞銀",36,18,18
"262","2727王品","110/07/16","元大-南京",0,17,-17
"263","2727王品","110/07/16","國泰證券",20,5,15
"264","2727王品","110/07/16","日盛-鳳山",2,18,-16
"265","2727王品","110/07/16","日盛-桃園",13,1,12
"266","2727王品","110/07/16","新光",34,50,-16
"267","2727王品","110/07/16","凱基-市政",12,1,11
"268","2727王品","110/07/16","富邦-台北",2,18,-16
"269","2727王品","110/07/16","元大-嘉義",14,3,11
"270","2727王品","110/07/16","國票-內壢",1,15,-14
"271","1570力肯","110/07/16","新光",71,6,65
"272","1570力肯","110/07/16","元大-高雄",0,23,-23
"273","1570力肯","110/07/16","國票-北高雄",21,0,21
"274","1570力肯","110/07/16","合庫-台南",0,20,-20
"275","1570力肯","110/07/16","凱基-台北",17,1,16
"276","1570力肯","110/07/16","元富-新店",0,15,-15
"277","1570力肯","110/07/16","群益金鼎-高雄",15,0,15
"278","1570力肯","110/07/16","元大-東港",0,10,-10
"279","1570力肯","110/07/16","富邦-建國",10,0,10
"280","1570力肯","110/07/16","中國信託",0,7,-7
"281","1570力肯","110/07/16","元大-士林",5,0,5
"282","1570力肯","110/07/16","台新證券",0,6,-6
"283","1570力肯","110/07/16","瑞士信貸",3,0,3
"284","1570力肯","110/07/16","日盛-信義",0,5,-5
"285","1570力肯","110/07/16","臺銀-高雄",2,0,2
"286","1570力肯","110/07/16","宏遠-館前",0,5,-5
"287","1570力肯","110/07/16","華南永昌",2,0,2
"288","1570力肯","110/07/16","國泰-館前",0,5,-5
"289","1570力肯","110/07/16","元富-同大",1,0,1
"290","1570力肯","110/07/16","富邦-園區",0,5,-5
"291","1570力肯","110/07/16","兆豐-麻豆",1,0,1
"292","1570力肯","110/07/16","永豐金-中正",0,5,-5
"293","1570力肯","110/07/16","國泰-板橋",1,0,1
"294","1570力肯","110/07/16","(牛牛牛)亞-鑫豐",0,4,-4
"295","1570力肯","110/07/16","群益金鼎-東湖",1,0,1
"296","1570力肯","110/07/16","台中銀-員林",0,3,-3
"297","1570力肯","110/07/16","元大-東泰",1,0,1
"298","1570力肯","110/07/16","玉山-新莊",0,3,-3
"299","1570力肯","110/07/16","元大-南勢角",1,0,1
"300","1570力肯","110/07/16","凱基-長庚",0,3,-3
"301","6180橘子","110/07/16","日盛-文化",71,5,66
"302","6180橘子","110/07/16","凱基-台北",110,238,-128
"303","6180橘子","110/07/16","新加坡商瑞銀",75,19,56
"304","6180橘子","110/07/16","摩根大通",77,161,-84
"305","6180橘子","110/07/16","瑞士信貸",51,0,51
"306","6180橘子","110/07/16","元富-高雄",0,62,-62
"307","6180橘子","110/07/16","台灣企銀-屏東",50,0,50
"308","6180橘子","110/07/16","美商高盛",0,40,-40
"309","6180橘子","110/07/16","元大-桃園",52,2,50
"310","6180橘子","110/07/16","合庫-自強",0,37,-37
"311","6180橘子","110/07/16","康和-台北",51,10,41
"312","6180橘子","110/07/16","美林",15,48,-33
"313","6180橘子","110/07/16","群益金鼎-屏東",61,20,41
"314","6180橘子","110/07/16","元富-四維",0,32,-32
"315","6180橘子","110/07/16","元大-彰化",33,2,31
"316","6180橘子","110/07/16","新光",63,92,-29
"317","6180橘子","110/07/16","台中銀-台北",30,0,30
"318","6180橘子","110/07/16","新光-台南",6,28,-22
"319","6180橘子","110/07/16","福勝",29,3,26
"320","6180橘子","110/07/16","港商野村",28,49,-21
"321","6180橘子","110/07/16","兆豐證券",21,0,21
"322","6180橘子","110/07/16","統一",2,23,-21
"323","6180橘子","110/07/16","華南永昌-頭份",20,0,20
"324","6180橘子","110/07/16","元大-豐原站前",3,21,-18
"325","6180橘子","110/07/16","富邦-台北",25,5,20
"326","6180橘子","110/07/16","豐農",3,20,-17
"327","6180橘子","110/07/16","富邦-員林",23,4,19
"328","6180橘子","110/07/16","安泰-大發",0,17,-17
"329","6180橘子","110/07/16","台新-新莊",20,2,18
"330","6180橘子","110/07/16","群益金鼎",2,19,-17
"331","2390云辰","110/07/16","兆豐-天母",642,7,635
"332","2390云辰","110/07/16","凱基",0,5007,-5007
"333","2390云辰","110/07/16","華南永昌-鳳山",339,35,304
"334","2390云辰","110/07/16","凱基-台北",1224,2306,-1082
"335","2390云辰","110/07/16","第一金-大稻埕",269,13,256
"336","2390云辰","110/07/16","元大證券",206,1177,-971
"337","2390云辰","110/07/16","國泰-敦南",665,427,238
"338","2390云辰","110/07/16","摩根大通",1073,1967,-894
"339","2390云辰","110/07/16","富邦-建國",272,50,222
"340","2390云辰","110/07/16","台灣摩根士丹利",232,671,-439
"341","2390云辰","110/07/16","元大-信義",180,15,165
"342","2390云辰","110/07/16","美林",187,496,-309
"343","2390云辰","110/07/16","瑞士信貸",155,0,155
"344","2390云辰","110/07/16","港商野村",680,950,-270
"345","2390云辰","110/07/16","台新證券",461,317,144
"346","2390云辰","110/07/16","永豐金-中正",18,170,-152
"347","2390云辰","110/07/16","兆豐-公益",148,11,137
"348","2390云辰","110/07/16","元富-板橋",30,169,-139
"349","2390云辰","110/07/16","元大-土城學府",197,61,136
"350","2390云辰","110/07/16","新加坡商瑞銀",61,175,-114
"351","2390云辰","110/07/16","元大-天母",232,122,110
"352","2390云辰","110/07/16","聯邦商銀",54,167,-113
"353","2390云辰","110/07/16","凱基-基隆",109,2,107
"354","2390云辰","110/07/16","群益金鼎-大甲",13,111,-98
"355","2390云辰","110/07/16","元富-成功",110,5,105
"356","2390云辰","110/07/16","統一-屏東",4,92,-88
"357","2390云辰","110/07/16","統一-新營",118,14,104
"358","2390云辰","110/07/16","凱基-大直",3,80,-77
"359","2390云辰","110/07/16","國泰-板橋",268,170,98
"360","2390云辰","110/07/16","元大-桃興",46,117,-71
"361","2363矽統","110/07/15","康和-台中",626,61,565
"362","2363矽統","110/07/15","新加坡商瑞銀",202,838,-636
"363","2363矽統","110/07/15","摩根大通",1271,932,339
"364","2363矽統","110/07/15","美林",185,720,-535
"365","2363矽統","110/07/15","瑞士信貸",530,230,300
"366","2363矽統","110/07/15","富邦-仁愛",60,583,-523
"367","2363矽統","110/07/15","宏遠-桃園",281,0,281
"368","2363矽統","110/07/15","元大-板橋",35,368,-333
"369","2363矽統","110/07/15","大展",252,19,233
"370","2363矽統","110/07/15","花旗環球",0,308,-308
"371","2363矽統","110/07/15","凱基-台北",683,498,185
"372","2363矽統","110/07/15","元富-成功",2,113,-111
"373","2363矽統","110/07/15","永豐金證券",166,11,155
"374","2363矽統","110/07/15","富邦-新營",23,132,-109
"375","2363矽統","110/07/15","群益金鼎",157,5,152
"376","2363矽統","110/07/15","臺銀-金山",197,304,-107
"377","2363矽統","110/07/15","新光",333,229,104
"378","2363矽統","110/07/15","日盛-二林",13,116,-103
"379","2363矽統","110/07/15","永豐金-台南",130,26,104
"380","2363矽統","110/07/15","台新-左楠",40,126,-86
"381","2363矽統","110/07/15","國票-南京",100,0,100
"382","2363矽統","110/07/15","康和-南崁",15,100,-85
"383","2363矽統","110/07/15","群益金鼎-松山",150,50,100
"384","2363矽統","110/07/15","永豐金-員林",9,91,-82
"385","2363矽統","110/07/15","中國信託-松江",103,5,98
"386","2363矽統","110/07/15","光和-嘉義",5,78,-73
"387","2363矽統","110/07/15","國票-新莊",187,92,95
"388","2363矽統","110/07/15","日盛-板橋中山",3,73,-70
"389","2363矽統","110/07/15","北城證券",216,126,90
"390","2363矽統","110/07/15","元大證券",10,75,-65
"391","8112至上","110/07/15","凱基-台北",535,32,503
"392","8112至上","110/07/15","群益金鼎-台南",0,116,-116
"393","8112至上","110/07/15","摩根大通",362,16,346
"394","8112至上","110/07/15","華南永昌-高雄",2,112,-110
"395","8112至上","110/07/15","台灣摩根士丹利",254,0,254
"396","8112至上","110/07/15","永豐金-台南",27,128,-101
"397","8112至上","110/07/15","花旗環球",159,0,159
"398","8112至上","110/07/15","元大-東蘆",2,73,-71
"399","8112至上","110/07/15","新加坡商瑞銀",95,2,93
"400","8112至上","110/07/15","美林",3,66,-63
"401","8112至上","110/07/15","玉山-嘉義",84,0,84
"402","8112至上","110/07/15","元大-館前",0,62,-62
"403","8112至上","110/07/15","新光",82,6,76
"404","8112至上","110/07/15","元富-信義",0,50,-50
"405","8112至上","110/07/15","瑞士信貸",80,7,73
"406","8112至上","110/07/15","台新證券",35,82,-47
"407","8112至上","110/07/15","美商高盛",64,0,64
"408","8112至上","110/07/15","大慶-蘆洲",7,53,-46
"409","8112至上","110/07/15","兆豐-小港",56,0,56
"410","8112至上","110/07/15","國票-天祥",0,45,-45
"411","8112至上","110/07/15","永豐金-內湖",60,11,49
"412","8112至上","110/07/15","凱基-中山",1,45,-44
"413","8112至上","110/07/15","永豐金-南投",46,1,45
"414","8112至上","110/07/15","元大-士林",0,43,-43
"415","8112至上","110/07/15","凱基-三重",40,0,40
"416","8112至上","110/07/15","玉山-城中",4,44,-40
"417","8112至上","110/07/15","台灣企銀",29,0,29
"418","8112至上","110/07/15","凱基-彰化",0,39,-39
"419","8112至上","110/07/15","元大-府城",42,14,28
"420","8112至上","110/07/15","元富-花蓮",2,40,-38
"421","1570力肯","110/07/15","群益金鼎-高雄",40,0,40
"422","1570力肯","110/07/15","元大-高雄",0,12,-12
"423","1570力肯","110/07/15","新光",40,8,32
"424","1570力肯","110/07/15","永豐金-中正",0,10,-10
"425","1570力肯","110/07/15","凱基-台北",20,2,18
"426","1570力肯","110/07/15","國泰-松江",0,9,-9
"427","1570力肯","110/07/15","凱基-天母",6,0,6
"428","1570力肯","110/07/15","台新證券",0,8,-8
"429","1570力肯","110/07/15","元富-新店",5,0,5
"430","1570力肯","110/07/15","玉山證券",0,7,-7
"431","1570力肯","110/07/15","凱基-中港",5,0,5
"432","1570力肯","110/07/15","元大-府城",0,7,-7
"433","1570力肯","110/07/15","富邦-園區",5,0,5
"434","1570力肯","110/07/15","元大-板橋",0,6,-6
"435","1570力肯","110/07/15","瑞士信貸",4,0,4
"436","1570力肯","110/07/15","日盛-信義",0,5,-5
"437","1570力肯","110/07/15","第一金-路竹",3,0,3
"438","1570力肯","110/07/15","國票-和平",0,5,-5
"439","1570力肯","110/07/15","摩根大通",3,0,3
"440","1570力肯","110/07/15","元大-民雄",0,5,-5
"441","1570力肯","110/07/15","凱基-桃園",3,0,3
"442","1570力肯","110/07/15","統一-台中",0,4,-4
"443","1570力肯","110/07/15","永豐金-苓雅",3,0,3
"444","1570力肯","110/07/15","玉山-雙和",0,4,-4
"445","1570力肯","110/07/15","統一-員林",2,0,2
"446","1570力肯","110/07/15","凱基-敦北",0,4,-4
"447","1570力肯","110/07/15","元大-永春",2,0,2
"448","1570力肯","110/07/15","富邦-新店",0,4,-4
"449","1570力肯","110/07/15","元大-土城永寧",2,0,2
"450","1570力肯","110/07/15","日盛-板橋",0,3,-3
"451","2929淘帝","110/07/15","港商野村",58,4,54
"452","2929淘帝","110/07/15","日盛-園區",0,25,-25
"453","2929淘帝","110/07/15","元大-民生",29,0,29
"454","2929淘帝","110/07/15","兆豐-南京",0,20,-20
"455","2929淘帝","110/07/15","新加坡商瑞銀",22,1,21
"456","2929淘帝","110/07/15","玉山-高雄",0,18,-18
"457","2929淘帝","110/07/15","凱基-台北",20,2,18
"458","2929淘帝","110/07/15","富邦-南屯",1,15,-14
"459","2929淘帝","110/07/15","大慶-中壢",15,1,14
"460","2929淘帝","110/07/15","富邦-員林",0,13,-13
"461","2929淘帝","110/07/15","日盛-和美",10,0,10
"462","2929淘帝","110/07/15","凱基-站前",0,10,-10
"463","2929淘帝","110/07/15","元大-員林",10,0,10
"464","2929淘帝","110/07/15","元大-台中",0,10,-10
"465","2929淘帝","110/07/15","凱基-基隆",6,0,6
"466","2929淘帝","110/07/15","美林",10,19,-9
"467","2929淘帝","110/07/15","臺銀-鳳山",5,0,5
"468","2929淘帝","110/07/15","元大-新盛",0,8,-8
"469","2929淘帝","110/07/15","第一金-路竹",5,0,5
"470","2929淘帝","110/07/15","台新-台南",0,7,-7
"471","2929淘帝","110/07/15","元富-大裕",5,0,5
"472","2929淘帝","110/07/15","元大-大天母",0,7,-7
"473","2929淘帝","110/07/15","玉山-大里",5,0,5
"474","2929淘帝","110/07/15","華南永昌-虎尾",0,6,-6
"475","2929淘帝","110/07/15","元大-博愛",5,0,5
"476","2929淘帝","110/07/15","永豐金證券",0,6,-6
"477","2929淘帝","110/07/15","永豐金-新莊",5,0,5
"478","2929淘帝","110/07/15","兆豐-竹北",0,5,-5
"479","2929淘帝","110/07/15","元大-南崁",4,0,4
"480","2929淘帝","110/07/15","元大-文心興安",0,5,-5
"481","5410國眾","110/07/15","香港上海匯豐",18,0,18
"482","5410國眾","110/07/15","元大-南屯",0,18,-18
"483","5410國眾","110/07/15","摩根大通",15,0,15
"484","5410國眾","110/07/15","亞東-新竹",0,15,-15
"485","5410國眾","110/07/15","日盛-士林",10,0,10
"486","5410國眾","110/07/15","兆豐-台中港",0,15,-15
"487","5410國眾","110/07/15","群益金鼎-嘉義",10,0,10
"488","5410國眾","110/07/15","日盛-板橋",0,12,-12
"489","5410國眾","110/07/15","元大-高雄",10,0,10
"490","5410國眾","110/07/15","台中銀-豐原",0,9,-9
"491","5410國眾","110/07/15","元大-東港",10,0,10
"492","5410國眾","110/07/15","臺銀-臺南",3,10,-7
"493","5410國眾","110/07/15","臺銀",10,5,5
"494","5410國眾","110/07/15","瑞士信貸",0,5,-5
"495","5410國眾","110/07/15","台新-新營",5,0,5
"496","5410國眾","110/07/15","統一-員林",0,5,-5
"497","5410國眾","110/07/15","富邦-台北",5,0,5
"498","5410國眾","110/07/15","大昌-樹林",0,5,-5
"499","5410國眾","110/07/15","日盛-屏東",4,0,4
"500","5410國眾","110/07/15","兆豐-來福",0,5,-5
"501","5410國眾","110/07/15","高橋",5,1,4
"502","5410國眾","110/07/15","豐農",0,5,-5
"503","5410國眾","110/07/15","中國信託-新竹",4,1,3
"504","5410國眾","110/07/15","元大-大里",0,5,-5
"505","5410國眾","110/07/15","富邦-建國",3,0,3
"506","5410國眾","110/07/15","港商野村",0,3,-3
"507","5410國眾","110/07/15","永豐金-桃園",3,0,3
"508","5410國眾","110/07/15","中農",0,3,-3
"509","5410國眾","110/07/15","大展",2,0,2
"510","5410國眾","110/07/15","國泰-忠孝",0,3,-3
"511","2841台開","110/07/15","日盛證券",310,0,310
"512","2841台開","110/07/15","港商野村",0,97,-97
"513","2841台開","110/07/15","元富-城東",100,0,100
"514","2841台開","110/07/15","元大-員林",0,77,-77
"515","2841台開","110/07/15","凱基-文心",30,0,30
"516","2841台開","110/07/15","新光",3,73,-70
"517","2841台開","110/07/15","日盛-雙和",24,0,24
"518","2841台開","110/07/15","永豐金-北高雄",0,30,-30
"519","2841台開","110/07/15","第一金-台中",20,0,20
"520","2841台開","110/07/15","華南永昌",0,25,-25
"521","2841台開","110/07/15","豐農",20,0,20
"522","2841台開","110/07/15","日盛-台南",0,20,-20
"523","2841台開","110/07/15","華南永昌-新莊",19,0,19
"524","2841台開","110/07/15","致和-佳里",0,20,-20
"525","2841台開","110/07/15","玉山-大里",12,0,12
"526","2841台開","110/07/15","國票-中港",0,20,-20
"527","2841台開","110/07/15","元富-安南",10,0,10
"528","2841台開","110/07/15","元大-歸仁",0,20,-20
"529","2841台開","110/07/15","凱基-市政",10,0,10
"530","2841台開","110/07/15","統一-三多",0,19,-19
"531","2841台開","110/07/15","凱基-竹科",10,0,10
"532","2841台開","110/07/15","凱基-城中",0,18,-18
"533","2841台開","110/07/15","國泰-板橋",10,1,9
"534","2841台開","110/07/15","國票-中和",0,15,-15
"535","2841台開","110/07/15","凱基-台北",9,0,9
"536","2841台開","110/07/15","元大-彰化",0,15,-15
"537","2841台開","110/07/15","合庫證券",6,0,6
"538","2841台開","110/07/15","元大-復北",0,15,-15
"539","2841台開","110/07/15","台中銀",6,0,6
"540","2841台開","110/07/15","土銀-花蓮",0,14,-14
"541","6207雷科","110/07/15","凱基-板橋",210,45,165
"542","6207雷科","110/07/15","群益金鼎-台北",20,80,-60
"543","6207雷科","110/07/15","富邦證券",150,0,150
"544","6207雷科","110/07/15","元大-大天母",1,56,-55
"545","6207雷科","110/07/15","凱基-復興",140,0,140
"546","6207雷科","110/07/15","大慶-中壢",2,50,-48
"547","6207雷科","110/07/15","華南永昌-中正",140,0,140
"548","6207雷科","110/07/15","元富-林園",0,47,-47
"549","6207雷科","110/07/15","永豐金-內湖",92,10,82
"550","6207雷科","110/07/15","元大-東門",0,40,-40
"551","6207雷科","110/07/15","富邦-彰化",81,11,70
"552","6207雷科","110/07/15","第一金-安和",0,37,-37
"553","6207雷科","110/07/15","(牛牛牛)亞-網路",67,0,67
"554","6207雷科","110/07/15","凱基-台北",61,97,-36
"555","6207雷科","110/07/15","台新證券",60,8,52
"556","6207雷科","110/07/15","國票-南科",0,32,-32
"557","6207雷科","110/07/15","華南永昌",50,3,47
"558","6207雷科","110/07/15","元大-四維",0,32,-32
"559","6207雷科","110/07/15","新加坡商瑞銀",68,26,42
"560","6207雷科","110/07/15","元大-板橋",0,30,-30
"561","6207雷科","110/07/15","日盛-景美",40,0,40
"562","6207雷科","110/07/15","元大-南崁",1,30,-29
"563","6207雷科","110/07/15","元富-大昌",40,0,40
"564","6207雷科","110/07/15","凱基-岡山",0,27,-27
"565","6207雷科","110/07/15","統一-高雄",38,5,33
"566","6207雷科","110/07/15","統一-新竹",0,26,-26
"567","6207雷科","110/07/15","日盛證券",32,0,32
"568","6207雷科","110/07/15","群益金鼎-三民",1,27,-26
"569","6207雷科","110/07/15","華南永昌-頭份",31,0,31
"570","6207雷科","110/07/15","國票-台中",0,25,-25
"571","3679新至陞","110/07/15","群益金鼎-大安",25,0,25
"572","3679新至陞","110/07/15","元大-成功",0,10,-10
"573","3679新至陞","110/07/15","元大-彰化",13,0,13
"574","3679新至陞","110/07/15","群益金鼎-東大",0,8,-8
"575","3679新至陞","110/07/15","國票-桃園",10,0,10
"576","3679新至陞","110/07/15","凱基-台北",4,12,-8
"577","3679新至陞","110/07/15","群益金鼎-台南",10,0,10
"578","3679新至陞","110/07/15","第一金-華江",0,5,-5
"579","3679新至陞","110/07/15","華南永昌-台中",10,0,10
"580","3679新至陞","110/07/15","兆豐-來福",0,5,-5
"581","3679新至陞","110/07/15","港商野村",9,0,9
"582","3679新至陞","110/07/15","元大-北三重",0,5,-5
"583","3679新至陞","110/07/15","元大-永春",6,0,6
"584","3679新至陞","110/07/15","瑞士信貸",0,4,-4
"585","3679新至陞","110/07/15","(牛牛牛)亞-網路",5,0,5
"586","3679新至陞","110/07/15","新加坡商瑞銀",0,4,-4
"587","3679新至陞","110/07/15","凱基-高雄",5,0,5
"588","3679新至陞","110/07/15","元大-汐止",0,4,-4
"589","3679新至陞","110/07/15","美商高盛",6,2,4
"590","3679新至陞","110/07/15","台中銀-員林",0,3,-3
"591","3679新至陞","110/07/15","台新證券",3,1,2
"592","3679新至陞","110/07/15","兆豐-忠孝",0,3,-3
"593","3679新至陞","110/07/15","群益金鼎-大興",2,0,2
"594","3679新至陞","110/07/15","玉山-新莊",0,3,-3
"595","3679新至陞","110/07/15","元大-六合",2,0,2
"596","3679新至陞","110/07/15","永豐金-屏東",0,3,-3
"597","3679新至陞","110/07/15","彰銀",1,0,1
"598","3679新至陞","110/07/15","永豐金-敦南",0,3,-3
"599","3679新至陞","110/07/15","美林",2,1,1
"600","3679新至陞","110/07/15","永豐金-萬盛",0,3,-3
"601","2727王品","110/07/15","兆豐-南京",101,0,101
"602","2727王品","110/07/15","富邦-左營",0,102,-102
"603","2727王品","110/07/15","港商野村",166,73,93
"604","2727王品","110/07/15","日盛-忠孝",2,32,-30
"605","2727王品","110/07/15","瑞士信貸",97,8,89
"606","2727王品","110/07/15","群益金鼎-古亭",2,24,-22
"607","2727王品","110/07/15","玉山證券",56,12,44
"608","2727王品","110/07/15","日盛-八德",0,21,-21
"609","2727王品","110/07/15","第一金-高雄",43,1,42
"610","2727王品","110/07/15","元大-新盛",2,23,-21
"611","2727王品","110/07/15","台新證券",74,45,29
"612","2727王品","110/07/15","摩根大通",53,72,-19
"613","2727王品","110/07/15","康和-澎湖",27,0,27
"614","2727王品","110/07/15","富邦-彰化",8,26,-18
"615","2727王品","110/07/15","富邦-陽明",31,4,27
"616","2727王品","110/07/15","富邦-台中",7,24,-17
"617","2727王品","110/07/15","國票-北高雄",27,1,26
"618","2727王品","110/07/15","新加坡商瑞銀",13,29,-16
"619","2727王品","110/07/15","國泰-板橋",38,12,26
"620","2727王品","110/07/15","國泰-敦南",35,50,-15
"621","2727王品","110/07/15","凱基-興隆",23,0,23
"622","2727王品","110/07/15","元大-龍潭",0,14,-14
"623","2727王品","110/07/15","凱基-板橋",29,7,22
"624","2727王品","110/07/15","中國信託-文心",8,21,-13
"625","2727王品","110/07/15","合庫-彰化",21,0,21
"626","2727王品","110/07/15","永豐金-竹科",2,15,-13
"627","2727王品","110/07/15","土銀-南港",20,0,20
"628","2727王品","110/07/15","臺銀-臺南",2,14,-12
"629","2727王品","110/07/15","美林",37,18,19
"630","2727王品","110/07/15","凱基-台北",56,68,-12
"631","1570力肯","110/07/15","群益金鼎-高雄",40,0,40
"632","1570力肯","110/07/15","元大-高雄",0,12,-12
"633","1570力肯","110/07/15","新光",40,8,32
"634","1570力肯","110/07/15","永豐金-中正",0,10,-10
"635","1570力肯","110/07/15","凱基-台北",20,2,18
"636","1570力肯","110/07/15","國泰-松江",0,9,-9
"637","1570力肯","110/07/15","凱基-天母",6,0,6
"638","1570力肯","110/07/15","台新證券",0,8,-8
"639","1570力肯","110/07/15","元富-新店",5,0,5
"640","1570力肯","110/07/15","玉山證券",0,7,-7
"641","1570力肯","110/07/15","凱基-中港",5,0,5
"642","1570力肯","110/07/15","元大-府城",0,7,-7
"643","1570力肯","110/07/15","富邦-園區",5,0,5
"644","1570力肯","110/07/15","元大-板橋",0,6,-6
"645","1570力肯","110/07/15","瑞士信貸",4,0,4
"646","1570力肯","110/07/15","日盛-信義",0,5,-5
"647","1570力肯","110/07/15","第一金-路竹",3,0,3
"648","1570力肯","110/07/15","國票-和平",0,5,-5
"649","1570力肯","110/07/15","摩根大通",3,0,3
"650","1570力肯","110/07/15","元大-民雄",0,5,-5
"651","1570力肯","110/07/15","凱基-桃園",3,0,3
"652","1570力肯","110/07/15","統一-台中",0,4,-4
"653","1570力肯","110/07/15","永豐金-苓雅",3,0,3
"654","1570力肯","110/07/15","玉山-雙和",0,4,-4
"655","1570力肯","110/07/15","統一-員林",2,0,2
"656","1570力肯","110/07/15","凱基-敦北",0,4,-4
"657","1570力肯","110/07/15","元大-永春",2,0,2
"658","1570力肯","110/07/15","富邦-新店",0,4,-4
"659","1570力肯","110/07/15","元大-土城永寧",2,0,2
"660","1570力肯","110/07/15","日盛-板橋",0,3,-3
"661","6180橘子","110/07/15","兆豐證券",130,0,130
"662","6180橘子","110/07/15","港商野村",21,137,-116
"663","6180橘子","110/07/15","摩根大通",111,0,111
"664","6180橘子","110/07/15","高橋",0,40,-40
"665","6180橘子","110/07/15","石橋證券",80,0,80
"666","6180橘子","110/07/15","臺銀",1,40,-39
"667","6180橘子","110/07/15","凱基-台北",78,26,52
"668","6180橘子","110/07/15","玉山-桃園",0,35,-35
"669","6180橘子","110/07/15","新加坡商瑞銀",38,1,37
"670","6180橘子","110/07/15","玉山-台南",2,33,-31
"671","6180橘子","110/07/15","富邦-員林",32,0,32
"672","6180橘子","110/07/15","統一-南京",0,30,-30
"673","6180橘子","110/07/15","日盛-文化",23,0,23
"674","6180橘子","110/07/15","康和-台南",0,25,-25
"675","6180橘子","110/07/15","元富-新店",20,0,20
"676","6180橘子","110/07/15","大昌-樹林",0,22,-22
"677","6180橘子","110/07/15","美林",15,0,15
"678","6180橘子","110/07/15","康和-新竹",0,20,-20
"679","6180橘子","110/07/15","新光-新竹",17,2,15
"680","6180橘子","110/07/15","群益金鼎-台中",0,20,-20
"681","6180橘子","110/07/15","富邦-嘉義",12,0,12
"682","6180橘子","110/07/15","元大-彰化民生",0,18,-18
"683","6180橘子","110/07/15","花旗環球",11,0,11
"684","6180橘子","110/07/15","元大-草屯",0,16,-16
"685","6180橘子","110/07/15","第一金-新興",11,0,11
"686","6180橘子","110/07/15","元富-潮州",0,13,-13
"687","6180橘子","110/07/15","第一金-桃園",10,0,10
"688","6180橘子","110/07/15","宏遠-台南",0,11,-11
"689","6180橘子","110/07/15","永興",10,0,10
"690","6180橘子","110/07/15","大慶-泰山",0,10,-10
"691","2390云辰","110/07/15","凱基",5007,0,5007
"692","2390云辰","110/07/15","凱基-台北",382,616,-234
"693","2390云辰","110/07/15","元大證券",1006,25,981
"694","2390云辰","110/07/15","富邦-陽明",69,265,-196
"695","2390云辰","110/07/15","元大-天母",456,20,436
"696","2390云辰","110/07/15","永豐金-桃園",63,255,-192
"697","2390云辰","110/07/15","港商野村",975,675,300
"698","2390云辰","110/07/15","富邦-仁愛",17,187,-170
"699","2390云辰","110/07/15","摩根大通",1318,1040,278
"700","2390云辰","110/07/15","日盛-和美",2,165,-163
"701","2390云辰","110/07/15","國票-博愛",184,7,177
"702","2390云辰","110/07/15","國泰-敦南",142,290,-148
"703","2390云辰","110/07/15","群益金鼎-大甲",113,13,100
"704","2390云辰","110/07/15","台灣摩根士丹利",51,197,-146
"705","2390云辰","110/07/15","凱基-大直",89,2,87
"706","2390云辰","110/07/15","國票-嘉義",4,148,-144
"707","2390云辰","110/07/15","玉山-台中",77,8,69
"708","2390云辰","110/07/15","台中銀",8,139,-131
"709","2390云辰","110/07/15","聯邦商銀",70,4,66
"710","2390云辰","110/07/15","元大-彰化民生",7,138,-131
"711","2390云辰","110/07/15","元大-大里",88,25,63
"712","2390云辰","110/07/15","元富-成功",2,111,-109
"713","2390云辰","110/07/15","富邦-嘉義",542,480,62
"714","2390云辰","110/07/15","元大-東泰",3,106,-103
"715","2390云辰","110/07/15","新加坡商瑞銀",158,97,61
"716","2390云辰","110/07/15","合庫-三重",1,102,-101
"717","2390云辰","110/07/15","華南永昌-台中",86,35,51
"718","2390云辰","110/07/15","元富-大裕",4,87,-83
"719","2390云辰","110/07/15","群益金鼎",51,6,45
"720","2390云辰","110/07/15","凱基-和平",17,96,-79
"721","2363矽統","110/07/14","台灣摩根士丹利",463,0,463
"722","2363矽統","110/07/14","新加坡商瑞銀",568,1321,-753
"723","2363矽統","110/07/14","台新證券",750,342,408
"724","2363矽統","110/07/14","瑞士信貸",149,864,-715
"725","2363矽統","110/07/14","玉山-台中",363,51,312
"726","2363矽統","110/07/14","台新-屏東",115,380,-265
"727","2363矽統","110/07/14","元大-斗六",223,25,198
"728","2363矽統","110/07/14","永豐金證券",16,265,-249
"729","2363矽統","110/07/14","華南永昌-朴子",208,38,170
"730","2363矽統","110/07/14","美林",462,701,-239
"731","2363矽統","110/07/14","元富-西松",169,12,157
"732","2363矽統","110/07/14","宏遠-桃園",269,500,-231
"733","2363矽統","110/07/14","永豐金-大園",146,6,140
"734","2363矽統","110/07/14","凱基-竹北",36,254,-218
"735","2363矽統","110/07/14","土銀-和平",134,0,134
"736","2363矽統","110/07/14","港商法國興業",0,214,-214
"737","2363矽統","110/07/14","富邦-新營",130,13,117
"738","2363矽統","110/07/14","港商野村",835,1044,-209
"739","2363矽統","110/07/14","元富-成功",118,11,107
"740","2363矽統","110/07/14","北城證券",212,411,-199
"741","2363矽統","110/07/14","元富-烏日",121,18,103
"742","2363矽統","110/07/14","(牛牛牛)亞-鑫豐",51,241,-190
"743","2363矽統","110/07/14","日盛-二林",120,18,102
"744","2363矽統","110/07/14","國票-博愛",24,213,-189
"745","2363矽統","110/07/14","兆豐-忠孝",98,2,96
"746","2363矽統","110/07/14","大慶-蘆洲",134,316,-182
"747","2363矽統","110/07/14","大慶-楊梅",92,3,89
"748","2363矽統","110/07/14","彰銀-台中",15,193,-178
"749","2363矽統","110/07/14","元富-三重",120,33,87
"750","2363矽統","110/07/14","日盛-和美",18,185,-167
"751","8112至上","110/07/14","新加坡商瑞銀",223,17,206
"752","8112至上","110/07/14","瑞士信貸",8,170,-162
"753","8112至上","110/07/14","摩根大通",285,129,156
"754","8112至上","110/07/14","美林",55,202,-147
"755","8112至上","110/07/14","花旗環球",124,0,124
"756","8112至上","110/07/14","凱基-台北",325,436,-111
"757","8112至上","110/07/14","兆豐-公益",117,4,113
"758","8112至上","110/07/14","台中銀-台北",0,98,-98
"759","8112至上","110/07/14","香港上海匯豐",111,0,111
"760","8112至上","110/07/14","玉山-台大",17,107,-90
"761","8112至上","110/07/14","永豐金-內湖",117,21,96
"762","8112至上","110/07/14","康和-內湖",1,90,-89
"763","8112至上","110/07/14","台灣摩根士丹利",108,16,92
"764","8112至上","110/07/14","港商野村",21,84,-63
"765","8112至上","110/07/14","元大-東蘆",77,0,77
"766","8112至上","110/07/14","兆豐-北高雄",1,60,-59
"767","8112至上","110/07/14","新光",108,48,60
"768","8112至上","110/07/14","群益金鼎-海山",1,52,-51
"769","8112至上","110/07/14","大慶-蘆洲",59,0,59
"770","8112至上","110/07/14","群益金鼎-大安",0,50,-50
"771","8112至上","110/07/14","華南永昌-台中",56,3,53
"772","8112至上","110/07/14","富邦-仁愛",2,49,-47
"773","8112至上","110/07/14","土銀-嘉義",52,2,50
"774","8112至上","110/07/14","元大-金華",0,42,-42
"775","8112至上","110/07/14","美商高盛",40,0,40
"776","8112至上","110/07/14","元大-內湖",4,43,-39
"777","8112至上","110/07/14","臺銀",63,29,34
"778","8112至上","110/07/14","第一金-華江",2,37,-35
"779","8112至上","110/07/14","元富-嘉義",31,0,31
"780","8112至上","110/07/14","永豐金-苓雅",2,34,-32
"781","1570力肯","110/07/14","國票-北高雄",68,0,68
"782","1570力肯","110/07/14","摩根大通",0,21,-21
"783","1570力肯","110/07/14","日盛-八德",30,1,29
"784","1570力肯","110/07/14","新光",1,19,-18
"785","1570力肯","110/07/14","玉山-高雄",7,0,7
"786","1570力肯","110/07/14","(牛牛牛)亞-鑫豐",0,17,-17
"787","1570力肯","110/07/14","臺銀-臺南",5,0,5
"788","1570力肯","110/07/14","日盛-士林",0,10,-10
"789","1570力肯","110/07/14","凱基-三峽",5,0,5
"790","1570力肯","110/07/14","統一-員林",0,10,-10
"791","1570力肯","110/07/14","元大-和平",5,0,5
"792","1570力肯","110/07/14","國票-新莊",0,10,-10
"793","1570力肯","110/07/14","合庫-三重",4,0,4
"794","1570力肯","110/07/14","凱基-高美館",0,10,-10
"795","1570力肯","110/07/14","瑞士信貸",4,0,4
"796","1570力肯","110/07/14","元大-屏東民生",0,5,-5
"797","1570力肯","110/07/14","統一-三多",4,0,4
"798","1570力肯","110/07/14","元大-古亭",0,5,-5
"799","1570力肯","110/07/14","華南永昌-古亭",4,0,4
"800","1570力肯","110/07/14","日盛-木柵",0,4,-4
"801","1570力肯","110/07/14","元大-高雄",3,0,3
"802","1570力肯","110/07/14","大昌",0,4,-4
"803","1570力肯","110/07/14","兆豐-忠孝",2,0,2
"804","1570力肯","110/07/14","群益金鼎-東大",0,4,-4
"805","1570力肯","110/07/14","富邦-陽明",2,0,2
"806","1570力肯","110/07/14","凱基-台北",0,4,-4
"807","1570力肯","110/07/14","元大-松山",2,0,2
"808","1570力肯","110/07/14","元大-板橋",0,4,-4
"809","1570力肯","110/07/14","元大-忠孝",2,0,2
"810","1570力肯","110/07/14","第一金-中山",0,3,-3
"811","2929淘帝","110/07/14","華南永昌-林口",60,0,60
"812","2929淘帝","110/07/14","群益金鼎",25,540,-515
"813","2929淘帝","110/07/14","美林",87,31,56
"814","2929淘帝","110/07/14","國泰-台南",1,30,-29
"815","2929淘帝","110/07/14","元富-台南",40,0,40
"816","2929淘帝","110/07/14","宏遠-桃園",0,20,-20
"817","2929淘帝","110/07/14","元大-民生",39,0,39
"818","2929淘帝","110/07/14","摩根大通",11,31,-20
"819","2929淘帝","110/07/14","臺銀-鳳山",34,0,34
"820","2929淘帝","110/07/14","台新-建北",5,20,-15
"821","2929淘帝","110/07/14","合庫-高雄",34,1,33
"822","2929淘帝","110/07/14","新光",1,16,-15
"823","2929淘帝","110/07/14","華南永昌-鶯歌",28,0,28
"824","2929淘帝","110/07/14","玉山-板橋",0,15,-15
"825","2929淘帝","110/07/14","永興",25,0,25
"826","2929淘帝","110/07/14","凱基-羅東",0,15,-15
"827","2929淘帝","110/07/14","元大-新盛",25,1,24
"828","2929淘帝","110/07/14","元大-頭份",0,15,-15
"829","2929淘帝","110/07/14","日盛-南京",23,0,23
"830","2929淘帝","110/07/14","第一金-台南",0,13,-13
"831","2929淘帝","110/07/14","日茂",20,0,20
"832","2929淘帝","110/07/14","富邦-基隆",0,12,-12
"833","2929淘帝","110/07/14","台新-台中",20,0,20
"834","2929淘帝","110/07/14","日茂-南投",1,12,-11
"835","2929淘帝","110/07/14","華南永昌",20,0,20
"836","2929淘帝","110/07/14","元大-豐原站前",0,11,-11
"837","2929淘帝","110/07/14","福勝",15,0,15
"838","2929淘帝","110/07/14","玉山-士林",0,10,-10
"839","2929淘帝","110/07/14","富邦-南屯",15,0,15
"840","2929淘帝","110/07/14","富邦-台北",0,10,-10
"841","5410國眾","110/07/14","兆豐-城中",35,0,35
"842","5410國眾","110/07/14","瑞士信貸",0,29,-29
"843","5410國眾","110/07/14","新光",21,1,20
"844","5410國眾","110/07/14","國泰-板橋",1,30,-29
"845","5410國眾","110/07/14","國泰-敦南",21,1,20
"846","5410國眾","110/07/14","日盛-高雄",0,20,-20
"847","5410國眾","110/07/14","國泰-台中",20,1,19
"848","5410國眾","110/07/14","台新-左楠",1,20,-19
"849","5410國眾","110/07/14","元大-崇德",19,0,19
"850","5410國眾","110/07/14","元富-大昌",1,18,-17
"851","5410國眾","110/07/14","土銀-士林",18,0,18
"852","5410國眾","110/07/14","富邦-建國",0,15,-15
"853","5410國眾","110/07/14","元大-新盛",20,2,18
"854","5410國眾","110/07/14","元富-嘉義",0,12,-12
"855","5410國眾","110/07/14","兆豐-高雄",15,0,15
"856","5410國眾","110/07/14","永全-南崁",0,12,-12
"857","5410國眾","110/07/14","宏遠-中和",10,0,10
"858","5410國眾","110/07/14","元大-員林",0,11,-11
"859","5410國眾","110/07/14","新光-桃園",10,0,10
"860","5410國眾","110/07/14","高橋",0,10,-10
"861","5410國眾","110/07/14","國泰-台南",10,0,10
"862","5410國眾","110/07/14","永興",0,10,-10
"863","5410國眾","110/07/14","元大-復北",10,0,10
"864","5410國眾","110/07/14","華南永昌-三重",0,10,-10
"865","5410國眾","110/07/14","元大-竹科",8,0,8
"866","5410國眾","110/07/14","元大-苑裡",0,7,-7
"867","5410國眾","110/07/14","台新-新營",6,0,6
"868","5410國眾","110/07/14","港商野村",0,6,-6
"869","5410國眾","110/07/14","日盛-士林",5,0,5
"870","5410國眾","110/07/14","摩根大通",5,11,-6
"871","2841台開","110/07/14","凱基-文心",73,0,73
"872","2841台開","110/07/14","國泰-敦南",0,50,-50
"873","2841台開","110/07/14","元富-潮州",30,0,30
"874","2841台開","110/07/14","凱基-中壢",0,40,-40
"875","2841台開","110/07/14","第一金-台中",20,0,20
"876","2841台開","110/07/14","統一-新竹",0,24,-24
"877","2841台開","110/07/14","華南永昌-新莊",20,0,20
"878","2841台開","110/07/14","元富-草屯",0,20,-20
"879","2841台開","110/07/14","永豐金-豐原",20,0,20
"880","2841台開","110/07/14","台新-台南",0,20,-20
"881","2841台開","110/07/14","國泰-館前",15,0,15
"882","2841台開","110/07/14","永豐金-敦南",45,63,-18
"883","2841台開","110/07/14","群益金鼎-基隆",12,0,12
"884","2841台開","110/07/14","國票-北高雄",0,13,-13
"885","2841台開","110/07/14","日盛-信義",10,0,10
"886","2841台開","110/07/14","凱基-松山",0,10,-10
"887","2841台開","110/07/14","台新-台中",10,0,10
"888","2841台開","110/07/14","元大證券",0,10,-10
"889","2841台開","110/07/14","新光",10,1,9
"890","2841台開","110/07/14","元大-中壢",0,10,-10
"891","2841台開","110/07/14","凱基-新店",8,0,8
"892","2841台開","110/07/14","富邦-陽明",1,10,-9
"893","2841台開","110/07/14","元大-斗信",7,0,7
"894","2841台開","110/07/14","富邦-建國",0,9,-9
"895","2841台開","110/07/14","元大-三重",6,0,6
"896","2841台開","110/07/14","富邦-台南",0,8,-8
"897","2841台開","110/07/14","永豐金-中和",6,0,6
"898","2841台開","110/07/14","康和-澎湖",0,7,-7
"899","2841台開","110/07/14","元富-成功",5,0,5
"900","2841台開","110/07/14","日盛-斗六",0,6,-6
"901","6207雷科","110/07/14","群益金鼎-台北",60,0,60
"902","6207雷科","110/07/14","新加坡商瑞銀",10,56,-46
"903","6207雷科","110/07/14","台新-高雄",43,3,40
"904","6207雷科","110/07/14","國票-中和",0,41,-41
"905","6207雷科","110/07/14","元大-高雄",19,0,19
"906","6207雷科","110/07/14","元大-復北",0,33,-33
"907","6207雷科","110/07/14","福勝",15,0,15
"908","6207雷科","110/07/14","光和-和美",0,20,-20
"909","6207雷科","110/07/14","群益金鼎-中山",15,0,15
"910","6207雷科","110/07/14","群益金鼎-丹鳳",0,20,-20
"911","6207雷科","110/07/14","元大-林園",15,0,15
"912","6207雷科","110/07/14","第一金-路竹",0,10,-10
"913","6207雷科","110/07/14","新光",12,0,12
"914","6207雷科","110/07/14","元大-歸仁",0,10,-10
"915","6207雷科","110/07/14","元大-大天母",10,0,10
"916","6207雷科","110/07/14","宏遠-館前",0,9,-9
"917","6207雷科","110/07/14","永豐金-忠孝",9,0,9
"918","6207雷科","110/07/14","凱基-台北",12,20,-8
"919","6207雷科","110/07/14","永豐金-新店",7,0,7
"920","6207雷科","110/07/14","美林",0,7,-7
"921","6207雷科","110/07/14","玉山-嘉義",6,0,6
"922","6207雷科","110/07/14","摩根大通",16,23,-7
"923","6207雷科","110/07/14","元大-屏東",6,0,6
"924","6207雷科","110/07/14","凱基-高雄",1,7,-6
"925","6207雷科","110/07/14","凱基-大安",5,0,5
"926","6207雷科","110/07/14","台中銀-豐原",0,5,-5
"927","6207雷科","110/07/14","富邦-台南",5,0,5
"928","6207雷科","110/07/14","元大-新竹經國",0,5,-5
"929","6207雷科","110/07/14","元大-成功",5,0,5
"930","6207雷科","110/07/14","光和-田中",0,4,-4
"931","3679新至陞","110/07/14","凱基-台北",31,6,25
"932","3679新至陞","110/07/14","群益金鼎-東大",0,15,-15
"933","3679新至陞","110/07/14","華南永昌-新莊",10,0,10
"934","3679新至陞","110/07/14","瑞士信貸",0,12,-12
"935","3679新至陞","110/07/14","新加坡商瑞銀",11,3,8
"936","3679新至陞","110/07/14","群益金鼎-永和",0,10,-10
"937","3679新至陞","110/07/14","美商高盛",6,0,6
"938","3679新至陞","110/07/14","元大-成功",5,15,-10
"939","3679新至陞","110/07/14","第一金-中壢",6,0,6
"940","3679新至陞","110/07/14","統一-板橋",1,10,-9
"941","3679新至陞","110/07/14","(牛牛牛)亞-網路",4,0,4
"942","3679新至陞","110/07/14","玉山-左營",0,5,-5
"943","3679新至陞","110/07/14","元大-六合",3,0,3
"944","3679新至陞","110/07/14","群益金鼎-三民",0,4,-4
"945","3679新至陞","110/07/14","合庫-自強",2,0,2
"946","3679新至陞","110/07/14","富邦-宜蘭",0,4,-4
"947","3679新至陞","110/07/14","高橋-內壢",2,0,2
"948","3679新至陞","110/07/14","永豐金-苓雅",0,3,-3
"949","3679新至陞","110/07/14","台中銀-員林",2,0,2
"950","3679新至陞","110/07/14","摩根大通",5,7,-2
"951","3679新至陞","110/07/14","凱基-高美館",2,0,2
"952","3679新至陞","110/07/14","元大-板橋三民",0,2,-2
"953","3679新至陞","110/07/14","元大-福營",2,0,2
"954","3679新至陞","110/07/14","宏遠-中和",0,1,-1
"955","3679新至陞","110/07/14","永豐金-松山",2,0,2
"956","3679新至陞","110/07/14","元富-佳里",0,1,-1
"957","3679新至陞","110/07/14","永豐金-萬盛",2,0,2
"958","3679新至陞","110/07/14","(牛牛牛)亞-鑫豐",0,1,-1
"959","3679新至陞","110/07/14","元富-松德",1,0,1
"960","3679新至陞","110/07/14","中國信託-中壢",0,1,-1
"961","2727王品","110/07/14","富邦-左營",102,1,101
"962","2727王品","110/07/14","統一-城中",100,234,-134
"963","2727王品","110/07/14","國泰-板橋",105,11,94
"964","2727王品","110/07/14","富邦-台北",1,125,-124
"965","2727王品","110/07/14","港商野村",149,72,77
"966","2727王品","110/07/14","台灣摩根士丹利",1,48,-47
"967","2727王品","110/07/14","合庫-台中",66,2,64
"968","2727王品","110/07/14","國票-新莊",0,40,-40
"969","2727王品","110/07/14","臺銀-金山",63,8,55
"970","2727王品","110/07/14","永豐金-忠孝",2,39,-37
"971","2727王品","110/07/14","摩根大通",83,39,44
"972","2727王品","110/07/14","富邦-彰化",1,34,-33
"973","2727王品","110/07/14","凱基-台北",84,42,42
"974","2727王品","110/07/14","康和-高雄",0,30,-30
"975","2727王品","110/07/14","土銀-台中",35,1,34
"976","2727王品","110/07/14","安泰",0,26,-26
"977","2727王品","110/07/14","華南永昌-麻豆",32,1,31
"978","2727王品","110/07/14","富邦-新竹華信",0,21,-21
"979","2727王品","110/07/14","元大證券",85,55,30
"980","2727王品","110/07/14","元大-南崁",1,22,-21
"981","2727王品","110/07/14","新加坡商瑞銀",40,15,25
"982","2727王品","110/07/14","彰銀-台中",0,18,-18
"983","2727王品","110/07/14","日盛-八德",19,0,19
"984","2727王品","110/07/14","元富-同大",2,20,-18
"985","2727王品","110/07/14","統一",35,17,18
"986","2727王品","110/07/14","玉山-嘉義",1,17,-16
"987","2727王品","110/07/14","元富-大昌",18,1,17
"988","2727王品","110/07/14","國泰-館前",4,20,-16
"989","2727王品","110/07/14","玉山-板橋",15,1,14
"990","2727王品","110/07/14","第一金-嘉義",1,13,-12
"991","1570力肯","110/07/14","國票-北高雄",68,0,68
"992","1570力肯","110/07/14","摩根大通",0,21,-21
"993","1570力肯","110/07/14","日盛-八德",30,1,29
"994","1570力肯","110/07/14","新光",1,19,-18
"995","1570力肯","110/07/14","玉山-高雄",7,0,7
"996","1570力肯","110/07/14","(牛牛牛)亞-鑫豐",0,17,-17
"997","1570力肯","110/07/14","臺銀-臺南",5,0,5
"998","1570力肯","110/07/14","日盛-士林",0,10,-10
"999","1570力肯","110/07/14","凱基-三峽",5,0,5
"1000","1570力肯","110/07/14","統一-員林",0,10,-10
"1001","1570力肯","110/07/14","元大-和平",5,0,5
"1002","1570力肯","110/07/14","國票-新莊",0,10,-10
"1003","1570力肯","110/07/14","合庫-三重",4,0,4
"1004","1570力肯","110/07/14","凱基-高美館",0,10,-10
"1005","1570力肯","110/07/14","瑞士信貸",4,0,4
"1006","1570力肯","110/07/14","元大-屏東民生",0,5,-5
"1007","1570力肯","110/07/14","統一-三多",4,0,4
"1008","1570力肯","110/07/14","元大-古亭",0,5,-5
"1009","1570力肯","110/07/14","華南永昌-古亭",4,0,4
"1010","1570力肯","110/07/14","日盛-木柵",0,4,-4
"1011","1570力肯","110/07/14","元大-高雄",3,0,3
"1012","1570力肯","110/07/14","大昌",0,4,-4
"1013","1570力肯","110/07/14","兆豐-忠孝",2,0,2
"1014","1570力肯","110/07/14","群益金鼎-東大",0,4,-4
"1015","1570力肯","110/07/14","富邦-陽明",2,0,2
"1016","1570力肯","110/07/14","凱基-台北",0,4,-4
"1017","1570力肯","110/07/14","元大-松山",2,0,2
"1018","1570力肯","110/07/14","元大-板橋",0,4,-4
"1019","1570力肯","110/07/14","元大-忠孝",2,0,2
"1020","1570力肯","110/07/14","第一金-中山",0,3,-3
"1021","6180橘子","110/07/14","新加坡商瑞銀",84,28,56
"1022","6180橘子","110/07/14","凱基-台北",4,37,-33
"1023","6180橘子","110/07/14","日盛-信義",29,1,28
"1024","6180橘子","110/07/14","玉山-台南",1,22,-21
"1025","6180橘子","110/07/14","豐農",28,4,24
"1026","6180橘子","110/07/14","日盛-新竹",1,21,-20
"1027","6180橘子","110/07/14","新光-新竹",24,1,23
"1028","6180橘子","110/07/14","元富-潮州",0,19,-19
"1029","6180橘子","110/07/14","華南永昌-高雄",20,0,20
"1030","6180橘子","110/07/14","元大-信義",0,17,-17
"1031","6180橘子","110/07/14","元大-羅東",20,0,20
"1032","6180橘子","110/07/14","台灣企銀-台中",1,16,-15
"1033","6180橘子","110/07/14","元大-台中中港",20,0,20
"1034","6180橘子","110/07/14","元大-北港",0,15,-15
"1035","6180橘子","110/07/14","富邦-嘉義",24,5,19
"1036","6180橘子","110/07/14","富邦-高雄",0,14,-14
"1037","6180橘子","110/07/14","富邦-仁愛",15,0,15
"1038","6180橘子","110/07/14","兆豐-埔墘",0,13,-13
"1039","6180橘子","110/07/14","國票-九鼎",13,0,13
"1040","6180橘子","110/07/14","第一金-中山",0,10,-10
"1041","6180橘子","110/07/14","日盛-木柵",12,0,12
"1042","6180橘子","110/07/14","元大-彰化民生",0,10,-10
"1043","6180橘子","110/07/14","元大-成功",10,0,10
"1044","6180橘子","110/07/14","福勝",1,10,-9
"1045","6180橘子","110/07/14","港商野村",10,2,8
"1046","6180橘子","110/07/14","群益金鼎-丹鳳",1,10,-9
"1047","6180橘子","110/07/14","玉山-左營",8,0,8
"1048","6180橘子","110/07/14","群益金鼎-板橋",0,8,-8
"1049","6180橘子","110/07/14","富邦-陽明",16,8,8
"1050","6180橘子","110/07/14","合庫-鳳山",0,7,-7
"1051","2390云辰","110/07/14","摩根大通",995,198,797
"1052","2390云辰","110/07/14","新加坡商瑞銀",28,399,-371
"1053","2390云辰","110/07/14","美林",383,22,361
"1054","2390云辰","110/07/14","凱基-新豐",3,198,-195
"1055","2390云辰","110/07/14","台灣摩根士丹利",684,358,326
"1056","2390云辰","110/07/14","元大-士林",1,152,-151
"1057","2390云辰","110/07/14","凱基-台北",656,402,254
"1058","2390云辰","110/07/14","元大-竹山",80,181,-101
"1059","2390云辰","110/07/14","日盛-和美",110,5,105
"1060","2390云辰","110/07/14","群益金鼎-開元",19,95,-76
"1061","2390云辰","110/07/14","元大-天母",72,0,72
"1062","2390云辰","110/07/14","新光",77,150,-73
"1063","2390云辰","110/07/14","永豐金-松山",57,0,57
"1064","2390云辰","110/07/14","元富-高雄",0,71,-71
"1065","2390云辰","110/07/14","統一-屏東",53,0,53
"1066","2390云辰","110/07/14","元大-土城學府",130,201,-71
"1067","2390云辰","110/07/14","港商野村",486,450,36
"1068","2390云辰","110/07/14","元大-善化",12,76,-64
"1069","2390云辰","110/07/14","致和-崇德",30,0,30
"1070","2390云辰","110/07/14","華南永昌-岡山",23,81,-58
"1071","2390云辰","110/07/14","富邦-台北",40,14,26
"1072","2390云辰","110/07/14","群益金鼎-大興",82,125,-43
"1073","2390云辰","110/07/14","台新-高雄",38,13,25
"1074","2390云辰","110/07/14","大慶-中壢",0,41,-41
"1075","2390云辰","110/07/14","富邦-板橋",32,7,25
"1076","2390云辰","110/07/14","玉山-板橋",6,47,-41
"1077","2390云辰","110/07/14","陽信-石牌",24,0,24
"1078","2390云辰","110/07/14","富邦-台東",2,42,-40
"1079","2390云辰","110/07/14","凱基-屏東",32,8,24
"1080","2390云辰","110/07/14","元大-新營",3,42,-39
"1081","2363矽統","110/07/14","台灣摩根士丹利",463,0,463
"1082","2363矽統","110/07/14","新加坡商瑞銀",568,1321,-753
"1083","2363矽統","110/07/14","台新證券",750,342,408
"1084","2363矽統","110/07/14","瑞士信貸",149,864,-715
"1085","2363矽統","110/07/14","玉山-台中",363,51,312
"1086","2363矽統","110/07/14","台新-屏東",115,380,-265
"1087","2363矽統","110/07/14","元大-斗六",223,25,198
"1088","2363矽統","110/07/14","永豐金證券",16,265,-249
"1089","2363矽統","110/07/14","華南永昌-朴子",208,38,170
"1090","2363矽統","110/07/14","美林",462,701,-239
"1091","2363矽統","110/07/14","元富-西松",169,12,157
"1092","2363矽統","110/07/14","宏遠-桃園",269,500,-231
"1093","2363矽統","110/07/14","永豐金-大園",146,6,140
"1094","2363矽統","110/07/14","凱基-竹北",36,254,-218
"1095","2363矽統","110/07/14","土銀-和平",134,0,134
"1096","2363矽統","110/07/14","港商法國興業",0,214,-214
"1097","2363矽統","110/07/14","富邦-新營",130,13,117
"1098","2363矽統","110/07/14","港商野村",835,1044,-209
"1099","2363矽統","110/07/14","元富-成功",118,11,107
"1100","2363矽統","110/07/14","北城證券",212,411,-199
"1101","2363矽統","110/07/14","元富-烏日",121,18,103
"1102","2363矽統","110/07/14","(牛牛牛)亞-鑫豐",51,241,-190
"1103","2363矽統","110/07/14","日盛-二林",120,18,102
"1104","2363矽統","110/07/14","國票-博愛",24,213,-189
"1105","2363矽統","110/07/14","兆豐-忠孝",98,2,96
"1106","2363矽統","110/07/14","大慶-蘆洲",134,316,-182
"1107","2363矽統","110/07/14","大慶-楊梅",92,3,89
"1108","2363矽統","110/07/14","彰銀-台中",15,193,-178
"1109","2363矽統","110/07/14","元富-三重",120,33,87
"1110","2363矽統","110/07/14","日盛-和美",18,185,-167
"1111","8112至上","110/07/14","新加坡商瑞銀",223,17,206
"1112","8112至上","110/07/14","瑞士信貸",8,170,-162
"1113","8112至上","110/07/14","摩根大通",285,129,156
"1114","8112至上","110/07/14","美林",55,202,-147
"1115","8112至上","110/07/14","花旗環球",124,0,124
"1116","8112至上","110/07/14","凱基-台北",325,436,-111
"1117","8112至上","110/07/14","兆豐-公益",117,4,113
"1118","8112至上","110/07/14","台中銀-台北",0,98,-98
"1119","8112至上","110/07/14","香港上海匯豐",111,0,111
"1120","8112至上","110/07/14","玉山-台大",17,107,-90
"1121","8112至上","110/07/14","永豐金-內湖",117,21,96
"1122","8112至上","110/07/14","康和-內湖",1,90,-89
"1123","8112至上","110/07/14","台灣摩根士丹利",108,16,92
"1124","8112至上","110/07/14","港商野村",21,84,-63
"1125","8112至上","110/07/14","元大-東蘆",77,0,77
"1126","8112至上","110/07/14","兆豐-北高雄",1,60,-59
"1127","8112至上","110/07/14","新光",108,48,60
"1128","8112至上","110/07/14","群益金鼎-海山",1,52,-51
"1129","8112至上","110/07/14","大慶-蘆洲",59,0,59
"1130","8112至上","110/07/14","群益金鼎-大安",0,50,-50
"1131","8112至上","110/07/14","華南永昌-台中",56,3,53
"1132","8112至上","110/07/14","富邦-仁愛",2,49,-47
"1133","8112至上","110/07/14","土銀-嘉義",52,2,50
"1134","8112至上","110/07/14","元大-金華",0,42,-42
"1135","8112至上","110/07/14","美商高盛",40,0,40
"1136","8112至上","110/07/14","元大-內湖",4,43,-39
"1137","8112至上","110/07/14","臺銀",63,29,34
"1138","8112至上","110/07/14","第一金-華江",2,37,-35
"1139","8112至上","110/07/14","元富-嘉義",31,0,31
"1140","8112至上","110/07/14","永豐金-苓雅",2,34,-32
"1141","1570力肯","110/07/14","國票-北高雄",68,0,68
"1142","1570力肯","110/07/14","摩根大通",0,21,-21
"1143","1570力肯","110/07/14","日盛-八德",30,1,29
"1144","1570力肯","110/07/14","新光",1,19,-18
"1145","1570力肯","110/07/14","玉山-高雄",7,0,7
"1146","1570力肯","110/07/14","(牛牛牛)亞-鑫豐",0,17,-17
"1147","1570力肯","110/07/14","臺銀-臺南",5,0,5
"1148","1570力肯","110/07/14","日盛-士林",0,10,-10
"1149","1570力肯","110/07/14","凱基-三峽",5,0,5
"1150","1570力肯","110/07/14","統一-員林",0,10,-10
"1151","1570力肯","110/07/14","元大-和平",5,0,5
"1152","1570力肯","110/07/14","國票-新莊",0,10,-10
"1153","1570力肯","110/07/14","合庫-三重",4,0,4
"1154","1570力肯","110/07/14","凱基-高美館",0,10,-10
"1155","1570力肯","110/07/14","瑞士信貸",4,0,4
"1156","1570力肯","110/07/14","元大-屏東民生",0,5,-5
"1157","1570力肯","110/07/14","統一-三多",4,0,4
"1158","1570力肯","110/07/14","元大-古亭",0,5,-5
"1159","1570力肯","110/07/14","華南永昌-古亭",4,0,4
"1160","1570力肯","110/07/14","日盛-木柵",0,4,-4
"1161","1570力肯","110/07/14","元大-高雄",3,0,3
"1162","1570力肯","110/07/14","大昌",0,4,-4
"1163","1570力肯","110/07/14","兆豐-忠孝",2,0,2
"1164","1570力肯","110/07/14","群益金鼎-東大",0,4,-4
"1165","1570力肯","110/07/14","富邦-陽明",2,0,2
"1166","1570力肯","110/07/14","凱基-台北",0,4,-4
"1167","1570力肯","110/07/14","元大-松山",2,0,2
"1168","1570力肯","110/07/14","元大-板橋",0,4,-4
"1169","1570力肯","110/07/14","元大-忠孝",2,0,2
"1170","1570力肯","110/07/14","第一金-中山",0,3,-3
"1171","2929淘帝","110/07/14","華南永昌-林口",60,0,60
"1172","2929淘帝","110/07/14","群益金鼎",25,540,-515
"1173","2929淘帝","110/07/14","美林",87,31,56
"1174","2929淘帝","110/07/14","國泰-台南",1,30,-29
"1175","2929淘帝","110/07/14","元富-台南",40,0,40
"1176","2929淘帝","110/07/14","宏遠-桃園",0,20,-20
"1177","2929淘帝","110/07/14","元大-民生",39,0,39
"1178","2929淘帝","110/07/14","摩根大通",11,31,-20
"1179","2929淘帝","110/07/14","臺銀-鳳山",34,0,34
"1180","2929淘帝","110/07/14","台新-建北",5,20,-15
"1181","2929淘帝","110/07/14","合庫-高雄",34,1,33
"1182","2929淘帝","110/07/14","新光",1,16,-15
"1183","2929淘帝","110/07/14","華南永昌-鶯歌",28,0,28
"1184","2929淘帝","110/07/14","玉山-板橋",0,15,-15
"1185","2929淘帝","110/07/14","永興",25,0,25
"1186","2929淘帝","110/07/14","凱基-羅東",0,15,-15
"1187","2929淘帝","110/07/14","元大-新盛",25,1,24
"1188","2929淘帝","110/07/14","元大-頭份",0,15,-15
"1189","2929淘帝","110/07/14","日盛-南京",23,0,23
"1190","2929淘帝","110/07/14","第一金-台南",0,13,-13
"1191","2929淘帝","110/07/14","日茂",20,0,20
"1192","2929淘帝","110/07/14","富邦-基隆",0,12,-12
"1193","2929淘帝","110/07/14","台新-台中",20,0,20
"1194","2929淘帝","110/07/14","日茂-南投",1,12,-11
"1195","2929淘帝","110/07/14","華南永昌",20,0,20
"1196","2929淘帝","110/07/14","元大-豐原站前",0,11,-11
"1197","2929淘帝","110/07/14","福勝",15,0,15
"1198","2929淘帝","110/07/14","玉山-士林",0,10,-10
"1199","2929淘帝","110/07/14","富邦-南屯",15,0,15
"1200","2929淘帝","110/07/14","富邦-台北",0,10,-10
"1201","5410國眾","110/07/14","兆豐-城中",35,0,35
"1202","5410國眾","110/07/14","瑞士信貸",0,29,-29
"1203","5410國眾","110/07/14","新光",21,1,20
"1204","5410國眾","110/07/14","國泰-板橋",1,30,-29
"1205","5410國眾","110/07/14","國泰-敦南",21,1,20
"1206","5410國眾","110/07/14","日盛-高雄",0,20,-20
"1207","5410國眾","110/07/14","國泰-台中",20,1,19
"1208","5410國眾","110/07/14","台新-左楠",1,20,-19
"1209","5410國眾","110/07/14","元大-崇德",19,0,19
"1210","5410國眾","110/07/14","元富-大昌",1,18,-17
"1211","5410國眾","110/07/14","土銀-士林",18,0,18
"1212","5410國眾","110/07/14","富邦-建國",0,15,-15
"1213","5410國眾","110/07/14","元大-新盛",20,2,18
"1214","5410國眾","110/07/14","元富-嘉義",0,12,-12
"1215","5410國眾","110/07/14","兆豐-高雄",15,0,15
"1216","5410國眾","110/07/14","永全-南崁",0,12,-12
"1217","5410國眾","110/07/14","宏遠-中和",10,0,10
"1218","5410國眾","110/07/14","元大-員林",0,11,-11
"1219","5410國眾","110/07/14","新光-桃園",10,0,10
"1220","5410國眾","110/07/14","高橋",0,10,-10
"1221","5410國眾","110/07/14","國泰-台南",10,0,10
"1222","5410國眾","110/07/14","永興",0,10,-10
"1223","5410國眾","110/07/14","元大-復北",10,0,10
"1224","5410國眾","110/07/14","華南永昌-三重",0,10,-10
"1225","5410國眾","110/07/14","元大-竹科",8,0,8
"1226","5410國眾","110/07/14","元大-苑裡",0,7,-7
"1227","5410國眾","110/07/14","台新-新營",6,0,6
"1228","5410國眾","110/07/14","港商野村",0,6,-6
"1229","5410國眾","110/07/14","日盛-士林",5,0,5
"1230","5410國眾","110/07/14","摩根大通",5,11,-6
"1231","2841台開","110/07/14","凱基-文心",73,0,73
"1232","2841台開","110/07/14","國泰-敦南",0,50,-50
"1233","2841台開","110/07/14","元富-潮州",30,0,30
"1234","2841台開","110/07/14","凱基-中壢",0,40,-40
"1235","2841台開","110/07/14","第一金-台中",20,0,20
"1236","2841台開","110/07/14","統一-新竹",0,24,-24
"1237","2841台開","110/07/14","華南永昌-新莊",20,0,20
"1238","2841台開","110/07/14","元富-草屯",0,20,-20
"1239","2841台開","110/07/14","永豐金-豐原",20,0,20
"1240","2841台開","110/07/14","台新-台南",0,20,-20
"1241","2841台開","110/07/14","國泰-館前",15,0,15
"1242","2841台開","110/07/14","永豐金-敦南",45,63,-18
"1243","2841台開","110/07/14","群益金鼎-基隆",12,0,12
"1244","2841台開","110/07/14","國票-北高雄",0,13,-13
"1245","2841台開","110/07/14","日盛-信義",10,0,10
"1246","2841台開","110/07/14","凱基-松山",0,10,-10
"1247","2841台開","110/07/14","台新-台中",10,0,10
"1248","2841台開","110/07/14","元大證券",0,10,-10
"1249","2841台開","110/07/14","新光",10,1,9
"1250","2841台開","110/07/14","元大-中壢",0,10,-10
"1251","2841台開","110/07/14","凱基-新店",8,0,8
"1252","2841台開","110/07/14","富邦-陽明",1,10,-9
"1253","2841台開","110/07/14","元大-斗信",7,0,7
"1254","2841台開","110/07/14","富邦-建國",0,9,-9
"1255","2841台開","110/07/14","元大-三重",6,0,6
"1256","2841台開","110/07/14","富邦-台南",0,8,-8
"1257","2841台開","110/07/14","永豐金-中和",6,0,6
"1258","2841台開","110/07/14","康和-澎湖",0,7,-7
"1259","2841台開","110/07/14","元富-成功",5,0,5
"1260","2841台開","110/07/14","日盛-斗六",0,6,-6
"1261","6207雷科","110/07/14","群益金鼎-台北",60,0,60
"1262","6207雷科","110/07/14","新加坡商瑞銀",10,56,-46
"1263","6207雷科","110/07/14","台新-高雄",43,3,40
"1264","6207雷科","110/07/14","國票-中和",0,41,-41
"1265","6207雷科","110/07/14","元大-高雄",19,0,19
"1266","6207雷科","110/07/14","元大-復北",0,33,-33
"1267","6207雷科","110/07/14","福勝",15,0,15
"1268","6207雷科","110/07/14","光和-和美",0,20,-20
"1269","6207雷科","110/07/14","群益金鼎-中山",15,0,15
"1270","6207雷科","110/07/14","群益金鼎-丹鳳",0,20,-20
"1271","6207雷科","110/07/14","元大-林園",15,0,15
"1272","6207雷科","110/07/14","第一金-路竹",0,10,-10
"1273","6207雷科","110/07/14","新光",12,0,12
"1274","6207雷科","110/07/14","元大-歸仁",0,10,-10
"1275","6207雷科","110/07/14","元大-大天母",10,0,10
"1276","6207雷科","110/07/14","宏遠-館前",0,9,-9
"1277","6207雷科","110/07/14","永豐金-忠孝",9,0,9
"1278","6207雷科","110/07/14","凱基-台北",12,20,-8
"1279","6207雷科","110/07/14","永豐金-新店",7,0,7
"1280","6207雷科","110/07/14","美林",0,7,-7
"1281","6207雷科","110/07/14","玉山-嘉義",6,0,6
"1282","6207雷科","110/07/14","摩根大通",16,23,-7
"1283","6207雷科","110/07/14","元大-屏東",6,0,6
"1284","6207雷科","110/07/14","凱基-高雄",1,7,-6
"1285","6207雷科","110/07/14","凱基-大安",5,0,5
"1286","6207雷科","110/07/14","台中銀-豐原",0,5,-5
"1287","6207雷科","110/07/14","富邦-台南",5,0,5
"1288","6207雷科","110/07/14","元大-新竹經國",0,5,-5
"1289","6207雷科","110/07/14","元大-成功",5,0,5
"1290","6207雷科","110/07/14","光和-田中",0,4,-4
"1291","3679新至陞","110/07/14","凱基-台北",31,6,25
"1292","3679新至陞","110/07/14","群益金鼎-東大",0,15,-15
"1293","3679新至陞","110/07/14","華南永昌-新莊",10,0,10
"1294","3679新至陞","110/07/14","瑞士信貸",0,12,-12
"1295","3679新至陞","110/07/14","新加坡商瑞銀",11,3,8
"1296","3679新至陞","110/07/14","群益金鼎-永和",0,10,-10
"1297","3679新至陞","110/07/14","美商高盛",6,0,6
"1298","3679新至陞","110/07/14","元大-成功",5,15,-10
"1299","3679新至陞","110/07/14","第一金-中壢",6,0,6
"1300","3679新至陞","110/07/14","統一-板橋",1,10,-9
"1301","3679新至陞","110/07/14","(牛牛牛)亞-網路",4,0,4
"1302","3679新至陞","110/07/14","玉山-左營",0,5,-5
"1303","3679新至陞","110/07/14","元大-六合",3,0,3
"1304","3679新至陞","110/07/14","群益金鼎-三民",0,4,-4
"1305","3679新至陞","110/07/14","合庫-自強",2,0,2
"1306","3679新至陞","110/07/14","富邦-宜蘭",0,4,-4
"1307","3679新至陞","110/07/14","高橋-內壢",2,0,2
"1308","3679新至陞","110/07/14","永豐金-苓雅",0,3,-3
"1309","3679新至陞","110/07/14","台中銀-員林",2,0,2
"1310","3679新至陞","110/07/14","摩根大通",5,7,-2
"1311","3679新至陞","110/07/14","凱基-高美館",2,0,2
"1312","3679新至陞","110/07/14","元大-板橋三民",0,2,-2
"1313","3679新至陞","110/07/14","元大-福營",2,0,2
"1314","3679新至陞","110/07/14","宏遠-中和",0,1,-1
"1315","3679新至陞","110/07/14","永豐金-松山",2,0,2
"1316","3679新至陞","110/07/14","元富-佳里",0,1,-1
"1317","3679新至陞","110/07/14","永豐金-萬盛",2,0,2
"1318","3679新至陞","110/07/14","(牛牛牛)亞-鑫豐",0,1,-1
"1319","3679新至陞","110/07/14","元富-松德",1,0,1
"1320","3679新至陞","110/07/14","中國信託-中壢",0,1,-1
"1321","2727王品","110/07/14","富邦-左營",102,1,101
"1322","2727王品","110/07/14","統一-城中",100,234,-134
"1323","2727王品","110/07/14","國泰-板橋",105,11,94
"1324","2727王品","110/07/14","富邦-台北",1,125,-124
"1325","2727王品","110/07/14","港商野村",149,72,77
"1326","2727王品","110/07/14","台灣摩根士丹利",1,48,-47
"1327","2727王品","110/07/14","合庫-台中",66,2,64
"1328","2727王品","110/07/14","國票-新莊",0,40,-40
"1329","2727王品","110/07/14","臺銀-金山",63,8,55
"1330","2727王品","110/07/14","永豐金-忠孝",2,39,-37
"1331","2727王品","110/07/14","摩根大通",83,39,44
"1332","2727王品","110/07/14","富邦-彰化",1,34,-33
"1333","2727王品","110/07/14","凱基-台北",84,42,42
"1334","2727王品","110/07/14","康和-高雄",0,30,-30
"1335","2727王品","110/07/14","土銀-台中",35,1,34
"1336","2727王品","110/07/14","安泰",0,26,-26
"1337","2727王品","110/07/14","華南永昌-麻豆",32,1,31
"1338","2727王品","110/07/14","富邦-新竹華信",0,21,-21
"1339","2727王品","110/07/14","元大證券",85,55,30
"1340","2727王品","110/07/14","元大-南崁",1,22,-21
"1341","2727王品","110/07/14","新加坡商瑞銀",40,15,25
"1342","2727王品","110/07/14","彰銀-台中",0,18,-18
"1343","2727王品","110/07/14","日盛-八德",19,0,19
"1344","2727王品","110/07/14","元富-同大",2,20,-18
"1345","2727王品","110/07/14","統一",35,17,18
"1346","2727王品","110/07/14","玉山-嘉義",1,17,-16
"1347","2727王品","110/07/14","元富-大昌",18,1,17
"1348","2727王品","110/07/14","國泰-館前",4,20,-16
"1349","2727王品","110/07/14","玉山-板橋",15,1,14
"1350","2727王品","110/07/14","第一金-嘉義",1,13,-12
"1351","1570力肯","110/07/14","國票-北高雄",68,0,68
"1352","1570力肯","110/07/14","摩根大通",0,21,-21
"1353","1570力肯","110/07/14","日盛-八德",30,1,29
"1354","1570力肯","110/07/14","新光",1,19,-18
"1355","1570力肯","110/07/14","玉山-高雄",7,0,7
"1356","1570力肯","110/07/14","(牛牛牛)亞-鑫豐",0,17,-17
"1357","1570力肯","110/07/14","臺銀-臺南",5,0,5
"1358","1570力肯","110/07/14","日盛-士林",0,10,-10
"1359","1570力肯","110/07/14","凱基-三峽",5,0,5
"1360","1570力肯","110/07/14","統一-員林",0,10,-10
"1361","1570力肯","110/07/14","元大-和平",5,0,5
"1362","1570力肯","110/07/14","國票-新莊",0,10,-10
"1363","1570力肯","110/07/14","合庫-三重",4,0,4
"1364","1570力肯","110/07/14","凱基-高美館",0,10,-10
"1365","1570力肯","110/07/14","瑞士信貸",4,0,4
"1366","1570力肯","110/07/14","元大-屏東民生",0,5,-5
"1367","1570力肯","110/07/14","統一-三多",4,0,4
"1368","1570力肯","110/07/14","元大-古亭",0,5,-5
"1369","1570力肯","110/07/14","華南永昌-古亭",4,0,4
"1370","1570力肯","110/07/14","日盛-木柵",0,4,-4
"1371","1570力肯","110/07/14","元大-高雄",3,0,3
"1372","1570力肯","110/07/14","大昌",0,4,-4
"1373","1570力肯","110/07/14","兆豐-忠孝",2,0,2
"1374","1570力肯","110/07/14","群益金鼎-東大",0,4,-4
"1375","1570力肯","110/07/14","富邦-陽明",2,0,2
"1376","1570力肯","110/07/14","凱基-台北",0,4,-4
"1377","1570力肯","110/07/14","元大-松山",2,0,2
"1378","1570力肯","110/07/14","元大-板橋",0,4,-4
"1379","1570力肯","110/07/14","元大-忠孝",2,0,2
"1380","1570力肯","110/07/14","第一金-中山",0,3,-3
"1381","6180橘子","110/07/14","新加坡商瑞銀",84,28,56
"1382","6180橘子","110/07/14","凱基-台北",4,37,-33
"1383","6180橘子","110/07/14","日盛-信義",29,1,28
"1384","6180橘子","110/07/14","玉山-台南",1,22,-21
"1385","6180橘子","110/07/14","豐農",28,4,24
"1386","6180橘子","110/07/14","日盛-新竹",1,21,-20
"1387","6180橘子","110/07/14","新光-新竹",24,1,23
"1388","6180橘子","110/07/14","元富-潮州",0,19,-19
"1389","6180橘子","110/07/14","華南永昌-高雄",20,0,20
"1390","6180橘子","110/07/14","元大-信義",0,17,-17
"1391","6180橘子","110/07/14","元大-羅東",20,0,20
"1392","6180橘子","110/07/14","台灣企銀-台中",1,16,-15
"1393","6180橘子","110/07/14","元大-台中中港",20,0,20
"1394","6180橘子","110/07/14","元大-北港",0,15,-15
"1395","6180橘子","110/07/14","富邦-嘉義",24,5,19
"1396","6180橘子","110/07/14","富邦-高雄",0,14,-14
"1397","6180橘子","110/07/14","富邦-仁愛",15,0,15
"1398","6180橘子","110/07/14","兆豐-埔墘",0,13,-13
"1399","6180橘子","110/07/14","國票-九鼎",13,0,13
"1400","6180橘子","110/07/14","第一金-中山",0,10,-10
"1401","6180橘子","110/07/14","日盛-木柵",12,0,12
"1402","6180橘子","110/07/14","元大-彰化民生",0,10,-10
"1403","6180橘子","110/07/14","元大-成功",10,0,10
"1404","6180橘子","110/07/14","福勝",1,10,-9
"1405","6180橘子","110/07/14","港商野村",10,2,8
"1406","6180橘子","110/07/14","群益金鼎-丹鳳",1,10,-9
"1407","6180橘子","110/07/14","玉山-左營",8,0,8
"1408","6180橘子","110/07/14","群益金鼎-板橋",0,8,-8
"1409","6180橘子","110/07/14","富邦-陽明",16,8,8
"1410","6180橘子","110/07/14","合庫-鳳山",0,7,-7
"1411","2390云辰","110/07/14","摩根大通",995,198,797
"1412","2390云辰","110/07/14","新加坡商瑞銀",28,399,-371
"1413","2390云辰","110/07/14","美林",383,22,361
"1414","2390云辰","110/07/14","凱基-新豐",3,198,-195
"1415","2390云辰","110/07/14","台灣摩根士丹利",684,358,326
"1416","2390云辰","110/07/14","元大-士林",1,152,-151
"1417","2390云辰","110/07/14","凱基-台北",656,402,254
"1418","2390云辰","110/07/14","元大-竹山",80,181,-101
"1419","2390云辰","110/07/14","日盛-和美",110,5,105
"1420","2390云辰","110/07/14","群益金鼎-開元",19,95,-76
"1421","2390云辰","110/07/14","元大-天母",72,0,72
"1422","2390云辰","110/07/14","新光",77,150,-73
"1423","2390云辰","110/07/14","永豐金-松山",57,0,57
"1424","2390云辰","110/07/14","元富-高雄",0,71,-71
"1425","2390云辰","110/07/14","統一-屏東",53,0,53
"1426","2390云辰","110/07/14","元大-土城學府",130,201,-71
"1427","2390云辰","110/07/14","港商野村",486,450,36
"1428","2390云辰","110/07/14","元大-善化",12,76,-64
"1429","2390云辰","110/07/14","致和-崇德",30,0,30
"1430","2390云辰","110/07/14","華南永昌-岡山",23,81,-58
"1431","2390云辰","110/07/14","富邦-台北",40,14,26
"1432","2390云辰","110/07/14","群益金鼎-大興",82,125,-43
"1433","2390云辰","110/07/14","台新-高雄",38,13,25
"1434","2390云辰","110/07/14","大慶-中壢",0,41,-41
"1435","2390云辰","110/07/14","富邦-板橋",32,7,25
"1436","2390云辰","110/07/14","玉山-板橋",6,47,-41
"1437","2390云辰","110/07/14","陽信-石牌",24,0,24
"1438","2390云辰","110/07/14","富邦-台東",2,42,-40
"1439","2390云辰","110/07/14","凱基-屏東",32,8,24
"1440","2390云辰","110/07/14","元大-新營",3,42,-39
"1441","2363矽統","110/07/14","台灣摩根士丹利",463,0,463
"1442","2363矽統","110/07/14","新加坡商瑞銀",568,1321,-753
"1443","2363矽統","110/07/14","台新證券",750,342,408
"1444","2363矽統","110/07/14","瑞士信貸",149,864,-715
"1445","2363矽統","110/07/14","玉山-台中",363,51,312
"1446","2363矽統","110/07/14","台新-屏東",115,380,-265
"1447","2363矽統","110/07/14","元大-斗六",223,25,198
"1448","2363矽統","110/07/14","永豐金證券",16,265,-249
"1449","2363矽統","110/07/14","華南永昌-朴子",208,38,170
"1450","2363矽統","110/07/14","美林",462,701,-239
"1451","2363矽統","110/07/14","元富-西松",169,12,157
"1452","2363矽統","110/07/14","宏遠-桃園",269,500,-231
"1453","2363矽統","110/07/14","永豐金-大園",146,6,140
"1454","2363矽統","110/07/14","凱基-竹北",36,254,-218
"1455","2363矽統","110/07/14","土銀-和平",134,0,134
"1456","2363矽統","110/07/14","港商法國興業",0,214,-214
"1457","2363矽統","110/07/14","富邦-新營",130,13,117
"1458","2363矽統","110/07/14","港商野村",835,1044,-209
"1459","2363矽統","110/07/14","元富-成功",118,11,107
"1460","2363矽統","110/07/14","北城證券",212,411,-199
"1461","2363矽統","110/07/14","元富-烏日",121,18,103
"1462","2363矽統","110/07/14","(牛牛牛)亞-鑫豐",51,241,-190
"1463","2363矽統","110/07/14","日盛-二林",120,18,102
"1464","2363矽統","110/07/14","國票-博愛",24,213,-189
"1465","2363矽統","110/07/14","兆豐-忠孝",98,2,96
"1466","2363矽統","110/07/14","大慶-蘆洲",134,316,-182
"1467","2363矽統","110/07/14","大慶-楊梅",92,3,89
"1468","2363矽統","110/07/14","彰銀-台中",15,193,-178
"1469","2363矽統","110/07/14","元富-三重",120,33,87
"1470","2363矽統","110/07/14","日盛-和美",18,185,-167
"1471","8112至上","110/07/14","新加坡商瑞銀",223,17,206
"1472","8112至上","110/07/14","瑞士信貸",8,170,-162
"1473","8112至上","110/07/14","摩根大通",285,129,156
"1474","8112至上","110/07/14","美林",55,202,-147
"1475","8112至上","110/07/14","花旗環球",124,0,124
"1476","8112至上","110/07/14","凱基-台北",325,436,-111
"1477","8112至上","110/07/14","兆豐-公益",117,4,113
"1478","8112至上","110/07/14","台中銀-台北",0,98,-98
"1479","8112至上","110/07/14","香港上海匯豐",111,0,111
"1480","8112至上","110/07/14","玉山-台大",17,107,-90
"1481","8112至上","110/07/14","永豐金-內湖",117,21,96
"1482","8112至上","110/07/14","康和-內湖",1,90,-89
"1483","8112至上","110/07/14","台灣摩根士丹利",108,16,92
"1484","8112至上","110/07/14","港商野村",21,84,-63
"1485","8112至上","110/07/14","元大-東蘆",77,0,77
"1486","8112至上","110/07/14","兆豐-北高雄",1,60,-59
"1487","8112至上","110/07/14","新光",108,48,60
"1488","8112至上","110/07/14","群益金鼎-海山",1,52,-51
"1489","8112至上","110/07/14","大慶-蘆洲",59,0,59
"1490","8112至上","110/07/14","群益金鼎-大安",0,50,-50
"1491","8112至上","110/07/14","華南永昌-台中",56,3,53
"1492","8112至上","110/07/14","富邦-仁愛",2,49,-47
"1493","8112至上","110/07/14","土銀-嘉義",52,2,50
"1494","8112至上","110/07/14","元大-金華",0,42,-42
"1495","8112至上","110/07/14","美商高盛",40,0,40
"1496","8112至上","110/07/14","元大-內湖",4,43,-39
"1497","8112至上","110/07/14","臺銀",63,29,34
"1498","8112至上","110/07/14","第一金-華江",2,37,-35
"1499","8112至上","110/07/14","元富-嘉義",31,0,31
"1500","8112至上","110/07/14","永豐金-苓雅",2,34,-32
"1501","1570力肯","110/07/14","國票-北高雄",68,0,68
"1502","1570力肯","110/07/14","摩根大通",0,21,-21
"1503","1570力肯","110/07/14","日盛-八德",30,1,29
"1504","1570力肯","110/07/14","新光",1,19,-18
"1505","1570力肯","110/07/14","玉山-高雄",7,0,7
"1506","1570力肯","110/07/14","(牛牛牛)亞-鑫豐",0,17,-17
"1507","1570力肯","110/07/14","臺銀-臺南",5,0,5
"1508","1570力肯","110/07/14","日盛-士林",0,10,-10
"1509","1570力肯","110/07/14","凱基-三峽",5,0,5
"1510","1570力肯","110/07/14","統一-員林",0,10,-10
"1511","1570力肯","110/07/14","元大-和平",5,0,5
"1512","1570力肯","110/07/14","國票-新莊",0,10,-10
"1513","1570力肯","110/07/14","合庫-三重",4,0,4
"1514","1570力肯","110/07/14","凱基-高美館",0,10,-10
"1515","1570力肯","110/07/14","瑞士信貸",4,0,4
"1516","1570力肯","110/07/14","元大-屏東民生",0,5,-5
"1517","1570力肯","110/07/14","統一-三多",4,0,4
"1518","1570力肯","110/07/14","元大-古亭",0,5,-5
"1519","1570力肯","110/07/14","華南永昌-古亭",4,0,4
"1520","1570力肯","110/07/14","日盛-木柵",0,4,-4
"1521","1570力肯","110/07/14","元大-高雄",3,0,3
"1522","1570力肯","110/07/14","大昌",0,4,-4
"1523","1570力肯","110/07/14","兆豐-忠孝",2,0,2
"1524","1570力肯","110/07/14","群益金鼎-東大",0,4,-4
"1525","1570力肯","110/07/14","富邦-陽明",2,0,2
"1526","1570力肯","110/07/14","凱基-台北",0,4,-4
"1527","1570力肯","110/07/14","元大-松山",2,0,2
"1528","1570力肯","110/07/14","元大-板橋",0,4,-4
"1529","1570力肯","110/07/14","元大-忠孝",2,0,2
"1530","1570力肯","110/07/14","第一金-中山",0,3,-3
"1531","2929淘帝","110/07/14","華南永昌-林口",60,0,60
"1532","2929淘帝","110/07/14","群益金鼎",25,540,-515
"1533","2929淘帝","110/07/14","美林",87,31,56
"1534","2929淘帝","110/07/14","國泰-台南",1,30,-29
"1535","2929淘帝","110/07/14","元富-台南",40,0,40
"1536","2929淘帝","110/07/14","宏遠-桃園",0,20,-20
"1537","2929淘帝","110/07/14","元大-民生",39,0,39
"1538","2929淘帝","110/07/14","摩根大通",11,31,-20
"1539","2929淘帝","110/07/14","臺銀-鳳山",34,0,34
"1540","2929淘帝","110/07/14","台新-建北",5,20,-15
"1541","2929淘帝","110/07/14","合庫-高雄",34,1,33
"1542","2929淘帝","110/07/14","新光",1,16,-15
"1543","2929淘帝","110/07/14","華南永昌-鶯歌",28,0,28
"1544","2929淘帝","110/07/14","玉山-板橋",0,15,-15
"1545","2929淘帝","110/07/14","永興",25,0,25
"1546","2929淘帝","110/07/14","凱基-羅東",0,15,-15
"1547","2929淘帝","110/07/14","元大-新盛",25,1,24
"1548","2929淘帝","110/07/14","元大-頭份",0,15,-15
"1549","2929淘帝","110/07/14","日盛-南京",23,0,23
"1550","2929淘帝","110/07/14","第一金-台南",0,13,-13
"1551","2929淘帝","110/07/14","日茂",20,0,20
"1552","2929淘帝","110/07/14","富邦-基隆",0,12,-12
"1553","2929淘帝","110/07/14","台新-台中",20,0,20
"1554","2929淘帝","110/07/14","日茂-南投",1,12,-11
"1555","2929淘帝","110/07/14","華南永昌",20,0,20
"1556","2929淘帝","110/07/14","元大-豐原站前",0,11,-11
"1557","2929淘帝","110/07/14","福勝",15,0,15
"1558","2929淘帝","110/07/14","玉山-士林",0,10,-10
"1559","2929淘帝","110/07/14","富邦-南屯",15,0,15
"1560","2929淘帝","110/07/14","富邦-台北",0,10,-10
"1561","5410國眾","110/07/14","兆豐-城中",35,0,35
"1562","5410國眾","110/07/14","瑞士信貸",0,29,-29
"1563","5410國眾","110/07/14","新光",21,1,20
"1564","5410國眾","110/07/14","國泰-板橋",1,30,-29
"1565","5410國眾","110/07/14","國泰-敦南",21,1,20
"1566","5410國眾","110/07/14","日盛-高雄",0,20,-20
"1567","5410國眾","110/07/14","國泰-台中",20,1,19
"1568","5410國眾","110/07/14","台新-左楠",1,20,-19
"1569","5410國眾","110/07/14","元大-崇德",19,0,19
"1570","5410國眾","110/07/14","元富-大昌",1,18,-17
"1571","5410國眾","110/07/14","土銀-士林",18,0,18
"1572","5410國眾","110/07/14","富邦-建國",0,15,-15
"1573","5410國眾","110/07/14","元大-新盛",20,2,18
"1574","5410國眾","110/07/14","元富-嘉義",0,12,-12
"1575","5410國眾","110/07/14","兆豐-高雄",15,0,15
"1576","5410國眾","110/07/14","永全-南崁",0,12,-12
"1577","5410國眾","110/07/14","宏遠-中和",10,0,10
"1578","5410國眾","110/07/14","元大-員林",0,11,-11
"1579","5410國眾","110/07/14","新光-桃園",10,0,10
"1580","5410國眾","110/07/14","高橋",0,10,-10
"1581","5410國眾","110/07/14","國泰-台南",10,0,10
"1582","5410國眾","110/07/14","永興",0,10,-10
"1583","5410國眾","110/07/14","元大-復北",10,0,10
"1584","5410國眾","110/07/14","華南永昌-三重",0,10,-10
"1585","5410國眾","110/07/14","元大-竹科",8,0,8
"1586","5410國眾","110/07/14","元大-苑裡",0,7,-7
"1587","5410國眾","110/07/14","台新-新營",6,0,6
"1588","5410國眾","110/07/14","港商野村",0,6,-6
"1589","5410國眾","110/07/14","日盛-士林",5,0,5
"1590","5410國眾","110/07/14","摩根大通",5,11,-6
"1591","2841台開","110/07/14","凱基-文心",73,0,73
"1592","2841台開","110/07/14","國泰-敦南",0,50,-50
"1593","2841台開","110/07/14","元富-潮州",30,0,30
"1594","2841台開","110/07/14","凱基-中壢",0,40,-40
"1595","2841台開","110/07/14","第一金-台中",20,0,20
"1596","2841台開","110/07/14","統一-新竹",0,24,-24
"1597","2841台開","110/07/14","華南永昌-新莊",20,0,20
"1598","2841台開","110/07/14","元富-草屯",0,20,-20
"1599","2841台開","110/07/14","永豐金-豐原",20,0,20
"1600","2841台開","110/07/14","台新-台南",0,20,-20
"1601","2841台開","110/07/14","國泰-館前",15,0,15
"1602","2841台開","110/07/14","永豐金-敦南",45,63,-18
"1603","2841台開","110/07/14","群益金鼎-基隆",12,0,12
"1604","2841台開","110/07/14","國票-北高雄",0,13,-13
"1605","2841台開","110/07/14","日盛-信義",10,0,10
"1606","2841台開","110/07/14","凱基-松山",0,10,-10
"1607","2841台開","110/07/14","台新-台中",10,0,10
"1608","2841台開","110/07/14","元大證券",0,10,-10
"1609","2841台開","110/07/14","新光",10,1,9
"1610","2841台開","110/07/14","元大-中壢",0,10,-10
"1611","2841台開","110/07/14","凱基-新店",8,0,8
"1612","2841台開","110/07/14","富邦-陽明",1,10,-9
"1613","2841台開","110/07/14","元大-斗信",7,0,7
"1614","2841台開","110/07/14","富邦-建國",0,9,-9
"1615","2841台開","110/07/14","元大-三重",6,0,6
"1616","2841台開","110/07/14","富邦-台南",0,8,-8
"1617","2841台開","110/07/14","永豐金-中和",6,0,6
"1618","2841台開","110/07/14","康和-澎湖",0,7,-7
"1619","2841台開","110/07/14","元富-成功",5,0,5
"1620","2841台開","110/07/14","日盛-斗六",0,6,-6
"1621","6207雷科","110/07/14","群益金鼎-台北",60,0,60
"1622","6207雷科","110/07/14","新加坡商瑞銀",10,56,-46
"1623","6207雷科","110/07/14","台新-高雄",43,3,40
"1624","6207雷科","110/07/14","國票-中和",0,41,-41
"1625","6207雷科","110/07/14","元大-高雄",19,0,19
"1626","6207雷科","110/07/14","元大-復北",0,33,-33
"1627","6207雷科","110/07/14","福勝",15,0,15
"1628","6207雷科","110/07/14","光和-和美",0,20,-20
"1629","6207雷科","110/07/14","群益金鼎-中山",15,0,15
"1630","6207雷科","110/07/14","群益金鼎-丹鳳",0,20,-20
"1631","6207雷科","110/07/14","元大-林園",15,0,15
"1632","6207雷科","110/07/14","第一金-路竹",0,10,-10
"1633","6207雷科","110/07/14","新光",12,0,12
"1634","6207雷科","110/07/14","元大-歸仁",0,10,-10
"1635","6207雷科","110/07/14","元大-大天母",10,0,10
"1636","6207雷科","110/07/14","宏遠-館前",0,9,-9
"1637","6207雷科","110/07/14","永豐金-忠孝",9,0,9
"1638","6207雷科","110/07/14","凱基-台北",12,20,-8
"1639","6207雷科","110/07/14","永豐金-新店",7,0,7
"1640","6207雷科","110/07/14","美林",0,7,-7
"1641","6207雷科","110/07/14","玉山-嘉義",6,0,6
"1642","6207雷科","110/07/14","摩根大通",16,23,-7
"1643","6207雷科","110/07/14","元大-屏東",6,0,6
"1644","6207雷科","110/07/14","凱基-高雄",1,7,-6
"1645","6207雷科","110/07/14","凱基-大安",5,0,5
"1646","6207雷科","110/07/14","台中銀-豐原",0,5,-5
"1647","6207雷科","110/07/14","富邦-台南",5,0,5
"1648","6207雷科","110/07/14","元大-新竹經國",0,5,-5
"1649","6207雷科","110/07/14","元大-成功",5,0,5
"1650","6207雷科","110/07/14","光和-田中",0,4,-4
"1651","3679新至陞","110/07/14","凱基-台北",31,6,25
"1652","3679新至陞","110/07/14","群益金鼎-東大",0,15,-15
"1653","3679新至陞","110/07/14","華南永昌-新莊",10,0,10
"1654","3679新至陞","110/07/14","瑞士信貸",0,12,-12
"1655","3679新至陞","110/07/14","新加坡商瑞銀",11,3,8
"1656","3679新至陞","110/07/14","群益金鼎-永和",0,10,-10
"1657","3679新至陞","110/07/14","美商高盛",6,0,6
"1658","3679新至陞","110/07/14","元大-成功",5,15,-10
"1659","3679新至陞","110/07/14","第一金-中壢",6,0,6
"1660","3679新至陞","110/07/14","統一-板橋",1,10,-9
"1661","3679新至陞","110/07/14","(牛牛牛)亞-網路",4,0,4
"1662","3679新至陞","110/07/14","玉山-左營",0,5,-5
"1663","3679新至陞","110/07/14","元大-六合",3,0,3
"1664","3679新至陞","110/07/14","群益金鼎-三民",0,4,-4
"1665","3679新至陞","110/07/14","合庫-自強",2,0,2
"1666","3679新至陞","110/07/14","富邦-宜蘭",0,4,-4
"1667","3679新至陞","110/07/14","高橋-內壢",2,0,2
"1668","3679新至陞","110/07/14","永豐金-苓雅",0,3,-3
"1669","3679新至陞","110/07/14","台中銀-員林",2,0,2
"1670","3679新至陞","110/07/14","摩根大通",5,7,-2
"1671","3679新至陞","110/07/14","凱基-高美館",2,0,2
"1672","3679新至陞","110/07/14","元大-板橋三民",0,2,-2
"1673","3679新至陞","110/07/14","元大-福營",2,0,2
"1674","3679新至陞","110/07/14","宏遠-中和",0,1,-1
"1675","3679新至陞","110/07/14","永豐金-松山",2,0,2
"1676","3679新至陞","110/07/14","元富-佳里",0,1,-1
"1677","3679新至陞","110/07/14","永豐金-萬盛",2,0,2
"1678","3679新至陞","110/07/14","(牛牛牛)亞-鑫豐",0,1,-1
"1679","3679新至陞","110/07/14","元富-松德",1,0,1
"1680","3679新至陞","110/07/14","中國信託-中壢",0,1,-1
"1681","2727王品","110/07/14","富邦-左營",102,1,101
"1682","2727王品","110/07/14","統一-城中",100,234,-134
"1683","2727王品","110/07/14","國泰-板橋",105,11,94
"1684","2727王品","110/07/14","富邦-台北",1,125,-124
"1685","2727王品","110/07/14","港商野村",149,72,77
"1686","2727王品","110/07/14","台灣摩根士丹利",1,48,-47
"1687","2727王品","110/07/14","合庫-台中",66,2,64
"1688","2727王品","110/07/14","國票-新莊",0,40,-40
"1689","2727王品","110/07/14","臺銀-金山",63,8,55
"1690","2727王品","110/07/14","永豐金-忠孝",2,39,-37
"1691","2727王品","110/07/14","摩根大通",83,39,44
"1692","2727王品","110/07/14","富邦-彰化",1,34,-33
"1693","2727王品","110/07/14","凱基-台北",84,42,42
"1694","2727王品","110/07/14","康和-高雄",0,30,-30
"1695","2727王品","110/07/14","土銀-台中",35,1,34
"1696","2727王品","110/07/14","安泰",0,26,-26
"1697","2727王品","110/07/14","華南永昌-麻豆",32,1,31
"1698","2727王品","110/07/14","富邦-新竹華信",0,21,-21
"1699","2727王品","110/07/14","元大證券",85,55,30
"1700","2727王品","110/07/14","元大-南崁",1,22,-21
"1701","2727王品","110/07/14","新加坡商瑞銀",40,15,25
"1702","2727王品","110/07/14","彰銀-台中",0,18,-18
"1703","2727王品","110/07/14","日盛-八德",19,0,19
"1704","2727王品","110/07/14","元富-同大",2,20,-18
"1705","2727王品","110/07/14","統一",35,17,18
"1706","2727王品","110/07/14","玉山-嘉義",1,17,-16
"1707","2727王品","110/07/14","元富-大昌",18,1,17
"1708","2727王品","110/07/14","國泰-館前",4,20,-16
"1709","2727王品","110/07/14","玉山-板橋",15,1,14
"1710","2727王品","110/07/14","第一金-嘉義",1,13,-12
"1711","1570力肯","110/07/14","國票-北高雄",68,0,68
"1712","1570力肯","110/07/14","摩根大通",0,21,-21
"1713","1570力肯","110/07/14","日盛-八德",30,1,29
"1714","1570力肯","110/07/14","新光",1,19,-18
"1715","1570力肯","110/07/14","玉山-高雄",7,0,7
"1716","1570力肯","110/07/14","(牛牛牛)亞-鑫豐",0,17,-17
"1717","1570力肯","110/07/14","臺銀-臺南",5,0,5
"1718","1570力肯","110/07/14","日盛-士林",0,10,-10
"1719","1570力肯","110/07/14","凱基-三峽",5,0,5
"1720","1570力肯","110/07/14","統一-員林",0,10,-10
"1721","1570力肯","110/07/14","元大-和平",5,0,5
"1722","1570力肯","110/07/14","國票-新莊",0,10,-10
"1723","1570力肯","110/07/14","合庫-三重",4,0,4
"1724","1570力肯","110/07/14","凱基-高美館",0,10,-10
"1725","1570力肯","110/07/14","瑞士信貸",4,0,4
"1726","1570力肯","110/07/14","元大-屏東民生",0,5,-5
"1727","1570力肯","110/07/14","統一-三多",4,0,4
"1728","1570力肯","110/07/14","元大-古亭",0,5,-5
"1729","1570力肯","110/07/14","華南永昌-古亭",4,0,4
"1730","1570力肯","110/07/14","日盛-木柵",0,4,-4
"1731","1570力肯","110/07/14","元大-高雄",3,0,3
"1732","1570力肯","110/07/14","大昌",0,4,-4
"1733","1570力肯","110/07/14","兆豐-忠孝",2,0,2
"1734","1570力肯","110/07/14","群益金鼎-東大",0,4,-4
"1735","1570力肯","110/07/14","富邦-陽明",2,0,2
"1736","1570力肯","110/07/14","凱基-台北",0,4,-4
"1737","1570力肯","110/07/14","元大-松山",2,0,2
"1738","1570力肯","110/07/14","元大-板橋",0,4,-4
"1739","1570力肯","110/07/14","元大-忠孝",2,0,2
"1740","1570力肯","110/07/14","第一金-中山",0,3,-3
"1741","6180橘子","110/07/14","新加坡商瑞銀",84,28,56
"1742","6180橘子","110/07/14","凱基-台北",4,37,-33
"1743","6180橘子","110/07/14","日盛-信義",29,1,28
"1744","6180橘子","110/07/14","玉山-台南",1,22,-21
"1745","6180橘子","110/07/14","豐農",28,4,24
"1746","6180橘子","110/07/14","日盛-新竹",1,21,-20
"1747","6180橘子","110/07/14","新光-新竹",24,1,23
"1748","6180橘子","110/07/14","元富-潮州",0,19,-19
"1749","6180橘子","110/07/14","華南永昌-高雄",20,0,20
"1750","6180橘子","110/07/14","元大-信義",0,17,-17
"1751","6180橘子","110/07/14","元大-羅東",20,0,20
"1752","6180橘子","110/07/14","台灣企銀-台中",1,16,-15
"1753","6180橘子","110/07/14","元大-台中中港",20,0,20
"1754","6180橘子","110/07/14","元大-北港",0,15,-15
"1755","6180橘子","110/07/14","富邦-嘉義",24,5,19
"1756","6180橘子","110/07/14","富邦-高雄",0,14,-14
"1757","6180橘子","110/07/14","富邦-仁愛",15,0,15
"1758","6180橘子","110/07/14","兆豐-埔墘",0,13,-13
"1759","6180橘子","110/07/14","國票-九鼎",13,0,13
"1760","6180橘子","110/07/14","第一金-中山",0,10,-10
"1761","6180橘子","110/07/14","日盛-木柵",12,0,12
"1762","6180橘子","110/07/14","元大-彰化民生",0,10,-10
"1763","6180橘子","110/07/14","元大-成功",10,0,10
"1764","6180橘子","110/07/14","福勝",1,10,-9
"1765","6180橘子","110/07/14","港商野村",10,2,8
"1766","6180橘子","110/07/14","群益金鼎-丹鳳",1,10,-9
"1767","6180橘子","110/07/14","玉山-左營",8,0,8
"1768","6180橘子","110/07/14","群益金鼎-板橋",0,8,-8
"1769","6180橘子","110/07/14","富邦-陽明",16,8,8
"1770","6180橘子","110/07/14","合庫-鳳山",0,7,-7
"1771","2390云辰","110/07/14","摩根大通",995,198,797
"1772","2390云辰","110/07/14","新加坡商瑞銀",28,399,-371
"1773","2390云辰","110/07/14","美林",383,22,361
"1774","2390云辰","110/07/14","凱基-新豐",3,198,-195
"1775","2390云辰","110/07/14","台灣摩根士丹利",684,358,326
"1776","2390云辰","110/07/14","元大-士林",1,152,-151
"1777","2390云辰","110/07/14","凱基-台北",656,402,254
"1778","2390云辰","110/07/14","元大-竹山",80,181,-101
"1779","2390云辰","110/07/14","日盛-和美",110,5,105
"1780","2390云辰","110/07/14","群益金鼎-開元",19,95,-76
"1781","2390云辰","110/07/14","元大-天母",72,0,72
"1782","2390云辰","110/07/14","新光",77,150,-73
"1783","2390云辰","110/07/14","永豐金-松山",57,0,57
"1784","2390云辰","110/07/14","元富-高雄",0,71,-71
"1785","2390云辰","110/07/14","統一-屏東",53,0,53
"1786","2390云辰","110/07/14","元大-土城學府",130,201,-71
"1787","2390云辰","110/07/14","港商野村",486,450,36
"1788","2390云辰","110/07/14","元大-善化",12,76,-64
"1789","2390云辰","110/07/14","致和-崇德",30,0,30
"1790","2390云辰","110/07/14","華南永昌-岡山",23,81,-58
"1791","2390云辰","110/07/14","富邦-台北",40,14,26
"1792","2390云辰","110/07/14","群益金鼎-大興",82,125,-43
"1793","2390云辰","110/07/14","台新-高雄",38,13,25
"1794","2390云辰","110/07/14","大慶-中壢",0,41,-41
"1795","2390云辰","110/07/14","富邦-板橋",32,7,25
"1796","2390云辰","110/07/14","玉山-板橋",6,47,-41
"1797","2390云辰","110/07/14","陽信-石牌",24,0,24
"1798","2390云辰","110/07/14","富邦-台東",2,42,-40
"1799","2390云辰","110/07/14","凱基-屏東",32,8,24
"1800","2390云辰","110/07/14","元大-新營",3,42,-39
"1801","2363矽統","110/07/14","台灣摩根士丹利",463,0,463
"1802","2363矽統","110/07/14","新加坡商瑞銀",568,1321,-753
"1803","2363矽統","110/07/14","台新證券",750,342,408
"1804","2363矽統","110/07/14","瑞士信貸",149,864,-715
"1805","2363矽統","110/07/14","玉山-台中",363,51,312
"1806","2363矽統","110/07/14","台新-屏東",115,380,-265
"1807","2363矽統","110/07/14","元大-斗六",223,25,198
"1808","2363矽統","110/07/14","永豐金證券",16,265,-249
"1809","2363矽統","110/07/14","華南永昌-朴子",208,38,170
"1810","2363矽統","110/07/14","美林",462,701,-239
"1811","2363矽統","110/07/14","元富-西松",169,12,157
"1812","2363矽統","110/07/14","宏遠-桃園",269,500,-231
"1813","2363矽統","110/07/14","永豐金-大園",146,6,140
"1814","2363矽統","110/07/14","凱基-竹北",36,254,-218
"1815","2363矽統","110/07/14","土銀-和平",134,0,134
"1816","2363矽統","110/07/14","港商法國興業",0,214,-214
"1817","2363矽統","110/07/14","富邦-新營",130,13,117
"1818","2363矽統","110/07/14","港商野村",835,1044,-209
"1819","2363矽統","110/07/14","元富-成功",118,11,107
"1820","2363矽統","110/07/14","北城證券",212,411,-199
"1821","2363矽統","110/07/14","元富-烏日",121,18,103
"1822","2363矽統","110/07/14","(牛牛牛)亞-鑫豐",51,241,-190
"1823","2363矽統","110/07/14","日盛-二林",120,18,102
"1824","2363矽統","110/07/14","國票-博愛",24,213,-189
"1825","2363矽統","110/07/14","兆豐-忠孝",98,2,96
"1826","2363矽統","110/07/14","大慶-蘆洲",134,316,-182
"1827","2363矽統","110/07/14","大慶-楊梅",92,3,89
"1828","2363矽統","110/07/14","彰銀-台中",15,193,-178
"1829","2363矽統","110/07/14","元富-三重",120,33,87
"1830","2363矽統","110/07/14","日盛-和美",18,185,-167
"1831","8112至上","110/07/14","新加坡商瑞銀",223,17,206
"1832","8112至上","110/07/14","瑞士信貸",8,170,-162
"1833","8112至上","110/07/14","摩根大通",285,129,156
"1834","8112至上","110/07/14","美林",55,202,-147
"1835","8112至上","110/07/14","花旗環球",124,0,124
"1836","8112至上","110/07/14","凱基-台北",325,436,-111
"1837","8112至上","110/07/14","兆豐-公益",117,4,113
"1838","8112至上","110/07/14","台中銀-台北",0,98,-98
"1839","8112至上","110/07/14","香港上海匯豐",111,0,111
"1840","8112至上","110/07/14","玉山-台大",17,107,-90
"1841","8112至上","110/07/14","永豐金-內湖",117,21,96
"1842","8112至上","110/07/14","康和-內湖",1,90,-89
"1843","8112至上","110/07/14","台灣摩根士丹利",108,16,92
"1844","8112至上","110/07/14","港商野村",21,84,-63
"1845","8112至上","110/07/14","元大-東蘆",77,0,77
"1846","8112至上","110/07/14","兆豐-北高雄",1,60,-59
"1847","8112至上","110/07/14","新光",108,48,60
"1848","8112至上","110/07/14","群益金鼎-海山",1,52,-51
"1849","8112至上","110/07/14","大慶-蘆洲",59,0,59
"1850","8112至上","110/07/14","群益金鼎-大安",0,50,-50
"1851","8112至上","110/07/14","華南永昌-台中",56,3,53
"1852","8112至上","110/07/14","富邦-仁愛",2,49,-47
"1853","8112至上","110/07/14","土銀-嘉義",52,2,50
"1854","8112至上","110/07/14","元大-金華",0,42,-42
"1855","8112至上","110/07/14","美商高盛",40,0,40
"1856","8112至上","110/07/14","元大-內湖",4,43,-39
"1857","8112至上","110/07/14","臺銀",63,29,34
"1858","8112至上","110/07/14","第一金-華江",2,37,-35
"1859","8112至上","110/07/14","元富-嘉義",31,0,31
"1860","8112至上","110/07/14","永豐金-苓雅",2,34,-32
"1861","1570力肯","110/07/14","國票-北高雄",68,0,68
"1862","1570力肯","110/07/14","摩根大通",0,21,-21
"1863","1570力肯","110/07/14","日盛-八德",30,1,29
"1864","1570力肯","110/07/14","新光",1,19,-18
"1865","1570力肯","110/07/14","玉山-高雄",7,0,7
"1866","1570力肯","110/07/14","(牛牛牛)亞-鑫豐",0,17,-17
"1867","1570力肯","110/07/14","臺銀-臺南",5,0,5
"1868","1570力肯","110/07/14","日盛-士林",0,10,-10
"1869","1570力肯","110/07/14","凱基-三峽",5,0,5
"1870","1570力肯","110/07/14","統一-員林",0,10,-10
"1871","1570力肯","110/07/14","元大-和平",5,0,5
"1872","1570力肯","110/07/14","國票-新莊",0,10,-10
"1873","1570力肯","110/07/14","合庫-三重",4,0,4
"1874","1570力肯","110/07/14","凱基-高美館",0,10,-10
"1875","1570力肯","110/07/14","瑞士信貸",4,0,4
"1876","1570力肯","110/07/14","元大-屏東民生",0,5,-5
"1877","1570力肯","110/07/14","統一-三多",4,0,4
"1878","1570力肯","110/07/14","元大-古亭",0,5,-5
"1879","1570力肯","110/07/14","華南永昌-古亭",4,0,4
"1880","1570力肯","110/07/14","日盛-木柵",0,4,-4
"1881","1570力肯","110/07/14","元大-高雄",3,0,3
"1882","1570力肯","110/07/14","大昌",0,4,-4
"1883","1570力肯","110/07/14","兆豐-忠孝",2,0,2
"1884","1570力肯","110/07/14","群益金鼎-東大",0,4,-4
"1885","1570力肯","110/07/14","富邦-陽明",2,0,2
"1886","1570力肯","110/07/14","凱基-台北",0,4,-4
"1887","1570力肯","110/07/14","元大-松山",2,0,2
"1888","1570力肯","110/07/14","元大-板橋",0,4,-4
"1889","1570力肯","110/07/14","元大-忠孝",2,0,2
"1890","1570力肯","110/07/14","第一金-中山",0,3,-3
"1891","2929淘帝","110/07/14","華南永昌-林口",60,0,60
"1892","2929淘帝","110/07/14","群益金鼎",25,540,-515
"1893","2929淘帝","110/07/14","美林",87,31,56
"1894","2929淘帝","110/07/14","國泰-台南",1,30,-29
"1895","2929淘帝","110/07/14","元富-台南",40,0,40
"1896","2929淘帝","110/07/14","宏遠-桃園",0,20,-20
"1897","2929淘帝","110/07/14","元大-民生",39,0,39
"1898","2929淘帝","110/07/14","摩根大通",11,31,-20
"1899","2929淘帝","110/07/14","臺銀-鳳山",34,0,34
"1900","2929淘帝","110/07/14","台新-建北",5,20,-15
"1901","2929淘帝","110/07/14","合庫-高雄",34,1,33
"1902","2929淘帝","110/07/14","新光",1,16,-15
"1903","2929淘帝","110/07/14","華南永昌-鶯歌",28,0,28
"1904","2929淘帝","110/07/14","玉山-板橋",0,15,-15
"1905","2929淘帝","110/07/14","永興",25,0,25
"1906","2929淘帝","110/07/14","凱基-羅東",0,15,-15
"1907","2929淘帝","110/07/14","元大-新盛",25,1,24
"1908","2929淘帝","110/07/14","元大-頭份",0,15,-15
"1909","2929淘帝","110/07/14","日盛-南京",23,0,23
"1910","2929淘帝","110/07/14","第一金-台南",0,13,-13
"1911","2929淘帝","110/07/14","日茂",20,0,20
"1912","2929淘帝","110/07/14","富邦-基隆",0,12,-12
"1913","2929淘帝","110/07/14","台新-台中",20,0,20
"1914","2929淘帝","110/07/14","日茂-南投",1,12,-11
"1915","2929淘帝","110/07/14","華南永昌",20,0,20
"1916","2929淘帝","110/07/14","元大-豐原站前",0,11,-11
"1917","2929淘帝","110/07/14","福勝",15,0,15
"1918","2929淘帝","110/07/14","玉山-士林",0,10,-10
"1919","2929淘帝","110/07/14","富邦-南屯",15,0,15
"1920","2929淘帝","110/07/14","富邦-台北",0,10,-10
"1921","5410國眾","110/07/14","兆豐-城中",35,0,35
"1922","5410國眾","110/07/14","瑞士信貸",0,29,-29
"1923","5410國眾","110/07/14","新光",21,1,20
"1924","5410國眾","110/07/14","國泰-板橋",1,30,-29
"1925","5410國眾","110/07/14","國泰-敦南",21,1,20
"1926","5410國眾","110/07/14","日盛-高雄",0,20,-20
"1927","5410國眾","110/07/14","國泰-台中",20,1,19
"1928","5410國眾","110/07/14","台新-左楠",1,20,-19
"1929","5410國眾","110/07/14","元大-崇德",19,0,19
"1930","5410國眾","110/07/14","元富-大昌",1,18,-17
"1931","5410國眾","110/07/14","土銀-士林",18,0,18
"1932","5410國眾","110/07/14","富邦-建國",0,15,-15
"1933","5410國眾","110/07/14","元大-新盛",20,2,18
"1934","5410國眾","110/07/14","元富-嘉義",0,12,-12
"1935","5410國眾","110/07/14","兆豐-高雄",15,0,15
"1936","5410國眾","110/07/14","永全-南崁",0,12,-12
"1937","5410國眾","110/07/14","宏遠-中和",10,0,10
"1938","5410國眾","110/07/14","元大-員林",0,11,-11
"1939","5410國眾","110/07/14","新光-桃園",10,0,10
"1940","5410國眾","110/07/14","高橋",0,10,-10
"1941","5410國眾","110/07/14","國泰-台南",10,0,10
"1942","5410國眾","110/07/14","永興",0,10,-10
"1943","5410國眾","110/07/14","元大-復北",10,0,10
"1944","5410國眾","110/07/14","華南永昌-三重",0,10,-10
"1945","5410國眾","110/07/14","元大-竹科",8,0,8
"1946","5410國眾","110/07/14","元大-苑裡",0,7,-7
"1947","5410國眾","110/07/14","台新-新營",6,0,6
"1948","5410國眾","110/07/14","港商野村",0,6,-6
"1949","5410國眾","110/07/14","日盛-士林",5,0,5
"1950","5410國眾","110/07/14","摩根大通",5,11,-6
"1951","2841台開","110/07/14","凱基-文心",73,0,73
"1952","2841台開","110/07/14","國泰-敦南",0,50,-50
"1953","2841台開","110/07/14","元富-潮州",30,0,30
"1954","2841台開","110/07/14","凱基-中壢",0,40,-40
"1955","2841台開","110/07/14","第一金-台中",20,0,20
"1956","2841台開","110/07/14","統一-新竹",0,24,-24
"1957","2841台開","110/07/14","華南永昌-新莊",20,0,20
"1958","2841台開","110/07/14","元富-草屯",0,20,-20
"1959","2841台開","110/07/14","永豐金-豐原",20,0,20
"1960","2841台開","110/07/14","台新-台南",0,20,-20
"1961","2841台開","110/07/14","國泰-館前",15,0,15
"1962","2841台開","110/07/14","永豐金-敦南",45,63,-18
"1963","2841台開","110/07/14","群益金鼎-基隆",12,0,12
"1964","2841台開","110/07/14","國票-北高雄",0,13,-13
"1965","2841台開","110/07/14","日盛-信義",10,0,10
"1966","2841台開","110/07/14","凱基-松山",0,10,-10
"1967","2841台開","110/07/14","台新-台中",10,0,10
"1968","2841台開","110/07/14","元大證券",0,10,-10
"1969","2841台開","110/07/14","新光",10,1,9
"1970","2841台開","110/07/14","元大-中壢",0,10,-10
"1971","2841台開","110/07/14","凱基-新店",8,0,8
"1972","2841台開","110/07/14","富邦-陽明",1,10,-9
"1973","2841台開","110/07/14","元大-斗信",7,0,7
"1974","2841台開","110/07/14","富邦-建國",0,9,-9
"1975","2841台開","110/07/14","元大-三重",6,0,6
"1976","2841台開","110/07/14","富邦-台南",0,8,-8
"1977","2841台開","110/07/14","永豐金-中和",6,0,6
"1978","2841台開","110/07/14","康和-澎湖",0,7,-7
"1979","2841台開","110/07/14","元富-成功",5,0,5
"1980","2841台開","110/07/14","日盛-斗六",0,6,-6
"1981","6207雷科","110/07/14","群益金鼎-台北",60,0,60
"1982","6207雷科","110/07/14","新加坡商瑞銀",10,56,-46
"1983","6207雷科","110/07/14","台新-高雄",43,3,40
"1984","6207雷科","110/07/14","國票-中和",0,41,-41
"1985","6207雷科","110/07/14","元大-高雄",19,0,19
"1986","6207雷科","110/07/14","元大-復北",0,33,-33
"1987","6207雷科","110/07/14","福勝",15,0,15
"1988","6207雷科","110/07/14","光和-和美",0,20,-20
"1989","6207雷科","110/07/14","群益金鼎-中山",15,0,15
"1990","6207雷科","110/07/14","群益金鼎-丹鳳",0,20,-20
"1991","6207雷科","110/07/14","元大-林園",15,0,15
"1992","6207雷科","110/07/14","第一金-路竹",0,10,-10
"1993","6207雷科","110/07/14","新光",12,0,12
"1994","6207雷科","110/07/14","元大-歸仁",0,10,-10
"1995","6207雷科","110/07/14","元大-大天母",10,0,10
"1996","6207雷科","110/07/14","宏遠-館前",0,9,-9
"1997","6207雷科","110/07/14","永豐金-忠孝",9,0,9
"1998","6207雷科","110/07/14","凱基-台北",12,20,-8
"1999","6207雷科","110/07/14","永豐金-新店",7,0,7
"2000","6207雷科","110/07/14","美林",0,7,-7
"2001","6207雷科","110/07/14","玉山-嘉義",6,0,6
"2002","6207雷科","110/07/14","摩根大通",16,23,-7
"2003","6207雷科","110/07/14","元大-屏東",6,0,6
"2004","6207雷科","110/07/14","凱基-高雄",1,7,-6
"2005","6207雷科","110/07/14","凱基-大安",5,0,5
"2006","6207雷科","110/07/14","台中銀-豐原",0,5,-5
"2007","6207雷科","110/07/14","富邦-台南",5,0,5
"2008","6207雷科","110/07/14","元大-新竹經國",0,5,-5
"2009","6207雷科","110/07/14","元大-成功",5,0,5
"2010","6207雷科","110/07/14","光和-田中",0,4,-4
"2011","3679新至陞","110/07/14","凱基-台北",31,6,25
"2012","3679新至陞","110/07/14","群益金鼎-東大",0,15,-15
"2013","3679新至陞","110/07/14","華南永昌-新莊",10,0,10
"2014","3679新至陞","110/07/14","瑞士信貸",0,12,-12
"2015","3679新至陞","110/07/14","新加坡商瑞銀",11,3,8
"2016","3679新至陞","110/07/14","群益金鼎-永和",0,10,-10
"2017","3679新至陞","110/07/14","美商高盛",6,0,6
"2018","3679新至陞","110/07/14","元大-成功",5,15,-10
"2019","3679新至陞","110/07/14","第一金-中壢",6,0,6
"2020","3679新至陞","110/07/14","統一-板橋",1,10,-9
"2021","3679新至陞","110/07/14","(牛牛牛)亞-網路",4,0,4
"2022","3679新至陞","110/07/14","玉山-左營",0,5,-5
"2023","3679新至陞","110/07/14","元大-六合",3,0,3
"2024","3679新至陞","110/07/14","群益金鼎-三民",0,4,-4
"2025","3679新至陞","110/07/14","合庫-自強",2,0,2
"2026","3679新至陞","110/07/14","富邦-宜蘭",0,4,-4
"2027","3679新至陞","110/07/14","高橋-內壢",2,0,2
"2028","3679新至陞","110/07/14","永豐金-苓雅",0,3,-3
"2029","3679新至陞","110/07/14","台中銀-員林",2,0,2
"2030","3679新至陞","110/07/14","摩根大通",5,7,-2
"2031","3679新至陞","110/07/14","凱基-高美館",2,0,2
"2032","3679新至陞","110/07/14","元大-板橋三民",0,2,-2
"2033","3679新至陞","110/07/14","元大-福營",2,0,2
"2034","3679新至陞","110/07/14","宏遠-中和",0,1,-1
"2035","3679新至陞","110/07/14","永豐金-松山",2,0,2
"2036","3679新至陞","110/07/14","元富-佳里",0,1,-1
"2037","3679新至陞","110/07/14","永豐金-萬盛",2,0,2
"2038","3679新至陞","110/07/14","(牛牛牛)亞-鑫豐",0,1,-1
"2039","3679新至陞","110/07/14","元富-松德",1,0,1
"2040","3679新至陞","110/07/14","中國信託-中壢",0,1,-1
"2041","2727王品","110/07/14","富邦-左營",102,1,101
"2042","2727王品","110/07/14","統一-城中",100,234,-134
"2043","2727王品","110/07/14","國泰-板橋",105,11,94
"2044","2727王品","110/07/14","富邦-台北",1,125,-124
"2045","2727王品","110/07/14","港商野村",149,72,77
"2046","2727王品","110/07/14","台灣摩根士丹利",1,48,-47
"2047","2727王品","110/07/14","合庫-台中",66,2,64
"2048","2727王品","110/07/14","國票-新莊",0,40,-40
"2049","2727王品","110/07/14","臺銀-金山",63,8,55
"2050","2727王品","110/07/14","永豐金-忠孝",2,39,-37
"2051","2727王品","110/07/14","摩根大通",83,39,44
"2052","2727王品","110/07/14","富邦-彰化",1,34,-33
"2053","2727王品","110/07/14","凱基-台北",84,42,42
"2054","2727王品","110/07/14","康和-高雄",0,30,-30
"2055","2727王品","110/07/14","土銀-台中",35,1,34
"2056","2727王品","110/07/14","安泰",0,26,-26
"2057","2727王品","110/07/14","華南永昌-麻豆",32,1,31
"2058","2727王品","110/07/14","富邦-新竹華信",0,21,-21
"2059","2727王品","110/07/14","元大證券",85,55,30
"2060","2727王品","110/07/14","元大-南崁",1,22,-21
"2061","2727王品","110/07/14","新加坡商瑞銀",40,15,25
"2062","2727王品","110/07/14","彰銀-台中",0,18,-18
"2063","2727王品","110/07/14","日盛-八德",19,0,19
"2064","2727王品","110/07/14","元富-同大",2,20,-18
"2065","2727王品","110/07/14","統一",35,17,18
"2066","2727王品","110/07/14","玉山-嘉義",1,17,-16
"2067","2727王品","110/07/14","元富-大昌",18,1,17
"2068","2727王品","110/07/14","國泰-館前",4,20,-16
"2069","2727王品","110/07/14","玉山-板橋",15,1,14
"2070","2727王品","110/07/14","第一金-嘉義",1,13,-12
"2071","1570力肯","110/07/14","國票-北高雄",68,0,68
"2072","1570力肯","110/07/14","摩根大通",0,21,-21
"2073","1570力肯","110/07/14","日盛-八德",30,1,29
"2074","1570力肯","110/07/14","新光",1,19,-18
"2075","1570力肯","110/07/14","玉山-高雄",7,0,7
"2076","1570力肯","110/07/14","(牛牛牛)亞-鑫豐",0,17,-17
"2077","1570力肯","110/07/14","臺銀-臺南",5,0,5
"2078","1570力肯","110/07/14","日盛-士林",0,10,-10
"2079","1570力肯","110/07/14","凱基-三峽",5,0,5
"2080","1570力肯","110/07/14","統一-員林",0,10,-10
"2081","1570力肯","110/07/14","元大-和平",5,0,5
"2082","1570力肯","110/07/14","國票-新莊",0,10,-10
"2083","1570力肯","110/07/14","合庫-三重",4,0,4
"2084","1570力肯","110/07/14","凱基-高美館",0,10,-10
"2085","1570力肯","110/07/14","瑞士信貸",4,0,4
"2086","1570力肯","110/07/14","元大-屏東民生",0,5,-5
"2087","1570力肯","110/07/14","統一-三多",4,0,4
"2088","1570力肯","110/07/14","元大-古亭",0,5,-5
"2089","1570力肯","110/07/14","華南永昌-古亭",4,0,4
"2090","1570力肯","110/07/14","日盛-木柵",0,4,-4
"2091","1570力肯","110/07/14","元大-高雄",3,0,3
"2092","1570力肯","110/07/14","大昌",0,4,-4
"2093","1570力肯","110/07/14","兆豐-忠孝",2,0,2
"2094","1570力肯","110/07/14","群益金鼎-東大",0,4,-4
"2095","1570力肯","110/07/14","富邦-陽明",2,0,2
"2096","1570力肯","110/07/14","凱基-台北",0,4,-4
"2097","1570力肯","110/07/14","元大-松山",2,0,2
"2098","1570力肯","110/07/14","元大-板橋",0,4,-4
"2099","1570力肯","110/07/14","元大-忠孝",2,0,2
"2100","1570力肯","110/07/14","第一金-中山",0,3,-3
"2101","6180橘子","110/07/14","新加坡商瑞銀",84,28,56
"2102","6180橘子","110/07/14","凱基-台北",4,37,-33
"2103","6180橘子","110/07/14","日盛-信義",29,1,28
"2104","6180橘子","110/07/14","玉山-台南",1,22,-21
"2105","6180橘子","110/07/14","豐農",28,4,24
"2106","6180橘子","110/07/14","日盛-新竹",1,21,-20
"2107","6180橘子","110/07/14","新光-新竹",24,1,23
"2108","6180橘子","110/07/14","元富-潮州",0,19,-19
"2109","6180橘子","110/07/14","華南永昌-高雄",20,0,20
"2110","6180橘子","110/07/14","元大-信義",0,17,-17
"2111","6180橘子","110/07/14","元大-羅東",20,0,20
"2112","6180橘子","110/07/14","台灣企銀-台中",1,16,-15
"2113","6180橘子","110/07/14","元大-台中中港",20,0,20
"2114","6180橘子","110/07/14","元大-北港",0,15,-15
"2115","6180橘子","110/07/14","富邦-嘉義",24,5,19
"2116","6180橘子","110/07/14","富邦-高雄",0,14,-14
"2117","6180橘子","110/07/14","富邦-仁愛",15,0,15
"2118","6180橘子","110/07/14","兆豐-埔墘",0,13,-13
"2119","6180橘子","110/07/14","國票-九鼎",13,0,13
"2120","6180橘子","110/07/14","第一金-中山",0,10,-10
"2121","6180橘子","110/07/14","日盛-木柵",12,0,12
"2122","6180橘子","110/07/14","元大-彰化民生",0,10,-10
"2123","6180橘子","110/07/14","元大-成功",10,0,10
"2124","6180橘子","110/07/14","福勝",1,10,-9
"2125","6180橘子","110/07/14","港商野村",10,2,8
"2126","6180橘子","110/07/14","群益金鼎-丹鳳",1,10,-9
"2127","6180橘子","110/07/14","玉山-左營",8,0,8
"2128","6180橘子","110/07/14","群益金鼎-板橋",0,8,-8
"2129","6180橘子","110/07/14","富邦-陽明",16,8,8
"2130","6180橘子","110/07/14","合庫-鳳山",0,7,-7
"2131","2390云辰","110/07/14","摩根大通",995,198,797
"2132","2390云辰","110/07/14","新加坡商瑞銀",28,399,-371
"2133","2390云辰","110/07/14","美林",383,22,361
"2134","2390云辰","110/07/14","凱基-新豐",3,198,-195
"2135","2390云辰","110/07/14","台灣摩根士丹利",684,358,326
"2136","2390云辰","110/07/14","元大-士林",1,152,-151
"2137","2390云辰","110/07/14","凱基-台北",656,402,254
"2138","2390云辰","110/07/14","元大-竹山",80,181,-101
"2139","2390云辰","110/07/14","日盛-和美",110,5,105
"2140","2390云辰","110/07/14","群益金鼎-開元",19,95,-76
"2141","2390云辰","110/07/14","元大-天母",72,0,72
"2142","2390云辰","110/07/14","新光",77,150,-73
"2143","2390云辰","110/07/14","永豐金-松山",57,0,57
"2144","2390云辰","110/07/14","元富-高雄",0,71,-71
"2145","2390云辰","110/07/14","統一-屏東",53,0,53
"2146","2390云辰","110/07/14","元大-土城學府",130,201,-71
"2147","2390云辰","110/07/14","港商野村",486,450,36
"2148","2390云辰","110/07/14","元大-善化",12,76,-64
"2149","2390云辰","110/07/14","致和-崇德",30,0,30
"2150","2390云辰","110/07/14","華南永昌-岡山",23,81,-58
"2151","2390云辰","110/07/14","富邦-台北",40,14,26
"2152","2390云辰","110/07/14","群益金鼎-大興",82,125,-43
"2153","2390云辰","110/07/14","台新-高雄",38,13,25
"2154","2390云辰","110/07/14","大慶-中壢",0,41,-41
"2155","2390云辰","110/07/14","富邦-板橋",32,7,25
"2156","2390云辰","110/07/14","玉山-板橋",6,47,-41
"2157","2390云辰","110/07/14","陽信-石牌",24,0,24
"2158","2390云辰","110/07/14","富邦-台東",2,42,-40
"2159","2390云辰","110/07/14","凱基-屏東",32,8,24
"2160","2390云辰","110/07/14","元大-新營",3,42,-39
"2161","2363矽統","110/07/14","台灣摩根士丹利",463,0,463
"2162","2363矽統","110/07/14","新加坡商瑞銀",568,1321,-753
"2163","2363矽統","110/07/14","台新證券",750,342,408
"2164","2363矽統","110/07/14","瑞士信貸",149,864,-715
"2165","2363矽統","110/07/14","玉山-台中",363,51,312
"2166","2363矽統","110/07/14","台新-屏東",115,380,-265
"2167","2363矽統","110/07/14","元大-斗六",223,25,198
"2168","2363矽統","110/07/14","永豐金證券",16,265,-249
"2169","2363矽統","110/07/14","華南永昌-朴子",208,38,170
"2170","2363矽統","110/07/14","美林",462,701,-239
"2171","2363矽統","110/07/14","元富-西松",169,12,157
"2172","2363矽統","110/07/14","宏遠-桃園",269,500,-231
"2173","2363矽統","110/07/14","永豐金-大園",146,6,140
"2174","2363矽統","110/07/14","凱基-竹北",36,254,-218
"2175","2363矽統","110/07/14","土銀-和平",134,0,134
"2176","2363矽統","110/07/14","港商法國興業",0,214,-214
"2177","2363矽統","110/07/14","富邦-新營",130,13,117
"2178","2363矽統","110/07/14","港商野村",835,1044,-209
"2179","2363矽統","110/07/14","元富-成功",118,11,107
"2180","2363矽統","110/07/14","北城證券",212,411,-199
"2181","2363矽統","110/07/14","元富-烏日",121,18,103
"2182","2363矽統","110/07/14","(牛牛牛)亞-鑫豐",51,241,-190
"2183","2363矽統","110/07/14","日盛-二林",120,18,102
"2184","2363矽統","110/07/14","國票-博愛",24,213,-189
"2185","2363矽統","110/07/14","兆豐-忠孝",98,2,96
"2186","2363矽統","110/07/14","大慶-蘆洲",134,316,-182
"2187","2363矽統","110/07/14","大慶-楊梅",92,3,89
"2188","2363矽統","110/07/14","彰銀-台中",15,193,-178
"2189","2363矽統","110/07/14","元富-三重",120,33,87
"2190","2363矽統","110/07/14","日盛-和美",18,185,-167
"2191","8112至上","110/07/14","新加坡商瑞銀",223,17,206
"2192","8112至上","110/07/14","瑞士信貸",8,170,-162
"2193","8112至上","110/07/14","摩根大通",285,129,156
"2194","8112至上","110/07/14","美林",55,202,-147
"2195","8112至上","110/07/14","花旗環球",124,0,124
"2196","8112至上","110/07/14","凱基-台北",325,436,-111
"2197","8112至上","110/07/14","兆豐-公益",117,4,113
"2198","8112至上","110/07/14","台中銀-台北",0,98,-98
"2199","8112至上","110/07/14","香港上海匯豐",111,0,111
"2200","8112至上","110/07/14","玉山-台大",17,107,-90
"2201","8112至上","110/07/14","永豐金-內湖",117,21,96
"2202","8112至上","110/07/14","康和-內湖",1,90,-89
"2203","8112至上","110/07/14","台灣摩根士丹利",108,16,92
"2204","8112至上","110/07/14","港商野村",21,84,-63
"2205","8112至上","110/07/14","元大-東蘆",77,0,77
"2206","8112至上","110/07/14","兆豐-北高雄",1,60,-59
"2207","8112至上","110/07/14","新光",108,48,60
"2208","8112至上","110/07/14","群益金鼎-海山",1,52,-51
"2209","8112至上","110/07/14","大慶-蘆洲",59,0,59
"2210","8112至上","110/07/14","群益金鼎-大安",0,50,-50
"2211","8112至上","110/07/14","華南永昌-台中",56,3,53
"2212","8112至上","110/07/14","富邦-仁愛",2,49,-47
"2213","8112至上","110/07/14","土銀-嘉義",52,2,50
"2214","8112至上","110/07/14","元大-金華",0,42,-42
"2215","8112至上","110/07/14","美商高盛",40,0,40
"2216","8112至上","110/07/14","元大-內湖",4,43,-39
"2217","8112至上","110/07/14","臺銀",63,29,34
"2218","8112至上","110/07/14","第一金-華江",2,37,-35
"2219","8112至上","110/07/14","元富-嘉義",31,0,31
"2220","8112至上","110/07/14","永豐金-苓雅",2,34,-32
"2221","1570力肯","110/07/14","國票-北高雄",68,0,68
"2222","1570力肯","110/07/14","摩根大通",0,21,-21
"2223","1570力肯","110/07/14","日盛-八德",30,1,29
"2224","1570力肯","110/07/14","新光",1,19,-18
"2225","1570力肯","110/07/14","玉山-高雄",7,0,7
"2226","1570力肯","110/07/14","(牛牛牛)亞-鑫豐",0,17,-17
"2227","1570力肯","110/07/14","臺銀-臺南",5,0,5
"2228","1570力肯","110/07/14","日盛-士林",0,10,-10
"2229","1570力肯","110/07/14","凱基-三峽",5,0,5
"2230","1570力肯","110/07/14","統一-員林",0,10,-10
"2231","1570力肯","110/07/14","元大-和平",5,0,5
"2232","1570力肯","110/07/14","國票-新莊",0,10,-10
"2233","1570力肯","110/07/14","合庫-三重",4,0,4
"2234","1570力肯","110/07/14","凱基-高美館",0,10,-10
"2235","1570力肯","110/07/14","瑞士信貸",4,0,4
"2236","1570力肯","110/07/14","元大-屏東民生",0,5,-5
"2237","1570力肯","110/07/14","統一-三多",4,0,4
"2238","1570力肯","110/07/14","元大-古亭",0,5,-5
"2239","1570力肯","110/07/14","華南永昌-古亭",4,0,4
"2240","1570力肯","110/07/14","日盛-木柵",0,4,-4
"2241","1570力肯","110/07/14","元大-高雄",3,0,3
"2242","1570力肯","110/07/14","大昌",0,4,-4
"2243","1570力肯","110/07/14","兆豐-忠孝",2,0,2
"2244","1570力肯","110/07/14","群益金鼎-東大",0,4,-4
"2245","1570力肯","110/07/14","富邦-陽明",2,0,2
"2246","1570力肯","110/07/14","凱基-台北",0,4,-4
"2247","1570力肯","110/07/14","元大-松山",2,0,2
"2248","1570力肯","110/07/14","元大-板橋",0,4,-4
"2249","1570力肯","110/07/14","元大-忠孝",2,0,2
"2250","1570力肯","110/07/14","第一金-中山",0,3,-3
"2251","2929淘帝","110/07/14","華南永昌-林口",60,0,60
"2252","2929淘帝","110/07/14","群益金鼎",25,540,-515
"2253","2929淘帝","110/07/14","美林",87,31,56
"2254","2929淘帝","110/07/14","國泰-台南",1,30,-29
"2255","2929淘帝","110/07/14","元富-台南",40,0,40
"2256","2929淘帝","110/07/14","宏遠-桃園",0,20,-20
"2257","2929淘帝","110/07/14","元大-民生",39,0,39
"2258","2929淘帝","110/07/14","摩根大通",11,31,-20
"2259","2929淘帝","110/07/14","臺銀-鳳山",34,0,34
"2260","2929淘帝","110/07/14","台新-建北",5,20,-15
"2261","2929淘帝","110/07/14","合庫-高雄",34,1,33
"2262","2929淘帝","110/07/14","新光",1,16,-15
"2263","2929淘帝","110/07/14","華南永昌-鶯歌",28,0,28
"2264","2929淘帝","110/07/14","玉山-板橋",0,15,-15
"2265","2929淘帝","110/07/14","永興",25,0,25
"2266","2929淘帝","110/07/14","凱基-羅東",0,15,-15
"2267","2929淘帝","110/07/14","元大-新盛",25,1,24
"2268","2929淘帝","110/07/14","元大-頭份",0,15,-15
"2269","2929淘帝","110/07/14","日盛-南京",23,0,23
"2270","2929淘帝","110/07/14","第一金-台南",0,13,-13
"2271","2929淘帝","110/07/14","日茂",20,0,20
"2272","2929淘帝","110/07/14","富邦-基隆",0,12,-12
"2273","2929淘帝","110/07/14","台新-台中",20,0,20
"2274","2929淘帝","110/07/14","日茂-南投",1,12,-11
"2275","2929淘帝","110/07/14","華南永昌",20,0,20
"2276","2929淘帝","110/07/14","元大-豐原站前",0,11,-11
"2277","2929淘帝","110/07/14","福勝",15,0,15
"2278","2929淘帝","110/07/14","玉山-士林",0,10,-10
"2279","2929淘帝","110/07/14","富邦-南屯",15,0,15
"2280","2929淘帝","110/07/14","富邦-台北",0,10,-10
"2281","5410國眾","110/07/14","兆豐-城中",35,0,35
"2282","5410國眾","110/07/14","瑞士信貸",0,29,-29
"2283","5410國眾","110/07/14","新光",21,1,20
"2284","5410國眾","110/07/14","國泰-板橋",1,30,-29
"2285","5410國眾","110/07/14","國泰-敦南",21,1,20
"2286","5410國眾","110/07/14","日盛-高雄",0,20,-20
"2287","5410國眾","110/07/14","國泰-台中",20,1,19
"2288","5410國眾","110/07/14","台新-左楠",1,20,-19
"2289","5410國眾","110/07/14","元大-崇德",19,0,19
"2290","5410國眾","110/07/14","元富-大昌",1,18,-17
"2291","5410國眾","110/07/14","土銀-士林",18,0,18
"2292","5410國眾","110/07/14","富邦-建國",0,15,-15
"2293","5410國眾","110/07/14","元大-新盛",20,2,18
"2294","5410國眾","110/07/14","元富-嘉義",0,12,-12
"2295","5410國眾","110/07/14","兆豐-高雄",15,0,15
"2296","5410國眾","110/07/14","永全-南崁",0,12,-12
"2297","5410國眾","110/07/14","宏遠-中和",10,0,10
"2298","5410國眾","110/07/14","元大-員林",0,11,-11
"2299","5410國眾","110/07/14","新光-桃園",10,0,10
"2300","5410國眾","110/07/14","高橋",0,10,-10
"2301","5410國眾","110/07/14","國泰-台南",10,0,10
"2302","5410國眾","110/07/14","永興",0,10,-10
"2303","5410國眾","110/07/14","元大-復北",10,0,10
"2304","5410國眾","110/07/14","華南永昌-三重",0,10,-10
"2305","5410國眾","110/07/14","元大-竹科",8,0,8
"2306","5410國眾","110/07/14","元大-苑裡",0,7,-7
"2307","5410國眾","110/07/14","台新-新營",6,0,6
"2308","5410國眾","110/07/14","港商野村",0,6,-6
"2309","5410國眾","110/07/14","日盛-士林",5,0,5
"2310","5410國眾","110/07/14","摩根大通",5,11,-6
"2311","2841台開","110/07/14","凱基-文心",73,0,73
"2312","2841台開","110/07/14","國泰-敦南",0,50,-50
"2313","2841台開","110/07/14","元富-潮州",30,0,30
"2314","2841台開","110/07/14","凱基-中壢",0,40,-40
"2315","2841台開","110/07/14","第一金-台中",20,0,20
"2316","2841台開","110/07/14","統一-新竹",0,24,-24
"2317","2841台開","110/07/14","華南永昌-新莊",20,0,20
"2318","2841台開","110/07/14","元富-草屯",0,20,-20
"2319","2841台開","110/07/14","永豐金-豐原",20,0,20
"2320","2841台開","110/07/14","台新-台南",0,20,-20
"2321","2841台開","110/07/14","國泰-館前",15,0,15
"2322","2841台開","110/07/14","永豐金-敦南",45,63,-18
"2323","2841台開","110/07/14","群益金鼎-基隆",12,0,12
"2324","2841台開","110/07/14","國票-北高雄",0,13,-13
"2325","2841台開","110/07/14","日盛-信義",10,0,10
"2326","2841台開","110/07/14","凱基-松山",0,10,-10
"2327","2841台開","110/07/14","台新-台中",10,0,10
"2328","2841台開","110/07/14","元大證券",0,10,-10
"2329","2841台開","110/07/14","新光",10,1,9
"2330","2841台開","110/07/14","元大-中壢",0,10,-10
"2331","2841台開","110/07/14","凱基-新店",8,0,8
"2332","2841台開","110/07/14","富邦-陽明",1,10,-9
"2333","2841台開","110/07/14","元大-斗信",7,0,7
"2334","2841台開","110/07/14","富邦-建國",0,9,-9
"2335","2841台開","110/07/14","元大-三重",6,0,6
"2336","2841台開","110/07/14","富邦-台南",0,8,-8
"2337","2841台開","110/07/14","永豐金-中和",6,0,6
"2338","2841台開","110/07/14","康和-澎湖",0,7,-7
"2339","2841台開","110/07/14","元富-成功",5,0,5
"2340","2841台開","110/07/14","日盛-斗六",0,6,-6
"2341","6207雷科","110/07/14","群益金鼎-台北",60,0,60
"2342","6207雷科","110/07/14","新加坡商瑞銀",10,56,-46
"2343","6207雷科","110/07/14","台新-高雄",43,3,40
"2344","6207雷科","110/07/14","國票-中和",0,41,-41
"2345","6207雷科","110/07/14","元大-高雄",19,0,19
"2346","6207雷科","110/07/14","元大-復北",0,33,-33
"2347","6207雷科","110/07/14","福勝",15,0,15
"2348","6207雷科","110/07/14","光和-和美",0,20,-20
"2349","6207雷科","110/07/14","群益金鼎-中山",15,0,15
"2350","6207雷科","110/07/14","群益金鼎-丹鳳",0,20,-20
"2351","6207雷科","110/07/14","元大-林園",15,0,15
"2352","6207雷科","110/07/14","第一金-路竹",0,10,-10
"2353","6207雷科","110/07/14","新光",12,0,12
"2354","6207雷科","110/07/14","元大-歸仁",0,10,-10
"2355","6207雷科","110/07/14","元大-大天母",10,0,10
"2356","6207雷科","110/07/14","宏遠-館前",0,9,-9
"2357","6207雷科","110/07/14","永豐金-忠孝",9,0,9
"2358","6207雷科","110/07/14","凱基-台北",12,20,-8
"2359","6207雷科","110/07/14","永豐金-新店",7,0,7
"2360","6207雷科","110/07/14","美林",0,7,-7
"2361","6207雷科","110/07/14","玉山-嘉義",6,0,6
"2362","6207雷科","110/07/14","摩根大通",16,23,-7
"2363","6207雷科","110/07/14","元大-屏東",6,0,6
"2364","6207雷科","110/07/14","凱基-高雄",1,7,-6
"2365","6207雷科","110/07/14","凱基-大安",5,0,5
"2366","6207雷科","110/07/14","台中銀-豐原",0,5,-5
"2367","6207雷科","110/07/14","富邦-台南",5,0,5
"2368","6207雷科","110/07/14","元大-新竹經國",0,5,-5
"2369","6207雷科","110/07/14","元大-成功",5,0,5
"2370","6207雷科","110/07/14","光和-田中",0,4,-4
"2371","3679新至陞","110/07/14","凱基-台北",31,6,25
"2372","3679新至陞","110/07/14","群益金鼎-東大",0,15,-15
"2373","3679新至陞","110/07/14","華南永昌-新莊",10,0,10
"2374","3679新至陞","110/07/14","瑞士信貸",0,12,-12
"2375","3679新至陞","110/07/14","新加坡商瑞銀",11,3,8
"2376","3679新至陞","110/07/14","群益金鼎-永和",0,10,-10
"2377","3679新至陞","110/07/14","美商高盛",6,0,6
"2378","3679新至陞","110/07/14","元大-成功",5,15,-10
"2379","3679新至陞","110/07/14","第一金-中壢",6,0,6
"2380","3679新至陞","110/07/14","統一-板橋",1,10,-9
"2381","3679新至陞","110/07/14","(牛牛牛)亞-網路",4,0,4
"2382","3679新至陞","110/07/14","玉山-左營",0,5,-5
"2383","3679新至陞","110/07/14","元大-六合",3,0,3
"2384","3679新至陞","110/07/14","群益金鼎-三民",0,4,-4
"2385","3679新至陞","110/07/14","合庫-自強",2,0,2
"2386","3679新至陞","110/07/14","富邦-宜蘭",0,4,-4
"2387","3679新至陞","110/07/14","高橋-內壢",2,0,2
"2388","3679新至陞","110/07/14","永豐金-苓雅",0,3,-3
"2389","3679新至陞","110/07/14","台中銀-員林",2,0,2
"2390","3679新至陞","110/07/14","摩根大通",5,7,-2
"2391","3679新至陞","110/07/14","凱基-高美館",2,0,2
"2392","3679新至陞","110/07/14","元大-板橋三民",0,2,-2
"2393","3679新至陞","110/07/14","元大-福營",2,0,2
"2394","3679新至陞","110/07/14","宏遠-中和",0,1,-1
"2395","3679新至陞","110/07/14","永豐金-松山",2,0,2
"2396","3679新至陞","110/07/14","元富-佳里",0,1,-1
"2397","3679新至陞","110/07/14","永豐金-萬盛",2,0,2
"2398","3679新至陞","110/07/14","(牛牛牛)亞-鑫豐",0,1,-1
"2399","3679新至陞","110/07/14","元富-松德",1,0,1
"2400","3679新至陞","110/07/14","中國信託-中壢",0,1,-1
"2401","2727王品","110/07/14","富邦-左營",102,1,101
"2402","2727王品","110/07/14","統一-城中",100,234,-134
"2403","2727王品","110/07/14","國泰-板橋",105,11,94
"2404","2727王品","110/07/14","富邦-台北",1,125,-124
"2405","2727王品","110/07/14","港商野村",149,72,77
"2406","2727王品","110/07/14","台灣摩根士丹利",1,48,-47
"2407","2727王品","110/07/14","合庫-台中",66,2,64
"2408","2727王品","110/07/14","國票-新莊",0,40,-40
"2409","2727王品","110/07/14","臺銀-金山",63,8,55
"2410","2727王品","110/07/14","永豐金-忠孝",2,39,-37
"2411","2727王品","110/07/14","摩根大通",83,39,44
"2412","2727王品","110/07/14","富邦-彰化",1,34,-33
"2413","2727王品","110/07/14","凱基-台北",84,42,42
"2414","2727王品","110/07/14","康和-高雄",0,30,-30
"2415","2727王品","110/07/14","土銀-台中",35,1,34
"2416","2727王品","110/07/14","安泰",0,26,-26
"2417","2727王品","110/07/14","華南永昌-麻豆",32,1,31
"2418","2727王品","110/07/14","富邦-新竹華信",0,21,-21
"2419","2727王品","110/07/14","元大證券",85,55,30
"2420","2727王品","110/07/14","元大-南崁",1,22,-21
"2421","2727王品","110/07/14","新加坡商瑞銀",40,15,25
"2422","2727王品","110/07/14","彰銀-台中",0,18,-18
"2423","2727王品","110/07/14","日盛-八德",19,0,19
"2424","2727王品","110/07/14","元富-同大",2,20,-18
"2425","2727王品","110/07/14","統一",35,17,18
"2426","2727王品","110/07/14","玉山-嘉義",1,17,-16
"2427","2727王品","110/07/14","元富-大昌",18,1,17
"2428","2727王品","110/07/14","國泰-館前",4,20,-16
"2429","2727王品","110/07/14","玉山-板橋",15,1,14
"2430","2727王品","110/07/14","第一金-嘉義",1,13,-12
"2431","1570力肯","110/07/14","國票-北高雄",68,0,68
"2432","1570力肯","110/07/14","摩根大通",0,21,-21
"2433","1570力肯","110/07/14","日盛-八德",30,1,29
"2434","1570力肯","110/07/14","新光",1,19,-18
"2435","1570力肯","110/07/14","玉山-高雄",7,0,7
"2436","1570力肯","110/07/14","(牛牛牛)亞-鑫豐",0,17,-17
"2437","1570力肯","110/07/14","臺銀-臺南",5,0,5
"2438","1570力肯","110/07/14","日盛-士林",0,10,-10
"2439","1570力肯","110/07/14","凱基-三峽",5,0,5
"2440","1570力肯","110/07/14","統一-員林",0,10,-10
"2441","1570力肯","110/07/14","元大-和平",5,0,5
"2442","1570力肯","110/07/14","國票-新莊",0,10,-10
"2443","1570力肯","110/07/14","合庫-三重",4,0,4
"2444","1570力肯","110/07/14","凱基-高美館",0,10,-10
"2445","1570力肯","110/07/14","瑞士信貸",4,0,4
"2446","1570力肯","110/07/14","元大-屏東民生",0,5,-5
"2447","1570力肯","110/07/14","統一-三多",4,0,4
"2448","1570力肯","110/07/14","元大-古亭",0,5,-5
"2449","1570力肯","110/07/14","華南永昌-古亭",4,0,4
"2450","1570力肯","110/07/14","日盛-木柵",0,4,-4
"2451","1570力肯","110/07/14","元大-高雄",3,0,3
"2452","1570力肯","110/07/14","大昌",0,4,-4
"2453","1570力肯","110/07/14","兆豐-忠孝",2,0,2
"2454","1570力肯","110/07/14","群益金鼎-東大",0,4,-4
"2455","1570力肯","110/07/14","富邦-陽明",2,0,2
"2456","1570力肯","110/07/14","凱基-台北",0,4,-4
"2457","1570力肯","110/07/14","元大-松山",2,0,2
"2458","1570力肯","110/07/14","元大-板橋",0,4,-4
"2459","1570力肯","110/07/14","元大-忠孝",2,0,2
"2460","1570力肯","110/07/14","第一金-中山",0,3,-3
"2461","6180橘子","110/07/14","新加坡商瑞銀",84,28,56
"2462","6180橘子","110/07/14","凱基-台北",4,37,-33
"2463","6180橘子","110/07/14","日盛-信義",29,1,28
"2464","6180橘子","110/07/14","玉山-台南",1,22,-21
"2465","6180橘子","110/07/14","豐農",28,4,24
"2466","6180橘子","110/07/14","日盛-新竹",1,21,-20
"2467","6180橘子","110/07/14","新光-新竹",24,1,23
"2468","6180橘子","110/07/14","元富-潮州",0,19,-19
"2469","6180橘子","110/07/14","華南永昌-高雄",20,0,20
"2470","6180橘子","110/07/14","元大-信義",0,17,-17
"2471","6180橘子","110/07/14","元大-羅東",20,0,20
"2472","6180橘子","110/07/14","台灣企銀-台中",1,16,-15
"2473","6180橘子","110/07/14","元大-台中中港",20,0,20
"2474","6180橘子","110/07/14","元大-北港",0,15,-15
"2475","6180橘子","110/07/14","富邦-嘉義",24,5,19
"2476","6180橘子","110/07/14","富邦-高雄",0,14,-14
"2477","6180橘子","110/07/14","富邦-仁愛",15,0,15
"2478","6180橘子","110/07/14","兆豐-埔墘",0,13,-13
"2479","6180橘子","110/07/14","國票-九鼎",13,0,13
"2480","6180橘子","110/07/14","第一金-中山",0,10,-10
"2481","6180橘子","110/07/14","日盛-木柵",12,0,12
"2482","6180橘子","110/07/14","元大-彰化民生",0,10,-10
"2483","6180橘子","110/07/14","元大-成功",10,0,10
"2484","6180橘子","110/07/14","福勝",1,10,-9
"2485","6180橘子","110/07/14","港商野村",10,2,8
"2486","6180橘子","110/07/14","群益金鼎-丹鳳",1,10,-9
"2487","6180橘子","110/07/14","玉山-左營",8,0,8
"2488","6180橘子","110/07/14","群益金鼎-板橋",0,8,-8
"2489","6180橘子","110/07/14","富邦-陽明",16,8,8
"2490","6180橘子","110/07/14","合庫-鳳山",0,7,-7
"2491","2390云辰","110/07/14","摩根大通",995,198,797
"2492","2390云辰","110/07/14","新加坡商瑞銀",28,399,-371
"2493","2390云辰","110/07/14","美林",383,22,361
"2494","2390云辰","110/07/14","凱基-新豐",3,198,-195
"2495","2390云辰","110/07/14","台灣摩根士丹利",684,358,326
"2496","2390云辰","110/07/14","元大-士林",1,152,-151
"2497","2390云辰","110/07/14","凱基-台北",656,402,254
"2498","2390云辰","110/07/14","元大-竹山",80,181,-101
"2499","2390云辰","110/07/14","日盛-和美",110,5,105
"2500","2390云辰","110/07/14","群益金鼎-開元",19,95,-76
"2501","2390云辰","110/07/14","元大-天母",72,0,72
"2502","2390云辰","110/07/14","新光",77,150,-73
"2503","2390云辰","110/07/14","永豐金-松山",57,0,57
"2504","2390云辰","110/07/14","元富-高雄",0,71,-71
"2505","2390云辰","110/07/14","統一-屏東",53,0,53
"2506","2390云辰","110/07/14","元大-土城學府",130,201,-71
"2507","2390云辰","110/07/14","港商野村",486,450,36
"2508","2390云辰","110/07/14","元大-善化",12,76,-64
"2509","2390云辰","110/07/14","致和-崇德",30,0,30
"2510","2390云辰","110/07/14","華南永昌-岡山",23,81,-58
"2511","2390云辰","110/07/14","富邦-台北",40,14,26
"2512","2390云辰","110/07/14","群益金鼎-大興",82,125,-43
"2513","2390云辰","110/07/14","台新-高雄",38,13,25
"2514","2390云辰","110/07/14","大慶-中壢",0,41,-41
"2515","2390云辰","110/07/14","富邦-板橋",32,7,25
"2516","2390云辰","110/07/14","玉山-板橋",6,47,-41
"2517","2390云辰","110/07/14","陽信-石牌",24,0,24
"2518","2390云辰","110/07/14","富邦-台東",2,42,-40
"2519","2390云辰","110/07/14","凱基-屏東",32,8,24
"2520","2390云辰","110/07/14","元大-新營",3,42,-39
"2521","2363矽統","110/07/14","台灣摩根士丹利",463,0,463
"2522","2363矽統","110/07/14","新加坡商瑞銀",568,1321,-753
"2523","2363矽統","110/07/14","台新證券",750,342,408
"2524","2363矽統","110/07/14","瑞士信貸",149,864,-715
"2525","2363矽統","110/07/14","玉山-台中",363,51,312
"2526","2363矽統","110/07/14","台新-屏東",115,380,-265
"2527","2363矽統","110/07/14","元大-斗六",223,25,198
"2528","2363矽統","110/07/14","永豐金證券",16,265,-249
"2529","2363矽統","110/07/14","華南永昌-朴子",208,38,170
"2530","2363矽統","110/07/14","美林",462,701,-239
"2531","2363矽統","110/07/14","元富-西松",169,12,157
"2532","2363矽統","110/07/14","宏遠-桃園",269,500,-231
"2533","2363矽統","110/07/14","永豐金-大園",146,6,140
"2534","2363矽統","110/07/14","凱基-竹北",36,254,-218
"2535","2363矽統","110/07/14","土銀-和平",134,0,134
"2536","2363矽統","110/07/14","港商法國興業",0,214,-214
"2537","2363矽統","110/07/14","富邦-新營",130,13,117
"2538","2363矽統","110/07/14","港商野村",835,1044,-209
"2539","2363矽統","110/07/14","元富-成功",118,11,107
"2540","2363矽統","110/07/14","北城證券",212,411,-199
"2541","2363矽統","110/07/14","元富-烏日",121,18,103
"2542","2363矽統","110/07/14","(牛牛牛)亞-鑫豐",51,241,-190
"2543","2363矽統","110/07/14","日盛-二林",120,18,102
"2544","2363矽統","110/07/14","國票-博愛",24,213,-189
"2545","2363矽統","110/07/14","兆豐-忠孝",98,2,96
"2546","2363矽統","110/07/14","大慶-蘆洲",134,316,-182
"2547","2363矽統","110/07/14","大慶-楊梅",92,3,89
"2548","2363矽統","110/07/14","彰銀-台中",15,193,-178
"2549","2363矽統","110/07/14","元富-三重",120,33,87
"2550","2363矽統","110/07/14","日盛-和美",18,185,-167
"2551","8112至上","110/07/14","新加坡商瑞銀",223,17,206
"2552","8112至上","110/07/14","瑞士信貸",8,170,-162
"2553","8112至上","110/07/14","摩根大通",285,129,156
"2554","8112至上","110/07/14","美林",55,202,-147
"2555","8112至上","110/07/14","花旗環球",124,0,124
"2556","8112至上","110/07/14","凱基-台北",325,436,-111
"2557","8112至上","110/07/14","兆豐-公益",117,4,113
"2558","8112至上","110/07/14","台中銀-台北",0,98,-98
"2559","8112至上","110/07/14","香港上海匯豐",111,0,111
"2560","8112至上","110/07/14","玉山-台大",17,107,-90
"2561","8112至上","110/07/14","永豐金-內湖",117,21,96
"2562","8112至上","110/07/14","康和-內湖",1,90,-89
"2563","8112至上","110/07/14","台灣摩根士丹利",108,16,92
"2564","8112至上","110/07/14","港商野村",21,84,-63
"2565","8112至上","110/07/14","元大-東蘆",77,0,77
"2566","8112至上","110/07/14","兆豐-北高雄",1,60,-59
"2567","8112至上","110/07/14","新光",108,48,60
"2568","8112至上","110/07/14","群益金鼎-海山",1,52,-51
"2569","8112至上","110/07/14","大慶-蘆洲",59,0,59
"2570","8112至上","110/07/14","群益金鼎-大安",0,50,-50
"2571","8112至上","110/07/14","華南永昌-台中",56,3,53
"2572","8112至上","110/07/14","富邦-仁愛",2,49,-47
"2573","8112至上","110/07/14","土銀-嘉義",52,2,50
"2574","8112至上","110/07/14","元大-金華",0,42,-42
"2575","8112至上","110/07/14","美商高盛",40,0,40
"2576","8112至上","110/07/14","元大-內湖",4,43,-39
"2577","8112至上","110/07/14","臺銀",63,29,34
"2578","8112至上","110/07/14","第一金-華江",2,37,-35
"2579","8112至上","110/07/14","元富-嘉義",31,0,31
"2580","8112至上","110/07/14","永豐金-苓雅",2,34,-32
"2581","1570力肯","110/07/14","國票-北高雄",68,0,68
"2582","1570力肯","110/07/14","摩根大通",0,21,-21
"2583","1570力肯","110/07/14","日盛-八德",30,1,29
"2584","1570力肯","110/07/14","新光",1,19,-18
"2585","1570力肯","110/07/14","玉山-高雄",7,0,7
"2586","1570力肯","110/07/14","(牛牛牛)亞-鑫豐",0,17,-17
"2587","1570力肯","110/07/14","臺銀-臺南",5,0,5
"2588","1570力肯","110/07/14","日盛-士林",0,10,-10
"2589","1570力肯","110/07/14","凱基-三峽",5,0,5
"2590","1570力肯","110/07/14","統一-員林",0,10,-10
"2591","1570力肯","110/07/14","元大-和平",5,0,5
"2592","1570力肯","110/07/14","國票-新莊",0,10,-10
"2593","1570力肯","110/07/14","合庫-三重",4,0,4
"2594","1570力肯","110/07/14","凱基-高美館",0,10,-10
"2595","1570力肯","110/07/14","瑞士信貸",4,0,4
"2596","1570力肯","110/07/14","元大-屏東民生",0,5,-5
"2597","1570力肯","110/07/14","統一-三多",4,0,4
"2598","1570力肯","110/07/14","元大-古亭",0,5,-5
"2599","1570力肯","110/07/14","華南永昌-古亭",4,0,4
"2600","1570力肯","110/07/14","日盛-木柵",0,4,-4
"2601","1570力肯","110/07/14","元大-高雄",3,0,3
"2602","1570力肯","110/07/14","大昌",0,4,-4
"2603","1570力肯","110/07/14","兆豐-忠孝",2,0,2
"2604","1570力肯","110/07/14","群益金鼎-東大",0,4,-4
"2605","1570力肯","110/07/14","富邦-陽明",2,0,2
"2606","1570力肯","110/07/14","凱基-台北",0,4,-4
"2607","1570力肯","110/07/14","元大-松山",2,0,2
"2608","1570力肯","110/07/14","元大-板橋",0,4,-4
"2609","1570力肯","110/07/14","元大-忠孝",2,0,2
"2610","1570力肯","110/07/14","第一金-中山",0,3,-3
"2611","2929淘帝","110/07/14","華南永昌-林口",60,0,60
"2612","2929淘帝","110/07/14","群益金鼎",25,540,-515
"2613","2929淘帝","110/07/14","美林",87,31,56
"2614","2929淘帝","110/07/14","國泰-台南",1,30,-29
"2615","2929淘帝","110/07/14","元富-台南",40,0,40
"2616","2929淘帝","110/07/14","宏遠-桃園",0,20,-20
"2617","2929淘帝","110/07/14","元大-民生",39,0,39
"2618","2929淘帝","110/07/14","摩根大通",11,31,-20
"2619","2929淘帝","110/07/14","臺銀-鳳山",34,0,34
"2620","2929淘帝","110/07/14","台新-建北",5,20,-15
"2621","2929淘帝","110/07/14","合庫-高雄",34,1,33
"2622","2929淘帝","110/07/14","新光",1,16,-15
"2623","2929淘帝","110/07/14","華南永昌-鶯歌",28,0,28
"2624","2929淘帝","110/07/14","玉山-板橋",0,15,-15
"2625","2929淘帝","110/07/14","永興",25,0,25
"2626","2929淘帝","110/07/14","凱基-羅東",0,15,-15
"2627","2929淘帝","110/07/14","元大-新盛",25,1,24
"2628","2929淘帝","110/07/14","元大-頭份",0,15,-15
"2629","2929淘帝","110/07/14","日盛-南京",23,0,23
"2630","2929淘帝","110/07/14","第一金-台南",0,13,-13
"2631","2929淘帝","110/07/14","日茂",20,0,20
"2632","2929淘帝","110/07/14","富邦-基隆",0,12,-12
"2633","2929淘帝","110/07/14","台新-台中",20,0,20
"2634","2929淘帝","110/07/14","日茂-南投",1,12,-11
"2635","2929淘帝","110/07/14","華南永昌",20,0,20
"2636","2929淘帝","110/07/14","元大-豐原站前",0,11,-11
"2637","2929淘帝","110/07/14","福勝",15,0,15
"2638","2929淘帝","110/07/14","玉山-士林",0,10,-10
"2639","2929淘帝","110/07/14","富邦-南屯",15,0,15
"2640","2929淘帝","110/07/14","富邦-台北",0,10,-10
"2641","5410國眾","110/07/14","兆豐-城中",35,0,35
"2642","5410國眾","110/07/14","瑞士信貸",0,29,-29
"2643","5410國眾","110/07/14","新光",21,1,20
"2644","5410國眾","110/07/14","國泰-板橋",1,30,-29
"2645","5410國眾","110/07/14","國泰-敦南",21,1,20
"2646","5410國眾","110/07/14","日盛-高雄",0,20,-20
"2647","5410國眾","110/07/14","國泰-台中",20,1,19
"2648","5410國眾","110/07/14","台新-左楠",1,20,-19
"2649","5410國眾","110/07/14","元大-崇德",19,0,19
"2650","5410國眾","110/07/14","元富-大昌",1,18,-17
"2651","5410國眾","110/07/14","土銀-士林",18,0,18
"2652","5410國眾","110/07/14","富邦-建國",0,15,-15
"2653","5410國眾","110/07/14","元大-新盛",20,2,18
"2654","5410國眾","110/07/14","元富-嘉義",0,12,-12
"2655","5410國眾","110/07/14","兆豐-高雄",15,0,15
"2656","5410國眾","110/07/14","永全-南崁",0,12,-12
"2657","5410國眾","110/07/14","宏遠-中和",10,0,10
"2658","5410國眾","110/07/14","元大-員林",0,11,-11
"2659","5410國眾","110/07/14","新光-桃園",10,0,10
"2660","5410國眾","110/07/14","高橋",0,10,-10
"2661","5410國眾","110/07/14","國泰-台南",10,0,10
"2662","5410國眾","110/07/14","永興",0,10,-10
"2663","5410國眾","110/07/14","元大-復北",10,0,10
"2664","5410國眾","110/07/14","華南永昌-三重",0,10,-10
"2665","5410國眾","110/07/14","元大-竹科",8,0,8
"2666","5410國眾","110/07/14","元大-苑裡",0,7,-7
"2667","5410國眾","110/07/14","台新-新營",6,0,6
"2668","5410國眾","110/07/14","港商野村",0,6,-6
"2669","5410國眾","110/07/14","日盛-士林",5,0,5
"2670","5410國眾","110/07/14","摩根大通",5,11,-6
"2671","2841台開","110/07/14","凱基-文心",73,0,73
"2672","2841台開","110/07/14","國泰-敦南",0,50,-50
"2673","2841台開","110/07/14","元富-潮州",30,0,30
"2674","2841台開","110/07/14","凱基-中壢",0,40,-40
"2675","2841台開","110/07/14","第一金-台中",20,0,20
"2676","2841台開","110/07/14","統一-新竹",0,24,-24
"2677","2841台開","110/07/14","華南永昌-新莊",20,0,20
"2678","2841台開","110/07/14","元富-草屯",0,20,-20
"2679","2841台開","110/07/14","永豐金-豐原",20,0,20
"2680","2841台開","110/07/14","台新-台南",0,20,-20
"2681","2841台開","110/07/14","國泰-館前",15,0,15
"2682","2841台開","110/07/14","永豐金-敦南",45,63,-18
"2683","2841台開","110/07/14","群益金鼎-基隆",12,0,12
"2684","2841台開","110/07/14","國票-北高雄",0,13,-13
"2685","2841台開","110/07/14","日盛-信義",10,0,10
"2686","2841台開","110/07/14","凱基-松山",0,10,-10
"2687","2841台開","110/07/14","台新-台中",10,0,10
"2688","2841台開","110/07/14","元大證券",0,10,-10
"2689","2841台開","110/07/14","新光",10,1,9
"2690","2841台開","110/07/14","元大-中壢",0,10,-10
"2691","2841台開","110/07/14","凱基-新店",8,0,8
"2692","2841台開","110/07/14","富邦-陽明",1,10,-9
"2693","2841台開","110/07/14","元大-斗信",7,0,7
"2694","2841台開","110/07/14","富邦-建國",0,9,-9
"2695","2841台開","110/07/14","元大-三重",6,0,6
"2696","2841台開","110/07/14","富邦-台南",0,8,-8
"2697","2841台開","110/07/14","永豐金-中和",6,0,6
"2698","2841台開","110/07/14","康和-澎湖",0,7,-7
"2699","2841台開","110/07/14","元富-成功",5,0,5
"2700","2841台開","110/07/14","日盛-斗六",0,6,-6
"2701","6207雷科","110/07/14","群益金鼎-台北",60,0,60
"2702","6207雷科","110/07/14","新加坡商瑞銀",10,56,-46
"2703","6207雷科","110/07/14","台新-高雄",43,3,40
"2704","6207雷科","110/07/14","國票-中和",0,41,-41
"2705","6207雷科","110/07/14","元大-高雄",19,0,19
"2706","6207雷科","110/07/14","元大-復北",0,33,-33
"2707","6207雷科","110/07/14","福勝",15,0,15
"2708","6207雷科","110/07/14","光和-和美",0,20,-20
"2709","6207雷科","110/07/14","群益金鼎-中山",15,0,15
"2710","6207雷科","110/07/14","群益金鼎-丹鳳",0,20,-20
"2711","6207雷科","110/07/14","元大-林園",15,0,15
"2712","6207雷科","110/07/14","第一金-路竹",0,10,-10
"2713","6207雷科","110/07/14","新光",12,0,12
"2714","6207雷科","110/07/14","元大-歸仁",0,10,-10
"2715","6207雷科","110/07/14","元大-大天母",10,0,10
"2716","6207雷科","110/07/14","宏遠-館前",0,9,-9
"2717","6207雷科","110/07/14","永豐金-忠孝",9,0,9
"2718","6207雷科","110/07/14","凱基-台北",12,20,-8
"2719","6207雷科","110/07/14","永豐金-新店",7,0,7
"2720","6207雷科","110/07/14","美林",0,7,-7
"2721","6207雷科","110/07/14","玉山-嘉義",6,0,6
"2722","6207雷科","110/07/14","摩根大通",16,23,-7
"2723","6207雷科","110/07/14","元大-屏東",6,0,6
"2724","6207雷科","110/07/14","凱基-高雄",1,7,-6
"2725","6207雷科","110/07/14","凱基-大安",5,0,5
"2726","6207雷科","110/07/14","台中銀-豐原",0,5,-5
"2727","6207雷科","110/07/14","富邦-台南",5,0,5
"2728","6207雷科","110/07/14","元大-新竹經國",0,5,-5
"2729","6207雷科","110/07/14","元大-成功",5,0,5
"2730","6207雷科","110/07/14","光和-田中",0,4,-4
"2731","3679新至陞","110/07/14","凱基-台北",31,6,25
"2732","3679新至陞","110/07/14","群益金鼎-東大",0,15,-15
"2733","3679新至陞","110/07/14","華南永昌-新莊",10,0,10
"2734","3679新至陞","110/07/14","瑞士信貸",0,12,-12
"2735","3679新至陞","110/07/14","新加坡商瑞銀",11,3,8
"2736","3679新至陞","110/07/14","群益金鼎-永和",0,10,-10
"2737","3679新至陞","110/07/14","美商高盛",6,0,6
"2738","3679新至陞","110/07/14","元大-成功",5,15,-10
"2739","3679新至陞","110/07/14","第一金-中壢",6,0,6
"2740","3679新至陞","110/07/14","統一-板橋",1,10,-9
"2741","3679新至陞","110/07/14","(牛牛牛)亞-網路",4,0,4
"2742","3679新至陞","110/07/14","玉山-左營",0,5,-5
"2743","3679新至陞","110/07/14","元大-六合",3,0,3
"2744","3679新至陞","110/07/14","群益金鼎-三民",0,4,-4
"2745","3679新至陞","110/07/14","合庫-自強",2,0,2
"2746","3679新至陞","110/07/14","富邦-宜蘭",0,4,-4
"2747","3679新至陞","110/07/14","高橋-內壢",2,0,2
"2748","3679新至陞","110/07/14","永豐金-苓雅",0,3,-3
"2749","3679新至陞","110/07/14","台中銀-員林",2,0,2
"2750","3679新至陞","110/07/14","摩根大通",5,7,-2
"2751","3679新至陞","110/07/14","凱基-高美館",2,0,2
"2752","3679新至陞","110/07/14","元大-板橋三民",0,2,-2
"2753","3679新至陞","110/07/14","元大-福營",2,0,2
"2754","3679新至陞","110/07/14","宏遠-中和",0,1,-1
"2755","3679新至陞","110/07/14","永豐金-松山",2,0,2
"2756","3679新至陞","110/07/14","元富-佳里",0,1,-1
"2757","3679新至陞","110/07/14","永豐金-萬盛",2,0,2
"2758","3679新至陞","110/07/14","(牛牛牛)亞-鑫豐",0,1,-1
"2759","3679新至陞","110/07/14","元富-松德",1,0,1
"2760","3679新至陞","110/07/14","中國信託-中壢",0,1,-1
"2761","2727王品","110/07/14","富邦-左營",102,1,101
"2762","2727王品","110/07/14","統一-城中",100,234,-134
"2763","2727王品","110/07/14","國泰-板橋",105,11,94
"2764","2727王品","110/07/14","富邦-台北",1,125,-124
"2765","2727王品","110/07/14","港商野村",149,72,77
"2766","2727王品","110/07/14","台灣摩根士丹利",1,48,-47
"2767","2727王品","110/07/14","合庫-台中",66,2,64
"2768","2727王品","110/07/14","國票-新莊",0,40,-40
"2769","2727王品","110/07/14","臺銀-金山",63,8,55
"2770","2727王品","110/07/14","永豐金-忠孝",2,39,-37
"2771","2727王品","110/07/14","摩根大通",83,39,44
"2772","2727王品","110/07/14","富邦-彰化",1,34,-33
"2773","2727王品","110/07/14","凱基-台北",84,42,42
"2774","2727王品","110/07/14","康和-高雄",0,30,-30
"2775","2727王品","110/07/14","土銀-台中",35,1,34
"2776","2727王品","110/07/14","安泰",0,26,-26
"2777","2727王品","110/07/14","華南永昌-麻豆",32,1,31
"2778","2727王品","110/07/14","富邦-新竹華信",0,21,-21
"2779","2727王品","110/07/14","元大證券",85,55,30
"2780","2727王品","110/07/14","元大-南崁",1,22,-21
"2781","2727王品","110/07/14","新加坡商瑞銀",40,15,25
"2782","2727王品","110/07/14","彰銀-台中",0,18,-18
"2783","2727王品","110/07/14","日盛-八德",19,0,19
"2784","2727王品","110/07/14","元富-同大",2,20,-18
"2785","2727王品","110/07/14","統一",35,17,18
"2786","2727王品","110/07/14","玉山-嘉義",1,17,-16
"2787","2727王品","110/07/14","元富-大昌",18,1,17
"2788","2727王品","110/07/14","國泰-館前",4,20,-16
"2789","2727王品","110/07/14","玉山-板橋",15,1,14
"2790","2727王品","110/07/14","第一金-嘉義",1,13,-12
"2791","1570力肯","110/07/14","國票-北高雄",68,0,68
"2792","1570力肯","110/07/14","摩根大通",0,21,-21
"2793","1570力肯","110/07/14","日盛-八德",30,1,29
"2794","1570力肯","110/07/14","新光",1,19,-18
"2795","1570力肯","110/07/14","玉山-高雄",7,0,7
"2796","1570力肯","110/07/14","(牛牛牛)亞-鑫豐",0,17,-17
"2797","1570力肯","110/07/14","臺銀-臺南",5,0,5
"2798","1570力肯","110/07/14","日盛-士林",0,10,-10
"2799","1570力肯","110/07/14","凱基-三峽",5,0,5
"2800","1570力肯","110/07/14","統一-員林",0,10,-10
"2801","1570力肯","110/07/14","元大-和平",5,0,5
"2802","1570力肯","110/07/14","國票-新莊",0,10,-10
"2803","1570力肯","110/07/14","合庫-三重",4,0,4
"2804","1570力肯","110/07/14","凱基-高美館",0,10,-10
"2805","1570力肯","110/07/14","瑞士信貸",4,0,4
"2806","1570力肯","110/07/14","元大-屏東民生",0,5,-5
"2807","1570力肯","110/07/14","統一-三多",4,0,4
"2808","1570力肯","110/07/14","元大-古亭",0,5,-5
"2809","1570力肯","110/07/14","華南永昌-古亭",4,0,4
"2810","1570力肯","110/07/14","日盛-木柵",0,4,-4
"2811","1570力肯","110/07/14","元大-高雄",3,0,3
"2812","1570力肯","110/07/14","大昌",0,4,-4
"2813","1570力肯","110/07/14","兆豐-忠孝",2,0,2
"2814","1570力肯","110/07/14","群益金鼎-東大",0,4,-4
"2815","1570力肯","110/07/14","富邦-陽明",2,0,2
"2816","1570力肯","110/07/14","凱基-台北",0,4,-4
"2817","1570力肯","110/07/14","元大-松山",2,0,2
"2818","1570力肯","110/07/14","元大-板橋",0,4,-4
"2819","1570力肯","110/07/14","元大-忠孝",2,0,2
"2820","1570力肯","110/07/14","第一金-中山",0,3,-3
"2821","6180橘子","110/07/14","新加坡商瑞銀",84,28,56
"2822","6180橘子","110/07/14","凱基-台北",4,37,-33
"2823","6180橘子","110/07/14","日盛-信義",29,1,28
"2824","6180橘子","110/07/14","玉山-台南",1,22,-21
"2825","6180橘子","110/07/14","豐農",28,4,24
"2826","6180橘子","110/07/14","日盛-新竹",1,21,-20
"2827","6180橘子","110/07/14","新光-新竹",24,1,23
"2828","6180橘子","110/07/14","元富-潮州",0,19,-19
"2829","6180橘子","110/07/14","華南永昌-高雄",20,0,20
"2830","6180橘子","110/07/14","元大-信義",0,17,-17
"2831","6180橘子","110/07/14","元大-羅東",20,0,20
"2832","6180橘子","110/07/14","台灣企銀-台中",1,16,-15
"2833","6180橘子","110/07/14","元大-台中中港",20,0,20
"2834","6180橘子","110/07/14","元大-北港",0,15,-15
"2835","6180橘子","110/07/14","富邦-嘉義",24,5,19
"2836","6180橘子","110/07/14","富邦-高雄",0,14,-14
"2837","6180橘子","110/07/14","富邦-仁愛",15,0,15
"2838","6180橘子","110/07/14","兆豐-埔墘",0,13,-13
"2839","6180橘子","110/07/14","國票-九鼎",13,0,13
"2840","6180橘子","110/07/14","第一金-中山",0,10,-10
"2841","6180橘子","110/07/14","日盛-木柵",12,0,12
"2842","6180橘子","110/07/14","元大-彰化民生",0,10,-10
"2843","6180橘子","110/07/14","元大-成功",10,0,10
"2844","6180橘子","110/07/14","福勝",1,10,-9
"2845","6180橘子","110/07/14","港商野村",10,2,8
"2846","6180橘子","110/07/14","群益金鼎-丹鳳",1,10,-9
"2847","6180橘子","110/07/14","玉山-左營",8,0,8
"2848","6180橘子","110/07/14","群益金鼎-板橋",0,8,-8
"2849","6180橘子","110/07/14","富邦-陽明",16,8,8
"2850","6180橘子","110/07/14","合庫-鳳山",0,7,-7
"2851","2390云辰","110/07/14","摩根大通",995,198,797
"2852","2390云辰","110/07/14","新加坡商瑞銀",28,399,-371
"2853","2390云辰","110/07/14","美林",383,22,361
"2854","2390云辰","110/07/14","凱基-新豐",3,198,-195
"2855","2390云辰","110/07/14","台灣摩根士丹利",684,358,326
"2856","2390云辰","110/07/14","元大-士林",1,152,-151
"2857","2390云辰","110/07/14","凱基-台北",656,402,254
"2858","2390云辰","110/07/14","元大-竹山",80,181,-101
"2859","2390云辰","110/07/14","日盛-和美",110,5,105
"2860","2390云辰","110/07/14","群益金鼎-開元",19,95,-76
"2861","2390云辰","110/07/14","元大-天母",72,0,72
"2862","2390云辰","110/07/14","新光",77,150,-73
"2863","2390云辰","110/07/14","永豐金-松山",57,0,57
"2864","2390云辰","110/07/14","元富-高雄",0,71,-71
"2865","2390云辰","110/07/14","統一-屏東",53,0,53
"2866","2390云辰","110/07/14","元大-土城學府",130,201,-71
"2867","2390云辰","110/07/14","港商野村",486,450,36
"2868","2390云辰","110/07/14","元大-善化",12,76,-64
"2869","2390云辰","110/07/14","致和-崇德",30,0,30
"2870","2390云辰","110/07/14","華南永昌-岡山",23,81,-58
"2871","2390云辰","110/07/14","富邦-台北",40,14,26
"2872","2390云辰","110/07/14","群益金鼎-大興",82,125,-43
"2873","2390云辰","110/07/14","台新-高雄",38,13,25
"2874","2390云辰","110/07/14","大慶-中壢",0,41,-41
"2875","2390云辰","110/07/14","富邦-板橋",32,7,25
"2876","2390云辰","110/07/14","玉山-板橋",6,47,-41
"2877","2390云辰","110/07/14","陽信-石牌",24,0,24
"2878","2390云辰","110/07/14","富邦-台東",2,42,-40
"2879","2390云辰","110/07/14","凱基-屏東",32,8,24
"2880","2390云辰","110/07/14","元大-新營",3,42,-39
"2881","2363矽統","110/07/13","凱基-南崁",2133,63,2070
"2882","2363矽統","110/07/13","凱基-幸福",36,4048,-4012
"2883","2363矽統","110/07/13","國泰-敦南",2195,1617,578
"2884","2363矽統","110/07/13","統一",192,3325,-3133
"2885","2363矽統","110/07/13","中農",670,139,531
"2886","2363矽統","110/07/13","新加坡商瑞銀",1000,2747,-1747
"2887","2363矽統","110/07/13","康和-台中",638,154,484
"2888","2363矽統","110/07/13","凱基-台北",5359,6609,-1250
"2889","2363矽統","110/07/13","群益金鼎-三民",577,137,440
"2890","2363矽統","110/07/13","摩根大通",1930,2858,-928
"2891","2363矽統","110/07/13","台新-屏東",510,88,422
"2892","2363矽統","110/07/13","港商野村",960,1679,-719
"2893","2363矽統","110/07/13","德信-中正",455,67,388
"2894","2363矽統","110/07/13","兆豐-復興",25,705,-680
"2895","2363矽統","110/07/13","日盛-竹北",365,70,295
"2896","2363矽統","110/07/13","統一-仁愛",114,755,-641
"2897","2363矽統","110/07/13","元大-佳里",452,189,263
"2898","2363矽統","110/07/13","統一-敦南",29,638,-609
"2899","2363矽統","110/07/13","國票-博愛",296,38,258
"2900","2363矽統","110/07/13","統一-土城",100,704,-604
"2901","2363矽統","110/07/13","元大-萬華",340,95,245
"2902","2363矽統","110/07/13","統一-城中",116,676,-560
"2903","2363矽統","110/07/13","新光",1259,1031,228
"2904","2363矽統","110/07/13","永豐金證券",306,859,-553
"2905","2363矽統","110/07/13","元富-成功",323,96,227
"2906","2363矽統","110/07/13","元富",54,567,-513
"2907","2363矽統","110/07/13","豐農",228,23,205
"2908","2363矽統","110/07/13","瑞士信貸",202,666,-464
"2909","2363矽統","110/07/13","台灣企銀-岡山",186,4,182
"2910","2363矽統","110/07/13","永豐金-嘉義",67,468,-401
"2911","8112至上","110/07/13","摩根大通",688,296,392
"2912","8112至上","110/07/13","國票-中和",0,401,-401
"2913","8112至上","110/07/13","港商野村",344,145,199
"2914","8112至上","110/07/13","永豐金-板盛",0,205,-205
"2915","8112至上","110/07/13","兆豐-公益",195,5,190
"2916","8112至上","110/07/13","凱基-五股",43,155,-112
"2917","8112至上","110/07/13","台灣摩根士丹利",183,0,183
"2918","8112至上","110/07/13","凱基-市政",0,100,-100
"2919","8112至上","110/07/13","群益金鼎-敦南",153,2,151
"2920","8112至上","110/07/13","元大-大里德芳",1,92,-91
"2921","8112至上","110/07/13","臺銀-金山",146,26,120
"2922","8112至上","110/07/13","玉山-桃園",26,110,-84
"2923","8112至上","110/07/13","臺銀",133,19,114
"2924","8112至上","110/07/13","兆豐-天母",0,81,-81
"2925","8112至上","110/07/13","合庫-台中",115,6,109
"2926","8112至上","110/07/13","凱基-城中",3,84,-81
"2927","8112至上","110/07/13","亞東-板橋",134,26,108
"2928","8112至上","110/07/13","日盛-新莊",9,85,-76
"2929","8112至上","110/07/13","凱基-台北",414,326,88
"2930","8112至上","110/07/13","日盛-台中",2,64,-62
"2931","8112至上","110/07/13","新加坡商瑞銀",181,100,81
"2932","8112至上","110/07/13","日盛-中壢",3,64,-61
"2933","8112至上","110/07/13","國泰-敦南",108,31,77
"2934","8112至上","110/07/13","元大-台中",2,59,-57
"2935","8112至上","110/07/13","第一金-華江",77,4,73
"2936","8112至上","110/07/13","元大-雙和",7,64,-57
"2937","8112至上","110/07/13","永豐金-內湖",73,1,72
"2938","8112至上","110/07/13","元大-高雄",8,62,-54
"2939","8112至上","110/07/13","元大-永和",68,1,67
"2940","8112至上","110/07/13","元大-館前",2,55,-53
"2941","1570力肯","110/07/13","新光",115,11,104
"2942","1570力肯","110/07/13","元大-北三重",0,162,-162
"2943","1570力肯","110/07/13","群益金鼎-高雄",54,0,54
"2944","1570力肯","110/07/13","元大-大灣",0,25,-25
"2945","1570力肯","110/07/13","國票-新莊",22,0,22
"2946","1570力肯","110/07/13","永豐金-苓雅",0,22,-22
"2947","1570力肯","110/07/13","日盛-桃園",12,0,12
"2948","1570力肯","110/07/13","永豐金-永康",0,19,-19
"2949","1570力肯","110/07/13","元大-高雄",12,0,12
"2950","1570力肯","110/07/13","富邦-員林",0,15,-15
"2951","1570力肯","110/07/13","合庫-自強",11,0,11
"2952","1570力肯","110/07/13","凱基-台南",0,11,-11
"2953","1570力肯","110/07/13","摩根大通",26,15,11
"2954","1570力肯","110/07/13","日盛-竹北",0,10,-10
"2955","1570力肯","110/07/13","永豐金-中盛",11,0,11
"2956","1570力肯","110/07/13","國票-九鼎",0,10,-10
"2957","1570力肯","110/07/13","兆豐-台中港",10,0,10
"2958","1570力肯","110/07/13","凱基-桃園",0,10,-10
"2959","1570力肯","110/07/13","國泰-松江",9,0,9
"2960","1570力肯","110/07/13","凱基-新豐",0,10,-10
"2961","1570力肯","110/07/13","元大-新盛",9,0,9
"2962","1570力肯","110/07/13","元大-學甲",0,10,-10
"2963","1570力肯","110/07/13","元富-緯城",6,0,6
"2964","1570力肯","110/07/13","群益金鼎-東湖",1,10,-9
"2965","1570力肯","110/07/13","統一-三重",5,0,5
"2966","1570力肯","110/07/13","大昌",0,6,-6
"2967","1570力肯","110/07/13","元大-前金",5,0,5
"2968","1570力肯","110/07/13","元大-土城學府",0,6,-6
"2969","1570力肯","110/07/13","永豐金證券",5,0,5
"2970","1570力肯","110/07/13","統一",0,5,-5
"2971","2929淘帝","110/07/13","玉山-新竹",130,0,130
"2972","2929淘帝","110/07/13","美商高盛",0,177,-177
"2973","2929淘帝","110/07/13","臺銀-民權",60,0,60
"2974","2929淘帝","110/07/13","凱基-台北",6,80,-74
"2975","2929淘帝","110/07/13","新百王",31,0,31
"2976","2929淘帝","110/07/13","元富-大裕",0,49,-49
"2977","2929淘帝","110/07/13","日盛-園區",30,0,30
"2978","2929淘帝","110/07/13","國泰-館前",3,51,-48
"2979","2929淘帝","110/07/13","元大-南投",31,1,30
"2980","2929淘帝","110/07/13","凱基-中壢",0,41,-41
"2981","2929淘帝","110/07/13","兆豐-忠孝",28,0,28
"2982","2929淘帝","110/07/13","港商野村",21,55,-34
"2983","2929淘帝","110/07/13","元大-民生",28,0,28
"2984","2929淘帝","110/07/13","華南永昌-南京",2,34,-32
"2985","2929淘帝","110/07/13","合庫-高雄",27,0,27
"2986","2929淘帝","110/07/13","群益金鼎-土城",0,30,-30
"2987","2929淘帝","110/07/13","凱基-豐中",27,0,27
"2988","2929淘帝","110/07/13","富邦-南屯",0,22,-22
"2989","2929淘帝","110/07/13","新光",21,4,17
"2990","2929淘帝","110/07/13","第一金-豐原",0,20,-20
"2991","2929淘帝","110/07/13","元大-天母",17,0,17
"2992","2929淘帝","110/07/13","元大-屏南",6,26,-20
"2993","2929淘帝","110/07/13","永興",14,0,14
"2994","2929淘帝","110/07/13","永豐金-敦南",1,21,-20
"2995","2929淘帝","110/07/13","富邦-台北",12,0,12
"2996","2929淘帝","110/07/13","凱基-三重",2,21,-19
"2997","2929淘帝","110/07/13","元大-永和",12,0,12
"2998","2929淘帝","110/07/13","富邦-仁愛",7,25,-18
"2999","2929淘帝","110/07/13","國票-天祥",11,0,11
"3000","2929淘帝","110/07/13","元大-北投",0,16,-16
"3001","5410國眾","110/07/13","兆豐-城中",274,0,274
"3002","5410國眾","110/07/13","元富-嘉義",0,103,-103
"3003","5410國眾","110/07/13","新光",50,4,46
"3004","5410國眾","110/07/13","凱基-台北",0,50,-50
"3005","5410國眾","110/07/13","國泰-台中",26,0,26
"3006","5410國眾","110/07/13","瑞士信貸",0,31,-31
"3007","5410國眾","110/07/13","新加坡商瑞銀",22,0,22
"3008","5410國眾","110/07/13","台新-新莊",0,27,-27
"3009","5410國眾","110/07/13","光和-嘉義",20,0,20
"3010","5410國眾","110/07/13","元大-汐止",0,20,-20
"3011","5410國眾","110/07/13","凱基-竹北",17,0,17
"3012","5410國眾","110/07/13","亞東-新竹",0,17,-17
"3013","5410國眾","110/07/13","新光-桃園",15,0,15
"3014","5410國眾","110/07/13","元大-南勢角",0,13,-13
"3015","5410國眾","110/07/13","凱基-台東",14,0,14
"3016","5410國眾","110/07/13","台新-台南",0,12,-12
"3017","5410國眾","110/07/13","富邦-竹北",11,0,11
"3018","5410國眾","110/07/13","中國信託",0,11,-11
"3019","5410國眾","110/07/13","元富-同大",10,0,10
"3020","5410國眾","110/07/13","華南永昌",0,11,-11
"3021","5410國眾","110/07/13","國泰-敦南",24,15,9
"3022","5410國眾","110/07/13","臺銀-臺南",0,10,-10
"3023","5410國眾","110/07/13","日盛-內湖",7,0,7
"3024","5410國眾","110/07/13","台灣企銀-民雄",0,10,-10
"3025","5410國眾","110/07/13","台新-左楠",7,0,7
"3026","5410國眾","110/07/13","高橋",0,10,-10
"3027","5410國眾","110/07/13","元大-新盛",18,12,6
"3028","5410國眾","110/07/13","康和-嘉義",0,10,-10
"3029","5410國眾","110/07/13","統一",5,0,5
"3030","5410國眾","110/07/13","凱基-基隆",0,10,-10
"3031","2841台開","110/07/13","中國信託-高雄",251,50,201
"3032","2841台開","110/07/13","兆豐-公益",0,177,-177
"3033","2841台開","110/07/13","日盛證券",210,13,197
"3034","2841台開","110/07/13","日進",0,152,-152
"3035","2841台開","110/07/13","第一金-台中",55,0,55
"3036","2841台開","110/07/13","港商野村",0,109,-109
"3037","2841台開","110/07/13","國泰-板橋",46,0,46
"3038","2841台開","110/07/13","日盛-信義",0,103,-103
"3039","2841台開","110/07/13","國泰-館前",48,3,45
"3040","2841台開","110/07/13","國泰-敦南",11,75,-64
"3041","2841台開","110/07/13","華南永昌-新莊",45,0,45
"3042","2841台開","110/07/13","永興",0,50,-50
"3043","2841台開","110/07/13","日盛-園區",42,0,42
"3044","2841台開","110/07/13","永豐金-敦南",61,104,-43
"3045","2841台開","110/07/13","台新證券",32,0,32
"3046","2841台開","110/07/13","富邦-台南",0,42,-42
"3047","2841台開","110/07/13","台新-高雄",32,2,30
"3048","2841台開","110/07/13","國票-安和",0,30,-30
"3049","2841台開","110/07/13","豐農",23,0,23
"3050","2841台開","110/07/13","元大-桃園",0,25,-25
"3051","2841台開","110/07/13","合庫-嘉義",20,0,20
"3052","2841台開","110/07/13","新光",8,32,-24
"3053","2841台開","110/07/13","華南永昌-高雄",20,0,20
"3054","2841台開","110/07/13","元大-仁愛",0,24,-24
"3055","2841台開","110/07/13","元大-樹林",16,0,16
"3056","2841台開","110/07/13","日盛-中和",0,20,-20
"3057","2841台開","110/07/13","第一金-華江",15,2,13
"3058","2841台開","110/07/13","元富",0,20,-20
"3059","2841台開","110/07/13","美商高盛",12,0,12
"3060","2841台開","110/07/13","富邦-宜蘭",0,20,-20
"3061","6207雷科","110/07/13","元大-高雄",121,0,121
"3062","6207雷科","110/07/13","華南永昌-朴子",1,60,-59
"3063","6207雷科","110/07/13","第一金-新興",20,0,20
"3064","6207雷科","110/07/13","元大-南海",0,36,-36
"3065","6207雷科","110/07/13","元富-三重",20,0,20
"3066","6207雷科","110/07/13","凱基-土城",0,35,-35
"3067","6207雷科","110/07/13","元大-林園",15,0,15
"3068","6207雷科","110/07/13","台灣企銀",0,20,-20
"3069","6207雷科","110/07/13","元大-金華",16,1,15
"3070","6207雷科","110/07/13","群益金鼎-丹鳳",0,20,-20
"3071","6207雷科","110/07/13","日盛證券",10,0,10
"3072","6207雷科","110/07/13","元大-博愛",0,17,-17
"3073","6207雷科","110/07/13","統一-台中",10,0,10
"3074","6207雷科","110/07/13","元大-北港",0,13,-13
"3075","6207雷科","110/07/13","群益金鼎-土城",10,0,10
"3076","6207雷科","110/07/13","新加坡商瑞銀",0,12,-12
"3077","6207雷科","110/07/13","群益金鼎-桃園",10,0,10
"3078","6207雷科","110/07/13","凱基-台北",4,16,-12
"3079","6207雷科","110/07/13","永豐金-新莊",10,0,10
"3080","6207雷科","110/07/13","日茂-埔里",0,11,-11
"3081","6207雷科","110/07/13","永豐金-新店",10,0,10
"3082","6207雷科","110/07/13","元大-莒光",0,11,-11
"3083","6207雷科","110/07/13","元大證券",9,0,9
"3084","6207雷科","110/07/13","統一-新竹",0,10,-10
"3085","6207雷科","110/07/13","日盛-木柵",9,1,8
"3086","6207雷科","110/07/13","元大-西螺",0,10,-10
"3087","6207雷科","110/07/13","兆豐-來福",8,0,8
"3088","6207雷科","110/07/13","康和-台中",0,8,-8
"3089","6207雷科","110/07/13","新光",7,0,7
"3090","6207雷科","110/07/13","兆豐-高雄",0,6,-6
"3091","3679新至陞","110/07/13","永豐金證券",50,0,50
"3092","3679新至陞","110/07/13","摩根大通",2,25,-23
"3093","3679新至陞","110/07/13","國泰-桃園",22,0,22
"3094","3679新至陞","110/07/13","元大-成功",0,22,-22
"3095","3679新至陞","110/07/13","台中銀-員林",11,0,11
"3096","3679新至陞","110/07/13","富邦-板橋",1,19,-18
"3097","3679新至陞","110/07/13","元大-文心興安",8,0,8
"3098","3679新至陞","110/07/13","日盛-新莊",0,10,-10
"3099","3679新至陞","110/07/13","美商高盛",6,0,6
"3100","3679新至陞","110/07/13","台新-台中",0,10,-10
"3101","3679新至陞","110/07/13","台新-高雄",6,0,6
"3102","3679新至陞","110/07/13","永豐金-新竹",0,8,-8
"3103","3679新至陞","110/07/13","凱基-台北",18,12,6
"3104","3679新至陞","110/07/13","瑞士信貸",12,19,-7
"3105","3679新至陞","110/07/13","日盛-復興",5,0,5
"3106","3679新至陞","110/07/13","統一-南京",0,7,-7
"3107","3679新至陞","110/07/13","(牛牛牛)亞-鑫豐",4,0,4
"3108","3679新至陞","110/07/13","凱基-新莊",0,7,-7
"3109","3679新至陞","110/07/13","元富-大昌",3,0,3
"3110","3679新至陞","110/07/13","新加坡商瑞銀",0,6,-6
"3111","3679新至陞","110/07/13","富邦-台北",3,0,3
"3112","3679新至陞","110/07/13","合庫-自強",0,5,-5
"3113","3679新至陞","110/07/13","日盛-樹林",2,0,2
"3114","3679新至陞","110/07/13","富邦-桃園",0,5,-5
"3115","3679新至陞","110/07/13","宏遠-光隆",2,0,2
"3116","3679新至陞","110/07/13","永豐金-潮州",0,4,-4
"3117","3679新至陞","110/07/13","美林",3,1,2
"3118","3679新至陞","110/07/13","臺銀-臺南",0,3,-3
"3119","3679新至陞","110/07/13","第一金-中壢",2,0,2
"3120","3679新至陞","110/07/13","元大-六合",0,3,-3
"3121","2727王品","110/07/13","富邦-台北",43,3,40
"3122","2727王品","110/07/13","台灣摩根士丹利",15,97,-82
"3123","2727王品","110/07/13","元大-基隆孝二",40,0,40
"3124","2727王品","110/07/13","玉山-台南",5,57,-52
"3125","2727王品","110/07/13","國票-新莊",40,1,39
"3126","2727王品","110/07/13","新加坡商瑞銀",0,48,-48
"3127","2727王品","110/07/13","第一金-豐原",66,42,24
"3128","2727王品","110/07/13","凱基-台北",41,77,-36
"3129","2727王品","110/07/13","永豐金-大園",34,10,24
"3130","2727王品","110/07/13","永豐金-永康",0,22,-22
"3131","2727王品","110/07/13","元大-北屯",22,0,22
"3132","2727王品","110/07/13","統一-台中",2,22,-20
"3133","2727王品","110/07/13","元大-東蘆",26,7,19
"3134","2727王品","110/07/13","國泰-台中",21,39,-18
"3135","2727王品","110/07/13","永豐金-萬盛",13,1,12
"3136","2727王品","110/07/13","合庫-彰化",3,20,-17
"3137","2727王品","110/07/13","日盛-嘉義",11,0,11
"3138","2727王品","110/07/13","港商野村",13,30,-17
"3139","2727王品","110/07/13","日盛-八德",11,0,11
"3140","2727王品","110/07/13","元大-楊梅",1,16,-15
"3141","2727王品","110/07/13","統一-竹南",11,0,11
"3142","2727王品","110/07/13","凱基-高美館",2,15,-13
"3143","2727王品","110/07/13","日盛-士林",12,2,10
"3144","2727王品","110/07/13","美商高盛",2,14,-12
"3145","2727王品","110/07/13","統一-敦南",10,0,10
"3146","2727王品","110/07/13","統一-平鎮",1,13,-12
"3147","2727王品","110/07/13","中國信託",15,5,10
"3148","2727王品","110/07/13","兆豐-台中港",4,16,-12
"3149","2727王品","110/07/13","兆豐-竹北",13,3,10
"3150","2727王品","110/07/13","凱基-八德",1,13,-12
"3151","1570力肯","110/07/13","新光",115,11,104
"3152","1570力肯","110/07/13","元大-北三重",0,162,-162
"3153","1570力肯","110/07/13","群益金鼎-高雄",54,0,54
"3154","1570力肯","110/07/13","元大-大灣",0,25,-25
"3155","1570力肯","110/07/13","國票-新莊",22,0,22
"3156","1570力肯","110/07/13","永豐金-苓雅",0,22,-22
"3157","1570力肯","110/07/13","日盛-桃園",12,0,12
"3158","1570力肯","110/07/13","永豐金-永康",0,19,-19
"3159","1570力肯","110/07/13","元大-高雄",12,0,12
"3160","1570力肯","110/07/13","富邦-員林",0,15,-15
"3161","1570力肯","110/07/13","合庫-自強",11,0,11
"3162","1570力肯","110/07/13","凱基-台南",0,11,-11
"3163","1570力肯","110/07/13","摩根大通",26,15,11
"3164","1570力肯","110/07/13","日盛-竹北",0,10,-10
"3165","1570力肯","110/07/13","永豐金-中盛",11,0,11
"3166","1570力肯","110/07/13","國票-九鼎",0,10,-10
"3167","1570力肯","110/07/13","兆豐-台中港",10,0,10
"3168","1570力肯","110/07/13","凱基-桃園",0,10,-10
"3169","1570力肯","110/07/13","國泰-松江",9,0,9
"3170","1570力肯","110/07/13","凱基-新豐",0,10,-10
"3171","1570力肯","110/07/13","元大-新盛",9,0,9
"3172","1570力肯","110/07/13","元大-學甲",0,10,-10
"3173","1570力肯","110/07/13","元富-緯城",6,0,6
"3174","1570力肯","110/07/13","群益金鼎-東湖",1,10,-9
"3175","1570力肯","110/07/13","統一-三重",5,0,5
"3176","1570力肯","110/07/13","大昌",0,6,-6
"3177","1570力肯","110/07/13","元大-前金",5,0,5
"3178","1570力肯","110/07/13","元大-土城學府",0,6,-6
"3179","1570力肯","110/07/13","永豐金證券",5,0,5
"3180","1570力肯","110/07/13","統一",0,5,-5
"3181","6180橘子","110/07/13","摩根大通",119,0,119
"3182","6180橘子","110/07/13","元大-崇德",2,61,-59
"3183","6180橘子","110/07/13","美商高盛",96,0,96
"3184","6180橘子","110/07/13","康和-台中",0,51,-51
"3185","6180橘子","110/07/13","新加坡商瑞銀",86,7,79
"3186","6180橘子","110/07/13","康和-台北",0,50,-50
"3187","6180橘子","110/07/13","元大-和平",40,0,40
"3188","6180橘子","110/07/13","元富-潮州",0,40,-40
"3189","6180橘子","110/07/13","凱基-台北",83,47,36
"3190","6180橘子","110/07/13","日盛-永康",0,26,-26
"3191","6180橘子","110/07/13","美林",39,5,34
"3192","6180橘子","110/07/13","永豐金-中正",0,24,-24
"3193","6180橘子","110/07/13","富邦-新竹華信",31,2,29
"3194","6180橘子","110/07/13","國泰-板橋",2,25,-23
"3195","6180橘子","110/07/13","統一-南京",21,0,21
"3196","6180橘子","110/07/13","日盛-大墩",0,20,-20
"3197","6180橘子","110/07/13","富邦-陽明",24,3,21
"3198","6180橘子","110/07/13","元大-草屯",13,32,-19
"3199","6180橘子","110/07/13","大昌-樹林",21,1,20
"3200","6180橘子","110/07/13","元富-林園",1,18,-17
"3201","6180橘子","110/07/13","花旗環球",19,0,19
"3202","6180橘子","110/07/13","新光-新竹",1,18,-17
"3203","6180橘子","110/07/13","華南永昌-台南",19,0,19
"3204","6180橘子","110/07/13","元大-土城永寧",0,17,-17
"3205","6180橘子","110/07/13","福勝",14,0,14
"3206","6180橘子","110/07/13","國泰-新莊",3,19,-16
"3207","6180橘子","110/07/13","富邦-嘉義",12,1,11
"3208","6180橘子","110/07/13","中國信託-永康",6,21,-15
"3209","6180橘子","110/07/13","元大-板橋三民",11,0,11
"3210","6180橘子","110/07/13","凱基-東港",1,15,-14
"3211","2390云辰","110/07/13","新加坡商瑞銀",562,75,487
"3212","2390云辰","110/07/13","大展-台南",0,532,-532
"3213","2390云辰","110/07/13","台灣摩根士丹利",330,155,175
"3214","2390云辰","110/07/13","凱基-台北",668,854,-186
"3215","2390云辰","110/07/13","兆豐-公益",126,25,101
"3216","2390云辰","110/07/13","凱基-三重",12,172,-160
"3217","2390云辰","110/07/13","元富-中港",100,2,98
"3218","2390云辰","110/07/13","兆豐-忠孝",4,161,-157
"3219","2390云辰","110/07/13","統一-新台中",106,9,97
"3220","2390云辰","110/07/13","元大-士林",19,170,-151
"3221","2390云辰","110/07/13","中國信託-松江",81,11,70
"3222","2390云辰","110/07/13","臺銀-新竹",14,117,-103
"3223","2390云辰","110/07/13","日盛-板橋",72,3,69
"3224","2390云辰","110/07/13","國票-台中",4,102,-98
"3225","2390云辰","110/07/13","日盛-和美",57,0,57
"3226","2390云辰","110/07/13","新光",147,232,-85
"3227","2390云辰","110/07/13","永豐金-桃園",88,36,52
"3228","2390云辰","110/07/13","致和-崇德",2,70,-68
"3229","2390云辰","110/07/13","玉山-士林",54,4,50
"3230","2390云辰","110/07/13","群益金鼎-屏東",2,70,-68
"3231","2390云辰","110/07/13","富邦-仁愛",56,6,50
"3232","2390云辰","110/07/13","元大-大里",35,98,-63
"3233","2390云辰","110/07/13","第一金-豐原",50,1,49
"3234","2390云辰","110/07/13","元大-萬華",35,94,-59
"3235","2390云辰","110/07/13","摩根大通",502,453,49
"3236","2390云辰","110/07/13","元富-吉利",2,60,-58
"3237","2390云辰","110/07/13","凱基-松山",61,13,48
"3238","2390云辰","110/07/13","兆豐-新竹",3,53,-50
"3239","2390云辰","110/07/13","大昌",64,22,42
"3240","2390云辰","110/07/13","富邦-嘉義",65,108,-43
"3241","2363矽統","110/07/13","凱基-南崁",2133,63,2070
"3242","2363矽統","110/07/13","凱基-幸福",36,4048,-4012
"3243","2363矽統","110/07/13","國泰-敦南",2195,1617,578
"3244","2363矽統","110/07/13","統一",192,3325,-3133
"3245","2363矽統","110/07/13","中農",670,139,531
"3246","2363矽統","110/07/13","新加坡商瑞銀",1000,2747,-1747
"3247","2363矽統","110/07/13","康和-台中",638,154,484
"3248","2363矽統","110/07/13","凱基-台北",5359,6609,-1250
"3249","2363矽統","110/07/13","群益金鼎-三民",577,137,440
"3250","2363矽統","110/07/13","摩根大通",1930,2858,-928
"3251","2363矽統","110/07/13","台新-屏東",510,88,422
"3252","2363矽統","110/07/13","港商野村",960,1679,-719
"3253","2363矽統","110/07/13","德信-中正",455,67,388
"3254","2363矽統","110/07/13","兆豐-復興",25,705,-680
"3255","2363矽統","110/07/13","日盛-竹北",365,70,295
"3256","2363矽統","110/07/13","統一-仁愛",114,755,-641
"3257","2363矽統","110/07/13","元大-佳里",452,189,263
"3258","2363矽統","110/07/13","統一-敦南",29,638,-609
"3259","2363矽統","110/07/13","國票-博愛",296,38,258
"3260","2363矽統","110/07/13","統一-土城",100,704,-604
"3261","2363矽統","110/07/13","元大-萬華",340,95,245
"3262","2363矽統","110/07/13","統一-城中",116,676,-560
"3263","2363矽統","110/07/13","新光",1259,1031,228
"3264","2363矽統","110/07/13","永豐金證券",306,859,-553
"3265","2363矽統","110/07/13","元富-成功",323,96,227
"3266","2363矽統","110/07/13","元富",54,567,-513
"3267","2363矽統","110/07/13","豐農",228,23,205
"3268","2363矽統","110/07/13","瑞士信貸",202,666,-464
"3269","2363矽統","110/07/13","台灣企銀-岡山",186,4,182
"3270","2363矽統","110/07/13","永豐金-嘉義",67,468,-401
"3271","8112至上","110/07/13","摩根大通",688,296,392
"3272","8112至上","110/07/13","國票-中和",0,401,-401
"3273","8112至上","110/07/13","港商野村",344,145,199
"3274","8112至上","110/07/13","永豐金-板盛",0,205,-205
"3275","8112至上","110/07/13","兆豐-公益",195,5,190
"3276","8112至上","110/07/13","凱基-五股",43,155,-112
"3277","8112至上","110/07/13","台灣摩根士丹利",183,0,183
"3278","8112至上","110/07/13","凱基-市政",0,100,-100
"3279","8112至上","110/07/13","群益金鼎-敦南",153,2,151
"3280","8112至上","110/07/13","元大-大里德芳",1,92,-91
"3281","8112至上","110/07/13","臺銀-金山",146,26,120
"3282","8112至上","110/07/13","玉山-桃園",26,110,-84
"3283","8112至上","110/07/13","臺銀",133,19,114
"3284","8112至上","110/07/13","兆豐-天母",0,81,-81
"3285","8112至上","110/07/13","合庫-台中",115,6,109
"3286","8112至上","110/07/13","凱基-城中",3,84,-81
"3287","8112至上","110/07/13","亞東-板橋",134,26,108
"3288","8112至上","110/07/13","日盛-新莊",9,85,-76
"3289","8112至上","110/07/13","凱基-台北",414,326,88
"3290","8112至上","110/07/13","日盛-台中",2,64,-62
"3291","8112至上","110/07/13","新加坡商瑞銀",181,100,81
"3292","8112至上","110/07/13","日盛-中壢",3,64,-61
"3293","8112至上","110/07/13","國泰-敦南",108,31,77
"3294","8112至上","110/07/13","元大-台中",2,59,-57
"3295","8112至上","110/07/13","第一金-華江",77,4,73
"3296","8112至上","110/07/13","元大-雙和",7,64,-57
"3297","8112至上","110/07/13","永豐金-內湖",73,1,72
"3298","8112至上","110/07/13","元大-高雄",8,62,-54
"3299","8112至上","110/07/13","元大-永和",68,1,67
"3300","8112至上","110/07/13","元大-館前",2,55,-53
"3301","1570力肯","110/07/13","新光",115,11,104
"3302","1570力肯","110/07/13","元大-北三重",0,162,-162
"3303","1570力肯","110/07/13","群益金鼎-高雄",54,0,54
"3304","1570力肯","110/07/13","元大-大灣",0,25,-25
"3305","1570力肯","110/07/13","國票-新莊",22,0,22
"3306","1570力肯","110/07/13","永豐金-苓雅",0,22,-22
"3307","1570力肯","110/07/13","日盛-桃園",12,0,12
"3308","1570力肯","110/07/13","永豐金-永康",0,19,-19
"3309","1570力肯","110/07/13","元大-高雄",12,0,12
"3310","1570力肯","110/07/13","富邦-員林",0,15,-15
"3311","1570力肯","110/07/13","合庫-自強",11,0,11
"3312","1570力肯","110/07/13","凱基-台南",0,11,-11
"3313","1570力肯","110/07/13","摩根大通",26,15,11
"3314","1570力肯","110/07/13","日盛-竹北",0,10,-10
"3315","1570力肯","110/07/13","永豐金-中盛",11,0,11
"3316","1570力肯","110/07/13","國票-九鼎",0,10,-10
"3317","1570力肯","110/07/13","兆豐-台中港",10,0,10
"3318","1570力肯","110/07/13","凱基-桃園",0,10,-10
"3319","1570力肯","110/07/13","國泰-松江",9,0,9
"3320","1570力肯","110/07/13","凱基-新豐",0,10,-10
"3321","1570力肯","110/07/13","元大-新盛",9,0,9
"3322","1570力肯","110/07/13","元大-學甲",0,10,-10
"3323","1570力肯","110/07/13","元富-緯城",6,0,6
"3324","1570力肯","110/07/13","群益金鼎-東湖",1,10,-9
"3325","1570力肯","110/07/13","統一-三重",5,0,5
"3326","1570力肯","110/07/13","大昌",0,6,-6
"3327","1570力肯","110/07/13","元大-前金",5,0,5
"3328","1570力肯","110/07/13","元大-土城學府",0,6,-6
"3329","1570力肯","110/07/13","永豐金證券",5,0,5
"3330","1570力肯","110/07/13","統一",0,5,-5
"3331","2929淘帝","110/07/13","玉山-新竹",130,0,130
"3332","2929淘帝","110/07/13","美商高盛",0,177,-177
"3333","2929淘帝","110/07/13","臺銀-民權",60,0,60
"3334","2929淘帝","110/07/13","凱基-台北",6,80,-74
"3335","2929淘帝","110/07/13","新百王",31,0,31
"3336","2929淘帝","110/07/13","元富-大裕",0,49,-49
"3337","2929淘帝","110/07/13","日盛-園區",30,0,30
"3338","2929淘帝","110/07/13","國泰-館前",3,51,-48
"3339","2929淘帝","110/07/13","元大-南投",31,1,30
"3340","2929淘帝","110/07/13","凱基-中壢",0,41,-41
"3341","2929淘帝","110/07/13","兆豐-忠孝",28,0,28
"3342","2929淘帝","110/07/13","港商野村",21,55,-34
"3343","2929淘帝","110/07/13","元大-民生",28,0,28
"3344","2929淘帝","110/07/13","華南永昌-南京",2,34,-32
"3345","2929淘帝","110/07/13","合庫-高雄",27,0,27
"3346","2929淘帝","110/07/13","群益金鼎-土城",0,30,-30
"3347","2929淘帝","110/07/13","凱基-豐中",27,0,27
"3348","2929淘帝","110/07/13","富邦-南屯",0,22,-22
"3349","2929淘帝","110/07/13","新光",21,4,17
"3350","2929淘帝","110/07/13","第一金-豐原",0,20,-20
"3351","2929淘帝","110/07/13","元大-天母",17,0,17
"3352","2929淘帝","110/07/13","元大-屏南",6,26,-20
"3353","2929淘帝","110/07/13","永興",14,0,14
"3354","2929淘帝","110/07/13","永豐金-敦南",1,21,-20
"3355","2929淘帝","110/07/13","富邦-台北",12,0,12
"3356","2929淘帝","110/07/13","凱基-三重",2,21,-19
"3357","2929淘帝","110/07/13","元大-永和",12,0,12
"3358","2929淘帝","110/07/13","富邦-仁愛",7,25,-18
"3359","2929淘帝","110/07/13","國票-天祥",11,0,11
"3360","2929淘帝","110/07/13","元大-北投",0,16,-16
"3361","5410國眾","110/07/13","兆豐-城中",274,0,274
"3362","5410國眾","110/07/13","元富-嘉義",0,103,-103
"3363","5410國眾","110/07/13","新光",50,4,46
"3364","5410國眾","110/07/13","凱基-台北",0,50,-50
"3365","5410國眾","110/07/13","國泰-台中",26,0,26
"3366","5410國眾","110/07/13","瑞士信貸",0,31,-31
"3367","5410國眾","110/07/13","新加坡商瑞銀",22,0,22
"3368","5410國眾","110/07/13","台新-新莊",0,27,-27
"3369","5410國眾","110/07/13","光和-嘉義",20,0,20
"3370","5410國眾","110/07/13","元大-汐止",0,20,-20
"3371","5410國眾","110/07/13","凱基-竹北",17,0,17
"3372","5410國眾","110/07/13","亞東-新竹",0,17,-17
"3373","5410國眾","110/07/13","新光-桃園",15,0,15
"3374","5410國眾","110/07/13","元大-南勢角",0,13,-13
"3375","5410國眾","110/07/13","凱基-台東",14,0,14
"3376","5410國眾","110/07/13","台新-台南",0,12,-12
"3377","5410國眾","110/07/13","富邦-竹北",11,0,11
"3378","5410國眾","110/07/13","中國信託",0,11,-11
"3379","5410國眾","110/07/13","元富-同大",10,0,10
"3380","5410國眾","110/07/13","華南永昌",0,11,-11
"3381","5410國眾","110/07/13","國泰-敦南",24,15,9
"3382","5410國眾","110/07/13","臺銀-臺南",0,10,-10
"3383","5410國眾","110/07/13","日盛-內湖",7,0,7
"3384","5410國眾","110/07/13","台灣企銀-民雄",0,10,-10
"3385","5410國眾","110/07/13","台新-左楠",7,0,7
"3386","5410國眾","110/07/13","高橋",0,10,-10
"3387","5410國眾","110/07/13","元大-新盛",18,12,6
"3388","5410國眾","110/07/13","康和-嘉義",0,10,-10
"3389","5410國眾","110/07/13","統一",5,0,5
"3390","5410國眾","110/07/13","凱基-基隆",0,10,-10
"3391","2841台開","110/07/13","中國信託-高雄",251,50,201
"3392","2841台開","110/07/13","兆豐-公益",0,177,-177
"3393","2841台開","110/07/13","日盛證券",210,13,197
"3394","2841台開","110/07/13","日進",0,152,-152
"3395","2841台開","110/07/13","第一金-台中",55,0,55
"3396","2841台開","110/07/13","港商野村",0,109,-109
"3397","2841台開","110/07/13","國泰-板橋",46,0,46
"3398","2841台開","110/07/13","日盛-信義",0,103,-103
"3399","2841台開","110/07/13","國泰-館前",48,3,45
"3400","2841台開","110/07/13","國泰-敦南",11,75,-64
"3401","2841台開","110/07/13","華南永昌-新莊",45,0,45
"3402","2841台開","110/07/13","永興",0,50,-50
"3403","2841台開","110/07/13","日盛-園區",42,0,42
"3404","2841台開","110/07/13","永豐金-敦南",61,104,-43
"3405","2841台開","110/07/13","台新證券",32,0,32
"3406","2841台開","110/07/13","富邦-台南",0,42,-42
"3407","2841台開","110/07/13","台新-高雄",32,2,30
"3408","2841台開","110/07/13","國票-安和",0,30,-30
"3409","2841台開","110/07/13","豐農",23,0,23
"3410","2841台開","110/07/13","元大-桃園",0,25,-25
"3411","2841台開","110/07/13","合庫-嘉義",20,0,20
"3412","2841台開","110/07/13","新光",8,32,-24
"3413","2841台開","110/07/13","華南永昌-高雄",20,0,20
"3414","2841台開","110/07/13","元大-仁愛",0,24,-24
"3415","2841台開","110/07/13","元大-樹林",16,0,16
"3416","2841台開","110/07/13","日盛-中和",0,20,-20
"3417","2841台開","110/07/13","第一金-華江",15,2,13
"3418","2841台開","110/07/13","元富",0,20,-20
"3419","2841台開","110/07/13","美商高盛",12,0,12
"3420","2841台開","110/07/13","富邦-宜蘭",0,20,-20
"3421","6207雷科","110/07/13","元大-高雄",121,0,121
"3422","6207雷科","110/07/13","華南永昌-朴子",1,60,-59
"3423","6207雷科","110/07/13","第一金-新興",20,0,20
"3424","6207雷科","110/07/13","元大-南海",0,36,-36
"3425","6207雷科","110/07/13","元富-三重",20,0,20
"3426","6207雷科","110/07/13","凱基-土城",0,35,-35
"3427","6207雷科","110/07/13","元大-林園",15,0,15
"3428","6207雷科","110/07/13","台灣企銀",0,20,-20
"3429","6207雷科","110/07/13","元大-金華",16,1,15
"3430","6207雷科","110/07/13","群益金鼎-丹鳳",0,20,-20
"3431","6207雷科","110/07/13","日盛證券",10,0,10
"3432","6207雷科","110/07/13","元大-博愛",0,17,-17
"3433","6207雷科","110/07/13","統一-台中",10,0,10
"3434","6207雷科","110/07/13","元大-北港",0,13,-13
"3435","6207雷科","110/07/13","群益金鼎-土城",10,0,10
"3436","6207雷科","110/07/13","新加坡商瑞銀",0,12,-12
"3437","6207雷科","110/07/13","群益金鼎-桃園",10,0,10
"3438","6207雷科","110/07/13","凱基-台北",4,16,-12
"3439","6207雷科","110/07/13","永豐金-新莊",10,0,10
"3440","6207雷科","110/07/13","日茂-埔里",0,11,-11
"3441","6207雷科","110/07/13","永豐金-新店",10,0,10
"3442","6207雷科","110/07/13","元大-莒光",0,11,-11
"3443","6207雷科","110/07/13","元大證券",9,0,9
"3444","6207雷科","110/07/13","統一-新竹",0,10,-10
"3445","6207雷科","110/07/13","日盛-木柵",9,1,8
"3446","6207雷科","110/07/13","元大-西螺",0,10,-10
"3447","6207雷科","110/07/13","兆豐-來福",8,0,8
"3448","6207雷科","110/07/13","康和-台中",0,8,-8
"3449","6207雷科","110/07/13","新光",7,0,7
"3450","6207雷科","110/07/13","兆豐-高雄",0,6,-6
"3451","3679新至陞","110/07/13","永豐金證券",50,0,50
"3452","3679新至陞","110/07/13","摩根大通",2,25,-23
"3453","3679新至陞","110/07/13","國泰-桃園",22,0,22
"3454","3679新至陞","110/07/13","元大-成功",0,22,-22
"3455","3679新至陞","110/07/13","台中銀-員林",11,0,11
"3456","3679新至陞","110/07/13","富邦-板橋",1,19,-18
"3457","3679新至陞","110/07/13","元大-文心興安",8,0,8
"3458","3679新至陞","110/07/13","日盛-新莊",0,10,-10
"3459","3679新至陞","110/07/13","美商高盛",6,0,6
"3460","3679新至陞","110/07/13","台新-台中",0,10,-10
"3461","3679新至陞","110/07/13","台新-高雄",6,0,6
"3462","3679新至陞","110/07/13","永豐金-新竹",0,8,-8
"3463","3679新至陞","110/07/13","凱基-台北",18,12,6
"3464","3679新至陞","110/07/13","瑞士信貸",12,19,-7
"3465","3679新至陞","110/07/13","日盛-復興",5,0,5
"3466","3679新至陞","110/07/13","統一-南京",0,7,-7
"3467","3679新至陞","110/07/13","(牛牛牛)亞-鑫豐",4,0,4
"3468","3679新至陞","110/07/13","凱基-新莊",0,7,-7
"3469","3679新至陞","110/07/13","元富-大昌",3,0,3
"3470","3679新至陞","110/07/13","新加坡商瑞銀",0,6,-6
"3471","3679新至陞","110/07/13","富邦-台北",3,0,3
"3472","3679新至陞","110/07/13","合庫-自強",0,5,-5
"3473","3679新至陞","110/07/13","日盛-樹林",2,0,2
"3474","3679新至陞","110/07/13","富邦-桃園",0,5,-5
"3475","3679新至陞","110/07/13","宏遠-光隆",2,0,2
"3476","3679新至陞","110/07/13","永豐金-潮州",0,4,-4
"3477","3679新至陞","110/07/13","美林",3,1,2
"3478","3679新至陞","110/07/13","臺銀-臺南",0,3,-3
"3479","3679新至陞","110/07/13","第一金-中壢",2,0,2
"3480","3679新至陞","110/07/13","元大-六合",0,3,-3
"3481","2727王品","110/07/13","富邦-台北",43,3,40
"3482","2727王品","110/07/13","台灣摩根士丹利",15,97,-82
"3483","2727王品","110/07/13","元大-基隆孝二",40,0,40
"3484","2727王品","110/07/13","玉山-台南",5,57,-52
"3485","2727王品","110/07/13","國票-新莊",40,1,39
"3486","2727王品","110/07/13","新加坡商瑞銀",0,48,-48
"3487","2727王品","110/07/13","第一金-豐原",66,42,24
"3488","2727王品","110/07/13","凱基-台北",41,77,-36
"3489","2727王品","110/07/13","永豐金-大園",34,10,24
"3490","2727王品","110/07/13","永豐金-永康",0,22,-22
"3491","2727王品","110/07/13","元大-北屯",22,0,22
"3492","2727王品","110/07/13","統一-台中",2,22,-20
"3493","2727王品","110/07/13","元大-東蘆",26,7,19
"3494","2727王品","110/07/13","國泰-台中",21,39,-18
"3495","2727王品","110/07/13","永豐金-萬盛",13,1,12
"3496","2727王品","110/07/13","合庫-彰化",3,20,-17
"3497","2727王品","110/07/13","日盛-嘉義",11,0,11
"3498","2727王品","110/07/13","港商野村",13,30,-17
"3499","2727王品","110/07/13","日盛-八德",11,0,11
"3500","2727王品","110/07/13","元大-楊梅",1,16,-15
"3501","2727王品","110/07/13","統一-竹南",11,0,11
"3502","2727王品","110/07/13","凱基-高美館",2,15,-13
"3503","2727王品","110/07/13","日盛-士林",12,2,10
"3504","2727王品","110/07/13","美商高盛",2,14,-12
"3505","2727王品","110/07/13","統一-敦南",10,0,10
"3506","2727王品","110/07/13","統一-平鎮",1,13,-12
"3507","2727王品","110/07/13","中國信託",15,5,10
"3508","2727王品","110/07/13","兆豐-台中港",4,16,-12
"3509","2727王品","110/07/13","兆豐-竹北",13,3,10
"3510","2727王品","110/07/13","凱基-八德",1,13,-12
"3511","1570力肯","110/07/13","新光",115,11,104
"3512","1570力肯","110/07/13","元大-北三重",0,162,-162
"3513","1570力肯","110/07/13","群益金鼎-高雄",54,0,54
"3514","1570力肯","110/07/13","元大-大灣",0,25,-25
"3515","1570力肯","110/07/13","國票-新莊",22,0,22
"3516","1570力肯","110/07/13","永豐金-苓雅",0,22,-22
"3517","1570力肯","110/07/13","日盛-桃園",12,0,12
"3518","1570力肯","110/07/13","永豐金-永康",0,19,-19
"3519","1570力肯","110/07/13","元大-高雄",12,0,12
"3520","1570力肯","110/07/13","富邦-員林",0,15,-15
"3521","1570力肯","110/07/13","合庫-自強",11,0,11
"3522","1570力肯","110/07/13","凱基-台南",0,11,-11
"3523","1570力肯","110/07/13","摩根大通",26,15,11
"3524","1570力肯","110/07/13","日盛-竹北",0,10,-10
"3525","1570力肯","110/07/13","永豐金-中盛",11,0,11
"3526","1570力肯","110/07/13","國票-九鼎",0,10,-10
"3527","1570力肯","110/07/13","兆豐-台中港",10,0,10
"3528","1570力肯","110/07/13","凱基-桃園",0,10,-10
"3529","1570力肯","110/07/13","國泰-松江",9,0,9
"3530","1570力肯","110/07/13","凱基-新豐",0,10,-10
"3531","1570力肯","110/07/13","元大-新盛",9,0,9
"3532","1570力肯","110/07/13","元大-學甲",0,10,-10
"3533","1570力肯","110/07/13","元富-緯城",6,0,6
"3534","1570力肯","110/07/13","群益金鼎-東湖",1,10,-9
"3535","1570力肯","110/07/13","統一-三重",5,0,5
"3536","1570力肯","110/07/13","大昌",0,6,-6
"3537","1570力肯","110/07/13","元大-前金",5,0,5
"3538","1570力肯","110/07/13","元大-土城學府",0,6,-6
"3539","1570力肯","110/07/13","永豐金證券",5,0,5
"3540","1570力肯","110/07/13","統一",0,5,-5
"3541","6180橘子","110/07/13","摩根大通",119,0,119
"3542","6180橘子","110/07/13","元大-崇德",2,61,-59
"3543","6180橘子","110/07/13","美商高盛",96,0,96
"3544","6180橘子","110/07/13","康和-台中",0,51,-51
"3545","6180橘子","110/07/13","新加坡商瑞銀",86,7,79
"3546","6180橘子","110/07/13","康和-台北",0,50,-50
"3547","6180橘子","110/07/13","元大-和平",40,0,40
"3548","6180橘子","110/07/13","元富-潮州",0,40,-40
"3549","6180橘子","110/07/13","凱基-台北",83,47,36
"3550","6180橘子","110/07/13","日盛-永康",0,26,-26
"3551","6180橘子","110/07/13","美林",39,5,34
"3552","6180橘子","110/07/13","永豐金-中正",0,24,-24
"3553","6180橘子","110/07/13","富邦-新竹華信",31,2,29
"3554","6180橘子","110/07/13","國泰-板橋",2,25,-23
"3555","6180橘子","110/07/13","統一-南京",21,0,21
"3556","6180橘子","110/07/13","日盛-大墩",0,20,-20
"3557","6180橘子","110/07/13","富邦-陽明",24,3,21
"3558","6180橘子","110/07/13","元大-草屯",13,32,-19
"3559","6180橘子","110/07/13","大昌-樹林",21,1,20
"3560","6180橘子","110/07/13","元富-林園",1,18,-17
"3561","6180橘子","110/07/13","花旗環球",19,0,19
"3562","6180橘子","110/07/13","新光-新竹",1,18,-17
"3563","6180橘子","110/07/13","華南永昌-台南",19,0,19
"3564","6180橘子","110/07/13","元大-土城永寧",0,17,-17
"3565","6180橘子","110/07/13","福勝",14,0,14
"3566","6180橘子","110/07/13","國泰-新莊",3,19,-16
"3567","6180橘子","110/07/13","富邦-嘉義",12,1,11
"3568","6180橘子","110/07/13","中國信託-永康",6,21,-15
"3569","6180橘子","110/07/13","元大-板橋三民",11,0,11
"3570","6180橘子","110/07/13","凱基-東港",1,15,-14
"3571","2390云辰","110/07/13","新加坡商瑞銀",562,75,487
"3572","2390云辰","110/07/13","大展-台南",0,532,-532
"3573","2390云辰","110/07/13","台灣摩根士丹利",330,155,175
"3574","2390云辰","110/07/13","凱基-台北",668,854,-186
"3575","2390云辰","110/07/13","兆豐-公益",126,25,101
"3576","2390云辰","110/07/13","凱基-三重",12,172,-160
"3577","2390云辰","110/07/13","元富-中港",100,2,98
"3578","2390云辰","110/07/13","兆豐-忠孝",4,161,-157
"3579","2390云辰","110/07/13","統一-新台中",106,9,97
"3580","2390云辰","110/07/13","元大-士林",19,170,-151
"3581","2390云辰","110/07/13","中國信託-松江",81,11,70
"3582","2390云辰","110/07/13","臺銀-新竹",14,117,-103
"3583","2390云辰","110/07/13","日盛-板橋",72,3,69
"3584","2390云辰","110/07/13","國票-台中",4,102,-98
"3585","2390云辰","110/07/13","日盛-和美",57,0,57
"3586","2390云辰","110/07/13","新光",147,232,-85
"3587","2390云辰","110/07/13","永豐金-桃園",88,36,52
"3588","2390云辰","110/07/13","致和-崇德",2,70,-68
"3589","2390云辰","110/07/13","玉山-士林",54,4,50
"3590","2390云辰","110/07/13","群益金鼎-屏東",2,70,-68
"3591","2390云辰","110/07/13","富邦-仁愛",56,6,50
"3592","2390云辰","110/07/13","元大-大里",35,98,-63
"3593","2390云辰","110/07/13","第一金-豐原",50,1,49
"3594","2390云辰","110/07/13","元大-萬華",35,94,-59
"3595","2390云辰","110/07/13","摩根大通",502,453,49
"3596","2390云辰","110/07/13","元富-吉利",2,60,-58
"3597","2390云辰","110/07/13","凱基-松山",61,13,48
"3598","2390云辰","110/07/13","兆豐-新竹",3,53,-50
"3599","2390云辰","110/07/13","大昌",64,22,42
"3600","2390云辰","110/07/13","富邦-嘉義",65,108,-43
"3601","2363矽統","110/07/13","凱基-南崁",2133,63,2070
"3602","2363矽統","110/07/13","凱基-幸福",36,4048,-4012
"3603","2363矽統","110/07/13","國泰-敦南",2195,1617,578
"3604","2363矽統","110/07/13","統一",192,3325,-3133
"3605","2363矽統","110/07/13","中農",670,139,531
"3606","2363矽統","110/07/13","新加坡商瑞銀",1000,2747,-1747
"3607","2363矽統","110/07/13","康和-台中",638,154,484
"3608","2363矽統","110/07/13","凱基-台北",5359,6609,-1250
"3609","2363矽統","110/07/13","群益金鼎-三民",577,137,440
"3610","2363矽統","110/07/13","摩根大通",1930,2858,-928
"3611","2363矽統","110/07/13","台新-屏東",510,88,422
"3612","2363矽統","110/07/13","港商野村",960,1679,-719
"3613","2363矽統","110/07/13","德信-中正",455,67,388
"3614","2363矽統","110/07/13","兆豐-復興",25,705,-680
"3615","2363矽統","110/07/13","日盛-竹北",365,70,295
"3616","2363矽統","110/07/13","統一-仁愛",114,755,-641
"3617","2363矽統","110/07/13","元大-佳里",452,189,263
"3618","2363矽統","110/07/13","統一-敦南",29,638,-609
"3619","2363矽統","110/07/13","國票-博愛",296,38,258
"3620","2363矽統","110/07/13","統一-土城",100,704,-604
"3621","2363矽統","110/07/13","元大-萬華",340,95,245
"3622","2363矽統","110/07/13","統一-城中",116,676,-560
"3623","2363矽統","110/07/13","新光",1259,1031,228
"3624","2363矽統","110/07/13","永豐金證券",306,859,-553
"3625","2363矽統","110/07/13","元富-成功",323,96,227
"3626","2363矽統","110/07/13","元富",54,567,-513
"3627","2363矽統","110/07/13","豐農",228,23,205
"3628","2363矽統","110/07/13","瑞士信貸",202,666,-464
"3629","2363矽統","110/07/13","台灣企銀-岡山",186,4,182
"3630","2363矽統","110/07/13","永豐金-嘉義",67,468,-401
"3631","2363矽統","110/07/13","凱基-南崁",2133,63,2070
"3632","2363矽統","110/07/13","凱基-幸福",36,4048,-4012
"3633","2363矽統","110/07/13","國泰-敦南",2195,1617,578
"3634","2363矽統","110/07/13","統一",192,3325,-3133
"3635","2363矽統","110/07/13","中農",670,139,531
"3636","2363矽統","110/07/13","新加坡商瑞銀",1000,2747,-1747
"3637","2363矽統","110/07/13","康和-台中",638,154,484
"3638","2363矽統","110/07/13","凱基-台北",5359,6609,-1250
"3639","2363矽統","110/07/13","群益金鼎-三民",577,137,440
"3640","2363矽統","110/07/13","摩根大通",1930,2858,-928
"3641","2363矽統","110/07/13","台新-屏東",510,88,422
"3642","2363矽統","110/07/13","港商野村",960,1679,-719
"3643","2363矽統","110/07/13","德信-中正",455,67,388
"3644","2363矽統","110/07/13","兆豐-復興",25,705,-680
"3645","2363矽統","110/07/13","日盛-竹北",365,70,295
"3646","2363矽統","110/07/13","統一-仁愛",114,755,-641
"3647","2363矽統","110/07/13","元大-佳里",452,189,263
"3648","2363矽統","110/07/13","統一-敦南",29,638,-609
"3649","2363矽統","110/07/13","國票-博愛",296,38,258
"3650","2363矽統","110/07/13","統一-土城",100,704,-604
"3651","2363矽統","110/07/13","元大-萬華",340,95,245
"3652","2363矽統","110/07/13","統一-城中",116,676,-560
"3653","2363矽統","110/07/13","新光",1259,1031,228
"3654","2363矽統","110/07/13","永豐金證券",306,859,-553
"3655","2363矽統","110/07/13","元富-成功",323,96,227
"3656","2363矽統","110/07/13","元富",54,567,-513
"3657","2363矽統","110/07/13","豐農",228,23,205
"3658","2363矽統","110/07/13","瑞士信貸",202,666,-464
"3659","2363矽統","110/07/13","台灣企銀-岡山",186,4,182
"3660","2363矽統","110/07/13","永豐金-嘉義",67,468,-401
"3661","2363矽統","110/07/13","凱基-南崁",2133,63,2070
"3662","2363矽統","110/07/13","凱基-幸福",36,4048,-4012
"3663","2363矽統","110/07/13","國泰-敦南",2195,1617,578
"3664","2363矽統","110/07/13","統一",192,3325,-3133
"3665","2363矽統","110/07/13","中農",670,139,531
"3666","2363矽統","110/07/13","新加坡商瑞銀",1000,2747,-1747
"3667","2363矽統","110/07/13","康和-台中",638,154,484
"3668","2363矽統","110/07/13","凱基-台北",5359,6609,-1250
"3669","2363矽統","110/07/13","群益金鼎-三民",577,137,440
"3670","2363矽統","110/07/13","摩根大通",1930,2858,-928
"3671","2363矽統","110/07/13","台新-屏東",510,88,422
"3672","2363矽統","110/07/13","港商野村",960,1679,-719
"3673","2363矽統","110/07/13","德信-中正",455,67,388
"3674","2363矽統","110/07/13","兆豐-復興",25,705,-680
"3675","2363矽統","110/07/13","日盛-竹北",365,70,295
"3676","2363矽統","110/07/13","統一-仁愛",114,755,-641
"3677","2363矽統","110/07/13","元大-佳里",452,189,263
"3678","2363矽統","110/07/13","統一-敦南",29,638,-609
"3679","2363矽統","110/07/13","國票-博愛",296,38,258
"3680","2363矽統","110/07/13","統一-土城",100,704,-604
"3681","2363矽統","110/07/13","元大-萬華",340,95,245
"3682","2363矽統","110/07/13","統一-城中",116,676,-560
"3683","2363矽統","110/07/13","新光",1259,1031,228
"3684","2363矽統","110/07/13","永豐金證券",306,859,-553
"3685","2363矽統","110/07/13","元富-成功",323,96,227
"3686","2363矽統","110/07/13","元富",54,567,-513
"3687","2363矽統","110/07/13","豐農",228,23,205
"3688","2363矽統","110/07/13","瑞士信貸",202,666,-464
"3689","2363矽統","110/07/13","台灣企銀-岡山",186,4,182
"3690","2363矽統","110/07/13","永豐金-嘉義",67,468,-401
"3691","1570力肯","110/07/13","新光",115,11,104
"3692","1570力肯","110/07/13","元大-北三重",0,162,-162
"3693","1570力肯","110/07/13","群益金鼎-高雄",54,0,54
"3694","1570力肯","110/07/13","元大-大灣",0,25,-25
"3695","1570力肯","110/07/13","國票-新莊",22,0,22
"3696","1570力肯","110/07/13","永豐金-苓雅",0,22,-22
"3697","1570力肯","110/07/13","日盛-桃園",12,0,12
"3698","1570力肯","110/07/13","永豐金-永康",0,19,-19
"3699","1570力肯","110/07/13","元大-高雄",12,0,12
"3700","1570力肯","110/07/13","富邦-員林",0,15,-15
"3701","1570力肯","110/07/13","合庫-自強",11,0,11
"3702","1570力肯","110/07/13","凱基-台南",0,11,-11
"3703","1570力肯","110/07/13","摩根大通",26,15,11
"3704","1570力肯","110/07/13","日盛-竹北",0,10,-10
"3705","1570力肯","110/07/13","永豐金-中盛",11,0,11
"3706","1570力肯","110/07/13","國票-九鼎",0,10,-10
"3707","1570力肯","110/07/13","兆豐-台中港",10,0,10
"3708","1570力肯","110/07/13","凱基-桃園",0,10,-10
"3709","1570力肯","110/07/13","國泰-松江",9,0,9
"3710","1570力肯","110/07/13","凱基-新豐",0,10,-10
"3711","1570力肯","110/07/13","元大-新盛",9,0,9
"3712","1570力肯","110/07/13","元大-學甲",0,10,-10
"3713","1570力肯","110/07/13","元富-緯城",6,0,6
"3714","1570力肯","110/07/13","群益金鼎-東湖",1,10,-9
"3715","1570力肯","110/07/13","統一-三重",5,0,5
"3716","1570力肯","110/07/13","大昌",0,6,-6
"3717","1570力肯","110/07/13","元大-前金",5,0,5
"3718","1570力肯","110/07/13","元大-土城學府",0,6,-6
"3719","1570力肯","110/07/13","永豐金證券",5,0,5
"3720","1570力肯","110/07/13","統一",0,5,-5
"3721","1570力肯","110/07/13","新光",115,11,104
"3722","1570力肯","110/07/13","元大-北三重",0,162,-162
"3723","1570力肯","110/07/13","群益金鼎-高雄",54,0,54
"3724","1570力肯","110/07/13","元大-大灣",0,25,-25
"3725","1570力肯","110/07/13","國票-新莊",22,0,22
"3726","1570力肯","110/07/13","永豐金-苓雅",0,22,-22
"3727","1570力肯","110/07/13","日盛-桃園",12,0,12
"3728","1570力肯","110/07/13","永豐金-永康",0,19,-19
"3729","1570力肯","110/07/13","元大-高雄",12,0,12
"3730","1570力肯","110/07/13","富邦-員林",0,15,-15
"3731","1570力肯","110/07/13","合庫-自強",11,0,11
"3732","1570力肯","110/07/13","凱基-台南",0,11,-11
"3733","1570力肯","110/07/13","摩根大通",26,15,11
"3734","1570力肯","110/07/13","日盛-竹北",0,10,-10
"3735","1570力肯","110/07/13","永豐金-中盛",11,0,11
"3736","1570力肯","110/07/13","國票-九鼎",0,10,-10
"3737","1570力肯","110/07/13","兆豐-台中港",10,0,10
"3738","1570力肯","110/07/13","凱基-桃園",0,10,-10
"3739","1570力肯","110/07/13","國泰-松江",9,0,9
"3740","1570力肯","110/07/13","凱基-新豐",0,10,-10
"3741","1570力肯","110/07/13","元大-新盛",9,0,9
"3742","1570力肯","110/07/13","元大-學甲",0,10,-10
"3743","1570力肯","110/07/13","元富-緯城",6,0,6
"3744","1570力肯","110/07/13","群益金鼎-東湖",1,10,-9
"3745","1570力肯","110/07/13","統一-三重",5,0,5
"3746","1570力肯","110/07/13","大昌",0,6,-6
"3747","1570力肯","110/07/13","元大-前金",5,0,5
"3748","1570力肯","110/07/13","元大-土城學府",0,6,-6
"3749","1570力肯","110/07/13","永豐金證券",5,0,5
"3750","1570力肯","110/07/13","統一",0,5,-5
"3751","6180橘子","110/07/13","摩根大通",119,0,119
"3752","6180橘子","110/07/13","元大-崇德",2,61,-59
"3753","6180橘子","110/07/13","美商高盛",96,0,96
"3754","6180橘子","110/07/13","康和-台中",0,51,-51
"3755","6180橘子","110/07/13","新加坡商瑞銀",86,7,79
"3756","6180橘子","110/07/13","康和-台北",0,50,-50
"3757","6180橘子","110/07/13","元大-和平",40,0,40
"3758","6180橘子","110/07/13","元富-潮州",0,40,-40
"3759","6180橘子","110/07/13","凱基-台北",83,47,36
"3760","6180橘子","110/07/13","日盛-永康",0,26,-26
"3761","6180橘子","110/07/13","美林",39,5,34
"3762","6180橘子","110/07/13","永豐金-中正",0,24,-24
"3763","6180橘子","110/07/13","富邦-新竹華信",31,2,29
"3764","6180橘子","110/07/13","國泰-板橋",2,25,-23
"3765","6180橘子","110/07/13","統一-南京",21,0,21
"3766","6180橘子","110/07/13","日盛-大墩",0,20,-20
"3767","6180橘子","110/07/13","富邦-陽明",24,3,21
"3768","6180橘子","110/07/13","元大-草屯",13,32,-19
"3769","6180橘子","110/07/13","大昌-樹林",21,1,20
"3770","6180橘子","110/07/13","元富-林園",1,18,-17
"3771","6180橘子","110/07/13","花旗環球",19,0,19
"3772","6180橘子","110/07/13","新光-新竹",1,18,-17
"3773","6180橘子","110/07/13","華南永昌-台南",19,0,19
"3774","6180橘子","110/07/13","元大-土城永寧",0,17,-17
"3775","6180橘子","110/07/13","福勝",14,0,14
"3776","6180橘子","110/07/13","國泰-新莊",3,19,-16
"3777","6180橘子","110/07/13","富邦-嘉義",12,1,11
"3778","6180橘子","110/07/13","中國信託-永康",6,21,-15
"3779","6180橘子","110/07/13","元大-板橋三民",11,0,11
"3780","6180橘子","110/07/13","凱基-東港",1,15,-14
"3781","1570力肯","110/07/13","新光",115,11,104
"3782","1570力肯","110/07/13","元大-北三重",0,162,-162
"3783","1570力肯","110/07/13","群益金鼎-高雄",54,0,54
"3784","1570力肯","110/07/13","元大-大灣",0,25,-25
"3785","1570力肯","110/07/13","國票-新莊",22,0,22
"3786","1570力肯","110/07/13","永豐金-苓雅",0,22,-22
"3787","1570力肯","110/07/13","日盛-桃園",12,0,12
"3788","1570力肯","110/07/13","永豐金-永康",0,19,-19
"3789","1570力肯","110/07/13","元大-高雄",12,0,12
"3790","1570力肯","110/07/13","富邦-員林",0,15,-15
"3791","1570力肯","110/07/13","合庫-自強",11,0,11
"3792","1570力肯","110/07/13","凱基-台南",0,11,-11
"3793","1570力肯","110/07/13","摩根大通",26,15,11
"3794","1570力肯","110/07/13","日盛-竹北",0,10,-10
"3795","1570力肯","110/07/13","永豐金-中盛",11,0,11
"3796","1570力肯","110/07/13","國票-九鼎",0,10,-10
"3797","1570力肯","110/07/13","兆豐-台中港",10,0,10
"3798","1570力肯","110/07/13","凱基-桃園",0,10,-10
"3799","1570力肯","110/07/13","國泰-松江",9,0,9
"3800","1570力肯","110/07/13","凱基-新豐",0,10,-10
"3801","1570力肯","110/07/13","元大-新盛",9,0,9
"3802","1570力肯","110/07/13","元大-學甲",0,10,-10
"3803","1570力肯","110/07/13","元富-緯城",6,0,6
"3804","1570力肯","110/07/13","群益金鼎-東湖",1,10,-9
"3805","1570力肯","110/07/13","統一-三重",5,0,5
"3806","1570力肯","110/07/13","大昌",0,6,-6
"3807","1570力肯","110/07/13","元大-前金",5,0,5
"3808","1570力肯","110/07/13","元大-土城學府",0,6,-6
"3809","1570力肯","110/07/13","永豐金證券",5,0,5
"3810","1570力肯","110/07/13","統一",0,5,-5
"3811","6180橘子","110/07/13","摩根大通",119,0,119
"3812","6180橘子","110/07/13","元大-崇德",2,61,-59
"3813","6180橘子","110/07/13","美商高盛",96,0,96
"3814","6180橘子","110/07/13","康和-台中",0,51,-51
"3815","6180橘子","110/07/13","新加坡商瑞銀",86,7,79
"3816","6180橘子","110/07/13","康和-台北",0,50,-50
"3817","6180橘子","110/07/13","元大-和平",40,0,40
"3818","6180橘子","110/07/13","元富-潮州",0,40,-40
"3819","6180橘子","110/07/13","凱基-台北",83,47,36
"3820","6180橘子","110/07/13","日盛-永康",0,26,-26
"3821","6180橘子","110/07/13","美林",39,5,34
"3822","6180橘子","110/07/13","永豐金-中正",0,24,-24
"3823","6180橘子","110/07/13","富邦-新竹華信",31,2,29
"3824","6180橘子","110/07/13","國泰-板橋",2,25,-23
"3825","6180橘子","110/07/13","統一-南京",21,0,21
"3826","6180橘子","110/07/13","日盛-大墩",0,20,-20
"3827","6180橘子","110/07/13","富邦-陽明",24,3,21
"3828","6180橘子","110/07/13","元大-草屯",13,32,-19
"3829","6180橘子","110/07/13","大昌-樹林",21,1,20
"3830","6180橘子","110/07/13","元富-林園",1,18,-17
"3831","6180橘子","110/07/13","花旗環球",19,0,19
"3832","6180橘子","110/07/13","新光-新竹",1,18,-17
"3833","6180橘子","110/07/13","華南永昌-台南",19,0,19
"3834","6180橘子","110/07/13","元大-土城永寧",0,17,-17
"3835","6180橘子","110/07/13","福勝",14,0,14
"3836","6180橘子","110/07/13","國泰-新莊",3,19,-16
"3837","6180橘子","110/07/13","富邦-嘉義",12,1,11
"3838","6180橘子","110/07/13","中國信託-永康",6,21,-15
"3839","6180橘子","110/07/13","元大-板橋三民",11,0,11
"3840","6180橘子","110/07/13","凱基-東港",1,15,-14
"3841","2390云辰","110/07/13","新加坡商瑞銀",562,75,487
"3842","2390云辰","110/07/13","大展-台南",0,532,-532
"3843","2390云辰","110/07/13","台灣摩根士丹利",330,155,175
"3844","2390云辰","110/07/13","凱基-台北",668,854,-186
"3845","2390云辰","110/07/13","兆豐-公益",126,25,101
"3846","2390云辰","110/07/13","凱基-三重",12,172,-160
"3847","2390云辰","110/07/13","元富-中港",100,2,98
"3848","2390云辰","110/07/13","兆豐-忠孝",4,161,-157
"3849","2390云辰","110/07/13","統一-新台中",106,9,97
"3850","2390云辰","110/07/13","元大-士林",19,170,-151
"3851","2390云辰","110/07/13","中國信託-松江",81,11,70
"3852","2390云辰","110/07/13","臺銀-新竹",14,117,-103
"3853","2390云辰","110/07/13","日盛-板橋",72,3,69
"3854","2390云辰","110/07/13","國票-台中",4,102,-98
"3855","2390云辰","110/07/13","日盛-和美",57,0,57
"3856","2390云辰","110/07/13","新光",147,232,-85
"3857","2390云辰","110/07/13","永豐金-桃園",88,36,52
"3858","2390云辰","110/07/13","致和-崇德",2,70,-68
"3859","2390云辰","110/07/13","玉山-士林",54,4,50
"3860","2390云辰","110/07/13","群益金鼎-屏東",2,70,-68
"3861","2390云辰","110/07/13","富邦-仁愛",56,6,50
"3862","2390云辰","110/07/13","元大-大里",35,98,-63
"3863","2390云辰","110/07/13","第一金-豐原",50,1,49
"3864","2390云辰","110/07/13","元大-萬華",35,94,-59
"3865","2390云辰","110/07/13","摩根大通",502,453,49
"3866","2390云辰","110/07/13","元富-吉利",2,60,-58
"3867","2390云辰","110/07/13","凱基-松山",61,13,48
"3868","2390云辰","110/07/13","兆豐-新竹",3,53,-50
"3869","2390云辰","110/07/13","大昌",64,22,42
"3870","2390云辰","110/07/13","富邦-嘉義",65,108,-43
"3871","2363矽統","110/07/13","凱基-南崁",2133,63,2070
"3872","2363矽統","110/07/13","凱基-幸福",36,4048,-4012
"3873","2363矽統","110/07/13","國泰-敦南",2195,1617,578
"3874","2363矽統","110/07/13","統一",192,3325,-3133
"3875","2363矽統","110/07/13","中農",670,139,531
"3876","2363矽統","110/07/13","新加坡商瑞銀",1000,2747,-1747
"3877","2363矽統","110/07/13","康和-台中",638,154,484
"3878","2363矽統","110/07/13","凱基-台北",5359,6609,-1250
"3879","2363矽統","110/07/13","群益金鼎-三民",577,137,440
"3880","2363矽統","110/07/13","摩根大通",1930,2858,-928
"3881","2363矽統","110/07/13","台新-屏東",510,88,422
"3882","2363矽統","110/07/13","港商野村",960,1679,-719
"3883","2363矽統","110/07/13","德信-中正",455,67,388
"3884","2363矽統","110/07/13","兆豐-復興",25,705,-680
"3885","2363矽統","110/07/13","日盛-竹北",365,70,295
"3886","2363矽統","110/07/13","統一-仁愛",114,755,-641
"3887","2363矽統","110/07/13","元大-佳里",452,189,263
"3888","2363矽統","110/07/13","統一-敦南",29,638,-609
"3889","2363矽統","110/07/13","國票-博愛",296,38,258
"3890","2363矽統","110/07/13","統一-土城",100,704,-604
"3891","2363矽統","110/07/13","元大-萬華",340,95,245
"3892","2363矽統","110/07/13","統一-城中",116,676,-560
"3893","2363矽統","110/07/13","新光",1259,1031,228
"3894","2363矽統","110/07/13","永豐金證券",306,859,-553
"3895","2363矽統","110/07/13","元富-成功",323,96,227
"3896","2363矽統","110/07/13","元富",54,567,-513
"3897","2363矽統","110/07/13","豐農",228,23,205
"3898","2363矽統","110/07/13","瑞士信貸",202,666,-464
"3899","2363矽統","110/07/13","台灣企銀-岡山",186,4,182
"3900","2363矽統","110/07/13","永豐金-嘉義",67,468,-401
"3901","8112至上","110/07/13","摩根大通",688,296,392
"3902","8112至上","110/07/13","國票-中和",0,401,-401
"3903","8112至上","110/07/13","港商野村",344,145,199
"3904","8112至上","110/07/13","永豐金-板盛",0,205,-205
"3905","8112至上","110/07/13","兆豐-公益",195,5,190
"3906","8112至上","110/07/13","凱基-五股",43,155,-112
"3907","8112至上","110/07/13","台灣摩根士丹利",183,0,183
"3908","8112至上","110/07/13","凱基-市政",0,100,-100
"3909","8112至上","110/07/13","群益金鼎-敦南",153,2,151
"3910","8112至上","110/07/13","元大-大里德芳",1,92,-91
"3911","8112至上","110/07/13","臺銀-金山",146,26,120
"3912","8112至上","110/07/13","玉山-桃園",26,110,-84
"3913","8112至上","110/07/13","臺銀",133,19,114
"3914","8112至上","110/07/13","兆豐-天母",0,81,-81
"3915","8112至上","110/07/13","合庫-台中",115,6,109
"3916","8112至上","110/07/13","凱基-城中",3,84,-81
"3917","8112至上","110/07/13","亞東-板橋",134,26,108
"3918","8112至上","110/07/13","日盛-新莊",9,85,-76
"3919","8112至上","110/07/13","凱基-台北",414,326,88
"3920","8112至上","110/07/13","日盛-台中",2,64,-62
"3921","8112至上","110/07/13","新加坡商瑞銀",181,100,81
"3922","8112至上","110/07/13","日盛-中壢",3,64,-61
"3923","8112至上","110/07/13","國泰-敦南",108,31,77
"3924","8112至上","110/07/13","元大-台中",2,59,-57
"3925","8112至上","110/07/13","第一金-華江",77,4,73
"3926","8112至上","110/07/13","元大-雙和",7,64,-57
"3927","8112至上","110/07/13","永豐金-內湖",73,1,72
"3928","8112至上","110/07/13","元大-高雄",8,62,-54
"3929","8112至上","110/07/13","元大-永和",68,1,67
"3930","8112至上","110/07/13","元大-館前",2,55,-53
"3931","2929淘帝","110/07/13","玉山-新竹",130,0,130
"3932","2929淘帝","110/07/13","美商高盛",0,177,-177
"3933","2929淘帝","110/07/13","臺銀-民權",60,0,60
"3934","2929淘帝","110/07/13","凱基-台北",6,80,-74
"3935","2929淘帝","110/07/13","新百王",31,0,31
"3936","2929淘帝","110/07/13","元富-大裕",0,49,-49
"3937","2929淘帝","110/07/13","日盛-園區",30,0,30
"3938","2929淘帝","110/07/13","國泰-館前",3,51,-48
"3939","2929淘帝","110/07/13","元大-南投",31,1,30
"3940","2929淘帝","110/07/13","凱基-中壢",0,41,-41
"3941","2929淘帝","110/07/13","兆豐-忠孝",28,0,28
"3942","2929淘帝","110/07/13","港商野村",21,55,-34
"3943","2929淘帝","110/07/13","元大-民生",28,0,28
"3944","2929淘帝","110/07/13","華南永昌-南京",2,34,-32
"3945","2929淘帝","110/07/13","合庫-高雄",27,0,27
"3946","2929淘帝","110/07/13","群益金鼎-土城",0,30,-30
"3947","2929淘帝","110/07/13","凱基-豐中",27,0,27
"3948","2929淘帝","110/07/13","富邦-南屯",0,22,-22
"3949","2929淘帝","110/07/13","新光",21,4,17
"3950","2929淘帝","110/07/13","第一金-豐原",0,20,-20
"3951","2929淘帝","110/07/13","元大-天母",17,0,17
"3952","2929淘帝","110/07/13","元大-屏南",6,26,-20
"3953","2929淘帝","110/07/13","永興",14,0,14
"3954","2929淘帝","110/07/13","永豐金-敦南",1,21,-20
"3955","2929淘帝","110/07/13","富邦-台北",12,0,12
"3956","2929淘帝","110/07/13","凱基-三重",2,21,-19
"3957","2929淘帝","110/07/13","元大-永和",12,0,12
"3958","2929淘帝","110/07/13","富邦-仁愛",7,25,-18
"3959","2929淘帝","110/07/13","國票-天祥",11,0,11
"3960","2929淘帝","110/07/13","元大-北投",0,16,-16
"3961","2841台開","110/07/13","中國信託-高雄",251,50,201
"3962","2841台開","110/07/13","兆豐-公益",0,177,-177
"3963","2841台開","110/07/13","日盛證券",210,13,197
"3964","2841台開","110/07/13","日進",0,152,-152
"3965","2841台開","110/07/13","第一金-台中",55,0,55
"3966","2841台開","110/07/13","港商野村",0,109,-109
"3967","2841台開","110/07/13","國泰-板橋",46,0,46
"3968","2841台開","110/07/13","日盛-信義",0,103,-103
"3969","2841台開","110/07/13","國泰-館前",48,3,45
"3970","2841台開","110/07/13","國泰-敦南",11,75,-64
"3971","2841台開","110/07/13","華南永昌-新莊",45,0,45
"3972","2841台開","110/07/13","永興",0,50,-50
"3973","2841台開","110/07/13","日盛-園區",42,0,42
"3974","2841台開","110/07/13","永豐金-敦南",61,104,-43
"3975","2841台開","110/07/13","台新證券",32,0,32
"3976","2841台開","110/07/13","富邦-台南",0,42,-42
"3977","2841台開","110/07/13","台新-高雄",32,2,30
"3978","2841台開","110/07/13","國票-安和",0,30,-30
"3979","2841台開","110/07/13","豐農",23,0,23
"3980","2841台開","110/07/13","元大-桃園",0,25,-25
"3981","2841台開","110/07/13","合庫-嘉義",20,0,20
"3982","2841台開","110/07/13","新光",8,32,-24
"3983","2841台開","110/07/13","華南永昌-高雄",20,0,20
"3984","2841台開","110/07/13","元大-仁愛",0,24,-24
"3985","2841台開","110/07/13","元大-樹林",16,0,16
"3986","2841台開","110/07/13","日盛-中和",0,20,-20
"3987","2841台開","110/07/13","第一金-華江",15,2,13
"3988","2841台開","110/07/13","元富",0,20,-20
"3989","2841台開","110/07/13","美商高盛",12,0,12
"3990","2841台開","110/07/13","富邦-宜蘭",0,20,-20
"3991","6207雷科","110/07/13","元大-高雄",121,0,121
"3992","6207雷科","110/07/13","華南永昌-朴子",1,60,-59
"3993","6207雷科","110/07/13","第一金-新興",20,0,20
"3994","6207雷科","110/07/13","元大-南海",0,36,-36
"3995","6207雷科","110/07/13","元富-三重",20,0,20
"3996","6207雷科","110/07/13","凱基-土城",0,35,-35
"3997","6207雷科","110/07/13","元大-林園",15,0,15
"3998","6207雷科","110/07/13","台灣企銀",0,20,-20
"3999","6207雷科","110/07/13","元大-金華",16,1,15
"4000","6207雷科","110/07/13","群益金鼎-丹鳳",0,20,-20
"4001","6207雷科","110/07/13","日盛證券",10,0,10
"4002","6207雷科","110/07/13","元大-博愛",0,17,-17
"4003","6207雷科","110/07/13","統一-台中",10,0,10
"4004","6207雷科","110/07/13","元大-北港",0,13,-13
"4005","6207雷科","110/07/13","群益金鼎-土城",10,0,10
"4006","6207雷科","110/07/13","新加坡商瑞銀",0,12,-12
"4007","6207雷科","110/07/13","群益金鼎-桃園",10,0,10
"4008","6207雷科","110/07/13","凱基-台北",4,16,-12
"4009","6207雷科","110/07/13","永豐金-新莊",10,0,10
"4010","6207雷科","110/07/13","日茂-埔里",0,11,-11
"4011","6207雷科","110/07/13","永豐金-新店",10,0,10
"4012","6207雷科","110/07/13","元大-莒光",0,11,-11
"4013","6207雷科","110/07/13","元大證券",9,0,9
"4014","6207雷科","110/07/13","統一-新竹",0,10,-10
"4015","6207雷科","110/07/13","日盛-木柵",9,1,8
"4016","6207雷科","110/07/13","元大-西螺",0,10,-10
"4017","6207雷科","110/07/13","兆豐-來福",8,0,8
"4018","6207雷科","110/07/13","康和-台中",0,8,-8
"4019","6207雷科","110/07/13","新光",7,0,7
"4020","6207雷科","110/07/13","兆豐-高雄",0,6,-6
"4021","3679新至陞","110/07/13","永豐金證券",50,0,50
"4022","3679新至陞","110/07/13","摩根大通",2,25,-23
"4023","3679新至陞","110/07/13","國泰-桃園",22,0,22
"4024","3679新至陞","110/07/13","元大-成功",0,22,-22
"4025","3679新至陞","110/07/13","台中銀-員林",11,0,11
"4026","3679新至陞","110/07/13","富邦-板橋",1,19,-18
"4027","3679新至陞","110/07/13","元大-文心興安",8,0,8
"4028","3679新至陞","110/07/13","日盛-新莊",0,10,-10
"4029","3679新至陞","110/07/13","美商高盛",6,0,6
"4030","3679新至陞","110/07/13","台新-台中",0,10,-10
"4031","3679新至陞","110/07/13","台新-高雄",6,0,6
"4032","3679新至陞","110/07/13","永豐金-新竹",0,8,-8
"4033","3679新至陞","110/07/13","凱基-台北",18,12,6
"4034","3679新至陞","110/07/13","瑞士信貸",12,19,-7
"4035","3679新至陞","110/07/13","日盛-復興",5,0,5
"4036","3679新至陞","110/07/13","統一-南京",0,7,-7
"4037","3679新至陞","110/07/13","(牛牛牛)亞-鑫豐",4,0,4
"4038","3679新至陞","110/07/13","凱基-新莊",0,7,-7
"4039","3679新至陞","110/07/13","元富-大昌",3,0,3
"4040","3679新至陞","110/07/13","新加坡商瑞銀",0,6,-6
"4041","3679新至陞","110/07/13","富邦-台北",3,0,3
"4042","3679新至陞","110/07/13","合庫-自強",0,5,-5
"4043","3679新至陞","110/07/13","日盛-樹林",2,0,2
"4044","3679新至陞","110/07/13","富邦-桃園",0,5,-5
"4045","3679新至陞","110/07/13","宏遠-光隆",2,0,2
"4046","3679新至陞","110/07/13","永豐金-潮州",0,4,-4
"4047","3679新至陞","110/07/13","美林",3,1,2
"4048","3679新至陞","110/07/13","臺銀-臺南",0,3,-3
"4049","3679新至陞","110/07/13","第一金-中壢",2,0,2
"4050","3679新至陞","110/07/13","元大-六合",0,3,-3
"4051","2727王品","110/07/13","富邦-台北",43,3,40
"4052","2727王品","110/07/13","台灣摩根士丹利",15,97,-82
"4053","2727王品","110/07/13","元大-基隆孝二",40,0,40
"4054","2727王品","110/07/13","玉山-台南",5,57,-52
"4055","2727王品","110/07/13","國票-新莊",40,1,39
"4056","2727王品","110/07/13","新加坡商瑞銀",0,48,-48
"4057","2727王品","110/07/13","第一金-豐原",66,42,24
"4058","2727王品","110/07/13","凱基-台北",41,77,-36
"4059","2727王品","110/07/13","永豐金-大園",34,10,24
"4060","2727王品","110/07/13","永豐金-永康",0,22,-22
"4061","2727王品","110/07/13","元大-北屯",22,0,22
"4062","2727王品","110/07/13","統一-台中",2,22,-20
"4063","2727王品","110/07/13","元大-東蘆",26,7,19
"4064","2727王品","110/07/13","國泰-台中",21,39,-18
"4065","2727王品","110/07/13","永豐金-萬盛",13,1,12
"4066","2727王品","110/07/13","合庫-彰化",3,20,-17
"4067","2727王品","110/07/13","日盛-嘉義",11,0,11
"4068","2727王品","110/07/13","港商野村",13,30,-17
"4069","2727王品","110/07/13","日盛-八德",11,0,11
"4070","2727王品","110/07/13","元大-楊梅",1,16,-15
"4071","2727王品","110/07/13","統一-竹南",11,0,11
"4072","2727王品","110/07/13","凱基-高美館",2,15,-13
"4073","2727王品","110/07/13","日盛-士林",12,2,10
"4074","2727王品","110/07/13","美商高盛",2,14,-12
"4075","2727王品","110/07/13","統一-敦南",10,0,10
"4076","2727王品","110/07/13","統一-平鎮",1,13,-12
"4077","2727王品","110/07/13","中國信託",15,5,10
"4078","2727王品","110/07/13","兆豐-台中港",4,16,-12
"4079","2727王品","110/07/13","兆豐-竹北",13,3,10
"4080","2727王品","110/07/13","凱基-八德",1,13,-12
"4081","1570力肯","110/07/13","新光",115,11,104
"4082","1570力肯","110/07/13","元大-北三重",0,162,-162
"4083","1570力肯","110/07/13","群益金鼎-高雄",54,0,54
"4084","1570力肯","110/07/13","元大-大灣",0,25,-25
"4085","1570力肯","110/07/13","國票-新莊",22,0,22
"4086","1570力肯","110/07/13","永豐金-苓雅",0,22,-22
"4087","1570力肯","110/07/13","日盛-桃園",12,0,12
"4088","1570力肯","110/07/13","永豐金-永康",0,19,-19
"4089","1570力肯","110/07/13","元大-高雄",12,0,12
"4090","1570力肯","110/07/13","富邦-員林",0,15,-15
"4091","1570力肯","110/07/13","合庫-自強",11,0,11
"4092","1570力肯","110/07/13","凱基-台南",0,11,-11
"4093","1570力肯","110/07/13","摩根大通",26,15,11
"4094","1570力肯","110/07/13","日盛-竹北",0,10,-10
"4095","1570力肯","110/07/13","永豐金-中盛",11,0,11
"4096","1570力肯","110/07/13","國票-九鼎",0,10,-10
"4097","1570力肯","110/07/13","兆豐-台中港",10,0,10
"4098","1570力肯","110/07/13","凱基-桃園",0,10,-10
"4099","1570力肯","110/07/13","國泰-松江",9,0,9
"4100","1570力肯","110/07/13","凱基-新豐",0,10,-10
"4101","1570力肯","110/07/13","元大-新盛",9,0,9
"4102","1570力肯","110/07/13","元大-學甲",0,10,-10
"4103","1570力肯","110/07/13","元富-緯城",6,0,6
"4104","1570力肯","110/07/13","群益金鼎-東湖",1,10,-9
"4105","1570力肯","110/07/13","統一-三重",5,0,5
"4106","1570力肯","110/07/13","大昌",0,6,-6
"4107","1570力肯","110/07/13","元大-前金",5,0,5
"4108","1570力肯","110/07/13","元大-土城學府",0,6,-6
"4109","1570力肯","110/07/13","永豐金證券",5,0,5
"4110","1570力肯","110/07/13","統一",0,5,-5
"4111","6180橘子","110/07/13","摩根大通",119,0,119
"4112","6180橘子","110/07/13","元大-崇德",2,61,-59
"4113","6180橘子","110/07/13","美商高盛",96,0,96
"4114","6180橘子","110/07/13","康和-台中",0,51,-51
"4115","6180橘子","110/07/13","新加坡商瑞銀",86,7,79
"4116","6180橘子","110/07/13","康和-台北",0,50,-50
"4117","6180橘子","110/07/13","元大-和平",40,0,40
"4118","6180橘子","110/07/13","元富-潮州",0,40,-40
"4119","6180橘子","110/07/13","凱基-台北",83,47,36
"4120","6180橘子","110/07/13","日盛-永康",0,26,-26
"4121","6180橘子","110/07/13","美林",39,5,34
"4122","6180橘子","110/07/13","永豐金-中正",0,24,-24
"4123","6180橘子","110/07/13","富邦-新竹華信",31,2,29
"4124","6180橘子","110/07/13","國泰-板橋",2,25,-23
"4125","6180橘子","110/07/13","統一-南京",21,0,21
"4126","6180橘子","110/07/13","日盛-大墩",0,20,-20
"4127","6180橘子","110/07/13","富邦-陽明",24,3,21
"4128","6180橘子","110/07/13","元大-草屯",13,32,-19
"4129","6180橘子","110/07/13","大昌-樹林",21,1,20
"4130","6180橘子","110/07/13","元富-林園",1,18,-17
"4131","6180橘子","110/07/13","花旗環球",19,0,19
"4132","6180橘子","110/07/13","新光-新竹",1,18,-17
"4133","6180橘子","110/07/13","華南永昌-台南",19,0,19
"4134","6180橘子","110/07/13","元大-土城永寧",0,17,-17
"4135","6180橘子","110/07/13","福勝",14,0,14
"4136","6180橘子","110/07/13","國泰-新莊",3,19,-16
"4137","6180橘子","110/07/13","富邦-嘉義",12,1,11
"4138","6180橘子","110/07/13","中國信託-永康",6,21,-15
"4139","6180橘子","110/07/13","元大-板橋三民",11,0,11
"4140","6180橘子","110/07/13","凱基-東港",1,15,-14
"4141","2390云辰","110/07/13","新加坡商瑞銀",562,75,487
"4142","2390云辰","110/07/13","大展-台南",0,532,-532
"4143","2390云辰","110/07/13","台灣摩根士丹利",330,155,175
"4144","2390云辰","110/07/13","凱基-台北",668,854,-186
"4145","2390云辰","110/07/13","兆豐-公益",126,25,101
"4146","2390云辰","110/07/13","凱基-三重",12,172,-160
"4147","2390云辰","110/07/13","元富-中港",100,2,98
"4148","2390云辰","110/07/13","兆豐-忠孝",4,161,-157
"4149","2390云辰","110/07/13","統一-新台中",106,9,97
"4150","2390云辰","110/07/13","元大-士林",19,170,-151
"4151","2390云辰","110/07/13","中國信託-松江",81,11,70
"4152","2390云辰","110/07/13","臺銀-新竹",14,117,-103
"4153","2390云辰","110/07/13","日盛-板橋",72,3,69
"4154","2390云辰","110/07/13","國票-台中",4,102,-98
"4155","2390云辰","110/07/13","日盛-和美",57,0,57
"4156","2390云辰","110/07/13","新光",147,232,-85
"4157","2390云辰","110/07/13","永豐金-桃園",88,36,52
"4158","2390云辰","110/07/13","致和-崇德",2,70,-68
"4159","2390云辰","110/07/13","玉山-士林",54,4,50
"4160","2390云辰","110/07/13","群益金鼎-屏東",2,70,-68
"4161","2390云辰","110/07/13","富邦-仁愛",56,6,50
"4162","2390云辰","110/07/13","元大-大里",35,98,-63
"4163","2390云辰","110/07/13","第一金-豐原",50,1,49
"4164","2390云辰","110/07/13","元大-萬華",35,94,-59
"4165","2390云辰","110/07/13","摩根大通",502,453,49
"4166","2390云辰","110/07/13","元富-吉利",2,60,-58
"4167","2390云辰","110/07/13","凱基-松山",61,13,48
"4168","2390云辰","110/07/13","兆豐-新竹",3,53,-50
"4169","2390云辰","110/07/13","大昌",64,22,42
"4170","2390云辰","110/07/13","富邦-嘉義",65,108,-43
"4171","2363矽統","110/07/13","凱基-南崁",2133,63,2070
"4172","2363矽統","110/07/13","凱基-幸福",36,4048,-4012
"4173","2363矽統","110/07/13","國泰-敦南",2195,1617,578
"4174","2363矽統","110/07/13","統一",192,3325,-3133
"4175","2363矽統","110/07/13","中農",670,139,531
"4176","2363矽統","110/07/13","新加坡商瑞銀",1000,2747,-1747
"4177","2363矽統","110/07/13","康和-台中",638,154,484
"4178","2363矽統","110/07/13","凱基-台北",5359,6609,-1250
"4179","2363矽統","110/07/13","群益金鼎-三民",577,137,440
"4180","2363矽統","110/07/13","摩根大通",1930,2858,-928
"4181","2363矽統","110/07/13","台新-屏東",510,88,422
"4182","2363矽統","110/07/13","港商野村",960,1679,-719
"4183","2363矽統","110/07/13","德信-中正",455,67,388
"4184","2363矽統","110/07/13","兆豐-復興",25,705,-680
"4185","2363矽統","110/07/13","日盛-竹北",365,70,295
"4186","2363矽統","110/07/13","統一-仁愛",114,755,-641
"4187","2363矽統","110/07/13","元大-佳里",452,189,263
"4188","2363矽統","110/07/13","統一-敦南",29,638,-609
"4189","2363矽統","110/07/13","國票-博愛",296,38,258
"4190","2363矽統","110/07/13","統一-土城",100,704,-604
"4191","2363矽統","110/07/13","元大-萬華",340,95,245
"4192","2363矽統","110/07/13","統一-城中",116,676,-560
"4193","2363矽統","110/07/13","新光",1259,1031,228
"4194","2363矽統","110/07/13","永豐金證券",306,859,-553
"4195","2363矽統","110/07/13","元富-成功",323,96,227
"4196","2363矽統","110/07/13","元富",54,567,-513
"4197","2363矽統","110/07/13","豐農",228,23,205
"4198","2363矽統","110/07/13","瑞士信貸",202,666,-464
"4199","2363矽統","110/07/13","台灣企銀-岡山",186,4,182
"4200","2363矽統","110/07/13","永豐金-嘉義",67,468,-401
"4201","8112至上","110/07/13","摩根大通",688,296,392
"4202","8112至上","110/07/13","國票-中和",0,401,-401
"4203","8112至上","110/07/13","港商野村",344,145,199
"4204","8112至上","110/07/13","永豐金-板盛",0,205,-205
"4205","8112至上","110/07/13","兆豐-公益",195,5,190
"4206","8112至上","110/07/13","凱基-五股",43,155,-112
"4207","8112至上","110/07/13","台灣摩根士丹利",183,0,183
"4208","8112至上","110/07/13","凱基-市政",0,100,-100
"4209","8112至上","110/07/13","群益金鼎-敦南",153,2,151
"4210","8112至上","110/07/13","元大-大里德芳",1,92,-91
"4211","8112至上","110/07/13","臺銀-金山",146,26,120
"4212","8112至上","110/07/13","玉山-桃園",26,110,-84
"4213","8112至上","110/07/13","臺銀",133,19,114
"4214","8112至上","110/07/13","兆豐-天母",0,81,-81
"4215","8112至上","110/07/13","合庫-台中",115,6,109
"4216","8112至上","110/07/13","凱基-城中",3,84,-81
"4217","8112至上","110/07/13","亞東-板橋",134,26,108
"4218","8112至上","110/07/13","日盛-新莊",9,85,-76
"4219","8112至上","110/07/13","凱基-台北",414,326,88
"4220","8112至上","110/07/13","日盛-台中",2,64,-62
"4221","8112至上","110/07/13","新加坡商瑞銀",181,100,81
"4222","8112至上","110/07/13","日盛-中壢",3,64,-61
"4223","8112至上","110/07/13","國泰-敦南",108,31,77
"4224","8112至上","110/07/13","元大-台中",2,59,-57
"4225","8112至上","110/07/13","第一金-華江",77,4,73
"4226","8112至上","110/07/13","元大-雙和",7,64,-57
"4227","8112至上","110/07/13","永豐金-內湖",73,1,72
"4228","8112至上","110/07/13","元大-高雄",8,62,-54
"4229","8112至上","110/07/13","元大-永和",68,1,67
"4230","8112至上","110/07/13","元大-館前",2,55,-53
"4231","2929淘帝","110/07/13","玉山-新竹",130,0,130
"4232","2929淘帝","110/07/13","美商高盛",0,177,-177
"4233","2929淘帝","110/07/13","臺銀-民權",60,0,60
"4234","2929淘帝","110/07/13","凱基-台北",6,80,-74
"4235","2929淘帝","110/07/13","新百王",31,0,31
"4236","2929淘帝","110/07/13","元富-大裕",0,49,-49
"4237","2929淘帝","110/07/13","日盛-園區",30,0,30
"4238","2929淘帝","110/07/13","國泰-館前",3,51,-48
"4239","2929淘帝","110/07/13","元大-南投",31,1,30
"4240","2929淘帝","110/07/13","凱基-中壢",0,41,-41
"4241","2929淘帝","110/07/13","兆豐-忠孝",28,0,28
"4242","2929淘帝","110/07/13","港商野村",21,55,-34
"4243","2929淘帝","110/07/13","元大-民生",28,0,28
"4244","2929淘帝","110/07/13","華南永昌-南京",2,34,-32
"4245","2929淘帝","110/07/13","合庫-高雄",27,0,27
"4246","2929淘帝","110/07/13","群益金鼎-土城",0,30,-30
"4247","2929淘帝","110/07/13","凱基-豐中",27,0,27
"4248","2929淘帝","110/07/13","富邦-南屯",0,22,-22
"4249","2929淘帝","110/07/13","新光",21,4,17
"4250","2929淘帝","110/07/13","第一金-豐原",0,20,-20
"4251","2929淘帝","110/07/13","元大-天母",17,0,17
"4252","2929淘帝","110/07/13","元大-屏南",6,26,-20
"4253","2929淘帝","110/07/13","永興",14,0,14
"4254","2929淘帝","110/07/13","永豐金-敦南",1,21,-20
"4255","2929淘帝","110/07/13","富邦-台北",12,0,12
"4256","2929淘帝","110/07/13","凱基-三重",2,21,-19
"4257","2929淘帝","110/07/13","元大-永和",12,0,12
"4258","2929淘帝","110/07/13","富邦-仁愛",7,25,-18
"4259","2929淘帝","110/07/13","國票-天祥",11,0,11
"4260","2929淘帝","110/07/13","元大-北投",0,16,-16
"4261","5410國眾","110/07/13","兆豐-城中",274,0,274
"4262","5410國眾","110/07/13","元富-嘉義",0,103,-103
"4263","5410國眾","110/07/13","新光",50,4,46
"4264","5410國眾","110/07/13","凱基-台北",0,50,-50
"4265","5410國眾","110/07/13","國泰-台中",26,0,26
"4266","5410國眾","110/07/13","瑞士信貸",0,31,-31
"4267","5410國眾","110/07/13","新加坡商瑞銀",22,0,22
"4268","5410國眾","110/07/13","台新-新莊",0,27,-27
"4269","5410國眾","110/07/13","光和-嘉義",20,0,20
"4270","5410國眾","110/07/13","元大-汐止",0,20,-20
"4271","5410國眾","110/07/13","凱基-竹北",17,0,17
"4272","5410國眾","110/07/13","亞東-新竹",0,17,-17
"4273","5410國眾","110/07/13","新光-桃園",15,0,15
"4274","5410國眾","110/07/13","元大-南勢角",0,13,-13
"4275","5410國眾","110/07/13","凱基-台東",14,0,14
"4276","5410國眾","110/07/13","台新-台南",0,12,-12
"4277","5410國眾","110/07/13","富邦-竹北",11,0,11
"4278","5410國眾","110/07/13","中國信託",0,11,-11
"4279","5410國眾","110/07/13","元富-同大",10,0,10
"4280","5410國眾","110/07/13","華南永昌",0,11,-11
"4281","5410國眾","110/07/13","國泰-敦南",24,15,9
"4282","5410國眾","110/07/13","臺銀-臺南",0,10,-10
"4283","5410國眾","110/07/13","日盛-內湖",7,0,7
"4284","5410國眾","110/07/13","台灣企銀-民雄",0,10,-10
"4285","5410國眾","110/07/13","台新-左楠",7,0,7
"4286","5410國眾","110/07/13","高橋",0,10,-10
"4287","5410國眾","110/07/13","元大-新盛",18,12,6
"4288","5410國眾","110/07/13","康和-嘉義",0,10,-10
"4289","5410國眾","110/07/13","統一",5,0,5
"4290","5410國眾","110/07/13","凱基-基隆",0,10,-10
"4291","2841台開","110/07/13","中國信託-高雄",251,50,201
"4292","2841台開","110/07/13","兆豐-公益",0,177,-177
"4293","2841台開","110/07/13","日盛證券",210,13,197
"4294","2841台開","110/07/13","日進",0,152,-152
"4295","2841台開","110/07/13","第一金-台中",55,0,55
"4296","2841台開","110/07/13","港商野村",0,109,-109
"4297","2841台開","110/07/13","國泰-板橋",46,0,46
"4298","2841台開","110/07/13","日盛-信義",0,103,-103
"4299","2841台開","110/07/13","國泰-館前",48,3,45
"4300","2841台開","110/07/13","國泰-敦南",11,75,-64
"4301","2841台開","110/07/13","華南永昌-新莊",45,0,45
"4302","2841台開","110/07/13","永興",0,50,-50
"4303","2841台開","110/07/13","日盛-園區",42,0,42
"4304","2841台開","110/07/13","永豐金-敦南",61,104,-43
"4305","2841台開","110/07/13","台新證券",32,0,32
"4306","2841台開","110/07/13","富邦-台南",0,42,-42
"4307","2841台開","110/07/13","台新-高雄",32,2,30
"4308","2841台開","110/07/13","國票-安和",0,30,-30
"4309","2841台開","110/07/13","豐農",23,0,23
"4310","2841台開","110/07/13","元大-桃園",0,25,-25
"4311","2841台開","110/07/13","合庫-嘉義",20,0,20
"4312","2841台開","110/07/13","新光",8,32,-24
"4313","2841台開","110/07/13","華南永昌-高雄",20,0,20
"4314","2841台開","110/07/13","元大-仁愛",0,24,-24
"4315","2841台開","110/07/13","元大-樹林",16,0,16
"4316","2841台開","110/07/13","日盛-中和",0,20,-20
"4317","2841台開","110/07/13","第一金-華江",15,2,13
"4318","2841台開","110/07/13","元富",0,20,-20
"4319","2841台開","110/07/13","美商高盛",12,0,12
"4320","2841台開","110/07/13","富邦-宜蘭",0,20,-20
"4321","6207雷科","110/07/13","元大-高雄",121,0,121
"4322","6207雷科","110/07/13","華南永昌-朴子",1,60,-59
"4323","6207雷科","110/07/13","第一金-新興",20,0,20
"4324","6207雷科","110/07/13","元大-南海",0,36,-36
"4325","6207雷科","110/07/13","元富-三重",20,0,20
"4326","6207雷科","110/07/13","凱基-土城",0,35,-35
"4327","6207雷科","110/07/13","元大-林園",15,0,15
"4328","6207雷科","110/07/13","台灣企銀",0,20,-20
"4329","6207雷科","110/07/13","元大-金華",16,1,15
"4330","6207雷科","110/07/13","群益金鼎-丹鳳",0,20,-20
"4331","6207雷科","110/07/13","日盛證券",10,0,10
"4332","6207雷科","110/07/13","元大-博愛",0,17,-17
"4333","6207雷科","110/07/13","統一-台中",10,0,10
"4334","6207雷科","110/07/13","元大-北港",0,13,-13
"4335","6207雷科","110/07/13","群益金鼎-土城",10,0,10
"4336","6207雷科","110/07/13","新加坡商瑞銀",0,12,-12
"4337","6207雷科","110/07/13","群益金鼎-桃園",10,0,10
"4338","6207雷科","110/07/13","凱基-台北",4,16,-12
"4339","6207雷科","110/07/13","永豐金-新莊",10,0,10
"4340","6207雷科","110/07/13","日茂-埔里",0,11,-11
"4341","6207雷科","110/07/13","永豐金-新店",10,0,10
"4342","6207雷科","110/07/13","元大-莒光",0,11,-11
"4343","6207雷科","110/07/13","元大證券",9,0,9
"4344","6207雷科","110/07/13","統一-新竹",0,10,-10
"4345","6207雷科","110/07/13","日盛-木柵",9,1,8
"4346","6207雷科","110/07/13","元大-西螺",0,10,-10
"4347","6207雷科","110/07/13","兆豐-來福",8,0,8
"4348","6207雷科","110/07/13","康和-台中",0,8,-8
"4349","6207雷科","110/07/13","新光",7,0,7
"4350","6207雷科","110/07/13","兆豐-高雄",0,6,-6
"4351","3679新至陞","110/07/13","永豐金證券",50,0,50
"4352","3679新至陞","110/07/13","摩根大通",2,25,-23
"4353","3679新至陞","110/07/13","國泰-桃園",22,0,22
"4354","3679新至陞","110/07/13","元大-成功",0,22,-22
"4355","3679新至陞","110/07/13","台中銀-員林",11,0,11
"4356","3679新至陞","110/07/13","富邦-板橋",1,19,-18
"4357","3679新至陞","110/07/13","元大-文心興安",8,0,8
"4358","3679新至陞","110/07/13","日盛-新莊",0,10,-10
"4359","3679新至陞","110/07/13","美商高盛",6,0,6
"4360","3679新至陞","110/07/13","台新-台中",0,10,-10
"4361","3679新至陞","110/07/13","台新-高雄",6,0,6
"4362","3679新至陞","110/07/13","永豐金-新竹",0,8,-8
"4363","3679新至陞","110/07/13","凱基-台北",18,12,6
"4364","3679新至陞","110/07/13","瑞士信貸",12,19,-7
"4365","3679新至陞","110/07/13","日盛-復興",5,0,5
"4366","3679新至陞","110/07/13","統一-南京",0,7,-7
"4367","3679新至陞","110/07/13","(牛牛牛)亞-鑫豐",4,0,4
"4368","3679新至陞","110/07/13","凱基-新莊",0,7,-7
"4369","3679新至陞","110/07/13","元富-大昌",3,0,3
"4370","3679新至陞","110/07/13","新加坡商瑞銀",0,6,-6
"4371","3679新至陞","110/07/13","富邦-台北",3,0,3
"4372","3679新至陞","110/07/13","合庫-自強",0,5,-5
"4373","3679新至陞","110/07/13","日盛-樹林",2,0,2
"4374","3679新至陞","110/07/13","富邦-桃園",0,5,-5
"4375","3679新至陞","110/07/13","宏遠-光隆",2,0,2
"4376","3679新至陞","110/07/13","永豐金-潮州",0,4,-4
"4377","3679新至陞","110/07/13","美林",3,1,2
"4378","3679新至陞","110/07/13","臺銀-臺南",0,3,-3
"4379","3679新至陞","110/07/13","第一金-中壢",2,0,2
"4380","3679新至陞","110/07/13","元大-六合",0,3,-3
"4381","2727王品","110/07/13","富邦-台北",43,3,40
"4382","2727王品","110/07/13","台灣摩根士丹利",15,97,-82
"4383","2727王品","110/07/13","元大-基隆孝二",40,0,40
"4384","2727王品","110/07/13","玉山-台南",5,57,-52
"4385","2727王品","110/07/13","國票-新莊",40,1,39
"4386","2727王品","110/07/13","新加坡商瑞銀",0,48,-48
"4387","2727王品","110/07/13","第一金-豐原",66,42,24
"4388","2727王品","110/07/13","凱基-台北",41,77,-36
"4389","2727王品","110/07/13","永豐金-大園",34,10,24
"4390","2727王品","110/07/13","永豐金-永康",0,22,-22
"4391","2727王品","110/07/13","元大-北屯",22,0,22
"4392","2727王品","110/07/13","統一-台中",2,22,-20
"4393","2727王品","110/07/13","元大-東蘆",26,7,19
"4394","2727王品","110/07/13","國泰-台中",21,39,-18
"4395","2727王品","110/07/13","永豐金-萬盛",13,1,12
"4396","2727王品","110/07/13","合庫-彰化",3,20,-17
"4397","2727王品","110/07/13","日盛-嘉義",11,0,11
"4398","2727王品","110/07/13","港商野村",13,30,-17
"4399","2727王品","110/07/13","日盛-八德",11,0,11
"4400","2727王品","110/07/13","元大-楊梅",1,16,-15
"4401","2727王品","110/07/13","統一-竹南",11,0,11
"4402","2727王品","110/07/13","凱基-高美館",2,15,-13
"4403","2727王品","110/07/13","日盛-士林",12,2,10
"4404","2727王品","110/07/13","美商高盛",2,14,-12
"4405","2727王品","110/07/13","統一-敦南",10,0,10
"4406","2727王品","110/07/13","統一-平鎮",1,13,-12
"4407","2727王品","110/07/13","中國信託",15,5,10
"4408","2727王品","110/07/13","兆豐-台中港",4,16,-12
"4409","2727王品","110/07/13","兆豐-竹北",13,3,10
"4410","2727王品","110/07/13","凱基-八德",1,13,-12
"4411","1570力肯","110/07/13","新光",115,11,104
"4412","1570力肯","110/07/13","元大-北三重",0,162,-162
"4413","1570力肯","110/07/13","群益金鼎-高雄",54,0,54
"4414","1570力肯","110/07/13","元大-大灣",0,25,-25
"4415","1570力肯","110/07/13","國票-新莊",22,0,22
"4416","1570力肯","110/07/13","永豐金-苓雅",0,22,-22
"4417","1570力肯","110/07/13","日盛-桃園",12,0,12
"4418","1570力肯","110/07/13","永豐金-永康",0,19,-19
"4419","1570力肯","110/07/13","元大-高雄",12,0,12
"4420","1570力肯","110/07/13","富邦-員林",0,15,-15
"4421","1570力肯","110/07/13","合庫-自強",11,0,11
"4422","1570力肯","110/07/13","凱基-台南",0,11,-11
"4423","1570力肯","110/07/13","摩根大通",26,15,11
"4424","1570力肯","110/07/13","日盛-竹北",0,10,-10
"4425","1570力肯","110/07/13","永豐金-中盛",11,0,11
"4426","1570力肯","110/07/13","國票-九鼎",0,10,-10
"4427","1570力肯","110/07/13","兆豐-台中港",10,0,10
"4428","1570力肯","110/07/13","凱基-桃園",0,10,-10
"4429","1570力肯","110/07/13","國泰-松江",9,0,9
"4430","1570力肯","110/07/13","凱基-新豐",0,10,-10
"4431","1570力肯","110/07/13","元大-新盛",9,0,9
"4432","1570力肯","110/07/13","元大-學甲",0,10,-10
"4433","1570力肯","110/07/13","元富-緯城",6,0,6
"4434","1570力肯","110/07/13","群益金鼎-東湖",1,10,-9
"4435","1570力肯","110/07/13","統一-三重",5,0,5
"4436","1570力肯","110/07/13","大昌",0,6,-6
"4437","1570力肯","110/07/13","元大-前金",5,0,5
"4438","1570力肯","110/07/13","元大-土城學府",0,6,-6
"4439","1570力肯","110/07/13","永豐金證券",5,0,5
"4440","1570力肯","110/07/13","統一",0,5,-5
"4441","6180橘子","110/07/13","摩根大通",119,0,119
"4442","6180橘子","110/07/13","元大-崇德",2,61,-59
"4443","6180橘子","110/07/13","美商高盛",96,0,96
"4444","6180橘子","110/07/13","康和-台中",0,51,-51
"4445","6180橘子","110/07/13","新加坡商瑞銀",86,7,79
"4446","6180橘子","110/07/13","康和-台北",0,50,-50
"4447","6180橘子","110/07/13","元大-和平",40,0,40
"4448","6180橘子","110/07/13","元富-潮州",0,40,-40
"4449","6180橘子","110/07/13","凱基-台北",83,47,36
"4450","6180橘子","110/07/13","日盛-永康",0,26,-26
"4451","6180橘子","110/07/13","美林",39,5,34
"4452","6180橘子","110/07/13","永豐金-中正",0,24,-24
"4453","6180橘子","110/07/13","富邦-新竹華信",31,2,29
"4454","6180橘子","110/07/13","國泰-板橋",2,25,-23
"4455","6180橘子","110/07/13","統一-南京",21,0,21
"4456","6180橘子","110/07/13","日盛-大墩",0,20,-20
"4457","6180橘子","110/07/13","富邦-陽明",24,3,21
"4458","6180橘子","110/07/13","元大-草屯",13,32,-19
"4459","6180橘子","110/07/13","大昌-樹林",21,1,20
"4460","6180橘子","110/07/13","元富-林園",1,18,-17
"4461","6180橘子","110/07/13","花旗環球",19,0,19
"4462","6180橘子","110/07/13","新光-新竹",1,18,-17
"4463","6180橘子","110/07/13","華南永昌-台南",19,0,19
"4464","6180橘子","110/07/13","元大-土城永寧",0,17,-17
"4465","6180橘子","110/07/13","福勝",14,0,14
"4466","6180橘子","110/07/13","國泰-新莊",3,19,-16
"4467","6180橘子","110/07/13","富邦-嘉義",12,1,11
"4468","6180橘子","110/07/13","中國信託-永康",6,21,-15
"4469","6180橘子","110/07/13","元大-板橋三民",11,0,11
"4470","6180橘子","110/07/13","凱基-東港",1,15,-14
"4471","2390云辰","110/07/13","新加坡商瑞銀",562,75,487
"4472","2390云辰","110/07/13","大展-台南",0,532,-532
"4473","2390云辰","110/07/13","台灣摩根士丹利",330,155,175
"4474","2390云辰","110/07/13","凱基-台北",668,854,-186
"4475","2390云辰","110/07/13","兆豐-公益",126,25,101
"4476","2390云辰","110/07/13","凱基-三重",12,172,-160
"4477","2390云辰","110/07/13","元富-中港",100,2,98
"4478","2390云辰","110/07/13","兆豐-忠孝",4,161,-157
"4479","2390云辰","110/07/13","統一-新台中",106,9,97
"4480","2390云辰","110/07/13","元大-士林",19,170,-151
"4481","2390云辰","110/07/13","中國信託-松江",81,11,70
"4482","2390云辰","110/07/13","臺銀-新竹",14,117,-103
"4483","2390云辰","110/07/13","日盛-板橋",72,3,69
"4484","2390云辰","110/07/13","國票-台中",4,102,-98
"4485","2390云辰","110/07/13","日盛-和美",57,0,57
"4486","2390云辰","110/07/13","新光",147,232,-85
"4487","2390云辰","110/07/13","永豐金-桃園",88,36,52
"4488","2390云辰","110/07/13","致和-崇德",2,70,-68
"4489","2390云辰","110/07/13","玉山-士林",54,4,50
"4490","2390云辰","110/07/13","群益金鼎-屏東",2,70,-68
"4491","2390云辰","110/07/13","富邦-仁愛",56,6,50
"4492","2390云辰","110/07/13","元大-大里",35,98,-63
"4493","2390云辰","110/07/13","第一金-豐原",50,1,49
"4494","2390云辰","110/07/13","元大-萬華",35,94,-59
"4495","2390云辰","110/07/13","摩根大通",502,453,49
"4496","2390云辰","110/07/13","元富-吉利",2,60,-58
"4497","2390云辰","110/07/13","凱基-松山",61,13,48
"4498","2390云辰","110/07/13","兆豐-新竹",3,53,-50
"4499","2390云辰","110/07/13","大昌",64,22,42
"4500","2390云辰","110/07/13","富邦-嘉義",65,108,-43
"4501","2363矽統","110/07/13","凱基-南崁",2133,63,2070
"4502","2363矽統","110/07/13","凱基-幸福",36,4048,-4012
"4503","2363矽統","110/07/13","國泰-敦南",2195,1617,578
"4504","2363矽統","110/07/13","統一",192,3325,-3133
"4505","2363矽統","110/07/13","中農",670,139,531
"4506","2363矽統","110/07/13","新加坡商瑞銀",1000,2747,-1747
"4507","2363矽統","110/07/13","康和-台中",638,154,484
"4508","2363矽統","110/07/13","凱基-台北",5359,6609,-1250
"4509","2363矽統","110/07/13","群益金鼎-三民",577,137,440
"4510","2363矽統","110/07/13","摩根大通",1930,2858,-928
"4511","2363矽統","110/07/13","台新-屏東",510,88,422
"4512","2363矽統","110/07/13","港商野村",960,1679,-719
"4513","2363矽統","110/07/13","德信-中正",455,67,388
"4514","2363矽統","110/07/13","兆豐-復興",25,705,-680
"4515","2363矽統","110/07/13","日盛-竹北",365,70,295
"4516","2363矽統","110/07/13","統一-仁愛",114,755,-641
"4517","2363矽統","110/07/13","元大-佳里",452,189,263
"4518","2363矽統","110/07/13","統一-敦南",29,638,-609
"4519","2363矽統","110/07/13","國票-博愛",296,38,258
"4520","2363矽統","110/07/13","統一-土城",100,704,-604
"4521","2363矽統","110/07/13","元大-萬華",340,95,245
"4522","2363矽統","110/07/13","統一-城中",116,676,-560
"4523","2363矽統","110/07/13","新光",1259,1031,228
"4524","2363矽統","110/07/13","永豐金證券",306,859,-553
"4525","2363矽統","110/07/13","元富-成功",323,96,227
"4526","2363矽統","110/07/13","元富",54,567,-513
"4527","2363矽統","110/07/13","豐農",228,23,205
"4528","2363矽統","110/07/13","瑞士信貸",202,666,-464
"4529","2363矽統","110/07/13","台灣企銀-岡山",186,4,182
"4530","2363矽統","110/07/13","永豐金-嘉義",67,468,-401
"4531","8112至上","110/07/13","摩根大通",688,296,392
"4532","8112至上","110/07/13","國票-中和",0,401,-401
"4533","8112至上","110/07/13","港商野村",344,145,199
"4534","8112至上","110/07/13","永豐金-板盛",0,205,-205
"4535","8112至上","110/07/13","兆豐-公益",195,5,190
"4536","8112至上","110/07/13","凱基-五股",43,155,-112
"4537","8112至上","110/07/13","台灣摩根士丹利",183,0,183
"4538","8112至上","110/07/13","凱基-市政",0,100,-100
"4539","8112至上","110/07/13","群益金鼎-敦南",153,2,151
"4540","8112至上","110/07/13","元大-大里德芳",1,92,-91
"4541","8112至上","110/07/13","臺銀-金山",146,26,120
"4542","8112至上","110/07/13","玉山-桃園",26,110,-84
"4543","8112至上","110/07/13","臺銀",133,19,114
"4544","8112至上","110/07/13","兆豐-天母",0,81,-81
"4545","8112至上","110/07/13","合庫-台中",115,6,109
"4546","8112至上","110/07/13","凱基-城中",3,84,-81
"4547","8112至上","110/07/13","亞東-板橋",134,26,108
"4548","8112至上","110/07/13","日盛-新莊",9,85,-76
"4549","8112至上","110/07/13","凱基-台北",414,326,88
"4550","8112至上","110/07/13","日盛-台中",2,64,-62
"4551","8112至上","110/07/13","新加坡商瑞銀",181,100,81
"4552","8112至上","110/07/13","日盛-中壢",3,64,-61
"4553","8112至上","110/07/13","國泰-敦南",108,31,77
"4554","8112至上","110/07/13","元大-台中",2,59,-57
"4555","8112至上","110/07/13","第一金-華江",77,4,73
"4556","8112至上","110/07/13","元大-雙和",7,64,-57
"4557","8112至上","110/07/13","永豐金-內湖",73,1,72
"4558","8112至上","110/07/13","元大-高雄",8,62,-54
"4559","8112至上","110/07/13","元大-永和",68,1,67
"4560","8112至上","110/07/13","元大-館前",2,55,-53
"4561","2929淘帝","110/07/13","玉山-新竹",130,0,130
"4562","2929淘帝","110/07/13","美商高盛",0,177,-177
"4563","2929淘帝","110/07/13","臺銀-民權",60,0,60
"4564","2929淘帝","110/07/13","凱基-台北",6,80,-74
"4565","2929淘帝","110/07/13","新百王",31,0,31
"4566","2929淘帝","110/07/13","元富-大裕",0,49,-49
"4567","2929淘帝","110/07/13","日盛-園區",30,0,30
"4568","2929淘帝","110/07/13","國泰-館前",3,51,-48
"4569","2929淘帝","110/07/13","元大-南投",31,1,30
"4570","2929淘帝","110/07/13","凱基-中壢",0,41,-41
"4571","2929淘帝","110/07/13","兆豐-忠孝",28,0,28
"4572","2929淘帝","110/07/13","港商野村",21,55,-34
"4573","2929淘帝","110/07/13","元大-民生",28,0,28
"4574","2929淘帝","110/07/13","華南永昌-南京",2,34,-32
"4575","2929淘帝","110/07/13","合庫-高雄",27,0,27
"4576","2929淘帝","110/07/13","群益金鼎-土城",0,30,-30
"4577","2929淘帝","110/07/13","凱基-豐中",27,0,27
"4578","2929淘帝","110/07/13","富邦-南屯",0,22,-22
"4579","2929淘帝","110/07/13","新光",21,4,17
"4580","2929淘帝","110/07/13","第一金-豐原",0,20,-20
"4581","2929淘帝","110/07/13","元大-天母",17,0,17
"4582","2929淘帝","110/07/13","元大-屏南",6,26,-20
"4583","2929淘帝","110/07/13","永興",14,0,14
"4584","2929淘帝","110/07/13","永豐金-敦南",1,21,-20
"4585","2929淘帝","110/07/13","富邦-台北",12,0,12
"4586","2929淘帝","110/07/13","凱基-三重",2,21,-19
"4587","2929淘帝","110/07/13","元大-永和",12,0,12
"4588","2929淘帝","110/07/13","富邦-仁愛",7,25,-18
"4589","2929淘帝","110/07/13","國票-天祥",11,0,11
"4590","2929淘帝","110/07/13","元大-北投",0,16,-16
"4591","5410國眾","110/07/13","兆豐-城中",274,0,274
"4592","5410國眾","110/07/13","元富-嘉義",0,103,-103
"4593","5410國眾","110/07/13","新光",50,4,46
"4594","5410國眾","110/07/13","凱基-台北",0,50,-50
"4595","5410國眾","110/07/13","國泰-台中",26,0,26
"4596","5410國眾","110/07/13","瑞士信貸",0,31,-31
"4597","5410國眾","110/07/13","新加坡商瑞銀",22,0,22
"4598","5410國眾","110/07/13","台新-新莊",0,27,-27
"4599","5410國眾","110/07/13","光和-嘉義",20,0,20
"4600","5410國眾","110/07/13","元大-汐止",0,20,-20
"4601","5410國眾","110/07/13","凱基-竹北",17,0,17
"4602","5410國眾","110/07/13","亞東-新竹",0,17,-17
"4603","5410國眾","110/07/13","新光-桃園",15,0,15
"4604","5410國眾","110/07/13","元大-南勢角",0,13,-13
"4605","5410國眾","110/07/13","凱基-台東",14,0,14
"4606","5410國眾","110/07/13","台新-台南",0,12,-12
"4607","5410國眾","110/07/13","富邦-竹北",11,0,11
"4608","5410國眾","110/07/13","中國信託",0,11,-11
"4609","5410國眾","110/07/13","元富-同大",10,0,10
"4610","5410國眾","110/07/13","華南永昌",0,11,-11
"4611","5410國眾","110/07/13","國泰-敦南",24,15,9
"4612","5410國眾","110/07/13","臺銀-臺南",0,10,-10
"4613","5410國眾","110/07/13","日盛-內湖",7,0,7
"4614","5410國眾","110/07/13","台灣企銀-民雄",0,10,-10
"4615","5410國眾","110/07/13","台新-左楠",7,0,7
"4616","5410國眾","110/07/13","高橋",0,10,-10
"4617","5410國眾","110/07/13","元大-新盛",18,12,6
"4618","5410國眾","110/07/13","康和-嘉義",0,10,-10
"4619","5410國眾","110/07/13","統一",5,0,5
"4620","5410國眾","110/07/13","凱基-基隆",0,10,-10
"4621","2841台開","110/07/13","中國信託-高雄",251,50,201
"4622","2841台開","110/07/13","兆豐-公益",0,177,-177
"4623","2841台開","110/07/13","日盛證券",210,13,197
"4624","2841台開","110/07/13","日進",0,152,-152
"4625","2841台開","110/07/13","第一金-台中",55,0,55
"4626","2841台開","110/07/13","港商野村",0,109,-109
"4627","2841台開","110/07/13","國泰-板橋",46,0,46
"4628","2841台開","110/07/13","日盛-信義",0,103,-103
"4629","2841台開","110/07/13","國泰-館前",48,3,45
"4630","2841台開","110/07/13","國泰-敦南",11,75,-64
"4631","2841台開","110/07/13","華南永昌-新莊",45,0,45
"4632","2841台開","110/07/13","永興",0,50,-50
"4633","2841台開","110/07/13","日盛-園區",42,0,42
"4634","2841台開","110/07/13","永豐金-敦南",61,104,-43
"4635","2841台開","110/07/13","台新證券",32,0,32
"4636","2841台開","110/07/13","富邦-台南",0,42,-42
"4637","2841台開","110/07/13","台新-高雄",32,2,30
"4638","2841台開","110/07/13","國票-安和",0,30,-30
"4639","2841台開","110/07/13","豐農",23,0,23
"4640","2841台開","110/07/13","元大-桃園",0,25,-25
"4641","2841台開","110/07/13","合庫-嘉義",20,0,20
"4642","2841台開","110/07/13","新光",8,32,-24
"4643","2841台開","110/07/13","華南永昌-高雄",20,0,20
"4644","2841台開","110/07/13","元大-仁愛",0,24,-24
"4645","2841台開","110/07/13","元大-樹林",16,0,16
"4646","2841台開","110/07/13","日盛-中和",0,20,-20
"4647","2841台開","110/07/13","第一金-華江",15,2,13
"4648","2841台開","110/07/13","元富",0,20,-20
"4649","2841台開","110/07/13","美商高盛",12,0,12
"4650","2841台開","110/07/13","富邦-宜蘭",0,20,-20
"4651","6207雷科","110/07/13","元大-高雄",121,0,121
"4652","6207雷科","110/07/13","華南永昌-朴子",1,60,-59
"4653","6207雷科","110/07/13","第一金-新興",20,0,20
"4654","6207雷科","110/07/13","元大-南海",0,36,-36
"4655","6207雷科","110/07/13","元富-三重",20,0,20
"4656","6207雷科","110/07/13","凱基-土城",0,35,-35
"4657","6207雷科","110/07/13","元大-林園",15,0,15
"4658","6207雷科","110/07/13","台灣企銀",0,20,-20
"4659","6207雷科","110/07/13","元大-金華",16,1,15
"4660","6207雷科","110/07/13","群益金鼎-丹鳳",0,20,-20
"4661","6207雷科","110/07/13","日盛證券",10,0,10
"4662","6207雷科","110/07/13","元大-博愛",0,17,-17
"4663","6207雷科","110/07/13","統一-台中",10,0,10
"4664","6207雷科","110/07/13","元大-北港",0,13,-13
"4665","6207雷科","110/07/13","群益金鼎-土城",10,0,10
"4666","6207雷科","110/07/13","新加坡商瑞銀",0,12,-12
"4667","6207雷科","110/07/13","群益金鼎-桃園",10,0,10
"4668","6207雷科","110/07/13","凱基-台北",4,16,-12
"4669","6207雷科","110/07/13","永豐金-新莊",10,0,10
"4670","6207雷科","110/07/13","日茂-埔里",0,11,-11
"4671","6207雷科","110/07/13","永豐金-新店",10,0,10
"4672","6207雷科","110/07/13","元大-莒光",0,11,-11
"4673","6207雷科","110/07/13","元大證券",9,0,9
"4674","6207雷科","110/07/13","統一-新竹",0,10,-10
"4675","6207雷科","110/07/13","日盛-木柵",9,1,8
"4676","6207雷科","110/07/13","元大-西螺",0,10,-10
"4677","6207雷科","110/07/13","兆豐-來福",8,0,8
"4678","6207雷科","110/07/13","康和-台中",0,8,-8
"4679","6207雷科","110/07/13","新光",7,0,7
"4680","6207雷科","110/07/13","兆豐-高雄",0,6,-6
"4681","3679新至陞","110/07/13","永豐金證券",50,0,50
"4682","3679新至陞","110/07/13","摩根大通",2,25,-23
"4683","3679新至陞","110/07/13","國泰-桃園",22,0,22
"4684","3679新至陞","110/07/13","元大-成功",0,22,-22
"4685","3679新至陞","110/07/13","台中銀-員林",11,0,11
"4686","3679新至陞","110/07/13","富邦-板橋",1,19,-18
"4687","3679新至陞","110/07/13","元大-文心興安",8,0,8
"4688","3679新至陞","110/07/13","日盛-新莊",0,10,-10
"4689","3679新至陞","110/07/13","美商高盛",6,0,6
"4690","3679新至陞","110/07/13","台新-台中",0,10,-10
"4691","3679新至陞","110/07/13","台新-高雄",6,0,6
"4692","3679新至陞","110/07/13","永豐金-新竹",0,8,-8
"4693","3679新至陞","110/07/13","凱基-台北",18,12,6
"4694","3679新至陞","110/07/13","瑞士信貸",12,19,-7
"4695","3679新至陞","110/07/13","日盛-復興",5,0,5
"4696","3679新至陞","110/07/13","統一-南京",0,7,-7
"4697","3679新至陞","110/07/13","(牛牛牛)亞-鑫豐",4,0,4
"4698","3679新至陞","110/07/13","凱基-新莊",0,7,-7
"4699","3679新至陞","110/07/13","元富-大昌",3,0,3
"4700","3679新至陞","110/07/13","新加坡商瑞銀",0,6,-6
"4701","3679新至陞","110/07/13","富邦-台北",3,0,3
"4702","3679新至陞","110/07/13","合庫-自強",0,5,-5
"4703","3679新至陞","110/07/13","日盛-樹林",2,0,2
"4704","3679新至陞","110/07/13","富邦-桃園",0,5,-5
"4705","3679新至陞","110/07/13","宏遠-光隆",2,0,2
"4706","3679新至陞","110/07/13","永豐金-潮州",0,4,-4
"4707","3679新至陞","110/07/13","美林",3,1,2
"4708","3679新至陞","110/07/13","臺銀-臺南",0,3,-3
"4709","3679新至陞","110/07/13","第一金-中壢",2,0,2
"4710","3679新至陞","110/07/13","元大-六合",0,3,-3
"4711","2727王品","110/07/13","富邦-台北",43,3,40
"4712","2727王品","110/07/13","台灣摩根士丹利",15,97,-82
"4713","2727王品","110/07/13","元大-基隆孝二",40,0,40
"4714","2727王品","110/07/13","玉山-台南",5,57,-52
"4715","2727王品","110/07/13","國票-新莊",40,1,39
"4716","2727王品","110/07/13","新加坡商瑞銀",0,48,-48
"4717","2727王品","110/07/13","第一金-豐原",66,42,24
"4718","2727王品","110/07/13","凱基-台北",41,77,-36
"4719","2727王品","110/07/13","永豐金-大園",34,10,24
"4720","2727王品","110/07/13","永豐金-永康",0,22,-22
"4721","2727王品","110/07/13","元大-北屯",22,0,22
"4722","2727王品","110/07/13","統一-台中",2,22,-20
"4723","2727王品","110/07/13","元大-東蘆",26,7,19
"4724","2727王品","110/07/13","國泰-台中",21,39,-18
"4725","2727王品","110/07/13","永豐金-萬盛",13,1,12
"4726","2727王品","110/07/13","合庫-彰化",3,20,-17
"4727","2727王品","110/07/13","日盛-嘉義",11,0,11
"4728","2727王品","110/07/13","港商野村",13,30,-17
"4729","2727王品","110/07/13","日盛-八德",11,0,11
"4730","2727王品","110/07/13","元大-楊梅",1,16,-15
"4731","2727王品","110/07/13","統一-竹南",11,0,11
"4732","2727王品","110/07/13","凱基-高美館",2,15,-13
"4733","2727王品","110/07/13","日盛-士林",12,2,10
"4734","2727王品","110/07/13","美商高盛",2,14,-12
"4735","2727王品","110/07/13","統一-敦南",10,0,10
"4736","2727王品","110/07/13","統一-平鎮",1,13,-12
"4737","2727王品","110/07/13","中國信託",15,5,10
"4738","2727王品","110/07/13","兆豐-台中港",4,16,-12
"4739","2727王品","110/07/13","兆豐-竹北",13,3,10
"4740","2727王品","110/07/13","凱基-八德",1,13,-12
"4741","1570力肯","110/07/13","新光",115,11,104
"4742","1570力肯","110/07/13","元大-北三重",0,162,-162
"4743","1570力肯","110/07/13","群益金鼎-高雄",54,0,54
"4744","1570力肯","110/07/13","元大-大灣",0,25,-25
"4745","1570力肯","110/07/13","國票-新莊",22,0,22
"4746","1570力肯","110/07/13","永豐金-苓雅",0,22,-22
"4747","1570力肯","110/07/13","日盛-桃園",12,0,12
"4748","1570力肯","110/07/13","永豐金-永康",0,19,-19
"4749","1570力肯","110/07/13","元大-高雄",12,0,12
"4750","1570力肯","110/07/13","富邦-員林",0,15,-15
"4751","1570力肯","110/07/13","合庫-自強",11,0,11
"4752","1570力肯","110/07/13","凱基-台南",0,11,-11
"4753","1570力肯","110/07/13","摩根大通",26,15,11
"4754","1570力肯","110/07/13","日盛-竹北",0,10,-10
"4755","1570力肯","110/07/13","永豐金-中盛",11,0,11
"4756","1570力肯","110/07/13","國票-九鼎",0,10,-10
"4757","1570力肯","110/07/13","兆豐-台中港",10,0,10
"4758","1570力肯","110/07/13","凱基-桃園",0,10,-10
"4759","1570力肯","110/07/13","國泰-松江",9,0,9
"4760","1570力肯","110/07/13","凱基-新豐",0,10,-10
"4761","1570力肯","110/07/13","元大-新盛",9,0,9
"4762","1570力肯","110/07/13","元大-學甲",0,10,-10
"4763","1570力肯","110/07/13","元富-緯城",6,0,6
"4764","1570力肯","110/07/13","群益金鼎-東湖",1,10,-9
"4765","1570力肯","110/07/13","統一-三重",5,0,5
"4766","1570力肯","110/07/13","大昌",0,6,-6
"4767","1570力肯","110/07/13","元大-前金",5,0,5
"4768","1570力肯","110/07/13","元大-土城學府",0,6,-6
"4769","1570力肯","110/07/13","永豐金證券",5,0,5
"4770","1570力肯","110/07/13","統一",0,5,-5
"4771","6180橘子","110/07/13","摩根大通",119,0,119
"4772","6180橘子","110/07/13","元大-崇德",2,61,-59
"4773","6180橘子","110/07/13","美商高盛",96,0,96
"4774","6180橘子","110/07/13","康和-台中",0,51,-51
"4775","6180橘子","110/07/13","新加坡商瑞銀",86,7,79
"4776","6180橘子","110/07/13","康和-台北",0,50,-50
"4777","6180橘子","110/07/13","元大-和平",40,0,40
"4778","6180橘子","110/07/13","元富-潮州",0,40,-40
"4779","6180橘子","110/07/13","凱基-台北",83,47,36
"4780","6180橘子","110/07/13","日盛-永康",0,26,-26
"4781","6180橘子","110/07/13","美林",39,5,34
"4782","6180橘子","110/07/13","永豐金-中正",0,24,-24
"4783","6180橘子","110/07/13","富邦-新竹華信",31,2,29
"4784","6180橘子","110/07/13","國泰-板橋",2,25,-23
"4785","6180橘子","110/07/13","統一-南京",21,0,21
"4786","6180橘子","110/07/13","日盛-大墩",0,20,-20
"4787","6180橘子","110/07/13","富邦-陽明",24,3,21
"4788","6180橘子","110/07/13","元大-草屯",13,32,-19
"4789","6180橘子","110/07/13","大昌-樹林",21,1,20
"4790","6180橘子","110/07/13","元富-林園",1,18,-17
"4791","6180橘子","110/07/13","花旗環球",19,0,19
"4792","6180橘子","110/07/13","新光-新竹",1,18,-17
"4793","6180橘子","110/07/13","華南永昌-台南",19,0,19
"4794","6180橘子","110/07/13","元大-土城永寧",0,17,-17
"4795","6180橘子","110/07/13","福勝",14,0,14
"4796","6180橘子","110/07/13","國泰-新莊",3,19,-16
"4797","6180橘子","110/07/13","富邦-嘉義",12,1,11
"4798","6180橘子","110/07/13","中國信託-永康",6,21,-15
"4799","6180橘子","110/07/13","元大-板橋三民",11,0,11
"4800","6180橘子","110/07/13","凱基-東港",1,15,-14
"4801","2390云辰","110/07/13","新加坡商瑞銀",562,75,487
"4802","2390云辰","110/07/13","大展-台南",0,532,-532
"4803","2390云辰","110/07/13","台灣摩根士丹利",330,155,175
"4804","2390云辰","110/07/13","凱基-台北",668,854,-186
"4805","2390云辰","110/07/13","兆豐-公益",126,25,101
"4806","2390云辰","110/07/13","凱基-三重",12,172,-160
"4807","2390云辰","110/07/13","元富-中港",100,2,98
"4808","2390云辰","110/07/13","兆豐-忠孝",4,161,-157
"4809","2390云辰","110/07/13","統一-新台中",106,9,97
"4810","2390云辰","110/07/13","元大-士林",19,170,-151
"4811","2390云辰","110/07/13","中國信託-松江",81,11,70
"4812","2390云辰","110/07/13","臺銀-新竹",14,117,-103
"4813","2390云辰","110/07/13","日盛-板橋",72,3,69
"4814","2390云辰","110/07/13","國票-台中",4,102,-98
"4815","2390云辰","110/07/13","日盛-和美",57,0,57
"4816","2390云辰","110/07/13","新光",147,232,-85
"4817","2390云辰","110/07/13","永豐金-桃園",88,36,52
"4818","2390云辰","110/07/13","致和-崇德",2,70,-68
"4819","2390云辰","110/07/13","玉山-士林",54,4,50
"4820","2390云辰","110/07/13","群益金鼎-屏東",2,70,-68
"4821","2390云辰","110/07/13","富邦-仁愛",56,6,50
"4822","2390云辰","110/07/13","元大-大里",35,98,-63
"4823","2390云辰","110/07/13","第一金-豐原",50,1,49
"4824","2390云辰","110/07/13","元大-萬華",35,94,-59
"4825","2390云辰","110/07/13","摩根大通",502,453,49
"4826","2390云辰","110/07/13","元富-吉利",2,60,-58
"4827","2390云辰","110/07/13","凱基-松山",61,13,48
"4828","2390云辰","110/07/13","兆豐-新竹",3,53,-50
"4829","2390云辰","110/07/13","大昌",64,22,42
"4830","2390云辰","110/07/13","富邦-嘉義",65,108,-43
"4831","2363矽統","110/07/13","凱基-南崁",2133,63,2070
"4832","2363矽統","110/07/13","凱基-幸福",36,4048,-4012
"4833","2363矽統","110/07/13","國泰-敦南",2195,1617,578
"4834","2363矽統","110/07/13","統一",192,3325,-3133
"4835","2363矽統","110/07/13","中農",670,139,531
"4836","2363矽統","110/07/13","新加坡商瑞銀",1000,2747,-1747
"4837","2363矽統","110/07/13","康和-台中",638,154,484
"4838","2363矽統","110/07/13","凱基-台北",5359,6609,-1250
"4839","2363矽統","110/07/13","群益金鼎-三民",577,137,440
"4840","2363矽統","110/07/13","摩根大通",1930,2858,-928
"4841","2363矽統","110/07/13","台新-屏東",510,88,422
"4842","2363矽統","110/07/13","港商野村",960,1679,-719
"4843","2363矽統","110/07/13","德信-中正",455,67,388
"4844","2363矽統","110/07/13","兆豐-復興",25,705,-680
"4845","2363矽統","110/07/13","日盛-竹北",365,70,295
"4846","2363矽統","110/07/13","統一-仁愛",114,755,-641
"4847","2363矽統","110/07/13","元大-佳里",452,189,263
"4848","2363矽統","110/07/13","統一-敦南",29,638,-609
"4849","2363矽統","110/07/13","國票-博愛",296,38,258
"4850","2363矽統","110/07/13","統一-土城",100,704,-604
"4851","2363矽統","110/07/13","元大-萬華",340,95,245
"4852","2363矽統","110/07/13","統一-城中",116,676,-560
"4853","2363矽統","110/07/13","新光",1259,1031,228
"4854","2363矽統","110/07/13","永豐金證券",306,859,-553
"4855","2363矽統","110/07/13","元富-成功",323,96,227
"4856","2363矽統","110/07/13","元富",54,567,-513
"4857","2363矽統","110/07/13","豐農",228,23,205
"4858","2363矽統","110/07/13","瑞士信貸",202,666,-464
"4859","2363矽統","110/07/13","台灣企銀-岡山",186,4,182
"4860","2363矽統","110/07/13","永豐金-嘉義",67,468,-401
"4861","8112至上","110/07/13","摩根大通",688,296,392
"4862","8112至上","110/07/13","國票-中和",0,401,-401
"4863","8112至上","110/07/13","港商野村",344,145,199
"4864","8112至上","110/07/13","永豐金-板盛",0,205,-205
"4865","8112至上","110/07/13","兆豐-公益",195,5,190
"4866","8112至上","110/07/13","凱基-五股",43,155,-112
"4867","8112至上","110/07/13","台灣摩根士丹利",183,0,183
"4868","8112至上","110/07/13","凱基-市政",0,100,-100
"4869","8112至上","110/07/13","群益金鼎-敦南",153,2,151
"4870","8112至上","110/07/13","元大-大里德芳",1,92,-91
"4871","8112至上","110/07/13","臺銀-金山",146,26,120
"4872","8112至上","110/07/13","玉山-桃園",26,110,-84
"4873","8112至上","110/07/13","臺銀",133,19,114
"4874","8112至上","110/07/13","兆豐-天母",0,81,-81
"4875","8112至上","110/07/13","合庫-台中",115,6,109
"4876","8112至上","110/07/13","凱基-城中",3,84,-81
"4877","8112至上","110/07/13","亞東-板橋",134,26,108
"4878","8112至上","110/07/13","日盛-新莊",9,85,-76
"4879","8112至上","110/07/13","凱基-台北",414,326,88
"4880","8112至上","110/07/13","日盛-台中",2,64,-62
"4881","8112至上","110/07/13","新加坡商瑞銀",181,100,81
"4882","8112至上","110/07/13","日盛-中壢",3,64,-61
"4883","8112至上","110/07/13","國泰-敦南",108,31,77
"4884","8112至上","110/07/13","元大-台中",2,59,-57
"4885","8112至上","110/07/13","第一金-華江",77,4,73
"4886","8112至上","110/07/13","元大-雙和",7,64,-57
"4887","8112至上","110/07/13","永豐金-內湖",73,1,72
"4888","8112至上","110/07/13","元大-高雄",8,62,-54
"4889","8112至上","110/07/13","元大-永和",68,1,67
"4890","8112至上","110/07/13","元大-館前",2,55,-53
"4891","4903聯光通","110/07/13","台灣企銀-太平",56,0,56
"4892","4903聯光通","110/07/13","土銀",0,32,-32
"4893","4903聯光通","110/07/13","元富-新興",23,0,23
"4894","4903聯光通","110/07/13","元大-樹林",0,19,-19
"4895","4903聯光通","110/07/13","日盛-樹林",22,0,22
"4896","4903聯光通","110/07/13","凱基-士林",0,17,-17
"4897","4903聯光通","110/07/13","兆豐-天母",20,0,20
"4898","4903聯光通","110/07/13","國票-博愛",0,14,-14
"4899","4903聯光通","110/07/13","華南永昌-桃園",20,0,20
"4900","4903聯光通","110/07/13","元富",0,10,-10
"4901","4903聯光通","110/07/13","富邦-新店",10,0,10
"4902","4903聯光通","110/07/13","新光",0,10,-10
"4903","4903聯光通","110/07/13","新光-台中",5,0,5
"4904","4903聯光通","110/07/13","玉山-南京東路",0,10,-10
"4905","4903聯光通","110/07/13","華南永昌-台中",5,0,5
"4906","4903聯光通","110/07/13","富邦-陽明",0,10,-10
"4907","4903聯光通","110/07/13","元大-崇德",5,0,5
"4908","4903聯光通","110/07/13","元大-大甲",0,8,-8
"4909","4903聯光通","110/07/13","元大-草屯",5,0,5
"4910","4903聯光通","110/07/13","富邦-台中",0,7,-7
"4911","4903聯光通","110/07/13","元富-草屯",4,0,4
"4912","4903聯光通","110/07/13","凱基-中壢",0,6,-6
"4913","4903聯光通","110/07/13","元大-清水",4,0,4
"4914","4903聯光通","110/07/13","臺銀-民權",0,5,-5
"4915","4903聯光通","110/07/13","元大-東泰",4,0,4
"4916","4903聯光通","110/07/13","日盛-板橋",0,5,-5
"4917","4903聯光通","110/07/13","元大-佳里",2,0,2
"4918","4903聯光通","110/07/13","中國信託-忠孝",0,5,-5
"4919","4903聯光通","110/07/13","永豐金-板橋",2,0,2
"4920","4903聯光通","110/07/13","永豐金-鳳山",0,5,-5
"4921","2929淘帝","110/07/13","玉山-新竹",130,0,130
"4922","2929淘帝","110/07/13","美商高盛",0,177,-177
"4923","2929淘帝","110/07/13","臺銀-民權",60,0,60
"4924","2929淘帝","110/07/13","凱基-台北",6,80,-74
"4925","2929淘帝","110/07/13","新百王",31,0,31
"4926","2929淘帝","110/07/13","元富-大裕",0,49,-49
"4927","2929淘帝","110/07/13","日盛-園區",30,0,30
"4928","2929淘帝","110/07/13","國泰-館前",3,51,-48
"4929","2929淘帝","110/07/13","元大-南投",31,1,30
"4930","2929淘帝","110/07/13","凱基-中壢",0,41,-41
"4931","2929淘帝","110/07/13","兆豐-忠孝",28,0,28
"4932","2929淘帝","110/07/13","港商野村",21,55,-34
"4933","2929淘帝","110/07/13","元大-民生",28,0,28
"4934","2929淘帝","110/07/13","華南永昌-南京",2,34,-32
"4935","2929淘帝","110/07/13","合庫-高雄",27,0,27
"4936","2929淘帝","110/07/13","群益金鼎-土城",0,30,-30
"4937","2929淘帝","110/07/13","凱基-豐中",27,0,27
"4938","2929淘帝","110/07/13","富邦-南屯",0,22,-22
"4939","2929淘帝","110/07/13","新光",21,4,17
"4940","2929淘帝","110/07/13","第一金-豐原",0,20,-20
"4941","2929淘帝","110/07/13","元大-天母",17,0,17
"4942","2929淘帝","110/07/13","元大-屏南",6,26,-20
"4943","2929淘帝","110/07/13","永興",14,0,14
"4944","2929淘帝","110/07/13","永豐金-敦南",1,21,-20
"4945","2929淘帝","110/07/13","富邦-台北",12,0,12
"4946","2929淘帝","110/07/13","凱基-三重",2,21,-19
"4947","2929淘帝","110/07/13","元大-永和",12,0,12
"4948","2929淘帝","110/07/13","富邦-仁愛",7,25,-18
"4949","2929淘帝","110/07/13","國票-天祥",11,0,11
"4950","2929淘帝","110/07/13","元大-北投",0,16,-16
"4951","5410國眾","110/07/13","兆豐-城中",274,0,274
"4952","5410國眾","110/07/13","元富-嘉義",0,103,-103
"4953","5410國眾","110/07/13","新光",50,4,46
"4954","5410國眾","110/07/13","凱基-台北",0,50,-50
"4955","5410國眾","110/07/13","國泰-台中",26,0,26
"4956","5410國眾","110/07/13","瑞士信貸",0,31,-31
"4957","5410國眾","110/07/13","新加坡商瑞銀",22,0,22
"4958","5410國眾","110/07/13","台新-新莊",0,27,-27
"4959","5410國眾","110/07/13","光和-嘉義",20,0,20
"4960","5410國眾","110/07/13","元大-汐止",0,20,-20
"4961","5410國眾","110/07/13","凱基-竹北",17,0,17
"4962","5410國眾","110/07/13","亞東-新竹",0,17,-17
"4963","5410國眾","110/07/13","新光-桃園",15,0,15
"4964","5410國眾","110/07/13","元大-南勢角",0,13,-13
"4965","5410國眾","110/07/13","凱基-台東",14,0,14
"4966","5410國眾","110/07/13","台新-台南",0,12,-12
"4967","5410國眾","110/07/13","富邦-竹北",11,0,11
"4968","5410國眾","110/07/13","中國信託",0,11,-11
"4969","5410國眾","110/07/13","元富-同大",10,0,10
"4970","5410國眾","110/07/13","華南永昌",0,11,-11
"4971","5410國眾","110/07/13","國泰-敦南",24,15,9
"4972","5410國眾","110/07/13","臺銀-臺南",0,10,-10
"4973","5410國眾","110/07/13","日盛-內湖",7,0,7
"4974","5410國眾","110/07/13","台灣企銀-民雄",0,10,-10
"4975","5410國眾","110/07/13","台新-左楠",7,0,7
"4976","5410國眾","110/07/13","高橋",0,10,-10
"4977","5410國眾","110/07/13","元大-新盛",18,12,6
"4978","5410國眾","110/07/13","康和-嘉義",0,10,-10
"4979","5410國眾","110/07/13","統一",5,0,5
"4980","5410國眾","110/07/13","凱基-基隆",0,10,-10
"4981","2841台開","110/07/13","中國信託-高雄",251,50,201
"4982","2841台開","110/07/13","兆豐-公益",0,177,-177
"4983","2841台開","110/07/13","日盛證券",210,13,197
"4984","2841台開","110/07/13","日進",0,152,-152
"4985","2841台開","110/07/13","第一金-台中",55,0,55
"4986","2841台開","110/07/13","港商野村",0,109,-109
"4987","2841台開","110/07/13","國泰-板橋",46,0,46
"4988","2841台開","110/07/13","日盛-信義",0,103,-103
"4989","2841台開","110/07/13","國泰-館前",48,3,45
"4990","2841台開","110/07/13","國泰-敦南",11,75,-64
"4991","2841台開","110/07/13","華南永昌-新莊",45,0,45
"4992","2841台開","110/07/13","永興",0,50,-50
"4993","2841台開","110/07/13","日盛-園區",42,0,42
"4994","2841台開","110/07/13","永豐金-敦南",61,104,-43
"4995","2841台開","110/07/13","台新證券",32,0,32
"4996","2841台開","110/07/13","富邦-台南",0,42,-42
"4997","2841台開","110/07/13","台新-高雄",32,2,30
"4998","2841台開","110/07/13","國票-安和",0,30,-30
"4999","2841台開","110/07/13","豐農",23,0,23
"5000","2841台開","110/07/13","元大-桃園",0,25,-25
"5001","2841台開","110/07/13","合庫-嘉義",20,0,20
"5002","2841台開","110/07/13","新光",8,32,-24
"5003","2841台開","110/07/13","華南永昌-高雄",20,0,20
"5004","2841台開","110/07/13","元大-仁愛",0,24,-24
"5005","2841台開","110/07/13","元大-樹林",16,0,16
"5006","2841台開","110/07/13","日盛-中和",0,20,-20
"5007","2841台開","110/07/13","第一金-華江",15,2,13
"5008","2841台開","110/07/13","元富",0,20,-20
"5009","2841台開","110/07/13","美商高盛",12,0,12
"5010","2841台開","110/07/13","富邦-宜蘭",0,20,-20
"5011","6207雷科","110/07/13","元大-高雄",121,0,121
"5012","6207雷科","110/07/13","華南永昌-朴子",1,60,-59
"5013","6207雷科","110/07/13","第一金-新興",20,0,20
"5014","6207雷科","110/07/13","元大-南海",0,36,-36
"5015","6207雷科","110/07/13","元富-三重",20,0,20
"5016","6207雷科","110/07/13","凱基-土城",0,35,-35
"5017","6207雷科","110/07/13","元大-林園",15,0,15
"5018","6207雷科","110/07/13","台灣企銀",0,20,-20
"5019","6207雷科","110/07/13","元大-金華",16,1,15
"5020","6207雷科","110/07/13","群益金鼎-丹鳳",0,20,-20
"5021","6207雷科","110/07/13","日盛證券",10,0,10
"5022","6207雷科","110/07/13","元大-博愛",0,17,-17
"5023","6207雷科","110/07/13","統一-台中",10,0,10
"5024","6207雷科","110/07/13","元大-北港",0,13,-13
"5025","6207雷科","110/07/13","群益金鼎-土城",10,0,10
"5026","6207雷科","110/07/13","新加坡商瑞銀",0,12,-12
"5027","6207雷科","110/07/13","群益金鼎-桃園",10,0,10
"5028","6207雷科","110/07/13","凱基-台北",4,16,-12
"5029","6207雷科","110/07/13","永豐金-新莊",10,0,10
"5030","6207雷科","110/07/13","日茂-埔里",0,11,-11
"5031","6207雷科","110/07/13","永豐金-新店",10,0,10
"5032","6207雷科","110/07/13","元大-莒光",0,11,-11
"5033","6207雷科","110/07/13","元大證券",9,0,9
"5034","6207雷科","110/07/13","統一-新竹",0,10,-10
"5035","6207雷科","110/07/13","日盛-木柵",9,1,8
"5036","6207雷科","110/07/13","元大-西螺",0,10,-10
"5037","6207雷科","110/07/13","兆豐-來福",8,0,8
"5038","6207雷科","110/07/13","康和-台中",0,8,-8
"5039","6207雷科","110/07/13","新光",7,0,7
"5040","6207雷科","110/07/13","兆豐-高雄",0,6,-6
"5041","3679新至陞","110/07/13","永豐金證券",50,0,50
"5042","3679新至陞","110/07/13","摩根大通",2,25,-23
"5043","3679新至陞","110/07/13","國泰-桃園",22,0,22
"5044","3679新至陞","110/07/13","元大-成功",0,22,-22
"5045","3679新至陞","110/07/13","台中銀-員林",11,0,11
"5046","3679新至陞","110/07/13","富邦-板橋",1,19,-18
"5047","3679新至陞","110/07/13","元大-文心興安",8,0,8
"5048","3679新至陞","110/07/13","日盛-新莊",0,10,-10
"5049","3679新至陞","110/07/13","美商高盛",6,0,6
"5050","3679新至陞","110/07/13","台新-台中",0,10,-10
"5051","3679新至陞","110/07/13","台新-高雄",6,0,6
"5052","3679新至陞","110/07/13","永豐金-新竹",0,8,-8
"5053","3679新至陞","110/07/13","凱基-台北",18,12,6
"5054","3679新至陞","110/07/13","瑞士信貸",12,19,-7
"5055","3679新至陞","110/07/13","日盛-復興",5,0,5
"5056","3679新至陞","110/07/13","統一-南京",0,7,-7
"5057","3679新至陞","110/07/13","(牛牛牛)亞-鑫豐",4,0,4
"5058","3679新至陞","110/07/13","凱基-新莊",0,7,-7
"5059","3679新至陞","110/07/13","元富-大昌",3,0,3
"5060","3679新至陞","110/07/13","新加坡商瑞銀",0,6,-6
"5061","3679新至陞","110/07/13","富邦-台北",3,0,3
"5062","3679新至陞","110/07/13","合庫-自強",0,5,-5
"5063","3679新至陞","110/07/13","日盛-樹林",2,0,2
"5064","3679新至陞","110/07/13","富邦-桃園",0,5,-5
"5065","3679新至陞","110/07/13","宏遠-光隆",2,0,2
"5066","3679新至陞","110/07/13","永豐金-潮州",0,4,-4
"5067","3679新至陞","110/07/13","美林",3,1,2
"5068","3679新至陞","110/07/13","臺銀-臺南",0,3,-3
"5069","3679新至陞","110/07/13","第一金-中壢",2,0,2
"5070","3679新至陞","110/07/13","元大-六合",0,3,-3
"5071","2727王品","110/07/13","富邦-台北",43,3,40
"5072","2727王品","110/07/13","台灣摩根士丹利",15,97,-82
"5073","2727王品","110/07/13","元大-基隆孝二",40,0,40
"5074","2727王品","110/07/13","玉山-台南",5,57,-52
"5075","2727王品","110/07/13","國票-新莊",40,1,39
"5076","2727王品","110/07/13","新加坡商瑞銀",0,48,-48
"5077","2727王品","110/07/13","第一金-豐原",66,42,24
"5078","2727王品","110/07/13","凱基-台北",41,77,-36
"5079","2727王品","110/07/13","永豐金-大園",34,10,24
"5080","2727王品","110/07/13","永豐金-永康",0,22,-22
"5081","2727王品","110/07/13","元大-北屯",22,0,22
"5082","2727王品","110/07/13","統一-台中",2,22,-20
"5083","2727王品","110/07/13","元大-東蘆",26,7,19
"5084","2727王品","110/07/13","國泰-台中",21,39,-18
"5085","2727王品","110/07/13","永豐金-萬盛",13,1,12
"5086","2727王品","110/07/13","合庫-彰化",3,20,-17
"5087","2727王品","110/07/13","日盛-嘉義",11,0,11
"5088","2727王品","110/07/13","港商野村",13,30,-17
"5089","2727王品","110/07/13","日盛-八德",11,0,11
"5090","2727王品","110/07/13","元大-楊梅",1,16,-15
"5091","2727王品","110/07/13","統一-竹南",11,0,11
"5092","2727王品","110/07/13","凱基-高美館",2,15,-13
"5093","2727王品","110/07/13","日盛-士林",12,2,10
"5094","2727王品","110/07/13","美商高盛",2,14,-12
"5095","2727王品","110/07/13","統一-敦南",10,0,10
"5096","2727王品","110/07/13","統一-平鎮",1,13,-12
"5097","2727王品","110/07/13","中國信託",15,5,10
"5098","2727王品","110/07/13","兆豐-台中港",4,16,-12
"5099","2727王品","110/07/13","兆豐-竹北",13,3,10
"5100","2727王品","110/07/13","凱基-八德",1,13,-12
"5101","1570力肯","110/07/13","新光",115,11,104
"5102","1570力肯","110/07/13","元大-北三重",0,162,-162
"5103","1570力肯","110/07/13","群益金鼎-高雄",54,0,54
"5104","1570力肯","110/07/13","元大-大灣",0,25,-25
"5105","1570力肯","110/07/13","國票-新莊",22,0,22
"5106","1570力肯","110/07/13","永豐金-苓雅",0,22,-22
"5107","1570力肯","110/07/13","日盛-桃園",12,0,12
"5108","1570力肯","110/07/13","永豐金-永康",0,19,-19
"5109","1570力肯","110/07/13","元大-高雄",12,0,12
"5110","1570力肯","110/07/13","富邦-員林",0,15,-15
"5111","1570力肯","110/07/13","合庫-自強",11,0,11
"5112","1570力肯","110/07/13","凱基-台南",0,11,-11
"5113","1570力肯","110/07/13","摩根大通",26,15,11
"5114","1570力肯","110/07/13","日盛-竹北",0,10,-10
"5115","1570力肯","110/07/13","永豐金-中盛",11,0,11
"5116","1570力肯","110/07/13","國票-九鼎",0,10,-10
"5117","1570力肯","110/07/13","兆豐-台中港",10,0,10
"5118","1570力肯","110/07/13","凱基-桃園",0,10,-10
"5119","1570力肯","110/07/13","國泰-松江",9,0,9
"5120","1570力肯","110/07/13","凱基-新豐",0,10,-10
"5121","1570力肯","110/07/13","元大-新盛",9,0,9
"5122","1570力肯","110/07/13","元大-學甲",0,10,-10
"5123","1570力肯","110/07/13","元富-緯城",6,0,6
"5124","1570力肯","110/07/13","群益金鼎-東湖",1,10,-9
"5125","1570力肯","110/07/13","統一-三重",5,0,5
"5126","1570力肯","110/07/13","大昌",0,6,-6
"5127","1570力肯","110/07/13","元大-前金",5,0,5
"5128","1570力肯","110/07/13","元大-土城學府",0,6,-6
"5129","1570力肯","110/07/13","永豐金證券",5,0,5
"5130","1570力肯","110/07/13","統一",0,5,-5
"5131","6180橘子","110/07/13","摩根大通",119,0,119
"5132","6180橘子","110/07/13","元大-崇德",2,61,-59
"5133","6180橘子","110/07/13","美商高盛",96,0,96
"5134","6180橘子","110/07/13","康和-台中",0,51,-51
"5135","6180橘子","110/07/13","新加坡商瑞銀",86,7,79
"5136","6180橘子","110/07/13","康和-台北",0,50,-50
"5137","6180橘子","110/07/13","元大-和平",40,0,40
"5138","6180橘子","110/07/13","元富-潮州",0,40,-40
"5139","6180橘子","110/07/13","凱基-台北",83,47,36
"5140","6180橘子","110/07/13","日盛-永康",0,26,-26
"5141","6180橘子","110/07/13","美林",39,5,34
"5142","6180橘子","110/07/13","永豐金-中正",0,24,-24
"5143","6180橘子","110/07/13","富邦-新竹華信",31,2,29
"5144","6180橘子","110/07/13","國泰-板橋",2,25,-23
"5145","6180橘子","110/07/13","統一-南京",21,0,21
"5146","6180橘子","110/07/13","日盛-大墩",0,20,-20
"5147","6180橘子","110/07/13","富邦-陽明",24,3,21
"5148","6180橘子","110/07/13","元大-草屯",13,32,-19
"5149","6180橘子","110/07/13","大昌-樹林",21,1,20
"5150","6180橘子","110/07/13","元富-林園",1,18,-17
"5151","6180橘子","110/07/13","花旗環球",19,0,19
"5152","6180橘子","110/07/13","新光-新竹",1,18,-17
"5153","6180橘子","110/07/13","華南永昌-台南",19,0,19
"5154","6180橘子","110/07/13","元大-土城永寧",0,17,-17
"5155","6180橘子","110/07/13","福勝",14,0,14
"5156","6180橘子","110/07/13","國泰-新莊",3,19,-16
"5157","6180橘子","110/07/13","富邦-嘉義",12,1,11
"5158","6180橘子","110/07/13","中國信託-永康",6,21,-15
"5159","6180橘子","110/07/13","元大-板橋三民",11,0,11
"5160","6180橘子","110/07/13","凱基-東港",1,15,-14
"5161","2390云辰","110/07/13","新加坡商瑞銀",562,75,487
"5162","2390云辰","110/07/13","大展-台南",0,532,-532
"5163","2390云辰","110/07/13","台灣摩根士丹利",330,155,175
"5164","2390云辰","110/07/13","凱基-台北",668,854,-186
"5165","2390云辰","110/07/13","兆豐-公益",126,25,101
"5166","2390云辰","110/07/13","凱基-三重",12,172,-160
"5167","2390云辰","110/07/13","元富-中港",100,2,98
"5168","2390云辰","110/07/13","兆豐-忠孝",4,161,-157
"5169","2390云辰","110/07/13","統一-新台中",106,9,97
"5170","2390云辰","110/07/13","元大-士林",19,170,-151
"5171","2390云辰","110/07/13","中國信託-松江",81,11,70
"5172","2390云辰","110/07/13","臺銀-新竹",14,117,-103
"5173","2390云辰","110/07/13","日盛-板橋",72,3,69
"5174","2390云辰","110/07/13","國票-台中",4,102,-98
"5175","2390云辰","110/07/13","日盛-和美",57,0,57
"5176","2390云辰","110/07/13","新光",147,232,-85
"5177","2390云辰","110/07/13","永豐金-桃園",88,36,52
"5178","2390云辰","110/07/13","致和-崇德",2,70,-68
"5179","2390云辰","110/07/13","玉山-士林",54,4,50
"5180","2390云辰","110/07/13","群益金鼎-屏東",2,70,-68
"5181","2390云辰","110/07/13","富邦-仁愛",56,6,50
"5182","2390云辰","110/07/13","元大-大里",35,98,-63
"5183","2390云辰","110/07/13","第一金-豐原",50,1,49
"5184","2390云辰","110/07/13","元大-萬華",35,94,-59
"5185","2390云辰","110/07/13","摩根大通",502,453,49
"5186","2390云辰","110/07/13","元富-吉利",2,60,-58
"5187","2390云辰","110/07/13","凱基-松山",61,13,48
"5188","2390云辰","110/07/13","兆豐-新竹",3,53,-50
"5189","2390云辰","110/07/13","大昌",64,22,42
"5190","2390云辰","110/07/13","富邦-嘉義",65,108,-43
"5191","2363矽統","110/07/13","凱基-南崁",2133,63,2070
"5192","2363矽統","110/07/13","凱基-幸福",36,4048,-4012
"5193","2363矽統","110/07/13","國泰-敦南",2195,1617,578
"5194","2363矽統","110/07/13","統一",192,3325,-3133
"5195","2363矽統","110/07/13","中農",670,139,531
"5196","2363矽統","110/07/13","新加坡商瑞銀",1000,2747,-1747
"5197","2363矽統","110/07/13","康和-台中",638,154,484
"5198","2363矽統","110/07/13","凱基-台北",5359,6609,-1250
"5199","2363矽統","110/07/13","群益金鼎-三民",577,137,440
"5200","2363矽統","110/07/13","摩根大通",1930,2858,-928
"5201","2363矽統","110/07/13","台新-屏東",510,88,422
"5202","2363矽統","110/07/13","港商野村",960,1679,-719
"5203","2363矽統","110/07/13","德信-中正",455,67,388
"5204","2363矽統","110/07/13","兆豐-復興",25,705,-680
"5205","2363矽統","110/07/13","日盛-竹北",365,70,295
"5206","2363矽統","110/07/13","統一-仁愛",114,755,-641
"5207","2363矽統","110/07/13","元大-佳里",452,189,263
"5208","2363矽統","110/07/13","統一-敦南",29,638,-609
"5209","2363矽統","110/07/13","國票-博愛",296,38,258
"5210","2363矽統","110/07/13","統一-土城",100,704,-604
"5211","2363矽統","110/07/13","元大-萬華",340,95,245
"5212","2363矽統","110/07/13","統一-城中",116,676,-560
"5213","2363矽統","110/07/13","新光",1259,1031,228
"5214","2363矽統","110/07/13","永豐金證券",306,859,-553
"5215","2363矽統","110/07/13","元富-成功",323,96,227
"5216","2363矽統","110/07/13","元富",54,567,-513
"5217","2363矽統","110/07/13","豐農",228,23,205
"5218","2363矽統","110/07/13","瑞士信貸",202,666,-464
"5219","2363矽統","110/07/13","台灣企銀-岡山",186,4,182
"5220","2363矽統","110/07/13","永豐金-嘉義",67,468,-401
"5221","8112至上","110/07/13","摩根大通",688,296,392
"5222","8112至上","110/07/13","國票-中和",0,401,-401
"5223","8112至上","110/07/13","港商野村",344,145,199
"5224","8112至上","110/07/13","永豐金-板盛",0,205,-205
"5225","8112至上","110/07/13","兆豐-公益",195,5,190
"5226","8112至上","110/07/13","凱基-五股",43,155,-112
"5227","8112至上","110/07/13","台灣摩根士丹利",183,0,183
"5228","8112至上","110/07/13","凱基-市政",0,100,-100
"5229","8112至上","110/07/13","群益金鼎-敦南",153,2,151
"5230","8112至上","110/07/13","元大-大里德芳",1,92,-91
"5231","8112至上","110/07/13","臺銀-金山",146,26,120
"5232","8112至上","110/07/13","玉山-桃園",26,110,-84
"5233","8112至上","110/07/13","臺銀",133,19,114
"5234","8112至上","110/07/13","兆豐-天母",0,81,-81
"5235","8112至上","110/07/13","合庫-台中",115,6,109
"5236","8112至上","110/07/13","凱基-城中",3,84,-81
"5237","8112至上","110/07/13","亞東-板橋",134,26,108
"5238","8112至上","110/07/13","日盛-新莊",9,85,-76
"5239","8112至上","110/07/13","凱基-台北",414,326,88
"5240","8112至上","110/07/13","日盛-台中",2,64,-62
"5241","8112至上","110/07/13","新加坡商瑞銀",181,100,81
"5242","8112至上","110/07/13","日盛-中壢",3,64,-61
"5243","8112至上","110/07/13","國泰-敦南",108,31,77
"5244","8112至上","110/07/13","元大-台中",2,59,-57
"5245","8112至上","110/07/13","第一金-華江",77,4,73
"5246","8112至上","110/07/13","元大-雙和",7,64,-57
"5247","8112至上","110/07/13","永豐金-內湖",73,1,72
"5248","8112至上","110/07/13","元大-高雄",8,62,-54
"5249","8112至上","110/07/13","元大-永和",68,1,67
"5250","8112至上","110/07/13","元大-館前",2,55,-53
"5251","4903聯光通","110/07/13","台灣企銀-太平",56,0,56
"5252","4903聯光通","110/07/13","土銀",0,32,-32
"5253","4903聯光通","110/07/13","元富-新興",23,0,23
"5254","4903聯光通","110/07/13","元大-樹林",0,19,-19
"5255","4903聯光通","110/07/13","日盛-樹林",22,0,22
"5256","4903聯光通","110/07/13","凱基-士林",0,17,-17
"5257","4903聯光通","110/07/13","兆豐-天母",20,0,20
"5258","4903聯光通","110/07/13","國票-博愛",0,14,-14
"5259","4903聯光通","110/07/13","華南永昌-桃園",20,0,20
"5260","4903聯光通","110/07/13","元富",0,10,-10
"5261","4903聯光通","110/07/13","富邦-新店",10,0,10
"5262","4903聯光通","110/07/13","新光",0,10,-10
"5263","4903聯光通","110/07/13","新光-台中",5,0,5
"5264","4903聯光通","110/07/13","玉山-南京東路",0,10,-10
"5265","4903聯光通","110/07/13","華南永昌-台中",5,0,5
"5266","4903聯光通","110/07/13","富邦-陽明",0,10,-10
"5267","4903聯光通","110/07/13","元大-崇德",5,0,5
"5268","4903聯光通","110/07/13","元大-大甲",0,8,-8
"5269","4903聯光通","110/07/13","元大-草屯",5,0,5
"5270","4903聯光通","110/07/13","富邦-台中",0,7,-7
"5271","4903聯光通","110/07/13","元富-草屯",4,0,4
"5272","4903聯光通","110/07/13","凱基-中壢",0,6,-6
"5273","4903聯光通","110/07/13","元大-清水",4,0,4
"5274","4903聯光通","110/07/13","臺銀-民權",0,5,-5
"5275","4903聯光通","110/07/13","元大-東泰",4,0,4
"5276","4903聯光通","110/07/13","日盛-板橋",0,5,-5
"5277","4903聯光通","110/07/13","元大-佳里",2,0,2
"5278","4903聯光通","110/07/13","中國信託-忠孝",0,5,-5
"5279","4903聯光通","110/07/13","永豐金-板橋",2,0,2
"5280","4903聯光通","110/07/13","永豐金-鳳山",0,5,-5
"5281","2929淘帝","110/07/13","玉山-新竹",130,0,130
"5282","2929淘帝","110/07/13","美商高盛",0,177,-177
"5283","2929淘帝","110/07/13","臺銀-民權",60,0,60
"5284","2929淘帝","110/07/13","凱基-台北",6,80,-74
"5285","2929淘帝","110/07/13","新百王",31,0,31
"5286","2929淘帝","110/07/13","元富-大裕",0,49,-49
"5287","2929淘帝","110/07/13","日盛-園區",30,0,30
"5288","2929淘帝","110/07/13","國泰-館前",3,51,-48
"5289","2929淘帝","110/07/13","元大-南投",31,1,30
"5290","2929淘帝","110/07/13","凱基-中壢",0,41,-41
"5291","2929淘帝","110/07/13","兆豐-忠孝",28,0,28
"5292","2929淘帝","110/07/13","港商野村",21,55,-34
"5293","2929淘帝","110/07/13","元大-民生",28,0,28
"5294","2929淘帝","110/07/13","華南永昌-南京",2,34,-32
"5295","2929淘帝","110/07/13","合庫-高雄",27,0,27
"5296","2929淘帝","110/07/13","群益金鼎-土城",0,30,-30
"5297","2929淘帝","110/07/13","凱基-豐中",27,0,27
"5298","2929淘帝","110/07/13","富邦-南屯",0,22,-22
"5299","2929淘帝","110/07/13","新光",21,4,17
"5300","2929淘帝","110/07/13","第一金-豐原",0,20,-20
"5301","2929淘帝","110/07/13","元大-天母",17,0,17
"5302","2929淘帝","110/07/13","元大-屏南",6,26,-20
"5303","2929淘帝","110/07/13","永興",14,0,14
"5304","2929淘帝","110/07/13","永豐金-敦南",1,21,-20
"5305","2929淘帝","110/07/13","富邦-台北",12,0,12
"5306","2929淘帝","110/07/13","凱基-三重",2,21,-19
"5307","2929淘帝","110/07/13","元大-永和",12,0,12
"5308","2929淘帝","110/07/13","富邦-仁愛",7,25,-18
"5309","2929淘帝","110/07/13","國票-天祥",11,0,11
"5310","2929淘帝","110/07/13","元大-北投",0,16,-16
"5311","5410國眾","110/07/13","兆豐-城中",274,0,274
"5312","5410國眾","110/07/13","元富-嘉義",0,103,-103
"5313","5410國眾","110/07/13","新光",50,4,46
"5314","5410國眾","110/07/13","凱基-台北",0,50,-50
"5315","5410國眾","110/07/13","國泰-台中",26,0,26
"5316","5410國眾","110/07/13","瑞士信貸",0,31,-31
"5317","5410國眾","110/07/13","新加坡商瑞銀",22,0,22
"5318","5410國眾","110/07/13","台新-新莊",0,27,-27
"5319","5410國眾","110/07/13","光和-嘉義",20,0,20
"5320","5410國眾","110/07/13","元大-汐止",0,20,-20
"5321","5410國眾","110/07/13","凱基-竹北",17,0,17
"5322","5410國眾","110/07/13","亞東-新竹",0,17,-17
"5323","5410國眾","110/07/13","新光-桃園",15,0,15
"5324","5410國眾","110/07/13","元大-南勢角",0,13,-13
"5325","5410國眾","110/07/13","凱基-台東",14,0,14
"5326","5410國眾","110/07/13","台新-台南",0,12,-12
"5327","5410國眾","110/07/13","富邦-竹北",11,0,11
"5328","5410國眾","110/07/13","中國信託",0,11,-11
"5329","5410國眾","110/07/13","元富-同大",10,0,10
"5330","5410國眾","110/07/13","華南永昌",0,11,-11
"5331","5410國眾","110/07/13","國泰-敦南",24,15,9
"5332","5410國眾","110/07/13","臺銀-臺南",0,10,-10
"5333","5410國眾","110/07/13","日盛-內湖",7,0,7
"5334","5410國眾","110/07/13","台灣企銀-民雄",0,10,-10
"5335","5410國眾","110/07/13","台新-左楠",7,0,7
"5336","5410國眾","110/07/13","高橋",0,10,-10
"5337","5410國眾","110/07/13","元大-新盛",18,12,6
"5338","5410國眾","110/07/13","康和-嘉義",0,10,-10
"5339","5410國眾","110/07/13","統一",5,0,5
"5340","5410國眾","110/07/13","凱基-基隆",0,10,-10
"5341","2841台開","110/07/13","中國信託-高雄",251,50,201
"5342","2841台開","110/07/13","兆豐-公益",0,177,-177
"5343","2841台開","110/07/13","日盛證券",210,13,197
"5344","2841台開","110/07/13","日進",0,152,-152
"5345","2841台開","110/07/13","第一金-台中",55,0,55
"5346","2841台開","110/07/13","港商野村",0,109,-109
"5347","2841台開","110/07/13","國泰-板橋",46,0,46
"5348","2841台開","110/07/13","日盛-信義",0,103,-103
"5349","2841台開","110/07/13","國泰-館前",48,3,45
"5350","2841台開","110/07/13","國泰-敦南",11,75,-64
"5351","2841台開","110/07/13","華南永昌-新莊",45,0,45
"5352","2841台開","110/07/13","永興",0,50,-50
"5353","2841台開","110/07/13","日盛-園區",42,0,42
"5354","2841台開","110/07/13","永豐金-敦南",61,104,-43
"5355","2841台開","110/07/13","台新證券",32,0,32
"5356","2841台開","110/07/13","富邦-台南",0,42,-42
"5357","2841台開","110/07/13","台新-高雄",32,2,30
"5358","2841台開","110/07/13","國票-安和",0,30,-30
"5359","2841台開","110/07/13","豐農",23,0,23
"5360","2841台開","110/07/13","元大-桃園",0,25,-25
"5361","2841台開","110/07/13","合庫-嘉義",20,0,20
"5362","2841台開","110/07/13","新光",8,32,-24
"5363","2841台開","110/07/13","華南永昌-高雄",20,0,20
"5364","2841台開","110/07/13","元大-仁愛",0,24,-24
"5365","2841台開","110/07/13","元大-樹林",16,0,16
"5366","2841台開","110/07/13","日盛-中和",0,20,-20
"5367","2841台開","110/07/13","第一金-華江",15,2,13
"5368","2841台開","110/07/13","元富",0,20,-20
"5369","2841台開","110/07/13","美商高盛",12,0,12
"5370","2841台開","110/07/13","富邦-宜蘭",0,20,-20
"5371","6207雷科","110/07/13","元大-高雄",121,0,121
"5372","6207雷科","110/07/13","華南永昌-朴子",1,60,-59
"5373","6207雷科","110/07/13","第一金-新興",20,0,20
"5374","6207雷科","110/07/13","元大-南海",0,36,-36
"5375","6207雷科","110/07/13","元富-三重",20,0,20
"5376","6207雷科","110/07/13","凱基-土城",0,35,-35
"5377","6207雷科","110/07/13","元大-林園",15,0,15
"5378","6207雷科","110/07/13","台灣企銀",0,20,-20
"5379","6207雷科","110/07/13","元大-金華",16,1,15
"5380","6207雷科","110/07/13","群益金鼎-丹鳳",0,20,-20
"5381","6207雷科","110/07/13","日盛證券",10,0,10
"5382","6207雷科","110/07/13","元大-博愛",0,17,-17
"5383","6207雷科","110/07/13","統一-台中",10,0,10
"5384","6207雷科","110/07/13","元大-北港",0,13,-13
"5385","6207雷科","110/07/13","群益金鼎-土城",10,0,10
"5386","6207雷科","110/07/13","新加坡商瑞銀",0,12,-12
"5387","6207雷科","110/07/13","群益金鼎-桃園",10,0,10
"5388","6207雷科","110/07/13","凱基-台北",4,16,-12
"5389","6207雷科","110/07/13","永豐金-新莊",10,0,10
"5390","6207雷科","110/07/13","日茂-埔里",0,11,-11
"5391","6207雷科","110/07/13","永豐金-新店",10,0,10
"5392","6207雷科","110/07/13","元大-莒光",0,11,-11
"5393","6207雷科","110/07/13","元大證券",9,0,9
"5394","6207雷科","110/07/13","統一-新竹",0,10,-10
"5395","6207雷科","110/07/13","日盛-木柵",9,1,8
"5396","6207雷科","110/07/13","元大-西螺",0,10,-10
"5397","6207雷科","110/07/13","兆豐-來福",8,0,8
"5398","6207雷科","110/07/13","康和-台中",0,8,-8
"5399","6207雷科","110/07/13","新光",7,0,7
"5400","6207雷科","110/07/13","兆豐-高雄",0,6,-6
"5401","3679新至陞","110/07/13","永豐金證券",50,0,50
"5402","3679新至陞","110/07/13","摩根大通",2,25,-23
"5403","3679新至陞","110/07/13","國泰-桃園",22,0,22
"5404","3679新至陞","110/07/13","元大-成功",0,22,-22
"5405","3679新至陞","110/07/13","台中銀-員林",11,0,11
"5406","3679新至陞","110/07/13","富邦-板橋",1,19,-18
"5407","3679新至陞","110/07/13","元大-文心興安",8,0,8
"5408","3679新至陞","110/07/13","日盛-新莊",0,10,-10
"5409","3679新至陞","110/07/13","美商高盛",6,0,6
"5410","3679新至陞","110/07/13","台新-台中",0,10,-10
"5411","3679新至陞","110/07/13","台新-高雄",6,0,6
"5412","3679新至陞","110/07/13","永豐金-新竹",0,8,-8
"5413","3679新至陞","110/07/13","凱基-台北",18,12,6
"5414","3679新至陞","110/07/13","瑞士信貸",12,19,-7
"5415","3679新至陞","110/07/13","日盛-復興",5,0,5
"5416","3679新至陞","110/07/13","統一-南京",0,7,-7
"5417","3679新至陞","110/07/13","(牛牛牛)亞-鑫豐",4,0,4
"5418","3679新至陞","110/07/13","凱基-新莊",0,7,-7
"5419","3679新至陞","110/07/13","元富-大昌",3,0,3
"5420","3679新至陞","110/07/13","新加坡商瑞銀",0,6,-6
"5421","3679新至陞","110/07/13","富邦-台北",3,0,3
"5422","3679新至陞","110/07/13","合庫-自強",0,5,-5
"5423","3679新至陞","110/07/13","日盛-樹林",2,0,2
"5424","3679新至陞","110/07/13","富邦-桃園",0,5,-5
"5425","3679新至陞","110/07/13","宏遠-光隆",2,0,2
"5426","3679新至陞","110/07/13","永豐金-潮州",0,4,-4
"5427","3679新至陞","110/07/13","美林",3,1,2
"5428","3679新至陞","110/07/13","臺銀-臺南",0,3,-3
"5429","3679新至陞","110/07/13","第一金-中壢",2,0,2
"5430","3679新至陞","110/07/13","元大-六合",0,3,-3
"5431","2727王品","110/07/13","富邦-台北",43,3,40
"5432","2727王品","110/07/13","台灣摩根士丹利",15,97,-82
"5433","2727王品","110/07/13","元大-基隆孝二",40,0,40
"5434","2727王品","110/07/13","玉山-台南",5,57,-52
"5435","2727王品","110/07/13","國票-新莊",40,1,39
"5436","2727王品","110/07/13","新加坡商瑞銀",0,48,-48
"5437","2727王品","110/07/13","第一金-豐原",66,42,24
"5438","2727王品","110/07/13","凱基-台北",41,77,-36
"5439","2727王品","110/07/13","永豐金-大園",34,10,24
"5440","2727王品","110/07/13","永豐金-永康",0,22,-22
"5441","2727王品","110/07/13","元大-北屯",22,0,22
"5442","2727王品","110/07/13","統一-台中",2,22,-20
"5443","2727王品","110/07/13","元大-東蘆",26,7,19
"5444","2727王品","110/07/13","國泰-台中",21,39,-18
"5445","2727王品","110/07/13","永豐金-萬盛",13,1,12
"5446","2727王品","110/07/13","合庫-彰化",3,20,-17
"5447","2727王品","110/07/13","日盛-嘉義",11,0,11
"5448","2727王品","110/07/13","港商野村",13,30,-17
"5449","2727王品","110/07/13","日盛-八德",11,0,11
"5450","2727王品","110/07/13","元大-楊梅",1,16,-15
"5451","2727王品","110/07/13","統一-竹南",11,0,11
"5452","2727王品","110/07/13","凱基-高美館",2,15,-13
"5453","2727王品","110/07/13","日盛-士林",12,2,10
"5454","2727王品","110/07/13","美商高盛",2,14,-12
"5455","2727王品","110/07/13","統一-敦南",10,0,10
"5456","2727王品","110/07/13","統一-平鎮",1,13,-12
"5457","2727王品","110/07/13","中國信託",15,5,10
"5458","2727王品","110/07/13","兆豐-台中港",4,16,-12
"5459","2727王品","110/07/13","兆豐-竹北",13,3,10
"5460","2727王品","110/07/13","凱基-八德",1,13,-12
"5461","1570力肯","110/07/13","新光",115,11,104
"5462","1570力肯","110/07/13","元大-北三重",0,162,-162
"5463","1570力肯","110/07/13","群益金鼎-高雄",54,0,54
"5464","1570力肯","110/07/13","元大-大灣",0,25,-25
"5465","1570力肯","110/07/13","國票-新莊",22,0,22
"5466","1570力肯","110/07/13","永豐金-苓雅",0,22,-22
"5467","1570力肯","110/07/13","日盛-桃園",12,0,12
"5468","1570力肯","110/07/13","永豐金-永康",0,19,-19
"5469","1570力肯","110/07/13","元大-高雄",12,0,12
"5470","1570力肯","110/07/13","富邦-員林",0,15,-15
"5471","1570力肯","110/07/13","合庫-自強",11,0,11
"5472","1570力肯","110/07/13","凱基-台南",0,11,-11
"5473","1570力肯","110/07/13","摩根大通",26,15,11
"5474","1570力肯","110/07/13","日盛-竹北",0,10,-10
"5475","1570力肯","110/07/13","永豐金-中盛",11,0,11
"5476","1570力肯","110/07/13","國票-九鼎",0,10,-10
"5477","1570力肯","110/07/13","兆豐-台中港",10,0,10
"5478","1570力肯","110/07/13","凱基-桃園",0,10,-10
"5479","1570力肯","110/07/13","國泰-松江",9,0,9
"5480","1570力肯","110/07/13","凱基-新豐",0,10,-10
"5481","1570力肯","110/07/13","元大-新盛",9,0,9
"5482","1570力肯","110/07/13","元大-學甲",0,10,-10
"5483","1570力肯","110/07/13","元富-緯城",6,0,6
"5484","1570力肯","110/07/13","群益金鼎-東湖",1,10,-9
"5485","1570力肯","110/07/13","統一-三重",5,0,5
"5486","1570力肯","110/07/13","大昌",0,6,-6
"5487","1570力肯","110/07/13","元大-前金",5,0,5
"5488","1570力肯","110/07/13","元大-土城學府",0,6,-6
"5489","1570力肯","110/07/13","永豐金證券",5,0,5
"5490","1570力肯","110/07/13","統一",0,5,-5
"5491","6180橘子","110/07/13","摩根大通",119,0,119
"5492","6180橘子","110/07/13","元大-崇德",2,61,-59
"5493","6180橘子","110/07/13","美商高盛",96,0,96
"5494","6180橘子","110/07/13","康和-台中",0,51,-51
"5495","6180橘子","110/07/13","新加坡商瑞銀",86,7,79
"5496","6180橘子","110/07/13","康和-台北",0,50,-50
"5497","6180橘子","110/07/13","元大-和平",40,0,40
"5498","6180橘子","110/07/13","元富-潮州",0,40,-40
"5499","6180橘子","110/07/13","凱基-台北",83,47,36
"5500","6180橘子","110/07/13","日盛-永康",0,26,-26
"5501","6180橘子","110/07/13","美林",39,5,34
"5502","6180橘子","110/07/13","永豐金-中正",0,24,-24
"5503","6180橘子","110/07/13","富邦-新竹華信",31,2,29
"5504","6180橘子","110/07/13","國泰-板橋",2,25,-23
"5505","6180橘子","110/07/13","統一-南京",21,0,21
"5506","6180橘子","110/07/13","日盛-大墩",0,20,-20
"5507","6180橘子","110/07/13","富邦-陽明",24,3,21
"5508","6180橘子","110/07/13","元大-草屯",13,32,-19
"5509","6180橘子","110/07/13","大昌-樹林",21,1,20
"5510","6180橘子","110/07/13","元富-林園",1,18,-17
"5511","6180橘子","110/07/13","花旗環球",19,0,19
"5512","6180橘子","110/07/13","新光-新竹",1,18,-17
"5513","6180橘子","110/07/13","華南永昌-台南",19,0,19
"5514","6180橘子","110/07/13","元大-土城永寧",0,17,-17
"5515","6180橘子","110/07/13","福勝",14,0,14
"5516","6180橘子","110/07/13","國泰-新莊",3,19,-16
"5517","6180橘子","110/07/13","富邦-嘉義",12,1,11
"5518","6180橘子","110/07/13","中國信託-永康",6,21,-15
"5519","6180橘子","110/07/13","元大-板橋三民",11,0,11
"5520","6180橘子","110/07/13","凱基-東港",1,15,-14
"5521","2390云辰","110/07/13","新加坡商瑞銀",562,75,487
"5522","2390云辰","110/07/13","大展-台南",0,532,-532
"5523","2390云辰","110/07/13","台灣摩根士丹利",330,155,175
"5524","2390云辰","110/07/13","凱基-台北",668,854,-186
"5525","2390云辰","110/07/13","兆豐-公益",126,25,101
"5526","2390云辰","110/07/13","凱基-三重",12,172,-160
"5527","2390云辰","110/07/13","元富-中港",100,2,98
"5528","2390云辰","110/07/13","兆豐-忠孝",4,161,-157
"5529","2390云辰","110/07/13","統一-新台中",106,9,97
"5530","2390云辰","110/07/13","元大-士林",19,170,-151
"5531","2390云辰","110/07/13","中國信託-松江",81,11,70
"5532","2390云辰","110/07/13","臺銀-新竹",14,117,-103
"5533","2390云辰","110/07/13","日盛-板橋",72,3,69
"5534","2390云辰","110/07/13","國票-台中",4,102,-98
"5535","2390云辰","110/07/13","日盛-和美",57,0,57
"5536","2390云辰","110/07/13","新光",147,232,-85
"5537","2390云辰","110/07/13","永豐金-桃園",88,36,52
"5538","2390云辰","110/07/13","致和-崇德",2,70,-68
"5539","2390云辰","110/07/13","玉山-士林",54,4,50
"5540","2390云辰","110/07/13","群益金鼎-屏東",2,70,-68
"5541","2390云辰","110/07/13","富邦-仁愛",56,6,50
"5542","2390云辰","110/07/13","元大-大里",35,98,-63
"5543","2390云辰","110/07/13","第一金-豐原",50,1,49
"5544","2390云辰","110/07/13","元大-萬華",35,94,-59
"5545","2390云辰","110/07/13","摩根大通",502,453,49
"5546","2390云辰","110/07/13","元富-吉利",2,60,-58
"5547","2390云辰","110/07/13","凱基-松山",61,13,48
"5548","2390云辰","110/07/13","兆豐-新竹",3,53,-50
"5549","2390云辰","110/07/13","大昌",64,22,42
"5550","2390云辰","110/07/13","富邦-嘉義",65,108,-43
"5551","2363矽統","110/07/13","凱基-南崁",2133,63,2070
"5552","2363矽統","110/07/13","凱基-幸福",36,4048,-4012
"5553","2363矽統","110/07/13","國泰-敦南",2195,1617,578
"5554","2363矽統","110/07/13","統一",192,3325,-3133
"5555","2363矽統","110/07/13","中農",670,139,531
"5556","2363矽統","110/07/13","新加坡商瑞銀",1000,2747,-1747
"5557","2363矽統","110/07/13","康和-台中",638,154,484
"5558","2363矽統","110/07/13","凱基-台北",5359,6609,-1250
"5559","2363矽統","110/07/13","群益金鼎-三民",577,137,440
"5560","2363矽統","110/07/13","摩根大通",1930,2858,-928
"5561","2363矽統","110/07/13","台新-屏東",510,88,422
"5562","2363矽統","110/07/13","港商野村",960,1679,-719
"5563","2363矽統","110/07/13","德信-中正",455,67,388
"5564","2363矽統","110/07/13","兆豐-復興",25,705,-680
"5565","2363矽統","110/07/13","日盛-竹北",365,70,295
"5566","2363矽統","110/07/13","統一-仁愛",114,755,-641
"5567","2363矽統","110/07/13","元大-佳里",452,189,263
"5568","2363矽統","110/07/13","統一-敦南",29,638,-609
"5569","2363矽統","110/07/13","國票-博愛",296,38,258
"5570","2363矽統","110/07/13","統一-土城",100,704,-604
"5571","2363矽統","110/07/13","元大-萬華",340,95,245
"5572","2363矽統","110/07/13","統一-城中",116,676,-560
"5573","2363矽統","110/07/13","新光",1259,1031,228
"5574","2363矽統","110/07/13","永豐金證券",306,859,-553
"5575","2363矽統","110/07/13","元富-成功",323,96,227
"5576","2363矽統","110/07/13","元富",54,567,-513
"5577","2363矽統","110/07/13","豐農",228,23,205
"5578","2363矽統","110/07/13","瑞士信貸",202,666,-464
"5579","2363矽統","110/07/13","台灣企銀-岡山",186,4,182
"5580","2363矽統","110/07/13","永豐金-嘉義",67,468,-401
"5581","8112至上","110/07/13","摩根大通",688,296,392
"5582","8112至上","110/07/13","國票-中和",0,401,-401
"5583","8112至上","110/07/13","港商野村",344,145,199
"5584","8112至上","110/07/13","永豐金-板盛",0,205,-205
"5585","8112至上","110/07/13","兆豐-公益",195,5,190
"5586","8112至上","110/07/13","凱基-五股",43,155,-112
"5587","8112至上","110/07/13","台灣摩根士丹利",183,0,183
"5588","8112至上","110/07/13","凱基-市政",0,100,-100
"5589","8112至上","110/07/13","群益金鼎-敦南",153,2,151
"5590","8112至上","110/07/13","元大-大里德芳",1,92,-91
"5591","8112至上","110/07/13","臺銀-金山",146,26,120
"5592","8112至上","110/07/13","玉山-桃園",26,110,-84
"5593","8112至上","110/07/13","臺銀",133,19,114
"5594","8112至上","110/07/13","兆豐-天母",0,81,-81
"5595","8112至上","110/07/13","合庫-台中",115,6,109
"5596","8112至上","110/07/13","凱基-城中",3,84,-81
"5597","8112至上","110/07/13","亞東-板橋",134,26,108
"5598","8112至上","110/07/13","日盛-新莊",9,85,-76
"5599","8112至上","110/07/13","凱基-台北",414,326,88
"5600","8112至上","110/07/13","日盛-台中",2,64,-62
"5601","8112至上","110/07/13","新加坡商瑞銀",181,100,81
"5602","8112至上","110/07/13","日盛-中壢",3,64,-61
"5603","8112至上","110/07/13","國泰-敦南",108,31,77
"5604","8112至上","110/07/13","元大-台中",2,59,-57
"5605","8112至上","110/07/13","第一金-華江",77,4,73
"5606","8112至上","110/07/13","元大-雙和",7,64,-57
"5607","8112至上","110/07/13","永豐金-內湖",73,1,72
"5608","8112至上","110/07/13","元大-高雄",8,62,-54
"5609","8112至上","110/07/13","元大-永和",68,1,67
"5610","8112至上","110/07/13","元大-館前",2,55,-53
"5611","4903聯光通","110/07/13","台灣企銀-太平",56,0,56
"5612","4903聯光通","110/07/13","土銀",0,32,-32
"5613","4903聯光通","110/07/13","元富-新興",23,0,23
"5614","4903聯光通","110/07/13","元大-樹林",0,19,-19
"5615","4903聯光通","110/07/13","日盛-樹林",22,0,22
"5616","4903聯光通","110/07/13","凱基-士林",0,17,-17
"5617","4903聯光通","110/07/13","兆豐-天母",20,0,20
"5618","4903聯光通","110/07/13","國票-博愛",0,14,-14
"5619","4903聯光通","110/07/13","華南永昌-桃園",20,0,20
"5620","4903聯光通","110/07/13","元富",0,10,-10
"5621","4903聯光通","110/07/13","富邦-新店",10,0,10
"5622","4903聯光通","110/07/13","新光",0,10,-10
"5623","4903聯光通","110/07/13","新光-台中",5,0,5
"5624","4903聯光通","110/07/13","玉山-南京東路",0,10,-10
"5625","4903聯光通","110/07/13","華南永昌-台中",5,0,5
"5626","4903聯光通","110/07/13","富邦-陽明",0,10,-10
"5627","4903聯光通","110/07/13","元大-崇德",5,0,5
"5628","4903聯光通","110/07/13","元大-大甲",0,8,-8
"5629","4903聯光通","110/07/13","元大-草屯",5,0,5
"5630","4903聯光通","110/07/13","富邦-台中",0,7,-7
"5631","4903聯光通","110/07/13","元富-草屯",4,0,4
"5632","4903聯光通","110/07/13","凱基-中壢",0,6,-6
"5633","4903聯光通","110/07/13","元大-清水",4,0,4
"5634","4903聯光通","110/07/13","臺銀-民權",0,5,-5
"5635","4903聯光通","110/07/13","元大-東泰",4,0,4
"5636","4903聯光通","110/07/13","日盛-板橋",0,5,-5
"5637","4903聯光通","110/07/13","元大-佳里",2,0,2
"5638","4903聯光通","110/07/13","中國信託-忠孝",0,5,-5
"5639","4903聯光通","110/07/13","永豐金-板橋",2,0,2
"5640","4903聯光通","110/07/13","永豐金-鳳山",0,5,-5
"5641","2929淘帝","110/07/13","玉山-新竹",130,0,130
"5642","2929淘帝","110/07/13","美商高盛",0,177,-177
"5643","2929淘帝","110/07/13","臺銀-民權",60,0,60
"5644","2929淘帝","110/07/13","凱基-台北",6,80,-74
"5645","2929淘帝","110/07/13","新百王",31,0,31
"5646","2929淘帝","110/07/13","元富-大裕",0,49,-49
"5647","2929淘帝","110/07/13","日盛-園區",30,0,30
"5648","2929淘帝","110/07/13","國泰-館前",3,51,-48
"5649","2929淘帝","110/07/13","元大-南投",31,1,30
"5650","2929淘帝","110/07/13","凱基-中壢",0,41,-41
"5651","2929淘帝","110/07/13","兆豐-忠孝",28,0,28
"5652","2929淘帝","110/07/13","港商野村",21,55,-34
"5653","2929淘帝","110/07/13","元大-民生",28,0,28
"5654","2929淘帝","110/07/13","華南永昌-南京",2,34,-32
"5655","2929淘帝","110/07/13","合庫-高雄",27,0,27
"5656","2929淘帝","110/07/13","群益金鼎-土城",0,30,-30
"5657","2929淘帝","110/07/13","凱基-豐中",27,0,27
"5658","2929淘帝","110/07/13","富邦-南屯",0,22,-22
"5659","2929淘帝","110/07/13","新光",21,4,17
"5660","2929淘帝","110/07/13","第一金-豐原",0,20,-20
"5661","2929淘帝","110/07/13","元大-天母",17,0,17
"5662","2929淘帝","110/07/13","元大-屏南",6,26,-20
"5663","2929淘帝","110/07/13","永興",14,0,14
"5664","2929淘帝","110/07/13","永豐金-敦南",1,21,-20
"5665","2929淘帝","110/07/13","富邦-台北",12,0,12
"5666","2929淘帝","110/07/13","凱基-三重",2,21,-19
"5667","2929淘帝","110/07/13","元大-永和",12,0,12
"5668","2929淘帝","110/07/13","富邦-仁愛",7,25,-18
"5669","2929淘帝","110/07/13","國票-天祥",11,0,11
"5670","2929淘帝","110/07/13","元大-北投",0,16,-16
"5671","5410國眾","110/07/13","兆豐-城中",274,0,274
"5672","5410國眾","110/07/13","元富-嘉義",0,103,-103
"5673","5410國眾","110/07/13","新光",50,4,46
"5674","5410國眾","110/07/13","凱基-台北",0,50,-50
"5675","5410國眾","110/07/13","國泰-台中",26,0,26
"5676","5410國眾","110/07/13","瑞士信貸",0,31,-31
"5677","5410國眾","110/07/13","新加坡商瑞銀",22,0,22
"5678","5410國眾","110/07/13","台新-新莊",0,27,-27
"5679","5410國眾","110/07/13","光和-嘉義",20,0,20
"5680","5410國眾","110/07/13","元大-汐止",0,20,-20
"5681","5410國眾","110/07/13","凱基-竹北",17,0,17
"5682","5410國眾","110/07/13","亞東-新竹",0,17,-17
"5683","5410國眾","110/07/13","新光-桃園",15,0,15
"5684","5410國眾","110/07/13","元大-南勢角",0,13,-13
"5685","5410國眾","110/07/13","凱基-台東",14,0,14
"5686","5410國眾","110/07/13","台新-台南",0,12,-12
"5687","5410國眾","110/07/13","富邦-竹北",11,0,11
"5688","5410國眾","110/07/13","中國信託",0,11,-11
"5689","5410國眾","110/07/13","元富-同大",10,0,10
"5690","5410國眾","110/07/13","華南永昌",0,11,-11
"5691","5410國眾","110/07/13","國泰-敦南",24,15,9
"5692","5410國眾","110/07/13","臺銀-臺南",0,10,-10
"5693","5410國眾","110/07/13","日盛-內湖",7,0,7
"5694","5410國眾","110/07/13","台灣企銀-民雄",0,10,-10
"5695","5410國眾","110/07/13","台新-左楠",7,0,7
"5696","5410國眾","110/07/13","高橋",0,10,-10
"5697","5410國眾","110/07/13","元大-新盛",18,12,6
"5698","5410國眾","110/07/13","康和-嘉義",0,10,-10
"5699","5410國眾","110/07/13","統一",5,0,5
"5700","5410國眾","110/07/13","凱基-基隆",0,10,-10
"5701","2841台開","110/07/13","中國信託-高雄",251,50,201
"5702","2841台開","110/07/13","兆豐-公益",0,177,-177
"5703","2841台開","110/07/13","日盛證券",210,13,197
"5704","2841台開","110/07/13","日進",0,152,-152
"5705","2841台開","110/07/13","第一金-台中",55,0,55
"5706","2841台開","110/07/13","港商野村",0,109,-109
"5707","2841台開","110/07/13","國泰-板橋",46,0,46
"5708","2841台開","110/07/13","日盛-信義",0,103,-103
"5709","2841台開","110/07/13","國泰-館前",48,3,45
"5710","2841台開","110/07/13","國泰-敦南",11,75,-64
"5711","2841台開","110/07/13","華南永昌-新莊",45,0,45
"5712","2841台開","110/07/13","永興",0,50,-50
"5713","2841台開","110/07/13","日盛-園區",42,0,42
"5714","2841台開","110/07/13","永豐金-敦南",61,104,-43
"5715","2841台開","110/07/13","台新證券",32,0,32
"5716","2841台開","110/07/13","富邦-台南",0,42,-42
"5717","2841台開","110/07/13","台新-高雄",32,2,30
"5718","2841台開","110/07/13","國票-安和",0,30,-30
"5719","2841台開","110/07/13","豐農",23,0,23
"5720","2841台開","110/07/13","元大-桃園",0,25,-25
"5721","2841台開","110/07/13","合庫-嘉義",20,0,20
"5722","2841台開","110/07/13","新光",8,32,-24
"5723","2841台開","110/07/13","華南永昌-高雄",20,0,20
"5724","2841台開","110/07/13","元大-仁愛",0,24,-24
"5725","2841台開","110/07/13","元大-樹林",16,0,16
"5726","2841台開","110/07/13","日盛-中和",0,20,-20
"5727","2841台開","110/07/13","第一金-華江",15,2,13
"5728","2841台開","110/07/13","元富",0,20,-20
"5729","2841台開","110/07/13","美商高盛",12,0,12
"5730","2841台開","110/07/13","富邦-宜蘭",0,20,-20
"5731","6207雷科","110/07/13","元大-高雄",121,0,121
"5732","6207雷科","110/07/13","華南永昌-朴子",1,60,-59
"5733","6207雷科","110/07/13","第一金-新興",20,0,20
"5734","6207雷科","110/07/13","元大-南海",0,36,-36
"5735","6207雷科","110/07/13","元富-三重",20,0,20
"5736","6207雷科","110/07/13","凱基-土城",0,35,-35
"5737","6207雷科","110/07/13","元大-林園",15,0,15
"5738","6207雷科","110/07/13","台灣企銀",0,20,-20
"5739","6207雷科","110/07/13","元大-金華",16,1,15
"5740","6207雷科","110/07/13","群益金鼎-丹鳳",0,20,-20
"5741","6207雷科","110/07/13","日盛證券",10,0,10
"5742","6207雷科","110/07/13","元大-博愛",0,17,-17
"5743","6207雷科","110/07/13","統一-台中",10,0,10
"5744","6207雷科","110/07/13","元大-北港",0,13,-13
"5745","6207雷科","110/07/13","群益金鼎-土城",10,0,10
"5746","6207雷科","110/07/13","新加坡商瑞銀",0,12,-12
"5747","6207雷科","110/07/13","群益金鼎-桃園",10,0,10
"5748","6207雷科","110/07/13","凱基-台北",4,16,-12
"5749","6207雷科","110/07/13","永豐金-新莊",10,0,10
"5750","6207雷科","110/07/13","日茂-埔里",0,11,-11
"5751","6207雷科","110/07/13","永豐金-新店",10,0,10
"5752","6207雷科","110/07/13","元大-莒光",0,11,-11
"5753","6207雷科","110/07/13","元大證券",9,0,9
"5754","6207雷科","110/07/13","統一-新竹",0,10,-10
"5755","6207雷科","110/07/13","日盛-木柵",9,1,8
"5756","6207雷科","110/07/13","元大-西螺",0,10,-10
"5757","6207雷科","110/07/13","兆豐-來福",8,0,8
"5758","6207雷科","110/07/13","康和-台中",0,8,-8
"5759","6207雷科","110/07/13","新光",7,0,7
"5760","6207雷科","110/07/13","兆豐-高雄",0,6,-6
"5761","3679新至陞","110/07/13","永豐金證券",50,0,50
"5762","3679新至陞","110/07/13","摩根大通",2,25,-23
"5763","3679新至陞","110/07/13","國泰-桃園",22,0,22
"5764","3679新至陞","110/07/13","元大-成功",0,22,-22
"5765","3679新至陞","110/07/13","台中銀-員林",11,0,11
"5766","3679新至陞","110/07/13","富邦-板橋",1,19,-18
"5767","3679新至陞","110/07/13","元大-文心興安",8,0,8
"5768","3679新至陞","110/07/13","日盛-新莊",0,10,-10
"5769","3679新至陞","110/07/13","美商高盛",6,0,6
"5770","3679新至陞","110/07/13","台新-台中",0,10,-10
"5771","3679新至陞","110/07/13","台新-高雄",6,0,6
"5772","3679新至陞","110/07/13","永豐金-新竹",0,8,-8
"5773","3679新至陞","110/07/13","凱基-台北",18,12,6
"5774","3679新至陞","110/07/13","瑞士信貸",12,19,-7
"5775","3679新至陞","110/07/13","日盛-復興",5,0,5
"5776","3679新至陞","110/07/13","統一-南京",0,7,-7
"5777","3679新至陞","110/07/13","(牛牛牛)亞-鑫豐",4,0,4
"5778","3679新至陞","110/07/13","凱基-新莊",0,7,-7
"5779","3679新至陞","110/07/13","元富-大昌",3,0,3
"5780","3679新至陞","110/07/13","新加坡商瑞銀",0,6,-6
"5781","3679新至陞","110/07/13","富邦-台北",3,0,3
"5782","3679新至陞","110/07/13","合庫-自強",0,5,-5
"5783","3679新至陞","110/07/13","日盛-樹林",2,0,2
"5784","3679新至陞","110/07/13","富邦-桃園",0,5,-5
"5785","3679新至陞","110/07/13","宏遠-光隆",2,0,2
"5786","3679新至陞","110/07/13","永豐金-潮州",0,4,-4
"5787","3679新至陞","110/07/13","美林",3,1,2
"5788","3679新至陞","110/07/13","臺銀-臺南",0,3,-3
"5789","3679新至陞","110/07/13","第一金-中壢",2,0,2
"5790","3679新至陞","110/07/13","元大-六合",0,3,-3
"5791","2727王品","110/07/13","富邦-台北",43,3,40
"5792","2727王品","110/07/13","台灣摩根士丹利",15,97,-82
"5793","2727王品","110/07/13","元大-基隆孝二",40,0,40
"5794","2727王品","110/07/13","玉山-台南",5,57,-52
"5795","2727王品","110/07/13","國票-新莊",40,1,39
"5796","2727王品","110/07/13","新加坡商瑞銀",0,48,-48
"5797","2727王品","110/07/13","第一金-豐原",66,42,24
"5798","2727王品","110/07/13","凱基-台北",41,77,-36
"5799","2727王品","110/07/13","永豐金-大園",34,10,24
"5800","2727王品","110/07/13","永豐金-永康",0,22,-22
"5801","2727王品","110/07/13","元大-北屯",22,0,22
"5802","2727王品","110/07/13","統一-台中",2,22,-20
"5803","2727王品","110/07/13","元大-東蘆",26,7,19
"5804","2727王品","110/07/13","國泰-台中",21,39,-18
"5805","2727王品","110/07/13","永豐金-萬盛",13,1,12
"5806","2727王品","110/07/13","合庫-彰化",3,20,-17
"5807","2727王品","110/07/13","日盛-嘉義",11,0,11
"5808","2727王品","110/07/13","港商野村",13,30,-17
"5809","2727王品","110/07/13","日盛-八德",11,0,11
"5810","2727王品","110/07/13","元大-楊梅",1,16,-15
"5811","2727王品","110/07/13","統一-竹南",11,0,11
"5812","2727王品","110/07/13","凱基-高美館",2,15,-13
"5813","2727王品","110/07/13","日盛-士林",12,2,10
"5814","2727王品","110/07/13","美商高盛",2,14,-12
"5815","2727王品","110/07/13","統一-敦南",10,0,10
"5816","2727王品","110/07/13","統一-平鎮",1,13,-12
"5817","2727王品","110/07/13","中國信託",15,5,10
"5818","2727王品","110/07/13","兆豐-台中港",4,16,-12
"5819","2727王品","110/07/13","兆豐-竹北",13,3,10
"5820","2727王品","110/07/13","凱基-八德",1,13,-12
"5821","1570力肯","110/07/13","新光",115,11,104
"5822","1570力肯","110/07/13","元大-北三重",0,162,-162
"5823","1570力肯","110/07/13","群益金鼎-高雄",54,0,54
"5824","1570力肯","110/07/13","元大-大灣",0,25,-25
"5825","1570力肯","110/07/13","國票-新莊",22,0,22
"5826","1570力肯","110/07/13","永豐金-苓雅",0,22,-22
"5827","1570力肯","110/07/13","日盛-桃園",12,0,12
"5828","1570力肯","110/07/13","永豐金-永康",0,19,-19
"5829","1570力肯","110/07/13","元大-高雄",12,0,12
"5830","1570力肯","110/07/13","富邦-員林",0,15,-15
"5831","1570力肯","110/07/13","合庫-自強",11,0,11
"5832","1570力肯","110/07/13","凱基-台南",0,11,-11
"5833","1570力肯","110/07/13","摩根大通",26,15,11
"5834","1570力肯","110/07/13","日盛-竹北",0,10,-10
"5835","1570力肯","110/07/13","永豐金-中盛",11,0,11
"5836","1570力肯","110/07/13","國票-九鼎",0,10,-10
"5837","1570力肯","110/07/13","兆豐-台中港",10,0,10
"5838","1570力肯","110/07/13","凱基-桃園",0,10,-10
"5839","1570力肯","110/07/13","國泰-松江",9,0,9
"5840","1570力肯","110/07/13","凱基-新豐",0,10,-10
"5841","1570力肯","110/07/13","元大-新盛",9,0,9
"5842","1570力肯","110/07/13","元大-學甲",0,10,-10
"5843","1570力肯","110/07/13","元富-緯城",6,0,6
"5844","1570力肯","110/07/13","群益金鼎-東湖",1,10,-9
"5845","1570力肯","110/07/13","統一-三重",5,0,5
"5846","1570力肯","110/07/13","大昌",0,6,-6
"5847","1570力肯","110/07/13","元大-前金",5,0,5
"5848","1570力肯","110/07/13","元大-土城學府",0,6,-6
"5849","1570力肯","110/07/13","永豐金證券",5,0,5
"5850","1570力肯","110/07/13","統一",0,5,-5
"5851","6180橘子","110/07/13","摩根大通",119,0,119
"5852","6180橘子","110/07/13","元大-崇德",2,61,-59
"5853","6180橘子","110/07/13","美商高盛",96,0,96
"5854","6180橘子","110/07/13","康和-台中",0,51,-51
"5855","6180橘子","110/07/13","新加坡商瑞銀",86,7,79
"5856","6180橘子","110/07/13","康和-台北",0,50,-50
"5857","6180橘子","110/07/13","元大-和平",40,0,40
"5858","6180橘子","110/07/13","元富-潮州",0,40,-40
"5859","6180橘子","110/07/13","凱基-台北",83,47,36
"5860","6180橘子","110/07/13","日盛-永康",0,26,-26
"5861","6180橘子","110/07/13","美林",39,5,34
"5862","6180橘子","110/07/13","永豐金-中正",0,24,-24
"5863","6180橘子","110/07/13","富邦-新竹華信",31,2,29
"5864","6180橘子","110/07/13","國泰-板橋",2,25,-23
"5865","6180橘子","110/07/13","統一-南京",21,0,21
"5866","6180橘子","110/07/13","日盛-大墩",0,20,-20
"5867","6180橘子","110/07/13","富邦-陽明",24,3,21
"5868","6180橘子","110/07/13","元大-草屯",13,32,-19
"5869","6180橘子","110/07/13","大昌-樹林",21,1,20
"5870","6180橘子","110/07/13","元富-林園",1,18,-17
"5871","6180橘子","110/07/13","花旗環球",19,0,19
"5872","6180橘子","110/07/13","新光-新竹",1,18,-17
"5873","6180橘子","110/07/13","華南永昌-台南",19,0,19
"5874","6180橘子","110/07/13","元大-土城永寧",0,17,-17
"5875","6180橘子","110/07/13","福勝",14,0,14
"5876","6180橘子","110/07/13","國泰-新莊",3,19,-16
"5877","6180橘子","110/07/13","富邦-嘉義",12,1,11
"5878","6180橘子","110/07/13","中國信託-永康",6,21,-15
"5879","6180橘子","110/07/13","元大-板橋三民",11,0,11
"5880","6180橘子","110/07/13","凱基-東港",1,15,-14
"5881","2390云辰","110/07/13","新加坡商瑞銀",562,75,487
"5882","2390云辰","110/07/13","大展-台南",0,532,-532
"5883","2390云辰","110/07/13","台灣摩根士丹利",330,155,175
"5884","2390云辰","110/07/13","凱基-台北",668,854,-186
"5885","2390云辰","110/07/13","兆豐-公益",126,25,101
"5886","2390云辰","110/07/13","凱基-三重",12,172,-160
"5887","2390云辰","110/07/13","元富-中港",100,2,98
"5888","2390云辰","110/07/13","兆豐-忠孝",4,161,-157
"5889","2390云辰","110/07/13","統一-新台中",106,9,97
"5890","2390云辰","110/07/13","元大-士林",19,170,-151
"5891","2390云辰","110/07/13","中國信託-松江",81,11,70
"5892","2390云辰","110/07/13","臺銀-新竹",14,117,-103
"5893","2390云辰","110/07/13","日盛-板橋",72,3,69
"5894","2390云辰","110/07/13","國票-台中",4,102,-98
"5895","2390云辰","110/07/13","日盛-和美",57,0,57
"5896","2390云辰","110/07/13","新光",147,232,-85
"5897","2390云辰","110/07/13","永豐金-桃園",88,36,52
"5898","2390云辰","110/07/13","致和-崇德",2,70,-68
"5899","2390云辰","110/07/13","玉山-士林",54,4,50
"5900","2390云辰","110/07/13","群益金鼎-屏東",2,70,-68
"5901","2390云辰","110/07/13","富邦-仁愛",56,6,50
"5902","2390云辰","110/07/13","元大-大里",35,98,-63
"5903","2390云辰","110/07/13","第一金-豐原",50,1,49
"5904","2390云辰","110/07/13","元大-萬華",35,94,-59
"5905","2390云辰","110/07/13","摩根大通",502,453,49
"5906","2390云辰","110/07/13","元富-吉利",2,60,-58
"5907","2390云辰","110/07/13","凱基-松山",61,13,48
"5908","2390云辰","110/07/13","兆豐-新竹",3,53,-50
"5909","2390云辰","110/07/13","大昌",64,22,42
"5910","2390云辰","110/07/13","富邦-嘉義",65,108,-43
"5911","2363矽統","110/07/13","凱基-南崁",2133,63,2070
"5912","2363矽統","110/07/13","凱基-幸福",36,4048,-4012
"5913","2363矽統","110/07/13","國泰-敦南",2195,1617,578
"5914","2363矽統","110/07/13","統一",192,3325,-3133
"5915","2363矽統","110/07/13","中農",670,139,531
"5916","2363矽統","110/07/13","新加坡商瑞銀",1000,2747,-1747
"5917","2363矽統","110/07/13","康和-台中",638,154,484
"5918","2363矽統","110/07/13","凱基-台北",5359,6609,-1250
"5919","2363矽統","110/07/13","群益金鼎-三民",577,137,440
"5920","2363矽統","110/07/13","摩根大通",1930,2858,-928
"5921","2363矽統","110/07/13","台新-屏東",510,88,422
"5922","2363矽統","110/07/13","港商野村",960,1679,-719
"5923","2363矽統","110/07/13","德信-中正",455,67,388
"5924","2363矽統","110/07/13","兆豐-復興",25,705,-680
"5925","2363矽統","110/07/13","日盛-竹北",365,70,295
"5926","2363矽統","110/07/13","統一-仁愛",114,755,-641
"5927","2363矽統","110/07/13","元大-佳里",452,189,263
"5928","2363矽統","110/07/13","統一-敦南",29,638,-609
"5929","2363矽統","110/07/13","國票-博愛",296,38,258
"5930","2363矽統","110/07/13","統一-土城",100,704,-604
"5931","2363矽統","110/07/13","元大-萬華",340,95,245
"5932","2363矽統","110/07/13","統一-城中",116,676,-560
"5933","2363矽統","110/07/13","新光",1259,1031,228
"5934","2363矽統","110/07/13","永豐金證券",306,859,-553
"5935","2363矽統","110/07/13","元富-成功",323,96,227
"5936","2363矽統","110/07/13","元富",54,567,-513
"5937","2363矽統","110/07/13","豐農",228,23,205
"5938","2363矽統","110/07/13","瑞士信貸",202,666,-464
"5939","2363矽統","110/07/13","台灣企銀-岡山",186,4,182
"5940","2363矽統","110/07/13","永豐金-嘉義",67,468,-401
"5941","8112至上","110/07/13","摩根大通",688,296,392
"5942","8112至上","110/07/13","國票-中和",0,401,-401
"5943","8112至上","110/07/13","港商野村",344,145,199
"5944","8112至上","110/07/13","永豐金-板盛",0,205,-205
"5945","8112至上","110/07/13","兆豐-公益",195,5,190
"5946","8112至上","110/07/13","凱基-五股",43,155,-112
"5947","8112至上","110/07/13","台灣摩根士丹利",183,0,183
"5948","8112至上","110/07/13","凱基-市政",0,100,-100
"5949","8112至上","110/07/13","群益金鼎-敦南",153,2,151
"5950","8112至上","110/07/13","元大-大里德芳",1,92,-91
"5951","8112至上","110/07/13","臺銀-金山",146,26,120
"5952","8112至上","110/07/13","玉山-桃園",26,110,-84
"5953","8112至上","110/07/13","臺銀",133,19,114
"5954","8112至上","110/07/13","兆豐-天母",0,81,-81
"5955","8112至上","110/07/13","合庫-台中",115,6,109
"5956","8112至上","110/07/13","凱基-城中",3,84,-81
"5957","8112至上","110/07/13","亞東-板橋",134,26,108
"5958","8112至上","110/07/13","日盛-新莊",9,85,-76
"5959","8112至上","110/07/13","凱基-台北",414,326,88
"5960","8112至上","110/07/13","日盛-台中",2,64,-62
"5961","8112至上","110/07/13","新加坡商瑞銀",181,100,81
"5962","8112至上","110/07/13","日盛-中壢",3,64,-61
"5963","8112至上","110/07/13","國泰-敦南",108,31,77
"5964","8112至上","110/07/13","元大-台中",2,59,-57
"5965","8112至上","110/07/13","第一金-華江",77,4,73
"5966","8112至上","110/07/13","元大-雙和",7,64,-57
"5967","8112至上","110/07/13","永豐金-內湖",73,1,72
"5968","8112至上","110/07/13","元大-高雄",8,62,-54
"5969","8112至上","110/07/13","元大-永和",68,1,67
"5970","8112至上","110/07/13","元大-館前",2,55,-53
"5971","4903聯光通","110/07/13","台灣企銀-太平",56,0,56
"5972","4903聯光通","110/07/13","土銀",0,32,-32
"5973","4903聯光通","110/07/13","元富-新興",23,0,23
"5974","4903聯光通","110/07/13","元大-樹林",0,19,-19
"5975","4903聯光通","110/07/13","日盛-樹林",22,0,22
"5976","4903聯光通","110/07/13","凱基-士林",0,17,-17
"5977","4903聯光通","110/07/13","兆豐-天母",20,0,20
"5978","4903聯光通","110/07/13","國票-博愛",0,14,-14
"5979","4903聯光通","110/07/13","華南永昌-桃園",20,0,20
"5980","4903聯光通","110/07/13","元富",0,10,-10
"5981","4903聯光通","110/07/13","富邦-新店",10,0,10
"5982","4903聯光通","110/07/13","新光",0,10,-10
"5983","4903聯光通","110/07/13","新光-台中",5,0,5
"5984","4903聯光通","110/07/13","玉山-南京東路",0,10,-10
"5985","4903聯光通","110/07/13","華南永昌-台中",5,0,5
"5986","4903聯光通","110/07/13","富邦-陽明",0,10,-10
"5987","4903聯光通","110/07/13","元大-崇德",5,0,5
"5988","4903聯光通","110/07/13","元大-大甲",0,8,-8
"5989","4903聯光通","110/07/13","元大-草屯",5,0,5
"5990","4903聯光通","110/07/13","富邦-台中",0,7,-7
"5991","4903聯光通","110/07/13","元富-草屯",4,0,4
"5992","4903聯光通","110/07/13","凱基-中壢",0,6,-6
"5993","4903聯光通","110/07/13","元大-清水",4,0,4
"5994","4903聯光通","110/07/13","臺銀-民權",0,5,-5
"5995","4903聯光通","110/07/13","元大-東泰",4,0,4
"5996","4903聯光通","110/07/13","日盛-板橋",0,5,-5
"5997","4903聯光通","110/07/13","元大-佳里",2,0,2
"5998","4903聯光通","110/07/13","中國信託-忠孝",0,5,-5
"5999","4903聯光通","110/07/13","永豐金-板橋",2,0,2
"6000","4903聯光通","110/07/13","永豐金-鳳山",0,5,-5
"6001","2929淘帝","110/07/13","玉山-新竹",130,0,130
"6002","2929淘帝","110/07/13","美商高盛",0,177,-177
"6003","2929淘帝","110/07/13","臺銀-民權",60,0,60
"6004","2929淘帝","110/07/13","凱基-台北",6,80,-74
"6005","2929淘帝","110/07/13","新百王",31,0,31
"6006","2929淘帝","110/07/13","元富-大裕",0,49,-49
"6007","2929淘帝","110/07/13","日盛-園區",30,0,30
"6008","2929淘帝","110/07/13","國泰-館前",3,51,-48
"6009","2929淘帝","110/07/13","元大-南投",31,1,30
"6010","2929淘帝","110/07/13","凱基-中壢",0,41,-41
"6011","2929淘帝","110/07/13","兆豐-忠孝",28,0,28
"6012","2929淘帝","110/07/13","港商野村",21,55,-34
"6013","2929淘帝","110/07/13","元大-民生",28,0,28
"6014","2929淘帝","110/07/13","華南永昌-南京",2,34,-32
"6015","2929淘帝","110/07/13","合庫-高雄",27,0,27
"6016","2929淘帝","110/07/13","群益金鼎-土城",0,30,-30
"6017","2929淘帝","110/07/13","凱基-豐中",27,0,27
"6018","2929淘帝","110/07/13","富邦-南屯",0,22,-22
"6019","2929淘帝","110/07/13","新光",21,4,17
"6020","2929淘帝","110/07/13","第一金-豐原",0,20,-20
"6021","2929淘帝","110/07/13","元大-天母",17,0,17
"6022","2929淘帝","110/07/13","元大-屏南",6,26,-20
"6023","2929淘帝","110/07/13","永興",14,0,14
"6024","2929淘帝","110/07/13","永豐金-敦南",1,21,-20
"6025","2929淘帝","110/07/13","富邦-台北",12,0,12
"6026","2929淘帝","110/07/13","凱基-三重",2,21,-19
"6027","2929淘帝","110/07/13","元大-永和",12,0,12
"6028","2929淘帝","110/07/13","富邦-仁愛",7,25,-18
"6029","2929淘帝","110/07/13","國票-天祥",11,0,11
"6030","2929淘帝","110/07/13","元大-北投",0,16,-16
"6031","5410國眾","110/07/13","兆豐-城中",274,0,274
"6032","5410國眾","110/07/13","元富-嘉義",0,103,-103
"6033","5410國眾","110/07/13","新光",50,4,46
"6034","5410國眾","110/07/13","凱基-台北",0,50,-50
"6035","5410國眾","110/07/13","國泰-台中",26,0,26
"6036","5410國眾","110/07/13","瑞士信貸",0,31,-31
"6037","5410國眾","110/07/13","新加坡商瑞銀",22,0,22
"6038","5410國眾","110/07/13","台新-新莊",0,27,-27
"6039","5410國眾","110/07/13","光和-嘉義",20,0,20
"6040","5410國眾","110/07/13","元大-汐止",0,20,-20
"6041","5410國眾","110/07/13","凱基-竹北",17,0,17
"6042","5410國眾","110/07/13","亞東-新竹",0,17,-17
"6043","5410國眾","110/07/13","新光-桃園",15,0,15
"6044","5410國眾","110/07/13","元大-南勢角",0,13,-13
"6045","5410國眾","110/07/13","凱基-台東",14,0,14
"6046","5410國眾","110/07/13","台新-台南",0,12,-12
"6047","5410國眾","110/07/13","富邦-竹北",11,0,11
"6048","5410國眾","110/07/13","中國信託",0,11,-11
"6049","5410國眾","110/07/13","元富-同大",10,0,10
"6050","5410國眾","110/07/13","華南永昌",0,11,-11
"6051","5410國眾","110/07/13","國泰-敦南",24,15,9
"6052","5410國眾","110/07/13","臺銀-臺南",0,10,-10
"6053","5410國眾","110/07/13","日盛-內湖",7,0,7
"6054","5410國眾","110/07/13","台灣企銀-民雄",0,10,-10
"6055","5410國眾","110/07/13","台新-左楠",7,0,7
"6056","5410國眾","110/07/13","高橋",0,10,-10
"6057","5410國眾","110/07/13","元大-新盛",18,12,6
"6058","5410國眾","110/07/13","康和-嘉義",0,10,-10
"6059","5410國眾","110/07/13","統一",5,0,5
"6060","5410國眾","110/07/13","凱基-基隆",0,10,-10
"6061","2841台開","110/07/13","中國信託-高雄",251,50,201
"6062","2841台開","110/07/13","兆豐-公益",0,177,-177
"6063","2841台開","110/07/13","日盛證券",210,13,197
"6064","2841台開","110/07/13","日進",0,152,-152
"6065","2841台開","110/07/13","第一金-台中",55,0,55
"6066","2841台開","110/07/13","港商野村",0,109,-109
"6067","2841台開","110/07/13","國泰-板橋",46,0,46
"6068","2841台開","110/07/13","日盛-信義",0,103,-103
"6069","2841台開","110/07/13","國泰-館前",48,3,45
"6070","2841台開","110/07/13","國泰-敦南",11,75,-64
"6071","2841台開","110/07/13","華南永昌-新莊",45,0,45
"6072","2841台開","110/07/13","永興",0,50,-50
"6073","2841台開","110/07/13","日盛-園區",42,0,42
"6074","2841台開","110/07/13","永豐金-敦南",61,104,-43
"6075","2841台開","110/07/13","台新證券",32,0,32
"6076","2841台開","110/07/13","富邦-台南",0,42,-42
"6077","2841台開","110/07/13","台新-高雄",32,2,30
"6078","2841台開","110/07/13","國票-安和",0,30,-30
"6079","2841台開","110/07/13","豐農",23,0,23
"6080","2841台開","110/07/13","元大-桃園",0,25,-25
"6081","2841台開","110/07/13","合庫-嘉義",20,0,20
"6082","2841台開","110/07/13","新光",8,32,-24
"6083","2841台開","110/07/13","華南永昌-高雄",20,0,20
"6084","2841台開","110/07/13","元大-仁愛",0,24,-24
"6085","2841台開","110/07/13","元大-樹林",16,0,16
"6086","2841台開","110/07/13","日盛-中和",0,20,-20
"6087","2841台開","110/07/13","第一金-華江",15,2,13
"6088","2841台開","110/07/13","元富",0,20,-20
"6089","2841台開","110/07/13","美商高盛",12,0,12
"6090","2841台開","110/07/13","富邦-宜蘭",0,20,-20
"6091","6207雷科","110/07/13","元大-高雄",121,0,121
"6092","6207雷科","110/07/13","華南永昌-朴子",1,60,-59
"6093","6207雷科","110/07/13","第一金-新興",20,0,20
"6094","6207雷科","110/07/13","元大-南海",0,36,-36
"6095","6207雷科","110/07/13","元富-三重",20,0,20
"6096","6207雷科","110/07/13","凱基-土城",0,35,-35
"6097","6207雷科","110/07/13","元大-林園",15,0,15
"6098","6207雷科","110/07/13","台灣企銀",0,20,-20
"6099","6207雷科","110/07/13","元大-金華",16,1,15
"6100","6207雷科","110/07/13","群益金鼎-丹鳳",0,20,-20
"6101","6207雷科","110/07/13","日盛證券",10,0,10
"6102","6207雷科","110/07/13","元大-博愛",0,17,-17
"6103","6207雷科","110/07/13","統一-台中",10,0,10
"6104","6207雷科","110/07/13","元大-北港",0,13,-13
"6105","6207雷科","110/07/13","群益金鼎-土城",10,0,10
"6106","6207雷科","110/07/13","新加坡商瑞銀",0,12,-12
"6107","6207雷科","110/07/13","群益金鼎-桃園",10,0,10
"6108","6207雷科","110/07/13","凱基-台北",4,16,-12
"6109","6207雷科","110/07/13","永豐金-新莊",10,0,10
"6110","6207雷科","110/07/13","日茂-埔里",0,11,-11
"6111","6207雷科","110/07/13","永豐金-新店",10,0,10
"6112","6207雷科","110/07/13","元大-莒光",0,11,-11
"6113","6207雷科","110/07/13","元大證券",9,0,9
"6114","6207雷科","110/07/13","統一-新竹",0,10,-10
"6115","6207雷科","110/07/13","日盛-木柵",9,1,8
"6116","6207雷科","110/07/13","元大-西螺",0,10,-10
"6117","6207雷科","110/07/13","兆豐-來福",8,0,8
"6118","6207雷科","110/07/13","康和-台中",0,8,-8
"6119","6207雷科","110/07/13","新光",7,0,7
"6120","6207雷科","110/07/13","兆豐-高雄",0,6,-6
"6121","3679新至陞","110/07/13","永豐金證券",50,0,50
"6122","3679新至陞","110/07/13","摩根大通",2,25,-23
"6123","3679新至陞","110/07/13","國泰-桃園",22,0,22
"6124","3679新至陞","110/07/13","元大-成功",0,22,-22
"6125","3679新至陞","110/07/13","台中銀-員林",11,0,11
"6126","3679新至陞","110/07/13","富邦-板橋",1,19,-18
"6127","3679新至陞","110/07/13","元大-文心興安",8,0,8
"6128","3679新至陞","110/07/13","日盛-新莊",0,10,-10
"6129","3679新至陞","110/07/13","美商高盛",6,0,6
"6130","3679新至陞","110/07/13","台新-台中",0,10,-10
"6131","3679新至陞","110/07/13","台新-高雄",6,0,6
"6132","3679新至陞","110/07/13","永豐金-新竹",0,8,-8
"6133","3679新至陞","110/07/13","凱基-台北",18,12,6
"6134","3679新至陞","110/07/13","瑞士信貸",12,19,-7
"6135","3679新至陞","110/07/13","日盛-復興",5,0,5
"6136","3679新至陞","110/07/13","統一-南京",0,7,-7
"6137","3679新至陞","110/07/13","(牛牛牛)亞-鑫豐",4,0,4
"6138","3679新至陞","110/07/13","凱基-新莊",0,7,-7
"6139","3679新至陞","110/07/13","元富-大昌",3,0,3
"6140","3679新至陞","110/07/13","新加坡商瑞銀",0,6,-6
"6141","3679新至陞","110/07/13","富邦-台北",3,0,3
"6142","3679新至陞","110/07/13","合庫-自強",0,5,-5
"6143","3679新至陞","110/07/13","日盛-樹林",2,0,2
"6144","3679新至陞","110/07/13","富邦-桃園",0,5,-5
"6145","3679新至陞","110/07/13","宏遠-光隆",2,0,2
"6146","3679新至陞","110/07/13","永豐金-潮州",0,4,-4
"6147","3679新至陞","110/07/13","美林",3,1,2
"6148","3679新至陞","110/07/13","臺銀-臺南",0,3,-3
"6149","3679新至陞","110/07/13","第一金-中壢",2,0,2
"6150","3679新至陞","110/07/13","元大-六合",0,3,-3
"6151","2727王品","110/07/13","富邦-台北",43,3,40
"6152","2727王品","110/07/13","台灣摩根士丹利",15,97,-82
"6153","2727王品","110/07/13","元大-基隆孝二",40,0,40
"6154","2727王品","110/07/13","玉山-台南",5,57,-52
"6155","2727王品","110/07/13","國票-新莊",40,1,39
"6156","2727王品","110/07/13","新加坡商瑞銀",0,48,-48
"6157","2727王品","110/07/13","第一金-豐原",66,42,24
"6158","2727王品","110/07/13","凱基-台北",41,77,-36
"6159","2727王品","110/07/13","永豐金-大園",34,10,24
"6160","2727王品","110/07/13","永豐金-永康",0,22,-22
"6161","2727王品","110/07/13","元大-北屯",22,0,22
"6162","2727王品","110/07/13","統一-台中",2,22,-20
"6163","2727王品","110/07/13","元大-東蘆",26,7,19
"6164","2727王品","110/07/13","國泰-台中",21,39,-18
"6165","2727王品","110/07/13","永豐金-萬盛",13,1,12
"6166","2727王品","110/07/13","合庫-彰化",3,20,-17
"6167","2727王品","110/07/13","日盛-嘉義",11,0,11
"6168","2727王品","110/07/13","港商野村",13,30,-17
"6169","2727王品","110/07/13","日盛-八德",11,0,11
"6170","2727王品","110/07/13","元大-楊梅",1,16,-15
"6171","2727王品","110/07/13","統一-竹南",11,0,11
"6172","2727王品","110/07/13","凱基-高美館",2,15,-13
"6173","2727王品","110/07/13","日盛-士林",12,2,10
"6174","2727王品","110/07/13","美商高盛",2,14,-12
"6175","2727王品","110/07/13","統一-敦南",10,0,10
"6176","2727王品","110/07/13","統一-平鎮",1,13,-12
"6177","2727王品","110/07/13","中國信託",15,5,10
"6178","2727王品","110/07/13","兆豐-台中港",4,16,-12
"6179","2727王品","110/07/13","兆豐-竹北",13,3,10
"6180","2727王品","110/07/13","凱基-八德",1,13,-12
"6181","1570力肯","110/07/13","新光",115,11,104
"6182","1570力肯","110/07/13","元大-北三重",0,162,-162
"6183","1570力肯","110/07/13","群益金鼎-高雄",54,0,54
"6184","1570力肯","110/07/13","元大-大灣",0,25,-25
"6185","1570力肯","110/07/13","國票-新莊",22,0,22
"6186","1570力肯","110/07/13","永豐金-苓雅",0,22,-22
"6187","1570力肯","110/07/13","日盛-桃園",12,0,12
"6188","1570力肯","110/07/13","永豐金-永康",0,19,-19
"6189","1570力肯","110/07/13","元大-高雄",12,0,12
"6190","1570力肯","110/07/13","富邦-員林",0,15,-15
"6191","1570力肯","110/07/13","合庫-自強",11,0,11
"6192","1570力肯","110/07/13","凱基-台南",0,11,-11
"6193","1570力肯","110/07/13","摩根大通",26,15,11
"6194","1570力肯","110/07/13","日盛-竹北",0,10,-10
"6195","1570力肯","110/07/13","永豐金-中盛",11,0,11
"6196","1570力肯","110/07/13","國票-九鼎",0,10,-10
"6197","1570力肯","110/07/13","兆豐-台中港",10,0,10
"6198","1570力肯","110/07/13","凱基-桃園",0,10,-10
"6199","1570力肯","110/07/13","國泰-松江",9,0,9
"6200","1570力肯","110/07/13","凱基-新豐",0,10,-10
"6201","1570力肯","110/07/13","元大-新盛",9,0,9
"6202","1570力肯","110/07/13","元大-學甲",0,10,-10
"6203","1570力肯","110/07/13","元富-緯城",6,0,6
"6204","1570力肯","110/07/13","群益金鼎-東湖",1,10,-9
"6205","1570力肯","110/07/13","統一-三重",5,0,5
"6206","1570力肯","110/07/13","大昌",0,6,-6
"6207","1570力肯","110/07/13","元大-前金",5,0,5
"6208","1570力肯","110/07/13","元大-土城學府",0,6,-6
"6209","1570力肯","110/07/13","永豐金證券",5,0,5
"6210","1570力肯","110/07/13","統一",0,5,-5
"6211","6180橘子","110/07/13","摩根大通",119,0,119
"6212","6180橘子","110/07/13","元大-崇德",2,61,-59
"6213","6180橘子","110/07/13","美商高盛",96,0,96
"6214","6180橘子","110/07/13","康和-台中",0,51,-51
"6215","6180橘子","110/07/13","新加坡商瑞銀",86,7,79
"6216","6180橘子","110/07/13","康和-台北",0,50,-50
"6217","6180橘子","110/07/13","元大-和平",40,0,40
"6218","6180橘子","110/07/13","元富-潮州",0,40,-40
"6219","6180橘子","110/07/13","凱基-台北",83,47,36
"6220","6180橘子","110/07/13","日盛-永康",0,26,-26
"6221","6180橘子","110/07/13","美林",39,5,34
"6222","6180橘子","110/07/13","永豐金-中正",0,24,-24
"6223","6180橘子","110/07/13","富邦-新竹華信",31,2,29
"6224","6180橘子","110/07/13","國泰-板橋",2,25,-23
"6225","6180橘子","110/07/13","統一-南京",21,0,21
"6226","6180橘子","110/07/13","日盛-大墩",0,20,-20
"6227","6180橘子","110/07/13","富邦-陽明",24,3,21
"6228","6180橘子","110/07/13","元大-草屯",13,32,-19
"6229","6180橘子","110/07/13","大昌-樹林",21,1,20
"6230","6180橘子","110/07/13","元富-林園",1,18,-17
"6231","6180橘子","110/07/13","花旗環球",19,0,19
"6232","6180橘子","110/07/13","新光-新竹",1,18,-17
"6233","6180橘子","110/07/13","華南永昌-台南",19,0,19
"6234","6180橘子","110/07/13","元大-土城永寧",0,17,-17
"6235","6180橘子","110/07/13","福勝",14,0,14
"6236","6180橘子","110/07/13","國泰-新莊",3,19,-16
"6237","6180橘子","110/07/13","富邦-嘉義",12,1,11
"6238","6180橘子","110/07/13","中國信託-永康",6,21,-15
"6239","6180橘子","110/07/13","元大-板橋三民",11,0,11
"6240","6180橘子","110/07/13","凱基-東港",1,15,-14
"6241","2390云辰","110/07/13","新加坡商瑞銀",562,75,487
"6242","2390云辰","110/07/13","大展-台南",0,532,-532
"6243","2390云辰","110/07/13","台灣摩根士丹利",330,155,175
"6244","2390云辰","110/07/13","凱基-台北",668,854,-186
"6245","2390云辰","110/07/13","兆豐-公益",126,25,101
"6246","2390云辰","110/07/13","凱基-三重",12,172,-160
"6247","2390云辰","110/07/13","元富-中港",100,2,98
"6248","2390云辰","110/07/13","兆豐-忠孝",4,161,-157
"6249","2390云辰","110/07/13","統一-新台中",106,9,97
"6250","2390云辰","110/07/13","元大-士林",19,170,-151
"6251","2390云辰","110/07/13","中國信託-松江",81,11,70
"6252","2390云辰","110/07/13","臺銀-新竹",14,117,-103
"6253","2390云辰","110/07/13","日盛-板橋",72,3,69
"6254","2390云辰","110/07/13","國票-台中",4,102,-98
"6255","2390云辰","110/07/13","日盛-和美",57,0,57
"6256","2390云辰","110/07/13","新光",147,232,-85
"6257","2390云辰","110/07/13","永豐金-桃園",88,36,52
"6258","2390云辰","110/07/13","致和-崇德",2,70,-68
"6259","2390云辰","110/07/13","玉山-士林",54,4,50
"6260","2390云辰","110/07/13","群益金鼎-屏東",2,70,-68
"6261","2390云辰","110/07/13","富邦-仁愛",56,6,50
"6262","2390云辰","110/07/13","元大-大里",35,98,-63
"6263","2390云辰","110/07/13","第一金-豐原",50,1,49
"6264","2390云辰","110/07/13","元大-萬華",35,94,-59
"6265","2390云辰","110/07/13","摩根大通",502,453,49
"6266","2390云辰","110/07/13","元富-吉利",2,60,-58
"6267","2390云辰","110/07/13","凱基-松山",61,13,48
"6268","2390云辰","110/07/13","兆豐-新竹",3,53,-50
"6269","2390云辰","110/07/13","大昌",64,22,42
"6270","2390云辰","110/07/13","富邦-嘉義",65,108,-43
"6271","2363矽統","110/07/13","凱基-南崁",2133,63,2070
"6272","2363矽統","110/07/13","凱基-幸福",36,4048,-4012
"6273","2363矽統","110/07/13","國泰-敦南",2195,1617,578
"6274","2363矽統","110/07/13","統一",192,3325,-3133
"6275","2363矽統","110/07/13","中農",670,139,531
"6276","2363矽統","110/07/13","新加坡商瑞銀",1000,2747,-1747
"6277","2363矽統","110/07/13","康和-台中",638,154,484
"6278","2363矽統","110/07/13","凱基-台北",5359,6609,-1250
"6279","2363矽統","110/07/13","群益金鼎-三民",577,137,440
"6280","2363矽統","110/07/13","摩根大通",1930,2858,-928
"6281","2363矽統","110/07/13","台新-屏東",510,88,422
"6282","2363矽統","110/07/13","港商野村",960,1679,-719
"6283","2363矽統","110/07/13","德信-中正",455,67,388
"6284","2363矽統","110/07/13","兆豐-復興",25,705,-680
"6285","2363矽統","110/07/13","日盛-竹北",365,70,295
"6286","2363矽統","110/07/13","統一-仁愛",114,755,-641
"6287","2363矽統","110/07/13","元大-佳里",452,189,263
"6288","2363矽統","110/07/13","統一-敦南",29,638,-609
"6289","2363矽統","110/07/13","國票-博愛",296,38,258
"6290","2363矽統","110/07/13","統一-土城",100,704,-604
"6291","2363矽統","110/07/13","元大-萬華",340,95,245
"6292","2363矽統","110/07/13","統一-城中",116,676,-560
"6293","2363矽統","110/07/13","新光",1259,1031,228
"6294","2363矽統","110/07/13","永豐金證券",306,859,-553
"6295","2363矽統","110/07/13","元富-成功",323,96,227
"6296","2363矽統","110/07/13","元富",54,567,-513
"6297","2363矽統","110/07/13","豐農",228,23,205
"6298","2363矽統","110/07/13","瑞士信貸",202,666,-464
"6299","2363矽統","110/07/13","台灣企銀-岡山",186,4,182
"6300","2363矽統","110/07/13","永豐金-嘉義",67,468,-401
"6301","8112至上","110/07/13","摩根大通",688,296,392
"6302","8112至上","110/07/13","國票-中和",0,401,-401
"6303","8112至上","110/07/13","港商野村",344,145,199
"6304","8112至上","110/07/13","永豐金-板盛",0,205,-205
"6305","8112至上","110/07/13","兆豐-公益",195,5,190
"6306","8112至上","110/07/13","凱基-五股",43,155,-112
"6307","8112至上","110/07/13","台灣摩根士丹利",183,0,183
"6308","8112至上","110/07/13","凱基-市政",0,100,-100
"6309","8112至上","110/07/13","群益金鼎-敦南",153,2,151
"6310","8112至上","110/07/13","元大-大里德芳",1,92,-91
"6311","8112至上","110/07/13","臺銀-金山",146,26,120
"6312","8112至上","110/07/13","玉山-桃園",26,110,-84
"6313","8112至上","110/07/13","臺銀",133,19,114
"6314","8112至上","110/07/13","兆豐-天母",0,81,-81
"6315","8112至上","110/07/13","合庫-台中",115,6,109
"6316","8112至上","110/07/13","凱基-城中",3,84,-81
"6317","8112至上","110/07/13","亞東-板橋",134,26,108
"6318","8112至上","110/07/13","日盛-新莊",9,85,-76
"6319","8112至上","110/07/13","凱基-台北",414,326,88
"6320","8112至上","110/07/13","日盛-台中",2,64,-62
"6321","8112至上","110/07/13","新加坡商瑞銀",181,100,81
"6322","8112至上","110/07/13","日盛-中壢",3,64,-61
"6323","8112至上","110/07/13","國泰-敦南",108,31,77
"6324","8112至上","110/07/13","元大-台中",2,59,-57
"6325","8112至上","110/07/13","第一金-華江",77,4,73
"6326","8112至上","110/07/13","元大-雙和",7,64,-57
"6327","8112至上","110/07/13","永豐金-內湖",73,1,72
"6328","8112至上","110/07/13","元大-高雄",8,62,-54
"6329","8112至上","110/07/13","元大-永和",68,1,67
"6330","8112至上","110/07/13","元大-館前",2,55,-53
"6331","4903聯光通","110/07/13","台灣企銀-太平",56,0,56
"6332","4903聯光通","110/07/13","土銀",0,32,-32
"6333","4903聯光通","110/07/13","元富-新興",23,0,23
"6334","4903聯光通","110/07/13","元大-樹林",0,19,-19
"6335","4903聯光通","110/07/13","日盛-樹林",22,0,22
"6336","4903聯光通","110/07/13","凱基-士林",0,17,-17
"6337","4903聯光通","110/07/13","兆豐-天母",20,0,20
"6338","4903聯光通","110/07/13","國票-博愛",0,14,-14
"6339","4903聯光通","110/07/13","華南永昌-桃園",20,0,20
"6340","4903聯光通","110/07/13","元富",0,10,-10
"6341","4903聯光通","110/07/13","富邦-新店",10,0,10
"6342","4903聯光通","110/07/13","新光",0,10,-10
"6343","4903聯光通","110/07/13","新光-台中",5,0,5
"6344","4903聯光通","110/07/13","玉山-南京東路",0,10,-10
"6345","4903聯光通","110/07/13","華南永昌-台中",5,0,5
"6346","4903聯光通","110/07/13","富邦-陽明",0,10,-10
"6347","4903聯光通","110/07/13","元大-崇德",5,0,5
"6348","4903聯光通","110/07/13","元大-大甲",0,8,-8
"6349","4903聯光通","110/07/13","元大-草屯",5,0,5
"6350","4903聯光通","110/07/13","富邦-台中",0,7,-7
"6351","4903聯光通","110/07/13","元富-草屯",4,0,4
"6352","4903聯光通","110/07/13","凱基-中壢",0,6,-6
"6353","4903聯光通","110/07/13","元大-清水",4,0,4
"6354","4903聯光通","110/07/13","臺銀-民權",0,5,-5
"6355","4903聯光通","110/07/13","元大-東泰",4,0,4
"6356","4903聯光通","110/07/13","日盛-板橋",0,5,-5
"6357","4903聯光通","110/07/13","元大-佳里",2,0,2
"6358","4903聯光通","110/07/13","中國信託-忠孝",0,5,-5
"6359","4903聯光通","110/07/13","永豐金-板橋",2,0,2
"6360","4903聯光通","110/07/13","永豐金-鳳山",0,5,-5
"6361","2929淘帝","110/07/13","玉山-新竹",130,0,130
"6362","2929淘帝","110/07/13","美商高盛",0,177,-177
"6363","2929淘帝","110/07/13","臺銀-民權",60,0,60
"6364","2929淘帝","110/07/13","凱基-台北",6,80,-74
"6365","2929淘帝","110/07/13","新百王",31,0,31
"6366","2929淘帝","110/07/13","元富-大裕",0,49,-49
"6367","2929淘帝","110/07/13","日盛-園區",30,0,30
"6368","2929淘帝","110/07/13","國泰-館前",3,51,-48
"6369","2929淘帝","110/07/13","元大-南投",31,1,30
"6370","2929淘帝","110/07/13","凱基-中壢",0,41,-41
"6371","2929淘帝","110/07/13","兆豐-忠孝",28,0,28
"6372","2929淘帝","110/07/13","港商野村",21,55,-34
"6373","2929淘帝","110/07/13","元大-民生",28,0,28
"6374","2929淘帝","110/07/13","華南永昌-南京",2,34,-32
"6375","2929淘帝","110/07/13","合庫-高雄",27,0,27
"6376","2929淘帝","110/07/13","群益金鼎-土城",0,30,-30
"6377","2929淘帝","110/07/13","凱基-豐中",27,0,27
"6378","2929淘帝","110/07/13","富邦-南屯",0,22,-22
"6379","2929淘帝","110/07/13","新光",21,4,17
"6380","2929淘帝","110/07/13","第一金-豐原",0,20,-20
"6381","2929淘帝","110/07/13","元大-天母",17,0,17
"6382","2929淘帝","110/07/13","元大-屏南",6,26,-20
"6383","2929淘帝","110/07/13","永興",14,0,14
"6384","2929淘帝","110/07/13","永豐金-敦南",1,21,-20
"6385","2929淘帝","110/07/13","富邦-台北",12,0,12
"6386","2929淘帝","110/07/13","凱基-三重",2,21,-19
"6387","2929淘帝","110/07/13","元大-永和",12,0,12
"6388","2929淘帝","110/07/13","富邦-仁愛",7,25,-18
"6389","2929淘帝","110/07/13","國票-天祥",11,0,11
"6390","2929淘帝","110/07/13","元大-北投",0,16,-16
"6391","5410國眾","110/07/13","兆豐-城中",274,0,274
"6392","5410國眾","110/07/13","元富-嘉義",0,103,-103
"6393","5410國眾","110/07/13","新光",50,4,46
"6394","5410國眾","110/07/13","凱基-台北",0,50,-50
"6395","5410國眾","110/07/13","國泰-台中",26,0,26
"6396","5410國眾","110/07/13","瑞士信貸",0,31,-31
"6397","5410國眾","110/07/13","新加坡商瑞銀",22,0,22
"6398","5410國眾","110/07/13","台新-新莊",0,27,-27
"6399","5410國眾","110/07/13","光和-嘉義",20,0,20
"6400","5410國眾","110/07/13","元大-汐止",0,20,-20
"6401","5410國眾","110/07/13","凱基-竹北",17,0,17
"6402","5410國眾","110/07/13","亞東-新竹",0,17,-17
"6403","5410國眾","110/07/13","新光-桃園",15,0,15
"6404","5410國眾","110/07/13","元大-南勢角",0,13,-13
"6405","5410國眾","110/07/13","凱基-台東",14,0,14
"6406","5410國眾","110/07/13","台新-台南",0,12,-12
"6407","5410國眾","110/07/13","富邦-竹北",11,0,11
"6408","5410國眾","110/07/13","中國信託",0,11,-11
"6409","5410國眾","110/07/13","元富-同大",10,0,10
"6410","5410國眾","110/07/13","華南永昌",0,11,-11
"6411","5410國眾","110/07/13","國泰-敦南",24,15,9
"6412","5410國眾","110/07/13","臺銀-臺南",0,10,-10
"6413","5410國眾","110/07/13","日盛-內湖",7,0,7
"6414","5410國眾","110/07/13","台灣企銀-民雄",0,10,-10
"6415","5410國眾","110/07/13","台新-左楠",7,0,7
"6416","5410國眾","110/07/13","高橋",0,10,-10
"6417","5410國眾","110/07/13","元大-新盛",18,12,6
"6418","5410國眾","110/07/13","康和-嘉義",0,10,-10
"6419","5410國眾","110/07/13","統一",5,0,5
"6420","5410國眾","110/07/13","凱基-基隆",0,10,-10
"6421","2841台開","110/07/13","中國信託-高雄",251,50,201
"6422","2841台開","110/07/13","兆豐-公益",0,177,-177
"6423","2841台開","110/07/13","日盛證券",210,13,197
"6424","2841台開","110/07/13","日進",0,152,-152
"6425","2841台開","110/07/13","第一金-台中",55,0,55
"6426","2841台開","110/07/13","港商野村",0,109,-109
"6427","2841台開","110/07/13","國泰-板橋",46,0,46
"6428","2841台開","110/07/13","日盛-信義",0,103,-103
"6429","2841台開","110/07/13","國泰-館前",48,3,45
"6430","2841台開","110/07/13","國泰-敦南",11,75,-64
"6431","2841台開","110/07/13","華南永昌-新莊",45,0,45
"6432","2841台開","110/07/13","永興",0,50,-50
"6433","2841台開","110/07/13","日盛-園區",42,0,42
"6434","2841台開","110/07/13","永豐金-敦南",61,104,-43
"6435","2841台開","110/07/13","台新證券",32,0,32
"6436","2841台開","110/07/13","富邦-台南",0,42,-42
"6437","2841台開","110/07/13","台新-高雄",32,2,30
"6438","2841台開","110/07/13","國票-安和",0,30,-30
"6439","2841台開","110/07/13","豐農",23,0,23
"6440","2841台開","110/07/13","元大-桃園",0,25,-25
"6441","2841台開","110/07/13","合庫-嘉義",20,0,20
"6442","2841台開","110/07/13","新光",8,32,-24
"6443","2841台開","110/07/13","華南永昌-高雄",20,0,20
"6444","2841台開","110/07/13","元大-仁愛",0,24,-24
"6445","2841台開","110/07/13","元大-樹林",16,0,16
"6446","2841台開","110/07/13","日盛-中和",0,20,-20
"6447","2841台開","110/07/13","第一金-華江",15,2,13
"6448","2841台開","110/07/13","元富",0,20,-20
"6449","2841台開","110/07/13","美商高盛",12,0,12
"6450","2841台開","110/07/13","富邦-宜蘭",0,20,-20
"6451","6207雷科","110/07/13","元大-高雄",121,0,121
"6452","6207雷科","110/07/13","華南永昌-朴子",1,60,-59
"6453","6207雷科","110/07/13","第一金-新興",20,0,20
"6454","6207雷科","110/07/13","元大-南海",0,36,-36
"6455","6207雷科","110/07/13","元富-三重",20,0,20
"6456","6207雷科","110/07/13","凱基-土城",0,35,-35
"6457","6207雷科","110/07/13","元大-林園",15,0,15
"6458","6207雷科","110/07/13","台灣企銀",0,20,-20
"6459","6207雷科","110/07/13","元大-金華",16,1,15
"6460","6207雷科","110/07/13","群益金鼎-丹鳳",0,20,-20
"6461","6207雷科","110/07/13","日盛證券",10,0,10
"6462","6207雷科","110/07/13","元大-博愛",0,17,-17
"6463","6207雷科","110/07/13","統一-台中",10,0,10
"6464","6207雷科","110/07/13","元大-北港",0,13,-13
"6465","6207雷科","110/07/13","群益金鼎-土城",10,0,10
"6466","6207雷科","110/07/13","新加坡商瑞銀",0,12,-12
"6467","6207雷科","110/07/13","群益金鼎-桃園",10,0,10
"6468","6207雷科","110/07/13","凱基-台北",4,16,-12
"6469","6207雷科","110/07/13","永豐金-新莊",10,0,10
"6470","6207雷科","110/07/13","日茂-埔里",0,11,-11
"6471","6207雷科","110/07/13","永豐金-新店",10,0,10
"6472","6207雷科","110/07/13","元大-莒光",0,11,-11
"6473","6207雷科","110/07/13","元大證券",9,0,9
"6474","6207雷科","110/07/13","統一-新竹",0,10,-10
"6475","6207雷科","110/07/13","日盛-木柵",9,1,8
"6476","6207雷科","110/07/13","元大-西螺",0,10,-10
"6477","6207雷科","110/07/13","兆豐-來福",8,0,8
"6478","6207雷科","110/07/13","康和-台中",0,8,-8
"6479","6207雷科","110/07/13","新光",7,0,7
"6480","6207雷科","110/07/13","兆豐-高雄",0,6,-6
"6481","3679新至陞","110/07/13","永豐金證券",50,0,50
"6482","3679新至陞","110/07/13","摩根大通",2,25,-23
"6483","3679新至陞","110/07/13","國泰-桃園",22,0,22
"6484","3679新至陞","110/07/13","元大-成功",0,22,-22
"6485","3679新至陞","110/07/13","台中銀-員林",11,0,11
"6486","3679新至陞","110/07/13","富邦-板橋",1,19,-18
"6487","3679新至陞","110/07/13","元大-文心興安",8,0,8
"6488","3679新至陞","110/07/13","日盛-新莊",0,10,-10
"6489","3679新至陞","110/07/13","美商高盛",6,0,6
"6490","3679新至陞","110/07/13","台新-台中",0,10,-10
"6491","3679新至陞","110/07/13","台新-高雄",6,0,6
"6492","3679新至陞","110/07/13","永豐金-新竹",0,8,-8
"6493","3679新至陞","110/07/13","凱基-台北",18,12,6
"6494","3679新至陞","110/07/13","瑞士信貸",12,19,-7
"6495","3679新至陞","110/07/13","日盛-復興",5,0,5
"6496","3679新至陞","110/07/13","統一-南京",0,7,-7
"6497","3679新至陞","110/07/13","(牛牛牛)亞-鑫豐",4,0,4
"6498","3679新至陞","110/07/13","凱基-新莊",0,7,-7
"6499","3679新至陞","110/07/13","元富-大昌",3,0,3
"6500","3679新至陞","110/07/13","新加坡商瑞銀",0,6,-6
"6501","3679新至陞","110/07/13","富邦-台北",3,0,3
"6502","3679新至陞","110/07/13","合庫-自強",0,5,-5
"6503","3679新至陞","110/07/13","日盛-樹林",2,0,2
"6504","3679新至陞","110/07/13","富邦-桃園",0,5,-5
"6505","3679新至陞","110/07/13","宏遠-光隆",2,0,2
"6506","3679新至陞","110/07/13","永豐金-潮州",0,4,-4
"6507","3679新至陞","110/07/13","美林",3,1,2
"6508","3679新至陞","110/07/13","臺銀-臺南",0,3,-3
"6509","3679新至陞","110/07/13","第一金-中壢",2,0,2
"6510","3679新至陞","110/07/13","元大-六合",0,3,-3
"6511","2727王品","110/07/13","富邦-台北",43,3,40
"6512","2727王品","110/07/13","台灣摩根士丹利",15,97,-82
"6513","2727王品","110/07/13","元大-基隆孝二",40,0,40
"6514","2727王品","110/07/13","玉山-台南",5,57,-52
"6515","2727王品","110/07/13","國票-新莊",40,1,39
"6516","2727王品","110/07/13","新加坡商瑞銀",0,48,-48
"6517","2727王品","110/07/13","第一金-豐原",66,42,24
"6518","2727王品","110/07/13","凱基-台北",41,77,-36
"6519","2727王品","110/07/13","永豐金-大園",34,10,24
"6520","2727王品","110/07/13","永豐金-永康",0,22,-22
"6521","2727王品","110/07/13","元大-北屯",22,0,22
"6522","2727王品","110/07/13","統一-台中",2,22,-20
"6523","2727王品","110/07/13","元大-東蘆",26,7,19
"6524","2727王品","110/07/13","國泰-台中",21,39,-18
"6525","2727王品","110/07/13","永豐金-萬盛",13,1,12
"6526","2727王品","110/07/13","合庫-彰化",3,20,-17
"6527","2727王品","110/07/13","日盛-嘉義",11,0,11
"6528","2727王品","110/07/13","港商野村",13,30,-17
"6529","2727王品","110/07/13","日盛-八德",11,0,11
"6530","2727王品","110/07/13","元大-楊梅",1,16,-15
"6531","2727王品","110/07/13","統一-竹南",11,0,11
"6532","2727王品","110/07/13","凱基-高美館",2,15,-13
"6533","2727王品","110/07/13","日盛-士林",12,2,10
"6534","2727王品","110/07/13","美商高盛",2,14,-12
"6535","2727王品","110/07/13","統一-敦南",10,0,10
"6536","2727王品","110/07/13","統一-平鎮",1,13,-12
"6537","2727王品","110/07/13","中國信託",15,5,10
"6538","2727王品","110/07/13","兆豐-台中港",4,16,-12
"6539","2727王品","110/07/13","兆豐-竹北",13,3,10
"6540","2727王品","110/07/13","凱基-八德",1,13,-12
"6541","1570力肯","110/07/13","新光",115,11,104
"6542","1570力肯","110/07/13","元大-北三重",0,162,-162
"6543","1570力肯","110/07/13","群益金鼎-高雄",54,0,54
"6544","1570力肯","110/07/13","元大-大灣",0,25,-25
"6545","1570力肯","110/07/13","國票-新莊",22,0,22
"6546","1570力肯","110/07/13","永豐金-苓雅",0,22,-22
"6547","1570力肯","110/07/13","日盛-桃園",12,0,12
"6548","1570力肯","110/07/13","永豐金-永康",0,19,-19
"6549","1570力肯","110/07/13","元大-高雄",12,0,12
"6550","1570力肯","110/07/13","富邦-員林",0,15,-15
"6551","1570力肯","110/07/13","合庫-自強",11,0,11
"6552","1570力肯","110/07/13","凱基-台南",0,11,-11
"6553","1570力肯","110/07/13","摩根大通",26,15,11
"6554","1570力肯","110/07/13","日盛-竹北",0,10,-10
"6555","1570力肯","110/07/13","永豐金-中盛",11,0,11
"6556","1570力肯","110/07/13","國票-九鼎",0,10,-10
"6557","1570力肯","110/07/13","兆豐-台中港",10,0,10
"6558","1570力肯","110/07/13","凱基-桃園",0,10,-10
"6559","1570力肯","110/07/13","國泰-松江",9,0,9
"6560","1570力肯","110/07/13","凱基-新豐",0,10,-10
"6561","1570力肯","110/07/13","元大-新盛",9,0,9
"6562","1570力肯","110/07/13","元大-學甲",0,10,-10
"6563","1570力肯","110/07/13","元富-緯城",6,0,6
"6564","1570力肯","110/07/13","群益金鼎-東湖",1,10,-9
"6565","1570力肯","110/07/13","統一-三重",5,0,5
"6566","1570力肯","110/07/13","大昌",0,6,-6
"6567","1570力肯","110/07/13","元大-前金",5,0,5
"6568","1570力肯","110/07/13","元大-土城學府",0,6,-6
"6569","1570力肯","110/07/13","永豐金證券",5,0,5
"6570","1570力肯","110/07/13","統一",0,5,-5
"6571","6180橘子","110/07/13","摩根大通",119,0,119
"6572","6180橘子","110/07/13","元大-崇德",2,61,-59
"6573","6180橘子","110/07/13","美商高盛",96,0,96
"6574","6180橘子","110/07/13","康和-台中",0,51,-51
"6575","6180橘子","110/07/13","新加坡商瑞銀",86,7,79
"6576","6180橘子","110/07/13","康和-台北",0,50,-50
"6577","6180橘子","110/07/13","元大-和平",40,0,40
"6578","6180橘子","110/07/13","元富-潮州",0,40,-40
"6579","6180橘子","110/07/13","凱基-台北",83,47,36
"6580","6180橘子","110/07/13","日盛-永康",0,26,-26
"6581","6180橘子","110/07/13","美林",39,5,34
"6582","6180橘子","110/07/13","永豐金-中正",0,24,-24
"6583","6180橘子","110/07/13","富邦-新竹華信",31,2,29
"6584","6180橘子","110/07/13","國泰-板橋",2,25,-23
"6585","6180橘子","110/07/13","統一-南京",21,0,21
"6586","6180橘子","110/07/13","日盛-大墩",0,20,-20
"6587","6180橘子","110/07/13","富邦-陽明",24,3,21
"6588","6180橘子","110/07/13","元大-草屯",13,32,-19
"6589","6180橘子","110/07/13","大昌-樹林",21,1,20
"6590","6180橘子","110/07/13","元富-林園",1,18,-17
"6591","6180橘子","110/07/13","花旗環球",19,0,19
"6592","6180橘子","110/07/13","新光-新竹",1,18,-17
"6593","6180橘子","110/07/13","華南永昌-台南",19,0,19
"6594","6180橘子","110/07/13","元大-土城永寧",0,17,-17
"6595","6180橘子","110/07/13","福勝",14,0,14
"6596","6180橘子","110/07/13","國泰-新莊",3,19,-16
"6597","6180橘子","110/07/13","富邦-嘉義",12,1,11
"6598","6180橘子","110/07/13","中國信託-永康",6,21,-15
"6599","6180橘子","110/07/13","元大-板橋三民",11,0,11
"6600","6180橘子","110/07/13","凱基-東港",1,15,-14
"6601","2390云辰","110/07/13","新加坡商瑞銀",562,75,487
"6602","2390云辰","110/07/13","大展-台南",0,532,-532
"6603","2390云辰","110/07/13","台灣摩根士丹利",330,155,175
"6604","2390云辰","110/07/13","凱基-台北",668,854,-186
"6605","2390云辰","110/07/13","兆豐-公益",126,25,101
"6606","2390云辰","110/07/13","凱基-三重",12,172,-160
"6607","2390云辰","110/07/13","元富-中港",100,2,98
"6608","2390云辰","110/07/13","兆豐-忠孝",4,161,-157
"6609","2390云辰","110/07/13","統一-新台中",106,9,97
"6610","2390云辰","110/07/13","元大-士林",19,170,-151
"6611","2390云辰","110/07/13","中國信託-松江",81,11,70
"6612","2390云辰","110/07/13","臺銀-新竹",14,117,-103
"6613","2390云辰","110/07/13","日盛-板橋",72,3,69
"6614","2390云辰","110/07/13","國票-台中",4,102,-98
"6615","2390云辰","110/07/13","日盛-和美",57,0,57
"6616","2390云辰","110/07/13","新光",147,232,-85
"6617","2390云辰","110/07/13","永豐金-桃園",88,36,52
"6618","2390云辰","110/07/13","致和-崇德",2,70,-68
"6619","2390云辰","110/07/13","玉山-士林",54,4,50
"6620","2390云辰","110/07/13","群益金鼎-屏東",2,70,-68
"6621","2390云辰","110/07/13","富邦-仁愛",56,6,50
"6622","2390云辰","110/07/13","元大-大里",35,98,-63
"6623","2390云辰","110/07/13","第一金-豐原",50,1,49
"6624","2390云辰","110/07/13","元大-萬華",35,94,-59
"6625","2390云辰","110/07/13","摩根大通",502,453,49
"6626","2390云辰","110/07/13","元富-吉利",2,60,-58
"6627","2390云辰","110/07/13","凱基-松山",61,13,48
"6628","2390云辰","110/07/13","兆豐-新竹",3,53,-50
"6629","2390云辰","110/07/13","大昌",64,22,42
"6630","2390云辰","110/07/13","富邦-嘉義",65,108,-43
"6631","2363矽統","110/07/12","凱基-幸福",4046,31,4015
"6632","2363矽統","110/07/12","台新證券",478,2105,-1627
"6633","2363矽統","110/07/12","統一",3504,120,3384
"6634","2363矽統","110/07/12","第一金-忠孝",4,1068,-1064
"6635","2363矽統","110/07/12","摩根大通",3006,2149,857
"6636","2363矽統","110/07/12","台新-台中",381,1003,-622
"6637","2363矽統","110/07/12","永豐金證券",1428,610,818
"6638","2363矽統","110/07/12","新光",1295,1822,-527
"6639","2363矽統","110/07/12","兆豐-復興",1936,1233,703
"6640","2363矽統","110/07/12","大昌-樹林",54,537,-483
"6641","2363矽統","110/07/12","台灣摩根士丹利",701,0,701
"6642","2363矽統","110/07/12","華南永昌-台中",90,549,-459
"6643","2363矽統","110/07/12","永豐金-南投",803,145,658
"6644","2363矽統","110/07/12","玉山-高雄",167,612,-445
"6645","2363矽統","110/07/12","統一-仁愛",1214,586,628
"6646","2363矽統","110/07/12","元富-同大",201,540,-339
"6647","2363矽統","110/07/12","統一-土城",688,75,613
"6648","2363矽統","110/07/12","華南永昌-東勢",31,367,-336
"6649","2363矽統","110/07/12","統一-城中",711,131,580
"6650","2363矽統","110/07/12","土銀-花蓮",9,333,-324
"6651","2363矽統","110/07/12","統一-敦南",632,54,578
"6652","2363矽統","110/07/12","凱基-豐中",120,434,-314
"6653","2363矽統","110/07/12","新加坡商瑞銀",1232,731,501
"6654","2363矽統","110/07/12","永豐金-竹科",54,323,-269
"6655","2363矽統","110/07/12","元富",2640,2142,498
"6656","2363矽統","110/07/12","元大-斗六",53,300,-247
"6657","2363矽統","110/07/12","凱基-永和",460,31,429
"6658","2363矽統","110/07/12","華南永昌-朴子",47,278,-231
"6659","2363矽統","110/07/12","第一金",380,22,358
"6660","2363矽統","110/07/12","永豐金-彰化",22,228,-206
"6661","8112至上","110/07/12","摩根大通",1167,290,877
"6662","8112至上","110/07/12","群益金鼎-新莊",1,156,-155
"6663","8112至上","110/07/12","凱基-台北",983,546,437
"6664","8112至上","110/07/12","國票-中港",0,131,-131
"6665","8112至上","110/07/12","新加坡商瑞銀",429,12,417
"6666","8112至上","110/07/12","元大證券",10,136,-126
"6667","8112至上","110/07/12","元大-屏南",360,2,358
"6668","8112至上","110/07/12","元大-中壢",11,135,-124
"6669","8112至上","110/07/12","美林",323,15,308
"6670","8112至上","110/07/12","合庫-基隆",0,122,-122
"6671","8112至上","110/07/12","台灣摩根士丹利",299,0,299
"6672","8112至上","110/07/12","群益金鼎-高盛",4,103,-99
"6673","8112至上","110/07/12","港商野村",267,28,239
"6674","8112至上","110/07/12","新光",110,202,-92
"6675","8112至上","110/07/12","大慶",165,3,162
"6676","8112至上","110/07/12","元大-府城",2,94,-92
"6677","8112至上","110/07/12","永豐金-台南",170,29,141
"6678","8112至上","110/07/12","富邦-板橋",5,92,-87
"6679","8112至上","110/07/12","華南永昌-長虹",128,2,126
"6680","8112至上","110/07/12","元大-土城",8,89,-81
"6681","8112至上","110/07/12","富邦-仁愛",157,51,106
"6682","8112至上","110/07/12","日盛-頭份",40,117,-77
"6683","8112至上","110/07/12","瑞士信貸",104,0,104
"6684","8112至上","110/07/12","玉山-嘉義",3,80,-77
"6685","8112至上","110/07/12","凱基-站前",100,11,89
"6686","8112至上","110/07/12","永豐金-松山",4,79,-75
"6687","8112至上","110/07/12","富邦-北港",90,3,87
"6688","8112至上","110/07/12","元大-敦南",3,75,-72
"6689","8112至上","110/07/12","元大-北港",101,20,81
"6690","8112至上","110/07/12","元富-大裕",6,77,-71
"6691","4903聯光通","110/07/12","台灣企銀-太平",19,0,19
"6692","4903聯光通","110/07/12","玉山-南京東路",0,16,-16
"6693","4903聯光通","110/07/12","統一-土城",17,0,17
"6694","4903聯光通","110/07/12","新光",0,14,-14
"6695","4903聯光通","110/07/12","國票-博愛",14,0,14
"6696","4903聯光通","110/07/12","兆豐-彰化",0,10,-10
"6697","4903聯光通","110/07/12","新光-台中",15,2,13
"6698","4903聯光通","110/07/12","國票",0,10,-10
"6699","4903聯光通","110/07/12","元大-彰化",11,0,11
"6700","4903聯光通","110/07/12","富邦-敦南",0,10,-10
"6701","4903聯光通","110/07/12","華南永昌-林口",10,0,10
"6702","4903聯光通","110/07/12","元大-前金",0,9,-9
"6703","4903聯光通","110/07/12","永豐金-南投",9,0,9
"6704","4903聯光通","110/07/12","日盛-頭份",0,8,-8
"6705","4903聯光通","110/07/12","元大-清水",8,0,8
"6706","4903聯光通","110/07/12","元大-太平",0,8,-8
"6707","4903聯光通","110/07/12","元大-博愛",8,0,8
"6708","4903聯光通","110/07/12","兆豐-埔墘",0,7,-7
"6709","4903聯光通","110/07/12","玉山-新莊",5,0,5
"6710","4903聯光通","110/07/12","臺銀-民權",0,5,-5
"6711","4903聯光通","110/07/12","凱基-士林",10,5,5
"6712","4903聯光通","110/07/12","富邦-板橋",0,5,-5
"6713","4903聯光通","110/07/12","元大-斗六",4,0,4
"6714","4903聯光通","110/07/12","元大-土城永寧",0,5,-5
"6715","4903聯光通","110/07/12","永豐金-羅東",4,0,4
"6716","4903聯光通","110/07/12","台新證券",0,4,-4
"6717","4903聯光通","110/07/12","日盛-樹林",3,0,3
"6718","4903聯光通","110/07/12","凱基-中壢",0,4,-4
"6719","4903聯光通","110/07/12","華南永昌-鶯歌",2,0,2
"6720","4903聯光通","110/07/12","元大-羅東",0,4,-4
"6721","2929淘帝","110/07/12","新光-台中",95,36,59
"6722","2929淘帝","110/07/12","華南永昌-林口",7,208,-201
"6723","2929淘帝","110/07/12","富邦-板橋",62,5,57
"6724","2929淘帝","110/07/12","富邦-台北",6,200,-194
"6725","2929淘帝","110/07/12","合庫-高雄",56,6,50
"6726","2929淘帝","110/07/12","元富-大裕",11,200,-189
"6727","2929淘帝","110/07/12","永興",41,0,41
"6728","2929淘帝","110/07/12","台中銀-台北",0,160,-160
"6729","2929淘帝","110/07/12","兆豐-忠孝",58,18,40
"6730","2929淘帝","110/07/12","日盛-園區",1,111,-110
"6731","2929淘帝","110/07/12","新光-高雄",39,3,36
"6732","2929淘帝","110/07/12","日盛-八德",0,88,-88
"6733","2929淘帝","110/07/12","凱基-豐中",36,0,36
"6734","2929淘帝","110/07/12","玉山-新竹",32,110,-78
"6735","2929淘帝","110/07/12","元大-民生",35,0,35
"6736","2929淘帝","110/07/12","元大-前金",0,72,-72
"6737","2929淘帝","110/07/12","臺銀-臺南",32,1,31
"6738","2929淘帝","110/07/12","元大-館前",12,83,-71
"6739","2929淘帝","110/07/12","台新證券",44,13,31
"6740","2929淘帝","110/07/12","華南永昌",1,57,-56
"6741","2929淘帝","110/07/12","新百王",30,0,30
"6742","2929淘帝","110/07/12","元大-南崁",4,59,-55
"6743","2929淘帝","110/07/12","群益金鼎-大興",30,0,30
"6744","2929淘帝","110/07/12","元大-嘉義",0,51,-51
"6745","2929淘帝","110/07/12","凱基-台北",32,5,27
"6746","2929淘帝","110/07/12","日茂",1,50,-49
"6747","2929淘帝","110/07/12","元富-城東",26,0,26
"6748","2929淘帝","110/07/12","新光",35,83,-48
"6749","2929淘帝","110/07/12","國泰-松江",26,0,26
"6750","2929淘帝","110/07/12","日盛-新竹",1,48,-47
"6751","5410國眾","110/07/12","群益金鼎-中壢",68,0,68
"6752","5410國眾","110/07/12","摩根大通",6,67,-61
"6753","5410國眾","110/07/12","凱基-市政",40,0,40
"6754","5410國眾","110/07/12","元富-嘉義",0,60,-60
"6755","5410國眾","110/07/12","凱基-竹北",38,0,38
"6756","5410國眾","110/07/12","凱基-台北",0,51,-51
"6757","5410國眾","110/07/12","華南永昌-三重",30,0,30
"6758","5410國眾","110/07/12","元富-大裕",0,33,-33
"6759","5410國眾","110/07/12","永興",20,0,20
"6760","5410國眾","110/07/12","日盛-木柵",0,15,-15
"6761","5410國眾","110/07/12","統一-新台中",20,0,20
"6762","5410國眾","110/07/12","群益金鼎-民權",0,15,-15
"6763","5410國眾","110/07/12","兆豐-三重",20,0,20
"6764","5410國眾","110/07/12","元富-緯城",0,14,-14
"6765","5410國眾","110/07/12","富邦-台中",20,0,20
"6766","5410國眾","110/07/12","元大-大同",0,12,-12
"6767","5410國眾","110/07/12","臺銀",15,0,15
"6768","5410國眾","110/07/12","元大-莒光",0,10,-10
"6769","5410國眾","110/07/12","新光-桃園",20,6,14
"6770","5410國眾","110/07/12","元大-博愛",0,10,-10
"6771","5410國眾","110/07/12","元大-員林",12,0,12
"6772","5410國眾","110/07/12","日盛-永康",0,8,-8
"6773","5410國眾","110/07/12","日盛-員林",10,0,10
"6774","5410國眾","110/07/12","元大-四維",5,13,-8
"6775","5410國眾","110/07/12","元大-新盛",10,0,10
"6776","5410國眾","110/07/12","新加坡商瑞銀",0,7,-7
"6777","5410國眾","110/07/12","永豐金-台南",10,0,10
"6778","5410國眾","110/07/12","致和-金華",0,7,-7
"6779","5410國眾","110/07/12","元富-新莊",8,0,8
"6780","5410國眾","110/07/12","新光-新竹",0,7,-7
"6781","2841台開","110/07/12","永豐金-敦南",139,26,113
"6782","2841台開","110/07/12","華南永昌-朴子",0,528,-528
"6783","2841台開","110/07/12","日盛-雙和",68,0,68
"6784","2841台開","110/07/12","元大-苑裡",2,50,-48
"6785","2841台開","110/07/12","台新證券",62,4,58
"6786","2841台開","110/07/12","群益金鼎-東湖",0,40,-40
"6787","2841台開","110/07/12","凱基-文心",50,0,50
"6788","2841台開","110/07/12","第一金-員林",0,30,-30
"6789","2841台開","110/07/12","第一金-台中",45,0,45
"6790","2841台開","110/07/12","德信-中正",0,20,-20
"6791","2841台開","110/07/12","富邦-嘉義",40,0,40
"6792","2841台開","110/07/12","兆豐-嘉義",0,20,-20
"6793","2841台開","110/07/12","日盛-木柵",30,0,30
"6794","2841台開","110/07/12","彰銀-七賢",0,15,-15
"6795","2841台開","110/07/12","中國信託-文心",31,3,28
"6796","2841台開","110/07/12","元大-承德",0,14,-14
"6797","2841台開","110/07/12","元大-福營",30,7,23
"6798","2841台開","110/07/12","元富",0,12,-12
"6799","2841台開","110/07/12","台中銀",20,0,20
"6800","2841台開","110/07/12","富邦-陽明",0,11,-11
"6801","2841台開","110/07/12","國泰-板橋",20,0,20
"6802","2841台開","110/07/12","元大證券",0,11,-11
"6803","2841台開","110/07/12","元大-前金",20,0,20
"6804","2841台開","110/07/12","元大-大甲",0,10,-10
"6805","2841台開","110/07/12","中國信託-高雄",16,1,15
"6806","2841台開","110/07/12","日盛-新竹",0,8,-8
"6807","2841台開","110/07/12","陽信-石牌",15,0,15
"6808","2841台開","110/07/12","元富-城東",0,8,-8
"6809","2841台開","110/07/12","永豐金-南投",15,0,15
"6810","2841台開","110/07/12","玉山-台南",2,10,-8
"6811","6207雷科","110/07/12","元大-高雄",34,0,34
"6812","6207雷科","110/07/12","永豐金-三重",1,32,-31
"6813","6207雷科","110/07/12","華南永昌-林口",16,1,15
"6814","6207雷科","110/07/12","永全-八德",0,30,-30
"6815","6207雷科","110/07/12","摩根大通",19,6,13
"6816","6207雷科","110/07/12","國泰-台中",0,14,-14
"6817","6207雷科","110/07/12","元富-埔里",10,0,10
"6818","6207雷科","110/07/12","第一金-澎湖",0,10,-10
"6819","6207雷科","110/07/12","凱基-台南",10,0,10
"6820","6207雷科","110/07/12","元富-林園",0,10,-10
"6821","6207雷科","110/07/12","新加坡商瑞銀",9,0,9
"6822","6207雷科","110/07/12","元大-東門",0,10,-10
"6823","6207雷科","110/07/12","瑞士信貸",8,0,8
"6824","6207雷科","110/07/12","兆豐-嘉義",0,4,-4
"6825","6207雷科","110/07/12","中國信託-高雄",9,1,8
"6826","6207雷科","110/07/12","新光",0,4,-4
"6827","6207雷科","110/07/12","凱基-高雄",6,0,6
"6828","6207雷科","110/07/12","新光-台中",0,4,-4
"6829","6207雷科","110/07/12","元大-六合",6,0,6
"6830","6207雷科","110/07/12","群益金鼎-開元",0,4,-4
"6831","6207雷科","110/07/12","永豐金-信義",6,0,6
"6832","6207雷科","110/07/12","凱基-桃園",0,4,-4
"6833","6207雷科","110/07/12","群益金鼎-土城",5,0,5
"6834","6207雷科","110/07/12","凱基-民權",0,4,-4
"6835","6207雷科","110/07/12","群益金鼎-竹南",5,0,5
"6836","6207雷科","110/07/12","玉山-新莊",0,3,-3
"6837","6207雷科","110/07/12","元大-大灣",5,1,4
"6838","6207雷科","110/07/12","國泰-松江",0,3,-3
"6839","6207雷科","110/07/12","永興",3,0,3
"6840","6207雷科","110/07/12","富邦-羅東",0,3,-3
"6841","3679新至陞","110/07/12","富邦-新竹華信",40,2,38
"6842","3679新至陞","110/07/12","瑞士信貸",0,45,-45
"6843","3679新至陞","110/07/12","台中銀-員林",28,2,26
"6844","3679新至陞","110/07/12","永豐金-天母",0,39,-39
"6845","3679新至陞","110/07/12","聯邦-大業",24,0,24
"6846","3679新至陞","110/07/12","摩根大通",7,35,-28
"6847","3679新至陞","110/07/12","永豐金證券",20,0,20
"6848","3679新至陞","110/07/12","凱基-台北",8,36,-28
"6849","3679新至陞","110/07/12","港商法國興業",14,0,14
"6850","3679新至陞","110/07/12","華南永昌-小港",1,23,-22
"6851","3679新至陞","110/07/12","日盛-樹林",13,1,12
"6852","3679新至陞","110/07/12","台新-台中",0,15,-15
"6853","3679新至陞","110/07/12","國泰-桃園",9,0,9
"6854","3679新至陞","110/07/12","統一-台中",0,12,-12
"6855","3679新至陞","110/07/12","宏遠-館前",8,0,8
"6856","3679新至陞","110/07/12","元大-成功",1,12,-11
"6857","3679新至陞","110/07/12","凱基",10,2,8
"6858","3679新至陞","110/07/12","康和-澎湖",0,8,-8
"6859","3679新至陞","110/07/12","(牛牛牛)亞-網路",7,0,7
"6860","3679新至陞","110/07/12","新加坡商瑞銀",0,7,-7
"6861","3679新至陞","110/07/12","兆豐-員林",7,0,7
"6862","3679新至陞","110/07/12","兆豐-來福",0,7,-7
"6863","3679新至陞","110/07/12","大慶-蘆洲",5,0,5
"6864","3679新至陞","110/07/12","元大-佳里",0,6,-6
"6865","3679新至陞","110/07/12","土銀-花蓮",4,0,4
"6866","3679新至陞","110/07/12","美商高盛",0,5,-5
"6867","3679新至陞","110/07/12","台新-高雄",5,1,4
"6868","3679新至陞","110/07/12","國票-新莊",0,5,-5
"6869","3679新至陞","110/07/12","元大-天母",4,0,4
"6870","3679新至陞","110/07/12","台新-屏東",0,5,-5
"6871","2727王品","110/07/12","凱基-台北",354,198,156
"6872","2727王品","110/07/12","台灣摩根士丹利",5,386,-381
"6873","2727王品","110/07/12","統一-城中",159,22,137
"6874","2727王品","110/07/12","元大-嘉義",4,60,-56
"6875","2727王品","110/07/12","日盛-忠孝",60,0,60
"6876","2727王品","110/07/12","元大-大同",2,44,-42
"6877","2727王品","110/07/12","永豐金-忠孝",45,5,40
"6878","2727王品","110/07/12","國泰-台中",32,73,-41
"6879","2727王品","110/07/12","合庫-新竹",31,0,31
"6880","2727王品","110/07/12","元大證券",127,163,-36
"6881","2727王品","110/07/12","富邦-台中",31,3,28
"6882","2727王品","110/07/12","凱基",1,33,-32
"6883","2727王品","110/07/12","元大-桃園",35,10,25
"6884","2727王品","110/07/12","永全-南崁",1,31,-30
"6885","2727王品","110/07/12","新加坡商瑞銀",28,4,24
"6886","2727王品","110/07/12","凱基-和平",2,32,-30
"6887","2727王品","110/07/12","群益金鼎-古亭",25,2,23
"6888","2727王品","110/07/12","永豐金-大園",8,38,-30
"6889","2727王品","110/07/12","元大-龍潭",29,7,22
"6890","2727王品","110/07/12","瑞士信貸",0,28,-28
"6891","2727王品","110/07/12","永豐金-永康",25,3,22
"6892","2727王品","110/07/12","元富",17,44,-27
"6893","2727王品","110/07/12","富邦-竹北",24,3,21
"6894","2727王品","110/07/12","元大-北屯",5,32,-27
"6895","2727王品","110/07/12","群益金鼎-松山",20,0,20
"6896","2727王品","110/07/12","華南永昌",3,28,-25
"6897","2727王品","110/07/12","元大-八德",20,0,20
"6898","2727王品","110/07/12","統一-竹南",1,23,-22
"6899","2727王品","110/07/12","元大-南京",25,6,19
"6900","2727王品","110/07/12","永豐金證券",4,26,-22
"6901","1570力肯","110/07/12","國票-北高雄",40,0,40
"6902","1570力肯","110/07/12","日盛-竹北",0,40,-40
"6903","1570力肯","110/07/12","摩根大通",16,0,16
"6904","1570力肯","110/07/12","第一金-華江",1,38,-37
"6905","1570力肯","110/07/12","新光",31,19,12
"6906","1570力肯","110/07/12","元大-永春",0,26,-26
"6907","1570力肯","110/07/12","元大-台中中港",12,0,12
"6908","1570力肯","110/07/12","元大-古亭",1,20,-19
"6909","1570力肯","110/07/12","日盛-高雄",10,0,10
"6910","1570力肯","110/07/12","國泰-松江",0,16,-16
"6911","1570力肯","110/07/12","第一金-路竹",10,0,10
"6912","1570力肯","110/07/12","台新-台南",0,15,-15
"6913","1570力肯","110/07/12","台新-新莊",10,0,10
"6914","1570力肯","110/07/12","康和-石牌",0,15,-15
"6915","1570力肯","110/07/12","元大-新盛",9,0,9
"6916","1570力肯","110/07/12","國泰-板橋",0,11,-11
"6917","1570力肯","110/07/12","凱基-台北",8,0,8
"6918","1570力肯","110/07/12","元大-高雄",0,11,-11
"6919","1570力肯","110/07/12","彰銀-七賢",6,0,6
"6920","1570力肯","110/07/12","兆豐-桃園",0,10,-10
"6921","1570力肯","110/07/12","元富-緯城",6,0,6
"6922","1570力肯","110/07/12","元大-大益",0,10,-10
"6923","1570力肯","110/07/12","華南永昌-古亭",6,0,6
"6924","1570力肯","110/07/12","中國信託-文心",0,5,-5
"6925","1570力肯","110/07/12","富邦-陽明",6,0,6
"6926","1570力肯","110/07/12","光和",0,5,-5
"6927","1570力肯","110/07/12","臺銀-臺南",5,0,5
"6928","1570力肯","110/07/12","陽信-石牌",0,5,-5
"6929","1570力肯","110/07/12","宏遠-館前",5,0,5
"6930","1570力肯","110/07/12","國泰-高雄",0,5,-5
"6931","6180橘子","110/07/12","康和-台中",32,2,30
"6932","6180橘子","110/07/12","新百王",1,40,-39
"6933","6180橘子","110/07/12","美林",32,3,29
"6934","6180橘子","110/07/12","富邦-陽明",4,42,-38
"6935","6180橘子","110/07/12","元大-羅東",21,0,21
"6936","6180橘子","110/07/12","新光",3,32,-29
"6937","6180橘子","110/07/12","兆豐-埔墘",16,0,16
"6938","6180橘子","110/07/12","日盛-文化",4,20,-16
"6939","6180橘子","110/07/12","元大-雙和",12,0,12
"6940","6180橘子","110/07/12","華南永昌-鶯歌",0,15,-15
"6941","6180橘子","110/07/12","美商高盛",18,7,11
"6942","6180橘子","110/07/12","中國信託-忠孝",7,20,-13
"6943","6180橘子","110/07/12","台新證券",14,3,11
"6944","6180橘子","110/07/12","凱基-台北",5,17,-12
"6945","6180橘子","110/07/12","元大-中壢",12,1,11
"6946","6180橘子","110/07/12","凱基-高雄",0,11,-11
"6947","6180橘子","110/07/12","統一-南京",10,0,10
"6948","6180橘子","110/07/12","凱基-大安",0,10,-10
"6949","6180橘子","110/07/12","致和-崇德",10,0,10
"6950","6180橘子","110/07/12","元大-北屯",0,10,-10
"6951","6180橘子","110/07/12","玉山-板橋",10,0,10
"6952","6180橘子","110/07/12","元大-南京",0,9,-9
"6953","6180橘子","110/07/12","富邦-仁愛",10,0,10
"6954","6180橘子","110/07/12","元大-台南",1,10,-9
"6955","6180橘子","110/07/12","摩根大通",10,1,9
"6956","6180橘子","110/07/12","康和-澎湖",0,8,-8
"6957","6180橘子","110/07/12","元富-林園",8,0,8
"6958","6180橘子","110/07/12","第一金-台中",0,7,-7
"6959","6180橘子","110/07/12","大慶-富順",7,0,7
"6960","6180橘子","110/07/12","台新-台南",1,8,-7
"6961","2390云辰","110/07/12","統一-新台中",170,0,170
"6962","2390云辰","110/07/12","元大-天母",2,450,-448
"6963","2390云辰","110/07/12","華南永昌-麻豆",137,2,135
"6964","2390云辰","110/07/12","國泰-忠孝",1,143,-142
"6965","2390云辰","110/07/12","元富-成功",103,14,89
"6966","2390云辰","110/07/12","摩根大通",377,512,-135
"6967","2390云辰","110/07/12","元大-土城學府",146,69,77
"6968","2390云辰","110/07/12","台灣摩根士丹利",0,91,-91
"6969","2390云辰","110/07/12","永豐金-永康",76,4,72
"6970","2390云辰","110/07/12","美林",84,146,-62
"6971","2390云辰","110/07/12","台中銀",73,2,71
"6972","2390云辰","110/07/12","華南永昌-嘉義",2,61,-59
"6973","2390云辰","110/07/12","大昌",63,3,60
"6974","2390云辰","110/07/12","永豐金-羅東",0,49,-49
"6975","2390云辰","110/07/12","合庫-三重",50,0,50
"6976","2390云辰","110/07/12","玉山-台中",6,53,-47
"6977","2390云辰","110/07/12","元富-高雄",93,50,43
"6978","2390云辰","110/07/12","玉山-新莊",2,48,-46
"6979","2390云辰","110/07/12","元大-館前",40,4,36
"6980","2390云辰","110/07/12","元大-大里",7,52,-45
"6981","2390云辰","110/07/12","港商野村",143,109,34
"6982","2390云辰","110/07/12","元大-內湖",3,48,-45
"6983","2390云辰","110/07/12","元大-雙和",34,0,34
"6984","2390云辰","110/07/12","永豐金-市政",1,42,-41
"6985","2390云辰","110/07/12","群益金鼎-民權",33,2,31
"6986","2390云辰","110/07/12","元大-學甲",1,41,-40
"6987","2390云辰","110/07/12","日盛-八德",40,10,30
"6988","2390云辰","110/07/12","兆豐-高雄",2,41,-39
"6989","2390云辰","110/07/12","國票-嘉義",30,0,30
"6990","2390云辰","110/07/12","新加坡商瑞銀",21,59,-38
"6991","4903聯光通","110/07/12","台灣企銀-太平",19,0,19
"6992","4903聯光通","110/07/12","玉山-南京東路",0,16,-16
"6993","4903聯光通","110/07/12","統一-土城",17,0,17
"6994","4903聯光通","110/07/12","新光",0,14,-14
"6995","4903聯光通","110/07/12","國票-博愛",14,0,14
"6996","4903聯光通","110/07/12","兆豐-彰化",0,10,-10
"6997","4903聯光通","110/07/12","新光-台中",15,2,13
"6998","4903聯光通","110/07/12","國票",0,10,-10
"6999","4903聯光通","110/07/12","元大-彰化",11,0,11
"7000","4903聯光通","110/07/12","富邦-敦南",0,10,-10
"7001","4903聯光通","110/07/12","華南永昌-林口",10,0,10
"7002","4903聯光通","110/07/12","元大-前金",0,9,-9
"7003","4903聯光通","110/07/12","永豐金-南投",9,0,9
"7004","4903聯光通","110/07/12","日盛-頭份",0,8,-8
"7005","4903聯光通","110/07/12","元大-清水",8,0,8
"7006","4903聯光通","110/07/12","元大-太平",0,8,-8
"7007","4903聯光通","110/07/12","元大-博愛",8,0,8
"7008","4903聯光通","110/07/12","兆豐-埔墘",0,7,-7
"7009","4903聯光通","110/07/12","玉山-新莊",5,0,5
"7010","4903聯光通","110/07/12","臺銀-民權",0,5,-5
"7011","4903聯光通","110/07/12","凱基-士林",10,5,5
"7012","4903聯光通","110/07/12","富邦-板橋",0,5,-5
"7013","4903聯光通","110/07/12","元大-斗六",4,0,4
"7014","4903聯光通","110/07/12","元大-土城永寧",0,5,-5
"7015","4903聯光通","110/07/12","永豐金-羅東",4,0,4
"7016","4903聯光通","110/07/12","台新證券",0,4,-4
"7017","4903聯光通","110/07/12","日盛-樹林",3,0,3
"7018","4903聯光通","110/07/12","凱基-中壢",0,4,-4
"7019","4903聯光通","110/07/12","華南永昌-鶯歌",2,0,2
"7020","4903聯光通","110/07/12","元大-羅東",0,4,-4
"7021","2929淘帝","110/07/12","新光-台中",95,36,59
"7022","2929淘帝","110/07/12","華南永昌-林口",7,208,-201
"7023","2929淘帝","110/07/12","富邦-板橋",62,5,57
"7024","2929淘帝","110/07/12","富邦-台北",6,200,-194
"7025","2929淘帝","110/07/12","合庫-高雄",56,6,50
"7026","2929淘帝","110/07/12","元富-大裕",11,200,-189
"7027","2929淘帝","110/07/12","永興",41,0,41
"7028","2929淘帝","110/07/12","台中銀-台北",0,160,-160
"7029","2929淘帝","110/07/12","兆豐-忠孝",58,18,40
"7030","2929淘帝","110/07/12","日盛-園區",1,111,-110
"7031","2929淘帝","110/07/12","新光-高雄",39,3,36
"7032","2929淘帝","110/07/12","日盛-八德",0,88,-88
"7033","2929淘帝","110/07/12","凱基-豐中",36,0,36
"7034","2929淘帝","110/07/12","玉山-新竹",32,110,-78
"7035","2929淘帝","110/07/12","元大-民生",35,0,35
"7036","2929淘帝","110/07/12","元大-前金",0,72,-72
"7037","2929淘帝","110/07/12","臺銀-臺南",32,1,31
"7038","2929淘帝","110/07/12","元大-館前",12,83,-71
"7039","2929淘帝","110/07/12","台新證券",44,13,31
"7040","2929淘帝","110/07/12","華南永昌",1,57,-56
"7041","2929淘帝","110/07/12","新百王",30,0,30
"7042","2929淘帝","110/07/12","元大-南崁",4,59,-55
"7043","2929淘帝","110/07/12","群益金鼎-大興",30,0,30
"7044","2929淘帝","110/07/12","元大-嘉義",0,51,-51
"7045","2929淘帝","110/07/12","凱基-台北",32,5,27
"7046","2929淘帝","110/07/12","日茂",1,50,-49
"7047","2929淘帝","110/07/12","元富-城東",26,0,26
"7048","2929淘帝","110/07/12","新光",35,83,-48
"7049","2929淘帝","110/07/12","國泰-松江",26,0,26
"7050","2929淘帝","110/07/12","日盛-新竹",1,48,-47
"7051","5410國眾","110/07/12","群益金鼎-中壢",68,0,68
"7052","5410國眾","110/07/12","摩根大通",6,67,-61
"7053","5410國眾","110/07/12","凱基-市政",40,0,40
"7054","5410國眾","110/07/12","元富-嘉義",0,60,-60
"7055","5410國眾","110/07/12","凱基-竹北",38,0,38
"7056","5410國眾","110/07/12","凱基-台北",0,51,-51
"7057","5410國眾","110/07/12","華南永昌-三重",30,0,30
"7058","5410國眾","110/07/12","元富-大裕",0,33,-33
"7059","5410國眾","110/07/12","永興",20,0,20
"7060","5410國眾","110/07/12","日盛-木柵",0,15,-15
"7061","5410國眾","110/07/12","統一-新台中",20,0,20
"7062","5410國眾","110/07/12","群益金鼎-民權",0,15,-15
"7063","5410國眾","110/07/12","兆豐-三重",20,0,20
"7064","5410國眾","110/07/12","元富-緯城",0,14,-14
"7065","5410國眾","110/07/12","富邦-台中",20,0,20
"7066","5410國眾","110/07/12","元大-大同",0,12,-12
"7067","5410國眾","110/07/12","臺銀",15,0,15
"7068","5410國眾","110/07/12","元大-莒光",0,10,-10
"7069","5410國眾","110/07/12","新光-桃園",20,6,14
"7070","5410國眾","110/07/12","元大-博愛",0,10,-10
"7071","5410國眾","110/07/12","元大-員林",12,0,12
"7072","5410國眾","110/07/12","日盛-永康",0,8,-8
"7073","5410國眾","110/07/12","日盛-員林",10,0,10
"7074","5410國眾","110/07/12","元大-四維",5,13,-8
"7075","5410國眾","110/07/12","元大-新盛",10,0,10
"7076","5410國眾","110/07/12","新加坡商瑞銀",0,7,-7
"7077","5410國眾","110/07/12","永豐金-台南",10,0,10
"7078","5410國眾","110/07/12","致和-金華",0,7,-7
"7079","5410國眾","110/07/12","元富-新莊",8,0,8
"7080","5410國眾","110/07/12","新光-新竹",0,7,-7
"7081","2841台開","110/07/12","永豐金-敦南",139,26,113
"7082","2841台開","110/07/12","華南永昌-朴子",0,528,-528
"7083","2841台開","110/07/12","日盛-雙和",68,0,68
"7084","2841台開","110/07/12","元大-苑裡",2,50,-48
"7085","2841台開","110/07/12","台新證券",62,4,58
"7086","2841台開","110/07/12","群益金鼎-東湖",0,40,-40
"7087","2841台開","110/07/12","凱基-文心",50,0,50
"7088","2841台開","110/07/12","第一金-員林",0,30,-30
"7089","2841台開","110/07/12","第一金-台中",45,0,45
"7090","2841台開","110/07/12","德信-中正",0,20,-20
"7091","2841台開","110/07/12","富邦-嘉義",40,0,40
"7092","2841台開","110/07/12","兆豐-嘉義",0,20,-20
"7093","2841台開","110/07/12","日盛-木柵",30,0,30
"7094","2841台開","110/07/12","彰銀-七賢",0,15,-15
"7095","2841台開","110/07/12","中國信託-文心",31,3,28
"7096","2841台開","110/07/12","元大-承德",0,14,-14
"7097","2841台開","110/07/12","元大-福營",30,7,23
"7098","2841台開","110/07/12","元富",0,12,-12
"7099","2841台開","110/07/12","台中銀",20,0,20
"7100","2841台開","110/07/12","富邦-陽明",0,11,-11
"7101","2841台開","110/07/12","國泰-板橋",20,0,20
"7102","2841台開","110/07/12","元大證券",0,11,-11
"7103","2841台開","110/07/12","元大-前金",20,0,20
"7104","2841台開","110/07/12","元大-大甲",0,10,-10
"7105","2841台開","110/07/12","中國信託-高雄",16,1,15
"7106","2841台開","110/07/12","日盛-新竹",0,8,-8
"7107","2841台開","110/07/12","陽信-石牌",15,0,15
"7108","2841台開","110/07/12","元富-城東",0,8,-8
"7109","2841台開","110/07/12","永豐金-南投",15,0,15
"7110","2841台開","110/07/12","玉山-台南",2,10,-8
"7111","6207雷科","110/07/12","元大-高雄",34,0,34
"7112","6207雷科","110/07/12","永豐金-三重",1,32,-31
"7113","6207雷科","110/07/12","華南永昌-林口",16,1,15
"7114","6207雷科","110/07/12","永全-八德",0,30,-30
"7115","6207雷科","110/07/12","摩根大通",19,6,13
"7116","6207雷科","110/07/12","國泰-台中",0,14,-14
"7117","6207雷科","110/07/12","元富-埔里",10,0,10
"7118","6207雷科","110/07/12","第一金-澎湖",0,10,-10
"7119","6207雷科","110/07/12","凱基-台南",10,0,10
"7120","6207雷科","110/07/12","元富-林園",0,10,-10
"7121","6207雷科","110/07/12","新加坡商瑞銀",9,0,9
"7122","6207雷科","110/07/12","元大-東門",0,10,-10
"7123","6207雷科","110/07/12","瑞士信貸",8,0,8
"7124","6207雷科","110/07/12","兆豐-嘉義",0,4,-4
"7125","6207雷科","110/07/12","中國信託-高雄",9,1,8
"7126","6207雷科","110/07/12","新光",0,4,-4
"7127","6207雷科","110/07/12","凱基-高雄",6,0,6
"7128","6207雷科","110/07/12","新光-台中",0,4,-4
"7129","6207雷科","110/07/12","元大-六合",6,0,6
"7130","6207雷科","110/07/12","群益金鼎-開元",0,4,-4
"7131","6207雷科","110/07/12","永豐金-信義",6,0,6
"7132","6207雷科","110/07/12","凱基-桃園",0,4,-4
"7133","6207雷科","110/07/12","群益金鼎-土城",5,0,5
"7134","6207雷科","110/07/12","凱基-民權",0,4,-4
"7135","6207雷科","110/07/12","群益金鼎-竹南",5,0,5
"7136","6207雷科","110/07/12","玉山-新莊",0,3,-3
"7137","6207雷科","110/07/12","元大-大灣",5,1,4
"7138","6207雷科","110/07/12","國泰-松江",0,3,-3
"7139","6207雷科","110/07/12","永興",3,0,3
"7140","6207雷科","110/07/12","富邦-羅東",0,3,-3
"7141","3679新至陞","110/07/12","富邦-新竹華信",40,2,38
"7142","3679新至陞","110/07/12","瑞士信貸",0,45,-45
"7143","3679新至陞","110/07/12","台中銀-員林",28,2,26
"7144","3679新至陞","110/07/12","永豐金-天母",0,39,-39
"7145","3679新至陞","110/07/12","聯邦-大業",24,0,24
"7146","3679新至陞","110/07/12","摩根大通",7,35,-28
"7147","3679新至陞","110/07/12","永豐金證券",20,0,20
"7148","3679新至陞","110/07/12","凱基-台北",8,36,-28
"7149","3679新至陞","110/07/12","港商法國興業",14,0,14
"7150","3679新至陞","110/07/12","華南永昌-小港",1,23,-22
"7151","3679新至陞","110/07/12","日盛-樹林",13,1,12
"7152","3679新至陞","110/07/12","台新-台中",0,15,-15
"7153","3679新至陞","110/07/12","國泰-桃園",9,0,9
"7154","3679新至陞","110/07/12","統一-台中",0,12,-12
"7155","3679新至陞","110/07/12","宏遠-館前",8,0,8
"7156","3679新至陞","110/07/12","元大-成功",1,12,-11
"7157","3679新至陞","110/07/12","凱基",10,2,8
"7158","3679新至陞","110/07/12","康和-澎湖",0,8,-8
"7159","3679新至陞","110/07/12","(牛牛牛)亞-網路",7,0,7
"7160","3679新至陞","110/07/12","新加坡商瑞銀",0,7,-7
"7161","3679新至陞","110/07/12","兆豐-員林",7,0,7
"7162","3679新至陞","110/07/12","兆豐-來福",0,7,-7
"7163","3679新至陞","110/07/12","大慶-蘆洲",5,0,5
"7164","3679新至陞","110/07/12","元大-佳里",0,6,-6
"7165","3679新至陞","110/07/12","土銀-花蓮",4,0,4
"7166","3679新至陞","110/07/12","美商高盛",0,5,-5
"7167","3679新至陞","110/07/12","台新-高雄",5,1,4
"7168","3679新至陞","110/07/12","國票-新莊",0,5,-5
"7169","3679新至陞","110/07/12","元大-天母",4,0,4
"7170","3679新至陞","110/07/12","台新-屏東",0,5,-5
"7171","2727王品","110/07/12","凱基-台北",354,198,156
"7172","2727王品","110/07/12","台灣摩根士丹利",5,386,-381
"7173","2727王品","110/07/12","統一-城中",159,22,137
"7174","2727王品","110/07/12","元大-嘉義",4,60,-56
"7175","2727王品","110/07/12","日盛-忠孝",60,0,60
"7176","2727王品","110/07/12","元大-大同",2,44,-42
"7177","2727王品","110/07/12","永豐金-忠孝",45,5,40
"7178","2727王品","110/07/12","國泰-台中",32,73,-41
"7179","2727王品","110/07/12","合庫-新竹",31,0,31
"7180","2727王品","110/07/12","元大證券",127,163,-36
"7181","2727王品","110/07/12","富邦-台中",31,3,28
"7182","2727王品","110/07/12","凱基",1,33,-32
"7183","2727王品","110/07/12","元大-桃園",35,10,25
"7184","2727王品","110/07/12","永全-南崁",1,31,-30
"7185","2727王品","110/07/12","新加坡商瑞銀",28,4,24
"7186","2727王品","110/07/12","凱基-和平",2,32,-30
"7187","2727王品","110/07/12","群益金鼎-古亭",25,2,23
"7188","2727王品","110/07/12","永豐金-大園",8,38,-30
"7189","2727王品","110/07/12","元大-龍潭",29,7,22
"7190","2727王品","110/07/12","瑞士信貸",0,28,-28
"7191","2727王品","110/07/12","永豐金-永康",25,3,22
"7192","2727王品","110/07/12","元富",17,44,-27
"7193","2727王品","110/07/12","富邦-竹北",24,3,21
"7194","2727王品","110/07/12","元大-北屯",5,32,-27
"7195","2727王品","110/07/12","群益金鼎-松山",20,0,20
"7196","2727王品","110/07/12","華南永昌",3,28,-25
"7197","2727王品","110/07/12","元大-八德",20,0,20
"7198","2727王品","110/07/12","統一-竹南",1,23,-22
"7199","2727王品","110/07/12","元大-南京",25,6,19
"7200","2727王品","110/07/12","永豐金證券",4,26,-22
"7201","1570力肯","110/07/12","國票-北高雄",40,0,40
"7202","1570力肯","110/07/12","日盛-竹北",0,40,-40
"7203","1570力肯","110/07/12","摩根大通",16,0,16
"7204","1570力肯","110/07/12","第一金-華江",1,38,-37
"7205","1570力肯","110/07/12","新光",31,19,12
"7206","1570力肯","110/07/12","元大-永春",0,26,-26
"7207","1570力肯","110/07/12","元大-台中中港",12,0,12
"7208","1570力肯","110/07/12","元大-古亭",1,20,-19
"7209","1570力肯","110/07/12","日盛-高雄",10,0,10
"7210","1570力肯","110/07/12","國泰-松江",0,16,-16
"7211","1570力肯","110/07/12","第一金-路竹",10,0,10
"7212","1570力肯","110/07/12","台新-台南",0,15,-15
"7213","1570力肯","110/07/12","台新-新莊",10,0,10
"7214","1570力肯","110/07/12","康和-石牌",0,15,-15
"7215","1570力肯","110/07/12","元大-新盛",9,0,9
"7216","1570力肯","110/07/12","國泰-板橋",0,11,-11
"7217","1570力肯","110/07/12","凱基-台北",8,0,8
"7218","1570力肯","110/07/12","元大-高雄",0,11,-11
"7219","1570力肯","110/07/12","彰銀-七賢",6,0,6
"7220","1570力肯","110/07/12","兆豐-桃園",0,10,-10
"7221","1570力肯","110/07/12","元富-緯城",6,0,6
"7222","1570力肯","110/07/12","元大-大益",0,10,-10
"7223","1570力肯","110/07/12","華南永昌-古亭",6,0,6
"7224","1570力肯","110/07/12","中國信託-文心",0,5,-5
"7225","1570力肯","110/07/12","富邦-陽明",6,0,6
"7226","1570力肯","110/07/12","光和",0,5,-5
"7227","1570力肯","110/07/12","臺銀-臺南",5,0,5
"7228","1570力肯","110/07/12","陽信-石牌",0,5,-5
"7229","1570力肯","110/07/12","宏遠-館前",5,0,5
"7230","1570力肯","110/07/12","國泰-高雄",0,5,-5
"7231","6180橘子","110/07/12","康和-台中",32,2,30
"7232","6180橘子","110/07/12","新百王",1,40,-39
"7233","6180橘子","110/07/12","美林",32,3,29
"7234","6180橘子","110/07/12","富邦-陽明",4,42,-38
"7235","6180橘子","110/07/12","元大-羅東",21,0,21
"7236","6180橘子","110/07/12","新光",3,32,-29
"7237","6180橘子","110/07/12","兆豐-埔墘",16,0,16
"7238","6180橘子","110/07/12","日盛-文化",4,20,-16
"7239","6180橘子","110/07/12","元大-雙和",12,0,12
"7240","6180橘子","110/07/12","華南永昌-鶯歌",0,15,-15
"7241","6180橘子","110/07/12","美商高盛",18,7,11
"7242","6180橘子","110/07/12","中國信託-忠孝",7,20,-13
"7243","6180橘子","110/07/12","台新證券",14,3,11
"7244","6180橘子","110/07/12","凱基-台北",5,17,-12
"7245","6180橘子","110/07/12","元大-中壢",12,1,11
"7246","6180橘子","110/07/12","凱基-高雄",0,11,-11
"7247","6180橘子","110/07/12","統一-南京",10,0,10
"7248","6180橘子","110/07/12","凱基-大安",0,10,-10
"7249","6180橘子","110/07/12","致和-崇德",10,0,10
"7250","6180橘子","110/07/12","元大-北屯",0,10,-10
"7251","6180橘子","110/07/12","玉山-板橋",10,0,10
"7252","6180橘子","110/07/12","元大-南京",0,9,-9
"7253","6180橘子","110/07/12","富邦-仁愛",10,0,10
"7254","6180橘子","110/07/12","元大-台南",1,10,-9
"7255","6180橘子","110/07/12","摩根大通",10,1,9
"7256","6180橘子","110/07/12","康和-澎湖",0,8,-8
"7257","6180橘子","110/07/12","元富-林園",8,0,8
"7258","6180橘子","110/07/12","第一金-台中",0,7,-7
"7259","6180橘子","110/07/12","大慶-富順",7,0,7
"7260","6180橘子","110/07/12","台新-台南",1,8,-7
"7261","2390云辰","110/07/12","統一-新台中",170,0,170
"7262","2390云辰","110/07/12","元大-天母",2,450,-448
"7263","2390云辰","110/07/12","華南永昌-麻豆",137,2,135
"7264","2390云辰","110/07/12","國泰-忠孝",1,143,-142
"7265","2390云辰","110/07/12","元富-成功",103,14,89
"7266","2390云辰","110/07/12","摩根大通",377,512,-135
"7267","2390云辰","110/07/12","元大-土城學府",146,69,77
"7268","2390云辰","110/07/12","台灣摩根士丹利",0,91,-91
"7269","2390云辰","110/07/12","永豐金-永康",76,4,72
"7270","2390云辰","110/07/12","美林",84,146,-62
"7271","2390云辰","110/07/12","台中銀",73,2,71
"7272","2390云辰","110/07/12","華南永昌-嘉義",2,61,-59
"7273","2390云辰","110/07/12","大昌",63,3,60
"7274","2390云辰","110/07/12","永豐金-羅東",0,49,-49
"7275","2390云辰","110/07/12","合庫-三重",50,0,50
"7276","2390云辰","110/07/12","玉山-台中",6,53,-47
"7277","2390云辰","110/07/12","元富-高雄",93,50,43
"7278","2390云辰","110/07/12","玉山-新莊",2,48,-46
"7279","2390云辰","110/07/12","元大-館前",40,4,36
"7280","2390云辰","110/07/12","元大-大里",7,52,-45
"7281","2390云辰","110/07/12","港商野村",143,109,34
"7282","2390云辰","110/07/12","元大-內湖",3,48,-45
"7283","2390云辰","110/07/12","元大-雙和",34,0,34
"7284","2390云辰","110/07/12","永豐金-市政",1,42,-41
"7285","2390云辰","110/07/12","群益金鼎-民權",33,2,31
"7286","2390云辰","110/07/12","元大-學甲",1,41,-40
"7287","2390云辰","110/07/12","日盛-八德",40,10,30
"7288","2390云辰","110/07/12","兆豐-高雄",2,41,-39
"7289","2390云辰","110/07/12","國票-嘉義",30,0,30
"7290","2390云辰","110/07/12","新加坡商瑞銀",21,59,-38
"7291","4903聯光通","110/07/09","元大-敦南",10,0,10
"7292","4903聯光通","110/07/09","第一金-台中",0,12,-12
"7293","4903聯光通","110/07/09","凱基-士林",5,0,5
"7294","4903聯光通","110/07/09","日盛-忠孝",0,3,-3
"7295","4903聯光通","110/07/09","元大-苗栗",5,0,5
"7296","4903聯光通","110/07/09","群益金鼎-崇德",0,3,-3
"7297","4903聯光通","110/07/09","元大-屏南",3,0,3
"7298","4903聯光通","110/07/09","國票-內壢",0,2,-2
"7299","4903聯光通","110/07/09","中國信託-永康",1,0,1
"7300","4903聯光通","110/07/09","康和-南崁",0,2,-2
"7301","4903聯光通","110/07/09","玉山證券",1,0,1
"7302","4903聯光通","110/07/09","新光-台中",0,2,-2
"7303","4903聯光通","110/07/09","元大-太平",4,3,1
"7304","4903聯光通","110/07/09","玉山-城中",0,2,-2
"7305","4903聯光通","110/07/09","永豐金-嘉義",1,0,1
"7306","4903聯光通","110/07/09","中國信託-文心",0,1,-1
"7307","4903聯光通","110/07/09","大昌",0,0,0
"7308","4903聯光通","110/07/09","大昌",0,0,0
"7309","4903聯光通","110/07/09","中農",0,0,0
"7310","4903聯光通","110/07/09","中農",0,0,0
"7311","4903聯光通","110/07/09","",NA,NA,NA
"7312","4903聯光通","110/07/09","",NA,NA,NA
"7313","4903聯光通","110/07/09","",NA,NA,NA
"7314","4903聯光通","110/07/09","",NA,NA,NA
"7315","4903聯光通","110/07/09","",NA,NA,NA
"7316","4903聯光通","110/07/09","",NA,NA,NA
"7317","4903聯光通","110/07/09","",NA,NA,NA
"7318","4903聯光通","110/07/09","",NA,NA,NA
"7319","4903聯光通","110/07/09","",NA,NA,NA
"7320","4903聯光通","110/07/09","",NA,NA,NA
"7321","2929淘帝","110/07/09","台中銀-台北",110,0,110
"7322","2929淘帝","110/07/09","新光",2,82,-80
"7323","2929淘帝","110/07/09","華南永昌-頭份",72,0,72
"7324","2929淘帝","110/07/09","摩根大通",2,63,-61
"7325","2929淘帝","110/07/09","合庫-高雄",71,0,71
"7326","2929淘帝","110/07/09","第一金-路竹",0,50,-50
"7327","2929淘帝","110/07/09","高橋-龍潭",37,0,37
"7328","2929淘帝","110/07/09","港商麥格理",0,42,-42
"7329","2929淘帝","110/07/09","新光-台中",60,26,34
"7330","2929淘帝","110/07/09","陽信-石牌",0,40,-40
"7331","2929淘帝","110/07/09","元富-大裕",22,1,21
"7332","2929淘帝","110/07/09","台新-左楠",1,39,-38
"7333","2929淘帝","110/07/09","合庫-鳳山",20,0,20
"7334","2929淘帝","110/07/09","凱基-桃園",3,29,-26
"7335","2929淘帝","110/07/09","元大-員林",22,2,20
"7336","2929淘帝","110/07/09","兆豐-內湖",0,25,-25
"7337","2929淘帝","110/07/09","台新-建北",15,0,15
"7338","2929淘帝","110/07/09","元大-北港",0,20,-20
"7339","2929淘帝","110/07/09","兆豐-桃園",13,0,13
"7340","2929淘帝","110/07/09","富邦-北港",0,19,-19
"7341","2929淘帝","110/07/09","兆豐-忠孝",10,0,10
"7342","2929淘帝","110/07/09","富邦-花蓮",0,17,-17
"7343","2929淘帝","110/07/09","國票-敦北法人",10,0,10
"7344","2929淘帝","110/07/09","國泰-台中",2,17,-15
"7345","2929淘帝","110/07/09","永豐金-博愛",10,0,10
"7346","2929淘帝","110/07/09","群益金鼎-彰化",0,15,-15
"7347","2929淘帝","110/07/09","群益金鼎-潭子",8,0,8
"7348","2929淘帝","110/07/09","元大-博愛",0,14,-14
"7349","2929淘帝","110/07/09","富邦-南屯",8,0,8
"7350","2929淘帝","110/07/09","日盛-板橋",0,13,-13
"7351","5410國眾","110/07/09","元大-新盛",14,0,14
"7352","5410國眾","110/07/09","(牛牛牛)亞-鑫豐",1,41,-40
"7353","5410國眾","110/07/09","台灣企銀-民雄",10,0,10
"7354","5410國眾","110/07/09","元富-嘉義",0,25,-25
"7355","5410國眾","110/07/09","元富-虎尾",9,0,9
"7356","5410國眾","110/07/09","凱基-高美館",0,10,-10
"7357","5410國眾","110/07/09","摩根大通",10,1,9
"7358","5410國眾","110/07/09","凱基-城中",0,10,-10
"7359","5410國眾","110/07/09","兆豐-北高雄",7,0,7
"7360","5410國眾","110/07/09","元大-頭份",0,10,-10
"7361","5410國眾","110/07/09","凱基-台北",8,1,7
"7362","5410國眾","110/07/09","群益金鼎-丹鳳",0,7,-7
"7363","5410國眾","110/07/09","華南永昌-公誠",7,0,7
"7364","5410國眾","110/07/09","凱基-復興",0,7,-7
"7365","5410國眾","110/07/09","香港上海匯豐",6,0,6
"7366","5410國眾","110/07/09","元大-員林",0,7,-7
"7367","5410國眾","110/07/09","凱基-中壢",6,0,6
"7368","5410國眾","110/07/09","富邦-竹東",0,6,-6
"7369","5410國眾","110/07/09","華南永昌-南京",6,0,6
"7370","5410國眾","110/07/09","亞東-高雄",0,5,-5
"7371","5410國眾","110/07/09","統一-三重",5,0,5
"7372","5410國眾","110/07/09","大慶-中壢",1,6,-5
"7373","5410國眾","110/07/09","富邦-宜蘭",5,0,5
"7374","5410國眾","110/07/09","群益金鼎-中港",0,5,-5
"7375","5410國眾","110/07/09","元大-崇德",5,0,5
"7376","5410國眾","110/07/09","元大-八德",0,5,-5
"7377","5410國眾","110/07/09","元大-博愛",5,0,5
"7378","5410國眾","110/07/09","富邦-基隆",0,4,-4
"7379","5410國眾","110/07/09","元大-龍潭",5,0,5
"7380","5410國眾","110/07/09","臺銀-新竹",0,3,-3
"7381","2841台開","110/07/09","日盛-雙和",102,0,102
"7382","2841台開","110/07/09","港商野村",0,129,-129
"7383","2841台開","110/07/09","元大-館前",70,0,70
"7384","2841台開","110/07/09","兆豐-永和",0,100,-100
"7385","2841台開","110/07/09","凱基-文心",50,0,50
"7386","2841台開","110/07/09","台新證券",7,28,-21
"7387","2841台開","110/07/09","富邦-嘉義",40,0,40
"7388","2841台開","110/07/09","國票-北高雄",0,20,-20
"7389","2841台開","110/07/09","美商高盛",15,0,15
"7390","2841台開","110/07/09","永豐金-敦南",29,46,-17
"7391","2841台開","110/07/09","台中銀",15,0,15
"7392","2841台開","110/07/09","合庫-基隆",0,12,-12
"7393","2841台開","110/07/09","新光",11,0,11
"7394","2841台開","110/07/09","中國信託-松江",0,12,-12
"7395","2841台開","110/07/09","華南永昌-長虹",10,0,10
"7396","2841台開","110/07/09","兆豐-城中",0,12,-12
"7397","2841台開","110/07/09","永豐金-南投",10,0,10
"7398","2841台開","110/07/09","台中銀-豐原",0,10,-10
"7399","2841台開","110/07/09","合庫-桃園",7,0,7
"7400","2841台開","110/07/09","兆豐-景美",0,10,-10
"7401","2841台開","110/07/09","群益金鼎-古亭",7,0,7
"7402","2841台開","110/07/09","群益金鼎-基隆",0,10,-10
"7403","2841台開","110/07/09","國泰-敦南",6,0,6
"7404","2841台開","110/07/09","元大-北三重",0,10,-10
"7405","2841台開","110/07/09","凱基-桃園",8,2,6
"7406","2841台開","110/07/09","(牛牛牛)亞-網路",0,9,-9
"7407","2841台開","110/07/09","日盛證券",5,0,5
"7408","2841台開","110/07/09","台新-高雄",1,10,-9
"7409","2841台開","110/07/09","元富-文心",5,0,5
"7410","2841台開","110/07/09","凱基-台北",0,7,-7
"7411","6207雷科","110/07/09","群益金鼎-新竹",47,0,47
"7412","6207雷科","110/07/09","新光",7,24,-17
"7413","6207雷科","110/07/09","永豐金-三重",31,0,31
"7414","6207雷科","110/07/09","日盛-和美",0,15,-15
"7415","6207雷科","110/07/09","新加坡商瑞銀",33,5,28
"7416","6207雷科","110/07/09","國泰-台南",0,15,-15
"7417","6207雷科","110/07/09","元大-高雄",26,0,26
"7418","6207雷科","110/07/09","華南永昌-古亭",0,14,-14
"7419","6207雷科","110/07/09","統一-員林",22,0,22
"7420","6207雷科","110/07/09","土銀-白河",0,11,-11
"7421","6207雷科","110/07/09","台新-高雄",22,0,22
"7422","6207雷科","110/07/09","日盛-台南",0,10,-10
"7423","6207雷科","110/07/09","摩根大通",34,17,17
"7424","6207雷科","110/07/09","元富-林園",0,10,-10
"7425","6207雷科","110/07/09","元大-博愛",17,1,16
"7426","6207雷科","110/07/09","富邦-園區",0,10,-10
"7427","6207雷科","110/07/09","日茂-埔里",12,0,12
"7428","6207雷科","110/07/09","元大-上新莊",0,10,-10
"7429","6207雷科","110/07/09","國泰-台中",17,6,11
"7430","6207雷科","110/07/09","永豐金-南京",0,10,-10
"7431","6207雷科","110/07/09","富邦-三重",10,0,10
"7432","6207雷科","110/07/09","兆豐-小港",0,6,-6
"7433","6207雷科","110/07/09","元大-沙鹿",10,0,10
"7434","6207雷科","110/07/09","富邦-羅東",1,7,-6
"7435","6207雷科","110/07/09","元大-八德",10,0,10
"7436","6207雷科","110/07/09","元大-土城永寧",0,6,-6
"7437","6207雷科","110/07/09","第一金-路竹",11,2,9
"7438","6207雷科","110/07/09","永豐金-板盛",0,6,-6
"7439","6207雷科","110/07/09","統一-南京",5,0,5
"7440","6207雷科","110/07/09","日盛-板橋",0,5,-5
"7441","3679新至陞","110/07/09","元大-大天母",10,0,10
"7442","3679新至陞","110/07/09","第一金-光復",0,11,-11
"7443","3679新至陞","110/07/09","日盛-樹林",9,0,9
"7444","3679新至陞","110/07/09","瑞士信貸",0,8,-8
"7445","3679新至陞","110/07/09","凱基-台北",11,2,9
"7446","3679新至陞","110/07/09","大慶-苗栗",0,5,-5
"7447","3679新至陞","110/07/09","華南永昌-小港",8,0,8
"7448","3679新至陞","110/07/09","元大-永春",0,5,-5
"7449","3679新至陞","110/07/09","兆豐-來福",7,0,7
"7450","3679新至陞","110/07/09","日盛-和美",0,4,-4
"7451","3679新至陞","110/07/09","香港上海匯豐",5,0,5
"7452","3679新至陞","110/07/09","元大-雙和",0,3,-3
"7453","3679新至陞","110/07/09","台中銀-員林",3,0,3
"7454","3679新至陞","110/07/09","永豐金-屏東",0,3,-3
"7455","3679新至陞","110/07/09","新光",3,0,3
"7456","3679新至陞","110/07/09","彰銀",0,2,-2
"7457","3679新至陞","110/07/09","土銀-花蓮",2,0,2
"7458","3679新至陞","110/07/09","宏遠-館前",0,2,-2
"7459","3679新至陞","110/07/09","第一金-澎湖",2,0,2
"7460","3679新至陞","110/07/09","港商野村",0,2,-2
"7461","3679新至陞","110/07/09","摩根大通",2,0,2
"7462","3679新至陞","110/07/09","大昌-新店",0,2,-2
"7463","3679新至陞","110/07/09","國泰-敦南",2,0,2
"7464","3679新至陞","110/07/09","元大-新莊",0,2,-2
"7465","3679新至陞","110/07/09","元大-淡水",4,2,2
"7466","3679新至陞","110/07/09","元大-板橋",0,2,-2
"7467","3679新至陞","110/07/09","日盛-士林",1,0,1
"7468","3679新至陞","110/07/09","台灣摩根士丹利",0,1,-1
"7469","3679新至陞","110/07/09","日盛-信義",1,0,1
"7470","3679新至陞","110/07/09","第一金-高雄",0,1,-1
"7471","2727王品","110/07/09","台灣匯立證券",90,0,90
"7472","2727王品","110/07/09","台灣摩根士丹利",0,267,-267
"7473","2727王品","110/07/09","國泰-敦南",166,84,82
"7474","2727王品","110/07/09","富邦-台北",35,299,-264
"7475","2727王品","110/07/09","富邦-仁愛",56,12,44
"7476","2727王品","110/07/09","凱基-台北",174,296,-122
"7477","2727王品","110/07/09","台新證券",109,66,43
"7478","2727王品","110/07/09","第一金",2,102,-100
"7479","2727王品","110/07/09","新光",117,87,30
"7480","2727王品","110/07/09","群益金鼎-大安",0,80,-80
"7481","2727王品","110/07/09","臺銀-臺中",35,6,29
"7482","2727王品","110/07/09","兆豐-大安",7,60,-53
"7483","2727王品","110/07/09","元大-桃園",32,3,29
"7484","2727王品","110/07/09","永豐金-南投",0,50,-50
"7485","2727王品","110/07/09","元富-宜蘭",34,6,28
"7486","2727王品","110/07/09","新加坡商瑞銀",6,46,-40
"7487","2727王品","110/07/09","玉山-台中",34,8,26
"7488","2727王品","110/07/09","合庫-彰化",11,50,-39
"7489","2727王品","110/07/09","群益金鼎-宜蘭",30,4,26
"7490","2727王品","110/07/09","永豐金-萬盛",13,52,-39
"7491","2727王品","110/07/09","富邦-台中",42,16,26
"7492","2727王品","110/07/09","瑞士信貸",0,34,-34
"7493","2727王品","110/07/09","第一金-豐原",25,1,24
"7494","2727王品","110/07/09","元大-和平",4,35,-31
"7495","2727王品","110/07/09","臺銀",30,8,22
"7496","2727王品","110/07/09","美林",14,44,-30
"7497","2727王品","110/07/09","兆豐-來福",23,1,22
"7498","2727王品","110/07/09","元大-員林",9,38,-29
"7499","2727王品","110/07/09","玉山-士林",22,2,20
"7500","2727王品","110/07/09","元富-西松",4,31,-27
"7501","1570力肯","110/07/09","凱基-台北",30,1,29
"7502","1570力肯","110/07/09","群益金鼎-彰化",0,20,-20
"7503","1570力肯","110/07/09","新光-台南",20,0,20
"7504","1570力肯","110/07/09","元大-土城學府",0,20,-20
"7505","1570力肯","110/07/09","元大-高雄",20,0,20
"7506","1570力肯","110/07/09","元大-大統",0,16,-16
"7507","1570力肯","110/07/09","國票-中正",12,0,12
"7508","1570力肯","110/07/09","元大-新營",0,11,-11
"7509","1570力肯","110/07/09","日盛-高雄",6,0,6
"7510","1570力肯","110/07/09","元大-和平",0,10,-10
"7511","1570力肯","110/07/09","元富-緯城",6,0,6
"7512","1570力肯","110/07/09","元大-草屯",0,10,-10
"7513","1570力肯","110/07/09","群益金鼎-台南",6,0,6
"7514","1570力肯","110/07/09","元大-鹿港",0,9,-9
"7515","1570力肯","110/07/09","華南永昌-岡山",6,0,6
"7516","1570力肯","110/07/09","合庫-基隆",0,7,-7
"7517","1570力肯","110/07/09","統一-中壢",5,0,5
"7518","1570力肯","110/07/09","摩根大通",2,8,-6
"7519","1570力肯","110/07/09","凱基-三峽",5,0,5
"7520","1570力肯","110/07/09","台灣企銀-豐原",0,4,-4
"7521","1570力肯","110/07/09","大昌-樹林",4,0,4
"7522","1570力肯","110/07/09","日盛-桃園",0,4,-4
"7523","1570力肯","110/07/09","新光",3,0,3
"7524","1570力肯","110/07/09","國泰-高雄",0,3,-3
"7525","1570力肯","110/07/09","富邦-新竹華信",3,0,3
"7526","1570力肯","110/07/09","永豐金-敦南",0,3,-3
"7527","1570力肯","110/07/09","合庫-台中",2,0,2
"7528","1570力肯","110/07/09","土銀-彰化",0,2,-2
"7529","1570力肯","110/07/09","臺銀-臺中",2,0,2
"7530","1570力肯","110/07/09","臺銀-鳳山",0,2,-2
"7531","6180橘子","110/07/09","摩根大通",63,1,62
"7532","6180橘子","110/07/09","元大-南京",1,32,-31
"7533","6180橘子","110/07/09","富邦-陽明",73,33,40
"7534","6180橘子","110/07/09","群益金鼎-台北",0,25,-25
"7535","6180橘子","110/07/09","新加坡商瑞銀",31,0,31
"7536","6180橘子","110/07/09","兆豐-復興",0,21,-21
"7537","6180橘子","110/07/09","美商高盛",25,0,25
"7538","6180橘子","110/07/09","永豐金-嘉義",0,21,-21
"7539","6180橘子","110/07/09","凱基-台北",26,10,16
"7540","6180橘子","110/07/09","凱基-中壢",8,24,-16
"7541","6180橘子","110/07/09","華南永昌-楠梓",13,0,13
"7542","6180橘子","110/07/09","致和-崇德",0,15,-15
"7543","6180橘子","110/07/09","華南永昌-朴子",11,0,11
"7544","6180橘子","110/07/09","群益金鼎-屏東",0,15,-15
"7545","6180橘子","110/07/09","元大-北港",11,0,11
"7546","6180橘子","110/07/09","群益金鼎-中山",0,15,-15
"7547","6180橘子","110/07/09","元大-成功",10,1,9
"7548","6180橘子","110/07/09","瑞士信貸",1,15,-14
"7549","6180橘子","110/07/09","新光",26,18,8
"7550","6180橘子","110/07/09","日盛-二林",0,10,-10
"7551","6180橘子","110/07/09","統一-三重",6,0,6
"7552","6180橘子","110/07/09","凱基-東門",0,10,-10
"7553","6180橘子","110/07/09","群益金鼎-嘉義",6,0,6
"7554","6180橘子","110/07/09","華南永昌-三重",0,10,-10
"7555","6180橘子","110/07/09","元大-員林中山",6,0,6
"7556","6180橘子","110/07/09","元大-彰化民生",1,11,-10
"7557","6180橘子","110/07/09","合庫-鳳山",5,0,5
"7558","6180橘子","110/07/09","永豐金-新店",1,11,-10
"7559","6180橘子","110/07/09","富邦-建國",6,1,5
"7560","6180橘子","110/07/09","群益金鼎-丹鳳",0,8,-8
"7561","2390云辰","110/07/09","摩根大通",279,56,223
"7562","2390云辰","110/07/09","元大-天母",0,127,-127
"7563","2390云辰","110/07/09","日盛-鳳山",110,2,108
"7564","2390云辰","110/07/09","中國信託-文心",5,109,-104
"7565","2390云辰","110/07/09","宏遠證券",100,0,100
"7566","2390云辰","110/07/09","永豐金-復興",0,55,-55
"7567","2390云辰","110/07/09","元大-大里",63,6,57
"7568","2390云辰","110/07/09","凱基-台北",239,286,-47
"7569","2390云辰","110/07/09","凱基-八德",59,10,49
"7570","2390云辰","110/07/09","德信",2,32,-30
"7571","2390云辰","110/07/09","合庫-新竹",40,0,40
"7572","2390云辰","110/07/09","兆豐-桃鶯",2,32,-30
"7573","2390云辰","110/07/09","國票",40,1,39
"7574","2390云辰","110/07/09","致和-南京",0,30,-30
"7575","2390云辰","110/07/09","新加坡商瑞銀",49,13,36
"7576","2390云辰","110/07/09","富邦-虎尾",1,31,-30
"7577","2390云辰","110/07/09","統一-新台中",36,2,34
"7578","2390云辰","110/07/09","元大-善化",2,31,-29
"7579","2390云辰","110/07/09","國票-嘉義",31,0,31
"7580","2390云辰","110/07/09","富邦-板橋",0,27,-27
"7581","2390云辰","110/07/09","華南永昌",35,7,28
"7582","2390云辰","110/07/09","富邦-永和",3,28,-25
"7583","2390云辰","110/07/09","玉山-台中",49,22,27
"7584","2390云辰","110/07/09","第一金-自由",20,44,-24
"7585","2390云辰","110/07/09","華南永昌-敦南",25,0,25
"7586","2390云辰","110/07/09","凱基-內湖",0,24,-24
"7587","2390云辰","110/07/09","新光-高雄",27,4,23
"7588","2390云辰","110/07/09","元大-汐止",1,24,-23
"7589","2390云辰","110/07/09","台灣摩根士丹利",85,63,22
"7590","2390云辰","110/07/09","新光-台中",12,33,-21
"7591","4903聯光通","110/07/09","元大-敦南",10,0,10
"7592","4903聯光通","110/07/09","第一金-台中",0,12,-12
"7593","4903聯光通","110/07/09","凱基-士林",5,0,5
"7594","4903聯光通","110/07/09","日盛-忠孝",0,3,-3
"7595","4903聯光通","110/07/09","元大-苗栗",5,0,5
"7596","4903聯光通","110/07/09","群益金鼎-崇德",0,3,-3
"7597","4903聯光通","110/07/09","元大-屏南",3,0,3
"7598","4903聯光通","110/07/09","國票-內壢",0,2,-2
"7599","4903聯光通","110/07/09","中國信託-永康",1,0,1
"7600","4903聯光通","110/07/09","康和-南崁",0,2,-2
"7601","4903聯光通","110/07/09","玉山證券",1,0,1
"7602","4903聯光通","110/07/09","新光-台中",0,2,-2
"7603","4903聯光通","110/07/09","元大-太平",4,3,1
"7604","4903聯光通","110/07/09","玉山-城中",0,2,-2
"7605","4903聯光通","110/07/09","永豐金-嘉義",1,0,1
"7606","4903聯光通","110/07/09","中國信託-文心",0,1,-1
"7607","4903聯光通","110/07/09","大昌",0,0,0
"7608","4903聯光通","110/07/09","大昌",0,0,0
"7609","4903聯光通","110/07/09","中農",0,0,0
"7610","4903聯光通","110/07/09","中農",0,0,0
"7611","4903聯光通","110/07/09","",NA,NA,NA
"7612","4903聯光通","110/07/09","",NA,NA,NA
"7613","4903聯光通","110/07/09","",NA,NA,NA
"7614","4903聯光通","110/07/09","",NA,NA,NA
"7615","4903聯光通","110/07/09","",NA,NA,NA
"7616","4903聯光通","110/07/09","",NA,NA,NA
"7617","4903聯光通","110/07/09","",NA,NA,NA
"7618","4903聯光通","110/07/09","",NA,NA,NA
"7619","4903聯光通","110/07/09","",NA,NA,NA
"7620","4903聯光通","110/07/09","",NA,NA,NA
"7621","2929淘帝","110/07/09","台中銀-台北",110,0,110
"7622","2929淘帝","110/07/09","新光",2,82,-80
"7623","2929淘帝","110/07/09","華南永昌-頭份",72,0,72
"7624","2929淘帝","110/07/09","摩根大通",2,63,-61
"7625","2929淘帝","110/07/09","合庫-高雄",71,0,71
"7626","2929淘帝","110/07/09","第一金-路竹",0,50,-50
"7627","2929淘帝","110/07/09","高橋-龍潭",37,0,37
"7628","2929淘帝","110/07/09","港商麥格理",0,42,-42
"7629","2929淘帝","110/07/09","新光-台中",60,26,34
"7630","2929淘帝","110/07/09","陽信-石牌",0,40,-40
"7631","2929淘帝","110/07/09","元富-大裕",22,1,21
"7632","2929淘帝","110/07/09","台新-左楠",1,39,-38
"7633","2929淘帝","110/07/09","合庫-鳳山",20,0,20
"7634","2929淘帝","110/07/09","凱基-桃園",3,29,-26
"7635","2929淘帝","110/07/09","元大-員林",22,2,20
"7636","2929淘帝","110/07/09","兆豐-內湖",0,25,-25
"7637","2929淘帝","110/07/09","台新-建北",15,0,15
"7638","2929淘帝","110/07/09","元大-北港",0,20,-20
"7639","2929淘帝","110/07/09","兆豐-桃園",13,0,13
"7640","2929淘帝","110/07/09","富邦-北港",0,19,-19
"7641","2929淘帝","110/07/09","兆豐-忠孝",10,0,10
"7642","2929淘帝","110/07/09","富邦-花蓮",0,17,-17
"7643","2929淘帝","110/07/09","國票-敦北法人",10,0,10
"7644","2929淘帝","110/07/09","國泰-台中",2,17,-15
"7645","2929淘帝","110/07/09","永豐金-博愛",10,0,10
"7646","2929淘帝","110/07/09","群益金鼎-彰化",0,15,-15
"7647","2929淘帝","110/07/09","群益金鼎-潭子",8,0,8
"7648","2929淘帝","110/07/09","元大-博愛",0,14,-14
"7649","2929淘帝","110/07/09","富邦-南屯",8,0,8
"7650","2929淘帝","110/07/09","日盛-板橋",0,13,-13
"7651","5410國眾","110/07/09","元大-新盛",14,0,14
"7652","5410國眾","110/07/09","(牛牛牛)亞-鑫豐",1,41,-40
"7653","5410國眾","110/07/09","台灣企銀-民雄",10,0,10
"7654","5410國眾","110/07/09","元富-嘉義",0,25,-25
"7655","5410國眾","110/07/09","元富-虎尾",9,0,9
"7656","5410國眾","110/07/09","凱基-高美館",0,10,-10
"7657","5410國眾","110/07/09","摩根大通",10,1,9
"7658","5410國眾","110/07/09","凱基-城中",0,10,-10
"7659","5410國眾","110/07/09","兆豐-北高雄",7,0,7
"7660","5410國眾","110/07/09","元大-頭份",0,10,-10
"7661","5410國眾","110/07/09","凱基-台北",8,1,7
"7662","5410國眾","110/07/09","群益金鼎-丹鳳",0,7,-7
"7663","5410國眾","110/07/09","華南永昌-公誠",7,0,7
"7664","5410國眾","110/07/09","凱基-復興",0,7,-7
"7665","5410國眾","110/07/09","香港上海匯豐",6,0,6
"7666","5410國眾","110/07/09","元大-員林",0,7,-7
"7667","5410國眾","110/07/09","凱基-中壢",6,0,6
"7668","5410國眾","110/07/09","富邦-竹東",0,6,-6
"7669","5410國眾","110/07/09","華南永昌-南京",6,0,6
"7670","5410國眾","110/07/09","亞東-高雄",0,5,-5
"7671","5410國眾","110/07/09","統一-三重",5,0,5
"7672","5410國眾","110/07/09","大慶-中壢",1,6,-5
"7673","5410國眾","110/07/09","富邦-宜蘭",5,0,5
"7674","5410國眾","110/07/09","群益金鼎-中港",0,5,-5
"7675","5410國眾","110/07/09","元大-崇德",5,0,5
"7676","5410國眾","110/07/09","元大-八德",0,5,-5
"7677","5410國眾","110/07/09","元大-博愛",5,0,5
"7678","5410國眾","110/07/09","富邦-基隆",0,4,-4
"7679","5410國眾","110/07/09","元大-龍潭",5,0,5
"7680","5410國眾","110/07/09","臺銀-新竹",0,3,-3
"7681","2841台開","110/07/09","日盛-雙和",102,0,102
"7682","2841台開","110/07/09","港商野村",0,129,-129
"7683","2841台開","110/07/09","元大-館前",70,0,70
"7684","2841台開","110/07/09","兆豐-永和",0,100,-100
"7685","2841台開","110/07/09","凱基-文心",50,0,50
"7686","2841台開","110/07/09","台新證券",7,28,-21
"7687","2841台開","110/07/09","富邦-嘉義",40,0,40
"7688","2841台開","110/07/09","國票-北高雄",0,20,-20
"7689","2841台開","110/07/09","美商高盛",15,0,15
"7690","2841台開","110/07/09","永豐金-敦南",29,46,-17
"7691","2841台開","110/07/09","台中銀",15,0,15
"7692","2841台開","110/07/09","合庫-基隆",0,12,-12
"7693","2841台開","110/07/09","新光",11,0,11
"7694","2841台開","110/07/09","中國信託-松江",0,12,-12
"7695","2841台開","110/07/09","華南永昌-長虹",10,0,10
"7696","2841台開","110/07/09","兆豐-城中",0,12,-12
"7697","2841台開","110/07/09","永豐金-南投",10,0,10
"7698","2841台開","110/07/09","台中銀-豐原",0,10,-10
"7699","2841台開","110/07/09","合庫-桃園",7,0,7
"7700","2841台開","110/07/09","兆豐-景美",0,10,-10
"7701","2841台開","110/07/09","群益金鼎-古亭",7,0,7
"7702","2841台開","110/07/09","群益金鼎-基隆",0,10,-10
"7703","2841台開","110/07/09","國泰-敦南",6,0,6
"7704","2841台開","110/07/09","元大-北三重",0,10,-10
"7705","2841台開","110/07/09","凱基-桃園",8,2,6
"7706","2841台開","110/07/09","(牛牛牛)亞-網路",0,9,-9
"7707","2841台開","110/07/09","日盛證券",5,0,5
"7708","2841台開","110/07/09","台新-高雄",1,10,-9
"7709","2841台開","110/07/09","元富-文心",5,0,5
"7710","2841台開","110/07/09","凱基-台北",0,7,-7
"7711","6207雷科","110/07/09","群益金鼎-新竹",47,0,47
"7712","6207雷科","110/07/09","新光",7,24,-17
"7713","6207雷科","110/07/09","永豐金-三重",31,0,31
"7714","6207雷科","110/07/09","日盛-和美",0,15,-15
"7715","6207雷科","110/07/09","新加坡商瑞銀",33,5,28
"7716","6207雷科","110/07/09","國泰-台南",0,15,-15
"7717","6207雷科","110/07/09","元大-高雄",26,0,26
"7718","6207雷科","110/07/09","華南永昌-古亭",0,14,-14
"7719","6207雷科","110/07/09","統一-員林",22,0,22
"7720","6207雷科","110/07/09","土銀-白河",0,11,-11
"7721","6207雷科","110/07/09","台新-高雄",22,0,22
"7722","6207雷科","110/07/09","日盛-台南",0,10,-10
"7723","6207雷科","110/07/09","摩根大通",34,17,17
"7724","6207雷科","110/07/09","元富-林園",0,10,-10
"7725","6207雷科","110/07/09","元大-博愛",17,1,16
"7726","6207雷科","110/07/09","富邦-園區",0,10,-10
"7727","6207雷科","110/07/09","日茂-埔里",12,0,12
"7728","6207雷科","110/07/09","元大-上新莊",0,10,-10
"7729","6207雷科","110/07/09","國泰-台中",17,6,11
"7730","6207雷科","110/07/09","永豐金-南京",0,10,-10
"7731","6207雷科","110/07/09","富邦-三重",10,0,10
"7732","6207雷科","110/07/09","兆豐-小港",0,6,-6
"7733","6207雷科","110/07/09","元大-沙鹿",10,0,10
"7734","6207雷科","110/07/09","富邦-羅東",1,7,-6
"7735","6207雷科","110/07/09","元大-八德",10,0,10
"7736","6207雷科","110/07/09","元大-土城永寧",0,6,-6
"7737","6207雷科","110/07/09","第一金-路竹",11,2,9
"7738","6207雷科","110/07/09","永豐金-板盛",0,6,-6
"7739","6207雷科","110/07/09","統一-南京",5,0,5
"7740","6207雷科","110/07/09","日盛-板橋",0,5,-5
"7741","3679新至陞","110/07/09","元大-大天母",10,0,10
"7742","3679新至陞","110/07/09","第一金-光復",0,11,-11
"7743","3679新至陞","110/07/09","日盛-樹林",9,0,9
"7744","3679新至陞","110/07/09","瑞士信貸",0,8,-8
"7745","3679新至陞","110/07/09","凱基-台北",11,2,9
"7746","3679新至陞","110/07/09","大慶-苗栗",0,5,-5
"7747","3679新至陞","110/07/09","華南永昌-小港",8,0,8
"7748","3679新至陞","110/07/09","元大-永春",0,5,-5
"7749","3679新至陞","110/07/09","兆豐-來福",7,0,7
"7750","3679新至陞","110/07/09","日盛-和美",0,4,-4
"7751","3679新至陞","110/07/09","香港上海匯豐",5,0,5
"7752","3679新至陞","110/07/09","元大-雙和",0,3,-3
"7753","3679新至陞","110/07/09","台中銀-員林",3,0,3
"7754","3679新至陞","110/07/09","永豐金-屏東",0,3,-3
"7755","3679新至陞","110/07/09","新光",3,0,3
"7756","3679新至陞","110/07/09","彰銀",0,2,-2
"7757","3679新至陞","110/07/09","土銀-花蓮",2,0,2
"7758","3679新至陞","110/07/09","宏遠-館前",0,2,-2
"7759","3679新至陞","110/07/09","第一金-澎湖",2,0,2
"7760","3679新至陞","110/07/09","港商野村",0,2,-2
"7761","3679新至陞","110/07/09","摩根大通",2,0,2
"7762","3679新至陞","110/07/09","大昌-新店",0,2,-2
"7763","3679新至陞","110/07/09","國泰-敦南",2,0,2
"7764","3679新至陞","110/07/09","元大-新莊",0,2,-2
"7765","3679新至陞","110/07/09","元大-淡水",4,2,2
"7766","3679新至陞","110/07/09","元大-板橋",0,2,-2
"7767","3679新至陞","110/07/09","日盛-士林",1,0,1
"7768","3679新至陞","110/07/09","台灣摩根士丹利",0,1,-1
"7769","3679新至陞","110/07/09","日盛-信義",1,0,1
"7770","3679新至陞","110/07/09","第一金-高雄",0,1,-1
"7771","2727王品","110/07/09","台灣匯立證券",90,0,90
"7772","2727王品","110/07/09","台灣摩根士丹利",0,267,-267
"7773","2727王品","110/07/09","國泰-敦南",166,84,82
"7774","2727王品","110/07/09","富邦-台北",35,299,-264
"7775","2727王品","110/07/09","富邦-仁愛",56,12,44
"7776","2727王品","110/07/09","凱基-台北",174,296,-122
"7777","2727王品","110/07/09","台新證券",109,66,43
"7778","2727王品","110/07/09","第一金",2,102,-100
"7779","2727王品","110/07/09","新光",117,87,30
"7780","2727王品","110/07/09","群益金鼎-大安",0,80,-80
"7781","2727王品","110/07/09","臺銀-臺中",35,6,29
"7782","2727王品","110/07/09","兆豐-大安",7,60,-53
"7783","2727王品","110/07/09","元大-桃園",32,3,29
"7784","2727王品","110/07/09","永豐金-南投",0,50,-50
"7785","2727王品","110/07/09","元富-宜蘭",34,6,28
"7786","2727王品","110/07/09","新加坡商瑞銀",6,46,-40
"7787","2727王品","110/07/09","玉山-台中",34,8,26
"7788","2727王品","110/07/09","合庫-彰化",11,50,-39
"7789","2727王品","110/07/09","群益金鼎-宜蘭",30,4,26
"7790","2727王品","110/07/09","永豐金-萬盛",13,52,-39
"7791","2727王品","110/07/09","富邦-台中",42,16,26
"7792","2727王品","110/07/09","瑞士信貸",0,34,-34
"7793","2727王品","110/07/09","第一金-豐原",25,1,24
"7794","2727王品","110/07/09","元大-和平",4,35,-31
"7795","2727王品","110/07/09","臺銀",30,8,22
"7796","2727王品","110/07/09","美林",14,44,-30
"7797","2727王品","110/07/09","兆豐-來福",23,1,22
"7798","2727王品","110/07/09","元大-員林",9,38,-29
"7799","2727王品","110/07/09","玉山-士林",22,2,20
"7800","2727王品","110/07/09","元富-西松",4,31,-27
"7801","1570力肯","110/07/09","凱基-台北",30,1,29
"7802","1570力肯","110/07/09","群益金鼎-彰化",0,20,-20
"7803","1570力肯","110/07/09","新光-台南",20,0,20
"7804","1570力肯","110/07/09","元大-土城學府",0,20,-20
"7805","1570力肯","110/07/09","元大-高雄",20,0,20
"7806","1570力肯","110/07/09","元大-大統",0,16,-16
"7807","1570力肯","110/07/09","國票-中正",12,0,12
"7808","1570力肯","110/07/09","元大-新營",0,11,-11
"7809","1570力肯","110/07/09","日盛-高雄",6,0,6
"7810","1570力肯","110/07/09","元大-和平",0,10,-10
"7811","1570力肯","110/07/09","元富-緯城",6,0,6
"7812","1570力肯","110/07/09","元大-草屯",0,10,-10
"7813","1570力肯","110/07/09","群益金鼎-台南",6,0,6
"7814","1570力肯","110/07/09","元大-鹿港",0,9,-9
"7815","1570力肯","110/07/09","華南永昌-岡山",6,0,6
"7816","1570力肯","110/07/09","合庫-基隆",0,7,-7
"7817","1570力肯","110/07/09","統一-中壢",5,0,5
"7818","1570力肯","110/07/09","摩根大通",2,8,-6
"7819","1570力肯","110/07/09","凱基-三峽",5,0,5
"7820","1570力肯","110/07/09","台灣企銀-豐原",0,4,-4
"7821","1570力肯","110/07/09","大昌-樹林",4,0,4
"7822","1570力肯","110/07/09","日盛-桃園",0,4,-4
"7823","1570力肯","110/07/09","新光",3,0,3
"7824","1570力肯","110/07/09","國泰-高雄",0,3,-3
"7825","1570力肯","110/07/09","富邦-新竹華信",3,0,3
"7826","1570力肯","110/07/09","永豐金-敦南",0,3,-3
"7827","1570力肯","110/07/09","合庫-台中",2,0,2
"7828","1570力肯","110/07/09","土銀-彰化",0,2,-2
"7829","1570力肯","110/07/09","臺銀-臺中",2,0,2
"7830","1570力肯","110/07/09","臺銀-鳳山",0,2,-2
"7831","6180橘子","110/07/09","摩根大通",63,1,62
"7832","6180橘子","110/07/09","元大-南京",1,32,-31
"7833","6180橘子","110/07/09","富邦-陽明",73,33,40
"7834","6180橘子","110/07/09","群益金鼎-台北",0,25,-25
"7835","6180橘子","110/07/09","新加坡商瑞銀",31,0,31
"7836","6180橘子","110/07/09","兆豐-復興",0,21,-21
"7837","6180橘子","110/07/09","美商高盛",25,0,25
"7838","6180橘子","110/07/09","永豐金-嘉義",0,21,-21
"7839","6180橘子","110/07/09","凱基-台北",26,10,16
"7840","6180橘子","110/07/09","凱基-中壢",8,24,-16
"7841","6180橘子","110/07/09","華南永昌-楠梓",13,0,13
"7842","6180橘子","110/07/09","致和-崇德",0,15,-15
"7843","6180橘子","110/07/09","華南永昌-朴子",11,0,11
"7844","6180橘子","110/07/09","群益金鼎-屏東",0,15,-15
"7845","6180橘子","110/07/09","元大-北港",11,0,11
"7846","6180橘子","110/07/09","群益金鼎-中山",0,15,-15
"7847","6180橘子","110/07/09","元大-成功",10,1,9
"7848","6180橘子","110/07/09","瑞士信貸",1,15,-14
"7849","6180橘子","110/07/09","新光",26,18,8
"7850","6180橘子","110/07/09","日盛-二林",0,10,-10
"7851","6180橘子","110/07/09","統一-三重",6,0,6
"7852","6180橘子","110/07/09","凱基-東門",0,10,-10
"7853","6180橘子","110/07/09","群益金鼎-嘉義",6,0,6
"7854","6180橘子","110/07/09","華南永昌-三重",0,10,-10
"7855","6180橘子","110/07/09","元大-員林中山",6,0,6
"7856","6180橘子","110/07/09","元大-彰化民生",1,11,-10
"7857","6180橘子","110/07/09","合庫-鳳山",5,0,5
"7858","6180橘子","110/07/09","永豐金-新店",1,11,-10
"7859","6180橘子","110/07/09","富邦-建國",6,1,5
"7860","6180橘子","110/07/09","群益金鼎-丹鳳",0,8,-8
"7861","2390云辰","110/07/09","摩根大通",279,56,223
"7862","2390云辰","110/07/09","元大-天母",0,127,-127
"7863","2390云辰","110/07/09","日盛-鳳山",110,2,108
"7864","2390云辰","110/07/09","中國信託-文心",5,109,-104
"7865","2390云辰","110/07/09","宏遠證券",100,0,100
"7866","2390云辰","110/07/09","永豐金-復興",0,55,-55
"7867","2390云辰","110/07/09","元大-大里",63,6,57
"7868","2390云辰","110/07/09","凱基-台北",239,286,-47
"7869","2390云辰","110/07/09","凱基-八德",59,10,49
"7870","2390云辰","110/07/09","德信",2,32,-30
"7871","2390云辰","110/07/09","合庫-新竹",40,0,40
"7872","2390云辰","110/07/09","兆豐-桃鶯",2,32,-30
"7873","2390云辰","110/07/09","國票",40,1,39
"7874","2390云辰","110/07/09","致和-南京",0,30,-30
"7875","2390云辰","110/07/09","新加坡商瑞銀",49,13,36
"7876","2390云辰","110/07/09","富邦-虎尾",1,31,-30
"7877","2390云辰","110/07/09","統一-新台中",36,2,34
"7878","2390云辰","110/07/09","元大-善化",2,31,-29
"7879","2390云辰","110/07/09","國票-嘉義",31,0,31
"7880","2390云辰","110/07/09","富邦-板橋",0,27,-27
"7881","2390云辰","110/07/09","華南永昌",35,7,28
"7882","2390云辰","110/07/09","富邦-永和",3,28,-25
"7883","2390云辰","110/07/09","玉山-台中",49,22,27
"7884","2390云辰","110/07/09","第一金-自由",20,44,-24
"7885","2390云辰","110/07/09","華南永昌-敦南",25,0,25
"7886","2390云辰","110/07/09","凱基-內湖",0,24,-24
"7887","2390云辰","110/07/09","新光-高雄",27,4,23
"7888","2390云辰","110/07/09","元大-汐止",1,24,-23
"7889","2390云辰","110/07/09","台灣摩根士丹利",85,63,22
"7890","2390云辰","110/07/09","新光-台中",12,33,-21
"7891","4903聯光通","110/07/09","元大-敦南",10,0,10
"7892","4903聯光通","110/07/09","第一金-台中",0,12,-12
"7893","4903聯光通","110/07/09","凱基-士林",5,0,5
"7894","4903聯光通","110/07/09","日盛-忠孝",0,3,-3
"7895","4903聯光通","110/07/09","元大-苗栗",5,0,5
"7896","4903聯光通","110/07/09","群益金鼎-崇德",0,3,-3
"7897","4903聯光通","110/07/09","元大-屏南",3,0,3
"7898","4903聯光通","110/07/09","國票-內壢",0,2,-2
"7899","4903聯光通","110/07/09","中國信託-永康",1,0,1
"7900","4903聯光通","110/07/09","康和-南崁",0,2,-2
"7901","4903聯光通","110/07/09","玉山證券",1,0,1
"7902","4903聯光通","110/07/09","新光-台中",0,2,-2
"7903","4903聯光通","110/07/09","元大-太平",4,3,1
"7904","4903聯光通","110/07/09","玉山-城中",0,2,-2
"7905","4903聯光通","110/07/09","永豐金-嘉義",1,0,1
"7906","4903聯光通","110/07/09","中國信託-文心",0,1,-1
"7907","4903聯光通","110/07/09","大昌",0,0,0
"7908","4903聯光通","110/07/09","大昌",0,0,0
"7909","4903聯光通","110/07/09","中農",0,0,0
"7910","4903聯光通","110/07/09","中農",0,0,0
"7911","4903聯光通","110/07/09","",NA,NA,NA
"7912","4903聯光通","110/07/09","",NA,NA,NA
"7913","4903聯光通","110/07/09","",NA,NA,NA
"7914","4903聯光通","110/07/09","",NA,NA,NA
"7915","4903聯光通","110/07/09","",NA,NA,NA
"7916","4903聯光通","110/07/09","",NA,NA,NA
"7917","4903聯光通","110/07/09","",NA,NA,NA
"7918","4903聯光通","110/07/09","",NA,NA,NA
"7919","4903聯光通","110/07/09","",NA,NA,NA
"7920","4903聯光通","110/07/09","",NA,NA,NA
"7921","2929淘帝","110/07/09","台中銀-台北",110,0,110
"7922","2929淘帝","110/07/09","新光",2,82,-80
"7923","2929淘帝","110/07/09","華南永昌-頭份",72,0,72
"7924","2929淘帝","110/07/09","摩根大通",2,63,-61
"7925","2929淘帝","110/07/09","合庫-高雄",71,0,71
"7926","2929淘帝","110/07/09","第一金-路竹",0,50,-50
"7927","2929淘帝","110/07/09","高橋-龍潭",37,0,37
"7928","2929淘帝","110/07/09","港商麥格理",0,42,-42
"7929","2929淘帝","110/07/09","新光-台中",60,26,34
"7930","2929淘帝","110/07/09","陽信-石牌",0,40,-40
"7931","2929淘帝","110/07/09","元富-大裕",22,1,21
"7932","2929淘帝","110/07/09","台新-左楠",1,39,-38
"7933","2929淘帝","110/07/09","合庫-鳳山",20,0,20
"7934","2929淘帝","110/07/09","凱基-桃園",3,29,-26
"7935","2929淘帝","110/07/09","元大-員林",22,2,20
"7936","2929淘帝","110/07/09","兆豐-內湖",0,25,-25
"7937","2929淘帝","110/07/09","台新-建北",15,0,15
"7938","2929淘帝","110/07/09","元大-北港",0,20,-20
"7939","2929淘帝","110/07/09","兆豐-桃園",13,0,13
"7940","2929淘帝","110/07/09","富邦-北港",0,19,-19
"7941","2929淘帝","110/07/09","兆豐-忠孝",10,0,10
"7942","2929淘帝","110/07/09","富邦-花蓮",0,17,-17
"7943","2929淘帝","110/07/09","國票-敦北法人",10,0,10
"7944","2929淘帝","110/07/09","國泰-台中",2,17,-15
"7945","2929淘帝","110/07/09","永豐金-博愛",10,0,10
"7946","2929淘帝","110/07/09","群益金鼎-彰化",0,15,-15
"7947","2929淘帝","110/07/09","群益金鼎-潭子",8,0,8
"7948","2929淘帝","110/07/09","元大-博愛",0,14,-14
"7949","2929淘帝","110/07/09","富邦-南屯",8,0,8
"7950","2929淘帝","110/07/09","日盛-板橋",0,13,-13
"7951","5410國眾","110/07/09","元大-新盛",14,0,14
"7952","5410國眾","110/07/09","(牛牛牛)亞-鑫豐",1,41,-40
"7953","5410國眾","110/07/09","台灣企銀-民雄",10,0,10
"7954","5410國眾","110/07/09","元富-嘉義",0,25,-25
"7955","5410國眾","110/07/09","元富-虎尾",9,0,9
"7956","5410國眾","110/07/09","凱基-高美館",0,10,-10
"7957","5410國眾","110/07/09","摩根大通",10,1,9
"7958","5410國眾","110/07/09","凱基-城中",0,10,-10
"7959","5410國眾","110/07/09","兆豐-北高雄",7,0,7
"7960","5410國眾","110/07/09","元大-頭份",0,10,-10
"7961","5410國眾","110/07/09","凱基-台北",8,1,7
"7962","5410國眾","110/07/09","群益金鼎-丹鳳",0,7,-7
"7963","5410國眾","110/07/09","華南永昌-公誠",7,0,7
"7964","5410國眾","110/07/09","凱基-復興",0,7,-7
"7965","5410國眾","110/07/09","香港上海匯豐",6,0,6
"7966","5410國眾","110/07/09","元大-員林",0,7,-7
"7967","5410國眾","110/07/09","凱基-中壢",6,0,6
"7968","5410國眾","110/07/09","富邦-竹東",0,6,-6
"7969","5410國眾","110/07/09","華南永昌-南京",6,0,6
"7970","5410國眾","110/07/09","亞東-高雄",0,5,-5
"7971","5410國眾","110/07/09","統一-三重",5,0,5
"7972","5410國眾","110/07/09","大慶-中壢",1,6,-5
"7973","5410國眾","110/07/09","富邦-宜蘭",5,0,5
"7974","5410國眾","110/07/09","群益金鼎-中港",0,5,-5
"7975","5410國眾","110/07/09","元大-崇德",5,0,5
"7976","5410國眾","110/07/09","元大-八德",0,5,-5
"7977","5410國眾","110/07/09","元大-博愛",5,0,5
"7978","5410國眾","110/07/09","富邦-基隆",0,4,-4
"7979","5410國眾","110/07/09","元大-龍潭",5,0,5
"7980","5410國眾","110/07/09","臺銀-新竹",0,3,-3
"7981","2841台開","110/07/09","日盛-雙和",102,0,102
"7982","2841台開","110/07/09","港商野村",0,129,-129
"7983","2841台開","110/07/09","元大-館前",70,0,70
"7984","2841台開","110/07/09","兆豐-永和",0,100,-100
"7985","2841台開","110/07/09","凱基-文心",50,0,50
"7986","2841台開","110/07/09","台新證券",7,28,-21
"7987","2841台開","110/07/09","富邦-嘉義",40,0,40
"7988","2841台開","110/07/09","國票-北高雄",0,20,-20
"7989","2841台開","110/07/09","美商高盛",15,0,15
"7990","2841台開","110/07/09","永豐金-敦南",29,46,-17
"7991","2841台開","110/07/09","台中銀",15,0,15
"7992","2841台開","110/07/09","合庫-基隆",0,12,-12
"7993","2841台開","110/07/09","新光",11,0,11
"7994","2841台開","110/07/09","中國信託-松江",0,12,-12
"7995","2841台開","110/07/09","華南永昌-長虹",10,0,10
"7996","2841台開","110/07/09","兆豐-城中",0,12,-12
"7997","2841台開","110/07/09","永豐金-南投",10,0,10
"7998","2841台開","110/07/09","台中銀-豐原",0,10,-10
"7999","2841台開","110/07/09","合庫-桃園",7,0,7
"8000","2841台開","110/07/09","兆豐-景美",0,10,-10
"8001","2841台開","110/07/09","群益金鼎-古亭",7,0,7
"8002","2841台開","110/07/09","群益金鼎-基隆",0,10,-10
"8003","2841台開","110/07/09","國泰-敦南",6,0,6
"8004","2841台開","110/07/09","元大-北三重",0,10,-10
"8005","2841台開","110/07/09","凱基-桃園",8,2,6
"8006","2841台開","110/07/09","(牛牛牛)亞-網路",0,9,-9
"8007","2841台開","110/07/09","日盛證券",5,0,5
"8008","2841台開","110/07/09","台新-高雄",1,10,-9
"8009","2841台開","110/07/09","元富-文心",5,0,5
"8010","2841台開","110/07/09","凱基-台北",0,7,-7
"8011","6207雷科","110/07/09","群益金鼎-新竹",47,0,47
"8012","6207雷科","110/07/09","新光",7,24,-17
"8013","6207雷科","110/07/09","永豐金-三重",31,0,31
"8014","6207雷科","110/07/09","日盛-和美",0,15,-15
"8015","6207雷科","110/07/09","新加坡商瑞銀",33,5,28
"8016","6207雷科","110/07/09","國泰-台南",0,15,-15
"8017","6207雷科","110/07/09","元大-高雄",26,0,26
"8018","6207雷科","110/07/09","華南永昌-古亭",0,14,-14
"8019","6207雷科","110/07/09","統一-員林",22,0,22
"8020","6207雷科","110/07/09","土銀-白河",0,11,-11
"8021","6207雷科","110/07/09","台新-高雄",22,0,22
"8022","6207雷科","110/07/09","日盛-台南",0,10,-10
"8023","6207雷科","110/07/09","摩根大通",34,17,17
"8024","6207雷科","110/07/09","元富-林園",0,10,-10
"8025","6207雷科","110/07/09","元大-博愛",17,1,16
"8026","6207雷科","110/07/09","富邦-園區",0,10,-10
"8027","6207雷科","110/07/09","日茂-埔里",12,0,12
"8028","6207雷科","110/07/09","元大-上新莊",0,10,-10
"8029","6207雷科","110/07/09","國泰-台中",17,6,11
"8030","6207雷科","110/07/09","永豐金-南京",0,10,-10
"8031","6207雷科","110/07/09","富邦-三重",10,0,10
"8032","6207雷科","110/07/09","兆豐-小港",0,6,-6
"8033","6207雷科","110/07/09","元大-沙鹿",10,0,10
"8034","6207雷科","110/07/09","富邦-羅東",1,7,-6
"8035","6207雷科","110/07/09","元大-八德",10,0,10
"8036","6207雷科","110/07/09","元大-土城永寧",0,6,-6
"8037","6207雷科","110/07/09","第一金-路竹",11,2,9
"8038","6207雷科","110/07/09","永豐金-板盛",0,6,-6
"8039","6207雷科","110/07/09","統一-南京",5,0,5
"8040","6207雷科","110/07/09","日盛-板橋",0,5,-5
"8041","3679新至陞","110/07/09","元大-大天母",10,0,10
"8042","3679新至陞","110/07/09","第一金-光復",0,11,-11
"8043","3679新至陞","110/07/09","日盛-樹林",9,0,9
"8044","3679新至陞","110/07/09","瑞士信貸",0,8,-8
"8045","3679新至陞","110/07/09","凱基-台北",11,2,9
"8046","3679新至陞","110/07/09","大慶-苗栗",0,5,-5
"8047","3679新至陞","110/07/09","華南永昌-小港",8,0,8
"8048","3679新至陞","110/07/09","元大-永春",0,5,-5
"8049","3679新至陞","110/07/09","兆豐-來福",7,0,7
"8050","3679新至陞","110/07/09","日盛-和美",0,4,-4
"8051","3679新至陞","110/07/09","香港上海匯豐",5,0,5
"8052","3679新至陞","110/07/09","元大-雙和",0,3,-3
"8053","3679新至陞","110/07/09","台中銀-員林",3,0,3
"8054","3679新至陞","110/07/09","永豐金-屏東",0,3,-3
"8055","3679新至陞","110/07/09","新光",3,0,3
"8056","3679新至陞","110/07/09","彰銀",0,2,-2
"8057","3679新至陞","110/07/09","土銀-花蓮",2,0,2
"8058","3679新至陞","110/07/09","宏遠-館前",0,2,-2
"8059","3679新至陞","110/07/09","第一金-澎湖",2,0,2
"8060","3679新至陞","110/07/09","港商野村",0,2,-2
"8061","3679新至陞","110/07/09","摩根大通",2,0,2
"8062","3679新至陞","110/07/09","大昌-新店",0,2,-2
"8063","3679新至陞","110/07/09","國泰-敦南",2,0,2
"8064","3679新至陞","110/07/09","元大-新莊",0,2,-2
"8065","3679新至陞","110/07/09","元大-淡水",4,2,2
"8066","3679新至陞","110/07/09","元大-板橋",0,2,-2
"8067","3679新至陞","110/07/09","日盛-士林",1,0,1
"8068","3679新至陞","110/07/09","台灣摩根士丹利",0,1,-1
"8069","3679新至陞","110/07/09","日盛-信義",1,0,1
"8070","3679新至陞","110/07/09","第一金-高雄",0,1,-1
"8071","2727王品","110/07/09","台灣匯立證券",90,0,90
"8072","2727王品","110/07/09","台灣摩根士丹利",0,267,-267
"8073","2727王品","110/07/09","國泰-敦南",166,84,82
"8074","2727王品","110/07/09","富邦-台北",35,299,-264
"8075","2727王品","110/07/09","富邦-仁愛",56,12,44
"8076","2727王品","110/07/09","凱基-台北",174,296,-122
"8077","2727王品","110/07/09","台新證券",109,66,43
"8078","2727王品","110/07/09","第一金",2,102,-100
"8079","2727王品","110/07/09","新光",117,87,30
"8080","2727王品","110/07/09","群益金鼎-大安",0,80,-80
"8081","2727王品","110/07/09","臺銀-臺中",35,6,29
"8082","2727王品","110/07/09","兆豐-大安",7,60,-53
"8083","2727王品","110/07/09","元大-桃園",32,3,29
"8084","2727王品","110/07/09","永豐金-南投",0,50,-50
"8085","2727王品","110/07/09","元富-宜蘭",34,6,28
"8086","2727王品","110/07/09","新加坡商瑞銀",6,46,-40
"8087","2727王品","110/07/09","玉山-台中",34,8,26
"8088","2727王品","110/07/09","合庫-彰化",11,50,-39
"8089","2727王品","110/07/09","群益金鼎-宜蘭",30,4,26
"8090","2727王品","110/07/09","永豐金-萬盛",13,52,-39
"8091","2727王品","110/07/09","富邦-台中",42,16,26
"8092","2727王品","110/07/09","瑞士信貸",0,34,-34
"8093","2727王品","110/07/09","第一金-豐原",25,1,24
"8094","2727王品","110/07/09","元大-和平",4,35,-31
"8095","2727王品","110/07/09","臺銀",30,8,22
"8096","2727王品","110/07/09","美林",14,44,-30
"8097","2727王品","110/07/09","兆豐-來福",23,1,22
"8098","2727王品","110/07/09","元大-員林",9,38,-29
"8099","2727王品","110/07/09","玉山-士林",22,2,20
"8100","2727王品","110/07/09","元富-西松",4,31,-27
"8101","1570力肯","110/07/09","凱基-台北",30,1,29
"8102","1570力肯","110/07/09","群益金鼎-彰化",0,20,-20
"8103","1570力肯","110/07/09","新光-台南",20,0,20
"8104","1570力肯","110/07/09","元大-土城學府",0,20,-20
"8105","1570力肯","110/07/09","元大-高雄",20,0,20
"8106","1570力肯","110/07/09","元大-大統",0,16,-16
"8107","1570力肯","110/07/09","國票-中正",12,0,12
"8108","1570力肯","110/07/09","元大-新營",0,11,-11
"8109","1570力肯","110/07/09","日盛-高雄",6,0,6
"8110","1570力肯","110/07/09","元大-和平",0,10,-10
"8111","1570力肯","110/07/09","元富-緯城",6,0,6
"8112","1570力肯","110/07/09","元大-草屯",0,10,-10
"8113","1570力肯","110/07/09","群益金鼎-台南",6,0,6
"8114","1570力肯","110/07/09","元大-鹿港",0,9,-9
"8115","1570力肯","110/07/09","華南永昌-岡山",6,0,6
"8116","1570力肯","110/07/09","合庫-基隆",0,7,-7
"8117","1570力肯","110/07/09","統一-中壢",5,0,5
"8118","1570力肯","110/07/09","摩根大通",2,8,-6
"8119","1570力肯","110/07/09","凱基-三峽",5,0,5
"8120","1570力肯","110/07/09","台灣企銀-豐原",0,4,-4
"8121","1570力肯","110/07/09","大昌-樹林",4,0,4
"8122","1570力肯","110/07/09","日盛-桃園",0,4,-4
"8123","1570力肯","110/07/09","新光",3,0,3
"8124","1570力肯","110/07/09","國泰-高雄",0,3,-3
"8125","1570力肯","110/07/09","富邦-新竹華信",3,0,3
"8126","1570力肯","110/07/09","永豐金-敦南",0,3,-3
"8127","1570力肯","110/07/09","合庫-台中",2,0,2
"8128","1570力肯","110/07/09","土銀-彰化",0,2,-2
"8129","1570力肯","110/07/09","臺銀-臺中",2,0,2
"8130","1570力肯","110/07/09","臺銀-鳳山",0,2,-2
"8131","6180橘子","110/07/09","摩根大通",63,1,62
"8132","6180橘子","110/07/09","元大-南京",1,32,-31
"8133","6180橘子","110/07/09","富邦-陽明",73,33,40
"8134","6180橘子","110/07/09","群益金鼎-台北",0,25,-25
"8135","6180橘子","110/07/09","新加坡商瑞銀",31,0,31
"8136","6180橘子","110/07/09","兆豐-復興",0,21,-21
"8137","6180橘子","110/07/09","美商高盛",25,0,25
"8138","6180橘子","110/07/09","永豐金-嘉義",0,21,-21
"8139","6180橘子","110/07/09","凱基-台北",26,10,16
"8140","6180橘子","110/07/09","凱基-中壢",8,24,-16
"8141","6180橘子","110/07/09","華南永昌-楠梓",13,0,13
"8142","6180橘子","110/07/09","致和-崇德",0,15,-15
"8143","6180橘子","110/07/09","華南永昌-朴子",11,0,11
"8144","6180橘子","110/07/09","群益金鼎-屏東",0,15,-15
"8145","6180橘子","110/07/09","元大-北港",11,0,11
"8146","6180橘子","110/07/09","群益金鼎-中山",0,15,-15
"8147","6180橘子","110/07/09","元大-成功",10,1,9
"8148","6180橘子","110/07/09","瑞士信貸",1,15,-14
"8149","6180橘子","110/07/09","新光",26,18,8
"8150","6180橘子","110/07/09","日盛-二林",0,10,-10
"8151","6180橘子","110/07/09","統一-三重",6,0,6
"8152","6180橘子","110/07/09","凱基-東門",0,10,-10
"8153","6180橘子","110/07/09","群益金鼎-嘉義",6,0,6
"8154","6180橘子","110/07/09","華南永昌-三重",0,10,-10
"8155","6180橘子","110/07/09","元大-員林中山",6,0,6
"8156","6180橘子","110/07/09","元大-彰化民生",1,11,-10
"8157","6180橘子","110/07/09","合庫-鳳山",5,0,5
"8158","6180橘子","110/07/09","永豐金-新店",1,11,-10
"8159","6180橘子","110/07/09","富邦-建國",6,1,5
"8160","6180橘子","110/07/09","群益金鼎-丹鳳",0,8,-8
"8161","2390云辰","110/07/09","摩根大通",279,56,223
"8162","2390云辰","110/07/09","元大-天母",0,127,-127
"8163","2390云辰","110/07/09","日盛-鳳山",110,2,108
"8164","2390云辰","110/07/09","中國信託-文心",5,109,-104
"8165","2390云辰","110/07/09","宏遠證券",100,0,100
"8166","2390云辰","110/07/09","永豐金-復興",0,55,-55
"8167","2390云辰","110/07/09","元大-大里",63,6,57
"8168","2390云辰","110/07/09","凱基-台北",239,286,-47
"8169","2390云辰","110/07/09","凱基-八德",59,10,49
"8170","2390云辰","110/07/09","德信",2,32,-30
"8171","2390云辰","110/07/09","合庫-新竹",40,0,40
"8172","2390云辰","110/07/09","兆豐-桃鶯",2,32,-30
"8173","2390云辰","110/07/09","國票",40,1,39
"8174","2390云辰","110/07/09","致和-南京",0,30,-30
"8175","2390云辰","110/07/09","新加坡商瑞銀",49,13,36
"8176","2390云辰","110/07/09","富邦-虎尾",1,31,-30
"8177","2390云辰","110/07/09","統一-新台中",36,2,34
"8178","2390云辰","110/07/09","元大-善化",2,31,-29
"8179","2390云辰","110/07/09","國票-嘉義",31,0,31
"8180","2390云辰","110/07/09","富邦-板橋",0,27,-27
"8181","2390云辰","110/07/09","華南永昌",35,7,28
"8182","2390云辰","110/07/09","富邦-永和",3,28,-25
"8183","2390云辰","110/07/09","玉山-台中",49,22,27
"8184","2390云辰","110/07/09","第一金-自由",20,44,-24
"8185","2390云辰","110/07/09","華南永昌-敦南",25,0,25
"8186","2390云辰","110/07/09","凱基-內湖",0,24,-24
"8187","2390云辰","110/07/09","新光-高雄",27,4,23
"8188","2390云辰","110/07/09","元大-汐止",1,24,-23
"8189","2390云辰","110/07/09","台灣摩根士丹利",85,63,22
"8190","2390云辰","110/07/09","新光-台中",12,33,-21
"8191","4903聯光通","110/07/09","元大-敦南",10,0,10
"8192","4903聯光通","110/07/09","第一金-台中",0,12,-12
"8193","4903聯光通","110/07/09","凱基-士林",5,0,5
"8194","4903聯光通","110/07/09","日盛-忠孝",0,3,-3
"8195","4903聯光通","110/07/09","元大-苗栗",5,0,5
"8196","4903聯光通","110/07/09","群益金鼎-崇德",0,3,-3
"8197","4903聯光通","110/07/09","元大-屏南",3,0,3
"8198","4903聯光通","110/07/09","國票-內壢",0,2,-2
"8199","4903聯光通","110/07/09","中國信託-永康",1,0,1
"8200","4903聯光通","110/07/09","康和-南崁",0,2,-2
"8201","4903聯光通","110/07/09","玉山證券",1,0,1
"8202","4903聯光通","110/07/09","新光-台中",0,2,-2
"8203","4903聯光通","110/07/09","元大-太平",4,3,1
"8204","4903聯光通","110/07/09","玉山-城中",0,2,-2
"8205","4903聯光通","110/07/09","永豐金-嘉義",1,0,1
"8206","4903聯光通","110/07/09","中國信託-文心",0,1,-1
"8207","4903聯光通","110/07/09","大昌",0,0,0
"8208","4903聯光通","110/07/09","大昌",0,0,0
"8209","4903聯光通","110/07/09","中農",0,0,0
"8210","4903聯光通","110/07/09","中農",0,0,0
"8211","4903聯光通","110/07/09","",NA,NA,NA
"8212","4903聯光通","110/07/09","",NA,NA,NA
"8213","4903聯光通","110/07/09","",NA,NA,NA
"8214","4903聯光通","110/07/09","",NA,NA,NA
"8215","4903聯光通","110/07/09","",NA,NA,NA
"8216","4903聯光通","110/07/09","",NA,NA,NA
"8217","4903聯光通","110/07/09","",NA,NA,NA
"8218","4903聯光通","110/07/09","",NA,NA,NA
"8219","4903聯光通","110/07/09","",NA,NA,NA
"8220","4903聯光通","110/07/09","",NA,NA,NA
"8221","2929淘帝","110/07/09","台中銀-台北",110,0,110
"8222","2929淘帝","110/07/09","新光",2,82,-80
"8223","2929淘帝","110/07/09","華南永昌-頭份",72,0,72
"8224","2929淘帝","110/07/09","摩根大通",2,63,-61
"8225","2929淘帝","110/07/09","合庫-高雄",71,0,71
"8226","2929淘帝","110/07/09","第一金-路竹",0,50,-50
"8227","2929淘帝","110/07/09","高橋-龍潭",37,0,37
"8228","2929淘帝","110/07/09","港商麥格理",0,42,-42
"8229","2929淘帝","110/07/09","新光-台中",60,26,34
"8230","2929淘帝","110/07/09","陽信-石牌",0,40,-40
"8231","2929淘帝","110/07/09","元富-大裕",22,1,21
"8232","2929淘帝","110/07/09","台新-左楠",1,39,-38
"8233","2929淘帝","110/07/09","合庫-鳳山",20,0,20
"8234","2929淘帝","110/07/09","凱基-桃園",3,29,-26
"8235","2929淘帝","110/07/09","元大-員林",22,2,20
"8236","2929淘帝","110/07/09","兆豐-內湖",0,25,-25
"8237","2929淘帝","110/07/09","台新-建北",15,0,15
"8238","2929淘帝","110/07/09","元大-北港",0,20,-20
"8239","2929淘帝","110/07/09","兆豐-桃園",13,0,13
"8240","2929淘帝","110/07/09","富邦-北港",0,19,-19
"8241","2929淘帝","110/07/09","兆豐-忠孝",10,0,10
"8242","2929淘帝","110/07/09","富邦-花蓮",0,17,-17
"8243","2929淘帝","110/07/09","國票-敦北法人",10,0,10
"8244","2929淘帝","110/07/09","國泰-台中",2,17,-15
"8245","2929淘帝","110/07/09","永豐金-博愛",10,0,10
"8246","2929淘帝","110/07/09","群益金鼎-彰化",0,15,-15
"8247","2929淘帝","110/07/09","群益金鼎-潭子",8,0,8
"8248","2929淘帝","110/07/09","元大-博愛",0,14,-14
"8249","2929淘帝","110/07/09","富邦-南屯",8,0,8
"8250","2929淘帝","110/07/09","日盛-板橋",0,13,-13
"8251","5410國眾","110/07/09","元大-新盛",14,0,14
"8252","5410國眾","110/07/09","(牛牛牛)亞-鑫豐",1,41,-40
"8253","5410國眾","110/07/09","台灣企銀-民雄",10,0,10
"8254","5410國眾","110/07/09","元富-嘉義",0,25,-25
"8255","5410國眾","110/07/09","元富-虎尾",9,0,9
"8256","5410國眾","110/07/09","凱基-高美館",0,10,-10
"8257","5410國眾","110/07/09","摩根大通",10,1,9
"8258","5410國眾","110/07/09","凱基-城中",0,10,-10
"8259","5410國眾","110/07/09","兆豐-北高雄",7,0,7
"8260","5410國眾","110/07/09","元大-頭份",0,10,-10
"8261","5410國眾","110/07/09","凱基-台北",8,1,7
"8262","5410國眾","110/07/09","群益金鼎-丹鳳",0,7,-7
"8263","5410國眾","110/07/09","華南永昌-公誠",7,0,7
"8264","5410國眾","110/07/09","凱基-復興",0,7,-7
"8265","5410國眾","110/07/09","香港上海匯豐",6,0,6
"8266","5410國眾","110/07/09","元大-員林",0,7,-7
"8267","5410國眾","110/07/09","凱基-中壢",6,0,6
"8268","5410國眾","110/07/09","富邦-竹東",0,6,-6
"8269","5410國眾","110/07/09","華南永昌-南京",6,0,6
"8270","5410國眾","110/07/09","亞東-高雄",0,5,-5
"8271","5410國眾","110/07/09","統一-三重",5,0,5
"8272","5410國眾","110/07/09","大慶-中壢",1,6,-5
"8273","5410國眾","110/07/09","富邦-宜蘭",5,0,5
"8274","5410國眾","110/07/09","群益金鼎-中港",0,5,-5
"8275","5410國眾","110/07/09","元大-崇德",5,0,5
"8276","5410國眾","110/07/09","元大-八德",0,5,-5
"8277","5410國眾","110/07/09","元大-博愛",5,0,5
"8278","5410國眾","110/07/09","富邦-基隆",0,4,-4
"8279","5410國眾","110/07/09","元大-龍潭",5,0,5
"8280","5410國眾","110/07/09","臺銀-新竹",0,3,-3
"8281","2841台開","110/07/09","日盛-雙和",102,0,102
"8282","2841台開","110/07/09","港商野村",0,129,-129
"8283","2841台開","110/07/09","元大-館前",70,0,70
"8284","2841台開","110/07/09","兆豐-永和",0,100,-100
"8285","2841台開","110/07/09","凱基-文心",50,0,50
"8286","2841台開","110/07/09","台新證券",7,28,-21
"8287","2841台開","110/07/09","富邦-嘉義",40,0,40
"8288","2841台開","110/07/09","國票-北高雄",0,20,-20
"8289","2841台開","110/07/09","美商高盛",15,0,15
"8290","2841台開","110/07/09","永豐金-敦南",29,46,-17
"8291","2841台開","110/07/09","台中銀",15,0,15
"8292","2841台開","110/07/09","合庫-基隆",0,12,-12
"8293","2841台開","110/07/09","新光",11,0,11
"8294","2841台開","110/07/09","中國信託-松江",0,12,-12
"8295","2841台開","110/07/09","華南永昌-長虹",10,0,10
"8296","2841台開","110/07/09","兆豐-城中",0,12,-12
"8297","2841台開","110/07/09","永豐金-南投",10,0,10
"8298","2841台開","110/07/09","台中銀-豐原",0,10,-10
"8299","2841台開","110/07/09","合庫-桃園",7,0,7
"8300","2841台開","110/07/09","兆豐-景美",0,10,-10
"8301","2841台開","110/07/09","群益金鼎-古亭",7,0,7
"8302","2841台開","110/07/09","群益金鼎-基隆",0,10,-10
"8303","2841台開","110/07/09","國泰-敦南",6,0,6
"8304","2841台開","110/07/09","元大-北三重",0,10,-10
"8305","2841台開","110/07/09","凱基-桃園",8,2,6
"8306","2841台開","110/07/09","(牛牛牛)亞-網路",0,9,-9
"8307","2841台開","110/07/09","日盛證券",5,0,5
"8308","2841台開","110/07/09","台新-高雄",1,10,-9
"8309","2841台開","110/07/09","元富-文心",5,0,5
"8310","2841台開","110/07/09","凱基-台北",0,7,-7
"8311","6207雷科","110/07/09","群益金鼎-新竹",47,0,47
"8312","6207雷科","110/07/09","新光",7,24,-17
"8313","6207雷科","110/07/09","永豐金-三重",31,0,31
"8314","6207雷科","110/07/09","日盛-和美",0,15,-15
"8315","6207雷科","110/07/09","新加坡商瑞銀",33,5,28
"8316","6207雷科","110/07/09","國泰-台南",0,15,-15
"8317","6207雷科","110/07/09","元大-高雄",26,0,26
"8318","6207雷科","110/07/09","華南永昌-古亭",0,14,-14
"8319","6207雷科","110/07/09","統一-員林",22,0,22
"8320","6207雷科","110/07/09","土銀-白河",0,11,-11
"8321","6207雷科","110/07/09","台新-高雄",22,0,22
"8322","6207雷科","110/07/09","日盛-台南",0,10,-10
"8323","6207雷科","110/07/09","摩根大通",34,17,17
"8324","6207雷科","110/07/09","元富-林園",0,10,-10
"8325","6207雷科","110/07/09","元大-博愛",17,1,16
"8326","6207雷科","110/07/09","富邦-園區",0,10,-10
"8327","6207雷科","110/07/09","日茂-埔里",12,0,12
"8328","6207雷科","110/07/09","元大-上新莊",0,10,-10
"8329","6207雷科","110/07/09","國泰-台中",17,6,11
"8330","6207雷科","110/07/09","永豐金-南京",0,10,-10
"8331","6207雷科","110/07/09","富邦-三重",10,0,10
"8332","6207雷科","110/07/09","兆豐-小港",0,6,-6
"8333","6207雷科","110/07/09","元大-沙鹿",10,0,10
"8334","6207雷科","110/07/09","富邦-羅東",1,7,-6
"8335","6207雷科","110/07/09","元大-八德",10,0,10
"8336","6207雷科","110/07/09","元大-土城永寧",0,6,-6
"8337","6207雷科","110/07/09","第一金-路竹",11,2,9
"8338","6207雷科","110/07/09","永豐金-板盛",0,6,-6
"8339","6207雷科","110/07/09","統一-南京",5,0,5
"8340","6207雷科","110/07/09","日盛-板橋",0,5,-5
"8341","3679新至陞","110/07/09","元大-大天母",10,0,10
"8342","3679新至陞","110/07/09","第一金-光復",0,11,-11
"8343","3679新至陞","110/07/09","日盛-樹林",9,0,9
"8344","3679新至陞","110/07/09","瑞士信貸",0,8,-8
"8345","3679新至陞","110/07/09","凱基-台北",11,2,9
"8346","3679新至陞","110/07/09","大慶-苗栗",0,5,-5
"8347","3679新至陞","110/07/09","華南永昌-小港",8,0,8
"8348","3679新至陞","110/07/09","元大-永春",0,5,-5
"8349","3679新至陞","110/07/09","兆豐-來福",7,0,7
"8350","3679新至陞","110/07/09","日盛-和美",0,4,-4
"8351","3679新至陞","110/07/09","香港上海匯豐",5,0,5
"8352","3679新至陞","110/07/09","元大-雙和",0,3,-3
"8353","3679新至陞","110/07/09","台中銀-員林",3,0,3
"8354","3679新至陞","110/07/09","永豐金-屏東",0,3,-3
"8355","3679新至陞","110/07/09","新光",3,0,3
"8356","3679新至陞","110/07/09","彰銀",0,2,-2
"8357","3679新至陞","110/07/09","土銀-花蓮",2,0,2
"8358","3679新至陞","110/07/09","宏遠-館前",0,2,-2
"8359","3679新至陞","110/07/09","第一金-澎湖",2,0,2
"8360","3679新至陞","110/07/09","港商野村",0,2,-2
"8361","3679新至陞","110/07/09","摩根大通",2,0,2
"8362","3679新至陞","110/07/09","大昌-新店",0,2,-2
"8363","3679新至陞","110/07/09","國泰-敦南",2,0,2
"8364","3679新至陞","110/07/09","元大-新莊",0,2,-2
"8365","3679新至陞","110/07/09","元大-淡水",4,2,2
"8366","3679新至陞","110/07/09","元大-板橋",0,2,-2
"8367","3679新至陞","110/07/09","日盛-士林",1,0,1
"8368","3679新至陞","110/07/09","台灣摩根士丹利",0,1,-1
"8369","3679新至陞","110/07/09","日盛-信義",1,0,1
"8370","3679新至陞","110/07/09","第一金-高雄",0,1,-1
"8371","2727王品","110/07/09","台灣匯立證券",90,0,90
"8372","2727王品","110/07/09","台灣摩根士丹利",0,267,-267
"8373","2727王品","110/07/09","國泰-敦南",166,84,82
"8374","2727王品","110/07/09","富邦-台北",35,299,-264
"8375","2727王品","110/07/09","富邦-仁愛",56,12,44
"8376","2727王品","110/07/09","凱基-台北",174,296,-122
"8377","2727王品","110/07/09","台新證券",109,66,43
"8378","2727王品","110/07/09","第一金",2,102,-100
"8379","2727王品","110/07/09","新光",117,87,30
"8380","2727王品","110/07/09","群益金鼎-大安",0,80,-80
"8381","2727王品","110/07/09","臺銀-臺中",35,6,29
"8382","2727王品","110/07/09","兆豐-大安",7,60,-53
"8383","2727王品","110/07/09","元大-桃園",32,3,29
"8384","2727王品","110/07/09","永豐金-南投",0,50,-50
"8385","2727王品","110/07/09","元富-宜蘭",34,6,28
"8386","2727王品","110/07/09","新加坡商瑞銀",6,46,-40
"8387","2727王品","110/07/09","玉山-台中",34,8,26
"8388","2727王品","110/07/09","合庫-彰化",11,50,-39
"8389","2727王品","110/07/09","群益金鼎-宜蘭",30,4,26
"8390","2727王品","110/07/09","永豐金-萬盛",13,52,-39
"8391","2727王品","110/07/09","富邦-台中",42,16,26
"8392","2727王品","110/07/09","瑞士信貸",0,34,-34
"8393","2727王品","110/07/09","第一金-豐原",25,1,24
"8394","2727王品","110/07/09","元大-和平",4,35,-31
"8395","2727王品","110/07/09","臺銀",30,8,22
"8396","2727王品","110/07/09","美林",14,44,-30
"8397","2727王品","110/07/09","兆豐-來福",23,1,22
"8398","2727王品","110/07/09","元大-員林",9,38,-29
"8399","2727王品","110/07/09","玉山-士林",22,2,20
"8400","2727王品","110/07/09","元富-西松",4,31,-27
"8401","1570力肯","110/07/09","凱基-台北",30,1,29
"8402","1570力肯","110/07/09","群益金鼎-彰化",0,20,-20
"8403","1570力肯","110/07/09","新光-台南",20,0,20
"8404","1570力肯","110/07/09","元大-土城學府",0,20,-20
"8405","1570力肯","110/07/09","元大-高雄",20,0,20
"8406","1570力肯","110/07/09","元大-大統",0,16,-16
"8407","1570力肯","110/07/09","國票-中正",12,0,12
"8408","1570力肯","110/07/09","元大-新營",0,11,-11
"8409","1570力肯","110/07/09","日盛-高雄",6,0,6
"8410","1570力肯","110/07/09","元大-和平",0,10,-10
"8411","1570力肯","110/07/09","元富-緯城",6,0,6
"8412","1570力肯","110/07/09","元大-草屯",0,10,-10
"8413","1570力肯","110/07/09","群益金鼎-台南",6,0,6
"8414","1570力肯","110/07/09","元大-鹿港",0,9,-9
"8415","1570力肯","110/07/09","華南永昌-岡山",6,0,6
"8416","1570力肯","110/07/09","合庫-基隆",0,7,-7
"8417","1570力肯","110/07/09","統一-中壢",5,0,5
"8418","1570力肯","110/07/09","摩根大通",2,8,-6
"8419","1570力肯","110/07/09","凱基-三峽",5,0,5
"8420","1570力肯","110/07/09","台灣企銀-豐原",0,4,-4
"8421","1570力肯","110/07/09","大昌-樹林",4,0,4
"8422","1570力肯","110/07/09","日盛-桃園",0,4,-4
"8423","1570力肯","110/07/09","新光",3,0,3
"8424","1570力肯","110/07/09","國泰-高雄",0,3,-3
"8425","1570力肯","110/07/09","富邦-新竹華信",3,0,3
"8426","1570力肯","110/07/09","永豐金-敦南",0,3,-3
"8427","1570力肯","110/07/09","合庫-台中",2,0,2
"8428","1570力肯","110/07/09","土銀-彰化",0,2,-2
"8429","1570力肯","110/07/09","臺銀-臺中",2,0,2
"8430","1570力肯","110/07/09","臺銀-鳳山",0,2,-2
"8431","6180橘子","110/07/09","摩根大通",63,1,62
"8432","6180橘子","110/07/09","元大-南京",1,32,-31
"8433","6180橘子","110/07/09","富邦-陽明",73,33,40
"8434","6180橘子","110/07/09","群益金鼎-台北",0,25,-25
"8435","6180橘子","110/07/09","新加坡商瑞銀",31,0,31
"8436","6180橘子","110/07/09","兆豐-復興",0,21,-21
"8437","6180橘子","110/07/09","美商高盛",25,0,25
"8438","6180橘子","110/07/09","永豐金-嘉義",0,21,-21
"8439","6180橘子","110/07/09","凱基-台北",26,10,16
"8440","6180橘子","110/07/09","凱基-中壢",8,24,-16
"8441","6180橘子","110/07/09","華南永昌-楠梓",13,0,13
"8442","6180橘子","110/07/09","致和-崇德",0,15,-15
"8443","6180橘子","110/07/09","華南永昌-朴子",11,0,11
"8444","6180橘子","110/07/09","群益金鼎-屏東",0,15,-15
"8445","6180橘子","110/07/09","元大-北港",11,0,11
"8446","6180橘子","110/07/09","群益金鼎-中山",0,15,-15
"8447","6180橘子","110/07/09","元大-成功",10,1,9
"8448","6180橘子","110/07/09","瑞士信貸",1,15,-14
"8449","6180橘子","110/07/09","新光",26,18,8
"8450","6180橘子","110/07/09","日盛-二林",0,10,-10
"8451","6180橘子","110/07/09","統一-三重",6,0,6
"8452","6180橘子","110/07/09","凱基-東門",0,10,-10
"8453","6180橘子","110/07/09","群益金鼎-嘉義",6,0,6
"8454","6180橘子","110/07/09","華南永昌-三重",0,10,-10
"8455","6180橘子","110/07/09","元大-員林中山",6,0,6
"8456","6180橘子","110/07/09","元大-彰化民生",1,11,-10
"8457","6180橘子","110/07/09","合庫-鳳山",5,0,5
"8458","6180橘子","110/07/09","永豐金-新店",1,11,-10
"8459","6180橘子","110/07/09","富邦-建國",6,1,5
"8460","6180橘子","110/07/09","群益金鼎-丹鳳",0,8,-8
"8461","2390云辰","110/07/09","摩根大通",279,56,223
"8462","2390云辰","110/07/09","元大-天母",0,127,-127
"8463","2390云辰","110/07/09","日盛-鳳山",110,2,108
"8464","2390云辰","110/07/09","中國信託-文心",5,109,-104
"8465","2390云辰","110/07/09","宏遠證券",100,0,100
"8466","2390云辰","110/07/09","永豐金-復興",0,55,-55
"8467","2390云辰","110/07/09","元大-大里",63,6,57
"8468","2390云辰","110/07/09","凱基-台北",239,286,-47
"8469","2390云辰","110/07/09","凱基-八德",59,10,49
"8470","2390云辰","110/07/09","德信",2,32,-30
"8471","2390云辰","110/07/09","合庫-新竹",40,0,40
"8472","2390云辰","110/07/09","兆豐-桃鶯",2,32,-30
"8473","2390云辰","110/07/09","國票",40,1,39
"8474","2390云辰","110/07/09","致和-南京",0,30,-30
"8475","2390云辰","110/07/09","新加坡商瑞銀",49,13,36
"8476","2390云辰","110/07/09","富邦-虎尾",1,31,-30
"8477","2390云辰","110/07/09","統一-新台中",36,2,34
"8478","2390云辰","110/07/09","元大-善化",2,31,-29
"8479","2390云辰","110/07/09","國票-嘉義",31,0,31
"8480","2390云辰","110/07/09","富邦-板橋",0,27,-27
"8481","2390云辰","110/07/09","華南永昌",35,7,28
"8482","2390云辰","110/07/09","富邦-永和",3,28,-25
"8483","2390云辰","110/07/09","玉山-台中",49,22,27
"8484","2390云辰","110/07/09","第一金-自由",20,44,-24
"8485","2390云辰","110/07/09","華南永昌-敦南",25,0,25
"8486","2390云辰","110/07/09","凱基-內湖",0,24,-24
"8487","2390云辰","110/07/09","新光-高雄",27,4,23
"8488","2390云辰","110/07/09","元大-汐止",1,24,-23
"8489","2390云辰","110/07/09","台灣摩根士丹利",85,63,22
"8490","2390云辰","110/07/09","新光-台中",12,33,-21
"8491","4903聯光通","110/07/09","元大-敦南",10,0,10
"8492","4903聯光通","110/07/09","第一金-台中",0,12,-12
"8493","4903聯光通","110/07/09","凱基-士林",5,0,5
"8494","4903聯光通","110/07/09","日盛-忠孝",0,3,-3
"8495","4903聯光通","110/07/09","元大-苗栗",5,0,5
"8496","4903聯光通","110/07/09","群益金鼎-崇德",0,3,-3
"8497","4903聯光通","110/07/09","元大-屏南",3,0,3
"8498","4903聯光通","110/07/09","國票-內壢",0,2,-2
"8499","4903聯光通","110/07/09","中國信託-永康",1,0,1
"8500","4903聯光通","110/07/09","康和-南崁",0,2,-2
"8501","4903聯光通","110/07/09","玉山證券",1,0,1
"8502","4903聯光通","110/07/09","新光-台中",0,2,-2
"8503","4903聯光通","110/07/09","元大-太平",4,3,1
"8504","4903聯光通","110/07/09","玉山-城中",0,2,-2
"8505","4903聯光通","110/07/09","永豐金-嘉義",1,0,1
"8506","4903聯光通","110/07/09","中國信託-文心",0,1,-1
"8507","4903聯光通","110/07/09","大昌",0,0,0
"8508","4903聯光通","110/07/09","大昌",0,0,0
"8509","4903聯光通","110/07/09","中農",0,0,0
"8510","4903聯光通","110/07/09","中農",0,0,0
"8511","4903聯光通","110/07/09","",NA,NA,NA
"8512","4903聯光通","110/07/09","",NA,NA,NA
"8513","4903聯光通","110/07/09","",NA,NA,NA
"8514","4903聯光通","110/07/09","",NA,NA,NA
"8515","4903聯光通","110/07/09","",NA,NA,NA
"8516","4903聯光通","110/07/09","",NA,NA,NA
"8517","4903聯光通","110/07/09","",NA,NA,NA
"8518","4903聯光通","110/07/09","",NA,NA,NA
"8519","4903聯光通","110/07/09","",NA,NA,NA
"8520","4903聯光通","110/07/09","",NA,NA,NA
"8521","2929淘帝","110/07/09","台中銀-台北",110,0,110
"8522","2929淘帝","110/07/09","新光",2,82,-80
"8523","2929淘帝","110/07/09","華南永昌-頭份",72,0,72
"8524","2929淘帝","110/07/09","摩根大通",2,63,-61
"8525","2929淘帝","110/07/09","合庫-高雄",71,0,71
"8526","2929淘帝","110/07/09","第一金-路竹",0,50,-50
"8527","2929淘帝","110/07/09","高橋-龍潭",37,0,37
"8528","2929淘帝","110/07/09","港商麥格理",0,42,-42
"8529","2929淘帝","110/07/09","新光-台中",60,26,34
"8530","2929淘帝","110/07/09","陽信-石牌",0,40,-40
"8531","2929淘帝","110/07/09","元富-大裕",22,1,21
"8532","2929淘帝","110/07/09","台新-左楠",1,39,-38
"8533","2929淘帝","110/07/09","合庫-鳳山",20,0,20
"8534","2929淘帝","110/07/09","凱基-桃園",3,29,-26
"8535","2929淘帝","110/07/09","元大-員林",22,2,20
"8536","2929淘帝","110/07/09","兆豐-內湖",0,25,-25
"8537","2929淘帝","110/07/09","台新-建北",15,0,15
"8538","2929淘帝","110/07/09","元大-北港",0,20,-20
"8539","2929淘帝","110/07/09","兆豐-桃園",13,0,13
"8540","2929淘帝","110/07/09","富邦-北港",0,19,-19
"8541","2929淘帝","110/07/09","兆豐-忠孝",10,0,10
"8542","2929淘帝","110/07/09","富邦-花蓮",0,17,-17
"8543","2929淘帝","110/07/09","國票-敦北法人",10,0,10
"8544","2929淘帝","110/07/09","國泰-台中",2,17,-15
"8545","2929淘帝","110/07/09","永豐金-博愛",10,0,10
"8546","2929淘帝","110/07/09","群益金鼎-彰化",0,15,-15
"8547","2929淘帝","110/07/09","群益金鼎-潭子",8,0,8
"8548","2929淘帝","110/07/09","元大-博愛",0,14,-14
"8549","2929淘帝","110/07/09","富邦-南屯",8,0,8
"8550","2929淘帝","110/07/09","日盛-板橋",0,13,-13
"8551","5410國眾","110/07/09","元大-新盛",14,0,14
"8552","5410國眾","110/07/09","(牛牛牛)亞-鑫豐",1,41,-40
"8553","5410國眾","110/07/09","台灣企銀-民雄",10,0,10
"8554","5410國眾","110/07/09","元富-嘉義",0,25,-25
"8555","5410國眾","110/07/09","元富-虎尾",9,0,9
"8556","5410國眾","110/07/09","凱基-高美館",0,10,-10
"8557","5410國眾","110/07/09","摩根大通",10,1,9
"8558","5410國眾","110/07/09","凱基-城中",0,10,-10
"8559","5410國眾","110/07/09","兆豐-北高雄",7,0,7
"8560","5410國眾","110/07/09","元大-頭份",0,10,-10
"8561","5410國眾","110/07/09","凱基-台北",8,1,7
"8562","5410國眾","110/07/09","群益金鼎-丹鳳",0,7,-7
"8563","5410國眾","110/07/09","華南永昌-公誠",7,0,7
"8564","5410國眾","110/07/09","凱基-復興",0,7,-7
"8565","5410國眾","110/07/09","香港上海匯豐",6,0,6
"8566","5410國眾","110/07/09","元大-員林",0,7,-7
"8567","5410國眾","110/07/09","凱基-中壢",6,0,6
"8568","5410國眾","110/07/09","富邦-竹東",0,6,-6
"8569","5410國眾","110/07/09","華南永昌-南京",6,0,6
"8570","5410國眾","110/07/09","亞東-高雄",0,5,-5
"8571","5410國眾","110/07/09","統一-三重",5,0,5
"8572","5410國眾","110/07/09","大慶-中壢",1,6,-5
"8573","5410國眾","110/07/09","富邦-宜蘭",5,0,5
"8574","5410國眾","110/07/09","群益金鼎-中港",0,5,-5
"8575","5410國眾","110/07/09","元大-崇德",5,0,5
"8576","5410國眾","110/07/09","元大-八德",0,5,-5
"8577","5410國眾","110/07/09","元大-博愛",5,0,5
"8578","5410國眾","110/07/09","富邦-基隆",0,4,-4
"8579","5410國眾","110/07/09","元大-龍潭",5,0,5
"8580","5410國眾","110/07/09","臺銀-新竹",0,3,-3
"8581","2841台開","110/07/09","日盛-雙和",102,0,102
"8582","2841台開","110/07/09","港商野村",0,129,-129
"8583","2841台開","110/07/09","元大-館前",70,0,70
"8584","2841台開","110/07/09","兆豐-永和",0,100,-100
"8585","2841台開","110/07/09","凱基-文心",50,0,50
"8586","2841台開","110/07/09","台新證券",7,28,-21
"8587","2841台開","110/07/09","富邦-嘉義",40,0,40
"8588","2841台開","110/07/09","國票-北高雄",0,20,-20
"8589","2841台開","110/07/09","美商高盛",15,0,15
"8590","2841台開","110/07/09","永豐金-敦南",29,46,-17
"8591","2841台開","110/07/09","台中銀",15,0,15
"8592","2841台開","110/07/09","合庫-基隆",0,12,-12
"8593","2841台開","110/07/09","新光",11,0,11
"8594","2841台開","110/07/09","中國信託-松江",0,12,-12
"8595","2841台開","110/07/09","華南永昌-長虹",10,0,10
"8596","2841台開","110/07/09","兆豐-城中",0,12,-12
"8597","2841台開","110/07/09","永豐金-南投",10,0,10
"8598","2841台開","110/07/09","台中銀-豐原",0,10,-10
"8599","2841台開","110/07/09","合庫-桃園",7,0,7
"8600","2841台開","110/07/09","兆豐-景美",0,10,-10
"8601","2841台開","110/07/09","群益金鼎-古亭",7,0,7
"8602","2841台開","110/07/09","群益金鼎-基隆",0,10,-10
"8603","2841台開","110/07/09","國泰-敦南",6,0,6
"8604","2841台開","110/07/09","元大-北三重",0,10,-10
"8605","2841台開","110/07/09","凱基-桃園",8,2,6
"8606","2841台開","110/07/09","(牛牛牛)亞-網路",0,9,-9
"8607","2841台開","110/07/09","日盛證券",5,0,5
"8608","2841台開","110/07/09","台新-高雄",1,10,-9
"8609","2841台開","110/07/09","元富-文心",5,0,5
"8610","2841台開","110/07/09","凱基-台北",0,7,-7
"8611","6207雷科","110/07/09","群益金鼎-新竹",47,0,47
"8612","6207雷科","110/07/09","新光",7,24,-17
"8613","6207雷科","110/07/09","永豐金-三重",31,0,31
"8614","6207雷科","110/07/09","日盛-和美",0,15,-15
"8615","6207雷科","110/07/09","新加坡商瑞銀",33,5,28
"8616","6207雷科","110/07/09","國泰-台南",0,15,-15
"8617","6207雷科","110/07/09","元大-高雄",26,0,26
"8618","6207雷科","110/07/09","華南永昌-古亭",0,14,-14
"8619","6207雷科","110/07/09","統一-員林",22,0,22
"8620","6207雷科","110/07/09","土銀-白河",0,11,-11
"8621","6207雷科","110/07/09","台新-高雄",22,0,22
"8622","6207雷科","110/07/09","日盛-台南",0,10,-10
"8623","6207雷科","110/07/09","摩根大通",34,17,17
"8624","6207雷科","110/07/09","元富-林園",0,10,-10
"8625","6207雷科","110/07/09","元大-博愛",17,1,16
"8626","6207雷科","110/07/09","富邦-園區",0,10,-10
"8627","6207雷科","110/07/09","日茂-埔里",12,0,12
"8628","6207雷科","110/07/09","元大-上新莊",0,10,-10
"8629","6207雷科","110/07/09","國泰-台中",17,6,11
"8630","6207雷科","110/07/09","永豐金-南京",0,10,-10
"8631","6207雷科","110/07/09","富邦-三重",10,0,10
"8632","6207雷科","110/07/09","兆豐-小港",0,6,-6
"8633","6207雷科","110/07/09","元大-沙鹿",10,0,10
"8634","6207雷科","110/07/09","富邦-羅東",1,7,-6
"8635","6207雷科","110/07/09","元大-八德",10,0,10
"8636","6207雷科","110/07/09","元大-土城永寧",0,6,-6
"8637","6207雷科","110/07/09","第一金-路竹",11,2,9
"8638","6207雷科","110/07/09","永豐金-板盛",0,6,-6
"8639","6207雷科","110/07/09","統一-南京",5,0,5
"8640","6207雷科","110/07/09","日盛-板橋",0,5,-5
"8641","3679新至陞","110/07/09","元大-大天母",10,0,10
"8642","3679新至陞","110/07/09","第一金-光復",0,11,-11
"8643","3679新至陞","110/07/09","日盛-樹林",9,0,9
"8644","3679新至陞","110/07/09","瑞士信貸",0,8,-8
"8645","3679新至陞","110/07/09","凱基-台北",11,2,9
"8646","3679新至陞","110/07/09","大慶-苗栗",0,5,-5
"8647","3679新至陞","110/07/09","華南永昌-小港",8,0,8
"8648","3679新至陞","110/07/09","元大-永春",0,5,-5
"8649","3679新至陞","110/07/09","兆豐-來福",7,0,7
"8650","3679新至陞","110/07/09","日盛-和美",0,4,-4
"8651","3679新至陞","110/07/09","香港上海匯豐",5,0,5
"8652","3679新至陞","110/07/09","元大-雙和",0,3,-3
"8653","3679新至陞","110/07/09","台中銀-員林",3,0,3
"8654","3679新至陞","110/07/09","永豐金-屏東",0,3,-3
"8655","3679新至陞","110/07/09","新光",3,0,3
"8656","3679新至陞","110/07/09","彰銀",0,2,-2
"8657","3679新至陞","110/07/09","土銀-花蓮",2,0,2
"8658","3679新至陞","110/07/09","宏遠-館前",0,2,-2
"8659","3679新至陞","110/07/09","第一金-澎湖",2,0,2
"8660","3679新至陞","110/07/09","港商野村",0,2,-2
"8661","3679新至陞","110/07/09","摩根大通",2,0,2
"8662","3679新至陞","110/07/09","大昌-新店",0,2,-2
"8663","3679新至陞","110/07/09","國泰-敦南",2,0,2
"8664","3679新至陞","110/07/09","元大-新莊",0,2,-2
"8665","3679新至陞","110/07/09","元大-淡水",4,2,2
"8666","3679新至陞","110/07/09","元大-板橋",0,2,-2
"8667","3679新至陞","110/07/09","日盛-士林",1,0,1
"8668","3679新至陞","110/07/09","台灣摩根士丹利",0,1,-1
"8669","3679新至陞","110/07/09","日盛-信義",1,0,1
"8670","3679新至陞","110/07/09","第一金-高雄",0,1,-1
"8671","2727王品","110/07/09","台灣匯立證券",90,0,90
"8672","2727王品","110/07/09","台灣摩根士丹利",0,267,-267
"8673","2727王品","110/07/09","國泰-敦南",166,84,82
"8674","2727王品","110/07/09","富邦-台北",35,299,-264
"8675","2727王品","110/07/09","富邦-仁愛",56,12,44
"8676","2727王品","110/07/09","凱基-台北",174,296,-122
"8677","2727王品","110/07/09","台新證券",109,66,43
"8678","2727王品","110/07/09","第一金",2,102,-100
"8679","2727王品","110/07/09","新光",117,87,30
"8680","2727王品","110/07/09","群益金鼎-大安",0,80,-80
"8681","2727王品","110/07/09","臺銀-臺中",35,6,29
"8682","2727王品","110/07/09","兆豐-大安",7,60,-53
"8683","2727王品","110/07/09","元大-桃園",32,3,29
"8684","2727王品","110/07/09","永豐金-南投",0,50,-50
"8685","2727王品","110/07/09","元富-宜蘭",34,6,28
"8686","2727王品","110/07/09","新加坡商瑞銀",6,46,-40
"8687","2727王品","110/07/09","玉山-台中",34,8,26
"8688","2727王品","110/07/09","合庫-彰化",11,50,-39
"8689","2727王品","110/07/09","群益金鼎-宜蘭",30,4,26
"8690","2727王品","110/07/09","永豐金-萬盛",13,52,-39
"8691","2727王品","110/07/09","富邦-台中",42,16,26
"8692","2727王品","110/07/09","瑞士信貸",0,34,-34
"8693","2727王品","110/07/09","第一金-豐原",25,1,24
"8694","2727王品","110/07/09","元大-和平",4,35,-31
"8695","2727王品","110/07/09","臺銀",30,8,22
"8696","2727王品","110/07/09","美林",14,44,-30
"8697","2727王品","110/07/09","兆豐-來福",23,1,22
"8698","2727王品","110/07/09","元大-員林",9,38,-29
"8699","2727王品","110/07/09","玉山-士林",22,2,20
"8700","2727王品","110/07/09","元富-西松",4,31,-27
"8701","1570力肯","110/07/09","凱基-台北",30,1,29
"8702","1570力肯","110/07/09","群益金鼎-彰化",0,20,-20
"8703","1570力肯","110/07/09","新光-台南",20,0,20
"8704","1570力肯","110/07/09","元大-土城學府",0,20,-20
"8705","1570力肯","110/07/09","元大-高雄",20,0,20
"8706","1570力肯","110/07/09","元大-大統",0,16,-16
"8707","1570力肯","110/07/09","國票-中正",12,0,12
"8708","1570力肯","110/07/09","元大-新營",0,11,-11
"8709","1570力肯","110/07/09","日盛-高雄",6,0,6
"8710","1570力肯","110/07/09","元大-和平",0,10,-10
"8711","1570力肯","110/07/09","元富-緯城",6,0,6
"8712","1570力肯","110/07/09","元大-草屯",0,10,-10
"8713","1570力肯","110/07/09","群益金鼎-台南",6,0,6
"8714","1570力肯","110/07/09","元大-鹿港",0,9,-9
"8715","1570力肯","110/07/09","華南永昌-岡山",6,0,6
"8716","1570力肯","110/07/09","合庫-基隆",0,7,-7
"8717","1570力肯","110/07/09","統一-中壢",5,0,5
"8718","1570力肯","110/07/09","摩根大通",2,8,-6
"8719","1570力肯","110/07/09","凱基-三峽",5,0,5
"8720","1570力肯","110/07/09","台灣企銀-豐原",0,4,-4
"8721","1570力肯","110/07/09","大昌-樹林",4,0,4
"8722","1570力肯","110/07/09","日盛-桃園",0,4,-4
"8723","1570力肯","110/07/09","新光",3,0,3
"8724","1570力肯","110/07/09","國泰-高雄",0,3,-3
"8725","1570力肯","110/07/09","富邦-新竹華信",3,0,3
"8726","1570力肯","110/07/09","永豐金-敦南",0,3,-3
"8727","1570力肯","110/07/09","合庫-台中",2,0,2
"8728","1570力肯","110/07/09","土銀-彰化",0,2,-2
"8729","1570力肯","110/07/09","臺銀-臺中",2,0,2
"8730","1570力肯","110/07/09","臺銀-鳳山",0,2,-2
"8731","6180橘子","110/07/09","摩根大通",63,1,62
"8732","6180橘子","110/07/09","元大-南京",1,32,-31
"8733","6180橘子","110/07/09","富邦-陽明",73,33,40
"8734","6180橘子","110/07/09","群益金鼎-台北",0,25,-25
"8735","6180橘子","110/07/09","新加坡商瑞銀",31,0,31
"8736","6180橘子","110/07/09","兆豐-復興",0,21,-21
"8737","6180橘子","110/07/09","美商高盛",25,0,25
"8738","6180橘子","110/07/09","永豐金-嘉義",0,21,-21
"8739","6180橘子","110/07/09","凱基-台北",26,10,16
"8740","6180橘子","110/07/09","凱基-中壢",8,24,-16
"8741","6180橘子","110/07/09","華南永昌-楠梓",13,0,13
"8742","6180橘子","110/07/09","致和-崇德",0,15,-15
"8743","6180橘子","110/07/09","華南永昌-朴子",11,0,11
"8744","6180橘子","110/07/09","群益金鼎-屏東",0,15,-15
"8745","6180橘子","110/07/09","元大-北港",11,0,11
"8746","6180橘子","110/07/09","群益金鼎-中山",0,15,-15
"8747","6180橘子","110/07/09","元大-成功",10,1,9
"8748","6180橘子","110/07/09","瑞士信貸",1,15,-14
"8749","6180橘子","110/07/09","新光",26,18,8
"8750","6180橘子","110/07/09","日盛-二林",0,10,-10
"8751","6180橘子","110/07/09","統一-三重",6,0,6
"8752","6180橘子","110/07/09","凱基-東門",0,10,-10
"8753","6180橘子","110/07/09","群益金鼎-嘉義",6,0,6
"8754","6180橘子","110/07/09","華南永昌-三重",0,10,-10
"8755","6180橘子","110/07/09","元大-員林中山",6,0,6
"8756","6180橘子","110/07/09","元大-彰化民生",1,11,-10
"8757","6180橘子","110/07/09","合庫-鳳山",5,0,5
"8758","6180橘子","110/07/09","永豐金-新店",1,11,-10
"8759","6180橘子","110/07/09","富邦-建國",6,1,5
"8760","6180橘子","110/07/09","群益金鼎-丹鳳",0,8,-8
"8761","2390云辰","110/07/09","摩根大通",279,56,223
"8762","2390云辰","110/07/09","元大-天母",0,127,-127
"8763","2390云辰","110/07/09","日盛-鳳山",110,2,108
"8764","2390云辰","110/07/09","中國信託-文心",5,109,-104
"8765","2390云辰","110/07/09","宏遠證券",100,0,100
"8766","2390云辰","110/07/09","永豐金-復興",0,55,-55
"8767","2390云辰","110/07/09","元大-大里",63,6,57
"8768","2390云辰","110/07/09","凱基-台北",239,286,-47
"8769","2390云辰","110/07/09","凱基-八德",59,10,49
"8770","2390云辰","110/07/09","德信",2,32,-30
"8771","2390云辰","110/07/09","合庫-新竹",40,0,40
"8772","2390云辰","110/07/09","兆豐-桃鶯",2,32,-30
"8773","2390云辰","110/07/09","國票",40,1,39
"8774","2390云辰","110/07/09","致和-南京",0,30,-30
"8775","2390云辰","110/07/09","新加坡商瑞銀",49,13,36
"8776","2390云辰","110/07/09","富邦-虎尾",1,31,-30
"8777","2390云辰","110/07/09","統一-新台中",36,2,34
"8778","2390云辰","110/07/09","元大-善化",2,31,-29
"8779","2390云辰","110/07/09","國票-嘉義",31,0,31
"8780","2390云辰","110/07/09","富邦-板橋",0,27,-27
"8781","2390云辰","110/07/09","華南永昌",35,7,28
"8782","2390云辰","110/07/09","富邦-永和",3,28,-25
"8783","2390云辰","110/07/09","玉山-台中",49,22,27
"8784","2390云辰","110/07/09","第一金-自由",20,44,-24
"8785","2390云辰","110/07/09","華南永昌-敦南",25,0,25
"8786","2390云辰","110/07/09","凱基-內湖",0,24,-24
"8787","2390云辰","110/07/09","新光-高雄",27,4,23
"8788","2390云辰","110/07/09","元大-汐止",1,24,-23
"8789","2390云辰","110/07/09","台灣摩根士丹利",85,63,22
"8790","2390云辰","110/07/09","新光-台中",12,33,-21
"8791","4903聯光通","110/07/09","元大-敦南",10,0,10
"8792","4903聯光通","110/07/09","第一金-台中",0,12,-12
"8793","4903聯光通","110/07/09","凱基-士林",5,0,5
"8794","4903聯光通","110/07/09","日盛-忠孝",0,3,-3
"8795","4903聯光通","110/07/09","元大-苗栗",5,0,5
"8796","4903聯光通","110/07/09","群益金鼎-崇德",0,3,-3
"8797","4903聯光通","110/07/09","元大-屏南",3,0,3
"8798","4903聯光通","110/07/09","國票-內壢",0,2,-2
"8799","4903聯光通","110/07/09","中國信託-永康",1,0,1
"8800","4903聯光通","110/07/09","康和-南崁",0,2,-2
"8801","4903聯光通","110/07/09","玉山證券",1,0,1
"8802","4903聯光通","110/07/09","新光-台中",0,2,-2
"8803","4903聯光通","110/07/09","元大-太平",4,3,1
"8804","4903聯光通","110/07/09","玉山-城中",0,2,-2
"8805","4903聯光通","110/07/09","永豐金-嘉義",1,0,1
"8806","4903聯光通","110/07/09","中國信託-文心",0,1,-1
"8807","4903聯光通","110/07/09","大昌",0,0,0
"8808","4903聯光通","110/07/09","大昌",0,0,0
"8809","4903聯光通","110/07/09","中農",0,0,0
"8810","4903聯光通","110/07/09","中農",0,0,0
"8811","4903聯光通","110/07/09","",NA,NA,NA
"8812","4903聯光通","110/07/09","",NA,NA,NA
"8813","4903聯光通","110/07/09","",NA,NA,NA
"8814","4903聯光通","110/07/09","",NA,NA,NA
"8815","4903聯光通","110/07/09","",NA,NA,NA
"8816","4903聯光通","110/07/09","",NA,NA,NA
"8817","4903聯光通","110/07/09","",NA,NA,NA
"8818","4903聯光通","110/07/09","",NA,NA,NA
"8819","4903聯光通","110/07/09","",NA,NA,NA
"8820","4903聯光通","110/07/09","",NA,NA,NA
"8821","2929淘帝","110/07/09","台中銀-台北",110,0,110
"8822","2929淘帝","110/07/09","新光",2,82,-80
"8823","2929淘帝","110/07/09","華南永昌-頭份",72,0,72
"8824","2929淘帝","110/07/09","摩根大通",2,63,-61
"8825","2929淘帝","110/07/09","合庫-高雄",71,0,71
"8826","2929淘帝","110/07/09","第一金-路竹",0,50,-50
"8827","2929淘帝","110/07/09","高橋-龍潭",37,0,37
"8828","2929淘帝","110/07/09","港商麥格理",0,42,-42
"8829","2929淘帝","110/07/09","新光-台中",60,26,34
"8830","2929淘帝","110/07/09","陽信-石牌",0,40,-40
"8831","2929淘帝","110/07/09","元富-大裕",22,1,21
"8832","2929淘帝","110/07/09","台新-左楠",1,39,-38
"8833","2929淘帝","110/07/09","合庫-鳳山",20,0,20
"8834","2929淘帝","110/07/09","凱基-桃園",3,29,-26
"8835","2929淘帝","110/07/09","元大-員林",22,2,20
"8836","2929淘帝","110/07/09","兆豐-內湖",0,25,-25
"8837","2929淘帝","110/07/09","台新-建北",15,0,15
"8838","2929淘帝","110/07/09","元大-北港",0,20,-20
"8839","2929淘帝","110/07/09","兆豐-桃園",13,0,13
"8840","2929淘帝","110/07/09","富邦-北港",0,19,-19
"8841","2929淘帝","110/07/09","兆豐-忠孝",10,0,10
"8842","2929淘帝","110/07/09","富邦-花蓮",0,17,-17
"8843","2929淘帝","110/07/09","國票-敦北法人",10,0,10
"8844","2929淘帝","110/07/09","國泰-台中",2,17,-15
"8845","2929淘帝","110/07/09","永豐金-博愛",10,0,10
"8846","2929淘帝","110/07/09","群益金鼎-彰化",0,15,-15
"8847","2929淘帝","110/07/09","群益金鼎-潭子",8,0,8
"8848","2929淘帝","110/07/09","元大-博愛",0,14,-14
"8849","2929淘帝","110/07/09","富邦-南屯",8,0,8
"8850","2929淘帝","110/07/09","日盛-板橋",0,13,-13
"8851","5410國眾","110/07/09","元大-新盛",14,0,14
"8852","5410國眾","110/07/09","(牛牛牛)亞-鑫豐",1,41,-40
"8853","5410國眾","110/07/09","台灣企銀-民雄",10,0,10
"8854","5410國眾","110/07/09","元富-嘉義",0,25,-25
"8855","5410國眾","110/07/09","元富-虎尾",9,0,9
"8856","5410國眾","110/07/09","凱基-高美館",0,10,-10
"8857","5410國眾","110/07/09","摩根大通",10,1,9
"8858","5410國眾","110/07/09","凱基-城中",0,10,-10
"8859","5410國眾","110/07/09","兆豐-北高雄",7,0,7
"8860","5410國眾","110/07/09","元大-頭份",0,10,-10
"8861","5410國眾","110/07/09","凱基-台北",8,1,7
"8862","5410國眾","110/07/09","群益金鼎-丹鳳",0,7,-7
"8863","5410國眾","110/07/09","華南永昌-公誠",7,0,7
"8864","5410國眾","110/07/09","凱基-復興",0,7,-7
"8865","5410國眾","110/07/09","香港上海匯豐",6,0,6
"8866","5410國眾","110/07/09","元大-員林",0,7,-7
"8867","5410國眾","110/07/09","凱基-中壢",6,0,6
"8868","5410國眾","110/07/09","富邦-竹東",0,6,-6
"8869","5410國眾","110/07/09","華南永昌-南京",6,0,6
"8870","5410國眾","110/07/09","亞東-高雄",0,5,-5
"8871","5410國眾","110/07/09","統一-三重",5,0,5
"8872","5410國眾","110/07/09","大慶-中壢",1,6,-5
"8873","5410國眾","110/07/09","富邦-宜蘭",5,0,5
"8874","5410國眾","110/07/09","群益金鼎-中港",0,5,-5
"8875","5410國眾","110/07/09","元大-崇德",5,0,5
"8876","5410國眾","110/07/09","元大-八德",0,5,-5
"8877","5410國眾","110/07/09","元大-博愛",5,0,5
"8878","5410國眾","110/07/09","富邦-基隆",0,4,-4
"8879","5410國眾","110/07/09","元大-龍潭",5,0,5
"8880","5410國眾","110/07/09","臺銀-新竹",0,3,-3
"8881","2841台開","110/07/09","日盛-雙和",102,0,102
"8882","2841台開","110/07/09","港商野村",0,129,-129
"8883","2841台開","110/07/09","元大-館前",70,0,70
"8884","2841台開","110/07/09","兆豐-永和",0,100,-100
"8885","2841台開","110/07/09","凱基-文心",50,0,50
"8886","2841台開","110/07/09","台新證券",7,28,-21
"8887","2841台開","110/07/09","富邦-嘉義",40,0,40
"8888","2841台開","110/07/09","國票-北高雄",0,20,-20
"8889","2841台開","110/07/09","美商高盛",15,0,15
"8890","2841台開","110/07/09","永豐金-敦南",29,46,-17
"8891","2841台開","110/07/09","台中銀",15,0,15
"8892","2841台開","110/07/09","合庫-基隆",0,12,-12
"8893","2841台開","110/07/09","新光",11,0,11
"8894","2841台開","110/07/09","中國信託-松江",0,12,-12
"8895","2841台開","110/07/09","華南永昌-長虹",10,0,10
"8896","2841台開","110/07/09","兆豐-城中",0,12,-12
"8897","2841台開","110/07/09","永豐金-南投",10,0,10
"8898","2841台開","110/07/09","台中銀-豐原",0,10,-10
"8899","2841台開","110/07/09","合庫-桃園",7,0,7
"8900","2841台開","110/07/09","兆豐-景美",0,10,-10
"8901","2841台開","110/07/09","群益金鼎-古亭",7,0,7
"8902","2841台開","110/07/09","群益金鼎-基隆",0,10,-10
"8903","2841台開","110/07/09","國泰-敦南",6,0,6
"8904","2841台開","110/07/09","元大-北三重",0,10,-10
"8905","2841台開","110/07/09","凱基-桃園",8,2,6
"8906","2841台開","110/07/09","(牛牛牛)亞-網路",0,9,-9
"8907","2841台開","110/07/09","日盛證券",5,0,5
"8908","2841台開","110/07/09","台新-高雄",1,10,-9
"8909","2841台開","110/07/09","元富-文心",5,0,5
"8910","2841台開","110/07/09","凱基-台北",0,7,-7
"8911","6207雷科","110/07/09","群益金鼎-新竹",47,0,47
"8912","6207雷科","110/07/09","新光",7,24,-17
"8913","6207雷科","110/07/09","永豐金-三重",31,0,31
"8914","6207雷科","110/07/09","日盛-和美",0,15,-15
"8915","6207雷科","110/07/09","新加坡商瑞銀",33,5,28
"8916","6207雷科","110/07/09","國泰-台南",0,15,-15
"8917","6207雷科","110/07/09","元大-高雄",26,0,26
"8918","6207雷科","110/07/09","華南永昌-古亭",0,14,-14
"8919","6207雷科","110/07/09","統一-員林",22,0,22
"8920","6207雷科","110/07/09","土銀-白河",0,11,-11
"8921","6207雷科","110/07/09","台新-高雄",22,0,22
"8922","6207雷科","110/07/09","日盛-台南",0,10,-10
"8923","6207雷科","110/07/09","摩根大通",34,17,17
"8924","6207雷科","110/07/09","元富-林園",0,10,-10
"8925","6207雷科","110/07/09","元大-博愛",17,1,16
"8926","6207雷科","110/07/09","富邦-園區",0,10,-10
"8927","6207雷科","110/07/09","日茂-埔里",12,0,12
"8928","6207雷科","110/07/09","元大-上新莊",0,10,-10
"8929","6207雷科","110/07/09","國泰-台中",17,6,11
"8930","6207雷科","110/07/09","永豐金-南京",0,10,-10
"8931","6207雷科","110/07/09","富邦-三重",10,0,10
"8932","6207雷科","110/07/09","兆豐-小港",0,6,-6
"8933","6207雷科","110/07/09","元大-沙鹿",10,0,10
"8934","6207雷科","110/07/09","富邦-羅東",1,7,-6
"8935","6207雷科","110/07/09","元大-八德",10,0,10
"8936","6207雷科","110/07/09","元大-土城永寧",0,6,-6
"8937","6207雷科","110/07/09","第一金-路竹",11,2,9
"8938","6207雷科","110/07/09","永豐金-板盛",0,6,-6
"8939","6207雷科","110/07/09","統一-南京",5,0,5
"8940","6207雷科","110/07/09","日盛-板橋",0,5,-5
"8941","3679新至陞","110/07/09","元大-大天母",10,0,10
"8942","3679新至陞","110/07/09","第一金-光復",0,11,-11
"8943","3679新至陞","110/07/09","日盛-樹林",9,0,9
"8944","3679新至陞","110/07/09","瑞士信貸",0,8,-8
"8945","3679新至陞","110/07/09","凱基-台北",11,2,9
"8946","3679新至陞","110/07/09","大慶-苗栗",0,5,-5
"8947","3679新至陞","110/07/09","華南永昌-小港",8,0,8
"8948","3679新至陞","110/07/09","元大-永春",0,5,-5
"8949","3679新至陞","110/07/09","兆豐-來福",7,0,7
"8950","3679新至陞","110/07/09","日盛-和美",0,4,-4
"8951","3679新至陞","110/07/09","香港上海匯豐",5,0,5
"8952","3679新至陞","110/07/09","元大-雙和",0,3,-3
"8953","3679新至陞","110/07/09","台中銀-員林",3,0,3
"8954","3679新至陞","110/07/09","永豐金-屏東",0,3,-3
"8955","3679新至陞","110/07/09","新光",3,0,3
"8956","3679新至陞","110/07/09","彰銀",0,2,-2
"8957","3679新至陞","110/07/09","土銀-花蓮",2,0,2
"8958","3679新至陞","110/07/09","宏遠-館前",0,2,-2
"8959","3679新至陞","110/07/09","第一金-澎湖",2,0,2
"8960","3679新至陞","110/07/09","港商野村",0,2,-2
"8961","3679新至陞","110/07/09","摩根大通",2,0,2
"8962","3679新至陞","110/07/09","大昌-新店",0,2,-2
"8963","3679新至陞","110/07/09","國泰-敦南",2,0,2
"8964","3679新至陞","110/07/09","元大-新莊",0,2,-2
"8965","3679新至陞","110/07/09","元大-淡水",4,2,2
"8966","3679新至陞","110/07/09","元大-板橋",0,2,-2
"8967","3679新至陞","110/07/09","日盛-士林",1,0,1
"8968","3679新至陞","110/07/09","台灣摩根士丹利",0,1,-1
"8969","3679新至陞","110/07/09","日盛-信義",1,0,1
"8970","3679新至陞","110/07/09","第一金-高雄",0,1,-1
"8971","2727王品","110/07/09","台灣匯立證券",90,0,90
"8972","2727王品","110/07/09","台灣摩根士丹利",0,267,-267
"8973","2727王品","110/07/09","國泰-敦南",166,84,82
"8974","2727王品","110/07/09","富邦-台北",35,299,-264
"8975","2727王品","110/07/09","富邦-仁愛",56,12,44
"8976","2727王品","110/07/09","凱基-台北",174,296,-122
"8977","2727王品","110/07/09","台新證券",109,66,43
"8978","2727王品","110/07/09","第一金",2,102,-100
"8979","2727王品","110/07/09","新光",117,87,30
"8980","2727王品","110/07/09","群益金鼎-大安",0,80,-80
"8981","2727王品","110/07/09","臺銀-臺中",35,6,29
"8982","2727王品","110/07/09","兆豐-大安",7,60,-53
"8983","2727王品","110/07/09","元大-桃園",32,3,29
"8984","2727王品","110/07/09","永豐金-南投",0,50,-50
"8985","2727王品","110/07/09","元富-宜蘭",34,6,28
"8986","2727王品","110/07/09","新加坡商瑞銀",6,46,-40
"8987","2727王品","110/07/09","玉山-台中",34,8,26
"8988","2727王品","110/07/09","合庫-彰化",11,50,-39
"8989","2727王品","110/07/09","群益金鼎-宜蘭",30,4,26
"8990","2727王品","110/07/09","永豐金-萬盛",13,52,-39
"8991","2727王品","110/07/09","富邦-台中",42,16,26
"8992","2727王品","110/07/09","瑞士信貸",0,34,-34
"8993","2727王品","110/07/09","第一金-豐原",25,1,24
"8994","2727王品","110/07/09","元大-和平",4,35,-31
"8995","2727王品","110/07/09","臺銀",30,8,22
"8996","2727王品","110/07/09","美林",14,44,-30
"8997","2727王品","110/07/09","兆豐-來福",23,1,22
"8998","2727王品","110/07/09","元大-員林",9,38,-29
"8999","2727王品","110/07/09","玉山-士林",22,2,20
"9000","2727王品","110/07/09","元富-西松",4,31,-27
"9001","1570力肯","110/07/09","凱基-台北",30,1,29
"9002","1570力肯","110/07/09","群益金鼎-彰化",0,20,-20
"9003","1570力肯","110/07/09","新光-台南",20,0,20
"9004","1570力肯","110/07/09","元大-土城學府",0,20,-20
"9005","1570力肯","110/07/09","元大-高雄",20,0,20
"9006","1570力肯","110/07/09","元大-大統",0,16,-16
"9007","1570力肯","110/07/09","國票-中正",12,0,12
"9008","1570力肯","110/07/09","元大-新營",0,11,-11
"9009","1570力肯","110/07/09","日盛-高雄",6,0,6
"9010","1570力肯","110/07/09","元大-和平",0,10,-10
"9011","1570力肯","110/07/09","元富-緯城",6,0,6
"9012","1570力肯","110/07/09","元大-草屯",0,10,-10
"9013","1570力肯","110/07/09","群益金鼎-台南",6,0,6
"9014","1570力肯","110/07/09","元大-鹿港",0,9,-9
"9015","1570力肯","110/07/09","華南永昌-岡山",6,0,6
"9016","1570力肯","110/07/09","合庫-基隆",0,7,-7
"9017","1570力肯","110/07/09","統一-中壢",5,0,5
"9018","1570力肯","110/07/09","摩根大通",2,8,-6
"9019","1570力肯","110/07/09","凱基-三峽",5,0,5
"9020","1570力肯","110/07/09","台灣企銀-豐原",0,4,-4
"9021","1570力肯","110/07/09","大昌-樹林",4,0,4
"9022","1570力肯","110/07/09","日盛-桃園",0,4,-4
"9023","1570力肯","110/07/09","新光",3,0,3
"9024","1570力肯","110/07/09","國泰-高雄",0,3,-3
"9025","1570力肯","110/07/09","富邦-新竹華信",3,0,3
"9026","1570力肯","110/07/09","永豐金-敦南",0,3,-3
"9027","1570力肯","110/07/09","合庫-台中",2,0,2
"9028","1570力肯","110/07/09","土銀-彰化",0,2,-2
"9029","1570力肯","110/07/09","臺銀-臺中",2,0,2
"9030","1570力肯","110/07/09","臺銀-鳳山",0,2,-2
"9031","6180橘子","110/07/09","摩根大通",63,1,62
"9032","6180橘子","110/07/09","元大-南京",1,32,-31
"9033","6180橘子","110/07/09","富邦-陽明",73,33,40
"9034","6180橘子","110/07/09","群益金鼎-台北",0,25,-25
"9035","6180橘子","110/07/09","新加坡商瑞銀",31,0,31
"9036","6180橘子","110/07/09","兆豐-復興",0,21,-21
"9037","6180橘子","110/07/09","美商高盛",25,0,25
"9038","6180橘子","110/07/09","永豐金-嘉義",0,21,-21
"9039","6180橘子","110/07/09","凱基-台北",26,10,16
"9040","6180橘子","110/07/09","凱基-中壢",8,24,-16
"9041","6180橘子","110/07/09","華南永昌-楠梓",13,0,13
"9042","6180橘子","110/07/09","致和-崇德",0,15,-15
"9043","6180橘子","110/07/09","華南永昌-朴子",11,0,11
"9044","6180橘子","110/07/09","群益金鼎-屏東",0,15,-15
"9045","6180橘子","110/07/09","元大-北港",11,0,11
"9046","6180橘子","110/07/09","群益金鼎-中山",0,15,-15
"9047","6180橘子","110/07/09","元大-成功",10,1,9
"9048","6180橘子","110/07/09","瑞士信貸",1,15,-14
"9049","6180橘子","110/07/09","新光",26,18,8
"9050","6180橘子","110/07/09","日盛-二林",0,10,-10
"9051","6180橘子","110/07/09","統一-三重",6,0,6
"9052","6180橘子","110/07/09","凱基-東門",0,10,-10
"9053","6180橘子","110/07/09","群益金鼎-嘉義",6,0,6
"9054","6180橘子","110/07/09","華南永昌-三重",0,10,-10
"9055","6180橘子","110/07/09","元大-員林中山",6,0,6
"9056","6180橘子","110/07/09","元大-彰化民生",1,11,-10
"9057","6180橘子","110/07/09","合庫-鳳山",5,0,5
"9058","6180橘子","110/07/09","永豐金-新店",1,11,-10
"9059","6180橘子","110/07/09","富邦-建國",6,1,5
"9060","6180橘子","110/07/09","群益金鼎-丹鳳",0,8,-8
"9061","2390云辰","110/07/09","摩根大通",279,56,223
"9062","2390云辰","110/07/09","元大-天母",0,127,-127
"9063","2390云辰","110/07/09","日盛-鳳山",110,2,108
"9064","2390云辰","110/07/09","中國信託-文心",5,109,-104
"9065","2390云辰","110/07/09","宏遠證券",100,0,100
"9066","2390云辰","110/07/09","永豐金-復興",0,55,-55
"9067","2390云辰","110/07/09","元大-大里",63,6,57
"9068","2390云辰","110/07/09","凱基-台北",239,286,-47
"9069","2390云辰","110/07/09","凱基-八德",59,10,49
"9070","2390云辰","110/07/09","德信",2,32,-30
"9071","2390云辰","110/07/09","合庫-新竹",40,0,40
"9072","2390云辰","110/07/09","兆豐-桃鶯",2,32,-30
"9073","2390云辰","110/07/09","國票",40,1,39
"9074","2390云辰","110/07/09","致和-南京",0,30,-30
"9075","2390云辰","110/07/09","新加坡商瑞銀",49,13,36
"9076","2390云辰","110/07/09","富邦-虎尾",1,31,-30
"9077","2390云辰","110/07/09","統一-新台中",36,2,34
"9078","2390云辰","110/07/09","元大-善化",2,31,-29
"9079","2390云辰","110/07/09","國票-嘉義",31,0,31
"9080","2390云辰","110/07/09","富邦-板橋",0,27,-27
"9081","2390云辰","110/07/09","華南永昌",35,7,28
"9082","2390云辰","110/07/09","富邦-永和",3,28,-25
"9083","2390云辰","110/07/09","玉山-台中",49,22,27
"9084","2390云辰","110/07/09","第一金-自由",20,44,-24
"9085","2390云辰","110/07/09","華南永昌-敦南",25,0,25
"9086","2390云辰","110/07/09","凱基-內湖",0,24,-24
"9087","2390云辰","110/07/09","新光-高雄",27,4,23
"9088","2390云辰","110/07/09","元大-汐止",1,24,-23
"9089","2390云辰","110/07/09","台灣摩根士丹利",85,63,22
"9090","2390云辰","110/07/09","新光-台中",12,33,-21
"9091","4903聯光通","110/07/09","元大-敦南",10,0,10
"9092","4903聯光通","110/07/09","第一金-台中",0,12,-12
"9093","4903聯光通","110/07/09","凱基-士林",5,0,5
"9094","4903聯光通","110/07/09","日盛-忠孝",0,3,-3
"9095","4903聯光通","110/07/09","元大-苗栗",5,0,5
"9096","4903聯光通","110/07/09","群益金鼎-崇德",0,3,-3
"9097","4903聯光通","110/07/09","元大-屏南",3,0,3
"9098","4903聯光通","110/07/09","國票-內壢",0,2,-2
"9099","4903聯光通","110/07/09","中國信託-永康",1,0,1
"9100","4903聯光通","110/07/09","康和-南崁",0,2,-2
"9101","4903聯光通","110/07/09","玉山證券",1,0,1
"9102","4903聯光通","110/07/09","新光-台中",0,2,-2
"9103","4903聯光通","110/07/09","元大-太平",4,3,1
"9104","4903聯光通","110/07/09","玉山-城中",0,2,-2
"9105","4903聯光通","110/07/09","永豐金-嘉義",1,0,1
"9106","4903聯光通","110/07/09","中國信託-文心",0,1,-1
"9107","4903聯光通","110/07/09","大昌",0,0,0
"9108","4903聯光通","110/07/09","大昌",0,0,0
"9109","4903聯光通","110/07/09","中農",0,0,0
"9110","4903聯光通","110/07/09","中農",0,0,0
"9111","4903聯光通","110/07/09","",NA,NA,NA
"9112","4903聯光通","110/07/09","",NA,NA,NA
"9113","4903聯光通","110/07/09","",NA,NA,NA
"9114","4903聯光通","110/07/09","",NA,NA,NA
"9115","4903聯光通","110/07/09","",NA,NA,NA
"9116","4903聯光通","110/07/09","",NA,NA,NA
"9117","4903聯光通","110/07/09","",NA,NA,NA
"9118","4903聯光通","110/07/09","",NA,NA,NA
"9119","4903聯光通","110/07/09","",NA,NA,NA
"9120","4903聯光通","110/07/09","",NA,NA,NA
"9121","2929淘帝","110/07/09","台中銀-台北",110,0,110
"9122","2929淘帝","110/07/09","新光",2,82,-80
"9123","2929淘帝","110/07/09","華南永昌-頭份",72,0,72
"9124","2929淘帝","110/07/09","摩根大通",2,63,-61
"9125","2929淘帝","110/07/09","合庫-高雄",71,0,71
"9126","2929淘帝","110/07/09","第一金-路竹",0,50,-50
"9127","2929淘帝","110/07/09","高橋-龍潭",37,0,37
"9128","2929淘帝","110/07/09","港商麥格理",0,42,-42
"9129","2929淘帝","110/07/09","新光-台中",60,26,34
"9130","2929淘帝","110/07/09","陽信-石牌",0,40,-40
"9131","2929淘帝","110/07/09","元富-大裕",22,1,21
"9132","2929淘帝","110/07/09","台新-左楠",1,39,-38
"9133","2929淘帝","110/07/09","合庫-鳳山",20,0,20
"9134","2929淘帝","110/07/09","凱基-桃園",3,29,-26
"9135","2929淘帝","110/07/09","元大-員林",22,2,20
"9136","2929淘帝","110/07/09","兆豐-內湖",0,25,-25
"9137","2929淘帝","110/07/09","台新-建北",15,0,15
"9138","2929淘帝","110/07/09","元大-北港",0,20,-20
"9139","2929淘帝","110/07/09","兆豐-桃園",13,0,13
"9140","2929淘帝","110/07/09","富邦-北港",0,19,-19
"9141","2929淘帝","110/07/09","兆豐-忠孝",10,0,10
"9142","2929淘帝","110/07/09","富邦-花蓮",0,17,-17
"9143","2929淘帝","110/07/09","國票-敦北法人",10,0,10
"9144","2929淘帝","110/07/09","國泰-台中",2,17,-15
"9145","2929淘帝","110/07/09","永豐金-博愛",10,0,10
"9146","2929淘帝","110/07/09","群益金鼎-彰化",0,15,-15
"9147","2929淘帝","110/07/09","群益金鼎-潭子",8,0,8
"9148","2929淘帝","110/07/09","元大-博愛",0,14,-14
"9149","2929淘帝","110/07/09","富邦-南屯",8,0,8
"9150","2929淘帝","110/07/09","日盛-板橋",0,13,-13
"9151","5410國眾","110/07/09","元大-新盛",14,0,14
"9152","5410國眾","110/07/09","(牛牛牛)亞-鑫豐",1,41,-40
"9153","5410國眾","110/07/09","台灣企銀-民雄",10,0,10
"9154","5410國眾","110/07/09","元富-嘉義",0,25,-25
"9155","5410國眾","110/07/09","元富-虎尾",9,0,9
"9156","5410國眾","110/07/09","凱基-高美館",0,10,-10
"9157","5410國眾","110/07/09","摩根大通",10,1,9
"9158","5410國眾","110/07/09","凱基-城中",0,10,-10
"9159","5410國眾","110/07/09","兆豐-北高雄",7,0,7
"9160","5410國眾","110/07/09","元大-頭份",0,10,-10
"9161","5410國眾","110/07/09","凱基-台北",8,1,7
"9162","5410國眾","110/07/09","群益金鼎-丹鳳",0,7,-7
"9163","5410國眾","110/07/09","華南永昌-公誠",7,0,7
"9164","5410國眾","110/07/09","凱基-復興",0,7,-7
"9165","5410國眾","110/07/09","香港上海匯豐",6,0,6
"9166","5410國眾","110/07/09","元大-員林",0,7,-7
"9167","5410國眾","110/07/09","凱基-中壢",6,0,6
"9168","5410國眾","110/07/09","富邦-竹東",0,6,-6
"9169","5410國眾","110/07/09","華南永昌-南京",6,0,6
"9170","5410國眾","110/07/09","亞東-高雄",0,5,-5
"9171","5410國眾","110/07/09","統一-三重",5,0,5
"9172","5410國眾","110/07/09","大慶-中壢",1,6,-5
"9173","5410國眾","110/07/09","富邦-宜蘭",5,0,5
"9174","5410國眾","110/07/09","群益金鼎-中港",0,5,-5
"9175","5410國眾","110/07/09","元大-崇德",5,0,5
"9176","5410國眾","110/07/09","元大-八德",0,5,-5
"9177","5410國眾","110/07/09","元大-博愛",5,0,5
"9178","5410國眾","110/07/09","富邦-基隆",0,4,-4
"9179","5410國眾","110/07/09","元大-龍潭",5,0,5
"9180","5410國眾","110/07/09","臺銀-新竹",0,3,-3
"9181","2841台開","110/07/09","日盛-雙和",102,0,102
"9182","2841台開","110/07/09","港商野村",0,129,-129
"9183","2841台開","110/07/09","元大-館前",70,0,70
"9184","2841台開","110/07/09","兆豐-永和",0,100,-100
"9185","2841台開","110/07/09","凱基-文心",50,0,50
"9186","2841台開","110/07/09","台新證券",7,28,-21
"9187","2841台開","110/07/09","富邦-嘉義",40,0,40
"9188","2841台開","110/07/09","國票-北高雄",0,20,-20
"9189","2841台開","110/07/09","美商高盛",15,0,15
"9190","2841台開","110/07/09","永豐金-敦南",29,46,-17
"9191","2841台開","110/07/09","台中銀",15,0,15
"9192","2841台開","110/07/09","合庫-基隆",0,12,-12
"9193","2841台開","110/07/09","新光",11,0,11
"9194","2841台開","110/07/09","中國信託-松江",0,12,-12
"9195","2841台開","110/07/09","華南永昌-長虹",10,0,10
"9196","2841台開","110/07/09","兆豐-城中",0,12,-12
"9197","2841台開","110/07/09","永豐金-南投",10,0,10
"9198","2841台開","110/07/09","台中銀-豐原",0,10,-10
"9199","2841台開","110/07/09","合庫-桃園",7,0,7
"9200","2841台開","110/07/09","兆豐-景美",0,10,-10
"9201","2841台開","110/07/09","群益金鼎-古亭",7,0,7
"9202","2841台開","110/07/09","群益金鼎-基隆",0,10,-10
"9203","2841台開","110/07/09","國泰-敦南",6,0,6
"9204","2841台開","110/07/09","元大-北三重",0,10,-10
"9205","2841台開","110/07/09","凱基-桃園",8,2,6
"9206","2841台開","110/07/09","(牛牛牛)亞-網路",0,9,-9
"9207","2841台開","110/07/09","日盛證券",5,0,5
"9208","2841台開","110/07/09","台新-高雄",1,10,-9
"9209","2841台開","110/07/09","元富-文心",5,0,5
"9210","2841台開","110/07/09","凱基-台北",0,7,-7
"9211","6207雷科","110/07/09","群益金鼎-新竹",47,0,47
"9212","6207雷科","110/07/09","新光",7,24,-17
"9213","6207雷科","110/07/09","永豐金-三重",31,0,31
"9214","6207雷科","110/07/09","日盛-和美",0,15,-15
"9215","6207雷科","110/07/09","新加坡商瑞銀",33,5,28
"9216","6207雷科","110/07/09","國泰-台南",0,15,-15
"9217","6207雷科","110/07/09","元大-高雄",26,0,26
"9218","6207雷科","110/07/09","華南永昌-古亭",0,14,-14
"9219","6207雷科","110/07/09","統一-員林",22,0,22
"9220","6207雷科","110/07/09","土銀-白河",0,11,-11
"9221","6207雷科","110/07/09","台新-高雄",22,0,22
"9222","6207雷科","110/07/09","日盛-台南",0,10,-10
"9223","6207雷科","110/07/09","摩根大通",34,17,17
"9224","6207雷科","110/07/09","元富-林園",0,10,-10
"9225","6207雷科","110/07/09","元大-博愛",17,1,16
"9226","6207雷科","110/07/09","富邦-園區",0,10,-10
"9227","6207雷科","110/07/09","日茂-埔里",12,0,12
"9228","6207雷科","110/07/09","元大-上新莊",0,10,-10
"9229","6207雷科","110/07/09","國泰-台中",17,6,11
"9230","6207雷科","110/07/09","永豐金-南京",0,10,-10
"9231","6207雷科","110/07/09","富邦-三重",10,0,10
"9232","6207雷科","110/07/09","兆豐-小港",0,6,-6
"9233","6207雷科","110/07/09","元大-沙鹿",10,0,10
"9234","6207雷科","110/07/09","富邦-羅東",1,7,-6
"9235","6207雷科","110/07/09","元大-八德",10,0,10
"9236","6207雷科","110/07/09","元大-土城永寧",0,6,-6
"9237","6207雷科","110/07/09","第一金-路竹",11,2,9
"9238","6207雷科","110/07/09","永豐金-板盛",0,6,-6
"9239","6207雷科","110/07/09","統一-南京",5,0,5
"9240","6207雷科","110/07/09","日盛-板橋",0,5,-5
"9241","3679新至陞","110/07/09","元大-大天母",10,0,10
"9242","3679新至陞","110/07/09","第一金-光復",0,11,-11
"9243","3679新至陞","110/07/09","日盛-樹林",9,0,9
"9244","3679新至陞","110/07/09","瑞士信貸",0,8,-8
"9245","3679新至陞","110/07/09","凱基-台北",11,2,9
"9246","3679新至陞","110/07/09","大慶-苗栗",0,5,-5
"9247","3679新至陞","110/07/09","華南永昌-小港",8,0,8
"9248","3679新至陞","110/07/09","元大-永春",0,5,-5
"9249","3679新至陞","110/07/09","兆豐-來福",7,0,7
"9250","3679新至陞","110/07/09","日盛-和美",0,4,-4
"9251","3679新至陞","110/07/09","香港上海匯豐",5,0,5
"9252","3679新至陞","110/07/09","元大-雙和",0,3,-3
"9253","3679新至陞","110/07/09","台中銀-員林",3,0,3
"9254","3679新至陞","110/07/09","永豐金-屏東",0,3,-3
"9255","3679新至陞","110/07/09","新光",3,0,3
"9256","3679新至陞","110/07/09","彰銀",0,2,-2
"9257","3679新至陞","110/07/09","土銀-花蓮",2,0,2
"9258","3679新至陞","110/07/09","宏遠-館前",0,2,-2
"9259","3679新至陞","110/07/09","第一金-澎湖",2,0,2
"9260","3679新至陞","110/07/09","港商野村",0,2,-2
"9261","3679新至陞","110/07/09","摩根大通",2,0,2
"9262","3679新至陞","110/07/09","大昌-新店",0,2,-2
"9263","3679新至陞","110/07/09","國泰-敦南",2,0,2
"9264","3679新至陞","110/07/09","元大-新莊",0,2,-2
"9265","3679新至陞","110/07/09","元大-淡水",4,2,2
"9266","3679新至陞","110/07/09","元大-板橋",0,2,-2
"9267","3679新至陞","110/07/09","日盛-士林",1,0,1
"9268","3679新至陞","110/07/09","台灣摩根士丹利",0,1,-1
"9269","3679新至陞","110/07/09","日盛-信義",1,0,1
"9270","3679新至陞","110/07/09","第一金-高雄",0,1,-1
"9271","2727王品","110/07/09","台灣匯立證券",90,0,90
"9272","2727王品","110/07/09","台灣摩根士丹利",0,267,-267
"9273","2727王品","110/07/09","國泰-敦南",166,84,82
"9274","2727王品","110/07/09","富邦-台北",35,299,-264
"9275","2727王品","110/07/09","富邦-仁愛",56,12,44
"9276","2727王品","110/07/09","凱基-台北",174,296,-122
"9277","2727王品","110/07/09","台新證券",109,66,43
"9278","2727王品","110/07/09","第一金",2,102,-100
"9279","2727王品","110/07/09","新光",117,87,30
"9280","2727王品","110/07/09","群益金鼎-大安",0,80,-80
"9281","2727王品","110/07/09","臺銀-臺中",35,6,29
"9282","2727王品","110/07/09","兆豐-大安",7,60,-53
"9283","2727王品","110/07/09","元大-桃園",32,3,29
"9284","2727王品","110/07/09","永豐金-南投",0,50,-50
"9285","2727王品","110/07/09","元富-宜蘭",34,6,28
"9286","2727王品","110/07/09","新加坡商瑞銀",6,46,-40
"9287","2727王品","110/07/09","玉山-台中",34,8,26
"9288","2727王品","110/07/09","合庫-彰化",11,50,-39
"9289","2727王品","110/07/09","群益金鼎-宜蘭",30,4,26
"9290","2727王品","110/07/09","永豐金-萬盛",13,52,-39
"9291","2727王品","110/07/09","富邦-台中",42,16,26
"9292","2727王品","110/07/09","瑞士信貸",0,34,-34
"9293","2727王品","110/07/09","第一金-豐原",25,1,24
"9294","2727王品","110/07/09","元大-和平",4,35,-31
"9295","2727王品","110/07/09","臺銀",30,8,22
"9296","2727王品","110/07/09","美林",14,44,-30
"9297","2727王品","110/07/09","兆豐-來福",23,1,22
"9298","2727王品","110/07/09","元大-員林",9,38,-29
"9299","2727王品","110/07/09","玉山-士林",22,2,20
"9300","2727王品","110/07/09","元富-西松",4,31,-27
"9301","1570力肯","110/07/09","凱基-台北",30,1,29
"9302","1570力肯","110/07/09","群益金鼎-彰化",0,20,-20
"9303","1570力肯","110/07/09","新光-台南",20,0,20
"9304","1570力肯","110/07/09","元大-土城學府",0,20,-20
"9305","1570力肯","110/07/09","元大-高雄",20,0,20
"9306","1570力肯","110/07/09","元大-大統",0,16,-16
"9307","1570力肯","110/07/09","國票-中正",12,0,12
"9308","1570力肯","110/07/09","元大-新營",0,11,-11
"9309","1570力肯","110/07/09","日盛-高雄",6,0,6
"9310","1570力肯","110/07/09","元大-和平",0,10,-10
"9311","1570力肯","110/07/09","元富-緯城",6,0,6
"9312","1570力肯","110/07/09","元大-草屯",0,10,-10
"9313","1570力肯","110/07/09","群益金鼎-台南",6,0,6
"9314","1570力肯","110/07/09","元大-鹿港",0,9,-9
"9315","1570力肯","110/07/09","華南永昌-岡山",6,0,6
"9316","1570力肯","110/07/09","合庫-基隆",0,7,-7
"9317","1570力肯","110/07/09","統一-中壢",5,0,5
"9318","1570力肯","110/07/09","摩根大通",2,8,-6
"9319","1570力肯","110/07/09","凱基-三峽",5,0,5
"9320","1570力肯","110/07/09","台灣企銀-豐原",0,4,-4
"9321","1570力肯","110/07/09","大昌-樹林",4,0,4
"9322","1570力肯","110/07/09","日盛-桃園",0,4,-4
"9323","1570力肯","110/07/09","新光",3,0,3
"9324","1570力肯","110/07/09","國泰-高雄",0,3,-3
"9325","1570力肯","110/07/09","富邦-新竹華信",3,0,3
"9326","1570力肯","110/07/09","永豐金-敦南",0,3,-3
"9327","1570力肯","110/07/09","合庫-台中",2,0,2
"9328","1570力肯","110/07/09","土銀-彰化",0,2,-2
"9329","1570力肯","110/07/09","臺銀-臺中",2,0,2
"9330","1570力肯","110/07/09","臺銀-鳳山",0,2,-2
"9331","6180橘子","110/07/09","摩根大通",63,1,62
"9332","6180橘子","110/07/09","元大-南京",1,32,-31
"9333","6180橘子","110/07/09","富邦-陽明",73,33,40
"9334","6180橘子","110/07/09","群益金鼎-台北",0,25,-25
"9335","6180橘子","110/07/09","新加坡商瑞銀",31,0,31
"9336","6180橘子","110/07/09","兆豐-復興",0,21,-21
"9337","6180橘子","110/07/09","美商高盛",25,0,25
"9338","6180橘子","110/07/09","永豐金-嘉義",0,21,-21
"9339","6180橘子","110/07/09","凱基-台北",26,10,16
"9340","6180橘子","110/07/09","凱基-中壢",8,24,-16
"9341","6180橘子","110/07/09","華南永昌-楠梓",13,0,13
"9342","6180橘子","110/07/09","致和-崇德",0,15,-15
"9343","6180橘子","110/07/09","華南永昌-朴子",11,0,11
"9344","6180橘子","110/07/09","群益金鼎-屏東",0,15,-15
"9345","6180橘子","110/07/09","元大-北港",11,0,11
"9346","6180橘子","110/07/09","群益金鼎-中山",0,15,-15
"9347","6180橘子","110/07/09","元大-成功",10,1,9
"9348","6180橘子","110/07/09","瑞士信貸",1,15,-14
"9349","6180橘子","110/07/09","新光",26,18,8
"9350","6180橘子","110/07/09","日盛-二林",0,10,-10
"9351","6180橘子","110/07/09","統一-三重",6,0,6
"9352","6180橘子","110/07/09","凱基-東門",0,10,-10
"9353","6180橘子","110/07/09","群益金鼎-嘉義",6,0,6
"9354","6180橘子","110/07/09","華南永昌-三重",0,10,-10
"9355","6180橘子","110/07/09","元大-員林中山",6,0,6
"9356","6180橘子","110/07/09","元大-彰化民生",1,11,-10
"9357","6180橘子","110/07/09","合庫-鳳山",5,0,5
"9358","6180橘子","110/07/09","永豐金-新店",1,11,-10
"9359","6180橘子","110/07/09","富邦-建國",6,1,5
"9360","6180橘子","110/07/09","群益金鼎-丹鳳",0,8,-8
"9361","2390云辰","110/07/09","摩根大通",279,56,223
"9362","2390云辰","110/07/09","元大-天母",0,127,-127
"9363","2390云辰","110/07/09","日盛-鳳山",110,2,108
"9364","2390云辰","110/07/09","中國信託-文心",5,109,-104
"9365","2390云辰","110/07/09","宏遠證券",100,0,100
"9366","2390云辰","110/07/09","永豐金-復興",0,55,-55
"9367","2390云辰","110/07/09","元大-大里",63,6,57
"9368","2390云辰","110/07/09","凱基-台北",239,286,-47
"9369","2390云辰","110/07/09","凱基-八德",59,10,49
"9370","2390云辰","110/07/09","德信",2,32,-30
"9371","2390云辰","110/07/09","合庫-新竹",40,0,40
"9372","2390云辰","110/07/09","兆豐-桃鶯",2,32,-30
"9373","2390云辰","110/07/09","國票",40,1,39
"9374","2390云辰","110/07/09","致和-南京",0,30,-30
"9375","2390云辰","110/07/09","新加坡商瑞銀",49,13,36
"9376","2390云辰","110/07/09","富邦-虎尾",1,31,-30
"9377","2390云辰","110/07/09","統一-新台中",36,2,34
"9378","2390云辰","110/07/09","元大-善化",2,31,-29
"9379","2390云辰","110/07/09","國票-嘉義",31,0,31
"9380","2390云辰","110/07/09","富邦-板橋",0,27,-27
"9381","2390云辰","110/07/09","華南永昌",35,7,28
"9382","2390云辰","110/07/09","富邦-永和",3,28,-25
"9383","2390云辰","110/07/09","玉山-台中",49,22,27
"9384","2390云辰","110/07/09","第一金-自由",20,44,-24
"9385","2390云辰","110/07/09","華南永昌-敦南",25,0,25
"9386","2390云辰","110/07/09","凱基-內湖",0,24,-24
"9387","2390云辰","110/07/09","新光-高雄",27,4,23
"9388","2390云辰","110/07/09","元大-汐止",1,24,-23
"9389","2390云辰","110/07/09","台灣摩根士丹利",85,63,22
"9390","2390云辰","110/07/09","新光-台中",12,33,-21
"9391","4903聯光通","110/07/09","元大-敦南",10,0,10
"9392","4903聯光通","110/07/09","第一金-台中",0,12,-12
"9393","4903聯光通","110/07/09","凱基-士林",5,0,5
"9394","4903聯光通","110/07/09","日盛-忠孝",0,3,-3
"9395","4903聯光通","110/07/09","元大-苗栗",5,0,5
"9396","4903聯光通","110/07/09","群益金鼎-崇德",0,3,-3
"9397","4903聯光通","110/07/09","元大-屏南",3,0,3
"9398","4903聯光通","110/07/09","國票-內壢",0,2,-2
"9399","4903聯光通","110/07/09","中國信託-永康",1,0,1
"9400","4903聯光通","110/07/09","康和-南崁",0,2,-2
"9401","4903聯光通","110/07/09","玉山證券",1,0,1
"9402","4903聯光通","110/07/09","新光-台中",0,2,-2
"9403","4903聯光通","110/07/09","元大-太平",4,3,1
"9404","4903聯光通","110/07/09","玉山-城中",0,2,-2
"9405","4903聯光通","110/07/09","永豐金-嘉義",1,0,1
"9406","4903聯光通","110/07/09","中國信託-文心",0,1,-1
"9407","4903聯光通","110/07/09","大昌",0,0,0
"9408","4903聯光通","110/07/09","大昌",0,0,0
"9409","4903聯光通","110/07/09","中農",0,0,0
"9410","4903聯光通","110/07/09","中農",0,0,0
"9411","4903聯光通","110/07/09","",NA,NA,NA
"9412","4903聯光通","110/07/09","",NA,NA,NA
"9413","4903聯光通","110/07/09","",NA,NA,NA
"9414","4903聯光通","110/07/09","",NA,NA,NA
"9415","4903聯光通","110/07/09","",NA,NA,NA
"9416","4903聯光通","110/07/09","",NA,NA,NA
"9417","4903聯光通","110/07/09","",NA,NA,NA
"9418","4903聯光通","110/07/09","",NA,NA,NA
"9419","4903聯光通","110/07/09","",NA,NA,NA
"9420","4903聯光通","110/07/09","",NA,NA,NA
"9421","2929淘帝","110/07/09","台中銀-台北",110,0,110
"9422","2929淘帝","110/07/09","新光",2,82,-80
"9423","2929淘帝","110/07/09","華南永昌-頭份",72,0,72
"9424","2929淘帝","110/07/09","摩根大通",2,63,-61
"9425","2929淘帝","110/07/09","合庫-高雄",71,0,71
"9426","2929淘帝","110/07/09","第一金-路竹",0,50,-50
"9427","2929淘帝","110/07/09","高橋-龍潭",37,0,37
"9428","2929淘帝","110/07/09","港商麥格理",0,42,-42
"9429","2929淘帝","110/07/09","新光-台中",60,26,34
"9430","2929淘帝","110/07/09","陽信-石牌",0,40,-40
"9431","2929淘帝","110/07/09","元富-大裕",22,1,21
"9432","2929淘帝","110/07/09","台新-左楠",1,39,-38
"9433","2929淘帝","110/07/09","合庫-鳳山",20,0,20
"9434","2929淘帝","110/07/09","凱基-桃園",3,29,-26
"9435","2929淘帝","110/07/09","元大-員林",22,2,20
"9436","2929淘帝","110/07/09","兆豐-內湖",0,25,-25
"9437","2929淘帝","110/07/09","台新-建北",15,0,15
"9438","2929淘帝","110/07/09","元大-北港",0,20,-20
"9439","2929淘帝","110/07/09","兆豐-桃園",13,0,13
"9440","2929淘帝","110/07/09","富邦-北港",0,19,-19
"9441","2929淘帝","110/07/09","兆豐-忠孝",10,0,10
"9442","2929淘帝","110/07/09","富邦-花蓮",0,17,-17
"9443","2929淘帝","110/07/09","國票-敦北法人",10,0,10
"9444","2929淘帝","110/07/09","國泰-台中",2,17,-15
"9445","2929淘帝","110/07/09","永豐金-博愛",10,0,10
"9446","2929淘帝","110/07/09","群益金鼎-彰化",0,15,-15
"9447","2929淘帝","110/07/09","群益金鼎-潭子",8,0,8
"9448","2929淘帝","110/07/09","元大-博愛",0,14,-14
"9449","2929淘帝","110/07/09","富邦-南屯",8,0,8
"9450","2929淘帝","110/07/09","日盛-板橋",0,13,-13
"9451","5410國眾","110/07/09","元大-新盛",14,0,14
"9452","5410國眾","110/07/09","(牛牛牛)亞-鑫豐",1,41,-40
"9453","5410國眾","110/07/09","台灣企銀-民雄",10,0,10
"9454","5410國眾","110/07/09","元富-嘉義",0,25,-25
"9455","5410國眾","110/07/09","元富-虎尾",9,0,9
"9456","5410國眾","110/07/09","凱基-高美館",0,10,-10
"9457","5410國眾","110/07/09","摩根大通",10,1,9
"9458","5410國眾","110/07/09","凱基-城中",0,10,-10
"9459","5410國眾","110/07/09","兆豐-北高雄",7,0,7
"9460","5410國眾","110/07/09","元大-頭份",0,10,-10
"9461","5410國眾","110/07/09","凱基-台北",8,1,7
"9462","5410國眾","110/07/09","群益金鼎-丹鳳",0,7,-7
"9463","5410國眾","110/07/09","華南永昌-公誠",7,0,7
"9464","5410國眾","110/07/09","凱基-復興",0,7,-7
"9465","5410國眾","110/07/09","香港上海匯豐",6,0,6
"9466","5410國眾","110/07/09","元大-員林",0,7,-7
"9467","5410國眾","110/07/09","凱基-中壢",6,0,6
"9468","5410國眾","110/07/09","富邦-竹東",0,6,-6
"9469","5410國眾","110/07/09","華南永昌-南京",6,0,6
"9470","5410國眾","110/07/09","亞東-高雄",0,5,-5
"9471","5410國眾","110/07/09","統一-三重",5,0,5
"9472","5410國眾","110/07/09","大慶-中壢",1,6,-5
"9473","5410國眾","110/07/09","富邦-宜蘭",5,0,5
"9474","5410國眾","110/07/09","群益金鼎-中港",0,5,-5
"9475","5410國眾","110/07/09","元大-崇德",5,0,5
"9476","5410國眾","110/07/09","元大-八德",0,5,-5
"9477","5410國眾","110/07/09","元大-博愛",5,0,5
"9478","5410國眾","110/07/09","富邦-基隆",0,4,-4
"9479","5410國眾","110/07/09","元大-龍潭",5,0,5
"9480","5410國眾","110/07/09","臺銀-新竹",0,3,-3
"9481","2841台開","110/07/09","日盛-雙和",102,0,102
"9482","2841台開","110/07/09","港商野村",0,129,-129
"9483","2841台開","110/07/09","元大-館前",70,0,70
"9484","2841台開","110/07/09","兆豐-永和",0,100,-100
"9485","2841台開","110/07/09","凱基-文心",50,0,50
"9486","2841台開","110/07/09","台新證券",7,28,-21
"9487","2841台開","110/07/09","富邦-嘉義",40,0,40
"9488","2841台開","110/07/09","國票-北高雄",0,20,-20
"9489","2841台開","110/07/09","美商高盛",15,0,15
"9490","2841台開","110/07/09","永豐金-敦南",29,46,-17
"9491","2841台開","110/07/09","台中銀",15,0,15
"9492","2841台開","110/07/09","合庫-基隆",0,12,-12
"9493","2841台開","110/07/09","新光",11,0,11
"9494","2841台開","110/07/09","中國信託-松江",0,12,-12
"9495","2841台開","110/07/09","華南永昌-長虹",10,0,10
"9496","2841台開","110/07/09","兆豐-城中",0,12,-12
"9497","2841台開","110/07/09","永豐金-南投",10,0,10
"9498","2841台開","110/07/09","台中銀-豐原",0,10,-10
"9499","2841台開","110/07/09","合庫-桃園",7,0,7
"9500","2841台開","110/07/09","兆豐-景美",0,10,-10
"9501","2841台開","110/07/09","群益金鼎-古亭",7,0,7
"9502","2841台開","110/07/09","群益金鼎-基隆",0,10,-10
"9503","2841台開","110/07/09","國泰-敦南",6,0,6
"9504","2841台開","110/07/09","元大-北三重",0,10,-10
"9505","2841台開","110/07/09","凱基-桃園",8,2,6
"9506","2841台開","110/07/09","(牛牛牛)亞-網路",0,9,-9
"9507","2841台開","110/07/09","日盛證券",5,0,5
"9508","2841台開","110/07/09","台新-高雄",1,10,-9
"9509","2841台開","110/07/09","元富-文心",5,0,5
"9510","2841台開","110/07/09","凱基-台北",0,7,-7
"9511","6207雷科","110/07/09","群益金鼎-新竹",47,0,47
"9512","6207雷科","110/07/09","新光",7,24,-17
"9513","6207雷科","110/07/09","永豐金-三重",31,0,31
"9514","6207雷科","110/07/09","日盛-和美",0,15,-15
"9515","6207雷科","110/07/09","新加坡商瑞銀",33,5,28
"9516","6207雷科","110/07/09","國泰-台南",0,15,-15
"9517","6207雷科","110/07/09","元大-高雄",26,0,26
"9518","6207雷科","110/07/09","華南永昌-古亭",0,14,-14
"9519","6207雷科","110/07/09","統一-員林",22,0,22
"9520","6207雷科","110/07/09","土銀-白河",0,11,-11
"9521","6207雷科","110/07/09","台新-高雄",22,0,22
"9522","6207雷科","110/07/09","日盛-台南",0,10,-10
"9523","6207雷科","110/07/09","摩根大通",34,17,17
"9524","6207雷科","110/07/09","元富-林園",0,10,-10
"9525","6207雷科","110/07/09","元大-博愛",17,1,16
"9526","6207雷科","110/07/09","富邦-園區",0,10,-10
"9527","6207雷科","110/07/09","日茂-埔里",12,0,12
"9528","6207雷科","110/07/09","元大-上新莊",0,10,-10
"9529","6207雷科","110/07/09","國泰-台中",17,6,11
"9530","6207雷科","110/07/09","永豐金-南京",0,10,-10
"9531","6207雷科","110/07/09","富邦-三重",10,0,10
"9532","6207雷科","110/07/09","兆豐-小港",0,6,-6
"9533","6207雷科","110/07/09","元大-沙鹿",10,0,10
"9534","6207雷科","110/07/09","富邦-羅東",1,7,-6
"9535","6207雷科","110/07/09","元大-八德",10,0,10
"9536","6207雷科","110/07/09","元大-土城永寧",0,6,-6
"9537","6207雷科","110/07/09","第一金-路竹",11,2,9
"9538","6207雷科","110/07/09","永豐金-板盛",0,6,-6
"9539","6207雷科","110/07/09","統一-南京",5,0,5
"9540","6207雷科","110/07/09","日盛-板橋",0,5,-5
"9541","3679新至陞","110/07/09","元大-大天母",10,0,10
"9542","3679新至陞","110/07/09","第一金-光復",0,11,-11
"9543","3679新至陞","110/07/09","日盛-樹林",9,0,9
"9544","3679新至陞","110/07/09","瑞士信貸",0,8,-8
"9545","3679新至陞","110/07/09","凱基-台北",11,2,9
"9546","3679新至陞","110/07/09","大慶-苗栗",0,5,-5
"9547","3679新至陞","110/07/09","華南永昌-小港",8,0,8
"9548","3679新至陞","110/07/09","元大-永春",0,5,-5
"9549","3679新至陞","110/07/09","兆豐-來福",7,0,7
"9550","3679新至陞","110/07/09","日盛-和美",0,4,-4
"9551","3679新至陞","110/07/09","香港上海匯豐",5,0,5
"9552","3679新至陞","110/07/09","元大-雙和",0,3,-3
"9553","3679新至陞","110/07/09","台中銀-員林",3,0,3
"9554","3679新至陞","110/07/09","永豐金-屏東",0,3,-3
"9555","3679新至陞","110/07/09","新光",3,0,3
"9556","3679新至陞","110/07/09","彰銀",0,2,-2
"9557","3679新至陞","110/07/09","土銀-花蓮",2,0,2
"9558","3679新至陞","110/07/09","宏遠-館前",0,2,-2
"9559","3679新至陞","110/07/09","第一金-澎湖",2,0,2
"9560","3679新至陞","110/07/09","港商野村",0,2,-2
"9561","3679新至陞","110/07/09","摩根大通",2,0,2
"9562","3679新至陞","110/07/09","大昌-新店",0,2,-2
"9563","3679新至陞","110/07/09","國泰-敦南",2,0,2
"9564","3679新至陞","110/07/09","元大-新莊",0,2,-2
"9565","3679新至陞","110/07/09","元大-淡水",4,2,2
"9566","3679新至陞","110/07/09","元大-板橋",0,2,-2
"9567","3679新至陞","110/07/09","日盛-士林",1,0,1
"9568","3679新至陞","110/07/09","台灣摩根士丹利",0,1,-1
"9569","3679新至陞","110/07/09","日盛-信義",1,0,1
"9570","3679新至陞","110/07/09","第一金-高雄",0,1,-1
"9571","2727王品","110/07/09","台灣匯立證券",90,0,90
"9572","2727王品","110/07/09","台灣摩根士丹利",0,267,-267
"9573","2727王品","110/07/09","國泰-敦南",166,84,82
"9574","2727王品","110/07/09","富邦-台北",35,299,-264
"9575","2727王品","110/07/09","富邦-仁愛",56,12,44
"9576","2727王品","110/07/09","凱基-台北",174,296,-122
"9577","2727王品","110/07/09","台新證券",109,66,43
"9578","2727王品","110/07/09","第一金",2,102,-100
"9579","2727王品","110/07/09","新光",117,87,30
"9580","2727王品","110/07/09","群益金鼎-大安",0,80,-80
"9581","2727王品","110/07/09","臺銀-臺中",35,6,29
"9582","2727王品","110/07/09","兆豐-大安",7,60,-53
"9583","2727王品","110/07/09","元大-桃園",32,3,29
"9584","2727王品","110/07/09","永豐金-南投",0,50,-50
"9585","2727王品","110/07/09","元富-宜蘭",34,6,28
"9586","2727王品","110/07/09","新加坡商瑞銀",6,46,-40
"9587","2727王品","110/07/09","玉山-台中",34,8,26
"9588","2727王品","110/07/09","合庫-彰化",11,50,-39
"9589","2727王品","110/07/09","群益金鼎-宜蘭",30,4,26
"9590","2727王品","110/07/09","永豐金-萬盛",13,52,-39
"9591","2727王品","110/07/09","富邦-台中",42,16,26
"9592","2727王品","110/07/09","瑞士信貸",0,34,-34
"9593","2727王品","110/07/09","第一金-豐原",25,1,24
"9594","2727王品","110/07/09","元大-和平",4,35,-31
"9595","2727王品","110/07/09","臺銀",30,8,22
"9596","2727王品","110/07/09","美林",14,44,-30
"9597","2727王品","110/07/09","兆豐-來福",23,1,22
"9598","2727王品","110/07/09","元大-員林",9,38,-29
"9599","2727王品","110/07/09","玉山-士林",22,2,20
"9600","2727王品","110/07/09","元富-西松",4,31,-27
"9601","1570力肯","110/07/09","凱基-台北",30,1,29
"9602","1570力肯","110/07/09","群益金鼎-彰化",0,20,-20
"9603","1570力肯","110/07/09","新光-台南",20,0,20
"9604","1570力肯","110/07/09","元大-土城學府",0,20,-20
"9605","1570力肯","110/07/09","元大-高雄",20,0,20
"9606","1570力肯","110/07/09","元大-大統",0,16,-16
"9607","1570力肯","110/07/09","國票-中正",12,0,12
"9608","1570力肯","110/07/09","元大-新營",0,11,-11
"9609","1570力肯","110/07/09","日盛-高雄",6,0,6
"9610","1570力肯","110/07/09","元大-和平",0,10,-10
"9611","1570力肯","110/07/09","元富-緯城",6,0,6
"9612","1570力肯","110/07/09","元大-草屯",0,10,-10
"9613","1570力肯","110/07/09","群益金鼎-台南",6,0,6
"9614","1570力肯","110/07/09","元大-鹿港",0,9,-9
"9615","1570力肯","110/07/09","華南永昌-岡山",6,0,6
"9616","1570力肯","110/07/09","合庫-基隆",0,7,-7
"9617","1570力肯","110/07/09","統一-中壢",5,0,5
"9618","1570力肯","110/07/09","摩根大通",2,8,-6
"9619","1570力肯","110/07/09","凱基-三峽",5,0,5
"9620","1570力肯","110/07/09","台灣企銀-豐原",0,4,-4
"9621","1570力肯","110/07/09","大昌-樹林",4,0,4
"9622","1570力肯","110/07/09","日盛-桃園",0,4,-4
"9623","1570力肯","110/07/09","新光",3,0,3
"9624","1570力肯","110/07/09","國泰-高雄",0,3,-3
"9625","1570力肯","110/07/09","富邦-新竹華信",3,0,3
"9626","1570力肯","110/07/09","永豐金-敦南",0,3,-3
"9627","1570力肯","110/07/09","合庫-台中",2,0,2
"9628","1570力肯","110/07/09","土銀-彰化",0,2,-2
"9629","1570力肯","110/07/09","臺銀-臺中",2,0,2
"9630","1570力肯","110/07/09","臺銀-鳳山",0,2,-2
"9631","6180橘子","110/07/09","摩根大通",63,1,62
"9632","6180橘子","110/07/09","元大-南京",1,32,-31
"9633","6180橘子","110/07/09","富邦-陽明",73,33,40
"9634","6180橘子","110/07/09","群益金鼎-台北",0,25,-25
"9635","6180橘子","110/07/09","新加坡商瑞銀",31,0,31
"9636","6180橘子","110/07/09","兆豐-復興",0,21,-21
"9637","6180橘子","110/07/09","美商高盛",25,0,25
"9638","6180橘子","110/07/09","永豐金-嘉義",0,21,-21
"9639","6180橘子","110/07/09","凱基-台北",26,10,16
"9640","6180橘子","110/07/09","凱基-中壢",8,24,-16
"9641","6180橘子","110/07/09","華南永昌-楠梓",13,0,13
"9642","6180橘子","110/07/09","致和-崇德",0,15,-15
"9643","6180橘子","110/07/09","華南永昌-朴子",11,0,11
"9644","6180橘子","110/07/09","群益金鼎-屏東",0,15,-15
"9645","6180橘子","110/07/09","元大-北港",11,0,11
"9646","6180橘子","110/07/09","群益金鼎-中山",0,15,-15
"9647","6180橘子","110/07/09","元大-成功",10,1,9
"9648","6180橘子","110/07/09","瑞士信貸",1,15,-14
"9649","6180橘子","110/07/09","新光",26,18,8
"9650","6180橘子","110/07/09","日盛-二林",0,10,-10
"9651","6180橘子","110/07/09","統一-三重",6,0,6
"9652","6180橘子","110/07/09","凱基-東門",0,10,-10
"9653","6180橘子","110/07/09","群益金鼎-嘉義",6,0,6
"9654","6180橘子","110/07/09","華南永昌-三重",0,10,-10
"9655","6180橘子","110/07/09","元大-員林中山",6,0,6
"9656","6180橘子","110/07/09","元大-彰化民生",1,11,-10
"9657","6180橘子","110/07/09","合庫-鳳山",5,0,5
"9658","6180橘子","110/07/09","永豐金-新店",1,11,-10
"9659","6180橘子","110/07/09","富邦-建國",6,1,5
"9660","6180橘子","110/07/09","群益金鼎-丹鳳",0,8,-8
"9661","2390云辰","110/07/09","摩根大通",279,56,223
"9662","2390云辰","110/07/09","元大-天母",0,127,-127
"9663","2390云辰","110/07/09","日盛-鳳山",110,2,108
"9664","2390云辰","110/07/09","中國信託-文心",5,109,-104
"9665","2390云辰","110/07/09","宏遠證券",100,0,100
"9666","2390云辰","110/07/09","永豐金-復興",0,55,-55
"9667","2390云辰","110/07/09","元大-大里",63,6,57
"9668","2390云辰","110/07/09","凱基-台北",239,286,-47
"9669","2390云辰","110/07/09","凱基-八德",59,10,49
"9670","2390云辰","110/07/09","德信",2,32,-30
"9671","2390云辰","110/07/09","合庫-新竹",40,0,40
"9672","2390云辰","110/07/09","兆豐-桃鶯",2,32,-30
"9673","2390云辰","110/07/09","國票",40,1,39
"9674","2390云辰","110/07/09","致和-南京",0,30,-30
"9675","2390云辰","110/07/09","新加坡商瑞銀",49,13,36
"9676","2390云辰","110/07/09","富邦-虎尾",1,31,-30
"9677","2390云辰","110/07/09","統一-新台中",36,2,34
"9678","2390云辰","110/07/09","元大-善化",2,31,-29
"9679","2390云辰","110/07/09","國票-嘉義",31,0,31
"9680","2390云辰","110/07/09","富邦-板橋",0,27,-27
"9681","2390云辰","110/07/09","華南永昌",35,7,28
"9682","2390云辰","110/07/09","富邦-永和",3,28,-25
"9683","2390云辰","110/07/09","玉山-台中",49,22,27
"9684","2390云辰","110/07/09","第一金-自由",20,44,-24
"9685","2390云辰","110/07/09","華南永昌-敦南",25,0,25
"9686","2390云辰","110/07/09","凱基-內湖",0,24,-24
"9687","2390云辰","110/07/09","新光-高雄",27,4,23
"9688","2390云辰","110/07/09","元大-汐止",1,24,-23
"9689","2390云辰","110/07/09","台灣摩根士丹利",85,63,22
"9690","2390云辰","110/07/09","新光-台中",12,33,-21
"9691","4903聯光通","110/07/09","元大-敦南",10,0,10
"9692","4903聯光通","110/07/09","第一金-台中",0,12,-12
"9693","4903聯光通","110/07/09","凱基-士林",5,0,5
"9694","4903聯光通","110/07/09","日盛-忠孝",0,3,-3
"9695","4903聯光通","110/07/09","元大-苗栗",5,0,5
"9696","4903聯光通","110/07/09","群益金鼎-崇德",0,3,-3
"9697","4903聯光通","110/07/09","元大-屏南",3,0,3
"9698","4903聯光通","110/07/09","國票-內壢",0,2,-2
"9699","4903聯光通","110/07/09","中國信託-永康",1,0,1
"9700","4903聯光通","110/07/09","康和-南崁",0,2,-2
"9701","4903聯光通","110/07/09","玉山證券",1,0,1
"9702","4903聯光通","110/07/09","新光-台中",0,2,-2
"9703","4903聯光通","110/07/09","元大-太平",4,3,1
"9704","4903聯光通","110/07/09","玉山-城中",0,2,-2
"9705","4903聯光通","110/07/09","永豐金-嘉義",1,0,1
"9706","4903聯光通","110/07/09","中國信託-文心",0,1,-1
"9707","4903聯光通","110/07/09","大昌",0,0,0
"9708","4903聯光通","110/07/09","大昌",0,0,0
"9709","4903聯光通","110/07/09","中農",0,0,0
"9710","4903聯光通","110/07/09","中農",0,0,0
"9711","2929淘帝","110/07/09","台中銀-台北",110,0,110
"9712","2929淘帝","110/07/09","新光",2,82,-80
"9713","2929淘帝","110/07/09","華南永昌-頭份",72,0,72
"9714","2929淘帝","110/07/09","摩根大通",2,63,-61
"9715","2929淘帝","110/07/09","合庫-高雄",71,0,71
"9716","2929淘帝","110/07/09","第一金-路竹",0,50,-50
"9717","2929淘帝","110/07/09","高橋-龍潭",37,0,37
"9718","2929淘帝","110/07/09","港商麥格理",0,42,-42
"9719","2929淘帝","110/07/09","新光-台中",60,26,34
"9720","2929淘帝","110/07/09","陽信-石牌",0,40,-40
"9721","2929淘帝","110/07/09","元富-大裕",22,1,21
"9722","2929淘帝","110/07/09","台新-左楠",1,39,-38
"9723","2929淘帝","110/07/09","合庫-鳳山",20,0,20
"9724","2929淘帝","110/07/09","凱基-桃園",3,29,-26
"9725","2929淘帝","110/07/09","元大-員林",22,2,20
"9726","2929淘帝","110/07/09","兆豐-內湖",0,25,-25
"9727","2929淘帝","110/07/09","台新-建北",15,0,15
"9728","2929淘帝","110/07/09","元大-北港",0,20,-20
"9729","2929淘帝","110/07/09","兆豐-桃園",13,0,13
"9730","2929淘帝","110/07/09","富邦-北港",0,19,-19
"9731","2929淘帝","110/07/09","兆豐-忠孝",10,0,10
"9732","2929淘帝","110/07/09","富邦-花蓮",0,17,-17
"9733","2929淘帝","110/07/09","國票-敦北法人",10,0,10
"9734","2929淘帝","110/07/09","國泰-台中",2,17,-15
"9735","2929淘帝","110/07/09","永豐金-博愛",10,0,10
"9736","2929淘帝","110/07/09","群益金鼎-彰化",0,15,-15
"9737","2929淘帝","110/07/09","群益金鼎-潭子",8,0,8
"9738","2929淘帝","110/07/09","元大-博愛",0,14,-14
"9739","2929淘帝","110/07/09","富邦-南屯",8,0,8
"9740","2929淘帝","110/07/09","日盛-板橋",0,13,-13
"9741","5410國眾","110/07/09","元大-新盛",14,0,14
"9742","5410國眾","110/07/09","(牛牛牛)亞-鑫豐",1,41,-40
"9743","5410國眾","110/07/09","台灣企銀-民雄",10,0,10
"9744","5410國眾","110/07/09","元富-嘉義",0,25,-25
"9745","5410國眾","110/07/09","元富-虎尾",9,0,9
"9746","5410國眾","110/07/09","凱基-高美館",0,10,-10
"9747","5410國眾","110/07/09","摩根大通",10,1,9
"9748","5410國眾","110/07/09","凱基-城中",0,10,-10
"9749","5410國眾","110/07/09","兆豐-北高雄",7,0,7
"9750","5410國眾","110/07/09","元大-頭份",0,10,-10
"9751","5410國眾","110/07/09","凱基-台北",8,1,7
"9752","5410國眾","110/07/09","群益金鼎-丹鳳",0,7,-7
"9753","5410國眾","110/07/09","華南永昌-公誠",7,0,7
"9754","5410國眾","110/07/09","凱基-復興",0,7,-7
"9755","5410國眾","110/07/09","香港上海匯豐",6,0,6
"9756","5410國眾","110/07/09","元大-員林",0,7,-7
"9757","5410國眾","110/07/09","凱基-中壢",6,0,6
"9758","5410國眾","110/07/09","富邦-竹東",0,6,-6
"9759","5410國眾","110/07/09","華南永昌-南京",6,0,6
"9760","5410國眾","110/07/09","亞東-高雄",0,5,-5
"9761","5410國眾","110/07/09","統一-三重",5,0,5
"9762","5410國眾","110/07/09","大慶-中壢",1,6,-5
"9763","5410國眾","110/07/09","富邦-宜蘭",5,0,5
"9764","5410國眾","110/07/09","群益金鼎-中港",0,5,-5
"9765","5410國眾","110/07/09","元大-崇德",5,0,5
"9766","5410國眾","110/07/09","元大-八德",0,5,-5
"9767","5410國眾","110/07/09","元大-博愛",5,0,5
"9768","5410國眾","110/07/09","富邦-基隆",0,4,-4
"9769","5410國眾","110/07/09","元大-龍潭",5,0,5
"9770","5410國眾","110/07/09","臺銀-新竹",0,3,-3
"9771","2841台開","110/07/09","日盛-雙和",102,0,102
"9772","2841台開","110/07/09","港商野村",0,129,-129
"9773","2841台開","110/07/09","元大-館前",70,0,70
"9774","2841台開","110/07/09","兆豐-永和",0,100,-100
"9775","2841台開","110/07/09","凱基-文心",50,0,50
"9776","2841台開","110/07/09","台新證券",7,28,-21
"9777","2841台開","110/07/09","富邦-嘉義",40,0,40
"9778","2841台開","110/07/09","國票-北高雄",0,20,-20
"9779","2841台開","110/07/09","美商高盛",15,0,15
"9780","2841台開","110/07/09","永豐金-敦南",29,46,-17
"9781","2841台開","110/07/09","台中銀",15,0,15
"9782","2841台開","110/07/09","合庫-基隆",0,12,-12
"9783","2841台開","110/07/09","新光",11,0,11
"9784","2841台開","110/07/09","中國信託-松江",0,12,-12
"9785","2841台開","110/07/09","華南永昌-長虹",10,0,10
"9786","2841台開","110/07/09","兆豐-城中",0,12,-12
"9787","2841台開","110/07/09","永豐金-南投",10,0,10
"9788","2841台開","110/07/09","台中銀-豐原",0,10,-10
"9789","2841台開","110/07/09","合庫-桃園",7,0,7
"9790","2841台開","110/07/09","兆豐-景美",0,10,-10
"9791","2841台開","110/07/09","群益金鼎-古亭",7,0,7
"9792","2841台開","110/07/09","群益金鼎-基隆",0,10,-10
"9793","2841台開","110/07/09","國泰-敦南",6,0,6
"9794","2841台開","110/07/09","元大-北三重",0,10,-10
"9795","2841台開","110/07/09","凱基-桃園",8,2,6
"9796","2841台開","110/07/09","(牛牛牛)亞-網路",0,9,-9
"9797","2841台開","110/07/09","日盛證券",5,0,5
"9798","2841台開","110/07/09","台新-高雄",1,10,-9
"9799","2841台開","110/07/09","元富-文心",5,0,5
"9800","2841台開","110/07/09","凱基-台北",0,7,-7
"9801","6207雷科","110/07/09","群益金鼎-新竹",47,0,47
"9802","6207雷科","110/07/09","新光",7,24,-17
"9803","6207雷科","110/07/09","永豐金-三重",31,0,31
"9804","6207雷科","110/07/09","日盛-和美",0,15,-15
"9805","6207雷科","110/07/09","新加坡商瑞銀",33,5,28
"9806","6207雷科","110/07/09","國泰-台南",0,15,-15
"9807","6207雷科","110/07/09","元大-高雄",26,0,26
"9808","6207雷科","110/07/09","華南永昌-古亭",0,14,-14
"9809","6207雷科","110/07/09","統一-員林",22,0,22
"9810","6207雷科","110/07/09","土銀-白河",0,11,-11
"9811","6207雷科","110/07/09","台新-高雄",22,0,22
"9812","6207雷科","110/07/09","日盛-台南",0,10,-10
"9813","6207雷科","110/07/09","摩根大通",34,17,17
"9814","6207雷科","110/07/09","元富-林園",0,10,-10
"9815","6207雷科","110/07/09","元大-博愛",17,1,16
"9816","6207雷科","110/07/09","富邦-園區",0,10,-10
"9817","6207雷科","110/07/09","日茂-埔里",12,0,12
"9818","6207雷科","110/07/09","元大-上新莊",0,10,-10
"9819","6207雷科","110/07/09","國泰-台中",17,6,11
"9820","6207雷科","110/07/09","永豐金-南京",0,10,-10
"9821","6207雷科","110/07/09","富邦-三重",10,0,10
"9822","6207雷科","110/07/09","兆豐-小港",0,6,-6
"9823","6207雷科","110/07/09","元大-沙鹿",10,0,10
"9824","6207雷科","110/07/09","富邦-羅東",1,7,-6
"9825","6207雷科","110/07/09","元大-八德",10,0,10
"9826","6207雷科","110/07/09","元大-土城永寧",0,6,-6
"9827","6207雷科","110/07/09","第一金-路竹",11,2,9
"9828","6207雷科","110/07/09","永豐金-板盛",0,6,-6
"9829","6207雷科","110/07/09","統一-南京",5,0,5
"9830","6207雷科","110/07/09","日盛-板橋",0,5,-5
"9831","3679新至陞","110/07/09","元大-大天母",10,0,10
"9832","3679新至陞","110/07/09","第一金-光復",0,11,-11
"9833","3679新至陞","110/07/09","日盛-樹林",9,0,9
"9834","3679新至陞","110/07/09","瑞士信貸",0,8,-8
"9835","3679新至陞","110/07/09","凱基-台北",11,2,9
"9836","3679新至陞","110/07/09","大慶-苗栗",0,5,-5
"9837","3679新至陞","110/07/09","華南永昌-小港",8,0,8
"9838","3679新至陞","110/07/09","元大-永春",0,5,-5
"9839","3679新至陞","110/07/09","兆豐-來福",7,0,7
"9840","3679新至陞","110/07/09","日盛-和美",0,4,-4
"9841","3679新至陞","110/07/09","香港上海匯豐",5,0,5
"9842","3679新至陞","110/07/09","元大-雙和",0,3,-3
"9843","3679新至陞","110/07/09","台中銀-員林",3,0,3
"9844","3679新至陞","110/07/09","永豐金-屏東",0,3,-3
"9845","3679新至陞","110/07/09","新光",3,0,3
"9846","3679新至陞","110/07/09","彰銀",0,2,-2
"9847","3679新至陞","110/07/09","土銀-花蓮",2,0,2
"9848","3679新至陞","110/07/09","宏遠-館前",0,2,-2
"9849","3679新至陞","110/07/09","第一金-澎湖",2,0,2
"9850","3679新至陞","110/07/09","港商野村",0,2,-2
"9851","3679新至陞","110/07/09","摩根大通",2,0,2
"9852","3679新至陞","110/07/09","大昌-新店",0,2,-2
"9853","3679新至陞","110/07/09","國泰-敦南",2,0,2
"9854","3679新至陞","110/07/09","元大-新莊",0,2,-2
"9855","3679新至陞","110/07/09","元大-淡水",4,2,2
"9856","3679新至陞","110/07/09","元大-板橋",0,2,-2
"9857","3679新至陞","110/07/09","日盛-士林",1,0,1
"9858","3679新至陞","110/07/09","台灣摩根士丹利",0,1,-1
"9859","3679新至陞","110/07/09","日盛-信義",1,0,1
"9860","3679新至陞","110/07/09","第一金-高雄",0,1,-1
"9861","2727王品","110/07/09","台灣匯立證券",90,0,90
"9862","2727王品","110/07/09","台灣摩根士丹利",0,267,-267
"9863","2727王品","110/07/09","國泰-敦南",166,84,82
"9864","2727王品","110/07/09","富邦-台北",35,299,-264
"9865","2727王品","110/07/09","富邦-仁愛",56,12,44
"9866","2727王品","110/07/09","凱基-台北",174,296,-122
"9867","2727王品","110/07/09","台新證券",109,66,43
"9868","2727王品","110/07/09","第一金",2,102,-100
"9869","2727王品","110/07/09","新光",117,87,30
"9870","2727王品","110/07/09","群益金鼎-大安",0,80,-80
"9871","2727王品","110/07/09","臺銀-臺中",35,6,29
"9872","2727王品","110/07/09","兆豐-大安",7,60,-53
"9873","2727王品","110/07/09","元大-桃園",32,3,29
"9874","2727王品","110/07/09","永豐金-南投",0,50,-50
"9875","2727王品","110/07/09","元富-宜蘭",34,6,28
"9876","2727王品","110/07/09","新加坡商瑞銀",6,46,-40
"9877","2727王品","110/07/09","玉山-台中",34,8,26
"9878","2727王品","110/07/09","合庫-彰化",11,50,-39
"9879","2727王品","110/07/09","群益金鼎-宜蘭",30,4,26
"9880","2727王品","110/07/09","永豐金-萬盛",13,52,-39
"9881","2727王品","110/07/09","富邦-台中",42,16,26
"9882","2727王品","110/07/09","瑞士信貸",0,34,-34
"9883","2727王品","110/07/09","第一金-豐原",25,1,24
"9884","2727王品","110/07/09","元大-和平",4,35,-31
"9885","2727王品","110/07/09","臺銀",30,8,22
"9886","2727王品","110/07/09","美林",14,44,-30
"9887","2727王品","110/07/09","兆豐-來福",23,1,22
"9888","2727王品","110/07/09","元大-員林",9,38,-29
"9889","2727王品","110/07/09","玉山-士林",22,2,20
"9890","2727王品","110/07/09","元富-西松",4,31,-27
"9891","1570力肯","110/07/09","凱基-台北",30,1,29
"9892","1570力肯","110/07/09","群益金鼎-彰化",0,20,-20
"9893","1570力肯","110/07/09","新光-台南",20,0,20
"9894","1570力肯","110/07/09","元大-土城學府",0,20,-20
"9895","1570力肯","110/07/09","元大-高雄",20,0,20
"9896","1570力肯","110/07/09","元大-大統",0,16,-16
"9897","1570力肯","110/07/09","國票-中正",12,0,12
"9898","1570力肯","110/07/09","元大-新營",0,11,-11
"9899","1570力肯","110/07/09","日盛-高雄",6,0,6
"9900","1570力肯","110/07/09","元大-和平",0,10,-10
"9901","1570力肯","110/07/09","元富-緯城",6,0,6
"9902","1570力肯","110/07/09","元大-草屯",0,10,-10
"9903","1570力肯","110/07/09","群益金鼎-台南",6,0,6
"9904","1570力肯","110/07/09","元大-鹿港",0,9,-9
"9905","1570力肯","110/07/09","華南永昌-岡山",6,0,6
"9906","1570力肯","110/07/09","合庫-基隆",0,7,-7
"9907","1570力肯","110/07/09","統一-中壢",5,0,5
"9908","1570力肯","110/07/09","摩根大通",2,8,-6
"9909","1570力肯","110/07/09","凱基-三峽",5,0,5
"9910","1570力肯","110/07/09","台灣企銀-豐原",0,4,-4
"9911","1570力肯","110/07/09","大昌-樹林",4,0,4
"9912","1570力肯","110/07/09","日盛-桃園",0,4,-4
"9913","1570力肯","110/07/09","新光",3,0,3
"9914","1570力肯","110/07/09","國泰-高雄",0,3,-3
"9915","1570力肯","110/07/09","富邦-新竹華信",3,0,3
"9916","1570力肯","110/07/09","永豐金-敦南",0,3,-3
"9917","1570力肯","110/07/09","合庫-台中",2,0,2
"9918","1570力肯","110/07/09","土銀-彰化",0,2,-2
"9919","1570力肯","110/07/09","臺銀-臺中",2,0,2
"9920","1570力肯","110/07/09","臺銀-鳳山",0,2,-2
"9921","6180橘子","110/07/09","摩根大通",63,1,62
"9922","6180橘子","110/07/09","元大-南京",1,32,-31
"9923","6180橘子","110/07/09","富邦-陽明",73,33,40
"9924","6180橘子","110/07/09","群益金鼎-台北",0,25,-25
"9925","6180橘子","110/07/09","新加坡商瑞銀",31,0,31
"9926","6180橘子","110/07/09","兆豐-復興",0,21,-21
"9927","6180橘子","110/07/09","美商高盛",25,0,25
"9928","6180橘子","110/07/09","永豐金-嘉義",0,21,-21
"9929","6180橘子","110/07/09","凱基-台北",26,10,16
"9930","6180橘子","110/07/09","凱基-中壢",8,24,-16
"9931","6180橘子","110/07/09","華南永昌-楠梓",13,0,13
"9932","6180橘子","110/07/09","致和-崇德",0,15,-15
"9933","6180橘子","110/07/09","華南永昌-朴子",11,0,11
"9934","6180橘子","110/07/09","群益金鼎-屏東",0,15,-15
"9935","6180橘子","110/07/09","元大-北港",11,0,11
"9936","6180橘子","110/07/09","群益金鼎-中山",0,15,-15
"9937","6180橘子","110/07/09","元大-成功",10,1,9
"9938","6180橘子","110/07/09","瑞士信貸",1,15,-14
"9939","6180橘子","110/07/09","新光",26,18,8
"9940","6180橘子","110/07/09","日盛-二林",0,10,-10
"9941","6180橘子","110/07/09","統一-三重",6,0,6
"9942","6180橘子","110/07/09","凱基-東門",0,10,-10
"9943","6180橘子","110/07/09","群益金鼎-嘉義",6,0,6
"9944","6180橘子","110/07/09","華南永昌-三重",0,10,-10
"9945","6180橘子","110/07/09","元大-員林中山",6,0,6
"9946","6180橘子","110/07/09","元大-彰化民生",1,11,-10
"9947","6180橘子","110/07/09","合庫-鳳山",5,0,5
"9948","6180橘子","110/07/09","永豐金-新店",1,11,-10
"9949","6180橘子","110/07/09","富邦-建國",6,1,5
"9950","6180橘子","110/07/09","群益金鼎-丹鳳",0,8,-8
"9951","2390云辰","110/07/09","摩根大通",279,56,223
"9952","2390云辰","110/07/09","元大-天母",0,127,-127
"9953","2390云辰","110/07/09","日盛-鳳山",110,2,108
"9954","2390云辰","110/07/09","中國信託-文心",5,109,-104
"9955","2390云辰","110/07/09","宏遠證券",100,0,100
"9956","2390云辰","110/07/09","永豐金-復興",0,55,-55
"9957","2390云辰","110/07/09","元大-大里",63,6,57
"9958","2390云辰","110/07/09","凱基-台北",239,286,-47
"9959","2390云辰","110/07/09","凱基-八德",59,10,49
"9960","2390云辰","110/07/09","德信",2,32,-30
"9961","2390云辰","110/07/09","合庫-新竹",40,0,40
"9962","2390云辰","110/07/09","兆豐-桃鶯",2,32,-30
"9963","2390云辰","110/07/09","國票",40,1,39
"9964","2390云辰","110/07/09","致和-南京",0,30,-30
"9965","2390云辰","110/07/09","新加坡商瑞銀",49,13,36
"9966","2390云辰","110/07/09","富邦-虎尾",1,31,-30
"9967","2390云辰","110/07/09","統一-新台中",36,2,34
"9968","2390云辰","110/07/09","元大-善化",2,31,-29
"9969","2390云辰","110/07/09","國票-嘉義",31,0,31
"9970","2390云辰","110/07/09","富邦-板橋",0,27,-27
"9971","2390云辰","110/07/09","華南永昌",35,7,28
"9972","2390云辰","110/07/09","富邦-永和",3,28,-25
"9973","2390云辰","110/07/09","玉山-台中",49,22,27
"9974","2390云辰","110/07/09","第一金-自由",20,44,-24
"9975","2390云辰","110/07/09","華南永昌-敦南",25,0,25
"9976","2390云辰","110/07/09","凱基-內湖",0,24,-24
"9977","2390云辰","110/07/09","新光-高雄",27,4,23
"9978","2390云辰","110/07/09","元大-汐止",1,24,-23
"9979","2390云辰","110/07/09","台灣摩根士丹利",85,63,22
"9980","2390云辰","110/07/09","新光-台中",12,33,-21
"9981","4903聯光通","110/07/08","元富-新興",18,0,18
"9982","4903聯光通","110/07/08","中國信託-中壢",0,14,-14
"9983","4903聯光通","110/07/08","元大-苗栗",9,0,9
"9984","4903聯光通","110/07/08","彰銀",0,7,-7
"9985","4903聯光通","110/07/08","兆豐-鹿港",3,0,3
"9986","4903聯光通","110/07/08","中國信託-松江",0,5,-5
"9987","4903聯光通","110/07/08","群益金鼎-萬華",2,0,2
"9988","4903聯光通","110/07/08","光和",0,2,-2
"9989","4903聯光通","110/07/08","元大-屏南",1,0,1
"9990","4903聯光通","110/07/08","元大-鶯歌",0,2,-2
"9991","4903聯光通","110/07/08","華南永昌-新莊",0,0,0
"9992","4903聯光通","110/07/08","群益金鼎-館前",0,1,-1
"9993","4903聯光通","110/07/08","元大-羅東",0,0,0
"9994","4903聯光通","110/07/08","華南永昌",0,1,-1
"9995","4903聯光通","110/07/08","元大-太平",2,3,-1
"9996","4903聯光通","110/07/08","華南永昌-新莊",0,0,0
"9997","4903聯光通","110/07/08","元大-羅東",0,0,0
"9998","2929淘帝","110/07/08","日盛-園區",90,6,84
"9999","2929淘帝","110/07/08","元大-太平",1,111,-110
"10000","2929淘帝","110/07/08","華南永昌-頭份",54,0,54
"10001","2929淘帝","110/07/08","港商野村",31,106,-75
"10002","2929淘帝","110/07/08","美商高盛",50,0,50
"10003","2929淘帝","110/07/08","凱基-板橋",62,111,-49
"10004","2929淘帝","110/07/08","台中銀-台北",50,0,50
"10005","2929淘帝","110/07/08","新光-台中",30,78,-48
"10006","2929淘帝","110/07/08","臺銀-臺南",30,0,30
"10007","2929淘帝","110/07/08","元富-永和",1,41,-40
"10008","2929淘帝","110/07/08","永豐金-大園",42,12,30
"10009","2929淘帝","110/07/08","永豐金-鳳山",0,28,-28
"10010","2929淘帝","110/07/08","元富-三重",30,1,29
"10011","2929淘帝","110/07/08","元大-南崁",0,26,-26
"10012","2929淘帝","110/07/08","兆豐-桃鶯",29,0,29
"10013","2929淘帝","110/07/08","元大-花蓮",2,27,-25
"10014","2929淘帝","110/07/08","元大-承德",20,3,17
"10015","2929淘帝","110/07/08","元大-府城",0,24,-24
"10016","2929淘帝","110/07/08","新光-新竹",13,0,13
"10017","2929淘帝","110/07/08","新光",21,43,-22
"10018","2929淘帝","110/07/08","富邦-內湖",13,0,13
"10019","2929淘帝","110/07/08","臺銀-民權",0,20,-20
"10020","2929淘帝","110/07/08","國泰-板橋",13,1,12
"10021","2929淘帝","110/07/08","摩根大通",66,84,-18
"10022","2929淘帝","110/07/08","第一金-大稻埕",10,0,10
"10023","2929淘帝","110/07/08","凱基-台北",0,17,-17
"10024","2929淘帝","110/07/08","統一-汐止",10,0,10
"10025","2929淘帝","110/07/08","元大-博愛",6,23,-17
"10026","2929淘帝","110/07/08","元富-大裕",10,0,10
"10027","2929淘帝","110/07/08","永豐金-桃盛",0,16,-16
"10028","5410國眾","110/07/08","元大-新盛",15,0,15
"10029","5410國眾","110/07/08","元大-旗山",0,50,-50
"10030","5410國眾","110/07/08","元大-屏南",10,0,10
"10031","5410國眾","110/07/08","元大-頭份",0,14,-14
"10032","5410國眾","110/07/08","元大-成功",10,0,10
"10033","5410國眾","110/07/08","國泰-高雄",0,8,-8
"10034","5410國眾","110/07/08","元大-東泰",7,0,7
"10035","5410國眾","110/07/08","元大-小港",0,7,-7
"10036","5410國眾","110/07/08","富邦-陽明",6,0,6
"10037","5410國眾","110/07/08","統一-嘉義",0,5,-5
"10038","5410國眾","110/07/08","臺銀-金山",5,0,5
"10039","5410國眾","110/07/08","兆豐-台中港",0,5,-5
"10040","5410國眾","110/07/08","日盛-員林",5,0,5
"10041","5410國眾","110/07/08","凱基-屏東",0,5,-5
"10042","5410國眾","110/07/08","摩根大通",5,0,5
"10043","5410國眾","110/07/08","元大-八德",0,5,-5
"10044","5410國眾","110/07/08","富邦-桃園",5,0,5
"10045","5410國眾","110/07/08","元富-嘉義",0,4,-4
"10046","5410國眾","110/07/08","元富-大昌",4,0,4
"10047","5410國眾","110/07/08","玉山-雙和",0,4,-4
"10048","5410國眾","110/07/08","台新-台中",4,0,4
"10049","5410國眾","110/07/08","凱基-高美館",1,5,-4
"10050","5410國眾","110/07/08","華南永昌-小港",5,1,4
"10051","5410國眾","110/07/08","統一-員林",0,3,-3
"10052","5410國眾","110/07/08","元大-新竹",5,1,4
"10053","5410國眾","110/07/08","臺銀-鳳山",0,2,-2
"10054","5410國眾","110/07/08","元大-土城學府",4,0,4
"10055","5410國眾","110/07/08","亞東",0,2,-2
"10056","5410國眾","110/07/08","元大-新莊",4,0,4
"10057","5410國眾","110/07/08","新光",0,2,-2
"10058","2841台開","110/07/08","元大-樹林",653,0,653
"10059","2841台開","110/07/08","港商野村",0,868,-868
"10060","2841台開","110/07/08","台新證券",115,0,115
"10061","2841台開","110/07/08","群益金鼎-忠孝",0,100,-100
"10062","2841台開","110/07/08","永豐金-豐原",105,0,105
"10063","2841台開","110/07/08","宏遠-高雄",0,56,-56
"10064","2841台開","110/07/08","元富-新興",100,0,100
"10065","2841台開","110/07/08","新光",3,38,-35
"10066","2841台開","110/07/08","凱基-文心",50,0,50
"10067","2841台開","110/07/08","花旗環球",0,29,-29
"10068","2841台開","110/07/08","元大-八德",40,0,40
"10069","2841台開","110/07/08","富邦-仁愛",2,30,-28
"10070","2841台開","110/07/08","日盛-雙和",30,0,30
"10071","2841台開","110/07/08","元富-潮州",0,24,-24
"10072","2841台開","110/07/08","統一-竹南",30,0,30
"10073","2841台開","110/07/08","元大-沙鹿",0,20,-20
"10074","2841台開","110/07/08","凱基-台南",30,0,30
"10075","2841台開","110/07/08","元大-汐止",0,20,-20
"10076","2841台開","110/07/08","元大-福營",30,0,30
"10077","2841台開","110/07/08","合庫-嘉義",2,20,-18
"10078","2841台開","110/07/08","合庫-台中",22,0,22
"10079","2841台開","110/07/08","國泰-敦南",3,21,-18
"10080","2841台開","110/07/08","大昌-安康",28,10,18
"10081","2841台開","110/07/08","日盛-竹北",0,15,-15
"10082","2841台開","110/07/08","元大-斗信",15,0,15
"10083","2841台開","110/07/08","元大-三重",0,15,-15
"10084","2841台開","110/07/08","富邦-台北",13,0,13
"10085","2841台開","110/07/08","永豐金-敦南",45,60,-15
"10086","2841台開","110/07/08","合庫-桃園",10,0,10
"10087","2841台開","110/07/08","(牛牛牛)亞-網路",0,12,-12
"10088","6207雷科","110/07/08","台新-高雄",54,2,52
"10089","6207雷科","110/07/08","群益金鼎-丹鳳",0,60,-60
"10090","6207雷科","110/07/08","新光-台中",18,0,18
"10091","6207雷科","110/07/08","元大-頭份",1,56,-55
"10092","6207雷科","110/07/08","日盛-嘉義",16,0,16
"10093","6207雷科","110/07/08","國票-中和",0,30,-30
"10094","6207雷科","110/07/08","合庫-鳳山",15,0,15
"10095","6207雷科","110/07/08","凱基-台北",1,29,-28
"10096","6207雷科","110/07/08","臺銀-臺中",12,0,12
"10097","6207雷科","110/07/08","兆豐-板橋",0,25,-25
"10098","6207雷科","110/07/08","群益金鼎-土城",12,0,12
"10099","6207雷科","110/07/08","凱基-城中",4,25,-21
"10100","6207雷科","110/07/08","新光",25,14,11
"10101","6207雷科","110/07/08","日進",0,20,-20
"10102","6207雷科","110/07/08","凱基-中壢",11,0,11
"10103","6207雷科","110/07/08","台新證券",3,20,-17
"10104","6207雷科","110/07/08","台灣企銀",10,0,10
"10105","6207雷科","110/07/08","群益金鼎-中山",0,16,-16
"10106","6207雷科","110/07/08","第一金-新興",11,1,10
"10107","6207雷科","110/07/08","元大-東門",0,16,-16
"10108","6207雷科","110/07/08","元富-吉利",10,0,10
"10109","6207雷科","110/07/08","群益金鼎-大甲",0,13,-13
"10110","6207雷科","110/07/08","光和-和美",10,0,10
"10111","6207雷科","110/07/08","日盛-板橋",0,10,-10
"10112","6207雷科","110/07/08","永豐金-南京",10,0,10
"10113","6207雷科","110/07/08","日盛-中壢",0,10,-10
"10114","6207雷科","110/07/08","土銀",8,0,8
"10115","6207雷科","110/07/08","摩根大通",125,135,-10
"10116","6207雷科","110/07/08","中國信託-高雄",8,0,8
"10117","6207雷科","110/07/08","凱基-五股",0,10,-10
"10118","3679新至陞","110/07/08","華南永昌-台中",17,0,17
"10119","3679新至陞","110/07/08","大慶-蘆洲",0,10,-10
"10120","3679新至陞","110/07/08","國泰-桃園",6,0,6
"10121","3679新至陞","110/07/08","華南永昌-小港",0,7,-7
"10122","3679新至陞","110/07/08","元大-永春",6,0,6
"10123","3679新至陞","110/07/08","國泰-館前",0,3,-3
"10124","3679新至陞","110/07/08","香港上海匯豐",4,0,4
"10125","3679新至陞","110/07/08","元大-板橋",0,3,-3
"10126","3679新至陞","110/07/08","中國信託-新竹",3,0,3
"10127","3679新至陞","110/07/08","港商法國興業",0,2,-2
"10128","3679新至陞","110/07/08","國票-敦北法人",3,0,3
"10129","3679新至陞","110/07/08","第一金-忠孝",0,2,-2
"10130","3679新至陞","110/07/08","群益金鼎-台南",2,0,2
"10131","3679新至陞","110/07/08","元富-古亭",0,2,-2
"10132","3679新至陞","110/07/08","凱基",2,0,2
"10133","3679新至陞","110/07/08","摩根大通",1,3,-2
"10134","3679新至陞","110/07/08","凱基-台北",6,4,2
"10135","3679新至陞","110/07/08","富邦-板橋",0,2,-2
"10136","3679新至陞","110/07/08","日盛-信義",1,0,1
"10137","3679新至陞","110/07/08","元大-文心興安",0,2,-2
"10138","3679新至陞","110/07/08","日盛-新莊",1,0,1
"10139","3679新至陞","110/07/08","臺銀-高雄",0,1,-1
"10140","3679新至陞","110/07/08","大慶",1,0,1
"10141","3679新至陞","110/07/08","日盛-高雄",0,1,-1
"10142","3679新至陞","110/07/08","兆豐-三重",1,0,1
"10143","3679新至陞","110/07/08","日盛-文化",0,1,-1
"10144","3679新至陞","110/07/08","致和-東門",1,0,1
"10145","3679新至陞","110/07/08","美商高盛",0,1,-1
"10146","3679新至陞","110/07/08","台新證券",1,0,1
"10147","3679新至陞","110/07/08","瑞士信貸",0,1,-1
"10148","2727王品","110/07/08","群益金鼎-大安",80,0,80
"10149","2727王品","110/07/08","台灣摩根士丹利",1,300,-299
"10150","2727王品","110/07/08","富邦-台北",237,165,72
"10151","2727王品","110/07/08","元大證券",173,439,-266
"10152","2727王品","110/07/08","永豐金-萬盛",55,5,50
"10153","2727王品","110/07/08","統一",33,200,-167
"10154","2727王品","110/07/08","永豐金-南投",53,10,43
"10155","2727王品","110/07/08","凱基-台北",476,615,-139
"10156","2727王品","110/07/08","國泰-敦南",190,148,42
"10157","2727王品","110/07/08","永豐金-松山",8,138,-130
"10158","2727王品","110/07/08","台新-高雄",71,36,35
"10159","2727王品","110/07/08","新加坡商瑞銀",38,138,-100
"10160","2727王品","110/07/08","富邦-建國",62,27,35
"10161","2727王品","110/07/08","富邦-嘉義",84,182,-98
"10162","2727王品","110/07/08","永豐金證券",50,15,35
"10163","2727王品","110/07/08","元富-台南",4,99,-95
"10164","2727王品","110/07/08","港商野村",185,152,33
"10165","2727王品","110/07/08","凱基-永華",4,92,-88
"10166","2727王品","110/07/08","元大-嘉義",35,3,32
"10167","2727王品","110/07/08","凱基-大直",2,73,-71
"10168","2727王品","110/07/08","台新-三民",35,4,31
"10169","2727王品","110/07/08","美林",105,164,-59
"10170","2727王品","110/07/08","凱基-桃園",35,4,31
"10171","2727王品","110/07/08","第一金-台南",11,63,-52
"10172","2727王品","110/07/08","元大-和平",41,10,31
"10173","2727王品","110/07/08","摩根大通",216,259,-43
"10174","2727王品","110/07/08","兆豐-大安",33,5,28
"10175","2727王品","110/07/08","元大-員林",9,50,-41
"10176","2727王品","110/07/08","元大-新盛",33,6,27
"10177","2727王品","110/07/08","兆豐-虎尾",1,41,-40
"10178","1570力肯","110/07/08","群益金鼎-三重",20,0,20
"10179","1570力肯","110/07/08","中國信託-永康",0,26,-26
"10180","1570力肯","110/07/08","凱基-中壢",20,0,20
"10181","1570力肯","110/07/08","統一-敦南",0,12,-12
"10182","1570力肯","110/07/08","群益金鼎-台南",14,0,14
"10183","1570力肯","110/07/08","國票-博愛",0,10,-10
"10184","1570力肯","110/07/08","元富-緯城",10,0,10
"10185","1570力肯","110/07/08","元大-西門",0,10,-10
"10186","1570力肯","110/07/08","瑞士信貸",7,0,7
"10187","1570力肯","110/07/08","新光",0,9,-9
"10188","1570力肯","110/07/08","摩根大通",6,0,6
"10189","1570力肯","110/07/08","永豐金-大園",0,9,-9
"10190","1570力肯","110/07/08","土銀-白河",5,0,5
"10191","1570力肯","110/07/08","日盛-大墩",0,6,-6
"10192","1570力肯","110/07/08","台灣摩根士丹利",4,0,4
"10193","1570力肯","110/07/08","台新證券",0,6,-6
"10194","1570力肯","110/07/08","元大-新莊",3,0,3
"10195","1570力肯","110/07/08","永全",0,5,-5
"10196","1570力肯","110/07/08","永豐金-苓雅",3,0,3
"10197","1570力肯","110/07/08","元大-天母",0,5,-5
"10198","1570力肯","110/07/08","合庫-三重",2,0,2
"10199","1570力肯","110/07/08","元富-吉利",0,3,-3
"10200","1570力肯","110/07/08","(牛牛牛)亞-鑫豐",2,0,2
"10201","1570力肯","110/07/08","國泰-高雄",0,3,-3
"10202","1570力肯","110/07/08","玉山-大里",2,0,2
"10203","1570力肯","110/07/08","群益金鼎-北高雄",0,3,-3
"10204","1570力肯","110/07/08","國泰-敦南",2,0,2
"10205","1570力肯","110/07/08","群益金鼎-東門",0,2,-2
"10206","1570力肯","110/07/08","華南永昌-岡山",2,0,2
"10207","1570力肯","110/07/08","日盛-高雄",5,6,-1
"10208","6180橘子","110/07/08","新光",30,4,26
"10209","6180橘子","110/07/08","元大-土城學府",0,89,-89
"10210","6180橘子","110/07/08","康和-台南",22,0,22
"10211","6180橘子","110/07/08","凱基-東勢",1,66,-65
"10212","6180橘子","110/07/08","國泰-板橋",22,0,22
"10213","6180橘子","110/07/08","光和",0,64,-64
"10214","6180橘子","110/07/08","日盛-文化",21,0,21
"10215","6180橘子","110/07/08","中國信託-忠孝",0,50,-50
"10216","6180橘子","110/07/08","中國信託-文心",20,2,18
"10217","6180橘子","110/07/08","元富-大裕",0,25,-25
"10218","6180橘子","110/07/08","凱基-台北",39,24,15
"10219","6180橘子","110/07/08","統一-基隆",1,25,-24
"10220","6180橘子","110/07/08","元富-新店",14,0,14
"10221","6180橘子","110/07/08","美商高盛",1,21,-20
"10222","6180橘子","110/07/08","元大-土城永寧",11,0,11
"10223","6180橘子","110/07/08","元大證券",1,19,-18
"10224","6180橘子","110/07/08","永豐金-南京",11,0,11
"10225","6180橘子","110/07/08","元大-太平",2,20,-18
"10226","6180橘子","110/07/08","宏遠-館前",10,0,10
"10227","6180橘子","110/07/08","合庫證券",2,18,-16
"10228","6180橘子","110/07/08","國泰-新莊",10,0,10
"10229","6180橘子","110/07/08","台灣摩根士丹利",1,12,-11
"10230","6180橘子","110/07/08","群益金鼎",10,0,10
"10231","6180橘子","110/07/08","瑞士信貸",0,11,-11
"10232","6180橘子","110/07/08","凱基-高雄",10,0,10
"10233","6180橘子","110/07/08","元富-嘉義",0,11,-11
"10234","6180橘子","110/07/08","凱基-大安",10,0,10
"10235","6180橘子","110/07/08","新光-高雄",0,11,-11
"10236","6180橘子","110/07/08","富邦-仁愛",10,0,10
"10237","6180橘子","110/07/08","大慶-苗栗",0,10,-10
"10238","2390云辰","110/07/08","統一-新台中",126,1,125
"10239","2390云辰","110/07/08","摩根大通",62,661,-599
"10240","2390云辰","110/07/08","元大-員林",111,0,111
"10241","2390云辰","110/07/08","新加坡商瑞銀",0,173,-173
"10242","2390云辰","110/07/08","合庫-高雄",105,0,105
"10243","2390云辰","110/07/08","元大-天母",7,150,-143
"10244","2390云辰","110/07/08","凱基-台北",255,177,78
"10245","2390云辰","110/07/08","台灣摩根士丹利",0,134,-134
"10246","2390云辰","110/07/08","新光",71,17,54
"10247","2390云辰","110/07/08","玉山-台中",17,120,-103
"10248","2390云辰","110/07/08","國票-嘉義",53,0,53
"10249","2390云辰","110/07/08","美商高盛",0,78,-78
"10250","2390云辰","110/07/08","富邦-仁愛",53,4,49
"10251","2390云辰","110/07/08","美林",11,82,-71
"10252","2390云辰","110/07/08","兆豐-城中",48,0,48
"10253","2390云辰","110/07/08","群益金鼎-大興",35,106,-71
"10254","2390云辰","110/07/08","元大-新營",47,0,47
"10255","2390云辰","110/07/08","光和",11,71,-60
"10256","2390云辰","110/07/08","國泰-敦南",89,55,34
"10257","2390云辰","110/07/08","國泰-台中",28,70,-42
"10258","2390云辰","110/07/08","兆豐-台中",40,7,33
"10259","2390云辰","110/07/08","玉山-新莊",6,46,-40
"10260","2390云辰","110/07/08","永豐金-中正",36,6,30
"10261","2390云辰","110/07/08","富邦-台北",21,57,-36
"10262","2390云辰","110/07/08","中國信託-三重",29,0,29
"10263","2390云辰","110/07/08","土銀-台中",0,30,-30
"10264","2390云辰","110/07/08","富邦-陽明",33,5,28
"10265","2390云辰","110/07/08","兆豐-埔墘",1,31,-30
"10266","2390云辰","110/07/08","元富-桃園",27,0,27
"10267","2390云辰","110/07/08","玉山-南京東路",3,33,-30
"10268","4903聯光通","110/07/07","元大-太平",47,4,43
"10269","4903聯光通","110/07/07","日盛-板橋",0,15,-15
"10270","4903聯光通","110/07/07","華南永昌-桃園",10,0,10
"10271","4903聯光通","110/07/07","元大-八德",0,9,-9
"10272","4903聯光通","110/07/07","元大-南投",9,0,9
"10273","4903聯光通","110/07/07","宏遠證券",0,7,-7
"10274","4903聯光通","110/07/07","新光-台中",3,0,3
"10275","4903聯光通","110/07/07","大慶",0,7,-7
"10276","4903聯光通","110/07/07","國泰-敦南",1,0,1
"10277","4903聯光通","110/07/07","群益金鼎-館前",0,6,-6
"10278","4903聯光通","110/07/07","國票-中正",0,0,0
"10279","4903聯光通","110/07/07","元大-羅東",0,5,-5
"10280","4903聯光通","110/07/07","康和-內湖",0,0,0
"10281","4903聯光通","110/07/07","新光",8,12,-4
"10282","4903聯光通","110/07/07","凱基-站前",0,0,0
"10283","4903聯光通","110/07/07","國泰-高雄",0,3,-3
"10284","4903聯光通","110/07/07","華南永昌",1,1,0
"10285","4903聯光通","110/07/07","第一金-台中",0,3,-3
"10286","4903聯光通","110/07/07","華南永昌-新莊",0,0,0
"10287","4903聯光通","110/07/07","中農",0,1,-1
"10288","4903聯光通","110/07/07","臺灣企銀-桃園",0,1,-1
"10289","4903聯光通","110/07/07","台新-新營",0,1,-1
"10290","4903聯光通","110/07/07","元大-鶯歌",2,3,-1
"10291","4903聯光通","110/07/07","元大-永和",0,1,-1
"10292","4903聯光通","110/07/07","元大-苑裡",0,1,-1
"10293","2929淘帝","110/07/07","統一",163,0,163
"10294","2929淘帝","110/07/07","新光-台中",57,142,-85
"10295","2929淘帝","110/07/07","港商野村",323,181,142
"10296","2929淘帝","110/07/07","兆豐-忠孝",0,76,-76
"10297","2929淘帝","110/07/07","日盛-中壢",132,10,122
"10298","2929淘帝","110/07/07","台新-建北",0,53,-53
"10299","2929淘帝","110/07/07","新加坡商瑞銀",140,19,121
"10300","2929淘帝","110/07/07","臺銀-鳳山",0,44,-44
"10301","2929淘帝","110/07/07","日盛-嘉義",101,0,101
"10302","2929淘帝","110/07/07","元大-新盛",0,42,-42
"10303","2929淘帝","110/07/07","摩根大通",101,16,85
"10304","2929淘帝","110/07/07","富邦-建國",6,47,-41
"10305","2929淘帝","110/07/07","元大-太平",55,2,53
"10306","2929淘帝","110/07/07","日盛-園區",0,40,-40
"10307","2929淘帝","110/07/07","元富-松德",50,1,49
"10308","2929淘帝","110/07/07","新光-高雄",1,38,-37
"10309","2929淘帝","110/07/07","凱基-板橋",53,5,48
"10310","2929淘帝","110/07/07","永豐金-三重",1,34,-33
"10311","2929淘帝","110/07/07","美林",80,34,46
"10312","2929淘帝","110/07/07","元大-彰化",0,31,-31
"10313","2929淘帝","110/07/07","元富-台南",41,0,41
"10314","2929淘帝","110/07/07","第一金-大稻埕",0,30,-30
"10315","2929淘帝","110/07/07","兆豐-竹北",39,0,39
"10316","2929淘帝","110/07/07","國泰-敦南",3,33,-30
"10317","2929淘帝","110/07/07","元大-西門",36,0,36
"10318","2929淘帝","110/07/07","富邦-員林",0,30,-30
"10319","2929淘帝","110/07/07","華南永昌",39,4,35
"10320","2929淘帝","110/07/07","元大-蘆洲",1,30,-29
"10321","2929淘帝","110/07/07","日盛-板橋中山",30,0,30
"10322","2929淘帝","110/07/07","台新-台南",4,32,-28
"10323","5410國眾","110/07/07","兆豐-城中",66,0,66
"10324","5410國眾","110/07/07","富邦-仁愛",0,115,-115
"10325","5410國眾","110/07/07","摩根大通",21,0,21
"10326","5410國眾","110/07/07","亞東-板橋",0,38,-38
"10327","5410國眾","110/07/07","元大-北投",21,0,21
"10328","5410國眾","110/07/07","凱基-台北",2,24,-22
"10329","5410國眾","110/07/07","亞東-新竹",15,0,15
"10330","5410國眾","110/07/07","彰銀-七賢",0,10,-10
"10331","5410國眾","110/07/07","元大-福營",12,0,12
"10332","5410國眾","110/07/07","凱基-基隆",0,10,-10
"10333","5410國眾","110/07/07","新光-高雄",11,0,11
"10334","5410國眾","110/07/07","凱基-屏東",0,10,-10
"10335","5410國眾","110/07/07","華南永昌-小港",10,0,10
"10336","5410國眾","110/07/07","凱基-鳳山",0,10,-10
"10337","5410國眾","110/07/07","元大-大灣",10,0,10
"10338","5410國眾","110/07/07","永豐金-忠孝",0,10,-10
"10339","5410國眾","110/07/07","元大-莒光",10,0,10
"10340","5410國眾","110/07/07","日盛-板橋中山",0,9,-9
"10341","5410國眾","110/07/07","台中銀-豐原",9,0,9
"10342","5410國眾","110/07/07","統一-高雄",0,5,-5
"10343","5410國眾","110/07/07","元大-南屯",9,0,9
"10344","5410國眾","110/07/07","元大-斗六",0,5,-5
"10345","5410國眾","110/07/07","日盛-新莊",7,0,7
"10346","5410國眾","110/07/07","元大-大益",0,5,-5
"10347","5410國眾","110/07/07","元富-大昌",6,0,6
"10348","5410國眾","110/07/07","元大-南投",0,5,-5
"10349","5410國眾","110/07/07","新光-新竹",6,0,6
"10350","5410國眾","110/07/07","永豐金-員林",0,5,-5
"10351","5410國眾","110/07/07","臺銀-金山",5,0,5
"10352","5410國眾","110/07/07","華南永昌-楠梓",0,4,-4
"10353","2841台開","110/07/07","永豐金-豐原",268,0,268
"10354","2841台開","110/07/07","凱基-市政",0,200,-200
"10355","2841台開","110/07/07","永豐金-南投",200,0,200
"10356","2841台開","110/07/07","永豐金-彰化",0,100,-100
"10357","2841台開","110/07/07","新光",139,9,130
"10358","2841台開","110/07/07","元大-開元",1,93,-92
"10359","2841台開","110/07/07","中國信託-高雄",50,1,49
"10360","2841台開","110/07/07","港商野村",0,80,-80
"10361","2841台開","110/07/07","元大-歸仁",40,0,40
"10362","2841台開","110/07/07","凱基-台南",25,85,-60
"10363","2841台開","110/07/07","台中銀",35,0,35
"10364","2841台開","110/07/07","美商高盛",1,58,-57
"10365","2841台開","110/07/07","台新-新營",30,0,30
"10366","2841台開","110/07/07","統一-三重",0,55,-55
"10367","2841台開","110/07/07","富邦-台南",30,0,30
"10368","2841台開","110/07/07","台新證券",12,50,-38
"10369","2841台開","110/07/07","國泰-板橋",30,1,29
"10370","2841台開","110/07/07","陽信-石牌",0,31,-31
"10371","2841台開","110/07/07","凱基-文心",28,0,28
"10372","2841台開","110/07/07","元大-福營",0,31,-31
"10373","2841台開","110/07/07","凱基-站前",27,0,27
"10374","2841台開","110/07/07","第一金-澎湖",0,30,-30
"10375","2841台開","110/07/07","大昌-安康",38,16,22
"10376","2841台開","110/07/07","元大-新莊",0,30,-30
"10377","2841台開","110/07/07","合庫-台中",20,0,20
"10378","2841台開","110/07/07","國泰-館前",0,28,-28
"10379","2841台開","110/07/07","日盛-台南",20,0,20
"10380","2841台開","110/07/07","元大-竹科",0,25,-25
"10381","2841台開","110/07/07","台中銀-員林",20,0,20
"10382","2841台開","110/07/07","富邦-仁愛",1,22,-21
"10383","6207雷科","110/07/07","元大-大天母",21,0,21
"10384","6207雷科","110/07/07","元大-高雄",0,105,-105
"10385","6207雷科","110/07/07","元大-頭份",18,0,18
"10386","6207雷科","110/07/07","永豐金-中正",0,35,-35
"10387","6207雷科","110/07/07","第一金-新興",16,0,16
"10388","6207雷科","110/07/07","摩根大通",8,39,-31
"10389","6207雷科","110/07/07","富邦-虎尾",12,0,12
"10390","6207雷科","110/07/07","元大-林園",0,30,-30
"10391","6207雷科","110/07/07","兆豐-板橋",10,0,10
"10392","6207雷科","110/07/07","凱基-台北",0,19,-19
"10393","6207雷科","110/07/07","玉山-台大",10,0,10
"10394","6207雷科","110/07/07","國票-中和",13,25,-12
"10395","6207雷科","110/07/07","元大-四維",10,0,10
"10396","6207雷科","110/07/07","新加坡商瑞銀",0,9,-9
"10397","6207雷科","110/07/07","元大-鹿港",10,0,10
"10398","6207雷科","110/07/07","玉山-高雄",0,8,-8
"10399","6207雷科","110/07/07","元大-信義",10,0,10
"10400","6207雷科","110/07/07","玉山-台南",0,8,-8
"10401","6207雷科","110/07/07","台新-三民",8,0,8
"10402","6207雷科","110/07/07","宏遠-高雄",0,5,-5
"10403","6207雷科","110/07/07","元大-上新莊",8,0,8
"10404","6207雷科","110/07/07","元大-南海",0,5,-5
"10405","6207雷科","110/07/07","大昌-桃園",7,0,7
"10406","6207雷科","110/07/07","元大-莒光",0,4,-4
"10407","6207雷科","110/07/07","新光-台中",10,4,6
"10408","6207雷科","110/07/07","港商野村",0,3,-3
"10409","6207雷科","110/07/07","日盛-頭份",5,0,5
"10410","6207雷科","110/07/07","大慶-台南",0,3,-3
"10411","6207雷科","110/07/07","日茂-埔里",5,0,5
"10412","6207雷科","110/07/07","凱基-站前",0,3,-3
"10413","3679新至陞","110/07/07","永豐金證券",18,0,18
"10414","3679新至陞","110/07/07","美林",0,13,-13
"10415","3679新至陞","110/07/07","元大-文心興安",6,0,6
"10416","3679新至陞","110/07/07","兆豐-大安",0,10,-10
"10417","3679新至陞","110/07/07","中農",5,0,5
"10418","3679新至陞","110/07/07","國泰-桃園",0,4,-4
"10419","3679新至陞","110/07/07","台新證券",4,0,4
"10420","3679新至陞","110/07/07","永豐金-虎尾",0,4,-4
"10421","3679新至陞","110/07/07","華南永昌-小港",4,0,4
"10422","3679新至陞","110/07/07","台灣摩根士丹利",0,3,-3
"10423","3679新至陞","110/07/07","元大-天母",4,0,4
"10424","3679新至陞","110/07/07","瑞士信貸",0,3,-3
"10425","3679新至陞","110/07/07","台中銀-員林",4,1,3
"10426","3679新至陞","110/07/07","統一-新竹",0,3,-3
"10427","3679新至陞","110/07/07","摩根大通",4,1,3
"10428","3679新至陞","110/07/07","統一-三重",0,3,-3
"10429","3679新至陞","110/07/07","凱基-台北",7,4,3
"10430","3679新至陞","110/07/07","凱基-竹北",0,3,-3
"10431","3679新至陞","110/07/07","華南永昌-高雄",3,0,3
"10432","3679新至陞","110/07/07","元富-世貿",0,2,-2
"10433","3679新至陞","110/07/07","永豐金-潮州",2,0,2
"10434","3679新至陞","110/07/07","兆豐-鹿港",0,2,-2
"10435","3679新至陞","110/07/07","合庫-新竹",1,0,1
"10436","3679新至陞","110/07/07","玉山-台大",0,2,-2
"10437","3679新至陞","110/07/07","土銀-高雄",1,0,1
"10438","3679新至陞","110/07/07","國泰-館前",0,2,-2
"10439","3679新至陞","110/07/07","元富-新興",1,0,1
"10440","3679新至陞","110/07/07","群益金鼎-新莊",0,2,-2
"10441","3679新至陞","110/07/07","富邦-中壢",1,0,1
"10442","3679新至陞","110/07/07","元大-桃園",0,2,-2
"10443","2727王品","110/07/07","第一金",62,0,62
"10444","2727王品","110/07/07","台灣摩根士丹利",1,177,-176
"10445","2727王品","110/07/07","凱基-埔墘",40,0,40
"10446","2727王品","110/07/07","凱基-台北",49,151,-102
"10447","2727王品","110/07/07","中國信託-忠孝",40,1,39
"10448","2727王品","110/07/07","摩根大通",19,107,-88
"10449","2727王品","110/07/07","玉山-板橋",40,6,34
"10450","2727王品","110/07/07","美商高盛",2,86,-84
"10451","2727王品","110/07/07","亞東-新竹",31,1,30
"10452","2727王品","110/07/07","元大-北屯",1,52,-51
"10453","2727王品","110/07/07","群益金鼎-宜蘭",25,1,24
"10454","2727王品","110/07/07","國泰證券",1,47,-46
"10455","2727王品","110/07/07","富邦-竹北",23,0,23
"10456","2727王品","110/07/07","統一",3,33,-30
"10457","2727王品","110/07/07","元大-旗山",23,0,23
"10458","2727王品","110/07/07","第一金-台中",1,30,-29
"10459","2727王品","110/07/07","元富-宜蘭",21,0,21
"10460","2727王品","110/07/07","華南永昌-中正",4,29,-25
"10461","2727王品","110/07/07","國票-長城",20,0,20
"10462","2727王品","110/07/07","美林",0,23,-23
"10463","2727王品","110/07/07","台新證券",47,28,19
"10464","2727王品","110/07/07","群益金鼎-館前",0,20,-20
"10465","2727王品","110/07/07","富邦-新竹華信",18,1,17
"10466","2727王品","110/07/07","國票-內壢",0,16,-16
"10467","2727王品","110/07/07","永豐金-中正",18,1,17
"10468","2727王品","110/07/07","兆豐-新莊",0,15,-15
"10469","2727王品","110/07/07","華南永昌-麻豆",17,1,16
"10470","2727王品","110/07/07","港商野村",15,28,-13
"10471","2727王品","110/07/07","永豐金-潮州",15,0,15
"10472","2727王品","110/07/07","元大-善化",1,13,-12
"10473","1570力肯","110/07/07","台新證券",88,0,88
"10474","1570力肯","110/07/07","新光",0,54,-54
"10475","1570力肯","110/07/07","摩根大通",49,15,34
"10476","1570力肯","110/07/07","元大-高雄",0,40,-40
"10477","1570力肯","110/07/07","合庫-桃園",20,0,20
"10478","1570力肯","110/07/07","國票-北高雄",38,50,-12
"10479","1570力肯","110/07/07","元大-土城學府",20,0,20
"10480","1570力肯","110/07/07","群益金鼎-嘉義",0,10,-10
"10481","1570力肯","110/07/07","永豐金-板盛",18,0,18
"10482","1570力肯","110/07/07","元大-草屯",0,10,-10
"10483","1570力肯","110/07/07","永豐金-永康",18,0,18
"10484","1570力肯","110/07/07","日盛-高雄",0,9,-9
"10485","1570力肯","110/07/07","統一-員林",14,0,14
"10486","1570力肯","110/07/07","第一金-路竹",0,9,-9
"10487","1570力肯","110/07/07","元大-竹山",6,0,6
"10488","1570力肯","110/07/07","元大-古亭",0,9,-9
"10489","1570力肯","110/07/07","統一-敦南",5,0,5
"10490","1570力肯","110/07/07","國票-中正",0,8,-8
"10491","1570力肯","110/07/07","元大-永和",5,0,5
"10492","1570力肯","110/07/07","群益金鼎-鳳山",0,6,-6
"10493","1570力肯","110/07/07","元富-大裕",4,0,4
"10494","1570力肯","110/07/07","元大-土城永寧",0,6,-6
"10495","1570力肯","110/07/07","華南永昌-斗六",4,0,4
"10496","1570力肯","110/07/07","中國信託",0,5,-5
"10497","1570力肯","110/07/07","永豐金-松山",6,3,3
"10498","1570力肯","110/07/07","日盛-板橋",0,4,-4
"10499","1570力肯","110/07/07","永豐金-南投",4,1,3
"10500","1570力肯","110/07/07","日盛-木柵",0,4,-4
"10501","1570力肯","110/07/07","土銀-彰化",2,0,2
"10502","1570力肯","110/07/07","玉山-桃園",0,4,-4
"10503","6180橘子","110/07/07","臺銀-金山",27,0,27
"10504","6180橘子","110/07/07","凱基-台北",6,36,-30
"10505","6180橘子","110/07/07","元富-潮州",20,0,20
"10506","6180橘子","110/07/07","元大-天母",1,26,-25
"10507","6180橘子","110/07/07","凱基-中山",20,0,20
"10508","6180橘子","110/07/07","富邦-陽明",0,22,-22
"10509","6180橘子","110/07/07","元大-太平",23,4,19
"10510","6180橘子","110/07/07","日盛-頭份",0,20,-20
"10511","6180橘子","110/07/07","摩根大通",17,0,17
"10512","6180橘子","110/07/07","富邦-仁愛",0,20,-20
"10513","6180橘子","110/07/07","元大-草屯",20,3,17
"10514","6180橘子","110/07/07","永豐金-新莊",0,20,-20
"10515","6180橘子","110/07/07","華南永昌-楠梓",15,1,14
"10516","6180橘子","110/07/07","台灣摩根士丹利",0,18,-18
"10517","6180橘子","110/07/07","中國信託-永康",12,0,12
"10518","6180橘子","110/07/07","華南永昌-長虹",1,16,-15
"10519","6180橘子","110/07/07","日盛-文化",10,0,10
"10520","6180橘子","110/07/07","新光-新竹",0,12,-12
"10521","6180橘子","110/07/07","國泰-館前",10,0,10
"10522","6180橘子","110/07/07","凱基-中壢",0,12,-12
"10523","6180橘子","110/07/07","華南永昌-鶯歌",10,0,10
"10524","6180橘子","110/07/07","第一金-忠孝",0,11,-11
"10525","6180橘子","110/07/07","元大-豐原站前",10,0,10
"10526","6180橘子","110/07/07","元大-沙鹿",0,11,-11
"10527","6180橘子","110/07/07","元大-北屯",10,0,10
"10528","6180橘子","110/07/07","永豐金-羅東",0,11,-11
"10529","6180橘子","110/07/07","兆豐-台中",10,1,9
"10530","6180橘子","110/07/07","兆豐-埔墘",0,10,-10
"10531","6180橘子","110/07/07","群益金鼎-開元",9,0,9
"10532","6180橘子","110/07/07","華南永昌-台中",0,10,-10
"10533","2390云辰","110/07/07","元大-向上",144,0,144
"10534","2390云辰","110/07/07","摩根大通",18,674,-656
"10535","2390云辰","110/07/07","元富-中港",102,0,102
"10536","2390云辰","110/07/07","凱基-台北",141,625,-484
"10537","2390云辰","110/07/07","群益金鼎-民權",104,4,100
"10538","2390云辰","110/07/07","美林",32,261,-229
"10539","2390云辰","110/07/07","兆豐-忠孝",81,0,81
"10540","2390云辰","110/07/07","新加坡商瑞銀",50,149,-99
"10541","2390云辰","110/07/07","合庫-新竹",60,0,60
"10542","2390云辰","110/07/07","台灣摩根士丹利",7,87,-80
"10543","2390云辰","110/07/07","元大-土城學府",59,1,58
"10544","2390云辰","110/07/07","元大-金華",2,68,-66
"10545","2390云辰","110/07/07","玉山-大里",58,3,55
"10546","2390云辰","110/07/07","國票-新莊",13,65,-52
"10547","2390云辰","110/07/07","元大-東蘆",54,1,53
"10548","2390云辰","110/07/07","凱基-三重",12,56,-44
"10549","2390云辰","110/07/07","元富-三重",51,0,51
"10550","2390云辰","110/07/07","新光-台中",23,65,-42
"10551","2390云辰","110/07/07","元富-埔里",50,0,50
"10552","2390云辰","110/07/07","第一金-中壢",5,45,-40
"10553","2390云辰","110/07/07","中國信託-三重",52,3,49
"10554","2390云辰","110/07/07","華南永昌-斗六",0,40,-40
"10555","2390云辰","110/07/07","元大-彰化民生",64,15,49
"10556","2390云辰","110/07/07","富邦-新竹華信",25,61,-36
"10557","2390云辰","110/07/07","元大-潮州",50,5,45
"10558","2390云辰","110/07/07","玉山-新莊",2,32,-30
"10559","2390云辰","110/07/07","元富-高雄",57,14,43
"10560","2390云辰","110/07/07","凱基-新豐",17,47,-30
"10561","2390云辰","110/07/07","凱基-和平",40,0,40
"10562","2390云辰","110/07/07","統一-汐止",1,29,-28
"10563","4903聯光通","110/07/06","元大-苗栗",10,0,10
"10564","4903聯光通","110/07/06","宏遠證券",0,13,-13
"10565","4903聯光通","110/07/06","彰銀",5,0,5
"10566","4903聯光通","110/07/06","富邦-新營",0,4,-4
"10567","4903聯光通","110/07/06","元大-松山",5,0,5
"10568","4903聯光通","110/07/06","元富-草屯",0,3,-3
"10569","4903聯光通","110/07/06","新光",3,0,3
"10570","4903聯光通","110/07/06","元大-羅東",0,3,-3
"10571","4903聯光通","110/07/06","群益金鼎-館前",1,0,1
"10572","4903聯光通","110/07/06","元大-北三重",0,2,-2
"10573","4903聯光通","110/07/06","華南永昌-鶯歌",1,0,1
"10574","4903聯光通","110/07/06","國泰-敦南",0,1,-1
"10575","4903聯光通","110/07/06","永豐金-市政",1,0,1
"10576","4903聯光通","110/07/06","元富-板橋",0,0,0
"10577","4903聯光通","110/07/06","元富-板橋",0,0,0
"10578","4903聯光通","110/07/06","華南永昌",0,0,0
"10579","4903聯光通","110/07/06","華南永昌",0,0,0
"10580","4903聯光通","110/07/06","元大-太平",2,2,0
"10581","4903聯光通","110/07/06","元大-太平",2,2,0
"10582","2929淘帝","110/07/06","新光",204,85,119
"10583","2929淘帝","110/07/06","港商野村",62,282,-220
"10584","2929淘帝","110/07/06","日盛-中壢",94,0,94
"10585","2929淘帝","110/07/06","摩根大通",64,264,-200
"10586","2929淘帝","110/07/06","元富-城東",84,0,84
"10587","2929淘帝","110/07/06","統一",0,163,-163
"10588","2929淘帝","110/07/06","日盛-雙和",55,0,55
"10589","2929淘帝","110/07/06","香港上海匯豐",0,141,-141
"10590","2929淘帝","110/07/06","第一金-路竹",71,17,54
"10591","2929淘帝","110/07/06","新加坡商瑞銀",54,179,-125
"10592","2929淘帝","110/07/06","元大-花蓮",44,2,42
"10593","2929淘帝","110/07/06","合庫-高雄",3,122,-119
"10594","2929淘帝","110/07/06","永豐金-大園",73,33,40
"10595","2929淘帝","110/07/06","美林",34,118,-84
"10596","2929淘帝","110/07/06","元大-太平",44,6,38
"10597","2929淘帝","110/07/06","元大-員林",2,82,-80
"10598","2929淘帝","110/07/06","國泰-板橋",40,5,35
"10599","2929淘帝","110/07/06","元富-松德",26,75,-49
"10600","2929淘帝","110/07/06","兆豐-內湖",33,1,32
"10601","2929淘帝","110/07/06","臺銀-臺南",9,52,-43
"10602","2929淘帝","110/07/06","元大-博愛",43,11,32
"10603","2929淘帝","110/07/06","元大-北投",5,48,-43
"10604","2929淘帝","110/07/06","日盛-竹北",40,10,30
"10605","2929淘帝","110/07/06","臺銀-民權",1,41,-40
"10606","2929淘帝","110/07/06","元大-善化",52,22,30
"10607","2929淘帝","110/07/06","兆豐-忠孝",1,41,-40
"10608","2929淘帝","110/07/06","富邦-北港",29,0,29
"10609","2929淘帝","110/07/06","元大-西門",1,36,-35
"10610","2929淘帝","110/07/06","凱基-湖口",27,0,27
"10611","2929淘帝","110/07/06","玉山-嘉義",3,35,-32
"10612","5410國眾","110/07/06","兆豐-城中",28,0,28
"10613","5410國眾","110/07/06","凱基-高美館",1,18,-17
"10614","5410國眾","110/07/06","元大-小港",20,0,20
"10615","5410國眾","110/07/06","國泰-館前",0,15,-15
"10616","5410國眾","110/07/06","元大-新盛",18,0,18
"10617","5410國眾","110/07/06","國泰-板橋",2,17,-15
"10618","5410國眾","110/07/06","香港上海匯豐",15,0,15
"10619","5410國眾","110/07/06","新光",0,13,-13
"10620","5410國眾","110/07/06","華南永昌-小港",15,0,15
"10621","5410國眾","110/07/06","元富-緯城",0,10,-10
"10622","5410國眾","110/07/06","元富-大昌",13,0,13
"10623","5410國眾","110/07/06","中農",0,10,-10
"10624","5410國眾","110/07/06","臺銀-臺南",10,0,10
"10625","5410國眾","110/07/06","凱基-屏東",0,10,-10
"10626","5410國眾","110/07/06","元富-延平",8,0,8
"10627","5410國眾","110/07/06","新光-桃園",0,6,-6
"10628","5410國眾","110/07/06","元大-八德",17,9,8
"10629","5410國眾","110/07/06","高橋-龍潭",0,5,-5
"10630","5410國眾","110/07/06","摩根大通",7,0,7
"10631","5410國眾","110/07/06","元富-世貿",0,5,-5
"10632","5410國眾","110/07/06","凱基-桃園",7,0,7
"10633","5410國眾","110/07/06","群益金鼎-瑞豐",0,5,-5
"10634","5410國眾","110/07/06","永豐金-屏東",7,0,7
"10635","5410國眾","110/07/06","富邦-台中",0,5,-5
"10636","5410國眾","110/07/06","台新-左楠",5,0,5
"10637","5410國眾","110/07/06","永豐金-板橋",0,5,-5
"10638","5410國眾","110/07/06","富邦-竹東",5,0,5
"10639","5410國眾","110/07/06","富邦-台南",0,4,-4
"10640","5410國眾","110/07/06","元大-新莊",5,0,5
"10641","5410國眾","110/07/06","凱基-站前",0,3,-3
"10642","2841台開","110/07/06","群益金鼎-忠孝",100,0,100
"10643","2841台開","110/07/06","港商野村",0,295,-295
"10644","2841台開","110/07/06","台新證券",58,0,58
"10645","2841台開","110/07/06","元大-善化",0,50,-50
"10646","2841台開","110/07/06","台新-台中",58,0,58
"10647","2841台開","110/07/06","元大-四維",0,50,-50
"10648","2841台開","110/07/06","永豐金-敦南",50,0,50
"10649","2841台開","110/07/06","台新-新營",0,30,-30
"10650","2841台開","110/07/06","元大-台中",45,0,45
"10651","2841台開","110/07/06","群益金鼎-桃園",0,21,-21
"10652","2841台開","110/07/06","凱基-文心",43,0,43
"10653","2841台開","110/07/06","台中銀-員林",0,20,-20
"10654","2841台開","110/07/06","永豐金-潮州",30,0,30
"10655","2841台開","110/07/06","群益金鼎-延平",0,15,-15
"10656","2841台開","110/07/06","第一金-自由",25,0,25
"10657","2841台開","110/07/06","元大-三重",0,13,-13
"10658","2841台開","110/07/06","美商高盛",17,0,17
"10659","2841台開","110/07/06","元富-古亭",0,10,-10
"10660","2841台開","110/07/06","大昌-安康",39,22,17
"10661","2841台開","110/07/06","群益金鼎-北高雄",0,10,-10
"10662","2841台開","110/07/06","台中銀",15,0,15
"10663","2841台開","110/07/06","華南永昌-南京",0,10,-10
"10664","2841台開","110/07/06","玉山-嘉義",15,0,15
"10665","2841台開","110/07/06","富邦-花蓮",0,10,-10
"10666","2841台開","110/07/06","新光",11,0,11
"10667","2841台開","110/07/06","富邦-高雄",0,10,-10
"10668","2841台開","110/07/06","兆豐-永和",10,0,10
"10669","2841台開","110/07/06","元大-竹山",0,10,-10
"10670","2841台開","110/07/06","康和-內湖",10,0,10
"10671","2841台開","110/07/06","元大-屏東",0,10,-10
"10672","6207雷科","110/07/06","新光",45,4,41
"10673","6207雷科","110/07/06","凱基-高美館",1,104,-103
"10674","6207雷科","110/07/06","統一-基隆",30,0,30
"10675","6207雷科","110/07/06","摩根大通",11,45,-34
"10676","6207雷科","110/07/06","康和-南崁",13,0,13
"10677","6207雷科","110/07/06","群益金鼎-新竹",0,22,-22
"10678","6207雷科","110/07/06","宏遠-台南",10,0,10
"10679","6207雷科","110/07/06","港商野村",2,23,-21
"10680","6207雷科","110/07/06","國票-和平",10,0,10
"10681","6207雷科","110/07/06","凱基-台北",0,14,-14
"10682","6207雷科","110/07/06","永豐金-天母",10,0,10
"10683","6207雷科","110/07/06","台新-三民",0,12,-12
"10684","6207雷科","110/07/06","台新證券",10,1,9
"10685","6207雷科","110/07/06","群益金鼎-開元",1,11,-10
"10686","6207雷科","110/07/06","群益金鼎-士林",8,0,8
"10687","6207雷科","110/07/06","富邦-南屯",0,8,-8
"10688","6207雷科","110/07/06","群益金鼎-瑞豐",7,0,7
"10689","6207雷科","110/07/06","元大-善化",0,8,-8
"10690","6207雷科","110/07/06","元大-四維",7,0,7
"10691","6207雷科","110/07/06","日盛-頭份",0,5,-5
"10692","6207雷科","110/07/06","國票-中和",6,0,6
"10693","6207雷科","110/07/06","第一金-高雄",0,5,-5
"10694","6207雷科","110/07/06","台新-中壢",6,0,6
"10695","6207雷科","110/07/06","凱基-八德",0,5,-5
"10696","6207雷科","110/07/06","凱基-高雄",6,0,6
"10697","6207雷科","110/07/06","凱基-頭份",0,5,-5
"10698","6207雷科","110/07/06","富邦-彰化",6,0,6
"10699","6207雷科","110/07/06","合庫-新竹",0,4,-4
"10700","6207雷科","110/07/06","凱基-大安",5,0,5
"10701","6207雷科","110/07/06","新光-高雄",0,4,-4
"10702","3679新至陞","110/07/06","凱基",11,0,11
"10703","3679新至陞","110/07/06","摩根大通",0,22,-22
"10704","3679新至陞","110/07/06","台中銀-員林",11,1,10
"10705","3679新至陞","110/07/06","凱基-台北",6,21,-15
"10706","3679新至陞","110/07/06","安泰-大發",10,0,10
"10707","3679新至陞","110/07/06","瑞士信貸",0,13,-13
"10708","3679新至陞","110/07/06","香港上海匯豐",8,0,8
"10709","3679新至陞","110/07/06","富邦-苗栗",0,10,-10
"10710","3679新至陞","110/07/06","永豐金證券",8,2,6
"10711","3679新至陞","110/07/06","元大-永春",0,6,-6
"10712","3679新至陞","110/07/06","第一金-高雄",5,0,5
"10713","3679新至陞","110/07/06","凱基-興隆",0,5,-5
"10714","3679新至陞","110/07/06","群益金鼎-高盛",3,0,3
"10715","3679新至陞","110/07/06","國泰-桃園",0,3,-3
"10716","3679新至陞","110/07/06","元大-嘉義",3,0,3
"10717","3679新至陞","110/07/06","元大-萬華",2,5,-3
"10718","3679新至陞","110/07/06","臺銀-高雄",2,0,2
"10719","3679新至陞","110/07/06","美林",0,2,-2
"10720","3679新至陞","110/07/06","日盛-復興",2,0,2
"10721","3679新至陞","110/07/06","第一金-華江",0,2,-2
"10722","3679新至陞","110/07/06","日盛-樹林",4,2,2
"10723","3679新至陞","110/07/06","新光-台中",0,2,-2
"10724","3679新至陞","110/07/06","宏遠-館前",2,0,2
"10725","3679新至陞","110/07/06","華南永昌-民權",0,2,-2
"10726","3679新至陞","110/07/06","台新證券",2,0,2
"10727","3679新至陞","110/07/06","元大-板橋",0,2,-2
"10728","3679新至陞","110/07/06","康和-板橋",2,0,2
"10729","3679新至陞","110/07/06","日盛-板橋中山",0,1,-1
"10730","3679新至陞","110/07/06","群益金鼎-台南",2,0,2
"10731","3679新至陞","110/07/06","宏遠證券",0,1,-1
"10732","2727王品","110/07/06","元大證券",1033,729,304
"10733","2727王品","110/07/06","台灣摩根士丹利",35,184,-149
"10734","2727王品","110/07/06","富邦-台北",332,46,286
"10735","2727王品","110/07/06","元大-北屯",11,79,-68
"10736","2727王品","110/07/06","統一",252,43,209
"10737","2727王品","110/07/06","元富-敦南",4,70,-66
"10738","2727王品","110/07/06","永豐金-松山",147,14,133
"10739","2727王品","110/07/06","元大-基隆孝二",11,75,-64
"10740","2727王品","110/07/06","富邦-嘉義",301,198,103
"10741","2727王品","110/07/06","臺銀-臺南",9,69,-60
"10742","2727王品","110/07/06","新加坡商瑞銀",128,34,94
"10743","2727王品","110/07/06","中國信託-忠孝",5,48,-43
"10744","2727王品","110/07/06","元富-台南",97,6,91
"10745","2727王品","110/07/06","永豐金-市政",5,46,-41
"10746","2727王品","110/07/06","台新證券",169,105,64
"10747","2727王品","110/07/06","彰銀-台中",19,56,-37
"10748","2727王品","110/07/06","美林",115,58,57
"10749","2727王品","110/07/06","玉山證券",30,67,-37
"10750","2727王品","110/07/06","華南永昌",75,23,52
"10751","2727王品","110/07/06","凱基-埔墘",4,41,-37
"10752","2727王品","110/07/06","凱基-台北",445,398,47
"10753","2727王品","110/07/06","永豐金-大園",3,40,-37
"10754","2727王品","110/07/06","凱基-大直",48,7,41
"10755","2727王品","110/07/06","元富",2,37,-35
"10756","2727王品","110/07/06","凱基-林口",45,4,41
"10757","2727王品","110/07/06","富邦-仁愛",32,64,-32
"10758","2727王品","110/07/06","德信",40,1,39
"10759","2727王品","110/07/06","玉山-板橋",52,82,-30
"10760","2727王品","110/07/06","第一金",42,5,37
"10761","2727王品","110/07/06","中國信託-文心",10,39,-29
"10762","1570力肯","110/07/06","香港上海匯豐",47,0,47
"10763","1570力肯","110/07/06","新光",2,107,-105
"10764","1570力肯","110/07/06","元大-高雄",55,16,39
"10765","1570力肯","110/07/06","摩根大通",11,58,-47
"10766","1570力肯","110/07/06","元富-緯城",37,0,37
"10767","1570力肯","110/07/06","高橋",4,50,-46
"10768","1570力肯","110/07/06","台新-台南",16,0,16
"10769","1570力肯","110/07/06","合庫-桃園",0,20,-20
"10770","1570力肯","110/07/06","元大-新竹經國",14,0,14
"10771","1570力肯","110/07/06","永豐金-板盛",0,18,-18
"10772","1570力肯","110/07/06","富邦-左營",12,0,12
"10773","1570力肯","110/07/06","華南永昌-公誠",0,9,-9
"10774","1570力肯","110/07/06","國票-中正",12,2,10
"10775","1570力肯","110/07/06","凱基-台北",1,9,-8
"10776","1570力肯","110/07/06","國票-博愛",10,0,10
"10777","1570力肯","110/07/06","臺銀-臺中",0,6,-6
"10778","1570力肯","110/07/06","統一-敦南",12,5,7
"10779","1570力肯","110/07/06","台新-三民",0,5,-5
"10780","1570力肯","110/07/06","群益金鼎-三重",7,0,7
"10781","1570力肯","110/07/06","華南永昌-麻豆",0,5,-5
"10782","1570力肯","110/07/06","臺銀-臺南",6,0,6
"10783","1570力肯","110/07/06","合庫-台南",0,4,-4
"10784","1570力肯","110/07/06","大慶-蘆洲",6,0,6
"10785","1570力肯","110/07/06","統一-員林",0,4,-4
"10786","1570力肯","110/07/06","元富-新店",6,0,6
"10787","1570力肯","110/07/06","康和-澎湖",0,4,-4
"10788","1570力肯","110/07/06","玉山-雙和",7,1,6
"10789","1570力肯","110/07/06","華南永昌-斗六",0,4,-4
"10790","1570力肯","110/07/06","永豐金-敦南",9,3,6
"10791","1570力肯","110/07/06","元大-和平",0,4,-4
"10792","6180橘子","110/07/06","凱基-台北",72,12,60
"10793","6180橘子","110/07/06","臺銀-金山",5,105,-100
"10794","6180橘子","110/07/06","美林",29,0,29
"10795","6180橘子","110/07/06","元大-台中",0,100,-100
"10796","6180橘子","110/07/06","合庫-自強",21,0,21
"10797","6180橘子","110/07/06","康和-台南",3,50,-47
"10798","6180橘子","110/07/06","凱基-三峽",17,0,17
"10799","6180橘子","110/07/06","元大-中和",0,35,-35
"10800","6180橘子","110/07/06","富邦-虎尾",15,1,14
"10801","6180橘子","110/07/06","中國信託-忠孝",0,16,-16
"10802","6180橘子","110/07/06","元富-潮州",13,0,13
"10803","6180橘子","110/07/06","玉山-高雄",0,12,-12
"10804","6180橘子","110/07/06","中國信託-永康",13,0,13
"10805","6180橘子","110/07/06","港商野村",0,11,-11
"10806","6180橘子","110/07/06","元大-草屯",18,5,13
"10807","6180橘子","110/07/06","群益金鼎-松山",0,11,-11
"10808","6180橘子","110/07/06","臺銀",11,0,11
"10809","6180橘子","110/07/06","永豐金-豐原",0,11,-11
"10810","6180橘子","110/07/06","新光",15,4,11
"10811","6180橘子","110/07/06","元富-嘉義",5,15,-10
"10812","6180橘子","110/07/06","元大-竹東",11,0,11
"10813","6180橘子","110/07/06","玉山-士林",0,10,-10
"10814","6180橘子","110/07/06","宏遠-台中",10,0,10
"10815","6180橘子","110/07/06","凱基-北門",0,10,-10
"10816","6180橘子","110/07/06","第一金-台南",10,0,10
"10817","6180橘子","110/07/06","第一金-忠孝",0,9,-9
"10818","6180橘子","110/07/06","國泰-敦南",10,0,10
"10819","6180橘子","110/07/06","統一-基隆",0,9,-9
"10820","6180橘子","110/07/06","富邦-嘉義",10,0,10
"10821","6180橘子","110/07/06","安泰-大發",1,10,-9
"10822","2390云辰","110/07/06","元大-天母",975,276,699
"10823","2390云辰","110/07/06","台灣摩根士丹利",3,265,-262
"10824","2390云辰","110/07/06","摩根大通",688,312,376
"10825","2390云辰","110/07/06","群益金鼎-海山",3,166,-163
"10826","2390云辰","110/07/06","國泰-忠孝",164,3,161
"10827","2390云辰","110/07/06","國泰-敦南",188,339,-151
"10828","2390云辰","110/07/06","富邦-北港",140,7,133
"10829","2390云辰","110/07/06","元大-土城學府",12,119,-107
"10830","2390云辰","110/07/06","聯邦商銀",151,22,129
"10831","2390云辰","110/07/06","永豐金-高雄",4,103,-99
"10832","2390云辰","110/07/06","中國信託-文心",143,17,126
"10833","2390云辰","110/07/06","土銀-士林",0,94,-94
"10834","2390云辰","110/07/06","永豐金-中正",133,7,126
"10835","2390云辰","110/07/06","元大-佳里",11,91,-80
"10836","2390云辰","110/07/06","群益金鼎-大興",178,76,102
"10837","2390云辰","110/07/06","玉山-台中",10,86,-76
"10838","2390云辰","110/07/06","元富-中港",103,3,100
"10839","2390云辰","110/07/06","新光",251,324,-73
"10840","2390云辰","110/07/06","統一-新台中",104,12,92
"10841","2390云辰","110/07/06","富邦-敦南",29,101,-72
"10842","2390云辰","110/07/06","新加坡商瑞銀",211,120,91
"10843","2390云辰","110/07/06","兆豐-台中",0,58,-58
"10844","2390云辰","110/07/06","兆豐-忠孝",100,11,89
"10845","2390云辰","110/07/06","日盛證券",16,73,-57
"10846","2390云辰","110/07/06","凱基-林口",87,9,78
"10847","2390云辰","110/07/06","元大-東泰",5,61,-56
"10848","2390云辰","110/07/06","元富-西松",72,4,68
"10849","2390云辰","110/07/06","台新證券",136,190,-54
"10850","2390云辰","110/07/06","台新-左楠",66,9,57
"10851","2390云辰","110/07/06","元大-六合",10,63,-53
